time,open_bid,high_bid,low_bid,close_bid,open_ask,high_ask,low_ask,close_ask,volume
2026-01-02 06:02:00,3.5018,3.5038,3.5003,3.5018,3.5068,3.5088,3.5053,3.5068,14
2026-01-02 06:03:00,3.4998,3.4998,3.4933,3.4948,3.5048,3.5048,3.4983,3.4998,17
2026-01-02 06:04:00,3.4933,3.4958,3.4918,3.4953,3.4983,3.5008,3.4968,3.5003,7
2026-01-02 06:05:00,3.4948,3.4953,3.4948,3.4948,3.4998,3.5003,3.4998,3.4998,3
2026-01-02 06:06:00,3.4938,3.4938,3.4928,3.4933,3.4988,3.4988,3.4978,3.4983,3
2026-01-02 06:07:00,3.4928,3.4978,3.4928,3.4978,3.4978,3.5028,3.4978,3.5028,8
2026-01-02 06:08:00,3.4973,3.4973,3.4948,3.4953,3.5023,3.5023,3.4998,3.5003,6
2026-01-02 06:09:00,3.4948,3.4963,3.4938,3.4953,3.4998,3.5013,3.4988,3.5003,8
2026-01-02 06:10:00,3.4958,3.4963,3.4928,3.4938,3.5008,3.5013,3.4978,3.4988,8
2026-01-02 06:11:00,3.4928,3.4948,3.4908,3.4908,3.4978,3.4998,3.4958,3.4958,15
2026-01-02 06:12:00,3.4898,3.4898,3.4868,3.4873,3.4948,3.4948,3.4918,3.4923,16
2026-01-02 06:13:00,3.4878,3.4888,3.4878,3.4883,3.4928,3.4938,3.4928,3.4933,3
2026-01-02 06:14:00,3.4873,3.4918,3.4853,3.4918,3.4923,3.4968,3.4903,3.4968,13
2026-01-02 06:15:00,3.4928,3.4928,3.4893,3.4898,3.4978,3.4978,3.4943,3.4948,7
2026-01-02 06:16:00,3.4903,3.4988,3.4903,3.4983,3.4953,3.5038,3.4953,3.5033,15
2026-01-02 06:17:00,3.4978,3.4983,3.4958,3.4968,3.5028,3.5033,3.5008,3.5018,10
2026-01-02 06:18:00,3.4963,3.4973,3.4958,3.4958,3.5013,3.5023,3.5008,3.5008,4
2026-01-02 06:19:00,3.4953,3.4968,3.4948,3.4963,3.5003,3.5018,3.4998,3.5013,5
2026-01-02 06:20:00,3.4968,3.4973,3.4968,3.4973,3.5018,3.5023,3.5018,3.5023,2
2026-01-02 06:21:00,3.4958,3.4968,3.4948,3.4953,3.5008,3.5018,3.4998,3.5003,6
2026-01-02 06:22:00,3.4958,3.4958,3.4928,3.4928,3.5008,3.5008,3.4978,3.4978,8
2026-01-02 06:23:00,3.4918,3.4958,3.4918,3.4953,3.4968,3.5008,3.4968,3.5003,5
2026-01-02 06:24:00,3.4933,3.4938,3.4923,3.4928,3.4983,3.4988,3.4973,3.4978,6
2026-01-02 06:25:00,3.4938,3.4943,3.4938,3.4943,3.4988,3.4993,3.4988,3.4993,2
2026-01-02 06:26:00,3.4948,3.4948,3.4933,3.4943,3.4998,3.4998,3.4983,3.4993,6
2026-01-02 06:27:00,3.4938,3.4948,3.4938,3.4938,3.4988,3.4998,3.4988,3.4988,5
2026-01-02 06:28:00,3.4928,3.4928,3.4838,3.4853,3.4978,3.4978,3.4888,3.4903,15
2026-01-02 06:29:00,3.4848,3.4853,3.4838,3.4843,3.4898,3.4903,3.4888,3.4893,6
2026-01-02 06:30:00,3.4838,3.4838,3.4798,3.4798,3.4888,3.4888,3.4848,3.4848,8
2026-01-02 06:31:00,3.4808,3.4838,3.4808,3.4838,3.4858,3.4888,3.4858,3.4888,10
2026-01-02 06:32:00,3.4843,3.4868,3.4843,3.4863,3.4893,3.4918,3.4893,3.4913,7
2026-01-02 06:33:00,3.4868,3.4878,3.4833,3.4863,3.4918,3.4928,3.4883,3.4913,10
2026-01-02 06:35:00,3.4868,3.4873,3.4868,3.4868,3.4918,3.4923,3.4918,3.4918,5
2026-01-02 06:36:00,3.4863,3.4873,3.4858,3.4858,3.4913,3.4923,3.4908,3.4908,5
2026-01-02 06:37:00,3.4853,3.4853,3.4833,3.4833,3.4903,3.4903,3.4883,3.4883,6
2026-01-02 06:38:00,3.4838,3.4858,3.4833,3.4848,3.4888,3.4908,3.4883,3.4898,6
2026-01-02 06:39:00,3.4858,3.4893,3.4858,3.4873,3.4908,3.4943,3.4908,3.4923,10
2026-01-02 06:40:00,3.4888,3.4888,3.4868,3.4868,3.4938,3.4938,3.4918,3.4918,3
2026-01-02 06:41:00,3.4863,3.4863,3.4858,3.4858,3.4913,3.4913,3.4908,3.4908,2
2026-01-02 06:42:00,3.4863,3.4863,3.4863,3.4863,3.4913,3.4913,3.4913,3.4913,1
2026-01-02 06:43:00,3.4873,3.4873,3.4873,3.4873,3.4923,3.4923,3.4923,3.4923,1
2026-01-02 06:44:00,3.4878,3.4898,3.4878,3.4878,3.4928,3.4948,3.4928,3.4928,5
2026-01-02 06:45:00,3.4868,3.4898,3.4868,3.4898,3.4918,3.4948,3.4918,3.4948,3
2026-01-02 06:46:00,3.4878,3.4878,3.4863,3.4863,3.4928,3.4928,3.4913,3.4913,5
2026-01-02 06:47:00,3.4868,3.4878,3.4843,3.4848,3.4918,3.4928,3.4893,3.4898,9
2026-01-02 06:48:00,3.4853,3.4853,3.4828,3.4853,3.4903,3.4903,3.4878,3.4903,8
2026-01-02 06:49:00,3.4858,3.4858,3.4843,3.4843,3.4908,3.4908,3.4893,3.4893,2
2026-01-02 06:50:00,3.4848,3.4858,3.4848,3.4858,3.4898,3.4908,3.4898,3.4908,4
2026-01-02 06:51:00,3.4868,3.4913,3.4868,3.4913,3.4918,3.4963,3.4918,3.4963,8
2026-01-02 06:52:00,3.4923,3.4998,3.4923,3.4973,3.4973,3.5048,3.4973,3.5023,24
2026-01-02 06:53:00,3.4963,3.4983,3.4958,3.4983,3.5013,3.5033,3.5008,3.5033,5
2026-01-02 06:54:00,3.4978,3.4988,3.4973,3.4988,3.5028,3.5038,3.5023,3.5038,5
2026-01-02 06:55:00,3.4993,3.4998,3.4958,3.4973,3.5043,3.5048,3.5008,3.5023,10
2026-01-02 06:56:00,3.4968,3.4988,3.4968,3.4988,3.5018,3.5038,3.5018,3.5038,4
2026-01-02 06:57:00,3.4978,3.4978,3.4958,3.4978,3.5028,3.5028,3.5008,3.5028,6
2026-01-02 06:58:00,3.4973,3.4973,3.4953,3.4958,3.5023,3.5023,3.5003,3.5008,12
2026-01-02 06:59:00,3.4963,3.4963,3.4913,3.4928,3.5013,3.5013,3.4963,3.4978,12
2026-01-02 07:00:00,3.4933,3.4933,3.4898,3.4903,3.4983,3.4983,3.4948,3.4953,7
2026-01-02 07:01:00,3.4898,3.4908,3.4888,3.4908,3.4948,3.4958,3.4938,3.4958,9
2026-01-02 07:02:00,3.4913,3.4938,3.4913,3.4938,3.4963,3.4988,3.4963,3.4988,8
2026-01-02 07:03:00,3.4933,3.4938,3.4888,3.4903,3.4983,3.4988,3.4938,3.4953,12
2026-01-02 07:04:00,3.4893,3.4893,3.4868,3.4873,3.4943,3.4943,3.4918,3.4923,7
2026-01-02 07:05:00,3.4883,3.4908,3.4883,3.4893,3.4933,3.4958,3.4933,3.4943,5
2026-01-02 07:06:00,3.4898,3.4898,3.4888,3.4888,3.4948,3.4948,3.4938,3.4938,3
2026-01-02 07:07:00,3.4893,3.4898,3.4893,3.4893,3.4943,3.4948,3.4943,3.4943,3
2026-01-02 07:08:00,3.4878,3.4923,3.4868,3.4908,3.4928,3.4973,3.4918,3.4958,17
2026-01-02 07:09:00,3.4913,3.5118,3.4913,3.5088,3.4963,3.5168,3.4963,3.5138,28
2026-01-02 07:10:00,3.5083,3.5113,3.5078,3.5088,3.5133,3.5163,3.5128,3.5138,10
2026-01-02 07:11:00,3.5093,3.5108,3.5078,3.5103,3.5143,3.5158,3.5128,3.5153,10
2026-01-02 07:12:00,3.5108,3.5118,3.5098,3.5108,3.5158,3.5168,3.5148,3.5158,8
2026-01-02 07:13:00,3.5103,3.5143,3.5083,3.5138,3.5153,3.5193,3.5133,3.5188,11
2026-01-02 07:14:00,3.5153,3.5213,3.5048,3.5048,3.5203,3.5263,3.5098,3.5098,28
2026-01-02 07:15:00,3.5053,3.5058,3.5038,3.5053,3.5103,3.5108,3.5088,3.5103,10
2026-01-02 07:16:00,3.5048,3.5103,3.5038,3.5103,3.5098,3.5153,3.5088,3.5153,16
2026-01-02 07:17:00,3.5098,3.5098,3.5043,3.5053,3.5148,3.5148,3.5093,3.5103,11
2026-01-02 07:18:00,3.5058,3.5103,3.5043,3.5043,3.5108,3.5153,3.5093,3.5093,11
2026-01-02 07:19:00,3.5033,3.5033,3.4883,3.4963,3.5083,3.5083,3.4933,3.5013,50
2026-01-02 07:20:00,3.4973,3.4998,3.4963,3.4973,3.5023,3.5048,3.5013,3.5023,13
2026-01-02 07:21:00,3.4978,3.4998,3.4978,3.4993,3.5028,3.5048,3.5028,3.5043,5
2026-01-02 07:22:00,3.4988,3.4993,3.4943,3.4943,3.5038,3.5043,3.4993,3.4993,11
2026-01-02 07:23:00,3.4923,3.4958,3.4923,3.4953,3.4973,3.5008,3.4973,3.5003,6
2026-01-02 07:24:00,3.4943,3.4948,3.4943,3.4948,3.4993,3.4998,3.4993,3.4998,2
2026-01-02 07:25:00,3.4943,3.4963,3.4943,3.4963,3.4993,3.5013,3.4993,3.5013,5
2026-01-02 07:26:00,3.4953,3.4968,3.4933,3.4968,3.5003,3.5018,3.4983,3.5018,10
2026-01-02 07:27:00,3.4973,3.4983,3.4973,3.4983,3.5023,3.5033,3.5023,3.5033,2
2026-01-02 07:28:00,3.4973,3.4973,3.4948,3.4953,3.5023,3.5023,3.4998,3.5003,6
2026-01-02 07:29:00,3.4958,3.4958,3.4958,3.4958,3.5008,3.5008,3.5008,3.5008,1
2026-01-02 07:30:00,3.4963,3.4998,3.4943,3.4948,3.5013,3.5048,3.4993,3.4998,18
2026-01-02 07:31:00,3.4938,3.4938,3.4888,3.4888,3.4988,3.4988,3.4938,3.4938,14
2026-01-02 07:32:00,3.4893,3.4908,3.4893,3.4893,3.4943,3.4958,3.4943,3.4943,5
2026-01-02 07:33:00,3.4878,3.4878,3.4798,3.4838,3.4928,3.4928,3.4848,3.4888,15
2026-01-02 07:34:00,3.4848,3.4853,3.4768,3.4788,3.4898,3.4903,3.4818,3.4838,24
2026-01-02 07:35:00,3.4778,3.4798,3.4768,3.4778,3.4828,3.4848,3.4818,3.4828,6
2026-01-02 07:36:00,3.4773,3.4793,3.4728,3.4728,3.4823,3.4843,3.4778,3.4778,11
2026-01-02 07:37:00,3.4723,3.4743,3.4708,3.4723,3.4773,3.4793,3.4758,3.4773,9
2026-01-02 07:38:00,3.4728,3.4733,3.4708,3.4728,3.4778,3.4783,3.4758,3.4778,8
2026-01-02 07:39:00,3.4733,3.4748,3.4718,3.4743,3.4783,3.4798,3.4768,3.4793,12
2026-01-02 07:40:00,3.4748,3.4748,3.4748,3.4748,3.4798,3.4798,3.4798,3.4798,1
2026-01-02 07:41:00,3.4743,3.4743,3.4678,3.4688,3.4793,3.4793,3.4728,3.4738,10
2026-01-02 07:42:00,3.4683,3.4723,3.4668,3.4713,3.4733,3.4773,3.4718,3.4763,12
2026-01-02 07:43:00,3.4718,3.4718,3.4678,3.4678,3.4768,3.4768,3.4728,3.4728,5
2026-01-02 07:44:00,3.4688,3.4688,3.4668,3.4683,3.4738,3.4738,3.4718,3.4733,14
2026-01-02 07:45:00,3.4693,3.4708,3.4693,3.4703,3.4743,3.4758,3.4743,3.4753,4
2026-01-02 07:46:00,3.4713,3.4728,3.4713,3.4728,3.4763,3.4778,3.4763,3.4778,3
2026-01-02 07:47:00,3.4718,3.4728,3.4718,3.4728,3.4768,3.4778,3.4768,3.4778,3
2026-01-02 07:48:00,3.4723,3.4728,3.4713,3.4728,3.4773,3.4778,3.4763,3.4778,4
2026-01-02 07:49:00,3.4723,3.4723,3.4713,3.4713,3.4773,3.4773,3.4763,3.4763,2
2026-01-02 07:50:00,3.4708,3.4723,3.4708,3.4718,3.4758,3.4773,3.4758,3.4768,9
2026-01-02 07:51:00,3.4708,3.4728,3.4708,3.4728,3.4758,3.4778,3.4758,3.4778,3
2026-01-02 07:52:00,3.4723,3.4723,3.4713,3.4718,3.4773,3.4773,3.4763,3.4768,4
2026-01-02 07:53:00,3.4723,3.4728,3.4708,3.4708,3.4773,3.4778,3.4758,3.4758,5
2026-01-02 07:54:00,3.4698,3.4698,3.4638,3.4648,3.4748,3.4748,3.4688,3.4698,18
2026-01-02 07:55:00,3.4658,3.4693,3.4653,3.4693,3.4708,3.4743,3.4703,3.4743,5
2026-01-02 07:56:00,3.4688,3.4708,3.4688,3.4708,3.4738,3.4758,3.4738,3.4758,8
2026-01-02 07:57:00,3.4703,3.4703,3.4683,3.4693,3.4753,3.4753,3.4733,3.4743,6
2026-01-02 07:58:00,3.4698,3.4698,3.4698,3.4698,3.4748,3.4748,3.4748,3.4748,1
2026-01-02 07:59:00,3.4703,3.4703,3.4698,3.4698,3.4753,3.4753,3.4748,3.4748,2
2026-01-02 08:00:00,3.4708,3.4758,3.4708,3.4758,3.4758,3.4808,3.4758,3.4808,17
2026-01-02 08:01:00,3.4748,3.4748,3.4723,3.4738,3.4798,3.4798,3.4773,3.4788,7
2026-01-02 08:02:00,3.4723,3.4738,3.4718,3.4723,3.4773,3.4788,3.4768,3.4773,8
2026-01-02 08:03:00,3.4728,3.4748,3.4728,3.4733,3.4778,3.4798,3.4778,3.4783,9
2026-01-02 08:04:00,3.4738,3.4748,3.4723,3.4723,3.4788,3.4798,3.4773,3.4773,7
2026-01-02 08:05:00,3.4718,3.4738,3.4718,3.4723,3.4768,3.4788,3.4768,3.4773,6
2026-01-02 08:06:00,3.4728,3.4728,3.4723,3.4723,3.4778,3.4778,3.4773,3.4773,2
2026-01-02 08:07:00,3.4728,3.4733,3.4688,3.4688,3.4778,3.4783,3.4738,3.4738,8
2026-01-02 08:08:00,3.4668,3.4683,3.4668,3.4678,3.4718,3.4733,3.4718,3.4728,5
2026-01-02 08:09:00,3.4688,3.4693,3.4688,3.4693,3.4738,3.4743,3.4738,3.4743,2
2026-01-02 08:10:00,3.4698,3.4698,3.4688,3.4693,3.4748,3.4748,3.4738,3.4743,4
2026-01-02 08:11:00,3.4678,3.4678,3.4673,3.4673,3.4728,3.4728,3.4723,3.4723,4
2026-01-02 08:12:00,3.4678,3.4678,3.4668,3.4673,3.4728,3.4728,3.4718,3.4723,5
2026-01-02 08:13:00,3.4678,3.4688,3.4678,3.4683,3.4728,3.4738,3.4728,3.4733,3
2026-01-02 08:14:00,3.4663,3.4668,3.4653,3.4653,3.4713,3.4718,3.4703,3.4703,4
2026-01-02 08:15:00,3.4648,3.4648,3.4583,3.4643,3.4698,3.4698,3.4633,3.4693,35
2026-01-02 08:16:00,3.4638,3.4643,3.4623,3.4638,3.4688,3.4693,3.4673,3.4688,10
2026-01-02 08:17:00,3.4633,3.4643,3.4633,3.4643,3.4683,3.4693,3.4683,3.4693,3
2026-01-02 08:18:00,3.4638,3.4638,3.4608,3.4623,3.4688,3.4688,3.4658,3.4673,11
2026-01-02 08:19:00,3.4628,3.4628,3.4613,3.4613,3.4678,3.4678,3.4663,3.4663,4
2026-01-02 08:20:00,3.4608,3.4628,3.4598,3.4628,3.4658,3.4678,3.4648,3.4678,8
2026-01-02 08:21:00,3.4638,3.4638,3.4638,3.4638,3.4688,3.4688,3.4688,3.4688,1
2026-01-02 08:22:00,3.4633,3.4658,3.4633,3.4648,3.4683,3.4708,3.4683,3.4698,8
2026-01-02 08:23:00,3.4643,3.4663,3.4643,3.4663,3.4693,3.4713,3.4693,3.4713,5
2026-01-02 08:24:00,3.4668,3.4688,3.4668,3.4688,3.4718,3.4738,3.4718,3.4738,4
2026-01-02 08:25:00,3.4693,3.4718,3.4678,3.4693,3.4743,3.4768,3.4728,3.4743,13
2026-01-02 08:26:00,3.4688,3.4693,3.4678,3.4693,3.4738,3.4743,3.4728,3.4743,4
2026-01-02 08:27:00,3.4688,3.4688,3.4663,3.4678,3.4738,3.4738,3.4713,3.4728,12
2026-01-02 08:28:00,3.4683,3.4693,3.4668,3.4673,3.4733,3.4743,3.4718,3.4723,8
2026-01-02 08:29:00,3.4678,3.4678,3.4678,3.4678,3.4728,3.4728,3.4728,3.4728,1
2026-01-02 08:30:00,3.4683,3.4683,3.4673,3.4673,3.4733,3.4733,3.4723,3.4723,2
2026-01-02 08:31:00,3.4668,3.4668,3.4633,3.4658,3.4718,3.4718,3.4683,3.4708,12
2026-01-02 08:32:00,3.4663,3.4668,3.4648,3.4648,3.4713,3.4718,3.4698,3.4698,4
2026-01-02 08:33:00,3.4658,3.4658,3.4653,3.4653,3.4708,3.4708,3.4703,3.4703,2
2026-01-02 08:34:00,3.4658,3.4658,3.4638,3.4648,3.4708,3.4708,3.4688,3.4698,6
2026-01-02 08:35:00,3.4643,3.4663,3.4643,3.4648,3.4693,3.4713,3.4693,3.4698,6
2026-01-02 08:36:00,3.4658,3.4663,3.4643,3.4658,3.4708,3.4713,3.4693,3.4708,6
2026-01-02 08:37:00,3.4643,3.4648,3.4628,3.4633,3.4693,3.4698,3.4678,3.4683,11
2026-01-02 08:40:00,3.4643,3.4648,3.4643,3.4643,3.4693,3.4698,3.4693,3.4693,3
2026-01-02 08:41:00,3.4638,3.4698,3.4638,3.4678,3.4688,3.4748,3.4688,3.4728,13
2026-01-02 08:42:00,3.4668,3.4668,3.4653,3.4668,3.4718,3.4718,3.4703,3.4718,6
2026-01-02 08:43:00,3.4663,3.4698,3.4643,3.4698,3.4713,3.4748,3.4693,3.4748,10
2026-01-02 08:44:00,3.4703,3.4758,3.4703,3.4758,3.4753,3.4808,3.4753,3.4808,20
2026-01-02 08:45:00,3.4743,3.4773,3.4728,3.4773,3.4793,3.4823,3.4778,3.4823,14
2026-01-02 08:46:00,3.4768,3.4808,3.4748,3.4788,3.4818,3.4858,3.4798,3.4838,22
2026-01-02 08:47:00,3.4773,3.4773,3.4748,3.4753,3.4823,3.4823,3.4798,3.4803,5
2026-01-02 08:48:00,3.4748,3.4788,3.4743,3.4748,3.4798,3.4838,3.4793,3.4798,16
2026-01-02 08:49:00,3.4728,3.4728,3.4648,3.4663,3.4778,3.4778,3.4698,3.4713,17
2026-01-02 08:50:00,3.4658,3.4658,3.4623,3.4623,3.4708,3.4708,3.4673,3.4673,7
2026-01-02 08:51:00,3.4618,3.4618,3.4573,3.4573,3.4668,3.4668,3.4623,3.4623,16
2026-01-02 08:52:00,3.4578,3.4593,3.4558,3.4583,3.4628,3.4643,3.4608,3.4633,12
2026-01-02 08:53:00,3.4588,3.4588,3.4583,3.4583,3.4638,3.4638,3.4633,3.4633,2
2026-01-02 08:54:00,3.4593,3.4603,3.4578,3.4583,3.4643,3.4653,3.4628,3.4633,9
2026-01-02 08:55:00,3.4578,3.4593,3.4578,3.4593,3.4628,3.4643,3.4628,3.4643,3
2026-01-02 08:56:00,3.4598,3.4598,3.4553,3.4568,3.4648,3.4648,3.4603,3.4618,12
2026-01-02 08:57:00,3.4573,3.4588,3.4568,3.4583,3.4623,3.4638,3.4618,3.4633,7
2026-01-02 08:58:00,3.4578,3.4623,3.4568,3.4618,3.4628,3.4673,3.4618,3.4668,21
2026-01-02 08:59:00,3.4628,3.4688,3.4628,3.4673,3.4678,3.4738,3.4678,3.4723,9
2026-01-02 09:00:00,3.4658,3.4658,3.4648,3.4653,3.4708,3.4708,3.4698,3.4703,10
2026-01-02 09:01:00,3.4648,3.4668,3.4633,3.4648,3.4698,3.4718,3.4683,3.4698,18
2026-01-02 09:02:00,3.4643,3.4643,3.4633,3.4638,3.4693,3.4693,3.4683,3.4688,4
2026-01-02 09:03:00,3.4643,3.4678,3.4643,3.4673,3.4693,3.4728,3.4693,3.4723,7
2026-01-02 09:04:00,3.4663,3.4678,3.4663,3.4673,3.4713,3.4728,3.4713,3.4723,4
2026-01-02 09:05:00,3.4678,3.4678,3.4673,3.4673,3.4728,3.4728,3.4723,3.4723,2
2026-01-02 09:06:00,3.4688,3.4698,3.4683,3.4693,3.4738,3.4748,3.4733,3.4743,6
2026-01-02 09:07:00,3.4688,3.4708,3.4683,3.4698,3.4738,3.4758,3.4733,3.4748,10
2026-01-02 09:08:00,3.4703,3.4738,3.4693,3.4738,3.4753,3.4788,3.4743,3.4788,9
2026-01-02 09:09:00,3.4733,3.4733,3.4733,3.4733,3.4783,3.4783,3.4783,3.4783,1
2026-01-02 09:10:00,3.4738,3.4758,3.4733,3.4748,3.4788,3.4808,3.4783,3.4798,15
2026-01-02 09:11:00,3.4753,3.4753,3.4718,3.4718,3.4803,3.4803,3.4768,3.4768,7
2026-01-02 09:12:00,3.4728,3.4758,3.4728,3.4748,3.4778,3.4808,3.4778,3.4798,11
2026-01-02 09:13:00,3.4743,3.4753,3.4743,3.4743,3.4793,3.4803,3.4793,3.4793,6
2026-01-02 09:14:00,3.4748,3.4768,3.4743,3.4743,3.4798,3.4818,3.4793,3.4793,9
2026-01-02 09:15:00,3.4758,3.4758,3.4728,3.4758,3.4808,3.4808,3.4778,3.4808,15
2026-01-02 09:16:00,3.4768,3.4778,3.4768,3.4768,3.4818,3.4828,3.4818,3.4818,3
2026-01-02 09:17:00,3.4763,3.4808,3.4763,3.4808,3.4813,3.4858,3.4813,3.4858,6
2026-01-02 09:18:00,3.4793,3.4868,3.4793,3.4858,3.4843,3.4918,3.4843,3.4908,20
2026-01-02 09:19:00,3.4853,3.4898,3.4843,3.4888,3.4903,3.4948,3.4893,3.4938,27
2026-01-02 09:20:00,3.4898,3.4918,3.4888,3.4888,3.4948,3.4968,3.4938,3.4938,17
2026-01-02 09:21:00,3.4878,3.4888,3.4878,3.4888,3.4928,3.4938,3.4928,3.4938,2
2026-01-02 09:22:00,3.4898,3.4908,3.4898,3.4903,3.4948,3.4958,3.4948,3.4953,8
2026-01-02 09:23:00,3.4898,3.4928,3.4898,3.4928,3.4948,3.4978,3.4948,3.4978,12
2026-01-02 09:24:00,3.4938,3.4988,3.4938,3.4983,3.4988,3.5038,3.4988,3.5033,12
2026-01-02 09:25:00,3.4978,3.5003,3.4978,3.5003,3.5028,3.5053,3.5028,3.5053,15
2026-01-02 09:26:00,3.5008,3.5038,3.5003,3.5038,3.5058,3.5088,3.5053,3.5088,8
2026-01-02 09:27:00,3.5033,3.5043,3.5018,3.5028,3.5083,3.5093,3.5068,3.5078,17
2026-01-02 09:28:00,3.5033,3.5033,3.5003,3.5028,3.5083,3.5083,3.5053,3.5078,16
2026-01-02 09:29:00,3.5023,3.5028,3.5008,3.5013,3.5073,3.5078,3.5058,3.5063,7
2026-01-02 09:30:00,3.5018,3.5028,3.5008,3.5023,3.5068,3.5078,3.5058,3.5073,10
2026-01-02 09:31:00,3.5018,3.5108,3.5008,3.5078,3.5068,3.5158,3.5058,3.5128,25
2026-01-02 09:32:00,3.5068,3.5078,3.5018,3.5038,3.5118,3.5128,3.5068,3.5088,29
2026-01-02 09:33:00,3.5043,3.5043,3.4968,3.4978,3.5093,3.5093,3.5018,3.5028,23
2026-01-02 09:34:00,3.4968,3.4993,3.4948,3.4963,3.5018,3.5043,3.4998,3.5013,25
2026-01-02 09:35:00,3.4968,3.4998,3.4963,3.4973,3.5018,3.5048,3.5013,3.5023,11
2026-01-02 09:36:00,3.4978,3.4998,3.4978,3.4998,3.5028,3.5048,3.5028,3.5048,11
2026-01-02 09:37:00,3.5008,3.5018,3.4988,3.5013,3.5058,3.5068,3.5038,3.5063,12
2026-01-02 09:38:00,3.5028,3.5078,3.5028,3.5073,3.5078,3.5128,3.5078,3.5123,14
2026-01-02 09:39:00,3.5068,3.5078,3.5068,3.5068,3.5118,3.5128,3.5118,3.5118,8
2026-01-02 09:40:00,3.5078,3.5078,3.5023,3.5028,3.5128,3.5128,3.5073,3.5078,12
2026-01-02 09:41:00,3.5023,3.5033,3.5003,3.5023,3.5073,3.5083,3.5053,3.5073,15
2026-01-02 09:42:00,3.5028,3.5038,3.5008,3.5038,3.5078,3.5088,3.5058,3.5088,15
2026-01-02 09:43:00,3.5048,3.5058,3.5033,3.5033,3.5098,3.5108,3.5083,3.5083,7
2026-01-02 09:44:00,3.5023,3.5048,3.4998,3.4998,3.5073,3.5098,3.5048,3.5048,12
2026-01-02 09:45:00,3.4993,3.5038,3.4993,3.5023,3.5043,3.5088,3.5043,3.5073,13
2026-01-02 09:46:00,3.5028,3.5038,3.5023,3.5033,3.5078,3.5088,3.5073,3.5083,7
2026-01-02 09:47:00,3.5028,3.5043,3.5018,3.5043,3.5078,3.5093,3.5068,3.5093,6
2026-01-02 09:48:00,3.5048,3.5098,3.5043,3.5078,3.5098,3.5148,3.5093,3.5128,16
2026-01-02 09:49:00,3.5068,3.5073,3.5058,3.5073,3.5118,3.5123,3.5108,3.5123,6
2026-01-02 09:50:00,3.5068,3.5068,3.5058,3.5063,3.5118,3.5118,3.5108,3.5113,3
2026-01-02 09:51:00,3.5068,3.5078,3.5058,3.5058,3.5118,3.5128,3.5108,3.5108,8
2026-01-02 09:52:00,3.5048,3.5048,3.5023,3.5033,3.5098,3.5098,3.5073,3.5083,7
2026-01-02 09:53:00,3.5038,3.5048,3.5038,3.5043,3.5088,3.5098,3.5088,3.5093,4
2026-01-02 09:54:00,3.5033,3.5053,3.5033,3.5048,3.5083,3.5103,3.5083,3.5098,5
2026-01-02 09:55:00,3.5043,3.5093,3.5043,3.5053,3.5093,3.5143,3.5093,3.5103,20
2026-01-02 09:56:00,3.5048,3.5048,3.5008,3.5023,3.5098,3.5098,3.5058,3.5073,9
2026-01-02 09:57:00,3.5018,3.5018,3.5003,3.5003,3.5068,3.5068,3.5053,3.5053,3
2026-01-02 09:58:00,3.4998,3.5018,3.4983,3.4998,3.5048,3.5068,3.5033,3.5048,13
2026-01-02 09:59:00,3.5003,3.5008,3.4993,3.5003,3.5053,3.5058,3.5043,3.5053,12
2026-01-02 10:00:00,3.4988,3.5013,3.4968,3.4973,3.5038,3.5063,3.5018,3.5023,23
2026-01-02 10:01:00,3.4963,3.4973,3.4958,3.4973,3.5013,3.5023,3.5008,3.5023,4
2026-01-02 10:02:00,3.4968,3.5003,3.4968,3.5003,3.5018,3.5053,3.5018,3.5053,13
2026-01-02 10:03:00,3.4988,3.4998,3.4978,3.4993,3.5038,3.5048,3.5028,3.5043,5
2026-01-02 10:04:00,3.4988,3.5043,3.4968,3.5043,3.5038,3.5093,3.5018,3.5093,24
2026-01-02 10:05:00,3.5033,3.5058,3.4993,3.4993,3.5083,3.5108,3.5043,3.5043,16
2026-01-02 10:06:00,3.4983,3.4983,3.4963,3.4973,3.5033,3.5033,3.5013,3.5023,10
2026-01-02 10:07:00,3.4963,3.4968,3.4958,3.4963,3.5013,3.5018,3.5008,3.5013,6
2026-01-02 10:08:00,3.4953,3.4978,3.4953,3.4968,3.5003,3.5028,3.5003,3.5018,4
2026-01-02 10:09:00,3.4958,3.4978,3.4953,3.4978,3.5008,3.5028,3.5003,3.5028,7
2026-01-02 10:10:00,3.4973,3.4978,3.4938,3.4963,3.5023,3.5028,3.4988,3.5013,17
2026-01-02 10:11:00,3.4973,3.4988,3.4973,3.4983,3.5023,3.5038,3.5023,3.5033,9
2026-01-02 10:12:00,3.4978,3.4978,3.4968,3.4968,3.5028,3.5028,3.5018,3.5018,3
2026-01-02 10:13:00,3.4973,3.4978,3.4968,3.4973,3.5023,3.5028,3.5018,3.5023,4
2026-01-02 10:14:00,3.4978,3.4978,3.4963,3.4963,3.5028,3.5028,3.5013,3.5013,5
2026-01-02 10:15:00,3.4968,3.4968,3.4938,3.4948,3.5018,3.5018,3.4988,3.4998,9
2026-01-02 10:16:00,3.4943,3.4948,3.4928,3.4938,3.4993,3.4998,3.4978,3.4988,7
2026-01-02 10:17:00,3.4933,3.4948,3.4898,3.4943,3.4983,3.4998,3.4948,3.4993,18
2026-01-02 10:18:00,3.4933,3.4978,3.4933,3.4978,3.4983,3.5028,3.4983,3.5028,6
2026-01-02 10:19:00,3.4968,3.4978,3.4948,3.4963,3.5018,3.5028,3.4998,3.5013,13
2026-01-02 10:20:00,3.4968,3.4998,3.4968,3.4983,3.5018,3.5048,3.5018,3.5033,9
2026-01-02 10:21:00,3.4973,3.4998,3.4973,3.4993,3.5023,3.5048,3.5023,3.5043,8
2026-01-02 10:22:00,3.4988,3.5013,3.4988,3.5003,3.5038,3.5063,3.5038,3.5053,8
2026-01-02 10:23:00,3.5013,3.5058,3.5008,3.5008,3.5063,3.5108,3.5058,3.5058,13
2026-01-02 10:24:00,3.5013,3.5033,3.5013,3.5018,3.5063,3.5083,3.5063,3.5068,6
2026-01-02 10:25:00,3.5013,3.5018,3.5008,3.5013,3.5063,3.5068,3.5058,3.5063,4
2026-01-02 10:26:00,3.5008,3.5008,3.5008,3.5008,3.5058,3.5058,3.5058,3.5058,1
2026-01-02 10:28:00,3.5018,3.5048,3.5018,3.5028,3.5068,3.5098,3.5068,3.5078,13
2026-01-02 10:29:00,3.5038,3.5038,3.4988,3.4988,3.5088,3.5088,3.5038,3.5038,12
2026-01-02 10:30:00,3.4983,3.4983,3.4938,3.4963,3.5033,3.5033,3.4988,3.5013,20
2026-01-02 10:31:00,3.4968,3.4968,3.4928,3.4938,3.5018,3.5018,3.4978,3.4988,20
2026-01-02 10:32:00,3.4928,3.4998,3.4928,3.4978,3.4978,3.5048,3.4978,3.5028,26
2026-01-02 10:33:00,3.4983,3.5028,3.4983,3.5023,3.5033,3.5078,3.5033,3.5073,11
2026-01-02 10:34:00,3.5018,3.5028,3.5013,3.5023,3.5068,3.5078,3.5063,3.5073,5
2026-01-02 10:35:00,3.5018,3.5018,3.4973,3.4973,3.5068,3.5068,3.5023,3.5023,7
2026-01-02 10:36:00,3.4968,3.4968,3.4948,3.4948,3.5018,3.5018,3.4998,3.4998,6
2026-01-02 10:37:00,3.4943,3.4953,3.4943,3.4948,3.4993,3.5003,3.4993,3.4998,4
2026-01-02 10:38:00,3.4953,3.4953,3.4943,3.4943,3.5003,3.5003,3.4993,3.4993,2
2026-01-02 10:39:00,3.4948,3.4998,3.4943,3.4983,3.4998,3.5048,3.4993,3.5033,14
2026-01-02 10:40:00,3.4988,3.5008,3.4988,3.4988,3.5038,3.5058,3.5038,3.5038,9
2026-01-02 10:41:00,3.4983,3.4983,3.4978,3.4983,3.5033,3.5033,3.5028,3.5033,3
2026-01-02 10:42:00,3.4973,3.4973,3.4958,3.4958,3.5023,3.5023,3.5008,3.5008,3
2026-01-02 10:43:00,3.4953,3.4963,3.4953,3.4963,3.5003,3.5013,3.5003,3.5013,4
2026-01-02 10:44:00,3.4973,3.4998,3.4973,3.4973,3.5023,3.5048,3.5023,3.5023,11
2026-01-02 10:45:00,3.4978,3.4983,3.4948,3.4958,3.5028,3.5033,3.4998,3.5008,10
2026-01-02 10:46:00,3.4953,3.4953,3.4943,3.4943,3.5003,3.5003,3.4993,3.4993,3
2026-01-02 10:47:00,3.4948,3.4948,3.4938,3.4938,3.4998,3.4998,3.4988,3.4988,3
2026-01-02 10:48:00,3.4948,3.4948,3.4938,3.4938,3.4998,3.4998,3.4988,3.4988,3
2026-01-02 10:49:00,3.4943,3.4948,3.4943,3.4948,3.4993,3.4998,3.4993,3.4998,2
2026-01-02 10:50:00,3.4938,3.4948,3.4938,3.4938,3.4988,3.4998,3.4988,3.4988,10
2026-01-02 10:51:00,3.4928,3.4948,3.4923,3.4923,3.4978,3.4998,3.4973,3.4973,9
2026-01-02 10:52:00,3.4918,3.4928,3.4918,3.4928,3.4968,3.4978,3.4968,3.4978,2
2026-01-02 10:53:00,3.4923,3.4928,3.4923,3.4923,3.4973,3.4978,3.4973,3.4973,3
2026-01-02 10:54:00,3.4928,3.4938,3.4913,3.4913,3.4978,3.4988,3.4963,3.4963,8
2026-01-02 10:55:00,3.4918,3.4968,3.4898,3.4938,3.4968,3.5018,3.4948,3.4988,21
2026-01-02 10:56:00,3.4948,3.4963,3.4948,3.4958,3.4998,3.5013,3.4998,3.5008,5
2026-01-02 10:57:00,3.4963,3.4968,3.4958,3.4958,3.5013,3.5018,3.5008,3.5008,3
2026-01-02 10:59:00,3.4968,3.4968,3.4938,3.4938,3.5018,3.5018,3.4988,3.4988,7
2026-01-02 11:00:00,3.4943,3.4993,3.4943,3.4993,3.4993,3.5043,3.4993,3.5043,12
2026-01-02 11:01:00,3.4998,3.5018,3.4993,3.4998,3.5048,3.5068,3.5043,3.5048,10
2026-01-02 11:02:00,3.5003,3.5013,3.5003,3.5013,3.5053,3.5063,3.5053,3.5063,2
2026-01-02 11:03:00,3.5003,3.5003,3.4998,3.4998,3.5053,3.5053,3.5048,3.5048,2
2026-01-02 11:05:00,3.5008,3.5018,3.5003,3.5003,3.5058,3.5068,3.5053,3.5053,4
2026-01-02 11:06:00,3.5008,3.5008,3.5008,3.5008,3.5058,3.5058,3.5058,3.5058,1
2026-01-02 11:07:00,3.4998,3.4998,3.4938,3.4958,3.5048,3.5048,3.4988,3.5008,11
2026-01-02 11:08:00,3.4963,3.5028,3.4963,3.5018,3.5013,3.5078,3.5013,3.5068,12
2026-01-02 11:09:00,3.5008,3.5008,3.4963,3.4963,3.5058,3.5058,3.5013,3.5013,11
2026-01-02 11:10:00,3.4958,3.4993,3.4958,3.4993,3.5008,3.5043,3.5008,3.5043,6
2026-01-02 11:11:00,3.4988,3.4988,3.4983,3.4983,3.5038,3.5038,3.5033,3.5033,2
2026-01-02 11:12:00,3.4978,3.4978,3.4978,3.4978,3.5028,3.5028,3.5028,3.5028,1
2026-01-02 11:13:00,3.4968,3.4968,3.4968,3.4968,3.5018,3.5018,3.5018,3.5018,1
2026-01-02 11:14:00,3.4963,3.4963,3.4948,3.4948,3.5013,3.5013,3.4998,3.4998,4
2026-01-02 11:15:00,3.4958,3.4968,3.4953,3.4958,3.5008,3.5018,3.5003,3.5008,6
2026-01-02 11:16:00,3.4963,3.4973,3.4963,3.4973,3.5013,3.5023,3.5013,3.5023,3
2026-01-02 11:17:00,3.4978,3.5008,3.4968,3.4978,3.5028,3.5058,3.5018,3.5028,15
2026-01-02 11:18:00,3.4973,3.4988,3.4973,3.4973,3.5023,3.5038,3.5023,3.5023,6
2026-01-02 11:19:00,3.4978,3.4988,3.4978,3.4978,3.5028,3.5038,3.5028,3.5028,5
2026-01-02 11:20:00,3.4973,3.4978,3.4948,3.4968,3.5023,3.5028,3.4998,3.5018,18
2026-01-02 11:21:00,3.4973,3.5003,3.4973,3.4983,3.5023,3.5053,3.5023,3.5033,8
2026-01-02 11:22:00,3.4973,3.4973,3.4968,3.4973,3.5023,3.5023,3.5018,3.5023,3
2026-01-02 11:23:00,3.4968,3.4988,3.4953,3.4953,3.5018,3.5038,3.5003,3.5003,11
2026-01-02 11:24:00,3.4948,3.4973,3.4948,3.4973,3.4998,3.5023,3.4998,3.5023,7
2026-01-02 11:25:00,3.4978,3.4983,3.4978,3.4983,3.5028,3.5033,3.5028,3.5033,4
2026-01-02 11:26:00,3.4978,3.4983,3.4978,3.4983,3.5028,3.5033,3.5028,3.5033,2
2026-01-02 11:27:00,3.4988,3.4988,3.4983,3.4983,3.5038,3.5038,3.5033,3.5033,2
2026-01-02 11:28:00,3.4978,3.4978,3.4978,3.4978,3.5028,3.5028,3.5028,3.5028,1
2026-01-02 11:29:00,3.4973,3.4978,3.4973,3.4973,3.5023,3.5028,3.5023,3.5023,3
2026-01-02 11:31:00,3.4978,3.4978,3.4978,3.4978,3.5028,3.5028,3.5028,3.5028,1
2026-01-02 11:33:00,3.4958,3.4958,3.4903,3.4903,3.5008,3.5008,3.4953,3.4953,13
2026-01-02 11:34:00,3.4898,3.4928,3.4878,3.4908,3.4948,3.4978,3.4928,3.4958,18
2026-01-02 11:35:00,3.4903,3.4903,3.4873,3.4878,3.4953,3.4953,3.4923,3.4928,8
2026-01-02 11:36:00,3.4888,3.4888,3.4803,3.4808,3.4938,3.4938,3.4853,3.4858,24
2026-01-02 11:37:00,3.4803,3.4818,3.4798,3.4798,3.4853,3.4868,3.4848,3.4848,5
2026-01-02 11:38:00,3.4808,3.4828,3.4808,3.4828,3.4858,3.4878,3.4858,3.4878,3
2026-01-02 11:39:00,3.4818,3.4818,3.4798,3.4798,3.4868,3.4868,3.4848,3.4848,10
2026-01-02 11:40:00,3.4803,3.4808,3.4768,3.4768,3.4853,3.4858,3.4818,3.4818,19
2026-01-02 11:41:00,3.4773,3.4818,3.4773,3.4798,3.4823,3.4868,3.4823,3.4848,14
2026-01-02 11:43:00,3.4808,3.4818,3.4798,3.4798,3.4858,3.4868,3.4848,3.4848,5
2026-01-02 11:44:00,3.4808,3.4808,3.4803,3.4803,3.4858,3.4858,3.4853,3.4853,2
2026-01-02 11:45:00,3.4798,3.4878,3.4798,3.4878,3.4848,3.4928,3.4848,3.4928,15
2026-01-02 11:46:00,3.4883,3.4883,3.4868,3.4868,3.4933,3.4933,3.4918,3.4918,5
2026-01-02 11:47:00,3.4858,3.4858,3.4808,3.4818,3.4908,3.4908,3.4858,3.4868,17
2026-01-02 11:48:00,3.4828,3.4828,3.4798,3.4803,3.4878,3.4878,3.4848,3.4853,11
2026-01-02 11:49:00,3.4798,3.4808,3.4798,3.4798,3.4848,3.4858,3.4848,3.4848,3
2026-01-02 11:50:00,3.4803,3.4838,3.4803,3.4838,3.4853,3.4888,3.4853,3.4888,7
2026-01-02 11:51:00,3.4848,3.4848,3.4828,3.4838,3.4898,3.4898,3.4878,3.4888,8
2026-01-02 11:52:00,3.4858,3.4868,3.4858,3.4858,3.4908,3.4918,3.4908,3.4908,5
2026-01-02 11:53:00,3.4868,3.4888,3.4858,3.4888,3.4918,3.4938,3.4908,3.4938,5
2026-01-02 11:54:00,3.4898,3.4933,3.4888,3.4888,3.4948,3.4983,3.4938,3.4938,19
2026-01-02 11:55:00,3.4883,3.4908,3.4878,3.4898,3.4933,3.4958,3.4928,3.4948,15
2026-01-02 11:56:00,3.4893,3.4918,3.4858,3.4863,3.4943,3.4968,3.4908,3.4913,16
2026-01-02 11:57:00,3.4868,3.4868,3.4863,3.4863,3.4918,3.4918,3.4913,3.4913,2
2026-01-02 11:58:00,3.4878,3.4878,3.4858,3.4858,3.4928,3.4928,3.4908,3.4908,4
2026-01-02 11:59:00,3.4863,3.4868,3.4863,3.4863,3.4913,3.4918,3.4913,3.4913,3
2026-01-02 12:00:00,3.4868,3.4883,3.4843,3.4883,3.4918,3.4933,3.4893,3.4933,12
2026-01-02 12:01:00,3.4878,3.4878,3.4868,3.4873,3.4928,3.4928,3.4918,3.4923,4
2026-01-02 12:02:00,3.4878,3.4898,3.4878,3.4898,3.4928,3.4948,3.4928,3.4948,4
2026-01-02 12:03:00,3.4903,3.4908,3.4878,3.4878,3.4953,3.4958,3.4928,3.4928,8
2026-01-02 12:05:00,3.4888,3.4923,3.4883,3.4883,3.4938,3.4973,3.4933,3.4933,15
2026-01-02 12:06:00,3.4878,3.4878,3.4878,3.4878,3.4928,3.4928,3.4928,3.4928,1
2026-01-02 12:07:00,3.4868,3.4898,3.4868,3.4893,3.4918,3.4948,3.4918,3.4943,5
2026-01-02 12:08:00,3.4908,3.4918,3.4903,3.4908,3.4958,3.4968,3.4953,3.4958,6
2026-01-02 12:09:00,3.4918,3.4918,3.4918,3.4918,3.4968,3.4968,3.4968,3.4968,1
2026-01-02 12:10:00,3.4923,3.4923,3.4908,3.4918,3.4973,3.4973,3.4958,3.4968,10
2026-01-02 12:11:00,3.4928,3.4928,3.4928,3.4928,3.4978,3.4978,3.4978,3.4978,1
2026-01-02 12:12:00,3.4918,3.4963,3.4918,3.4948,3.4968,3.5013,3.4968,3.4998,12
2026-01-02 12:13:00,3.4953,3.4968,3.4948,3.4963,3.5003,3.5018,3.4998,3.5013,8
2026-01-02 12:14:00,3.4968,3.5028,3.4968,3.5028,3.5018,3.5078,3.5018,3.5078,17
2026-01-02 12:15:00,3.5048,3.5088,3.5048,3.5078,3.5098,3.5138,3.5098,3.5128,11
2026-01-02 12:16:00,3.5073,3.5078,3.5038,3.5078,3.5123,3.5128,3.5088,3.5128,9
2026-01-02 12:17:00,3.5083,3.5083,3.5038,3.5058,3.5133,3.5133,3.5088,3.5108,16
2026-01-02 12:18:00,3.5068,3.5068,3.5053,3.5058,3.5118,3.5118,3.5103,3.5108,7
2026-01-02 12:19:00,3.5053,3.5058,3.5028,3.5058,3.5103,3.5108,3.5078,3.5108,15
2026-01-02 12:20:00,3.5053,3.5058,3.5053,3.5058,3.5103,3.5108,3.5103,3.5108,2
2026-01-02 12:21:00,3.5048,3.5048,3.5038,3.5043,3.5098,3.5098,3.5088,3.5093,9
2026-01-02 12:22:00,3.5048,3.5078,3.5028,3.5048,3.5098,3.5128,3.5078,3.5098,18
2026-01-02 12:23:00,3.5058,3.5068,3.5008,3.5008,3.5108,3.5118,3.5058,3.5058,11
2026-01-02 12:24:00,3.4998,3.5018,3.4993,3.5008,3.5048,3.5068,3.5043,3.5058,7
2026-01-02 12:25:00,3.5003,3.5018,3.5003,3.5018,3.5053,3.5068,3.5053,3.5068,3
2026-01-02 12:26:00,3.5028,3.5028,3.5008,3.5008,3.5078,3.5078,3.5058,3.5058,3
2026-01-02 12:27:00,3.5013,3.5018,3.5013,3.5018,3.5063,3.5068,3.5063,3.5068,2
2026-01-02 12:28:00,3.5023,3.5038,3.5023,3.5038,3.5073,3.5088,3.5073,3.5088,3
2026-01-02 12:29:00,3.5043,3.5058,3.4988,3.5023,3.5093,3.5108,3.5038,3.5073,14
2026-01-02 12:30:00,3.5018,3.5038,3.5013,3.5033,3.5068,3.5088,3.5063,3.5083,6
2026-01-02 12:31:00,3.5038,3.5053,3.5038,3.5043,3.5088,3.5103,3.5088,3.5093,5
2026-01-02 12:32:00,3.5048,3.5063,3.5048,3.5063,3.5098,3.5113,3.5098,3.5113,3
2026-01-02 12:33:00,3.5078,3.5078,3.5063,3.5068,3.5128,3.5128,3.5113,3.5118,3
2026-01-02 12:34:00,3.5058,3.5058,3.5048,3.5048,3.5108,3.5108,3.5098,3.5098,3
2026-01-02 12:35:00,3.5038,3.5053,3.5038,3.5038,3.5088,3.5103,3.5088,3.5088,7
2026-01-02 12:36:00,3.5048,3.5058,3.5043,3.5058,3.5098,3.5108,3.5093,3.5108,4
2026-01-02 12:37:00,3.5053,3.5068,3.5038,3.5043,3.5103,3.5118,3.5088,3.5093,10
2026-01-02 12:38:00,3.5048,3.5053,3.5038,3.5043,3.5098,3.5103,3.5088,3.5093,7
2026-01-02 12:39:00,3.5038,3.5043,3.5033,3.5033,3.5088,3.5093,3.5083,3.5083,6
2026-01-02 12:40:00,3.5028,3.5028,3.4938,3.4953,3.5078,3.5078,3.4988,3.5003,17
2026-01-02 12:41:00,3.4958,3.4958,3.4938,3.4938,3.5008,3.5008,3.4988,3.4988,5
2026-01-02 12:42:00,3.4948,3.4968,3.4938,3.4963,3.4998,3.5018,3.4988,3.5013,22
2026-01-02 12:43:00,3.4968,3.4968,3.4883,3.4888,3.5018,3.5018,3.4933,3.4938,16
2026-01-02 12:44:00,3.4893,3.4933,3.4883,3.4933,3.4943,3.4983,3.4933,3.4983,11
2026-01-02 12:45:00,3.4928,3.5023,3.4918,3.5023,3.4978,3.5073,3.4968,3.5073,17
2026-01-02 12:46:00,3.5028,3.5038,3.5013,3.5023,3.5078,3.5088,3.5063,3.5073,12
2026-01-02 12:47:00,3.5018,3.5018,3.5018,3.5018,3.5068,3.5068,3.5068,3.5068,1
2026-01-02 12:48:00,3.5023,3.5023,3.5018,3.5023,3.5073,3.5073,3.5068,3.5073,3
2026-01-02 12:49:00,3.5028,3.5088,3.5028,3.5068,3.5078,3.5138,3.5078,3.5118,20
2026-01-02 12:50:00,3.5073,3.5073,3.5053,3.5053,3.5123,3.5123,3.5103,3.5103,11
2026-01-02 12:52:00,3.5058,3.5068,3.5058,3.5058,3.5108,3.5118,3.5108,3.5108,3
2026-01-02 12:53:00,3.5068,3.5173,3.5068,3.5163,3.5118,3.5223,3.5118,3.5213,18
2026-01-02 12:54:00,3.5168,3.5208,3.5148,3.5168,3.5218,3.5258,3.5198,3.5218,40
2026-01-02 12:55:00,3.5178,3.5188,3.5158,3.5178,3.5228,3.5238,3.5208,3.5228,15
2026-01-02 12:56:00,3.5168,3.5188,3.5168,3.5178,3.5218,3.5238,3.5218,3.5228,6
2026-01-02 12:57:00,3.5173,3.5173,3.5063,3.5078,3.5223,3.5223,3.5113,3.5128,19
2026-01-02 12:59:00,3.5073,3.5088,3.5068,3.5088,3.5123,3.5138,3.5118,3.5138,8
2026-01-02 13:00:00,3.5093,3.5118,3.5088,3.5098,3.5143,3.5168,3.5138,3.5148,13
2026-01-02 13:01:00,3.5093,3.5118,3.5068,3.5118,3.5143,3.5168,3.5118,3.5168,18
2026-01-02 13:02:00,3.5128,3.5133,3.5118,3.5118,3.5178,3.5183,3.5168,3.5168,5
2026-01-02 13:03:00,3.5108,3.5138,3.5098,3.5138,3.5158,3.5188,3.5148,3.5188,9
2026-01-02 13:04:00,3.5133,3.5168,3.5128,3.5168,3.5183,3.5218,3.5178,3.5218,10
2026-01-02 13:05:00,3.5163,3.5198,3.5163,3.5188,3.5213,3.5248,3.5213,3.5238,12
2026-01-02 13:06:00,3.5183,3.5208,3.5178,3.5208,3.5233,3.5258,3.5228,3.5258,8
2026-01-02 13:07:00,3.5228,3.5268,3.5228,3.5258,3.5278,3.5318,3.5278,3.5308,18
2026-01-02 13:08:00,3.5253,3.5308,3.5253,3.5308,3.5303,3.5358,3.5303,3.5358,22
2026-01-02 13:09:00,3.5303,3.5348,3.5303,3.5338,3.5353,3.5398,3.5353,3.5388,25
2026-01-02 13:10:00,3.5333,3.5338,3.5308,3.5308,3.5383,3.5388,3.5358,3.5358,9
2026-01-02 13:11:00,3.5298,3.5338,3.5298,3.5338,3.5348,3.5388,3.5348,3.5388,5
2026-01-02 13:12:00,3.5343,3.5348,3.5318,3.5338,3.5393,3.5398,3.5368,3.5388,18
2026-01-02 13:13:00,3.5348,3.5403,3.5348,3.5403,3.5398,3.5453,3.5398,3.5453,18
2026-01-02 13:14:00,3.5398,3.5428,3.5388,3.5428,3.5448,3.5478,3.5438,3.5478,13
2026-01-02 13:15:00,3.5433,3.5458,3.5428,3.5438,3.5483,3.5508,3.5478,3.5488,32
2026-01-02 13:16:00,3.5443,3.5463,3.5428,3.5428,3.5493,3.5513,3.5478,3.5478,24
2026-01-02 13:17:00,3.5433,3.5433,3.5368,3.5398,3.5483,3.5483,3.5418,3.5448,27
2026-01-02 13:18:00,3.5408,3.5438,3.5408,3.5418,3.5458,3.5488,3.5458,3.5468,8
2026-01-02 13:19:00,3.5413,3.5428,3.5338,3.5358,3.5463,3.5478,3.5388,3.5408,19
2026-01-02 13:20:00,3.5348,3.5378,3.5308,3.5308,3.5398,3.5428,3.5358,3.5358,22
2026-01-02 13:21:00,3.5298,3.5328,3.5278,3.5288,3.5348,3.5378,3.5328,3.5338,35
2026-01-02 13:22:00,3.5298,3.5338,3.5283,3.5338,3.5348,3.5388,3.5333,3.5388,11
2026-01-02 13:23:00,3.5348,3.5398,3.5348,3.5388,3.5398,3.5448,3.5398,3.5438,18
2026-01-02 13:24:00,3.5378,3.5408,3.5343,3.5343,3.5428,3.5458,3.5393,3.5393,20
2026-01-02 13:25:00,3.5338,3.5338,3.5278,3.5288,3.5388,3.5388,3.5328,3.5338,11
2026-01-02 13:26:00,3.5298,3.5338,3.5298,3.5328,3.5348,3.5388,3.5348,3.5378,18
2026-01-02 13:27:00,3.5323,3.5323,3.5308,3.5318,3.5373,3.5373,3.5358,3.5368,3
2026-01-02 13:28:00,3.5313,3.5318,3.5293,3.5298,3.5363,3.5368,3.5343,3.5348,18
2026-01-02 13:29:00,3.5308,3.5318,3.5283,3.5283,3.5358,3.5368,3.5333,3.5333,13
2026-01-02 13:30:00,3.5278,3.5283,3.5178,3.5188,3.5328,3.5333,3.5228,3.5238,36
2026-01-02 13:31:00,3.5178,3.5238,3.5178,3.5208,3.5228,3.5288,3.5228,3.5258,16
2026-01-02 13:32:00,3.5218,3.5218,3.5168,3.5203,3.5268,3.5268,3.5218,3.5253,15
2026-01-02 13:33:00,3.5208,3.5263,3.5208,3.5238,3.5258,3.5313,3.5258,3.5288,14
2026-01-02 13:34:00,3.5228,3.5258,3.5228,3.5228,3.5278,3.5308,3.5278,3.5278,22
2026-01-02 13:35:00,3.5223,3.5268,3.5218,3.5268,3.5273,3.5318,3.5268,3.5318,10
2026-01-02 13:36:00,3.5273,3.5278,3.5258,3.5258,3.5323,3.5328,3.5308,3.5308,7
2026-01-02 13:37:00,3.5253,3.5278,3.5238,3.5278,3.5303,3.5328,3.5288,3.5328,11
2026-01-02 13:38:00,3.5283,3.5288,3.5213,3.5223,3.5333,3.5338,3.5263,3.5273,24
2026-01-02 13:39:00,3.5218,3.5218,3.5208,3.5218,3.5268,3.5268,3.5258,3.5268,4
2026-01-02 13:40:00,3.5213,3.5258,3.5163,3.5193,3.5263,3.5308,3.5213,3.5243,25
2026-01-02 13:41:00,3.5198,3.5198,3.5168,3.5168,3.5248,3.5248,3.5218,3.5218,8
2026-01-02 13:42:00,3.5163,3.5198,3.5148,3.5158,3.5213,3.5248,3.5198,3.5208,24
2026-01-02 13:43:00,3.5168,3.5168,3.5128,3.5143,3.5218,3.5218,3.5178,3.5193,17
2026-01-02 13:44:00,3.5123,3.5138,3.5078,3.5128,3.5173,3.5188,3.5128,3.5178,32
2026-01-02 13:45:00,3.5118,3.5118,3.5098,3.5103,3.5168,3.5168,3.5148,3.5153,13
2026-01-02 13:46:00,3.5098,3.5108,3.5058,3.5068,3.5148,3.5158,3.5108,3.5118,22
2026-01-02 13:47:00,3.5058,3.5058,3.5038,3.5058,3.5108,3.5108,3.5088,3.5108,7
2026-01-02 13:48:00,3.5063,3.5093,3.5003,3.5003,3.5113,3.5143,3.5053,3.5053,35
2026-01-02 13:49:00,3.4998,3.5008,3.4998,3.4998,3.5048,3.5058,3.5048,3.5048,9
2026-01-02 13:50:00,3.4988,3.4998,3.4968,3.4968,3.5038,3.5048,3.5018,3.5018,20
2026-01-02 13:51:00,3.4958,3.4988,3.4923,3.4968,3.5008,3.5038,3.4973,3.5018,39
2026-01-02 13:52:00,3.4958,3.4968,3.4908,3.4918,3.5008,3.5018,3.4958,3.4968,27
2026-01-02 13:53:00,3.4928,3.4988,3.4918,3.4958,3.4978,3.5038,3.4968,3.5008,21
2026-01-02 13:54:00,3.4953,3.4958,3.4913,3.4923,3.5003,3.5008,3.4963,3.4973,9
2026-01-02 13:55:00,3.4918,3.4968,3.4908,3.4958,3.4968,3.5018,3.4958,3.5008,17
2026-01-02 13:56:00,3.4963,3.4963,3.4928,3.4958,3.5013,3.5013,3.4978,3.5008,9
2026-01-02 13:57:00,3.4968,3.4983,3.4958,3.4978,3.5018,3.5033,3.5008,3.5028,18
2026-01-02 13:58:00,3.4983,3.4983,3.4928,3.4938,3.5033,3.5033,3.4978,3.4988,22
2026-01-02 13:59:00,3.4948,3.4968,3.4908,3.4908,3.4998,3.5018,3.4958,3.4958,26
2026-01-02 14:00:00,3.4918,3.5068,3.4908,3.5028,3.4968,3.5118,3.4958,3.5078,73
2026-01-02 14:01:00,3.5038,3.5048,3.4948,3.4988,3.5088,3.5098,3.4998,3.5038,21
2026-01-02 14:02:00,3.4978,3.5018,3.4903,3.4928,3.5028,3.5068,3.4953,3.4978,39
2026-01-02 14:03:00,3.4938,3.4948,3.4868,3.4928,3.4988,3.4998,3.4918,3.4978,28
2026-01-02 14:04:00,3.4933,3.4958,3.4888,3.4888,3.4983,3.5008,3.4938,3.4938,23
2026-01-02 14:05:00,3.4883,3.4883,3.4713,3.4733,3.4933,3.4933,3.4763,3.4783,58
2026-01-02 14:06:00,3.4738,3.4758,3.4678,3.4738,3.4788,3.4808,3.4728,3.4788,64
2026-01-02 14:07:00,3.4733,3.4748,3.4718,3.4728,3.4783,3.4798,3.4768,3.4778,36
2026-01-02 14:08:00,3.4733,3.4743,3.4718,3.4718,3.4783,3.4793,3.4768,3.4768,18
2026-01-02 14:09:00,3.4713,3.4798,3.4708,3.4798,3.4763,3.4848,3.4758,3.4848,21
2026-01-02 14:10:00,3.4813,3.4853,3.4793,3.4808,3.4863,3.4903,3.4843,3.4858,35
2026-01-02 14:11:00,3.4813,3.4858,3.4808,3.4858,3.4863,3.4908,3.4858,3.4908,18
2026-01-02 14:12:00,3.4868,3.4938,3.4868,3.4928,3.4918,3.4988,3.4918,3.4978,35
2026-01-02 14:13:00,3.4923,3.5088,3.4923,3.5053,3.4973,3.5138,3.4973,3.5103,64
2026-01-02 14:14:00,3.5048,3.5108,3.5038,3.5073,3.5098,3.5158,3.5088,3.5123,39
2026-01-02 14:15:00,3.5078,3.5093,3.5048,3.5053,3.5128,3.5143,3.5098,3.5103,33
2026-01-02 14:16:00,3.5048,3.5158,3.5048,3.5143,3.5098,3.5208,3.5098,3.5193,37
2026-01-02 14:17:00,3.5138,3.5178,3.5118,3.5138,3.5188,3.5228,3.5168,3.5188,39
2026-01-02 14:18:00,3.5128,3.5158,3.5128,3.5148,3.5178,3.5208,3.5178,3.5198,17
2026-01-02 14:19:00,3.5143,3.5178,3.5118,3.5148,3.5193,3.5228,3.5168,3.5198,36
2026-01-02 14:20:00,3.5153,3.5238,3.5143,3.5228,3.5203,3.5288,3.5193,3.5278,51
2026-01-02 14:21:00,3.5223,3.5268,3.5223,3.5223,3.5273,3.5318,3.5273,3.5273,26
2026-01-02 14:22:00,3.5228,3.5258,3.5188,3.5198,3.5278,3.5308,3.5238,3.5248,32
2026-01-02 14:23:00,3.5208,3.5248,3.5188,3.5218,3.5258,3.5298,3.5238,3.5268,27
2026-01-02 14:24:00,3.5208,3.5248,3.5208,3.5218,3.5258,3.5298,3.5258,3.5268,21
2026-01-02 14:25:00,3.5228,3.5228,3.5178,3.5218,3.5278,3.5278,3.5228,3.5268,27
2026-01-02 14:26:00,3.5223,3.5358,3.5223,3.5348,3.5273,3.5408,3.5273,3.5398,55
2026-01-02 14:27:00,3.5353,3.5358,3.5298,3.5308,3.5403,3.5408,3.5348,3.5358,18
2026-01-02 14:28:00,3.5313,3.5328,3.5288,3.5288,3.5363,3.5378,3.5338,3.5338,13
2026-01-02 14:29:00,3.5303,3.5303,3.5178,3.5193,3.5353,3.5353,3.5228,3.5243,41
2026-01-02 14:30:00,3.5188,3.5188,3.5098,3.5118,3.5238,3.5238,3.5148,3.5168,62
2026-01-02 14:31:00,3.5128,3.5138,3.4923,3.4943,3.5178,3.5188,3.4973,3.4993,85
2026-01-02 14:32:00,3.4948,3.4963,3.4928,3.4928,3.4998,3.5013,3.4978,3.4978,27
2026-01-02 14:33:00,3.4938,3.4938,3.4878,3.4913,3.4988,3.4988,3.4928,3.4963,29
2026-01-02 14:34:00,3.4908,3.4908,3.4858,3.4878,3.4958,3.4958,3.4908,3.4928,25
2026-01-02 14:35:00,3.4868,3.4933,3.4843,3.4853,3.4918,3.4983,3.4893,3.4903,34
2026-01-02 14:36:00,3.4848,3.4948,3.4848,3.4933,3.4898,3.4998,3.4898,3.4983,27
2026-01-02 14:37:00,3.4938,3.5008,3.4938,3.4978,3.4988,3.5058,3.4988,3.5028,44
2026-01-02 14:38:00,3.4973,3.4978,3.4923,3.4928,3.5023,3.5028,3.4973,3.4978,21
2026-01-02 14:39:00,3.4938,3.4978,3.4928,3.4933,3.4988,3.5028,3.4978,3.4983,39
2026-01-02 14:40:00,3.4938,3.4953,3.4918,3.4953,3.4988,3.5003,3.4968,3.5003,28
2026-01-02 14:41:00,3.4958,3.5033,3.4938,3.5013,3.5008,3.5083,3.4988,3.5063,24
2026-01-02 14:42:00,3.5018,3.5058,3.5018,3.5038,3.5068,3.5108,3.5068,3.5088,9
2026-01-02 14:43:00,3.5033,3.5088,3.5033,3.5088,3.5083,3.5138,3.5083,3.5138,17
2026-01-02 14:44:00,3.5098,3.5148,3.5088,3.5128,3.5148,3.5198,3.5138,3.5178,29
2026-01-02 14:45:00,3.5133,3.5228,3.5078,3.5223,3.5183,3.5278,3.5128,3.5273,70
2026-01-02 14:46:00,3.5218,3.5303,3.5213,3.5303,3.5268,3.5353,3.5263,3.5353,28
2026-01-02 14:47:00,3.5293,3.5328,3.5268,3.5318,3.5343,3.5378,3.5318,3.5368,31
2026-01-02 14:48:00,3.5323,3.5348,3.5318,3.5348,3.5373,3.5398,3.5368,3.5398,29
2026-01-02 14:49:00,3.5343,3.5378,3.5298,3.5298,3.5393,3.5428,3.5348,3.5348,39
2026-01-02 14:50:00,3.5308,3.5328,3.5283,3.5308,3.5358,3.5378,3.5333,3.5358,27
2026-01-02 14:51:00,3.5318,3.5333,3.5298,3.5298,3.5368,3.5383,3.5348,3.5348,25
2026-01-02 14:52:00,3.5288,3.5298,3.5198,3.5198,3.5338,3.5348,3.5248,3.5248,40
2026-01-02 14:53:00,3.5208,3.5208,3.5118,3.5168,3.5258,3.5258,3.5168,3.5218,42
2026-01-02 14:54:00,3.5178,3.5188,3.5118,3.5133,3.5228,3.5238,3.5168,3.5183,38
2026-01-02 14:55:00,3.5128,3.5133,3.5058,3.5068,3.5178,3.5183,3.5108,3.5118,26
2026-01-02 14:56:00,3.5073,3.5238,3.5068,3.5193,3.5123,3.5288,3.5118,3.5243,77
2026-01-02 14:57:00,3.5198,3.5218,3.5123,3.5123,3.5248,3.5268,3.5173,3.5173,39
2026-01-02 14:58:00,3.5128,3.5128,3.5048,3.5093,3.5178,3.5178,3.5098,3.5143,34
2026-01-02 14:59:00,3.5088,3.5293,3.5078,3.5218,3.5138,3.5343,3.5128,3.5268,90
2026-01-02 15:00:00,3.5203,3.5318,3.5068,3.5108,3.5253,3.5368,3.5118,3.5158,167
2026-01-02 15:01:00,3.5103,3.5103,3.4978,3.5018,3.5153,3.5153,3.5028,3.5068,79
2026-01-02 15:02:00,3.5028,3.5048,3.4908,3.4948,3.5078,3.5098,3.4958,3.4998,148
2026-01-02 15:03:00,3.4958,3.4998,3.4868,3.4958,3.5008,3.5048,3.4918,3.5008,108
2026-01-02 15:04:00,3.4948,3.5008,3.4928,3.4998,3.4998,3.5058,3.4978,3.5048,69
2026-01-02 15:05:00,3.4988,3.5043,3.4928,3.4928,3.5038,3.5093,3.4978,3.4978,80
2026-01-02 15:06:00,3.4938,3.4938,3.4878,3.4938,3.4988,3.4988,3.4928,3.4988,53
2026-01-02 15:07:00,3.4928,3.4938,3.4888,3.4888,3.4978,3.4988,3.4938,3.4938,45
2026-01-02 15:08:00,3.4898,3.4938,3.4868,3.4888,3.4948,3.4988,3.4918,3.4938,65
2026-01-02 15:09:00,3.4898,3.4908,3.4858,3.4868,3.4948,3.4958,3.4908,3.4918,44
2026-01-02 15:10:00,3.4878,3.4888,3.4778,3.4798,3.4928,3.4938,3.4828,3.4848,93
2026-01-02 15:11:00,3.4808,3.4908,3.4768,3.4888,3.4858,3.4958,3.4818,3.4938,60
2026-01-02 15:12:00,3.4878,3.4898,3.4858,3.4898,3.4928,3.4948,3.4908,3.4948,35
2026-01-02 15:13:00,3.4888,3.4908,3.4813,3.4818,3.4938,3.4958,3.4863,3.4868,59
2026-01-02 15:14:00,3.4828,3.4848,3.4823,3.4828,3.4878,3.4898,3.4873,3.4878,22
2026-01-02 15:15:00,3.4818,3.4818,3.4773,3.4778,3.4868,3.4868,3.4823,3.4828,29
2026-01-02 15:16:00,3.4773,3.4838,3.4768,3.4838,3.4823,3.4888,3.4818,3.4888,30
2026-01-02 15:17:00,3.4833,3.4878,3.4828,3.4838,3.4883,3.4928,3.4878,3.4888,41
2026-01-02 15:18:00,3.4848,3.4878,3.4838,3.4858,3.4898,3.4928,3.4888,3.4908,34
2026-01-02 15:19:00,3.4868,3.4878,3.4808,3.4858,3.4918,3.4928,3.4858,3.4908,45
2026-01-02 15:20:00,3.4848,3.4898,3.4828,3.4888,3.4898,3.4948,3.4878,3.4938,34
2026-01-02 15:21:00,3.4883,3.4988,3.4878,3.4923,3.4933,3.5038,3.4928,3.4973,63
2026-01-02 15:22:00,3.4913,3.4948,3.4893,3.4893,3.4963,3.4998,3.4943,3.4943,36
2026-01-02 15:23:00,3.4888,3.4888,3.4808,3.4823,3.4938,3.4938,3.4858,3.4873,35
2026-01-02 15:24:00,3.4813,3.4878,3.4798,3.4838,3.4863,3.4928,3.4848,3.4888,50
2026-01-02 15:25:00,3.4828,3.4833,3.4798,3.4798,3.4878,3.4883,3.4848,3.4848,27
2026-01-02 15:26:00,3.4803,3.4803,3.4718,3.4758,3.4853,3.4853,3.4768,3.4808,65
2026-01-02 15:27:00,3.4753,3.4828,3.4733,3.4818,3.4803,3.4878,3.4783,3.4868,30
2026-01-02 15:28:00,3.4823,3.4828,3.4763,3.4763,3.4873,3.4878,3.4813,3.4813,18
2026-01-02 15:29:00,3.4768,3.4788,3.4683,3.4708,3.4818,3.4838,3.4733,3.4758,39
2026-01-02 15:30:00,3.4718,3.4778,3.4668,3.4718,3.4768,3.4828,3.4718,3.4768,79
2026-01-02 15:31:00,3.4708,3.4738,3.4668,3.4718,3.4758,3.4788,3.4718,3.4768,59
2026-01-02 15:32:00,3.4708,3.4778,3.4678,3.4728,3.4758,3.4828,3.4728,3.4778,51
2026-01-02 15:33:00,3.4723,3.4733,3.4688,3.4733,3.4773,3.4783,3.4738,3.4783,50
2026-01-02 15:34:00,3.4738,3.4758,3.4678,3.4688,3.4788,3.4808,3.4728,3.4738,36
2026-01-02 15:35:00,3.4678,3.4738,3.4678,3.4728,3.4728,3.4788,3.4728,3.4778,56
2026-01-02 15:36:00,3.4738,3.4748,3.4663,3.4668,3.4788,3.4798,3.4713,3.4718,43
2026-01-02 15:37:00,3.4673,3.4688,3.4628,3.4648,3.4723,3.4738,3.4678,3.4698,60
2026-01-02 15:38:00,3.4643,3.4758,3.4638,3.4753,3.4693,3.4808,3.4688,3.4803,41
2026-01-02 15:39:00,3.4758,3.4808,3.4718,3.4718,3.4808,3.4858,3.4768,3.4768,42
2026-01-02 15:40:00,3.4708,3.4708,3.4668,3.4678,3.4758,3.4758,3.4718,3.4728,26
2026-01-02 15:41:00,3.4688,3.4698,3.4658,3.4668,3.4738,3.4748,3.4708,3.4718,32
2026-01-02 15:42:00,3.4663,3.4663,3.4573,3.4598,3.4713,3.4713,3.4623,3.4648,45
2026-01-02 15:43:00,3.4588,3.4618,3.4583,3.4608,3.4638,3.4668,3.4633,3.4658,32
2026-01-02 15:44:00,3.4613,3.4618,3.4568,3.4588,3.4663,3.4668,3.4618,3.4638,21
2026-01-02 15:45:00,3.4598,3.4608,3.4568,3.4598,3.4648,3.4658,3.4618,3.4648,61
2026-01-02 15:46:00,3.4588,3.4588,3.4533,3.4533,3.4638,3.4638,3.4583,3.4583,18
2026-01-02 15:47:00,3.4538,3.4608,3.4538,3.4588,3.4588,3.4658,3.4588,3.4638,39
2026-01-02 15:48:00,3.4583,3.4648,3.4583,3.4628,3.4633,3.4698,3.4633,3.4678,38
2026-01-02 15:49:00,3.4638,3.4638,3.4588,3.4588,3.4688,3.4688,3.4638,3.4638,33
2026-01-02 15:50:00,3.4578,3.4598,3.4568,3.4568,3.4628,3.4648,3.4618,3.4618,20
2026-01-02 15:51:00,3.4563,3.4618,3.4528,3.4618,3.4613,3.4668,3.4578,3.4668,28
2026-01-02 15:52:00,3.4613,3.4638,3.4538,3.4558,3.4663,3.4688,3.4588,3.4608,48
2026-01-02 15:53:00,3.4553,3.4568,3.4528,3.4558,3.4603,3.4618,3.4578,3.4608,23
2026-01-02 15:54:00,3.4568,3.4588,3.4528,3.4548,3.4618,3.4638,3.4578,3.4598,27
2026-01-02 15:55:00,3.4538,3.4608,3.4523,3.4588,3.4588,3.4658,3.4573,3.4638,32
2026-01-02 15:56:00,3.4578,3.4618,3.4568,3.4568,3.4628,3.4668,3.4618,3.4618,22
2026-01-02 15:57:00,3.4558,3.4588,3.4548,3.4578,3.4608,3.4638,3.4598,3.4628,22
2026-01-02 15:58:00,3.4588,3.4628,3.4588,3.4608,3.4638,3.4678,3.4638,3.4658,22
2026-01-02 15:59:00,3.4598,3.4628,3.4588,3.4628,3.4648,3.4678,3.4638,3.4678,34
2026-01-02 16:00:00,3.4623,3.4678,3.4573,3.4628,3.4673,3.4728,3.4623,3.4678,67
2026-01-02 16:01:00,3.4633,3.4638,3.4598,3.4618,3.4683,3.4688,3.4648,3.4668,27
2026-01-02 16:02:00,3.4628,3.4728,3.4628,3.4713,3.4678,3.4778,3.4678,3.4763,45
2026-01-02 16:03:00,3.4708,3.4738,3.4678,3.4728,3.4758,3.4788,3.4728,3.4778,50
2026-01-02 16:04:00,3.4723,3.4788,3.4678,3.4788,3.4773,3.4838,3.4728,3.4838,55
2026-01-02 16:05:00,3.4783,3.4783,3.4728,3.4738,3.4833,3.4833,3.4778,3.4788,44
2026-01-02 16:06:00,3.4748,3.4783,3.4728,3.4783,3.4798,3.4833,3.4778,3.4833,29
2026-01-02 16:07:00,3.4788,3.4798,3.4748,3.4778,3.4838,3.4848,3.4798,3.4828,33
2026-01-02 16:08:00,3.4773,3.4788,3.4718,3.4718,3.4823,3.4838,3.4768,3.4768,30
2026-01-02 16:09:00,3.4713,3.4718,3.4638,3.4668,3.4763,3.4768,3.4688,3.4718,44
2026-01-02 16:10:00,3.4673,3.4708,3.4648,3.4678,3.4723,3.4758,3.4698,3.4728,26
2026-01-02 16:11:00,3.4683,3.4708,3.4643,3.4653,3.4733,3.4758,3.4693,3.4703,26
2026-01-02 16:12:00,3.4658,3.4663,3.4643,3.4648,3.4708,3.4713,3.4693,3.4698,26
2026-01-02 16:13:00,3.4643,3.4688,3.4638,3.4668,3.4693,3.4738,3.4688,3.4718,20
2026-01-02 16:14:00,3.4678,3.4728,3.4658,3.4698,3.4728,3.4778,3.4708,3.4748,43
2026-01-02 16:15:00,3.4693,3.4698,3.4628,3.4663,3.4743,3.4748,3.4678,3.4713,33
2026-01-02 16:16:00,3.4658,3.4698,3.4648,3.4668,3.4708,3.4748,3.4698,3.4718,24
2026-01-02 16:17:00,3.4658,3.4738,3.4643,3.4728,3.4708,3.4788,3.4693,3.4778,46
2026-01-02 16:18:00,3.4718,3.4758,3.4718,3.4738,3.4768,3.4808,3.4768,3.4788,25
2026-01-02 16:19:00,3.4748,3.4788,3.4728,3.4753,3.4798,3.4838,3.4778,3.4803,42
2026-01-02 16:20:00,3.4748,3.4793,3.4738,3.4788,3.4798,3.4843,3.4788,3.4838,17
2026-01-02 16:21:00,3.4798,3.4798,3.4753,3.4778,3.4848,3.4848,3.4803,3.4828,33
2026-01-02 16:22:00,3.4783,3.4798,3.4728,3.4763,3.4833,3.4848,3.4778,3.4813,40
2026-01-02 16:23:00,3.4758,3.4798,3.4728,3.4758,3.4808,3.4848,3.4778,3.4808,46
2026-01-02 16:24:00,3.4748,3.4768,3.4678,3.4708,3.4798,3.4818,3.4728,3.4758,39
2026-01-02 16:25:00,3.4703,3.4738,3.4698,3.4738,3.4753,3.4788,3.4748,3.4788,29
2026-01-02 16:26:00,3.4748,3.4818,3.4733,3.4768,3.4798,3.4868,3.4783,3.4818,39
2026-01-02 16:27:00,3.4763,3.4768,3.4763,3.4768,3.4813,3.4818,3.4813,3.4818,8
2026-01-02 16:28:00,3.4763,3.4788,3.4763,3.4778,3.4813,3.4838,3.4813,3.4828,20
2026-01-02 16:29:00,3.4773,3.4898,3.4773,3.4878,3.4823,3.4948,3.4823,3.4928,55
2026-01-02 16:30:00,3.4873,3.4888,3.4833,3.4878,3.4923,3.4938,3.4883,3.4928,28
2026-01-02 16:31:00,3.4888,3.4958,3.4878,3.4933,3.4938,3.5008,3.4928,3.4983,40
2026-01-02 16:32:00,3.4923,3.4948,3.4908,3.4938,3.4973,3.4998,3.4958,3.4988,25
2026-01-02 16:33:00,3.4943,3.5008,3.4943,3.4993,3.4993,3.5058,3.4993,3.5043,44
2026-01-02 16:34:00,3.4998,3.5048,3.4988,3.5018,3.5048,3.5098,3.5038,3.5068,33
2026-01-02 16:35:00,3.5013,3.5083,3.5013,3.5083,3.5063,3.5133,3.5063,3.5133,38
2026-01-02 16:36:00,3.5088,3.5138,3.5088,3.5128,3.5138,3.5188,3.5138,3.5178,41
2026-01-02 16:37:00,3.5133,3.5208,3.5133,3.5188,3.5183,3.5258,3.5183,3.5238,49
2026-01-02 16:38:00,3.5193,3.5228,3.5168,3.5208,3.5243,3.5278,3.5218,3.5258,44
2026-01-02 16:39:00,3.5203,3.5298,3.5188,3.5263,3.5253,3.5348,3.5238,3.5313,55
2026-01-02 16:40:00,3.5268,3.5348,3.5268,3.5338,3.5318,3.5398,3.5318,3.5388,54
2026-01-02 16:41:00,3.5333,3.5418,3.5328,3.5408,3.5383,3.5468,3.5378,3.5458,56
2026-01-02 16:42:00,3.5413,3.5418,3.5353,3.5368,3.5463,3.5468,3.5403,3.5418,45
2026-01-02 16:43:00,3.5363,3.5363,3.5163,3.5168,3.5413,3.5413,3.5213,3.5218,70
2026-01-02 16:44:00,3.5163,3.5258,3.5138,3.5248,3.5213,3.5308,3.5188,3.5298,49
2026-01-02 16:45:00,3.5253,3.5258,3.5198,3.5213,3.5303,3.5308,3.5248,3.5263,38
2026-01-02 16:46:00,3.5208,3.5258,3.5198,3.5238,3.5258,3.5308,3.5248,3.5288,37
2026-01-02 16:47:00,3.5243,3.5253,3.5198,3.5198,3.5293,3.5303,3.5248,3.5248,37
2026-01-02 16:48:00,3.5193,3.5193,3.5163,3.5173,3.5243,3.5243,3.5213,3.5223,29
2026-01-02 16:49:00,3.5178,3.5213,3.5158,3.5203,3.5228,3.5263,3.5208,3.5253,32
2026-01-02 16:50:00,3.5198,3.5408,3.5183,3.5398,3.5248,3.5458,3.5233,3.5448,70
2026-01-02 16:51:00,3.5393,3.5448,3.5378,3.5428,3.5443,3.5498,3.5428,3.5478,58
2026-01-02 16:52:00,3.5418,3.5418,3.5358,3.5368,3.5468,3.5468,3.5408,3.5418,43
2026-01-02 16:53:00,3.5378,3.5388,3.5333,3.5348,3.5428,3.5438,3.5383,3.5398,28
2026-01-02 16:54:00,3.5353,3.5448,3.5338,3.5433,3.5403,3.5498,3.5388,3.5483,41
2026-01-02 16:55:00,3.5428,3.5528,3.5418,3.5478,3.5478,3.5578,3.5468,3.5528,50
2026-01-02 16:56:00,3.5483,3.5558,3.5478,3.5528,3.5533,3.5608,3.5528,3.5578,53
2026-01-02 16:57:00,3.5518,3.5558,3.5508,3.5533,3.5568,3.5608,3.5558,3.5583,35
2026-01-02 16:58:00,3.5528,3.5558,3.5468,3.5513,3.5578,3.5608,3.5518,3.5563,57
2026-01-02 16:59:00,3.5518,3.5528,3.5468,3.5488,3.5568,3.5578,3.5518,3.5538,40
2026-01-02 17:00:00,3.5478,3.5588,3.5453,3.5558,3.5528,3.5638,3.5503,3.5608,51
2026-01-02 17:01:00,3.5563,3.5573,3.5513,3.5528,3.5613,3.5623,3.5563,3.5578,36
2026-01-02 17:02:00,3.5538,3.5558,3.5498,3.5538,3.5588,3.5608,3.5548,3.5588,29
2026-01-02 17:03:00,3.5533,3.5533,3.5433,3.5438,3.5583,3.5583,3.5483,3.5488,51
2026-01-02 17:04:00,3.5448,3.5473,3.5373,3.5383,3.5498,3.5523,3.5423,3.5433,46
2026-01-02 17:05:00,3.5378,3.5448,3.5368,3.5438,3.5428,3.5498,3.5418,3.5488,38
2026-01-02 17:06:00,3.5428,3.5478,3.5408,3.5463,3.5478,3.5528,3.5458,3.5513,32
2026-01-02 17:07:00,3.5458,3.5458,3.5388,3.5398,3.5508,3.5508,3.5438,3.5448,29
2026-01-02 17:08:00,3.5408,3.5443,3.5388,3.5408,3.5458,3.5493,3.5438,3.5458,24
2026-01-02 17:09:00,3.5413,3.5478,3.5403,3.5408,3.5463,3.5528,3.5453,3.5458,29
2026-01-02 17:10:00,3.5413,3.5458,3.5368,3.5378,3.5463,3.5508,3.5418,3.5428,53
2026-01-02 17:11:00,3.5368,3.5488,3.5368,3.5478,3.5418,3.5538,3.5418,3.5528,52
2026-01-02 17:12:00,3.5488,3.5538,3.5458,3.5468,3.5538,3.5588,3.5508,3.5518,46
2026-01-02 17:13:00,3.5473,3.5518,3.5458,3.5468,3.5523,3.5568,3.5508,3.5518,50
2026-01-02 17:14:00,3.5478,3.5478,3.5388,3.5448,3.5528,3.5528,3.5438,3.5498,38
2026-01-02 17:15:00,3.5438,3.5448,3.5398,3.5408,3.5488,3.5498,3.5448,3.5458,25
2026-01-02 17:16:00,3.5413,3.5468,3.5378,3.5453,3.5463,3.5518,3.5428,3.5503,42
2026-01-02 17:17:00,3.5458,3.5648,3.5458,3.5643,3.5508,3.5698,3.5508,3.5693,66
2026-01-02 17:18:00,3.5638,3.5638,3.5558,3.5558,3.5688,3.5688,3.5608,3.5608,37
2026-01-02 17:19:00,3.5553,3.5558,3.5503,3.5528,3.5603,3.5608,3.5553,3.5578,25
2026-01-02 17:20:00,3.5523,3.5548,3.5508,3.5508,3.5573,3.5598,3.5558,3.5558,18
2026-01-02 17:21:00,3.5498,3.5518,3.5478,3.5498,3.5548,3.5568,3.5528,3.5548,34
2026-01-02 17:22:00,3.5483,3.5553,3.5483,3.5518,3.5533,3.5603,3.5533,3.5568,37
2026-01-02 17:23:00,3.5523,3.5668,3.5523,3.5658,3.5573,3.5718,3.5573,3.5708,59
2026-01-02 17:24:00,3.5648,3.5668,3.5558,3.5568,3.5698,3.5718,3.5608,3.5618,46
2026-01-02 17:25:00,3.5578,3.5628,3.5548,3.5618,3.5628,3.5678,3.5598,3.5668,44
2026-01-02 17:26:00,3.5613,3.5638,3.5488,3.5508,3.5663,3.5688,3.5538,3.5558,67
2026-01-02 17:27:00,3.5498,3.5508,3.5478,3.5488,3.5548,3.5558,3.5528,3.5538,23
2026-01-02 17:28:00,3.5498,3.5508,3.5458,3.5458,3.5548,3.5558,3.5508,3.5508,26
2026-01-02 17:29:00,3.5453,3.5478,3.5428,3.5478,3.5503,3.5528,3.5478,3.5528,32
2026-01-02 17:30:00,3.5473,3.5503,3.5468,3.5483,3.5523,3.5553,3.5518,3.5533,18
2026-01-02 17:31:00,3.5473,3.5488,3.5428,3.5468,3.5523,3.5538,3.5478,3.5518,35
2026-01-02 17:32:00,3.5478,3.5478,3.5388,3.5403,3.5528,3.5528,3.5438,3.5453,46
2026-01-02 17:33:00,3.5398,3.5403,3.5368,3.5398,3.5448,3.5453,3.5418,3.5448,35
2026-01-02 17:34:00,3.5408,3.5538,3.5393,3.5533,3.5458,3.5588,3.5443,3.5583,43
2026-01-02 17:35:00,3.5528,3.5573,3.5478,3.5483,3.5578,3.5623,3.5528,3.5533,77
2026-01-02 17:36:00,3.5478,3.5493,3.5438,3.5458,3.5528,3.5543,3.5488,3.5508,30
2026-01-02 17:37:00,3.5448,3.5498,3.5408,3.5493,3.5498,3.5548,3.5458,3.5543,43
2026-01-02 17:38:00,3.5503,3.5538,3.5498,3.5518,3.5553,3.5588,3.5548,3.5568,24
2026-01-02 17:39:00,3.5523,3.5538,3.5433,3.5453,3.5573,3.5588,3.5483,3.5503,51
2026-01-02 17:40:00,3.5443,3.5448,3.5388,3.5398,3.5493,3.5498,3.5438,3.5448,40
2026-01-02 17:41:00,3.5403,3.5408,3.5368,3.5408,3.5453,3.5458,3.5418,3.5458,54
2026-01-02 17:42:00,3.5398,3.5458,3.5398,3.5453,3.5448,3.5508,3.5448,3.5503,19
2026-01-02 17:43:00,3.5438,3.5448,3.5418,3.5428,3.5488,3.5498,3.5468,3.5478,19
2026-01-02 17:44:00,3.5423,3.5448,3.5408,3.5413,3.5473,3.5498,3.5458,3.5463,23
2026-01-02 17:45:00,3.5418,3.5448,3.5418,3.5448,3.5468,3.5498,3.5468,3.5498,17
2026-01-02 17:46:00,3.5443,3.5448,3.5428,3.5428,3.5493,3.5498,3.5478,3.5478,20
2026-01-02 17:47:00,3.5438,3.5448,3.5408,3.5438,3.5488,3.5498,3.5458,3.5488,31
2026-01-02 17:48:00,3.5443,3.5488,3.5428,3.5488,3.5493,3.5538,3.5478,3.5538,55
2026-01-02 17:49:00,3.5483,3.5518,3.5468,3.5508,3.5533,3.5568,3.5518,3.5558,15
2026-01-02 17:50:00,3.5518,3.5538,3.5458,3.5498,3.5568,3.5588,3.5508,3.5548,31
2026-01-02 17:51:00,3.5488,3.5488,3.5458,3.5468,3.5538,3.5538,3.5508,3.5518,21
2026-01-02 17:52:00,3.5458,3.5478,3.5408,3.5458,3.5508,3.5528,3.5458,3.5508,54
2026-01-02 17:53:00,3.5453,3.5468,3.5448,3.5453,3.5503,3.5518,3.5498,3.5503,16
2026-01-02 17:54:00,3.5448,3.5468,3.5418,3.5433,3.5498,3.5518,3.5468,3.5483,15
2026-01-02 17:55:00,3.5438,3.5498,3.5428,3.5453,3.5488,3.5548,3.5478,3.5503,30
2026-01-02 17:56:00,3.5458,3.5478,3.5368,3.5388,3.5508,3.5528,3.5418,3.5438,37
2026-01-02 17:57:00,3.5393,3.5408,3.5308,3.5308,3.5443,3.5458,3.5358,3.5358,56
2026-01-02 17:58:00,3.5313,3.5348,3.5308,3.5343,3.5363,3.5398,3.5358,3.5393,23
2026-01-02 17:59:00,3.5338,3.5368,3.5328,3.5368,3.5388,3.5418,3.5378,3.5418,10
2026-01-02 18:00:00,3.5358,3.5488,3.5358,3.5468,3.5408,3.5538,3.5408,3.5518,62
2026-01-02 18:01:00,3.5458,3.5528,3.5458,3.5528,3.5508,3.5578,3.5508,3.5578,41
2026-01-02 18:02:00,3.5538,3.5648,3.5498,3.5618,3.5588,3.5698,3.5548,3.5668,60
2026-01-02 18:03:00,3.5613,3.5638,3.5588,3.5628,3.5663,3.5688,3.5638,3.5678,31
2026-01-02 18:04:00,3.5633,3.5758,3.5633,3.5758,3.5683,3.5808,3.5683,3.5808,61
2026-01-02 18:05:00,3.5753,3.5818,3.5743,3.5798,3.5803,3.5868,3.5793,3.5848,53
2026-01-02 18:06:00,3.5803,3.5898,3.5798,3.5888,3.5853,3.5948,3.5848,3.5938,51
2026-01-02 18:07:00,3.5893,3.5893,3.5848,3.5868,3.5943,3.5943,3.5898,3.5918,29
2026-01-02 18:08:00,3.5863,3.5863,3.5778,3.5783,3.5913,3.5913,3.5828,3.5833,47
2026-01-02 18:09:00,3.5788,3.5868,3.5778,3.5858,3.5838,3.5918,3.5828,3.5908,34
2026-01-02 18:10:00,3.5878,3.5878,3.5818,3.5838,3.5928,3.5928,3.5868,3.5888,40
2026-01-02 18:11:00,3.5833,3.5833,3.5768,3.5778,3.5883,3.5883,3.5818,3.5828,39
2026-01-02 18:12:00,3.5773,3.5818,3.5758,3.5798,3.5823,3.5868,3.5808,3.5848,31
2026-01-02 18:13:00,3.5803,3.5808,3.5778,3.5788,3.5853,3.5858,3.5828,3.5838,20
2026-01-02 18:14:00,3.5778,3.5808,3.5768,3.5783,3.5828,3.5858,3.5818,3.5833,21
2026-01-02 18:15:00,3.5798,3.5818,3.5758,3.5768,3.5848,3.5868,3.5808,3.5818,32
2026-01-02 18:16:00,3.5763,3.5778,3.5708,3.5743,3.5813,3.5828,3.5758,3.5793,34
2026-01-02 18:17:00,3.5748,3.5768,3.5708,3.5718,3.5798,3.5818,3.5758,3.5768,27
2026-01-02 18:18:00,3.5708,3.5748,3.5693,3.5708,3.5758,3.5798,3.5743,3.5758,30
2026-01-02 18:19:00,3.5718,3.5718,3.5658,3.5693,3.5768,3.5768,3.5708,3.5743,27
2026-01-02 18:20:00,3.5698,3.5703,3.5668,3.5668,3.5748,3.5753,3.5718,3.5718,23
2026-01-02 18:21:00,3.5673,3.5698,3.5648,3.5663,3.5723,3.5748,3.5698,3.5713,18
2026-01-02 18:22:00,3.5668,3.5668,3.5608,3.5668,3.5718,3.5718,3.5658,3.5718,36
2026-01-02 18:23:00,3.5673,3.5673,3.5643,3.5648,3.5723,3.5723,3.5693,3.5698,15
2026-01-02 18:24:00,3.5643,3.5698,3.5628,3.5683,3.5693,3.5748,3.5678,3.5733,20
2026-01-02 18:25:00,3.5678,3.5678,3.5658,3.5658,3.5728,3.5728,3.5708,3.5708,12
2026-01-02 18:26:00,3.5663,3.5678,3.5648,3.5678,3.5713,3.5728,3.5698,3.5728,13
2026-01-02 18:27:00,3.5688,3.5738,3.5673,3.5703,3.5738,3.5788,3.5723,3.5753,27
2026-01-02 18:28:00,3.5698,3.5703,3.5638,3.5663,3.5748,3.5753,3.5688,3.5713,23
2026-01-02 18:29:00,3.5658,3.5678,3.5658,3.5673,3.5708,3.5728,3.5708,3.5723,9
2026-01-02 18:30:00,3.5668,3.5743,3.5658,3.5708,3.5718,3.5793,3.5708,3.5758,29
2026-01-02 18:31:00,3.5713,3.5733,3.5703,3.5713,3.5763,3.5783,3.5753,3.5763,25
2026-01-02 18:32:00,3.5708,3.5783,3.5708,3.5758,3.5758,3.5833,3.5758,3.5808,24
2026-01-02 18:33:00,3.5763,3.5798,3.5763,3.5788,3.5813,3.5848,3.5813,3.5838,34
2026-01-02 18:34:00,3.5783,3.5788,3.5728,3.5748,3.5833,3.5838,3.5778,3.5798,22
2026-01-02 18:35:00,3.5738,3.5758,3.5738,3.5748,3.5788,3.5808,3.5788,3.5798,14
2026-01-02 18:36:00,3.5753,3.5753,3.5668,3.5678,3.5803,3.5803,3.5718,3.5728,42
2026-01-02 18:37:00,3.5683,3.5768,3.5678,3.5738,3.5733,3.5818,3.5728,3.5788,35
2026-01-02 18:38:00,3.5748,3.5748,3.5698,3.5708,3.5798,3.5798,3.5748,3.5758,30
2026-01-02 18:39:00,3.5713,3.5748,3.5713,3.5733,3.5763,3.5798,3.5763,3.5783,33
2026-01-02 18:40:00,3.5728,3.5748,3.5693,3.5698,3.5778,3.5798,3.5743,3.5748,25
2026-01-02 18:41:00,3.5708,3.5738,3.5683,3.5738,3.5758,3.5788,3.5733,3.5788,18
2026-01-02 18:42:00,3.5743,3.5878,3.5743,3.5848,3.5793,3.5928,3.5793,3.5898,35
2026-01-02 18:43:00,3.5843,3.5868,3.5828,3.5833,3.5893,3.5918,3.5878,3.5883,21
2026-01-02 18:44:00,3.5818,3.5818,3.5798,3.5798,3.5868,3.5868,3.5848,3.5848,21
2026-01-02 18:45:00,3.5788,3.5808,3.5783,3.5788,3.5838,3.5858,3.5833,3.5838,14
2026-01-02 18:46:00,3.5783,3.5783,3.5728,3.5738,3.5833,3.5833,3.5778,3.5788,24
2026-01-02 18:47:00,3.5743,3.5753,3.5618,3.5648,3.5793,3.5803,3.5668,3.5698,48
2026-01-02 18:48:00,3.5658,3.5708,3.5658,3.5703,3.5708,3.5758,3.5708,3.5753,18
2026-01-02 18:49:00,3.5698,3.5708,3.5628,3.5688,3.5748,3.5758,3.5678,3.5738,25
2026-01-02 18:50:00,3.5693,3.5693,3.5588,3.5598,3.5743,3.5743,3.5638,3.5648,42
2026-01-02 18:51:00,3.5603,3.5608,3.5568,3.5593,3.5653,3.5658,3.5618,3.5643,34
2026-01-02 18:52:00,3.5598,3.5598,3.5498,3.5513,3.5648,3.5648,3.5548,3.5563,39
2026-01-02 18:53:00,3.5523,3.5523,3.5488,3.5488,3.5573,3.5573,3.5538,3.5538,26
2026-01-02 18:54:00,3.5493,3.5508,3.5468,3.5508,3.5543,3.5558,3.5518,3.5558,16
2026-01-02 18:55:00,3.5513,3.5528,3.5478,3.5498,3.5563,3.5578,3.5528,3.5548,28
2026-01-02 18:56:00,3.5493,3.5578,3.5488,3.5563,3.5543,3.5628,3.5538,3.5613,37
2026-01-02 18:57:00,3.5558,3.5598,3.5558,3.5598,3.5608,3.5648,3.5608,3.5648,32
2026-01-02 18:58:00,3.5593,3.5628,3.5588,3.5618,3.5643,3.5678,3.5638,3.5668,10
2026-01-02 18:59:00,3.5628,3.5653,3.5618,3.5653,3.5678,3.5703,3.5668,3.5703,20
2026-01-02 19:00:00,3.5658,3.5738,3.5638,3.5728,3.5708,3.5788,3.5688,3.5778,36
2026-01-02 19:01:00,3.5733,3.5783,3.5683,3.5758,3.5783,3.5833,3.5733,3.5808,46
2026-01-02 19:02:00,3.5753,3.5778,3.5728,3.5728,3.5803,3.5828,3.5778,3.5778,22
2026-01-02 19:03:00,3.5718,3.5748,3.5708,3.5733,3.5768,3.5798,3.5758,3.5783,21
2026-01-02 19:04:00,3.5738,3.5828,3.5708,3.5823,3.5788,3.5878,3.5758,3.5873,54
2026-01-02 19:05:00,3.5828,3.5858,3.5808,3.5818,3.5878,3.5908,3.5858,3.5868,24
2026-01-02 19:06:00,3.5813,3.5838,3.5788,3.5838,3.5863,3.5888,3.5838,3.5888,22
2026-01-02 19:07:00,3.5828,3.5848,3.5758,3.5758,3.5878,3.5898,3.5808,3.5808,35
2026-01-02 19:08:00,3.5753,3.5768,3.5708,3.5768,3.5803,3.5818,3.5758,3.5818,40
2026-01-02 19:09:00,3.5763,3.5768,3.5748,3.5758,3.5813,3.5818,3.5798,3.5808,16
2026-01-02 19:10:00,3.5763,3.5768,3.5723,3.5728,3.5813,3.5818,3.5773,3.5778,16
2026-01-02 19:11:00,3.5738,3.5783,3.5738,3.5783,3.5788,3.5833,3.5788,3.5833,11
2026-01-02 19:12:00,3.5788,3.5808,3.5773,3.5798,3.5838,3.5858,3.5823,3.5848,32
2026-01-02 19:13:00,3.5803,3.5803,3.5768,3.5768,3.5853,3.5853,3.5818,3.5818,15
2026-01-02 19:14:00,3.5763,3.5818,3.5748,3.5818,3.5813,3.5868,3.5798,3.5868,30
2026-01-02 19:15:00,3.5813,3.5828,3.5628,3.5658,3.5863,3.5878,3.5678,3.5708,53
2026-01-02 19:16:00,3.5668,3.5713,3.5648,3.5653,3.5718,3.5763,3.5698,3.5703,34
2026-01-02 19:17:00,3.5663,3.5688,3.5568,3.5583,3.5713,3.5738,3.5618,3.5633,62
2026-01-02 19:18:00,3.5588,3.5688,3.5583,3.5688,3.5638,3.5738,3.5633,3.5738,27
2026-01-02 19:19:00,3.5683,3.5698,3.5618,3.5638,3.5733,3.5748,3.5668,3.5688,33
2026-01-02 19:20:00,3.5623,3.5678,3.5528,3.5668,3.5673,3.5728,3.5578,3.5718,52
2026-01-02 19:21:00,3.5663,3.5673,3.5618,3.5633,3.5713,3.5723,3.5668,3.5683,24
2026-01-02 19:22:00,3.5623,3.5678,3.5568,3.5668,3.5673,3.5728,3.5618,3.5718,48
2026-01-02 19:23:00,3.5663,3.5678,3.5633,3.5638,3.5713,3.5728,3.5683,3.5688,24
2026-01-02 19:24:00,3.5643,3.5648,3.5558,3.5588,3.5693,3.5698,3.5608,3.5638,46
2026-01-02 19:25:00,3.5578,3.5578,3.5493,3.5508,3.5628,3.5628,3.5543,3.5558,29
2026-01-02 19:26:00,3.5498,3.5518,3.5478,3.5488,3.5548,3.5568,3.5528,3.5538,25
2026-01-02 19:27:00,3.5483,3.5498,3.5448,3.5463,3.5533,3.5548,3.5498,3.5513,22
2026-01-02 19:28:00,3.5448,3.5458,3.5403,3.5408,3.5498,3.5508,3.5453,3.5458,33
2026-01-02 19:29:00,3.5413,3.5448,3.5398,3.5428,3.5463,3.5498,3.5448,3.5478,16
2026-01-02 19:30:00,3.5423,3.5468,3.5373,3.5418,3.5473,3.5518,3.5423,3.5468,41
2026-01-02 19:31:00,3.5423,3.5438,3.5338,3.5348,3.5473,3.5488,3.5388,3.5398,54
2026-01-02 19:32:00,3.5353,3.5373,3.5338,3.5343,3.5403,3.5423,3.5388,3.5393,23
2026-01-02 19:33:00,3.5333,3.5348,3.5258,3.5258,3.5383,3.5398,3.5308,3.5308,53
2026-01-02 19:34:00,3.5263,3.5268,3.5193,3.5208,3.5313,3.5318,3.5243,3.5258,53
2026-01-02 19:35:00,3.5198,3.5218,3.5168,3.5198,3.5248,3.5268,3.5218,3.5248,66
2026-01-02 19:36:00,3.5188,3.5198,3.5128,3.5148,3.5238,3.5248,3.5178,3.5198,60
2026-01-02 19:37:00,3.5153,3.5158,3.5103,3.5128,3.5203,3.5208,3.5153,3.5178,34
2026-01-02 19:38:00,3.5118,3.5143,3.5083,3.5098,3.5168,3.5193,3.5133,3.5148,27
2026-01-02 19:39:00,3.5108,3.5138,3.5098,3.5118,3.5158,3.5188,3.5148,3.5168,42
2026-01-02 19:40:00,3.5123,3.5123,3.5038,3.5038,3.5173,3.5173,3.5088,3.5088,33
2026-01-02 19:41:00,3.5043,3.5048,3.4968,3.5003,3.5093,3.5098,3.5018,3.5053,38
2026-01-02 19:42:00,3.4998,3.5008,3.4948,3.4958,3.5048,3.5058,3.4998,3.5008,37
2026-01-02 19:43:00,3.4948,3.4958,3.4898,3.4903,3.4998,3.5008,3.4948,3.4953,28
2026-01-02 19:44:00,3.4893,3.4973,3.4878,3.4908,3.4943,3.5023,3.4928,3.4958,41
2026-01-02 19:45:00,3.4903,3.4958,3.4888,3.4923,3.4953,3.5008,3.4938,3.4973,49
2026-01-02 19:46:00,3.4918,3.5008,3.4918,3.4988,3.4968,3.5058,3.4968,3.5038,58
2026-01-02 19:47:00,3.4993,3.5078,3.4993,3.5038,3.5043,3.5128,3.5043,3.5088,62
2026-01-02 19:48:00,3.5048,3.5148,3.5048,3.5143,3.5098,3.5198,3.5098,3.5193,31
2026-01-02 19:49:00,3.5148,3.5178,3.5118,3.5118,3.5198,3.5228,3.5168,3.5168,22
2026-01-02 19:50:00,3.5108,3.5118,3.5053,3.5098,3.5158,3.5168,3.5103,3.5148,38
2026-01-02 19:51:00,3.5103,3.5108,3.5088,3.5088,3.5153,3.5158,3.5138,3.5138,20
2026-01-02 19:52:00,3.5093,3.5098,3.5088,3.5088,3.5143,3.5148,3.5138,3.5138,7
2026-01-02 19:53:00,3.5093,3.5108,3.5058,3.5093,3.5143,3.5158,3.5108,3.5143,33
2026-01-02 19:54:00,3.5098,3.5118,3.5088,3.5108,3.5148,3.5168,3.5138,3.5158,20
2026-01-02 19:55:00,3.5113,3.5178,3.5108,3.5173,3.5163,3.5228,3.5158,3.5223,25
2026-01-02 19:56:00,3.5178,3.5188,3.5138,3.5138,3.5228,3.5238,3.5188,3.5188,26
2026-01-02 19:57:00,3.5133,3.5148,3.5123,3.5148,3.5183,3.5198,3.5173,3.5198,16
2026-01-02 19:58:00,3.5143,3.5198,3.5143,3.5188,3.5193,3.5248,3.5193,3.5238,25
2026-01-02 19:59:00,3.5183,3.5208,3.5168,3.5203,3.5233,3.5258,3.5218,3.5253,33
2026-01-02 20:00:00,3.5208,3.5213,3.5178,3.5208,3.5258,3.5263,3.5228,3.5258,32
2026-01-02 20:01:00,3.5203,3.5203,3.5138,3.5138,3.5253,3.5253,3.5188,3.5188,34
2026-01-02 20:02:00,3.5143,3.5158,3.5108,3.5128,3.5193,3.5208,3.5158,3.5178,36
2026-01-02 20:03:00,3.5118,3.5138,3.5078,3.5088,3.5168,3.5188,3.5128,3.5138,37
2026-01-02 20:04:00,3.5093,3.5218,3.5093,3.5188,3.5143,3.5268,3.5143,3.5238,37
2026-01-02 20:05:00,3.5183,3.5183,3.5148,3.5163,3.5233,3.5233,3.5198,3.5213,30
2026-01-02 20:06:00,3.5158,3.5288,3.5128,3.5273,3.5208,3.5338,3.5178,3.5323,52
2026-01-02 20:07:00,3.5283,3.5298,3.5198,3.5203,3.5333,3.5348,3.5248,3.5253,59
2026-01-02 20:08:00,3.5198,3.5198,3.5118,3.5158,3.5248,3.5248,3.5168,3.5208,53
2026-01-02 20:09:00,3.5163,3.5168,3.5098,3.5108,3.5213,3.5218,3.5148,3.5158,37
2026-01-02 20:10:00,3.5103,3.5128,3.5078,3.5108,3.5153,3.5178,3.5128,3.5158,35
2026-01-02 20:11:00,3.5113,3.5113,3.5043,3.5063,3.5163,3.5163,3.5093,3.5113,38
2026-01-02 20:12:00,3.5068,3.5098,3.5028,3.5028,3.5118,3.5148,3.5078,3.5078,36
2026-01-02 20:13:00,3.5023,3.5038,3.4968,3.4983,3.5073,3.5088,3.5018,3.5033,51
2026-01-02 20:14:00,3.4973,3.5018,3.4943,3.5013,3.5023,3.5068,3.4993,3.5063,34
2026-01-02 20:15:00,3.5008,3.5008,3.4948,3.4978,3.5058,3.5058,3.4998,3.5028,34
2026-01-02 20:16:00,3.4988,3.5013,3.4968,3.5008,3.5038,3.5063,3.5018,3.5058,26
2026-01-02 20:17:00,3.5003,3.5018,3.4968,3.4998,3.5053,3.5068,3.5018,3.5048,40
2026-01-02 20:18:00,3.4993,3.5008,3.4978,3.4993,3.5043,3.5058,3.5028,3.5043,26
2026-01-02 20:19:00,3.4988,3.5018,3.4958,3.4998,3.5038,3.5068,3.5008,3.5048,46
2026-01-02 20:20:00,3.5008,3.5023,3.4988,3.4998,3.5058,3.5073,3.5038,3.5048,24
2026-01-02 20:21:00,3.4993,3.5013,3.4958,3.4958,3.5043,3.5063,3.5008,3.5008,32
2026-01-02 20:22:00,3.4948,3.4978,3.4928,3.4933,3.4998,3.5028,3.4978,3.4983,39
2026-01-02 20:23:00,3.4928,3.4958,3.4923,3.4953,3.4978,3.5008,3.4973,3.5003,45
2026-01-02 20:24:00,3.4958,3.4998,3.4908,3.4913,3.5008,3.5048,3.4958,3.4963,47
2026-01-02 20:25:00,3.4908,3.4958,3.4848,3.4938,3.4958,3.5008,3.4898,3.4988,77
2026-01-02 20:26:00,3.4928,3.4998,3.4918,3.4978,3.4978,3.5048,3.4968,3.5028,47
2026-01-02 20:27:00,3.4988,3.5048,3.4963,3.5013,3.5038,3.5098,3.5013,3.5063,79
2026-01-02 20:28:00,3.5018,3.5048,3.4958,3.5043,3.5068,3.5098,3.5008,3.5093,204
2026-01-02 20:29:00,3.5058,3.5178,3.5048,3.5163,3.5108,3.5228,3.5098,3.5213,150
2026-01-02 20:30:00,3.5158,3.5173,3.5108,3.5118,3.5208,3.5223,3.5158,3.5168,67
2026-01-02 20:31:00,3.5113,3.5113,3.5058,3.5113,3.5163,3.5163,3.5108,3.5163,33
2026-01-02 20:32:00,3.5108,3.5153,3.5108,3.5143,3.5158,3.5203,3.5158,3.5193,15
2026-01-02 20:33:00,3.5148,3.5148,3.5083,3.5083,3.5198,3.5198,3.5133,3.5133,24
2026-01-02 20:34:00,3.5098,3.5108,3.5068,3.5088,3.5148,3.5158,3.5118,3.5138,27
2026-01-02 20:35:00,3.5093,3.5148,3.5093,3.5148,3.5143,3.5198,3.5143,3.5198,25
2026-01-02 20:36:00,3.5143,3.5168,3.5103,3.5108,3.5193,3.5218,3.5153,3.5158,32
2026-01-02 20:37:00,3.5113,3.5128,3.5108,3.5118,3.5163,3.5178,3.5158,3.5168,9
2026-01-02 20:38:00,3.5128,3.5128,3.5083,3.5118,3.5178,3.5178,3.5133,3.5168,14
2026-01-02 20:39:00,3.5123,3.5138,3.5118,3.5123,3.5173,3.5188,3.5168,3.5173,24
2026-01-02 20:40:00,3.5128,3.5138,3.5128,3.5128,3.5178,3.5188,3.5178,3.5178,11
2026-01-02 20:41:00,3.5133,3.5158,3.5128,3.5128,3.5183,3.5208,3.5178,3.5178,17
2026-01-02 20:42:00,3.5133,3.5163,3.5133,3.5158,3.5183,3.5213,3.5183,3.5208,10
2026-01-02 20:43:00,3.5153,3.5188,3.5148,3.5178,3.5203,3.5238,3.5198,3.5228,16
2026-01-02 20:44:00,3.5188,3.5208,3.5168,3.5188,3.5238,3.5258,3.5218,3.5238,23
2026-01-02 20:45:00,3.5193,3.5198,3.5158,3.5173,3.5243,3.5248,3.5208,3.5223,25
2026-01-02 20:46:00,3.5178,3.5178,3.5133,3.5138,3.5228,3.5228,3.5183,3.5188,19
2026-01-02 20:47:00,3.5133,3.5168,3.5118,3.5168,3.5183,3.5218,3.5168,3.5218,19
2026-01-02 20:48:00,3.5173,3.5193,3.5168,3.5193,3.5223,3.5243,3.5218,3.5243,8
2026-01-02 20:49:00,3.5203,3.5208,3.5168,3.5173,3.5253,3.5258,3.5218,3.5223,19
2026-01-02 20:50:00,3.5178,3.5198,3.5168,3.5198,3.5228,3.5248,3.5218,3.5248,17
2026-01-02 20:51:00,3.5188,3.5208,3.5188,3.5203,3.5238,3.5258,3.5238,3.5253,7
2026-01-02 20:52:00,3.5208,3.5208,3.5188,3.5208,3.5258,3.5258,3.5238,3.5258,7
2026-01-02 20:53:00,3.5198,3.5198,3.5188,3.5198,3.5248,3.5248,3.5238,3.5248,6
2026-01-02 20:54:00,3.5208,3.5208,3.5188,3.5188,3.5258,3.5258,3.5238,3.5238,7
2026-01-02 20:55:00,3.5178,3.5178,3.5153,3.5158,3.5228,3.5228,3.5203,3.5208,13
2026-01-02 20:56:00,3.5153,3.5178,3.5148,3.5158,3.5203,3.5228,3.5198,3.5208,12
2026-01-02 20:57:00,3.5163,3.5178,3.5158,3.5163,3.5213,3.5228,3.5208,3.5213,7
2026-01-02 20:58:00,3.5168,3.5198,3.5168,3.5188,3.5218,3.5248,3.5218,3.5238,13
2026-01-02 20:59:00,3.5198,3.5243,3.5198,3.5218,3.5248,3.5293,3.5248,3.5268,26
2026-01-02 21:00:00,3.5213,3.5258,3.5213,3.5238,3.5263,3.5308,3.5263,3.5288,18
2026-01-02 21:01:00,3.5248,3.5258,3.5238,3.5238,3.5298,3.5308,3.5288,3.5288,5
2026-01-02 21:02:00,3.5243,3.5288,3.5243,3.5278,3.5293,3.5338,3.5293,3.5328,20
2026-01-02 21:03:00,3.5268,3.5268,3.5243,3.5248,3.5318,3.5318,3.5293,3.5298,9
2026-01-02 21:04:00,3.5243,3.5268,3.5243,3.5268,3.5293,3.5318,3.5293,3.5318,4
2026-01-02 21:05:00,3.5278,3.5308,3.5278,3.5298,3.5328,3.5358,3.5328,3.5348,11
2026-01-02 21:06:00,3.5288,3.5318,3.5288,3.5318,3.5338,3.5368,3.5338,3.5368,12
2026-01-02 21:08:00,3.5313,3.5313,3.5298,3.5298,3.5363,3.5363,3.5348,3.5348,6
2026-01-02 21:09:00,3.5293,3.5293,3.5248,3.5258,3.5343,3.5343,3.5298,3.5308,6
2026-01-02 21:10:00,3.5253,3.5253,3.5238,3.5238,3.5303,3.5303,3.5288,3.5288,4
2026-01-02 21:11:00,3.5228,3.5238,3.5228,3.5228,3.5278,3.5288,3.5278,3.5278,6
2026-01-02 21:12:00,3.5218,3.5218,3.5193,3.5203,3.5268,3.5268,3.5243,3.5253,11
2026-01-02 21:13:00,3.5208,3.5208,3.5168,3.5168,3.5258,3.5258,3.5218,3.5218,9
2026-01-02 21:14:00,3.5173,3.5198,3.5173,3.5198,3.5223,3.5248,3.5223,3.5248,6
2026-01-02 21:15:00,3.5193,3.5193,3.5138,3.5158,3.5243,3.5243,3.5188,3.5208,14
2026-01-02 21:16:00,3.5153,3.5153,3.5143,3.5148,3.5203,3.5203,3.5193,3.5198,4
2026-01-02 21:17:00,3.5158,3.5218,3.5158,3.5208,3.5208,3.5268,3.5208,3.5258,15
2026-01-02 21:18:00,3.5213,3.5228,3.5213,3.5223,3.5263,3.5278,3.5263,3.5273,5
2026-01-02 21:19:00,3.5218,3.5243,3.5213,3.5238,3.5268,3.5293,3.5263,3.5288,15
2026-01-02 21:20:00,3.5233,3.5238,3.5218,3.5218,3.5283,3.5288,3.5268,3.5268,6
2026-01-02 21:21:00,3.5208,3.5208,3.5178,3.5178,3.5258,3.5258,3.5228,3.5228,7
2026-01-02 21:22:00,3.5173,3.5188,3.5168,3.5178,3.5223,3.5238,3.5218,3.5228,10
2026-01-02 21:23:00,3.5168,3.5218,3.5168,3.5218,3.5218,3.5268,3.5218,3.5268,15
2026-01-02 21:24:00,3.5228,3.5258,3.5228,3.5258,3.5278,3.5308,3.5278,3.5308,13
2026-01-02 21:25:00,3.5253,3.5253,3.5198,3.5198,3.5303,3.5303,3.5248,3.5248,17
2026-01-02 21:26:00,3.5193,3.5203,3.5188,3.5188,3.5243,3.5253,3.5238,3.5238,12
2026-01-02 21:27:00,3.5208,3.5218,3.5188,3.5213,3.5258,3.5268,3.5238,3.5263,22
2026-01-02 21:28:00,3.5208,3.5238,3.5208,3.5228,3.5258,3.5288,3.5258,3.5278,8
2026-01-02 21:29:00,3.5223,3.5223,3.5198,3.5208,3.5273,3.5273,3.5248,3.5258,9
2026-01-02 21:30:00,3.5203,3.5213,3.5188,3.5188,3.5253,3.5263,3.5238,3.5238,7
2026-01-02 21:31:00,3.5198,3.5198,3.5158,3.5178,3.5248,3.5248,3.5208,3.5228,17
2026-01-02 21:32:00,3.5168,3.5168,3.5158,3.5168,3.5218,3.5218,3.5208,3.5218,9
2026-01-02 21:33:00,3.5178,3.5178,3.5158,3.5168,3.5228,3.5228,3.5208,3.5218,9
2026-01-02 21:34:00,3.5158,3.5188,3.5158,3.5178,3.5208,3.5238,3.5208,3.5228,11
2026-01-02 21:35:00,3.5188,3.5233,3.5188,3.5223,3.5238,3.5283,3.5238,3.5273,12
2026-01-02 21:36:00,3.5228,3.5238,3.5218,3.5233,3.5278,3.5288,3.5268,3.5283,11
2026-01-02 21:37:00,3.5228,3.5243,3.5218,3.5218,3.5278,3.5293,3.5268,3.5268,10
2026-01-02 21:38:00,3.5228,3.5238,3.5223,3.5228,3.5278,3.5288,3.5273,3.5278,7
2026-01-02 21:39:00,3.5233,3.5233,3.5188,3.5188,3.5283,3.5283,3.5238,3.5238,12
2026-01-02 21:40:00,3.5193,3.5198,3.5168,3.5168,3.5243,3.5248,3.5218,3.5218,20
2026-01-02 21:41:00,3.5178,3.5248,3.5168,3.5248,3.5228,3.5298,3.5218,3.5298,23
2026-01-02 21:42:00,3.5253,3.5258,3.5248,3.5258,3.5303,3.5308,3.5298,3.5308,4
2026-01-02 21:43:00,3.5248,3.5248,3.5213,3.5218,3.5298,3.5298,3.5263,3.5268,21
2026-01-02 21:44:00,3.5228,3.5258,3.5218,3.5258,3.5278,3.5308,3.5268,3.5308,14
2026-01-02 21:45:00,3.5278,3.5288,3.5258,3.5258,3.5328,3.5338,3.5308,3.5308,7
2026-01-02 21:46:00,3.5253,3.5253,3.5248,3.5248,3.5303,3.5303,3.5298,3.5298,2
2026-01-02 21:47:00,3.5243,3.5243,3.5228,3.5238,3.5293,3.5293,3.5278,3.5288,8
2026-01-02 21:48:00,3.5243,3.5253,3.5233,3.5233,3.5293,3.5303,3.5283,3.5283,6
2026-01-02 21:49:00,3.5228,3.5228,3.5228,3.5228,3.5278,3.5278,3.5278,3.5278,1
2026-01-02 21:50:00,3.5233,3.5238,3.5228,3.5233,3.5283,3.5288,3.5278,3.5283,7
2026-01-02 21:52:00,3.5238,3.5278,3.5238,3.5248,3.5288,3.5328,3.5288,3.5298,17
2026-01-02 21:53:00,3.5243,3.5243,3.5238,3.5243,3.5293,3.5293,3.5288,3.5293,5
2026-01-02 21:54:00,3.5248,3.5288,3.5238,3.5278,3.5298,3.5338,3.5288,3.5328,12
2026-01-02 21:55:00,3.5288,3.5288,3.5263,3.5273,3.5338,3.5338,3.5313,3.5323,11
2026-01-02 21:56:00,3.5278,3.5288,3.5268,3.5273,3.5328,3.5338,3.5318,3.5323,12
2026-01-02 21:57:00,3.5268,3.5288,3.5263,3.5268,3.5318,3.5338,3.5313,3.5318,9
2026-01-02 21:58:00,3.5258,3.5288,3.5258,3.5288,3.5308,3.5338,3.5308,3.5338,11
2026-01-02 21:59:00,3.5283,3.5323,3.5278,3.5303,3.5333,3.5373,3.5328,3.5353,22
2026-01-02 22:00:00,3.5293,3.5313,3.5293,3.5298,3.5343,3.5363,3.5343,3.5348,14
2026-01-02 22:01:00,3.5303,3.5303,3.5293,3.5298,3.5353,3.5353,3.5343,3.5348,3
2026-01-02 22:02:00,3.5293,3.5293,3.5293,3.5293,3.5343,3.5343,3.5343,3.5343,1
2026-01-02 22:04:00,3.5288,3.5303,3.5288,3.5303,3.5338,3.5353,3.5338,3.5353,4
2026-01-02 22:05:00,3.5298,3.5303,3.5298,3.5303,3.5348,3.5353,3.5348,3.5353,2
2026-01-02 22:06:00,3.5298,3.5298,3.5278,3.5278,3.5348,3.5348,3.5328,3.5328,3
2026-01-02 22:07:00,3.5273,3.5288,3.5273,3.5283,3.5323,3.5338,3.5323,3.5333,5
2026-01-02 22:08:00,3.5278,3.5278,3.5253,3.5263,3.5328,3.5328,3.5303,3.5313,7
2026-01-02 22:09:00,3.5258,3.5258,3.5248,3.5248,3.5308,3.5308,3.5298,3.5298,2
2026-01-02 22:10:00,3.5258,3.5258,3.5253,3.5253,3.5308,3.5308,3.5303,3.5303,2
2026-01-02 22:11:00,3.5263,3.5268,3.5263,3.5263,3.5313,3.5318,3.5313,3.5313,3
2026-01-02 22:12:00,3.5268,3.5278,3.5263,3.5263,3.5318,3.5328,3.5313,3.5313,4
2026-01-02 22:13:00,3.5258,3.5258,3.5233,3.5238,3.5308,3.5308,3.5283,3.5288,6
2026-01-02 22:14:00,3.5228,3.5238,3.5208,3.5228,3.5278,3.5288,3.5258,3.5278,12
2026-01-02 22:15:00,3.5233,3.5233,3.5208,3.5208,3.5283,3.5283,3.5258,3.5258,3
2026-01-02 22:16:00,3.5213,3.5213,3.5213,3.5213,3.5263,3.5263,3.5263,3.5263,1
2026-01-02 22:17:00,3.5223,3.5223,3.5213,3.5213,3.5273,3.5273,3.5263,3.5263,2
2026-01-02 22:18:00,3.5218,3.5233,3.5208,3.5213,3.5268,3.5283,3.5258,3.5263,8
2026-01-02 22:19:00,3.5208,3.5208,3.5208,3.5208,3.5258,3.5258,3.5258,3.5258,1
2026-01-02 22:20:00,3.5213,3.5213,3.5213,3.5213,3.5263,3.5263,3.5263,3.5263,1
2026-01-02 22:21:00,3.5208,3.5208,3.5203,3.5203,3.5258,3.5258,3.5253,3.5253,2
2026-01-02 22:22:00,3.5198,3.5198,3.5198,3.5198,3.5248,3.5248,3.5248,3.5248,1
2026-01-02 22:23:00,3.5203,3.5208,3.5203,3.5208,3.5253,3.5258,3.5253,3.5258,4
2026-01-02 22:24:00,3.5213,3.5243,3.5213,3.5243,3.5263,3.5293,3.5263,3.5293,4
2026-01-02 22:25:00,3.5248,3.5253,3.5248,3.5253,3.5298,3.5303,3.5298,3.5303,4
2026-01-02 22:26:00,3.5248,3.5248,3.5248,3.5248,3.5298,3.5298,3.5298,3.5298,1
2026-01-02 22:27:00,3.5238,3.5248,3.5238,3.5248,3.5288,3.5298,3.5288,3.5298,2
2026-01-02 22:28:00,3.5243,3.5288,3.5228,3.5258,3.5293,3.5338,3.5278,3.5308,28
2026-01-02 22:29:00,3.5253,3.5293,3.5248,3.5263,3.5303,3.5343,3.5298,3.5313,14
2026-01-02 22:30:00,3.5258,3.5258,3.5243,3.5248,3.5308,3.5308,3.5293,3.5298,4
2026-01-02 22:31:00,3.5243,3.5243,3.5233,3.5238,3.5293,3.5293,3.5283,3.5288,4
2026-01-02 22:32:00,3.5243,3.5243,3.5228,3.5228,3.5293,3.5293,3.5278,3.5278,4
2026-01-02 22:33:00,3.5223,3.5238,3.5223,3.5238,3.5273,3.5288,3.5273,3.5288,3
2026-01-02 22:37:00,3.5248,3.5288,3.5248,3.5278,3.5298,3.5338,3.5298,3.5328,18
2026-01-02 22:38:00,3.5268,3.5288,3.5268,3.5288,3.5318,3.5338,3.5318,3.5338,6
2026-01-02 22:39:00,3.5293,3.5293,3.5288,3.5288,3.5343,3.5343,3.5338,3.5338,2
2026-01-02 22:40:00,3.5293,3.5333,3.5293,3.5313,3.5343,3.5383,3.5343,3.5363,13
2026-01-02 22:41:00,3.5298,3.5313,3.5288,3.5288,3.5348,3.5363,3.5338,3.5338,10
2026-01-02 22:42:00,3.5293,3.5293,3.5248,3.5253,3.5343,3.5343,3.5298,3.5303,9
2026-01-02 22:43:00,3.5258,3.5268,3.5258,3.5263,3.5308,3.5318,3.5308,3.5313,3
2026-01-02 22:44:00,3.5268,3.5278,3.5248,3.5268,3.5318,3.5328,3.5298,3.5318,8
2026-01-02 22:45:00,3.5278,3.5293,3.5263,3.5293,3.5328,3.5343,3.5313,3.5343,9
2026-01-02 22:46:00,3.5288,3.5288,3.5288,3.5288,3.5338,3.5338,3.5338,3.5338,1
2026-01-02 22:47:00,3.5293,3.5303,3.5288,3.5288,3.5343,3.5353,3.5338,3.5338,7
2026-01-02 22:48:00,3.5298,3.5298,3.5293,3.5293,3.5348,3.5348,3.5343,3.5343,2
2026-01-02 22:49:00,3.5288,3.5288,3.5288,3.5288,3.5338,3.5338,3.5338,3.5338,1
2026-01-02 22:50:00,3.5283,3.5283,3.5278,3.5278,3.5333,3.5333,3.5328,3.5328,2
2026-01-02 22:51:00,3.5288,3.5288,3.5283,3.5288,3.5338,3.5338,3.5333,3.5338,5
2026-01-02 22:52:00,3.5283,3.5283,3.5278,3.5278,3.5333,3.5333,3.5328,3.5328,2
2026-01-02 22:53:00,3.5273,3.5273,3.5268,3.5268,3.5323,3.5323,3.5318,3.5318,2
2026-01-02 22:54:00,3.5258,3.5268,3.5253,3.5253,3.5308,3.5318,3.5303,3.5303,4
2026-01-02 22:55:00,3.5258,3.5258,3.5238,3.5248,3.5308,3.5308,3.5288,3.5298,13
2026-01-02 22:56:00,3.5253,3.5258,3.5248,3.5248,3.5303,3.5308,3.5298,3.5298,6
2026-01-02 22:57:00,3.5243,3.5258,3.5243,3.5258,3.5293,3.5308,3.5293,3.5308,6
2026-01-02 22:58:00,3.5253,3.5273,3.5253,3.5273,3.5303,3.5323,3.5303,3.5323,9
2026-01-02 22:59:00,3.5278,3.5293,3.5044,3.5044,3.5328,3.5343,3.5094,3.5094,35
2026-01-05 00:01:00,3.285,3.285,3.284,3.284,3.29,3.29,3.289,3.289,2
2026-01-05 00:02:00,3.283,3.294,3.283,3.291,3.288,3.299,3.288,3.296,51
2026-01-05 00:03:00,3.2915,3.2925,3.2855,3.2925,3.2965,3.2975,3.2905,3.2975,24
2026-01-05 00:04:00,3.2935,3.2945,3.2835,3.2835,3.2985,3.2995,3.2885,3.2885,16
2026-01-05 00:05:00,3.284,3.284,3.276,3.2765,3.289,3.289,3.281,3.2815,37
2026-01-05 00:06:00,3.2815,3.2815,3.2575,3.2585,3.2865,3.2865,3.2625,3.2635,45
2026-01-05 00:07:00,3.2605,3.2635,3.2595,3.262,3.2655,3.2685,3.2645,3.267,24
2026-01-05 00:08:00,3.26,3.2615,3.2315,3.2335,3.265,3.2665,3.2365,3.2385,62
2026-01-05 00:09:00,3.234,3.244,3.2335,3.242,3.239,3.249,3.2385,3.247,29
2026-01-05 00:10:00,3.2425,3.2485,3.2425,3.2475,3.2475,3.2535,3.2475,3.2525,15
2026-01-05 00:11:00,3.2495,3.2515,3.244,3.2475,3.2545,3.2565,3.249,3.2525,19
2026-01-05 00:12:00,3.2495,3.2495,3.2415,3.2451,3.2545,3.2545,3.2465,3.25,16
2026-01-05 00:13:00,3.2445,3.25,3.2445,3.2495,3.2495,3.255,3.2495,3.2545,14
2026-01-05 00:14:00,3.25,3.2505,3.2495,3.2505,3.255,3.2555,3.2545,3.2555,10
2026-01-05 00:15:00,3.251,3.2645,3.251,3.2645,3.256,3.2695,3.256,3.2695,42
2026-01-05 00:16:00,3.264,3.2705,3.263,3.263,3.269,3.2755,3.268,3.268,31
2026-01-05 00:17:00,3.262,3.2645,3.2615,3.264,3.267,3.2695,3.2665,3.269,12
2026-01-05 00:18:00,3.2645,3.2655,3.263,3.263,3.2695,3.2705,3.268,3.268,9
2026-01-05 00:19:00,3.262,3.267,3.2615,3.2665,3.267,3.272,3.2665,3.2715,22
2026-01-05 00:20:00,3.267,3.268,3.263,3.2675,3.272,3.273,3.268,3.2725,12
2026-01-05 00:21:00,3.267,3.2745,3.2645,3.273,3.272,3.2795,3.2695,3.278,27
2026-01-05 00:22:00,3.2735,3.2745,3.2705,3.272,3.2785,3.2795,3.2755,3.277,11
2026-01-05 00:23:00,3.271,3.271,3.267,3.267,3.276,3.276,3.272,3.272,17
2026-01-05 00:24:00,3.2665,3.2665,3.263,3.263,3.2715,3.2715,3.268,3.268,4
2026-01-05 00:25:00,3.2625,3.2625,3.257,3.259,3.2675,3.2675,3.262,3.264,20
2026-01-05 00:26:00,3.2585,3.2585,3.2525,3.2555,3.2635,3.2635,3.2575,3.2605,14
2026-01-05 00:27:00,3.255,3.2585,3.254,3.2565,3.26,3.2635,3.259,3.2615,14
2026-01-05 00:28:00,3.257,3.277,3.257,3.273,3.262,3.282,3.262,3.278,57
2026-01-05 00:29:00,3.2725,3.2765,3.2715,3.274,3.2775,3.2815,3.2765,3.279,16
2026-01-05 00:30:00,3.2745,3.2775,3.2735,3.2775,3.2795,3.2825,3.2785,3.2825,14
2026-01-05 00:31:00,3.277,3.2795,3.272,3.272,3.282,3.2845,3.277,3.277,21
2026-01-05 00:32:00,3.2725,3.2765,3.2725,3.276,3.2775,3.2815,3.2775,3.281,9
2026-01-05 00:33:00,3.2755,3.2755,3.272,3.2735,3.2805,3.2805,3.277,3.2785,16
2026-01-05 00:34:00,3.2725,3.2725,3.271,3.271,3.2775,3.2775,3.276,3.276,6
2026-01-05 00:35:00,3.273,3.273,3.267,3.2685,3.278,3.278,3.272,3.2735,14
2026-01-05 00:36:00,3.268,3.2685,3.265,3.265,3.273,3.2735,3.27,3.27,8
2026-01-05 00:37:00,3.2655,3.2725,3.2655,3.2725,3.2705,3.2775,3.2705,3.2775,10
2026-01-05 00:38:00,3.273,3.2775,3.273,3.2765,3.278,3.2825,3.278,3.2815,7
2026-01-05 00:39:00,3.277,3.2775,3.271,3.2725,3.282,3.2825,3.276,3.2775,12
2026-01-05 00:40:00,3.2735,3.2775,3.2735,3.2775,3.2785,3.2825,3.2785,3.2825,12
2026-01-05 00:41:00,3.276,3.2775,3.275,3.276,3.281,3.2825,3.28,3.281,12
2026-01-05 00:42:00,3.277,3.2785,3.277,3.2775,3.282,3.2835,3.282,3.2825,6
2026-01-05 00:43:00,3.278,3.278,3.2775,3.278,3.283,3.283,3.2825,3.283,3
2026-01-05 00:45:00,3.2775,3.2775,3.2735,3.2735,3.2825,3.2825,3.2785,3.2785,9
2026-01-05 00:46:00,3.274,3.2745,3.274,3.2745,3.279,3.2795,3.279,3.2795,2
2026-01-05 00:47:00,3.274,3.274,3.271,3.2735,3.279,3.279,3.276,3.2785,10
2026-01-05 00:48:00,3.2745,3.2765,3.273,3.2765,3.2795,3.2815,3.278,3.2815,8
2026-01-05 00:49:00,3.277,3.2775,3.2705,3.2745,3.282,3.2825,3.2755,3.2795,16
2026-01-05 00:50:00,3.275,3.2755,3.275,3.275,3.28,3.2805,3.28,3.28,3
2026-01-05 00:51:00,3.2755,3.2765,3.2755,3.276,3.2805,3.2815,3.2805,3.281,4
2026-01-05 00:52:00,3.2765,3.2765,3.275,3.2755,3.2815,3.2815,3.28,3.2805,4
2026-01-05 00:53:00,3.276,3.2765,3.2745,3.276,3.281,3.2815,3.2795,3.281,12
2026-01-05 00:54:00,3.2755,3.2755,3.2755,3.2755,3.2805,3.2805,3.2805,3.2805,1
2026-01-05 00:55:00,3.2765,3.278,3.2765,3.278,3.2815,3.283,3.2815,3.283,6
2026-01-05 00:56:00,3.2785,3.2835,3.278,3.2815,3.2835,3.2885,3.283,3.2865,14
2026-01-05 00:57:00,3.282,3.285,3.2805,3.2805,3.287,3.29,3.2855,3.2855,19
2026-01-05 00:58:00,3.2815,3.2855,3.2815,3.284,3.2865,3.2905,3.2865,3.289,12
2026-01-05 00:59:00,3.2845,3.288,3.2835,3.2875,3.2895,3.293,3.2885,3.2925,8
2026-01-05 01:00:00,3.2855,3.286,3.2845,3.285,3.2905,3.291,3.2895,3.29,9
2026-01-05 01:01:00,3.2855,3.2865,3.2845,3.286,3.2905,3.2915,3.2895,3.291,9
2026-01-05 01:02:00,3.287,3.291,3.287,3.2885,3.292,3.296,3.292,3.2935,11
2026-01-05 01:03:00,3.289,3.2935,3.2875,3.2925,3.294,3.2985,3.2925,3.2975,11
2026-01-05 01:04:00,3.293,3.293,3.292,3.292,3.298,3.298,3.297,3.297,5
2026-01-05 01:05:00,3.29,3.2905,3.2885,3.29,3.295,3.2955,3.2935,3.295,8
2026-01-05 01:06:00,3.2895,3.29,3.2885,3.29,3.2945,3.295,3.2935,3.295,5
2026-01-05 01:07:00,3.2905,3.2905,3.2895,3.29,3.2955,3.2955,3.2945,3.295,6
2026-01-05 01:08:00,3.2895,3.2905,3.2895,3.2905,3.2945,3.2955,3.2945,3.2955,3
2026-01-05 01:09:00,3.2895,3.2895,3.2845,3.2865,3.2945,3.2945,3.2895,3.2915,14
2026-01-05 01:10:00,3.287,3.288,3.287,3.288,3.292,3.293,3.292,3.293,3
2026-01-05 01:11:00,3.2875,3.288,3.281,3.2835,3.2925,3.293,3.286,3.2885,18
2026-01-05 01:12:00,3.2845,3.287,3.2815,3.287,3.2895,3.292,3.2865,3.292,17
2026-01-05 01:13:00,3.2875,3.2885,3.2875,3.288,3.2925,3.2935,3.2925,3.293,3
2026-01-05 01:14:00,3.2875,3.289,3.2875,3.289,3.2925,3.294,3.2925,3.294,4
2026-01-05 01:15:00,3.2895,3.29,3.2845,3.2855,3.2945,3.295,3.2895,3.2905,8
2026-01-05 01:16:00,3.286,3.286,3.285,3.285,3.291,3.291,3.29,3.29,5
2026-01-05 01:17:00,3.2855,3.286,3.2825,3.283,3.2905,3.291,3.2875,3.288,7
2026-01-05 01:18:00,3.2835,3.284,3.2835,3.2835,3.2885,3.289,3.2885,3.2885,3
2026-01-05 01:19:00,3.284,3.2855,3.2825,3.2855,3.289,3.2905,3.2875,3.2905,9
2026-01-05 01:20:00,3.2845,3.2875,3.282,3.282,3.2895,3.2925,3.287,3.287,15
2026-01-05 01:21:00,3.2815,3.2835,3.2805,3.2835,3.2865,3.2885,3.2855,3.2885,8
2026-01-05 01:22:00,3.283,3.283,3.278,3.2795,3.288,3.288,3.283,3.2845,21
2026-01-05 01:23:00,3.28,3.281,3.277,3.278,3.285,3.286,3.282,3.283,18
2026-01-05 01:24:00,3.2775,3.281,3.277,3.281,3.2825,3.286,3.282,3.286,9
2026-01-05 01:25:00,3.2815,3.282,3.281,3.282,3.2865,3.287,3.286,3.287,4
2026-01-05 01:26:00,3.2825,3.2845,3.2815,3.2845,3.2875,3.2895,3.2865,3.2895,7
2026-01-05 01:27:00,3.284,3.2865,3.2835,3.284,3.289,3.2915,3.2885,3.289,8
2026-01-05 01:28:00,3.2835,3.285,3.2835,3.285,3.2885,3.29,3.2885,3.29,3
2026-01-05 01:29:00,3.2855,3.2855,3.2825,3.285,3.2905,3.2905,3.2875,3.29,9
2026-01-05 01:30:00,3.2855,3.2895,3.2855,3.2895,3.2905,3.2945,3.2905,3.2945,7
2026-01-05 01:31:00,3.289,3.2905,3.2885,3.2885,3.294,3.2955,3.2935,3.2935,6
2026-01-05 01:32:00,3.2895,3.2905,3.2845,3.285,3.2945,3.2955,3.2895,3.29,8
2026-01-05 01:33:00,3.2845,3.286,3.2845,3.286,3.2895,3.291,3.2895,3.291,4
2026-01-05 01:34:00,3.287,3.288,3.287,3.288,3.292,3.293,3.292,3.293,2
2026-01-05 01:35:00,3.2875,3.288,3.2875,3.288,3.2925,3.293,3.2925,3.293,2
2026-01-05 01:36:00,3.2875,3.2895,3.2875,3.288,3.2925,3.2945,3.2925,3.293,5
2026-01-05 01:37:00,3.2885,3.2885,3.2865,3.2865,3.2935,3.2935,3.2915,3.2915,2
2026-01-05 01:38:00,3.2875,3.2885,3.2875,3.2875,3.2925,3.2935,3.2925,3.2925,3
2026-01-05 01:39:00,3.288,3.2885,3.2875,3.2875,3.293,3.2935,3.2925,3.2925,3
2026-01-05 01:40:00,3.2885,3.2885,3.283,3.284,3.2935,3.2935,3.288,3.289,9
2026-01-05 01:41:00,3.2845,3.2865,3.284,3.2865,3.2895,3.2915,3.289,3.2915,5
2026-01-05 01:42:00,3.287,3.2885,3.287,3.2885,3.292,3.2935,3.292,3.2935,2
2026-01-05 01:43:00,3.288,3.288,3.288,3.288,3.293,3.293,3.293,3.293,1
2026-01-05 01:45:00,3.2885,3.289,3.2885,3.289,3.2935,3.294,3.2935,3.294,2
2026-01-05 01:46:00,3.2885,3.2895,3.2875,3.288,3.2935,3.2945,3.2925,3.293,8
2026-01-05 01:47:00,3.2885,3.2885,3.2885,3.2885,3.2935,3.2935,3.2935,3.2935,1
2026-01-05 01:48:00,3.289,3.289,3.289,3.289,3.294,3.294,3.294,3.294,1
2026-01-05 01:49:00,3.2885,3.2895,3.2865,3.2865,3.2935,3.2945,3.2915,3.2915,6
2026-01-05 01:50:00,3.286,3.2865,3.2855,3.2865,3.291,3.2915,3.2905,3.2915,6
2026-01-05 01:51:00,3.287,3.287,3.287,3.287,3.292,3.292,3.292,3.292,1
2026-01-05 01:52:00,3.2875,3.289,3.2875,3.289,3.2925,3.294,3.2925,3.294,3
2026-01-05 01:53:00,3.2885,3.289,3.2885,3.289,3.2935,3.294,3.2935,3.294,2
2026-01-05 01:54:00,3.2885,3.2905,3.2885,3.2905,3.2935,3.2955,3.2935,3.2955,3
2026-01-05 01:55:00,3.29,3.29,3.2895,3.29,3.295,3.295,3.2945,3.295,3
2026-01-05 01:56:00,3.2905,3.2905,3.2895,3.2895,3.2955,3.2955,3.2945,3.2945,2
2026-01-05 01:57:00,3.29,3.29,3.2885,3.2885,3.295,3.295,3.2935,3.2935,6
2026-01-05 01:58:00,3.289,3.289,3.289,3.289,3.294,3.294,3.294,3.294,1
2026-01-05 01:59:00,3.2895,3.2895,3.2895,3.2895,3.2945,3.2945,3.2945,3.2945,1
2026-01-05 02:00:00,3.29,3.2945,3.287,3.2885,3.295,3.2995,3.292,3.2935,30
2026-01-05 02:01:00,3.2875,3.2885,3.2845,3.2885,3.2925,3.2935,3.2895,3.2935,9
2026-01-05 02:02:00,3.289,3.29,3.289,3.29,3.294,3.295,3.294,3.295,3
2026-01-05 02:03:00,3.2905,3.2915,3.2895,3.29,3.2955,3.2965,3.2945,3.295,6
2026-01-05 02:04:00,3.2895,3.291,3.289,3.289,3.2945,3.296,3.294,3.294,9
2026-01-05 02:05:00,3.29,3.2915,3.2895,3.2895,3.295,3.2965,3.2945,3.2945,5
2026-01-05 02:06:00,3.289,3.292,3.289,3.292,3.294,3.297,3.294,3.297,6
2026-01-05 02:07:00,3.2915,3.293,3.2915,3.293,3.2965,3.298,3.2965,3.298,5
2026-01-05 02:08:00,3.2925,3.2945,3.2925,3.2945,3.2975,3.2995,3.2975,3.2995,6
2026-01-05 02:09:00,3.294,3.296,3.294,3.2945,3.299,3.301,3.299,3.2995,11
2026-01-05 02:10:00,3.295,3.2965,3.2935,3.2955,3.3,3.3015,3.2985,3.3005,20
2026-01-05 02:11:00,3.2945,3.2955,3.2935,3.294,3.2995,3.3005,3.2985,3.299,16
2026-01-05 02:12:00,3.295,3.2965,3.2945,3.296,3.3,3.3015,3.2995,3.301,7
2026-01-05 02:13:00,3.2955,3.2965,3.286,3.287,3.3005,3.3015,3.291,3.292,18
2026-01-05 02:14:00,3.2865,3.2885,3.2855,3.288,3.2915,3.2935,3.2905,3.293,14
2026-01-05 02:15:00,3.2885,3.2885,3.2805,3.2825,3.2935,3.2935,3.2855,3.2875,17
2026-01-05 02:16:00,3.282,3.284,3.281,3.2815,3.287,3.289,3.286,3.2865,13
2026-01-05 02:17:00,3.281,3.283,3.28,3.283,3.286,3.288,3.285,3.288,13
2026-01-05 02:18:00,3.2825,3.283,3.281,3.283,3.2875,3.288,3.286,3.288,7
2026-01-05 02:19:00,3.2825,3.2825,3.2805,3.2805,3.2875,3.2875,3.2855,3.2855,3
2026-01-05 02:20:00,3.281,3.283,3.2785,3.283,3.286,3.288,3.2835,3.288,9
2026-01-05 02:21:00,3.282,3.2825,3.2805,3.2825,3.287,3.2875,3.2855,3.2875,8
2026-01-05 02:22:00,3.2835,3.2835,3.283,3.283,3.2885,3.2885,3.288,3.288,2
2026-01-05 02:23:00,3.2825,3.2825,3.282,3.2825,3.2875,3.2875,3.287,3.2875,5
2026-01-05 02:24:00,3.282,3.282,3.282,3.282,3.287,3.287,3.287,3.287,1
2026-01-05 02:25:00,3.2825,3.2825,3.2805,3.281,3.2875,3.2875,3.2855,3.286,6
2026-01-05 02:26:00,3.282,3.2845,3.282,3.283,3.287,3.2895,3.287,3.288,12
2026-01-05 02:29:00,3.2825,3.2835,3.2825,3.283,3.2875,3.2885,3.2875,3.288,4
2026-01-05 02:30:00,3.2835,3.2845,3.2835,3.284,3.2885,3.2895,3.2885,3.289,3
2026-01-05 02:31:00,3.2845,3.286,3.284,3.285,3.2895,3.291,3.289,3.29,7
2026-01-05 02:34:00,3.2845,3.2855,3.2845,3.2845,3.2895,3.2905,3.2895,3.2895,4
2026-01-05 02:35:00,3.284,3.2845,3.2835,3.2845,3.289,3.2895,3.2885,3.2895,5
2026-01-05 02:36:00,3.285,3.285,3.284,3.284,3.29,3.29,3.289,3.289,5
2026-01-05 02:38:00,3.2845,3.2845,3.2825,3.2845,3.2895,3.2895,3.2875,3.2895,7
2026-01-05 02:39:00,3.284,3.2845,3.284,3.2845,3.289,3.2895,3.289,3.2895,4
2026-01-05 02:40:00,3.284,3.284,3.2835,3.2835,3.289,3.289,3.2885,3.2885,2
2026-01-05 02:41:00,3.284,3.2845,3.284,3.284,3.289,3.2895,3.289,3.289,3
2026-01-05 02:42:00,3.283,3.283,3.283,3.283,3.288,3.288,3.288,3.288,1
2026-01-05 02:43:00,3.2835,3.2845,3.283,3.284,3.2885,3.2895,3.288,3.289,5
2026-01-05 02:44:00,3.2835,3.2835,3.283,3.283,3.2885,3.2885,3.288,3.288,4
2026-01-05 02:45:00,3.2835,3.2835,3.283,3.2835,3.2885,3.2885,3.288,3.2885,5
2026-01-05 02:46:00,3.283,3.2835,3.2825,3.2835,3.288,3.2885,3.2875,3.2885,4
2026-01-05 02:47:00,3.283,3.283,3.283,3.283,3.288,3.288,3.288,3.288,1
2026-01-05 02:48:00,3.2805,3.2805,3.2755,3.278,3.2855,3.2855,3.2805,3.283,17
2026-01-05 02:50:00,3.2775,3.2785,3.2775,3.2785,3.2825,3.2835,3.2825,3.2835,5
2026-01-05 02:51:00,3.2795,3.2805,3.278,3.279,3.2845,3.2855,3.283,3.284,9
2026-01-05 02:52:00,3.2785,3.2795,3.2785,3.279,3.2835,3.2845,3.2835,3.284,7
2026-01-05 02:53:00,3.278,3.279,3.278,3.279,3.283,3.284,3.283,3.284,3
2026-01-05 02:54:00,3.2795,3.2795,3.2735,3.2755,3.2845,3.2845,3.2785,3.2805,12
2026-01-05 02:55:00,3.2765,3.2765,3.276,3.276,3.2815,3.2815,3.281,3.281,2
2026-01-05 02:56:00,3.2765,3.277,3.2765,3.277,3.2815,3.282,3.2815,3.282,2
2026-01-05 02:57:00,3.2775,3.2785,3.2775,3.2785,3.2825,3.2835,3.2825,3.2835,3
2026-01-05 02:58:00,3.279,3.279,3.2785,3.2785,3.284,3.284,3.2835,3.2835,2
2026-01-05 02:59:00,3.2775,3.278,3.2775,3.278,3.2825,3.283,3.2825,3.283,2
2026-01-05 03:00:00,3.2785,3.2785,3.273,3.274,3.2835,3.2835,3.278,3.279,9
2026-01-05 03:01:00,3.273,3.274,3.273,3.274,3.278,3.279,3.278,3.279,3
2026-01-05 03:02:00,3.2735,3.274,3.272,3.274,3.2785,3.279,3.277,3.279,6
2026-01-05 03:03:00,3.2745,3.2745,3.274,3.274,3.2795,3.2795,3.279,3.279,2
2026-01-05 03:04:00,3.275,3.276,3.275,3.2755,3.28,3.281,3.28,3.2805,8
2026-01-05 03:05:00,3.275,3.275,3.273,3.273,3.28,3.28,3.278,3.278,5
2026-01-05 03:06:00,3.274,3.274,3.274,3.274,3.279,3.279,3.279,3.279,1
2026-01-05 03:07:00,3.2745,3.2745,3.274,3.274,3.2795,3.2795,3.279,3.279,2
2026-01-05 03:08:00,3.2745,3.2745,3.2735,3.2745,3.2795,3.2795,3.2785,3.2795,5
2026-01-05 03:09:00,3.274,3.274,3.274,3.274,3.279,3.279,3.279,3.279,1
2026-01-05 03:10:00,3.2745,3.2755,3.274,3.274,3.2795,3.2805,3.279,3.279,5
2026-01-05 03:11:00,3.2755,3.2765,3.274,3.275,3.2805,3.2815,3.279,3.28,10
2026-01-05 03:12:00,3.2745,3.2745,3.2735,3.2735,3.2795,3.2795,3.2785,3.2785,3
2026-01-05 03:13:00,3.2725,3.273,3.2725,3.273,3.2775,3.278,3.2775,3.278,2
2026-01-05 03:14:00,3.2725,3.2735,3.272,3.273,3.2775,3.2785,3.277,3.278,8
2026-01-05 03:16:00,3.2735,3.2735,3.273,3.273,3.2785,3.2785,3.278,3.278,6
2026-01-05 03:18:00,3.2725,3.2725,3.267,3.268,3.2775,3.2775,3.272,3.273,15
2026-01-05 03:19:00,3.2665,3.2665,3.2615,3.263,3.2715,3.2715,3.2665,3.268,17
2026-01-05 03:20:00,3.264,3.2645,3.264,3.2645,3.269,3.2695,3.269,3.2695,2
2026-01-05 03:21:00,3.2655,3.268,3.2655,3.268,3.2705,3.273,3.2705,3.273,7
2026-01-05 03:22:00,3.2685,3.271,3.2685,3.2685,3.2735,3.276,3.2735,3.2735,12
2026-01-05 03:23:00,3.269,3.269,3.267,3.2675,3.274,3.274,3.272,3.2725,4
2026-01-05 03:24:00,3.267,3.269,3.2635,3.269,3.272,3.274,3.2685,3.274,9
2026-01-05 03:25:00,3.267,3.2675,3.267,3.267,3.272,3.2725,3.272,3.272,3
2026-01-05 03:26:00,3.266,3.2665,3.2645,3.2665,3.271,3.2715,3.2695,3.2715,5
2026-01-05 03:27:00,3.267,3.267,3.267,3.267,3.272,3.272,3.272,3.272,1
2026-01-05 03:28:00,3.2655,3.266,3.2645,3.266,3.2705,3.271,3.2695,3.271,6
2026-01-05 03:29:00,3.2655,3.266,3.262,3.263,3.2705,3.271,3.267,3.268,5
2026-01-05 03:30:00,3.2655,3.2665,3.2635,3.2645,3.2705,3.2715,3.2685,3.2695,8
2026-01-05 03:31:00,3.264,3.267,3.264,3.267,3.269,3.272,3.269,3.272,3
2026-01-05 03:32:00,3.268,3.2695,3.268,3.268,3.273,3.2745,3.273,3.273,5
2026-01-05 03:33:00,3.2675,3.2675,3.2675,3.2675,3.2725,3.2725,3.2725,3.2725,1
2026-01-05 03:34:00,3.2685,3.269,3.2685,3.269,3.2735,3.274,3.2735,3.274,2
2026-01-05 03:35:00,3.27,3.27,3.269,3.27,3.275,3.275,3.274,3.275,4
2026-01-05 03:36:00,3.271,3.271,3.271,3.271,3.276,3.276,3.276,3.276,1
2026-01-05 03:37:00,3.27,3.27,3.2635,3.2635,3.275,3.275,3.2685,3.2685,8
2026-01-05 03:38:00,3.263,3.264,3.263,3.264,3.268,3.269,3.268,3.269,2
2026-01-05 03:39:00,3.2645,3.265,3.2645,3.2645,3.2695,3.27,3.2695,3.2695,3
2026-01-05 03:40:00,3.264,3.265,3.2635,3.265,3.269,3.27,3.2685,3.27,4
2026-01-05 03:41:00,3.266,3.268,3.266,3.2675,3.271,3.273,3.271,3.2725,3
2026-01-05 03:42:00,3.267,3.267,3.266,3.266,3.272,3.272,3.271,3.271,3
2026-01-05 03:43:00,3.2665,3.268,3.2665,3.267,3.2715,3.273,3.2715,3.272,4
2026-01-05 03:44:00,3.268,3.2685,3.267,3.268,3.273,3.2735,3.272,3.273,6
2026-01-05 03:45:00,3.2685,3.2685,3.268,3.268,3.2735,3.2735,3.273,3.273,2
2026-01-05 03:46:00,3.2685,3.2685,3.2675,3.268,3.2735,3.2735,3.2725,3.273,3
2026-01-05 03:47:00,3.2685,3.272,3.2685,3.272,3.2735,3.277,3.2735,3.277,5
2026-01-05 03:48:00,3.2725,3.2725,3.27,3.271,3.2775,3.2775,3.275,3.276,13
2026-01-05 03:49:00,3.2715,3.2715,3.271,3.2715,3.2765,3.2765,3.276,3.2765,3
2026-01-05 03:50:00,3.272,3.272,3.271,3.271,3.277,3.277,3.276,3.276,7
2026-01-05 03:51:00,3.2705,3.2755,3.2705,3.2745,3.2755,3.2805,3.2755,3.2795,8
2026-01-05 03:52:00,3.2755,3.2785,3.275,3.278,3.2805,3.2835,3.28,3.283,8
2026-01-05 03:53:00,3.2785,3.2785,3.278,3.2785,3.2835,3.2835,3.283,3.2835,5
2026-01-05 03:54:00,3.2795,3.2805,3.279,3.2805,3.2845,3.2855,3.284,3.2855,6
2026-01-05 03:55:00,3.2795,3.2805,3.2795,3.2805,3.2845,3.2855,3.2845,3.2855,3
2026-01-05 03:56:00,3.28,3.2805,3.28,3.2805,3.285,3.2855,3.285,3.2855,4
2026-01-05 03:57:00,3.281,3.281,3.281,3.281,3.286,3.286,3.286,3.286,1
2026-01-05 03:58:00,3.2815,3.2845,3.277,3.278,3.2865,3.2895,3.282,3.283,25
2026-01-05 03:59:00,3.2775,3.2775,3.275,3.275,3.2825,3.2825,3.28,3.28,8
2026-01-05 04:00:00,3.2745,3.276,3.2735,3.276,3.2795,3.281,3.2785,3.281,5
2026-01-05 04:01:00,3.2765,3.2775,3.2765,3.2775,3.2815,3.2825,3.2815,3.2825,2
2026-01-05 04:02:00,3.2785,3.2795,3.277,3.278,3.2835,3.2845,3.282,3.283,7
2026-01-05 04:03:00,3.2785,3.281,3.2785,3.28,3.2835,3.286,3.2835,3.285,5
2026-01-05 04:04:00,3.2795,3.28,3.2795,3.2795,3.2845,3.285,3.2845,3.2845,3
2026-01-05 04:05:00,3.28,3.28,3.279,3.2795,3.285,3.285,3.284,3.2845,4
2026-01-05 04:06:00,3.28,3.28,3.28,3.28,3.285,3.285,3.285,3.285,1
2026-01-05 04:07:00,3.2785,3.282,3.278,3.281,3.2835,3.287,3.283,3.286,13
2026-01-05 04:08:00,3.282,3.284,3.282,3.2835,3.287,3.289,3.287,3.2885,4
2026-01-05 04:09:00,3.284,3.284,3.2815,3.2815,3.289,3.289,3.2865,3.2865,6
2026-01-05 04:10:00,3.282,3.282,3.281,3.281,3.287,3.287,3.286,3.286,2
2026-01-05 04:11:00,3.282,3.282,3.281,3.281,3.287,3.287,3.286,3.286,6
2026-01-05 04:12:00,3.282,3.282,3.281,3.282,3.287,3.287,3.286,3.287,4
2026-01-05 04:13:00,3.281,3.2815,3.281,3.281,3.286,3.2865,3.286,3.286,3
2026-01-05 04:14:00,3.282,3.2835,3.2815,3.2825,3.287,3.2885,3.2865,3.2875,7
2026-01-05 04:15:00,3.282,3.2825,3.282,3.2825,3.287,3.2875,3.287,3.2875,2
2026-01-05 04:16:00,3.283,3.2835,3.283,3.283,3.288,3.2885,3.288,3.288,5
2026-01-05 04:17:00,3.282,3.282,3.281,3.282,3.287,3.287,3.286,3.287,6
2026-01-05 04:18:00,3.281,3.281,3.281,3.281,3.286,3.286,3.286,3.286,1
2026-01-05 04:19:00,3.282,3.282,3.281,3.2815,3.287,3.287,3.286,3.2865,4
2026-01-05 04:20:00,3.281,3.2815,3.2805,3.281,3.286,3.2865,3.2855,3.286,5
2026-01-05 04:21:00,3.2815,3.282,3.2815,3.282,3.2865,3.287,3.2865,3.287,2
2026-01-05 04:22:00,3.283,3.283,3.2825,3.2825,3.288,3.288,3.2875,3.2875,2
2026-01-05 04:23:00,3.282,3.2825,3.2815,3.2815,3.287,3.2875,3.2865,3.2865,3
2026-01-05 04:24:00,3.2825,3.2825,3.2825,3.2825,3.2875,3.2875,3.2875,3.2875,1
2026-01-05 04:25:00,3.282,3.283,3.2805,3.283,3.287,3.288,3.2855,3.288,9
2026-01-05 04:26:00,3.2835,3.2895,3.2835,3.289,3.2885,3.2945,3.2885,3.294,14
2026-01-05 04:27:00,3.2885,3.2905,3.2885,3.289,3.2935,3.2955,3.2935,3.294,9
2026-01-05 04:28:00,3.2885,3.29,3.2885,3.29,3.2935,3.295,3.2935,3.295,5
2026-01-05 04:29:00,3.2895,3.29,3.2875,3.2895,3.2945,3.295,3.2925,3.2945,13
2026-01-05 04:30:00,3.29,3.2985,3.289,3.297,3.295,3.3035,3.294,3.302,50
2026-01-05 04:31:00,3.2975,3.2985,3.294,3.294,3.3025,3.3035,3.299,3.299,20
2026-01-05 04:32:00,3.2935,3.2935,3.289,3.292,3.2985,3.2985,3.294,3.297,26
2026-01-05 04:33:00,3.2915,3.2925,3.29,3.2915,3.2965,3.2975,3.295,3.2965,16
2026-01-05 04:34:00,3.291,3.2925,3.2895,3.291,3.296,3.2975,3.2945,3.296,19
2026-01-05 04:35:00,3.2915,3.292,3.2895,3.2895,3.2965,3.297,3.2945,3.2945,13
2026-01-05 04:36:00,3.289,3.2905,3.289,3.29,3.294,3.2955,3.294,3.295,7
2026-01-05 04:37:00,3.2895,3.29,3.288,3.2885,3.2945,3.295,3.293,3.2935,14
2026-01-05 04:38:00,3.2875,3.2875,3.2845,3.285,3.2925,3.2925,3.2895,3.29,11
2026-01-05 04:39:00,3.2845,3.2845,3.2775,3.2805,3.2895,3.2895,3.2825,3.2855,23
2026-01-05 04:40:00,3.281,3.2815,3.2795,3.2795,3.286,3.2865,3.2845,3.2845,8
2026-01-05 04:41:00,3.2805,3.284,3.2805,3.281,3.2855,3.289,3.2855,3.286,18
2026-01-05 04:42:00,3.2805,3.2895,3.2795,3.281,3.2855,3.2945,3.2845,3.286,28
2026-01-05 04:43:00,3.2815,3.2835,3.281,3.2835,3.2865,3.2885,3.286,3.2885,11
2026-01-05 04:44:00,3.2845,3.2845,3.2815,3.2835,3.2895,3.2895,3.2865,3.2885,14
2026-01-05 04:45:00,3.283,3.2885,3.2815,3.283,3.288,3.2935,3.2865,3.288,28
2026-01-05 04:46:00,3.2835,3.2835,3.282,3.2825,3.2885,3.2885,3.287,3.2875,4
2026-01-05 04:47:00,3.282,3.282,3.28,3.28,3.287,3.287,3.285,3.285,4
2026-01-05 04:48:00,3.2795,3.2805,3.279,3.2805,3.2845,3.2855,3.284,3.2855,7
2026-01-05 04:49:00,3.281,3.2885,3.28,3.2855,3.286,3.2935,3.285,3.2905,15
2026-01-05 04:50:00,3.286,3.2865,3.2845,3.285,3.291,3.2915,3.2895,3.29,16
2026-01-05 04:51:00,3.2855,3.2865,3.285,3.2855,3.2905,3.2915,3.29,3.2905,15
2026-01-05 04:52:00,3.286,3.286,3.283,3.283,3.291,3.291,3.288,3.288,6
2026-01-05 04:53:00,3.2835,3.2875,3.2835,3.2875,3.2885,3.2925,3.2885,3.2925,11
2026-01-05 04:54:00,3.2885,3.2895,3.2845,3.2855,3.2935,3.2945,3.2895,3.2905,13
2026-01-05 04:55:00,3.286,3.289,3.286,3.289,3.291,3.294,3.291,3.294,19
2026-01-05 04:56:00,3.2895,3.2905,3.289,3.2895,3.2945,3.2955,3.294,3.2945,5
2026-01-05 04:57:00,3.289,3.2905,3.289,3.29,3.294,3.2955,3.294,3.295,7
2026-01-05 04:58:00,3.2905,3.2925,3.2905,3.291,3.2955,3.2975,3.2955,3.296,6
2026-01-05 04:59:00,3.2915,3.2915,3.2875,3.289,3.2965,3.2965,3.2925,3.294,13
2026-01-05 05:00:00,3.288,3.288,3.286,3.286,3.293,3.293,3.291,3.291,2
2026-01-05 05:01:00,3.285,3.285,3.2845,3.2845,3.29,3.29,3.2895,3.2895,2
2026-01-05 05:02:00,3.284,3.284,3.284,3.284,3.289,3.289,3.289,3.289,1
2026-01-05 05:03:00,3.2835,3.2835,3.2835,3.2835,3.2885,3.2885,3.2885,3.2885,1
2026-01-05 05:04:00,3.283,3.2855,3.2825,3.284,3.288,3.2905,3.2875,3.289,10
2026-01-05 05:05:00,3.2845,3.2845,3.284,3.284,3.2895,3.2895,3.289,3.289,4
2026-01-05 05:06:00,3.2845,3.2855,3.283,3.284,3.2895,3.2905,3.288,3.289,12
2026-01-05 05:07:00,3.283,3.2835,3.2825,3.2825,3.288,3.2885,3.2875,3.2875,4
2026-01-05 05:08:00,3.283,3.283,3.283,3.283,3.288,3.288,3.288,3.288,1
2026-01-05 05:09:00,3.2835,3.284,3.2835,3.284,3.2885,3.289,3.2885,3.289,2
2026-01-05 05:11:00,3.2835,3.2845,3.2825,3.284,3.2885,3.2895,3.2875,3.289,8
2026-01-05 05:12:00,3.2835,3.2835,3.2825,3.283,3.2885,3.2885,3.2875,3.288,3
2026-01-05 05:13:00,3.2825,3.284,3.2825,3.284,3.2875,3.289,3.2875,3.289,3
2026-01-05 05:14:00,3.2845,3.286,3.2845,3.2855,3.2895,3.291,3.2895,3.2905,4
2026-01-05 05:15:00,3.285,3.2855,3.283,3.284,3.29,3.2905,3.288,3.289,12
2026-01-05 05:16:00,3.2845,3.2845,3.2825,3.283,3.2895,3.2895,3.2875,3.288,6
2026-01-05 05:17:00,3.2825,3.2825,3.2825,3.2825,3.2875,3.2875,3.2875,3.2875,1
2026-01-05 05:18:00,3.283,3.284,3.283,3.284,3.288,3.289,3.288,3.289,3
2026-01-05 05:20:00,3.2825,3.2835,3.2805,3.2815,3.2875,3.2885,3.2855,3.2865,7
2026-01-05 05:21:00,3.281,3.2835,3.281,3.283,3.286,3.2885,3.286,3.288,6
2026-01-05 05:23:00,3.2815,3.2825,3.2795,3.2795,3.2865,3.2875,3.2845,3.2845,10
2026-01-05 05:24:00,3.279,3.279,3.279,3.279,3.284,3.284,3.284,3.284,1
2026-01-05 05:25:00,3.2795,3.2795,3.279,3.279,3.2845,3.2845,3.284,3.284,2
2026-01-05 05:26:00,3.2785,3.2785,3.2785,3.2785,3.2835,3.2835,3.2835,3.2835,1
2026-01-05 05:27:00,3.279,3.279,3.2785,3.279,3.284,3.284,3.2835,3.284,3
2026-01-05 05:28:00,3.2795,3.2795,3.2755,3.276,3.2845,3.2845,3.2805,3.281,10
2026-01-05 05:29:00,3.2765,3.2795,3.276,3.2785,3.2815,3.2845,3.281,3.2835,7
2026-01-05 05:30:00,3.278,3.278,3.2775,3.2775,3.283,3.283,3.2825,3.2825,4
2026-01-05 05:31:00,3.277,3.2775,3.2735,3.274,3.282,3.2825,3.2785,3.279,13
2026-01-05 05:32:00,3.2745,3.2755,3.2745,3.2745,3.2795,3.2805,3.2795,3.2795,3
2026-01-05 05:33:00,3.2755,3.2755,3.2735,3.2735,3.2805,3.2805,3.2785,3.2785,6
2026-01-05 05:34:00,3.274,3.2745,3.2725,3.2745,3.279,3.2795,3.2775,3.2795,9
2026-01-05 05:35:00,3.2755,3.2755,3.2755,3.2755,3.2805,3.2805,3.2805,3.2805,1
2026-01-05 05:36:00,3.276,3.2775,3.2755,3.2755,3.281,3.2825,3.2805,3.2805,13
2026-01-05 05:37:00,3.2745,3.2755,3.2745,3.2755,3.2795,3.2805,3.2795,3.2805,3
2026-01-05 05:38:00,3.275,3.2755,3.275,3.2755,3.28,3.2805,3.28,3.2805,4
2026-01-05 05:39:00,3.278,3.2795,3.278,3.279,3.283,3.2845,3.283,3.284,4
2026-01-05 05:40:00,3.2805,3.2815,3.279,3.2795,3.2855,3.2865,3.284,3.2845,7
2026-01-05 05:41:00,3.28,3.2825,3.28,3.282,3.285,3.2875,3.285,3.287,6
2026-01-05 05:43:00,3.2815,3.2825,3.281,3.282,3.2865,3.2875,3.286,3.287,5
2026-01-05 05:44:00,3.2825,3.2825,3.2825,3.2825,3.2875,3.2875,3.2875,3.2875,1
2026-01-05 05:45:00,3.2835,3.286,3.2835,3.286,3.2885,3.291,3.2885,3.291,6
2026-01-05 05:46:00,3.2865,3.2865,3.285,3.285,3.2915,3.2915,3.29,3.29,4
2026-01-05 05:47:00,3.284,3.2855,3.2835,3.2835,3.289,3.2905,3.2885,3.2885,6
2026-01-05 05:49:00,3.284,3.284,3.284,3.284,3.289,3.289,3.289,3.289,1
2026-01-05 05:50:00,3.2835,3.2835,3.283,3.283,3.2885,3.2885,3.288,3.288,2
2026-01-05 05:51:00,3.2835,3.2885,3.2835,3.2885,3.2885,3.2935,3.2885,3.2935,7
2026-01-05 05:52:00,3.2895,3.293,3.2895,3.2925,3.2945,3.298,3.2945,3.2975,13
2026-01-05 05:53:00,3.292,3.295,3.292,3.295,3.297,3.3,3.297,3.3,8
2026-01-05 05:55:00,3.2955,3.2955,3.292,3.2935,3.3005,3.3005,3.297,3.2985,8
2026-01-05 05:56:00,3.293,3.2955,3.2925,3.295,3.298,3.3005,3.2975,3.3,8
2026-01-05 05:57:00,3.2955,3.2985,3.294,3.2975,3.3005,3.3035,3.299,3.3025,12
2026-01-05 05:58:00,3.298,3.2985,3.2975,3.298,3.303,3.3035,3.3025,3.303,10
2026-01-05 05:59:00,3.2985,3.303,3.298,3.3015,3.3035,3.308,3.303,3.3065,13
2026-01-05 06:00:00,3.3005,3.3005,3.296,3.3,3.3055,3.3055,3.301,3.305,12
2026-01-05 06:01:00,3.299,3.3115,3.2985,3.311,3.304,3.3165,3.3035,3.316,32
2026-01-05 06:02:00,3.3115,3.3145,3.3115,3.3135,3.3165,3.3195,3.3165,3.3185,10
2026-01-05 06:03:00,3.314,3.3165,3.3055,3.3075,3.319,3.3215,3.3105,3.3125,17
2026-01-05 06:04:00,3.3085,3.3115,3.3085,3.311,3.3135,3.3165,3.3135,3.316,7
2026-01-05 06:05:00,3.31,3.31,3.3085,3.3085,3.315,3.315,3.3135,3.3135,3
2026-01-05 06:06:00,3.3075,3.3075,3.303,3.303,3.3125,3.3125,3.308,3.308,8
2026-01-05 06:07:00,3.302,3.303,3.302,3.303,3.307,3.308,3.307,3.308,2
2026-01-05 06:08:00,3.3035,3.3035,3.3025,3.3025,3.3085,3.3085,3.3075,3.3075,5
2026-01-05 06:09:00,3.302,3.3095,3.3015,3.3095,3.307,3.3145,3.3065,3.3145,14
2026-01-05 06:10:00,3.309,3.309,3.306,3.308,3.314,3.314,3.311,3.313,7
2026-01-05 06:11:00,3.3095,3.31,3.308,3.31,3.3145,3.315,3.313,3.315,8
2026-01-05 06:12:00,3.309,3.3095,3.3075,3.3075,3.314,3.3145,3.3125,3.3125,6
2026-01-05 06:13:00,3.306,3.308,3.3045,3.3075,3.311,3.313,3.3095,3.3125,9
2026-01-05 06:14:00,3.308,3.3085,3.308,3.3085,3.313,3.3135,3.313,3.3135,2
2026-01-05 06:15:00,3.3075,3.3075,3.306,3.306,3.3125,3.3125,3.311,3.311,3
2026-01-05 06:16:00,3.307,3.309,3.3065,3.3065,3.312,3.314,3.3115,3.3115,5
2026-01-05 06:17:00,3.307,3.307,3.3055,3.3055,3.312,3.312,3.3105,3.3105,2
2026-01-05 06:18:00,3.307,3.307,3.307,3.307,3.312,3.312,3.312,3.312,1
2026-01-05 06:19:00,3.3075,3.308,3.3065,3.307,3.3125,3.313,3.3115,3.312,5
2026-01-05 06:20:00,3.3065,3.311,3.3065,3.31,3.3115,3.316,3.3115,3.315,5
2026-01-05 06:21:00,3.309,3.31,3.3085,3.31,3.314,3.315,3.3135,3.315,3
2026-01-05 06:22:00,3.3095,3.3105,3.309,3.3105,3.3145,3.3155,3.314,3.3155,4
2026-01-05 06:23:00,3.311,3.3125,3.311,3.312,3.316,3.3175,3.316,3.317,6
2026-01-05 06:24:00,3.3115,3.3125,3.3115,3.3115,3.3165,3.3175,3.3165,3.3165,4
2026-01-05 06:25:00,3.3125,3.3135,3.3095,3.311,3.3175,3.3185,3.3145,3.316,14
2026-01-05 06:26:00,3.3105,3.3105,3.3075,3.3085,3.3155,3.3155,3.3125,3.3135,7
2026-01-05 06:27:00,3.308,3.3105,3.308,3.3095,3.313,3.3155,3.313,3.3145,5
2026-01-05 06:28:00,3.309,3.3095,3.309,3.309,3.314,3.3145,3.314,3.314,3
2026-01-05 06:29:00,3.3085,3.3085,3.3085,3.3085,3.3135,3.3135,3.3135,3.3135,1
2026-01-05 06:30:00,3.307,3.31,3.305,3.309,3.312,3.315,3.31,3.314,9
2026-01-05 06:31:00,3.3095,3.31,3.305,3.305,3.3145,3.315,3.31,3.31,8
2026-01-05 06:32:00,3.3055,3.306,3.3025,3.304,3.3105,3.311,3.3075,3.309,16
2026-01-05 06:33:00,3.305,3.305,3.304,3.3045,3.31,3.31,3.309,3.3095,5
2026-01-05 06:34:00,3.3055,3.307,3.305,3.3055,3.3105,3.312,3.31,3.3105,7
2026-01-05 06:35:00,3.305,3.306,3.3045,3.3055,3.31,3.311,3.3095,3.3105,8
2026-01-05 06:36:00,3.305,3.308,3.305,3.3075,3.31,3.313,3.31,3.3125,7
2026-01-05 06:37:00,3.308,3.3115,3.3075,3.3115,3.313,3.3165,3.3125,3.3165,5
2026-01-05 06:38:00,3.3105,3.3105,3.31,3.31,3.3155,3.3155,3.315,3.315,2
2026-01-05 06:40:00,3.3085,3.3085,3.305,3.3085,3.3135,3.3135,3.31,3.3135,8
2026-01-05 06:41:00,3.308,3.308,3.3045,3.3055,3.313,3.313,3.3095,3.3105,9
2026-01-05 06:42:00,3.305,3.306,3.3025,3.3055,3.31,3.311,3.3075,3.3105,9
2026-01-05 06:43:00,3.305,3.305,3.304,3.3045,3.31,3.31,3.309,3.3095,4
2026-01-05 06:44:00,3.304,3.3065,3.304,3.3065,3.309,3.3115,3.309,3.3115,6
2026-01-05 06:45:00,3.3085,3.3085,3.2995,3.301,3.3135,3.3135,3.3045,3.306,14
2026-01-05 06:46:00,3.3005,3.3005,3.2995,3.2995,3.3055,3.3055,3.3045,3.3045,3
2026-01-05 06:47:00,3.299,3.302,3.299,3.3,3.304,3.307,3.304,3.305,13
2026-01-05 06:48:00,3.2995,3.2995,3.2995,3.2995,3.3045,3.3045,3.3045,3.3045,1
2026-01-05 06:49:00,3.299,3.3015,3.2985,3.2995,3.304,3.3065,3.3035,3.3045,6
2026-01-05 06:50:00,3.299,3.3015,3.299,3.3015,3.304,3.3065,3.304,3.3065,5
2026-01-05 06:51:00,3.302,3.302,3.301,3.301,3.307,3.307,3.306,3.306,3
2026-01-05 06:52:00,3.3025,3.303,3.3025,3.303,3.3075,3.308,3.3075,3.308,2
2026-01-05 06:53:00,3.302,3.302,3.299,3.301,3.307,3.307,3.304,3.306,8
2026-01-05 06:54:00,3.3015,3.3015,3.2985,3.3005,3.3065,3.3065,3.3035,3.3055,6
2026-01-05 06:55:00,3.301,3.3035,3.301,3.3035,3.306,3.3085,3.306,3.3085,4
2026-01-05 06:56:00,3.3045,3.3045,3.3035,3.3045,3.3095,3.3095,3.3085,3.3095,5
2026-01-05 06:57:00,3.305,3.3075,3.305,3.307,3.31,3.3125,3.31,3.312,12
2026-01-05 06:58:00,3.3075,3.3075,3.3055,3.307,3.3125,3.3125,3.3105,3.312,7
2026-01-05 06:59:00,3.3075,3.3085,3.3055,3.3075,3.3125,3.3135,3.3105,3.3125,10
2026-01-05 07:00:00,3.308,3.308,3.308,3.308,3.313,3.313,3.313,3.313,1
2026-01-05 07:01:00,3.3085,3.3085,3.307,3.3075,3.3135,3.3135,3.312,3.3125,9
2026-01-05 07:02:00,3.3065,3.3065,3.3045,3.305,3.3115,3.3115,3.3095,3.31,8
2026-01-05 07:03:00,3.3055,3.3055,3.3045,3.3045,3.3105,3.3105,3.3095,3.3095,2
2026-01-05 07:04:00,3.304,3.3075,3.304,3.3075,3.309,3.3125,3.309,3.3125,5
2026-01-05 07:05:00,3.308,3.3135,3.305,3.3135,3.313,3.3185,3.31,3.3185,13
2026-01-05 07:06:00,3.3125,3.3155,3.309,3.314,3.3175,3.3205,3.314,3.319,14
2026-01-05 07:07:00,3.3125,3.3125,3.3035,3.304,3.3175,3.3175,3.3085,3.309,22
2026-01-05 07:08:00,3.3045,3.3045,3.283,3.287,3.3095,3.3095,3.288,3.292,49
2026-01-05 07:09:00,3.288,3.288,3.271,3.271,3.293,3.293,3.276,3.276,49
2026-01-05 07:10:00,3.2705,3.2815,3.267,3.2815,3.2755,3.2865,3.272,3.2865,34
2026-01-05 07:11:00,3.282,3.2905,3.282,3.2885,3.287,3.2955,3.287,3.2935,31
2026-01-05 07:12:00,3.288,3.304,3.2855,3.3,3.293,3.309,3.2905,3.305,44
2026-01-05 07:13:00,3.2995,3.306,3.2995,3.3025,3.3045,3.311,3.3045,3.3075,17
2026-01-05 07:14:00,3.3045,3.3055,3.3,3.3025,3.3095,3.3105,3.305,3.3075,7
2026-01-05 07:15:00,3.302,3.3055,3.3,3.3,3.307,3.3105,3.305,3.305,18
2026-01-05 07:16:00,3.3025,3.31,3.301,3.307,3.3075,3.315,3.306,3.312,22
2026-01-05 07:17:00,3.309,3.309,3.304,3.304,3.314,3.314,3.309,3.309,6
2026-01-05 07:18:00,3.3025,3.305,3.301,3.301,3.3075,3.31,3.306,3.306,6
2026-01-05 07:19:00,3.3,3.302,3.2965,3.302,3.305,3.307,3.3015,3.307,19
2026-01-05 07:20:00,3.3015,3.3015,3.2955,3.2965,3.3065,3.3065,3.3005,3.3015,13
2026-01-05 07:21:00,3.297,3.2995,3.292,3.2925,3.302,3.3045,3.297,3.2975,18
2026-01-05 07:22:00,3.292,3.2925,3.287,3.287,3.297,3.2975,3.292,3.292,13
2026-01-05 07:23:00,3.2865,3.2865,3.2795,3.283,3.2915,3.2915,3.2845,3.288,26
2026-01-05 07:24:00,3.2835,3.287,3.2835,3.285,3.2885,3.292,3.2885,3.29,8
2026-01-05 07:25:00,3.288,3.2905,3.2865,3.2865,3.293,3.2955,3.2915,3.2915,17
2026-01-05 07:26:00,3.287,3.2925,3.287,3.291,3.292,3.2975,3.292,3.296,10
2026-01-05 07:27:00,3.2915,3.2915,3.2905,3.2915,3.2965,3.2965,3.2955,3.2965,4
2026-01-05 07:28:00,3.2895,3.2935,3.288,3.292,3.2945,3.2985,3.293,3.297,17
2026-01-05 07:29:00,3.2925,3.297,3.2925,3.2945,3.2975,3.302,3.2975,3.2995,15
2026-01-05 07:30:00,3.295,3.3025,3.295,3.298,3.3,3.3075,3.3,3.303,20
2026-01-05 07:31:00,3.297,3.3,3.297,3.3,3.302,3.305,3.302,3.305,4
2026-01-05 07:32:00,3.2995,3.3015,3.2985,3.299,3.3045,3.3065,3.3035,3.304,9
2026-01-05 07:33:00,3.301,3.301,3.298,3.299,3.306,3.306,3.303,3.304,7
2026-01-05 07:34:00,3.2995,3.3,3.2995,3.3,3.3045,3.305,3.3045,3.305,2
2026-01-05 07:35:00,3.2995,3.2995,3.2995,3.2995,3.3045,3.3045,3.3045,3.3045,1
2026-01-05 07:36:00,3.299,3.3015,3.2975,3.298,3.304,3.3065,3.3025,3.303,12
2026-01-05 07:37:00,3.2975,3.2995,3.2975,3.299,3.3025,3.3045,3.3025,3.304,8
2026-01-05 07:38:00,3.2985,3.299,3.2965,3.2965,3.3035,3.304,3.3015,3.3015,9
2026-01-05 07:39:00,3.297,3.299,3.297,3.298,3.302,3.304,3.302,3.303,6
2026-01-05 07:40:00,3.2985,3.2995,3.2975,3.2995,3.3035,3.3045,3.3025,3.3045,5
2026-01-05 07:41:00,3.3005,3.302,3.2985,3.2995,3.3055,3.307,3.3035,3.3045,9
2026-01-05 07:42:00,3.299,3.299,3.2975,3.2975,3.304,3.304,3.3025,3.3025,4
2026-01-05 07:43:00,3.297,3.297,3.296,3.296,3.302,3.302,3.301,3.301,4
2026-01-05 07:44:00,3.2975,3.2975,3.296,3.2965,3.3025,3.3025,3.301,3.3015,4
2026-01-05 07:45:00,3.296,3.3,3.2955,3.2975,3.301,3.305,3.3005,3.3025,18
2026-01-05 07:46:00,3.297,3.2985,3.2965,3.298,3.302,3.3035,3.3015,3.303,7
2026-01-05 07:47:00,3.2975,3.2975,3.2965,3.2965,3.3025,3.3025,3.3015,3.3015,3
2026-01-05 07:48:00,3.2955,3.2955,3.291,3.291,3.3005,3.3005,3.296,3.296,13
2026-01-05 07:49:00,3.2905,3.2905,3.2875,3.2875,3.2955,3.2955,3.2925,3.2925,5
2026-01-05 07:50:00,3.288,3.288,3.2875,3.2875,3.293,3.293,3.2925,3.2925,4
2026-01-05 07:51:00,3.288,3.2915,3.288,3.29,3.293,3.2965,3.293,3.295,10
2026-01-05 07:52:00,3.2905,3.293,3.2895,3.29,3.2955,3.298,3.2945,3.295,9
2026-01-05 07:54:00,3.2895,3.29,3.289,3.29,3.2945,3.295,3.294,3.295,5
2026-01-05 07:55:00,3.2895,3.29,3.288,3.288,3.2945,3.295,3.293,3.293,8
2026-01-05 07:56:00,3.2885,3.2905,3.288,3.288,3.2935,3.2955,3.293,3.293,6
2026-01-05 07:57:00,3.2875,3.288,3.2875,3.2875,3.2925,3.293,3.2925,3.2925,3
2026-01-05 07:58:00,3.2885,3.2885,3.2875,3.2875,3.2935,3.2935,3.2925,3.2925,5
2026-01-05 07:59:00,3.288,3.29,3.288,3.29,3.293,3.295,3.293,3.295,4
2026-01-05 08:00:00,3.2905,3.3005,3.2905,3.2995,3.2955,3.3055,3.2955,3.3045,17
2026-01-05 08:01:00,3.3,3.302,3.2995,3.3,3.305,3.307,3.3045,3.305,7
2026-01-05 08:02:00,3.301,3.304,3.2985,3.3035,3.306,3.309,3.3035,3.3085,24
2026-01-05 08:03:00,3.303,3.307,3.303,3.3055,3.308,3.312,3.308,3.3105,48
2026-01-05 08:04:00,3.306,3.3125,3.3055,3.3095,3.311,3.3175,3.3105,3.3145,39
2026-01-05 08:05:00,3.31,3.3105,3.307,3.3075,3.315,3.3155,3.312,3.3125,32
2026-01-05 08:06:00,3.307,3.31,3.3065,3.3075,3.312,3.315,3.3115,3.3125,23
2026-01-05 08:07:00,3.307,3.3075,3.3045,3.3065,3.312,3.3125,3.3095,3.3115,10
2026-01-05 08:08:00,3.307,3.307,3.3025,3.303,3.312,3.312,3.3075,3.308,21
2026-01-05 08:09:00,3.3015,3.304,3.2995,3.302,3.3065,3.309,3.3045,3.307,13
2026-01-05 08:10:00,3.3015,3.303,3.301,3.3015,3.3065,3.308,3.306,3.3065,8
2026-01-05 08:11:00,3.3005,3.3085,3.3005,3.307,3.3055,3.3135,3.3055,3.312,15
2026-01-05 08:12:00,3.3075,3.308,3.306,3.308,3.3125,3.313,3.311,3.313,6
2026-01-05 08:13:00,3.3075,3.3075,3.304,3.3045,3.3125,3.3125,3.309,3.3095,10
2026-01-05 08:14:00,3.3055,3.3075,3.304,3.304,3.3105,3.3125,3.309,3.309,13
2026-01-05 08:15:00,3.3045,3.3045,3.304,3.304,3.3095,3.3095,3.309,3.309,4
2026-01-05 08:16:00,3.305,3.3065,3.305,3.305,3.31,3.3115,3.31,3.31,5
2026-01-05 08:17:00,3.304,3.304,3.3035,3.3035,3.309,3.309,3.3085,3.3085,2
2026-01-05 08:18:00,3.302,3.302,3.301,3.3015,3.307,3.307,3.306,3.3065,4
2026-01-05 08:19:00,3.3005,3.3005,3.3,3.3,3.3055,3.3055,3.305,3.305,2
2026-01-05 08:20:00,3.2995,3.2995,3.297,3.297,3.3045,3.3045,3.302,3.302,11
2026-01-05 08:21:00,3.2985,3.3005,3.2985,3.3005,3.3035,3.3055,3.3035,3.3055,4
2026-01-05 08:22:00,3.3015,3.3015,3.2985,3.2985,3.3065,3.3065,3.3035,3.3035,7
2026-01-05 08:23:00,3.2975,3.2985,3.2975,3.2975,3.3025,3.3035,3.3025,3.3025,4
2026-01-05 08:24:00,3.2965,3.3,3.295,3.3,3.3015,3.305,3.3,3.305,13
2026-01-05 08:25:00,3.3005,3.3005,3.3005,3.3005,3.3055,3.3055,3.3055,3.3055,1
2026-01-05 08:26:00,3.301,3.301,3.2985,3.2995,3.306,3.306,3.3035,3.3045,8
2026-01-05 08:28:00,3.3005,3.3015,3.3005,3.301,3.3055,3.3065,3.3055,3.306,4
2026-01-05 08:29:00,3.3005,3.3005,3.299,3.3005,3.3055,3.3055,3.304,3.3055,6
2026-01-05 08:30:00,3.2995,3.2995,3.297,3.2975,3.3045,3.3045,3.302,3.3025,5
2026-01-05 08:31:00,3.2985,3.302,3.2985,3.301,3.3035,3.307,3.3035,3.306,12
2026-01-05 08:32:00,3.3005,3.3005,3.3005,3.3005,3.3055,3.3055,3.3055,3.3055,1
2026-01-05 08:33:00,3.301,3.3015,3.301,3.3015,3.306,3.3065,3.306,3.3065,2
2026-01-05 08:34:00,3.3,3.3,3.297,3.297,3.305,3.305,3.302,3.302,6
2026-01-05 08:35:00,3.2985,3.3,3.298,3.3,3.3035,3.305,3.303,3.305,9
2026-01-05 08:36:00,3.3005,3.3025,3.3005,3.3005,3.3055,3.3075,3.3055,3.3055,7
2026-01-05 08:37:00,3.3,3.3095,3.3,3.307,3.305,3.3145,3.305,3.312,19
2026-01-05 08:38:00,3.3065,3.3075,3.3065,3.3075,3.3115,3.3125,3.3115,3.3125,2
2026-01-05 08:39:00,3.307,3.307,3.3035,3.3055,3.312,3.312,3.3085,3.3105,10
2026-01-05 08:40:00,3.3045,3.3045,3.3035,3.3035,3.3095,3.3095,3.3085,3.3085,3
2026-01-05 08:41:00,3.303,3.304,3.3025,3.304,3.308,3.309,3.3075,3.309,5
2026-01-05 08:42:00,3.3045,3.306,3.304,3.306,3.3095,3.311,3.309,3.311,7
2026-01-05 08:43:00,3.3055,3.3055,3.305,3.305,3.3105,3.3105,3.31,3.31,2
2026-01-05 08:44:00,3.3055,3.3075,3.3045,3.3045,3.3105,3.3125,3.3095,3.3095,13
2026-01-05 08:45:00,3.305,3.305,3.3035,3.3045,3.31,3.31,3.3085,3.3095,4
2026-01-05 08:46:00,3.304,3.308,3.304,3.3075,3.309,3.313,3.309,3.3125,5
2026-01-05 08:47:00,3.3095,3.3095,3.3085,3.309,3.3145,3.3145,3.3135,3.314,6
2026-01-05 08:48:00,3.3095,3.3095,3.309,3.309,3.3145,3.3145,3.314,3.314,2
2026-01-05 08:49:00,3.3095,3.3105,3.308,3.31,3.3145,3.3155,3.313,3.315,12
2026-01-05 08:50:00,3.3095,3.31,3.3085,3.31,3.3145,3.315,3.3135,3.315,5
2026-01-05 08:51:00,3.309,3.3095,3.309,3.309,3.314,3.3145,3.314,3.314,3
2026-01-05 08:52:00,3.3095,3.3095,3.3095,3.3095,3.3145,3.3145,3.3145,3.3145,1
2026-01-05 08:53:00,3.31,3.3135,3.3095,3.31,3.315,3.3185,3.3145,3.315,17
2026-01-05 08:54:00,3.3095,3.3095,3.309,3.309,3.3145,3.3145,3.314,3.314,2
2026-01-05 08:55:00,3.3095,3.31,3.3075,3.308,3.3145,3.315,3.3125,3.313,7
2026-01-05 08:56:00,3.3095,3.3115,3.3085,3.3115,3.3145,3.3165,3.3135,3.3165,7
2026-01-05 08:57:00,3.311,3.312,3.3105,3.312,3.316,3.317,3.3155,3.317,7
2026-01-05 08:58:00,3.3125,3.3125,3.3105,3.3115,3.3175,3.3175,3.3155,3.3165,7
2026-01-05 08:59:00,3.312,3.3125,3.3115,3.3125,3.317,3.3175,3.3165,3.3175,4
2026-01-05 09:00:00,3.312,3.3125,3.308,3.3095,3.317,3.3175,3.313,3.3145,24
2026-01-05 09:01:00,3.31,3.3115,3.3085,3.3115,3.315,3.3165,3.3135,3.3165,11
2026-01-05 09:02:00,3.3105,3.311,3.3085,3.3095,3.3155,3.316,3.3135,3.3145,10
2026-01-05 09:03:00,3.308,3.308,3.3075,3.308,3.313,3.313,3.3125,3.313,5
2026-01-05 09:04:00,3.3075,3.3095,3.3055,3.306,3.3125,3.3145,3.3105,3.311,23
2026-01-05 09:05:00,3.3065,3.308,3.3065,3.308,3.3115,3.313,3.3115,3.313,3
2026-01-05 09:06:00,3.307,3.308,3.306,3.3065,3.312,3.313,3.311,3.3115,6
2026-01-05 09:07:00,3.307,3.3075,3.3055,3.3075,3.312,3.3125,3.3105,3.3125,9
2026-01-05 09:08:00,3.3085,3.3105,3.3075,3.3105,3.3135,3.3155,3.3125,3.3155,7
2026-01-05 09:09:00,3.31,3.3165,3.31,3.316,3.315,3.3215,3.315,3.321,14
2026-01-05 09:10:00,3.3155,3.319,3.3145,3.3155,3.3205,3.324,3.3195,3.3205,21
2026-01-05 09:11:00,3.3165,3.3165,3.3145,3.3145,3.3215,3.3215,3.3195,3.3195,5
2026-01-05 09:12:00,3.3135,3.3215,3.3135,3.3205,3.3185,3.3265,3.3185,3.3255,22
2026-01-05 09:13:00,3.3195,3.3195,3.3165,3.3165,3.3245,3.3245,3.3215,3.3215,9
2026-01-05 09:14:00,3.3155,3.3165,3.3155,3.3165,3.3205,3.3215,3.3205,3.3215,5
2026-01-05 09:15:00,3.317,3.3185,3.3165,3.317,3.322,3.3235,3.3215,3.322,6
2026-01-05 09:16:00,3.316,3.3175,3.3155,3.3175,3.321,3.3225,3.3205,3.3225,7
2026-01-05 09:17:00,3.3165,3.3165,3.3135,3.3135,3.3215,3.3215,3.3185,3.3185,11
2026-01-05 09:18:00,3.314,3.314,3.3115,3.313,3.319,3.319,3.3165,3.318,10
2026-01-05 09:19:00,3.3125,3.3125,3.3085,3.3105,3.3175,3.3175,3.3135,3.3155,13
2026-01-05 09:20:00,3.3095,3.3165,3.3095,3.3165,3.3145,3.3215,3.3145,3.3215,12
2026-01-05 09:21:00,3.3175,3.3205,3.3175,3.319,3.3225,3.3255,3.3225,3.324,8
2026-01-05 09:22:00,3.3195,3.32,3.319,3.32,3.3245,3.325,3.324,3.325,4
2026-01-05 09:23:00,3.3175,3.319,3.3175,3.3185,3.3225,3.324,3.3225,3.3235,6
2026-01-05 09:24:00,3.318,3.3215,3.318,3.3205,3.323,3.3265,3.323,3.3255,7
2026-01-05 09:25:00,3.321,3.3215,3.32,3.321,3.326,3.3265,3.325,3.326,6
2026-01-05 09:26:00,3.3205,3.3225,3.3195,3.321,3.3255,3.3275,3.3245,3.326,16
2026-01-05 09:27:00,3.3215,3.3215,3.3185,3.3185,3.3265,3.3265,3.3235,3.3235,10
2026-01-05 09:28:00,3.3195,3.3195,3.319,3.3195,3.3245,3.3245,3.324,3.3245,3
2026-01-05 09:29:00,3.319,3.3215,3.3185,3.3215,3.324,3.3265,3.3235,3.3265,12
2026-01-05 09:30:00,3.3205,3.3205,3.3165,3.3185,3.3255,3.3255,3.3215,3.3235,12
2026-01-05 09:31:00,3.319,3.319,3.319,3.319,3.324,3.324,3.324,3.324,1
2026-01-05 09:32:00,3.3195,3.3205,3.3195,3.32,3.3245,3.3255,3.3245,3.325,9
2026-01-05 09:33:00,3.3205,3.3205,3.32,3.32,3.3255,3.3255,3.325,3.325,2
2026-01-05 09:34:00,3.3195,3.3215,3.3195,3.3215,3.3245,3.3265,3.3245,3.3265,9
2026-01-05 09:35:00,3.3205,3.3205,3.3185,3.3195,3.3255,3.3255,3.3235,3.3245,9
2026-01-05 09:36:00,3.319,3.3195,3.318,3.3185,3.324,3.3245,3.323,3.3235,5
2026-01-05 09:37:00,3.3175,3.3185,3.3165,3.318,3.3225,3.3235,3.3215,3.323,10
2026-01-05 09:38:00,3.3165,3.318,3.3165,3.3165,3.3215,3.323,3.3215,3.3215,4
2026-01-05 09:39:00,3.317,3.3175,3.3155,3.3165,3.322,3.3225,3.3205,3.3215,8
2026-01-05 09:40:00,3.3155,3.316,3.3155,3.316,3.3205,3.321,3.3205,3.321,2
2026-01-05 09:41:00,3.3165,3.318,3.3165,3.317,3.3215,3.323,3.3215,3.322,6
2026-01-05 09:42:00,3.3165,3.3205,3.3165,3.3195,3.3215,3.3255,3.3215,3.3245,11
2026-01-05 09:43:00,3.319,3.3195,3.3185,3.3185,3.324,3.3245,3.3235,3.3235,5
2026-01-05 09:44:00,3.318,3.318,3.3155,3.3155,3.323,3.323,3.3205,3.3205,6
2026-01-05 09:45:00,3.315,3.3155,3.3135,3.3155,3.32,3.3205,3.3185,3.3205,8
2026-01-05 09:46:00,3.316,3.3185,3.3135,3.318,3.321,3.3235,3.3185,3.323,18
2026-01-05 09:47:00,3.3185,3.3185,3.3175,3.3175,3.3235,3.3235,3.3225,3.3225,2
2026-01-05 09:48:00,3.317,3.317,3.3165,3.3165,3.322,3.322,3.3215,3.3215,2
2026-01-05 09:49:00,3.3155,3.3165,3.3155,3.3165,3.3205,3.3215,3.3205,3.3215,2
2026-01-05 09:50:00,3.3155,3.3155,3.314,3.3155,3.3205,3.3205,3.319,3.3205,5
2026-01-05 09:51:00,3.3165,3.3175,3.3165,3.317,3.3215,3.3225,3.3215,3.322,4
2026-01-05 09:52:00,3.3175,3.32,3.3175,3.32,3.3225,3.325,3.3225,3.325,6
2026-01-05 09:53:00,3.3195,3.3205,3.3165,3.3205,3.3245,3.3255,3.3215,3.3255,17
2026-01-05 09:54:00,3.3195,3.3205,3.3165,3.3175,3.3245,3.3255,3.3215,3.3225,9
2026-01-05 09:55:00,3.317,3.3175,3.3165,3.317,3.322,3.3225,3.3215,3.322,4
2026-01-05 09:56:00,3.3165,3.319,3.3165,3.318,3.3215,3.324,3.3215,3.323,5
2026-01-05 09:59:00,3.3185,3.3185,3.3185,3.3185,3.3235,3.3235,3.3235,3.3235,1
2026-01-05 10:00:00,3.318,3.3185,3.317,3.317,3.323,3.3235,3.322,3.322,7
2026-01-05 10:01:00,3.3165,3.3185,3.3165,3.3185,3.3215,3.3235,3.3215,3.3235,3
2026-01-05 10:02:00,3.3175,3.318,3.3175,3.318,3.3225,3.323,3.3225,3.323,2
2026-01-05 10:03:00,3.3175,3.318,3.3175,3.318,3.3225,3.323,3.3225,3.323,2
2026-01-05 10:04:00,3.3185,3.321,3.3185,3.3205,3.3235,3.326,3.3235,3.3255,8
2026-01-05 10:05:00,3.3195,3.3225,3.3195,3.3205,3.3245,3.3275,3.3245,3.3255,11
2026-01-05 10:06:00,3.32,3.3205,3.3185,3.319,3.325,3.3255,3.3235,3.324,15
2026-01-05 10:07:00,3.3185,3.319,3.3185,3.319,3.3235,3.324,3.3235,3.324,2
2026-01-05 10:08:00,3.3185,3.321,3.3185,3.321,3.3235,3.326,3.3235,3.326,9
2026-01-05 10:09:00,3.3215,3.3225,3.3215,3.322,3.3265,3.3275,3.3265,3.327,3
2026-01-05 10:10:00,3.3215,3.326,3.3215,3.3225,3.3265,3.331,3.3265,3.3275,17
2026-01-05 10:11:00,3.322,3.3315,3.3205,3.3295,3.327,3.3365,3.3255,3.3345,45
2026-01-05 10:12:00,3.329,3.3305,3.329,3.3295,3.334,3.3355,3.334,3.3345,7
2026-01-05 10:13:00,3.3285,3.3285,3.3265,3.3285,3.3335,3.3335,3.3315,3.3335,8
2026-01-05 10:14:00,3.3295,3.3295,3.327,3.327,3.3345,3.3345,3.332,3.332,5
2026-01-05 10:15:00,3.3265,3.3285,3.326,3.326,3.3315,3.3335,3.331,3.331,9
2026-01-05 10:16:00,3.3265,3.3265,3.326,3.326,3.3315,3.3315,3.331,3.331,2
2026-01-05 10:17:00,3.3245,3.3245,3.3205,3.3215,3.3295,3.3295,3.3255,3.3265,9
2026-01-05 10:18:00,3.321,3.322,3.3195,3.322,3.326,3.327,3.3245,3.327,10
2026-01-05 10:19:00,3.3225,3.3225,3.3185,3.3195,3.3275,3.3275,3.3235,3.3245,9
2026-01-05 10:20:00,3.319,3.319,3.3165,3.3165,3.324,3.324,3.3215,3.3215,11
2026-01-05 10:21:00,3.3145,3.3155,3.3115,3.314,3.3195,3.3205,3.3165,3.319,31
2026-01-05 10:22:00,3.3135,3.314,3.3105,3.3115,3.3185,3.319,3.3155,3.3165,18
2026-01-05 10:23:00,3.311,3.3125,3.3105,3.3125,3.316,3.3175,3.3155,3.3175,11
2026-01-05 10:24:00,3.3115,3.3125,3.3105,3.3105,3.3165,3.3175,3.3155,3.3155,7
2026-01-05 10:25:00,3.311,3.3125,3.311,3.3125,3.316,3.3175,3.316,3.3175,3
2026-01-05 10:26:00,3.313,3.3195,3.313,3.3175,3.318,3.3245,3.318,3.3225,19
2026-01-05 10:27:00,3.3185,3.3195,3.3175,3.319,3.3235,3.3245,3.3225,3.324,6
2026-01-05 10:28:00,3.32,3.3205,3.318,3.318,3.325,3.3255,3.323,3.323,7
2026-01-05 10:29:00,3.3185,3.3185,3.318,3.318,3.3235,3.3235,3.323,3.323,2
2026-01-05 10:30:00,3.3175,3.318,3.3175,3.3175,3.3225,3.323,3.3225,3.3225,7
2026-01-05 10:31:00,3.318,3.3195,3.317,3.3195,3.323,3.3245,3.322,3.3245,6
2026-01-05 10:32:00,3.321,3.322,3.3205,3.321,3.326,3.327,3.3255,3.326,10
2026-01-05 10:33:00,3.3205,3.3205,3.318,3.318,3.3255,3.3255,3.323,3.323,7
2026-01-05 10:34:00,3.3185,3.3195,3.317,3.317,3.3235,3.3245,3.322,3.322,7
2026-01-05 10:35:00,3.3175,3.3185,3.3175,3.3185,3.3225,3.3235,3.3225,3.3235,3
2026-01-05 10:36:00,3.318,3.3215,3.3175,3.321,3.323,3.3265,3.3225,3.326,12
2026-01-05 10:37:00,3.3215,3.322,3.321,3.321,3.3265,3.327,3.326,3.326,3
2026-01-05 10:38:00,3.3205,3.3245,3.32,3.3245,3.3255,3.3295,3.325,3.3295,8
2026-01-05 10:39:00,3.3235,3.3235,3.3205,3.3205,3.3285,3.3285,3.3255,3.3255,6
2026-01-05 10:40:00,3.3215,3.323,3.3205,3.322,3.3265,3.328,3.3255,3.327,10
2026-01-05 10:41:00,3.3225,3.3255,3.3225,3.3235,3.3275,3.3305,3.3275,3.3285,14
2026-01-05 10:42:00,3.323,3.324,3.323,3.323,3.328,3.329,3.328,3.328,5
2026-01-05 10:43:00,3.3225,3.3225,3.3205,3.3205,3.3275,3.3275,3.3255,3.3255,4
2026-01-05 10:44:00,3.3215,3.3215,3.319,3.319,3.3265,3.3265,3.324,3.324,5
2026-01-05 10:45:00,3.318,3.3195,3.318,3.319,3.323,3.3245,3.323,3.324,4
2026-01-05 10:46:00,3.3185,3.3235,3.3175,3.3225,3.3235,3.3285,3.3225,3.3275,15
2026-01-05 10:47:00,3.3235,3.326,3.3235,3.3235,3.3285,3.331,3.3285,3.3285,14
2026-01-05 10:48:00,3.323,3.323,3.318,3.319,3.328,3.328,3.323,3.324,12
2026-01-05 10:49:00,3.318,3.318,3.3175,3.3175,3.323,3.323,3.3225,3.3225,2
2026-01-05 10:50:00,3.318,3.319,3.3175,3.3175,3.323,3.324,3.3225,3.3225,6
2026-01-05 10:51:00,3.318,3.3215,3.318,3.3195,3.323,3.3265,3.323,3.3245,10
2026-01-05 10:52:00,3.3205,3.321,3.319,3.321,3.3255,3.326,3.324,3.326,7
2026-01-05 10:53:00,3.3205,3.321,3.32,3.321,3.3255,3.326,3.325,3.326,5
2026-01-05 10:54:00,3.3205,3.3205,3.3195,3.32,3.3255,3.3255,3.3245,3.325,5
2026-01-05 10:55:00,3.3195,3.32,3.3175,3.3175,3.3245,3.325,3.3225,3.3225,6
2026-01-05 10:56:00,3.3185,3.3195,3.3185,3.3195,3.3235,3.3245,3.3235,3.3245,2
2026-01-05 10:57:00,3.3185,3.3185,3.3165,3.317,3.3235,3.3235,3.3215,3.322,12
2026-01-05 10:58:00,3.3165,3.317,3.3125,3.3125,3.3215,3.322,3.3175,3.3175,10
2026-01-05 10:59:00,3.313,3.3145,3.3125,3.313,3.318,3.3195,3.3175,3.318,10
2026-01-05 11:00:00,3.3135,3.314,3.313,3.3135,3.3185,3.319,3.318,3.3185,4
2026-01-05 11:01:00,3.313,3.3135,3.3105,3.3115,3.318,3.3185,3.3155,3.3165,15
2026-01-05 11:02:00,3.3105,3.3115,3.3105,3.3105,3.3155,3.3165,3.3155,3.3155,4
2026-01-05 11:03:00,3.311,3.3115,3.3055,3.307,3.316,3.3165,3.3105,3.312,15
2026-01-05 11:04:00,3.3075,3.3105,3.3075,3.3095,3.3125,3.3155,3.3125,3.3145,10
2026-01-05 11:05:00,3.3085,3.3105,3.3085,3.309,3.3135,3.3155,3.3135,3.314,10
2026-01-05 11:06:00,3.3095,3.31,3.309,3.31,3.3145,3.315,3.314,3.315,5
2026-01-05 11:07:00,3.309,3.3095,3.3075,3.3095,3.314,3.3145,3.3125,3.3145,8
2026-01-05 11:08:00,3.3085,3.31,3.3055,3.3095,3.3135,3.315,3.3105,3.3145,16
2026-01-05 11:09:00,3.31,3.3115,3.31,3.3115,3.315,3.3165,3.315,3.3165,6
2026-01-05 11:10:00,3.3125,3.321,3.3125,3.3185,3.3175,3.326,3.3175,3.3235,16
2026-01-05 11:11:00,3.3195,3.3205,3.319,3.3205,3.3245,3.3255,3.324,3.3255,8
2026-01-05 11:12:00,3.3195,3.3215,3.3185,3.3195,3.3245,3.3265,3.3235,3.3245,12
2026-01-05 11:13:00,3.3205,3.3205,3.3185,3.3185,3.3255,3.3255,3.3235,3.3235,3
2026-01-05 11:14:00,3.319,3.3195,3.319,3.319,3.324,3.3245,3.324,3.324,3
2026-01-05 11:15:00,3.3195,3.3195,3.3185,3.3185,3.3245,3.3245,3.3235,3.3235,3
2026-01-05 11:16:00,3.319,3.323,3.319,3.3215,3.324,3.328,3.324,3.3265,16
2026-01-05 11:17:00,3.3205,3.3235,3.3205,3.3235,3.3255,3.3285,3.3255,3.3285,6
2026-01-05 11:18:00,3.3225,3.3225,3.3195,3.3205,3.3275,3.3275,3.3245,3.3255,12
2026-01-05 11:19:00,3.32,3.3205,3.32,3.3205,3.325,3.3255,3.325,3.3255,2
2026-01-05 11:20:00,3.321,3.3265,3.321,3.3265,3.326,3.3315,3.326,3.3315,13
2026-01-05 11:21:00,3.326,3.3275,3.3235,3.326,3.331,3.3325,3.3285,3.331,13
2026-01-05 11:22:00,3.327,3.3275,3.3255,3.326,3.332,3.3325,3.3305,3.331,8
2026-01-05 11:23:00,3.3255,3.327,3.325,3.3265,3.3305,3.332,3.33,3.3315,8
2026-01-05 11:24:00,3.3255,3.3255,3.3205,3.3225,3.3305,3.3305,3.3255,3.3275,19
2026-01-05 11:25:00,3.323,3.323,3.3225,3.3225,3.328,3.328,3.3275,3.3275,4
2026-01-05 11:26:00,3.323,3.3235,3.3215,3.323,3.328,3.3285,3.3265,3.328,12
2026-01-05 11:27:00,3.3225,3.3235,3.3215,3.3235,3.3275,3.3285,3.3265,3.3285,11
2026-01-05 11:28:00,3.324,3.3255,3.3235,3.3235,3.329,3.3305,3.3285,3.3285,9
2026-01-05 11:29:00,3.3245,3.3255,3.3245,3.3245,3.3295,3.3305,3.3295,3.3295,8
2026-01-05 11:30:00,3.3255,3.3275,3.3255,3.3275,3.3305,3.3325,3.3305,3.3325,9
2026-01-05 11:31:00,3.327,3.3325,3.327,3.3305,3.332,3.3375,3.332,3.3355,16
2026-01-05 11:32:00,3.331,3.331,3.329,3.3295,3.336,3.336,3.334,3.3345,13
2026-01-05 11:33:00,3.3305,3.331,3.329,3.331,3.3355,3.336,3.334,3.336,9
2026-01-05 11:34:00,3.3295,3.3295,3.3275,3.3275,3.3345,3.3345,3.3325,3.3325,4
2026-01-05 11:35:00,3.328,3.3285,3.326,3.326,3.333,3.3335,3.331,3.331,6
2026-01-05 11:36:00,3.3255,3.3295,3.3255,3.3285,3.3305,3.3345,3.3305,3.3335,8
2026-01-05 11:38:00,3.329,3.329,3.3285,3.3285,3.334,3.334,3.3335,3.3335,2
2026-01-05 11:39:00,3.329,3.329,3.325,3.3265,3.334,3.334,3.33,3.3315,7
2026-01-05 11:40:00,3.3255,3.3255,3.3215,3.3235,3.3305,3.3305,3.3265,3.3285,12
2026-01-05 11:41:00,3.325,3.326,3.3215,3.323,3.33,3.331,3.3265,3.328,12
2026-01-05 11:42:00,3.3215,3.3225,3.3205,3.3215,3.3265,3.3275,3.3255,3.3265,6
2026-01-05 11:43:00,3.321,3.3215,3.3205,3.3205,3.326,3.3265,3.3255,3.3255,3
2026-01-05 11:44:00,3.32,3.32,3.3165,3.317,3.325,3.325,3.3215,3.322,7
2026-01-05 11:45:00,3.3175,3.3185,3.3165,3.3185,3.3225,3.3235,3.3215,3.3235,5
2026-01-05 11:46:00,3.3195,3.3195,3.318,3.3185,3.3245,3.3245,3.323,3.3235,6
2026-01-05 11:47:00,3.318,3.318,3.3165,3.3175,3.323,3.323,3.3215,3.3225,3
2026-01-05 11:48:00,3.317,3.3205,3.317,3.3195,3.322,3.3255,3.322,3.3245,14
2026-01-05 11:49:00,3.32,3.3205,3.32,3.3205,3.325,3.3255,3.325,3.3255,2
2026-01-05 11:50:00,3.32,3.32,3.315,3.3155,3.325,3.325,3.32,3.3205,17
2026-01-05 11:51:00,3.316,3.316,3.3155,3.3155,3.321,3.321,3.3205,3.3205,4
2026-01-05 11:52:00,3.316,3.3205,3.316,3.3195,3.321,3.3255,3.321,3.3245,8
2026-01-05 11:53:00,3.3205,3.3205,3.317,3.3175,3.3255,3.3255,3.322,3.3225,10
2026-01-05 11:54:00,3.317,3.3185,3.317,3.3175,3.322,3.3235,3.322,3.3225,4
2026-01-05 11:55:00,3.3185,3.3305,3.3185,3.3295,3.3235,3.3355,3.3235,3.3345,38
2026-01-05 11:56:00,3.329,3.329,3.3265,3.3275,3.334,3.334,3.3315,3.3325,7
2026-01-05 11:58:00,3.3285,3.3315,3.327,3.3275,3.3335,3.3365,3.332,3.3325,13
2026-01-05 11:59:00,3.327,3.3275,3.3235,3.3275,3.332,3.3325,3.3285,3.3325,10
2026-01-05 12:00:00,3.327,3.327,3.326,3.327,3.332,3.332,3.331,3.332,6
2026-01-05 12:01:00,3.3265,3.3275,3.326,3.326,3.3315,3.3325,3.331,3.331,3
2026-01-05 12:02:00,3.3265,3.3295,3.3265,3.3295,3.3315,3.3345,3.3315,3.3345,4
2026-01-05 12:03:00,3.328,3.3285,3.3215,3.3215,3.333,3.3335,3.3265,3.3265,19
2026-01-05 12:04:00,3.3225,3.3225,3.3185,3.3185,3.3275,3.3275,3.3235,3.3235,14
2026-01-05 12:05:00,3.318,3.318,3.318,3.318,3.323,3.323,3.323,3.323,1
2026-01-05 12:06:00,3.3185,3.3195,3.3125,3.314,3.3235,3.3245,3.3175,3.319,15
2026-01-05 12:07:00,3.3135,3.3145,3.3115,3.3135,3.3185,3.3195,3.3165,3.3185,16
2026-01-05 12:08:00,3.3145,3.317,3.3135,3.3155,3.3195,3.322,3.3185,3.3205,12
2026-01-05 12:09:00,3.316,3.3175,3.3155,3.3165,3.321,3.3225,3.3205,3.3215,8
2026-01-05 12:10:00,3.317,3.3175,3.3155,3.3165,3.322,3.3225,3.3205,3.3215,8
2026-01-05 12:11:00,3.317,3.322,3.317,3.3205,3.322,3.327,3.322,3.3255,11
2026-01-05 12:12:00,3.3195,3.323,3.3195,3.323,3.3245,3.328,3.3245,3.328,10
2026-01-05 12:13:00,3.322,3.322,3.318,3.32,3.327,3.327,3.323,3.325,9
2026-01-05 12:14:00,3.3205,3.3215,3.317,3.3175,3.3255,3.3265,3.322,3.3225,14
2026-01-05 12:15:00,3.3165,3.317,3.3155,3.317,3.3215,3.322,3.3205,3.322,8
2026-01-05 12:16:00,3.3165,3.3175,3.3145,3.3175,3.3215,3.3225,3.3195,3.3225,16
2026-01-05 12:17:00,3.3185,3.3195,3.3155,3.319,3.3235,3.3245,3.3205,3.324,11
2026-01-05 12:18:00,3.3185,3.319,3.3185,3.3185,3.3235,3.324,3.3235,3.3235,3
2026-01-05 12:19:00,3.319,3.319,3.318,3.318,3.324,3.324,3.323,3.323,3
2026-01-05 12:20:00,3.3175,3.318,3.3175,3.318,3.3225,3.323,3.3225,3.323,2
2026-01-05 12:21:00,3.3175,3.3175,3.3155,3.3155,3.3225,3.3225,3.3205,3.3205,6
2026-01-05 12:22:00,3.3165,3.3195,3.3165,3.3175,3.3215,3.3245,3.3215,3.3225,7
2026-01-05 12:23:00,3.318,3.3185,3.3165,3.317,3.323,3.3235,3.3215,3.322,9
2026-01-05 12:24:00,3.3165,3.3165,3.3155,3.316,3.3215,3.3215,3.3205,3.321,5
2026-01-05 12:25:00,3.3155,3.3165,3.3155,3.3155,3.3205,3.3215,3.3205,3.3205,4
2026-01-05 12:26:00,3.316,3.317,3.316,3.3165,3.321,3.322,3.321,3.3215,6
2026-01-05 12:28:00,3.316,3.316,3.308,3.3105,3.321,3.321,3.313,3.3155,15
2026-01-05 12:29:00,3.3095,3.3125,3.3085,3.3125,3.3145,3.3175,3.3135,3.3175,16
2026-01-05 12:30:00,3.312,3.3135,3.3075,3.309,3.317,3.3185,3.3125,3.314,18
2026-01-05 12:31:00,3.3095,3.3155,3.3095,3.315,3.3145,3.3205,3.3145,3.32,26
2026-01-05 12:32:00,3.3155,3.316,3.3145,3.315,3.3205,3.321,3.3195,3.32,9
2026-01-05 12:33:00,3.3155,3.3195,3.315,3.3185,3.3205,3.3245,3.32,3.3235,11
2026-01-05 12:34:00,3.319,3.319,3.3155,3.3155,3.324,3.324,3.3205,3.3205,7
2026-01-05 12:35:00,3.3145,3.3145,3.3105,3.3105,3.3195,3.3195,3.3155,3.3155,11
2026-01-05 12:36:00,3.31,3.31,3.3075,3.3095,3.315,3.315,3.3125,3.3145,14
2026-01-05 12:37:00,3.309,3.309,3.3025,3.3065,3.314,3.314,3.3075,3.3115,24
2026-01-05 12:38:00,3.307,3.307,3.3025,3.3045,3.312,3.312,3.3075,3.3095,13
2026-01-05 12:39:00,3.305,3.3135,3.305,3.3135,3.31,3.3185,3.31,3.3185,26
2026-01-05 12:40:00,3.314,3.3155,3.3135,3.3145,3.319,3.3205,3.3185,3.3195,10
2026-01-05 12:41:00,3.314,3.3155,3.311,3.313,3.319,3.3205,3.316,3.318,11
2026-01-05 12:42:00,3.3125,3.3125,3.3095,3.3105,3.3175,3.3175,3.3145,3.3155,12
2026-01-05 12:43:00,3.3115,3.3125,3.31,3.3105,3.3165,3.3175,3.315,3.3155,12
2026-01-05 12:44:00,3.31,3.3145,3.3085,3.312,3.315,3.3195,3.3135,3.317,24
2026-01-05 12:45:00,3.3115,3.3135,3.3115,3.312,3.3165,3.3185,3.3165,3.317,6
2026-01-05 12:46:00,3.3125,3.318,3.3125,3.3175,3.3175,3.323,3.3175,3.3225,10
2026-01-05 12:47:00,3.318,3.3195,3.318,3.318,3.323,3.3245,3.323,3.323,5
2026-01-05 12:48:00,3.3185,3.3235,3.3185,3.3215,3.3235,3.3285,3.3235,3.3265,11
2026-01-05 12:49:00,3.3205,3.3205,3.3145,3.3165,3.3255,3.3255,3.3195,3.3215,13
2026-01-05 12:50:00,3.3155,3.3155,3.311,3.311,3.3205,3.3205,3.316,3.316,15
2026-01-05 12:51:00,3.3115,3.3115,3.3055,3.308,3.3165,3.3165,3.3105,3.313,19
2026-01-05 12:52:00,3.3085,3.312,3.3075,3.31,3.3135,3.317,3.3125,3.315,13
2026-01-05 12:53:00,3.307,3.3085,3.3005,3.3035,3.312,3.3135,3.3055,3.3085,44
2026-01-05 12:54:00,3.304,3.3055,3.3005,3.302,3.309,3.3105,3.3055,3.307,19
2026-01-05 12:55:00,3.3015,3.303,3.2945,3.2965,3.3065,3.308,3.2995,3.3015,23
2026-01-05 12:56:00,3.2975,3.2975,3.292,3.294,3.3025,3.3025,3.297,3.299,20
2026-01-05 12:57:00,3.2935,3.2935,3.282,3.2855,3.2985,3.2985,3.287,3.2905,46
2026-01-05 12:58:00,3.2865,3.2865,3.282,3.2835,3.2915,3.2915,3.287,3.2885,42
2026-01-05 12:59:00,3.284,3.2845,3.2815,3.283,3.289,3.2895,3.2865,3.288,11
2026-01-05 13:00:00,3.282,3.287,3.2795,3.284,3.287,3.292,3.2845,3.289,56
2026-01-05 13:01:00,3.2855,3.2965,3.2855,3.2965,3.2905,3.3015,3.2905,3.3015,36
2026-01-05 13:02:00,3.297,3.3015,3.2965,3.2985,3.302,3.3065,3.3015,3.3035,21
2026-01-05 13:03:00,3.2975,3.2995,3.2955,3.2955,3.3025,3.3045,3.3005,3.3005,30
2026-01-05 13:04:00,3.2965,3.297,3.2935,3.2955,3.3015,3.302,3.2985,3.3005,14
2026-01-05 13:05:00,3.295,3.2985,3.294,3.2975,3.3,3.3035,3.299,3.3025,26
2026-01-05 13:06:00,3.2985,3.2995,3.2965,3.2975,3.3035,3.3045,3.3015,3.3025,15
2026-01-05 13:07:00,3.2985,3.2985,3.2925,3.2925,3.3035,3.3035,3.2975,3.2975,25
2026-01-05 13:08:00,3.2935,3.2975,3.291,3.297,3.2985,3.3025,3.296,3.302,44
2026-01-05 13:09:00,3.2965,3.2975,3.2955,3.297,3.3015,3.3025,3.3005,3.302,9
2026-01-05 13:10:00,3.2965,3.2965,3.2915,3.294,3.3015,3.3015,3.2965,3.299,28
2026-01-05 13:11:00,3.2945,3.2965,3.291,3.2965,3.2995,3.3015,3.296,3.3015,30
2026-01-05 13:12:00,3.297,3.297,3.2935,3.2955,3.302,3.302,3.2985,3.3005,18
2026-01-05 13:13:00,3.2965,3.2965,3.2925,3.2925,3.3015,3.3015,3.2975,3.2975,9
2026-01-05 13:14:00,3.292,3.293,3.289,3.291,3.297,3.298,3.294,3.296,13
2026-01-05 13:15:00,3.2915,3.2955,3.2915,3.2945,3.2965,3.3005,3.2965,3.2995,10
2026-01-05 13:16:00,3.294,3.3035,3.2925,3.2985,3.299,3.3085,3.2975,3.3035,26
2026-01-05 13:17:00,3.2995,3.3055,3.2995,3.3015,3.3045,3.3105,3.3045,3.3065,35
2026-01-05 13:18:00,3.3005,3.305,3.2995,3.305,3.3055,3.31,3.3045,3.31,22
2026-01-05 13:19:00,3.3045,3.3045,3.296,3.299,3.3095,3.3095,3.301,3.304,42
2026-01-05 13:20:00,3.2985,3.3,3.2915,3.293,3.3035,3.305,3.2965,3.298,32
2026-01-05 13:21:00,3.2935,3.2945,3.286,3.2895,3.2985,3.2995,3.291,3.2945,18
2026-01-05 13:22:00,3.29,3.2985,3.2875,3.2975,3.295,3.3035,3.2925,3.3025,34
2026-01-05 13:23:00,3.2965,3.2975,3.2895,3.2895,3.3015,3.3025,3.2945,3.2945,23
2026-01-05 13:24:00,3.2905,3.2915,3.2875,3.2895,3.2955,3.2965,3.2925,3.2945,11
2026-01-05 13:25:00,3.2885,3.2945,3.2865,3.289,3.2935,3.2995,3.2915,3.294,34
2026-01-05 13:26:00,3.2895,3.2935,3.2855,3.2915,3.2945,3.2985,3.2905,3.2965,37
2026-01-05 13:27:00,3.2905,3.2915,3.2885,3.2915,3.2955,3.2965,3.2935,3.2965,12
2026-01-05 13:28:00,3.291,3.291,3.2885,3.2885,3.296,3.296,3.2935,3.2935,12
2026-01-05 13:29:00,3.2875,3.2895,3.2855,3.2865,3.2925,3.2945,3.2905,3.2915,21
2026-01-05 13:30:00,3.287,3.2885,3.2855,3.2875,3.292,3.2935,3.2905,3.2925,20
2026-01-05 13:31:00,3.288,3.2935,3.288,3.2915,3.293,3.2985,3.293,3.2965,31
2026-01-05 13:32:00,3.2905,3.2945,3.2905,3.291,3.2955,3.2995,3.2955,3.296,21
2026-01-05 13:33:00,3.2905,3.2925,3.2885,3.2915,3.2955,3.2975,3.2935,3.2965,21
2026-01-05 13:34:00,3.2905,3.2925,3.2895,3.2915,3.2955,3.2975,3.2945,3.2965,16
2026-01-05 13:35:00,3.2905,3.295,3.2905,3.2935,3.2955,3.3,3.2955,3.2985,14
2026-01-05 13:36:00,3.2925,3.2925,3.2885,3.291,3.2975,3.2975,3.2935,3.296,20
2026-01-05 13:37:00,3.2915,3.292,3.2895,3.2915,3.2965,3.297,3.2945,3.2965,10
2026-01-05 13:38:00,3.292,3.2935,3.2895,3.2905,3.297,3.2985,3.2945,3.2955,17
2026-01-05 13:39:00,3.29,3.2915,3.2875,3.2885,3.295,3.2965,3.2925,3.2935,16
2026-01-05 13:40:00,3.2875,3.2905,3.2835,3.2845,3.2925,3.2955,3.2885,3.2895,38
2026-01-05 13:41:00,3.2835,3.286,3.2835,3.2845,3.2885,3.291,3.2885,3.2895,15
2026-01-05 13:42:00,3.285,3.2935,3.284,3.2855,3.29,3.2985,3.289,3.2905,39
2026-01-05 13:43:00,3.286,3.2895,3.2845,3.2855,3.291,3.2945,3.2895,3.2905,35
2026-01-05 13:44:00,3.2865,3.2875,3.284,3.2845,3.2915,3.2925,3.289,3.2895,13
2026-01-05 13:45:00,3.2835,3.2835,3.2785,3.2825,3.2885,3.2885,3.2835,3.2875,27
2026-01-05 13:46:00,3.283,3.2885,3.2825,3.2875,3.288,3.2935,3.2875,3.2925,23
2026-01-05 13:47:00,3.287,3.2885,3.2845,3.287,3.292,3.2935,3.2895,3.292,14
2026-01-05 13:48:00,3.2865,3.2865,3.2815,3.2825,3.2915,3.2915,3.2865,3.2875,16
2026-01-05 13:49:00,3.282,3.2855,3.2815,3.2845,3.287,3.2905,3.2865,3.2895,16
2026-01-05 13:50:00,3.2835,3.2835,3.2815,3.282,3.2885,3.2885,3.2865,3.287,4
2026-01-05 13:51:00,3.2825,3.2825,3.2775,3.2795,3.2875,3.2875,3.2825,3.2845,15
2026-01-05 13:52:00,3.28,3.2805,3.2795,3.2805,3.285,3.2855,3.2845,3.2855,6
2026-01-05 13:53:00,3.2815,3.2875,3.2805,3.2845,3.2865,3.2925,3.2855,3.2895,20
2026-01-05 13:54:00,3.2835,3.2885,3.2825,3.2875,3.2885,3.2935,3.2875,3.2925,20
2026-01-05 13:55:00,3.287,3.287,3.2815,3.282,3.292,3.292,3.2865,3.287,15
2026-01-05 13:56:00,3.2815,3.2825,3.28,3.2805,3.2865,3.2875,3.285,3.2855,12
2026-01-05 13:57:00,3.2795,3.2805,3.2765,3.2785,3.2845,3.2855,3.2815,3.2835,18
2026-01-05 13:58:00,3.2795,3.2815,3.2795,3.2815,3.2845,3.2865,3.2845,3.2865,15
2026-01-05 13:59:00,3.2805,3.2805,3.2785,3.279,3.2855,3.2855,3.2835,3.284,16
2026-01-05 14:00:00,3.281,3.2825,3.2735,3.2755,3.286,3.2875,3.2785,3.2805,43
2026-01-05 14:01:00,3.275,3.2765,3.273,3.2735,3.28,3.2815,3.278,3.2785,28
2026-01-05 14:02:00,3.273,3.273,3.2635,3.2655,3.278,3.278,3.2685,3.2705,53
2026-01-05 14:03:00,3.265,3.2695,3.2605,3.2615,3.27,3.2745,3.2655,3.2665,69
2026-01-05 14:04:00,3.262,3.2645,3.2595,3.2595,3.267,3.2695,3.2645,3.2645,57
2026-01-05 14:05:00,3.2585,3.2605,3.2485,3.2485,3.2635,3.2655,3.2535,3.2535,94
2026-01-05 14:06:00,3.249,3.249,3.2455,3.249,3.254,3.254,3.2505,3.254,28
2026-01-05 14:07:00,3.2505,3.2505,3.2415,3.2455,3.2555,3.2555,3.2465,3.2505,53
2026-01-05 14:08:00,3.246,3.246,3.2325,3.2345,3.251,3.251,3.2375,3.2395,61
2026-01-05 14:09:00,3.234,3.2355,3.227,3.2345,3.239,3.2405,3.232,3.2395,76
2026-01-05 14:10:00,3.234,3.234,3.217,3.2175,3.239,3.239,3.222,3.2225,70
2026-01-05 14:11:00,3.218,3.2295,3.2175,3.2295,3.223,3.2345,3.2225,3.2345,76
2026-01-05 14:12:00,3.229,3.2415,3.2275,3.236,3.234,3.2465,3.2325,3.241,77
2026-01-05 14:13:00,3.2385,3.2455,3.2355,3.244,3.2435,3.2505,3.2405,3.249,43
2026-01-05 14:14:00,3.2435,3.2555,3.2415,3.2545,3.2485,3.2605,3.2465,3.2595,55
2026-01-05 14:15:00,3.2555,3.2595,3.2545,3.2585,3.2605,3.2645,3.2595,3.2635,39
2026-01-05 14:16:00,3.2595,3.262,3.2515,3.2525,3.2645,3.267,3.2565,3.2575,50
2026-01-05 14:17:00,3.2515,3.2515,3.2305,3.2315,3.2565,3.2565,3.2355,3.2365,92
2026-01-05 14:18:00,3.232,3.2485,3.2255,3.2455,3.237,3.2535,3.2305,3.2505,118
2026-01-05 14:19:00,3.245,3.2675,3.2445,3.2645,3.25,3.2725,3.2495,3.2695,80
2026-01-05 14:20:00,3.2655,3.2775,3.2615,3.2715,3.2705,3.2825,3.2665,3.2765,112
2026-01-05 14:21:00,3.272,3.2775,3.271,3.277,3.277,3.2825,3.276,3.282,61
2026-01-05 14:22:00,3.2765,3.2835,3.275,3.2765,3.2815,3.2885,3.28,3.2815,45
2026-01-05 14:23:00,3.2775,3.2775,3.2595,3.2615,3.2825,3.2825,3.2645,3.2665,111
2026-01-05 14:24:00,3.2605,3.2615,3.2505,3.2565,3.2655,3.2665,3.2555,3.2615,114
2026-01-05 14:25:00,3.2575,3.2575,3.2375,3.245,3.2625,3.2625,3.2425,3.25,96
2026-01-05 14:26:00,3.2445,3.2455,3.2315,3.237,3.2495,3.2505,3.2365,3.242,114
2026-01-05 14:27:00,3.2395,3.2535,3.2395,3.252,3.2445,3.2585,3.2445,3.257,90
2026-01-05 14:28:00,3.2525,3.263,3.2525,3.2615,3.2575,3.268,3.2575,3.2665,73
2026-01-05 14:29:00,3.263,3.263,3.2535,3.2555,3.268,3.268,3.2585,3.2605,95
2026-01-05 14:30:00,3.255,3.2665,3.2525,3.2635,3.26,3.2715,3.2575,3.2685,70
2026-01-05 14:31:00,3.263,3.2705,3.244,3.245,3.268,3.2755,3.249,3.25,95
2026-01-05 14:32:00,3.247,3.248,3.236,3.2395,3.252,3.253,3.241,3.2445,105
2026-01-05 14:33:00,3.2385,3.2415,3.2325,3.2345,3.2435,3.2465,3.2375,3.2395,113
2026-01-05 14:34:00,3.235,3.236,3.2265,3.2305,3.24,3.241,3.2315,3.2355,133
2026-01-05 14:35:00,3.231,3.2555,3.2285,3.253,3.236,3.2605,3.2335,3.258,107
2026-01-05 14:36:00,3.2525,3.2565,3.2485,3.2545,3.2575,3.2615,3.2535,3.2595,85
2026-01-05 14:37:00,3.2535,3.2575,3.2525,3.257,3.2585,3.2625,3.2575,3.262,48
2026-01-05 14:38:00,3.2575,3.2585,3.2355,3.2385,3.2625,3.2635,3.2405,3.2435,73
2026-01-05 14:39:00,3.239,3.2405,3.2335,3.2385,3.244,3.2455,3.2385,3.2435,78
2026-01-05 14:40:00,3.2395,3.2415,3.2265,3.2275,3.2445,3.2465,3.2315,3.2325,103
2026-01-05 14:41:00,3.228,3.2345,3.2255,3.2335,3.233,3.2395,3.2305,3.2385,97
2026-01-05 14:42:00,3.234,3.2355,3.2235,3.2305,3.239,3.2405,3.2285,3.2355,82
2026-01-05 14:43:00,3.23,3.2365,3.2225,3.2255,3.235,3.2415,3.2275,3.2305,109
2026-01-05 14:44:00,3.2245,3.2275,3.2165,3.2255,3.2295,3.2325,3.2215,3.2305,107
2026-01-05 14:45:00,3.225,3.225,3.2135,3.223,3.23,3.23,3.2185,3.228,108
2026-01-05 14:46:00,3.2235,3.2485,3.2175,3.246,3.2285,3.2535,3.2225,3.251,135
2026-01-05 14:47:00,3.2455,3.2575,3.2445,3.257,3.2505,3.2625,3.2495,3.262,145
2026-01-05 14:48:00,3.2575,3.2595,3.2495,3.2525,3.2625,3.2645,3.2545,3.2575,86
2026-01-05 14:49:00,3.2515,3.2605,3.2465,3.2595,3.2565,3.2655,3.2515,3.2645,72
2026-01-05 14:50:00,3.2585,3.2625,3.2375,3.2385,3.2635,3.2675,3.2425,3.2435,86
2026-01-05 14:51:00,3.2395,3.2445,3.2335,3.2445,3.2445,3.2495,3.2385,3.2495,52
2026-01-05 14:52:00,3.2475,3.2535,3.2455,3.2525,3.2525,3.2585,3.2505,3.2575,78
2026-01-05 14:53:00,3.2515,3.2595,3.2415,3.2565,3.2565,3.2645,3.2465,3.2615,83
2026-01-05 14:54:00,3.2555,3.2605,3.25,3.2585,3.2605,3.2655,3.255,3.2635,72
2026-01-05 14:55:00,3.258,3.2635,3.2485,3.2505,3.263,3.2685,3.2535,3.2555,69
2026-01-05 14:56:00,3.25,3.25,3.2315,3.233,3.255,3.255,3.2365,3.238,90
2026-01-05 14:57:00,3.2335,3.2345,3.214,3.2165,3.2385,3.2395,3.219,3.2215,186
2026-01-05 14:58:00,3.217,3.2365,3.2155,3.2355,3.222,3.2415,3.2205,3.2405,133
2026-01-05 14:59:00,3.236,3.2515,3.236,3.2395,3.241,3.2565,3.241,3.2445,119
2026-01-05 15:00:00,3.242,3.2465,3.2205,3.2215,3.247,3.2515,3.2255,3.2265,203
2026-01-05 15:01:00,3.221,3.2215,3.201,3.2025,3.226,3.2265,3.206,3.2075,203
2026-01-05 15:02:00,3.203,3.2145,3.2025,3.2045,3.208,3.2195,3.2075,3.2095,134
2026-01-05 15:03:00,3.204,3.2055,3.193,3.1965,3.209,3.2105,3.198,3.2015,97
2026-01-05 15:04:00,3.197,3.1986,3.1815,3.187,3.202,3.2035,3.1865,3.192,181
2026-01-05 15:05:00,3.1845,3.1975,3.1845,3.197,3.1895,3.2025,3.1895,3.202,128
2026-01-05 15:06:00,3.198,3.2265,3.198,3.2185,3.203,3.2315,3.203,3.2235,212
2026-01-05 15:07:00,3.2195,3.22,3.198,3.1986,3.2245,3.225,3.203,3.2035,135
2026-01-05 15:08:00,3.198,3.2255,3.1955,3.222,3.203,3.2305,3.2005,3.227,158
2026-01-05 15:09:00,3.2225,3.23,3.2175,3.2235,3.2275,3.235,3.2225,3.2285,143
2026-01-05 15:10:00,3.2295,3.2375,3.2255,3.2345,3.2345,3.2425,3.2305,3.2395,139
2026-01-05 15:11:00,3.235,3.2405,3.2185,3.2185,3.24,3.2455,3.2235,3.2235,144
2026-01-05 15:12:00,3.218,3.2205,3.2095,3.212,3.223,3.2255,3.2145,3.217,124
2026-01-05 15:13:00,3.2125,3.2135,3.2045,3.207,3.2175,3.2185,3.2095,3.212,133
2026-01-05 15:14:00,3.2065,3.2255,3.198,3.2245,3.2115,3.2305,3.203,3.2295,178
2026-01-05 15:15:00,3.225,3.2475,3.223,3.246,3.23,3.2525,3.228,3.251,150
2026-01-05 15:16:00,3.245,3.2535,3.2355,3.2435,3.25,3.2585,3.2405,3.2485,124
2026-01-05 15:17:00,3.243,3.2505,3.2335,3.2345,3.248,3.2555,3.2385,3.2395,114
2026-01-05 15:18:00,3.234,3.2365,3.2265,3.2265,3.239,3.2415,3.2315,3.2315,104
2026-01-05 15:19:00,3.2255,3.2255,3.211,3.2125,3.2305,3.2305,3.216,3.2175,123
2026-01-05 15:20:00,3.213,3.2165,3.204,3.2105,3.218,3.2215,3.209,3.2155,132
2026-01-05 15:21:00,3.2115,3.217,3.1986,3.201,3.2165,3.222,3.2035,3.206,120
2026-01-05 15:22:00,3.2,3.2075,3.1975,3.2025,3.205,3.2125,3.2025,3.2075,100
2026-01-05 15:23:00,3.2035,3.2045,3.1925,3.2005,3.2085,3.2095,3.1975,3.2055,91
2026-01-05 15:24:00,3.201,3.2025,3.191,3.1935,3.206,3.2075,3.196,3.1985,94
2026-01-05 15:25:00,3.1945,3.2055,3.1925,3.1965,3.1995,3.2105,3.1975,3.2015,140
2026-01-05 15:26:00,3.1955,3.197,3.1885,3.19,3.2005,3.202,3.1935,3.195,144
2026-01-05 15:27:00,3.1895,3.2015,3.1855,3.199,3.1945,3.2065,3.1905,3.204,108
2026-01-05 15:28:00,3.2005,3.2145,3.198,3.213,3.2055,3.2195,3.203,3.218,111
2026-01-05 15:29:00,3.2135,3.2225,3.2095,3.2195,3.2185,3.2275,3.2145,3.2245,116
2026-01-05 15:30:00,3.2205,3.231,3.2105,3.2125,3.2255,3.236,3.2155,3.2175,167
2026-01-05 15:31:00,3.213,3.2185,3.2105,3.2135,3.218,3.2235,3.2155,3.2185,122
2026-01-05 15:32:00,3.214,3.2325,3.2135,3.2225,3.219,3.2375,3.2185,3.2275,119
2026-01-05 15:33:00,3.2235,3.2355,3.2225,3.2335,3.2285,3.2405,3.2275,3.2385,101
2026-01-05 15:34:00,3.233,3.2405,3.2285,3.23,3.238,3.2455,3.2335,3.235,129
2026-01-05 15:35:00,3.2305,3.2405,3.2255,3.2395,3.2355,3.2455,3.2305,3.2445,110
2026-01-05 15:36:00,3.2405,3.2435,3.2335,3.2435,3.2455,3.2485,3.2385,3.2485,103
2026-01-05 15:37:00,3.2415,3.2455,3.2315,3.2445,3.2465,3.2505,3.2365,3.2495,107
2026-01-05 15:38:00,3.2435,3.2525,3.2435,3.2495,3.2485,3.2575,3.2485,3.2545,86
2026-01-05 15:39:00,3.2485,3.2525,3.2415,3.2425,3.2535,3.2575,3.2465,3.2475,102
2026-01-05 15:40:00,3.2435,3.2505,3.2395,3.244,3.2485,3.2555,3.2445,3.249,124
2026-01-05 15:41:00,3.2445,3.2585,3.2435,3.2475,3.2495,3.2635,3.2485,3.2525,139
2026-01-05 15:42:00,3.2465,3.2485,3.2395,3.243,3.2515,3.2535,3.2445,3.248,111
2026-01-05 15:43:00,3.2435,3.2585,3.243,3.2575,3.2485,3.2635,3.248,3.2625,140
2026-01-05 15:44:00,3.2565,3.2595,3.2455,3.246,3.2615,3.2645,3.2505,3.251,88
2026-01-05 15:45:00,3.2445,3.2445,3.2395,3.2425,3.2495,3.2495,3.2445,3.2475,52
2026-01-05 15:46:00,3.2415,3.2485,3.2415,3.244,3.2465,3.2535,3.2465,3.249,56
2026-01-05 15:47:00,3.2435,3.2555,3.2395,3.254,3.2485,3.2605,3.2445,3.259,92
2026-01-05 15:48:00,3.2545,3.2545,3.2445,3.246,3.2595,3.2595,3.2495,3.251,62
2026-01-05 15:49:00,3.2455,3.2505,3.2445,3.2495,3.2505,3.2555,3.2495,3.2545,35
2026-01-05 15:50:00,3.249,3.2695,3.249,3.2675,3.254,3.2745,3.254,3.2725,110
2026-01-05 15:51:00,3.268,3.2685,3.2575,3.2585,3.273,3.2735,3.2625,3.2635,73
2026-01-05 15:52:00,3.2595,3.2605,3.2505,3.2565,3.2645,3.2655,3.2555,3.2615,69
2026-01-05 15:53:00,3.256,3.259,3.2525,3.255,3.261,3.264,3.2575,3.26,72
2026-01-05 15:54:00,3.256,3.258,3.2515,3.252,3.261,3.263,3.2565,3.257,55
2026-01-05 15:55:00,3.2525,3.2535,3.2455,3.247,3.2575,3.2585,3.2505,3.252,57
2026-01-05 15:56:00,3.2475,3.2515,3.2455,3.2475,3.2525,3.2565,3.2505,3.2525,57
2026-01-05 15:57:00,3.247,3.2495,3.2435,3.2485,3.252,3.2545,3.2485,3.2535,38
2026-01-05 15:58:00,3.249,3.249,3.2425,3.243,3.254,3.254,3.2475,3.248,41
2026-01-05 15:59:00,3.2435,3.2475,3.2395,3.2405,3.2485,3.2525,3.2445,3.2455,54
2026-01-05 16:00:00,3.242,3.2435,3.2275,3.2305,3.247,3.2485,3.2325,3.2355,73
2026-01-05 16:01:00,3.231,3.242,3.23,3.2415,3.236,3.247,3.235,3.2465,83
2026-01-05 16:02:00,3.242,3.2445,3.238,3.239,3.247,3.2495,3.243,3.244,57
2026-01-05 16:03:00,3.2395,3.2395,3.2315,3.232,3.2445,3.2445,3.2365,3.237,47
2026-01-05 16:04:00,3.2315,3.2405,3.2305,3.238,3.2365,3.2455,3.2355,3.243,44
2026-01-05 16:05:00,3.2385,3.2445,3.2365,3.2375,3.2435,3.2495,3.2415,3.2425,75
2026-01-05 16:06:00,3.237,3.2425,3.2365,3.2415,3.242,3.2475,3.2415,3.2465,63
2026-01-05 16:07:00,3.2405,3.2465,3.237,3.2465,3.2455,3.2515,3.242,3.2515,36
2026-01-05 16:08:00,3.2455,3.2485,3.2425,3.2425,3.2505,3.2535,3.2475,3.2475,44
2026-01-05 16:09:00,3.242,3.244,3.2375,3.241,3.247,3.249,3.2425,3.246,50
2026-01-05 16:10:00,3.2415,3.2445,3.2385,3.2425,3.2465,3.2495,3.2435,3.2475,41
2026-01-05 16:11:00,3.242,3.2435,3.239,3.239,3.247,3.2485,3.244,3.244,32
2026-01-05 16:12:00,3.2385,3.24,3.2315,3.2395,3.2435,3.245,3.2365,3.2445,58
2026-01-05 16:13:00,3.239,3.2405,3.235,3.239,3.244,3.2455,3.24,3.244,27
2026-01-05 16:14:00,3.2385,3.2405,3.2345,3.24,3.2435,3.2455,3.2395,3.245,23
2026-01-05 16:15:00,3.2405,3.2425,3.2365,3.2395,3.2455,3.2475,3.2415,3.2445,61
2026-01-05 16:16:00,3.2385,3.2395,3.2365,3.2385,3.2435,3.2445,3.2415,3.2435,21
2026-01-05 16:17:00,3.2375,3.2415,3.231,3.2325,3.2425,3.2465,3.236,3.2375,64
2026-01-05 16:18:00,3.232,3.233,3.2275,3.231,3.237,3.238,3.2325,3.236,53
2026-01-05 16:19:00,3.232,3.241,3.2315,3.241,3.237,3.246,3.2365,3.246,37
2026-01-05 16:20:00,3.2405,3.2505,3.2405,3.247,3.2455,3.2555,3.2455,3.252,54
2026-01-05 16:21:00,3.2475,3.2495,3.2435,3.2465,3.2525,3.2545,3.2485,3.2515,40
2026-01-05 16:22:00,3.2455,3.2455,3.2395,3.2405,3.2505,3.2505,3.2445,3.2455,42
2026-01-05 16:23:00,3.239,3.2405,3.2365,3.2405,3.244,3.2455,3.2415,3.2455,33
2026-01-05 16:24:00,3.2425,3.2445,3.2405,3.2435,3.2475,3.2495,3.2455,3.2485,26
2026-01-05 16:25:00,3.243,3.2485,3.2425,3.2485,3.248,3.2535,3.2475,3.2535,56
2026-01-05 16:26:00,3.2475,3.2475,3.2425,3.245,3.2525,3.2525,3.2475,3.25,51
2026-01-05 16:27:00,3.2445,3.2495,3.2395,3.2475,3.2495,3.2545,3.2445,3.2525,38
2026-01-05 16:28:00,3.2465,3.2485,3.2465,3.247,3.2515,3.2535,3.2515,3.252,18
2026-01-05 16:29:00,3.2465,3.2475,3.2445,3.247,3.2515,3.2525,3.2495,3.252,31
2026-01-05 16:30:00,3.2445,3.2505,3.2425,3.2485,3.2495,3.2555,3.2475,3.2535,40
2026-01-05 16:31:00,3.248,3.2545,3.2475,3.2525,3.253,3.2595,3.2525,3.2575,49
2026-01-05 16:32:00,3.252,3.2545,3.2495,3.2535,3.257,3.2595,3.2545,3.2585,55
2026-01-05 16:33:00,3.2545,3.2545,3.246,3.246,3.2595,3.2595,3.251,3.251,38
2026-01-05 16:34:00,3.2465,3.251,3.246,3.2475,3.2515,3.256,3.251,3.2525,42
2026-01-05 16:35:00,3.248,3.2485,3.2395,3.2445,3.253,3.2535,3.2445,3.2495,51
2026-01-05 16:36:00,3.244,3.244,3.24,3.2435,3.249,3.249,3.245,3.2485,31
2026-01-05 16:37:00,3.2445,3.2515,3.2405,3.2505,3.2495,3.2565,3.2455,3.2555,56
2026-01-05 16:38:00,3.25,3.2515,3.2455,3.2465,3.255,3.2565,3.2505,3.2515,39
2026-01-05 16:39:00,3.246,3.247,3.2415,3.2425,3.251,3.252,3.2465,3.2475,48
2026-01-05 16:40:00,3.242,3.2445,3.241,3.2445,3.247,3.2495,3.246,3.2495,31
2026-01-05 16:41:00,3.244,3.2445,3.2425,3.2435,3.249,3.2495,3.2475,3.2485,24
2026-01-05 16:42:00,3.243,3.243,3.2385,3.239,3.248,3.248,3.2435,3.244,26
2026-01-05 16:43:00,3.2375,3.2425,3.2375,3.2415,3.2425,3.2475,3.2425,3.2465,20
2026-01-05 16:44:00,3.2425,3.2465,3.2375,3.2415,3.2475,3.2515,3.2425,3.2465,37
2026-01-05 16:45:00,3.241,3.241,3.239,3.2405,3.246,3.246,3.244,3.2455,30
2026-01-05 16:46:00,3.241,3.2465,3.2405,3.2465,3.246,3.2515,3.2455,3.2515,37
2026-01-05 16:47:00,3.246,3.25,3.2415,3.2495,3.251,3.255,3.2465,3.2545,48
2026-01-05 16:48:00,3.2485,3.2565,3.2475,3.25,3.2535,3.2615,3.2525,3.255,81
2026-01-05 16:49:00,3.2495,3.2515,3.246,3.251,3.2545,3.2565,3.251,3.256,45
2026-01-05 16:50:00,3.2505,3.2515,3.2445,3.2465,3.2555,3.2565,3.2495,3.2515,42
2026-01-05 16:51:00,3.246,3.2515,3.246,3.2515,3.251,3.2565,3.251,3.2565,46
2026-01-05 16:52:00,3.2505,3.2645,3.2505,3.263,3.2555,3.2695,3.2555,3.268,54
2026-01-05 16:53:00,3.262,3.268,3.262,3.2665,3.267,3.273,3.267,3.2715,49
2026-01-05 16:54:00,3.266,3.2665,3.2565,3.2615,3.271,3.2715,3.2615,3.2665,59
2026-01-05 16:55:00,3.261,3.265,3.2585,3.26,3.266,3.27,3.2635,3.265,38
2026-01-05 16:56:00,3.2595,3.2615,3.2535,3.2555,3.2645,3.2665,3.2585,3.2605,27
2026-01-05 16:57:00,3.2545,3.2605,3.25,3.2595,3.2595,3.2655,3.255,3.2645,43
2026-01-05 16:58:00,3.26,3.263,3.2575,3.262,3.265,3.268,3.2625,3.267,28
2026-01-05 16:59:00,3.2615,3.2615,3.257,3.257,3.2665,3.2665,3.262,3.262,21
2026-01-05 17:00:00,3.258,3.2615,3.2535,3.2565,3.263,3.2665,3.2585,3.2615,66
2026-01-05 17:01:00,3.257,3.258,3.252,3.252,3.262,3.263,3.257,3.257,43
2026-01-05 17:02:00,3.2515,3.2545,3.2505,3.2525,3.2565,3.2595,3.2555,3.2575,30
2026-01-05 17:03:00,3.2535,3.255,3.252,3.2535,3.2585,3.26,3.257,3.2585,14
2026-01-05 17:04:00,3.2545,3.2555,3.2505,3.2545,3.2595,3.2605,3.2555,3.2595,23
2026-01-05 17:05:00,3.254,3.2615,3.254,3.261,3.259,3.2665,3.259,3.266,42
2026-01-05 17:06:00,3.2615,3.266,3.2605,3.2625,3.2665,3.271,3.2655,3.2675,54
2026-01-05 17:07:00,3.2635,3.2645,3.2605,3.2615,3.2685,3.2695,3.2655,3.2665,22
2026-01-05 17:08:00,3.262,3.268,3.2575,3.2575,3.267,3.273,3.2625,3.2625,47
2026-01-05 17:09:00,3.2565,3.258,3.2545,3.2555,3.2615,3.263,3.2595,3.2605,39
2026-01-05 17:10:00,3.2545,3.2555,3.2505,3.252,3.2595,3.2605,3.2555,3.257,52
2026-01-05 17:11:00,3.2525,3.2545,3.2445,3.2445,3.2575,3.2595,3.2495,3.2495,45
2026-01-05 17:12:00,3.2455,3.2475,3.2435,3.2445,3.2505,3.2525,3.2485,3.2495,24
2026-01-05 17:13:00,3.245,3.249,3.2395,3.249,3.25,3.254,3.2445,3.254,40
2026-01-05 17:14:00,3.2495,3.254,3.2445,3.2495,3.2545,3.259,3.2495,3.2545,49
2026-01-05 17:15:00,3.249,3.2515,3.2465,3.2495,3.254,3.2565,3.2515,3.2545,19
2026-01-05 17:16:00,3.25,3.2515,3.242,3.244,3.255,3.2565,3.247,3.249,31
2026-01-05 17:17:00,3.2435,3.2445,3.2415,3.2425,3.2485,3.2495,3.2465,3.2475,20
2026-01-05 17:18:00,3.2435,3.2445,3.2415,3.2445,3.2485,3.2495,3.2465,3.2495,15
2026-01-05 17:19:00,3.244,3.2455,3.2425,3.2425,3.249,3.2505,3.2475,3.2475,33
2026-01-05 17:20:00,3.2415,3.2445,3.2405,3.2425,3.2465,3.2495,3.2455,3.2475,17
2026-01-05 17:21:00,3.242,3.2575,3.2415,3.2575,3.247,3.2625,3.2465,3.2625,38
2026-01-05 17:22:00,3.257,3.257,3.2525,3.2525,3.262,3.262,3.2575,3.2575,21
2026-01-05 17:23:00,3.2535,3.2545,3.2505,3.2515,3.2585,3.2595,3.2555,3.2565,18
2026-01-05 17:24:00,3.25,3.25,3.2475,3.2485,3.255,3.255,3.2525,3.2535,11
2026-01-05 17:25:00,3.248,3.2595,3.2475,3.2555,3.253,3.2645,3.2525,3.2605,35
2026-01-05 17:26:00,3.2565,3.2635,3.2555,3.261,3.2615,3.2685,3.2605,3.266,37
2026-01-05 17:27:00,3.2605,3.2625,3.259,3.2595,3.2655,3.2675,3.264,3.2645,22
2026-01-05 17:28:00,3.2575,3.258,3.256,3.2565,3.2625,3.263,3.261,3.2615,15
2026-01-05 17:29:00,3.2545,3.2665,3.2545,3.2665,3.2595,3.2715,3.2595,3.2715,38
2026-01-05 17:30:00,3.2685,3.2705,3.2665,3.2695,3.2735,3.2755,3.2715,3.2745,29
2026-01-05 17:31:00,3.2685,3.2805,3.2675,3.2735,3.2735,3.2855,3.2725,3.2785,76
2026-01-05 17:32:00,3.275,3.2775,3.2675,3.268,3.28,3.2825,3.2725,3.273,60
2026-01-05 17:33:00,3.2685,3.2705,3.2615,3.2625,3.2735,3.2755,3.2665,3.2675,43
2026-01-05 17:34:00,3.263,3.2665,3.2625,3.2635,3.268,3.2715,3.2675,3.2685,24
2026-01-05 17:35:00,3.2625,3.2635,3.253,3.2535,3.2675,3.2685,3.258,3.2585,46
2026-01-05 17:36:00,3.253,3.2585,3.2525,3.2555,3.258,3.2635,3.2575,3.2605,35
2026-01-05 17:37:00,3.2565,3.2695,3.2565,3.268,3.2615,3.2745,3.2615,3.273,35
2026-01-05 17:38:00,3.2675,3.271,3.262,3.263,3.2725,3.276,3.267,3.268,42
2026-01-05 17:39:00,3.2635,3.2675,3.2635,3.2655,3.2685,3.2725,3.2685,3.2705,29
2026-01-05 17:40:00,3.266,3.2745,3.2655,3.2695,3.271,3.2795,3.2705,3.2745,47
2026-01-05 17:41:00,3.2685,3.269,3.2575,3.2585,3.2735,3.274,3.2625,3.2635,46
2026-01-05 17:42:00,3.2575,3.2595,3.2565,3.2575,3.2625,3.2645,3.2615,3.2625,27
2026-01-05 17:43:00,3.258,3.2655,3.2545,3.263,3.263,3.2705,3.2595,3.268,45
2026-01-05 17:44:00,3.2625,3.2655,3.2585,3.2625,3.2675,3.2705,3.2635,3.2675,33
2026-01-05 17:45:00,3.262,3.2745,3.262,3.269,3.267,3.2795,3.267,3.274,59
2026-01-05 17:46:00,3.2685,3.2745,3.2665,3.2695,3.2735,3.2795,3.2715,3.2745,34
2026-01-05 17:47:00,3.269,3.278,3.2665,3.276,3.274,3.283,3.2715,3.281,51
2026-01-05 17:48:00,3.2765,3.2775,3.2695,3.27,3.2815,3.2825,3.2745,3.275,23
2026-01-05 17:49:00,3.2685,3.275,3.2685,3.27,3.2735,3.28,3.2735,3.275,31
2026-01-05 17:50:00,3.2695,3.2725,3.2685,3.2685,3.2745,3.2775,3.2735,3.2735,31
2026-01-05 17:51:00,3.2695,3.2705,3.2665,3.267,3.2745,3.2755,3.2715,3.272,23
2026-01-05 17:52:00,3.2665,3.2665,3.26,3.2615,3.2715,3.2715,3.265,3.2665,31
2026-01-05 17:53:00,3.261,3.2615,3.2585,3.2605,3.266,3.2665,3.2635,3.2655,36
2026-01-05 17:54:00,3.26,3.2635,3.2585,3.2625,3.265,3.2685,3.2635,3.2675,27
2026-01-05 17:55:00,3.262,3.262,3.2575,3.2575,3.267,3.267,3.2625,3.2625,15
2026-01-05 17:56:00,3.258,3.2595,3.2525,3.2565,3.263,3.2645,3.2575,3.2615,46
2026-01-05 17:57:00,3.256,3.2575,3.2525,3.2545,3.261,3.2625,3.2575,3.2595,32
2026-01-05 17:58:00,3.2555,3.257,3.2465,3.2475,3.2605,3.262,3.2515,3.2525,20
2026-01-05 17:59:00,3.2465,3.2475,3.243,3.247,3.2515,3.2525,3.248,3.252,36
2026-01-05 18:00:00,3.2475,3.2485,3.2445,3.2465,3.2525,3.2535,3.2495,3.2515,35
2026-01-05 18:01:00,3.2455,3.2525,3.2445,3.2495,3.2505,3.2575,3.2495,3.2545,52
2026-01-05 18:02:00,3.2485,3.2495,3.2475,3.249,3.2535,3.2545,3.2525,3.254,21
2026-01-05 18:03:00,3.2495,3.2535,3.2485,3.2525,3.2545,3.2585,3.2535,3.2575,24
2026-01-05 18:04:00,3.253,3.254,3.2515,3.254,3.258,3.259,3.2565,3.259,15
2026-01-05 18:05:00,3.2545,3.2755,3.2525,3.2735,3.2595,3.2805,3.2575,3.2785,66
2026-01-05 18:06:00,3.2745,3.2795,3.2725,3.2785,3.2795,3.2845,3.2775,3.2835,59
2026-01-05 18:07:00,3.2775,3.2775,3.2675,3.2675,3.2825,3.2825,3.2725,3.2725,41
2026-01-05 18:08:00,3.2685,3.2695,3.263,3.263,3.2735,3.2745,3.268,3.268,34
2026-01-05 18:09:00,3.2635,3.2635,3.2605,3.2635,3.2685,3.2685,3.2655,3.2685,22
2026-01-05 18:10:00,3.263,3.2795,3.263,3.2745,3.268,3.2845,3.268,3.2795,54
2026-01-05 18:11:00,3.274,3.2745,3.2695,3.27,3.279,3.2795,3.2745,3.275,19
2026-01-05 18:12:00,3.2705,3.2725,3.2685,3.2695,3.2755,3.2775,3.2735,3.2745,22
2026-01-05 18:13:00,3.2705,3.2715,3.2685,3.2685,3.2755,3.2765,3.2735,3.2735,11
2026-01-05 18:14:00,3.2675,3.2675,3.2635,3.2655,3.2725,3.2725,3.2685,3.2705,22
2026-01-05 18:15:00,3.2665,3.2845,3.2665,3.2825,3.2715,3.2895,3.2715,3.2875,76
2026-01-05 18:16:00,3.282,3.287,3.2815,3.2825,3.287,3.292,3.2865,3.2875,44
2026-01-05 18:17:00,3.2835,3.2875,3.283,3.2855,3.2885,3.2925,3.288,3.2905,38
2026-01-05 18:18:00,3.2845,3.2955,3.2845,3.294,3.2895,3.3005,3.2895,3.299,78
2026-01-05 18:19:00,3.2935,3.2945,3.2915,3.2935,3.2985,3.2995,3.2965,3.2985,41
2026-01-05 18:20:00,3.294,3.311,3.294,3.3095,3.299,3.316,3.299,3.3145,90
2026-01-05 18:21:00,3.31,3.3145,3.3065,3.308,3.315,3.3195,3.3115,3.313,110
2026-01-05 18:22:00,3.3085,3.3085,3.3035,3.3035,3.3135,3.3135,3.3085,3.3085,49
2026-01-05 18:23:00,3.304,3.3055,3.299,3.3015,3.309,3.3105,3.304,3.3065,64
2026-01-05 18:24:00,3.302,3.302,3.2965,3.2965,3.307,3.307,3.3015,3.3015,63
2026-01-05 18:25:00,3.2975,3.2975,3.2945,3.295,3.3025,3.3025,3.2995,3.3,20
2026-01-05 18:26:00,3.2965,3.3035,3.2965,3.3015,3.3015,3.3085,3.3015,3.3065,49
2026-01-05 18:27:00,3.302,3.302,3.2955,3.2955,3.307,3.307,3.3005,3.3005,25
2026-01-05 18:28:00,3.2965,3.2975,3.2945,3.297,3.3015,3.3025,3.2995,3.302,35
2026-01-05 18:29:00,3.2965,3.297,3.291,3.2915,3.3015,3.302,3.296,3.2965,41
2026-01-05 18:30:00,3.2925,3.2965,3.2915,3.2955,3.2975,3.3015,3.2965,3.3005,39
2026-01-05 18:31:00,3.296,3.298,3.2955,3.2965,3.301,3.303,3.3005,3.3015,21
2026-01-05 18:32:00,3.2955,3.297,3.2925,3.2945,3.3005,3.302,3.2975,3.2995,15
2026-01-05 18:33:00,3.2935,3.2935,3.2855,3.2865,3.2985,3.2985,3.2905,3.2915,27
2026-01-05 18:34:00,3.2875,3.2915,3.2845,3.2895,3.2925,3.2965,3.2895,3.2945,41
2026-01-05 18:35:00,3.289,3.2915,3.2875,3.29,3.294,3.2965,3.2925,3.295,22
2026-01-05 18:36:00,3.2905,3.296,3.2895,3.2955,3.2955,3.301,3.2945,3.3005,42
2026-01-05 18:37:00,3.295,3.3195,3.295,3.3165,3.3,3.3245,3.3,3.3215,97
2026-01-05 18:38:00,3.3155,3.3165,3.3085,3.3095,3.3205,3.3215,3.3135,3.3145,65
2026-01-05 18:39:00,3.31,3.3205,3.3085,3.3165,3.315,3.3255,3.3135,3.3215,48
2026-01-05 18:40:00,3.317,3.3275,3.317,3.3245,3.322,3.3325,3.322,3.3295,48
2026-01-05 18:41:00,3.3235,3.3245,3.3065,3.3075,3.3285,3.3295,3.3115,3.3125,59
2026-01-05 18:42:00,3.307,3.3095,3.2995,3.3025,3.312,3.3145,3.3045,3.3075,80
2026-01-05 18:43:00,3.303,3.303,3.2945,3.2965,3.308,3.308,3.2995,3.3015,60
2026-01-05 18:44:00,3.297,3.3005,3.2915,3.2945,3.302,3.3055,3.2965,3.2995,41
2026-01-05 18:45:00,3.294,3.2975,3.2865,3.2885,3.299,3.3025,3.2915,3.2935,48
2026-01-05 18:46:00,3.288,3.2925,3.2865,3.2875,3.293,3.2975,3.2915,3.2925,53
2026-01-05 18:47:00,3.287,3.3135,3.2855,3.3075,3.292,3.3185,3.2905,3.3125,112
2026-01-05 18:48:00,3.3065,3.3075,3.2995,3.3,3.3115,3.3125,3.3045,3.305,45
2026-01-05 18:49:00,3.2995,3.3185,3.299,3.317,3.3045,3.3235,3.304,3.322,95
2026-01-05 18:50:00,3.3175,3.3275,3.3175,3.3215,3.3225,3.3325,3.3225,3.3265,83
2026-01-05 18:51:00,3.3225,3.3245,3.3155,3.317,3.3275,3.3295,3.3205,3.322,70
2026-01-05 18:52:00,3.3175,3.3215,3.31,3.3155,3.3225,3.3265,3.315,3.3205,66
2026-01-05 18:53:00,3.3145,3.3235,3.3145,3.3235,3.3195,3.3285,3.3195,3.3285,43
2026-01-05 18:54:00,3.323,3.324,3.3185,3.319,3.328,3.329,3.3235,3.324,25
2026-01-05 18:55:00,3.3165,3.3365,3.3155,3.331,3.3215,3.3415,3.3205,3.336,138
2026-01-05 18:56:00,3.3295,3.3295,3.3215,3.3225,3.3345,3.3345,3.3265,3.3275,40
2026-01-05 18:57:00,3.323,3.324,3.3165,3.318,3.328,3.329,3.3215,3.323,39
2026-01-05 18:58:00,3.3185,3.3235,3.3185,3.3205,3.3235,3.3285,3.3235,3.3255,35
2026-01-05 18:59:00,3.321,3.3225,3.319,3.3215,3.326,3.3275,3.324,3.3265,24
2026-01-05 19:00:00,3.322,3.322,3.3085,3.3105,3.327,3.327,3.3135,3.3155,51
2026-01-05 19:01:00,3.311,3.3115,3.2965,3.2995,3.316,3.3165,3.3015,3.3045,71
2026-01-05 19:02:00,3.3,3.3045,3.2965,3.3,3.305,3.3095,3.3015,3.305,58
2026-01-05 19:03:00,3.301,3.3035,3.3005,3.302,3.306,3.3085,3.3055,3.307,25
2026-01-05 19:04:00,3.3015,3.3035,3.2955,3.2985,3.3065,3.3085,3.3005,3.3035,46
2026-01-05 19:05:00,3.2995,3.3145,3.2985,3.3105,3.3045,3.3195,3.3035,3.3155,64
2026-01-05 19:06:00,3.311,3.3135,3.3045,3.3045,3.316,3.3185,3.3095,3.3095,49
2026-01-05 19:07:00,3.3035,3.3055,3.301,3.3035,3.3085,3.3105,3.306,3.3085,33
2026-01-05 19:08:00,3.304,3.3135,3.304,3.3095,3.309,3.3185,3.309,3.3145,36
2026-01-05 19:09:00,3.309,3.3115,3.3005,3.3025,3.314,3.3165,3.3055,3.3075,35
2026-01-05 19:10:00,3.3035,3.318,3.3005,3.3055,3.3085,3.323,3.3055,3.3105,112
2026-01-05 19:11:00,3.304,3.3085,3.2895,3.2895,3.309,3.3135,3.2945,3.2945,59
2026-01-05 19:12:00,3.2905,3.2905,3.2825,3.2875,3.2955,3.2955,3.2875,3.2925,85
2026-01-05 19:13:00,3.287,3.2885,3.2735,3.2775,3.292,3.2935,3.2785,3.2825,69
2026-01-05 19:14:00,3.278,3.2795,3.273,3.2755,3.283,3.2845,3.278,3.2805,76
2026-01-05 19:15:00,3.2745,3.2965,3.2745,3.295,3.2795,3.3015,3.2795,3.3,71
2026-01-05 19:16:00,3.2945,3.3055,3.2945,3.2965,3.2995,3.3105,3.2995,3.3015,79
2026-01-05 19:17:00,3.2955,3.302,3.2955,3.3015,3.3005,3.307,3.3005,3.3065,48
2026-01-05 19:18:00,3.302,3.3155,3.3015,3.3145,3.307,3.3205,3.3065,3.3195,109
2026-01-05 19:19:00,3.314,3.3195,3.3095,3.3105,3.319,3.3245,3.3145,3.3155,68
2026-01-05 19:20:00,3.311,3.3125,3.3085,3.3115,3.316,3.3175,3.3135,3.3165,53
2026-01-05 19:21:00,3.3105,3.3215,3.3105,3.3195,3.3155,3.3265,3.3155,3.3245,60
2026-01-05 19:22:00,3.3185,3.3245,3.3155,3.3215,3.3235,3.3295,3.3205,3.3265,57
2026-01-05 19:23:00,3.321,3.3245,3.3175,3.3235,3.326,3.3295,3.3225,3.3285,32
2026-01-05 19:24:00,3.3225,3.3275,3.3165,3.3165,3.3275,3.3325,3.3215,3.3215,58
2026-01-05 19:25:00,3.317,3.3265,3.317,3.3205,3.322,3.3315,3.322,3.3255,52
2026-01-05 19:26:00,3.3215,3.3335,3.3205,3.3315,3.3265,3.3385,3.3255,3.3365,61
2026-01-05 19:27:00,3.3305,3.3355,3.327,3.3315,3.3355,3.3405,3.332,3.3365,50
2026-01-05 19:28:00,3.3325,3.3325,3.3265,3.327,3.3375,3.3375,3.3315,3.332,22
2026-01-05 19:29:00,3.3275,3.3275,3.3205,3.325,3.3325,3.3325,3.3255,3.33,51
2026-01-05 19:30:00,3.3255,3.3275,3.3235,3.3265,3.3305,3.3325,3.3285,3.3315,28
2026-01-05 19:31:00,3.327,3.3295,3.3205,3.322,3.332,3.3345,3.3255,3.327,28
2026-01-05 19:32:00,3.3215,3.3225,3.3155,3.321,3.3265,3.3275,3.3205,3.326,60
2026-01-05 19:33:00,3.3215,3.3215,3.316,3.316,3.3265,3.3265,3.321,3.321,27
2026-01-05 19:34:00,3.3155,3.3235,3.3155,3.3225,3.3205,3.3285,3.3205,3.3275,32
2026-01-05 19:35:00,3.323,3.331,3.3215,3.3275,3.328,3.336,3.3265,3.3325,54
2026-01-05 19:36:00,3.328,3.3285,3.3235,3.324,3.333,3.3335,3.3285,3.329,35
2026-01-05 19:37:00,3.3245,3.3285,3.3245,3.3255,3.3295,3.3335,3.3295,3.3305,23
2026-01-05 19:38:00,3.326,3.3295,3.3175,3.329,3.331,3.3345,3.3225,3.334,51
2026-01-05 19:39:00,3.3295,3.334,3.3265,3.3315,3.3345,3.339,3.3315,3.3365,47
2026-01-05 19:40:00,3.332,3.3345,3.3285,3.3295,3.337,3.3395,3.3335,3.3345,35
2026-01-05 19:41:00,3.33,3.3315,3.3275,3.3285,3.335,3.3365,3.3325,3.3335,33
2026-01-05 19:42:00,3.329,3.3305,3.3235,3.3245,3.334,3.3355,3.3285,3.3295,35
2026-01-05 19:43:00,3.3255,3.3255,3.3205,3.3215,3.3305,3.3305,3.3255,3.3265,34
2026-01-05 19:44:00,3.321,3.3215,3.3165,3.3195,3.326,3.3265,3.3215,3.3245,46
2026-01-05 19:45:00,3.32,3.3205,3.314,3.3165,3.325,3.3255,3.319,3.3215,36
2026-01-05 19:46:00,3.317,3.3215,3.3165,3.3165,3.322,3.3265,3.3215,3.3215,40
2026-01-05 19:47:00,3.316,3.3235,3.3155,3.3205,3.321,3.3285,3.3205,3.3255,33
2026-01-05 19:48:00,3.32,3.3225,3.318,3.3195,3.325,3.3275,3.323,3.3245,25
2026-01-05 19:49:00,3.3205,3.322,3.3195,3.3205,3.3255,3.327,3.3245,3.3255,11
2026-01-05 19:50:00,3.32,3.32,3.3135,3.3175,3.325,3.325,3.3185,3.3225,36
2026-01-05 19:51:00,3.3165,3.3165,3.3075,3.3085,3.3215,3.3215,3.3125,3.3135,34
2026-01-05 19:52:00,3.309,3.3125,3.3075,3.308,3.314,3.3175,3.3125,3.313,41
2026-01-05 19:53:00,3.3085,3.3295,3.3055,3.316,3.3135,3.3345,3.3105,3.321,138
2026-01-05 19:54:00,3.3155,3.3195,3.3065,3.308,3.3205,3.3245,3.3115,3.313,81
2026-01-05 19:55:00,3.3085,3.313,3.3065,3.313,3.3135,3.318,3.3115,3.318,36
2026-01-05 19:56:00,3.3135,3.316,3.3105,3.312,3.3185,3.321,3.3155,3.317,33
2026-01-05 19:57:00,3.3115,3.313,3.3085,3.3105,3.3165,3.318,3.3135,3.3155,34
2026-01-05 19:58:00,3.3095,3.3155,3.3085,3.3155,3.3145,3.3205,3.3135,3.3205,29
2026-01-05 19:59:00,3.3145,3.3185,3.3125,3.3165,3.3195,3.3235,3.3175,3.3215,43
2026-01-05 20:00:00,3.317,3.321,3.315,3.3195,3.322,3.326,3.32,3.3245,41
2026-01-05 20:01:00,3.32,3.3255,3.3185,3.321,3.325,3.3305,3.3235,3.326,39
2026-01-05 20:02:00,3.3205,3.321,3.3165,3.3165,3.3255,3.326,3.3215,3.3215,41
2026-01-05 20:03:00,3.316,3.321,3.3095,3.3165,3.321,3.326,3.3145,3.3215,72
2026-01-05 20:04:00,3.316,3.3185,3.3135,3.3185,3.321,3.3235,3.3185,3.3235,45
2026-01-05 20:05:00,3.319,3.3325,3.319,3.3315,3.324,3.3375,3.324,3.3365,78
2026-01-05 20:06:00,3.331,3.337,3.331,3.3345,3.336,3.342,3.336,3.3395,65
2026-01-05 20:07:00,3.334,3.3355,3.3315,3.3345,3.339,3.3405,3.3365,3.3395,33
2026-01-05 20:08:00,3.3355,3.3375,3.334,3.337,3.3405,3.3425,3.339,3.342,45
2026-01-05 20:09:00,3.3365,3.3425,3.334,3.3355,3.3415,3.3475,3.339,3.3405,70
2026-01-05 20:10:00,3.3345,3.341,3.334,3.3375,3.3395,3.346,3.339,3.3425,32
2026-01-05 20:11:00,3.337,3.3385,3.3355,3.3355,3.342,3.3435,3.3405,3.3405,28
2026-01-05 20:12:00,3.3345,3.3375,3.334,3.334,3.3395,3.3425,3.339,3.339,32
2026-01-05 20:13:00,3.3345,3.3365,3.3335,3.3355,3.3395,3.3415,3.3385,3.3405,28
2026-01-05 20:14:00,3.336,3.3385,3.335,3.337,3.341,3.3435,3.34,3.342,27
2026-01-05 20:15:00,3.3375,3.3375,3.3215,3.3255,3.3425,3.3425,3.3265,3.3305,93
2026-01-05 20:16:00,3.3265,3.3285,3.3215,3.3245,3.3315,3.3335,3.3265,3.3295,68
2026-01-05 20:17:00,3.3255,3.329,3.3195,3.3245,3.3305,3.334,3.3245,3.3295,68
2026-01-05 20:18:00,3.325,3.3325,3.325,3.3285,3.33,3.3375,3.33,3.3335,50
2026-01-05 20:19:00,3.329,3.3375,3.329,3.3375,3.334,3.3425,3.334,3.3425,27
2026-01-05 20:20:00,3.3385,3.3435,3.3375,3.3405,3.3435,3.3485,3.3425,3.3455,46
2026-01-05 20:21:00,3.3415,3.3465,3.3375,3.34,3.3465,3.3515,3.3425,3.345,54
2026-01-05 20:22:00,3.3395,3.3405,3.3365,3.3395,3.3445,3.3455,3.3415,3.3445,41
2026-01-05 20:23:00,3.3385,3.343,3.3375,3.3415,3.3435,3.348,3.3425,3.3465,57
2026-01-05 20:24:00,3.34,3.3425,3.3375,3.3415,3.345,3.3475,3.3425,3.3465,42
2026-01-05 20:25:00,3.3425,3.3465,3.3405,3.343,3.3475,3.3515,3.3455,3.348,57
2026-01-05 20:26:00,3.344,3.3475,3.342,3.3435,3.349,3.3525,3.347,3.3485,58
2026-01-05 20:27:00,3.3445,3.3475,3.3415,3.3435,3.3495,3.3525,3.3465,3.3485,82
2026-01-05 20:28:00,3.3425,3.35,3.3385,3.3485,3.3475,3.355,3.3435,3.3535,150
2026-01-05 20:29:00,3.3495,3.3505,3.3475,3.3475,3.3545,3.3555,3.3525,3.3525,59
2026-01-05 20:30:00,3.348,3.3515,3.348,3.3505,3.353,3.3565,3.353,3.3555,37
2026-01-05 20:31:00,3.351,3.3535,3.3485,3.353,3.356,3.3585,3.3535,3.358,43
2026-01-05 20:32:00,3.3535,3.3555,3.3465,3.348,3.3585,3.3605,3.3515,3.353,34
2026-01-05 20:33:00,3.3485,3.3485,3.3455,3.3455,3.3535,3.3535,3.3505,3.3505,9
2026-01-05 20:34:00,3.346,3.348,3.3405,3.3415,3.351,3.353,3.3455,3.3465,30
2026-01-05 20:35:00,3.341,3.343,3.3405,3.3425,3.346,3.348,3.3455,3.3475,21
2026-01-05 20:36:00,3.3435,3.3435,3.3415,3.3425,3.3485,3.3485,3.3465,3.3475,8
2026-01-05 20:37:00,3.342,3.346,3.3405,3.3455,3.347,3.351,3.3455,3.3505,15
2026-01-05 20:38:00,3.3445,3.3455,3.3435,3.3435,3.3495,3.3505,3.3485,3.3485,10
2026-01-05 20:39:00,3.3425,3.3435,3.3415,3.342,3.3475,3.3485,3.3465,3.347,12
2026-01-05 20:40:00,3.3405,3.3425,3.3395,3.342,3.3455,3.3475,3.3445,3.347,13
2026-01-05 20:41:00,3.3425,3.3435,3.3415,3.342,3.3475,3.3485,3.3465,3.347,16
2026-01-05 20:42:00,3.3415,3.3415,3.34,3.34,3.3465,3.3465,3.345,3.345,15
2026-01-05 20:43:00,3.3405,3.3425,3.3395,3.3415,3.3455,3.3475,3.3445,3.3465,18
2026-01-05 20:44:00,3.341,3.3415,3.339,3.34,3.346,3.3465,3.344,3.345,14
2026-01-05 20:45:00,3.3405,3.3445,3.3405,3.3435,3.3455,3.3495,3.3455,3.3485,13
2026-01-05 20:46:00,3.343,3.3475,3.343,3.3465,3.348,3.3525,3.348,3.3515,10
2026-01-05 20:47:00,3.346,3.3465,3.3445,3.3445,3.351,3.3515,3.3495,3.3495,13
2026-01-05 20:48:00,3.345,3.346,3.344,3.3455,3.35,3.351,3.349,3.3505,11
2026-01-05 20:49:00,3.345,3.3455,3.3445,3.345,3.35,3.3505,3.3495,3.35,7
2026-01-05 20:50:00,3.3445,3.3455,3.3445,3.3445,3.3495,3.3505,3.3495,3.3495,9
2026-01-05 20:51:00,3.344,3.3445,3.3435,3.344,3.349,3.3495,3.3485,3.349,6
2026-01-05 20:52:00,3.3445,3.3445,3.3435,3.344,3.3495,3.3495,3.3485,3.349,5
2026-01-05 20:53:00,3.345,3.3465,3.3435,3.3455,3.35,3.3515,3.3485,3.3505,17
2026-01-05 20:54:00,3.3445,3.3445,3.344,3.344,3.3495,3.3495,3.349,3.349,4
2026-01-05 20:55:00,3.3445,3.3445,3.3395,3.3395,3.3495,3.3495,3.3445,3.3445,11
2026-01-05 20:56:00,3.34,3.34,3.34,3.34,3.345,3.345,3.345,3.345,1
2026-01-05 20:57:00,3.3395,3.3395,3.3365,3.339,3.3445,3.3445,3.3415,3.344,9
2026-01-05 20:58:00,3.3395,3.3405,3.3385,3.3405,3.3445,3.3455,3.3435,3.3455,7
2026-01-05 20:59:00,3.341,3.342,3.3395,3.342,3.346,3.347,3.3445,3.347,13
2026-01-05 21:00:00,3.341,3.341,3.3395,3.3405,3.346,3.346,3.3445,3.3455,4
2026-01-05 21:01:00,3.34,3.3415,3.3395,3.3395,3.345,3.3465,3.3445,3.3445,8
2026-01-05 21:02:00,3.34,3.3415,3.34,3.3415,3.345,3.3465,3.345,3.3465,4
2026-01-05 21:03:00,3.341,3.341,3.3385,3.3385,3.346,3.346,3.3435,3.3435,4
2026-01-05 21:04:00,3.338,3.338,3.3365,3.3375,3.343,3.343,3.3415,3.3425,5
2026-01-05 21:05:00,3.338,3.3395,3.3375,3.338,3.343,3.3445,3.3425,3.343,7
2026-01-05 21:06:00,3.3375,3.3395,3.3375,3.3385,3.3425,3.3445,3.3425,3.3435,7
2026-01-05 21:08:00,3.336,3.3365,3.3315,3.3315,3.341,3.3415,3.3365,3.3365,15
2026-01-05 21:09:00,3.331,3.3315,3.3285,3.3305,3.336,3.3365,3.3335,3.3355,15
2026-01-05 21:10:00,3.3315,3.3345,3.3315,3.3345,3.3365,3.3395,3.3365,3.3395,8
2026-01-05 21:11:00,3.334,3.334,3.3335,3.3335,3.339,3.339,3.3385,3.3385,2
2026-01-05 21:12:00,3.3325,3.3375,3.3325,3.3375,3.3375,3.3425,3.3375,3.3425,12
2026-01-05 21:13:00,3.338,3.339,3.3375,3.338,3.343,3.344,3.3425,3.343,10
2026-01-05 21:14:00,3.3385,3.3415,3.3385,3.34,3.3435,3.3465,3.3435,3.345,10
2026-01-05 21:15:00,3.3405,3.3415,3.3405,3.341,3.3455,3.3465,3.3455,3.346,3
2026-01-05 21:16:00,3.3425,3.3455,3.3405,3.3445,3.3475,3.3505,3.3455,3.3495,20
2026-01-05 21:17:00,3.3435,3.3465,3.3435,3.3465,3.3485,3.3515,3.3485,3.3515,8
2026-01-05 21:18:00,3.346,3.3465,3.3445,3.3455,3.351,3.3515,3.3495,3.3505,17
2026-01-05 21:19:00,3.345,3.3475,3.3445,3.345,3.35,3.3525,3.3495,3.35,12
2026-01-05 21:20:00,3.3465,3.347,3.3455,3.3465,3.3515,3.352,3.3505,3.3515,9
2026-01-05 21:21:00,3.347,3.347,3.345,3.345,3.352,3.352,3.35,3.35,5
2026-01-05 21:22:00,3.3445,3.3445,3.3435,3.3445,3.3495,3.3495,3.3485,3.3495,6
2026-01-05 21:23:00,3.345,3.3465,3.345,3.3455,3.35,3.3515,3.35,3.3505,4
2026-01-05 21:24:00,3.3445,3.3475,3.3445,3.347,3.3495,3.3525,3.3495,3.352,11
2026-01-05 21:25:00,3.3465,3.347,3.3435,3.3445,3.3515,3.352,3.3485,3.3495,24
2026-01-05 21:26:00,3.344,3.3445,3.3425,3.3435,3.349,3.3495,3.3475,3.3485,9
2026-01-05 21:27:00,3.3425,3.344,3.3415,3.342,3.3475,3.349,3.3465,3.347,8
2026-01-05 21:28:00,3.3425,3.3425,3.342,3.342,3.3475,3.3475,3.347,3.347,2
2026-01-05 21:29:00,3.3415,3.3415,3.3405,3.3415,3.3465,3.3465,3.3455,3.3465,4
2026-01-05 21:30:00,3.341,3.3415,3.3395,3.34,3.346,3.3465,3.3445,3.345,10
2026-01-05 21:31:00,3.3395,3.3425,3.3395,3.3425,3.3445,3.3475,3.3445,3.3475,5
2026-01-05 21:32:00,3.342,3.342,3.34,3.34,3.347,3.347,3.345,3.345,6
2026-01-05 21:33:00,3.3395,3.3395,3.3385,3.3395,3.3445,3.3445,3.3435,3.3445,6
2026-01-05 21:34:00,3.3385,3.3395,3.3385,3.3395,3.3435,3.3445,3.3435,3.3445,2
2026-01-05 21:35:00,3.339,3.341,3.3385,3.3395,3.344,3.346,3.3435,3.3445,14
2026-01-05 21:36:00,3.3385,3.3395,3.3375,3.3375,3.3435,3.3445,3.3425,3.3425,8
2026-01-05 21:38:00,3.337,3.3375,3.3365,3.3365,3.342,3.3425,3.3415,3.3415,3
2026-01-05 21:39:00,3.3355,3.3385,3.3335,3.336,3.3405,3.3435,3.3385,3.341,36
2026-01-05 21:40:00,3.3355,3.3365,3.3345,3.336,3.3405,3.3415,3.3395,3.341,9
2026-01-05 21:41:00,3.3355,3.3405,3.3355,3.3405,3.3405,3.3455,3.3405,3.3455,19
2026-01-05 21:42:00,3.3395,3.3405,3.3395,3.3405,3.3445,3.3455,3.3445,3.3455,7
2026-01-05 21:43:00,3.34,3.34,3.3375,3.338,3.345,3.345,3.3425,3.343,8
2026-01-05 21:44:00,3.3375,3.3375,3.337,3.3375,3.3425,3.3425,3.342,3.3425,3
2026-01-05 21:45:00,3.337,3.3375,3.3365,3.3365,3.342,3.3425,3.3415,3.3415,8
2026-01-05 21:46:00,3.336,3.337,3.336,3.337,3.341,3.342,3.341,3.342,11
2026-01-05 21:47:00,3.3375,3.3375,3.336,3.3365,3.3425,3.3425,3.341,3.3415,6
2026-01-05 21:48:00,3.337,3.3375,3.3365,3.3365,3.342,3.3425,3.3415,3.3415,4
2026-01-05 21:49:00,3.336,3.3365,3.3355,3.3365,3.341,3.3415,3.3405,3.3415,5
2026-01-05 21:50:00,3.337,3.337,3.3365,3.3365,3.342,3.342,3.3415,3.3415,4
2026-01-05 21:51:00,3.3355,3.3365,3.3355,3.3355,3.3405,3.3415,3.3405,3.3405,3
2026-01-05 21:52:00,3.336,3.3365,3.3335,3.3365,3.341,3.3415,3.3385,3.3415,15
2026-01-05 21:53:00,3.337,3.337,3.3365,3.3365,3.342,3.342,3.3415,3.3415,4
2026-01-05 21:54:00,3.336,3.3365,3.336,3.3365,3.341,3.3415,3.341,3.3415,2
2026-01-05 21:55:00,3.3355,3.3365,3.3355,3.3365,3.3405,3.3415,3.3405,3.3415,5
2026-01-05 21:56:00,3.336,3.3365,3.3355,3.3355,3.341,3.3415,3.3405,3.3405,4
2026-01-05 21:57:00,3.3345,3.335,3.3345,3.335,3.3395,3.34,3.3395,3.34,2
2026-01-05 21:58:00,3.3345,3.3355,3.334,3.3355,3.3395,3.3405,3.339,3.3405,6
2026-01-05 21:59:00,3.3345,3.337,3.3345,3.337,3.3395,3.342,3.3395,3.342,9
2026-01-05 22:00:00,3.3375,3.3375,3.3365,3.337,3.3425,3.3425,3.3415,3.342,6
2026-01-05 22:01:00,3.3375,3.3385,3.3365,3.3365,3.3425,3.3435,3.3415,3.3415,6
2026-01-05 22:02:00,3.3375,3.3395,3.3375,3.3385,3.3425,3.3445,3.3425,3.3435,4
2026-01-05 22:03:00,3.339,3.3395,3.3375,3.3375,3.344,3.3445,3.3425,3.3425,7
2026-01-05 22:04:00,3.337,3.3375,3.3365,3.3365,3.342,3.3425,3.3415,3.3415,4
2026-01-05 22:05:00,3.3355,3.3355,3.3355,3.3355,3.3405,3.3405,3.3405,3.3405,1
2026-01-05 22:06:00,3.3365,3.3365,3.3355,3.3355,3.3415,3.3415,3.3405,3.3405,7
2026-01-05 22:07:00,3.336,3.3365,3.3355,3.336,3.341,3.3415,3.3405,3.341,5
2026-01-05 22:08:00,3.3355,3.3355,3.335,3.3355,3.3405,3.3405,3.34,3.3405,5
2026-01-05 22:09:00,3.336,3.3365,3.336,3.3365,3.341,3.3415,3.341,3.3415,8
2026-01-05 22:10:00,3.336,3.3385,3.336,3.338,3.341,3.3435,3.341,3.343,6
2026-01-05 22:11:00,3.3375,3.338,3.3375,3.3375,3.3425,3.343,3.3425,3.3425,3
2026-01-05 22:12:00,3.3365,3.3365,3.3335,3.3355,3.3415,3.3415,3.3385,3.3405,9
2026-01-05 22:13:00,3.335,3.3375,3.335,3.3365,3.34,3.3425,3.34,3.3415,5
2026-01-05 22:14:00,3.337,3.3375,3.336,3.336,3.342,3.3425,3.341,3.341,5
2026-01-05 22:15:00,3.3365,3.3365,3.3345,3.3345,3.3415,3.3415,3.3395,3.3395,7
2026-01-05 22:16:00,3.335,3.335,3.3335,3.334,3.34,3.34,3.3385,3.339,7
2026-01-05 22:17:00,3.3345,3.3355,3.3345,3.335,3.3395,3.3405,3.3395,3.34,3
2026-01-05 22:19:00,3.3345,3.3375,3.3335,3.336,3.3395,3.3425,3.3385,3.341,12
2026-01-05 22:20:00,3.3355,3.3355,3.334,3.335,3.3405,3.3405,3.339,3.34,13
2026-01-05 22:21:00,3.3345,3.3385,3.3345,3.3365,3.3395,3.3435,3.3395,3.3415,19
2026-01-05 22:22:00,3.337,3.337,3.3315,3.332,3.342,3.342,3.3365,3.337,19
2026-01-05 22:23:00,3.333,3.335,3.3325,3.3345,3.338,3.34,3.3375,3.3395,15
2026-01-05 22:24:00,3.334,3.335,3.334,3.3345,3.339,3.34,3.339,3.3395,3
2026-01-05 22:25:00,3.334,3.334,3.3335,3.334,3.339,3.339,3.3385,3.339,3
2026-01-05 22:26:00,3.3345,3.3355,3.334,3.335,3.3395,3.3405,3.339,3.34,5
2026-01-05 22:29:00,3.3345,3.3365,3.3345,3.3365,3.3395,3.3415,3.3395,3.3415,13
2026-01-05 22:30:00,3.3355,3.3355,3.3355,3.3355,3.3405,3.3405,3.3405,3.3405,1
2026-01-05 22:31:00,3.3365,3.3365,3.3355,3.3355,3.3415,3.3415,3.3405,3.3405,5
2026-01-05 22:32:00,3.335,3.335,3.335,3.335,3.34,3.34,3.34,3.34,1
2026-01-05 22:34:00,3.3355,3.3365,3.3355,3.336,3.3405,3.3415,3.3405,3.341,4
2026-01-05 22:35:00,3.3365,3.3365,3.3365,3.3365,3.3415,3.3415,3.3415,3.3415,1
2026-01-05 22:36:00,3.3375,3.3375,3.3375,3.3375,3.3425,3.3425,3.3425,3.3425,1
2026-01-05 22:37:00,3.337,3.3375,3.337,3.3375,3.342,3.3425,3.342,3.3425,6
2026-01-05 22:38:00,3.337,3.337,3.336,3.336,3.342,3.342,3.341,3.341,3
2026-01-05 22:39:00,3.3355,3.3355,3.3345,3.335,3.3405,3.3405,3.3395,3.34,4
2026-01-05 22:40:00,3.3345,3.3345,3.3335,3.3335,3.3395,3.3395,3.3385,3.3385,2
2026-01-05 22:41:00,3.3325,3.3335,3.3325,3.333,3.3375,3.3385,3.3375,3.338,7
2026-01-05 22:42:00,3.3345,3.3345,3.334,3.3345,3.3395,3.3395,3.339,3.3395,5
2026-01-05 22:43:00,3.3335,3.3335,3.3305,3.3305,3.3385,3.3385,3.3355,3.3355,7
2026-01-05 22:44:00,3.331,3.332,3.3305,3.332,3.336,3.337,3.3355,3.337,5
2026-01-05 22:45:00,3.3315,3.3335,3.3315,3.3335,3.3365,3.3385,3.3365,3.3385,7
2026-01-05 22:47:00,3.334,3.3345,3.3315,3.3315,3.339,3.3395,3.3365,3.3365,13
2026-01-05 22:48:00,3.331,3.3315,3.3295,3.3305,3.336,3.3365,3.3345,3.3355,5
2026-01-05 22:49:00,3.33,3.332,3.3295,3.332,3.335,3.337,3.3345,3.337,11
2026-01-05 22:50:00,3.331,3.3315,3.331,3.3315,3.336,3.3365,3.336,3.3365,2
2026-01-05 22:51:00,3.33,3.331,3.33,3.33,3.335,3.336,3.335,3.335,6
2026-01-05 22:52:00,3.3285,3.3285,3.3205,3.321,3.3335,3.3335,3.3255,3.326,22
2026-01-05 22:53:00,3.3205,3.3235,3.319,3.3205,3.3255,3.3285,3.324,3.3255,23
2026-01-05 22:54:00,3.3195,3.3195,3.3165,3.3185,3.3245,3.3245,3.3215,3.3235,20
2026-01-05 22:55:00,3.3195,3.3215,3.3165,3.3165,3.3245,3.3265,3.3215,3.3215,20
2026-01-05 22:56:00,3.317,3.317,3.3125,3.313,3.322,3.322,3.3175,3.318,13
2026-01-05 22:57:00,3.3135,3.3145,3.3125,3.3135,3.3185,3.3195,3.3175,3.3185,12
2026-01-05 22:58:00,3.312,3.3125,3.3105,3.3105,3.317,3.3175,3.3155,3.3155,11
2026-01-05 22:59:00,3.311,3.3155,3.274,3.2755,3.316,3.3205,3.279,3.2805,53
2026-01-06 00:00:00,3.2825,3.286,3.282,3.284,3.2875,3.291,3.287,3.289,19
2026-01-06 00:01:00,3.2835,3.289,3.2835,3.288,3.2885,3.294,3.2885,3.293,15
2026-01-06 00:02:00,3.2875,3.2875,3.2865,3.2865,3.2925,3.2925,3.2915,3.2915,2
2026-01-06 00:03:00,3.288,3.288,3.288,3.288,3.293,3.293,3.293,3.293,1
2026-01-06 00:04:00,3.2875,3.2875,3.287,3.287,3.2925,3.2925,3.292,3.292,2
2026-01-06 00:06:00,3.2865,3.287,3.285,3.285,3.2915,3.292,3.29,3.29,5
2026-01-06 00:07:00,3.286,3.2875,3.2855,3.2875,3.291,3.2925,3.2905,3.2925,8
2026-01-06 00:08:00,3.288,3.288,3.288,3.288,3.293,3.293,3.293,3.293,1
2026-01-06 00:09:00,3.287,3.288,3.281,3.2815,3.292,3.293,3.286,3.2865,11
2026-01-06 00:10:00,3.281,3.2835,3.281,3.2835,3.286,3.2885,3.286,3.2885,4
2026-01-06 00:11:00,3.2825,3.2825,3.278,3.278,3.2875,3.2875,3.283,3.283,5
2026-01-06 00:12:00,3.2785,3.279,3.2785,3.279,3.2835,3.284,3.2835,3.284,2
2026-01-06 00:13:00,3.2785,3.279,3.2785,3.279,3.2835,3.284,3.2835,3.284,2
2026-01-06 00:14:00,3.2795,3.283,3.2795,3.2825,3.2845,3.288,3.2845,3.2875,8
2026-01-06 00:15:00,3.283,3.283,3.2805,3.2805,3.288,3.288,3.2855,3.2855,4
2026-01-06 00:16:00,3.28,3.28,3.28,3.28,3.285,3.285,3.285,3.285,1
2026-01-06 00:17:00,3.2815,3.2825,3.2785,3.2805,3.2865,3.2875,3.2835,3.2855,8
2026-01-06 00:18:00,3.2795,3.28,3.2795,3.28,3.2845,3.285,3.2845,3.285,2
2026-01-06 00:19:00,3.279,3.279,3.279,3.279,3.284,3.284,3.284,3.284,1
2026-01-06 00:20:00,3.2795,3.2795,3.2795,3.2795,3.2845,3.2845,3.2845,3.2845,1
2026-01-06 00:21:00,3.277,3.277,3.2755,3.2755,3.282,3.282,3.2805,3.2805,3
2026-01-06 00:22:00,3.2765,3.2765,3.2765,3.2765,3.2815,3.2815,3.2815,3.2815,1
2026-01-06 00:23:00,3.277,3.2785,3.2765,3.2785,3.282,3.2835,3.2815,3.2835,8
2026-01-06 00:24:00,3.278,3.278,3.2735,3.275,3.283,3.283,3.2785,3.28,7
2026-01-06 00:25:00,3.2755,3.276,3.273,3.273,3.2805,3.281,3.278,3.278,13
2026-01-06 00:26:00,3.2725,3.2725,3.2705,3.2705,3.2775,3.2775,3.2755,3.2755,8
2026-01-06 00:28:00,3.271,3.2715,3.271,3.2715,3.276,3.2765,3.276,3.2765,2
2026-01-06 00:29:00,3.2725,3.2735,3.269,3.2735,3.2775,3.2785,3.274,3.2785,9
2026-01-06 00:30:00,3.274,3.274,3.2715,3.2715,3.279,3.279,3.2765,3.2765,4
2026-01-06 00:31:00,3.271,3.271,3.269,3.269,3.276,3.276,3.274,3.274,5
2026-01-06 00:32:00,3.2695,3.2735,3.2695,3.273,3.2745,3.2785,3.2745,3.278,8
2026-01-06 00:33:00,3.2725,3.2725,3.2695,3.2695,3.2775,3.2775,3.2745,3.2745,3
2026-01-06 00:34:00,3.2705,3.272,3.2705,3.2715,3.2755,3.277,3.2755,3.2765,5
2026-01-06 00:35:00,3.272,3.272,3.2705,3.2715,3.277,3.277,3.2755,3.2765,6
2026-01-06 00:36:00,3.271,3.2725,3.2705,3.271,3.276,3.2775,3.2755,3.276,11
2026-01-06 00:37:00,3.2705,3.2725,3.2705,3.2725,3.2755,3.2775,3.2755,3.2775,4
2026-01-06 00:38:00,3.273,3.275,3.2695,3.2745,3.278,3.28,3.2745,3.2795,12
2026-01-06 00:39:00,3.275,3.2755,3.2735,3.274,3.28,3.2805,3.2785,3.279,7
2026-01-06 00:40:00,3.2745,3.2745,3.274,3.2745,3.2795,3.2795,3.279,3.2795,3
2026-01-06 00:41:00,3.275,3.2755,3.2745,3.2745,3.28,3.2805,3.2795,3.2795,4
2026-01-06 00:42:00,3.275,3.277,3.275,3.2755,3.28,3.282,3.28,3.2805,8
2026-01-06 00:43:00,3.275,3.276,3.2745,3.2745,3.28,3.281,3.2795,3.2795,4
2026-01-06 00:44:00,3.275,3.2755,3.2735,3.274,3.28,3.2805,3.2785,3.279,6
2026-01-06 00:45:00,3.2745,3.275,3.274,3.275,3.2795,3.28,3.279,3.28,5
2026-01-06 00:46:00,3.2755,3.2755,3.275,3.2755,3.2805,3.2805,3.28,3.2805,3
2026-01-06 00:47:00,3.276,3.28,3.276,3.2785,3.281,3.285,3.281,3.2835,10
2026-01-06 00:48:00,3.278,3.278,3.2765,3.2775,3.283,3.283,3.2815,3.2825,3
2026-01-06 00:49:00,3.277,3.277,3.277,3.277,3.282,3.282,3.282,3.282,1
2026-01-06 00:50:00,3.2765,3.2765,3.274,3.274,3.2815,3.2815,3.279,3.279,5
2026-01-06 00:51:00,3.2735,3.2735,3.2725,3.2725,3.2785,3.2785,3.2775,3.2775,3
2026-01-06 00:52:00,3.272,3.272,3.272,3.272,3.277,3.277,3.277,3.277,1
2026-01-06 00:53:00,3.271,3.271,3.27,3.27,3.276,3.276,3.275,3.275,2
2026-01-06 00:54:00,3.2695,3.272,3.268,3.2705,3.2745,3.277,3.273,3.2755,10
2026-01-06 00:55:00,3.271,3.271,3.271,3.271,3.276,3.276,3.276,3.276,1
2026-01-06 00:56:00,3.2715,3.273,3.2715,3.273,3.2765,3.278,3.2765,3.278,4
2026-01-06 00:57:00,3.272,3.2735,3.272,3.2735,3.277,3.2785,3.277,3.2785,2
2026-01-06 00:58:00,3.2745,3.2745,3.2735,3.274,3.2795,3.2795,3.2785,3.279,3
2026-01-06 00:59:00,3.2735,3.276,3.2735,3.2755,3.2785,3.281,3.2785,3.2805,4
2026-01-06 01:00:00,3.276,3.276,3.2745,3.275,3.281,3.281,3.2795,3.28,4
2026-01-06 01:01:00,3.2745,3.2745,3.272,3.272,3.2795,3.2795,3.277,3.277,7
2026-01-06 01:02:00,3.2715,3.2715,3.2705,3.2705,3.2765,3.2765,3.2755,3.2755,3
2026-01-06 01:03:00,3.27,3.2705,3.27,3.2705,3.275,3.2755,3.275,3.2755,2
2026-01-06 01:05:00,3.2695,3.2705,3.2695,3.2705,3.2745,3.2755,3.2745,3.2755,2
2026-01-06 01:06:00,3.2695,3.2695,3.2695,3.2695,3.2745,3.2745,3.2745,3.2745,1
2026-01-06 01:07:00,3.271,3.272,3.2695,3.2695,3.276,3.277,3.2745,3.2745,5
2026-01-06 01:08:00,3.2705,3.2705,3.2705,3.2705,3.2755,3.2755,3.2755,3.2755,1
2026-01-06 01:09:00,3.2715,3.2715,3.2715,3.2715,3.2765,3.2765,3.2765,3.2765,1
2026-01-06 01:10:00,3.2705,3.2705,3.2705,3.2705,3.2755,3.2755,3.2755,3.2755,1
2026-01-06 01:11:00,3.272,3.2725,3.272,3.2725,3.277,3.2775,3.277,3.2775,2
2026-01-06 01:12:00,3.2735,3.2735,3.2725,3.2725,3.2785,3.2785,3.2775,3.2775,4
2026-01-06 01:14:00,3.273,3.2745,3.273,3.274,3.278,3.2795,3.278,3.279,4
2026-01-06 01:15:00,3.2735,3.2735,3.271,3.271,3.2785,3.2785,3.276,3.276,4
2026-01-06 01:16:00,3.272,3.272,3.2705,3.2705,3.277,3.277,3.2755,3.2755,4
2026-01-06 01:17:00,3.27,3.27,3.27,3.27,3.275,3.275,3.275,3.275,1
2026-01-06 01:18:00,3.2695,3.2695,3.2695,3.2695,3.2745,3.2745,3.2745,3.2745,1
2026-01-06 01:19:00,3.268,3.27,3.268,3.2695,3.273,3.275,3.273,3.2745,6
2026-01-06 01:20:00,3.268,3.271,3.2675,3.271,3.273,3.276,3.2725,3.276,11
2026-01-06 01:21:00,3.2705,3.271,3.2695,3.27,3.2755,3.276,3.2745,3.275,8
2026-01-06 01:22:00,3.2695,3.2715,3.2695,3.2715,3.2745,3.2765,3.2745,3.2765,4
2026-01-06 01:24:00,3.271,3.271,3.2705,3.2705,3.276,3.276,3.2755,3.2755,2
2026-01-06 01:25:00,3.271,3.2715,3.2705,3.2715,3.276,3.2765,3.2755,3.2765,3
2026-01-06 01:26:00,3.272,3.272,3.2705,3.2705,3.277,3.277,3.2755,3.2755,6
2026-01-06 01:27:00,3.271,3.271,3.2695,3.2695,3.276,3.276,3.2745,3.2745,3
2026-01-06 01:29:00,3.27,3.276,3.27,3.2735,3.275,3.281,3.275,3.2785,13
2026-01-06 01:30:00,3.274,3.2755,3.2735,3.2755,3.279,3.2805,3.2785,3.2805,5
2026-01-06 01:31:00,3.276,3.278,3.2755,3.277,3.281,3.283,3.2805,3.282,5
2026-01-06 01:32:00,3.2775,3.2775,3.2755,3.2755,3.2825,3.2825,3.2805,3.2805,5
2026-01-06 01:33:00,3.276,3.276,3.2735,3.275,3.281,3.281,3.2785,3.28,6
2026-01-06 01:34:00,3.2755,3.2765,3.275,3.2755,3.2805,3.2815,3.28,3.2805,6
2026-01-06 01:35:00,3.275,3.275,3.2735,3.274,3.28,3.28,3.2785,3.279,4
2026-01-06 01:36:00,3.275,3.277,3.275,3.2755,3.28,3.282,3.28,3.2805,7
2026-01-06 01:37:00,3.2745,3.2745,3.2745,3.2745,3.2795,3.2795,3.2795,3.2795,1
2026-01-06 01:38:00,3.273,3.273,3.272,3.272,3.278,3.278,3.277,3.277,2
2026-01-06 01:39:00,3.2725,3.273,3.2725,3.273,3.2775,3.278,3.2775,3.278,2
2026-01-06 01:40:00,3.2725,3.2725,3.272,3.272,3.2775,3.2775,3.277,3.277,2
2026-01-06 01:41:00,3.2715,3.2715,3.2715,3.2715,3.2765,3.2765,3.2765,3.2765,1
2026-01-06 01:43:00,3.2705,3.2715,3.2705,3.2715,3.2755,3.2765,3.2755,3.2765,3
2026-01-06 01:44:00,3.271,3.271,3.2675,3.268,3.276,3.276,3.2725,3.273,5
2026-01-06 01:45:00,3.2675,3.268,3.2645,3.268,3.2725,3.273,3.2695,3.273,11
2026-01-06 01:46:00,3.269,3.2695,3.269,3.2695,3.274,3.2745,3.274,3.2745,2
2026-01-06 01:47:00,3.269,3.269,3.267,3.269,3.274,3.274,3.272,3.274,5
2026-01-06 01:48:00,3.2695,3.2695,3.266,3.2675,3.2745,3.2745,3.271,3.2725,6
2026-01-06 01:49:00,3.268,3.268,3.2675,3.268,3.273,3.273,3.2725,3.273,3
2026-01-06 01:50:00,3.2675,3.269,3.266,3.2665,3.2725,3.274,3.271,3.2715,5
2026-01-06 01:51:00,3.266,3.2665,3.263,3.2645,3.271,3.2715,3.268,3.2695,17
2026-01-06 01:52:00,3.266,3.268,3.262,3.2665,3.271,3.273,3.267,3.2715,17
2026-01-06 01:53:00,3.2655,3.267,3.264,3.267,3.2705,3.272,3.269,3.272,10
2026-01-06 01:54:00,3.2665,3.2665,3.265,3.265,3.2715,3.2715,3.27,3.27,2
2026-01-06 01:55:00,3.2655,3.2655,3.2655,3.2655,3.2705,3.2705,3.2705,3.2705,1
2026-01-06 01:57:00,3.266,3.269,3.2655,3.2685,3.271,3.274,3.2705,3.2735,9
2026-01-06 01:58:00,3.268,3.2685,3.268,3.2685,3.273,3.2735,3.273,3.2735,2
2026-01-06 01:59:00,3.268,3.268,3.267,3.267,3.273,3.273,3.272,3.272,2
2026-01-06 02:00:00,3.2665,3.268,3.2655,3.267,3.2715,3.273,3.2705,3.272,5
2026-01-06 02:01:00,3.2675,3.2695,3.2675,3.269,3.2725,3.2745,3.2725,3.274,6
2026-01-06 02:02:00,3.268,3.269,3.268,3.2685,3.273,3.274,3.273,3.2735,4
2026-01-06 02:03:00,3.268,3.27,3.268,3.27,3.273,3.275,3.273,3.275,4
2026-01-06 02:04:00,3.2695,3.2695,3.268,3.268,3.2745,3.2745,3.273,3.273,5
2026-01-06 02:06:00,3.2675,3.268,3.267,3.2675,3.2725,3.273,3.272,3.2725,4
2026-01-06 02:07:00,3.267,3.267,3.2615,3.2615,3.272,3.272,3.2665,3.2665,13
2026-01-06 02:08:00,3.263,3.263,3.2615,3.262,3.268,3.268,3.2665,3.267,8
2026-01-06 02:09:00,3.2615,3.2615,3.2615,3.2615,3.2665,3.2665,3.2665,3.2665,1
2026-01-06 02:11:00,3.262,3.262,3.261,3.261,3.267,3.267,3.266,3.266,3
2026-01-06 02:13:00,3.26,3.261,3.258,3.258,3.265,3.266,3.263,3.263,12
2026-01-06 02:14:00,3.259,3.261,3.258,3.259,3.264,3.266,3.263,3.264,16
2026-01-06 02:15:00,3.2595,3.2595,3.2585,3.259,3.2645,3.2645,3.2635,3.264,6
2026-01-06 02:16:00,3.2585,3.259,3.258,3.258,3.2635,3.264,3.263,3.263,4
2026-01-06 02:17:00,3.2585,3.259,3.2585,3.259,3.2635,3.264,3.2635,3.264,2
2026-01-06 02:18:00,3.26,3.261,3.26,3.26,3.265,3.266,3.265,3.265,3
2026-01-06 02:19:00,3.2605,3.2605,3.2585,3.2605,3.2655,3.2655,3.2635,3.2655,8
2026-01-06 02:20:00,3.261,3.261,3.2605,3.2605,3.266,3.266,3.2655,3.2655,2
2026-01-06 02:21:00,3.26,3.26,3.259,3.2595,3.265,3.265,3.264,3.2645,4
2026-01-06 02:22:00,3.26,3.26,3.2585,3.259,3.265,3.265,3.2635,3.264,8
2026-01-06 02:23:00,3.2595,3.2595,3.2525,3.253,3.2645,3.2645,3.2575,3.258,10
2026-01-06 02:24:00,3.2525,3.2525,3.251,3.2525,3.2575,3.2575,3.256,3.2575,7
2026-01-06 02:25:00,3.252,3.253,3.251,3.2515,3.257,3.258,3.256,3.2565,9
2026-01-06 02:26:00,3.251,3.252,3.248,3.248,3.256,3.257,3.253,3.253,16
2026-01-06 02:27:00,3.249,3.2525,3.249,3.2525,3.254,3.2575,3.254,3.2575,8
2026-01-06 02:28:00,3.252,3.2525,3.252,3.252,3.257,3.2575,3.257,3.257,3
2026-01-06 02:32:00,3.2525,3.2545,3.2525,3.2545,3.2575,3.2595,3.2575,3.2595,6
2026-01-06 02:33:00,3.255,3.255,3.253,3.254,3.26,3.26,3.258,3.259,5
2026-01-06 02:34:00,3.255,3.256,3.2545,3.2545,3.26,3.261,3.2595,3.2595,7
2026-01-06 02:35:00,3.254,3.254,3.254,3.254,3.259,3.259,3.259,3.259,1
2026-01-06 02:36:00,3.2535,3.2535,3.2515,3.2515,3.2585,3.2585,3.2565,3.2565,3
2026-01-06 02:37:00,3.2525,3.253,3.252,3.253,3.2575,3.258,3.257,3.258,4
2026-01-06 02:38:00,3.2525,3.2525,3.252,3.252,3.2575,3.2575,3.257,3.257,2
2026-01-06 02:39:00,3.253,3.253,3.252,3.2525,3.258,3.258,3.257,3.2575,3
2026-01-06 02:40:00,3.2515,3.254,3.251,3.253,3.2565,3.259,3.256,3.258,10
2026-01-06 02:41:00,3.2525,3.2525,3.252,3.2525,3.2575,3.2575,3.257,3.2575,3
2026-01-06 02:42:00,3.2535,3.255,3.253,3.253,3.2585,3.26,3.258,3.258,10
2026-01-06 02:43:00,3.2525,3.253,3.251,3.253,3.2575,3.258,3.256,3.258,7
2026-01-06 02:45:00,3.2525,3.2525,3.249,3.2495,3.2575,3.2575,3.254,3.2545,12
2026-01-06 02:46:00,3.248,3.251,3.246,3.2505,3.253,3.256,3.251,3.2555,18
2026-01-06 02:47:00,3.251,3.2515,3.251,3.2515,3.256,3.2565,3.256,3.2565,4
2026-01-06 02:48:00,3.252,3.253,3.252,3.2525,3.257,3.258,3.257,3.2575,4
2026-01-06 02:49:00,3.252,3.252,3.252,3.252,3.257,3.257,3.257,3.257,1
2026-01-06 02:51:00,3.2525,3.253,3.251,3.2515,3.2575,3.258,3.256,3.2565,11
2026-01-06 02:52:00,3.25,3.251,3.2495,3.2505,3.255,3.256,3.2545,3.2555,9
2026-01-06 02:53:00,3.2495,3.251,3.2495,3.2505,3.2545,3.256,3.2545,3.2555,5
2026-01-06 02:54:00,3.251,3.2515,3.25,3.2505,3.256,3.2565,3.255,3.2555,8
2026-01-06 02:55:00,3.251,3.251,3.246,3.248,3.256,3.256,3.251,3.253,17
2026-01-06 02:56:00,3.2485,3.2495,3.248,3.249,3.2535,3.2545,3.253,3.254,8
2026-01-06 02:57:00,3.25,3.25,3.25,3.25,3.255,3.255,3.255,3.255,1
2026-01-06 02:58:00,3.249,3.249,3.248,3.2485,3.254,3.254,3.253,3.2535,3
2026-01-06 02:59:00,3.249,3.249,3.246,3.246,3.254,3.254,3.251,3.251,6
2026-01-06 03:00:00,3.2465,3.248,3.246,3.248,3.2515,3.253,3.251,3.253,5
2026-01-06 03:01:00,3.2485,3.2485,3.248,3.2485,3.2535,3.2535,3.253,3.2535,3
2026-01-06 03:03:00,3.25,3.2505,3.2495,3.2495,3.255,3.2555,3.2545,3.2545,6
2026-01-06 03:04:00,3.25,3.2505,3.249,3.249,3.255,3.2555,3.254,3.254,5
2026-01-06 03:05:00,3.2495,3.2495,3.249,3.249,3.2545,3.2545,3.254,3.254,2
2026-01-06 03:06:00,3.248,3.248,3.243,3.2455,3.253,3.253,3.248,3.2505,18
2026-01-06 03:07:00,3.2465,3.2475,3.2465,3.247,3.2515,3.2525,3.2515,3.252,6
2026-01-06 03:08:00,3.2465,3.249,3.246,3.249,3.2515,3.254,3.251,3.254,5
2026-01-06 03:09:00,3.2485,3.2485,3.2485,3.2485,3.2535,3.2535,3.2535,3.2535,1
2026-01-06 03:10:00,3.248,3.251,3.248,3.2505,3.253,3.256,3.253,3.2555,7
2026-01-06 03:11:00,3.2515,3.252,3.2515,3.252,3.2565,3.257,3.2565,3.257,2
2026-01-06 03:12:00,3.2525,3.254,3.251,3.2525,3.2575,3.259,3.256,3.2575,9
2026-01-06 03:13:00,3.252,3.252,3.2505,3.251,3.257,3.257,3.2555,3.256,7
2026-01-06 03:14:00,3.2505,3.2525,3.2505,3.251,3.2555,3.2575,3.2555,3.256,7
2026-01-06 03:15:00,3.2505,3.2515,3.2505,3.2505,3.2555,3.2565,3.2555,3.2555,7
2026-01-06 03:16:00,3.2495,3.2505,3.249,3.25,3.2545,3.2555,3.254,3.255,4
2026-01-06 03:17:00,3.2495,3.252,3.2495,3.2505,3.2545,3.257,3.2545,3.2555,4
2026-01-06 03:18:00,3.25,3.253,3.25,3.253,3.255,3.258,3.255,3.258,6
2026-01-06 03:19:00,3.2535,3.257,3.2535,3.257,3.2585,3.262,3.2585,3.262,5
2026-01-06 03:20:00,3.256,3.259,3.256,3.2575,3.261,3.264,3.261,3.2625,11
2026-01-06 03:21:00,3.257,3.26,3.257,3.258,3.262,3.265,3.262,3.263,8
2026-01-06 03:22:00,3.2585,3.2585,3.2585,3.2585,3.2635,3.2635,3.2635,3.2635,1
2026-01-06 03:23:00,3.2575,3.2585,3.256,3.2585,3.2625,3.2635,3.261,3.2635,6
2026-01-06 03:24:00,3.258,3.258,3.258,3.258,3.263,3.263,3.263,3.263,1
2026-01-06 03:25:00,3.2575,3.26,3.2575,3.26,3.2625,3.265,3.2625,3.265,8
2026-01-06 03:26:00,3.2605,3.261,3.2575,3.258,3.2655,3.266,3.2625,3.263,7
2026-01-06 03:27:00,3.2575,3.259,3.2575,3.2585,3.2625,3.264,3.2625,3.2635,6
2026-01-06 03:28:00,3.258,3.2595,3.258,3.2595,3.263,3.2645,3.263,3.2645,3
2026-01-06 03:29:00,3.259,3.259,3.2585,3.259,3.264,3.264,3.2635,3.264,5
2026-01-06 03:30:00,3.2585,3.2585,3.2575,3.2575,3.2635,3.2635,3.2625,3.2625,6
2026-01-06 03:31:00,3.256,3.257,3.2555,3.2555,3.261,3.262,3.2605,3.2605,5
2026-01-06 03:32:00,3.255,3.255,3.2525,3.2525,3.26,3.26,3.2575,3.2575,7
2026-01-06 03:33:00,3.252,3.253,3.251,3.251,3.257,3.258,3.256,3.256,9
2026-01-06 03:34:00,3.2515,3.2525,3.2515,3.2515,3.2565,3.2575,3.2565,3.2565,4
2026-01-06 03:35:00,3.2525,3.256,3.2525,3.256,3.2575,3.261,3.2575,3.261,4
2026-01-06 03:36:00,3.255,3.2555,3.255,3.2555,3.26,3.2605,3.26,3.2605,2
2026-01-06 03:37:00,3.256,3.256,3.256,3.256,3.261,3.261,3.261,3.261,1
2026-01-06 03:38:00,3.2555,3.2555,3.255,3.255,3.2605,3.2605,3.26,3.26,2
2026-01-06 03:41:00,3.254,3.254,3.251,3.253,3.259,3.259,3.256,3.258,7
2026-01-06 03:42:00,3.2525,3.256,3.2525,3.253,3.2575,3.261,3.2575,3.258,9
2026-01-06 03:43:00,3.2535,3.2555,3.2535,3.255,3.2585,3.2605,3.2585,3.26,3
2026-01-06 03:44:00,3.2555,3.2555,3.255,3.255,3.2605,3.2605,3.26,3.26,2
2026-01-06 03:47:00,3.257,3.2585,3.2555,3.2555,3.262,3.2635,3.2605,3.2605,6
2026-01-06 03:48:00,3.255,3.255,3.2545,3.2545,3.26,3.26,3.2595,3.2595,2
2026-01-06 03:50:00,3.254,3.254,3.251,3.251,3.259,3.259,3.256,3.256,8
2026-01-06 03:51:00,3.2515,3.2515,3.2515,3.2515,3.2565,3.2565,3.2565,3.2565,1
2026-01-06 03:52:00,3.251,3.251,3.25,3.25,3.256,3.256,3.255,3.255,3
2026-01-06 03:53:00,3.251,3.252,3.25,3.252,3.256,3.257,3.255,3.257,7
2026-01-06 03:54:00,3.2515,3.2545,3.2515,3.254,3.2565,3.2595,3.2565,3.259,10
2026-01-06 03:55:00,3.2535,3.2535,3.2535,3.2535,3.2585,3.2585,3.2585,3.2585,1
2026-01-06 03:56:00,3.2545,3.2545,3.252,3.2525,3.2595,3.2595,3.257,3.2575,6
2026-01-06 03:59:00,3.252,3.255,3.252,3.255,3.257,3.26,3.257,3.26,4
2026-01-06 04:00:00,3.2545,3.2545,3.25,3.2515,3.2595,3.2595,3.255,3.2565,10
2026-01-06 04:02:00,3.2505,3.251,3.249,3.249,3.2555,3.256,3.254,3.254,8
2026-01-06 04:03:00,3.2495,3.25,3.249,3.249,3.2545,3.255,3.254,3.254,4
2026-01-06 04:04:00,3.2495,3.251,3.2495,3.251,3.2545,3.256,3.2545,3.256,4
2026-01-06 04:06:00,3.2505,3.2505,3.2495,3.2505,3.2555,3.2555,3.2545,3.2555,3
2026-01-06 04:07:00,3.253,3.256,3.2525,3.2525,3.258,3.261,3.2575,3.2575,16
2026-01-06 04:08:00,3.253,3.254,3.2525,3.253,3.258,3.259,3.2575,3.258,5
2026-01-06 04:09:00,3.2535,3.2535,3.253,3.253,3.2585,3.2585,3.258,3.258,2
2026-01-06 04:11:00,3.2525,3.2525,3.2525,3.2525,3.2575,3.2575,3.2575,3.2575,1
2026-01-06 04:12:00,3.253,3.253,3.253,3.253,3.258,3.258,3.258,3.258,1
2026-01-06 04:13:00,3.254,3.254,3.2525,3.2525,3.259,3.259,3.2575,3.2575,2
2026-01-06 04:14:00,3.253,3.253,3.253,3.253,3.258,3.258,3.258,3.258,1
2026-01-06 04:15:00,3.2535,3.2535,3.25,3.2505,3.2585,3.2585,3.255,3.2555,7
2026-01-06 04:17:00,3.252,3.252,3.25,3.2505,3.257,3.257,3.255,3.2555,4
2026-01-06 04:18:00,3.2495,3.2505,3.2495,3.2505,3.2545,3.2555,3.2545,3.2555,3
2026-01-06 04:19:00,3.25,3.25,3.25,3.25,3.255,3.255,3.255,3.255,1
2026-01-06 04:20:00,3.2505,3.2505,3.2495,3.2495,3.2555,3.2555,3.2545,3.2545,2
2026-01-06 04:21:00,3.249,3.2495,3.249,3.2495,3.254,3.2545,3.254,3.2545,2
2026-01-06 04:22:00,3.249,3.249,3.249,3.249,3.254,3.254,3.254,3.254,1
2026-01-06 04:24:00,3.25,3.2505,3.248,3.248,3.255,3.2555,3.253,3.253,7
2026-01-06 04:25:00,3.249,3.2495,3.249,3.2495,3.254,3.2545,3.254,3.2545,2
2026-01-06 04:26:00,3.25,3.25,3.248,3.248,3.255,3.255,3.253,3.253,3
2026-01-06 04:27:00,3.2475,3.248,3.2475,3.248,3.2525,3.253,3.2525,3.253,2
2026-01-06 04:28:00,3.2475,3.248,3.2475,3.248,3.2525,3.253,3.2525,3.253,2
2026-01-06 04:29:00,3.2485,3.2485,3.2485,3.2485,3.2535,3.2535,3.2535,3.2535,1
2026-01-06 04:30:00,3.2495,3.25,3.249,3.2495,3.2545,3.255,3.254,3.2545,9
2026-01-06 04:31:00,3.25,3.2505,3.2495,3.2495,3.255,3.2555,3.2545,3.2545,11
2026-01-06 04:32:00,3.249,3.249,3.248,3.248,3.254,3.254,3.253,3.253,3
2026-01-06 04:33:00,3.2475,3.2475,3.2475,3.2475,3.2525,3.2525,3.2525,3.2525,1
2026-01-06 04:35:00,3.247,3.2475,3.247,3.247,3.252,3.2525,3.252,3.252,3
2026-01-06 04:36:00,3.2475,3.248,3.2475,3.248,3.2525,3.253,3.2525,3.253,2
2026-01-06 04:37:00,3.2475,3.2515,3.2475,3.2515,3.2525,3.2565,3.2525,3.2565,6
2026-01-06 04:38:00,3.252,3.254,3.252,3.2535,3.257,3.259,3.257,3.2585,7
2026-01-06 04:39:00,3.254,3.2565,3.2535,3.256,3.259,3.2615,3.2585,3.261,14
2026-01-06 04:40:00,3.2565,3.2585,3.256,3.2575,3.2615,3.2635,3.261,3.2625,21
2026-01-06 04:41:00,3.257,3.257,3.252,3.2525,3.262,3.262,3.257,3.2575,16
2026-01-06 04:42:00,3.252,3.2525,3.252,3.252,3.257,3.2575,3.257,3.257,3
2026-01-06 04:43:00,3.2525,3.2525,3.25,3.25,3.2575,3.2575,3.255,3.255,9
2026-01-06 04:44:00,3.251,3.252,3.2505,3.2515,3.256,3.257,3.2555,3.2565,5
2026-01-06 04:45:00,3.251,3.251,3.2495,3.251,3.256,3.256,3.2545,3.256,6
2026-01-06 04:46:00,3.2515,3.253,3.2515,3.252,3.2565,3.258,3.2565,3.257,5
2026-01-06 04:47:00,3.2525,3.2525,3.251,3.251,3.2575,3.2575,3.256,3.256,6
2026-01-06 04:48:00,3.2505,3.2505,3.2505,3.2505,3.2555,3.2555,3.2555,3.2555,1
2026-01-06 04:49:00,3.251,3.251,3.2495,3.2495,3.256,3.256,3.2545,3.2545,3
2026-01-06 04:50:00,3.249,3.249,3.2485,3.2485,3.254,3.254,3.2535,3.2535,4
2026-01-06 04:51:00,3.249,3.249,3.248,3.248,3.254,3.254,3.253,3.253,3
2026-01-06 04:52:00,3.247,3.247,3.245,3.2455,3.252,3.252,3.25,3.2505,7
2026-01-06 04:53:00,3.246,3.2465,3.246,3.2465,3.251,3.2515,3.251,3.2515,2
2026-01-06 04:54:00,3.247,3.247,3.2465,3.247,3.252,3.252,3.2515,3.252,3
2026-01-06 04:55:00,3.2475,3.248,3.244,3.245,3.2525,3.253,3.249,3.25,11
2026-01-06 04:57:00,3.2445,3.245,3.242,3.245,3.2495,3.25,3.247,3.25,12
2026-01-06 04:58:00,3.2465,3.2465,3.243,3.2445,3.2515,3.2515,3.248,3.2495,15
2026-01-06 04:59:00,3.244,3.244,3.244,3.244,3.249,3.249,3.249,3.249,1
2026-01-06 05:00:00,3.245,3.245,3.244,3.244,3.25,3.25,3.249,3.249,2
2026-01-06 05:01:00,3.245,3.247,3.245,3.2465,3.25,3.252,3.25,3.2515,4
2026-01-06 05:02:00,3.246,3.246,3.245,3.2455,3.251,3.251,3.25,3.2505,4
2026-01-06 05:03:00,3.246,3.2465,3.246,3.2465,3.251,3.2515,3.251,3.2515,4
2026-01-06 05:04:00,3.246,3.2465,3.246,3.246,3.251,3.2515,3.251,3.251,5
2026-01-06 05:05:00,3.247,3.247,3.247,3.247,3.252,3.252,3.252,3.252,1
2026-01-06 05:06:00,3.248,3.2505,3.248,3.2495,3.253,3.2555,3.253,3.2545,7
2026-01-06 05:07:00,3.25,3.25,3.25,3.25,3.255,3.255,3.255,3.255,1
2026-01-06 05:08:00,3.251,3.251,3.251,3.251,3.256,3.256,3.256,3.256,1
2026-01-06 05:10:00,3.252,3.259,3.252,3.2565,3.257,3.264,3.257,3.2615,15
2026-01-06 05:11:00,3.258,3.259,3.254,3.255,3.263,3.264,3.259,3.26,15
2026-01-06 05:12:00,3.2565,3.261,3.2565,3.26,3.2615,3.266,3.2615,3.265,11
2026-01-06 05:13:00,3.261,3.2665,3.261,3.264,3.266,3.2715,3.266,3.269,16
2026-01-06 05:14:00,3.2655,3.2655,3.262,3.262,3.2705,3.2705,3.267,3.267,15
2026-01-06 05:15:00,3.261,3.2665,3.26,3.2655,3.266,3.2715,3.265,3.2705,12
2026-01-06 05:16:00,3.266,3.266,3.2655,3.266,3.271,3.271,3.2705,3.271,3
2026-01-06 05:17:00,3.2665,3.267,3.2655,3.2655,3.2715,3.272,3.2705,3.2705,6
2026-01-06 05:18:00,3.265,3.265,3.2645,3.265,3.27,3.27,3.2695,3.27,3
2026-01-06 05:19:00,3.2655,3.2655,3.2605,3.2615,3.2705,3.2705,3.2655,3.2665,8
2026-01-06 05:20:00,3.261,3.263,3.261,3.2625,3.266,3.268,3.266,3.2675,7
2026-01-06 05:21:00,3.2635,3.265,3.2605,3.2605,3.2685,3.27,3.2655,3.2655,8
2026-01-06 05:24:00,3.259,3.259,3.2585,3.2585,3.264,3.264,3.2635,3.2635,4
2026-01-06 05:25:00,3.259,3.259,3.259,3.259,3.264,3.264,3.264,3.264,1
2026-01-06 05:26:00,3.2585,3.2585,3.2555,3.258,3.2635,3.2635,3.2605,3.263,7
2026-01-06 05:27:00,3.257,3.258,3.2555,3.2555,3.262,3.263,3.2605,3.2605,11
2026-01-06 05:28:00,3.254,3.2575,3.2525,3.256,3.259,3.2625,3.2575,3.261,15
2026-01-06 05:29:00,3.2565,3.2565,3.2525,3.254,3.2615,3.2615,3.2575,3.259,11
2026-01-06 05:30:00,3.2545,3.2545,3.2525,3.253,3.2595,3.2595,3.2575,3.258,8
2026-01-06 05:31:00,3.2525,3.253,3.2515,3.2525,3.2575,3.258,3.2565,3.2575,10
2026-01-06 05:32:00,3.253,3.255,3.253,3.255,3.258,3.26,3.258,3.26,5
2026-01-06 05:33:00,3.2545,3.2545,3.2515,3.2545,3.2595,3.2595,3.2565,3.2595,8
2026-01-06 05:34:00,3.254,3.2545,3.254,3.254,3.259,3.2595,3.259,3.259,3
2026-01-06 05:35:00,3.255,3.255,3.253,3.2535,3.26,3.26,3.258,3.2585,5
2026-01-06 05:36:00,3.254,3.254,3.251,3.2515,3.259,3.259,3.256,3.2565,7
2026-01-06 05:37:00,3.252,3.252,3.2485,3.2495,3.257,3.257,3.2535,3.2545,9
2026-01-06 05:38:00,3.25,3.2505,3.2495,3.2495,3.255,3.2555,3.2545,3.2545,4
2026-01-06 05:39:00,3.25,3.25,3.2495,3.2495,3.255,3.255,3.2545,3.2545,2
2026-01-06 05:40:00,3.25,3.2515,3.249,3.251,3.255,3.2565,3.254,3.256,13
2026-01-06 05:41:00,3.2505,3.2505,3.2505,3.2505,3.2555,3.2555,3.2555,3.2555,1
2026-01-06 05:42:00,3.251,3.251,3.251,3.251,3.256,3.256,3.256,3.256,1
2026-01-06 05:43:00,3.252,3.252,3.252,3.252,3.257,3.257,3.257,3.257,1
2026-01-06 05:44:00,3.251,3.2535,3.251,3.2525,3.256,3.2585,3.256,3.2575,13
2026-01-06 05:45:00,3.252,3.252,3.251,3.251,3.257,3.257,3.256,3.256,3
2026-01-06 05:46:00,3.25,3.25,3.2455,3.2465,3.255,3.255,3.2505,3.2515,15
2026-01-06 05:47:00,3.246,3.247,3.2455,3.246,3.251,3.252,3.2505,3.251,7
2026-01-06 05:48:00,3.2465,3.248,3.245,3.2465,3.2515,3.253,3.25,3.2515,18
2026-01-06 05:49:00,3.247,3.2495,3.2465,3.2495,3.252,3.2545,3.2515,3.2545,8
2026-01-06 05:50:00,3.249,3.2495,3.249,3.2495,3.254,3.2545,3.254,3.2545,2
2026-01-06 05:51:00,3.249,3.25,3.249,3.2495,3.254,3.255,3.254,3.2545,4
2026-01-06 05:52:00,3.249,3.249,3.2485,3.2485,3.254,3.254,3.2535,3.2535,2
2026-01-06 05:53:00,3.248,3.249,3.247,3.248,3.253,3.254,3.252,3.253,7
2026-01-06 05:54:00,3.2475,3.2475,3.245,3.245,3.2525,3.2525,3.25,3.25,5
2026-01-06 05:55:00,3.2455,3.2455,3.245,3.2455,3.2505,3.2505,3.25,3.2505,3
2026-01-06 05:57:00,3.247,3.2495,3.247,3.2475,3.252,3.2545,3.252,3.2525,7
2026-01-06 05:58:00,3.248,3.248,3.2475,3.2475,3.253,3.253,3.2525,3.2525,2
2026-01-06 06:00:00,3.247,3.248,3.246,3.2465,3.252,3.253,3.251,3.2515,5
2026-01-06 06:01:00,3.248,3.248,3.2465,3.2465,3.253,3.253,3.2515,3.2515,3
2026-01-06 06:03:00,3.247,3.248,3.247,3.248,3.252,3.253,3.252,3.253,2
2026-01-06 06:05:00,3.249,3.249,3.249,3.249,3.254,3.254,3.254,3.254,1
2026-01-06 06:07:00,3.2485,3.2485,3.2485,3.2485,3.2535,3.2535,3.2535,3.2535,1
2026-01-06 06:08:00,3.249,3.249,3.249,3.249,3.254,3.254,3.254,3.254,1
2026-01-06 06:09:00,3.2485,3.2485,3.2485,3.2485,3.2535,3.2535,3.2535,3.2535,1
2026-01-06 06:10:00,3.25,3.252,3.25,3.251,3.255,3.257,3.255,3.256,8
2026-01-06 06:11:00,3.2505,3.2505,3.2495,3.2495,3.2555,3.2555,3.2545,3.2545,5
2026-01-06 06:14:00,3.249,3.249,3.2485,3.2485,3.254,3.254,3.2535,3.2535,2
2026-01-06 06:16:00,3.248,3.2485,3.248,3.2485,3.253,3.2535,3.253,3.2535,2
2026-01-06 06:17:00,3.248,3.248,3.248,3.248,3.253,3.253,3.253,3.253,1
2026-01-06 06:18:00,3.249,3.249,3.2465,3.2465,3.254,3.254,3.2515,3.2515,4
2026-01-06 06:19:00,3.247,3.2515,3.247,3.2515,3.252,3.2565,3.252,3.2565,9
2026-01-06 06:20:00,3.252,3.252,3.2495,3.2495,3.257,3.257,3.2545,3.2545,3
2026-01-06 06:21:00,3.25,3.25,3.2495,3.2495,3.255,3.255,3.2545,3.2545,2
2026-01-06 06:22:00,3.248,3.248,3.2465,3.248,3.253,3.253,3.2515,3.253,7
2026-01-06 06:23:00,3.249,3.249,3.247,3.2485,3.254,3.254,3.252,3.2535,4
2026-01-06 06:24:00,3.249,3.25,3.249,3.25,3.254,3.255,3.254,3.255,2
2026-01-06 06:25:00,3.2495,3.2495,3.2495,3.2495,3.2545,3.2545,3.2545,3.2545,1
2026-01-06 06:29:00,3.25,3.25,3.249,3.2495,3.255,3.255,3.254,3.2545,3
2026-01-06 06:30:00,3.2515,3.256,3.251,3.2515,3.2565,3.261,3.256,3.2565,25
2026-01-06 06:31:00,3.251,3.251,3.25,3.25,3.256,3.256,3.255,3.255,3
2026-01-06 06:32:00,3.249,3.2525,3.2485,3.2485,3.254,3.2575,3.2535,3.2535,8
2026-01-06 06:33:00,3.249,3.25,3.2475,3.2475,3.254,3.255,3.2525,3.2525,4
2026-01-06 06:34:00,3.248,3.248,3.247,3.247,3.253,3.253,3.252,3.252,2
2026-01-06 06:35:00,3.2465,3.2465,3.246,3.246,3.2515,3.2515,3.251,3.251,2
2026-01-06 06:36:00,3.245,3.245,3.236,3.236,3.25,3.25,3.241,3.241,26
2026-01-06 06:37:00,3.2375,3.2375,3.226,3.227,3.2425,3.2425,3.231,3.232,29
2026-01-06 06:38:00,3.228,3.229,3.226,3.226,3.233,3.234,3.231,3.231,7
2026-01-06 06:39:00,3.2265,3.2295,3.222,3.226,3.2315,3.2345,3.227,3.231,26
2026-01-06 06:40:00,3.2255,3.2255,3.225,3.2255,3.2305,3.2305,3.23,3.2305,3
2026-01-06 06:41:00,3.226,3.227,3.22,3.22,3.231,3.232,3.225,3.225,17
2026-01-06 06:42:00,3.2225,3.2265,3.221,3.2235,3.2275,3.2315,3.226,3.2285,18
2026-01-06 06:43:00,3.224,3.228,3.223,3.2275,3.229,3.233,3.228,3.2325,9
2026-01-06 06:44:00,3.227,3.227,3.2245,3.2265,3.232,3.232,3.2295,3.2315,6
2026-01-06 06:45:00,3.2285,3.2295,3.2285,3.2295,3.2335,3.2345,3.2335,3.2345,2
2026-01-06 06:46:00,3.229,3.229,3.228,3.228,3.234,3.234,3.233,3.233,3
2026-01-06 06:47:00,3.227,3.227,3.2245,3.2245,3.232,3.232,3.2295,3.2295,6
2026-01-06 06:48:00,3.224,3.227,3.222,3.227,3.229,3.232,3.227,3.232,9
2026-01-06 06:49:00,3.228,3.233,3.228,3.2325,3.233,3.238,3.233,3.2375,10
2026-01-06 06:50:00,3.232,3.2375,3.2315,3.2335,3.237,3.2425,3.2365,3.2385,13
2026-01-06 06:51:00,3.2325,3.2325,3.2325,3.2325,3.2375,3.2375,3.2375,3.2375,1
2026-01-06 06:52:00,3.231,3.2335,3.229,3.2315,3.236,3.2385,3.234,3.2365,12
2026-01-06 06:53:00,3.2325,3.2325,3.2325,3.2325,3.2375,3.2375,3.2375,3.2375,1
2026-01-06 06:54:00,3.2335,3.2345,3.2335,3.2345,3.2385,3.2395,3.2385,3.2395,3
2026-01-06 06:55:00,3.235,3.235,3.233,3.233,3.24,3.24,3.238,3.238,8
2026-01-06 06:56:00,3.2325,3.2325,3.23,3.2325,3.2375,3.2375,3.235,3.2375,12
2026-01-06 06:57:00,3.232,3.2355,3.232,3.2325,3.237,3.2405,3.237,3.2375,8
2026-01-06 06:58:00,3.232,3.232,3.228,3.23,3.237,3.237,3.233,3.235,9
2026-01-06 06:59:00,3.2305,3.2305,3.226,3.226,3.2355,3.2355,3.231,3.231,7
2026-01-06 07:00:00,3.2255,3.2265,3.2215,3.2245,3.2305,3.2315,3.2265,3.2295,13
2026-01-06 07:01:00,3.223,3.224,3.222,3.223,3.228,3.229,3.227,3.228,9
2026-01-06 07:02:00,3.2245,3.2245,3.2235,3.224,3.2295,3.2295,3.2285,3.229,4
2026-01-06 07:03:00,3.2225,3.225,3.2225,3.225,3.2275,3.23,3.2275,3.23,18
2026-01-06 07:04:00,3.2245,3.228,3.224,3.228,3.2295,3.233,3.229,3.233,8
2026-01-06 07:05:00,3.2275,3.2275,3.222,3.224,3.2325,3.2325,3.227,3.229,10
2026-01-06 07:06:00,3.2245,3.231,3.2245,3.229,3.2295,3.236,3.2295,3.234,12
2026-01-06 07:07:00,3.227,3.228,3.223,3.2265,3.232,3.233,3.228,3.2315,11
2026-01-06 07:08:00,3.227,3.2285,3.227,3.227,3.232,3.2335,3.232,3.232,4
2026-01-06 07:09:00,3.2265,3.238,3.2265,3.237,3.2315,3.243,3.2315,3.242,21
2026-01-06 07:10:00,3.236,3.241,3.235,3.236,3.241,3.246,3.24,3.241,24
2026-01-06 07:11:00,3.234,3.2365,3.233,3.233,3.239,3.2415,3.238,3.238,14
2026-01-06 07:12:00,3.2335,3.2335,3.2215,3.222,3.2385,3.2385,3.2265,3.227,21
2026-01-06 07:13:00,3.2225,3.2255,3.2225,3.2245,3.2275,3.2305,3.2275,3.2295,4
2026-01-06 07:14:00,3.2255,3.233,3.224,3.227,3.2305,3.238,3.229,3.232,30
2026-01-06 07:15:00,3.2275,3.229,3.2275,3.229,3.2325,3.234,3.2325,3.234,3
2026-01-06 07:16:00,3.2295,3.2355,3.2295,3.2325,3.2345,3.2405,3.2345,3.2375,14
2026-01-06 07:17:00,3.2315,3.2315,3.2275,3.2275,3.2365,3.2365,3.2325,3.2325,5
2026-01-06 07:18:00,3.227,3.23,3.225,3.23,3.232,3.235,3.23,3.235,12
2026-01-06 07:19:00,3.2305,3.236,3.2295,3.2335,3.2355,3.241,3.2345,3.2385,25
2026-01-06 07:20:00,3.232,3.233,3.228,3.233,3.237,3.238,3.233,3.238,8
2026-01-06 07:21:00,3.2335,3.2335,3.231,3.231,3.2385,3.2385,3.236,3.236,6
2026-01-06 07:22:00,3.2305,3.232,3.226,3.23,3.2355,3.237,3.231,3.235,17
2026-01-06 07:23:00,3.229,3.232,3.229,3.232,3.234,3.237,3.234,3.237,5
2026-01-06 07:24:00,3.2305,3.2305,3.2235,3.2245,3.2355,3.2355,3.2285,3.2295,17
2026-01-06 07:26:00,3.2235,3.2265,3.2235,3.224,3.2285,3.2315,3.2285,3.229,8
2026-01-06 07:27:00,3.225,3.225,3.222,3.2235,3.23,3.23,3.227,3.2285,7
2026-01-06 07:28:00,3.2245,3.2245,3.219,3.219,3.2295,3.2295,3.224,3.224,14
2026-01-06 07:29:00,3.2195,3.2205,3.2195,3.2205,3.2245,3.2255,3.2245,3.2255,3
2026-01-06 07:30:00,3.2215,3.229,3.2215,3.2255,3.2265,3.234,3.2265,3.2305,29
2026-01-06 07:31:00,3.2245,3.2255,3.223,3.2255,3.2295,3.2305,3.228,3.2305,4
2026-01-06 07:32:00,3.225,3.2265,3.225,3.2265,3.23,3.2315,3.23,3.2315,2
2026-01-06 07:33:00,3.2275,3.2285,3.2275,3.2285,3.2325,3.2335,3.2325,3.2335,3
2026-01-06 07:34:00,3.228,3.2295,3.227,3.2285,3.233,3.2345,3.232,3.2335,8
2026-01-06 07:35:00,3.228,3.2285,3.2265,3.2275,3.233,3.2335,3.2315,3.2325,5
2026-01-06 07:36:00,3.228,3.228,3.2275,3.2275,3.233,3.233,3.2325,3.2325,2
2026-01-06 07:37:00,3.228,3.228,3.2275,3.2275,3.233,3.233,3.2325,3.2325,2
2026-01-06 07:38:00,3.227,3.227,3.2265,3.2265,3.232,3.232,3.2315,3.2315,2
2026-01-06 07:39:00,3.226,3.226,3.2225,3.2235,3.231,3.231,3.2275,3.2285,8
2026-01-06 07:40:00,3.223,3.2235,3.2225,3.2235,3.228,3.2285,3.2275,3.2285,4
2026-01-06 07:41:00,3.2225,3.2225,3.2225,3.2225,3.2275,3.2275,3.2275,3.2275,1
2026-01-06 07:42:00,3.2235,3.2235,3.2235,3.2235,3.2285,3.2285,3.2285,3.2285,1
2026-01-06 07:46:00,3.224,3.224,3.22,3.222,3.229,3.229,3.225,3.227,6
2026-01-06 07:47:00,3.2225,3.223,3.2195,3.2195,3.2275,3.228,3.2245,3.2245,5
2026-01-06 07:48:00,3.22,3.22,3.2195,3.2195,3.225,3.225,3.2245,3.2245,2
2026-01-06 07:49:00,3.219,3.224,3.2175,3.224,3.224,3.229,3.2225,3.229,11
2026-01-06 07:50:00,3.2235,3.2235,3.222,3.222,3.2285,3.2285,3.227,3.227,4
2026-01-06 07:51:00,3.2215,3.2215,3.219,3.2195,3.2265,3.2265,3.224,3.2245,5
2026-01-06 07:52:00,3.22,3.22,3.219,3.22,3.225,3.225,3.224,3.225,4
2026-01-06 07:53:00,3.2195,3.2195,3.211,3.211,3.2245,3.2245,3.216,3.216,25
2026-01-06 07:54:00,3.212,3.213,3.211,3.2115,3.217,3.218,3.216,3.2165,10
2026-01-06 07:55:00,3.212,3.213,3.211,3.213,3.217,3.218,3.216,3.218,14
2026-01-06 07:56:00,3.2135,3.215,3.2135,3.2145,3.2185,3.22,3.2185,3.2195,5
2026-01-06 07:57:00,3.214,3.217,3.2135,3.2165,3.219,3.222,3.2185,3.2215,6
2026-01-06 07:58:00,3.216,3.216,3.215,3.215,3.221,3.221,3.22,3.22,4
2026-01-06 07:59:00,3.2145,3.215,3.2135,3.2135,3.2195,3.22,3.2185,3.2185,4
2026-01-06 08:00:00,3.213,3.214,3.2125,3.2135,3.218,3.219,3.2175,3.2185,12
2026-01-06 08:01:00,3.213,3.215,3.213,3.214,3.218,3.22,3.218,3.219,12
2026-01-06 08:02:00,3.2145,3.2145,3.214,3.2145,3.2195,3.2195,3.219,3.2195,3
2026-01-06 08:03:00,3.215,3.2165,3.213,3.215,3.22,3.2215,3.218,3.22,12
2026-01-06 08:04:00,3.2145,3.2145,3.211,3.2115,3.2195,3.2195,3.216,3.2165,11
2026-01-06 08:05:00,3.212,3.213,3.208,3.212,3.217,3.218,3.213,3.217,26
2026-01-06 08:06:00,3.2125,3.213,3.211,3.212,3.2175,3.218,3.216,3.217,5
2026-01-06 08:07:00,3.2125,3.213,3.2105,3.2105,3.2175,3.218,3.2155,3.2155,8
2026-01-06 08:08:00,3.21,3.212,3.21,3.2115,3.215,3.217,3.215,3.2165,7
2026-01-06 08:09:00,3.21,3.2115,3.21,3.2115,3.215,3.2165,3.215,3.2165,2
2026-01-06 08:11:00,3.211,3.212,3.2095,3.2095,3.216,3.217,3.2145,3.2145,6
2026-01-06 08:12:00,3.209,3.21,3.208,3.209,3.214,3.215,3.213,3.214,9
2026-01-06 08:13:00,3.2095,3.21,3.206,3.2065,3.2145,3.215,3.211,3.2115,12
2026-01-06 08:14:00,3.207,3.209,3.205,3.209,3.212,3.214,3.21,3.214,15
2026-01-06 08:15:00,3.2095,3.214,3.2065,3.214,3.2145,3.219,3.2115,3.219,20
2026-01-06 08:16:00,3.215,3.2195,3.215,3.216,3.22,3.2245,3.22,3.221,22
2026-01-06 08:17:00,3.2165,3.217,3.216,3.2165,3.2215,3.222,3.221,3.2215,5
2026-01-06 08:18:00,3.216,3.2215,3.216,3.2195,3.221,3.2265,3.221,3.2245,9
2026-01-06 08:19:00,3.219,3.22,3.219,3.2195,3.224,3.225,3.224,3.2245,7
2026-01-06 08:20:00,3.22,3.2245,3.22,3.224,3.225,3.2295,3.225,3.229,8
2026-01-06 08:21:00,3.223,3.226,3.222,3.2255,3.228,3.231,3.227,3.2305,12
2026-01-06 08:22:00,3.226,3.226,3.225,3.225,3.231,3.231,3.23,3.23,2
2026-01-06 08:23:00,3.2245,3.225,3.222,3.223,3.2295,3.23,3.227,3.228,10
2026-01-06 08:24:00,3.2225,3.225,3.221,3.221,3.2275,3.23,3.226,3.226,12
2026-01-06 08:25:00,3.22,3.2225,3.218,3.2195,3.225,3.2275,3.223,3.2245,11
2026-01-06 08:26:00,3.22,3.2215,3.218,3.2195,3.225,3.2265,3.223,3.2245,14
2026-01-06 08:27:00,3.22,3.2205,3.219,3.219,3.225,3.2255,3.224,3.224,3
2026-01-06 08:28:00,3.2195,3.2195,3.2165,3.2165,3.2245,3.2245,3.2215,3.2215,8
2026-01-06 08:29:00,3.216,3.219,3.215,3.215,3.221,3.224,3.22,3.22,17
2026-01-06 08:30:00,3.2145,3.2185,3.214,3.218,3.2195,3.2235,3.219,3.223,13
2026-01-06 08:31:00,3.217,3.217,3.2165,3.217,3.222,3.222,3.2215,3.222,3
2026-01-06 08:32:00,3.2175,3.218,3.216,3.217,3.2225,3.223,3.221,3.222,10
2026-01-06 08:33:00,3.2165,3.2165,3.216,3.216,3.2215,3.2215,3.221,3.221,2
2026-01-06 08:35:00,3.215,3.2215,3.2145,3.22,3.22,3.2265,3.2195,3.225,14
2026-01-06 08:36:00,3.221,3.2235,3.22,3.2225,3.226,3.2285,3.225,3.2275,14
2026-01-06 08:37:00,3.223,3.2255,3.2205,3.2205,3.228,3.2305,3.2255,3.2255,20
2026-01-06 08:38:00,3.22,3.222,3.22,3.2215,3.225,3.227,3.225,3.2265,5
2026-01-06 08:39:00,3.221,3.221,3.22,3.2205,3.226,3.226,3.225,3.2255,3
2026-01-06 08:40:00,3.2195,3.22,3.2195,3.22,3.2245,3.225,3.2245,3.225,2
2026-01-06 08:41:00,3.2195,3.2195,3.218,3.219,3.2245,3.2245,3.223,3.224,7
2026-01-06 08:42:00,3.2195,3.2195,3.2175,3.2175,3.2245,3.2245,3.2225,3.2225,3
2026-01-06 08:43:00,3.2165,3.2165,3.21,3.2115,3.2215,3.2215,3.215,3.2165,13
2026-01-06 08:44:00,3.212,3.212,3.208,3.209,3.217,3.217,3.213,3.214,18
2026-01-06 08:45:00,3.21,3.211,3.21,3.211,3.215,3.216,3.215,3.216,8
2026-01-06 08:46:00,3.212,3.213,3.2095,3.21,3.217,3.218,3.2145,3.215,13
2026-01-06 08:47:00,3.209,3.211,3.208,3.2085,3.214,3.216,3.213,3.2135,14
2026-01-06 08:48:00,3.209,3.215,3.209,3.2135,3.214,3.22,3.214,3.2185,13
2026-01-06 08:49:00,3.214,3.214,3.2125,3.2125,3.219,3.219,3.2175,3.2175,3
2026-01-06 08:50:00,3.212,3.212,3.212,3.212,3.217,3.217,3.217,3.217,1
2026-01-06 08:51:00,3.2115,3.212,3.2115,3.2115,3.2165,3.217,3.2165,3.2165,3
2026-01-06 08:52:00,3.212,3.2125,3.211,3.2115,3.217,3.2175,3.216,3.2165,10
2026-01-06 08:53:00,3.212,3.212,3.2095,3.2095,3.217,3.217,3.2145,3.2145,4
2026-01-06 08:54:00,3.21,3.213,3.21,3.212,3.215,3.218,3.215,3.217,12
2026-01-06 08:55:00,3.2115,3.2115,3.2095,3.2095,3.2165,3.2165,3.2145,3.2145,11
2026-01-06 08:56:00,3.2105,3.212,3.2105,3.212,3.2155,3.217,3.2155,3.217,6
2026-01-06 08:57:00,3.211,3.2115,3.2105,3.211,3.216,3.2165,3.2155,3.216,10
2026-01-06 08:58:00,3.2105,3.214,3.2105,3.2125,3.2155,3.219,3.2155,3.2175,7
2026-01-06 08:59:00,3.212,3.213,3.2095,3.212,3.217,3.218,3.2145,3.217,13
2026-01-06 09:00:00,3.2115,3.216,3.2115,3.2145,3.2165,3.221,3.2165,3.2195,22
2026-01-06 09:01:00,3.215,3.2155,3.212,3.213,3.22,3.2205,3.217,3.218,8
2026-01-06 09:02:00,3.212,3.213,3.211,3.212,3.217,3.218,3.216,3.217,18
2026-01-06 09:03:00,3.2115,3.213,3.2115,3.213,3.2165,3.218,3.2165,3.218,4
2026-01-06 09:04:00,3.212,3.215,3.212,3.213,3.217,3.22,3.217,3.218,14
2026-01-06 09:05:00,3.212,3.212,3.211,3.211,3.217,3.217,3.216,3.216,7
2026-01-06 09:06:00,3.21,3.2105,3.21,3.2105,3.215,3.2155,3.215,3.2155,2
2026-01-06 09:07:00,3.211,3.214,3.211,3.2115,3.216,3.219,3.216,3.2165,14
2026-01-06 09:08:00,3.211,3.214,3.211,3.214,3.216,3.219,3.216,3.219,14
2026-01-06 09:09:00,3.213,3.215,3.2125,3.2145,3.218,3.22,3.2175,3.2195,10
2026-01-06 09:10:00,3.215,3.215,3.211,3.215,3.22,3.22,3.216,3.22,12
2026-01-06 09:11:00,3.214,3.214,3.2135,3.2135,3.219,3.219,3.2185,3.2185,2
2026-01-06 09:12:00,3.2145,3.2145,3.2145,3.2145,3.2195,3.2195,3.2195,3.2195,1
2026-01-06 09:13:00,3.215,3.217,3.214,3.216,3.22,3.222,3.219,3.221,16
2026-01-06 09:14:00,3.2165,3.2165,3.215,3.2155,3.2215,3.2215,3.22,3.2205,8
2026-01-06 09:15:00,3.216,3.2185,3.216,3.218,3.221,3.2235,3.221,3.223,5
2026-01-06 09:16:00,3.2175,3.219,3.213,3.214,3.2225,3.224,3.218,3.219,13
2026-01-06 09:17:00,3.2135,3.216,3.2135,3.215,3.2185,3.221,3.2185,3.22,9
2026-01-06 09:18:00,3.2165,3.2165,3.216,3.2165,3.2215,3.2215,3.221,3.2215,3
2026-01-06 09:20:00,3.216,3.2165,3.215,3.215,3.221,3.2215,3.22,3.22,7
2026-01-06 09:21:00,3.2155,3.2185,3.2155,3.217,3.2205,3.2235,3.2205,3.222,23
2026-01-06 09:22:00,3.2175,3.219,3.217,3.219,3.2225,3.224,3.222,3.224,10
2026-01-06 09:23:00,3.22,3.221,3.219,3.219,3.225,3.226,3.224,3.224,8
2026-01-06 09:24:00,3.2185,3.223,3.2185,3.2225,3.2235,3.228,3.2235,3.2275,10
2026-01-06 09:25:00,3.222,3.2225,3.22,3.221,3.227,3.2275,3.225,3.226,8
2026-01-06 09:26:00,3.2205,3.2215,3.22,3.221,3.2255,3.2265,3.225,3.226,5
2026-01-06 09:28:00,3.2205,3.222,3.2205,3.222,3.2255,3.227,3.2255,3.227,3
2026-01-06 09:29:00,3.221,3.222,3.22,3.221,3.226,3.227,3.225,3.226,5
2026-01-06 09:30:00,3.2215,3.223,3.221,3.2225,3.2265,3.228,3.226,3.2275,9
2026-01-06 09:31:00,3.222,3.222,3.2185,3.219,3.227,3.227,3.2235,3.224,15
2026-01-06 09:32:00,3.2185,3.219,3.218,3.219,3.2235,3.224,3.223,3.224,5
2026-01-06 09:33:00,3.2185,3.219,3.2185,3.219,3.2235,3.224,3.2235,3.224,2
2026-01-06 09:34:00,3.2185,3.22,3.2185,3.219,3.2235,3.225,3.2235,3.224,4
2026-01-06 09:35:00,3.218,3.222,3.218,3.2205,3.223,3.227,3.223,3.2255,11
2026-01-06 09:36:00,3.22,3.22,3.22,3.22,3.225,3.225,3.225,3.225,1
2026-01-06 09:38:00,3.221,3.2235,3.221,3.221,3.226,3.2285,3.226,3.226,8
2026-01-06 09:39:00,3.2215,3.2245,3.221,3.223,3.2265,3.2295,3.226,3.228,20
2026-01-06 09:40:00,3.2235,3.2235,3.2215,3.2215,3.2285,3.2285,3.2265,3.2265,5
2026-01-06 09:41:00,3.222,3.224,3.215,3.2155,3.227,3.229,3.22,3.2205,23
2026-01-06 09:42:00,3.2165,3.217,3.215,3.217,3.2215,3.222,3.22,3.222,13
2026-01-06 09:43:00,3.218,3.219,3.2135,3.2135,3.223,3.224,3.2185,3.2185,13
2026-01-06 09:44:00,3.214,3.2155,3.213,3.2155,3.219,3.2205,3.218,3.2205,10
2026-01-06 09:45:00,3.216,3.217,3.2155,3.217,3.221,3.222,3.2205,3.222,9
2026-01-06 09:46:00,3.2165,3.219,3.2165,3.218,3.2215,3.224,3.2215,3.223,9
2026-01-06 09:47:00,3.2175,3.218,3.2165,3.217,3.2225,3.223,3.2215,3.222,6
2026-01-06 09:48:00,3.218,3.2185,3.218,3.2185,3.223,3.2235,3.223,3.2235,2
2026-01-06 09:49:00,3.218,3.219,3.217,3.2175,3.223,3.224,3.222,3.2225,7
2026-01-06 09:50:00,3.217,3.217,3.217,3.217,3.222,3.222,3.222,3.222,1
2026-01-06 09:51:00,3.2175,3.219,3.2175,3.219,3.2225,3.224,3.2225,3.224,5
2026-01-06 09:52:00,3.22,3.222,3.219,3.2205,3.225,3.227,3.224,3.2255,11
2026-01-06 09:53:00,3.22,3.22,3.219,3.219,3.225,3.225,3.224,3.224,3
2026-01-06 09:54:00,3.218,3.218,3.216,3.216,3.223,3.223,3.221,3.221,5
2026-01-06 09:55:00,3.2155,3.216,3.215,3.2155,3.2205,3.221,3.22,3.2205,6
2026-01-06 09:56:00,3.2145,3.215,3.214,3.215,3.2195,3.22,3.219,3.22,6
2026-01-06 09:57:00,3.2155,3.217,3.2145,3.2145,3.2205,3.222,3.2195,3.2195,5
2026-01-06 09:58:00,3.214,3.216,3.2135,3.216,3.219,3.221,3.2185,3.221,11
2026-01-06 09:59:00,3.215,3.2155,3.215,3.215,3.22,3.2205,3.22,3.22,3
2026-01-06 10:00:00,3.216,3.217,3.2145,3.2145,3.221,3.222,3.2195,3.2195,9
2026-01-06 10:01:00,3.215,3.218,3.215,3.217,3.22,3.223,3.22,3.222,6
2026-01-06 10:02:00,3.2165,3.2165,3.213,3.213,3.2215,3.2215,3.218,3.218,13
2026-01-06 10:03:00,3.2135,3.2215,3.2135,3.216,3.2185,3.2265,3.2185,3.221,38
2026-01-06 10:04:00,3.2155,3.218,3.2155,3.2175,3.2205,3.223,3.2205,3.2225,10
2026-01-06 10:05:00,3.216,3.216,3.211,3.2115,3.221,3.221,3.216,3.2165,17
2026-01-06 10:06:00,3.211,3.219,3.205,3.218,3.216,3.224,3.21,3.223,33
2026-01-06 10:07:00,3.217,3.219,3.216,3.2165,3.222,3.224,3.221,3.2215,24
2026-01-06 10:08:00,3.216,3.218,3.215,3.2155,3.221,3.223,3.22,3.2205,11
2026-01-06 10:09:00,3.216,3.2175,3.216,3.2165,3.221,3.2225,3.221,3.2215,11
2026-01-06 10:10:00,3.216,3.217,3.2145,3.2145,3.221,3.222,3.2195,3.2195,10
2026-01-06 10:11:00,3.215,3.2165,3.2135,3.216,3.22,3.2215,3.2185,3.221,10
2026-01-06 10:12:00,3.2155,3.2155,3.2155,3.2155,3.2205,3.2205,3.2205,3.2205,1
2026-01-06 10:13:00,3.215,3.218,3.214,3.2175,3.22,3.223,3.219,3.2225,16
2026-01-06 10:14:00,3.2185,3.22,3.216,3.216,3.2235,3.225,3.221,3.221,7
2026-01-06 10:15:00,3.215,3.2205,3.2145,3.2205,3.22,3.2255,3.2195,3.2255,10
2026-01-06 10:16:00,3.2215,3.2215,3.2175,3.2175,3.2265,3.2265,3.2225,3.2225,11
2026-01-06 10:17:00,3.217,3.217,3.2165,3.217,3.222,3.222,3.2215,3.222,5
2026-01-06 10:18:00,3.218,3.22,3.218,3.2195,3.223,3.225,3.223,3.2245,8
2026-01-06 10:19:00,3.219,3.226,3.219,3.224,3.224,3.231,3.224,3.229,17
2026-01-06 10:20:00,3.225,3.226,3.2195,3.225,3.23,3.231,3.2245,3.23,30
2026-01-06 10:21:00,3.2245,3.227,3.222,3.2255,3.2295,3.232,3.227,3.2305,17
2026-01-06 10:22:00,3.2265,3.2265,3.224,3.2245,3.2315,3.2315,3.229,3.2295,6
2026-01-06 10:23:00,3.224,3.224,3.214,3.216,3.229,3.229,3.219,3.221,23
2026-01-06 10:24:00,3.2165,3.217,3.212,3.2125,3.2215,3.222,3.217,3.2175,17
2026-01-06 10:25:00,3.213,3.22,3.213,3.22,3.218,3.225,3.218,3.225,18
2026-01-06 10:26:00,3.2195,3.222,3.2195,3.222,3.2245,3.227,3.2245,3.227,9
2026-01-06 10:27:00,3.2205,3.222,3.2205,3.2215,3.2255,3.227,3.2255,3.2265,6
2026-01-06 10:28:00,3.221,3.2215,3.221,3.2215,3.226,3.2265,3.226,3.2265,2
2026-01-06 10:29:00,3.222,3.228,3.222,3.227,3.227,3.233,3.227,3.232,25
2026-01-06 10:30:00,3.2265,3.227,3.225,3.226,3.2315,3.232,3.23,3.231,8
2026-01-06 10:31:00,3.2265,3.227,3.225,3.2265,3.2315,3.232,3.23,3.2315,8
2026-01-06 10:32:00,3.226,3.228,3.2225,3.2235,3.231,3.233,3.2275,3.2285,27
2026-01-06 10:33:00,3.224,3.225,3.2225,3.224,3.229,3.23,3.2275,3.229,10
2026-01-06 10:34:00,3.2235,3.2245,3.2235,3.2235,3.2285,3.2295,3.2285,3.2285,4
2026-01-06 10:35:00,3.222,3.229,3.221,3.2265,3.227,3.234,3.226,3.2315,20
2026-01-06 10:36:00,3.226,3.226,3.224,3.2255,3.231,3.231,3.229,3.2305,11
2026-01-06 10:37:00,3.226,3.226,3.225,3.225,3.231,3.231,3.23,3.23,3
2026-01-06 10:38:00,3.226,3.23,3.2255,3.228,3.231,3.235,3.2305,3.233,12
2026-01-06 10:39:00,3.229,3.2295,3.228,3.228,3.234,3.2345,3.233,3.233,4
2026-01-06 10:40:00,3.227,3.227,3.2255,3.226,3.232,3.232,3.2305,3.231,6
2026-01-06 10:41:00,3.225,3.227,3.225,3.225,3.23,3.232,3.23,3.23,6
2026-01-06 10:42:00,3.2255,3.226,3.2255,3.2255,3.2305,3.231,3.2305,3.2305,5
2026-01-06 10:43:00,3.224,3.224,3.2235,3.2235,3.229,3.229,3.2285,3.2285,2
2026-01-06 10:44:00,3.223,3.225,3.223,3.225,3.228,3.23,3.228,3.23,9
2026-01-06 10:45:00,3.2245,3.2245,3.2235,3.224,3.2295,3.2295,3.2285,3.229,4
2026-01-06 10:46:00,3.2235,3.224,3.223,3.2235,3.2285,3.229,3.228,3.2285,4
2026-01-06 10:47:00,3.224,3.2255,3.224,3.2255,3.229,3.2305,3.229,3.2305,7
2026-01-06 10:48:00,3.226,3.226,3.224,3.224,3.231,3.231,3.229,3.229,3
2026-01-06 10:49:00,3.2235,3.225,3.2235,3.225,3.2285,3.23,3.2285,3.23,7
2026-01-06 10:50:00,3.2245,3.225,3.224,3.224,3.2295,3.23,3.229,3.229,3
2026-01-06 10:51:00,3.225,3.225,3.224,3.224,3.23,3.23,3.229,3.229,4
2026-01-06 10:52:00,3.223,3.223,3.222,3.222,3.228,3.228,3.227,3.227,3
2026-01-06 10:53:00,3.2225,3.2245,3.222,3.224,3.2275,3.2295,3.227,3.229,14
2026-01-06 10:54:00,3.225,3.2255,3.2235,3.224,3.23,3.2305,3.2285,3.229,10
2026-01-06 10:55:00,3.223,3.227,3.223,3.2265,3.228,3.232,3.228,3.2315,11
2026-01-06 10:56:00,3.226,3.227,3.225,3.226,3.231,3.232,3.23,3.231,12
2026-01-06 10:57:00,3.227,3.227,3.227,3.227,3.232,3.232,3.232,3.232,1
2026-01-06 10:58:00,3.2265,3.228,3.2265,3.228,3.2315,3.233,3.2315,3.233,6
2026-01-06 10:59:00,3.2265,3.233,3.225,3.2315,3.2315,3.238,3.23,3.2365,25
2026-01-06 11:00:00,3.232,3.237,3.232,3.237,3.237,3.242,3.237,3.242,20
2026-01-06 11:01:00,3.238,3.239,3.235,3.236,3.243,3.244,3.24,3.241,26
2026-01-06 11:02:00,3.2365,3.239,3.235,3.2385,3.2415,3.244,3.24,3.2435,25
2026-01-06 11:03:00,3.238,3.242,3.237,3.242,3.243,3.247,3.242,3.247,17
2026-01-06 11:04:00,3.243,3.243,3.2395,3.241,3.248,3.248,3.2445,3.246,17
2026-01-06 11:05:00,3.2405,3.243,3.238,3.238,3.2455,3.248,3.243,3.243,29
2026-01-06 11:06:00,3.239,3.239,3.237,3.2375,3.244,3.244,3.242,3.2425,7
2026-01-06 11:07:00,3.237,3.237,3.236,3.236,3.242,3.242,3.241,3.241,4
2026-01-06 11:08:00,3.2365,3.24,3.2365,3.2375,3.2415,3.245,3.2415,3.2425,19
2026-01-06 11:09:00,3.237,3.239,3.237,3.239,3.242,3.244,3.242,3.244,7
2026-01-06 11:10:00,3.24,3.241,3.239,3.239,3.245,3.246,3.244,3.244,7
2026-01-06 11:11:00,3.2385,3.2395,3.2385,3.2395,3.2435,3.2445,3.2435,3.2445,3
2026-01-06 11:12:00,3.239,3.2485,3.239,3.248,3.244,3.2535,3.244,3.253,20
2026-01-06 11:13:00,3.2485,3.2485,3.247,3.248,3.2535,3.2535,3.252,3.253,11
2026-01-06 11:14:00,3.2475,3.2505,3.2475,3.2505,3.2525,3.2555,3.2525,3.2555,9
2026-01-06 11:15:00,3.2495,3.2495,3.2435,3.248,3.2545,3.2545,3.2485,3.253,29
2026-01-06 11:16:00,3.247,3.247,3.2445,3.2445,3.252,3.252,3.2495,3.2495,7
2026-01-06 11:17:00,3.246,3.247,3.2445,3.245,3.251,3.252,3.2495,3.25,12
2026-01-06 11:18:00,3.2455,3.246,3.245,3.2455,3.2505,3.251,3.25,3.2505,4
2026-01-06 11:19:00,3.2445,3.2445,3.242,3.242,3.2495,3.2495,3.247,3.247,8
2026-01-06 11:20:00,3.2425,3.2425,3.241,3.241,3.2475,3.2475,3.246,3.246,3
2026-01-06 11:21:00,3.2405,3.248,3.239,3.246,3.2455,3.253,3.244,3.251,22
2026-01-06 11:22:00,3.2455,3.2455,3.245,3.245,3.2505,3.2505,3.25,3.25,2
2026-01-06 11:23:00,3.244,3.247,3.244,3.247,3.249,3.252,3.249,3.252,8
2026-01-06 11:24:00,3.246,3.246,3.244,3.245,3.251,3.251,3.249,3.25,5
2026-01-06 11:25:00,3.244,3.244,3.238,3.238,3.249,3.249,3.243,3.243,11
2026-01-06 11:26:00,3.2385,3.239,3.237,3.2385,3.2435,3.244,3.242,3.2435,12
2026-01-06 11:27:00,3.2375,3.2385,3.235,3.236,3.2425,3.2435,3.24,3.241,19
2026-01-06 11:28:00,3.2355,3.239,3.2355,3.237,3.2405,3.244,3.2405,3.242,12
2026-01-06 11:29:00,3.2365,3.2405,3.2365,3.239,3.2415,3.2455,3.2415,3.244,16
2026-01-06 11:30:00,3.2385,3.24,3.2375,3.24,3.2435,3.245,3.2425,3.245,6
2026-01-06 11:31:00,3.2405,3.2405,3.2395,3.2395,3.2455,3.2455,3.2445,3.2445,3
2026-01-06 11:32:00,3.24,3.245,3.24,3.245,3.245,3.25,3.245,3.25,12
2026-01-06 11:33:00,3.2455,3.2525,3.2455,3.2525,3.2505,3.2575,3.2505,3.2575,12
2026-01-06 11:34:00,3.252,3.254,3.252,3.254,3.257,3.259,3.257,3.259,6
2026-01-06 11:35:00,3.253,3.253,3.25,3.252,3.258,3.258,3.255,3.257,16
2026-01-06 11:36:00,3.251,3.251,3.248,3.248,3.256,3.256,3.253,3.253,8
2026-01-06 11:37:00,3.2475,3.2475,3.2415,3.242,3.2525,3.2525,3.2465,3.247,18
2026-01-06 11:38:00,3.241,3.2475,3.241,3.2475,3.246,3.2525,3.246,3.2525,13
2026-01-06 11:39:00,3.247,3.247,3.2455,3.247,3.252,3.252,3.2505,3.252,9
2026-01-06 11:40:00,3.2465,3.249,3.245,3.245,3.2515,3.254,3.25,3.25,11
2026-01-06 11:41:00,3.244,3.2445,3.239,3.2425,3.249,3.2495,3.244,3.2475,17
2026-01-06 11:42:00,3.242,3.243,3.241,3.241,3.247,3.248,3.246,3.246,7
2026-01-06 11:43:00,3.2405,3.241,3.2375,3.239,3.2455,3.246,3.2425,3.244,17
2026-01-06 11:44:00,3.24,3.246,3.2385,3.2455,3.245,3.251,3.2435,3.2505,18
2026-01-06 11:45:00,3.245,3.249,3.244,3.2485,3.25,3.254,3.249,3.2535,16
2026-01-06 11:46:00,3.248,3.248,3.243,3.2435,3.253,3.253,3.248,3.2485,13
2026-01-06 11:47:00,3.243,3.2435,3.2395,3.24,3.248,3.2485,3.2445,3.245,15
2026-01-06 11:48:00,3.241,3.2435,3.241,3.242,3.246,3.2485,3.246,3.247,6
2026-01-06 11:49:00,3.2415,3.242,3.2395,3.2395,3.2465,3.247,3.2445,3.2445,9
2026-01-06 11:50:00,3.239,3.242,3.238,3.24,3.244,3.247,3.243,3.245,19
2026-01-06 11:51:00,3.239,3.239,3.234,3.2365,3.244,3.244,3.239,3.2415,23
2026-01-06 11:52:00,3.237,3.238,3.236,3.236,3.242,3.243,3.241,3.241,7
2026-01-06 11:53:00,3.2345,3.2345,3.233,3.234,3.2395,3.2395,3.238,3.239,6
2026-01-06 11:54:00,3.2335,3.2345,3.2305,3.2305,3.2385,3.2395,3.2355,3.2355,18
2026-01-06 11:55:00,3.231,3.2325,3.231,3.231,3.236,3.2375,3.236,3.236,6
2026-01-06 11:56:00,3.2305,3.231,3.229,3.2295,3.2355,3.236,3.234,3.2345,11
2026-01-06 11:57:00,3.229,3.229,3.223,3.225,3.234,3.234,3.228,3.23,19
2026-01-06 11:58:00,3.2255,3.226,3.223,3.224,3.2305,3.231,3.228,3.229,11
2026-01-06 12:00:00,3.2235,3.23,3.223,3.2245,3.2285,3.235,3.228,3.2295,23
2026-01-06 12:01:00,3.225,3.225,3.2235,3.225,3.23,3.23,3.2285,3.23,7
2026-01-06 12:02:00,3.224,3.225,3.218,3.221,3.229,3.23,3.223,3.226,14
2026-01-06 12:03:00,3.2205,3.2215,3.219,3.2205,3.2255,3.2265,3.224,3.2255,14
2026-01-06 12:04:00,3.221,3.221,3.219,3.219,3.226,3.226,3.224,3.224,5
2026-01-06 12:05:00,3.22,3.222,3.2195,3.2215,3.225,3.227,3.2245,3.2265,12
2026-01-06 12:06:00,3.2225,3.2225,3.2215,3.2215,3.2275,3.2275,3.2265,3.2265,3
2026-01-06 12:07:00,3.222,3.222,3.221,3.221,3.227,3.227,3.226,3.226,3
2026-01-06 12:08:00,3.2205,3.223,3.2205,3.223,3.2255,3.228,3.2255,3.228,11
2026-01-06 12:09:00,3.2235,3.2265,3.223,3.2255,3.2285,3.2315,3.228,3.2305,16
2026-01-06 12:10:00,3.224,3.2245,3.223,3.223,3.229,3.2295,3.228,3.228,8
2026-01-06 12:11:00,3.222,3.222,3.2195,3.2195,3.227,3.227,3.2245,3.2245,14
2026-01-06 12:12:00,3.22,3.2215,3.219,3.2215,3.225,3.2265,3.224,3.2265,15
2026-01-06 12:13:00,3.222,3.223,3.2215,3.2215,3.227,3.228,3.2265,3.2265,6
2026-01-06 12:14:00,3.221,3.221,3.22,3.2205,3.226,3.226,3.225,3.2255,12
2026-01-06 12:15:00,3.22,3.221,3.22,3.2205,3.225,3.226,3.225,3.2255,4
2026-01-06 12:16:00,3.22,3.22,3.213,3.2155,3.225,3.225,3.218,3.2205,34
2026-01-06 12:17:00,3.2145,3.216,3.2145,3.216,3.2195,3.221,3.2195,3.221,5
2026-01-06 12:18:00,3.215,3.216,3.215,3.216,3.22,3.221,3.22,3.221,4
2026-01-06 12:19:00,3.2165,3.2165,3.214,3.214,3.2215,3.2215,3.219,3.219,6
2026-01-06 12:20:00,3.215,3.215,3.215,3.215,3.22,3.22,3.22,3.22,1
2026-01-06 12:21:00,3.214,3.2165,3.213,3.2165,3.219,3.2215,3.218,3.2215,5
2026-01-06 12:22:00,3.217,3.217,3.212,3.212,3.222,3.222,3.217,3.217,7
2026-01-06 12:23:00,3.211,3.2125,3.21,3.2115,3.216,3.2175,3.215,3.2165,11
2026-01-06 12:24:00,3.212,3.212,3.2105,3.211,3.217,3.217,3.2155,3.216,7
2026-01-06 12:25:00,3.2115,3.214,3.206,3.208,3.2165,3.219,3.211,3.213,24
2026-01-06 12:26:00,3.209,3.211,3.209,3.2105,3.214,3.216,3.214,3.2155,7
2026-01-06 12:27:00,3.212,3.214,3.21,3.214,3.217,3.219,3.215,3.219,12
2026-01-06 12:28:00,3.2135,3.216,3.2135,3.2155,3.2185,3.221,3.2185,3.2205,11
2026-01-06 12:29:00,3.2165,3.2205,3.2165,3.219,3.2215,3.2255,3.2215,3.224,14
2026-01-06 12:30:00,3.2195,3.226,3.2195,3.224,3.2245,3.231,3.2245,3.229,14
2026-01-06 12:31:00,3.223,3.224,3.2165,3.217,3.228,3.229,3.2215,3.222,15
2026-01-06 12:32:00,3.218,3.219,3.216,3.2165,3.223,3.224,3.221,3.2215,14
2026-01-06 12:33:00,3.2175,3.218,3.217,3.217,3.2225,3.223,3.222,3.222,4
2026-01-06 12:34:00,3.2165,3.2175,3.216,3.217,3.2215,3.2225,3.221,3.222,4
2026-01-06 12:35:00,3.2175,3.218,3.217,3.217,3.2225,3.223,3.222,3.222,5
2026-01-06 12:36:00,3.2175,3.2185,3.217,3.2185,3.2225,3.2235,3.222,3.2235,4
2026-01-06 12:37:00,3.218,3.228,3.218,3.2265,3.223,3.233,3.223,3.2315,21
2026-01-06 12:38:00,3.227,3.227,3.224,3.227,3.232,3.232,3.229,3.232,10
2026-01-06 12:39:00,3.2265,3.227,3.224,3.225,3.2315,3.232,3.229,3.23,6
2026-01-06 12:40:00,3.224,3.2265,3.224,3.2265,3.229,3.2315,3.229,3.2315,10
2026-01-06 12:41:00,3.227,3.227,3.227,3.227,3.232,3.232,3.232,3.232,1
2026-01-06 12:42:00,3.2265,3.2265,3.224,3.2245,3.2315,3.2315,3.229,3.2295,9
2026-01-06 12:43:00,3.226,3.228,3.2245,3.2245,3.231,3.233,3.2295,3.2295,11
2026-01-06 12:44:00,3.2255,3.2255,3.223,3.223,3.2305,3.2305,3.228,3.228,8
2026-01-06 12:45:00,3.2225,3.2225,3.221,3.222,3.2275,3.2275,3.226,3.227,6
2026-01-06 12:46:00,3.223,3.2255,3.223,3.225,3.228,3.2305,3.228,3.23,5
2026-01-06 12:47:00,3.224,3.224,3.216,3.2185,3.229,3.229,3.221,3.2235,14
2026-01-06 12:48:00,3.219,3.22,3.2155,3.218,3.224,3.225,3.2205,3.223,16
2026-01-06 12:49:00,3.2185,3.2185,3.218,3.218,3.2235,3.2235,3.223,3.223,2
2026-01-06 12:50:00,3.2175,3.225,3.2175,3.224,3.2225,3.23,3.2225,3.229,22
2026-01-06 12:51:00,3.2245,3.226,3.224,3.224,3.2295,3.231,3.229,3.229,19
2026-01-06 12:52:00,3.225,3.228,3.225,3.2265,3.23,3.233,3.23,3.2315,21
2026-01-06 12:53:00,3.226,3.228,3.224,3.226,3.231,3.233,3.229,3.231,23
2026-01-06 12:54:00,3.227,3.234,3.227,3.232,3.232,3.239,3.232,3.237,39
2026-01-06 12:55:00,3.2315,3.2315,3.225,3.226,3.2365,3.2365,3.23,3.231,35
2026-01-06 12:56:00,3.225,3.227,3.224,3.224,3.23,3.232,3.229,3.229,17
2026-01-06 12:57:00,3.223,3.227,3.223,3.2235,3.228,3.232,3.228,3.2285,14
2026-01-06 12:58:00,3.223,3.223,3.214,3.218,3.228,3.228,3.219,3.223,46
2026-01-06 12:59:00,3.219,3.219,3.216,3.217,3.224,3.224,3.221,3.222,12
2026-01-06 13:00:00,3.2165,3.218,3.2105,3.211,3.2215,3.223,3.2155,3.216,24
2026-01-06 13:01:00,3.21,3.214,3.21,3.211,3.215,3.219,3.215,3.216,21
2026-01-06 13:02:00,3.21,3.21,3.202,3.204,3.215,3.215,3.207,3.209,24
2026-01-06 13:03:00,3.203,3.204,3.201,3.2015,3.208,3.209,3.206,3.2065,34
2026-01-06 13:04:00,3.201,3.202,3.1915,3.193,3.206,3.207,3.1965,3.198,46
2026-01-06 13:05:00,3.19,3.197,3.185,3.1965,3.195,3.202,3.19,3.2015,52
2026-01-06 13:06:00,3.197,3.1995,3.194,3.1975,3.202,3.2045,3.199,3.2025,39
2026-01-06 13:07:00,3.197,3.2,3.197,3.199,3.202,3.205,3.202,3.204,18
2026-01-06 13:08:00,3.198,3.2025,3.198,3.2025,3.203,3.2075,3.203,3.2075,16
2026-01-06 13:09:00,3.203,3.204,3.201,3.202,3.208,3.209,3.206,3.207,14
2026-01-06 13:10:00,3.2025,3.203,3.2005,3.2005,3.2075,3.208,3.2055,3.2055,10
2026-01-06 13:11:00,3.2,3.201,3.198,3.201,3.205,3.206,3.203,3.206,12
2026-01-06 13:12:00,3.2015,3.2015,3.198,3.198,3.2065,3.2065,3.203,3.203,16
2026-01-06 13:13:00,3.1985,3.199,3.197,3.198,3.2035,3.204,3.202,3.203,14
2026-01-06 13:14:00,3.199,3.2,3.198,3.198,3.204,3.205,3.203,3.203,9
2026-01-06 13:15:00,3.197,3.1975,3.195,3.196,3.202,3.2025,3.2,3.201,17
2026-01-06 13:16:00,3.1955,3.196,3.193,3.1945,3.2005,3.201,3.198,3.1995,22
2026-01-06 13:17:00,3.194,3.196,3.192,3.193,3.199,3.201,3.197,3.198,15
2026-01-06 13:18:00,3.194,3.2,3.1925,3.199,3.199,3.205,3.1975,3.204,38
2026-01-06 13:19:00,3.1985,3.208,3.1985,3.205,3.2035,3.213,3.2035,3.21,48
2026-01-06 13:20:00,3.206,3.211,3.202,3.203,3.211,3.216,3.207,3.208,41
2026-01-06 13:21:00,3.2035,3.2055,3.203,3.204,3.2085,3.2105,3.208,3.209,18
2026-01-06 13:22:00,3.2045,3.2155,3.203,3.213,3.2095,3.2205,3.208,3.218,43
2026-01-06 13:23:00,3.212,3.219,3.21,3.217,3.217,3.224,3.215,3.222,33
2026-01-06 13:24:00,3.2165,3.217,3.2045,3.206,3.2215,3.222,3.2095,3.211,38
2026-01-06 13:25:00,3.2065,3.208,3.203,3.203,3.2115,3.213,3.208,3.208,17
2026-01-06 13:26:00,3.204,3.205,3.203,3.204,3.209,3.21,3.208,3.209,10
2026-01-06 13:27:00,3.203,3.205,3.203,3.205,3.208,3.21,3.208,3.21,3
2026-01-06 13:28:00,3.204,3.204,3.195,3.197,3.209,3.209,3.2,3.202,34
2026-01-06 13:29:00,3.198,3.204,3.198,3.203,3.203,3.209,3.203,3.208,15
2026-01-06 13:30:00,3.204,3.206,3.204,3.205,3.209,3.211,3.209,3.21,7
2026-01-06 13:31:00,3.2045,3.205,3.198,3.199,3.2095,3.21,3.203,3.204,28
2026-01-06 13:32:00,3.1985,3.199,3.188,3.19,3.2035,3.204,3.193,3.195,46
2026-01-06 13:33:00,3.191,3.191,3.177,3.183,3.196,3.196,3.182,3.188,84
2026-01-06 13:34:00,3.1835,3.186,3.1835,3.185,3.1885,3.191,3.1885,3.19,35
2026-01-06 13:35:00,3.184,3.187,3.183,3.185,3.189,3.192,3.188,3.19,30
2026-01-06 13:36:00,3.184,3.186,3.183,3.184,3.189,3.191,3.188,3.189,17
2026-01-06 13:37:00,3.185,3.185,3.1785,3.1785,3.19,3.19,3.1835,3.1835,27
2026-01-06 13:38:00,3.178,3.1785,3.175,3.176,3.183,3.1835,3.18,3.181,20
2026-01-06 13:39:00,3.1755,3.179,3.172,3.179,3.1805,3.184,3.177,3.184,32
2026-01-06 13:40:00,3.1785,3.1785,3.173,3.176,3.1835,3.1835,3.178,3.181,19
2026-01-06 13:41:00,3.1765,3.184,3.1765,3.183,3.1815,3.189,3.1815,3.188,22
2026-01-06 13:42:00,3.1835,3.1845,3.1785,3.181,3.1885,3.1895,3.1835,3.186,28
2026-01-06 13:43:00,3.1815,3.186,3.179,3.1835,3.1865,3.191,3.184,3.1885,39
2026-01-06 13:44:00,3.184,3.185,3.182,3.185,3.189,3.19,3.187,3.19,17
2026-01-06 13:45:00,3.1855,3.1875,3.18,3.1875,3.1905,3.1925,3.185,3.1925,38
2026-01-06 13:46:00,3.188,3.188,3.184,3.185,3.193,3.193,3.189,3.19,20
2026-01-06 13:47:00,3.184,3.19,3.1835,3.189,3.189,3.195,3.1885,3.194,24
2026-01-06 13:48:00,3.1885,3.1885,3.1855,3.188,3.1935,3.1935,3.1905,3.193,14
2026-01-06 13:49:00,3.189,3.195,3.189,3.193,3.194,3.2,3.194,3.198,28
2026-01-06 13:50:00,3.194,3.1985,3.193,3.198,3.199,3.2035,3.198,3.203,32
2026-01-06 13:51:00,3.197,3.199,3.195,3.197,3.202,3.204,3.2,3.202,23
2026-01-06 13:52:00,3.196,3.2,3.196,3.198,3.201,3.205,3.201,3.203,19
2026-01-06 13:53:00,3.199,3.201,3.197,3.197,3.204,3.206,3.202,3.202,25
2026-01-06 13:54:00,3.1965,3.197,3.1935,3.195,3.2015,3.202,3.1985,3.2,30
2026-01-06 13:55:00,3.1955,3.198,3.1935,3.194,3.2005,3.203,3.1985,3.199,22
2026-01-06 13:56:00,3.1935,3.195,3.186,3.188,3.1985,3.2,3.191,3.193,31
2026-01-06 13:57:00,3.189,3.19,3.178,3.178,3.194,3.195,3.183,3.183,48
2026-01-06 13:58:00,3.179,3.183,3.173,3.175,3.184,3.188,3.178,3.18,67
2026-01-06 13:59:00,3.176,3.181,3.1725,3.1785,3.181,3.186,3.1775,3.1835,42
2026-01-06 14:00:00,3.1775,3.187,3.1745,3.186,3.1825,3.192,3.1795,3.191,42
2026-01-06 14:01:00,3.1865,3.192,3.1865,3.188,3.1915,3.197,3.1915,3.193,47
2026-01-06 14:02:00,3.189,3.192,3.186,3.188,3.194,3.197,3.191,3.193,36
2026-01-06 14:03:00,3.187,3.187,3.179,3.182,3.192,3.192,3.184,3.187,38
2026-01-06 14:04:00,3.1815,3.189,3.1815,3.1865,3.1865,3.194,3.1865,3.1915,36
2026-01-06 14:05:00,3.1855,3.188,3.1855,3.186,3.1905,3.193,3.1905,3.191,8
2026-01-06 14:06:00,3.1855,3.1855,3.1755,3.177,3.1905,3.1905,3.1805,3.182,42
2026-01-06 14:07:00,3.1775,3.1785,3.174,3.176,3.1825,3.1835,3.179,3.181,42
2026-01-06 14:08:00,3.1755,3.1765,3.17,3.174,3.1805,3.1815,3.175,3.179,34
2026-01-06 14:09:00,3.173,3.173,3.164,3.169,3.178,3.178,3.169,3.174,61
2026-01-06 14:10:00,3.1685,3.173,3.166,3.1705,3.1735,3.178,3.171,3.1755,57
2026-01-06 14:11:00,3.17,3.1705,3.165,3.166,3.175,3.1755,3.17,3.171,45
2026-01-06 14:12:00,3.1665,3.1675,3.1595,3.1595,3.1715,3.1725,3.1645,3.1645,40
2026-01-06 14:13:00,3.16,3.167,3.16,3.165,3.165,3.172,3.165,3.17,53
2026-01-06 14:14:00,3.1655,3.171,3.1655,3.168,3.1705,3.176,3.1705,3.173,33
2026-01-06 14:15:00,3.1685,3.172,3.165,3.166,3.1735,3.177,3.17,3.171,63
2026-01-06 14:16:00,3.165,3.174,3.161,3.1725,3.17,3.179,3.166,3.1775,60
2026-01-06 14:17:00,3.173,3.175,3.17,3.17,3.178,3.18,3.175,3.175,36
2026-01-06 14:18:00,3.171,3.174,3.17,3.172,3.176,3.179,3.175,3.177,28
2026-01-06 14:19:00,3.1725,3.175,3.165,3.1675,3.1775,3.18,3.17,3.1725,37
2026-01-06 14:20:00,3.1665,3.17,3.1655,3.17,3.1715,3.175,3.1705,3.175,52
2026-01-06 14:21:00,3.169,3.1755,3.167,3.174,3.174,3.1805,3.172,3.179,34
2026-01-06 14:22:00,3.1745,3.1745,3.169,3.171,3.1795,3.1795,3.174,3.176,20
2026-01-06 14:23:00,3.17,3.171,3.156,3.1575,3.175,3.176,3.161,3.1625,93
2026-01-06 14:24:00,3.159,3.1625,3.157,3.162,3.164,3.1675,3.162,3.167,32
2026-01-06 14:25:00,3.1615,3.168,3.1605,3.167,3.1665,3.173,3.1655,3.172,52
2026-01-06 14:26:00,3.1675,3.17,3.164,3.166,3.1725,3.175,3.169,3.171,34
2026-01-06 14:27:00,3.1655,3.172,3.1655,3.168,3.1705,3.177,3.1705,3.173,35
2026-01-06 14:28:00,3.1665,3.169,3.165,3.169,3.1715,3.174,3.17,3.174,26
2026-01-06 14:29:00,3.1695,3.171,3.163,3.1645,3.1745,3.176,3.168,3.1695,21
2026-01-06 14:30:00,3.165,3.168,3.16,3.167,3.17,3.173,3.165,3.172,58
2026-01-06 14:31:00,3.1675,3.1695,3.161,3.163,3.1725,3.1745,3.166,3.168,52
2026-01-06 14:32:00,3.1625,3.1625,3.15,3.1515,3.1675,3.1675,3.155,3.1565,78
2026-01-06 14:33:00,3.151,3.157,3.15,3.1535,3.156,3.162,3.155,3.1585,77
2026-01-06 14:34:00,3.154,3.157,3.153,3.155,3.159,3.162,3.158,3.16,57
2026-01-06 14:35:00,3.1545,3.156,3.15,3.154,3.1595,3.161,3.155,3.159,55
2026-01-06 14:36:00,3.153,3.154,3.1475,3.1505,3.158,3.159,3.1525,3.1555,42
2026-01-06 14:37:00,3.151,3.1575,3.15,3.1575,3.156,3.1625,3.155,3.1625,41
2026-01-06 14:38:00,3.1565,3.16,3.1555,3.158,3.1615,3.165,3.1605,3.163,41
2026-01-06 14:39:00,3.157,3.16,3.148,3.1485,3.162,3.165,3.153,3.1535,42
2026-01-06 14:40:00,3.149,3.151,3.145,3.149,3.154,3.156,3.15,3.154,47
2026-01-06 14:41:00,3.148,3.1495,3.138,3.141,3.153,3.1545,3.143,3.146,66
2026-01-06 14:42:00,3.142,3.142,3.135,3.138,3.147,3.147,3.14,3.143,46
2026-01-06 14:43:00,3.1375,3.142,3.1375,3.141,3.1425,3.147,3.1425,3.146,33
2026-01-06 14:44:00,3.14,3.142,3.138,3.139,3.145,3.147,3.143,3.144,47
2026-01-06 14:45:00,3.138,3.1415,3.138,3.141,3.143,3.1465,3.143,3.146,37
2026-01-06 14:46:00,3.14,3.146,3.14,3.144,3.145,3.151,3.145,3.149,51
2026-01-06 14:47:00,3.1435,3.1545,3.143,3.152,3.1485,3.1595,3.148,3.157,50
2026-01-06 14:48:00,3.153,3.1545,3.148,3.152,3.158,3.1595,3.153,3.157,85
2026-01-06 14:49:00,3.1515,3.158,3.1515,3.157,3.1565,3.163,3.1565,3.162,53
2026-01-06 14:50:00,3.158,3.158,3.153,3.156,3.163,3.163,3.158,3.161,45
2026-01-06 14:51:00,3.1555,3.167,3.155,3.1655,3.1605,3.172,3.16,3.1705,54
2026-01-06 14:52:00,3.165,3.169,3.1635,3.1685,3.17,3.174,3.1685,3.1735,42
2026-01-06 14:53:00,3.169,3.171,3.163,3.17,3.174,3.176,3.168,3.175,55
2026-01-06 14:54:00,3.1695,3.1695,3.164,3.165,3.1745,3.1745,3.169,3.17,36
2026-01-06 14:55:00,3.164,3.164,3.1595,3.161,3.169,3.169,3.1645,3.166,28
2026-01-06 14:56:00,3.162,3.162,3.154,3.1565,3.167,3.167,3.159,3.1615,51
2026-01-06 14:57:00,3.157,3.157,3.146,3.149,3.162,3.162,3.151,3.154,58
2026-01-06 14:58:00,3.148,3.152,3.147,3.1485,3.153,3.157,3.152,3.1535,36
2026-01-06 14:59:00,3.147,3.148,3.144,3.144,3.152,3.153,3.149,3.149,31
2026-01-06 15:00:00,3.1445,3.145,3.128,3.136,3.1495,3.15,3.133,3.141,136
2026-01-06 15:01:00,3.135,3.143,3.135,3.139,3.14,3.148,3.14,3.144,116
2026-01-06 15:02:00,3.14,3.148,3.138,3.141,3.145,3.153,3.143,3.146,104
2026-01-06 15:03:00,3.14,3.145,3.14,3.1415,3.145,3.15,3.145,3.1465,41
2026-01-06 15:04:00,3.141,3.148,3.139,3.1465,3.146,3.153,3.144,3.1515,46
2026-01-06 15:05:00,3.1475,3.152,3.1455,3.1495,3.1525,3.157,3.1505,3.1545,88
2026-01-06 15:06:00,3.15,3.15,3.145,3.147,3.155,3.155,3.15,3.152,52
2026-01-06 15:07:00,3.146,3.1515,3.1455,3.15,3.151,3.1565,3.1505,3.155,48
2026-01-06 15:08:00,3.1495,3.1525,3.143,3.1435,3.1545,3.1575,3.148,3.1485,46
2026-01-06 15:09:00,3.144,3.155,3.143,3.151,3.149,3.16,3.148,3.156,51
2026-01-06 15:10:00,3.1515,3.1605,3.1515,3.1595,3.1565,3.1655,3.1565,3.1645,78
2026-01-06 15:11:00,3.16,3.1605,3.155,3.1565,3.165,3.1655,3.16,3.1615,40
2026-01-06 15:12:00,3.157,3.1655,3.156,3.165,3.162,3.1705,3.161,3.17,48
2026-01-06 15:13:00,3.1645,3.168,3.163,3.167,3.1695,3.173,3.168,3.172,64
2026-01-06 15:14:00,3.1665,3.1675,3.163,3.163,3.1715,3.1725,3.168,3.168,47
2026-01-06 15:15:00,3.1625,3.173,3.161,3.1705,3.1675,3.178,3.166,3.1755,53
2026-01-06 15:16:00,3.172,3.1805,3.172,3.18,3.177,3.1855,3.177,3.185,77
2026-01-06 15:17:00,3.181,3.181,3.175,3.177,3.186,3.186,3.18,3.182,46
2026-01-06 15:18:00,3.178,3.182,3.178,3.178,3.183,3.187,3.183,3.183,51
2026-01-06 15:19:00,3.1775,3.179,3.171,3.1725,3.1825,3.184,3.176,3.1775,31
2026-01-06 15:20:00,3.173,3.1785,3.171,3.175,3.178,3.1835,3.176,3.18,54
2026-01-06 15:21:00,3.1745,3.178,3.171,3.171,3.1795,3.183,3.176,3.176,48
2026-01-06 15:22:00,3.1705,3.173,3.1675,3.168,3.1755,3.178,3.1725,3.173,23
2026-01-06 15:23:00,3.167,3.168,3.1595,3.163,3.172,3.173,3.1645,3.168,54
2026-01-06 15:24:00,3.1625,3.1655,3.158,3.1655,3.1675,3.1705,3.163,3.1705,29
2026-01-06 15:25:00,3.166,3.169,3.164,3.168,3.171,3.174,3.169,3.173,39
2026-01-06 15:26:00,3.1685,3.172,3.164,3.167,3.1735,3.177,3.169,3.172,29
2026-01-06 15:27:00,3.166,3.183,3.164,3.182,3.171,3.188,3.169,3.187,85
2026-01-06 15:28:00,3.1825,3.1865,3.179,3.185,3.1875,3.1915,3.184,3.19,97
2026-01-06 15:29:00,3.1845,3.185,3.179,3.1815,3.1895,3.19,3.184,3.1865,50
2026-01-06 15:30:00,3.182,3.186,3.178,3.18,3.187,3.191,3.183,3.185,54
2026-01-06 15:31:00,3.179,3.182,3.17,3.1725,3.184,3.187,3.175,3.1775,68
2026-01-06 15:32:00,3.173,3.182,3.173,3.1765,3.178,3.187,3.178,3.1815,54
2026-01-06 15:33:00,3.176,3.177,3.172,3.173,3.181,3.182,3.177,3.178,24
2026-01-06 15:34:00,3.1725,3.177,3.172,3.176,3.1775,3.182,3.177,3.181,53
2026-01-06 15:35:00,3.1765,3.18,3.1695,3.1715,3.1815,3.185,3.1745,3.1765,56
2026-01-06 15:36:00,3.172,3.172,3.167,3.169,3.177,3.177,3.172,3.174,26
2026-01-06 15:37:00,3.167,3.168,3.162,3.1655,3.172,3.173,3.167,3.1705,39
2026-01-06 15:38:00,3.1665,3.17,3.165,3.168,3.1715,3.175,3.17,3.173,47
2026-01-06 15:39:00,3.167,3.17,3.166,3.168,3.172,3.175,3.171,3.173,30
2026-01-06 15:40:00,3.1675,3.173,3.1675,3.171,3.1725,3.178,3.1725,3.176,42
2026-01-06 15:41:00,3.1705,3.176,3.168,3.175,3.1755,3.181,3.173,3.18,38
2026-01-06 15:42:00,3.176,3.1845,3.176,3.181,3.181,3.1895,3.181,3.186,41
2026-01-06 15:43:00,3.1815,3.1815,3.175,3.1785,3.1865,3.1865,3.18,3.1835,22
2026-01-06 15:44:00,3.1775,3.1775,3.173,3.173,3.1825,3.1825,3.178,3.178,28
2026-01-06 15:45:00,3.1735,3.1765,3.1695,3.1725,3.1785,3.1815,3.1745,3.1775,52
2026-01-06 15:46:00,3.173,3.173,3.168,3.17,3.178,3.178,3.173,3.175,42
2026-01-06 15:47:00,3.1695,3.1695,3.167,3.169,3.1745,3.1745,3.172,3.174,20
2026-01-06 15:48:00,3.17,3.171,3.169,3.17,3.175,3.176,3.174,3.175,16
2026-01-06 15:49:00,3.1695,3.17,3.169,3.169,3.1745,3.175,3.174,3.174,11
2026-01-06 15:50:00,3.1685,3.177,3.1675,3.1685,3.1735,3.182,3.1725,3.1735,57
2026-01-06 15:51:00,3.169,3.171,3.1675,3.17,3.174,3.176,3.1725,3.175,32
2026-01-06 15:52:00,3.1695,3.1705,3.167,3.169,3.1745,3.1755,3.172,3.174,19
2026-01-06 15:53:00,3.17,3.17,3.158,3.159,3.175,3.175,3.163,3.164,90
2026-01-06 15:54:00,3.16,3.161,3.155,3.156,3.165,3.166,3.16,3.161,36
2026-01-06 15:55:00,3.1555,3.159,3.155,3.159,3.1605,3.164,3.16,3.164,29
2026-01-06 15:56:00,3.158,3.161,3.153,3.156,3.163,3.166,3.158,3.161,51
2026-01-06 15:57:00,3.1565,3.1645,3.1565,3.162,3.1615,3.1695,3.1615,3.167,44
2026-01-06 15:58:00,3.1615,3.1615,3.157,3.158,3.1665,3.1665,3.162,3.163,18
2026-01-06 15:59:00,3.159,3.161,3.158,3.16,3.164,3.166,3.163,3.165,19
2026-01-06 16:00:00,3.157,3.1575,3.152,3.1525,3.162,3.1625,3.157,3.1575,52
2026-01-06 16:01:00,3.1515,3.1515,3.138,3.1405,3.1565,3.1565,3.143,3.1455,100
2026-01-06 16:02:00,3.14,3.143,3.137,3.142,3.145,3.148,3.142,3.147,31
2026-01-06 16:03:00,3.1415,3.146,3.141,3.145,3.1465,3.151,3.146,3.15,39
2026-01-06 16:04:00,3.1445,3.1475,3.1445,3.145,3.1495,3.1525,3.1495,3.15,28
2026-01-06 16:05:00,3.144,3.1445,3.142,3.142,3.149,3.1495,3.147,3.147,27
2026-01-06 16:06:00,3.143,3.1465,3.143,3.143,3.148,3.1515,3.148,3.148,22
2026-01-06 16:07:00,3.144,3.145,3.142,3.144,3.149,3.15,3.147,3.149,21
2026-01-06 16:08:00,3.143,3.147,3.138,3.139,3.148,3.152,3.143,3.144,40
2026-01-06 16:09:00,3.14,3.141,3.137,3.139,3.145,3.146,3.142,3.144,27
2026-01-06 16:10:00,3.14,3.14,3.1345,3.137,3.145,3.145,3.1395,3.142,35
2026-01-06 16:11:00,3.1365,3.137,3.1335,3.136,3.1415,3.142,3.1385,3.141,39
2026-01-06 16:12:00,3.1365,3.145,3.1365,3.1435,3.1415,3.15,3.1415,3.1485,49
2026-01-06 16:13:00,3.143,3.144,3.139,3.142,3.148,3.149,3.144,3.147,25
2026-01-06 16:14:00,3.1415,3.144,3.14,3.142,3.1465,3.149,3.145,3.147,37
2026-01-06 16:15:00,3.1415,3.145,3.1385,3.139,3.1465,3.15,3.1435,3.144,50
2026-01-06 16:16:00,3.1395,3.1395,3.134,3.135,3.1445,3.1445,3.139,3.14,25
2026-01-06 16:17:00,3.1345,3.1345,3.128,3.1305,3.1395,3.1395,3.133,3.1355,57
2026-01-06 16:18:00,3.131,3.139,3.131,3.138,3.136,3.144,3.136,3.143,45
2026-01-06 16:19:00,3.1375,3.138,3.135,3.135,3.1425,3.143,3.14,3.14,28
2026-01-06 16:20:00,3.134,3.135,3.128,3.1285,3.139,3.14,3.133,3.1335,36
2026-01-06 16:21:00,3.129,3.133,3.1285,3.131,3.134,3.138,3.1335,3.136,42
2026-01-06 16:22:00,3.1305,3.134,3.126,3.128,3.1355,3.139,3.131,3.133,32
2026-01-06 16:23:00,3.1275,3.128,3.126,3.127,3.1325,3.133,3.131,3.132,16
2026-01-06 16:24:00,3.1275,3.1305,3.127,3.128,3.1325,3.1355,3.132,3.133,39
2026-01-06 16:25:00,3.1275,3.13,3.127,3.1285,3.1325,3.135,3.132,3.1335,19
2026-01-06 16:26:00,3.1295,3.132,3.126,3.13,3.1345,3.137,3.131,3.135,32
2026-01-06 16:27:00,3.1295,3.1355,3.1295,3.135,3.1345,3.1405,3.1345,3.14,50
2026-01-06 16:28:00,3.1345,3.137,3.1325,3.135,3.1395,3.142,3.1375,3.14,35
2026-01-06 16:29:00,3.134,3.139,3.131,3.132,3.139,3.144,3.136,3.137,38
2026-01-06 16:30:00,3.131,3.133,3.127,3.129,3.136,3.138,3.132,3.134,34
2026-01-06 16:31:00,3.1285,3.131,3.126,3.131,3.1335,3.136,3.131,3.136,26
2026-01-06 16:32:00,3.1305,3.1335,3.128,3.133,3.1355,3.1385,3.133,3.138,30
2026-01-06 16:33:00,3.134,3.134,3.126,3.1285,3.139,3.139,3.131,3.1335,35
2026-01-06 16:34:00,3.128,3.132,3.1275,3.132,3.133,3.137,3.1325,3.137,20
2026-01-06 16:35:00,3.1325,3.137,3.13,3.13,3.1375,3.142,3.135,3.135,39
2026-01-06 16:36:00,3.1305,3.14,3.1305,3.139,3.1355,3.145,3.1355,3.144,43
2026-01-06 16:37:00,3.14,3.148,3.139,3.147,3.145,3.153,3.144,3.152,53
2026-01-06 16:38:00,3.146,3.1515,3.146,3.147,3.151,3.1565,3.151,3.152,52
2026-01-06 16:39:00,3.1465,3.1465,3.143,3.145,3.1515,3.1515,3.148,3.15,28
2026-01-06 16:40:00,3.1445,3.1445,3.14,3.141,3.1495,3.1495,3.145,3.146,26
2026-01-06 16:41:00,3.142,3.144,3.138,3.143,3.147,3.149,3.143,3.148,31
2026-01-06 16:42:00,3.1435,3.146,3.141,3.145,3.1485,3.151,3.146,3.15,32
2026-01-06 16:43:00,3.1445,3.147,3.143,3.1455,3.1495,3.152,3.148,3.1505,21
2026-01-06 16:44:00,3.146,3.147,3.145,3.147,3.151,3.152,3.15,3.152,11
2026-01-06 16:45:00,3.146,3.149,3.145,3.149,3.151,3.154,3.15,3.154,23
2026-01-06 16:46:00,3.1485,3.156,3.146,3.1545,3.1535,3.161,3.151,3.1595,54
2026-01-06 16:47:00,3.1535,3.1595,3.153,3.1595,3.1585,3.1645,3.158,3.1645,42
2026-01-06 16:48:00,3.159,3.1655,3.158,3.164,3.164,3.1705,3.163,3.169,66
2026-01-06 16:49:00,3.1635,3.175,3.162,3.1745,3.1685,3.18,3.167,3.1795,60
2026-01-06 16:50:00,3.175,3.176,3.165,3.1675,3.18,3.181,3.17,3.1725,65
2026-01-06 16:51:00,3.1685,3.17,3.166,3.168,3.1735,3.175,3.171,3.173,36
2026-01-06 16:52:00,3.1685,3.169,3.162,3.163,3.1735,3.174,3.167,3.168,32
2026-01-06 16:53:00,3.162,3.1625,3.158,3.16,3.167,3.1675,3.163,3.165,21
2026-01-06 16:54:00,3.1595,3.16,3.153,3.159,3.1645,3.165,3.158,3.164,30
2026-01-06 16:55:00,3.1585,3.167,3.158,3.164,3.1635,3.172,3.163,3.169,55
2026-01-06 16:56:00,3.1635,3.17,3.1635,3.17,3.1685,3.175,3.1685,3.175,26
2026-01-06 16:57:00,3.1705,3.173,3.164,3.166,3.1755,3.178,3.169,3.171,36
2026-01-06 16:58:00,3.165,3.166,3.1625,3.1635,3.17,3.171,3.1675,3.1685,22
2026-01-06 16:59:00,3.163,3.168,3.163,3.166,3.168,3.173,3.168,3.171,36
2026-01-06 17:00:00,3.1655,3.169,3.165,3.166,3.1705,3.174,3.17,3.171,42
2026-01-06 17:01:00,3.1655,3.1655,3.162,3.163,3.1705,3.1705,3.167,3.168,20
2026-01-06 17:02:00,3.162,3.163,3.15,3.151,3.167,3.168,3.155,3.156,40
2026-01-06 17:03:00,3.1515,3.155,3.15,3.1525,3.1565,3.16,3.155,3.1575,42
2026-01-06 17:04:00,3.152,3.154,3.1495,3.152,3.157,3.159,3.1545,3.157,37
2026-01-06 17:05:00,3.1525,3.154,3.1515,3.154,3.1575,3.159,3.1565,3.159,18
2026-01-06 17:06:00,3.1535,3.156,3.151,3.154,3.1585,3.161,3.156,3.159,26
2026-01-06 17:07:00,3.155,3.158,3.155,3.157,3.16,3.163,3.16,3.162,10
2026-01-06 17:08:00,3.158,3.158,3.155,3.1575,3.163,3.163,3.16,3.1625,32
2026-01-06 17:09:00,3.158,3.162,3.158,3.162,3.163,3.167,3.163,3.167,25
2026-01-06 17:10:00,3.1615,3.1615,3.156,3.158,3.1665,3.1665,3.161,3.163,30
2026-01-06 17:11:00,3.1585,3.163,3.158,3.1605,3.1635,3.168,3.163,3.1655,32
2026-01-06 17:12:00,3.161,3.163,3.1605,3.162,3.166,3.168,3.1655,3.167,12
2026-01-06 17:13:00,3.163,3.169,3.162,3.166,3.168,3.174,3.167,3.171,35
2026-01-06 17:14:00,3.1655,3.1655,3.158,3.1595,3.1705,3.1705,3.163,3.1645,27
2026-01-06 17:15:00,3.1605,3.163,3.156,3.1595,3.1655,3.168,3.161,3.1645,32
2026-01-06 17:16:00,3.16,3.162,3.159,3.159,3.165,3.167,3.164,3.164,19
2026-01-06 17:17:00,3.158,3.161,3.157,3.1605,3.163,3.166,3.162,3.1655,26
2026-01-06 17:18:00,3.16,3.173,3.159,3.172,3.165,3.178,3.164,3.177,41
2026-01-06 17:19:00,3.1725,3.185,3.1725,3.184,3.1775,3.19,3.1775,3.189,85
2026-01-06 17:20:00,3.1845,3.191,3.183,3.1905,3.1895,3.196,3.188,3.1955,52
2026-01-06 17:21:00,3.1895,3.1995,3.1895,3.1975,3.1945,3.2045,3.1945,3.2025,84
2026-01-06 17:22:00,3.197,3.203,3.194,3.196,3.202,3.208,3.199,3.201,72
2026-01-06 17:23:00,3.195,3.198,3.186,3.187,3.2,3.203,3.191,3.192,75
2026-01-06 17:24:00,3.1865,3.199,3.18,3.1945,3.1915,3.204,3.185,3.1995,82
2026-01-06 17:25:00,3.194,3.1975,3.192,3.192,3.199,3.2025,3.197,3.197,46
2026-01-06 17:26:00,3.1925,3.199,3.191,3.192,3.1975,3.204,3.196,3.197,45
2026-01-06 17:27:00,3.193,3.195,3.19,3.192,3.198,3.2,3.195,3.197,37
2026-01-06 17:28:00,3.1915,3.205,3.1885,3.2015,3.1965,3.21,3.1935,3.2065,71
2026-01-06 17:29:00,3.201,3.2015,3.196,3.197,3.206,3.2065,3.201,3.202,22
2026-01-06 17:30:00,3.1955,3.197,3.189,3.189,3.2005,3.202,3.194,3.194,66
2026-01-06 17:31:00,3.19,3.1965,3.189,3.1895,3.195,3.2015,3.194,3.1945,47
2026-01-06 17:32:00,3.19,3.19,3.182,3.183,3.195,3.195,3.187,3.188,51
2026-01-06 17:33:00,3.1835,3.184,3.181,3.181,3.1885,3.189,3.186,3.186,40
2026-01-06 17:34:00,3.1805,3.189,3.1805,3.187,3.1855,3.194,3.1855,3.192,36
2026-01-06 17:35:00,3.1865,3.19,3.1835,3.187,3.1915,3.195,3.1885,3.192,31
2026-01-06 17:36:00,3.1875,3.188,3.183,3.185,3.1925,3.193,3.188,3.19,24
2026-01-06 17:37:00,3.1855,3.189,3.1855,3.1865,3.1905,3.194,3.1905,3.1915,22
2026-01-06 17:38:00,3.186,3.187,3.178,3.1785,3.191,3.192,3.183,3.1835,34
2026-01-06 17:39:00,3.179,3.184,3.179,3.181,3.184,3.189,3.184,3.186,20
2026-01-06 17:40:00,3.1805,3.1805,3.1775,3.179,3.1855,3.1855,3.1825,3.184,25
2026-01-06 17:41:00,3.1795,3.1805,3.173,3.175,3.1845,3.1855,3.178,3.18,36
2026-01-06 17:42:00,3.1755,3.177,3.174,3.176,3.1805,3.182,3.179,3.181,26
2026-01-06 17:43:00,3.1765,3.18,3.175,3.178,3.1815,3.185,3.18,3.183,30
2026-01-06 17:44:00,3.1795,3.181,3.177,3.177,3.1845,3.186,3.182,3.182,10
2026-01-06 17:45:00,3.178,3.18,3.177,3.177,3.183,3.185,3.182,3.182,17
2026-01-06 17:46:00,3.1785,3.183,3.1785,3.183,3.1835,3.188,3.1835,3.188,16
2026-01-06 17:47:00,3.1835,3.191,3.1835,3.1895,3.1885,3.196,3.1885,3.1945,40
2026-01-06 17:48:00,3.191,3.194,3.19,3.1925,3.196,3.199,3.195,3.1975,47
2026-01-06 17:49:00,3.193,3.194,3.19,3.192,3.198,3.199,3.195,3.197,25
2026-01-06 17:50:00,3.1915,3.1925,3.187,3.189,3.1965,3.1975,3.192,3.194,24
2026-01-06 17:51:00,3.19,3.192,3.189,3.189,3.195,3.197,3.194,3.194,14
2026-01-06 17:52:00,3.19,3.1915,3.1895,3.19,3.195,3.1965,3.1945,3.195,15
2026-01-06 17:53:00,3.1895,3.1895,3.186,3.186,3.1945,3.1945,3.191,3.191,11
2026-01-06 17:54:00,3.185,3.188,3.185,3.188,3.19,3.193,3.19,3.193,24
2026-01-06 17:55:00,3.1885,3.189,3.186,3.188,3.1935,3.194,3.191,3.193,20
2026-01-06 17:56:00,3.189,3.193,3.1885,3.189,3.194,3.198,3.1935,3.194,36
2026-01-06 17:57:00,3.1885,3.19,3.185,3.186,3.1935,3.195,3.19,3.191,23
2026-01-06 17:58:00,3.1855,3.191,3.182,3.189,3.1905,3.196,3.187,3.194,44
2026-01-06 17:59:00,3.1895,3.192,3.187,3.1905,3.1945,3.197,3.192,3.1955,35
2026-01-06 18:00:00,3.191,3.191,3.184,3.1865,3.196,3.196,3.189,3.1915,30
2026-01-06 18:01:00,3.187,3.195,3.182,3.183,3.192,3.2,3.187,3.188,53
2026-01-06 18:02:00,3.1835,3.187,3.183,3.184,3.1885,3.192,3.188,3.189,24
2026-01-06 18:03:00,3.1845,3.187,3.183,3.187,3.1895,3.192,3.188,3.192,10
2026-01-06 18:04:00,3.1865,3.189,3.186,3.188,3.1915,3.194,3.191,3.193,17
2026-01-06 18:05:00,3.1875,3.192,3.186,3.1905,3.1925,3.197,3.191,3.1955,48
2026-01-06 18:06:00,3.191,3.192,3.1855,3.186,3.196,3.197,3.1905,3.191,26
2026-01-06 18:07:00,3.1855,3.187,3.184,3.186,3.1905,3.192,3.189,3.191,19
2026-01-06 18:08:00,3.185,3.188,3.1835,3.186,3.19,3.193,3.1885,3.191,20
2026-01-06 18:09:00,3.1855,3.1875,3.182,3.1845,3.1905,3.1925,3.187,3.1895,26
2026-01-06 18:10:00,3.185,3.186,3.173,3.1765,3.19,3.191,3.178,3.1815,49
2026-01-06 18:11:00,3.176,3.177,3.17,3.1715,3.181,3.182,3.175,3.1765,52
2026-01-06 18:12:00,3.172,3.1725,3.167,3.168,3.177,3.1775,3.172,3.173,32
2026-01-06 18:13:00,3.169,3.171,3.163,3.167,3.174,3.176,3.168,3.172,54
2026-01-06 18:14:00,3.1675,3.172,3.166,3.172,3.1725,3.177,3.171,3.177,39
2026-01-06 18:15:00,3.171,3.181,3.169,3.18,3.176,3.186,3.174,3.185,34
2026-01-06 18:16:00,3.1795,3.188,3.1795,3.187,3.1845,3.193,3.1845,3.192,37
2026-01-06 18:17:00,3.186,3.188,3.1855,3.187,3.191,3.193,3.1905,3.192,37
2026-01-06 18:18:00,3.186,3.203,3.186,3.203,3.191,3.208,3.191,3.208,74
2026-01-06 18:19:00,3.2025,3.2035,3.198,3.199,3.2075,3.2085,3.203,3.204,48
2026-01-06 18:20:00,3.2005,3.201,3.198,3.199,3.2055,3.206,3.203,3.204,31
2026-01-06 18:21:00,3.2,3.206,3.198,3.2045,3.205,3.211,3.203,3.2095,48
2026-01-06 18:22:00,3.205,3.206,3.2025,3.203,3.21,3.211,3.2075,3.208,42
2026-01-06 18:23:00,3.2035,3.207,3.2,3.204,3.2085,3.212,3.205,3.209,38
2026-01-06 18:24:00,3.205,3.206,3.2025,3.2025,3.21,3.211,3.2075,3.2075,19
2026-01-06 18:25:00,3.203,3.2045,3.203,3.203,3.208,3.2095,3.208,3.208,24
2026-01-06 18:26:00,3.204,3.204,3.193,3.193,3.209,3.209,3.198,3.198,45
2026-01-06 18:27:00,3.1935,3.195,3.193,3.194,3.1985,3.2,3.198,3.199,29
2026-01-06 18:28:00,3.1935,3.1935,3.186,3.188,3.1985,3.1985,3.191,3.193,27
2026-01-06 18:29:00,3.189,3.1895,3.187,3.189,3.194,3.1945,3.192,3.194,25
2026-01-06 18:30:00,3.1895,3.191,3.1835,3.184,3.1945,3.196,3.1885,3.189,30
2026-01-06 18:31:00,3.1845,3.19,3.183,3.19,3.1895,3.195,3.188,3.195,20
2026-01-06 18:32:00,3.189,3.189,3.18,3.1835,3.194,3.194,3.185,3.1885,41
2026-01-06 18:33:00,3.183,3.184,3.18,3.183,3.188,3.189,3.185,3.188,21
2026-01-06 18:34:00,3.1825,3.188,3.182,3.1865,3.1875,3.193,3.187,3.1915,23
2026-01-06 18:35:00,3.186,3.19,3.184,3.187,3.191,3.195,3.189,3.192,27
2026-01-06 18:36:00,3.188,3.189,3.186,3.186,3.193,3.194,3.191,3.191,12
2026-01-06 18:37:00,3.1855,3.188,3.1785,3.1865,3.1905,3.193,3.1835,3.1915,41
2026-01-06 18:38:00,3.185,3.192,3.181,3.19,3.19,3.197,3.186,3.195,50
2026-01-06 18:39:00,3.1905,3.1925,3.1875,3.191,3.1955,3.1975,3.1925,3.196,32
2026-01-06 18:40:00,3.1915,3.1915,3.1835,3.185,3.1965,3.1965,3.1885,3.19,35
2026-01-06 18:41:00,3.1855,3.193,3.185,3.189,3.1905,3.198,3.19,3.194,29
2026-01-06 18:42:00,3.1885,3.191,3.184,3.185,3.1935,3.196,3.189,3.19,31
2026-01-06 18:43:00,3.184,3.1865,3.179,3.185,3.189,3.1915,3.184,3.19,34
2026-01-06 18:44:00,3.1845,3.194,3.184,3.1915,3.1895,3.199,3.189,3.1965,45
2026-01-06 18:45:00,3.192,3.197,3.192,3.193,3.197,3.202,3.197,3.198,48
2026-01-06 18:46:00,3.1925,3.1925,3.183,3.188,3.1975,3.1975,3.188,3.193,33
2026-01-06 18:47:00,3.187,3.1925,3.187,3.192,3.192,3.1975,3.192,3.197,23
2026-01-06 18:48:00,3.1925,3.1945,3.184,3.192,3.1975,3.1995,3.189,3.197,51
2026-01-06 18:49:00,3.1925,3.1935,3.1915,3.193,3.1975,3.1985,3.1965,3.198,21
2026-01-06 18:50:00,3.1925,3.1925,3.1875,3.191,3.1975,3.1975,3.1925,3.196,27
2026-01-06 18:51:00,3.1905,3.1905,3.1835,3.1835,3.1955,3.1955,3.1885,3.1885,22
2026-01-06 18:52:00,3.183,3.183,3.18,3.182,3.188,3.188,3.185,3.187,22
2026-01-06 18:53:00,3.181,3.181,3.176,3.177,3.186,3.186,3.181,3.182,27
2026-01-06 18:54:00,3.178,3.179,3.168,3.174,3.183,3.184,3.173,3.179,89
2026-01-06 18:55:00,3.1735,3.179,3.173,3.173,3.1785,3.184,3.178,3.178,43
2026-01-06 18:56:00,3.174,3.175,3.167,3.169,3.179,3.18,3.172,3.174,64
2026-01-06 18:57:00,3.1695,3.17,3.165,3.1695,3.1745,3.175,3.17,3.1745,40
2026-01-06 18:58:00,3.17,3.1715,3.166,3.169,3.175,3.1765,3.171,3.174,43
2026-01-06 18:59:00,3.1695,3.176,3.1695,3.173,3.1745,3.181,3.1745,3.178,32
2026-01-06 19:00:00,3.1725,3.174,3.17,3.171,3.1775,3.179,3.175,3.176,14
2026-01-06 19:01:00,3.1715,3.174,3.167,3.168,3.1765,3.179,3.172,3.173,31
2026-01-06 19:02:00,3.1675,3.169,3.1645,3.168,3.1725,3.174,3.1695,3.173,24
2026-01-06 19:03:00,3.167,3.172,3.166,3.172,3.172,3.177,3.171,3.177,31
2026-01-06 19:04:00,3.1715,3.182,3.167,3.181,3.1765,3.187,3.172,3.186,77
2026-01-06 19:05:00,3.1805,3.186,3.1795,3.184,3.1855,3.191,3.1845,3.189,22
2026-01-06 19:06:00,3.1835,3.189,3.1825,3.185,3.1885,3.194,3.1875,3.19,43
2026-01-06 19:07:00,3.1855,3.187,3.1805,3.1815,3.1905,3.192,3.1855,3.1865,41
2026-01-06 19:08:00,3.181,3.182,3.1755,3.182,3.186,3.187,3.1805,3.187,33
2026-01-06 19:09:00,3.181,3.186,3.179,3.185,3.186,3.191,3.184,3.19,37
2026-01-06 19:10:00,3.1855,3.189,3.178,3.18,3.1905,3.194,3.183,3.185,53
2026-01-06 19:11:00,3.179,3.182,3.1765,3.177,3.184,3.187,3.1815,3.182,23
2026-01-06 19:12:00,3.176,3.177,3.168,3.17,3.181,3.182,3.173,3.175,43
2026-01-06 19:13:00,3.171,3.175,3.163,3.167,3.176,3.18,3.168,3.172,64
2026-01-06 19:14:00,3.1675,3.17,3.164,3.165,3.1725,3.175,3.169,3.17,43
2026-01-06 19:15:00,3.166,3.167,3.162,3.1645,3.171,3.172,3.167,3.1695,44
2026-01-06 19:16:00,3.1655,3.1765,3.1655,3.1725,3.1705,3.1815,3.1705,3.1775,69
2026-01-06 19:17:00,3.172,3.177,3.171,3.175,3.177,3.182,3.176,3.18,36
2026-01-06 19:18:00,3.1745,3.175,3.172,3.1745,3.1795,3.18,3.177,3.1795,34
2026-01-06 19:19:00,3.174,3.177,3.169,3.1765,3.179,3.182,3.174,3.1815,28
2026-01-06 19:20:00,3.176,3.178,3.1695,3.1755,3.181,3.183,3.1745,3.1805,37
2026-01-06 19:21:00,3.175,3.177,3.1725,3.176,3.18,3.182,3.1775,3.181,30
2026-01-06 19:22:00,3.175,3.177,3.172,3.172,3.18,3.182,3.177,3.177,24
2026-01-06 19:23:00,3.173,3.1745,3.167,3.169,3.178,3.1795,3.172,3.174,25
2026-01-06 19:24:00,3.17,3.1755,3.166,3.168,3.175,3.1805,3.171,3.173,30
2026-01-06 19:25:00,3.1665,3.172,3.166,3.1685,3.1715,3.177,3.171,3.1735,49
2026-01-06 19:26:00,3.168,3.1735,3.168,3.1705,3.173,3.1785,3.173,3.1755,35
2026-01-06 19:27:00,3.17,3.17,3.162,3.163,3.175,3.175,3.167,3.168,27
2026-01-06 19:28:00,3.1625,3.166,3.161,3.164,3.1675,3.171,3.166,3.169,39
2026-01-06 19:29:00,3.165,3.1655,3.162,3.165,3.17,3.1705,3.167,3.17,15
2026-01-06 19:30:00,3.166,3.17,3.166,3.168,3.171,3.175,3.171,3.173,9
2026-01-06 19:31:00,3.1685,3.17,3.167,3.17,3.1735,3.175,3.172,3.175,15
2026-01-06 19:32:00,3.1695,3.173,3.168,3.17,3.1745,3.178,3.173,3.175,28
2026-01-06 19:33:00,3.1705,3.173,3.17,3.172,3.1755,3.178,3.175,3.177,21
2026-01-06 19:34:00,3.171,3.171,3.167,3.169,3.176,3.176,3.172,3.174,19
2026-01-06 19:35:00,3.1695,3.171,3.168,3.1685,3.1745,3.176,3.173,3.1735,9
2026-01-06 19:36:00,3.169,3.171,3.169,3.17,3.174,3.176,3.174,3.175,10
2026-01-06 19:37:00,3.1705,3.172,3.162,3.1655,3.1755,3.177,3.167,3.1705,38
2026-01-06 19:38:00,3.165,3.167,3.163,3.163,3.17,3.172,3.168,3.168,27
2026-01-06 19:39:00,3.162,3.1645,3.161,3.164,3.167,3.1695,3.166,3.169,26
2026-01-06 19:40:00,3.1645,3.1645,3.158,3.159,3.1695,3.1695,3.163,3.164,48
2026-01-06 19:41:00,3.1595,3.1625,3.159,3.162,3.1645,3.1675,3.164,3.167,36
2026-01-06 19:42:00,3.1625,3.167,3.1625,3.1655,3.1675,3.172,3.1675,3.1705,33
2026-01-06 19:43:00,3.1665,3.17,3.165,3.168,3.1715,3.175,3.17,3.173,30
2026-01-06 19:44:00,3.167,3.169,3.163,3.168,3.172,3.174,3.168,3.173,21
2026-01-06 19:45:00,3.1685,3.169,3.1605,3.161,3.1735,3.174,3.1655,3.166,34
2026-01-06 19:46:00,3.1605,3.1615,3.157,3.16,3.1655,3.1665,3.162,3.165,21
2026-01-06 19:47:00,3.161,3.164,3.1605,3.162,3.166,3.169,3.1655,3.167,32
2026-01-06 19:48:00,3.1615,3.1625,3.16,3.1605,3.1665,3.1675,3.165,3.1655,15
2026-01-06 19:49:00,3.16,3.162,3.157,3.1575,3.165,3.167,3.162,3.1625,18
2026-01-06 19:50:00,3.158,3.1595,3.156,3.159,3.163,3.1645,3.161,3.164,25
2026-01-06 19:51:00,3.1585,3.159,3.154,3.1565,3.1635,3.164,3.159,3.1615,30
2026-01-06 19:52:00,3.156,3.1575,3.155,3.156,3.161,3.1625,3.16,3.161,17
2026-01-06 19:53:00,3.1565,3.159,3.153,3.153,3.1615,3.164,3.158,3.158,23
2026-01-06 19:54:00,3.154,3.1555,3.15,3.151,3.159,3.1605,3.155,3.156,24
2026-01-06 19:55:00,3.1495,3.154,3.1495,3.1515,3.1545,3.159,3.1545,3.1565,32
2026-01-06 19:56:00,3.152,3.152,3.141,3.145,3.157,3.157,3.146,3.15,50
2026-01-06 19:57:00,3.1455,3.146,3.14,3.142,3.1505,3.151,3.145,3.147,39
2026-01-06 19:58:00,3.1425,3.144,3.139,3.14,3.1475,3.149,3.144,3.145,36
2026-01-06 19:59:00,3.139,3.141,3.1385,3.1385,3.144,3.146,3.1435,3.1435,26
2026-01-06 20:00:00,3.138,3.142,3.138,3.1415,3.143,3.147,3.143,3.1465,32
2026-01-06 20:01:00,3.142,3.148,3.141,3.147,3.147,3.153,3.146,3.152,58
2026-01-06 20:02:00,3.146,3.148,3.137,3.137,3.151,3.153,3.142,3.142,50
2026-01-06 20:03:00,3.136,3.137,3.134,3.137,3.141,3.142,3.139,3.142,19
2026-01-06 20:04:00,3.136,3.1395,3.1355,3.138,3.141,3.1445,3.1405,3.143,23
2026-01-06 20:05:00,3.1375,3.1375,3.126,3.13,3.1425,3.1425,3.131,3.135,66
2026-01-06 20:06:00,3.129,3.1305,3.1245,3.1305,3.134,3.1355,3.1295,3.1355,74
2026-01-06 20:07:00,3.13,3.13,3.124,3.124,3.135,3.135,3.129,3.129,35
2026-01-06 20:08:00,3.122,3.128,3.119,3.125,3.127,3.133,3.124,3.13,51
2026-01-06 20:09:00,3.124,3.125,3.122,3.123,3.129,3.13,3.127,3.128,19
2026-01-06 20:10:00,3.124,3.125,3.122,3.125,3.129,3.13,3.127,3.13,27
2026-01-06 20:11:00,3.124,3.125,3.1195,3.125,3.129,3.13,3.1245,3.13,48
2026-01-06 20:12:00,3.1245,3.127,3.118,3.1195,3.1295,3.132,3.123,3.1245,36
2026-01-06 20:13:00,3.12,3.1225,3.117,3.118,3.125,3.1275,3.122,3.123,46
2026-01-06 20:14:00,3.117,3.119,3.113,3.1155,3.122,3.124,3.118,3.1205,56
2026-01-06 20:15:00,3.116,3.118,3.1115,3.117,3.121,3.123,3.1165,3.122,50
2026-01-06 20:16:00,3.1165,3.122,3.116,3.1195,3.1215,3.127,3.121,3.1245,32
2026-01-06 20:17:00,3.12,3.126,3.119,3.123,3.125,3.131,3.124,3.128,48
2026-01-06 20:18:00,3.1235,3.126,3.123,3.1235,3.1285,3.131,3.128,3.1285,25
2026-01-06 20:19:00,3.123,3.125,3.123,3.123,3.128,3.13,3.128,3.128,37
2026-01-06 20:20:00,3.1225,3.13,3.121,3.128,3.1275,3.135,3.126,3.133,47
2026-01-06 20:21:00,3.1285,3.132,3.128,3.1305,3.1335,3.137,3.133,3.1355,39
2026-01-06 20:22:00,3.131,3.1315,3.127,3.131,3.136,3.1365,3.132,3.136,29
2026-01-06 20:23:00,3.1315,3.134,3.127,3.1335,3.1365,3.139,3.132,3.1385,42
2026-01-06 20:24:00,3.133,3.135,3.132,3.133,3.138,3.14,3.137,3.138,25
2026-01-06 20:25:00,3.134,3.139,3.134,3.139,3.139,3.144,3.139,3.144,29
2026-01-06 20:26:00,3.14,3.141,3.1355,3.14,3.145,3.146,3.1405,3.145,51
2026-01-06 20:27:00,3.1405,3.141,3.131,3.138,3.1455,3.146,3.136,3.143,77
2026-01-06 20:28:00,3.137,3.141,3.126,3.14,3.142,3.146,3.131,3.145,137
2026-01-06 20:29:00,3.141,3.145,3.139,3.144,3.146,3.15,3.144,3.149,51
2026-01-06 20:30:00,3.145,3.147,3.141,3.1435,3.15,3.152,3.146,3.1485,22
2026-01-06 20:31:00,3.1445,3.1445,3.142,3.144,3.1495,3.1495,3.147,3.149,12
2026-01-06 20:32:00,3.1435,3.148,3.1435,3.1465,3.1485,3.153,3.1485,3.1515,24
2026-01-06 20:33:00,3.147,3.148,3.145,3.145,3.152,3.153,3.15,3.15,12
2026-01-06 20:34:00,3.146,3.1465,3.145,3.1465,3.151,3.1515,3.15,3.1515,13
2026-01-06 20:35:00,3.148,3.1515,3.147,3.151,3.153,3.1565,3.152,3.156,12
2026-01-06 20:36:00,3.1505,3.152,3.148,3.148,3.1555,3.157,3.153,3.153,18
2026-01-06 20:37:00,3.1485,3.1485,3.148,3.148,3.1535,3.1535,3.153,3.153,2
2026-01-06 20:38:00,3.149,3.15,3.145,3.148,3.154,3.155,3.15,3.153,20
2026-01-06 20:39:00,3.149,3.1495,3.149,3.149,3.154,3.1545,3.154,3.154,3
2026-01-06 20:40:00,3.1485,3.149,3.148,3.149,3.1535,3.154,3.153,3.154,3
2026-01-06 20:41:00,3.15,3.153,3.15,3.153,3.155,3.158,3.155,3.158,8
2026-01-06 20:42:00,3.154,3.157,3.154,3.155,3.159,3.162,3.159,3.16,24
2026-01-06 20:43:00,3.1545,3.156,3.154,3.155,3.1595,3.161,3.159,3.16,21
2026-01-06 20:44:00,3.1545,3.1545,3.148,3.1485,3.1595,3.1595,3.153,3.1535,23
2026-01-06 20:45:00,3.149,3.149,3.146,3.149,3.154,3.154,3.151,3.154,15
2026-01-06 20:46:00,3.1495,3.156,3.1495,3.154,3.1545,3.161,3.1545,3.159,34
2026-01-06 20:47:00,3.1535,3.155,3.152,3.152,3.1585,3.16,3.157,3.157,14
2026-01-06 20:48:00,3.1515,3.153,3.151,3.1525,3.1565,3.158,3.156,3.1575,5
2026-01-06 20:49:00,3.153,3.1545,3.153,3.154,3.158,3.1595,3.158,3.159,7
2026-01-06 20:50:00,3.1545,3.1555,3.152,3.1555,3.1595,3.1605,3.157,3.1605,18
2026-01-06 20:51:00,3.156,3.156,3.154,3.1545,3.161,3.161,3.159,3.1595,11
2026-01-06 20:52:00,3.154,3.154,3.1515,3.1515,3.159,3.159,3.1565,3.1565,8
2026-01-06 20:53:00,3.152,3.152,3.15,3.151,3.157,3.157,3.155,3.156,21
2026-01-06 20:54:00,3.15,3.152,3.15,3.152,3.155,3.157,3.155,3.157,5
2026-01-06 20:55:00,3.1515,3.152,3.147,3.148,3.1565,3.157,3.152,3.153,20
2026-01-06 20:56:00,3.147,3.1495,3.147,3.1495,3.152,3.1545,3.152,3.1545,12
2026-01-06 20:57:00,3.15,3.15,3.1465,3.1465,3.155,3.155,3.1515,3.1515,8
2026-01-06 20:58:00,3.146,3.146,3.144,3.1445,3.151,3.151,3.149,3.1495,6
2026-01-06 20:59:00,3.144,3.146,3.143,3.146,3.149,3.151,3.148,3.151,14
2026-01-06 21:00:00,3.1455,3.1475,3.145,3.147,3.1505,3.1525,3.15,3.152,17
2026-01-06 21:01:00,3.1475,3.151,3.147,3.149,3.1525,3.156,3.152,3.154,19
2026-01-06 21:02:00,3.148,3.15,3.148,3.15,3.153,3.155,3.153,3.155,7
2026-01-06 21:03:00,3.1505,3.151,3.1495,3.151,3.1555,3.156,3.1545,3.156,7
2026-01-06 21:04:00,3.1515,3.153,3.1515,3.1525,3.1565,3.158,3.1565,3.1575,10
2026-01-06 21:05:00,3.153,3.153,3.152,3.152,3.158,3.158,3.157,3.157,6
2026-01-06 21:06:00,3.151,3.1525,3.151,3.1525,3.156,3.1575,3.156,3.1575,3
2026-01-06 21:07:00,3.153,3.155,3.152,3.153,3.158,3.16,3.157,3.158,13
2026-01-06 21:08:00,3.1525,3.1545,3.151,3.154,3.1575,3.1595,3.156,3.159,9
2026-01-06 21:09:00,3.153,3.154,3.153,3.1535,3.158,3.159,3.158,3.1585,3
2026-01-06 21:10:00,3.153,3.154,3.153,3.154,3.158,3.159,3.158,3.159,2
2026-01-06 21:13:00,3.153,3.153,3.15,3.15,3.158,3.158,3.155,3.155,11
2026-01-06 21:14:00,3.151,3.152,3.151,3.152,3.156,3.157,3.156,3.157,4
2026-01-06 21:15:00,3.151,3.152,3.147,3.1485,3.156,3.157,3.152,3.1535,21
2026-01-06 21:16:00,3.149,3.152,3.149,3.1515,3.154,3.157,3.154,3.1565,8
2026-01-06 21:17:00,3.151,3.153,3.151,3.153,3.156,3.158,3.156,3.158,5
2026-01-06 21:18:00,3.154,3.155,3.154,3.155,3.159,3.16,3.159,3.16,2
2026-01-06 21:19:00,3.154,3.154,3.154,3.154,3.159,3.159,3.159,3.159,1
2026-01-06 21:20:00,3.153,3.1545,3.153,3.154,3.158,3.1595,3.158,3.159,13
2026-01-06 21:21:00,3.153,3.157,3.153,3.157,3.158,3.162,3.158,3.162,11
2026-01-06 21:22:00,3.1575,3.16,3.1575,3.1595,3.1625,3.165,3.1625,3.1645,15
2026-01-06 21:23:00,3.16,3.1605,3.158,3.16,3.165,3.1655,3.163,3.165,19
2026-01-06 21:24:00,3.1595,3.1605,3.158,3.1595,3.1645,3.1655,3.163,3.1645,15
2026-01-06 21:25:00,3.16,3.161,3.158,3.1595,3.165,3.166,3.163,3.1645,32
2026-01-06 21:26:00,3.159,3.16,3.159,3.159,3.164,3.165,3.164,3.164,5
2026-01-06 21:27:00,3.158,3.16,3.158,3.16,3.163,3.165,3.163,3.165,5
2026-01-06 21:28:00,3.159,3.162,3.159,3.161,3.164,3.167,3.164,3.166,20
2026-01-06 21:29:00,3.1615,3.165,3.159,3.165,3.1665,3.17,3.164,3.17,25
2026-01-06 21:30:00,3.164,3.1675,3.164,3.167,3.169,3.1725,3.169,3.172,19
2026-01-06 21:31:00,3.1665,3.172,3.1665,3.172,3.1715,3.177,3.1715,3.177,27
2026-01-06 21:32:00,3.1725,3.1725,3.17,3.171,3.1775,3.1775,3.175,3.176,17
2026-01-06 21:33:00,3.17,3.1725,3.17,3.171,3.175,3.1775,3.175,3.176,17
2026-01-06 21:34:00,3.1715,3.172,3.17,3.171,3.1765,3.177,3.175,3.176,15
2026-01-06 21:35:00,3.172,3.173,3.171,3.1725,3.177,3.178,3.176,3.1775,11
2026-01-06 21:36:00,3.172,3.1725,3.171,3.172,3.177,3.1775,3.176,3.177,15
2026-01-06 21:37:00,3.1725,3.174,3.1715,3.172,3.1775,3.179,3.1765,3.177,15
2026-01-06 21:38:00,3.1725,3.1765,3.172,3.176,3.1775,3.1815,3.177,3.181,28
2026-01-06 21:39:00,3.175,3.177,3.175,3.1765,3.18,3.182,3.18,3.1815,7
2026-01-06 21:40:00,3.176,3.1785,3.175,3.178,3.181,3.1835,3.18,3.183,18
2026-01-06 21:41:00,3.1785,3.182,3.177,3.182,3.1835,3.187,3.182,3.187,19
2026-01-06 21:42:00,3.181,3.1825,3.1805,3.1805,3.186,3.1875,3.1855,3.1855,9
2026-01-06 21:43:00,3.18,3.1815,3.18,3.18,3.185,3.1865,3.185,3.185,15
2026-01-06 21:44:00,3.1805,3.181,3.178,3.179,3.1855,3.186,3.183,3.184,21
2026-01-06 21:45:00,3.1795,3.1805,3.178,3.179,3.1845,3.1855,3.183,3.184,18
2026-01-06 21:46:00,3.1795,3.181,3.179,3.18,3.1845,3.186,3.184,3.185,10
2026-01-06 21:47:00,3.179,3.181,3.179,3.181,3.184,3.186,3.184,3.186,7
2026-01-06 21:48:00,3.1815,3.184,3.18,3.1825,3.1865,3.189,3.185,3.1875,22
2026-01-06 21:49:00,3.1835,3.1835,3.181,3.1825,3.1885,3.1885,3.186,3.1875,20
2026-01-06 21:50:00,3.183,3.183,3.181,3.181,3.188,3.188,3.186,3.186,8
2026-01-06 21:51:00,3.182,3.185,3.182,3.184,3.187,3.19,3.187,3.189,20
2026-01-06 21:52:00,3.185,3.1895,3.184,3.1895,3.19,3.1945,3.189,3.1945,19
2026-01-06 21:53:00,3.19,3.19,3.188,3.1885,3.195,3.195,3.193,3.1935,16
2026-01-06 21:54:00,3.189,3.191,3.189,3.191,3.194,3.196,3.194,3.196,12
2026-01-06 21:55:00,3.19,3.192,3.188,3.1915,3.195,3.197,3.193,3.1965,18
2026-01-06 21:56:00,3.191,3.195,3.191,3.1945,3.196,3.2,3.196,3.1995,20
2026-01-06 21:57:00,3.194,3.1945,3.191,3.1915,3.199,3.1995,3.196,3.1965,19
2026-01-06 21:58:00,3.191,3.1955,3.191,3.195,3.196,3.2005,3.196,3.2,27
2026-01-06 21:59:00,3.1945,3.195,3.192,3.192,3.1995,3.2,3.197,3.197,16
2026-01-06 22:00:00,3.193,3.194,3.189,3.189,3.198,3.199,3.194,3.194,15
2026-01-06 22:01:00,3.188,3.1925,3.188,3.1925,3.193,3.1975,3.193,3.1975,15
2026-01-06 22:02:00,3.192,3.193,3.192,3.1925,3.197,3.198,3.197,3.1975,7
2026-01-06 22:03:00,3.192,3.192,3.192,3.192,3.197,3.197,3.197,3.197,1
2026-01-06 22:04:00,3.191,3.192,3.1905,3.192,3.196,3.197,3.1955,3.197,6
2026-01-06 22:05:00,3.1915,3.192,3.19,3.19,3.1965,3.197,3.195,3.195,6
2026-01-06 22:06:00,3.191,3.1925,3.19,3.192,3.196,3.1975,3.195,3.197,8
2026-01-06 22:07:00,3.191,3.192,3.1895,3.1895,3.196,3.197,3.1945,3.1945,6
2026-01-06 22:08:00,3.19,3.19,3.1845,3.1855,3.195,3.195,3.1895,3.1905,19
2026-01-06 22:09:00,3.186,3.187,3.184,3.187,3.191,3.192,3.189,3.192,10
2026-01-06 22:10:00,3.1875,3.1885,3.187,3.1885,3.1925,3.1935,3.192,3.1935,7
2026-01-06 22:11:00,3.188,3.188,3.185,3.185,3.193,3.193,3.19,3.19,5
2026-01-06 22:12:00,3.186,3.1865,3.184,3.1845,3.191,3.1915,3.189,3.1895,11
2026-01-06 22:13:00,3.185,3.187,3.185,3.1865,3.19,3.192,3.19,3.1915,6
2026-01-06 22:14:00,3.186,3.186,3.184,3.1845,3.191,3.191,3.189,3.1895,7
2026-01-06 22:15:00,3.184,3.186,3.184,3.186,3.189,3.191,3.189,3.191,4
2026-01-06 22:16:00,3.1865,3.187,3.1855,3.186,3.1915,3.192,3.1905,3.191,7
2026-01-06 22:17:00,3.1865,3.1865,3.186,3.186,3.1915,3.1915,3.191,3.191,2
2026-01-06 22:18:00,3.185,3.186,3.185,3.185,3.19,3.191,3.19,3.19,4
2026-01-06 22:19:00,3.186,3.186,3.183,3.183,3.191,3.191,3.188,3.188,10
2026-01-06 22:20:00,3.1835,3.1835,3.1835,3.1835,3.1885,3.1885,3.1885,3.1885,1
2026-01-06 22:21:00,3.185,3.186,3.185,3.185,3.19,3.191,3.19,3.19,5
2026-01-06 22:23:00,3.1855,3.186,3.1855,3.186,3.1905,3.191,3.1905,3.191,2
2026-01-06 22:24:00,3.1865,3.188,3.186,3.188,3.1915,3.193,3.191,3.193,4
2026-01-06 22:25:00,3.189,3.192,3.189,3.191,3.194,3.197,3.194,3.196,16
2026-01-06 22:26:00,3.1905,3.193,3.1905,3.193,3.1955,3.198,3.1955,3.198,8
2026-01-06 22:27:00,3.192,3.192,3.192,3.192,3.197,3.197,3.197,3.197,1
2026-01-06 22:28:00,3.1915,3.1915,3.19,3.19,3.1965,3.1965,3.195,3.195,2
2026-01-06 22:29:00,3.1905,3.192,3.1905,3.192,3.1955,3.197,3.1955,3.197,3
2026-01-06 22:30:00,3.1915,3.1915,3.189,3.19,3.1965,3.1965,3.194,3.195,13
2026-01-06 22:31:00,3.1895,3.1895,3.187,3.1885,3.1945,3.1945,3.192,3.1935,6
2026-01-06 22:32:00,3.187,3.187,3.185,3.185,3.192,3.192,3.19,3.19,5
2026-01-06 22:33:00,3.186,3.195,3.186,3.194,3.191,3.2,3.191,3.199,21
2026-01-06 22:34:00,3.1935,3.198,3.1935,3.198,3.1985,3.203,3.1985,3.203,6
2026-01-06 22:35:00,3.197,3.1975,3.1965,3.1965,3.202,3.2025,3.2015,3.2015,4
2026-01-06 22:36:00,3.196,3.197,3.1955,3.196,3.201,3.202,3.2005,3.201,9
2026-01-06 22:37:00,3.1965,3.197,3.195,3.196,3.2015,3.202,3.2,3.201,6
2026-01-06 22:38:00,3.1965,3.206,3.1965,3.201,3.2015,3.211,3.2015,3.206,29
2026-01-06 22:39:00,3.2,3.2,3.2,3.2,3.205,3.205,3.205,3.205,1
2026-01-06 22:40:00,3.1995,3.2005,3.1995,3.2,3.2045,3.2055,3.2045,3.205,9
2026-01-06 22:41:00,3.1995,3.202,3.1995,3.201,3.2045,3.207,3.2045,3.206,10
2026-01-06 22:42:00,3.202,3.2045,3.202,3.203,3.207,3.2095,3.207,3.208,19
2026-01-06 22:43:00,3.202,3.202,3.2,3.2,3.207,3.207,3.205,3.205,8
2026-01-06 22:44:00,3.1995,3.201,3.1985,3.2,3.2045,3.206,3.2035,3.205,9
2026-01-06 22:45:00,3.2005,3.203,3.2005,3.202,3.2055,3.208,3.2055,3.207,4
2026-01-06 22:46:00,3.201,3.203,3.201,3.203,3.206,3.208,3.206,3.208,3
2026-01-06 22:47:00,3.2035,3.204,3.201,3.202,3.2085,3.209,3.206,3.207,18
2026-01-06 22:48:00,3.2025,3.209,3.2025,3.209,3.2075,3.214,3.2075,3.214,14
2026-01-06 22:49:00,3.2085,3.21,3.2085,3.2085,3.2135,3.215,3.2135,3.2135,10
2026-01-06 22:50:00,3.208,3.2085,3.208,3.2085,3.213,3.2135,3.213,3.2135,2
2026-01-06 22:51:00,3.208,3.21,3.208,3.21,3.213,3.215,3.213,3.215,4
2026-01-06 22:52:00,3.2105,3.213,3.2105,3.213,3.2155,3.218,3.2155,3.218,13
2026-01-06 22:53:00,3.2125,3.2125,3.211,3.212,3.2175,3.2175,3.216,3.217,5
2026-01-06 22:54:00,3.211,3.215,3.211,3.215,3.216,3.22,3.216,3.22,6
2026-01-06 22:55:00,3.2145,3.2165,3.214,3.2155,3.2195,3.2215,3.219,3.2205,20
2026-01-06 22:56:00,3.216,3.216,3.215,3.215,3.221,3.221,3.22,3.22,9
2026-01-06 22:57:00,3.2155,3.216,3.215,3.215,3.2205,3.221,3.22,3.22,8
2026-01-06 22:58:00,3.2145,3.215,3.2125,3.213,3.2195,3.22,3.2175,3.218,14
2026-01-06 22:59:00,3.2125,3.2331,3.212,3.2331,3.2175,3.2381,3.217,3.2381,31
2026-01-07 00:00:00,3.2281,3.2336,3.2246,3.2301,3.2331,3.2386,3.2296,3.2351,51
2026-01-07 00:01:00,3.2306,3.2341,3.2306,3.2341,3.2356,3.2391,3.2356,3.2391,14
2026-01-07 00:02:00,3.2336,3.2346,3.2336,3.2341,3.2386,3.2396,3.2386,3.2391,8
2026-01-07 00:03:00,3.2351,3.2351,3.2341,3.2341,3.2401,3.2401,3.2391,3.2391,3
2026-01-07 00:04:00,3.2326,3.2326,3.2296,3.2321,3.2376,3.2376,3.2346,3.2371,9
2026-01-07 00:05:00,3.2326,3.2336,3.2316,3.2316,3.2376,3.2386,3.2366,3.2366,6
2026-01-07 00:06:00,3.2301,3.2316,3.2301,3.2301,3.2351,3.2366,3.2351,3.2351,6
2026-01-07 00:07:00,3.2286,3.2286,3.2271,3.2281,3.2336,3.2336,3.2321,3.2331,5
2026-01-07 00:08:00,3.2286,3.2296,3.2276,3.2276,3.2336,3.2346,3.2326,3.2326,9
2026-01-07 00:09:00,3.2286,3.2316,3.2286,3.2316,3.2336,3.2366,3.2336,3.2366,5
2026-01-07 00:10:00,3.2311,3.2331,3.2311,3.2311,3.2361,3.2381,3.2361,3.2361,5
2026-01-07 00:11:00,3.2306,3.2311,3.2301,3.2311,3.2356,3.2361,3.2351,3.2361,3
2026-01-07 00:12:00,3.2306,3.2311,3.2306,3.2311,3.2356,3.2361,3.2356,3.2361,2
2026-01-07 00:13:00,3.2301,3.2301,3.2276,3.2291,3.2351,3.2351,3.2326,3.2341,7
2026-01-07 00:14:00,3.2296,3.2296,3.2296,3.2296,3.2346,3.2346,3.2346,3.2346,1
2026-01-07 00:15:00,3.2301,3.2301,3.2301,3.2301,3.2351,3.2351,3.2351,3.2351,1
2026-01-07 00:16:00,3.2291,3.2291,3.2291,3.2291,3.2341,3.2341,3.2341,3.2341,1
2026-01-07 00:17:00,3.2286,3.2306,3.2276,3.2306,3.2336,3.2356,3.2326,3.2356,5
2026-01-07 00:18:00,3.2301,3.2301,3.2301,3.2301,3.2351,3.2351,3.2351,3.2351,1
2026-01-07 00:19:00,3.2306,3.2336,3.2301,3.2306,3.2356,3.2386,3.2351,3.2356,14
2026-01-07 00:20:00,3.2316,3.2316,3.2301,3.2311,3.2366,3.2366,3.2351,3.2361,12
2026-01-07 00:21:00,3.2316,3.2316,3.2301,3.2306,3.2366,3.2366,3.2351,3.2356,3
2026-01-07 00:22:00,3.2316,3.2331,3.2306,3.2331,3.2366,3.2381,3.2356,3.2381,8
2026-01-07 00:23:00,3.2326,3.2326,3.2291,3.2306,3.2376,3.2376,3.2341,3.2356,12
2026-01-07 00:24:00,3.2301,3.2301,3.2266,3.2266,3.2351,3.2351,3.2316,3.2316,9
2026-01-07 00:25:00,3.2276,3.2276,3.2266,3.2266,3.2326,3.2326,3.2316,3.2316,4
2026-01-07 00:26:00,3.2276,3.2336,3.2276,3.2316,3.2326,3.2386,3.2326,3.2366,11
2026-01-07 00:27:00,3.2321,3.2321,3.2301,3.2301,3.2371,3.2371,3.2351,3.2351,4
2026-01-07 00:28:00,3.2306,3.2316,3.2306,3.2316,3.2356,3.2366,3.2356,3.2366,3
2026-01-07 00:29:00,3.2306,3.2311,3.2291,3.2296,3.2356,3.2361,3.2341,3.2346,5
2026-01-07 00:30:00,3.2301,3.2306,3.2276,3.2291,3.2351,3.2356,3.2326,3.2341,8
2026-01-07 00:31:00,3.2296,3.2296,3.2296,3.2296,3.2346,3.2346,3.2346,3.2346,1
2026-01-07 00:32:00,3.2311,3.2311,3.2306,3.2311,3.2361,3.2361,3.2356,3.2361,3
2026-01-07 00:33:00,3.2306,3.2321,3.2296,3.2296,3.2356,3.2371,3.2346,3.2346,5
2026-01-07 00:34:00,3.2301,3.2301,3.2301,3.2301,3.2351,3.2351,3.2351,3.2351,1
2026-01-07 00:35:00,3.2296,3.2301,3.2296,3.2301,3.2346,3.2351,3.2346,3.2351,4
2026-01-07 00:36:00,3.2306,3.2341,3.2301,3.2341,3.2356,3.2391,3.2351,3.2391,15
2026-01-07 00:37:00,3.2346,3.2366,3.2346,3.2366,3.2396,3.2416,3.2396,3.2416,14
2026-01-07 00:38:00,3.2351,3.2356,3.2351,3.2351,3.2401,3.2406,3.2401,3.2401,3
2026-01-07 00:39:00,3.2336,3.2356,3.2336,3.2356,3.2386,3.2406,3.2386,3.2406,2
2026-01-07 00:40:00,3.2351,3.2366,3.2351,3.2366,3.2401,3.2416,3.2401,3.2416,3
2026-01-07 00:41:00,3.2371,3.2376,3.2356,3.2361,3.2421,3.2426,3.2406,3.2411,7
2026-01-07 00:42:00,3.2366,3.2366,3.2366,3.2366,3.2416,3.2416,3.2416,3.2416,1
2026-01-07 00:43:00,3.2371,3.2376,3.2371,3.2376,3.2421,3.2426,3.2421,3.2426,2
2026-01-07 00:44:00,3.2371,3.2391,3.2366,3.2391,3.2421,3.2441,3.2416,3.2441,4
2026-01-07 00:45:00,3.2406,3.2406,3.2381,3.2391,3.2456,3.2456,3.2431,3.2441,6
2026-01-07 00:46:00,3.2386,3.2386,3.2386,3.2386,3.2436,3.2436,3.2436,3.2436,1
2026-01-07 00:47:00,3.2391,3.2396,3.2391,3.2396,3.2441,3.2446,3.2441,3.2446,2
2026-01-07 00:48:00,3.2391,3.2391,3.2376,3.2376,3.2441,3.2441,3.2426,3.2426,3
2026-01-07 00:49:00,3.2371,3.2386,3.2371,3.2376,3.2421,3.2436,3.2421,3.2426,4
2026-01-07 00:50:00,3.2366,3.2366,3.2366,3.2366,3.2416,3.2416,3.2416,3.2416,1
2026-01-07 00:51:00,3.2371,3.2371,3.2366,3.2366,3.2421,3.2421,3.2416,3.2416,2
2026-01-07 00:52:00,3.2361,3.2361,3.2291,3.2291,3.2411,3.2411,3.2341,3.2341,9
2026-01-07 00:53:00,3.2296,3.2296,3.2271,3.2276,3.2346,3.2346,3.2321,3.2326,5
2026-01-07 00:54:00,3.2291,3.2301,3.2276,3.2296,3.2341,3.2351,3.2326,3.2346,6
2026-01-07 00:55:00,3.2301,3.2306,3.2301,3.2306,3.2351,3.2356,3.2351,3.2356,4
2026-01-07 00:56:00,3.2301,3.2301,3.2296,3.2301,3.2351,3.2351,3.2346,3.2351,3
2026-01-07 00:57:00,3.2306,3.2316,3.2306,3.2316,3.2356,3.2366,3.2356,3.2366,3
2026-01-07 00:58:00,3.2311,3.2311,3.2276,3.2291,3.2361,3.2361,3.2326,3.2341,6
2026-01-07 00:59:00,3.2306,3.2306,3.2296,3.2296,3.2356,3.2356,3.2346,3.2346,2
2026-01-07 01:00:00,3.2271,3.2341,3.2271,3.2311,3.2321,3.2391,3.2321,3.2361,14
2026-01-07 01:01:00,3.2306,3.2306,3.2296,3.2301,3.2356,3.2356,3.2346,3.2351,4
2026-01-07 01:02:00,3.2306,3.2316,3.2306,3.2306,3.2356,3.2366,3.2356,3.2356,5
2026-01-07 01:03:00,3.2311,3.2336,3.2301,3.2306,3.2361,3.2386,3.2351,3.2356,7
2026-01-07 01:04:00,3.2301,3.2301,3.2296,3.2296,3.2351,3.2351,3.2346,3.2346,2
2026-01-07 01:05:00,3.2301,3.2306,3.2301,3.2306,3.2351,3.2356,3.2351,3.2356,2
2026-01-07 01:06:00,3.2311,3.2311,3.2311,3.2311,3.2361,3.2361,3.2361,3.2361,1
2026-01-07 01:07:00,3.2306,3.2306,3.2301,3.2306,3.2356,3.2356,3.2351,3.2356,3
2026-01-07 01:08:00,3.2296,3.2331,3.2291,3.2331,3.2346,3.2381,3.2341,3.2381,8
2026-01-07 01:09:00,3.2336,3.2336,3.2336,3.2336,3.2386,3.2386,3.2386,3.2386,1
2026-01-07 01:10:00,3.2341,3.2341,3.2336,3.2336,3.2391,3.2391,3.2386,3.2386,2
2026-01-07 01:12:00,3.2341,3.2341,3.2341,3.2341,3.2391,3.2391,3.2391,3.2391,1
2026-01-07 01:13:00,3.2346,3.2346,3.2326,3.2331,3.2396,3.2396,3.2376,3.2381,6
2026-01-07 01:14:00,3.2341,3.2341,3.2341,3.2341,3.2391,3.2391,3.2391,3.2391,1
2026-01-07 01:15:00,3.2336,3.2336,3.2321,3.2331,3.2386,3.2386,3.2371,3.2381,5
2026-01-07 01:16:00,3.2326,3.2326,3.2306,3.2316,3.2376,3.2376,3.2356,3.2366,8
2026-01-07 01:17:00,3.2311,3.2336,3.2311,3.2336,3.2361,3.2386,3.2361,3.2386,5
2026-01-07 01:18:00,3.2326,3.2331,3.2326,3.2331,3.2376,3.2381,3.2376,3.2381,2
2026-01-07 01:19:00,3.2326,3.2326,3.2326,3.2326,3.2376,3.2376,3.2376,3.2376,1
2026-01-07 01:20:00,3.2321,3.2321,3.2286,3.2286,3.2371,3.2371,3.2336,3.2336,4
2026-01-07 01:21:00,3.2291,3.2296,3.2266,3.2281,3.2341,3.2346,3.2316,3.2331,9
2026-01-07 01:22:00,3.2286,3.2326,3.2286,3.2326,3.2336,3.2376,3.2336,3.2376,7
2026-01-07 01:23:00,3.2331,3.2331,3.2316,3.2326,3.2381,3.2381,3.2366,3.2376,5
2026-01-07 01:24:00,3.2321,3.2331,3.2321,3.2326,3.2371,3.2381,3.2371,3.2376,4
2026-01-07 01:25:00,3.2336,3.2336,3.2316,3.2316,3.2386,3.2386,3.2366,3.2366,3
2026-01-07 01:26:00,3.2311,3.2311,3.2311,3.2311,3.2361,3.2361,3.2361,3.2361,1
2026-01-07 01:27:00,3.2306,3.2306,3.2306,3.2306,3.2356,3.2356,3.2356,3.2356,1
2026-01-07 01:28:00,3.2321,3.2331,3.2321,3.2331,3.2371,3.2381,3.2371,3.2381,3
2026-01-07 01:30:00,3.2336,3.2336,3.2336,3.2336,3.2386,3.2386,3.2386,3.2386,1
2026-01-07 01:31:00,3.2331,3.2396,3.2331,3.2396,3.2381,3.2446,3.2381,3.2446,8
2026-01-07 01:32:00,3.2401,3.2501,3.2401,3.2451,3.2451,3.2551,3.2451,3.2501,39
2026-01-07 01:33:00,3.2446,3.2466,3.2441,3.2456,3.2496,3.2516,3.2491,3.2506,10
2026-01-07 01:34:00,3.2451,3.2471,3.2441,3.2471,3.2501,3.2521,3.2491,3.2521,6
2026-01-07 01:35:00,3.2476,3.2476,3.2416,3.2461,3.2526,3.2526,3.2466,3.2511,11
2026-01-07 01:36:00,3.2446,3.2446,3.2421,3.2421,3.2496,3.2496,3.2471,3.2471,3
2026-01-07 01:37:00,3.2436,3.2481,3.2416,3.2456,3.2486,3.2531,3.2466,3.2506,10
2026-01-07 01:38:00,3.2461,3.2496,3.2461,3.2496,3.2511,3.2546,3.2511,3.2546,5
2026-01-07 01:39:00,3.2501,3.2506,3.2481,3.2481,3.2551,3.2556,3.2531,3.2531,6
2026-01-07 01:41:00,3.2476,3.2476,3.2471,3.2471,3.2526,3.2526,3.2521,3.2521,2
2026-01-07 01:42:00,3.2476,3.2486,3.2476,3.2486,3.2526,3.2536,3.2526,3.2536,3
2026-01-07 01:43:00,3.2496,3.2496,3.2476,3.2486,3.2546,3.2546,3.2526,3.2536,4
2026-01-07 01:44:00,3.2481,3.2481,3.2466,3.2481,3.2531,3.2531,3.2516,3.2531,6
2026-01-07 01:45:00,3.2476,3.2481,3.2476,3.2481,3.2526,3.2531,3.2526,3.2531,2
2026-01-07 01:46:00,3.2476,3.2476,3.2466,3.2466,3.2526,3.2526,3.2516,3.2516,2
2026-01-07 01:47:00,3.2451,3.2456,3.2451,3.2456,3.2501,3.2506,3.2501,3.2506,2
2026-01-07 01:48:00,3.2451,3.2486,3.2451,3.2471,3.2501,3.2536,3.2501,3.2521,8
2026-01-07 01:49:00,3.2486,3.2571,3.2486,3.2536,3.2536,3.2621,3.2536,3.2586,24
2026-01-07 01:50:00,3.2541,3.2551,3.2496,3.2496,3.2591,3.2601,3.2546,3.2546,15
2026-01-07 01:51:00,3.2501,3.2526,3.2496,3.2496,3.2551,3.2576,3.2546,3.2546,6
2026-01-07 01:52:00,3.2521,3.2521,3.2521,3.2521,3.2571,3.2571,3.2571,3.2571,1
2026-01-07 01:53:00,3.2506,3.2506,3.2486,3.2491,3.2556,3.2556,3.2536,3.2541,6
2026-01-07 01:54:00,3.2486,3.2486,3.2456,3.2471,3.2536,3.2536,3.2506,3.2521,12
2026-01-07 01:55:00,3.2466,3.2471,3.2446,3.2446,3.2516,3.2521,3.2496,3.2496,6
2026-01-07 01:56:00,3.2451,3.2456,3.2426,3.2426,3.2501,3.2506,3.2476,3.2476,14
2026-01-07 01:57:00,3.2431,3.2441,3.2426,3.2436,3.2481,3.2491,3.2476,3.2486,5
2026-01-07 01:58:00,3.2446,3.2486,3.2446,3.2486,3.2496,3.2536,3.2496,3.2536,12
2026-01-07 01:59:00,3.2476,3.2476,3.2461,3.2466,3.2526,3.2526,3.2511,3.2516,4
2026-01-07 02:00:00,3.2476,3.2561,3.2476,3.2561,3.2526,3.2611,3.2526,3.2611,14
2026-01-07 02:01:00,3.2551,3.2551,3.2521,3.2531,3.2601,3.2601,3.2571,3.2581,9
2026-01-07 02:02:00,3.2536,3.2591,3.2536,3.2586,3.2586,3.2641,3.2586,3.2636,12
2026-01-07 02:03:00,3.2581,3.2581,3.2566,3.2571,3.2631,3.2631,3.2616,3.2621,9
2026-01-07 02:04:00,3.2581,3.2656,3.2581,3.2636,3.2631,3.2706,3.2631,3.2686,22
2026-01-07 02:05:00,3.2631,3.2646,3.2606,3.2611,3.2681,3.2696,3.2656,3.2661,14
2026-01-07 02:06:00,3.2606,3.2606,3.2546,3.2546,3.2656,3.2656,3.2596,3.2596,11
2026-01-07 02:07:00,3.2541,3.2556,3.2526,3.2541,3.2591,3.2606,3.2576,3.2591,10
2026-01-07 02:08:00,3.2546,3.2556,3.2546,3.2556,3.2596,3.2606,3.2596,3.2606,3
2026-01-07 02:09:00,3.2561,3.2561,3.2561,3.2561,3.2611,3.2611,3.2611,3.2611,1
2026-01-07 02:10:00,3.2556,3.2561,3.2551,3.2561,3.2606,3.2611,3.2601,3.2611,4
2026-01-07 02:11:00,3.2551,3.2566,3.2551,3.2566,3.2601,3.2616,3.2601,3.2616,4
2026-01-07 02:12:00,3.2561,3.2566,3.2521,3.2521,3.2611,3.2616,3.2571,3.2571,7
2026-01-07 02:13:00,3.2516,3.2551,3.2511,3.2551,3.2566,3.2601,3.2561,3.2601,6
2026-01-07 02:14:00,3.2556,3.2576,3.2556,3.2561,3.2606,3.2626,3.2606,3.2611,5
2026-01-07 02:15:00,3.2571,3.2571,3.2571,3.2571,3.2621,3.2621,3.2621,3.2621,1
2026-01-07 02:16:00,3.2566,3.2571,3.2561,3.2561,3.2616,3.2621,3.2611,3.2611,3
2026-01-07 02:17:00,3.2556,3.2571,3.2556,3.2571,3.2606,3.2621,3.2606,3.2621,3
2026-01-07 02:18:00,3.2576,3.2586,3.2566,3.2566,3.2626,3.2636,3.2616,3.2616,4
2026-01-07 02:19:00,3.2571,3.2571,3.2566,3.2571,3.2621,3.2621,3.2616,3.2621,7
2026-01-07 02:20:00,3.2576,3.2586,3.2561,3.2586,3.2626,3.2636,3.2611,3.2636,7
2026-01-07 02:21:00,3.2596,3.2596,3.2561,3.2571,3.2646,3.2646,3.2611,3.2621,6
2026-01-07 02:22:00,3.2566,3.2571,3.2546,3.2546,3.2616,3.2621,3.2596,3.2596,6
2026-01-07 02:23:00,3.2556,3.2591,3.2556,3.2591,3.2606,3.2641,3.2606,3.2641,8
2026-01-07 02:24:00,3.2581,3.2581,3.2581,3.2581,3.2631,3.2631,3.2631,3.2631,1
2026-01-07 02:25:00,3.2566,3.2566,3.2551,3.2551,3.2616,3.2616,3.2601,3.2601,5
2026-01-07 02:26:00,3.2556,3.2556,3.2556,3.2556,3.2606,3.2606,3.2606,3.2606,1
2026-01-07 02:27:00,3.2561,3.2561,3.2561,3.2561,3.2611,3.2611,3.2611,3.2611,1
2026-01-07 02:28:00,3.2556,3.2566,3.2556,3.2566,3.2606,3.2616,3.2606,3.2616,4
2026-01-07 02:29:00,3.2571,3.2571,3.2566,3.2571,3.2621,3.2621,3.2616,3.2621,3
2026-01-07 02:30:00,3.2566,3.2566,3.2526,3.2526,3.2616,3.2616,3.2576,3.2576,13
2026-01-07 02:31:00,3.2531,3.2531,3.2526,3.2526,3.2581,3.2581,3.2576,3.2576,2
2026-01-07 02:32:00,3.2521,3.2526,3.2521,3.2526,3.2571,3.2576,3.2571,3.2576,2
2026-01-07 02:33:00,3.2521,3.2521,3.2511,3.2511,3.2571,3.2571,3.2561,3.2561,2
2026-01-07 02:34:00,3.2521,3.2531,3.2521,3.2531,3.2571,3.2581,3.2571,3.2581,3
2026-01-07 02:35:00,3.2526,3.2526,3.2511,3.2516,3.2576,3.2576,3.2561,3.2566,7
2026-01-07 02:36:00,3.2511,3.2516,3.2511,3.2516,3.2561,3.2566,3.2561,3.2566,2
2026-01-07 02:37:00,3.2521,3.2531,3.2511,3.2516,3.2571,3.2581,3.2561,3.2566,8
2026-01-07 02:38:00,3.2521,3.2571,3.2521,3.2551,3.2571,3.2621,3.2571,3.2601,7
2026-01-07 02:39:00,3.2556,3.2556,3.2556,3.2556,3.2606,3.2606,3.2606,3.2606,1
2026-01-07 02:40:00,3.2561,3.2576,3.2541,3.2576,3.2611,3.2626,3.2591,3.2626,8
2026-01-07 02:41:00,3.2566,3.2571,3.2556,3.2556,3.2616,3.2621,3.2606,3.2606,5
2026-01-07 02:42:00,3.2561,3.2571,3.2556,3.2571,3.2611,3.2621,3.2606,3.2621,6
2026-01-07 02:43:00,3.2566,3.2596,3.2566,3.2596,3.2616,3.2646,3.2616,3.2646,13
2026-01-07 02:44:00,3.2601,3.2601,3.2601,3.2601,3.2651,3.2651,3.2651,3.2651,1
2026-01-07 02:45:00,3.2596,3.2601,3.2586,3.2586,3.2646,3.2651,3.2636,3.2636,4
2026-01-07 02:46:00,3.2591,3.2591,3.2586,3.2586,3.2641,3.2641,3.2636,3.2636,2
2026-01-07 02:47:00,3.2581,3.2606,3.2576,3.2601,3.2631,3.2656,3.2626,3.2651,8
2026-01-07 02:48:00,3.2596,3.2596,3.2591,3.2591,3.2646,3.2646,3.2641,3.2641,2
2026-01-07 02:50:00,3.2601,3.2616,3.2591,3.2611,3.2651,3.2666,3.2641,3.2661,7
2026-01-07 02:52:00,3.2606,3.2666,3.2586,3.2646,3.2656,3.2716,3.2636,3.2696,26
2026-01-07 02:53:00,3.2651,3.2681,3.2631,3.2676,3.2701,3.2731,3.2681,3.2726,14
2026-01-07 02:54:00,3.2671,3.2671,3.2641,3.2641,3.2721,3.2721,3.2691,3.2691,8
2026-01-07 02:55:00,3.2636,3.2656,3.2611,3.2616,3.2686,3.2706,3.2661,3.2666,11
2026-01-07 02:56:00,3.2606,3.2621,3.2606,3.2621,3.2656,3.2671,3.2656,3.2671,4
2026-01-07 02:57:00,3.2616,3.2621,3.2616,3.2621,3.2666,3.2671,3.2666,3.2671,2
2026-01-07 02:58:00,3.2626,3.2631,3.2626,3.2631,3.2676,3.2681,3.2676,3.2681,4
2026-01-07 02:59:00,3.2636,3.2676,3.2636,3.2676,3.2686,3.2726,3.2686,3.2726,5
2026-01-07 03:00:00,3.2666,3.2676,3.2666,3.2666,3.2716,3.2726,3.2716,3.2716,7
2026-01-07 03:01:00,3.2671,3.2681,3.2656,3.2656,3.2721,3.2731,3.2706,3.2706,13
2026-01-07 03:02:00,3.2661,3.2671,3.2641,3.2671,3.2711,3.2721,3.2691,3.2721,13
2026-01-07 03:03:00,3.2666,3.2676,3.2666,3.2676,3.2716,3.2726,3.2716,3.2726,3
2026-01-07 03:04:00,3.2656,3.2656,3.2631,3.2641,3.2706,3.2706,3.2681,3.2691,8
2026-01-07 03:05:00,3.2651,3.2661,3.2651,3.2661,3.2701,3.2711,3.2701,3.2711,5
2026-01-07 03:06:00,3.2656,3.2656,3.2651,3.2651,3.2706,3.2706,3.2701,3.2701,2
2026-01-07 03:07:00,3.2656,3.2691,3.2656,3.2691,3.2706,3.2741,3.2706,3.2741,8
2026-01-07 03:08:00,3.2696,3.2696,3.2696,3.2696,3.2746,3.2746,3.2746,3.2746,1
2026-01-07 03:09:00,3.2701,3.2751,3.2686,3.2726,3.2751,3.2801,3.2736,3.2776,17
2026-01-07 03:10:00,3.2736,3.2736,3.2726,3.2726,3.2786,3.2786,3.2776,3.2776,2
2026-01-07 03:11:00,3.2721,3.2726,3.2696,3.2716,3.2771,3.2776,3.2746,3.2766,10
2026-01-07 03:12:00,3.2726,3.2746,3.2686,3.2736,3.2776,3.2796,3.2736,3.2786,17
2026-01-07 03:13:00,3.2731,3.2731,3.2726,3.2731,3.2781,3.2781,3.2776,3.2781,5
2026-01-07 03:14:00,3.2736,3.2741,3.2731,3.2741,3.2786,3.2791,3.2781,3.2791,6
2026-01-07 03:15:00,3.2736,3.2741,3.2731,3.2731,3.2786,3.2791,3.2781,3.2781,4
2026-01-07 03:16:00,3.2736,3.2736,3.2716,3.2716,3.2786,3.2786,3.2766,3.2766,6
2026-01-07 03:17:00,3.2721,3.2721,3.2716,3.2721,3.2771,3.2771,3.2766,3.2771,5
2026-01-07 03:18:00,3.2716,3.2721,3.2716,3.2721,3.2766,3.2771,3.2766,3.2771,2
2026-01-07 03:20:00,3.2716,3.2736,3.2716,3.2731,3.2766,3.2786,3.2766,3.2781,5
2026-01-07 03:21:00,3.2726,3.2731,3.2726,3.2731,3.2776,3.2781,3.2776,3.2781,2
2026-01-07 03:22:00,3.2746,3.2746,3.2726,3.2726,3.2796,3.2796,3.2776,3.2776,5
2026-01-07 03:23:00,3.2736,3.2741,3.2736,3.2736,3.2786,3.2791,3.2786,3.2786,3
2026-01-07 03:24:00,3.2741,3.2746,3.2731,3.2731,3.2791,3.2796,3.2781,3.2781,6
2026-01-07 03:25:00,3.2736,3.2746,3.2726,3.2736,3.2786,3.2796,3.2776,3.2786,8
2026-01-07 03:27:00,3.2741,3.2741,3.2736,3.2736,3.2791,3.2791,3.2786,3.2786,2
2026-01-07 03:28:00,3.2741,3.2741,3.2716,3.2731,3.2791,3.2791,3.2766,3.2781,9
2026-01-07 03:29:00,3.2741,3.2741,3.2741,3.2741,3.2791,3.2791,3.2791,3.2791,1
2026-01-07 03:30:00,3.2736,3.2741,3.2726,3.2731,3.2786,3.2791,3.2776,3.2781,7
2026-01-07 03:32:00,3.2726,3.2726,3.2691,3.2696,3.2776,3.2776,3.2741,3.2746,11
2026-01-07 03:34:00,3.2686,3.2706,3.2686,3.2701,3.2736,3.2756,3.2736,3.2751,4
2026-01-07 03:35:00,3.2696,3.2701,3.2696,3.2696,3.2746,3.2751,3.2746,3.2746,3
2026-01-07 03:36:00,3.2686,3.2691,3.2686,3.2686,3.2736,3.2741,3.2736,3.2736,3
2026-01-07 03:37:00,3.2681,3.2701,3.2666,3.2701,3.2731,3.2751,3.2716,3.2751,9
2026-01-07 03:40:00,3.2696,3.2696,3.2676,3.2686,3.2746,3.2746,3.2726,3.2736,6
2026-01-07 03:41:00,3.2696,3.2696,3.2691,3.2691,3.2746,3.2746,3.2741,3.2741,2
2026-01-07 03:42:00,3.2686,3.2686,3.2676,3.2686,3.2736,3.2736,3.2726,3.2736,5
2026-01-07 03:43:00,3.2676,3.2681,3.2676,3.2681,3.2726,3.2731,3.2726,3.2731,2
2026-01-07 03:44:00,3.2696,3.2696,3.2691,3.2691,3.2746,3.2746,3.2741,3.2741,2
2026-01-07 03:45:00,3.2686,3.2686,3.2676,3.2681,3.2736,3.2736,3.2726,3.2731,3
2026-01-07 03:47:00,3.2676,3.2706,3.2676,3.2701,3.2726,3.2756,3.2726,3.2751,5
2026-01-07 03:49:00,3.2696,3.2731,3.2696,3.2731,3.2746,3.2781,3.2746,3.2781,11
2026-01-07 03:50:00,3.2726,3.2726,3.2706,3.2711,3.2776,3.2776,3.2756,3.2761,4
2026-01-07 03:51:00,3.2706,3.2721,3.2706,3.2721,3.2756,3.2771,3.2756,3.2771,5
2026-01-07 03:52:00,3.2716,3.2721,3.2716,3.2721,3.2766,3.2771,3.2766,3.2771,2
2026-01-07 03:53:00,3.2706,3.2736,3.2706,3.2721,3.2756,3.2786,3.2756,3.2771,7
2026-01-07 03:54:00,3.2726,3.2736,3.2726,3.2726,3.2776,3.2786,3.2776,3.2776,3
2026-01-07 03:55:00,3.2731,3.2731,3.2726,3.2726,3.2781,3.2781,3.2776,3.2776,2
2026-01-07 03:56:00,3.2731,3.2731,3.2731,3.2731,3.2781,3.2781,3.2781,3.2781,1
2026-01-07 03:57:00,3.2726,3.2746,3.2726,3.2746,3.2776,3.2796,3.2776,3.2796,3
2026-01-07 03:58:00,3.2741,3.2741,3.2726,3.2731,3.2791,3.2791,3.2776,3.2781,4
2026-01-07 03:59:00,3.2736,3.2746,3.2736,3.2746,3.2786,3.2796,3.2786,3.2796,3
2026-01-07 04:00:00,3.2741,3.2781,3.2736,3.2756,3.2791,3.2831,3.2786,3.2806,15
2026-01-07 04:01:00,3.2746,3.2746,3.2736,3.2741,3.2796,3.2796,3.2786,3.2791,3
2026-01-07 04:02:00,3.2736,3.2736,3.2716,3.2716,3.2786,3.2786,3.2766,3.2766,8
2026-01-07 04:03:00,3.2721,3.2721,3.2716,3.2716,3.2771,3.2771,3.2766,3.2766,2
2026-01-07 04:04:00,3.2726,3.2726,3.2636,3.2661,3.2776,3.2776,3.2686,3.2711,20
2026-01-07 04:05:00,3.2656,3.2656,3.2626,3.2656,3.2706,3.2706,3.2676,3.2706,10
2026-01-07 04:06:00,3.2651,3.2656,3.2626,3.2656,3.2701,3.2706,3.2676,3.2706,15
2026-01-07 04:07:00,3.2651,3.2656,3.2626,3.2651,3.2701,3.2706,3.2676,3.2701,11
2026-01-07 04:08:00,3.2656,3.2656,3.2641,3.2656,3.2706,3.2706,3.2691,3.2706,6
2026-01-07 04:09:00,3.2646,3.2656,3.2636,3.2646,3.2696,3.2706,3.2686,3.2696,7
2026-01-07 04:10:00,3.2651,3.2651,3.2646,3.2651,3.2701,3.2701,3.2696,3.2701,5
2026-01-07 04:11:00,3.2656,3.2656,3.2656,3.2656,3.2706,3.2706,3.2706,3.2706,1
2026-01-07 04:13:00,3.2646,3.2656,3.2646,3.2651,3.2696,3.2706,3.2696,3.2701,8
2026-01-07 04:14:00,3.2646,3.2696,3.2646,3.2691,3.2696,3.2746,3.2696,3.2741,13
2026-01-07 04:15:00,3.2696,3.2701,3.2696,3.2701,3.2746,3.2751,3.2746,3.2751,2
2026-01-07 04:16:00,3.2696,3.2696,3.2676,3.2691,3.2746,3.2746,3.2726,3.2741,6
2026-01-07 04:18:00,3.2686,3.2691,3.2686,3.2691,3.2736,3.2741,3.2736,3.2741,4
2026-01-07 04:19:00,3.2696,3.2696,3.2686,3.2686,3.2746,3.2746,3.2736,3.2736,2
2026-01-07 04:20:00,3.2716,3.2746,3.2716,3.2746,3.2766,3.2796,3.2766,3.2796,5
2026-01-07 04:21:00,3.2751,3.2756,3.2736,3.2756,3.2801,3.2806,3.2786,3.2806,5
2026-01-07 04:22:00,3.2761,3.2771,3.2746,3.2751,3.2811,3.2821,3.2796,3.2801,10
2026-01-07 04:23:00,3.2746,3.2766,3.2736,3.2746,3.2796,3.2816,3.2786,3.2796,8
2026-01-07 04:24:00,3.2761,3.2776,3.2756,3.2766,3.2811,3.2826,3.2806,3.2816,8
2026-01-07 04:25:00,3.2761,3.2761,3.2736,3.2751,3.2811,3.2811,3.2786,3.2801,5
2026-01-07 04:26:00,3.2746,3.2746,3.2731,3.2731,3.2796,3.2796,3.2781,3.2781,3
2026-01-07 04:27:00,3.2726,3.2736,3.2726,3.2726,3.2776,3.2786,3.2776,3.2776,3
2026-01-07 04:28:00,3.2721,3.2726,3.2716,3.2726,3.2771,3.2776,3.2766,3.2776,3
2026-01-07 04:29:00,3.2721,3.2721,3.2651,3.2651,3.2771,3.2771,3.2701,3.2701,11
2026-01-07 04:30:00,3.2646,3.2646,3.2536,3.2536,3.2696,3.2696,3.2586,3.2586,39
2026-01-07 04:31:00,3.2546,3.2626,3.2546,3.2586,3.2596,3.2676,3.2596,3.2636,46
2026-01-07 04:32:00,3.2591,3.2606,3.2566,3.2566,3.2641,3.2656,3.2616,3.2616,22
2026-01-07 04:33:00,3.2571,3.2586,3.2556,3.2581,3.2621,3.2636,3.2606,3.2631,18
2026-01-07 04:34:00,3.2576,3.2621,3.2576,3.2616,3.2626,3.2671,3.2626,3.2666,21
2026-01-07 04:35:00,3.2606,3.2621,3.2606,3.2606,3.2656,3.2671,3.2656,3.2656,13
2026-01-07 04:36:00,3.2601,3.2636,3.2601,3.2621,3.2651,3.2686,3.2651,3.2671,11
2026-01-07 04:37:00,3.2616,3.2651,3.2616,3.2646,3.2666,3.2701,3.2666,3.2696,13
2026-01-07 04:38:00,3.2656,3.2656,3.2626,3.2626,3.2706,3.2706,3.2676,3.2676,5
2026-01-07 04:39:00,3.2621,3.2621,3.2481,3.2491,3.2671,3.2671,3.2531,3.2541,33
2026-01-07 04:40:00,3.2486,3.2501,3.2476,3.2476,3.2536,3.2551,3.2526,3.2526,8
2026-01-07 04:41:00,3.2481,3.2481,3.2406,3.2406,3.2531,3.2531,3.2456,3.2456,27
2026-01-07 04:42:00,3.2411,3.2456,3.2391,3.2456,3.2461,3.2506,3.2441,3.2506,22
2026-01-07 04:43:00,3.2451,3.2461,3.2436,3.2456,3.2501,3.2511,3.2486,3.2506,10
2026-01-07 04:44:00,3.2436,3.2486,3.2426,3.2471,3.2486,3.2536,3.2476,3.2521,23
2026-01-07 04:45:00,3.2461,3.2466,3.2461,3.2466,3.2511,3.2516,3.2511,3.2516,2
2026-01-07 04:46:00,3.2461,3.2536,3.2461,3.2511,3.2511,3.2586,3.2511,3.2561,15
2026-01-07 04:47:00,3.2501,3.2501,3.2456,3.2461,3.2551,3.2551,3.2506,3.2511,19
2026-01-07 04:48:00,3.2456,3.2456,3.2416,3.2426,3.2506,3.2506,3.2466,3.2476,14
2026-01-07 04:49:00,3.2431,3.2451,3.2416,3.2431,3.2481,3.2501,3.2466,3.2481,16
2026-01-07 04:50:00,3.2426,3.2471,3.2411,3.2456,3.2476,3.2521,3.2461,3.2506,23
2026-01-07 04:51:00,3.2466,3.2471,3.2431,3.2431,3.2516,3.2521,3.2481,3.2481,18
2026-01-07 04:52:00,3.2436,3.2461,3.2436,3.2436,3.2486,3.2511,3.2486,3.2486,8
2026-01-07 04:53:00,3.2441,3.2471,3.2436,3.2466,3.2491,3.2521,3.2486,3.2516,8
2026-01-07 04:54:00,3.2471,3.2471,3.2466,3.2466,3.2521,3.2521,3.2516,3.2516,4
2026-01-07 04:55:00,3.2461,3.2471,3.2456,3.2471,3.2511,3.2521,3.2506,3.2521,6
2026-01-07 04:56:00,3.2466,3.2471,3.2466,3.2471,3.2516,3.2521,3.2516,3.2521,4
2026-01-07 04:57:00,3.2476,3.2476,3.2476,3.2476,3.2526,3.2526,3.2526,3.2526,1
2026-01-07 04:59:00,3.2471,3.2471,3.2471,3.2471,3.2521,3.2521,3.2521,3.2521,1
2026-01-07 05:00:00,3.2466,3.2466,3.2396,3.2431,3.2516,3.2516,3.2446,3.2481,39
2026-01-07 05:01:00,3.2441,3.2466,3.2441,3.2456,3.2491,3.2516,3.2491,3.2506,12
2026-01-07 05:02:00,3.2461,3.2471,3.2446,3.2456,3.2511,3.2521,3.2496,3.2506,10
2026-01-07 05:03:00,3.2461,3.2461,3.2431,3.2441,3.2511,3.2511,3.2481,3.2491,9
2026-01-07 05:04:00,3.2451,3.2451,3.2446,3.2446,3.2501,3.2501,3.2496,3.2496,8
2026-01-07 05:05:00,3.2441,3.2466,3.2441,3.2441,3.2491,3.2516,3.2491,3.2491,11
2026-01-07 05:06:00,3.2451,3.2451,3.2446,3.2446,3.2501,3.2501,3.2496,3.2496,2
2026-01-07 05:07:00,3.2461,3.2461,3.2461,3.2461,3.2511,3.2511,3.2511,3.2511,1
2026-01-07 05:08:00,3.2466,3.2486,3.2466,3.2486,3.2516,3.2536,3.2516,3.2536,5
2026-01-07 05:09:00,3.2491,3.2496,3.2471,3.2476,3.2541,3.2546,3.2521,3.2526,11
2026-01-07 05:10:00,3.2471,3.2481,3.2451,3.2466,3.2521,3.2531,3.2501,3.2516,9
2026-01-07 05:11:00,3.2471,3.2471,3.2446,3.2461,3.2521,3.2521,3.2496,3.2511,11
2026-01-07 05:12:00,3.2456,3.2456,3.2456,3.2456,3.2506,3.2506,3.2506,3.2506,1
2026-01-07 05:13:00,3.2461,3.2461,3.2451,3.2451,3.2511,3.2511,3.2501,3.2501,2
2026-01-07 05:14:00,3.2456,3.2476,3.2451,3.2471,3.2506,3.2526,3.2501,3.2521,6
2026-01-07 05:17:00,3.2481,3.2481,3.2481,3.2481,3.2531,3.2531,3.2531,3.2531,1
2026-01-07 05:18:00,3.2476,3.2486,3.2476,3.2486,3.2526,3.2536,3.2526,3.2536,3
2026-01-07 05:19:00,3.2481,3.2501,3.2476,3.2501,3.2531,3.2551,3.2526,3.2551,8
2026-01-07 05:20:00,3.2496,3.2506,3.2496,3.2506,3.2546,3.2556,3.2546,3.2556,2
2026-01-07 05:21:00,3.2501,3.2541,3.2501,3.2536,3.2551,3.2591,3.2551,3.2586,8
2026-01-07 05:22:00,3.2541,3.2546,3.2536,3.2546,3.2591,3.2596,3.2586,3.2596,3
2026-01-07 05:23:00,3.2551,3.2576,3.2546,3.2566,3.2601,3.2626,3.2596,3.2616,10
2026-01-07 05:24:00,3.2571,3.2576,3.2536,3.2541,3.2621,3.2626,3.2586,3.2591,17
2026-01-07 05:25:00,3.2546,3.2561,3.2546,3.2561,3.2596,3.2611,3.2596,3.2611,5
2026-01-07 05:26:00,3.2566,3.2576,3.2566,3.2566,3.2616,3.2626,3.2616,3.2616,4
2026-01-07 05:27:00,3.2561,3.2561,3.2521,3.2521,3.2611,3.2611,3.2571,3.2571,7
2026-01-07 05:28:00,3.2531,3.2531,3.2516,3.2516,3.2581,3.2581,3.2566,3.2566,6
2026-01-07 05:29:00,3.2531,3.2531,3.2531,3.2531,3.2581,3.2581,3.2581,3.2581,1
2026-01-07 05:30:00,3.2536,3.2536,3.2536,3.2536,3.2586,3.2586,3.2586,3.2586,1
2026-01-07 05:31:00,3.2526,3.2526,3.2496,3.2496,3.2576,3.2576,3.2546,3.2546,10
2026-01-07 05:32:00,3.2501,3.2516,3.2501,3.2511,3.2551,3.2566,3.2551,3.2561,4
2026-01-07 05:33:00,3.2521,3.2521,3.2521,3.2521,3.2571,3.2571,3.2571,3.2571,1
2026-01-07 05:34:00,3.2531,3.2531,3.2531,3.2531,3.2581,3.2581,3.2581,3.2581,1
2026-01-07 05:35:00,3.2536,3.2541,3.2536,3.2541,3.2586,3.2591,3.2586,3.2591,2
2026-01-07 05:36:00,3.2536,3.2566,3.2536,3.2561,3.2586,3.2616,3.2586,3.2611,11
2026-01-07 05:37:00,3.2571,3.2616,3.2571,3.2616,3.2621,3.2666,3.2621,3.2666,5
2026-01-07 05:38:00,3.2621,3.2636,3.2611,3.2616,3.2671,3.2686,3.2661,3.2666,10
2026-01-07 05:39:00,3.2611,3.2616,3.2606,3.2616,3.2661,3.2666,3.2656,3.2666,4
2026-01-07 05:40:00,3.2606,3.2611,3.2591,3.2596,3.2656,3.2661,3.2641,3.2646,6
2026-01-07 05:41:00,3.2601,3.2601,3.2596,3.2596,3.2651,3.2651,3.2646,3.2646,2
2026-01-07 05:42:00,3.2601,3.2601,3.2556,3.2556,3.2651,3.2651,3.2606,3.2606,7
2026-01-07 05:44:00,3.2561,3.2561,3.2556,3.2561,3.2611,3.2611,3.2606,3.2611,3
2026-01-07 05:45:00,3.2566,3.2576,3.2566,3.2576,3.2616,3.2626,3.2616,3.2626,2
2026-01-07 05:46:00,3.2581,3.2581,3.2581,3.2581,3.2631,3.2631,3.2631,3.2631,1
2026-01-07 05:47:00,3.2576,3.2591,3.2576,3.2591,3.2626,3.2641,3.2626,3.2641,2
2026-01-07 05:49:00,3.2576,3.2576,3.2546,3.2561,3.2626,3.2626,3.2596,3.2611,5
2026-01-07 05:50:00,3.2571,3.2581,3.2571,3.2581,3.2621,3.2631,3.2621,3.2631,3
2026-01-07 05:51:00,3.2586,3.2586,3.2581,3.2581,3.2636,3.2636,3.2631,3.2631,2
2026-01-07 05:53:00,3.2566,3.2571,3.2556,3.2571,3.2616,3.2621,3.2606,3.2621,5
2026-01-07 05:54:00,3.2576,3.2591,3.2576,3.2591,3.2626,3.2641,3.2626,3.2641,3
2026-01-07 05:55:00,3.2586,3.2591,3.2586,3.2591,3.2636,3.2641,3.2636,3.2641,4
2026-01-07 05:56:00,3.2586,3.2586,3.2586,3.2586,3.2636,3.2636,3.2636,3.2636,1
2026-01-07 05:57:00,3.2591,3.2591,3.2591,3.2591,3.2641,3.2641,3.2641,3.2641,1
2026-01-07 05:59:00,3.2586,3.2601,3.2586,3.2586,3.2636,3.2651,3.2636,3.2636,12
2026-01-07 06:00:00,3.2591,3.2606,3.2586,3.2586,3.2641,3.2656,3.2636,3.2636,7
2026-01-07 06:01:00,3.2581,3.2581,3.2566,3.2566,3.2631,3.2631,3.2616,3.2616,3
2026-01-07 06:02:00,3.2571,3.2571,3.2561,3.2571,3.2621,3.2621,3.2611,3.2621,4
2026-01-07 06:03:00,3.2566,3.2566,3.2566,3.2566,3.2616,3.2616,3.2616,3.2616,1
2026-01-07 06:04:00,3.2556,3.2561,3.2536,3.2536,3.2606,3.2611,3.2586,3.2586,6
2026-01-07 06:05:00,3.2541,3.2546,3.2506,3.2511,3.2591,3.2596,3.2556,3.2561,23
2026-01-07 06:06:00,3.2506,3.2511,3.2506,3.2511,3.2556,3.2561,3.2556,3.2561,2
2026-01-07 06:07:00,3.2516,3.2516,3.2496,3.2496,3.2566,3.2566,3.2546,3.2546,12
2026-01-07 06:08:00,3.2486,3.2491,3.2486,3.2486,3.2536,3.2541,3.2536,3.2536,3
2026-01-07 06:09:00,3.2496,3.2511,3.2496,3.2511,3.2546,3.2561,3.2546,3.2561,6
2026-01-07 06:10:00,3.2506,3.2506,3.2446,3.2456,3.2556,3.2556,3.2496,3.2506,20
2026-01-07 06:11:00,3.2476,3.2476,3.2411,3.2416,3.2526,3.2526,3.2461,3.2466,13
2026-01-07 06:12:00,3.2421,3.2441,3.2421,3.2441,3.2471,3.2491,3.2471,3.2491,4
2026-01-07 06:13:00,3.2456,3.2486,3.2456,3.2466,3.2506,3.2536,3.2506,3.2516,9
2026-01-07 06:14:00,3.2476,3.2496,3.2476,3.2491,3.2526,3.2546,3.2526,3.2541,6
2026-01-07 06:15:00,3.2496,3.2496,3.2486,3.2486,3.2546,3.2546,3.2536,3.2536,2
2026-01-07 06:16:00,3.2491,3.2521,3.2486,3.2521,3.2541,3.2571,3.2536,3.2571,6
2026-01-07 06:17:00,3.2536,3.2546,3.2531,3.2531,3.2586,3.2596,3.2581,3.2581,3
2026-01-07 06:18:00,3.2546,3.2546,3.2531,3.2531,3.2596,3.2596,3.2581,3.2581,4
2026-01-07 06:19:00,3.2541,3.2551,3.2531,3.2551,3.2591,3.2601,3.2581,3.2601,5
2026-01-07 06:20:00,3.2566,3.2566,3.2506,3.2511,3.2616,3.2616,3.2556,3.2561,11
2026-01-07 06:21:00,3.2526,3.2546,3.2526,3.2536,3.2576,3.2596,3.2576,3.2586,7
2026-01-07 06:22:00,3.2516,3.2536,3.2506,3.2516,3.2566,3.2586,3.2556,3.2566,13
2026-01-07 06:23:00,3.2506,3.2511,3.2491,3.2506,3.2556,3.2561,3.2541,3.2556,6
2026-01-07 06:24:00,3.2511,3.2521,3.2511,3.2521,3.2561,3.2571,3.2561,3.2571,4
2026-01-07 06:25:00,3.2511,3.2521,3.2496,3.2521,3.2561,3.2571,3.2546,3.2571,6
2026-01-07 06:26:00,3.2516,3.2516,3.2516,3.2516,3.2566,3.2566,3.2566,3.2566,1
2026-01-07 06:27:00,3.2511,3.2541,3.2511,3.2541,3.2561,3.2591,3.2561,3.2591,3
2026-01-07 06:28:00,3.2546,3.2626,3.2546,3.2581,3.2596,3.2676,3.2596,3.2631,15
2026-01-07 06:29:00,3.2606,3.2626,3.2601,3.2611,3.2656,3.2676,3.2651,3.2661,9
2026-01-07 06:30:00,3.2616,3.2621,3.2616,3.2616,3.2666,3.2671,3.2666,3.2666,3
2026-01-07 06:31:00,3.2621,3.2716,3.2621,3.2691,3.2671,3.2766,3.2671,3.2741,17
2026-01-07 06:32:00,3.2681,3.2681,3.2666,3.2676,3.2731,3.2731,3.2716,3.2726,7
2026-01-07 06:33:00,3.2681,3.2716,3.2681,3.2701,3.2731,3.2766,3.2731,3.2751,13
2026-01-07 06:34:00,3.2696,3.2876,3.2691,3.2821,3.2746,3.2926,3.2741,3.2871,50
2026-01-07 06:35:00,3.2836,3.2956,3.2836,3.2936,3.2886,3.3006,3.2886,3.2986,33
2026-01-07 06:36:00,3.2931,3.3026,3.2916,3.2976,3.2981,3.3076,3.2966,3.3026,39
2026-01-07 06:37:00,3.2961,3.3001,3.2961,3.2986,3.3011,3.3051,3.3011,3.3036,25
2026-01-07 06:38:00,3.2981,3.3006,3.2946,3.2991,3.3031,3.3056,3.2996,3.3041,20
2026-01-07 06:39:00,3.2986,3.3051,3.2961,3.3051,3.3036,3.3101,3.3011,3.3101,18
2026-01-07 06:40:00,3.3056,3.3056,3.3036,3.3046,3.3106,3.3106,3.3086,3.3096,9
2026-01-07 06:41:00,3.3036,3.3056,3.3026,3.3046,3.3086,3.3106,3.3076,3.3096,14
2026-01-07 06:42:00,3.3036,3.3036,3.2946,3.2996,3.3086,3.3086,3.2996,3.3046,20
2026-01-07 06:43:00,3.2991,3.2991,3.2951,3.2951,3.3041,3.3041,3.3001,3.3001,9
2026-01-07 06:44:00,3.2946,3.2961,3.2941,3.2946,3.2996,3.3011,3.2991,3.2996,8
2026-01-07 06:45:00,3.2941,3.2941,3.2856,3.2866,3.2991,3.2991,3.2906,3.2916,13
2026-01-07 06:46:00,3.2876,3.2906,3.2876,3.2906,3.2926,3.2956,3.2926,3.2956,5
2026-01-07 06:47:00,3.2916,3.2966,3.2916,3.2961,3.2966,3.3016,3.2966,3.3011,18
2026-01-07 06:48:00,3.2966,3.3066,3.2966,3.3066,3.3016,3.3116,3.3016,3.3116,19
2026-01-07 06:49:00,3.3056,3.3066,3.3041,3.3056,3.3106,3.3116,3.3091,3.3106,5
2026-01-07 06:50:00,3.3046,3.3046,3.3031,3.3046,3.3096,3.3096,3.3081,3.3096,8
2026-01-07 06:51:00,3.3036,3.3036,3.3011,3.3016,3.3086,3.3086,3.3061,3.3066,6
2026-01-07 06:52:00,3.3021,3.3051,3.2961,3.2966,3.3071,3.3101,3.3011,3.3016,13
2026-01-07 06:53:00,3.2956,3.2966,3.2921,3.2946,3.3006,3.3016,3.2971,3.2996,13
2026-01-07 06:54:00,3.2941,3.3046,3.2926,3.3031,3.2991,3.3096,3.2976,3.3081,36
2026-01-07 06:55:00,3.3021,3.3026,3.3016,3.3016,3.3071,3.3076,3.3066,3.3066,4
2026-01-07 06:56:00,3.3011,3.3126,3.3011,3.3096,3.3061,3.3176,3.3061,3.3146,26
2026-01-07 06:57:00,3.3101,3.3116,3.3036,3.3066,3.3151,3.3166,3.3086,3.3116,25
2026-01-07 06:58:00,3.3071,3.3096,3.3056,3.3081,3.3121,3.3146,3.3106,3.3131,23
2026-01-07 06:59:00,3.3076,3.3076,3.3011,3.3031,3.3126,3.3126,3.3061,3.3081,25
2026-01-07 07:00:00,3.3036,3.3056,3.3036,3.3056,3.3086,3.3106,3.3086,3.3106,11
2026-01-07 07:01:00,3.3051,3.3101,3.3041,3.3091,3.3101,3.3151,3.3091,3.3141,16
2026-01-07 07:02:00,3.3086,3.3086,3.3006,3.3026,3.3136,3.3136,3.3056,3.3076,15
2026-01-07 07:03:00,3.3021,3.3031,3.2966,3.2986,3.3071,3.3081,3.3016,3.3036,18
2026-01-07 07:04:00,3.2981,3.3001,3.2981,3.2996,3.3031,3.3051,3.3031,3.3046,12
2026-01-07 07:05:00,3.3006,3.3031,3.2976,3.3026,3.3056,3.3081,3.3026,3.3076,26
2026-01-07 07:06:00,3.3041,3.3056,3.3011,3.3021,3.3091,3.3106,3.3061,3.3071,16
2026-01-07 07:07:00,3.3016,3.3016,3.2996,3.3016,3.3066,3.3066,3.3046,3.3066,5
2026-01-07 07:08:00,3.3021,3.3096,3.3021,3.3051,3.3071,3.3146,3.3071,3.3101,41
2026-01-07 07:09:00,3.3056,3.3081,3.3051,3.3051,3.3106,3.3131,3.3101,3.3101,15
2026-01-07 07:10:00,3.3056,3.3066,3.3031,3.3046,3.3106,3.3116,3.3081,3.3096,12
2026-01-07 07:11:00,3.3041,3.3056,3.3001,3.3046,3.3091,3.3106,3.3051,3.3096,19
2026-01-07 07:12:00,3.3041,3.3086,3.3031,3.3056,3.3091,3.3136,3.3081,3.3106,23
2026-01-07 07:13:00,3.3051,3.3066,3.3036,3.3041,3.3101,3.3116,3.3086,3.3091,9
2026-01-07 07:14:00,3.3036,3.3041,3.3016,3.3041,3.3086,3.3091,3.3066,3.3091,8
2026-01-07 07:15:00,3.3036,3.3046,3.3021,3.3046,3.3086,3.3096,3.3071,3.3096,5
2026-01-07 07:16:00,3.3051,3.3051,3.3051,3.3051,3.3101,3.3101,3.3101,3.3101,1
2026-01-07 07:17:00,3.3046,3.3046,3.3001,3.3001,3.3096,3.3096,3.3051,3.3051,12
2026-01-07 07:18:00,3.2986,3.2986,3.2836,3.2856,3.3036,3.3036,3.2886,3.2906,26
2026-01-07 07:19:00,3.2866,3.2866,3.2791,3.2836,3.2916,3.2916,3.2841,3.2886,24
2026-01-07 07:20:00,3.2856,3.2856,3.2816,3.2836,3.2906,3.2906,3.2866,3.2886,13
2026-01-07 07:21:00,3.2831,3.2976,3.2831,3.2976,3.2881,3.3026,3.2881,3.3026,40
2026-01-07 07:22:00,3.2971,3.2971,3.2881,3.2956,3.3021,3.3021,3.2931,3.3006,19
2026-01-07 07:23:00,3.2946,3.2956,3.2906,3.2916,3.2996,3.3006,3.2956,3.2966,20
2026-01-07 07:24:00,3.2911,3.2931,3.2896,3.2931,3.2961,3.2981,3.2946,3.2981,11
2026-01-07 07:25:00,3.2936,3.2996,3.2936,3.2981,3.2986,3.3046,3.2986,3.3031,17
2026-01-07 07:26:00,3.2976,3.3001,3.2976,3.2996,3.3026,3.3051,3.3026,3.3046,7
2026-01-07 07:27:00,3.3001,3.3006,3.2966,3.2981,3.3051,3.3056,3.3016,3.3031,12
2026-01-07 07:28:00,3.2991,3.3001,3.2966,3.2966,3.3041,3.3051,3.3016,3.3016,9
2026-01-07 07:29:00,3.2961,3.2961,3.2946,3.2951,3.3011,3.3011,3.2996,3.3001,6
2026-01-07 07:30:00,3.2961,3.3046,3.2961,3.3031,3.3011,3.3096,3.3011,3.3081,16
2026-01-07 07:31:00,3.3036,3.3061,3.3036,3.3051,3.3086,3.3111,3.3086,3.3101,11
2026-01-07 07:32:00,3.3056,3.3071,3.3036,3.3046,3.3106,3.3121,3.3086,3.3096,17
2026-01-07 07:33:00,3.3041,3.3046,3.3021,3.3036,3.3091,3.3096,3.3071,3.3086,14
2026-01-07 07:34:00,3.3026,3.3046,3.3021,3.3021,3.3076,3.3096,3.3071,3.3071,19
2026-01-07 07:35:00,3.3031,3.3051,3.3031,3.3051,3.3081,3.3101,3.3081,3.3101,4
2026-01-07 07:36:00,3.3046,3.3046,3.3046,3.3046,3.3096,3.3096,3.3096,3.3096,1
2026-01-07 07:37:00,3.3036,3.3036,3.3031,3.3031,3.3086,3.3086,3.3081,3.3081,4
2026-01-07 07:38:00,3.3026,3.3026,3.3006,3.3011,3.3076,3.3076,3.3056,3.3061,7
2026-01-07 07:39:00,3.3016,3.3021,3.3016,3.3016,3.3066,3.3071,3.3066,3.3066,3
2026-01-07 07:40:00,3.3011,3.3046,3.3011,3.3046,3.3061,3.3096,3.3061,3.3096,4
2026-01-07 07:41:00,3.3041,3.3121,3.3041,3.3121,3.3091,3.3171,3.3091,3.3171,8
2026-01-07 07:42:00,3.3116,3.3121,3.2976,3.3011,3.3166,3.3171,3.3026,3.3061,31
2026-01-07 07:43:00,3.3006,3.3011,3.3006,3.3011,3.3056,3.3061,3.3056,3.3061,2
2026-01-07 07:44:00,3.2996,3.3006,3.2976,3.2986,3.3046,3.3056,3.3026,3.3036,6
2026-01-07 07:45:00,3.2976,3.2976,3.2936,3.2956,3.3026,3.3026,3.2986,3.3006,11
2026-01-07 07:46:00,3.2961,3.2976,3.2936,3.2966,3.3011,3.3026,3.2986,3.3016,14
2026-01-07 07:47:00,3.2971,3.3016,3.2971,3.3016,3.3021,3.3066,3.3021,3.3066,13
2026-01-07 07:48:00,3.3006,3.3006,3.2996,3.2996,3.3056,3.3056,3.3046,3.3046,2
2026-01-07 07:49:00,3.3001,3.3021,3.2936,3.2951,3.3051,3.3071,3.2986,3.3001,19
2026-01-07 07:50:00,3.2966,3.2971,3.2956,3.2971,3.3016,3.3021,3.3006,3.3021,8
2026-01-07 07:51:00,3.2981,3.3001,3.2981,3.3001,3.3031,3.3051,3.3031,3.3051,4
2026-01-07 07:52:00,3.2991,3.2996,3.2976,3.2991,3.3041,3.3046,3.3026,3.3041,8
2026-01-07 07:53:00,3.2996,3.3001,3.2991,3.2991,3.3046,3.3051,3.3041,3.3041,3
2026-01-07 07:54:00,3.2986,3.3006,3.2966,3.2971,3.3036,3.3056,3.3016,3.3021,8
2026-01-07 07:57:00,3.2966,3.2971,3.2951,3.2971,3.3016,3.3021,3.3001,3.3021,10
2026-01-07 07:58:00,3.2976,3.2986,3.2976,3.2986,3.3026,3.3036,3.3026,3.3036,3
2026-01-07 07:59:00,3.2991,3.2996,3.2981,3.2981,3.3041,3.3046,3.3031,3.3031,7
2026-01-07 08:00:00,3.2976,3.3011,3.2971,3.3011,3.3026,3.3061,3.3021,3.3061,11
2026-01-07 08:01:00,3.3016,3.3021,3.2986,3.3006,3.3066,3.3071,3.3036,3.3056,6
2026-01-07 08:02:00,3.3011,3.3011,3.3006,3.3011,3.3061,3.3061,3.3056,3.3061,3
2026-01-07 08:03:00,3.3001,3.3001,3.2991,3.2996,3.3051,3.3051,3.3041,3.3046,8
2026-01-07 08:04:00,3.3001,3.3016,3.2996,3.3016,3.3051,3.3066,3.3046,3.3066,6
2026-01-07 08:05:00,3.3021,3.3086,3.3021,3.3046,3.3071,3.3136,3.3071,3.3096,24
2026-01-07 08:06:00,3.3041,3.3046,3.3011,3.3021,3.3091,3.3096,3.3061,3.3071,7
2026-01-07 08:07:00,3.3026,3.3036,3.3026,3.3026,3.3076,3.3086,3.3076,3.3076,3
2026-01-07 08:08:00,3.3036,3.3046,3.3026,3.3036,3.3086,3.3096,3.3076,3.3086,7
2026-01-07 08:09:00,3.3026,3.3026,3.3006,3.3016,3.3076,3.3076,3.3056,3.3066,7
2026-01-07 08:10:00,3.3021,3.3031,3.3021,3.3021,3.3071,3.3081,3.3071,3.3071,9
2026-01-07 08:11:00,3.3026,3.3026,3.2991,3.2991,3.3076,3.3076,3.3041,3.3041,6
2026-01-07 08:12:00,3.2996,3.2996,3.2986,3.2996,3.3046,3.3046,3.3036,3.3046,5
2026-01-07 08:13:00,3.3001,3.3001,3.2966,3.2966,3.3051,3.3051,3.3016,3.3016,8
2026-01-07 08:14:00,3.2976,3.2986,3.2946,3.2986,3.3026,3.3036,3.2996,3.3036,12
2026-01-07 08:15:00,3.2991,3.2991,3.2951,3.2966,3.3041,3.3041,3.3001,3.3016,9
2026-01-07 08:16:00,3.2971,3.2971,3.2936,3.2936,3.3021,3.3021,3.2986,3.2986,10
2026-01-07 08:17:00,3.2946,3.2956,3.2946,3.2946,3.2996,3.3006,3.2996,3.2996,3
2026-01-07 08:18:00,3.2951,3.2966,3.2941,3.2941,3.3001,3.3016,3.2991,3.2991,9
2026-01-07 08:19:00,3.2936,3.2936,3.2866,3.2921,3.2986,3.2986,3.2916,3.2971,26
2026-01-07 08:20:00,3.2926,3.2926,3.2921,3.2921,3.2976,3.2976,3.2971,3.2971,6
2026-01-07 08:21:00,3.2916,3.2926,3.2891,3.2891,3.2966,3.2976,3.2941,3.2941,7
2026-01-07 08:22:00,3.2901,3.2946,3.2896,3.2916,3.2951,3.2996,3.2946,3.2966,15
2026-01-07 08:23:00,3.2921,3.2926,3.2901,3.2926,3.2971,3.2976,3.2951,3.2976,8
2026-01-07 08:24:00,3.2921,3.2936,3.2916,3.2936,3.2971,3.2986,3.2966,3.2986,10
2026-01-07 08:25:00,3.2926,3.2931,3.2906,3.2911,3.2976,3.2981,3.2956,3.2961,6
2026-01-07 08:26:00,3.2906,3.2916,3.2896,3.2916,3.2956,3.2966,3.2946,3.2966,4
2026-01-07 08:27:00,3.2906,3.2911,3.2891,3.2891,3.2956,3.2961,3.2941,3.2941,5
2026-01-07 08:28:00,3.2886,3.2911,3.2866,3.2911,3.2936,3.2961,3.2916,3.2961,12
2026-01-07 08:29:00,3.2906,3.2906,3.2896,3.2906,3.2956,3.2956,3.2946,3.2956,8
2026-01-07 08:30:00,3.2901,3.2946,3.2876,3.2946,3.2951,3.2996,3.2926,3.2996,16
2026-01-07 08:31:00,3.2951,3.2976,3.2951,3.2966,3.3001,3.3026,3.3001,3.3016,13
2026-01-07 08:32:00,3.2956,3.2956,3.2906,3.2906,3.3006,3.3006,3.2956,3.2956,13
2026-01-07 08:33:00,3.2911,3.2926,3.2906,3.2921,3.2961,3.2976,3.2956,3.2971,9
2026-01-07 08:34:00,3.2926,3.2931,3.2911,3.2911,3.2976,3.2981,3.2961,3.2961,5
2026-01-07 08:35:00,3.2916,3.2916,3.2906,3.2906,3.2966,3.2966,3.2956,3.2956,6
2026-01-07 08:36:00,3.2916,3.2936,3.2916,3.2931,3.2966,3.2986,3.2966,3.2981,6
2026-01-07 08:37:00,3.2936,3.2946,3.2926,3.2931,3.2986,3.2996,3.2976,3.2981,5
2026-01-07 08:38:00,3.2936,3.2981,3.2936,3.2961,3.2986,3.3031,3.2986,3.3011,11
2026-01-07 08:39:00,3.2956,3.2956,3.2931,3.2931,3.3006,3.3006,3.2981,3.2981,6
2026-01-07 08:40:00,3.2926,3.2926,3.2886,3.2891,3.2976,3.2976,3.2936,3.2941,13
2026-01-07 08:41:00,3.2886,3.2896,3.2861,3.2861,3.2936,3.2946,3.2911,3.2911,9
2026-01-07 08:42:00,3.2866,3.2866,3.2861,3.2866,3.2916,3.2916,3.2911,3.2916,3
2026-01-07 08:43:00,3.2871,3.2881,3.2856,3.2876,3.2921,3.2931,3.2906,3.2926,8
2026-01-07 08:44:00,3.2886,3.2966,3.2886,3.2956,3.2936,3.3016,3.2936,3.3006,36
2026-01-07 08:45:00,3.2941,3.2956,3.2936,3.2951,3.2991,3.3006,3.2986,3.3001,10
2026-01-07 08:46:00,3.2946,3.2956,3.2926,3.2931,3.2996,3.3006,3.2976,3.2981,9
2026-01-07 08:47:00,3.2936,3.2936,3.2936,3.2936,3.2986,3.2986,3.2986,3.2986,1
2026-01-07 08:48:00,3.2946,3.2951,3.2926,3.2946,3.2996,3.3001,3.2976,3.2996,9
2026-01-07 08:49:00,3.2951,3.2986,3.2946,3.2981,3.3001,3.3036,3.2996,3.3031,17
2026-01-07 08:50:00,3.2966,3.2971,3.2951,3.2951,3.3016,3.3021,3.3001,3.3001,5
2026-01-07 08:51:00,3.2956,3.2956,3.2946,3.2956,3.3006,3.3006,3.2996,3.3006,4
2026-01-07 08:52:00,3.2961,3.3016,3.2956,3.2991,3.3011,3.3066,3.3006,3.3041,16
2026-01-07 08:54:00,3.2996,3.2996,3.2991,3.2991,3.3046,3.3046,3.3041,3.3041,2
2026-01-07 08:55:00,3.2986,3.2986,3.2961,3.2966,3.3036,3.3036,3.3011,3.3016,6
2026-01-07 08:56:00,3.2951,3.2956,3.2896,3.2926,3.3001,3.3006,3.2946,3.2976,22
2026-01-07 08:57:00,3.2916,3.2916,3.2861,3.2871,3.2966,3.2966,3.2911,3.2921,11
2026-01-07 08:58:00,3.2876,3.2876,3.2851,3.2851,3.2926,3.2926,3.2901,3.2901,6
2026-01-07 08:59:00,3.2856,3.2886,3.2846,3.2886,3.2906,3.2936,3.2896,3.2936,16
2026-01-07 09:00:00,3.2881,3.2886,3.2826,3.2876,3.2931,3.2936,3.2876,3.2926,35
2026-01-07 09:01:00,3.2886,3.2886,3.2846,3.2856,3.2936,3.2936,3.2896,3.2906,13
2026-01-07 09:02:00,3.2861,3.2906,3.2836,3.2906,3.2911,3.2956,3.2886,3.2956,13
2026-01-07 09:03:00,3.2896,3.2901,3.2886,3.2901,3.2946,3.2951,3.2936,3.2951,6
2026-01-07 09:04:00,3.2906,3.2916,3.2886,3.2916,3.2956,3.2966,3.2936,3.2966,7
2026-01-07 09:05:00,3.2911,3.2916,3.2891,3.2916,3.2961,3.2966,3.2941,3.2966,14
2026-01-07 09:06:00,3.2926,3.2936,3.2916,3.2916,3.2976,3.2986,3.2966,3.2966,11
2026-01-07 09:07:00,3.2926,3.2936,3.2906,3.2916,3.2976,3.2986,3.2956,3.2966,11
2026-01-07 09:08:00,3.2921,3.2956,3.2921,3.2936,3.2971,3.3006,3.2971,3.2986,13
2026-01-07 09:09:00,3.2941,3.2946,3.2936,3.2936,3.2991,3.2996,3.2986,3.2986,6
2026-01-07 09:10:00,3.2941,3.2986,3.2941,3.2966,3.2991,3.3036,3.2991,3.3016,18
2026-01-07 09:11:00,3.2961,3.2961,3.2916,3.2936,3.3011,3.3011,3.2966,3.2986,12
2026-01-07 09:12:00,3.2931,3.2946,3.2916,3.2916,3.2981,3.2996,3.2966,3.2966,13
2026-01-07 09:13:00,3.2921,3.2926,3.2881,3.2886,3.2971,3.2976,3.2931,3.2936,16
2026-01-07 09:14:00,3.2891,3.2916,3.2891,3.2916,3.2941,3.2966,3.2941,3.2966,8
2026-01-07 09:15:00,3.2921,3.2926,3.2891,3.2916,3.2971,3.2976,3.2941,3.2966,13
2026-01-07 09:16:00,3.2911,3.2921,3.2911,3.2921,3.2961,3.2971,3.2961,3.2971,7
2026-01-07 09:17:00,3.2916,3.2991,3.2916,3.2981,3.2966,3.3041,3.2966,3.3031,23
2026-01-07 09:18:00,3.2991,3.3001,3.2976,3.2986,3.3041,3.3051,3.3026,3.3036,11
2026-01-07 09:19:00,3.2981,3.2996,3.2976,3.2996,3.3031,3.3046,3.3026,3.3046,7
2026-01-07 09:20:00,3.3001,3.3016,3.2996,3.2996,3.3051,3.3066,3.3046,3.3046,11
2026-01-07 09:21:00,3.2986,3.2991,3.2971,3.2991,3.3036,3.3041,3.3021,3.3041,18
2026-01-07 09:22:00,3.2986,3.2996,3.2986,3.2991,3.3036,3.3046,3.3036,3.3041,4
2026-01-07 09:23:00,3.2986,3.2996,3.2976,3.2996,3.3036,3.3046,3.3026,3.3046,12
2026-01-07 09:24:00,3.3001,3.3001,3.2986,3.2986,3.3051,3.3051,3.3036,3.3036,3
2026-01-07 09:25:00,3.2996,3.2996,3.2991,3.2991,3.3046,3.3046,3.3041,3.3041,2
2026-01-07 09:26:00,3.2976,3.2976,3.2916,3.2951,3.3026,3.3026,3.2966,3.3001,13
2026-01-07 09:27:00,3.2961,3.2976,3.2961,3.2971,3.3011,3.3026,3.3011,3.3021,4
2026-01-07 09:28:00,3.2976,3.2991,3.2976,3.2991,3.3026,3.3041,3.3026,3.3041,13
2026-01-07 09:29:00,3.2976,3.2981,3.2976,3.2981,3.3026,3.3031,3.3026,3.3031,2
2026-01-07 09:30:00,3.2976,3.3026,3.2966,3.3026,3.3026,3.3076,3.3016,3.3076,14
2026-01-07 09:31:00,3.3021,3.3021,3.2996,3.3016,3.3071,3.3071,3.3046,3.3066,12
2026-01-07 09:32:00,3.3021,3.3046,3.3006,3.3016,3.3071,3.3096,3.3056,3.3066,15
2026-01-07 09:33:00,3.3011,3.3011,3.2976,3.2986,3.3061,3.3061,3.3026,3.3036,17
2026-01-07 09:34:00,3.2996,3.2996,3.2986,3.2996,3.3046,3.3046,3.3036,3.3046,6
2026-01-07 09:35:00,3.2986,3.3006,3.2986,3.3006,3.3036,3.3056,3.3036,3.3056,3
2026-01-07 09:36:00,3.3011,3.3011,3.3011,3.3011,3.3061,3.3061,3.3061,3.3061,1
2026-01-07 09:37:00,3.3006,3.3016,3.3006,3.3006,3.3056,3.3066,3.3056,3.3056,5
2026-01-07 09:38:00,3.3001,3.3011,3.2966,3.2976,3.3051,3.3061,3.3016,3.3026,10
2026-01-07 09:39:00,3.2981,3.2986,3.2936,3.2981,3.3031,3.3036,3.2986,3.3031,16
2026-01-07 09:40:00,3.2986,3.2986,3.2986,3.2986,3.3036,3.3036,3.3036,3.3036,1
2026-01-07 09:41:00,3.3016,3.3026,3.2971,3.2976,3.3066,3.3076,3.3021,3.3026,14
2026-01-07 09:42:00,3.2981,3.2981,3.2956,3.2956,3.3031,3.3031,3.3006,3.3006,3
2026-01-07 09:43:00,3.2951,3.2956,3.2951,3.2951,3.3001,3.3006,3.3001,3.3001,3
2026-01-07 09:44:00,3.2956,3.2996,3.2956,3.2991,3.3006,3.3046,3.3006,3.3041,12
2026-01-07 09:45:00,3.2996,3.3001,3.2991,3.3001,3.3046,3.3051,3.3041,3.3051,4
2026-01-07 09:46:00,3.2996,3.2996,3.2916,3.2926,3.3046,3.3046,3.2966,3.2976,17
2026-01-07 09:47:00,3.2921,3.2946,3.2886,3.2926,3.2971,3.2996,3.2936,3.2976,26
2026-01-07 09:48:00,3.2931,3.2936,3.2926,3.2926,3.2981,3.2986,3.2976,3.2976,5
2026-01-07 09:49:00,3.2936,3.2946,3.2926,3.2931,3.2986,3.2996,3.2976,3.2981,10
2026-01-07 09:50:00,3.2926,3.2936,3.2926,3.2936,3.2976,3.2986,3.2976,3.2986,5
2026-01-07 09:51:00,3.2931,3.2936,3.2906,3.2911,3.2981,3.2986,3.2956,3.2961,9
2026-01-07 09:52:00,3.2906,3.2906,3.2906,3.2906,3.2956,3.2956,3.2956,3.2956,1
2026-01-07 09:53:00,3.2901,3.2901,3.2876,3.2876,3.2951,3.2951,3.2926,3.2926,9
2026-01-07 09:54:00,3.2866,3.2866,3.2826,3.2836,3.2916,3.2916,3.2876,3.2886,15
2026-01-07 09:55:00,3.2846,3.2856,3.2826,3.2836,3.2896,3.2906,3.2876,3.2886,14
2026-01-07 09:56:00,3.2846,3.2856,3.2826,3.2846,3.2896,3.2906,3.2876,3.2896,15
2026-01-07 09:57:00,3.2856,3.2886,3.2856,3.2876,3.2906,3.2936,3.2906,3.2926,18
2026-01-07 09:58:00,3.2881,3.2891,3.2876,3.2886,3.2931,3.2941,3.2926,3.2936,8
2026-01-07 09:59:00,3.2881,3.2906,3.2861,3.2906,3.2931,3.2956,3.2911,3.2956,9
2026-01-07 10:00:00,3.2901,3.2926,3.2891,3.2921,3.2951,3.2976,3.2941,3.2971,12
2026-01-07 10:01:00,3.2916,3.2966,3.2916,3.2946,3.2966,3.3016,3.2966,3.2996,29
2026-01-07 10:02:00,3.2951,3.2951,3.2906,3.2936,3.3001,3.3001,3.2956,3.2986,17
2026-01-07 10:03:00,3.2946,3.2946,3.2911,3.2916,3.2996,3.2996,3.2961,3.2966,13
2026-01-07 10:04:00,3.2911,3.2936,3.2881,3.2881,3.2961,3.2986,3.2931,3.2931,20
2026-01-07 10:05:00,3.2886,3.2886,3.2881,3.2886,3.2936,3.2936,3.2931,3.2936,3
2026-01-07 10:06:00,3.2876,3.2876,3.2856,3.2866,3.2926,3.2926,3.2906,3.2916,12
2026-01-07 10:07:00,3.2871,3.2906,3.2871,3.2886,3.2921,3.2956,3.2921,3.2936,12
2026-01-07 10:08:00,3.2896,3.2906,3.2886,3.2901,3.2946,3.2956,3.2936,3.2951,7
2026-01-07 10:09:00,3.2896,3.2906,3.2896,3.2896,3.2946,3.2956,3.2946,3.2946,6
2026-01-07 10:10:00,3.2901,3.2901,3.2886,3.2891,3.2951,3.2951,3.2936,3.2941,5
2026-01-07 10:11:00,3.2886,3.2896,3.2886,3.2896,3.2936,3.2946,3.2936,3.2946,4
2026-01-07 10:12:00,3.2886,3.2966,3.2886,3.2961,3.2936,3.3016,3.2936,3.3011,18
2026-01-07 10:13:00,3.2956,3.2956,3.2956,3.2956,3.3006,3.3006,3.3006,3.3006,1
2026-01-07 10:14:00,3.2961,3.2961,3.2936,3.2936,3.3011,3.3011,3.2986,3.2986,5
2026-01-07 10:15:00,3.2941,3.2966,3.2941,3.2966,3.2991,3.3016,3.2991,3.3016,9
2026-01-07 10:16:00,3.2961,3.2961,3.2946,3.2951,3.3011,3.3011,3.2996,3.3001,5
2026-01-07 10:17:00,3.2941,3.2941,3.2941,3.2941,3.2991,3.2991,3.2991,3.2991,1
2026-01-07 10:18:00,3.2946,3.2966,3.2946,3.2961,3.2996,3.3016,3.2996,3.3011,10
2026-01-07 10:19:00,3.2956,3.2956,3.2931,3.2936,3.3006,3.3006,3.2981,3.2986,6
2026-01-07 10:20:00,3.2916,3.2951,3.2911,3.2951,3.2966,3.3001,3.2961,3.3001,7
2026-01-07 10:21:00,3.2956,3.2956,3.2936,3.2941,3.3006,3.3006,3.2986,3.2991,4
2026-01-07 10:22:00,3.2946,3.2956,3.2936,3.2936,3.2996,3.3006,3.2986,3.2986,7
2026-01-07 10:23:00,3.2926,3.2936,3.2906,3.2926,3.2976,3.2986,3.2956,3.2976,11
2026-01-07 10:24:00,3.2931,3.2931,3.2926,3.2931,3.2981,3.2981,3.2976,3.2981,3
2026-01-07 10:25:00,3.2926,3.2931,3.2911,3.2911,3.2976,3.2981,3.2961,3.2961,5
2026-01-07 10:26:00,3.2906,3.2916,3.2896,3.2911,3.2956,3.2966,3.2946,3.2961,10
2026-01-07 10:27:00,3.2916,3.2921,3.2901,3.2916,3.2966,3.2971,3.2951,3.2966,16
2026-01-07 10:28:00,3.2921,3.2981,3.2921,3.2966,3.2971,3.3031,3.2971,3.3016,25
2026-01-07 10:29:00,3.2971,3.3056,3.2971,3.3041,3.3021,3.3106,3.3021,3.3091,19
2026-01-07 10:30:00,3.3036,3.3051,3.2986,3.2996,3.3086,3.3101,3.3036,3.3046,26
2026-01-07 10:31:00,3.2991,3.3026,3.2991,3.3016,3.3041,3.3076,3.3041,3.3066,9
2026-01-07 10:32:00,3.3006,3.3011,3.2986,3.3011,3.3056,3.3061,3.3036,3.3061,7
2026-01-07 10:33:00,3.3016,3.3046,3.3006,3.3036,3.3066,3.3096,3.3056,3.3086,18
2026-01-07 10:34:00,3.3046,3.3076,3.3036,3.3071,3.3096,3.3126,3.3086,3.3121,16
2026-01-07 10:35:00,3.3076,3.3081,3.3056,3.3066,3.3126,3.3131,3.3106,3.3116,13
2026-01-07 10:36:00,3.3076,3.3076,3.3071,3.3076,3.3126,3.3126,3.3121,3.3126,3
2026-01-07 10:37:00,3.3081,3.3086,3.3066,3.3076,3.3131,3.3136,3.3116,3.3126,11
2026-01-07 10:38:00,3.3081,3.3081,3.3056,3.3066,3.3131,3.3131,3.3106,3.3116,6
2026-01-07 10:39:00,3.3071,3.3071,3.3071,3.3071,3.3121,3.3121,3.3121,3.3121,1
2026-01-07 10:40:00,3.3066,3.3071,3.3066,3.3066,3.3116,3.3121,3.3116,3.3116,3
2026-01-07 10:41:00,3.3071,3.3071,3.3066,3.3066,3.3121,3.3121,3.3116,3.3116,2
2026-01-07 10:42:00,3.3071,3.3076,3.3056,3.3066,3.3121,3.3126,3.3106,3.3116,13
2026-01-07 10:43:00,3.3071,3.3076,3.3066,3.3066,3.3121,3.3126,3.3116,3.3116,5
2026-01-07 10:44:00,3.3071,3.3096,3.3071,3.3086,3.3121,3.3146,3.3121,3.3136,9
2026-01-07 10:45:00,3.3096,3.3106,3.3096,3.3101,3.3146,3.3156,3.3146,3.3151,8
2026-01-07 10:46:00,3.3096,3.3096,3.3056,3.3066,3.3146,3.3146,3.3106,3.3116,17
2026-01-07 10:47:00,3.3076,3.3076,3.3066,3.3066,3.3126,3.3126,3.3116,3.3116,2
2026-01-07 10:48:00,3.3061,3.3066,3.3056,3.3066,3.3111,3.3116,3.3106,3.3116,7
2026-01-07 10:49:00,3.3071,3.3071,3.3066,3.3066,3.3121,3.3121,3.3116,3.3116,2
2026-01-07 10:50:00,3.3056,3.3066,3.2986,3.2996,3.3106,3.3116,3.3036,3.3046,13
2026-01-07 10:51:00,3.3006,3.3016,3.2996,3.3016,3.3056,3.3066,3.3046,3.3066,7
2026-01-07 10:52:00,3.3026,3.3026,3.3016,3.3026,3.3076,3.3076,3.3066,3.3076,3
2026-01-07 10:53:00,3.3021,3.3046,3.3021,3.3046,3.3071,3.3096,3.3071,3.3096,4
2026-01-07 10:54:00,3.3056,3.3071,3.3056,3.3056,3.3106,3.3121,3.3106,3.3106,7
2026-01-07 10:55:00,3.3061,3.3081,3.3061,3.3076,3.3111,3.3131,3.3111,3.3126,9
2026-01-07 10:56:00,3.3066,3.3081,3.3056,3.3056,3.3116,3.3131,3.3106,3.3106,10
2026-01-07 10:57:00,3.3051,3.3056,3.3051,3.3056,3.3101,3.3106,3.3101,3.3106,4
2026-01-07 10:59:00,3.3066,3.3066,3.3041,3.3061,3.3116,3.3116,3.3091,3.3111,8
2026-01-07 11:00:00,3.3056,3.3066,3.3046,3.3061,3.3106,3.3116,3.3096,3.3111,8
2026-01-07 11:01:00,3.3066,3.3066,3.3026,3.3026,3.3116,3.3116,3.3076,3.3076,9
2026-01-07 11:02:00,3.3021,3.3071,3.3021,3.3051,3.3071,3.3121,3.3071,3.3101,16
2026-01-07 11:03:00,3.3056,3.3066,3.3051,3.3066,3.3106,3.3116,3.3101,3.3116,5
2026-01-07 11:04:00,3.3061,3.3086,3.3061,3.3076,3.3111,3.3136,3.3111,3.3126,10
2026-01-07 11:05:00,3.3071,3.3081,3.3051,3.3051,3.3121,3.3131,3.3101,3.3101,9
2026-01-07 11:06:00,3.3046,3.3051,3.3046,3.3051,3.3096,3.3101,3.3096,3.3101,4
2026-01-07 11:08:00,3.3056,3.3066,3.3016,3.3041,3.3106,3.3116,3.3066,3.3091,16
2026-01-07 11:09:00,3.3026,3.3026,3.3016,3.3016,3.3076,3.3076,3.3066,3.3066,5
2026-01-07 11:10:00,3.3026,3.3036,3.3011,3.3036,3.3076,3.3086,3.3061,3.3086,10
2026-01-07 11:11:00,3.3031,3.3031,3.3021,3.3021,3.3081,3.3081,3.3071,3.3071,3
2026-01-07 11:12:00,3.3016,3.3026,3.3006,3.3026,3.3066,3.3076,3.3056,3.3076,6
2026-01-07 11:13:00,3.3031,3.3051,3.3031,3.3031,3.3081,3.3101,3.3081,3.3081,5
2026-01-07 11:14:00,3.3036,3.3041,3.3036,3.3041,3.3086,3.3091,3.3086,3.3091,2
2026-01-07 11:15:00,3.3026,3.3031,3.3016,3.3031,3.3076,3.3081,3.3066,3.3081,6
2026-01-07 11:16:00,3.3026,3.3031,3.3026,3.3031,3.3076,3.3081,3.3076,3.3081,2
2026-01-07 11:17:00,3.3036,3.3041,3.3036,3.3041,3.3086,3.3091,3.3086,3.3091,2
2026-01-07 11:18:00,3.3046,3.3106,3.3046,3.3106,3.3096,3.3156,3.3096,3.3156,16
2026-01-07 11:19:00,3.3111,3.3111,3.3066,3.3066,3.3161,3.3161,3.3116,3.3116,17
2026-01-07 11:20:00,3.3071,3.3076,3.3051,3.3066,3.3121,3.3126,3.3101,3.3116,10
2026-01-07 11:21:00,3.3071,3.3071,3.3046,3.3046,3.3121,3.3121,3.3096,3.3096,12
2026-01-07 11:22:00,3.3051,3.3051,3.3031,3.3046,3.3101,3.3101,3.3081,3.3096,10
2026-01-07 11:23:00,3.3036,3.3071,3.3036,3.3071,3.3086,3.3121,3.3086,3.3121,6
2026-01-07 11:24:00,3.3076,3.3076,3.3061,3.3066,3.3126,3.3126,3.3111,3.3116,6
2026-01-07 11:25:00,3.3071,3.3071,3.3056,3.3071,3.3121,3.3121,3.3106,3.3121,8
2026-01-07 11:26:00,3.3066,3.3066,3.3056,3.3056,3.3116,3.3116,3.3106,3.3106,2
2026-01-07 11:27:00,3.3051,3.3051,3.2966,3.2976,3.3101,3.3101,3.3016,3.3026,16
2026-01-07 11:28:00,3.2986,3.3006,3.2986,3.2991,3.3036,3.3056,3.3036,3.3041,7
2026-01-07 11:29:00,3.2986,3.3006,3.2971,3.2996,3.3036,3.3056,3.3021,3.3046,22
2026-01-07 11:30:00,3.2986,3.3016,3.2976,3.3001,3.3036,3.3066,3.3026,3.3051,17
2026-01-07 11:31:00,3.2996,3.3006,3.2986,3.3006,3.3046,3.3056,3.3036,3.3056,5
2026-01-07 11:32:00,3.3011,3.3016,3.3006,3.3016,3.3061,3.3066,3.3056,3.3066,4
2026-01-07 11:34:00,3.3021,3.3026,3.3016,3.3026,3.3071,3.3076,3.3066,3.3076,4
2026-01-07 11:37:00,3.3031,3.3046,3.3026,3.3046,3.3081,3.3096,3.3076,3.3096,6
2026-01-07 11:38:00,3.3036,3.3046,3.3036,3.3041,3.3086,3.3096,3.3086,3.3091,3
2026-01-07 11:39:00,3.3046,3.3051,3.3046,3.3051,3.3096,3.3101,3.3096,3.3101,2
2026-01-07 11:40:00,3.3056,3.3056,3.3046,3.3046,3.3106,3.3106,3.3096,3.3096,5
2026-01-07 11:41:00,3.3041,3.3046,3.3036,3.3046,3.3091,3.3096,3.3086,3.3096,3
2026-01-07 11:42:00,3.3041,3.3051,3.3041,3.3046,3.3091,3.3101,3.3091,3.3096,4
2026-01-07 11:43:00,3.3051,3.3051,3.3046,3.3046,3.3101,3.3101,3.3096,3.3096,2
2026-01-07 11:45:00,3.3041,3.3041,3.2976,3.2996,3.3091,3.3091,3.3026,3.3046,15
2026-01-07 11:46:00,3.3006,3.3056,3.2996,3.3046,3.3056,3.3106,3.3046,3.3096,14
2026-01-07 11:47:00,3.3041,3.3096,3.3036,3.3096,3.3091,3.3146,3.3086,3.3146,13
2026-01-07 11:48:00,3.3091,3.3096,3.3066,3.3071,3.3141,3.3146,3.3116,3.3121,8
2026-01-07 11:49:00,3.3066,3.3086,3.3056,3.3086,3.3116,3.3136,3.3106,3.3136,7
2026-01-07 11:50:00,3.3076,3.3081,3.3056,3.3081,3.3126,3.3131,3.3106,3.3131,8
2026-01-07 11:51:00,3.3076,3.3076,3.3066,3.3066,3.3126,3.3126,3.3116,3.3116,2
2026-01-07 11:52:00,3.3071,3.3096,3.3066,3.3081,3.3121,3.3146,3.3116,3.3131,11
2026-01-07 11:53:00,3.3086,3.3086,3.3056,3.3056,3.3136,3.3136,3.3106,3.3106,7
2026-01-07 11:54:00,3.3061,3.3066,3.3046,3.3046,3.3111,3.3116,3.3096,3.3096,7
2026-01-07 11:55:00,3.3041,3.3041,3.3021,3.3021,3.3091,3.3091,3.3071,3.3071,6
2026-01-07 11:56:00,3.3026,3.3056,3.3026,3.3056,3.3076,3.3106,3.3076,3.3106,8
2026-01-07 11:57:00,3.3051,3.3056,3.3046,3.3046,3.3101,3.3106,3.3096,3.3096,6
2026-01-07 11:58:00,3.3041,3.3041,3.3026,3.3031,3.3091,3.3091,3.3076,3.3081,5
2026-01-07 11:59:00,3.3026,3.3181,3.2951,3.2951,3.3076,3.3231,3.3001,3.3001,86
2026-01-07 12:00:00,3.2941,3.3026,3.2926,3.2946,3.2991,3.3076,3.2976,3.2996,61
2026-01-07 12:01:00,3.2941,3.3001,3.2926,3.2996,3.2991,3.3051,3.2976,3.3046,24
2026-01-07 12:02:00,3.3006,3.3006,3.2986,3.3006,3.3056,3.3056,3.3036,3.3056,9
2026-01-07 12:03:00,3.2996,3.3001,3.2966,3.2996,3.3046,3.3051,3.3016,3.3046,17
2026-01-07 12:04:00,3.2976,3.2996,3.2961,3.2986,3.3026,3.3046,3.3011,3.3036,16
2026-01-07 12:05:00,3.2976,3.3006,3.2976,3.3006,3.3026,3.3056,3.3026,3.3056,6
2026-01-07 12:06:00,3.3016,3.3026,3.2996,3.2996,3.3066,3.3076,3.3046,3.3046,13
2026-01-07 12:07:00,3.3006,3.3016,3.2976,3.3016,3.3056,3.3066,3.3026,3.3066,11
2026-01-07 12:08:00,3.3021,3.3031,3.3021,3.3031,3.3071,3.3081,3.3071,3.3081,8
2026-01-07 12:09:00,3.3026,3.3076,3.3016,3.3076,3.3076,3.3126,3.3066,3.3126,24
2026-01-07 12:10:00,3.3071,3.3101,3.3046,3.3086,3.3121,3.3151,3.3096,3.3136,17
2026-01-07 12:11:00,3.3096,3.3106,3.3071,3.3071,3.3146,3.3156,3.3121,3.3121,23
2026-01-07 12:12:00,3.3076,3.3106,3.3036,3.3036,3.3126,3.3156,3.3086,3.3086,11
2026-01-07 12:13:00,3.3041,3.3046,3.3016,3.3046,3.3091,3.3096,3.3066,3.3096,9
2026-01-07 12:14:00,3.3036,3.3061,3.3031,3.3056,3.3086,3.3111,3.3081,3.3106,10
2026-01-07 12:15:00,3.3061,3.3096,3.2956,3.2956,3.3111,3.3146,3.3006,3.3006,27
2026-01-07 12:16:00,3.2966,3.3021,3.2966,3.2996,3.3016,3.3071,3.3016,3.3046,19
2026-01-07 12:17:00,3.2991,3.2991,3.2976,3.2981,3.3041,3.3041,3.3026,3.3031,7
2026-01-07 12:18:00,3.2986,3.3001,3.2966,3.2981,3.3036,3.3051,3.3016,3.3031,17
2026-01-07 12:19:00,3.2986,3.3021,3.2986,3.3011,3.3036,3.3071,3.3036,3.3061,16
2026-01-07 12:20:00,3.3006,3.3006,3.2936,3.2951,3.3056,3.3056,3.2986,3.3001,42
2026-01-07 12:21:00,3.2966,3.2986,3.2926,3.2946,3.3016,3.3036,3.2976,3.2996,63
2026-01-07 12:22:00,3.2951,3.2966,3.2926,3.2941,3.3001,3.3016,3.2976,3.2991,58
2026-01-07 12:23:00,3.2936,3.2951,3.2926,3.2931,3.2986,3.3001,3.2976,3.2981,19
2026-01-07 12:24:00,3.2936,3.2976,3.2936,3.2971,3.2986,3.3026,3.2986,3.3021,10
2026-01-07 12:25:00,3.2986,3.3036,3.2971,3.3001,3.3036,3.3086,3.3021,3.3051,36
2026-01-07 12:26:00,3.3011,3.3011,3.2981,3.3001,3.3061,3.3061,3.3031,3.3051,8
2026-01-07 12:27:00,3.2991,3.3056,3.2976,3.3041,3.3041,3.3106,3.3026,3.3091,21
2026-01-07 12:28:00,3.3046,3.3076,3.3031,3.3076,3.3096,3.3126,3.3081,3.3126,20
2026-01-07 12:29:00,3.3071,3.3136,3.3071,3.3086,3.3121,3.3186,3.3121,3.3136,32
2026-01-07 12:30:00,3.3076,3.3136,3.3076,3.3116,3.3126,3.3186,3.3126,3.3166,36
2026-01-07 12:31:00,3.3126,3.3126,3.3076,3.3096,3.3176,3.3176,3.3126,3.3146,18
2026-01-07 12:32:00,3.3101,3.3116,3.3076,3.3111,3.3151,3.3166,3.3126,3.3161,12
2026-01-07 12:33:00,3.3116,3.3126,3.3076,3.3086,3.3166,3.3176,3.3126,3.3136,20
2026-01-07 12:34:00,3.3096,3.3126,3.3096,3.3121,3.3146,3.3176,3.3146,3.3171,12
2026-01-07 12:35:00,3.3126,3.3136,3.3096,3.3116,3.3176,3.3186,3.3146,3.3166,22
2026-01-07 12:36:00,3.3121,3.3121,3.3066,3.3076,3.3171,3.3171,3.3116,3.3126,23
2026-01-07 12:37:00,3.3081,3.3081,3.3066,3.3071,3.3131,3.3131,3.3116,3.3121,6
2026-01-07 12:38:00,3.3076,3.3076,3.3066,3.3076,3.3126,3.3126,3.3116,3.3126,4
2026-01-07 12:39:00,3.3071,3.3071,3.3056,3.3071,3.3121,3.3121,3.3106,3.3121,5
2026-01-07 12:40:00,3.3086,3.3086,3.3046,3.3056,3.3136,3.3136,3.3096,3.3106,45
2026-01-07 12:41:00,3.3051,3.3051,3.2941,3.3026,3.3101,3.3101,3.2991,3.3076,37
2026-01-07 12:42:00,3.3021,3.3066,3.3006,3.3046,3.3071,3.3116,3.3056,3.3096,12
2026-01-07 12:43:00,3.3041,3.3046,3.3021,3.3021,3.3091,3.3096,3.3071,3.3071,15
2026-01-07 12:44:00,3.3016,3.3046,3.2966,3.2976,3.3066,3.3096,3.3016,3.3026,27
2026-01-07 12:45:00,3.2981,3.2996,3.2866,3.2881,3.3031,3.3046,3.2916,3.2931,39
2026-01-07 12:46:00,3.2886,3.2916,3.2871,3.2906,3.2936,3.2966,3.2921,3.2956,19
2026-01-07 12:47:00,3.2896,3.2896,3.2881,3.2881,3.2946,3.2946,3.2931,3.2931,16
2026-01-07 12:48:00,3.2876,3.2906,3.2866,3.2906,3.2926,3.2956,3.2916,3.2956,17
2026-01-07 12:49:00,3.2916,3.2996,3.2916,3.2971,3.2966,3.3046,3.2966,3.3021,28
2026-01-07 12:50:00,3.2966,3.2966,3.2911,3.2926,3.3016,3.3016,3.2961,3.2976,32
2026-01-07 12:51:00,3.2921,3.2946,3.2921,3.2936,3.2971,3.2996,3.2971,3.2986,10
2026-01-07 12:52:00,3.2946,3.2951,3.2886,3.2906,3.2996,3.3001,3.2936,3.2956,15
2026-01-07 12:53:00,3.2916,3.2916,3.2876,3.2886,3.2966,3.2966,3.2926,3.2936,14
2026-01-07 12:54:00,3.2876,3.2886,3.2846,3.2876,3.2926,3.2936,3.2896,3.2926,14
2026-01-07 12:55:00,3.2866,3.2881,3.2821,3.2826,3.2916,3.2931,3.2871,3.2876,23
2026-01-07 12:56:00,3.2831,3.2841,3.2816,3.2836,3.2881,3.2891,3.2866,3.2886,11
2026-01-07 12:57:00,3.2841,3.2856,3.2836,3.2836,3.2891,3.2906,3.2886,3.2886,10
2026-01-07 12:58:00,3.2831,3.2836,3.2826,3.2826,3.2881,3.2886,3.2876,3.2876,3
2026-01-07 12:59:00,3.2816,3.2826,3.2776,3.2806,3.2866,3.2876,3.2826,3.2856,25
2026-01-07 13:00:00,3.2801,3.2826,3.2786,3.2816,3.2851,3.2876,3.2836,3.2866,17
2026-01-07 13:01:00,3.2811,3.2811,3.2741,3.2756,3.2861,3.2861,3.2791,3.2806,17
2026-01-07 13:02:00,3.2766,3.2786,3.2736,3.2776,3.2816,3.2836,3.2786,3.2826,30
2026-01-07 13:03:00,3.2766,3.2946,3.2766,3.2941,3.2816,3.2996,3.2816,3.2991,39
2026-01-07 13:04:00,3.2936,3.2946,3.2936,3.2941,3.2986,3.2996,3.2986,3.2991,3
2026-01-07 13:05:00,3.2946,3.2946,3.2911,3.2916,3.2996,3.2996,3.2961,3.2966,15
2026-01-07 13:06:00,3.2911,3.2911,3.2866,3.2876,3.2961,3.2961,3.2916,3.2926,21
2026-01-07 13:07:00,3.2871,3.2886,3.2871,3.2876,3.2921,3.2936,3.2921,3.2926,13
2026-01-07 13:08:00,3.2881,3.2896,3.2881,3.2886,3.2931,3.2946,3.2931,3.2936,5
2026-01-07 13:09:00,3.2876,3.2881,3.2876,3.2876,3.2926,3.2931,3.2926,3.2926,3
2026-01-07 13:10:00,3.2871,3.2896,3.2856,3.2876,3.2921,3.2946,3.2906,3.2926,15
2026-01-07 13:11:00,3.2881,3.2881,3.2856,3.2861,3.2931,3.2931,3.2906,3.2911,7
2026-01-07 13:12:00,3.2846,3.2896,3.2816,3.2871,3.2896,3.2946,3.2866,3.2921,34
2026-01-07 13:13:00,3.2866,3.2886,3.2861,3.2861,3.2916,3.2936,3.2911,3.2911,10
2026-01-07 13:14:00,3.2856,3.2876,3.2806,3.2841,3.2906,3.2926,3.2856,3.2891,24
2026-01-07 13:15:00,3.2856,3.2896,3.2836,3.2876,3.2906,3.2946,3.2886,3.2926,24
2026-01-07 13:16:00,3.2871,3.2951,3.2866,3.2926,3.2921,3.3001,3.2916,3.2976,30
2026-01-07 13:17:00,3.2921,3.3006,3.2921,3.3001,3.2971,3.3056,3.2971,3.3051,33
2026-01-07 13:18:00,3.2991,3.3016,3.2936,3.2946,3.3041,3.3066,3.2986,3.2996,23
2026-01-07 13:19:00,3.2941,3.2981,3.2941,3.2966,3.2991,3.3031,3.2991,3.3016,25
2026-01-07 13:20:00,3.2961,3.2976,3.2936,3.2936,3.3011,3.3026,3.2986,3.2986,17
2026-01-07 13:21:00,3.2941,3.2941,3.2891,3.2901,3.2991,3.2991,3.2941,3.2951,17
2026-01-07 13:22:00,3.2906,3.2936,3.2896,3.2926,3.2956,3.2986,3.2946,3.2976,14
2026-01-07 13:23:00,3.2931,3.2936,3.2896,3.2896,3.2981,3.2986,3.2946,3.2946,8
2026-01-07 13:24:00,3.2906,3.2936,3.2886,3.2916,3.2956,3.2986,3.2936,3.2966,17
2026-01-07 13:25:00,3.2911,3.3036,3.2911,3.3011,3.2961,3.3086,3.2961,3.3061,27
2026-01-07 13:26:00,3.3006,3.3066,3.3001,3.3056,3.3056,3.3116,3.3051,3.3106,27
2026-01-07 13:27:00,3.3051,3.3076,3.3041,3.3051,3.3101,3.3126,3.3091,3.3101,31
2026-01-07 13:28:00,3.3061,3.3066,3.2986,3.2986,3.3111,3.3116,3.3036,3.3036,19
2026-01-07 13:29:00,3.2981,3.3016,3.2976,3.2976,3.3031,3.3066,3.3026,3.3026,24
2026-01-07 13:30:00,3.2971,3.3016,3.2936,3.2956,3.3021,3.3066,3.2986,3.3006,27
2026-01-07 13:31:00,3.2946,3.2946,3.2846,3.2936,3.2996,3.2996,3.2896,3.2986,37
2026-01-07 13:32:00,3.2916,3.2976,3.2911,3.2966,3.2966,3.3026,3.2961,3.3016,36
2026-01-07 13:33:00,3.2971,3.3036,3.2961,3.3026,3.3021,3.3086,3.3011,3.3076,17
2026-01-07 13:34:00,3.3031,3.3046,3.2996,3.3006,3.3081,3.3096,3.3046,3.3056,20
2026-01-07 13:35:00,3.3016,3.3086,3.3006,3.3086,3.3066,3.3136,3.3056,3.3136,23
2026-01-07 13:36:00,3.3081,3.3166,3.3066,3.3156,3.3131,3.3216,3.3116,3.3206,44
2026-01-07 13:37:00,3.3161,3.3186,3.3156,3.3176,3.3211,3.3236,3.3206,3.3226,22
2026-01-07 13:38:00,3.3181,3.3276,3.3181,3.3256,3.3231,3.3326,3.3231,3.3306,51
2026-01-07 13:39:00,3.3246,3.3351,3.3246,3.3326,3.3296,3.3401,3.3296,3.3376,61
2026-01-07 13:40:00,3.3316,3.3336,3.3271,3.3306,3.3366,3.3386,3.3321,3.3356,40
2026-01-07 13:41:00,3.3296,3.3366,3.3286,3.3316,3.3346,3.3416,3.3336,3.3366,33
2026-01-07 13:42:00,3.3321,3.3351,3.3276,3.3276,3.3371,3.3401,3.3326,3.3326,35
2026-01-07 13:43:00,3.3271,3.3426,3.3271,3.3416,3.3321,3.3476,3.3321,3.3466,54
2026-01-07 13:44:00,3.3406,3.3451,3.3396,3.3436,3.3456,3.3501,3.3446,3.3486,48
2026-01-07 13:45:00,3.3426,3.3446,3.3336,3.3341,3.3476,3.3496,3.3386,3.3391,60
2026-01-07 13:46:00,3.3336,3.3356,3.3296,3.3346,3.3386,3.3406,3.3346,3.3396,39
2026-01-07 13:47:00,3.3351,3.3366,3.3331,3.3336,3.3401,3.3416,3.3381,3.3386,32
2026-01-07 13:48:00,3.3331,3.3386,3.3326,3.3376,3.3381,3.3436,3.3376,3.3426,15
2026-01-07 13:49:00,3.3386,3.3476,3.3386,3.3466,3.3436,3.3526,3.3436,3.3516,43
2026-01-07 13:50:00,3.3461,3.3461,3.3411,3.3421,3.3511,3.3511,3.3461,3.3471,42
2026-01-07 13:51:00,3.3426,3.3476,3.3386,3.3406,3.3476,3.3526,3.3436,3.3456,27
2026-01-07 13:52:00,3.3416,3.3416,3.3356,3.3386,3.3466,3.3466,3.3406,3.3436,15
2026-01-07 13:53:00,3.3396,3.3546,3.3396,3.3521,3.3446,3.3596,3.3446,3.3571,59
2026-01-07 13:54:00,3.3516,3.3531,3.3466,3.3481,3.3566,3.3581,3.3516,3.3531,75
2026-01-07 13:55:00,3.3476,3.3476,3.3391,3.3396,3.3526,3.3526,3.3441,3.3446,36
2026-01-07 13:56:00,3.3391,3.3471,3.3391,3.3436,3.3441,3.3521,3.3441,3.3486,29
2026-01-07 13:57:00,3.3446,3.3506,3.3446,3.3491,3.3496,3.3556,3.3496,3.3541,45
2026-01-07 13:58:00,3.3486,3.3486,3.3326,3.3336,3.3536,3.3536,3.3376,3.3386,66
2026-01-07 13:59:00,3.3346,3.3346,3.3251,3.3296,3.3396,3.3396,3.3301,3.3346,44
2026-01-07 14:00:00,3.3301,3.3481,3.3286,3.3466,3.3351,3.3531,3.3336,3.3516,74
2026-01-07 14:01:00,3.3456,3.3456,3.3366,3.3386,3.3506,3.3506,3.3416,3.3436,67
2026-01-07 14:02:00,3.3391,3.3396,3.3326,3.3336,3.3441,3.3446,3.3376,3.3386,41
2026-01-07 14:03:00,3.3346,3.3396,3.3326,3.3346,3.3396,3.3446,3.3376,3.3396,53
2026-01-07 14:04:00,3.3351,3.3356,3.3276,3.3286,3.3401,3.3406,3.3326,3.3336,46
2026-01-07 14:05:00,3.3281,3.3336,3.3276,3.3281,3.3331,3.3386,3.3326,3.3331,46
2026-01-07 14:06:00,3.3276,3.3341,3.3276,3.3316,3.3326,3.3391,3.3326,3.3366,32
2026-01-07 14:07:00,3.3311,3.3466,3.3311,3.3416,3.3361,3.3516,3.3361,3.3466,66
2026-01-07 14:08:00,3.3411,3.3436,3.3276,3.3276,3.3461,3.3486,3.3326,3.3326,65
2026-01-07 14:09:00,3.3281,3.3296,3.3211,3.3216,3.3331,3.3346,3.3261,3.3266,38
2026-01-07 14:10:00,3.3226,3.3276,3.3136,3.3146,3.3276,3.3326,3.3186,3.3196,60
2026-01-07 14:11:00,3.3141,3.3176,3.3136,3.3161,3.3191,3.3226,3.3186,3.3211,39
2026-01-07 14:12:00,3.3166,3.3196,3.3121,3.3136,3.3216,3.3246,3.3171,3.3186,36
2026-01-07 14:13:00,3.3131,3.3186,3.3106,3.3176,3.3181,3.3236,3.3156,3.3226,29
2026-01-07 14:14:00,3.3171,3.3211,3.3136,3.3196,3.3221,3.3261,3.3186,3.3246,33
2026-01-07 14:15:00,3.3206,3.3226,3.3146,3.3156,3.3256,3.3276,3.3196,3.3206,54
2026-01-07 14:16:00,3.3166,3.3166,3.3066,3.3126,3.3216,3.3216,3.3116,3.3176,85
2026-01-07 14:17:00,3.3136,3.3186,3.3131,3.3171,3.3186,3.3236,3.3181,3.3221,56
2026-01-07 14:18:00,3.3166,3.3231,3.3066,3.3216,3.3216,3.3281,3.3116,3.3266,82
2026-01-07 14:19:00,3.3211,3.3236,3.3126,3.3156,3.3261,3.3286,3.3176,3.3206,72
2026-01-07 14:20:00,3.3166,3.3176,3.3126,3.3136,3.3216,3.3226,3.3176,3.3186,30
2026-01-07 14:21:00,3.3141,3.3196,3.3106,3.3196,3.3191,3.3246,3.3156,3.3246,27
2026-01-07 14:22:00,3.3206,3.3211,3.3166,3.3176,3.3256,3.3261,3.3216,3.3226,36
2026-01-07 14:23:00,3.3181,3.3226,3.3166,3.3186,3.3231,3.3276,3.3216,3.3236,36
2026-01-07 14:24:00,3.3196,3.3206,3.3166,3.3176,3.3246,3.3256,3.3216,3.3226,29
2026-01-07 14:25:00,3.3186,3.3256,3.3176,3.3246,3.3236,3.3306,3.3226,3.3296,69
2026-01-07 14:26:00,3.3256,3.3276,3.3236,3.3246,3.3306,3.3326,3.3286,3.3296,52
2026-01-07 14:27:00,3.3236,3.3306,3.3186,3.3216,3.3286,3.3356,3.3236,3.3266,45
2026-01-07 14:28:00,3.3211,3.3296,3.3206,3.3296,3.3261,3.3346,3.3256,3.3346,48
2026-01-07 14:29:00,3.3286,3.3356,3.3236,3.3356,3.3336,3.3406,3.3286,3.3406,50
2026-01-07 14:30:00,3.3346,3.3346,3.3286,3.3326,3.3396,3.3396,3.3336,3.3376,45
2026-01-07 14:31:00,3.3321,3.3456,3.3316,3.3451,3.3371,3.3506,3.3366,3.3501,70
2026-01-07 14:32:00,3.3441,3.3456,3.3386,3.3401,3.3491,3.3506,3.3436,3.3451,41
2026-01-07 14:33:00,3.3396,3.3406,3.3356,3.3376,3.3446,3.3456,3.3406,3.3426,44
2026-01-07 14:34:00,3.3371,3.3376,3.3316,3.3326,3.3421,3.3426,3.3366,3.3376,32
2026-01-07 14:35:00,3.3316,3.3326,3.3296,3.3296,3.3366,3.3376,3.3346,3.3346,53
2026-01-07 14:36:00,3.3291,3.3291,3.3206,3.3241,3.3341,3.3341,3.3256,3.3291,55
2026-01-07 14:37:00,3.3231,3.3231,3.3166,3.3171,3.3281,3.3281,3.3216,3.3221,37
2026-01-07 14:38:00,3.3176,3.3196,3.3116,3.3126,3.3226,3.3246,3.3166,3.3176,29
2026-01-07 14:39:00,3.3121,3.3226,3.3106,3.3221,3.3171,3.3276,3.3156,3.3271,57
2026-01-07 14:40:00,3.3216,3.3286,3.3216,3.3261,3.3266,3.3336,3.3266,3.3311,30
2026-01-07 14:41:00,3.3256,3.3261,3.3211,3.3236,3.3306,3.3311,3.3261,3.3286,36
2026-01-07 14:42:00,3.3246,3.3256,3.3236,3.3246,3.3296,3.3306,3.3286,3.3296,25
2026-01-07 14:43:00,3.3251,3.3251,3.3156,3.3156,3.3301,3.3301,3.3206,3.3206,35
2026-01-07 14:44:00,3.3166,3.3186,3.3136,3.3146,3.3216,3.3236,3.3186,3.3196,29
2026-01-07 14:45:00,3.3151,3.3216,3.3146,3.3196,3.3201,3.3266,3.3196,3.3246,41
2026-01-07 14:46:00,3.3186,3.3206,3.3121,3.3121,3.3236,3.3256,3.3171,3.3171,25
2026-01-07 14:47:00,3.3116,3.3116,3.3006,3.3006,3.3166,3.3166,3.3056,3.3056,38
2026-01-07 14:48:00,3.3011,3.3026,3.2966,3.2981,3.3061,3.3076,3.3016,3.3031,61
2026-01-07 14:49:00,3.2986,3.3031,3.2946,3.2966,3.3036,3.3081,3.2996,3.3016,57
2026-01-07 14:50:00,3.2976,3.3016,3.2946,3.2996,3.3026,3.3066,3.2996,3.3046,30
2026-01-07 14:51:00,3.2991,3.3036,3.2966,3.3006,3.3041,3.3086,3.3016,3.3056,32
2026-01-07 14:52:00,3.3011,3.3046,3.2976,3.3001,3.3061,3.3096,3.3026,3.3051,42
2026-01-07 14:53:00,3.2996,3.3016,3.2966,3.2991,3.3046,3.3066,3.3016,3.3041,19
2026-01-07 14:54:00,3.2996,3.3006,3.2981,3.2996,3.3046,3.3056,3.3031,3.3046,20
2026-01-07 14:55:00,3.2991,3.2991,3.2926,3.2971,3.3041,3.3041,3.2976,3.3021,57
2026-01-07 14:56:00,3.2986,3.3006,3.2956,3.2976,3.3036,3.3056,3.3006,3.3026,31
2026-01-07 14:57:00,3.2986,3.2986,3.2916,3.2961,3.3036,3.3036,3.2966,3.3011,34
2026-01-07 14:58:00,3.2956,3.3006,3.2951,3.2996,3.3006,3.3056,3.3001,3.3046,28
2026-01-07 14:59:00,3.3006,3.3056,3.2966,3.2971,3.3056,3.3106,3.3016,3.3021,60
2026-01-07 15:00:00,3.2976,3.2976,3.2746,3.2776,3.3026,3.3026,3.2796,3.2826,160
2026-01-07 15:01:00,3.2781,3.2781,3.2656,3.2671,3.2831,3.2831,3.2706,3.2721,108
2026-01-07 15:02:00,3.2681,3.2696,3.2646,3.2651,3.2731,3.2746,3.2696,3.2701,68
2026-01-07 15:03:00,3.2656,3.2696,3.2636,3.2656,3.2706,3.2746,3.2686,3.2706,63
2026-01-07 15:04:00,3.2646,3.2646,3.2566,3.2596,3.2696,3.2696,3.2616,3.2646,58
2026-01-07 15:05:00,3.2591,3.2656,3.2576,3.2606,3.2641,3.2706,3.2626,3.2656,111
2026-01-07 15:06:00,3.2596,3.2671,3.2586,3.2666,3.2646,3.2721,3.2636,3.2716,65
2026-01-07 15:07:00,3.2661,3.2746,3.2646,3.2711,3.2711,3.2796,3.2696,3.2761,96
2026-01-07 15:08:00,3.2716,3.2846,3.2686,3.2826,3.2766,3.2896,3.2736,3.2876,128
2026-01-07 15:09:00,3.2831,3.2866,3.2781,3.2866,3.2881,3.2916,3.2831,3.2916,72
2026-01-07 15:10:00,3.2856,3.2856,3.2766,3.2816,3.2906,3.2906,3.2816,3.2866,62
2026-01-07 15:11:00,3.2821,3.2826,3.2726,3.2751,3.2871,3.2876,3.2776,3.2801,31
2026-01-07 15:12:00,3.2741,3.2756,3.2706,3.2726,3.2791,3.2806,3.2756,3.2776,34
2026-01-07 15:13:00,3.2731,3.2731,3.2666,3.2706,3.2781,3.2781,3.2716,3.2756,28
2026-01-07 15:14:00,3.2696,3.2706,3.2636,3.2666,3.2746,3.2756,3.2686,3.2716,45
2026-01-07 15:15:00,3.2656,3.2656,3.2566,3.2606,3.2706,3.2706,3.2616,3.2656,67
2026-01-07 15:16:00,3.2616,3.2631,3.2586,3.2591,3.2666,3.2681,3.2636,3.2641,13
2026-01-07 15:17:00,3.2586,3.2621,3.2586,3.2596,3.2636,3.2671,3.2636,3.2646,29
2026-01-07 15:18:00,3.2591,3.2636,3.2581,3.2606,3.2641,3.2686,3.2631,3.2656,29
2026-01-07 15:19:00,3.2596,3.2756,3.2576,3.2721,3.2646,3.2806,3.2626,3.2771,62
2026-01-07 15:20:00,3.2726,3.2806,3.2726,3.2796,3.2776,3.2856,3.2776,3.2846,52
2026-01-07 15:21:00,3.2786,3.2806,3.2756,3.2796,3.2836,3.2856,3.2806,3.2846,29
2026-01-07 15:22:00,3.2786,3.2861,3.2776,3.2831,3.2836,3.2911,3.2826,3.2881,43
2026-01-07 15:23:00,3.2836,3.2866,3.2836,3.2851,3.2886,3.2916,3.2886,3.2901,14
2026-01-07 15:24:00,3.2846,3.2856,3.2796,3.2836,3.2896,3.2906,3.2846,3.2886,28
2026-01-07 15:25:00,3.2846,3.2896,3.2816,3.2866,3.2896,3.2946,3.2866,3.2916,32
2026-01-07 15:26:00,3.2871,3.2876,3.2811,3.2846,3.2921,3.2926,3.2861,3.2896,33
2026-01-07 15:27:00,3.2856,3.2886,3.2836,3.2846,3.2906,3.2936,3.2886,3.2896,22
2026-01-07 15:28:00,3.2841,3.2926,3.2836,3.2926,3.2891,3.2976,3.2886,3.2976,24
2026-01-07 15:29:00,3.2921,3.2936,3.2896,3.2906,3.2971,3.2986,3.2946,3.2956,35
2026-01-07 15:30:00,3.2911,3.2956,3.2836,3.2946,3.2961,3.3006,3.2886,3.2996,97
2026-01-07 15:31:00,3.2941,3.2951,3.2876,3.2891,3.2991,3.3001,3.2926,3.2941,31
2026-01-07 15:32:00,3.2901,3.2976,3.2886,3.2971,3.2951,3.3026,3.2936,3.3021,50
2026-01-07 15:33:00,3.2996,3.3021,3.2961,3.3021,3.3046,3.3071,3.3011,3.3071,27
2026-01-07 15:34:00,3.3026,3.3096,3.3016,3.3086,3.3076,3.3146,3.3066,3.3136,43
2026-01-07 15:35:00,3.3096,3.3146,3.3086,3.3121,3.3146,3.3196,3.3136,3.3171,73
2026-01-07 15:36:00,3.3116,3.3146,3.3076,3.3121,3.3166,3.3196,3.3126,3.3171,41
2026-01-07 15:37:00,3.3126,3.3176,3.3121,3.3136,3.3176,3.3226,3.3171,3.3186,25
2026-01-07 15:38:00,3.3146,3.3186,3.3141,3.3171,3.3196,3.3236,3.3191,3.3221,41
2026-01-07 15:39:00,3.3166,3.3231,3.3156,3.3216,3.3216,3.3281,3.3206,3.3266,48
2026-01-07 15:40:00,3.3221,3.3251,3.3191,3.3236,3.3271,3.3301,3.3241,3.3286,59
2026-01-07 15:41:00,3.3226,3.3241,3.3211,3.3236,3.3276,3.3291,3.3261,3.3286,35
2026-01-07 15:42:00,3.3231,3.3231,3.3151,3.3166,3.3281,3.3281,3.3201,3.3216,38
2026-01-07 15:43:00,3.3181,3.3221,3.3126,3.3206,3.3231,3.3271,3.3176,3.3256,72
2026-01-07 15:44:00,3.3211,3.3246,3.3181,3.3241,3.3261,3.3296,3.3231,3.3291,49
2026-01-07 15:45:00,3.3236,3.3266,3.3216,3.3256,3.3286,3.3316,3.3266,3.3306,72
2026-01-07 15:46:00,3.3261,3.3276,3.3201,3.3216,3.3311,3.3326,3.3251,3.3266,33
2026-01-07 15:47:00,3.3211,3.3216,3.3156,3.3176,3.3261,3.3266,3.3206,3.3226,33
2026-01-07 15:48:00,3.3171,3.3196,3.3161,3.3196,3.3221,3.3246,3.3211,3.3246,24
2026-01-07 15:49:00,3.3201,3.3211,3.3186,3.3191,3.3251,3.3261,3.3236,3.3241,15
2026-01-07 15:50:00,3.3206,3.3246,3.3206,3.3246,3.3256,3.3296,3.3256,3.3296,21
2026-01-07 15:51:00,3.3251,3.3276,3.3246,3.3271,3.3301,3.3326,3.3296,3.3321,23
2026-01-07 15:52:00,3.3266,3.3356,3.3261,3.3316,3.3316,3.3406,3.3311,3.3366,51
2026-01-07 15:53:00,3.3326,3.3356,3.3326,3.3346,3.3376,3.3406,3.3376,3.3396,10
2026-01-07 15:54:00,3.3341,3.3346,3.3286,3.3306,3.3391,3.3396,3.3336,3.3356,25
2026-01-07 15:55:00,3.3316,3.3316,3.3166,3.3166,3.3366,3.3366,3.3216,3.3216,46
2026-01-07 15:56:00,3.3156,3.3176,3.3136,3.3146,3.3206,3.3226,3.3186,3.3196,37
2026-01-07 15:57:00,3.3141,3.3166,3.3096,3.3101,3.3191,3.3216,3.3146,3.3151,48
2026-01-07 15:58:00,3.3111,3.3156,3.3076,3.3096,3.3161,3.3206,3.3126,3.3146,51
2026-01-07 15:59:00,3.3101,3.3156,3.3096,3.3146,3.3151,3.3206,3.3146,3.3196,23
2026-01-07 16:00:00,3.3151,3.3166,3.3031,3.3046,3.3201,3.3216,3.3081,3.3096,56
2026-01-07 16:01:00,3.3041,3.3056,3.2976,3.2996,3.3091,3.3106,3.3026,3.3046,43
2026-01-07 16:02:00,3.2991,3.3046,3.2976,3.3036,3.3041,3.3096,3.3026,3.3086,49
2026-01-07 16:03:00,3.3046,3.3086,3.3036,3.3056,3.3096,3.3136,3.3086,3.3106,29
2026-01-07 16:04:00,3.3061,3.3166,3.3056,3.3146,3.3111,3.3216,3.3106,3.3196,46
2026-01-07 16:05:00,3.3156,3.3186,3.3096,3.3186,3.3206,3.3236,3.3146,3.3236,58
2026-01-07 16:06:00,3.3196,3.3211,3.3176,3.3206,3.3246,3.3261,3.3226,3.3256,44
2026-01-07 16:07:00,3.3196,3.3196,3.3126,3.3136,3.3246,3.3246,3.3176,3.3186,29
2026-01-07 16:08:00,3.3141,3.3166,3.3131,3.3146,3.3191,3.3216,3.3181,3.3196,24
2026-01-07 16:09:00,3.3136,3.3166,3.3136,3.3166,3.3186,3.3216,3.3186,3.3216,9
2026-01-07 16:10:00,3.3156,3.3246,3.3156,3.3216,3.3206,3.3296,3.3206,3.3266,37
2026-01-07 16:11:00,3.3206,3.3216,3.3116,3.3116,3.3256,3.3266,3.3166,3.3166,31
2026-01-07 16:12:00,3.3126,3.3141,3.3106,3.3116,3.3176,3.3191,3.3156,3.3166,23
2026-01-07 16:13:00,3.3111,3.3111,3.3071,3.3096,3.3161,3.3161,3.3121,3.3146,28
2026-01-07 16:14:00,3.3106,3.3126,3.3106,3.3116,3.3156,3.3176,3.3156,3.3166,19
2026-01-07 16:15:00,3.3121,3.3176,3.3121,3.3166,3.3171,3.3226,3.3171,3.3216,30
2026-01-07 16:16:00,3.3161,3.3161,3.3106,3.3146,3.3211,3.3211,3.3156,3.3196,32
2026-01-07 16:17:00,3.3156,3.3156,3.3116,3.3136,3.3206,3.3206,3.3166,3.3186,11
2026-01-07 16:18:00,3.3141,3.3176,3.3131,3.3161,3.3191,3.3226,3.3181,3.3211,29
2026-01-07 16:19:00,3.3156,3.3156,3.3096,3.3106,3.3206,3.3206,3.3146,3.3156,21
2026-01-07 16:20:00,3.3111,3.3126,3.3046,3.3051,3.3161,3.3176,3.3096,3.3101,38
2026-01-07 16:21:00,3.3046,3.3096,3.3016,3.3056,3.3096,3.3146,3.3066,3.3106,32
2026-01-07 16:22:00,3.3061,3.3071,3.3041,3.3071,3.3111,3.3121,3.3091,3.3121,26
2026-01-07 16:23:00,3.3081,3.3116,3.3076,3.3116,3.3131,3.3166,3.3126,3.3166,13
2026-01-07 16:24:00,3.3121,3.3141,3.3076,3.3076,3.3171,3.3191,3.3126,3.3126,21
2026-01-07 16:25:00,3.3066,3.3106,3.3066,3.3106,3.3116,3.3156,3.3116,3.3156,14
2026-01-07 16:26:00,3.3111,3.3116,3.3076,3.3106,3.3161,3.3166,3.3126,3.3156,19
2026-01-07 16:27:00,3.3101,3.3101,3.3041,3.3056,3.3151,3.3151,3.3091,3.3106,13
2026-01-07 16:28:00,3.3061,3.3076,3.3046,3.3071,3.3111,3.3126,3.3096,3.3121,24
2026-01-07 16:29:00,3.3056,3.3056,3.2956,3.2971,3.3106,3.3106,3.3006,3.3021,28
2026-01-07 16:30:00,3.2976,3.2986,3.2946,3.2971,3.3026,3.3036,3.2996,3.3021,32
2026-01-07 16:31:00,3.2976,3.3021,3.2976,3.3016,3.3026,3.3071,3.3026,3.3066,31
2026-01-07 16:32:00,3.3021,3.3026,3.2976,3.2976,3.3071,3.3076,3.3026,3.3026,26
2026-01-07 16:33:00,3.2981,3.3036,3.2981,3.3036,3.3031,3.3086,3.3031,3.3086,26
2026-01-07 16:34:00,3.3046,3.3071,3.3016,3.3016,3.3096,3.3121,3.3066,3.3066,22
2026-01-07 16:35:00,3.3021,3.3066,3.3016,3.3026,3.3071,3.3116,3.3066,3.3076,34
2026-01-07 16:36:00,3.3031,3.3036,3.2896,3.2916,3.3081,3.3086,3.2946,3.2966,45
2026-01-07 16:37:00,3.2921,3.2936,3.2886,3.2906,3.2971,3.2986,3.2936,3.2956,23
2026-01-07 16:38:00,3.2911,3.2921,3.2876,3.2911,3.2961,3.2971,3.2926,3.2961,21
2026-01-07 16:39:00,3.2901,3.2976,3.2896,3.2966,3.2951,3.3026,3.2946,3.3016,29
2026-01-07 16:40:00,3.2956,3.2966,3.2906,3.2906,3.3006,3.3016,3.2956,3.2956,37
2026-01-07 16:41:00,3.2901,3.2901,3.2846,3.2856,3.2951,3.2951,3.2896,3.2906,46
2026-01-07 16:42:00,3.2861,3.2906,3.2856,3.2906,3.2911,3.2956,3.2906,3.2956,18
2026-01-07 16:43:00,3.2911,3.2946,3.2896,3.2931,3.2961,3.2996,3.2946,3.2981,22
2026-01-07 16:44:00,3.2926,3.2926,3.2886,3.2921,3.2976,3.2976,3.2936,3.2971,32
2026-01-07 16:45:00,3.2926,3.2926,3.2871,3.2876,3.2976,3.2976,3.2921,3.2926,29
2026-01-07 16:46:00,3.2881,3.2896,3.2861,3.2866,3.2931,3.2946,3.2911,3.2916,23
2026-01-07 16:47:00,3.2871,3.2876,3.2766,3.2766,3.2921,3.2926,3.2816,3.2816,54
2026-01-07 16:48:00,3.2771,3.2771,3.2726,3.2736,3.2821,3.2821,3.2776,3.2786,51
2026-01-07 16:49:00,3.2741,3.2766,3.2726,3.2736,3.2791,3.2816,3.2776,3.2786,39
2026-01-07 16:50:00,3.2746,3.2746,3.2721,3.2726,3.2796,3.2796,3.2771,3.2776,20
2026-01-07 16:51:00,3.2711,3.2766,3.2686,3.2741,3.2761,3.2816,3.2736,3.2791,53
2026-01-07 16:52:00,3.2746,3.3016,3.2741,3.3001,3.2796,3.3066,3.2791,3.3051,116
2026-01-07 16:53:00,3.2996,3.3006,3.2866,3.2881,3.3046,3.3056,3.2916,3.2931,62
2026-01-07 16:54:00,3.2876,3.2951,3.2831,3.2936,3.2926,3.3001,3.2881,3.2986,44
2026-01-07 16:55:00,3.2926,3.2956,3.2906,3.2926,3.2976,3.3006,3.2956,3.2976,31
2026-01-07 16:56:00,3.2916,3.2936,3.2886,3.2931,3.2966,3.2986,3.2936,3.2981,37
2026-01-07 16:57:00,3.2926,3.2986,3.2906,3.2986,3.2976,3.3036,3.2956,3.3036,33
2026-01-07 16:58:00,3.2976,3.3036,3.2911,3.2991,3.3026,3.3086,3.2961,3.3041,82
2026-01-07 16:59:00,3.2986,3.3006,3.2926,3.2971,3.3036,3.3056,3.2976,3.3021,72
2026-01-07 17:00:00,3.2976,3.3056,3.2976,3.2976,3.3026,3.3106,3.3026,3.3026,38
2026-01-07 17:01:00,3.2966,3.3056,3.2966,3.3036,3.3016,3.3106,3.3016,3.3086,30
2026-01-07 17:02:00,3.3041,3.3126,3.3041,3.3116,3.3091,3.3176,3.3091,3.3166,59
2026-01-07 17:03:00,3.3106,3.3116,3.3031,3.3031,3.3156,3.3166,3.3081,3.3081,36
2026-01-07 17:04:00,3.3026,3.3151,3.3021,3.3131,3.3076,3.3201,3.3071,3.3181,31
2026-01-07 17:05:00,3.3146,3.3156,3.3126,3.3141,3.3196,3.3206,3.3176,3.3191,52
2026-01-07 17:06:00,3.3146,3.3176,3.3126,3.3156,3.3196,3.3226,3.3176,3.3206,26
2026-01-07 17:07:00,3.3146,3.3151,3.3136,3.3146,3.3196,3.3201,3.3186,3.3196,13
2026-01-07 17:08:00,3.3141,3.3156,3.3121,3.3126,3.3191,3.3206,3.3171,3.3176,15
2026-01-07 17:09:00,3.3121,3.3196,3.3116,3.3156,3.3171,3.3246,3.3166,3.3206,33
2026-01-07 17:10:00,3.3161,3.3191,3.3161,3.3186,3.3211,3.3241,3.3211,3.3236,21
2026-01-07 17:11:00,3.3191,3.3201,3.3176,3.3196,3.3241,3.3251,3.3226,3.3246,14
2026-01-07 17:12:00,3.3201,3.3216,3.3156,3.3176,3.3251,3.3266,3.3206,3.3226,32
2026-01-07 17:13:00,3.3171,3.3186,3.3156,3.3166,3.3221,3.3236,3.3206,3.3216,11
2026-01-07 17:14:00,3.3176,3.3186,3.3006,3.3036,3.3226,3.3236,3.3056,3.3086,76
2026-01-07 17:15:00,3.3041,3.3041,3.2951,3.3016,3.3091,3.3091,3.3001,3.3066,69
2026-01-07 17:16:00,3.3021,3.3106,3.3021,3.3066,3.3071,3.3156,3.3071,3.3116,44
2026-01-07 17:17:00,3.3056,3.3086,3.3056,3.3071,3.3106,3.3136,3.3106,3.3121,21
2026-01-07 17:18:00,3.3076,3.3086,3.3046,3.3046,3.3126,3.3136,3.3096,3.3096,17
2026-01-07 17:19:00,3.3041,3.3046,3.3006,3.3006,3.3091,3.3096,3.3056,3.3056,17
2026-01-07 17:20:00,3.3021,3.3091,3.3021,3.3066,3.3071,3.3141,3.3071,3.3116,32
2026-01-07 17:21:00,3.3096,3.3126,3.3066,3.3101,3.3146,3.3176,3.3116,3.3151,35
2026-01-07 17:22:00,3.3091,3.3091,3.3056,3.3076,3.3141,3.3141,3.3106,3.3126,27
2026-01-07 17:23:00,3.3071,3.3076,3.3056,3.3076,3.3121,3.3126,3.3106,3.3126,13
2026-01-07 17:24:00,3.3086,3.3096,3.3016,3.3096,3.3136,3.3146,3.3066,3.3146,29
2026-01-07 17:25:00,3.3086,3.3156,3.3066,3.3126,3.3136,3.3206,3.3116,3.3176,36
2026-01-07 17:26:00,3.3121,3.3146,3.3106,3.3116,3.3171,3.3196,3.3156,3.3166,17
2026-01-07 17:27:00,3.3121,3.3296,3.3121,3.3276,3.3171,3.3346,3.3171,3.3326,78
2026-01-07 17:28:00,3.3281,3.3316,3.3266,3.3301,3.3331,3.3366,3.3316,3.3351,37
2026-01-07 17:29:00,3.3296,3.3321,3.3271,3.3301,3.3346,3.3371,3.3321,3.3351,40
2026-01-07 17:30:00,3.3306,3.3306,3.3196,3.3206,3.3356,3.3356,3.3246,3.3256,38
2026-01-07 17:31:00,3.3201,3.3201,3.3156,3.3186,3.3251,3.3251,3.3206,3.3236,30
2026-01-07 17:32:00,3.3191,3.3216,3.3176,3.3196,3.3241,3.3266,3.3226,3.3246,24
2026-01-07 17:33:00,3.3206,3.3226,3.3186,3.3186,3.3256,3.3276,3.3236,3.3236,24
2026-01-07 17:34:00,3.3196,3.3196,3.3171,3.3186,3.3246,3.3246,3.3221,3.3236,15
2026-01-07 17:35:00,3.3181,3.3186,3.3126,3.3146,3.3231,3.3236,3.3176,3.3196,28
2026-01-07 17:36:00,3.3136,3.3166,3.3121,3.3141,3.3186,3.3216,3.3171,3.3191,30
2026-01-07 17:37:00,3.3166,3.3196,3.3156,3.3171,3.3216,3.3246,3.3206,3.3221,25
2026-01-07 17:38:00,3.3176,3.3206,3.3116,3.3126,3.3226,3.3256,3.3166,3.3176,36
2026-01-07 17:39:00,3.3131,3.3166,3.3121,3.3121,3.3181,3.3216,3.3171,3.3171,21
2026-01-07 17:40:00,3.3116,3.3166,3.3106,3.3141,3.3166,3.3216,3.3156,3.3191,30
2026-01-07 17:41:00,3.3136,3.3136,3.3111,3.3126,3.3186,3.3186,3.3161,3.3176,27
2026-01-07 17:42:00,3.3131,3.3156,3.3126,3.3126,3.3181,3.3206,3.3176,3.3176,21
2026-01-07 17:43:00,3.3121,3.3136,3.3086,3.3106,3.3171,3.3186,3.3136,3.3156,21
2026-01-07 17:44:00,3.3111,3.3146,3.3076,3.3146,3.3161,3.3196,3.3126,3.3196,28
2026-01-07 17:45:00,3.3136,3.3136,3.3026,3.3031,3.3186,3.3186,3.3076,3.3081,38
2026-01-07 17:46:00,3.3026,3.3056,3.3026,3.3026,3.3076,3.3106,3.3076,3.3076,22
2026-01-07 17:47:00,3.3036,3.3116,3.3036,3.3101,3.3086,3.3166,3.3086,3.3151,28
2026-01-07 17:48:00,3.3106,3.3136,3.3106,3.3126,3.3156,3.3186,3.3156,3.3176,14
2026-01-07 17:49:00,3.3136,3.3196,3.3091,3.3186,3.3186,3.3246,3.3141,3.3236,57
2026-01-07 17:50:00,3.3191,3.3296,3.3186,3.3286,3.3241,3.3346,3.3236,3.3336,82
2026-01-07 17:51:00,3.3281,3.3306,3.3256,3.3296,3.3331,3.3356,3.3306,3.3346,33
2026-01-07 17:52:00,3.3301,3.3306,3.3286,3.3306,3.3351,3.3356,3.3336,3.3356,15
2026-01-07 17:53:00,3.3311,3.3311,3.3286,3.3306,3.3361,3.3361,3.3336,3.3356,20
2026-01-07 17:54:00,3.3316,3.3366,3.3316,3.3326,3.3366,3.3416,3.3366,3.3376,45
2026-01-07 17:55:00,3.3336,3.3336,3.3286,3.3291,3.3386,3.3386,3.3336,3.3341,31
2026-01-07 17:56:00,3.3296,3.3306,3.3256,3.3261,3.3346,3.3356,3.3306,3.3311,37
2026-01-07 17:57:00,3.3266,3.3296,3.3206,3.3216,3.3316,3.3346,3.3256,3.3266,48
2026-01-07 17:58:00,3.3221,3.3246,3.3206,3.3216,3.3271,3.3296,3.3256,3.3266,24
2026-01-07 17:59:00,3.3226,3.3241,3.3191,3.3211,3.3276,3.3291,3.3241,3.3261,29
2026-01-07 18:00:00,3.3221,3.3276,3.3216,3.3236,3.3271,3.3326,3.3266,3.3286,21
2026-01-07 18:01:00,3.3241,3.3246,3.3191,3.3196,3.3291,3.3296,3.3241,3.3246,20
2026-01-07 18:02:00,3.3201,3.3216,3.3201,3.3206,3.3251,3.3266,3.3251,3.3256,13
2026-01-07 18:03:00,3.3216,3.3226,3.3176,3.3196,3.3266,3.3276,3.3226,3.3246,30
2026-01-07 18:04:00,3.3201,3.3286,3.3201,3.3236,3.3251,3.3336,3.3251,3.3286,40
2026-01-07 18:05:00,3.3241,3.3296,3.3241,3.3266,3.3291,3.3346,3.3291,3.3316,26
2026-01-07 18:06:00,3.3261,3.3266,3.3201,3.3216,3.3311,3.3316,3.3251,3.3266,31
2026-01-07 18:07:00,3.3221,3.3241,3.3196,3.3216,3.3271,3.3291,3.3246,3.3266,20
2026-01-07 18:08:00,3.3176,3.3216,3.3156,3.3196,3.3226,3.3266,3.3206,3.3246,38
2026-01-07 18:09:00,3.3191,3.3266,3.3191,3.3236,3.3241,3.3316,3.3241,3.3286,24
2026-01-07 18:10:00,3.3226,3.3266,3.3216,3.3236,3.3276,3.3316,3.3266,3.3286,28
2026-01-07 18:11:00,3.3226,3.3231,3.3196,3.3216,3.3276,3.3281,3.3246,3.3266,20
2026-01-07 18:12:00,3.3206,3.3256,3.3181,3.3246,3.3256,3.3306,3.3231,3.3296,24
2026-01-07 18:13:00,3.3251,3.3266,3.3231,3.3246,3.3301,3.3316,3.3281,3.3296,22
2026-01-07 18:14:00,3.3241,3.3246,3.3201,3.3226,3.3291,3.3296,3.3251,3.3276,23
2026-01-07 18:15:00,3.3221,3.3266,3.3196,3.3231,3.3271,3.3316,3.3246,3.3281,24
2026-01-07 18:16:00,3.3226,3.3226,3.3146,3.3176,3.3276,3.3276,3.3196,3.3226,39
2026-01-07 18:17:00,3.3166,3.3166,3.3086,3.3101,3.3216,3.3216,3.3136,3.3151,45
2026-01-07 18:18:00,3.3106,3.3106,3.3021,3.3036,3.3156,3.3156,3.3071,3.3086,47
2026-01-07 18:19:00,3.3026,3.3036,3.2946,3.2961,3.3076,3.3086,3.2996,3.3011,40
2026-01-07 18:20:00,3.2956,3.2986,3.2946,3.2976,3.3006,3.3036,3.2996,3.3026,21
2026-01-07 18:21:00,3.2981,3.2986,3.2931,3.2941,3.3031,3.3036,3.2981,3.2991,36
2026-01-07 18:22:00,3.2926,3.2971,3.2916,3.2931,3.2976,3.3021,3.2966,3.2981,39
2026-01-07 18:23:00,3.2926,3.2976,3.2911,3.2971,3.2976,3.3026,3.2961,3.3021,37
2026-01-07 18:24:00,3.2981,3.2986,3.2881,3.2886,3.3031,3.3036,3.2931,3.2936,34
2026-01-07 18:25:00,3.2891,3.2926,3.2836,3.2866,3.2941,3.2976,3.2886,3.2916,36
2026-01-07 18:26:00,3.2876,3.2936,3.2861,3.2931,3.2926,3.2986,3.2911,3.2981,41
2026-01-07 18:27:00,3.2926,3.2966,3.2926,3.2956,3.2976,3.3016,3.2976,3.3006,41
2026-01-07 18:28:00,3.2951,3.2956,3.2916,3.2921,3.3001,3.3006,3.2966,3.2971,29
2026-01-07 18:29:00,3.2931,3.2946,3.2921,3.2921,3.2981,3.2996,3.2971,3.2971,18
2026-01-07 18:30:00,3.2926,3.2991,3.2916,3.2976,3.2976,3.3041,3.2966,3.3026,44
2026-01-07 18:31:00,3.2966,3.2976,3.2921,3.2966,3.3016,3.3026,3.2971,3.3016,36
2026-01-07 18:32:00,3.2971,3.3016,3.2946,3.2991,3.3021,3.3066,3.2996,3.3041,46
2026-01-07 18:33:00,3.2996,3.3076,3.2996,3.3056,3.3046,3.3126,3.3046,3.3106,32
2026-01-07 18:34:00,3.3051,3.3086,3.3051,3.3056,3.3101,3.3136,3.3101,3.3106,29
2026-01-07 18:35:00,3.3061,3.3106,3.3041,3.3101,3.3111,3.3156,3.3091,3.3151,34
2026-01-07 18:36:00,3.3106,3.3106,3.2976,3.2991,3.3156,3.3156,3.3026,3.3041,42
2026-01-07 18:37:00,3.2981,3.2981,3.2896,3.2966,3.3031,3.3031,3.2946,3.3016,43
2026-01-07 18:38:00,3.2976,3.3091,3.2966,3.3076,3.3026,3.3141,3.3016,3.3126,48
2026-01-07 18:39:00,3.3056,3.3091,3.3036,3.3086,3.3106,3.3141,3.3086,3.3136,30
2026-01-07 18:40:00,3.3081,3.3116,3.3066,3.3116,3.3131,3.3166,3.3116,3.3166,32
2026-01-07 18:41:00,3.3106,3.3176,3.3106,3.3176,3.3156,3.3226,3.3156,3.3226,32
2026-01-07 18:42:00,3.3166,3.3236,3.3151,3.3206,3.3216,3.3286,3.3201,3.3256,45
2026-01-07 18:43:00,3.3211,3.3386,3.3206,3.3346,3.3261,3.3436,3.3256,3.3396,72
2026-01-07 18:44:00,3.3366,3.3416,3.3326,3.3396,3.3416,3.3466,3.3376,3.3446,74
2026-01-07 18:45:00,3.3386,3.3456,3.3386,3.3416,3.3436,3.3506,3.3436,3.3466,56
2026-01-07 18:46:00,3.3426,3.3426,3.3386,3.3406,3.3476,3.3476,3.3436,3.3456,40
2026-01-07 18:47:00,3.3396,3.3406,3.3351,3.3376,3.3446,3.3456,3.3401,3.3426,49
2026-01-07 18:48:00,3.3381,3.3396,3.3366,3.3391,3.3431,3.3446,3.3416,3.3441,30
2026-01-07 18:49:00,3.3396,3.3436,3.3376,3.3411,3.3446,3.3486,3.3426,3.3461,40
2026-01-07 18:50:00,3.3401,3.3586,3.3381,3.3566,3.3451,3.3636,3.3431,3.3616,103
2026-01-07 18:51:00,3.3561,3.3596,3.3516,3.3556,3.3611,3.3646,3.3566,3.3606,52
2026-01-07 18:52:00,3.3566,3.3686,3.3566,3.3666,3.3616,3.3736,3.3616,3.3716,72
2026-01-07 18:53:00,3.3671,3.3726,3.3656,3.3706,3.3721,3.3776,3.3706,3.3756,61
2026-01-07 18:54:00,3.3711,3.3846,3.3701,3.3836,3.3761,3.3896,3.3751,3.3886,73
2026-01-07 18:55:00,3.3831,3.3861,3.3726,3.3731,3.3881,3.3911,3.3776,3.3781,107
2026-01-07 18:56:00,3.3736,3.3796,3.3706,3.3786,3.3786,3.3846,3.3756,3.3836,72
2026-01-07 18:57:00,3.3781,3.3781,3.3686,3.3716,3.3831,3.3831,3.3736,3.3766,39
2026-01-07 18:58:00,3.3726,3.3756,3.3721,3.3736,3.3776,3.3806,3.3771,3.3786,20
2026-01-07 18:59:00,3.3731,3.3736,3.3616,3.3636,3.3781,3.3786,3.3666,3.3686,49
2026-01-07 19:00:00,3.3631,3.3726,3.3616,3.3716,3.3681,3.3776,3.3666,3.3766,57
2026-01-07 19:01:00,3.3721,3.3736,3.3716,3.3731,3.3771,3.3786,3.3766,3.3781,15
2026-01-07 19:02:00,3.3736,3.3771,3.3661,3.3681,3.3786,3.3821,3.3711,3.3731,46
2026-01-07 19:03:00,3.3686,3.3706,3.3656,3.3676,3.3736,3.3756,3.3706,3.3726,37
2026-01-07 19:04:00,3.3671,3.3796,3.3671,3.3756,3.3721,3.3846,3.3721,3.3806,59
2026-01-07 19:05:00,3.3761,3.3816,3.3761,3.3786,3.3811,3.3866,3.3811,3.3836,50
2026-01-07 19:06:00,3.3791,3.3911,3.3756,3.3911,3.3841,3.3961,3.3806,3.3961,84
2026-01-07 19:07:00,3.3916,3.3916,3.3876,3.3876,3.3966,3.3966,3.3926,3.3926,59
2026-01-07 19:08:00,3.3881,3.3886,3.3811,3.3816,3.3931,3.3936,3.3861,3.3866,24
2026-01-07 19:09:00,3.3826,3.3966,3.3811,3.3936,3.3876,3.4016,3.3861,3.3986,103
2026-01-07 19:10:00,3.3946,3.3966,3.3826,3.3836,3.3996,3.4016,3.3876,3.3886,58
2026-01-07 19:11:00,3.3841,3.3866,3.3816,3.3826,3.3891,3.3916,3.3866,3.3876,43
2026-01-07 19:12:00,3.3831,3.3836,3.3771,3.3776,3.3881,3.3886,3.3821,3.3826,46
2026-01-07 19:13:00,3.3781,3.3816,3.3756,3.3766,3.3831,3.3866,3.3806,3.3816,47
2026-01-07 19:14:00,3.3761,3.3771,3.3631,3.3631,3.3811,3.3821,3.3681,3.3681,81
2026-01-07 19:15:00,3.3636,3.3641,3.3526,3.3556,3.3686,3.3691,3.3576,3.3606,58
2026-01-07 19:16:00,3.3546,3.3586,3.3521,3.3526,3.3596,3.3636,3.3571,3.3576,28
2026-01-07 19:17:00,3.3531,3.3576,3.3516,3.3566,3.3581,3.3626,3.3566,3.3616,41
2026-01-07 19:18:00,3.3561,3.3686,3.3556,3.3671,3.3611,3.3736,3.3606,3.3721,74
2026-01-07 19:19:00,3.3676,3.3686,3.3606,3.3621,3.3726,3.3736,3.3656,3.3671,38
2026-01-07 19:20:00,3.3626,3.3626,3.3551,3.3576,3.3676,3.3676,3.3601,3.3626,37
2026-01-07 19:21:00,3.3571,3.3571,3.3536,3.3546,3.3621,3.3621,3.3586,3.3596,33
2026-01-07 19:22:00,3.3536,3.3576,3.3486,3.3496,3.3586,3.3626,3.3536,3.3546,52
2026-01-07 19:23:00,3.3506,3.3516,3.3476,3.3476,3.3556,3.3566,3.3526,3.3526,31
2026-01-07 19:24:00,3.3471,3.3546,3.3466,3.3536,3.3521,3.3596,3.3516,3.3586,39
2026-01-07 19:25:00,3.3541,3.3546,3.3456,3.3486,3.3591,3.3596,3.3506,3.3536,39
2026-01-07 19:26:00,3.3496,3.3521,3.3496,3.3501,3.3546,3.3571,3.3546,3.3551,20
2026-01-07 19:27:00,3.3496,3.3586,3.3496,3.3556,3.3546,3.3636,3.3546,3.3606,49
2026-01-07 19:28:00,3.3566,3.3586,3.3556,3.3566,3.3616,3.3636,3.3606,3.3616,22
2026-01-07 19:29:00,3.3571,3.3596,3.3476,3.3476,3.3621,3.3646,3.3526,3.3526,41
2026-01-07 19:30:00,3.3481,3.3546,3.3481,3.3546,3.3531,3.3596,3.3531,3.3596,32
2026-01-07 19:31:00,3.3551,3.3576,3.3526,3.3526,3.3601,3.3626,3.3576,3.3576,24
2026-01-07 19:32:00,3.3516,3.3576,3.3506,3.3566,3.3566,3.3626,3.3556,3.3616,24
2026-01-07 19:33:00,3.3561,3.3596,3.3556,3.3586,3.3611,3.3646,3.3606,3.3636,30
2026-01-07 19:34:00,3.3591,3.3606,3.3566,3.3586,3.3641,3.3656,3.3616,3.3636,23
2026-01-07 19:35:00,3.3591,3.3596,3.3566,3.3571,3.3641,3.3646,3.3616,3.3621,27
2026-01-07 19:36:00,3.3576,3.3606,3.3566,3.3581,3.3626,3.3656,3.3616,3.3631,17
2026-01-07 19:37:00,3.3576,3.3576,3.3561,3.3566,3.3626,3.3626,3.3611,3.3616,10
2026-01-07 19:38:00,3.3571,3.3596,3.3546,3.3556,3.3621,3.3646,3.3596,3.3606,31
2026-01-07 19:39:00,3.3546,3.3546,3.3476,3.3546,3.3596,3.3596,3.3526,3.3596,31
2026-01-07 19:40:00,3.3551,3.3566,3.3546,3.3546,3.3601,3.3616,3.3596,3.3596,10
2026-01-07 19:41:00,3.3541,3.3546,3.3526,3.3541,3.3591,3.3596,3.3576,3.3591,16
2026-01-07 19:42:00,3.3536,3.3556,3.3501,3.3501,3.3586,3.3606,3.3551,3.3551,22
2026-01-07 19:43:00,3.3496,3.3526,3.3476,3.3476,3.3546,3.3576,3.3526,3.3526,23
2026-01-07 19:44:00,3.3481,3.3501,3.3466,3.3476,3.3531,3.3551,3.3516,3.3526,31
2026-01-07 19:45:00,3.3466,3.3536,3.3461,3.3486,3.3516,3.3586,3.3511,3.3536,33
2026-01-07 19:46:00,3.3481,3.3541,3.3466,3.3476,3.3531,3.3591,3.3516,3.3526,46
2026-01-07 19:47:00,3.3486,3.3496,3.3466,3.3486,3.3536,3.3546,3.3516,3.3536,23
2026-01-07 19:48:00,3.3491,3.3506,3.3466,3.3486,3.3541,3.3556,3.3516,3.3536,22
2026-01-07 19:49:00,3.3481,3.3501,3.3466,3.3501,3.3531,3.3551,3.3516,3.3551,24
2026-01-07 19:50:00,3.3506,3.3586,3.3506,3.3536,3.3556,3.3636,3.3556,3.3586,36
2026-01-07 19:51:00,3.3541,3.3586,3.3536,3.3576,3.3591,3.3636,3.3586,3.3626,20
2026-01-07 19:52:00,3.3581,3.3586,3.3576,3.3576,3.3631,3.3636,3.3626,3.3626,8
2026-01-07 19:53:00,3.3566,3.3631,3.3566,3.3626,3.3616,3.3681,3.3616,3.3676,38
2026-01-07 19:54:00,3.3631,3.3666,3.3626,3.3661,3.3681,3.3716,3.3676,3.3711,36
2026-01-07 19:55:00,3.3666,3.3676,3.3626,3.3646,3.3716,3.3726,3.3676,3.3696,21
2026-01-07 19:56:00,3.3636,3.3726,3.3636,3.3696,3.3686,3.3776,3.3686,3.3746,46
2026-01-07 19:57:00,3.3706,3.3756,3.3696,3.3756,3.3756,3.3806,3.3746,3.3806,29
2026-01-07 19:58:00,3.3746,3.3791,3.3731,3.3731,3.3796,3.3841,3.3781,3.3781,44
2026-01-07 19:59:00,3.3736,3.3736,3.3716,3.3716,3.3786,3.3786,3.3766,3.3766,22
2026-01-07 20:00:00,3.3711,3.3711,3.3601,3.3606,3.3761,3.3761,3.3651,3.3656,55
2026-01-07 20:01:00,3.3601,3.3626,3.3596,3.3596,3.3651,3.3676,3.3646,3.3646,30
2026-01-07 20:02:00,3.3591,3.3646,3.3586,3.3636,3.3641,3.3696,3.3636,3.3686,30
2026-01-07 20:03:00,3.3641,3.3676,3.3616,3.3656,3.3691,3.3726,3.3666,3.3706,44
2026-01-07 20:04:00,3.3666,3.3716,3.3661,3.3686,3.3716,3.3766,3.3711,3.3736,60
2026-01-07 20:05:00,3.3681,3.3696,3.3656,3.3671,3.3731,3.3746,3.3706,3.3721,30
2026-01-07 20:06:00,3.3676,3.3706,3.3666,3.3696,3.3726,3.3756,3.3716,3.3746,35
2026-01-07 20:07:00,3.3701,3.3706,3.3666,3.3686,3.3751,3.3756,3.3716,3.3736,34
2026-01-07 20:08:00,3.3706,3.3706,3.3616,3.3656,3.3756,3.3756,3.3666,3.3706,40
2026-01-07 20:09:00,3.3661,3.3666,3.3616,3.3626,3.3711,3.3716,3.3666,3.3676,21
2026-01-07 20:10:00,3.3641,3.3656,3.3536,3.3536,3.3691,3.3706,3.3586,3.3586,53
2026-01-07 20:11:00,3.3541,3.3606,3.3536,3.3576,3.3591,3.3656,3.3586,3.3626,43
2026-01-07 20:12:00,3.3571,3.3596,3.3571,3.3571,3.3621,3.3646,3.3621,3.3621,19
2026-01-07 20:13:00,3.3581,3.3616,3.3556,3.3576,3.3631,3.3666,3.3606,3.3626,34
2026-01-07 20:14:00,3.3571,3.3571,3.3466,3.3466,3.3621,3.3621,3.3516,3.3516,56
2026-01-07 20:15:00,3.3471,3.3526,3.3461,3.3506,3.3521,3.3576,3.3511,3.3556,48
2026-01-07 20:16:00,3.3501,3.3516,3.3441,3.3461,3.3551,3.3566,3.3491,3.3511,41
2026-01-07 20:17:00,3.3456,3.3466,3.3416,3.3421,3.3506,3.3516,3.3466,3.3471,52
2026-01-07 20:18:00,3.3426,3.3426,3.3396,3.3411,3.3476,3.3476,3.3446,3.3461,34
2026-01-07 20:19:00,3.3416,3.3451,3.3396,3.3416,3.3466,3.3501,3.3446,3.3466,49
2026-01-07 20:20:00,3.3426,3.3476,3.3421,3.3426,3.3476,3.3526,3.3471,3.3476,29
2026-01-07 20:21:00,3.3431,3.3441,3.3386,3.3436,3.3481,3.3491,3.3436,3.3486,42
2026-01-07 20:22:00,3.3441,3.3446,3.3411,3.3416,3.3491,3.3496,3.3461,3.3466,31
2026-01-07 20:23:00,3.3421,3.3461,3.3421,3.3451,3.3471,3.3511,3.3471,3.3501,34
2026-01-07 20:24:00,3.3446,3.3456,3.3426,3.3451,3.3496,3.3506,3.3476,3.3501,28
2026-01-07 20:25:00,3.3466,3.3486,3.3376,3.3406,3.3516,3.3536,3.3426,3.3456,60
2026-01-07 20:26:00,3.3411,3.3456,3.3406,3.3411,3.3461,3.3506,3.3456,3.3461,53
2026-01-07 20:27:00,3.3416,3.3446,3.3406,3.3416,3.3466,3.3496,3.3456,3.3466,47
2026-01-07 20:28:00,3.3426,3.3426,3.3291,3.3296,3.3476,3.3476,3.3341,3.3346,174
2026-01-07 20:29:00,3.3301,3.3316,3.3266,3.3296,3.3351,3.3366,3.3316,3.3346,83
2026-01-07 20:30:00,3.3306,3.3316,3.3276,3.3291,3.3356,3.3366,3.3326,3.3341,42
2026-01-07 20:31:00,3.3286,3.3306,3.3266,3.3276,3.3336,3.3356,3.3316,3.3326,22
2026-01-07 20:32:00,3.3271,3.3271,3.3236,3.3256,3.3321,3.3321,3.3286,3.3306,17
2026-01-07 20:33:00,3.3266,3.3286,3.3266,3.3271,3.3316,3.3336,3.3316,3.3321,20
2026-01-07 20:34:00,3.3276,3.3276,3.3251,3.3276,3.3326,3.3326,3.3301,3.3326,10
2026-01-07 20:35:00,3.3266,3.3321,3.3266,3.3306,3.3316,3.3371,3.3316,3.3356,19
2026-01-07 20:36:00,3.3296,3.3351,3.3296,3.3346,3.3346,3.3401,3.3346,3.3396,16
2026-01-07 20:37:00,3.3356,3.3366,3.3336,3.3336,3.3406,3.3416,3.3386,3.3386,18
2026-01-07 20:38:00,3.3331,3.3356,3.3331,3.3341,3.3381,3.3406,3.3381,3.3391,14
2026-01-07 20:39:00,3.3346,3.3356,3.3326,3.3331,3.3396,3.3406,3.3376,3.3381,21
2026-01-07 20:40:00,3.3326,3.3356,3.3316,3.3331,3.3376,3.3406,3.3366,3.3381,15
2026-01-07 20:41:00,3.3326,3.3336,3.3311,3.3336,3.3376,3.3386,3.3361,3.3386,11
2026-01-07 20:42:00,3.3346,3.3356,3.3341,3.3346,3.3396,3.3406,3.3391,3.3396,10
2026-01-07 20:43:00,3.3361,3.3361,3.3336,3.3336,3.3411,3.3411,3.3386,3.3386,11
2026-01-07 20:44:00,3.3326,3.3326,3.3316,3.3326,3.3376,3.3376,3.3366,3.3376,4
2026-01-07 20:45:00,3.3321,3.3366,3.3316,3.3366,3.3371,3.3416,3.3366,3.3416,14
2026-01-07 20:46:00,3.3371,3.3426,3.3346,3.3426,3.3421,3.3476,3.3396,3.3476,18
2026-01-07 20:47:00,3.3436,3.3446,3.3411,3.3411,3.3486,3.3496,3.3461,3.3461,14
2026-01-07 20:48:00,3.3406,3.3446,3.3401,3.3436,3.3456,3.3496,3.3451,3.3486,21
2026-01-07 20:49:00,3.3426,3.3446,3.3411,3.3411,3.3476,3.3496,3.3461,3.3461,28
2026-01-07 20:50:00,3.3406,3.3406,3.3386,3.3396,3.3456,3.3456,3.3436,3.3446,6
2026-01-07 20:51:00,3.3386,3.3406,3.3386,3.3396,3.3436,3.3456,3.3436,3.3446,12
2026-01-07 20:52:00,3.3386,3.3386,3.3381,3.3386,3.3436,3.3436,3.3431,3.3436,3
2026-01-07 20:53:00,3.3381,3.3446,3.3366,3.3446,3.3431,3.3496,3.3416,3.3496,18
2026-01-07 20:54:00,3.3441,3.3456,3.3416,3.3421,3.3491,3.3506,3.3466,3.3471,18
2026-01-07 20:55:00,3.3436,3.3446,3.3411,3.3416,3.3486,3.3496,3.3461,3.3466,10
2026-01-07 20:56:00,3.3421,3.3436,3.3421,3.3431,3.3471,3.3486,3.3471,3.3481,7
2026-01-07 20:57:00,3.3426,3.3426,3.3406,3.3416,3.3476,3.3476,3.3456,3.3466,9
2026-01-07 20:58:00,3.3426,3.3436,3.3416,3.3426,3.3476,3.3486,3.3466,3.3476,5
2026-01-07 20:59:00,3.3421,3.3456,3.3416,3.3456,3.3471,3.3506,3.3466,3.3506,18
2026-01-07 21:00:00,3.3446,3.3506,3.3426,3.3496,3.3496,3.3556,3.3476,3.3546,27
2026-01-07 21:01:00,3.3486,3.3526,3.3486,3.3526,3.3536,3.3576,3.3536,3.3576,13
2026-01-07 21:02:00,3.3516,3.3546,3.3516,3.3536,3.3566,3.3596,3.3566,3.3586,9
2026-01-07 21:03:00,3.3546,3.3576,3.3536,3.3566,3.3596,3.3626,3.3586,3.3616,26
2026-01-07 21:04:00,3.3576,3.3576,3.3556,3.3566,3.3626,3.3626,3.3606,3.3616,7
2026-01-07 21:05:00,3.3571,3.3576,3.3566,3.3576,3.3621,3.3626,3.3616,3.3626,4
2026-01-07 21:06:00,3.3571,3.3576,3.3556,3.3576,3.3621,3.3626,3.3606,3.3626,13
2026-01-07 21:07:00,3.3571,3.3576,3.3536,3.3556,3.3621,3.3626,3.3586,3.3606,22
2026-01-07 21:08:00,3.3546,3.3576,3.3506,3.3516,3.3596,3.3626,3.3556,3.3566,29
2026-01-07 21:09:00,3.3526,3.3526,3.3476,3.3486,3.3576,3.3576,3.3526,3.3536,13
2026-01-07 21:10:00,3.3496,3.3506,3.3496,3.3506,3.3546,3.3556,3.3546,3.3556,2
2026-01-07 21:11:00,3.3496,3.3496,3.3476,3.3496,3.3546,3.3546,3.3526,3.3546,8
2026-01-07 21:12:00,3.3501,3.3546,3.3501,3.3516,3.3551,3.3596,3.3551,3.3566,12
2026-01-07 21:13:00,3.3511,3.3526,3.3511,3.3511,3.3561,3.3576,3.3561,3.3561,15
2026-01-07 21:14:00,3.3516,3.3516,3.3511,3.3511,3.3566,3.3566,3.3561,3.3561,4
2026-01-07 21:15:00,3.3506,3.3556,3.3506,3.3526,3.3556,3.3606,3.3556,3.3576,19
2026-01-07 21:16:00,3.3531,3.3536,3.3506,3.3506,3.3581,3.3586,3.3556,3.3556,16
2026-01-07 21:17:00,3.3501,3.3516,3.3501,3.3516,3.3551,3.3566,3.3551,3.3566,3
2026-01-07 21:18:00,3.3511,3.3516,3.3511,3.3516,3.3561,3.3566,3.3561,3.3566,2
2026-01-07 21:19:00,3.3521,3.3536,3.3516,3.3536,3.3571,3.3586,3.3566,3.3586,6
2026-01-07 21:20:00,3.3541,3.3556,3.3536,3.3541,3.3591,3.3606,3.3586,3.3591,11
2026-01-07 21:21:00,3.3536,3.3556,3.3536,3.3556,3.3586,3.3606,3.3586,3.3606,5
2026-01-07 21:22:00,3.3561,3.3571,3.3561,3.3566,3.3611,3.3621,3.3611,3.3616,4
2026-01-07 21:23:00,3.3571,3.3606,3.3556,3.3606,3.3621,3.3656,3.3606,3.3656,14
2026-01-07 21:24:00,3.3616,3.3646,3.3606,3.3636,3.3666,3.3696,3.3656,3.3686,19
2026-01-07 21:25:00,3.3641,3.3656,3.3636,3.3646,3.3691,3.3706,3.3686,3.3696,25
2026-01-07 21:26:00,3.3641,3.3656,3.3641,3.3656,3.3691,3.3706,3.3691,3.3706,5
2026-01-07 21:27:00,3.3646,3.3646,3.3636,3.3641,3.3696,3.3696,3.3686,3.3691,15
2026-01-07 21:28:00,3.3636,3.3681,3.3636,3.3676,3.3686,3.3731,3.3686,3.3726,17
2026-01-07 21:29:00,3.3666,3.3666,3.3636,3.3666,3.3716,3.3716,3.3686,3.3716,14
2026-01-07 21:30:00,3.3656,3.3676,3.3631,3.3666,3.3706,3.3726,3.3681,3.3716,28
2026-01-07 21:31:00,3.3671,3.3691,3.3671,3.3691,3.3721,3.3741,3.3721,3.3741,8
2026-01-07 21:32:00,3.3686,3.3726,3.3676,3.3696,3.3736,3.3776,3.3726,3.3746,38
2026-01-07 21:33:00,3.3686,3.3691,3.3676,3.3676,3.3736,3.3741,3.3726,3.3726,4
2026-01-07 21:34:00,3.3681,3.3681,3.3666,3.3676,3.3731,3.3731,3.3716,3.3726,6
2026-01-07 21:35:00,3.3681,3.3686,3.3666,3.3666,3.3731,3.3736,3.3716,3.3716,19
2026-01-07 21:36:00,3.3656,3.3666,3.3646,3.3656,3.3706,3.3716,3.3696,3.3706,16
2026-01-07 21:37:00,3.3666,3.3666,3.3656,3.3661,3.3716,3.3716,3.3706,3.3711,7
2026-01-07 21:38:00,3.3656,3.3666,3.3651,3.3656,3.3706,3.3716,3.3701,3.3706,10
2026-01-07 21:39:00,3.3651,3.3656,3.3626,3.3626,3.3701,3.3706,3.3676,3.3676,7
2026-01-07 21:40:00,3.3616,3.3626,3.3606,3.3606,3.3666,3.3676,3.3656,3.3656,15
2026-01-07 21:41:00,3.3601,3.3611,3.3601,3.3611,3.3651,3.3661,3.3651,3.3661,5
2026-01-07 21:42:00,3.3616,3.3616,3.3606,3.3606,3.3666,3.3666,3.3656,3.3656,3
2026-01-07 21:43:00,3.3601,3.3611,3.3586,3.3586,3.3651,3.3661,3.3636,3.3636,7
2026-01-07 21:44:00,3.3581,3.3606,3.3566,3.3601,3.3631,3.3656,3.3616,3.3651,8
2026-01-07 21:45:00,3.3606,3.3626,3.3606,3.3626,3.3656,3.3676,3.3656,3.3676,6
2026-01-07 21:46:00,3.3621,3.3656,3.3596,3.3646,3.3671,3.3706,3.3646,3.3696,14
2026-01-07 21:47:00,3.3656,3.3661,3.3646,3.3656,3.3706,3.3711,3.3696,3.3706,10
2026-01-07 21:48:00,3.3661,3.3686,3.3656,3.3676,3.3711,3.3736,3.3706,3.3726,11
2026-01-07 21:49:00,3.3666,3.3666,3.3666,3.3666,3.3716,3.3716,3.3716,3.3716,1
2026-01-07 21:50:00,3.3661,3.3676,3.3651,3.3676,3.3711,3.3726,3.3701,3.3726,9
2026-01-07 21:51:00,3.3681,3.3726,3.3681,3.3701,3.3731,3.3776,3.3731,3.3751,13
2026-01-07 21:52:00,3.3691,3.3701,3.3686,3.3701,3.3741,3.3751,3.3736,3.3751,7
2026-01-07 21:53:00,3.3696,3.3701,3.3696,3.3701,3.3746,3.3751,3.3746,3.3751,2
2026-01-07 21:54:00,3.3696,3.3696,3.3666,3.3676,3.3746,3.3746,3.3716,3.3726,7
2026-01-07 21:55:00,3.3671,3.3701,3.3671,3.3671,3.3721,3.3751,3.3721,3.3721,12
2026-01-07 21:56:00,3.3666,3.3706,3.3666,3.3691,3.3716,3.3756,3.3716,3.3741,14
2026-01-07 21:57:00,3.3696,3.3721,3.3676,3.3681,3.3746,3.3771,3.3726,3.3731,18
2026-01-07 21:58:00,3.3676,3.3686,3.3661,3.3671,3.3726,3.3736,3.3711,3.3721,10
2026-01-07 21:59:00,3.3666,3.3676,3.3651,3.3661,3.3716,3.3726,3.3701,3.3711,14
2026-01-07 22:00:00,3.3666,3.3686,3.3656,3.3681,3.3716,3.3736,3.3706,3.3731,10
2026-01-07 22:01:00,3.3686,3.3726,3.3686,3.3726,3.3736,3.3776,3.3736,3.3776,13
2026-01-07 22:02:00,3.3736,3.3756,3.3736,3.3746,3.3786,3.3806,3.3786,3.3796,7
2026-01-07 22:03:00,3.3741,3.3746,3.3741,3.3746,3.3791,3.3796,3.3791,3.3796,2
2026-01-07 22:04:00,3.3756,3.3756,3.3736,3.3736,3.3806,3.3806,3.3786,3.3786,3
2026-01-07 22:05:00,3.3741,3.3776,3.3741,3.3771,3.3791,3.3826,3.3791,3.3821,14
2026-01-07 22:06:00,3.3766,3.3766,3.3746,3.3746,3.3816,3.3816,3.3796,3.3796,8
2026-01-07 22:07:00,3.3736,3.3746,3.3736,3.3741,3.3786,3.3796,3.3786,3.3791,5
2026-01-07 22:08:00,3.3736,3.3771,3.3736,3.3766,3.3786,3.3821,3.3786,3.3816,13
2026-01-07 22:09:00,3.3771,3.3771,3.3751,3.3756,3.3821,3.3821,3.3801,3.3806,13
2026-01-07 22:10:00,3.3761,3.3771,3.3756,3.3771,3.3811,3.3821,3.3806,3.3821,5
2026-01-07 22:11:00,3.3766,3.3786,3.3766,3.3766,3.3816,3.3836,3.3816,3.3816,9
2026-01-07 22:12:00,3.3771,3.3786,3.3761,3.3781,3.3821,3.3836,3.3811,3.3831,9
2026-01-07 22:13:00,3.3776,3.3776,3.3756,3.3756,3.3826,3.3826,3.3806,3.3806,8
2026-01-07 22:14:00,3.3766,3.3766,3.3711,3.3721,3.3816,3.3816,3.3761,3.3771,13
2026-01-07 22:15:00,3.3726,3.3731,3.3716,3.3716,3.3776,3.3781,3.3766,3.3766,5
2026-01-07 22:16:00,3.3721,3.3746,3.3716,3.3721,3.3771,3.3796,3.3766,3.3771,10
2026-01-07 22:17:00,3.3711,3.3721,3.3666,3.3711,3.3761,3.3771,3.3716,3.3761,21
2026-01-07 22:18:00,3.3706,3.3706,3.3706,3.3706,3.3756,3.3756,3.3756,3.3756,1
2026-01-07 22:19:00,3.3711,3.3731,3.3711,3.3726,3.3761,3.3781,3.3761,3.3776,8
2026-01-07 22:20:00,3.3716,3.3741,3.3716,3.3736,3.3766,3.3791,3.3766,3.3786,9
2026-01-07 22:21:00,3.3746,3.3746,3.3736,3.3736,3.3796,3.3796,3.3786,3.3786,7
2026-01-07 22:23:00,3.3726,3.3726,3.3716,3.3716,3.3776,3.3776,3.3766,3.3766,3
2026-01-07 22:24:00,3.3721,3.3721,3.3686,3.3696,3.3771,3.3771,3.3736,3.3746,9
2026-01-07 22:25:00,3.3691,3.3691,3.3686,3.3691,3.3741,3.3741,3.3736,3.3741,3
2026-01-07 22:26:00,3.3696,3.3706,3.3696,3.3696,3.3746,3.3756,3.3746,3.3746,4
2026-01-07 22:27:00,3.3706,3.3706,3.3706,3.3706,3.3756,3.3756,3.3756,3.3756,1
2026-01-07 22:28:00,3.3701,3.3706,3.3701,3.3706,3.3751,3.3756,3.3751,3.3756,2
2026-01-07 22:29:00,3.3701,3.3716,3.3696,3.3696,3.3751,3.3766,3.3746,3.3746,8
2026-01-07 22:30:00,3.3691,3.3691,3.3666,3.3666,3.3741,3.3741,3.3716,3.3716,8
2026-01-07 22:31:00,3.3676,3.3686,3.3676,3.3686,3.3726,3.3736,3.3726,3.3736,3
2026-01-07 22:32:00,3.3681,3.3686,3.3681,3.3686,3.3731,3.3736,3.3731,3.3736,2
2026-01-07 22:33:00,3.3696,3.3696,3.3686,3.3696,3.3746,3.3746,3.3736,3.3746,3
2026-01-07 22:34:00,3.3691,3.3691,3.3686,3.3686,3.3741,3.3741,3.3736,3.3736,2
2026-01-07 22:35:00,3.3696,3.3696,3.3696,3.3696,3.3746,3.3746,3.3746,3.3746,1
2026-01-07 22:36:00,3.3701,3.3706,3.3686,3.3686,3.3751,3.3756,3.3736,3.3736,7
2026-01-07 22:37:00,3.3681,3.3696,3.3681,3.3686,3.3731,3.3746,3.3731,3.3736,5
2026-01-07 22:38:00,3.3681,3.3696,3.3676,3.3696,3.3731,3.3746,3.3726,3.3746,7
2026-01-07 22:39:00,3.3691,3.3701,3.3686,3.3696,3.3741,3.3751,3.3736,3.3746,6
2026-01-07 22:40:00,3.3701,3.3726,3.3696,3.3726,3.3751,3.3776,3.3746,3.3776,10
2026-01-07 22:41:00,3.3716,3.3716,3.3696,3.3706,3.3766,3.3766,3.3746,3.3756,6
2026-01-07 22:42:00,3.3711,3.3716,3.3711,3.3711,3.3761,3.3766,3.3761,3.3761,3
2026-01-07 22:43:00,3.3721,3.3721,3.3721,3.3721,3.3771,3.3771,3.3771,3.3771,1
2026-01-07 22:44:00,3.3716,3.3716,3.3711,3.3716,3.3766,3.3766,3.3761,3.3766,3
2026-01-07 22:45:00,3.3721,3.3721,3.3696,3.3711,3.3771,3.3771,3.3746,3.3761,14
2026-01-07 22:46:00,3.3716,3.3716,3.3706,3.3711,3.3766,3.3766,3.3756,3.3761,4
2026-01-07 22:47:00,3.3696,3.3711,3.3696,3.3696,3.3746,3.3761,3.3746,3.3746,5
2026-01-07 22:48:00,3.3686,3.3696,3.3686,3.3686,3.3736,3.3746,3.3736,3.3736,3
2026-01-07 22:49:00,3.3696,3.3716,3.3666,3.3681,3.3746,3.3766,3.3716,3.3731,9
2026-01-07 22:50:00,3.3686,3.3686,3.3676,3.3681,3.3736,3.3736,3.3726,3.3731,6
2026-01-07 22:51:00,3.3686,3.3696,3.3676,3.3691,3.3736,3.3746,3.3726,3.3741,6
2026-01-07 22:52:00,3.3696,3.3696,3.3666,3.3666,3.3746,3.3746,3.3716,3.3716,7
2026-01-07 22:53:00,3.3671,3.3686,3.3666,3.3686,3.3721,3.3736,3.3716,3.3736,5
2026-01-07 22:54:00,3.3681,3.3691,3.3646,3.3666,3.3731,3.3741,3.3696,3.3716,21
2026-01-07 22:55:00,3.3671,3.3696,3.3666,3.3696,3.3721,3.3746,3.3716,3.3746,6
2026-01-07 22:56:00,3.3691,3.3691,3.3681,3.3686,3.3741,3.3741,3.3731,3.3736,5
2026-01-07 22:57:00,3.3691,3.3696,3.3686,3.3691,3.3741,3.3746,3.3736,3.3741,7
2026-01-07 22:58:00,3.3686,3.3691,3.3666,3.3671,3.3736,3.3741,3.3716,3.3721,17
2026-01-07 22:59:00,3.3666,3.3696,3.3142,3.3147,3.3716,3.3746,3.3192,3.3197,26
2026-01-08 00:00:00,3.3122,3.3192,3.3117,3.3147,3.3172,3.3242,3.3167,3.3197,22
2026-01-08 00:01:00,3.3152,3.3197,3.3152,3.3187,3.3202,3.3247,3.3202,3.3237,10
2026-01-08 00:02:00,3.3182,3.3182,3.3142,3.3167,3.3232,3.3232,3.3192,3.3217,11
2026-01-08 00:03:00,3.3172,3.3172,3.3137,3.3147,3.3222,3.3222,3.3187,3.3197,12
2026-01-08 00:04:00,3.3132,3.3147,3.3122,3.3137,3.3182,3.3197,3.3172,3.3187,7
2026-01-08 00:05:00,3.3147,3.3162,3.3137,3.3137,3.3197,3.3212,3.3187,3.3187,9
2026-01-08 00:06:00,3.3147,3.3147,3.3147,3.3147,3.3197,3.3197,3.3197,3.3197,1
2026-01-08 00:07:00,3.3152,3.3162,3.3142,3.3157,3.3202,3.3212,3.3192,3.3207,5
2026-01-08 00:08:00,3.3152,3.3152,3.3142,3.3142,3.3202,3.3202,3.3192,3.3192,2
2026-01-08 00:09:00,3.3147,3.3152,3.3147,3.3152,3.3197,3.3202,3.3197,3.3202,2
2026-01-08 00:10:00,3.3142,3.3172,3.3142,3.3172,3.3192,3.3222,3.3192,3.3222,4
2026-01-08 00:11:00,3.3177,3.3177,3.3142,3.3152,3.3227,3.3227,3.3192,3.3202,6
2026-01-08 00:12:00,3.3157,3.3172,3.3157,3.3172,3.3207,3.3222,3.3207,3.3222,5
2026-01-08 00:13:00,3.3167,3.3192,3.3167,3.3182,3.3217,3.3242,3.3217,3.3232,7
2026-01-08 00:14:00,3.3187,3.3197,3.3187,3.3192,3.3237,3.3247,3.3237,3.3242,6
2026-01-08 00:15:00,3.3187,3.3202,3.3177,3.3192,3.3237,3.3252,3.3227,3.3242,7
2026-01-08 00:16:00,3.3197,3.3212,3.3197,3.3212,3.3247,3.3262,3.3247,3.3262,4
2026-01-08 00:17:00,3.3217,3.3217,3.3212,3.3212,3.3267,3.3267,3.3262,3.3262,2
2026-01-08 00:18:00,3.3217,3.3267,3.3217,3.3262,3.3267,3.3317,3.3267,3.3312,8
2026-01-08 00:19:00,3.3267,3.3267,3.3257,3.3267,3.3317,3.3317,3.3307,3.3317,4
2026-01-08 00:20:00,3.3262,3.3262,3.3262,3.3262,3.3312,3.3312,3.3312,3.3312,1
2026-01-08 00:21:00,3.3267,3.3282,3.3227,3.3237,3.3317,3.3332,3.3277,3.3287,9
2026-01-08 00:22:00,3.3242,3.3257,3.3242,3.3242,3.3292,3.3307,3.3292,3.3292,4
2026-01-08 00:23:00,3.3232,3.3252,3.3222,3.3252,3.3282,3.3302,3.3272,3.3302,4
2026-01-08 00:24:00,3.3237,3.3252,3.3237,3.3252,3.3287,3.3302,3.3287,3.3302,6
2026-01-08 00:25:00,3.3247,3.3252,3.3197,3.3217,3.3297,3.3302,3.3247,3.3267,10
2026-01-08 00:26:00,3.3212,3.3212,3.3172,3.3172,3.3262,3.3262,3.3222,3.3222,8
2026-01-08 00:27:00,3.3177,3.3207,3.3177,3.3187,3.3227,3.3257,3.3227,3.3237,5
2026-01-08 00:28:00,3.3192,3.3192,3.3162,3.3172,3.3242,3.3242,3.3212,3.3222,7
2026-01-08 00:30:00,3.3162,3.3167,3.3147,3.3147,3.3212,3.3217,3.3197,3.3197,13
2026-01-08 00:31:00,3.3152,3.3182,3.3152,3.3177,3.3202,3.3232,3.3202,3.3227,13
2026-01-08 00:32:00,3.3172,3.3187,3.3172,3.3187,3.3222,3.3237,3.3222,3.3237,6
2026-01-08 00:33:00,3.3182,3.3212,3.3177,3.3212,3.3232,3.3262,3.3227,3.3262,6
2026-01-08 00:34:00,3.3207,3.3222,3.3177,3.3197,3.3257,3.3272,3.3227,3.3247,12
2026-01-08 00:35:00,3.3202,3.3202,3.3197,3.3197,3.3252,3.3252,3.3247,3.3247,2
2026-01-08 00:36:00,3.3212,3.3272,3.3212,3.3272,3.3262,3.3322,3.3262,3.3322,12
2026-01-08 00:37:00,3.3267,3.3267,3.3237,3.3237,3.3317,3.3317,3.3287,3.3287,5
2026-01-08 00:38:00,3.3247,3.3257,3.3247,3.3252,3.3297,3.3307,3.3297,3.3302,4
2026-01-08 00:39:00,3.3247,3.3267,3.3247,3.3267,3.3297,3.3317,3.3297,3.3317,5
2026-01-08 00:40:00,3.3262,3.3262,3.3237,3.3247,3.3312,3.3312,3.3287,3.3297,7
2026-01-08 00:41:00,3.3252,3.3252,3.3247,3.3252,3.3302,3.3302,3.3297,3.3302,3
2026-01-08 00:42:00,3.3247,3.3247,3.3237,3.3242,3.3297,3.3297,3.3287,3.3292,5
2026-01-08 00:43:00,3.3237,3.3237,3.3237,3.3237,3.3287,3.3287,3.3287,3.3287,1
2026-01-08 00:44:00,3.3232,3.3237,3.3232,3.3237,3.3282,3.3287,3.3282,3.3287,2
2026-01-08 00:45:00,3.3232,3.3242,3.3232,3.3237,3.3282,3.3292,3.3282,3.3287,3
2026-01-08 00:46:00,3.3242,3.3257,3.3242,3.3252,3.3292,3.3307,3.3292,3.3302,4
2026-01-08 00:47:00,3.3247,3.3247,3.3227,3.3227,3.3297,3.3297,3.3277,3.3277,4
2026-01-08 00:48:00,3.3222,3.3227,3.3222,3.3227,3.3272,3.3277,3.3272,3.3277,2
2026-01-08 00:49:00,3.3242,3.3242,3.3242,3.3242,3.3292,3.3292,3.3292,3.3292,1
2026-01-08 00:50:00,3.3237,3.3237,3.3232,3.3232,3.3287,3.3287,3.3282,3.3282,2
2026-01-08 00:51:00,3.3227,3.3227,3.3222,3.3222,3.3277,3.3277,3.3272,3.3272,2
2026-01-08 00:52:00,3.3217,3.3217,3.3202,3.3202,3.3267,3.3267,3.3252,3.3252,2
2026-01-08 00:53:00,3.3192,3.3212,3.3192,3.3212,3.3242,3.3262,3.3242,3.3262,2
2026-01-08 00:54:00,3.3217,3.3222,3.3217,3.3222,3.3267,3.3272,3.3267,3.3272,2
2026-01-08 00:56:00,3.3237,3.3247,3.3237,3.3247,3.3287,3.3297,3.3287,3.3297,2
2026-01-08 00:57:00,3.3242,3.3252,3.3242,3.3242,3.3292,3.3302,3.3292,3.3292,4
2026-01-08 00:58:00,3.3237,3.3252,3.3237,3.3252,3.3287,3.3302,3.3287,3.3302,5
2026-01-08 00:59:00,3.3257,3.3282,3.3252,3.3252,3.3307,3.3332,3.3302,3.3302,9
2026-01-08 01:00:00,3.3262,3.3262,3.3242,3.3247,3.3312,3.3312,3.3292,3.3297,6
2026-01-08 01:01:00,3.3242,3.3252,3.3242,3.3252,3.3292,3.3302,3.3292,3.3302,4
2026-01-08 01:02:00,3.3242,3.3242,3.3222,3.3232,3.3292,3.3292,3.3272,3.3282,10
2026-01-08 01:04:00,3.3242,3.3247,3.3227,3.3247,3.3292,3.3297,3.3277,3.3297,5
2026-01-08 01:05:00,3.3242,3.3252,3.3237,3.3252,3.3292,3.3302,3.3287,3.3302,5
2026-01-08 01:06:00,3.3247,3.3247,3.3237,3.3237,3.3297,3.3297,3.3287,3.3287,5
2026-01-08 01:07:00,3.3232,3.3232,3.3232,3.3232,3.3282,3.3282,3.3282,3.3282,1
2026-01-08 01:08:00,3.3237,3.3252,3.3237,3.3252,3.3287,3.3302,3.3287,3.3302,2
2026-01-08 01:09:00,3.3247,3.3252,3.3242,3.3252,3.3297,3.3302,3.3292,3.3302,4
2026-01-08 01:10:00,3.3262,3.3262,3.3247,3.3257,3.3312,3.3312,3.3297,3.3307,6
2026-01-08 01:11:00,3.3252,3.3272,3.3252,3.3272,3.3302,3.3322,3.3302,3.3322,5
2026-01-08 01:12:00,3.3267,3.3267,3.3262,3.3262,3.3317,3.3317,3.3312,3.3312,2
2026-01-08 01:13:00,3.3272,3.3277,3.3272,3.3272,3.3322,3.3327,3.3322,3.3322,3
2026-01-08 01:14:00,3.3262,3.3277,3.3262,3.3272,3.3312,3.3327,3.3312,3.3322,5
2026-01-08 01:15:00,3.3267,3.3267,3.3267,3.3267,3.3317,3.3317,3.3317,3.3317,1
2026-01-08 01:16:00,3.3262,3.3262,3.3262,3.3262,3.3312,3.3312,3.3312,3.3312,1
2026-01-08 01:17:00,3.3257,3.3257,3.3242,3.3242,3.3307,3.3307,3.3292,3.3292,3
2026-01-08 01:18:00,3.3237,3.3242,3.3237,3.3242,3.3287,3.3292,3.3287,3.3292,2
2026-01-08 01:19:00,3.3237,3.3237,3.3212,3.3232,3.3287,3.3287,3.3262,3.3282,6
2026-01-08 01:20:00,3.3242,3.3247,3.3242,3.3247,3.3292,3.3297,3.3292,3.3297,2
2026-01-08 01:23:00,3.3252,3.3262,3.3247,3.3247,3.3302,3.3312,3.3297,3.3297,3
2026-01-08 01:24:00,3.3257,3.3267,3.3247,3.3247,3.3307,3.3317,3.3297,3.3297,3
2026-01-08 01:25:00,3.3252,3.3257,3.3247,3.3257,3.3302,3.3307,3.3297,3.3307,5
2026-01-08 01:26:00,3.3242,3.3242,3.3232,3.3232,3.3292,3.3292,3.3282,3.3282,2
2026-01-08 01:27:00,3.3237,3.3237,3.3237,3.3237,3.3287,3.3287,3.3287,3.3287,1
2026-01-08 01:28:00,3.3247,3.3247,3.3242,3.3242,3.3297,3.3297,3.3292,3.3292,2
2026-01-08 01:30:00,3.3237,3.3237,3.3237,3.3237,3.3287,3.3287,3.3287,3.3287,1
2026-01-08 01:31:00,3.3242,3.3242,3.3242,3.3242,3.3292,3.3292,3.3292,3.3292,1
2026-01-08 01:33:00,3.3232,3.3232,3.3232,3.3232,3.3282,3.3282,3.3282,3.3282,1
2026-01-08 01:36:00,3.3237,3.3242,3.3227,3.3242,3.3287,3.3292,3.3277,3.3292,5
2026-01-08 01:37:00,3.3237,3.3242,3.3232,3.3242,3.3287,3.3292,3.3282,3.3292,3
2026-01-08 01:38:00,3.3232,3.3232,3.3222,3.3222,3.3282,3.3282,3.3272,3.3272,4
2026-01-08 01:39:00,3.3217,3.3242,3.3212,3.3242,3.3267,3.3292,3.3262,3.3292,7
2026-01-08 01:40:00,3.3247,3.3252,3.3242,3.3242,3.3297,3.3302,3.3292,3.3292,4
2026-01-08 01:41:00,3.3247,3.3247,3.3242,3.3247,3.3297,3.3297,3.3292,3.3297,3
2026-01-08 01:43:00,3.3262,3.3272,3.3262,3.3267,3.3312,3.3322,3.3312,3.3317,4
2026-01-08 01:44:00,3.3277,3.3277,3.3267,3.3277,3.3327,3.3327,3.3317,3.3327,4
2026-01-08 01:45:00,3.3272,3.3277,3.3262,3.3262,3.3322,3.3327,3.3312,3.3312,4
2026-01-08 01:46:00,3.3267,3.3267,3.3267,3.3267,3.3317,3.3317,3.3317,3.3317,1
2026-01-08 01:49:00,3.3272,3.3272,3.3267,3.3267,3.3322,3.3322,3.3317,3.3317,2
2026-01-08 01:50:00,3.3262,3.3267,3.3212,3.3242,3.3312,3.3317,3.3262,3.3292,12
2026-01-08 01:51:00,3.3232,3.3237,3.3212,3.3232,3.3282,3.3287,3.3262,3.3282,10
2026-01-08 01:53:00,3.3237,3.3237,3.3237,3.3237,3.3287,3.3287,3.3287,3.3287,1
2026-01-08 01:54:00,3.3232,3.3232,3.3227,3.3232,3.3282,3.3282,3.3277,3.3282,5
2026-01-08 01:55:00,3.3222,3.3232,3.3222,3.3232,3.3272,3.3282,3.3272,3.3282,2
2026-01-08 01:56:00,3.3222,3.3222,3.3222,3.3222,3.3272,3.3272,3.3272,3.3272,1
2026-01-08 01:57:00,3.3212,3.3212,3.3177,3.3207,3.3262,3.3262,3.3227,3.3257,7
2026-01-08 01:58:00,3.3212,3.3232,3.3177,3.3222,3.3262,3.3282,3.3227,3.3272,20
2026-01-08 01:59:00,3.3232,3.3252,3.3232,3.3237,3.3282,3.3302,3.3282,3.3287,5
2026-01-08 02:00:00,3.3247,3.3267,3.3212,3.3252,3.3297,3.3317,3.3262,3.3302,16
2026-01-08 02:01:00,3.3257,3.3257,3.3242,3.3257,3.3307,3.3307,3.3292,3.3307,8
2026-01-08 02:02:00,3.3252,3.3272,3.3242,3.3257,3.3302,3.3322,3.3292,3.3307,7
2026-01-08 02:03:00,3.3262,3.3262,3.3262,3.3262,3.3312,3.3312,3.3312,3.3312,1
2026-01-08 02:06:00,3.3267,3.3267,3.3262,3.3262,3.3317,3.3317,3.3312,3.3312,4
2026-01-08 02:07:00,3.3252,3.3262,3.3247,3.3257,3.3302,3.3312,3.3297,3.3307,9
2026-01-08 02:08:00,3.3267,3.3272,3.3262,3.3272,3.3317,3.3322,3.3312,3.3322,3
2026-01-08 02:09:00,3.3267,3.3267,3.3262,3.3262,3.3317,3.3317,3.3312,3.3312,4
2026-01-08 02:11:00,3.3272,3.3272,3.3272,3.3272,3.3322,3.3322,3.3322,3.3322,1
2026-01-08 02:12:00,3.3267,3.3277,3.3267,3.3277,3.3317,3.3327,3.3317,3.3327,3
2026-01-08 02:13:00,3.3282,3.3282,3.3267,3.3267,3.3332,3.3332,3.3317,3.3317,3
2026-01-08 02:14:00,3.3262,3.3277,3.3262,3.3272,3.3312,3.3327,3.3312,3.3322,5
2026-01-08 02:16:00,3.3267,3.3267,3.3252,3.3252,3.3317,3.3317,3.3302,3.3302,3
2026-01-08 02:17:00,3.3257,3.3257,3.3252,3.3252,3.3307,3.3307,3.3302,3.3302,2
2026-01-08 02:18:00,3.3257,3.3257,3.3257,3.3257,3.3307,3.3307,3.3307,3.3307,1
2026-01-08 02:20:00,3.3262,3.3262,3.3262,3.3262,3.3312,3.3312,3.3312,3.3312,1
2026-01-08 02:21:00,3.3267,3.3272,3.3267,3.3272,3.3317,3.3322,3.3317,3.3322,2
2026-01-08 02:22:00,3.3277,3.3277,3.3277,3.3277,3.3327,3.3327,3.3327,3.3327,1
2026-01-08 02:26:00,3.3272,3.3287,3.3272,3.3272,3.3322,3.3337,3.3322,3.3322,4
2026-01-08 02:27:00,3.3282,3.3307,3.3282,3.3307,3.3332,3.3357,3.3332,3.3357,11
2026-01-08 02:28:00,3.3312,3.3332,3.3302,3.3307,3.3362,3.3382,3.3352,3.3357,12
2026-01-08 02:30:00,3.3312,3.3312,3.3312,3.3312,3.3362,3.3362,3.3362,3.3362,1
2026-01-08 02:31:00,3.3307,3.3307,3.3307,3.3307,3.3357,3.3357,3.3357,3.3357,1
2026-01-08 02:34:00,3.3317,3.3317,3.3307,3.3307,3.3367,3.3367,3.3357,3.3357,2
2026-01-08 02:36:00,3.3302,3.3317,3.3302,3.3307,3.3352,3.3367,3.3352,3.3357,5
2026-01-08 02:37:00,3.3317,3.3317,3.3307,3.3312,3.3367,3.3367,3.3357,3.3362,9
2026-01-08 02:38:00,3.3307,3.3307,3.3307,3.3307,3.3357,3.3357,3.3357,3.3357,1
2026-01-08 02:42:00,3.3317,3.3332,3.3312,3.3317,3.3367,3.3382,3.3362,3.3367,6
2026-01-08 02:43:00,3.3322,3.3322,3.3322,3.3322,3.3372,3.3372,3.3372,3.3372,1
2026-01-08 02:44:00,3.3317,3.3317,3.3317,3.3317,3.3367,3.3367,3.3367,3.3367,1
2026-01-08 02:45:00,3.3302,3.3317,3.3302,3.3312,3.3352,3.3367,3.3352,3.3362,4
2026-01-08 02:46:00,3.3317,3.3317,3.3317,3.3317,3.3367,3.3367,3.3367,3.3367,1
2026-01-08 02:48:00,3.3312,3.3312,3.3312,3.3312,3.3362,3.3362,3.3362,3.3362,1
2026-01-08 02:49:00,3.3317,3.3322,3.3317,3.3322,3.3367,3.3372,3.3367,3.3372,2
2026-01-08 02:50:00,3.3317,3.3317,3.3292,3.3292,3.3367,3.3367,3.3342,3.3342,6
2026-01-08 02:51:00,3.3282,3.3292,3.3282,3.3292,3.3332,3.3342,3.3332,3.3342,5
2026-01-08 02:53:00,3.3302,3.3302,3.3282,3.3282,3.3352,3.3352,3.3332,3.3332,3
2026-01-08 02:54:00,3.3287,3.3287,3.3287,3.3287,3.3337,3.3337,3.3337,3.3337,1
2026-01-08 02:55:00,3.3302,3.3302,3.3282,3.3297,3.3352,3.3352,3.3332,3.3347,5
2026-01-08 02:56:00,3.3292,3.3302,3.3287,3.3292,3.3342,3.3352,3.3337,3.3342,7
2026-01-08 02:57:00,3.3297,3.3297,3.3297,3.3297,3.3347,3.3347,3.3347,3.3347,1
2026-01-08 02:58:00,3.3302,3.3302,3.3302,3.3302,3.3352,3.3352,3.3352,3.3352,1
2026-01-08 02:59:00,3.3292,3.3302,3.3292,3.3302,3.3342,3.3352,3.3342,3.3352,2
2026-01-08 03:00:00,3.3297,3.3297,3.3287,3.3287,3.3347,3.3347,3.3337,3.3337,5
2026-01-08 03:01:00,3.3292,3.3292,3.3292,3.3292,3.3342,3.3342,3.3342,3.3342,1
2026-01-08 03:03:00,3.3287,3.3292,3.3287,3.3292,3.3337,3.3342,3.3337,3.3342,2
2026-01-08 03:04:00,3.3297,3.3312,3.3297,3.3307,3.3347,3.3362,3.3347,3.3357,10
2026-01-08 03:05:00,3.3302,3.3307,3.3302,3.3302,3.3352,3.3357,3.3352,3.3352,3
2026-01-08 03:06:00,3.3297,3.3312,3.3292,3.3307,3.3347,3.3362,3.3342,3.3357,6
2026-01-08 03:07:00,3.3312,3.3352,3.3312,3.3332,3.3362,3.3402,3.3362,3.3382,10
2026-01-08 03:08:00,3.3337,3.3337,3.3322,3.3322,3.3387,3.3387,3.3372,3.3372,7
2026-01-08 03:10:00,3.3332,3.3342,3.3332,3.3337,3.3382,3.3392,3.3382,3.3387,4
2026-01-08 03:13:00,3.3332,3.3332,3.3322,3.3322,3.3382,3.3382,3.3372,3.3372,2
2026-01-08 03:15:00,3.3327,3.3332,3.3327,3.3332,3.3377,3.3382,3.3377,3.3382,2
2026-01-08 03:16:00,3.3327,3.3337,3.3327,3.3337,3.3377,3.3387,3.3377,3.3387,3
2026-01-08 03:17:00,3.3332,3.3332,3.3327,3.3327,3.3382,3.3382,3.3377,3.3377,2
2026-01-08 03:21:00,3.3332,3.3332,3.3332,3.3332,3.3382,3.3382,3.3382,3.3382,1
2026-01-08 03:23:00,3.3337,3.3342,3.3332,3.3342,3.3387,3.3392,3.3382,3.3392,4
2026-01-08 03:25:00,3.3352,3.3362,3.3352,3.3362,3.3402,3.3412,3.3402,3.3412,3
2026-01-08 03:27:00,3.3357,3.3357,3.3342,3.3347,3.3407,3.3407,3.3392,3.3397,4
2026-01-08 03:28:00,3.3352,3.3357,3.3352,3.3357,3.3402,3.3407,3.3402,3.3407,2
2026-01-08 03:29:00,3.3362,3.3362,3.3352,3.3362,3.3412,3.3412,3.3402,3.3412,6
2026-01-08 03:31:00,3.3372,3.3372,3.3362,3.3362,3.3422,3.3422,3.3412,3.3412,2
2026-01-08 03:32:00,3.3372,3.3372,3.3362,3.3362,3.3422,3.3422,3.3412,3.3412,2
2026-01-08 03:34:00,3.3357,3.3367,3.3352,3.3362,3.3407,3.3417,3.3402,3.3412,8
2026-01-08 03:35:00,3.3352,3.3352,3.3347,3.3347,3.3402,3.3402,3.3397,3.3397,2
2026-01-08 03:36:00,3.3337,3.3337,3.3312,3.3322,3.3387,3.3387,3.3362,3.3372,9
2026-01-08 03:37:00,3.3317,3.3322,3.3292,3.3302,3.3367,3.3372,3.3342,3.3352,9
2026-01-08 03:39:00,3.3292,3.3302,3.3292,3.3302,3.3342,3.3352,3.3342,3.3352,2
2026-01-08 03:40:00,3.3312,3.3322,3.3312,3.3322,3.3362,3.3372,3.3362,3.3372,3
2026-01-08 03:41:00,3.3317,3.3322,3.3317,3.3322,3.3367,3.3372,3.3367,3.3372,2
2026-01-08 03:42:00,3.3317,3.3322,3.3317,3.3322,3.3367,3.3372,3.3367,3.3372,2
2026-01-08 03:43:00,3.3312,3.3322,3.3312,3.3322,3.3362,3.3372,3.3362,3.3372,2
2026-01-08 03:44:00,3.3327,3.3347,3.3327,3.3347,3.3377,3.3397,3.3377,3.3397,7
2026-01-08 03:45:00,3.3342,3.3347,3.3327,3.3342,3.3392,3.3397,3.3377,3.3392,6
2026-01-08 03:48:00,3.3332,3.3372,3.3332,3.3372,3.3382,3.3422,3.3382,3.3422,10
2026-01-08 03:49:00,3.3362,3.3387,3.3362,3.3387,3.3412,3.3437,3.3412,3.3437,14
2026-01-08 03:50:00,3.3382,3.3402,3.3382,3.3402,3.3432,3.3452,3.3432,3.3452,9
2026-01-08 03:51:00,3.3397,3.3402,3.3362,3.3382,3.3447,3.3452,3.3412,3.3432,21
2026-01-08 03:52:00,3.3377,3.3377,3.3347,3.3347,3.3427,3.3427,3.3397,3.3397,8
2026-01-08 03:53:00,3.3352,3.3352,3.3352,3.3352,3.3402,3.3402,3.3402,3.3402,1
2026-01-08 03:54:00,3.3357,3.3357,3.3357,3.3357,3.3407,3.3407,3.3407,3.3407,1
2026-01-08 03:55:00,3.3352,3.3357,3.3342,3.3357,3.3402,3.3407,3.3392,3.3407,4
2026-01-08 03:56:00,3.3362,3.3362,3.3362,3.3362,3.3412,3.3412,3.3412,3.3412,1
2026-01-08 03:57:00,3.3352,3.3352,3.3352,3.3352,3.3402,3.3402,3.3402,3.3402,1
2026-01-08 03:58:00,3.3347,3.3357,3.3347,3.3357,3.3397,3.3407,3.3397,3.3407,3
2026-01-08 03:59:00,3.3362,3.3372,3.3362,3.3372,3.3412,3.3422,3.3412,3.3422,2
2026-01-08 04:00:00,3.3367,3.3382,3.3367,3.3372,3.3417,3.3432,3.3417,3.3422,7
2026-01-08 04:01:00,3.3367,3.3382,3.3367,3.3382,3.3417,3.3432,3.3417,3.3432,4
2026-01-08 04:02:00,3.3377,3.3382,3.3372,3.3377,3.3427,3.3432,3.3422,3.3427,4
2026-01-08 04:03:00,3.3372,3.3372,3.3352,3.3352,3.3422,3.3422,3.3402,3.3402,3
2026-01-08 04:04:00,3.3362,3.3362,3.3357,3.3357,3.3412,3.3412,3.3407,3.3407,2
2026-01-08 04:05:00,3.3362,3.3362,3.3357,3.3357,3.3412,3.3412,3.3407,3.3407,2
2026-01-08 04:06:00,3.3362,3.3362,3.3362,3.3362,3.3412,3.3412,3.3412,3.3412,1
2026-01-08 04:10:00,3.3357,3.3357,3.3357,3.3357,3.3407,3.3407,3.3407,3.3407,1
2026-01-08 04:12:00,3.3362,3.3362,3.3362,3.3362,3.3412,3.3412,3.3412,3.3412,1
2026-01-08 04:16:00,3.3367,3.3372,3.3367,3.3372,3.3417,3.3422,3.3417,3.3422,2
2026-01-08 04:17:00,3.3367,3.3367,3.3362,3.3362,3.3417,3.3417,3.3412,3.3412,2
2026-01-08 04:19:00,3.3357,3.3357,3.3357,3.3357,3.3407,3.3407,3.3407,3.3407,1
2026-01-08 04:22:00,3.3342,3.3362,3.3332,3.3337,3.3392,3.3412,3.3382,3.3387,11
2026-01-08 04:23:00,3.3342,3.3342,3.3342,3.3342,3.3392,3.3392,3.3392,3.3392,1
2026-01-08 04:24:00,3.3332,3.3332,3.3332,3.3332,3.3382,3.3382,3.3382,3.3382,1
2026-01-08 04:26:00,3.3337,3.3337,3.3312,3.3322,3.3387,3.3387,3.3362,3.3372,7
2026-01-08 04:27:00,3.3327,3.3327,3.3327,3.3327,3.3377,3.3377,3.3377,3.3377,1
2026-01-08 04:28:00,3.3322,3.3322,3.3317,3.3317,3.3372,3.3372,3.3367,3.3367,2
2026-01-08 04:29:00,3.3327,3.3327,3.3327,3.3327,3.3377,3.3377,3.3377,3.3377,1
2026-01-08 04:30:00,3.3317,3.3317,3.3307,3.3307,3.3367,3.3367,3.3357,3.3357,11
2026-01-08 04:31:00,3.3312,3.3312,3.3232,3.3237,3.3362,3.3362,3.3282,3.3287,27
2026-01-08 04:32:00,3.3232,3.3237,3.3212,3.3232,3.3282,3.3287,3.3262,3.3282,14
2026-01-08 04:33:00,3.3237,3.3252,3.3237,3.3252,3.3287,3.3302,3.3287,3.3302,2
2026-01-08 04:34:00,3.3242,3.3242,3.3242,3.3242,3.3292,3.3292,3.3292,3.3292,1
2026-01-08 04:35:00,3.3247,3.3282,3.3247,3.3282,3.3297,3.3332,3.3297,3.3332,9
2026-01-08 04:36:00,3.3292,3.3292,3.3282,3.3282,3.3342,3.3342,3.3332,3.3332,4
2026-01-08 04:37:00,3.3292,3.3302,3.3287,3.3292,3.3342,3.3352,3.3337,3.3342,6
2026-01-08 04:38:00,3.3297,3.3297,3.3297,3.3297,3.3347,3.3347,3.3347,3.3347,1
2026-01-08 04:39:00,3.3302,3.3307,3.3302,3.3307,3.3352,3.3357,3.3352,3.3357,4
2026-01-08 04:40:00,3.3302,3.3307,3.3292,3.3292,3.3352,3.3357,3.3342,3.3342,9
2026-01-08 04:41:00,3.3297,3.3307,3.3297,3.3307,3.3347,3.3357,3.3347,3.3357,3
2026-01-08 04:44:00,3.3302,3.3307,3.3302,3.3307,3.3352,3.3357,3.3352,3.3357,4
2026-01-08 04:46:00,3.3312,3.3312,3.3307,3.3307,3.3362,3.3362,3.3357,3.3357,2
2026-01-08 04:47:00,3.3302,3.3307,3.3297,3.3307,3.3352,3.3357,3.3347,3.3357,14
2026-01-08 04:48:00,3.3302,3.3307,3.3302,3.3307,3.3352,3.3357,3.3352,3.3357,2
2026-01-08 04:49:00,3.3312,3.3312,3.3312,3.3312,3.3362,3.3362,3.3362,3.3362,1
2026-01-08 04:50:00,3.3317,3.3317,3.3317,3.3317,3.3367,3.3367,3.3367,3.3367,1
2026-01-08 04:51:00,3.3322,3.3327,3.3322,3.3322,3.3372,3.3377,3.3372,3.3372,3
2026-01-08 04:52:00,3.3332,3.3342,3.3332,3.3342,3.3382,3.3392,3.3382,3.3392,2
2026-01-08 04:53:00,3.3352,3.3352,3.3352,3.3352,3.3402,3.3402,3.3402,3.3402,1
2026-01-08 04:54:00,3.3357,3.3362,3.3357,3.3357,3.3407,3.3412,3.3407,3.3407,3
2026-01-08 04:55:00,3.3352,3.3362,3.3352,3.3357,3.3402,3.3412,3.3402,3.3407,4
2026-01-08 04:57:00,3.3362,3.3362,3.3357,3.3357,3.3412,3.3412,3.3407,3.3407,2
2026-01-08 04:58:00,3.3352,3.3352,3.3352,3.3352,3.3402,3.3402,3.3402,3.3402,1
2026-01-08 05:00:00,3.3362,3.3362,3.3357,3.3357,3.3412,3.3412,3.3407,3.3407,2
2026-01-08 05:01:00,3.3352,3.3352,3.3352,3.3352,3.3402,3.3402,3.3402,3.3402,1
2026-01-08 05:03:00,3.3357,3.3407,3.3357,3.3402,3.3407,3.3457,3.3407,3.3452,8
2026-01-08 05:04:00,3.3407,3.3417,3.3402,3.3412,3.3457,3.3467,3.3452,3.3462,5
2026-01-08 05:05:00,3.3402,3.3417,3.3402,3.3412,3.3452,3.3467,3.3452,3.3462,4
2026-01-08 05:06:00,3.3402,3.3407,3.3392,3.3402,3.3452,3.3457,3.3442,3.3452,4
2026-01-08 05:07:00,3.3397,3.3397,3.3392,3.3392,3.3447,3.3447,3.3442,3.3442,2
2026-01-08 05:08:00,3.3397,3.3397,3.3397,3.3397,3.3447,3.3447,3.3447,3.3447,1
2026-01-08 05:09:00,3.3417,3.3427,3.3412,3.3417,3.3467,3.3477,3.3462,3.3467,7
2026-01-08 05:10:00,3.3427,3.3427,3.3412,3.3412,3.3477,3.3477,3.3462,3.3462,3
2026-01-08 05:12:00,3.3407,3.3407,3.3402,3.3402,3.3457,3.3457,3.3452,3.3452,4
2026-01-08 05:13:00,3.3397,3.3397,3.3397,3.3397,3.3447,3.3447,3.3447,3.3447,1
2026-01-08 05:14:00,3.3387,3.3402,3.3387,3.3397,3.3437,3.3452,3.3437,3.3447,4
2026-01-08 05:15:00,3.3402,3.3422,3.3402,3.3412,3.3452,3.3472,3.3452,3.3462,10
2026-01-08 05:16:00,3.3417,3.3417,3.3392,3.3397,3.3467,3.3467,3.3442,3.3447,6
2026-01-08 05:17:00,3.3402,3.3407,3.3402,3.3407,3.3452,3.3457,3.3452,3.3457,2
2026-01-08 05:19:00,3.3412,3.3412,3.3407,3.3407,3.3462,3.3462,3.3457,3.3457,2
2026-01-08 05:20:00,3.3412,3.3532,3.3412,3.3492,3.3462,3.3582,3.3462,3.3542,35
2026-01-08 05:21:00,3.3502,3.3522,3.3492,3.3497,3.3552,3.3572,3.3542,3.3547,13
2026-01-08 05:22:00,3.3492,3.3522,3.3492,3.3522,3.3542,3.3572,3.3542,3.3572,6
2026-01-08 05:23:00,3.3517,3.3557,3.3512,3.3557,3.3567,3.3607,3.3562,3.3607,16
2026-01-08 05:24:00,3.3547,3.3617,3.3532,3.3592,3.3597,3.3667,3.3582,3.3642,24
2026-01-08 05:25:00,3.3602,3.3602,3.3542,3.3542,3.3652,3.3652,3.3592,3.3592,11
2026-01-08 05:26:00,3.3537,3.3537,3.3512,3.3527,3.3587,3.3587,3.3562,3.3577,6
2026-01-08 05:27:00,3.3532,3.3542,3.3532,3.3532,3.3582,3.3592,3.3582,3.3582,4
2026-01-08 05:28:00,3.3522,3.3522,3.3522,3.3522,3.3572,3.3572,3.3572,3.3572,1
2026-01-08 05:29:00,3.3512,3.3517,3.3512,3.3517,3.3562,3.3567,3.3562,3.3567,2
2026-01-08 05:30:00,3.3522,3.3552,3.3522,3.3552,3.3572,3.3602,3.3572,3.3602,5
2026-01-08 05:31:00,3.3557,3.3567,3.3552,3.3567,3.3607,3.3617,3.3602,3.3617,6
2026-01-08 05:32:00,3.3572,3.3582,3.3572,3.3582,3.3622,3.3632,3.3622,3.3632,3
2026-01-08 05:34:00,3.3587,3.3587,3.3582,3.3582,3.3637,3.3637,3.3632,3.3632,4
2026-01-08 05:35:00,3.3592,3.3642,3.3592,3.3622,3.3642,3.3692,3.3642,3.3672,17
2026-01-08 05:36:00,3.3612,3.3682,3.3612,3.3672,3.3662,3.3732,3.3662,3.3722,20
2026-01-08 05:37:00,3.3667,3.3772,3.3662,3.3732,3.3717,3.3822,3.3712,3.3782,38
2026-01-08 05:38:00,3.3742,3.3752,3.3717,3.3742,3.3792,3.3802,3.3767,3.3792,16
2026-01-08 05:39:00,3.3737,3.3737,3.3717,3.3717,3.3787,3.3787,3.3767,3.3767,4
2026-01-08 05:40:00,3.3722,3.3722,3.3692,3.3702,3.3772,3.3772,3.3742,3.3752,10
2026-01-08 05:41:00,3.3692,3.3722,3.3682,3.3717,3.3742,3.3772,3.3732,3.3767,9
2026-01-08 05:42:00,3.3742,3.3762,3.3722,3.3727,3.3792,3.3812,3.3772,3.3777,16
2026-01-08 05:43:00,3.3722,3.3727,3.3702,3.3707,3.3772,3.3777,3.3752,3.3757,9
2026-01-08 05:44:00,3.3702,3.3707,3.3682,3.3702,3.3752,3.3757,3.3732,3.3752,6
2026-01-08 05:45:00,3.3707,3.3712,3.3672,3.3677,3.3757,3.3762,3.3722,3.3727,11
2026-01-08 05:46:00,3.3682,3.3722,3.3682,3.3687,3.3732,3.3772,3.3732,3.3737,17
2026-01-08 05:47:00,3.3682,3.3692,3.3652,3.3652,3.3732,3.3742,3.3702,3.3702,14
2026-01-08 05:48:00,3.3642,3.3662,3.3622,3.3662,3.3692,3.3712,3.3672,3.3712,14
2026-01-08 05:49:00,3.3652,3.3652,3.3622,3.3637,3.3702,3.3702,3.3672,3.3687,9
2026-01-08 05:50:00,3.3647,3.3662,3.3647,3.3652,3.3697,3.3712,3.3697,3.3702,4
2026-01-08 05:51:00,3.3647,3.3647,3.3647,3.3647,3.3697,3.3697,3.3697,3.3697,1
2026-01-08 05:52:00,3.3652,3.3652,3.3647,3.3647,3.3702,3.3702,3.3697,3.3697,2
2026-01-08 05:53:00,3.3652,3.3662,3.3647,3.3652,3.3702,3.3712,3.3697,3.3702,4
2026-01-08 05:54:00,3.3642,3.3642,3.3607,3.3612,3.3692,3.3692,3.3657,3.3662,17
2026-01-08 05:55:00,3.3607,3.3627,3.3602,3.3622,3.3657,3.3677,3.3652,3.3672,10
2026-01-08 05:56:00,3.3627,3.3632,3.3622,3.3627,3.3677,3.3682,3.3672,3.3677,4
2026-01-08 05:57:00,3.3622,3.3622,3.3622,3.3622,3.3672,3.3672,3.3672,3.3672,1
2026-01-08 05:58:00,3.3632,3.3662,3.3632,3.3642,3.3682,3.3712,3.3682,3.3692,9
2026-01-08 05:59:00,3.3637,3.3647,3.3632,3.3637,3.3687,3.3697,3.3682,3.3687,7
2026-01-08 06:00:00,3.3647,3.3652,3.3637,3.3652,3.3697,3.3702,3.3687,3.3702,6
2026-01-08 06:01:00,3.3662,3.3662,3.3647,3.3652,3.3712,3.3712,3.3697,3.3702,4
2026-01-08 06:02:00,3.3657,3.3657,3.3657,3.3657,3.3707,3.3707,3.3707,3.3707,1
2026-01-08 06:03:00,3.3652,3.3657,3.3652,3.3652,3.3702,3.3707,3.3702,3.3702,3
2026-01-08 06:04:00,3.3642,3.3647,3.3637,3.3647,3.3692,3.3697,3.3687,3.3697,4
2026-01-08 06:05:00,3.3652,3.3652,3.3642,3.3642,3.3702,3.3702,3.3692,3.3692,5
2026-01-08 06:06:00,3.3647,3.3652,3.3637,3.3637,3.3697,3.3702,3.3687,3.3687,4
2026-01-08 06:07:00,3.3642,3.3642,3.3632,3.3637,3.3692,3.3692,3.3682,3.3687,3
2026-01-08 06:08:00,3.3642,3.3652,3.3642,3.3652,3.3692,3.3702,3.3692,3.3702,2
2026-01-08 06:09:00,3.3657,3.3657,3.3657,3.3657,3.3707,3.3707,3.3707,3.3707,1
2026-01-08 06:10:00,3.3652,3.3657,3.3642,3.3642,3.3702,3.3707,3.3692,3.3692,4
2026-01-08 06:11:00,3.3632,3.3632,3.3622,3.3632,3.3682,3.3682,3.3672,3.3682,4
2026-01-08 06:13:00,3.3627,3.3652,3.3622,3.3632,3.3677,3.3702,3.3672,3.3682,10
2026-01-08 06:14:00,3.3637,3.3652,3.3632,3.3642,3.3687,3.3702,3.3682,3.3692,6
2026-01-08 06:15:00,3.3647,3.3682,3.3632,3.3632,3.3697,3.3732,3.3682,3.3682,11
2026-01-08 06:16:00,3.3622,3.3632,3.3622,3.3632,3.3672,3.3682,3.3672,3.3682,4
2026-01-08 06:17:00,3.3642,3.3657,3.3642,3.3657,3.3692,3.3707,3.3692,3.3707,3
2026-01-08 06:18:00,3.3662,3.3662,3.3662,3.3662,3.3712,3.3712,3.3712,3.3712,1
2026-01-08 06:19:00,3.3652,3.3652,3.3562,3.3582,3.3702,3.3702,3.3612,3.3632,19
2026-01-08 06:20:00,3.3572,3.3587,3.3572,3.3577,3.3622,3.3637,3.3622,3.3627,10
2026-01-08 06:21:00,3.3572,3.3572,3.3542,3.3542,3.3622,3.3622,3.3592,3.3592,11
2026-01-08 06:22:00,3.3547,3.3552,3.3507,3.3507,3.3597,3.3602,3.3557,3.3557,9
2026-01-08 06:23:00,3.3512,3.3512,3.3512,3.3512,3.3562,3.3562,3.3562,3.3562,1
2026-01-08 06:24:00,3.3522,3.3522,3.3512,3.3512,3.3572,3.3572,3.3562,3.3562,6
2026-01-08 06:25:00,3.3502,3.3502,3.3472,3.3482,3.3552,3.3552,3.3522,3.3532,10
2026-01-08 06:26:00,3.3487,3.3492,3.3472,3.3482,3.3537,3.3542,3.3522,3.3532,10
2026-01-08 06:27:00,3.3477,3.3522,3.3472,3.3522,3.3527,3.3572,3.3522,3.3572,9
2026-01-08 06:28:00,3.3512,3.3512,3.3492,3.3492,3.3562,3.3562,3.3542,3.3542,4
2026-01-08 06:29:00,3.3482,3.3502,3.3482,3.3502,3.3532,3.3552,3.3532,3.3552,3
2026-01-08 06:30:00,3.3512,3.3512,3.3512,3.3512,3.3562,3.3562,3.3562,3.3562,1
2026-01-08 06:31:00,3.3522,3.3587,3.3512,3.3567,3.3572,3.3637,3.3562,3.3617,23
2026-01-08 06:32:00,3.3572,3.3597,3.3572,3.3587,3.3622,3.3647,3.3622,3.3637,7
2026-01-08 06:33:00,3.3592,3.3617,3.3577,3.3582,3.3642,3.3667,3.3627,3.3632,8
2026-01-08 06:34:00,3.3572,3.3572,3.3522,3.3547,3.3622,3.3622,3.3572,3.3597,10
2026-01-08 06:35:00,3.3552,3.3562,3.3547,3.3557,3.3602,3.3612,3.3597,3.3607,5
2026-01-08 06:36:00,3.3562,3.3587,3.3547,3.3587,3.3612,3.3637,3.3597,3.3637,10
2026-01-08 06:37:00,3.3592,3.3722,3.3592,3.3707,3.3642,3.3772,3.3642,3.3757,20
2026-01-08 06:38:00,3.3712,3.3792,3.3712,3.3737,3.3762,3.3842,3.3762,3.3787,22
2026-01-08 06:39:00,3.3732,3.3747,3.3672,3.3707,3.3782,3.3797,3.3722,3.3757,23
2026-01-08 06:40:00,3.3742,3.3742,3.3707,3.3722,3.3792,3.3792,3.3757,3.3772,11
2026-01-08 06:41:00,3.3712,3.3712,3.3557,3.3577,3.3762,3.3762,3.3607,3.3627,26
2026-01-08 06:42:00,3.3582,3.3612,3.3572,3.3597,3.3632,3.3662,3.3622,3.3647,10
2026-01-08 06:43:00,3.3572,3.3607,3.3532,3.3582,3.3622,3.3657,3.3582,3.3632,15
2026-01-08 06:44:00,3.3577,3.3592,3.3532,3.3537,3.3627,3.3642,3.3582,3.3587,8
2026-01-08 06:45:00,3.3512,3.3527,3.3452,3.3462,3.3562,3.3577,3.3502,3.3512,22
2026-01-08 06:46:00,3.3472,3.3477,3.3387,3.3397,3.3522,3.3527,3.3437,3.3447,24
2026-01-08 06:47:00,3.3407,3.3427,3.3402,3.3402,3.3457,3.3477,3.3452,3.3452,12
2026-01-08 06:48:00,3.3407,3.3442,3.3407,3.3427,3.3457,3.3492,3.3457,3.3477,11
2026-01-08 06:49:00,3.3432,3.3437,3.3432,3.3432,3.3482,3.3487,3.3482,3.3482,3
2026-01-08 06:50:00,3.3437,3.3522,3.3437,3.3522,3.3487,3.3572,3.3487,3.3572,17
2026-01-08 06:51:00,3.3527,3.3562,3.3527,3.3542,3.3577,3.3612,3.3577,3.3592,14
2026-01-08 06:52:00,3.3537,3.3587,3.3537,3.3562,3.3587,3.3637,3.3587,3.3612,9
2026-01-08 06:53:00,3.3557,3.3562,3.3422,3.3437,3.3607,3.3612,3.3472,3.3487,26
2026-01-08 06:54:00,3.3427,3.3427,3.3382,3.3397,3.3477,3.3477,3.3432,3.3447,12
2026-01-08 06:55:00,3.3392,3.3407,3.3362,3.3382,3.3442,3.3457,3.3412,3.3432,21
2026-01-08 06:56:00,3.3397,3.3422,3.3397,3.3422,3.3447,3.3472,3.3447,3.3472,9
2026-01-08 06:57:00,3.3427,3.3427,3.3417,3.3422,3.3477,3.3477,3.3467,3.3472,5
2026-01-08 06:58:00,3.3417,3.3427,3.3407,3.3407,3.3467,3.3477,3.3457,3.3457,6
2026-01-08 06:59:00,3.3412,3.3432,3.3412,3.3422,3.3462,3.3482,3.3462,3.3472,6
2026-01-08 07:00:00,3.3412,3.3412,3.3282,3.3292,3.3462,3.3462,3.3332,3.3342,70
2026-01-08 07:01:00,3.3282,3.3297,3.3132,3.3167,3.3332,3.3347,3.3182,3.3217,70
2026-01-08 07:02:00,3.3187,3.3187,3.3122,3.3122,3.3237,3.3237,3.3172,3.3172,37
2026-01-08 07:03:00,3.3127,3.3162,3.3077,3.3087,3.3177,3.3212,3.3127,3.3137,44
2026-01-08 07:04:00,3.3072,3.3227,3.3057,3.3227,3.3122,3.3277,3.3107,3.3277,76
2026-01-08 07:05:00,3.3217,3.3232,3.3162,3.3202,3.3267,3.3282,3.3212,3.3252,30
2026-01-08 07:06:00,3.3207,3.3222,3.3167,3.3202,3.3257,3.3272,3.3217,3.3252,21
2026-01-08 07:07:00,3.3197,3.3242,3.3177,3.3202,3.3247,3.3292,3.3227,3.3252,19
2026-01-08 07:08:00,3.3212,3.3222,3.3087,3.3092,3.3262,3.3272,3.3137,3.3142,35
2026-01-08 07:09:00,3.3107,3.3267,3.3107,3.3237,3.3157,3.3317,3.3157,3.3287,42
2026-01-08 07:10:00,3.3242,3.3247,3.3102,3.3132,3.3292,3.3297,3.3152,3.3182,21
2026-01-08 07:11:00,3.3127,3.3207,3.3127,3.3192,3.3177,3.3257,3.3177,3.3242,11
2026-01-08 07:12:00,3.3197,3.3282,3.3197,3.3217,3.3247,3.3332,3.3247,3.3267,25
2026-01-08 07:13:00,3.3222,3.3292,3.3222,3.3292,3.3272,3.3342,3.3272,3.3342,19
2026-01-08 07:14:00,3.3297,3.3297,3.3272,3.3277,3.3347,3.3347,3.3322,3.3327,7
2026-01-08 07:15:00,3.3272,3.3282,3.3162,3.3242,3.3322,3.3332,3.3212,3.3292,32
2026-01-08 07:16:00,3.3252,3.3372,3.3242,3.3372,3.3302,3.3422,3.3292,3.3422,25
2026-01-08 07:17:00,3.3362,3.3372,3.3282,3.3352,3.3412,3.3422,3.3332,3.3402,38
2026-01-08 07:18:00,3.3347,3.3352,3.3297,3.3317,3.3397,3.3402,3.3347,3.3367,22
2026-01-08 07:19:00,3.3307,3.3307,3.3297,3.3302,3.3357,3.3357,3.3347,3.3352,4
2026-01-08 07:20:00,3.3297,3.3347,3.3272,3.3347,3.3347,3.3397,3.3322,3.3397,15
2026-01-08 07:21:00,3.3337,3.3337,3.3262,3.3277,3.3387,3.3387,3.3312,3.3327,11
2026-01-08 07:22:00,3.3267,3.3327,3.3262,3.3312,3.3317,3.3377,3.3312,3.3362,9
2026-01-08 07:23:00,3.3317,3.3317,3.3317,3.3317,3.3367,3.3367,3.3367,3.3367,1
2026-01-08 07:24:00,3.3312,3.3312,3.3307,3.3307,3.3362,3.3362,3.3357,3.3357,2
2026-01-08 07:25:00,3.3322,3.3322,3.3302,3.3312,3.3372,3.3372,3.3352,3.3362,10
2026-01-08 07:26:00,3.3317,3.3332,3.3287,3.3327,3.3367,3.3382,3.3337,3.3377,15
2026-01-08 07:27:00,3.3337,3.3362,3.3327,3.3362,3.3387,3.3412,3.3377,3.3412,5
2026-01-08 07:28:00,3.3357,3.3372,3.3332,3.3367,3.3407,3.3422,3.3382,3.3417,15
2026-01-08 07:29:00,3.3362,3.3422,3.3312,3.3397,3.3412,3.3472,3.3362,3.3447,33
2026-01-08 07:30:00,3.3392,3.3442,3.3387,3.3437,3.3442,3.3492,3.3437,3.3487,12
2026-01-08 07:31:00,3.3442,3.3462,3.3422,3.3427,3.3492,3.3512,3.3472,3.3477,12
2026-01-08 07:32:00,3.3417,3.3427,3.3392,3.3392,3.3467,3.3477,3.3442,3.3442,7
2026-01-08 07:33:00,3.3402,3.3422,3.3342,3.3352,3.3452,3.3472,3.3392,3.3402,29
2026-01-08 07:34:00,3.3357,3.3397,3.3342,3.3387,3.3407,3.3447,3.3392,3.3437,13
2026-01-08 07:35:00,3.3392,3.3392,3.3377,3.3377,3.3442,3.3442,3.3427,3.3427,4
2026-01-08 07:36:00,3.3382,3.3502,3.3382,3.3477,3.3432,3.3552,3.3432,3.3527,19
2026-01-08 07:37:00,3.3497,3.3567,3.3497,3.3552,3.3547,3.3617,3.3547,3.3602,22
2026-01-08 07:38:00,3.3547,3.3572,3.3512,3.3542,3.3597,3.3622,3.3562,3.3592,22
2026-01-08 07:39:00,3.3547,3.3557,3.3512,3.3522,3.3597,3.3607,3.3562,3.3572,13
2026-01-08 07:40:00,3.3517,3.3532,3.3502,3.3532,3.3567,3.3582,3.3552,3.3582,9
2026-01-08 07:41:00,3.3537,3.3572,3.3537,3.3552,3.3587,3.3622,3.3587,3.3602,7
2026-01-08 07:42:00,3.3542,3.3572,3.3527,3.3572,3.3592,3.3622,3.3577,3.3622,9
2026-01-08 07:43:00,3.3577,3.3602,3.3552,3.3587,3.3627,3.3652,3.3602,3.3637,16
2026-01-08 07:44:00,3.3582,3.3587,3.3582,3.3587,3.3632,3.3637,3.3632,3.3637,4
2026-01-08 07:45:00,3.3602,3.3612,3.3547,3.3547,3.3652,3.3662,3.3597,3.3597,20
2026-01-08 07:46:00,3.3542,3.3562,3.3532,3.3542,3.3592,3.3612,3.3582,3.3592,8
2026-01-08 07:47:00,3.3547,3.3547,3.3547,3.3547,3.3597,3.3597,3.3597,3.3597,1
2026-01-08 07:48:00,3.3542,3.3582,3.3542,3.3567,3.3592,3.3632,3.3592,3.3617,10
2026-01-08 07:49:00,3.3562,3.3567,3.3562,3.3562,3.3612,3.3617,3.3612,3.3612,3
2026-01-08 07:50:00,3.3567,3.3582,3.3562,3.3562,3.3617,3.3632,3.3612,3.3612,6
2026-01-08 07:51:00,3.3572,3.3617,3.3572,3.3617,3.3622,3.3667,3.3622,3.3667,11
2026-01-08 07:52:00,3.3612,3.3612,3.3587,3.3602,3.3662,3.3662,3.3637,3.3652,11
2026-01-08 07:53:00,3.3612,3.3622,3.3552,3.3567,3.3662,3.3672,3.3602,3.3617,18
2026-01-08 07:54:00,3.3562,3.3602,3.3562,3.3602,3.3612,3.3652,3.3612,3.3652,13
2026-01-08 07:55:00,3.3592,3.3607,3.3592,3.3597,3.3642,3.3657,3.3642,3.3647,3
2026-01-08 07:56:00,3.3587,3.3587,3.3577,3.3577,3.3637,3.3637,3.3627,3.3627,3
2026-01-08 07:57:00,3.3592,3.3602,3.3562,3.3597,3.3642,3.3652,3.3612,3.3647,10
2026-01-08 07:58:00,3.3592,3.3592,3.3562,3.3577,3.3642,3.3642,3.3612,3.3627,12
2026-01-08 07:59:00,3.3587,3.3592,3.3582,3.3592,3.3637,3.3642,3.3632,3.3642,4
2026-01-08 08:00:00,3.3582,3.3582,3.3547,3.3562,3.3632,3.3632,3.3597,3.3612,19
2026-01-08 08:01:00,3.3567,3.3567,3.3552,3.3557,3.3617,3.3617,3.3602,3.3607,5
2026-01-08 08:02:00,3.3567,3.3587,3.3567,3.3582,3.3617,3.3637,3.3617,3.3632,4
2026-01-08 08:03:00,3.3592,3.3602,3.3592,3.3602,3.3642,3.3652,3.3642,3.3652,3
2026-01-08 08:04:00,3.3592,3.3612,3.3582,3.3612,3.3642,3.3662,3.3632,3.3662,11
2026-01-08 08:05:00,3.3602,3.3622,3.3577,3.3592,3.3652,3.3672,3.3627,3.3642,15
2026-01-08 08:06:00,3.3597,3.3612,3.3552,3.3562,3.3647,3.3662,3.3602,3.3612,18
2026-01-08 08:07:00,3.3572,3.3587,3.3572,3.3587,3.3622,3.3637,3.3622,3.3637,7
2026-01-08 08:09:00,3.3582,3.3587,3.3562,3.3567,3.3632,3.3637,3.3612,3.3617,9
2026-01-08 08:10:00,3.3572,3.3597,3.3572,3.3597,3.3622,3.3647,3.3622,3.3647,5
2026-01-08 08:11:00,3.3602,3.3602,3.3562,3.3562,3.3652,3.3652,3.3612,3.3612,9
2026-01-08 08:12:00,3.3557,3.3567,3.3557,3.3562,3.3607,3.3617,3.3607,3.3612,4
2026-01-08 08:13:00,3.3567,3.3592,3.3562,3.3572,3.3617,3.3642,3.3612,3.3622,8
2026-01-08 08:14:00,3.3567,3.3612,3.3562,3.3587,3.3617,3.3662,3.3612,3.3637,14
2026-01-08 08:15:00,3.3592,3.3592,3.3582,3.3587,3.3642,3.3642,3.3632,3.3637,6
2026-01-08 08:16:00,3.3577,3.3582,3.3552,3.3557,3.3627,3.3632,3.3602,3.3607,7
2026-01-08 08:17:00,3.3552,3.3572,3.3552,3.3572,3.3602,3.3622,3.3602,3.3622,4
2026-01-08 08:18:00,3.3577,3.3587,3.3577,3.3587,3.3627,3.3637,3.3627,3.3637,6
2026-01-08 08:19:00,3.3582,3.3587,3.3582,3.3587,3.3632,3.3637,3.3632,3.3637,4
2026-01-08 08:20:00,3.3582,3.3582,3.3567,3.3577,3.3632,3.3632,3.3617,3.3627,7
2026-01-08 08:22:00,3.3572,3.3572,3.3512,3.3512,3.3622,3.3622,3.3562,3.3562,17
2026-01-08 08:23:00,3.3517,3.3542,3.3512,3.3542,3.3567,3.3592,3.3562,3.3592,6
2026-01-08 08:24:00,3.3547,3.3577,3.3547,3.3557,3.3597,3.3627,3.3597,3.3607,14
2026-01-08 08:25:00,3.3552,3.3567,3.3552,3.3562,3.3602,3.3617,3.3602,3.3612,4
2026-01-08 08:26:00,3.3572,3.3577,3.3562,3.3577,3.3622,3.3627,3.3612,3.3627,7
2026-01-08 08:27:00,3.3582,3.3582,3.3572,3.3582,3.3632,3.3632,3.3622,3.3632,5
2026-01-08 08:28:00,3.3577,3.3582,3.3557,3.3582,3.3627,3.3632,3.3607,3.3632,9
2026-01-08 08:29:00,3.3602,3.3642,3.3602,3.3607,3.3652,3.3692,3.3652,3.3657,16
2026-01-08 08:30:00,3.3617,3.3617,3.3572,3.3577,3.3667,3.3667,3.3622,3.3627,16
2026-01-08 08:31:00,3.3572,3.3572,3.3542,3.3572,3.3622,3.3622,3.3592,3.3622,15
2026-01-08 08:32:00,3.3577,3.3582,3.3562,3.3567,3.3627,3.3632,3.3612,3.3617,9
2026-01-08 08:33:00,3.3562,3.3562,3.3552,3.3552,3.3612,3.3612,3.3602,3.3602,5
2026-01-08 08:34:00,3.3547,3.3547,3.3542,3.3542,3.3597,3.3597,3.3592,3.3592,4
2026-01-08 08:35:00,3.3552,3.3592,3.3552,3.3587,3.3602,3.3642,3.3602,3.3637,10
2026-01-08 08:36:00,3.3582,3.3607,3.3582,3.3607,3.3632,3.3657,3.3632,3.3657,7
2026-01-08 08:37:00,3.3602,3.3617,3.3592,3.3592,3.3652,3.3667,3.3642,3.3642,10
2026-01-08 08:38:00,3.3587,3.3587,3.3582,3.3587,3.3637,3.3637,3.3632,3.3637,5
2026-01-08 08:39:00,3.3602,3.3602,3.3577,3.3577,3.3652,3.3652,3.3627,3.3627,4
2026-01-08 08:40:00,3.3582,3.3602,3.3577,3.3592,3.3632,3.3652,3.3627,3.3642,7
2026-01-08 08:41:00,3.3597,3.3602,3.3592,3.3592,3.3647,3.3652,3.3642,3.3642,5
2026-01-08 08:42:00,3.3597,3.3597,3.3592,3.3597,3.3647,3.3647,3.3642,3.3647,3
2026-01-08 08:43:00,3.3592,3.3592,3.3587,3.3592,3.3642,3.3642,3.3637,3.3642,3
2026-01-08 08:44:00,3.3597,3.3602,3.3597,3.3602,3.3647,3.3652,3.3647,3.3652,2
2026-01-08 08:45:00,3.3592,3.3592,3.3577,3.3582,3.3642,3.3642,3.3627,3.3632,9
2026-01-08 08:46:00,3.3577,3.3577,3.3577,3.3577,3.3627,3.3627,3.3627,3.3627,1
2026-01-08 08:47:00,3.3572,3.3572,3.3572,3.3572,3.3622,3.3622,3.3622,3.3622,1
2026-01-08 08:48:00,3.3562,3.3572,3.3562,3.3562,3.3612,3.3622,3.3612,3.3612,6
2026-01-08 08:49:00,3.3547,3.3547,3.3512,3.3542,3.3597,3.3597,3.3562,3.3592,9
2026-01-08 08:50:00,3.3537,3.3537,3.3512,3.3522,3.3587,3.3587,3.3562,3.3572,8
2026-01-08 08:51:00,3.3532,3.3542,3.3522,3.3542,3.3582,3.3592,3.3572,3.3592,5
2026-01-08 08:52:00,3.3532,3.3542,3.3522,3.3532,3.3582,3.3592,3.3572,3.3582,9
2026-01-08 08:53:00,3.3527,3.3532,3.3527,3.3532,3.3577,3.3582,3.3577,3.3582,2
2026-01-08 08:54:00,3.3527,3.3532,3.3522,3.3532,3.3577,3.3582,3.3572,3.3582,3
2026-01-08 08:55:00,3.3522,3.3522,3.3472,3.3482,3.3572,3.3572,3.3522,3.3532,9
2026-01-08 08:56:00,3.3492,3.3512,3.3492,3.3492,3.3542,3.3562,3.3542,3.3542,5
2026-01-08 08:57:00,3.3487,3.3492,3.3482,3.3482,3.3537,3.3542,3.3532,3.3532,6
2026-01-08 08:58:00,3.3477,3.3492,3.3477,3.3487,3.3527,3.3542,3.3527,3.3537,11
2026-01-08 08:59:00,3.3482,3.3492,3.3482,3.3492,3.3532,3.3542,3.3532,3.3542,2
2026-01-08 09:00:00,3.3482,3.3522,3.3482,3.3512,3.3532,3.3572,3.3532,3.3562,15
2026-01-08 09:01:00,3.3502,3.3502,3.3482,3.3492,3.3552,3.3552,3.3532,3.3542,4
2026-01-08 09:02:00,3.3497,3.3497,3.3477,3.3477,3.3547,3.3547,3.3527,3.3527,6
2026-01-08 09:03:00,3.3492,3.3492,3.3482,3.3487,3.3542,3.3542,3.3532,3.3537,7
2026-01-08 09:04:00,3.3492,3.3507,3.3487,3.3492,3.3542,3.3557,3.3537,3.3542,6
2026-01-08 09:05:00,3.3502,3.3502,3.3467,3.3482,3.3552,3.3552,3.3517,3.3532,9
2026-01-08 09:06:00,3.3477,3.3477,3.3472,3.3477,3.3527,3.3527,3.3522,3.3527,3
2026-01-08 09:07:00,3.3482,3.3492,3.3472,3.3472,3.3532,3.3542,3.3522,3.3522,7
2026-01-08 09:08:00,3.3462,3.3462,3.3452,3.3452,3.3512,3.3512,3.3502,3.3502,7
2026-01-08 09:09:00,3.3437,3.3437,3.3422,3.3432,3.3487,3.3487,3.3472,3.3482,4
2026-01-08 09:10:00,3.3427,3.3427,3.3392,3.3392,3.3477,3.3477,3.3442,3.3442,17
2026-01-08 09:11:00,3.3402,3.3407,3.3392,3.3392,3.3452,3.3457,3.3442,3.3442,6
2026-01-08 09:12:00,3.3382,3.3417,3.3382,3.3412,3.3432,3.3467,3.3432,3.3462,14
2026-01-08 09:14:00,3.3407,3.3407,3.3387,3.3387,3.3457,3.3457,3.3437,3.3437,9
2026-01-08 09:15:00,3.3382,3.3392,3.3362,3.3387,3.3432,3.3442,3.3412,3.3437,16
2026-01-08 09:16:00,3.3392,3.3412,3.3372,3.3412,3.3442,3.3462,3.3422,3.3462,15
2026-01-08 09:18:00,3.3402,3.3412,3.3402,3.3402,3.3452,3.3462,3.3452,3.3452,6
2026-01-08 09:20:00,3.3397,3.3397,3.3387,3.3387,3.3447,3.3447,3.3437,3.3437,2
2026-01-08 09:21:00,3.3382,3.3402,3.3372,3.3402,3.3432,3.3452,3.3422,3.3452,12
2026-01-08 09:22:00,3.3392,3.3402,3.3392,3.3402,3.3442,3.3452,3.3442,3.3452,5
2026-01-08 09:23:00,3.3397,3.3397,3.3392,3.3392,3.3447,3.3447,3.3442,3.3442,4
2026-01-08 09:24:00,3.3397,3.3462,3.3397,3.3447,3.3447,3.3512,3.3447,3.3497,13
2026-01-08 09:25:00,3.3452,3.3457,3.3452,3.3452,3.3502,3.3507,3.3502,3.3502,3
2026-01-08 09:26:00,3.3447,3.3452,3.3442,3.3442,3.3497,3.3502,3.3492,3.3492,4
2026-01-08 09:27:00,3.3432,3.3432,3.3422,3.3427,3.3482,3.3482,3.3472,3.3477,3
2026-01-08 09:28:00,3.3417,3.3422,3.3397,3.3397,3.3467,3.3472,3.3447,3.3447,11
2026-01-08 09:29:00,3.3392,3.3392,3.3382,3.3387,3.3442,3.3442,3.3432,3.3437,4
2026-01-08 09:30:00,3.3367,3.3392,3.3342,3.3367,3.3417,3.3442,3.3392,3.3417,22
2026-01-08 09:31:00,3.3372,3.3392,3.3342,3.3342,3.3422,3.3442,3.3392,3.3392,10
2026-01-08 09:32:00,3.3352,3.3362,3.3342,3.3362,3.3402,3.3412,3.3392,3.3412,8
2026-01-08 09:33:00,3.3352,3.3382,3.3352,3.3372,3.3402,3.3432,3.3402,3.3422,11
2026-01-08 09:34:00,3.3377,3.3382,3.3342,3.3347,3.3427,3.3432,3.3392,3.3397,11
2026-01-08 09:35:00,3.3342,3.3352,3.3342,3.3347,3.3392,3.3402,3.3392,3.3397,5
2026-01-08 09:36:00,3.3342,3.3372,3.3342,3.3362,3.3392,3.3422,3.3392,3.3412,9
2026-01-08 09:37:00,3.3352,3.3357,3.3342,3.3342,3.3402,3.3407,3.3392,3.3392,5
2026-01-08 09:38:00,3.3332,3.3332,3.3287,3.3287,3.3382,3.3382,3.3337,3.3337,13
2026-01-08 09:39:00,3.3282,3.3307,3.3272,3.3287,3.3332,3.3357,3.3322,3.3337,10
2026-01-08 09:40:00,3.3282,3.3282,3.3242,3.3252,3.3332,3.3332,3.3292,3.3302,7
2026-01-08 09:41:00,3.3247,3.3252,3.3217,3.3232,3.3297,3.3302,3.3267,3.3282,19
2026-01-08 09:42:00,3.3222,3.3227,3.3212,3.3212,3.3272,3.3277,3.3262,3.3262,16
2026-01-08 09:43:00,3.3222,3.3247,3.3222,3.3232,3.3272,3.3297,3.3272,3.3282,15
2026-01-08 09:44:00,3.3242,3.3242,3.3242,3.3242,3.3292,3.3292,3.3292,3.3292,1
2026-01-08 09:45:00,3.3237,3.3242,3.3232,3.3237,3.3287,3.3292,3.3282,3.3287,11
2026-01-08 09:46:00,3.3232,3.3232,3.3192,3.3202,3.3282,3.3282,3.3242,3.3252,26
2026-01-08 09:47:00,3.3197,3.3202,3.3192,3.3202,3.3247,3.3252,3.3242,3.3252,4
2026-01-08 09:48:00,3.3197,3.3227,3.3192,3.3227,3.3247,3.3277,3.3242,3.3277,8
2026-01-08 09:49:00,3.3232,3.3242,3.3222,3.3227,3.3282,3.3292,3.3272,3.3277,6
2026-01-08 09:50:00,3.3222,3.3222,3.3212,3.3222,3.3272,3.3272,3.3262,3.3272,4
2026-01-08 09:51:00,3.3232,3.3232,3.3222,3.3222,3.3282,3.3282,3.3272,3.3272,6
2026-01-08 09:52:00,3.3227,3.3292,3.3227,3.3277,3.3277,3.3342,3.3277,3.3327,14
2026-01-08 09:53:00,3.3282,3.3297,3.3272,3.3282,3.3332,3.3347,3.3322,3.3332,24
2026-01-08 09:54:00,3.3287,3.3302,3.3272,3.3302,3.3337,3.3352,3.3322,3.3352,12
2026-01-08 09:55:00,3.3292,3.3332,3.3292,3.3322,3.3342,3.3382,3.3342,3.3372,6
2026-01-08 09:56:00,3.3332,3.3347,3.3332,3.3342,3.3382,3.3397,3.3382,3.3392,5
2026-01-08 09:57:00,3.3337,3.3362,3.3312,3.3317,3.3387,3.3412,3.3362,3.3367,20
2026-01-08 09:58:00,3.3307,3.3322,3.3287,3.3287,3.3357,3.3372,3.3337,3.3337,17
2026-01-08 09:59:00,3.3282,3.3302,3.3282,3.3302,3.3332,3.3352,3.3332,3.3352,8
2026-01-08 10:00:00,3.3297,3.3297,3.3262,3.3287,3.3347,3.3347,3.3312,3.3337,16
2026-01-08 10:01:00,3.3292,3.3292,3.3272,3.3282,3.3342,3.3342,3.3322,3.3332,7
2026-01-08 10:02:00,3.3277,3.3302,3.3277,3.3297,3.3327,3.3352,3.3327,3.3347,5
2026-01-08 10:03:00,3.3302,3.3302,3.3297,3.3302,3.3352,3.3352,3.3347,3.3352,3
2026-01-08 10:04:00,3.3307,3.3322,3.3292,3.3292,3.3357,3.3372,3.3342,3.3342,9
2026-01-08 10:05:00,3.3297,3.3297,3.3297,3.3297,3.3347,3.3347,3.3347,3.3347,1
2026-01-08 10:06:00,3.3302,3.3302,3.3292,3.3302,3.3352,3.3352,3.3342,3.3352,4
2026-01-08 10:07:00,3.3307,3.3312,3.3287,3.3292,3.3357,3.3362,3.3337,3.3342,9
2026-01-08 10:08:00,3.3282,3.3292,3.3282,3.3282,3.3332,3.3342,3.3332,3.3332,3
2026-01-08 10:09:00,3.3287,3.3287,3.3287,3.3287,3.3337,3.3337,3.3337,3.3337,1
2026-01-08 10:10:00,3.3292,3.3302,3.3272,3.3272,3.3342,3.3352,3.3322,3.3322,8
2026-01-08 10:13:00,3.3267,3.3272,3.3267,3.3272,3.3317,3.3322,3.3317,3.3322,2
2026-01-08 10:14:00,3.3267,3.3267,3.3217,3.3222,3.3317,3.3317,3.3267,3.3272,13
2026-01-08 10:15:00,3.3227,3.3237,3.3212,3.3222,3.3277,3.3287,3.3262,3.3272,16
2026-01-08 10:16:00,3.3227,3.3252,3.3227,3.3252,3.3277,3.3302,3.3277,3.3302,6
2026-01-08 10:17:00,3.3242,3.3247,3.3227,3.3242,3.3292,3.3297,3.3277,3.3292,6
2026-01-08 10:18:00,3.3247,3.3252,3.3247,3.3247,3.3297,3.3302,3.3297,3.3297,3
2026-01-08 10:19:00,3.3252,3.3262,3.3242,3.3242,3.3302,3.3312,3.3292,3.3292,6
2026-01-08 10:20:00,3.3232,3.3232,3.3222,3.3227,3.3282,3.3282,3.3272,3.3277,6
2026-01-08 10:21:00,3.3222,3.3262,3.3222,3.3257,3.3272,3.3312,3.3272,3.3307,11
2026-01-08 10:22:00,3.3262,3.3262,3.3242,3.3242,3.3312,3.3312,3.3292,3.3292,10
2026-01-08 10:23:00,3.3237,3.3242,3.3232,3.3237,3.3287,3.3292,3.3282,3.3287,6
2026-01-08 10:24:00,3.3232,3.3232,3.3227,3.3227,3.3282,3.3282,3.3277,3.3277,2
2026-01-08 10:25:00,3.3232,3.3242,3.3227,3.3227,3.3282,3.3292,3.3277,3.3277,6
2026-01-08 10:26:00,3.3232,3.3247,3.3232,3.3247,3.3282,3.3297,3.3282,3.3297,5
2026-01-08 10:27:00,3.3252,3.3262,3.3252,3.3262,3.3302,3.3312,3.3302,3.3312,4
2026-01-08 10:28:00,3.3272,3.3272,3.3272,3.3272,3.3322,3.3322,3.3322,3.3322,1
2026-01-08 10:30:00,3.3262,3.3262,3.3232,3.3237,3.3312,3.3312,3.3282,3.3287,10
2026-01-08 10:31:00,3.3242,3.3242,3.3232,3.3232,3.3292,3.3292,3.3282,3.3282,4
2026-01-08 10:32:00,3.3227,3.3232,3.3222,3.3222,3.3277,3.3282,3.3272,3.3272,5
2026-01-08 10:33:00,3.3212,3.3262,3.3212,3.3247,3.3262,3.3312,3.3262,3.3297,14
2026-01-08 10:34:00,3.3267,3.3267,3.3242,3.3267,3.3317,3.3317,3.3292,3.3317,8
2026-01-08 10:35:00,3.3262,3.3277,3.3262,3.3272,3.3312,3.3327,3.3312,3.3322,6
2026-01-08 10:36:00,3.3282,3.3292,3.3272,3.3272,3.3332,3.3342,3.3322,3.3322,4
2026-01-08 10:37:00,3.3277,3.3277,3.3272,3.3272,3.3327,3.3327,3.3322,3.3322,2
2026-01-08 10:38:00,3.3262,3.3262,3.3247,3.3247,3.3312,3.3312,3.3297,3.3297,6
2026-01-08 10:39:00,3.3252,3.3252,3.3252,3.3252,3.3302,3.3302,3.3302,3.3302,1
2026-01-08 10:40:00,3.3262,3.3262,3.3242,3.3242,3.3312,3.3312,3.3292,3.3292,6
2026-01-08 10:41:00,3.3237,3.3237,3.3152,3.3172,3.3287,3.3287,3.3202,3.3222,28
2026-01-08 10:42:00,3.3167,3.3167,3.3157,3.3157,3.3217,3.3217,3.3207,3.3207,5
2026-01-08 10:43:00,3.3162,3.3162,3.3157,3.3157,3.3212,3.3212,3.3207,3.3207,6
2026-01-08 10:44:00,3.3162,3.3172,3.3112,3.3147,3.3212,3.3222,3.3162,3.3197,22
2026-01-08 10:45:00,3.3152,3.3162,3.3152,3.3162,3.3202,3.3212,3.3202,3.3212,3
2026-01-08 10:46:00,3.3167,3.3207,3.3142,3.3192,3.3217,3.3257,3.3192,3.3242,15
2026-01-08 10:47:00,3.3197,3.3202,3.3197,3.3202,3.3247,3.3252,3.3247,3.3252,4
2026-01-08 10:48:00,3.3197,3.3237,3.3197,3.3232,3.3247,3.3287,3.3247,3.3282,7
2026-01-08 10:49:00,3.3227,3.3232,3.3217,3.3217,3.3277,3.3282,3.3267,3.3267,7
2026-01-08 10:50:00,3.3222,3.3222,3.3222,3.3222,3.3272,3.3272,3.3272,3.3272,1
2026-01-08 10:51:00,3.3207,3.3207,3.3182,3.3187,3.3257,3.3257,3.3232,3.3237,9
2026-01-08 10:52:00,3.3182,3.3202,3.3182,3.3202,3.3232,3.3252,3.3232,3.3252,4
2026-01-08 10:53:00,3.3192,3.3232,3.3187,3.3192,3.3242,3.3282,3.3237,3.3242,12
2026-01-08 10:54:00,3.3182,3.3192,3.3162,3.3162,3.3232,3.3242,3.3212,3.3212,17
2026-01-08 10:55:00,3.3167,3.3182,3.3167,3.3182,3.3217,3.3232,3.3217,3.3232,6
2026-01-08 10:56:00,3.3192,3.3202,3.3147,3.3182,3.3242,3.3252,3.3197,3.3232,14
2026-01-08 10:57:00,3.3192,3.3207,3.3182,3.3202,3.3242,3.3257,3.3232,3.3252,13
2026-01-08 10:58:00,3.3207,3.3212,3.3192,3.3207,3.3257,3.3262,3.3242,3.3257,8
2026-01-08 10:59:00,3.3212,3.3217,3.3202,3.3217,3.3262,3.3267,3.3252,3.3267,4
2026-01-08 11:00:00,3.3222,3.3242,3.3182,3.3227,3.3272,3.3292,3.3232,3.3277,21
2026-01-08 11:01:00,3.3232,3.3282,3.3222,3.3282,3.3282,3.3332,3.3272,3.3332,12
2026-01-08 11:02:00,3.3272,3.3272,3.3252,3.3262,3.3322,3.3322,3.3302,3.3312,8
2026-01-08 11:03:00,3.3257,3.3262,3.3212,3.3257,3.3307,3.3312,3.3262,3.3307,16
2026-01-08 11:04:00,3.3262,3.3302,3.3262,3.3277,3.3312,3.3352,3.3312,3.3327,12
2026-01-08 11:05:00,3.3282,3.3322,3.3282,3.3322,3.3332,3.3372,3.3332,3.3372,15
2026-01-08 11:06:00,3.3327,3.3342,3.3282,3.3302,3.3377,3.3392,3.3332,3.3352,20
2026-01-08 11:07:00,3.3307,3.3307,3.3272,3.3272,3.3357,3.3357,3.3322,3.3322,9
2026-01-08 11:08:00,3.3277,3.3282,3.3277,3.3282,3.3327,3.3332,3.3327,3.3332,2
2026-01-08 11:09:00,3.3287,3.3307,3.3277,3.3292,3.3337,3.3357,3.3327,3.3342,7
2026-01-08 11:10:00,3.3297,3.3352,3.3292,3.3352,3.3347,3.3402,3.3342,3.3402,20
2026-01-08 11:11:00,3.3342,3.3352,3.3332,3.3342,3.3392,3.3402,3.3382,3.3392,9
2026-01-08 11:12:00,3.3337,3.3352,3.3332,3.3342,3.3387,3.3402,3.3382,3.3392,9
2026-01-08 11:13:00,3.3332,3.3342,3.3327,3.3342,3.3382,3.3392,3.3377,3.3392,5
2026-01-08 11:14:00,3.3347,3.3352,3.3347,3.3352,3.3397,3.3402,3.3397,3.3402,2
2026-01-08 11:15:00,3.3347,3.3347,3.3312,3.3332,3.3397,3.3397,3.3362,3.3382,17
2026-01-08 11:16:00,3.3337,3.3352,3.3327,3.3352,3.3387,3.3402,3.3377,3.3402,12
2026-01-08 11:17:00,3.3347,3.3352,3.3347,3.3352,3.3397,3.3402,3.3397,3.3402,4
2026-01-08 11:18:00,3.3347,3.3347,3.3327,3.3332,3.3397,3.3397,3.3377,3.3382,9
2026-01-08 11:19:00,3.3337,3.3352,3.3322,3.3332,3.3387,3.3402,3.3372,3.3382,17
2026-01-08 11:20:00,3.3322,3.3327,3.3307,3.3322,3.3372,3.3377,3.3357,3.3372,12
2026-01-08 11:21:00,3.3317,3.3362,3.3302,3.3342,3.3367,3.3412,3.3352,3.3392,34
2026-01-08 11:22:00,3.3337,3.3342,3.3312,3.3317,3.3387,3.3392,3.3362,3.3367,11
2026-01-08 11:23:00,3.3307,3.3327,3.3307,3.3322,3.3357,3.3377,3.3357,3.3372,5
2026-01-08 11:24:00,3.3312,3.3312,3.3302,3.3307,3.3362,3.3362,3.3352,3.3357,6
2026-01-08 11:25:00,3.3302,3.3332,3.3302,3.3332,3.3352,3.3382,3.3352,3.3382,5
2026-01-08 11:26:00,3.3337,3.3347,3.3322,3.3327,3.3387,3.3397,3.3372,3.3377,10
2026-01-08 11:27:00,3.3317,3.3317,3.3307,3.3307,3.3367,3.3367,3.3357,3.3357,2
2026-01-08 11:28:00,3.3302,3.3307,3.3302,3.3302,3.3352,3.3357,3.3352,3.3352,3
2026-01-08 11:29:00,3.3297,3.3307,3.3297,3.3307,3.3347,3.3357,3.3347,3.3357,3
2026-01-08 11:30:00,3.3297,3.3307,3.3287,3.3307,3.3347,3.3357,3.3337,3.3357,6
2026-01-08 11:34:00,3.3302,3.3302,3.3282,3.3292,3.3352,3.3352,3.3332,3.3342,7
2026-01-08 11:35:00,3.3297,3.3297,3.3232,3.3232,3.3347,3.3347,3.3282,3.3282,28
2026-01-08 11:36:00,3.3227,3.3257,3.3227,3.3242,3.3277,3.3307,3.3277,3.3292,9
2026-01-08 11:37:00,3.3252,3.3252,3.3222,3.3222,3.3302,3.3302,3.3272,3.3272,5
2026-01-08 11:39:00,3.3227,3.3227,3.3222,3.3222,3.3277,3.3277,3.3272,3.3272,2
2026-01-08 11:40:00,3.3212,3.3222,3.3207,3.3207,3.3262,3.3272,3.3257,3.3257,6
2026-01-08 11:41:00,3.3202,3.3207,3.3172,3.3207,3.3252,3.3257,3.3222,3.3257,20
2026-01-08 11:42:00,3.3202,3.3222,3.3197,3.3217,3.3252,3.3272,3.3247,3.3267,7
2026-01-08 11:43:00,3.3222,3.3222,3.3222,3.3222,3.3272,3.3272,3.3272,3.3272,1
2026-01-08 11:44:00,3.3232,3.3232,3.3192,3.3207,3.3282,3.3282,3.3242,3.3257,11
2026-01-08 11:45:00,3.3212,3.3212,3.3192,3.3192,3.3262,3.3262,3.3242,3.3242,9
2026-01-08 11:46:00,3.3217,3.3227,3.3217,3.3227,3.3267,3.3277,3.3267,3.3277,5
2026-01-08 11:47:00,3.3222,3.3227,3.3202,3.3222,3.3272,3.3277,3.3252,3.3272,9
2026-01-08 11:48:00,3.3227,3.3232,3.3222,3.3232,3.3277,3.3282,3.3272,3.3282,3
2026-01-08 11:50:00,3.3227,3.3237,3.3212,3.3232,3.3277,3.3287,3.3262,3.3282,8
2026-01-08 11:51:00,3.3227,3.3297,3.3227,3.3277,3.3277,3.3347,3.3277,3.3327,19
2026-01-08 11:52:00,3.3272,3.3282,3.3272,3.3282,3.3322,3.3332,3.3322,3.3332,5
2026-01-08 11:53:00,3.3287,3.3287,3.3267,3.3267,3.3337,3.3337,3.3317,3.3317,6
2026-01-08 11:54:00,3.3272,3.3272,3.3252,3.3262,3.3322,3.3322,3.3302,3.3312,6
2026-01-08 11:55:00,3.3252,3.3272,3.3247,3.3262,3.3302,3.3322,3.3297,3.3312,8
2026-01-08 11:56:00,3.3272,3.3272,3.3272,3.3272,3.3322,3.3322,3.3322,3.3322,1
2026-01-08 11:57:00,3.3262,3.3272,3.3262,3.3267,3.3312,3.3322,3.3312,3.3317,3
2026-01-08 11:59:00,3.3262,3.3262,3.3232,3.3237,3.3312,3.3312,3.3282,3.3287,10
2026-01-08 12:00:00,3.3227,3.3242,3.3227,3.3242,3.3277,3.3292,3.3277,3.3292,3
2026-01-08 12:01:00,3.3232,3.3242,3.3177,3.3192,3.3282,3.3292,3.3227,3.3242,24
2026-01-08 12:02:00,3.3202,3.3202,3.3172,3.3182,3.3252,3.3252,3.3222,3.3232,7
2026-01-08 12:03:00,3.3172,3.3192,3.3172,3.3187,3.3222,3.3242,3.3222,3.3237,5
2026-01-08 12:04:00,3.3182,3.3212,3.3177,3.3202,3.3232,3.3262,3.3227,3.3252,8
2026-01-08 12:05:00,3.3207,3.3217,3.3207,3.3217,3.3257,3.3267,3.3257,3.3267,3
2026-01-08 12:06:00,3.3212,3.3222,3.3197,3.3207,3.3262,3.3272,3.3247,3.3257,10
2026-01-08 12:07:00,3.3212,3.3237,3.3212,3.3237,3.3262,3.3287,3.3262,3.3287,6
2026-01-08 12:08:00,3.3242,3.3282,3.3242,3.3282,3.3292,3.3332,3.3292,3.3332,10
2026-01-08 12:09:00,3.3277,3.3277,3.3267,3.3272,3.3327,3.3327,3.3317,3.3322,7
2026-01-08 12:10:00,3.3282,3.3362,3.3282,3.3357,3.3332,3.3412,3.3332,3.3407,20
2026-01-08 12:11:00,3.3352,3.3437,3.3352,3.3427,3.3402,3.3487,3.3402,3.3477,20
2026-01-08 12:12:00,3.3432,3.3442,3.3432,3.3432,3.3482,3.3492,3.3482,3.3482,3
2026-01-08 12:13:00,3.3437,3.3457,3.3437,3.3452,3.3487,3.3507,3.3487,3.3502,5
2026-01-08 12:14:00,3.3442,3.3452,3.3442,3.3442,3.3492,3.3502,3.3492,3.3492,4
2026-01-08 12:15:00,3.3447,3.3452,3.3417,3.3417,3.3497,3.3502,3.3467,3.3467,15
2026-01-08 12:16:00,3.3412,3.3412,3.3322,3.3322,3.3462,3.3462,3.3372,3.3372,28
2026-01-08 12:17:00,3.3317,3.3342,3.3312,3.3332,3.3367,3.3392,3.3362,3.3382,16
2026-01-08 12:18:00,3.3322,3.3352,3.3312,3.3342,3.3372,3.3402,3.3362,3.3392,8
2026-01-08 12:19:00,3.3352,3.3352,3.3232,3.3242,3.3402,3.3402,3.3282,3.3292,31
2026-01-08 12:20:00,3.3222,3.3222,3.3172,3.3202,3.3272,3.3272,3.3222,3.3252,30
2026-01-08 12:21:00,3.3212,3.3262,3.3212,3.3262,3.3262,3.3312,3.3262,3.3312,10
2026-01-08 12:22:00,3.3272,3.3272,3.3212,3.3257,3.3322,3.3322,3.3262,3.3307,20
2026-01-08 12:23:00,3.3267,3.3267,3.3252,3.3267,3.3317,3.3317,3.3302,3.3317,7
2026-01-08 12:24:00,3.3272,3.3317,3.3272,3.3317,3.3322,3.3367,3.3322,3.3367,15
2026-01-08 12:25:00,3.3312,3.3322,3.3307,3.3312,3.3362,3.3372,3.3357,3.3362,10
2026-01-08 12:26:00,3.3307,3.3352,3.3307,3.3342,3.3357,3.3402,3.3357,3.3392,10
2026-01-08 12:27:00,3.3352,3.3362,3.3332,3.3352,3.3402,3.3412,3.3382,3.3402,11
2026-01-08 12:28:00,3.3357,3.3357,3.3312,3.3337,3.3407,3.3407,3.3362,3.3387,17
2026-01-08 12:29:00,3.3342,3.3352,3.3327,3.3332,3.3392,3.3402,3.3377,3.3382,15
2026-01-08 12:30:00,3.3337,3.3337,3.3322,3.3322,3.3387,3.3387,3.3372,3.3372,18
2026-01-08 12:31:00,3.3312,3.3337,3.3297,3.3297,3.3362,3.3387,3.3347,3.3347,9
2026-01-08 12:32:00,3.3292,3.3292,3.3272,3.3272,3.3342,3.3342,3.3322,3.3322,10
2026-01-08 12:33:00,3.3277,3.3277,3.3237,3.3262,3.3327,3.3327,3.3287,3.3312,17
2026-01-08 12:34:00,3.3267,3.3282,3.3267,3.3267,3.3317,3.3332,3.3317,3.3317,6
2026-01-08 12:35:00,3.3272,3.3272,3.3117,3.3127,3.3322,3.3322,3.3167,3.3177,29
2026-01-08 12:36:00,3.3122,3.3142,3.3102,3.3107,3.3172,3.3192,3.3152,3.3157,15
2026-01-08 12:37:00,3.3112,3.3122,3.3112,3.3112,3.3162,3.3172,3.3162,3.3162,4
2026-01-08 12:38:00,3.3117,3.3122,3.3102,3.3112,3.3167,3.3172,3.3152,3.3162,10
2026-01-08 12:39:00,3.3102,3.3157,3.3092,3.3147,3.3152,3.3207,3.3142,3.3197,15
2026-01-08 12:40:00,3.3142,3.3202,3.3142,3.3197,3.3192,3.3252,3.3192,3.3247,28
2026-01-08 12:41:00,3.3182,3.3232,3.3182,3.3227,3.3232,3.3282,3.3232,3.3277,16
2026-01-08 12:42:00,3.3222,3.3272,3.3222,3.3272,3.3272,3.3322,3.3272,3.3322,7
2026-01-08 12:43:00,3.3267,3.3272,3.3252,3.3262,3.3317,3.3322,3.3302,3.3312,9
2026-01-08 12:44:00,3.3272,3.3282,3.3262,3.3267,3.3322,3.3332,3.3312,3.3317,11
2026-01-08 12:45:00,3.3262,3.3262,3.3262,3.3262,3.3312,3.3312,3.3312,3.3312,1
2026-01-08 12:46:00,3.3252,3.3292,3.3252,3.3292,3.3302,3.3342,3.3302,3.3342,12
2026-01-08 12:47:00,3.3287,3.3292,3.3277,3.3277,3.3337,3.3342,3.3327,3.3327,4
2026-01-08 12:48:00,3.3282,3.3337,3.3272,3.3292,3.3332,3.3387,3.3322,3.3342,19
2026-01-08 12:49:00,3.3282,3.3297,3.3267,3.3287,3.3332,3.3347,3.3317,3.3337,13
2026-01-08 12:50:00,3.3292,3.3292,3.3117,3.3142,3.3342,3.3342,3.3167,3.3192,45
2026-01-08 12:51:00,3.3132,3.3132,3.3092,3.3112,3.3182,3.3182,3.3142,3.3162,8
2026-01-08 12:52:00,3.3107,3.3112,3.3107,3.3107,3.3157,3.3162,3.3157,3.3157,3
2026-01-08 12:53:00,3.3097,3.3112,3.3082,3.3107,3.3147,3.3162,3.3132,3.3157,11
2026-01-08 12:54:00,3.3102,3.3112,3.3012,3.3037,3.3152,3.3162,3.3062,3.3087,29
2026-01-08 12:55:00,3.3042,3.3062,3.3037,3.3057,3.3092,3.3112,3.3087,3.3107,14
2026-01-08 12:56:00,3.3052,3.3087,3.3022,3.3077,3.3102,3.3137,3.3072,3.3127,21
2026-01-08 12:57:00,3.3082,3.3112,3.3077,3.3087,3.3132,3.3162,3.3127,3.3137,17
2026-01-08 12:58:00,3.3092,3.3132,3.3092,3.3127,3.3142,3.3182,3.3142,3.3177,10
2026-01-08 12:59:00,3.3122,3.3127,3.3122,3.3127,3.3172,3.3177,3.3172,3.3177,2
2026-01-08 13:00:00,3.3117,3.3142,3.3047,3.3052,3.3167,3.3192,3.3097,3.3102,45
2026-01-08 13:01:00,3.3047,3.3047,3.2922,3.2937,3.3097,3.3097,3.2972,3.2987,42
2026-01-08 13:02:00,3.2932,3.2972,3.2862,3.2897,3.2982,3.3022,3.2912,3.2947,35
2026-01-08 13:03:00,3.2892,3.2897,3.2827,3.2842,3.2942,3.2947,3.2877,3.2892,27
2026-01-08 13:04:00,3.2852,3.2887,3.2832,3.2862,3.2902,3.2937,3.2882,3.2912,23
2026-01-08 13:05:00,3.2857,3.2857,3.2812,3.2832,3.2907,3.2907,3.2862,3.2882,33
2026-01-08 13:06:00,3.2822,3.2852,3.2807,3.2807,3.2872,3.2902,3.2857,3.2857,31
2026-01-08 13:07:00,3.2812,3.2827,3.2807,3.2812,3.2862,3.2877,3.2857,3.2862,20
2026-01-08 13:08:00,3.2802,3.2812,3.2742,3.2762,3.2852,3.2862,3.2792,3.2812,32
2026-01-08 13:09:00,3.2752,3.2752,3.2682,3.2712,3.2802,3.2802,3.2732,3.2762,33
2026-01-08 13:10:00,3.2722,3.2772,3.2702,3.2767,3.2772,3.2822,3.2752,3.2817,38
2026-01-08 13:11:00,3.2762,3.2832,3.2762,3.2802,3.2812,3.2882,3.2812,3.2852,26
2026-01-08 13:12:00,3.2807,3.2812,3.2687,3.2717,3.2857,3.2862,3.2737,3.2767,31
2026-01-08 13:13:00,3.2722,3.2722,3.2702,3.2722,3.2772,3.2772,3.2752,3.2772,9
2026-01-08 13:14:00,3.2712,3.2762,3.2702,3.2747,3.2762,3.2812,3.2752,3.2797,24
2026-01-08 13:15:00,3.2742,3.2767,3.2657,3.2662,3.2792,3.2817,3.2707,3.2712,25
2026-01-08 13:16:00,3.2657,3.2677,3.2592,3.2602,3.2707,3.2727,3.2642,3.2652,38
2026-01-08 13:17:00,3.2587,3.2632,3.2582,3.2582,3.2637,3.2682,3.2632,3.2632,22
2026-01-08 13:18:00,3.2587,3.2602,3.2562,3.2602,3.2637,3.2652,3.2612,3.2652,28
2026-01-08 13:19:00,3.2612,3.2637,3.2602,3.2612,3.2662,3.2687,3.2652,3.2662,29
2026-01-08 13:20:00,3.2617,3.2622,3.2552,3.2567,3.2667,3.2672,3.2602,3.2617,37
2026-01-08 13:21:00,3.2562,3.2667,3.2562,3.2642,3.2612,3.2717,3.2612,3.2692,33
2026-01-08 13:22:00,3.2647,3.2647,3.2592,3.2592,3.2697,3.2697,3.2642,3.2642,28
2026-01-08 13:23:00,3.2602,3.2602,3.2572,3.2582,3.2652,3.2652,3.2622,3.2632,12
2026-01-08 13:24:00,3.2587,3.2587,3.2457,3.2472,3.2637,3.2637,3.2507,3.2522,46
2026-01-08 13:25:00,3.2462,3.2522,3.2452,3.2492,3.2512,3.2572,3.2502,3.2542,22
2026-01-08 13:26:00,3.2502,3.2512,3.2472,3.2492,3.2552,3.2562,3.2522,3.2542,18
2026-01-08 13:27:00,3.2487,3.2487,3.2342,3.2402,3.2537,3.2537,3.2392,3.2452,47
2026-01-08 13:28:00,3.2412,3.2487,3.2412,3.2467,3.2462,3.2537,3.2462,3.2517,40
2026-01-08 13:29:00,3.2462,3.2512,3.2412,3.2442,3.2512,3.2562,3.2462,3.2492,38
2026-01-08 13:30:00,3.2437,3.2437,3.2322,3.2342,3.2487,3.2487,3.2372,3.2392,44
2026-01-08 13:31:00,3.2332,3.2352,3.2322,3.2352,3.2382,3.2402,3.2372,3.2402,15
2026-01-08 13:32:00,3.2342,3.2342,3.2192,3.2202,3.2392,3.2392,3.2242,3.2252,70
2026-01-08 13:33:00,3.2192,3.2232,3.2172,3.2232,3.2242,3.2282,3.2222,3.2282,47
2026-01-08 13:34:00,3.2227,3.2322,3.2202,3.2242,3.2277,3.2372,3.2252,3.2292,56
2026-01-08 13:35:00,3.2247,3.2252,3.2177,3.2182,3.2297,3.2302,3.2227,3.2232,28
2026-01-08 13:36:00,3.2187,3.2192,3.2152,3.2172,3.2237,3.2242,3.2202,3.2222,27
2026-01-08 13:37:00,3.2177,3.2287,3.2177,3.2282,3.2227,3.2337,3.2227,3.2332,42
2026-01-08 13:38:00,3.2292,3.2357,3.2232,3.2327,3.2342,3.2407,3.2282,3.2377,62
2026-01-08 13:39:00,3.2337,3.2342,3.2317,3.2322,3.2387,3.2392,3.2367,3.2372,31
2026-01-08 13:40:00,3.2327,3.2327,3.2262,3.2272,3.2377,3.2377,3.2312,3.2322,17
2026-01-08 13:41:00,3.2277,3.2287,3.2157,3.2202,3.2327,3.2337,3.2207,3.2252,60
2026-01-08 13:42:00,3.2192,3.2242,3.2182,3.2232,3.2242,3.2292,3.2232,3.2282,21
2026-01-08 13:43:00,3.2237,3.2242,3.2092,3.2102,3.2287,3.2292,3.2142,3.2152,51
2026-01-08 13:44:00,3.2112,3.2242,3.2072,3.2212,3.2162,3.2292,3.2122,3.2262,74
2026-01-08 13:45:00,3.2207,3.2362,3.2192,3.2352,3.2257,3.2412,3.2242,3.2402,60
2026-01-08 13:46:00,3.2342,3.2402,3.2332,3.2347,3.2392,3.2452,3.2382,3.2397,44
2026-01-08 13:47:00,3.2337,3.2352,3.2262,3.2277,3.2387,3.2402,3.2312,3.2327,41
2026-01-08 13:48:00,3.2267,3.2267,3.2217,3.2232,3.2317,3.2317,3.2267,3.2282,28
2026-01-08 13:49:00,3.2237,3.2282,3.2182,3.2282,3.2287,3.2332,3.2232,3.2332,27
2026-01-08 13:50:00,3.2287,3.2297,3.2257,3.2297,3.2337,3.2347,3.2307,3.2347,25
2026-01-08 13:51:00,3.2292,3.2312,3.2192,3.2212,3.2342,3.2362,3.2242,3.2262,42
2026-01-08 13:52:00,3.2207,3.2247,3.2122,3.2167,3.2257,3.2297,3.2172,3.2217,53
2026-01-08 13:53:00,3.2162,3.2182,3.2122,3.2132,3.2212,3.2232,3.2172,3.2182,37
2026-01-08 13:54:00,3.2122,3.2137,3.1992,3.2042,3.2172,3.2187,3.2042,3.2092,73
2026-01-08 13:55:00,3.2012,3.2012,3.1947,3.1957,3.2062,3.2062,3.1997,3.2007,70
2026-01-08 13:56:00,3.1962,3.2012,3.1912,3.1922,3.2012,3.2062,3.1962,3.1972,52
2026-01-08 13:57:00,3.1932,3.1932,3.1842,3.1932,3.1982,3.1982,3.1892,3.1982,84
2026-01-08 13:58:00,3.1922,3.1932,3.1882,3.1892,3.1972,3.1982,3.1932,3.1942,25
2026-01-08 13:59:00,3.1897,3.1932,3.1867,3.1907,3.1947,3.1982,3.1917,3.1957,57
2026-01-08 14:00:00,3.1897,3.2007,3.1892,3.1952,3.1947,3.2057,3.1942,3.2002,89
2026-01-08 14:01:00,3.1942,3.2032,3.1942,3.2002,3.1992,3.2082,3.1992,3.2052,68
2026-01-08 14:02:00,3.1997,3.2032,3.1982,3.1997,3.2047,3.2082,3.2032,3.2047,58
2026-01-08 14:03:00,3.1992,3.2062,3.1992,3.2052,3.2042,3.2112,3.2042,3.2102,24
2026-01-08 14:04:00,3.2042,3.2102,3.2037,3.2042,3.2092,3.2152,3.2087,3.2092,53
2026-01-08 14:05:00,3.2037,3.2037,3.1867,3.1867,3.2087,3.2087,3.1917,3.1917,85
2026-01-08 14:06:00,3.1862,3.1882,3.1797,3.1872,3.1912,3.1932,3.1847,3.1922,106
2026-01-08 14:07:00,3.1882,3.1992,3.1882,3.1962,3.1932,3.2042,3.1932,3.2012,62
2026-01-08 14:08:00,3.1957,3.1967,3.1872,3.1962,3.2007,3.2017,3.1922,3.2012,53
2026-01-08 14:09:00,3.1957,3.2057,3.1957,3.2012,3.2007,3.2107,3.2007,3.2062,43
2026-01-08 14:10:00,3.2007,3.2052,3.1947,3.1972,3.2057,3.2102,3.1997,3.2022,52
2026-01-08 14:11:00,3.1977,3.2032,3.1952,3.1952,3.2027,3.2082,3.2002,3.2002,24
2026-01-08 14:12:00,3.1932,3.1932,3.1812,3.1872,3.1982,3.1982,3.1862,3.1922,82
2026-01-08 14:13:00,3.1867,3.1947,3.1852,3.1922,3.1917,3.1997,3.1902,3.1972,98
2026-01-08 14:14:00,3.1932,3.1957,3.1842,3.1952,3.1982,3.2007,3.1892,3.2002,61
2026-01-08 14:15:00,3.1962,3.2082,3.1947,3.2042,3.2012,3.2132,3.1997,3.2092,101
2026-01-08 14:16:00,3.2032,3.2082,3.2002,3.2082,3.2082,3.2132,3.2052,3.2132,58
2026-01-08 14:17:00,3.2077,3.2102,3.2032,3.2092,3.2127,3.2152,3.2082,3.2142,52
2026-01-08 14:18:00,3.2097,3.2112,3.2012,3.2072,3.2147,3.2162,3.2062,3.2122,46
2026-01-08 14:19:00,3.2067,3.2092,3.2027,3.2052,3.2117,3.2142,3.2077,3.2102,33
2026-01-08 14:20:00,3.2057,3.2077,3.2012,3.2012,3.2107,3.2127,3.2062,3.2062,38
2026-01-08 14:21:00,3.2022,3.2022,3.1962,3.1972,3.2072,3.2072,3.2012,3.2022,26
2026-01-08 14:22:00,3.1967,3.1992,3.1922,3.1932,3.2017,3.2042,3.1972,3.1982,38
2026-01-08 14:23:00,3.1927,3.1957,3.1882,3.1887,3.1977,3.2007,3.1932,3.1937,47
2026-01-08 14:24:00,3.1882,3.1962,3.1882,3.1922,3.1932,3.2012,3.1932,3.1972,34
2026-01-08 14:25:00,3.1912,3.2007,3.1802,3.1987,3.1962,3.2057,3.1852,3.2037,84
2026-01-08 14:26:00,3.1977,3.2022,3.1942,3.1962,3.2027,3.2072,3.1992,3.2012,65
2026-01-08 14:27:00,3.1967,3.1992,3.1857,3.1857,3.2017,3.2042,3.1907,3.1907,89
2026-01-08 14:28:00,3.1852,3.1852,3.1742,3.1802,3.1902,3.1902,3.1792,3.1852,76
2026-01-08 14:29:00,3.1807,3.1872,3.1782,3.1817,3.1857,3.1922,3.1832,3.1867,57
2026-01-08 14:30:00,3.1822,3.1872,3.1762,3.1822,3.1872,3.1922,3.1812,3.1872,66
2026-01-08 14:31:00,3.1832,3.1872,3.1817,3.1832,3.1882,3.1922,3.1867,3.1882,46
2026-01-08 14:32:00,3.1822,3.1832,3.1747,3.1762,3.1872,3.1882,3.1797,3.1812,51
2026-01-08 14:33:00,3.1752,3.1962,3.1732,3.1922,3.1802,3.2012,3.1782,3.1972,112
2026-01-08 14:34:00,3.1917,3.1972,3.1892,3.1932,3.1967,3.2022,3.1942,3.1982,59
2026-01-08 14:35:00,3.1927,3.1987,3.1912,3.1922,3.1977,3.2037,3.1962,3.1972,47
2026-01-08 14:36:00,3.1917,3.1962,3.1782,3.1827,3.1967,3.2012,3.1832,3.1877,75
2026-01-08 14:37:00,3.1822,3.1972,3.1812,3.1912,3.1872,3.2022,3.1862,3.1962,87
2026-01-08 14:38:00,3.1907,3.2032,3.1892,3.2002,3.1957,3.2082,3.1942,3.2052,56
2026-01-08 14:39:00,3.1997,3.2022,3.1952,3.1962,3.2047,3.2072,3.2002,3.2012,47
2026-01-08 14:40:00,3.1967,3.2082,3.1957,3.2062,3.2017,3.2132,3.2007,3.2112,70
2026-01-08 14:41:00,3.2072,3.2102,3.2022,3.2042,3.2122,3.2152,3.2072,3.2092,59
2026-01-08 14:42:00,3.2037,3.2132,3.2032,3.2052,3.2087,3.2182,3.2082,3.2102,74
2026-01-08 14:43:00,3.2122,3.2132,3.2072,3.2122,3.2172,3.2182,3.2122,3.2172,63
2026-01-08 14:44:00,3.2117,3.2132,3.2052,3.2067,3.2167,3.2182,3.2102,3.2117,66
2026-01-08 14:45:00,3.2052,3.2122,3.2012,3.2117,3.2102,3.2172,3.2062,3.2167,43
2026-01-08 14:46:00,3.2112,3.2162,3.2107,3.2112,3.2162,3.2212,3.2157,3.2162,49
2026-01-08 14:47:00,3.2107,3.2152,3.2067,3.2107,3.2157,3.2202,3.2117,3.2157,49
2026-01-08 14:48:00,3.2097,3.2162,3.2072,3.2162,3.2147,3.2212,3.2122,3.2212,43
2026-01-08 14:49:00,3.2142,3.2142,3.2112,3.2137,3.2192,3.2192,3.2162,3.2187,20
2026-01-08 14:50:00,3.2122,3.2142,3.2087,3.2117,3.2172,3.2192,3.2137,3.2167,30
2026-01-08 14:51:00,3.2112,3.2182,3.2097,3.2167,3.2162,3.2232,3.2147,3.2217,52
2026-01-08 14:52:00,3.2172,3.2182,3.2102,3.2117,3.2222,3.2232,3.2152,3.2167,60
2026-01-08 14:53:00,3.2122,3.2172,3.1972,3.2002,3.2172,3.2222,3.2022,3.2052,71
2026-01-08 14:54:00,3.1982,3.2002,3.1942,3.1997,3.2032,3.2052,3.1992,3.2047,45
2026-01-08 14:55:00,3.1987,3.2062,3.1982,3.2032,3.2037,3.2112,3.2032,3.2082,60
2026-01-08 14:56:00,3.2027,3.2032,3.1942,3.1957,3.2077,3.2082,3.1992,3.2007,36
2026-01-08 14:57:00,3.1947,3.1947,3.1857,3.1912,3.1997,3.1997,3.1907,3.1962,50
2026-01-08 14:58:00,3.1907,3.2182,3.1902,3.2162,3.1957,3.2232,3.1952,3.2212,98
2026-01-08 14:59:00,3.2152,3.2202,3.2092,3.2147,3.2202,3.2252,3.2142,3.2197,119
2026-01-08 15:00:00,3.2132,3.2197,3.2062,3.2152,3.2182,3.2247,3.2112,3.2202,131
2026-01-08 15:01:00,3.2147,3.2202,3.2137,3.2182,3.2197,3.2252,3.2187,3.2232,67
2026-01-08 15:02:00,3.2172,3.2202,3.2142,3.2142,3.2222,3.2252,3.2192,3.2192,46
2026-01-08 15:03:00,3.2137,3.2172,3.2062,3.2102,3.2187,3.2222,3.2112,3.2152,57
2026-01-08 15:04:00,3.2112,3.2172,3.2057,3.2112,3.2162,3.2222,3.2107,3.2162,91
2026-01-08 15:05:00,3.2107,3.2182,3.2082,3.2152,3.2157,3.2232,3.2132,3.2202,62
2026-01-08 15:06:00,3.2147,3.2212,3.2107,3.2162,3.2197,3.2262,3.2157,3.2212,65
2026-01-08 15:07:00,3.2157,3.2197,3.2112,3.2162,3.2207,3.2247,3.2162,3.2212,46
2026-01-08 15:08:00,3.2157,3.2217,3.2157,3.2172,3.2207,3.2267,3.2207,3.2222,44
2026-01-08 15:09:00,3.2167,3.2192,3.2052,3.2057,3.2217,3.2242,3.2102,3.2107,53
2026-01-08 15:10:00,3.2067,3.2192,3.2002,3.2172,3.2117,3.2242,3.2052,3.2222,96
2026-01-08 15:11:00,3.2177,3.2222,3.2162,3.2177,3.2227,3.2272,3.2212,3.2227,22
2026-01-08 15:12:00,3.2192,3.2202,3.2162,3.2192,3.2242,3.2252,3.2212,3.2242,33
2026-01-08 15:13:00,3.2182,3.2222,3.2137,3.2207,3.2232,3.2272,3.2187,3.2257,36
2026-01-08 15:14:00,3.2212,3.2222,3.2072,3.2112,3.2262,3.2272,3.2122,3.2162,69
2026-01-08 15:15:00,3.2122,3.2222,3.2107,3.2142,3.2172,3.2272,3.2157,3.2192,92
2026-01-08 15:16:00,3.2152,3.2212,3.2132,3.2192,3.2202,3.2262,3.2182,3.2242,32
2026-01-08 15:17:00,3.2187,3.2192,3.2167,3.2172,3.2237,3.2242,3.2217,3.2222,12
2026-01-08 15:18:00,3.2182,3.2232,3.2152,3.2152,3.2232,3.2282,3.2202,3.2202,42
2026-01-08 15:19:00,3.2147,3.2172,3.2072,3.2082,3.2197,3.2222,3.2122,3.2132,40
2026-01-08 15:20:00,3.2087,3.2232,3.2022,3.2187,3.2137,3.2282,3.2072,3.2237,64
2026-01-08 15:21:00,3.2192,3.2232,3.2132,3.2162,3.2242,3.2282,3.2182,3.2212,62
2026-01-08 15:22:00,3.2152,3.2152,3.2072,3.2082,3.2202,3.2202,3.2122,3.2132,37
2026-01-08 15:23:00,3.2087,3.2202,3.2072,3.2172,3.2137,3.2252,3.2122,3.2222,42
2026-01-08 15:24:00,3.2177,3.2197,3.2147,3.2152,3.2227,3.2247,3.2197,3.2202,28
2026-01-08 15:25:00,3.2142,3.2147,3.2112,3.2112,3.2192,3.2197,3.2162,3.2162,25
2026-01-08 15:26:00,3.2102,3.2162,3.2102,3.2132,3.2152,3.2212,3.2152,3.2182,26
2026-01-08 15:27:00,3.2127,3.2152,3.2107,3.2152,3.2177,3.2202,3.2157,3.2202,27
2026-01-08 15:28:00,3.2147,3.2232,3.2132,3.2187,3.2197,3.2282,3.2182,3.2237,46
2026-01-08 15:29:00,3.2192,3.2222,3.2102,3.2162,3.2242,3.2272,3.2152,3.2212,51
2026-01-08 15:30:00,3.2157,3.2202,3.2052,3.2052,3.2207,3.2252,3.2102,3.2102,90
2026-01-08 15:31:00,3.2047,3.2052,3.1932,3.1987,3.2097,3.2102,3.1982,3.2037,85
2026-01-08 15:32:00,3.1992,3.2032,3.1972,3.1997,3.2042,3.2082,3.2022,3.2047,39
2026-01-08 15:33:00,3.1992,3.1992,3.1952,3.1972,3.2042,3.2042,3.2002,3.2022,35
2026-01-08 15:34:00,3.1977,3.2002,3.1952,3.1967,3.2027,3.2052,3.2002,3.2017,27
2026-01-08 15:35:00,3.1962,3.1987,3.1922,3.1962,3.2012,3.2037,3.1972,3.2012,40
2026-01-08 15:36:00,3.1957,3.1962,3.1902,3.1912,3.2007,3.2012,3.1952,3.1962,49
2026-01-08 15:37:00,3.1917,3.1922,3.1882,3.1882,3.1967,3.1972,3.1932,3.1932,41
2026-01-08 15:38:00,3.1892,3.1902,3.1797,3.1812,3.1942,3.1952,3.1847,3.1862,57
2026-01-08 15:39:00,3.1807,3.1812,3.1662,3.1672,3.1857,3.1862,3.1712,3.1722,107
2026-01-08 15:40:00,3.1667,3.1667,3.1582,3.1612,3.1717,3.1717,3.1632,3.1662,102
2026-01-08 15:41:00,3.1617,3.1662,3.1612,3.1652,3.1667,3.1712,3.1662,3.1702,79
2026-01-08 15:42:00,3.1657,3.1662,3.1592,3.1622,3.1707,3.1712,3.1642,3.1672,58
2026-01-08 15:43:00,3.1627,3.1697,3.1622,3.1662,3.1677,3.1747,3.1672,3.1712,63
2026-01-08 15:44:00,3.1657,3.1682,3.1657,3.1682,3.1707,3.1732,3.1707,3.1732,37
2026-01-08 15:45:00,3.1677,3.1692,3.1642,3.1652,3.1727,3.1742,3.1692,3.1702,42
2026-01-08 15:46:00,3.1647,3.1662,3.1622,3.1632,3.1697,3.1712,3.1672,3.1682,43
2026-01-08 15:47:00,3.1622,3.1632,3.1552,3.1592,3.1672,3.1682,3.1602,3.1642,42
2026-01-08 15:48:00,3.1602,3.1692,3.1587,3.1687,3.1652,3.1742,3.1637,3.1737,51
2026-01-08 15:49:00,3.1692,3.1717,3.1672,3.1707,3.1742,3.1767,3.1722,3.1757,54
2026-01-08 15:50:00,3.1692,3.1742,3.1682,3.1722,3.1742,3.1792,3.1732,3.1772,52
2026-01-08 15:51:00,3.1717,3.1742,3.1717,3.1722,3.1767,3.1792,3.1767,3.1772,23
2026-01-08 15:52:00,3.1712,3.1772,3.1712,3.1762,3.1762,3.1822,3.1762,3.1812,40
2026-01-08 15:53:00,3.1757,3.1757,3.1692,3.1707,3.1807,3.1807,3.1742,3.1757,31
2026-01-08 15:54:00,3.1712,3.1722,3.1692,3.1702,3.1762,3.1772,3.1742,3.1752,29
2026-01-08 15:55:00,3.1692,3.1772,3.1692,3.1772,3.1742,3.1822,3.1742,3.1822,43
2026-01-08 15:56:00,3.1782,3.1802,3.1757,3.1762,3.1832,3.1852,3.1807,3.1812,49
2026-01-08 15:57:00,3.1757,3.1772,3.1702,3.1742,3.1807,3.1822,3.1752,3.1792,47
2026-01-08 15:58:00,3.1752,3.1852,3.1752,3.1832,3.1802,3.1902,3.1802,3.1882,41
2026-01-08 15:59:00,3.1827,3.1832,3.1737,3.1752,3.1877,3.1882,3.1787,3.1802,49
2026-01-08 16:00:00,3.1747,3.1842,3.1712,3.1827,3.1797,3.1892,3.1762,3.1877,71
2026-01-08 16:01:00,3.1832,3.1837,3.1772,3.1797,3.1882,3.1887,3.1822,3.1847,45
2026-01-08 16:02:00,3.1802,3.1812,3.1752,3.1797,3.1852,3.1862,3.1802,3.1847,34
2026-01-08 16:03:00,3.1792,3.1847,3.1782,3.1822,3.1842,3.1897,3.1832,3.1872,37
2026-01-08 16:04:00,3.1817,3.1837,3.1782,3.1827,3.1867,3.1887,3.1832,3.1877,36
2026-01-08 16:05:00,3.1832,3.1912,3.1832,3.1882,3.1882,3.1962,3.1882,3.1932,61
2026-01-08 16:06:00,3.1887,3.1912,3.1852,3.1862,3.1937,3.1962,3.1902,3.1912,55
2026-01-08 16:07:00,3.1852,3.1872,3.1827,3.1862,3.1902,3.1922,3.1877,3.1912,30
2026-01-08 16:08:00,3.1872,3.1892,3.1837,3.1862,3.1922,3.1942,3.1887,3.1912,35
2026-01-08 16:09:00,3.1852,3.1852,3.1802,3.1802,3.1902,3.1902,3.1852,3.1852,32
2026-01-08 16:10:00,3.1792,3.1832,3.1792,3.1822,3.1842,3.1882,3.1842,3.1872,39
2026-01-08 16:11:00,3.1832,3.1892,3.1822,3.1892,3.1882,3.1942,3.1872,3.1942,48
2026-01-08 16:12:00,3.1907,3.1972,3.1892,3.1962,3.1957,3.2022,3.1942,3.2012,56
2026-01-08 16:13:00,3.1972,3.2022,3.1922,3.1982,3.2022,3.2072,3.1972,3.2032,79
2026-01-08 16:14:00,3.1992,3.2002,3.1977,3.2002,3.2042,3.2052,3.2027,3.2052,28
2026-01-08 16:15:00,3.1997,3.2062,3.1982,3.2052,3.2047,3.2112,3.2032,3.2102,45
2026-01-08 16:16:00,3.2047,3.2087,3.2042,3.2072,3.2097,3.2137,3.2092,3.2122,42
2026-01-08 16:17:00,3.2062,3.2132,3.2047,3.2122,3.2112,3.2182,3.2097,3.2172,74
2026-01-08 16:18:00,3.2117,3.2152,3.2087,3.2092,3.2167,3.2202,3.2137,3.2142,41
2026-01-08 16:19:00,3.2087,3.2132,3.2062,3.2112,3.2137,3.2182,3.2112,3.2162,46
2026-01-08 16:20:00,3.2102,3.2137,3.2072,3.2087,3.2152,3.2187,3.2122,3.2137,49
2026-01-08 16:21:00,3.2072,3.2072,3.1962,3.1982,3.2122,3.2122,3.2012,3.2032,53
2026-01-08 16:22:00,3.1987,3.2012,3.1962,3.1977,3.2037,3.2062,3.2012,3.2027,41
2026-01-08 16:23:00,3.1972,3.2027,3.1962,3.1997,3.2022,3.2077,3.2012,3.2047,31
2026-01-08 16:24:00,3.1992,3.2027,3.1977,3.2012,3.2042,3.2077,3.2027,3.2062,22
2026-01-08 16:25:00,3.2027,3.2072,3.1992,3.2032,3.2077,3.2122,3.2042,3.2082,52
2026-01-08 16:26:00,3.2047,3.2072,3.2012,3.2022,3.2097,3.2122,3.2062,3.2072,35
2026-01-08 16:27:00,3.2012,3.2062,3.1992,3.2042,3.2062,3.2112,3.2042,3.2092,37
2026-01-08 16:28:00,3.2047,3.2082,3.2012,3.2032,3.2097,3.2132,3.2062,3.2082,53
2026-01-08 16:29:00,3.2037,3.2092,3.2017,3.2027,3.2087,3.2142,3.2067,3.2077,44
2026-01-08 16:30:00,3.2052,3.2172,3.1897,3.1917,3.2102,3.2222,3.1947,3.1967,211
2026-01-08 16:31:00,3.1912,3.1912,3.1802,3.1872,3.1962,3.1962,3.1852,3.1922,181
2026-01-08 16:32:00,3.1877,3.1932,3.1822,3.1857,3.1927,3.1982,3.1872,3.1907,134
2026-01-08 16:33:00,3.1862,3.1922,3.1802,3.1922,3.1912,3.1972,3.1852,3.1972,99
2026-01-08 16:34:00,3.1912,3.1942,3.1872,3.1892,3.1962,3.1992,3.1922,3.1942,61
2026-01-08 16:35:00,3.1887,3.1892,3.1767,3.1797,3.1937,3.1942,3.1817,3.1847,74
2026-01-08 16:36:00,3.1802,3.1832,3.1752,3.1792,3.1852,3.1882,3.1802,3.1842,49
2026-01-08 16:37:00,3.1797,3.1817,3.1767,3.1772,3.1847,3.1867,3.1817,3.1822,34
2026-01-08 16:38:00,3.1767,3.1792,3.1742,3.1752,3.1817,3.1842,3.1792,3.1802,37
2026-01-08 16:39:00,3.1742,3.1792,3.1712,3.1772,3.1792,3.1842,3.1762,3.1822,96
2026-01-08 16:40:00,3.1767,3.1772,3.1707,3.1737,3.1817,3.1822,3.1757,3.1787,39
2026-01-08 16:41:00,3.1742,3.1752,3.1702,3.1737,3.1792,3.1802,3.1752,3.1787,46
2026-01-08 16:42:00,3.1732,3.1832,3.1712,3.1812,3.1782,3.1882,3.1762,3.1862,54
2026-01-08 16:43:00,3.1807,3.1807,3.1652,3.1652,3.1857,3.1857,3.1702,3.1702,96
2026-01-08 16:44:00,3.1647,3.1652,3.1522,3.1572,3.1697,3.1702,3.1572,3.1622,134
2026-01-08 16:45:00,3.1567,3.1592,3.1412,3.1427,3.1617,3.1642,3.1462,3.1477,141
2026-01-08 16:46:00,3.1437,3.1472,3.1397,3.1442,3.1487,3.1522,3.1447,3.1492,73
2026-01-08 16:47:00,3.1432,3.1462,3.1412,3.1452,3.1482,3.1512,3.1462,3.1502,54
2026-01-08 16:48:00,3.1442,3.1442,3.1402,3.1402,3.1492,3.1492,3.1452,3.1452,31
2026-01-08 16:49:00,3.1392,3.1402,3.1297,3.1397,3.1442,3.1452,3.1347,3.1447,135
2026-01-08 16:50:00,3.1392,3.1582,3.1382,3.1567,3.1442,3.1632,3.1432,3.1617,155
2026-01-08 16:51:00,3.1562,3.1562,3.1442,3.1467,3.1612,3.1612,3.1492,3.1517,67
2026-01-08 16:52:00,3.1462,3.1502,3.1442,3.1502,3.1512,3.1552,3.1492,3.1552,41
2026-01-08 16:53:00,3.1492,3.1562,3.1492,3.1537,3.1542,3.1612,3.1542,3.1587,45
2026-01-08 16:54:00,3.1542,3.1612,3.1527,3.1592,3.1592,3.1662,3.1577,3.1642,69
2026-01-08 16:55:00,3.1577,3.1722,3.1567,3.1672,3.1627,3.1772,3.1617,3.1722,100
2026-01-08 16:56:00,3.1667,3.1742,3.1667,3.1682,3.1717,3.1792,3.1717,3.1732,63
2026-01-08 16:57:00,3.1677,3.1722,3.1652,3.1662,3.1727,3.1772,3.1702,3.1712,49
2026-01-08 16:58:00,3.1657,3.1667,3.1642,3.1642,3.1707,3.1717,3.1692,3.1692,19
2026-01-08 16:59:00,3.1632,3.1642,3.1562,3.1572,3.1682,3.1692,3.1612,3.1622,46
2026-01-08 17:00:00,3.1577,3.1732,3.1577,3.1712,3.1627,3.1782,3.1627,3.1762,72
2026-01-08 17:01:00,3.1722,3.1747,3.1672,3.1742,3.1772,3.1797,3.1722,3.1792,45
2026-01-08 17:02:00,3.1732,3.1742,3.1682,3.1702,3.1782,3.1792,3.1732,3.1752,46
2026-01-08 17:03:00,3.1697,3.1752,3.1652,3.1732,3.1747,3.1802,3.1702,3.1782,26
2026-01-08 17:04:00,3.1722,3.1732,3.1672,3.1682,3.1772,3.1782,3.1722,3.1732,25
2026-01-08 17:05:00,3.1677,3.1692,3.1652,3.1672,3.1727,3.1742,3.1702,3.1722,34
2026-01-08 17:06:00,3.1682,3.1682,3.1642,3.1667,3.1732,3.1732,3.1692,3.1717,25
2026-01-08 17:07:00,3.1672,3.1672,3.1612,3.1617,3.1722,3.1722,3.1662,3.1667,23
2026-01-08 17:08:00,3.1627,3.1752,3.1627,3.1747,3.1677,3.1802,3.1677,3.1797,69
2026-01-08 17:09:00,3.1762,3.1762,3.1672,3.1692,3.1812,3.1812,3.1722,3.1742,35
2026-01-08 17:10:00,3.1687,3.1707,3.1682,3.1702,3.1737,3.1757,3.1732,3.1752,40
2026-01-08 17:11:00,3.1697,3.1697,3.1642,3.1642,3.1747,3.1747,3.1692,3.1692,18
2026-01-08 17:12:00,3.1632,3.1692,3.1612,3.1682,3.1682,3.1742,3.1662,3.1732,57
2026-01-08 17:13:00,3.1692,3.1742,3.1672,3.1672,3.1742,3.1792,3.1722,3.1722,56
2026-01-08 17:14:00,3.1677,3.1712,3.1672,3.1702,3.1727,3.1762,3.1722,3.1752,29
2026-01-08 17:15:00,3.1707,3.1707,3.1652,3.1657,3.1757,3.1757,3.1702,3.1707,30
2026-01-08 17:16:00,3.1662,3.1732,3.1662,3.1732,3.1712,3.1782,3.1712,3.1782,31
2026-01-08 17:17:00,3.1737,3.1772,3.1692,3.1752,3.1787,3.1822,3.1742,3.1802,65
2026-01-08 17:18:00,3.1757,3.1812,3.1747,3.1812,3.1807,3.1862,3.1797,3.1862,35
2026-01-08 17:19:00,3.1807,3.1852,3.1762,3.1847,3.1857,3.1902,3.1812,3.1897,47
2026-01-08 17:20:00,3.1852,3.1902,3.1767,3.1767,3.1902,3.1952,3.1817,3.1817,89
2026-01-08 17:21:00,3.1762,3.1807,3.1672,3.1682,3.1812,3.1857,3.1722,3.1732,64
2026-01-08 17:22:00,3.1672,3.1802,3.1652,3.1777,3.1722,3.1852,3.1702,3.1827,70
2026-01-08 17:23:00,3.1772,3.1842,3.1772,3.1792,3.1822,3.1892,3.1822,3.1842,31
2026-01-08 17:24:00,3.1822,3.1842,3.1662,3.1672,3.1872,3.1892,3.1712,3.1722,65
2026-01-08 17:25:00,3.1677,3.1717,3.1652,3.1662,3.1727,3.1767,3.1702,3.1712,41
2026-01-08 17:26:00,3.1672,3.1752,3.1582,3.1602,3.1722,3.1802,3.1632,3.1652,78
2026-01-08 17:27:00,3.1612,3.1682,3.1532,3.1557,3.1662,3.1732,3.1582,3.1607,89
2026-01-08 17:28:00,3.1562,3.1572,3.1452,3.1492,3.1612,3.1622,3.1502,3.1542,59
2026-01-08 17:29:00,3.1497,3.1542,3.1462,3.1482,3.1547,3.1592,3.1512,3.1532,67
2026-01-08 17:30:00,3.1472,3.1492,3.1452,3.1482,3.1522,3.1542,3.1502,3.1532,33
2026-01-08 17:31:00,3.1472,3.1482,3.1432,3.1472,3.1522,3.1532,3.1482,3.1522,41
2026-01-08 17:32:00,3.1482,3.1552,3.1482,3.1552,3.1532,3.1602,3.1532,3.1602,52
2026-01-08 17:33:00,3.1557,3.1562,3.1482,3.1507,3.1607,3.1612,3.1532,3.1557,40
2026-01-08 17:34:00,3.1512,3.1572,3.1512,3.1542,3.1562,3.1622,3.1562,3.1592,38
2026-01-08 17:35:00,3.1552,3.1572,3.1527,3.1562,3.1602,3.1622,3.1577,3.1612,38
2026-01-08 17:36:00,3.1572,3.1582,3.1502,3.1557,3.1622,3.1632,3.1552,3.1607,51
2026-01-08 17:37:00,3.1552,3.1562,3.1512,3.1557,3.1602,3.1612,3.1562,3.1607,41
2026-01-08 17:38:00,3.1562,3.1562,3.1502,3.1512,3.1612,3.1612,3.1552,3.1562,22
2026-01-08 17:39:00,3.1517,3.1522,3.1482,3.1492,3.1567,3.1572,3.1532,3.1542,23
2026-01-08 17:40:00,3.1487,3.1492,3.1412,3.1477,3.1537,3.1542,3.1462,3.1527,49
2026-01-08 17:41:00,3.1482,3.1522,3.1472,3.1492,3.1532,3.1572,3.1522,3.1542,60
2026-01-08 17:42:00,3.1482,3.1552,3.1482,3.1532,3.1532,3.1602,3.1532,3.1582,31
2026-01-08 17:43:00,3.1527,3.1622,3.1502,3.1582,3.1577,3.1672,3.1552,3.1632,39
2026-01-08 17:44:00,3.1587,3.1617,3.1562,3.1577,3.1637,3.1667,3.1612,3.1627,26
2026-01-08 17:45:00,3.1582,3.1642,3.1552,3.1607,3.1632,3.1692,3.1602,3.1657,40
2026-01-08 17:46:00,3.1612,3.1622,3.1542,3.1552,3.1662,3.1672,3.1592,3.1602,31
2026-01-08 17:47:00,3.1557,3.1632,3.1532,3.1577,3.1607,3.1682,3.1582,3.1627,37
2026-01-08 17:48:00,3.1572,3.1602,3.1552,3.1557,3.1622,3.1652,3.1602,3.1607,32
2026-01-08 17:49:00,3.1562,3.1602,3.1532,3.1577,3.1612,3.1652,3.1582,3.1627,28
2026-01-08 17:50:00,3.1572,3.1627,3.1572,3.1612,3.1622,3.1677,3.1622,3.1662,15
2026-01-08 17:51:00,3.1617,3.1617,3.1552,3.1552,3.1667,3.1667,3.1602,3.1602,28
2026-01-08 17:52:00,3.1562,3.1567,3.1522,3.1562,3.1612,3.1617,3.1572,3.1612,19
2026-01-08 17:53:00,3.1557,3.1682,3.1557,3.1672,3.1607,3.1732,3.1607,3.1722,46
2026-01-08 17:54:00,3.1677,3.1692,3.1642,3.1667,3.1727,3.1742,3.1692,3.1717,40
2026-01-08 17:55:00,3.1662,3.1687,3.1642,3.1642,3.1712,3.1737,3.1692,3.1692,22
2026-01-08 17:56:00,3.1637,3.1652,3.1572,3.1582,3.1687,3.1702,3.1622,3.1632,38
2026-01-08 17:57:00,3.1587,3.1642,3.1587,3.1642,3.1637,3.1692,3.1637,3.1692,22
2026-01-08 17:58:00,3.1637,3.1722,3.1622,3.1667,3.1687,3.1772,3.1672,3.1717,48
2026-01-08 17:59:00,3.1672,3.1702,3.1667,3.1672,3.1722,3.1752,3.1717,3.1722,28
2026-01-08 18:00:00,3.1682,3.1732,3.1672,3.1687,3.1732,3.1782,3.1722,3.1737,52
2026-01-08 18:01:00,3.1682,3.1697,3.1672,3.1672,3.1732,3.1747,3.1722,3.1722,17
2026-01-08 18:02:00,3.1677,3.1687,3.1657,3.1682,3.1727,3.1737,3.1707,3.1732,26
2026-01-08 18:03:00,3.1692,3.1722,3.1662,3.1672,3.1742,3.1772,3.1712,3.1722,47
2026-01-08 18:04:00,3.1677,3.1687,3.1572,3.1582,3.1727,3.1737,3.1622,3.1632,26
2026-01-08 18:05:00,3.1577,3.1612,3.1577,3.1607,3.1627,3.1662,3.1627,3.1657,23
2026-01-08 18:06:00,3.1602,3.1677,3.1602,3.1657,3.1652,3.1727,3.1652,3.1707,33
2026-01-08 18:07:00,3.1662,3.1732,3.1662,3.1717,3.1712,3.1782,3.1712,3.1767,32
2026-01-08 18:08:00,3.1722,3.1727,3.1712,3.1712,3.1772,3.1777,3.1762,3.1762,13
2026-01-08 18:09:00,3.1727,3.1732,3.1672,3.1682,3.1777,3.1782,3.1722,3.1732,33
2026-01-08 18:10:00,3.1672,3.1672,3.1617,3.1657,3.1722,3.1722,3.1667,3.1707,33
2026-01-08 18:11:00,3.1642,3.1652,3.1617,3.1632,3.1692,3.1702,3.1667,3.1682,19
2026-01-08 18:12:00,3.1622,3.1647,3.1582,3.1632,3.1672,3.1697,3.1632,3.1682,32
2026-01-08 18:13:00,3.1627,3.1657,3.1602,3.1657,3.1677,3.1707,3.1652,3.1707,19
2026-01-08 18:14:00,3.1662,3.1737,3.1662,3.1697,3.1712,3.1787,3.1712,3.1747,50
2026-01-08 18:15:00,3.1702,3.1732,3.1692,3.1717,3.1752,3.1782,3.1742,3.1767,21
2026-01-08 18:16:00,3.1712,3.1717,3.1657,3.1682,3.1762,3.1767,3.1707,3.1732,28
2026-01-08 18:17:00,3.1692,3.1752,3.1692,3.1712,3.1742,3.1802,3.1742,3.1762,46
2026-01-08 18:18:00,3.1707,3.1712,3.1702,3.1707,3.1757,3.1762,3.1752,3.1757,15
2026-01-08 18:19:00,3.1712,3.1722,3.1662,3.1682,3.1762,3.1772,3.1712,3.1732,30
2026-01-08 18:20:00,3.1702,3.1702,3.1657,3.1672,3.1752,3.1752,3.1707,3.1722,22
2026-01-08 18:21:00,3.1662,3.1662,3.1632,3.1647,3.1712,3.1712,3.1682,3.1697,27
2026-01-08 18:22:00,3.1652,3.1662,3.1482,3.1492,3.1702,3.1712,3.1532,3.1542,88
2026-01-08 18:23:00,3.1487,3.1497,3.1452,3.1472,3.1537,3.1547,3.1502,3.1522,41
2026-01-08 18:24:00,3.1477,3.1662,3.1467,3.1572,3.1527,3.1712,3.1517,3.1622,108
2026-01-08 18:25:00,3.1567,3.1667,3.1552,3.1602,3.1617,3.1717,3.1602,3.1652,51
2026-01-08 18:26:00,3.1597,3.1712,3.1567,3.1697,3.1647,3.1762,3.1617,3.1747,58
2026-01-08 18:27:00,3.1702,3.1702,3.1642,3.1672,3.1752,3.1752,3.1692,3.1722,38
2026-01-08 18:28:00,3.1667,3.1677,3.1632,3.1632,3.1717,3.1727,3.1682,3.1682,23
2026-01-08 18:29:00,3.1622,3.1672,3.1612,3.1637,3.1672,3.1722,3.1662,3.1687,26
2026-01-08 18:30:00,3.1632,3.1762,3.1592,3.1722,3.1682,3.1812,3.1642,3.1772,71
2026-01-08 18:31:00,3.1727,3.1742,3.1692,3.1732,3.1777,3.1792,3.1742,3.1782,62
2026-01-08 18:32:00,3.1737,3.1752,3.1717,3.1737,3.1787,3.1802,3.1767,3.1787,35
2026-01-08 18:33:00,3.1722,3.1732,3.1682,3.1682,3.1772,3.1782,3.1732,3.1732,25
2026-01-08 18:34:00,3.1687,3.1717,3.1632,3.1692,3.1737,3.1767,3.1682,3.1742,26
2026-01-08 18:35:00,3.1702,3.1742,3.1692,3.1712,3.1752,3.1792,3.1742,3.1762,37
2026-01-08 18:36:00,3.1702,3.1707,3.1612,3.1612,3.1752,3.1757,3.1662,3.1662,42
2026-01-08 18:37:00,3.1607,3.1612,3.1502,3.1522,3.1657,3.1662,3.1552,3.1572,106
2026-01-08 18:38:00,3.1507,3.1512,3.1392,3.1402,3.1557,3.1562,3.1442,3.1452,68
2026-01-08 18:39:00,3.1412,3.1497,3.1392,3.1482,3.1462,3.1547,3.1442,3.1532,67
2026-01-08 18:40:00,3.1472,3.1497,3.1362,3.1367,3.1522,3.1547,3.1412,3.1417,65
2026-01-08 18:41:00,3.1377,3.1377,3.1312,3.1322,3.1427,3.1427,3.1362,3.1372,86
2026-01-08 18:42:00,3.1312,3.1322,3.1212,3.1252,3.1362,3.1372,3.1262,3.1302,88
2026-01-08 18:43:00,3.1257,3.1312,3.1252,3.1267,3.1307,3.1362,3.1302,3.1317,69
2026-01-08 18:44:00,3.1262,3.1312,3.1242,3.1272,3.1312,3.1362,3.1292,3.1322,52
2026-01-08 18:45:00,3.1267,3.1362,3.1262,3.1342,3.1317,3.1412,3.1312,3.1392,70
2026-01-08 18:46:00,3.1332,3.1362,3.1272,3.1297,3.1382,3.1412,3.1322,3.1347,57
2026-01-08 18:47:00,3.1307,3.1412,3.1307,3.1362,3.1357,3.1462,3.1357,3.1412,78
2026-01-08 18:48:00,3.1367,3.1412,3.1367,3.1407,3.1417,3.1462,3.1417,3.1457,46
2026-01-08 18:49:00,3.1422,3.1472,3.1382,3.1422,3.1472,3.1522,3.1432,3.1472,67
2026-01-08 18:50:00,3.1442,3.1542,3.1422,3.1532,3.1492,3.1592,3.1472,3.1582,48
2026-01-08 18:51:00,3.1522,3.1522,3.1467,3.1482,3.1572,3.1572,3.1517,3.1532,31
2026-01-08 18:52:00,3.1492,3.1507,3.1472,3.1492,3.1542,3.1557,3.1522,3.1542,44
2026-01-08 18:53:00,3.1487,3.1602,3.1482,3.1582,3.1537,3.1652,3.1532,3.1632,73
2026-01-08 18:54:00,3.1592,3.1592,3.1477,3.1492,3.1642,3.1642,3.1527,3.1542,62
2026-01-08 18:55:00,3.1487,3.1602,3.1452,3.1587,3.1537,3.1652,3.1502,3.1637,54
2026-01-08 18:56:00,3.1582,3.1602,3.1557,3.1582,3.1632,3.1652,3.1607,3.1632,50
2026-01-08 18:57:00,3.1587,3.1622,3.1567,3.1602,3.1637,3.1672,3.1617,3.1652,17
2026-01-08 18:58:00,3.1612,3.1687,3.1607,3.1612,3.1662,3.1737,3.1657,3.1662,44
2026-01-08 18:59:00,3.1607,3.1652,3.1572,3.1642,3.1657,3.1702,3.1622,3.1692,28
2026-01-08 19:00:00,3.1637,3.1682,3.1632,3.1642,3.1687,3.1732,3.1682,3.1692,46
2026-01-08 19:01:00,3.1647,3.1662,3.1632,3.1657,3.1697,3.1712,3.1682,3.1707,20
2026-01-08 19:02:00,3.1652,3.1652,3.1547,3.1572,3.1702,3.1702,3.1597,3.1622,44
2026-01-08 19:03:00,3.1567,3.1572,3.1492,3.1512,3.1617,3.1622,3.1542,3.1562,53
2026-01-08 19:04:00,3.1522,3.1602,3.1522,3.1602,3.1572,3.1652,3.1572,3.1652,31
2026-01-08 19:05:00,3.1592,3.1632,3.1547,3.1592,3.1642,3.1682,3.1597,3.1642,52
2026-01-08 19:06:00,3.1582,3.1592,3.1532,3.1532,3.1632,3.1642,3.1582,3.1582,31
2026-01-08 19:07:00,3.1522,3.1572,3.1452,3.1557,3.1572,3.1622,3.1502,3.1607,83
2026-01-08 19:08:00,3.1552,3.1562,3.1522,3.1542,3.1602,3.1612,3.1572,3.1592,19
2026-01-08 19:09:00,3.1547,3.1572,3.1522,3.1567,3.1597,3.1622,3.1572,3.1617,17
2026-01-08 19:10:00,3.1572,3.1577,3.1502,3.1532,3.1622,3.1627,3.1552,3.1582,25
2026-01-08 19:11:00,3.1537,3.1552,3.1422,3.1437,3.1587,3.1602,3.1472,3.1487,70
2026-01-08 19:12:00,3.1442,3.1462,3.1382,3.1462,3.1492,3.1512,3.1432,3.1512,93
2026-01-08 19:13:00,3.1472,3.1472,3.1402,3.1412,3.1522,3.1522,3.1452,3.1462,32
2026-01-08 19:14:00,3.1397,3.1402,3.1362,3.1397,3.1447,3.1452,3.1412,3.1447,46
2026-01-08 19:15:00,3.1392,3.1422,3.1382,3.1422,3.1442,3.1472,3.1432,3.1472,49
2026-01-08 19:16:00,3.1427,3.1552,3.1402,3.1532,3.1477,3.1602,3.1452,3.1582,67
2026-01-08 19:17:00,3.1527,3.1542,3.1502,3.1512,3.1577,3.1592,3.1552,3.1562,23
2026-01-08 19:18:00,3.1502,3.1552,3.1482,3.1532,3.1552,3.1602,3.1532,3.1582,36
2026-01-08 19:19:00,3.1527,3.1527,3.1467,3.1507,3.1577,3.1577,3.1517,3.1557,26
2026-01-08 19:20:00,3.1512,3.1537,3.1492,3.1522,3.1562,3.1587,3.1542,3.1572,27
2026-01-08 19:21:00,3.1517,3.1517,3.1432,3.1432,3.1567,3.1567,3.1482,3.1482,28
2026-01-08 19:22:00,3.1437,3.1442,3.1372,3.1422,3.1487,3.1492,3.1422,3.1472,59
2026-01-08 19:23:00,3.1427,3.1462,3.1422,3.1462,3.1477,3.1512,3.1472,3.1512,14
2026-01-08 19:24:00,3.1452,3.1497,3.1452,3.1492,3.1502,3.1547,3.1502,3.1542,13
2026-01-08 19:25:00,3.1497,3.1527,3.1432,3.1447,3.1547,3.1577,3.1482,3.1497,42
2026-01-08 19:26:00,3.1452,3.1457,3.1372,3.1412,3.1502,3.1507,3.1422,3.1462,69
2026-01-08 19:27:00,3.1422,3.1507,3.1412,3.1447,3.1472,3.1557,3.1462,3.1497,46
2026-01-08 19:28:00,3.1452,3.1472,3.1432,3.1442,3.1502,3.1522,3.1482,3.1492,22
2026-01-08 19:29:00,3.1452,3.1462,3.1432,3.1442,3.1502,3.1512,3.1482,3.1492,13
2026-01-08 19:30:00,3.1432,3.1502,3.1402,3.1467,3.1482,3.1552,3.1452,3.1517,53
2026-01-08 19:31:00,3.1472,3.1487,3.1462,3.1482,3.1522,3.1537,3.1512,3.1532,12
2026-01-08 19:32:00,3.1492,3.1497,3.1432,3.1432,3.1542,3.1547,3.1482,3.1482,23
2026-01-08 19:33:00,3.1412,3.1447,3.1397,3.1447,3.1462,3.1497,3.1447,3.1497,26
2026-01-08 19:34:00,3.1452,3.1452,3.1362,3.1362,3.1502,3.1502,3.1412,3.1412,30
2026-01-08 19:35:00,3.1367,3.1432,3.1272,3.1402,3.1417,3.1482,3.1322,3.1452,92
2026-01-08 19:36:00,3.1397,3.1432,3.1372,3.1402,3.1447,3.1482,3.1422,3.1452,49
2026-01-08 19:37:00,3.1387,3.1392,3.1342,3.1352,3.1437,3.1442,3.1392,3.1402,29
2026-01-08 19:38:00,3.1357,3.1392,3.1357,3.1392,3.1407,3.1442,3.1407,3.1442,26
2026-01-08 19:39:00,3.1387,3.1387,3.1352,3.1352,3.1437,3.1437,3.1402,3.1402,26
2026-01-08 19:40:00,3.1347,3.1352,3.1302,3.1307,3.1397,3.1402,3.1352,3.1357,35
2026-01-08 19:41:00,3.1312,3.1332,3.1232,3.1237,3.1362,3.1382,3.1282,3.1287,55
2026-01-08 19:42:00,3.1242,3.1282,3.1192,3.1202,3.1292,3.1332,3.1242,3.1252,58
2026-01-08 19:43:00,3.1197,3.1197,3.1097,3.1112,3.1247,3.1247,3.1147,3.1162,67
2026-01-08 19:44:00,3.1122,3.1202,3.1082,3.1182,3.1172,3.1252,3.1132,3.1232,57
2026-01-08 19:45:00,3.1177,3.1282,3.1162,3.1282,3.1227,3.1332,3.1212,3.1332,94
2026-01-08 19:46:00,3.1287,3.1382,3.1272,3.1362,3.1337,3.1432,3.1322,3.1412,94
2026-01-08 19:47:00,3.1372,3.1382,3.1302,3.1317,3.1422,3.1432,3.1352,3.1367,64
2026-01-08 19:48:00,3.1322,3.1342,3.1297,3.1312,3.1372,3.1392,3.1347,3.1362,26
2026-01-08 19:49:00,3.1317,3.1317,3.1282,3.1282,3.1367,3.1367,3.1332,3.1332,18
2026-01-08 19:50:00,3.1287,3.1322,3.1277,3.1322,3.1337,3.1372,3.1327,3.1372,28
2026-01-08 19:51:00,3.1312,3.1337,3.1242,3.1242,3.1362,3.1387,3.1292,3.1292,43
2026-01-08 19:52:00,3.1247,3.1272,3.1222,3.1262,3.1297,3.1322,3.1272,3.1312,37
2026-01-08 19:53:00,3.1267,3.1282,3.1222,3.1232,3.1317,3.1332,3.1272,3.1282,25
2026-01-08 19:54:00,3.1222,3.1242,3.1222,3.1237,3.1272,3.1292,3.1272,3.1287,22
2026-01-08 19:55:00,3.1232,3.1232,3.1177,3.1202,3.1282,3.1282,3.1227,3.1252,23
2026-01-08 19:56:00,3.1197,3.1212,3.1162,3.1197,3.1247,3.1262,3.1212,3.1247,23
2026-01-08 19:57:00,3.1192,3.1222,3.1172,3.1172,3.1242,3.1272,3.1222,3.1222,24
2026-01-08 19:58:00,3.1182,3.1212,3.1182,3.1212,3.1232,3.1262,3.1232,3.1262,11
2026-01-08 19:59:00,3.1217,3.1217,3.1192,3.1212,3.1267,3.1267,3.1242,3.1262,14
2026-01-08 20:00:00,3.1197,3.1267,3.1192,3.1267,3.1247,3.1317,3.1242,3.1317,47
2026-01-08 20:01:00,3.1262,3.1267,3.1202,3.1262,3.1312,3.1317,3.1252,3.1312,48
2026-01-08 20:02:00,3.1252,3.1282,3.1202,3.1232,3.1302,3.1332,3.1252,3.1282,38
2026-01-08 20:03:00,3.1237,3.1342,3.1232,3.1312,3.1287,3.1392,3.1282,3.1362,67
2026-01-08 20:04:00,3.1322,3.1342,3.1262,3.1312,3.1372,3.1392,3.1312,3.1362,53
2026-01-08 20:05:00,3.1302,3.1352,3.1292,3.1312,3.1352,3.1402,3.1342,3.1362,54
2026-01-08 20:06:00,3.1317,3.1317,3.1252,3.1267,3.1367,3.1367,3.1302,3.1317,37
2026-01-08 20:07:00,3.1262,3.1392,3.1262,3.1367,3.1312,3.1442,3.1312,3.1417,62
2026-01-08 20:08:00,3.1362,3.1412,3.1337,3.1402,3.1412,3.1462,3.1387,3.1452,31
2026-01-08 20:09:00,3.1407,3.1412,3.1352,3.1372,3.1457,3.1462,3.1402,3.1422,31
2026-01-08 20:10:00,3.1382,3.1452,3.1362,3.1377,3.1432,3.1502,3.1412,3.1427,83
2026-01-08 20:11:00,3.1382,3.1452,3.1372,3.1437,3.1432,3.1502,3.1422,3.1487,85
2026-01-08 20:12:00,3.1442,3.1442,3.1392,3.1392,3.1492,3.1492,3.1442,3.1442,32
2026-01-08 20:13:00,3.1397,3.1432,3.1362,3.1382,3.1447,3.1482,3.1412,3.1432,35
2026-01-08 20:14:00,3.1392,3.1402,3.1332,3.1362,3.1442,3.1452,3.1382,3.1412,31
2026-01-08 20:15:00,3.1357,3.1392,3.1302,3.1382,3.1407,3.1442,3.1352,3.1432,51
2026-01-08 20:16:00,3.1387,3.1457,3.1372,3.1432,3.1437,3.1507,3.1422,3.1482,50
2026-01-08 20:17:00,3.1437,3.1527,3.1422,3.1512,3.1487,3.1577,3.1472,3.1562,84
2026-01-08 20:18:00,3.1522,3.1602,3.1472,3.1582,3.1572,3.1652,3.1522,3.1632,97
2026-01-08 20:19:00,3.1592,3.1612,3.1542,3.1572,3.1642,3.1662,3.1592,3.1622,63
2026-01-08 20:20:00,3.1567,3.1612,3.1552,3.1557,3.1617,3.1662,3.1602,3.1607,34
2026-01-08 20:21:00,3.1552,3.1562,3.1477,3.1562,3.1602,3.1612,3.1527,3.1612,77
2026-01-08 20:22:00,3.1557,3.1572,3.1517,3.1562,3.1607,3.1622,3.1567,3.1612,51
2026-01-08 20:23:00,3.1552,3.1602,3.1517,3.1532,3.1602,3.1652,3.1567,3.1582,55
2026-01-08 20:24:00,3.1522,3.1582,3.1492,3.1562,3.1572,3.1632,3.1542,3.1612,54
2026-01-08 20:25:00,3.1572,3.1602,3.1472,3.1497,3.1622,3.1652,3.1522,3.1547,94
2026-01-08 20:26:00,3.1502,3.1622,3.1492,3.1592,3.1552,3.1672,3.1542,3.1642,79
2026-01-08 20:27:00,3.1587,3.1637,3.1552,3.1612,3.1637,3.1687,3.1602,3.1662,112
2026-01-08 20:28:00,3.1607,3.1622,3.1562,3.1602,3.1657,3.1672,3.1612,3.1652,148
2026-01-08 20:29:00,3.1612,3.1632,3.1582,3.1607,3.1662,3.1682,3.1632,3.1657,87
2026-01-08 20:30:00,3.1612,3.1632,3.1592,3.1627,3.1662,3.1682,3.1642,3.1677,49
2026-01-08 20:31:00,3.1622,3.1632,3.1592,3.1612,3.1672,3.1682,3.1642,3.1662,11
2026-01-08 20:32:00,3.1617,3.1632,3.1602,3.1607,3.1667,3.1682,3.1652,3.1657,15
2026-01-08 20:33:00,3.1612,3.1622,3.1602,3.1622,3.1662,3.1672,3.1652,3.1672,16
2026-01-08 20:34:00,3.1612,3.1622,3.1607,3.1622,3.1662,3.1672,3.1657,3.1672,4
2026-01-08 20:35:00,3.1617,3.1622,3.1612,3.1622,3.1667,3.1672,3.1662,3.1672,3
2026-01-08 20:36:00,3.1612,3.1617,3.1612,3.1612,3.1662,3.1667,3.1662,3.1662,3
2026-01-08 20:37:00,3.1617,3.1642,3.1617,3.1632,3.1667,3.1692,3.1667,3.1682,11
2026-01-08 20:38:00,3.1627,3.1632,3.1612,3.1617,3.1677,3.1682,3.1662,3.1667,11
2026-01-08 20:39:00,3.1622,3.1632,3.1582,3.1602,3.1672,3.1682,3.1632,3.1652,17
2026-01-08 20:40:00,3.1607,3.1622,3.1607,3.1622,3.1657,3.1672,3.1657,3.1672,8
2026-01-08 20:41:00,3.1627,3.1662,3.1622,3.1652,3.1677,3.1712,3.1672,3.1702,25
2026-01-08 20:42:00,3.1662,3.1662,3.1657,3.1662,3.1712,3.1712,3.1707,3.1712,3
2026-01-08 20:43:00,3.1657,3.1662,3.1652,3.1662,3.1707,3.1712,3.1702,3.1712,5
2026-01-08 20:44:00,3.1657,3.1662,3.1657,3.1662,3.1707,3.1712,3.1707,3.1712,4
2026-01-08 20:45:00,3.1667,3.1682,3.1667,3.1672,3.1717,3.1732,3.1717,3.1722,3
2026-01-08 20:46:00,3.1667,3.1672,3.1667,3.1672,3.1717,3.1722,3.1717,3.1722,2
2026-01-08 20:48:00,3.1677,3.1692,3.1657,3.1667,3.1727,3.1742,3.1707,3.1717,14
2026-01-08 20:49:00,3.1672,3.1672,3.1662,3.1662,3.1722,3.1722,3.1712,3.1712,9
2026-01-08 20:50:00,3.1672,3.1692,3.1657,3.1682,3.1722,3.1742,3.1707,3.1732,23
2026-01-08 20:51:00,3.1677,3.1677,3.1662,3.1662,3.1727,3.1727,3.1712,3.1712,7
2026-01-08 20:52:00,3.1667,3.1672,3.1642,3.1652,3.1717,3.1722,3.1692,3.1702,12
2026-01-08 20:53:00,3.1657,3.1662,3.1652,3.1662,3.1707,3.1712,3.1702,3.1712,6
2026-01-08 20:54:00,3.1652,3.1662,3.1642,3.1652,3.1702,3.1712,3.1692,3.1702,21
2026-01-08 20:55:00,3.1642,3.1652,3.1437,3.1442,3.1692,3.1702,3.1487,3.1492,58
2026-01-08 20:56:00,3.1432,3.1462,3.1412,3.1442,3.1482,3.1512,3.1462,3.1492,31
2026-01-08 20:57:00,3.1427,3.1502,3.1417,3.1477,3.1477,3.1552,3.1467,3.1527,30
2026-01-08 20:58:00,3.1472,3.1472,3.1417,3.1417,3.1522,3.1522,3.1467,3.1467,21
2026-01-08 20:59:00,3.1412,3.1437,3.1402,3.1412,3.1462,3.1487,3.1452,3.1462,20
2026-01-08 21:00:00,3.1422,3.1432,3.1412,3.1422,3.1472,3.1482,3.1462,3.1472,19
2026-01-08 21:01:00,3.1432,3.1472,3.1432,3.1447,3.1482,3.1522,3.1482,3.1497,20
2026-01-08 21:02:00,3.1452,3.1507,3.1447,3.1487,3.1502,3.1557,3.1497,3.1537,25
2026-01-08 21:03:00,3.1492,3.1497,3.1482,3.1497,3.1542,3.1547,3.1532,3.1547,6
2026-01-08 21:04:00,3.1492,3.1542,3.1492,3.1527,3.1542,3.1592,3.1542,3.1577,36
2026-01-08 21:05:00,3.1512,3.1522,3.1512,3.1512,3.1562,3.1572,3.1562,3.1562,3
2026-01-08 21:06:00,3.1527,3.1542,3.1527,3.1537,3.1577,3.1592,3.1577,3.1587,11
2026-01-08 21:07:00,3.1532,3.1547,3.1532,3.1542,3.1582,3.1597,3.1582,3.1592,9
2026-01-08 21:08:00,3.1537,3.1542,3.1522,3.1522,3.1587,3.1592,3.1572,3.1572,8
2026-01-08 21:09:00,3.1527,3.1562,3.1527,3.1552,3.1577,3.1612,3.1577,3.1602,13
2026-01-08 21:10:00,3.1557,3.1562,3.1552,3.1552,3.1607,3.1612,3.1602,3.1602,5
2026-01-08 21:11:00,3.1557,3.1567,3.1552,3.1567,3.1607,3.1617,3.1602,3.1617,8
2026-01-08 21:12:00,3.1572,3.1587,3.1552,3.1562,3.1622,3.1637,3.1602,3.1612,10
2026-01-08 21:13:00,3.1552,3.1552,3.1492,3.1537,3.1602,3.1602,3.1542,3.1587,17
2026-01-08 21:14:00,3.1532,3.1547,3.1522,3.1522,3.1582,3.1597,3.1572,3.1572,11
2026-01-08 21:15:00,3.1517,3.1527,3.1502,3.1512,3.1567,3.1577,3.1552,3.1562,13
2026-01-08 21:16:00,3.1517,3.1522,3.1512,3.1517,3.1567,3.1572,3.1562,3.1567,4
2026-01-08 21:17:00,3.1522,3.1532,3.1502,3.1512,3.1572,3.1582,3.1552,3.1562,14
2026-01-08 21:18:00,3.1517,3.1522,3.1517,3.1522,3.1567,3.1572,3.1567,3.1572,2
2026-01-08 21:19:00,3.1517,3.1522,3.1507,3.1507,3.1567,3.1572,3.1557,3.1557,7
2026-01-08 21:20:00,3.1502,3.1507,3.1462,3.1497,3.1552,3.1557,3.1512,3.1547,16
2026-01-08 21:21:00,3.1502,3.1502,3.1492,3.1492,3.1552,3.1552,3.1542,3.1542,2
2026-01-08 21:22:00,3.1502,3.1502,3.1482,3.1492,3.1552,3.1552,3.1532,3.1542,4
2026-01-08 21:23:00,3.1497,3.1512,3.1497,3.1512,3.1547,3.1562,3.1547,3.1562,6
2026-01-08 21:24:00,3.1517,3.1532,3.1492,3.1502,3.1567,3.1582,3.1542,3.1552,18
2026-01-08 21:25:00,3.1497,3.1497,3.1482,3.1492,3.1547,3.1547,3.1532,3.1542,3
2026-01-08 21:26:00,3.1497,3.1522,3.1497,3.1512,3.1547,3.1572,3.1547,3.1562,12
2026-01-08 21:27:00,3.1517,3.1517,3.1482,3.1512,3.1567,3.1567,3.1532,3.1562,13
2026-01-08 21:28:00,3.1517,3.1522,3.1507,3.1522,3.1567,3.1572,3.1557,3.1572,11
2026-01-08 21:29:00,3.1512,3.1522,3.1512,3.1517,3.1562,3.1572,3.1562,3.1567,5
2026-01-08 21:30:00,3.1527,3.1532,3.1522,3.1532,3.1577,3.1582,3.1572,3.1582,5
2026-01-08 21:31:00,3.1542,3.1542,3.1537,3.1542,3.1592,3.1592,3.1587,3.1592,3
2026-01-08 21:32:00,3.1547,3.1562,3.1542,3.1552,3.1597,3.1612,3.1592,3.1602,14
2026-01-08 21:33:00,3.1557,3.1572,3.1557,3.1572,3.1607,3.1622,3.1607,3.1622,4
2026-01-08 21:34:00,3.1582,3.1582,3.1562,3.1562,3.1632,3.1632,3.1612,3.1612,3
2026-01-08 21:35:00,3.1567,3.1567,3.1552,3.1552,3.1617,3.1617,3.1602,3.1602,3
2026-01-08 21:36:00,3.1547,3.1547,3.1532,3.1532,3.1597,3.1597,3.1582,3.1582,2
2026-01-08 21:37:00,3.1527,3.1532,3.1512,3.1512,3.1577,3.1582,3.1562,3.1562,12
2026-01-08 21:38:00,3.1522,3.1532,3.1522,3.1532,3.1572,3.1582,3.1572,3.1582,2
2026-01-08 21:39:00,3.1542,3.1542,3.1542,3.1542,3.1592,3.1592,3.1592,3.1592,1
2026-01-08 21:40:00,3.1552,3.1552,3.1532,3.1542,3.1602,3.1602,3.1582,3.1592,7
2026-01-08 21:41:00,3.1552,3.1552,3.1552,3.1552,3.1602,3.1602,3.1602,3.1602,1
2026-01-08 21:43:00,3.1557,3.1557,3.1542,3.1552,3.1607,3.1607,3.1592,3.1602,5
2026-01-08 21:44:00,3.1542,3.1552,3.1532,3.1547,3.1592,3.1602,3.1582,3.1597,11
2026-01-08 21:45:00,3.1552,3.1572,3.1542,3.1552,3.1602,3.1622,3.1592,3.1602,15
2026-01-08 21:47:00,3.1547,3.1562,3.1537,3.1557,3.1597,3.1612,3.1587,3.1607,15
2026-01-08 21:48:00,3.1562,3.1562,3.1542,3.1552,3.1612,3.1612,3.1592,3.1602,9
2026-01-08 21:49:00,3.1562,3.1562,3.1552,3.1552,3.1612,3.1612,3.1602,3.1602,6
2026-01-08 21:50:00,3.1557,3.1562,3.1552,3.1552,3.1607,3.1612,3.1602,3.1602,3
2026-01-08 21:51:00,3.1547,3.1552,3.1542,3.1552,3.1597,3.1602,3.1592,3.1602,6
2026-01-08 21:52:00,3.1547,3.1552,3.1532,3.1537,3.1597,3.1602,3.1582,3.1587,8
2026-01-08 21:53:00,3.1542,3.1542,3.1542,3.1542,3.1592,3.1592,3.1592,3.1592,1
2026-01-08 21:54:00,3.1547,3.1552,3.1547,3.1552,3.1597,3.1602,3.1597,3.1602,2
2026-01-08 21:55:00,3.1537,3.1542,3.1522,3.1542,3.1587,3.1592,3.1572,3.1592,17
2026-01-08 21:56:00,3.1552,3.1552,3.1542,3.1542,3.1602,3.1602,3.1592,3.1592,4
2026-01-08 21:57:00,3.1552,3.1552,3.1542,3.1552,3.1602,3.1602,3.1592,3.1602,7
2026-01-08 21:58:00,3.1542,3.1552,3.1542,3.1552,3.1592,3.1602,3.1592,3.1602,4
2026-01-08 21:59:00,3.1542,3.1562,3.1542,3.1552,3.1592,3.1612,3.1592,3.1602,9
2026-01-08 22:00:00,3.1557,3.1562,3.1532,3.1552,3.1607,3.1612,3.1582,3.1602,11
2026-01-08 22:01:00,3.1547,3.1552,3.1547,3.1547,3.1597,3.1602,3.1597,3.1597,3
2026-01-08 22:02:00,3.1542,3.1542,3.1527,3.1532,3.1592,3.1592,3.1577,3.1582,5
2026-01-08 22:03:00,3.1527,3.1532,3.1517,3.1532,3.1577,3.1582,3.1567,3.1582,6
2026-01-08 22:04:00,3.1537,3.1537,3.1532,3.1532,3.1587,3.1587,3.1582,3.1582,2
2026-01-08 22:05:00,3.1537,3.1537,3.1537,3.1537,3.1587,3.1587,3.1587,3.1587,1
2026-01-08 22:06:00,3.1542,3.1542,3.1532,3.1537,3.1592,3.1592,3.1582,3.1587,11
2026-01-08 22:07:00,3.1547,3.1562,3.1547,3.1557,3.1597,3.1612,3.1597,3.1607,7
2026-01-08 22:08:00,3.1562,3.1562,3.1552,3.1557,3.1612,3.1612,3.1602,3.1607,5
2026-01-08 22:09:00,3.1552,3.1562,3.1542,3.1542,3.1602,3.1612,3.1592,3.1592,10
2026-01-08 22:10:00,3.1537,3.1537,3.1532,3.1537,3.1587,3.1587,3.1582,3.1587,3
2026-01-08 22:11:00,3.1532,3.1532,3.1522,3.1527,3.1582,3.1582,3.1572,3.1577,7
2026-01-08 22:12:00,3.1522,3.1532,3.1512,3.1532,3.1572,3.1582,3.1562,3.1582,8
2026-01-08 22:13:00,3.1537,3.1542,3.1537,3.1537,3.1587,3.1592,3.1587,3.1587,3
2026-01-08 22:14:00,3.1542,3.1552,3.1542,3.1547,3.1592,3.1602,3.1592,3.1597,3
2026-01-08 22:15:00,3.1552,3.1552,3.1547,3.1547,3.1602,3.1602,3.1597,3.1597,2
2026-01-08 22:16:00,3.1542,3.1557,3.1532,3.1552,3.1592,3.1607,3.1582,3.1602,6
2026-01-08 22:17:00,3.1557,3.1572,3.1557,3.1562,3.1607,3.1622,3.1607,3.1612,3
2026-01-08 22:18:00,3.1567,3.1567,3.1557,3.1562,3.1617,3.1617,3.1607,3.1612,6
2026-01-08 22:19:00,3.1557,3.1562,3.1557,3.1562,3.1607,3.1612,3.1607,3.1612,4
2026-01-08 22:20:00,3.1557,3.1572,3.1552,3.1562,3.1607,3.1622,3.1602,3.1612,12
2026-01-08 22:21:00,3.1567,3.1572,3.1567,3.1572,3.1617,3.1622,3.1617,3.1622,2
2026-01-08 22:22:00,3.1567,3.1567,3.1552,3.1557,3.1617,3.1617,3.1602,3.1607,6
2026-01-08 22:23:00,3.1562,3.1572,3.1552,3.1552,3.1612,3.1622,3.1602,3.1602,7
2026-01-08 22:24:00,3.1547,3.1552,3.1542,3.1542,3.1597,3.1602,3.1592,3.1592,10
2026-01-08 22:25:00,3.1552,3.1552,3.1532,3.1552,3.1602,3.1602,3.1582,3.1602,5
2026-01-08 22:26:00,3.1557,3.1557,3.1552,3.1557,3.1607,3.1607,3.1602,3.1607,3
2026-01-08 22:27:00,3.1552,3.1562,3.1552,3.1557,3.1602,3.1612,3.1602,3.1607,4
2026-01-08 22:28:00,3.1552,3.1562,3.1542,3.1562,3.1602,3.1612,3.1592,3.1612,11
2026-01-08 22:29:00,3.1547,3.1552,3.1547,3.1552,3.1597,3.1602,3.1597,3.1602,4
2026-01-08 22:30:00,3.1557,3.1562,3.1557,3.1557,3.1607,3.1612,3.1607,3.1607,5
2026-01-08 22:31:00,3.1562,3.1562,3.1557,3.1562,3.1612,3.1612,3.1607,3.1612,5
2026-01-08 22:32:00,3.1557,3.1557,3.1542,3.1542,3.1607,3.1607,3.1592,3.1592,4
2026-01-08 22:33:00,3.1547,3.1552,3.1542,3.1552,3.1597,3.1602,3.1592,3.1602,6
2026-01-08 22:34:00,3.1547,3.1552,3.1547,3.1552,3.1597,3.1602,3.1597,3.1602,2
2026-01-08 22:35:00,3.1547,3.1552,3.1547,3.1552,3.1597,3.1602,3.1597,3.1602,2
2026-01-08 22:36:00,3.1542,3.1552,3.1537,3.1542,3.1592,3.1602,3.1587,3.1592,7
2026-01-08 22:37:00,3.1532,3.1542,3.1532,3.1532,3.1582,3.1592,3.1582,3.1582,4
2026-01-08 22:38:00,3.1527,3.1537,3.1527,3.1532,3.1577,3.1587,3.1577,3.1582,4
2026-01-08 22:39:00,3.1527,3.1532,3.1527,3.1532,3.1577,3.1582,3.1577,3.1582,2
2026-01-08 22:40:00,3.1537,3.1542,3.1532,3.1542,3.1587,3.1592,3.1582,3.1592,3
2026-01-08 22:41:00,3.1547,3.1562,3.1547,3.1562,3.1597,3.1612,3.1597,3.1612,4
2026-01-08 22:42:00,3.1557,3.1557,3.1557,3.1557,3.1607,3.1607,3.1607,3.1607,1
2026-01-08 22:43:00,3.1552,3.1552,3.1522,3.1537,3.1602,3.1602,3.1572,3.1587,18
2026-01-08 22:44:00,3.1532,3.1532,3.1512,3.1522,3.1582,3.1582,3.1562,3.1572,11
2026-01-08 22:45:00,3.1517,3.1542,3.1517,3.1542,3.1567,3.1592,3.1567,3.1592,7
2026-01-08 22:46:00,3.1532,3.1552,3.1532,3.1552,3.1582,3.1602,3.1582,3.1602,3
2026-01-08 22:47:00,3.1567,3.1567,3.1557,3.1562,3.1617,3.1617,3.1607,3.1612,4
2026-01-08 22:48:00,3.1557,3.1567,3.1552,3.1567,3.1607,3.1617,3.1602,3.1617,14
2026-01-08 22:49:00,3.1562,3.1572,3.1562,3.1567,3.1612,3.1622,3.1612,3.1617,6
2026-01-08 22:50:00,3.1572,3.1572,3.1562,3.1572,3.1622,3.1622,3.1612,3.1622,7
2026-01-08 22:51:00,3.1577,3.1592,3.1577,3.1592,3.1627,3.1642,3.1627,3.1642,3
2026-01-08 22:52:00,3.1587,3.1592,3.1587,3.1592,3.1637,3.1642,3.1637,3.1642,2
2026-01-08 22:53:00,3.1602,3.1602,3.1592,3.1592,3.1652,3.1652,3.1642,3.1642,2
2026-01-08 22:54:00,3.1587,3.1592,3.1562,3.1567,3.1637,3.1642,3.1612,3.1617,16
2026-01-08 22:55:00,3.1572,3.1577,3.1567,3.1572,3.1622,3.1627,3.1617,3.1622,7
2026-01-08 22:56:00,3.1577,3.1587,3.1572,3.1577,3.1627,3.1637,3.1622,3.1627,11
2026-01-08 22:57:00,3.1572,3.1572,3.1557,3.1572,3.1622,3.1622,3.1607,3.1622,6
2026-01-08 22:58:00,3.1562,3.1562,3.1547,3.1562,3.1612,3.1612,3.1597,3.1612,15
2026-01-08 22:59:00,3.1557,3.1582,3.1453,3.1468,3.1607,3.1632,3.1503,3.1518,38
2026-01-09 00:00:00,3.1533,3.1668,3.1533,3.1653,3.1583,3.1718,3.1583,3.1703,50
2026-01-09 00:01:00,3.1668,3.1678,3.1633,3.1633,3.1718,3.1728,3.1683,3.1683,34
2026-01-09 00:02:00,3.1628,3.1673,3.1623,3.1643,3.1678,3.1723,3.1673,3.1693,20
2026-01-09 00:03:00,3.1648,3.1653,3.1628,3.1653,3.1698,3.1703,3.1678,3.1703,10
2026-01-09 00:04:00,3.1678,3.1788,3.1678,3.1783,3.1728,3.1838,3.1728,3.1833,23
2026-01-09 00:05:00,3.1768,3.1768,3.1703,3.1703,3.1818,3.1818,3.1753,3.1753,8
2026-01-09 00:06:00,3.1688,3.1708,3.1673,3.1683,3.1738,3.1758,3.1723,3.1733,30
2026-01-09 00:07:00,3.1678,3.1678,3.1638,3.1643,3.1728,3.1728,3.1688,3.1693,12
2026-01-09 00:08:00,3.1648,3.1678,3.1648,3.1668,3.1698,3.1728,3.1698,3.1718,8
2026-01-09 00:09:00,3.1678,3.1688,3.1663,3.1683,3.1728,3.1738,3.1713,3.1733,11
2026-01-09 00:10:00,3.1673,3.1678,3.1658,3.1663,3.1723,3.1728,3.1708,3.1713,5
2026-01-09 00:11:00,3.1658,3.1683,3.1658,3.1673,3.1708,3.1733,3.1708,3.1723,5
2026-01-09 00:13:00,3.1668,3.1678,3.1668,3.1673,3.1718,3.1728,3.1718,3.1723,3
2026-01-09 00:14:00,3.1678,3.1708,3.1678,3.1708,3.1728,3.1758,3.1728,3.1758,13
2026-01-09 00:15:00,3.1703,3.1723,3.1673,3.1718,3.1753,3.1773,3.1723,3.1768,9
2026-01-09 00:16:00,3.1713,3.1738,3.1713,3.1723,3.1763,3.1788,3.1763,3.1773,6
2026-01-09 00:17:00,3.1728,3.1763,3.1728,3.1758,3.1778,3.1813,3.1778,3.1808,8
2026-01-09 00:18:00,3.1763,3.1763,3.1733,3.1733,3.1813,3.1813,3.1783,3.1783,7
2026-01-09 00:20:00,3.1723,3.1723,3.1698,3.1708,3.1773,3.1773,3.1748,3.1758,7
2026-01-09 00:21:00,3.1718,3.1728,3.1708,3.1708,3.1768,3.1778,3.1758,3.1758,4
2026-01-09 00:22:00,3.1703,3.1703,3.1668,3.1668,3.1753,3.1753,3.1718,3.1718,8
2026-01-09 00:23:00,3.1658,3.1663,3.1648,3.1653,3.1708,3.1713,3.1698,3.1703,7
2026-01-09 00:24:00,3.1648,3.1653,3.1633,3.1653,3.1698,3.1703,3.1683,3.1703,5
2026-01-09 00:25:00,3.1648,3.1648,3.1633,3.1633,3.1698,3.1698,3.1683,3.1683,4
2026-01-09 00:26:00,3.1643,3.1708,3.1633,3.1663,3.1693,3.1758,3.1683,3.1713,14
2026-01-09 00:27:00,3.1648,3.1648,3.1633,3.1633,3.1698,3.1698,3.1683,3.1683,2
2026-01-09 00:28:00,3.1628,3.1653,3.1628,3.1653,3.1678,3.1703,3.1678,3.1703,3
2026-01-09 00:29:00,3.1658,3.1693,3.1633,3.1693,3.1708,3.1743,3.1683,3.1743,7
2026-01-09 00:30:00,3.1683,3.1683,3.1623,3.1628,3.1733,3.1733,3.1673,3.1678,11
2026-01-09 00:31:00,3.1623,3.1643,3.1613,3.1613,3.1673,3.1693,3.1663,3.1663,5
2026-01-09 00:32:00,3.1603,3.1728,3.1603,3.1633,3.1653,3.1778,3.1653,3.1683,18
2026-01-09 00:33:00,3.1623,3.1628,3.1618,3.1623,3.1673,3.1678,3.1668,3.1673,7
2026-01-09 00:34:00,3.1628,3.1658,3.1628,3.1643,3.1678,3.1708,3.1678,3.1693,12
2026-01-09 00:35:00,3.1638,3.1643,3.1623,3.1638,3.1688,3.1693,3.1673,3.1688,8
2026-01-09 00:36:00,3.1643,3.1648,3.1633,3.1643,3.1693,3.1698,3.1683,3.1693,6
2026-01-09 00:37:00,3.1633,3.1638,3.1628,3.1638,3.1683,3.1688,3.1678,3.1688,3
2026-01-09 00:38:00,3.1633,3.1638,3.1618,3.1618,3.1683,3.1688,3.1668,3.1668,5
2026-01-09 00:39:00,3.1623,3.1628,3.1623,3.1623,3.1673,3.1678,3.1673,3.1673,3
2026-01-09 00:40:00,3.1628,3.1628,3.1628,3.1628,3.1678,3.1678,3.1678,3.1678,1
2026-01-09 00:41:00,3.1623,3.1643,3.1623,3.1643,3.1673,3.1693,3.1673,3.1693,6
2026-01-09 00:42:00,3.1638,3.1638,3.1638,3.1638,3.1688,3.1688,3.1688,3.1688,1
2026-01-09 00:43:00,3.1633,3.1633,3.1633,3.1633,3.1683,3.1683,3.1683,3.1683,1
2026-01-09 00:44:00,3.1623,3.1628,3.1613,3.1613,3.1673,3.1678,3.1663,3.1663,6
2026-01-09 00:45:00,3.1618,3.1618,3.1618,3.1618,3.1668,3.1668,3.1668,3.1668,1
2026-01-09 00:46:00,3.1613,3.1613,3.1603,3.1603,3.1663,3.1663,3.1653,3.1653,5
2026-01-09 00:47:00,3.1598,3.1598,3.1593,3.1593,3.1648,3.1648,3.1643,3.1643,2
2026-01-09 00:48:00,3.1628,3.1648,3.1618,3.1623,3.1678,3.1698,3.1668,3.1673,10
2026-01-09 00:49:00,3.1628,3.1628,3.1628,3.1628,3.1678,3.1678,3.1678,3.1678,1
2026-01-09 00:50:00,3.1633,3.1633,3.1598,3.1608,3.1683,3.1683,3.1648,3.1658,7
2026-01-09 00:51:00,3.1618,3.1628,3.1613,3.1613,3.1668,3.1678,3.1663,3.1663,7
2026-01-09 00:52:00,3.1578,3.1583,3.1568,3.1578,3.1628,3.1633,3.1618,3.1628,4
2026-01-09 00:53:00,3.1563,3.1563,3.1523,3.1523,3.1613,3.1613,3.1573,3.1573,5
2026-01-09 00:54:00,3.1533,3.1558,3.1533,3.1553,3.1583,3.1608,3.1583,3.1603,8
2026-01-09 00:55:00,3.1548,3.1558,3.1543,3.1558,3.1598,3.1608,3.1593,3.1608,4
2026-01-09 00:56:00,3.1553,3.1553,3.1543,3.1548,3.1603,3.1603,3.1593,3.1598,3
2026-01-09 00:57:00,3.1558,3.1568,3.1558,3.1558,3.1608,3.1618,3.1608,3.1608,4
2026-01-09 00:58:00,3.1563,3.1578,3.1563,3.1578,3.1613,3.1628,3.1613,3.1628,3
2026-01-09 00:59:00,3.1583,3.1583,3.1583,3.1583,3.1633,3.1633,3.1633,3.1633,1
2026-01-09 01:00:00,3.1588,3.1673,3.1588,3.1658,3.1638,3.1723,3.1638,3.1708,21
2026-01-09 01:01:00,3.1653,3.1653,3.1648,3.1648,3.1703,3.1703,3.1698,3.1698,2
2026-01-09 01:02:00,3.1643,3.1668,3.1633,3.1658,3.1693,3.1718,3.1683,3.1708,9
2026-01-09 01:03:00,3.1663,3.1673,3.1663,3.1668,3.1713,3.1723,3.1713,3.1718,4
2026-01-09 01:04:00,3.1663,3.1663,3.1663,3.1663,3.1713,3.1713,3.1713,3.1713,1
2026-01-09 01:06:00,3.1668,3.1678,3.1663,3.1663,3.1718,3.1728,3.1713,3.1713,4
2026-01-09 01:07:00,3.1668,3.1668,3.1653,3.1663,3.1718,3.1718,3.1703,3.1713,4
2026-01-09 01:08:00,3.1658,3.1658,3.1633,3.1643,3.1708,3.1708,3.1683,3.1693,5
2026-01-09 01:09:00,3.1638,3.1638,3.1633,3.1638,3.1688,3.1688,3.1683,3.1688,3
2026-01-09 01:10:00,3.1643,3.1643,3.1623,3.1623,3.1693,3.1693,3.1673,3.1673,4
2026-01-09 01:11:00,3.1648,3.1648,3.1618,3.1623,3.1698,3.1698,3.1668,3.1673,6
2026-01-09 01:13:00,3.1618,3.1643,3.1618,3.1633,3.1668,3.1693,3.1668,3.1683,6
2026-01-09 01:14:00,3.1623,3.1623,3.1598,3.1613,3.1673,3.1673,3.1648,3.1663,6
2026-01-09 01:15:00,3.1608,3.1623,3.1608,3.1618,3.1658,3.1673,3.1658,3.1668,5
2026-01-09 01:16:00,3.1623,3.1623,3.1593,3.1593,3.1673,3.1673,3.1643,3.1643,4
2026-01-09 01:17:00,3.1603,3.1603,3.1598,3.1598,3.1653,3.1653,3.1648,3.1648,2
2026-01-09 01:18:00,3.1603,3.1628,3.1603,3.1623,3.1653,3.1678,3.1653,3.1673,5
2026-01-09 01:19:00,3.1613,3.1613,3.1613,3.1613,3.1663,3.1663,3.1663,3.1663,1
2026-01-09 01:20:00,3.1608,3.1608,3.1608,3.1608,3.1658,3.1658,3.1658,3.1658,1
2026-01-09 01:21:00,3.1603,3.1608,3.1603,3.1608,3.1653,3.1658,3.1653,3.1658,2
2026-01-09 01:22:00,3.1613,3.1613,3.1613,3.1613,3.1663,3.1663,3.1663,3.1663,1
2026-01-09 01:23:00,3.1618,3.1618,3.1618,3.1618,3.1668,3.1668,3.1668,3.1668,1
2026-01-09 01:24:00,3.1608,3.1613,3.1603,3.1603,3.1658,3.1663,3.1653,3.1653,4
2026-01-09 01:25:00,3.1628,3.1628,3.1618,3.1618,3.1678,3.1678,3.1668,3.1668,2
2026-01-09 01:26:00,3.1613,3.1613,3.1588,3.1593,3.1663,3.1663,3.1638,3.1643,6
2026-01-09 01:27:00,3.1628,3.1628,3.1608,3.1608,3.1678,3.1678,3.1658,3.1658,6
2026-01-09 01:28:00,3.1603,3.1603,3.1588,3.1588,3.1653,3.1653,3.1638,3.1638,3
2026-01-09 01:29:00,3.1598,3.1613,3.1598,3.1613,3.1648,3.1663,3.1648,3.1663,2
2026-01-09 01:31:00,3.1608,3.1608,3.1598,3.1598,3.1658,3.1658,3.1648,3.1648,3
2026-01-09 01:34:00,3.1608,3.1608,3.1608,3.1608,3.1658,3.1658,3.1658,3.1658,1
2026-01-09 01:35:00,3.1618,3.1618,3.1598,3.1598,3.1668,3.1668,3.1648,3.1648,4
2026-01-09 01:36:00,3.1608,3.1618,3.1608,3.1613,3.1658,3.1668,3.1658,3.1663,4
2026-01-09 01:38:00,3.1618,3.1618,3.1613,3.1613,3.1668,3.1668,3.1663,3.1663,4
2026-01-09 01:39:00,3.1608,3.1608,3.1608,3.1608,3.1658,3.1658,3.1658,3.1658,1
2026-01-09 01:40:00,3.1598,3.1613,3.1593,3.1613,3.1648,3.1663,3.1643,3.1663,7
2026-01-09 01:41:00,3.1603,3.1608,3.1603,3.1608,3.1653,3.1658,3.1653,3.1658,2
2026-01-09 01:42:00,3.1603,3.1603,3.1603,3.1603,3.1653,3.1653,3.1653,3.1653,1
2026-01-09 01:43:00,3.1598,3.1598,3.1593,3.1593,3.1648,3.1648,3.1643,3.1643,2
2026-01-09 01:44:00,3.1598,3.1598,3.1598,3.1598,3.1648,3.1648,3.1648,3.1648,1
2026-01-09 01:45:00,3.1618,3.1618,3.1598,3.1598,3.1668,3.1668,3.1648,3.1648,4
2026-01-09 01:46:00,3.1603,3.1618,3.1603,3.1618,3.1653,3.1668,3.1653,3.1668,4
2026-01-09 01:47:00,3.1628,3.1648,3.1628,3.1638,3.1678,3.1698,3.1678,3.1688,6
2026-01-09 01:49:00,3.1633,3.1633,3.1628,3.1628,3.1683,3.1683,3.1678,3.1678,2
2026-01-09 01:50:00,3.1623,3.1663,3.1618,3.1663,3.1673,3.1713,3.1668,3.1713,15
2026-01-09 01:51:00,3.1653,3.1653,3.1633,3.1633,3.1703,3.1703,3.1683,3.1683,5
2026-01-09 01:52:00,3.1628,3.1668,3.1628,3.1638,3.1678,3.1718,3.1678,3.1688,7
2026-01-09 01:53:00,3.1633,3.1643,3.1633,3.1638,3.1683,3.1693,3.1683,3.1688,3
2026-01-09 01:54:00,3.1633,3.1638,3.1623,3.1623,3.1683,3.1688,3.1673,3.1673,7
2026-01-09 01:55:00,3.1618,3.1628,3.1618,3.1628,3.1668,3.1678,3.1668,3.1678,2
2026-01-09 01:56:00,3.1623,3.1623,3.1603,3.1618,3.1673,3.1673,3.1653,3.1668,6
2026-01-09 01:57:00,3.1623,3.1638,3.1623,3.1623,3.1673,3.1688,3.1673,3.1673,7
2026-01-09 01:58:00,3.1618,3.1633,3.1618,3.1633,3.1668,3.1683,3.1668,3.1683,3
2026-01-09 01:59:00,3.1618,3.1628,3.1618,3.1628,3.1668,3.1678,3.1668,3.1678,2
2026-01-09 02:00:00,3.1633,3.1648,3.1583,3.1593,3.1683,3.1698,3.1633,3.1643,12
2026-01-09 02:01:00,3.1583,3.1628,3.1573,3.1623,3.1633,3.1678,3.1623,3.1673,11
2026-01-09 02:02:00,3.1628,3.1628,3.1588,3.1598,3.1678,3.1678,3.1638,3.1648,8
2026-01-09 02:03:00,3.1593,3.1603,3.1578,3.1598,3.1643,3.1653,3.1628,3.1648,13
2026-01-09 02:04:00,3.1593,3.1593,3.1593,3.1593,3.1643,3.1643,3.1643,3.1643,1
2026-01-09 02:05:00,3.1603,3.1603,3.1603,3.1603,3.1653,3.1653,3.1653,3.1653,1
2026-01-09 02:06:00,3.1598,3.1598,3.1588,3.1593,3.1648,3.1648,3.1638,3.1643,3
2026-01-09 02:07:00,3.1598,3.1608,3.1598,3.1598,3.1648,3.1658,3.1648,3.1648,5
2026-01-09 02:09:00,3.1608,3.1623,3.1608,3.1618,3.1658,3.1673,3.1658,3.1668,3
2026-01-09 02:11:00,3.1608,3.1608,3.1598,3.1603,3.1658,3.1658,3.1648,3.1653,4
2026-01-09 02:13:00,3.1608,3.1608,3.1608,3.1608,3.1658,3.1658,3.1658,3.1658,1
2026-01-09 02:14:00,3.1603,3.1603,3.1588,3.1598,3.1653,3.1653,3.1638,3.1648,5
2026-01-09 02:19:00,3.1603,3.1603,3.1593,3.1593,3.1653,3.1653,3.1643,3.1643,3
2026-01-09 02:21:00,3.1613,3.1708,3.1613,3.1678,3.1663,3.1758,3.1663,3.1728,43
2026-01-09 02:22:00,3.1673,3.1678,3.1648,3.1663,3.1723,3.1728,3.1698,3.1713,12
2026-01-09 02:23:00,3.1658,3.1663,3.1658,3.1658,3.1708,3.1713,3.1708,3.1708,3
2026-01-09 02:24:00,3.1663,3.1663,3.1658,3.1663,3.1713,3.1713,3.1708,3.1713,3
2026-01-09 02:25:00,3.1648,3.1648,3.1608,3.1613,3.1698,3.1698,3.1658,3.1663,14
2026-01-09 02:26:00,3.1608,3.1618,3.1608,3.1613,3.1658,3.1668,3.1658,3.1663,3
2026-01-09 02:27:00,3.1633,3.1633,3.1608,3.1608,3.1683,3.1683,3.1658,3.1658,5
2026-01-09 02:28:00,3.1618,3.1658,3.1618,3.1648,3.1668,3.1708,3.1668,3.1698,7
2026-01-09 02:29:00,3.1653,3.1653,3.1638,3.1643,3.1703,3.1703,3.1688,3.1693,4
2026-01-09 02:30:00,3.1648,3.1648,3.1623,3.1623,3.1698,3.1698,3.1673,3.1673,3
2026-01-09 02:31:00,3.1618,3.1628,3.1583,3.1618,3.1668,3.1678,3.1633,3.1668,13
2026-01-09 02:32:00,3.1613,3.1613,3.1613,3.1613,3.1663,3.1663,3.1663,3.1663,1
2026-01-09 02:33:00,3.1603,3.1603,3.1603,3.1603,3.1653,3.1653,3.1653,3.1653,1
2026-01-09 02:34:00,3.1588,3.1588,3.1588,3.1588,3.1638,3.1638,3.1638,3.1638,1
2026-01-09 02:35:00,3.1598,3.1598,3.1588,3.1588,3.1648,3.1648,3.1638,3.1638,5
2026-01-09 02:36:00,3.1598,3.1598,3.1598,3.1598,3.1648,3.1648,3.1648,3.1648,1
2026-01-09 02:37:00,3.1588,3.1588,3.1588,3.1588,3.1638,3.1638,3.1638,3.1638,1
2026-01-09 02:38:00,3.1598,3.1598,3.1598,3.1598,3.1648,3.1648,3.1648,3.1648,1
2026-01-09 02:39:00,3.1608,3.1608,3.1603,3.1608,3.1658,3.1658,3.1653,3.1658,3
2026-01-09 02:40:00,3.1603,3.1603,3.1603,3.1603,3.1653,3.1653,3.1653,3.1653,1
2026-01-09 02:41:00,3.1593,3.1598,3.1593,3.1598,3.1643,3.1648,3.1643,3.1648,2
2026-01-09 02:42:00,3.1593,3.1593,3.1588,3.1593,3.1643,3.1643,3.1638,3.1643,3
2026-01-09 02:43:00,3.1598,3.1618,3.1573,3.1573,3.1648,3.1668,3.1623,3.1623,7
2026-01-09 02:44:00,3.1583,3.1593,3.1583,3.1593,3.1633,3.1643,3.1633,3.1643,2
2026-01-09 02:45:00,3.1588,3.1588,3.1578,3.1578,3.1638,3.1638,3.1628,3.1628,3
2026-01-09 02:46:00,3.1583,3.1583,3.1583,3.1583,3.1633,3.1633,3.1633,3.1633,1
2026-01-09 02:47:00,3.1573,3.1573,3.1573,3.1573,3.1623,3.1623,3.1623,3.1623,1
2026-01-09 02:48:00,3.1578,3.1588,3.1578,3.1588,3.1628,3.1638,3.1628,3.1638,3
2026-01-09 02:49:00,3.1593,3.1593,3.1583,3.1583,3.1643,3.1643,3.1633,3.1633,2
2026-01-09 02:52:00,3.1588,3.1588,3.1588,3.1588,3.1638,3.1638,3.1638,3.1638,1
2026-01-09 02:53:00,3.1593,3.1593,3.1583,3.1583,3.1643,3.1643,3.1633,3.1633,2
2026-01-09 02:54:00,3.1588,3.1593,3.1558,3.1558,3.1638,3.1643,3.1608,3.1608,6
2026-01-09 02:55:00,3.1573,3.1573,3.1573,3.1573,3.1623,3.1623,3.1623,3.1623,1
2026-01-09 02:56:00,3.1558,3.1558,3.1558,3.1558,3.1608,3.1608,3.1608,3.1608,1
2026-01-09 02:57:00,3.1568,3.1578,3.1568,3.1573,3.1618,3.1628,3.1618,3.1623,4
2026-01-09 02:58:00,3.1578,3.1578,3.1573,3.1573,3.1628,3.1628,3.1623,3.1623,2
2026-01-09 03:01:00,3.1568,3.1578,3.1568,3.1578,3.1618,3.1628,3.1618,3.1628,3
2026-01-09 03:02:00,3.1573,3.1603,3.1558,3.1598,3.1623,3.1653,3.1608,3.1648,15
2026-01-09 03:03:00,3.1608,3.1608,3.1588,3.1588,3.1658,3.1658,3.1638,3.1638,7
2026-01-09 03:04:00,3.1583,3.1593,3.1583,3.1593,3.1633,3.1643,3.1633,3.1643,3
2026-01-09 03:05:00,3.1598,3.1598,3.1593,3.1593,3.1648,3.1648,3.1643,3.1643,4
2026-01-09 03:07:00,3.1588,3.1593,3.1578,3.1593,3.1638,3.1643,3.1628,3.1643,4
2026-01-09 03:08:00,3.1598,3.1628,3.1598,3.1608,3.1648,3.1678,3.1648,3.1658,12
2026-01-09 03:09:00,3.1603,3.1628,3.1603,3.1628,3.1653,3.1678,3.1653,3.1678,3
2026-01-09 03:10:00,3.1623,3.1623,3.1593,3.1593,3.1673,3.1673,3.1643,3.1643,8
2026-01-09 03:12:00,3.1598,3.1603,3.1598,3.1598,3.1648,3.1653,3.1648,3.1648,3
2026-01-09 03:14:00,3.1593,3.1598,3.1593,3.1593,3.1643,3.1648,3.1643,3.1643,5
2026-01-09 03:16:00,3.1588,3.1588,3.1568,3.1568,3.1638,3.1638,3.1618,3.1618,5
2026-01-09 03:17:00,3.1573,3.1578,3.1573,3.1578,3.1623,3.1628,3.1623,3.1628,2
2026-01-09 03:18:00,3.1583,3.1588,3.1498,3.1543,3.1633,3.1638,3.1548,3.1593,25
2026-01-09 03:21:00,3.1558,3.1558,3.1543,3.1553,3.1608,3.1608,3.1593,3.1603,4
2026-01-09 03:22:00,3.1558,3.1558,3.1553,3.1553,3.1608,3.1608,3.1603,3.1603,2
2026-01-09 03:23:00,3.1548,3.1553,3.1548,3.1553,3.1598,3.1603,3.1598,3.1603,2
2026-01-09 03:24:00,3.1558,3.1563,3.1558,3.1563,3.1608,3.1613,3.1608,3.1613,2
2026-01-09 03:26:00,3.1568,3.1578,3.1563,3.1563,3.1618,3.1628,3.1613,3.1613,3
2026-01-09 03:28:00,3.1558,3.1598,3.1558,3.1583,3.1608,3.1648,3.1608,3.1633,6
2026-01-09 03:29:00,3.1588,3.1598,3.1583,3.1583,3.1638,3.1648,3.1633,3.1633,5
2026-01-09 03:30:00,3.1588,3.1588,3.1578,3.1578,3.1638,3.1638,3.1628,3.1628,2
2026-01-09 03:31:00,3.1568,3.1568,3.1558,3.1563,3.1618,3.1618,3.1608,3.1613,5
2026-01-09 03:33:00,3.1558,3.1558,3.1558,3.1558,3.1608,3.1608,3.1608,3.1608,1
2026-01-09 03:34:00,3.1553,3.1553,3.1543,3.1543,3.1603,3.1603,3.1593,3.1593,2
2026-01-09 03:35:00,3.1538,3.1558,3.1538,3.1553,3.1588,3.1608,3.1588,3.1603,5
2026-01-09 03:36:00,3.1558,3.1568,3.1558,3.1568,3.1608,3.1618,3.1608,3.1618,2
2026-01-09 03:37:00,3.1563,3.1563,3.1543,3.1548,3.1613,3.1613,3.1593,3.1598,8
2026-01-09 03:38:00,3.1553,3.1558,3.1553,3.1558,3.1603,3.1608,3.1603,3.1608,2
2026-01-09 03:39:00,3.1553,3.1553,3.1553,3.1553,3.1603,3.1603,3.1603,3.1603,1
2026-01-09 03:40:00,3.1548,3.1548,3.1548,3.1548,3.1598,3.1598,3.1598,3.1598,1
2026-01-09 03:41:00,3.1558,3.1558,3.1538,3.1553,3.1608,3.1608,3.1588,3.1603,5
2026-01-09 03:42:00,3.1558,3.1558,3.1558,3.1558,3.1608,3.1608,3.1608,3.1608,1
2026-01-09 03:44:00,3.1568,3.1568,3.1538,3.1553,3.1618,3.1618,3.1588,3.1603,7
2026-01-09 03:45:00,3.1558,3.1563,3.1558,3.1558,3.1608,3.1613,3.1608,3.1608,5
2026-01-09 03:46:00,3.1548,3.1548,3.1548,3.1548,3.1598,3.1598,3.1598,3.1598,1
2026-01-09 03:47:00,3.1518,3.1533,3.1518,3.1518,3.1568,3.1583,3.1568,3.1568,6
2026-01-09 03:48:00,3.1523,3.1523,3.1523,3.1523,3.1573,3.1573,3.1573,3.1573,1
2026-01-09 03:49:00,3.1518,3.1518,3.1518,3.1518,3.1568,3.1568,3.1568,3.1568,1
2026-01-09 03:50:00,3.1513,3.1513,3.1498,3.1498,3.1563,3.1563,3.1548,3.1548,5
2026-01-09 03:51:00,3.1503,3.1508,3.1498,3.1503,3.1553,3.1558,3.1548,3.1553,4
2026-01-09 03:52:00,3.1498,3.1508,3.1498,3.1503,3.1548,3.1558,3.1548,3.1553,5
2026-01-09 03:53:00,3.1498,3.1503,3.1498,3.1503,3.1548,3.1553,3.1548,3.1553,4
2026-01-09 03:54:00,3.1498,3.1503,3.1498,3.1503,3.1548,3.1553,3.1548,3.1553,4
2026-01-09 03:55:00,3.1493,3.1513,3.1488,3.1513,3.1543,3.1563,3.1538,3.1563,11
2026-01-09 03:56:00,3.1518,3.1528,3.1513,3.1523,3.1568,3.1578,3.1563,3.1573,7
2026-01-09 03:57:00,3.1528,3.1528,3.1528,3.1528,3.1578,3.1578,3.1578,3.1578,1
2026-01-09 03:58:00,3.1523,3.1523,3.1523,3.1523,3.1573,3.1573,3.1573,3.1573,1
2026-01-09 04:00:00,3.1528,3.1548,3.1528,3.1538,3.1578,3.1598,3.1578,3.1588,6
2026-01-09 04:01:00,3.1533,3.1548,3.1533,3.1543,3.1583,3.1598,3.1583,3.1593,5
2026-01-09 04:02:00,3.1538,3.1538,3.1538,3.1538,3.1588,3.1588,3.1588,3.1588,1
2026-01-09 04:03:00,3.1548,3.1553,3.1538,3.1553,3.1598,3.1603,3.1588,3.1603,5
2026-01-09 04:04:00,3.1548,3.1553,3.1548,3.1553,3.1598,3.1603,3.1598,3.1603,2
2026-01-09 04:05:00,3.1538,3.1538,3.1498,3.1498,3.1588,3.1588,3.1548,3.1548,4
2026-01-09 04:07:00,3.1503,3.1523,3.1503,3.1523,3.1553,3.1573,3.1553,3.1573,7
2026-01-09 04:08:00,3.1528,3.1528,3.1508,3.1513,3.1578,3.1578,3.1558,3.1563,4
2026-01-09 04:09:00,3.1518,3.1518,3.1508,3.1508,3.1568,3.1568,3.1558,3.1558,2
2026-01-09 04:10:00,3.1498,3.1498,3.1498,3.1498,3.1548,3.1548,3.1548,3.1548,1
2026-01-09 04:11:00,3.1493,3.1493,3.1408,3.1423,3.1543,3.1543,3.1458,3.1473,19
2026-01-09 04:12:00,3.1428,3.1448,3.1428,3.1438,3.1478,3.1498,3.1478,3.1488,7
2026-01-09 04:13:00,3.1433,3.1433,3.1423,3.1433,3.1483,3.1483,3.1473,3.1483,4
2026-01-09 04:14:00,3.1438,3.1448,3.1438,3.1448,3.1488,3.1498,3.1488,3.1498,4
2026-01-09 04:15:00,3.1443,3.1443,3.1438,3.1438,3.1493,3.1493,3.1488,3.1488,2
2026-01-09 04:16:00,3.1428,3.1448,3.1428,3.1433,3.1478,3.1498,3.1478,3.1483,5
2026-01-09 04:17:00,3.1428,3.1428,3.1413,3.1413,3.1478,3.1478,3.1463,3.1463,5
2026-01-09 04:18:00,3.1398,3.1413,3.1378,3.1383,3.1448,3.1463,3.1428,3.1433,12
2026-01-09 04:19:00,3.1388,3.1413,3.1388,3.1413,3.1438,3.1463,3.1438,3.1463,9
2026-01-09 04:20:00,3.1408,3.1413,3.1408,3.1413,3.1458,3.1463,3.1458,3.1463,2
2026-01-09 04:21:00,3.1418,3.1418,3.1418,3.1418,3.1468,3.1468,3.1468,3.1468,1
2026-01-09 04:22:00,3.1428,3.1433,3.1428,3.1428,3.1478,3.1483,3.1478,3.1478,3
2026-01-09 04:23:00,3.1423,3.1423,3.1423,3.1423,3.1473,3.1473,3.1473,3.1473,1
2026-01-09 04:24:00,3.1433,3.1438,3.1423,3.1438,3.1483,3.1488,3.1473,3.1488,4
2026-01-09 04:25:00,3.1433,3.1433,3.1423,3.1423,3.1483,3.1483,3.1473,3.1473,2
2026-01-09 04:26:00,3.1418,3.1423,3.1418,3.1423,3.1468,3.1473,3.1468,3.1473,2
2026-01-09 04:28:00,3.1428,3.1453,3.1428,3.1453,3.1478,3.1503,3.1478,3.1503,4
2026-01-09 04:29:00,3.1448,3.1448,3.1448,3.1448,3.1498,3.1498,3.1498,3.1498,1
2026-01-09 04:30:00,3.1433,3.1433,3.1428,3.1433,3.1483,3.1483,3.1478,3.1483,3
2026-01-09 04:31:00,3.1428,3.1428,3.1428,3.1428,3.1478,3.1478,3.1478,3.1478,1
2026-01-09 04:32:00,3.1433,3.1443,3.1428,3.1443,3.1483,3.1493,3.1478,3.1493,4
2026-01-09 04:33:00,3.1438,3.1438,3.1433,3.1433,3.1488,3.1488,3.1483,3.1483,2
2026-01-09 04:34:00,3.1428,3.1428,3.1423,3.1428,3.1478,3.1478,3.1473,3.1478,3
2026-01-09 04:35:00,3.1438,3.1438,3.1433,3.1433,3.1488,3.1488,3.1483,3.1483,2
2026-01-09 04:36:00,3.1418,3.1433,3.1418,3.1428,3.1468,3.1483,3.1468,3.1478,3
2026-01-09 04:37:00,3.1433,3.1433,3.1433,3.1433,3.1483,3.1483,3.1483,3.1483,1
2026-01-09 04:40:00,3.1428,3.1428,3.1418,3.1428,3.1478,3.1478,3.1468,3.1478,4
2026-01-09 04:42:00,3.1423,3.1423,3.1413,3.1413,3.1473,3.1473,3.1463,3.1463,2
2026-01-09 04:44:00,3.1408,3.1423,3.1408,3.1418,3.1458,3.1473,3.1458,3.1468,5
2026-01-09 04:45:00,3.1413,3.1423,3.1408,3.1423,3.1463,3.1473,3.1458,3.1473,4
2026-01-09 04:46:00,3.1428,3.1428,3.1428,3.1428,3.1478,3.1478,3.1478,3.1478,1
2026-01-09 04:47:00,3.1438,3.1438,3.1428,3.1438,3.1488,3.1488,3.1478,3.1488,4
2026-01-09 04:50:00,3.1443,3.1443,3.1408,3.1408,3.1493,3.1493,3.1458,3.1458,10
2026-01-09 04:51:00,3.1403,3.1403,3.1393,3.1398,3.1453,3.1453,3.1443,3.1448,5
2026-01-09 04:52:00,3.1388,3.1388,3.1378,3.1378,3.1438,3.1438,3.1428,3.1428,6
2026-01-09 04:53:00,3.1373,3.1378,3.1363,3.1368,3.1423,3.1428,3.1413,3.1418,8
2026-01-09 04:54:00,3.1373,3.1378,3.1358,3.1363,3.1423,3.1428,3.1408,3.1413,9
2026-01-09 04:55:00,3.1358,3.1378,3.1358,3.1378,3.1408,3.1428,3.1408,3.1428,7
2026-01-09 04:56:00,3.1373,3.1393,3.1368,3.1393,3.1423,3.1443,3.1418,3.1443,6
2026-01-09 04:57:00,3.1388,3.1393,3.1378,3.1393,3.1438,3.1443,3.1428,3.1443,4
2026-01-09 04:58:00,3.1398,3.1398,3.1398,3.1398,3.1448,3.1448,3.1448,3.1448,1
2026-01-09 05:00:00,3.1393,3.1393,3.1368,3.1373,3.1443,3.1443,3.1418,3.1423,5
2026-01-09 05:01:00,3.1368,3.1368,3.1368,3.1368,3.1418,3.1418,3.1418,3.1418,1
2026-01-09 05:02:00,3.1363,3.1363,3.1363,3.1363,3.1413,3.1413,3.1413,3.1413,1
2026-01-09 05:03:00,3.1358,3.1368,3.1358,3.1368,3.1408,3.1418,3.1408,3.1418,4
2026-01-09 05:04:00,3.1373,3.1373,3.1373,3.1373,3.1423,3.1423,3.1423,3.1423,1
2026-01-09 05:05:00,3.1368,3.1368,3.1368,3.1368,3.1418,3.1418,3.1418,3.1418,1
2026-01-09 05:10:00,3.1373,3.1383,3.1373,3.1378,3.1423,3.1433,3.1423,3.1428,3
2026-01-09 05:12:00,3.1388,3.1393,3.1368,3.1368,3.1438,3.1443,3.1418,3.1418,5
2026-01-09 05:13:00,3.1373,3.1378,3.1373,3.1378,3.1423,3.1428,3.1423,3.1428,2
2026-01-09 05:15:00,3.1383,3.1388,3.1383,3.1383,3.1433,3.1438,3.1433,3.1433,3
2026-01-09 05:16:00,3.1388,3.1388,3.1388,3.1388,3.1438,3.1438,3.1438,3.1438,1
2026-01-09 05:17:00,3.1383,3.1383,3.1368,3.1368,3.1433,3.1433,3.1418,3.1418,3
2026-01-09 05:18:00,3.1373,3.1373,3.1373,3.1373,3.1423,3.1423,3.1423,3.1423,1
2026-01-09 05:21:00,3.1368,3.1368,3.1368,3.1368,3.1418,3.1418,3.1418,3.1418,1
2026-01-09 05:22:00,3.1378,3.1388,3.1378,3.1388,3.1428,3.1438,3.1428,3.1438,4
2026-01-09 05:23:00,3.1393,3.1393,3.1383,3.1383,3.1443,3.1443,3.1433,3.1433,2
2026-01-09 05:24:00,3.1388,3.1388,3.1383,3.1388,3.1438,3.1438,3.1433,3.1438,3
2026-01-09 05:25:00,3.1383,3.1383,3.1368,3.1373,3.1433,3.1433,3.1418,3.1423,3
2026-01-09 05:26:00,3.1378,3.1378,3.1378,3.1378,3.1428,3.1428,3.1428,3.1428,1
2026-01-09 05:27:00,3.1383,3.1388,3.1383,3.1388,3.1433,3.1438,3.1433,3.1438,2
2026-01-09 05:34:00,3.1393,3.1448,3.1393,3.1448,3.1443,3.1498,3.1443,3.1498,15
2026-01-09 05:35:00,3.1453,3.1473,3.1448,3.1473,3.1503,3.1523,3.1498,3.1523,7
2026-01-09 05:36:00,3.1463,3.1478,3.1448,3.1468,3.1513,3.1528,3.1498,3.1518,7
2026-01-09 05:37:00,3.1473,3.1488,3.1473,3.1488,3.1523,3.1538,3.1523,3.1538,5
2026-01-09 05:38:00,3.1498,3.1498,3.1488,3.1488,3.1548,3.1548,3.1538,3.1538,2
2026-01-09 05:39:00,3.1478,3.1538,3.1468,3.1533,3.1528,3.1588,3.1518,3.1583,16
2026-01-09 05:40:00,3.1538,3.1543,3.1523,3.1523,3.1588,3.1593,3.1573,3.1573,5
2026-01-09 05:41:00,3.1528,3.1553,3.1528,3.1548,3.1578,3.1603,3.1578,3.1598,7
2026-01-09 05:42:00,3.1543,3.1543,3.1533,3.1533,3.1593,3.1593,3.1583,3.1583,3
2026-01-09 05:43:00,3.1538,3.1538,3.1538,3.1538,3.1588,3.1588,3.1588,3.1588,1
2026-01-09 05:44:00,3.1543,3.1563,3.1543,3.1563,3.1593,3.1613,3.1593,3.1613,6
2026-01-09 05:45:00,3.1558,3.1558,3.1553,3.1553,3.1608,3.1608,3.1603,3.1603,2
2026-01-09 05:46:00,3.1558,3.1558,3.1558,3.1558,3.1608,3.1608,3.1608,3.1608,1
2026-01-09 05:47:00,3.1548,3.1578,3.1548,3.1573,3.1598,3.1628,3.1598,3.1623,8
2026-01-09 05:48:00,3.1568,3.1583,3.1568,3.1583,3.1618,3.1633,3.1618,3.1633,4
2026-01-09 05:49:00,3.1588,3.1593,3.1578,3.1583,3.1638,3.1643,3.1628,3.1633,6
2026-01-09 05:50:00,3.1588,3.1613,3.1588,3.1613,3.1638,3.1663,3.1638,3.1663,9
2026-01-09 05:51:00,3.1608,3.1608,3.1568,3.1573,3.1658,3.1658,3.1618,3.1623,13
2026-01-09 05:52:00,3.1578,3.1593,3.1573,3.1588,3.1628,3.1643,3.1623,3.1638,6
2026-01-09 05:53:00,3.1593,3.1608,3.1588,3.1593,3.1643,3.1658,3.1638,3.1643,18
2026-01-09 05:54:00,3.1598,3.1598,3.1588,3.1593,3.1648,3.1648,3.1638,3.1643,3
2026-01-09 05:55:00,3.1588,3.1593,3.1588,3.1593,3.1638,3.1643,3.1638,3.1643,2
2026-01-09 05:56:00,3.1598,3.1633,3.1593,3.1628,3.1648,3.1683,3.1643,3.1678,11
2026-01-09 05:57:00,3.1633,3.1683,3.1628,3.1668,3.1683,3.1733,3.1678,3.1718,14
2026-01-09 05:58:00,3.1673,3.1673,3.1658,3.1668,3.1723,3.1723,3.1708,3.1718,6
2026-01-09 05:59:00,3.1673,3.1678,3.1673,3.1678,3.1723,3.1728,3.1723,3.1728,2
2026-01-09 06:00:00,3.1673,3.1678,3.1668,3.1673,3.1723,3.1728,3.1718,3.1723,4
2026-01-09 06:01:00,3.1678,3.1678,3.1678,3.1678,3.1728,3.1728,3.1728,3.1728,1
2026-01-09 06:02:00,3.1683,3.1688,3.1683,3.1688,3.1733,3.1738,3.1733,3.1738,2
2026-01-09 06:03:00,3.1678,3.1678,3.1638,3.1638,3.1728,3.1728,3.1688,3.1688,6
2026-01-09 06:04:00,3.1633,3.1643,3.1613,3.1613,3.1683,3.1693,3.1663,3.1663,8
2026-01-09 06:05:00,3.1608,3.1608,3.1603,3.1603,3.1658,3.1658,3.1653,3.1653,2
2026-01-09 06:06:00,3.1598,3.1613,3.1598,3.1598,3.1648,3.1663,3.1648,3.1648,4
2026-01-09 06:07:00,3.1603,3.1603,3.1598,3.1603,3.1653,3.1653,3.1648,3.1653,3
2026-01-09 06:08:00,3.1593,3.1598,3.1578,3.1588,3.1643,3.1648,3.1628,3.1638,8
2026-01-09 06:09:00,3.1603,3.1603,3.1593,3.1593,3.1653,3.1653,3.1643,3.1643,5
2026-01-09 06:11:00,3.1588,3.1603,3.1588,3.1603,3.1638,3.1653,3.1638,3.1653,4
2026-01-09 06:15:00,3.1608,3.1623,3.1608,3.1623,3.1658,3.1673,3.1658,3.1673,5
2026-01-09 06:16:00,3.1618,3.1633,3.1608,3.1633,3.1668,3.1683,3.1658,3.1683,4
2026-01-09 06:17:00,3.1618,3.1618,3.1598,3.1603,3.1668,3.1668,3.1648,3.1653,6
2026-01-09 06:18:00,3.1598,3.1643,3.1598,3.1628,3.1648,3.1693,3.1648,3.1678,7
2026-01-09 06:19:00,3.1623,3.1623,3.1623,3.1623,3.1673,3.1673,3.1673,3.1673,1
2026-01-09 06:20:00,3.1618,3.1618,3.1608,3.1618,3.1668,3.1668,3.1658,3.1668,4
2026-01-09 06:21:00,3.1608,3.1608,3.1608,3.1608,3.1658,3.1658,3.1658,3.1658,1
2026-01-09 06:22:00,3.1613,3.1643,3.1613,3.1643,3.1663,3.1693,3.1663,3.1693,4
2026-01-09 06:23:00,3.1648,3.1683,3.1648,3.1678,3.1698,3.1733,3.1698,3.1728,11
2026-01-09 06:24:00,3.1663,3.1678,3.1663,3.1678,3.1713,3.1728,3.1713,3.1728,2
2026-01-09 06:25:00,3.1688,3.1778,3.1688,3.1768,3.1738,3.1828,3.1738,3.1818,16
2026-01-09 06:26:00,3.1758,3.1798,3.1758,3.1793,3.1808,3.1848,3.1808,3.1843,13
2026-01-09 06:27:00,3.1788,3.1793,3.1788,3.1793,3.1838,3.1843,3.1838,3.1843,2
2026-01-09 06:28:00,3.1788,3.1788,3.1778,3.1788,3.1838,3.1838,3.1828,3.1838,4
2026-01-09 06:29:00,3.1793,3.1833,3.1793,3.1813,3.1843,3.1883,3.1843,3.1863,15
2026-01-09 06:30:00,3.1818,3.1893,3.1818,3.1878,3.1868,3.1943,3.1868,3.1928,16
2026-01-09 06:31:00,3.1883,3.1888,3.1878,3.1888,3.1933,3.1938,3.1928,3.1938,3
2026-01-09 06:32:00,3.1878,3.1883,3.1878,3.1883,3.1928,3.1933,3.1928,3.1933,4
2026-01-09 06:33:00,3.1888,3.1888,3.1878,3.1878,3.1938,3.1938,3.1928,3.1928,2
2026-01-09 06:34:00,3.1868,3.1868,3.1798,3.1798,3.1918,3.1918,3.1848,3.1848,29
2026-01-09 06:35:00,3.1808,3.1858,3.1808,3.1848,3.1858,3.1908,3.1858,3.1898,15
2026-01-09 06:36:00,3.1838,3.1838,3.1818,3.1833,3.1888,3.1888,3.1868,3.1883,5
2026-01-09 06:37:00,3.1838,3.1853,3.1828,3.1843,3.1888,3.1903,3.1878,3.1893,13
2026-01-09 06:38:00,3.1838,3.1838,3.1808,3.1808,3.1888,3.1888,3.1858,3.1858,8
2026-01-09 06:39:00,3.1798,3.1843,3.1773,3.1773,3.1848,3.1893,3.1823,3.1823,13
2026-01-09 06:40:00,3.1778,3.1783,3.1718,3.1728,3.1828,3.1833,3.1768,3.1778,16
2026-01-09 06:41:00,3.1723,3.1773,3.1723,3.1728,3.1773,3.1823,3.1773,3.1778,20
2026-01-09 06:42:00,3.1748,3.1773,3.1738,3.1743,3.1798,3.1823,3.1788,3.1793,7
2026-01-09 06:43:00,3.1753,3.1808,3.1753,3.1808,3.1803,3.1858,3.1803,3.1858,8
2026-01-09 06:44:00,3.1818,3.1828,3.1813,3.1828,3.1868,3.1878,3.1863,3.1878,5
2026-01-09 06:45:00,3.1838,3.1848,3.1823,3.1838,3.1888,3.1898,3.1873,3.1888,8
2026-01-09 06:46:00,3.1843,3.1843,3.1818,3.1828,3.1893,3.1893,3.1868,3.1878,8
2026-01-09 06:47:00,3.1838,3.1848,3.1818,3.1818,3.1888,3.1898,3.1868,3.1868,9
2026-01-09 06:48:00,3.1813,3.1813,3.1773,3.1773,3.1863,3.1863,3.1823,3.1823,12
2026-01-09 06:49:00,3.1768,3.1788,3.1728,3.1743,3.1818,3.1838,3.1778,3.1793,21
2026-01-09 06:50:00,3.1748,3.1758,3.1728,3.1728,3.1798,3.1808,3.1778,3.1778,9
2026-01-09 06:51:00,3.1738,3.1738,3.1678,3.1708,3.1788,3.1788,3.1728,3.1758,16
2026-01-09 06:52:00,3.1713,3.1733,3.1693,3.1733,3.1763,3.1783,3.1743,3.1783,8
2026-01-09 06:53:00,3.1713,3.1713,3.1678,3.1678,3.1763,3.1763,3.1728,3.1728,8
2026-01-09 06:54:00,3.1673,3.1678,3.1673,3.1678,3.1723,3.1728,3.1723,3.1728,2
2026-01-09 06:55:00,3.1673,3.1678,3.1658,3.1668,3.1723,3.1728,3.1708,3.1718,6
2026-01-09 06:56:00,3.1678,3.1678,3.1618,3.1628,3.1728,3.1728,3.1668,3.1678,9
2026-01-09 06:57:00,3.1633,3.1633,3.1618,3.1618,3.1683,3.1683,3.1668,3.1668,3
2026-01-09 06:58:00,3.1613,3.1638,3.1598,3.1603,3.1663,3.1688,3.1648,3.1653,13
2026-01-09 06:59:00,3.1608,3.1643,3.1608,3.1628,3.1658,3.1693,3.1658,3.1678,7
2026-01-09 07:00:00,3.1633,3.1688,3.1633,3.1678,3.1683,3.1738,3.1683,3.1728,23
2026-01-09 07:01:00,3.1673,3.1673,3.1668,3.1673,3.1723,3.1723,3.1718,3.1723,5
2026-01-09 07:02:00,3.1668,3.1688,3.1663,3.1668,3.1718,3.1738,3.1713,3.1718,9
2026-01-09 07:03:00,3.1673,3.1673,3.1653,3.1658,3.1723,3.1723,3.1703,3.1708,5
2026-01-09 07:04:00,3.1648,3.1668,3.1648,3.1668,3.1698,3.1718,3.1698,3.1718,4
2026-01-09 07:05:00,3.1658,3.1658,3.1538,3.1538,3.1708,3.1708,3.1588,3.1588,38
2026-01-09 07:06:00,3.1533,3.1533,3.1503,3.1533,3.1583,3.1583,3.1553,3.1583,18
2026-01-09 07:07:00,3.1523,3.1583,3.1523,3.1578,3.1573,3.1633,3.1573,3.1628,9
2026-01-09 07:08:00,3.1583,3.1588,3.1558,3.1578,3.1633,3.1638,3.1608,3.1628,7
2026-01-09 07:09:00,3.1588,3.1638,3.1588,3.1633,3.1638,3.1688,3.1638,3.1683,18
2026-01-09 07:10:00,3.1638,3.1658,3.1638,3.1658,3.1688,3.1708,3.1688,3.1708,8
2026-01-09 07:11:00,3.1663,3.1688,3.1643,3.1668,3.1713,3.1738,3.1693,3.1718,13
2026-01-09 07:12:00,3.1673,3.1673,3.1633,3.1633,3.1723,3.1723,3.1683,3.1683,9
2026-01-09 07:13:00,3.1643,3.1643,3.1613,3.1623,3.1693,3.1693,3.1663,3.1673,8
2026-01-09 07:14:00,3.1618,3.1638,3.1608,3.1613,3.1668,3.1688,3.1658,3.1663,7
2026-01-09 07:15:00,3.1603,3.1608,3.1578,3.1598,3.1653,3.1658,3.1628,3.1648,13
2026-01-09 07:16:00,3.1613,3.1613,3.1518,3.1523,3.1663,3.1663,3.1568,3.1573,14
2026-01-09 07:17:00,3.1518,3.1548,3.1518,3.1548,3.1568,3.1598,3.1568,3.1598,6
2026-01-09 07:18:00,3.1563,3.1588,3.1523,3.1523,3.1613,3.1638,3.1573,3.1573,14
2026-01-09 07:19:00,3.1528,3.1618,3.1528,3.1588,3.1578,3.1668,3.1578,3.1638,20
2026-01-09 07:20:00,3.1598,3.1608,3.1598,3.1608,3.1648,3.1658,3.1648,3.1658,5
2026-01-09 07:21:00,3.1618,3.1643,3.1593,3.1643,3.1668,3.1693,3.1643,3.1693,8
2026-01-09 07:22:00,3.1658,3.1668,3.1628,3.1658,3.1708,3.1718,3.1678,3.1708,13
2026-01-09 07:23:00,3.1648,3.1678,3.1648,3.1653,3.1698,3.1728,3.1698,3.1703,7
2026-01-09 07:24:00,3.1668,3.1698,3.1663,3.1678,3.1718,3.1748,3.1713,3.1728,12
2026-01-09 07:25:00,3.1673,3.1793,3.1673,3.1753,3.1723,3.1843,3.1723,3.1803,22
2026-01-09 07:26:00,3.1748,3.1748,3.1723,3.1723,3.1798,3.1798,3.1773,3.1773,10
2026-01-09 07:27:00,3.1718,3.1778,3.1718,3.1758,3.1768,3.1828,3.1768,3.1808,12
2026-01-09 07:28:00,3.1753,3.1768,3.1738,3.1753,3.1803,3.1818,3.1788,3.1803,18
2026-01-09 07:29:00,3.1758,3.1758,3.1718,3.1748,3.1808,3.1808,3.1768,3.1798,11
2026-01-09 07:30:00,3.1743,3.1793,3.1713,3.1793,3.1793,3.1843,3.1763,3.1843,20
2026-01-09 07:31:00,3.1783,3.1783,3.1738,3.1738,3.1833,3.1833,3.1788,3.1788,9
2026-01-09 07:32:00,3.1728,3.1738,3.1713,3.1723,3.1778,3.1788,3.1763,3.1773,7
2026-01-09 07:33:00,3.1718,3.1728,3.1703,3.1708,3.1768,3.1778,3.1753,3.1758,9
2026-01-09 07:34:00,3.1713,3.1733,3.1713,3.1723,3.1763,3.1783,3.1763,3.1773,6
2026-01-09 07:35:00,3.1718,3.1728,3.1688,3.1693,3.1768,3.1778,3.1738,3.1743,16
2026-01-09 07:36:00,3.1708,3.1713,3.1698,3.1708,3.1758,3.1763,3.1748,3.1758,6
2026-01-09 07:37:00,3.1713,3.1728,3.1708,3.1713,3.1763,3.1778,3.1758,3.1763,10
2026-01-09 07:38:00,3.1708,3.1713,3.1708,3.1713,3.1758,3.1763,3.1758,3.1763,2
2026-01-09 07:39:00,3.1698,3.1698,3.1693,3.1693,3.1748,3.1748,3.1743,3.1743,2
2026-01-09 07:41:00,3.1688,3.1703,3.1688,3.1703,3.1738,3.1753,3.1738,3.1753,3
2026-01-09 07:42:00,3.1698,3.1723,3.1698,3.1703,3.1748,3.1773,3.1748,3.1753,12
2026-01-09 07:43:00,3.1698,3.1698,3.1698,3.1698,3.1748,3.1748,3.1748,3.1748,1
2026-01-09 07:44:00,3.1708,3.1718,3.1658,3.1663,3.1758,3.1768,3.1708,3.1713,12
2026-01-09 07:45:00,3.1668,3.1668,3.1633,3.1643,3.1718,3.1718,3.1683,3.1693,6
2026-01-09 07:46:00,3.1633,3.1633,3.1618,3.1618,3.1683,3.1683,3.1668,3.1668,4
2026-01-09 07:47:00,3.1623,3.1623,3.1618,3.1618,3.1673,3.1673,3.1668,3.1668,2
2026-01-09 07:48:00,3.1603,3.1603,3.1573,3.1578,3.1653,3.1653,3.1623,3.1628,10
2026-01-09 07:49:00,3.1588,3.1603,3.1578,3.1598,3.1638,3.1653,3.1628,3.1648,7
2026-01-09 07:50:00,3.1593,3.1593,3.1578,3.1578,3.1643,3.1643,3.1628,3.1628,4
2026-01-09 07:51:00,3.1573,3.1588,3.1538,3.1553,3.1623,3.1638,3.1588,3.1603,15
2026-01-09 07:52:00,3.1558,3.1568,3.1558,3.1568,3.1608,3.1618,3.1608,3.1618,5
2026-01-09 07:53:00,3.1563,3.1598,3.1563,3.1593,3.1613,3.1648,3.1613,3.1643,9
2026-01-09 07:54:00,3.1598,3.1598,3.1578,3.1588,3.1648,3.1648,3.1628,3.1638,4
2026-01-09 07:55:00,3.1583,3.1628,3.1563,3.1608,3.1633,3.1678,3.1613,3.1658,18
2026-01-09 07:56:00,3.1603,3.1608,3.1598,3.1608,3.1653,3.1658,3.1648,3.1658,4
2026-01-09 07:57:00,3.1613,3.1653,3.1613,3.1643,3.1663,3.1703,3.1663,3.1693,12
2026-01-09 07:58:00,3.1633,3.1633,3.1628,3.1633,3.1683,3.1683,3.1678,3.1683,3
2026-01-09 07:59:00,3.1628,3.1628,3.1608,3.1628,3.1678,3.1678,3.1658,3.1678,5
2026-01-09 08:00:00,3.1633,3.1643,3.1628,3.1628,3.1683,3.1693,3.1678,3.1678,9
2026-01-09 08:01:00,3.1638,3.1638,3.1613,3.1628,3.1688,3.1688,3.1663,3.1678,9
2026-01-09 08:02:00,3.1633,3.1638,3.1623,3.1633,3.1683,3.1688,3.1673,3.1683,4
2026-01-09 08:03:00,3.1628,3.1628,3.1623,3.1623,3.1678,3.1678,3.1673,3.1673,2
2026-01-09 08:04:00,3.1618,3.1618,3.1588,3.1608,3.1668,3.1668,3.1638,3.1658,11
2026-01-09 08:05:00,3.1618,3.1618,3.1558,3.1568,3.1668,3.1668,3.1608,3.1618,13
2026-01-09 08:06:00,3.1573,3.1583,3.1573,3.1583,3.1623,3.1633,3.1623,3.1633,4
2026-01-09 08:07:00,3.1588,3.1593,3.1583,3.1583,3.1638,3.1643,3.1633,3.1633,4
2026-01-09 08:08:00,3.1588,3.1598,3.1583,3.1598,3.1638,3.1648,3.1633,3.1648,6
2026-01-09 08:09:00,3.1603,3.1613,3.1578,3.1578,3.1653,3.1663,3.1628,3.1628,7
2026-01-09 08:10:00,3.1573,3.1573,3.1573,3.1573,3.1623,3.1623,3.1623,3.1623,1
2026-01-09 08:11:00,3.1563,3.1598,3.1558,3.1598,3.1613,3.1648,3.1608,3.1648,9
2026-01-09 08:12:00,3.1593,3.1603,3.1583,3.1583,3.1643,3.1653,3.1633,3.1633,8
2026-01-09 08:13:00,3.1588,3.1618,3.1588,3.1593,3.1638,3.1668,3.1638,3.1643,9
2026-01-09 08:14:00,3.1588,3.1598,3.1588,3.1593,3.1638,3.1648,3.1638,3.1643,7
2026-01-09 08:15:00,3.1598,3.1623,3.1598,3.1623,3.1648,3.1673,3.1648,3.1673,5
2026-01-09 08:16:00,3.1618,3.1628,3.1593,3.1593,3.1668,3.1678,3.1643,3.1643,9
2026-01-09 08:17:00,3.1588,3.1598,3.1588,3.1598,3.1638,3.1648,3.1638,3.1648,3
2026-01-09 08:18:00,3.1608,3.1608,3.1608,3.1608,3.1658,3.1658,3.1658,3.1658,1
2026-01-09 08:19:00,3.1618,3.1658,3.1618,3.1628,3.1668,3.1708,3.1668,3.1678,13
2026-01-09 08:20:00,3.1623,3.1638,3.1613,3.1623,3.1673,3.1688,3.1663,3.1673,12
2026-01-09 08:21:00,3.1628,3.1628,3.1623,3.1628,3.1678,3.1678,3.1673,3.1678,5
2026-01-09 08:22:00,3.1638,3.1648,3.1618,3.1623,3.1688,3.1698,3.1668,3.1673,7
2026-01-09 08:23:00,3.1628,3.1648,3.1628,3.1643,3.1678,3.1698,3.1678,3.1693,6
2026-01-09 08:24:00,3.1648,3.1653,3.1648,3.1653,3.1698,3.1703,3.1698,3.1703,2
2026-01-09 08:25:00,3.1663,3.1688,3.1663,3.1678,3.1713,3.1738,3.1713,3.1728,9
2026-01-09 08:26:00,3.1688,3.1698,3.1688,3.1698,3.1738,3.1748,3.1738,3.1748,2
2026-01-09 08:27:00,3.1693,3.1693,3.1668,3.1668,3.1743,3.1743,3.1718,3.1718,9
2026-01-09 08:28:00,3.1663,3.1678,3.1658,3.1658,3.1713,3.1728,3.1708,3.1708,8
2026-01-09 08:29:00,3.1648,3.1673,3.1648,3.1658,3.1698,3.1723,3.1698,3.1708,10
2026-01-09 08:30:00,3.1648,3.1648,3.1618,3.1638,3.1698,3.1698,3.1668,3.1688,8
2026-01-09 08:31:00,3.1633,3.1648,3.1628,3.1643,3.1683,3.1698,3.1678,3.1693,10
2026-01-09 08:32:00,3.1658,3.1718,3.1658,3.1718,3.1708,3.1768,3.1708,3.1768,11
2026-01-09 08:33:00,3.1708,3.1718,3.1698,3.1708,3.1758,3.1768,3.1748,3.1758,9
2026-01-09 08:34:00,3.1703,3.1708,3.1688,3.1693,3.1753,3.1758,3.1738,3.1743,8
2026-01-09 08:36:00,3.1688,3.1688,3.1668,3.1668,3.1738,3.1738,3.1718,3.1718,7
2026-01-09 08:37:00,3.1673,3.1673,3.1668,3.1673,3.1723,3.1723,3.1718,3.1723,3
2026-01-09 08:38:00,3.1668,3.1688,3.1663,3.1663,3.1718,3.1738,3.1713,3.1713,12
2026-01-09 08:39:00,3.1673,3.1688,3.1668,3.1688,3.1723,3.1738,3.1718,3.1738,5
2026-01-09 08:40:00,3.1683,3.1688,3.1678,3.1683,3.1733,3.1738,3.1728,3.1733,8
2026-01-09 08:41:00,3.1678,3.1698,3.1673,3.1698,3.1728,3.1748,3.1723,3.1748,6
2026-01-09 08:42:00,3.1693,3.1698,3.1683,3.1698,3.1743,3.1748,3.1733,3.1748,5
2026-01-09 08:43:00,3.1703,3.1758,3.1703,3.1748,3.1753,3.1808,3.1753,3.1798,13
2026-01-09 08:44:00,3.1743,3.1748,3.1738,3.1748,3.1793,3.1798,3.1788,3.1798,5
2026-01-09 08:45:00,3.1738,3.1748,3.1728,3.1738,3.1788,3.1798,3.1778,3.1788,9
2026-01-09 08:46:00,3.1753,3.1768,3.1738,3.1763,3.1803,3.1818,3.1788,3.1813,16
2026-01-09 08:47:00,3.1768,3.1768,3.1748,3.1748,3.1818,3.1818,3.1798,3.1798,4
2026-01-09 08:48:00,3.1753,3.1778,3.1753,3.1758,3.1803,3.1828,3.1803,3.1808,19
2026-01-09 08:49:00,3.1763,3.1793,3.1763,3.1788,3.1813,3.1843,3.1813,3.1838,14
2026-01-09 08:50:00,3.1798,3.1798,3.1758,3.1778,3.1848,3.1848,3.1808,3.1828,24
2026-01-09 08:51:00,3.1773,3.1818,3.1758,3.1808,3.1823,3.1868,3.1808,3.1858,26
2026-01-09 08:52:00,3.1803,3.1803,3.1788,3.1793,3.1853,3.1853,3.1838,3.1843,8
2026-01-09 08:53:00,3.1788,3.1813,3.1788,3.1813,3.1838,3.1863,3.1838,3.1863,13
2026-01-09 08:54:00,3.1808,3.1808,3.1713,3.1713,3.1858,3.1858,3.1763,3.1763,21
2026-01-09 08:55:00,3.1718,3.1718,3.1658,3.1708,3.1768,3.1768,3.1708,3.1758,30
2026-01-09 08:56:00,3.1703,3.1758,3.1703,3.1723,3.1753,3.1808,3.1753,3.1773,14
2026-01-09 08:57:00,3.1728,3.1763,3.1728,3.1748,3.1778,3.1813,3.1778,3.1798,9
2026-01-09 08:58:00,3.1738,3.1763,3.1738,3.1753,3.1788,3.1813,3.1788,3.1803,8
2026-01-09 08:59:00,3.1758,3.1768,3.1758,3.1768,3.1808,3.1818,3.1808,3.1818,3
2026-01-09 09:00:00,3.1773,3.1773,3.1758,3.1763,3.1823,3.1823,3.1808,3.1813,4
2026-01-09 09:01:00,3.1768,3.1768,3.1748,3.1753,3.1818,3.1818,3.1798,3.1803,11
2026-01-09 09:02:00,3.1758,3.1778,3.1748,3.1778,3.1808,3.1828,3.1798,3.1828,11
2026-01-09 09:03:00,3.1773,3.1783,3.1748,3.1763,3.1823,3.1833,3.1798,3.1813,18
2026-01-09 09:04:00,3.1768,3.1768,3.1758,3.1758,3.1818,3.1818,3.1808,3.1808,7
2026-01-09 09:05:00,3.1753,3.1768,3.1748,3.1768,3.1803,3.1818,3.1798,3.1818,8
2026-01-09 09:06:00,3.1763,3.1848,3.1753,3.1813,3.1813,3.1898,3.1803,3.1863,37
2026-01-09 09:07:00,3.1818,3.1818,3.1778,3.1803,3.1868,3.1868,3.1828,3.1853,16
2026-01-09 09:08:00,3.1808,3.1818,3.1788,3.1808,3.1858,3.1868,3.1838,3.1858,14
2026-01-09 09:09:00,3.1813,3.1818,3.1813,3.1818,3.1863,3.1868,3.1863,3.1868,4
2026-01-09 09:10:00,3.1813,3.1848,3.1808,3.1818,3.1863,3.1898,3.1858,3.1868,15
2026-01-09 09:11:00,3.1808,3.1808,3.1798,3.1803,3.1858,3.1858,3.1848,3.1853,8
2026-01-09 09:12:00,3.1783,3.1788,3.1753,3.1758,3.1833,3.1838,3.1803,3.1808,15
2026-01-09 09:13:00,3.1768,3.1798,3.1768,3.1783,3.1818,3.1848,3.1818,3.1833,8
2026-01-09 09:14:00,3.1778,3.1788,3.1778,3.1783,3.1828,3.1838,3.1828,3.1833,5
2026-01-09 09:15:00,3.1788,3.1788,3.1778,3.1778,3.1838,3.1838,3.1828,3.1828,12
2026-01-09 09:16:00,3.1788,3.1818,3.1738,3.1758,3.1838,3.1868,3.1788,3.1808,21
2026-01-09 09:17:00,3.1763,3.1763,3.1743,3.1748,3.1813,3.1813,3.1793,3.1798,7
2026-01-09 09:18:00,3.1753,3.1778,3.1753,3.1753,3.1803,3.1828,3.1803,3.1803,12
2026-01-09 09:19:00,3.1748,3.1748,3.1738,3.1738,3.1798,3.1798,3.1788,3.1788,3
2026-01-09 09:20:00,3.1743,3.1753,3.1723,3.1748,3.1793,3.1803,3.1773,3.1798,13
2026-01-09 09:21:00,3.1743,3.1743,3.1743,3.1743,3.1793,3.1793,3.1793,3.1793,1
2026-01-09 09:22:00,3.1748,3.1748,3.1738,3.1743,3.1798,3.1798,3.1788,3.1793,4
2026-01-09 09:23:00,3.1738,3.1738,3.1738,3.1738,3.1788,3.1788,3.1788,3.1788,1
2026-01-09 09:24:00,3.1728,3.1728,3.1708,3.1708,3.1778,3.1778,3.1758,3.1758,7
2026-01-09 09:25:00,3.1703,3.1708,3.1698,3.1708,3.1753,3.1758,3.1748,3.1758,6
2026-01-09 09:26:00,3.1703,3.1718,3.1703,3.1718,3.1753,3.1768,3.1753,3.1768,5
2026-01-09 09:27:00,3.1708,3.1708,3.1678,3.1678,3.1758,3.1758,3.1728,3.1728,8
2026-01-09 09:28:00,3.1688,3.1688,3.1678,3.1678,3.1738,3.1738,3.1728,3.1728,2
2026-01-09 09:29:00,3.1668,3.1698,3.1668,3.1683,3.1718,3.1748,3.1718,3.1733,13
2026-01-09 09:30:00,3.1678,3.1678,3.1663,3.1663,3.1728,3.1728,3.1713,3.1713,5
2026-01-09 09:31:00,3.1668,3.1668,3.1648,3.1658,3.1718,3.1718,3.1698,3.1708,8
2026-01-09 09:32:00,3.1653,3.1653,3.1558,3.1558,3.1703,3.1703,3.1608,3.1608,16
2026-01-09 09:33:00,3.1568,3.1578,3.1528,3.1533,3.1618,3.1628,3.1578,3.1583,19
2026-01-09 09:34:00,3.1528,3.1528,3.1488,3.1493,3.1578,3.1578,3.1538,3.1543,10
2026-01-09 09:35:00,3.1488,3.1568,3.1458,3.1553,3.1538,3.1618,3.1508,3.1603,34
2026-01-09 09:36:00,3.1603,3.1688,3.1603,3.1648,3.1653,3.1738,3.1653,3.1698,70
2026-01-09 09:37:00,3.1638,3.1638,3.1523,3.1563,3.1688,3.1688,3.1573,3.1613,28
2026-01-09 09:38:00,3.1568,3.1593,3.1568,3.1583,3.1618,3.1643,3.1618,3.1633,11
2026-01-09 09:39:00,3.1573,3.1648,3.1573,3.1623,3.1623,3.1698,3.1623,3.1673,16
2026-01-09 09:40:00,3.1618,3.1628,3.1608,3.1618,3.1668,3.1678,3.1658,3.1668,6
2026-01-09 09:41:00,3.1623,3.1638,3.1618,3.1628,3.1673,3.1688,3.1668,3.1678,10
2026-01-09 09:42:00,3.1638,3.1638,3.1603,3.1608,3.1688,3.1688,3.1653,3.1658,6
2026-01-09 09:43:00,3.1603,3.1618,3.1603,3.1613,3.1653,3.1668,3.1653,3.1663,5
2026-01-09 09:44:00,3.1608,3.1618,3.1598,3.1613,3.1658,3.1668,3.1648,3.1663,13
2026-01-09 09:45:00,3.1603,3.1638,3.1588,3.1633,3.1653,3.1688,3.1638,3.1683,25
2026-01-09 09:46:00,3.1638,3.1638,3.1613,3.1613,3.1688,3.1688,3.1663,3.1663,6
2026-01-09 09:47:00,3.1618,3.1638,3.1558,3.1608,3.1668,3.1688,3.1608,3.1658,29
2026-01-09 09:48:00,3.1618,3.1673,3.1608,3.1673,3.1668,3.1723,3.1658,3.1723,36
2026-01-09 09:49:00,3.1688,3.1718,3.1668,3.1688,3.1738,3.1768,3.1718,3.1738,24
2026-01-09 09:50:00,3.1693,3.1713,3.1688,3.1698,3.1743,3.1763,3.1738,3.1748,14
2026-01-09 09:51:00,3.1693,3.1748,3.1693,3.1698,3.1743,3.1798,3.1743,3.1748,23
2026-01-09 09:52:00,3.1688,3.1708,3.1648,3.1708,3.1738,3.1758,3.1698,3.1758,25
2026-01-09 09:53:00,3.1713,3.1748,3.1713,3.1723,3.1763,3.1798,3.1763,3.1773,20
2026-01-09 09:54:00,3.1718,3.1748,3.1718,3.1718,3.1768,3.1798,3.1768,3.1768,11
2026-01-09 09:55:00,3.1708,3.1748,3.1698,3.1748,3.1758,3.1798,3.1748,3.1798,12
2026-01-09 09:56:00,3.1758,3.1768,3.1738,3.1763,3.1808,3.1818,3.1788,3.1813,28
2026-01-09 09:57:00,3.1758,3.1768,3.1723,3.1728,3.1808,3.1818,3.1773,3.1778,17
2026-01-09 09:58:00,3.1733,3.1743,3.1718,3.1738,3.1783,3.1793,3.1768,3.1788,9
2026-01-09 09:59:00,3.1743,3.1798,3.1723,3.1773,3.1793,3.1848,3.1773,3.1823,26
2026-01-09 10:00:00,3.1768,3.1773,3.1683,3.1728,3.1818,3.1823,3.1733,3.1778,44
2026-01-09 10:01:00,3.1738,3.1738,3.1713,3.1718,3.1788,3.1788,3.1763,3.1768,8
2026-01-09 10:02:00,3.1728,3.1828,3.1728,3.1813,3.1778,3.1878,3.1778,3.1863,35
2026-01-09 10:03:00,3.1808,3.1828,3.1793,3.1818,3.1858,3.1878,3.1843,3.1868,11
2026-01-09 10:04:00,3.1813,3.1813,3.1788,3.1788,3.1863,3.1863,3.1838,3.1838,10
2026-01-09 10:05:00,3.1793,3.1838,3.1793,3.1818,3.1843,3.1888,3.1843,3.1868,33
2026-01-09 10:06:00,3.1813,3.1828,3.1803,3.1808,3.1863,3.1878,3.1853,3.1858,9
2026-01-09 10:07:00,3.1803,3.1818,3.1778,3.1778,3.1853,3.1868,3.1828,3.1828,7
2026-01-09 10:08:00,3.1768,3.1768,3.1733,3.1748,3.1818,3.1818,3.1783,3.1798,25
2026-01-09 10:09:00,3.1753,3.1808,3.1713,3.1788,3.1803,3.1858,3.1763,3.1838,46
2026-01-09 10:10:00,3.1783,3.1818,3.1743,3.1798,3.1833,3.1868,3.1793,3.1848,46
2026-01-09 10:11:00,3.1808,3.1878,3.1808,3.1863,3.1858,3.1928,3.1858,3.1913,50
2026-01-09 10:12:00,3.1873,3.1928,3.1863,3.1863,3.1923,3.1978,3.1913,3.1913,48
2026-01-09 10:13:00,3.1868,3.1928,3.1858,3.1918,3.1918,3.1978,3.1908,3.1968,81
2026-01-09 10:14:00,3.1913,3.1928,3.1903,3.1923,3.1963,3.1978,3.1953,3.1973,81
2026-01-09 10:15:00,3.1918,3.1928,3.1913,3.1928,3.1968,3.1978,3.1963,3.1978,9
2026-01-09 10:16:00,3.1918,3.1928,3.1888,3.1898,3.1968,3.1978,3.1938,3.1948,16
2026-01-09 10:17:00,3.1903,3.1918,3.1893,3.1908,3.1953,3.1968,3.1943,3.1958,14
2026-01-09 10:18:00,3.1898,3.1928,3.1898,3.1918,3.1948,3.1978,3.1948,3.1968,14
2026-01-09 10:19:00,3.1923,3.1928,3.1908,3.1928,3.1973,3.1978,3.1958,3.1978,13
2026-01-09 10:20:00,3.1923,3.1928,3.1908,3.1918,3.1973,3.1978,3.1958,3.1968,15
2026-01-09 10:21:00,3.1898,3.1898,3.1878,3.1888,3.1948,3.1948,3.1928,3.1938,13
2026-01-09 10:22:00,3.1898,3.2018,3.1898,3.1948,3.1948,3.2068,3.1948,3.1998,44
2026-01-09 10:23:00,3.1943,3.1988,3.1943,3.1968,3.1993,3.2038,3.1993,3.2018,10
2026-01-09 10:24:00,3.1973,3.1978,3.1948,3.1953,3.2023,3.2028,3.1998,3.2003,7
2026-01-09 10:25:00,3.1958,3.1978,3.1958,3.1978,3.2008,3.2028,3.2008,3.2028,10
2026-01-09 10:26:00,3.1973,3.1978,3.1958,3.1968,3.2023,3.2028,3.2008,3.2018,17
2026-01-09 10:27:00,3.1973,3.2038,3.1958,3.2033,3.2023,3.2088,3.2008,3.2083,22
2026-01-09 10:28:00,3.2023,3.2058,3.2023,3.2038,3.2073,3.2108,3.2073,3.2088,29
2026-01-09 10:29:00,3.2033,3.2058,3.1998,3.1998,3.2083,3.2108,3.2048,3.2048,22
2026-01-09 10:30:00,3.1993,3.2018,3.1978,3.2018,3.2043,3.2068,3.2028,3.2068,26
2026-01-09 10:31:00,3.2013,3.2018,3.1998,3.2013,3.2063,3.2068,3.2048,3.2063,9
2026-01-09 10:32:00,3.2023,3.2028,3.2018,3.2023,3.2073,3.2078,3.2068,3.2073,6
2026-01-09 10:33:00,3.2028,3.2048,3.2028,3.2033,3.2078,3.2098,3.2078,3.2083,13
2026-01-09 10:34:00,3.2028,3.2038,3.2023,3.2028,3.2078,3.2088,3.2073,3.2078,7
2026-01-09 10:35:00,3.2033,3.2058,3.2023,3.2023,3.2083,3.2108,3.2073,3.2073,20
2026-01-09 10:36:00,3.2028,3.2033,3.2018,3.2028,3.2078,3.2083,3.2068,3.2078,8
2026-01-09 10:37:00,3.2038,3.2058,3.2038,3.2048,3.2088,3.2108,3.2088,3.2098,17
2026-01-09 10:38:00,3.2053,3.2058,3.2053,3.2058,3.2103,3.2108,3.2103,3.2108,2
2026-01-09 10:39:00,3.2048,3.2078,3.2048,3.2058,3.2098,3.2128,3.2098,3.2108,10
2026-01-09 10:40:00,3.2053,3.2078,3.2048,3.2078,3.2103,3.2128,3.2098,3.2128,18
2026-01-09 10:42:00,3.2073,3.2078,3.2058,3.2063,3.2123,3.2128,3.2108,3.2113,15
2026-01-09 10:43:00,3.2058,3.2078,3.2058,3.2078,3.2108,3.2128,3.2108,3.2128,13
2026-01-09 10:44:00,3.2073,3.2108,3.2063,3.2088,3.2123,3.2158,3.2113,3.2138,25
2026-01-09 10:45:00,3.2083,3.2088,3.2073,3.2073,3.2133,3.2138,3.2123,3.2123,4
2026-01-09 10:46:00,3.2068,3.2098,3.2063,3.2078,3.2118,3.2148,3.2113,3.2128,17
2026-01-09 10:47:00,3.2083,3.2088,3.1888,3.1913,3.2133,3.2138,3.1938,3.1963,59
2026-01-09 10:48:00,3.1918,3.1928,3.1848,3.1898,3.1968,3.1978,3.1898,3.1948,31
2026-01-09 10:49:00,3.1908,3.1908,3.1888,3.1903,3.1958,3.1958,3.1938,3.1953,8
2026-01-09 10:50:00,3.1908,3.1948,3.1873,3.1918,3.1958,3.1998,3.1923,3.1968,46
2026-01-09 10:51:00,3.1913,3.1948,3.1913,3.1928,3.1963,3.1998,3.1963,3.1978,16
2026-01-09 10:52:00,3.1933,3.2028,3.1933,3.2013,3.1983,3.2078,3.1983,3.2063,31
2026-01-09 10:53:00,3.2003,3.2003,3.1958,3.1968,3.2053,3.2053,3.2008,3.2018,17
2026-01-09 10:54:00,3.1958,3.1958,3.1953,3.1953,3.2008,3.2008,3.2003,3.2003,2
2026-01-09 10:55:00,3.1943,3.1978,3.1938,3.1948,3.1993,3.2028,3.1988,3.1998,34
2026-01-09 10:56:00,3.1958,3.1988,3.1913,3.1953,3.2008,3.2038,3.1963,3.2003,29
2026-01-09 10:57:00,3.1968,3.1983,3.1938,3.1938,3.2018,3.2033,3.1988,3.1988,23
2026-01-09 10:58:00,3.1948,3.1948,3.1943,3.1943,3.1998,3.1998,3.1993,3.1993,6
2026-01-09 10:59:00,3.1948,3.1968,3.1948,3.1963,3.1998,3.2018,3.1998,3.2013,8
2026-01-09 11:00:00,3.1958,3.1963,3.1913,3.1963,3.2008,3.2013,3.1963,3.2013,17
2026-01-09 11:01:00,3.1953,3.1958,3.1893,3.1948,3.2003,3.2008,3.1943,3.1998,21
2026-01-09 11:02:00,3.1958,3.1978,3.1918,3.1968,3.2008,3.2028,3.1968,3.2018,31
2026-01-09 11:03:00,3.1963,3.1978,3.1958,3.1968,3.2013,3.2028,3.2008,3.2018,17
2026-01-09 11:04:00,3.1963,3.1978,3.1953,3.1968,3.2013,3.2028,3.2003,3.2018,6
2026-01-09 11:05:00,3.1973,3.2068,3.1973,3.2033,3.2023,3.2118,3.2023,3.2083,29
2026-01-09 11:06:00,3.2028,3.2038,3.2018,3.2038,3.2078,3.2088,3.2068,3.2088,9
2026-01-09 11:07:00,3.2043,3.2078,3.2033,3.2068,3.2093,3.2128,3.2083,3.2118,66
2026-01-09 11:08:00,3.2063,3.2078,3.2038,3.2078,3.2113,3.2128,3.2088,3.2128,138
2026-01-09 11:09:00,3.2068,3.2188,3.2063,3.2163,3.2118,3.2238,3.2113,3.2213,61
2026-01-09 11:10:00,3.2168,3.2233,3.2158,3.2228,3.2218,3.2283,3.2208,3.2278,50
2026-01-09 11:11:00,3.2223,3.2258,3.2203,3.2233,3.2273,3.2308,3.2253,3.2283,50
2026-01-09 11:12:00,3.2243,3.2278,3.2183,3.2268,3.2293,3.2328,3.2233,3.2318,54
2026-01-09 11:13:00,3.2278,3.2278,3.2248,3.2263,3.2328,3.2328,3.2298,3.2313,38
2026-01-09 11:14:00,3.2258,3.2258,3.2218,3.2248,3.2308,3.2308,3.2268,3.2298,31
2026-01-09 11:15:00,3.2258,3.2278,3.2218,3.2273,3.2308,3.2328,3.2268,3.2323,27
2026-01-09 11:16:00,3.2278,3.2278,3.2258,3.2278,3.2328,3.2328,3.2308,3.2328,21
2026-01-09 11:17:00,3.2273,3.2278,3.2258,3.2278,3.2323,3.2328,3.2308,3.2328,7
2026-01-09 11:18:00,3.2273,3.2278,3.2263,3.2278,3.2323,3.2328,3.2313,3.2328,7
2026-01-09 11:19:00,3.2273,3.2278,3.2248,3.2273,3.2323,3.2328,3.2298,3.2323,20
2026-01-09 11:20:00,3.2278,3.2278,3.2258,3.2268,3.2328,3.2328,3.2308,3.2318,8
2026-01-09 11:21:00,3.2278,3.2278,3.2263,3.2268,3.2328,3.2328,3.2313,3.2318,8
2026-01-09 11:22:00,3.2278,3.2278,3.2258,3.2258,3.2328,3.2328,3.2308,3.2308,9
2026-01-09 11:23:00,3.2263,3.2278,3.2258,3.2278,3.2313,3.2328,3.2308,3.2328,7
2026-01-09 11:24:00,3.2273,3.2278,3.2258,3.2268,3.2323,3.2328,3.2308,3.2318,17
2026-01-09 11:25:00,3.2278,3.2378,3.2278,3.2328,3.2328,3.2428,3.2328,3.2378,49
2026-01-09 11:26:00,3.2318,3.2378,3.2293,3.2378,3.2368,3.2428,3.2343,3.2428,32
2026-01-09 11:27:00,3.2328,3.2348,3.2148,3.2193,3.2378,3.2398,3.2198,3.2243,82
2026-01-09 11:28:00,3.2188,3.2203,3.2118,3.2183,3.2238,3.2253,3.2168,3.2233,37
2026-01-09 11:29:00,3.2188,3.2203,3.2148,3.2153,3.2238,3.2253,3.2198,3.2203,12
2026-01-09 11:30:00,3.2158,3.2198,3.2118,3.2148,3.2208,3.2248,3.2168,3.2198,44
2026-01-09 11:31:00,3.2158,3.2168,3.2088,3.2103,3.2208,3.2218,3.2138,3.2153,27
2026-01-09 11:32:00,3.2108,3.2188,3.2103,3.2163,3.2158,3.2238,3.2153,3.2213,44
2026-01-09 11:33:00,3.2158,3.2188,3.2143,3.2168,3.2208,3.2238,3.2193,3.2218,17
2026-01-09 11:34:00,3.2173,3.2228,3.2158,3.2188,3.2223,3.2278,3.2208,3.2238,39
2026-01-09 11:35:00,3.2183,3.2188,3.2148,3.2173,3.2233,3.2238,3.2198,3.2223,28
2026-01-09 11:36:00,3.2178,3.2203,3.2158,3.2198,3.2228,3.2253,3.2208,3.2248,19
2026-01-09 11:37:00,3.2193,3.2223,3.2158,3.2168,3.2243,3.2273,3.2208,3.2218,45
2026-01-09 11:38:00,3.2158,3.2178,3.2148,3.2158,3.2208,3.2228,3.2198,3.2208,21
2026-01-09 11:39:00,3.2163,3.2188,3.2038,3.2038,3.2213,3.2238,3.2088,3.2088,43
2026-01-09 11:40:00,3.2033,3.2108,3.2033,3.2103,3.2083,3.2158,3.2083,3.2153,30
2026-01-09 11:41:00,3.2108,3.2168,3.2003,3.2138,3.2158,3.2218,3.2053,3.2188,82
2026-01-09 11:42:00,3.2133,3.2168,3.2108,3.2163,3.2183,3.2218,3.2158,3.2213,37
2026-01-09 11:43:00,3.2168,3.2168,3.2028,3.2098,3.2218,3.2218,3.2078,3.2148,64
2026-01-09 11:44:00,3.2103,3.2148,3.2043,3.2088,3.2153,3.2198,3.2093,3.2138,30
2026-01-09 11:45:00,3.2093,3.2098,3.2028,3.2098,3.2143,3.2148,3.2078,3.2148,22
2026-01-09 11:46:00,3.2093,3.2098,3.2078,3.2093,3.2143,3.2148,3.2128,3.2143,11
2026-01-09 11:47:00,3.2088,3.2128,3.2088,3.2123,3.2138,3.2178,3.2138,3.2173,16
2026-01-09 11:48:00,3.2118,3.2128,3.2098,3.2123,3.2168,3.2178,3.2148,3.2173,24
2026-01-09 11:49:00,3.2128,3.2128,3.2108,3.2128,3.2178,3.2178,3.2158,3.2178,16
2026-01-09 11:50:00,3.2123,3.2128,3.2123,3.2128,3.2173,3.2178,3.2173,3.2178,2
2026-01-09 11:51:00,3.2118,3.2118,3.2108,3.2113,3.2168,3.2168,3.2158,3.2163,4
2026-01-09 11:52:00,3.2118,3.2128,3.2108,3.2128,3.2168,3.2178,3.2158,3.2178,11
2026-01-09 11:53:00,3.2123,3.2128,3.2118,3.2128,3.2173,3.2178,3.2168,3.2178,3
2026-01-09 11:54:00,3.2138,3.2193,3.2028,3.2048,3.2188,3.2243,3.2078,3.2098,44
2026-01-09 11:55:00,3.2053,3.2108,3.2018,3.2028,3.2103,3.2158,3.2068,3.2078,27
2026-01-09 11:56:00,3.2023,3.2023,3.1973,3.1983,3.2073,3.2073,3.2023,3.2033,13
2026-01-09 11:57:00,3.1988,3.2073,3.1988,3.2048,3.2038,3.2123,3.2038,3.2098,33
2026-01-09 11:58:00,3.2058,3.2128,3.2058,3.2108,3.2108,3.2178,3.2108,3.2158,17
2026-01-09 11:59:00,3.2103,3.2108,3.2048,3.2053,3.2153,3.2158,3.2098,3.2103,20
2026-01-09 12:00:00,3.2048,3.2048,3.2023,3.2048,3.2098,3.2098,3.2073,3.2098,8
2026-01-09 12:01:00,3.2043,3.2043,3.1998,3.2013,3.2093,3.2093,3.2048,3.2063,25
2026-01-09 12:02:00,3.2008,3.2138,3.2008,3.2063,3.2058,3.2188,3.2058,3.2113,23
2026-01-09 12:03:00,3.2058,3.2058,3.1978,3.1978,3.2108,3.2108,3.2028,3.2028,34
2026-01-09 12:04:00,3.1973,3.1973,3.1888,3.1918,3.2023,3.2023,3.1938,3.1968,41
2026-01-09 12:05:00,3.1928,3.2018,3.1928,3.2018,3.1978,3.2068,3.1978,3.2068,36
2026-01-09 12:06:00,3.2013,3.2128,3.1998,3.2123,3.2063,3.2178,3.2048,3.2173,40
2026-01-09 12:07:00,3.2128,3.2168,3.2118,3.2148,3.2178,3.2218,3.2168,3.2198,20
2026-01-09 12:08:00,3.2158,3.2173,3.2158,3.2168,3.2208,3.2223,3.2208,3.2218,8
2026-01-09 12:09:00,3.2163,3.2213,3.2148,3.2198,3.2213,3.2263,3.2198,3.2248,22
2026-01-09 12:10:00,3.2188,3.2198,3.2033,3.2058,3.2238,3.2248,3.2083,3.2108,43
2026-01-09 12:11:00,3.2068,3.2073,3.1988,3.1993,3.2118,3.2123,3.2038,3.2043,40
2026-01-09 12:12:00,3.1988,3.2013,3.1928,3.1928,3.2038,3.2063,3.1978,3.1978,52
2026-01-09 12:13:00,3.1938,3.1998,3.1923,3.1948,3.1988,3.2048,3.1973,3.1998,37
2026-01-09 12:14:00,3.1963,3.1963,3.1858,3.1898,3.2013,3.2013,3.1908,3.1948,45
2026-01-09 12:15:00,3.1908,3.1908,3.1798,3.1843,3.1958,3.1958,3.1848,3.1893,56
2026-01-09 12:16:00,3.1848,3.1858,3.1848,3.1853,3.1898,3.1908,3.1898,3.1903,5
2026-01-09 12:17:00,3.1868,3.1898,3.1843,3.1898,3.1918,3.1948,3.1893,3.1948,23
2026-01-09 12:18:00,3.1888,3.1903,3.1818,3.1828,3.1938,3.1953,3.1868,3.1878,31
2026-01-09 12:19:00,3.1823,3.1853,3.1808,3.1823,3.1873,3.1903,3.1858,3.1873,21
2026-01-09 12:20:00,3.1818,3.1873,3.1818,3.1868,3.1868,3.1923,3.1868,3.1918,19
2026-01-09 12:21:00,3.1873,3.1913,3.1873,3.1888,3.1923,3.1963,3.1923,3.1938,19
2026-01-09 12:22:00,3.1873,3.1873,3.1833,3.1863,3.1923,3.1923,3.1883,3.1913,15
2026-01-09 12:23:00,3.1858,3.1858,3.1783,3.1828,3.1908,3.1908,3.1833,3.1878,22
2026-01-09 12:24:00,3.1813,3.1898,3.1793,3.1873,3.1863,3.1948,3.1843,3.1923,28
2026-01-09 12:25:00,3.1878,3.1958,3.1873,3.1948,3.1928,3.2008,3.1923,3.1998,37
2026-01-09 12:26:00,3.1953,3.1968,3.1938,3.1943,3.2003,3.2018,3.1988,3.1993,17
2026-01-09 12:27:00,3.1948,3.1953,3.1943,3.1943,3.1998,3.2003,3.1993,3.1993,10
2026-01-09 12:28:00,3.1948,3.1993,3.1908,3.1908,3.1998,3.2043,3.1958,3.1958,31
2026-01-09 12:29:00,3.1913,3.1918,3.1808,3.1818,3.1963,3.1968,3.1858,3.1868,27
2026-01-09 12:30:00,3.1808,3.1928,3.1768,3.1883,3.1858,3.1978,3.1818,3.1933,32
2026-01-09 12:31:00,3.1878,3.1888,3.1843,3.1848,3.1928,3.1938,3.1893,3.1898,28
2026-01-09 12:32:00,3.1858,3.1858,3.1793,3.1798,3.1908,3.1908,3.1843,3.1848,13
2026-01-09 12:33:00,3.1803,3.1863,3.1768,3.1853,3.1853,3.1913,3.1818,3.1903,38
2026-01-09 12:34:00,3.1848,3.1878,3.1818,3.1823,3.1898,3.1928,3.1868,3.1873,67
2026-01-09 12:35:00,3.1818,3.1823,3.1768,3.1798,3.1868,3.1873,3.1818,3.1848,16
2026-01-09 12:36:00,3.1793,3.1803,3.1793,3.1803,3.1843,3.1853,3.1843,3.1853,2
2026-01-09 12:37:00,3.1793,3.1813,3.1688,3.1813,3.1843,3.1863,3.1738,3.1863,38
2026-01-09 12:38:00,3.1808,3.1838,3.1793,3.1838,3.1858,3.1888,3.1843,3.1888,14
2026-01-09 12:39:00,3.1828,3.1828,3.1798,3.1808,3.1878,3.1878,3.1848,3.1858,11
2026-01-09 12:40:00,3.1818,3.1828,3.1818,3.1823,3.1868,3.1878,3.1868,3.1873,3
2026-01-09 12:41:00,3.1813,3.1813,3.1728,3.1728,3.1863,3.1863,3.1778,3.1778,24
2026-01-09 12:42:00,3.1758,3.1853,3.1758,3.1828,3.1808,3.1903,3.1808,3.1878,34
2026-01-09 12:43:00,3.1833,3.1833,3.1798,3.1813,3.1883,3.1883,3.1848,3.1863,12
2026-01-09 12:44:00,3.1798,3.1818,3.1798,3.1798,3.1848,3.1868,3.1848,3.1848,8
2026-01-09 12:45:00,3.1828,3.1928,3.1828,3.1913,3.1878,3.1978,3.1878,3.1963,31
2026-01-09 12:46:00,3.1908,3.1978,3.1908,3.1968,3.1958,3.2028,3.1958,3.2018,30
2026-01-09 12:47:00,3.1973,3.1978,3.1858,3.1873,3.2023,3.2028,3.1908,3.1923,24
2026-01-09 12:48:00,3.1863,3.1928,3.1858,3.1928,3.1913,3.1978,3.1908,3.1978,33
2026-01-09 12:49:00,3.1923,3.1933,3.1858,3.1913,3.1973,3.1983,3.1908,3.1963,30
2026-01-09 12:50:00,3.1908,3.1958,3.1893,3.1943,3.1958,3.2008,3.1943,3.1993,22
2026-01-09 12:51:00,3.1938,3.1948,3.1933,3.1933,3.1988,3.1998,3.1983,3.1983,8
2026-01-09 12:52:00,3.1928,3.1948,3.1913,3.1938,3.1978,3.1998,3.1963,3.1988,9
2026-01-09 12:53:00,3.1933,3.1938,3.1803,3.1803,3.1983,3.1988,3.1853,3.1853,17
2026-01-09 12:54:00,3.1818,3.1988,3.1758,3.1953,3.1868,3.2038,3.1808,3.2003,40
2026-01-09 12:55:00,3.1943,3.2078,3.1853,3.1978,3.1993,3.2128,3.1903,3.2028,57
2026-01-09 12:56:00,3.2008,3.2078,3.2003,3.2058,3.2058,3.2128,3.2053,3.2108,42
2026-01-09 12:57:00,3.2053,3.2083,3.1993,3.2078,3.2103,3.2133,3.2043,3.2128,23
2026-01-09 12:58:00,3.2073,3.2108,3.2068,3.2068,3.2123,3.2158,3.2118,3.2118,44
2026-01-09 12:59:00,3.2058,3.2108,3.2038,3.2048,3.2108,3.2158,3.2088,3.2098,77
2026-01-09 13:00:00,3.2053,3.2108,3.2013,3.2013,3.2103,3.2158,3.2063,3.2063,26
2026-01-09 13:01:00,3.2003,3.2018,3.1953,3.1988,3.2053,3.2068,3.2003,3.2038,48
2026-01-09 13:02:00,3.1983,3.1993,3.1903,3.1918,3.2033,3.2043,3.1953,3.1968,50
2026-01-09 13:03:00,3.1903,3.1953,3.1848,3.1858,3.1953,3.2003,3.1898,3.1908,39
2026-01-09 13:04:00,3.1868,3.2108,3.1863,3.2098,3.1918,3.2158,3.1913,3.2148,109
2026-01-09 13:05:00,3.2108,3.2228,3.1988,3.2018,3.2158,3.2278,3.2038,3.2068,128
2026-01-09 13:06:00,3.2023,3.2023,3.1878,3.1988,3.2073,3.2073,3.1928,3.2038,75
2026-01-09 13:07:00,3.1983,3.2118,3.1983,3.2058,3.2033,3.2168,3.2033,3.2108,107
2026-01-09 13:08:00,3.2053,3.2113,3.1943,3.1968,3.2103,3.2163,3.1993,3.2018,81
2026-01-09 13:09:00,3.1978,3.1978,3.1898,3.1923,3.2028,3.2028,3.1948,3.1973,60
2026-01-09 13:10:00,3.1918,3.1948,3.1858,3.1858,3.1968,3.1998,3.1908,3.1908,49
2026-01-09 13:11:00,3.1843,3.1918,3.1708,3.1768,3.1893,3.1968,3.1758,3.1818,103
2026-01-09 13:12:00,3.1773,3.2038,3.1748,3.1918,3.1823,3.2088,3.1798,3.1968,133
2026-01-09 13:13:00,3.1908,3.2073,3.1838,3.1943,3.1958,3.2123,3.1888,3.1993,158
2026-01-09 13:14:00,3.1958,3.1958,3.1828,3.1848,3.2008,3.2008,3.1878,3.1898,56
2026-01-09 13:15:00,3.1853,3.1858,3.1718,3.1718,3.1903,3.1908,3.1768,3.1768,52
2026-01-09 13:16:00,3.1728,3.1728,3.1568,3.1603,3.1778,3.1778,3.1618,3.1653,68
2026-01-09 13:17:00,3.1608,3.1808,3.1603,3.1658,3.1658,3.1858,3.1653,3.1708,97
2026-01-09 13:18:00,3.1663,3.1768,3.1518,3.1538,3.1713,3.1818,3.1568,3.1588,94
2026-01-09 13:19:00,3.1533,3.1788,3.1468,3.1698,3.1583,3.1838,3.1518,3.1748,110
2026-01-09 13:20:00,3.1703,3.1808,3.1588,3.1588,3.1753,3.1858,3.1638,3.1638,125
2026-01-09 13:21:00,3.1593,3.1618,3.1478,3.1513,3.1643,3.1668,3.1528,3.1563,73
2026-01-09 13:22:00,3.1508,3.1518,3.1363,3.1373,3.1558,3.1568,3.1413,3.1423,91
2026-01-09 13:23:00,3.1368,3.1368,3.1168,3.1223,3.1418,3.1418,3.1218,3.1273,110
2026-01-09 13:24:00,3.1228,3.1848,3.1188,3.1708,3.1278,3.1898,3.1238,3.1758,230
2026-01-09 13:25:00,3.1713,3.1843,3.1508,3.1733,3.1763,3.1893,3.1558,3.1783,211
2026-01-09 13:26:00,3.1748,3.1928,3.1698,3.1898,3.1798,3.1978,3.1748,3.1948,326
2026-01-09 13:27:00,3.1908,3.2078,3.1798,3.1853,3.1958,3.2128,3.1848,3.1903,410
2026-01-09 13:28:00,3.1843,3.1958,3.1378,3.1518,3.1893,3.2008,3.1428,3.1568,232
2026-01-09 13:29:00,3.1533,3.1563,3.1468,3.1548,3.1583,3.1613,3.1518,3.1598,106
2026-01-09 13:30:00,3.1558,3.1653,3.1493,3.1593,3.1608,3.1703,3.1543,3.1643,95
2026-01-09 13:31:00,3.1588,3.1678,3.1413,3.1593,3.1638,3.1728,3.1463,3.1643,211
2026-01-09 13:32:00,3.1583,3.1793,3.1428,3.1473,3.1633,3.1843,3.1478,3.1523,174
2026-01-09 13:33:00,3.1483,3.1553,3.1373,3.1463,3.1533,3.1603,3.1423,3.1513,116
2026-01-09 13:34:00,3.1458,3.1748,3.1448,3.1603,3.1508,3.1798,3.1498,3.1653,222
2026-01-09 13:35:00,3.1643,3.1648,3.1468,3.1518,3.1693,3.1698,3.1518,3.1568,88
2026-01-09 13:36:00,3.1523,3.1533,3.1358,3.1373,3.1573,3.1583,3.1408,3.1423,88
2026-01-09 13:37:00,3.1368,3.1418,3.1318,3.1393,3.1418,3.1468,3.1368,3.1443,147
2026-01-09 13:38:00,3.1403,3.1418,3.1308,3.1333,3.1453,3.1468,3.1358,3.1383,173
2026-01-09 13:39:00,3.1323,3.1488,3.1323,3.1368,3.1373,3.1538,3.1373,3.1418,69
2026-01-09 13:40:00,3.1358,3.1458,3.1303,3.1348,3.1408,3.1508,3.1353,3.1398,83
2026-01-09 13:41:00,3.1353,3.1473,3.1293,3.1363,3.1403,3.1523,3.1343,3.1413,100
2026-01-09 13:42:00,3.1358,3.1518,3.1298,3.1373,3.1408,3.1568,3.1348,3.1423,183
2026-01-09 13:43:00,3.1418,3.1498,3.1378,3.1383,3.1468,3.1548,3.1428,3.1433,115
2026-01-09 13:44:00,3.1378,3.1378,3.1263,3.1293,3.1428,3.1428,3.1313,3.1343,114
2026-01-09 13:45:00,3.1288,3.1663,3.1168,3.1473,3.1338,3.1713,3.1218,3.1523,183
2026-01-09 13:46:00,3.1483,3.1673,3.1433,3.1668,3.1533,3.1723,3.1483,3.1718,92
2026-01-09 13:47:00,3.1663,3.1698,3.1503,3.1508,3.1713,3.1748,3.1553,3.1558,121
2026-01-09 13:48:00,3.1503,3.1513,3.1408,3.1438,3.1553,3.1563,3.1458,3.1488,66
2026-01-09 13:49:00,3.1433,3.1453,3.1343,3.1358,3.1483,3.1503,3.1393,3.1408,104
2026-01-09 13:50:00,3.1353,3.1773,3.1333,3.1593,3.1403,3.1823,3.1383,3.1643,159
2026-01-09 13:51:00,3.1603,3.1603,3.1358,3.1383,3.1653,3.1653,3.1408,3.1433,57
2026-01-09 13:52:00,3.1388,3.1388,3.1278,3.1298,3.1438,3.1438,3.1328,3.1348,102
2026-01-09 13:53:00,3.1288,3.1333,3.1203,3.1243,3.1338,3.1383,3.1253,3.1293,120
2026-01-09 13:54:00,3.1238,3.1313,3.1203,3.1273,3.1288,3.1363,3.1253,3.1323,66
2026-01-09 13:55:00,3.1263,3.1303,3.1258,3.1263,3.1313,3.1353,3.1308,3.1313,32
2026-01-09 13:56:00,3.1258,3.1273,3.1168,3.1183,3.1308,3.1323,3.1218,3.1233,68
2026-01-09 13:57:00,3.1188,3.1543,3.1093,3.1343,3.1238,3.1593,3.1143,3.1393,180
2026-01-09 13:58:00,3.1348,3.1578,3.1303,3.1493,3.1398,3.1628,3.1353,3.1543,134
2026-01-09 13:59:00,3.1488,3.1503,3.1368,3.1368,3.1538,3.1553,3.1418,3.1418,45
2026-01-09 14:00:00,3.1373,3.1668,3.1343,3.1563,3.1423,3.1718,3.1393,3.1613,207
2026-01-09 14:01:00,3.1568,3.1638,3.1508,3.1613,3.1618,3.1688,3.1558,3.1663,61
2026-01-09 14:02:00,3.1618,3.1618,3.1418,3.1443,3.1668,3.1668,3.1468,3.1493,73
2026-01-09 14:03:00,3.1438,3.1478,3.1378,3.1403,3.1488,3.1528,3.1428,3.1453,58
2026-01-09 14:04:00,3.1393,3.1433,3.1363,3.1388,3.1443,3.1483,3.1413,3.1438,41
2026-01-09 14:05:00,3.1393,3.1428,3.1308,3.1323,3.1443,3.1478,3.1358,3.1373,54
2026-01-09 14:06:00,3.1328,3.1758,3.1328,3.1713,3.1378,3.1808,3.1378,3.1763,230
2026-01-09 14:07:00,3.1708,3.1713,3.1568,3.1653,3.1758,3.1763,3.1618,3.1703,68
2026-01-09 14:08:00,3.1648,3.1778,3.1608,3.1733,3.1698,3.1828,3.1658,3.1783,116
2026-01-09 14:09:00,3.1728,3.1728,3.1658,3.1703,3.1778,3.1778,3.1708,3.1753,36
2026-01-09 14:10:00,3.1698,3.1698,3.1608,3.1608,3.1748,3.1748,3.1658,3.1658,40
2026-01-09 14:11:00,3.1623,3.1753,3.1563,3.1648,3.1673,3.1803,3.1613,3.1698,65
2026-01-09 14:12:00,3.1643,3.1648,3.1468,3.1488,3.1693,3.1698,3.1518,3.1538,59
2026-01-09 14:13:00,3.1478,3.1508,3.1443,3.1503,3.1528,3.1558,3.1493,3.1553,60
2026-01-09 14:14:00,3.1508,3.1528,3.1443,3.1478,3.1558,3.1578,3.1493,3.1528,48
2026-01-09 14:15:00,3.1483,3.1518,3.1443,3.1458,3.1533,3.1568,3.1493,3.1508,45
2026-01-09 14:16:00,3.1448,3.1463,3.1388,3.1408,3.1498,3.1513,3.1438,3.1458,32
2026-01-09 14:17:00,3.1413,3.1413,3.1278,3.1283,3.1463,3.1463,3.1328,3.1333,107
2026-01-09 14:18:00,3.1288,3.1303,3.1128,3.1158,3.1338,3.1353,3.1178,3.1208,141
2026-01-09 14:19:00,3.1153,3.1153,3.1118,3.1128,3.1203,3.1203,3.1168,3.1178,63
2026-01-09 14:20:00,3.1118,3.1143,3.1033,3.1038,3.1168,3.1193,3.1083,3.1088,94
2026-01-09 14:21:00,3.1048,3.1058,3.0868,3.0873,3.1098,3.1108,3.0918,3.0923,134
2026-01-09 14:22:00,3.0878,3.0938,3.0828,3.0888,3.0928,3.0988,3.0878,3.0938,94
2026-01-09 14:23:00,3.0893,3.0918,3.0818,3.0878,3.0943,3.0968,3.0868,3.0928,81
2026-01-09 14:24:00,3.0888,3.0888,3.0813,3.0828,3.0938,3.0938,3.0863,3.0878,67
2026-01-09 14:25:00,3.0823,3.0888,3.0788,3.0803,3.0873,3.0938,3.0838,3.0853,105
2026-01-09 14:26:00,3.0788,3.0823,3.0693,3.0723,3.0838,3.0873,3.0743,3.0773,38
2026-01-09 14:27:00,3.0718,3.0758,3.0538,3.0558,3.0768,3.0808,3.0588,3.0608,115
2026-01-09 14:28:00,3.0553,3.0628,3.0538,3.0628,3.0603,3.0678,3.0588,3.0678,43
2026-01-09 14:29:00,3.0618,3.0783,3.0598,3.0773,3.0668,3.0833,3.0648,3.0823,63
2026-01-09 14:30:00,3.0763,3.1053,3.0728,3.0918,3.0813,3.1103,3.0778,3.0968,138
2026-01-09 14:31:00,3.0913,3.1098,3.0913,3.1053,3.0963,3.1148,3.0963,3.1103,102
2026-01-09 14:32:00,3.1048,3.1068,3.1013,3.1033,3.1098,3.1118,3.1063,3.1083,61
2026-01-09 14:33:00,3.1028,3.1058,3.0998,3.1018,3.1078,3.1108,3.1048,3.1068,43
2026-01-09 14:34:00,3.1008,3.1098,3.1003,3.1068,3.1058,3.1148,3.1053,3.1118,66
2026-01-09 14:35:00,3.1058,3.1133,3.1028,3.1033,3.1108,3.1183,3.1078,3.1083,63
2026-01-09 14:36:00,3.1028,3.1048,3.1008,3.1018,3.1078,3.1098,3.1058,3.1068,28
2026-01-09 14:37:00,3.1008,3.1083,3.1008,3.1028,3.1058,3.1133,3.1058,3.1078,50
2026-01-09 14:38:00,3.1033,3.1068,3.0858,3.0888,3.1083,3.1118,3.0908,3.0938,99
2026-01-09 14:39:00,3.0898,3.0998,3.0888,3.0948,3.0948,3.1048,3.0938,3.0998,65
2026-01-09 14:40:00,3.0943,3.0943,3.0838,3.0848,3.0993,3.0993,3.0888,3.0898,40
2026-01-09 14:41:00,3.0853,3.0888,3.0693,3.0718,3.0903,3.0938,3.0743,3.0768,96
2026-01-09 14:42:00,3.0713,3.0768,3.0688,3.0733,3.0763,3.0818,3.0738,3.0783,72
2026-01-09 14:43:00,3.0728,3.0788,3.0718,3.0773,3.0778,3.0838,3.0768,3.0823,55
2026-01-09 14:44:00,3.0768,3.0778,3.0643,3.0733,3.0818,3.0828,3.0693,3.0783,74
2026-01-09 14:45:00,3.0728,3.0848,3.0728,3.0843,3.0778,3.0898,3.0778,3.0893,46
2026-01-09 14:46:00,3.0838,3.0848,3.0788,3.0818,3.0888,3.0898,3.0838,3.0868,48
2026-01-09 14:47:00,3.0813,3.0858,3.0788,3.0838,3.0863,3.0908,3.0838,3.0888,44
2026-01-09 14:48:00,3.0848,3.0908,3.0808,3.0838,3.0898,3.0958,3.0858,3.0888,99
2026-01-09 14:49:00,3.0853,3.0908,3.0748,3.0778,3.0903,3.0958,3.0798,3.0828,82
2026-01-09 14:50:00,3.0783,3.0783,3.0708,3.0733,3.0833,3.0833,3.0758,3.0783,60
2026-01-09 14:51:00,3.0738,3.0743,3.0658,3.0693,3.0788,3.0793,3.0708,3.0743,51
2026-01-09 14:52:00,3.0688,3.0738,3.0653,3.0733,3.0738,3.0788,3.0703,3.0783,46
2026-01-09 14:53:00,3.0723,3.0808,3.0703,3.0788,3.0773,3.0858,3.0753,3.0838,56
2026-01-09 14:54:00,3.0778,3.0778,3.0668,3.0668,3.0828,3.0828,3.0718,3.0718,41
2026-01-09 14:55:00,3.0673,3.0673,3.0628,3.0658,3.0723,3.0723,3.0678,3.0708,55
2026-01-09 14:56:00,3.0668,3.0713,3.0628,3.0678,3.0718,3.0763,3.0678,3.0728,50
2026-01-09 14:57:00,3.0673,3.0673,3.0598,3.0643,3.0723,3.0723,3.0648,3.0693,54
2026-01-09 14:58:00,3.0648,3.0718,3.0608,3.0708,3.0698,3.0768,3.0658,3.0758,47
2026-01-09 14:59:00,3.0703,3.0738,3.0688,3.0728,3.0753,3.0788,3.0738,3.0778,40
2026-01-09 15:00:00,3.0718,3.0718,3.0558,3.0598,3.0768,3.0768,3.0608,3.0648,118
2026-01-09 15:01:00,3.0593,3.0728,3.0583,3.0638,3.0643,3.0778,3.0633,3.0688,96
2026-01-09 15:02:00,3.0628,3.0638,3.0578,3.0598,3.0678,3.0688,3.0628,3.0648,70
2026-01-09 15:03:00,3.0593,3.0608,3.0568,3.0573,3.0643,3.0658,3.0618,3.0623,57
2026-01-09 15:04:00,3.0568,3.0638,3.0548,3.0618,3.0618,3.0688,3.0598,3.0668,69
2026-01-09 15:05:00,3.0598,3.0688,3.0598,3.0653,3.0648,3.0738,3.0648,3.0703,60
2026-01-09 15:06:00,3.0648,3.0698,3.0598,3.0688,3.0698,3.0748,3.0648,3.0738,64
2026-01-09 15:07:00,3.0683,3.0858,3.0673,3.0838,3.0733,3.0908,3.0723,3.0888,121
2026-01-09 15:08:00,3.0843,3.0858,3.0788,3.0798,3.0893,3.0908,3.0838,3.0848,76
2026-01-09 15:09:00,3.0803,3.0868,3.0798,3.0868,3.0853,3.0918,3.0848,3.0918,55
2026-01-09 15:10:00,3.0863,3.0918,3.0838,3.0888,3.0913,3.0968,3.0888,3.0938,78
2026-01-09 15:11:00,3.0883,3.0918,3.0798,3.0818,3.0933,3.0968,3.0848,3.0868,76
2026-01-09 15:12:00,3.0828,3.0828,3.0738,3.0748,3.0878,3.0878,3.0788,3.0798,45
2026-01-09 15:13:00,3.0758,3.0808,3.0718,3.0793,3.0808,3.0858,3.0768,3.0843,55
2026-01-09 15:14:00,3.0783,3.0808,3.0688,3.0708,3.0833,3.0858,3.0738,3.0758,44
2026-01-09 15:15:00,3.0718,3.0823,3.0708,3.0793,3.0768,3.0873,3.0758,3.0843,40
2026-01-09 15:16:00,3.0788,3.0808,3.0733,3.0778,3.0838,3.0858,3.0783,3.0828,47
2026-01-09 15:17:00,3.0783,3.0888,3.0783,3.0843,3.0833,3.0938,3.0833,3.0893,70
2026-01-09 15:18:00,3.0833,3.0918,3.0828,3.0878,3.0883,3.0968,3.0878,3.0928,65
2026-01-09 15:19:00,3.0883,3.0898,3.0848,3.0863,3.0933,3.0948,3.0898,3.0913,28
2026-01-09 15:20:00,3.0853,3.0878,3.0843,3.0873,3.0903,3.0928,3.0893,3.0923,18
2026-01-09 15:21:00,3.0863,3.0873,3.0838,3.0868,3.0913,3.0923,3.0888,3.0918,19
2026-01-09 15:22:00,3.0873,3.0888,3.0738,3.0748,3.0923,3.0938,3.0788,3.0798,49
2026-01-09 15:23:00,3.0738,3.0788,3.0728,3.0758,3.0788,3.0838,3.0778,3.0808,47
2026-01-09 15:24:00,3.0753,3.0798,3.0748,3.0788,3.0803,3.0848,3.0798,3.0838,35
2026-01-09 15:25:00,3.0778,3.0858,3.0778,3.0808,3.0828,3.0908,3.0828,3.0858,61
2026-01-09 15:26:00,3.0798,3.0808,3.0698,3.0698,3.0848,3.0858,3.0748,3.0748,57
2026-01-09 15:27:00,3.0703,3.0713,3.0668,3.0703,3.0753,3.0763,3.0718,3.0753,32
2026-01-09 15:28:00,3.0698,3.0723,3.0678,3.0708,3.0748,3.0773,3.0728,3.0758,29
2026-01-09 15:29:00,3.0698,3.0783,3.0698,3.0778,3.0748,3.0833,3.0748,3.0828,47
2026-01-09 15:30:00,3.0788,3.0843,3.0758,3.0808,3.0838,3.0893,3.0808,3.0858,63
2026-01-09 15:31:00,3.0813,3.0818,3.0753,3.0763,3.0863,3.0868,3.0803,3.0813,52
2026-01-09 15:32:00,3.0768,3.0778,3.0718,3.0773,3.0818,3.0828,3.0768,3.0823,49
2026-01-09 15:33:00,3.0768,3.0788,3.0728,3.0758,3.0818,3.0838,3.0778,3.0808,61
2026-01-09 15:34:00,3.0753,3.0778,3.0733,3.0748,3.0803,3.0828,3.0783,3.0798,24
2026-01-09 15:35:00,3.0753,3.0828,3.0748,3.0813,3.0803,3.0878,3.0798,3.0863,48
2026-01-09 15:36:00,3.0818,3.0898,3.0793,3.0818,3.0868,3.0948,3.0843,3.0868,76
2026-01-09 15:37:00,3.0808,3.0808,3.0743,3.0768,3.0858,3.0858,3.0793,3.0818,43
2026-01-09 15:38:00,3.0783,3.0788,3.0683,3.0728,3.0833,3.0838,3.0733,3.0778,34
2026-01-09 15:39:00,3.0723,3.0838,3.0708,3.0788,3.0773,3.0888,3.0758,3.0838,62
2026-01-09 15:40:00,3.0783,3.0838,3.0738,3.0823,3.0833,3.0888,3.0788,3.0873,51
2026-01-09 15:41:00,3.0818,3.0918,3.0818,3.0868,3.0868,3.0968,3.0868,3.0918,55
2026-01-09 15:42:00,3.0858,3.0968,3.0843,3.0898,3.0908,3.1018,3.0893,3.0948,73
2026-01-09 15:43:00,3.0888,3.0938,3.0848,3.0873,3.0938,3.0988,3.0898,3.0923,75
2026-01-09 15:44:00,3.0868,3.0948,3.0848,3.0918,3.0918,3.0998,3.0898,3.0968,56
2026-01-09 15:45:00,3.0913,3.0928,3.0868,3.0928,3.0963,3.0978,3.0918,3.0978,59
2026-01-09 15:46:00,3.0933,3.1018,3.0928,3.0998,3.0983,3.1068,3.0978,3.1048,87
2026-01-09 15:47:00,3.1003,3.1003,3.0838,3.0838,3.1053,3.1053,3.0888,3.0888,47
2026-01-09 15:48:00,3.0843,3.0888,3.0833,3.0873,3.0893,3.0938,3.0883,3.0923,32
2026-01-09 15:49:00,3.0878,3.0878,3.0828,3.0838,3.0928,3.0928,3.0878,3.0888,40
2026-01-09 15:50:00,3.0828,3.0828,3.0783,3.0788,3.0878,3.0878,3.0833,3.0838,42
2026-01-09 15:51:00,3.0783,3.0788,3.0748,3.0768,3.0833,3.0838,3.0798,3.0818,44
2026-01-09 15:52:00,3.0773,3.0788,3.0688,3.0708,3.0823,3.0838,3.0738,3.0758,53
2026-01-09 15:53:00,3.0713,3.0728,3.0673,3.0698,3.0763,3.0778,3.0723,3.0748,53
2026-01-09 15:54:00,3.0708,3.0778,3.0688,3.0728,3.0758,3.0828,3.0738,3.0778,69
2026-01-09 15:55:00,3.0723,3.0738,3.0688,3.0708,3.0773,3.0788,3.0738,3.0758,54
2026-01-09 15:56:00,3.0713,3.0758,3.0708,3.0758,3.0763,3.0808,3.0758,3.0808,23
2026-01-09 15:57:00,3.0753,3.0818,3.0718,3.0793,3.0803,3.0868,3.0768,3.0843,42
2026-01-09 15:58:00,3.0788,3.0818,3.0748,3.0798,3.0838,3.0868,3.0798,3.0848,32
2026-01-09 15:59:00,3.0788,3.0833,3.0778,3.0798,3.0838,3.0883,3.0828,3.0848,27
2026-01-09 16:00:00,3.0788,3.0823,3.0683,3.0693,3.0838,3.0873,3.0733,3.0743,76
2026-01-09 16:01:00,3.0688,3.0718,3.0653,3.0668,3.0738,3.0768,3.0703,3.0718,48
2026-01-09 16:02:00,3.0663,3.0663,3.0623,3.0638,3.0713,3.0713,3.0673,3.0688,44
2026-01-09 16:03:00,3.0643,3.0643,3.0428,3.0443,3.0693,3.0693,3.0478,3.0493,118
2026-01-09 16:04:00,3.0438,3.0448,3.0368,3.0383,3.0488,3.0498,3.0418,3.0433,95
2026-01-09 16:05:00,3.0378,3.0408,3.0338,3.0403,3.0428,3.0458,3.0388,3.0453,84
2026-01-09 16:06:00,3.0398,3.0443,3.0378,3.0408,3.0448,3.0493,3.0428,3.0458,68
2026-01-09 16:07:00,3.0413,3.0428,3.0348,3.0383,3.0463,3.0478,3.0398,3.0433,61
2026-01-09 16:08:00,3.0378,3.0378,3.0318,3.0318,3.0428,3.0428,3.0368,3.0368,61
2026-01-09 16:09:00,3.0328,3.0338,3.0278,3.0303,3.0378,3.0388,3.0328,3.0353,70
2026-01-09 16:10:00,3.0313,3.0358,3.0268,3.0318,3.0363,3.0408,3.0318,3.0368,77
2026-01-09 16:11:00,3.0323,3.0343,3.0298,3.0338,3.0373,3.0393,3.0348,3.0388,37
2026-01-09 16:12:00,3.0343,3.0383,3.0333,3.0358,3.0393,3.0433,3.0383,3.0408,57
2026-01-09 16:13:00,3.0368,3.0393,3.0278,3.0348,3.0418,3.0443,3.0328,3.0398,59
2026-01-09 16:14:00,3.0358,3.0358,3.0308,3.0308,3.0408,3.0408,3.0358,3.0358,51
2026-01-09 16:15:00,3.0298,3.0398,3.0298,3.0393,3.0348,3.0448,3.0348,3.0443,68
2026-01-09 16:16:00,3.0383,3.0398,3.0368,3.0368,3.0433,3.0448,3.0418,3.0418,21
2026-01-09 16:17:00,3.0358,3.0398,3.0348,3.0373,3.0408,3.0448,3.0398,3.0423,44
2026-01-09 16:18:00,3.0368,3.0368,3.0333,3.0358,3.0418,3.0418,3.0383,3.0408,51
2026-01-09 16:19:00,3.0353,3.0378,3.0308,3.0318,3.0403,3.0428,3.0358,3.0368,45
2026-01-09 16:20:00,3.0308,3.0318,3.0178,3.0213,3.0358,3.0368,3.0228,3.0263,78
2026-01-09 16:21:00,3.0208,3.0258,3.0208,3.0258,3.0258,3.0308,3.0258,3.0308,36
2026-01-09 16:22:00,3.0268,3.0358,3.0228,3.0338,3.0318,3.0408,3.0278,3.0388,58
2026-01-09 16:23:00,3.0333,3.0348,3.0258,3.0268,3.0383,3.0398,3.0308,3.0318,42
2026-01-09 16:24:00,3.0278,3.0333,3.0268,3.0298,3.0328,3.0383,3.0318,3.0348,42
2026-01-09 16:25:00,3.0308,3.0318,3.0228,3.0258,3.0358,3.0368,3.0278,3.0308,58
2026-01-09 16:26:00,3.0253,3.0258,3.0188,3.0218,3.0303,3.0308,3.0238,3.0268,47
2026-01-09 16:27:00,3.0213,3.0238,3.0208,3.0208,3.0263,3.0288,3.0258,3.0258,36
2026-01-09 16:28:00,3.0213,3.0213,3.0108,3.0118,3.0263,3.0263,3.0158,3.0168,92
2026-01-09 16:29:00,3.0128,3.0148,3.0098,3.0133,3.0178,3.0198,3.0148,3.0183,67
2026-01-09 16:30:00,3.0138,3.0178,3.0113,3.0118,3.0188,3.0228,3.0163,3.0168,40
2026-01-09 16:31:00,3.0108,3.0158,3.0108,3.0123,3.0158,3.0208,3.0158,3.0173,33
2026-01-09 16:32:00,3.0138,3.0158,3.0108,3.0148,3.0188,3.0208,3.0158,3.0198,30
2026-01-09 16:33:00,3.0138,3.0138,3.0038,3.0058,3.0188,3.0188,3.0088,3.0108,55
2026-01-09 16:34:00,3.0063,3.0158,3.0048,3.0143,3.0113,3.0208,3.0098,3.0193,41
2026-01-09 16:35:00,3.0148,3.0198,3.0118,3.0178,3.0198,3.0248,3.0168,3.0228,63
2026-01-09 16:36:00,3.0173,3.0188,3.0078,3.0093,3.0223,3.0238,3.0128,3.0143,56
2026-01-09 16:37:00,3.0088,3.0098,3.0048,3.0058,3.0138,3.0148,3.0098,3.0108,44
2026-01-09 16:38:00,3.0053,3.0098,3.0053,3.0073,3.0103,3.0148,3.0103,3.0123,36
2026-01-09 16:39:00,3.0068,3.0148,3.0058,3.0103,3.0118,3.0198,3.0108,3.0153,62
2026-01-09 16:40:00,3.0098,3.0098,3.0068,3.0068,3.0148,3.0148,3.0118,3.0118,20
2026-01-09 16:41:00,3.0063,3.0143,3.0048,3.0143,3.0113,3.0193,3.0098,3.0193,36
2026-01-09 16:42:00,3.0138,3.0178,3.0128,3.0138,3.0188,3.0228,3.0178,3.0188,43
2026-01-09 16:43:00,3.0148,3.0178,3.0138,3.0158,3.0198,3.0228,3.0188,3.0208,40
2026-01-09 16:44:00,3.0153,3.0168,3.0128,3.0158,3.0203,3.0218,3.0178,3.0208,28
2026-01-09 16:45:00,3.0148,3.0198,3.0148,3.0168,3.0198,3.0248,3.0198,3.0218,58
2026-01-09 16:46:00,3.0173,3.0173,3.0123,3.0123,3.0223,3.0223,3.0173,3.0173,40
2026-01-09 16:47:00,3.0118,3.0138,3.0088,3.0128,3.0168,3.0188,3.0138,3.0178,40
2026-01-09 16:48:00,3.0123,3.0138,3.0108,3.0128,3.0173,3.0188,3.0158,3.0178,31
2026-01-09 16:49:00,3.0118,3.0138,3.0098,3.0113,3.0168,3.0188,3.0148,3.0163,35
2026-01-09 16:50:00,3.0108,3.0118,3.0078,3.0098,3.0158,3.0168,3.0128,3.0148,23
2026-01-09 16:51:00,3.0108,3.0198,3.0078,3.0198,3.0158,3.0248,3.0128,3.0248,61
2026-01-09 16:52:00,3.0208,3.0248,3.0188,3.0228,3.0258,3.0298,3.0238,3.0278,39
2026-01-09 16:53:00,3.0238,3.0268,3.0208,3.0218,3.0288,3.0318,3.0258,3.0268,45
2026-01-09 16:54:00,3.0223,3.0248,3.0148,3.0158,3.0273,3.0298,3.0198,3.0208,39
2026-01-09 16:55:00,3.0168,3.0368,3.0143,3.0323,3.0218,3.0418,3.0193,3.0373,103
2026-01-09 16:56:00,3.0318,3.0588,3.0318,3.0518,3.0368,3.0638,3.0368,3.0568,165
2026-01-09 16:57:00,3.0513,3.0598,3.0458,3.0518,3.0563,3.0648,3.0508,3.0568,168
2026-01-09 16:58:00,3.0528,3.0688,3.0503,3.0638,3.0578,3.0738,3.0553,3.0688,92
2026-01-09 16:59:00,3.0648,3.0768,3.0608,3.0688,3.0698,3.0818,3.0658,3.0738,137
2026-01-09 17:00:00,3.0683,3.0688,3.0618,3.0648,3.0733,3.0738,3.0668,3.0698,61
2026-01-09 17:01:00,3.0658,3.0748,3.0633,3.0738,3.0708,3.0798,3.0683,3.0788,58
2026-01-09 17:02:00,3.0743,3.0793,3.0718,3.0758,3.0793,3.0843,3.0768,3.0808,62
2026-01-09 17:03:00,3.0748,3.0758,3.0593,3.0603,3.0798,3.0808,3.0643,3.0653,87
2026-01-09 17:04:00,3.0618,3.0638,3.0553,3.0558,3.0668,3.0688,3.0603,3.0608,58
2026-01-09 17:05:00,3.0563,3.0713,3.0513,3.0688,3.0613,3.0763,3.0563,3.0738,81
2026-01-09 17:06:00,3.0693,3.0708,3.0658,3.0698,3.0743,3.0758,3.0708,3.0748,33
2026-01-09 17:07:00,3.0693,3.0718,3.0658,3.0683,3.0743,3.0768,3.0708,3.0733,37
2026-01-09 17:08:00,3.0668,3.0733,3.0648,3.0723,3.0718,3.0783,3.0698,3.0773,65
2026-01-09 17:09:00,3.0728,3.0878,3.0713,3.0838,3.0778,3.0928,3.0763,3.0888,92
2026-01-09 17:10:00,3.0833,3.0878,3.0833,3.0858,3.0883,3.0928,3.0883,3.0908,63
2026-01-09 17:11:00,3.0853,3.0878,3.0748,3.0758,3.0903,3.0928,3.0798,3.0808,84
2026-01-09 17:12:00,3.0748,3.0863,3.0748,3.0828,3.0798,3.0913,3.0798,3.0878,70
2026-01-09 17:13:00,3.0818,3.0878,3.0798,3.0863,3.0868,3.0928,3.0848,3.0913,21
2026-01-09 17:14:00,3.0868,3.0878,3.0838,3.0873,3.0918,3.0928,3.0888,3.0923,34
2026-01-09 17:15:00,3.0878,3.0878,3.0778,3.0778,3.0928,3.0928,3.0828,3.0828,47
2026-01-09 17:16:00,3.0773,3.0848,3.0733,3.0763,3.0823,3.0898,3.0783,3.0813,91
2026-01-09 17:17:00,3.0768,3.0878,3.0713,3.0838,3.0818,3.0928,3.0763,3.0888,55
2026-01-09 17:18:00,3.0833,3.0878,3.0778,3.0838,3.0883,3.0928,3.0828,3.0888,51
2026-01-09 17:19:00,3.0848,3.0848,3.0813,3.0828,3.0898,3.0898,3.0863,3.0878,17
2026-01-09 17:20:00,3.0823,3.0838,3.0798,3.0818,3.0873,3.0888,3.0848,3.0868,24
2026-01-09 17:21:00,3.0813,3.0813,3.0713,3.0728,3.0863,3.0863,3.0763,3.0778,52
2026-01-09 17:22:00,3.0733,3.0813,3.0728,3.0788,3.0783,3.0863,3.0778,3.0838,44
2026-01-09 17:23:00,3.0783,3.0868,3.0783,3.0813,3.0833,3.0918,3.0833,3.0863,62
2026-01-09 17:24:00,3.0808,3.0818,3.0743,3.0798,3.0858,3.0868,3.0793,3.0848,30
2026-01-09 17:25:00,3.0828,3.0908,3.0828,3.0853,3.0878,3.0958,3.0878,3.0903,69
2026-01-09 17:26:00,3.0858,3.0908,3.0838,3.0838,3.0908,3.0958,3.0888,3.0888,45
2026-01-09 17:27:00,3.0843,3.0843,3.0778,3.0808,3.0893,3.0893,3.0828,3.0858,46
2026-01-09 17:28:00,3.0803,3.0808,3.0768,3.0793,3.0853,3.0858,3.0818,3.0843,35
2026-01-09 17:29:00,3.0798,3.0828,3.0788,3.0808,3.0848,3.0878,3.0838,3.0858,39
2026-01-09 17:30:00,3.0803,3.0803,3.0683,3.0683,3.0853,3.0853,3.0733,3.0733,58
2026-01-09 17:31:00,3.0678,3.0688,3.0618,3.0668,3.0728,3.0738,3.0668,3.0718,73
2026-01-09 17:32:00,3.0673,3.0688,3.0648,3.0683,3.0723,3.0738,3.0698,3.0733,30
2026-01-09 17:33:00,3.0688,3.0738,3.0688,3.0718,3.0738,3.0788,3.0738,3.0768,31
2026-01-09 17:34:00,3.0713,3.0783,3.0708,3.0738,3.0763,3.0833,3.0758,3.0788,41
2026-01-09 17:35:00,3.0748,3.0748,3.0708,3.0718,3.0798,3.0798,3.0758,3.0768,28
2026-01-09 17:36:00,3.0728,3.0788,3.0723,3.0758,3.0778,3.0838,3.0773,3.0808,38
2026-01-09 17:37:00,3.0763,3.0778,3.0658,3.0658,3.0813,3.0828,3.0708,3.0708,42
2026-01-09 17:38:00,3.0663,3.0678,3.0618,3.0633,3.0713,3.0728,3.0668,3.0683,39
2026-01-09 17:39:00,3.0648,3.0678,3.0608,3.0628,3.0698,3.0728,3.0658,3.0678,41
2026-01-09 17:40:00,3.0633,3.0663,3.0623,3.0663,3.0683,3.0713,3.0673,3.0713,47
2026-01-09 17:41:00,3.0668,3.0678,3.0648,3.0658,3.0718,3.0728,3.0698,3.0708,20
2026-01-09 17:42:00,3.0668,3.0668,3.0588,3.0618,3.0718,3.0718,3.0638,3.0668,31
2026-01-09 17:43:00,3.0623,3.0658,3.0623,3.0648,3.0673,3.0708,3.0673,3.0698,27
2026-01-09 17:44:00,3.0638,3.0648,3.0608,3.0638,3.0688,3.0698,3.0658,3.0688,26
2026-01-09 17:45:00,3.0648,3.0658,3.0623,3.0648,3.0698,3.0708,3.0673,3.0698,29
2026-01-09 17:46:00,3.0653,3.0653,3.0578,3.0608,3.0703,3.0703,3.0628,3.0658,35
2026-01-09 17:47:00,3.0618,3.0628,3.0568,3.0598,3.0668,3.0678,3.0618,3.0648,34
2026-01-09 17:48:00,3.0608,3.0618,3.0578,3.0608,3.0658,3.0668,3.0628,3.0658,20
2026-01-09 17:49:00,3.0598,3.0628,3.0568,3.0578,3.0648,3.0678,3.0618,3.0628,34
2026-01-09 17:50:00,3.0583,3.0603,3.0568,3.0568,3.0633,3.0653,3.0618,3.0618,24
2026-01-09 17:51:00,3.0578,3.0578,3.0543,3.0568,3.0628,3.0628,3.0593,3.0618,22
2026-01-09 17:52:00,3.0573,3.0588,3.0543,3.0578,3.0623,3.0638,3.0593,3.0628,48
2026-01-09 17:53:00,3.0588,3.0608,3.0588,3.0598,3.0638,3.0658,3.0638,3.0648,24
2026-01-09 17:54:00,3.0603,3.0648,3.0578,3.0603,3.0653,3.0698,3.0628,3.0653,28
2026-01-09 17:55:00,3.0608,3.0618,3.0578,3.0583,3.0658,3.0668,3.0628,3.0633,26
2026-01-09 17:56:00,3.0588,3.0618,3.0568,3.0608,3.0638,3.0668,3.0618,3.0658,44
2026-01-09 17:57:00,3.0618,3.0628,3.0598,3.0603,3.0668,3.0678,3.0648,3.0653,31
2026-01-09 17:58:00,3.0593,3.0593,3.0488,3.0493,3.0643,3.0643,3.0538,3.0543,23
2026-01-09 17:59:00,3.0498,3.0498,3.0473,3.0488,3.0548,3.0548,3.0523,3.0538,33
2026-01-09 18:00:00,3.0493,3.0518,3.0488,3.0503,3.0543,3.0568,3.0538,3.0553,33
2026-01-09 18:01:00,3.0508,3.0568,3.0508,3.0518,3.0558,3.0618,3.0558,3.0568,37
2026-01-09 18:02:00,3.0528,3.0558,3.0518,3.0538,3.0578,3.0608,3.0568,3.0588,25
2026-01-09 18:03:00,3.0548,3.0558,3.0488,3.0518,3.0598,3.0608,3.0538,3.0568,33
2026-01-09 18:04:00,3.0523,3.0538,3.0508,3.0518,3.0573,3.0588,3.0558,3.0568,30
2026-01-09 18:05:00,3.0513,3.0553,3.0508,3.0553,3.0563,3.0603,3.0558,3.0603,37
2026-01-09 18:06:00,3.0563,3.0568,3.0458,3.0488,3.0613,3.0618,3.0508,3.0538,43
2026-01-09 18:07:00,3.0493,3.0508,3.0468,3.0478,3.0543,3.0558,3.0518,3.0528,29
2026-01-09 18:08:00,3.0468,3.0488,3.0458,3.0488,3.0518,3.0538,3.0508,3.0538,21
2026-01-09 18:09:00,3.0498,3.0558,3.0493,3.0553,3.0548,3.0608,3.0543,3.0603,32
2026-01-09 18:10:00,3.0548,3.0578,3.0528,3.0548,3.0598,3.0628,3.0578,3.0598,20
2026-01-09 18:11:00,3.0558,3.0598,3.0518,3.0598,3.0608,3.0648,3.0568,3.0648,37
2026-01-09 18:12:00,3.0593,3.0593,3.0528,3.0568,3.0643,3.0643,3.0578,3.0618,31
2026-01-09 18:13:00,3.0563,3.0578,3.0518,3.0528,3.0613,3.0628,3.0568,3.0578,24
2026-01-09 18:14:00,3.0533,3.0598,3.0528,3.0543,3.0583,3.0648,3.0578,3.0593,32
2026-01-09 18:15:00,3.0548,3.0578,3.0523,3.0538,3.0598,3.0628,3.0573,3.0588,28
2026-01-09 18:16:00,3.0548,3.0598,3.0538,3.0538,3.0598,3.0648,3.0588,3.0588,32
2026-01-09 18:17:00,3.0543,3.0558,3.0528,3.0528,3.0593,3.0608,3.0578,3.0578,33
2026-01-09 18:18:00,3.0533,3.0533,3.0443,3.0483,3.0583,3.0583,3.0493,3.0533,38
2026-01-09 18:19:00,3.0488,3.0508,3.0488,3.0493,3.0538,3.0558,3.0538,3.0543,19
2026-01-09 18:20:00,3.0488,3.0488,3.0428,3.0443,3.0538,3.0538,3.0478,3.0493,39
2026-01-09 18:21:00,3.0433,3.0438,3.0398,3.0403,3.0483,3.0488,3.0448,3.0453,26
2026-01-09 18:22:00,3.0408,3.0408,3.0378,3.0378,3.0458,3.0458,3.0428,3.0428,24
2026-01-09 18:23:00,3.0368,3.0398,3.0368,3.0398,3.0418,3.0448,3.0418,3.0448,37
2026-01-09 18:24:00,3.0408,3.0428,3.0378,3.0393,3.0458,3.0478,3.0428,3.0443,39
2026-01-09 18:25:00,3.0388,3.0398,3.0368,3.0393,3.0438,3.0448,3.0418,3.0443,45
2026-01-09 18:26:00,3.0388,3.0398,3.0378,3.0393,3.0438,3.0448,3.0428,3.0443,17
2026-01-09 18:27:00,3.0388,3.0393,3.0363,3.0368,3.0438,3.0443,3.0413,3.0418,26
2026-01-09 18:28:00,3.0378,3.0388,3.0368,3.0368,3.0428,3.0438,3.0418,3.0418,17
2026-01-09 18:29:00,3.0363,3.0378,3.0348,3.0358,3.0413,3.0428,3.0398,3.0408,29
2026-01-09 18:30:00,3.0368,3.0378,3.0348,3.0348,3.0418,3.0428,3.0398,3.0398,29
2026-01-09 18:31:00,3.0343,3.0363,3.0303,3.0303,3.0393,3.0413,3.0353,3.0353,44
2026-01-09 18:32:00,3.0298,3.0298,3.0278,3.0288,3.0348,3.0348,3.0328,3.0338,27
2026-01-09 18:33:00,3.0298,3.0328,3.0288,3.0298,3.0348,3.0378,3.0338,3.0348,35
2026-01-09 18:34:00,3.0303,3.0313,3.0298,3.0303,3.0353,3.0363,3.0348,3.0353,21
2026-01-09 18:35:00,3.0313,3.0328,3.0278,3.0278,3.0363,3.0378,3.0328,3.0328,35
2026-01-09 18:36:00,3.0283,3.0298,3.0278,3.0283,3.0333,3.0348,3.0328,3.0333,12
2026-01-09 18:37:00,3.0278,3.0288,3.0273,3.0273,3.0328,3.0338,3.0323,3.0323,18
2026-01-09 18:38:00,3.0258,3.0278,3.0238,3.0268,3.0308,3.0328,3.0288,3.0318,54
2026-01-09 18:39:00,3.0258,3.0298,3.0258,3.0293,3.0308,3.0348,3.0308,3.0343,19
2026-01-09 18:40:00,3.0288,3.0338,3.0278,3.0338,3.0338,3.0388,3.0328,3.0388,18
2026-01-09 18:41:00,3.0328,3.0388,3.0328,3.0368,3.0378,3.0438,3.0378,3.0418,22
2026-01-09 18:42:00,3.0373,3.0428,3.0358,3.0378,3.0423,3.0478,3.0408,3.0428,68
2026-01-09 18:43:00,3.0368,3.0388,3.0308,3.0308,3.0418,3.0438,3.0358,3.0358,57
2026-01-09 18:44:00,3.0313,3.0318,3.0293,3.0303,3.0363,3.0368,3.0343,3.0353,19
2026-01-09 18:45:00,3.0308,3.0358,3.0298,3.0308,3.0358,3.0408,3.0348,3.0358,47
2026-01-09 18:46:00,3.0313,3.0318,3.0228,3.0268,3.0363,3.0368,3.0278,3.0318,59
2026-01-09 18:47:00,3.0263,3.0278,3.0178,3.0188,3.0313,3.0328,3.0228,3.0238,36
2026-01-09 18:48:00,3.0193,3.0203,3.0128,3.0138,3.0243,3.0253,3.0178,3.0188,37
2026-01-09 18:49:00,3.0143,3.0168,3.0138,3.0158,3.0193,3.0218,3.0188,3.0208,23
2026-01-09 18:50:00,3.0148,3.0168,3.0128,3.0148,3.0198,3.0218,3.0178,3.0198,39
2026-01-09 18:51:00,3.0158,3.0168,3.0128,3.0138,3.0208,3.0218,3.0178,3.0188,25
2026-01-09 18:52:00,3.0128,3.0143,3.0118,3.0118,3.0178,3.0193,3.0168,3.0168,30
2026-01-09 18:53:00,3.0123,3.0148,3.0118,3.0143,3.0173,3.0198,3.0168,3.0193,7
2026-01-09 18:54:00,3.0148,3.0158,3.0133,3.0143,3.0198,3.0208,3.0183,3.0193,22
2026-01-09 18:55:00,3.0148,3.0183,3.0148,3.0183,3.0198,3.0233,3.0198,3.0233,9
2026-01-09 18:56:00,3.0178,3.0188,3.0153,3.0188,3.0228,3.0238,3.0203,3.0238,33
2026-01-09 18:57:00,3.0178,3.0178,3.0148,3.0158,3.0228,3.0228,3.0198,3.0208,26
2026-01-09 18:58:00,3.0148,3.0168,3.0148,3.0158,3.0198,3.0218,3.0198,3.0208,18
2026-01-09 18:59:00,3.0153,3.0178,3.0153,3.0153,3.0203,3.0228,3.0203,3.0203,30
2026-01-09 19:00:00,3.0148,3.0158,3.0118,3.0158,3.0198,3.0208,3.0168,3.0208,28
2026-01-09 19:01:00,3.0148,3.0188,3.0123,3.0158,3.0198,3.0238,3.0173,3.0208,45
2026-01-09 19:02:00,3.0168,3.0183,3.0068,3.0088,3.0218,3.0233,3.0118,3.0138,44
2026-01-09 19:03:00,3.0083,3.0083,2.9938,2.9973,3.0133,3.0133,2.9988,3.0023,105
2026-01-09 19:04:00,2.9978,2.9978,2.9863,2.9888,3.0028,3.0028,2.9913,2.9938,99
2026-01-09 19:05:00,2.9898,2.9973,2.9868,2.9938,2.9948,3.0023,2.9918,2.9988,84
2026-01-09 19:06:00,2.9948,2.9963,2.9898,2.9923,2.9998,3.0013,2.9948,2.9973,64
2026-01-09 19:07:00,2.9918,2.9988,2.9903,2.9938,2.9968,3.0038,2.9953,2.9988,64
2026-01-09 19:08:00,2.9943,2.9958,2.9888,2.9913,2.9993,3.0008,2.9938,2.9963,48
2026-01-09 19:09:00,2.9918,2.9938,2.9888,2.9913,2.9968,2.9988,2.9938,2.9963,35
2026-01-09 19:10:00,2.9918,2.9928,2.9888,2.9918,2.9968,2.9978,2.9938,2.9968,43
2026-01-09 19:11:00,2.9913,2.9918,2.9778,2.9808,2.9963,2.9968,2.9828,2.9858,101
2026-01-09 19:12:00,2.9798,2.9878,2.9798,2.9828,2.9848,2.9928,2.9848,2.9878,52
2026-01-09 19:13:00,2.9818,2.9818,2.9778,2.9788,2.9868,2.9868,2.9828,2.9838,38
2026-01-09 19:14:00,2.9783,2.9838,2.9773,2.9788,2.9833,2.9888,2.9823,2.9838,39
2026-01-09 19:15:00,2.9793,2.9798,2.9738,2.9748,2.9843,2.9848,2.9788,2.9798,54
2026-01-09 19:16:00,2.9758,2.9808,2.9698,2.9718,2.9808,2.9858,2.9748,2.9768,81
2026-01-09 19:17:00,2.9723,2.9783,2.9678,2.9748,2.9773,2.9833,2.9728,2.9798,66
2026-01-09 19:18:00,2.9758,2.9778,2.9738,2.9758,2.9808,2.9828,2.9788,2.9808,30
2026-01-09 19:19:00,2.9753,2.9778,2.9738,2.9748,2.9803,2.9828,2.9788,2.9798,48
2026-01-09 19:20:00,2.9753,2.9768,2.9698,2.9713,2.9803,2.9818,2.9748,2.9763,47
2026-01-09 19:21:00,2.9708,2.9718,2.9573,2.9588,2.9758,2.9768,2.9623,2.9638,114
2026-01-09 19:22:00,2.9593,2.9643,2.9588,2.9643,2.9643,2.9693,2.9638,2.9693,51
2026-01-09 19:23:00,2.9648,2.9648,2.9618,2.9638,2.9698,2.9698,2.9668,2.9688,35
2026-01-09 19:24:00,2.9643,2.9643,2.9598,2.9598,2.9693,2.9693,2.9648,2.9648,36
2026-01-09 19:25:00,2.9608,2.9683,2.9578,2.9683,2.9658,2.9733,2.9628,2.9733,60
2026-01-09 19:26:00,2.9678,2.9738,2.9678,2.9728,2.9728,2.9788,2.9728,2.9778,44
2026-01-09 19:27:00,2.9723,2.9738,2.9658,2.9668,2.9773,2.9788,2.9708,2.9718,51
2026-01-09 19:28:00,2.9663,2.9688,2.9618,2.9648,2.9713,2.9738,2.9668,2.9698,31
2026-01-09 19:29:00,2.9643,2.9658,2.9513,2.9538,2.9693,2.9708,2.9563,2.9588,39
2026-01-09 19:30:00,2.9533,2.9568,2.9508,2.9528,2.9583,2.9618,2.9558,2.9578,38
2026-01-09 19:31:00,2.9523,2.9558,2.9493,2.9548,2.9573,2.9608,2.9543,2.9598,46
2026-01-09 19:32:00,2.9543,2.9553,2.9498,2.9503,2.9593,2.9603,2.9548,2.9553,43
2026-01-09 19:33:00,2.9498,2.9588,2.9478,2.9578,2.9548,2.9638,2.9528,2.9628,39
2026-01-09 19:34:00,2.9573,2.9578,2.9538,2.9578,2.9623,2.9628,2.9588,2.9628,25
2026-01-09 19:35:00,2.9573,2.9573,2.9508,2.9508,2.9623,2.9623,2.9558,2.9558,51
2026-01-09 19:36:00,2.9513,2.9558,2.9498,2.9533,2.9563,2.9608,2.9548,2.9583,40
2026-01-09 19:37:00,2.9538,2.9548,2.9493,2.9508,2.9588,2.9598,2.9543,2.9558,39
2026-01-09 19:38:00,2.9503,2.9538,2.9478,2.9513,2.9553,2.9588,2.9528,2.9563,49
2026-01-09 19:39:00,2.9508,2.9528,2.9478,2.9513,2.9558,2.9578,2.9528,2.9563,36
2026-01-09 19:40:00,2.9528,2.9528,2.9373,2.9408,2.9578,2.9578,2.9423,2.9458,58
2026-01-09 19:41:00,2.9428,2.9438,2.9398,2.9403,2.9478,2.9488,2.9448,2.9453,48
2026-01-09 19:42:00,2.9408,2.9448,2.9368,2.9418,2.9458,2.9498,2.9418,2.9468,53
2026-01-09 19:43:00,2.9423,2.9428,2.9388,2.9413,2.9473,2.9478,2.9438,2.9463,32
2026-01-09 19:44:00,2.9418,2.9448,2.9378,2.9378,2.9468,2.9498,2.9428,2.9428,54
2026-01-09 19:45:00,2.9373,2.9448,2.9348,2.9413,2.9423,2.9498,2.9398,2.9463,69
2026-01-09 19:46:00,2.9408,2.9438,2.9398,2.9418,2.9458,2.9488,2.9448,2.9468,32
2026-01-09 19:47:00,2.9408,2.9518,2.9408,2.9483,2.9458,2.9568,2.9458,2.9533,67
2026-01-09 19:48:00,2.9478,2.9478,2.9388,2.9398,2.9528,2.9528,2.9438,2.9448,47
2026-01-09 19:49:00,2.9403,2.9413,2.9348,2.9383,2.9453,2.9463,2.9398,2.9433,47
2026-01-09 19:50:00,2.9388,2.9418,2.9368,2.9388,2.9438,2.9468,2.9418,2.9438,35
2026-01-09 19:51:00,2.9398,2.9418,2.9378,2.9388,2.9448,2.9468,2.9428,2.9438,50
2026-01-09 19:52:00,2.9383,2.9418,2.9343,2.9348,2.9433,2.9468,2.9393,2.9398,47
2026-01-09 19:53:00,2.9353,2.9418,2.9353,2.9398,2.9403,2.9468,2.9403,2.9448,44
2026-01-09 19:54:00,2.9408,2.9478,2.9398,2.9473,2.9458,2.9528,2.9448,2.9523,66
2026-01-09 19:55:00,2.9468,2.9558,2.9448,2.9518,2.9518,2.9608,2.9498,2.9568,57
2026-01-09 19:56:00,2.9513,2.9538,2.9488,2.9518,2.9563,2.9588,2.9538,2.9568,48
2026-01-09 19:57:00,2.9508,2.9548,2.9488,2.9538,2.9558,2.9598,2.9538,2.9588,48
2026-01-09 19:58:00,2.9533,2.9538,2.9453,2.9468,2.9583,2.9588,2.9503,2.9518,59
2026-01-09 19:59:00,2.9473,2.9478,2.9418,2.9458,2.9523,2.9528,2.9468,2.9508,43
2026-01-09 20:00:00,2.9463,2.9488,2.9453,2.9478,2.9513,2.9538,2.9503,2.9528,46
2026-01-09 20:01:00,2.9468,2.9503,2.9408,2.9428,2.9518,2.9553,2.9458,2.9478,54
2026-01-09 20:02:00,2.9438,2.9473,2.9408,2.9473,2.9488,2.9523,2.9458,2.9523,52
2026-01-09 20:03:00,2.9468,2.9498,2.9458,2.9468,2.9518,2.9548,2.9508,2.9518,40
2026-01-09 20:04:00,2.9473,2.9488,2.9388,2.9398,2.9523,2.9538,2.9438,2.9448,52
2026-01-09 20:05:00,2.9393,2.9438,2.9338,2.9348,2.9443,2.9488,2.9388,2.9398,77
2026-01-09 20:06:00,2.9358,2.9388,2.9338,2.9358,2.9408,2.9438,2.9388,2.9408,37
2026-01-09 20:07:00,2.9363,2.9438,2.9343,2.9353,2.9413,2.9488,2.9393,2.9403,46
2026-01-09 20:08:00,2.9363,2.9368,2.9308,2.9348,2.9413,2.9418,2.9358,2.9398,41
2026-01-09 20:09:00,2.9343,2.9378,2.9343,2.9353,2.9393,2.9428,2.9393,2.9403,39
2026-01-09 20:10:00,2.9358,2.9358,2.9328,2.9328,2.9408,2.9408,2.9378,2.9378,41
2026-01-09 20:11:00,2.9333,2.9378,2.9333,2.9358,2.9383,2.9428,2.9383,2.9408,40
2026-01-09 20:12:00,2.9363,2.9418,2.9358,2.9398,2.9413,2.9468,2.9408,2.9448,38
2026-01-09 20:13:00,2.9393,2.9418,2.9378,2.9408,2.9443,2.9468,2.9428,2.9458,59
2026-01-09 20:14:00,2.9413,2.9428,2.9318,2.9333,2.9463,2.9478,2.9368,2.9383,44
2026-01-09 20:15:00,2.9328,2.9353,2.9288,2.9288,2.9378,2.9403,2.9338,2.9338,44
2026-01-09 20:16:00,2.9298,2.9328,2.9233,2.9278,2.9348,2.9378,2.9283,2.9328,64
2026-01-09 20:17:00,2.9268,2.9273,2.9208,2.9218,2.9318,2.9323,2.9258,2.9268,69
2026-01-09 20:18:00,2.9208,2.9228,2.9168,2.9223,2.9258,2.9278,2.9218,2.9273,70
2026-01-09 20:19:00,2.9228,2.9238,2.9188,2.9208,2.9278,2.9288,2.9238,2.9258,46
2026-01-09 20:20:00,2.9213,2.9318,2.9208,2.9248,2.9263,2.9368,2.9258,2.9298,66
2026-01-09 20:21:00,2.9243,2.9253,2.9153,2.9178,2.9293,2.9303,2.9203,2.9228,72
2026-01-09 20:22:00,2.9188,2.9198,2.9163,2.9183,2.9238,2.9248,2.9213,2.9233,33
2026-01-09 20:23:00,2.9178,2.9188,2.9128,2.9128,2.9228,2.9238,2.9178,2.9178,52
2026-01-09 20:24:00,2.9138,2.9188,2.9118,2.9183,2.9188,2.9238,2.9168,2.9233,77
2026-01-09 20:25:00,2.9188,2.9238,2.9138,2.9163,2.9238,2.9288,2.9188,2.9213,80
2026-01-09 20:26:00,2.9148,2.9168,2.9018,2.9088,2.9198,2.9218,2.9068,2.9138,130
2026-01-09 20:27:00,2.9078,2.9108,2.9008,2.9068,2.9128,2.9158,2.9058,2.9118,118
2026-01-09 20:28:00,2.9058,2.9168,2.9023,2.9138,2.9108,2.9218,2.9073,2.9188,307
2026-01-09 20:29:00,2.9128,2.9158,2.9068,2.9098,2.9178,2.9208,2.9118,2.9148,137
2026-01-09 20:30:00,2.9108,2.9128,2.9098,2.9118,2.9158,2.9178,2.9148,2.9168,77
2026-01-09 20:31:00,2.9123,2.9158,2.9108,2.9113,2.9173,2.9208,2.9158,2.9163,55
2026-01-09 20:32:00,2.9118,2.9138,2.9078,2.9133,2.9168,2.9188,2.9128,2.9183,36
2026-01-09 20:33:00,2.9138,2.9138,2.9068,2.9078,2.9188,2.9188,2.9118,2.9128,46
2026-01-09 20:34:00,2.9088,2.9098,2.9028,2.9048,2.9138,2.9148,2.9078,2.9098,45
2026-01-09 20:35:00,2.9058,2.9093,2.9038,2.9068,2.9108,2.9143,2.9088,2.9118,32
2026-01-09 20:36:00,2.9063,2.9078,2.9048,2.9063,2.9113,2.9128,2.9098,2.9113,32
2026-01-09 20:37:00,2.9058,2.9098,2.9058,2.9058,2.9108,2.9148,2.9108,2.9108,33
2026-01-09 20:38:00,2.9048,2.9068,2.9048,2.9058,2.9098,2.9118,2.9098,2.9108,19
2026-01-09 20:39:00,2.9068,2.9118,2.9058,2.9083,2.9118,2.9168,2.9108,2.9133,42
2026-01-09 20:40:00,2.9088,2.9158,2.9078,2.9143,2.9138,2.9208,2.9128,2.9193,44
2026-01-09 20:41:00,2.9148,2.9148,2.9103,2.9108,2.9198,2.9198,2.9153,2.9158,20
2026-01-09 20:42:00,2.9098,2.9108,2.9083,2.9103,2.9148,2.9158,2.9133,2.9153,19
2026-01-09 20:43:00,2.9108,2.9118,2.9088,2.9108,2.9158,2.9168,2.9138,2.9158,15
2026-01-09 20:44:00,2.9118,2.9118,2.9083,2.9098,2.9168,2.9168,2.9133,2.9148,16
2026-01-09 20:45:00,2.9088,2.9108,2.9088,2.9108,2.9138,2.9158,2.9138,2.9158,15
2026-01-09 20:46:00,2.9113,2.9118,2.9098,2.9098,2.9163,2.9168,2.9148,2.9148,19
2026-01-09 20:47:00,2.9093,2.9128,2.9093,2.9128,2.9143,2.9178,2.9143,2.9178,19
2026-01-09 20:48:00,2.9138,2.9168,2.9138,2.9158,2.9188,2.9218,2.9188,2.9208,22
2026-01-09 20:49:00,2.9153,2.9178,2.9148,2.9158,2.9203,2.9228,2.9198,2.9208,25
2026-01-09 20:50:00,2.9153,2.9163,2.9148,2.9158,2.9203,2.9213,2.9198,2.9208,20
2026-01-09 20:51:00,2.9163,2.9198,2.9148,2.9158,2.9213,2.9248,2.9198,2.9208,32
2026-01-09 20:52:00,2.9163,2.9188,2.9158,2.9183,2.9213,2.9238,2.9208,2.9233,17
2026-01-09 20:53:00,2.9178,2.9183,2.9148,2.9148,2.9228,2.9233,2.9198,2.9198,29
2026-01-09 20:54:00,2.9153,2.9158,2.9128,2.9138,2.9203,2.9208,2.9178,2.9188,25
2026-01-09 20:55:00,2.9133,2.9133,2.9113,2.9133,2.9183,2.9183,2.9163,2.9183,21
2026-01-09 20:56:00,2.9128,2.9128,2.9088,2.9093,2.9178,2.9178,2.9138,2.9143,22
2026-01-09 20:57:00,2.9098,2.9128,2.9098,2.9108,2.9148,2.9178,2.9148,2.9158,18
2026-01-09 20:58:00,2.9103,2.9103,2.9078,2.9078,2.9153,2.9153,2.9128,2.9128,12
2026-01-09 20:59:00,2.9083,2.9083,2.9053,2.9068,2.9133,2.9133,2.9103,2.9118,21
2026-01-09 21:00:00,2.9063,2.9078,2.9058,2.9068,2.9113,2.9128,2.9108,2.9118,20
2026-01-09 21:01:00,2.9073,2.9138,2.9063,2.9128,2.9123,2.9188,2.9113,2.9178,54
2026-01-09 21:02:00,2.9118,2.9128,2.9088,2.9088,2.9168,2.9178,2.9138,2.9138,28
2026-01-09 21:03:00,2.9093,2.9098,2.9073,2.9088,2.9143,2.9148,2.9123,2.9138,9
2026-01-09 21:04:00,2.9083,2.9083,2.9018,2.9018,2.9133,2.9133,2.9068,2.9068,23
2026-01-09 21:05:00,2.9023,2.9038,2.9008,2.9013,2.9073,2.9088,2.9058,2.9063,16
2026-01-09 21:06:00,2.9018,2.9018,2.8978,2.8998,2.9068,2.9068,2.9028,2.9048,39
2026-01-09 21:07:00,2.9003,2.9038,2.9003,2.9018,2.9053,2.9088,2.9053,2.9068,23
2026-01-09 21:08:00,2.9008,2.9018,2.9008,2.9013,2.9058,2.9068,2.9058,2.9063,10
2026-01-09 21:09:00,2.9018,2.9028,2.9018,2.9018,2.9068,2.9078,2.9068,2.9068,9
2026-01-09 21:10:00,2.9028,2.9038,2.9008,2.9023,2.9078,2.9088,2.9058,2.9073,15
2026-01-09 21:11:00,2.9018,2.9028,2.9008,2.9028,2.9068,2.9078,2.9058,2.9078,12
2026-01-09 21:12:00,2.9018,2.9048,2.9008,2.9028,2.9068,2.9098,2.9058,2.9078,20
2026-01-09 21:13:00,2.9038,2.9038,2.9018,2.9018,2.9088,2.9088,2.9068,2.9068,7
2026-01-09 21:14:00,2.9023,2.9028,2.8988,2.9018,2.9073,2.9078,2.9038,2.9068,23
2026-01-09 21:15:00,2.9028,2.9028,2.8988,2.8988,2.9078,2.9078,2.9038,2.9038,19
2026-01-09 21:16:00,2.8998,2.9008,2.8988,2.8998,2.9048,2.9058,2.9038,2.9048,15
2026-01-09 21:17:00,2.8988,2.9003,2.8988,2.8998,2.9038,2.9053,2.9038,2.9048,11
2026-01-09 21:18:00,2.8993,2.8993,2.8983,2.8988,2.9043,2.9043,2.9033,2.9038,6
2026-01-09 21:19:00,2.8998,2.9008,2.8988,2.8998,2.9048,2.9058,2.9038,2.9048,5
2026-01-09 21:20:00,2.8993,2.8998,2.8993,2.8998,2.9043,2.9048,2.9043,2.9048,2
2026-01-09 21:21:00,2.8993,2.8998,2.8988,2.8988,2.9043,2.9048,2.9038,2.9038,4
2026-01-09 21:22:00,2.9008,2.9033,2.9008,2.9018,2.9058,2.9083,2.9058,2.9068,19
2026-01-09 21:23:00,2.9013,2.9018,2.8998,2.9008,2.9063,2.9068,2.9048,2.9058,6
2026-01-09 21:24:00,2.9018,2.9018,2.8998,2.8998,2.9068,2.9068,2.9048,2.9048,13
2026-01-09 21:25:00,2.9003,2.9013,2.8998,2.9003,2.9053,2.9063,2.9048,2.9053,9
2026-01-09 21:26:00,2.8998,2.8998,2.8973,2.8973,2.9048,2.9048,2.9023,2.9023,9
2026-01-09 21:27:00,2.8983,2.8998,2.8983,2.8998,2.9033,2.9048,2.9033,2.9048,7
2026-01-09 21:28:00,2.9008,2.9008,2.8988,2.8998,2.9058,2.9058,2.9038,2.9048,8
2026-01-09 21:29:00,2.8988,2.8998,2.8978,2.8978,2.9038,2.9048,2.9028,2.9028,13
2026-01-09 21:30:00,2.8983,2.8998,2.8978,2.8988,2.9033,2.9048,2.9028,2.9038,17
2026-01-09 21:31:00,2.8993,2.8998,2.8988,2.8988,2.9043,2.9048,2.9038,2.9038,5
2026-01-09 21:32:00,2.8998,2.9008,2.8958,2.8958,2.9048,2.9058,2.9008,2.9008,18
2026-01-09 21:33:00,2.8948,2.8968,2.8928,2.8968,2.8998,2.9018,2.8978,2.9018,31
2026-01-09 21:34:00,2.8958,2.8968,2.8928,2.8928,2.9008,2.9018,2.8978,2.8978,28
2026-01-09 21:35:00,2.8938,2.8958,2.8928,2.8948,2.8988,2.9008,2.8978,2.8998,15
2026-01-09 21:36:00,2.8938,2.8958,2.8938,2.8948,2.8988,2.9008,2.8988,2.8998,4
2026-01-09 21:37:00,2.8938,2.8958,2.8938,2.8953,2.8988,2.9008,2.8988,2.9003,19
2026-01-09 21:38:00,2.8958,2.8963,2.8948,2.8948,2.9008,2.9013,2.8998,2.8998,14
2026-01-09 21:39:00,2.8943,2.8958,2.8928,2.8948,2.8993,2.9008,2.8978,2.8998,16
2026-01-09 21:40:00,2.8953,2.8978,2.8948,2.8978,2.9003,2.9028,2.8998,2.9028,18
2026-01-09 21:41:00,2.8968,2.8998,2.8958,2.8978,2.9018,2.9048,2.9008,2.9028,31
2026-01-09 21:42:00,2.8973,2.8978,2.8958,2.8958,2.9023,2.9028,2.9008,2.9008,20
2026-01-09 21:43:00,2.8953,2.8953,2.8928,2.8928,2.9003,2.9003,2.8978,2.8978,11
2026-01-09 21:44:00,2.8933,2.8938,2.8898,2.8898,2.8983,2.8988,2.8948,2.8948,28
2026-01-09 21:45:00,2.8893,2.8903,2.8878,2.8883,2.8943,2.8953,2.8928,2.8933,15
2026-01-09 21:46:00,2.8878,2.8898,2.8868,2.8888,2.8928,2.8948,2.8918,2.8938,24
2026-01-09 21:47:00,2.8893,2.8898,2.8878,2.8898,2.8943,2.8948,2.8928,2.8948,20
2026-01-09 21:48:00,2.8908,2.8908,2.8878,2.8883,2.8958,2.8958,2.8928,2.8933,10
2026-01-09 21:49:00,2.8888,2.8898,2.8858,2.8873,2.8938,2.8948,2.8908,2.8923,24
2026-01-09 21:50:00,2.8878,2.8888,2.8858,2.8873,2.8928,2.8938,2.8908,2.8923,16
2026-01-09 21:51:00,2.8868,2.8878,2.8838,2.8838,2.8918,2.8928,2.8888,2.8888,14
2026-01-09 21:52:00,2.8848,2.8848,2.8813,2.8833,2.8898,2.8898,2.8863,2.8883,17
2026-01-09 21:53:00,2.8838,2.8838,2.8818,2.8828,2.8888,2.8888,2.8868,2.8878,17
2026-01-09 21:54:00,2.8833,2.8853,2.8833,2.8848,2.8883,2.8903,2.8883,2.8898,18
2026-01-09 21:55:00,2.8843,2.8848,2.8828,2.8833,2.8893,2.8898,2.8878,2.8883,13
2026-01-09 21:56:00,2.8838,2.8838,2.8793,2.8793,2.8888,2.8888,2.8843,2.8843,16
2026-01-09 21:57:00,2.8798,2.8808,2.8768,2.8773,2.8848,2.8858,2.8818,2.8823,24
2026-01-09 21:58:00,2.8778,2.8778,2.8738,2.8758,2.8828,2.8828,2.8788,2.8808,30
2026-01-09 21:59:00,2.8768,2.8808,2.8768,2.8798,2.8818,2.8858,2.8818,2.8848,38
2026-01-09 22:00:00,2.8808,2.8808,2.8788,2.8808,2.8858,2.8858,2.8838,2.8858,16
2026-01-09 22:01:00,2.8813,2.8833,2.8813,2.8828,2.8863,2.8883,2.8863,2.8878,14
2026-01-09 22:02:00,2.8823,2.8823,2.8808,2.8813,2.8873,2.8873,2.8858,2.8863,8
2026-01-09 22:03:00,2.8808,2.8828,2.8798,2.8813,2.8858,2.8878,2.8848,2.8863,9
2026-01-09 22:04:00,2.8798,2.8808,2.8773,2.8773,2.8848,2.8858,2.8823,2.8823,12
2026-01-09 22:05:00,2.8768,2.8778,2.8758,2.8763,2.8818,2.8828,2.8808,2.8813,12
2026-01-09 22:06:00,2.8773,2.8778,2.8763,2.8763,2.8823,2.8828,2.8813,2.8813,10
2026-01-09 22:07:00,2.8768,2.8788,2.8748,2.8768,2.8818,2.8838,2.8798,2.8818,16
2026-01-09 22:08:00,2.8763,2.8768,2.8748,2.8753,2.8813,2.8818,2.8798,2.8803,14
2026-01-09 22:09:00,2.8758,2.8768,2.8758,2.8768,2.8808,2.8818,2.8808,2.8818,2
2026-01-09 22:10:00,2.8773,2.8808,2.8773,2.8798,2.8823,2.8858,2.8823,2.8848,14
2026-01-09 22:11:00,2.8793,2.8808,2.8788,2.8798,2.8843,2.8858,2.8838,2.8848,8
2026-01-09 22:12:00,2.8803,2.8828,2.8803,2.8823,2.8853,2.8878,2.8853,2.8873,5
2026-01-09 22:13:00,2.8818,2.8908,2.8818,2.8898,2.8868,2.8958,2.8868,2.8948,23
2026-01-09 22:14:00,2.8908,2.8928,2.8898,2.8908,2.8958,2.8978,2.8948,2.8958,14
2026-01-09 22:15:00,2.8898,2.8898,2.8883,2.8883,2.8948,2.8948,2.8933,2.8933,10
2026-01-09 22:16:00,2.8878,2.8898,2.8873,2.8898,2.8928,2.8948,2.8923,2.8948,5
2026-01-09 22:17:00,2.8908,2.8923,2.8908,2.8918,2.8958,2.8973,2.8958,2.8968,9
2026-01-09 22:18:00,2.8913,2.8913,2.8888,2.8888,2.8963,2.8963,2.8938,2.8938,10
2026-01-09 22:19:00,2.8893,2.8918,2.8888,2.8913,2.8943,2.8968,2.8938,2.8963,21
2026-01-09 22:20:00,2.8918,2.8988,2.8918,2.8978,2.8968,2.9038,2.8968,2.9028,19
2026-01-09 22:21:00,2.8968,2.8983,2.8953,2.8973,2.9018,2.9033,2.9003,2.9023,23
2026-01-09 22:22:00,2.8978,2.8978,2.8953,2.8973,2.9028,2.9028,2.9003,2.9023,10
2026-01-09 22:23:00,2.8978,2.8978,2.8958,2.8963,2.9028,2.9028,2.9008,2.9013,10
2026-01-09 22:24:00,2.8968,2.8988,2.8958,2.8973,2.9018,2.9038,2.9008,2.9023,12
2026-01-09 22:25:00,2.8968,2.8978,2.8958,2.8963,2.9018,2.9028,2.9008,2.9013,12
2026-01-09 22:26:00,2.8968,2.8983,2.8968,2.8983,2.9018,2.9033,2.9018,2.9033,5
2026-01-09 22:27:00,2.8988,2.9058,2.8988,2.9018,2.9038,2.9108,2.9038,2.9068,25
2026-01-09 22:28:00,2.9013,2.9018,2.8998,2.8998,2.9063,2.9068,2.9048,2.9048,5
2026-01-09 22:29:00,2.8993,2.9018,2.8993,2.9013,2.9043,2.9068,2.9043,2.9063,13
2026-01-09 22:30:00,2.9018,2.9018,2.8998,2.8998,2.9068,2.9068,2.9048,2.9048,4
2026-01-09 22:31:00,2.8993,2.8998,2.8988,2.8988,2.9043,2.9048,2.9038,2.9038,9
2026-01-09 22:32:00,2.8978,2.8988,2.8968,2.8978,2.9028,2.9038,2.9018,2.9028,11
2026-01-09 22:33:00,2.8973,2.8973,2.8953,2.8953,2.9023,2.9023,2.9003,2.9003,5
2026-01-09 22:34:00,2.8948,2.8978,2.8948,2.8973,2.8998,2.9028,2.8998,2.9023,7
2026-01-09 22:35:00,2.8978,2.8983,2.8963,2.8968,2.9028,2.9033,2.9013,2.9018,8
2026-01-09 22:36:00,2.8963,2.8963,2.8943,2.8953,2.9013,2.9013,2.8993,2.9003,10
2026-01-09 22:37:00,2.8943,2.8943,2.8928,2.8928,2.8993,2.8993,2.8978,2.8978,4
2026-01-09 22:38:00,2.8938,2.8938,2.8928,2.8938,2.8988,2.8988,2.8978,2.8988,9
2026-01-09 22:39:00,2.8933,2.8938,2.8918,2.8923,2.8983,2.8988,2.8968,2.8973,6
2026-01-09 22:40:00,2.8913,2.8918,2.8903,2.8903,2.8963,2.8968,2.8953,2.8953,4
2026-01-09 22:41:00,2.8908,2.8923,2.8908,2.8908,2.8958,2.8973,2.8958,2.8958,7
2026-01-09 22:42:00,2.8918,2.8923,2.8908,2.8908,2.8968,2.8973,2.8958,2.8958,14
2026-01-09 22:43:00,2.8918,2.8933,2.8918,2.8933,2.8968,2.8983,2.8968,2.8983,6
2026-01-09 22:44:00,2.8928,2.8938,2.8913,2.8913,2.8978,2.8988,2.8963,2.8963,10
2026-01-09 22:45:00,2.8908,2.8913,2.8898,2.8903,2.8958,2.8963,2.8948,2.8953,6
2026-01-09 22:46:00,2.8898,2.8933,2.8898,2.8913,2.8948,2.8983,2.8948,2.8963,7
2026-01-09 22:47:00,2.8908,2.8908,2.8898,2.8903,2.8958,2.8958,2.8948,2.8953,3
2026-01-09 22:48:00,2.8898,2.8898,2.8883,2.8898,2.8948,2.8948,2.8933,2.8948,10
2026-01-09 22:49:00,2.8893,2.8893,2.8888,2.8888,2.8943,2.8943,2.8938,2.8938,4
2026-01-09 22:50:00,2.8883,2.8888,2.8868,2.8888,2.8933,2.8938,2.8918,2.8938,10
2026-01-09 22:51:00,2.8883,2.8898,2.8883,2.8883,2.8933,2.8948,2.8933,2.8933,6
2026-01-09 22:52:00,2.8878,2.8878,2.8858,2.8858,2.8928,2.8928,2.8908,2.8908,12
2026-01-09 22:53:00,2.8848,2.8858,2.8828,2.8833,2.8898,2.8908,2.8878,2.8883,16
2026-01-09 22:54:00,2.8828,2.8828,2.8818,2.8818,2.8878,2.8878,2.8868,2.8868,2
2026-01-09 22:55:00,2.8813,2.8828,2.8813,2.8818,2.8863,2.8878,2.8863,2.8868,7
2026-01-09 22:56:00,2.8838,2.8838,2.8808,2.8818,2.8888,2.8888,2.8858,2.8868,13
2026-01-09 22:57:00,2.8808,2.8828,2.8808,2.8818,2.8858,2.8878,2.8858,2.8868,8
2026-01-09 22:58:00,2.8828,2.8828,2.8818,2.8818,2.8878,2.8878,2.8868,2.8868,10
2026-01-09 22:59:00,2.8823,2.8894,2.8788,2.8884,2.8873,2.8944,2.8838,2.8934,29
2026-01-12 00:00:00,3.0032,3.0097,2.9787,2.9812,3.0082,3.0147,2.9837,2.9862,145
2026-01-12 00:01:00,2.9817,2.9847,2.9807,2.9817,2.9867,2.9897,2.9857,2.9867,6
2026-01-12 00:02:00,2.9937,2.9937,2.9787,2.9787,2.9987,2.9987,2.9837,2.9837,43
2026-01-12 00:03:00,2.9777,2.9792,2.9707,2.9707,2.9827,2.9842,2.9757,2.9757,59
2026-01-12 00:04:00,2.9692,2.9772,2.9652,2.9727,2.9742,2.9822,2.9702,2.9777,51
2026-01-12 00:05:00,2.9742,2.9757,2.9602,2.9627,2.9792,2.9807,2.9652,2.9677,53
2026-01-12 00:06:00,2.9632,2.9647,2.9612,2.9632,2.9682,2.9697,2.9662,2.9682,28
2026-01-12 00:07:00,2.9617,2.9637,2.9592,2.9602,2.9667,2.9687,2.9642,2.9652,24
2026-01-12 00:08:00,2.9597,2.9597,2.9552,2.9567,2.9647,2.9647,2.9602,2.9617,44
2026-01-12 00:09:00,2.9572,2.9637,2.9572,2.9617,2.9622,2.9687,2.9622,2.9667,33
2026-01-12 00:10:00,2.9612,2.9712,2.9607,2.9697,2.9662,2.9762,2.9657,2.9747,41
2026-01-12 00:11:00,2.9677,2.9707,2.9667,2.9707,2.9727,2.9757,2.9717,2.9757,24
2026-01-12 00:12:00,2.9712,2.9737,2.9667,2.9667,2.9762,2.9787,2.9717,2.9717,18
2026-01-12 00:13:00,2.9672,2.9752,2.9667,2.9677,2.9722,2.9802,2.9717,2.9727,40
2026-01-12 00:14:00,2.9682,2.9717,2.9682,2.9702,2.9732,2.9767,2.9732,2.9752,11
2026-01-12 00:15:00,2.9707,2.9717,2.9607,2.9612,2.9757,2.9767,2.9657,2.9662,18
2026-01-12 00:16:00,2.9602,2.9617,2.9507,2.9537,2.9652,2.9667,2.9557,2.9587,32
2026-01-12 00:17:00,2.9542,2.9587,2.9532,2.9552,2.9592,2.9637,2.9582,2.9602,27
2026-01-12 00:18:00,2.9547,2.9572,2.9507,2.9532,2.9597,2.9622,2.9557,2.9582,26
2026-01-12 00:19:00,2.9537,2.9567,2.9517,2.9567,2.9587,2.9617,2.9567,2.9617,11
2026-01-12 00:20:00,2.9572,2.9592,2.9552,2.9592,2.9622,2.9642,2.9602,2.9642,15
2026-01-12 00:21:00,2.9597,2.9602,2.9587,2.9597,2.9647,2.9652,2.9637,2.9647,7
2026-01-12 00:22:00,2.9607,2.9617,2.9582,2.9617,2.9657,2.9667,2.9632,2.9667,9
2026-01-12 00:23:00,2.9622,2.9627,2.9607,2.9617,2.9672,2.9677,2.9657,2.9667,5
2026-01-12 00:24:00,2.9622,2.9647,2.9622,2.9637,2.9672,2.9697,2.9672,2.9687,8
2026-01-12 00:25:00,2.9627,2.9647,2.9607,2.9637,2.9677,2.9697,2.9657,2.9687,16
2026-01-12 00:26:00,2.9642,2.9682,2.9642,2.9667,2.9692,2.9732,2.9692,2.9717,13
2026-01-12 00:27:00,2.9677,2.9742,2.9677,2.9727,2.9727,2.9792,2.9727,2.9777,21
2026-01-12 00:28:00,2.9737,2.9737,2.9707,2.9722,2.9787,2.9787,2.9757,2.9772,6
2026-01-12 00:29:00,2.9727,2.9747,2.9687,2.9687,2.9777,2.9797,2.9737,2.9737,12
2026-01-12 00:30:00,2.9692,2.9727,2.9692,2.9697,2.9742,2.9777,2.9742,2.9747,12
2026-01-12 00:31:00,2.9687,2.9707,2.9687,2.9687,2.9737,2.9757,2.9737,2.9737,11
2026-01-12 00:32:00,2.9702,2.9727,2.9657,2.9672,2.9752,2.9777,2.9707,2.9722,23
2026-01-12 00:33:00,2.9677,2.9712,2.9677,2.9712,2.9727,2.9762,2.9727,2.9762,6
2026-01-12 00:34:00,2.9707,2.9712,2.9692,2.9692,2.9757,2.9762,2.9742,2.9742,5
2026-01-12 00:35:00,2.9697,2.9697,2.9637,2.9652,2.9747,2.9747,2.9687,2.9702,19
2026-01-12 00:36:00,2.9657,2.9667,2.9617,2.9667,2.9707,2.9717,2.9667,2.9717,15
2026-01-12 00:37:00,2.9662,2.9702,2.9647,2.9702,2.9712,2.9752,2.9697,2.9752,11
2026-01-12 00:38:00,2.9707,2.9727,2.9707,2.9712,2.9757,2.9777,2.9757,2.9762,10
2026-01-12 00:39:00,2.9707,2.9722,2.9697,2.9707,2.9757,2.9772,2.9747,2.9757,8
2026-01-12 00:40:00,2.9712,2.9712,2.9672,2.9687,2.9762,2.9762,2.9722,2.9737,8
2026-01-12 00:41:00,2.9677,2.9702,2.9667,2.9697,2.9727,2.9752,2.9717,2.9747,11
2026-01-12 00:42:00,2.9702,2.9702,2.9667,2.9672,2.9752,2.9752,2.9717,2.9722,9
2026-01-12 00:43:00,2.9677,2.9702,2.9642,2.9652,2.9727,2.9752,2.9692,2.9702,15
2026-01-12 00:44:00,2.9647,2.9657,2.9632,2.9632,2.9697,2.9707,2.9682,2.9682,6
2026-01-12 00:45:00,2.9647,2.9667,2.9637,2.9667,2.9697,2.9717,2.9687,2.9717,9
2026-01-12 00:46:00,2.9662,2.9707,2.9662,2.9707,2.9712,2.9757,2.9712,2.9757,6
2026-01-12 00:47:00,2.9717,2.9737,2.9717,2.9717,2.9767,2.9787,2.9767,2.9767,10
2026-01-12 00:48:00,2.9687,2.9687,2.9657,2.9662,2.9737,2.9737,2.9707,2.9712,14
2026-01-12 00:49:00,2.9667,2.9677,2.9657,2.9672,2.9717,2.9727,2.9707,2.9722,7
2026-01-12 00:50:00,2.9677,2.9677,2.9667,2.9672,2.9727,2.9727,2.9717,2.9722,15
2026-01-12 00:51:00,2.9667,2.9667,2.9657,2.9657,2.9717,2.9717,2.9707,2.9707,6
2026-01-12 00:52:00,2.9662,2.9662,2.9632,2.9647,2.9712,2.9712,2.9682,2.9697,6
2026-01-12 00:53:00,2.9652,2.9672,2.9652,2.9667,2.9702,2.9722,2.9702,2.9717,9
2026-01-12 00:54:00,2.9672,2.9677,2.9667,2.9672,2.9722,2.9727,2.9717,2.9722,8
2026-01-12 00:55:00,2.9667,2.9672,2.9667,2.9672,2.9717,2.9722,2.9717,2.9722,6
2026-01-12 00:56:00,2.9667,2.9667,2.9647,2.9647,2.9717,2.9717,2.9697,2.9697,6
2026-01-12 00:57:00,2.9652,2.9672,2.9652,2.9672,2.9702,2.9722,2.9702,2.9722,4
2026-01-12 00:58:00,2.9667,2.9672,2.9632,2.9632,2.9717,2.9722,2.9682,2.9682,18
2026-01-12 00:59:00,2.9637,2.9667,2.9637,2.9667,2.9687,2.9717,2.9687,2.9717,7
2026-01-12 01:00:00,2.9672,2.9677,2.9662,2.9667,2.9722,2.9727,2.9712,2.9717,11
2026-01-12 01:01:00,2.9672,2.9677,2.9647,2.9667,2.9722,2.9727,2.9697,2.9717,9
2026-01-12 01:02:00,2.9662,2.9677,2.9657,2.9672,2.9712,2.9727,2.9707,2.9722,10
2026-01-12 01:03:00,2.9662,2.9662,2.9577,2.9592,2.9712,2.9712,2.9627,2.9642,24
2026-01-12 01:04:00,2.9587,2.9587,2.9547,2.9587,2.9637,2.9637,2.9597,2.9637,17
2026-01-12 01:05:00,2.9597,2.9602,2.9552,2.9577,2.9647,2.9652,2.9602,2.9627,17
2026-01-12 01:06:00,2.9572,2.9577,2.9552,2.9557,2.9622,2.9627,2.9602,2.9607,10
2026-01-12 01:07:00,2.9527,2.9562,2.9527,2.9562,2.9577,2.9612,2.9577,2.9612,13
2026-01-12 01:08:00,2.9567,2.9567,2.9547,2.9557,2.9617,2.9617,2.9597,2.9607,10
2026-01-12 01:09:00,2.9547,2.9567,2.9547,2.9562,2.9597,2.9617,2.9597,2.9612,6
2026-01-12 01:10:00,2.9567,2.9567,2.9567,2.9567,2.9617,2.9617,2.9617,2.9617,1
2026-01-12 01:11:00,2.9562,2.9602,2.9557,2.9602,2.9612,2.9652,2.9607,2.9652,8
2026-01-12 01:12:00,2.9597,2.9597,2.9557,2.9562,2.9647,2.9647,2.9607,2.9612,16
2026-01-12 01:13:00,2.9567,2.9577,2.9557,2.9567,2.9617,2.9627,2.9607,2.9617,11
2026-01-12 01:14:00,2.9562,2.9587,2.9557,2.9582,2.9612,2.9637,2.9607,2.9632,11
2026-01-12 01:15:00,2.9577,2.9582,2.9547,2.9562,2.9627,2.9632,2.9597,2.9612,8
2026-01-12 01:16:00,2.9557,2.9557,2.9527,2.9552,2.9607,2.9607,2.9577,2.9602,5
2026-01-12 01:17:00,2.9547,2.9547,2.9397,2.9427,2.9597,2.9597,2.9447,2.9477,33
2026-01-12 01:18:00,2.9407,2.9437,2.9392,2.9407,2.9457,2.9487,2.9442,2.9457,25
2026-01-12 01:19:00,2.9417,2.9447,2.9417,2.9447,2.9467,2.9497,2.9467,2.9497,10
2026-01-12 01:20:00,2.9452,2.9467,2.9452,2.9467,2.9502,2.9517,2.9502,2.9517,8
2026-01-12 01:21:00,2.9472,2.9472,2.9442,2.9457,2.9522,2.9522,2.9492,2.9507,12
2026-01-12 01:23:00,2.9462,2.9467,2.9462,2.9467,2.9512,2.9517,2.9512,2.9517,2
2026-01-12 01:24:00,2.9472,2.9487,2.9467,2.9477,2.9522,2.9537,2.9517,2.9527,6
2026-01-12 01:25:00,2.9482,2.9482,2.9447,2.9457,2.9532,2.9532,2.9497,2.9507,8
2026-01-12 01:26:00,2.9452,2.9452,2.9407,2.9417,2.9502,2.9502,2.9457,2.9467,14
2026-01-12 01:27:00,2.9422,2.9432,2.9417,2.9432,2.9472,2.9482,2.9467,2.9482,8
2026-01-12 01:28:00,2.9437,2.9482,2.9437,2.9477,2.9487,2.9532,2.9487,2.9527,11
2026-01-12 01:29:00,2.9467,2.9487,2.9467,2.9487,2.9517,2.9537,2.9517,2.9537,8
2026-01-12 01:30:00,2.9482,2.9492,2.9477,2.9492,2.9532,2.9542,2.9527,2.9542,7
2026-01-12 01:31:00,2.9487,2.9497,2.9487,2.9497,2.9537,2.9547,2.9537,2.9547,5
2026-01-12 01:32:00,2.9487,2.9492,2.9457,2.9462,2.9537,2.9542,2.9507,2.9512,10
2026-01-12 01:33:00,2.9467,2.9467,2.9467,2.9467,2.9517,2.9517,2.9517,2.9517,1
2026-01-12 01:34:00,2.9462,2.9462,2.9457,2.9457,2.9512,2.9512,2.9507,2.9507,2
2026-01-12 01:35:00,2.9467,2.9472,2.9467,2.9472,2.9517,2.9522,2.9517,2.9522,2
2026-01-12 01:36:00,2.9477,2.9477,2.9452,2.9452,2.9527,2.9527,2.9502,2.9502,4
2026-01-12 01:37:00,2.9457,2.9467,2.9457,2.9462,2.9507,2.9517,2.9507,2.9512,8
2026-01-12 01:38:00,2.9467,2.9467,2.9457,2.9457,2.9517,2.9517,2.9507,2.9507,3
2026-01-12 01:39:00,2.9462,2.9497,2.9462,2.9497,2.9512,2.9547,2.9512,2.9547,7
2026-01-12 01:40:00,2.9502,2.9502,2.9487,2.9487,2.9552,2.9552,2.9537,2.9537,3
2026-01-12 01:41:00,2.9482,2.9507,2.9482,2.9487,2.9532,2.9557,2.9532,2.9537,7
2026-01-12 01:42:00,2.9492,2.9492,2.9477,2.9482,2.9542,2.9542,2.9527,2.9532,6
2026-01-12 01:43:00,2.9477,2.9487,2.9467,2.9482,2.9527,2.9537,2.9517,2.9532,5
2026-01-12 01:44:00,2.9487,2.9492,2.9472,2.9477,2.9537,2.9542,2.9522,2.9527,7
2026-01-12 01:45:00,2.9472,2.9472,2.9457,2.9462,2.9522,2.9522,2.9507,2.9512,5
2026-01-12 01:46:00,2.9457,2.9482,2.9452,2.9477,2.9507,2.9532,2.9502,2.9527,8
2026-01-12 01:47:00,2.9472,2.9487,2.9472,2.9472,2.9522,2.9537,2.9522,2.9522,5
2026-01-12 01:48:00,2.9477,2.9502,2.9477,2.9502,2.9527,2.9552,2.9527,2.9552,7
2026-01-12 01:49:00,2.9507,2.9507,2.9497,2.9497,2.9557,2.9557,2.9547,2.9547,2
2026-01-12 01:50:00,2.9487,2.9502,2.9487,2.9502,2.9537,2.9552,2.9537,2.9552,3
2026-01-12 01:51:00,2.9517,2.9552,2.9517,2.9542,2.9567,2.9602,2.9567,2.9592,18
2026-01-12 01:52:00,2.9552,2.9552,2.9517,2.9522,2.9602,2.9602,2.9567,2.9572,13
2026-01-12 01:53:00,2.9532,2.9547,2.9522,2.9547,2.9582,2.9597,2.9572,2.9597,10
2026-01-12 01:54:00,2.9542,2.9547,2.9522,2.9532,2.9592,2.9597,2.9572,2.9582,7
2026-01-12 01:55:00,2.9537,2.9557,2.9537,2.9552,2.9587,2.9607,2.9587,2.9602,7
2026-01-12 01:56:00,2.9557,2.9597,2.9557,2.9567,2.9607,2.9647,2.9607,2.9617,11
2026-01-12 01:57:00,2.9572,2.9597,2.9567,2.9582,2.9622,2.9647,2.9617,2.9632,12
2026-01-12 01:58:00,2.9577,2.9597,2.9577,2.9597,2.9627,2.9647,2.9627,2.9647,3
2026-01-12 01:59:00,2.9582,2.9582,2.9567,2.9572,2.9632,2.9632,2.9617,2.9622,4
2026-01-12 02:00:00,2.9562,2.9562,2.9417,2.9432,2.9612,2.9612,2.9467,2.9482,41
2026-01-12 02:01:00,2.9422,2.9442,2.9422,2.9432,2.9472,2.9492,2.9472,2.9482,11
2026-01-12 02:02:00,2.9427,2.9437,2.9417,2.9422,2.9477,2.9487,2.9467,2.9472,7
2026-01-12 02:03:00,2.9417,2.9422,2.9407,2.9407,2.9467,2.9472,2.9457,2.9457,9
2026-01-12 02:04:00,2.9412,2.9447,2.9407,2.9427,2.9462,2.9497,2.9457,2.9477,18
2026-01-12 02:05:00,2.9422,2.9422,2.9337,2.9367,2.9472,2.9472,2.9387,2.9417,25
2026-01-12 02:06:00,2.9362,2.9367,2.9337,2.9362,2.9412,2.9417,2.9387,2.9412,18
2026-01-12 02:07:00,2.9352,2.9352,2.9312,2.9312,2.9402,2.9402,2.9362,2.9362,17
2026-01-12 02:08:00,2.9317,2.9317,2.9307,2.9307,2.9367,2.9367,2.9357,2.9357,5
2026-01-12 02:09:00,2.9302,2.9372,2.9297,2.9367,2.9352,2.9422,2.9347,2.9417,27
2026-01-12 02:10:00,2.9372,2.9377,2.9357,2.9357,2.9422,2.9427,2.9407,2.9407,6
2026-01-12 02:11:00,2.9352,2.9357,2.9317,2.9327,2.9402,2.9407,2.9367,2.9377,10
2026-01-12 02:12:00,2.9332,2.9392,2.9332,2.9387,2.9382,2.9442,2.9382,2.9437,11
2026-01-12 02:13:00,2.9392,2.9397,2.9377,2.9377,2.9442,2.9447,2.9427,2.9427,5
2026-01-12 02:15:00,2.9392,2.9402,2.9392,2.9397,2.9442,2.9452,2.9442,2.9447,3
2026-01-12 02:16:00,2.9387,2.9402,2.9387,2.9402,2.9437,2.9452,2.9437,2.9452,3
2026-01-12 02:17:00,2.9397,2.9407,2.9397,2.9397,2.9447,2.9457,2.9447,2.9447,3
2026-01-12 02:18:00,2.9407,2.9417,2.9407,2.9417,2.9457,2.9467,2.9457,2.9467,2
2026-01-12 02:19:00,2.9422,2.9422,2.9422,2.9422,2.9472,2.9472,2.9472,2.9472,1
2026-01-12 02:20:00,2.9427,2.9427,2.9417,2.9427,2.9477,2.9477,2.9467,2.9477,3
2026-01-12 02:21:00,2.9422,2.9422,2.9407,2.9407,2.9472,2.9472,2.9457,2.9457,5
2026-01-12 02:22:00,2.9402,2.9402,2.9397,2.9397,2.9452,2.9452,2.9447,2.9447,2
2026-01-12 02:23:00,2.9402,2.9407,2.9367,2.9397,2.9452,2.9457,2.9417,2.9447,9
2026-01-12 02:24:00,2.9407,2.9407,2.9402,2.9402,2.9457,2.9457,2.9452,2.9452,2
2026-01-12 02:26:00,2.9397,2.9407,2.9397,2.9407,2.9447,2.9457,2.9447,2.9457,3
2026-01-12 02:27:00,2.9402,2.9432,2.9402,2.9407,2.9452,2.9482,2.9452,2.9457,14
2026-01-12 02:28:00,2.9422,2.9422,2.9417,2.9422,2.9472,2.9472,2.9467,2.9472,3
2026-01-12 02:29:00,2.9427,2.9472,2.9427,2.9467,2.9477,2.9522,2.9477,2.9517,8
2026-01-12 02:30:00,2.9462,2.9497,2.9462,2.9492,2.9512,2.9547,2.9512,2.9542,10
2026-01-12 02:31:00,2.9497,2.9497,2.9452,2.9467,2.9547,2.9547,2.9502,2.9517,11
2026-01-12 02:32:00,2.9462,2.9467,2.9452,2.9452,2.9512,2.9517,2.9502,2.9502,3
2026-01-12 02:33:00,2.9447,2.9447,2.9447,2.9447,2.9497,2.9497,2.9497,2.9497,1
2026-01-12 02:34:00,2.9452,2.9457,2.9452,2.9452,2.9502,2.9507,2.9502,2.9502,5
2026-01-12 02:36:00,2.9437,2.9437,2.9432,2.9432,2.9487,2.9487,2.9482,2.9482,2
2026-01-12 02:38:00,2.9427,2.9432,2.9427,2.9432,2.9477,2.9482,2.9477,2.9482,2
2026-01-12 02:39:00,2.9427,2.9427,2.9417,2.9427,2.9477,2.9477,2.9467,2.9477,4
2026-01-12 02:40:00,2.9422,2.9422,2.9412,2.9417,2.9472,2.9472,2.9462,2.9467,3
2026-01-12 02:41:00,2.9412,2.9412,2.9412,2.9412,2.9462,2.9462,2.9462,2.9462,1
2026-01-12 02:42:00,2.9407,2.9407,2.9387,2.9387,2.9457,2.9457,2.9437,2.9437,6
2026-01-12 02:43:00,2.9392,2.9412,2.9387,2.9407,2.9442,2.9462,2.9437,2.9457,9
2026-01-12 02:44:00,2.9402,2.9402,2.9397,2.9397,2.9452,2.9452,2.9447,2.9447,2
2026-01-12 02:45:00,2.9407,2.9412,2.9407,2.9407,2.9457,2.9462,2.9457,2.9457,3
2026-01-12 02:46:00,2.9397,2.9402,2.9387,2.9402,2.9447,2.9452,2.9437,2.9452,6
2026-01-12 02:47:00,2.9392,2.9392,2.9387,2.9387,2.9442,2.9442,2.9437,2.9437,4
2026-01-12 02:48:00,2.9392,2.9392,2.9392,2.9392,2.9442,2.9442,2.9442,2.9442,1
2026-01-12 02:49:00,2.9397,2.9402,2.9397,2.9402,2.9447,2.9452,2.9447,2.9452,2
2026-01-12 02:50:00,2.9407,2.9417,2.9397,2.9397,2.9457,2.9467,2.9447,2.9447,5
2026-01-12 02:51:00,2.9402,2.9427,2.9402,2.9427,2.9452,2.9477,2.9452,2.9477,6
2026-01-12 02:52:00,2.9432,2.9432,2.9427,2.9432,2.9482,2.9482,2.9477,2.9482,5
2026-01-12 02:54:00,2.9437,2.9437,2.9397,2.9407,2.9487,2.9487,2.9447,2.9457,5
2026-01-12 02:55:00,2.9417,2.9432,2.9417,2.9432,2.9467,2.9482,2.9467,2.9482,2
2026-01-12 02:56:00,2.9437,2.9437,2.9417,2.9427,2.9487,2.9487,2.9467,2.9477,10
2026-01-12 02:57:00,2.9432,2.9432,2.9427,2.9427,2.9482,2.9482,2.9477,2.9477,2
2026-01-12 02:58:00,2.9422,2.9442,2.9422,2.9442,2.9472,2.9492,2.9472,2.9492,4
2026-01-12 02:59:00,2.9447,2.9447,2.9427,2.9432,2.9497,2.9497,2.9477,2.9482,5
2026-01-12 03:00:00,2.9427,2.9477,2.9427,2.9477,2.9477,2.9527,2.9477,2.9527,9
2026-01-12 03:01:00,2.9472,2.9497,2.9472,2.9482,2.9522,2.9547,2.9522,2.9532,6
2026-01-12 03:02:00,2.9472,2.9477,2.9472,2.9477,2.9522,2.9527,2.9522,2.9527,4
2026-01-12 03:03:00,2.9487,2.9507,2.9487,2.9502,2.9537,2.9557,2.9537,2.9552,6
2026-01-12 03:04:00,2.9507,2.9507,2.9482,2.9487,2.9557,2.9557,2.9532,2.9537,9
2026-01-12 03:05:00,2.9477,2.9477,2.9457,2.9472,2.9527,2.9527,2.9507,2.9522,8
2026-01-12 03:06:00,2.9477,2.9482,2.9477,2.9482,2.9527,2.9532,2.9527,2.9532,2
2026-01-12 03:07:00,2.9487,2.9497,2.9477,2.9477,2.9537,2.9547,2.9527,2.9527,6
2026-01-12 03:08:00,2.9487,2.9487,2.9487,2.9487,2.9537,2.9537,2.9537,2.9537,1
2026-01-12 03:09:00,2.9492,2.9492,2.9487,2.9487,2.9542,2.9542,2.9537,2.9537,4
2026-01-12 03:10:00,2.9497,2.9507,2.9497,2.9497,2.9547,2.9557,2.9547,2.9547,3
2026-01-12 03:11:00,2.9507,2.9507,2.9507,2.9507,2.9557,2.9557,2.9557,2.9557,1
2026-01-12 03:12:00,2.9497,2.9497,2.9477,2.9487,2.9547,2.9547,2.9527,2.9537,7
2026-01-12 03:13:00,2.9492,2.9497,2.9492,2.9497,2.9542,2.9547,2.9542,2.9547,2
2026-01-12 03:14:00,2.9492,2.9492,2.9492,2.9492,2.9542,2.9542,2.9542,2.9542,1
2026-01-12 03:15:00,2.9482,2.9497,2.9482,2.9497,2.9532,2.9547,2.9532,2.9547,3
2026-01-12 03:17:00,2.9507,2.9507,2.9497,2.9497,2.9557,2.9557,2.9547,2.9547,2
2026-01-12 03:18:00,2.9502,2.9502,2.9487,2.9492,2.9552,2.9552,2.9537,2.9542,4
2026-01-12 03:19:00,2.9497,2.9497,2.9497,2.9497,2.9547,2.9547,2.9547,2.9547,1
2026-01-12 03:20:00,2.9507,2.9507,2.9502,2.9502,2.9557,2.9557,2.9552,2.9552,2
2026-01-12 03:21:00,2.9497,2.9497,2.9487,2.9487,2.9547,2.9547,2.9537,2.9537,3
2026-01-12 03:22:00,2.9492,2.9492,2.9487,2.9487,2.9542,2.9542,2.9537,2.9537,2
2026-01-12 03:23:00,2.9492,2.9497,2.9487,2.9497,2.9542,2.9547,2.9537,2.9547,5
2026-01-12 03:24:00,2.9487,2.9487,2.9487,2.9487,2.9537,2.9537,2.9537,2.9537,1
2026-01-12 03:26:00,2.9492,2.9492,2.9487,2.9487,2.9542,2.9542,2.9537,2.9537,2
2026-01-12 03:27:00,2.9477,2.9477,2.9457,2.9457,2.9527,2.9527,2.9507,2.9507,3
2026-01-12 03:28:00,2.9462,2.9467,2.9462,2.9467,2.9512,2.9517,2.9512,2.9517,2
2026-01-12 03:29:00,2.9462,2.9462,2.9462,2.9462,2.9512,2.9512,2.9512,2.9512,1
2026-01-12 03:30:00,2.9457,2.9457,2.9437,2.9447,2.9507,2.9507,2.9487,2.9497,5
2026-01-12 03:31:00,2.9442,2.9447,2.9427,2.9427,2.9492,2.9497,2.9477,2.9477,6
2026-01-12 03:33:00,2.9437,2.9447,2.9437,2.9447,2.9487,2.9497,2.9487,2.9497,3
2026-01-12 03:34:00,2.9437,2.9437,2.9417,2.9427,2.9487,2.9487,2.9467,2.9477,5
2026-01-12 03:35:00,2.9422,2.9427,2.9417,2.9417,2.9472,2.9477,2.9467,2.9467,3
2026-01-12 03:36:00,2.9412,2.9422,2.9397,2.9417,2.9462,2.9472,2.9447,2.9467,6
2026-01-12 03:37:00,2.9422,2.9422,2.9417,2.9417,2.9472,2.9472,2.9467,2.9467,4
2026-01-12 03:38:00,2.9422,2.9422,2.9422,2.9422,2.9472,2.9472,2.9472,2.9472,1
2026-01-12 03:40:00,2.9427,2.9427,2.9427,2.9427,2.9477,2.9477,2.9477,2.9477,1
2026-01-12 03:41:00,2.9432,2.9442,2.9432,2.9442,2.9482,2.9492,2.9482,2.9492,5
2026-01-12 03:42:00,2.9437,2.9437,2.9437,2.9437,2.9487,2.9487,2.9487,2.9487,1
2026-01-12 03:43:00,2.9427,2.9432,2.9427,2.9432,2.9477,2.9482,2.9477,2.9482,2
2026-01-12 03:44:00,2.9437,2.9437,2.9432,2.9432,2.9487,2.9487,2.9482,2.9482,2
2026-01-12 03:45:00,2.9427,2.9432,2.9427,2.9432,2.9477,2.9482,2.9477,2.9482,2
2026-01-12 03:46:00,2.9442,2.9442,2.9442,2.9442,2.9492,2.9492,2.9492,2.9492,1
2026-01-12 03:47:00,2.9447,2.9447,2.9407,2.9442,2.9497,2.9497,2.9457,2.9492,12
2026-01-12 03:48:00,2.9437,2.9442,2.9427,2.9442,2.9487,2.9492,2.9477,2.9492,4
2026-01-12 03:50:00,2.9452,2.9457,2.9452,2.9457,2.9502,2.9507,2.9502,2.9507,2
2026-01-12 03:51:00,2.9452,2.9467,2.9452,2.9467,2.9502,2.9517,2.9502,2.9517,4
2026-01-12 03:53:00,2.9472,2.9472,2.9467,2.9467,2.9522,2.9522,2.9517,2.9517,2
2026-01-12 03:54:00,2.9472,2.9472,2.9472,2.9472,2.9522,2.9522,2.9522,2.9522,1
2026-01-12 03:55:00,2.9467,2.9472,2.9467,2.9467,2.9517,2.9522,2.9517,2.9517,5
2026-01-12 03:56:00,2.9462,2.9462,2.9457,2.9457,2.9512,2.9512,2.9507,2.9507,2
2026-01-12 03:57:00,2.9452,2.9457,2.9452,2.9457,2.9502,2.9507,2.9502,2.9507,2
2026-01-12 03:58:00,2.9452,2.9452,2.9442,2.9442,2.9502,2.9502,2.9492,2.9492,3
2026-01-12 03:59:00,2.9447,2.9447,2.9442,2.9447,2.9497,2.9497,2.9492,2.9497,3
2026-01-12 04:00:00,2.9457,2.9457,2.9447,2.9447,2.9507,2.9507,2.9497,2.9497,4
2026-01-12 04:01:00,2.9452,2.9452,2.9452,2.9452,2.9502,2.9502,2.9502,2.9502,1
2026-01-12 04:03:00,2.9457,2.9462,2.9457,2.9457,2.9507,2.9512,2.9507,2.9507,3
2026-01-12 04:04:00,2.9462,2.9482,2.9452,2.9482,2.9512,2.9532,2.9502,2.9532,7
2026-01-12 04:06:00,2.9472,2.9502,2.9472,2.9497,2.9522,2.9552,2.9522,2.9547,9
2026-01-12 04:07:00,2.9487,2.9487,2.9477,2.9487,2.9537,2.9537,2.9527,2.9537,3
2026-01-12 04:08:00,2.9472,2.9482,2.9472,2.9482,2.9522,2.9532,2.9522,2.9532,3
2026-01-12 04:10:00,2.9487,2.9487,2.9487,2.9487,2.9537,2.9537,2.9537,2.9537,1
2026-01-12 04:11:00,2.9492,2.9492,2.9492,2.9492,2.9542,2.9542,2.9542,2.9542,1
2026-01-12 04:12:00,2.9482,2.9482,2.9477,2.9482,2.9532,2.9532,2.9527,2.9532,5
2026-01-12 04:14:00,2.9477,2.9477,2.9477,2.9477,2.9527,2.9527,2.9527,2.9527,1
2026-01-12 04:15:00,2.9487,2.9487,2.9477,2.9477,2.9537,2.9537,2.9527,2.9527,2
2026-01-12 04:16:00,2.9482,2.9507,2.9482,2.9487,2.9532,2.9557,2.9532,2.9537,7
2026-01-12 04:17:00,2.9497,2.9547,2.9497,2.9527,2.9547,2.9597,2.9547,2.9577,13
2026-01-12 04:18:00,2.9517,2.9532,2.9507,2.9532,2.9567,2.9582,2.9557,2.9582,7
2026-01-12 04:20:00,2.9537,2.9537,2.9517,2.9517,2.9587,2.9587,2.9567,2.9567,3
2026-01-12 04:21:00,2.9527,2.9547,2.9527,2.9547,2.9577,2.9597,2.9577,2.9597,5
2026-01-12 04:22:00,2.9542,2.9542,2.9542,2.9542,2.9592,2.9592,2.9592,2.9592,1
2026-01-12 04:24:00,2.9547,2.9557,2.9547,2.9547,2.9597,2.9607,2.9597,2.9597,4
2026-01-12 04:25:00,2.9542,2.9542,2.9542,2.9542,2.9592,2.9592,2.9592,2.9592,1
2026-01-12 04:26:00,2.9547,2.9552,2.9547,2.9552,2.9597,2.9602,2.9597,2.9602,2
2026-01-12 04:27:00,2.9557,2.9562,2.9537,2.9537,2.9607,2.9612,2.9587,2.9587,5
2026-01-12 04:28:00,2.9552,2.9582,2.9552,2.9567,2.9602,2.9632,2.9602,2.9617,12
2026-01-12 04:29:00,2.9562,2.9567,2.9547,2.9557,2.9612,2.9617,2.9597,2.9607,8
2026-01-12 04:30:00,2.9552,2.9567,2.9517,2.9517,2.9602,2.9617,2.9567,2.9567,20
2026-01-12 04:31:00,2.9527,2.9527,2.9527,2.9527,2.9577,2.9577,2.9577,2.9577,1
2026-01-12 04:32:00,2.9532,2.9532,2.9497,2.9497,2.9582,2.9582,2.9547,2.9547,11
2026-01-12 04:33:00,2.9507,2.9517,2.9502,2.9507,2.9557,2.9567,2.9552,2.9557,4
2026-01-12 04:34:00,2.9517,2.9562,2.9517,2.9557,2.9567,2.9612,2.9567,2.9607,11
2026-01-12 04:35:00,2.9552,2.9552,2.9512,2.9512,2.9602,2.9602,2.9562,2.9562,11
2026-01-12 04:36:00,2.9522,2.9527,2.9512,2.9517,2.9572,2.9577,2.9562,2.9567,6
2026-01-12 04:37:00,2.9527,2.9587,2.9467,2.9587,2.9577,2.9637,2.9517,2.9637,19
2026-01-12 04:38:00,2.9582,2.9617,2.9582,2.9587,2.9632,2.9667,2.9632,2.9637,26
2026-01-12 04:39:00,2.9582,2.9587,2.9582,2.9587,2.9632,2.9637,2.9632,2.9637,8
2026-01-12 04:40:00,2.9592,2.9602,2.9587,2.9597,2.9642,2.9652,2.9637,2.9647,6
2026-01-12 04:41:00,2.9592,2.9607,2.9592,2.9602,2.9642,2.9657,2.9642,2.9652,7
2026-01-12 04:42:00,2.9597,2.9597,2.9587,2.9587,2.9647,2.9647,2.9637,2.9637,5
2026-01-12 04:43:00,2.9592,2.9592,2.9592,2.9592,2.9642,2.9642,2.9642,2.9642,1
2026-01-12 04:44:00,2.9582,2.9582,2.9572,2.9572,2.9632,2.9632,2.9622,2.9622,5
2026-01-12 04:45:00,2.9567,2.9572,2.9567,2.9572,2.9617,2.9622,2.9617,2.9622,2
2026-01-12 04:46:00,2.9567,2.9577,2.9567,2.9577,2.9617,2.9627,2.9617,2.9627,3
2026-01-12 04:47:00,2.9587,2.9587,2.9577,2.9587,2.9637,2.9637,2.9627,2.9637,5
2026-01-12 04:48:00,2.9582,2.9587,2.9582,2.9582,2.9632,2.9637,2.9632,2.9632,3
2026-01-12 04:49:00,2.9587,2.9587,2.9582,2.9582,2.9637,2.9637,2.9632,2.9632,8
2026-01-12 04:50:00,2.9577,2.9577,2.9577,2.9577,2.9627,2.9627,2.9627,2.9627,1
2026-01-12 04:51:00,2.9572,2.9587,2.9572,2.9582,2.9622,2.9637,2.9622,2.9632,4
2026-01-12 04:52:00,2.9587,2.9607,2.9587,2.9602,2.9637,2.9657,2.9637,2.9652,12
2026-01-12 04:53:00,2.9592,2.9592,2.9577,2.9587,2.9642,2.9642,2.9627,2.9637,10
2026-01-12 04:55:00,2.9582,2.9587,2.9582,2.9587,2.9632,2.9637,2.9632,2.9637,4
2026-01-12 04:56:00,2.9582,2.9582,2.9567,2.9567,2.9632,2.9632,2.9617,2.9617,4
2026-01-12 04:57:00,2.9562,2.9562,2.9562,2.9562,2.9612,2.9612,2.9612,2.9612,1
2026-01-12 04:58:00,2.9557,2.9557,2.9507,2.9512,2.9607,2.9607,2.9557,2.9562,14
2026-01-12 04:59:00,2.9507,2.9517,2.9502,2.9512,2.9557,2.9567,2.9552,2.9562,5
2026-01-12 05:00:00,2.9507,2.9537,2.9507,2.9537,2.9557,2.9587,2.9557,2.9587,5
2026-01-12 05:01:00,2.9542,2.9547,2.9527,2.9532,2.9592,2.9597,2.9577,2.9582,7
2026-01-12 05:03:00,2.9537,2.9537,2.9537,2.9537,2.9587,2.9587,2.9587,2.9587,1
2026-01-12 05:04:00,2.9547,2.9547,2.9537,2.9537,2.9597,2.9597,2.9587,2.9587,4
2026-01-12 05:05:00,2.9542,2.9547,2.9527,2.9547,2.9592,2.9597,2.9577,2.9597,5
2026-01-12 05:06:00,2.9542,2.9547,2.9532,2.9547,2.9592,2.9597,2.9582,2.9597,5
2026-01-12 05:07:00,2.9542,2.9547,2.9542,2.9547,2.9592,2.9597,2.9592,2.9597,2
2026-01-12 05:08:00,2.9542,2.9547,2.9542,2.9547,2.9592,2.9597,2.9592,2.9597,2
2026-01-12 05:09:00,2.9537,2.9537,2.9527,2.9527,2.9587,2.9587,2.9577,2.9577,3
2026-01-12 05:10:00,2.9522,2.9547,2.9517,2.9542,2.9572,2.9597,2.9567,2.9592,12
2026-01-12 05:11:00,2.9537,2.9547,2.9537,2.9547,2.9587,2.9597,2.9587,2.9597,3
2026-01-12 05:13:00,2.9542,2.9542,2.9527,2.9527,2.9592,2.9592,2.9577,2.9577,3
2026-01-12 05:14:00,2.9522,2.9522,2.9507,2.9517,2.9572,2.9572,2.9557,2.9567,5
2026-01-12 05:15:00,2.9512,2.9517,2.9497,2.9497,2.9562,2.9567,2.9547,2.9547,5
2026-01-12 05:16:00,2.9502,2.9502,2.9477,2.9487,2.9552,2.9552,2.9527,2.9537,6
2026-01-12 05:17:00,2.9497,2.9507,2.9497,2.9497,2.9547,2.9557,2.9547,2.9547,4
2026-01-12 05:18:00,2.9492,2.9502,2.9492,2.9502,2.9542,2.9552,2.9542,2.9552,3
2026-01-12 05:19:00,2.9497,2.9497,2.9487,2.9487,2.9547,2.9547,2.9537,2.9537,3
2026-01-12 05:20:00,2.9492,2.9502,2.9487,2.9502,2.9542,2.9552,2.9537,2.9552,4
2026-01-12 05:21:00,2.9507,2.9507,2.9507,2.9507,2.9557,2.9557,2.9557,2.9557,1
2026-01-12 05:23:00,2.9497,2.9497,2.9492,2.9497,2.9547,2.9547,2.9542,2.9547,3
2026-01-12 05:24:00,2.9492,2.9492,2.9482,2.9487,2.9542,2.9542,2.9532,2.9537,4
2026-01-12 05:25:00,2.9482,2.9487,2.9472,2.9482,2.9532,2.9537,2.9522,2.9532,7
2026-01-12 05:26:00,2.9467,2.9472,2.9467,2.9467,2.9517,2.9522,2.9517,2.9517,3
2026-01-12 05:27:00,2.9477,2.9477,2.9437,2.9447,2.9527,2.9527,2.9487,2.9497,11
2026-01-12 05:28:00,2.9452,2.9467,2.9452,2.9467,2.9502,2.9517,2.9502,2.9517,3
2026-01-12 05:29:00,2.9472,2.9477,2.9467,2.9477,2.9522,2.9527,2.9517,2.9527,4
2026-01-12 05:30:00,2.9472,2.9472,2.9472,2.9472,2.9522,2.9522,2.9522,2.9522,1
2026-01-12 05:31:00,2.9467,2.9497,2.9467,2.9497,2.9517,2.9547,2.9517,2.9547,7
2026-01-12 05:32:00,2.9492,2.9492,2.9482,2.9487,2.9542,2.9542,2.9532,2.9537,4
2026-01-12 05:33:00,2.9497,2.9592,2.9497,2.9587,2.9547,2.9642,2.9547,2.9637,35
2026-01-12 05:34:00,2.9582,2.9582,2.9567,2.9577,2.9632,2.9632,2.9617,2.9627,6
2026-01-12 05:35:00,2.9567,2.9567,2.9552,2.9557,2.9617,2.9617,2.9602,2.9607,6
2026-01-12 05:36:00,2.9552,2.9552,2.9542,2.9547,2.9602,2.9602,2.9592,2.9597,4
2026-01-12 05:37:00,2.9542,2.9552,2.9537,2.9552,2.9592,2.9602,2.9587,2.9602,7
2026-01-12 05:38:00,2.9547,2.9547,2.9547,2.9547,2.9597,2.9597,2.9597,2.9597,1
2026-01-12 05:39:00,2.9542,2.9542,2.9537,2.9537,2.9592,2.9592,2.9587,2.9587,2
2026-01-12 05:40:00,2.9547,2.9567,2.9542,2.9547,2.9597,2.9617,2.9592,2.9597,6
2026-01-12 05:41:00,2.9542,2.9542,2.9537,2.9537,2.9592,2.9592,2.9587,2.9587,2
2026-01-12 05:42:00,2.9542,2.9542,2.9527,2.9527,2.9592,2.9592,2.9577,2.9577,3
2026-01-12 05:44:00,2.9537,2.9537,2.9537,2.9537,2.9587,2.9587,2.9587,2.9587,1
2026-01-12 05:45:00,2.9532,2.9532,2.9517,2.9517,2.9582,2.9582,2.9567,2.9567,6
2026-01-12 05:46:00,2.9512,2.9517,2.9512,2.9512,2.9562,2.9567,2.9562,2.9562,3
2026-01-12 05:47:00,2.9507,2.9512,2.9497,2.9512,2.9557,2.9562,2.9547,2.9562,6
2026-01-12 05:48:00,2.9517,2.9522,2.9507,2.9507,2.9567,2.9572,2.9557,2.9557,5
2026-01-12 05:51:00,2.9517,2.9522,2.9507,2.9522,2.9567,2.9572,2.9557,2.9572,7
2026-01-12 05:52:00,2.9512,2.9512,2.9497,2.9507,2.9562,2.9562,2.9547,2.9557,4
2026-01-12 05:53:00,2.9502,2.9507,2.9497,2.9502,2.9552,2.9557,2.9547,2.9552,7
2026-01-12 05:55:00,2.9512,2.9517,2.9507,2.9507,2.9562,2.9567,2.9557,2.9557,3
2026-01-12 05:56:00,2.9497,2.9517,2.9497,2.9517,2.9547,2.9567,2.9547,2.9567,3
2026-01-12 05:57:00,2.9527,2.9527,2.9522,2.9522,2.9577,2.9577,2.9572,2.9572,2
2026-01-12 05:58:00,2.9517,2.9517,2.9507,2.9507,2.9567,2.9567,2.9557,2.9557,2
2026-01-12 06:00:00,2.9502,2.9507,2.9502,2.9502,2.9552,2.9557,2.9552,2.9552,3
2026-01-12 06:01:00,2.9497,2.9502,2.9497,2.9502,2.9547,2.9552,2.9547,2.9552,2
2026-01-12 06:02:00,2.9507,2.9557,2.9507,2.9557,2.9557,2.9607,2.9557,2.9607,11
2026-01-12 06:03:00,2.9562,2.9562,2.9552,2.9562,2.9612,2.9612,2.9602,2.9612,4
2026-01-12 06:04:00,2.9577,2.9577,2.9567,2.9572,2.9627,2.9627,2.9617,2.9622,3
2026-01-12 06:05:00,2.9567,2.9572,2.9552,2.9552,2.9617,2.9622,2.9602,2.9602,4
2026-01-12 06:06:00,2.9547,2.9552,2.9527,2.9527,2.9597,2.9602,2.9577,2.9577,4
2026-01-12 06:07:00,2.9517,2.9547,2.9492,2.9492,2.9567,2.9597,2.9542,2.9542,16
2026-01-12 06:08:00,2.9497,2.9527,2.9477,2.9477,2.9547,2.9577,2.9527,2.9527,18
2026-01-12 06:09:00,2.9457,2.9467,2.9387,2.9422,2.9507,2.9517,2.9437,2.9472,24
2026-01-12 06:10:00,2.9417,2.9417,2.9392,2.9407,2.9467,2.9467,2.9442,2.9457,6
2026-01-12 06:11:00,2.9412,2.9412,2.9372,2.9407,2.9462,2.9462,2.9422,2.9457,9
2026-01-12 06:12:00,2.9412,2.9412,2.9412,2.9412,2.9462,2.9462,2.9462,2.9462,1
2026-01-12 06:13:00,2.9407,2.9407,2.9392,2.9402,2.9457,2.9457,2.9442,2.9452,5
2026-01-12 06:14:00,2.9407,2.9477,2.9407,2.9467,2.9457,2.9527,2.9457,2.9517,14
2026-01-12 06:15:00,2.9462,2.9462,2.9442,2.9442,2.9512,2.9512,2.9492,2.9492,5
2026-01-12 06:16:00,2.9452,2.9452,2.9442,2.9442,2.9502,2.9502,2.9492,2.9492,3
2026-01-12 06:17:00,2.9437,2.9477,2.9427,2.9477,2.9487,2.9527,2.9477,2.9527,6
2026-01-12 06:18:00,2.9472,2.9512,2.9472,2.9492,2.9522,2.9562,2.9522,2.9542,14
2026-01-12 06:19:00,2.9477,2.9497,2.9472,2.9482,2.9527,2.9547,2.9522,2.9532,10
2026-01-12 06:20:00,2.9477,2.9477,2.9477,2.9477,2.9527,2.9527,2.9527,2.9527,1
2026-01-12 06:21:00,2.9482,2.9532,2.9482,2.9527,2.9532,2.9582,2.9532,2.9577,14
2026-01-12 06:22:00,2.9537,2.9537,2.9512,2.9512,2.9587,2.9587,2.9562,2.9562,8
2026-01-12 06:23:00,2.9507,2.9507,2.9487,2.9497,2.9557,2.9557,2.9537,2.9547,5
2026-01-12 06:24:00,2.9487,2.9487,2.9487,2.9487,2.9537,2.9537,2.9537,2.9537,1
2026-01-12 06:25:00,2.9482,2.9482,2.9442,2.9447,2.9532,2.9532,2.9492,2.9497,14
2026-01-12 06:26:00,2.9442,2.9447,2.9427,2.9432,2.9492,2.9497,2.9477,2.9482,12
2026-01-12 06:27:00,2.9427,2.9427,2.9417,2.9422,2.9477,2.9477,2.9467,2.9472,5
2026-01-12 06:28:00,2.9432,2.9432,2.9427,2.9432,2.9482,2.9482,2.9477,2.9482,3
2026-01-12 06:29:00,2.9437,2.9437,2.9422,2.9432,2.9487,2.9487,2.9472,2.9482,9
2026-01-12 06:30:00,2.9422,2.9422,2.9402,2.9417,2.9472,2.9472,2.9452,2.9467,5
2026-01-12 06:31:00,2.9412,2.9432,2.9407,2.9417,2.9462,2.9482,2.9457,2.9467,8
2026-01-12 06:32:00,2.9427,2.9432,2.9412,2.9432,2.9477,2.9482,2.9462,2.9482,5
2026-01-12 06:33:00,2.9447,2.9447,2.9427,2.9427,2.9497,2.9497,2.9477,2.9477,4
2026-01-12 06:34:00,2.9422,2.9452,2.9422,2.9452,2.9472,2.9502,2.9472,2.9502,6
2026-01-12 06:35:00,2.9437,2.9447,2.9427,2.9447,2.9487,2.9497,2.9477,2.9497,14
2026-01-12 06:36:00,2.9452,2.9482,2.9452,2.9482,2.9502,2.9532,2.9502,2.9532,3
2026-01-12 06:37:00,2.9477,2.9477,2.9447,2.9457,2.9527,2.9527,2.9497,2.9507,11
2026-01-12 06:38:00,2.9462,2.9467,2.9432,2.9432,2.9512,2.9517,2.9482,2.9482,7
2026-01-12 06:39:00,2.9417,2.9417,2.9412,2.9412,2.9467,2.9467,2.9462,2.9462,2
2026-01-12 06:40:00,2.9407,2.9407,2.9377,2.9402,2.9457,2.9457,2.9427,2.9452,14
2026-01-12 06:41:00,2.9397,2.9397,2.9377,2.9387,2.9447,2.9447,2.9427,2.9437,4
2026-01-12 06:42:00,2.9397,2.9412,2.9387,2.9397,2.9447,2.9462,2.9437,2.9447,8
2026-01-12 06:43:00,2.9387,2.9437,2.9382,2.9437,2.9437,2.9487,2.9432,2.9487,11
2026-01-12 06:44:00,2.9447,2.9487,2.9442,2.9457,2.9497,2.9537,2.9492,2.9507,14
2026-01-12 06:45:00,2.9462,2.9462,2.9397,2.9397,2.9512,2.9512,2.9447,2.9447,7
2026-01-12 06:46:00,2.9402,2.9402,2.9252,2.9257,2.9452,2.9452,2.9302,2.9307,38
2026-01-12 06:47:00,2.9252,2.9257,2.9177,2.9192,2.9302,2.9307,2.9227,2.9242,20
2026-01-12 06:48:00,2.9197,2.9207,2.9167,2.9177,2.9247,2.9257,2.9217,2.9227,19
2026-01-12 06:49:00,2.9172,2.9187,2.9127,2.9187,2.9222,2.9237,2.9177,2.9237,29
2026-01-12 06:50:00,2.9182,2.9197,2.9167,2.9197,2.9232,2.9247,2.9217,2.9247,14
2026-01-12 06:51:00,2.9207,2.9357,2.9207,2.9347,2.9257,2.9407,2.9257,2.9397,32
2026-01-12 06:52:00,2.9337,2.9367,2.9337,2.9367,2.9387,2.9417,2.9387,2.9417,21
2026-01-12 06:53:00,2.9377,2.9457,2.9372,2.9447,2.9427,2.9507,2.9422,2.9497,37
2026-01-12 06:54:00,2.9452,2.9507,2.9442,2.9497,2.9502,2.9557,2.9492,2.9547,28
2026-01-12 06:55:00,2.9502,2.9542,2.9467,2.9477,2.9552,2.9592,2.9517,2.9527,29
2026-01-12 06:56:00,2.9482,2.9487,2.9447,2.9452,2.9532,2.9537,2.9497,2.9502,12
2026-01-12 06:57:00,2.9447,2.9477,2.9447,2.9462,2.9497,2.9527,2.9497,2.9512,11
2026-01-12 06:58:00,2.9457,2.9462,2.9437,2.9442,2.9507,2.9512,2.9487,2.9492,8
2026-01-12 06:59:00,2.9437,2.9477,2.9422,2.9467,2.9487,2.9527,2.9472,2.9517,22
2026-01-12 07:00:00,2.9472,2.9487,2.9297,2.9297,2.9522,2.9537,2.9347,2.9347,61
2026-01-12 07:01:00,2.9307,2.9372,2.9307,2.9317,2.9357,2.9422,2.9357,2.9367,22
2026-01-12 07:02:00,2.9312,2.9362,2.9282,2.9332,2.9362,2.9412,2.9332,2.9382,21
2026-01-12 07:03:00,2.9337,2.9337,2.9317,2.9317,2.9387,2.9387,2.9367,2.9367,4
2026-01-12 07:04:00,2.9312,2.9317,2.9282,2.9302,2.9362,2.9367,2.9332,2.9352,26
2026-01-12 07:05:00,2.9297,2.9352,2.9292,2.9297,2.9347,2.9402,2.9342,2.9347,16
2026-01-12 07:06:00,2.9352,2.9367,2.9342,2.9342,2.9402,2.9417,2.9392,2.9392,15
2026-01-12 07:07:00,2.9377,2.9397,2.9367,2.9387,2.9427,2.9447,2.9417,2.9437,19
2026-01-12 07:08:00,2.9382,2.9462,2.9382,2.9427,2.9432,2.9512,2.9432,2.9477,24
2026-01-12 07:09:00,2.9462,2.9492,2.9462,2.9462,2.9512,2.9542,2.9512,2.9512,16
2026-01-12 07:10:00,2.9447,2.9447,2.9297,2.9297,2.9497,2.9497,2.9347,2.9347,24
2026-01-12 07:11:00,2.9277,2.9292,2.9147,2.9152,2.9327,2.9342,2.9197,2.9202,41
2026-01-12 07:12:00,2.9147,2.9242,2.9137,2.9242,2.9197,2.9292,2.9187,2.9292,22
2026-01-12 07:13:00,2.9247,2.9337,2.9247,2.9307,2.9297,2.9387,2.9297,2.9357,12
2026-01-12 07:14:00,2.9312,2.9312,2.9302,2.9307,2.9362,2.9362,2.9352,2.9357,3
2026-01-12 07:15:00,2.9297,2.9337,2.9282,2.9307,2.9347,2.9387,2.9332,2.9357,19
2026-01-12 07:16:00,2.9297,2.9337,2.9277,2.9317,2.9347,2.9387,2.9327,2.9367,17
2026-01-12 07:17:00,2.9302,2.9307,2.9282,2.9297,2.9352,2.9357,2.9332,2.9347,11
2026-01-12 07:18:00,2.9302,2.9362,2.9292,2.9327,2.9352,2.9412,2.9342,2.9377,19
2026-01-12 07:19:00,2.9337,2.9387,2.9327,2.9387,2.9387,2.9437,2.9377,2.9437,18
2026-01-12 07:20:00,2.9392,2.9392,2.9332,2.9332,2.9442,2.9442,2.9382,2.9382,10
2026-01-12 07:21:00,2.9337,2.9352,2.9287,2.9292,2.9387,2.9402,2.9337,2.9342,13
2026-01-12 07:22:00,2.9287,2.9297,2.9267,2.9292,2.9337,2.9347,2.9317,2.9342,12
2026-01-12 07:23:00,2.9317,2.9322,2.9227,2.9227,2.9367,2.9372,2.9277,2.9277,13
2026-01-12 07:24:00,2.9222,2.9232,2.9222,2.9232,2.9272,2.9282,2.9272,2.9282,3
2026-01-12 07:25:00,2.9242,2.9257,2.9222,2.9222,2.9292,2.9307,2.9272,2.9272,6
2026-01-12 07:26:00,2.9212,2.9212,2.9177,2.9197,2.9262,2.9262,2.9227,2.9247,10
2026-01-12 07:27:00,2.9177,2.9222,2.9167,2.9222,2.9227,2.9272,2.9217,2.9272,12
2026-01-12 07:28:00,2.9227,2.9287,2.9227,2.9232,2.9277,2.9337,2.9277,2.9282,18
2026-01-12 07:29:00,2.9217,2.9222,2.9217,2.9222,2.9267,2.9272,2.9267,2.9272,2
2026-01-12 07:30:00,2.9247,2.9377,2.9247,2.9342,2.9297,2.9427,2.9297,2.9392,26
2026-01-12 07:31:00,2.9337,2.9387,2.9327,2.9342,2.9387,2.9437,2.9377,2.9392,25
2026-01-12 07:32:00,2.9337,2.9337,2.9302,2.9302,2.9387,2.9387,2.9352,2.9352,6
2026-01-12 07:33:00,2.9297,2.9312,2.9282,2.9312,2.9347,2.9362,2.9332,2.9362,10
2026-01-12 07:34:00,2.9302,2.9312,2.9297,2.9312,2.9352,2.9362,2.9347,2.9362,5
2026-01-12 07:35:00,2.9302,2.9342,2.9302,2.9342,2.9352,2.9392,2.9352,2.9392,6
2026-01-12 07:36:00,2.9337,2.9347,2.9317,2.9317,2.9387,2.9397,2.9367,2.9367,14
2026-01-12 07:37:00,2.9307,2.9317,2.9307,2.9312,2.9357,2.9367,2.9357,2.9362,3
2026-01-12 07:38:00,2.9317,2.9322,2.9312,2.9312,2.9367,2.9372,2.9362,2.9362,5
2026-01-12 07:39:00,2.9332,2.9347,2.9312,2.9332,2.9382,2.9397,2.9362,2.9382,8
2026-01-12 07:40:00,2.9337,2.9337,2.9317,2.9317,2.9387,2.9387,2.9367,2.9367,4
2026-01-12 07:41:00,2.9307,2.9322,2.9307,2.9322,2.9357,2.9372,2.9357,2.9372,2
2026-01-12 07:42:00,2.9317,2.9317,2.9317,2.9317,2.9367,2.9367,2.9367,2.9367,1
2026-01-12 07:43:00,2.9312,2.9312,2.9297,2.9297,2.9362,2.9362,2.9347,2.9347,3
2026-01-12 07:44:00,2.9292,2.9292,2.9282,2.9292,2.9342,2.9342,2.9332,2.9342,6
2026-01-12 07:45:00,2.9282,2.9287,2.9272,2.9287,2.9332,2.9337,2.9322,2.9337,4
2026-01-12 07:46:00,2.9302,2.9302,2.9282,2.9292,2.9352,2.9352,2.9332,2.9342,10
2026-01-12 07:47:00,2.9307,2.9342,2.9307,2.9312,2.9357,2.9392,2.9357,2.9362,14
2026-01-12 07:48:00,2.9317,2.9317,2.9297,2.9302,2.9367,2.9367,2.9347,2.9352,8
2026-01-12 07:49:00,2.9312,2.9312,2.9297,2.9297,2.9362,2.9362,2.9347,2.9347,5
2026-01-12 07:50:00,2.9302,2.9312,2.9302,2.9312,2.9352,2.9362,2.9352,2.9362,2
2026-01-12 07:51:00,2.9302,2.9337,2.9287,2.9332,2.9352,2.9387,2.9337,2.9382,10
2026-01-12 07:52:00,2.9312,2.9322,2.9297,2.9312,2.9362,2.9372,2.9347,2.9362,9
2026-01-12 07:53:00,2.9307,2.9322,2.9307,2.9312,2.9357,2.9372,2.9357,2.9362,5
2026-01-12 07:55:00,2.9287,2.9287,2.9242,2.9252,2.9337,2.9337,2.9292,2.9302,16
2026-01-12 07:56:00,2.9257,2.9277,2.9257,2.9262,2.9307,2.9327,2.9307,2.9312,8
2026-01-12 07:57:00,2.9267,2.9287,2.9267,2.9277,2.9317,2.9337,2.9317,2.9327,9
2026-01-12 07:58:00,2.9282,2.9282,2.9277,2.9282,2.9332,2.9332,2.9327,2.9332,3
2026-01-12 07:59:00,2.9287,2.9287,2.9287,2.9287,2.9337,2.9337,2.9337,2.9337,1
2026-01-12 08:00:00,2.9292,2.9297,2.9287,2.9297,2.9342,2.9347,2.9337,2.9347,10
2026-01-12 08:01:00,2.9302,2.9327,2.9297,2.9327,2.9352,2.9377,2.9347,2.9377,14
2026-01-12 08:02:00,2.9332,2.9357,2.9332,2.9342,2.9382,2.9407,2.9382,2.9392,12
2026-01-12 08:03:00,2.9332,2.9362,2.9327,2.9357,2.9382,2.9412,2.9377,2.9407,8
2026-01-12 08:04:00,2.9362,2.9447,2.9357,2.9447,2.9412,2.9497,2.9407,2.9497,22
2026-01-12 08:05:00,2.9442,2.9467,2.9427,2.9467,2.9492,2.9517,2.9477,2.9517,12
2026-01-12 08:06:00,2.9472,2.9472,2.9437,2.9457,2.9522,2.9522,2.9487,2.9507,17
2026-01-12 08:07:00,2.9452,2.9457,2.9437,2.9437,2.9502,2.9507,2.9487,2.9487,10
2026-01-12 08:08:00,2.9442,2.9452,2.9442,2.9447,2.9492,2.9502,2.9492,2.9497,6
2026-01-12 08:09:00,2.9457,2.9477,2.9447,2.9452,2.9507,2.9527,2.9497,2.9502,14
2026-01-12 08:10:00,2.9447,2.9447,2.9417,2.9417,2.9497,2.9497,2.9467,2.9467,8
2026-01-12 08:11:00,2.9412,2.9412,2.9392,2.9402,2.9462,2.9462,2.9442,2.9452,6
2026-01-12 08:12:00,2.9397,2.9452,2.9387,2.9447,2.9447,2.9502,2.9437,2.9497,15
2026-01-12 08:13:00,2.9437,2.9437,2.9432,2.9432,2.9487,2.9487,2.9482,2.9482,2
2026-01-12 08:14:00,2.9427,2.9427,2.9407,2.9407,2.9477,2.9477,2.9457,2.9457,4
2026-01-12 08:15:00,2.9422,2.9477,2.9422,2.9467,2.9472,2.9527,2.9472,2.9517,12
2026-01-12 08:16:00,2.9457,2.9462,2.9447,2.9462,2.9507,2.9512,2.9497,2.9512,4
2026-01-12 08:17:00,2.9457,2.9467,2.9457,2.9462,2.9507,2.9517,2.9507,2.9512,3
2026-01-12 08:18:00,2.9457,2.9457,2.9447,2.9452,2.9507,2.9507,2.9497,2.9502,3
2026-01-12 08:19:00,2.9447,2.9447,2.9447,2.9447,2.9497,2.9497,2.9497,2.9497,1
2026-01-12 08:20:00,2.9457,2.9472,2.9457,2.9467,2.9507,2.9522,2.9507,2.9517,6
2026-01-12 08:21:00,2.9472,2.9507,2.9472,2.9507,2.9522,2.9557,2.9522,2.9557,14
2026-01-12 08:22:00,2.9517,2.9547,2.9517,2.9537,2.9567,2.9597,2.9567,2.9587,15
2026-01-12 08:23:00,2.9542,2.9587,2.9542,2.9572,2.9592,2.9637,2.9592,2.9622,14
2026-01-12 08:24:00,2.9567,2.9607,2.9557,2.9597,2.9617,2.9657,2.9607,2.9647,19
2026-01-12 08:25:00,2.9602,2.9627,2.9597,2.9617,2.9652,2.9677,2.9647,2.9667,15
2026-01-12 08:26:00,2.9622,2.9622,2.9612,2.9617,2.9672,2.9672,2.9662,2.9667,10
2026-01-12 08:27:00,2.9622,2.9622,2.9562,2.9562,2.9672,2.9672,2.9612,2.9612,19
2026-01-12 08:28:00,2.9557,2.9557,2.9507,2.9527,2.9607,2.9607,2.9557,2.9577,13
2026-01-12 08:29:00,2.9522,2.9527,2.9522,2.9527,2.9572,2.9577,2.9572,2.9577,4
2026-01-12 08:30:00,2.9522,2.9532,2.9497,2.9517,2.9572,2.9582,2.9547,2.9567,16
2026-01-12 08:31:00,2.9532,2.9627,2.9532,2.9627,2.9582,2.9677,2.9582,2.9677,20
2026-01-12 08:32:00,2.9617,2.9647,2.9602,2.9647,2.9667,2.9697,2.9652,2.9697,10
2026-01-12 08:33:00,2.9642,2.9642,2.9622,2.9627,2.9692,2.9692,2.9672,2.9677,6
2026-01-12 08:34:00,2.9622,2.9622,2.9612,2.9617,2.9672,2.9672,2.9662,2.9667,4
2026-01-12 08:35:00,2.9622,2.9642,2.9622,2.9632,2.9672,2.9692,2.9672,2.9682,8
2026-01-12 08:36:00,2.9637,2.9647,2.9632,2.9632,2.9687,2.9697,2.9682,2.9682,5
2026-01-12 08:37:00,2.9637,2.9637,2.9632,2.9632,2.9687,2.9687,2.9682,2.9682,2
2026-01-12 08:38:00,2.9637,2.9647,2.9632,2.9632,2.9687,2.9697,2.9682,2.9682,6
2026-01-12 08:39:00,2.9642,2.9677,2.9627,2.9632,2.9692,2.9727,2.9677,2.9682,17
2026-01-12 08:40:00,2.9627,2.9662,2.9617,2.9642,2.9677,2.9712,2.9667,2.9692,10
2026-01-12 08:41:00,2.9652,2.9657,2.9637,2.9652,2.9702,2.9707,2.9687,2.9702,11
2026-01-12 08:42:00,2.9647,2.9647,2.9632,2.9632,2.9697,2.9697,2.9682,2.9682,14
2026-01-12 08:43:00,2.9627,2.9627,2.9602,2.9602,2.9677,2.9677,2.9652,2.9652,4
2026-01-12 08:44:00,2.9597,2.9622,2.9597,2.9622,2.9647,2.9672,2.9647,2.9672,8
2026-01-12 08:45:00,2.9627,2.9647,2.9617,2.9637,2.9677,2.9697,2.9667,2.9687,10
2026-01-12 08:46:00,2.9642,2.9642,2.9617,2.9622,2.9692,2.9692,2.9667,2.9672,5
2026-01-12 08:47:00,2.9627,2.9637,2.9627,2.9627,2.9677,2.9687,2.9677,2.9677,3
2026-01-12 08:48:00,2.9637,2.9717,2.9632,2.9712,2.9687,2.9767,2.9682,2.9762,13
2026-01-12 08:49:00,2.9717,2.9717,2.9697,2.9712,2.9767,2.9767,2.9747,2.9762,7
2026-01-12 08:50:00,2.9707,2.9717,2.9707,2.9707,2.9757,2.9767,2.9757,2.9757,4
2026-01-12 08:51:00,2.9712,2.9727,2.9712,2.9717,2.9762,2.9777,2.9762,2.9767,5
2026-01-12 08:52:00,2.9712,2.9727,2.9712,2.9727,2.9762,2.9777,2.9762,2.9777,3
2026-01-12 08:53:00,2.9722,2.9722,2.9697,2.9697,2.9772,2.9772,2.9747,2.9747,7
2026-01-12 08:54:00,2.9687,2.9687,2.9677,2.9677,2.9737,2.9737,2.9727,2.9727,4
2026-01-12 08:55:00,2.9682,2.9697,2.9677,2.9697,2.9732,2.9747,2.9727,2.9747,8
2026-01-12 08:56:00,2.9687,2.9697,2.9687,2.9697,2.9737,2.9747,2.9737,2.9747,4
2026-01-12 08:57:00,2.9692,2.9697,2.9687,2.9687,2.9742,2.9747,2.9737,2.9737,4
2026-01-12 08:58:00,2.9692,2.9707,2.9692,2.9707,2.9742,2.9757,2.9742,2.9757,4
2026-01-12 08:59:00,2.9697,2.9707,2.9677,2.9692,2.9747,2.9757,2.9727,2.9742,20
2026-01-12 09:00:00,2.9687,2.9697,2.9637,2.9662,2.9737,2.9747,2.9687,2.9712,37
2026-01-12 09:01:00,2.9667,2.9677,2.9657,2.9657,2.9717,2.9727,2.9707,2.9707,9
2026-01-12 09:02:00,2.9662,2.9677,2.9627,2.9637,2.9712,2.9727,2.9677,2.9687,15
2026-01-12 09:03:00,2.9632,2.9637,2.9632,2.9637,2.9682,2.9687,2.9682,2.9687,2
2026-01-12 09:04:00,2.9647,2.9647,2.9647,2.9647,2.9697,2.9697,2.9697,2.9697,1
2026-01-12 09:05:00,2.9657,2.9667,2.9647,2.9667,2.9707,2.9717,2.9697,2.9717,7
2026-01-12 09:06:00,2.9672,2.9677,2.9667,2.9672,2.9722,2.9727,2.9717,2.9722,7
2026-01-12 09:07:00,2.9667,2.9677,2.9632,2.9632,2.9717,2.9727,2.9682,2.9682,13
2026-01-12 09:08:00,2.9642,2.9647,2.9622,2.9627,2.9692,2.9697,2.9672,2.9677,10
2026-01-12 09:09:00,2.9617,2.9627,2.9617,2.9617,2.9667,2.9677,2.9667,2.9667,6
2026-01-12 09:10:00,2.9622,2.9657,2.9597,2.9642,2.9672,2.9707,2.9647,2.9692,18
2026-01-12 09:11:00,2.9647,2.9647,2.9632,2.9632,2.9697,2.9697,2.9682,2.9682,7
2026-01-12 09:12:00,2.9627,2.9652,2.9617,2.9652,2.9677,2.9702,2.9667,2.9702,14
2026-01-12 09:13:00,2.9657,2.9657,2.9652,2.9652,2.9707,2.9707,2.9702,2.9702,2
2026-01-12 09:14:00,2.9647,2.9652,2.9642,2.9652,2.9697,2.9702,2.9692,2.9702,5
2026-01-12 09:15:00,2.9647,2.9647,2.9627,2.9642,2.9697,2.9697,2.9677,2.9692,12
2026-01-12 09:16:00,2.9647,2.9717,2.9647,2.9687,2.9697,2.9767,2.9697,2.9737,19
2026-01-12 09:17:00,2.9677,2.9677,2.9627,2.9642,2.9727,2.9727,2.9677,2.9692,14
2026-01-12 09:18:00,2.9637,2.9647,2.9632,2.9647,2.9687,2.9697,2.9682,2.9697,6
2026-01-12 09:19:00,2.9652,2.9657,2.9647,2.9657,2.9702,2.9707,2.9697,2.9707,3
2026-01-12 09:20:00,2.9647,2.9657,2.9647,2.9657,2.9697,2.9707,2.9697,2.9707,4
2026-01-12 09:21:00,2.9652,2.9657,2.9627,2.9637,2.9702,2.9707,2.9677,2.9687,12
2026-01-12 09:22:00,2.9627,2.9647,2.9617,2.9647,2.9677,2.9697,2.9667,2.9697,6
2026-01-12 09:23:00,2.9637,2.9647,2.9622,2.9637,2.9687,2.9697,2.9672,2.9687,14
2026-01-12 09:24:00,2.9642,2.9647,2.9612,2.9612,2.9692,2.9697,2.9662,2.9662,9
2026-01-12 09:25:00,2.9617,2.9622,2.9602,2.9617,2.9667,2.9672,2.9652,2.9667,7
2026-01-12 09:26:00,2.9627,2.9667,2.9627,2.9667,2.9677,2.9717,2.9677,2.9717,9
2026-01-12 09:27:00,2.9672,2.9697,2.9667,2.9687,2.9722,2.9747,2.9717,2.9737,14
2026-01-12 09:28:00,2.9682,2.9682,2.9667,2.9677,2.9732,2.9732,2.9717,2.9727,3
2026-01-12 09:29:00,2.9672,2.9672,2.9637,2.9637,2.9722,2.9722,2.9687,2.9687,8
2026-01-12 09:30:00,2.9632,2.9637,2.9627,2.9632,2.9682,2.9687,2.9677,2.9682,6
2026-01-12 09:31:00,2.9637,2.9637,2.9582,2.9597,2.9687,2.9687,2.9632,2.9647,15
2026-01-12 09:32:00,2.9587,2.9597,2.9587,2.9587,2.9637,2.9647,2.9637,2.9637,3
2026-01-12 09:33:00,2.9567,2.9572,2.9537,2.9537,2.9617,2.9622,2.9587,2.9587,16
2026-01-12 09:34:00,2.9542,2.9577,2.9542,2.9577,2.9592,2.9627,2.9592,2.9627,14
2026-01-12 09:35:00,2.9582,2.9582,2.9572,2.9572,2.9632,2.9632,2.9622,2.9622,3
2026-01-12 09:36:00,2.9577,2.9617,2.9577,2.9607,2.9627,2.9667,2.9627,2.9657,14
2026-01-12 09:37:00,2.9612,2.9612,2.9587,2.9587,2.9662,2.9662,2.9637,2.9637,9
2026-01-12 09:38:00,2.9592,2.9627,2.9592,2.9627,2.9642,2.9677,2.9642,2.9677,8
2026-01-12 09:39:00,2.9622,2.9627,2.9597,2.9612,2.9672,2.9677,2.9647,2.9662,10
2026-01-12 09:40:00,2.9617,2.9667,2.9617,2.9642,2.9667,2.9717,2.9667,2.9692,15
2026-01-12 09:41:00,2.9647,2.9662,2.9642,2.9662,2.9697,2.9712,2.9692,2.9712,5
2026-01-12 09:42:00,2.9667,2.9667,2.9652,2.9652,2.9717,2.9717,2.9702,2.9702,3
2026-01-12 09:43:00,2.9662,2.9667,2.9662,2.9667,2.9712,2.9717,2.9712,2.9717,2
2026-01-12 09:44:00,2.9672,2.9677,2.9657,2.9672,2.9722,2.9727,2.9707,2.9722,10
2026-01-12 09:45:00,2.9677,2.9687,2.9667,2.9687,2.9727,2.9737,2.9717,2.9737,6
2026-01-12 09:46:00,2.9692,2.9707,2.9687,2.9707,2.9742,2.9757,2.9737,2.9757,6
2026-01-12 09:47:00,2.9712,2.9712,2.9662,2.9667,2.9762,2.9762,2.9712,2.9717,12
2026-01-12 09:48:00,2.9677,2.9697,2.9677,2.9692,2.9727,2.9747,2.9727,2.9742,5
2026-01-12 09:49:00,2.9687,2.9707,2.9687,2.9687,2.9737,2.9757,2.9737,2.9737,8
2026-01-12 09:50:00,2.9692,2.9692,2.9682,2.9682,2.9742,2.9742,2.9732,2.9732,3
2026-01-12 09:51:00,2.9687,2.9697,2.9687,2.9687,2.9737,2.9747,2.9737,2.9737,4
2026-01-12 09:52:00,2.9692,2.9707,2.9687,2.9702,2.9742,2.9757,2.9737,2.9752,7
2026-01-12 09:53:00,2.9717,2.9727,2.9707,2.9707,2.9767,2.9777,2.9757,2.9757,8
2026-01-12 09:54:00,2.9697,2.9707,2.9687,2.9702,2.9747,2.9757,2.9737,2.9752,7
2026-01-12 09:55:00,2.9707,2.9717,2.9707,2.9712,2.9757,2.9767,2.9757,2.9762,7
2026-01-12 09:56:00,2.9717,2.9747,2.9717,2.9737,2.9767,2.9797,2.9767,2.9787,18
2026-01-12 09:57:00,2.9732,2.9747,2.9732,2.9737,2.9782,2.9797,2.9782,2.9787,10
2026-01-12 09:58:00,2.9732,2.9807,2.9732,2.9792,2.9782,2.9857,2.9782,2.9842,25
2026-01-12 09:59:00,2.9797,2.9807,2.9787,2.9797,2.9847,2.9857,2.9837,2.9847,12
2026-01-12 10:00:00,2.9792,2.9792,2.9762,2.9777,2.9842,2.9842,2.9812,2.9827,23
2026-01-12 10:01:00,2.9782,2.9787,2.9782,2.9787,2.9832,2.9837,2.9832,2.9837,2
2026-01-12 10:02:00,2.9777,2.9782,2.9732,2.9757,2.9827,2.9832,2.9782,2.9807,26
2026-01-12 10:03:00,2.9752,2.9767,2.9747,2.9752,2.9802,2.9817,2.9797,2.9802,13
2026-01-12 10:04:00,2.9757,2.9762,2.9747,2.9747,2.9807,2.9812,2.9797,2.9797,7
2026-01-12 10:05:00,2.9752,2.9757,2.9742,2.9742,2.9802,2.9807,2.9792,2.9792,6
2026-01-12 10:06:00,2.9747,2.9747,2.9737,2.9737,2.9797,2.9797,2.9787,2.9787,4
2026-01-12 10:07:00,2.9742,2.9757,2.9727,2.9747,2.9792,2.9807,2.9777,2.9797,8
2026-01-12 10:08:00,2.9752,2.9757,2.9747,2.9747,2.9802,2.9807,2.9797,2.9797,3
2026-01-12 10:09:00,2.9757,2.9757,2.9747,2.9747,2.9807,2.9807,2.9797,2.9797,5
2026-01-12 10:10:00,2.9737,2.9737,2.9727,2.9727,2.9787,2.9787,2.9777,2.9777,6
2026-01-12 10:11:00,2.9717,2.9757,2.9717,2.9757,2.9767,2.9807,2.9767,2.9807,16
2026-01-12 10:12:00,2.9752,2.9757,2.9717,2.9737,2.9802,2.9807,2.9767,2.9787,17
2026-01-12 10:13:00,2.9727,2.9757,2.9727,2.9742,2.9777,2.9807,2.9777,2.9792,12
2026-01-12 10:14:00,2.9747,2.9757,2.9742,2.9757,2.9797,2.9807,2.9792,2.9807,9
2026-01-12 10:15:00,2.9747,2.9747,2.9652,2.9652,2.9797,2.9797,2.9702,2.9702,37
2026-01-12 10:16:00,2.9647,2.9652,2.9587,2.9597,2.9697,2.9702,2.9637,2.9647,15
2026-01-12 10:17:00,2.9592,2.9597,2.9567,2.9577,2.9642,2.9647,2.9617,2.9627,13
2026-01-12 10:18:00,2.9582,2.9617,2.9577,2.9607,2.9632,2.9667,2.9627,2.9657,16
2026-01-12 10:19:00,2.9617,2.9627,2.9597,2.9597,2.9667,2.9677,2.9647,2.9647,12
2026-01-12 10:20:00,2.9602,2.9602,2.9547,2.9577,2.9652,2.9652,2.9597,2.9627,17
2026-01-12 10:21:00,2.9572,2.9607,2.9567,2.9607,2.9622,2.9657,2.9617,2.9657,22
2026-01-12 10:22:00,2.9612,2.9612,2.9587,2.9592,2.9662,2.9662,2.9637,2.9642,7
2026-01-12 10:23:00,2.9597,2.9607,2.9562,2.9562,2.9647,2.9657,2.9612,2.9612,10
2026-01-12 10:24:00,2.9557,2.9557,2.9532,2.9537,2.9607,2.9607,2.9582,2.9587,9
2026-01-12 10:25:00,2.9542,2.9557,2.9542,2.9547,2.9592,2.9607,2.9592,2.9597,4
2026-01-12 10:26:00,2.9542,2.9562,2.9517,2.9562,2.9592,2.9612,2.9567,2.9612,21
2026-01-12 10:27:00,2.9552,2.9557,2.9522,2.9522,2.9602,2.9607,2.9572,2.9572,9
2026-01-12 10:28:00,2.9527,2.9562,2.9527,2.9547,2.9577,2.9612,2.9577,2.9597,15
2026-01-12 10:29:00,2.9552,2.9577,2.9547,2.9552,2.9602,2.9627,2.9597,2.9602,8
2026-01-12 10:30:00,2.9547,2.9552,2.9527,2.9532,2.9597,2.9602,2.9577,2.9582,21
2026-01-12 10:31:00,2.9537,2.9587,2.9537,2.9577,2.9587,2.9637,2.9587,2.9627,13
2026-01-12 10:32:00,2.9567,2.9572,2.9557,2.9557,2.9617,2.9622,2.9607,2.9607,5
2026-01-12 10:33:00,2.9562,2.9562,2.9557,2.9562,2.9612,2.9612,2.9607,2.9612,3
2026-01-12 10:34:00,2.9557,2.9612,2.9547,2.9597,2.9607,2.9662,2.9597,2.9647,13
2026-01-12 10:35:00,2.9587,2.9597,2.9567,2.9587,2.9637,2.9647,2.9617,2.9637,13
2026-01-12 10:36:00,2.9582,2.9627,2.9582,2.9627,2.9632,2.9677,2.9632,2.9677,9
2026-01-12 10:37:00,2.9617,2.9617,2.9572,2.9577,2.9667,2.9667,2.9622,2.9627,9
2026-01-12 10:38:00,2.9587,2.9587,2.9557,2.9567,2.9637,2.9637,2.9607,2.9617,15
2026-01-12 10:39:00,2.9562,2.9592,2.9557,2.9587,2.9612,2.9642,2.9607,2.9637,15
2026-01-12 10:40:00,2.9572,2.9572,2.9547,2.9557,2.9622,2.9622,2.9597,2.9607,15
2026-01-12 10:41:00,2.9562,2.9582,2.9547,2.9582,2.9612,2.9632,2.9597,2.9632,10
2026-01-12 10:42:00,2.9587,2.9597,2.9577,2.9582,2.9637,2.9647,2.9627,2.9632,6
2026-01-12 10:43:00,2.9587,2.9607,2.9587,2.9602,2.9637,2.9657,2.9637,2.9652,9
2026-01-12 10:44:00,2.9597,2.9607,2.9597,2.9602,2.9647,2.9657,2.9647,2.9652,3
2026-01-12 10:45:00,2.9597,2.9692,2.9597,2.9682,2.9647,2.9742,2.9647,2.9732,34
2026-01-12 10:46:00,2.9677,2.9687,2.9677,2.9677,2.9727,2.9737,2.9727,2.9727,5
2026-01-12 10:47:00,2.9682,2.9682,2.9637,2.9657,2.9732,2.9732,2.9687,2.9707,15
2026-01-12 10:48:00,2.9662,2.9662,2.9657,2.9662,2.9712,2.9712,2.9707,2.9712,3
2026-01-12 10:49:00,2.9657,2.9677,2.9657,2.9667,2.9707,2.9727,2.9707,2.9717,5
2026-01-12 10:50:00,2.9672,2.9697,2.9657,2.9697,2.9722,2.9747,2.9707,2.9747,16
2026-01-12 10:51:00,2.9687,2.9687,2.9682,2.9687,2.9737,2.9737,2.9732,2.9737,3
2026-01-12 10:52:00,2.9677,2.9687,2.9667,2.9682,2.9727,2.9737,2.9717,2.9732,7
2026-01-12 10:53:00,2.9677,2.9677,2.9672,2.9672,2.9727,2.9727,2.9722,2.9722,6
2026-01-12 10:54:00,2.9677,2.9707,2.9677,2.9687,2.9727,2.9757,2.9727,2.9737,15
2026-01-12 10:55:00,2.9692,2.9702,2.9692,2.9697,2.9742,2.9752,2.9742,2.9747,3
2026-01-12 10:56:00,2.9692,2.9697,2.9682,2.9692,2.9742,2.9747,2.9732,2.9742,7
2026-01-12 10:57:00,2.9682,2.9697,2.9677,2.9697,2.9732,2.9747,2.9727,2.9747,4
2026-01-12 10:58:00,2.9687,2.9697,2.9647,2.9652,2.9737,2.9747,2.9697,2.9702,20
2026-01-12 10:59:00,2.9647,2.9657,2.9647,2.9657,2.9697,2.9707,2.9697,2.9707,3
2026-01-12 11:00:00,2.9667,2.9682,2.9657,2.9677,2.9717,2.9732,2.9707,2.9727,11
2026-01-12 11:01:00,2.9682,2.9697,2.9667,2.9682,2.9732,2.9747,2.9717,2.9732,15
2026-01-12 11:02:00,2.9692,2.9757,2.9692,2.9747,2.9742,2.9807,2.9742,2.9797,17
2026-01-12 11:03:00,2.9742,2.9742,2.9717,2.9717,2.9792,2.9792,2.9767,2.9767,7
2026-01-12 11:04:00,2.9727,2.9737,2.9717,2.9737,2.9777,2.9787,2.9767,2.9787,11
2026-01-12 11:05:00,2.9747,2.9752,2.9717,2.9737,2.9797,2.9802,2.9767,2.9787,13
2026-01-12 11:06:00,2.9727,2.9767,2.9727,2.9757,2.9777,2.9817,2.9777,2.9807,11
2026-01-12 11:07:00,2.9747,2.9767,2.9747,2.9767,2.9797,2.9817,2.9797,2.9817,22
2026-01-12 11:08:00,2.9762,2.9822,2.9762,2.9807,2.9812,2.9872,2.9812,2.9857,11
2026-01-12 11:09:00,2.9817,2.9822,2.9797,2.9812,2.9867,2.9872,2.9847,2.9862,12
2026-01-12 11:10:00,2.9807,2.9857,2.9802,2.9827,2.9857,2.9907,2.9852,2.9877,26
2026-01-12 11:11:00,2.9817,2.9817,2.9797,2.9807,2.9867,2.9867,2.9847,2.9857,18
2026-01-12 11:12:00,2.9812,2.9832,2.9812,2.9822,2.9862,2.9882,2.9862,2.9872,7
2026-01-12 11:13:00,2.9827,2.9852,2.9812,2.9837,2.9877,2.9902,2.9862,2.9887,17
2026-01-12 11:14:00,2.9842,2.9867,2.9807,2.9817,2.9892,2.9917,2.9857,2.9867,23
2026-01-12 11:15:00,2.9812,2.9817,2.9787,2.9797,2.9862,2.9867,2.9837,2.9847,18
2026-01-12 11:16:00,2.9792,2.9792,2.9747,2.9787,2.9842,2.9842,2.9797,2.9837,17
2026-01-12 11:17:00,2.9792,2.9797,2.9787,2.9797,2.9842,2.9847,2.9837,2.9847,4
2026-01-12 11:18:00,2.9807,2.9817,2.9797,2.9807,2.9857,2.9867,2.9847,2.9857,9
2026-01-12 11:19:00,2.9812,2.9817,2.9797,2.9817,2.9862,2.9867,2.9847,2.9867,9
2026-01-12 11:20:00,2.9822,2.9837,2.9777,2.9782,2.9872,2.9887,2.9827,2.9832,18
2026-01-12 11:21:00,2.9777,2.9797,2.9777,2.9777,2.9827,2.9847,2.9827,2.9827,11
2026-01-12 11:22:00,2.9787,2.9802,2.9767,2.9777,2.9837,2.9852,2.9817,2.9827,16
2026-01-12 11:23:00,2.9782,2.9847,2.9777,2.9827,2.9832,2.9897,2.9827,2.9877,16
2026-01-12 11:24:00,2.9822,2.9837,2.9817,2.9837,2.9872,2.9887,2.9867,2.9887,6
2026-01-12 11:25:00,2.9832,2.9837,2.9822,2.9837,2.9882,2.9887,2.9872,2.9887,8
2026-01-12 11:26:00,2.9847,2.9847,2.9837,2.9842,2.9897,2.9897,2.9887,2.9892,10
2026-01-12 11:27:00,2.9837,2.9857,2.9817,2.9857,2.9887,2.9907,2.9867,2.9907,13
2026-01-12 11:28:00,2.9847,2.9847,2.9817,2.9847,2.9897,2.9897,2.9867,2.9897,17
2026-01-12 11:29:00,2.9842,2.9857,2.9842,2.9857,2.9892,2.9907,2.9892,2.9907,10
2026-01-12 11:30:00,2.9862,2.9867,2.9842,2.9867,2.9912,2.9917,2.9892,2.9917,15
2026-01-12 11:31:00,2.9862,2.9922,2.9862,2.9917,2.9912,2.9972,2.9912,2.9967,41
2026-01-12 11:32:00,2.9922,2.9952,2.9912,2.9932,2.9972,3.0002,2.9962,2.9982,28
2026-01-12 11:33:00,2.9927,2.9927,2.9892,2.9892,2.9977,2.9977,2.9942,2.9942,10
2026-01-12 11:34:00,2.9887,2.9897,2.9887,2.9897,2.9937,2.9947,2.9937,2.9947,9
2026-01-12 11:35:00,2.9902,2.9917,2.9897,2.9907,2.9952,2.9967,2.9947,2.9957,9
2026-01-12 11:37:00,2.9922,2.9937,2.9887,2.9892,2.9972,2.9987,2.9937,2.9942,24
2026-01-12 11:38:00,2.9887,2.9887,2.9857,2.9867,2.9937,2.9937,2.9907,2.9917,16
2026-01-12 11:39:00,2.9857,2.9887,2.9857,2.9877,2.9907,2.9937,2.9907,2.9927,13
2026-01-12 11:40:00,2.9867,2.9882,2.9847,2.9857,2.9917,2.9932,2.9897,2.9907,22
2026-01-12 11:41:00,2.9862,2.9927,2.9862,2.9902,2.9912,2.9977,2.9912,2.9952,21
2026-01-12 11:42:00,2.9907,2.9917,2.9907,2.9917,2.9957,2.9967,2.9957,2.9967,9
2026-01-12 11:43:00,2.9907,2.9927,2.9907,2.9907,2.9957,2.9977,2.9957,2.9957,10
2026-01-12 11:44:00,2.9902,2.9902,2.9857,2.9897,2.9952,2.9952,2.9907,2.9947,31
2026-01-12 11:45:00,2.9887,2.9887,2.9812,2.9817,2.9937,2.9937,2.9862,2.9867,12
2026-01-12 11:46:00,2.9822,2.9827,2.9807,2.9817,2.9872,2.9877,2.9857,2.9867,15
2026-01-12 11:47:00,2.9822,2.9852,2.9822,2.9852,2.9872,2.9902,2.9872,2.9902,7
2026-01-12 11:48:00,2.9857,2.9867,2.9852,2.9867,2.9907,2.9917,2.9902,2.9917,5
2026-01-12 11:49:00,2.9857,2.9857,2.9837,2.9857,2.9907,2.9907,2.9887,2.9907,5
2026-01-12 11:50:00,2.9847,2.9847,2.9842,2.9847,2.9897,2.9897,2.9892,2.9897,3
2026-01-12 11:51:00,2.9842,2.9842,2.9827,2.9837,2.9892,2.9892,2.9877,2.9887,3
2026-01-12 11:53:00,2.9827,2.9857,2.9817,2.9837,2.9877,2.9907,2.9867,2.9887,11
2026-01-12 11:55:00,2.9847,2.9857,2.9777,2.9787,2.9897,2.9907,2.9827,2.9837,24
2026-01-12 11:56:00,2.9777,2.9872,2.9777,2.9857,2.9827,2.9922,2.9827,2.9907,28
2026-01-12 11:57:00,2.9862,2.9877,2.9847,2.9857,2.9912,2.9927,2.9897,2.9907,20
2026-01-12 11:58:00,2.9847,2.9857,2.9817,2.9857,2.9897,2.9907,2.9867,2.9907,16
2026-01-12 11:59:00,2.9862,2.9867,2.9852,2.9862,2.9912,2.9917,2.9902,2.9912,11
2026-01-12 12:00:00,2.9857,2.9857,2.9772,2.9812,2.9907,2.9907,2.9822,2.9862,24
2026-01-12 12:01:00,2.9807,2.9807,2.9732,2.9757,2.9857,2.9857,2.9782,2.9807,17
2026-01-12 12:03:00,2.9767,2.9777,2.9767,2.9777,2.9817,2.9827,2.9817,2.9827,3
2026-01-12 12:04:00,2.9787,2.9787,2.9717,2.9747,2.9837,2.9837,2.9767,2.9797,13
2026-01-12 12:05:00,2.9757,2.9782,2.9757,2.9762,2.9807,2.9832,2.9807,2.9812,12
2026-01-12 12:06:00,2.9767,2.9787,2.9757,2.9762,2.9817,2.9837,2.9807,2.9812,9
2026-01-12 12:07:00,2.9767,2.9767,2.9717,2.9737,2.9817,2.9817,2.9767,2.9787,8
2026-01-12 12:08:00,2.9742,2.9747,2.9737,2.9737,2.9792,2.9797,2.9787,2.9787,4
2026-01-12 12:09:00,2.9727,2.9747,2.9657,2.9662,2.9777,2.9797,2.9707,2.9712,16
2026-01-12 12:10:00,2.9667,2.9717,2.9647,2.9702,2.9717,2.9767,2.9697,2.9752,29
2026-01-12 12:11:00,2.9697,2.9737,2.9677,2.9727,2.9747,2.9787,2.9727,2.9777,18
2026-01-12 12:12:00,2.9722,2.9722,2.9677,2.9707,2.9772,2.9772,2.9727,2.9757,14
2026-01-12 12:13:00,2.9717,2.9722,2.9697,2.9717,2.9767,2.9772,2.9747,2.9767,13
2026-01-12 12:14:00,2.9727,2.9747,2.9717,2.9737,2.9777,2.9797,2.9767,2.9787,7
2026-01-12 12:15:00,2.9742,2.9752,2.9697,2.9717,2.9792,2.9802,2.9747,2.9767,16
2026-01-12 12:16:00,2.9707,2.9707,2.9677,2.9697,2.9757,2.9757,2.9727,2.9747,10
2026-01-12 12:17:00,2.9692,2.9712,2.9672,2.9672,2.9742,2.9762,2.9722,2.9722,10
2026-01-12 12:18:00,2.9677,2.9682,2.9667,2.9672,2.9727,2.9732,2.9717,2.9722,9
2026-01-12 12:19:00,2.9657,2.9662,2.9637,2.9657,2.9707,2.9712,2.9687,2.9707,7
2026-01-12 12:20:00,2.9652,2.9687,2.9652,2.9687,2.9702,2.9737,2.9702,2.9737,10
2026-01-12 12:21:00,2.9682,2.9707,2.9677,2.9697,2.9732,2.9757,2.9727,2.9747,10
2026-01-12 12:22:00,2.9702,2.9707,2.9702,2.9707,2.9752,2.9757,2.9752,2.9757,2
2026-01-12 12:23:00,2.9717,2.9747,2.9707,2.9727,2.9767,2.9797,2.9757,2.9777,17
2026-01-12 12:24:00,2.9717,2.9717,2.9667,2.9677,2.9767,2.9767,2.9717,2.9727,13
2026-01-12 12:25:00,2.9682,2.9702,2.9677,2.9697,2.9732,2.9752,2.9727,2.9747,9
2026-01-12 12:26:00,2.9687,2.9687,2.9637,2.9647,2.9737,2.9737,2.9687,2.9697,19
2026-01-12 12:27:00,2.9652,2.9652,2.9572,2.9597,2.9702,2.9702,2.9622,2.9647,30
2026-01-12 12:28:00,2.9592,2.9597,2.9567,2.9577,2.9642,2.9647,2.9617,2.9627,9
2026-01-12 12:29:00,2.9567,2.9567,2.9447,2.9472,2.9617,2.9617,2.9497,2.9522,25
2026-01-12 12:30:00,2.9467,2.9482,2.9402,2.9417,2.9517,2.9532,2.9452,2.9467,27
2026-01-12 12:31:00,2.9407,2.9422,2.9377,2.9422,2.9457,2.9472,2.9427,2.9472,25
2026-01-12 12:32:00,2.9427,2.9482,2.9427,2.9457,2.9477,2.9532,2.9477,2.9507,17
2026-01-12 12:33:00,2.9462,2.9507,2.9447,2.9497,2.9512,2.9557,2.9497,2.9547,19
2026-01-12 12:34:00,2.9492,2.9497,2.9467,2.9477,2.9542,2.9547,2.9517,2.9527,17
2026-01-12 12:35:00,2.9487,2.9507,2.9457,2.9467,2.9537,2.9557,2.9507,2.9517,16
2026-01-12 12:36:00,2.9477,2.9507,2.9447,2.9472,2.9527,2.9557,2.9497,2.9522,23
2026-01-12 12:37:00,2.9477,2.9632,2.9472,2.9632,2.9527,2.9682,2.9522,2.9682,34
2026-01-12 12:38:00,2.9627,2.9647,2.9587,2.9597,2.9677,2.9697,2.9637,2.9647,21
2026-01-12 12:39:00,2.9592,2.9627,2.9572,2.9577,2.9642,2.9677,2.9622,2.9627,30
2026-01-12 12:40:00,2.9572,2.9577,2.9557,2.9557,2.9622,2.9627,2.9607,2.9607,12
2026-01-12 12:41:00,2.9552,2.9557,2.9502,2.9507,2.9602,2.9607,2.9552,2.9557,19
2026-01-12 12:42:00,2.9512,2.9592,2.9482,2.9592,2.9562,2.9642,2.9532,2.9642,24
2026-01-12 12:43:00,2.9602,2.9692,2.9597,2.9667,2.9652,2.9742,2.9647,2.9717,36
2026-01-12 12:44:00,2.9657,2.9757,2.9657,2.9747,2.9707,2.9807,2.9707,2.9797,26
2026-01-12 12:45:00,2.9737,2.9767,2.9732,2.9762,2.9787,2.9817,2.9782,2.9812,28
2026-01-12 12:46:00,2.9767,2.9767,2.9737,2.9762,2.9817,2.9817,2.9787,2.9812,15
2026-01-12 12:47:00,2.9767,2.9832,2.9767,2.9832,2.9817,2.9882,2.9817,2.9882,23
2026-01-12 12:48:00,2.9827,2.9827,2.9787,2.9807,2.9877,2.9877,2.9837,2.9857,19
2026-01-12 12:49:00,2.9812,2.9867,2.9747,2.9747,2.9862,2.9917,2.9797,2.9797,29
2026-01-12 12:50:00,2.9742,2.9747,2.9717,2.9737,2.9792,2.9797,2.9767,2.9787,11
2026-01-12 12:51:00,2.9732,2.9742,2.9727,2.9742,2.9782,2.9792,2.9777,2.9792,5
2026-01-12 12:52:00,2.9747,2.9827,2.9747,2.9812,2.9797,2.9877,2.9797,2.9862,28
2026-01-12 12:53:00,2.9817,2.9817,2.9697,2.9707,2.9867,2.9867,2.9747,2.9757,25
2026-01-12 12:54:00,2.9712,2.9742,2.9712,2.9727,2.9762,2.9792,2.9762,2.9777,16
2026-01-12 12:55:00,2.9717,2.9717,2.9652,2.9697,2.9767,2.9767,2.9702,2.9747,21
2026-01-12 12:56:00,2.9712,2.9757,2.9707,2.9752,2.9762,2.9807,2.9757,2.9802,31
2026-01-12 12:57:00,2.9747,2.9757,2.9727,2.9727,2.9797,2.9807,2.9777,2.9777,12
2026-01-12 12:58:00,2.9732,2.9742,2.9727,2.9732,2.9782,2.9792,2.9777,2.9782,8
2026-01-12 12:59:00,2.9727,2.9747,2.9707,2.9712,2.9777,2.9797,2.9757,2.9762,18
2026-01-12 13:00:00,2.9717,2.9747,2.9652,2.9652,2.9767,2.9797,2.9702,2.9702,45
2026-01-12 13:01:00,2.9647,2.9727,2.9637,2.9712,2.9697,2.9777,2.9687,2.9762,48
2026-01-12 13:02:00,2.9707,2.9722,2.9697,2.9717,2.9757,2.9772,2.9747,2.9767,13
2026-01-12 13:03:00,2.9712,2.9717,2.9627,2.9657,2.9762,2.9767,2.9677,2.9707,27
2026-01-12 13:04:00,2.9652,2.9667,2.9637,2.9657,2.9702,2.9717,2.9687,2.9707,12
2026-01-12 13:05:00,2.9662,2.9687,2.9627,2.9647,2.9712,2.9737,2.9677,2.9697,21
2026-01-12 13:06:00,2.9642,2.9682,2.9642,2.9662,2.9692,2.9732,2.9692,2.9712,26
2026-01-12 13:07:00,2.9672,2.9757,2.9672,2.9707,2.9722,2.9807,2.9722,2.9757,40
2026-01-12 13:08:00,2.9722,2.9727,2.9697,2.9702,2.9772,2.9777,2.9747,2.9752,10
2026-01-12 13:09:00,2.9707,2.9732,2.9682,2.9697,2.9757,2.9782,2.9732,2.9747,21
2026-01-12 13:10:00,2.9702,2.9792,2.9667,2.9787,2.9752,2.9842,2.9717,2.9837,33
2026-01-12 13:11:00,2.9777,2.9777,2.9697,2.9702,2.9827,2.9827,2.9747,2.9752,18
2026-01-12 13:12:00,2.9707,2.9727,2.9707,2.9717,2.9757,2.9777,2.9757,2.9767,10
2026-01-12 13:13:00,2.9712,2.9767,2.9712,2.9762,2.9762,2.9817,2.9762,2.9812,13
2026-01-12 13:14:00,2.9757,2.9762,2.9757,2.9762,2.9807,2.9812,2.9807,2.9812,4
2026-01-12 13:15:00,2.9767,2.9777,2.9732,2.9772,2.9817,2.9827,2.9782,2.9822,20
2026-01-12 13:16:00,2.9762,2.9767,2.9742,2.9747,2.9812,2.9817,2.9792,2.9797,13
2026-01-12 13:17:00,2.9757,2.9817,2.9757,2.9787,2.9807,2.9867,2.9807,2.9837,21
2026-01-12 13:18:00,2.9777,2.9777,2.9627,2.9642,2.9827,2.9827,2.9677,2.9692,37
2026-01-12 13:19:00,2.9637,2.9757,2.9627,2.9697,2.9687,2.9807,2.9677,2.9747,45
2026-01-12 13:20:00,2.9687,2.9687,2.9572,2.9577,2.9737,2.9737,2.9622,2.9627,40
2026-01-12 13:21:00,2.9567,2.9642,2.9547,2.9642,2.9617,2.9692,2.9597,2.9692,42
2026-01-12 13:22:00,2.9647,2.9707,2.9637,2.9652,2.9697,2.9757,2.9687,2.9702,20
2026-01-12 13:23:00,2.9657,2.9677,2.9607,2.9617,2.9707,2.9727,2.9657,2.9667,21
2026-01-12 13:24:00,2.9612,2.9632,2.9527,2.9562,2.9662,2.9682,2.9577,2.9612,27
2026-01-12 13:25:00,2.9557,2.9572,2.9542,2.9562,2.9607,2.9622,2.9592,2.9612,16
2026-01-12 13:26:00,2.9572,2.9592,2.9527,2.9592,2.9622,2.9642,2.9577,2.9642,25
2026-01-12 13:27:00,2.9597,2.9632,2.9587,2.9632,2.9647,2.9682,2.9637,2.9682,19
2026-01-12 13:28:00,2.9637,2.9637,2.9572,2.9612,2.9687,2.9687,2.9622,2.9662,32
2026-01-12 13:29:00,2.9602,2.9637,2.9557,2.9607,2.9652,2.9687,2.9607,2.9657,23
2026-01-12 13:30:00,2.9617,2.9627,2.9377,2.9387,2.9667,2.9677,2.9427,2.9437,62
2026-01-12 13:31:00,2.9377,2.9417,2.9277,2.9317,2.9427,2.9467,2.9327,2.9367,80
2026-01-12 13:32:00,2.9327,2.9492,2.9327,2.9432,2.9377,2.9542,2.9377,2.9482,63
2026-01-12 13:33:00,2.9427,2.9452,2.9367,2.9377,2.9477,2.9502,2.9417,2.9427,24
2026-01-12 13:34:00,2.9382,2.9417,2.9372,2.9372,2.9432,2.9467,2.9422,2.9422,21
2026-01-12 13:35:00,2.9377,2.9397,2.9347,2.9367,2.9427,2.9447,2.9397,2.9417,30
2026-01-12 13:36:00,2.9372,2.9457,2.9372,2.9437,2.9422,2.9507,2.9422,2.9487,39
2026-01-12 13:37:00,2.9427,2.9427,2.9357,2.9372,2.9477,2.9477,2.9407,2.9422,24
2026-01-12 13:38:00,2.9362,2.9387,2.9352,2.9382,2.9412,2.9437,2.9402,2.9432,19
2026-01-12 13:39:00,2.9372,2.9372,2.9262,2.9267,2.9422,2.9422,2.9312,2.9317,48
2026-01-12 13:40:00,2.9272,2.9277,2.9157,2.9212,2.9322,2.9327,2.9207,2.9262,67
2026-01-12 13:41:00,2.9207,2.9217,2.9107,2.9147,2.9257,2.9267,2.9157,2.9197,65
2026-01-12 13:42:00,2.9152,2.9242,2.9152,2.9197,2.9202,2.9292,2.9202,2.9247,41
2026-01-12 13:43:00,2.9192,2.9337,2.9182,2.9317,2.9242,2.9387,2.9232,2.9367,62
2026-01-12 13:44:00,2.9312,2.9357,2.9312,2.9347,2.9362,2.9407,2.9362,2.9397,21
2026-01-12 13:45:00,2.9337,2.9337,2.9282,2.9297,2.9387,2.9387,2.9332,2.9347,32
2026-01-12 13:46:00,2.9317,2.9367,2.9317,2.9332,2.9367,2.9417,2.9367,2.9382,26
2026-01-12 13:47:00,2.9322,2.9347,2.9312,2.9337,2.9372,2.9397,2.9362,2.9387,19
2026-01-12 13:48:00,2.9332,2.9337,2.9277,2.9282,2.9382,2.9387,2.9327,2.9332,17
2026-01-12 13:49:00,2.9272,2.9337,2.9267,2.9302,2.9322,2.9387,2.9317,2.9352,35
2026-01-12 13:50:00,2.9297,2.9327,2.9297,2.9312,2.9347,2.9377,2.9347,2.9362,14
2026-01-12 13:51:00,2.9322,2.9387,2.9322,2.9347,2.9372,2.9437,2.9372,2.9397,38
2026-01-12 13:52:00,2.9337,2.9377,2.9302,2.9352,2.9387,2.9427,2.9352,2.9402,45
2026-01-12 13:53:00,2.9342,2.9357,2.9277,2.9332,2.9392,2.9407,2.9327,2.9382,42
2026-01-12 13:54:00,2.9327,2.9377,2.9287,2.9377,2.9377,2.9427,2.9337,2.9427,52
2026-01-12 13:55:00,2.9387,2.9417,2.9382,2.9397,2.9437,2.9467,2.9432,2.9447,33
2026-01-12 13:56:00,2.9387,2.9427,2.9332,2.9352,2.9437,2.9477,2.9382,2.9402,29
2026-01-12 13:57:00,2.9367,2.9417,2.9357,2.9392,2.9417,2.9467,2.9407,2.9442,25
2026-01-12 13:58:00,2.9397,2.9412,2.9342,2.9347,2.9447,2.9462,2.9392,2.9397,24
2026-01-12 13:59:00,2.9357,2.9392,2.9352,2.9362,2.9407,2.9442,2.9402,2.9412,15
2026-01-12 14:00:00,2.9357,2.9452,2.9317,2.9417,2.9407,2.9502,2.9367,2.9467,67
2026-01-12 14:01:00,2.9412,2.9537,2.9387,2.9527,2.9462,2.9587,2.9437,2.9577,51
2026-01-12 14:02:00,2.9532,2.9667,2.9532,2.9642,2.9582,2.9717,2.9582,2.9692,64
2026-01-12 14:03:00,2.9657,2.9662,2.9587,2.9597,2.9707,2.9712,2.9637,2.9647,41
2026-01-12 14:04:00,2.9592,2.9627,2.9587,2.9607,2.9642,2.9677,2.9637,2.9657,21
2026-01-12 14:05:00,2.9602,2.9607,2.9497,2.9512,2.9652,2.9657,2.9547,2.9562,53
2026-01-12 14:06:00,2.9507,2.9512,2.9442,2.9447,2.9557,2.9562,2.9492,2.9497,38
2026-01-12 14:07:00,2.9452,2.9482,2.9377,2.9387,2.9502,2.9532,2.9427,2.9437,41
2026-01-12 14:08:00,2.9382,2.9457,2.9347,2.9387,2.9432,2.9507,2.9397,2.9437,49
2026-01-12 14:09:00,2.9382,2.9387,2.9207,2.9212,2.9432,2.9437,2.9257,2.9262,51
2026-01-12 14:10:00,2.9217,2.9222,2.9127,2.9132,2.9267,2.9272,2.9177,2.9182,82
2026-01-12 14:11:00,2.9142,2.9257,2.8992,2.9187,2.9192,2.9307,2.9042,2.9237,122
2026-01-12 14:12:00,2.9182,2.9247,2.9177,2.9237,2.9232,2.9297,2.9227,2.9287,32
2026-01-12 14:13:00,2.9232,2.9232,2.9217,2.9227,2.9282,2.9282,2.9267,2.9277,9
2026-01-12 14:14:00,2.9217,2.9227,2.9187,2.9187,2.9267,2.9277,2.9237,2.9237,17
2026-01-12 14:15:00,2.9192,2.9287,2.9192,2.9227,2.9242,2.9337,2.9242,2.9277,53
2026-01-12 14:16:00,2.9222,2.9247,2.9217,2.9237,2.9272,2.9297,2.9267,2.9287,21
2026-01-12 14:17:00,2.9242,2.9287,2.9187,2.9232,2.9292,2.9337,2.9237,2.9282,64
2026-01-12 14:18:00,2.9227,2.9247,2.9207,2.9232,2.9277,2.9297,2.9257,2.9282,42
2026-01-12 14:19:00,2.9237,2.9237,2.9082,2.9112,2.9287,2.9287,2.9132,2.9162,105
2026-01-12 14:20:00,2.9117,2.9147,2.9097,2.9117,2.9167,2.9197,2.9147,2.9167,50
2026-01-12 14:21:00,2.9127,2.9167,2.9097,2.9102,2.9177,2.9217,2.9147,2.9152,53
2026-01-12 14:22:00,2.9107,2.9162,2.9077,2.9157,2.9157,2.9212,2.9127,2.9207,66
2026-01-12 14:23:00,2.9167,2.9257,2.9147,2.9257,2.9217,2.9307,2.9197,2.9307,52
2026-01-12 14:24:00,2.9267,2.9327,2.9257,2.9317,2.9317,2.9377,2.9307,2.9367,39
2026-01-12 14:25:00,2.9312,2.9367,2.9307,2.9357,2.9362,2.9417,2.9357,2.9407,30
2026-01-12 14:26:00,2.9347,2.9407,2.9257,2.9267,2.9397,2.9457,2.9307,2.9317,50
2026-01-12 14:27:00,2.9277,2.9292,2.9247,2.9267,2.9327,2.9342,2.9297,2.9317,35
2026-01-12 14:28:00,2.9272,2.9387,2.9272,2.9357,2.9322,2.9437,2.9322,2.9407,72
2026-01-12 14:29:00,2.9362,2.9437,2.9357,2.9407,2.9412,2.9487,2.9407,2.9457,50
2026-01-12 14:30:00,2.9397,2.9407,2.9347,2.9377,2.9447,2.9457,2.9397,2.9427,53
2026-01-12 14:31:00,2.9367,2.9367,2.9267,2.9337,2.9417,2.9417,2.9317,2.9387,59
2026-01-12 14:32:00,2.9322,2.9347,2.9307,2.9337,2.9372,2.9397,2.9357,2.9387,36
2026-01-12 14:33:00,2.9332,2.9357,2.9322,2.9342,2.9382,2.9407,2.9372,2.9392,32
2026-01-12 14:34:00,2.9347,2.9377,2.9297,2.9367,2.9397,2.9427,2.9347,2.9417,37
2026-01-12 14:35:00,2.9357,2.9517,2.9332,2.9392,2.9407,2.9567,2.9382,2.9442,109
2026-01-12 14:36:00,2.9397,2.9397,2.9297,2.9327,2.9447,2.9447,2.9347,2.9377,47
2026-01-12 14:37:00,2.9317,2.9407,2.9317,2.9347,2.9367,2.9457,2.9367,2.9397,50
2026-01-12 14:38:00,2.9342,2.9387,2.9307,2.9342,2.9392,2.9437,2.9357,2.9392,64
2026-01-12 14:39:00,2.9337,2.9407,2.9297,2.9332,2.9387,2.9457,2.9347,2.9382,63
2026-01-12 14:40:00,2.9327,2.9367,2.9307,2.9342,2.9377,2.9417,2.9357,2.9392,43
2026-01-12 14:41:00,2.9337,2.9352,2.9297,2.9332,2.9387,2.9402,2.9347,2.9382,30
2026-01-12 14:42:00,2.9337,2.9357,2.9317,2.9347,2.9387,2.9407,2.9367,2.9397,26
2026-01-12 14:43:00,2.9342,2.9357,2.9337,2.9342,2.9392,2.9407,2.9387,2.9392,9
2026-01-12 14:44:00,2.9332,2.9337,2.9227,2.9247,2.9382,2.9387,2.9277,2.9297,30
2026-01-12 14:45:00,2.9257,2.9347,2.9257,2.9337,2.9307,2.9397,2.9307,2.9387,33
2026-01-12 14:46:00,2.9342,2.9367,2.9287,2.9297,2.9392,2.9417,2.9337,2.9347,44
2026-01-12 14:47:00,2.9302,2.9307,2.9237,2.9237,2.9352,2.9357,2.9287,2.9287,28
2026-01-12 14:48:00,2.9242,2.9352,2.9207,2.9352,2.9292,2.9402,2.9257,2.9402,71
2026-01-12 14:49:00,2.9357,2.9427,2.9327,2.9327,2.9407,2.9477,2.9377,2.9377,33
2026-01-12 14:50:00,2.9332,2.9377,2.9262,2.9292,2.9382,2.9427,2.9312,2.9342,55
2026-01-12 14:51:00,2.9302,2.9352,2.9292,2.9292,2.9352,2.9402,2.9342,2.9342,42
2026-01-12 14:52:00,2.9282,2.9292,2.9222,2.9277,2.9332,2.9342,2.9272,2.9327,45
2026-01-12 14:53:00,2.9282,2.9297,2.9057,2.9177,2.9332,2.9347,2.9107,2.9227,122
2026-01-12 14:54:00,2.9172,2.9287,2.9152,2.9267,2.9222,2.9337,2.9202,2.9317,44
2026-01-12 14:55:00,2.9257,2.9297,2.9257,2.9277,2.9307,2.9347,2.9307,2.9327,16
2026-01-12 14:56:00,2.9272,2.9277,2.9197,2.9232,2.9322,2.9327,2.9247,2.9282,42
2026-01-12 14:57:00,2.9227,2.9227,2.9107,2.9127,2.9277,2.9277,2.9157,2.9177,85
2026-01-12 14:58:00,2.9117,2.9267,2.9107,2.9237,2.9167,2.9317,2.9157,2.9287,58
2026-01-12 14:59:00,2.9247,2.9287,2.9232,2.9237,2.9297,2.9337,2.9282,2.9287,34
2026-01-12 15:00:00,2.9232,2.9257,2.9057,2.9187,2.9282,2.9307,2.9107,2.9237,177
2026-01-12 15:01:00,2.9177,2.9307,2.9177,2.9287,2.9227,2.9357,2.9227,2.9337,96
2026-01-12 15:02:00,2.9297,2.9317,2.9252,2.9287,2.9347,2.9367,2.9302,2.9337,56
2026-01-12 15:03:00,2.9267,2.9267,2.9177,2.9197,2.9317,2.9317,2.9227,2.9247,56
2026-01-12 15:04:00,2.9192,2.9262,2.9102,2.9257,2.9242,2.9312,2.9152,2.9307,96
2026-01-12 15:05:00,2.9262,2.9287,2.9247,2.9247,2.9312,2.9337,2.9297,2.9297,40
2026-01-12 15:06:00,2.9237,2.9327,2.9237,2.9307,2.9287,2.9377,2.9287,2.9357,112
2026-01-12 15:07:00,2.9302,2.9457,2.9297,2.9427,2.9352,2.9507,2.9347,2.9477,97
2026-01-12 15:08:00,2.9417,2.9447,2.9327,2.9397,2.9467,2.9497,2.9377,2.9447,69
2026-01-12 15:09:00,2.9387,2.9437,2.9377,2.9377,2.9437,2.9487,2.9427,2.9427,36
2026-01-12 15:10:00,2.9367,2.9477,2.9357,2.9467,2.9417,2.9527,2.9407,2.9517,144
2026-01-12 15:11:00,2.9457,2.9467,2.9377,2.9382,2.9507,2.9517,2.9427,2.9432,64
2026-01-12 15:12:00,2.9387,2.9457,2.9377,2.9387,2.9437,2.9507,2.9427,2.9437,74
2026-01-12 15:13:00,2.9392,2.9437,2.9347,2.9407,2.9442,2.9487,2.9397,2.9457,95
2026-01-12 15:14:00,2.9397,2.9447,2.9377,2.9427,2.9447,2.9497,2.9427,2.9477,44
2026-01-12 15:15:00,2.9432,2.9467,2.9347,2.9407,2.9482,2.9517,2.9397,2.9457,74
2026-01-12 15:16:00,2.9397,2.9427,2.9307,2.9332,2.9447,2.9477,2.9357,2.9382,70
2026-01-12 15:17:00,2.9337,2.9447,2.9307,2.9417,2.9387,2.9497,2.9357,2.9467,67
2026-01-12 15:18:00,2.9412,2.9472,2.9377,2.9432,2.9462,2.9522,2.9427,2.9482,53
2026-01-12 15:19:00,2.9427,2.9437,2.9387,2.9407,2.9477,2.9487,2.9437,2.9457,31
2026-01-12 15:20:00,2.9402,2.9412,2.9302,2.9302,2.9452,2.9462,2.9352,2.9352,31
2026-01-12 15:21:00,2.9297,2.9337,2.9217,2.9277,2.9347,2.9387,2.9267,2.9327,83
2026-01-12 15:22:00,2.9267,2.9347,2.9237,2.9312,2.9317,2.9397,2.9287,2.9362,89
2026-01-12 15:23:00,2.9327,2.9377,2.9312,2.9372,2.9377,2.9427,2.9362,2.9422,43
2026-01-12 15:24:00,2.9377,2.9447,2.9367,2.9397,2.9427,2.9497,2.9417,2.9447,29
2026-01-12 15:25:00,2.9402,2.9407,2.9347,2.9357,2.9452,2.9457,2.9397,2.9407,37
2026-01-12 15:26:00,2.9367,2.9437,2.9362,2.9417,2.9417,2.9487,2.9412,2.9467,29
2026-01-12 15:27:00,2.9412,2.9442,2.9367,2.9432,2.9462,2.9492,2.9417,2.9482,45
2026-01-12 15:28:00,2.9437,2.9447,2.9362,2.9377,2.9487,2.9497,2.9412,2.9427,31
2026-01-12 15:29:00,2.9387,2.9387,2.9317,2.9357,2.9437,2.9437,2.9367,2.9407,17
2026-01-12 15:30:00,2.9307,2.9307,2.9167,2.9172,2.9357,2.9357,2.9217,2.9222,57
2026-01-12 15:31:00,2.9167,2.9297,2.9147,2.9272,2.9217,2.9347,2.9197,2.9322,79
2026-01-12 15:32:00,2.9282,2.9297,2.9247,2.9267,2.9332,2.9347,2.9297,2.9317,32
2026-01-12 15:33:00,2.9262,2.9407,2.9262,2.9387,2.9312,2.9457,2.9312,2.9437,50
2026-01-12 15:34:00,2.9392,2.9397,2.9327,2.9327,2.9442,2.9447,2.9377,2.9377,43
2026-01-12 15:35:00,2.9337,2.9537,2.9337,2.9497,2.9387,2.9587,2.9387,2.9547,127
2026-01-12 15:36:00,2.9502,2.9637,2.9497,2.9577,2.9552,2.9687,2.9547,2.9627,210
2026-01-12 15:37:00,2.9567,2.9617,2.9552,2.9552,2.9617,2.9667,2.9602,2.9602,79
2026-01-12 15:38:00,2.9557,2.9557,2.9487,2.9497,2.9607,2.9607,2.9537,2.9547,37
2026-01-12 15:39:00,2.9502,2.9692,2.9502,2.9622,2.9552,2.9742,2.9552,2.9672,130
2026-01-12 15:40:00,2.9627,2.9837,2.9597,2.9817,2.9677,2.9887,2.9647,2.9867,142
2026-01-12 15:41:00,2.9827,2.9827,2.9737,2.9767,2.9877,2.9877,2.9787,2.9817,104
2026-01-12 15:42:00,2.9762,2.9822,2.9752,2.9787,2.9812,2.9872,2.9802,2.9837,72
2026-01-12 15:43:00,2.9777,2.9777,2.9712,2.9757,2.9827,2.9827,2.9762,2.9807,58
2026-01-12 15:44:00,2.9762,2.9797,2.9707,2.9747,2.9812,2.9847,2.9757,2.9797,54
2026-01-12 15:45:00,2.9742,2.9742,2.9692,2.9707,2.9792,2.9792,2.9742,2.9757,48
2026-01-12 15:46:00,2.9717,2.9717,2.9602,2.9612,2.9767,2.9767,2.9652,2.9662,65
2026-01-12 15:47:00,2.9622,2.9707,2.9617,2.9647,2.9672,2.9757,2.9667,2.9697,60
2026-01-12 15:48:00,2.9652,2.9677,2.9627,2.9652,2.9702,2.9727,2.9677,2.9702,42
2026-01-12 15:49:00,2.9647,2.9657,2.9617,2.9617,2.9697,2.9707,2.9667,2.9667,42
2026-01-12 15:50:00,2.9612,2.9627,2.9557,2.9607,2.9662,2.9677,2.9607,2.9657,44
2026-01-12 15:51:00,2.9617,2.9817,2.9607,2.9757,2.9667,2.9867,2.9657,2.9807,86
2026-01-12 15:52:00,2.9752,2.9752,2.9657,2.9667,2.9802,2.9802,2.9707,2.9717,34
2026-01-12 15:53:00,2.9662,2.9662,2.9602,2.9647,2.9712,2.9712,2.9652,2.9697,54
2026-01-12 15:54:00,2.9652,2.9822,2.9647,2.9757,2.9702,2.9872,2.9697,2.9807,111
2026-01-12 15:55:00,2.9747,2.9877,2.9687,2.9807,2.9797,2.9927,2.9737,2.9857,97
2026-01-12 15:56:00,2.9812,2.9817,2.9767,2.9782,2.9862,2.9867,2.9817,2.9832,56
2026-01-12 15:57:00,2.9777,2.9842,2.9777,2.9822,2.9827,2.9892,2.9827,2.9872,47
2026-01-12 15:58:00,2.9837,2.9847,2.9762,2.9767,2.9887,2.9897,2.9812,2.9817,38
2026-01-12 15:59:00,2.9757,2.9807,2.9692,2.9787,2.9807,2.9857,2.9742,2.9837,53
2026-01-12 16:00:00,2.9782,2.9782,2.9747,2.9757,2.9832,2.9832,2.9797,2.9807,41
2026-01-12 16:01:00,2.9762,2.9907,2.9747,2.9897,2.9812,2.9957,2.9797,2.9947,79
2026-01-12 16:02:00,2.9887,2.9887,2.9797,2.9817,2.9937,2.9937,2.9847,2.9867,49
2026-01-12 16:03:00,2.9827,2.9837,2.9747,2.9807,2.9877,2.9887,2.9797,2.9857,47
2026-01-12 16:04:00,2.9802,2.9817,2.9787,2.9807,2.9852,2.9867,2.9837,2.9857,33
2026-01-12 16:05:00,2.9812,2.9812,2.9717,2.9767,2.9862,2.9862,2.9767,2.9817,47
2026-01-12 16:06:00,2.9762,2.9817,2.9757,2.9807,2.9812,2.9867,2.9807,2.9857,54
2026-01-12 16:07:00,2.9817,2.9902,2.9807,2.9827,2.9867,2.9952,2.9857,2.9877,40
2026-01-12 16:08:00,2.9822,2.9907,2.9807,2.9887,2.9872,2.9957,2.9857,2.9937,50
2026-01-12 16:09:00,2.9882,2.9947,2.9847,2.9947,2.9932,2.9997,2.9897,2.9997,34
2026-01-12 16:10:00,2.9937,2.9937,2.9847,2.9917,2.9987,2.9987,2.9897,2.9967,64
2026-01-12 16:11:00,2.9927,3.0012,2.9917,2.9997,2.9977,3.0062,2.9967,3.0047,62
2026-01-12 16:12:00,3.0007,3.0017,2.9967,2.9997,3.0057,3.0067,3.0017,3.0047,63
2026-01-12 16:13:00,3.0007,3.0037,2.9932,2.9932,3.0057,3.0087,2.9982,2.9982,62
2026-01-12 16:14:00,2.9942,2.9952,2.9887,2.9887,2.9992,3.0002,2.9937,2.9937,32
2026-01-12 16:15:00,2.9892,2.9917,2.9797,2.9797,2.9942,2.9967,2.9847,2.9847,52
2026-01-12 16:16:00,2.9802,2.9817,2.9757,2.9802,2.9852,2.9867,2.9807,2.9852,45
2026-01-12 16:17:00,2.9807,2.9897,2.9807,2.9887,2.9857,2.9947,2.9857,2.9937,41
2026-01-12 16:18:00,2.9882,2.9897,2.9857,2.9857,2.9932,2.9947,2.9907,2.9907,20
2026-01-12 16:19:00,2.9852,2.9877,2.9837,2.9852,2.9902,2.9927,2.9887,2.9902,23
2026-01-12 16:20:00,2.9862,2.9867,2.9727,2.9737,2.9912,2.9917,2.9777,2.9787,57
2026-01-12 16:21:00,2.9727,2.9842,2.9722,2.9777,2.9777,2.9892,2.9772,2.9827,54
2026-01-12 16:22:00,2.9767,2.9837,2.9757,2.9777,2.9817,2.9887,2.9807,2.9827,44
2026-01-12 16:23:00,2.9772,2.9847,2.9762,2.9837,2.9822,2.9897,2.9812,2.9887,37
2026-01-12 16:24:00,2.9832,2.9907,2.9822,2.9867,2.9882,2.9957,2.9872,2.9917,51
2026-01-12 16:25:00,2.9862,2.9887,2.9847,2.9867,2.9912,2.9937,2.9897,2.9917,42
2026-01-12 16:26:00,2.9877,2.9937,2.9867,2.9877,2.9927,2.9987,2.9917,2.9927,61
2026-01-12 16:27:00,2.9867,2.9937,2.9867,2.9907,2.9917,2.9987,2.9917,2.9957,49
2026-01-12 16:28:00,2.9897,2.9902,2.9877,2.9877,2.9947,2.9952,2.9927,2.9927,14
2026-01-12 16:29:00,2.9867,2.9917,2.9867,2.9897,2.9917,2.9967,2.9917,2.9947,25
2026-01-12 16:30:00,2.9907,2.9927,2.9897,2.9917,2.9957,2.9977,2.9947,2.9967,22
2026-01-12 16:31:00,2.9922,2.9922,2.9842,2.9872,2.9972,2.9972,2.9892,2.9922,53
2026-01-12 16:32:00,2.9867,2.9867,2.9787,2.9797,2.9917,2.9917,2.9837,2.9847,32
2026-01-12 16:33:00,2.9792,2.9817,2.9757,2.9817,2.9842,2.9867,2.9807,2.9867,36
2026-01-12 16:34:00,2.9807,2.9917,2.9807,2.9877,2.9857,2.9967,2.9857,2.9927,37
2026-01-12 16:35:00,2.9872,2.9887,2.9837,2.9877,2.9922,2.9937,2.9887,2.9927,24
2026-01-12 16:36:00,2.9882,2.9947,2.9877,2.9917,2.9932,2.9997,2.9927,2.9967,42
2026-01-12 16:37:00,2.9907,2.9907,2.9877,2.9902,2.9957,2.9957,2.9927,2.9952,22
2026-01-12 16:38:00,2.9897,2.9907,2.9887,2.9897,2.9947,2.9957,2.9937,2.9947,10
2026-01-12 16:39:00,2.9887,2.9917,2.9872,2.9907,2.9937,2.9967,2.9922,2.9957,42
2026-01-12 16:40:00,2.9902,2.9902,2.9822,2.9857,2.9952,2.9952,2.9872,2.9907,36
2026-01-12 16:41:00,2.9847,2.9897,2.9847,2.9877,2.9897,2.9947,2.9897,2.9927,30
2026-01-12 16:42:00,2.9867,2.9872,2.9832,2.9852,2.9917,2.9922,2.9882,2.9902,28
2026-01-12 16:43:00,2.9857,2.9867,2.9807,2.9867,2.9907,2.9917,2.9857,2.9917,41
2026-01-12 16:44:00,2.9877,2.9932,2.9867,2.9922,2.9927,2.9982,2.9917,2.9972,27
2026-01-12 16:45:00,2.9927,2.9927,2.9887,2.9902,2.9977,2.9977,2.9937,2.9952,10
2026-01-12 16:46:00,2.9897,2.9957,2.9887,2.9942,2.9947,3.0007,2.9937,2.9992,41
2026-01-12 16:47:00,2.9937,2.9942,2.9917,2.9932,2.9987,2.9992,2.9967,2.9982,12
2026-01-12 16:48:00,2.9937,2.9972,2.9887,2.9947,2.9987,3.0022,2.9937,2.9997,55
2026-01-12 16:49:00,2.9952,2.9977,2.9927,2.9962,3.0002,3.0027,2.9977,3.0012,49
2026-01-12 16:50:00,2.9967,3.0117,2.9937,3.0057,3.0017,3.0167,2.9987,3.0107,80
2026-01-12 16:51:00,3.0052,3.0057,3.0032,3.0032,3.0102,3.0107,3.0082,3.0082,17
2026-01-12 16:52:00,3.0022,3.0057,2.9982,3.0017,3.0072,3.0107,3.0032,3.0067,42
2026-01-12 16:53:00,3.0012,3.0042,2.9987,3.0037,3.0062,3.0092,3.0037,3.0087,50
2026-01-12 16:54:00,3.0047,3.0162,3.0037,3.0117,3.0097,3.0212,3.0087,3.0167,65
2026-01-12 16:55:00,3.0107,3.0137,3.0057,3.0057,3.0157,3.0187,3.0107,3.0107,49
2026-01-12 16:56:00,3.0052,3.0062,3.0012,3.0027,3.0102,3.0112,3.0062,3.0077,55
2026-01-12 16:57:00,3.0022,3.0022,2.9962,2.9967,3.0072,3.0072,3.0012,3.0017,32
2026-01-12 16:58:00,2.9962,2.9977,2.9902,2.9927,3.0012,3.0027,2.9952,2.9977,49
2026-01-12 16:59:00,2.9937,2.9957,2.9892,2.9892,2.9987,3.0007,2.9942,2.9942,58
2026-01-12 17:00:00,2.9887,2.9897,2.9807,2.9817,2.9937,2.9947,2.9857,2.9867,68
2026-01-12 17:01:00,2.9807,2.9822,2.9747,2.9787,2.9857,2.9872,2.9797,2.9837,46
2026-01-12 17:02:00,2.9777,2.9797,2.9717,2.9757,2.9827,2.9847,2.9767,2.9807,37
2026-01-12 17:03:00,2.9747,2.9947,2.9747,2.9897,2.9797,2.9997,2.9797,2.9947,84
2026-01-12 17:04:00,2.9887,2.9917,2.9877,2.9907,2.9937,2.9967,2.9927,2.9957,21
2026-01-12 17:05:00,2.9917,2.9917,2.9837,2.9847,2.9967,2.9967,2.9887,2.9897,27
2026-01-12 17:06:00,2.9842,2.9927,2.9827,2.9917,2.9892,2.9977,2.9877,2.9967,35
2026-01-12 17:07:00,2.9912,2.9917,2.9827,2.9887,2.9962,2.9967,2.9877,2.9937,48
2026-01-12 17:08:00,2.9882,2.9932,2.9867,2.9932,2.9932,2.9982,2.9917,2.9982,20
2026-01-12 17:09:00,2.9937,2.9967,2.9927,2.9957,2.9987,3.0017,2.9977,3.0007,32
2026-01-12 17:10:00,2.9952,2.9957,2.9902,2.9912,3.0002,3.0007,2.9952,2.9962,23
2026-01-12 17:11:00,2.9907,2.9932,2.9877,2.9927,2.9957,2.9982,2.9927,2.9977,36
2026-01-12 17:12:00,2.9917,2.9957,2.9892,2.9947,2.9967,3.0007,2.9942,2.9997,35
2026-01-12 17:13:00,2.9942,3.0042,2.9927,3.0017,2.9992,3.0092,2.9977,3.0067,58
2026-01-12 17:14:00,3.0012,3.0037,2.9997,2.9997,3.0062,3.0087,3.0047,3.0047,39
2026-01-12 17:15:00,2.9992,3.0027,2.9967,2.9997,3.0042,3.0077,3.0017,3.0047,32
2026-01-12 17:16:00,3.0007,3.0017,2.9977,2.9997,3.0057,3.0067,3.0027,3.0047,32
2026-01-12 17:17:00,3.0007,3.0027,2.9997,3.0017,3.0057,3.0077,3.0047,3.0067,21
2026-01-12 17:18:00,3.0027,3.0027,2.9982,2.9997,3.0077,3.0077,3.0032,3.0047,36
2026-01-12 17:19:00,2.9992,3.0017,2.9947,2.9987,3.0042,3.0067,2.9997,3.0037,30
2026-01-12 17:20:00,2.9992,3.0027,2.9962,2.9962,3.0042,3.0077,3.0012,3.0012,25
2026-01-12 17:21:00,2.9967,2.9977,2.9957,2.9962,3.0017,3.0027,3.0007,3.0012,15
2026-01-12 17:22:00,2.9957,2.9967,2.9927,2.9937,3.0007,3.0017,2.9977,2.9987,28
2026-01-12 17:23:00,2.9947,2.9987,2.9917,2.9927,2.9997,3.0037,2.9967,2.9977,38
2026-01-12 17:24:00,2.9932,2.9932,2.9877,2.9897,2.9982,2.9982,2.9927,2.9947,23
2026-01-12 17:25:00,2.9892,3.0032,2.9892,3.0017,2.9942,3.0082,2.9942,3.0067,35
2026-01-12 17:26:00,3.0022,3.0027,2.9967,2.9972,3.0072,3.0077,3.0017,3.0022,30
2026-01-12 17:27:00,2.9967,3.0007,2.9957,2.9977,3.0017,3.0057,3.0007,3.0027,26
2026-01-12 17:28:00,2.9987,3.0077,2.9977,3.0067,3.0037,3.0127,3.0027,3.0117,43
2026-01-12 17:29:00,3.0057,3.0187,3.0047,3.0172,3.0107,3.0237,3.0097,3.0222,106
2026-01-12 17:30:00,3.0162,3.0282,3.0137,3.0257,3.0212,3.0332,3.0187,3.0307,123
2026-01-12 17:31:00,3.0252,3.0287,3.0247,3.0267,3.0302,3.0337,3.0297,3.0317,67
2026-01-12 17:32:00,3.0272,3.0317,3.0272,3.0317,3.0322,3.0367,3.0322,3.0367,32
2026-01-12 17:33:00,3.0327,3.0327,3.0227,3.0257,3.0377,3.0377,3.0277,3.0307,74
2026-01-12 17:34:00,3.0252,3.0267,3.0157,3.0202,3.0302,3.0317,3.0207,3.0252,58
2026-01-12 17:35:00,3.0207,3.0377,3.0197,3.0352,3.0257,3.0427,3.0247,3.0402,93
2026-01-12 17:36:00,3.0347,3.0397,3.0337,3.0382,3.0397,3.0447,3.0387,3.0432,93
2026-01-12 17:37:00,3.0387,3.0407,3.0347,3.0347,3.0437,3.0457,3.0397,3.0397,61
2026-01-12 17:38:00,3.0337,3.0417,3.0317,3.0387,3.0387,3.0467,3.0367,3.0437,60
2026-01-12 17:39:00,3.0397,3.0397,3.0317,3.0322,3.0447,3.0447,3.0367,3.0372,54
2026-01-12 17:40:00,3.0317,3.0467,3.0297,3.0437,3.0367,3.0517,3.0347,3.0487,96
2026-01-12 17:41:00,3.0447,3.0462,3.0407,3.0422,3.0497,3.0512,3.0457,3.0472,70
2026-01-12 17:42:00,3.0427,3.0507,3.0417,3.0487,3.0477,3.0557,3.0467,3.0537,77
2026-01-12 17:43:00,3.0507,3.0512,3.0412,3.0412,3.0557,3.0562,3.0462,3.0462,39
2026-01-12 17:44:00,3.0402,3.0407,3.0342,3.0347,3.0452,3.0457,3.0392,3.0397,76
2026-01-12 17:45:00,3.0352,3.0447,3.0337,3.0377,3.0402,3.0497,3.0387,3.0427,73
2026-01-12 17:46:00,3.0372,3.0377,3.0347,3.0357,3.0422,3.0427,3.0397,3.0407,30
2026-01-12 17:47:00,3.0347,3.0357,3.0332,3.0347,3.0397,3.0407,3.0382,3.0397,36
2026-01-12 17:48:00,3.0342,3.0387,3.0297,3.0357,3.0392,3.0437,3.0347,3.0407,69
2026-01-12 17:49:00,3.0352,3.0417,3.0337,3.0382,3.0402,3.0467,3.0387,3.0432,29
2026-01-12 17:50:00,3.0387,3.0447,3.0387,3.0417,3.0437,3.0497,3.0437,3.0467,43
2026-01-12 17:51:00,3.0412,3.0417,3.0382,3.0397,3.0462,3.0467,3.0432,3.0447,21
2026-01-12 17:52:00,3.0392,3.0407,3.0367,3.0377,3.0442,3.0457,3.0417,3.0427,17
2026-01-12 17:53:00,3.0382,3.0407,3.0377,3.0402,3.0432,3.0457,3.0427,3.0452,18
2026-01-12 17:54:00,3.0387,3.0387,3.0367,3.0387,3.0437,3.0437,3.0417,3.0437,16
2026-01-12 17:55:00,3.0392,3.0457,3.0377,3.0437,3.0442,3.0507,3.0427,3.0487,41
2026-01-12 17:56:00,3.0442,3.0442,3.0417,3.0432,3.0492,3.0492,3.0467,3.0482,30
2026-01-12 17:57:00,3.0437,3.0447,3.0417,3.0437,3.0487,3.0497,3.0467,3.0487,19
2026-01-12 17:58:00,3.0442,3.0467,3.0437,3.0447,3.0492,3.0517,3.0487,3.0497,25
2026-01-12 17:59:00,3.0452,3.0457,3.0417,3.0437,3.0502,3.0507,3.0467,3.0487,30
2026-01-12 18:00:00,3.0442,3.0497,3.0432,3.0477,3.0492,3.0547,3.0482,3.0527,52
2026-01-12 18:01:00,3.0467,3.0467,3.0437,3.0457,3.0517,3.0517,3.0487,3.0507,11
2026-01-12 18:02:00,3.0452,3.0467,3.0432,3.0467,3.0502,3.0517,3.0482,3.0517,24
2026-01-12 18:03:00,3.0472,3.0537,3.0467,3.0527,3.0522,3.0587,3.0517,3.0577,42
2026-01-12 18:04:00,3.0532,3.0537,3.0447,3.0457,3.0582,3.0587,3.0497,3.0507,33
2026-01-12 18:05:00,3.0452,3.0457,3.0377,3.0382,3.0502,3.0507,3.0427,3.0432,44
2026-01-12 18:06:00,3.0387,3.0432,3.0367,3.0412,3.0437,3.0482,3.0417,3.0462,46
2026-01-12 18:07:00,3.0417,3.0432,3.0402,3.0412,3.0467,3.0482,3.0452,3.0462,18
2026-01-12 18:08:00,3.0407,3.0422,3.0387,3.0412,3.0457,3.0472,3.0437,3.0462,22
2026-01-12 18:09:00,3.0407,3.0457,3.0397,3.0412,3.0457,3.0507,3.0447,3.0462,36
2026-01-12 18:10:00,3.0417,3.0437,3.0407,3.0427,3.0467,3.0487,3.0457,3.0477,32
2026-01-12 18:11:00,3.0432,3.0467,3.0407,3.0407,3.0482,3.0517,3.0457,3.0457,42
2026-01-12 18:12:00,3.0402,3.0417,3.0347,3.0357,3.0452,3.0467,3.0397,3.0407,48
2026-01-12 18:13:00,3.0362,3.0407,3.0347,3.0387,3.0412,3.0457,3.0397,3.0437,35
2026-01-12 18:14:00,3.0397,3.0407,3.0367,3.0387,3.0447,3.0457,3.0417,3.0437,21
2026-01-12 18:15:00,3.0392,3.0397,3.0277,3.0277,3.0442,3.0447,3.0327,3.0327,49
2026-01-12 18:16:00,3.0282,3.0297,3.0227,3.0287,3.0332,3.0347,3.0277,3.0337,93
2026-01-12 18:17:00,3.0297,3.0297,3.0257,3.0267,3.0347,3.0347,3.0307,3.0317,45
2026-01-12 18:18:00,3.0272,3.0297,3.0257,3.0297,3.0322,3.0347,3.0307,3.0347,43
2026-01-12 18:19:00,3.0287,3.0307,3.0257,3.0287,3.0337,3.0357,3.0307,3.0337,35
2026-01-12 18:20:00,3.0292,3.0317,3.0277,3.0317,3.0342,3.0367,3.0327,3.0367,25
2026-01-12 18:21:00,3.0322,3.0417,3.0317,3.0387,3.0372,3.0467,3.0367,3.0437,41
2026-01-12 18:22:00,3.0392,3.0392,3.0307,3.0332,3.0442,3.0442,3.0357,3.0382,27
2026-01-12 18:23:00,3.0347,3.0402,3.0347,3.0402,3.0397,3.0452,3.0397,3.0452,22
2026-01-12 18:24:00,3.0407,3.0412,3.0387,3.0387,3.0457,3.0462,3.0437,3.0437,20
2026-01-12 18:25:00,3.0382,3.0382,3.0312,3.0322,3.0432,3.0432,3.0362,3.0372,19
2026-01-12 18:26:00,3.0327,3.0347,3.0297,3.0332,3.0377,3.0397,3.0347,3.0382,29
2026-01-12 18:27:00,3.0342,3.0347,3.0297,3.0332,3.0392,3.0397,3.0347,3.0382,48
2026-01-12 18:28:00,3.0327,3.0377,3.0317,3.0327,3.0377,3.0427,3.0367,3.0377,37
2026-01-12 18:29:00,3.0332,3.0367,3.0327,3.0367,3.0382,3.0417,3.0377,3.0417,13
2026-01-12 18:30:00,3.0377,3.0382,3.0287,3.0307,3.0427,3.0432,3.0337,3.0357,51
2026-01-12 18:31:00,3.0312,3.0347,3.0307,3.0347,3.0362,3.0397,3.0357,3.0397,25
2026-01-12 18:32:00,3.0342,3.0352,3.0317,3.0337,3.0392,3.0402,3.0367,3.0387,19
2026-01-12 18:33:00,3.0327,3.0357,3.0322,3.0357,3.0377,3.0407,3.0372,3.0407,14
2026-01-12 18:34:00,3.0367,3.0387,3.0367,3.0377,3.0417,3.0437,3.0417,3.0427,14
2026-01-12 18:35:00,3.0387,3.0387,3.0357,3.0357,3.0437,3.0437,3.0407,3.0407,17
2026-01-12 18:36:00,3.0367,3.0467,3.0367,3.0457,3.0417,3.0517,3.0417,3.0507,33
2026-01-12 18:37:00,3.0467,3.0477,3.0447,3.0467,3.0517,3.0527,3.0497,3.0517,50
2026-01-12 18:38:00,3.0472,3.0547,3.0467,3.0502,3.0522,3.0597,3.0517,3.0552,53
2026-01-12 18:39:00,3.0507,3.0507,3.0417,3.0447,3.0557,3.0557,3.0467,3.0497,49
2026-01-12 18:40:00,3.0452,3.0497,3.0432,3.0487,3.0502,3.0547,3.0482,3.0537,34
2026-01-12 18:41:00,3.0492,3.0507,3.0467,3.0497,3.0542,3.0557,3.0517,3.0547,39
2026-01-12 18:42:00,3.0502,3.0687,3.0502,3.0627,3.0552,3.0737,3.0552,3.0677,135
2026-01-12 18:43:00,3.0622,3.0687,3.0592,3.0622,3.0672,3.0737,3.0642,3.0672,79
2026-01-12 18:44:00,3.0617,3.0707,3.0617,3.0672,3.0667,3.0757,3.0667,3.0722,102
2026-01-12 18:45:00,3.0667,3.0697,3.0627,3.0682,3.0717,3.0747,3.0677,3.0732,56
2026-01-12 18:46:00,3.0677,3.0732,3.0637,3.0722,3.0727,3.0782,3.0687,3.0772,65
2026-01-12 18:47:00,3.0737,3.0757,3.0707,3.0722,3.0787,3.0807,3.0757,3.0772,50
2026-01-12 18:48:00,3.0712,3.0712,3.0577,3.0587,3.0762,3.0762,3.0627,3.0637,55
2026-01-12 18:49:00,3.0582,3.0697,3.0577,3.0677,3.0632,3.0747,3.0627,3.0727,65
2026-01-12 18:50:00,3.0667,3.0727,3.0637,3.0677,3.0717,3.0777,3.0687,3.0727,76
2026-01-12 18:51:00,3.0687,3.0747,3.0667,3.0727,3.0737,3.0797,3.0717,3.0777,87
2026-01-12 18:52:00,3.0722,3.0792,3.0677,3.0732,3.0772,3.0842,3.0727,3.0782,65
2026-01-12 18:53:00,3.0717,3.0747,3.0682,3.0702,3.0767,3.0797,3.0732,3.0752,43
2026-01-12 18:54:00,3.0707,3.0767,3.0697,3.0762,3.0757,3.0817,3.0747,3.0812,43
2026-01-12 18:55:00,3.0767,3.0777,3.0692,3.0707,3.0817,3.0827,3.0742,3.0757,20
2026-01-12 18:56:00,3.0702,3.0707,3.0677,3.0697,3.0752,3.0757,3.0727,3.0747,25
2026-01-12 18:57:00,3.0707,3.0767,3.0697,3.0737,3.0757,3.0817,3.0747,3.0787,45
2026-01-12 18:58:00,3.0732,3.0737,3.0687,3.0722,3.0782,3.0787,3.0737,3.0772,30
2026-01-12 18:59:00,3.0717,3.0717,3.0607,3.0647,3.0767,3.0767,3.0657,3.0697,44
2026-01-12 19:00:00,3.0642,3.0707,3.0612,3.0687,3.0692,3.0757,3.0662,3.0737,68
2026-01-12 19:01:00,3.0697,3.0727,3.0692,3.0712,3.0747,3.0777,3.0742,3.0762,43
2026-01-12 19:02:00,3.0707,3.0737,3.0687,3.0707,3.0757,3.0787,3.0737,3.0757,39
2026-01-12 19:03:00,3.0702,3.0757,3.0697,3.0747,3.0752,3.0807,3.0747,3.0797,16
2026-01-12 19:04:00,3.0752,3.0802,3.0747,3.0767,3.0802,3.0852,3.0797,3.0817,44
2026-01-12 19:05:00,3.0777,3.0837,3.0767,3.0822,3.0827,3.0887,3.0817,3.0872,33
2026-01-12 19:06:00,3.0817,3.0817,3.0777,3.0787,3.0867,3.0867,3.0827,3.0837,28
2026-01-12 19:07:00,3.0792,3.0802,3.0702,3.0707,3.0842,3.0852,3.0752,3.0757,32
2026-01-12 19:08:00,3.0697,3.0737,3.0687,3.0717,3.0747,3.0787,3.0737,3.0767,30
2026-01-12 19:09:00,3.0722,3.0797,3.0707,3.0767,3.0772,3.0847,3.0757,3.0817,61
2026-01-12 19:10:00,3.0777,3.0882,3.0772,3.0827,3.0827,3.0932,3.0822,3.0877,102
2026-01-12 19:11:00,3.0837,3.0867,3.0822,3.0857,3.0887,3.0917,3.0872,3.0907,33
2026-01-12 19:12:00,3.0852,3.0942,3.0852,3.0897,3.0902,3.0992,3.0902,3.0947,107
2026-01-12 19:13:00,3.0907,3.0912,3.0882,3.0907,3.0957,3.0962,3.0932,3.0957,46
2026-01-12 19:14:00,3.0897,3.0927,3.0877,3.0892,3.0947,3.0977,3.0927,3.0942,32
2026-01-12 19:15:00,3.0902,3.0927,3.0877,3.0887,3.0952,3.0977,3.0927,3.0937,36
2026-01-12 19:16:00,3.0882,3.0897,3.0862,3.0887,3.0932,3.0947,3.0912,3.0937,35
2026-01-12 19:17:00,3.0892,3.0892,3.0827,3.0837,3.0942,3.0942,3.0877,3.0887,45
2026-01-12 19:18:00,3.0842,3.0877,3.0842,3.0872,3.0892,3.0927,3.0892,3.0922,30
2026-01-12 19:19:00,3.0877,3.0957,3.0852,3.0917,3.0927,3.1007,3.0902,3.0967,70
2026-01-12 19:20:00,3.0907,3.1012,3.0907,3.0997,3.0957,3.1062,3.0957,3.1047,73
2026-01-12 19:21:00,3.0992,3.0992,3.0912,3.0927,3.1042,3.1042,3.0962,3.0977,51
2026-01-12 19:22:00,3.0917,3.0922,3.0867,3.0912,3.0967,3.0972,3.0917,3.0962,69
2026-01-12 19:23:00,3.0907,3.0907,3.0867,3.0877,3.0957,3.0957,3.0917,3.0927,33
2026-01-12 19:24:00,3.0882,3.0907,3.0852,3.0907,3.0932,3.0957,3.0902,3.0957,50
2026-01-12 19:25:00,3.0917,3.0937,3.0867,3.0877,3.0967,3.0987,3.0917,3.0927,61
2026-01-12 19:26:00,3.0882,3.0947,3.0877,3.0947,3.0932,3.0997,3.0927,3.0997,75
2026-01-12 19:27:00,3.0937,3.0937,3.0867,3.0892,3.0987,3.0987,3.0917,3.0942,61
2026-01-12 19:28:00,3.0887,3.0892,3.0837,3.0847,3.0937,3.0942,3.0887,3.0897,61
2026-01-12 19:29:00,3.0842,3.0877,3.0807,3.0867,3.0892,3.0927,3.0857,3.0917,55
2026-01-12 19:30:00,3.0862,3.0957,3.0862,3.0897,3.0912,3.1007,3.0912,3.0947,68
2026-01-12 19:31:00,3.0892,3.0957,3.0892,3.0947,3.0942,3.1007,3.0942,3.0997,33
2026-01-12 19:32:00,3.0942,3.0977,3.0917,3.0957,3.0992,3.1027,3.0967,3.1007,74
2026-01-12 19:33:00,3.0962,3.1047,3.0917,3.0957,3.1012,3.1097,3.0967,3.1007,94
2026-01-12 19:34:00,3.0967,3.0997,3.0937,3.0987,3.1017,3.1047,3.0987,3.1037,48
2026-01-12 19:35:00,3.0992,3.1002,3.0887,3.0912,3.1042,3.1052,3.0937,3.0962,42
2026-01-12 19:36:00,3.0927,3.1067,3.0927,3.1017,3.0977,3.1117,3.0977,3.1067,80
2026-01-12 19:37:00,3.1022,3.1047,3.1007,3.1007,3.1072,3.1097,3.1057,3.1057,64
2026-01-12 19:38:00,3.1017,3.1022,3.0977,3.1012,3.1067,3.1072,3.1027,3.1062,40
2026-01-12 19:39:00,3.1007,3.1037,3.0977,3.1027,3.1057,3.1087,3.1027,3.1077,65
2026-01-12 19:40:00,3.1032,3.1042,3.1007,3.1037,3.1082,3.1092,3.1057,3.1087,43
2026-01-12 19:41:00,3.1042,3.1062,3.1027,3.1037,3.1092,3.1112,3.1077,3.1087,48
2026-01-12 19:42:00,3.1032,3.1047,3.0967,3.1047,3.1082,3.1097,3.1017,3.1097,40
2026-01-12 19:43:00,3.1037,3.1057,3.1017,3.1037,3.1087,3.1107,3.1067,3.1087,28
2026-01-12 19:44:00,3.1042,3.1057,3.1017,3.1047,3.1092,3.1107,3.1067,3.1097,54
2026-01-12 19:45:00,3.1052,3.1057,3.1017,3.1017,3.1102,3.1107,3.1067,3.1067,33
2026-01-12 19:46:00,3.1027,3.1097,3.1017,3.1032,3.1077,3.1147,3.1067,3.1082,78
2026-01-12 19:47:00,3.1027,3.1057,3.1012,3.1047,3.1077,3.1107,3.1062,3.1097,44
2026-01-12 19:48:00,3.1052,3.1137,3.1047,3.1127,3.1102,3.1187,3.1097,3.1177,56
2026-01-12 19:49:00,3.1122,3.1212,3.1107,3.1187,3.1172,3.1262,3.1157,3.1237,62
2026-01-12 19:50:00,3.1177,3.1237,3.1167,3.1177,3.1227,3.1287,3.1217,3.1227,75
2026-01-12 19:51:00,3.1182,3.1217,3.1167,3.1207,3.1232,3.1267,3.1217,3.1257,41
2026-01-12 19:52:00,3.1212,3.1237,3.1177,3.1207,3.1262,3.1287,3.1227,3.1257,29
2026-01-12 19:53:00,3.1197,3.1207,3.1137,3.1152,3.1247,3.1257,3.1187,3.1202,66
2026-01-12 19:54:00,3.1157,3.1157,3.1107,3.1107,3.1207,3.1207,3.1157,3.1157,47
2026-01-12 19:55:00,3.1102,3.1102,3.1037,3.1047,3.1152,3.1152,3.1087,3.1097,28
2026-01-12 19:56:00,3.1037,3.1057,3.0977,3.1007,3.1087,3.1107,3.1027,3.1057,76
2026-01-12 19:57:00,3.1017,3.1047,3.0987,3.1037,3.1067,3.1097,3.1037,3.1087,46
2026-01-12 19:58:00,3.1032,3.1067,3.1027,3.1047,3.1082,3.1117,3.1077,3.1097,44
2026-01-12 19:59:00,3.1042,3.1067,3.1037,3.1067,3.1092,3.1117,3.1087,3.1117,32
2026-01-12 20:00:00,3.1062,3.1072,3.1017,3.1027,3.1112,3.1122,3.1067,3.1077,66
2026-01-12 20:01:00,3.1032,3.1067,3.0992,3.1067,3.1082,3.1117,3.1042,3.1117,50
2026-01-12 20:02:00,3.1062,3.1077,3.1047,3.1047,3.1112,3.1127,3.1097,3.1097,40
2026-01-12 20:03:00,3.1042,3.1132,3.1037,3.1122,3.1092,3.1182,3.1087,3.1172,56
2026-01-12 20:04:00,3.1137,3.1212,3.1107,3.1187,3.1187,3.1262,3.1157,3.1237,88
2026-01-12 20:05:00,3.1182,3.1197,3.1152,3.1177,3.1232,3.1247,3.1202,3.1227,69
2026-01-12 20:06:00,3.1167,3.1177,3.1097,3.1147,3.1217,3.1227,3.1147,3.1197,51
2026-01-12 20:07:00,3.1142,3.1157,3.1112,3.1152,3.1192,3.1207,3.1162,3.1202,35
2026-01-12 20:08:00,3.1157,3.1247,3.1152,3.1232,3.1207,3.1297,3.1202,3.1282,47
2026-01-12 20:09:00,3.1237,3.1282,3.1182,3.1187,3.1287,3.1332,3.1232,3.1237,55
2026-01-12 20:10:00,3.1192,3.1232,3.1157,3.1217,3.1242,3.1282,3.1207,3.1267,65
2026-01-12 20:11:00,3.1222,3.1227,3.1197,3.1207,3.1272,3.1277,3.1247,3.1257,10
2026-01-12 20:12:00,3.1227,3.1287,3.1227,3.1247,3.1277,3.1337,3.1277,3.1297,60
2026-01-12 20:13:00,3.1267,3.1297,3.1237,3.1237,3.1317,3.1347,3.1287,3.1287,38
2026-01-12 20:14:00,3.1227,3.1282,3.1227,3.1282,3.1277,3.1332,3.1277,3.1332,33
2026-01-12 20:15:00,3.1277,3.1332,3.1257,3.1317,3.1327,3.1382,3.1307,3.1367,54
2026-01-12 20:16:00,3.1322,3.1337,3.1297,3.1327,3.1372,3.1387,3.1347,3.1377,39
2026-01-12 20:17:00,3.1332,3.1402,3.1332,3.1387,3.1382,3.1452,3.1382,3.1437,61
2026-01-12 20:18:00,3.1382,3.1397,3.1347,3.1367,3.1432,3.1447,3.1397,3.1417,48
2026-01-12 20:19:00,3.1377,3.1427,3.1367,3.1407,3.1427,3.1477,3.1417,3.1457,57
2026-01-12 20:20:00,3.1402,3.1407,3.1337,3.1387,3.1452,3.1457,3.1387,3.1437,50
2026-01-12 20:21:00,3.1397,3.1412,3.1327,3.1337,3.1447,3.1462,3.1377,3.1387,38
2026-01-12 20:22:00,3.1327,3.1357,3.1297,3.1317,3.1377,3.1407,3.1347,3.1367,59
2026-01-12 20:23:00,3.1322,3.1407,3.1307,3.1397,3.1372,3.1457,3.1357,3.1447,41
2026-01-12 20:24:00,3.1392,3.1392,3.1297,3.1317,3.1442,3.1442,3.1347,3.1367,51
2026-01-12 20:25:00,3.1327,3.1367,3.1277,3.1357,3.1377,3.1417,3.1327,3.1407,176
2026-01-12 20:26:00,3.1362,3.1377,3.1232,3.1262,3.1412,3.1427,3.1282,3.1312,112
2026-01-12 20:27:00,3.1252,3.1252,3.1117,3.1122,3.1302,3.1302,3.1167,3.1172,134
2026-01-12 20:28:00,3.1117,3.1277,3.1107,3.1277,3.1167,3.1327,3.1157,3.1327,266
2026-01-12 20:29:00,3.1267,3.1277,3.1167,3.1187,3.1317,3.1327,3.1217,3.1237,150
2026-01-12 20:30:00,3.1182,3.1237,3.1147,3.1147,3.1232,3.1287,3.1197,3.1197,93
2026-01-12 20:31:00,3.1152,3.1152,3.1077,3.1087,3.1202,3.1202,3.1127,3.1137,57
2026-01-12 20:32:00,3.1092,3.1112,3.1047,3.1112,3.1142,3.1162,3.1097,3.1162,53
2026-01-12 20:33:00,3.1107,3.1117,3.1052,3.1052,3.1157,3.1167,3.1102,3.1102,29
2026-01-12 20:34:00,3.1047,3.1077,3.1047,3.1057,3.1097,3.1127,3.1097,3.1107,28
2026-01-12 20:35:00,3.1067,3.1097,3.1042,3.1087,3.1117,3.1147,3.1092,3.1137,33
2026-01-12 20:36:00,3.1077,3.1087,3.1022,3.1032,3.1127,3.1137,3.1072,3.1082,30
2026-01-12 20:37:00,3.1037,3.1042,3.1017,3.1017,3.1087,3.1092,3.1067,3.1067,21
2026-01-12 20:38:00,3.1027,3.1037,3.1017,3.1027,3.1077,3.1087,3.1067,3.1077,17
2026-01-12 20:39:00,3.1022,3.1047,3.1017,3.1047,3.1072,3.1097,3.1067,3.1097,20
2026-01-12 20:40:00,3.1042,3.1077,3.1037,3.1062,3.1092,3.1127,3.1087,3.1112,17
2026-01-12 20:41:00,3.1067,3.1117,3.1062,3.1107,3.1117,3.1167,3.1112,3.1157,27
2026-01-12 20:42:00,3.1097,3.1107,3.1082,3.1092,3.1147,3.1157,3.1132,3.1142,22
2026-01-12 20:43:00,3.1097,3.1107,3.1072,3.1077,3.1147,3.1157,3.1122,3.1127,16
2026-01-12 20:44:00,3.1057,3.1067,3.1027,3.1042,3.1107,3.1117,3.1077,3.1092,18
2026-01-12 20:45:00,3.1032,3.1062,3.1027,3.1057,3.1082,3.1112,3.1077,3.1107,20
2026-01-12 20:46:00,3.1062,3.1062,3.1027,3.1037,3.1112,3.1112,3.1077,3.1087,21
2026-01-12 20:47:00,3.1032,3.1037,3.0917,3.0927,3.1082,3.1087,3.0967,3.0977,50
2026-01-12 20:48:00,3.0922,3.0957,3.0922,3.0937,3.0972,3.1007,3.0972,3.0987,18
2026-01-12 20:49:00,3.0932,3.0947,3.0917,3.0932,3.0982,3.0997,3.0967,3.0982,14
2026-01-12 20:50:00,3.0937,3.0967,3.0927,3.0962,3.0987,3.1017,3.0977,3.1012,23
2026-01-12 20:51:00,3.0957,3.0992,3.0927,3.0992,3.1007,3.1042,3.0977,3.1042,30
2026-01-12 20:52:00,3.0987,3.1007,3.0977,3.0987,3.1037,3.1057,3.1027,3.1037,20
2026-01-12 20:53:00,3.0977,3.0987,3.0967,3.0977,3.1027,3.1037,3.1017,3.1027,21
2026-01-12 20:54:00,3.0972,3.0987,3.0937,3.0937,3.1022,3.1037,3.0987,3.0987,19
2026-01-12 20:55:00,3.0942,3.0957,3.0922,3.0927,3.0992,3.1007,3.0972,3.0977,18
2026-01-12 20:56:00,3.0932,3.0967,3.0932,3.0962,3.0982,3.1017,3.0982,3.1012,15
2026-01-12 20:57:00,3.0977,3.0977,3.0937,3.0952,3.1027,3.1027,3.0987,3.1002,23
2026-01-12 20:58:00,3.0957,3.0957,3.0937,3.0937,3.1007,3.1007,3.0987,3.0987,12
2026-01-12 20:59:00,3.0947,3.0977,3.0927,3.0967,3.0997,3.1027,3.0977,3.1017,15
2026-01-12 21:00:00,3.0972,3.1017,3.0967,3.0992,3.1022,3.1067,3.1017,3.1042,18
2026-01-12 21:01:00,3.0997,3.1007,3.0947,3.0957,3.1047,3.1057,3.0997,3.1007,42
2026-01-12 21:02:00,3.0967,3.0992,3.0967,3.0987,3.1017,3.1042,3.1017,3.1037,22
2026-01-12 21:03:00,3.0992,3.0992,3.0937,3.0947,3.1042,3.1042,3.0987,3.0997,17
2026-01-12 21:04:00,3.0942,3.0987,3.0942,3.0982,3.0992,3.1037,3.0992,3.1032,11
2026-01-12 21:05:00,3.0977,3.1037,3.0967,3.1027,3.1027,3.1087,3.1017,3.1077,24
2026-01-12 21:06:00,3.1022,3.1022,3.0992,3.0997,3.1072,3.1072,3.1042,3.1047,12
2026-01-12 21:07:00,3.1007,3.1022,3.0997,3.1017,3.1057,3.1072,3.1047,3.1067,7
2026-01-12 21:08:00,3.1007,3.1017,3.1002,3.1007,3.1057,3.1067,3.1052,3.1057,6
2026-01-12 21:09:00,3.1002,3.1007,3.0977,3.0987,3.1052,3.1057,3.1027,3.1037,14
2026-01-12 21:10:00,3.0982,3.1007,3.0967,3.0997,3.1032,3.1057,3.1017,3.1047,19
2026-01-12 21:11:00,3.0987,3.1017,3.0977,3.1007,3.1037,3.1067,3.1027,3.1057,10
2026-01-12 21:12:00,3.0997,3.1007,3.0987,3.1007,3.1047,3.1057,3.1037,3.1057,5
2026-01-12 21:13:00,3.1002,3.1002,3.0932,3.0932,3.1052,3.1052,3.0982,3.0982,13
2026-01-12 21:14:00,3.0937,3.0982,3.0937,3.0977,3.0987,3.1032,3.0987,3.1027,12
2026-01-12 21:15:00,3.0972,3.0977,3.0947,3.0977,3.1022,3.1027,3.0997,3.1027,14
2026-01-12 21:16:00,3.0967,3.0977,3.0967,3.0977,3.1017,3.1027,3.1017,3.1027,12
2026-01-12 21:17:00,3.0972,3.0972,3.0917,3.0917,3.1022,3.1022,3.0967,3.0967,17
2026-01-12 21:18:00,3.0932,3.0947,3.0927,3.0932,3.0982,3.0997,3.0977,3.0982,7
2026-01-12 21:19:00,3.0927,3.0937,3.0927,3.0937,3.0977,3.0987,3.0977,3.0987,4
2026-01-12 21:20:00,3.0942,3.0947,3.0937,3.0937,3.0992,3.0997,3.0987,3.0987,10
2026-01-12 21:21:00,3.0932,3.0952,3.0922,3.0937,3.0982,3.1002,3.0972,3.0987,24
2026-01-12 21:22:00,3.0947,3.0962,3.0927,3.0927,3.0997,3.1012,3.0977,3.0977,7
2026-01-12 21:23:00,3.0932,3.0932,3.0927,3.0927,3.0982,3.0982,3.0977,3.0977,2
2026-01-12 21:24:00,3.0937,3.0967,3.0937,3.0957,3.0987,3.1017,3.0987,3.1007,13
2026-01-12 21:25:00,3.0962,3.0967,3.0942,3.0947,3.1012,3.1017,3.0992,3.0997,15
2026-01-12 21:26:00,3.0957,3.0957,3.0937,3.0937,3.1007,3.1007,3.0987,3.0987,7
2026-01-12 21:27:00,3.0942,3.0947,3.0937,3.0947,3.0992,3.0997,3.0987,3.0997,10
2026-01-12 21:28:00,3.0952,3.0967,3.0947,3.0947,3.1002,3.1017,3.0997,3.0997,11
2026-01-12 21:29:00,3.0957,3.0967,3.0947,3.0967,3.1007,3.1017,3.0997,3.1017,16
2026-01-12 21:30:00,3.0977,3.1007,3.0957,3.0997,3.1027,3.1057,3.1007,3.1047,18
2026-01-12 21:31:00,3.1002,3.1027,3.0992,3.1027,3.1052,3.1077,3.1042,3.1077,32
2026-01-12 21:32:00,3.1022,3.1047,3.1022,3.1047,3.1072,3.1097,3.1072,3.1097,23
2026-01-12 21:33:00,3.1037,3.1057,3.1027,3.1037,3.1087,3.1107,3.1077,3.1087,19
2026-01-12 21:34:00,3.1027,3.1037,3.1027,3.1037,3.1077,3.1087,3.1077,3.1087,5
2026-01-12 21:35:00,3.1032,3.1057,3.1032,3.1037,3.1082,3.1107,3.1082,3.1087,11
2026-01-12 21:36:00,3.1042,3.1047,3.1027,3.1037,3.1092,3.1097,3.1077,3.1087,11
2026-01-12 21:37:00,3.1032,3.1032,3.1007,3.1017,3.1082,3.1082,3.1057,3.1067,10
2026-01-12 21:38:00,3.1012,3.1022,3.1012,3.1012,3.1062,3.1072,3.1062,3.1062,5
2026-01-12 21:39:00,3.1017,3.1017,3.1012,3.1012,3.1067,3.1067,3.1062,3.1062,4
2026-01-12 21:40:00,3.1007,3.1047,3.1007,3.1022,3.1057,3.1097,3.1057,3.1072,21
2026-01-12 21:41:00,3.1017,3.1037,3.1012,3.1027,3.1067,3.1087,3.1062,3.1077,20
2026-01-12 21:42:00,3.1037,3.1037,3.1007,3.1017,3.1087,3.1087,3.1057,3.1067,12
2026-01-12 21:43:00,3.1022,3.1022,3.1012,3.1017,3.1072,3.1072,3.1062,3.1067,3
2026-01-12 21:44:00,3.1007,3.1017,3.0997,3.1017,3.1057,3.1067,3.1047,3.1067,6
2026-01-12 21:45:00,3.1027,3.1027,3.1017,3.1017,3.1077,3.1077,3.1067,3.1067,2
2026-01-12 21:46:00,3.1012,3.1012,3.0997,3.1002,3.1062,3.1062,3.1047,3.1052,7
2026-01-12 21:47:00,3.0992,3.1007,3.0992,3.1002,3.1042,3.1057,3.1042,3.1052,8
2026-01-12 21:48:00,3.1007,3.1017,3.0997,3.1007,3.1057,3.1067,3.1047,3.1057,11
2026-01-12 21:49:00,3.1002,3.1037,3.1002,3.1017,3.1052,3.1087,3.1052,3.1067,20
2026-01-12 21:50:00,3.1022,3.1037,3.1017,3.1022,3.1072,3.1087,3.1067,3.1072,8
2026-01-12 21:51:00,3.1017,3.1022,3.1002,3.1012,3.1067,3.1072,3.1052,3.1062,9
2026-01-12 21:52:00,3.1017,3.1022,3.0987,3.0997,3.1067,3.1072,3.1037,3.1047,13
2026-01-12 21:53:00,3.0987,3.0992,3.0947,3.0957,3.1037,3.1042,3.0997,3.1007,14
2026-01-12 21:54:00,3.0952,3.0967,3.0927,3.0962,3.1002,3.1017,3.0977,3.1012,13
2026-01-12 21:55:00,3.0957,3.0967,3.0947,3.0947,3.1007,3.1017,3.0997,3.0997,14
2026-01-12 21:56:00,3.0952,3.0962,3.0947,3.0957,3.1002,3.1012,3.0997,3.1007,10
2026-01-12 21:57:00,3.0962,3.0967,3.0957,3.0957,3.1012,3.1017,3.1007,3.1007,4
2026-01-12 21:58:00,3.0947,3.0962,3.0947,3.0947,3.0997,3.1012,3.0997,3.0997,8
2026-01-12 21:59:00,3.0942,3.0947,3.0927,3.0937,3.0992,3.0997,3.0977,3.0987,9
2026-01-12 22:00:00,3.0927,3.0937,3.0902,3.0907,3.0977,3.0987,3.0952,3.0957,16
2026-01-12 22:01:00,3.0912,3.0917,3.0907,3.0917,3.0962,3.0967,3.0957,3.0967,6
2026-01-12 22:02:00,3.0907,3.0917,3.0897,3.0917,3.0957,3.0967,3.0947,3.0967,9
2026-01-12 22:03:00,3.0912,3.0927,3.0912,3.0922,3.0962,3.0977,3.0962,3.0972,9
2026-01-12 22:04:00,3.0927,3.0957,3.0917,3.0957,3.0977,3.1007,3.0967,3.1007,15
2026-01-12 22:06:00,3.0947,3.0957,3.0947,3.0947,3.0997,3.1007,3.0997,3.0997,5
2026-01-12 22:07:00,3.0942,3.0957,3.0942,3.0957,3.0992,3.1007,3.0992,3.1007,4
2026-01-12 22:08:00,3.0962,3.0977,3.0962,3.0977,3.1012,3.1027,3.1012,3.1027,3
2026-01-12 22:10:00,3.0962,3.0967,3.0947,3.0947,3.1012,3.1017,3.0997,3.0997,5
2026-01-12 22:11:00,3.0952,3.0997,3.0947,3.0977,3.1002,3.1047,3.0997,3.1027,12
2026-01-12 22:12:00,3.0982,3.0987,3.0977,3.0977,3.1032,3.1037,3.1027,3.1027,6
2026-01-12 22:13:00,3.0967,3.0967,3.0942,3.0947,3.1017,3.1017,3.0992,3.0997,6
2026-01-12 22:14:00,3.0957,3.0972,3.0947,3.0947,3.1007,3.1022,3.0997,3.0997,7
2026-01-12 22:15:00,3.0942,3.0947,3.0937,3.0947,3.0992,3.0997,3.0987,3.0997,3
2026-01-12 22:16:00,3.0942,3.0967,3.0937,3.0947,3.0992,3.1017,3.0987,3.0997,13
2026-01-12 22:17:00,3.0952,3.0957,3.0952,3.0957,3.1002,3.1007,3.1002,3.1007,4
2026-01-12 22:18:00,3.0967,3.0972,3.0857,3.0887,3.1017,3.1022,3.0907,3.0937,26
2026-01-12 22:19:00,3.0892,3.0892,3.0867,3.0877,3.0942,3.0942,3.0917,3.0927,15
2026-01-12 22:20:00,3.0882,3.0892,3.0867,3.0877,3.0932,3.0942,3.0917,3.0927,12
2026-01-12 22:21:00,3.0872,3.0887,3.0872,3.0887,3.0922,3.0937,3.0922,3.0937,3
2026-01-12 22:22:00,3.0892,3.0907,3.0887,3.0897,3.0942,3.0957,3.0937,3.0947,7
2026-01-12 22:23:00,3.0902,3.0902,3.0887,3.0887,3.0952,3.0952,3.0937,3.0937,3
2026-01-12 22:24:00,3.0897,3.0897,3.0887,3.0887,3.0947,3.0947,3.0937,3.0937,3
2026-01-12 22:25:00,3.0892,3.0892,3.0892,3.0892,3.0942,3.0942,3.0942,3.0942,1
2026-01-12 22:26:00,3.0897,3.0897,3.0897,3.0897,3.0947,3.0947,3.0947,3.0947,1
2026-01-12 22:27:00,3.0892,3.0897,3.0887,3.0887,3.0942,3.0947,3.0937,3.0937,7
2026-01-12 22:28:00,3.0897,3.0897,3.0887,3.0892,3.0947,3.0947,3.0937,3.0942,3
2026-01-12 22:29:00,3.0897,3.0927,3.0897,3.0917,3.0947,3.0977,3.0947,3.0967,7
2026-01-12 22:30:00,3.0922,3.0922,3.0907,3.0907,3.0972,3.0972,3.0957,3.0957,4
2026-01-12 22:31:00,3.0917,3.0917,3.0912,3.0917,3.0967,3.0967,3.0962,3.0967,3
2026-01-12 22:32:00,3.0907,3.0907,3.0897,3.0897,3.0957,3.0957,3.0947,3.0947,2
2026-01-12 22:33:00,3.0877,3.0887,3.0877,3.0887,3.0927,3.0937,3.0927,3.0937,4
2026-01-12 22:34:00,3.0892,3.0907,3.0892,3.0907,3.0942,3.0957,3.0942,3.0957,5
2026-01-12 22:36:00,3.0897,3.0897,3.0877,3.0877,3.0947,3.0947,3.0927,3.0927,3
2026-01-12 22:37:00,3.0882,3.0882,3.0867,3.0877,3.0932,3.0932,3.0917,3.0927,6
2026-01-12 22:38:00,3.0882,3.0882,3.0882,3.0882,3.0932,3.0932,3.0932,3.0932,1
2026-01-12 22:40:00,3.0862,3.0862,3.0837,3.0837,3.0912,3.0912,3.0887,3.0887,4
2026-01-12 22:41:00,3.0832,3.0832,3.0807,3.0812,3.0882,3.0882,3.0857,3.0862,6
2026-01-12 22:42:00,3.0817,3.0817,3.0807,3.0817,3.0867,3.0867,3.0857,3.0867,7
2026-01-12 22:43:00,3.0822,3.0847,3.0822,3.0837,3.0872,3.0897,3.0872,3.0887,8
2026-01-12 22:44:00,3.0842,3.0847,3.0837,3.0842,3.0892,3.0897,3.0887,3.0892,5
2026-01-12 22:45:00,3.0837,3.0842,3.0837,3.0837,3.0887,3.0892,3.0887,3.0887,5
2026-01-12 22:46:00,3.0832,3.0837,3.0827,3.0827,3.0882,3.0887,3.0877,3.0877,4
2026-01-12 22:47:00,3.0817,3.0837,3.0817,3.0832,3.0867,3.0887,3.0867,3.0882,6
2026-01-12 22:48:00,3.0842,3.0857,3.0837,3.0857,3.0892,3.0907,3.0887,3.0907,8
2026-01-12 22:49:00,3.0852,3.0852,3.0842,3.0842,3.0902,3.0902,3.0892,3.0892,3
2026-01-12 22:50:00,3.0837,3.0837,3.0797,3.0797,3.0887,3.0887,3.0847,3.0847,8
2026-01-12 22:51:00,3.0787,3.0787,3.0727,3.0767,3.0837,3.0837,3.0777,3.0817,22
2026-01-12 22:52:00,3.0762,3.0767,3.0747,3.0757,3.0812,3.0817,3.0797,3.0807,7
2026-01-12 22:53:00,3.0752,3.0767,3.0747,3.0752,3.0802,3.0817,3.0797,3.0802,8
2026-01-12 22:54:00,3.0757,3.0767,3.0697,3.0697,3.0807,3.0817,3.0747,3.0747,19
2026-01-12 22:55:00,3.0707,3.0707,3.0677,3.0677,3.0757,3.0757,3.0727,3.0727,7
2026-01-12 22:56:00,3.0682,3.0682,3.0682,3.0682,3.0732,3.0732,3.0732,3.0732,1
2026-01-12 22:57:00,3.0687,3.0702,3.0677,3.0687,3.0737,3.0752,3.0727,3.0737,15
2026-01-12 22:58:00,3.0697,3.0697,3.0657,3.0667,3.0747,3.0747,3.0707,3.0717,16
2026-01-12 22:59:00,3.0672,3.0687,3.0354,3.0364,3.0722,3.0737,3.0404,3.0414,41
2026-01-13 00:00:00,3.0374,3.0419,3.0374,3.0414,3.0424,3.0469,3.0424,3.0464,32
2026-01-13 00:01:00,3.0419,3.0419,3.0394,3.0394,3.0469,3.0469,3.0444,3.0444,6
2026-01-13 00:02:00,3.0384,3.0399,3.0379,3.0389,3.0434,3.0449,3.0429,3.0439,8
2026-01-13 00:03:00,3.0384,3.0409,3.0374,3.0404,3.0434,3.0459,3.0424,3.0454,10
2026-01-13 00:04:00,3.0399,3.0409,3.0399,3.0409,3.0449,3.0459,3.0449,3.0459,2
2026-01-13 00:05:00,3.0414,3.0424,3.0414,3.0414,3.0464,3.0474,3.0464,3.0464,4
2026-01-13 00:06:00,3.0419,3.0434,3.0414,3.0414,3.0469,3.0484,3.0464,3.0464,6
2026-01-13 00:07:00,3.0409,3.0409,3.0404,3.0404,3.0459,3.0459,3.0454,3.0454,2
2026-01-13 00:08:00,3.0419,3.0419,3.0394,3.0399,3.0469,3.0469,3.0444,3.0449,4
2026-01-13 00:09:00,3.0394,3.0429,3.0394,3.0409,3.0444,3.0479,3.0444,3.0459,12
2026-01-13 00:10:00,3.0404,3.0404,3.0394,3.0394,3.0454,3.0454,3.0444,3.0444,3
2026-01-13 00:11:00,3.0409,3.0414,3.0409,3.0414,3.0459,3.0464,3.0459,3.0464,4
2026-01-13 00:12:00,3.0419,3.0424,3.0419,3.0424,3.0469,3.0474,3.0469,3.0474,4
2026-01-13 00:13:00,3.0419,3.0459,3.0419,3.0429,3.0469,3.0509,3.0469,3.0479,11
2026-01-13 00:14:00,3.0424,3.0424,3.0414,3.0424,3.0474,3.0474,3.0464,3.0474,3
2026-01-13 00:15:00,3.0419,3.0419,3.0414,3.0414,3.0469,3.0469,3.0464,3.0464,2
2026-01-13 00:16:00,3.0409,3.0414,3.0404,3.0404,3.0459,3.0464,3.0454,3.0454,5
2026-01-13 00:17:00,3.0399,3.0404,3.0399,3.0404,3.0449,3.0454,3.0449,3.0454,2
2026-01-13 00:18:00,3.0409,3.0409,3.0394,3.0394,3.0459,3.0459,3.0444,3.0444,2
2026-01-13 00:19:00,3.0389,3.0389,3.0389,3.0389,3.0439,3.0439,3.0439,3.0439,1
2026-01-13 00:20:00,3.0404,3.0404,3.0379,3.0384,3.0454,3.0454,3.0429,3.0434,5
2026-01-13 00:21:00,3.0379,3.0379,3.0364,3.0374,3.0429,3.0429,3.0414,3.0424,5
2026-01-13 00:22:00,3.0369,3.0369,3.0364,3.0369,3.0419,3.0419,3.0414,3.0419,3
2026-01-13 00:23:00,3.0364,3.0374,3.0364,3.0364,3.0414,3.0424,3.0414,3.0414,4
2026-01-13 00:24:00,3.0369,3.0384,3.0369,3.0384,3.0419,3.0434,3.0419,3.0434,4
2026-01-13 00:25:00,3.0389,3.0404,3.0379,3.0404,3.0439,3.0454,3.0429,3.0454,6
2026-01-13 00:26:00,3.0394,3.0404,3.0394,3.0404,3.0444,3.0454,3.0444,3.0454,7
2026-01-13 00:27:00,3.0414,3.0429,3.0399,3.0404,3.0464,3.0479,3.0449,3.0454,8
2026-01-13 00:28:00,3.0399,3.0404,3.0394,3.0404,3.0449,3.0454,3.0444,3.0454,5
2026-01-13 00:29:00,3.0409,3.0409,3.0409,3.0409,3.0459,3.0459,3.0459,3.0459,1
2026-01-13 00:30:00,3.0404,3.0419,3.0404,3.0404,3.0454,3.0469,3.0454,3.0454,5
2026-01-13 00:31:00,3.0414,3.0414,3.0404,3.0404,3.0464,3.0464,3.0454,3.0454,2
2026-01-13 00:32:00,3.0414,3.0419,3.0414,3.0419,3.0464,3.0469,3.0464,3.0469,2
2026-01-13 00:33:00,3.0424,3.0444,3.0414,3.0429,3.0474,3.0494,3.0464,3.0479,13
2026-01-13 00:34:00,3.0434,3.0434,3.0424,3.0424,3.0484,3.0484,3.0474,3.0474,2
2026-01-13 00:35:00,3.0419,3.0424,3.0414,3.0414,3.0469,3.0474,3.0464,3.0464,6
2026-01-13 00:36:00,3.0419,3.0419,3.0414,3.0414,3.0469,3.0469,3.0464,3.0464,4
2026-01-13 00:37:00,3.0419,3.0424,3.0414,3.0419,3.0469,3.0474,3.0464,3.0469,4
2026-01-13 00:38:00,3.0414,3.0414,3.0409,3.0414,3.0464,3.0464,3.0459,3.0464,3
2026-01-13 00:39:00,3.0409,3.0409,3.0409,3.0409,3.0459,3.0459,3.0459,3.0459,1
2026-01-13 00:40:00,3.0414,3.0424,3.0409,3.0409,3.0464,3.0474,3.0459,3.0459,3
2026-01-13 00:41:00,3.0419,3.0429,3.0419,3.0429,3.0469,3.0479,3.0469,3.0479,2
2026-01-13 00:42:00,3.0424,3.0424,3.0424,3.0424,3.0474,3.0474,3.0474,3.0474,1
2026-01-13 00:43:00,3.0419,3.0419,3.0394,3.0404,3.0469,3.0469,3.0444,3.0454,7
2026-01-13 00:44:00,3.0394,3.0404,3.0394,3.0404,3.0444,3.0454,3.0444,3.0454,2
2026-01-13 00:45:00,3.0394,3.0404,3.0374,3.0374,3.0444,3.0454,3.0424,3.0424,6
2026-01-13 00:46:00,3.0369,3.0369,3.0364,3.0364,3.0419,3.0419,3.0414,3.0414,2
2026-01-13 00:47:00,3.0374,3.0379,3.0369,3.0379,3.0424,3.0429,3.0419,3.0429,4
2026-01-13 00:48:00,3.0374,3.0374,3.0269,3.0299,3.0424,3.0424,3.0319,3.0349,10
2026-01-13 00:49:00,3.0304,3.0329,3.0304,3.0319,3.0354,3.0379,3.0354,3.0369,9
2026-01-13 00:50:00,3.0314,3.0334,3.0314,3.0334,3.0364,3.0384,3.0364,3.0384,4
2026-01-13 00:51:00,3.0339,3.0364,3.0339,3.0354,3.0389,3.0414,3.0389,3.0404,7
2026-01-13 00:52:00,3.0349,3.0349,3.0349,3.0349,3.0399,3.0399,3.0399,3.0399,1
2026-01-13 00:53:00,3.0344,3.0369,3.0344,3.0369,3.0394,3.0419,3.0394,3.0419,4
2026-01-13 00:54:00,3.0374,3.0394,3.0369,3.0369,3.0424,3.0444,3.0419,3.0419,9
2026-01-13 00:55:00,3.0364,3.0364,3.0359,3.0359,3.0414,3.0414,3.0409,3.0409,2
2026-01-13 00:56:00,3.0354,3.0354,3.0354,3.0354,3.0404,3.0404,3.0404,3.0404,1
2026-01-13 00:57:00,3.0349,3.0354,3.0294,3.0294,3.0399,3.0404,3.0344,3.0344,13
2026-01-13 00:58:00,3.0289,3.0304,3.0264,3.0299,3.0339,3.0354,3.0314,3.0349,10
2026-01-13 00:59:00,3.0304,3.0309,3.0284,3.0284,3.0354,3.0359,3.0334,3.0334,5
2026-01-13 01:00:00,3.0289,3.0299,3.0274,3.0274,3.0339,3.0349,3.0324,3.0324,12
2026-01-13 01:01:00,3.0279,3.0309,3.0279,3.0309,3.0329,3.0359,3.0329,3.0359,5
2026-01-13 01:02:00,3.0299,3.0299,3.0249,3.0274,3.0349,3.0349,3.0299,3.0324,6
2026-01-13 01:03:00,3.0269,3.0269,3.0269,3.0269,3.0319,3.0319,3.0319,3.0319,1
2026-01-13 01:04:00,3.0274,3.0274,3.0269,3.0269,3.0324,3.0324,3.0319,3.0319,4
2026-01-13 01:05:00,3.0274,3.0274,3.0259,3.0264,3.0324,3.0324,3.0309,3.0314,6
2026-01-13 01:06:00,3.0259,3.0259,3.0254,3.0259,3.0309,3.0309,3.0304,3.0309,5
2026-01-13 01:07:00,3.0254,3.0254,3.0254,3.0254,3.0304,3.0304,3.0304,3.0304,1
2026-01-13 01:08:00,3.0259,3.0269,3.0234,3.0234,3.0309,3.0319,3.0284,3.0284,7
2026-01-13 01:09:00,3.0244,3.0274,3.0244,3.0274,3.0294,3.0324,3.0294,3.0324,6
2026-01-13 01:10:00,3.0254,3.0254,3.0244,3.0244,3.0304,3.0304,3.0294,3.0294,3
2026-01-13 01:11:00,3.0224,3.0244,3.0204,3.0219,3.0274,3.0294,3.0254,3.0269,13
2026-01-13 01:12:00,3.0224,3.0229,3.0224,3.0229,3.0274,3.0279,3.0274,3.0279,4
2026-01-13 01:13:00,3.0214,3.0229,3.0209,3.0229,3.0264,3.0279,3.0259,3.0279,7
2026-01-13 01:14:00,3.0234,3.0249,3.0194,3.0214,3.0284,3.0299,3.0244,3.0264,7
2026-01-13 01:15:00,3.0209,3.0244,3.0209,3.0234,3.0259,3.0294,3.0259,3.0284,5
2026-01-13 01:16:00,3.0239,3.0249,3.0219,3.0224,3.0289,3.0299,3.0269,3.0274,8
2026-01-13 01:17:00,3.0229,3.0229,3.0209,3.0219,3.0279,3.0279,3.0259,3.0269,4
2026-01-13 01:18:00,3.0214,3.0249,3.0214,3.0249,3.0264,3.0299,3.0264,3.0299,10
2026-01-13 01:20:00,3.0234,3.0239,3.0209,3.0209,3.0284,3.0289,3.0259,3.0259,7
2026-01-13 01:21:00,3.0219,3.0224,3.0209,3.0219,3.0269,3.0274,3.0259,3.0269,6
2026-01-13 01:22:00,3.0214,3.0229,3.0214,3.0229,3.0264,3.0279,3.0264,3.0279,3
2026-01-13 01:23:00,3.0224,3.0229,3.0224,3.0224,3.0274,3.0279,3.0274,3.0274,3
2026-01-13 01:24:00,3.0219,3.0229,3.0214,3.0219,3.0269,3.0279,3.0264,3.0269,6
2026-01-13 01:25:00,3.0209,3.0209,3.0209,3.0209,3.0259,3.0259,3.0259,3.0259,1
2026-01-13 01:26:00,3.0214,3.0214,3.0214,3.0214,3.0264,3.0264,3.0264,3.0264,1
2026-01-13 01:27:00,3.0219,3.0229,3.0219,3.0219,3.0269,3.0279,3.0269,3.0269,5
2026-01-13 01:28:00,3.0214,3.0219,3.0204,3.0219,3.0264,3.0269,3.0254,3.0269,3
2026-01-13 01:29:00,3.0234,3.0234,3.0229,3.0229,3.0284,3.0284,3.0279,3.0279,2
2026-01-13 01:31:00,3.0224,3.0224,3.0224,3.0224,3.0274,3.0274,3.0274,3.0274,1
2026-01-13 01:32:00,3.0219,3.0219,3.0214,3.0214,3.0269,3.0269,3.0264,3.0264,2
2026-01-13 01:33:00,3.0224,3.0229,3.0219,3.0224,3.0274,3.0279,3.0269,3.0274,5
2026-01-13 01:34:00,3.0239,3.0239,3.0234,3.0234,3.0289,3.0289,3.0284,3.0284,6
2026-01-13 01:35:00,3.0239,3.0239,3.0219,3.0219,3.0289,3.0289,3.0269,3.0269,3
2026-01-13 01:37:00,3.0229,3.0229,3.0229,3.0229,3.0279,3.0279,3.0279,3.0279,1
2026-01-13 01:38:00,3.0219,3.0264,3.0214,3.0259,3.0269,3.0314,3.0264,3.0309,11
2026-01-13 01:39:00,3.0264,3.0274,3.0254,3.0254,3.0314,3.0324,3.0304,3.0304,5
2026-01-13 01:40:00,3.0249,3.0249,3.0244,3.0244,3.0299,3.0299,3.0294,3.0294,2
2026-01-13 01:41:00,3.0239,3.0239,3.0239,3.0239,3.0289,3.0289,3.0289,3.0289,1
2026-01-13 01:43:00,3.0244,3.0254,3.0244,3.0254,3.0294,3.0304,3.0294,3.0304,2
2026-01-13 01:44:00,3.0249,3.0249,3.0249,3.0249,3.0299,3.0299,3.0299,3.0299,1
2026-01-13 01:45:00,3.0244,3.0254,3.0244,3.0244,3.0294,3.0304,3.0294,3.0294,3
2026-01-13 01:46:00,3.0249,3.0249,3.0249,3.0249,3.0299,3.0299,3.0299,3.0299,1
2026-01-13 01:47:00,3.0254,3.0254,3.0254,3.0254,3.0304,3.0304,3.0304,3.0304,1
2026-01-13 01:48:00,3.0249,3.0254,3.0234,3.0254,3.0299,3.0304,3.0284,3.0304,6
2026-01-13 01:49:00,3.0249,3.0264,3.0249,3.0264,3.0299,3.0314,3.0299,3.0314,3
2026-01-13 01:50:00,3.0269,3.0269,3.0249,3.0249,3.0319,3.0319,3.0299,3.0299,6
2026-01-13 01:51:00,3.0244,3.0274,3.0239,3.0254,3.0294,3.0324,3.0289,3.0304,10
2026-01-13 01:54:00,3.0259,3.0259,3.0249,3.0249,3.0309,3.0309,3.0299,3.0299,3
2026-01-13 01:56:00,3.0244,3.0249,3.0244,3.0249,3.0294,3.0299,3.0294,3.0299,2
2026-01-13 01:57:00,3.0244,3.0244,3.0244,3.0244,3.0294,3.0294,3.0294,3.0294,1
2026-01-13 01:58:00,3.0239,3.0239,3.0239,3.0239,3.0289,3.0289,3.0289,3.0289,1
2026-01-13 02:00:00,3.0244,3.0244,3.0149,3.0149,3.0294,3.0294,3.0199,3.0199,17
2026-01-13 02:01:00,3.0154,3.0174,3.0154,3.0174,3.0204,3.0224,3.0204,3.0224,7
2026-01-13 02:02:00,3.0169,3.0169,3.0169,3.0169,3.0219,3.0219,3.0219,3.0219,1
2026-01-13 02:03:00,3.0179,3.0219,3.0179,3.0219,3.0229,3.0269,3.0229,3.0269,7
2026-01-13 02:05:00,3.0204,3.0209,3.0199,3.0209,3.0254,3.0259,3.0249,3.0259,4
2026-01-13 02:06:00,3.0214,3.0214,3.0204,3.0204,3.0264,3.0264,3.0254,3.0254,3
2026-01-13 02:07:00,3.0209,3.0209,3.0209,3.0209,3.0259,3.0259,3.0259,3.0259,1
2026-01-13 02:08:00,3.0204,3.0234,3.0204,3.0224,3.0254,3.0284,3.0254,3.0274,5
2026-01-13 02:09:00,3.0234,3.0239,3.0234,3.0239,3.0284,3.0289,3.0284,3.0289,2
2026-01-13 02:10:00,3.0244,3.0244,3.0234,3.0239,3.0294,3.0294,3.0284,3.0289,3
2026-01-13 02:11:00,3.0234,3.0234,3.0234,3.0234,3.0284,3.0284,3.0284,3.0284,1
2026-01-13 02:12:00,3.0229,3.0239,3.0224,3.0234,3.0279,3.0289,3.0274,3.0284,4
2026-01-13 02:14:00,3.0239,3.0239,3.0214,3.0214,3.0289,3.0289,3.0264,3.0264,4
2026-01-13 02:15:00,3.0224,3.0229,3.0214,3.0229,3.0274,3.0279,3.0264,3.0279,6
2026-01-13 02:16:00,3.0209,3.0209,3.0154,3.0174,3.0259,3.0259,3.0204,3.0224,15
2026-01-13 02:17:00,3.0169,3.0184,3.0169,3.0184,3.0219,3.0234,3.0219,3.0234,4
2026-01-13 02:18:00,3.0189,3.0194,3.0184,3.0189,3.0239,3.0244,3.0234,3.0239,4
2026-01-13 02:19:00,3.0184,3.0184,3.0184,3.0184,3.0234,3.0234,3.0234,3.0234,1
2026-01-13 02:20:00,3.0179,3.0179,3.0179,3.0179,3.0229,3.0229,3.0229,3.0229,1
2026-01-13 02:21:00,3.0174,3.0179,3.0169,3.0174,3.0224,3.0229,3.0219,3.0224,5
2026-01-13 02:22:00,3.0169,3.0169,3.0169,3.0169,3.0219,3.0219,3.0219,3.0219,1
2026-01-13 02:23:00,3.0174,3.0174,3.0154,3.0164,3.0224,3.0224,3.0204,3.0214,7
2026-01-13 02:24:00,3.0169,3.0174,3.0164,3.0169,3.0219,3.0224,3.0214,3.0219,8
2026-01-13 02:25:00,3.0174,3.0174,3.0159,3.0164,3.0224,3.0224,3.0209,3.0214,4
2026-01-13 02:26:00,3.0169,3.0169,3.0164,3.0164,3.0219,3.0219,3.0214,3.0214,2
2026-01-13 02:27:00,3.0169,3.0174,3.0144,3.0144,3.0219,3.0224,3.0194,3.0194,10
2026-01-13 02:28:00,3.0149,3.0149,3.0144,3.0149,3.0199,3.0199,3.0194,3.0199,5
2026-01-13 02:29:00,3.0144,3.0149,3.0134,3.0134,3.0194,3.0199,3.0184,3.0184,5
2026-01-13 02:30:00,3.0139,3.0144,3.0139,3.0139,3.0189,3.0194,3.0189,3.0189,3
2026-01-13 02:31:00,3.0144,3.0214,3.0144,3.0209,3.0194,3.0264,3.0194,3.0259,12
2026-01-13 02:32:00,3.0214,3.0214,3.0214,3.0214,3.0264,3.0264,3.0264,3.0264,1
2026-01-13 02:33:00,3.0224,3.0224,3.0204,3.0209,3.0274,3.0274,3.0254,3.0259,5
2026-01-13 02:34:00,3.0214,3.0224,3.0214,3.0224,3.0264,3.0274,3.0264,3.0274,2
2026-01-13 02:35:00,3.0229,3.0244,3.0229,3.0244,3.0279,3.0294,3.0279,3.0294,3
2026-01-13 02:36:00,3.0249,3.0249,3.0244,3.0249,3.0299,3.0299,3.0294,3.0299,3
2026-01-13 02:37:00,3.0244,3.0244,3.0239,3.0244,3.0294,3.0294,3.0289,3.0294,3
2026-01-13 02:38:00,3.0239,3.0239,3.0239,3.0239,3.0289,3.0289,3.0289,3.0289,1
2026-01-13 02:39:00,3.0244,3.0244,3.0244,3.0244,3.0294,3.0294,3.0294,3.0294,1
2026-01-13 02:41:00,3.0234,3.0239,3.0234,3.0239,3.0284,3.0289,3.0284,3.0289,4
2026-01-13 02:44:00,3.0234,3.0234,3.0229,3.0234,3.0284,3.0284,3.0279,3.0284,3
2026-01-13 02:45:00,3.0229,3.0249,3.0229,3.0249,3.0279,3.0299,3.0279,3.0299,3
2026-01-13 02:46:00,3.0259,3.0259,3.0224,3.0229,3.0309,3.0309,3.0274,3.0279,9
2026-01-13 02:47:00,3.0234,3.0244,3.0229,3.0229,3.0284,3.0294,3.0279,3.0279,10
2026-01-13 02:49:00,3.0224,3.0234,3.0194,3.0204,3.0274,3.0284,3.0244,3.0254,16
2026-01-13 02:50:00,3.0214,3.0214,3.0209,3.0209,3.0264,3.0264,3.0259,3.0259,2
2026-01-13 02:51:00,3.0214,3.0214,3.0204,3.0204,3.0264,3.0264,3.0254,3.0254,3
2026-01-13 02:52:00,3.0199,3.0224,3.0199,3.0224,3.0249,3.0274,3.0249,3.0274,7
2026-01-13 02:53:00,3.0209,3.0224,3.0209,3.0209,3.0259,3.0274,3.0259,3.0259,8
2026-01-13 02:54:00,3.0219,3.0259,3.0219,3.0259,3.0269,3.0309,3.0269,3.0309,6
2026-01-13 02:56:00,3.0264,3.0344,3.0259,3.0304,3.0314,3.0394,3.0309,3.0354,22
2026-01-13 02:57:00,3.0309,3.0319,3.0274,3.0294,3.0359,3.0369,3.0324,3.0344,14
2026-01-13 02:58:00,3.0299,3.0304,3.0279,3.0289,3.0349,3.0354,3.0329,3.0339,9
2026-01-13 02:59:00,3.0294,3.0294,3.0284,3.0289,3.0344,3.0344,3.0334,3.0339,3
2026-01-13 03:00:00,3.0294,3.0309,3.0294,3.0309,3.0344,3.0359,3.0344,3.0359,7
2026-01-13 03:01:00,3.0294,3.0294,3.0294,3.0294,3.0344,3.0344,3.0344,3.0344,1
2026-01-13 03:02:00,3.0289,3.0294,3.0279,3.0279,3.0339,3.0344,3.0329,3.0329,5
2026-01-13 03:03:00,3.0284,3.0284,3.0259,3.0279,3.0334,3.0334,3.0309,3.0329,9
2026-01-13 03:04:00,3.0269,3.0274,3.0259,3.0259,3.0319,3.0324,3.0309,3.0309,4
2026-01-13 03:05:00,3.0264,3.0264,3.0254,3.0264,3.0314,3.0314,3.0304,3.0314,4
2026-01-13 03:06:00,3.0269,3.0279,3.0269,3.0279,3.0319,3.0329,3.0319,3.0329,3
2026-01-13 03:08:00,3.0284,3.0304,3.0279,3.0299,3.0334,3.0354,3.0329,3.0349,6
2026-01-13 03:09:00,3.0294,3.0299,3.0274,3.0279,3.0344,3.0349,3.0324,3.0329,8
2026-01-13 03:10:00,3.0284,3.0299,3.0284,3.0299,3.0334,3.0349,3.0334,3.0349,4
2026-01-13 03:11:00,3.0304,3.0304,3.0294,3.0294,3.0354,3.0354,3.0344,3.0344,2
2026-01-13 03:12:00,3.0299,3.0304,3.0299,3.0304,3.0349,3.0354,3.0349,3.0354,2
2026-01-13 03:13:00,3.0299,3.0299,3.0299,3.0299,3.0349,3.0349,3.0349,3.0349,1
2026-01-13 03:14:00,3.0294,3.0294,3.0284,3.0294,3.0344,3.0344,3.0334,3.0344,4
2026-01-13 03:15:00,3.0289,3.0289,3.0224,3.0254,3.0339,3.0339,3.0274,3.0304,24
2026-01-13 03:16:00,3.0249,3.0259,3.0249,3.0254,3.0299,3.0309,3.0299,3.0304,4
2026-01-13 03:17:00,3.0249,3.0249,3.0244,3.0249,3.0299,3.0299,3.0294,3.0299,3
2026-01-13 03:18:00,3.0234,3.0254,3.0234,3.0244,3.0284,3.0304,3.0284,3.0294,4
2026-01-13 03:19:00,3.0249,3.0249,3.0244,3.0244,3.0299,3.0299,3.0294,3.0294,4
2026-01-13 03:20:00,3.0254,3.0254,3.0254,3.0254,3.0304,3.0304,3.0304,3.0304,1
2026-01-13 03:21:00,3.0244,3.0244,3.0239,3.0239,3.0294,3.0294,3.0289,3.0289,2
2026-01-13 03:22:00,3.0234,3.0234,3.0224,3.0224,3.0284,3.0284,3.0274,3.0274,4
2026-01-13 03:23:00,3.0239,3.0239,3.0234,3.0234,3.0289,3.0289,3.0284,3.0284,2
2026-01-13 03:25:00,3.0239,3.0244,3.0229,3.0229,3.0289,3.0294,3.0279,3.0279,5
2026-01-13 03:28:00,3.0209,3.0224,3.0189,3.0224,3.0259,3.0274,3.0239,3.0274,13
2026-01-13 03:29:00,3.0214,3.0214,3.0214,3.0214,3.0264,3.0264,3.0264,3.0264,1
2026-01-13 03:30:00,3.0219,3.0224,3.0204,3.0214,3.0269,3.0274,3.0254,3.0264,14
2026-01-13 03:31:00,3.0219,3.0224,3.0214,3.0219,3.0269,3.0274,3.0264,3.0269,5
2026-01-13 03:34:00,3.0214,3.0214,3.0214,3.0214,3.0264,3.0264,3.0264,3.0264,1
2026-01-13 03:35:00,3.0219,3.0219,3.0214,3.0214,3.0269,3.0269,3.0264,3.0264,2
2026-01-13 03:36:00,3.0204,3.0204,3.0194,3.0194,3.0254,3.0254,3.0244,3.0244,4
2026-01-13 03:37:00,3.0189,3.0189,3.0179,3.0179,3.0239,3.0239,3.0229,3.0229,2
2026-01-13 03:38:00,3.0184,3.0194,3.0184,3.0194,3.0234,3.0244,3.0234,3.0244,2
2026-01-13 03:40:00,3.0189,3.0189,3.0189,3.0189,3.0239,3.0239,3.0239,3.0239,1
2026-01-13 03:41:00,3.0184,3.0189,3.0184,3.0184,3.0234,3.0239,3.0234,3.0234,3
2026-01-13 03:42:00,3.0179,3.0184,3.0174,3.0174,3.0229,3.0234,3.0224,3.0224,5
2026-01-13 03:43:00,3.0179,3.0189,3.0159,3.0184,3.0229,3.0239,3.0209,3.0234,11
2026-01-13 03:45:00,3.0199,3.0219,3.0199,3.0214,3.0249,3.0269,3.0249,3.0264,4
2026-01-13 03:46:00,3.0219,3.0244,3.0219,3.0244,3.0269,3.0294,3.0269,3.0294,3
2026-01-13 03:47:00,3.0254,3.0254,3.0244,3.0244,3.0304,3.0304,3.0294,3.0294,4
2026-01-13 03:50:00,3.0249,3.0254,3.0244,3.0254,3.0299,3.0304,3.0294,3.0304,3
2026-01-13 03:52:00,3.0264,3.0279,3.0259,3.0274,3.0314,3.0329,3.0309,3.0324,8
2026-01-13 03:53:00,3.0269,3.0269,3.0264,3.0264,3.0319,3.0319,3.0314,3.0314,2
2026-01-13 03:57:00,3.0254,3.0254,3.0229,3.0234,3.0304,3.0304,3.0279,3.0284,6
2026-01-13 03:58:00,3.0239,3.0244,3.0174,3.0184,3.0289,3.0294,3.0224,3.0234,11
2026-01-13 03:59:00,3.0189,3.0194,3.0189,3.0194,3.0239,3.0244,3.0239,3.0244,2
2026-01-13 04:00:00,3.0179,3.0179,3.0179,3.0179,3.0229,3.0229,3.0229,3.0229,1
2026-01-13 04:01:00,3.0169,3.0179,3.0169,3.0179,3.0219,3.0229,3.0219,3.0229,2
2026-01-13 04:03:00,3.0184,3.0194,3.0184,3.0189,3.0234,3.0244,3.0234,3.0239,3
2026-01-13 04:04:00,3.0184,3.0184,3.0169,3.0169,3.0234,3.0234,3.0219,3.0219,3
2026-01-13 04:05:00,3.0164,3.0169,3.0164,3.0169,3.0214,3.0219,3.0214,3.0219,2
2026-01-13 04:06:00,3.0174,3.0204,3.0174,3.0204,3.0224,3.0254,3.0224,3.0254,8
2026-01-13 04:08:00,3.0194,3.0194,3.0184,3.0184,3.0244,3.0244,3.0234,3.0234,2
2026-01-13 04:09:00,3.0179,3.0189,3.0179,3.0189,3.0229,3.0239,3.0229,3.0239,2
2026-01-13 04:10:00,3.0184,3.0184,3.0184,3.0184,3.0234,3.0234,3.0234,3.0234,1
2026-01-13 04:11:00,3.0189,3.0264,3.0189,3.0254,3.0239,3.0314,3.0239,3.0304,23
2026-01-13 04:12:00,3.0244,3.0254,3.0244,3.0254,3.0294,3.0304,3.0294,3.0304,2
2026-01-13 04:13:00,3.0249,3.0259,3.0219,3.0229,3.0299,3.0309,3.0269,3.0279,11
2026-01-13 04:14:00,3.0224,3.0224,3.0214,3.0214,3.0274,3.0274,3.0264,3.0264,4
2026-01-13 04:15:00,3.0204,3.0219,3.0194,3.0214,3.0254,3.0269,3.0244,3.0264,10
2026-01-13 04:16:00,3.0209,3.0229,3.0209,3.0224,3.0259,3.0279,3.0259,3.0274,10
2026-01-13 04:17:00,3.0219,3.0274,3.0219,3.0244,3.0269,3.0324,3.0269,3.0294,13
2026-01-13 04:18:00,3.0239,3.0244,3.0229,3.0229,3.0289,3.0294,3.0279,3.0279,5
2026-01-13 04:19:00,3.0224,3.0234,3.0224,3.0234,3.0274,3.0284,3.0274,3.0284,3
2026-01-13 04:20:00,3.0229,3.0234,3.0229,3.0229,3.0279,3.0284,3.0279,3.0279,3
2026-01-13 04:24:00,3.0244,3.0244,3.0214,3.0219,3.0294,3.0294,3.0264,3.0269,12
2026-01-13 04:25:00,3.0214,3.0224,3.0214,3.0224,3.0264,3.0274,3.0264,3.0274,3
2026-01-13 04:26:00,3.0239,3.0244,3.0229,3.0234,3.0289,3.0294,3.0279,3.0284,5
2026-01-13 04:27:00,3.0229,3.0229,3.0219,3.0229,3.0279,3.0279,3.0269,3.0279,5
2026-01-13 04:28:00,3.0234,3.0234,3.0229,3.0234,3.0284,3.0284,3.0279,3.0284,3
2026-01-13 04:29:00,3.0229,3.0234,3.0229,3.0234,3.0279,3.0284,3.0279,3.0284,2
2026-01-13 04:30:00,3.0229,3.0229,3.0184,3.0214,3.0279,3.0279,3.0234,3.0264,16
2026-01-13 04:31:00,3.0219,3.0229,3.0194,3.0204,3.0269,3.0279,3.0244,3.0254,14
2026-01-13 04:32:00,3.0209,3.0209,3.0164,3.0174,3.0259,3.0259,3.0214,3.0224,10
2026-01-13 04:33:00,3.0184,3.0184,3.0149,3.0169,3.0234,3.0234,3.0199,3.0219,16
2026-01-13 04:34:00,3.0159,3.0174,3.0144,3.0174,3.0209,3.0224,3.0194,3.0224,10
2026-01-13 04:35:00,3.0179,3.0184,3.0164,3.0174,3.0229,3.0234,3.0214,3.0224,8
2026-01-13 04:36:00,3.0179,3.0179,3.0174,3.0174,3.0229,3.0229,3.0224,3.0224,2
2026-01-13 04:37:00,3.0179,3.0244,3.0179,3.0234,3.0229,3.0294,3.0229,3.0284,14
2026-01-13 04:38:00,3.0239,3.0279,3.0229,3.0274,3.0289,3.0329,3.0279,3.0324,14
2026-01-13 04:39:00,3.0264,3.0269,3.0249,3.0249,3.0314,3.0319,3.0299,3.0299,12
2026-01-13 04:40:00,3.0254,3.0254,3.0249,3.0249,3.0304,3.0304,3.0299,3.0299,2
2026-01-13 04:41:00,3.0234,3.0254,3.0234,3.0254,3.0284,3.0304,3.0284,3.0304,3
2026-01-13 04:42:00,3.0249,3.0254,3.0239,3.0254,3.0299,3.0304,3.0289,3.0304,9
2026-01-13 04:45:00,3.0244,3.0244,3.0234,3.0239,3.0294,3.0294,3.0284,3.0289,3
2026-01-13 04:46:00,3.0244,3.0244,3.0239,3.0244,3.0294,3.0294,3.0289,3.0294,3
2026-01-13 04:47:00,3.0239,3.0244,3.0239,3.0244,3.0289,3.0294,3.0289,3.0294,2
2026-01-13 04:48:00,3.0239,3.0244,3.0234,3.0234,3.0289,3.0294,3.0284,3.0284,3
2026-01-13 04:49:00,3.0229,3.0244,3.0224,3.0234,3.0279,3.0294,3.0274,3.0284,6
2026-01-13 04:51:00,3.0244,3.0254,3.0244,3.0244,3.0294,3.0304,3.0294,3.0294,3
2026-01-13 04:52:00,3.0249,3.0254,3.0244,3.0244,3.0299,3.0304,3.0294,3.0294,3
2026-01-13 04:53:00,3.0234,3.0234,3.0214,3.0224,3.0284,3.0284,3.0264,3.0274,9
2026-01-13 04:54:00,3.0229,3.0234,3.0224,3.0224,3.0279,3.0284,3.0274,3.0274,4
2026-01-13 04:55:00,3.0214,3.0224,3.0204,3.0204,3.0264,3.0274,3.0254,3.0254,7
2026-01-13 04:56:00,3.0209,3.0224,3.0194,3.0214,3.0259,3.0274,3.0244,3.0264,12
2026-01-13 04:58:00,3.0224,3.0229,3.0224,3.0229,3.0274,3.0279,3.0274,3.0279,2
2026-01-13 04:59:00,3.0224,3.0224,3.0224,3.0224,3.0274,3.0274,3.0274,3.0274,1
2026-01-13 05:00:00,3.0229,3.0249,3.0229,3.0239,3.0279,3.0299,3.0279,3.0289,9
2026-01-13 05:01:00,3.0244,3.0249,3.0234,3.0249,3.0294,3.0299,3.0284,3.0299,10
2026-01-13 05:02:00,3.0254,3.0254,3.0239,3.0244,3.0304,3.0304,3.0289,3.0294,3
2026-01-13 05:04:00,3.0254,3.0254,3.0239,3.0239,3.0304,3.0304,3.0289,3.0289,2
2026-01-13 05:05:00,3.0244,3.0244,3.0234,3.0234,3.0294,3.0294,3.0284,3.0284,3
2026-01-13 05:06:00,3.0239,3.0249,3.0239,3.0249,3.0289,3.0299,3.0289,3.0299,3
2026-01-13 05:08:00,3.0244,3.0244,3.0234,3.0234,3.0294,3.0294,3.0284,3.0284,3
2026-01-13 05:09:00,3.0229,3.0244,3.0229,3.0239,3.0279,3.0294,3.0279,3.0289,4
2026-01-13 05:11:00,3.0234,3.0234,3.0189,3.0199,3.0284,3.0284,3.0239,3.0249,18
2026-01-13 05:12:00,3.0194,3.0194,3.0174,3.0194,3.0244,3.0244,3.0224,3.0244,8
2026-01-13 05:13:00,3.0204,3.0204,3.0174,3.0184,3.0254,3.0254,3.0224,3.0234,7
2026-01-13 05:14:00,3.0174,3.0179,3.0174,3.0174,3.0224,3.0229,3.0224,3.0224,5
2026-01-13 05:15:00,3.0179,3.0199,3.0179,3.0199,3.0229,3.0249,3.0229,3.0249,4
2026-01-13 05:16:00,3.0204,3.0204,3.0184,3.0184,3.0254,3.0254,3.0234,3.0234,3
2026-01-13 05:17:00,3.0189,3.0194,3.0174,3.0189,3.0239,3.0244,3.0224,3.0239,5
2026-01-13 05:19:00,3.0184,3.0184,3.0184,3.0184,3.0234,3.0234,3.0234,3.0234,1
2026-01-13 05:20:00,3.0189,3.0189,3.0184,3.0184,3.0239,3.0239,3.0234,3.0234,2
2026-01-13 05:21:00,3.0179,3.0179,3.0174,3.0174,3.0229,3.0229,3.0224,3.0224,2
2026-01-13 05:22:00,3.0179,3.0179,3.0174,3.0174,3.0229,3.0229,3.0224,3.0224,2
2026-01-13 05:23:00,3.0164,3.0184,3.0164,3.0179,3.0214,3.0234,3.0214,3.0229,7
2026-01-13 05:24:00,3.0184,3.0204,3.0184,3.0194,3.0234,3.0254,3.0234,3.0244,5
2026-01-13 05:25:00,3.0189,3.0194,3.0189,3.0194,3.0239,3.0244,3.0239,3.0244,2
2026-01-13 05:27:00,3.0179,3.0184,3.0169,3.0174,3.0229,3.0234,3.0219,3.0224,10
2026-01-13 05:28:00,3.0179,3.0184,3.0174,3.0184,3.0229,3.0234,3.0224,3.0234,3
2026-01-13 05:30:00,3.0189,3.0189,3.0184,3.0189,3.0239,3.0239,3.0234,3.0239,3
2026-01-13 05:31:00,3.0179,3.0179,3.0169,3.0174,3.0229,3.0229,3.0219,3.0224,4
2026-01-13 05:32:00,3.0169,3.0169,3.0164,3.0164,3.0219,3.0219,3.0214,3.0214,2
2026-01-13 05:34:00,3.0169,3.0174,3.0169,3.0174,3.0219,3.0224,3.0219,3.0224,2
2026-01-13 05:35:00,3.0169,3.0174,3.0169,3.0169,3.0219,3.0224,3.0219,3.0219,3
2026-01-13 05:36:00,3.0179,3.0194,3.0179,3.0194,3.0229,3.0244,3.0229,3.0244,3
2026-01-13 05:37:00,3.0184,3.0189,3.0184,3.0184,3.0234,3.0239,3.0234,3.0234,3
2026-01-13 05:38:00,3.0189,3.0199,3.0189,3.0199,3.0239,3.0249,3.0239,3.0249,3
2026-01-13 05:39:00,3.0194,3.0194,3.0194,3.0194,3.0244,3.0244,3.0244,3.0244,1
2026-01-13 05:40:00,3.0204,3.0224,3.0204,3.0209,3.0254,3.0274,3.0254,3.0259,11
2026-01-13 05:41:00,3.0204,3.0204,3.0199,3.0199,3.0254,3.0254,3.0249,3.0249,2
2026-01-13 05:42:00,3.0209,3.0219,3.0204,3.0204,3.0259,3.0269,3.0254,3.0254,4
2026-01-13 05:43:00,3.0209,3.0214,3.0209,3.0214,3.0259,3.0264,3.0259,3.0264,2
2026-01-13 05:45:00,3.0219,3.0229,3.0204,3.0224,3.0269,3.0279,3.0254,3.0274,10
2026-01-13 05:46:00,3.0234,3.0244,3.0219,3.0244,3.0284,3.0294,3.0269,3.0294,9
2026-01-13 05:47:00,3.0249,3.0264,3.0249,3.0254,3.0299,3.0314,3.0299,3.0304,5
2026-01-13 05:48:00,3.0244,3.0254,3.0244,3.0254,3.0294,3.0304,3.0294,3.0304,2
2026-01-13 05:49:00,3.0264,3.0264,3.0254,3.0254,3.0314,3.0314,3.0304,3.0304,3
2026-01-13 05:51:00,3.0249,3.0249,3.0249,3.0249,3.0299,3.0299,3.0299,3.0299,1
2026-01-13 05:52:00,3.0254,3.0269,3.0254,3.0269,3.0304,3.0319,3.0304,3.0319,4
2026-01-13 05:53:00,3.0264,3.0269,3.0264,3.0264,3.0314,3.0319,3.0314,3.0314,3
2026-01-13 05:55:00,3.0254,3.0254,3.0254,3.0254,3.0304,3.0304,3.0304,3.0304,1
2026-01-13 05:56:00,3.0259,3.0274,3.0259,3.0269,3.0309,3.0324,3.0309,3.0319,6
2026-01-13 05:57:00,3.0254,3.0254,3.0214,3.0214,3.0304,3.0304,3.0264,3.0264,12
2026-01-13 05:58:00,3.0204,3.0214,3.0204,3.0204,3.0254,3.0264,3.0254,3.0254,7
2026-01-13 05:59:00,3.0209,3.0214,3.0209,3.0214,3.0259,3.0264,3.0259,3.0264,2
2026-01-13 06:00:00,3.0209,3.0224,3.0209,3.0224,3.0259,3.0274,3.0259,3.0274,3
2026-01-13 06:01:00,3.0229,3.0249,3.0229,3.0249,3.0279,3.0299,3.0279,3.0299,8
2026-01-13 06:02:00,3.0254,3.0254,3.0254,3.0254,3.0304,3.0304,3.0304,3.0304,1
2026-01-13 06:03:00,3.0259,3.0259,3.0259,3.0259,3.0309,3.0309,3.0309,3.0309,1
2026-01-13 06:04:00,3.0264,3.0264,3.0244,3.0244,3.0314,3.0314,3.0294,3.0294,5
2026-01-13 06:05:00,3.0239,3.0239,3.0234,3.0239,3.0289,3.0289,3.0284,3.0289,3
2026-01-13 06:06:00,3.0234,3.0254,3.0234,3.0249,3.0284,3.0304,3.0284,3.0299,5
2026-01-13 06:07:00,3.0254,3.0254,3.0254,3.0254,3.0304,3.0304,3.0304,3.0304,1
2026-01-13 06:08:00,3.0244,3.0264,3.0244,3.0264,3.0294,3.0314,3.0294,3.0314,7
2026-01-13 06:09:00,3.0279,3.0309,3.0279,3.0294,3.0329,3.0359,3.0329,3.0344,13
2026-01-13 06:10:00,3.0289,3.0299,3.0289,3.0299,3.0339,3.0349,3.0339,3.0349,3
2026-01-13 06:11:00,3.0294,3.0299,3.0289,3.0289,3.0344,3.0349,3.0339,3.0339,4
2026-01-13 06:12:00,3.0294,3.0294,3.0284,3.0284,3.0344,3.0344,3.0334,3.0334,2
2026-01-13 06:14:00,3.0299,3.0299,3.0294,3.0294,3.0349,3.0349,3.0344,3.0344,2
2026-01-13 06:15:00,3.0289,3.0289,3.0289,3.0289,3.0339,3.0339,3.0339,3.0339,1
2026-01-13 06:16:00,3.0294,3.0294,3.0234,3.0244,3.0344,3.0344,3.0284,3.0294,13
2026-01-13 06:17:00,3.0214,3.0224,3.0169,3.0169,3.0264,3.0274,3.0219,3.0219,11
2026-01-13 06:18:00,3.0164,3.0184,3.0144,3.0159,3.0214,3.0234,3.0194,3.0209,14
2026-01-13 06:19:00,3.0174,3.0204,3.0174,3.0194,3.0224,3.0254,3.0224,3.0244,6
2026-01-13 06:20:00,3.0199,3.0224,3.0194,3.0214,3.0249,3.0274,3.0244,3.0264,10
2026-01-13 06:21:00,3.0219,3.0224,3.0219,3.0224,3.0269,3.0274,3.0269,3.0274,2
2026-01-13 06:22:00,3.0214,3.0214,3.0214,3.0214,3.0264,3.0264,3.0264,3.0264,1
2026-01-13 06:23:00,3.0204,3.0219,3.0189,3.0219,3.0254,3.0269,3.0239,3.0269,7
2026-01-13 06:24:00,3.0214,3.0214,3.0204,3.0209,3.0264,3.0264,3.0254,3.0259,4
2026-01-13 06:25:00,3.0214,3.0254,3.0214,3.0254,3.0264,3.0304,3.0264,3.0304,12
2026-01-13 06:26:00,3.0259,3.0259,3.0229,3.0244,3.0309,3.0309,3.0279,3.0294,8
2026-01-13 06:27:00,3.0239,3.0239,3.0209,3.0209,3.0289,3.0289,3.0259,3.0259,5
2026-01-13 06:28:00,3.0204,3.0204,3.0199,3.0204,3.0254,3.0254,3.0249,3.0254,3
2026-01-13 06:29:00,3.0209,3.0209,3.0204,3.0204,3.0259,3.0259,3.0254,3.0254,2
2026-01-13 06:30:00,3.0209,3.0214,3.0204,3.0204,3.0259,3.0264,3.0254,3.0254,4
2026-01-13 06:31:00,3.0199,3.0214,3.0199,3.0204,3.0249,3.0264,3.0249,3.0254,5
2026-01-13 06:32:00,3.0199,3.0199,3.0099,3.0099,3.0249,3.0249,3.0149,3.0149,16
2026-01-13 06:33:00,3.0094,3.0134,3.0094,3.0119,3.0144,3.0184,3.0144,3.0169,9
2026-01-13 06:34:00,3.0114,3.0124,3.0109,3.0119,3.0164,3.0174,3.0159,3.0169,7
2026-01-13 06:35:00,3.0109,3.0114,3.0104,3.0114,3.0159,3.0164,3.0154,3.0164,5
2026-01-13 06:36:00,3.0104,3.0104,3.0059,3.0059,3.0154,3.0154,3.0109,3.0109,14
2026-01-13 06:37:00,3.0054,3.0069,2.9964,2.9969,3.0104,3.0119,3.0014,3.0019,28
2026-01-13 06:38:00,2.9964,2.9964,2.9894,2.9909,3.0014,3.0014,2.9944,2.9959,26
2026-01-13 06:39:00,2.9899,2.9904,2.9804,2.9874,2.9949,2.9954,2.9854,2.9924,52
2026-01-13 06:40:00,2.9879,2.9949,2.9864,2.9934,2.9929,2.9999,2.9914,2.9984,24
2026-01-13 06:41:00,2.9929,2.9964,2.9919,2.9949,2.9979,3.0014,2.9969,2.9999,11
2026-01-13 06:42:00,2.9954,2.9974,2.9944,2.9959,3.0004,3.0024,2.9994,3.0009,14
2026-01-13 06:43:00,2.9974,3.0059,2.9974,3.0034,3.0024,3.0109,3.0024,3.0084,20
2026-01-13 06:44:00,3.0039,3.0104,3.0034,3.0084,3.0089,3.0154,3.0084,3.0134,17
2026-01-13 06:45:00,3.0074,3.0094,3.0039,3.0039,3.0124,3.0144,3.0089,3.0089,21
2026-01-13 06:46:00,3.0034,3.0174,3.0004,3.0159,3.0084,3.0224,3.0054,3.0209,35
2026-01-13 06:47:00,3.0164,3.0219,3.0109,3.0194,3.0214,3.0269,3.0159,3.0244,33
2026-01-13 06:48:00,3.0189,3.0194,3.0159,3.0159,3.0239,3.0244,3.0209,3.0209,9
2026-01-13 06:49:00,3.0154,3.0164,3.0119,3.0119,3.0204,3.0214,3.0169,3.0169,6
2026-01-13 06:50:00,3.0124,3.0154,3.0124,3.0154,3.0174,3.0204,3.0174,3.0204,10
2026-01-13 06:51:00,3.0149,3.0149,3.0119,3.0119,3.0199,3.0199,3.0169,3.0169,6
2026-01-13 06:52:00,3.0114,3.0144,3.0099,3.0144,3.0164,3.0194,3.0149,3.0194,21
2026-01-13 06:53:00,3.0154,3.0154,3.0074,3.0074,3.0204,3.0204,3.0124,3.0124,21
2026-01-13 06:54:00,3.0069,3.0084,3.0024,3.0029,3.0119,3.0134,3.0074,3.0079,13
2026-01-13 06:55:00,3.0024,3.0044,3.0014,3.0024,3.0074,3.0094,3.0064,3.0074,13
2026-01-13 06:56:00,3.0029,3.0204,3.0029,3.0199,3.0079,3.0254,3.0079,3.0249,21
2026-01-13 06:57:00,3.0194,3.0244,3.0174,3.0239,3.0244,3.0294,3.0224,3.0289,20
2026-01-13 06:58:00,3.0234,3.0289,3.0229,3.0229,3.0284,3.0339,3.0279,3.0279,28
2026-01-13 06:59:00,3.0234,3.0234,3.0199,3.0199,3.0284,3.0284,3.0249,3.0249,13
2026-01-13 07:00:00,3.0204,3.0319,3.0204,3.0254,3.0254,3.0369,3.0254,3.0304,69
2026-01-13 07:01:00,3.0264,3.0339,3.0264,3.0314,3.0314,3.0389,3.0314,3.0364,28
2026-01-13 07:02:00,3.0309,3.0309,3.0269,3.0289,3.0359,3.0359,3.0319,3.0339,12
2026-01-13 07:03:00,3.0294,3.0314,3.0249,3.0289,3.0344,3.0364,3.0299,3.0339,19
2026-01-13 07:04:00,3.0284,3.0369,3.0269,3.0324,3.0334,3.0419,3.0319,3.0374,37
2026-01-13 07:05:00,3.0329,3.0459,3.0329,3.0444,3.0379,3.0509,3.0379,3.0494,37
2026-01-13 07:06:00,3.0439,3.0454,3.0399,3.0439,3.0489,3.0504,3.0449,3.0489,26
2026-01-13 07:07:00,3.0434,3.0564,3.0434,3.0564,3.0484,3.0614,3.0484,3.0614,36
2026-01-13 07:08:00,3.0554,3.0564,3.0519,3.0524,3.0604,3.0614,3.0569,3.0574,17
2026-01-13 07:09:00,3.0519,3.0534,3.0424,3.0424,3.0569,3.0584,3.0474,3.0474,39
2026-01-13 07:10:00,3.0429,3.0534,3.0424,3.0499,3.0479,3.0584,3.0474,3.0549,21
2026-01-13 07:11:00,3.0494,3.0494,3.0454,3.0469,3.0544,3.0544,3.0504,3.0519,17
2026-01-13 07:12:00,3.0459,3.0534,3.0459,3.0519,3.0509,3.0584,3.0509,3.0569,26
2026-01-13 07:13:00,3.0524,3.0589,3.0524,3.0559,3.0574,3.0639,3.0574,3.0609,30
2026-01-13 07:14:00,3.0569,3.0584,3.0529,3.0549,3.0619,3.0634,3.0579,3.0599,21
2026-01-13 07:15:00,3.0514,3.0529,3.0449,3.0449,3.0564,3.0579,3.0499,3.0499,16
2026-01-13 07:16:00,3.0459,3.0459,3.0349,3.0374,3.0509,3.0509,3.0399,3.0424,35
2026-01-13 07:17:00,3.0384,3.0389,3.0169,3.0169,3.0434,3.0439,3.0219,3.0219,57
2026-01-13 07:18:00,3.0154,3.0194,3.0149,3.0164,3.0204,3.0244,3.0199,3.0214,25
2026-01-13 07:19:00,3.0174,3.0264,3.0164,3.0264,3.0224,3.0314,3.0214,3.0314,26
2026-01-13 07:20:00,3.0259,3.0259,3.0159,3.0209,3.0309,3.0309,3.0209,3.0259,20
2026-01-13 07:21:00,3.0224,3.0249,3.0214,3.0249,3.0274,3.0299,3.0264,3.0299,11
2026-01-13 07:22:00,3.0244,3.0324,3.0234,3.0324,3.0294,3.0374,3.0284,3.0374,23
2026-01-13 07:23:00,3.0329,3.0489,3.0289,3.0489,3.0379,3.0539,3.0339,3.0539,32
2026-01-13 07:24:00,3.0484,3.0484,3.0374,3.0374,3.0534,3.0534,3.0424,3.0424,17
2026-01-13 07:25:00,3.0359,3.0379,3.0359,3.0379,3.0409,3.0429,3.0409,3.0429,6
2026-01-13 07:26:00,3.0389,3.0389,3.0314,3.0319,3.0439,3.0439,3.0364,3.0369,22
2026-01-13 07:27:00,3.0304,3.0309,3.0159,3.0184,3.0354,3.0359,3.0209,3.0234,26
2026-01-13 07:28:00,3.0194,3.0234,3.0164,3.0234,3.0244,3.0284,3.0214,3.0284,14
2026-01-13 07:29:00,3.0244,3.0324,3.0244,3.0304,3.0294,3.0374,3.0294,3.0354,20
2026-01-13 07:30:00,3.0314,3.0314,3.0264,3.0269,3.0364,3.0364,3.0314,3.0319,13
2026-01-13 07:31:00,3.0274,3.0314,3.0254,3.0314,3.0324,3.0364,3.0304,3.0364,12
2026-01-13 07:32:00,3.0309,3.0309,3.0254,3.0254,3.0359,3.0359,3.0304,3.0304,7
2026-01-13 07:33:00,3.0264,3.0374,3.0264,3.0324,3.0314,3.0424,3.0314,3.0374,21
2026-01-13 07:34:00,3.0314,3.0359,3.0314,3.0324,3.0364,3.0409,3.0364,3.0374,16
2026-01-13 07:35:00,3.0319,3.0344,3.0289,3.0344,3.0369,3.0394,3.0339,3.0394,20
2026-01-13 07:36:00,3.0334,3.0334,3.0294,3.0294,3.0384,3.0384,3.0344,3.0344,8
2026-01-13 07:37:00,3.0289,3.0324,3.0279,3.0314,3.0339,3.0374,3.0329,3.0364,17
2026-01-13 07:38:00,3.0319,3.0349,3.0309,3.0334,3.0369,3.0399,3.0359,3.0384,23
2026-01-13 07:39:00,3.0339,3.0394,3.0339,3.0394,3.0389,3.0444,3.0389,3.0444,8
2026-01-13 07:40:00,3.0399,3.0424,3.0399,3.0404,3.0449,3.0474,3.0449,3.0454,7
2026-01-13 07:41:00,3.0399,3.0409,3.0369,3.0409,3.0449,3.0459,3.0419,3.0459,13
2026-01-13 07:42:00,3.0404,3.0404,3.0364,3.0379,3.0454,3.0454,3.0414,3.0429,9
2026-01-13 07:43:00,3.0374,3.0404,3.0374,3.0384,3.0424,3.0454,3.0424,3.0434,8
2026-01-13 07:44:00,3.0379,3.0379,3.0369,3.0374,3.0429,3.0429,3.0419,3.0424,3
2026-01-13 07:45:00,3.0379,3.0399,3.0374,3.0379,3.0429,3.0449,3.0424,3.0429,10
2026-01-13 07:46:00,3.0394,3.0444,3.0394,3.0439,3.0444,3.0494,3.0444,3.0489,18
2026-01-13 07:47:00,3.0429,3.0429,3.0379,3.0424,3.0479,3.0479,3.0429,3.0474,20
2026-01-13 07:48:00,3.0419,3.0449,3.0404,3.0439,3.0469,3.0499,3.0454,3.0489,10
2026-01-13 07:49:00,3.0434,3.0434,3.0419,3.0429,3.0484,3.0484,3.0469,3.0479,6
2026-01-13 07:50:00,3.0424,3.0454,3.0424,3.0439,3.0474,3.0504,3.0474,3.0489,5
2026-01-13 07:51:00,3.0429,3.0429,3.0424,3.0424,3.0479,3.0479,3.0474,3.0474,2
2026-01-13 07:52:00,3.0409,3.0419,3.0374,3.0374,3.0459,3.0469,3.0424,3.0424,8
2026-01-13 07:53:00,3.0369,3.0394,3.0364,3.0369,3.0419,3.0444,3.0414,3.0419,10
2026-01-13 07:54:00,3.0374,3.0404,3.0374,3.0384,3.0424,3.0454,3.0424,3.0434,11
2026-01-13 07:55:00,3.0394,3.0469,3.0394,3.0469,3.0444,3.0519,3.0444,3.0519,13
2026-01-13 07:56:00,3.0474,3.0494,3.0459,3.0464,3.0524,3.0544,3.0509,3.0514,25
2026-01-13 07:57:00,3.0459,3.0479,3.0454,3.0454,3.0509,3.0529,3.0504,3.0504,19
2026-01-13 07:58:00,3.0464,3.0474,3.0439,3.0474,3.0514,3.0524,3.0489,3.0524,19
2026-01-13 07:59:00,3.0479,3.0504,3.0474,3.0479,3.0529,3.0554,3.0524,3.0529,12
2026-01-13 08:00:00,3.0489,3.0489,3.0439,3.0469,3.0539,3.0539,3.0489,3.0519,25
2026-01-13 08:01:00,3.0459,3.0469,3.0404,3.0414,3.0509,3.0519,3.0454,3.0464,36
2026-01-13 08:02:00,3.0419,3.0444,3.0409,3.0439,3.0469,3.0494,3.0459,3.0489,17
2026-01-13 08:03:00,3.0444,3.0474,3.0429,3.0464,3.0494,3.0524,3.0479,3.0514,18
2026-01-13 08:04:00,3.0454,3.0534,3.0454,3.0509,3.0504,3.0584,3.0504,3.0559,18
2026-01-13 08:05:00,3.0519,3.0534,3.0419,3.0444,3.0569,3.0584,3.0469,3.0494,28
2026-01-13 08:06:00,3.0439,3.0444,3.0404,3.0419,3.0489,3.0494,3.0454,3.0469,18
2026-01-13 08:07:00,3.0424,3.0424,3.0394,3.0404,3.0474,3.0474,3.0444,3.0454,16
2026-01-13 08:08:00,3.0409,3.0419,3.0399,3.0419,3.0459,3.0469,3.0449,3.0469,9
2026-01-13 08:09:00,3.0414,3.0439,3.0394,3.0409,3.0464,3.0489,3.0444,3.0459,18
2026-01-13 08:10:00,3.0399,3.0429,3.0384,3.0384,3.0449,3.0479,3.0434,3.0434,16
2026-01-13 08:11:00,3.0389,3.0399,3.0389,3.0399,3.0439,3.0449,3.0439,3.0449,4
2026-01-13 08:12:00,3.0414,3.0424,3.0404,3.0409,3.0464,3.0474,3.0454,3.0459,7
2026-01-13 08:13:00,3.0414,3.0414,3.0384,3.0389,3.0464,3.0464,3.0434,3.0439,17
2026-01-13 08:14:00,3.0394,3.0404,3.0334,3.0334,3.0444,3.0454,3.0384,3.0384,23
2026-01-13 08:15:00,3.0339,3.0354,3.0334,3.0339,3.0389,3.0404,3.0384,3.0389,9
2026-01-13 08:16:00,3.0344,3.0344,3.0314,3.0314,3.0394,3.0394,3.0364,3.0364,11
2026-01-13 08:17:00,3.0319,3.0354,3.0314,3.0354,3.0369,3.0404,3.0364,3.0404,14
2026-01-13 08:18:00,3.0344,3.0389,3.0344,3.0389,3.0394,3.0439,3.0394,3.0439,16
2026-01-13 08:19:00,3.0384,3.0419,3.0384,3.0414,3.0434,3.0469,3.0434,3.0464,10
2026-01-13 08:20:00,3.0419,3.0419,3.0374,3.0379,3.0469,3.0469,3.0424,3.0429,22
2026-01-13 08:21:00,3.0374,3.0389,3.0374,3.0389,3.0424,3.0439,3.0424,3.0439,4
2026-01-13 08:22:00,3.0404,3.0404,3.0369,3.0369,3.0454,3.0454,3.0419,3.0419,6
2026-01-13 08:23:00,3.0374,3.0374,3.0369,3.0369,3.0424,3.0424,3.0419,3.0419,4
2026-01-13 08:24:00,3.0374,3.0374,3.0374,3.0374,3.0424,3.0424,3.0424,3.0424,1
2026-01-13 08:25:00,3.0369,3.0374,3.0349,3.0349,3.0419,3.0424,3.0399,3.0399,8
2026-01-13 08:26:00,3.0344,3.0349,3.0324,3.0344,3.0394,3.0399,3.0374,3.0394,7
2026-01-13 08:27:00,3.0349,3.0354,3.0344,3.0344,3.0399,3.0404,3.0394,3.0394,4
2026-01-13 08:28:00,3.0334,3.0334,3.0334,3.0334,3.0384,3.0384,3.0384,3.0384,1
2026-01-13 08:29:00,3.0324,3.0324,3.0279,3.0284,3.0374,3.0374,3.0329,3.0334,19
2026-01-13 08:30:00,3.0279,3.0279,3.0224,3.0224,3.0329,3.0329,3.0274,3.0274,17
2026-01-13 08:31:00,3.0234,3.0254,3.0234,3.0249,3.0284,3.0304,3.0284,3.0299,6
2026-01-13 08:32:00,3.0254,3.0259,3.0254,3.0254,3.0304,3.0309,3.0304,3.0304,3
2026-01-13 08:33:00,3.0244,3.0249,3.0234,3.0249,3.0294,3.0299,3.0284,3.0299,7
2026-01-13 08:34:00,3.0259,3.0299,3.0259,3.0294,3.0309,3.0349,3.0309,3.0344,10
2026-01-13 08:35:00,3.0299,3.0299,3.0284,3.0284,3.0349,3.0349,3.0334,3.0334,5
2026-01-13 08:36:00,3.0274,3.0274,3.0274,3.0274,3.0324,3.0324,3.0324,3.0324,1
2026-01-13 08:37:00,3.0284,3.0304,3.0174,3.0204,3.0334,3.0354,3.0224,3.0254,40
2026-01-13 08:38:00,3.0209,3.0209,3.0199,3.0199,3.0259,3.0259,3.0249,3.0249,5
2026-01-13 08:39:00,3.0194,3.0234,3.0184,3.0199,3.0244,3.0284,3.0234,3.0249,12
2026-01-13 08:40:00,3.0194,3.0214,3.0184,3.0204,3.0244,3.0264,3.0234,3.0254,8
2026-01-13 08:41:00,3.0199,3.0204,3.0194,3.0204,3.0249,3.0254,3.0244,3.0254,8
2026-01-13 08:42:00,3.0214,3.0234,3.0204,3.0224,3.0264,3.0284,3.0254,3.0274,10
2026-01-13 08:43:00,3.0229,3.0234,3.0229,3.0234,3.0279,3.0284,3.0279,3.0284,4
2026-01-13 08:44:00,3.0229,3.0229,3.0204,3.0224,3.0279,3.0279,3.0254,3.0274,5
2026-01-13 08:45:00,3.0214,3.0214,3.0184,3.0189,3.0264,3.0264,3.0234,3.0239,11
2026-01-13 08:46:00,3.0184,3.0199,3.0184,3.0199,3.0234,3.0249,3.0234,3.0249,2
2026-01-13 08:47:00,3.0204,3.0219,3.0199,3.0199,3.0254,3.0269,3.0249,3.0249,11
2026-01-13 08:48:00,3.0194,3.0244,3.0194,3.0244,3.0244,3.0294,3.0244,3.0294,7
2026-01-13 08:49:00,3.0254,3.0294,3.0244,3.0264,3.0304,3.0344,3.0294,3.0314,18
2026-01-13 08:50:00,3.0274,3.0329,3.0269,3.0324,3.0324,3.0379,3.0319,3.0374,18
2026-01-13 08:51:00,3.0319,3.0354,3.0274,3.0274,3.0369,3.0404,3.0324,3.0324,22
2026-01-13 08:52:00,3.0279,3.0329,3.0279,3.0309,3.0329,3.0379,3.0329,3.0359,16
2026-01-13 08:53:00,3.0304,3.0324,3.0284,3.0309,3.0354,3.0374,3.0334,3.0359,13
2026-01-13 08:54:00,3.0304,3.0314,3.0304,3.0309,3.0354,3.0364,3.0354,3.0359,4
2026-01-13 08:55:00,3.0314,3.0314,3.0289,3.0289,3.0364,3.0364,3.0339,3.0339,5
2026-01-13 08:56:00,3.0284,3.0314,3.0274,3.0284,3.0334,3.0364,3.0324,3.0334,13
2026-01-13 08:57:00,3.0289,3.0294,3.0284,3.0289,3.0339,3.0344,3.0334,3.0339,5
2026-01-13 08:58:00,3.0284,3.0334,3.0284,3.0309,3.0334,3.0384,3.0334,3.0359,17
2026-01-13 08:59:00,3.0294,3.0334,3.0279,3.0319,3.0344,3.0384,3.0329,3.0369,21
2026-01-13 09:00:00,3.0314,3.0334,3.0284,3.0329,3.0364,3.0384,3.0334,3.0379,15
2026-01-13 09:01:00,3.0324,3.0329,3.0269,3.0279,3.0374,3.0379,3.0319,3.0329,23
2026-01-13 09:02:00,3.0284,3.0284,3.0284,3.0284,3.0334,3.0334,3.0334,3.0334,1
2026-01-13 09:03:00,3.0279,3.0374,3.0274,3.0369,3.0329,3.0424,3.0324,3.0419,26
2026-01-13 09:04:00,3.0364,3.0404,3.0364,3.0394,3.0414,3.0454,3.0414,3.0444,13
2026-01-13 09:05:00,3.0389,3.0394,3.0364,3.0369,3.0439,3.0444,3.0414,3.0419,10
2026-01-13 09:06:00,3.0374,3.0384,3.0344,3.0354,3.0424,3.0434,3.0394,3.0404,11
2026-01-13 09:07:00,3.0349,3.0364,3.0344,3.0354,3.0399,3.0414,3.0394,3.0404,7
2026-01-13 09:08:00,3.0349,3.0354,3.0349,3.0354,3.0399,3.0404,3.0399,3.0404,2
2026-01-13 09:09:00,3.0349,3.0374,3.0349,3.0374,3.0399,3.0424,3.0399,3.0424,11
2026-01-13 09:10:00,3.0389,3.0424,3.0389,3.0414,3.0439,3.0474,3.0439,3.0464,27
2026-01-13 09:11:00,3.0409,3.0414,3.0409,3.0414,3.0459,3.0464,3.0459,3.0464,4
2026-01-13 09:12:00,3.0424,3.0454,3.0424,3.0454,3.0474,3.0504,3.0474,3.0504,10
2026-01-13 09:13:00,3.0449,3.0454,3.0449,3.0454,3.0499,3.0504,3.0499,3.0504,2
2026-01-13 09:14:00,3.0464,3.0464,3.0444,3.0464,3.0514,3.0514,3.0494,3.0514,8
2026-01-13 09:15:00,3.0459,3.0474,3.0454,3.0474,3.0509,3.0524,3.0504,3.0524,4
2026-01-13 09:17:00,3.0484,3.0574,3.0484,3.0554,3.0534,3.0624,3.0534,3.0604,43
2026-01-13 09:18:00,3.0549,3.0549,3.0539,3.0544,3.0599,3.0599,3.0589,3.0594,3
2026-01-13 09:19:00,3.0539,3.0584,3.0524,3.0574,3.0589,3.0634,3.0574,3.0624,23
2026-01-13 09:20:00,3.0579,3.0624,3.0574,3.0614,3.0629,3.0674,3.0624,3.0664,14
2026-01-13 09:21:00,3.0604,3.0624,3.0604,3.0624,3.0654,3.0674,3.0654,3.0674,7
2026-01-13 09:22:00,3.0619,3.0619,3.0584,3.0584,3.0669,3.0669,3.0634,3.0634,8
2026-01-13 09:23:00,3.0594,3.0599,3.0584,3.0594,3.0644,3.0649,3.0634,3.0644,7
2026-01-13 09:24:00,3.0604,3.0614,3.0599,3.0604,3.0654,3.0664,3.0649,3.0654,15
2026-01-13 09:25:00,3.0614,3.0614,3.0604,3.0614,3.0664,3.0664,3.0654,3.0664,9
2026-01-13 09:26:00,3.0619,3.0619,3.0594,3.0604,3.0669,3.0669,3.0644,3.0654,9
2026-01-13 09:27:00,3.0609,3.0609,3.0599,3.0604,3.0659,3.0659,3.0649,3.0654,6
2026-01-13 09:28:00,3.0594,3.0614,3.0594,3.0604,3.0644,3.0664,3.0644,3.0654,5
2026-01-13 09:29:00,3.0609,3.0619,3.0604,3.0614,3.0659,3.0669,3.0654,3.0664,13
2026-01-13 09:30:00,3.0609,3.0609,3.0534,3.0534,3.0659,3.0659,3.0584,3.0584,26
2026-01-13 09:31:00,3.0529,3.0554,3.0509,3.0544,3.0579,3.0604,3.0559,3.0594,22
2026-01-13 09:32:00,3.0534,3.0544,3.0534,3.0539,3.0584,3.0594,3.0584,3.0589,4
2026-01-13 09:33:00,3.0544,3.0544,3.0534,3.0534,3.0594,3.0594,3.0584,3.0584,3
2026-01-13 09:34:00,3.0524,3.0539,3.0514,3.0529,3.0574,3.0589,3.0564,3.0579,12
2026-01-13 09:35:00,3.0524,3.0554,3.0524,3.0554,3.0574,3.0604,3.0574,3.0604,7
2026-01-13 09:36:00,3.0544,3.0554,3.0539,3.0554,3.0594,3.0604,3.0589,3.0604,6
2026-01-13 09:37:00,3.0549,3.0549,3.0534,3.0534,3.0599,3.0599,3.0584,3.0584,3
2026-01-13 09:38:00,3.0529,3.0539,3.0524,3.0524,3.0579,3.0589,3.0574,3.0574,5
2026-01-13 09:40:00,3.0519,3.0524,3.0494,3.0504,3.0569,3.0574,3.0544,3.0554,11
2026-01-13 09:41:00,3.0514,3.0514,3.0494,3.0514,3.0564,3.0564,3.0544,3.0564,7
2026-01-13 09:42:00,3.0509,3.0509,3.0509,3.0509,3.0559,3.0559,3.0559,3.0559,1
2026-01-13 09:44:00,3.0524,3.0544,3.0519,3.0534,3.0574,3.0594,3.0569,3.0584,8
2026-01-13 09:45:00,3.0544,3.0554,3.0524,3.0554,3.0594,3.0604,3.0574,3.0604,9
2026-01-13 09:46:00,3.0559,3.0584,3.0559,3.0564,3.0609,3.0634,3.0609,3.0614,7
2026-01-13 09:47:00,3.0569,3.0614,3.0564,3.0584,3.0619,3.0664,3.0614,3.0634,19
2026-01-13 09:48:00,3.0594,3.0614,3.0584,3.0614,3.0644,3.0664,3.0634,3.0664,8
2026-01-13 09:49:00,3.0604,3.0624,3.0594,3.0599,3.0654,3.0674,3.0644,3.0649,9
2026-01-13 09:50:00,3.0604,3.0604,3.0574,3.0579,3.0654,3.0654,3.0624,3.0629,12
2026-01-13 09:51:00,3.0584,3.0604,3.0564,3.0604,3.0634,3.0654,3.0614,3.0654,7
2026-01-13 09:52:00,3.0609,3.0624,3.0594,3.0619,3.0659,3.0674,3.0644,3.0669,19
2026-01-13 09:53:00,3.0614,3.0644,3.0614,3.0644,3.0664,3.0694,3.0664,3.0694,4
2026-01-13 09:54:00,3.0634,3.0664,3.0634,3.0664,3.0684,3.0714,3.0684,3.0714,8
2026-01-13 09:55:00,3.0659,3.0679,3.0639,3.0639,3.0709,3.0729,3.0689,3.0689,12
2026-01-13 09:56:00,3.0644,3.0644,3.0634,3.0634,3.0694,3.0694,3.0684,3.0684,2
2026-01-13 09:57:00,3.0624,3.0634,3.0619,3.0629,3.0674,3.0684,3.0669,3.0679,6
2026-01-13 09:58:00,3.0634,3.0634,3.0624,3.0624,3.0684,3.0684,3.0674,3.0674,3
2026-01-13 09:59:00,3.0619,3.0624,3.0619,3.0624,3.0669,3.0674,3.0669,3.0674,2
2026-01-13 10:00:00,3.0629,3.0644,3.0629,3.0634,3.0679,3.0694,3.0679,3.0684,5
2026-01-13 10:01:00,3.0639,3.0654,3.0624,3.0634,3.0689,3.0704,3.0674,3.0684,8
2026-01-13 10:03:00,3.0629,3.0629,3.0604,3.0604,3.0679,3.0679,3.0654,3.0654,6
2026-01-13 10:04:00,3.0594,3.0594,3.0584,3.0594,3.0644,3.0644,3.0634,3.0644,3
2026-01-13 10:05:00,3.0584,3.0589,3.0584,3.0589,3.0634,3.0639,3.0634,3.0639,2
2026-01-13 10:06:00,3.0594,3.0599,3.0584,3.0589,3.0644,3.0649,3.0634,3.0639,10
2026-01-13 10:07:00,3.0594,3.0594,3.0574,3.0584,3.0644,3.0644,3.0624,3.0634,6
2026-01-13 10:08:00,3.0579,3.0584,3.0579,3.0584,3.0629,3.0634,3.0629,3.0634,2
2026-01-13 10:09:00,3.0574,3.0584,3.0564,3.0584,3.0624,3.0634,3.0614,3.0634,4
2026-01-13 10:10:00,3.0589,3.0589,3.0589,3.0589,3.0639,3.0639,3.0639,3.0639,1
2026-01-13 10:11:00,3.0594,3.0604,3.0584,3.0604,3.0644,3.0654,3.0634,3.0654,10
2026-01-13 10:12:00,3.0594,3.0619,3.0594,3.0609,3.0644,3.0669,3.0644,3.0659,8
2026-01-13 10:13:00,3.0604,3.0614,3.0604,3.0614,3.0654,3.0664,3.0654,3.0664,5
2026-01-13 10:14:00,3.0604,3.0604,3.0599,3.0599,3.0654,3.0654,3.0649,3.0649,2
2026-01-13 10:15:00,3.0604,3.0614,3.0604,3.0604,3.0654,3.0664,3.0654,3.0654,5
2026-01-13 10:16:00,3.0609,3.0609,3.0604,3.0604,3.0659,3.0659,3.0654,3.0654,4
2026-01-13 10:17:00,3.0609,3.0639,3.0609,3.0639,3.0659,3.0689,3.0659,3.0689,8
2026-01-13 10:18:00,3.0634,3.0644,3.0624,3.0629,3.0684,3.0694,3.0674,3.0679,10
2026-01-13 10:19:00,3.0634,3.0634,3.0634,3.0634,3.0684,3.0684,3.0684,3.0684,1
2026-01-13 10:20:00,3.0629,3.0659,3.0629,3.0659,3.0679,3.0709,3.0679,3.0709,7
2026-01-13 10:21:00,3.0654,3.0654,3.0654,3.0654,3.0704,3.0704,3.0704,3.0704,1
2026-01-13 10:22:00,3.0659,3.0674,3.0659,3.0669,3.0709,3.0724,3.0709,3.0719,16
2026-01-13 10:23:00,3.0664,3.0674,3.0659,3.0674,3.0714,3.0724,3.0709,3.0724,7
2026-01-13 10:24:00,3.0669,3.0684,3.0669,3.0684,3.0719,3.0734,3.0719,3.0734,4
2026-01-13 10:25:00,3.0674,3.0679,3.0669,3.0674,3.0724,3.0729,3.0719,3.0724,5
2026-01-13 10:26:00,3.0664,3.0674,3.0659,3.0674,3.0714,3.0724,3.0709,3.0724,9
2026-01-13 10:27:00,3.0664,3.0684,3.0664,3.0679,3.0714,3.0734,3.0714,3.0729,4
2026-01-13 10:28:00,3.0674,3.0684,3.0674,3.0684,3.0724,3.0734,3.0724,3.0734,2
2026-01-13 10:29:00,3.0674,3.0684,3.0674,3.0684,3.0724,3.0734,3.0724,3.0734,2
2026-01-13 10:30:00,3.0694,3.0734,3.0694,3.0704,3.0744,3.0784,3.0744,3.0754,22
2026-01-13 10:31:00,3.0699,3.0704,3.0694,3.0694,3.0749,3.0754,3.0744,3.0744,3
2026-01-13 10:32:00,3.0689,3.0694,3.0689,3.0694,3.0739,3.0744,3.0739,3.0744,2
2026-01-13 10:33:00,3.0689,3.0694,3.0689,3.0694,3.0739,3.0744,3.0739,3.0744,2
2026-01-13 10:34:00,3.0684,3.0684,3.0684,3.0684,3.0734,3.0734,3.0734,3.0734,1
2026-01-13 10:35:00,3.0674,3.0694,3.0664,3.0684,3.0724,3.0744,3.0714,3.0734,11
2026-01-13 10:36:00,3.0689,3.0694,3.0689,3.0694,3.0739,3.0744,3.0739,3.0744,4
2026-01-13 10:39:00,3.0674,3.0684,3.0659,3.0659,3.0724,3.0734,3.0709,3.0709,9
2026-01-13 10:40:00,3.0654,3.0669,3.0634,3.0669,3.0704,3.0719,3.0684,3.0719,13
2026-01-13 10:41:00,3.0674,3.0674,3.0674,3.0674,3.0724,3.0724,3.0724,3.0724,1
2026-01-13 10:42:00,3.0679,3.0684,3.0654,3.0664,3.0729,3.0734,3.0704,3.0714,14
2026-01-13 10:43:00,3.0654,3.0659,3.0654,3.0654,3.0704,3.0709,3.0704,3.0704,5
2026-01-13 10:44:00,3.0664,3.0674,3.0664,3.0674,3.0714,3.0724,3.0714,3.0724,5
2026-01-13 10:45:00,3.0669,3.0699,3.0669,3.0674,3.0719,3.0749,3.0719,3.0724,11
2026-01-13 10:46:00,3.0664,3.0684,3.0654,3.0684,3.0714,3.0734,3.0704,3.0734,5
2026-01-13 10:47:00,3.0679,3.0679,3.0654,3.0674,3.0729,3.0729,3.0704,3.0724,11
2026-01-13 10:48:00,3.0664,3.0664,3.0659,3.0664,3.0714,3.0714,3.0709,3.0714,3
2026-01-13 10:49:00,3.0659,3.0669,3.0659,3.0659,3.0709,3.0719,3.0709,3.0709,5
2026-01-13 10:50:00,3.0654,3.0654,3.0624,3.0634,3.0704,3.0704,3.0674,3.0684,6
2026-01-13 10:51:00,3.0644,3.0644,3.0629,3.0634,3.0694,3.0694,3.0679,3.0684,5
2026-01-13 10:52:00,3.0624,3.0624,3.0604,3.0609,3.0674,3.0674,3.0654,3.0659,8
2026-01-13 10:53:00,3.0604,3.0624,3.0604,3.0624,3.0654,3.0674,3.0654,3.0674,4
2026-01-13 10:54:00,3.0634,3.0664,3.0634,3.0639,3.0684,3.0714,3.0684,3.0689,11
2026-01-13 10:55:00,3.0644,3.0644,3.0624,3.0629,3.0694,3.0694,3.0674,3.0679,8
2026-01-13 10:57:00,3.0624,3.0624,3.0614,3.0619,3.0674,3.0674,3.0664,3.0669,3
2026-01-13 10:58:00,3.0614,3.0619,3.0589,3.0619,3.0664,3.0669,3.0639,3.0669,9
2026-01-13 10:59:00,3.0614,3.0619,3.0614,3.0614,3.0664,3.0669,3.0664,3.0664,3
2026-01-13 11:00:00,3.0609,3.0649,3.0604,3.0649,3.0659,3.0699,3.0654,3.0699,14
2026-01-13 11:01:00,3.0634,3.0649,3.0614,3.0624,3.0684,3.0699,3.0664,3.0674,10
2026-01-13 11:03:00,3.0634,3.0634,3.0634,3.0634,3.0684,3.0684,3.0684,3.0684,1
2026-01-13 11:04:00,3.0624,3.0624,3.0624,3.0624,3.0674,3.0674,3.0674,3.0674,1
2026-01-13 11:05:00,3.0614,3.0614,3.0574,3.0584,3.0664,3.0664,3.0624,3.0634,11
2026-01-13 11:06:00,3.0579,3.0579,3.0554,3.0564,3.0629,3.0629,3.0604,3.0614,7
2026-01-13 11:07:00,3.0559,3.0579,3.0559,3.0579,3.0609,3.0629,3.0609,3.0629,3
2026-01-13 11:08:00,3.0584,3.0604,3.0584,3.0594,3.0634,3.0654,3.0634,3.0644,5
2026-01-13 11:09:00,3.0599,3.0599,3.0594,3.0594,3.0649,3.0649,3.0644,3.0644,2
2026-01-13 11:10:00,3.0599,3.0599,3.0589,3.0599,3.0649,3.0649,3.0639,3.0649,6
2026-01-13 11:11:00,3.0594,3.0599,3.0594,3.0594,3.0644,3.0649,3.0644,3.0644,3
2026-01-13 11:13:00,3.0604,3.0609,3.0604,3.0609,3.0654,3.0659,3.0654,3.0659,2
2026-01-13 11:14:00,3.0614,3.0614,3.0594,3.0594,3.0664,3.0664,3.0644,3.0644,4
2026-01-13 11:15:00,3.0599,3.0614,3.0599,3.0614,3.0649,3.0664,3.0649,3.0664,3
2026-01-13 11:16:00,3.0619,3.0654,3.0619,3.0644,3.0669,3.0704,3.0669,3.0694,10
2026-01-13 11:18:00,3.0654,3.0654,3.0644,3.0649,3.0704,3.0704,3.0694,3.0699,4
2026-01-13 11:19:00,3.0644,3.0664,3.0644,3.0659,3.0694,3.0714,3.0694,3.0709,6
2026-01-13 11:20:00,3.0669,3.0689,3.0669,3.0689,3.0719,3.0739,3.0719,3.0739,7
2026-01-13 11:21:00,3.0684,3.0684,3.0674,3.0674,3.0734,3.0734,3.0724,3.0724,5
2026-01-13 11:22:00,3.0679,3.0679,3.0679,3.0679,3.0729,3.0729,3.0729,3.0729,1
2026-01-13 11:23:00,3.0674,3.0674,3.0614,3.0624,3.0724,3.0724,3.0664,3.0674,13
2026-01-13 11:24:00,3.0629,3.0644,3.0629,3.0644,3.0679,3.0694,3.0679,3.0694,4
2026-01-13 11:26:00,3.0634,3.0634,3.0619,3.0629,3.0684,3.0684,3.0669,3.0679,4
2026-01-13 11:27:00,3.0624,3.0674,3.0624,3.0654,3.0674,3.0724,3.0674,3.0704,11
2026-01-13 11:28:00,3.0664,3.0679,3.0664,3.0674,3.0714,3.0729,3.0714,3.0724,5
2026-01-13 11:29:00,3.0679,3.0679,3.0664,3.0669,3.0729,3.0729,3.0714,3.0719,4
2026-01-13 11:30:00,3.0664,3.0664,3.0649,3.0654,3.0714,3.0714,3.0699,3.0704,4
2026-01-13 11:31:00,3.0659,3.0659,3.0654,3.0654,3.0709,3.0709,3.0704,3.0704,2
2026-01-13 11:32:00,3.0644,3.0669,3.0644,3.0669,3.0694,3.0719,3.0694,3.0719,4
2026-01-13 11:33:00,3.0654,3.0664,3.0654,3.0654,3.0704,3.0714,3.0704,3.0704,5
2026-01-13 11:34:00,3.0644,3.0644,3.0634,3.0634,3.0694,3.0694,3.0684,3.0684,4
2026-01-13 11:35:00,3.0639,3.0649,3.0624,3.0634,3.0689,3.0699,3.0674,3.0684,13
2026-01-13 11:38:00,3.0624,3.0624,3.0609,3.0614,3.0674,3.0674,3.0659,3.0664,7
2026-01-13 11:39:00,3.0624,3.0644,3.0604,3.0639,3.0674,3.0694,3.0654,3.0689,15
2026-01-13 11:40:00,3.0634,3.0694,3.0624,3.0694,3.0684,3.0744,3.0674,3.0744,9
2026-01-13 11:41:00,3.0679,3.0684,3.0674,3.0674,3.0729,3.0734,3.0724,3.0724,3
2026-01-13 11:42:00,3.0684,3.0684,3.0679,3.0684,3.0734,3.0734,3.0729,3.0734,3
2026-01-13 11:43:00,3.0694,3.0694,3.0684,3.0684,3.0744,3.0744,3.0734,3.0734,7
2026-01-13 11:44:00,3.0679,3.0679,3.0654,3.0654,3.0729,3.0729,3.0704,3.0704,6
2026-01-13 11:45:00,3.0659,3.0659,3.0649,3.0654,3.0709,3.0709,3.0699,3.0704,4
2026-01-13 11:46:00,3.0649,3.0694,3.0649,3.0694,3.0699,3.0744,3.0699,3.0744,5
2026-01-13 11:47:00,3.0699,3.0704,3.0689,3.0694,3.0749,3.0754,3.0739,3.0744,7
2026-01-13 11:48:00,3.0699,3.0724,3.0699,3.0719,3.0749,3.0774,3.0749,3.0769,10
2026-01-13 11:49:00,3.0714,3.0744,3.0694,3.0744,3.0764,3.0794,3.0744,3.0794,14
2026-01-13 11:50:00,3.0749,3.0754,3.0729,3.0739,3.0799,3.0804,3.0779,3.0789,13
2026-01-13 11:51:00,3.0734,3.0744,3.0724,3.0724,3.0784,3.0794,3.0774,3.0774,7
2026-01-13 11:52:00,3.0734,3.0764,3.0734,3.0749,3.0784,3.0814,3.0784,3.0799,18
2026-01-13 11:53:00,3.0764,3.0764,3.0744,3.0754,3.0814,3.0814,3.0794,3.0804,8
2026-01-13 11:54:00,3.0759,3.0759,3.0724,3.0734,3.0809,3.0809,3.0774,3.0784,12
2026-01-13 11:55:00,3.0729,3.0764,3.0724,3.0739,3.0779,3.0814,3.0774,3.0789,17
2026-01-13 11:56:00,3.0734,3.0744,3.0734,3.0744,3.0784,3.0794,3.0784,3.0794,6
2026-01-13 11:57:00,3.0749,3.0749,3.0724,3.0724,3.0799,3.0799,3.0774,3.0774,4
2026-01-13 11:58:00,3.0714,3.0714,3.0674,3.0684,3.0764,3.0764,3.0724,3.0734,6
2026-01-13 11:59:00,3.0694,3.0694,3.0684,3.0694,3.0744,3.0744,3.0734,3.0744,3
2026-01-13 12:00:00,3.0704,3.0704,3.0679,3.0684,3.0754,3.0754,3.0729,3.0734,17
2026-01-13 12:01:00,3.0679,3.0684,3.0679,3.0684,3.0729,3.0734,3.0729,3.0734,2
2026-01-13 12:02:00,3.0694,3.0704,3.0694,3.0704,3.0744,3.0754,3.0744,3.0754,2
2026-01-13 12:03:00,3.0714,3.0764,3.0714,3.0764,3.0764,3.0814,3.0764,3.0814,18
2026-01-13 12:04:00,3.0754,3.0834,3.0754,3.0829,3.0804,3.0884,3.0804,3.0879,23
2026-01-13 12:05:00,3.0824,3.0854,3.0794,3.0824,3.0874,3.0904,3.0844,3.0874,31
2026-01-13 12:06:00,3.0829,3.0864,3.0824,3.0839,3.0879,3.0914,3.0874,3.0889,27
2026-01-13 12:07:00,3.0844,3.0849,3.0824,3.0824,3.0894,3.0899,3.0874,3.0874,7
2026-01-13 12:08:00,3.0834,3.0894,3.0824,3.0884,3.0884,3.0944,3.0874,3.0934,13
2026-01-13 12:09:00,3.0889,3.0944,3.0884,3.0924,3.0939,3.0994,3.0934,3.0974,17
2026-01-13 12:10:00,3.0929,3.0994,3.0929,3.0994,3.0979,3.1044,3.0979,3.1044,24
2026-01-13 12:11:00,3.0984,3.1014,3.0984,3.1014,3.1034,3.1064,3.1034,3.1064,14
2026-01-13 12:12:00,3.1019,3.1024,3.0994,3.1014,3.1069,3.1074,3.1044,3.1064,14
2026-01-13 12:13:00,3.1024,3.1054,3.1014,3.1034,3.1074,3.1104,3.1064,3.1084,22
2026-01-13 12:14:00,3.1044,3.1044,3.1024,3.1039,3.1094,3.1094,3.1074,3.1089,21
2026-01-13 12:15:00,3.1044,3.1064,3.1024,3.1054,3.1094,3.1114,3.1074,3.1104,33
2026-01-13 12:16:00,3.1049,3.1064,3.1044,3.1064,3.1099,3.1114,3.1094,3.1114,10
2026-01-13 12:17:00,3.1054,3.1054,3.0989,3.0999,3.1104,3.1104,3.1039,3.1049,26
2026-01-13 12:18:00,3.1004,3.1049,3.1004,3.1049,3.1054,3.1099,3.1054,3.1099,22
2026-01-13 12:19:00,3.1054,3.1064,3.1049,3.1049,3.1104,3.1114,3.1099,3.1099,8
2026-01-13 12:20:00,3.1054,3.1184,3.1044,3.1144,3.1104,3.1234,3.1094,3.1194,29
2026-01-13 12:21:00,3.1149,3.1154,3.1134,3.1144,3.1199,3.1204,3.1184,3.1194,17
2026-01-13 12:22:00,3.1139,3.1154,3.1134,3.1144,3.1189,3.1204,3.1184,3.1194,8
2026-01-13 12:23:00,3.1134,3.1144,3.1134,3.1144,3.1184,3.1194,3.1184,3.1194,3
2026-01-13 12:24:00,3.1139,3.1139,3.1114,3.1114,3.1189,3.1189,3.1164,3.1164,12
2026-01-13 12:25:00,3.1109,3.1149,3.1109,3.1134,3.1159,3.1199,3.1159,3.1184,14
2026-01-13 12:26:00,3.1144,3.1144,3.1119,3.1129,3.1194,3.1194,3.1169,3.1179,11
2026-01-13 12:27:00,3.1124,3.1124,3.1094,3.1109,3.1174,3.1174,3.1144,3.1159,7
2026-01-13 12:28:00,3.1114,3.1124,3.1094,3.1124,3.1164,3.1174,3.1144,3.1174,11
2026-01-13 12:29:00,3.1119,3.1144,3.1104,3.1134,3.1169,3.1194,3.1154,3.1184,19
2026-01-13 12:30:00,3.1129,3.1144,3.1124,3.1134,3.1179,3.1194,3.1174,3.1184,13
2026-01-13 12:31:00,3.1129,3.1134,3.1124,3.1124,3.1179,3.1184,3.1174,3.1174,5
2026-01-13 12:32:00,3.1119,3.1124,3.1099,3.1109,3.1169,3.1174,3.1149,3.1159,13
2026-01-13 12:33:00,3.1104,3.1129,3.1104,3.1124,3.1154,3.1179,3.1154,3.1174,9
2026-01-13 12:34:00,3.1114,3.1194,3.1114,3.1184,3.1164,3.1244,3.1164,3.1234,21
2026-01-13 12:35:00,3.1189,3.1204,3.1179,3.1184,3.1239,3.1254,3.1229,3.1234,20
2026-01-13 12:36:00,3.1174,3.1244,3.1174,3.1209,3.1224,3.1294,3.1224,3.1259,25
2026-01-13 12:37:00,3.1224,3.1334,3.1224,3.1324,3.1274,3.1384,3.1274,3.1374,28
2026-01-13 12:38:00,3.1319,3.1324,3.1259,3.1259,3.1369,3.1374,3.1309,3.1309,17
2026-01-13 12:39:00,3.1249,3.1269,3.1214,3.1234,3.1299,3.1319,3.1264,3.1284,23
2026-01-13 12:40:00,3.1229,3.1229,3.1164,3.1179,3.1279,3.1279,3.1214,3.1229,27
2026-01-13 12:41:00,3.1184,3.1194,3.1179,3.1189,3.1234,3.1244,3.1229,3.1239,6
2026-01-13 12:42:00,3.1184,3.1239,3.1179,3.1219,3.1234,3.1289,3.1229,3.1269,16
2026-01-13 12:43:00,3.1224,3.1284,3.1214,3.1224,3.1274,3.1334,3.1264,3.1274,32
2026-01-13 12:44:00,3.1234,3.1344,3.1234,3.1309,3.1284,3.1394,3.1284,3.1359,37
2026-01-13 12:45:00,3.1304,3.1364,3.1299,3.1359,3.1354,3.1414,3.1349,3.1409,21
2026-01-13 12:46:00,3.1374,3.1399,3.1344,3.1354,3.1424,3.1449,3.1394,3.1404,34
2026-01-13 12:47:00,3.1349,3.1474,3.1339,3.1464,3.1399,3.1524,3.1389,3.1514,38
2026-01-13 12:48:00,3.1459,3.1474,3.1399,3.1404,3.1509,3.1524,3.1449,3.1454,26
2026-01-13 12:49:00,3.1409,3.1434,3.1379,3.1404,3.1459,3.1484,3.1429,3.1454,22
2026-01-13 12:50:00,3.1409,3.1419,3.1399,3.1409,3.1459,3.1469,3.1449,3.1459,17
2026-01-13 12:51:00,3.1414,3.1469,3.1364,3.1449,3.1464,3.1519,3.1414,3.1499,39
2026-01-13 12:52:00,3.1439,3.1439,3.1359,3.1384,3.1489,3.1489,3.1409,3.1434,17
2026-01-13 12:53:00,3.1374,3.1374,3.1354,3.1364,3.1424,3.1424,3.1404,3.1414,12
2026-01-13 12:54:00,3.1374,3.1379,3.1344,3.1354,3.1424,3.1429,3.1394,3.1404,14
2026-01-13 12:55:00,3.1349,3.1424,3.1344,3.1414,3.1399,3.1474,3.1394,3.1464,20
2026-01-13 12:56:00,3.1409,3.1469,3.1384,3.1424,3.1459,3.1519,3.1434,3.1474,28
2026-01-13 12:57:00,3.1414,3.1434,3.1404,3.1414,3.1464,3.1484,3.1454,3.1464,18
2026-01-13 12:58:00,3.1404,3.1474,3.1394,3.1439,3.1454,3.1524,3.1444,3.1489,20
2026-01-13 12:59:00,3.1444,3.1509,3.1444,3.1454,3.1494,3.1559,3.1494,3.1504,39
2026-01-13 13:00:00,3.1464,3.1494,3.1419,3.1429,3.1514,3.1544,3.1469,3.1479,26
2026-01-13 13:01:00,3.1424,3.1434,3.1344,3.1384,3.1474,3.1484,3.1394,3.1434,32
2026-01-13 13:02:00,3.1394,3.1419,3.1394,3.1414,3.1444,3.1469,3.1444,3.1464,13
2026-01-13 13:03:00,3.1404,3.1414,3.1384,3.1399,3.1454,3.1464,3.1434,3.1449,13
2026-01-13 13:04:00,3.1394,3.1414,3.1379,3.1409,3.1444,3.1464,3.1429,3.1459,18
2026-01-13 13:05:00,3.1404,3.1414,3.1374,3.1384,3.1454,3.1464,3.1424,3.1434,12
2026-01-13 13:06:00,3.1394,3.1404,3.1394,3.1394,3.1444,3.1454,3.1444,3.1444,5
2026-01-13 13:07:00,3.1404,3.1454,3.1374,3.1439,3.1454,3.1504,3.1424,3.1489,22
2026-01-13 13:08:00,3.1434,3.1474,3.1434,3.1474,3.1484,3.1524,3.1484,3.1524,18
2026-01-13 13:09:00,3.1469,3.1494,3.1454,3.1479,3.1519,3.1544,3.1504,3.1529,22
2026-01-13 13:10:00,3.1489,3.1499,3.1469,3.1474,3.1539,3.1549,3.1519,3.1524,25
2026-01-13 13:11:00,3.1469,3.1504,3.1459,3.1484,3.1519,3.1554,3.1509,3.1534,19
2026-01-13 13:12:00,3.1489,3.1574,3.1484,3.1569,3.1539,3.1624,3.1534,3.1619,35
2026-01-13 13:13:00,3.1574,3.1574,3.1474,3.1484,3.1624,3.1624,3.1524,3.1534,29
2026-01-13 13:14:00,3.1474,3.1509,3.1454,3.1494,3.1524,3.1559,3.1504,3.1544,33
2026-01-13 13:15:00,3.1484,3.1514,3.1474,3.1504,3.1534,3.1564,3.1524,3.1554,20
2026-01-13 13:16:00,3.1499,3.1509,3.1474,3.1494,3.1549,3.1559,3.1524,3.1544,13
2026-01-13 13:17:00,3.1484,3.1614,3.1484,3.1614,3.1534,3.1664,3.1534,3.1664,41
2026-01-13 13:18:00,3.1609,3.1609,3.1449,3.1454,3.1659,3.1659,3.1499,3.1504,61
2026-01-13 13:19:00,3.1449,3.1464,3.1374,3.1424,3.1499,3.1514,3.1424,3.1474,56
2026-01-13 13:20:00,3.1429,3.1429,3.1344,3.1359,3.1479,3.1479,3.1394,3.1409,30
2026-01-13 13:21:00,3.1344,3.1544,3.1344,3.1544,3.1394,3.1594,3.1394,3.1594,55
2026-01-13 13:22:00,3.1534,3.1534,3.1384,3.1399,3.1584,3.1584,3.1434,3.1449,52
2026-01-13 13:23:00,3.1404,3.1464,3.1399,3.1454,3.1454,3.1514,3.1449,3.1504,44
2026-01-13 13:24:00,3.1444,3.1529,3.1444,3.1494,3.1494,3.1579,3.1494,3.1544,38
2026-01-13 13:25:00,3.1489,3.1494,3.1474,3.1479,3.1539,3.1544,3.1524,3.1529,32
2026-01-13 13:26:00,3.1484,3.1514,3.1464,3.1509,3.1534,3.1564,3.1514,3.1559,22
2026-01-13 13:27:00,3.1514,3.1594,3.1494,3.1589,3.1564,3.1644,3.1544,3.1639,42
2026-01-13 13:28:00,3.1584,3.1674,3.1584,3.1664,3.1634,3.1724,3.1634,3.1714,75
2026-01-13 13:29:00,3.1659,3.1694,3.1594,3.1674,3.1709,3.1744,3.1644,3.1724,65
2026-01-13 13:30:00,3.1669,3.1754,3.1599,3.1694,3.1719,3.1804,3.1649,3.1744,89
2026-01-13 13:31:00,3.1684,3.1754,3.1669,3.1754,3.1734,3.1804,3.1719,3.1804,60
2026-01-13 13:32:00,3.1744,3.1744,3.1664,3.1689,3.1794,3.1794,3.1714,3.1739,37
2026-01-13 13:33:00,3.1699,3.1764,3.1679,3.1684,3.1749,3.1814,3.1729,3.1734,66
2026-01-13 13:34:00,3.1694,3.1714,3.1664,3.1714,3.1744,3.1764,3.1714,3.1764,35
2026-01-13 13:35:00,3.1709,3.1804,3.1709,3.1784,3.1759,3.1854,3.1759,3.1834,36
2026-01-13 13:36:00,3.1774,3.1804,3.1744,3.1744,3.1824,3.1854,3.1794,3.1794,40
2026-01-13 13:37:00,3.1734,3.1744,3.1684,3.1684,3.1784,3.1794,3.1734,3.1734,17
2026-01-13 13:38:00,3.1674,3.1684,3.1644,3.1679,3.1724,3.1734,3.1694,3.1729,27
2026-01-13 13:39:00,3.1674,3.1734,3.1674,3.1724,3.1724,3.1784,3.1724,3.1774,24
2026-01-13 13:40:00,3.1729,3.1729,3.1669,3.1694,3.1779,3.1779,3.1719,3.1744,39
2026-01-13 13:41:00,3.1684,3.1694,3.1614,3.1614,3.1734,3.1744,3.1664,3.1664,16
2026-01-13 13:42:00,3.1609,3.1684,3.1584,3.1669,3.1659,3.1734,3.1634,3.1719,34
2026-01-13 13:43:00,3.1684,3.1714,3.1679,3.1699,3.1734,3.1764,3.1729,3.1749,11
2026-01-13 13:44:00,3.1694,3.1714,3.1664,3.1684,3.1744,3.1764,3.1714,3.1734,23
2026-01-13 13:45:00,3.1689,3.1694,3.1619,3.1639,3.1739,3.1744,3.1669,3.1689,31
2026-01-13 13:46:00,3.1634,3.1649,3.1574,3.1644,3.1684,3.1699,3.1624,3.1694,25
2026-01-13 13:47:00,3.1649,3.1654,3.1584,3.1594,3.1699,3.1704,3.1634,3.1644,20
2026-01-13 13:48:00,3.1604,3.1644,3.1594,3.1604,3.1654,3.1694,3.1644,3.1654,32
2026-01-13 13:49:00,3.1609,3.1609,3.1549,3.1569,3.1659,3.1659,3.1599,3.1619,39
2026-01-13 13:50:00,3.1574,3.1599,3.1574,3.1584,3.1624,3.1649,3.1624,3.1634,19
2026-01-13 13:51:00,3.1589,3.1589,3.1489,3.1514,3.1639,3.1639,3.1539,3.1564,40
2026-01-13 13:52:00,3.1509,3.1524,3.1474,3.1519,3.1559,3.1574,3.1524,3.1569,42
2026-01-13 13:53:00,3.1514,3.1614,3.1509,3.1594,3.1564,3.1664,3.1559,3.1644,44
2026-01-13 13:54:00,3.1589,3.1624,3.1574,3.1579,3.1639,3.1674,3.1624,3.1629,32
2026-01-13 13:55:00,3.1574,3.1574,3.1524,3.1554,3.1624,3.1624,3.1574,3.1604,20
2026-01-13 13:56:00,3.1549,3.1579,3.1524,3.1534,3.1599,3.1629,3.1574,3.1584,19
2026-01-13 13:57:00,3.1544,3.1559,3.1519,3.1534,3.1594,3.1609,3.1569,3.1584,28
2026-01-13 13:58:00,3.1529,3.1544,3.1524,3.1524,3.1579,3.1594,3.1574,3.1574,18
2026-01-13 13:59:00,3.1534,3.1579,3.1514,3.1574,3.1584,3.1629,3.1564,3.1624,34
2026-01-13 14:00:00,3.1569,3.1584,3.1529,3.1544,3.1619,3.1634,3.1579,3.1594,44
2026-01-13 14:01:00,3.1539,3.1574,3.1464,3.1554,3.1589,3.1624,3.1514,3.1604,74
2026-01-13 14:02:00,3.1549,3.1604,3.1544,3.1579,3.1599,3.1654,3.1594,3.1629,56
2026-01-13 14:03:00,3.1569,3.1634,3.1564,3.1614,3.1619,3.1684,3.1614,3.1664,58
2026-01-13 14:04:00,3.1609,3.1699,3.1609,3.1694,3.1659,3.1749,3.1659,3.1744,37
2026-01-13 14:05:00,3.1689,3.1704,3.1684,3.1689,3.1739,3.1754,3.1734,3.1739,18
2026-01-13 14:06:00,3.1684,3.1704,3.1609,3.1609,3.1734,3.1754,3.1659,3.1659,40
2026-01-13 14:07:00,3.1614,3.1619,3.1529,3.1534,3.1664,3.1669,3.1579,3.1584,41
2026-01-13 14:08:00,3.1524,3.1549,3.1449,3.1549,3.1574,3.1599,3.1499,3.1599,49
2026-01-13 14:09:00,3.1559,3.1619,3.1554,3.1564,3.1609,3.1669,3.1604,3.1614,39
2026-01-13 14:10:00,3.1579,3.1644,3.1579,3.1584,3.1629,3.1694,3.1629,3.1634,39
2026-01-13 14:11:00,3.1579,3.1604,3.1564,3.1594,3.1629,3.1654,3.1614,3.1644,37
2026-01-13 14:12:00,3.1589,3.1664,3.1564,3.1624,3.1639,3.1714,3.1614,3.1674,50
2026-01-13 14:13:00,3.1619,3.1719,3.1619,3.1674,3.1669,3.1769,3.1669,3.1724,33
2026-01-13 14:14:00,3.1664,3.1664,3.1564,3.1574,3.1714,3.1714,3.1614,3.1624,36
2026-01-13 14:15:00,3.1569,3.1609,3.1544,3.1584,3.1619,3.1659,3.1594,3.1634,42
2026-01-13 14:16:00,3.1594,3.1594,3.1514,3.1554,3.1644,3.1644,3.1564,3.1604,42
2026-01-13 14:17:00,3.1549,3.1574,3.1544,3.1554,3.1599,3.1624,3.1594,3.1604,26
2026-01-13 14:18:00,3.1564,3.1584,3.1524,3.1524,3.1614,3.1634,3.1574,3.1574,43
2026-01-13 14:19:00,3.1529,3.1564,3.1464,3.1494,3.1579,3.1614,3.1514,3.1544,51
2026-01-13 14:20:00,3.1489,3.1499,3.1429,3.1489,3.1539,3.1549,3.1479,3.1539,48
2026-01-13 14:21:00,3.1494,3.1574,3.1449,3.1449,3.1544,3.1624,3.1499,3.1499,71
2026-01-13 14:22:00,3.1454,3.1484,3.1429,3.1479,3.1504,3.1534,3.1479,3.1529,43
2026-01-13 14:23:00,3.1474,3.1474,3.1394,3.1409,3.1524,3.1524,3.1444,3.1459,30
2026-01-13 14:24:00,3.1404,3.1424,3.1389,3.1414,3.1454,3.1474,3.1439,3.1464,38
2026-01-13 14:25:00,3.1404,3.1444,3.1339,3.1344,3.1454,3.1494,3.1389,3.1394,74
2026-01-13 14:26:00,3.1339,3.1369,3.1334,3.1334,3.1389,3.1419,3.1384,3.1384,29
2026-01-13 14:27:00,3.1324,3.1334,3.1244,3.1249,3.1374,3.1384,3.1294,3.1299,53
2026-01-13 14:28:00,3.1254,3.1294,3.1184,3.1204,3.1304,3.1344,3.1234,3.1254,47
2026-01-13 14:29:00,3.1199,3.1244,3.1199,3.1224,3.1249,3.1294,3.1249,3.1274,35
2026-01-13 14:30:00,3.1229,3.1369,3.1224,3.1329,3.1279,3.1419,3.1274,3.1379,80
2026-01-13 14:31:00,3.1324,3.1324,3.1254,3.1264,3.1374,3.1374,3.1304,3.1314,45
2026-01-13 14:32:00,3.1274,3.1289,3.1179,3.1184,3.1324,3.1339,3.1229,3.1234,54
2026-01-13 14:33:00,3.1179,3.1244,3.1174,3.1194,3.1229,3.1294,3.1224,3.1244,53
2026-01-13 14:34:00,3.1189,3.1194,3.1159,3.1169,3.1239,3.1244,3.1209,3.1219,37
2026-01-13 14:35:00,3.1164,3.1194,3.1144,3.1164,3.1214,3.1244,3.1194,3.1214,43
2026-01-13 14:36:00,3.1159,3.1174,3.1104,3.1124,3.1209,3.1224,3.1154,3.1174,75
2026-01-13 14:37:00,3.1119,3.1129,3.1074,3.1129,3.1169,3.1179,3.1124,3.1179,45
2026-01-13 14:38:00,3.1134,3.1144,3.1074,3.1094,3.1184,3.1194,3.1124,3.1144,50
2026-01-13 14:39:00,3.1099,3.1129,3.1084,3.1099,3.1149,3.1179,3.1134,3.1149,42
2026-01-13 14:40:00,3.1104,3.1184,3.1104,3.1154,3.1154,3.1234,3.1154,3.1204,61
2026-01-13 14:41:00,3.1149,3.1164,3.1094,3.1114,3.1199,3.1214,3.1144,3.1164,63
2026-01-13 14:42:00,3.1124,3.1284,3.1119,3.1284,3.1174,3.1334,3.1169,3.1334,48
2026-01-13 14:43:00,3.1274,3.1374,3.1254,3.1344,3.1324,3.1424,3.1304,3.1394,54
2026-01-13 14:44:00,3.1349,3.1389,3.1294,3.1344,3.1399,3.1439,3.1344,3.1394,54
2026-01-13 14:45:00,3.1354,3.1414,3.1349,3.1394,3.1404,3.1464,3.1399,3.1444,63
2026-01-13 14:46:00,3.1399,3.1434,3.1284,3.1284,3.1449,3.1484,3.1334,3.1334,63
2026-01-13 14:47:00,3.1294,3.1374,3.1294,3.1349,3.1344,3.1424,3.1344,3.1399,49
2026-01-13 14:48:00,3.1354,3.1394,3.1344,3.1369,3.1404,3.1444,3.1394,3.1419,46
2026-01-13 14:49:00,3.1379,3.1454,3.1379,3.1454,3.1429,3.1504,3.1429,3.1504,53
2026-01-13 14:50:00,3.1459,3.1524,3.1444,3.1479,3.1509,3.1574,3.1494,3.1529,89
2026-01-13 14:51:00,3.1484,3.1514,3.1464,3.1484,3.1534,3.1564,3.1514,3.1534,48
2026-01-13 14:52:00,3.1479,3.1479,3.1434,3.1439,3.1529,3.1529,3.1484,3.1489,21
2026-01-13 14:53:00,3.1444,3.1464,3.1259,3.1284,3.1494,3.1514,3.1309,3.1334,37
2026-01-13 14:54:00,3.1279,3.1284,3.1164,3.1199,3.1329,3.1334,3.1214,3.1249,59
2026-01-13 14:55:00,3.1204,3.1214,3.1084,3.1089,3.1254,3.1264,3.1134,3.1139,50
2026-01-13 14:56:00,3.1074,3.1094,3.0934,3.0934,3.1124,3.1144,3.0984,3.0984,109
2026-01-13 14:57:00,3.0929,3.0979,3.0894,3.0959,3.0979,3.1029,3.0944,3.1009,52
2026-01-13 14:58:00,3.0954,3.1044,3.0944,3.1044,3.1004,3.1094,3.0994,3.1094,44
2026-01-13 14:59:00,3.1049,3.1124,3.1049,3.1094,3.1099,3.1174,3.1099,3.1144,47
2026-01-13 15:00:00,3.1104,3.1104,3.0969,3.0984,3.1154,3.1154,3.1019,3.1034,165
2026-01-13 15:01:00,3.0994,3.1044,3.0909,3.0919,3.1044,3.1094,3.0959,3.0969,86
2026-01-13 15:02:00,3.0934,3.1014,3.0909,3.0909,3.0984,3.1064,3.0959,3.0959,85
2026-01-13 15:03:00,3.0904,3.0909,3.0839,3.0849,3.0954,3.0959,3.0889,3.0899,57
2026-01-13 15:04:00,3.0844,3.0864,3.0734,3.0779,3.0894,3.0914,3.0784,3.0829,84
2026-01-13 15:05:00,3.0754,3.0829,3.0749,3.0794,3.0804,3.0879,3.0799,3.0844,98
2026-01-13 15:06:00,3.0799,3.0874,3.0794,3.0814,3.0849,3.0924,3.0844,3.0864,88
2026-01-13 15:07:00,3.0809,3.0814,3.0764,3.0784,3.0859,3.0864,3.0814,3.0834,54
2026-01-13 15:08:00,3.0774,3.0834,3.0774,3.0819,3.0824,3.0884,3.0824,3.0869,39
2026-01-13 15:09:00,3.0804,3.0884,3.0804,3.0844,3.0854,3.0934,3.0854,3.0894,95
2026-01-13 15:10:00,3.0849,3.0854,3.0724,3.0754,3.0899,3.0904,3.0774,3.0804,78
2026-01-13 15:11:00,3.0759,3.0784,3.0624,3.0664,3.0809,3.0834,3.0674,3.0714,91
2026-01-13 15:12:00,3.0659,3.0689,3.0624,3.0634,3.0709,3.0739,3.0674,3.0684,50
2026-01-13 15:13:00,3.0624,3.0664,3.0574,3.0664,3.0674,3.0714,3.0624,3.0714,76
2026-01-13 15:14:00,3.0659,3.0679,3.0624,3.0639,3.0709,3.0729,3.0674,3.0689,62
2026-01-13 15:15:00,3.0634,3.0654,3.0584,3.0599,3.0684,3.0704,3.0634,3.0649,47
2026-01-13 15:16:00,3.0604,3.0674,3.0594,3.0654,3.0654,3.0724,3.0644,3.0704,33
2026-01-13 15:17:00,3.0659,3.0674,3.0594,3.0604,3.0709,3.0724,3.0644,3.0654,47
2026-01-13 15:18:00,3.0599,3.0604,3.0454,3.0519,3.0649,3.0654,3.0504,3.0569,83
2026-01-13 15:19:00,3.0514,3.0549,3.0434,3.0459,3.0564,3.0599,3.0484,3.0509,81
2026-01-13 15:20:00,3.0464,3.0504,3.0444,3.0459,3.0514,3.0554,3.0494,3.0509,50
2026-01-13 15:21:00,3.0454,3.0474,3.0404,3.0469,3.0504,3.0524,3.0454,3.0519,38
2026-01-13 15:22:00,3.0474,3.0514,3.0444,3.0499,3.0524,3.0564,3.0494,3.0549,44
2026-01-13 15:23:00,3.0494,3.0544,3.0469,3.0509,3.0544,3.0594,3.0519,3.0559,51
2026-01-13 15:24:00,3.0499,3.0499,3.0364,3.0374,3.0549,3.0549,3.0414,3.0424,57
2026-01-13 15:25:00,3.0379,3.0434,3.0379,3.0424,3.0429,3.0484,3.0429,3.0474,47
2026-01-13 15:26:00,3.0429,3.0514,3.0429,3.0504,3.0479,3.0564,3.0479,3.0554,41
2026-01-13 15:27:00,3.0514,3.0579,3.0459,3.0569,3.0564,3.0629,3.0509,3.0619,52
2026-01-13 15:28:00,3.0574,3.0604,3.0489,3.0539,3.0624,3.0654,3.0539,3.0589,55
2026-01-13 15:29:00,3.0534,3.0534,3.0464,3.0489,3.0584,3.0584,3.0514,3.0539,38
2026-01-13 15:30:00,3.0479,3.0564,3.0474,3.0514,3.0529,3.0614,3.0524,3.0564,90
2026-01-13 15:31:00,3.0504,3.0514,3.0404,3.0464,3.0554,3.0564,3.0454,3.0514,74
2026-01-13 15:32:00,3.0459,3.0474,3.0384,3.0449,3.0509,3.0524,3.0434,3.0499,70
2026-01-13 15:33:00,3.0454,3.0474,3.0434,3.0449,3.0504,3.0524,3.0484,3.0499,41
2026-01-13 15:34:00,3.0454,3.0454,3.0384,3.0384,3.0504,3.0504,3.0434,3.0434,51
2026-01-13 15:35:00,3.0379,3.0379,3.0294,3.0304,3.0429,3.0429,3.0344,3.0354,63
2026-01-13 15:36:00,3.0299,3.0354,3.0284,3.0294,3.0349,3.0404,3.0334,3.0344,47
2026-01-13 15:37:00,3.0284,3.0304,3.0254,3.0259,3.0334,3.0354,3.0304,3.0309,57
2026-01-13 15:38:00,3.0264,3.0289,3.0244,3.0279,3.0314,3.0339,3.0294,3.0329,37
2026-01-13 15:39:00,3.0284,3.0344,3.0274,3.0334,3.0334,3.0394,3.0324,3.0384,66
2026-01-13 15:40:00,3.0339,3.0404,3.0314,3.0404,3.0389,3.0454,3.0364,3.0454,71
2026-01-13 15:41:00,3.0399,3.0404,3.0324,3.0339,3.0449,3.0454,3.0374,3.0389,48
2026-01-13 15:42:00,3.0349,3.0364,3.0294,3.0309,3.0399,3.0414,3.0344,3.0359,45
2026-01-13 15:43:00,3.0324,3.0384,3.0299,3.0334,3.0374,3.0434,3.0349,3.0384,79
2026-01-13 15:44:00,3.0329,3.0384,3.0304,3.0369,3.0379,3.0434,3.0354,3.0419,49
2026-01-13 15:45:00,3.0374,3.0424,3.0364,3.0424,3.0424,3.0474,3.0414,3.0474,64
2026-01-13 15:46:00,3.0414,3.0429,3.0374,3.0379,3.0464,3.0479,3.0424,3.0429,69
2026-01-13 15:47:00,3.0374,3.0394,3.0364,3.0364,3.0424,3.0444,3.0414,3.0414,44
2026-01-13 15:48:00,3.0369,3.0374,3.0194,3.0194,3.0419,3.0424,3.0244,3.0244,74
2026-01-13 15:49:00,3.0199,3.0264,3.0144,3.0244,3.0249,3.0314,3.0194,3.0294,78
2026-01-13 15:50:00,3.0254,3.0309,3.0234,3.0309,3.0304,3.0359,3.0284,3.0359,41
2026-01-13 15:51:00,3.0314,3.0314,3.0219,3.0234,3.0364,3.0364,3.0269,3.0284,43
2026-01-13 15:52:00,3.0239,3.0274,3.0224,3.0249,3.0289,3.0324,3.0274,3.0299,33
2026-01-13 15:53:00,3.0234,3.0254,3.0154,3.0254,3.0284,3.0304,3.0204,3.0304,56
2026-01-13 15:54:00,3.0249,3.0374,3.0244,3.0349,3.0299,3.0424,3.0294,3.0399,67
2026-01-13 15:55:00,3.0344,3.0374,3.0274,3.0304,3.0394,3.0424,3.0324,3.0354,56
2026-01-13 15:56:00,3.0309,3.0309,3.0224,3.0269,3.0359,3.0359,3.0274,3.0319,59
2026-01-13 15:57:00,3.0284,3.0309,3.0274,3.0309,3.0334,3.0359,3.0324,3.0359,36
2026-01-13 15:58:00,3.0299,3.0374,3.0279,3.0344,3.0349,3.0424,3.0329,3.0394,47
2026-01-13 15:59:00,3.0339,3.0364,3.0304,3.0364,3.0389,3.0414,3.0354,3.0414,52
2026-01-13 16:00:00,3.0359,3.0384,3.0344,3.0364,3.0409,3.0434,3.0394,3.0414,68
2026-01-13 16:01:00,3.0384,3.0484,3.0374,3.0484,3.0434,3.0534,3.0424,3.0534,62
2026-01-13 16:02:00,3.0474,3.0484,3.0399,3.0484,3.0524,3.0534,3.0449,3.0534,79
2026-01-13 16:03:00,3.0494,3.0544,3.0474,3.0504,3.0544,3.0594,3.0524,3.0554,65
2026-01-13 16:04:00,3.0514,3.0544,3.0494,3.0494,3.0564,3.0594,3.0544,3.0544,42
2026-01-13 16:05:00,3.0489,3.0494,3.0439,3.0459,3.0539,3.0544,3.0489,3.0509,42
2026-01-13 16:06:00,3.0454,3.0459,3.0349,3.0349,3.0504,3.0509,3.0399,3.0399,60
2026-01-13 16:07:00,3.0354,3.0354,3.0304,3.0344,3.0404,3.0404,3.0354,3.0394,43
2026-01-13 16:08:00,3.0339,3.0404,3.0314,3.0404,3.0389,3.0454,3.0364,3.0454,19
2026-01-13 16:09:00,3.0409,3.0419,3.0329,3.0374,3.0459,3.0469,3.0379,3.0424,39
2026-01-13 16:10:00,3.0364,3.0424,3.0314,3.0389,3.0414,3.0474,3.0364,3.0439,48
2026-01-13 16:11:00,3.0394,3.0439,3.0374,3.0439,3.0444,3.0489,3.0424,3.0489,47
2026-01-13 16:12:00,3.0444,3.0484,3.0414,3.0469,3.0494,3.0534,3.0464,3.0519,31
2026-01-13 16:13:00,3.0474,3.0474,3.0414,3.0454,3.0524,3.0524,3.0464,3.0504,44
2026-01-13 16:14:00,3.0459,3.0459,3.0399,3.0409,3.0509,3.0509,3.0449,3.0459,41
2026-01-13 16:15:00,3.0414,3.0414,3.0384,3.0389,3.0464,3.0464,3.0434,3.0439,29
2026-01-13 16:16:00,3.0384,3.0414,3.0339,3.0364,3.0434,3.0464,3.0389,3.0414,69
2026-01-13 16:17:00,3.0359,3.0404,3.0294,3.0304,3.0409,3.0454,3.0344,3.0354,46
2026-01-13 16:18:00,3.0309,3.0354,3.0309,3.0329,3.0359,3.0404,3.0359,3.0379,31
2026-01-13 16:19:00,3.0334,3.0344,3.0329,3.0334,3.0384,3.0394,3.0379,3.0384,18
2026-01-13 16:20:00,3.0344,3.0364,3.0304,3.0339,3.0394,3.0414,3.0354,3.0389,47
2026-01-13 16:21:00,3.0344,3.0344,3.0164,3.0184,3.0394,3.0394,3.0214,3.0234,66
2026-01-13 16:22:00,3.0179,3.0179,3.0009,3.0039,3.0229,3.0229,3.0059,3.0089,120
2026-01-13 16:23:00,3.0044,3.0044,2.9944,2.9969,3.0094,3.0094,2.9994,3.0019,66
2026-01-13 16:24:00,2.9974,3.0044,2.9964,3.0029,3.0024,3.0094,3.0014,3.0079,57
2026-01-13 16:25:00,3.0034,3.0054,2.9949,2.9954,3.0084,3.0104,2.9999,3.0004,60
2026-01-13 16:26:00,2.9964,3.0014,2.9959,3.0004,3.0014,3.0064,3.0009,3.0054,45
2026-01-13 16:27:00,2.9999,3.0104,2.9989,3.0059,3.0049,3.0154,3.0039,3.0109,67
2026-01-13 16:28:00,3.0049,3.0084,3.0024,3.0059,3.0099,3.0134,3.0074,3.0109,39
2026-01-13 16:29:00,3.0049,3.0069,3.0034,3.0054,3.0099,3.0119,3.0084,3.0104,51
2026-01-13 16:30:00,3.0059,3.0074,3.0014,3.0074,3.0109,3.0124,3.0064,3.0124,57
2026-01-13 16:31:00,3.0079,3.0099,3.0034,3.0064,3.0129,3.0149,3.0084,3.0114,61
2026-01-13 16:32:00,3.0069,3.0139,3.0059,3.0114,3.0119,3.0189,3.0109,3.0164,53
2026-01-13 16:33:00,3.0104,3.0114,3.0019,3.0094,3.0154,3.0164,3.0069,3.0144,52
2026-01-13 16:34:00,3.0099,3.0154,3.0094,3.0114,3.0149,3.0204,3.0144,3.0164,46
2026-01-13 16:35:00,3.0109,3.0134,3.0014,3.0114,3.0159,3.0184,3.0064,3.0164,53
2026-01-13 16:36:00,3.0124,3.0164,3.0089,3.0114,3.0174,3.0214,3.0139,3.0164,55
2026-01-13 16:37:00,3.0119,3.0164,3.0094,3.0149,3.0169,3.0214,3.0144,3.0199,62
2026-01-13 16:38:00,3.0139,3.0259,3.0129,3.0244,3.0189,3.0309,3.0179,3.0294,55
2026-01-13 16:39:00,3.0234,3.0334,3.0234,3.0314,3.0284,3.0384,3.0284,3.0364,78
2026-01-13 16:40:00,3.0319,3.0424,3.0304,3.0414,3.0369,3.0474,3.0354,3.0464,66
2026-01-13 16:41:00,3.0409,3.0479,3.0374,3.0459,3.0459,3.0529,3.0424,3.0509,70
2026-01-13 16:42:00,3.0464,3.0484,3.0404,3.0454,3.0514,3.0534,3.0454,3.0504,44
2026-01-13 16:43:00,3.0444,3.0514,3.0434,3.0489,3.0494,3.0564,3.0484,3.0539,48
2026-01-13 16:44:00,3.0494,3.0554,3.0454,3.0534,3.0544,3.0604,3.0504,3.0584,44
2026-01-13 16:45:00,3.0539,3.0539,3.0494,3.0524,3.0589,3.0589,3.0544,3.0574,34
2026-01-13 16:46:00,3.0529,3.0634,3.0519,3.0624,3.0579,3.0684,3.0569,3.0674,59
2026-01-13 16:47:00,3.0629,3.0654,3.0584,3.0584,3.0679,3.0704,3.0634,3.0634,52
2026-01-13 16:48:00,3.0589,3.0694,3.0584,3.0654,3.0639,3.0744,3.0634,3.0704,39
2026-01-13 16:49:00,3.0664,3.0784,3.0649,3.0714,3.0714,3.0834,3.0699,3.0764,90
2026-01-13 16:50:00,3.0704,3.0744,3.0699,3.0729,3.0754,3.0794,3.0749,3.0779,30
2026-01-13 16:51:00,3.0724,3.0724,3.0589,3.0594,3.0774,3.0774,3.0639,3.0644,66
2026-01-13 16:52:00,3.0599,3.0649,3.0599,3.0644,3.0649,3.0699,3.0649,3.0694,39
2026-01-13 16:53:00,3.0639,3.0664,3.0594,3.0624,3.0689,3.0714,3.0644,3.0674,46
2026-01-13 16:54:00,3.0614,3.0694,3.0594,3.0629,3.0664,3.0744,3.0644,3.0679,65
2026-01-13 16:55:00,3.0624,3.0724,3.0624,3.0664,3.0674,3.0774,3.0674,3.0714,49
2026-01-13 16:56:00,3.0654,3.0704,3.0654,3.0679,3.0704,3.0754,3.0704,3.0729,34
2026-01-13 16:57:00,3.0684,3.0684,3.0534,3.0564,3.0734,3.0734,3.0584,3.0614,49
2026-01-13 16:58:00,3.0569,3.0779,3.0534,3.0754,3.0619,3.0829,3.0584,3.0804,95
2026-01-13 16:59:00,3.0759,3.0774,3.0699,3.0739,3.0809,3.0824,3.0749,3.0789,45
2026-01-13 17:00:00,3.0744,3.0744,3.0699,3.0699,3.0794,3.0794,3.0749,3.0749,29
2026-01-13 17:01:00,3.0694,3.0714,3.0644,3.0649,3.0744,3.0764,3.0694,3.0699,31
2026-01-13 17:02:00,3.0644,3.0644,3.0574,3.0589,3.0694,3.0694,3.0624,3.0639,22
2026-01-13 17:03:00,3.0594,3.0599,3.0544,3.0569,3.0644,3.0649,3.0594,3.0619,31
2026-01-13 17:04:00,3.0564,3.0599,3.0564,3.0599,3.0614,3.0649,3.0614,3.0649,17
2026-01-13 17:05:00,3.0604,3.0714,3.0594,3.0714,3.0654,3.0764,3.0644,3.0764,35
2026-01-13 17:06:00,3.0704,3.0729,3.0639,3.0664,3.0754,3.0779,3.0689,3.0714,28
2026-01-13 17:07:00,3.0684,3.0704,3.0654,3.0669,3.0734,3.0754,3.0704,3.0719,29
2026-01-13 17:08:00,3.0664,3.0794,3.0654,3.0779,3.0714,3.0844,3.0704,3.0829,43
2026-01-13 17:09:00,3.0774,3.0924,3.0774,3.0894,3.0824,3.0974,3.0824,3.0944,91
2026-01-13 17:10:00,3.0899,3.0929,3.0874,3.0924,3.0949,3.0979,3.0924,3.0974,51
2026-01-13 17:11:00,3.0929,3.0934,3.0849,3.0854,3.0979,3.0984,3.0899,3.0904,32
2026-01-13 17:12:00,3.0849,3.0989,3.0844,3.0979,3.0899,3.1039,3.0894,3.1029,56
2026-01-13 17:13:00,3.0984,3.0984,3.0859,3.0859,3.1034,3.1034,3.0909,3.0909,49
2026-01-13 17:14:00,3.0854,3.0904,3.0854,3.0904,3.0904,3.0954,3.0904,3.0954,41
2026-01-13 17:15:00,3.0909,3.0934,3.0884,3.0909,3.0959,3.0984,3.0934,3.0959,23
2026-01-13 17:16:00,3.0904,3.0994,3.0894,3.0909,3.0954,3.1044,3.0944,3.0959,44
2026-01-13 17:17:00,3.0919,3.0934,3.0804,3.0864,3.0969,3.0984,3.0854,3.0914,67
2026-01-13 17:18:00,3.0869,3.0904,3.0829,3.0834,3.0919,3.0954,3.0879,3.0884,38
2026-01-13 17:19:00,3.0839,3.0844,3.0754,3.0759,3.0889,3.0894,3.0804,3.0809,44
2026-01-13 17:20:00,3.0764,3.0804,3.0764,3.0784,3.0814,3.0854,3.0814,3.0834,37
2026-01-13 17:21:00,3.0794,3.0824,3.0789,3.0789,3.0844,3.0874,3.0839,3.0839,35
2026-01-13 17:22:00,3.0794,3.0854,3.0794,3.0844,3.0844,3.0904,3.0844,3.0894,38
2026-01-13 17:23:00,3.0849,3.0864,3.0799,3.0814,3.0899,3.0914,3.0849,3.0864,28
2026-01-13 17:24:00,3.0824,3.0859,3.0814,3.0814,3.0874,3.0909,3.0864,3.0864,30
2026-01-13 17:25:00,3.0819,3.0819,3.0734,3.0744,3.0869,3.0869,3.0784,3.0794,51
2026-01-13 17:26:00,3.0749,3.0819,3.0744,3.0744,3.0799,3.0869,3.0794,3.0794,51
2026-01-13 17:27:00,3.0749,3.0834,3.0744,3.0764,3.0799,3.0884,3.0794,3.0814,47
2026-01-13 17:28:00,3.0754,3.0754,3.0494,3.0499,3.0804,3.0804,3.0544,3.0549,122
2026-01-13 17:29:00,3.0509,3.0534,3.0234,3.0354,3.0559,3.0584,3.0284,3.0404,182
2026-01-13 17:30:00,3.0364,3.0484,3.0314,3.0454,3.0414,3.0534,3.0364,3.0504,94
2026-01-13 17:31:00,3.0449,3.0469,3.0374,3.0394,3.0499,3.0519,3.0424,3.0444,77
2026-01-13 17:32:00,3.0399,3.0514,3.0389,3.0449,3.0449,3.0564,3.0439,3.0499,56
2026-01-13 17:33:00,3.0454,3.0504,3.0434,3.0464,3.0504,3.0554,3.0484,3.0514,46
2026-01-13 17:34:00,3.0454,3.0494,3.0424,3.0464,3.0504,3.0544,3.0474,3.0514,55
2026-01-13 17:35:00,3.0454,3.0534,3.0444,3.0504,3.0504,3.0584,3.0494,3.0554,53
2026-01-13 17:36:00,3.0494,3.0504,3.0434,3.0494,3.0544,3.0554,3.0484,3.0544,35
2026-01-13 17:37:00,3.0489,3.0514,3.0484,3.0504,3.0539,3.0564,3.0534,3.0554,36
2026-01-13 17:38:00,3.0514,3.0584,3.0484,3.0564,3.0564,3.0634,3.0534,3.0614,72
2026-01-13 17:39:00,3.0554,3.0614,3.0484,3.0604,3.0604,3.0664,3.0534,3.0654,45
2026-01-13 17:40:00,3.0609,3.0614,3.0474,3.0474,3.0659,3.0664,3.0524,3.0524,47
2026-01-13 17:41:00,3.0479,3.0584,3.0474,3.0574,3.0529,3.0634,3.0524,3.0624,36
2026-01-13 17:42:00,3.0579,3.0594,3.0559,3.0579,3.0629,3.0644,3.0609,3.0629,32
2026-01-13 17:43:00,3.0574,3.0599,3.0564,3.0584,3.0624,3.0649,3.0614,3.0634,27
2026-01-13 17:44:00,3.0574,3.0654,3.0574,3.0634,3.0624,3.0704,3.0624,3.0684,34
2026-01-13 17:45:00,3.0639,3.0734,3.0634,3.0724,3.0689,3.0784,3.0684,3.0774,58
2026-01-13 17:46:00,3.0714,3.0729,3.0669,3.0719,3.0764,3.0779,3.0719,3.0769,49
2026-01-13 17:47:00,3.0724,3.0744,3.0704,3.0744,3.0774,3.0794,3.0754,3.0794,34
2026-01-13 17:48:00,3.0739,3.0739,3.0604,3.0604,3.0789,3.0789,3.0654,3.0654,41
2026-01-13 17:49:00,3.0614,3.0684,3.0584,3.0679,3.0664,3.0734,3.0634,3.0729,37
2026-01-13 17:50:00,3.0684,3.0714,3.0684,3.0709,3.0734,3.0764,3.0734,3.0759,28
2026-01-13 17:51:00,3.0714,3.0779,3.0674,3.0774,3.0764,3.0829,3.0724,3.0824,63
2026-01-13 17:52:00,3.0784,3.0814,3.0709,3.0739,3.0834,3.0864,3.0759,3.0789,61
2026-01-13 17:53:00,3.0744,3.0744,3.0644,3.0689,3.0794,3.0794,3.0694,3.0739,51
2026-01-13 17:54:00,3.0704,3.0774,3.0694,3.0714,3.0754,3.0824,3.0744,3.0764,38
2026-01-13 17:55:00,3.0704,3.0774,3.0704,3.0769,3.0754,3.0824,3.0754,3.0819,20
2026-01-13 17:56:00,3.0774,3.0814,3.0764,3.0794,3.0824,3.0864,3.0814,3.0844,23
2026-01-13 17:57:00,3.0799,3.0804,3.0714,3.0729,3.0849,3.0854,3.0764,3.0779,35
2026-01-13 17:58:00,3.0739,3.0744,3.0654,3.0719,3.0789,3.0794,3.0704,3.0769,46
2026-01-13 17:59:00,3.0734,3.0754,3.0709,3.0734,3.0784,3.0804,3.0759,3.0784,26
2026-01-13 18:00:00,3.0714,3.0759,3.0714,3.0714,3.0764,3.0809,3.0764,3.0764,33
2026-01-13 18:01:00,3.0724,3.0754,3.0654,3.0704,3.0774,3.0804,3.0704,3.0754,34
2026-01-13 18:02:00,3.0714,3.0809,3.0714,3.0794,3.0764,3.0859,3.0764,3.0844,29
2026-01-13 18:03:00,3.0804,3.0864,3.0784,3.0864,3.0854,3.0914,3.0834,3.0914,41
2026-01-13 18:04:00,3.0869,3.0984,3.0854,3.0929,3.0919,3.1034,3.0904,3.0979,74
2026-01-13 18:05:00,3.0914,3.0914,3.0834,3.0834,3.0964,3.0964,3.0884,3.0884,56
2026-01-13 18:06:00,3.0844,3.0844,3.0734,3.0814,3.0894,3.0894,3.0784,3.0864,55
2026-01-13 18:07:00,3.0819,3.0824,3.0779,3.0794,3.0869,3.0874,3.0829,3.0844,19
2026-01-13 18:08:00,3.0779,3.0779,3.0634,3.0649,3.0829,3.0829,3.0684,3.0699,69
2026-01-13 18:09:00,3.0644,3.0694,3.0594,3.0684,3.0694,3.0744,3.0644,3.0734,45
2026-01-13 18:10:00,3.0689,3.0734,3.0684,3.0714,3.0739,3.0784,3.0734,3.0764,44
2026-01-13 18:11:00,3.0719,3.0739,3.0669,3.0729,3.0769,3.0789,3.0719,3.0779,35
2026-01-13 18:12:00,3.0724,3.0774,3.0719,3.0764,3.0774,3.0824,3.0769,3.0814,27
2026-01-13 18:13:00,3.0759,3.0774,3.0734,3.0774,3.0809,3.0824,3.0784,3.0824,34
2026-01-13 18:14:00,3.0779,3.0779,3.0634,3.0644,3.0829,3.0829,3.0684,3.0694,51
2026-01-13 18:15:00,3.0634,3.0694,3.0624,3.0694,3.0684,3.0744,3.0674,3.0744,32
2026-01-13 18:16:00,3.0699,3.0704,3.0634,3.0654,3.0749,3.0754,3.0684,3.0704,25
2026-01-13 18:17:00,3.0659,3.0689,3.0594,3.0609,3.0709,3.0739,3.0644,3.0659,48
2026-01-13 18:18:00,3.0604,3.0604,3.0494,3.0554,3.0654,3.0654,3.0544,3.0604,70
2026-01-13 18:19:00,3.0564,3.0599,3.0519,3.0519,3.0614,3.0649,3.0569,3.0569,34
2026-01-13 18:20:00,3.0514,3.0529,3.0454,3.0484,3.0564,3.0579,3.0504,3.0534,44
2026-01-13 18:21:00,3.0479,3.0484,3.0394,3.0444,3.0529,3.0534,3.0444,3.0494,53
2026-01-13 18:22:00,3.0449,3.0449,3.0284,3.0374,3.0499,3.0499,3.0334,3.0424,97
2026-01-13 18:23:00,3.0379,3.0384,3.0284,3.0294,3.0429,3.0434,3.0334,3.0344,82
2026-01-13 18:24:00,3.0299,3.0359,3.0284,3.0354,3.0349,3.0409,3.0334,3.0404,80
2026-01-13 18:25:00,3.0349,3.0369,3.0334,3.0369,3.0399,3.0419,3.0384,3.0419,26
2026-01-13 18:26:00,3.0364,3.0374,3.0304,3.0354,3.0414,3.0424,3.0354,3.0404,49
2026-01-13 18:27:00,3.0344,3.0344,3.0219,3.0269,3.0394,3.0394,3.0269,3.0319,90
2026-01-13 18:28:00,3.0274,3.0294,3.0219,3.0244,3.0324,3.0344,3.0269,3.0294,35
2026-01-13 18:29:00,3.0249,3.0344,3.0234,3.0324,3.0299,3.0394,3.0284,3.0374,58
2026-01-13 18:30:00,3.0319,3.0319,3.0254,3.0299,3.0369,3.0369,3.0304,3.0349,41
2026-01-13 18:31:00,3.0309,3.0334,3.0284,3.0324,3.0359,3.0384,3.0334,3.0374,32
2026-01-13 18:32:00,3.0314,3.0344,3.0214,3.0229,3.0364,3.0394,3.0264,3.0279,65
2026-01-13 18:33:00,3.0234,3.0264,3.0194,3.0204,3.0284,3.0314,3.0244,3.0254,54
2026-01-13 18:34:00,3.0209,3.0209,3.0124,3.0154,3.0259,3.0259,3.0174,3.0204,43
2026-01-13 18:35:00,3.0144,3.0289,3.0124,3.0284,3.0194,3.0339,3.0174,3.0334,66
2026-01-13 18:36:00,3.0264,3.0314,3.0244,3.0294,3.0314,3.0364,3.0294,3.0344,45
2026-01-13 18:37:00,3.0284,3.0354,3.0269,3.0354,3.0334,3.0404,3.0319,3.0404,31
2026-01-13 18:38:00,3.0334,3.0379,3.0264,3.0294,3.0384,3.0429,3.0314,3.0344,74
2026-01-13 18:39:00,3.0289,3.0394,3.0279,3.0294,3.0339,3.0444,3.0329,3.0344,68
2026-01-13 18:40:00,3.0289,3.0344,3.0224,3.0334,3.0339,3.0394,3.0274,3.0384,58
2026-01-13 18:41:00,3.0339,3.0414,3.0324,3.0349,3.0389,3.0464,3.0374,3.0399,55
2026-01-13 18:42:00,3.0344,3.0374,3.0294,3.0354,3.0394,3.0424,3.0344,3.0404,57
2026-01-13 18:43:00,3.0349,3.0394,3.0299,3.0389,3.0399,3.0444,3.0349,3.0439,42
2026-01-13 18:44:00,3.0394,3.0409,3.0374,3.0394,3.0444,3.0459,3.0424,3.0444,28
2026-01-13 18:45:00,3.0384,3.0404,3.0344,3.0374,3.0434,3.0454,3.0394,3.0424,47
2026-01-13 18:46:00,3.0379,3.0394,3.0354,3.0354,3.0429,3.0444,3.0404,3.0404,23
2026-01-13 18:47:00,3.0344,3.0489,3.0289,3.0459,3.0394,3.0539,3.0339,3.0509,87
2026-01-13 18:48:00,3.0454,3.0524,3.0424,3.0474,3.0504,3.0574,3.0474,3.0524,61
2026-01-13 18:49:00,3.0479,3.0499,3.0384,3.0454,3.0529,3.0549,3.0434,3.0504,61
2026-01-13 18:50:00,3.0459,3.0499,3.0449,3.0484,3.0509,3.0549,3.0499,3.0534,45
2026-01-13 18:51:00,3.0479,3.0494,3.0374,3.0374,3.0529,3.0544,3.0424,3.0424,54
2026-01-13 18:52:00,3.0369,3.0389,3.0294,3.0329,3.0419,3.0439,3.0344,3.0379,63
2026-01-13 18:53:00,3.0334,3.0344,3.0309,3.0319,3.0384,3.0394,3.0359,3.0369,36
2026-01-13 18:54:00,3.0314,3.0374,3.0309,3.0334,3.0364,3.0424,3.0359,3.0384,55
2026-01-13 18:55:00,3.0324,3.0434,3.0324,3.0354,3.0374,3.0484,3.0374,3.0404,56
2026-01-13 18:56:00,3.0344,3.0349,3.0224,3.0314,3.0394,3.0399,3.0274,3.0364,63
2026-01-13 18:57:00,3.0309,3.0344,3.0279,3.0279,3.0359,3.0394,3.0329,3.0329,60
2026-01-13 18:58:00,3.0274,3.0344,3.0244,3.0334,3.0324,3.0394,3.0294,3.0384,61
2026-01-13 18:59:00,3.0329,3.0414,3.0319,3.0394,3.0379,3.0464,3.0369,3.0444,51
2026-01-13 19:00:00,3.0409,3.0484,3.0374,3.0454,3.0459,3.0534,3.0424,3.0504,81
2026-01-13 19:01:00,3.0434,3.0534,3.0434,3.0524,3.0484,3.0584,3.0484,3.0574,44
2026-01-13 19:02:00,3.0519,3.0524,3.0434,3.0479,3.0569,3.0574,3.0484,3.0529,39
2026-01-13 19:03:00,3.0474,3.0599,3.0474,3.0569,3.0524,3.0649,3.0524,3.0619,81
2026-01-13 19:04:00,3.0574,3.0604,3.0544,3.0569,3.0624,3.0654,3.0594,3.0619,55
2026-01-13 19:05:00,3.0564,3.0694,3.0564,3.0694,3.0614,3.0744,3.0614,3.0744,74
2026-01-13 19:06:00,3.0699,3.0759,3.0564,3.0574,3.0749,3.0809,3.0614,3.0624,101
2026-01-13 19:07:00,3.0564,3.0564,3.0344,3.0344,3.0614,3.0614,3.0394,3.0394,58
2026-01-13 19:08:00,3.0334,3.0514,3.0234,3.0514,3.0384,3.0564,3.0284,3.0564,130
2026-01-13 19:09:00,3.0519,3.0589,3.0504,3.0554,3.0569,3.0639,3.0554,3.0604,60
2026-01-13 19:10:00,3.0559,3.0559,3.0404,3.0404,3.0609,3.0609,3.0454,3.0454,51
2026-01-13 19:11:00,3.0409,3.0464,3.0359,3.0389,3.0459,3.0514,3.0409,3.0439,39
2026-01-13 19:12:00,3.0394,3.0444,3.0389,3.0404,3.0444,3.0494,3.0439,3.0454,37
2026-01-13 19:13:00,3.0399,3.0544,3.0369,3.0544,3.0449,3.0594,3.0419,3.0594,55
2026-01-13 19:14:00,3.0554,3.0594,3.0489,3.0529,3.0604,3.0644,3.0539,3.0579,45
2026-01-13 19:15:00,3.0534,3.0619,3.0534,3.0574,3.0584,3.0669,3.0584,3.0624,54
2026-01-13 19:16:00,3.0564,3.0564,3.0519,3.0534,3.0614,3.0614,3.0569,3.0584,24
2026-01-13 19:17:00,3.0539,3.0584,3.0494,3.0564,3.0589,3.0634,3.0544,3.0614,61
2026-01-13 19:18:00,3.0554,3.0554,3.0414,3.0414,3.0604,3.0604,3.0464,3.0464,62
2026-01-13 19:19:00,3.0394,3.0444,3.0144,3.0184,3.0444,3.0494,3.0194,3.0234,147
2026-01-13 19:20:00,3.0174,3.0344,3.0114,3.0339,3.0224,3.0394,3.0164,3.0389,92
2026-01-13 19:21:00,3.0334,3.0454,3.0314,3.0374,3.0384,3.0504,3.0364,3.0424,84
2026-01-13 19:22:00,3.0369,3.0564,3.0364,3.0494,3.0419,3.0614,3.0414,3.0544,81
2026-01-13 19:23:00,3.0504,3.0544,3.0494,3.0509,3.0554,3.0594,3.0544,3.0559,50
2026-01-13 19:24:00,3.0514,3.0644,3.0484,3.0629,3.0564,3.0694,3.0534,3.0679,60
2026-01-13 19:25:00,3.0634,3.0799,3.0634,3.0739,3.0684,3.0849,3.0684,3.0789,122
2026-01-13 19:26:00,3.0744,3.0914,3.0739,3.0794,3.0794,3.0964,3.0789,3.0844,81
2026-01-13 19:27:00,3.0799,3.0894,3.0794,3.0869,3.0849,3.0944,3.0844,3.0919,64
2026-01-13 19:28:00,3.0864,3.0889,3.0834,3.0834,3.0914,3.0939,3.0884,3.0884,46
2026-01-13 19:29:00,3.0844,3.0934,3.0819,3.0904,3.0894,3.0984,3.0869,3.0954,99
2026-01-13 19:30:00,3.0894,3.0994,3.0884,3.0949,3.0944,3.1044,3.0934,3.0999,92
2026-01-13 19:31:00,3.0944,3.1014,3.0924,3.0989,3.0994,3.1064,3.0974,3.1039,57
2026-01-13 19:32:00,3.1014,3.1094,3.0984,3.1059,3.1064,3.1144,3.1034,3.1109,91
2026-01-13 19:33:00,3.1064,3.1144,3.1024,3.1134,3.1114,3.1194,3.1074,3.1184,58
2026-01-13 19:34:00,3.1119,3.1159,3.1094,3.1144,3.1169,3.1209,3.1144,3.1194,85
2026-01-13 19:35:00,3.1134,3.1204,3.1124,3.1129,3.1184,3.1254,3.1174,3.1179,64
2026-01-13 19:36:00,3.1139,3.1274,3.1139,3.1274,3.1189,3.1324,3.1189,3.1324,72
2026-01-13 19:37:00,3.1264,3.1304,3.1144,3.1159,3.1314,3.1354,3.1194,3.1209,72
2026-01-13 19:38:00,3.1154,3.1174,3.1124,3.1144,3.1204,3.1224,3.1174,3.1194,48
2026-01-13 19:39:00,3.1149,3.1159,3.1114,3.1129,3.1199,3.1209,3.1164,3.1179,38
2026-01-13 19:40:00,3.1134,3.1164,3.1024,3.1024,3.1184,3.1214,3.1074,3.1074,75
2026-01-13 19:41:00,3.1029,3.1029,3.0919,3.0954,3.1079,3.1079,3.0969,3.1004,64
2026-01-13 19:42:00,3.0959,3.0994,3.0924,3.0969,3.1009,3.1044,3.0974,3.1019,40
2026-01-13 19:43:00,3.0964,3.0964,3.0934,3.0944,3.1014,3.1014,3.0984,3.0994,26
2026-01-13 19:44:00,3.0949,3.0949,3.0774,3.0804,3.0999,3.0999,3.0824,3.0854,86
2026-01-13 19:45:00,3.0809,3.0824,3.0749,3.0774,3.0859,3.0874,3.0799,3.0824,51
2026-01-13 19:46:00,3.0779,3.0854,3.0769,3.0849,3.0829,3.0904,3.0819,3.0899,36
2026-01-13 19:47:00,3.0854,3.0924,3.0849,3.0874,3.0904,3.0974,3.0899,3.0924,43
2026-01-13 19:48:00,3.0879,3.0914,3.0864,3.0894,3.0929,3.0964,3.0914,3.0944,36
2026-01-13 19:49:00,3.0884,3.0914,3.0859,3.0894,3.0934,3.0964,3.0909,3.0944,24
2026-01-13 19:50:00,3.0904,3.0949,3.0874,3.0949,3.0954,3.0999,3.0924,3.0999,53
2026-01-13 19:51:00,3.0954,3.0954,3.0884,3.0914,3.1004,3.1004,3.0934,3.0964,49
2026-01-13 19:52:00,3.0919,3.0924,3.0814,3.0814,3.0969,3.0974,3.0864,3.0864,53
2026-01-13 19:53:00,3.0819,3.0924,3.0819,3.0924,3.0869,3.0974,3.0869,3.0974,34
2026-01-13 19:54:00,3.0914,3.0914,3.0819,3.0859,3.0964,3.0964,3.0869,3.0909,32
2026-01-13 19:55:00,3.0869,3.0899,3.0854,3.0894,3.0919,3.0949,3.0904,3.0944,28
2026-01-13 19:56:00,3.0904,3.0904,3.0824,3.0829,3.0954,3.0954,3.0874,3.0879,35
2026-01-13 19:57:00,3.0824,3.0824,3.0719,3.0719,3.0874,3.0874,3.0769,3.0769,80
2026-01-13 19:58:00,3.0714,3.0754,3.0639,3.0659,3.0764,3.0804,3.0689,3.0709,47
2026-01-13 19:59:00,3.0664,3.0744,3.0664,3.0729,3.0714,3.0794,3.0714,3.0779,35
2026-01-13 20:00:00,3.0734,3.0774,3.0724,3.0744,3.0784,3.0824,3.0774,3.0794,35
2026-01-13 20:01:00,3.0754,3.0774,3.0724,3.0724,3.0804,3.0824,3.0774,3.0774,34
2026-01-13 20:02:00,3.0719,3.0744,3.0714,3.0734,3.0769,3.0794,3.0764,3.0784,38
2026-01-13 20:03:00,3.0724,3.0804,3.0704,3.0729,3.0774,3.0854,3.0754,3.0779,60
2026-01-13 20:04:00,3.0724,3.0804,3.0674,3.0784,3.0774,3.0854,3.0724,3.0834,56
2026-01-13 20:05:00,3.0794,3.0794,3.0749,3.0784,3.0844,3.0844,3.0799,3.0834,53
2026-01-13 20:06:00,3.0774,3.0809,3.0774,3.0799,3.0824,3.0859,3.0824,3.0849,29
2026-01-13 20:07:00,3.0794,3.0804,3.0714,3.0789,3.0844,3.0854,3.0764,3.0839,67
2026-01-13 20:08:00,3.0784,3.0904,3.0784,3.0894,3.0834,3.0954,3.0834,3.0944,54
2026-01-13 20:09:00,3.0889,3.0914,3.0844,3.0849,3.0939,3.0964,3.0894,3.0899,41
2026-01-13 20:10:00,3.0854,3.0874,3.0844,3.0859,3.0904,3.0924,3.0894,3.0909,24
2026-01-13 20:11:00,3.0854,3.0864,3.0744,3.0744,3.0904,3.0914,3.0794,3.0794,44
2026-01-13 20:12:00,3.0739,3.0814,3.0739,3.0814,3.0789,3.0864,3.0789,3.0864,37
2026-01-13 20:13:00,3.0804,3.0864,3.0804,3.0864,3.0854,3.0914,3.0854,3.0914,19
2026-01-13 20:14:00,3.0869,3.0904,3.0849,3.0889,3.0919,3.0954,3.0899,3.0939,28
2026-01-13 20:15:00,3.0894,3.0914,3.0864,3.0904,3.0944,3.0964,3.0914,3.0954,37
2026-01-13 20:16:00,3.0899,3.0899,3.0784,3.0824,3.0949,3.0949,3.0834,3.0874,50
2026-01-13 20:17:00,3.0829,3.0884,3.0809,3.0879,3.0879,3.0934,3.0859,3.0929,43
2026-01-13 20:18:00,3.0884,3.0914,3.0854,3.0914,3.0934,3.0964,3.0904,3.0964,22
2026-01-13 20:19:00,3.0909,3.0914,3.0874,3.0914,3.0959,3.0964,3.0924,3.0964,26
2026-01-13 20:20:00,3.0924,3.1044,3.0924,3.0994,3.0974,3.1094,3.0974,3.1044,83
2026-01-13 20:21:00,3.0999,3.0999,3.0954,3.0994,3.1049,3.1049,3.1004,3.1044,37
2026-01-13 20:22:00,3.0984,3.0999,3.0909,3.0914,3.1034,3.1049,3.0959,3.0964,42
2026-01-13 20:23:00,3.0919,3.0974,3.0904,3.0974,3.0969,3.1024,3.0954,3.1024,37
2026-01-13 20:24:00,3.0964,3.0994,3.0944,3.0984,3.1014,3.1044,3.0994,3.1034,37
2026-01-13 20:25:00,3.0994,3.1074,3.0974,3.1049,3.1044,3.1124,3.1024,3.1099,66
2026-01-13 20:26:00,3.1044,3.1114,3.1044,3.1069,3.1094,3.1164,3.1094,3.1119,50
2026-01-13 20:27:00,3.1074,3.1164,3.1074,3.1104,3.1124,3.1214,3.1124,3.1154,72
2026-01-13 20:28:00,3.1109,3.1114,3.0964,3.0964,3.1159,3.1164,3.1014,3.1014,212
2026-01-13 20:29:00,3.0959,3.0974,3.0894,3.0909,3.1009,3.1024,3.0944,3.0959,78
2026-01-13 20:30:00,3.0924,3.0924,3.0834,3.0884,3.0974,3.0974,3.0884,3.0934,83
2026-01-13 20:31:00,3.0879,3.0889,3.0844,3.0844,3.0929,3.0939,3.0894,3.0894,39
2026-01-13 20:32:00,3.0839,3.0859,3.0824,3.0844,3.0889,3.0909,3.0874,3.0894,31
2026-01-13 20:33:00,3.0849,3.0874,3.0824,3.0864,3.0899,3.0924,3.0874,3.0914,19
2026-01-13 20:34:00,3.0859,3.0859,3.0784,3.0789,3.0909,3.0909,3.0834,3.0839,22
2026-01-13 20:35:00,3.0794,3.0804,3.0779,3.0794,3.0844,3.0854,3.0829,3.0844,17
2026-01-13 20:36:00,3.0799,3.0804,3.0774,3.0804,3.0849,3.0854,3.0824,3.0854,15
2026-01-13 20:37:00,3.0799,3.0799,3.0754,3.0784,3.0849,3.0849,3.0804,3.0834,24
2026-01-13 20:38:00,3.0794,3.0804,3.0754,3.0804,3.0844,3.0854,3.0804,3.0854,21
2026-01-13 20:39:00,3.0814,3.0814,3.0784,3.0799,3.0864,3.0864,3.0834,3.0849,20
2026-01-13 20:40:00,3.0804,3.0834,3.0789,3.0804,3.0854,3.0884,3.0839,3.0854,19
2026-01-13 20:41:00,3.0814,3.0814,3.0814,3.0814,3.0864,3.0864,3.0864,3.0864,1
2026-01-13 20:42:00,3.0819,3.0824,3.0784,3.0804,3.0869,3.0874,3.0834,3.0854,12
2026-01-13 20:43:00,3.0799,3.0804,3.0794,3.0794,3.0849,3.0854,3.0844,3.0844,6
2026-01-13 20:44:00,3.0784,3.0844,3.0784,3.0839,3.0834,3.0894,3.0834,3.0889,13
2026-01-13 20:45:00,3.0834,3.0864,3.0819,3.0839,3.0884,3.0914,3.0869,3.0889,23
2026-01-13 20:46:00,3.0844,3.0854,3.0784,3.0794,3.0894,3.0904,3.0834,3.0844,24
2026-01-13 20:47:00,3.0799,3.0799,3.0774,3.0779,3.0849,3.0849,3.0824,3.0829,8
2026-01-13 20:48:00,3.0774,3.0774,3.0764,3.0774,3.0824,3.0824,3.0814,3.0824,7
2026-01-13 20:49:00,3.0764,3.0764,3.0744,3.0754,3.0814,3.0814,3.0794,3.0804,6
2026-01-13 20:50:00,3.0759,3.0764,3.0754,3.0764,3.0809,3.0814,3.0804,3.0814,6
2026-01-13 20:51:00,3.0774,3.0784,3.0769,3.0779,3.0824,3.0834,3.0819,3.0829,6
2026-01-13 20:52:00,3.0784,3.0784,3.0774,3.0774,3.0834,3.0834,3.0824,3.0824,6
2026-01-13 20:53:00,3.0779,3.0784,3.0774,3.0779,3.0829,3.0834,3.0824,3.0829,12
2026-01-13 20:54:00,3.0774,3.0794,3.0774,3.0789,3.0824,3.0844,3.0824,3.0839,8
2026-01-13 20:55:00,3.0784,3.0854,3.0784,3.0804,3.0834,3.0904,3.0834,3.0854,37
2026-01-13 20:56:00,3.0809,3.0834,3.0809,3.0834,3.0859,3.0884,3.0859,3.0884,7
2026-01-13 20:57:00,3.0824,3.0859,3.0814,3.0844,3.0874,3.0909,3.0864,3.0894,15
2026-01-13 20:58:00,3.0839,3.0854,3.0834,3.0854,3.0889,3.0904,3.0884,3.0904,13
2026-01-13 20:59:00,3.0849,3.0849,3.0834,3.0834,3.0899,3.0899,3.0884,3.0884,8
2026-01-13 21:00:00,3.0839,3.0844,3.0789,3.0794,3.0889,3.0894,3.0839,3.0844,10
2026-01-13 21:01:00,3.0789,3.0799,3.0779,3.0799,3.0839,3.0849,3.0829,3.0849,5
2026-01-13 21:02:00,3.0804,3.0824,3.0804,3.0814,3.0854,3.0874,3.0854,3.0864,5
2026-01-13 21:03:00,3.0809,3.0814,3.0809,3.0809,3.0859,3.0864,3.0859,3.0859,3
2026-01-13 21:04:00,3.0804,3.0814,3.0799,3.0804,3.0854,3.0864,3.0849,3.0854,9
2026-01-13 21:05:00,3.0799,3.0804,3.0774,3.0784,3.0849,3.0854,3.0824,3.0834,10
2026-01-13 21:06:00,3.0774,3.0784,3.0764,3.0774,3.0824,3.0834,3.0814,3.0824,12
2026-01-13 21:07:00,3.0784,3.0834,3.0774,3.0834,3.0834,3.0884,3.0824,3.0884,11
2026-01-13 21:09:00,3.0829,3.0844,3.0819,3.0819,3.0879,3.0894,3.0869,3.0869,8
2026-01-13 21:10:00,3.0824,3.0844,3.0824,3.0834,3.0874,3.0894,3.0874,3.0884,4
2026-01-13 21:11:00,3.0824,3.0834,3.0824,3.0834,3.0874,3.0884,3.0874,3.0884,2
2026-01-13 21:12:00,3.0844,3.0899,3.0844,3.0889,3.0894,3.0949,3.0894,3.0939,11
2026-01-13 21:13:00,3.0884,3.0884,3.0864,3.0874,3.0934,3.0934,3.0914,3.0924,13
2026-01-13 21:14:00,3.0859,3.0869,3.0854,3.0864,3.0909,3.0919,3.0904,3.0914,5
2026-01-13 21:15:00,3.0874,3.0904,3.0864,3.0904,3.0924,3.0954,3.0914,3.0954,8
2026-01-13 21:16:00,3.0914,3.0914,3.0894,3.0914,3.0964,3.0964,3.0944,3.0964,8
2026-01-13 21:17:00,3.0924,3.0924,3.0894,3.0894,3.0974,3.0974,3.0944,3.0944,13
2026-01-13 21:18:00,3.0899,3.0909,3.0889,3.0909,3.0949,3.0959,3.0939,3.0959,11
2026-01-13 21:19:00,3.0904,3.0919,3.0899,3.0909,3.0954,3.0969,3.0949,3.0959,8
2026-01-13 21:20:00,3.0914,3.0944,3.0889,3.0894,3.0964,3.0994,3.0939,3.0944,15
2026-01-13 21:21:00,3.0904,3.0904,3.0864,3.0874,3.0954,3.0954,3.0914,3.0924,9
2026-01-13 21:22:00,3.0884,3.0884,3.0854,3.0854,3.0934,3.0934,3.0904,3.0904,5
2026-01-13 21:23:00,3.0864,3.0874,3.0864,3.0874,3.0914,3.0924,3.0914,3.0924,2
2026-01-13 21:24:00,3.0869,3.0869,3.0854,3.0854,3.0919,3.0919,3.0904,3.0904,3
2026-01-13 21:25:00,3.0864,3.0894,3.0864,3.0894,3.0914,3.0944,3.0914,3.0944,7
2026-01-13 21:26:00,3.0904,3.0904,3.0884,3.0894,3.0954,3.0954,3.0934,3.0944,5
2026-01-13 21:27:00,3.0899,3.0904,3.0864,3.0864,3.0949,3.0954,3.0914,3.0914,11
2026-01-13 21:28:00,3.0874,3.0924,3.0869,3.0919,3.0924,3.0974,3.0919,3.0969,26
2026-01-13 21:29:00,3.0914,3.0954,3.0914,3.0944,3.0964,3.1004,3.0964,3.0994,11
2026-01-13 21:30:00,3.0939,3.0944,3.0919,3.0924,3.0989,3.0994,3.0969,3.0974,17
2026-01-13 21:31:00,3.0914,3.0939,3.0914,3.0939,3.0964,3.0989,3.0964,3.0989,7
2026-01-13 21:32:00,3.0934,3.0954,3.0924,3.0944,3.0984,3.1004,3.0974,3.0994,8
2026-01-13 21:33:00,3.0949,3.0974,3.0944,3.0964,3.0999,3.1024,3.0994,3.1014,9
2026-01-13 21:34:00,3.0959,3.0964,3.0944,3.0944,3.1009,3.1014,3.0994,3.0994,15
2026-01-13 21:35:00,3.0954,3.0984,3.0954,3.0974,3.1004,3.1034,3.1004,3.1024,11
2026-01-13 21:36:00,3.0964,3.0974,3.0964,3.0974,3.1014,3.1024,3.1014,3.1024,4
2026-01-13 21:37:00,3.0969,3.0984,3.0964,3.0969,3.1019,3.1034,3.1014,3.1019,12
2026-01-13 21:38:00,3.0964,3.0974,3.0944,3.0954,3.1014,3.1024,3.0994,3.1004,14
2026-01-13 21:39:00,3.0949,3.0949,3.0939,3.0949,3.0999,3.0999,3.0989,3.0999,9
2026-01-13 21:40:00,3.0944,3.0974,3.0924,3.0954,3.0994,3.1024,3.0974,3.1004,13
2026-01-13 21:41:00,3.0959,3.0959,3.0924,3.0929,3.1009,3.1009,3.0974,3.0979,16
2026-01-13 21:42:00,3.0934,3.0934,3.0919,3.0919,3.0984,3.0984,3.0969,3.0969,4
2026-01-13 21:43:00,3.0924,3.0949,3.0914,3.0924,3.0974,3.0999,3.0964,3.0974,10
2026-01-13 21:44:00,3.0929,3.0939,3.0924,3.0924,3.0979,3.0989,3.0974,3.0974,9
2026-01-13 21:45:00,3.0919,3.0919,3.0884,3.0904,3.0969,3.0969,3.0934,3.0954,15
2026-01-13 21:46:00,3.0899,3.0899,3.0894,3.0894,3.0949,3.0949,3.0944,3.0944,2
2026-01-13 21:47:00,3.0899,3.0899,3.0899,3.0899,3.0949,3.0949,3.0949,3.0949,1
2026-01-13 21:48:00,3.0904,3.0904,3.0864,3.0899,3.0954,3.0954,3.0914,3.0949,25
2026-01-13 21:49:00,3.0904,3.0924,3.0904,3.0914,3.0954,3.0974,3.0954,3.0964,4
2026-01-13 21:50:00,3.0924,3.0934,3.0904,3.0909,3.0974,3.0984,3.0954,3.0959,14
2026-01-13 21:51:00,3.0914,3.0944,3.0914,3.0944,3.0964,3.0994,3.0964,3.0994,12
2026-01-13 21:52:00,3.0949,3.0954,3.0924,3.0949,3.0999,3.1004,3.0974,3.0999,11
2026-01-13 21:53:00,3.0954,3.0969,3.0954,3.0969,3.1004,3.1019,3.1004,3.1019,8
2026-01-13 21:54:00,3.0984,3.0984,3.0969,3.0969,3.1034,3.1034,3.1019,3.1019,5
2026-01-13 21:55:00,3.0964,3.0994,3.0964,3.0979,3.1014,3.1044,3.1014,3.1029,9
2026-01-13 21:56:00,3.0974,3.0979,3.0934,3.0964,3.1024,3.1029,3.0984,3.1014,20
2026-01-13 21:57:00,3.0969,3.0984,3.0969,3.0974,3.1019,3.1034,3.1019,3.1024,6
2026-01-13 21:58:00,3.0979,3.1004,3.0974,3.0999,3.1029,3.1054,3.1024,3.1049,18
2026-01-13 21:59:00,3.0994,3.0999,3.0979,3.0979,3.1044,3.1049,3.1029,3.1029,10
2026-01-13 22:00:00,3.0974,3.0984,3.0944,3.0949,3.1024,3.1034,3.0994,3.0999,11
2026-01-13 22:01:00,3.0954,3.0954,3.0944,3.0949,3.1004,3.1004,3.0994,3.0999,4
2026-01-13 22:02:00,3.0954,3.0969,3.0944,3.0944,3.1004,3.1019,3.0994,3.0994,15
2026-01-13 22:03:00,3.0934,3.0949,3.0924,3.0944,3.0984,3.0999,3.0974,3.0994,10
2026-01-13 22:04:00,3.0939,3.0959,3.0924,3.0939,3.0989,3.1009,3.0974,3.0989,23
2026-01-13 22:05:00,3.0944,3.0959,3.0924,3.0944,3.0994,3.1009,3.0974,3.0994,19
2026-01-13 22:06:00,3.0934,3.0964,3.0924,3.0959,3.0984,3.1014,3.0974,3.1009,13
2026-01-13 22:07:00,3.0954,3.0984,3.0949,3.0984,3.1004,3.1034,3.0999,3.1034,18
2026-01-13 22:08:00,3.0989,3.1004,3.0974,3.1004,3.1039,3.1054,3.1024,3.1054,8
2026-01-13 22:09:00,3.1014,3.1024,3.1014,3.1019,3.1064,3.1074,3.1064,3.1069,6
2026-01-13 22:10:00,3.1029,3.1034,3.0984,3.1019,3.1079,3.1084,3.1034,3.1069,29
2026-01-13 22:11:00,3.1014,3.1029,3.1004,3.1014,3.1064,3.1079,3.1054,3.1064,11
2026-01-13 22:12:00,3.1019,3.1034,3.1014,3.1019,3.1069,3.1084,3.1064,3.1069,11
2026-01-13 22:13:00,3.1004,3.1004,3.0994,3.0994,3.1054,3.1054,3.1044,3.1044,3
2026-01-13 22:14:00,3.0999,3.1014,3.0974,3.0974,3.1049,3.1064,3.1024,3.1024,14
2026-01-13 22:15:00,3.0979,3.0984,3.0979,3.0984,3.1029,3.1034,3.1029,3.1034,6
2026-01-13 22:16:00,3.0979,3.0984,3.0974,3.0974,3.1029,3.1034,3.1024,3.1024,4
2026-01-13 22:17:00,3.0979,3.0984,3.0979,3.0984,3.1029,3.1034,3.1029,3.1034,2
2026-01-13 22:18:00,3.0979,3.0984,3.0974,3.0984,3.1029,3.1034,3.1024,3.1034,3
2026-01-13 22:19:00,3.0974,3.0974,3.0954,3.0964,3.1024,3.1024,3.1004,3.1014,6
2026-01-13 22:20:00,3.0974,3.0974,3.0974,3.0974,3.1024,3.1024,3.1024,3.1024,1
2026-01-13 22:22:00,3.0984,3.0994,3.0974,3.0974,3.1034,3.1044,3.1024,3.1024,5
2026-01-13 22:23:00,3.0979,3.0984,3.0964,3.0974,3.1029,3.1034,3.1014,3.1024,10
2026-01-13 22:24:00,3.0984,3.0984,3.0884,3.0884,3.1034,3.1034,3.0934,3.0934,24
2026-01-13 22:25:00,3.0894,3.0894,3.0854,3.0859,3.0944,3.0944,3.0904,3.0909,9
2026-01-13 22:26:00,3.0864,3.0874,3.0864,3.0874,3.0914,3.0924,3.0914,3.0924,6
2026-01-13 22:27:00,3.0864,3.0904,3.0864,3.0904,3.0914,3.0954,3.0914,3.0954,10
2026-01-13 22:28:00,3.0909,3.0909,3.0899,3.0904,3.0959,3.0959,3.0949,3.0954,8
2026-01-13 22:29:00,3.0899,3.0904,3.0889,3.0889,3.0949,3.0954,3.0939,3.0939,4
2026-01-13 22:30:00,3.0884,3.0899,3.0864,3.0879,3.0934,3.0949,3.0914,3.0929,17
2026-01-13 22:31:00,3.0864,3.0864,3.0699,3.0709,3.0914,3.0914,3.0749,3.0759,36
2026-01-13 22:32:00,3.0699,3.0734,3.0699,3.0724,3.0749,3.0784,3.0749,3.0774,13
2026-01-13 22:33:00,3.0734,3.0744,3.0729,3.0729,3.0784,3.0794,3.0779,3.0779,4
2026-01-13 22:34:00,3.0719,3.0729,3.0719,3.0724,3.0769,3.0779,3.0769,3.0774,3
2026-01-13 22:35:00,3.0714,3.0714,3.0664,3.0674,3.0764,3.0764,3.0714,3.0724,17
2026-01-13 22:36:00,3.0684,3.0684,3.0644,3.0659,3.0734,3.0734,3.0694,3.0709,14
2026-01-13 22:37:00,3.0654,3.0684,3.0654,3.0669,3.0704,3.0734,3.0704,3.0719,9
2026-01-13 22:38:00,3.0674,3.0684,3.0674,3.0684,3.0724,3.0734,3.0724,3.0734,2
2026-01-13 22:39:00,3.0674,3.0684,3.0664,3.0664,3.0724,3.0734,3.0714,3.0714,5
2026-01-13 22:40:00,3.0669,3.0679,3.0669,3.0679,3.0719,3.0729,3.0719,3.0729,4
2026-01-13 22:41:00,3.0684,3.0684,3.0674,3.0674,3.0734,3.0734,3.0724,3.0724,3
2026-01-13 22:42:00,3.0664,3.0684,3.0664,3.0684,3.0714,3.0734,3.0714,3.0734,4
2026-01-13 22:43:00,3.0694,3.0694,3.0674,3.0674,3.0744,3.0744,3.0724,3.0724,7
2026-01-13 22:44:00,3.0664,3.0689,3.0664,3.0689,3.0714,3.0739,3.0714,3.0739,4
2026-01-13 22:45:00,3.0684,3.0689,3.0684,3.0689,3.0734,3.0739,3.0734,3.0739,2
2026-01-13 22:46:00,3.0694,3.0744,3.0684,3.0699,3.0744,3.0794,3.0734,3.0749,23
2026-01-13 22:47:00,3.0694,3.0704,3.0674,3.0699,3.0744,3.0754,3.0724,3.0749,11
2026-01-13 22:48:00,3.0704,3.0734,3.0704,3.0724,3.0754,3.0784,3.0754,3.0774,6
2026-01-13 22:49:00,3.0719,3.0744,3.0719,3.0734,3.0769,3.0794,3.0769,3.0784,8
2026-01-13 22:50:00,3.0744,3.0744,3.0719,3.0729,3.0794,3.0794,3.0769,3.0779,9
2026-01-13 22:51:00,3.0734,3.0734,3.0729,3.0729,3.0784,3.0784,3.0779,3.0779,2
2026-01-13 22:52:00,3.0734,3.0734,3.0674,3.0704,3.0784,3.0784,3.0724,3.0754,10
2026-01-13 22:53:00,3.0714,3.0714,3.0704,3.0704,3.0764,3.0764,3.0754,3.0754,2
2026-01-13 22:54:00,3.0714,3.0714,3.0704,3.0709,3.0764,3.0764,3.0754,3.0759,4
2026-01-13 22:55:00,3.0714,3.0724,3.0654,3.0654,3.0764,3.0774,3.0704,3.0704,17
2026-01-13 22:56:00,3.0664,3.0664,3.0644,3.0644,3.0714,3.0714,3.0694,3.0694,7
2026-01-13 22:57:00,3.0634,3.0634,3.0579,3.0589,3.0684,3.0684,3.0629,3.0639,18
2026-01-13 22:58:00,3.0594,3.0604,3.0554,3.0604,3.0644,3.0654,3.0604,3.0654,14
2026-01-13 22:59:00,3.0609,3.0619,3.0543,3.0543,3.0659,3.0669,3.0593,3.0593,28
2026-01-14 00:00:00,3.0568,3.0578,3.0513,3.0568,3.0618,3.0628,3.0563,3.0618,36
2026-01-14 00:01:00,3.0563,3.0638,3.0558,3.0608,3.0613,3.0688,3.0608,3.0658,8
2026-01-14 00:02:00,3.0613,3.0613,3.0593,3.0593,3.0663,3.0663,3.0643,3.0643,3
2026-01-14 00:03:00,3.0598,3.0598,3.0598,3.0598,3.0648,3.0648,3.0648,3.0648,1
2026-01-14 00:04:00,3.0603,3.0623,3.0603,3.0623,3.0653,3.0673,3.0653,3.0673,5
2026-01-14 00:05:00,3.0633,3.0658,3.0633,3.0658,3.0683,3.0708,3.0683,3.0708,3
2026-01-14 00:06:00,3.0663,3.0668,3.0658,3.0668,3.0713,3.0718,3.0708,3.0718,4
2026-01-14 00:07:00,3.0673,3.0678,3.0673,3.0678,3.0723,3.0728,3.0723,3.0728,2
2026-01-14 00:08:00,3.0683,3.0733,3.0683,3.0723,3.0733,3.0783,3.0733,3.0773,11
2026-01-14 00:09:00,3.0718,3.0718,3.0693,3.0698,3.0768,3.0768,3.0743,3.0748,4
2026-01-14 00:10:00,3.0703,3.0713,3.0703,3.0713,3.0753,3.0763,3.0753,3.0763,3
2026-01-14 00:11:00,3.0708,3.0708,3.0693,3.0698,3.0758,3.0758,3.0743,3.0748,5
2026-01-14 00:12:00,3.0713,3.0728,3.0713,3.0728,3.0763,3.0778,3.0763,3.0778,3
2026-01-14 00:13:00,3.0723,3.0733,3.0723,3.0723,3.0773,3.0783,3.0773,3.0773,4
2026-01-14 00:14:00,3.0718,3.0748,3.0713,3.0748,3.0768,3.0798,3.0763,3.0798,12
2026-01-14 00:15:00,3.0743,3.0758,3.0743,3.0753,3.0793,3.0808,3.0793,3.0803,6
2026-01-14 00:16:00,3.0758,3.0758,3.0733,3.0733,3.0808,3.0808,3.0783,3.0783,4
2026-01-14 00:17:00,3.0728,3.0758,3.0728,3.0753,3.0778,3.0808,3.0778,3.0803,7
2026-01-14 00:18:00,3.0748,3.0748,3.0743,3.0748,3.0798,3.0798,3.0793,3.0798,3
2026-01-14 00:19:00,3.0743,3.0743,3.0743,3.0743,3.0793,3.0793,3.0793,3.0793,1
2026-01-14 00:21:00,3.0748,3.0758,3.0748,3.0758,3.0798,3.0808,3.0798,3.0808,2
2026-01-14 00:22:00,3.0753,3.0753,3.0733,3.0733,3.0803,3.0803,3.0783,3.0783,4
2026-01-14 00:23:00,3.0743,3.0743,3.0733,3.0733,3.0793,3.0793,3.0783,3.0783,3
2026-01-14 00:25:00,3.0738,3.0738,3.0738,3.0738,3.0788,3.0788,3.0788,3.0788,1
2026-01-14 00:26:00,3.0728,3.0728,3.0723,3.0723,3.0778,3.0778,3.0773,3.0773,2
2026-01-14 00:29:00,3.0718,3.0718,3.0718,3.0718,3.0768,3.0768,3.0768,3.0768,1
2026-01-14 00:30:00,3.0728,3.0738,3.0683,3.0688,3.0778,3.0788,3.0733,3.0738,8
2026-01-14 00:31:00,3.0698,3.0718,3.0688,3.0698,3.0748,3.0768,3.0738,3.0748,10
2026-01-14 00:32:00,3.0693,3.0708,3.0693,3.0703,3.0743,3.0758,3.0743,3.0753,4
2026-01-14 00:33:00,3.0708,3.0708,3.0683,3.0683,3.0758,3.0758,3.0733,3.0733,4
2026-01-14 00:34:00,3.0663,3.0668,3.0653,3.0653,3.0713,3.0718,3.0703,3.0703,5
2026-01-14 00:35:00,3.0648,3.0648,3.0598,3.0598,3.0698,3.0698,3.0648,3.0648,6
2026-01-14 00:36:00,3.0568,3.0568,3.0528,3.0558,3.0618,3.0618,3.0578,3.0608,10
2026-01-14 00:37:00,3.0553,3.0578,3.0508,3.0553,3.0603,3.0628,3.0558,3.0603,14
2026-01-14 00:38:00,3.0548,3.0553,3.0533,3.0543,3.0598,3.0603,3.0583,3.0593,5
2026-01-14 00:39:00,3.0548,3.0548,3.0478,3.0503,3.0598,3.0598,3.0528,3.0553,7
2026-01-14 00:40:00,3.0518,3.0528,3.0508,3.0528,3.0568,3.0578,3.0558,3.0578,5
2026-01-14 00:41:00,3.0533,3.0548,3.0528,3.0533,3.0583,3.0598,3.0578,3.0583,6
2026-01-14 00:42:00,3.0528,3.0543,3.0498,3.0513,3.0578,3.0593,3.0548,3.0563,13
2026-01-14 00:43:00,3.0518,3.0518,3.0513,3.0513,3.0568,3.0568,3.0563,3.0563,2
2026-01-14 00:44:00,3.0518,3.0518,3.0518,3.0518,3.0568,3.0568,3.0568,3.0568,1
2026-01-14 00:45:00,3.0523,3.0543,3.0523,3.0543,3.0573,3.0593,3.0573,3.0593,3
2026-01-14 00:46:00,3.0538,3.0548,3.0538,3.0538,3.0588,3.0598,3.0588,3.0588,4
2026-01-14 00:47:00,3.0533,3.0533,3.0533,3.0533,3.0583,3.0583,3.0583,3.0583,1
2026-01-14 00:48:00,3.0543,3.0548,3.0543,3.0543,3.0593,3.0598,3.0593,3.0593,3
2026-01-14 00:49:00,3.0553,3.0553,3.0543,3.0543,3.0603,3.0603,3.0593,3.0593,3
2026-01-14 00:50:00,3.0548,3.0548,3.0533,3.0533,3.0598,3.0598,3.0583,3.0583,2
2026-01-14 00:51:00,3.0528,3.0533,3.0528,3.0533,3.0578,3.0583,3.0578,3.0583,2
2026-01-14 00:52:00,3.0548,3.0593,3.0548,3.0568,3.0598,3.0643,3.0598,3.0618,8
2026-01-14 00:53:00,3.0573,3.0578,3.0573,3.0573,3.0623,3.0628,3.0623,3.0623,3
2026-01-14 00:54:00,3.0568,3.0568,3.0563,3.0563,3.0618,3.0618,3.0613,3.0613,2
2026-01-14 00:55:00,3.0558,3.0558,3.0528,3.0533,3.0608,3.0608,3.0578,3.0583,6
2026-01-14 00:58:00,3.0538,3.0538,3.0538,3.0538,3.0588,3.0588,3.0588,3.0588,1
2026-01-14 01:00:00,3.0533,3.0533,3.0523,3.0523,3.0583,3.0583,3.0573,3.0573,3
2026-01-14 01:02:00,3.0518,3.0523,3.0513,3.0513,3.0568,3.0573,3.0563,3.0563,3
2026-01-14 01:03:00,3.0503,3.0538,3.0488,3.0528,3.0553,3.0588,3.0538,3.0578,11
2026-01-14 01:04:00,3.0523,3.0533,3.0518,3.0533,3.0573,3.0583,3.0568,3.0583,4
2026-01-14 01:05:00,3.0528,3.0538,3.0518,3.0538,3.0578,3.0588,3.0568,3.0588,4
2026-01-14 01:06:00,3.0548,3.0553,3.0538,3.0538,3.0598,3.0603,3.0588,3.0588,4
2026-01-14 01:08:00,3.0533,3.0538,3.0523,3.0528,3.0583,3.0588,3.0573,3.0578,5
2026-01-14 01:09:00,3.0533,3.0663,3.0533,3.0663,3.0583,3.0713,3.0583,3.0713,14
2026-01-14 01:10:00,3.0693,3.0703,3.0678,3.0688,3.0743,3.0753,3.0728,3.0738,6
2026-01-14 01:11:00,3.0683,3.0683,3.0648,3.0663,3.0733,3.0733,3.0698,3.0713,7
2026-01-14 01:12:00,3.0658,3.0658,3.0658,3.0658,3.0708,3.0708,3.0708,3.0708,1
2026-01-14 01:13:00,3.0663,3.0663,3.0663,3.0663,3.0713,3.0713,3.0713,3.0713,1
2026-01-14 01:14:00,3.0653,3.0653,3.0638,3.0643,3.0703,3.0703,3.0688,3.0693,4
2026-01-14 01:15:00,3.0678,3.0698,3.0678,3.0693,3.0728,3.0748,3.0728,3.0743,4
2026-01-14 01:16:00,3.0688,3.0688,3.0668,3.0668,3.0738,3.0738,3.0718,3.0718,2
2026-01-14 01:18:00,3.0663,3.0668,3.0658,3.0668,3.0713,3.0718,3.0708,3.0718,5
2026-01-14 01:19:00,3.0663,3.0663,3.0653,3.0663,3.0713,3.0713,3.0703,3.0713,3
2026-01-14 01:20:00,3.0673,3.0678,3.0673,3.0678,3.0723,3.0728,3.0723,3.0728,2
2026-01-14 01:21:00,3.0673,3.0673,3.0653,3.0653,3.0723,3.0723,3.0703,3.0703,4
2026-01-14 01:22:00,3.0648,3.0648,3.0643,3.0643,3.0698,3.0698,3.0693,3.0693,4
2026-01-14 01:23:00,3.0638,3.0638,3.0638,3.0638,3.0688,3.0688,3.0688,3.0688,1
2026-01-14 01:25:00,3.0653,3.0653,3.0653,3.0653,3.0703,3.0703,3.0703,3.0703,1
2026-01-14 01:26:00,3.0648,3.0648,3.0648,3.0648,3.0698,3.0698,3.0698,3.0698,1
2026-01-14 01:28:00,3.0653,3.0663,3.0653,3.0663,3.0703,3.0713,3.0703,3.0713,2
2026-01-14 01:31:00,3.0653,3.0653,3.0653,3.0653,3.0703,3.0703,3.0703,3.0703,1
2026-01-14 01:32:00,3.0648,3.0738,3.0648,3.0723,3.0698,3.0788,3.0698,3.0773,6
2026-01-14 01:33:00,3.0713,3.0713,3.0703,3.0703,3.0763,3.0763,3.0753,3.0753,3
2026-01-14 01:35:00,3.0698,3.0698,3.0688,3.0688,3.0748,3.0748,3.0738,3.0738,2
2026-01-14 01:37:00,3.0693,3.0693,3.0683,3.0683,3.0743,3.0743,3.0733,3.0733,2
2026-01-14 01:40:00,3.0688,3.0688,3.0678,3.0688,3.0738,3.0738,3.0728,3.0738,3
2026-01-14 01:42:00,3.0683,3.0683,3.0683,3.0683,3.0733,3.0733,3.0733,3.0733,1
2026-01-14 01:44:00,3.0678,3.0678,3.0678,3.0678,3.0728,3.0728,3.0728,3.0728,1
2026-01-14 01:46:00,3.0673,3.0673,3.0673,3.0673,3.0723,3.0723,3.0723,3.0723,1
2026-01-14 01:50:00,3.0668,3.0668,3.0668,3.0668,3.0718,3.0718,3.0718,3.0718,1
2026-01-14 01:51:00,3.0663,3.0663,3.0658,3.0658,3.0713,3.0713,3.0708,3.0708,2
2026-01-14 01:53:00,3.0653,3.0653,3.0613,3.0613,3.0703,3.0703,3.0663,3.0663,6
2026-01-14 01:54:00,3.0608,3.0608,3.0598,3.0608,3.0658,3.0658,3.0648,3.0658,3
2026-01-14 01:55:00,3.0598,3.0608,3.0598,3.0608,3.0648,3.0658,3.0648,3.0658,3
2026-01-14 01:56:00,3.0628,3.0663,3.0628,3.0663,3.0678,3.0713,3.0678,3.0713,9
2026-01-14 01:57:00,3.0653,3.0663,3.0653,3.0653,3.0703,3.0713,3.0703,3.0703,4
2026-01-14 01:58:00,3.0658,3.0658,3.0653,3.0653,3.0708,3.0708,3.0703,3.0703,2
2026-01-14 02:00:00,3.0643,3.0663,3.0643,3.0653,3.0693,3.0713,3.0693,3.0703,5
2026-01-14 02:01:00,3.0648,3.0648,3.0648,3.0648,3.0698,3.0698,3.0698,3.0698,1
2026-01-14 02:02:00,3.0638,3.0638,3.0638,3.0638,3.0688,3.0688,3.0688,3.0688,1
2026-01-14 02:03:00,3.0633,3.0638,3.0628,3.0633,3.0683,3.0688,3.0678,3.0683,4
2026-01-14 02:05:00,3.0628,3.0633,3.0628,3.0633,3.0678,3.0683,3.0678,3.0683,2
2026-01-14 02:06:00,3.0638,3.0638,3.0628,3.0638,3.0688,3.0688,3.0678,3.0688,6
2026-01-14 02:08:00,3.0643,3.0648,3.0643,3.0648,3.0693,3.0698,3.0693,3.0698,2
2026-01-14 02:09:00,3.0658,3.0673,3.0638,3.0653,3.0708,3.0723,3.0688,3.0703,14
2026-01-14 02:10:00,3.0648,3.0648,3.0643,3.0643,3.0698,3.0698,3.0693,3.0693,2
2026-01-14 02:11:00,3.0628,3.0628,3.0628,3.0628,3.0678,3.0678,3.0678,3.0678,1
2026-01-14 02:12:00,3.0613,3.0623,3.0613,3.0623,3.0663,3.0673,3.0663,3.0673,2
2026-01-14 02:13:00,3.0618,3.0618,3.0598,3.0603,3.0668,3.0668,3.0648,3.0653,4
2026-01-14 02:14:00,3.0608,3.0608,3.0608,3.0608,3.0658,3.0658,3.0658,3.0658,1
2026-01-14 02:15:00,3.0603,3.0603,3.0603,3.0603,3.0653,3.0653,3.0653,3.0653,1
2026-01-14 02:16:00,3.0593,3.0593,3.0578,3.0578,3.0643,3.0643,3.0628,3.0628,2
2026-01-14 02:17:00,3.0583,3.0603,3.0583,3.0598,3.0633,3.0653,3.0633,3.0648,4
2026-01-14 02:20:00,3.0588,3.0598,3.0588,3.0598,3.0638,3.0648,3.0638,3.0648,2
2026-01-14 02:21:00,3.0593,3.0608,3.0593,3.0593,3.0643,3.0658,3.0643,3.0643,3
2026-01-14 02:23:00,3.0598,3.0608,3.0598,3.0608,3.0648,3.0658,3.0648,3.0658,3
2026-01-14 02:25:00,3.0618,3.0618,3.0618,3.0618,3.0668,3.0668,3.0668,3.0668,1
2026-01-14 02:26:00,3.0613,3.0613,3.0613,3.0613,3.0663,3.0663,3.0663,3.0663,1
2026-01-14 02:27:00,3.0608,3.0613,3.0608,3.0613,3.0658,3.0663,3.0658,3.0663,2
2026-01-14 02:28:00,3.0618,3.0618,3.0618,3.0618,3.0668,3.0668,3.0668,3.0668,1
2026-01-14 02:29:00,3.0613,3.0613,3.0613,3.0613,3.0663,3.0663,3.0663,3.0663,1
2026-01-14 02:30:00,3.0608,3.0608,3.0598,3.0598,3.0658,3.0658,3.0648,3.0648,2
2026-01-14 02:31:00,3.0603,3.0603,3.0603,3.0603,3.0653,3.0653,3.0653,3.0653,1
2026-01-14 02:33:00,3.0598,3.0598,3.0593,3.0593,3.0648,3.0648,3.0643,3.0643,2
2026-01-14 02:34:00,3.0588,3.0588,3.0583,3.0583,3.0638,3.0638,3.0633,3.0633,2
2026-01-14 02:35:00,3.0578,3.0578,3.0578,3.0578,3.0628,3.0628,3.0628,3.0628,1
2026-01-14 02:38:00,3.0588,3.0588,3.0583,3.0583,3.0638,3.0638,3.0633,3.0633,2
2026-01-14 02:40:00,3.0578,3.0578,3.0578,3.0578,3.0628,3.0628,3.0628,3.0628,1
2026-01-14 02:41:00,3.0583,3.0583,3.0583,3.0583,3.0633,3.0633,3.0633,3.0633,1
2026-01-14 02:42:00,3.0598,3.0598,3.0583,3.0583,3.0648,3.0648,3.0633,3.0633,3
2026-01-14 02:43:00,3.0588,3.0588,3.0588,3.0588,3.0638,3.0638,3.0638,3.0638,1
2026-01-14 02:44:00,3.0583,3.0588,3.0583,3.0588,3.0633,3.0638,3.0633,3.0638,2
2026-01-14 02:45:00,3.0593,3.0608,3.0593,3.0608,3.0643,3.0658,3.0643,3.0658,4
2026-01-14 02:46:00,3.0603,3.0623,3.0603,3.0623,3.0653,3.0673,3.0653,3.0673,4
2026-01-14 02:50:00,3.0618,3.0623,3.0613,3.0623,3.0668,3.0673,3.0663,3.0673,5
2026-01-14 02:52:00,3.0618,3.0618,3.0613,3.0618,3.0668,3.0668,3.0663,3.0668,3
2026-01-14 02:53:00,3.0608,3.0608,3.0608,3.0608,3.0658,3.0658,3.0658,3.0658,1
2026-01-14 02:54:00,3.0603,3.0603,3.0598,3.0598,3.0653,3.0653,3.0648,3.0648,2
2026-01-14 02:55:00,3.0593,3.0593,3.0593,3.0593,3.0643,3.0643,3.0643,3.0643,1
2026-01-14 02:56:00,3.0598,3.0598,3.0598,3.0598,3.0648,3.0648,3.0648,3.0648,1
2026-01-14 02:58:00,3.0603,3.0603,3.0593,3.0593,3.0653,3.0653,3.0643,3.0643,7
2026-01-14 03:00:00,3.0598,3.0603,3.0598,3.0603,3.0648,3.0653,3.0648,3.0653,2
2026-01-14 03:03:00,3.0588,3.0588,3.0528,3.0528,3.0638,3.0638,3.0578,3.0578,9
2026-01-14 03:04:00,3.0538,3.0538,3.0538,3.0538,3.0588,3.0588,3.0588,3.0588,1
2026-01-14 03:05:00,3.0548,3.0548,3.0528,3.0528,3.0598,3.0598,3.0578,3.0578,3
2026-01-14 03:06:00,3.0518,3.0538,3.0508,3.0538,3.0568,3.0588,3.0558,3.0588,7
2026-01-14 03:07:00,3.0533,3.0533,3.0533,3.0533,3.0583,3.0583,3.0583,3.0583,1
2026-01-14 03:08:00,3.0538,3.0538,3.0523,3.0523,3.0588,3.0588,3.0573,3.0573,4
2026-01-14 03:09:00,3.0518,3.0533,3.0508,3.0523,3.0568,3.0583,3.0558,3.0573,8
2026-01-14 03:12:00,3.0513,3.0513,3.0503,3.0503,3.0563,3.0563,3.0553,3.0553,3
2026-01-14 03:13:00,3.0508,3.0508,3.0508,3.0508,3.0558,3.0558,3.0558,3.0558,1
2026-01-14 03:14:00,3.0503,3.0593,3.0498,3.0563,3.0553,3.0643,3.0548,3.0613,18
2026-01-14 03:15:00,3.0568,3.0608,3.0563,3.0593,3.0618,3.0658,3.0613,3.0643,9
2026-01-14 03:16:00,3.0588,3.0593,3.0588,3.0593,3.0638,3.0643,3.0638,3.0643,2
2026-01-14 03:17:00,3.0598,3.0598,3.0583,3.0583,3.0648,3.0648,3.0633,3.0633,2
2026-01-14 03:18:00,3.0588,3.0588,3.0588,3.0588,3.0638,3.0638,3.0638,3.0638,1
2026-01-14 03:19:00,3.0593,3.0598,3.0593,3.0593,3.0643,3.0648,3.0643,3.0643,3
2026-01-14 03:20:00,3.0578,3.0588,3.0578,3.0588,3.0628,3.0638,3.0628,3.0638,2
2026-01-14 03:21:00,3.0583,3.0583,3.0583,3.0583,3.0633,3.0633,3.0633,3.0633,1
2026-01-14 03:22:00,3.0573,3.0573,3.0563,3.0563,3.0623,3.0623,3.0613,3.0613,2
2026-01-14 03:23:00,3.0558,3.0558,3.0543,3.0543,3.0608,3.0608,3.0593,3.0593,3
2026-01-14 03:24:00,3.0538,3.0543,3.0538,3.0543,3.0588,3.0593,3.0588,3.0593,2
2026-01-14 03:25:00,3.0553,3.0558,3.0548,3.0548,3.0603,3.0608,3.0598,3.0598,3
2026-01-14 03:26:00,3.0543,3.0543,3.0543,3.0543,3.0593,3.0593,3.0593,3.0593,1
2026-01-14 03:28:00,3.0538,3.0558,3.0533,3.0553,3.0588,3.0608,3.0583,3.0603,5
2026-01-14 03:29:00,3.0558,3.0563,3.0553,3.0553,3.0608,3.0613,3.0603,3.0603,3
2026-01-14 03:32:00,3.0563,3.0563,3.0563,3.0563,3.0613,3.0613,3.0613,3.0613,1
2026-01-14 03:34:00,3.0593,3.0658,3.0593,3.0623,3.0643,3.0708,3.0643,3.0673,16
2026-01-14 03:35:00,3.0628,3.0628,3.0608,3.0613,3.0678,3.0678,3.0658,3.0663,6
2026-01-14 03:37:00,3.0608,3.0608,3.0598,3.0598,3.0658,3.0658,3.0648,3.0648,4
2026-01-14 03:38:00,3.0593,3.0593,3.0593,3.0593,3.0643,3.0643,3.0643,3.0643,1
2026-01-14 03:40:00,3.0598,3.0598,3.0593,3.0593,3.0648,3.0648,3.0643,3.0643,4
2026-01-14 03:43:00,3.0598,3.0603,3.0598,3.0603,3.0648,3.0653,3.0648,3.0653,2
2026-01-14 03:44:00,3.0608,3.0613,3.0573,3.0573,3.0658,3.0663,3.0623,3.0623,7
2026-01-14 03:45:00,3.0578,3.0633,3.0578,3.0633,3.0628,3.0683,3.0628,3.0683,8
2026-01-14 03:46:00,3.0663,3.0733,3.0663,3.0733,3.0713,3.0783,3.0713,3.0783,13
2026-01-14 03:47:00,3.0728,3.0768,3.0703,3.0763,3.0778,3.0818,3.0753,3.0813,12
2026-01-14 03:48:00,3.0743,3.0743,3.0728,3.0733,3.0793,3.0793,3.0778,3.0783,4
2026-01-14 03:49:00,3.0728,3.0758,3.0723,3.0758,3.0778,3.0808,3.0773,3.0808,7
2026-01-14 03:50:00,3.0768,3.0768,3.0733,3.0753,3.0818,3.0818,3.0783,3.0803,6
2026-01-14 03:51:00,3.0738,3.0783,3.0738,3.0778,3.0788,3.0833,3.0788,3.0828,10
2026-01-14 03:52:00,3.0773,3.0773,3.0753,3.0758,3.0823,3.0823,3.0803,3.0808,5
2026-01-14 03:53:00,3.0763,3.0763,3.0758,3.0758,3.0813,3.0813,3.0808,3.0808,2
2026-01-14 03:55:00,3.0748,3.0763,3.0743,3.0748,3.0798,3.0813,3.0793,3.0798,5
2026-01-14 03:56:00,3.0743,3.0753,3.0723,3.0723,3.0793,3.0803,3.0773,3.0773,6
2026-01-14 03:57:00,3.0733,3.0733,3.0733,3.0733,3.0783,3.0783,3.0783,3.0783,1
2026-01-14 03:58:00,3.0723,3.0723,3.0723,3.0723,3.0773,3.0773,3.0773,3.0773,1
2026-01-14 03:59:00,3.0728,3.0728,3.0728,3.0728,3.0778,3.0778,3.0778,3.0778,1
2026-01-14 04:00:00,3.0723,3.0728,3.0718,3.0728,3.0773,3.0778,3.0768,3.0778,7
2026-01-14 04:01:00,3.0723,3.0723,3.0718,3.0718,3.0773,3.0773,3.0768,3.0768,2
2026-01-14 04:02:00,3.0723,3.0748,3.0723,3.0748,3.0773,3.0798,3.0773,3.0798,4
2026-01-14 04:03:00,3.0758,3.0768,3.0758,3.0768,3.0808,3.0818,3.0808,3.0818,4
2026-01-14 04:04:00,3.0773,3.0778,3.0758,3.0768,3.0823,3.0828,3.0808,3.0818,5
2026-01-14 04:05:00,3.0773,3.0773,3.0773,3.0773,3.0823,3.0823,3.0823,3.0823,1
2026-01-14 04:06:00,3.0763,3.0763,3.0763,3.0763,3.0813,3.0813,3.0813,3.0813,1
2026-01-14 04:07:00,3.0768,3.0768,3.0768,3.0768,3.0818,3.0818,3.0818,3.0818,1
2026-01-14 04:08:00,3.0763,3.0763,3.0743,3.0748,3.0813,3.0813,3.0793,3.0798,5
2026-01-14 04:10:00,3.0743,3.0743,3.0723,3.0723,3.0793,3.0793,3.0773,3.0773,3
2026-01-14 04:11:00,3.0728,3.0728,3.0718,3.0723,3.0778,3.0778,3.0768,3.0773,4
2026-01-14 04:12:00,3.0718,3.0723,3.0718,3.0723,3.0768,3.0773,3.0768,3.0773,2
2026-01-14 04:14:00,3.0718,3.0718,3.0718,3.0718,3.0768,3.0768,3.0768,3.0768,1
2026-01-14 04:15:00,3.0723,3.0728,3.0723,3.0728,3.0773,3.0778,3.0773,3.0778,2
2026-01-14 04:16:00,3.0733,3.0733,3.0733,3.0733,3.0783,3.0783,3.0783,3.0783,1
2026-01-14 04:17:00,3.0738,3.0738,3.0738,3.0738,3.0788,3.0788,3.0788,3.0788,1
2026-01-14 04:18:00,3.0733,3.0733,3.0733,3.0733,3.0783,3.0783,3.0783,3.0783,1
2026-01-14 04:22:00,3.0728,3.0733,3.0728,3.0733,3.0778,3.0783,3.0778,3.0783,2
2026-01-14 04:24:00,3.0738,3.0738,3.0738,3.0738,3.0788,3.0788,3.0788,3.0788,1
2026-01-14 04:25:00,3.0733,3.0733,3.0733,3.0733,3.0783,3.0783,3.0783,3.0783,1
2026-01-14 04:30:00,3.0728,3.0728,3.0613,3.0643,3.0778,3.0778,3.0663,3.0693,17
2026-01-14 04:31:00,3.0638,3.0638,3.0618,3.0623,3.0688,3.0688,3.0668,3.0673,15
2026-01-14 04:32:00,3.0618,3.0643,3.0618,3.0643,3.0668,3.0693,3.0668,3.0693,6
2026-01-14 04:33:00,3.0638,3.0678,3.0638,3.0668,3.0688,3.0728,3.0688,3.0718,8
2026-01-14 04:34:00,3.0663,3.0663,3.0663,3.0663,3.0713,3.0713,3.0713,3.0713,1
2026-01-14 04:35:00,3.0668,3.0688,3.0668,3.0688,3.0718,3.0738,3.0718,3.0738,3
2026-01-14 04:37:00,3.0698,3.0708,3.0698,3.0708,3.0748,3.0758,3.0748,3.0758,3
2026-01-14 04:38:00,3.0693,3.0703,3.0688,3.0703,3.0743,3.0753,3.0738,3.0753,5
2026-01-14 04:39:00,3.0698,3.0698,3.0693,3.0698,3.0748,3.0748,3.0743,3.0748,3
2026-01-14 04:40:00,3.0688,3.0688,3.0683,3.0683,3.0738,3.0738,3.0733,3.0733,2
2026-01-14 04:41:00,3.0678,3.0678,3.0678,3.0678,3.0728,3.0728,3.0728,3.0728,1
2026-01-14 04:43:00,3.0673,3.0748,3.0673,3.0718,3.0723,3.0798,3.0723,3.0768,13
2026-01-14 04:44:00,3.0713,3.0713,3.0713,3.0713,3.0763,3.0763,3.0763,3.0763,1
2026-01-14 04:45:00,3.0718,3.0718,3.0718,3.0718,3.0768,3.0768,3.0768,3.0768,1
2026-01-14 04:47:00,3.0713,3.0723,3.0713,3.0723,3.0763,3.0773,3.0763,3.0773,3
2026-01-14 04:48:00,3.0718,3.0718,3.0718,3.0718,3.0768,3.0768,3.0768,3.0768,1
2026-01-14 04:49:00,3.0713,3.0713,3.0713,3.0713,3.0763,3.0763,3.0763,3.0763,1
2026-01-14 04:50:00,3.0708,3.0718,3.0688,3.0718,3.0758,3.0768,3.0738,3.0768,13
2026-01-14 04:51:00,3.0723,3.0723,3.0708,3.0708,3.0773,3.0773,3.0758,3.0758,4
2026-01-14 04:53:00,3.0718,3.0753,3.0718,3.0748,3.0768,3.0803,3.0768,3.0798,7
2026-01-14 04:54:00,3.0738,3.0758,3.0723,3.0723,3.0788,3.0808,3.0773,3.0773,12
2026-01-14 04:55:00,3.0713,3.0733,3.0708,3.0733,3.0763,3.0783,3.0758,3.0783,6
2026-01-14 04:56:00,3.0738,3.0753,3.0723,3.0738,3.0788,3.0803,3.0773,3.0788,12
2026-01-14 04:57:00,3.0743,3.0743,3.0743,3.0743,3.0793,3.0793,3.0793,3.0793,1
2026-01-14 04:58:00,3.0738,3.0743,3.0738,3.0743,3.0788,3.0793,3.0788,3.0793,2
2026-01-14 04:59:00,3.0753,3.0753,3.0723,3.0723,3.0803,3.0803,3.0773,3.0773,6
2026-01-14 05:00:00,3.0728,3.0728,3.0723,3.0728,3.0778,3.0778,3.0773,3.0778,3
2026-01-14 05:05:00,3.0718,3.0748,3.0708,3.0748,3.0768,3.0798,3.0758,3.0798,11
2026-01-14 05:06:00,3.0753,3.0753,3.0748,3.0748,3.0803,3.0803,3.0798,3.0798,2
2026-01-14 05:10:00,3.0743,3.0748,3.0743,3.0748,3.0793,3.0798,3.0793,3.0798,2
2026-01-14 05:11:00,3.0753,3.0828,3.0753,3.0823,3.0803,3.0878,3.0803,3.0873,20
2026-01-14 05:12:00,3.0828,3.0848,3.0828,3.0848,3.0878,3.0898,3.0878,3.0898,6
2026-01-14 05:13:00,3.0838,3.0843,3.0823,3.0843,3.0888,3.0893,3.0873,3.0893,5
2026-01-14 05:14:00,3.0838,3.0848,3.0828,3.0828,3.0888,3.0898,3.0878,3.0878,9
2026-01-14 05:15:00,3.0838,3.0853,3.0838,3.0848,3.0888,3.0903,3.0888,3.0898,4
2026-01-14 05:17:00,3.0883,3.0893,3.0838,3.0838,3.0933,3.0943,3.0888,3.0888,10
2026-01-14 05:20:00,3.0833,3.0838,3.0823,3.0828,3.0883,3.0888,3.0873,3.0878,6
2026-01-14 05:21:00,3.0833,3.0838,3.0833,3.0838,3.0883,3.0888,3.0883,3.0888,2
2026-01-14 05:25:00,3.0848,3.0858,3.0818,3.0828,3.0898,3.0908,3.0868,3.0878,9
2026-01-14 05:26:00,3.0823,3.0823,3.0823,3.0823,3.0873,3.0873,3.0873,3.0873,1
2026-01-14 05:27:00,3.0818,3.0888,3.0803,3.0878,3.0868,3.0938,3.0853,3.0928,28
2026-01-14 05:28:00,3.0888,3.0933,3.0868,3.0873,3.0938,3.0983,3.0918,3.0923,14
2026-01-14 05:29:00,3.0868,3.0868,3.0858,3.0863,3.0918,3.0918,3.0908,3.0913,3
2026-01-14 05:30:00,3.0858,3.0913,3.0853,3.0903,3.0908,3.0963,3.0903,3.0953,12
2026-01-14 05:31:00,3.0908,3.0938,3.0908,3.0938,3.0958,3.0988,3.0958,3.0988,4
2026-01-14 05:32:00,3.0948,3.0958,3.0948,3.0953,3.0998,3.1008,3.0998,3.1003,10
2026-01-14 05:33:00,3.0958,3.0958,3.0923,3.0923,3.1008,3.1008,3.0973,3.0973,4
2026-01-14 05:34:00,3.0928,3.0933,3.0918,3.0933,3.0978,3.0983,3.0968,3.0983,4
2026-01-14 05:35:00,3.0928,3.0928,3.0918,3.0923,3.0978,3.0978,3.0968,3.0973,3
2026-01-14 05:36:00,3.0908,3.0908,3.0893,3.0898,3.0958,3.0958,3.0943,3.0948,4
2026-01-14 05:37:00,3.0888,3.0898,3.0888,3.0893,3.0938,3.0948,3.0938,3.0943,3
2026-01-14 05:39:00,3.0888,3.0978,3.0888,3.0963,3.0938,3.1028,3.0938,3.1013,18
2026-01-14 05:40:00,3.0958,3.0963,3.0933,3.0938,3.1008,3.1013,3.0983,3.0988,7
2026-01-14 05:41:00,3.0933,3.0933,3.0918,3.0918,3.0983,3.0983,3.0968,3.0968,2
2026-01-14 05:44:00,3.0923,3.0923,3.0918,3.0918,3.0973,3.0973,3.0968,3.0968,2
2026-01-14 05:45:00,3.0913,3.0913,3.0913,3.0913,3.0963,3.0963,3.0963,3.0963,1
2026-01-14 05:46:00,3.0918,3.0928,3.0898,3.0898,3.0968,3.0978,3.0948,3.0948,6
2026-01-14 05:47:00,3.0913,3.0913,3.0913,3.0913,3.0963,3.0963,3.0963,3.0963,1
2026-01-14 05:50:00,3.0918,3.0918,3.0913,3.0913,3.0968,3.0968,3.0963,3.0963,2
2026-01-14 05:51:00,3.0918,3.0918,3.0913,3.0918,3.0968,3.0968,3.0963,3.0968,3
2026-01-14 05:53:00,3.0933,3.0963,3.0933,3.0953,3.0983,3.1013,3.0983,3.1003,7
2026-01-14 05:55:00,3.0958,3.0983,3.0958,3.0983,3.1008,3.1033,3.1008,3.1033,6
2026-01-14 05:56:00,3.0978,3.0998,3.0978,3.0993,3.1028,3.1048,3.1028,3.1043,9
2026-01-14 05:57:00,3.1003,3.1008,3.0998,3.0998,3.1053,3.1058,3.1048,3.1048,4
2026-01-14 05:58:00,3.0988,3.0993,3.0968,3.0978,3.1038,3.1043,3.1018,3.1028,13
2026-01-14 05:59:00,3.0983,3.0983,3.0958,3.0968,3.1033,3.1033,3.1008,3.1018,11
2026-01-14 06:00:00,3.0978,3.0978,3.0968,3.0968,3.1028,3.1028,3.1018,3.1018,3
2026-01-14 06:01:00,3.0978,3.0983,3.0943,3.0943,3.1028,3.1033,3.0993,3.0993,13
2026-01-14 06:02:00,3.0948,3.0973,3.0948,3.0973,3.0998,3.1023,3.0998,3.1023,4
2026-01-14 06:03:00,3.0978,3.0978,3.0978,3.0978,3.1028,3.1028,3.1028,3.1028,1
2026-01-14 06:04:00,3.0983,3.0983,3.0968,3.0968,3.1033,3.1033,3.1018,3.1018,3
2026-01-14 06:05:00,3.0963,3.0973,3.0963,3.0968,3.1013,3.1023,3.1013,3.1018,4
2026-01-14 06:06:00,3.0963,3.0983,3.0963,3.0968,3.1013,3.1033,3.1013,3.1018,8
2026-01-14 06:07:00,3.0963,3.0973,3.0963,3.0973,3.1013,3.1023,3.1013,3.1023,3
2026-01-14 06:08:00,3.0968,3.0968,3.0958,3.0958,3.1018,3.1018,3.1008,3.1008,3
2026-01-14 06:10:00,3.0948,3.0948,3.0928,3.0928,3.0998,3.0998,3.0978,3.0978,4
2026-01-14 06:11:00,3.0923,3.0923,3.0898,3.0898,3.0973,3.0973,3.0948,3.0948,5
2026-01-14 06:12:00,3.0893,3.0903,3.0878,3.0883,3.0943,3.0953,3.0928,3.0933,15
2026-01-14 06:13:00,3.0888,3.0888,3.0848,3.0848,3.0938,3.0938,3.0898,3.0898,4
2026-01-14 06:14:00,3.0838,3.0853,3.0838,3.0848,3.0888,3.0903,3.0888,3.0898,4
2026-01-14 06:15:00,3.0833,3.0843,3.0833,3.0838,3.0883,3.0893,3.0883,3.0888,4
2026-01-14 06:16:00,3.0843,3.0868,3.0838,3.0868,3.0893,3.0918,3.0888,3.0918,6
2026-01-14 06:17:00,3.0878,3.0878,3.0868,3.0873,3.0928,3.0928,3.0918,3.0923,3
2026-01-14 06:18:00,3.0868,3.0868,3.0853,3.0863,3.0918,3.0918,3.0903,3.0913,5
2026-01-14 06:19:00,3.0868,3.0883,3.0868,3.0883,3.0918,3.0933,3.0918,3.0933,2
2026-01-14 06:21:00,3.0888,3.0893,3.0888,3.0893,3.0938,3.0943,3.0938,3.0943,2
2026-01-14 06:22:00,3.0898,3.0898,3.0878,3.0878,3.0948,3.0948,3.0928,3.0928,3
2026-01-14 06:24:00,3.0883,3.0883,3.0883,3.0883,3.0933,3.0933,3.0933,3.0933,1
2026-01-14 06:25:00,3.0878,3.0903,3.0878,3.0883,3.0928,3.0953,3.0928,3.0933,5
2026-01-14 06:26:00,3.0888,3.0933,3.0888,3.0933,3.0938,3.0983,3.0938,3.0983,10
2026-01-14 06:27:00,3.0948,3.0978,3.0948,3.0963,3.0998,3.1028,3.0998,3.1013,8
2026-01-14 06:28:00,3.0958,3.0958,3.0948,3.0948,3.1008,3.1008,3.0998,3.0998,2
2026-01-14 06:29:00,3.0953,3.0958,3.0948,3.0948,3.1003,3.1008,3.0998,3.0998,3
2026-01-14 06:30:00,3.0943,3.0943,3.0938,3.0938,3.0993,3.0993,3.0988,3.0988,2
2026-01-14 06:31:00,3.0928,3.0933,3.0928,3.0928,3.0978,3.0983,3.0978,3.0978,3
2026-01-14 06:32:00,3.0933,3.0943,3.0933,3.0943,3.0983,3.0993,3.0983,3.0993,3
2026-01-14 06:34:00,3.0948,3.0948,3.0948,3.0948,3.0998,3.0998,3.0998,3.0998,1
2026-01-14 06:35:00,3.0938,3.0938,3.0928,3.0928,3.0988,3.0988,3.0978,3.0978,4
2026-01-14 06:38:00,3.0913,3.0913,3.0883,3.0883,3.0963,3.0963,3.0933,3.0933,5
2026-01-14 06:39:00,3.0893,3.0898,3.0868,3.0868,3.0943,3.0948,3.0918,3.0918,8
2026-01-14 06:40:00,3.0863,3.0863,3.0833,3.0833,3.0913,3.0913,3.0883,3.0883,6
2026-01-14 06:41:00,3.0838,3.0878,3.0833,3.0868,3.0888,3.0928,3.0883,3.0918,8
2026-01-14 06:42:00,3.0873,3.0888,3.0873,3.0888,3.0923,3.0938,3.0923,3.0938,2
2026-01-14 06:43:00,3.0878,3.0878,3.0873,3.0873,3.0928,3.0928,3.0923,3.0923,2
2026-01-14 06:44:00,3.0868,3.0868,3.0863,3.0863,3.0918,3.0918,3.0913,3.0913,2
2026-01-14 06:45:00,3.0883,3.0888,3.0843,3.0843,3.0933,3.0938,3.0893,3.0893,9
2026-01-14 06:46:00,3.0848,3.0853,3.0838,3.0838,3.0898,3.0903,3.0888,3.0888,5
2026-01-14 06:47:00,3.0833,3.0833,3.0828,3.0828,3.0883,3.0883,3.0878,3.0878,2
2026-01-14 06:48:00,3.0818,3.0833,3.0818,3.0823,3.0868,3.0883,3.0868,3.0873,4
2026-01-14 06:50:00,3.0838,3.0838,3.0838,3.0838,3.0888,3.0888,3.0888,3.0888,1
2026-01-14 06:51:00,3.0828,3.0833,3.0823,3.0823,3.0878,3.0883,3.0873,3.0873,4
2026-01-14 06:52:00,3.0818,3.0823,3.0808,3.0823,3.0868,3.0873,3.0858,3.0873,4
2026-01-14 06:53:00,3.0813,3.0823,3.0803,3.0808,3.0863,3.0873,3.0853,3.0858,10
2026-01-14 06:54:00,3.0803,3.0803,3.0788,3.0798,3.0853,3.0853,3.0838,3.0848,4
2026-01-14 06:55:00,3.0793,3.0813,3.0793,3.0798,3.0843,3.0863,3.0843,3.0848,12
2026-01-14 06:56:00,3.0803,3.0803,3.0803,3.0803,3.0853,3.0853,3.0853,3.0853,1
2026-01-14 06:57:00,3.0798,3.0798,3.0788,3.0788,3.0848,3.0848,3.0838,3.0838,2
2026-01-14 06:58:00,3.0793,3.0793,3.0788,3.0793,3.0843,3.0843,3.0838,3.0843,3
2026-01-14 06:59:00,3.0798,3.0828,3.0798,3.0803,3.0848,3.0878,3.0848,3.0853,9
2026-01-14 07:00:00,3.0808,3.0833,3.0808,3.0833,3.0858,3.0883,3.0858,3.0883,7
2026-01-14 07:01:00,3.0838,3.0838,3.0838,3.0838,3.0888,3.0888,3.0888,3.0888,1
2026-01-14 07:02:00,3.0833,3.0848,3.0833,3.0848,3.0883,3.0898,3.0883,3.0898,3
2026-01-14 07:03:00,3.0858,3.0873,3.0858,3.0873,3.0908,3.0923,3.0908,3.0923,3
2026-01-14 07:04:00,3.0878,3.1033,3.0878,3.0978,3.0928,3.1083,3.0928,3.1028,30
2026-01-14 07:05:00,3.0968,3.0968,3.0873,3.0918,3.1018,3.1018,3.0923,3.0968,34
2026-01-14 07:06:00,3.0938,3.0938,3.0893,3.0893,3.0988,3.0988,3.0943,3.0943,6
2026-01-14 07:07:00,3.0903,3.0913,3.0898,3.0913,3.0953,3.0963,3.0948,3.0963,3
2026-01-14 07:08:00,3.0918,3.0918,3.0918,3.0918,3.0968,3.0968,3.0968,3.0968,1
2026-01-14 07:09:00,3.0908,3.0918,3.0898,3.0918,3.0958,3.0968,3.0948,3.0968,4
2026-01-14 07:10:00,3.0928,3.0968,3.0928,3.0953,3.0978,3.1018,3.0978,3.1003,13
2026-01-14 07:11:00,3.0958,3.0978,3.0953,3.0968,3.1008,3.1028,3.1003,3.1018,7
2026-01-14 07:12:00,3.0973,3.1028,3.0968,3.0988,3.1023,3.1078,3.1018,3.1038,21
2026-01-14 07:13:00,3.0993,3.1108,3.0993,3.1028,3.1043,3.1158,3.1043,3.1078,33
2026-01-14 07:14:00,3.1023,3.1043,3.0878,3.0893,3.1073,3.1093,3.0928,3.0943,32
2026-01-14 07:15:00,3.0888,3.0923,3.0843,3.0923,3.0938,3.0973,3.0893,3.0973,22
2026-01-14 07:16:00,3.0918,3.0923,3.0853,3.0853,3.0968,3.0973,3.0903,3.0903,11
2026-01-14 07:17:00,3.0848,3.0868,3.0758,3.0863,3.0898,3.0918,3.0808,3.0913,37
2026-01-14 07:18:00,3.0873,3.0913,3.0868,3.0878,3.0923,3.0963,3.0918,3.0928,14
2026-01-14 07:19:00,3.0863,3.0863,3.0773,3.0773,3.0913,3.0913,3.0823,3.0823,22
2026-01-14 07:20:00,3.0783,3.0783,3.0653,3.0703,3.0833,3.0833,3.0703,3.0753,26
2026-01-14 07:21:00,3.0708,3.0718,3.0658,3.0693,3.0758,3.0768,3.0708,3.0743,17
2026-01-14 07:22:00,3.0688,3.0838,3.0668,3.0703,3.0738,3.0888,3.0718,3.0753,65
2026-01-14 07:23:00,3.0713,3.0733,3.0598,3.0613,3.0763,3.0783,3.0648,3.0663,20
2026-01-14 07:24:00,3.0608,3.0648,3.0593,3.0623,3.0658,3.0698,3.0643,3.0673,18
2026-01-14 07:25:00,3.0633,3.0633,3.0593,3.0623,3.0683,3.0683,3.0643,3.0673,10
2026-01-14 07:26:00,3.0628,3.0638,3.0593,3.0598,3.0678,3.0688,3.0643,3.0648,12
2026-01-14 07:27:00,3.0593,3.0598,3.0398,3.0423,3.0643,3.0648,3.0448,3.0473,63
2026-01-14 07:28:00,3.0433,3.0473,3.0398,3.0473,3.0483,3.0523,3.0448,3.0523,17
2026-01-14 07:29:00,3.0468,3.0518,3.0453,3.0498,3.0518,3.0568,3.0503,3.0548,19
2026-01-14 07:30:00,3.0503,3.0523,3.0478,3.0508,3.0553,3.0573,3.0528,3.0558,22
2026-01-14 07:31:00,3.0503,3.0503,3.0413,3.0438,3.0553,3.0553,3.0463,3.0488,22
2026-01-14 07:32:00,3.0443,3.0443,3.0413,3.0413,3.0493,3.0493,3.0463,3.0463,9
2026-01-14 07:33:00,3.0403,3.0423,3.0398,3.0418,3.0453,3.0473,3.0448,3.0468,16
2026-01-14 07:34:00,3.0413,3.0463,3.0413,3.0443,3.0463,3.0513,3.0463,3.0493,11
2026-01-14 07:35:00,3.0438,3.0468,3.0438,3.0458,3.0488,3.0518,3.0488,3.0508,7
2026-01-14 07:36:00,3.0453,3.0468,3.0408,3.0428,3.0503,3.0518,3.0458,3.0478,11
2026-01-14 07:37:00,3.0423,3.0428,3.0398,3.0413,3.0473,3.0478,3.0448,3.0463,6
2026-01-14 07:38:00,3.0393,3.0408,3.0323,3.0343,3.0443,3.0458,3.0373,3.0393,22
2026-01-14 07:39:00,3.0353,3.0463,3.0343,3.0458,3.0403,3.0513,3.0393,3.0508,21
2026-01-14 07:40:00,3.0448,3.0448,3.0428,3.0428,3.0498,3.0498,3.0478,3.0478,6
2026-01-14 07:41:00,3.0433,3.0443,3.0433,3.0433,3.0483,3.0493,3.0483,3.0483,5
2026-01-14 07:42:00,3.0443,3.0473,3.0438,3.0473,3.0493,3.0523,3.0488,3.0523,15
2026-01-14 07:43:00,3.0458,3.0468,3.0458,3.0458,3.0508,3.0518,3.0508,3.0508,4
2026-01-14 07:44:00,3.0453,3.0458,3.0448,3.0448,3.0503,3.0508,3.0498,3.0498,5
2026-01-14 07:45:00,3.0438,3.0488,3.0433,3.0488,3.0488,3.0538,3.0483,3.0538,10
2026-01-14 07:46:00,3.0493,3.0533,3.0493,3.0533,3.0543,3.0583,3.0543,3.0583,17
2026-01-14 07:49:00,3.0538,3.0553,3.0533,3.0533,3.0588,3.0603,3.0583,3.0583,7
2026-01-14 07:50:00,3.0513,3.0593,3.0513,3.0573,3.0563,3.0643,3.0563,3.0623,15
2026-01-14 07:51:00,3.0563,3.0568,3.0548,3.0548,3.0613,3.0618,3.0598,3.0598,5
2026-01-14 07:52:00,3.0538,3.0548,3.0538,3.0548,3.0588,3.0598,3.0588,3.0598,3
2026-01-14 07:53:00,3.0543,3.0558,3.0543,3.0548,3.0593,3.0608,3.0593,3.0598,4
2026-01-14 07:54:00,3.0543,3.0563,3.0543,3.0558,3.0593,3.0613,3.0593,3.0608,6
2026-01-14 07:55:00,3.0563,3.0563,3.0563,3.0563,3.0613,3.0613,3.0613,3.0613,1
2026-01-14 07:56:00,3.0568,3.0593,3.0558,3.0578,3.0618,3.0643,3.0608,3.0628,12
2026-01-14 07:57:00,3.0588,3.0608,3.0573,3.0608,3.0638,3.0658,3.0623,3.0658,6
2026-01-14 07:58:00,3.0603,3.0603,3.0548,3.0548,3.0653,3.0653,3.0598,3.0598,7
2026-01-14 07:59:00,3.0543,3.0548,3.0528,3.0543,3.0593,3.0598,3.0578,3.0593,14
2026-01-14 08:00:00,3.0538,3.0538,3.0498,3.0528,3.0588,3.0588,3.0548,3.0578,15
2026-01-14 08:01:00,3.0533,3.0548,3.0533,3.0543,3.0583,3.0598,3.0583,3.0593,7
2026-01-14 08:02:00,3.0548,3.0558,3.0538,3.0538,3.0598,3.0608,3.0588,3.0588,10
2026-01-14 08:03:00,3.0523,3.0538,3.0523,3.0538,3.0573,3.0588,3.0573,3.0588,3
2026-01-14 08:04:00,3.0528,3.0538,3.0503,3.0528,3.0578,3.0588,3.0553,3.0578,11
2026-01-14 08:05:00,3.0533,3.0588,3.0533,3.0588,3.0583,3.0638,3.0583,3.0638,17
2026-01-14 08:06:00,3.0578,3.0593,3.0578,3.0593,3.0628,3.0643,3.0628,3.0643,3
2026-01-14 08:07:00,3.0583,3.0603,3.0528,3.0588,3.0633,3.0653,3.0578,3.0638,19
2026-01-14 08:08:00,3.0578,3.0608,3.0578,3.0578,3.0628,3.0658,3.0628,3.0628,6
2026-01-14 08:09:00,3.0583,3.0598,3.0583,3.0598,3.0633,3.0648,3.0633,3.0648,3
2026-01-14 08:10:00,3.0603,3.0608,3.0593,3.0598,3.0653,3.0658,3.0643,3.0648,4
2026-01-14 08:11:00,3.0603,3.0643,3.0588,3.0588,3.0653,3.0693,3.0638,3.0638,7
2026-01-14 08:12:00,3.0578,3.0578,3.0563,3.0573,3.0628,3.0628,3.0613,3.0623,5
2026-01-14 08:13:00,3.0563,3.0578,3.0558,3.0563,3.0613,3.0628,3.0608,3.0613,8
2026-01-14 08:14:00,3.0558,3.0563,3.0528,3.0563,3.0608,3.0613,3.0578,3.0613,11
2026-01-14 08:15:00,3.0578,3.0593,3.0553,3.0553,3.0628,3.0643,3.0603,3.0603,10
2026-01-14 08:16:00,3.0558,3.0613,3.0548,3.0613,3.0608,3.0663,3.0598,3.0663,14
2026-01-14 08:17:00,3.0618,3.0693,3.0618,3.0678,3.0668,3.0743,3.0668,3.0728,20
2026-01-14 08:18:00,3.0683,3.0683,3.0603,3.0653,3.0733,3.0733,3.0653,3.0703,25
2026-01-14 08:19:00,3.0648,3.0663,3.0638,3.0638,3.0698,3.0713,3.0688,3.0688,10
2026-01-14 08:20:00,3.0633,3.0633,3.0568,3.0578,3.0683,3.0683,3.0618,3.0628,10
2026-01-14 08:21:00,3.0583,3.0618,3.0568,3.0618,3.0633,3.0668,3.0618,3.0668,9
2026-01-14 08:22:00,3.0598,3.0598,3.0573,3.0573,3.0648,3.0648,3.0623,3.0623,9
2026-01-14 08:23:00,3.0563,3.0563,3.0533,3.0543,3.0613,3.0613,3.0583,3.0593,7
2026-01-14 08:24:00,3.0548,3.0548,3.0543,3.0543,3.0598,3.0598,3.0593,3.0593,2
2026-01-14 08:25:00,3.0533,3.0533,3.0458,3.0478,3.0583,3.0583,3.0508,3.0528,13
2026-01-14 08:26:00,3.0468,3.0473,3.0453,3.0453,3.0518,3.0523,3.0503,3.0503,12
2026-01-14 08:27:00,3.0458,3.0538,3.0458,3.0528,3.0508,3.0588,3.0508,3.0578,16
2026-01-14 08:28:00,3.0533,3.0548,3.0428,3.0448,3.0583,3.0598,3.0478,3.0498,37
2026-01-14 08:29:00,3.0453,3.0463,3.0438,3.0443,3.0503,3.0513,3.0488,3.0493,10
2026-01-14 08:30:00,3.0448,3.0463,3.0433,3.0448,3.0498,3.0513,3.0483,3.0498,14
2026-01-14 08:31:00,3.0453,3.0453,3.0363,3.0363,3.0503,3.0503,3.0413,3.0413,19
2026-01-14 08:32:00,3.0298,3.0308,3.0248,3.0298,3.0348,3.0358,3.0298,3.0348,26
2026-01-14 08:33:00,3.0288,3.0323,3.0278,3.0293,3.0338,3.0373,3.0328,3.0343,15
2026-01-14 08:34:00,3.0288,3.0313,3.0278,3.0313,3.0338,3.0363,3.0328,3.0363,8
2026-01-14 08:35:00,3.0308,3.0313,3.0308,3.0313,3.0358,3.0363,3.0358,3.0363,2
2026-01-14 08:36:00,3.0303,3.0318,3.0303,3.0313,3.0353,3.0368,3.0353,3.0363,4
2026-01-14 08:37:00,3.0318,3.0318,3.0308,3.0313,3.0368,3.0368,3.0358,3.0363,3
2026-01-14 08:38:00,3.0298,3.0333,3.0298,3.0313,3.0348,3.0383,3.0348,3.0363,13
2026-01-14 08:39:00,3.0308,3.0338,3.0303,3.0333,3.0358,3.0388,3.0353,3.0383,16
2026-01-14 08:40:00,3.0328,3.0333,3.0308,3.0333,3.0378,3.0383,3.0358,3.0383,9
2026-01-14 08:41:00,3.0338,3.0338,3.0323,3.0333,3.0388,3.0388,3.0373,3.0383,4
2026-01-14 08:42:00,3.0338,3.0343,3.0308,3.0328,3.0388,3.0393,3.0358,3.0378,12
2026-01-14 08:43:00,3.0323,3.0383,3.0318,3.0378,3.0373,3.0433,3.0368,3.0428,11
2026-01-14 08:44:00,3.0368,3.0373,3.0358,3.0368,3.0418,3.0423,3.0408,3.0418,7
2026-01-14 08:45:00,3.0373,3.0398,3.0373,3.0383,3.0423,3.0448,3.0423,3.0433,7
2026-01-14 08:46:00,3.0378,3.0378,3.0348,3.0348,3.0428,3.0428,3.0398,3.0398,15
2026-01-14 08:47:00,3.0338,3.0373,3.0308,3.0328,3.0388,3.0423,3.0358,3.0378,18
2026-01-14 08:48:00,3.0318,3.0348,3.0318,3.0348,3.0368,3.0398,3.0368,3.0398,14
2026-01-14 08:49:00,3.0353,3.0358,3.0323,3.0333,3.0403,3.0408,3.0373,3.0383,10
2026-01-14 08:50:00,3.0338,3.0338,3.0338,3.0338,3.0388,3.0388,3.0388,3.0388,1
2026-01-14 08:51:00,3.0343,3.0348,3.0338,3.0338,3.0393,3.0398,3.0388,3.0388,4
2026-01-14 08:53:00,3.0343,3.0368,3.0338,3.0368,3.0393,3.0418,3.0388,3.0418,6
2026-01-14 08:54:00,3.0353,3.0353,3.0353,3.0353,3.0403,3.0403,3.0403,3.0403,1
2026-01-14 08:55:00,3.0358,3.0378,3.0353,3.0368,3.0408,3.0428,3.0403,3.0418,9
2026-01-14 08:56:00,3.0373,3.0373,3.0373,3.0373,3.0423,3.0423,3.0423,3.0423,1
2026-01-14 08:57:00,3.0378,3.0378,3.0353,3.0353,3.0428,3.0428,3.0403,3.0403,5
2026-01-14 08:58:00,3.0348,3.0398,3.0348,3.0383,3.0398,3.0448,3.0398,3.0433,10
2026-01-14 08:59:00,3.0388,3.0388,3.0308,3.0323,3.0438,3.0438,3.0358,3.0373,13
2026-01-14 09:00:00,3.0318,3.0363,3.0308,3.0348,3.0368,3.0413,3.0358,3.0398,23
2026-01-14 09:01:00,3.0333,3.0358,3.0293,3.0343,3.0383,3.0408,3.0343,3.0393,27
2026-01-14 09:02:00,3.0338,3.0388,3.0338,3.0373,3.0388,3.0438,3.0388,3.0423,24
2026-01-14 09:03:00,3.0368,3.0368,3.0353,3.0363,3.0418,3.0418,3.0403,3.0413,6
2026-01-14 09:04:00,3.0348,3.0363,3.0308,3.0343,3.0398,3.0413,3.0358,3.0393,23
2026-01-14 09:05:00,3.0338,3.0338,3.0283,3.0283,3.0388,3.0388,3.0333,3.0333,21
2026-01-14 09:06:00,3.0278,3.0303,3.0278,3.0303,3.0328,3.0353,3.0328,3.0353,4
2026-01-14 09:07:00,3.0308,3.0313,3.0308,3.0308,3.0358,3.0363,3.0358,3.0358,3
2026-01-14 09:08:00,3.0303,3.0323,3.0293,3.0313,3.0353,3.0373,3.0343,3.0363,8
2026-01-14 09:09:00,3.0328,3.0373,3.0328,3.0373,3.0378,3.0423,3.0378,3.0423,15
2026-01-14 09:10:00,3.0388,3.0438,3.0388,3.0408,3.0438,3.0488,3.0438,3.0458,15
2026-01-14 09:11:00,3.0413,3.0448,3.0398,3.0418,3.0463,3.0498,3.0448,3.0468,19
2026-01-14 09:12:00,3.0413,3.0428,3.0413,3.0423,3.0463,3.0478,3.0463,3.0473,7
2026-01-14 09:13:00,3.0418,3.0443,3.0418,3.0438,3.0468,3.0493,3.0468,3.0488,11
2026-01-14 09:14:00,3.0443,3.0478,3.0443,3.0468,3.0493,3.0528,3.0493,3.0518,15
2026-01-14 09:15:00,3.0473,3.0518,3.0473,3.0508,3.0523,3.0568,3.0523,3.0558,6
2026-01-14 09:16:00,3.0513,3.0523,3.0468,3.0478,3.0563,3.0573,3.0518,3.0528,15
2026-01-14 09:17:00,3.0483,3.0488,3.0458,3.0488,3.0533,3.0538,3.0508,3.0538,12
2026-01-14 09:18:00,3.0483,3.0483,3.0463,3.0468,3.0533,3.0533,3.0513,3.0518,5
2026-01-14 09:19:00,3.0478,3.0503,3.0473,3.0483,3.0528,3.0553,3.0523,3.0533,17
2026-01-14 09:20:00,3.0478,3.0523,3.0473,3.0513,3.0528,3.0573,3.0523,3.0563,10
2026-01-14 09:21:00,3.0518,3.0538,3.0518,3.0533,3.0568,3.0588,3.0568,3.0583,7
2026-01-14 09:22:00,3.0538,3.0548,3.0508,3.0528,3.0588,3.0598,3.0558,3.0578,15
2026-01-14 09:23:00,3.0518,3.0538,3.0498,3.0508,3.0568,3.0588,3.0548,3.0558,9
2026-01-14 09:24:00,3.0513,3.0518,3.0498,3.0513,3.0563,3.0568,3.0548,3.0563,7
2026-01-14 09:25:00,3.0518,3.0568,3.0513,3.0563,3.0568,3.0618,3.0563,3.0613,14
2026-01-14 09:26:00,3.0558,3.0578,3.0558,3.0558,3.0608,3.0628,3.0608,3.0608,16
2026-01-14 09:27:00,3.0553,3.0588,3.0553,3.0568,3.0603,3.0638,3.0603,3.0618,10
2026-01-14 09:28:00,3.0573,3.0578,3.0568,3.0578,3.0623,3.0628,3.0618,3.0628,6
2026-01-14 09:29:00,3.0573,3.0588,3.0568,3.0588,3.0623,3.0638,3.0618,3.0638,8
2026-01-14 09:30:00,3.0583,3.0628,3.0568,3.0623,3.0633,3.0678,3.0618,3.0673,15
2026-01-14 09:31:00,3.0628,3.0638,3.0618,3.0623,3.0678,3.0688,3.0668,3.0673,8
2026-01-14 09:32:00,3.0618,3.0638,3.0618,3.0618,3.0668,3.0688,3.0668,3.0668,13
2026-01-14 09:33:00,3.0623,3.0623,3.0613,3.0613,3.0673,3.0673,3.0663,3.0663,5
2026-01-14 09:34:00,3.0608,3.0618,3.0598,3.0618,3.0658,3.0668,3.0648,3.0668,10
2026-01-14 09:35:00,3.0613,3.0613,3.0608,3.0608,3.0663,3.0663,3.0658,3.0658,2
2026-01-14 09:37:00,3.0603,3.0608,3.0578,3.0598,3.0653,3.0658,3.0628,3.0648,17
2026-01-14 09:38:00,3.0608,3.0638,3.0598,3.0603,3.0658,3.0688,3.0648,3.0653,14
2026-01-14 09:39:00,3.0598,3.0598,3.0518,3.0523,3.0648,3.0648,3.0568,3.0573,21
2026-01-14 09:40:00,3.0518,3.0538,3.0513,3.0538,3.0568,3.0588,3.0563,3.0588,9
2026-01-14 09:41:00,3.0528,3.0528,3.0508,3.0513,3.0578,3.0578,3.0558,3.0563,7
2026-01-14 09:42:00,3.0498,3.0628,3.0488,3.0623,3.0548,3.0678,3.0538,3.0673,33
2026-01-14 09:43:00,3.0638,3.0683,3.0638,3.0673,3.0688,3.0733,3.0688,3.0723,14
2026-01-14 09:44:00,3.0663,3.0678,3.0638,3.0653,3.0713,3.0728,3.0688,3.0703,15
2026-01-14 09:45:00,3.0658,3.0708,3.0658,3.0708,3.0708,3.0758,3.0708,3.0758,16
2026-01-14 09:46:00,3.0713,3.0718,3.0643,3.0648,3.0763,3.0768,3.0693,3.0698,23
2026-01-14 09:47:00,3.0658,3.0658,3.0643,3.0648,3.0708,3.0708,3.0693,3.0698,7
2026-01-14 09:48:00,3.0643,3.0653,3.0643,3.0653,3.0693,3.0703,3.0693,3.0703,4
2026-01-14 09:49:00,3.0668,3.0683,3.0663,3.0678,3.0718,3.0733,3.0713,3.0728,10
2026-01-14 09:50:00,3.0688,3.0708,3.0673,3.0683,3.0738,3.0758,3.0723,3.0733,13
2026-01-14 09:52:00,3.0678,3.0683,3.0663,3.0673,3.0728,3.0733,3.0713,3.0723,14
2026-01-14 09:54:00,3.0668,3.0673,3.0648,3.0658,3.0718,3.0723,3.0698,3.0708,9
2026-01-14 09:55:00,3.0668,3.0678,3.0658,3.0663,3.0718,3.0728,3.0708,3.0713,9
2026-01-14 09:56:00,3.0658,3.0663,3.0658,3.0663,3.0708,3.0713,3.0708,3.0713,2
2026-01-14 09:58:00,3.0658,3.0668,3.0658,3.0668,3.0708,3.0718,3.0708,3.0718,2
2026-01-14 10:00:00,3.0663,3.0673,3.0628,3.0638,3.0713,3.0723,3.0678,3.0688,18
2026-01-14 10:01:00,3.0643,3.0658,3.0628,3.0633,3.0693,3.0708,3.0678,3.0683,6
2026-01-14 10:02:00,3.0628,3.0643,3.0628,3.0643,3.0678,3.0693,3.0678,3.0693,5
2026-01-14 10:03:00,3.0633,3.0653,3.0633,3.0653,3.0683,3.0703,3.0683,3.0703,4
2026-01-14 10:04:00,3.0648,3.0653,3.0578,3.0588,3.0698,3.0703,3.0628,3.0638,9
2026-01-14 10:05:00,3.0583,3.0583,3.0568,3.0573,3.0633,3.0633,3.0618,3.0623,6
2026-01-14 10:06:00,3.0578,3.0598,3.0578,3.0593,3.0628,3.0648,3.0628,3.0643,5
2026-01-14 10:07:00,3.0588,3.0628,3.0588,3.0618,3.0638,3.0678,3.0638,3.0668,14
2026-01-14 10:08:00,3.0623,3.0668,3.0623,3.0648,3.0673,3.0718,3.0673,3.0698,13
2026-01-14 10:09:00,3.0653,3.0668,3.0653,3.0658,3.0703,3.0718,3.0703,3.0708,4
2026-01-14 10:10:00,3.0668,3.0678,3.0668,3.0678,3.0718,3.0728,3.0718,3.0728,3
2026-01-14 10:11:00,3.0688,3.0703,3.0678,3.0698,3.0738,3.0753,3.0728,3.0748,11
2026-01-14 10:12:00,3.0708,3.0713,3.0688,3.0688,3.0758,3.0763,3.0738,3.0738,16
2026-01-14 10:13:00,3.0693,3.0703,3.0673,3.0698,3.0743,3.0753,3.0723,3.0748,11
2026-01-14 10:14:00,3.0703,3.0703,3.0693,3.0693,3.0753,3.0753,3.0743,3.0743,4
2026-01-14 10:15:00,3.0698,3.0698,3.0693,3.0698,3.0748,3.0748,3.0743,3.0748,3
2026-01-14 10:16:00,3.0693,3.0698,3.0688,3.0698,3.0743,3.0748,3.0738,3.0748,4
2026-01-14 10:17:00,3.0703,3.0703,3.0688,3.0693,3.0753,3.0753,3.0738,3.0743,4
2026-01-14 10:18:00,3.0698,3.0698,3.0658,3.0663,3.0748,3.0748,3.0708,3.0713,13
2026-01-14 10:19:00,3.0653,3.0653,3.0653,3.0653,3.0703,3.0703,3.0703,3.0703,1
2026-01-14 10:20:00,3.0648,3.0658,3.0628,3.0653,3.0698,3.0708,3.0678,3.0703,11
2026-01-14 10:21:00,3.0658,3.0658,3.0633,3.0633,3.0708,3.0708,3.0683,3.0683,4
2026-01-14 10:22:00,3.0638,3.0643,3.0633,3.0643,3.0688,3.0693,3.0683,3.0693,4
2026-01-14 10:23:00,3.0648,3.0648,3.0633,3.0633,3.0698,3.0698,3.0683,3.0683,4
2026-01-14 10:24:00,3.0628,3.0633,3.0623,3.0633,3.0678,3.0683,3.0673,3.0683,4
2026-01-14 10:25:00,3.0628,3.0628,3.0623,3.0623,3.0678,3.0678,3.0673,3.0673,2
2026-01-14 10:26:00,3.0618,3.0643,3.0618,3.0628,3.0668,3.0693,3.0668,3.0678,5
2026-01-14 10:27:00,3.0633,3.0653,3.0633,3.0638,3.0683,3.0703,3.0683,3.0688,7
2026-01-14 10:28:00,3.0643,3.0643,3.0633,3.0633,3.0693,3.0693,3.0683,3.0683,5
2026-01-14 10:29:00,3.0638,3.0638,3.0638,3.0638,3.0688,3.0688,3.0688,3.0688,1
2026-01-14 10:30:00,3.0643,3.0643,3.0578,3.0578,3.0693,3.0693,3.0628,3.0628,20
2026-01-14 10:31:00,3.0583,3.0583,3.0548,3.0553,3.0633,3.0633,3.0598,3.0603,12
2026-01-14 10:32:00,3.0558,3.0563,3.0553,3.0553,3.0608,3.0613,3.0603,3.0603,4
2026-01-14 10:33:00,3.0558,3.0568,3.0558,3.0568,3.0608,3.0618,3.0608,3.0618,6
2026-01-14 10:34:00,3.0553,3.0553,3.0553,3.0553,3.0603,3.0603,3.0603,3.0603,1
2026-01-14 10:35:00,3.0548,3.0558,3.0548,3.0558,3.0598,3.0608,3.0598,3.0608,3
2026-01-14 10:36:00,3.0553,3.0568,3.0553,3.0563,3.0603,3.0618,3.0603,3.0613,5
2026-01-14 10:37:00,3.0568,3.0573,3.0568,3.0573,3.0618,3.0623,3.0618,3.0623,2
2026-01-14 10:38:00,3.0578,3.0658,3.0573,3.0643,3.0628,3.0708,3.0623,3.0693,17
2026-01-14 10:39:00,3.0638,3.0658,3.0633,3.0633,3.0688,3.0708,3.0683,3.0683,7
2026-01-14 10:40:00,3.0628,3.0628,3.0613,3.0618,3.0678,3.0678,3.0663,3.0668,4
2026-01-14 10:41:00,3.0623,3.0623,3.0613,3.0613,3.0673,3.0673,3.0663,3.0663,2
2026-01-14 10:42:00,3.0618,3.0678,3.0613,3.0668,3.0668,3.0728,3.0663,3.0718,12
2026-01-14 10:43:00,3.0678,3.0683,3.0663,3.0683,3.0728,3.0733,3.0713,3.0733,7
2026-01-14 10:44:00,3.0688,3.0698,3.0673,3.0693,3.0738,3.0748,3.0723,3.0743,8
2026-01-14 10:45:00,3.0698,3.0713,3.0698,3.0698,3.0748,3.0763,3.0748,3.0748,4
2026-01-14 10:46:00,3.0708,3.0768,3.0708,3.0748,3.0758,3.0818,3.0758,3.0798,18
2026-01-14 10:47:00,3.0753,3.0763,3.0753,3.0763,3.0803,3.0813,3.0803,3.0813,5
2026-01-14 10:48:00,3.0758,3.0803,3.0758,3.0783,3.0808,3.0853,3.0808,3.0833,16
2026-01-14 10:49:00,3.0773,3.0843,3.0773,3.0838,3.0823,3.0893,3.0823,3.0888,19
2026-01-14 10:50:00,3.0833,3.0848,3.0828,3.0848,3.0883,3.0898,3.0878,3.0898,4
2026-01-14 10:51:00,3.0858,3.0868,3.0848,3.0853,3.0908,3.0918,3.0898,3.0903,12
2026-01-14 10:52:00,3.0848,3.0858,3.0838,3.0848,3.0898,3.0908,3.0888,3.0898,6
2026-01-14 10:53:00,3.0843,3.0843,3.0833,3.0838,3.0893,3.0893,3.0883,3.0888,4
2026-01-14 10:54:00,3.0833,3.0843,3.0823,3.0843,3.0883,3.0893,3.0873,3.0893,9
2026-01-14 10:55:00,3.0848,3.0848,3.0838,3.0843,3.0898,3.0898,3.0888,3.0893,5
2026-01-14 10:56:00,3.0838,3.0843,3.0838,3.0843,3.0888,3.0893,3.0888,3.0893,2
2026-01-14 10:57:00,3.0848,3.0878,3.0848,3.0878,3.0898,3.0928,3.0898,3.0928,5
2026-01-14 10:58:00,3.0873,3.0898,3.0873,3.0888,3.0923,3.0948,3.0923,3.0938,11
2026-01-14 10:59:00,3.0883,3.0883,3.0873,3.0873,3.0933,3.0933,3.0923,3.0923,5
2026-01-14 11:00:00,3.0868,3.0878,3.0868,3.0873,3.0918,3.0928,3.0918,3.0923,9
2026-01-14 11:01:00,3.0868,3.0903,3.0848,3.0873,3.0918,3.0953,3.0898,3.0923,14
2026-01-14 11:02:00,3.0858,3.0868,3.0858,3.0868,3.0908,3.0918,3.0908,3.0918,2
2026-01-14 11:03:00,3.0873,3.0888,3.0863,3.0863,3.0923,3.0938,3.0913,3.0913,7
2026-01-14 11:04:00,3.0868,3.0868,3.0868,3.0868,3.0918,3.0918,3.0918,3.0918,1
2026-01-14 11:05:00,3.0878,3.0943,3.0878,3.0933,3.0928,3.0993,3.0928,3.0983,12
2026-01-14 11:06:00,3.0938,3.0978,3.0938,3.0948,3.0988,3.1028,3.0988,3.0998,21
2026-01-14 11:07:00,3.0943,3.0958,3.0928,3.0928,3.0993,3.1008,3.0978,3.0978,9
2026-01-14 11:08:00,3.0923,3.0928,3.0908,3.0908,3.0973,3.0978,3.0958,3.0958,11
2026-01-14 11:09:00,3.0918,3.0938,3.0878,3.0878,3.0968,3.0988,3.0928,3.0928,15
2026-01-14 11:10:00,3.0888,3.0913,3.0888,3.0908,3.0938,3.0963,3.0938,3.0958,7
2026-01-14 11:11:00,3.0918,3.0928,3.0898,3.0908,3.0968,3.0978,3.0948,3.0958,7
2026-01-14 11:12:00,3.0918,3.0938,3.0918,3.0933,3.0968,3.0988,3.0968,3.0983,12
2026-01-14 11:13:00,3.0938,3.0938,3.0893,3.0898,3.0988,3.0988,3.0943,3.0948,8
2026-01-14 11:14:00,3.0903,3.0903,3.0888,3.0898,3.0953,3.0953,3.0938,3.0948,5
2026-01-14 11:15:00,3.0893,3.0898,3.0863,3.0863,3.0943,3.0948,3.0913,3.0913,8
2026-01-14 11:16:00,3.0868,3.0878,3.0828,3.0838,3.0918,3.0928,3.0878,3.0888,18
2026-01-14 11:17:00,3.0843,3.0848,3.0823,3.0833,3.0893,3.0898,3.0873,3.0883,12
2026-01-14 11:18:00,3.0843,3.0848,3.0843,3.0843,3.0893,3.0898,3.0893,3.0893,3
2026-01-14 11:19:00,3.0848,3.0898,3.0848,3.0893,3.0898,3.0948,3.0898,3.0943,16
2026-01-14 11:20:00,3.0888,3.0938,3.0883,3.0933,3.0938,3.0988,3.0933,3.0983,14
2026-01-14 11:21:00,3.0938,3.0943,3.0918,3.0918,3.0988,3.0993,3.0968,3.0968,15
2026-01-14 11:22:00,3.0903,3.0963,3.0898,3.0963,3.0953,3.1013,3.0948,3.1013,21
2026-01-14 11:23:00,3.0968,3.1008,3.0948,3.0978,3.1018,3.1058,3.0998,3.1028,27
2026-01-14 11:24:00,3.0983,3.1018,3.0983,3.1018,3.1033,3.1068,3.1033,3.1068,19
2026-01-14 11:25:00,3.1013,3.1023,3.1008,3.1018,3.1063,3.1073,3.1058,3.1068,9
2026-01-14 11:26:00,3.1013,3.1013,3.0928,3.0938,3.1063,3.1063,3.0978,3.0988,16
2026-01-14 11:27:00,3.0948,3.0958,3.0918,3.0943,3.0998,3.1008,3.0968,3.0993,19
2026-01-14 11:28:00,3.0953,3.0978,3.0948,3.0978,3.1003,3.1028,3.0998,3.1028,11
2026-01-14 11:29:00,3.0983,3.1003,3.0978,3.0988,3.1033,3.1053,3.1028,3.1038,8
2026-01-14 11:30:00,3.0983,3.1048,3.0908,3.1023,3.1033,3.1098,3.0958,3.1073,43
2026-01-14 11:31:00,3.1018,3.1133,3.1018,3.1123,3.1068,3.1183,3.1068,3.1173,42
2026-01-14 11:32:00,3.1128,3.1128,3.1088,3.1088,3.1178,3.1178,3.1138,3.1138,28
2026-01-14 11:33:00,3.1083,3.1138,3.1083,3.1103,3.1133,3.1188,3.1133,3.1153,19
2026-01-14 11:34:00,3.1108,3.1188,3.1108,3.1153,3.1158,3.1238,3.1158,3.1203,30
2026-01-14 11:35:00,3.1158,3.1168,3.1138,3.1163,3.1208,3.1218,3.1188,3.1213,20
2026-01-14 11:36:00,3.1168,3.1178,3.1108,3.1113,3.1218,3.1228,3.1158,3.1163,27
2026-01-14 11:37:00,3.1118,3.1118,3.1058,3.1078,3.1168,3.1168,3.1108,3.1128,21
2026-01-14 11:38:00,3.1083,3.1113,3.1083,3.1113,3.1133,3.1163,3.1133,3.1163,6
2026-01-14 11:39:00,3.1118,3.1118,3.1093,3.1093,3.1168,3.1168,3.1143,3.1143,8
2026-01-14 11:40:00,3.1098,3.1123,3.1088,3.1123,3.1148,3.1173,3.1138,3.1173,18
2026-01-14 11:41:00,3.1118,3.1133,3.1118,3.1128,3.1168,3.1183,3.1168,3.1178,6
2026-01-14 11:42:00,3.1118,3.1118,3.1098,3.1098,3.1168,3.1168,3.1148,3.1148,3
2026-01-14 11:43:00,3.1093,3.1113,3.1093,3.1098,3.1143,3.1163,3.1143,3.1148,9
2026-01-14 11:44:00,3.1103,3.1108,3.1028,3.1028,3.1153,3.1158,3.1078,3.1078,28
2026-01-14 11:45:00,3.1018,3.1023,3.0983,3.0988,3.1068,3.1073,3.1033,3.1038,10
2026-01-14 11:46:00,3.0958,3.0958,3.0863,3.0873,3.1008,3.1008,3.0913,3.0923,31
2026-01-14 11:47:00,3.0883,3.0898,3.0868,3.0878,3.0933,3.0948,3.0918,3.0928,11
2026-01-14 11:48:00,3.0883,3.0883,3.0853,3.0868,3.0933,3.0933,3.0903,3.0918,14
2026-01-14 11:49:00,3.0858,3.0878,3.0848,3.0878,3.0908,3.0928,3.0898,3.0928,9
2026-01-14 11:50:00,3.0883,3.0893,3.0858,3.0863,3.0933,3.0943,3.0908,3.0913,9
2026-01-14 11:51:00,3.0858,3.0858,3.0838,3.0853,3.0908,3.0908,3.0888,3.0903,11
2026-01-14 11:52:00,3.0848,3.0848,3.0778,3.0788,3.0898,3.0898,3.0828,3.0838,27
2026-01-14 11:53:00,3.0793,3.0828,3.0768,3.0823,3.0843,3.0878,3.0818,3.0873,26
2026-01-14 11:54:00,3.0828,3.0843,3.0828,3.0833,3.0878,3.0893,3.0878,3.0883,6
2026-01-14 11:55:00,3.0823,3.0823,3.0773,3.0773,3.0873,3.0873,3.0823,3.0823,12
2026-01-14 11:56:00,3.0778,3.0798,3.0758,3.0768,3.0828,3.0848,3.0808,3.0818,19
2026-01-14 11:57:00,3.0763,3.0798,3.0758,3.0793,3.0813,3.0848,3.0808,3.0843,18
2026-01-14 11:58:00,3.0798,3.0798,3.0768,3.0798,3.0848,3.0848,3.0818,3.0848,13
2026-01-14 11:59:00,3.0808,3.0808,3.0788,3.0808,3.0858,3.0858,3.0838,3.0858,6
2026-01-14 12:00:00,3.0793,3.0808,3.0773,3.0778,3.0843,3.0858,3.0823,3.0828,14
2026-01-14 12:01:00,3.0773,3.0773,3.0678,3.0718,3.0823,3.0823,3.0728,3.0768,28
2026-01-14 12:02:00,3.0728,3.0778,3.0708,3.0768,3.0778,3.0828,3.0758,3.0818,20
2026-01-14 12:03:00,3.0778,3.0783,3.0753,3.0778,3.0828,3.0833,3.0803,3.0828,11
2026-01-14 12:04:00,3.0783,3.0848,3.0783,3.0838,3.0833,3.0898,3.0833,3.0888,19
2026-01-14 12:05:00,3.0828,3.0868,3.0828,3.0848,3.0878,3.0918,3.0878,3.0898,22
2026-01-14 12:06:00,3.0843,3.0893,3.0843,3.0883,3.0893,3.0943,3.0893,3.0933,14
2026-01-14 12:07:00,3.0878,3.0948,3.0848,3.0948,3.0928,3.0998,3.0898,3.0998,18
2026-01-14 12:08:00,3.0943,3.0943,3.0923,3.0933,3.0993,3.0993,3.0973,3.0983,12
2026-01-14 12:09:00,3.0928,3.1003,3.0928,3.1003,3.0978,3.1053,3.0978,3.1053,17
2026-01-14 12:10:00,3.1008,3.1068,3.1008,3.1058,3.1058,3.1118,3.1058,3.1108,15
2026-01-14 12:11:00,3.1053,3.1073,3.1048,3.1068,3.1103,3.1123,3.1098,3.1118,16
2026-01-14 12:12:00,3.1063,3.1063,3.0998,3.1023,3.1113,3.1113,3.1048,3.1073,23
2026-01-14 12:13:00,3.1028,3.1048,3.1018,3.1033,3.1078,3.1098,3.1068,3.1083,11
2026-01-14 12:14:00,3.1038,3.1038,3.1028,3.1033,3.1088,3.1088,3.1078,3.1083,3
2026-01-14 12:15:00,3.1038,3.1048,3.1028,3.1038,3.1088,3.1098,3.1078,3.1088,8
2026-01-14 12:16:00,3.1033,3.1033,3.0978,3.0983,3.1083,3.1083,3.1028,3.1033,16
2026-01-14 12:17:00,3.0978,3.0978,3.0958,3.0978,3.1028,3.1028,3.1008,3.1028,7
2026-01-14 12:18:00,3.0968,3.0988,3.0958,3.0973,3.1018,3.1038,3.1008,3.1023,12
2026-01-14 12:19:00,3.0978,3.0978,3.0918,3.0933,3.1028,3.1028,3.0968,3.0983,14
2026-01-14 12:20:00,3.0928,3.0943,3.0908,3.0933,3.0978,3.0993,3.0958,3.0983,10
2026-01-14 12:21:00,3.0928,3.0933,3.0898,3.0933,3.0978,3.0983,3.0948,3.0983,13
2026-01-14 12:22:00,3.0928,3.0928,3.0888,3.0893,3.0978,3.0978,3.0938,3.0943,9
2026-01-14 12:23:00,3.0888,3.0943,3.0888,3.0938,3.0938,3.0993,3.0938,3.0988,16
2026-01-14 12:24:00,3.0943,3.0943,3.0898,3.0898,3.0993,3.0993,3.0948,3.0948,19
2026-01-14 12:25:00,3.0903,3.0903,3.0868,3.0868,3.0953,3.0953,3.0918,3.0918,10
2026-01-14 12:26:00,3.0878,3.0878,3.0828,3.0833,3.0928,3.0928,3.0878,3.0883,15
2026-01-14 12:27:00,3.0828,3.0838,3.0813,3.0818,3.0878,3.0888,3.0863,3.0868,11
2026-01-14 12:28:00,3.0798,3.0843,3.0788,3.0828,3.0848,3.0893,3.0838,3.0878,14
2026-01-14 12:29:00,3.0823,3.0828,3.0788,3.0818,3.0873,3.0878,3.0838,3.0868,18
2026-01-14 12:30:00,3.0813,3.0843,3.0788,3.0808,3.0863,3.0893,3.0838,3.0858,20
2026-01-14 12:31:00,3.0803,3.0843,3.0798,3.0843,3.0853,3.0893,3.0848,3.0893,10
2026-01-14 12:32:00,3.0853,3.0858,3.0778,3.0798,3.0903,3.0908,3.0828,3.0848,15
2026-01-14 12:33:00,3.0803,3.0808,3.0598,3.0608,3.0853,3.0858,3.0648,3.0658,51
2026-01-14 12:34:00,3.0613,3.0653,3.0603,3.0653,3.0663,3.0703,3.0653,3.0703,32
2026-01-14 12:35:00,3.0648,3.0648,3.0548,3.0558,3.0698,3.0698,3.0598,3.0608,32
2026-01-14 12:36:00,3.0563,3.0618,3.0563,3.0598,3.0613,3.0668,3.0613,3.0648,36
2026-01-14 12:37:00,3.0588,3.0608,3.0483,3.0488,3.0638,3.0658,3.0533,3.0538,44
2026-01-14 12:38:00,3.0483,3.0498,3.0448,3.0488,3.0533,3.0548,3.0498,3.0538,24
2026-01-14 12:39:00,3.0498,3.0518,3.0363,3.0363,3.0548,3.0568,3.0413,3.0413,42
2026-01-14 12:40:00,3.0368,3.0428,3.0358,3.0418,3.0418,3.0478,3.0408,3.0468,33
2026-01-14 12:41:00,3.0413,3.0443,3.0413,3.0418,3.0463,3.0493,3.0463,3.0468,23
2026-01-14 12:42:00,3.0423,3.0428,3.0383,3.0388,3.0473,3.0478,3.0433,3.0438,12
2026-01-14 12:43:00,3.0398,3.0433,3.0398,3.0418,3.0448,3.0483,3.0448,3.0468,22
2026-01-14 12:44:00,3.0423,3.0483,3.0398,3.0483,3.0473,3.0533,3.0448,3.0533,28
2026-01-14 12:45:00,3.0478,3.0478,3.0388,3.0388,3.0528,3.0528,3.0438,3.0438,24
2026-01-14 12:46:00,3.0393,3.0393,3.0388,3.0388,3.0443,3.0443,3.0438,3.0438,2
2026-01-14 12:47:00,3.0378,3.0418,3.0378,3.0418,3.0428,3.0468,3.0428,3.0468,18
2026-01-14 12:48:00,3.0413,3.0453,3.0413,3.0438,3.0463,3.0503,3.0463,3.0488,18
2026-01-14 12:49:00,3.0443,3.0488,3.0423,3.0438,3.0493,3.0538,3.0473,3.0488,25
2026-01-14 12:50:00,3.0448,3.0508,3.0428,3.0463,3.0498,3.0558,3.0478,3.0513,48
2026-01-14 12:51:00,3.0458,3.0493,3.0388,3.0403,3.0508,3.0543,3.0438,3.0453,37
2026-01-14 12:52:00,3.0398,3.0468,3.0398,3.0468,3.0448,3.0518,3.0448,3.0518,20
2026-01-14 12:53:00,3.0463,3.0463,3.0328,3.0358,3.0513,3.0513,3.0378,3.0408,58
2026-01-14 12:54:00,3.0363,3.0383,3.0358,3.0368,3.0413,3.0433,3.0408,3.0418,23
2026-01-14 12:55:00,3.0358,3.0388,3.0238,3.0283,3.0408,3.0438,3.0288,3.0333,42
2026-01-14 12:56:00,3.0298,3.0378,3.0298,3.0373,3.0348,3.0428,3.0348,3.0423,29
2026-01-14 12:57:00,3.0378,3.0388,3.0328,3.0328,3.0428,3.0438,3.0378,3.0378,20
2026-01-14 12:58:00,3.0333,3.0368,3.0328,3.0358,3.0383,3.0418,3.0378,3.0408,11
2026-01-14 12:59:00,3.0363,3.0373,3.0318,3.0338,3.0413,3.0423,3.0368,3.0388,40
2026-01-14 13:00:00,3.0348,3.0348,3.0303,3.0313,3.0398,3.0398,3.0353,3.0363,18
2026-01-14 13:01:00,3.0323,3.0378,3.0323,3.0368,3.0373,3.0428,3.0373,3.0418,27
2026-01-14 13:02:00,3.0363,3.0418,3.0328,3.0353,3.0413,3.0468,3.0378,3.0403,38
2026-01-14 13:03:00,3.0343,3.0358,3.0338,3.0353,3.0393,3.0408,3.0388,3.0403,10
2026-01-14 13:04:00,3.0348,3.0458,3.0348,3.0438,3.0398,3.0508,3.0398,3.0488,45
2026-01-14 13:05:00,3.0448,3.0448,3.0433,3.0438,3.0498,3.0498,3.0483,3.0488,10
2026-01-14 13:06:00,3.0428,3.0443,3.0398,3.0443,3.0478,3.0493,3.0448,3.0493,34
2026-01-14 13:07:00,3.0438,3.0438,3.0278,3.0298,3.0488,3.0488,3.0328,3.0348,35
2026-01-14 13:08:00,3.0303,3.0343,3.0303,3.0328,3.0353,3.0393,3.0353,3.0378,18
2026-01-14 13:09:00,3.0323,3.0463,3.0283,3.0428,3.0373,3.0513,3.0333,3.0478,52
2026-01-14 13:10:00,3.0373,3.0373,3.0328,3.0343,3.0423,3.0423,3.0378,3.0393,20
2026-01-14 13:11:00,3.0338,3.0343,3.0228,3.0268,3.0388,3.0393,3.0278,3.0318,41
2026-01-14 13:12:00,3.0263,3.0268,3.0123,3.0173,3.0313,3.0318,3.0173,3.0223,49
2026-01-14 13:13:00,3.0178,3.0228,3.0158,3.0158,3.0228,3.0278,3.0208,3.0208,30
2026-01-14 13:14:00,3.0163,3.0218,3.0108,3.0113,3.0213,3.0268,3.0158,3.0163,46
2026-01-14 13:15:00,3.0118,3.0128,3.0028,3.0093,3.0168,3.0178,3.0078,3.0143,53
2026-01-14 13:16:00,3.0103,3.0108,3.0048,3.0063,3.0153,3.0158,3.0098,3.0113,42
2026-01-14 13:17:00,3.0048,3.0048,2.9908,3.0018,3.0098,3.0098,2.9958,3.0068,90
2026-01-14 13:18:00,3.0023,3.0068,3.0008,3.0058,3.0073,3.0118,3.0058,3.0108,28
2026-01-14 13:19:00,3.0053,3.0118,3.0048,3.0078,3.0103,3.0168,3.0098,3.0128,36
2026-01-14 13:20:00,3.0068,3.0113,2.9978,2.9988,3.0118,3.0163,3.0028,3.0038,45
2026-01-14 13:21:00,2.9983,2.9993,2.9908,2.9988,3.0033,3.0043,2.9958,3.0038,87
2026-01-14 13:22:00,2.9993,3.0023,2.9938,2.9978,3.0043,3.0073,2.9988,3.0028,56
2026-01-14 13:23:00,2.9983,2.9998,2.9983,2.9988,3.0033,3.0048,3.0033,3.0038,14
2026-01-14 13:24:00,2.9993,3.0048,2.9988,3.0038,3.0043,3.0098,3.0038,3.0088,16
2026-01-14 13:25:00,3.0043,3.0058,3.0028,3.0028,3.0093,3.0108,3.0078,3.0078,20
2026-01-14 13:26:00,3.0033,3.0078,3.0018,3.0038,3.0083,3.0128,3.0068,3.0088,27
2026-01-14 13:27:00,3.0043,3.0068,3.0023,3.0043,3.0093,3.0118,3.0073,3.0093,22
2026-01-14 13:28:00,3.0033,3.0078,3.0018,3.0078,3.0083,3.0128,3.0068,3.0128,20
2026-01-14 13:29:00,3.0083,3.0118,3.0083,3.0098,3.0133,3.0168,3.0133,3.0148,20
2026-01-14 13:30:00,3.0093,3.0103,3.0048,3.0068,3.0143,3.0153,3.0098,3.0118,30
2026-01-14 13:31:00,3.0073,3.0118,3.0073,3.0113,3.0123,3.0168,3.0123,3.0163,20
2026-01-14 13:32:00,3.0118,3.0168,3.0093,3.0113,3.0168,3.0218,3.0143,3.0163,38
2026-01-14 13:33:00,3.0118,3.0118,3.0018,3.0103,3.0168,3.0168,3.0068,3.0153,31
2026-01-14 13:34:00,3.0093,3.0093,3.0028,3.0093,3.0143,3.0143,3.0078,3.0143,22
2026-01-14 13:35:00,3.0098,3.0113,2.9983,2.9988,3.0148,3.0163,3.0033,3.0038,36
2026-01-14 13:36:00,2.9993,3.0028,2.9953,2.9988,3.0043,3.0078,3.0003,3.0038,35
2026-01-14 13:37:00,2.9993,2.9993,2.9678,2.9703,3.0043,3.0043,2.9728,2.9753,77
2026-01-14 13:38:00,2.9708,2.9708,2.9548,2.9658,2.9758,2.9758,2.9598,2.9708,134
2026-01-14 13:39:00,2.9663,2.9663,2.9608,2.9618,2.9713,2.9713,2.9658,2.9668,44
2026-01-14 13:40:00,2.9608,2.9618,2.9538,2.9558,2.9658,2.9668,2.9588,2.9608,68
2026-01-14 13:41:00,2.9548,2.9658,2.9518,2.9658,2.9598,2.9708,2.9568,2.9708,65
2026-01-14 13:42:00,2.9648,2.9698,2.9608,2.9638,2.9698,2.9748,2.9658,2.9688,62
2026-01-14 13:43:00,2.9633,2.9658,2.9618,2.9638,2.9683,2.9708,2.9668,2.9688,32
2026-01-14 13:44:00,2.9643,2.9678,2.9643,2.9663,2.9693,2.9728,2.9693,2.9713,19
2026-01-14 13:45:00,2.9668,2.9668,2.9568,2.9668,2.9718,2.9718,2.9618,2.9718,43
2026-01-14 13:46:00,2.9673,2.9708,2.9658,2.9708,2.9723,2.9758,2.9708,2.9758,22
2026-01-14 13:47:00,2.9713,2.9728,2.9653,2.9673,2.9763,2.9778,2.9703,2.9723,32
2026-01-14 13:48:00,2.9668,2.9683,2.9643,2.9678,2.9718,2.9733,2.9693,2.9728,15
2026-01-14 13:49:00,2.9683,2.9688,2.9638,2.9653,2.9733,2.9738,2.9688,2.9703,33
2026-01-14 13:50:00,2.9648,2.9718,2.9643,2.9648,2.9698,2.9768,2.9693,2.9698,26
2026-01-14 13:51:00,2.9643,2.9648,2.9423,2.9448,2.9693,2.9698,2.9473,2.9498,98
2026-01-14 13:52:00,2.9453,2.9563,2.9418,2.9553,2.9503,2.9613,2.9468,2.9603,40
2026-01-14 13:53:00,2.9558,2.9578,2.9488,2.9548,2.9608,2.9628,2.9538,2.9598,53
2026-01-14 13:54:00,2.9563,2.9578,2.9503,2.9518,2.9613,2.9628,2.9553,2.9568,37
2026-01-14 13:55:00,2.9508,2.9618,2.9503,2.9568,2.9558,2.9668,2.9553,2.9618,60
2026-01-14 13:56:00,2.9558,2.9578,2.9488,2.9518,2.9608,2.9628,2.9538,2.9568,52
2026-01-14 13:57:00,2.9523,2.9563,2.9458,2.9488,2.9573,2.9613,2.9508,2.9538,55
2026-01-14 13:58:00,2.9498,2.9543,2.9468,2.9468,2.9548,2.9593,2.9518,2.9518,42
2026-01-14 13:59:00,2.9473,2.9538,2.9468,2.9503,2.9523,2.9588,2.9518,2.9553,42
2026-01-14 14:00:00,2.9513,2.9618,2.9418,2.9418,2.9563,2.9668,2.9468,2.9468,131
2026-01-14 14:01:00,2.9428,2.9453,2.9378,2.9418,2.9478,2.9503,2.9428,2.9468,65
2026-01-14 14:02:00,2.9428,2.9438,2.9268,2.9288,2.9478,2.9488,2.9318,2.9338,71
2026-01-14 14:03:00,2.9298,2.9388,2.9278,2.9378,2.9348,2.9438,2.9328,2.9428,65
2026-01-14 14:04:00,2.9383,2.9413,2.9328,2.9338,2.9433,2.9463,2.9378,2.9388,43
2026-01-14 14:05:00,2.9348,2.9368,2.9318,2.9328,2.9398,2.9418,2.9368,2.9378,33
2026-01-14 14:06:00,2.9323,2.9348,2.9218,2.9258,2.9373,2.9398,2.9268,2.9308,75
2026-01-14 14:07:00,2.9268,2.9303,2.9208,2.9298,2.9318,2.9353,2.9258,2.9348,67
2026-01-14 14:08:00,2.9288,2.9353,2.9278,2.9353,2.9338,2.9403,2.9328,2.9403,47
2026-01-14 14:09:00,2.9358,2.9458,2.9348,2.9428,2.9408,2.9508,2.9398,2.9478,69
2026-01-14 14:10:00,2.9423,2.9428,2.9388,2.9408,2.9473,2.9478,2.9438,2.9458,49
2026-01-14 14:11:00,2.9398,2.9398,2.9338,2.9368,2.9448,2.9448,2.9388,2.9418,38
2026-01-14 14:12:00,2.9378,2.9448,2.9318,2.9323,2.9428,2.9498,2.9368,2.9373,81
2026-01-14 14:13:00,2.9318,2.9318,2.9168,2.9183,2.9368,2.9368,2.9218,2.9233,151
2026-01-14 14:14:00,2.9168,2.9308,2.9168,2.9268,2.9218,2.9358,2.9218,2.9318,78
2026-01-14 14:15:00,2.9273,2.9418,2.9253,2.9368,2.9323,2.9468,2.9303,2.9418,70
2026-01-14 14:16:00,2.9363,2.9428,2.9318,2.9323,2.9413,2.9478,2.9368,2.9373,71
2026-01-14 14:17:00,2.9338,2.9438,2.9338,2.9368,2.9388,2.9488,2.9388,2.9418,47
2026-01-14 14:18:00,2.9378,2.9408,2.9373,2.9383,2.9428,2.9458,2.9423,2.9433,26
2026-01-14 14:19:00,2.9388,2.9458,2.9368,2.9428,2.9438,2.9508,2.9418,2.9478,45
2026-01-14 14:20:00,2.9423,2.9423,2.9358,2.9388,2.9473,2.9473,2.9408,2.9438,55
2026-01-14 14:21:00,2.9393,2.9438,2.9378,2.9438,2.9443,2.9488,2.9428,2.9488,37
2026-01-14 14:22:00,2.9448,2.9498,2.9398,2.9428,2.9498,2.9548,2.9448,2.9478,77
2026-01-14 14:23:00,2.9438,2.9498,2.9423,2.9498,2.9488,2.9548,2.9473,2.9548,40
2026-01-14 14:24:00,2.9503,2.9548,2.9398,2.9423,2.9553,2.9598,2.9448,2.9473,76
2026-01-14 14:25:00,2.9433,2.9513,2.9413,2.9498,2.9483,2.9563,2.9463,2.9548,53
2026-01-14 14:26:00,2.9503,2.9503,2.9358,2.9358,2.9553,2.9553,2.9408,2.9408,71
2026-01-14 14:27:00,2.9348,2.9348,2.9238,2.9338,2.9398,2.9398,2.9288,2.9388,73
2026-01-14 14:28:00,2.9343,2.9378,2.9278,2.9288,2.9393,2.9428,2.9328,2.9338,57
2026-01-14 14:29:00,2.9293,2.9338,2.9283,2.9308,2.9343,2.9388,2.9333,2.9358,35
2026-01-14 14:30:00,2.9298,2.9298,2.9218,2.9293,2.9348,2.9348,2.9268,2.9343,45
2026-01-14 14:31:00,2.9288,2.9348,2.9278,2.9293,2.9338,2.9398,2.9328,2.9343,47
2026-01-14 14:32:00,2.9308,2.9388,2.9273,2.9338,2.9358,2.9438,2.9323,2.9388,62
2026-01-14 14:33:00,2.9333,2.9338,2.9308,2.9318,2.9383,2.9388,2.9358,2.9368,39
2026-01-14 14:34:00,2.9303,2.9363,2.9298,2.9333,2.9353,2.9413,2.9348,2.9383,44
2026-01-14 14:35:00,2.9328,2.9338,2.9313,2.9313,2.9378,2.9388,2.9363,2.9363,42
2026-01-14 14:36:00,2.9298,2.9298,2.9198,2.9208,2.9348,2.9348,2.9248,2.9258,74
2026-01-14 14:37:00,2.9203,2.9238,2.9163,2.9228,2.9253,2.9288,2.9213,2.9278,70
2026-01-14 14:38:00,2.9218,2.9248,2.9068,2.9168,2.9268,2.9298,2.9118,2.9218,113
2026-01-14 14:39:00,2.9158,2.9198,2.9098,2.9158,2.9208,2.9248,2.9148,2.9208,59
2026-01-14 14:40:00,2.9153,2.9163,2.9128,2.9133,2.9203,2.9213,2.9178,2.9183,29
2026-01-14 14:41:00,2.9138,2.9178,2.9108,2.9168,2.9188,2.9228,2.9158,2.9218,48
2026-01-14 14:42:00,2.9178,2.9228,2.9173,2.9228,2.9228,2.9278,2.9223,2.9278,33
2026-01-14 14:43:00,2.9223,2.9238,2.9118,2.9133,2.9273,2.9288,2.9168,2.9183,68
2026-01-14 14:44:00,2.9138,2.9218,2.9108,2.9213,2.9188,2.9268,2.9158,2.9263,44
2026-01-14 14:45:00,2.9218,2.9248,2.9198,2.9208,2.9268,2.9298,2.9248,2.9258,34
2026-01-14 14:46:00,2.9203,2.9223,2.9128,2.9193,2.9253,2.9273,2.9178,2.9243,48
2026-01-14 14:47:00,2.9178,2.9258,2.9173,2.9228,2.9228,2.9308,2.9223,2.9278,47
2026-01-14 14:48:00,2.9233,2.9238,2.9198,2.9233,2.9283,2.9288,2.9248,2.9283,30
2026-01-14 14:49:00,2.9238,2.9268,2.9198,2.9198,2.9288,2.9318,2.9248,2.9248,48
2026-01-14 14:50:00,2.9208,2.9228,2.9148,2.9178,2.9258,2.9278,2.9198,2.9228,47
2026-01-14 14:51:00,2.9168,2.9218,2.9118,2.9208,2.9218,2.9268,2.9168,2.9258,52
2026-01-14 14:52:00,2.9218,2.9238,2.9178,2.9208,2.9268,2.9288,2.9228,2.9258,43
2026-01-14 14:53:00,2.9203,2.9228,2.9188,2.9208,2.9253,2.9278,2.9238,2.9258,50
2026-01-14 14:54:00,2.9203,2.9203,2.9098,2.9098,2.9253,2.9253,2.9148,2.9148,59
2026-01-14 14:55:00,2.9103,2.9158,2.9088,2.9123,2.9153,2.9208,2.9138,2.9173,53
2026-01-14 14:56:00,2.9118,2.9188,2.9098,2.9178,2.9168,2.9238,2.9148,2.9228,46
2026-01-14 14:57:00,2.9173,2.9178,2.9098,2.9168,2.9223,2.9228,2.9148,2.9218,71
2026-01-14 14:58:00,2.9163,2.9163,2.9028,2.9068,2.9213,2.9213,2.9078,2.9118,77
2026-01-14 14:59:00,2.9073,2.9078,2.8928,2.8953,2.9123,2.9128,2.8978,2.9003,83
2026-01-14 15:00:00,2.8948,2.8998,2.8858,2.8878,2.8998,2.9048,2.8908,2.8928,160
2026-01-14 15:01:00,2.8883,2.8978,2.8873,2.8938,2.8933,2.9028,2.8923,2.8988,93
2026-01-14 15:02:00,2.8948,2.9058,2.8928,2.8998,2.8998,2.9108,2.8978,2.9048,76
2026-01-14 15:03:00,2.8993,2.9028,2.8958,2.8988,2.9043,2.9078,2.9008,2.9038,61
2026-01-14 15:04:00,2.8993,2.9008,2.8938,2.9008,2.9043,2.9058,2.8988,2.9058,47
2026-01-14 15:05:00,2.9003,2.9048,2.9003,2.9038,2.9053,2.9098,2.9053,2.9088,31
2026-01-14 15:06:00,2.9028,2.9118,2.9028,2.9108,2.9078,2.9168,2.9078,2.9158,76
2026-01-14 15:07:00,2.9103,2.9103,2.9003,2.9018,2.9153,2.9153,2.9053,2.9068,51
2026-01-14 15:08:00,2.9013,2.9038,2.8998,2.9038,2.9063,2.9088,2.9048,2.9088,23
2026-01-14 15:09:00,2.9028,2.9038,2.8978,2.8978,2.9078,2.9088,2.9028,2.9028,36
2026-01-14 15:10:00,2.8968,2.8968,2.8918,2.8968,2.9018,2.9018,2.8968,2.9018,64
2026-01-14 15:11:00,2.8963,2.9058,2.8953,2.9018,2.9013,2.9108,2.9003,2.9068,57
2026-01-14 15:12:00,2.9028,2.9058,2.8988,2.9018,2.9078,2.9108,2.9038,2.9068,47
2026-01-14 15:13:00,2.9013,2.9058,2.8938,2.8988,2.9063,2.9108,2.8988,2.9038,52
2026-01-14 15:14:00,2.8993,2.9003,2.8948,2.8953,2.9043,2.9053,2.8998,2.9003,47
2026-01-14 15:15:00,2.8943,2.8973,2.8928,2.8953,2.8993,2.9023,2.8978,2.9003,37
2026-01-14 15:16:00,2.8958,2.8978,2.8878,2.8908,2.9008,2.9028,2.8928,2.8958,56
2026-01-14 15:17:00,2.8903,2.8908,2.8788,2.8818,2.8953,2.8958,2.8838,2.8868,64
2026-01-14 15:18:00,2.8828,2.8843,2.8778,2.8823,2.8878,2.8893,2.8828,2.8873,59
2026-01-14 15:19:00,2.8828,2.8888,2.8818,2.8848,2.8878,2.8938,2.8868,2.8898,44
2026-01-14 15:20:00,2.8838,2.8838,2.8788,2.8808,2.8888,2.8888,2.8838,2.8858,39
2026-01-14 15:21:00,2.8803,2.8833,2.8733,2.8753,2.8853,2.8883,2.8783,2.8803,57
2026-01-14 15:22:00,2.8758,2.8758,2.8628,2.8638,2.8808,2.8808,2.8678,2.8688,86
2026-01-14 15:23:00,2.8643,2.8678,2.8608,2.8638,2.8693,2.8728,2.8658,2.8688,59
2026-01-14 15:24:00,2.8633,2.8648,2.8543,2.8628,2.8683,2.8698,2.8593,2.8678,84
2026-01-14 15:25:00,2.8623,2.8638,2.8558,2.8608,2.8673,2.8688,2.8608,2.8658,53
2026-01-14 15:26:00,2.8603,2.8638,2.8578,2.8633,2.8653,2.8688,2.8628,2.8683,46
2026-01-14 15:27:00,2.8638,2.8708,2.8628,2.8648,2.8688,2.8758,2.8678,2.8698,58
2026-01-14 15:28:00,2.8638,2.8678,2.8638,2.8658,2.8688,2.8728,2.8688,2.8708,58
2026-01-14 15:29:00,2.8653,2.8653,2.8618,2.8628,2.8703,2.8703,2.8668,2.8678,41
2026-01-14 15:30:00,2.8623,2.8623,2.8518,2.8553,2.8673,2.8673,2.8568,2.8603,78
2026-01-14 15:31:00,2.8548,2.8603,2.8528,2.8563,2.8598,2.8653,2.8578,2.8613,64
2026-01-14 15:32:00,2.8568,2.8588,2.8458,2.8528,2.8618,2.8638,2.8508,2.8578,62
2026-01-14 15:33:00,2.8523,2.8598,2.8498,2.8538,2.8573,2.8648,2.8548,2.8588,79
2026-01-14 15:34:00,2.8533,2.8543,2.8448,2.8458,2.8583,2.8593,2.8498,2.8508,70
2026-01-14 15:35:00,2.8458,2.8478,2.8408,2.8428,2.8508,2.8528,2.8458,2.8478,81
2026-01-14 15:36:00,2.8418,2.8438,2.8398,2.8428,2.8468,2.8488,2.8448,2.8478,57
2026-01-14 15:37:00,2.8438,2.8518,2.8418,2.8493,2.8488,2.8568,2.8468,2.8543,58
2026-01-14 15:38:00,2.8498,2.8538,2.8488,2.8538,2.8548,2.8588,2.8538,2.8588,45
2026-01-14 15:39:00,2.8533,2.8558,2.8498,2.8498,2.8583,2.8608,2.8548,2.8548,49
2026-01-14 15:40:00,2.8493,2.8498,2.8433,2.8478,2.8543,2.8548,2.8483,2.8528,58
2026-01-14 15:41:00,2.8473,2.8498,2.8448,2.8448,2.8523,2.8548,2.8498,2.8498,57
2026-01-14 15:42:00,2.8443,2.8458,2.8388,2.8388,2.8493,2.8508,2.8438,2.8438,59
2026-01-14 15:43:00,2.8383,2.8403,2.8348,2.8378,2.8433,2.8453,2.8398,2.8428,78
2026-01-14 15:44:00,2.8373,2.8398,2.8303,2.8313,2.8423,2.8448,2.8353,2.8363,66
2026-01-14 15:45:00,2.8318,2.8358,2.8303,2.8348,2.8368,2.8408,2.8353,2.8398,38
2026-01-14 15:46:00,2.8353,2.8388,2.8333,2.8363,2.8403,2.8438,2.8383,2.8413,50
2026-01-14 15:47:00,2.8368,2.8418,2.8358,2.8413,2.8418,2.8468,2.8408,2.8463,47
2026-01-14 15:48:00,2.8408,2.8528,2.8403,2.8518,2.8458,2.8578,2.8453,2.8568,83
2026-01-14 15:49:00,2.8513,2.8578,2.8448,2.8453,2.8563,2.8628,2.8498,2.8503,94
2026-01-14 15:50:00,2.8458,2.8473,2.8433,2.8453,2.8508,2.8523,2.8483,2.8503,65
2026-01-14 15:51:00,2.8448,2.8503,2.8418,2.8428,2.8498,2.8553,2.8468,2.8478,49
2026-01-14 15:52:00,2.8433,2.8478,2.8408,2.8453,2.8483,2.8528,2.8458,2.8503,57
2026-01-14 15:53:00,2.8458,2.8483,2.8418,2.8443,2.8508,2.8533,2.8468,2.8493,64
2026-01-14 15:54:00,2.8438,2.8458,2.8428,2.8438,2.8488,2.8508,2.8478,2.8488,28
2026-01-14 15:55:00,2.8433,2.8458,2.8388,2.8458,2.8483,2.8508,2.8438,2.8508,54
2026-01-14 15:56:00,2.8463,2.8558,2.8458,2.8538,2.8513,2.8608,2.8508,2.8588,49
2026-01-14 15:57:00,2.8528,2.8588,2.8468,2.8468,2.8578,2.8638,2.8518,2.8518,52
2026-01-14 15:58:00,2.8458,2.8498,2.8438,2.8438,2.8508,2.8548,2.8488,2.8488,35
2026-01-14 15:59:00,2.8443,2.8458,2.8408,2.8453,2.8493,2.8508,2.8458,2.8503,45
2026-01-14 16:00:00,2.8448,2.8448,2.8368,2.8378,2.8498,2.8498,2.8418,2.8428,65
2026-01-14 16:01:00,2.8373,2.8378,2.8328,2.8338,2.8423,2.8428,2.8378,2.8388,58
2026-01-14 16:02:00,2.8343,2.8348,2.8298,2.8313,2.8393,2.8398,2.8348,2.8363,83
2026-01-14 16:03:00,2.8308,2.8308,2.8208,2.8238,2.8358,2.8358,2.8258,2.8288,61
2026-01-14 16:04:00,2.8243,2.8288,2.8238,2.8238,2.8293,2.8338,2.8288,2.8288,50
2026-01-14 16:05:00,2.8248,2.8248,2.8218,2.8233,2.8298,2.8298,2.8268,2.8283,27
2026-01-14 16:06:00,2.8228,2.8333,2.8223,2.8318,2.8278,2.8383,2.8273,2.8368,54
2026-01-14 16:07:00,2.8308,2.8338,2.8303,2.8308,2.8358,2.8388,2.8353,2.8358,35
2026-01-14 16:08:00,2.8313,2.8348,2.8313,2.8338,2.8363,2.8398,2.8363,2.8388,39
2026-01-14 16:09:00,2.8343,2.8418,2.8318,2.8363,2.8393,2.8468,2.8368,2.8413,54
2026-01-14 16:10:00,2.8368,2.8388,2.8353,2.8388,2.8418,2.8438,2.8403,2.8438,20
2026-01-14 16:11:00,2.8393,2.8398,2.8298,2.8298,2.8443,2.8448,2.8348,2.8348,40
2026-01-14 16:12:00,2.8308,2.8358,2.8303,2.8328,2.8358,2.8408,2.8353,2.8378,28
2026-01-14 16:13:00,2.8333,2.8448,2.8333,2.8448,2.8383,2.8498,2.8383,2.8498,59
2026-01-14 16:14:00,2.8458,2.8488,2.8398,2.8443,2.8508,2.8538,2.8448,2.8493,60
2026-01-14 16:15:00,2.8438,2.8443,2.8388,2.8398,2.8488,2.8493,2.8438,2.8448,78
2026-01-14 16:16:00,2.8393,2.8448,2.8393,2.8443,2.8443,2.8498,2.8443,2.8493,29
2026-01-14 16:17:00,2.8448,2.8518,2.8433,2.8503,2.8498,2.8568,2.8483,2.8553,57
2026-01-14 16:18:00,2.8498,2.8558,2.8488,2.8518,2.8548,2.8608,2.8538,2.8568,73
2026-01-14 16:19:00,2.8523,2.8558,2.8518,2.8523,2.8573,2.8608,2.8568,2.8573,44
2026-01-14 16:20:00,2.8508,2.8543,2.8498,2.8508,2.8558,2.8593,2.8548,2.8558,48
2026-01-14 16:21:00,2.8513,2.8538,2.8478,2.8493,2.8563,2.8588,2.8528,2.8543,43
2026-01-14 16:22:00,2.8488,2.8513,2.8463,2.8473,2.8538,2.8563,2.8513,2.8523,66
2026-01-14 16:23:00,2.8478,2.8478,2.8408,2.8438,2.8528,2.8528,2.8458,2.8488,44
2026-01-14 16:24:00,2.8433,2.8473,2.8428,2.8453,2.8483,2.8523,2.8478,2.8503,32
2026-01-14 16:25:00,2.8458,2.8488,2.8428,2.8438,2.8508,2.8538,2.8478,2.8488,21
2026-01-14 16:26:00,2.8433,2.8433,2.8363,2.8398,2.8483,2.8483,2.8413,2.8448,45
2026-01-14 16:27:00,2.8393,2.8438,2.8388,2.8438,2.8443,2.8488,2.8438,2.8488,23
2026-01-14 16:28:00,2.8448,2.8448,2.8408,2.8418,2.8498,2.8498,2.8458,2.8468,21
2026-01-14 16:29:00,2.8423,2.8423,2.8408,2.8413,2.8473,2.8473,2.8458,2.8463,5
2026-01-14 16:30:00,2.8418,2.8418,2.8288,2.8298,2.8468,2.8468,2.8338,2.8348,58
2026-01-14 16:31:00,2.8293,2.8323,2.8278,2.8283,2.8343,2.8373,2.8328,2.8333,49
2026-01-14 16:32:00,2.8288,2.8308,2.8278,2.8288,2.8338,2.8358,2.8328,2.8338,39
2026-01-14 16:33:00,2.8283,2.8318,2.8283,2.8308,2.8333,2.8368,2.8333,2.8358,17
2026-01-14 16:34:00,2.8323,2.8358,2.8323,2.8328,2.8373,2.8408,2.8373,2.8378,16
2026-01-14 16:35:00,2.8323,2.8408,2.8308,2.8393,2.8373,2.8458,2.8358,2.8443,31
2026-01-14 16:36:00,2.8383,2.8393,2.8348,2.8393,2.8433,2.8443,2.8398,2.8443,25
2026-01-14 16:37:00,2.8408,2.8418,2.8348,2.8388,2.8458,2.8468,2.8398,2.8438,36
2026-01-14 16:38:00,2.8393,2.8408,2.8358,2.8368,2.8443,2.8458,2.8408,2.8418,29
2026-01-14 16:39:00,2.8373,2.8408,2.8318,2.8378,2.8423,2.8458,2.8368,2.8428,42
2026-01-14 16:40:00,2.8373,2.8388,2.8353,2.8378,2.8423,2.8438,2.8403,2.8428,24
2026-01-14 16:41:00,2.8373,2.8373,2.8308,2.8333,2.8423,2.8423,2.8358,2.8383,36
2026-01-14 16:42:00,2.8338,2.8338,2.8178,2.8253,2.8388,2.8388,2.8228,2.8303,140
2026-01-14 16:43:00,2.8258,2.8273,2.8203,2.8218,2.8308,2.8323,2.8253,2.8268,53
2026-01-14 16:44:00,2.8223,2.8313,2.8223,2.8298,2.8273,2.8363,2.8273,2.8348,79
2026-01-14 16:45:00,2.8293,2.8328,2.8278,2.8318,2.8343,2.8378,2.8328,2.8368,44
2026-01-14 16:46:00,2.8308,2.8363,2.8278,2.8358,2.8358,2.8413,2.8328,2.8408,35
2026-01-14 16:47:00,2.8363,2.8368,2.8333,2.8348,2.8413,2.8418,2.8383,2.8398,29
2026-01-14 16:48:00,2.8353,2.8388,2.8328,2.8358,2.8403,2.8438,2.8378,2.8408,46
2026-01-14 16:49:00,2.8368,2.8418,2.8348,2.8403,2.8418,2.8468,2.8398,2.8453,21
2026-01-14 16:50:00,2.8408,2.8408,2.8318,2.8328,2.8458,2.8458,2.8368,2.8378,40
2026-01-14 16:51:00,2.8323,2.8358,2.8313,2.8348,2.8373,2.8408,2.8363,2.8398,38
2026-01-14 16:52:00,2.8358,2.8398,2.8348,2.8378,2.8408,2.8448,2.8398,2.8428,23
2026-01-14 16:53:00,2.8373,2.8388,2.8318,2.8368,2.8423,2.8438,2.8368,2.8418,35
2026-01-14 16:54:00,2.8358,2.8383,2.8328,2.8338,2.8408,2.8433,2.8378,2.8388,35
2026-01-14 16:55:00,2.8328,2.8348,2.8188,2.8198,2.8378,2.8398,2.8238,2.8248,72
2026-01-14 16:56:00,2.8208,2.8208,2.8178,2.8208,2.8258,2.8258,2.8228,2.8258,41
2026-01-14 16:57:00,2.8213,2.8218,2.8158,2.8198,2.8263,2.8268,2.8208,2.8248,48
2026-01-14 16:58:00,2.8188,2.8203,2.8173,2.8178,2.8238,2.8253,2.8223,2.8228,29
2026-01-14 16:59:00,2.8183,2.8218,2.8158,2.8218,2.8233,2.8268,2.8208,2.8268,45
2026-01-14 17:00:00,2.8208,2.8218,2.8193,2.8218,2.8258,2.8268,2.8243,2.8268,24
2026-01-14 17:01:00,2.8213,2.8218,2.8118,2.8118,2.8263,2.8268,2.8168,2.8168,44
2026-01-14 17:02:00,2.8123,2.8198,2.8093,2.8173,2.8173,2.8248,2.8143,2.8223,71
2026-01-14 17:03:00,2.8178,2.8218,2.8178,2.8218,2.8228,2.8268,2.8228,2.8268,19
2026-01-14 17:04:00,2.8208,2.8218,2.8168,2.8208,2.8258,2.8268,2.8218,2.8258,33
2026-01-14 17:05:00,2.8218,2.8218,2.8148,2.8158,2.8268,2.8268,2.8198,2.8208,41
2026-01-14 17:06:00,2.8163,2.8178,2.8123,2.8123,2.8213,2.8228,2.8173,2.8173,46
2026-01-14 17:07:00,2.8128,2.8158,2.8108,2.8128,2.8178,2.8208,2.8158,2.8178,57
2026-01-14 17:08:00,2.8123,2.8158,2.8113,2.8158,2.8173,2.8208,2.8163,2.8208,34
2026-01-14 17:09:00,2.8153,2.8153,2.7998,2.8048,2.8203,2.8203,2.8048,2.8098,89
2026-01-14 17:10:00,2.8058,2.8088,2.8033,2.8068,2.8108,2.8138,2.8083,2.8118,50
2026-01-14 17:11:00,2.8073,2.8208,2.8028,2.8208,2.8123,2.8258,2.8078,2.8258,94
2026-01-14 17:12:00,2.8203,2.8238,2.8168,2.8168,2.8253,2.8288,2.8218,2.8218,69
2026-01-14 17:13:00,2.8173,2.8238,2.8158,2.8228,2.8223,2.8288,2.8208,2.8278,61
2026-01-14 17:14:00,2.8248,2.8298,2.8243,2.8293,2.8298,2.8348,2.8293,2.8343,54
2026-01-14 17:15:00,2.8288,2.8328,2.8228,2.8228,2.8338,2.8378,2.8278,2.8278,62
2026-01-14 17:16:00,2.8223,2.8248,2.8193,2.8243,2.8273,2.8298,2.8243,2.8293,31
2026-01-14 17:17:00,2.8248,2.8258,2.8218,2.8233,2.8298,2.8308,2.8268,2.8283,26
2026-01-14 17:18:00,2.8238,2.8278,2.8178,2.8258,2.8288,2.8328,2.8228,2.8308,53
2026-01-14 17:19:00,2.8263,2.8308,2.8238,2.8243,2.8313,2.8358,2.8288,2.8293,42
2026-01-14 17:20:00,2.8238,2.8238,2.8128,2.8128,2.8288,2.8288,2.8178,2.8178,57
2026-01-14 17:21:00,2.8133,2.8138,2.8038,2.8063,2.8183,2.8188,2.8088,2.8113,65
2026-01-14 17:22:00,2.8073,2.8088,2.8008,2.8018,2.8123,2.8138,2.8058,2.8068,71
2026-01-14 17:23:00,2.8023,2.8023,2.7918,2.7918,2.8073,2.8073,2.7968,2.7968,82
2026-01-14 17:24:00,2.7928,2.7938,2.7858,2.7868,2.7978,2.7988,2.7908,2.7918,103
2026-01-14 17:25:00,2.7873,2.7898,2.7838,2.7878,2.7923,2.7948,2.7888,2.7928,90
2026-01-14 17:26:00,2.7873,2.7903,2.7843,2.7868,2.7923,2.7953,2.7893,2.7918,67
2026-01-14 17:27:00,2.7858,2.7863,2.7808,2.7823,2.7908,2.7913,2.7858,2.7873,51
2026-01-14 17:28:00,2.7828,2.7838,2.7768,2.7838,2.7878,2.7888,2.7818,2.7888,65
2026-01-14 17:29:00,2.7828,2.7848,2.7788,2.7808,2.7878,2.7898,2.7838,2.7858,58
2026-01-14 17:30:00,2.7803,2.7898,2.7803,2.7868,2.7853,2.7948,2.7853,2.7918,65
2026-01-14 17:31:00,2.7878,2.7898,2.7818,2.7858,2.7928,2.7948,2.7868,2.7908,53
2026-01-14 17:32:00,2.7853,2.7883,2.7818,2.7848,2.7903,2.7933,2.7868,2.7898,54
2026-01-14 17:33:00,2.7858,2.7908,2.7848,2.7888,2.7908,2.7958,2.7898,2.7938,51
2026-01-14 17:34:00,2.7893,2.7898,2.7798,2.7858,2.7943,2.7948,2.7848,2.7908,68
2026-01-14 17:35:00,2.7863,2.7878,2.7818,2.7828,2.7913,2.7928,2.7868,2.7878,54
2026-01-14 17:36:00,2.7833,2.7863,2.7788,2.7798,2.7883,2.7913,2.7838,2.7848,58
2026-01-14 17:37:00,2.7803,2.7803,2.7673,2.7743,2.7853,2.7853,2.7723,2.7793,92
2026-01-14 17:38:00,2.7748,2.7778,2.7708,2.7723,2.7798,2.7828,2.7758,2.7773,59
2026-01-14 17:39:00,2.7728,2.7898,2.7713,2.7858,2.7778,2.7948,2.7763,2.7908,114
2026-01-14 17:40:00,2.7853,2.7888,2.7838,2.7853,2.7903,2.7938,2.7888,2.7903,78
2026-01-14 17:41:00,2.7863,2.7878,2.7818,2.7848,2.7913,2.7928,2.7868,2.7898,56
2026-01-14 17:42:00,2.7843,2.7858,2.7593,2.7613,2.7893,2.7908,2.7643,2.7663,90
2026-01-14 17:43:00,2.7618,2.7618,2.7563,2.7613,2.7668,2.7668,2.7613,2.7663,98
2026-01-14 17:44:00,2.7603,2.7638,2.7598,2.7618,2.7653,2.7688,2.7648,2.7668,55
2026-01-14 17:45:00,2.7608,2.7673,2.7608,2.7663,2.7658,2.7723,2.7658,2.7713,57
2026-01-14 17:46:00,2.7653,2.7658,2.7608,2.7618,2.7703,2.7708,2.7658,2.7668,44
2026-01-14 17:47:00,2.7603,2.7648,2.7578,2.7643,2.7653,2.7698,2.7628,2.7693,48
2026-01-14 17:48:00,2.7638,2.7638,2.7558,2.7588,2.7688,2.7688,2.7608,2.7638,81
2026-01-14 17:49:00,2.7593,2.7628,2.7528,2.7598,2.7643,2.7678,2.7578,2.7648,96
2026-01-14 17:50:00,2.7593,2.7598,2.7518,2.7598,2.7643,2.7648,2.7568,2.7648,60
2026-01-14 17:51:00,2.7608,2.7648,2.7598,2.7613,2.7658,2.7698,2.7648,2.7663,62
2026-01-14 17:52:00,2.7618,2.7688,2.7588,2.7688,2.7668,2.7738,2.7638,2.7738,56
2026-01-14 17:53:00,2.7678,2.7733,2.7678,2.7688,2.7728,2.7783,2.7728,2.7738,83
2026-01-14 17:54:00,2.7698,2.7728,2.7678,2.7708,2.7748,2.7778,2.7728,2.7758,40
2026-01-14 17:55:00,2.7713,2.7728,2.7708,2.7718,2.7763,2.7778,2.7758,2.7768,15
2026-01-14 17:56:00,2.7723,2.7748,2.7698,2.7728,2.7773,2.7798,2.7748,2.7778,42
2026-01-14 17:57:00,2.7738,2.7738,2.7698,2.7703,2.7788,2.7788,2.7748,2.7753,33
2026-01-14 17:58:00,2.7708,2.7728,2.7688,2.7688,2.7758,2.7778,2.7738,2.7738,33
2026-01-14 17:59:00,2.7693,2.7698,2.7663,2.7698,2.7743,2.7748,2.7713,2.7748,29
2026-01-14 18:00:00,2.7703,2.7728,2.7668,2.7698,2.7753,2.7778,2.7718,2.7748,49
2026-01-14 18:01:00,2.7708,2.7738,2.7698,2.7708,2.7758,2.7788,2.7748,2.7758,33
2026-01-14 18:02:00,2.7713,2.7718,2.7668,2.7688,2.7763,2.7768,2.7718,2.7738,32
2026-01-14 18:03:00,2.7678,2.7718,2.7648,2.7663,2.7728,2.7768,2.7698,2.7713,40
2026-01-14 18:04:00,2.7658,2.7678,2.7608,2.7618,2.7708,2.7728,2.7658,2.7668,58
2026-01-14 18:05:00,2.7628,2.7688,2.7628,2.7673,2.7678,2.7738,2.7678,2.7723,29
2026-01-14 18:06:00,2.7668,2.7748,2.7668,2.7688,2.7718,2.7798,2.7718,2.7738,46
2026-01-14 18:07:00,2.7683,2.7748,2.7683,2.7728,2.7733,2.7798,2.7733,2.7778,50
2026-01-14 18:08:00,2.7738,2.7783,2.7718,2.7768,2.7788,2.7833,2.7768,2.7818,60
2026-01-14 18:09:00,2.7758,2.7768,2.7733,2.7768,2.7808,2.7818,2.7783,2.7818,33
2026-01-14 18:10:00,2.7763,2.7848,2.7758,2.7838,2.7813,2.7898,2.7808,2.7888,63
2026-01-14 18:11:00,2.7833,2.7948,2.7828,2.7853,2.7883,2.7998,2.7878,2.7903,83
2026-01-14 18:12:00,2.7868,2.7878,2.7808,2.7848,2.7918,2.7928,2.7858,2.7898,29
2026-01-14 18:13:00,2.7843,2.7848,2.7808,2.7813,2.7893,2.7898,2.7858,2.7863,15
2026-01-14 18:14:00,2.7808,2.7828,2.7788,2.7808,2.7858,2.7878,2.7838,2.7858,17
2026-01-14 18:15:00,2.7818,2.7858,2.7818,2.7833,2.7868,2.7908,2.7868,2.7883,23
2026-01-14 18:16:00,2.7823,2.7868,2.7803,2.7868,2.7873,2.7918,2.7853,2.7918,23
2026-01-14 18:17:00,2.7863,2.7903,2.7858,2.7878,2.7913,2.7953,2.7908,2.7928,21
2026-01-14 18:18:00,2.7873,2.7888,2.7838,2.7838,2.7923,2.7938,2.7888,2.7888,25
2026-01-14 18:19:00,2.7843,2.7888,2.7843,2.7873,2.7893,2.7938,2.7893,2.7923,29
2026-01-14 18:20:00,2.7868,2.7938,2.7868,2.7918,2.7918,2.7988,2.7918,2.7968,37
2026-01-14 18:21:00,2.7913,2.7948,2.7903,2.7928,2.7963,2.7998,2.7953,2.7978,48
2026-01-14 18:22:00,2.7923,2.7923,2.7858,2.7868,2.7973,2.7973,2.7908,2.7918,43
2026-01-14 18:23:00,2.7863,2.7888,2.7808,2.7838,2.7913,2.7938,2.7858,2.7888,40
2026-01-14 18:24:00,2.7843,2.7858,2.7758,2.7768,2.7893,2.7908,2.7808,2.7818,43
2026-01-14 18:25:00,2.7773,2.7838,2.7773,2.7828,2.7823,2.7888,2.7823,2.7878,43
2026-01-14 18:26:00,2.7823,2.7868,2.7818,2.7863,2.7873,2.7918,2.7868,2.7913,26
2026-01-14 18:27:00,2.7878,2.7943,2.7868,2.7908,2.7928,2.7993,2.7918,2.7958,33
2026-01-14 18:28:00,2.7913,2.7918,2.7893,2.7908,2.7963,2.7968,2.7943,2.7958,20
2026-01-14 18:29:00,2.7913,2.7968,2.7908,2.7948,2.7963,2.8018,2.7958,2.7998,29
2026-01-14 18:30:00,2.7943,2.7943,2.7898,2.7918,2.7993,2.7993,2.7948,2.7968,43
2026-01-14 18:31:00,2.7923,2.7938,2.7898,2.7908,2.7973,2.7988,2.7948,2.7958,25
2026-01-14 18:32:00,2.7898,2.7943,2.7898,2.7928,2.7948,2.7993,2.7948,2.7978,62
2026-01-14 18:33:00,2.7923,2.7933,2.7908,2.7918,2.7973,2.7983,2.7958,2.7968,14
2026-01-14 18:34:00,2.7923,2.7928,2.7913,2.7928,2.7973,2.7978,2.7963,2.7978,14
2026-01-14 18:35:00,2.7923,2.7933,2.7843,2.7843,2.7973,2.7983,2.7893,2.7893,27
2026-01-14 18:36:00,2.7838,2.7838,2.7758,2.7768,2.7888,2.7888,2.7808,2.7818,67
2026-01-14 18:37:00,2.7778,2.7778,2.7698,2.7703,2.7828,2.7828,2.7748,2.7753,50
2026-01-14 18:38:00,2.7698,2.7708,2.7658,2.7673,2.7748,2.7758,2.7708,2.7723,43
2026-01-14 18:39:00,2.7678,2.7693,2.7618,2.7628,2.7728,2.7743,2.7668,2.7678,70
2026-01-14 18:40:00,2.7638,2.7638,2.7533,2.7538,2.7688,2.7688,2.7583,2.7588,58
2026-01-14 18:41:00,2.7543,2.7563,2.7478,2.7483,2.7593,2.7613,2.7528,2.7533,84
2026-01-14 18:42:00,2.7488,2.7488,2.7448,2.7448,2.7538,2.7538,2.7498,2.7498,42
2026-01-14 18:43:00,2.7458,2.7513,2.7448,2.7513,2.7508,2.7563,2.7498,2.7563,66
2026-01-14 18:44:00,2.7503,2.7538,2.7458,2.7518,2.7553,2.7588,2.7508,2.7568,53
2026-01-14 18:45:00,2.7523,2.7598,2.7478,2.7588,2.7573,2.7648,2.7528,2.7638,72
2026-01-14 18:46:00,2.7598,2.7658,2.7598,2.7618,2.7648,2.7708,2.7648,2.7668,73
2026-01-14 18:47:00,2.7613,2.7613,2.7518,2.7548,2.7663,2.7663,2.7568,2.7598,80
2026-01-14 18:48:00,2.7558,2.7628,2.7528,2.7623,2.7608,2.7678,2.7578,2.7673,38
2026-01-14 18:49:00,2.7618,2.7698,2.7608,2.7688,2.7668,2.7748,2.7658,2.7738,66
2026-01-14 18:50:00,2.7683,2.7758,2.7678,2.7693,2.7733,2.7808,2.7728,2.7743,64
2026-01-14 18:51:00,2.7683,2.7693,2.7618,2.7658,2.7733,2.7743,2.7668,2.7708,51
2026-01-14 18:52:00,2.7663,2.7798,2.7648,2.7783,2.7713,2.7848,2.7698,2.7833,63
2026-01-14 18:53:00,2.7788,2.7813,2.7758,2.7768,2.7838,2.7863,2.7808,2.7818,60
2026-01-14 18:54:00,2.7758,2.7808,2.7738,2.7768,2.7808,2.7858,2.7788,2.7818,48
2026-01-14 18:55:00,2.7763,2.7798,2.7748,2.7793,2.7813,2.7848,2.7798,2.7843,28
2026-01-14 18:56:00,2.7788,2.7788,2.7688,2.7708,2.7838,2.7838,2.7738,2.7758,52
2026-01-14 18:57:00,2.7713,2.7738,2.7693,2.7728,2.7763,2.7788,2.7743,2.7778,28
2026-01-14 18:58:00,2.7733,2.7738,2.7668,2.7713,2.7783,2.7788,2.7718,2.7763,36
2026-01-14 18:59:00,2.7708,2.7803,2.7688,2.7753,2.7758,2.7853,2.7738,2.7803,60
2026-01-14 19:00:00,2.7758,2.7888,2.7743,2.7878,2.7808,2.7938,2.7793,2.7928,58
2026-01-14 19:01:00,2.7873,2.7938,2.7858,2.7868,2.7923,2.7988,2.7908,2.7918,70
2026-01-14 19:02:00,2.7863,2.7913,2.7848,2.7858,2.7913,2.7963,2.7898,2.7908,44
2026-01-14 19:03:00,2.7853,2.7878,2.7838,2.7853,2.7903,2.7928,2.7888,2.7903,24
2026-01-14 19:04:00,2.7848,2.7863,2.7803,2.7853,2.7898,2.7913,2.7853,2.7903,41
2026-01-14 19:05:00,2.7848,2.7958,2.7838,2.7878,2.7898,2.8008,2.7888,2.7928,49
2026-01-14 19:06:00,2.7873,2.7948,2.7873,2.7878,2.7923,2.7998,2.7923,2.7928,32
2026-01-14 19:07:00,2.7883,2.7898,2.7648,2.7673,2.7933,2.7948,2.7698,2.7723,102
2026-01-14 19:08:00,2.7683,2.7698,2.7628,2.7668,2.7733,2.7748,2.7678,2.7718,57
2026-01-14 19:09:00,2.7663,2.7688,2.7533,2.7563,2.7713,2.7738,2.7583,2.7613,78
2026-01-14 19:10:00,2.7568,2.7713,2.7538,2.7693,2.7618,2.7763,2.7588,2.7743,77
2026-01-14 19:11:00,2.7703,2.7728,2.7678,2.7693,2.7753,2.7778,2.7728,2.7743,37
2026-01-14 19:12:00,2.7688,2.7783,2.7688,2.7753,2.7738,2.7833,2.7738,2.7803,76
2026-01-14 19:13:00,2.7758,2.7878,2.7753,2.7818,2.7808,2.7928,2.7803,2.7868,52
2026-01-14 19:14:00,2.7813,2.7838,2.7748,2.7823,2.7863,2.7888,2.7798,2.7873,49
2026-01-14 19:15:00,2.7833,2.7908,2.7693,2.7723,2.7883,2.7958,2.7743,2.7773,105
2026-01-14 19:16:00,2.7728,2.7748,2.7658,2.7678,2.7778,2.7798,2.7708,2.7728,64
2026-01-14 19:17:00,2.7683,2.7698,2.7628,2.7693,2.7733,2.7748,2.7678,2.7743,40
2026-01-14 19:18:00,2.7688,2.7708,2.7638,2.7658,2.7738,2.7758,2.7688,2.7708,51
2026-01-14 19:19:00,2.7653,2.7728,2.7653,2.7708,2.7703,2.7778,2.7703,2.7758,60
2026-01-14 19:20:00,2.7713,2.7758,2.7688,2.7748,2.7763,2.7808,2.7738,2.7798,30
2026-01-14 19:21:00,2.7758,2.7778,2.7683,2.7688,2.7808,2.7828,2.7733,2.7738,58
2026-01-14 19:22:00,2.7693,2.7748,2.7688,2.7748,2.7743,2.7798,2.7738,2.7798,46
2026-01-14 19:23:00,2.7753,2.7758,2.7688,2.7718,2.7803,2.7808,2.7738,2.7768,34
2026-01-14 19:24:00,2.7723,2.7753,2.7698,2.7753,2.7773,2.7803,2.7748,2.7803,50
2026-01-14 19:25:00,2.7758,2.7773,2.7718,2.7728,2.7808,2.7823,2.7768,2.7778,42
2026-01-14 19:26:00,2.7733,2.7758,2.7658,2.7718,2.7783,2.7808,2.7708,2.7768,56
2026-01-14 19:27:00,2.7728,2.7848,2.7728,2.7838,2.7778,2.7898,2.7778,2.7888,38
2026-01-14 19:28:00,2.7833,2.7853,2.7808,2.7828,2.7883,2.7903,2.7858,2.7878,33
2026-01-14 19:29:00,2.7838,2.7888,2.7833,2.7833,2.7888,2.7938,2.7883,2.7883,42
2026-01-14 19:30:00,2.7838,2.7863,2.7828,2.7848,2.7888,2.7913,2.7878,2.7898,41
2026-01-14 19:31:00,2.7858,2.7908,2.7838,2.7883,2.7908,2.7958,2.7888,2.7933,35
2026-01-14 19:32:00,2.7873,2.7873,2.7798,2.7803,2.7923,2.7923,2.7848,2.7853,29
2026-01-14 19:33:00,2.7808,2.7838,2.7688,2.7698,2.7858,2.7888,2.7738,2.7748,58
2026-01-14 19:34:00,2.7703,2.7748,2.7638,2.7678,2.7753,2.7798,2.7688,2.7728,50
2026-01-14 19:35:00,2.7688,2.7758,2.7678,2.7748,2.7738,2.7808,2.7728,2.7798,28
2026-01-14 19:36:00,2.7758,2.7803,2.7688,2.7698,2.7808,2.7853,2.7738,2.7748,48
2026-01-14 19:37:00,2.7708,2.7788,2.7708,2.7753,2.7758,2.7838,2.7758,2.7803,44
2026-01-14 19:38:00,2.7768,2.7773,2.7723,2.7743,2.7818,2.7823,2.7773,2.7793,34
2026-01-14 19:39:00,2.7738,2.7753,2.7738,2.7738,2.7788,2.7803,2.7788,2.7788,15
2026-01-14 19:40:00,2.7733,2.7748,2.7708,2.7708,2.7783,2.7798,2.7758,2.7758,20
2026-01-14 19:41:00,2.7698,2.7718,2.7678,2.7708,2.7748,2.7768,2.7728,2.7758,34
2026-01-14 19:42:00,2.7713,2.7738,2.7683,2.7713,2.7763,2.7788,2.7733,2.7763,30
2026-01-14 19:43:00,2.7708,2.7728,2.7678,2.7718,2.7758,2.7778,2.7728,2.7768,30
2026-01-14 19:44:00,2.7708,2.7718,2.7633,2.7658,2.7758,2.7768,2.7683,2.7708,52
2026-01-14 19:45:00,2.7668,2.7768,2.7668,2.7728,2.7718,2.7818,2.7718,2.7778,65
2026-01-14 19:46:00,2.7723,2.7748,2.7678,2.7693,2.7773,2.7798,2.7728,2.7743,47
2026-01-14 19:47:00,2.7688,2.7728,2.7678,2.7693,2.7738,2.7778,2.7728,2.7743,28
2026-01-14 19:48:00,2.7678,2.7688,2.7573,2.7588,2.7728,2.7738,2.7623,2.7638,56
2026-01-14 19:49:00,2.7593,2.7608,2.7568,2.7578,2.7643,2.7658,2.7618,2.7628,35
2026-01-14 19:50:00,2.7583,2.7598,2.7558,2.7573,2.7633,2.7648,2.7608,2.7623,28
2026-01-14 19:51:00,2.7578,2.7608,2.7518,2.7518,2.7628,2.7658,2.7568,2.7568,100
2026-01-14 19:52:00,2.7528,2.7538,2.7478,2.7483,2.7578,2.7588,2.7528,2.7533,57
2026-01-14 19:53:00,2.7488,2.7498,2.7458,2.7468,2.7538,2.7548,2.7508,2.7518,53
2026-01-14 19:54:00,2.7463,2.7498,2.7443,2.7488,2.7513,2.7548,2.7493,2.7538,51
2026-01-14 19:55:00,2.7498,2.7593,2.7478,2.7588,2.7548,2.7643,2.7528,2.7638,77
2026-01-14 19:56:00,2.7583,2.7618,2.7568,2.7598,2.7633,2.7668,2.7618,2.7648,54
2026-01-14 19:57:00,2.7588,2.7688,2.7588,2.7678,2.7638,2.7738,2.7638,2.7728,55
2026-01-14 19:58:00,2.7673,2.7723,2.7658,2.7708,2.7723,2.7773,2.7708,2.7758,42
2026-01-14 19:59:00,2.7703,2.7758,2.7698,2.7748,2.7753,2.7808,2.7748,2.7798,47
2026-01-14 20:00:00,2.7753,2.7798,2.7718,2.7778,2.7803,2.7848,2.7768,2.7828,108
2026-01-14 20:01:00,2.7788,2.7808,2.7748,2.7788,2.7838,2.7858,2.7798,2.7838,63
2026-01-14 20:02:00,2.7793,2.7808,2.7678,2.7778,2.7843,2.7858,2.7728,2.7828,126
2026-01-14 20:03:00,2.7788,2.7878,2.7788,2.7808,2.7838,2.7928,2.7838,2.7858,79
2026-01-14 20:04:00,2.7798,2.7898,2.7788,2.7858,2.7848,2.7948,2.7838,2.7908,71
2026-01-14 20:05:00,2.7853,2.7868,2.7783,2.7798,2.7903,2.7918,2.7833,2.7848,65
2026-01-14 20:06:00,2.7788,2.7868,2.7758,2.7848,2.7838,2.7918,2.7808,2.7898,92
2026-01-14 20:07:00,2.7838,2.7883,2.7788,2.7803,2.7888,2.7933,2.7838,2.7853,81
2026-01-14 20:08:00,2.7778,2.7883,2.7728,2.7883,2.7828,2.7933,2.7778,2.7933,94
2026-01-14 20:09:00,2.7878,2.7888,2.7833,2.7833,2.7928,2.7938,2.7883,2.7883,56
2026-01-14 20:10:00,2.7823,2.7898,2.7823,2.7883,2.7873,2.7948,2.7873,2.7933,44
2026-01-14 20:11:00,2.7873,2.7888,2.7808,2.7808,2.7923,2.7938,2.7858,2.7858,43
2026-01-14 20:12:00,2.7798,2.7868,2.7798,2.7828,2.7848,2.7918,2.7848,2.7878,34
2026-01-14 20:13:00,2.7833,2.7838,2.7728,2.7818,2.7883,2.7888,2.7778,2.7868,77
2026-01-14 20:14:00,2.7813,2.7888,2.7798,2.7873,2.7863,2.7938,2.7848,2.7923,85
2026-01-14 20:15:00,2.7878,2.7883,2.7828,2.7853,2.7928,2.7933,2.7878,2.7903,59
2026-01-14 20:16:00,2.7858,2.7873,2.7798,2.7843,2.7908,2.7923,2.7848,2.7893,70
2026-01-14 20:17:00,2.7838,2.7868,2.7773,2.7868,2.7888,2.7918,2.7823,2.7918,56
2026-01-14 20:18:00,2.7873,2.7873,2.7818,2.7848,2.7923,2.7923,2.7868,2.7898,68
2026-01-14 20:19:00,2.7843,2.7928,2.7838,2.7878,2.7893,2.7978,2.7888,2.7928,77
2026-01-14 20:20:00,2.7888,2.7938,2.7878,2.7888,2.7938,2.7988,2.7928,2.7938,49
2026-01-14 20:21:00,2.7878,2.7898,2.7798,2.7898,2.7928,2.7948,2.7848,2.7948,73
2026-01-14 20:22:00,2.7893,2.7908,2.7853,2.7863,2.7943,2.7958,2.7903,2.7913,69
2026-01-14 20:23:00,2.7868,2.7918,2.7858,2.7908,2.7918,2.7968,2.7908,2.7958,72
2026-01-14 20:24:00,2.7913,2.7938,2.7878,2.7908,2.7963,2.7988,2.7928,2.7958,43
2026-01-14 20:25:00,2.7928,2.7978,2.7888,2.7888,2.7978,2.8028,2.7938,2.7938,90
2026-01-14 20:26:00,2.7893,2.7968,2.7878,2.7913,2.7943,2.8018,2.7928,2.7963,79
2026-01-14 20:27:00,2.7923,2.7978,2.7918,2.7948,2.7973,2.8028,2.7968,2.7998,84
2026-01-14 20:28:00,2.7953,2.7998,2.7903,2.7988,2.8003,2.8048,2.7953,2.8038,279
2026-01-14 20:29:00,2.7978,2.8008,2.7838,2.7863,2.8028,2.8058,2.7888,2.7913,175
2026-01-14 20:30:00,2.7868,2.7878,2.7798,2.7808,2.7918,2.7928,2.7848,2.7858,124
2026-01-14 20:31:00,2.7818,2.7868,2.7808,2.7848,2.7868,2.7918,2.7858,2.7898,53
2026-01-14 20:32:00,2.7838,2.7848,2.7778,2.7788,2.7888,2.7898,2.7828,2.7838,31
2026-01-14 20:33:00,2.7778,2.7778,2.7708,2.7718,2.7828,2.7828,2.7758,2.7768,35
2026-01-14 20:34:00,2.7708,2.7718,2.7628,2.7628,2.7758,2.7768,2.7678,2.7678,53
2026-01-14 20:35:00,2.7633,2.7648,2.7558,2.7563,2.7683,2.7698,2.7608,2.7613,48
2026-01-14 20:36:00,2.7558,2.7618,2.7558,2.7588,2.7608,2.7668,2.7608,2.7638,36
2026-01-14 20:37:00,2.7583,2.7583,2.7538,2.7578,2.7633,2.7633,2.7588,2.7628,42
2026-01-14 20:38:00,2.7573,2.7573,2.7508,2.7523,2.7623,2.7623,2.7558,2.7573,38
2026-01-14 20:39:00,2.7518,2.7563,2.7498,2.7513,2.7568,2.7613,2.7548,2.7563,30
2026-01-14 20:40:00,2.7508,2.7543,2.7498,2.7528,2.7558,2.7593,2.7548,2.7578,35
2026-01-14 20:41:00,2.7538,2.7548,2.7468,2.7478,2.7588,2.7598,2.7518,2.7528,49
2026-01-14 20:42:00,2.7488,2.7508,2.7468,2.7488,2.7538,2.7558,2.7518,2.7538,43
2026-01-14 20:43:00,2.7483,2.7508,2.7478,2.7478,2.7533,2.7558,2.7528,2.7528,23
2026-01-14 20:44:00,2.7468,2.7508,2.7468,2.7503,2.7518,2.7558,2.7518,2.7553,15
2026-01-14 20:45:00,2.7508,2.7558,2.7508,2.7558,2.7558,2.7608,2.7558,2.7608,29
2026-01-14 20:46:00,2.7548,2.7623,2.7548,2.7603,2.7598,2.7673,2.7598,2.7653,39
2026-01-14 20:47:00,2.7608,2.7613,2.7578,2.7588,2.7658,2.7663,2.7628,2.7638,23
2026-01-14 20:48:00,2.7578,2.7598,2.7578,2.7593,2.7628,2.7648,2.7628,2.7643,15
2026-01-14 20:49:00,2.7588,2.7628,2.7568,2.7598,2.7638,2.7678,2.7618,2.7648,19
2026-01-14 20:50:00,2.7593,2.7678,2.7583,2.7673,2.7643,2.7728,2.7633,2.7723,34
2026-01-14 20:51:00,2.7683,2.7713,2.7663,2.7708,2.7733,2.7763,2.7713,2.7758,23
2026-01-14 20:52:00,2.7713,2.7718,2.7698,2.7698,2.7763,2.7768,2.7748,2.7748,14
2026-01-14 20:53:00,2.7693,2.7693,2.7648,2.7648,2.7743,2.7743,2.7698,2.7698,24
2026-01-14 20:54:00,2.7653,2.7658,2.7623,2.7628,2.7703,2.7708,2.7673,2.7678,41
2026-01-14 20:55:00,2.7633,2.7633,2.7593,2.7603,2.7683,2.7683,2.7643,2.7653,17
2026-01-14 20:56:00,2.7608,2.7648,2.7608,2.7628,2.7658,2.7698,2.7658,2.7678,13
2026-01-14 20:57:00,2.7623,2.7658,2.7618,2.7638,2.7673,2.7708,2.7668,2.7688,25
2026-01-14 20:58:00,2.7643,2.7648,2.7638,2.7643,2.7693,2.7698,2.7688,2.7693,10
2026-01-14 20:59:00,2.7638,2.7648,2.7623,2.7648,2.7688,2.7698,2.7673,2.7698,36
2026-01-14 21:00:00,2.7643,2.7643,2.7608,2.7633,2.7693,2.7693,2.7658,2.7683,50
2026-01-14 21:01:00,2.7638,2.7638,2.7578,2.7588,2.7688,2.7688,2.7628,2.7638,34
2026-01-14 21:02:00,2.7583,2.7588,2.7503,2.7518,2.7633,2.7638,2.7553,2.7568,44
2026-01-14 21:03:00,2.7513,2.7548,2.7498,2.7533,2.7563,2.7598,2.7548,2.7583,30
2026-01-14 21:04:00,2.7538,2.7553,2.7528,2.7533,2.7588,2.7603,2.7578,2.7583,20
2026-01-14 21:05:00,2.7538,2.7548,2.7478,2.7488,2.7588,2.7598,2.7528,2.7538,17
2026-01-14 21:06:00,2.7478,2.7488,2.7458,2.7473,2.7528,2.7538,2.7508,2.7523,13
2026-01-14 21:07:00,2.7468,2.7523,2.7468,2.7523,2.7518,2.7573,2.7518,2.7573,25
2026-01-14 21:08:00,2.7513,2.7513,2.7448,2.7463,2.7563,2.7563,2.7498,2.7513,24
2026-01-14 21:09:00,2.7468,2.7593,2.7468,2.7558,2.7518,2.7643,2.7518,2.7608,49
2026-01-14 21:10:00,2.7553,2.7573,2.7548,2.7568,2.7603,2.7623,2.7598,2.7618,12
2026-01-14 21:11:00,2.7563,2.7563,2.7543,2.7553,2.7613,2.7613,2.7593,2.7603,9
2026-01-14 21:12:00,2.7548,2.7568,2.7548,2.7563,2.7598,2.7618,2.7598,2.7613,7
2026-01-14 21:13:00,2.7558,2.7558,2.7518,2.7518,2.7608,2.7608,2.7568,2.7568,11
2026-01-14 21:14:00,2.7513,2.7528,2.7488,2.7518,2.7563,2.7578,2.7538,2.7568,19
2026-01-14 21:15:00,2.7513,2.7528,2.7508,2.7528,2.7563,2.7578,2.7558,2.7578,11
2026-01-14 21:16:00,2.7523,2.7568,2.7523,2.7568,2.7573,2.7618,2.7573,2.7618,18
2026-01-14 21:17:00,2.7563,2.7578,2.7558,2.7568,2.7613,2.7628,2.7608,2.7618,9
2026-01-14 21:18:00,2.7558,2.7568,2.7528,2.7563,2.7608,2.7618,2.7578,2.7613,21
2026-01-14 21:19:00,2.7558,2.7568,2.7558,2.7563,2.7608,2.7618,2.7608,2.7613,5
2026-01-14 21:20:00,2.7568,2.7578,2.7558,2.7558,2.7618,2.7628,2.7608,2.7608,8
2026-01-14 21:21:00,2.7548,2.7548,2.7523,2.7528,2.7598,2.7598,2.7573,2.7578,10
2026-01-14 21:22:00,2.7523,2.7553,2.7523,2.7553,2.7573,2.7603,2.7573,2.7603,14
2026-01-14 21:23:00,2.7548,2.7598,2.7548,2.7578,2.7598,2.7648,2.7598,2.7628,20
2026-01-14 21:24:00,2.7583,2.7598,2.7583,2.7593,2.7633,2.7648,2.7633,2.7643,17
2026-01-14 21:25:00,2.7588,2.7648,2.7588,2.7648,2.7638,2.7698,2.7638,2.7698,22
2026-01-14 21:26:00,2.7643,2.7688,2.7643,2.7688,2.7693,2.7738,2.7693,2.7738,37
2026-01-14 21:27:00,2.7683,2.7683,2.7648,2.7658,2.7733,2.7733,2.7698,2.7708,19
2026-01-14 21:28:00,2.7668,2.7728,2.7668,2.7723,2.7718,2.7778,2.7718,2.7773,34
2026-01-14 21:29:00,2.7718,2.7728,2.7668,2.7698,2.7768,2.7778,2.7718,2.7748,25
2026-01-14 21:30:00,2.7693,2.7708,2.7688,2.7693,2.7743,2.7758,2.7738,2.7743,17
2026-01-14 21:31:00,2.7698,2.7708,2.7673,2.7688,2.7748,2.7758,2.7723,2.7738,11
2026-01-14 21:32:00,2.7693,2.7708,2.7628,2.7628,2.7743,2.7758,2.7678,2.7678,16
2026-01-14 21:33:00,2.7618,2.7668,2.7598,2.7648,2.7668,2.7718,2.7648,2.7698,44
2026-01-14 21:34:00,2.7643,2.7678,2.7628,2.7678,2.7693,2.7728,2.7678,2.7728,27
2026-01-14 21:35:00,2.7668,2.7708,2.7668,2.7673,2.7718,2.7758,2.7718,2.7723,25
2026-01-14 21:36:00,2.7678,2.7708,2.7668,2.7708,2.7728,2.7758,2.7718,2.7758,23
2026-01-14 21:37:00,2.7703,2.7718,2.7698,2.7698,2.7753,2.7768,2.7748,2.7748,9
2026-01-14 21:38:00,2.7693,2.7718,2.7673,2.7688,2.7743,2.7768,2.7723,2.7738,40
2026-01-14 21:39:00,2.7678,2.7678,2.7628,2.7628,2.7728,2.7728,2.7678,2.7678,17
2026-01-14 21:40:00,2.7638,2.7648,2.7628,2.7648,2.7688,2.7698,2.7678,2.7698,28
2026-01-14 21:41:00,2.7653,2.7658,2.7613,2.7633,2.7703,2.7708,2.7663,2.7683,23
2026-01-14 21:42:00,2.7628,2.7633,2.7608,2.7633,2.7678,2.7683,2.7658,2.7683,19
2026-01-14 21:43:00,2.7623,2.7643,2.7623,2.7638,2.7673,2.7693,2.7673,2.7688,10
2026-01-14 21:44:00,2.7648,2.7653,2.7638,2.7653,2.7698,2.7703,2.7688,2.7703,16
2026-01-14 21:45:00,2.7658,2.7688,2.7648,2.7648,2.7708,2.7738,2.7698,2.7698,16
2026-01-14 21:46:00,2.7643,2.7653,2.7628,2.7638,2.7693,2.7703,2.7678,2.7688,13
2026-01-14 21:47:00,2.7633,2.7638,2.7628,2.7638,2.7683,2.7688,2.7678,2.7688,6
2026-01-14 21:48:00,2.7628,2.7638,2.7618,2.7638,2.7678,2.7688,2.7668,2.7688,13
2026-01-14 21:49:00,2.7633,2.7678,2.7628,2.7668,2.7683,2.7728,2.7678,2.7718,33
2026-01-14 21:50:00,2.7663,2.7688,2.7653,2.7678,2.7713,2.7738,2.7703,2.7728,28
2026-01-14 21:51:00,2.7673,2.7713,2.7668,2.7698,2.7723,2.7763,2.7718,2.7748,13
2026-01-14 21:52:00,2.7703,2.7708,2.7673,2.7698,2.7753,2.7758,2.7723,2.7748,15
2026-01-14 21:53:00,2.7693,2.7693,2.7688,2.7688,2.7743,2.7743,2.7738,2.7738,2
2026-01-14 21:54:00,2.7693,2.7698,2.7648,2.7648,2.7743,2.7748,2.7698,2.7698,9
2026-01-14 21:55:00,2.7658,2.7658,2.7588,2.7588,2.7708,2.7708,2.7638,2.7638,24
2026-01-14 21:56:00,2.7593,2.7593,2.7568,2.7588,2.7643,2.7643,2.7618,2.7638,24
2026-01-14 21:57:00,2.7593,2.7603,2.7588,2.7588,2.7643,2.7653,2.7638,2.7638,10
2026-01-14 21:58:00,2.7593,2.7628,2.7588,2.7603,2.7643,2.7678,2.7638,2.7653,22
2026-01-14 21:59:00,2.7598,2.7638,2.7588,2.7618,2.7648,2.7688,2.7638,2.7668,25
2026-01-14 22:00:00,2.7613,2.7643,2.7608,2.7633,2.7663,2.7693,2.7658,2.7683,32
2026-01-14 22:01:00,2.7628,2.7628,2.7583,2.7588,2.7678,2.7678,2.7633,2.7638,9
2026-01-14 22:02:00,2.7593,2.7603,2.7583,2.7603,2.7643,2.7653,2.7633,2.7653,11
2026-01-14 22:03:00,2.7593,2.7593,2.7528,2.7548,2.7643,2.7643,2.7578,2.7598,13
2026-01-14 22:04:00,2.7538,2.7538,2.7528,2.7528,2.7588,2.7588,2.7578,2.7578,6
2026-01-14 22:05:00,2.7533,2.7533,2.7468,2.7498,2.7583,2.7583,2.7518,2.7548,23
2026-01-14 22:06:00,2.7503,2.7558,2.7483,2.7558,2.7553,2.7608,2.7533,2.7608,61
2026-01-14 22:07:00,2.7553,2.7668,2.7508,2.7653,2.7603,2.7718,2.7558,2.7703,48
2026-01-14 22:08:00,2.7648,2.7668,2.7613,2.7628,2.7698,2.7718,2.7663,2.7678,32
2026-01-14 22:09:00,2.7623,2.7678,2.7618,2.7623,2.7673,2.7728,2.7668,2.7673,34
2026-01-14 22:10:00,2.7628,2.7653,2.7593,2.7598,2.7678,2.7703,2.7643,2.7648,27
2026-01-14 22:11:00,2.7588,2.7668,2.7588,2.7613,2.7638,2.7718,2.7638,2.7663,24
2026-01-14 22:12:00,2.7608,2.7653,2.7528,2.7598,2.7658,2.7703,2.7578,2.7648,49
2026-01-14 22:13:00,2.7608,2.7653,2.7608,2.7643,2.7658,2.7703,2.7658,2.7693,20
2026-01-14 22:14:00,2.7638,2.7668,2.7638,2.7643,2.7688,2.7718,2.7688,2.7693,13
2026-01-14 22:15:00,2.7648,2.7688,2.7638,2.7688,2.7698,2.7738,2.7688,2.7738,12
2026-01-14 22:16:00,2.7673,2.7688,2.7648,2.7648,2.7723,2.7738,2.7698,2.7698,12
2026-01-14 22:17:00,2.7653,2.7678,2.7638,2.7668,2.7703,2.7728,2.7688,2.7718,14
2026-01-14 22:18:00,2.7673,2.7678,2.7668,2.7673,2.7723,2.7728,2.7718,2.7723,5
2026-01-14 22:19:00,2.7668,2.7668,2.7618,2.7623,2.7718,2.7718,2.7668,2.7673,15
2026-01-14 22:20:00,2.7618,2.7663,2.7618,2.7623,2.7668,2.7713,2.7668,2.7673,16
2026-01-14 22:21:00,2.7618,2.7663,2.7618,2.7648,2.7668,2.7713,2.7668,2.7698,11
2026-01-14 22:22:00,2.7643,2.7658,2.7638,2.7643,2.7693,2.7708,2.7688,2.7693,8
2026-01-14 22:23:00,2.7648,2.7658,2.7633,2.7648,2.7698,2.7708,2.7683,2.7698,16
2026-01-14 22:24:00,2.7643,2.7653,2.7638,2.7648,2.7693,2.7703,2.7688,2.7698,10
2026-01-14 22:25:00,2.7643,2.7668,2.7643,2.7668,2.7693,2.7718,2.7693,2.7718,14
2026-01-14 22:26:00,2.7673,2.7673,2.7638,2.7653,2.7723,2.7723,2.7688,2.7703,22
2026-01-14 22:27:00,2.7648,2.7678,2.7648,2.7668,2.7698,2.7728,2.7698,2.7718,9
2026-01-14 22:28:00,2.7663,2.7678,2.7658,2.7673,2.7713,2.7728,2.7708,2.7723,19
2026-01-14 22:29:00,2.7678,2.7693,2.7678,2.7688,2.7728,2.7743,2.7728,2.7738,10
2026-01-14 22:30:00,2.7693,2.7693,2.7678,2.7688,2.7743,2.7743,2.7728,2.7738,7
2026-01-14 22:31:00,2.7693,2.7693,2.7663,2.7688,2.7743,2.7743,2.7713,2.7738,12
2026-01-14 22:32:00,2.7683,2.7688,2.7658,2.7678,2.7733,2.7738,2.7708,2.7728,21
2026-01-14 22:33:00,2.7673,2.7678,2.7658,2.7658,2.7723,2.7728,2.7708,2.7708,5
2026-01-14 22:34:00,2.7663,2.7668,2.7658,2.7668,2.7713,2.7718,2.7708,2.7718,5
2026-01-14 22:35:00,2.7663,2.7673,2.7628,2.7663,2.7713,2.7723,2.7678,2.7713,11
2026-01-14 22:36:00,2.7668,2.7668,2.7648,2.7648,2.7718,2.7718,2.7698,2.7698,12
2026-01-14 22:37:00,2.7653,2.7673,2.7648,2.7673,2.7703,2.7723,2.7698,2.7723,16
2026-01-14 22:38:00,2.7678,2.7678,2.7673,2.7678,2.7728,2.7728,2.7723,2.7728,5
2026-01-14 22:39:00,2.7683,2.7708,2.7678,2.7678,2.7733,2.7758,2.7728,2.7728,10
2026-01-14 22:40:00,2.7673,2.7673,2.7658,2.7668,2.7723,2.7723,2.7708,2.7718,8
2026-01-14 22:41:00,2.7663,2.7673,2.7658,2.7673,2.7713,2.7723,2.7708,2.7723,10
2026-01-14 22:42:00,2.7678,2.7703,2.7678,2.7688,2.7728,2.7753,2.7728,2.7738,13
2026-01-14 22:43:00,2.7693,2.7698,2.7673,2.7673,2.7743,2.7748,2.7723,2.7723,9
2026-01-14 22:44:00,2.7688,2.7688,2.7663,2.7683,2.7738,2.7738,2.7713,2.7733,21
2026-01-14 22:45:00,2.7688,2.7698,2.7683,2.7683,2.7738,2.7748,2.7733,2.7733,8
2026-01-14 22:46:00,2.7688,2.7728,2.7688,2.7713,2.7738,2.7778,2.7738,2.7763,20
2026-01-14 22:47:00,2.7708,2.7738,2.7708,2.7733,2.7758,2.7788,2.7758,2.7783,12
2026-01-14 22:48:00,2.7728,2.7728,2.7698,2.7713,2.7778,2.7778,2.7748,2.7763,25
2026-01-14 22:49:00,2.7718,2.7718,2.7683,2.7703,2.7768,2.7768,2.7733,2.7753,10
2026-01-14 22:50:00,2.7698,2.7758,2.7698,2.7758,2.7748,2.7808,2.7748,2.7808,14
2026-01-14 22:51:00,2.7748,2.7768,2.7748,2.7758,2.7798,2.7818,2.7798,2.7808,8
2026-01-14 22:52:00,2.7753,2.7758,2.7738,2.7748,2.7803,2.7808,2.7788,2.7798,18
2026-01-14 22:53:00,2.7743,2.7753,2.7743,2.7753,2.7793,2.7803,2.7793,2.7803,13
2026-01-14 22:54:00,2.7743,2.7798,2.7743,2.7788,2.7793,2.7848,2.7793,2.7838,23
2026-01-14 22:55:00,2.7798,2.7798,2.7758,2.7768,2.7848,2.7848,2.7808,2.7818,7
2026-01-14 22:56:00,2.7773,2.7798,2.7763,2.7798,2.7823,2.7848,2.7813,2.7848,11
2026-01-14 22:57:00,2.7808,2.7808,2.7783,2.7783,2.7858,2.7858,2.7833,2.7833,14
2026-01-14 22:58:00,2.7778,2.7843,2.7778,2.7828,2.7828,2.7893,2.7828,2.7878,22
2026-01-14 22:59:00,2.7818,2.8536,2.7818,2.8531,2.7868,2.8586,2.7868,2.8581,50
2026-01-15 00:00:00,2.8521,2.8581,2.8506,2.8536,2.8571,2.8631,2.8556,2.8586,33
2026-01-15 00:01:00,2.8511,2.8521,2.8421,2.8481,2.8561,2.8571,2.8471,2.8531,24
2026-01-15 00:02:00,2.8476,2.8506,2.8466,2.8506,2.8526,2.8556,2.8516,2.8556,5
2026-01-15 00:03:00,2.8516,2.8541,2.8511,2.8536,2.8566,2.8591,2.8561,2.8586,7
2026-01-15 00:04:00,2.8521,2.8536,2.8516,2.8526,2.8571,2.8586,2.8566,2.8576,5
2026-01-15 00:05:00,2.8521,2.8526,2.8481,2.8501,2.8571,2.8576,2.8531,2.8551,7
2026-01-15 00:06:00,2.8496,2.8506,2.8496,2.8506,2.8546,2.8556,2.8546,2.8556,4
2026-01-15 00:07:00,2.8501,2.8536,2.8496,2.8536,2.8551,2.8586,2.8546,2.8586,8
2026-01-15 00:08:00,2.8496,2.8506,2.8486,2.8486,2.8546,2.8556,2.8536,2.8536,6
2026-01-15 00:09:00,2.8481,2.8506,2.8461,2.8486,2.8531,2.8556,2.8511,2.8536,8
2026-01-15 00:10:00,2.8496,2.8511,2.8446,2.8481,2.8546,2.8561,2.8496,2.8531,22
2026-01-15 00:11:00,2.8491,2.8506,2.8491,2.8501,2.8541,2.8556,2.8541,2.8551,6
2026-01-15 00:12:00,2.8496,2.8526,2.8496,2.8526,2.8546,2.8576,2.8546,2.8576,6
2026-01-15 00:13:00,2.8536,2.8601,2.8496,2.8571,2.8586,2.8651,2.8546,2.8621,25
2026-01-15 00:14:00,2.8576,2.8606,2.8571,2.8571,2.8626,2.8656,2.8621,2.8621,16
2026-01-15 00:15:00,2.8586,2.8586,2.8561,2.8561,2.8636,2.8636,2.8611,2.8611,10
2026-01-15 00:16:00,2.8551,2.8551,2.8546,2.8546,2.8601,2.8601,2.8596,2.8596,4
2026-01-15 00:17:00,2.8551,2.8556,2.8526,2.8546,2.8601,2.8606,2.8576,2.8596,11
2026-01-15 00:18:00,2.8551,2.8551,2.8541,2.8546,2.8601,2.8601,2.8591,2.8596,4
2026-01-15 00:19:00,2.8541,2.8541,2.8521,2.8521,2.8591,2.8591,2.8571,2.8571,5
2026-01-15 00:21:00,2.8511,2.8526,2.8511,2.8526,2.8561,2.8576,2.8561,2.8576,4
2026-01-15 00:22:00,2.8521,2.8536,2.8521,2.8526,2.8571,2.8586,2.8571,2.8576,5
2026-01-15 00:23:00,2.8521,2.8521,2.8506,2.8506,2.8571,2.8571,2.8556,2.8556,6
2026-01-15 00:24:00,2.8511,2.8521,2.8501,2.8521,2.8561,2.8571,2.8551,2.8571,5
2026-01-15 00:25:00,2.8526,2.8536,2.8521,2.8536,2.8576,2.8586,2.8571,2.8586,6
2026-01-15 00:26:00,2.8531,2.8531,2.8531,2.8531,2.8581,2.8581,2.8581,2.8581,1
2026-01-15 00:27:00,2.8526,2.8526,2.8521,2.8526,2.8576,2.8576,2.8571,2.8576,3
2026-01-15 00:28:00,2.8531,2.8531,2.8531,2.8531,2.8581,2.8581,2.8581,2.8581,1
2026-01-15 00:29:00,2.8526,2.8526,2.8526,2.8526,2.8576,2.8576,2.8576,2.8576,1
2026-01-15 00:30:00,2.8521,2.8521,2.8496,2.8501,2.8571,2.8571,2.8546,2.8551,4
2026-01-15 00:31:00,2.8506,2.8526,2.8506,2.8506,2.8556,2.8576,2.8556,2.8556,4
2026-01-15 00:32:00,2.8511,2.8536,2.8511,2.8511,2.8561,2.8586,2.8561,2.8561,7
2026-01-15 00:33:00,2.8516,2.8526,2.8516,2.8516,2.8566,2.8576,2.8566,2.8566,5
2026-01-15 00:34:00,2.8521,2.8521,2.8501,2.8501,2.8571,2.8571,2.8551,2.8551,3
2026-01-15 00:35:00,2.8506,2.8506,2.8501,2.8501,2.8556,2.8556,2.8551,2.8551,2
2026-01-15 00:36:00,2.8511,2.8521,2.8496,2.8506,2.8561,2.8571,2.8546,2.8556,7
2026-01-15 00:37:00,2.8511,2.8511,2.8496,2.8496,2.8561,2.8561,2.8546,2.8546,5
2026-01-15 00:38:00,2.8501,2.8501,2.8486,2.8496,2.8551,2.8551,2.8536,2.8546,5
2026-01-15 00:39:00,2.8481,2.8486,2.8481,2.8486,2.8531,2.8536,2.8531,2.8536,2
2026-01-15 00:40:00,2.8491,2.8511,2.8491,2.8506,2.8541,2.8561,2.8541,2.8556,4
2026-01-15 00:41:00,2.8511,2.8511,2.8496,2.8496,2.8561,2.8561,2.8546,2.8546,6
2026-01-15 00:42:00,2.8501,2.8501,2.8481,2.8481,2.8551,2.8551,2.8531,2.8531,7
2026-01-15 00:43:00,2.8476,2.8476,2.8476,2.8476,2.8526,2.8526,2.8526,2.8526,1
2026-01-15 00:44:00,2.8466,2.8466,2.8441,2.8446,2.8516,2.8516,2.8491,2.8496,6
2026-01-15 00:45:00,2.8441,2.8441,2.8441,2.8441,2.8491,2.8491,2.8491,2.8491,1
2026-01-15 00:46:00,2.8446,2.8446,2.8416,2.8421,2.8496,2.8496,2.8466,2.8471,7
2026-01-15 00:47:00,2.8426,2.8431,2.8426,2.8431,2.8476,2.8481,2.8476,2.8481,2
2026-01-15 00:48:00,2.8441,2.8441,2.8441,2.8441,2.8491,2.8491,2.8491,2.8491,1
2026-01-15 00:49:00,2.8446,2.8446,2.8446,2.8446,2.8496,2.8496,2.8496,2.8496,1
2026-01-15 00:50:00,2.8451,2.8451,2.8451,2.8451,2.8501,2.8501,2.8501,2.8501,1
2026-01-15 00:51:00,2.8441,2.8441,2.8441,2.8441,2.8491,2.8491,2.8491,2.8491,1
2026-01-15 00:52:00,2.8451,2.8451,2.8451,2.8451,2.8501,2.8501,2.8501,2.8501,1
2026-01-15 00:53:00,2.8446,2.8456,2.8446,2.8451,2.8496,2.8506,2.8496,2.8501,4
2026-01-15 00:54:00,2.8461,2.8481,2.8461,2.8471,2.8511,2.8531,2.8511,2.8521,5
2026-01-15 00:55:00,2.8476,2.8476,2.8476,2.8476,2.8526,2.8526,2.8526,2.8526,1
2026-01-15 00:56:00,2.8491,2.8496,2.8486,2.8486,2.8541,2.8546,2.8536,2.8536,6
2026-01-15 00:57:00,2.8491,2.8496,2.8491,2.8496,2.8541,2.8546,2.8541,2.8546,2
2026-01-15 00:58:00,2.8501,2.8501,2.8486,2.8486,2.8551,2.8551,2.8536,2.8536,3
2026-01-15 00:59:00,2.8491,2.8501,2.8481,2.8501,2.8541,2.8551,2.8531,2.8551,8
2026-01-15 01:00:00,2.8506,2.8506,2.8466,2.8466,2.8556,2.8556,2.8516,2.8516,7
2026-01-15 01:02:00,2.8456,2.8466,2.8446,2.8446,2.8506,2.8516,2.8496,2.8496,7
2026-01-15 01:03:00,2.8441,2.8486,2.8441,2.8486,2.8491,2.8536,2.8491,2.8536,8
2026-01-15 01:04:00,2.8481,2.8481,2.8471,2.8471,2.8531,2.8531,2.8521,2.8521,3
2026-01-15 01:05:00,2.8456,2.8466,2.8456,2.8466,2.8506,2.8516,2.8506,2.8516,2
2026-01-15 01:06:00,2.8471,2.8486,2.8471,2.8476,2.8521,2.8536,2.8521,2.8526,6
2026-01-15 01:08:00,2.8486,2.8486,2.8471,2.8476,2.8536,2.8536,2.8521,2.8526,4
2026-01-15 01:09:00,2.8486,2.8491,2.8466,2.8471,2.8536,2.8541,2.8516,2.8521,10
2026-01-15 01:10:00,2.8476,2.8476,2.8446,2.8446,2.8526,2.8526,2.8496,2.8496,5
2026-01-15 01:11:00,2.8436,2.8436,2.8376,2.8376,2.8486,2.8486,2.8426,2.8426,9
2026-01-15 01:12:00,2.8381,2.8411,2.8351,2.8361,2.8431,2.8461,2.8401,2.8411,12
2026-01-15 01:13:00,2.8371,2.8381,2.8326,2.8346,2.8421,2.8431,2.8376,2.8396,12
2026-01-15 01:14:00,2.8336,2.8361,2.8326,2.8361,2.8386,2.8411,2.8376,2.8411,9
2026-01-15 01:15:00,2.8356,2.8361,2.8356,2.8356,2.8406,2.8411,2.8406,2.8406,3
2026-01-15 01:16:00,2.8361,2.8376,2.8351,2.8366,2.8411,2.8426,2.8401,2.8416,10
2026-01-15 01:17:00,2.8361,2.8366,2.8351,2.8356,2.8411,2.8416,2.8401,2.8406,5
2026-01-15 01:18:00,2.8351,2.8381,2.8351,2.8376,2.8401,2.8431,2.8401,2.8426,5
2026-01-15 01:19:00,2.8381,2.8406,2.8376,2.8376,2.8431,2.8456,2.8426,2.8426,9
2026-01-15 01:20:00,2.8386,2.8426,2.8386,2.8416,2.8436,2.8476,2.8436,2.8466,8
2026-01-15 01:21:00,2.8406,2.8406,2.8406,2.8406,2.8456,2.8456,2.8456,2.8456,1
2026-01-15 01:22:00,2.8411,2.8411,2.8411,2.8411,2.8461,2.8461,2.8461,2.8461,1
2026-01-15 01:23:00,2.8416,2.8451,2.8411,2.8431,2.8466,2.8501,2.8461,2.8481,7
2026-01-15 01:24:00,2.8441,2.8441,2.8436,2.8436,2.8491,2.8491,2.8486,2.8486,2
2026-01-15 01:25:00,2.8426,2.8426,2.8406,2.8416,2.8476,2.8476,2.8456,2.8466,6
2026-01-15 01:26:00,2.8421,2.8451,2.8421,2.8436,2.8471,2.8501,2.8471,2.8486,7
2026-01-15 01:27:00,2.8431,2.8431,2.8411,2.8416,2.8481,2.8481,2.8461,2.8466,7
2026-01-15 01:28:00,2.8411,2.8416,2.8411,2.8416,2.8461,2.8466,2.8461,2.8466,2
2026-01-15 01:31:00,2.8411,2.8411,2.8391,2.8396,2.8461,2.8461,2.8441,2.8446,6
2026-01-15 01:32:00,2.8406,2.8436,2.8406,2.8431,2.8456,2.8486,2.8456,2.8481,8
2026-01-15 01:33:00,2.8441,2.8476,2.8441,2.8471,2.8491,2.8526,2.8491,2.8521,5
2026-01-15 01:34:00,2.8466,2.8466,2.8466,2.8466,2.8516,2.8516,2.8516,2.8516,1
2026-01-15 01:35:00,2.8471,2.8506,2.8471,2.8491,2.8521,2.8556,2.8521,2.8541,8
2026-01-15 01:36:00,2.8486,2.8486,2.8476,2.8476,2.8536,2.8536,2.8526,2.8526,2
2026-01-15 01:39:00,2.8471,2.8476,2.8471,2.8476,2.8521,2.8526,2.8521,2.8526,2
2026-01-15 01:40:00,2.8471,2.8471,2.8466,2.8466,2.8521,2.8521,2.8516,2.8516,2
2026-01-15 01:42:00,2.8456,2.8456,2.8456,2.8456,2.8506,2.8506,2.8506,2.8506,1
2026-01-15 01:43:00,2.8461,2.8476,2.8461,2.8471,2.8511,2.8526,2.8511,2.8521,4
2026-01-15 01:44:00,2.8466,2.8466,2.8456,2.8466,2.8516,2.8516,2.8506,2.8516,3
2026-01-15 01:45:00,2.8461,2.8476,2.8461,2.8471,2.8511,2.8526,2.8511,2.8521,7
2026-01-15 01:46:00,2.8476,2.8476,2.8456,2.8456,2.8526,2.8526,2.8506,2.8506,3
2026-01-15 01:47:00,2.8461,2.8461,2.8451,2.8456,2.8511,2.8511,2.8501,2.8506,4
2026-01-15 01:48:00,2.8446,2.8451,2.8446,2.8451,2.8496,2.8501,2.8496,2.8501,2
2026-01-15 01:49:00,2.8446,2.8451,2.8441,2.8451,2.8496,2.8501,2.8491,2.8501,3
2026-01-15 01:50:00,2.8436,2.8516,2.8431,2.8516,2.8486,2.8566,2.8481,2.8566,19
2026-01-15 01:51:00,2.8506,2.8506,2.8481,2.8491,2.8556,2.8556,2.8531,2.8541,4
2026-01-15 01:52:00,2.8486,2.8506,2.8486,2.8501,2.8536,2.8556,2.8536,2.8551,5
2026-01-15 01:53:00,2.8496,2.8496,2.8496,2.8496,2.8546,2.8546,2.8546,2.8546,1
2026-01-15 01:55:00,2.8501,2.8521,2.8491,2.8496,2.8551,2.8571,2.8541,2.8546,8
2026-01-15 01:56:00,2.8491,2.8491,2.8491,2.8491,2.8541,2.8541,2.8541,2.8541,1
2026-01-15 01:58:00,2.8481,2.8481,2.8481,2.8481,2.8531,2.8531,2.8531,2.8531,1
2026-01-15 01:59:00,2.8486,2.8506,2.8481,2.8481,2.8536,2.8556,2.8531,2.8531,9
2026-01-15 02:00:00,2.8471,2.8471,2.8451,2.8456,2.8521,2.8521,2.8501,2.8506,7
2026-01-15 02:01:00,2.8461,2.8471,2.8451,2.8466,2.8511,2.8521,2.8501,2.8516,10
2026-01-15 02:02:00,2.8456,2.8456,2.8456,2.8456,2.8506,2.8506,2.8506,2.8506,1
2026-01-15 02:03:00,2.8451,2.8451,2.8441,2.8441,2.8501,2.8501,2.8491,2.8491,4
2026-01-15 02:04:00,2.8446,2.8466,2.8431,2.8436,2.8496,2.8516,2.8481,2.8486,13
2026-01-15 02:05:00,2.8441,2.8456,2.8436,2.8456,2.8491,2.8506,2.8486,2.8506,5
2026-01-15 02:06:00,2.8451,2.8461,2.8451,2.8456,2.8501,2.8511,2.8501,2.8506,6
2026-01-15 02:07:00,2.8461,2.8461,2.8456,2.8456,2.8511,2.8511,2.8506,2.8506,4
2026-01-15 02:08:00,2.8461,2.8461,2.8446,2.8446,2.8511,2.8511,2.8496,2.8496,2
2026-01-15 02:09:00,2.8451,2.8466,2.8446,2.8451,2.8501,2.8516,2.8496,2.8501,6
2026-01-15 02:10:00,2.8461,2.8476,2.8461,2.8466,2.8511,2.8526,2.8511,2.8516,4
2026-01-15 02:11:00,2.8471,2.8471,2.8461,2.8466,2.8521,2.8521,2.8511,2.8516,5
2026-01-15 02:12:00,2.8476,2.8476,2.8466,2.8476,2.8526,2.8526,2.8516,2.8526,3
2026-01-15 02:13:00,2.8471,2.8476,2.8466,2.8466,2.8521,2.8526,2.8516,2.8516,3
2026-01-15 02:15:00,2.8461,2.8466,2.8461,2.8466,2.8511,2.8516,2.8511,2.8516,2
2026-01-15 02:16:00,2.8471,2.8541,2.8471,2.8496,2.8521,2.8591,2.8521,2.8546,17
2026-01-15 02:17:00,2.8486,2.8496,2.8486,2.8496,2.8536,2.8546,2.8536,2.8546,3
2026-01-15 02:19:00,2.8491,2.8496,2.8491,2.8491,2.8541,2.8546,2.8541,2.8541,3
2026-01-15 02:20:00,2.8486,2.8496,2.8486,2.8486,2.8536,2.8546,2.8536,2.8536,3
2026-01-15 02:21:00,2.8471,2.8471,2.8466,2.8466,2.8521,2.8521,2.8516,2.8516,2
2026-01-15 02:24:00,2.8471,2.8491,2.8471,2.8486,2.8521,2.8541,2.8521,2.8536,8
2026-01-15 02:25:00,2.8481,2.8481,2.8461,2.8471,2.8531,2.8531,2.8511,2.8521,8
2026-01-15 02:26:00,2.8476,2.8481,2.8466,2.8471,2.8526,2.8531,2.8516,2.8521,5
2026-01-15 02:27:00,2.8476,2.8476,2.8466,2.8466,2.8526,2.8526,2.8516,2.8516,2
2026-01-15 02:28:00,2.8471,2.8471,2.8456,2.8456,2.8521,2.8521,2.8506,2.8506,3
2026-01-15 02:29:00,2.8461,2.8461,2.8446,2.8446,2.8511,2.8511,2.8496,2.8496,3
2026-01-15 02:30:00,2.8451,2.8466,2.8451,2.8461,2.8501,2.8516,2.8501,2.8511,3
2026-01-15 02:31:00,2.8466,2.8466,2.8421,2.8421,2.8516,2.8516,2.8471,2.8471,6
2026-01-15 02:32:00,2.8431,2.8461,2.8431,2.8461,2.8481,2.8511,2.8481,2.8511,7
2026-01-15 02:33:00,2.8471,2.8476,2.8461,2.8461,2.8521,2.8526,2.8511,2.8511,5
2026-01-15 02:34:00,2.8466,2.8466,2.8446,2.8456,2.8516,2.8516,2.8496,2.8506,7
2026-01-15 02:35:00,2.8461,2.8461,2.8461,2.8461,2.8511,2.8511,2.8511,2.8511,1
2026-01-15 02:36:00,2.8466,2.8516,2.8466,2.8511,2.8516,2.8566,2.8516,2.8561,14
2026-01-15 02:37:00,2.8501,2.8571,2.8496,2.8546,2.8551,2.8621,2.8546,2.8596,23
2026-01-15 02:38:00,2.8541,2.8541,2.8516,2.8541,2.8591,2.8591,2.8566,2.8591,7
2026-01-15 02:39:00,2.8536,2.8541,2.8536,2.8536,2.8586,2.8591,2.8586,2.8586,3
2026-01-15 02:40:00,2.8531,2.8531,2.8521,2.8526,2.8581,2.8581,2.8571,2.8576,4
2026-01-15 02:41:00,2.8531,2.8536,2.8506,2.8521,2.8581,2.8586,2.8556,2.8571,7
2026-01-15 02:42:00,2.8506,2.8511,2.8506,2.8506,2.8556,2.8561,2.8556,2.8556,3
2026-01-15 02:43:00,2.8496,2.8521,2.8496,2.8521,2.8546,2.8571,2.8546,2.8571,3
2026-01-15 02:44:00,2.8531,2.8571,2.8516,2.8521,2.8581,2.8621,2.8566,2.8571,17
2026-01-15 02:45:00,2.8511,2.8521,2.8511,2.8521,2.8561,2.8571,2.8561,2.8571,5
2026-01-15 02:46:00,2.8516,2.8516,2.8516,2.8516,2.8566,2.8566,2.8566,2.8566,1
2026-01-15 02:47:00,2.8521,2.8531,2.8496,2.8496,2.8571,2.8581,2.8546,2.8546,8
2026-01-15 02:48:00,2.8501,2.8571,2.8501,2.8561,2.8551,2.8621,2.8551,2.8611,14
2026-01-15 02:49:00,2.8566,2.8566,2.8546,2.8546,2.8616,2.8616,2.8596,2.8596,3
2026-01-15 02:50:00,2.8551,2.8561,2.8541,2.8551,2.8601,2.8611,2.8591,2.8601,8
2026-01-15 02:51:00,2.8556,2.8556,2.8541,2.8551,2.8606,2.8606,2.8591,2.8601,10
2026-01-15 02:52:00,2.8546,2.8556,2.8546,2.8546,2.8596,2.8606,2.8596,2.8596,4
2026-01-15 02:53:00,2.8551,2.8551,2.8551,2.8551,2.8601,2.8601,2.8601,2.8601,1
2026-01-15 02:54:00,2.8546,2.8546,2.8546,2.8546,2.8596,2.8596,2.8596,2.8596,1
2026-01-15 02:55:00,2.8541,2.8541,2.8541,2.8541,2.8591,2.8591,2.8591,2.8591,1
2026-01-15 02:56:00,2.8546,2.8546,2.8531,2.8536,2.8596,2.8596,2.8581,2.8586,6
2026-01-15 02:57:00,2.8531,2.8541,2.8531,2.8541,2.8581,2.8591,2.8581,2.8591,2
2026-01-15 02:58:00,2.8536,2.8536,2.8501,2.8506,2.8586,2.8586,2.8551,2.8556,13
2026-01-15 02:59:00,2.8501,2.8501,2.8501,2.8501,2.8551,2.8551,2.8551,2.8551,1
2026-01-15 03:00:00,2.8496,2.8501,2.8491,2.8496,2.8546,2.8551,2.8541,2.8546,4
2026-01-15 03:01:00,2.8491,2.8491,2.8421,2.8421,2.8541,2.8541,2.8471,2.8471,11
2026-01-15 03:02:00,2.8416,2.8431,2.8406,2.8421,2.8466,2.8481,2.8456,2.8471,9
2026-01-15 03:03:00,2.8431,2.8451,2.8431,2.8451,2.8481,2.8501,2.8481,2.8501,4
2026-01-15 03:04:00,2.8461,2.8461,2.8421,2.8421,2.8511,2.8511,2.8471,2.8471,8
2026-01-15 03:05:00,2.8426,2.8426,2.8396,2.8411,2.8476,2.8476,2.8446,2.8461,8
2026-01-15 03:06:00,2.8406,2.8406,2.8356,2.8371,2.8456,2.8456,2.8406,2.8421,14
2026-01-15 03:07:00,2.8366,2.8396,2.8361,2.8386,2.8416,2.8446,2.8411,2.8436,8
2026-01-15 03:08:00,2.8371,2.8376,2.8361,2.8361,2.8421,2.8426,2.8411,2.8411,4
2026-01-15 03:09:00,2.8356,2.8361,2.8351,2.8361,2.8406,2.8411,2.8401,2.8411,4
2026-01-15 03:10:00,2.8366,2.8391,2.8366,2.8391,2.8416,2.8441,2.8416,2.8441,8
2026-01-15 03:11:00,2.8396,2.8401,2.8396,2.8401,2.8446,2.8451,2.8446,2.8451,2
2026-01-15 03:13:00,2.8411,2.8426,2.8401,2.8411,2.8461,2.8476,2.8451,2.8461,9
2026-01-15 03:14:00,2.8416,2.8416,2.8416,2.8416,2.8466,2.8466,2.8466,2.8466,1
2026-01-15 03:15:00,2.8406,2.8426,2.8406,2.8416,2.8456,2.8476,2.8456,2.8466,9
2026-01-15 03:17:00,2.8411,2.8416,2.8401,2.8416,2.8461,2.8466,2.8451,2.8466,3
2026-01-15 03:20:00,2.8411,2.8411,2.8411,2.8411,2.8461,2.8461,2.8461,2.8461,1
2026-01-15 03:21:00,2.8406,2.8426,2.8401,2.8426,2.8456,2.8476,2.8451,2.8476,6
2026-01-15 03:22:00,2.8441,2.8446,2.8441,2.8446,2.8491,2.8496,2.8491,2.8496,2
2026-01-15 03:23:00,2.8441,2.8446,2.8441,2.8446,2.8491,2.8496,2.8491,2.8496,2
2026-01-15 03:24:00,2.8431,2.8431,2.8426,2.8426,2.8481,2.8481,2.8476,2.8476,4
2026-01-15 03:27:00,2.8436,2.8456,2.8431,2.8456,2.8486,2.8506,2.8481,2.8506,8
2026-01-15 03:28:00,2.8451,2.8451,2.8446,2.8446,2.8501,2.8501,2.8496,2.8496,2
2026-01-15 03:29:00,2.8456,2.8466,2.8446,2.8456,2.8506,2.8516,2.8496,2.8506,6
2026-01-15 03:30:00,2.8451,2.8456,2.8451,2.8456,2.8501,2.8506,2.8501,2.8506,2
2026-01-15 03:31:00,2.8461,2.8471,2.8461,2.8466,2.8511,2.8521,2.8511,2.8516,4
2026-01-15 03:32:00,2.8471,2.8506,2.8471,2.8506,2.8521,2.8556,2.8521,2.8556,15
2026-01-15 03:33:00,2.8521,2.8531,2.8521,2.8526,2.8571,2.8581,2.8571,2.8576,3
2026-01-15 03:34:00,2.8531,2.8531,2.8511,2.8516,2.8581,2.8581,2.8561,2.8566,4
2026-01-15 03:35:00,2.8501,2.8516,2.8501,2.8516,2.8551,2.8566,2.8551,2.8566,4
2026-01-15 03:37:00,2.8496,2.8501,2.8496,2.8501,2.8546,2.8551,2.8546,2.8551,4
2026-01-15 03:38:00,2.8511,2.8511,2.8496,2.8496,2.8561,2.8561,2.8546,2.8546,2
2026-01-15 03:39:00,2.8491,2.8506,2.8491,2.8506,2.8541,2.8556,2.8541,2.8556,3
2026-01-15 03:41:00,2.8516,2.8516,2.8511,2.8516,2.8566,2.8566,2.8561,2.8566,3
2026-01-15 03:42:00,2.8511,2.8511,2.8506,2.8511,2.8561,2.8561,2.8556,2.8561,3
2026-01-15 03:43:00,2.8516,2.8516,2.8516,2.8516,2.8566,2.8566,2.8566,2.8566,1
2026-01-15 03:45:00,2.8511,2.8511,2.8496,2.8501,2.8561,2.8561,2.8546,2.8551,4
2026-01-15 03:46:00,2.8496,2.8506,2.8491,2.8506,2.8546,2.8556,2.8541,2.8556,4
2026-01-15 03:48:00,2.8501,2.8501,2.8496,2.8496,2.8551,2.8551,2.8546,2.8546,2
2026-01-15 03:49:00,2.8501,2.8501,2.8501,2.8501,2.8551,2.8551,2.8551,2.8551,1
2026-01-15 03:50:00,2.8496,2.8506,2.8486,2.8486,2.8546,2.8556,2.8536,2.8536,5
2026-01-15 03:51:00,2.8471,2.8471,2.8456,2.8461,2.8521,2.8521,2.8506,2.8511,4
2026-01-15 03:52:00,2.8466,2.8466,2.8466,2.8466,2.8516,2.8516,2.8516,2.8516,1
2026-01-15 03:53:00,2.8456,2.8461,2.8451,2.8456,2.8506,2.8511,2.8501,2.8506,5
2026-01-15 03:55:00,2.8461,2.8466,2.8461,2.8461,2.8511,2.8516,2.8511,2.8511,3
2026-01-15 03:57:00,2.8466,2.8481,2.8461,2.8471,2.8516,2.8531,2.8511,2.8521,6
2026-01-15 03:58:00,2.8481,2.8491,2.8481,2.8491,2.8531,2.8541,2.8531,2.8541,2
2026-01-15 03:59:00,2.8486,2.8491,2.8481,2.8491,2.8536,2.8541,2.8531,2.8541,3
2026-01-15 04:00:00,2.8486,2.8486,2.8486,2.8486,2.8536,2.8536,2.8536,2.8536,1
2026-01-15 04:01:00,2.8491,2.8501,2.8491,2.8501,2.8541,2.8551,2.8541,2.8551,2
2026-01-15 04:02:00,2.8491,2.8491,2.8486,2.8486,2.8541,2.8541,2.8536,2.8536,2
2026-01-15 04:03:00,2.8481,2.8481,2.8481,2.8481,2.8531,2.8531,2.8531,2.8531,1
2026-01-15 04:04:00,2.8486,2.8486,2.8456,2.8456,2.8536,2.8536,2.8506,2.8506,4
2026-01-15 04:05:00,2.8451,2.8451,2.8451,2.8451,2.8501,2.8501,2.8501,2.8501,1
2026-01-15 04:06:00,2.8446,2.8446,2.8391,2.8421,2.8496,2.8496,2.8441,2.8471,11
2026-01-15 04:07:00,2.8416,2.8416,2.8411,2.8411,2.8466,2.8466,2.8461,2.8461,2
2026-01-15 04:08:00,2.8421,2.8421,2.8406,2.8406,2.8471,2.8471,2.8456,2.8456,3
2026-01-15 04:09:00,2.8411,2.8426,2.8411,2.8426,2.8461,2.8476,2.8461,2.8476,3
2026-01-15 04:10:00,2.8441,2.8491,2.8441,2.8466,2.8491,2.8541,2.8491,2.8516,14
2026-01-15 04:11:00,2.8471,2.8471,2.8471,2.8471,2.8521,2.8521,2.8521,2.8521,1
2026-01-15 04:12:00,2.8466,2.8466,2.8466,2.8466,2.8516,2.8516,2.8516,2.8516,1
2026-01-15 04:13:00,2.8471,2.8471,2.8436,2.8436,2.8521,2.8521,2.8486,2.8486,7
2026-01-15 04:14:00,2.8431,2.8431,2.8416,2.8426,2.8481,2.8481,2.8466,2.8476,4
2026-01-15 04:15:00,2.8431,2.8441,2.8421,2.8431,2.8481,2.8491,2.8471,2.8481,7
2026-01-15 04:16:00,2.8426,2.8426,2.8426,2.8426,2.8476,2.8476,2.8476,2.8476,1
2026-01-15 04:17:00,2.8431,2.8431,2.8426,2.8431,2.8481,2.8481,2.8476,2.8481,3
2026-01-15 04:18:00,2.8436,2.8436,2.8436,2.8436,2.8486,2.8486,2.8486,2.8486,1
2026-01-15 04:19:00,2.8431,2.8436,2.8431,2.8436,2.8481,2.8486,2.8481,2.8486,4
2026-01-15 04:21:00,2.8431,2.8431,2.8431,2.8431,2.8481,2.8481,2.8481,2.8481,1
2026-01-15 04:22:00,2.8426,2.8481,2.8426,2.8451,2.8476,2.8531,2.8476,2.8501,9
2026-01-15 04:23:00,2.8446,2.8446,2.8436,2.8436,2.8496,2.8496,2.8486,2.8486,3
2026-01-15 04:24:00,2.8431,2.8431,2.8426,2.8426,2.8481,2.8481,2.8476,2.8476,2
2026-01-15 04:27:00,2.8416,2.8416,2.8381,2.8396,2.8466,2.8466,2.8431,2.8446,9
2026-01-15 04:28:00,2.8391,2.8391,2.8341,2.8376,2.8441,2.8441,2.8391,2.8426,12
2026-01-15 04:29:00,2.8381,2.8381,2.8371,2.8371,2.8431,2.8431,2.8421,2.8421,2
2026-01-15 04:30:00,2.8381,2.8386,2.8381,2.8381,2.8431,2.8436,2.8431,2.8431,3
2026-01-15 04:31:00,2.8376,2.8376,2.8371,2.8376,2.8426,2.8426,2.8421,2.8426,3
2026-01-15 04:32:00,2.8386,2.8386,2.8386,2.8386,2.8436,2.8436,2.8436,2.8436,1
2026-01-15 04:33:00,2.8391,2.8391,2.8371,2.8386,2.8441,2.8441,2.8421,2.8436,5
2026-01-15 04:34:00,2.8391,2.8436,2.8391,2.8431,2.8441,2.8486,2.8441,2.8481,9
2026-01-15 04:35:00,2.8436,2.8436,2.8431,2.8436,2.8486,2.8486,2.8481,2.8486,3
2026-01-15 04:36:00,2.8431,2.8431,2.8431,2.8431,2.8481,2.8481,2.8481,2.8481,1
2026-01-15 04:37:00,2.8426,2.8436,2.8426,2.8431,2.8476,2.8486,2.8476,2.8481,6
2026-01-15 04:38:00,2.8421,2.8426,2.8421,2.8426,2.8471,2.8476,2.8471,2.8476,2
2026-01-15 04:40:00,2.8441,2.8441,2.8441,2.8441,2.8491,2.8491,2.8491,2.8491,1
2026-01-15 04:41:00,2.8436,2.8436,2.8426,2.8426,2.8486,2.8486,2.8476,2.8476,3
2026-01-15 04:42:00,2.8441,2.8446,2.8441,2.8446,2.8491,2.8496,2.8491,2.8496,2
2026-01-15 04:43:00,2.8441,2.8446,2.8431,2.8431,2.8491,2.8496,2.8481,2.8481,4
2026-01-15 04:44:00,2.8436,2.8436,2.8431,2.8431,2.8486,2.8486,2.8481,2.8481,2
2026-01-15 04:45:00,2.8426,2.8431,2.8416,2.8426,2.8476,2.8481,2.8466,2.8476,6
2026-01-15 04:46:00,2.8421,2.8471,2.8411,2.8461,2.8471,2.8521,2.8461,2.8511,11
2026-01-15 04:47:00,2.8451,2.8456,2.8446,2.8451,2.8501,2.8506,2.8496,2.8501,5
2026-01-15 04:52:00,2.8441,2.8441,2.8426,2.8426,2.8491,2.8491,2.8476,2.8476,3
2026-01-15 04:53:00,2.8421,2.8441,2.8421,2.8441,2.8471,2.8491,2.8471,2.8491,3
2026-01-15 04:54:00,2.8436,2.8441,2.8431,2.8441,2.8486,2.8491,2.8481,2.8491,3
2026-01-15 04:55:00,2.8431,2.8441,2.8431,2.8441,2.8481,2.8491,2.8481,2.8491,2
2026-01-15 04:56:00,2.8446,2.8456,2.8446,2.8451,2.8496,2.8506,2.8496,2.8501,3
2026-01-15 04:57:00,2.8456,2.8456,2.8456,2.8456,2.8506,2.8506,2.8506,2.8506,1
2026-01-15 04:58:00,2.8451,2.8451,2.8441,2.8446,2.8501,2.8501,2.8491,2.8496,3
2026-01-15 05:00:00,2.8456,2.8456,2.8446,2.8456,2.8506,2.8506,2.8496,2.8506,8
2026-01-15 05:01:00,2.8446,2.8446,2.8446,2.8446,2.8496,2.8496,2.8496,2.8496,1
2026-01-15 05:02:00,2.8451,2.8461,2.8451,2.8461,2.8501,2.8511,2.8501,2.8511,3
2026-01-15 05:03:00,2.8466,2.8466,2.8451,2.8451,2.8516,2.8516,2.8501,2.8501,3
2026-01-15 05:04:00,2.8446,2.8456,2.8446,2.8456,2.8496,2.8506,2.8496,2.8506,2
2026-01-15 05:05:00,2.8466,2.8466,2.8461,2.8466,2.8516,2.8516,2.8511,2.8516,3
2026-01-15 05:06:00,2.8471,2.8481,2.8471,2.8481,2.8521,2.8531,2.8521,2.8531,2
2026-01-15 05:07:00,2.8471,2.8471,2.8461,2.8461,2.8521,2.8521,2.8511,2.8511,3
2026-01-15 05:08:00,2.8466,2.8466,2.8466,2.8466,2.8516,2.8516,2.8516,2.8516,1
2026-01-15 05:09:00,2.8471,2.8471,2.8471,2.8471,2.8521,2.8521,2.8521,2.8521,1
2026-01-15 05:10:00,2.8481,2.8526,2.8481,2.8511,2.8531,2.8576,2.8531,2.8561,8
2026-01-15 05:11:00,2.8506,2.8506,2.8506,2.8506,2.8556,2.8556,2.8556,2.8556,1
2026-01-15 05:12:00,2.8526,2.8526,2.8476,2.8476,2.8576,2.8576,2.8526,2.8526,8
2026-01-15 05:13:00,2.8481,2.8501,2.8481,2.8486,2.8531,2.8551,2.8531,2.8536,10
2026-01-15 05:14:00,2.8481,2.8491,2.8481,2.8486,2.8531,2.8541,2.8531,2.8536,3
2026-01-15 05:15:00,2.8481,2.8491,2.8481,2.8481,2.8531,2.8541,2.8531,2.8531,4
2026-01-15 05:16:00,2.8486,2.8486,2.8486,2.8486,2.8536,2.8536,2.8536,2.8536,1
2026-01-15 05:17:00,2.8496,2.8496,2.8491,2.8491,2.8546,2.8546,2.8541,2.8541,2
2026-01-15 05:18:00,2.8496,2.8501,2.8491,2.8501,2.8546,2.8551,2.8541,2.8551,3
2026-01-15 05:19:00,2.8496,2.8496,2.8486,2.8486,2.8546,2.8546,2.8536,2.8536,8
2026-01-15 05:20:00,2.8491,2.8491,2.8451,2.8466,2.8541,2.8541,2.8501,2.8516,9
2026-01-15 05:21:00,2.8476,2.8506,2.8476,2.8506,2.8526,2.8556,2.8526,2.8556,8
2026-01-15 05:23:00,2.8511,2.8511,2.8511,2.8511,2.8561,2.8561,2.8561,2.8561,1
2026-01-15 05:24:00,2.8501,2.8511,2.8496,2.8506,2.8551,2.8561,2.8546,2.8556,7
2026-01-15 05:25:00,2.8501,2.8511,2.8501,2.8511,2.8551,2.8561,2.8551,2.8561,3
2026-01-15 05:26:00,2.8516,2.8516,2.8516,2.8516,2.8566,2.8566,2.8566,2.8566,1
2026-01-15 05:28:00,2.8511,2.8521,2.8511,2.8521,2.8561,2.8571,2.8561,2.8571,2
2026-01-15 05:29:00,2.8511,2.8511,2.8491,2.8506,2.8561,2.8561,2.8541,2.8556,5
2026-01-15 05:30:00,2.8496,2.8496,2.8496,2.8496,2.8546,2.8546,2.8546,2.8546,1
2026-01-15 05:31:00,2.8486,2.8491,2.8466,2.8481,2.8536,2.8541,2.8516,2.8531,8
2026-01-15 05:32:00,2.8476,2.8476,2.8466,2.8466,2.8526,2.8526,2.8516,2.8516,2
2026-01-15 05:33:00,2.8461,2.8461,2.8411,2.8421,2.8511,2.8511,2.8461,2.8471,10
2026-01-15 05:34:00,2.8426,2.8426,2.8416,2.8426,2.8476,2.8476,2.8466,2.8476,5
2026-01-15 05:35:00,2.8421,2.8421,2.8416,2.8416,2.8471,2.8471,2.8466,2.8466,2
2026-01-15 05:36:00,2.8426,2.8426,2.8426,2.8426,2.8476,2.8476,2.8476,2.8476,1
2026-01-15 05:37:00,2.8431,2.8431,2.8421,2.8421,2.8481,2.8481,2.8471,2.8471,2
2026-01-15 05:38:00,2.8426,2.8431,2.8426,2.8431,2.8476,2.8481,2.8476,2.8481,2
2026-01-15 05:39:00,2.8441,2.8461,2.8441,2.8451,2.8491,2.8511,2.8491,2.8501,5
2026-01-15 05:40:00,2.8456,2.8466,2.8456,2.8466,2.8506,2.8516,2.8506,2.8516,3
2026-01-15 05:41:00,2.8461,2.8466,2.8461,2.8466,2.8511,2.8516,2.8511,2.8516,2
2026-01-15 05:43:00,2.8471,2.8481,2.8471,2.8476,2.8521,2.8531,2.8521,2.8526,4
2026-01-15 05:44:00,2.8481,2.8491,2.8481,2.8486,2.8531,2.8541,2.8531,2.8536,3
2026-01-15 05:45:00,2.8491,2.8496,2.8491,2.8491,2.8541,2.8546,2.8541,2.8541,3
2026-01-15 05:46:00,2.8486,2.8561,2.8481,2.8556,2.8536,2.8611,2.8531,2.8606,15
2026-01-15 05:47:00,2.8551,2.8571,2.8551,2.8571,2.8601,2.8621,2.8601,2.8621,11
2026-01-15 05:48:00,2.8581,2.8581,2.8576,2.8576,2.8631,2.8631,2.8626,2.8626,2
2026-01-15 05:49:00,2.8571,2.8571,2.8526,2.8536,2.8621,2.8621,2.8576,2.8586,14
2026-01-15 05:50:00,2.8546,2.8556,2.8546,2.8556,2.8596,2.8606,2.8596,2.8606,3
2026-01-15 05:51:00,2.8546,2.8546,2.8536,2.8546,2.8596,2.8596,2.8586,2.8596,4
2026-01-15 05:53:00,2.8551,2.8551,2.8541,2.8541,2.8601,2.8601,2.8591,2.8591,3
2026-01-15 05:54:00,2.8546,2.8571,2.8546,2.8571,2.8596,2.8621,2.8596,2.8621,5
2026-01-15 05:55:00,2.8561,2.8561,2.8546,2.8551,2.8611,2.8611,2.8596,2.8601,4
2026-01-15 05:57:00,2.8546,2.8546,2.8406,2.8421,2.8596,2.8596,2.8456,2.8471,39
2026-01-15 05:58:00,2.8431,2.8441,2.8406,2.8406,2.8481,2.8491,2.8456,2.8456,10
2026-01-15 05:59:00,2.8416,2.8416,2.8416,2.8416,2.8466,2.8466,2.8466,2.8466,1
2026-01-15 06:00:00,2.8401,2.8401,2.8361,2.8391,2.8451,2.8451,2.8411,2.8441,8
2026-01-15 06:01:00,2.8386,2.8391,2.8381,2.8391,2.8436,2.8441,2.8431,2.8441,4
2026-01-15 06:02:00,2.8396,2.8431,2.8396,2.8416,2.8446,2.8481,2.8446,2.8466,10
2026-01-15 06:03:00,2.8411,2.8416,2.8411,2.8416,2.8461,2.8466,2.8461,2.8466,2
2026-01-15 06:05:00,2.8421,2.8436,2.8421,2.8436,2.8471,2.8486,2.8471,2.8486,7
2026-01-15 06:06:00,2.8441,2.8441,2.8431,2.8431,2.8491,2.8491,2.8481,2.8481,3
2026-01-15 06:07:00,2.8436,2.8436,2.8436,2.8436,2.8486,2.8486,2.8486,2.8486,1
2026-01-15 06:08:00,2.8451,2.8451,2.8416,2.8446,2.8501,2.8501,2.8466,2.8496,14
2026-01-15 06:09:00,2.8431,2.8451,2.8431,2.8451,2.8481,2.8501,2.8481,2.8501,5
2026-01-15 06:10:00,2.8456,2.8456,2.8456,2.8456,2.8506,2.8506,2.8506,2.8506,1
2026-01-15 06:12:00,2.8461,2.8471,2.8461,2.8471,2.8511,2.8521,2.8511,2.8521,2
2026-01-15 06:13:00,2.8476,2.8476,2.8476,2.8476,2.8526,2.8526,2.8526,2.8526,1
2026-01-15 06:15:00,2.8481,2.8526,2.8476,2.8526,2.8531,2.8576,2.8526,2.8576,14
2026-01-15 06:16:00,2.8536,2.8541,2.8521,2.8541,2.8586,2.8591,2.8571,2.8591,7
2026-01-15 06:17:00,2.8551,2.8556,2.8526,2.8536,2.8601,2.8606,2.8576,2.8586,9
2026-01-15 06:19:00,2.8541,2.8541,2.8541,2.8541,2.8591,2.8591,2.8591,2.8591,1
2026-01-15 06:20:00,2.8536,2.8556,2.8531,2.8551,2.8586,2.8606,2.8581,2.8601,7
2026-01-15 06:21:00,2.8556,2.8556,2.8551,2.8551,2.8606,2.8606,2.8601,2.8601,2
2026-01-15 06:22:00,2.8556,2.8556,2.8521,2.8521,2.8606,2.8606,2.8571,2.8571,6
2026-01-15 06:23:00,2.8516,2.8521,2.8516,2.8521,2.8566,2.8571,2.8566,2.8571,2
2026-01-15 06:24:00,2.8516,2.8521,2.8476,2.8486,2.8566,2.8571,2.8526,2.8536,7
2026-01-15 06:26:00,2.8491,2.8506,2.8486,2.8506,2.8541,2.8556,2.8536,2.8556,6
2026-01-15 06:27:00,2.8496,2.8501,2.8481,2.8501,2.8546,2.8551,2.8531,2.8551,4
2026-01-15 06:28:00,2.8506,2.8506,2.8506,2.8506,2.8556,2.8556,2.8556,2.8556,1
2026-01-15 06:29:00,2.8511,2.8511,2.8511,2.8511,2.8561,2.8561,2.8561,2.8561,1
2026-01-15 06:30:00,2.8501,2.8501,2.8451,2.8466,2.8551,2.8551,2.8501,2.8516,12
2026-01-15 06:31:00,2.8471,2.8541,2.8471,2.8516,2.8521,2.8591,2.8521,2.8566,9
2026-01-15 06:32:00,2.8521,2.8521,2.8501,2.8506,2.8571,2.8571,2.8551,2.8556,6
2026-01-15 06:33:00,2.8511,2.8561,2.8496,2.8551,2.8561,2.8611,2.8546,2.8601,11
2026-01-15 06:34:00,2.8556,2.8561,2.8546,2.8546,2.8606,2.8611,2.8596,2.8596,8
2026-01-15 06:35:00,2.8571,2.8681,2.8571,2.8681,2.8621,2.8731,2.8621,2.8731,34
2026-01-15 06:36:00,2.8666,2.8751,2.8656,2.8731,2.8716,2.8801,2.8706,2.8781,21
2026-01-15 06:37:00,2.8741,2.8761,2.8736,2.8736,2.8791,2.8811,2.8786,2.8786,13
2026-01-15 06:38:00,2.8726,2.8741,2.8726,2.8736,2.8776,2.8791,2.8776,2.8786,5
2026-01-15 06:39:00,2.8731,2.8731,2.8696,2.8696,2.8781,2.8781,2.8746,2.8746,6
2026-01-15 06:40:00,2.8691,2.8706,2.8691,2.8701,2.8741,2.8756,2.8741,2.8751,5
2026-01-15 06:41:00,2.8711,2.8771,2.8696,2.8771,2.8761,2.8821,2.8746,2.8821,16
2026-01-15 06:42:00,2.8766,2.8776,2.8756,2.8771,2.8816,2.8826,2.8806,2.8821,13
2026-01-15 06:43:00,2.8791,2.8801,2.8776,2.8776,2.8841,2.8851,2.8826,2.8826,16
2026-01-15 06:44:00,2.8801,2.8811,2.8796,2.8796,2.8851,2.8861,2.8846,2.8846,6
2026-01-15 06:45:00,2.8791,2.8811,2.8781,2.8796,2.8841,2.8861,2.8831,2.8846,11
2026-01-15 06:46:00,2.8801,2.8861,2.8801,2.8826,2.8851,2.8911,2.8851,2.8876,13
2026-01-15 06:47:00,2.8821,2.8826,2.8781,2.8781,2.8871,2.8876,2.8831,2.8831,10
2026-01-15 06:48:00,2.8791,2.8791,2.8761,2.8771,2.8841,2.8841,2.8811,2.8821,7
2026-01-15 06:49:00,2.8766,2.8771,2.8746,2.8746,2.8816,2.8821,2.8796,2.8796,10
2026-01-15 06:50:00,2.8751,2.8786,2.8746,2.8771,2.8801,2.8836,2.8796,2.8821,12
2026-01-15 06:51:00,2.8761,2.8781,2.8731,2.8741,2.8811,2.8831,2.8781,2.8791,16
2026-01-15 06:52:00,2.8751,2.8901,2.8751,2.8886,2.8801,2.8951,2.8801,2.8936,28
2026-01-15 06:53:00,2.8881,2.8951,2.8841,2.8931,2.8931,2.9001,2.8891,2.8981,21
2026-01-15 06:54:00,2.8921,2.8941,2.8906,2.8916,2.8971,2.8991,2.8956,2.8966,22
2026-01-15 06:55:00,2.8906,2.8991,2.8906,2.8981,2.8956,2.9041,2.8956,2.9031,31
2026-01-15 06:56:00,2.8976,2.8976,2.8861,2.8866,2.9026,2.9026,2.8911,2.8916,24
2026-01-15 06:57:00,2.8876,2.8906,2.8871,2.8871,2.8926,2.8956,2.8921,2.8921,10
2026-01-15 06:58:00,2.8866,2.8876,2.8851,2.8871,2.8916,2.8926,2.8901,2.8921,8
2026-01-15 06:59:00,2.8876,2.8876,2.8831,2.8841,2.8926,2.8926,2.8881,2.8891,10
2026-01-15 07:00:00,2.8836,2.8841,2.8741,2.8786,2.8886,2.8891,2.8791,2.8836,43
2026-01-15 07:01:00,2.8781,2.8781,2.8741,2.8756,2.8831,2.8831,2.8791,2.8806,16
2026-01-15 07:02:00,2.8761,2.8796,2.8761,2.8761,2.8811,2.8846,2.8811,2.8811,11
2026-01-15 07:03:00,2.8766,2.8766,2.8711,2.8726,2.8816,2.8816,2.8761,2.8776,8
2026-01-15 07:04:00,2.8721,2.8761,2.8721,2.8736,2.8771,2.8811,2.8771,2.8786,9
2026-01-15 07:05:00,2.8741,2.8776,2.8741,2.8771,2.8791,2.8826,2.8791,2.8821,11
2026-01-15 07:06:00,2.8781,2.8851,2.8766,2.8821,2.8831,2.8901,2.8816,2.8871,17
2026-01-15 07:07:00,2.8826,2.8826,2.8766,2.8786,2.8876,2.8876,2.8816,2.8836,14
2026-01-15 07:08:00,2.8776,2.8796,2.8761,2.8761,2.8826,2.8846,2.8811,2.8811,11
2026-01-15 07:09:00,2.8771,2.8831,2.8771,2.8826,2.8821,2.8881,2.8821,2.8876,14
2026-01-15 07:10:00,2.8821,2.8821,2.8751,2.8751,2.8871,2.8871,2.8801,2.8801,14
2026-01-15 07:11:00,2.8741,2.8761,2.8701,2.8701,2.8791,2.8811,2.8751,2.8751,21
2026-01-15 07:12:00,2.8681,2.8701,2.8561,2.8571,2.8731,2.8751,2.8611,2.8621,30
2026-01-15 07:13:00,2.8586,2.8656,2.8586,2.8626,2.8636,2.8706,2.8636,2.8676,21
2026-01-15 07:14:00,2.8631,2.8651,2.8631,2.8651,2.8681,2.8701,2.8681,2.8701,6
2026-01-15 07:15:00,2.8661,2.8801,2.8661,2.8751,2.8711,2.8851,2.8711,2.8801,31
2026-01-15 07:16:00,2.8741,2.8771,2.8741,2.8771,2.8791,2.8821,2.8791,2.8821,14
2026-01-15 07:17:00,2.8776,2.8911,2.8756,2.8881,2.8826,2.8961,2.8806,2.8931,34
2026-01-15 07:18:00,2.8871,2.8961,2.8841,2.8941,2.8921,2.9011,2.8891,2.8991,27
2026-01-15 07:19:00,2.8926,2.8926,2.8891,2.8916,2.8976,2.8976,2.8941,2.8966,16
2026-01-15 07:20:00,2.8911,2.8941,2.8886,2.8931,2.8961,2.8991,2.8936,2.8981,16
2026-01-15 07:21:00,2.8926,2.8926,2.8906,2.8906,2.8976,2.8976,2.8956,2.8956,7
2026-01-15 07:22:00,2.8901,2.8921,2.8901,2.8911,2.8951,2.8971,2.8951,2.8961,8
2026-01-15 07:23:00,2.8921,2.9001,2.8911,2.8961,2.8971,2.9051,2.8961,2.9011,26
2026-01-15 07:24:00,2.8956,2.9011,2.8956,2.8991,2.9006,2.9061,2.9006,2.9041,18
2026-01-15 07:25:00,2.8986,2.9046,2.8981,2.9001,2.9036,2.9096,2.9031,2.9051,24
2026-01-15 07:26:00,2.8996,2.9001,2.8991,2.9001,2.9046,2.9051,2.9041,2.9051,7
2026-01-15 07:27:00,2.8996,2.8996,2.8966,2.8981,2.9046,2.9046,2.9016,2.9031,12
2026-01-15 07:28:00,2.8976,2.9036,2.8971,2.9021,2.9026,2.9086,2.9021,2.9071,16
2026-01-15 07:29:00,2.9026,2.9026,2.9026,2.9026,2.9076,2.9076,2.9076,2.9076,1
2026-01-15 07:30:00,2.9031,2.9046,2.8981,2.9031,2.9081,2.9096,2.9031,2.9081,20
2026-01-15 07:31:00,2.9041,2.9056,2.8961,2.8986,2.9091,2.9106,2.9011,2.9036,18
2026-01-15 07:32:00,2.8991,2.9076,2.8991,2.9051,2.9041,2.9126,2.9041,2.9101,16
2026-01-15 07:33:00,2.9071,2.9071,2.9016,2.9016,2.9121,2.9121,2.9066,2.9066,12
2026-01-15 07:34:00,2.9011,2.9026,2.8931,2.8931,2.9061,2.9076,2.8981,2.8981,12
2026-01-15 07:35:00,2.8941,2.8961,2.8941,2.8941,2.8991,2.9011,2.8991,2.8991,8
2026-01-15 07:36:00,2.8956,2.8961,2.8956,2.8961,2.9006,2.9011,2.9006,2.9011,2
2026-01-15 07:37:00,2.8956,2.8966,2.8956,2.8966,2.9006,2.9016,2.9006,2.9016,2
2026-01-15 07:38:00,2.8971,2.8971,2.8956,2.8956,2.9021,2.9021,2.9006,2.9006,3
2026-01-15 07:39:00,2.8906,2.8916,2.8871,2.8916,2.8956,2.8966,2.8921,2.8966,12
2026-01-15 07:40:00,2.8911,2.8911,2.8901,2.8906,2.8961,2.8961,2.8951,2.8956,5
2026-01-15 07:41:00,2.8891,2.8906,2.8881,2.8906,2.8941,2.8956,2.8931,2.8956,14
2026-01-15 07:42:00,2.8911,2.8931,2.8901,2.8931,2.8961,2.8981,2.8951,2.8981,5
2026-01-15 07:43:00,2.8921,2.8926,2.8916,2.8921,2.8971,2.8976,2.8966,2.8971,5
2026-01-15 07:44:00,2.8916,2.8926,2.8916,2.8926,2.8966,2.8976,2.8966,2.8976,4
2026-01-15 07:45:00,2.8916,2.8931,2.8911,2.8911,2.8966,2.8981,2.8961,2.8961,8
2026-01-15 07:46:00,2.8916,2.8941,2.8911,2.8921,2.8966,2.8991,2.8961,2.8971,15
2026-01-15 07:47:00,2.8916,2.8956,2.8916,2.8941,2.8966,2.9006,2.8966,2.8991,14
2026-01-15 07:48:00,2.8946,2.8971,2.8946,2.8951,2.8996,2.9021,2.8996,2.9001,14
2026-01-15 07:49:00,2.8961,2.8976,2.8946,2.8976,2.9011,2.9026,2.8996,2.9026,12
2026-01-15 07:50:00,2.8981,2.8991,2.8956,2.8981,2.9031,2.9041,2.9006,2.9031,12
2026-01-15 07:51:00,2.8971,2.8971,2.8866,2.8866,2.9021,2.9021,2.8916,2.8916,19
2026-01-15 07:52:00,2.8861,2.8876,2.8841,2.8866,2.8911,2.8926,2.8891,2.8916,18
2026-01-15 07:53:00,2.8861,2.8876,2.8861,2.8876,2.8911,2.8926,2.8911,2.8926,7
2026-01-15 07:54:00,2.8881,2.8896,2.8816,2.8816,2.8931,2.8946,2.8866,2.8866,17
2026-01-15 07:55:00,2.8821,2.8846,2.8821,2.8846,2.8871,2.8896,2.8871,2.8896,11
2026-01-15 07:56:00,2.8851,2.8851,2.8831,2.8846,2.8901,2.8901,2.8881,2.8896,6
2026-01-15 07:57:00,2.8841,2.8861,2.8841,2.8861,2.8891,2.8911,2.8891,2.8911,7
2026-01-15 07:58:00,2.8851,2.8891,2.8851,2.8886,2.8901,2.8941,2.8901,2.8936,12
2026-01-15 07:59:00,2.8876,2.8891,2.8876,2.8881,2.8926,2.8941,2.8926,2.8931,4
2026-01-15 08:00:00,2.8886,2.8891,2.8841,2.8891,2.8936,2.8941,2.8891,2.8941,19
2026-01-15 08:01:00,2.8896,2.8911,2.8891,2.8891,2.8946,2.8961,2.8941,2.8941,7
2026-01-15 08:02:00,2.8896,2.8901,2.8866,2.8866,2.8946,2.8951,2.8916,2.8916,9
2026-01-15 08:03:00,2.8856,2.8866,2.8791,2.8866,2.8906,2.8916,2.8841,2.8916,20
2026-01-15 08:04:00,2.8856,2.8856,2.8796,2.8811,2.8906,2.8906,2.8846,2.8861,10
2026-01-15 08:05:00,2.8806,2.8816,2.8791,2.8791,2.8856,2.8866,2.8841,2.8841,7
2026-01-15 08:06:00,2.8796,2.8806,2.8791,2.8801,2.8846,2.8856,2.8841,2.8851,5
2026-01-15 08:07:00,2.8796,2.8856,2.8796,2.8856,2.8846,2.8906,2.8846,2.8906,11
2026-01-15 08:08:00,2.8861,2.8876,2.8836,2.8871,2.8911,2.8926,2.8886,2.8921,10
2026-01-15 08:09:00,2.8861,2.8891,2.8846,2.8891,2.8911,2.8941,2.8896,2.8941,7
2026-01-15 08:10:00,2.8886,2.8911,2.8876,2.8906,2.8936,2.8961,2.8926,2.8956,11
2026-01-15 08:11:00,2.8911,2.8911,2.8861,2.8861,2.8961,2.8961,2.8911,2.8911,11
2026-01-15 08:12:00,2.8856,2.8871,2.8851,2.8851,2.8906,2.8921,2.8901,2.8901,9
2026-01-15 08:14:00,2.8841,2.8846,2.8826,2.8846,2.8891,2.8896,2.8876,2.8896,9
2026-01-15 08:15:00,2.8841,2.8846,2.8841,2.8846,2.8891,2.8896,2.8891,2.8896,2
2026-01-15 08:16:00,2.8841,2.8851,2.8841,2.8851,2.8891,2.8901,2.8891,2.8901,5
2026-01-15 08:17:00,2.8846,2.8846,2.8836,2.8841,2.8896,2.8896,2.8886,2.8891,5
2026-01-15 08:18:00,2.8846,2.8846,2.8821,2.8831,2.8896,2.8896,2.8871,2.8881,5
2026-01-15 08:19:00,2.8826,2.8841,2.8821,2.8826,2.8876,2.8891,2.8871,2.8876,9
2026-01-15 08:20:00,2.8836,2.8836,2.8826,2.8831,2.8886,2.8886,2.8876,2.8881,4
2026-01-15 08:22:00,2.8816,2.8826,2.8791,2.8826,2.8866,2.8876,2.8841,2.8876,11
2026-01-15 08:23:00,2.8831,2.8841,2.8826,2.8841,2.8881,2.8891,2.8876,2.8891,6
2026-01-15 08:24:00,2.8836,2.8891,2.8836,2.8881,2.8886,2.8941,2.8886,2.8931,14
2026-01-15 08:25:00,2.8886,2.8926,2.8881,2.8901,2.8936,2.8976,2.8931,2.8951,13
2026-01-15 08:26:00,2.8896,2.8911,2.8896,2.8901,2.8946,2.8961,2.8946,2.8951,8
2026-01-15 08:27:00,2.8911,2.8941,2.8896,2.8931,2.8961,2.8991,2.8946,2.8981,17
2026-01-15 08:28:00,2.8926,2.8936,2.8921,2.8921,2.8976,2.8986,2.8971,2.8971,12
2026-01-15 08:29:00,2.8926,2.8926,2.8911,2.8926,2.8976,2.8976,2.8961,2.8976,7
2026-01-15 08:30:00,2.8921,2.8936,2.8911,2.8911,2.8971,2.8986,2.8961,2.8961,15
2026-01-15 08:31:00,2.8916,2.8946,2.8916,2.8936,2.8966,2.8996,2.8966,2.8986,12
2026-01-15 08:32:00,2.8931,2.8951,2.8921,2.8951,2.8981,2.9001,2.8971,2.9001,8
2026-01-15 08:33:00,2.8956,2.9001,2.8956,2.9001,2.9006,2.9051,2.9006,2.9051,9
2026-01-15 08:34:00,2.8996,2.9011,2.8981,2.9011,2.9046,2.9061,2.9031,2.9061,6
2026-01-15 08:35:00,2.9006,2.9011,2.8991,2.9011,2.9056,2.9061,2.9041,2.9061,10
2026-01-15 08:36:00,2.9006,2.9031,2.9001,2.9006,2.9056,2.9081,2.9051,2.9056,12
2026-01-15 08:37:00,2.8996,2.9021,2.8971,2.9021,2.9046,2.9071,2.9021,2.9071,18
2026-01-15 08:38:00,2.9016,2.9081,2.9016,2.9061,2.9066,2.9131,2.9066,2.9111,19
2026-01-15 08:39:00,2.9046,2.9101,2.9041,2.9076,2.9096,2.9151,2.9091,2.9126,21
2026-01-15 08:40:00,2.9066,2.9146,2.9061,2.9131,2.9116,2.9196,2.9111,2.9181,18
2026-01-15 08:41:00,2.9121,2.9136,2.9106,2.9116,2.9171,2.9186,2.9156,2.9166,15
2026-01-15 08:42:00,2.9106,2.9126,2.9091,2.9121,2.9156,2.9176,2.9141,2.9171,8
2026-01-15 08:43:00,2.9116,2.9121,2.9111,2.9121,2.9166,2.9171,2.9161,2.9171,5
2026-01-15 08:44:00,2.9116,2.9161,2.9116,2.9161,2.9166,2.9211,2.9166,2.9211,13
2026-01-15 08:45:00,2.9171,2.9171,2.9121,2.9136,2.9221,2.9221,2.9171,2.9186,11
2026-01-15 08:46:00,2.9146,2.9146,2.9056,2.9111,2.9196,2.9196,2.9106,2.9161,19
2026-01-15 08:47:00,2.9121,2.9151,2.9121,2.9151,2.9171,2.9201,2.9171,2.9201,12
2026-01-15 08:48:00,2.9141,2.9171,2.9101,2.9111,2.9191,2.9221,2.9151,2.9161,23
2026-01-15 08:49:00,2.9116,2.9116,2.9086,2.9086,2.9166,2.9166,2.9136,2.9136,4
2026-01-15 08:50:00,2.9091,2.9161,2.9091,2.9151,2.9141,2.9211,2.9141,2.9201,18
2026-01-15 08:51:00,2.9161,2.9166,2.9151,2.9166,2.9211,2.9216,2.9201,2.9216,7
2026-01-15 08:52:00,2.9161,2.9201,2.9161,2.9186,2.9211,2.9251,2.9211,2.9236,13
2026-01-15 08:53:00,2.9191,2.9191,2.9151,2.9161,2.9241,2.9241,2.9201,2.9211,13
2026-01-15 08:54:00,2.9166,2.9186,2.9156,2.9186,2.9216,2.9236,2.9206,2.9236,9
2026-01-15 08:55:00,2.9191,2.9191,2.9181,2.9186,2.9241,2.9241,2.9231,2.9236,4
2026-01-15 08:56:00,2.9196,2.9201,2.9156,2.9156,2.9246,2.9251,2.9206,2.9206,18
2026-01-15 08:57:00,2.9161,2.9161,2.9151,2.9161,2.9211,2.9211,2.9201,2.9211,6
2026-01-15 08:58:00,2.9151,2.9151,2.9121,2.9121,2.9201,2.9201,2.9171,2.9171,10
2026-01-15 08:59:00,2.9116,2.9141,2.9116,2.9136,2.9166,2.9191,2.9166,2.9186,4
2026-01-15 09:00:00,2.9141,2.9171,2.9131,2.9171,2.9191,2.9221,2.9181,2.9221,17
2026-01-15 09:01:00,2.9176,2.9201,2.9166,2.9201,2.9226,2.9251,2.9216,2.9251,18
2026-01-15 09:02:00,2.9196,2.9201,2.9171,2.9196,2.9246,2.9251,2.9221,2.9246,10
2026-01-15 09:03:00,2.9191,2.9201,2.9181,2.9191,2.9241,2.9251,2.9231,2.9241,8
2026-01-15 09:04:00,2.9201,2.9211,2.9141,2.9166,2.9251,2.9261,2.9191,2.9216,18
2026-01-15 09:05:00,2.9171,2.9176,2.9166,2.9171,2.9221,2.9226,2.9216,2.9221,5
2026-01-15 09:06:00,2.9181,2.9191,2.9181,2.9191,2.9231,2.9241,2.9231,2.9241,2
2026-01-15 09:07:00,2.9196,2.9201,2.9196,2.9196,2.9246,2.9251,2.9246,2.9246,3
2026-01-15 09:08:00,2.9211,2.9226,2.9151,2.9171,2.9261,2.9276,2.9201,2.9221,20
2026-01-15 09:09:00,2.9166,2.9181,2.9161,2.9176,2.9216,2.9231,2.9211,2.9226,16
2026-01-15 09:10:00,2.9181,2.9231,2.9181,2.9216,2.9231,2.9281,2.9231,2.9266,16
2026-01-15 09:11:00,2.9221,2.9226,2.9216,2.9226,2.9271,2.9276,2.9266,2.9276,6
2026-01-15 09:12:00,2.9231,2.9251,2.9221,2.9236,2.9281,2.9301,2.9271,2.9286,13
2026-01-15 09:13:00,2.9241,2.9241,2.9221,2.9236,2.9291,2.9291,2.9271,2.9286,10
2026-01-15 09:14:00,2.9231,2.9246,2.9231,2.9236,2.9281,2.9296,2.9281,2.9286,4
2026-01-15 09:15:00,2.9241,2.9256,2.9241,2.9256,2.9291,2.9306,2.9291,2.9306,5
2026-01-15 09:16:00,2.9251,2.9251,2.9221,2.9231,2.9301,2.9301,2.9271,2.9281,10
2026-01-15 09:17:00,2.9236,2.9251,2.9231,2.9251,2.9286,2.9301,2.9281,2.9301,6
2026-01-15 09:18:00,2.9246,2.9261,2.9241,2.9256,2.9296,2.9311,2.9291,2.9306,16
2026-01-15 09:19:00,2.9246,2.9256,2.9236,2.9251,2.9296,2.9306,2.9286,2.9301,6
2026-01-15 09:20:00,2.9246,2.9251,2.9221,2.9221,2.9296,2.9301,2.9271,2.9271,8
2026-01-15 09:21:00,2.9226,2.9226,2.9211,2.9211,2.9276,2.9276,2.9261,2.9261,5
2026-01-15 09:22:00,2.9216,2.9261,2.9211,2.9246,2.9266,2.9311,2.9261,2.9296,15
2026-01-15 09:23:00,2.9251,2.9331,2.9251,2.9311,2.9301,2.9381,2.9301,2.9361,21
2026-01-15 09:24:00,2.9316,2.9321,2.9291,2.9301,2.9366,2.9371,2.9341,2.9351,12
2026-01-15 09:25:00,2.9306,2.9331,2.9301,2.9321,2.9356,2.9381,2.9351,2.9371,15
2026-01-15 09:26:00,2.9316,2.9331,2.9311,2.9326,2.9366,2.9381,2.9361,2.9376,12
2026-01-15 09:27:00,2.9331,2.9331,2.9261,2.9301,2.9381,2.9381,2.9311,2.9351,21
2026-01-15 09:28:00,2.9296,2.9296,2.9281,2.9286,2.9346,2.9346,2.9331,2.9336,8
2026-01-15 09:29:00,2.9291,2.9331,2.9291,2.9331,2.9341,2.9381,2.9341,2.9381,9
2026-01-15 09:30:00,2.9326,2.9326,2.9266,2.9281,2.9376,2.9376,2.9316,2.9331,15
2026-01-15 09:31:00,2.9276,2.9326,2.9276,2.9316,2.9326,2.9376,2.9326,2.9366,11
2026-01-15 09:32:00,2.9321,2.9331,2.9306,2.9321,2.9371,2.9381,2.9356,2.9371,9
2026-01-15 09:33:00,2.9316,2.9331,2.9281,2.9331,2.9366,2.9381,2.9331,2.9381,32
2026-01-15 09:34:00,2.9326,2.9326,2.9301,2.9311,2.9376,2.9376,2.9351,2.9361,13
2026-01-15 09:35:00,2.9306,2.9331,2.9291,2.9331,2.9356,2.9381,2.9341,2.9381,19
2026-01-15 09:36:00,2.9326,2.9381,2.9326,2.9371,2.9376,2.9431,2.9376,2.9421,13
2026-01-15 09:37:00,2.9366,2.9386,2.9351,2.9351,2.9416,2.9436,2.9401,2.9401,17
2026-01-15 09:38:00,2.9356,2.9371,2.9356,2.9356,2.9406,2.9421,2.9406,2.9406,12
2026-01-15 09:39:00,2.9361,2.9361,2.9356,2.9356,2.9411,2.9411,2.9406,2.9406,4
2026-01-15 09:40:00,2.9351,2.9361,2.9351,2.9356,2.9401,2.9411,2.9401,2.9406,5
2026-01-15 09:41:00,2.9351,2.9361,2.9341,2.9346,2.9401,2.9411,2.9391,2.9396,11
2026-01-15 09:42:00,2.9351,2.9381,2.9351,2.9381,2.9401,2.9431,2.9401,2.9431,4
2026-01-15 09:43:00,2.9371,2.9371,2.9341,2.9366,2.9421,2.9421,2.9391,2.9416,15
2026-01-15 09:44:00,2.9361,2.9366,2.9351,2.9366,2.9411,2.9416,2.9401,2.9416,6
2026-01-15 09:45:00,2.9371,2.9386,2.9361,2.9371,2.9421,2.9436,2.9411,2.9421,8
2026-01-15 09:46:00,2.9366,2.9391,2.9361,2.9391,2.9416,2.9441,2.9411,2.9441,11
2026-01-15 09:47:00,2.9386,2.9391,2.9386,2.9386,2.9436,2.9441,2.9436,2.9436,5
2026-01-15 09:48:00,2.9401,2.9421,2.9371,2.9371,2.9451,2.9471,2.9421,2.9421,21
2026-01-15 09:49:00,2.9376,2.9411,2.9326,2.9411,2.9426,2.9461,2.9376,2.9461,36
2026-01-15 09:50:00,2.9416,2.9421,2.9401,2.9416,2.9466,2.9471,2.9451,2.9466,17
2026-01-15 09:51:00,2.9421,2.9431,2.9391,2.9431,2.9471,2.9481,2.9441,2.9481,18
2026-01-15 09:52:00,2.9426,2.9451,2.9411,2.9411,2.9476,2.9501,2.9461,2.9461,23
2026-01-15 09:53:00,2.9416,2.9421,2.9411,2.9421,2.9466,2.9471,2.9461,2.9471,9
2026-01-15 09:54:00,2.9416,2.9421,2.9401,2.9406,2.9466,2.9471,2.9451,2.9456,15
2026-01-15 09:55:00,2.9401,2.9431,2.9401,2.9421,2.9451,2.9481,2.9451,2.9471,10
2026-01-15 09:56:00,2.9431,2.9451,2.9431,2.9441,2.9481,2.9501,2.9481,2.9491,19
2026-01-15 09:57:00,2.9446,2.9451,2.9436,2.9446,2.9496,2.9501,2.9486,2.9496,30
2026-01-15 09:58:00,2.9436,2.9436,2.9381,2.9416,2.9486,2.9486,2.9431,2.9466,16
2026-01-15 09:59:00,2.9411,2.9411,2.9406,2.9411,2.9461,2.9461,2.9456,2.9461,5
2026-01-15 10:00:00,2.9401,2.9441,2.9381,2.9436,2.9451,2.9491,2.9431,2.9486,17
2026-01-15 10:01:00,2.9431,2.9446,2.9431,2.9446,2.9481,2.9496,2.9481,2.9496,5
2026-01-15 10:02:00,2.9451,2.9451,2.9441,2.9446,2.9501,2.9501,2.9491,2.9496,5
2026-01-15 10:03:00,2.9451,2.9451,2.9441,2.9451,2.9501,2.9501,2.9491,2.9501,11
2026-01-15 10:04:00,2.9446,2.9446,2.9441,2.9441,2.9496,2.9496,2.9491,2.9491,4
2026-01-15 10:05:00,2.9446,2.9446,2.9431,2.9431,2.9496,2.9496,2.9481,2.9481,8
2026-01-15 10:06:00,2.9436,2.9441,2.9421,2.9421,2.9486,2.9491,2.9471,2.9471,7
2026-01-15 10:07:00,2.9416,2.9416,2.9371,2.9381,2.9466,2.9466,2.9421,2.9431,18
2026-01-15 10:08:00,2.9376,2.9401,2.9376,2.9401,2.9426,2.9451,2.9426,2.9451,14
2026-01-15 10:09:00,2.9411,2.9426,2.9411,2.9411,2.9461,2.9476,2.9461,2.9461,8
2026-01-15 10:10:00,2.9406,2.9421,2.9406,2.9411,2.9456,2.9471,2.9456,2.9461,10
2026-01-15 10:11:00,2.9401,2.9401,2.9396,2.9401,2.9451,2.9451,2.9446,2.9451,9
2026-01-15 10:12:00,2.9406,2.9406,2.9356,2.9361,2.9456,2.9456,2.9406,2.9411,12
2026-01-15 10:13:00,2.9356,2.9371,2.9331,2.9346,2.9406,2.9421,2.9381,2.9396,16
2026-01-15 10:14:00,2.9341,2.9341,2.9326,2.9341,2.9391,2.9391,2.9376,2.9391,20
2026-01-15 10:15:00,2.9336,2.9341,2.9281,2.9296,2.9386,2.9391,2.9331,2.9346,23
2026-01-15 10:16:00,2.9291,2.9341,2.9291,2.9301,2.9341,2.9391,2.9341,2.9351,22
2026-01-15 10:17:00,2.9311,2.9321,2.9291,2.9316,2.9361,2.9371,2.9341,2.9366,17
2026-01-15 10:18:00,2.9321,2.9341,2.9301,2.9336,2.9371,2.9391,2.9351,2.9386,18
2026-01-15 10:19:00,2.9341,2.9371,2.9341,2.9361,2.9391,2.9421,2.9391,2.9411,10
2026-01-15 10:20:00,2.9391,2.9406,2.9391,2.9401,2.9441,2.9456,2.9441,2.9451,17
2026-01-15 10:21:00,2.9411,2.9421,2.9396,2.9401,2.9461,2.9471,2.9446,2.9451,11
2026-01-15 10:22:00,2.9411,2.9431,2.9406,2.9431,2.9461,2.9481,2.9456,2.9481,6
2026-01-15 10:23:00,2.9436,2.9481,2.9436,2.9481,2.9486,2.9531,2.9486,2.9531,17
2026-01-15 10:24:00,2.9476,2.9531,2.9461,2.9531,2.9526,2.9581,2.9511,2.9581,28
2026-01-15 10:25:00,2.9526,2.9531,2.9521,2.9531,2.9576,2.9581,2.9571,2.9581,10
2026-01-15 10:26:00,2.9536,2.9561,2.9521,2.9521,2.9586,2.9611,2.9571,2.9571,22
2026-01-15 10:27:00,2.9516,2.9531,2.9511,2.9531,2.9566,2.9581,2.9561,2.9581,9
2026-01-15 10:28:00,2.9536,2.9536,2.9531,2.9536,2.9586,2.9586,2.9581,2.9586,5
2026-01-15 10:29:00,2.9541,2.9551,2.9536,2.9551,2.9591,2.9601,2.9586,2.9601,12
2026-01-15 10:30:00,2.9556,2.9601,2.9541,2.9581,2.9606,2.9651,2.9591,2.9631,25
2026-01-15 10:31:00,2.9576,2.9581,2.9551,2.9561,2.9626,2.9631,2.9601,2.9611,11
2026-01-15 10:32:00,2.9566,2.9581,2.9556,2.9561,2.9616,2.9631,2.9606,2.9611,15
2026-01-15 10:33:00,2.9571,2.9596,2.9561,2.9596,2.9621,2.9646,2.9611,2.9646,9
2026-01-15 10:34:00,2.9601,2.9621,2.9536,2.9536,2.9651,2.9671,2.9586,2.9586,18
2026-01-15 10:35:00,2.9531,2.9546,2.9516,2.9541,2.9581,2.9596,2.9566,2.9591,16
2026-01-15 10:36:00,2.9546,2.9551,2.9526,2.9551,2.9596,2.9601,2.9576,2.9601,10
2026-01-15 10:37:00,2.9546,2.9571,2.9541,2.9571,2.9596,2.9621,2.9591,2.9621,9
2026-01-15 10:38:00,2.9581,2.9591,2.9556,2.9581,2.9631,2.9641,2.9606,2.9631,19
2026-01-15 10:39:00,2.9576,2.9581,2.9566,2.9566,2.9626,2.9631,2.9616,2.9616,11
2026-01-15 10:40:00,2.9571,2.9581,2.9571,2.9581,2.9621,2.9631,2.9621,2.9631,3
2026-01-15 10:41:00,2.9586,2.9611,2.9541,2.9551,2.9636,2.9661,2.9591,2.9601,17
2026-01-15 10:42:00,2.9546,2.9566,2.9541,2.9541,2.9596,2.9616,2.9591,2.9591,13
2026-01-15 10:43:00,2.9546,2.9576,2.9531,2.9571,2.9596,2.9626,2.9581,2.9621,12
2026-01-15 10:44:00,2.9576,2.9601,2.9556,2.9566,2.9626,2.9651,2.9606,2.9616,23
2026-01-15 10:45:00,2.9551,2.9571,2.9551,2.9571,2.9601,2.9621,2.9601,2.9621,4
2026-01-15 10:46:00,2.9576,2.9576,2.9551,2.9576,2.9626,2.9626,2.9601,2.9626,12
2026-01-15 10:47:00,2.9571,2.9581,2.9561,2.9561,2.9621,2.9631,2.9611,2.9611,5
2026-01-15 10:48:00,2.9556,2.9561,2.9551,2.9556,2.9606,2.9611,2.9601,2.9606,5
2026-01-15 10:49:00,2.9551,2.9551,2.9521,2.9521,2.9601,2.9601,2.9571,2.9571,19
2026-01-15 10:50:00,2.9516,2.9521,2.9481,2.9481,2.9566,2.9571,2.9531,2.9531,10
2026-01-15 10:51:00,2.9471,2.9476,2.9421,2.9446,2.9521,2.9526,2.9471,2.9496,17
2026-01-15 10:52:00,2.9456,2.9521,2.9451,2.9506,2.9506,2.9571,2.9501,2.9556,14
2026-01-15 10:53:00,2.9501,2.9501,2.9496,2.9501,2.9551,2.9551,2.9546,2.9551,3
2026-01-15 10:54:00,2.9506,2.9511,2.9481,2.9501,2.9556,2.9561,2.9531,2.9551,13
2026-01-15 10:55:00,2.9511,2.9541,2.9506,2.9521,2.9561,2.9591,2.9556,2.9571,9
2026-01-15 10:56:00,2.9516,2.9516,2.9486,2.9496,2.9566,2.9566,2.9536,2.9546,8
2026-01-15 10:57:00,2.9491,2.9501,2.9486,2.9491,2.9541,2.9551,2.9536,2.9541,6
2026-01-15 10:58:00,2.9501,2.9501,2.9491,2.9491,2.9551,2.9551,2.9541,2.9541,4
2026-01-15 10:59:00,2.9501,2.9561,2.9501,2.9556,2.9551,2.9611,2.9551,2.9606,25
2026-01-15 11:00:00,2.9546,2.9551,2.9516,2.9521,2.9596,2.9601,2.9566,2.9571,18
2026-01-15 11:01:00,2.9516,2.9551,2.9516,2.9546,2.9566,2.9601,2.9566,2.9596,13
2026-01-15 11:02:00,2.9566,2.9581,2.9556,2.9556,2.9616,2.9631,2.9606,2.9606,9
2026-01-15 11:03:00,2.9561,2.9561,2.9501,2.9501,2.9611,2.9611,2.9551,2.9551,15
2026-01-15 11:04:00,2.9506,2.9546,2.9506,2.9546,2.9556,2.9596,2.9556,2.9596,11
2026-01-15 11:05:00,2.9541,2.9541,2.9521,2.9536,2.9591,2.9591,2.9571,2.9586,5
2026-01-15 11:06:00,2.9531,2.9531,2.9506,2.9521,2.9581,2.9581,2.9556,2.9571,6
2026-01-15 11:07:00,2.9526,2.9526,2.9516,2.9521,2.9576,2.9576,2.9566,2.9571,4
2026-01-15 11:08:00,2.9531,2.9546,2.9531,2.9531,2.9581,2.9596,2.9581,2.9581,6
2026-01-15 11:09:00,2.9536,2.9541,2.9501,2.9526,2.9586,2.9591,2.9551,2.9576,15
2026-01-15 11:10:00,2.9531,2.9536,2.9521,2.9526,2.9581,2.9586,2.9571,2.9576,13
2026-01-15 11:11:00,2.9531,2.9531,2.9486,2.9506,2.9581,2.9581,2.9536,2.9556,8
2026-01-15 11:12:00,2.9521,2.9541,2.9516,2.9531,2.9571,2.9591,2.9566,2.9581,14
2026-01-15 11:13:00,2.9521,2.9531,2.9521,2.9521,2.9571,2.9581,2.9571,2.9571,6
2026-01-15 11:14:00,2.9526,2.9551,2.9526,2.9541,2.9576,2.9601,2.9576,2.9591,8
2026-01-15 11:15:00,2.9546,2.9561,2.9521,2.9521,2.9596,2.9611,2.9571,2.9571,8
2026-01-15 11:16:00,2.9516,2.9521,2.9501,2.9511,2.9566,2.9571,2.9551,2.9561,9
2026-01-15 11:17:00,2.9506,2.9531,2.9491,2.9516,2.9556,2.9581,2.9541,2.9566,15
2026-01-15 11:18:00,2.9511,2.9551,2.9511,2.9541,2.9561,2.9601,2.9561,2.9591,10
2026-01-15 11:19:00,2.9546,2.9551,2.9531,2.9536,2.9596,2.9601,2.9581,2.9586,6
2026-01-15 11:20:00,2.9531,2.9561,2.9531,2.9561,2.9581,2.9611,2.9581,2.9611,10
2026-01-15 11:21:00,2.9556,2.9561,2.9531,2.9541,2.9606,2.9611,2.9581,2.9591,17
2026-01-15 11:22:00,2.9536,2.9546,2.9536,2.9546,2.9586,2.9596,2.9586,2.9596,7
2026-01-15 11:23:00,2.9551,2.9551,2.9486,2.9506,2.9601,2.9601,2.9536,2.9556,14
2026-01-15 11:24:00,2.9501,2.9516,2.9501,2.9501,2.9551,2.9566,2.9551,2.9551,6
2026-01-15 11:25:00,2.9491,2.9511,2.9486,2.9486,2.9541,2.9561,2.9536,2.9536,12
2026-01-15 11:26:00,2.9491,2.9501,2.9481,2.9481,2.9541,2.9551,2.9531,2.9531,9
2026-01-15 11:27:00,2.9486,2.9501,2.9481,2.9491,2.9536,2.9551,2.9531,2.9541,14
2026-01-15 11:28:00,2.9486,2.9486,2.9441,2.9471,2.9536,2.9536,2.9491,2.9521,13
2026-01-15 11:29:00,2.9461,2.9476,2.9431,2.9476,2.9511,2.9526,2.9481,2.9526,25
2026-01-15 11:30:00,2.9481,2.9481,2.9426,2.9426,2.9531,2.9531,2.9476,2.9476,24
2026-01-15 11:31:00,2.9436,2.9441,2.9411,2.9421,2.9486,2.9491,2.9461,2.9471,18
2026-01-15 11:32:00,2.9431,2.9451,2.9411,2.9411,2.9481,2.9501,2.9461,2.9461,11
2026-01-15 11:33:00,2.9416,2.9466,2.9416,2.9461,2.9466,2.9516,2.9466,2.9511,17
2026-01-15 11:34:00,2.9456,2.9461,2.9446,2.9456,2.9506,2.9511,2.9496,2.9506,7
2026-01-15 11:35:00,2.9461,2.9461,2.9441,2.9461,2.9511,2.9511,2.9491,2.9511,6
2026-01-15 11:36:00,2.9466,2.9481,2.9461,2.9476,2.9516,2.9531,2.9511,2.9526,17
2026-01-15 11:37:00,2.9471,2.9481,2.9471,2.9481,2.9521,2.9531,2.9521,2.9531,3
2026-01-15 11:38:00,2.9476,2.9491,2.9381,2.9381,2.9526,2.9541,2.9431,2.9431,29
2026-01-15 11:39:00,2.9386,2.9426,2.9386,2.9421,2.9436,2.9476,2.9436,2.9471,8
2026-01-15 11:40:00,2.9426,2.9431,2.9401,2.9411,2.9476,2.9481,2.9451,2.9461,10
2026-01-15 11:41:00,2.9421,2.9421,2.9396,2.9396,2.9471,2.9471,2.9446,2.9446,14
2026-01-15 11:42:00,2.9391,2.9401,2.9291,2.9311,2.9441,2.9451,2.9341,2.9361,32
2026-01-15 11:43:00,2.9316,2.9341,2.9316,2.9331,2.9366,2.9391,2.9366,2.9381,9
2026-01-15 11:44:00,2.9346,2.9376,2.9346,2.9371,2.9396,2.9426,2.9396,2.9421,9
2026-01-15 11:45:00,2.9361,2.9411,2.9361,2.9411,2.9411,2.9461,2.9411,2.9461,13
2026-01-15 11:46:00,2.9431,2.9431,2.9421,2.9431,2.9481,2.9481,2.9471,2.9481,11
2026-01-15 11:47:00,2.9426,2.9491,2.9426,2.9481,2.9476,2.9541,2.9476,2.9531,15
2026-01-15 11:48:00,2.9476,2.9481,2.9471,2.9471,2.9526,2.9531,2.9521,2.9521,7
2026-01-15 11:49:00,2.9481,2.9481,2.9466,2.9466,2.9531,2.9531,2.9516,2.9516,3
2026-01-15 11:50:00,2.9471,2.9471,2.9441,2.9441,2.9521,2.9521,2.9491,2.9491,7
2026-01-15 11:52:00,2.9431,2.9456,2.9431,2.9456,2.9481,2.9506,2.9481,2.9506,4
2026-01-15 11:53:00,2.9451,2.9461,2.9446,2.9451,2.9501,2.9511,2.9496,2.9501,6
2026-01-15 11:54:00,2.9446,2.9451,2.9441,2.9441,2.9496,2.9501,2.9491,2.9491,3
2026-01-15 11:55:00,2.9431,2.9441,2.9411,2.9431,2.9481,2.9491,2.9461,2.9481,11
2026-01-15 11:56:00,2.9436,2.9441,2.9406,2.9406,2.9486,2.9491,2.9456,2.9456,8
2026-01-15 11:57:00,2.9401,2.9431,2.9401,2.9411,2.9451,2.9481,2.9451,2.9461,7
2026-01-15 11:58:00,2.9421,2.9441,2.9421,2.9421,2.9471,2.9491,2.9471,2.9471,11
2026-01-15 11:59:00,2.9411,2.9481,2.9391,2.9446,2.9461,2.9531,2.9441,2.9496,33
2026-01-15 12:00:00,2.9456,2.9461,2.9446,2.9451,2.9506,2.9511,2.9496,2.9501,8
2026-01-15 12:01:00,2.9456,2.9461,2.9431,2.9446,2.9506,2.9511,2.9481,2.9496,13
2026-01-15 12:02:00,2.9441,2.9446,2.9441,2.9446,2.9491,2.9496,2.9491,2.9496,4
2026-01-15 12:03:00,2.9451,2.9536,2.9446,2.9501,2.9501,2.9586,2.9496,2.9551,17
2026-01-15 12:04:00,2.9496,2.9506,2.9481,2.9481,2.9546,2.9556,2.9531,2.9531,6
2026-01-15 12:05:00,2.9486,2.9491,2.9476,2.9476,2.9536,2.9541,2.9526,2.9526,12
2026-01-15 12:06:00,2.9481,2.9481,2.9426,2.9451,2.9531,2.9531,2.9476,2.9501,21
2026-01-15 12:07:00,2.9446,2.9506,2.9416,2.9481,2.9496,2.9556,2.9466,2.9531,23
2026-01-15 12:08:00,2.9466,2.9476,2.9456,2.9471,2.9516,2.9526,2.9506,2.9521,7
2026-01-15 12:09:00,2.9466,2.9466,2.9441,2.9451,2.9516,2.9516,2.9491,2.9501,9
2026-01-15 12:10:00,2.9456,2.9456,2.9411,2.9426,2.9506,2.9506,2.9461,2.9476,18
2026-01-15 12:11:00,2.9421,2.9461,2.9391,2.9451,2.9471,2.9511,2.9441,2.9501,44
2026-01-15 12:12:00,2.9441,2.9451,2.9416,2.9436,2.9491,2.9501,2.9466,2.9486,20
2026-01-15 12:13:00,2.9431,2.9441,2.9431,2.9441,2.9481,2.9491,2.9481,2.9491,4
2026-01-15 12:14:00,2.9436,2.9436,2.9316,2.9321,2.9486,2.9486,2.9366,2.9371,21
2026-01-15 12:15:00,2.9331,2.9331,2.9311,2.9326,2.9381,2.9381,2.9361,2.9376,13
2026-01-15 12:16:00,2.9321,2.9341,2.9296,2.9306,2.9371,2.9391,2.9346,2.9356,22
2026-01-15 12:17:00,2.9301,2.9306,2.9281,2.9286,2.9351,2.9356,2.9331,2.9336,19
2026-01-15 12:18:00,2.9281,2.9291,2.9221,2.9261,2.9331,2.9341,2.9271,2.9311,46
2026-01-15 12:19:00,2.9266,2.9326,2.9266,2.9321,2.9316,2.9376,2.9316,2.9371,24
2026-01-15 12:20:00,2.9326,2.9351,2.9326,2.9346,2.9376,2.9401,2.9376,2.9396,11
2026-01-15 12:21:00,2.9351,2.9376,2.9341,2.9341,2.9401,2.9426,2.9391,2.9391,25
2026-01-15 12:22:00,2.9346,2.9391,2.9346,2.9391,2.9396,2.9441,2.9396,2.9441,16
2026-01-15 12:23:00,2.9396,2.9426,2.9381,2.9421,2.9446,2.9476,2.9431,2.9471,19
2026-01-15 12:24:00,2.9416,2.9426,2.9411,2.9421,2.9466,2.9476,2.9461,2.9471,8
2026-01-15 12:25:00,2.9426,2.9426,2.9396,2.9406,2.9476,2.9476,2.9446,2.9456,16
2026-01-15 12:26:00,2.9401,2.9431,2.9371,2.9371,2.9451,2.9481,2.9421,2.9421,18
2026-01-15 12:27:00,2.9361,2.9381,2.9361,2.9361,2.9411,2.9431,2.9411,2.9411,10
2026-01-15 12:28:00,2.9366,2.9366,2.9246,2.9261,2.9416,2.9416,2.9296,2.9311,23
2026-01-15 12:29:00,2.9256,2.9306,2.9251,2.9276,2.9306,2.9356,2.9301,2.9326,25
2026-01-15 12:30:00,2.9271,2.9271,2.9116,2.9141,2.9321,2.9321,2.9166,2.9191,63
2026-01-15 12:31:00,2.9151,2.9156,2.9091,2.9091,2.9201,2.9206,2.9141,2.9141,38
2026-01-15 12:32:00,2.9086,2.9131,2.9071,2.9126,2.9136,2.9181,2.9121,2.9176,49
2026-01-15 12:33:00,2.9141,2.9271,2.9136,2.9236,2.9191,2.9321,2.9186,2.9286,98
2026-01-15 12:34:00,2.9231,2.9326,2.9216,2.9281,2.9281,2.9376,2.9266,2.9331,54
2026-01-15 12:35:00,2.9276,2.9281,2.9251,2.9281,2.9326,2.9331,2.9301,2.9331,38
2026-01-15 12:36:00,2.9271,2.9376,2.9266,2.9306,2.9321,2.9426,2.9316,2.9356,35
2026-01-15 12:37:00,2.9311,2.9336,2.9271,2.9271,2.9361,2.9386,2.9321,2.9321,22
2026-01-15 12:38:00,2.9281,2.9296,2.9251,2.9296,2.9331,2.9346,2.9301,2.9346,17
2026-01-15 12:39:00,2.9306,2.9321,2.9281,2.9286,2.9356,2.9371,2.9331,2.9336,12
2026-01-15 12:40:00,2.9291,2.9296,2.9281,2.9296,2.9341,2.9346,2.9331,2.9346,12
2026-01-15 12:41:00,2.9291,2.9291,2.9271,2.9271,2.9341,2.9341,2.9321,2.9321,12
2026-01-15 12:42:00,2.9251,2.9281,2.9251,2.9261,2.9301,2.9331,2.9301,2.9311,12
2026-01-15 12:43:00,2.9271,2.9331,2.9271,2.9311,2.9321,2.9381,2.9321,2.9361,26
2026-01-15 12:44:00,2.9316,2.9366,2.9286,2.9361,2.9366,2.9416,2.9336,2.9411,27
2026-01-15 12:45:00,2.9356,2.9356,2.9306,2.9311,2.9406,2.9406,2.9356,2.9361,22
2026-01-15 12:46:00,2.9301,2.9361,2.9301,2.9356,2.9351,2.9411,2.9351,2.9406,18
2026-01-15 12:47:00,2.9346,2.9351,2.9341,2.9351,2.9396,2.9401,2.9391,2.9401,9
2026-01-15 12:48:00,2.9346,2.9371,2.9311,2.9361,2.9396,2.9421,2.9361,2.9411,16
2026-01-15 12:49:00,2.9351,2.9461,2.9351,2.9411,2.9401,2.9511,2.9401,2.9461,24
2026-01-15 12:50:00,2.9406,2.9426,2.9341,2.9341,2.9456,2.9476,2.9391,2.9391,47
2026-01-15 12:51:00,2.9336,2.9461,2.9331,2.9441,2.9386,2.9511,2.9381,2.9491,45
2026-01-15 12:52:00,2.9446,2.9486,2.9426,2.9426,2.9496,2.9536,2.9476,2.9476,32
2026-01-15 12:53:00,2.9431,2.9436,2.9391,2.9401,2.9481,2.9486,2.9441,2.9451,16
2026-01-15 12:54:00,2.9396,2.9481,2.9361,2.9461,2.9446,2.9531,2.9411,2.9511,41
2026-01-15 12:55:00,2.9451,2.9461,2.9426,2.9441,2.9501,2.9511,2.9476,2.9491,14
2026-01-15 12:56:00,2.9446,2.9446,2.9371,2.9401,2.9496,2.9496,2.9421,2.9451,23
2026-01-15 12:57:00,2.9411,2.9471,2.9401,2.9466,2.9461,2.9521,2.9451,2.9516,26
2026-01-15 12:58:00,2.9461,2.9496,2.9461,2.9471,2.9511,2.9546,2.9511,2.9521,16
2026-01-15 12:59:00,2.9476,2.9476,2.9411,2.9421,2.9526,2.9526,2.9461,2.9471,18
2026-01-15 13:00:00,2.9426,2.9426,2.9386,2.9411,2.9476,2.9476,2.9436,2.9461,19
2026-01-15 13:01:00,2.9406,2.9456,2.9401,2.9421,2.9456,2.9506,2.9451,2.9471,18
2026-01-15 13:02:00,2.9411,2.9421,2.9291,2.9311,2.9461,2.9471,2.9341,2.9361,34
2026-01-15 13:03:00,2.9321,2.9321,2.9261,2.9266,2.9371,2.9371,2.9311,2.9316,21
2026-01-15 13:04:00,2.9261,2.9266,2.9246,2.9266,2.9311,2.9316,2.9296,2.9316,23
2026-01-15 13:05:00,2.9261,2.9261,2.9156,2.9156,2.9311,2.9311,2.9206,2.9206,39
2026-01-15 13:06:00,2.9161,2.9196,2.9136,2.9196,2.9211,2.9246,2.9186,2.9246,43
2026-01-15 13:07:00,2.9191,2.9231,2.9141,2.9146,2.9241,2.9281,2.9191,2.9196,43
2026-01-15 13:08:00,2.9151,2.9191,2.9151,2.9181,2.9201,2.9241,2.9201,2.9231,16
2026-01-15 13:09:00,2.9176,2.9201,2.9171,2.9201,2.9226,2.9251,2.9221,2.9251,11
2026-01-15 13:10:00,2.9206,2.9311,2.9206,2.9261,2.9256,2.9361,2.9256,2.9311,36
2026-01-15 13:11:00,2.9266,2.9311,2.9261,2.9261,2.9316,2.9361,2.9311,2.9311,22
2026-01-15 13:12:00,2.9256,2.9346,2.9251,2.9311,2.9306,2.9396,2.9301,2.9361,41
2026-01-15 13:13:00,2.9306,2.9336,2.9301,2.9321,2.9356,2.9386,2.9351,2.9371,12
2026-01-15 13:14:00,2.9326,2.9346,2.9321,2.9346,2.9376,2.9396,2.9371,2.9396,5
2026-01-15 13:15:00,2.9341,2.9421,2.9321,2.9411,2.9391,2.9471,2.9371,2.9461,40
2026-01-15 13:16:00,2.9406,2.9421,2.9391,2.9396,2.9456,2.9471,2.9441,2.9446,13
2026-01-15 13:17:00,2.9401,2.9406,2.9356,2.9356,2.9451,2.9456,2.9406,2.9406,23
2026-01-15 13:18:00,2.9341,2.9341,2.9271,2.9286,2.9391,2.9391,2.9321,2.9336,30
2026-01-15 13:19:00,2.9281,2.9286,2.9231,2.9281,2.9331,2.9336,2.9281,2.9331,36
2026-01-15 13:20:00,2.9276,2.9281,2.9181,2.9231,2.9326,2.9331,2.9231,2.9281,48
2026-01-15 13:21:00,2.9241,2.9246,2.9171,2.9191,2.9291,2.9296,2.9221,2.9241,25
2026-01-15 13:22:00,2.9196,2.9291,2.9196,2.9286,2.9246,2.9341,2.9246,2.9336,18
2026-01-15 13:23:00,2.9276,2.9321,2.9271,2.9281,2.9326,2.9371,2.9321,2.9331,20
2026-01-15 13:24:00,2.9276,2.9411,2.9266,2.9411,2.9326,2.9461,2.9316,2.9461,21
2026-01-15 13:25:00,2.9416,2.9456,2.9411,2.9446,2.9466,2.9506,2.9461,2.9496,40
2026-01-15 13:26:00,2.9451,2.9471,2.9441,2.9446,2.9501,2.9521,2.9491,2.9496,20
2026-01-15 13:27:00,2.9451,2.9521,2.9451,2.9481,2.9501,2.9571,2.9501,2.9531,41
2026-01-15 13:28:00,2.9486,2.9561,2.9476,2.9506,2.9536,2.9611,2.9526,2.9556,47
2026-01-15 13:29:00,2.9516,2.9526,2.9491,2.9491,2.9566,2.9576,2.9541,2.9541,23
2026-01-15 13:30:00,2.9506,2.9506,2.9356,2.9356,2.9556,2.9556,2.9406,2.9406,42
2026-01-15 13:31:00,2.9366,2.9406,2.9271,2.9281,2.9416,2.9456,2.9321,2.9331,62
2026-01-15 13:32:00,2.9276,2.9331,2.9276,2.9301,2.9326,2.9381,2.9326,2.9351,31
2026-01-15 13:33:00,2.9306,2.9341,2.9291,2.9331,2.9356,2.9391,2.9341,2.9381,18
2026-01-15 13:34:00,2.9321,2.9351,2.9221,2.9341,2.9371,2.9401,2.9271,2.9391,45
2026-01-15 13:35:00,2.9336,2.9361,2.9326,2.9336,2.9386,2.9411,2.9376,2.9386,26
2026-01-15 13:36:00,2.9341,2.9401,2.9341,2.9386,2.9391,2.9451,2.9391,2.9436,37
2026-01-15 13:37:00,2.9391,2.9416,2.9341,2.9341,2.9441,2.9466,2.9391,2.9391,27
2026-01-15 13:38:00,2.9346,2.9346,2.9236,2.9246,2.9396,2.9396,2.9286,2.9296,46
2026-01-15 13:39:00,2.9251,2.9321,2.9251,2.9286,2.9301,2.9371,2.9301,2.9336,28
2026-01-15 13:40:00,2.9291,2.9291,2.9131,2.9166,2.9341,2.9341,2.9181,2.9216,64
2026-01-15 13:41:00,2.9176,2.9201,2.9166,2.9186,2.9226,2.9251,2.9216,2.9236,36
2026-01-15 13:42:00,2.9181,2.9231,2.9181,2.9206,2.9231,2.9281,2.9231,2.9256,36
2026-01-15 13:43:00,2.9201,2.9201,2.9116,2.9131,2.9251,2.9251,2.9166,2.9181,40
2026-01-15 13:44:00,2.9121,2.9131,2.8976,2.9001,2.9171,2.9181,2.9026,2.9051,100
2026-01-15 13:45:00,2.8996,2.9046,2.8996,2.9021,2.9046,2.9096,2.9046,2.9071,44
2026-01-15 13:46:00,2.9011,2.9031,2.8901,2.8916,2.9061,2.9081,2.8951,2.8966,78
2026-01-15 13:47:00,2.8911,2.8956,2.8896,2.8931,2.8961,2.9006,2.8946,2.8981,35
2026-01-15 13:48:00,2.8921,2.8986,2.8921,2.8981,2.8971,2.9036,2.8971,2.9031,24
2026-01-15 13:49:00,2.8976,2.8981,2.8911,2.8971,2.9026,2.9031,2.8961,2.9021,67
2026-01-15 13:50:00,2.8981,2.9051,2.8951,2.9041,2.9031,2.9101,2.9001,2.9091,45
2026-01-15 13:51:00,2.9046,2.9141,2.9046,2.9111,2.9096,2.9191,2.9096,2.9161,72
2026-01-15 13:52:00,2.9106,2.9221,2.9106,2.9211,2.9156,2.9271,2.9156,2.9261,51
2026-01-15 13:53:00,2.9206,2.9246,2.9166,2.9171,2.9256,2.9296,2.9216,2.9221,53
2026-01-15 13:54:00,2.9166,2.9166,2.9056,2.9136,2.9216,2.9216,2.9106,2.9186,73
2026-01-15 13:55:00,2.9131,2.9151,2.9121,2.9141,2.9181,2.9201,2.9171,2.9191,21
2026-01-15 13:56:00,2.9131,2.9131,2.9001,2.9056,2.9181,2.9181,2.9051,2.9106,50
2026-01-15 13:57:00,2.9041,2.9136,2.9041,2.9131,2.9091,2.9186,2.9091,2.9181,29
2026-01-15 13:58:00,2.9121,2.9136,2.9076,2.9096,2.9171,2.9186,2.9126,2.9146,41
2026-01-15 13:59:00,2.9091,2.9126,2.9046,2.9066,2.9141,2.9176,2.9096,2.9116,33
2026-01-15 14:00:00,2.9071,2.9111,2.9066,2.9081,2.9121,2.9161,2.9116,2.9131,48
2026-01-15 14:01:00,2.9086,2.9141,2.9036,2.9061,2.9136,2.9191,2.9086,2.9111,72
2026-01-15 14:02:00,2.9066,2.9181,2.9061,2.9111,2.9116,2.9231,2.9111,2.9161,64
2026-01-15 14:03:00,2.9121,2.9201,2.9106,2.9191,2.9171,2.9251,2.9156,2.9241,35
2026-01-15 14:04:00,2.9196,2.9266,2.9191,2.9201,2.9246,2.9316,2.9241,2.9251,48
2026-01-15 14:05:00,2.9211,2.9241,2.9071,2.9091,2.9261,2.9291,2.9121,2.9141,74
2026-01-15 14:06:00,2.9096,2.9161,2.9096,2.9136,2.9146,2.9211,2.9146,2.9186,33
2026-01-15 14:07:00,2.9131,2.9171,2.9041,2.9106,2.9181,2.9221,2.9091,2.9156,43
2026-01-15 14:08:00,2.9111,2.9186,2.9091,2.9181,2.9161,2.9236,2.9141,2.9231,61
2026-01-15 14:09:00,2.9186,2.9226,2.9161,2.9181,2.9236,2.9276,2.9211,2.9231,42
2026-01-15 14:10:00,2.9191,2.9201,2.9101,2.9106,2.9241,2.9251,2.9151,2.9156,29
2026-01-15 14:11:00,2.9111,2.9121,2.9061,2.9096,2.9161,2.9171,2.9111,2.9146,37
2026-01-15 14:12:00,2.9106,2.9131,2.9021,2.9086,2.9156,2.9181,2.9071,2.9136,57
2026-01-15 14:13:00,2.9091,2.9111,2.9081,2.9111,2.9141,2.9161,2.9131,2.9161,14
2026-01-15 14:14:00,2.9116,2.9121,2.9001,2.9026,2.9166,2.9171,2.9051,2.9076,54
2026-01-15 14:15:00,2.9031,2.9091,2.8961,2.8976,2.9081,2.9141,2.9011,2.9026,93
2026-01-15 14:16:00,2.8981,2.9081,2.8981,2.9076,2.9031,2.9131,2.9031,2.9126,46
2026-01-15 14:17:00,2.9071,2.9141,2.9056,2.9071,2.9121,2.9191,2.9106,2.9121,51
2026-01-15 14:18:00,2.9076,2.9181,2.9076,2.9181,2.9126,2.9231,2.9126,2.9231,40
2026-01-15 14:19:00,2.9191,2.9191,2.9151,2.9166,2.9241,2.9241,2.9201,2.9216,33
2026-01-15 14:20:00,2.9171,2.9201,2.9091,2.9096,2.9221,2.9251,2.9141,2.9146,32
2026-01-15 14:21:00,2.9101,2.9146,2.8941,2.8971,2.9151,2.9196,2.8991,2.9021,74
2026-01-15 14:22:00,2.8976,2.8986,2.8836,2.8911,2.9026,2.9036,2.8886,2.8961,89
2026-01-15 14:23:00,2.8916,2.8931,2.8851,2.8861,2.8966,2.8981,2.8901,2.8911,78
2026-01-15 14:24:00,2.8866,2.8891,2.8851,2.8871,2.8916,2.8941,2.8901,2.8921,44
2026-01-15 14:25:00,2.8856,2.8961,2.8856,2.8901,2.8906,2.9011,2.8906,2.8951,78
2026-01-15 14:26:00,2.8911,2.9006,2.8911,2.8991,2.8961,2.9056,2.8961,2.9041,29
2026-01-15 14:27:00,2.8986,2.9016,2.8781,2.8791,2.9036,2.9066,2.8831,2.8841,94
2026-01-15 14:28:00,2.8811,2.8866,2.8776,2.8786,2.8861,2.8916,2.8826,2.8836,56
2026-01-15 14:29:00,2.8776,2.8796,2.8721,2.8741,2.8826,2.8846,2.8771,2.8791,65
2026-01-15 14:30:00,2.8746,2.8761,2.8546,2.8661,2.8796,2.8811,2.8596,2.8711,144
2026-01-15 14:31:00,2.8671,2.8696,2.8591,2.8636,2.8721,2.8746,2.8641,2.8686,118
2026-01-15 14:32:00,2.8646,2.8821,2.8641,2.8801,2.8696,2.8871,2.8691,2.8851,94
2026-01-15 14:33:00,2.8806,2.8821,2.8761,2.8781,2.8856,2.8871,2.8811,2.8831,48
2026-01-15 14:34:00,2.8786,2.8861,2.8766,2.8836,2.8836,2.8911,2.8816,2.8886,49
2026-01-15 14:35:00,2.8841,2.8881,2.8691,2.8756,2.8891,2.8931,2.8741,2.8806,88
2026-01-15 14:36:00,2.8761,2.8781,2.8701,2.8731,2.8811,2.8831,2.8751,2.8781,61
2026-01-15 14:37:00,2.8741,2.8791,2.8741,2.8791,2.8791,2.8841,2.8791,2.8841,27
2026-01-15 14:38:00,2.8781,2.8791,2.8666,2.8681,2.8831,2.8841,2.8716,2.8731,69
2026-01-15 14:39:00,2.8686,2.8751,2.8641,2.8736,2.8736,2.8801,2.8691,2.8786,72
2026-01-15 14:40:00,2.8741,2.8746,2.8641,2.8711,2.8791,2.8796,2.8691,2.8761,60
2026-01-15 14:41:00,2.8716,2.8721,2.8661,2.8676,2.8766,2.8771,2.8711,2.8726,45
2026-01-15 14:42:00,2.8681,2.8686,2.8431,2.8511,2.8731,2.8736,2.8481,2.8561,192
2026-01-15 14:43:00,2.8516,2.8596,2.8461,2.8591,2.8566,2.8646,2.8511,2.8641,98
2026-01-15 14:44:00,2.8586,2.8646,2.8576,2.8641,2.8636,2.8696,2.8626,2.8691,49
2026-01-15 14:45:00,2.8631,2.8651,2.8551,2.8641,2.8681,2.8701,2.8601,2.8691,75
2026-01-15 14:46:00,2.8651,2.8661,2.8601,2.8601,2.8701,2.8711,2.8651,2.8651,57
2026-01-15 14:47:00,2.8591,2.8626,2.8576,2.8606,2.8641,2.8676,2.8626,2.8656,46
2026-01-15 14:48:00,2.8611,2.8636,2.8591,2.8636,2.8661,2.8686,2.8641,2.8686,47
2026-01-15 14:49:00,2.8646,2.8646,2.8591,2.8601,2.8696,2.8696,2.8641,2.8651,50
2026-01-15 14:50:00,2.8611,2.8661,2.8591,2.8626,2.8661,2.8711,2.8641,2.8676,46
2026-01-15 14:51:00,2.8631,2.8641,2.8546,2.8581,2.8681,2.8691,2.8596,2.8631,70
2026-01-15 14:52:00,2.8571,2.8631,2.8531,2.8621,2.8621,2.8681,2.8581,2.8671,66
2026-01-15 14:53:00,2.8616,2.8661,2.8576,2.8636,2.8666,2.8711,2.8626,2.8686,70
2026-01-15 14:54:00,2.8641,2.8641,2.8526,2.8556,2.8691,2.8691,2.8576,2.8606,74
2026-01-15 14:55:00,2.8566,2.8631,2.8511,2.8611,2.8616,2.8681,2.8561,2.8661,49
2026-01-15 14:56:00,2.8591,2.8731,2.8551,2.8716,2.8641,2.8781,2.8601,2.8766,79
2026-01-15 14:57:00,2.8701,2.8761,2.8671,2.8721,2.8751,2.8811,2.8721,2.8771,53
2026-01-15 14:58:00,2.8711,2.8811,2.8691,2.8801,2.8761,2.8861,2.8741,2.8851,48
2026-01-15 14:59:00,2.8806,2.8856,2.8741,2.8781,2.8856,2.8906,2.8791,2.8831,45
2026-01-15 15:00:00,2.8786,2.8891,2.8741,2.8771,2.8836,2.8941,2.8791,2.8821,140
2026-01-15 15:01:00,2.8761,2.8831,2.8736,2.8791,2.8811,2.8881,2.8786,2.8841,89
2026-01-15 15:02:00,2.8781,2.8881,2.8761,2.8826,2.8831,2.8931,2.8811,2.8876,82
2026-01-15 15:03:00,2.8821,2.8831,2.8741,2.8746,2.8871,2.8881,2.8791,2.8796,61
2026-01-15 15:04:00,2.8756,2.8811,2.8721,2.8811,2.8806,2.8861,2.8771,2.8861,68
2026-01-15 15:05:00,2.8816,2.8856,2.8741,2.8751,2.8866,2.8906,2.8791,2.8801,82
2026-01-15 15:06:00,2.8761,2.8761,2.8721,2.8731,2.8811,2.8811,2.8771,2.8781,74
2026-01-15 15:07:00,2.8741,2.8771,2.8701,2.8731,2.8791,2.8821,2.8751,2.8781,84
2026-01-15 15:08:00,2.8726,2.8761,2.8721,2.8761,2.8776,2.8811,2.8771,2.8811,32
2026-01-15 15:09:00,2.8766,2.8811,2.8711,2.8791,2.8816,2.8861,2.8761,2.8841,68
2026-01-15 15:10:00,2.8801,2.8861,2.8751,2.8751,2.8851,2.8911,2.8801,2.8801,92
2026-01-15 15:11:00,2.8756,2.8786,2.8721,2.8731,2.8806,2.8836,2.8771,2.8781,63
2026-01-15 15:12:00,2.8721,2.8721,2.8546,2.8546,2.8771,2.8771,2.8596,2.8596,77
2026-01-15 15:13:00,2.8551,2.8556,2.8481,2.8506,2.8601,2.8606,2.8531,2.8556,87
2026-01-15 15:14:00,2.8516,2.8521,2.8411,2.8426,2.8566,2.8571,2.8461,2.8476,73
2026-01-15 15:15:00,2.8431,2.8471,2.8391,2.8441,2.8481,2.8521,2.8441,2.8491,99
2026-01-15 15:16:00,2.8446,2.8471,2.8411,2.8411,2.8496,2.8521,2.8461,2.8461,63
2026-01-15 15:17:00,2.8421,2.8511,2.8421,2.8466,2.8471,2.8561,2.8471,2.8516,51
2026-01-15 15:18:00,2.8451,2.8491,2.8401,2.8471,2.8501,2.8541,2.8451,2.8521,69
2026-01-15 15:19:00,2.8481,2.8556,2.8481,2.8531,2.8531,2.8606,2.8531,2.8581,51
2026-01-15 15:20:00,2.8536,2.8571,2.8521,2.8546,2.8586,2.8621,2.8571,2.8596,58
2026-01-15 15:21:00,2.8541,2.8541,2.8481,2.8531,2.8591,2.8591,2.8531,2.8581,48
2026-01-15 15:22:00,2.8536,2.8536,2.8441,2.8471,2.8586,2.8586,2.8491,2.8521,53
2026-01-15 15:23:00,2.8466,2.8466,2.8396,2.8446,2.8516,2.8516,2.8446,2.8496,47
2026-01-15 15:24:00,2.8441,2.8521,2.8421,2.8511,2.8491,2.8571,2.8471,2.8561,62
2026-01-15 15:25:00,2.8521,2.8561,2.8511,2.8516,2.8571,2.8611,2.8561,2.8566,43
2026-01-15 15:26:00,2.8511,2.8581,2.8491,2.8556,2.8561,2.8631,2.8541,2.8606,49
2026-01-15 15:27:00,2.8561,2.8591,2.8521,2.8536,2.8611,2.8641,2.8571,2.8586,37
2026-01-15 15:28:00,2.8531,2.8531,2.8446,2.8506,2.8581,2.8581,2.8496,2.8556,36
2026-01-15 15:29:00,2.8501,2.8506,2.8341,2.8351,2.8551,2.8556,2.8391,2.8401,75
2026-01-15 15:30:00,2.8346,2.8411,2.8326,2.8411,2.8396,2.8461,2.8376,2.8461,51
2026-01-15 15:31:00,2.8406,2.8406,2.8361,2.8366,2.8456,2.8456,2.8411,2.8416,38
2026-01-15 15:32:00,2.8361,2.8361,2.8271,2.8311,2.8411,2.8411,2.8321,2.8361,79
2026-01-15 15:33:00,2.8316,2.8331,2.8216,2.8231,2.8366,2.8381,2.8266,2.8281,72
2026-01-15 15:34:00,2.8241,2.8241,2.8031,2.8071,2.8291,2.8291,2.8081,2.8121,173
2026-01-15 15:35:00,2.8061,2.8181,2.8051,2.8151,2.8111,2.8231,2.8101,2.8201,73
2026-01-15 15:36:00,2.8156,2.8181,2.8081,2.8096,2.8206,2.8231,2.8131,2.8146,66
2026-01-15 15:37:00,2.8101,2.8121,2.8071,2.8111,2.8151,2.8171,2.8121,2.8161,63
2026-01-15 15:38:00,2.8116,2.8156,2.8111,2.8121,2.8166,2.8206,2.8161,2.8171,43
2026-01-15 15:39:00,2.8116,2.8231,2.8071,2.8211,2.8166,2.8281,2.8121,2.8261,74
2026-01-15 15:40:00,2.8201,2.8281,2.8176,2.8251,2.8251,2.8331,2.8226,2.8301,58
2026-01-15 15:41:00,2.8246,2.8291,2.8236,2.8266,2.8296,2.8341,2.8286,2.8316,40
2026-01-15 15:42:00,2.8271,2.8276,2.8231,2.8261,2.8321,2.8326,2.8281,2.8311,39
2026-01-15 15:43:00,2.8251,2.8291,2.8236,2.8261,2.8301,2.8341,2.8286,2.8311,30
2026-01-15 15:44:00,2.8256,2.8256,2.8201,2.8231,2.8306,2.8306,2.8251,2.8281,35
2026-01-15 15:45:00,2.8226,2.8231,2.8176,2.8211,2.8276,2.8281,2.8226,2.8261,39
2026-01-15 15:46:00,2.8216,2.8261,2.8171,2.8251,2.8266,2.8311,2.8221,2.8301,55
2026-01-15 15:47:00,2.8241,2.8291,2.8211,2.8266,2.8291,2.8341,2.8261,2.8316,43
2026-01-15 15:48:00,2.8261,2.8261,2.8231,2.8241,2.8311,2.8311,2.8281,2.8291,33
2026-01-15 15:49:00,2.8246,2.8261,2.8201,2.8231,2.8296,2.8311,2.8251,2.8281,38
2026-01-15 15:50:00,2.8241,2.8281,2.8191,2.8221,2.8291,2.8331,2.8241,2.8271,56
2026-01-15 15:51:00,2.8226,2.8281,2.8211,2.8271,2.8276,2.8331,2.8261,2.8321,43
2026-01-15 15:52:00,2.8261,2.8261,2.8196,2.8201,2.8311,2.8311,2.8246,2.8251,41
2026-01-15 15:53:00,2.8196,2.8261,2.8191,2.8251,2.8246,2.8311,2.8241,2.8301,41
2026-01-15 15:54:00,2.8246,2.8271,2.8221,2.8221,2.8296,2.8321,2.8271,2.8271,29
2026-01-15 15:55:00,2.8216,2.8241,2.8211,2.8236,2.8266,2.8291,2.8261,2.8286,18
2026-01-15 15:56:00,2.8211,2.8321,2.8176,2.8321,2.8261,2.8371,2.8226,2.8371,52
2026-01-15 15:57:00,2.8326,2.8376,2.8326,2.8376,2.8376,2.8426,2.8376,2.8426,32
2026-01-15 15:58:00,2.8371,2.8441,2.8361,2.8431,2.8421,2.8491,2.8411,2.8481,58
2026-01-15 15:59:00,2.8426,2.8441,2.8386,2.8391,2.8476,2.8491,2.8436,2.8441,34
2026-01-15 16:00:00,2.8381,2.8476,2.8341,2.8441,2.8431,2.8526,2.8391,2.8491,85
2026-01-15 16:01:00,2.8436,2.8486,2.8371,2.8446,2.8486,2.8536,2.8421,2.8496,70
2026-01-15 16:02:00,2.8451,2.8501,2.8441,2.8481,2.8501,2.8551,2.8491,2.8531,42
2026-01-15 16:03:00,2.8486,2.8531,2.8471,2.8476,2.8536,2.8581,2.8521,2.8526,52
2026-01-15 16:04:00,2.8471,2.8571,2.8466,2.8561,2.8521,2.8621,2.8516,2.8611,54
2026-01-15 16:05:00,2.8556,2.8601,2.8526,2.8591,2.8606,2.8651,2.8576,2.8641,60
2026-01-15 16:06:00,2.8596,2.8661,2.8596,2.8661,2.8646,2.8711,2.8646,2.8711,54
2026-01-15 16:07:00,2.8671,2.8746,2.8661,2.8721,2.8721,2.8796,2.8711,2.8771,55
2026-01-15 16:08:00,2.8716,2.8731,2.8661,2.8666,2.8766,2.8781,2.8711,2.8716,33
2026-01-15 16:09:00,2.8676,2.8691,2.8636,2.8681,2.8726,2.8741,2.8686,2.8731,59
2026-01-15 16:10:00,2.8686,2.8711,2.8641,2.8671,2.8736,2.8761,2.8691,2.8721,43
2026-01-15 16:11:00,2.8676,2.8721,2.8671,2.8681,2.8726,2.8771,2.8721,2.8731,44
2026-01-15 16:12:00,2.8691,2.8721,2.8681,2.8706,2.8741,2.8771,2.8731,2.8756,22
2026-01-15 16:13:00,2.8711,2.8776,2.8691,2.8766,2.8761,2.8826,2.8741,2.8816,66
2026-01-15 16:14:00,2.8761,2.8786,2.8731,2.8761,2.8811,2.8836,2.8781,2.8811,71
2026-01-15 16:15:00,2.8771,2.8781,2.8681,2.8691,2.8821,2.8831,2.8731,2.8741,73
2026-01-15 16:16:00,2.8706,2.8706,2.8581,2.8591,2.8756,2.8756,2.8631,2.8641,84
2026-01-15 16:17:00,2.8596,2.8621,2.8581,2.8591,2.8646,2.8671,2.8631,2.8641,22
2026-01-15 16:18:00,2.8586,2.8621,2.8561,2.8581,2.8636,2.8671,2.8611,2.8631,33
2026-01-15 16:19:00,2.8576,2.8601,2.8551,2.8551,2.8626,2.8651,2.8601,2.8601,29
2026-01-15 16:20:00,2.8556,2.8591,2.8531,2.8556,2.8606,2.8641,2.8581,2.8606,37
2026-01-15 16:21:00,2.8551,2.8561,2.8461,2.8491,2.8601,2.8611,2.8511,2.8541,81
2026-01-15 16:22:00,2.8501,2.8581,2.8491,2.8571,2.8551,2.8631,2.8541,2.8621,57
2026-01-15 16:23:00,2.8566,2.8576,2.8541,2.8571,2.8616,2.8626,2.8591,2.8621,30
2026-01-15 16:24:00,2.8561,2.8631,2.8551,2.8611,2.8611,2.8681,2.8601,2.8661,46
2026-01-15 16:25:00,2.8616,2.8631,2.8591,2.8601,2.8666,2.8681,2.8641,2.8651,42
2026-01-15 16:26:00,2.8606,2.8711,2.8606,2.8691,2.8656,2.8761,2.8656,2.8741,42
2026-01-15 16:27:00,2.8686,2.8711,2.8651,2.8661,2.8736,2.8761,2.8701,2.8711,47
2026-01-15 16:28:00,2.8671,2.8681,2.8641,2.8676,2.8721,2.8731,2.8691,2.8726,23
2026-01-15 16:29:00,2.8671,2.8711,2.8661,2.8696,2.8721,2.8761,2.8711,2.8746,70
2026-01-15 16:30:00,2.8641,2.8696,2.7771,2.7791,2.8691,2.8746,2.7821,2.7841,545
2026-01-15 16:31:00,2.7776,2.7961,2.7771,2.7861,2.7826,2.8011,2.7821,2.7911,336
2026-01-15 16:32:00,2.7866,2.7881,2.7581,2.7701,2.7916,2.7931,2.7631,2.7751,279
2026-01-15 16:33:00,2.7706,2.7776,2.7661,2.7776,2.7756,2.7826,2.7711,2.7826,161
2026-01-15 16:34:00,2.7781,2.7816,2.7731,2.7761,2.7831,2.7866,2.7781,2.7811,136
2026-01-15 16:35:00,2.7771,2.7861,2.7741,2.7851,2.7821,2.7911,2.7791,2.7901,116
2026-01-15 16:36:00,2.7836,2.7836,2.7741,2.7761,2.7886,2.7886,2.7791,2.7811,121
2026-01-15 16:37:00,2.7756,2.7801,2.7721,2.7776,2.7806,2.7851,2.7771,2.7826,83
2026-01-15 16:38:00,2.7771,2.7771,2.7491,2.7566,2.7821,2.7821,2.7541,2.7616,166
2026-01-15 16:39:00,2.7571,2.7691,2.7541,2.7621,2.7621,2.7741,2.7591,2.7671,131
2026-01-15 16:40:00,2.7626,2.7631,2.7581,2.7596,2.7676,2.7681,2.7631,2.7646,96
2026-01-15 16:41:00,2.7591,2.7706,2.7586,2.7671,2.7641,2.7756,2.7636,2.7721,115
2026-01-15 16:42:00,2.7666,2.7751,2.7651,2.7711,2.7716,2.7801,2.7701,2.7761,103
2026-01-15 16:43:00,2.7716,2.7816,2.7701,2.7816,2.7766,2.7866,2.7751,2.7866,92
2026-01-15 16:44:00,2.7821,2.7861,2.7751,2.7756,2.7871,2.7911,2.7801,2.7806,102
2026-01-15 16:45:00,2.7766,2.7881,2.7751,2.7861,2.7816,2.7931,2.7801,2.7911,72
2026-01-15 16:46:00,2.7871,2.7911,2.7831,2.7861,2.7921,2.7961,2.7881,2.7911,59
2026-01-15 16:47:00,2.7866,2.7911,2.7841,2.7886,2.7916,2.7961,2.7891,2.7936,49
2026-01-15 16:48:00,2.7876,2.7941,2.7871,2.7931,2.7926,2.7991,2.7921,2.7981,59
2026-01-15 16:49:00,2.7926,2.7936,2.7851,2.7881,2.7976,2.7986,2.7901,2.7931,81
2026-01-15 16:50:00,2.7871,2.7931,2.7851,2.7881,2.7921,2.7981,2.7901,2.7931,61
2026-01-15 16:51:00,2.7871,2.7921,2.7866,2.7906,2.7921,2.7971,2.7916,2.7956,50
2026-01-15 16:52:00,2.7911,2.7931,2.7851,2.7881,2.7961,2.7981,2.7901,2.7931,57
2026-01-15 16:53:00,2.7871,2.7896,2.7801,2.7811,2.7921,2.7946,2.7851,2.7861,54
2026-01-15 16:54:00,2.7806,2.7921,2.7801,2.7921,2.7856,2.7971,2.7851,2.7971,66
2026-01-15 16:55:00,2.7916,2.7946,2.7871,2.7946,2.7966,2.7996,2.7921,2.7996,68
2026-01-15 16:56:00,2.7951,2.7961,2.7921,2.7936,2.8001,2.8011,2.7971,2.7986,48
2026-01-15 16:57:00,2.7931,2.7961,2.7901,2.7946,2.7981,2.8011,2.7951,2.7996,44
2026-01-15 16:58:00,2.7941,2.7981,2.7861,2.7891,2.7991,2.8031,2.7911,2.7941,57
2026-01-15 16:59:00,2.7896,2.7931,2.7871,2.7921,2.7946,2.7981,2.7921,2.7971,79
2026-01-15 17:00:00,2.7916,2.7921,2.7841,2.7921,2.7966,2.7971,2.7891,2.7971,69
2026-01-15 17:01:00,2.7926,2.7971,2.7921,2.7931,2.7976,2.8021,2.7971,2.7981,56
2026-01-15 17:02:00,2.7941,2.7991,2.7931,2.7951,2.7991,2.8041,2.7981,2.8001,62
2026-01-15 17:03:00,2.7941,2.7991,2.7821,2.7971,2.7991,2.8041,2.7871,2.8021,92
2026-01-15 17:04:00,2.7976,2.8051,2.7966,2.8021,2.8026,2.8101,2.8016,2.8071,75
2026-01-15 17:05:00,2.8026,2.8176,2.8021,2.8116,2.8076,2.8226,2.8071,2.8166,109
2026-01-15 17:06:00,2.8121,2.8186,2.8111,2.8186,2.8171,2.8236,2.8161,2.8236,60
2026-01-15 17:07:00,2.8176,2.8226,2.8166,2.8211,2.8226,2.8276,2.8216,2.8261,74
2026-01-15 17:08:00,2.8216,2.8316,2.8191,2.8241,2.8266,2.8366,2.8241,2.8291,77
2026-01-15 17:09:00,2.8236,2.8236,2.8121,2.8131,2.8286,2.8286,2.8171,2.8181,67
2026-01-15 17:10:00,2.8141,2.8171,2.8071,2.8071,2.8191,2.8221,2.8121,2.8121,63
2026-01-15 17:11:00,2.8066,2.8066,2.7976,2.7976,2.8116,2.8116,2.8026,2.8026,60
2026-01-15 17:12:00,2.7981,2.8021,2.7951,2.7996,2.8031,2.8071,2.8001,2.8046,68
2026-01-15 17:13:00,2.7986,2.8071,2.7956,2.8041,2.8036,2.8121,2.8006,2.8091,64
2026-01-15 17:14:00,2.8036,2.8141,2.8036,2.8131,2.8086,2.8191,2.8086,2.8181,72
2026-01-15 17:15:00,2.8136,2.8151,2.8051,2.8061,2.8186,2.8201,2.8101,2.8111,65
2026-01-15 17:16:00,2.8051,2.8091,2.8026,2.8081,2.8101,2.8141,2.8076,2.8131,63
2026-01-15 17:17:00,2.8086,2.8091,2.8041,2.8046,2.8136,2.8141,2.8091,2.8096,38
2026-01-15 17:18:00,2.8036,2.8121,2.8036,2.8121,2.8086,2.8171,2.8086,2.8171,39
2026-01-15 17:19:00,2.8126,2.8161,2.8096,2.8161,2.8176,2.8211,2.8146,2.8211,36
2026-01-15 17:20:00,2.8156,2.8156,2.8076,2.8101,2.8206,2.8206,2.8126,2.8151,49
2026-01-15 17:21:00,2.8106,2.8111,2.7826,2.7841,2.8156,2.8161,2.7876,2.7891,124
2026-01-15 17:22:00,2.7846,2.7891,2.7801,2.7851,2.7896,2.7941,2.7851,2.7901,80
2026-01-15 17:23:00,2.7846,2.7911,2.7821,2.7841,2.7896,2.7961,2.7871,2.7891,43
2026-01-15 17:24:00,2.7831,2.7921,2.7831,2.7871,2.7881,2.7971,2.7881,2.7921,52
2026-01-15 17:25:00,2.7876,2.7951,2.7871,2.7906,2.7926,2.8001,2.7921,2.7956,55
2026-01-15 17:26:00,2.7911,2.7926,2.7891,2.7911,2.7961,2.7976,2.7941,2.7961,41
2026-01-15 17:27:00,2.7901,2.7921,2.7861,2.7861,2.7951,2.7971,2.7911,2.7911,39
2026-01-15 17:28:00,2.7866,2.7891,2.7841,2.7851,2.7916,2.7941,2.7891,2.7901,34
2026-01-15 17:29:00,2.7846,2.7971,2.7831,2.7961,2.7896,2.8021,2.7881,2.8011,64
2026-01-15 17:30:00,2.7976,2.8091,2.7956,2.8051,2.8026,2.8141,2.8006,2.8101,78
2026-01-15 17:31:00,2.8041,2.8071,2.8026,2.8061,2.8091,2.8121,2.8076,2.8111,21
2026-01-15 17:32:00,2.8066,2.8081,2.7981,2.8001,2.8116,2.8131,2.8031,2.8051,37
2026-01-15 17:33:00,2.8011,2.8061,2.8011,2.8041,2.8061,2.8111,2.8061,2.8091,31
2026-01-15 17:34:00,2.8046,2.8051,2.8021,2.8046,2.8096,2.8101,2.8071,2.8096,18
2026-01-15 17:35:00,2.8041,2.8151,2.7941,2.7951,2.8091,2.8201,2.7991,2.8001,55
2026-01-15 17:36:00,2.7956,2.8001,2.7941,2.7951,2.8006,2.8051,2.7991,2.8001,57
2026-01-15 17:37:00,2.7956,2.7991,2.7911,2.7976,2.8006,2.8041,2.7961,2.8026,53
2026-01-15 17:38:00,2.7971,2.7991,2.7936,2.7966,2.8021,2.8041,2.7986,2.8016,25
2026-01-15 17:39:00,2.7971,2.8031,2.7951,2.8031,2.8021,2.8081,2.8001,2.8081,53
2026-01-15 17:40:00,2.8026,2.8031,2.8001,2.8011,2.8076,2.8081,2.8051,2.8061,36
2026-01-15 17:41:00,2.8016,2.8101,2.8011,2.8071,2.8066,2.8151,2.8061,2.8121,32
2026-01-15 17:42:00,2.8066,2.8071,2.7971,2.7996,2.8116,2.8121,2.8021,2.8046,50
2026-01-15 17:43:00,2.8001,2.8051,2.8001,2.8021,2.8051,2.8101,2.8051,2.8071,46
2026-01-15 17:44:00,2.8026,2.8071,2.8006,2.8071,2.8076,2.8121,2.8056,2.8121,22
2026-01-15 17:45:00,2.8066,2.8101,2.8051,2.8091,2.8116,2.8151,2.8101,2.8141,45
2026-01-15 17:46:00,2.8081,2.8101,2.8061,2.8091,2.8131,2.8151,2.8111,2.8141,55
2026-01-15 17:47:00,2.8081,2.8136,2.8081,2.8101,2.8131,2.8186,2.8131,2.8151,36
2026-01-15 17:48:00,2.8091,2.8151,2.8091,2.8121,2.8141,2.8201,2.8141,2.8171,47
2026-01-15 17:49:00,2.8131,2.8166,2.8121,2.8151,2.8181,2.8216,2.8171,2.8201,31
2026-01-15 17:50:00,2.8146,2.8231,2.8146,2.8191,2.8196,2.8281,2.8196,2.8241,36
2026-01-15 17:51:00,2.8181,2.8206,2.8141,2.8161,2.8231,2.8256,2.8191,2.8211,39
2026-01-15 17:52:00,2.8156,2.8211,2.8156,2.8181,2.8206,2.8261,2.8206,2.8231,33
2026-01-15 17:53:00,2.8161,2.8171,2.8121,2.8141,2.8211,2.8221,2.8171,2.8191,36
2026-01-15 17:54:00,2.8136,2.8146,2.8111,2.8141,2.8186,2.8196,2.8161,2.8191,30
2026-01-15 17:55:00,2.8136,2.8191,2.8111,2.8176,2.8186,2.8241,2.8161,2.8226,39
2026-01-15 17:56:00,2.8186,2.8191,2.8181,2.8186,2.8236,2.8241,2.8231,2.8236,6
2026-01-15 17:57:00,2.8191,2.8191,2.8111,2.8131,2.8241,2.8241,2.8161,2.8181,24
2026-01-15 17:58:00,2.8121,2.8186,2.8121,2.8161,2.8171,2.8236,2.8171,2.8211,37
2026-01-15 17:59:00,2.8176,2.8211,2.8171,2.8171,2.8226,2.8261,2.8221,2.8221,35
2026-01-15 18:00:00,2.8166,2.8181,2.8151,2.8156,2.8216,2.8231,2.8201,2.8206,24
2026-01-15 18:01:00,2.8151,2.8281,2.8151,2.8271,2.8201,2.8331,2.8201,2.8321,68
2026-01-15 18:02:00,2.8266,2.8311,2.8246,2.8261,2.8316,2.8361,2.8296,2.8311,55
2026-01-15 18:03:00,2.8266,2.8271,2.8161,2.8161,2.8316,2.8321,2.8211,2.8211,52
2026-01-15 18:04:00,2.8156,2.8241,2.8131,2.8231,2.8206,2.8291,2.8181,2.8281,35
2026-01-15 18:05:00,2.8221,2.8231,2.8191,2.8221,2.8271,2.8281,2.8241,2.8271,29
2026-01-15 18:06:00,2.8211,2.8241,2.8201,2.8231,2.8261,2.8291,2.8251,2.8281,25
2026-01-15 18:07:00,2.8226,2.8231,2.8201,2.8201,2.8276,2.8281,2.8251,2.8251,11
2026-01-15 18:08:00,2.8196,2.8196,2.8101,2.8141,2.8246,2.8246,2.8151,2.8191,47
2026-01-15 18:09:00,2.8136,2.8161,2.8121,2.8141,2.8186,2.8211,2.8171,2.8191,22
2026-01-15 18:10:00,2.8136,2.8151,2.8111,2.8111,2.8186,2.8201,2.8161,2.8161,28
2026-01-15 18:11:00,2.8121,2.8231,2.8121,2.8201,2.8171,2.8281,2.8171,2.8251,37
2026-01-15 18:12:00,2.8196,2.8221,2.8181,2.8181,2.8246,2.8271,2.8231,2.8231,26
2026-01-15 18:13:00,2.8176,2.8191,2.8166,2.8181,2.8226,2.8241,2.8216,2.8231,17
2026-01-15 18:14:00,2.8176,2.8176,2.8141,2.8171,2.8226,2.8226,2.8191,2.8221,24
2026-01-15 18:15:00,2.8176,2.8231,2.8151,2.8206,2.8226,2.8281,2.8201,2.8256,29
2026-01-15 18:16:00,2.8211,2.8231,2.8156,2.8171,2.8261,2.8281,2.8206,2.8221,27
2026-01-15 18:17:00,2.8176,2.8216,2.8176,2.8211,2.8226,2.8266,2.8226,2.8261,24
2026-01-15 18:18:00,2.8206,2.8241,2.8176,2.8176,2.8256,2.8291,2.8226,2.8226,26
2026-01-15 18:19:00,2.8181,2.8221,2.8176,2.8201,2.8231,2.8271,2.8226,2.8251,21
2026-01-15 18:20:00,2.8206,2.8246,2.8206,2.8221,2.8256,2.8296,2.8256,2.8271,25
2026-01-15 18:21:00,2.8216,2.8231,2.8201,2.8211,2.8266,2.8281,2.8251,2.8261,13
2026-01-15 18:22:00,2.8216,2.8246,2.8211,2.8216,2.8266,2.8296,2.8261,2.8266,20
2026-01-15 18:23:00,2.8221,2.8236,2.8206,2.8206,2.8271,2.8286,2.8256,2.8256,19
2026-01-15 18:24:00,2.8211,2.8211,2.8181,2.8191,2.8261,2.8261,2.8231,2.8241,32
2026-01-15 18:25:00,2.8196,2.8226,2.8196,2.8211,2.8246,2.8276,2.8246,2.8261,23
2026-01-15 18:26:00,2.8201,2.8221,2.8201,2.8211,2.8251,2.8271,2.8251,2.8261,5
2026-01-15 18:27:00,2.8216,2.8231,2.8121,2.8151,2.8266,2.8281,2.8171,2.8201,46
2026-01-15 18:28:00,2.8146,2.8151,2.8071,2.8091,2.8196,2.8201,2.8121,2.8141,57
2026-01-15 18:29:00,2.8101,2.8141,2.8081,2.8121,2.8151,2.8191,2.8131,2.8171,38
2026-01-15 18:30:00,2.8116,2.8171,2.8111,2.8151,2.8166,2.8221,2.8161,2.8201,33
2026-01-15 18:31:00,2.8156,2.8221,2.8156,2.8211,2.8206,2.8271,2.8206,2.8261,25
2026-01-15 18:32:00,2.8206,2.8316,2.8206,2.8311,2.8256,2.8366,2.8256,2.8361,52
2026-01-15 18:33:00,2.8316,2.8411,2.8316,2.8401,2.8366,2.8461,2.8366,2.8451,43
2026-01-15 18:34:00,2.8406,2.8456,2.8401,2.8441,2.8456,2.8506,2.8451,2.8491,57
2026-01-15 18:35:00,2.8446,2.8476,2.8416,2.8441,2.8496,2.8526,2.8466,2.8491,50
2026-01-15 18:36:00,2.8431,2.8431,2.8351,2.8381,2.8481,2.8481,2.8401,2.8431,47
2026-01-15 18:37:00,2.8386,2.8401,2.8371,2.8401,2.8436,2.8451,2.8421,2.8451,25
2026-01-15 18:38:00,2.8396,2.8591,2.8351,2.8571,2.8446,2.8641,2.8401,2.8621,70
2026-01-15 18:39:00,2.8576,2.8671,2.8576,2.8636,2.8626,2.8721,2.8626,2.8686,97
2026-01-15 18:40:00,2.8641,2.8701,2.8586,2.8586,2.8691,2.8751,2.8636,2.8636,69
2026-01-15 18:41:00,2.8581,2.8611,2.8561,2.8591,2.8631,2.8661,2.8611,2.8641,44
2026-01-15 18:42:00,2.8616,2.8636,2.8451,2.8476,2.8666,2.8686,2.8501,2.8526,102
2026-01-15 18:43:00,2.8481,2.8631,2.8461,2.8621,2.8531,2.8681,2.8511,2.8671,73
2026-01-15 18:44:00,2.8626,2.8801,2.8601,2.8786,2.8676,2.8851,2.8651,2.8836,85
2026-01-15 18:45:00,2.8781,2.8901,2.8781,2.8841,2.8831,2.8951,2.8831,2.8891,134
2026-01-15 18:46:00,2.8836,2.8851,2.8761,2.8811,2.8886,2.8901,2.8811,2.8861,67
2026-01-15 18:47:00,2.8806,2.8816,2.8746,2.8761,2.8856,2.8866,2.8796,2.8811,65
2026-01-15 18:48:00,2.8776,2.8781,2.8691,2.8696,2.8826,2.8831,2.8741,2.8746,68
2026-01-15 18:49:00,2.8691,2.8751,2.8681,2.8701,2.8741,2.8801,2.8731,2.8751,81
2026-01-15 18:50:00,2.8696,2.8781,2.8691,2.8776,2.8746,2.8831,2.8741,2.8826,54
2026-01-15 18:51:00,2.8771,2.8801,2.8471,2.8541,2.8821,2.8851,2.8521,2.8591,112
2026-01-15 18:52:00,2.8546,2.8621,2.8526,2.8606,2.8596,2.8671,2.8576,2.8656,52
2026-01-15 18:53:00,2.8611,2.8646,2.8581,2.8611,2.8661,2.8696,2.8631,2.8661,52
2026-01-15 18:54:00,2.8616,2.8651,2.8501,2.8581,2.8666,2.8701,2.8551,2.8631,62
2026-01-15 18:55:00,2.8571,2.8621,2.8551,2.8616,2.8621,2.8671,2.8601,2.8666,37
2026-01-15 18:56:00,2.8626,2.8671,2.8611,2.8626,2.8676,2.8721,2.8661,2.8676,38
2026-01-15 18:57:00,2.8621,2.8651,2.8611,2.8631,2.8671,2.8701,2.8661,2.8681,33
2026-01-15 18:58:00,2.8626,2.8716,2.8626,2.8651,2.8676,2.8766,2.8676,2.8701,66
2026-01-15 18:59:00,2.8646,2.8711,2.8626,2.8671,2.8696,2.8761,2.8676,2.8721,40
2026-01-15 19:00:00,2.8661,2.8711,2.8591,2.8676,2.8711,2.8761,2.8641,2.8726,63
2026-01-15 19:01:00,2.8681,2.8706,2.8661,2.8681,2.8731,2.8756,2.8711,2.8731,38
2026-01-15 19:02:00,2.8686,2.8686,2.8566,2.8601,2.8736,2.8736,2.8616,2.8651,36
2026-01-15 19:03:00,2.8596,2.8711,2.8586,2.8661,2.8646,2.8761,2.8636,2.8711,51
2026-01-15 19:04:00,2.8656,2.8681,2.8611,2.8671,2.8706,2.8731,2.8661,2.8721,33
2026-01-15 19:05:00,2.8666,2.8711,2.8641,2.8711,2.8716,2.8761,2.8691,2.8761,37
2026-01-15 19:06:00,2.8721,2.8726,2.8656,2.8661,2.8771,2.8776,2.8706,2.8711,31
2026-01-15 19:07:00,2.8651,2.8726,2.8651,2.8701,2.8701,2.8776,2.8701,2.8751,45
2026-01-15 19:08:00,2.8706,2.8811,2.8706,2.8761,2.8756,2.8861,2.8756,2.8811,44
2026-01-15 19:09:00,2.8766,2.8881,2.8751,2.8871,2.8816,2.8931,2.8801,2.8921,81
2026-01-15 19:10:00,2.8861,2.8886,2.8716,2.8791,2.8911,2.8936,2.8766,2.8841,75
2026-01-15 19:11:00,2.8786,2.8786,2.8716,2.8731,2.8836,2.8836,2.8766,2.8781,45
2026-01-15 19:12:00,2.8716,2.8761,2.8641,2.8661,2.8766,2.8811,2.8691,2.8711,61
2026-01-15 19:13:00,2.8651,2.8681,2.8631,2.8656,2.8701,2.8731,2.8681,2.8706,37
2026-01-15 19:14:00,2.8641,2.8661,2.8601,2.8611,2.8691,2.8711,2.8651,2.8661,69
2026-01-15 19:15:00,2.8616,2.8651,2.8591,2.8631,2.8666,2.8701,2.8641,2.8681,39
2026-01-15 19:16:00,2.8621,2.8621,2.8511,2.8521,2.8671,2.8671,2.8561,2.8571,77
2026-01-15 19:17:00,2.8511,2.8566,2.8481,2.8531,2.8561,2.8616,2.8531,2.8581,64
2026-01-15 19:18:00,2.8536,2.8606,2.8536,2.8596,2.8586,2.8656,2.8586,2.8646,39
2026-01-15 19:19:00,2.8591,2.8651,2.8551,2.8581,2.8641,2.8701,2.8601,2.8631,59
2026-01-15 19:20:00,2.8561,2.8611,2.8531,2.8601,2.8611,2.8661,2.8581,2.8651,41
2026-01-15 19:21:00,2.8591,2.8631,2.8591,2.8631,2.8641,2.8681,2.8641,2.8681,23
2026-01-15 19:22:00,2.8641,2.8781,2.8641,2.8766,2.8691,2.8831,2.8691,2.8816,55
2026-01-15 19:23:00,2.8761,2.8791,2.8741,2.8761,2.8811,2.8841,2.8791,2.8811,27
2026-01-15 19:24:00,2.8756,2.8841,2.8756,2.8801,2.8806,2.8891,2.8806,2.8851,47
2026-01-15 19:25:00,2.8796,2.8851,2.8771,2.8846,2.8846,2.8901,2.8821,2.8896,53
2026-01-15 19:26:00,2.8856,2.8856,2.8791,2.8791,2.8906,2.8906,2.8841,2.8841,37
2026-01-15 19:27:00,2.8786,2.8826,2.8781,2.8781,2.8836,2.8876,2.8831,2.8831,22
2026-01-15 19:28:00,2.8791,2.8876,2.8771,2.8851,2.8841,2.8926,2.8821,2.8901,45
2026-01-15 19:29:00,2.8846,2.8871,2.8821,2.8861,2.8896,2.8921,2.8871,2.8911,29
2026-01-15 19:30:00,2.8851,2.8921,2.8841,2.8891,2.8901,2.8971,2.8891,2.8941,54
2026-01-15 19:31:00,2.8901,2.8921,2.8881,2.8901,2.8951,2.8971,2.8931,2.8951,22
2026-01-15 19:32:00,2.8906,2.9021,2.8901,2.8971,2.8956,2.9071,2.8951,2.9021,44
2026-01-15 19:33:00,2.8966,2.9006,2.8941,2.9001,2.9016,2.9056,2.8991,2.9051,44
2026-01-15 19:34:00,2.8991,2.9011,2.8891,2.8906,2.9041,2.9061,2.8941,2.8956,45
2026-01-15 19:35:00,2.8911,2.8911,2.8821,2.8826,2.8961,2.8961,2.8871,2.8876,25
2026-01-15 19:36:00,2.8821,2.8861,2.8821,2.8836,2.8871,2.8911,2.8871,2.8886,27
2026-01-15 19:37:00,2.8841,2.8841,2.8821,2.8821,2.8891,2.8891,2.8871,2.8871,20
2026-01-15 19:38:00,2.8831,2.8851,2.8791,2.8806,2.8881,2.8901,2.8841,2.8856,26
2026-01-15 19:39:00,2.8811,2.8916,2.8811,2.8886,2.8861,2.8966,2.8861,2.8936,28
2026-01-15 19:40:00,2.8891,2.8931,2.8856,2.8871,2.8941,2.8981,2.8906,2.8921,45
2026-01-15 19:41:00,2.8861,2.8891,2.8851,2.8866,2.8911,2.8941,2.8901,2.8916,26
2026-01-15 19:42:00,2.8856,2.8901,2.8831,2.8876,2.8906,2.8951,2.8881,2.8926,30
2026-01-15 19:43:00,2.8871,2.8901,2.8836,2.8881,2.8921,2.8951,2.8886,2.8931,34
2026-01-15 19:44:00,2.8871,2.8916,2.8861,2.8871,2.8921,2.8966,2.8911,2.8921,31
2026-01-15 19:45:00,2.8876,2.8921,2.8756,2.8766,2.8926,2.8971,2.8806,2.8816,68
2026-01-15 19:46:00,2.8771,2.8826,2.8731,2.8751,2.8821,2.8876,2.8781,2.8801,60
2026-01-15 19:47:00,2.8746,2.8801,2.8746,2.8796,2.8796,2.8851,2.8796,2.8846,39
2026-01-15 19:48:00,2.8801,2.8811,2.8741,2.8741,2.8851,2.8861,2.8791,2.8791,40
2026-01-15 19:49:00,2.8731,2.8791,2.8706,2.8781,2.8781,2.8841,2.8756,2.8831,33
2026-01-15 19:50:00,2.8776,2.8791,2.8716,2.8746,2.8826,2.8841,2.8766,2.8796,46
2026-01-15 19:51:00,2.8741,2.8761,2.8681,2.8696,2.8791,2.8811,2.8731,2.8746,33
2026-01-15 19:52:00,2.8691,2.8741,2.8681,2.8716,2.8741,2.8791,2.8731,2.8766,40
2026-01-15 19:53:00,2.8721,2.8761,2.8721,2.8741,2.8771,2.8811,2.8771,2.8791,28
2026-01-15 19:54:00,2.8751,2.8781,2.8741,2.8771,2.8801,2.8831,2.8791,2.8821,32
2026-01-15 19:55:00,2.8761,2.8821,2.8761,2.8801,2.8811,2.8871,2.8811,2.8851,36
2026-01-15 19:56:00,2.8796,2.8831,2.8781,2.8821,2.8846,2.8881,2.8831,2.8871,30
2026-01-15 19:57:00,2.8831,2.8871,2.8801,2.8831,2.8881,2.8921,2.8851,2.8881,50
2026-01-15 19:58:00,2.8826,2.8826,2.8806,2.8821,2.8876,2.8876,2.8856,2.8871,23
2026-01-15 19:59:00,2.8831,2.8831,2.8771,2.8786,2.8881,2.8881,2.8821,2.8836,35
2026-01-15 20:00:00,2.8776,2.8791,2.8681,2.8706,2.8826,2.8841,2.8731,2.8756,48
2026-01-15 20:01:00,2.8701,2.8771,2.8701,2.8756,2.8751,2.8821,2.8751,2.8806,34
2026-01-15 20:02:00,2.8751,2.8751,2.8681,2.8701,2.8801,2.8801,2.8731,2.8751,38
2026-01-15 20:03:00,2.8691,2.8781,2.8691,2.8766,2.8741,2.8831,2.8741,2.8816,34
2026-01-15 20:04:00,2.8771,2.8821,2.8711,2.8741,2.8821,2.8871,2.8761,2.8791,55
2026-01-15 20:05:00,2.8736,2.8736,2.8681,2.8711,2.8786,2.8786,2.8731,2.8761,31
2026-01-15 20:06:00,2.8706,2.8761,2.8706,2.8746,2.8756,2.8811,2.8756,2.8796,33
2026-01-15 20:07:00,2.8741,2.8801,2.8721,2.8741,2.8791,2.8851,2.8771,2.8791,40
2026-01-15 20:08:00,2.8736,2.8851,2.8736,2.8841,2.8786,2.8901,2.8786,2.8891,50
2026-01-15 20:09:00,2.8836,2.8861,2.8786,2.8831,2.8886,2.8911,2.8836,2.8881,65
2026-01-15 20:10:00,2.8836,2.8841,2.8816,2.8821,2.8886,2.8891,2.8866,2.8871,34
2026-01-15 20:11:00,2.8816,2.8851,2.8771,2.8771,2.8866,2.8901,2.8821,2.8821,46
2026-01-15 20:12:00,2.8766,2.8816,2.8761,2.8811,2.8816,2.8866,2.8811,2.8861,18
2026-01-15 20:13:00,2.8801,2.8811,2.8771,2.8781,2.8851,2.8861,2.8821,2.8831,45
2026-01-15 20:14:00,2.8791,2.8801,2.8741,2.8751,2.8841,2.8851,2.8791,2.8801,30
2026-01-15 20:15:00,2.8761,2.8761,2.8671,2.8681,2.8811,2.8811,2.8721,2.8731,36
2026-01-15 20:16:00,2.8686,2.8716,2.8686,2.8691,2.8736,2.8766,2.8736,2.8741,27
2026-01-15 20:17:00,2.8686,2.8716,2.8681,2.8696,2.8736,2.8766,2.8731,2.8746,28
2026-01-15 20:18:00,2.8701,2.8741,2.8671,2.8686,2.8751,2.8791,2.8721,2.8736,59
2026-01-15 20:19:00,2.8691,2.8711,2.8671,2.8681,2.8741,2.8761,2.8721,2.8731,23
2026-01-15 20:20:00,2.8671,2.8706,2.8671,2.8686,2.8721,2.8756,2.8721,2.8736,27
2026-01-15 20:21:00,2.8691,2.8721,2.8681,2.8691,2.8741,2.8771,2.8731,2.8741,27
2026-01-15 20:22:00,2.8696,2.8721,2.8671,2.8721,2.8746,2.8771,2.8721,2.8771,23
2026-01-15 20:23:00,2.8716,2.8741,2.8701,2.8711,2.8766,2.8791,2.8751,2.8761,43
2026-01-15 20:24:00,2.8716,2.8736,2.8681,2.8701,2.8766,2.8786,2.8731,2.8751,34
2026-01-15 20:25:00,2.8721,2.8736,2.8691,2.8736,2.8771,2.8786,2.8741,2.8786,51
2026-01-15 20:26:00,2.8731,2.8741,2.8681,2.8691,2.8781,2.8791,2.8731,2.8741,60
2026-01-15 20:27:00,2.8686,2.8701,2.8681,2.8691,2.8736,2.8751,2.8731,2.8741,31
2026-01-15 20:28:00,2.8701,2.8751,2.8651,2.8706,2.8751,2.8801,2.8701,2.8756,147
2026-01-15 20:29:00,2.8716,2.8761,2.8711,2.8751,2.8766,2.8811,2.8761,2.8801,65
2026-01-15 20:30:00,2.8741,2.8781,2.8711,2.8766,2.8791,2.8831,2.8761,2.8816,45
2026-01-15 20:31:00,2.8761,2.8761,2.8741,2.8761,2.8811,2.8811,2.8791,2.8811,8
2026-01-15 20:32:00,2.8751,2.8761,2.8741,2.8761,2.8801,2.8811,2.8791,2.8811,20
2026-01-15 20:33:00,2.8766,2.8781,2.8751,2.8781,2.8816,2.8831,2.8801,2.8831,8
2026-01-15 20:34:00,2.8791,2.8791,2.8761,2.8771,2.8841,2.8841,2.8811,2.8821,11
2026-01-15 20:35:00,2.8776,2.8791,2.8756,2.8761,2.8826,2.8841,2.8806,2.8811,14
2026-01-15 20:37:00,2.8751,2.8761,2.8711,2.8716,2.8801,2.8811,2.8761,2.8766,15
2026-01-15 20:38:00,2.8671,2.8696,2.8631,2.8661,2.8721,2.8746,2.8681,2.8711,38
2026-01-15 20:39:00,2.8666,2.8681,2.8656,2.8681,2.8716,2.8731,2.8706,2.8731,13
2026-01-15 20:40:00,2.8676,2.8701,2.8666,2.8691,2.8726,2.8751,2.8716,2.8741,18
2026-01-15 20:41:00,2.8686,2.8696,2.8686,2.8691,2.8736,2.8746,2.8736,2.8741,5
2026-01-15 20:42:00,2.8686,2.8701,2.8686,2.8701,2.8736,2.8751,2.8736,2.8751,2
2026-01-15 20:43:00,2.8706,2.8706,2.8671,2.8681,2.8756,2.8756,2.8721,2.8731,17
2026-01-15 20:44:00,2.8676,2.8731,2.8676,2.8701,2.8726,2.8781,2.8726,2.8751,14
2026-01-15 20:45:00,2.8696,2.8696,2.8681,2.8691,2.8746,2.8746,2.8731,2.8741,6
2026-01-15 20:46:00,2.8681,2.8701,2.8681,2.8701,2.8731,2.8751,2.8731,2.8751,8
2026-01-15 20:47:00,2.8696,2.8731,2.8691,2.8721,2.8746,2.8781,2.8741,2.8771,8
2026-01-15 20:48:00,2.8731,2.8761,2.8731,2.8741,2.8781,2.8811,2.8781,2.8791,11
2026-01-15 20:49:00,2.8751,2.8771,2.8746,2.8761,2.8801,2.8821,2.8796,2.8811,8
2026-01-15 20:50:00,2.8766,2.8791,2.8761,2.8786,2.8816,2.8841,2.8811,2.8836,20
2026-01-15 20:51:00,2.8781,2.8801,2.8781,2.8801,2.8831,2.8851,2.8831,2.8851,10
2026-01-15 20:52:00,2.8796,2.8811,2.8791,2.8811,2.8846,2.8861,2.8841,2.8861,9
2026-01-15 20:53:00,2.8806,2.8811,2.8801,2.8806,2.8856,2.8861,2.8851,2.8856,10
2026-01-15 20:54:00,2.8811,2.8851,2.8801,2.8851,2.8861,2.8901,2.8851,2.8901,17
2026-01-15 20:55:00,2.8846,2.8856,2.8821,2.8836,2.8896,2.8906,2.8871,2.8886,14
2026-01-15 20:56:00,2.8831,2.8836,2.8726,2.8731,2.8881,2.8886,2.8776,2.8781,24
2026-01-15 20:57:00,2.8736,2.8736,2.8696,2.8716,2.8786,2.8786,2.8746,2.8766,30
2026-01-15 20:58:00,2.8721,2.8746,2.8721,2.8746,2.8771,2.8796,2.8771,2.8796,13
2026-01-15 20:59:00,2.8751,2.8756,2.8741,2.8746,2.8801,2.8806,2.8791,2.8796,9
2026-01-15 21:00:00,2.8741,2.8766,2.8711,2.8766,2.8791,2.8816,2.8761,2.8816,24
2026-01-15 21:01:00,2.8761,2.8766,2.8751,2.8751,2.8811,2.8816,2.8801,2.8801,6
2026-01-15 21:02:00,2.8746,2.8746,2.8736,2.8736,2.8796,2.8796,2.8786,2.8786,3
2026-01-15 21:03:00,2.8731,2.8736,2.8721,2.8736,2.8781,2.8786,2.8771,2.8786,6
2026-01-15 21:04:00,2.8731,2.8731,2.8711,2.8721,2.8781,2.8781,2.8761,2.8771,9
2026-01-15 21:05:00,2.8711,2.8721,2.8711,2.8711,2.8761,2.8771,2.8761,2.8761,5
2026-01-15 21:06:00,2.8726,2.8741,2.8726,2.8731,2.8776,2.8791,2.8776,2.8781,3
2026-01-15 21:07:00,2.8726,2.8731,2.8711,2.8721,2.8776,2.8781,2.8761,2.8771,8
2026-01-15 21:08:00,2.8711,2.8721,2.8691,2.8711,2.8761,2.8771,2.8741,2.8761,16
2026-01-15 21:09:00,2.8706,2.8711,2.8691,2.8691,2.8756,2.8761,2.8741,2.8741,16
2026-01-15 21:10:00,2.8696,2.8706,2.8691,2.8701,2.8746,2.8756,2.8741,2.8751,9
2026-01-15 21:11:00,2.8696,2.8696,2.8691,2.8696,2.8746,2.8746,2.8741,2.8746,3
2026-01-15 21:12:00,2.8701,2.8711,2.8676,2.8676,2.8751,2.8761,2.8726,2.8726,15
2026-01-15 21:13:00,2.8671,2.8681,2.8671,2.8681,2.8721,2.8731,2.8721,2.8731,3
2026-01-15 21:15:00,2.8691,2.8701,2.8691,2.8701,2.8741,2.8751,2.8741,2.8751,3
2026-01-15 21:16:00,2.8711,2.8736,2.8711,2.8731,2.8761,2.8786,2.8761,2.8781,9
2026-01-15 21:17:00,2.8741,2.8751,2.8741,2.8751,2.8791,2.8801,2.8791,2.8801,5
2026-01-15 21:18:00,2.8746,2.8761,2.8741,2.8751,2.8796,2.8811,2.8791,2.8801,6
2026-01-15 21:19:00,2.8746,2.8781,2.8731,2.8751,2.8796,2.8831,2.8781,2.8801,19
2026-01-15 21:20:00,2.8746,2.8751,2.8736,2.8741,2.8796,2.8801,2.8786,2.8791,6
2026-01-15 21:21:00,2.8746,2.8761,2.8741,2.8761,2.8796,2.8811,2.8791,2.8811,10
2026-01-15 21:22:00,2.8771,2.8781,2.8771,2.8771,2.8821,2.8831,2.8821,2.8821,6
2026-01-15 21:23:00,2.8781,2.8781,2.8751,2.8771,2.8831,2.8831,2.8801,2.8821,10
2026-01-15 21:24:00,2.8766,2.8771,2.8761,2.8771,2.8816,2.8821,2.8811,2.8821,7
2026-01-15 21:25:00,2.8781,2.8781,2.8741,2.8746,2.8831,2.8831,2.8791,2.8796,8
2026-01-15 21:26:00,2.8741,2.8781,2.8741,2.8781,2.8791,2.8831,2.8791,2.8831,10
2026-01-15 21:27:00,2.8771,2.8801,2.8741,2.8771,2.8821,2.8851,2.8791,2.8821,28
2026-01-15 21:28:00,2.8766,2.8766,2.8751,2.8751,2.8816,2.8816,2.8801,2.8801,8
2026-01-15 21:29:00,2.8761,2.8761,2.8746,2.8756,2.8811,2.8811,2.8796,2.8806,4
2026-01-15 21:30:00,2.8751,2.8751,2.8691,2.8691,2.8801,2.8801,2.8741,2.8741,33
2026-01-15 21:31:00,2.8701,2.8701,2.8701,2.8701,2.8751,2.8751,2.8751,2.8751,1
2026-01-15 21:32:00,2.8691,2.8701,2.8691,2.8691,2.8741,2.8751,2.8741,2.8741,7
2026-01-15 21:33:00,2.8696,2.8701,2.8671,2.8701,2.8746,2.8751,2.8721,2.8751,11
2026-01-15 21:34:00,2.8696,2.8696,2.8621,2.8621,2.8746,2.8746,2.8671,2.8671,17
2026-01-15 21:35:00,2.8616,2.8626,2.8571,2.8581,2.8666,2.8676,2.8621,2.8631,11
2026-01-15 21:36:00,2.8576,2.8591,2.8571,2.8571,2.8626,2.8641,2.8621,2.8621,12
2026-01-15 21:37:00,2.8581,2.8581,2.8571,2.8581,2.8631,2.8631,2.8621,2.8631,4
2026-01-15 21:38:00,2.8571,2.8581,2.8566,2.8566,2.8621,2.8631,2.8616,2.8616,8
2026-01-15 21:39:00,2.8561,2.8561,2.8531,2.8541,2.8611,2.8611,2.8581,2.8591,8
2026-01-15 21:40:00,2.8536,2.8591,2.8526,2.8591,2.8586,2.8641,2.8576,2.8641,17
2026-01-15 21:41:00,2.8581,2.8616,2.8576,2.8616,2.8631,2.8666,2.8626,2.8666,13
2026-01-15 21:42:00,2.8626,2.8651,2.8611,2.8626,2.8676,2.8701,2.8661,2.8676,24
2026-01-15 21:43:00,2.8621,2.8666,2.8611,2.8651,2.8671,2.8716,2.8661,2.8701,17
2026-01-15 21:44:00,2.8641,2.8646,2.8641,2.8641,2.8691,2.8696,2.8691,2.8691,3
2026-01-15 21:45:00,2.8636,2.8641,2.8616,2.8631,2.8686,2.8691,2.8666,2.8681,16
2026-01-15 21:46:00,2.8621,2.8651,2.8616,2.8646,2.8671,2.8701,2.8666,2.8696,8
2026-01-15 21:47:00,2.8651,2.8666,2.8631,2.8666,2.8701,2.8716,2.8681,2.8716,14
2026-01-15 21:48:00,2.8661,2.8671,2.8661,2.8661,2.8711,2.8721,2.8711,2.8711,10
2026-01-15 21:49:00,2.8651,2.8656,2.8641,2.8641,2.8701,2.8706,2.8691,2.8691,8
2026-01-15 21:50:00,2.8651,2.8651,2.8636,2.8636,2.8701,2.8701,2.8686,2.8686,5
2026-01-15 21:51:00,2.8626,2.8641,2.8626,2.8631,2.8676,2.8691,2.8676,2.8681,7
2026-01-15 21:52:00,2.8636,2.8636,2.8621,2.8621,2.8686,2.8686,2.8671,2.8671,4
2026-01-15 21:53:00,2.8616,2.8661,2.8616,2.8651,2.8666,2.8711,2.8666,2.8701,11
2026-01-15 21:54:00,2.8646,2.8651,2.8631,2.8636,2.8696,2.8701,2.8681,2.8686,7
2026-01-15 21:55:00,2.8641,2.8681,2.8636,2.8681,2.8691,2.8731,2.8686,2.8731,14
2026-01-15 21:56:00,2.8676,2.8676,2.8661,2.8671,2.8726,2.8726,2.8711,2.8721,9
2026-01-15 21:57:00,2.8666,2.8691,2.8666,2.8681,2.8716,2.8741,2.8716,2.8731,8
2026-01-15 21:58:00,2.8686,2.8691,2.8666,2.8666,2.8736,2.8741,2.8716,2.8716,8
2026-01-15 21:59:00,2.8661,2.8661,2.8631,2.8641,2.8711,2.8711,2.8681,2.8691,15
2026-01-15 22:00:00,2.8646,2.8686,2.8641,2.8681,2.8696,2.8736,2.8691,2.8731,59
2026-01-15 22:01:00,2.8671,2.8671,2.8626,2.8656,2.8721,2.8721,2.8676,2.8706,15
2026-01-15 22:02:00,2.8651,2.8696,2.8651,2.8691,2.8701,2.8746,2.8701,2.8741,11
2026-01-15 22:03:00,2.8686,2.8686,2.8636,2.8636,2.8736,2.8736,2.8686,2.8686,9
2026-01-15 22:04:00,2.8616,2.8671,2.8616,2.8666,2.8666,2.8721,2.8666,2.8716,8
2026-01-15 22:05:00,2.8661,2.8671,2.8661,2.8661,2.8711,2.8721,2.8711,2.8711,7
2026-01-15 22:06:00,2.8671,2.8676,2.8671,2.8676,2.8721,2.8726,2.8721,2.8726,2
2026-01-15 22:07:00,2.8681,2.8681,2.8671,2.8676,2.8731,2.8731,2.8721,2.8726,3
2026-01-15 22:08:00,2.8671,2.8671,2.8656,2.8666,2.8721,2.8721,2.8706,2.8716,6
2026-01-15 22:09:00,2.8661,2.8661,2.8646,2.8646,2.8711,2.8711,2.8696,2.8696,4
2026-01-15 22:10:00,2.8651,2.8666,2.8651,2.8656,2.8701,2.8716,2.8701,2.8706,6
2026-01-15 22:11:00,2.8661,2.8661,2.8646,2.8661,2.8711,2.8711,2.8696,2.8711,9
2026-01-15 22:12:00,2.8656,2.8671,2.8656,2.8666,2.8706,2.8721,2.8706,2.8716,5
2026-01-15 22:13:00,2.8661,2.8666,2.8651,2.8656,2.8711,2.8716,2.8701,2.8706,7
2026-01-15 22:14:00,2.8651,2.8671,2.8646,2.8661,2.8701,2.8721,2.8696,2.8711,15
2026-01-15 22:15:00,2.8666,2.8726,2.8661,2.8721,2.8716,2.8776,2.8711,2.8771,19
2026-01-15 22:16:00,2.8726,2.8751,2.8726,2.8736,2.8776,2.8801,2.8776,2.8786,14
2026-01-15 22:17:00,2.8746,2.8761,2.8736,2.8736,2.8796,2.8811,2.8786,2.8786,8
2026-01-15 22:18:00,2.8731,2.8741,2.8726,2.8726,2.8781,2.8791,2.8776,2.8776,7
2026-01-15 22:19:00,2.8731,2.8741,2.8706,2.8706,2.8781,2.8791,2.8756,2.8756,17
2026-01-15 22:20:00,2.8701,2.8731,2.8701,2.8731,2.8751,2.8781,2.8751,2.8781,5
2026-01-15 22:21:00,2.8726,2.8736,2.8726,2.8736,2.8776,2.8786,2.8776,2.8786,3
2026-01-15 22:22:00,2.8741,2.8786,2.8741,2.8771,2.8791,2.8836,2.8791,2.8821,14
2026-01-15 22:23:00,2.8776,2.8791,2.8776,2.8791,2.8826,2.8841,2.8826,2.8841,5
2026-01-15 22:24:00,2.8796,2.8806,2.8796,2.8796,2.8846,2.8856,2.8846,2.8846,7
2026-01-15 22:25:00,2.8791,2.8811,2.8791,2.8801,2.8841,2.8861,2.8841,2.8851,9
2026-01-15 22:26:00,2.8796,2.8796,2.8791,2.8791,2.8846,2.8846,2.8841,2.8841,2
2026-01-15 22:27:00,2.8781,2.8781,2.8766,2.8766,2.8831,2.8831,2.8816,2.8816,5
2026-01-15 22:28:00,2.8761,2.8771,2.8761,2.8771,2.8811,2.8821,2.8811,2.8821,4
2026-01-15 22:29:00,2.8786,2.8801,2.8781,2.8781,2.8836,2.8851,2.8831,2.8831,15
2026-01-15 22:30:00,2.8786,2.8801,2.8781,2.8801,2.8836,2.8851,2.8831,2.8851,20
2026-01-15 22:32:00,2.8791,2.8801,2.8781,2.8781,2.8841,2.8851,2.8831,2.8831,6
2026-01-15 22:34:00,2.8786,2.8801,2.8781,2.8786,2.8836,2.8851,2.8831,2.8836,10
2026-01-15 22:35:00,2.8791,2.8796,2.8791,2.8796,2.8841,2.8846,2.8841,2.8846,2
2026-01-15 22:36:00,2.8791,2.8796,2.8776,2.8781,2.8841,2.8846,2.8826,2.8831,9
2026-01-15 22:37:00,2.8786,2.8786,2.8766,2.8771,2.8836,2.8836,2.8816,2.8821,9
2026-01-15 22:38:00,2.8776,2.8871,2.8776,2.8851,2.8826,2.8921,2.8826,2.8901,12
2026-01-15 22:39:00,2.8856,2.8866,2.8851,2.8861,2.8906,2.8916,2.8901,2.8911,8
2026-01-15 22:40:00,2.8856,2.8866,2.8856,2.8861,2.8906,2.8916,2.8906,2.8911,4
2026-01-15 22:41:00,2.8851,2.8851,2.8831,2.8831,2.8901,2.8901,2.8881,2.8881,7
2026-01-15 22:42:00,2.8826,2.8831,2.8826,2.8831,2.8876,2.8881,2.8876,2.8881,2
2026-01-15 22:45:00,2.8826,2.8836,2.8821,2.8831,2.8876,2.8886,2.8871,2.8881,8
2026-01-15 22:46:00,2.8826,2.8901,2.8806,2.8891,2.8876,2.8951,2.8856,2.8941,20
2026-01-15 22:47:00,2.8896,2.8911,2.8881,2.8881,2.8946,2.8961,2.8931,2.8931,9
2026-01-15 22:48:00,2.8886,2.8896,2.8886,2.8896,2.8936,2.8946,2.8936,2.8946,3
2026-01-15 22:49:00,2.8891,2.8891,2.8861,2.8886,2.8941,2.8941,2.8911,2.8936,12
2026-01-15 22:50:00,2.8881,2.8886,2.8881,2.8886,2.8931,2.8936,2.8931,2.8936,2
2026-01-15 22:51:00,2.8876,2.8881,2.8876,2.8881,2.8926,2.8931,2.8926,2.8931,2
2026-01-15 22:52:00,2.8886,2.8911,2.8881,2.8881,2.8936,2.8961,2.8931,2.8931,8
2026-01-15 22:53:00,2.8876,2.8881,2.8871,2.8876,2.8926,2.8931,2.8921,2.8926,5
2026-01-15 22:54:00,2.8871,2.8871,2.8851,2.8856,2.8921,2.8921,2.8901,2.8906,7
2026-01-15 22:55:00,2.8861,2.8881,2.8856,2.8881,2.8911,2.8931,2.8906,2.8931,10
2026-01-15 22:56:00,2.8886,2.8886,2.8866,2.8866,2.8936,2.8936,2.8916,2.8916,4
2026-01-15 22:57:00,2.8871,2.8871,2.8861,2.8866,2.8921,2.8921,2.8911,2.8916,5
2026-01-15 22:58:00,2.8871,2.8871,2.8841,2.8851,2.8921,2.8921,2.8891,2.8901,9
2026-01-15 22:59:00,2.8856,2.8876,2.8345,2.835,2.8906,2.8926,2.8395,2.84,27
2026-01-16 00:00:00,2.836,2.848,2.836,2.845,2.841,2.853,2.841,2.85,31
2026-01-16 00:01:00,2.847,2.8475,2.8445,2.8445,2.852,2.8525,2.8495,2.8495,3
2026-01-16 00:02:00,2.8435,2.8445,2.8435,2.8435,2.8485,2.8495,2.8485,2.8485,5
2026-01-16 00:03:00,2.843,2.8435,2.8405,2.843,2.848,2.8485,2.8455,2.848,13
2026-01-16 00:04:00,2.8435,2.846,2.843,2.8445,2.8485,2.851,2.848,2.8495,15
2026-01-16 00:05:00,2.843,2.8435,2.843,2.8435,2.848,2.8485,2.848,2.8485,2
2026-01-16 00:06:00,2.843,2.843,2.841,2.841,2.848,2.848,2.846,2.846,3
2026-01-16 00:07:00,2.84,2.841,2.84,2.841,2.845,2.846,2.845,2.846,2
2026-01-16 00:08:00,2.8405,2.842,2.84,2.8415,2.8455,2.847,2.845,2.8465,6
2026-01-16 00:09:00,2.841,2.843,2.84,2.8425,2.846,2.848,2.845,2.8475,7
2026-01-16 00:10:00,2.842,2.842,2.8415,2.8415,2.847,2.847,2.8465,2.8465,2
2026-01-16 00:13:00,2.8405,2.8405,2.8395,2.8395,2.8455,2.8455,2.8445,2.8445,3
2026-01-16 00:14:00,2.839,2.839,2.838,2.838,2.844,2.844,2.843,2.843,3
2026-01-16 00:16:00,2.8385,2.8385,2.8365,2.8365,2.8435,2.8435,2.8415,2.8415,5
2026-01-16 00:17:00,2.8355,2.8355,2.8345,2.835,2.8405,2.8405,2.8395,2.84,4
2026-01-16 00:18:00,2.8355,2.8355,2.833,2.833,2.8405,2.8405,2.838,2.838,3
2026-01-16 00:19:00,2.8335,2.8335,2.8335,2.8335,2.8385,2.8385,2.8385,2.8385,1
2026-01-16 00:20:00,2.8345,2.8345,2.8345,2.8345,2.8395,2.8395,2.8395,2.8395,1
2026-01-16 00:21:00,2.835,2.835,2.835,2.835,2.84,2.84,2.84,2.84,1
2026-01-16 00:23:00,2.8365,2.837,2.8365,2.837,2.8415,2.842,2.8415,2.842,2
2026-01-16 00:24:00,2.8365,2.8365,2.8345,2.8345,2.8415,2.8415,2.8395,2.8395,3
2026-01-16 00:25:00,2.835,2.835,2.835,2.835,2.84,2.84,2.84,2.84,1
2026-01-16 00:27:00,2.8345,2.8345,2.8345,2.8345,2.8395,2.8395,2.8395,2.8395,1
2026-01-16 00:29:00,2.834,2.834,2.834,2.834,2.839,2.839,2.839,2.839,1
2026-01-16 00:30:00,2.8335,2.8335,2.8335,2.8335,2.8385,2.8385,2.8385,2.8385,1
2026-01-16 00:32:00,2.834,2.834,2.834,2.834,2.839,2.839,2.839,2.839,1
2026-01-16 00:34:00,2.8335,2.834,2.8335,2.834,2.8385,2.839,2.8385,2.839,2
2026-01-16 00:35:00,2.835,2.835,2.835,2.835,2.84,2.84,2.84,2.84,1
2026-01-16 00:36:00,2.8345,2.8345,2.8345,2.8345,2.8395,2.8395,2.8395,2.8395,1
2026-01-16 00:38:00,2.835,2.835,2.834,2.834,2.84,2.84,2.839,2.839,3
2026-01-16 00:40:00,2.8335,2.834,2.8335,2.834,2.8385,2.839,2.8385,2.839,2
2026-01-16 00:44:00,2.8335,2.8335,2.833,2.833,2.8385,2.8385,2.838,2.838,2
2026-01-16 00:45:00,2.832,2.8345,2.832,2.8345,2.837,2.8395,2.837,2.8395,3
2026-01-16 00:46:00,2.835,2.8355,2.835,2.8355,2.84,2.8405,2.84,2.8405,2
2026-01-16 00:47:00,2.836,2.839,2.836,2.8385,2.841,2.844,2.841,2.8435,5
2026-01-16 00:48:00,2.839,2.84,2.839,2.84,2.844,2.845,2.844,2.845,3
2026-01-16 00:49:00,2.842,2.843,2.842,2.8425,2.847,2.848,2.847,2.8475,3
2026-01-16 00:50:00,2.842,2.842,2.841,2.841,2.847,2.847,2.846,2.846,3
2026-01-16 00:51:00,2.842,2.842,2.842,2.842,2.847,2.847,2.847,2.847,1
2026-01-16 00:52:00,2.843,2.843,2.8425,2.8425,2.848,2.848,2.8475,2.8475,2
2026-01-16 00:55:00,2.843,2.8445,2.8425,2.8445,2.848,2.8495,2.8475,2.8495,7
2026-01-16 00:56:00,2.844,2.844,2.844,2.844,2.849,2.849,2.849,2.849,1
2026-01-16 00:57:00,2.8435,2.844,2.8435,2.8435,2.8485,2.849,2.8485,2.8485,3
2026-01-16 00:58:00,2.844,2.844,2.844,2.844,2.849,2.849,2.849,2.849,1
2026-01-16 01:00:00,2.845,2.846,2.844,2.844,2.85,2.851,2.849,2.849,11
2026-01-16 01:01:00,2.8435,2.845,2.8435,2.845,2.8485,2.85,2.8485,2.85,4
2026-01-16 01:02:00,2.846,2.847,2.846,2.847,2.851,2.852,2.851,2.852,3
2026-01-16 01:03:00,2.8465,2.847,2.846,2.846,2.8515,2.852,2.851,2.851,3
2026-01-16 01:05:00,2.847,2.847,2.8455,2.846,2.852,2.852,2.8505,2.851,6
2026-01-16 01:06:00,2.8455,2.846,2.8445,2.845,2.8505,2.851,2.8495,2.85,6
2026-01-16 01:07:00,2.8445,2.846,2.8445,2.8445,2.8495,2.851,2.8495,2.8495,7
2026-01-16 01:08:00,2.844,2.845,2.844,2.845,2.849,2.85,2.849,2.85,2
2026-01-16 01:09:00,2.8445,2.8445,2.8445,2.8445,2.8495,2.8495,2.8495,2.8495,1
2026-01-16 01:10:00,2.845,2.845,2.8445,2.8445,2.85,2.85,2.8495,2.8495,2
2026-01-16 01:11:00,2.844,2.844,2.843,2.8435,2.849,2.849,2.848,2.8485,3
2026-01-16 01:12:00,2.844,2.844,2.844,2.844,2.849,2.849,2.849,2.849,1
2026-01-16 01:14:00,2.8445,2.845,2.8445,2.845,2.8495,2.85,2.8495,2.85,2
2026-01-16 01:15:00,2.8445,2.8445,2.844,2.8445,2.8495,2.8495,2.849,2.8495,3
2026-01-16 01:17:00,2.844,2.844,2.842,2.842,2.849,2.849,2.847,2.847,3
2026-01-16 01:18:00,2.8415,2.8415,2.8405,2.841,2.8465,2.8465,2.8455,2.846,6
2026-01-16 01:20:00,2.8405,2.8405,2.8405,2.8405,2.8455,2.8455,2.8455,2.8455,1
2026-01-16 01:21:00,2.841,2.841,2.841,2.841,2.846,2.846,2.846,2.846,1
2026-01-16 01:22:00,2.842,2.8455,2.842,2.8435,2.847,2.8505,2.847,2.8485,8
2026-01-16 01:23:00,2.8425,2.8425,2.8415,2.8415,2.8475,2.8475,2.8465,2.8465,2
2026-01-16 01:24:00,2.842,2.842,2.841,2.841,2.847,2.847,2.846,2.846,4
2026-01-16 01:25:00,2.8405,2.8405,2.8405,2.8405,2.8455,2.8455,2.8455,2.8455,1
2026-01-16 01:26:00,2.839,2.839,2.837,2.837,2.844,2.844,2.842,2.842,2
2026-01-16 01:27:00,2.838,2.839,2.837,2.8385,2.843,2.844,2.842,2.8435,4
2026-01-16 01:28:00,2.839,2.839,2.839,2.839,2.844,2.844,2.844,2.844,1
2026-01-16 01:29:00,2.8385,2.8385,2.8385,2.8385,2.8435,2.8435,2.8435,2.8435,1
2026-01-16 01:31:00,2.838,2.838,2.8375,2.8375,2.843,2.843,2.8425,2.8425,2
2026-01-16 01:32:00,2.838,2.838,2.838,2.838,2.843,2.843,2.843,2.843,1
2026-01-16 01:33:00,2.8385,2.8385,2.837,2.837,2.8435,2.8435,2.842,2.842,3
2026-01-16 01:34:00,2.8365,2.8365,2.836,2.836,2.8415,2.8415,2.841,2.841,2
2026-01-16 01:35:00,2.8355,2.8355,2.835,2.835,2.8405,2.8405,2.84,2.84,2
2026-01-16 01:36:00,2.8355,2.8355,2.8335,2.8335,2.8405,2.8405,2.8385,2.8385,3
2026-01-16 01:37:00,2.833,2.8345,2.8325,2.834,2.838,2.8395,2.8375,2.839,5
2026-01-16 01:38:00,2.8345,2.8345,2.8345,2.8345,2.8395,2.8395,2.8395,2.8395,1
2026-01-16 01:39:00,2.835,2.837,2.835,2.837,2.84,2.842,2.84,2.842,4
2026-01-16 01:40:00,2.8365,2.837,2.8365,2.837,2.8415,2.842,2.8415,2.842,2
2026-01-16 01:41:00,2.8365,2.837,2.8365,2.8365,2.8415,2.842,2.8415,2.8415,3
2026-01-16 01:42:00,2.837,2.838,2.837,2.838,2.842,2.843,2.842,2.843,5
2026-01-16 01:43:00,2.8375,2.8385,2.8355,2.8385,2.8425,2.8435,2.8405,2.8435,12
2026-01-16 01:44:00,2.839,2.839,2.839,2.839,2.844,2.844,2.844,2.844,1
2026-01-16 01:46:00,2.8385,2.8385,2.8375,2.8375,2.8435,2.8435,2.8425,2.8425,2
2026-01-16 01:48:00,2.8385,2.8385,2.8385,2.8385,2.8435,2.8435,2.8435,2.8435,1
2026-01-16 01:49:00,2.839,2.839,2.839,2.839,2.844,2.844,2.844,2.844,1
2026-01-16 01:50:00,2.8395,2.844,2.8395,2.842,2.8445,2.849,2.8445,2.847,18
2026-01-16 01:51:00,2.843,2.844,2.843,2.844,2.848,2.849,2.848,2.849,2
2026-01-16 01:52:00,2.8435,2.844,2.843,2.8435,2.8485,2.849,2.848,2.8485,4
2026-01-16 01:53:00,2.8445,2.8455,2.8445,2.8455,2.8495,2.8505,2.8495,2.8505,3
2026-01-16 01:54:00,2.845,2.8455,2.845,2.8455,2.85,2.8505,2.85,2.8505,2
2026-01-16 01:55:00,2.844,2.844,2.8435,2.8435,2.849,2.849,2.8485,2.8485,2
2026-01-16 01:56:00,2.843,2.843,2.8425,2.8425,2.848,2.848,2.8475,2.8475,2
2026-01-16 01:59:00,2.8415,2.842,2.841,2.841,2.8465,2.847,2.846,2.846,4
2026-01-16 02:00:00,2.84,2.842,2.84,2.841,2.845,2.847,2.845,2.846,7
2026-01-16 02:01:00,2.8415,2.843,2.8415,2.843,2.8465,2.848,2.8465,2.848,7
2026-01-16 02:02:00,2.8425,2.844,2.8425,2.844,2.8475,2.849,2.8475,2.849,3
2026-01-16 02:03:00,2.8435,2.8465,2.8435,2.846,2.8485,2.8515,2.8485,2.851,9
2026-01-16 02:04:00,2.847,2.847,2.8465,2.8465,2.852,2.852,2.8515,2.8515,2
2026-01-16 02:05:00,2.846,2.846,2.8435,2.8435,2.851,2.851,2.8485,2.8485,4
2026-01-16 02:07:00,2.843,2.845,2.842,2.8445,2.848,2.85,2.847,2.8495,7
2026-01-16 02:09:00,2.844,2.845,2.844,2.845,2.849,2.85,2.849,2.85,3
2026-01-16 02:11:00,2.844,2.845,2.844,2.844,2.849,2.85,2.849,2.849,5
2026-01-16 02:12:00,2.8435,2.844,2.843,2.8435,2.8485,2.849,2.848,2.8485,4
2026-01-16 02:15:00,2.8445,2.8445,2.8445,2.8445,2.8495,2.8495,2.8495,2.8495,1
2026-01-16 02:16:00,2.844,2.844,2.8435,2.8435,2.849,2.849,2.8485,2.8485,2
2026-01-16 02:18:00,2.842,2.8445,2.842,2.8445,2.847,2.8495,2.847,2.8495,4
2026-01-16 02:19:00,2.844,2.844,2.8435,2.844,2.849,2.849,2.8485,2.849,3
2026-01-16 02:21:00,2.8445,2.846,2.8445,2.8445,2.8495,2.851,2.8495,2.8495,5
2026-01-16 02:22:00,2.844,2.845,2.844,2.845,2.849,2.85,2.849,2.85,3
2026-01-16 02:23:00,2.8455,2.8455,2.8455,2.8455,2.8505,2.8505,2.8505,2.8505,1
2026-01-16 02:26:00,2.846,2.846,2.846,2.846,2.851,2.851,2.851,2.851,1
2026-01-16 02:27:00,2.8455,2.8455,2.843,2.8435,2.8505,2.8505,2.848,2.8485,5
2026-01-16 02:28:00,2.844,2.844,2.844,2.844,2.849,2.849,2.849,2.849,1
2026-01-16 02:29:00,2.8435,2.8435,2.8435,2.8435,2.8485,2.8485,2.8485,2.8485,1
2026-01-16 02:30:00,2.845,2.8455,2.845,2.8455,2.85,2.8505,2.85,2.8505,2
2026-01-16 02:32:00,2.845,2.845,2.845,2.845,2.85,2.85,2.85,2.85,1
2026-01-16 02:35:00,2.8445,2.8445,2.8445,2.8445,2.8495,2.8495,2.8495,2.8495,1
2026-01-16 02:36:00,2.845,2.845,2.845,2.845,2.85,2.85,2.85,2.85,1
2026-01-16 02:37:00,2.844,2.844,2.841,2.842,2.849,2.849,2.846,2.847,8
2026-01-16 02:39:00,2.8425,2.8425,2.841,2.842,2.8475,2.8475,2.846,2.847,4
2026-01-16 02:40:00,2.8425,2.8425,2.842,2.842,2.8475,2.8475,2.847,2.847,4
2026-01-16 02:41:00,2.8425,2.8425,2.8425,2.8425,2.8475,2.8475,2.8475,2.8475,1
2026-01-16 02:42:00,2.842,2.842,2.842,2.842,2.847,2.847,2.847,2.847,1
2026-01-16 02:45:00,2.841,2.842,2.841,2.842,2.846,2.847,2.846,2.847,4
2026-01-16 02:46:00,2.8415,2.842,2.841,2.8415,2.8465,2.847,2.846,2.8465,5
2026-01-16 02:47:00,2.842,2.8425,2.842,2.8425,2.847,2.8475,2.847,2.8475,2
2026-01-16 02:48:00,2.842,2.8445,2.842,2.844,2.847,2.8495,2.847,2.849,5
2026-01-16 02:50:00,2.8445,2.8445,2.844,2.844,2.8495,2.8495,2.849,2.849,2
2026-01-16 02:52:00,2.8435,2.8435,2.8435,2.8435,2.8485,2.8485,2.8485,2.8485,1
2026-01-16 02:53:00,2.843,2.843,2.8425,2.8425,2.848,2.848,2.8475,2.8475,2
2026-01-16 02:54:00,2.842,2.8425,2.842,2.8425,2.847,2.8475,2.847,2.8475,2
2026-01-16 02:55:00,2.8435,2.8435,2.8435,2.8435,2.8485,2.8485,2.8485,2.8485,1
2026-01-16 02:56:00,2.843,2.843,2.843,2.843,2.848,2.848,2.848,2.848,1
2026-01-16 02:57:00,2.842,2.8425,2.841,2.8425,2.847,2.8475,2.846,2.8475,4
2026-01-16 02:58:00,2.842,2.842,2.842,2.842,2.847,2.847,2.847,2.847,1
2026-01-16 03:00:00,2.8425,2.8425,2.8425,2.8425,2.8475,2.8475,2.8475,2.8475,1
2026-01-16 03:01:00,2.843,2.8445,2.843,2.8445,2.848,2.8495,2.848,2.8495,2
2026-01-16 03:02:00,2.844,2.844,2.8415,2.8415,2.849,2.849,2.8465,2.8465,8
2026-01-16 03:03:00,2.8425,2.8425,2.8425,2.8425,2.8475,2.8475,2.8475,2.8475,1
2026-01-16 03:04:00,2.8415,2.8485,2.841,2.848,2.8465,2.8535,2.846,2.853,12
2026-01-16 03:05:00,2.8485,2.8485,2.8475,2.8475,2.8535,2.8535,2.8525,2.8525,3
2026-01-16 03:06:00,2.848,2.848,2.8475,2.848,2.853,2.853,2.8525,2.853,3
2026-01-16 03:07:00,2.8475,2.8475,2.844,2.844,2.8525,2.8525,2.849,2.849,5
2026-01-16 03:08:00,2.8445,2.8445,2.8445,2.8445,2.8495,2.8495,2.8495,2.8495,1
2026-01-16 03:09:00,2.844,2.844,2.844,2.844,2.849,2.849,2.849,2.849,1
2026-01-16 03:10:00,2.8445,2.8445,2.844,2.844,2.8495,2.8495,2.849,2.849,2
2026-01-16 03:11:00,2.8435,2.844,2.8435,2.844,2.8485,2.849,2.8485,2.849,2
2026-01-16 03:12:00,2.8435,2.8435,2.8435,2.8435,2.8485,2.8485,2.8485,2.8485,1
2026-01-16 03:14:00,2.8425,2.8425,2.839,2.8425,2.8475,2.8475,2.844,2.8475,7
2026-01-16 03:15:00,2.843,2.8445,2.843,2.8445,2.848,2.8495,2.848,2.8495,3
2026-01-16 03:16:00,2.844,2.844,2.844,2.844,2.849,2.849,2.849,2.849,1
2026-01-16 03:17:00,2.8435,2.8435,2.8425,2.8435,2.8485,2.8485,2.8475,2.8485,3
2026-01-16 03:18:00,2.843,2.8435,2.843,2.8435,2.848,2.8485,2.848,2.8485,2
2026-01-16 03:20:00,2.843,2.843,2.8395,2.8395,2.848,2.848,2.8445,2.8445,9
2026-01-16 03:21:00,2.84,2.8415,2.84,2.8415,2.845,2.8465,2.845,2.8465,3
2026-01-16 03:23:00,2.841,2.8415,2.841,2.8415,2.846,2.8465,2.846,2.8465,2
2026-01-16 03:24:00,2.841,2.841,2.8405,2.8405,2.846,2.846,2.8455,2.8455,2
2026-01-16 03:25:00,2.8395,2.8395,2.836,2.8385,2.8445,2.8445,2.841,2.8435,11
2026-01-16 03:26:00,2.839,2.839,2.839,2.839,2.844,2.844,2.844,2.844,1
2026-01-16 03:27:00,2.8395,2.8395,2.8395,2.8395,2.8445,2.8445,2.8445,2.8445,1
2026-01-16 03:28:00,2.839,2.839,2.839,2.839,2.844,2.844,2.844,2.844,1
2026-01-16 03:29:00,2.8395,2.8395,2.839,2.8395,2.8445,2.8445,2.844,2.8445,3
2026-01-16 03:30:00,2.84,2.84,2.8395,2.8395,2.845,2.845,2.8445,2.8445,2
2026-01-16 03:31:00,2.839,2.839,2.838,2.838,2.844,2.844,2.843,2.843,2
2026-01-16 03:32:00,2.8385,2.8385,2.8385,2.8385,2.8435,2.8435,2.8435,2.8435,1
2026-01-16 03:33:00,2.838,2.839,2.838,2.839,2.843,2.844,2.843,2.844,2
2026-01-16 03:34:00,2.8395,2.8395,2.839,2.839,2.8445,2.8445,2.844,2.844,2
2026-01-16 03:36:00,2.8395,2.8395,2.8395,2.8395,2.8445,2.8445,2.8445,2.8445,1
2026-01-16 03:37:00,2.84,2.841,2.84,2.841,2.845,2.846,2.845,2.846,2
2026-01-16 03:38:00,2.8415,2.8485,2.8415,2.847,2.8465,2.8535,2.8465,2.852,14
2026-01-16 03:39:00,2.8465,2.849,2.8455,2.846,2.8515,2.854,2.8505,2.851,9
2026-01-16 03:40:00,2.8455,2.8455,2.8455,2.8455,2.8505,2.8505,2.8505,2.8505,1
2026-01-16 03:41:00,2.8435,2.8435,2.8425,2.8425,2.8485,2.8485,2.8475,2.8475,2
2026-01-16 03:42:00,2.843,2.8445,2.843,2.8445,2.848,2.8495,2.848,2.8495,5
2026-01-16 03:43:00,2.845,2.845,2.843,2.843,2.85,2.85,2.848,2.848,3
2026-01-16 03:44:00,2.8425,2.8425,2.8425,2.8425,2.8475,2.8475,2.8475,2.8475,1
2026-01-16 03:45:00,2.842,2.842,2.842,2.842,2.847,2.847,2.847,2.847,1
2026-01-16 03:46:00,2.8425,2.844,2.8425,2.8435,2.8475,2.849,2.8475,2.8485,4
2026-01-16 03:47:00,2.844,2.844,2.844,2.844,2.849,2.849,2.849,2.849,1
2026-01-16 03:48:00,2.8435,2.8435,2.843,2.843,2.8485,2.8485,2.848,2.848,2
2026-01-16 03:49:00,2.8425,2.847,2.8425,2.846,2.8475,2.852,2.8475,2.851,6
2026-01-16 03:50:00,2.8465,2.851,2.8465,2.8505,2.8515,2.856,2.8515,2.8555,7
2026-01-16 03:51:00,2.85,2.852,2.85,2.851,2.855,2.857,2.855,2.856,10
2026-01-16 03:52:00,2.85,2.8535,2.849,2.8535,2.855,2.8585,2.854,2.8585,8
2026-01-16 03:53:00,2.8525,2.8525,2.851,2.8515,2.8575,2.8575,2.856,2.8565,8
2026-01-16 03:54:00,2.851,2.851,2.851,2.851,2.856,2.856,2.856,2.856,1
2026-01-16 03:55:00,2.8515,2.8515,2.8515,2.8515,2.8565,2.8565,2.8565,2.8565,1
2026-01-16 03:56:00,2.851,2.859,2.851,2.857,2.856,2.864,2.856,2.862,21
2026-01-16 03:57:00,2.8565,2.8565,2.8555,2.8555,2.8615,2.8615,2.8605,2.8605,4
2026-01-16 03:58:00,2.856,2.8565,2.856,2.856,2.861,2.8615,2.861,2.861,3
2026-01-16 03:59:00,2.8555,2.8555,2.855,2.855,2.8605,2.8605,2.86,2.86,2
2026-01-16 04:00:00,2.8545,2.855,2.854,2.855,2.8595,2.86,2.859,2.86,3
2026-01-16 04:01:00,2.8545,2.8545,2.85,2.8505,2.8595,2.8595,2.855,2.8555,11
2026-01-16 04:02:00,2.85,2.85,2.85,2.85,2.855,2.855,2.855,2.855,1
2026-01-16 04:03:00,2.851,2.852,2.851,2.851,2.856,2.857,2.856,2.856,5
2026-01-16 04:05:00,2.85,2.8545,2.85,2.8535,2.855,2.8595,2.855,2.8585,9
2026-01-16 04:06:00,2.854,2.855,2.853,2.8535,2.859,2.86,2.858,2.8585,7
2026-01-16 04:07:00,2.853,2.853,2.8515,2.8515,2.858,2.858,2.8565,2.8565,3
2026-01-16 04:09:00,2.8505,2.8505,2.8505,2.8505,2.8555,2.8555,2.8555,2.8555,1
2026-01-16 04:10:00,2.851,2.852,2.8495,2.852,2.856,2.857,2.8545,2.857,6
2026-01-16 04:11:00,2.8525,2.8525,2.852,2.8525,2.8575,2.8575,2.857,2.8575,3
2026-01-16 04:12:00,2.853,2.8535,2.853,2.8535,2.858,2.8585,2.858,2.8585,2
2026-01-16 04:13:00,2.853,2.853,2.851,2.8515,2.858,2.858,2.856,2.8565,5
2026-01-16 04:15:00,2.852,2.853,2.852,2.852,2.857,2.858,2.857,2.857,3
2026-01-16 04:16:00,2.8515,2.8515,2.851,2.8515,2.8565,2.8565,2.856,2.8565,3
2026-01-16 04:18:00,2.851,2.851,2.851,2.851,2.856,2.856,2.856,2.856,1
2026-01-16 04:19:00,2.8515,2.8515,2.8515,2.8515,2.8565,2.8565,2.8565,2.8565,1
2026-01-16 04:22:00,2.852,2.8525,2.852,2.8525,2.857,2.8575,2.857,2.8575,4
2026-01-16 04:23:00,2.852,2.852,2.849,2.8495,2.857,2.857,2.854,2.8545,6
2026-01-16 04:24:00,2.85,2.85,2.8495,2.8495,2.855,2.855,2.8545,2.8545,2
2026-01-16 04:27:00,2.849,2.851,2.848,2.849,2.854,2.856,2.853,2.854,11
2026-01-16 04:28:00,2.8485,2.85,2.848,2.85,2.8535,2.855,2.853,2.855,5
2026-01-16 04:30:00,2.8495,2.85,2.844,2.845,2.8545,2.855,2.849,2.85,40
2026-01-16 04:31:00,2.844,2.849,2.844,2.848,2.849,2.854,2.849,2.853,33
2026-01-16 04:32:00,2.8485,2.8495,2.8485,2.8495,2.8535,2.8545,2.8535,2.8545,10
2026-01-16 04:33:00,2.849,2.85,2.849,2.85,2.854,2.855,2.854,2.855,2
2026-01-16 04:34:00,2.8505,2.853,2.8505,2.853,2.8555,2.858,2.8555,2.858,7
2026-01-16 04:35:00,2.8535,2.857,2.8535,2.8565,2.8585,2.862,2.8585,2.8615,7
2026-01-16 04:36:00,2.857,2.8595,2.857,2.859,2.862,2.8645,2.862,2.864,10
2026-01-16 04:37:00,2.858,2.859,2.856,2.856,2.863,2.864,2.861,2.861,14
2026-01-16 04:38:00,2.855,2.856,2.8525,2.8525,2.86,2.861,2.8575,2.8575,14
2026-01-16 04:39:00,2.853,2.853,2.849,2.8495,2.858,2.858,2.854,2.8545,12
2026-01-16 04:40:00,2.849,2.8505,2.849,2.8505,2.854,2.8555,2.854,2.8555,4
2026-01-16 04:41:00,2.85,2.8505,2.848,2.849,2.855,2.8555,2.853,2.854,7
2026-01-16 04:42:00,2.8485,2.8495,2.847,2.8495,2.8535,2.8545,2.852,2.8545,15
2026-01-16 04:43:00,2.849,2.8495,2.849,2.8495,2.854,2.8545,2.854,2.8545,2
2026-01-16 04:44:00,2.85,2.8505,2.8495,2.8505,2.855,2.8555,2.8545,2.8555,4
2026-01-16 04:46:00,2.8515,2.8515,2.8515,2.8515,2.8565,2.8565,2.8565,2.8565,1
2026-01-16 04:47:00,2.851,2.8535,2.851,2.8535,2.856,2.8585,2.856,2.8585,7
2026-01-16 04:48:00,2.8545,2.857,2.854,2.856,2.8595,2.862,2.859,2.861,10
2026-01-16 04:49:00,2.8565,2.858,2.8565,2.858,2.8615,2.863,2.8615,2.863,3
2026-01-16 04:50:00,2.8585,2.8585,2.858,2.858,2.8635,2.8635,2.863,2.863,2
2026-01-16 04:51:00,2.859,2.8605,2.859,2.8605,2.864,2.8655,2.864,2.8655,6
2026-01-16 04:52:00,2.861,2.861,2.8595,2.861,2.866,2.866,2.8645,2.866,5
2026-01-16 04:53:00,2.8605,2.861,2.859,2.859,2.8655,2.866,2.864,2.864,9
2026-01-16 04:54:00,2.8585,2.8605,2.8585,2.8605,2.8635,2.8655,2.8635,2.8655,7
2026-01-16 04:55:00,2.861,2.861,2.86,2.8605,2.866,2.866,2.865,2.8655,5
2026-01-16 04:56:00,2.861,2.862,2.861,2.862,2.866,2.867,2.866,2.867,3
2026-01-16 04:57:00,2.8615,2.863,2.8615,2.863,2.8665,2.868,2.8665,2.868,5
2026-01-16 04:58:00,2.862,2.862,2.855,2.855,2.867,2.867,2.86,2.86,12
2026-01-16 04:59:00,2.8555,2.8555,2.8555,2.8555,2.8605,2.8605,2.8605,2.8605,1
2026-01-16 05:00:00,2.856,2.856,2.8535,2.8535,2.861,2.861,2.8585,2.8585,4
2026-01-16 05:01:00,2.854,2.855,2.853,2.855,2.859,2.86,2.858,2.86,5
2026-01-16 05:02:00,2.856,2.857,2.856,2.857,2.861,2.862,2.861,2.862,4
2026-01-16 05:03:00,2.8575,2.858,2.8575,2.858,2.8625,2.863,2.8625,2.863,4
2026-01-16 05:04:00,2.8585,2.8585,2.8585,2.8585,2.8635,2.8635,2.8635,2.8635,1
2026-01-16 05:05:00,2.8575,2.858,2.856,2.857,2.8625,2.863,2.861,2.862,6
2026-01-16 05:06:00,2.8565,2.8565,2.8565,2.8565,2.8615,2.8615,2.8615,2.8615,1
2026-01-16 05:08:00,2.855,2.8565,2.855,2.8565,2.86,2.8615,2.86,2.8615,6
2026-01-16 05:09:00,2.856,2.856,2.855,2.856,2.861,2.861,2.86,2.861,3
2026-01-16 05:10:00,2.8565,2.8565,2.8565,2.8565,2.8615,2.8615,2.8615,2.8615,1
2026-01-16 05:11:00,2.856,2.856,2.856,2.856,2.861,2.861,2.861,2.861,1
2026-01-16 05:12:00,2.8565,2.8565,2.8555,2.8555,2.8615,2.8615,2.8605,2.8605,3
2026-01-16 05:13:00,2.855,2.8555,2.852,2.8525,2.86,2.8605,2.857,2.8575,10
2026-01-16 05:14:00,2.853,2.853,2.85,2.8515,2.858,2.858,2.855,2.8565,9
2026-01-16 05:15:00,2.851,2.851,2.851,2.851,2.856,2.856,2.856,2.856,1
2026-01-16 05:16:00,2.85,2.85,2.85,2.85,2.855,2.855,2.855,2.855,1
2026-01-16 05:17:00,2.849,2.849,2.848,2.849,2.854,2.854,2.853,2.854,3
2026-01-16 05:18:00,2.8495,2.85,2.8495,2.85,2.8545,2.855,2.8545,2.855,2
2026-01-16 05:21:00,2.851,2.8525,2.851,2.8525,2.856,2.8575,2.856,2.8575,2
2026-01-16 05:22:00,2.853,2.854,2.852,2.854,2.858,2.859,2.857,2.859,6
2026-01-16 05:23:00,2.8535,2.858,2.8535,2.8575,2.8585,2.863,2.8585,2.8625,11
2026-01-16 05:24:00,2.858,2.8595,2.858,2.8595,2.863,2.8645,2.863,2.8645,4
2026-01-16 05:25:00,2.859,2.859,2.857,2.858,2.864,2.864,2.862,2.863,5
2026-01-16 05:26:00,2.8575,2.858,2.8575,2.858,2.8625,2.863,2.8625,2.863,2
2026-01-16 05:28:00,2.857,2.857,2.856,2.856,2.862,2.862,2.861,2.861,4
2026-01-16 05:29:00,2.855,2.855,2.8535,2.8535,2.86,2.86,2.8585,2.8585,7
2026-01-16 05:30:00,2.854,2.854,2.854,2.854,2.859,2.859,2.859,2.859,1
2026-01-16 05:31:00,2.855,2.863,2.855,2.8615,2.86,2.868,2.86,2.8665,19
2026-01-16 05:32:00,2.862,2.8645,2.862,2.8635,2.867,2.8695,2.867,2.8685,7
2026-01-16 05:33:00,2.863,2.8635,2.8595,2.8605,2.868,2.8685,2.8645,2.8655,8
2026-01-16 05:34:00,2.862,2.8625,2.8605,2.8625,2.867,2.8675,2.8655,2.8675,9
2026-01-16 05:35:00,2.862,2.862,2.8555,2.8555,2.867,2.867,2.8605,2.8605,12
2026-01-16 05:36:00,2.855,2.8555,2.8545,2.855,2.86,2.8605,2.8595,2.86,4
2026-01-16 05:37:00,2.8545,2.8565,2.8545,2.8565,2.8595,2.8615,2.8595,2.8615,4
2026-01-16 05:38:00,2.857,2.858,2.8565,2.857,2.862,2.863,2.8615,2.862,6
2026-01-16 05:39:00,2.8575,2.8575,2.854,2.856,2.8625,2.8625,2.859,2.861,8
2026-01-16 05:40:00,2.8565,2.8595,2.8565,2.859,2.8615,2.8645,2.8615,2.864,11
2026-01-16 05:41:00,2.8595,2.86,2.8585,2.8595,2.8645,2.865,2.8635,2.8645,4
2026-01-16 05:42:00,2.86,2.861,2.86,2.86,2.865,2.866,2.865,2.865,4
2026-01-16 05:43:00,2.8595,2.8605,2.859,2.86,2.8645,2.8655,2.864,2.865,6
2026-01-16 05:44:00,2.8595,2.8595,2.859,2.859,2.8645,2.8645,2.864,2.864,2
2026-01-16 05:46:00,2.8595,2.8595,2.8595,2.8595,2.8645,2.8645,2.8645,2.8645,1
2026-01-16 05:47:00,2.859,2.859,2.8585,2.8585,2.864,2.864,2.8635,2.8635,2
2026-01-16 05:48:00,2.858,2.858,2.858,2.858,2.863,2.863,2.863,2.863,1
2026-01-16 05:49:00,2.857,2.859,2.857,2.858,2.862,2.864,2.862,2.863,5
2026-01-16 05:50:00,2.8575,2.8575,2.8575,2.8575,2.8625,2.8625,2.8625,2.8625,1
2026-01-16 05:51:00,2.857,2.857,2.857,2.857,2.862,2.862,2.862,2.862,1
2026-01-16 05:52:00,2.856,2.857,2.855,2.857,2.861,2.862,2.86,2.862,7
2026-01-16 05:53:00,2.8565,2.8565,2.8565,2.8565,2.8615,2.8615,2.8615,2.8615,1
2026-01-16 05:56:00,2.857,2.8575,2.857,2.8575,2.862,2.8625,2.862,2.8625,2
2026-01-16 05:57:00,2.858,2.8585,2.857,2.8585,2.863,2.8635,2.862,2.8635,5
2026-01-16 06:00:00,2.86,2.862,2.86,2.8615,2.865,2.867,2.865,2.8665,6
2026-01-16 06:01:00,2.86,2.86,2.859,2.8595,2.865,2.865,2.864,2.8645,5
2026-01-16 06:02:00,2.86,2.86,2.8595,2.8595,2.865,2.865,2.8645,2.8645,2
2026-01-16 06:03:00,2.859,2.859,2.858,2.858,2.864,2.864,2.863,2.863,7
2026-01-16 06:04:00,2.8575,2.8575,2.855,2.855,2.8625,2.8625,2.86,2.86,6
2026-01-16 06:05:00,2.8545,2.8555,2.8545,2.855,2.8595,2.8605,2.8595,2.86,4
2026-01-16 06:06:00,2.854,2.8545,2.854,2.8545,2.859,2.8595,2.859,2.8595,4
2026-01-16 06:07:00,2.854,2.8575,2.8525,2.855,2.859,2.8625,2.8575,2.86,11
2026-01-16 06:08:00,2.8555,2.8565,2.8555,2.8565,2.8605,2.8615,2.8605,2.8615,4
2026-01-16 06:09:00,2.857,2.858,2.857,2.858,2.862,2.863,2.862,2.863,5
2026-01-16 06:10:00,2.8585,2.859,2.858,2.858,2.8635,2.864,2.863,2.863,6
2026-01-16 06:11:00,2.8585,2.8585,2.8585,2.8585,2.8635,2.8635,2.8635,2.8635,1
2026-01-16 06:12:00,2.858,2.8585,2.858,2.8585,2.863,2.8635,2.863,2.8635,2
2026-01-16 06:13:00,2.859,2.866,2.859,2.8655,2.864,2.871,2.864,2.8705,10
2026-01-16 06:14:00,2.866,2.866,2.862,2.8645,2.871,2.871,2.867,2.8695,13
2026-01-16 06:15:00,2.865,2.865,2.8635,2.8645,2.87,2.87,2.8685,2.8695,4
2026-01-16 06:16:00,2.8635,2.8635,2.863,2.863,2.8685,2.8685,2.868,2.868,2
2026-01-16 06:17:00,2.864,2.866,2.863,2.8655,2.869,2.871,2.868,2.8705,11
2026-01-16 06:18:00,2.866,2.866,2.866,2.866,2.871,2.871,2.871,2.871,1
2026-01-16 06:19:00,2.8655,2.87,2.865,2.87,2.8705,2.875,2.87,2.875,16
2026-01-16 06:20:00,2.8695,2.8695,2.868,2.868,2.8745,2.8745,2.873,2.873,3
2026-01-16 06:22:00,2.8695,2.87,2.8685,2.8685,2.8745,2.875,2.8735,2.8735,4
2026-01-16 06:23:00,2.869,2.869,2.869,2.869,2.874,2.874,2.874,2.874,1
2026-01-16 06:24:00,2.867,2.867,2.8645,2.865,2.872,2.872,2.8695,2.87,7
2026-01-16 06:25:00,2.8645,2.8665,2.8645,2.8665,2.8695,2.8715,2.8695,2.8715,12
2026-01-16 06:26:00,2.867,2.867,2.867,2.867,2.872,2.872,2.872,2.872,1
2026-01-16 06:27:00,2.8665,2.8665,2.865,2.865,2.8715,2.8715,2.87,2.87,6
2026-01-16 06:28:00,2.8655,2.866,2.863,2.863,2.8705,2.871,2.868,2.868,7
2026-01-16 06:29:00,2.8635,2.8635,2.861,2.861,2.8685,2.8685,2.866,2.866,9
2026-01-16 06:30:00,2.862,2.862,2.861,2.8615,2.867,2.867,2.866,2.8665,4
2026-01-16 06:31:00,2.862,2.868,2.862,2.8665,2.867,2.873,2.867,2.8715,12
2026-01-16 06:32:00,2.867,2.8675,2.867,2.8675,2.872,2.8725,2.872,2.8725,4
2026-01-16 06:33:00,2.8685,2.8685,2.868,2.8685,2.8735,2.8735,2.873,2.8735,3
2026-01-16 06:34:00,2.869,2.87,2.869,2.87,2.874,2.875,2.874,2.875,6
2026-01-16 06:35:00,2.869,2.8745,2.868,2.872,2.874,2.8795,2.873,2.877,18
2026-01-16 06:36:00,2.8715,2.8725,2.8715,2.8725,2.8765,2.8775,2.8765,2.8775,3
2026-01-16 06:37:00,2.873,2.884,2.873,2.884,2.878,2.889,2.878,2.889,26
2026-01-16 06:38:00,2.8835,2.887,2.882,2.886,2.8885,2.892,2.887,2.891,26
2026-01-16 06:39:00,2.887,2.89,2.886,2.889,2.892,2.895,2.891,2.894,29
2026-01-16 06:40:00,2.89,2.8945,2.8875,2.894,2.895,2.8995,2.8925,2.899,42
2026-01-16 06:41:00,2.895,2.898,2.894,2.894,2.9,2.903,2.899,2.899,20
2026-01-16 06:42:00,2.893,2.8945,2.892,2.8925,2.898,2.8995,2.897,2.8975,12
2026-01-16 06:43:00,2.893,2.906,2.893,2.904,2.898,2.911,2.898,2.909,22
2026-01-16 06:44:00,2.9045,2.906,2.9035,2.9045,2.9095,2.911,2.9085,2.9095,18
2026-01-16 06:45:00,2.904,2.9045,2.903,2.9035,2.909,2.9095,2.908,2.9085,12
2026-01-16 06:46:00,2.904,2.906,2.901,2.906,2.909,2.911,2.906,2.911,20
2026-01-16 06:47:00,2.9065,2.9085,2.905,2.9055,2.9115,2.9135,2.91,2.9105,15
2026-01-16 06:48:00,2.905,2.905,2.9,2.9025,2.91,2.91,2.905,2.9075,21
2026-01-16 06:49:00,2.901,2.901,2.886,2.8925,2.906,2.906,2.891,2.8975,51
2026-01-16 06:50:00,2.891,2.891,2.887,2.889,2.896,2.896,2.892,2.894,9
2026-01-16 06:51:00,2.8885,2.8885,2.8805,2.882,2.8935,2.8935,2.8855,2.887,14
2026-01-16 06:52:00,2.881,2.881,2.872,2.878,2.886,2.886,2.877,2.883,35
2026-01-16 06:53:00,2.8775,2.8775,2.8725,2.875,2.8825,2.8825,2.8775,2.88,17
2026-01-16 06:54:00,2.8745,2.875,2.8725,2.875,2.8795,2.88,2.8775,2.88,12
2026-01-16 06:55:00,2.874,2.8755,2.8725,2.8755,2.879,2.8805,2.8775,2.8805,9
2026-01-16 06:56:00,2.875,2.876,2.8585,2.859,2.88,2.881,2.8635,2.864,36
2026-01-16 06:57:00,2.8585,2.86,2.857,2.859,2.8635,2.865,2.862,2.864,18
2026-01-16 06:58:00,2.8575,2.859,2.855,2.855,2.8625,2.864,2.86,2.86,8
2026-01-16 06:59:00,2.854,2.854,2.8465,2.8495,2.859,2.859,2.8515,2.8545,29
2026-01-16 07:00:00,2.849,2.85,2.8465,2.847,2.854,2.855,2.8515,2.852,17
2026-01-16 07:01:00,2.8465,2.8465,2.838,2.84,2.8515,2.8515,2.843,2.845,46
2026-01-16 07:02:00,2.8405,2.8405,2.836,2.836,2.8455,2.8455,2.841,2.841,24
2026-01-16 07:03:00,2.8355,2.8355,2.832,2.8335,2.8405,2.8405,2.837,2.8385,9
2026-01-16 07:04:00,2.833,2.841,2.832,2.84,2.838,2.846,2.837,2.845,26
2026-01-16 07:05:00,2.8395,2.8415,2.838,2.841,2.8445,2.8465,2.843,2.846,8
2026-01-16 07:06:00,2.8415,2.843,2.838,2.839,2.8465,2.848,2.843,2.844,15
2026-01-16 07:07:00,2.8385,2.854,2.838,2.853,2.8435,2.859,2.843,2.858,17
2026-01-16 07:08:00,2.852,2.8525,2.844,2.844,2.857,2.8575,2.849,2.849,16
2026-01-16 07:09:00,2.8435,2.852,2.841,2.8415,2.8485,2.857,2.846,2.8465,36
2026-01-16 07:10:00,2.841,2.846,2.84,2.846,2.846,2.851,2.845,2.851,11
2026-01-16 07:11:00,2.8465,2.858,2.8465,2.856,2.8515,2.863,2.8515,2.861,26
2026-01-16 07:12:00,2.8575,2.858,2.834,2.843,2.8625,2.863,2.839,2.848,63
2026-01-16 07:13:00,2.8435,2.8515,2.841,2.846,2.8485,2.8565,2.846,2.851,31
2026-01-16 07:14:00,2.8455,2.8495,2.8455,2.849,2.8505,2.8545,2.8505,2.854,4
2026-01-16 07:15:00,2.8495,2.8505,2.843,2.8445,2.8545,2.8555,2.848,2.8495,22
2026-01-16 07:16:00,2.844,2.8465,2.843,2.8465,2.849,2.8515,2.848,2.8515,13
2026-01-16 07:17:00,2.847,2.8515,2.846,2.847,2.852,2.8565,2.851,2.852,13
2026-01-16 07:18:00,2.848,2.848,2.846,2.8465,2.853,2.853,2.851,2.8515,5
2026-01-16 07:19:00,2.8475,2.8485,2.8475,2.8485,2.8525,2.8535,2.8525,2.8535,3
2026-01-16 07:20:00,2.8475,2.8505,2.8425,2.8435,2.8525,2.8555,2.8475,2.8485,17
2026-01-16 07:21:00,2.843,2.8475,2.834,2.834,2.848,2.8525,2.839,2.839,34
2026-01-16 07:22:00,2.8345,2.8345,2.8205,2.8315,2.8395,2.8395,2.8255,2.8365,50
2026-01-16 07:23:00,2.8325,2.8325,2.8245,2.825,2.8375,2.8375,2.8295,2.83,18
2026-01-16 07:24:00,2.8245,2.8305,2.8155,2.8185,2.8295,2.8355,2.8205,2.8235,38
2026-01-16 07:25:00,2.818,2.826,2.8145,2.8245,2.823,2.831,2.8195,2.8295,31
2026-01-16 07:26:00,2.824,2.8285,2.821,2.8225,2.829,2.8335,2.826,2.8275,19
2026-01-16 07:27:00,2.823,2.8235,2.818,2.8205,2.828,2.8285,2.823,2.8255,21
2026-01-16 07:28:00,2.821,2.8265,2.821,2.8265,2.826,2.8315,2.826,2.8315,7
2026-01-16 07:29:00,2.825,2.825,2.8215,2.8215,2.83,2.83,2.8265,2.8265,8
2026-01-16 07:30:00,2.822,2.8285,2.822,2.828,2.827,2.8335,2.827,2.833,16
2026-01-16 07:31:00,2.8275,2.8275,2.825,2.8255,2.8325,2.8325,2.83,2.8305,5
2026-01-16 07:32:00,2.825,2.825,2.82,2.823,2.83,2.83,2.825,2.828,12
2026-01-16 07:33:00,2.8225,2.8225,2.8225,2.8225,2.8275,2.8275,2.8275,2.8275,1
2026-01-16 07:34:00,2.822,2.825,2.82,2.82,2.827,2.83,2.825,2.825,15
2026-01-16 07:35:00,2.8185,2.82,2.8145,2.8165,2.8235,2.825,2.8195,2.8215,17
2026-01-16 07:36:00,2.816,2.82,2.815,2.815,2.821,2.825,2.82,2.82,12
2026-01-16 07:37:00,2.8145,2.815,2.8145,2.8145,2.8195,2.82,2.8195,2.8195,3
2026-01-16 07:38:00,2.814,2.8145,2.814,2.8145,2.819,2.8195,2.819,2.8195,2
2026-01-16 07:39:00,2.815,2.8185,2.815,2.8185,2.82,2.8235,2.82,2.8235,12
2026-01-16 07:40:00,2.818,2.818,2.8145,2.8165,2.823,2.823,2.8195,2.8215,14
2026-01-16 07:41:00,2.816,2.816,2.812,2.814,2.821,2.821,2.817,2.819,17
2026-01-16 07:42:00,2.8135,2.817,2.8135,2.8165,2.8185,2.822,2.8185,2.8215,12
2026-01-16 07:43:00,2.8175,2.8185,2.817,2.8185,2.8225,2.8235,2.822,2.8235,4
2026-01-16 07:44:00,2.819,2.819,2.8155,2.8155,2.824,2.824,2.8205,2.8205,4
2026-01-16 07:45:00,2.816,2.8175,2.815,2.816,2.821,2.8225,2.82,2.821,11
2026-01-16 07:46:00,2.8155,2.8165,2.815,2.8165,2.8205,2.8215,2.82,2.8215,8
2026-01-16 07:47:00,2.817,2.817,2.816,2.817,2.822,2.822,2.821,2.822,7
2026-01-16 07:48:00,2.8165,2.8165,2.8165,2.8165,2.8215,2.8215,2.8215,2.8215,1
2026-01-16 07:49:00,2.817,2.82,2.817,2.82,2.822,2.825,2.822,2.825,10
2026-01-16 07:50:00,2.8195,2.8235,2.8195,2.823,2.8245,2.8285,2.8245,2.828,13
2026-01-16 07:51:00,2.8225,2.8245,2.8225,2.8245,2.8275,2.8295,2.8275,2.8295,6
2026-01-16 07:52:00,2.8235,2.826,2.8235,2.8245,2.8285,2.831,2.8285,2.8295,8
2026-01-16 07:53:00,2.826,2.8265,2.826,2.8265,2.831,2.8315,2.831,2.8315,4
2026-01-16 07:54:00,2.827,2.83,2.827,2.828,2.832,2.835,2.832,2.833,12
2026-01-16 07:55:00,2.827,2.8285,2.827,2.8285,2.832,2.8335,2.832,2.8335,3
2026-01-16 07:56:00,2.829,2.8315,2.8285,2.8285,2.834,2.8365,2.8335,2.8335,10
2026-01-16 07:57:00,2.828,2.8295,2.828,2.829,2.833,2.8345,2.833,2.834,4
2026-01-16 07:58:00,2.8295,2.832,2.829,2.831,2.8345,2.837,2.834,2.836,10
2026-01-16 07:59:00,2.8315,2.8315,2.8295,2.831,2.8365,2.8365,2.8345,2.836,7
2026-01-16 08:00:00,2.8325,2.8355,2.832,2.8355,2.8375,2.8405,2.837,2.8405,13
2026-01-16 08:01:00,2.836,2.8375,2.8335,2.8335,2.841,2.8425,2.8385,2.8385,15
2026-01-16 08:02:00,2.834,2.8385,2.834,2.8385,2.839,2.8435,2.839,2.8435,10
2026-01-16 08:03:00,2.84,2.842,2.84,2.841,2.845,2.847,2.845,2.846,6
2026-01-16 08:04:00,2.84,2.8425,2.84,2.8425,2.845,2.8475,2.845,2.8475,4
2026-01-16 08:05:00,2.843,2.8435,2.8395,2.8405,2.848,2.8485,2.8445,2.8455,9
2026-01-16 08:06:00,2.84,2.84,2.838,2.838,2.845,2.845,2.843,2.843,11
2026-01-16 08:07:00,2.8385,2.84,2.826,2.83,2.8435,2.845,2.831,2.835,31
2026-01-16 08:08:00,2.8305,2.8305,2.827,2.8275,2.8355,2.8355,2.832,2.8325,14
2026-01-16 08:09:00,2.827,2.828,2.824,2.8245,2.832,2.833,2.829,2.8295,14
2026-01-16 08:10:00,2.824,2.8285,2.824,2.8285,2.829,2.8335,2.829,2.8335,10
2026-01-16 08:11:00,2.8265,2.8285,2.816,2.817,2.8315,2.8335,2.821,2.822,19
2026-01-16 08:12:00,2.8175,2.8235,2.817,2.8215,2.8225,2.8285,2.822,2.8265,13
2026-01-16 08:13:00,2.821,2.8255,2.821,2.8255,2.826,2.8305,2.826,2.8305,8
2026-01-16 08:14:00,2.827,2.827,2.823,2.8245,2.832,2.832,2.828,2.8295,15
2026-01-16 08:15:00,2.825,2.825,2.8235,2.8245,2.83,2.83,2.8285,2.8295,7
2026-01-16 08:16:00,2.8225,2.823,2.8205,2.822,2.8275,2.828,2.8255,2.827,7
2026-01-16 08:17:00,2.823,2.825,2.822,2.823,2.828,2.83,2.827,2.828,13
2026-01-16 08:18:00,2.8235,2.825,2.8235,2.825,2.8285,2.83,2.8285,2.83,4
2026-01-16 08:19:00,2.8245,2.825,2.824,2.824,2.8295,2.83,2.829,2.829,3
2026-01-16 08:20:00,2.825,2.828,2.825,2.827,2.83,2.833,2.83,2.832,11
2026-01-16 08:21:00,2.8275,2.834,2.8275,2.833,2.8325,2.839,2.8325,2.838,17
2026-01-16 08:22:00,2.8325,2.8325,2.8325,2.8325,2.8375,2.8375,2.8375,2.8375,1
2026-01-16 08:23:00,2.832,2.832,2.831,2.831,2.837,2.837,2.836,2.836,2
2026-01-16 08:24:00,2.832,2.838,2.83,2.8355,2.837,2.843,2.835,2.8405,23
2026-01-16 08:25:00,2.835,2.838,2.834,2.837,2.84,2.843,2.839,2.842,15
2026-01-16 08:26:00,2.8375,2.839,2.8375,2.839,2.8425,2.844,2.8425,2.844,3
2026-01-16 08:27:00,2.8385,2.8395,2.838,2.839,2.8435,2.8445,2.843,2.844,13
2026-01-16 08:28:00,2.8395,2.8395,2.838,2.839,2.8445,2.8445,2.843,2.844,7
2026-01-16 08:29:00,2.84,2.84,2.838,2.8395,2.845,2.845,2.843,2.8445,7
2026-01-16 08:30:00,2.839,2.84,2.839,2.84,2.844,2.845,2.844,2.845,5
2026-01-16 08:31:00,2.8405,2.8405,2.84,2.84,2.8455,2.8455,2.845,2.845,4
2026-01-16 08:32:00,2.8405,2.845,2.8405,2.8445,2.8455,2.85,2.8455,2.8495,14
2026-01-16 08:33:00,2.845,2.8485,2.845,2.848,2.85,2.8535,2.85,2.853,12
2026-01-16 08:34:00,2.849,2.849,2.842,2.8455,2.854,2.854,2.847,2.8505,15
2026-01-16 08:35:00,2.845,2.8455,2.845,2.8455,2.85,2.8505,2.85,2.8505,2
2026-01-16 08:36:00,2.845,2.8505,2.845,2.8505,2.85,2.8555,2.85,2.8555,7
2026-01-16 08:38:00,2.85,2.851,2.8485,2.849,2.855,2.856,2.8535,2.854,6
2026-01-16 08:39:00,2.85,2.8555,2.849,2.8555,2.855,2.8605,2.854,2.8605,13
2026-01-16 08:40:00,2.854,2.8575,2.854,2.856,2.859,2.8625,2.859,2.861,8
2026-01-16 08:41:00,2.855,2.857,2.855,2.855,2.86,2.862,2.86,2.86,7
2026-01-16 08:42:00,2.856,2.8585,2.855,2.8565,2.861,2.8635,2.86,2.8615,16
2026-01-16 08:43:00,2.856,2.859,2.856,2.858,2.861,2.864,2.861,2.863,8
2026-01-16 08:44:00,2.857,2.858,2.857,2.858,2.862,2.863,2.862,2.863,2
2026-01-16 08:45:00,2.8575,2.861,2.857,2.8595,2.8625,2.866,2.862,2.8645,11
2026-01-16 08:46:00,2.86,2.861,2.859,2.86,2.865,2.866,2.864,2.865,5
2026-01-16 08:47:00,2.859,2.8595,2.859,2.859,2.864,2.8645,2.864,2.864,3
2026-01-16 08:48:00,2.86,2.865,2.86,2.864,2.865,2.87,2.865,2.869,11
2026-01-16 08:49:00,2.863,2.863,2.862,2.862,2.868,2.868,2.867,2.867,7
2026-01-16 08:51:00,2.863,2.8645,2.863,2.8645,2.868,2.8695,2.868,2.8695,5
2026-01-16 08:52:00,2.865,2.866,2.865,2.866,2.87,2.871,2.87,2.871,6
2026-01-16 08:53:00,2.8665,2.867,2.8665,2.867,2.8715,2.872,2.8715,2.872,2
2026-01-16 08:54:00,2.868,2.8685,2.862,2.864,2.873,2.8735,2.867,2.869,14
2026-01-16 08:55:00,2.8625,2.864,2.8615,2.864,2.8675,2.869,2.8665,2.869,8
2026-01-16 08:56:00,2.863,2.864,2.8625,2.864,2.868,2.869,2.8675,2.869,9
2026-01-16 08:57:00,2.865,2.866,2.865,2.866,2.87,2.871,2.87,2.871,4
2026-01-16 08:58:00,2.865,2.865,2.864,2.864,2.87,2.87,2.869,2.869,2
2026-01-16 08:59:00,2.8645,2.867,2.8635,2.8635,2.8695,2.872,2.8685,2.8685,9
2026-01-16 09:00:00,2.864,2.865,2.861,2.863,2.869,2.87,2.866,2.868,16
2026-01-16 09:01:00,2.8635,2.8645,2.8635,2.864,2.8685,2.8695,2.8685,2.869,4
2026-01-16 09:02:00,2.865,2.865,2.865,2.865,2.87,2.87,2.87,2.87,1
2026-01-16 09:03:00,2.866,2.866,2.863,2.863,2.871,2.871,2.868,2.868,15
2026-01-16 09:04:00,2.8625,2.865,2.8625,2.865,2.8675,2.87,2.8675,2.87,7
2026-01-16 09:05:00,2.8645,2.865,2.8635,2.865,2.8695,2.87,2.8685,2.87,10
2026-01-16 09:06:00,2.866,2.866,2.865,2.8655,2.871,2.871,2.87,2.8705,4
2026-01-16 09:07:00,2.865,2.865,2.861,2.861,2.87,2.87,2.866,2.866,19
2026-01-16 09:08:00,2.8605,2.861,2.8555,2.8555,2.8655,2.866,2.8605,2.8605,21
2026-01-16 09:09:00,2.856,2.8565,2.853,2.855,2.861,2.8615,2.858,2.86,13
2026-01-16 09:10:00,2.854,2.855,2.854,2.8545,2.859,2.86,2.859,2.8595,4
2026-01-16 09:11:00,2.854,2.855,2.8495,2.85,2.859,2.86,2.8545,2.855,11
2026-01-16 09:12:00,2.851,2.851,2.847,2.849,2.856,2.856,2.852,2.854,11
2026-01-16 09:13:00,2.8485,2.85,2.847,2.85,2.8535,2.855,2.852,2.855,9
2026-01-16 09:14:00,2.849,2.851,2.848,2.851,2.854,2.856,2.853,2.856,10
2026-01-16 09:15:00,2.852,2.8525,2.852,2.8525,2.857,2.8575,2.857,2.8575,2
2026-01-16 09:16:00,2.853,2.853,2.8515,2.852,2.858,2.858,2.8565,2.857,8
2026-01-16 09:17:00,2.851,2.8545,2.851,2.8545,2.856,2.8595,2.856,2.8595,12
2026-01-16 09:18:00,2.855,2.8595,2.855,2.856,2.86,2.8645,2.86,2.861,18
2026-01-16 09:19:00,2.8565,2.8565,2.8565,2.8565,2.8615,2.8615,2.8615,2.8615,1
2026-01-16 09:20:00,2.857,2.859,2.854,2.8545,2.862,2.864,2.859,2.8595,17
2026-01-16 09:21:00,2.8555,2.8565,2.8555,2.8565,2.8605,2.8615,2.8605,2.8615,2
2026-01-16 09:22:00,2.8555,2.8555,2.8545,2.855,2.8605,2.8605,2.8595,2.86,4
2026-01-16 09:23:00,2.856,2.8595,2.8555,2.8595,2.861,2.8645,2.8605,2.8645,7
2026-01-16 09:24:00,2.86,2.861,2.86,2.8605,2.865,2.866,2.865,2.8655,3
2026-01-16 09:25:00,2.861,2.866,2.861,2.8635,2.866,2.871,2.866,2.8685,9
2026-01-16 09:26:00,2.864,2.8685,2.863,2.868,2.869,2.8735,2.868,2.873,13
2026-01-16 09:27:00,2.8675,2.868,2.865,2.866,2.8725,2.873,2.87,2.871,12
2026-01-16 09:28:00,2.867,2.867,2.866,2.8665,2.872,2.872,2.871,2.8715,3
2026-01-16 09:29:00,2.867,2.867,2.861,2.862,2.872,2.872,2.866,2.867,16
2026-01-16 09:30:00,2.861,2.8635,2.86,2.8635,2.866,2.8685,2.865,2.8685,12
2026-01-16 09:31:00,2.863,2.863,2.862,2.8625,2.868,2.868,2.867,2.8675,3
2026-01-16 09:32:00,2.864,2.8645,2.863,2.8645,2.869,2.8695,2.868,2.8695,6
2026-01-16 09:33:00,2.8655,2.87,2.8655,2.868,2.8705,2.875,2.8705,2.873,10
2026-01-16 09:34:00,2.8675,2.868,2.865,2.8655,2.8725,2.873,2.87,2.8705,10
2026-01-16 09:35:00,2.866,2.8665,2.8655,2.8665,2.871,2.8715,2.8705,2.8715,4
2026-01-16 09:36:00,2.8675,2.8675,2.8655,2.867,2.8725,2.8725,2.8705,2.872,8
2026-01-16 09:37:00,2.868,2.869,2.8675,2.869,2.873,2.874,2.8725,2.874,5
2026-01-16 09:38:00,2.87,2.87,2.8675,2.8675,2.875,2.875,2.8725,2.8725,6
2026-01-16 09:39:00,2.867,2.867,2.864,2.8655,2.872,2.872,2.869,2.8705,10
2026-01-16 09:40:00,2.865,2.8705,2.865,2.8705,2.87,2.8755,2.87,2.8755,13
2026-01-16 09:41:00,2.87,2.87,2.8695,2.8695,2.875,2.875,2.8745,2.8745,2
2026-01-16 09:42:00,2.869,2.87,2.865,2.8655,2.874,2.875,2.87,2.8705,9
2026-01-16 09:43:00,2.865,2.865,2.862,2.8625,2.87,2.87,2.867,2.8675,18
2026-01-16 09:44:00,2.863,2.865,2.862,2.862,2.868,2.87,2.867,2.867,13
2026-01-16 09:45:00,2.8615,2.862,2.86,2.8615,2.8665,2.867,2.865,2.8665,7
2026-01-16 09:46:00,2.8625,2.863,2.861,2.863,2.8675,2.868,2.866,2.868,6
2026-01-16 09:47:00,2.864,2.864,2.8635,2.8635,2.869,2.869,2.8685,2.8685,2
2026-01-16 09:48:00,2.864,2.866,2.864,2.8655,2.869,2.871,2.869,2.8705,9
2026-01-16 09:49:00,2.865,2.8655,2.8635,2.8655,2.87,2.8705,2.8685,2.8705,5
2026-01-16 09:50:00,2.866,2.867,2.866,2.866,2.871,2.872,2.871,2.871,3
2026-01-16 09:51:00,2.8655,2.8655,2.864,2.865,2.8705,2.8705,2.869,2.87,5
2026-01-16 09:52:00,2.866,2.866,2.863,2.8635,2.871,2.871,2.868,2.8685,10
2026-01-16 09:53:00,2.863,2.864,2.858,2.8605,2.868,2.869,2.863,2.8655,19
2026-01-16 09:54:00,2.8585,2.859,2.858,2.859,2.8635,2.864,2.863,2.864,8
2026-01-16 09:55:00,2.8605,2.863,2.859,2.86,2.8655,2.868,2.864,2.865,13
2026-01-16 09:56:00,2.8605,2.8605,2.858,2.8585,2.8655,2.8655,2.863,2.8635,10
2026-01-16 09:57:00,2.858,2.859,2.8565,2.8565,2.863,2.864,2.8615,2.8615,8
2026-01-16 09:58:00,2.856,2.859,2.856,2.859,2.861,2.864,2.861,2.864,9
2026-01-16 09:59:00,2.8595,2.8595,2.857,2.8595,2.8645,2.8645,2.862,2.8645,11
2026-01-16 10:00:00,2.86,2.86,2.854,2.856,2.865,2.865,2.859,2.861,12
2026-01-16 10:01:00,2.857,2.8575,2.857,2.8575,2.862,2.8625,2.862,2.8625,2
2026-01-16 10:02:00,2.857,2.857,2.856,2.857,2.862,2.862,2.861,2.862,6
2026-01-16 10:03:00,2.8575,2.8575,2.855,2.8555,2.8625,2.8625,2.86,2.8605,9
2026-01-16 10:04:00,2.856,2.857,2.8555,2.8555,2.861,2.862,2.8605,2.8605,6
2026-01-16 10:05:00,2.855,2.8555,2.855,2.855,2.86,2.8605,2.86,2.86,3
2026-01-16 10:06:00,2.8555,2.857,2.855,2.856,2.8605,2.862,2.86,2.861,6
2026-01-16 10:08:00,2.857,2.861,2.856,2.8605,2.862,2.866,2.861,2.8655,9
2026-01-16 10:09:00,2.861,2.861,2.86,2.861,2.866,2.866,2.865,2.866,6
2026-01-16 10:10:00,2.86,2.861,2.858,2.8585,2.865,2.866,2.863,2.8635,8
2026-01-16 10:11:00,2.859,2.863,2.859,2.862,2.864,2.868,2.864,2.867,14
2026-01-16 10:12:00,2.8625,2.867,2.8625,2.866,2.8675,2.872,2.8675,2.871,13
2026-01-16 10:13:00,2.8665,2.8695,2.866,2.8685,2.8715,2.8745,2.871,2.8735,19
2026-01-16 10:14:00,2.869,2.869,2.864,2.8645,2.874,2.874,2.869,2.8695,13
2026-01-16 10:15:00,2.865,2.868,2.865,2.8675,2.87,2.873,2.87,2.8725,8
2026-01-16 10:16:00,2.867,2.868,2.861,2.861,2.872,2.873,2.866,2.866,19
2026-01-16 10:17:00,2.8605,2.862,2.8605,2.8615,2.8655,2.867,2.8655,2.8665,5
2026-01-16 10:19:00,2.86,2.861,2.859,2.8605,2.865,2.866,2.864,2.8655,9
2026-01-16 10:20:00,2.86,2.86,2.856,2.8575,2.865,2.865,2.861,2.8625,13
2026-01-16 10:21:00,2.858,2.864,2.858,2.8635,2.863,2.869,2.863,2.8685,10
2026-01-16 10:22:00,2.864,2.864,2.863,2.863,2.869,2.869,2.868,2.868,5
2026-01-16 10:23:00,2.8635,2.8635,2.8615,2.8615,2.8685,2.8685,2.8665,2.8665,5
2026-01-16 10:24:00,2.862,2.862,2.862,2.862,2.867,2.867,2.867,2.867,1
2026-01-16 10:25:00,2.8625,2.8635,2.8625,2.8635,2.8675,2.8685,2.8675,2.8685,3
2026-01-16 10:26:00,2.864,2.864,2.8635,2.8635,2.869,2.869,2.8685,2.8685,4
2026-01-16 10:27:00,2.863,2.8655,2.863,2.8655,2.868,2.8705,2.868,2.8705,8
2026-01-16 10:28:00,2.866,2.866,2.864,2.8645,2.871,2.871,2.869,2.8695,8
2026-01-16 10:29:00,2.865,2.865,2.863,2.863,2.87,2.87,2.868,2.868,4
2026-01-16 10:30:00,2.862,2.862,2.86,2.8615,2.867,2.867,2.865,2.8665,11
2026-01-16 10:31:00,2.861,2.861,2.8535,2.8565,2.866,2.866,2.8585,2.8615,9
2026-01-16 10:32:00,2.8575,2.8595,2.854,2.857,2.8625,2.8645,2.859,2.862,14
2026-01-16 10:33:00,2.8565,2.8565,2.848,2.8485,2.8615,2.8615,2.853,2.8535,20
2026-01-16 10:34:00,2.849,2.8545,2.849,2.8545,2.854,2.8595,2.854,2.8595,6
2026-01-16 10:35:00,2.8555,2.856,2.8555,2.8555,2.8605,2.861,2.8605,2.8605,3
2026-01-16 10:36:00,2.856,2.8575,2.8525,2.8535,2.861,2.8625,2.8575,2.8585,18
2026-01-16 10:37:00,2.8545,2.855,2.8545,2.8545,2.8595,2.86,2.8595,2.8595,3
2026-01-16 10:38:00,2.855,2.856,2.855,2.856,2.86,2.861,2.86,2.861,4
2026-01-16 10:39:00,2.855,2.855,2.855,2.855,2.86,2.86,2.86,2.86,1
2026-01-16 10:40:00,2.854,2.8545,2.852,2.8545,2.859,2.8595,2.857,2.8595,9
2026-01-16 10:41:00,2.854,2.8555,2.8535,2.854,2.859,2.8605,2.8585,2.859,8
2026-01-16 10:42:00,2.8535,2.855,2.8535,2.8545,2.8585,2.86,2.8585,2.8595,5
2026-01-16 10:43:00,2.855,2.8595,2.855,2.8595,2.86,2.8645,2.86,2.8645,7
2026-01-16 10:44:00,2.86,2.8625,2.858,2.86,2.865,2.8675,2.863,2.865,22
2026-01-16 10:45:00,2.8605,2.863,2.86,2.8625,2.8655,2.868,2.865,2.8675,6
2026-01-16 10:46:00,2.863,2.866,2.863,2.866,2.868,2.871,2.868,2.871,8
2026-01-16 10:47:00,2.8675,2.87,2.867,2.8695,2.8725,2.875,2.872,2.8745,10
2026-01-16 10:48:00,2.868,2.869,2.865,2.865,2.873,2.874,2.87,2.87,11
2026-01-16 10:49:00,2.8655,2.866,2.865,2.866,2.8705,2.871,2.87,2.871,7
2026-01-16 10:50:00,2.8665,2.869,2.8655,2.868,2.8715,2.874,2.8705,2.873,10
2026-01-16 10:51:00,2.8675,2.869,2.8675,2.869,2.8725,2.874,2.8725,2.874,8
2026-01-16 10:52:00,2.8695,2.871,2.8695,2.871,2.8745,2.876,2.8745,2.876,7
2026-01-16 10:53:00,2.872,2.873,2.871,2.8715,2.877,2.878,2.876,2.8765,6
2026-01-16 10:54:00,2.87,2.8715,2.87,2.87,2.875,2.8765,2.875,2.875,8
2026-01-16 10:55:00,2.869,2.872,2.869,2.87,2.874,2.877,2.874,2.875,9
2026-01-16 10:56:00,2.8695,2.871,2.868,2.868,2.8745,2.876,2.873,2.873,10
2026-01-16 10:57:00,2.8685,2.8685,2.8665,2.867,2.8735,2.8735,2.8715,2.872,6
2026-01-16 10:58:00,2.8665,2.8665,2.865,2.8665,2.8715,2.8715,2.87,2.8715,5
2026-01-16 10:59:00,2.866,2.8675,2.8655,2.867,2.871,2.8725,2.8705,2.872,13
2026-01-16 11:00:00,2.8665,2.87,2.8665,2.8695,2.8715,2.875,2.8715,2.8745,15
2026-01-16 11:01:00,2.87,2.872,2.87,2.871,2.875,2.877,2.875,2.876,8
2026-01-16 11:02:00,2.8715,2.8715,2.8705,2.871,2.8765,2.8765,2.8755,2.876,5
2026-01-16 11:03:00,2.8715,2.872,2.871,2.8715,2.8765,2.877,2.876,2.8765,6
2026-01-16 11:04:00,2.872,2.8725,2.872,2.8725,2.877,2.8775,2.877,2.8775,2
2026-01-16 11:05:00,2.872,2.8725,2.871,2.872,2.877,2.8775,2.876,2.877,11
2026-01-16 11:06:00,2.871,2.8725,2.871,2.872,2.876,2.8775,2.876,2.877,13
2026-01-16 11:07:00,2.8725,2.877,2.8725,2.8755,2.8775,2.882,2.8775,2.8805,13
2026-01-16 11:08:00,2.876,2.879,2.875,2.877,2.881,2.884,2.88,2.882,21
2026-01-16 11:09:00,2.876,2.876,2.874,2.874,2.881,2.881,2.879,2.879,14
2026-01-16 11:10:00,2.8745,2.879,2.874,2.8785,2.8795,2.884,2.879,2.8835,18
2026-01-16 11:11:00,2.878,2.88,2.8775,2.8795,2.883,2.885,2.8825,2.8845,17
2026-01-16 11:12:00,2.88,2.88,2.877,2.878,2.885,2.885,2.882,2.883,12
2026-01-16 11:13:00,2.8785,2.882,2.877,2.88,2.8835,2.887,2.882,2.885,25
2026-01-16 11:14:00,2.8795,2.8795,2.876,2.877,2.8845,2.8845,2.881,2.882,7
2026-01-16 11:15:00,2.876,2.876,2.875,2.8755,2.881,2.881,2.88,2.8805,5
2026-01-16 11:16:00,2.875,2.877,2.874,2.8765,2.88,2.882,2.879,2.8815,7
2026-01-16 11:17:00,2.876,2.876,2.867,2.8675,2.881,2.881,2.872,2.8725,24
2026-01-16 11:18:00,2.867,2.868,2.864,2.8645,2.872,2.873,2.869,2.8695,15
2026-01-16 11:19:00,2.865,2.8655,2.864,2.865,2.87,2.8705,2.869,2.87,8
2026-01-16 11:20:00,2.8645,2.8685,2.8645,2.868,2.8695,2.8735,2.8695,2.873,16
2026-01-16 11:21:00,2.8685,2.869,2.868,2.869,2.8735,2.874,2.873,2.874,7
2026-01-16 11:22:00,2.8695,2.87,2.868,2.87,2.8745,2.875,2.873,2.875,5
2026-01-16 11:23:00,2.8695,2.87,2.8695,2.8695,2.8745,2.875,2.8745,2.8745,3
2026-01-16 11:24:00,2.87,2.87,2.869,2.87,2.875,2.875,2.874,2.875,7
2026-01-16 11:25:00,2.8695,2.871,2.8695,2.8705,2.8745,2.876,2.8745,2.8755,7
2026-01-16 11:26:00,2.871,2.872,2.87,2.8715,2.876,2.877,2.875,2.8765,11
2026-01-16 11:27:00,2.872,2.873,2.8685,2.87,2.877,2.878,2.8735,2.875,17
2026-01-16 11:28:00,2.8695,2.87,2.863,2.863,2.8745,2.875,2.868,2.868,21
2026-01-16 11:29:00,2.8635,2.865,2.859,2.862,2.8685,2.87,2.864,2.867,26
2026-01-16 11:30:00,2.8615,2.8615,2.855,2.855,2.8665,2.8665,2.86,2.86,21
2026-01-16 11:31:00,2.8545,2.856,2.851,2.8515,2.8595,2.861,2.856,2.8565,18
2026-01-16 11:32:00,2.851,2.852,2.851,2.8515,2.856,2.857,2.856,2.8565,4
2026-01-16 11:33:00,2.851,2.851,2.8505,2.8505,2.856,2.856,2.8555,2.8555,2
2026-01-16 11:34:00,2.851,2.852,2.844,2.844,2.856,2.857,2.849,2.849,18
2026-01-16 11:35:00,2.8435,2.845,2.843,2.8435,2.8485,2.85,2.848,2.8485,15
2026-01-16 11:36:00,2.843,2.843,2.843,2.843,2.848,2.848,2.848,2.848,1
2026-01-16 11:37:00,2.8425,2.8435,2.8395,2.84,2.8475,2.8485,2.8445,2.845,12
2026-01-16 11:38:00,2.839,2.839,2.8375,2.838,2.844,2.844,2.8425,2.843,6
2026-01-16 11:39:00,2.837,2.84,2.837,2.8375,2.842,2.845,2.842,2.8425,13
2026-01-16 11:40:00,2.837,2.8385,2.837,2.838,2.842,2.8435,2.842,2.843,9
2026-01-16 11:41:00,2.837,2.839,2.837,2.838,2.842,2.844,2.842,2.843,6
2026-01-16 11:42:00,2.8385,2.8445,2.8385,2.8445,2.8435,2.8495,2.8435,2.8495,11
2026-01-16 11:43:00,2.845,2.8455,2.845,2.8455,2.85,2.8505,2.85,2.8505,2
2026-01-16 11:44:00,2.845,2.845,2.8425,2.8425,2.85,2.85,2.8475,2.8475,3
2026-01-16 11:45:00,2.842,2.842,2.8375,2.8405,2.847,2.847,2.8425,2.8455,17
2026-01-16 11:46:00,2.841,2.844,2.841,2.8435,2.846,2.849,2.846,2.8485,11
2026-01-16 11:47:00,2.844,2.844,2.839,2.839,2.849,2.849,2.844,2.844,11
2026-01-16 11:48:00,2.8395,2.8395,2.833,2.833,2.8445,2.8445,2.838,2.838,27
2026-01-16 11:49:00,2.8325,2.8325,2.8255,2.828,2.8375,2.8375,2.8305,2.833,14
2026-01-16 11:50:00,2.8285,2.8325,2.8285,2.8305,2.8335,2.8375,2.8335,2.8355,15
2026-01-16 11:51:00,2.832,2.833,2.831,2.832,2.837,2.838,2.836,2.837,10
2026-01-16 11:52:00,2.8325,2.835,2.832,2.832,2.8375,2.84,2.837,2.837,11
2026-01-16 11:53:00,2.8315,2.8355,2.831,2.835,2.8365,2.8405,2.836,2.84,8
2026-01-16 11:54:00,2.834,2.834,2.831,2.8315,2.839,2.839,2.836,2.8365,11
2026-01-16 11:55:00,2.832,2.833,2.831,2.833,2.837,2.838,2.836,2.838,11
2026-01-16 11:56:00,2.8325,2.834,2.8275,2.8275,2.8375,2.839,2.8325,2.8325,15
2026-01-16 11:57:00,2.827,2.83,2.827,2.8285,2.832,2.835,2.832,2.8335,6
2026-01-16 11:58:00,2.828,2.828,2.8275,2.828,2.833,2.833,2.8325,2.833,3
2026-01-16 11:59:00,2.829,2.83,2.829,2.829,2.834,2.835,2.834,2.834,7
2026-01-16 12:00:00,2.83,2.833,2.828,2.8295,2.835,2.838,2.833,2.8345,18
2026-01-16 12:01:00,2.829,2.829,2.826,2.827,2.834,2.834,2.831,2.832,15
2026-01-16 12:02:00,2.828,2.828,2.825,2.825,2.833,2.833,2.83,2.83,7
2026-01-16 12:03:00,2.824,2.824,2.817,2.819,2.829,2.829,2.822,2.824,29
2026-01-16 12:04:00,2.8185,2.8185,2.816,2.8165,2.8235,2.8235,2.821,2.8215,12
2026-01-16 12:05:00,2.817,2.818,2.817,2.818,2.822,2.823,2.822,2.823,11
2026-01-16 12:06:00,2.817,2.821,2.815,2.8185,2.822,2.826,2.82,2.8235,27
2026-01-16 12:07:00,2.8175,2.8235,2.817,2.8235,2.8225,2.8285,2.822,2.8285,18
2026-01-16 12:08:00,2.824,2.826,2.822,2.826,2.829,2.831,2.827,2.831,21
2026-01-16 12:09:00,2.827,2.827,2.823,2.8245,2.832,2.832,2.828,2.8295,10
2026-01-16 12:10:00,2.824,2.8245,2.824,2.8245,2.829,2.8295,2.829,2.8295,4
2026-01-16 12:11:00,2.824,2.83,2.824,2.828,2.829,2.835,2.829,2.833,17
2026-01-16 12:12:00,2.8285,2.829,2.828,2.829,2.8335,2.834,2.833,2.834,4
2026-01-16 12:13:00,2.8295,2.832,2.8295,2.8305,2.8345,2.837,2.8345,2.8355,11
2026-01-16 12:14:00,2.83,2.839,2.83,2.8375,2.835,2.844,2.835,2.8425,24
2026-01-16 12:15:00,2.838,2.84,2.836,2.84,2.843,2.845,2.841,2.845,13
2026-01-16 12:16:00,2.842,2.848,2.842,2.848,2.847,2.853,2.847,2.853,17
2026-01-16 12:17:00,2.8485,2.8595,2.847,2.857,2.8535,2.8645,2.852,2.862,36
2026-01-16 12:18:00,2.858,2.862,2.857,2.857,2.863,2.867,2.862,2.862,11
2026-01-16 12:19:00,2.856,2.858,2.8555,2.858,2.861,2.863,2.8605,2.863,5
2026-01-16 12:20:00,2.859,2.8735,2.859,2.871,2.864,2.8785,2.864,2.876,36
2026-01-16 12:21:00,2.8715,2.879,2.8705,2.8785,2.8765,2.884,2.8755,2.8835,40
2026-01-16 12:22:00,2.878,2.883,2.869,2.87,2.883,2.888,2.874,2.875,52
2026-01-16 12:23:00,2.869,2.873,2.866,2.8715,2.874,2.878,2.871,2.8765,19
2026-01-16 12:24:00,2.8735,2.8805,2.869,2.87,2.8785,2.8855,2.874,2.875,39
2026-01-16 12:25:00,2.871,2.877,2.8705,2.877,2.876,2.882,2.8755,2.882,19
2026-01-16 12:26:00,2.8775,2.8795,2.8725,2.8725,2.8825,2.8845,2.8775,2.8775,18
2026-01-16 12:27:00,2.873,2.8755,2.873,2.8735,2.878,2.8805,2.878,2.8785,20
2026-01-16 12:28:00,2.873,2.877,2.872,2.8765,2.878,2.882,2.877,2.8815,10
2026-01-16 12:29:00,2.876,2.8765,2.8705,2.872,2.881,2.8815,2.8755,2.877,22
2026-01-16 12:30:00,2.8715,2.8765,2.8715,2.8755,2.8765,2.8815,2.8765,2.8805,21
2026-01-16 12:31:00,2.8745,2.8795,2.8745,2.877,2.8795,2.8845,2.8795,2.882,13
2026-01-16 12:32:00,2.878,2.8805,2.876,2.876,2.883,2.8855,2.881,2.881,20
2026-01-16 12:33:00,2.8755,2.8755,2.8725,2.8725,2.8805,2.8805,2.8775,2.8775,9
2026-01-16 12:34:00,2.872,2.875,2.872,2.875,2.877,2.88,2.877,2.88,11
2026-01-16 12:35:00,2.876,2.876,2.86,2.863,2.881,2.881,2.865,2.868,60
2026-01-16 12:36:00,2.8635,2.865,2.863,2.8645,2.8685,2.87,2.868,2.8695,13
2026-01-16 12:37:00,2.864,2.865,2.8605,2.8645,2.869,2.87,2.8655,2.8695,21
2026-01-16 12:38:00,2.865,2.865,2.86,2.8625,2.87,2.87,2.865,2.8675,19
2026-01-16 12:39:00,2.863,2.8665,2.863,2.8665,2.868,2.8715,2.868,2.8715,9
2026-01-16 12:40:00,2.8675,2.877,2.8675,2.872,2.8725,2.882,2.8725,2.877,19
2026-01-16 12:41:00,2.8725,2.88,2.872,2.872,2.8775,2.885,2.877,2.877,25
2026-01-16 12:42:00,2.8715,2.8715,2.8705,2.8705,2.8765,2.8765,2.8755,2.8755,5
2026-01-16 12:43:00,2.871,2.874,2.8665,2.874,2.876,2.879,2.8715,2.879,31
2026-01-16 12:44:00,2.8745,2.876,2.872,2.8735,2.8795,2.881,2.877,2.8785,15
2026-01-16 12:45:00,2.874,2.88,2.872,2.8775,2.879,2.885,2.877,2.8825,24
2026-01-16 12:46:00,2.877,2.879,2.877,2.8775,2.882,2.884,2.882,2.8825,7
2026-01-16 12:47:00,2.876,2.8765,2.8745,2.8745,2.881,2.8815,2.8795,2.8795,14
2026-01-16 12:48:00,2.8755,2.8765,2.8745,2.8755,2.8805,2.8815,2.8795,2.8805,8
2026-01-16 12:49:00,2.876,2.876,2.871,2.8725,2.881,2.881,2.876,2.8775,16
2026-01-16 12:50:00,2.873,2.875,2.867,2.87,2.878,2.88,2.872,2.875,50
2026-01-16 12:51:00,2.8695,2.8775,2.8695,2.8765,2.8745,2.8825,2.8745,2.8815,14
2026-01-16 12:52:00,2.877,2.88,2.877,2.878,2.882,2.885,2.882,2.883,14
2026-01-16 12:53:00,2.8775,2.8775,2.875,2.8755,2.8825,2.8825,2.88,2.8805,7
2026-01-16 12:54:00,2.876,2.8775,2.875,2.8765,2.881,2.8825,2.88,2.8815,10
2026-01-16 12:55:00,2.876,2.883,2.875,2.8785,2.881,2.888,2.88,2.8835,35
2026-01-16 12:56:00,2.879,2.879,2.876,2.8765,2.884,2.884,2.881,2.8815,22
2026-01-16 12:57:00,2.876,2.8785,2.875,2.877,2.881,2.8835,2.88,2.882,13
2026-01-16 12:58:00,2.8775,2.8785,2.8705,2.875,2.8825,2.8835,2.8755,2.88,18
2026-01-16 12:59:00,2.874,2.8755,2.87,2.872,2.879,2.8805,2.875,2.877,21
2026-01-16 13:00:00,2.8715,2.8715,2.866,2.869,2.8765,2.8765,2.871,2.874,46
2026-01-16 13:01:00,2.8695,2.87,2.867,2.868,2.8745,2.875,2.872,2.873,16
2026-01-16 13:02:00,2.869,2.877,2.869,2.876,2.874,2.882,2.874,2.881,30
2026-01-16 13:03:00,2.875,2.883,2.874,2.8785,2.88,2.888,2.879,2.8835,46
2026-01-16 13:04:00,2.878,2.883,2.878,2.8805,2.883,2.888,2.883,2.8855,23
2026-01-16 13:05:00,2.881,2.888,2.88,2.888,2.886,2.893,2.885,2.893,37
2026-01-16 13:06:00,2.8875,2.9025,2.887,2.9015,2.8925,2.9075,2.892,2.9065,49
2026-01-16 13:07:00,2.902,2.903,2.8935,2.898,2.907,2.908,2.8985,2.903,43
2026-01-16 13:08:00,2.8985,2.915,2.8985,2.9125,2.9035,2.92,2.9035,2.9175,77
2026-01-16 13:09:00,2.913,2.913,2.909,2.9125,2.918,2.918,2.914,2.9175,22
2026-01-16 13:10:00,2.913,2.921,2.911,2.9175,2.918,2.926,2.916,2.9225,37
2026-01-16 13:11:00,2.918,2.92,2.912,2.9195,2.923,2.925,2.917,2.9245,49
2026-01-16 13:12:00,2.92,2.921,2.9155,2.9165,2.925,2.926,2.9205,2.9215,36
2026-01-16 13:13:00,2.916,2.918,2.9095,2.91,2.921,2.923,2.9145,2.915,42
2026-01-16 13:14:00,2.9105,2.912,2.9065,2.9085,2.9155,2.917,2.9115,2.9135,42
2026-01-16 13:15:00,2.908,2.913,2.908,2.912,2.913,2.918,2.913,2.917,18
2026-01-16 13:16:00,2.9115,2.915,2.9075,2.909,2.9165,2.92,2.9125,2.914,26
2026-01-16 13:17:00,2.91,2.917,2.909,2.9145,2.915,2.922,2.914,2.9195,22
2026-01-16 13:18:00,2.915,2.92,2.914,2.916,2.92,2.925,2.919,2.921,44
2026-01-16 13:19:00,2.9155,2.916,2.9,2.903,2.9205,2.921,2.905,2.908,86
2026-01-16 13:20:00,2.902,2.902,2.8935,2.895,2.907,2.907,2.8985,2.9,62
2026-01-16 13:21:00,2.8955,2.898,2.8895,2.89,2.9005,2.903,2.8945,2.895,41
2026-01-16 13:22:00,2.8905,2.892,2.8825,2.885,2.8955,2.897,2.8875,2.89,46
2026-01-16 13:23:00,2.8855,2.895,2.884,2.8935,2.8905,2.9,2.889,2.8985,33
2026-01-16 13:24:00,2.894,2.894,2.8855,2.8885,2.899,2.899,2.8905,2.8935,38
2026-01-16 13:25:00,2.888,2.889,2.8785,2.882,2.893,2.894,2.8835,2.887,51
2026-01-16 13:26:00,2.8825,2.8825,2.874,2.8765,2.8875,2.8875,2.879,2.8815,47
2026-01-16 13:27:00,2.876,2.877,2.868,2.869,2.881,2.882,2.873,2.874,49
2026-01-16 13:28:00,2.87,2.872,2.8615,2.8625,2.875,2.877,2.8665,2.8675,53
2026-01-16 13:29:00,2.862,2.866,2.8615,2.8615,2.867,2.871,2.8665,2.8665,37
2026-01-16 13:30:00,2.861,2.87,2.861,2.87,2.866,2.875,2.866,2.875,49
2026-01-16 13:31:00,2.8705,2.8785,2.8655,2.866,2.8755,2.8835,2.8705,2.871,43
2026-01-16 13:32:00,2.868,2.8705,2.864,2.8655,2.873,2.8755,2.869,2.8705,31
2026-01-16 13:33:00,2.865,2.865,2.852,2.855,2.87,2.87,2.857,2.86,51
2026-01-16 13:34:00,2.854,2.8545,2.8455,2.846,2.859,2.8595,2.8505,2.851,46
2026-01-16 13:35:00,2.845,2.858,2.845,2.8545,2.85,2.863,2.85,2.8595,27
2026-01-16 13:36:00,2.855,2.857,2.8495,2.8545,2.86,2.862,2.8545,2.8595,44
2026-01-16 13:37:00,2.8555,2.8655,2.8555,2.8645,2.8605,2.8705,2.8605,2.8695,27
2026-01-16 13:38:00,2.866,2.867,2.86,2.86,2.871,2.872,2.865,2.865,27
2026-01-16 13:39:00,2.859,2.8595,2.8515,2.855,2.864,2.8645,2.8565,2.86,37
2026-01-16 13:40:00,2.8535,2.859,2.8525,2.8575,2.8585,2.864,2.8575,2.8625,37
2026-01-16 13:41:00,2.858,2.8615,2.858,2.858,2.863,2.8665,2.863,2.863,17
2026-01-16 13:42:00,2.859,2.871,2.859,2.867,2.864,2.876,2.864,2.872,36
2026-01-16 13:43:00,2.866,2.869,2.86,2.863,2.871,2.874,2.865,2.868,20
2026-01-16 13:44:00,2.862,2.8625,2.857,2.8615,2.867,2.8675,2.862,2.8665,23
2026-01-16 13:45:00,2.8625,2.8625,2.8535,2.8535,2.8675,2.8675,2.8585,2.8585,19
2026-01-16 13:46:00,2.854,2.856,2.846,2.854,2.859,2.861,2.851,2.859,63
2026-01-16 13:47:00,2.8545,2.858,2.8525,2.8555,2.8595,2.863,2.8575,2.8605,45
2026-01-16 13:48:00,2.8545,2.8585,2.8545,2.857,2.8595,2.8635,2.8595,2.862,34
2026-01-16 13:49:00,2.8575,2.8595,2.856,2.857,2.8625,2.8645,2.861,2.862,29
2026-01-16 13:50:00,2.8565,2.8585,2.8555,2.857,2.8615,2.8635,2.8605,2.862,19
2026-01-16 13:51:00,2.8565,2.8695,2.8565,2.865,2.8615,2.8745,2.8615,2.87,36
2026-01-16 13:52:00,2.8645,2.866,2.857,2.858,2.8695,2.871,2.862,2.863,36
2026-01-16 13:53:00,2.8575,2.8595,2.854,2.857,2.8625,2.8645,2.859,2.862,22
2026-01-16 13:54:00,2.8565,2.86,2.8475,2.8525,2.8615,2.865,2.8525,2.8575,51
2026-01-16 13:55:00,2.853,2.854,2.847,2.847,2.858,2.859,2.852,2.852,32
2026-01-16 13:56:00,2.846,2.855,2.844,2.853,2.851,2.86,2.849,2.858,48
2026-01-16 13:57:00,2.8535,2.857,2.852,2.8535,2.8585,2.862,2.857,2.8585,15
2026-01-16 13:58:00,2.856,2.858,2.851,2.8555,2.861,2.863,2.856,2.8605,29
2026-01-16 13:59:00,2.856,2.867,2.856,2.864,2.861,2.872,2.861,2.869,43
2026-01-16 14:00:00,2.8635,2.875,2.86,2.875,2.8685,2.88,2.865,2.88,57
2026-01-16 14:01:00,2.876,2.879,2.869,2.877,2.881,2.884,2.874,2.882,59
2026-01-16 14:02:00,2.8765,2.8845,2.8765,2.882,2.8815,2.8895,2.8815,2.887,60
2026-01-16 14:03:00,2.8825,2.886,2.877,2.8795,2.8875,2.891,2.882,2.8845,23
2026-01-16 14:04:00,2.88,2.883,2.879,2.8825,2.885,2.888,2.884,2.8875,35
2026-01-16 14:05:00,2.883,2.887,2.879,2.881,2.888,2.892,2.884,2.886,67
2026-01-16 14:06:00,2.8815,2.882,2.865,2.871,2.8865,2.887,2.87,2.876,78
2026-01-16 14:07:00,2.87,2.875,2.867,2.874,2.875,2.88,2.872,2.879,50
2026-01-16 14:08:00,2.875,2.875,2.869,2.8725,2.88,2.88,2.874,2.8775,28
2026-01-16 14:09:00,2.873,2.873,2.864,2.873,2.878,2.878,2.869,2.878,36
2026-01-16 14:10:00,2.8725,2.887,2.8725,2.8805,2.8775,2.892,2.8775,2.8855,60
2026-01-16 14:11:00,2.881,2.8815,2.877,2.877,2.886,2.8865,2.882,2.882,29
2026-01-16 14:12:00,2.878,2.88,2.867,2.8725,2.883,2.885,2.872,2.8775,36
2026-01-16 14:13:00,2.873,2.874,2.867,2.868,2.878,2.879,2.872,2.873,30
2026-01-16 14:14:00,2.8675,2.8755,2.8675,2.8755,2.8725,2.8805,2.8725,2.8805,15
2026-01-16 14:15:00,2.875,2.8765,2.849,2.8515,2.88,2.8815,2.854,2.8565,78
2026-01-16 14:16:00,2.852,2.856,2.849,2.853,2.857,2.861,2.854,2.858,53
2026-01-16 14:17:00,2.8535,2.857,2.852,2.8535,2.8585,2.862,2.857,2.8585,38
2026-01-16 14:18:00,2.853,2.853,2.843,2.8475,2.858,2.858,2.848,2.8525,61
2026-01-16 14:19:00,2.848,2.8485,2.8375,2.8425,2.853,2.8535,2.8425,2.8475,83
2026-01-16 14:20:00,2.842,2.849,2.841,2.846,2.847,2.854,2.846,2.851,60
2026-01-16 14:21:00,2.8455,2.864,2.843,2.853,2.8505,2.869,2.848,2.858,118
2026-01-16 14:22:00,2.8525,2.853,2.843,2.846,2.8575,2.858,2.848,2.851,57
2026-01-16 14:23:00,2.847,2.85,2.842,2.8435,2.852,2.855,2.847,2.8485,37
2026-01-16 14:24:00,2.844,2.8545,2.844,2.8505,2.849,2.8595,2.849,2.8555,53
2026-01-16 14:25:00,2.851,2.854,2.846,2.8505,2.856,2.859,2.851,2.8555,48
2026-01-16 14:26:00,2.851,2.854,2.849,2.851,2.856,2.859,2.854,2.856,23
2026-01-16 14:27:00,2.8525,2.87,2.8525,2.853,2.8575,2.875,2.8575,2.858,83
2026-01-16 14:28:00,2.854,2.867,2.8515,2.867,2.859,2.872,2.8565,2.872,61
2026-01-16 14:29:00,2.8665,2.8665,2.8595,2.8595,2.8715,2.8715,2.8645,2.8645,26
2026-01-16 14:30:00,2.859,2.863,2.852,2.854,2.864,2.868,2.857,2.859,75
2026-01-16 14:31:00,2.855,2.8565,2.852,2.8525,2.86,2.8615,2.857,2.8575,35
2026-01-16 14:32:00,2.853,2.8575,2.85,2.854,2.858,2.8625,2.855,2.859,54
2026-01-16 14:33:00,2.8545,2.8545,2.845,2.8475,2.8595,2.8595,2.85,2.8525,67
2026-01-16 14:34:00,2.847,2.865,2.834,2.858,2.852,2.87,2.839,2.863,105
2026-01-16 14:35:00,2.8565,2.8565,2.8455,2.8485,2.8615,2.8615,2.8505,2.8535,47
2026-01-16 14:36:00,2.849,2.849,2.842,2.843,2.854,2.854,2.847,2.848,82
2026-01-16 14:37:00,2.844,2.845,2.839,2.842,2.849,2.85,2.844,2.847,66
2026-01-16 14:38:00,2.8415,2.8415,2.8295,2.8315,2.8465,2.8465,2.8345,2.8365,67
2026-01-16 14:39:00,2.832,2.832,2.8215,2.8305,2.837,2.837,2.8265,2.8355,91
2026-01-16 14:40:00,2.83,2.8325,2.822,2.823,2.835,2.8375,2.827,2.828,43
2026-01-16 14:41:00,2.822,2.825,2.816,2.819,2.827,2.83,2.821,2.824,54
2026-01-16 14:42:00,2.8195,2.82,2.807,2.809,2.8245,2.825,2.812,2.814,121
2026-01-16 14:43:00,2.8095,2.817,2.8095,2.814,2.8145,2.822,2.8145,2.819,79
2026-01-16 14:44:00,2.813,2.8135,2.806,2.8095,2.818,2.8185,2.811,2.8145,92
2026-01-16 14:45:00,2.807,2.81,2.7985,2.803,2.812,2.815,2.8035,2.808,71
2026-01-16 14:46:00,2.8035,2.81,2.801,2.8015,2.8085,2.815,2.806,2.8065,79
2026-01-16 14:47:00,2.802,2.8075,2.801,2.805,2.807,2.8125,2.806,2.81,59
2026-01-16 14:48:00,2.8045,2.8045,2.793,2.794,2.8095,2.8095,2.798,2.799,73
2026-01-16 14:49:00,2.7945,2.8005,2.7945,2.8,2.7995,2.8055,2.7995,2.805,30
2026-01-16 14:50:00,2.8005,2.802,2.795,2.798,2.8055,2.807,2.8,2.803,47
2026-01-16 14:51:00,2.7985,2.8005,2.797,2.8,2.8035,2.8055,2.802,2.805,23
2026-01-16 14:52:00,2.8005,2.8005,2.786,2.789,2.8055,2.8055,2.791,2.794,53
2026-01-16 14:53:00,2.7895,2.7895,2.781,2.782,2.7945,2.7945,2.786,2.787,63
2026-01-16 14:54:00,2.781,2.782,2.776,2.7815,2.786,2.787,2.781,2.7865,56
2026-01-16 14:55:00,2.781,2.785,2.7785,2.7805,2.786,2.79,2.7835,2.7855,68
2026-01-16 14:56:00,2.78,2.781,2.772,2.781,2.785,2.786,2.777,2.786,69
2026-01-16 14:57:00,2.7805,2.79,2.777,2.789,2.7855,2.795,2.782,2.794,88
2026-01-16 14:58:00,2.788,2.794,2.786,2.7905,2.793,2.799,2.791,2.7955,84
2026-01-16 14:59:00,2.79,2.791,2.778,2.786,2.795,2.796,2.783,2.791,95
2026-01-16 15:00:00,2.7865,2.792,2.773,2.7855,2.7915,2.797,2.778,2.7905,186
2026-01-16 15:01:00,2.785,2.7865,2.779,2.78,2.79,2.7915,2.784,2.785,64
2026-01-16 15:02:00,2.7795,2.785,2.778,2.783,2.7845,2.79,2.783,2.788,74
2026-01-16 15:03:00,2.7825,2.796,2.7825,2.7925,2.7875,2.801,2.7875,2.7975,105
2026-01-16 15:04:00,2.792,2.8035,2.792,2.802,2.797,2.8085,2.797,2.807,70
2026-01-16 15:05:00,2.801,2.802,2.797,2.802,2.806,2.807,2.802,2.807,56
2026-01-16 15:06:00,2.8015,2.806,2.796,2.796,2.8065,2.811,2.801,2.801,62
2026-01-16 15:07:00,2.7955,2.804,2.791,2.8035,2.8005,2.809,2.796,2.8085,63
2026-01-16 15:08:00,2.8025,2.805,2.7815,2.793,2.8075,2.81,2.7865,2.798,147
2026-01-16 15:09:00,2.794,2.8075,2.7925,2.794,2.799,2.8125,2.7975,2.799,111
2026-01-16 15:10:00,2.793,2.7985,2.793,2.7945,2.798,2.8035,2.798,2.7995,45
2026-01-16 15:11:00,2.794,2.797,2.7925,2.796,2.799,2.802,2.7975,2.801,37
2026-01-16 15:12:00,2.7955,2.804,2.7945,2.804,2.8005,2.809,2.7995,2.809,47
2026-01-16 15:13:00,2.8035,2.8035,2.7965,2.798,2.8085,2.8085,2.8015,2.803,48
2026-01-16 15:14:00,2.799,2.804,2.793,2.801,2.804,2.809,2.798,2.806,60
2026-01-16 15:15:00,2.8015,2.804,2.797,2.799,2.8065,2.809,2.802,2.804,44
2026-01-16 15:16:00,2.7985,2.801,2.793,2.794,2.8035,2.806,2.798,2.799,39
2026-01-16 15:17:00,2.793,2.795,2.789,2.793,2.798,2.8,2.794,2.798,52
2026-01-16 15:18:00,2.792,2.8,2.792,2.794,2.797,2.805,2.797,2.799,63
2026-01-16 15:19:00,2.7945,2.798,2.793,2.7955,2.7995,2.803,2.798,2.8005,39
2026-01-16 15:20:00,2.796,2.798,2.792,2.793,2.801,2.803,2.797,2.798,55
2026-01-16 15:21:00,2.792,2.792,2.778,2.7785,2.797,2.797,2.783,2.7835,88
2026-01-16 15:22:00,2.778,2.781,2.773,2.7745,2.783,2.786,2.778,2.7795,61
2026-01-16 15:23:00,2.775,2.777,2.765,2.769,2.78,2.782,2.77,2.774,73
2026-01-16 15:24:00,2.7695,2.773,2.764,2.767,2.7745,2.778,2.769,2.772,58
2026-01-16 15:25:00,2.7675,2.77,2.767,2.768,2.7725,2.775,2.772,2.773,37
2026-01-16 15:26:00,2.767,2.769,2.764,2.768,2.772,2.774,2.769,2.773,27
2026-01-16 15:27:00,2.767,2.7745,2.767,2.774,2.772,2.7795,2.772,2.779,31
2026-01-16 15:28:00,2.775,2.782,2.7735,2.781,2.78,2.787,2.7785,2.786,36
2026-01-16 15:29:00,2.7815,2.7855,2.7815,2.784,2.7865,2.7905,2.7865,2.789,55
2026-01-16 15:30:00,2.7835,2.7845,2.778,2.78,2.7885,2.7895,2.783,2.785,72
2026-01-16 15:31:00,2.7795,2.783,2.776,2.7795,2.7845,2.788,2.781,2.7845,57
2026-01-16 15:32:00,2.7785,2.779,2.77,2.779,2.7835,2.784,2.775,2.784,47
2026-01-16 15:33:00,2.778,2.7825,2.778,2.779,2.783,2.7875,2.783,2.784,36
2026-01-16 15:34:00,2.7795,2.783,2.778,2.782,2.7845,2.788,2.783,2.787,40
2026-01-16 15:35:00,2.7815,2.783,2.776,2.7825,2.7865,2.788,2.781,2.7875,35
2026-01-16 15:36:00,2.781,2.789,2.7795,2.7875,2.786,2.794,2.7845,2.7925,65
2026-01-16 15:37:00,2.7865,2.787,2.779,2.784,2.7915,2.792,2.784,2.789,65
2026-01-16 15:38:00,2.7835,2.791,2.783,2.7905,2.7885,2.796,2.788,2.7955,61
2026-01-16 15:39:00,2.7895,2.7945,2.789,2.79,2.7945,2.7995,2.794,2.795,58
2026-01-16 15:40:00,2.7895,2.7895,2.784,2.787,2.7945,2.7945,2.789,2.792,37
2026-01-16 15:41:00,2.788,2.789,2.784,2.7875,2.793,2.794,2.789,2.7925,27
2026-01-16 15:42:00,2.789,2.789,2.777,2.784,2.794,2.794,2.782,2.789,50
2026-01-16 15:43:00,2.783,2.786,2.781,2.784,2.788,2.791,2.786,2.789,32
2026-01-16 15:44:00,2.7835,2.7835,2.777,2.7805,2.7885,2.7885,2.782,2.7855,41
2026-01-16 15:45:00,2.781,2.785,2.78,2.784,2.786,2.79,2.785,2.789,22
2026-01-16 15:46:00,2.7825,2.7825,2.776,2.7775,2.7875,2.7875,2.781,2.7825,36
2026-01-16 15:47:00,2.778,2.786,2.778,2.785,2.783,2.791,2.783,2.79,46
2026-01-16 15:48:00,2.7845,2.791,2.784,2.791,2.7895,2.796,2.789,2.796,30
2026-01-16 15:49:00,2.7915,2.794,2.79,2.79,2.7965,2.799,2.795,2.795,29
2026-01-16 15:50:00,2.7895,2.7905,2.783,2.7845,2.7945,2.7955,2.788,2.7895,38
2026-01-16 15:51:00,2.784,2.7905,2.783,2.79,2.789,2.7955,2.788,2.795,30
2026-01-16 15:52:00,2.789,2.792,2.784,2.786,2.794,2.797,2.789,2.791,38
2026-01-16 15:53:00,2.7855,2.787,2.785,2.7855,2.7905,2.792,2.79,2.7905,21
2026-01-16 15:54:00,2.786,2.793,2.786,2.792,2.791,2.798,2.791,2.797,20
2026-01-16 15:55:00,2.7915,2.803,2.79,2.801,2.7965,2.808,2.795,2.806,61
2026-01-16 15:56:00,2.8005,2.803,2.7985,2.8025,2.8055,2.808,2.8035,2.8075,29
2026-01-16 15:57:00,2.802,2.8045,2.799,2.8035,2.807,2.8095,2.804,2.8085,43
2026-01-16 15:58:00,2.803,2.8065,2.802,2.8035,2.808,2.8115,2.807,2.8085,47
2026-01-16 15:59:00,2.803,2.807,2.803,2.807,2.808,2.812,2.808,2.812,28
2026-01-16 16:00:00,2.806,2.811,2.802,2.8085,2.811,2.816,2.807,2.8135,42
2026-01-16 16:01:00,2.809,2.8095,2.799,2.8025,2.814,2.8145,2.804,2.8075,58
2026-01-16 16:02:00,2.803,2.8105,2.8025,2.808,2.808,2.8155,2.8075,2.813,27
2026-01-16 16:03:00,2.8085,2.817,2.807,2.8155,2.8135,2.822,2.812,2.8205,39
2026-01-16 16:04:00,2.815,2.8235,2.815,2.821,2.82,2.8285,2.82,2.826,55
2026-01-16 16:05:00,2.82,2.825,2.812,2.812,2.825,2.83,2.817,2.817,63
2026-01-16 16:06:00,2.8115,2.814,2.807,2.807,2.8165,2.819,2.812,2.812,56
2026-01-16 16:07:00,2.8065,2.807,2.7905,2.7915,2.8115,2.812,2.7955,2.7965,79
2026-01-16 16:08:00,2.792,2.792,2.79,2.791,2.797,2.797,2.795,2.796,21
2026-01-16 16:09:00,2.7915,2.792,2.784,2.7875,2.7965,2.797,2.789,2.7925,41
2026-01-16 16:10:00,2.788,2.788,2.783,2.784,2.793,2.793,2.788,2.789,27
2026-01-16 16:11:00,2.785,2.7855,2.78,2.78,2.79,2.7905,2.785,2.785,17
2026-01-16 16:12:00,2.7805,2.781,2.775,2.7775,2.7855,2.786,2.78,2.7825,48
2026-01-16 16:13:00,2.778,2.7795,2.769,2.771,2.783,2.7845,2.774,2.776,73
2026-01-16 16:14:00,2.7705,2.774,2.768,2.773,2.7755,2.779,2.773,2.778,44
2026-01-16 16:15:00,2.7725,2.773,2.7635,2.768,2.7775,2.778,2.7685,2.773,52
2026-01-16 16:16:00,2.7685,2.769,2.762,2.765,2.7735,2.774,2.767,2.77,33
2026-01-16 16:17:00,2.764,2.766,2.762,2.765,2.769,2.771,2.767,2.77,33
2026-01-16 16:18:00,2.766,2.767,2.762,2.7635,2.771,2.772,2.767,2.7685,40
2026-01-16 16:19:00,2.763,2.763,2.757,2.763,2.768,2.768,2.762,2.768,50
2026-01-16 16:20:00,2.7635,2.772,2.76,2.772,2.7685,2.777,2.765,2.777,38
2026-01-16 16:21:00,2.771,2.7735,2.767,2.769,2.776,2.7785,2.772,2.774,35
2026-01-16 16:22:00,2.7685,2.776,2.767,2.773,2.7735,2.781,2.772,2.778,49
2026-01-16 16:23:00,2.7735,2.781,2.7735,2.78,2.7785,2.786,2.7785,2.785,63
2026-01-16 16:24:00,2.779,2.78,2.776,2.779,2.784,2.785,2.781,2.784,36
2026-01-16 16:25:00,2.7785,2.78,2.776,2.78,2.7835,2.785,2.781,2.785,26
2026-01-16 16:26:00,2.7795,2.781,2.777,2.777,2.7845,2.786,2.782,2.782,38
2026-01-16 16:27:00,2.7775,2.7775,2.772,2.7745,2.7825,2.7825,2.777,2.7795,32
2026-01-16 16:28:00,2.774,2.775,2.77,2.7715,2.779,2.78,2.775,2.7765,41
2026-01-16 16:29:00,2.7705,2.7715,2.77,2.77,2.7755,2.7765,2.775,2.775,25
2026-01-16 16:30:00,2.7695,2.7745,2.7685,2.773,2.7745,2.7795,2.7735,2.778,36
2026-01-16 16:31:00,2.772,2.777,2.77,2.7715,2.777,2.782,2.775,2.7765,67
2026-01-16 16:32:00,2.773,2.773,2.769,2.77,2.778,2.778,2.774,2.775,34
2026-01-16 16:33:00,2.769,2.771,2.767,2.7705,2.774,2.776,2.772,2.7755,39
2026-01-16 16:34:00,2.77,2.77,2.764,2.766,2.775,2.775,2.769,2.771,30
2026-01-16 16:35:00,2.765,2.765,2.7565,2.7575,2.77,2.77,2.7615,2.7625,49
2026-01-16 16:36:00,2.7585,2.76,2.756,2.7585,2.7635,2.765,2.761,2.7635,46
2026-01-16 16:37:00,2.759,2.759,2.753,2.7545,2.764,2.764,2.758,2.7595,39
2026-01-16 16:38:00,2.755,2.76,2.754,2.7595,2.76,2.765,2.759,2.7645,60
2026-01-16 16:39:00,2.759,2.763,2.759,2.763,2.764,2.768,2.764,2.768,51
2026-01-16 16:40:00,2.7625,2.768,2.7615,2.767,2.7675,2.773,2.7665,2.772,30
2026-01-16 16:41:00,2.768,2.769,2.765,2.769,2.773,2.774,2.77,2.774,35
2026-01-16 16:42:00,2.7685,2.78,2.767,2.78,2.7735,2.785,2.772,2.785,61
2026-01-16 16:43:00,2.779,2.784,2.777,2.782,2.784,2.789,2.782,2.787,32
2026-01-16 16:44:00,2.783,2.792,2.782,2.792,2.788,2.797,2.787,2.797,69
2026-01-16 16:45:00,2.7915,2.792,2.7855,2.79,2.7965,2.797,2.7905,2.795,39
2026-01-16 16:46:00,2.7895,2.79,2.784,2.7845,2.7945,2.795,2.789,2.7895,23
2026-01-16 16:47:00,2.784,2.785,2.782,2.782,2.789,2.79,2.787,2.787,19
2026-01-16 16:48:00,2.783,2.784,2.7825,2.783,2.788,2.789,2.7875,2.788,7
2026-01-16 16:49:00,2.784,2.789,2.7825,2.7875,2.789,2.794,2.7875,2.7925,21
2026-01-16 16:50:00,2.788,2.798,2.787,2.7965,2.793,2.803,2.792,2.8015,26
2026-01-16 16:51:00,2.797,2.797,2.781,2.783,2.802,2.802,2.786,2.788,45
2026-01-16 16:52:00,2.782,2.783,2.777,2.779,2.787,2.788,2.782,2.784,23
2026-01-16 16:53:00,2.7785,2.781,2.778,2.7795,2.7835,2.786,2.783,2.7845,15
2026-01-16 16:54:00,2.78,2.784,2.778,2.779,2.785,2.789,2.783,2.784,31
2026-01-16 16:55:00,2.7785,2.782,2.777,2.778,2.7835,2.787,2.782,2.783,16
2026-01-16 16:56:00,2.777,2.7825,2.777,2.7775,2.782,2.7875,2.782,2.7825,45
2026-01-16 16:57:00,2.778,2.778,2.773,2.773,2.783,2.783,2.778,2.778,26
2026-01-16 16:58:00,2.774,2.7755,2.7685,2.771,2.779,2.7805,2.7735,2.776,42
2026-01-16 16:59:00,2.772,2.7725,2.7705,2.772,2.777,2.7775,2.7755,2.777,11
2026-01-16 17:00:00,2.7715,2.778,2.7705,2.776,2.7765,2.783,2.7755,2.781,31
2026-01-16 17:01:00,2.7755,2.7755,2.773,2.7735,2.7805,2.7805,2.778,2.7785,14
2026-01-16 17:02:00,2.773,2.7745,2.766,2.771,2.778,2.7795,2.771,2.776,45
2026-01-16 17:03:00,2.7705,2.772,2.7655,2.7655,2.7755,2.777,2.7705,2.7705,30
2026-01-16 17:04:00,2.764,2.766,2.758,2.7585,2.769,2.771,2.763,2.7635,60
2026-01-16 17:05:00,2.758,2.76,2.7545,2.758,2.763,2.765,2.7595,2.763,77
2026-01-16 17:06:00,2.7575,2.7655,2.757,2.7655,2.7625,2.7705,2.762,2.7705,31
2026-01-16 17:07:00,2.7665,2.767,2.761,2.7615,2.7715,2.772,2.766,2.7665,25
2026-01-16 17:08:00,2.76,2.7615,2.751,2.751,2.765,2.7665,2.756,2.756,38
2026-01-16 17:09:00,2.7505,2.753,2.749,2.753,2.7555,2.758,2.754,2.758,33
2026-01-16 17:10:00,2.754,2.777,2.7535,2.776,2.759,2.782,2.7585,2.781,75
2026-01-16 17:11:00,2.7755,2.776,2.758,2.7595,2.7805,2.781,2.763,2.7645,94
2026-01-16 17:12:00,2.759,2.76,2.756,2.7585,2.764,2.765,2.761,2.7635,42
2026-01-16 17:13:00,2.759,2.7595,2.755,2.757,2.764,2.7645,2.76,2.762,30
2026-01-16 17:14:00,2.7565,2.757,2.7465,2.7475,2.7615,2.762,2.7515,2.7525,74
2026-01-16 17:15:00,2.749,2.7505,2.748,2.7495,2.754,2.7555,2.753,2.7545,19
2026-01-16 17:16:00,2.748,2.7505,2.7435,2.7455,2.753,2.7555,2.7485,2.7505,54
2026-01-16 17:17:00,2.7465,2.748,2.742,2.745,2.7515,2.753,2.747,2.75,42
2026-01-16 17:18:00,2.7445,2.749,2.743,2.743,2.7495,2.754,2.748,2.748,29
2026-01-16 17:19:00,2.744,2.745,2.743,2.745,2.749,2.75,2.748,2.75,11
2026-01-16 17:20:00,2.7455,2.754,2.745,2.754,2.7505,2.759,2.75,2.759,63
2026-01-16 17:21:00,2.755,2.756,2.749,2.75,2.76,2.761,2.754,2.755,41
2026-01-16 17:22:00,2.7495,2.7505,2.747,2.749,2.7545,2.7555,2.752,2.754,18
2026-01-16 17:23:00,2.7485,2.75,2.747,2.748,2.7535,2.755,2.752,2.753,21
2026-01-16 17:24:00,2.747,2.7535,2.746,2.753,2.752,2.7585,2.751,2.758,32
2026-01-16 17:25:00,2.7525,2.755,2.7505,2.753,2.7575,2.76,2.7555,2.758,27
2026-01-16 17:26:00,2.7525,2.754,2.745,2.749,2.7575,2.759,2.75,2.754,37
2026-01-16 17:27:00,2.7495,2.7525,2.7495,2.752,2.7545,2.7575,2.7545,2.757,26
2026-01-16 17:28:00,2.753,2.7585,2.752,2.7575,2.758,2.7635,2.757,2.7625,32
2026-01-16 17:29:00,2.7565,2.759,2.756,2.757,2.7615,2.764,2.761,2.762,41
2026-01-16 17:30:00,2.7575,2.758,2.753,2.7535,2.7625,2.763,2.758,2.7585,45
2026-01-16 17:31:00,2.754,2.758,2.752,2.7575,2.759,2.763,2.757,2.7625,57
2026-01-16 17:32:00,2.758,2.758,2.746,2.747,2.763,2.763,2.751,2.752,48
2026-01-16 17:33:00,2.746,2.746,2.742,2.7435,2.751,2.751,2.747,2.7485,56
2026-01-16 17:34:00,2.744,2.745,2.741,2.7425,2.749,2.75,2.746,2.7475,27
2026-01-16 17:35:00,2.742,2.754,2.741,2.7515,2.747,2.759,2.746,2.7565,61
2026-01-16 17:36:00,2.753,2.76,2.753,2.7545,2.758,2.765,2.758,2.7595,33
2026-01-16 17:37:00,2.754,2.764,2.752,2.7615,2.759,2.769,2.757,2.7665,36
2026-01-16 17:38:00,2.761,2.762,2.757,2.757,2.766,2.767,2.762,2.762,21
2026-01-16 17:39:00,2.7585,2.76,2.754,2.76,2.7635,2.765,2.759,2.765,23
2026-01-16 17:40:00,2.7605,2.7605,2.757,2.759,2.7655,2.7655,2.762,2.764,40
2026-01-16 17:41:00,2.7585,2.761,2.755,2.76,2.7635,2.766,2.76,2.765,32
2026-01-16 17:42:00,2.759,2.7605,2.758,2.7605,2.764,2.7655,2.763,2.7655,11
2026-01-16 17:43:00,2.76,2.762,2.759,2.76,2.765,2.767,2.764,2.765,18
2026-01-16 17:44:00,2.7595,2.7645,2.759,2.764,2.7645,2.7695,2.764,2.769,32
2026-01-16 17:45:00,2.765,2.767,2.761,2.764,2.77,2.772,2.766,2.769,24
2026-01-16 17:46:00,2.7635,2.765,2.762,2.764,2.7685,2.77,2.767,2.769,13
2026-01-16 17:47:00,2.7635,2.7655,2.762,2.7655,2.7685,2.7705,2.767,2.7705,21
2026-01-16 17:48:00,2.765,2.7655,2.762,2.764,2.77,2.7705,2.767,2.769,20
2026-01-16 17:49:00,2.7645,2.767,2.763,2.7655,2.7695,2.772,2.768,2.7705,21
2026-01-16 17:50:00,2.766,2.7685,2.7635,2.764,2.771,2.7735,2.7685,2.769,33
2026-01-16 17:51:00,2.7645,2.766,2.759,2.7615,2.7695,2.771,2.764,2.7665,28
2026-01-16 17:52:00,2.761,2.761,2.755,2.7575,2.766,2.766,2.76,2.7625,53
2026-01-16 17:53:00,2.756,2.761,2.756,2.76,2.761,2.766,2.761,2.765,18
2026-01-16 17:54:00,2.7595,2.763,2.753,2.763,2.7645,2.768,2.758,2.768,27
2026-01-16 17:55:00,2.7635,2.766,2.7625,2.7625,2.7685,2.771,2.7675,2.7675,25
2026-01-16 17:56:00,2.7615,2.763,2.756,2.763,2.7665,2.768,2.761,2.768,32
2026-01-16 17:57:00,2.764,2.765,2.762,2.7635,2.769,2.77,2.767,2.7685,15
2026-01-16 17:58:00,2.764,2.766,2.759,2.759,2.769,2.771,2.764,2.764,22
2026-01-16 17:59:00,2.758,2.762,2.758,2.762,2.763,2.767,2.763,2.767,18
2026-01-16 18:00:00,2.761,2.761,2.754,2.7545,2.766,2.766,2.759,2.7595,22
2026-01-16 18:01:00,2.755,2.7585,2.7545,2.757,2.76,2.7635,2.7595,2.762,19
2026-01-16 18:02:00,2.758,2.759,2.757,2.757,2.763,2.764,2.762,2.762,8
2026-01-16 18:03:00,2.758,2.759,2.7545,2.757,2.763,2.764,2.7595,2.762,20
2026-01-16 18:04:00,2.7565,2.761,2.755,2.7595,2.7615,2.766,2.76,2.7645,25
2026-01-16 18:05:00,2.759,2.761,2.758,2.7585,2.764,2.766,2.763,2.7635,21
2026-01-16 18:06:00,2.759,2.759,2.749,2.75,2.764,2.764,2.754,2.755,24
2026-01-16 18:07:00,2.7505,2.7535,2.75,2.75,2.7555,2.7585,2.755,2.755,35
2026-01-16 18:08:00,2.7495,2.75,2.746,2.747,2.7545,2.755,2.751,2.752,29
2026-01-16 18:09:00,2.7465,2.747,2.7385,2.74,2.7515,2.752,2.7435,2.745,59
2026-01-16 18:10:00,2.7405,2.746,2.7405,2.746,2.7455,2.751,2.7455,2.751,36
2026-01-16 18:11:00,2.747,2.747,2.742,2.744,2.752,2.752,2.747,2.749,27
2026-01-16 18:12:00,2.7445,2.745,2.732,2.733,2.7495,2.75,2.737,2.738,44
2026-01-16 18:13:00,2.7335,2.7355,2.732,2.735,2.7385,2.7405,2.737,2.74,22
2026-01-16 18:14:00,2.7355,2.7355,2.7325,2.735,2.7405,2.7405,2.7375,2.74,13
2026-01-16 18:15:00,2.7335,2.735,2.733,2.734,2.7385,2.74,2.738,2.739,14
2026-01-16 18:16:00,2.7335,2.74,2.733,2.736,2.7385,2.745,2.738,2.741,40
2026-01-16 18:17:00,2.7355,2.736,2.734,2.734,2.7405,2.741,2.739,2.739,26
2026-01-16 18:18:00,2.7345,2.735,2.728,2.729,2.7395,2.74,2.733,2.734,15
2026-01-16 18:19:00,2.7295,2.73,2.721,2.724,2.7345,2.735,2.726,2.729,51
2026-01-16 18:20:00,2.7245,2.725,2.714,2.7165,2.7295,2.73,2.719,2.7215,57
2026-01-16 18:21:00,2.716,2.719,2.714,2.715,2.721,2.724,2.719,2.72,35
2026-01-16 18:22:00,2.716,2.723,2.712,2.721,2.721,2.728,2.717,2.726,58
2026-01-16 18:23:00,2.72,2.723,2.716,2.719,2.725,2.728,2.721,2.724,46
2026-01-16 18:24:00,2.7185,2.723,2.717,2.723,2.7235,2.728,2.722,2.728,19
2026-01-16 18:25:00,2.7235,2.728,2.723,2.727,2.7285,2.733,2.728,2.732,49
2026-01-16 18:26:00,2.7275,2.728,2.723,2.723,2.7325,2.733,2.728,2.728,20
2026-01-16 18:27:00,2.7235,2.726,2.722,2.723,2.7285,2.731,2.727,2.728,33
2026-01-16 18:28:00,2.7225,2.726,2.722,2.7255,2.7275,2.731,2.727,2.7305,25
2026-01-16 18:29:00,2.7245,2.733,2.723,2.7315,2.7295,2.738,2.728,2.7365,51
2026-01-16 18:30:00,2.7305,2.731,2.728,2.7285,2.7355,2.736,2.733,2.7335,28
2026-01-16 18:31:00,2.728,2.735,2.7275,2.732,2.733,2.74,2.7325,2.737,41
2026-01-16 18:32:00,2.7315,2.734,2.73,2.7305,2.7365,2.739,2.735,2.7355,21
2026-01-16 18:33:00,2.73,2.732,2.73,2.731,2.735,2.737,2.735,2.736,12
2026-01-16 18:34:00,2.7315,2.734,2.73,2.7335,2.7365,2.739,2.735,2.7385,15
2026-01-16 18:35:00,2.734,2.742,2.734,2.741,2.739,2.747,2.739,2.746,41
2026-01-16 18:36:00,2.7405,2.741,2.738,2.738,2.7455,2.746,2.743,2.743,18
2026-01-16 18:37:00,2.7385,2.7445,2.737,2.7405,2.7435,2.7495,2.742,2.7455,40
2026-01-16 18:38:00,2.741,2.747,2.74,2.743,2.746,2.752,2.745,2.748,38
2026-01-16 18:39:00,2.742,2.747,2.739,2.747,2.747,2.752,2.744,2.752,41
2026-01-16 18:40:00,2.746,2.751,2.7445,2.7485,2.751,2.756,2.7495,2.7535,41
2026-01-16 18:41:00,2.748,2.756,2.747,2.754,2.753,2.761,2.752,2.759,46
2026-01-16 18:42:00,2.7535,2.754,2.748,2.748,2.7585,2.759,2.753,2.753,32
2026-01-16 18:43:00,2.7475,2.751,2.746,2.746,2.7525,2.756,2.751,2.751,32
2026-01-16 18:44:00,2.747,2.751,2.744,2.746,2.752,2.756,2.749,2.751,37
2026-01-16 18:45:00,2.7455,2.747,2.745,2.745,2.7505,2.752,2.75,2.75,17
2026-01-16 18:46:00,2.746,2.746,2.7365,2.7375,2.751,2.751,2.7415,2.7425,44
2026-01-16 18:47:00,2.738,2.742,2.733,2.734,2.743,2.747,2.738,2.739,38
2026-01-16 18:48:00,2.7335,2.735,2.731,2.732,2.7385,2.74,2.736,2.737,23
2026-01-16 18:49:00,2.7315,2.735,2.7285,2.7345,2.7365,2.74,2.7335,2.7395,36
2026-01-16 18:50:00,2.734,2.74,2.734,2.74,2.739,2.745,2.739,2.745,36
2026-01-16 18:51:00,2.742,2.743,2.734,2.735,2.747,2.748,2.739,2.74,50
2026-01-16 18:52:00,2.736,2.74,2.735,2.736,2.741,2.745,2.74,2.741,31
2026-01-16 18:53:00,2.735,2.737,2.735,2.735,2.74,2.742,2.74,2.74,8
2026-01-16 18:54:00,2.7355,2.7365,2.734,2.734,2.7405,2.7415,2.739,2.739,19
2026-01-16 18:55:00,2.7345,2.737,2.7335,2.735,2.7395,2.742,2.7385,2.74,27
2026-01-16 18:56:00,2.7355,2.744,2.7355,2.741,2.7405,2.749,2.7405,2.746,54
2026-01-16 18:57:00,2.7405,2.745,2.739,2.745,2.7455,2.75,2.744,2.75,27
2026-01-16 18:58:00,2.7445,2.746,2.742,2.7445,2.7495,2.751,2.747,2.7495,26
2026-01-16 18:59:00,2.744,2.751,2.742,2.75,2.749,2.756,2.747,2.755,36
2026-01-16 19:00:00,2.7505,2.754,2.748,2.752,2.7555,2.759,2.753,2.757,42
2026-01-16 19:01:00,2.7525,2.759,2.751,2.7565,2.7575,2.764,2.756,2.7615,31
2026-01-16 19:02:00,2.757,2.762,2.7545,2.7595,2.762,2.767,2.7595,2.7645,32
2026-01-16 19:03:00,2.759,2.763,2.758,2.7605,2.764,2.768,2.763,2.7655,35
2026-01-16 19:04:00,2.761,2.772,2.76,2.7675,2.766,2.777,2.765,2.7725,64
2026-01-16 19:05:00,2.768,2.773,2.759,2.7595,2.773,2.778,2.764,2.7645,65
2026-01-16 19:06:00,2.759,2.762,2.754,2.754,2.764,2.767,2.759,2.759,39
2026-01-16 19:07:00,2.7545,2.786,2.7545,2.7775,2.7595,2.791,2.7595,2.7825,177
2026-01-16 19:08:00,2.778,2.784,2.772,2.776,2.783,2.789,2.777,2.781,77
2026-01-16 19:09:00,2.7765,2.783,2.77,2.782,2.7815,2.788,2.775,2.787,54
2026-01-16 19:10:00,2.7815,2.788,2.773,2.773,2.7865,2.793,2.778,2.778,56
2026-01-16 19:11:00,2.774,2.777,2.767,2.7705,2.779,2.782,2.772,2.7755,74
2026-01-16 19:12:00,2.77,2.781,2.77,2.78,2.775,2.786,2.775,2.785,65
2026-01-16 19:13:00,2.7795,2.7875,2.775,2.7835,2.7845,2.7925,2.78,2.7885,69
2026-01-16 19:14:00,2.784,2.786,2.781,2.782,2.789,2.791,2.786,2.787,41
2026-01-16 19:15:00,2.781,2.792,2.778,2.791,2.786,2.797,2.783,2.796,83
2026-01-16 19:16:00,2.7905,2.801,2.7905,2.795,2.7955,2.806,2.7955,2.8,97
2026-01-16 19:17:00,2.7955,2.797,2.79,2.791,2.8005,2.802,2.795,2.796,45
2026-01-16 19:18:00,2.7915,2.795,2.7865,2.795,2.7965,2.8,2.7915,2.8,47
2026-01-16 19:19:00,2.796,2.7995,2.791,2.791,2.801,2.8045,2.796,2.796,33
2026-01-16 19:20:00,2.7905,2.794,2.788,2.7895,2.7955,2.799,2.793,2.7945,42
2026-01-16 19:21:00,2.789,2.7895,2.783,2.784,2.794,2.7945,2.788,2.789,69
2026-01-16 19:22:00,2.7835,2.785,2.7765,2.779,2.7885,2.79,2.7815,2.784,39
2026-01-16 19:23:00,2.7795,2.78,2.7765,2.7775,2.7845,2.785,2.7815,2.7825,25
2026-01-16 19:24:00,2.778,2.783,2.7765,2.778,2.783,2.788,2.7815,2.783,46
2026-01-16 19:25:00,2.777,2.789,2.777,2.782,2.782,2.794,2.782,2.787,45
2026-01-16 19:26:00,2.783,2.786,2.778,2.778,2.788,2.791,2.783,2.783,33
2026-01-16 19:27:00,2.779,2.782,2.7745,2.7745,2.784,2.787,2.7795,2.7795,47
2026-01-16 19:28:00,2.7755,2.78,2.7755,2.778,2.7805,2.785,2.7805,2.783,20
2026-01-16 19:29:00,2.7785,2.784,2.774,2.783,2.7835,2.789,2.779,2.788,68
2026-01-16 19:30:00,2.7835,2.801,2.7835,2.7975,2.7885,2.806,2.7885,2.8025,70
2026-01-16 19:31:00,2.798,2.8,2.788,2.789,2.803,2.805,2.793,2.794,35
2026-01-16 19:32:00,2.788,2.8,2.788,2.798,2.793,2.805,2.793,2.803,37
2026-01-16 19:33:00,2.7985,2.803,2.7985,2.8,2.8035,2.808,2.8035,2.805,54
2026-01-16 19:34:00,2.799,2.801,2.795,2.798,2.804,2.806,2.8,2.803,30
2026-01-16 19:35:00,2.797,2.7975,2.7945,2.7955,2.802,2.8025,2.7995,2.8005,21
2026-01-16 19:36:00,2.795,2.795,2.789,2.789,2.8,2.8,2.794,2.794,25
2026-01-16 19:37:00,2.788,2.789,2.784,2.7885,2.793,2.794,2.789,2.7935,35
2026-01-16 19:38:00,2.788,2.789,2.784,2.7855,2.793,2.794,2.789,2.7905,20
2026-01-16 19:39:00,2.785,2.786,2.783,2.784,2.79,2.791,2.788,2.789,16
2026-01-16 19:40:00,2.7835,2.787,2.7825,2.786,2.7885,2.792,2.7875,2.791,31
2026-01-16 19:41:00,2.7855,2.7905,2.7825,2.7895,2.7905,2.7955,2.7875,2.7945,55
2026-01-16 19:42:00,2.7885,2.7905,2.785,2.785,2.7935,2.7955,2.79,2.79,50
2026-01-16 19:43:00,2.786,2.792,2.786,2.7905,2.791,2.797,2.791,2.7955,24
2026-01-16 19:44:00,2.79,2.794,2.785,2.793,2.795,2.799,2.79,2.798,55
2026-01-16 19:45:00,2.7935,2.7955,2.792,2.7955,2.7985,2.8005,2.797,2.8005,34
2026-01-16 19:46:00,2.796,2.803,2.793,2.799,2.801,2.808,2.798,2.804,62
2026-01-16 19:47:00,2.8005,2.803,2.799,2.8015,2.8055,2.808,2.804,2.8065,37
2026-01-16 19:48:00,2.803,2.803,2.799,2.8,2.808,2.808,2.804,2.805,19
2026-01-16 19:49:00,2.8005,2.8065,2.8,2.806,2.8055,2.8115,2.805,2.811,49
2026-01-16 19:50:00,2.8055,2.8075,2.805,2.807,2.8105,2.8125,2.81,2.812,14
2026-01-16 19:51:00,2.806,2.811,2.805,2.809,2.811,2.816,2.81,2.814,29
2026-01-16 19:52:00,2.8085,2.813,2.808,2.813,2.8135,2.818,2.813,2.818,33
2026-01-16 19:53:00,2.812,2.814,2.811,2.8115,2.817,2.819,2.816,2.8165,25
2026-01-16 19:54:00,2.811,2.8145,2.808,2.8095,2.816,2.8195,2.813,2.8145,41
2026-01-16 19:55:00,2.81,2.814,2.808,2.8115,2.815,2.819,2.813,2.8165,43
2026-01-16 19:56:00,2.811,2.8145,2.809,2.81,2.816,2.8195,2.814,2.815,54
2026-01-16 19:57:00,2.8095,2.811,2.808,2.809,2.8145,2.816,2.813,2.814,33
2026-01-16 19:58:00,2.8085,2.8095,2.808,2.809,2.8135,2.8145,2.813,2.814,10
2026-01-16 19:59:00,2.8095,2.812,2.8025,2.811,2.8145,2.817,2.8075,2.816,56
2026-01-16 20:00:00,2.8115,2.813,2.806,2.806,2.8165,2.818,2.811,2.811,38
2026-01-16 20:01:00,2.8055,2.8055,2.792,2.795,2.8105,2.8105,2.797,2.8,82
2026-01-16 20:02:00,2.7955,2.801,2.787,2.788,2.8005,2.806,2.792,2.793,46
2026-01-16 20:03:00,2.7885,2.7935,2.788,2.791,2.7935,2.7985,2.793,2.796,65
2026-01-16 20:04:00,2.7915,2.792,2.79,2.791,2.7965,2.797,2.795,2.796,40
2026-01-16 20:05:00,2.792,2.792,2.788,2.789,2.797,2.797,2.793,2.794,21
2026-01-16 20:06:00,2.7885,2.792,2.788,2.789,2.7935,2.797,2.793,2.794,18
2026-01-16 20:07:00,2.79,2.7935,2.79,2.793,2.795,2.7985,2.795,2.798,9
2026-01-16 20:08:00,2.794,2.7985,2.793,2.794,2.799,2.8035,2.798,2.799,31
2026-01-16 20:09:00,2.7935,2.8,2.7925,2.799,2.7985,2.805,2.7975,2.804,25
2026-01-16 20:10:00,2.798,2.799,2.795,2.797,2.803,2.804,2.8,2.802,34
2026-01-16 20:11:00,2.798,2.798,2.795,2.7955,2.803,2.803,2.8,2.8005,15
2026-01-16 20:12:00,2.795,2.796,2.795,2.7955,2.8,2.801,2.8,2.8005,15
2026-01-16 20:13:00,2.796,2.797,2.7945,2.7945,2.801,2.802,2.7995,2.7995,27
2026-01-16 20:14:00,2.794,2.801,2.794,2.8,2.799,2.806,2.799,2.805,46
2026-01-16 20:15:00,2.8005,2.802,2.797,2.797,2.8055,2.807,2.802,2.802,23
2026-01-16 20:16:00,2.7965,2.797,2.79,2.791,2.8015,2.802,2.795,2.796,35
2026-01-16 20:17:00,2.792,2.7975,2.791,2.7965,2.797,2.8025,2.796,2.8015,32
2026-01-16 20:18:00,2.796,2.799,2.7955,2.7985,2.801,2.804,2.8005,2.8035,28
2026-01-16 20:19:00,2.798,2.798,2.795,2.797,2.803,2.803,2.8,2.802,19
2026-01-16 20:20:00,2.7975,2.802,2.797,2.8015,2.8025,2.807,2.802,2.8065,25
2026-01-16 20:21:00,2.8025,2.803,2.795,2.803,2.8075,2.808,2.8,2.808,73
2026-01-16 20:22:00,2.804,2.806,2.801,2.801,2.809,2.811,2.806,2.806,35
2026-01-16 20:23:00,2.799,2.801,2.798,2.798,2.804,2.806,2.803,2.803,41
2026-01-16 20:24:00,2.7985,2.8,2.797,2.8,2.8035,2.805,2.802,2.805,25
2026-01-16 20:25:00,2.8005,2.8025,2.795,2.796,2.8055,2.8075,2.8,2.801,54
2026-01-16 20:26:00,2.7965,2.802,2.7965,2.799,2.8015,2.807,2.8015,2.804,47
2026-01-16 20:27:00,2.7995,2.802,2.793,2.7945,2.8045,2.807,2.798,2.7995,67
2026-01-16 20:28:00,2.793,2.798,2.791,2.796,2.798,2.803,2.796,2.801,162
2026-01-16 20:29:00,2.795,2.797,2.794,2.796,2.8,2.802,2.799,2.801,90
2026-01-16 20:30:00,2.797,2.8,2.795,2.7985,2.802,2.805,2.8,2.8035,57
2026-01-16 20:31:00,2.7995,2.8,2.7955,2.797,2.8045,2.805,2.8005,2.802,30
2026-01-16 20:32:00,2.7965,2.797,2.794,2.794,2.8015,2.802,2.799,2.799,16
2026-01-16 20:33:00,2.7935,2.797,2.793,2.797,2.7985,2.802,2.798,2.802,16
2026-01-16 20:34:00,2.798,2.803,2.798,2.802,2.803,2.808,2.803,2.807,18
2026-01-16 20:35:00,2.803,2.8045,2.802,2.804,2.808,2.8095,2.807,2.809,16
2026-01-16 20:36:00,2.805,2.8145,2.805,2.813,2.81,2.8195,2.81,2.818,22
2026-01-16 20:37:00,2.8135,2.816,2.811,2.811,2.8185,2.821,2.816,2.816,19
2026-01-16 20:38:00,2.8115,2.814,2.81,2.813,2.8165,2.819,2.815,2.818,11
2026-01-16 20:39:00,2.814,2.816,2.812,2.812,2.819,2.821,2.817,2.817,17
2026-01-16 20:40:00,2.8115,2.813,2.8105,2.8115,2.8165,2.818,2.8155,2.8165,22
2026-01-16 20:41:00,2.811,2.812,2.811,2.812,2.816,2.817,2.816,2.817,6
2026-01-16 20:42:00,2.811,2.811,2.81,2.811,2.816,2.816,2.815,2.816,10
2026-01-16 20:43:00,2.8115,2.816,2.811,2.815,2.8165,2.821,2.816,2.82,19
2026-01-16 20:44:00,2.816,2.816,2.814,2.816,2.821,2.821,2.819,2.821,14
2026-01-16 20:45:00,2.8155,2.819,2.815,2.8185,2.8205,2.824,2.82,2.8235,9
2026-01-16 20:46:00,2.819,2.824,2.818,2.824,2.824,2.829,2.823,2.829,13
2026-01-16 20:47:00,2.8235,2.826,2.821,2.821,2.8285,2.831,2.826,2.826,17
2026-01-16 20:48:00,2.8205,2.823,2.8205,2.823,2.8255,2.828,2.8255,2.828,10
2026-01-16 20:49:00,2.824,2.824,2.823,2.823,2.829,2.829,2.828,2.828,3
2026-01-16 20:50:00,2.8235,2.824,2.822,2.822,2.8285,2.829,2.827,2.827,16
2026-01-16 20:51:00,2.8215,2.823,2.82,2.821,2.8265,2.828,2.825,2.826,20
2026-01-16 20:52:00,2.82,2.82,2.819,2.82,2.825,2.825,2.824,2.825,6
2026-01-16 20:53:00,2.8195,2.821,2.819,2.82,2.8245,2.826,2.824,2.825,12
2026-01-16 20:54:00,2.819,2.8215,2.819,2.8215,2.824,2.8265,2.824,2.8265,9
2026-01-16 20:55:00,2.822,2.823,2.822,2.823,2.827,2.828,2.827,2.828,5
2026-01-16 20:56:00,2.822,2.826,2.822,2.826,2.827,2.831,2.827,2.831,10
2026-01-16 20:57:00,2.8265,2.829,2.826,2.826,2.8315,2.834,2.831,2.831,20
2026-01-16 20:58:00,2.8265,2.8265,2.825,2.8255,2.8315,2.8315,2.83,2.8305,9
2026-01-16 20:59:00,2.8245,2.828,2.8245,2.825,2.8295,2.833,2.8295,2.83,15
2026-01-16 21:00:00,2.8245,2.8255,2.8245,2.825,2.8295,2.8305,2.8295,2.83,6
2026-01-16 21:01:00,2.8255,2.8265,2.8255,2.826,2.8305,2.8315,2.8305,2.831,6
2026-01-16 21:02:00,2.8255,2.826,2.8245,2.825,2.8305,2.831,2.8295,2.83,5
2026-01-16 21:03:00,2.8255,2.827,2.824,2.824,2.8305,2.832,2.829,2.829,9
2026-01-16 21:04:00,2.8245,2.827,2.824,2.826,2.8295,2.832,2.829,2.831,7
2026-01-16 21:05:00,2.8255,2.8255,2.824,2.824,2.8305,2.8305,2.829,2.829,6
2026-01-16 21:06:00,2.8235,2.828,2.822,2.827,2.8285,2.833,2.827,2.832,20
2026-01-16 21:07:00,2.8265,2.829,2.8265,2.829,2.8315,2.834,2.8315,2.834,13
2026-01-16 21:08:00,2.8285,2.83,2.8245,2.8245,2.8335,2.835,2.8295,2.8295,21
2026-01-16 21:09:00,2.824,2.825,2.823,2.823,2.829,2.83,2.828,2.828,9
2026-01-16 21:10:00,2.822,2.822,2.821,2.821,2.827,2.827,2.826,2.826,6
2026-01-16 21:11:00,2.822,2.822,2.818,2.818,2.827,2.827,2.823,2.823,11
2026-01-16 21:12:00,2.819,2.819,2.818,2.818,2.824,2.824,2.823,2.823,2
2026-01-16 21:13:00,2.817,2.82,2.817,2.82,2.822,2.825,2.822,2.825,11
2026-01-16 21:14:00,2.8205,2.821,2.82,2.821,2.8255,2.826,2.825,2.826,8
2026-01-16 21:15:00,2.822,2.823,2.821,2.8225,2.827,2.828,2.826,2.8275,6
2026-01-16 21:16:00,2.822,2.8225,2.821,2.822,2.827,2.8275,2.826,2.827,6
2026-01-16 21:17:00,2.8225,2.8225,2.8195,2.82,2.8275,2.8275,2.8245,2.825,7
2026-01-16 21:18:00,2.821,2.8215,2.82,2.8215,2.826,2.8265,2.825,2.8265,9
2026-01-16 21:19:00,2.821,2.823,2.82,2.82,2.826,2.828,2.825,2.825,10
2026-01-16 21:20:00,2.8195,2.8195,2.8185,2.8195,2.8245,2.8245,2.8235,2.8245,5
2026-01-16 21:21:00,2.82,2.82,2.8175,2.818,2.825,2.825,2.8225,2.823,5
2026-01-16 21:22:00,2.8185,2.8185,2.818,2.8185,2.8235,2.8235,2.823,2.8235,3
2026-01-16 21:23:00,2.819,2.82,2.818,2.8185,2.824,2.825,2.823,2.8235,8
2026-01-16 21:24:00,2.818,2.818,2.817,2.8175,2.823,2.823,2.822,2.8225,4
2026-01-16 21:25:00,2.818,2.819,2.818,2.818,2.823,2.824,2.823,2.823,5
2026-01-16 21:27:00,2.817,2.822,2.816,2.822,2.822,2.827,2.821,2.827,15
2026-01-16 21:28:00,2.8225,2.824,2.821,2.821,2.8275,2.829,2.826,2.826,6
2026-01-16 21:29:00,2.82,2.8225,2.82,2.8215,2.825,2.8275,2.825,2.8265,6
2026-01-16 21:30:00,2.822,2.822,2.818,2.818,2.827,2.827,2.823,2.823,13
2026-01-16 21:31:00,2.817,2.818,2.8165,2.8165,2.822,2.823,2.8215,2.8215,7
2026-01-16 21:32:00,2.817,2.817,2.814,2.814,2.822,2.822,2.819,2.819,8
2026-01-16 21:33:00,2.8135,2.815,2.813,2.814,2.8185,2.82,2.818,2.819,11
2026-01-16 21:35:00,2.815,2.816,2.815,2.815,2.82,2.821,2.82,2.82,6
2026-01-16 21:36:00,2.814,2.814,2.81,2.81,2.819,2.819,2.815,2.815,11
2026-01-16 21:37:00,2.811,2.812,2.8105,2.8105,2.816,2.817,2.8155,2.8155,11
2026-01-16 21:38:00,2.811,2.812,2.81,2.811,2.816,2.817,2.815,2.816,7
2026-01-16 21:39:00,2.8115,2.813,2.81,2.8105,2.8165,2.818,2.815,2.8155,12
2026-01-16 21:40:00,2.811,2.811,2.808,2.8105,2.816,2.816,2.813,2.8155,13
2026-01-16 21:41:00,2.811,2.812,2.809,2.812,2.816,2.817,2.814,2.817,17
2026-01-16 21:42:00,2.811,2.812,2.811,2.812,2.816,2.817,2.816,2.817,9
2026-01-16 21:43:00,2.8115,2.812,2.8115,2.812,2.8165,2.817,2.8165,2.817,2
2026-01-16 21:44:00,2.813,2.8175,2.813,2.816,2.818,2.8225,2.818,2.821,13
2026-01-16 21:45:00,2.8155,2.8155,2.814,2.814,2.8205,2.8205,2.819,2.819,10
2026-01-16 21:46:00,2.8135,2.814,2.813,2.813,2.8185,2.819,2.818,2.818,5
2026-01-16 21:47:00,2.814,2.816,2.8125,2.813,2.819,2.821,2.8175,2.818,15
2026-01-16 21:48:00,2.8125,2.813,2.812,2.812,2.8175,2.818,2.817,2.817,7
2026-01-16 21:49:00,2.8115,2.8125,2.8105,2.812,2.8165,2.8175,2.8155,2.817,14
2026-01-16 21:50:00,2.8115,2.813,2.8115,2.813,2.8165,2.818,2.8165,2.818,4
2026-01-16 21:51:00,2.8125,2.817,2.812,2.817,2.8175,2.822,2.817,2.822,9
2026-01-16 21:52:00,2.8165,2.8195,2.8165,2.8195,2.8215,2.8245,2.8215,2.8245,8
2026-01-16 21:53:00,2.8185,2.819,2.814,2.814,2.8235,2.824,2.819,2.819,11
2026-01-16 21:54:00,2.8145,2.8145,2.814,2.814,2.8195,2.8195,2.819,2.819,2
2026-01-16 21:55:00,2.815,2.815,2.811,2.811,2.82,2.82,2.816,2.816,12
2026-01-16 21:57:00,2.8105,2.8105,2.807,2.8075,2.8155,2.8155,2.812,2.8125,21
2026-01-16 21:58:00,2.807,2.8075,2.805,2.806,2.812,2.8125,2.81,2.811,19
2026-01-16 21:59:00,2.8065,2.807,2.804,2.805,2.8115,2.812,2.809,2.81,10
2026-01-16 22:00:00,2.8055,2.8065,2.8055,2.806,2.8105,2.8115,2.8105,2.811,5
2026-01-16 22:01:00,2.8065,2.8075,2.8055,2.8075,2.8115,2.8125,2.8105,2.8125,5
2026-01-16 22:02:00,2.808,2.8085,2.807,2.8085,2.813,2.8135,2.812,2.8135,10
2026-01-16 22:03:00,2.809,2.809,2.809,2.809,2.814,2.814,2.814,2.814,1
2026-01-16 22:04:00,2.8095,2.811,2.809,2.8095,2.8145,2.816,2.814,2.8145,11
2026-01-16 22:05:00,2.809,2.8105,2.809,2.8105,2.814,2.8155,2.814,2.8155,4
2026-01-16 22:06:00,2.811,2.811,2.811,2.811,2.816,2.816,2.816,2.816,1
2026-01-16 22:07:00,2.8105,2.813,2.8105,2.8115,2.8155,2.818,2.8155,2.8165,12
2026-01-16 22:08:00,2.811,2.811,2.8095,2.81,2.816,2.816,2.8145,2.815,4
2026-01-16 22:09:00,2.8095,2.8095,2.806,2.806,2.8145,2.8145,2.811,2.811,7
2026-01-16 22:10:00,2.8055,2.8055,2.8035,2.804,2.8105,2.8105,2.8085,2.809,5
2026-01-16 22:11:00,2.803,2.807,2.803,2.807,2.808,2.812,2.808,2.812,11
2026-01-16 22:12:00,2.806,2.8065,2.805,2.805,2.811,2.8115,2.81,2.81,4
2026-01-16 22:13:00,2.8055,2.8055,2.8055,2.8055,2.8105,2.8105,2.8105,2.8105,1
2026-01-16 22:14:00,2.8065,2.807,2.8045,2.8045,2.8115,2.812,2.8095,2.8095,4
2026-01-16 22:15:00,2.804,2.804,2.8035,2.804,2.809,2.809,2.8085,2.809,3
2026-01-16 22:17:00,2.805,2.808,2.805,2.806,2.81,2.813,2.81,2.811,10
2026-01-16 22:18:00,2.805,2.808,2.805,2.806,2.81,2.813,2.81,2.811,12
2026-01-16 22:19:00,2.8065,2.8075,2.8055,2.8055,2.8115,2.8125,2.8105,2.8105,6
2026-01-16 22:20:00,2.805,2.807,2.805,2.8065,2.81,2.812,2.81,2.8115,7
2026-01-16 22:21:00,2.807,2.808,2.8055,2.8055,2.812,2.813,2.8105,2.8105,9
2026-01-16 22:22:00,2.805,2.805,2.8025,2.8025,2.81,2.81,2.8075,2.8075,6
2026-01-16 22:23:00,2.803,2.8045,2.803,2.8045,2.808,2.8095,2.808,2.8095,5
2026-01-16 22:24:00,2.805,2.805,2.8025,2.803,2.81,2.81,2.8075,2.808,8
2026-01-16 22:25:00,2.8025,2.8025,2.8025,2.8025,2.8075,2.8075,2.8075,2.8075,1
2026-01-16 22:26:00,2.802,2.802,2.8005,2.8015,2.807,2.807,2.8055,2.8065,7
2026-01-16 22:28:00,2.802,2.802,2.798,2.8,2.807,2.807,2.803,2.805,8
2026-01-16 22:29:00,2.7985,2.8,2.7985,2.8,2.8035,2.805,2.8035,2.805,3
2026-01-16 22:30:00,2.799,2.7995,2.797,2.7975,2.804,2.8045,2.802,2.8025,11
2026-01-16 22:31:00,2.797,2.7975,2.7945,2.7945,2.802,2.8025,2.7995,2.7995,9
2026-01-16 22:32:00,2.795,2.796,2.795,2.795,2.8,2.801,2.8,2.8,4
2026-01-16 22:33:00,2.7945,2.7945,2.7945,2.7945,2.7995,2.7995,2.7995,2.7995,1
2026-01-16 22:34:00,2.796,2.797,2.794,2.795,2.801,2.802,2.799,2.8,7
2026-01-16 22:35:00,2.7955,2.797,2.795,2.7965,2.8005,2.802,2.8,2.8015,12
2026-01-16 22:36:00,2.796,2.7965,2.796,2.7965,2.801,2.8015,2.801,2.8015,12
2026-01-16 22:37:00,2.796,2.796,2.793,2.794,2.801,2.801,2.798,2.799,10
2026-01-16 22:39:00,2.7945,2.7945,2.7945,2.7945,2.7995,2.7995,2.7995,2.7995,1
2026-01-16 22:40:00,2.793,2.795,2.793,2.7945,2.798,2.8,2.798,2.7995,5
2026-01-16 22:41:00,2.794,2.7955,2.794,2.795,2.799,2.8005,2.799,2.8,6
2026-01-16 22:42:00,2.7955,2.796,2.793,2.793,2.8005,2.801,2.798,2.798,12
2026-01-16 22:43:00,2.7935,2.7935,2.793,2.793,2.7985,2.7985,2.798,2.798,2
2026-01-16 22:44:00,2.7935,2.794,2.793,2.793,2.7985,2.799,2.798,2.798,4
2026-01-16 22:45:00,2.7925,2.794,2.792,2.794,2.7975,2.799,2.797,2.799,10
2026-01-16 22:46:00,2.795,2.796,2.795,2.796,2.8,2.801,2.8,2.801,3
2026-01-16 22:47:00,2.7945,2.7945,2.7935,2.7945,2.7995,2.7995,2.7985,2.7995,4
2026-01-16 22:48:00,2.794,2.794,2.791,2.792,2.799,2.799,2.796,2.797,9
2026-01-16 22:49:00,2.7925,2.7935,2.7925,2.7935,2.7975,2.7985,2.7975,2.7985,5
2026-01-16 22:50:00,2.793,2.793,2.79,2.791,2.798,2.798,2.795,2.796,6
2026-01-16 22:51:00,2.792,2.792,2.7905,2.791,2.797,2.797,2.7955,2.796,7
2026-01-16 22:52:00,2.7915,2.794,2.7915,2.794,2.7965,2.799,2.7965,2.799,11
2026-01-16 22:53:00,2.793,2.794,2.793,2.794,2.798,2.799,2.798,2.799,15
2026-01-16 22:54:00,2.796,2.797,2.796,2.797,2.801,2.802,2.801,2.802,2
2026-01-16 22:55:00,2.798,2.798,2.797,2.797,2.803,2.803,2.802,2.802,2
2026-01-16 22:56:00,2.798,2.798,2.798,2.798,2.803,2.803,2.803,2.803,1
2026-01-16 22:57:00,2.799,2.799,2.798,2.798,2.804,2.804,2.803,2.803,2
2026-01-16 22:58:00,2.7985,2.802,2.798,2.802,2.8035,2.807,2.803,2.807,16
2026-01-16 22:59:00,2.8025,2.8235,2.7995,2.823,2.8075,2.8285,2.8045,2.828,19
2026-01-19 00:02:00,3.2185,3.2185,3.1965,3.201,3.2235,3.2235,3.2015,3.206,30
2026-01-19 00:03:00,3.2,3.2035,3.1695,3.1785,3.205,3.2085,3.1745,3.1835,172
2026-01-19 00:04:00,3.18,3.2135,3.18,3.1945,3.185,3.2185,3.185,3.1995,167
2026-01-19 00:05:00,3.1955,3.2015,3.194,3.2005,3.2005,3.2065,3.199,3.2055,86
2026-01-19 00:06:00,3.1995,3.2,3.1945,3.195,3.2045,3.205,3.1995,3.2,43
2026-01-19 00:07:00,3.1945,3.2025,3.1935,3.197,3.1995,3.2075,3.1985,3.202,83
2026-01-19 00:08:00,3.1975,3.2135,3.1945,3.2035,3.2025,3.2185,3.1995,3.2085,89
2026-01-19 00:09:00,3.203,3.2155,3.2005,3.2135,3.208,3.2205,3.2055,3.2185,60
2026-01-19 00:10:00,3.2145,3.219,3.2095,3.2125,3.2195,3.224,3.2145,3.2175,66
2026-01-19 00:11:00,3.2115,3.2125,3.2075,3.2075,3.2165,3.2175,3.2125,3.2125,28
2026-01-19 00:12:00,3.2065,3.211,3.2005,3.2025,3.2115,3.216,3.2055,3.2075,48
2026-01-19 00:13:00,3.202,3.205,3.1865,3.1885,3.207,3.21,3.1915,3.1935,56
2026-01-19 00:14:00,3.188,3.1995,3.1815,3.1995,3.193,3.2045,3.1865,3.2045,67
2026-01-19 00:15:00,3.1985,3.201,3.1885,3.1885,3.2035,3.206,3.1935,3.1935,47
2026-01-19 00:16:00,3.1875,3.191,3.1745,3.1745,3.1925,3.196,3.1795,3.1795,52
2026-01-19 00:17:00,3.174,3.174,3.1635,3.164,3.179,3.179,3.1685,3.169,63
2026-01-19 00:18:00,3.1645,3.1725,3.157,3.1635,3.1695,3.1775,3.162,3.1685,58
2026-01-19 00:19:00,3.1625,3.179,3.1615,3.179,3.1675,3.184,3.1665,3.184,64
2026-01-19 00:20:00,3.178,3.1805,3.169,3.171,3.183,3.1855,3.174,3.176,45
2026-01-19 00:21:00,3.1705,3.1705,3.1615,3.164,3.1755,3.1755,3.1665,3.169,30
2026-01-19 00:22:00,3.1635,3.164,3.16,3.1635,3.1685,3.169,3.165,3.1685,29
2026-01-19 00:23:00,3.164,3.1735,3.164,3.171,3.169,3.1785,3.169,3.176,25
2026-01-19 00:24:00,3.1715,3.1715,3.1645,3.166,3.1765,3.1765,3.1695,3.171,24
2026-01-19 00:25:00,3.168,3.1755,3.167,3.175,3.173,3.1805,3.172,3.18,25
2026-01-19 00:26:00,3.1745,3.1765,3.1725,3.1745,3.1795,3.1815,3.1775,3.1795,37
2026-01-19 00:27:00,3.1735,3.1765,3.1735,3.1765,3.1785,3.1815,3.1785,3.1815,17
2026-01-19 00:28:00,3.176,3.1855,3.175,3.1835,3.181,3.1905,3.18,3.1885,37
2026-01-19 00:29:00,3.1845,3.192,3.1835,3.19,3.1895,3.197,3.1885,3.195,47
2026-01-19 00:30:00,3.191,3.1935,3.1875,3.188,3.196,3.1985,3.1925,3.193,31
2026-01-19 00:31:00,3.186,3.191,3.179,3.1885,3.191,3.196,3.184,3.1935,55
2026-01-19 00:32:00,3.188,3.1965,3.1855,3.1955,3.193,3.2015,3.1905,3.2005,42
2026-01-19 00:33:00,3.195,3.195,3.19,3.191,3.2,3.2,3.195,3.196,23
2026-01-19 00:34:00,3.1895,3.1925,3.18,3.1815,3.1945,3.1975,3.185,3.1865,28
2026-01-19 00:35:00,3.181,3.1855,3.1795,3.1855,3.186,3.1905,3.1845,3.1905,16
2026-01-19 00:36:00,3.184,3.1865,3.182,3.1845,3.189,3.1915,3.187,3.1895,19
2026-01-19 00:37:00,3.185,3.185,3.1815,3.183,3.19,3.19,3.1865,3.188,17
2026-01-19 00:38:00,3.1825,3.1855,3.1815,3.1855,3.1875,3.1905,3.1865,3.1905,18
2026-01-19 00:39:00,3.1845,3.185,3.179,3.1825,3.1895,3.19,3.184,3.1875,26
2026-01-19 00:40:00,3.183,3.1855,3.1825,3.183,3.188,3.1905,3.1875,3.188,13
2026-01-19 00:41:00,3.1825,3.184,3.1815,3.1825,3.1875,3.189,3.1865,3.1875,14
2026-01-19 00:42:00,3.183,3.1875,3.183,3.185,3.188,3.1925,3.188,3.19,13
2026-01-19 00:43:00,3.1845,3.187,3.184,3.187,3.1895,3.192,3.189,3.192,9
2026-01-19 00:44:00,3.1865,3.1875,3.1855,3.1855,3.1915,3.1925,3.1905,3.1905,9
2026-01-19 00:45:00,3.186,3.1885,3.183,3.1885,3.191,3.1935,3.188,3.1935,28
2026-01-19 00:46:00,3.188,3.188,3.1815,3.184,3.193,3.193,3.1865,3.189,20
2026-01-19 00:47:00,3.1835,3.1895,3.181,3.1895,3.1885,3.1945,3.186,3.1945,39
2026-01-19 00:48:00,3.19,3.19,3.185,3.1865,3.195,3.195,3.19,3.1915,14
2026-01-19 00:49:00,3.1875,3.1885,3.184,3.185,3.1925,3.1935,3.189,3.19,20
2026-01-19 00:50:00,3.1845,3.1855,3.18,3.18,3.1895,3.1905,3.185,3.185,10
2026-01-19 00:51:00,3.181,3.182,3.175,3.175,3.186,3.187,3.18,3.18,17
2026-01-19 00:52:00,3.1755,3.1755,3.174,3.175,3.1805,3.1805,3.179,3.18,8
2026-01-19 00:53:00,3.1745,3.1755,3.167,3.1675,3.1795,3.1805,3.172,3.1725,41
2026-01-19 00:54:00,3.167,3.168,3.1645,3.1665,3.172,3.173,3.1695,3.1715,24
2026-01-19 00:55:00,3.167,3.1685,3.1655,3.1685,3.172,3.1735,3.1705,3.1735,21
2026-01-19 00:56:00,3.168,3.168,3.1625,3.163,3.173,3.173,3.1675,3.168,13
2026-01-19 00:57:00,3.1625,3.1655,3.1625,3.165,3.1675,3.1705,3.1675,3.17,10
2026-01-19 00:58:00,3.1645,3.1655,3.1635,3.1635,3.1695,3.1705,3.1685,3.1685,12
2026-01-19 00:59:00,3.163,3.163,3.1545,3.155,3.168,3.168,3.1595,3.16,24
2026-01-19 01:00:00,3.1565,3.1615,3.1535,3.1615,3.1615,3.1665,3.1585,3.1665,19
2026-01-19 01:01:00,3.1605,3.1605,3.155,3.1565,3.1655,3.1655,3.16,3.1615,26
2026-01-19 01:02:00,3.1575,3.1575,3.1505,3.151,3.1625,3.1625,3.1555,3.156,32
2026-01-19 01:03:00,3.1525,3.1535,3.146,3.148,3.1575,3.1585,3.151,3.153,31
2026-01-19 01:04:00,3.1475,3.1485,3.145,3.1455,3.1525,3.1535,3.15,3.1505,26
2026-01-19 01:05:00,3.1445,3.1465,3.141,3.145,3.1495,3.1515,3.146,3.15,31
2026-01-19 01:06:00,3.1455,3.1475,3.1425,3.145,3.1505,3.1525,3.1475,3.15,28
2026-01-19 01:07:00,3.1455,3.155,3.1455,3.155,3.1505,3.16,3.1505,3.16,33
2026-01-19 01:08:00,3.154,3.1555,3.153,3.154,3.159,3.1605,3.158,3.159,9
2026-01-19 01:09:00,3.153,3.153,3.151,3.153,3.158,3.158,3.156,3.158,6
2026-01-19 01:10:00,3.1525,3.153,3.1505,3.1505,3.1575,3.158,3.1555,3.1555,14
2026-01-19 01:11:00,3.15,3.15,3.1475,3.148,3.155,3.155,3.1525,3.153,15
2026-01-19 01:12:00,3.1485,3.1505,3.1445,3.1445,3.1535,3.1555,3.1495,3.1495,15
2026-01-19 01:13:00,3.142,3.144,3.1405,3.1425,3.147,3.149,3.1455,3.1475,16
2026-01-19 01:14:00,3.143,3.1435,3.1405,3.1425,3.148,3.1485,3.1455,3.1475,13
2026-01-19 01:15:00,3.142,3.148,3.142,3.146,3.147,3.153,3.147,3.151,13
2026-01-19 01:16:00,3.1475,3.148,3.1455,3.146,3.1525,3.153,3.1505,3.151,9
2026-01-19 01:17:00,3.147,3.148,3.146,3.1475,3.152,3.153,3.151,3.1525,11
2026-01-19 01:18:00,3.1465,3.153,3.1465,3.1515,3.1515,3.158,3.1515,3.1565,16
2026-01-19 01:19:00,3.151,3.153,3.151,3.152,3.156,3.158,3.156,3.157,9
2026-01-19 01:20:00,3.1525,3.157,3.1525,3.1545,3.1575,3.162,3.1575,3.1595,18
2026-01-19 01:21:00,3.154,3.158,3.153,3.155,3.159,3.163,3.158,3.16,17
2026-01-19 01:22:00,3.156,3.162,3.156,3.158,3.161,3.167,3.161,3.163,27
2026-01-19 01:23:00,3.1595,3.1605,3.157,3.1575,3.1645,3.1655,3.162,3.1625,15
2026-01-19 01:24:00,3.157,3.1575,3.1535,3.155,3.162,3.1625,3.1585,3.16,8
2026-01-19 01:25:00,3.1555,3.156,3.152,3.1535,3.1605,3.161,3.157,3.1585,16
2026-01-19 01:26:00,3.1525,3.154,3.1505,3.151,3.1575,3.159,3.1555,3.156,9
2026-01-19 01:27:00,3.1525,3.1545,3.151,3.1545,3.1575,3.1595,3.156,3.1595,12
2026-01-19 01:28:00,3.155,3.158,3.155,3.158,3.16,3.163,3.16,3.163,6
2026-01-19 01:29:00,3.157,3.158,3.1555,3.158,3.162,3.163,3.1605,3.163,6
2026-01-19 01:30:00,3.157,3.157,3.1495,3.1535,3.162,3.162,3.1545,3.1585,17
2026-01-19 01:31:00,3.154,3.1555,3.1515,3.153,3.159,3.1605,3.1565,3.158,10
2026-01-19 01:32:00,3.154,3.156,3.154,3.156,3.159,3.161,3.159,3.161,5
2026-01-19 01:33:00,3.1575,3.1615,3.1555,3.156,3.1625,3.1665,3.1605,3.161,28
2026-01-19 01:34:00,3.1555,3.1565,3.154,3.1545,3.1605,3.1615,3.159,3.1595,8
2026-01-19 01:35:00,3.155,3.155,3.154,3.1545,3.16,3.16,3.159,3.1595,5
2026-01-19 01:36:00,3.1525,3.155,3.152,3.155,3.1575,3.16,3.157,3.16,8
2026-01-19 01:37:00,3.154,3.155,3.152,3.155,3.159,3.16,3.157,3.16,11
2026-01-19 01:38:00,3.1545,3.1545,3.1525,3.1535,3.1595,3.1595,3.1575,3.1585,11
2026-01-19 01:39:00,3.154,3.1565,3.154,3.155,3.159,3.1615,3.159,3.16,14
2026-01-19 01:40:00,3.156,3.1575,3.1555,3.157,3.161,3.1625,3.1605,3.162,8
2026-01-19 01:41:00,3.1575,3.1585,3.1565,3.157,3.1625,3.1635,3.1615,3.162,6
2026-01-19 01:42:00,3.1585,3.159,3.158,3.159,3.1635,3.164,3.163,3.164,4
2026-01-19 01:43:00,3.1585,3.159,3.158,3.158,3.1635,3.164,3.163,3.163,7
2026-01-19 01:44:00,3.1575,3.1575,3.155,3.157,3.1625,3.1625,3.16,3.162,10
2026-01-19 01:46:00,3.155,3.1555,3.1515,3.153,3.16,3.1605,3.1565,3.158,10
2026-01-19 01:47:00,3.1535,3.1545,3.1535,3.154,3.1585,3.1595,3.1585,3.159,4
2026-01-19 01:48:00,3.1535,3.155,3.1535,3.155,3.1585,3.16,3.1585,3.16,3
2026-01-19 01:49:00,3.156,3.156,3.156,3.156,3.161,3.161,3.161,3.161,1
2026-01-19 01:50:00,3.1575,3.1575,3.156,3.156,3.1625,3.1625,3.161,3.161,4
2026-01-19 01:51:00,3.1565,3.1565,3.1555,3.1555,3.1615,3.1615,3.1605,3.1605,2
2026-01-19 01:52:00,3.156,3.1585,3.156,3.1585,3.161,3.1635,3.161,3.1635,5
2026-01-19 01:53:00,3.159,3.1595,3.1575,3.1575,3.164,3.1645,3.1625,3.1625,7
2026-01-19 01:54:00,3.158,3.159,3.158,3.159,3.163,3.164,3.163,3.164,3
2026-01-19 01:55:00,3.1585,3.1585,3.1585,3.1585,3.1635,3.1635,3.1635,3.1635,1
2026-01-19 01:56:00,3.1575,3.158,3.155,3.155,3.1625,3.163,3.16,3.16,5
2026-01-19 01:57:00,3.1545,3.1595,3.152,3.1585,3.1595,3.1645,3.157,3.1635,12
2026-01-19 01:58:00,3.158,3.158,3.158,3.158,3.163,3.163,3.163,3.163,1
2026-01-19 01:59:00,3.1575,3.1575,3.1575,3.1575,3.1625,3.1625,3.1625,3.1625,1
2026-01-19 02:00:00,3.158,3.158,3.1565,3.1565,3.163,3.163,3.1615,3.1615,5
2026-01-19 02:01:00,3.157,3.1585,3.157,3.1585,3.162,3.1635,3.162,3.1635,3
2026-01-19 02:03:00,3.1595,3.1595,3.1595,3.1595,3.1645,3.1645,3.1645,3.1645,1
2026-01-19 02:04:00,3.1605,3.1625,3.1595,3.16,3.1655,3.1675,3.1645,3.165,13
2026-01-19 02:05:00,3.1605,3.161,3.1585,3.161,3.1655,3.166,3.1635,3.166,8
2026-01-19 02:06:00,3.1605,3.164,3.1605,3.1615,3.1655,3.169,3.1655,3.1665,9
2026-01-19 02:07:00,3.1605,3.1605,3.1595,3.1605,3.1655,3.1655,3.1645,3.1655,5
2026-01-19 02:08:00,3.161,3.1665,3.161,3.1635,3.166,3.1715,3.166,3.1685,11
2026-01-19 02:09:00,3.1625,3.1635,3.1625,3.1635,3.1675,3.1685,3.1675,3.1685,5
2026-01-19 02:10:00,3.165,3.166,3.1645,3.165,3.17,3.171,3.1695,3.17,6
2026-01-19 02:11:00,3.1645,3.1655,3.163,3.164,3.1695,3.1705,3.168,3.169,11
2026-01-19 02:12:00,3.1635,3.1665,3.1635,3.165,3.1685,3.1715,3.1685,3.17,7
2026-01-19 02:14:00,3.1645,3.166,3.1645,3.166,3.1695,3.171,3.1695,3.171,6
2026-01-19 02:16:00,3.1665,3.1705,3.1665,3.1695,3.1715,3.1755,3.1715,3.1745,7
2026-01-19 02:17:00,3.1685,3.1685,3.1685,3.1685,3.1735,3.1735,3.1735,3.1735,1
2026-01-19 02:18:00,3.1675,3.1675,3.1675,3.1675,3.1725,3.1725,3.1725,3.1725,1
2026-01-19 02:19:00,3.167,3.1675,3.1665,3.1675,3.172,3.1725,3.1715,3.1725,4
2026-01-19 02:20:00,3.1665,3.1665,3.1665,3.1665,3.1715,3.1715,3.1715,3.1715,1
2026-01-19 02:21:00,3.1675,3.17,3.1665,3.17,3.1725,3.175,3.1715,3.175,5
2026-01-19 02:22:00,3.1705,3.171,3.17,3.171,3.1755,3.176,3.175,3.176,4
2026-01-19 02:23:00,3.1705,3.1725,3.1705,3.1725,3.1755,3.1775,3.1755,3.1775,6
2026-01-19 02:24:00,3.1735,3.175,3.1735,3.1745,3.1785,3.18,3.1785,3.1795,7
2026-01-19 02:25:00,3.174,3.174,3.1725,3.174,3.179,3.179,3.1775,3.179,10
2026-01-19 02:26:00,3.1735,3.1755,3.1715,3.173,3.1785,3.1805,3.1765,3.178,9
2026-01-19 02:27:00,3.174,3.1765,3.174,3.1765,3.179,3.1815,3.179,3.1815,6
2026-01-19 02:28:00,3.176,3.1775,3.1745,3.1765,3.181,3.1825,3.1795,3.1815,12
2026-01-19 02:29:00,3.177,3.177,3.177,3.177,3.182,3.182,3.182,3.182,1
2026-01-19 02:30:00,3.1775,3.178,3.1765,3.178,3.1825,3.183,3.1815,3.183,5
2026-01-19 02:31:00,3.1785,3.1785,3.1755,3.1755,3.1835,3.1835,3.1805,3.1805,11
2026-01-19 02:32:00,3.175,3.175,3.1735,3.1745,3.18,3.18,3.1785,3.1795,9
2026-01-19 02:33:00,3.175,3.175,3.1745,3.1745,3.18,3.18,3.1795,3.1795,2
2026-01-19 02:34:00,3.175,3.175,3.174,3.1745,3.18,3.18,3.179,3.1795,4
2026-01-19 02:35:00,3.175,3.175,3.173,3.173,3.18,3.18,3.178,3.178,4
2026-01-19 02:36:00,3.1735,3.174,3.1735,3.1735,3.1785,3.179,3.1785,3.1785,5
2026-01-19 02:37:00,3.173,3.175,3.173,3.175,3.178,3.18,3.178,3.18,4
2026-01-19 02:38:00,3.1745,3.1745,3.173,3.173,3.1795,3.1795,3.178,3.178,3
2026-01-19 02:39:00,3.1725,3.175,3.1725,3.175,3.1775,3.18,3.1775,3.18,6
2026-01-19 02:40:00,3.1755,3.1755,3.175,3.175,3.1805,3.1805,3.18,3.18,2
2026-01-19 02:41:00,3.1745,3.1755,3.174,3.1755,3.1795,3.1805,3.179,3.1805,6
2026-01-19 02:42:00,3.175,3.175,3.1745,3.1745,3.18,3.18,3.1795,3.1795,2
2026-01-19 02:43:00,3.1735,3.1735,3.1715,3.1715,3.1785,3.1785,3.1765,3.1765,4
2026-01-19 02:44:00,3.172,3.1735,3.172,3.1725,3.177,3.1785,3.177,3.1775,6
2026-01-19 02:45:00,3.173,3.1735,3.173,3.173,3.178,3.1785,3.178,3.178,5
2026-01-19 02:46:00,3.174,3.174,3.1735,3.174,3.179,3.179,3.1785,3.179,3
2026-01-19 02:47:00,3.1725,3.1725,3.1715,3.1715,3.1775,3.1775,3.1765,3.1765,2
2026-01-19 02:48:00,3.1725,3.1745,3.1725,3.1745,3.1775,3.1795,3.1775,3.1795,5
2026-01-19 02:49:00,3.174,3.174,3.1725,3.1725,3.179,3.179,3.1775,3.1775,4
2026-01-19 02:50:00,3.173,3.173,3.1725,3.1725,3.178,3.178,3.1775,3.1775,2
2026-01-19 02:52:00,3.1715,3.1735,3.1715,3.173,3.1765,3.1785,3.1765,3.178,4
2026-01-19 02:54:00,3.174,3.174,3.174,3.174,3.179,3.179,3.179,3.179,1
2026-01-19 02:55:00,3.1735,3.1735,3.1735,3.1735,3.1785,3.1785,3.1785,3.1785,1
2026-01-19 02:56:00,3.1745,3.1745,3.1725,3.1735,3.1795,3.1795,3.1775,3.1785,4
2026-01-19 02:57:00,3.174,3.174,3.173,3.174,3.179,3.179,3.178,3.179,8
2026-01-19 02:58:00,3.1745,3.1785,3.1745,3.1775,3.1795,3.1835,3.1795,3.1825,7
2026-01-19 02:59:00,3.178,3.178,3.178,3.178,3.183,3.183,3.183,3.183,1
2026-01-19 03:00:00,3.1775,3.18,3.1775,3.18,3.1825,3.185,3.1825,3.185,7
2026-01-19 03:01:00,3.1805,3.182,3.1805,3.182,3.1855,3.187,3.1855,3.187,7
2026-01-19 03:02:00,3.1825,3.1835,3.1825,3.183,3.1875,3.1885,3.1875,3.188,5
2026-01-19 03:03:00,3.1825,3.1845,3.1825,3.1845,3.1875,3.1895,3.1875,3.1895,4
2026-01-19 03:04:00,3.184,3.184,3.1825,3.1825,3.189,3.189,3.1875,3.1875,3
2026-01-19 03:05:00,3.1815,3.182,3.1805,3.182,3.1865,3.187,3.1855,3.187,4
2026-01-19 03:06:00,3.1815,3.1835,3.1815,3.1835,3.1865,3.1885,3.1865,3.1885,7
2026-01-19 03:07:00,3.183,3.1835,3.1825,3.1825,3.188,3.1885,3.1875,3.1875,4
2026-01-19 03:08:00,3.1815,3.1815,3.1805,3.1805,3.1865,3.1865,3.1855,3.1855,5
2026-01-19 03:09:00,3.1795,3.1795,3.1775,3.1775,3.1845,3.1845,3.1825,3.1825,8
2026-01-19 03:10:00,3.177,3.1775,3.176,3.1765,3.182,3.1825,3.181,3.1815,6
2026-01-19 03:11:00,3.176,3.176,3.1755,3.1755,3.181,3.181,3.1805,3.1805,2
2026-01-19 03:12:00,3.1745,3.1745,3.1725,3.1735,3.1795,3.1795,3.1775,3.1785,7
2026-01-19 03:13:00,3.174,3.176,3.1735,3.176,3.179,3.181,3.1785,3.181,6
2026-01-19 03:14:00,3.1755,3.1755,3.175,3.1755,3.1805,3.1805,3.18,3.1805,3
2026-01-19 03:15:00,3.1765,3.1765,3.1765,3.1765,3.1815,3.1815,3.1815,3.1815,1
2026-01-19 03:16:00,3.176,3.1765,3.1755,3.176,3.181,3.1815,3.1805,3.181,4
2026-01-19 03:17:00,3.177,3.179,3.1765,3.1775,3.182,3.184,3.1815,3.1825,8
2026-01-19 03:18:00,3.178,3.18,3.178,3.18,3.183,3.185,3.183,3.185,3
2026-01-19 03:19:00,3.1795,3.1805,3.1795,3.1795,3.1845,3.1855,3.1845,3.1845,4
2026-01-19 03:20:00,3.18,3.18,3.177,3.1775,3.185,3.185,3.182,3.1825,6
2026-01-19 03:21:00,3.178,3.1785,3.1775,3.1785,3.183,3.1835,3.1825,3.1835,8
2026-01-19 03:22:00,3.1775,3.1785,3.1775,3.178,3.1825,3.1835,3.1825,3.183,3
2026-01-19 03:23:00,3.1775,3.1775,3.176,3.176,3.1825,3.1825,3.181,3.181,5
2026-01-19 03:24:00,3.1755,3.176,3.1755,3.1755,3.1805,3.181,3.1805,3.1805,3
2026-01-19 03:25:00,3.1745,3.179,3.1745,3.179,3.1795,3.184,3.1795,3.184,7
2026-01-19 03:26:00,3.1795,3.184,3.1795,3.1835,3.1845,3.189,3.1845,3.1885,8
2026-01-19 03:27:00,3.183,3.1835,3.1805,3.181,3.188,3.1885,3.1855,3.186,12
2026-01-19 03:28:00,3.1805,3.1825,3.1795,3.1795,3.1855,3.1875,3.1845,3.1845,10
2026-01-19 03:29:00,3.1785,3.179,3.178,3.178,3.1835,3.184,3.183,3.183,4
2026-01-19 03:30:00,3.1775,3.178,3.1775,3.178,3.1825,3.183,3.1825,3.183,2
2026-01-19 03:31:00,3.1785,3.1805,3.1785,3.1805,3.1835,3.1855,3.1835,3.1855,9
2026-01-19 03:32:00,3.181,3.181,3.1805,3.1805,3.186,3.186,3.1855,3.1855,2
2026-01-19 03:33:00,3.1795,3.181,3.1795,3.18,3.1845,3.186,3.1845,3.185,4
2026-01-19 03:34:00,3.1805,3.181,3.1795,3.181,3.1855,3.186,3.1845,3.186,4
2026-01-19 03:35:00,3.1805,3.1805,3.1795,3.1795,3.1855,3.1855,3.1845,3.1845,2
2026-01-19 03:36:00,3.1805,3.1865,3.1805,3.184,3.1855,3.1915,3.1855,3.189,11
2026-01-19 03:37:00,3.1835,3.1835,3.1795,3.1795,3.1885,3.1885,3.1845,3.1845,7
2026-01-19 03:38:00,3.179,3.179,3.1775,3.1775,3.184,3.184,3.1825,3.1825,4
2026-01-19 03:39:00,3.1805,3.1805,3.1785,3.1785,3.1855,3.1855,3.1835,3.1835,3
2026-01-19 03:40:00,3.178,3.1785,3.1745,3.1745,3.183,3.1835,3.1795,3.1795,7
2026-01-19 03:41:00,3.174,3.1755,3.174,3.175,3.179,3.1805,3.179,3.18,5
2026-01-19 03:42:00,3.1755,3.1765,3.175,3.1765,3.1805,3.1815,3.18,3.1815,3
2026-01-19 03:43:00,3.176,3.176,3.1755,3.1755,3.181,3.181,3.1805,3.1805,2
2026-01-19 03:45:00,3.175,3.175,3.1745,3.1745,3.18,3.18,3.1795,3.1795,2
2026-01-19 03:46:00,3.174,3.174,3.174,3.174,3.179,3.179,3.179,3.179,1
2026-01-19 03:47:00,3.1735,3.1735,3.1735,3.1735,3.1785,3.1785,3.1785,3.1785,1
2026-01-19 03:50:00,3.174,3.1755,3.174,3.1755,3.179,3.1805,3.179,3.1805,5
2026-01-19 03:51:00,3.176,3.179,3.176,3.1775,3.181,3.184,3.181,3.1825,9
2026-01-19 03:52:00,3.177,3.1815,3.177,3.1805,3.182,3.1865,3.182,3.1855,13
2026-01-19 03:53:00,3.1815,3.1825,3.1805,3.1815,3.1865,3.1875,3.1855,3.1865,6
2026-01-19 03:54:00,3.181,3.1835,3.181,3.1835,3.186,3.1885,3.186,3.1885,6
2026-01-19 03:55:00,3.1825,3.1825,3.1825,3.1825,3.1875,3.1875,3.1875,3.1875,1
2026-01-19 03:56:00,3.182,3.182,3.1815,3.1815,3.187,3.187,3.1865,3.1865,2
2026-01-19 03:57:00,3.182,3.182,3.1815,3.1815,3.187,3.187,3.1865,3.1865,2
2026-01-19 03:58:00,3.182,3.1825,3.182,3.1825,3.187,3.1875,3.187,3.1875,2
2026-01-19 03:59:00,3.1815,3.1815,3.1805,3.181,3.1865,3.1865,3.1855,3.186,3
2026-01-19 04:00:00,3.18,3.1805,3.1775,3.1775,3.185,3.1855,3.1825,3.1825,8
2026-01-19 04:01:00,3.1765,3.1775,3.1765,3.1775,3.1815,3.1825,3.1815,3.1825,4
2026-01-19 04:02:00,3.177,3.177,3.174,3.1755,3.182,3.182,3.179,3.1805,11
2026-01-19 04:03:00,3.1745,3.1755,3.1745,3.1755,3.1795,3.1805,3.1795,3.1805,2
2026-01-19 04:05:00,3.174,3.177,3.174,3.177,3.179,3.182,3.179,3.182,5
2026-01-19 04:06:00,3.1765,3.1765,3.1755,3.1765,3.1815,3.1815,3.1805,3.1815,3
2026-01-19 04:07:00,3.177,3.1775,3.176,3.1775,3.182,3.1825,3.181,3.1825,6
2026-01-19 04:08:00,3.177,3.1775,3.177,3.1775,3.182,3.1825,3.182,3.1825,2
2026-01-19 04:09:00,3.178,3.1785,3.178,3.1785,3.183,3.1835,3.183,3.1835,2
2026-01-19 04:10:00,3.1775,3.1795,3.1775,3.179,3.1825,3.1845,3.1825,3.184,4
2026-01-19 04:11:00,3.1795,3.1825,3.1795,3.181,3.1845,3.1875,3.1845,3.186,8
2026-01-19 04:12:00,3.1805,3.181,3.1795,3.1795,3.1855,3.186,3.1845,3.1845,7
2026-01-19 04:13:00,3.18,3.1805,3.1795,3.1795,3.185,3.1855,3.1845,3.1845,3
2026-01-19 04:14:00,3.18,3.18,3.18,3.18,3.185,3.185,3.185,3.185,1
2026-01-19 04:15:00,3.1795,3.1795,3.179,3.179,3.1845,3.1845,3.184,3.184,2
2026-01-19 04:16:00,3.178,3.178,3.178,3.178,3.183,3.183,3.183,3.183,1
2026-01-19 04:17:00,3.1775,3.1775,3.1735,3.1735,3.1825,3.1825,3.1785,3.1785,13
2026-01-19 04:18:00,3.1745,3.1745,3.1735,3.1735,3.1795,3.1795,3.1785,3.1785,5
2026-01-19 04:19:00,3.173,3.1735,3.1725,3.1735,3.178,3.1785,3.1775,3.1785,5
2026-01-19 04:20:00,3.173,3.173,3.1665,3.1675,3.178,3.178,3.1715,3.1725,15
2026-01-19 04:21:00,3.167,3.168,3.167,3.1675,3.172,3.173,3.172,3.1725,4
2026-01-19 04:22:00,3.167,3.167,3.166,3.166,3.172,3.172,3.171,3.171,3
2026-01-19 04:23:00,3.1665,3.1685,3.1665,3.1685,3.1715,3.1735,3.1715,3.1735,9
2026-01-19 04:24:00,3.168,3.168,3.1645,3.1655,3.173,3.173,3.1695,3.1705,7
2026-01-19 04:25:00,3.166,3.167,3.1625,3.163,3.171,3.172,3.1675,3.168,17
2026-01-19 04:26:00,3.1635,3.1645,3.1615,3.164,3.1685,3.1695,3.1665,3.169,13
2026-01-19 04:27:00,3.163,3.1645,3.163,3.164,3.168,3.1695,3.168,3.169,7
2026-01-19 04:28:00,3.163,3.164,3.1595,3.16,3.168,3.169,3.1645,3.165,15
2026-01-19 04:29:00,3.1595,3.1605,3.1575,3.1575,3.1645,3.1655,3.1625,3.1625,12
2026-01-19 04:30:00,3.158,3.158,3.1355,3.136,3.163,3.163,3.1405,3.141,184
2026-01-19 04:31:00,3.1365,3.1405,3.1325,3.1325,3.1415,3.1455,3.1375,3.1375,125
2026-01-19 04:32:00,3.1335,3.134,3.1285,3.129,3.1385,3.139,3.1335,3.134,102
2026-01-19 04:33:00,3.13,3.133,3.1285,3.1295,3.135,3.138,3.1335,3.1345,81
2026-01-19 04:34:00,3.129,3.1305,3.1215,3.125,3.134,3.1355,3.1265,3.13,71
2026-01-19 04:35:00,3.1255,3.1265,3.1185,3.1185,3.1305,3.1315,3.1235,3.1235,34
2026-01-19 04:36:00,3.1175,3.118,3.1115,3.1125,3.1225,3.123,3.1165,3.1175,46
2026-01-19 04:37:00,3.112,3.1145,3.1055,3.1055,3.117,3.1195,3.1105,3.1105,60
2026-01-19 04:38:00,3.1065,3.1075,3.094,3.0945,3.1115,3.1125,3.099,3.0995,98
2026-01-19 04:39:00,3.094,3.095,3.0875,3.09,3.099,3.1,3.0925,3.095,130
2026-01-19 04:40:00,3.091,3.1015,3.0905,3.0945,3.096,3.1065,3.0955,3.0995,110
2026-01-19 04:41:00,3.095,3.099,3.0925,3.0975,3.1,3.104,3.0975,3.1025,60
2026-01-19 04:42:00,3.098,3.1025,3.0955,3.1015,3.103,3.1075,3.1005,3.1065,45
2026-01-19 04:43:00,3.1025,3.1045,3.102,3.102,3.1075,3.1095,3.107,3.107,18
2026-01-19 04:44:00,3.1025,3.103,3.1005,3.103,3.1075,3.108,3.1055,3.108,23
2026-01-19 04:45:00,3.1025,3.1035,3.0935,3.0935,3.1075,3.1085,3.0985,3.0985,51
2026-01-19 04:46:00,3.094,3.094,3.074,3.0755,3.099,3.099,3.079,3.0805,76
2026-01-19 04:47:00,3.076,3.0815,3.0745,3.0805,3.081,3.0865,3.0795,3.0855,62
2026-01-19 04:48:00,3.082,3.0835,3.079,3.081,3.087,3.0885,3.084,3.086,50
2026-01-19 04:49:00,3.0815,3.084,3.08,3.0825,3.0865,3.089,3.085,3.0875,46
2026-01-19 04:50:00,3.0835,3.0835,3.08,3.081,3.0885,3.0885,3.085,3.086,50
2026-01-19 04:51:00,3.0815,3.0825,3.079,3.08,3.0865,3.0875,3.084,3.085,44
2026-01-19 04:52:00,3.0795,3.0815,3.078,3.08,3.0845,3.0865,3.083,3.085,35
2026-01-19 04:53:00,3.0805,3.093,3.08,3.091,3.0855,3.098,3.085,3.096,96
2026-01-19 04:54:00,3.0915,3.0925,3.0885,3.0905,3.0965,3.0975,3.0935,3.0955,69
2026-01-19 04:55:00,3.09,3.0925,3.0895,3.092,3.095,3.0975,3.0945,3.097,24
2026-01-19 04:56:00,3.0925,3.0965,3.0905,3.0925,3.0975,3.1015,3.0955,3.0975,49
2026-01-19 04:57:00,3.0915,3.0935,3.0905,3.093,3.0965,3.0985,3.0955,3.098,30
2026-01-19 04:58:00,3.0925,3.0935,3.0905,3.0915,3.0975,3.0985,3.0955,3.0965,24
2026-01-19 04:59:00,3.092,3.0935,3.0905,3.0925,3.097,3.0985,3.0955,3.0975,30
2026-01-19 05:00:00,3.092,3.096,3.092,3.0945,3.097,3.101,3.097,3.0995,27
2026-01-19 05:01:00,3.095,3.0955,3.0935,3.095,3.1,3.1005,3.0985,3.1,22
2026-01-19 05:02:00,3.0945,3.097,3.0945,3.096,3.0995,3.102,3.0995,3.101,38
2026-01-19 05:03:00,3.0955,3.0985,3.0955,3.0975,3.1005,3.1035,3.1005,3.1025,14
2026-01-19 05:04:00,3.0985,3.1065,3.0975,3.105,3.1035,3.1115,3.1025,3.11,35
2026-01-19 05:05:00,3.106,3.11,3.106,3.1065,3.111,3.115,3.111,3.1115,32
2026-01-19 05:06:00,3.107,3.108,3.1055,3.107,3.112,3.113,3.1105,3.112,26
2026-01-19 05:07:00,3.1065,3.1065,3.1035,3.105,3.1115,3.1115,3.1085,3.11,28
2026-01-19 05:08:00,3.1065,3.115,3.105,3.115,3.1115,3.12,3.11,3.12,83
2026-01-19 05:09:00,3.1145,3.115,3.1075,3.1075,3.1195,3.12,3.1125,3.1125,61
2026-01-19 05:10:00,3.108,3.108,3.0925,3.094,3.113,3.113,3.0975,3.099,54
2026-01-19 05:11:00,3.0935,3.1,3.092,3.0995,3.0985,3.105,3.097,3.1045,60
2026-01-19 05:12:00,3.1,3.1045,3.0995,3.101,3.105,3.1095,3.1045,3.106,41
2026-01-19 05:13:00,3.1015,3.1045,3.1,3.1015,3.1065,3.1095,3.105,3.1065,53
2026-01-19 05:14:00,3.102,3.1075,3.102,3.1045,3.107,3.1125,3.107,3.1095,42
2026-01-19 05:15:00,3.1035,3.104,3.0985,3.0985,3.1085,3.109,3.1035,3.1035,28
2026-01-19 05:16:00,3.099,3.1,3.094,3.095,3.104,3.105,3.099,3.1,28
2026-01-19 05:17:00,3.0945,3.097,3.0925,3.0945,3.0995,3.102,3.0975,3.0995,36
2026-01-19 05:18:00,3.095,3.1,3.093,3.0995,3.1,3.105,3.098,3.1045,30
2026-01-19 05:19:00,3.1,3.1015,3.0995,3.0995,3.105,3.1065,3.1045,3.1045,14
2026-01-19 05:20:00,3.0985,3.1025,3.0985,3.102,3.1035,3.1075,3.1035,3.107,12
2026-01-19 05:21:00,3.1015,3.1065,3.1015,3.1045,3.1065,3.1115,3.1065,3.1095,66
2026-01-19 05:22:00,3.105,3.1065,3.1035,3.1045,3.11,3.1115,3.1085,3.1095,31
2026-01-19 05:23:00,3.104,3.105,3.1035,3.1045,3.109,3.11,3.1085,3.1095,6
2026-01-19 05:24:00,3.1055,3.1055,3.1015,3.1035,3.1105,3.1105,3.1065,3.1085,23
2026-01-19 05:25:00,3.1025,3.105,3.1015,3.1045,3.1075,3.11,3.1065,3.1095,16
2026-01-19 05:26:00,3.104,3.1095,3.104,3.1085,3.109,3.1145,3.109,3.1135,21
2026-01-19 05:27:00,3.108,3.1115,3.108,3.1085,3.113,3.1165,3.113,3.1135,22
2026-01-19 05:28:00,3.109,3.1115,3.107,3.111,3.114,3.1165,3.112,3.116,18
2026-01-19 05:29:00,3.1105,3.113,3.11,3.1125,3.1155,3.118,3.115,3.1175,14
2026-01-19 05:30:00,3.113,3.123,3.112,3.122,3.118,3.128,3.117,3.127,32
2026-01-19 05:31:00,3.1215,3.1255,3.1215,3.125,3.1265,3.1305,3.1265,3.13,25
2026-01-19 05:32:00,3.1245,3.128,3.1225,3.1225,3.1295,3.133,3.1275,3.1275,21
2026-01-19 05:33:00,3.1215,3.1225,3.116,3.116,3.1265,3.1275,3.121,3.121,22
2026-01-19 05:34:00,3.117,3.1215,3.117,3.121,3.122,3.1265,3.122,3.126,34
2026-01-19 05:35:00,3.12,3.12,3.1155,3.118,3.125,3.125,3.1205,3.123,29
2026-01-19 05:36:00,3.1175,3.1175,3.111,3.1145,3.1225,3.1225,3.116,3.1195,45
2026-01-19 05:37:00,3.115,3.1165,3.1145,3.1165,3.12,3.1215,3.1195,3.1215,7
2026-01-19 05:38:00,3.117,3.117,3.1115,3.115,3.122,3.122,3.1165,3.12,45
2026-01-19 05:39:00,3.1155,3.1165,3.113,3.1155,3.1205,3.1215,3.118,3.1205,45
2026-01-19 05:40:00,3.115,3.1195,3.115,3.119,3.12,3.1245,3.12,3.124,16
2026-01-19 05:41:00,3.1195,3.1195,3.1125,3.1145,3.1245,3.1245,3.1175,3.1195,24
2026-01-19 05:42:00,3.114,3.114,3.1095,3.1125,3.119,3.119,3.1145,3.1175,28
2026-01-19 05:43:00,3.1115,3.1175,3.1115,3.1175,3.1165,3.1225,3.1165,3.1225,22
2026-01-19 05:44:00,3.119,3.1195,3.1175,3.118,3.124,3.1245,3.1225,3.123,10
2026-01-19 05:45:00,3.1185,3.121,3.118,3.121,3.1235,3.126,3.123,3.126,22
2026-01-19 05:46:00,3.1205,3.126,3.1145,3.116,3.1255,3.131,3.1195,3.121,52
2026-01-19 05:47:00,3.1155,3.1205,3.1145,3.1205,3.1205,3.1255,3.1195,3.1255,32
2026-01-19 05:48:00,3.121,3.122,3.1195,3.1195,3.126,3.127,3.1245,3.1245,23
2026-01-19 05:49:00,3.119,3.1245,3.119,3.1225,3.124,3.1295,3.124,3.1275,22
2026-01-19 05:50:00,3.122,3.1225,3.121,3.121,3.127,3.1275,3.126,3.126,11
2026-01-19 05:51:00,3.1205,3.124,3.1205,3.1235,3.1255,3.129,3.1255,3.1285,9
2026-01-19 05:52:00,3.123,3.128,3.123,3.1275,3.128,3.133,3.128,3.1325,22
2026-01-19 05:53:00,3.127,3.1275,3.121,3.122,3.132,3.1325,3.126,3.127,16
2026-01-19 05:54:00,3.1225,3.1285,3.1215,3.125,3.1275,3.1335,3.1265,3.13,43
2026-01-19 05:55:00,3.1255,3.132,3.1255,3.131,3.1305,3.137,3.1305,3.136,25
2026-01-19 05:56:00,3.1305,3.1305,3.123,3.1245,3.1355,3.1355,3.128,3.1295,36
2026-01-19 05:57:00,3.1255,3.1295,3.1245,3.1245,3.1305,3.1345,3.1295,3.1295,21
2026-01-19 05:58:00,3.1235,3.127,3.123,3.1265,3.1285,3.132,3.128,3.1315,17
2026-01-19 05:59:00,3.127,3.1275,3.1175,3.125,3.132,3.1325,3.1225,3.13,36
2026-01-19 06:00:00,3.1255,3.1275,3.1225,3.125,3.1305,3.1325,3.1275,3.13,25
2026-01-19 06:01:00,3.1245,3.1275,3.122,3.124,3.1295,3.1325,3.127,3.129,23
2026-01-19 06:02:00,3.123,3.127,3.1225,3.127,3.128,3.132,3.1275,3.132,7
2026-01-19 06:03:00,3.1265,3.128,3.1245,3.128,3.1315,3.133,3.1295,3.133,11
2026-01-19 06:04:00,3.1275,3.1335,3.126,3.131,3.1325,3.1385,3.131,3.136,32
2026-01-19 06:05:00,3.1305,3.1345,3.1305,3.134,3.1355,3.1395,3.1355,3.139,10
2026-01-19 06:06:00,3.1325,3.1325,3.1265,3.1265,3.1375,3.1375,3.1315,3.1315,14
2026-01-19 06:07:00,3.1255,3.1305,3.1255,3.128,3.1305,3.1355,3.1305,3.133,19
2026-01-19 06:08:00,3.1285,3.132,3.1275,3.131,3.1335,3.137,3.1325,3.136,13
2026-01-19 06:09:00,3.1305,3.131,3.129,3.13,3.1355,3.136,3.134,3.135,7
2026-01-19 06:10:00,3.131,3.131,3.13,3.1305,3.136,3.136,3.135,3.1355,4
2026-01-19 06:11:00,3.131,3.1335,3.131,3.132,3.136,3.1385,3.136,3.137,17
2026-01-19 06:13:00,3.1315,3.1325,3.124,3.124,3.1365,3.1375,3.129,3.129,24
2026-01-19 06:14:00,3.125,3.128,3.1225,3.128,3.13,3.133,3.1275,3.133,25
2026-01-19 06:15:00,3.1285,3.1285,3.124,3.125,3.1335,3.1335,3.129,3.13,11
2026-01-19 06:16:00,3.1255,3.127,3.1245,3.125,3.1305,3.132,3.1295,3.13,12
2026-01-19 06:17:00,3.1255,3.1255,3.1235,3.1235,3.1305,3.1305,3.1285,3.1285,11
2026-01-19 06:18:00,3.124,3.124,3.1205,3.123,3.129,3.129,3.1255,3.128,12
2026-01-19 06:19:00,3.1235,3.125,3.1235,3.125,3.1285,3.13,3.1285,3.13,4
2026-01-19 06:20:00,3.1245,3.126,3.1245,3.1255,3.1295,3.131,3.1295,3.1305,10
2026-01-19 06:21:00,3.1245,3.134,3.1235,3.13,3.1295,3.139,3.1285,3.135,35
2026-01-19 06:22:00,3.131,3.1385,3.131,3.1375,3.136,3.1435,3.136,3.1425,50
2026-01-19 06:23:00,3.1385,3.1435,3.1335,3.137,3.1435,3.1485,3.1385,3.142,63
2026-01-19 06:24:00,3.1365,3.139,3.1355,3.138,3.1415,3.144,3.1405,3.143,30
2026-01-19 06:25:00,3.1375,3.139,3.136,3.139,3.1425,3.144,3.141,3.144,12
2026-01-19 06:26:00,3.1385,3.141,3.1365,3.139,3.1435,3.146,3.1415,3.144,21
2026-01-19 06:27:00,3.1395,3.141,3.1315,3.135,3.1445,3.146,3.1365,3.14,43
2026-01-19 06:28:00,3.1345,3.135,3.1275,3.13,3.1395,3.14,3.1325,3.135,35
2026-01-19 06:29:00,3.1305,3.132,3.1305,3.1315,3.1355,3.137,3.1355,3.1365,7
2026-01-19 06:30:00,3.132,3.1335,3.1235,3.1235,3.137,3.1385,3.1285,3.1285,18
2026-01-19 06:31:00,3.124,3.1255,3.1225,3.1245,3.129,3.1305,3.1275,3.1295,18
2026-01-19 06:32:00,3.1255,3.126,3.121,3.124,3.1305,3.131,3.126,3.129,14
2026-01-19 06:33:00,3.1245,3.127,3.1245,3.1265,3.1295,3.132,3.1295,3.1315,14
2026-01-19 06:34:00,3.1275,3.1285,3.1265,3.127,3.1325,3.1335,3.1315,3.132,5
2026-01-19 06:35:00,3.1265,3.1295,3.1245,3.129,3.1315,3.1345,3.1295,3.134,17
2026-01-19 06:36:00,3.128,3.128,3.1265,3.128,3.133,3.133,3.1315,3.133,5
2026-01-19 06:37:00,3.1275,3.1275,3.1155,3.119,3.1325,3.1325,3.1205,3.124,24
2026-01-19 06:38:00,3.1175,3.125,3.117,3.121,3.1225,3.13,3.122,3.126,30
2026-01-19 06:39:00,3.1205,3.1205,3.1165,3.118,3.1255,3.1255,3.1215,3.123,15
2026-01-19 06:40:00,3.1185,3.12,3.1185,3.1195,3.1235,3.125,3.1235,3.1245,4
2026-01-19 06:41:00,3.12,3.1325,3.118,3.1305,3.125,3.1375,3.123,3.1355,23
2026-01-19 06:42:00,3.13,3.13,3.127,3.1295,3.135,3.135,3.132,3.1345,9
2026-01-19 06:43:00,3.13,3.13,3.126,3.1295,3.135,3.135,3.131,3.1345,10
2026-01-19 06:44:00,3.1285,3.1335,3.1285,3.1315,3.1335,3.1385,3.1335,3.1365,13
2026-01-19 06:45:00,3.131,3.1325,3.131,3.1325,3.136,3.1375,3.136,3.1375,3
2026-01-19 06:46:00,3.133,3.1395,3.1315,3.138,3.138,3.1445,3.1365,3.143,17
2026-01-19 06:47:00,3.1385,3.1485,3.1345,3.146,3.1435,3.1535,3.1395,3.151,48
2026-01-19 06:48:00,3.1455,3.1455,3.144,3.145,3.1505,3.1505,3.149,3.15,13
2026-01-19 06:49:00,3.1455,3.146,3.144,3.144,3.1505,3.151,3.149,3.149,12
2026-01-19 06:50:00,3.1435,3.145,3.126,3.126,3.1485,3.15,3.131,3.131,29
2026-01-19 06:51:00,3.1275,3.13,3.123,3.1265,3.1325,3.135,3.128,3.1315,35
2026-01-19 06:52:00,3.126,3.126,3.1205,3.1235,3.131,3.131,3.1255,3.1285,18
2026-01-19 06:53:00,3.1245,3.1245,3.1235,3.1235,3.1295,3.1295,3.1285,3.1285,8
2026-01-19 06:54:00,3.1225,3.123,3.121,3.123,3.1275,3.128,3.126,3.128,6
2026-01-19 06:55:00,3.1225,3.1265,3.1225,3.126,3.1275,3.1315,3.1275,3.131,10
2026-01-19 06:56:00,3.1255,3.126,3.123,3.126,3.1305,3.131,3.128,3.131,15
2026-01-19 06:57:00,3.1275,3.135,3.127,3.134,3.1325,3.14,3.132,3.139,10
2026-01-19 06:58:00,3.1355,3.1355,3.127,3.1275,3.1405,3.1405,3.132,3.1325,10
2026-01-19 06:59:00,3.127,3.129,3.127,3.1285,3.132,3.134,3.132,3.1335,4
2026-01-19 07:00:00,3.129,3.131,3.124,3.1255,3.134,3.136,3.129,3.1305,23
2026-01-19 07:01:00,3.125,3.1255,3.1225,3.1225,3.13,3.1305,3.1275,3.1275,20
2026-01-19 07:02:00,3.122,3.123,3.105,3.1075,3.127,3.128,3.11,3.1125,124
2026-01-19 07:03:00,3.108,3.11,3.098,3.1025,3.113,3.115,3.103,3.1075,122
2026-01-19 07:04:00,3.102,3.102,3.0945,3.0985,3.107,3.107,3.0995,3.1035,69
2026-01-19 07:05:00,3.098,3.1065,3.098,3.099,3.103,3.1115,3.103,3.104,29
2026-01-19 07:06:00,3.0955,3.097,3.0765,3.081,3.1005,3.102,3.0815,3.086,73
2026-01-19 07:07:00,3.0815,3.085,3.075,3.075,3.0865,3.09,3.08,3.08,46
2026-01-19 07:08:00,3.0755,3.08,3.0735,3.0745,3.0805,3.085,3.0785,3.0795,56
2026-01-19 07:09:00,3.075,3.078,3.0675,3.0695,3.08,3.083,3.0725,3.0745,37
2026-01-19 07:10:00,3.07,3.0765,3.0695,3.071,3.075,3.0815,3.0745,3.076,55
2026-01-19 07:11:00,3.0695,3.076,3.0685,3.075,3.0745,3.081,3.0735,3.08,23
2026-01-19 07:12:00,3.0755,3.1025,3.073,3.0995,3.0805,3.1075,3.078,3.1045,86
2026-01-19 07:13:00,3.1,3.1005,3.089,3.09,3.105,3.1055,3.094,3.095,34
2026-01-19 07:14:00,3.0905,3.1075,3.0905,3.1055,3.0955,3.1125,3.0955,3.1105,41
2026-01-19 07:15:00,3.1045,3.108,3.095,3.1015,3.1095,3.113,3.1,3.1065,69
2026-01-19 07:16:00,3.1035,3.1205,3.1015,3.1145,3.1085,3.1255,3.1065,3.1195,36
2026-01-19 07:17:00,3.115,3.115,3.1095,3.1095,3.12,3.12,3.1145,3.1145,47
2026-01-19 07:18:00,3.1085,3.112,3.1055,3.1105,3.1135,3.117,3.1105,3.1155,25
2026-01-19 07:19:00,3.1115,3.126,3.1085,3.1195,3.1165,3.131,3.1135,3.1245,56
2026-01-19 07:20:00,3.119,3.1195,3.1115,3.1135,3.124,3.1245,3.1165,3.1185,20
2026-01-19 07:21:00,3.113,3.1135,3.1115,3.113,3.118,3.1185,3.1165,3.118,12
2026-01-19 07:22:00,3.1135,3.1175,3.112,3.112,3.1185,3.1225,3.117,3.117,13
2026-01-19 07:23:00,3.1105,3.1145,3.1075,3.109,3.1155,3.1195,3.1125,3.114,27
2026-01-19 07:24:00,3.1085,3.117,3.107,3.115,3.1135,3.122,3.112,3.12,18
2026-01-19 07:25:00,3.1165,3.1195,3.1165,3.119,3.1215,3.1245,3.1215,3.124,7
2026-01-19 07:26:00,3.1185,3.1255,3.1185,3.1235,3.1235,3.1305,3.1235,3.1285,28
2026-01-19 07:27:00,3.124,3.1405,3.124,3.1355,3.129,3.1455,3.129,3.1405,78
2026-01-19 07:28:00,3.135,3.136,3.128,3.128,3.14,3.141,3.133,3.133,27
2026-01-19 07:29:00,3.129,3.129,3.1205,3.126,3.134,3.134,3.1255,3.131,26
2026-01-19 07:30:00,3.125,3.1295,3.125,3.128,3.13,3.1345,3.13,3.133,14
2026-01-19 07:31:00,3.1265,3.1315,3.126,3.1295,3.1315,3.1365,3.131,3.1345,11
2026-01-19 07:32:00,3.129,3.134,3.129,3.1315,3.134,3.139,3.134,3.1365,14
2026-01-19 07:33:00,3.1305,3.134,3.1275,3.128,3.1355,3.139,3.1325,3.133,33
2026-01-19 07:34:00,3.1285,3.131,3.1285,3.1305,3.1335,3.136,3.1335,3.1355,5
2026-01-19 07:35:00,3.13,3.13,3.1255,3.1255,3.135,3.135,3.1305,3.1305,8
2026-01-19 07:36:00,3.127,3.127,3.1255,3.127,3.132,3.132,3.1305,3.132,5
2026-01-19 07:37:00,3.1265,3.1295,3.1265,3.1285,3.1315,3.1345,3.1315,3.1335,7
2026-01-19 07:38:00,3.1255,3.1295,3.1245,3.1295,3.1305,3.1345,3.1295,3.1345,19
2026-01-19 07:39:00,3.13,3.1345,3.1295,3.133,3.135,3.1395,3.1345,3.138,34
2026-01-19 07:40:00,3.1315,3.134,3.128,3.1295,3.1365,3.139,3.133,3.1345,19
2026-01-19 07:41:00,3.129,3.135,3.128,3.1345,3.134,3.14,3.133,3.1395,15
2026-01-19 07:42:00,3.134,3.135,3.1305,3.131,3.139,3.14,3.1355,3.136,8
2026-01-19 07:43:00,3.1305,3.1325,3.1305,3.131,3.1355,3.1375,3.1355,3.136,14
2026-01-19 07:44:00,3.1305,3.131,3.129,3.13,3.1355,3.136,3.134,3.135,14
2026-01-19 07:45:00,3.1315,3.135,3.1315,3.1345,3.1365,3.14,3.1365,3.1395,6
2026-01-19 07:46:00,3.1355,3.1385,3.1345,3.137,3.1405,3.1435,3.1395,3.142,22
2026-01-19 07:47:00,3.1365,3.139,3.1355,3.138,3.1415,3.144,3.1405,3.143,12
2026-01-19 07:48:00,3.1375,3.1375,3.1325,3.134,3.1425,3.1425,3.1375,3.139,18
2026-01-19 07:49:00,3.1335,3.1345,3.1325,3.1335,3.1385,3.1395,3.1375,3.1385,9
2026-01-19 07:50:00,3.134,3.1385,3.132,3.132,3.139,3.1435,3.137,3.137,35
2026-01-19 07:52:00,3.1335,3.134,3.133,3.133,3.1385,3.139,3.138,3.138,6
2026-01-19 07:53:00,3.1335,3.1395,3.1335,3.136,3.1385,3.1445,3.1385,3.141,31
2026-01-19 07:54:00,3.1355,3.1405,3.1345,3.1405,3.1405,3.1455,3.1395,3.1455,18
2026-01-19 07:55:00,3.141,3.1415,3.141,3.1415,3.146,3.1465,3.146,3.1465,2
2026-01-19 07:56:00,3.141,3.141,3.1385,3.1385,3.146,3.146,3.1435,3.1435,4
2026-01-19 07:57:00,3.139,3.141,3.139,3.1395,3.144,3.146,3.144,3.1445,8
2026-01-19 07:58:00,3.1375,3.1375,3.1335,3.135,3.1425,3.1425,3.1385,3.14,15
2026-01-19 07:59:00,3.1345,3.1345,3.134,3.1345,3.1395,3.1395,3.139,3.1395,3
2026-01-19 08:00:00,3.135,3.135,3.127,3.1285,3.14,3.14,3.132,3.1335,16
2026-01-19 08:01:00,3.129,3.1295,3.1265,3.127,3.134,3.1345,3.1315,3.132,12
2026-01-19 08:02:00,3.1265,3.1275,3.1225,3.126,3.1315,3.1325,3.1275,3.131,27
2026-01-19 08:03:00,3.125,3.13,3.1245,3.128,3.13,3.135,3.1295,3.133,34
2026-01-19 08:04:00,3.129,3.1295,3.1275,3.1295,3.134,3.1345,3.1325,3.1345,18
2026-01-19 08:05:00,3.129,3.1315,3.1285,3.1315,3.134,3.1365,3.1335,3.1365,12
2026-01-19 08:06:00,3.131,3.1345,3.12,3.12,3.136,3.1395,3.125,3.125,44
2026-01-19 08:07:00,3.1195,3.1215,3.1185,3.1205,3.1245,3.1265,3.1235,3.1255,19
2026-01-19 08:08:00,3.1195,3.1235,3.1175,3.1215,3.1245,3.1285,3.1225,3.1265,22
2026-01-19 08:09:00,3.123,3.1265,3.123,3.124,3.128,3.1315,3.128,3.129,18
2026-01-19 08:10:00,3.125,3.1315,3.125,3.1275,3.13,3.1365,3.13,3.1325,17
2026-01-19 08:11:00,3.128,3.1285,3.128,3.1285,3.133,3.1335,3.133,3.1335,2
2026-01-19 08:12:00,3.129,3.129,3.1265,3.1265,3.134,3.134,3.1315,3.1315,10
2026-01-19 08:13:00,3.126,3.129,3.1245,3.1285,3.131,3.134,3.1295,3.1335,17
2026-01-19 08:14:00,3.128,3.128,3.126,3.126,3.133,3.133,3.131,3.131,13
2026-01-19 08:15:00,3.127,3.129,3.1265,3.1275,3.132,3.134,3.1315,3.1325,11
2026-01-19 08:16:00,3.1285,3.1365,3.1285,3.1335,3.1335,3.1415,3.1335,3.1385,24
2026-01-19 08:17:00,3.134,3.1345,3.1295,3.133,3.139,3.1395,3.1345,3.138,28
2026-01-19 08:18:00,3.1325,3.134,3.1285,3.13,3.1375,3.139,3.1335,3.135,12
2026-01-19 08:19:00,3.1305,3.1325,3.13,3.1315,3.1355,3.1375,3.135,3.1365,19
2026-01-19 08:20:00,3.133,3.136,3.1315,3.1315,3.138,3.141,3.1365,3.1365,17
2026-01-19 08:21:00,3.131,3.1315,3.1275,3.128,3.136,3.1365,3.1325,3.133,13
2026-01-19 08:22:00,3.1285,3.1335,3.1275,3.13,3.1335,3.1385,3.1325,3.135,19
2026-01-19 08:23:00,3.1295,3.133,3.128,3.133,3.1345,3.138,3.133,3.138,11
2026-01-19 08:24:00,3.1335,3.1335,3.1305,3.131,3.1385,3.1385,3.1355,3.136,12
2026-01-19 08:25:00,3.1305,3.131,3.1275,3.129,3.1355,3.136,3.1325,3.134,10
2026-01-19 08:26:00,3.128,3.128,3.123,3.123,3.133,3.133,3.128,3.128,11
2026-01-19 08:27:00,3.1225,3.1225,3.1165,3.117,3.1275,3.1275,3.1215,3.122,19
2026-01-19 08:28:00,3.1175,3.1195,3.113,3.1145,3.1225,3.1245,3.118,3.1195,30
2026-01-19 08:29:00,3.115,3.118,3.1145,3.1155,3.12,3.123,3.1195,3.1205,26
2026-01-19 08:30:00,3.116,3.118,3.1145,3.115,3.121,3.123,3.1195,3.12,20
2026-01-19 08:31:00,3.1165,3.1165,3.114,3.114,3.1215,3.1215,3.119,3.119,7
2026-01-19 08:32:00,3.1135,3.1205,3.1135,3.1185,3.1185,3.1255,3.1185,3.1235,10
2026-01-19 08:33:00,3.12,3.1205,3.1155,3.1155,3.125,3.1255,3.1205,3.1205,14
2026-01-19 08:34:00,3.115,3.118,3.115,3.116,3.12,3.123,3.12,3.121,13
2026-01-19 08:35:00,3.1155,3.1165,3.115,3.1165,3.1205,3.1215,3.12,3.1215,5
2026-01-19 08:36:00,3.116,3.1185,3.116,3.117,3.121,3.1235,3.121,3.122,15
2026-01-19 08:37:00,3.1165,3.1185,3.1165,3.117,3.1215,3.1235,3.1215,3.122,10
2026-01-19 08:38:00,3.118,3.118,3.1165,3.1175,3.123,3.123,3.1215,3.1225,6
2026-01-19 08:39:00,3.117,3.1185,3.117,3.1185,3.122,3.1235,3.122,3.1235,5
2026-01-19 08:40:00,3.119,3.1195,3.1155,3.116,3.124,3.1245,3.1205,3.121,17
2026-01-19 08:41:00,3.1155,3.1155,3.1135,3.1135,3.1205,3.1205,3.1185,3.1185,7
2026-01-19 08:42:00,3.1145,3.118,3.1105,3.1175,3.1195,3.123,3.1155,3.1225,22
2026-01-19 08:43:00,3.117,3.117,3.116,3.116,3.122,3.122,3.121,3.121,6
2026-01-19 08:44:00,3.1155,3.1155,3.1135,3.1155,3.1205,3.1205,3.1185,3.1205,15
2026-01-19 08:45:00,3.115,3.115,3.1115,3.113,3.12,3.12,3.1165,3.118,15
2026-01-19 08:46:00,3.1125,3.1125,3.105,3.106,3.1175,3.1175,3.11,3.111,35
2026-01-19 08:47:00,3.105,3.1085,3.1025,3.108,3.11,3.1135,3.1075,3.113,33
2026-01-19 08:48:00,3.1085,3.109,3.108,3.109,3.1135,3.114,3.113,3.114,5
2026-01-19 08:49:00,3.1095,3.114,3.1075,3.1095,3.1145,3.119,3.1125,3.1145,28
2026-01-19 08:50:00,3.11,3.113,3.1085,3.113,3.115,3.118,3.1135,3.118,15
2026-01-19 08:51:00,3.1115,3.115,3.1115,3.1145,3.1165,3.12,3.1165,3.1195,14
2026-01-19 08:52:00,3.1135,3.115,3.112,3.1135,3.1185,3.12,3.117,3.1185,12
2026-01-19 08:53:00,3.1125,3.1135,3.1085,3.1085,3.1175,3.1185,3.1135,3.1135,18
2026-01-19 08:54:00,3.107,3.109,3.1035,3.104,3.112,3.114,3.1085,3.109,36
2026-01-19 08:55:00,3.1035,3.105,3.1015,3.1015,3.1085,3.11,3.1065,3.1065,22
2026-01-19 08:56:00,3.102,3.102,3.0955,3.096,3.107,3.107,3.1005,3.101,24
2026-01-19 08:57:00,3.0955,3.0955,3.095,3.0955,3.1005,3.1005,3.1,3.1005,5
2026-01-19 08:58:00,3.096,3.098,3.0945,3.098,3.101,3.103,3.0995,3.103,12
2026-01-19 08:59:00,3.0975,3.1015,3.097,3.1,3.1025,3.1065,3.102,3.105,9
2026-01-19 09:00:00,3.0995,3.0995,3.0945,3.096,3.1045,3.1045,3.0995,3.101,32
2026-01-19 09:01:00,3.0955,3.0965,3.0935,3.0955,3.1005,3.1015,3.0985,3.1005,14
2026-01-19 09:02:00,3.095,3.0955,3.0915,3.0925,3.1,3.1005,3.0965,3.0975,17
2026-01-19 09:03:00,3.092,3.0945,3.0905,3.0915,3.097,3.0995,3.0955,3.0965,19
2026-01-19 09:04:00,3.0925,3.0955,3.09,3.0945,3.0975,3.1005,3.095,3.0995,24
2026-01-19 09:05:00,3.095,3.095,3.0925,3.0945,3.1,3.1,3.0975,3.0995,17
2026-01-19 09:06:00,3.0955,3.0955,3.092,3.0945,3.1005,3.1005,3.097,3.0995,19
2026-01-19 09:07:00,3.094,3.0965,3.0935,3.0955,3.099,3.1015,3.0985,3.1005,12
2026-01-19 09:08:00,3.0965,3.1035,3.096,3.1025,3.1015,3.1085,3.101,3.1075,31
2026-01-19 09:09:00,3.1035,3.11,3.1035,3.1095,3.1085,3.115,3.1085,3.1145,19
2026-01-19 09:10:00,3.109,3.1135,3.1085,3.1135,3.114,3.1185,3.1135,3.1185,15
2026-01-19 09:11:00,3.113,3.113,3.106,3.106,3.118,3.118,3.111,3.111,25
2026-01-19 09:12:00,3.1055,3.1085,3.1055,3.1075,3.1105,3.1135,3.1105,3.1125,18
2026-01-19 09:13:00,3.108,3.108,3.104,3.104,3.113,3.113,3.109,3.109,22
2026-01-19 09:14:00,3.1045,3.106,3.1015,3.1045,3.1095,3.111,3.1065,3.1095,27
2026-01-19 09:15:00,3.104,3.104,3.101,3.102,3.109,3.109,3.106,3.107,14
2026-01-19 09:16:00,3.1015,3.1045,3.1015,3.103,3.1065,3.1095,3.1065,3.108,16
2026-01-19 09:17:00,3.1025,3.1035,3.098,3.0995,3.1075,3.1085,3.103,3.1045,26
2026-01-19 09:18:00,3.099,3.1015,3.0975,3.098,3.104,3.1065,3.1025,3.103,22
2026-01-19 09:19:00,3.0975,3.1055,3.0975,3.103,3.1025,3.1105,3.1025,3.108,23
2026-01-19 09:20:00,3.1025,3.1025,3.0995,3.102,3.1075,3.1075,3.1045,3.107,13
2026-01-19 09:21:00,3.1025,3.1025,3.0975,3.1005,3.1075,3.1075,3.1025,3.1055,13
2026-01-19 09:22:00,3.1,3.106,3.0995,3.105,3.105,3.111,3.1045,3.11,22
2026-01-19 09:23:00,3.1045,3.1055,3.1025,3.105,3.1095,3.1105,3.1075,3.11,17
2026-01-19 09:24:00,3.1055,3.1055,3.1025,3.1035,3.1105,3.1105,3.1075,3.1085,15
2026-01-19 09:25:00,3.103,3.1065,3.103,3.1065,3.108,3.1115,3.108,3.1115,6
2026-01-19 09:26:00,3.106,3.1075,3.106,3.1065,3.111,3.1125,3.111,3.1115,5
2026-01-19 09:27:00,3.107,3.1085,3.104,3.104,3.112,3.1135,3.109,3.109,20
2026-01-19 09:28:00,3.1035,3.1055,3.1035,3.105,3.1085,3.1105,3.1085,3.11,7
2026-01-19 09:29:00,3.1055,3.1055,3.102,3.1025,3.1105,3.1105,3.107,3.1075,16
2026-01-19 09:30:00,3.102,3.1075,3.102,3.1075,3.107,3.1125,3.107,3.1125,14
2026-01-19 09:31:00,3.107,3.115,3.107,3.114,3.112,3.12,3.112,3.119,19
2026-01-19 09:32:00,3.1155,3.1155,3.1125,3.1155,3.1205,3.1205,3.1175,3.1205,12
2026-01-19 09:33:00,3.1145,3.1155,3.11,3.1105,3.1195,3.1205,3.115,3.1155,17
2026-01-19 09:34:00,3.11,3.1105,3.11,3.11,3.115,3.1155,3.115,3.115,3
2026-01-19 09:35:00,3.1105,3.1135,3.108,3.108,3.1155,3.1185,3.113,3.113,17
2026-01-19 09:36:00,3.1075,3.108,3.104,3.108,3.1125,3.113,3.109,3.113,21
2026-01-19 09:37:00,3.1085,3.1115,3.108,3.1105,3.1135,3.1165,3.113,3.1155,12
2026-01-19 09:38:00,3.111,3.1115,3.109,3.109,3.116,3.1165,3.114,3.114,14
2026-01-19 09:39:00,3.11,3.1145,3.109,3.1135,3.115,3.1195,3.114,3.1185,11
2026-01-19 09:40:00,3.1155,3.1155,3.1075,3.108,3.1205,3.1205,3.1125,3.113,34
2026-01-19 09:41:00,3.1075,3.1115,3.107,3.1105,3.1125,3.1165,3.112,3.1155,12
2026-01-19 09:42:00,3.111,3.1135,3.11,3.113,3.116,3.1185,3.115,3.118,11
2026-01-19 09:43:00,3.1135,3.116,3.1135,3.116,3.1185,3.121,3.1185,3.121,7
2026-01-19 09:44:00,3.1155,3.117,3.113,3.114,3.1205,3.122,3.118,3.119,22
2026-01-19 09:45:00,3.1145,3.1165,3.1135,3.115,3.1195,3.1215,3.1185,3.12,17
2026-01-19 09:46:00,3.1145,3.1195,3.1135,3.119,3.1195,3.1245,3.1185,3.124,20
2026-01-19 09:47:00,3.1185,3.119,3.115,3.1165,3.1235,3.124,3.12,3.1215,13
2026-01-19 09:48:00,3.116,3.1195,3.116,3.1195,3.121,3.1245,3.121,3.1245,15
2026-01-19 09:49:00,3.12,3.1265,3.12,3.1255,3.125,3.1315,3.125,3.1305,20
2026-01-19 09:50:00,3.126,3.1265,3.1225,3.125,3.131,3.1315,3.1275,3.13,18
2026-01-19 09:51:00,3.1255,3.1275,3.1245,3.1255,3.1305,3.1325,3.1295,3.1305,16
2026-01-19 09:52:00,3.126,3.126,3.125,3.125,3.131,3.131,3.13,3.13,3
2026-01-19 09:53:00,3.1255,3.1285,3.1245,3.125,3.1305,3.1335,3.1295,3.13,23
2026-01-19 09:54:00,3.1255,3.1265,3.125,3.1255,3.1305,3.1315,3.13,3.1305,13
2026-01-19 09:55:00,3.126,3.128,3.126,3.127,3.131,3.133,3.131,3.132,8
2026-01-19 09:56:00,3.128,3.129,3.1265,3.128,3.133,3.134,3.1315,3.133,21
2026-01-19 09:57:00,3.1285,3.1285,3.126,3.1265,3.1335,3.1335,3.131,3.1315,9
2026-01-19 09:58:00,3.126,3.1275,3.1255,3.1275,3.131,3.1325,3.1305,3.1325,12
2026-01-19 09:59:00,3.1285,3.1295,3.121,3.125,3.1335,3.1345,3.126,3.13,25
2026-01-19 10:00:00,3.124,3.124,3.1165,3.1205,3.129,3.129,3.1215,3.1255,22
2026-01-19 10:01:00,3.1215,3.122,3.1205,3.1215,3.1265,3.127,3.1255,3.1265,9
2026-01-19 10:02:00,3.122,3.122,3.1205,3.121,3.127,3.127,3.1255,3.126,6
2026-01-19 10:03:00,3.122,3.124,3.1215,3.1215,3.127,3.129,3.1265,3.1265,17
2026-01-19 10:04:00,3.122,3.122,3.1195,3.122,3.127,3.127,3.1245,3.127,7
2026-01-19 10:05:00,3.1215,3.1215,3.1205,3.1205,3.1265,3.1265,3.1255,3.1255,5
2026-01-19 10:06:00,3.1215,3.1215,3.12,3.12,3.1265,3.1265,3.125,3.125,9
2026-01-19 10:07:00,3.1195,3.12,3.1195,3.12,3.1245,3.125,3.1245,3.125,4
2026-01-19 10:08:00,3.1205,3.121,3.12,3.1205,3.1255,3.126,3.125,3.1255,8
2026-01-19 10:09:00,3.12,3.1235,3.1195,3.1215,3.125,3.1285,3.1245,3.1265,18
2026-01-19 10:10:00,3.1225,3.1235,3.1205,3.121,3.1275,3.1285,3.1255,3.126,12
2026-01-19 10:11:00,3.1215,3.1255,3.1215,3.1245,3.1265,3.1305,3.1265,3.1295,19
2026-01-19 10:12:00,3.125,3.1255,3.124,3.125,3.13,3.1305,3.129,3.13,6
2026-01-19 10:13:00,3.1255,3.1255,3.125,3.125,3.1305,3.1305,3.13,3.13,2
2026-01-19 10:14:00,3.1245,3.1275,3.1245,3.1275,3.1295,3.1325,3.1295,3.1325,11
2026-01-19 10:15:00,3.127,3.1285,3.1265,3.128,3.132,3.1335,3.1315,3.133,11
2026-01-19 10:16:00,3.1275,3.1275,3.126,3.126,3.1325,3.1325,3.131,3.131,7
2026-01-19 10:17:00,3.1265,3.1265,3.119,3.12,3.1315,3.1315,3.124,3.125,18
2026-01-19 10:18:00,3.119,3.1195,3.1175,3.118,3.124,3.1245,3.1225,3.123,25
2026-01-19 10:19:00,3.1185,3.1195,3.1155,3.1195,3.1235,3.1245,3.1205,3.1245,23
2026-01-19 10:20:00,3.119,3.1195,3.119,3.119,3.124,3.1245,3.124,3.124,3
2026-01-19 10:21:00,3.1185,3.1205,3.1185,3.119,3.1235,3.1255,3.1235,3.124,7
2026-01-19 10:23:00,3.1185,3.1215,3.1185,3.1195,3.1235,3.1265,3.1235,3.1245,11
2026-01-19 10:24:00,3.12,3.12,3.1175,3.118,3.125,3.125,3.1225,3.123,5
2026-01-19 10:25:00,3.1175,3.1195,3.1175,3.1195,3.1225,3.1245,3.1225,3.1245,11
2026-01-19 10:26:00,3.119,3.121,3.119,3.121,3.124,3.126,3.124,3.126,7
2026-01-19 10:27:00,3.1205,3.121,3.1205,3.121,3.1255,3.126,3.1255,3.126,4
2026-01-19 10:28:00,3.1215,3.1215,3.1195,3.121,3.1265,3.1265,3.1245,3.126,9
2026-01-19 10:29:00,3.1205,3.1235,3.1205,3.1235,3.1255,3.1285,3.1255,3.1285,7
2026-01-19 10:30:00,3.124,3.128,3.124,3.1255,3.129,3.133,3.129,3.1305,26
2026-01-19 10:31:00,3.125,3.125,3.1245,3.1245,3.13,3.13,3.1295,3.1295,2
2026-01-19 10:32:00,3.124,3.1245,3.1225,3.123,3.129,3.1295,3.1275,3.128,13
2026-01-19 10:33:00,3.1235,3.1235,3.1205,3.1235,3.1285,3.1285,3.1255,3.1285,11
2026-01-19 10:34:00,3.122,3.124,3.1215,3.1225,3.127,3.129,3.1265,3.1275,12
2026-01-19 10:35:00,3.1205,3.121,3.12,3.1205,3.1255,3.126,3.125,3.1255,5
2026-01-19 10:36:00,3.12,3.1215,3.12,3.121,3.125,3.1265,3.125,3.126,7
2026-01-19 10:37:00,3.1215,3.1215,3.121,3.1215,3.1265,3.1265,3.126,3.1265,3
2026-01-19 10:38:00,3.121,3.1215,3.1185,3.1195,3.126,3.1265,3.1235,3.1245,14
2026-01-19 10:39:00,3.119,3.1195,3.119,3.119,3.124,3.1245,3.124,3.124,3
2026-01-19 10:40:00,3.1185,3.1195,3.1185,3.119,3.1235,3.1245,3.1235,3.124,7
2026-01-19 10:41:00,3.1185,3.1185,3.1145,3.115,3.1235,3.1235,3.1195,3.12,19
2026-01-19 10:42:00,3.1155,3.1165,3.115,3.1165,3.1205,3.1215,3.12,3.1215,7
2026-01-19 10:43:00,3.1175,3.119,3.117,3.117,3.1225,3.124,3.122,3.122,19
2026-01-19 10:44:00,3.1165,3.117,3.1155,3.1155,3.1215,3.122,3.1205,3.1205,6
2026-01-19 10:45:00,3.115,3.117,3.111,3.1115,3.12,3.122,3.116,3.1165,13
2026-01-19 10:46:00,3.112,3.1125,3.1115,3.112,3.117,3.1175,3.1165,3.117,5
2026-01-19 10:47:00,3.1115,3.124,3.1115,3.124,3.1165,3.129,3.1165,3.129,26
2026-01-19 10:48:00,3.1255,3.126,3.123,3.126,3.1305,3.131,3.128,3.131,10
2026-01-19 10:49:00,3.1265,3.128,3.126,3.1265,3.1315,3.133,3.131,3.1315,16
2026-01-19 10:50:00,3.127,3.128,3.1245,3.125,3.132,3.133,3.1295,3.13,15
2026-01-19 10:51:00,3.1245,3.125,3.123,3.1235,3.1295,3.13,3.128,3.1285,12
2026-01-19 10:52:00,3.124,3.1245,3.123,3.124,3.129,3.1295,3.128,3.129,7
2026-01-19 10:54:00,3.123,3.124,3.1225,3.1235,3.128,3.129,3.1275,3.1285,5
2026-01-19 10:55:00,3.1245,3.1295,3.1245,3.1275,3.1295,3.1345,3.1295,3.1325,14
2026-01-19 10:56:00,3.127,3.127,3.123,3.125,3.132,3.132,3.128,3.13,11
2026-01-19 10:57:00,3.1255,3.1285,3.1245,3.1275,3.1305,3.1335,3.1295,3.1325,15
2026-01-19 10:58:00,3.127,3.1325,3.127,3.132,3.132,3.1375,3.132,3.137,15
2026-01-19 10:59:00,3.1325,3.1325,3.1285,3.1285,3.1375,3.1375,3.1335,3.1335,10
2026-01-19 11:00:00,3.129,3.1315,3.129,3.1295,3.134,3.1365,3.134,3.1345,11
2026-01-19 11:01:00,3.13,3.13,3.128,3.1285,3.135,3.135,3.133,3.1335,11
2026-01-19 11:02:00,3.1295,3.131,3.1295,3.131,3.1345,3.136,3.1345,3.136,6
2026-01-19 11:03:00,3.1305,3.1335,3.1305,3.1315,3.1355,3.1385,3.1355,3.1365,10
2026-01-19 11:04:00,3.132,3.134,3.132,3.133,3.137,3.139,3.137,3.138,8
2026-01-19 11:05:00,3.1335,3.1365,3.1335,3.136,3.1385,3.1415,3.1385,3.141,19
2026-01-19 11:06:00,3.1355,3.136,3.132,3.1335,3.1405,3.141,3.137,3.1385,14
2026-01-19 11:07:00,3.133,3.1335,3.1295,3.1295,3.138,3.1385,3.1345,3.1345,7
2026-01-19 11:08:00,3.13,3.131,3.1295,3.1295,3.135,3.136,3.1345,3.1345,11
2026-01-19 11:09:00,3.129,3.1335,3.129,3.133,3.134,3.1385,3.134,3.138,14
2026-01-19 11:10:00,3.1325,3.1335,3.1325,3.1335,3.1375,3.1385,3.1375,3.1385,6
2026-01-19 11:11:00,3.134,3.1345,3.1295,3.1305,3.139,3.1395,3.1345,3.1355,12
2026-01-19 11:12:00,3.13,3.1305,3.1295,3.1305,3.135,3.1355,3.1345,3.1355,7
2026-01-19 11:13:00,3.131,3.1365,3.131,3.135,3.136,3.1415,3.136,3.14,19
2026-01-19 11:14:00,3.1345,3.1365,3.134,3.1365,3.1395,3.1415,3.139,3.1415,6
2026-01-19 11:15:00,3.1355,3.1365,3.1345,3.1365,3.1405,3.1415,3.1395,3.1415,12
2026-01-19 11:16:00,3.136,3.136,3.1355,3.136,3.141,3.141,3.1405,3.141,3
2026-01-19 11:17:00,3.1355,3.1365,3.1335,3.1345,3.1405,3.1415,3.1385,3.1395,22
2026-01-19 11:18:00,3.134,3.1355,3.1335,3.1345,3.139,3.1405,3.1385,3.1395,13
2026-01-19 11:19:00,3.135,3.1365,3.1345,3.1355,3.14,3.1415,3.1395,3.1405,8
2026-01-19 11:20:00,3.1365,3.1365,3.1365,3.1365,3.1415,3.1415,3.1415,3.1415,1
2026-01-19 11:21:00,3.1375,3.1395,3.1375,3.1395,3.1425,3.1445,3.1425,3.1445,14
2026-01-19 11:22:00,3.139,3.139,3.136,3.138,3.144,3.144,3.141,3.143,12
2026-01-19 11:23:00,3.1375,3.138,3.1365,3.1375,3.1425,3.143,3.1415,3.1425,7
2026-01-19 11:24:00,3.138,3.1385,3.1375,3.138,3.143,3.1435,3.1425,3.143,7
2026-01-19 11:25:00,3.1385,3.1395,3.1375,3.1375,3.1435,3.1445,3.1425,3.1425,14
2026-01-19 11:26:00,3.1385,3.1385,3.1375,3.1375,3.1435,3.1435,3.1425,3.1425,7
2026-01-19 11:27:00,3.1365,3.143,3.1365,3.1415,3.1415,3.148,3.1415,3.1465,18
2026-01-19 11:28:00,3.1405,3.1405,3.1385,3.139,3.1455,3.1455,3.1435,3.144,11
2026-01-19 11:29:00,3.1385,3.1395,3.1375,3.1395,3.1435,3.1445,3.1425,3.1445,5
2026-01-19 11:30:00,3.139,3.1405,3.1385,3.1385,3.144,3.1455,3.1435,3.1435,9
2026-01-19 11:31:00,3.1395,3.1395,3.1375,3.1375,3.1445,3.1445,3.1425,3.1425,5
2026-01-19 11:32:00,3.1365,3.1375,3.1365,3.1375,3.1415,3.1425,3.1415,3.1425,7
2026-01-19 11:33:00,3.137,3.1375,3.1345,3.1375,3.142,3.1425,3.1395,3.1425,15
2026-01-19 11:34:00,3.137,3.138,3.137,3.1375,3.142,3.143,3.142,3.1425,4
2026-01-19 11:35:00,3.1365,3.1375,3.1365,3.1375,3.1415,3.1425,3.1415,3.1425,11
2026-01-19 11:36:00,3.1385,3.1385,3.137,3.137,3.1435,3.1435,3.142,3.142,9
2026-01-19 11:37:00,3.1365,3.1375,3.1335,3.1365,3.1415,3.1425,3.1385,3.1415,21
2026-01-19 11:38:00,3.1375,3.1385,3.137,3.138,3.1425,3.1435,3.142,3.143,19
2026-01-19 11:39:00,3.1375,3.1405,3.1375,3.1405,3.1425,3.1455,3.1425,3.1455,18
2026-01-19 11:40:00,3.1395,3.1425,3.1395,3.1425,3.1445,3.1475,3.1445,3.1475,5
2026-01-19 11:41:00,3.1435,3.1435,3.1425,3.1435,3.1485,3.1485,3.1475,3.1485,5
2026-01-19 11:42:00,3.1425,3.1435,3.142,3.1425,3.1475,3.1485,3.147,3.1475,13
2026-01-19 11:43:00,3.143,3.1435,3.1415,3.143,3.148,3.1485,3.1465,3.148,23
2026-01-19 11:44:00,3.1435,3.1445,3.143,3.1435,3.1485,3.1495,3.148,3.1485,13
2026-01-19 11:45:00,3.143,3.143,3.1415,3.1415,3.148,3.148,3.1465,3.1465,4
2026-01-19 11:46:00,3.141,3.141,3.1385,3.1385,3.146,3.146,3.1435,3.1435,11
2026-01-19 11:47:00,3.138,3.1385,3.1375,3.138,3.143,3.1435,3.1425,3.143,8
2026-01-19 11:48:00,3.1375,3.1375,3.1375,3.1375,3.1425,3.1425,3.1425,3.1425,1
2026-01-19 11:49:00,3.137,3.139,3.1365,3.139,3.142,3.144,3.1415,3.144,10
2026-01-19 11:50:00,3.1375,3.138,3.1365,3.1375,3.1425,3.143,3.1415,3.1425,5
2026-01-19 11:52:00,3.138,3.138,3.1365,3.1375,3.143,3.143,3.1415,3.1425,5
2026-01-19 11:53:00,3.137,3.1375,3.137,3.137,3.142,3.1425,3.142,3.142,7
2026-01-19 11:54:00,3.1365,3.1365,3.1335,3.136,3.1415,3.1415,3.1385,3.141,20
2026-01-19 11:55:00,3.1355,3.1355,3.1295,3.1315,3.1405,3.1405,3.1345,3.1365,22
2026-01-19 11:56:00,3.1325,3.136,3.1325,3.136,3.1375,3.141,3.1375,3.141,12
2026-01-19 11:57:00,3.137,3.139,3.137,3.1385,3.142,3.144,3.142,3.1435,10
2026-01-19 11:58:00,3.138,3.138,3.1375,3.138,3.143,3.143,3.1425,3.143,3
2026-01-19 11:59:00,3.1375,3.1395,3.1375,3.1385,3.1425,3.1445,3.1425,3.1435,5
2026-01-19 12:00:00,3.139,3.139,3.136,3.1375,3.144,3.144,3.141,3.1425,9
2026-01-19 12:01:00,3.1385,3.1395,3.1385,3.1395,3.1435,3.1445,3.1435,3.1445,3
2026-01-19 12:02:00,3.139,3.1395,3.139,3.1395,3.144,3.1445,3.144,3.1445,4
2026-01-19 12:03:00,3.1385,3.139,3.1385,3.139,3.1435,3.144,3.1435,3.144,2
2026-01-19 12:04:00,3.1395,3.144,3.1395,3.144,3.1445,3.149,3.1445,3.149,10
2026-01-19 12:05:00,3.1435,3.1435,3.1425,3.1425,3.1485,3.1485,3.1475,3.1475,6
2026-01-19 12:07:00,3.143,3.1435,3.1425,3.143,3.148,3.1485,3.1475,3.148,7
2026-01-19 12:08:00,3.1425,3.1425,3.1425,3.1425,3.1475,3.1475,3.1475,3.1475,1
2026-01-19 12:09:00,3.143,3.1435,3.139,3.1405,3.148,3.1485,3.144,3.1455,12
2026-01-19 12:10:00,3.14,3.1425,3.14,3.1425,3.145,3.1475,3.145,3.1475,8
2026-01-19 12:12:00,3.143,3.143,3.1425,3.143,3.148,3.148,3.1475,3.148,3
2026-01-19 12:13:00,3.1425,3.1425,3.139,3.1405,3.1475,3.1475,3.144,3.1455,7
2026-01-19 12:14:00,3.141,3.141,3.1405,3.1405,3.146,3.146,3.1455,3.1455,2
2026-01-19 12:15:00,3.141,3.141,3.1375,3.138,3.146,3.146,3.1425,3.143,12
2026-01-19 12:16:00,3.1385,3.1405,3.137,3.1375,3.1435,3.1455,3.142,3.1425,29
2026-01-19 12:17:00,3.138,3.1395,3.138,3.1385,3.143,3.1445,3.143,3.1435,7
2026-01-19 12:18:00,3.139,3.1395,3.1375,3.138,3.144,3.1445,3.1425,3.143,7
2026-01-19 12:19:00,3.1385,3.153,3.1385,3.1485,3.1435,3.158,3.1435,3.1535,46
2026-01-19 12:20:00,3.149,3.155,3.149,3.155,3.154,3.16,3.154,3.16,13
2026-01-19 12:21:00,3.1555,3.1555,3.15,3.15,3.1605,3.1605,3.155,3.155,12
2026-01-19 12:22:00,3.1495,3.1555,3.1495,3.1535,3.1545,3.1605,3.1545,3.1585,15
2026-01-19 12:23:00,3.154,3.1575,3.154,3.1565,3.159,3.1625,3.159,3.1615,12
2026-01-19 12:24:00,3.1555,3.1575,3.1555,3.1575,3.1605,3.1625,3.1605,3.1625,6
2026-01-19 12:25:00,3.157,3.1585,3.1545,3.158,3.162,3.1635,3.1595,3.163,9
2026-01-19 12:26:00,3.1585,3.1595,3.156,3.1595,3.1635,3.1645,3.161,3.1645,9
2026-01-19 12:27:00,3.159,3.1595,3.1565,3.1575,3.164,3.1645,3.1615,3.1625,10
2026-01-19 12:28:00,3.158,3.158,3.156,3.1565,3.163,3.163,3.161,3.1615,14
2026-01-19 12:29:00,3.1575,3.165,3.1565,3.1635,3.1625,3.17,3.1615,3.1685,24
2026-01-19 12:30:00,3.165,3.165,3.1625,3.1645,3.17,3.17,3.1675,3.1695,11
2026-01-19 12:31:00,3.165,3.1725,3.165,3.1695,3.17,3.1775,3.17,3.1745,35
2026-01-19 12:32:00,3.1685,3.1695,3.1685,3.1695,3.1735,3.1745,3.1735,3.1745,4
2026-01-19 12:33:00,3.169,3.1745,3.168,3.1685,3.174,3.1795,3.173,3.1735,26
2026-01-19 12:34:00,3.169,3.169,3.167,3.167,3.174,3.174,3.172,3.172,11
2026-01-19 12:35:00,3.1665,3.1665,3.1625,3.1625,3.1715,3.1715,3.1675,3.1675,13
2026-01-19 12:36:00,3.1635,3.1785,3.1625,3.1755,3.1685,3.1835,3.1675,3.1805,34
2026-01-19 12:37:00,3.175,3.1755,3.1715,3.1715,3.18,3.1805,3.1765,3.1765,12
2026-01-19 12:38:00,3.171,3.1735,3.17,3.1705,3.176,3.1785,3.175,3.1755,13
2026-01-19 12:39:00,3.17,3.173,3.1685,3.169,3.175,3.178,3.1735,3.174,26
2026-01-19 12:40:00,3.1685,3.1705,3.167,3.1705,3.1735,3.1755,3.172,3.1755,17
2026-01-19 12:41:00,3.1695,3.1695,3.1655,3.166,3.1745,3.1745,3.1705,3.171,21
2026-01-19 12:42:00,3.1655,3.1685,3.165,3.166,3.1705,3.1735,3.17,3.171,23
2026-01-19 12:43:00,3.1665,3.1665,3.1635,3.1635,3.1715,3.1715,3.1685,3.1685,18
2026-01-19 12:44:00,3.1625,3.166,3.1625,3.165,3.1675,3.171,3.1675,3.17,18
2026-01-19 12:45:00,3.1655,3.1785,3.165,3.176,3.1705,3.1835,3.17,3.181,28
2026-01-19 12:46:00,3.1755,3.185,3.1755,3.183,3.1805,3.19,3.1805,3.188,28
2026-01-19 12:47:00,3.1825,3.1875,3.1815,3.186,3.1875,3.1925,3.1865,3.191,28
2026-01-19 12:48:00,3.1865,3.19,3.1845,3.185,3.1915,3.195,3.1895,3.19,39
2026-01-19 12:49:00,3.1845,3.185,3.181,3.181,3.1895,3.19,3.186,3.186,16
2026-01-19 12:50:00,3.1805,3.1835,3.1795,3.183,3.1855,3.1885,3.1845,3.188,31
2026-01-19 12:51:00,3.1835,3.1835,3.1815,3.182,3.1885,3.1885,3.1865,3.187,22
2026-01-19 12:52:00,3.1825,3.183,3.1815,3.182,3.1875,3.188,3.1865,3.187,14
2026-01-19 12:53:00,3.1825,3.1825,3.1815,3.1815,3.1875,3.1875,3.1865,3.1865,3
2026-01-19 12:54:00,3.182,3.1825,3.1795,3.1805,3.187,3.1875,3.1845,3.1855,14
2026-01-19 12:55:00,3.1815,3.1815,3.176,3.1775,3.1865,3.1865,3.181,3.1825,17
2026-01-19 12:56:00,3.178,3.1795,3.1765,3.1775,3.183,3.1845,3.1815,3.1825,16
2026-01-19 12:57:00,3.177,3.1785,3.1765,3.178,3.182,3.1835,3.1815,3.183,12
2026-01-19 12:58:00,3.1785,3.1805,3.1785,3.179,3.1835,3.1855,3.1835,3.184,14
2026-01-19 12:59:00,3.1795,3.1795,3.1755,3.177,3.1845,3.1845,3.1805,3.182,23
2026-01-19 13:00:00,3.1765,3.1765,3.171,3.1725,3.1815,3.1815,3.176,3.1775,42
2026-01-19 13:01:00,3.173,3.1795,3.173,3.179,3.178,3.1845,3.178,3.184,23
2026-01-19 13:02:00,3.1785,3.1805,3.178,3.1805,3.1835,3.1855,3.183,3.1855,24
2026-01-19 13:03:00,3.18,3.1905,3.1795,3.189,3.185,3.1955,3.1845,3.194,33
2026-01-19 13:04:00,3.1885,3.189,3.1855,3.187,3.1935,3.194,3.1905,3.192,21
2026-01-19 13:05:00,3.1875,3.1885,3.1825,3.1835,3.1925,3.1935,3.1875,3.1885,23
2026-01-19 13:06:00,3.1845,3.1865,3.184,3.185,3.1895,3.1915,3.189,3.19,13
2026-01-19 13:07:00,3.1845,3.1915,3.1835,3.1885,3.1895,3.1965,3.1885,3.1935,40
2026-01-19 13:08:00,3.1895,3.1895,3.1885,3.189,3.1945,3.1945,3.1935,3.194,6
2026-01-19 13:09:00,3.1885,3.189,3.1855,3.186,3.1935,3.194,3.1905,3.191,16
2026-01-19 13:10:00,3.1855,3.1855,3.1835,3.184,3.1905,3.1905,3.1885,3.189,14
2026-01-19 13:11:00,3.1845,3.1855,3.1825,3.1835,3.1895,3.1905,3.1875,3.1885,14
2026-01-19 13:12:00,3.184,3.185,3.183,3.1845,3.189,3.19,3.188,3.1895,12
2026-01-19 13:13:00,3.184,3.184,3.1825,3.184,3.189,3.189,3.1875,3.189,13
2026-01-19 13:14:00,3.1845,3.1845,3.1805,3.181,3.1895,3.1895,3.1855,3.186,30
2026-01-19 13:15:00,3.1815,3.1825,3.181,3.182,3.1865,3.1875,3.186,3.187,8
2026-01-19 13:16:00,3.181,3.181,3.1745,3.1745,3.186,3.186,3.1795,3.1795,31
2026-01-19 13:17:00,3.1755,3.1805,3.1755,3.18,3.1805,3.1855,3.1805,3.185,11
2026-01-19 13:18:00,3.1795,3.1805,3.1775,3.1785,3.1845,3.1855,3.1825,3.1835,17
2026-01-19 13:19:00,3.1775,3.1785,3.177,3.1785,3.1825,3.1835,3.182,3.1835,10
2026-01-19 13:20:00,3.1775,3.1785,3.1765,3.1785,3.1825,3.1835,3.1815,3.1835,8
2026-01-19 13:21:00,3.1775,3.186,3.1765,3.1845,3.1825,3.191,3.1815,3.1895,31
2026-01-19 13:22:00,3.1855,3.189,3.1845,3.186,3.1905,3.194,3.1895,3.191,35
2026-01-19 13:23:00,3.1855,3.1925,3.1855,3.1915,3.1905,3.1975,3.1905,3.1965,18
2026-01-19 13:24:00,3.1905,3.1945,3.1905,3.194,3.1955,3.1995,3.1955,3.199,30
2026-01-19 13:25:00,3.1935,3.1965,3.1935,3.194,3.1985,3.2015,3.1985,3.199,30
2026-01-19 13:26:00,3.1955,3.201,3.1955,3.199,3.2005,3.206,3.2005,3.204,40
2026-01-19 13:27:00,3.1985,3.2015,3.1985,3.2015,3.2035,3.2065,3.2035,3.2065,18
2026-01-19 13:28:00,3.202,3.2065,3.1975,3.206,3.207,3.2115,3.2025,3.211,40
2026-01-19 13:29:00,3.2065,3.2095,3.2045,3.2055,3.2115,3.2145,3.2095,3.2105,47
2026-01-19 13:30:00,3.206,3.2075,3.2035,3.2075,3.211,3.2125,3.2085,3.2125,20
2026-01-19 13:31:00,3.207,3.2075,3.2015,3.2015,3.212,3.2125,3.2065,3.2065,13
2026-01-19 13:32:00,3.2005,3.2025,3.2005,3.201,3.2055,3.2075,3.2055,3.206,12
2026-01-19 13:33:00,3.2015,3.213,3.2015,3.2115,3.2065,3.218,3.2065,3.2165,40
2026-01-19 13:34:00,3.2125,3.2125,3.2065,3.208,3.2175,3.2175,3.2115,3.213,37
2026-01-19 13:35:00,3.2075,3.2095,3.2075,3.2075,3.2125,3.2145,3.2125,3.2125,20
2026-01-19 13:36:00,3.208,3.209,3.2065,3.207,3.213,3.214,3.2115,3.212,23
2026-01-19 13:37:00,3.2075,3.2095,3.2075,3.2085,3.2125,3.2145,3.2125,3.2135,27
2026-01-19 13:38:00,3.2095,3.2095,3.2055,3.206,3.2145,3.2145,3.2105,3.211,22
2026-01-19 13:39:00,3.2085,3.213,3.208,3.21,3.2135,3.218,3.213,3.215,29
2026-01-19 13:40:00,3.211,3.211,3.2085,3.2105,3.216,3.216,3.2135,3.2155,12
2026-01-19 13:41:00,3.2095,3.2105,3.2085,3.209,3.2145,3.2155,3.2135,3.214,12
2026-01-19 13:42:00,3.2095,3.2095,3.2065,3.207,3.2145,3.2145,3.2115,3.212,10
2026-01-19 13:43:00,3.2065,3.2085,3.2065,3.2085,3.2115,3.2135,3.2115,3.2135,8
2026-01-19 13:44:00,3.208,3.2115,3.207,3.2105,3.213,3.2165,3.212,3.2155,19
2026-01-19 13:45:00,3.2095,3.2095,3.2035,3.2035,3.2145,3.2145,3.2085,3.2085,21
2026-01-19 13:46:00,3.2025,3.2035,3.2015,3.202,3.2075,3.2085,3.2065,3.207,12
2026-01-19 13:47:00,3.2015,3.2025,3.1945,3.195,3.2065,3.2075,3.1995,3.2,21
2026-01-19 13:48:00,3.1945,3.2,3.1935,3.194,3.1995,3.205,3.1985,3.199,37
2026-01-19 13:49:00,3.1945,3.1955,3.1925,3.1955,3.1995,3.2005,3.1975,3.2005,34
2026-01-19 13:50:00,3.196,3.1965,3.1945,3.1965,3.201,3.2015,3.1995,3.2015,9
2026-01-19 13:51:00,3.196,3.1965,3.1955,3.1965,3.201,3.2015,3.2005,3.2015,12
2026-01-19 13:52:00,3.1975,3.2055,3.1975,3.2,3.2025,3.2105,3.2025,3.205,27
2026-01-19 13:53:00,3.1995,3.2075,3.199,3.2065,3.2045,3.2125,3.204,3.2115,31
2026-01-19 13:54:00,3.207,3.2095,3.2055,3.206,3.212,3.2145,3.2105,3.211,35
2026-01-19 13:55:00,3.2055,3.2055,3.2025,3.203,3.2105,3.2105,3.2075,3.208,21
2026-01-19 13:56:00,3.2025,3.2045,3.2025,3.2035,3.2075,3.2095,3.2075,3.2085,17
2026-01-19 13:57:00,3.2045,3.2045,3.1975,3.1995,3.2095,3.2095,3.2025,3.2045,13
2026-01-19 13:58:00,3.2,3.202,3.2,3.2005,3.205,3.207,3.205,3.2055,9
2026-01-19 13:59:00,3.201,3.2025,3.1995,3.201,3.206,3.2075,3.2045,3.206,23
2026-01-19 14:00:00,3.2,3.2055,3.1935,3.204,3.205,3.2105,3.1985,3.209,67
2026-01-19 14:01:00,3.2045,3.211,3.2035,3.207,3.2095,3.216,3.2085,3.212,48
2026-01-19 14:02:00,3.2075,3.2095,3.2075,3.2085,3.2125,3.2145,3.2125,3.2135,7
2026-01-19 14:03:00,3.208,3.2105,3.2035,3.2095,3.213,3.2155,3.2085,3.2145,36
2026-01-19 14:04:00,3.209,3.2115,3.2065,3.2115,3.214,3.2165,3.2115,3.2165,20
2026-01-19 14:05:00,3.211,3.2115,3.2065,3.2095,3.216,3.2165,3.2115,3.2145,26
2026-01-19 14:06:00,3.209,3.2205,3.2085,3.2185,3.214,3.2255,3.2135,3.2235,29
2026-01-19 14:07:00,3.2175,3.2265,3.214,3.226,3.2225,3.2315,3.219,3.231,62
2026-01-19 14:08:00,3.2255,3.2345,3.2235,3.2335,3.2305,3.2395,3.2285,3.2385,64
2026-01-19 14:09:00,3.233,3.2415,3.2325,3.2405,3.238,3.2465,3.2375,3.2455,65
2026-01-19 14:10:00,3.24,3.2465,3.239,3.245,3.245,3.2515,3.244,3.25,69
2026-01-19 14:11:00,3.2445,3.2465,3.2405,3.241,3.2495,3.2515,3.2455,3.246,61
2026-01-19 14:12:00,3.2415,3.2445,3.2405,3.2425,3.2465,3.2495,3.2455,3.2475,52
2026-01-19 14:13:00,3.243,3.2455,3.243,3.244,3.248,3.2505,3.248,3.249,37
2026-01-19 14:14:00,3.2435,3.2475,3.2415,3.2465,3.2485,3.2525,3.2465,3.2515,37
2026-01-19 14:15:00,3.246,3.2535,3.246,3.25,3.251,3.2585,3.251,3.255,53
2026-01-19 14:16:00,3.2505,3.2555,3.25,3.2535,3.2555,3.2605,3.255,3.2585,38
2026-01-19 14:17:00,3.253,3.2585,3.2455,3.2465,3.258,3.2635,3.2505,3.2515,50
2026-01-19 14:18:00,3.2455,3.2495,3.2455,3.2465,3.2505,3.2545,3.2505,3.2515,42
2026-01-19 14:19:00,3.2455,3.2495,3.2455,3.247,3.2505,3.2545,3.2505,3.252,27
2026-01-19 14:20:00,3.2465,3.2495,3.2465,3.2485,3.2515,3.2545,3.2515,3.2535,45
2026-01-19 14:21:00,3.249,3.2525,3.2485,3.2515,3.254,3.2575,3.2535,3.2565,39
2026-01-19 14:22:00,3.252,3.2555,3.2515,3.253,3.257,3.2605,3.2565,3.258,32
2026-01-19 14:23:00,3.2525,3.2545,3.25,3.2505,3.2575,3.2595,3.255,3.2555,21
2026-01-19 14:24:00,3.251,3.256,3.2505,3.256,3.256,3.261,3.2555,3.261,40
2026-01-19 14:25:00,3.2555,3.2635,3.2555,3.2625,3.2605,3.2685,3.2605,3.2675,48
2026-01-19 14:26:00,3.2615,3.2645,3.2595,3.2645,3.2665,3.2695,3.2645,3.2695,33
2026-01-19 14:27:00,3.265,3.266,3.2635,3.2635,3.27,3.271,3.2685,3.2685,35
2026-01-19 14:28:00,3.264,3.2655,3.2595,3.2595,3.269,3.2705,3.2645,3.2645,31
2026-01-19 14:29:00,3.259,3.2595,3.2565,3.259,3.264,3.2645,3.2615,3.264,28
2026-01-19 14:30:00,3.2585,3.2685,3.2585,3.2655,3.2635,3.2735,3.2635,3.2705,22
2026-01-19 14:31:00,3.266,3.2755,3.2655,3.275,3.271,3.2805,3.2705,3.28,46
2026-01-19 14:32:00,3.2745,3.2765,3.2705,3.2725,3.2795,3.2815,3.2755,3.2775,41
2026-01-19 14:33:00,3.2735,3.2745,3.2715,3.2735,3.2785,3.2795,3.2765,3.2785,32
2026-01-19 14:34:00,3.273,3.2745,3.2725,3.2735,3.278,3.2795,3.2775,3.2785,5
2026-01-19 14:35:00,3.2725,3.2745,3.2705,3.2705,3.2775,3.2795,3.2755,3.2755,32
2026-01-19 14:36:00,3.2695,3.2705,3.2625,3.264,3.2745,3.2755,3.2675,3.269,46
2026-01-19 14:37:00,3.263,3.2645,3.2605,3.2615,3.268,3.2695,3.2655,3.2665,35
2026-01-19 14:38:00,3.2625,3.2665,3.2625,3.266,3.2675,3.2715,3.2675,3.271,28
2026-01-19 14:39:00,3.2665,3.2665,3.2635,3.2655,3.2715,3.2715,3.2685,3.2705,24
2026-01-19 14:40:00,3.265,3.2695,3.265,3.268,3.27,3.2745,3.27,3.273,28
2026-01-19 14:41:00,3.2685,3.2705,3.2665,3.2675,3.2735,3.2755,3.2715,3.2725,21
2026-01-19 14:42:00,3.268,3.2705,3.2665,3.2675,3.273,3.2755,3.2715,3.2725,42
2026-01-19 14:43:00,3.2685,3.2685,3.2565,3.2585,3.2735,3.2735,3.2615,3.2635,61
2026-01-19 14:44:00,3.2575,3.2605,3.2565,3.2595,3.2625,3.2655,3.2615,3.2645,26
2026-01-19 14:45:00,3.2605,3.2665,3.2595,3.2655,3.2655,3.2715,3.2645,3.2705,17
2026-01-19 14:46:00,3.2665,3.2665,3.2635,3.2645,3.2715,3.2715,3.2685,3.2695,35
2026-01-19 14:47:00,3.265,3.2745,3.2635,3.269,3.27,3.2795,3.2685,3.274,44
2026-01-19 14:48:00,3.2685,3.2695,3.2665,3.2665,3.2735,3.2745,3.2715,3.2715,18
2026-01-19 14:49:00,3.2675,3.2675,3.2615,3.2645,3.2725,3.2725,3.2665,3.2695,36
2026-01-19 14:50:00,3.2635,3.2635,3.2525,3.255,3.2685,3.2685,3.2575,3.26,44
2026-01-19 14:51:00,3.2555,3.2555,3.2535,3.2535,3.2605,3.2605,3.2585,3.2585,33
2026-01-19 14:52:00,3.2545,3.2545,3.2435,3.2475,3.2595,3.2595,3.2485,3.2525,37
2026-01-19 14:53:00,3.2485,3.2565,3.2445,3.256,3.2535,3.2615,3.2495,3.261,44
2026-01-19 14:54:00,3.2555,3.2575,3.2545,3.256,3.2605,3.2625,3.2595,3.261,24
2026-01-19 14:55:00,3.2555,3.2555,3.2515,3.2535,3.2605,3.2605,3.2565,3.2585,17
2026-01-19 14:56:00,3.253,3.2605,3.2515,3.26,3.258,3.2655,3.2565,3.265,41
2026-01-19 14:57:00,3.2605,3.2625,3.258,3.2625,3.2655,3.2675,3.263,3.2675,36
2026-01-19 14:58:00,3.2635,3.2665,3.2625,3.263,3.2685,3.2715,3.2675,3.268,27
2026-01-19 14:59:00,3.2625,3.2745,3.2625,3.2715,3.2675,3.2795,3.2675,3.2765,30
2026-01-19 15:00:00,3.272,3.2845,3.2705,3.277,3.277,3.2895,3.2755,3.282,99
2026-01-19 15:01:00,3.2765,3.2815,3.274,3.28,3.2815,3.2865,3.279,3.285,64
2026-01-19 15:02:00,3.2795,3.2845,3.274,3.274,3.2845,3.2895,3.279,3.279,55
2026-01-19 15:03:00,3.2745,3.2825,3.2715,3.28,3.2795,3.2875,3.2765,3.285,69
2026-01-19 15:04:00,3.281,3.2825,3.277,3.2825,3.286,3.2875,3.282,3.2875,47
2026-01-19 15:05:00,3.283,3.296,3.2815,3.2945,3.288,3.301,3.2865,3.2995,89
2026-01-19 15:06:00,3.295,3.3015,3.2945,3.299,3.3,3.3065,3.2995,3.304,72
2026-01-19 15:07:00,3.2985,3.3055,3.296,3.2985,3.3035,3.3105,3.301,3.3035,59
2026-01-19 15:08:00,3.2975,3.3035,3.297,3.303,3.3025,3.3085,3.302,3.308,35
2026-01-19 15:09:00,3.3025,3.3045,3.302,3.3025,3.3075,3.3095,3.307,3.3075,30
2026-01-19 15:10:00,3.3035,3.3135,3.3035,3.3135,3.3085,3.3185,3.3085,3.3185,54
2026-01-19 15:11:00,3.314,3.32,3.3115,3.3175,3.319,3.325,3.3165,3.3225,60
2026-01-19 15:12:00,3.3165,3.328,3.3165,3.326,3.3215,3.333,3.3215,3.331,69
2026-01-19 15:13:00,3.3255,3.333,3.3235,3.3295,3.3305,3.338,3.3285,3.3345,50
2026-01-19 15:14:00,3.3285,3.3285,3.3165,3.3205,3.3335,3.3335,3.3215,3.3255,93
2026-01-19 15:15:00,3.3195,3.3245,3.3155,3.3195,3.3245,3.3295,3.3205,3.3245,95
2026-01-19 15:16:00,3.32,3.3255,3.3125,3.3175,3.325,3.3305,3.3175,3.3225,57
2026-01-19 15:17:00,3.3185,3.325,3.3155,3.3235,3.3235,3.33,3.3205,3.3285,71
2026-01-19 15:18:00,3.3245,3.3325,3.3245,3.328,3.3295,3.3375,3.3295,3.333,64
2026-01-19 15:19:00,3.3285,3.3305,3.324,3.3255,3.3335,3.3355,3.329,3.3305,48
2026-01-19 15:20:00,3.326,3.3365,3.3255,3.3325,3.331,3.3415,3.3305,3.3375,58
2026-01-19 15:21:00,3.332,3.3365,3.332,3.3335,3.337,3.3415,3.337,3.3385,61
2026-01-19 15:22:00,3.334,3.334,3.3225,3.3245,3.339,3.339,3.3275,3.3295,47
2026-01-19 15:23:00,3.325,3.3305,3.3245,3.3305,3.33,3.3355,3.3295,3.3355,37
2026-01-19 15:24:00,3.331,3.3365,3.3305,3.3335,3.336,3.3415,3.3355,3.3385,31
2026-01-19 15:25:00,3.334,3.343,3.3325,3.336,3.339,3.348,3.3375,3.341,60
2026-01-19 15:26:00,3.3355,3.3365,3.332,3.3355,3.3405,3.3415,3.337,3.3405,59
2026-01-19 15:27:00,3.335,3.3385,3.3315,3.3325,3.34,3.3435,3.3365,3.3375,30
2026-01-19 15:28:00,3.333,3.3445,3.333,3.3435,3.338,3.3495,3.338,3.3485,61
2026-01-19 15:29:00,3.3445,3.3485,3.3425,3.3475,3.3495,3.3535,3.3475,3.3525,41
2026-01-19 15:30:00,3.347,3.354,3.3465,3.353,3.352,3.359,3.3515,3.358,72
2026-01-19 15:31:00,3.3525,3.356,3.3475,3.35,3.3575,3.361,3.3525,3.355,71
2026-01-19 15:32:00,3.3505,3.3555,3.3475,3.3535,3.3555,3.3605,3.3525,3.3585,69
2026-01-19 15:33:00,3.3525,3.3525,3.347,3.3505,3.3575,3.3575,3.352,3.3555,53
2026-01-19 15:34:00,3.351,3.3535,3.3455,3.352,3.356,3.3585,3.3505,3.357,57
2026-01-19 15:35:00,3.3515,3.3555,3.3465,3.347,3.3565,3.3605,3.3515,3.352,48
2026-01-19 15:36:00,3.3465,3.3505,3.3465,3.3485,3.3515,3.3555,3.3515,3.3535,58
2026-01-19 15:37:00,3.349,3.3515,3.3385,3.3405,3.354,3.3565,3.3435,3.3455,79
2026-01-19 15:38:00,3.341,3.3445,3.3395,3.3425,3.346,3.3495,3.3445,3.3475,66
2026-01-19 15:39:00,3.343,3.349,3.3415,3.3415,3.348,3.354,3.3465,3.3465,79
2026-01-19 15:40:00,3.341,3.347,3.3335,3.3395,3.346,3.352,3.3385,3.3445,91
2026-01-19 15:41:00,3.3405,3.3685,3.3395,3.3605,3.3455,3.3735,3.3445,3.3655,145
2026-01-19 15:42:00,3.36,3.3655,3.36,3.3635,3.365,3.3705,3.365,3.3685,45
2026-01-19 15:43:00,3.364,3.3775,3.3625,3.375,3.369,3.3825,3.3675,3.38,90
2026-01-19 15:44:00,3.3755,3.3875,3.3735,3.387,3.3805,3.3925,3.3785,3.392,80
2026-01-19 15:45:00,3.3865,3.387,3.3815,3.3835,3.3915,3.392,3.3865,3.3885,94
2026-01-19 15:46:00,3.384,3.3845,3.3705,3.377,3.389,3.3895,3.3755,3.382,80
2026-01-19 15:47:00,3.3765,3.3925,3.3765,3.3915,3.3815,3.3975,3.3815,3.3965,81
2026-01-19 15:48:00,3.3925,3.3975,3.3895,3.39,3.3975,3.4025,3.3945,3.395,80
2026-01-19 15:49:00,3.3895,3.3945,3.3845,3.3845,3.3945,3.3995,3.3895,3.3895,71
2026-01-19 15:50:00,3.385,3.3875,3.3785,3.3785,3.39,3.3925,3.3835,3.3835,65
2026-01-19 15:51:00,3.378,3.389,3.376,3.3885,3.383,3.394,3.381,3.3935,99
2026-01-19 15:52:00,3.388,3.388,3.376,3.383,3.393,3.393,3.381,3.388,64
2026-01-19 15:53:00,3.3835,3.3855,3.3795,3.3835,3.3885,3.3905,3.3845,3.3885,43
2026-01-19 15:54:00,3.383,3.3865,3.381,3.3845,3.388,3.3915,3.386,3.3895,52
2026-01-19 15:55:00,3.385,3.3885,3.3815,3.3845,3.39,3.3935,3.3865,3.3895,47
2026-01-19 15:56:00,3.3855,3.3885,3.3825,3.3825,3.3905,3.3935,3.3875,3.3875,35
2026-01-19 15:57:00,3.3815,3.3835,3.3735,3.3735,3.3865,3.3885,3.3785,3.3785,38
2026-01-19 15:58:00,3.3745,3.377,3.3715,3.3735,3.3795,3.382,3.3765,3.3785,53
2026-01-19 15:59:00,3.374,3.3775,3.3725,3.3755,3.379,3.3825,3.3775,3.3805,46
2026-01-19 16:00:00,3.3765,3.3835,3.3765,3.3785,3.3815,3.3885,3.3815,3.3835,60
2026-01-19 16:01:00,3.378,3.3815,3.3745,3.3765,3.383,3.3865,3.3795,3.3815,48
2026-01-19 16:02:00,3.376,3.3795,3.3705,3.3705,3.381,3.3845,3.3755,3.3755,71
2026-01-19 16:03:00,3.3715,3.3715,3.3635,3.3635,3.3765,3.3765,3.3685,3.3685,69
2026-01-19 16:04:00,3.364,3.371,3.3605,3.371,3.369,3.376,3.3655,3.376,52
2026-01-19 16:05:00,3.3715,3.3865,3.3715,3.3825,3.3765,3.3915,3.3765,3.3875,91
2026-01-19 16:06:00,3.3835,3.3945,3.3835,3.3875,3.3885,3.3995,3.3885,3.3925,90
2026-01-19 16:07:00,3.388,3.3905,3.3825,3.3825,3.393,3.3955,3.3875,3.3875,73
2026-01-19 16:08:00,3.3815,3.3815,3.375,3.375,3.3865,3.3865,3.38,3.38,53
2026-01-19 16:09:00,3.3755,3.3775,3.375,3.3755,3.3805,3.3825,3.38,3.3805,25
2026-01-19 16:10:00,3.3745,3.3815,3.3745,3.3785,3.3795,3.3865,3.3795,3.3835,64
2026-01-19 16:11:00,3.3795,3.3805,3.3695,3.3715,3.3845,3.3855,3.3745,3.3765,69
2026-01-19 16:12:00,3.371,3.376,3.369,3.375,3.376,3.381,3.374,3.38,46
2026-01-19 16:13:00,3.3755,3.3775,3.3725,3.3745,3.3805,3.3825,3.3775,3.3795,44
2026-01-19 16:14:00,3.375,3.3755,3.3665,3.37,3.38,3.3805,3.3715,3.375,51
2026-01-19 16:15:00,3.3695,3.378,3.3695,3.374,3.3745,3.383,3.3745,3.379,44
2026-01-19 16:16:00,3.3725,3.3735,3.3675,3.3725,3.3775,3.3785,3.3725,3.3775,37
2026-01-19 16:17:00,3.372,3.379,3.3715,3.377,3.377,3.384,3.3765,3.382,46
2026-01-19 16:18:00,3.3765,3.3825,3.3755,3.3815,3.3815,3.3875,3.3805,3.3865,46
2026-01-19 16:19:00,3.381,3.3825,3.3785,3.379,3.386,3.3875,3.3835,3.384,42
2026-01-19 16:20:00,3.3785,3.382,3.3785,3.3795,3.3835,3.387,3.3835,3.3845,36
2026-01-19 16:21:00,3.38,3.3935,3.3795,3.3905,3.385,3.3985,3.3845,3.3955,87
2026-01-19 16:22:00,3.39,3.3985,3.3855,3.3975,3.395,3.4035,3.3905,3.4025,65
2026-01-19 16:23:00,3.398,3.4025,3.3955,3.3965,3.403,3.4075,3.4005,3.4015,66
2026-01-19 16:24:00,3.396,3.3965,3.3885,3.392,3.401,3.4015,3.3935,3.397,63
2026-01-19 16:25:00,3.3915,3.3925,3.387,3.3875,3.3965,3.3975,3.392,3.3925,40
2026-01-19 16:26:00,3.388,3.3905,3.3855,3.3875,3.393,3.3955,3.3905,3.3925,47
2026-01-19 16:27:00,3.3865,3.3875,3.3825,3.3855,3.3915,3.3925,3.3875,3.3905,31
2026-01-19 16:28:00,3.385,3.3855,3.3835,3.3835,3.39,3.3905,3.3885,3.3885,23
2026-01-19 16:29:00,3.384,3.3865,3.3795,3.386,3.389,3.3915,3.3845,3.391,40
2026-01-19 16:30:00,3.3865,3.3965,3.3855,3.3935,3.3915,3.4015,3.3905,3.3985,80
2026-01-19 16:31:00,3.3925,3.395,3.3875,3.389,3.3975,3.4,3.3925,3.394,55
2026-01-19 16:32:00,3.3885,3.3885,3.3845,3.3855,3.3935,3.3935,3.3895,3.3905,40
2026-01-19 16:33:00,3.3865,3.3955,3.3865,3.393,3.3915,3.4005,3.3915,3.398,46
2026-01-19 16:34:00,3.3925,3.3925,3.3815,3.3815,3.3975,3.3975,3.3865,3.3865,48
2026-01-19 16:35:00,3.3805,3.3885,3.3805,3.387,3.3855,3.3935,3.3855,3.392,50
2026-01-19 16:36:00,3.3875,3.3885,3.3815,3.3825,3.3925,3.3935,3.3865,3.3875,42
2026-01-19 16:37:00,3.383,3.384,3.3785,3.3795,3.388,3.389,3.3835,3.3845,47
2026-01-19 16:38:00,3.379,3.3825,3.3735,3.3795,3.384,3.3875,3.3785,3.3845,61
2026-01-19 16:39:00,3.38,3.3825,3.375,3.3805,3.385,3.3875,3.38,3.3855,53
2026-01-19 16:40:00,3.381,3.3845,3.3785,3.3795,3.386,3.3895,3.3835,3.3845,43
2026-01-19 16:41:00,3.379,3.3815,3.378,3.3785,3.384,3.3865,3.383,3.3835,39
2026-01-19 16:42:00,3.378,3.3785,3.362,3.3675,3.383,3.3835,3.367,3.3725,124
2026-01-19 16:43:00,3.368,3.369,3.3515,3.353,3.373,3.374,3.3565,3.358,108
2026-01-19 16:44:00,3.3535,3.3555,3.3435,3.3505,3.3585,3.3605,3.3485,3.3555,88
2026-01-19 16:45:00,3.351,3.357,3.3495,3.3555,3.356,3.362,3.3545,3.3605,92
2026-01-19 16:46:00,3.355,3.3555,3.3435,3.344,3.36,3.3605,3.3485,3.349,47
2026-01-19 16:47:00,3.3435,3.35,3.341,3.3425,3.3485,3.355,3.346,3.3475,100
2026-01-19 16:48:00,3.343,3.3435,3.3365,3.3385,3.348,3.3485,3.3415,3.3435,58
2026-01-19 16:49:00,3.3375,3.343,3.3355,3.3355,3.3425,3.348,3.3405,3.3405,51
2026-01-19 16:50:00,3.336,3.3395,3.3345,3.3395,3.341,3.3445,3.3395,3.3445,52
2026-01-19 16:51:00,3.339,3.3525,3.338,3.352,3.344,3.3575,3.343,3.357,85
2026-01-19 16:52:00,3.3525,3.3615,3.3495,3.3605,3.3575,3.3665,3.3545,3.3655,98
2026-01-19 16:53:00,3.36,3.362,3.3545,3.3555,3.365,3.367,3.3595,3.3605,45
2026-01-19 16:54:00,3.356,3.3575,3.3495,3.352,3.361,3.3625,3.3545,3.357,47
2026-01-19 16:55:00,3.3515,3.3535,3.349,3.3505,3.3565,3.3585,3.354,3.3555,45
2026-01-19 16:56:00,3.351,3.3515,3.346,3.3495,3.356,3.3565,3.351,3.3545,48
2026-01-19 16:57:00,3.35,3.35,3.342,3.3455,3.355,3.355,3.347,3.3505,47
2026-01-19 16:58:00,3.3465,3.3615,3.3445,3.3585,3.3515,3.3665,3.3495,3.3635,45
2026-01-19 16:59:00,3.3595,3.3685,3.358,3.3635,3.3645,3.3735,3.363,3.3685,64
2026-01-19 17:00:00,3.364,3.369,3.361,3.3615,3.369,3.374,3.366,3.3665,62
2026-01-19 17:01:00,3.3625,3.3695,3.36,3.3675,3.3675,3.3745,3.365,3.3725,39
2026-01-19 17:02:00,3.3655,3.3655,3.3585,3.3595,3.3705,3.3705,3.3635,3.3645,48
2026-01-19 17:03:00,3.359,3.359,3.3405,3.3485,3.364,3.364,3.3455,3.3535,65
2026-01-19 17:04:00,3.349,3.356,3.3485,3.3545,3.354,3.361,3.3535,3.3595,33
2026-01-19 17:05:00,3.356,3.3635,3.355,3.361,3.361,3.3685,3.36,3.366,50
2026-01-19 17:06:00,3.3605,3.3665,3.3605,3.3665,3.3655,3.3715,3.3655,3.3715,42
2026-01-19 17:07:00,3.3645,3.3675,3.3605,3.364,3.3695,3.3725,3.3655,3.369,51
2026-01-19 17:08:00,3.3655,3.373,3.3645,3.3705,3.3705,3.378,3.3695,3.3755,40
2026-01-19 17:09:00,3.3695,3.3735,3.3665,3.3715,3.3745,3.3785,3.3715,3.3765,26
2026-01-19 17:10:00,3.372,3.3865,3.372,3.3805,3.377,3.3915,3.377,3.3855,69
2026-01-19 17:11:00,3.3815,3.3855,3.3805,3.381,3.3865,3.3905,3.3855,3.386,34
2026-01-19 17:12:00,3.3815,3.3815,3.3755,3.3805,3.3865,3.3865,3.3805,3.3855,34
2026-01-19 17:13:00,3.3795,3.3825,3.3755,3.381,3.3845,3.3875,3.3805,3.386,37
2026-01-19 17:14:00,3.3805,3.3815,3.3775,3.3785,3.3855,3.3865,3.3825,3.3835,25
2026-01-19 17:15:00,3.378,3.3795,3.369,3.3695,3.383,3.3845,3.374,3.3745,69
2026-01-19 17:16:00,3.37,3.3785,3.37,3.376,3.375,3.3835,3.375,3.381,42
2026-01-19 17:17:00,3.377,3.377,3.3675,3.3715,3.382,3.382,3.3725,3.3765,17
2026-01-19 17:18:00,3.371,3.3725,3.3645,3.3725,3.376,3.3775,3.3695,3.3775,39
2026-01-19 17:19:00,3.3715,3.3735,3.3705,3.3725,3.3765,3.3785,3.3755,3.3775,30
2026-01-19 17:20:00,3.373,3.3775,3.371,3.371,3.378,3.3825,3.376,3.376,23
2026-01-19 17:21:00,3.3715,3.3715,3.3625,3.3625,3.3765,3.3765,3.3675,3.3675,47
2026-01-19 17:22:00,3.3615,3.3625,3.3565,3.358,3.3665,3.3675,3.3615,3.363,58
2026-01-19 17:23:00,3.357,3.358,3.35,3.3515,3.362,3.363,3.355,3.3565,42
2026-01-19 17:24:00,3.352,3.352,3.338,3.341,3.357,3.357,3.343,3.346,72
2026-01-19 17:25:00,3.34,3.3415,3.3255,3.3285,3.345,3.3465,3.3305,3.3335,64
2026-01-19 17:26:00,3.328,3.331,3.3215,3.322,3.333,3.336,3.3265,3.327,79
2026-01-19 17:27:00,3.3215,3.3305,3.3215,3.33,3.3265,3.3355,3.3265,3.335,28
2026-01-19 17:28:00,3.3285,3.3295,3.3265,3.329,3.3335,3.3345,3.3315,3.334,21
2026-01-19 17:29:00,3.3285,3.3305,3.3265,3.3295,3.3335,3.3355,3.3315,3.3345,35
2026-01-19 17:30:00,3.33,3.3415,3.328,3.3415,3.335,3.3465,3.333,3.3465,54
2026-01-19 17:31:00,3.3405,3.3455,3.3385,3.341,3.3455,3.3505,3.3435,3.346,68
2026-01-19 17:32:00,3.3405,3.3455,3.3405,3.3425,3.3455,3.3505,3.3455,3.3475,36
2026-01-19 17:33:00,3.343,3.343,3.3355,3.3375,3.348,3.348,3.3405,3.3425,35
2026-01-19 17:34:00,3.3365,3.3365,3.327,3.3315,3.3415,3.3415,3.332,3.3365,45
2026-01-19 17:35:00,3.3325,3.3405,3.33,3.34,3.3375,3.3455,3.335,3.345,46
2026-01-19 17:36:00,3.3405,3.3405,3.3375,3.3395,3.3455,3.3455,3.3425,3.3445,30
2026-01-19 17:37:00,3.339,3.339,3.3325,3.3335,3.344,3.344,3.3375,3.3385,40
2026-01-19 17:38:00,3.3325,3.3505,3.331,3.3445,3.3375,3.3555,3.336,3.3495,74
2026-01-19 17:39:00,3.344,3.3495,3.344,3.3465,3.349,3.3545,3.349,3.3515,38
2026-01-19 17:40:00,3.3455,3.3465,3.3425,3.3435,3.3505,3.3515,3.3475,3.3485,33
2026-01-19 17:41:00,3.343,3.3505,3.3425,3.3425,3.348,3.3555,3.3475,3.3475,33
2026-01-19 17:42:00,3.34,3.341,3.3355,3.336,3.345,3.346,3.3405,3.341,42
2026-01-19 17:43:00,3.3365,3.3455,3.3365,3.343,3.3415,3.3505,3.3415,3.348,54
2026-01-19 17:44:00,3.3425,3.3425,3.3385,3.339,3.3475,3.3475,3.3435,3.344,29
2026-01-19 17:45:00,3.3385,3.3465,3.3365,3.3415,3.3435,3.3515,3.3415,3.3465,40
2026-01-19 17:46:00,3.341,3.3475,3.3405,3.3435,3.346,3.3525,3.3455,3.3485,24
2026-01-19 17:47:00,3.3445,3.3495,3.3445,3.3485,3.3495,3.3545,3.3495,3.3535,49
2026-01-19 17:48:00,3.348,3.3505,3.3465,3.3465,3.353,3.3555,3.3515,3.3515,23
2026-01-19 17:49:00,3.347,3.3485,3.343,3.343,3.352,3.3535,3.348,3.348,13
2026-01-19 17:50:00,3.3435,3.3605,3.3435,3.3605,3.3485,3.3655,3.3485,3.3655,34
2026-01-19 17:51:00,3.3595,3.3595,3.3535,3.358,3.3645,3.3645,3.3585,3.363,35
2026-01-19 17:52:00,3.3575,3.3575,3.3545,3.3555,3.3625,3.3625,3.3595,3.3605,18
2026-01-19 17:53:00,3.355,3.3555,3.3515,3.3535,3.36,3.3605,3.3565,3.3585,35
2026-01-19 17:54:00,3.3545,3.3545,3.3485,3.3505,3.3595,3.3595,3.3535,3.3555,23
2026-01-19 17:55:00,3.351,3.353,3.3475,3.3505,3.356,3.358,3.3525,3.3555,39
2026-01-19 17:56:00,3.351,3.355,3.351,3.3545,3.356,3.36,3.356,3.3595,12
2026-01-19 17:57:00,3.354,3.362,3.3525,3.3605,3.359,3.367,3.3575,3.3655,45
2026-01-19 17:58:00,3.36,3.3635,3.3575,3.3575,3.365,3.3685,3.3625,3.3625,21
2026-01-19 17:59:00,3.3565,3.3565,3.3425,3.3465,3.3615,3.3615,3.3475,3.3515,52
2026-01-19 18:00:00,3.3475,3.3665,3.3475,3.362,3.3525,3.3715,3.3525,3.367,75
2026-01-19 18:01:00,3.3615,3.3625,3.3525,3.3535,3.3665,3.3675,3.3575,3.3585,50
2026-01-19 18:02:00,3.354,3.3685,3.354,3.3655,3.359,3.3735,3.359,3.3705,50
2026-01-19 18:03:00,3.3645,3.3655,3.3605,3.3635,3.3695,3.3705,3.3655,3.3685,31
2026-01-19 18:04:00,3.3625,3.3655,3.3585,3.3615,3.3675,3.3705,3.3635,3.3665,44
2026-01-19 18:05:00,3.362,3.3695,3.3605,3.3665,3.367,3.3745,3.3655,3.3715,42
2026-01-19 18:06:00,3.3655,3.3665,3.3615,3.3665,3.3705,3.3715,3.3665,3.3715,40
2026-01-19 18:07:00,3.3675,3.369,3.365,3.3665,3.3725,3.374,3.37,3.3715,31
2026-01-19 18:08:00,3.367,3.3675,3.3645,3.3655,3.372,3.3725,3.3695,3.3705,20
2026-01-19 18:09:00,3.3665,3.3685,3.3635,3.3655,3.3715,3.3735,3.3685,3.3705,25
2026-01-19 18:10:00,3.366,3.3705,3.3655,3.3675,3.371,3.3755,3.3705,3.3725,36
2026-01-19 18:11:00,3.3685,3.3725,3.3675,3.3705,3.3735,3.3775,3.3725,3.3755,17
2026-01-19 18:12:00,3.3695,3.3725,3.365,3.3665,3.3745,3.3775,3.37,3.3715,34
2026-01-19 18:13:00,3.3655,3.3655,3.3565,3.3625,3.3705,3.3705,3.3615,3.3675,30
2026-01-19 18:14:00,3.362,3.363,3.3595,3.3625,3.367,3.368,3.3645,3.3675,19
2026-01-19 18:15:00,3.362,3.3655,3.3605,3.364,3.367,3.3705,3.3655,3.369,23
2026-01-19 18:16:00,3.3645,3.3725,3.3645,3.366,3.3695,3.3775,3.3695,3.371,31
2026-01-19 18:17:00,3.3665,3.3675,3.3635,3.3645,3.3715,3.3725,3.3685,3.3695,19
2026-01-19 18:18:00,3.3635,3.3725,3.3635,3.37,3.3685,3.3775,3.3685,3.375,53
2026-01-19 18:19:00,3.3705,3.3705,3.364,3.3675,3.3755,3.3755,3.369,3.3725,19
2026-01-19 18:20:00,3.368,3.3685,3.363,3.366,3.373,3.3735,3.368,3.371,27
2026-01-19 18:21:00,3.367,3.3705,3.3665,3.3695,3.372,3.3755,3.3715,3.3745,40
2026-01-19 18:22:00,3.37,3.37,3.3665,3.3665,3.375,3.375,3.3715,3.3715,19
2026-01-19 18:23:00,3.366,3.3665,3.3595,3.361,3.371,3.3715,3.3645,3.366,27
2026-01-19 18:24:00,3.3605,3.3615,3.3575,3.36,3.3655,3.3665,3.3625,3.365,24
2026-01-19 18:25:00,3.3605,3.366,3.3605,3.3655,3.3655,3.371,3.3655,3.3705,22
2026-01-19 18:26:00,3.366,3.366,3.3575,3.3605,3.371,3.371,3.3625,3.3655,39
2026-01-19 18:27:00,3.3615,3.3625,3.3595,3.3605,3.3665,3.3675,3.3645,3.3655,13
2026-01-19 18:28:00,3.361,3.3655,3.3605,3.3645,3.366,3.3705,3.3655,3.3695,20
2026-01-19 18:29:00,3.365,3.3655,3.3605,3.362,3.37,3.3705,3.3655,3.367,17
2026-01-19 18:30:00,3.361,3.363,3.3575,3.3585,3.366,3.368,3.3625,3.3635,27
2026-01-19 18:31:00,3.358,3.361,3.3565,3.3605,3.363,3.366,3.3615,3.3655,29
2026-01-19 18:32:00,3.361,3.361,3.3555,3.3595,3.366,3.366,3.3605,3.3645,24
2026-01-19 18:33:00,3.3585,3.362,3.3555,3.3585,3.3635,3.367,3.3605,3.3635,34
2026-01-19 18:34:00,3.359,3.3615,3.358,3.3595,3.364,3.3665,3.363,3.3645,16
2026-01-19 18:35:00,3.359,3.3595,3.356,3.359,3.364,3.3645,3.361,3.364,27
2026-01-19 18:36:00,3.3595,3.3625,3.359,3.359,3.3645,3.3675,3.364,3.364,11
2026-01-19 18:37:00,3.3595,3.3605,3.3555,3.356,3.3645,3.3655,3.3605,3.361,27
2026-01-19 18:38:00,3.3565,3.357,3.3535,3.3545,3.3615,3.362,3.3585,3.3595,18
2026-01-19 18:39:00,3.354,3.357,3.3515,3.3555,3.359,3.362,3.3565,3.3605,35
2026-01-19 18:40:00,3.356,3.356,3.3485,3.3525,3.361,3.361,3.3535,3.3575,35
2026-01-19 18:41:00,3.353,3.3575,3.353,3.3565,3.358,3.3625,3.358,3.3615,24
2026-01-19 18:42:00,3.3575,3.3615,3.356,3.3595,3.3625,3.3665,3.361,3.3645,31
2026-01-19 18:43:00,3.3605,3.3705,3.3605,3.3695,3.3655,3.3755,3.3655,3.3745,64
2026-01-19 18:44:00,3.3685,3.3725,3.3675,3.3685,3.3735,3.3775,3.3725,3.3735,51
2026-01-19 18:45:00,3.3675,3.3745,3.365,3.3735,3.3725,3.3795,3.37,3.3785,37
2026-01-19 18:46:00,3.374,3.3835,3.3735,3.381,3.379,3.3885,3.3785,3.386,78
2026-01-19 18:47:00,3.3805,3.3865,3.3805,3.3835,3.3855,3.3915,3.3855,3.3885,46
2026-01-19 18:48:00,3.383,3.3845,3.3805,3.3815,3.388,3.3895,3.3855,3.3865,33
2026-01-19 18:49:00,3.381,3.383,3.3755,3.3775,3.386,3.388,3.3805,3.3825,43
2026-01-19 18:50:00,3.378,3.3785,3.377,3.378,3.383,3.3835,3.382,3.383,18
2026-01-19 18:51:00,3.3775,3.379,3.3745,3.3745,3.3825,3.384,3.3795,3.3795,20
2026-01-19 18:52:00,3.375,3.382,3.375,3.3755,3.38,3.387,3.38,3.3805,41
2026-01-19 18:53:00,3.3745,3.376,3.3735,3.3745,3.3795,3.381,3.3785,3.3795,19
2026-01-19 18:54:00,3.3735,3.3755,3.3705,3.3715,3.3785,3.3805,3.3755,3.3765,29
2026-01-19 18:55:00,3.371,3.3725,3.3645,3.365,3.376,3.3775,3.3695,3.37,34
2026-01-19 18:56:00,3.3665,3.3685,3.3575,3.3605,3.3715,3.3735,3.3625,3.3655,37
2026-01-19 18:57:00,3.3595,3.3595,3.3475,3.3485,3.3645,3.3645,3.3525,3.3535,57
2026-01-19 18:58:00,3.349,3.349,3.341,3.3465,3.354,3.354,3.346,3.3515,61
2026-01-19 18:59:00,3.347,3.3495,3.3455,3.3465,3.352,3.3545,3.3505,3.3515,44
2026-01-19 19:00:00,3.347,3.3545,3.345,3.3535,3.352,3.3595,3.35,3.3585,51
2026-01-19 19:01:00,3.353,3.3605,3.353,3.3595,3.358,3.3655,3.358,3.3645,54
2026-01-19 19:02:00,3.359,3.3835,3.359,3.3785,3.364,3.3885,3.364,3.3835,104
2026-01-19 19:03:00,3.378,3.3785,3.3575,3.3645,3.383,3.3835,3.3625,3.3695,93
2026-01-19 19:04:00,3.365,3.365,3.3565,3.364,3.37,3.37,3.3615,3.369,66
2026-01-19 19:05:00,3.3635,3.371,3.3615,3.3615,3.3685,3.376,3.3665,3.3665,40
2026-01-19 19:06:00,3.361,3.3635,3.3515,3.3535,3.366,3.3685,3.3565,3.3585,54
2026-01-19 19:07:00,3.353,3.372,3.344,3.3605,3.358,3.377,3.349,3.3655,159
2026-01-19 19:08:00,3.361,3.3635,3.3585,3.3635,3.366,3.3685,3.3635,3.3685,18
2026-01-19 19:09:00,3.362,3.3735,3.3595,3.366,3.367,3.3785,3.3645,3.371,78
2026-01-19 19:10:00,3.3655,3.3675,3.3595,3.3615,3.3705,3.3725,3.3645,3.3665,30
2026-01-19 19:11:00,3.362,3.3655,3.3515,3.357,3.367,3.3705,3.3565,3.362,77
2026-01-19 19:12:00,3.3575,3.358,3.3555,3.3555,3.3625,3.363,3.3605,3.3605,15
2026-01-19 19:13:00,3.356,3.3565,3.3375,3.3465,3.361,3.3615,3.3425,3.3515,108
2026-01-19 19:14:00,3.3435,3.3435,3.3295,3.336,3.3485,3.3485,3.3345,3.341,75
2026-01-19 19:15:00,3.3365,3.3455,3.336,3.341,3.3415,3.3505,3.341,3.346,53
2026-01-19 19:16:00,3.3405,3.3435,3.3405,3.3425,3.3455,3.3485,3.3455,3.3475,18
2026-01-19 19:17:00,3.3415,3.3415,3.3295,3.3315,3.3465,3.3465,3.3345,3.3365,54
2026-01-19 19:18:00,3.3325,3.333,3.3275,3.329,3.3375,3.338,3.3325,3.334,35
2026-01-19 19:19:00,3.3295,3.331,3.3245,3.331,3.3345,3.336,3.3295,3.336,47
2026-01-19 19:20:00,3.3295,3.3325,3.309,3.3145,3.3345,3.3375,3.314,3.3195,118
2026-01-19 19:21:00,3.3155,3.3185,3.3095,3.3105,3.3205,3.3235,3.3145,3.3155,52
2026-01-19 19:22:00,3.3095,3.3135,3.3065,3.3115,3.3145,3.3185,3.3115,3.3165,48
2026-01-19 19:23:00,3.311,3.315,3.3055,3.3125,3.316,3.32,3.3105,3.3175,72
2026-01-19 19:24:00,3.313,3.313,3.3075,3.3105,3.318,3.318,3.3125,3.3155,57
2026-01-19 19:25:00,3.311,3.3285,3.311,3.323,3.316,3.3335,3.316,3.328,49
2026-01-19 19:26:00,3.322,3.322,3.314,3.314,3.327,3.327,3.319,3.319,25
2026-01-19 19:27:00,3.3125,3.3135,3.2985,3.3,3.3175,3.3185,3.3035,3.305,34
2026-01-19 19:28:00,3.2985,3.3035,3.2945,3.2975,3.3035,3.3085,3.2995,3.3025,44
2026-01-19 19:29:00,3.298,3.299,3.29,3.2915,3.303,3.304,3.295,3.2965,34
2026-01-19 19:30:00,3.291,3.2995,3.2835,3.299,3.296,3.3045,3.2885,3.304,56
2026-01-19 19:31:00,3.3,3.3,3.284,3.2935,3.305,3.305,3.289,3.2985,58
2026-01-19 19:32:00,3.2945,3.3005,3.292,3.2985,3.2995,3.3055,3.297,3.3035,34
2026-01-19 19:33:00,3.2975,3.3115,3.2975,3.309,3.3025,3.3165,3.3025,3.314,52
2026-01-19 19:34:00,3.3105,3.3105,3.2995,3.2995,3.3155,3.3155,3.3045,3.3045,34
2026-01-19 19:35:00,3.3005,3.31,3.2985,3.3035,3.3055,3.315,3.3035,3.3085,61
2026-01-19 19:36:00,3.303,3.306,3.2945,3.2965,3.308,3.311,3.2995,3.3015,58
2026-01-19 19:37:00,3.296,3.296,3.2725,3.2775,3.301,3.301,3.2775,3.2825,99
2026-01-19 19:38:00,3.278,3.285,3.2775,3.2835,3.283,3.29,3.2825,3.2885,33
2026-01-19 19:39:00,3.285,3.287,3.2805,3.2815,3.29,3.292,3.2855,3.2865,33
2026-01-19 19:40:00,3.281,3.2845,3.2755,3.2785,3.286,3.2895,3.2805,3.2835,53
2026-01-19 19:41:00,3.278,3.2795,3.2735,3.2745,3.283,3.2845,3.2785,3.2795,34
2026-01-19 19:42:00,3.275,3.275,3.2635,3.2665,3.28,3.28,3.2685,3.2715,60
2026-01-19 19:43:00,3.267,3.2805,3.267,3.277,3.272,3.2855,3.272,3.282,56
2026-01-19 19:44:00,3.2765,3.2785,3.2725,3.2735,3.2815,3.2835,3.2775,3.2785,30
2026-01-19 19:45:00,3.273,3.2885,3.273,3.2865,3.278,3.2935,3.278,3.2915,50
2026-01-19 19:46:00,3.2855,3.2885,3.2715,3.2735,3.2905,3.2935,3.2765,3.2785,53
2026-01-19 19:47:00,3.274,3.277,3.274,3.277,3.279,3.282,3.279,3.282,27
2026-01-19 19:48:00,3.278,3.278,3.2655,3.266,3.283,3.283,3.2705,3.271,70
2026-01-19 19:49:00,3.2665,3.2685,3.259,3.262,3.2715,3.2735,3.264,3.267,58
2026-01-19 19:50:00,3.2625,3.2685,3.2515,3.253,3.2675,3.2735,3.2565,3.258,71
2026-01-19 19:51:00,3.252,3.2595,3.25,3.2505,3.257,3.2645,3.255,3.2555,62
2026-01-19 19:52:00,3.2495,3.2505,3.246,3.249,3.2545,3.2555,3.251,3.254,46
2026-01-19 19:53:00,3.2485,3.2495,3.2425,3.2425,3.2535,3.2545,3.2475,3.2475,68
2026-01-19 19:54:00,3.245,3.259,3.2445,3.2585,3.25,3.264,3.2495,3.2635,57
2026-01-19 19:55:00,3.258,3.2615,3.2545,3.26,3.263,3.2665,3.2595,3.265,37
2026-01-19 19:56:00,3.2585,3.259,3.255,3.256,3.2635,3.264,3.26,3.261,19
2026-01-19 19:57:00,3.257,3.2575,3.2495,3.2545,3.262,3.2625,3.2545,3.2595,32
2026-01-19 19:58:00,3.255,3.257,3.254,3.256,3.26,3.262,3.259,3.261,7
2026-01-19 19:59:00,3.2565,3.26,3.2545,3.257,3.2615,3.265,3.2595,3.262,26
2026-01-19 20:00:00,3.2595,3.2765,3.2575,3.2725,3.2645,3.2815,3.2625,3.2775,71
2026-01-19 20:01:00,3.272,3.2785,3.2705,3.274,3.277,3.2835,3.2755,3.279,26
2026-01-19 20:02:00,3.275,3.278,3.2715,3.278,3.28,3.283,3.2765,3.283,21
2026-01-19 20:03:00,3.2785,3.2835,3.2775,3.2825,3.2835,3.2885,3.2825,3.2875,24
2026-01-19 20:04:00,3.283,3.283,3.27,3.2715,3.288,3.288,3.275,3.2765,29
2026-01-19 20:05:00,3.2705,3.2745,3.2635,3.264,3.2755,3.2795,3.2685,3.269,22
2026-01-19 20:06:00,3.2635,3.266,3.2635,3.264,3.2685,3.271,3.2685,3.269,12
2026-01-19 20:07:00,3.2635,3.2665,3.2635,3.265,3.2685,3.2715,3.2685,3.27,11
2026-01-19 20:08:00,3.2655,3.2665,3.262,3.262,3.2705,3.2715,3.267,3.267,16
2026-01-19 20:09:00,3.263,3.2665,3.2615,3.2655,3.268,3.2715,3.2665,3.2705,27
2026-01-19 20:10:00,3.266,3.2715,3.264,3.271,3.271,3.2765,3.269,3.276,40
2026-01-19 20:11:00,3.2715,3.2715,3.257,3.2585,3.2765,3.2765,3.262,3.2635,34
2026-01-19 20:12:00,3.2575,3.26,3.2535,3.2575,3.2625,3.265,3.2585,3.2625,25
2026-01-19 20:13:00,3.2565,3.2595,3.2565,3.259,3.2615,3.2645,3.2615,3.264,13
2026-01-19 20:14:00,3.2595,3.2645,3.258,3.264,3.2645,3.2695,3.263,3.269,19
2026-01-19 20:15:00,3.2645,3.2655,3.2605,3.262,3.2695,3.2705,3.2655,3.267,31
2026-01-19 20:16:00,3.2615,3.2615,3.2595,3.26,3.2665,3.2665,3.2645,3.265,6
2026-01-19 20:17:00,3.2595,3.2655,3.2585,3.2655,3.2645,3.2705,3.2635,3.2705,18
2026-01-19 20:18:00,3.2645,3.2645,3.2585,3.26,3.2695,3.2695,3.2635,3.265,15
2026-01-19 20:19:00,3.2595,3.2605,3.2595,3.2605,3.2645,3.2655,3.2645,3.2655,8
2026-01-19 20:20:00,3.26,3.2615,3.258,3.2605,3.265,3.2665,3.263,3.2655,13
2026-01-19 20:21:00,3.2615,3.2615,3.258,3.258,3.2665,3.2665,3.263,3.263,14
2026-01-19 20:22:00,3.257,3.2575,3.2535,3.2535,3.262,3.2625,3.2585,3.2585,24
2026-01-19 20:23:00,3.254,3.2635,3.2535,3.2635,3.259,3.2685,3.2585,3.2685,14
2026-01-19 20:24:00,3.263,3.267,3.263,3.264,3.268,3.272,3.268,3.269,14
2026-01-19 20:25:00,3.2625,3.264,3.2595,3.261,3.2675,3.269,3.2645,3.266,22
2026-01-19 20:26:00,3.2615,3.2635,3.259,3.261,3.2665,3.2685,3.264,3.266,31
2026-01-19 20:27:00,3.2605,3.265,3.2595,3.2645,3.2655,3.27,3.2645,3.2695,25
2026-01-19 20:28:00,3.2655,3.2695,3.2625,3.264,3.2705,3.2745,3.2675,3.269,41
2026-01-19 20:29:00,3.265,3.2655,3.2495,3.2525,3.27,3.2705,3.2545,3.2575,72
2026-01-20 00:00:00,3.245,3.247,3.2345,3.235,3.25,3.252,3.2395,3.24,33
2026-01-20 00:01:00,3.2345,3.244,3.233,3.244,3.2395,3.249,3.238,3.249,22
2026-01-20 00:02:00,3.243,3.2475,3.243,3.245,3.248,3.2525,3.248,3.25,20
2026-01-20 00:03:00,3.2445,3.247,3.2445,3.2465,3.2495,3.252,3.2495,3.2515,12
2026-01-20 00:04:00,3.246,3.247,3.2425,3.2435,3.251,3.252,3.2475,3.2485,13
2026-01-20 00:05:00,3.243,3.244,3.2425,3.244,3.248,3.249,3.2475,3.249,5
2026-01-20 00:06:00,3.2435,3.2435,3.239,3.2395,3.2485,3.2485,3.244,3.2445,8
2026-01-20 00:07:00,3.24,3.242,3.24,3.241,3.245,3.247,3.245,3.246,6
2026-01-20 00:08:00,3.24,3.246,3.24,3.2445,3.245,3.251,3.245,3.2495,13
2026-01-20 00:09:00,3.245,3.245,3.243,3.2435,3.25,3.25,3.248,3.2485,6
2026-01-20 00:10:00,3.244,3.25,3.244,3.2495,3.249,3.255,3.249,3.2545,12
2026-01-20 00:11:00,3.25,3.252,3.249,3.2505,3.255,3.257,3.254,3.2555,10
2026-01-20 00:12:00,3.25,3.25,3.248,3.249,3.255,3.255,3.253,3.254,7
2026-01-20 00:13:00,3.2495,3.2495,3.2485,3.2485,3.2545,3.2545,3.2535,3.2535,2
2026-01-20 00:14:00,3.247,3.248,3.247,3.247,3.252,3.253,3.252,3.252,3
2026-01-20 00:15:00,3.2475,3.249,3.2445,3.2445,3.2525,3.254,3.2495,3.2495,5
2026-01-20 00:16:00,3.2425,3.2425,3.24,3.24,3.2475,3.2475,3.245,3.245,4
2026-01-20 00:17:00,3.2405,3.241,3.2365,3.2365,3.2455,3.246,3.2415,3.2415,7
2026-01-20 00:18:00,3.236,3.239,3.235,3.239,3.241,3.244,3.24,3.244,10
2026-01-20 00:19:00,3.2395,3.2405,3.239,3.2405,3.2445,3.2455,3.244,3.2455,3
2026-01-20 00:20:00,3.241,3.2475,3.241,3.2465,3.246,3.2525,3.246,3.2515,13
2026-01-20 00:21:00,3.246,3.246,3.2435,3.2445,3.251,3.251,3.2485,3.2495,8
2026-01-20 00:22:00,3.244,3.247,3.244,3.2465,3.249,3.252,3.249,3.2515,5
2026-01-20 00:23:00,3.247,3.2485,3.2465,3.2485,3.252,3.2535,3.2515,3.2535,5
2026-01-20 00:24:00,3.249,3.253,3.249,3.253,3.254,3.258,3.254,3.258,10
2026-01-20 00:25:00,3.2535,3.254,3.25,3.2535,3.2585,3.259,3.255,3.2585,13
2026-01-20 00:26:00,3.253,3.2545,3.253,3.2545,3.258,3.2595,3.258,3.2595,6
2026-01-20 00:27:00,3.254,3.2545,3.254,3.2545,3.259,3.2595,3.259,3.2595,2
2026-01-20 00:28:00,3.254,3.2565,3.254,3.2565,3.259,3.2615,3.259,3.2615,9
2026-01-20 00:29:00,3.256,3.256,3.255,3.2555,3.261,3.261,3.26,3.2605,4
2026-01-20 00:30:00,3.255,3.255,3.2535,3.2545,3.26,3.26,3.2585,3.2595,10
2026-01-20 00:31:00,3.255,3.255,3.252,3.253,3.26,3.26,3.257,3.258,8
2026-01-20 00:32:00,3.254,3.254,3.2495,3.252,3.259,3.259,3.2545,3.257,11
2026-01-20 00:33:00,3.2515,3.2515,3.2505,3.251,3.2565,3.2565,3.2555,3.256,3
2026-01-20 00:34:00,3.2515,3.256,3.2515,3.2545,3.2565,3.261,3.2565,3.2595,12
2026-01-20 00:35:00,3.255,3.255,3.254,3.255,3.26,3.26,3.259,3.26,4
2026-01-20 00:36:00,3.2545,3.2605,3.254,3.2595,3.2595,3.2655,3.259,3.2645,13
2026-01-20 00:37:00,3.2605,3.263,3.2605,3.2615,3.2655,3.268,3.2655,3.2665,11
2026-01-20 00:38:00,3.261,3.261,3.2575,3.2575,3.266,3.266,3.2625,3.2625,7
2026-01-20 00:39:00,3.2565,3.2575,3.2565,3.2575,3.2615,3.2625,3.2615,3.2625,2
2026-01-20 00:40:00,3.258,3.2635,3.258,3.2635,3.263,3.2685,3.263,3.2685,10
2026-01-20 00:41:00,3.263,3.263,3.2615,3.2615,3.268,3.268,3.2665,3.2665,2
2026-01-20 00:42:00,3.26,3.26,3.2585,3.2585,3.265,3.265,3.2635,3.2635,2
2026-01-20 00:43:00,3.259,3.26,3.2585,3.26,3.264,3.265,3.2635,3.265,3
2026-01-20 00:44:00,3.2595,3.2595,3.259,3.2595,3.2645,3.2645,3.264,3.2645,3
2026-01-20 00:45:00,3.2575,3.2575,3.2555,3.2555,3.2625,3.2625,3.2605,3.2605,3
2026-01-20 00:46:00,3.2545,3.258,3.2545,3.2575,3.2595,3.263,3.2595,3.2625,5
2026-01-20 00:47:00,3.257,3.257,3.2565,3.2565,3.262,3.262,3.2615,3.2615,4
2026-01-20 00:48:00,3.257,3.257,3.2565,3.2565,3.262,3.262,3.2615,3.2615,2
2026-01-20 00:50:00,3.256,3.257,3.256,3.256,3.261,3.262,3.261,3.261,3
2026-01-20 00:51:00,3.2565,3.258,3.2565,3.2575,3.2615,3.263,3.2615,3.2625,4
2026-01-20 00:52:00,3.2565,3.2565,3.256,3.2565,3.2615,3.2615,3.261,3.2615,3
2026-01-20 00:53:00,3.2575,3.2605,3.2575,3.2605,3.2625,3.2655,3.2625,3.2655,6
2026-01-20 00:54:00,3.26,3.2605,3.2595,3.2595,3.265,3.2655,3.2645,3.2645,3
2026-01-20 00:55:00,3.259,3.2605,3.258,3.2605,3.264,3.2655,3.263,3.2655,6
2026-01-20 00:56:00,3.261,3.261,3.2585,3.2585,3.266,3.266,3.2635,3.2635,4
2026-01-20 00:57:00,3.259,3.259,3.259,3.259,3.264,3.264,3.264,3.264,1
2026-01-20 00:59:00,3.2585,3.259,3.2585,3.259,3.2635,3.264,3.2635,3.264,2
2026-01-20 01:00:00,3.258,3.258,3.255,3.2555,3.263,3.263,3.26,3.2605,8
2026-01-20 01:01:00,3.255,3.255,3.2545,3.2545,3.26,3.26,3.2595,3.2595,2
2026-01-20 01:02:00,3.255,3.255,3.254,3.2545,3.26,3.26,3.259,3.2595,3
2026-01-20 01:03:00,3.254,3.257,3.254,3.2545,3.259,3.262,3.259,3.2595,6
2026-01-20 01:04:00,3.255,3.2565,3.255,3.2565,3.26,3.2615,3.26,3.2615,2
2026-01-20 01:05:00,3.256,3.2565,3.2545,3.256,3.261,3.2615,3.2595,3.261,9
2026-01-20 01:06:00,3.2555,3.2565,3.254,3.254,3.2605,3.2615,3.259,3.259,4
2026-01-20 01:07:00,3.255,3.255,3.255,3.255,3.26,3.26,3.26,3.26,1
2026-01-20 01:08:00,3.2545,3.2605,3.254,3.259,3.2595,3.2655,3.259,3.264,7
2026-01-20 01:09:00,3.2595,3.2625,3.2595,3.2625,3.2645,3.2675,3.2645,3.2675,6
2026-01-20 01:10:00,3.2635,3.2635,3.2635,3.2635,3.2685,3.2685,3.2685,3.2685,1
2026-01-20 01:11:00,3.263,3.267,3.2625,3.267,3.268,3.272,3.2675,3.272,10
2026-01-20 01:12:00,3.2665,3.275,3.266,3.272,3.2715,3.28,3.271,3.277,16
2026-01-20 01:13:00,3.271,3.271,3.2705,3.2705,3.276,3.276,3.2755,3.2755,4
2026-01-20 01:14:00,3.2695,3.273,3.2695,3.2715,3.2745,3.278,3.2745,3.2765,5
2026-01-20 01:15:00,3.2705,3.2745,3.2705,3.274,3.2755,3.2795,3.2755,3.279,10
2026-01-20 01:16:00,3.2735,3.2745,3.272,3.2745,3.2785,3.2795,3.277,3.2795,8
2026-01-20 01:17:00,3.274,3.274,3.2725,3.2725,3.279,3.279,3.2775,3.2775,5
2026-01-20 01:18:00,3.272,3.273,3.272,3.273,3.277,3.278,3.277,3.278,4
2026-01-20 01:19:00,3.2725,3.2725,3.2725,3.2725,3.2775,3.2775,3.2775,3.2775,1
2026-01-20 01:21:00,3.272,3.272,3.2685,3.2685,3.277,3.277,3.2735,3.2735,5
2026-01-20 01:22:00,3.269,3.2695,3.269,3.2695,3.274,3.2745,3.274,3.2745,2
2026-01-20 01:23:00,3.269,3.269,3.268,3.268,3.274,3.274,3.273,3.273,5
2026-01-20 01:24:00,3.2685,3.2715,3.2685,3.2705,3.2735,3.2765,3.2735,3.2755,5
2026-01-20 01:25:00,3.273,3.274,3.273,3.2735,3.278,3.279,3.278,3.2785,4
2026-01-20 01:26:00,3.273,3.273,3.273,3.273,3.278,3.278,3.278,3.278,1
2026-01-20 01:27:00,3.272,3.273,3.272,3.273,3.277,3.278,3.277,3.278,5
2026-01-20 01:28:00,3.274,3.275,3.2735,3.2735,3.279,3.28,3.2785,3.2785,8
2026-01-20 01:29:00,3.273,3.273,3.2725,3.2725,3.278,3.278,3.2775,3.2775,4
2026-01-20 01:30:00,3.273,3.273,3.2725,3.2725,3.278,3.278,3.2775,3.2775,2
2026-01-20 01:31:00,3.273,3.2855,3.273,3.2855,3.278,3.2905,3.278,3.2905,51
2026-01-20 01:32:00,3.285,3.288,3.2815,3.2875,3.29,3.293,3.2865,3.2925,38
2026-01-20 01:33:00,3.287,3.287,3.2805,3.2805,3.292,3.292,3.2855,3.2855,10
2026-01-20 01:34:00,3.28,3.281,3.27,3.27,3.285,3.286,3.275,3.275,16
2026-01-20 01:35:00,3.271,3.278,3.271,3.278,3.276,3.283,3.276,3.283,8
2026-01-20 01:36:00,3.2775,3.278,3.2755,3.2755,3.2825,3.283,3.2805,3.2805,5
2026-01-20 01:37:00,3.2745,3.2745,3.2745,3.2745,3.2795,3.2795,3.2795,3.2795,1
2026-01-20 01:39:00,3.275,3.275,3.274,3.274,3.28,3.28,3.279,3.279,2
2026-01-20 01:40:00,3.275,3.275,3.275,3.275,3.28,3.28,3.28,3.28,1
2026-01-20 01:41:00,3.274,3.274,3.2735,3.2735,3.279,3.279,3.2785,3.2785,2
2026-01-20 01:42:00,3.2745,3.2745,3.2745,3.2745,3.2795,3.2795,3.2795,3.2795,1
2026-01-20 01:43:00,3.2725,3.2725,3.272,3.272,3.2775,3.2775,3.277,3.277,2
2026-01-20 01:44:00,3.273,3.273,3.272,3.272,3.278,3.278,3.277,3.277,3
2026-01-20 01:45:00,3.2725,3.274,3.272,3.272,3.2775,3.279,3.277,3.277,6
2026-01-20 01:46:00,3.2715,3.2725,3.2715,3.272,3.2765,3.2775,3.2765,3.277,7
2026-01-20 01:47:00,3.2715,3.2715,3.27,3.2705,3.2765,3.2765,3.275,3.2755,4
2026-01-20 01:50:00,3.271,3.273,3.261,3.263,3.276,3.278,3.266,3.268,36
2026-01-20 01:51:00,3.262,3.266,3.26,3.264,3.267,3.271,3.265,3.269,24
2026-01-20 01:52:00,3.2625,3.263,3.26,3.2615,3.2675,3.268,3.265,3.2665,14
2026-01-20 01:53:00,3.2595,3.2595,3.2575,3.2575,3.2645,3.2645,3.2625,3.2625,8
2026-01-20 01:54:00,3.257,3.257,3.2515,3.252,3.262,3.262,3.2565,3.257,17
2026-01-20 01:55:00,3.253,3.2545,3.25,3.25,3.258,3.2595,3.255,3.255,14
2026-01-20 01:56:00,3.2495,3.2495,3.2465,3.2465,3.2545,3.2545,3.2515,3.2515,11
2026-01-20 01:57:00,3.246,3.246,3.243,3.2455,3.251,3.251,3.248,3.2505,11
2026-01-20 01:58:00,3.245,3.245,3.2435,3.2435,3.25,3.25,3.2485,3.2485,5
2026-01-20 01:59:00,3.2425,3.243,3.242,3.243,3.2475,3.248,3.247,3.248,3
2026-01-20 02:00:00,3.2435,3.2435,3.238,3.239,3.2485,3.2485,3.243,3.244,22
2026-01-20 02:01:00,3.2395,3.242,3.239,3.241,3.2445,3.247,3.244,3.246,18
2026-01-20 02:02:00,3.242,3.245,3.236,3.236,3.247,3.25,3.241,3.241,29
2026-01-20 02:03:00,3.2355,3.236,3.234,3.2345,3.2405,3.241,3.239,3.2395,14
2026-01-20 02:04:00,3.237,3.2395,3.2365,3.2375,3.242,3.2445,3.2415,3.2425,24
2026-01-20 02:05:00,3.239,3.2425,3.2375,3.239,3.244,3.2475,3.2425,3.244,26
2026-01-20 02:06:00,3.2385,3.2385,3.233,3.233,3.2435,3.2435,3.238,3.238,17
2026-01-20 02:07:00,3.232,3.238,3.232,3.238,3.237,3.243,3.237,3.243,22
2026-01-20 02:08:00,3.2375,3.2445,3.2365,3.2435,3.2425,3.2495,3.2415,3.2485,32
2026-01-20 02:09:00,3.2445,3.2445,3.239,3.241,3.2495,3.2495,3.244,3.246,20
2026-01-20 02:10:00,3.242,3.242,3.238,3.2415,3.247,3.247,3.243,3.2465,15
2026-01-20 02:11:00,3.2425,3.2435,3.241,3.2425,3.2475,3.2485,3.246,3.2475,17
2026-01-20 02:12:00,3.242,3.242,3.239,3.2415,3.247,3.247,3.244,3.2465,10
2026-01-20 02:13:00,3.241,3.2505,3.241,3.2495,3.246,3.2555,3.246,3.2545,18
2026-01-20 02:14:00,3.249,3.249,3.243,3.243,3.254,3.254,3.248,3.248,15
2026-01-20 02:15:00,3.2425,3.246,3.2425,3.245,3.2475,3.251,3.2475,3.25,12
2026-01-20 02:16:00,3.2465,3.247,3.245,3.247,3.2515,3.252,3.25,3.252,8
2026-01-20 02:17:00,3.246,3.2465,3.2445,3.2445,3.251,3.2515,3.2495,3.2495,6
2026-01-20 02:18:00,3.2455,3.246,3.242,3.246,3.2505,3.251,3.247,3.251,11
2026-01-20 02:19:00,3.2465,3.2465,3.245,3.245,3.2515,3.2515,3.25,3.25,6
2026-01-20 02:20:00,3.2445,3.2445,3.242,3.2435,3.2495,3.2495,3.247,3.2485,7
2026-01-20 02:21:00,3.2425,3.2445,3.24,3.244,3.2475,3.2495,3.245,3.249,12
2026-01-20 02:22:00,3.2435,3.2445,3.242,3.2425,3.2485,3.2495,3.247,3.2475,7
2026-01-20 02:23:00,3.242,3.2435,3.241,3.2425,3.247,3.2485,3.246,3.2475,7
2026-01-20 02:24:00,3.2435,3.244,3.2435,3.2435,3.2485,3.249,3.2485,3.2485,3
2026-01-20 02:25:00,3.2425,3.2435,3.242,3.2435,3.2475,3.2485,3.247,3.2485,4
2026-01-20 02:26:00,3.2445,3.2445,3.2435,3.2445,3.2495,3.2495,3.2485,3.2495,7
2026-01-20 02:27:00,3.244,3.244,3.2435,3.2435,3.249,3.249,3.2485,3.2485,2
2026-01-20 02:28:00,3.244,3.244,3.2425,3.2425,3.249,3.249,3.2475,3.2475,2
2026-01-20 02:29:00,3.242,3.242,3.2335,3.235,3.247,3.247,3.2385,3.24,19
2026-01-20 02:30:00,3.233,3.234,3.231,3.2335,3.238,3.239,3.236,3.2385,17
2026-01-20 02:31:00,3.233,3.2335,3.232,3.2335,3.238,3.2385,3.237,3.2385,7
2026-01-20 02:32:00,3.233,3.24,3.232,3.239,3.238,3.245,3.237,3.244,20
2026-01-20 02:33:00,3.2385,3.239,3.237,3.2385,3.2435,3.244,3.242,3.2435,8
2026-01-20 02:34:00,3.2395,3.241,3.2395,3.24,3.2445,3.246,3.2445,3.245,6
2026-01-20 02:35:00,3.239,3.239,3.2375,3.2375,3.244,3.244,3.2425,3.2425,4
2026-01-20 02:36:00,3.237,3.2385,3.237,3.238,3.242,3.2435,3.242,3.243,3
2026-01-20 02:37:00,3.2385,3.241,3.2375,3.2395,3.2435,3.246,3.2425,3.2445,8
2026-01-20 02:38:00,3.239,3.239,3.235,3.235,3.244,3.244,3.24,3.24,12
2026-01-20 02:39:00,3.2355,3.236,3.2345,3.236,3.2405,3.241,3.2395,3.241,4
2026-01-20 02:40:00,3.2355,3.2365,3.2325,3.2325,3.2405,3.2415,3.2375,3.2375,9
2026-01-20 02:41:00,3.2335,3.2335,3.2325,3.2325,3.2385,3.2385,3.2375,3.2375,4
2026-01-20 02:42:00,3.232,3.2325,3.232,3.232,3.237,3.2375,3.237,3.237,3
2026-01-20 02:43:00,3.2325,3.2325,3.2325,3.2325,3.2375,3.2375,3.2375,3.2375,1
2026-01-20 02:44:00,3.233,3.234,3.231,3.232,3.238,3.239,3.236,3.237,9
2026-01-20 02:45:00,3.2325,3.2325,3.2325,3.2325,3.2375,3.2375,3.2375,3.2375,1
2026-01-20 02:46:00,3.233,3.234,3.233,3.2335,3.238,3.239,3.238,3.2385,4
2026-01-20 02:47:00,3.2345,3.238,3.2345,3.237,3.2395,3.243,3.2395,3.242,15
2026-01-20 02:48:00,3.2365,3.239,3.236,3.2375,3.2415,3.244,3.241,3.2425,10
2026-01-20 02:49:00,3.237,3.2375,3.236,3.2375,3.242,3.2425,3.241,3.2425,5
2026-01-20 02:50:00,3.239,3.2395,3.239,3.2395,3.244,3.2445,3.244,3.2445,2
2026-01-20 02:51:00,3.24,3.24,3.2395,3.2395,3.245,3.245,3.2445,3.2445,2
2026-01-20 02:52:00,3.238,3.238,3.2375,3.2375,3.243,3.243,3.2425,3.2425,2
2026-01-20 02:53:00,3.237,3.237,3.2355,3.2355,3.242,3.242,3.2405,3.2405,2
2026-01-20 02:55:00,3.235,3.2365,3.2345,3.2365,3.24,3.2415,3.2395,3.2415,4
2026-01-20 02:57:00,3.2375,3.2375,3.2365,3.2365,3.2425,3.2425,3.2415,3.2415,2
2026-01-20 02:58:00,3.236,3.237,3.234,3.236,3.241,3.242,3.239,3.241,14
2026-01-20 02:59:00,3.2355,3.236,3.2355,3.236,3.2405,3.241,3.2405,3.241,2
2026-01-20 03:00:00,3.235,3.238,3.235,3.2365,3.24,3.243,3.24,3.2415,6
2026-01-20 03:01:00,3.237,3.237,3.2345,3.2365,3.242,3.242,3.2395,3.2415,11
2026-01-20 03:02:00,3.238,3.24,3.238,3.2385,3.243,3.245,3.243,3.2435,6
2026-01-20 03:03:00,3.239,3.241,3.239,3.2395,3.244,3.246,3.244,3.2445,6
2026-01-20 03:04:00,3.24,3.24,3.2385,3.2395,3.245,3.245,3.2435,3.2445,6
2026-01-20 03:05:00,3.239,3.239,3.2385,3.2385,3.244,3.244,3.2435,3.2435,2
2026-01-20 03:07:00,3.238,3.238,3.2375,3.2375,3.243,3.243,3.2425,3.2425,2
2026-01-20 03:08:00,3.238,3.238,3.237,3.237,3.243,3.243,3.242,3.242,3
2026-01-20 03:09:00,3.2375,3.2375,3.2375,3.2375,3.2425,3.2425,3.2425,3.2425,1
2026-01-20 03:10:00,3.238,3.238,3.2355,3.236,3.243,3.243,3.2405,3.241,5
2026-01-20 03:11:00,3.2355,3.2355,3.235,3.235,3.2405,3.2405,3.24,3.24,2
2026-01-20 03:12:00,3.236,3.2365,3.236,3.2365,3.241,3.2415,3.241,3.2415,2
2026-01-20 03:13:00,3.236,3.2365,3.236,3.2365,3.241,3.2415,3.241,3.2415,2
2026-01-20 03:14:00,3.236,3.236,3.2345,3.235,3.241,3.241,3.2395,3.24,3
2026-01-20 03:15:00,3.2345,3.2345,3.222,3.226,3.2395,3.2395,3.227,3.231,30
2026-01-20 03:16:00,3.2265,3.227,3.226,3.227,3.2315,3.232,3.231,3.232,7
2026-01-20 03:17:00,3.2275,3.2275,3.2265,3.2265,3.2325,3.2325,3.2315,3.2315,3
2026-01-20 03:18:00,3.226,3.229,3.2255,3.2255,3.231,3.234,3.2305,3.2305,10
2026-01-20 03:19:00,3.2245,3.2275,3.2245,3.2275,3.2295,3.2325,3.2295,3.2325,9
2026-01-20 03:21:00,3.227,3.228,3.227,3.227,3.232,3.233,3.232,3.232,3
2026-01-20 03:22:00,3.2275,3.228,3.2275,3.228,3.2325,3.233,3.2325,3.233,2
2026-01-20 03:23:00,3.2275,3.229,3.2275,3.228,3.2325,3.234,3.2325,3.233,5
2026-01-20 03:24:00,3.2285,3.232,3.2285,3.232,3.2335,3.237,3.2335,3.237,18
2026-01-20 03:25:00,3.2325,3.2335,3.231,3.2315,3.2375,3.2385,3.236,3.2365,6
2026-01-20 03:26:00,3.231,3.231,3.231,3.231,3.236,3.236,3.236,3.236,1
2026-01-20 03:27:00,3.2315,3.2315,3.231,3.231,3.2365,3.2365,3.236,3.236,2
2026-01-20 03:28:00,3.2315,3.2315,3.2305,3.2315,3.2365,3.2365,3.2355,3.2365,5
2026-01-20 03:29:00,3.232,3.233,3.2295,3.232,3.237,3.238,3.2345,3.237,12
2026-01-20 03:30:00,3.2315,3.2325,3.2315,3.2325,3.2365,3.2375,3.2365,3.2375,3
2026-01-20 03:31:00,3.232,3.232,3.228,3.228,3.237,3.237,3.233,3.233,7
2026-01-20 03:32:00,3.2275,3.2275,3.2245,3.2255,3.2325,3.2325,3.2295,3.2305,10
2026-01-20 03:33:00,3.225,3.2255,3.2235,3.224,3.23,3.2305,3.2285,3.229,8
2026-01-20 03:34:00,3.2245,3.227,3.2245,3.226,3.2295,3.232,3.2295,3.231,5
2026-01-20 03:35:00,3.2265,3.227,3.226,3.226,3.2315,3.232,3.231,3.231,6
2026-01-20 03:36:00,3.227,3.2285,3.227,3.2285,3.232,3.2335,3.232,3.2335,3
2026-01-20 03:37:00,3.228,3.228,3.227,3.2275,3.233,3.233,3.232,3.2325,4
2026-01-20 03:38:00,3.227,3.227,3.227,3.227,3.232,3.232,3.232,3.232,1
2026-01-20 03:40:00,3.2275,3.2275,3.2275,3.2275,3.2325,3.2325,3.2325,3.2325,1
2026-01-20 03:41:00,3.2265,3.2265,3.2255,3.226,3.2315,3.2315,3.2305,3.231,4
2026-01-20 03:42:00,3.227,3.23,3.2265,3.23,3.232,3.235,3.2315,3.235,9
2026-01-20 03:43:00,3.2295,3.231,3.2295,3.2305,3.2345,3.236,3.2345,3.2355,7
2026-01-20 03:44:00,3.2295,3.2295,3.2295,3.2295,3.2345,3.2345,3.2345,3.2345,1
2026-01-20 03:45:00,3.229,3.229,3.229,3.229,3.234,3.234,3.234,3.234,1
2026-01-20 03:46:00,3.2285,3.229,3.228,3.229,3.2335,3.234,3.233,3.234,4
2026-01-20 03:47:00,3.2285,3.2285,3.2275,3.2275,3.2335,3.2335,3.2325,3.2325,2
2026-01-20 03:48:00,3.226,3.226,3.224,3.224,3.231,3.231,3.229,3.229,4
2026-01-20 03:49:00,3.225,3.2255,3.2245,3.2255,3.23,3.2305,3.2295,3.2305,4
2026-01-20 03:50:00,3.2265,3.227,3.226,3.227,3.2315,3.232,3.231,3.232,4
2026-01-20 03:51:00,3.2275,3.228,3.2275,3.2275,3.2325,3.233,3.2325,3.2325,3
2026-01-20 03:52:00,3.227,3.227,3.2245,3.2245,3.232,3.232,3.2295,3.2295,3
2026-01-20 03:53:00,3.225,3.2275,3.225,3.226,3.23,3.2325,3.23,3.231,7
2026-01-20 03:54:00,3.2265,3.2265,3.226,3.226,3.2315,3.2315,3.231,3.231,2
2026-01-20 03:55:00,3.2265,3.23,3.226,3.2295,3.2315,3.235,3.231,3.2345,12
2026-01-20 03:56:00,3.229,3.23,3.229,3.23,3.234,3.235,3.234,3.235,5
2026-01-20 03:58:00,3.229,3.2295,3.229,3.2295,3.234,3.2345,3.234,3.2345,2
2026-01-20 03:59:00,3.23,3.23,3.2295,3.2295,3.235,3.235,3.2345,3.2345,2
2026-01-20 04:00:00,3.229,3.2305,3.229,3.2305,3.234,3.2355,3.234,3.2355,5
2026-01-20 04:01:00,3.231,3.231,3.229,3.2295,3.236,3.236,3.234,3.2345,5
2026-01-20 04:03:00,3.229,3.23,3.229,3.2295,3.234,3.235,3.234,3.2345,3
2026-01-20 04:04:00,3.229,3.2315,3.229,3.2315,3.234,3.2365,3.234,3.2365,5
2026-01-20 04:05:00,3.231,3.231,3.23,3.23,3.236,3.236,3.235,3.235,2
2026-01-20 04:06:00,3.2305,3.2325,3.2305,3.2325,3.2355,3.2375,3.2355,3.2375,5
2026-01-20 04:07:00,3.232,3.232,3.2305,3.2305,3.237,3.237,3.2355,3.2355,7
2026-01-20 04:09:00,3.231,3.2315,3.229,3.23,3.236,3.2365,3.234,3.235,7
2026-01-20 04:10:00,3.2295,3.2305,3.2295,3.2305,3.2345,3.2355,3.2345,3.2355,2
2026-01-20 04:11:00,3.23,3.23,3.228,3.2295,3.235,3.235,3.233,3.2345,4
2026-01-20 04:14:00,3.2275,3.2275,3.2275,3.2275,3.2325,3.2325,3.2325,3.2325,1
2026-01-20 04:18:00,3.227,3.2275,3.227,3.2275,3.232,3.2325,3.232,3.2325,2
2026-01-20 04:20:00,3.226,3.226,3.224,3.2255,3.231,3.231,3.229,3.2305,6
2026-01-20 04:21:00,3.226,3.227,3.2255,3.2265,3.231,3.232,3.2305,3.2315,5
2026-01-20 04:24:00,3.227,3.227,3.226,3.226,3.232,3.232,3.231,3.231,2
2026-01-20 04:25:00,3.2255,3.2275,3.2245,3.2245,3.2305,3.2325,3.2295,3.2295,8
2026-01-20 04:26:00,3.225,3.226,3.225,3.2255,3.23,3.231,3.23,3.2305,3
2026-01-20 04:27:00,3.2265,3.2275,3.2265,3.2275,3.2315,3.2325,3.2315,3.2325,5
2026-01-20 04:28:00,3.2285,3.2285,3.228,3.2285,3.2335,3.2335,3.233,3.2335,3
2026-01-20 04:29:00,3.229,3.231,3.229,3.231,3.234,3.236,3.234,3.236,4
2026-01-20 04:30:00,3.232,3.245,3.232,3.241,3.237,3.25,3.237,3.246,121
2026-01-20 04:31:00,3.2415,3.243,3.2375,3.238,3.2465,3.248,3.2425,3.243,38
2026-01-20 04:32:00,3.2375,3.24,3.237,3.2395,3.2425,3.245,3.242,3.2445,26
2026-01-20 04:33:00,3.239,3.24,3.2365,3.237,3.244,3.245,3.2415,3.242,38
2026-01-20 04:34:00,3.2375,3.2385,3.226,3.226,3.2425,3.2435,3.231,3.231,31
2026-01-20 04:35:00,3.2265,3.229,3.2265,3.229,3.2315,3.234,3.2315,3.234,8
2026-01-20 04:36:00,3.2285,3.233,3.228,3.233,3.2335,3.238,3.233,3.238,17
2026-01-20 04:37:00,3.2335,3.236,3.2315,3.235,3.2385,3.241,3.2365,3.24,22
2026-01-20 04:38:00,3.2355,3.242,3.2355,3.2415,3.2405,3.247,3.2405,3.2465,31
2026-01-20 04:39:00,3.241,3.241,3.238,3.2395,3.246,3.246,3.243,3.2445,18
2026-01-20 04:40:00,3.24,3.243,3.24,3.2425,3.245,3.248,3.245,3.2475,10
2026-01-20 04:41:00,3.241,3.241,3.2355,3.2365,3.246,3.246,3.2405,3.2415,12
2026-01-20 04:42:00,3.236,3.237,3.236,3.2365,3.241,3.242,3.241,3.2415,3
2026-01-20 04:43:00,3.237,3.238,3.2305,3.2325,3.242,3.243,3.2355,3.2375,19
2026-01-20 04:44:00,3.232,3.2365,3.232,3.236,3.237,3.2415,3.237,3.241,20
2026-01-20 04:45:00,3.2355,3.2355,3.233,3.233,3.2405,3.2405,3.238,3.238,5
2026-01-20 04:46:00,3.2325,3.2325,3.229,3.229,3.2375,3.2375,3.234,3.234,5
2026-01-20 04:47:00,3.2295,3.2385,3.227,3.2325,3.2345,3.2435,3.232,3.2375,39
2026-01-20 04:48:00,3.231,3.231,3.229,3.23,3.236,3.236,3.234,3.235,7
2026-01-20 04:49:00,3.2305,3.2315,3.2285,3.229,3.2355,3.2365,3.2335,3.234,11
2026-01-20 04:50:00,3.23,3.2365,3.23,3.2365,3.235,3.2415,3.235,3.2415,17
2026-01-20 04:51:00,3.236,3.237,3.236,3.2365,3.241,3.242,3.241,3.2415,8
2026-01-20 04:52:00,3.237,3.24,3.234,3.234,3.242,3.245,3.239,3.239,22
2026-01-20 04:53:00,3.2335,3.235,3.232,3.234,3.2385,3.24,3.237,3.239,14
2026-01-20 04:54:00,3.2335,3.234,3.2305,3.2315,3.2385,3.239,3.2355,3.2365,12
2026-01-20 04:55:00,3.232,3.245,3.232,3.2405,3.237,3.25,3.237,3.2455,41
2026-01-20 04:56:00,3.24,3.242,3.2385,3.24,3.245,3.247,3.2435,3.245,12
2026-01-20 04:57:00,3.239,3.242,3.2385,3.2395,3.244,3.247,3.2435,3.2445,9
2026-01-20 04:58:00,3.239,3.242,3.239,3.241,3.244,3.247,3.244,3.246,16
2026-01-20 04:59:00,3.24,3.243,3.2395,3.2395,3.245,3.248,3.2445,3.2445,14
2026-01-20 05:00:00,3.2405,3.2455,3.2395,3.2455,3.2455,3.2505,3.2445,3.2505,12
2026-01-20 05:01:00,3.245,3.2465,3.2435,3.2455,3.25,3.2515,3.2485,3.2505,15
2026-01-20 05:02:00,3.2465,3.2465,3.246,3.246,3.2515,3.2515,3.251,3.251,4
2026-01-20 05:03:00,3.2455,3.25,3.2455,3.248,3.2505,3.255,3.2505,3.253,13
2026-01-20 05:04:00,3.2485,3.2525,3.2475,3.249,3.2535,3.2575,3.2525,3.254,17
2026-01-20 05:05:00,3.2495,3.252,3.249,3.25,3.2545,3.257,3.254,3.255,18
2026-01-20 05:06:00,3.2495,3.253,3.2495,3.252,3.2545,3.258,3.2545,3.257,12
2026-01-20 05:07:00,3.2515,3.255,3.2515,3.254,3.2565,3.26,3.2565,3.259,12
2026-01-20 05:08:00,3.2535,3.254,3.252,3.2525,3.2585,3.259,3.257,3.2575,15
2026-01-20 05:09:00,3.253,3.258,3.252,3.257,3.258,3.263,3.257,3.262,25
2026-01-20 05:10:00,3.2565,3.264,3.2565,3.2625,3.2615,3.269,3.2615,3.2675,33
2026-01-20 05:11:00,3.262,3.264,3.2595,3.261,3.267,3.269,3.2645,3.266,28
2026-01-20 05:12:00,3.26,3.26,3.255,3.255,3.265,3.265,3.26,3.26,16
2026-01-20 05:13:00,3.2545,3.255,3.253,3.2545,3.2595,3.26,3.258,3.2595,9
2026-01-20 05:14:00,3.2525,3.254,3.2515,3.252,3.2575,3.259,3.2565,3.257,14
2026-01-20 05:15:00,3.2515,3.2525,3.2505,3.2515,3.2565,3.2575,3.2555,3.2565,8
2026-01-20 05:16:00,3.2505,3.2505,3.2485,3.2485,3.2555,3.2555,3.2535,3.2535,8
2026-01-20 05:17:00,3.248,3.2505,3.247,3.2495,3.253,3.2555,3.252,3.2545,11
2026-01-20 05:18:00,3.25,3.25,3.245,3.246,3.255,3.255,3.25,3.251,10
2026-01-20 05:19:00,3.247,3.2515,3.246,3.2485,3.252,3.2565,3.251,3.2535,13
2026-01-20 05:20:00,3.248,3.2495,3.248,3.2495,3.253,3.2545,3.253,3.2545,7
2026-01-20 05:21:00,3.249,3.258,3.249,3.257,3.254,3.263,3.254,3.262,29
2026-01-20 05:22:00,3.2565,3.2565,3.2535,3.2535,3.2615,3.2615,3.2585,3.2585,7
2026-01-20 05:23:00,3.254,3.2555,3.253,3.2545,3.259,3.2605,3.258,3.2595,12
2026-01-20 05:24:00,3.255,3.2555,3.2535,3.2535,3.26,3.2605,3.2585,3.2585,5
2026-01-20 05:25:00,3.253,3.2535,3.253,3.253,3.258,3.2585,3.258,3.258,3
2026-01-20 05:26:00,3.2525,3.2525,3.2495,3.2495,3.2575,3.2575,3.2545,3.2545,9
2026-01-20 05:27:00,3.249,3.249,3.248,3.248,3.254,3.254,3.253,3.253,3
2026-01-20 05:28:00,3.2475,3.249,3.2475,3.2475,3.2525,3.254,3.2525,3.2525,7
2026-01-20 05:29:00,3.249,3.2545,3.248,3.2525,3.254,3.2595,3.253,3.2575,23
2026-01-20 05:30:00,3.253,3.2545,3.253,3.254,3.258,3.2595,3.258,3.259,5
2026-01-20 05:31:00,3.2535,3.256,3.2535,3.254,3.2585,3.261,3.2585,3.259,13
2026-01-20 05:32:00,3.253,3.253,3.249,3.2505,3.258,3.258,3.254,3.2555,10
2026-01-20 05:33:00,3.253,3.253,3.251,3.2515,3.258,3.258,3.256,3.2565,6
2026-01-20 05:34:00,3.252,3.254,3.2515,3.2515,3.257,3.259,3.2565,3.2565,13
2026-01-20 05:35:00,3.25,3.2535,3.25,3.2535,3.255,3.2585,3.255,3.2585,8
2026-01-20 05:36:00,3.254,3.254,3.252,3.2525,3.259,3.259,3.257,3.2575,19
2026-01-20 05:37:00,3.252,3.2525,3.2515,3.252,3.257,3.2575,3.2565,3.257,14
2026-01-20 05:38:00,3.2515,3.252,3.2515,3.2515,3.2565,3.257,3.2565,3.2565,3
2026-01-20 05:39:00,3.252,3.2545,3.2515,3.2515,3.257,3.2595,3.2565,3.2565,12
2026-01-20 05:40:00,3.252,3.252,3.2515,3.2515,3.257,3.257,3.2565,3.2565,4
2026-01-20 05:41:00,3.252,3.264,3.252,3.2625,3.257,3.269,3.257,3.2675,24
2026-01-20 05:42:00,3.262,3.262,3.262,3.262,3.267,3.267,3.267,3.267,1
2026-01-20 05:43:00,3.2635,3.2635,3.261,3.263,3.2685,3.2685,3.266,3.268,8
2026-01-20 05:44:00,3.2625,3.2625,3.2615,3.2615,3.2675,3.2675,3.2665,3.2665,2
2026-01-20 05:45:00,3.262,3.262,3.2615,3.2615,3.267,3.267,3.2665,3.2665,2
2026-01-20 05:46:00,3.2605,3.2605,3.259,3.259,3.2655,3.2655,3.264,3.264,3
2026-01-20 05:47:00,3.258,3.258,3.258,3.258,3.263,3.263,3.263,3.263,1
2026-01-20 05:48:00,3.259,3.26,3.259,3.259,3.264,3.265,3.264,3.264,3
2026-01-20 05:49:00,3.2585,3.2615,3.2575,3.2605,3.2635,3.2665,3.2625,3.2655,8
2026-01-20 05:50:00,3.26,3.26,3.26,3.26,3.265,3.265,3.265,3.265,1
2026-01-20 05:51:00,3.2595,3.2595,3.2585,3.259,3.2645,3.2645,3.2635,3.264,7
2026-01-20 05:52:00,3.2585,3.261,3.255,3.255,3.2635,3.266,3.26,3.26,26
2026-01-20 05:53:00,3.2545,3.2545,3.2485,3.2495,3.2595,3.2595,3.2535,3.2545,11
2026-01-20 05:54:00,3.25,3.25,3.247,3.247,3.255,3.255,3.252,3.252,5
2026-01-20 05:55:00,3.2475,3.2475,3.2445,3.2445,3.2525,3.2525,3.2495,3.2495,7
2026-01-20 05:56:00,3.2455,3.2475,3.2455,3.2455,3.2505,3.2525,3.2505,3.2505,5
2026-01-20 05:57:00,3.246,3.2465,3.244,3.2445,3.251,3.2515,3.249,3.2495,6
2026-01-20 05:58:00,3.244,3.247,3.244,3.2445,3.249,3.252,3.249,3.2495,15
2026-01-20 05:59:00,3.244,3.244,3.242,3.2435,3.249,3.249,3.247,3.2485,7
2026-01-20 06:00:00,3.244,3.2485,3.244,3.2465,3.249,3.2535,3.249,3.2515,26
2026-01-20 06:01:00,3.247,3.247,3.2455,3.2465,3.252,3.252,3.2505,3.2515,4
2026-01-20 06:02:00,3.247,3.2485,3.2465,3.2475,3.252,3.2535,3.2515,3.2525,6
2026-01-20 06:03:00,3.247,3.247,3.247,3.247,3.252,3.252,3.252,3.252,1
2026-01-20 06:04:00,3.2475,3.2485,3.2455,3.2455,3.2525,3.2535,3.2505,3.2505,8
2026-01-20 06:05:00,3.2445,3.245,3.2445,3.2445,3.2495,3.25,3.2495,3.2495,5
2026-01-20 06:06:00,3.2465,3.247,3.245,3.245,3.2515,3.252,3.25,3.25,12
2026-01-20 06:07:00,3.2455,3.2455,3.2435,3.2435,3.2505,3.2505,3.2485,3.2485,7
2026-01-20 06:08:00,3.2445,3.2445,3.244,3.244,3.2495,3.2495,3.249,3.249,2
2026-01-20 06:09:00,3.2435,3.245,3.2435,3.245,3.2485,3.25,3.2485,3.25,5
2026-01-20 06:10:00,3.2445,3.2455,3.243,3.2455,3.2495,3.2505,3.248,3.2505,8
2026-01-20 06:11:00,3.245,3.245,3.2445,3.2445,3.25,3.25,3.2495,3.2495,2
2026-01-20 06:12:00,3.2435,3.249,3.2435,3.2485,3.2485,3.254,3.2485,3.2535,12
2026-01-20 06:13:00,3.248,3.2505,3.2465,3.25,3.253,3.2555,3.2515,3.255,8
2026-01-20 06:14:00,3.2495,3.2555,3.2495,3.2545,3.2545,3.2605,3.2545,3.2595,8
2026-01-20 06:15:00,3.2555,3.256,3.251,3.252,3.2605,3.261,3.256,3.257,12
2026-01-20 06:16:00,3.253,3.2535,3.2525,3.2535,3.258,3.2585,3.2575,3.2585,5
2026-01-20 06:17:00,3.254,3.2545,3.2535,3.254,3.259,3.2595,3.2585,3.259,6
2026-01-20 06:18:00,3.2545,3.255,3.253,3.253,3.2595,3.26,3.258,3.258,4
2026-01-20 06:19:00,3.2525,3.2535,3.246,3.246,3.2575,3.2585,3.251,3.251,13
2026-01-20 06:20:00,3.2445,3.245,3.2445,3.2445,3.2495,3.25,3.2495,3.2495,3
2026-01-20 06:21:00,3.246,3.247,3.246,3.246,3.251,3.252,3.251,3.251,3
2026-01-20 06:22:00,3.247,3.247,3.247,3.247,3.252,3.252,3.252,3.252,1
2026-01-20 06:23:00,3.2475,3.248,3.2475,3.248,3.2525,3.253,3.2525,3.253,2
2026-01-20 06:24:00,3.2465,3.2465,3.2465,3.2465,3.2515,3.2515,3.2515,3.2515,1
2026-01-20 06:25:00,3.246,3.2475,3.246,3.2475,3.251,3.2525,3.251,3.2525,4
2026-01-20 06:27:00,3.247,3.247,3.2455,3.246,3.252,3.252,3.2505,3.251,4
2026-01-20 06:28:00,3.2455,3.247,3.245,3.247,3.2505,3.252,3.25,3.252,6
2026-01-20 06:29:00,3.2475,3.2505,3.2465,3.249,3.2525,3.2555,3.2515,3.254,11
2026-01-20 06:30:00,3.2485,3.2595,3.2485,3.255,3.2535,3.2645,3.2535,3.26,19
2026-01-20 06:31:00,3.2545,3.258,3.2545,3.256,3.2595,3.263,3.2595,3.261,13
2026-01-20 06:32:00,3.2575,3.263,3.2575,3.26,3.2625,3.268,3.2625,3.265,22
2026-01-20 06:33:00,3.261,3.272,3.259,3.271,3.266,3.277,3.264,3.276,23
2026-01-20 06:34:00,3.273,3.278,3.272,3.278,3.278,3.283,3.277,3.283,40
2026-01-20 06:35:00,3.2785,3.2785,3.275,3.2765,3.2835,3.2835,3.28,3.2815,13
2026-01-20 06:36:00,3.276,3.296,3.276,3.2955,3.281,3.301,3.281,3.3005,52
2026-01-20 06:37:00,3.295,3.295,3.2915,3.2915,3.3,3.3,3.2965,3.2965,23
2026-01-20 06:38:00,3.292,3.292,3.289,3.29,3.297,3.297,3.294,3.295,10
2026-01-20 06:39:00,3.2905,3.292,3.2855,3.2855,3.2955,3.297,3.2905,3.2905,13
2026-01-20 06:40:00,3.2845,3.2845,3.282,3.283,3.2895,3.2895,3.287,3.288,7
2026-01-20 06:41:00,3.284,3.284,3.2715,3.2825,3.289,3.289,3.2765,3.2875,39
2026-01-20 06:42:00,3.282,3.2855,3.2805,3.2845,3.287,3.2905,3.2855,3.2895,19
2026-01-20 06:43:00,3.285,3.3015,3.2835,3.298,3.29,3.3065,3.2885,3.303,48
2026-01-20 06:44:00,3.2985,3.2985,3.2925,3.2925,3.3035,3.3035,3.2975,3.2975,18
2026-01-20 06:45:00,3.2935,3.306,3.2935,3.3015,3.2985,3.311,3.2985,3.3065,32
2026-01-20 06:46:00,3.3005,3.309,3.299,3.309,3.3055,3.314,3.304,3.314,22
2026-01-20 06:47:00,3.311,3.314,3.309,3.3115,3.316,3.319,3.314,3.3165,32
2026-01-20 06:48:00,3.312,3.329,3.3115,3.3235,3.317,3.334,3.3165,3.3285,52
2026-01-20 06:49:00,3.3245,3.3245,3.318,3.32,3.3295,3.3295,3.323,3.325,28
2026-01-20 06:50:00,3.3195,3.32,3.3175,3.318,3.3245,3.325,3.3225,3.323,15
2026-01-20 06:51:00,3.3175,3.3175,3.307,3.3085,3.3225,3.3225,3.312,3.3135,38
2026-01-20 06:52:00,3.3115,3.323,3.3115,3.3225,3.3165,3.328,3.3165,3.3275,34
2026-01-20 06:53:00,3.3215,3.334,3.3205,3.331,3.3265,3.339,3.3255,3.336,46
2026-01-20 06:54:00,3.3315,3.338,3.3315,3.3345,3.3365,3.343,3.3365,3.3395,33
2026-01-20 06:55:00,3.3355,3.3485,3.331,3.3445,3.3405,3.3535,3.336,3.3495,49
2026-01-20 06:56:00,3.345,3.3455,3.338,3.343,3.35,3.3505,3.343,3.348,33
2026-01-20 06:57:00,3.344,3.353,3.344,3.352,3.349,3.358,3.349,3.357,54
2026-01-20 06:58:00,3.353,3.356,3.3485,3.3555,3.358,3.361,3.3535,3.3605,36
2026-01-20 06:59:00,3.3565,3.368,3.356,3.3655,3.3615,3.373,3.361,3.3705,92
2026-01-20 07:00:00,3.365,3.3655,3.3485,3.358,3.37,3.3705,3.3535,3.363,93
2026-01-20 07:01:00,3.361,3.363,3.3555,3.357,3.366,3.368,3.3605,3.362,42
2026-01-20 07:02:00,3.3575,3.3635,3.3575,3.3625,3.3625,3.3685,3.3625,3.3675,23
2026-01-20 07:03:00,3.362,3.362,3.356,3.357,3.367,3.367,3.361,3.362,20
2026-01-20 07:04:00,3.3565,3.3575,3.3535,3.357,3.3615,3.3625,3.3585,3.362,15
2026-01-20 07:05:00,3.358,3.3665,3.358,3.3665,3.363,3.3715,3.363,3.3715,21
2026-01-20 07:06:00,3.3675,3.373,3.367,3.37,3.3725,3.378,3.372,3.375,30
2026-01-20 07:07:00,3.3695,3.3715,3.361,3.361,3.3745,3.3765,3.366,3.366,48
2026-01-20 07:08:00,3.3605,3.3605,3.3475,3.3485,3.3655,3.3655,3.3525,3.3535,63
2026-01-20 07:09:00,3.349,3.349,3.325,3.325,3.354,3.354,3.33,3.33,65
2026-01-20 07:10:00,3.326,3.3295,3.3205,3.321,3.331,3.3345,3.3255,3.326,55
2026-01-20 07:11:00,3.3215,3.326,3.31,3.3235,3.3265,3.331,3.315,3.3285,56
2026-01-20 07:12:00,3.3225,3.338,3.321,3.3285,3.3275,3.343,3.326,3.3335,38
2026-01-20 07:13:00,3.328,3.333,3.3075,3.3105,3.333,3.338,3.3125,3.3155,36
2026-01-20 07:14:00,3.311,3.3385,3.308,3.335,3.316,3.3435,3.313,3.34,59
2026-01-20 07:15:00,3.339,3.3545,3.3315,3.3465,3.344,3.3595,3.3365,3.3515,62
2026-01-20 07:16:00,3.347,3.356,3.3395,3.343,3.352,3.361,3.3445,3.348,34
2026-01-20 07:17:00,3.3415,3.3585,3.34,3.3585,3.3465,3.3635,3.345,3.3635,36
2026-01-20 07:18:00,3.359,3.359,3.341,3.348,3.364,3.364,3.346,3.353,39
2026-01-20 07:19:00,3.3485,3.3515,3.3445,3.347,3.3535,3.3565,3.3495,3.352,36
2026-01-20 07:20:00,3.348,3.3585,3.347,3.355,3.353,3.3635,3.352,3.36,27
2026-01-20 07:21:00,3.354,3.363,3.35,3.3605,3.359,3.368,3.355,3.3655,54
2026-01-20 07:22:00,3.3615,3.366,3.358,3.365,3.3665,3.371,3.363,3.37,33
2026-01-20 07:23:00,3.3645,3.3685,3.3575,3.359,3.3695,3.3735,3.3625,3.364,39
2026-01-20 07:24:00,3.3595,3.3615,3.356,3.357,3.3645,3.3665,3.361,3.362,15
2026-01-20 07:25:00,3.3585,3.3625,3.3585,3.3625,3.3635,3.3675,3.3635,3.3675,16
2026-01-20 07:26:00,3.361,3.363,3.36,3.363,3.366,3.368,3.365,3.368,14
2026-01-20 07:27:00,3.365,3.373,3.3645,3.3715,3.37,3.378,3.3695,3.3765,37
2026-01-20 07:28:00,3.3725,3.379,3.367,3.3695,3.3775,3.384,3.372,3.3745,38
2026-01-20 07:29:00,3.37,3.37,3.353,3.355,3.375,3.375,3.358,3.36,38
2026-01-20 07:30:00,3.354,3.3585,3.3515,3.3585,3.359,3.3635,3.3565,3.3635,41
2026-01-20 07:31:00,3.359,3.3625,3.358,3.3595,3.364,3.3675,3.363,3.3645,40
2026-01-20 07:32:00,3.359,3.3645,3.359,3.3645,3.364,3.3695,3.364,3.3695,13
2026-01-20 07:33:00,3.3655,3.3675,3.362,3.362,3.3705,3.3725,3.367,3.367,17
2026-01-20 07:34:00,3.3615,3.3625,3.3605,3.3615,3.3665,3.3675,3.3655,3.3665,7
2026-01-20 07:35:00,3.361,3.3685,3.361,3.3685,3.366,3.3735,3.366,3.3735,12
2026-01-20 07:36:00,3.368,3.3725,3.3675,3.3685,3.373,3.3775,3.3725,3.3735,19
2026-01-20 07:37:00,3.368,3.3695,3.365,3.3665,3.373,3.3745,3.37,3.3715,13
2026-01-20 07:38:00,3.365,3.369,3.365,3.3665,3.37,3.374,3.37,3.3715,11
2026-01-20 07:39:00,3.366,3.369,3.364,3.3685,3.371,3.374,3.369,3.3735,15
2026-01-20 07:40:00,3.369,3.3695,3.365,3.367,3.374,3.3745,3.37,3.372,14
2026-01-20 07:41:00,3.3675,3.3725,3.3675,3.37,3.3725,3.3775,3.3725,3.375,10
2026-01-20 07:42:00,3.3695,3.38,3.3695,3.375,3.3745,3.385,3.3745,3.38,30
2026-01-20 07:43:00,3.3755,3.376,3.37,3.375,3.3805,3.381,3.375,3.38,20
2026-01-20 07:44:00,3.3745,3.378,3.3745,3.377,3.3795,3.383,3.3795,3.382,8
2026-01-20 07:45:00,3.3765,3.378,3.376,3.378,3.3815,3.383,3.381,3.383,11
2026-01-20 07:46:00,3.381,3.3915,3.381,3.3885,3.386,3.3965,3.386,3.3935,42
2026-01-20 07:47:00,3.389,3.39,3.3875,3.3875,3.394,3.395,3.3925,3.3925,15
2026-01-20 07:48:00,3.3865,3.3885,3.386,3.388,3.3915,3.3935,3.391,3.393,13
2026-01-20 07:49:00,3.3885,3.3905,3.3865,3.3885,3.3935,3.3955,3.3915,3.3935,19
2026-01-20 07:50:00,3.388,3.4025,3.388,3.4005,3.393,3.4075,3.393,3.4055,33
2026-01-20 07:51:00,3.3995,3.4045,3.3995,3.404,3.4045,3.4095,3.4045,3.409,31
2026-01-20 07:52:00,3.4045,3.405,3.4005,3.404,3.4095,3.41,3.4055,3.409,28
2026-01-20 07:53:00,3.406,3.409,3.405,3.4075,3.411,3.414,3.41,3.4125,30
2026-01-20 07:54:00,3.408,3.408,3.406,3.406,3.413,3.413,3.411,3.411,9
2026-01-20 07:55:00,3.4065,3.4115,3.396,3.399,3.4115,3.4165,3.401,3.404,43
2026-01-20 07:56:00,3.398,3.4025,3.3975,3.4025,3.403,3.4075,3.4025,3.4075,7
2026-01-20 07:57:00,3.4015,3.4025,3.4015,3.4025,3.4065,3.4075,3.4065,3.4075,3
2026-01-20 07:58:00,3.4035,3.4095,3.4035,3.409,3.4085,3.4145,3.4085,3.414,8
2026-01-20 07:59:00,3.4095,3.4115,3.4005,3.4085,3.4145,3.4165,3.4055,3.4135,27
2026-01-20 08:00:00,3.408,3.413,3.408,3.4115,3.413,3.418,3.413,3.4165,21
2026-01-20 08:01:00,3.412,3.4145,3.412,3.4145,3.417,3.4195,3.417,3.4195,8
2026-01-20 08:02:00,3.414,3.417,3.409,3.413,3.419,3.422,3.414,3.418,28
2026-01-20 08:03:00,3.4125,3.4125,3.41,3.41,3.4175,3.4175,3.415,3.415,9
2026-01-20 08:04:00,3.411,3.411,3.404,3.405,3.416,3.416,3.409,3.41,23
2026-01-20 08:05:00,3.4055,3.407,3.405,3.405,3.4105,3.412,3.41,3.41,9
2026-01-20 08:06:00,3.406,3.4085,3.4045,3.4085,3.411,3.4135,3.4095,3.4135,17
2026-01-20 08:07:00,3.409,3.409,3.397,3.397,3.414,3.414,3.402,3.402,33
2026-01-20 08:08:00,3.3975,3.403,3.397,3.4015,3.4025,3.408,3.402,3.4065,23
2026-01-20 08:09:00,3.401,3.406,3.4005,3.404,3.406,3.411,3.4055,3.409,23
2026-01-20 08:10:00,3.4035,3.409,3.403,3.408,3.4085,3.414,3.408,3.413,28
2026-01-20 08:11:00,3.409,3.411,3.4055,3.4055,3.414,3.416,3.4105,3.4105,19
2026-01-20 08:12:00,3.406,3.406,3.4025,3.4035,3.411,3.411,3.4075,3.4085,12
2026-01-20 08:13:00,3.403,3.4085,3.3985,3.4065,3.408,3.4135,3.4035,3.4115,24
2026-01-20 08:14:00,3.406,3.4065,3.404,3.4065,3.411,3.4115,3.409,3.4115,14
2026-01-20 08:15:00,3.406,3.41,3.3965,3.398,3.411,3.415,3.4015,3.403,26
2026-01-20 08:16:00,3.3985,3.399,3.397,3.3975,3.4035,3.404,3.402,3.4025,10
2026-01-20 08:17:00,3.397,3.4,3.393,3.393,3.402,3.405,3.398,3.398,28
2026-01-20 08:18:00,3.3925,3.394,3.389,3.391,3.3975,3.399,3.394,3.396,26
2026-01-20 08:19:00,3.3915,3.4,3.391,3.397,3.3965,3.405,3.396,3.402,21
2026-01-20 08:20:00,3.3965,3.397,3.392,3.3935,3.4015,3.402,3.397,3.3985,19
2026-01-20 08:21:00,3.394,3.399,3.394,3.3965,3.399,3.404,3.399,3.4015,22
2026-01-20 08:22:00,3.396,3.3995,3.396,3.3985,3.401,3.4045,3.401,3.4035,16
2026-01-20 08:23:00,3.399,3.404,3.399,3.4035,3.404,3.409,3.404,3.4085,38
2026-01-20 08:24:00,3.403,3.404,3.4,3.4015,3.408,3.409,3.405,3.4065,23
2026-01-20 08:25:00,3.401,3.403,3.3995,3.4005,3.406,3.408,3.4045,3.4055,17
2026-01-20 08:26:00,3.4015,3.407,3.401,3.405,3.4065,3.412,3.406,3.41,21
2026-01-20 08:27:00,3.4045,3.405,3.403,3.4045,3.4095,3.41,3.408,3.4095,9
2026-01-20 08:28:00,3.404,3.404,3.4005,3.4015,3.409,3.409,3.4055,3.4065,11
2026-01-20 08:29:00,3.401,3.4045,3.4,3.4045,3.406,3.4095,3.405,3.4095,17
2026-01-20 08:30:00,3.405,3.407,3.4035,3.406,3.41,3.412,3.4085,3.411,24
2026-01-20 08:31:00,3.405,3.4055,3.402,3.4055,3.41,3.4105,3.407,3.4105,14
2026-01-20 08:32:00,3.405,3.411,3.405,3.408,3.41,3.416,3.41,3.413,21
2026-01-20 08:33:00,3.4075,3.408,3.407,3.407,3.4125,3.413,3.412,3.412,4
2026-01-20 08:34:00,3.4075,3.413,3.406,3.407,3.4125,3.418,3.411,3.412,31
2026-01-20 08:35:00,3.4065,3.4065,3.4045,3.405,3.4115,3.4115,3.4095,3.41,10
2026-01-20 08:36:00,3.4045,3.407,3.4045,3.4065,3.4095,3.412,3.4095,3.4115,12
2026-01-20 08:37:00,3.406,3.411,3.406,3.4105,3.411,3.416,3.411,3.4155,7
2026-01-20 08:38:00,3.411,3.4125,3.411,3.412,3.416,3.4175,3.416,3.417,12
2026-01-20 08:39:00,3.413,3.417,3.413,3.416,3.418,3.422,3.418,3.421,21
2026-01-20 08:40:00,3.4155,3.417,3.4135,3.4155,3.4205,3.422,3.4185,3.4205,18
2026-01-20 08:41:00,3.416,3.416,3.414,3.415,3.421,3.421,3.419,3.42,6
2026-01-20 08:42:00,3.416,3.417,3.414,3.414,3.421,3.422,3.419,3.419,15
2026-01-20 08:43:00,3.413,3.414,3.4115,3.414,3.418,3.419,3.4165,3.419,5
2026-01-20 08:44:00,3.4135,3.414,3.413,3.413,3.4185,3.419,3.418,3.418,3
2026-01-20 08:45:00,3.4125,3.4125,3.405,3.4055,3.4175,3.4175,3.41,3.4105,20
2026-01-20 08:46:00,3.406,3.4065,3.4035,3.406,3.411,3.4115,3.4085,3.411,11
2026-01-20 08:47:00,3.4055,3.406,3.405,3.406,3.4105,3.411,3.41,3.411,3
2026-01-20 08:48:00,3.4065,3.4065,3.404,3.404,3.4115,3.4115,3.409,3.409,5
2026-01-20 08:49:00,3.405,3.4085,3.405,3.4075,3.41,3.4135,3.41,3.4125,12
2026-01-20 08:50:00,3.408,3.408,3.4075,3.4075,3.413,3.413,3.4125,3.4125,6
2026-01-20 08:51:00,3.407,3.408,3.407,3.4075,3.412,3.413,3.412,3.4125,11
2026-01-20 08:52:00,3.408,3.408,3.406,3.4075,3.413,3.413,3.411,3.4125,9
2026-01-20 08:53:00,3.408,3.408,3.404,3.404,3.413,3.413,3.409,3.409,10
2026-01-20 08:54:00,3.4045,3.4045,3.401,3.4015,3.4095,3.4095,3.406,3.4065,9
2026-01-20 08:55:00,3.401,3.405,3.401,3.404,3.406,3.41,3.406,3.409,11
2026-01-20 08:56:00,3.405,3.406,3.404,3.405,3.41,3.411,3.409,3.41,21
2026-01-20 08:57:00,3.4055,3.4065,3.405,3.406,3.4105,3.4115,3.41,3.411,13
2026-01-20 08:58:00,3.4065,3.408,3.4065,3.4075,3.4115,3.413,3.4115,3.4125,7
2026-01-20 08:59:00,3.408,3.41,3.408,3.408,3.413,3.415,3.413,3.413,18
2026-01-20 09:00:00,3.4075,3.41,3.406,3.4075,3.4125,3.415,3.411,3.4125,32
2026-01-20 09:01:00,3.407,3.408,3.406,3.407,3.412,3.413,3.411,3.412,13
2026-01-20 09:02:00,3.4075,3.409,3.4065,3.408,3.4125,3.414,3.4115,3.413,14
2026-01-20 09:03:00,3.407,3.407,3.3955,3.3965,3.412,3.412,3.4005,3.4015,24
2026-01-20 09:04:00,3.397,3.399,3.393,3.394,3.402,3.404,3.398,3.399,26
2026-01-20 09:05:00,3.393,3.393,3.3825,3.383,3.398,3.398,3.3875,3.388,39
2026-01-20 09:06:00,3.3835,3.387,3.383,3.3865,3.3885,3.392,3.388,3.3915,18
2026-01-20 09:07:00,3.386,3.3885,3.3845,3.388,3.391,3.3935,3.3895,3.393,11
2026-01-20 09:08:00,3.3885,3.392,3.386,3.386,3.3935,3.397,3.391,3.391,30
2026-01-20 09:09:00,3.385,3.385,3.38,3.3825,3.39,3.39,3.385,3.3875,21
2026-01-20 09:10:00,3.383,3.386,3.3825,3.386,3.388,3.391,3.3875,3.391,11
2026-01-20 09:11:00,3.3865,3.388,3.3815,3.3815,3.3915,3.393,3.3865,3.3865,20
2026-01-20 09:12:00,3.381,3.3815,3.3775,3.3795,3.386,3.3865,3.3825,3.3845,13
2026-01-20 09:13:00,3.38,3.386,3.38,3.386,3.385,3.391,3.385,3.391,14
2026-01-20 09:14:00,3.385,3.386,3.3815,3.382,3.39,3.391,3.3865,3.387,16
2026-01-20 09:15:00,3.3815,3.3825,3.3805,3.3825,3.3865,3.3875,3.3855,3.3875,8
2026-01-20 09:16:00,3.383,3.383,3.38,3.381,3.388,3.388,3.385,3.386,9
2026-01-20 09:17:00,3.382,3.3855,3.382,3.383,3.387,3.3905,3.387,3.388,21
2026-01-20 09:18:00,3.3825,3.386,3.3825,3.386,3.3875,3.391,3.3875,3.391,11
2026-01-20 09:19:00,3.3865,3.3915,3.3865,3.3905,3.3915,3.3965,3.3915,3.3955,24
2026-01-20 09:20:00,3.39,3.392,3.3875,3.3905,3.395,3.397,3.3925,3.3955,26
2026-01-20 09:21:00,3.391,3.3925,3.389,3.391,3.396,3.3975,3.394,3.396,14
2026-01-20 09:22:00,3.3905,3.396,3.3905,3.3955,3.3955,3.401,3.3955,3.4005,29
2026-01-20 09:23:00,3.396,3.398,3.395,3.397,3.401,3.403,3.4,3.402,16
2026-01-20 09:24:00,3.396,3.396,3.392,3.392,3.401,3.401,3.397,3.397,15
2026-01-20 09:25:00,3.3925,3.396,3.3925,3.394,3.3975,3.401,3.3975,3.399,9
2026-01-20 09:26:00,3.3945,3.395,3.394,3.394,3.3995,3.4,3.399,3.399,12
2026-01-20 09:27:00,3.3945,3.3945,3.393,3.393,3.3995,3.3995,3.398,3.398,7
2026-01-20 09:28:00,3.3935,3.398,3.3935,3.397,3.3985,3.403,3.3985,3.402,20
2026-01-20 09:29:00,3.3975,3.398,3.3935,3.3935,3.4025,3.403,3.3985,3.3985,6
2026-01-20 09:30:00,3.394,3.394,3.391,3.3915,3.399,3.399,3.396,3.3965,6
2026-01-20 09:31:00,3.3925,3.393,3.391,3.392,3.3975,3.398,3.396,3.397,12
2026-01-20 09:32:00,3.39,3.393,3.389,3.3915,3.395,3.398,3.394,3.3965,9
2026-01-20 09:33:00,3.392,3.394,3.392,3.3935,3.397,3.399,3.397,3.3985,13
2026-01-20 09:34:00,3.393,3.3945,3.3895,3.3945,3.398,3.3995,3.3945,3.3995,18
2026-01-20 09:35:00,3.395,3.3955,3.392,3.395,3.4,3.4005,3.397,3.4,11
2026-01-20 09:36:00,3.396,3.397,3.3925,3.3935,3.401,3.402,3.3975,3.3985,10
2026-01-20 09:37:00,3.3925,3.393,3.3925,3.393,3.3975,3.398,3.3975,3.398,2
2026-01-20 09:38:00,3.3935,3.402,3.3935,3.4,3.3985,3.407,3.3985,3.405,24
2026-01-20 09:39:00,3.4005,3.4005,3.399,3.399,3.4055,3.4055,3.404,3.404,6
2026-01-20 09:40:00,3.3985,3.404,3.3985,3.4035,3.4035,3.409,3.4035,3.4085,18
2026-01-20 09:41:00,3.404,3.404,3.402,3.404,3.409,3.409,3.407,3.409,17
2026-01-20 09:42:00,3.405,3.406,3.4045,3.406,3.41,3.411,3.4095,3.411,9
2026-01-20 09:43:00,3.407,3.412,3.407,3.4105,3.412,3.417,3.412,3.4155,25
2026-01-20 09:44:00,3.411,3.4115,3.41,3.4115,3.416,3.4165,3.415,3.4165,8
2026-01-20 09:45:00,3.412,3.418,3.412,3.416,3.417,3.423,3.417,3.421,20
2026-01-20 09:46:00,3.415,3.415,3.41,3.4115,3.42,3.42,3.415,3.4165,17
2026-01-20 09:47:00,3.4105,3.4105,3.404,3.4045,3.4155,3.4155,3.409,3.4095,11
2026-01-20 09:48:00,3.405,3.4065,3.405,3.406,3.41,3.4115,3.41,3.411,8
2026-01-20 09:49:00,3.4065,3.4105,3.4065,3.409,3.4115,3.4155,3.4115,3.414,9
2026-01-20 09:50:00,3.4085,3.4085,3.404,3.405,3.4135,3.4135,3.409,3.41,12
2026-01-20 09:51:00,3.4055,3.407,3.401,3.4055,3.4105,3.412,3.406,3.4105,23
2026-01-20 09:52:00,3.407,3.407,3.4055,3.4055,3.412,3.412,3.4105,3.4105,3
2026-01-20 09:53:00,3.406,3.406,3.4,3.402,3.411,3.411,3.405,3.407,19
2026-01-20 09:54:00,3.4005,3.402,3.4,3.4,3.4055,3.407,3.405,3.405,12
2026-01-20 09:55:00,3.4005,3.402,3.4,3.4005,3.4055,3.407,3.405,3.4055,7
2026-01-20 09:56:00,3.399,3.399,3.3935,3.3935,3.404,3.404,3.3985,3.3985,10
2026-01-20 09:57:00,3.394,3.3945,3.391,3.3945,3.399,3.3995,3.396,3.3995,14
2026-01-20 09:58:00,3.394,3.395,3.393,3.3935,3.399,3.4,3.398,3.3985,12
2026-01-20 09:59:00,3.394,3.399,3.3935,3.3975,3.399,3.404,3.3985,3.4025,17
2026-01-20 10:00:00,3.398,3.398,3.389,3.392,3.403,3.403,3.394,3.397,39
2026-01-20 10:01:00,3.391,3.3915,3.387,3.3915,3.396,3.3965,3.392,3.3965,33
2026-01-20 10:02:00,3.3925,3.3935,3.3885,3.3935,3.3975,3.3985,3.3935,3.3985,32
2026-01-20 10:03:00,3.3925,3.3935,3.39,3.3915,3.3975,3.3985,3.395,3.3965,13
2026-01-20 10:04:00,3.391,3.393,3.389,3.3895,3.396,3.398,3.394,3.3945,18
2026-01-20 10:05:00,3.3905,3.392,3.3895,3.392,3.3955,3.397,3.3945,3.397,6
2026-01-20 10:06:00,3.3925,3.3995,3.39,3.3995,3.3975,3.4045,3.395,3.4045,26
2026-01-20 10:07:00,3.399,3.401,3.398,3.401,3.404,3.406,3.403,3.406,9
2026-01-20 10:08:00,3.4005,3.403,3.397,3.397,3.4055,3.408,3.402,3.402,30
2026-01-20 10:09:00,3.396,3.396,3.3925,3.3945,3.401,3.401,3.3975,3.3995,16
2026-01-20 10:10:00,3.3935,3.396,3.389,3.395,3.3985,3.401,3.394,3.4,23
2026-01-20 10:11:00,3.3945,3.395,3.3935,3.3935,3.3995,3.4,3.3985,3.3985,5
2026-01-20 10:12:00,3.395,3.3955,3.3945,3.3955,3.4,3.4005,3.3995,3.4005,5
2026-01-20 10:13:00,3.395,3.398,3.395,3.396,3.4,3.403,3.4,3.401,11
2026-01-20 10:14:00,3.3965,3.3965,3.395,3.3955,3.4015,3.4015,3.4,3.4005,8
2026-01-20 10:15:00,3.395,3.3965,3.395,3.3965,3.4,3.4015,3.4,3.4015,3
2026-01-20 10:16:00,3.396,3.396,3.39,3.395,3.401,3.401,3.395,3.4,17
2026-01-20 10:17:00,3.3945,3.404,3.3945,3.402,3.3995,3.409,3.3995,3.407,25
2026-01-20 10:18:00,3.4015,3.4025,3.4005,3.4005,3.4065,3.4075,3.4055,3.4055,4
2026-01-20 10:19:00,3.401,3.403,3.401,3.403,3.406,3.408,3.406,3.408,7
2026-01-20 10:20:00,3.4025,3.4065,3.4025,3.4065,3.4075,3.4115,3.4075,3.4115,11
2026-01-20 10:21:00,3.4055,3.4065,3.403,3.4045,3.4105,3.4115,3.408,3.4095,12
2026-01-20 10:23:00,3.4055,3.408,3.4055,3.4075,3.4105,3.413,3.4105,3.4125,9
2026-01-20 10:24:00,3.407,3.407,3.406,3.407,3.412,3.412,3.411,3.412,6
2026-01-20 10:25:00,3.408,3.408,3.407,3.408,3.413,3.413,3.412,3.413,4
2026-01-20 10:26:00,3.4085,3.4095,3.4085,3.409,3.4135,3.4145,3.4135,3.414,6
2026-01-20 10:27:00,3.41,3.411,3.408,3.4085,3.415,3.416,3.413,3.4135,17
2026-01-20 10:28:00,3.408,3.4155,3.408,3.414,3.413,3.4205,3.413,3.419,18
2026-01-20 10:29:00,3.4125,3.417,3.41,3.41,3.4175,3.422,3.415,3.415,22
2026-01-20 10:30:00,3.4105,3.4115,3.4005,3.4005,3.4155,3.4165,3.4055,3.4055,25
2026-01-20 10:31:00,3.4015,3.403,3.4005,3.4015,3.4065,3.408,3.4055,3.4065,10
2026-01-20 10:32:00,3.4005,3.4015,3.4,3.4015,3.4055,3.4065,3.405,3.4065,9
2026-01-20 10:33:00,3.402,3.406,3.402,3.404,3.407,3.411,3.407,3.409,17
2026-01-20 10:34:00,3.405,3.4065,3.405,3.4065,3.41,3.4115,3.41,3.4115,5
2026-01-20 10:35:00,3.4075,3.41,3.406,3.408,3.4125,3.415,3.411,3.413,9
2026-01-20 10:36:00,3.4075,3.41,3.4075,3.4095,3.4125,3.415,3.4125,3.4145,9
2026-01-20 10:37:00,3.4085,3.4095,3.4055,3.406,3.4135,3.4145,3.4105,3.411,18
2026-01-20 10:38:00,3.4065,3.413,3.406,3.4125,3.4115,3.418,3.411,3.4175,17
2026-01-20 10:39:00,3.412,3.412,3.4055,3.4055,3.417,3.417,3.4105,3.4105,20
2026-01-20 10:40:00,3.406,3.4075,3.405,3.4075,3.411,3.4125,3.41,3.4125,5
2026-01-20 10:41:00,3.407,3.408,3.4055,3.408,3.412,3.413,3.4105,3.413,16
2026-01-20 10:42:00,3.4075,3.4085,3.405,3.408,3.4125,3.4135,3.41,3.413,15
2026-01-20 10:43:00,3.4075,3.418,3.4075,3.418,3.4125,3.423,3.4125,3.423,30
2026-01-20 10:44:00,3.4185,3.419,3.415,3.416,3.4235,3.424,3.42,3.421,15
2026-01-20 10:45:00,3.4165,3.4175,3.414,3.414,3.4215,3.4225,3.419,3.419,7
2026-01-20 10:46:00,3.4135,3.427,3.412,3.426,3.4185,3.432,3.417,3.431,46
2026-01-20 10:47:00,3.4275,3.43,3.426,3.429,3.4325,3.435,3.431,3.434,20
2026-01-20 10:48:00,3.428,3.437,3.4265,3.437,3.433,3.442,3.4315,3.442,48
2026-01-20 10:49:00,3.4375,3.442,3.4355,3.44,3.4425,3.447,3.4405,3.445,42
2026-01-20 10:50:00,3.439,3.44,3.436,3.436,3.444,3.445,3.441,3.441,11
2026-01-20 10:51:00,3.4365,3.4385,3.436,3.438,3.4415,3.4435,3.441,3.443,14
2026-01-20 10:52:00,3.4385,3.442,3.436,3.44,3.4435,3.447,3.441,3.445,25
2026-01-20 10:53:00,3.441,3.441,3.439,3.4395,3.446,3.446,3.444,3.4445,12
2026-01-20 10:54:00,3.439,3.44,3.438,3.44,3.444,3.445,3.443,3.445,18
2026-01-20 10:55:00,3.439,3.44,3.437,3.4395,3.444,3.445,3.442,3.4445,14
2026-01-20 10:56:00,3.44,3.4495,3.4395,3.4495,3.445,3.4545,3.4445,3.4545,47
2026-01-20 10:57:00,3.45,3.4505,3.4485,3.4485,3.455,3.4555,3.4535,3.4535,13
2026-01-20 10:58:00,3.448,3.452,3.448,3.4515,3.453,3.457,3.453,3.4565,16
2026-01-20 10:59:00,3.452,3.452,3.448,3.448,3.457,3.457,3.453,3.453,22
2026-01-20 11:00:00,3.447,3.451,3.447,3.45,3.452,3.456,3.452,3.455,15
2026-01-20 11:01:00,3.4505,3.457,3.4505,3.4545,3.4555,3.462,3.4555,3.4595,36
2026-01-20 11:02:00,3.454,3.4575,3.4505,3.455,3.459,3.4625,3.4555,3.46,47
2026-01-20 11:03:00,3.4535,3.455,3.451,3.455,3.4585,3.46,3.456,3.46,23
2026-01-20 11:04:00,3.4545,3.455,3.45,3.4515,3.4595,3.46,3.455,3.4565,27
2026-01-20 11:05:00,3.452,3.453,3.45,3.452,3.457,3.458,3.455,3.457,28
2026-01-20 11:06:00,3.453,3.454,3.452,3.453,3.458,3.459,3.457,3.458,12
2026-01-20 11:07:00,3.4525,3.4545,3.452,3.4535,3.4575,3.4595,3.457,3.4585,14
2026-01-20 11:08:00,3.454,3.455,3.453,3.4545,3.459,3.46,3.458,3.4595,17
2026-01-20 11:09:00,3.454,3.454,3.449,3.452,3.459,3.459,3.454,3.457,33
2026-01-20 11:10:00,3.4515,3.452,3.451,3.452,3.4565,3.457,3.456,3.457,6
2026-01-20 11:11:00,3.451,3.451,3.45,3.45,3.456,3.456,3.455,3.455,9
2026-01-20 11:12:00,3.451,3.4515,3.45,3.451,3.456,3.4565,3.455,3.456,7
2026-01-20 11:13:00,3.4515,3.452,3.4495,3.4495,3.4565,3.457,3.4545,3.4545,10
2026-01-20 11:14:00,3.45,3.454,3.4465,3.447,3.455,3.459,3.4515,3.452,39
2026-01-20 11:15:00,3.4465,3.447,3.443,3.4445,3.4515,3.452,3.448,3.4495,29
2026-01-20 11:16:00,3.444,3.456,3.444,3.4525,3.449,3.461,3.449,3.4575,55
2026-01-20 11:17:00,3.453,3.456,3.447,3.454,3.458,3.461,3.452,3.459,21
2026-01-20 11:18:00,3.4535,3.456,3.452,3.453,3.4585,3.461,3.457,3.458,21
2026-01-20 11:19:00,3.4525,3.455,3.4485,3.449,3.4575,3.46,3.4535,3.454,21
2026-01-20 11:20:00,3.4485,3.4485,3.445,3.446,3.4535,3.4535,3.45,3.451,19
2026-01-20 11:21:00,3.4465,3.4465,3.444,3.446,3.4515,3.4515,3.449,3.451,16
2026-01-20 11:22:00,3.4465,3.447,3.4435,3.444,3.4515,3.452,3.4485,3.449,15
2026-01-20 11:23:00,3.445,3.447,3.445,3.446,3.45,3.452,3.45,3.451,8
2026-01-20 11:24:00,3.4465,3.4485,3.446,3.446,3.4515,3.4535,3.451,3.451,10
2026-01-20 11:25:00,3.4465,3.4485,3.446,3.448,3.4515,3.4535,3.451,3.453,17
2026-01-20 11:26:00,3.447,3.448,3.446,3.4475,3.452,3.453,3.451,3.4525,18
2026-01-20 11:27:00,3.448,3.449,3.4465,3.4465,3.453,3.454,3.4515,3.4515,15
2026-01-20 11:28:00,3.447,3.448,3.445,3.4455,3.452,3.453,3.45,3.4505,11
2026-01-20 11:29:00,3.445,3.451,3.445,3.451,3.45,3.456,3.45,3.456,11
2026-01-20 11:30:00,3.4505,3.453,3.45,3.453,3.4555,3.458,3.455,3.458,21
2026-01-20 11:31:00,3.4525,3.455,3.45,3.454,3.4575,3.46,3.455,3.459,17
2026-01-20 11:32:00,3.4535,3.454,3.4505,3.453,3.4585,3.459,3.4555,3.458,19
2026-01-20 11:33:00,3.452,3.452,3.447,3.4495,3.457,3.457,3.452,3.4545,29
2026-01-20 11:34:00,3.449,3.451,3.448,3.448,3.454,3.456,3.453,3.453,14
2026-01-20 11:35:00,3.4485,3.45,3.443,3.4465,3.4535,3.455,3.448,3.4515,26
2026-01-20 11:36:00,3.446,3.447,3.444,3.447,3.451,3.452,3.449,3.452,10
2026-01-20 11:37:00,3.4475,3.448,3.445,3.447,3.4525,3.453,3.45,3.452,20
2026-01-20 11:38:00,3.4475,3.453,3.447,3.452,3.4525,3.458,3.452,3.457,14
2026-01-20 11:39:00,3.451,3.452,3.4475,3.449,3.456,3.457,3.4525,3.454,9
2026-01-20 11:40:00,3.45,3.455,3.4495,3.454,3.455,3.46,3.4545,3.459,20
2026-01-20 11:41:00,3.4535,3.454,3.453,3.454,3.4585,3.459,3.458,3.459,6
2026-01-20 11:42:00,3.4535,3.463,3.453,3.462,3.4585,3.468,3.458,3.467,27
2026-01-20 11:43:00,3.4615,3.468,3.46,3.4645,3.4665,3.473,3.465,3.4695,31
2026-01-20 11:44:00,3.465,3.465,3.461,3.461,3.47,3.47,3.466,3.466,16
2026-01-20 11:45:00,3.4605,3.461,3.4575,3.46,3.4655,3.466,3.4625,3.465,18
2026-01-20 11:46:00,3.4595,3.462,3.4565,3.462,3.4645,3.467,3.4615,3.467,12
2026-01-20 11:47:00,3.4615,3.4645,3.4615,3.4645,3.4665,3.4695,3.4665,3.4695,10
2026-01-20 11:48:00,3.465,3.473,3.4635,3.4705,3.47,3.478,3.4685,3.4755,24
2026-01-20 11:49:00,3.472,3.472,3.4685,3.4685,3.477,3.477,3.4735,3.4735,13
2026-01-20 11:50:00,3.469,3.4695,3.464,3.4655,3.474,3.4745,3.469,3.4705,13
2026-01-20 11:51:00,3.465,3.465,3.462,3.4635,3.47,3.47,3.467,3.4685,14
2026-01-20 11:52:00,3.463,3.4645,3.463,3.464,3.468,3.4695,3.468,3.469,8
2026-01-20 11:53:00,3.4635,3.465,3.462,3.463,3.4685,3.47,3.467,3.468,18
2026-01-20 11:54:00,3.4625,3.464,3.461,3.463,3.4675,3.469,3.466,3.468,15
2026-01-20 11:55:00,3.464,3.4675,3.464,3.4675,3.469,3.4725,3.469,3.4725,8
2026-01-20 11:56:00,3.468,3.468,3.467,3.4675,3.473,3.473,3.472,3.4725,4
2026-01-20 11:57:00,3.466,3.466,3.461,3.461,3.471,3.471,3.466,3.466,8
2026-01-20 11:58:00,3.4615,3.466,3.461,3.465,3.4665,3.471,3.466,3.47,20
2026-01-20 11:59:00,3.464,3.465,3.464,3.465,3.469,3.47,3.469,3.47,2
2026-01-20 12:00:00,3.4655,3.466,3.459,3.4595,3.4705,3.471,3.464,3.4645,22
2026-01-20 12:01:00,3.46,3.463,3.459,3.463,3.465,3.468,3.464,3.468,26
2026-01-20 12:02:00,3.462,3.463,3.46,3.46,3.467,3.468,3.465,3.465,8
2026-01-20 12:03:00,3.461,3.461,3.459,3.4605,3.466,3.466,3.464,3.4655,25
2026-01-20 12:04:00,3.46,3.463,3.46,3.463,3.465,3.468,3.465,3.468,16
2026-01-20 12:05:00,3.462,3.469,3.462,3.469,3.467,3.474,3.467,3.474,19
2026-01-20 12:06:00,3.4695,3.4725,3.4675,3.468,3.4745,3.4775,3.4725,3.473,20
2026-01-20 12:07:00,3.4685,3.47,3.467,3.469,3.4735,3.475,3.472,3.474,13
2026-01-20 12:08:00,3.4695,3.4695,3.466,3.466,3.4745,3.4745,3.471,3.471,8
2026-01-20 12:09:00,3.4665,3.467,3.464,3.4655,3.4715,3.472,3.469,3.4705,20
2026-01-20 12:10:00,3.4665,3.467,3.4665,3.467,3.4715,3.472,3.4715,3.472,2
2026-01-20 12:11:00,3.4675,3.4675,3.462,3.463,3.4725,3.4725,3.467,3.468,13
2026-01-20 12:12:00,3.462,3.4645,3.4555,3.459,3.467,3.4695,3.4605,3.464,32
2026-01-20 12:13:00,3.4585,3.4615,3.457,3.46,3.4635,3.4665,3.462,3.465,31
2026-01-20 12:14:00,3.4605,3.461,3.46,3.46,3.4655,3.466,3.465,3.465,8
2026-01-20 12:15:00,3.461,3.463,3.461,3.462,3.466,3.468,3.466,3.467,10
2026-01-20 12:16:00,3.4625,3.4655,3.4625,3.465,3.4675,3.4705,3.4675,3.47,6
2026-01-20 12:17:00,3.467,3.478,3.467,3.4755,3.472,3.483,3.472,3.4805,39
2026-01-20 12:18:00,3.475,3.477,3.47,3.4715,3.48,3.482,3.475,3.4765,31
2026-01-20 12:19:00,3.471,3.472,3.469,3.4695,3.476,3.477,3.474,3.4745,14
2026-01-20 12:20:00,3.47,3.474,3.47,3.474,3.475,3.479,3.475,3.479,13
2026-01-20 12:21:00,3.473,3.474,3.471,3.4715,3.478,3.479,3.476,3.4765,15
2026-01-20 12:22:00,3.471,3.473,3.4705,3.473,3.476,3.478,3.4755,3.478,5
2026-01-20 12:23:00,3.474,3.478,3.474,3.4775,3.479,3.483,3.479,3.4825,14
2026-01-20 12:24:00,3.478,3.478,3.4745,3.478,3.483,3.483,3.4795,3.483,18
2026-01-20 12:25:00,3.4775,3.4815,3.4775,3.48,3.4825,3.4865,3.4825,3.485,21
2026-01-20 12:26:00,3.4795,3.4805,3.479,3.48,3.4845,3.4855,3.484,3.485,14
2026-01-20 12:27:00,3.4805,3.482,3.477,3.4795,3.4855,3.487,3.482,3.4845,20
2026-01-20 12:28:00,3.479,3.479,3.476,3.476,3.484,3.484,3.481,3.481,18
2026-01-20 12:29:00,3.4755,3.483,3.474,3.482,3.4805,3.488,3.479,3.487,36
2026-01-20 12:30:00,3.4815,3.4865,3.4805,3.4835,3.4865,3.4915,3.4855,3.4885,32
2026-01-20 12:31:00,3.483,3.484,3.48,3.484,3.488,3.489,3.485,3.489,21
2026-01-20 12:32:00,3.485,3.486,3.483,3.484,3.49,3.491,3.488,3.489,13
2026-01-20 12:33:00,3.4835,3.4835,3.471,3.473,3.4885,3.4885,3.476,3.478,68
2026-01-20 12:34:00,3.474,3.48,3.474,3.479,3.479,3.485,3.479,3.484,20
2026-01-20 12:35:00,3.478,3.495,3.478,3.494,3.483,3.5,3.483,3.499,44
2026-01-20 12:36:00,3.495,3.499,3.493,3.495,3.5,3.504,3.498,3.5,33
2026-01-20 12:37:00,3.4955,3.497,3.495,3.496,3.5005,3.502,3.5,3.501,11
2026-01-20 12:38:00,3.4955,3.4955,3.483,3.4875,3.5005,3.5005,3.488,3.4925,39
2026-01-20 12:39:00,3.488,3.491,3.486,3.4905,3.493,3.496,3.491,3.4955,13
2026-01-20 12:40:00,3.4895,3.493,3.486,3.489,3.4945,3.498,3.491,3.494,26
2026-01-20 12:41:00,3.488,3.4885,3.485,3.4855,3.493,3.4935,3.49,3.4905,14
2026-01-20 12:42:00,3.4865,3.488,3.482,3.4825,3.4915,3.493,3.487,3.4875,24
2026-01-20 12:43:00,3.482,3.487,3.475,3.487,3.487,3.492,3.48,3.492,37
2026-01-20 12:44:00,3.486,3.486,3.481,3.483,3.491,3.491,3.486,3.488,32
2026-01-20 12:45:00,3.4835,3.4925,3.483,3.4915,3.4885,3.4975,3.488,3.4965,31
2026-01-20 12:46:00,3.492,3.494,3.488,3.493,3.497,3.499,3.493,3.498,16
2026-01-20 12:47:00,3.492,3.503,3.4885,3.5015,3.497,3.508,3.4935,3.5065,40
2026-01-20 12:48:00,3.501,3.502,3.497,3.499,3.506,3.507,3.502,3.504,22
2026-01-20 12:49:00,3.498,3.5,3.489,3.489,3.503,3.505,3.494,3.494,37
2026-01-20 12:50:00,3.4885,3.49,3.484,3.488,3.4935,3.495,3.489,3.493,50
2026-01-20 12:51:00,3.4885,3.491,3.479,3.4895,3.4935,3.496,3.484,3.4945,44
2026-01-20 12:52:00,3.489,3.489,3.4865,3.488,3.494,3.494,3.4915,3.493,8
2026-01-20 12:53:00,3.489,3.4945,3.489,3.491,3.494,3.4995,3.494,3.496,15
2026-01-20 12:54:00,3.492,3.496,3.491,3.491,3.497,3.501,3.496,3.496,15
2026-01-20 12:55:00,3.4905,3.505,3.49,3.503,3.4955,3.51,3.495,3.508,51
2026-01-20 12:56:00,3.502,3.5025,3.5,3.5005,3.507,3.5075,3.505,3.5055,9
2026-01-20 12:57:00,3.5,3.5,3.49,3.4915,3.505,3.505,3.495,3.4965,27
2026-01-20 12:58:00,3.4925,3.497,3.49,3.4915,3.4975,3.502,3.495,3.4965,25
2026-01-20 12:59:00,3.491,3.4975,3.4895,3.497,3.496,3.5025,3.4945,3.502,20
2026-01-20 13:00:00,3.4955,3.4955,3.483,3.494,3.5005,3.5005,3.488,3.499,76
2026-01-20 13:01:00,3.495,3.4965,3.49,3.4905,3.5,3.5015,3.495,3.4955,34
2026-01-20 13:02:00,3.49,3.4925,3.476,3.478,3.495,3.4975,3.481,3.483,67
2026-01-20 13:03:00,3.4785,3.487,3.4785,3.485,3.4835,3.492,3.4835,3.49,50
2026-01-20 13:04:00,3.4855,3.488,3.4685,3.4695,3.4905,3.493,3.4735,3.4745,69
2026-01-20 13:05:00,3.469,3.469,3.444,3.446,3.474,3.474,3.449,3.451,119
2026-01-20 13:06:00,3.4465,3.455,3.443,3.446,3.4515,3.46,3.448,3.451,84
2026-01-20 13:07:00,3.4465,3.449,3.434,3.4355,3.4515,3.454,3.439,3.4405,103
2026-01-20 13:08:00,3.4345,3.4435,3.4315,3.439,3.4395,3.4485,3.4365,3.444,76
2026-01-20 13:09:00,3.44,3.4475,3.44,3.447,3.445,3.4525,3.445,3.452,53
2026-01-20 13:10:00,3.4475,3.448,3.438,3.441,3.4525,3.453,3.443,3.446,53
2026-01-20 13:11:00,3.4415,3.443,3.431,3.4315,3.4465,3.448,3.436,3.4365,102
2026-01-20 13:12:00,3.431,3.436,3.429,3.4305,3.436,3.441,3.434,3.4355,72
2026-01-20 13:13:00,3.4295,3.4335,3.421,3.423,3.4345,3.4385,3.426,3.428,105
2026-01-20 13:14:00,3.422,3.423,3.419,3.423,3.427,3.428,3.424,3.428,43
2026-01-20 13:15:00,3.422,3.426,3.413,3.426,3.427,3.431,3.418,3.431,97
2026-01-20 13:16:00,3.425,3.445,3.423,3.442,3.43,3.45,3.428,3.447,91
2026-01-20 13:17:00,3.4435,3.451,3.4435,3.45,3.4485,3.456,3.4485,3.455,56
2026-01-20 13:18:00,3.449,3.462,3.448,3.461,3.454,3.467,3.453,3.466,61
2026-01-20 13:19:00,3.462,3.488,3.462,3.481,3.467,3.493,3.467,3.486,159
2026-01-20 13:20:00,3.4805,3.488,3.479,3.479,3.4855,3.493,3.484,3.484,69
2026-01-20 13:21:00,3.4785,3.4865,3.4715,3.4855,3.4835,3.4915,3.4765,3.4905,46
2026-01-20 13:22:00,3.485,3.4885,3.481,3.4865,3.49,3.4935,3.486,3.4915,44
2026-01-20 13:23:00,3.485,3.486,3.4805,3.483,3.49,3.491,3.4855,3.488,53
2026-01-20 13:24:00,3.484,3.5025,3.484,3.492,3.489,3.5075,3.489,3.497,116
2026-01-20 13:25:00,3.49,3.49,3.4845,3.486,3.495,3.495,3.4895,3.491,58
2026-01-20 13:26:00,3.4865,3.488,3.48,3.481,3.4915,3.493,3.485,3.486,35
2026-01-20 13:27:00,3.482,3.4835,3.474,3.476,3.487,3.4885,3.479,3.481,30
2026-01-20 13:28:00,3.477,3.483,3.475,3.479,3.482,3.488,3.48,3.484,71
2026-01-20 13:29:00,3.4785,3.4805,3.476,3.4765,3.4835,3.4855,3.481,3.4815,22
2026-01-20 13:30:00,3.477,3.495,3.476,3.495,3.482,3.5,3.481,3.5,71
2026-01-20 13:31:00,3.494,3.504,3.491,3.493,3.499,3.509,3.496,3.498,71
2026-01-20 13:32:00,3.4935,3.496,3.491,3.496,3.4985,3.501,3.496,3.501,33
2026-01-20 13:33:00,3.4965,3.4965,3.484,3.489,3.5015,3.5015,3.489,3.494,49
2026-01-20 13:34:00,3.4895,3.49,3.487,3.489,3.4945,3.495,3.492,3.494,28
2026-01-20 13:35:00,3.49,3.493,3.483,3.493,3.495,3.498,3.488,3.498,39
2026-01-20 13:36:00,3.494,3.5165,3.494,3.515,3.499,3.5215,3.499,3.52,116
2026-01-20 13:37:00,3.517,3.5315,3.5145,3.5265,3.522,3.5365,3.5195,3.5315,188
2026-01-20 13:38:00,3.527,3.529,3.521,3.522,3.532,3.534,3.526,3.527,80
2026-01-20 13:39:00,3.521,3.523,3.515,3.515,3.526,3.528,3.52,3.52,73
2026-01-20 13:40:00,3.514,3.518,3.512,3.516,3.519,3.523,3.517,3.521,46
2026-01-20 13:41:00,3.5165,3.5255,3.5145,3.52,3.5215,3.5305,3.5195,3.525,58
2026-01-20 13:42:00,3.5215,3.528,3.519,3.524,3.5265,3.533,3.524,3.529,72
2026-01-20 13:43:00,3.5235,3.526,3.5185,3.5185,3.5285,3.531,3.5235,3.5235,45
2026-01-20 13:44:00,3.519,3.525,3.5185,3.523,3.524,3.53,3.5235,3.528,58
2026-01-20 13:45:00,3.522,3.5245,3.519,3.522,3.527,3.5295,3.524,3.527,37
2026-01-20 13:46:00,3.521,3.523,3.513,3.5205,3.526,3.528,3.518,3.5255,52
2026-01-20 13:47:00,3.521,3.526,3.52,3.523,3.526,3.531,3.525,3.528,31
2026-01-20 13:48:00,3.5225,3.53,3.5225,3.5285,3.5275,3.535,3.5275,3.5335,62
2026-01-20 13:49:00,3.5295,3.533,3.524,3.5285,3.5345,3.538,3.529,3.5335,71
2026-01-20 13:50:00,3.527,3.527,3.5105,3.511,3.532,3.532,3.5155,3.516,68
2026-01-20 13:51:00,3.508,3.514,3.503,3.514,3.513,3.519,3.508,3.519,76
2026-01-20 13:52:00,3.5135,3.52,3.513,3.5165,3.5185,3.525,3.518,3.5215,58
2026-01-20 13:53:00,3.516,3.521,3.5085,3.511,3.521,3.526,3.5135,3.516,64
2026-01-20 13:54:00,3.512,3.513,3.498,3.504,3.517,3.518,3.503,3.509,85
2026-01-20 13:55:00,3.503,3.507,3.494,3.5045,3.508,3.512,3.499,3.5095,92
2026-01-20 13:56:00,3.504,3.507,3.501,3.504,3.509,3.512,3.506,3.509,60
2026-01-20 13:57:00,3.5035,3.5035,3.496,3.5015,3.5085,3.5085,3.501,3.5065,52
2026-01-20 13:58:00,3.502,3.514,3.5,3.511,3.507,3.519,3.505,3.516,75
2026-01-20 13:59:00,3.5115,3.512,3.505,3.508,3.5165,3.517,3.51,3.513,42
2026-01-20 14:00:00,3.509,3.5185,3.503,3.5095,3.514,3.5235,3.508,3.5145,142
2026-01-20 14:01:00,3.51,3.52,3.509,3.515,3.515,3.525,3.514,3.52,106
2026-01-20 14:02:00,3.514,3.519,3.51,3.515,3.519,3.524,3.515,3.52,71
2026-01-20 14:03:00,3.5155,3.5215,3.513,3.516,3.5205,3.5265,3.518,3.521,88
2026-01-20 14:04:00,3.5165,3.5165,3.508,3.5095,3.5215,3.5215,3.513,3.5145,73
2026-01-20 14:05:00,3.51,3.517,3.507,3.5155,3.515,3.522,3.512,3.5205,68
2026-01-20 14:06:00,3.516,3.517,3.505,3.509,3.521,3.522,3.51,3.514,87
2026-01-20 14:07:00,3.5095,3.5145,3.505,3.5105,3.5145,3.5195,3.51,3.5155,87
2026-01-20 14:08:00,3.5125,3.5185,3.512,3.514,3.5175,3.5235,3.517,3.519,84
2026-01-20 14:09:00,3.5135,3.518,3.508,3.512,3.5185,3.523,3.513,3.517,70
2026-01-20 14:10:00,3.5125,3.525,3.5125,3.525,3.5175,3.53,3.5175,3.53,85
2026-01-20 14:11:00,3.5255,3.5255,3.518,3.5225,3.5305,3.5305,3.523,3.5275,68
2026-01-20 14:12:00,3.523,3.533,3.5225,3.5285,3.528,3.538,3.5275,3.5335,79
2026-01-20 14:13:00,3.529,3.543,3.529,3.539,3.534,3.548,3.534,3.544,120
2026-01-20 14:14:00,3.5395,3.552,3.537,3.55,3.5445,3.557,3.542,3.555,122
2026-01-20 14:15:00,3.551,3.554,3.536,3.542,3.556,3.559,3.541,3.547,101
2026-01-20 14:16:00,3.5425,3.544,3.534,3.5405,3.5475,3.549,3.539,3.5455,74
2026-01-20 14:17:00,3.54,3.5485,3.538,3.544,3.545,3.5535,3.543,3.549,67
2026-01-20 14:18:00,3.5455,3.549,3.5385,3.5435,3.5505,3.554,3.5435,3.5485,88
2026-01-20 14:19:00,3.544,3.558,3.544,3.553,3.549,3.563,3.549,3.558,87
2026-01-20 14:20:00,3.554,3.56,3.5515,3.553,3.559,3.565,3.5565,3.558,95
2026-01-20 14:21:00,3.552,3.5635,3.552,3.5585,3.557,3.5685,3.557,3.5635,88
2026-01-20 14:22:00,3.558,3.559,3.5545,3.5575,3.563,3.564,3.5595,3.5625,50
2026-01-20 14:23:00,3.5565,3.568,3.556,3.566,3.5615,3.573,3.561,3.571,99
2026-01-20 14:24:00,3.567,3.58,3.566,3.5785,3.572,3.585,3.571,3.5835,123
2026-01-20 14:25:00,3.578,3.584,3.574,3.5815,3.583,3.589,3.579,3.5865,151
2026-01-20 14:26:00,3.581,3.583,3.576,3.577,3.586,3.588,3.581,3.582,77
2026-01-20 14:27:00,3.5775,3.585,3.575,3.585,3.5825,3.59,3.58,3.59,84
2026-01-20 14:28:00,3.584,3.587,3.5795,3.58,3.589,3.592,3.5845,3.585,76
2026-01-20 14:29:00,3.5805,3.5815,3.576,3.5795,3.5855,3.5865,3.581,3.5845,67
2026-01-20 14:30:00,3.579,3.589,3.576,3.5865,3.584,3.594,3.581,3.5915,125
2026-01-20 14:31:00,3.587,3.597,3.586,3.594,3.592,3.602,3.591,3.599,91
2026-01-20 14:32:00,3.5945,3.609,3.593,3.607,3.5995,3.614,3.598,3.612,113
2026-01-20 14:33:00,3.608,3.62,3.6,3.619,3.613,3.625,3.605,3.624,140
2026-01-20 14:34:00,3.6185,3.623,3.614,3.623,3.6235,3.628,3.619,3.628,98
2026-01-20 14:35:00,3.622,3.627,3.611,3.6215,3.627,3.632,3.616,3.6265,124
2026-01-20 14:36:00,3.621,3.627,3.62,3.626,3.626,3.632,3.625,3.631,107
2026-01-20 14:37:00,3.627,3.627,3.622,3.627,3.632,3.632,3.627,3.632,84
2026-01-20 14:38:00,3.6265,3.643,3.626,3.6365,3.6315,3.648,3.631,3.6415,140
2026-01-20 14:39:00,3.636,3.646,3.629,3.643,3.641,3.651,3.634,3.648,110
2026-01-20 14:40:00,3.642,3.652,3.641,3.652,3.647,3.657,3.646,3.657,95
2026-01-20 14:41:00,3.653,3.663,3.647,3.66,3.658,3.668,3.652,3.665,143
2026-01-20 14:42:00,3.659,3.6625,3.634,3.637,3.664,3.6675,3.639,3.642,232
2026-01-20 14:43:00,3.6375,3.651,3.637,3.646,3.6425,3.656,3.642,3.651,149
2026-01-20 14:44:00,3.644,3.644,3.625,3.629,3.649,3.649,3.63,3.634,145
2026-01-20 14:45:00,3.6295,3.632,3.615,3.617,3.6345,3.637,3.62,3.622,134
2026-01-20 14:46:00,3.616,3.633,3.61,3.632,3.621,3.638,3.615,3.637,182
2026-01-20 14:47:00,3.631,3.637,3.6295,3.6345,3.636,3.642,3.6345,3.6395,105
2026-01-20 14:48:00,3.634,3.6375,3.62,3.633,3.639,3.6425,3.625,3.638,154
2026-01-20 14:49:00,3.634,3.637,3.6245,3.631,3.639,3.642,3.6295,3.636,119
2026-01-20 14:50:00,3.6315,3.633,3.608,3.608,3.6365,3.638,3.613,3.613,151
2026-01-20 14:51:00,3.609,3.609,3.598,3.603,3.614,3.614,3.603,3.608,193
2026-01-20 14:52:00,3.604,3.611,3.6,3.6075,3.609,3.616,3.605,3.6125,88
2026-01-20 14:53:00,3.608,3.608,3.591,3.594,3.613,3.613,3.596,3.599,116
2026-01-20 14:54:00,3.5945,3.598,3.589,3.59,3.5995,3.603,3.594,3.595,87
2026-01-20 14:55:00,3.591,3.601,3.587,3.588,3.596,3.606,3.592,3.593,85
2026-01-20 14:56:00,3.5885,3.5965,3.584,3.5915,3.5935,3.6015,3.589,3.5965,106
2026-01-20 14:57:00,3.5905,3.604,3.588,3.601,3.5955,3.609,3.593,3.606,110
2026-01-20 14:58:00,3.6025,3.613,3.602,3.608,3.6075,3.618,3.607,3.613,90
2026-01-20 14:59:00,3.609,3.618,3.606,3.614,3.614,3.623,3.611,3.619,105
2026-01-20 15:00:00,3.6145,3.629,3.6075,3.614,3.6195,3.634,3.6125,3.619,202
2026-01-20 15:01:00,3.6145,3.624,3.605,3.619,3.6195,3.629,3.61,3.624,130
2026-01-20 15:02:00,3.6195,3.6275,3.6105,3.625,3.6245,3.6325,3.6155,3.63,132
2026-01-20 15:03:00,3.626,3.628,3.608,3.6115,3.631,3.633,3.613,3.6165,129
2026-01-20 15:04:00,3.613,3.619,3.608,3.609,3.618,3.624,3.613,3.614,140
2026-01-20 15:05:00,3.6075,3.62,3.595,3.6115,3.6125,3.625,3.6,3.6165,186
2026-01-20 15:06:00,3.612,3.619,3.611,3.619,3.617,3.624,3.616,3.624,129
2026-01-20 15:07:00,3.62,3.62,3.605,3.6075,3.625,3.625,3.61,3.6125,98
2026-01-20 15:08:00,3.607,3.607,3.584,3.584,3.612,3.612,3.589,3.589,188
2026-01-20 15:09:00,3.5845,3.587,3.573,3.573,3.5895,3.592,3.578,3.578,165
2026-01-20 15:10:00,3.574,3.586,3.571,3.585,3.579,3.591,3.576,3.59,158
2026-01-20 15:11:00,3.584,3.586,3.5715,3.575,3.589,3.591,3.5765,3.58,106
2026-01-20 15:12:00,3.576,3.6,3.576,3.597,3.581,3.605,3.581,3.602,127
2026-01-20 15:13:00,3.598,3.612,3.598,3.6095,3.603,3.617,3.603,3.6145,122
2026-01-20 15:14:00,3.609,3.613,3.6005,3.6005,3.614,3.618,3.6055,3.6055,100
2026-01-20 15:15:00,3.601,3.624,3.6,3.623,3.606,3.629,3.605,3.628,134
2026-01-20 15:16:00,3.622,3.6255,3.614,3.621,3.627,3.6305,3.619,3.626,143
2026-01-20 15:17:00,3.6215,3.6335,3.619,3.628,3.6265,3.6385,3.624,3.633,144
2026-01-20 15:18:00,3.6275,3.6295,3.622,3.627,3.6325,3.6345,3.627,3.632,82
2026-01-20 15:19:00,3.626,3.64,3.622,3.638,3.631,3.645,3.627,3.643,113
2026-01-20 15:20:00,3.6385,3.643,3.632,3.641,3.6435,3.648,3.637,3.646,107
2026-01-20 15:21:00,3.642,3.645,3.6335,3.634,3.647,3.65,3.6385,3.639,111
2026-01-20 15:22:00,3.6335,3.639,3.626,3.637,3.6385,3.644,3.631,3.642,101
2026-01-20 15:23:00,3.6375,3.639,3.623,3.6235,3.6425,3.644,3.628,3.6285,112
2026-01-20 15:24:00,3.623,3.6315,3.623,3.6275,3.628,3.6365,3.628,3.6325,78
2026-01-20 15:25:00,3.627,3.629,3.607,3.615,3.632,3.634,3.612,3.62,132
2026-01-20 15:26:00,3.614,3.615,3.607,3.612,3.619,3.62,3.612,3.617,94
2026-01-20 15:27:00,3.6125,3.627,3.6125,3.6225,3.6175,3.632,3.6175,3.6275,98
2026-01-20 15:28:00,3.623,3.635,3.617,3.631,3.628,3.64,3.622,3.636,115
2026-01-20 15:29:00,3.63,3.6385,3.63,3.6315,3.635,3.6435,3.635,3.6365,124
2026-01-20 15:30:00,3.631,3.6325,3.609,3.618,3.636,3.6375,3.614,3.623,237
2026-01-20 15:31:00,3.619,3.626,3.604,3.607,3.624,3.631,3.609,3.612,195
2026-01-20 15:32:00,3.6075,3.6075,3.599,3.6025,3.6125,3.6125,3.604,3.6075,153
2026-01-20 15:33:00,3.6035,3.6035,3.589,3.6,3.6085,3.6085,3.594,3.605,161
2026-01-20 15:34:00,3.6005,3.602,3.584,3.5925,3.6055,3.607,3.589,3.5975,174
2026-01-20 15:35:00,3.592,3.6005,3.5825,3.5905,3.597,3.6055,3.5875,3.5955,245
2026-01-20 15:36:00,3.59,3.593,3.577,3.582,3.595,3.598,3.582,3.587,185
2026-01-20 15:37:00,3.5825,3.589,3.567,3.5715,3.5875,3.594,3.572,3.5765,148
2026-01-20 15:38:00,3.573,3.576,3.563,3.565,3.578,3.581,3.568,3.57,128
2026-01-20 15:39:00,3.5655,3.5685,3.561,3.5655,3.5705,3.5735,3.566,3.5705,133
2026-01-20 15:40:00,3.5645,3.565,3.55,3.555,3.5695,3.57,3.555,3.56,124
2026-01-20 15:41:00,3.554,3.555,3.546,3.551,3.559,3.56,3.551,3.556,109
2026-01-20 15:42:00,3.552,3.554,3.535,3.539,3.557,3.559,3.54,3.544,126
2026-01-20 15:43:00,3.5395,3.542,3.537,3.5385,3.5445,3.547,3.542,3.5435,101
2026-01-20 15:44:00,3.539,3.542,3.535,3.538,3.544,3.547,3.54,3.543,101
2026-01-20 15:45:00,3.539,3.56,3.536,3.5555,3.544,3.565,3.541,3.5605,169
2026-01-20 15:46:00,3.556,3.566,3.554,3.5615,3.561,3.571,3.559,3.5665,98
2026-01-20 15:47:00,3.562,3.5675,3.5485,3.549,3.567,3.5725,3.5535,3.554,127
2026-01-20 15:48:00,3.5495,3.558,3.548,3.557,3.5545,3.563,3.553,3.562,111
2026-01-20 15:49:00,3.558,3.562,3.544,3.544,3.563,3.567,3.549,3.549,152
2026-01-20 15:50:00,3.545,3.561,3.539,3.5565,3.55,3.566,3.544,3.5615,136
2026-01-20 15:51:00,3.557,3.557,3.546,3.548,3.562,3.562,3.551,3.553,98
2026-01-20 15:52:00,3.5485,3.562,3.547,3.559,3.5535,3.567,3.552,3.564,61
2026-01-20 15:53:00,3.56,3.565,3.555,3.555,3.565,3.57,3.56,3.56,89
2026-01-20 15:54:00,3.556,3.564,3.555,3.557,3.561,3.569,3.56,3.562,85
2026-01-20 15:55:00,3.5565,3.563,3.555,3.558,3.5615,3.568,3.56,3.563,95
2026-01-20 15:56:00,3.5575,3.5605,3.548,3.548,3.5625,3.5655,3.553,3.553,82
2026-01-20 15:57:00,3.5475,3.5475,3.534,3.534,3.5525,3.5525,3.539,3.539,104
2026-01-20 15:58:00,3.5335,3.536,3.512,3.512,3.5385,3.541,3.517,3.517,145
2026-01-20 15:59:00,3.513,3.522,3.512,3.522,3.518,3.527,3.517,3.527,82
2026-01-20 16:00:00,3.5235,3.533,3.516,3.523,3.5285,3.538,3.521,3.528,128
2026-01-20 16:01:00,3.5235,3.524,3.5045,3.505,3.5285,3.529,3.5095,3.51,155
2026-01-20 16:02:00,3.506,3.5205,3.501,3.5205,3.511,3.5255,3.506,3.5255,159
2026-01-20 16:03:00,3.521,3.534,3.5205,3.533,3.526,3.539,3.5255,3.538,86
2026-01-20 16:04:00,3.531,3.542,3.522,3.523,3.536,3.547,3.527,3.528,114
2026-01-20 16:05:00,3.5235,3.537,3.518,3.5365,3.5285,3.542,3.523,3.5415,105
2026-01-20 16:06:00,3.5355,3.537,3.523,3.523,3.5405,3.542,3.528,3.528,104
2026-01-20 16:07:00,3.5225,3.5225,3.495,3.498,3.5275,3.5275,3.5,3.503,128
2026-01-20 16:08:00,3.499,3.514,3.497,3.5035,3.504,3.519,3.502,3.5085,136
2026-01-20 16:09:00,3.503,3.507,3.495,3.507,3.508,3.512,3.5,3.512,98
2026-01-20 16:10:00,3.5075,3.511,3.496,3.503,3.5125,3.516,3.501,3.508,115
2026-01-20 16:11:00,3.5035,3.5075,3.491,3.492,3.5085,3.5125,3.496,3.497,123
2026-01-20 16:12:00,3.4925,3.497,3.485,3.485,3.4975,3.502,3.49,3.49,102
2026-01-20 16:13:00,3.4845,3.501,3.484,3.496,3.4895,3.506,3.489,3.501,106
2026-01-20 16:14:00,3.495,3.5025,3.489,3.5025,3.5,3.5075,3.494,3.5075,102
2026-01-20 16:15:00,3.504,3.517,3.501,3.517,3.509,3.522,3.506,3.522,117
2026-01-20 16:16:00,3.516,3.527,3.516,3.518,3.521,3.532,3.521,3.523,104
2026-01-20 16:17:00,3.5175,3.518,3.512,3.515,3.5225,3.523,3.517,3.52,45
2026-01-20 16:18:00,3.5145,3.518,3.505,3.505,3.5195,3.523,3.51,3.51,99
2026-01-20 16:19:00,3.5055,3.5055,3.498,3.502,3.5105,3.5105,3.503,3.507,107
2026-01-20 16:20:00,3.503,3.5155,3.4995,3.515,3.508,3.5205,3.5045,3.52,125
2026-01-20 16:21:00,3.514,3.517,3.505,3.507,3.519,3.522,3.51,3.512,101
2026-01-20 16:22:00,3.506,3.511,3.502,3.5095,3.511,3.516,3.507,3.5145,80
2026-01-20 16:23:00,3.509,3.509,3.4825,3.4835,3.514,3.514,3.4875,3.4885,100
2026-01-20 16:24:00,3.484,3.4905,3.475,3.477,3.489,3.4955,3.48,3.482,108
2026-01-20 16:25:00,3.4765,3.48,3.462,3.463,3.4815,3.485,3.467,3.468,213
2026-01-20 16:26:00,3.462,3.466,3.4565,3.465,3.467,3.471,3.4615,3.47,115
2026-01-20 16:27:00,3.4655,3.475,3.463,3.467,3.4705,3.48,3.468,3.472,119
2026-01-20 16:28:00,3.468,3.4765,3.464,3.4755,3.473,3.4815,3.469,3.4805,105
2026-01-20 16:29:00,3.475,3.48,3.462,3.4685,3.48,3.485,3.467,3.4735,116
2026-01-20 16:30:00,3.468,3.473,3.466,3.469,3.473,3.478,3.471,3.474,60
2026-01-20 16:31:00,3.4685,3.4695,3.45,3.458,3.4735,3.4745,3.455,3.463,102
2026-01-20 16:32:00,3.4575,3.4575,3.443,3.4475,3.4625,3.4625,3.448,3.4525,130
2026-01-20 16:33:00,3.445,3.455,3.436,3.4545,3.45,3.46,3.441,3.4595,153
2026-01-20 16:34:00,3.454,3.466,3.452,3.4605,3.459,3.471,3.457,3.4655,104
2026-01-20 16:35:00,3.461,3.469,3.455,3.469,3.466,3.474,3.46,3.474,71
2026-01-20 16:36:00,3.4695,3.508,3.4695,3.505,3.4745,3.513,3.4745,3.51,205
2026-01-20 16:37:00,3.5045,3.506,3.4885,3.4945,3.5095,3.511,3.4935,3.4995,132
2026-01-20 16:38:00,3.4955,3.496,3.4805,3.483,3.5005,3.501,3.4855,3.488,88
2026-01-20 16:39:00,3.484,3.5155,3.484,3.514,3.489,3.5205,3.489,3.519,134
2026-01-20 16:40:00,3.5145,3.517,3.509,3.517,3.5195,3.522,3.514,3.522,103
2026-01-20 16:41:00,3.5165,3.519,3.507,3.515,3.5215,3.524,3.512,3.52,108
2026-01-20 16:42:00,3.5145,3.516,3.5095,3.512,3.5195,3.521,3.5145,3.517,69
2026-01-20 16:43:00,3.5125,3.519,3.511,3.516,3.5175,3.524,3.516,3.521,68
2026-01-20 16:44:00,3.5165,3.5185,3.5095,3.511,3.5215,3.5235,3.5145,3.516,74
2026-01-20 16:45:00,3.5105,3.519,3.501,3.517,3.5155,3.524,3.506,3.522,123
2026-01-20 16:46:00,3.5175,3.525,3.5155,3.521,3.5225,3.53,3.5205,3.526,136
2026-01-20 16:47:00,3.5205,3.5365,3.518,3.52,3.5255,3.5415,3.523,3.525,168
2026-01-20 16:48:00,3.5205,3.5285,3.516,3.528,3.5255,3.5335,3.521,3.533,94
2026-01-20 16:49:00,3.527,3.532,3.5255,3.531,3.532,3.537,3.5305,3.536,76
2026-01-20 16:50:00,3.5305,3.545,3.5225,3.525,3.5355,3.55,3.5275,3.53,110
2026-01-20 16:51:00,3.526,3.54,3.525,3.533,3.531,3.545,3.53,3.538,89
2026-01-20 16:52:00,3.5325,3.54,3.529,3.5365,3.5375,3.545,3.534,3.5415,91
2026-01-20 16:53:00,3.536,3.5395,3.5305,3.5315,3.541,3.5445,3.5355,3.5365,85
2026-01-20 16:54:00,3.531,3.535,3.524,3.532,3.536,3.54,3.529,3.537,85
2026-01-20 16:55:00,3.5315,3.547,3.5315,3.545,3.5365,3.552,3.5365,3.55,81
2026-01-20 16:56:00,3.544,3.552,3.542,3.551,3.549,3.557,3.547,3.556,93
2026-01-20 16:57:00,3.55,3.555,3.544,3.5535,3.555,3.56,3.549,3.5585,96
2026-01-20 16:58:00,3.554,3.5555,3.54,3.544,3.559,3.5605,3.545,3.549,90
2026-01-20 16:59:00,3.5445,3.546,3.5345,3.5345,3.5495,3.551,3.5395,3.5395,82
2026-01-20 17:00:00,3.534,3.54,3.5225,3.5225,3.539,3.545,3.5275,3.5275,139
2026-01-20 17:01:00,3.521,3.5235,3.504,3.5085,3.526,3.5285,3.509,3.5135,127
2026-01-20 17:02:00,3.509,3.523,3.509,3.521,3.514,3.528,3.514,3.526,85
2026-01-20 17:03:00,3.5215,3.5315,3.514,3.521,3.5265,3.5365,3.519,3.526,106
2026-01-20 17:04:00,3.52,3.521,3.502,3.507,3.525,3.526,3.507,3.512,127
2026-01-20 17:05:00,3.506,3.507,3.4915,3.492,3.511,3.512,3.4965,3.497,115
2026-01-20 17:06:00,3.493,3.511,3.486,3.508,3.498,3.516,3.491,3.513,130
2026-01-20 17:07:00,3.507,3.52,3.506,3.5185,3.512,3.525,3.511,3.5235,84
2026-01-20 17:08:00,3.519,3.5235,3.507,3.51,3.524,3.5285,3.512,3.515,79
2026-01-20 17:09:00,3.509,3.515,3.508,3.5115,3.514,3.52,3.513,3.5165,97
2026-01-20 17:10:00,3.512,3.515,3.5045,3.513,3.517,3.52,3.5095,3.518,124
2026-01-20 17:11:00,3.512,3.522,3.51,3.5215,3.517,3.527,3.515,3.5265,85
2026-01-20 17:12:00,3.522,3.53,3.5205,3.5275,3.527,3.535,3.5255,3.5325,105
2026-01-20 17:13:00,3.528,3.531,3.523,3.5255,3.533,3.536,3.528,3.5305,87
2026-01-20 17:14:00,3.526,3.5385,3.521,3.535,3.531,3.5435,3.526,3.54,105
2026-01-20 17:15:00,3.5345,3.537,3.523,3.524,3.5395,3.542,3.528,3.529,57
2026-01-20 17:16:00,3.5245,3.533,3.523,3.533,3.5295,3.538,3.528,3.538,71
2026-01-20 17:17:00,3.5325,3.543,3.5325,3.542,3.5375,3.548,3.5375,3.547,100
2026-01-20 17:18:00,3.5425,3.545,3.532,3.541,3.5475,3.55,3.537,3.546,110
2026-01-20 17:19:00,3.5415,3.547,3.536,3.54,3.5465,3.552,3.541,3.545,84
2026-01-20 17:20:00,3.539,3.542,3.535,3.538,3.544,3.547,3.54,3.543,60
2026-01-20 17:21:00,3.5375,3.545,3.534,3.539,3.5425,3.55,3.539,3.544,78
2026-01-20 17:22:00,3.5395,3.547,3.537,3.547,3.5445,3.552,3.542,3.552,45
2026-01-20 17:23:00,3.5465,3.557,3.546,3.557,3.5515,3.562,3.551,3.562,44
2026-01-20 17:24:00,3.558,3.579,3.556,3.5755,3.563,3.584,3.561,3.5805,154
2026-01-20 17:25:00,3.576,3.59,3.574,3.5835,3.581,3.595,3.579,3.5885,114
2026-01-20 17:26:00,3.583,3.603,3.583,3.5945,3.588,3.608,3.588,3.5995,143
2026-01-20 17:27:00,3.595,3.603,3.592,3.601,3.6,3.608,3.597,3.606,96
2026-01-20 17:28:00,3.6015,3.6035,3.571,3.573,3.6065,3.6085,3.576,3.578,137
2026-01-20 17:29:00,3.572,3.58,3.5685,3.579,3.577,3.585,3.5735,3.584,78
2026-01-20 17:30:00,3.5795,3.584,3.5695,3.5735,3.5845,3.589,3.5745,3.5785,95
2026-01-20 17:31:00,3.5725,3.586,3.572,3.5835,3.5775,3.591,3.577,3.5885,73
2026-01-20 17:32:00,3.584,3.584,3.5685,3.5685,3.589,3.589,3.5735,3.5735,95
2026-01-20 17:33:00,3.569,3.581,3.569,3.5765,3.574,3.586,3.574,3.5815,74
2026-01-20 17:34:00,3.577,3.592,3.573,3.59,3.582,3.597,3.578,3.595,84
2026-01-20 17:35:00,3.591,3.592,3.582,3.5845,3.596,3.597,3.587,3.5895,66
2026-01-20 17:36:00,3.585,3.586,3.573,3.581,3.59,3.591,3.578,3.586,63
2026-01-20 17:37:00,3.58,3.588,3.577,3.581,3.585,3.593,3.582,3.586,105
2026-01-20 17:38:00,3.5805,3.5805,3.573,3.5765,3.5855,3.5855,3.578,3.5815,50
2026-01-20 17:39:00,3.575,3.583,3.575,3.5795,3.58,3.588,3.58,3.5845,60
2026-01-20 17:40:00,3.5785,3.579,3.5585,3.559,3.5835,3.584,3.5635,3.564,93
2026-01-20 17:41:00,3.558,3.57,3.558,3.569,3.563,3.575,3.563,3.574,60
2026-01-20 17:42:00,3.5695,3.573,3.563,3.5705,3.5745,3.578,3.568,3.5755,66
2026-01-20 17:43:00,3.57,3.57,3.556,3.556,3.575,3.575,3.561,3.561,74
2026-01-20 17:44:00,3.557,3.5675,3.554,3.564,3.562,3.5725,3.559,3.569,106
2026-01-20 17:45:00,3.5645,3.567,3.558,3.561,3.5695,3.572,3.563,3.566,85
2026-01-20 17:46:00,3.5595,3.563,3.553,3.553,3.5645,3.568,3.558,3.558,70
2026-01-20 17:47:00,3.554,3.566,3.553,3.555,3.559,3.571,3.558,3.56,94
2026-01-20 17:48:00,3.5545,3.557,3.551,3.5545,3.5595,3.562,3.556,3.5595,69
2026-01-20 17:49:00,3.554,3.565,3.554,3.5635,3.559,3.57,3.559,3.5685,75
2026-01-20 17:50:00,3.563,3.57,3.556,3.56,3.568,3.575,3.561,3.565,59
2026-01-20 17:51:00,3.5605,3.579,3.5605,3.577,3.5655,3.584,3.5655,3.582,90
2026-01-20 17:52:00,3.5765,3.578,3.564,3.565,3.5815,3.583,3.569,3.57,56
2026-01-20 17:53:00,3.566,3.573,3.563,3.5695,3.571,3.578,3.568,3.5745,66
2026-01-20 17:54:00,3.57,3.578,3.5695,3.5765,3.575,3.583,3.5745,3.5815,56
2026-01-20 17:55:00,3.576,3.578,3.573,3.575,3.581,3.583,3.578,3.58,63
2026-01-20 17:56:00,3.5745,3.583,3.571,3.58,3.5795,3.588,3.576,3.585,81
2026-01-20 17:57:00,3.581,3.587,3.5795,3.587,3.586,3.592,3.5845,3.592,71
2026-01-20 17:58:00,3.5865,3.6065,3.586,3.605,3.5915,3.6115,3.591,3.61,118
2026-01-20 17:59:00,3.6045,3.605,3.5835,3.587,3.6095,3.61,3.5885,3.592,88
2026-01-20 18:00:00,3.586,3.592,3.582,3.5915,3.591,3.597,3.587,3.5965,69
2026-01-20 18:01:00,3.5905,3.598,3.588,3.597,3.5955,3.603,3.593,3.602,45
2026-01-20 18:02:00,3.5985,3.606,3.598,3.598,3.6035,3.611,3.603,3.603,68
2026-01-20 18:03:00,3.5975,3.5975,3.592,3.5945,3.6025,3.6025,3.597,3.5995,54
2026-01-20 18:04:00,3.594,3.6,3.592,3.5985,3.599,3.605,3.597,3.6035,66
2026-01-20 18:05:00,3.599,3.607,3.5965,3.605,3.604,3.612,3.6015,3.61,53
2026-01-20 18:06:00,3.6055,3.609,3.5995,3.604,3.6105,3.614,3.6045,3.609,62
2026-01-20 18:07:00,3.6035,3.608,3.601,3.6055,3.6085,3.613,3.606,3.6105,50
2026-01-20 18:08:00,3.605,3.607,3.5985,3.599,3.61,3.612,3.6035,3.604,43
2026-01-20 18:09:00,3.5985,3.599,3.589,3.5925,3.6035,3.604,3.594,3.5975,81
2026-01-20 18:10:00,3.594,3.599,3.594,3.596,3.599,3.604,3.599,3.601,32
2026-01-20 18:11:00,3.5965,3.6,3.5955,3.599,3.6015,3.605,3.6005,3.604,30
2026-01-20 18:12:00,3.5995,3.6025,3.596,3.598,3.6045,3.6075,3.601,3.603,53
2026-01-20 18:13:00,3.5985,3.601,3.593,3.593,3.6035,3.606,3.598,3.598,39
2026-01-20 18:14:00,3.5935,3.598,3.586,3.594,3.5985,3.603,3.591,3.599,89
2026-01-20 18:15:00,3.593,3.598,3.584,3.586,3.598,3.603,3.589,3.591,78
2026-01-20 18:16:00,3.5855,3.5905,3.577,3.584,3.5905,3.5955,3.582,3.589,80
2026-01-20 18:17:00,3.5845,3.585,3.568,3.57,3.5895,3.59,3.573,3.575,85
2026-01-20 18:18:00,3.5695,3.57,3.567,3.569,3.5745,3.575,3.572,3.574,50
2026-01-20 18:19:00,3.5685,3.573,3.568,3.5715,3.5735,3.578,3.573,3.5765,53
2026-01-20 18:20:00,3.571,3.576,3.571,3.575,3.576,3.581,3.576,3.58,35
2026-01-20 18:21:00,3.574,3.5915,3.574,3.586,3.579,3.5965,3.579,3.591,90
2026-01-20 18:22:00,3.5865,3.588,3.568,3.572,3.5915,3.593,3.573,3.577,77
2026-01-20 18:23:00,3.5715,3.5805,3.57,3.5805,3.5765,3.5855,3.575,3.5855,40
2026-01-20 18:24:00,3.581,3.584,3.5785,3.583,3.586,3.589,3.5835,3.588,53
2026-01-20 18:25:00,3.5835,3.584,3.5745,3.5835,3.5885,3.589,3.5795,3.5885,55
2026-01-20 18:26:00,3.584,3.588,3.58,3.583,3.589,3.593,3.585,3.588,60
2026-01-20 18:27:00,3.5825,3.5895,3.582,3.5885,3.5875,3.5945,3.587,3.5935,55
2026-01-20 18:28:00,3.589,3.592,3.583,3.586,3.594,3.597,3.588,3.591,61
2026-01-20 18:29:00,3.585,3.589,3.585,3.5865,3.59,3.594,3.59,3.5915,33
2026-01-20 18:30:00,3.5875,3.591,3.5795,3.583,3.5925,3.596,3.5845,3.588,67
2026-01-20 18:31:00,3.5835,3.595,3.58,3.5905,3.5885,3.6,3.585,3.5955,81
2026-01-20 18:32:00,3.5915,3.5985,3.588,3.589,3.5965,3.6035,3.593,3.594,60
2026-01-20 18:33:00,3.5885,3.5905,3.557,3.558,3.5935,3.5955,3.562,3.563,136
2026-01-20 18:34:00,3.559,3.561,3.551,3.556,3.564,3.566,3.556,3.561,92
2026-01-20 18:35:00,3.5555,3.557,3.538,3.543,3.5605,3.562,3.543,3.548,92
2026-01-20 18:36:00,3.5425,3.5485,3.537,3.547,3.5475,3.5535,3.542,3.552,117
2026-01-20 18:37:00,3.5485,3.549,3.53,3.538,3.5535,3.554,3.535,3.543,105
2026-01-20 18:38:00,3.5365,3.5365,3.504,3.5125,3.5415,3.5415,3.509,3.5175,202
2026-01-20 18:39:00,3.512,3.521,3.505,3.515,3.517,3.526,3.51,3.52,156
2026-01-20 18:40:00,3.5155,3.521,3.487,3.5015,3.5205,3.526,3.492,3.5065,157
2026-01-20 18:41:00,3.502,3.504,3.494,3.497,3.507,3.509,3.499,3.502,93
2026-01-20 18:42:00,3.496,3.498,3.479,3.492,3.501,3.503,3.484,3.497,174
2026-01-20 18:43:00,3.4915,3.499,3.485,3.487,3.4965,3.504,3.49,3.492,162
2026-01-20 18:44:00,3.4885,3.491,3.48,3.486,3.4935,3.496,3.485,3.491,119
2026-01-20 18:45:00,3.487,3.5075,3.487,3.5025,3.492,3.5125,3.492,3.5075,154
2026-01-20 18:46:00,3.502,3.505,3.4795,3.482,3.507,3.51,3.4845,3.487,224
2026-01-20 18:47:00,3.481,3.5045,3.481,3.495,3.486,3.5095,3.486,3.5,183
2026-01-20 18:48:00,3.496,3.503,3.4915,3.503,3.501,3.508,3.4965,3.508,84
2026-01-20 18:49:00,3.5025,3.511,3.5,3.5025,3.5075,3.516,3.505,3.5075,119
2026-01-20 18:50:00,3.504,3.508,3.496,3.508,3.509,3.513,3.501,3.513,136
2026-01-20 18:51:00,3.5075,3.516,3.503,3.5105,3.5125,3.521,3.508,3.5155,78
2026-01-20 18:52:00,3.511,3.529,3.5035,3.525,3.516,3.534,3.5085,3.53,96
2026-01-20 18:53:00,3.5255,3.5335,3.522,3.528,3.5305,3.5385,3.527,3.533,111
2026-01-20 18:54:00,3.5275,3.531,3.523,3.528,3.5325,3.536,3.528,3.533,72
2026-01-20 18:55:00,3.5285,3.5375,3.525,3.5355,3.5335,3.5425,3.53,3.5405,84
2026-01-20 18:56:00,3.535,3.539,3.533,3.5385,3.54,3.544,3.538,3.5435,50
2026-01-20 18:57:00,3.5375,3.5475,3.5365,3.547,3.5425,3.5525,3.5415,3.552,89
2026-01-20 18:58:00,3.548,3.5495,3.535,3.536,3.553,3.5545,3.54,3.541,79
2026-01-20 18:59:00,3.5365,3.543,3.5335,3.536,3.5415,3.548,3.5385,3.541,64
2026-01-20 19:00:00,3.5365,3.548,3.5365,3.5455,3.5415,3.553,3.5415,3.5505,70
2026-01-20 19:01:00,3.547,3.563,3.5465,3.56,3.552,3.568,3.5515,3.565,108
2026-01-20 19:02:00,3.5595,3.5605,3.548,3.557,3.5645,3.5655,3.553,3.562,83
2026-01-20 19:03:00,3.5565,3.569,3.555,3.5655,3.5615,3.574,3.56,3.5705,89
2026-01-20 19:04:00,3.565,3.565,3.546,3.553,3.57,3.57,3.551,3.558,102
2026-01-20 19:05:00,3.554,3.575,3.551,3.571,3.559,3.58,3.556,3.576,177
2026-01-20 19:06:00,3.572,3.5795,3.571,3.574,3.577,3.5845,3.576,3.579,74
2026-01-20 19:07:00,3.573,3.576,3.558,3.564,3.578,3.581,3.563,3.569,64
2026-01-20 19:08:00,3.565,3.567,3.5365,3.5365,3.57,3.572,3.5415,3.5415,130
2026-01-20 19:09:00,3.5375,3.5415,3.517,3.532,3.5425,3.5465,3.522,3.537,189
2026-01-20 19:10:00,3.5335,3.536,3.52,3.5285,3.5385,3.541,3.525,3.5335,109
2026-01-20 19:11:00,3.527,3.539,3.5205,3.5385,3.532,3.544,3.5255,3.5435,130
2026-01-20 19:12:00,3.539,3.551,3.536,3.544,3.544,3.556,3.541,3.549,92
2026-01-20 19:13:00,3.5445,3.546,3.5175,3.523,3.5495,3.551,3.5225,3.528,155
2026-01-20 19:14:00,3.52,3.52,3.497,3.5075,3.525,3.525,3.502,3.5125,196
2026-01-20 19:15:00,3.5085,3.511,3.493,3.4975,3.5135,3.516,3.498,3.5025,126
2026-01-20 19:16:00,3.497,3.503,3.474,3.491,3.502,3.508,3.479,3.496,178
2026-01-20 19:17:00,3.4915,3.504,3.488,3.4915,3.4965,3.509,3.493,3.4965,148
2026-01-20 19:18:00,3.492,3.502,3.4775,3.5015,3.497,3.507,3.4825,3.5065,142
2026-01-20 19:19:00,3.501,3.507,3.489,3.4965,3.506,3.512,3.494,3.5015,67
2026-01-20 19:20:00,3.4955,3.5,3.4935,3.4955,3.5005,3.505,3.4985,3.5005,63
2026-01-20 19:21:00,3.496,3.5065,3.495,3.4965,3.501,3.5115,3.5,3.5015,112
2026-01-20 19:22:00,3.497,3.506,3.489,3.5045,3.502,3.511,3.494,3.5095,99
2026-01-20 19:23:00,3.504,3.5175,3.504,3.517,3.509,3.5225,3.509,3.522,116
2026-01-20 19:24:00,3.5165,3.527,3.5125,3.524,3.5215,3.532,3.5175,3.529,98
2026-01-20 19:25:00,3.523,3.523,3.516,3.518,3.528,3.528,3.521,3.523,80
2026-01-20 19:26:00,3.517,3.522,3.5125,3.5125,3.522,3.527,3.5175,3.5175,63
2026-01-20 19:27:00,3.512,3.523,3.511,3.517,3.517,3.528,3.516,3.522,70
2026-01-20 19:28:00,3.516,3.523,3.5145,3.52,3.521,3.528,3.5195,3.525,48
2026-01-20 19:29:00,3.519,3.53,3.518,3.529,3.524,3.535,3.523,3.534,88
2026-01-20 19:30:00,3.5295,3.53,3.525,3.525,3.5345,3.535,3.53,3.53,49
2026-01-20 19:31:00,3.5255,3.5275,3.523,3.526,3.5305,3.5325,3.528,3.531,33
2026-01-20 19:32:00,3.5265,3.533,3.5265,3.5285,3.5315,3.538,3.5315,3.5335,56
2026-01-20 19:33:00,3.527,3.534,3.527,3.532,3.532,3.539,3.532,3.537,46
2026-01-20 19:34:00,3.5315,3.537,3.53,3.535,3.5365,3.542,3.535,3.54,63
2026-01-20 19:35:00,3.5345,3.536,3.529,3.5355,3.5395,3.541,3.534,3.5405,39
2026-01-20 19:36:00,3.536,3.541,3.534,3.541,3.541,3.546,3.539,3.546,48
2026-01-20 19:37:00,3.542,3.546,3.537,3.541,3.547,3.551,3.542,3.546,57
2026-01-20 19:38:00,3.5405,3.546,3.54,3.543,3.5455,3.551,3.545,3.548,43
2026-01-20 19:39:00,3.5435,3.546,3.542,3.542,3.5485,3.551,3.547,3.547,40
2026-01-20 19:40:00,3.5425,3.5645,3.5415,3.557,3.5475,3.5695,3.5465,3.562,114
2026-01-20 19:41:00,3.5565,3.5625,3.5415,3.548,3.5615,3.5675,3.5465,3.553,148
2026-01-20 19:42:00,3.547,3.561,3.546,3.556,3.552,3.566,3.551,3.561,153
2026-01-20 19:43:00,3.5565,3.557,3.55,3.552,3.5615,3.562,3.555,3.557,93
2026-01-20 19:44:00,3.5515,3.5605,3.5515,3.554,3.5565,3.5655,3.5565,3.559,101
2026-01-20 19:45:00,3.553,3.564,3.552,3.563,3.558,3.569,3.557,3.568,103
2026-01-20 19:46:00,3.5625,3.5675,3.558,3.5675,3.5675,3.5725,3.563,3.5725,67
2026-01-20 19:47:00,3.5665,3.575,3.566,3.5725,3.5715,3.58,3.571,3.5775,105
2026-01-20 19:48:00,3.572,3.5725,3.565,3.566,3.577,3.5775,3.57,3.571,49
2026-01-20 19:49:00,3.5655,3.571,3.5605,3.568,3.5705,3.576,3.5655,3.573,71
2026-01-20 19:50:00,3.5685,3.574,3.567,3.568,3.5735,3.579,3.572,3.573,52
2026-01-20 19:51:00,3.5675,3.569,3.546,3.552,3.5725,3.574,3.551,3.557,163
2026-01-20 19:52:00,3.553,3.562,3.548,3.557,3.558,3.567,3.553,3.562,119
2026-01-20 19:53:00,3.5575,3.5625,3.552,3.5585,3.5625,3.5675,3.557,3.5635,142
2026-01-20 19:54:00,3.558,3.57,3.5555,3.5565,3.563,3.575,3.5605,3.5615,95
2026-01-20 19:55:00,3.557,3.5745,3.557,3.572,3.562,3.5795,3.562,3.577,121
2026-01-20 19:56:00,3.5725,3.578,3.565,3.576,3.5775,3.583,3.57,3.581,87
2026-01-20 19:57:00,3.5765,3.578,3.572,3.576,3.5815,3.583,3.577,3.581,68
2026-01-20 19:58:00,3.5755,3.5875,3.5745,3.585,3.5805,3.5925,3.5795,3.59,82
2026-01-20 19:59:00,3.5855,3.5865,3.577,3.5815,3.5905,3.5915,3.582,3.5865,93
2026-01-20 20:00:00,3.5805,3.585,3.575,3.579,3.5855,3.59,3.58,3.584,81
2026-01-20 20:01:00,3.58,3.5875,3.573,3.584,3.585,3.5925,3.578,3.589,121
2026-01-20 20:02:00,3.583,3.585,3.569,3.5715,3.588,3.59,3.574,3.5765,152
2026-01-20 20:03:00,3.573,3.578,3.57,3.5725,3.578,3.583,3.575,3.5775,98
2026-01-20 20:04:00,3.573,3.574,3.566,3.567,3.578,3.579,3.571,3.572,71
2026-01-20 20:05:00,3.5655,3.5695,3.562,3.563,3.5705,3.5745,3.567,3.568,86
2026-01-20 20:06:00,3.5635,3.5635,3.553,3.5535,3.5685,3.5685,3.558,3.5585,121
2026-01-20 20:07:00,3.555,3.565,3.553,3.565,3.56,3.57,3.558,3.57,98
2026-01-20 20:08:00,3.564,3.5765,3.562,3.5725,3.569,3.5815,3.567,3.5775,92
2026-01-20 20:09:00,3.573,3.577,3.573,3.5755,3.578,3.582,3.578,3.5805,56
2026-01-20 20:10:00,3.575,3.578,3.568,3.569,3.58,3.583,3.573,3.574,112
2026-01-20 20:11:00,3.5695,3.5745,3.556,3.561,3.5745,3.5795,3.561,3.566,90
2026-01-20 20:12:00,3.562,3.571,3.557,3.571,3.567,3.576,3.562,3.576,87
2026-01-20 20:13:00,3.57,3.5715,3.5565,3.5645,3.575,3.5765,3.5615,3.5695,77
2026-01-20 20:14:00,3.565,3.578,3.562,3.576,3.57,3.583,3.567,3.581,89
2026-01-20 20:15:00,3.5755,3.5755,3.568,3.5755,3.5805,3.5805,3.573,3.5805,71
2026-01-20 20:16:00,3.576,3.59,3.576,3.588,3.581,3.595,3.581,3.593,106
2026-01-20 20:17:00,3.587,3.5945,3.584,3.594,3.592,3.5995,3.589,3.599,93
2026-01-20 20:18:00,3.5945,3.603,3.591,3.6,3.5995,3.608,3.596,3.605,85
2026-01-20 20:19:00,3.5995,3.6055,3.593,3.6055,3.6045,3.6105,3.598,3.6105,111
2026-01-20 20:20:00,3.605,3.616,3.5915,3.601,3.61,3.621,3.5965,3.606,190
2026-01-20 20:21:00,3.6,3.6035,3.5865,3.587,3.605,3.6085,3.5915,3.592,102
2026-01-20 20:22:00,3.5875,3.596,3.584,3.5895,3.5925,3.601,3.589,3.5945,107
2026-01-20 20:23:00,3.59,3.59,3.578,3.585,3.595,3.595,3.583,3.59,160
2026-01-20 20:24:00,3.586,3.589,3.576,3.582,3.591,3.594,3.581,3.587,88
2026-01-20 20:25:00,3.583,3.586,3.574,3.584,3.588,3.591,3.579,3.589,143
2026-01-20 20:26:00,3.5835,3.6,3.583,3.596,3.5885,3.605,3.588,3.601,169
2026-01-20 20:27:00,3.595,3.602,3.5825,3.585,3.6,3.607,3.5875,3.59,143
2026-01-20 20:28:00,3.584,3.601,3.575,3.576,3.589,3.606,3.58,3.581,408
2026-01-20 20:29:00,3.575,3.5775,3.566,3.569,3.58,3.5825,3.571,3.574,192
2026-01-20 20:30:00,3.5695,3.57,3.554,3.5555,3.5745,3.575,3.559,3.5605,118
2026-01-20 20:31:00,3.557,3.564,3.5555,3.559,3.562,3.569,3.5605,3.564,101
2026-01-20 20:32:00,3.5585,3.563,3.556,3.563,3.5635,3.568,3.561,3.568,67
2026-01-20 20:33:00,3.5635,3.5715,3.5635,3.564,3.5685,3.5765,3.5685,3.569,67
2026-01-20 20:34:00,3.5635,3.565,3.555,3.56,3.5685,3.57,3.56,3.565,71
2026-01-20 20:35:00,3.5605,3.5605,3.556,3.5605,3.5655,3.5655,3.561,3.5655,58
2026-01-20 20:36:00,3.561,3.565,3.559,3.559,3.566,3.57,3.564,3.564,36
2026-01-20 20:37:00,3.5585,3.566,3.557,3.5585,3.5635,3.571,3.562,3.5635,54
2026-01-20 20:38:00,3.558,3.5685,3.557,3.5685,3.563,3.5735,3.562,3.5735,47
2026-01-20 20:39:00,3.569,3.574,3.566,3.567,3.574,3.579,3.571,3.572,58
2026-01-20 20:40:00,3.568,3.569,3.562,3.566,3.573,3.574,3.567,3.571,32
2026-01-20 20:41:00,3.5665,3.5665,3.5645,3.565,3.5715,3.5715,3.5695,3.57,22
2026-01-20 20:42:00,3.5645,3.5645,3.558,3.562,3.5695,3.5695,3.563,3.567,38
2026-01-20 20:43:00,3.5615,3.568,3.5605,3.562,3.5665,3.573,3.5655,3.567,43
2026-01-20 20:44:00,3.563,3.567,3.563,3.5635,3.568,3.572,3.568,3.5685,44
2026-01-20 20:45:00,3.5625,3.565,3.56,3.56,3.5675,3.57,3.565,3.565,28
2026-01-20 20:46:00,3.559,3.559,3.546,3.547,3.564,3.564,3.551,3.552,51
2026-01-20 20:47:00,3.5465,3.5555,3.5465,3.551,3.5515,3.5605,3.5515,3.556,43
2026-01-20 20:48:00,3.55,3.55,3.541,3.541,3.555,3.555,3.546,3.546,39
2026-01-20 20:49:00,3.542,3.542,3.5335,3.5405,3.547,3.547,3.5385,3.5455,49
2026-01-20 20:50:00,3.542,3.543,3.537,3.54,3.547,3.548,3.542,3.545,40
2026-01-20 20:51:00,3.539,3.5455,3.5385,3.545,3.544,3.5505,3.5435,3.55,46
2026-01-20 20:52:00,3.5445,3.547,3.541,3.5425,3.5495,3.552,3.546,3.5475,37
2026-01-20 20:53:00,3.5415,3.556,3.5405,3.5555,3.5465,3.561,3.5455,3.5605,53
2026-01-20 20:54:00,3.555,3.5685,3.555,3.5685,3.56,3.5735,3.56,3.5735,46
2026-01-20 20:55:00,3.569,3.576,3.5685,3.572,3.574,3.581,3.5735,3.577,48
2026-01-20 20:56:00,3.573,3.5775,3.5705,3.5715,3.578,3.5825,3.5755,3.5765,52
2026-01-20 20:57:00,3.571,3.574,3.5655,3.5685,3.576,3.579,3.5705,3.5735,77
2026-01-20 20:58:00,3.568,3.568,3.5635,3.5645,3.573,3.573,3.5685,3.5695,28
2026-01-20 20:59:00,3.564,3.565,3.555,3.5585,3.569,3.57,3.56,3.5635,52
2026-01-20 21:00:00,3.56,3.56,3.5515,3.553,3.565,3.565,3.5565,3.558,34
2026-01-20 21:01:00,3.5535,3.5535,3.549,3.551,3.5585,3.5585,3.554,3.556,25
2026-01-20 21:02:00,3.5505,3.552,3.548,3.549,3.5555,3.557,3.553,3.554,23
2026-01-20 21:03:00,3.548,3.5565,3.5475,3.553,3.553,3.5615,3.5525,3.558,42
2026-01-20 21:04:00,3.5545,3.557,3.5525,3.5545,3.5595,3.562,3.5575,3.5595,20
2026-01-20 21:05:00,3.554,3.554,3.546,3.546,3.559,3.559,3.551,3.551,12
2026-01-20 21:06:00,3.5455,3.5455,3.536,3.537,3.5505,3.5505,3.541,3.542,23
2026-01-20 21:07:00,3.5365,3.5435,3.536,3.5415,3.5415,3.5485,3.541,3.5465,21
2026-01-20 21:08:00,3.5405,3.5405,3.527,3.5295,3.5455,3.5455,3.532,3.5345,41
2026-01-20 21:09:00,3.53,3.532,3.5255,3.529,3.535,3.537,3.5305,3.534,38
2026-01-20 21:10:00,3.53,3.534,3.5285,3.529,3.535,3.539,3.5335,3.534,29
2026-01-20 21:11:00,3.5305,3.539,3.5305,3.5385,3.5355,3.544,3.5355,3.5435,25
2026-01-20 21:12:00,3.539,3.546,3.539,3.546,3.544,3.551,3.544,3.551,27
2026-01-20 21:13:00,3.545,3.5475,3.54,3.543,3.55,3.5525,3.545,3.548,28
2026-01-20 21:14:00,3.5445,3.545,3.544,3.5445,3.5495,3.55,3.549,3.5495,7
2026-01-20 21:15:00,3.544,3.548,3.543,3.548,3.549,3.553,3.548,3.553,11
2026-01-20 21:16:00,3.5475,3.5475,3.543,3.5455,3.5525,3.5525,3.548,3.5505,13
2026-01-20 21:17:00,3.546,3.555,3.5445,3.5545,3.551,3.56,3.5495,3.5595,35
2026-01-20 21:18:00,3.554,3.557,3.55,3.552,3.559,3.562,3.555,3.557,23
2026-01-20 21:19:00,3.551,3.553,3.545,3.552,3.556,3.558,3.55,3.557,34
2026-01-20 21:20:00,3.5505,3.553,3.55,3.5505,3.5555,3.558,3.555,3.5555,14
2026-01-20 21:21:00,3.55,3.55,3.5465,3.5465,3.555,3.555,3.5515,3.5515,11
2026-01-20 21:22:00,3.547,3.547,3.543,3.544,3.552,3.552,3.548,3.549,14
2026-01-20 21:23:00,3.5435,3.545,3.543,3.5445,3.5485,3.55,3.548,3.5495,10
2026-01-20 21:24:00,3.543,3.5475,3.541,3.5475,3.548,3.5525,3.546,3.5525,20
2026-01-20 21:25:00,3.548,3.564,3.548,3.563,3.553,3.569,3.553,3.568,55
2026-01-20 21:26:00,3.564,3.564,3.558,3.5585,3.569,3.569,3.563,3.5635,18
2026-01-20 21:27:00,3.5575,3.564,3.556,3.562,3.5625,3.569,3.561,3.567,30
2026-01-20 21:28:00,3.5615,3.567,3.5615,3.566,3.5665,3.572,3.5665,3.571,14
2026-01-20 21:29:00,3.5655,3.57,3.5655,3.568,3.5705,3.575,3.5705,3.573,27
2026-01-20 21:30:00,3.5675,3.5755,3.5675,3.574,3.5725,3.5805,3.5725,3.579,34
2026-01-20 21:31:00,3.5735,3.5765,3.572,3.5745,3.5785,3.5815,3.577,3.5795,25
2026-01-20 21:32:00,3.575,3.583,3.575,3.582,3.58,3.588,3.58,3.587,33
2026-01-20 21:33:00,3.581,3.588,3.5805,3.5875,3.586,3.593,3.5855,3.5925,28
2026-01-20 21:34:00,3.5865,3.59,3.5845,3.587,3.5915,3.595,3.5895,3.592,28
2026-01-20 21:35:00,3.5875,3.5955,3.5875,3.595,3.5925,3.6005,3.5925,3.6,42
2026-01-20 21:36:00,3.594,3.597,3.5925,3.5955,3.599,3.602,3.5975,3.6005,37
2026-01-20 21:37:00,3.595,3.597,3.59,3.593,3.6,3.602,3.595,3.598,41
2026-01-20 21:38:00,3.5925,3.6025,3.591,3.601,3.5975,3.6075,3.596,3.606,30
2026-01-20 21:39:00,3.6005,3.603,3.596,3.5975,3.6055,3.608,3.601,3.6025,33
2026-01-20 21:40:00,3.598,3.601,3.5915,3.592,3.603,3.606,3.5965,3.597,30
2026-01-20 21:41:00,3.591,3.592,3.5845,3.5865,3.596,3.597,3.5895,3.5915,35
2026-01-20 21:42:00,3.5855,3.587,3.5805,3.5835,3.5905,3.592,3.5855,3.5885,31
2026-01-20 21:43:00,3.583,3.5835,3.5785,3.581,3.588,3.5885,3.5835,3.586,28
2026-01-20 21:44:00,3.58,3.5835,3.577,3.581,3.585,3.5885,3.582,3.586,29
2026-01-20 21:45:00,3.58,3.588,3.58,3.588,3.585,3.593,3.585,3.593,18
2026-01-20 21:46:00,3.5875,3.5915,3.586,3.5905,3.5925,3.5965,3.591,3.5955,28
2026-01-20 21:47:00,3.59,3.5905,3.5845,3.588,3.595,3.5955,3.5895,3.593,15
2026-01-20 21:48:00,3.5875,3.589,3.581,3.582,3.5925,3.594,3.586,3.587,21
2026-01-20 21:49:00,3.5825,3.5825,3.581,3.581,3.5875,3.5875,3.586,3.586,7
2026-01-20 21:50:00,3.5815,3.584,3.581,3.5815,3.5865,3.589,3.586,3.5865,17
2026-01-20 21:51:00,3.582,3.5825,3.574,3.574,3.587,3.5875,3.579,3.579,19
2026-01-20 21:52:00,3.5745,3.5805,3.5745,3.577,3.5795,3.5855,3.5795,3.582,19
2026-01-20 21:53:00,3.576,3.5795,3.5735,3.579,3.581,3.5845,3.5785,3.584,15
2026-01-20 21:54:00,3.5785,3.584,3.578,3.5835,3.5835,3.589,3.583,3.5885,13
2026-01-20 21:55:00,3.583,3.5835,3.581,3.5815,3.588,3.5885,3.586,3.5865,10
2026-01-20 21:56:00,3.581,3.587,3.581,3.587,3.586,3.592,3.586,3.592,12
2026-01-20 21:57:00,3.5865,3.5905,3.585,3.5895,3.5915,3.5955,3.59,3.5945,24
2026-01-20 21:58:00,3.5885,3.589,3.5845,3.586,3.5935,3.594,3.5895,3.591,27
2026-01-20 21:59:00,3.5855,3.586,3.582,3.5845,3.5905,3.591,3.587,3.5895,28
2026-01-20 22:00:00,3.585,3.585,3.583,3.5845,3.59,3.59,3.588,3.5895,10
2026-01-20 22:01:00,3.584,3.584,3.581,3.5825,3.589,3.589,3.586,3.5875,11
2026-01-20 22:02:00,3.584,3.5855,3.581,3.582,3.589,3.5905,3.586,3.587,16
2026-01-20 22:03:00,3.5825,3.5825,3.5795,3.581,3.5875,3.5875,3.5845,3.586,7
2026-01-20 22:04:00,3.5815,3.584,3.5795,3.5795,3.5865,3.589,3.5845,3.5845,16
2026-01-20 22:05:00,3.579,3.579,3.575,3.577,3.584,3.584,3.58,3.582,22
2026-01-20 22:06:00,3.5775,3.5825,3.5775,3.5825,3.5825,3.5875,3.5825,3.5875,21
2026-01-20 22:07:00,3.583,3.5845,3.5825,3.5825,3.588,3.5895,3.5875,3.5875,10
2026-01-20 22:08:00,3.583,3.5925,3.583,3.5925,3.588,3.5975,3.588,3.5975,22
2026-01-20 22:09:00,3.592,3.5955,3.5855,3.586,3.597,3.6005,3.5905,3.591,27
2026-01-20 22:10:00,3.5875,3.59,3.5865,3.588,3.5925,3.595,3.5915,3.593,21
2026-01-20 22:11:00,3.589,3.59,3.589,3.5895,3.594,3.595,3.594,3.5945,9
2026-01-20 22:12:00,3.59,3.59,3.589,3.589,3.595,3.595,3.594,3.594,10
2026-01-20 22:13:00,3.5895,3.592,3.589,3.5895,3.5945,3.597,3.594,3.5945,13
2026-01-20 22:14:00,3.59,3.5915,3.589,3.59,3.595,3.5965,3.594,3.595,15
2026-01-20 22:15:00,3.5895,3.5905,3.589,3.589,3.5945,3.5955,3.594,3.594,11
2026-01-20 22:16:00,3.5895,3.59,3.583,3.5865,3.5945,3.595,3.588,3.5915,17
2026-01-20 22:17:00,3.585,3.587,3.576,3.577,3.59,3.592,3.581,3.582,22
2026-01-20 22:18:00,3.5775,3.5805,3.576,3.579,3.5825,3.5855,3.581,3.584,15
2026-01-20 22:19:00,3.58,3.5815,3.5795,3.5805,3.585,3.5865,3.5845,3.5855,8
2026-01-20 22:20:00,3.58,3.5875,3.58,3.587,3.585,3.5925,3.585,3.592,25
2026-01-20 22:21:00,3.5875,3.5875,3.582,3.5825,3.5925,3.5925,3.587,3.5875,16
2026-01-20 22:22:00,3.582,3.582,3.574,3.574,3.587,3.587,3.579,3.579,14
2026-01-20 22:23:00,3.5745,3.575,3.5635,3.567,3.5795,3.58,3.5685,3.572,22
2026-01-20 22:24:00,3.566,3.5665,3.562,3.5655,3.571,3.5715,3.567,3.5705,18
2026-01-20 22:25:00,3.566,3.568,3.563,3.564,3.571,3.573,3.568,3.569,32
2026-01-20 22:26:00,3.565,3.5655,3.5605,3.563,3.57,3.5705,3.5655,3.568,27
2026-01-20 22:27:00,3.564,3.5665,3.561,3.565,3.569,3.5715,3.566,3.57,24
2026-01-20 22:28:00,3.5665,3.5665,3.563,3.5645,3.5715,3.5715,3.568,3.5695,12
2026-01-20 22:29:00,3.5635,3.5655,3.559,3.559,3.5685,3.5705,3.564,3.564,18
2026-01-20 22:30:00,3.558,3.56,3.554,3.5555,3.563,3.565,3.559,3.5605,25
2026-01-20 22:31:00,3.556,3.558,3.551,3.551,3.561,3.563,3.556,3.556,20
2026-01-20 22:32:00,3.55,3.554,3.55,3.5525,3.555,3.559,3.555,3.5575,15
2026-01-20 22:33:00,3.5535,3.554,3.549,3.5495,3.5585,3.559,3.554,3.5545,11
2026-01-20 22:34:00,3.549,3.552,3.5485,3.549,3.554,3.557,3.5535,3.554,22
2026-01-20 22:35:00,3.55,3.554,3.548,3.553,3.555,3.559,3.553,3.558,28
2026-01-20 22:36:00,3.5525,3.555,3.552,3.5545,3.5575,3.56,3.557,3.5595,15
2026-01-20 22:37:00,3.554,3.5555,3.554,3.5555,3.559,3.5605,3.559,3.5605,6
2026-01-20 22:38:00,3.557,3.558,3.5555,3.558,3.562,3.563,3.5605,3.563,9
2026-01-20 22:39:00,3.5575,3.56,3.555,3.56,3.5625,3.565,3.56,3.565,13
2026-01-20 22:40:00,3.5595,3.5595,3.5575,3.5575,3.5645,3.5645,3.5625,3.5625,7
2026-01-20 22:41:00,3.558,3.5585,3.5565,3.5565,3.563,3.5635,3.5615,3.5615,12
2026-01-20 22:42:00,3.557,3.5605,3.5565,3.559,3.562,3.5655,3.5615,3.564,12
2026-01-20 22:43:00,3.5585,3.56,3.5575,3.5575,3.5635,3.565,3.5625,3.5625,16
2026-01-20 22:44:00,3.5585,3.56,3.558,3.559,3.5635,3.565,3.563,3.564,11
2026-01-20 22:45:00,3.5595,3.561,3.559,3.559,3.5645,3.566,3.564,3.564,9
2026-01-20 22:46:00,3.5585,3.561,3.5585,3.5605,3.5635,3.566,3.5635,3.5655,4
2026-01-20 22:47:00,3.561,3.561,3.5585,3.5605,3.566,3.566,3.5635,3.5655,12
2026-01-20 22:48:00,3.561,3.567,3.561,3.5665,3.566,3.572,3.566,3.5715,24
2026-01-20 22:49:00,3.566,3.566,3.5615,3.562,3.571,3.571,3.5665,3.567,15
2026-01-20 22:50:00,3.5625,3.564,3.562,3.563,3.5675,3.569,3.567,3.568,8
2026-01-20 22:51:00,3.5625,3.563,3.561,3.5615,3.5675,3.568,3.566,3.5665,9
2026-01-20 22:52:00,3.5605,3.561,3.555,3.5585,3.5655,3.566,3.56,3.5635,15
2026-01-20 22:53:00,3.558,3.5605,3.556,3.556,3.563,3.5655,3.561,3.561,17
2026-01-20 22:54:00,3.5565,3.559,3.5555,3.557,3.5615,3.564,3.5605,3.562,18
2026-01-20 22:55:00,3.5585,3.5635,3.558,3.559,3.5635,3.5685,3.563,3.564,12
2026-01-20 22:56:00,3.5595,3.5605,3.557,3.558,3.5645,3.5655,3.562,3.563,18
2026-01-20 22:57:00,3.5585,3.564,3.5585,3.5635,3.5635,3.569,3.5635,3.5685,18
2026-01-20 22:58:00,3.564,3.567,3.562,3.5655,3.569,3.572,3.567,3.5705,13
2026-01-20 22:59:00,3.565,3.566,3.3252,3.3257,3.57,3.571,3.3302,3.3307,51
2026-01-21 00:00:00,3.3477,3.3532,3.3442,3.3462,3.3527,3.3582,3.3492,3.3512,57
2026-01-21 00:01:00,3.3457,3.3482,3.3432,3.3432,3.3507,3.3532,3.3482,3.3482,16
2026-01-21 00:02:00,3.3457,3.3462,3.3437,3.3462,3.3507,3.3512,3.3487,3.3512,16
2026-01-21 00:03:00,3.3467,3.3467,3.3462,3.3462,3.3517,3.3517,3.3512,3.3512,2
2026-01-21 00:04:00,3.3457,3.3482,3.3457,3.3477,3.3507,3.3532,3.3507,3.3527,11
2026-01-21 00:05:00,3.3482,3.3482,3.3427,3.3457,3.3532,3.3532,3.3477,3.3507,10
2026-01-21 00:06:00,3.3452,3.3452,3.3452,3.3452,3.3502,3.3502,3.3502,3.3502,1
2026-01-21 00:07:00,3.3432,3.3442,3.3432,3.3442,3.3482,3.3492,3.3482,3.3492,2
2026-01-21 00:08:00,3.3452,3.3452,3.3427,3.3427,3.3502,3.3502,3.3477,3.3477,6
2026-01-21 00:09:00,3.3422,3.3422,3.3387,3.3402,3.3472,3.3472,3.3437,3.3452,10
2026-01-21 00:10:00,3.3397,3.3402,3.3397,3.3397,3.3447,3.3452,3.3447,3.3447,3
2026-01-21 00:11:00,3.3392,3.3392,3.3352,3.3377,3.3442,3.3442,3.3402,3.3427,13
2026-01-21 00:12:00,3.3382,3.3427,3.3382,3.3402,3.3432,3.3477,3.3432,3.3452,16
2026-01-21 00:13:00,3.3407,3.3407,3.3392,3.3397,3.3457,3.3457,3.3442,3.3447,6
2026-01-21 00:14:00,3.3402,3.3407,3.3392,3.3407,3.3452,3.3457,3.3442,3.3457,8
2026-01-21 00:15:00,3.3402,3.3437,3.3397,3.3437,3.3452,3.3487,3.3447,3.3487,9
2026-01-21 00:16:00,3.3457,3.3502,3.3457,3.3497,3.3507,3.3552,3.3507,3.3547,12
2026-01-21 00:17:00,3.3492,3.3492,3.3477,3.3492,3.3542,3.3542,3.3527,3.3542,7
2026-01-21 00:18:00,3.3502,3.3507,3.3467,3.3472,3.3552,3.3557,3.3517,3.3522,9
2026-01-21 00:19:00,3.3467,3.3487,3.3452,3.3452,3.3517,3.3537,3.3502,3.3502,6
2026-01-21 00:20:00,3.3457,3.3482,3.3457,3.3477,3.3507,3.3532,3.3507,3.3527,7
2026-01-21 00:21:00,3.3487,3.3492,3.3482,3.3482,3.3537,3.3542,3.3532,3.3532,4
2026-01-21 00:22:00,3.3477,3.3477,3.3467,3.3472,3.3527,3.3527,3.3517,3.3522,4
2026-01-21 00:23:00,3.3467,3.3467,3.3442,3.3442,3.3517,3.3517,3.3492,3.3492,4
2026-01-21 00:24:00,3.3447,3.3447,3.3442,3.3442,3.3497,3.3497,3.3492,3.3492,2
2026-01-21 00:25:00,3.3437,3.3442,3.3432,3.3432,3.3487,3.3492,3.3482,3.3482,3
2026-01-21 00:26:00,3.3437,3.3437,3.3362,3.3362,3.3487,3.3487,3.3412,3.3412,13
2026-01-21 00:27:00,3.3357,3.3357,3.3322,3.3322,3.3407,3.3407,3.3372,3.3372,8
2026-01-21 00:28:00,3.3312,3.3337,3.3292,3.3322,3.3362,3.3387,3.3342,3.3372,11
2026-01-21 00:29:00,3.3317,3.3332,3.3317,3.3327,3.3367,3.3382,3.3367,3.3377,5
2026-01-21 00:30:00,3.3332,3.3347,3.3272,3.3282,3.3382,3.3397,3.3322,3.3332,19
2026-01-21 00:31:00,3.3302,3.3302,3.3282,3.3282,3.3352,3.3352,3.3332,3.3332,3
2026-01-21 00:32:00,3.3287,3.3307,3.3282,3.3307,3.3337,3.3357,3.3332,3.3357,7
2026-01-21 00:33:00,3.3302,3.3317,3.3297,3.3307,3.3352,3.3367,3.3347,3.3357,4
2026-01-21 00:35:00,3.3287,3.3292,3.3282,3.3287,3.3337,3.3342,3.3332,3.3337,8
2026-01-21 00:36:00,3.3292,3.3302,3.3267,3.3302,3.3342,3.3352,3.3317,3.3352,11
2026-01-21 00:37:00,3.3307,3.3312,3.3287,3.3287,3.3357,3.3362,3.3337,3.3337,7
2026-01-21 00:38:00,3.3292,3.3322,3.3292,3.3317,3.3342,3.3372,3.3342,3.3367,4
2026-01-21 00:39:00,3.3322,3.3322,3.3287,3.3307,3.3372,3.3372,3.3337,3.3357,6
2026-01-21 00:40:00,3.3312,3.3337,3.3312,3.3317,3.3362,3.3387,3.3362,3.3367,9
2026-01-21 00:41:00,3.3322,3.3322,3.3307,3.3307,3.3372,3.3372,3.3357,3.3357,2
2026-01-21 00:42:00,3.3302,3.3312,3.3297,3.3312,3.3352,3.3362,3.3347,3.3362,4
2026-01-21 00:43:00,3.3307,3.3312,3.3307,3.3312,3.3357,3.3362,3.3357,3.3362,2
2026-01-21 00:44:00,3.3307,3.3307,3.3297,3.3297,3.3357,3.3357,3.3347,3.3347,3
2026-01-21 00:46:00,3.3292,3.3292,3.3237,3.3237,3.3342,3.3342,3.3287,3.3287,11
2026-01-21 00:47:00,3.3232,3.3232,3.3207,3.3212,3.3282,3.3282,3.3257,3.3262,5
2026-01-21 00:48:00,3.3217,3.3222,3.3217,3.3217,3.3267,3.3272,3.3267,3.3267,3
2026-01-21 00:49:00,3.3207,3.3207,3.3207,3.3207,3.3257,3.3257,3.3257,3.3257,1
2026-01-21 00:50:00,3.3202,3.3207,3.3172,3.3172,3.3252,3.3257,3.3222,3.3222,8
2026-01-21 00:51:00,3.3167,3.3182,3.3162,3.3182,3.3217,3.3232,3.3212,3.3232,4
2026-01-21 00:52:00,3.3187,3.3192,3.3172,3.3177,3.3237,3.3242,3.3222,3.3227,6
2026-01-21 00:53:00,3.3187,3.3222,3.3177,3.3187,3.3237,3.3272,3.3227,3.3237,19
2026-01-21 00:54:00,3.3177,3.3197,3.3177,3.3192,3.3227,3.3247,3.3227,3.3242,6
2026-01-21 00:55:00,3.3187,3.3192,3.3177,3.3187,3.3237,3.3242,3.3227,3.3237,6
2026-01-21 00:56:00,3.3192,3.3197,3.3187,3.3187,3.3242,3.3247,3.3237,3.3237,5
2026-01-21 00:57:00,3.3197,3.3197,3.3177,3.3182,3.3247,3.3247,3.3227,3.3232,5
2026-01-21 00:58:00,3.3187,3.3242,3.3182,3.3237,3.3237,3.3292,3.3232,3.3287,7
2026-01-21 00:59:00,3.3242,3.3242,3.3222,3.3222,3.3292,3.3292,3.3272,3.3272,4
2026-01-21 01:00:00,3.3212,3.3217,3.3167,3.3167,3.3262,3.3267,3.3217,3.3217,5
2026-01-21 01:01:00,3.3162,3.3162,3.3082,3.3107,3.3212,3.3212,3.3132,3.3157,23
2026-01-21 01:02:00,3.3112,3.3137,3.3032,3.3032,3.3162,3.3187,3.3082,3.3082,37
2026-01-21 01:03:00,3.3037,3.3037,3.2777,3.2787,3.3087,3.3087,3.2827,3.2837,54
2026-01-21 01:04:00,3.2792,3.2982,3.2792,3.2977,3.2842,3.3032,3.2842,3.3027,44
2026-01-21 01:05:00,3.2972,3.3002,3.2907,3.2907,3.3022,3.3052,3.2957,3.2957,26
2026-01-21 01:06:00,3.2892,3.2962,3.2892,3.2917,3.2942,3.3012,3.2942,3.2967,22
2026-01-21 01:07:00,3.2902,3.2932,3.2877,3.2927,3.2952,3.2982,3.2927,3.2977,24
2026-01-21 01:08:00,3.2937,3.2952,3.2927,3.2937,3.2987,3.3002,3.2977,3.2987,16
2026-01-21 01:09:00,3.2942,3.2942,3.2907,3.2912,3.2992,3.2992,3.2957,3.2962,9
2026-01-21 01:10:00,3.2917,3.2927,3.2882,3.2907,3.2967,3.2977,3.2932,3.2957,22
2026-01-21 01:11:00,3.2902,3.2932,3.2897,3.2932,3.2952,3.2982,3.2947,3.2982,16
2026-01-21 01:12:00,3.2927,3.3007,3.2912,3.2982,3.2977,3.3057,3.2962,3.3032,24
2026-01-21 01:13:00,3.2997,3.3042,3.2997,3.3032,3.3047,3.3092,3.3047,3.3082,18
2026-01-21 01:14:00,3.3037,3.3082,3.3032,3.3052,3.3087,3.3132,3.3082,3.3102,20
2026-01-21 01:15:00,3.3047,3.3047,3.2992,3.3007,3.3097,3.3097,3.3042,3.3057,11
2026-01-21 01:16:00,3.3022,3.3087,3.3022,3.3082,3.3072,3.3137,3.3072,3.3132,14
2026-01-21 01:17:00,3.3092,3.3092,3.3042,3.3042,3.3142,3.3142,3.3092,3.3092,16
2026-01-21 01:18:00,3.3037,3.3037,3.2937,3.2937,3.3087,3.3087,3.2987,3.2987,18
2026-01-21 01:19:00,3.2932,3.2982,3.2922,3.2957,3.2982,3.3032,3.2972,3.3007,16
2026-01-21 01:20:00,3.2967,3.2987,3.2937,3.2947,3.3017,3.3037,3.2987,3.2997,12
2026-01-21 01:21:00,3.2952,3.2952,3.2902,3.2912,3.3002,3.3002,3.2952,3.2962,12
2026-01-21 01:22:00,3.2902,3.2947,3.2902,3.2947,3.2952,3.2997,3.2952,3.2997,6
2026-01-21 01:23:00,3.2952,3.2952,3.2912,3.2912,3.3002,3.3002,3.2962,3.2962,8
2026-01-21 01:24:00,3.2917,3.2922,3.2887,3.2912,3.2967,3.2972,3.2937,3.2962,14
2026-01-21 01:25:00,3.2907,3.2907,3.2862,3.2897,3.2957,3.2957,3.2912,3.2947,11
2026-01-21 01:26:00,3.2902,3.2912,3.2887,3.2897,3.2952,3.2962,3.2937,3.2947,9
2026-01-21 01:27:00,3.2902,3.2922,3.2902,3.2922,3.2952,3.2972,3.2952,3.2972,4
2026-01-21 01:28:00,3.2917,3.2917,3.2882,3.2892,3.2967,3.2967,3.2932,3.2942,12
2026-01-21 01:29:00,3.2897,3.2912,3.2897,3.2897,3.2947,3.2962,3.2947,3.2947,7
2026-01-21 01:30:00,3.2892,3.2912,3.2872,3.2892,3.2942,3.2962,3.2922,3.2942,15
2026-01-21 01:31:00,3.2902,3.2902,3.2852,3.2882,3.2952,3.2952,3.2902,3.2932,15
2026-01-21 01:32:00,3.2877,3.2882,3.2862,3.2862,3.2927,3.2932,3.2912,3.2912,7
2026-01-21 01:33:00,3.2867,3.2927,3.2867,3.2922,3.2917,3.2977,3.2917,3.2972,12
2026-01-21 01:34:00,3.2927,3.2952,3.2917,3.2952,3.2977,3.3002,3.2967,3.3002,8
2026-01-21 01:35:00,3.2972,3.2972,3.2947,3.2947,3.3022,3.3022,3.2997,3.2997,3
2026-01-21 01:36:00,3.2952,3.3027,3.2952,3.2997,3.3002,3.3077,3.3002,3.3047,13
2026-01-21 01:37:00,3.2992,3.2992,3.2957,3.2962,3.3042,3.3042,3.3007,3.3012,14
2026-01-21 01:38:00,3.2947,3.2967,3.2937,3.2962,3.2997,3.3017,3.2987,3.3012,10
2026-01-21 01:39:00,3.2957,3.2967,3.2952,3.2957,3.3007,3.3017,3.3002,3.3007,5
2026-01-21 01:40:00,3.2962,3.2962,3.2932,3.2947,3.3012,3.3012,3.2982,3.2997,8
2026-01-21 01:41:00,3.2952,3.2977,3.2952,3.2977,3.3002,3.3027,3.3002,3.3027,6
2026-01-21 01:42:00,3.2967,3.2972,3.2952,3.2962,3.3017,3.3022,3.3002,3.3012,7
2026-01-21 01:43:00,3.2957,3.2962,3.2932,3.2947,3.3007,3.3012,3.2982,3.2997,10
2026-01-21 01:44:00,3.2957,3.2957,3.2957,3.2957,3.3007,3.3007,3.3007,3.3007,1
2026-01-21 01:45:00,3.2962,3.2967,3.2957,3.2957,3.3012,3.3017,3.3007,3.3007,3
2026-01-21 01:46:00,3.2962,3.2967,3.2962,3.2967,3.3012,3.3017,3.3012,3.3017,2
2026-01-21 01:47:00,3.2977,3.2997,3.2977,3.2982,3.3027,3.3047,3.3027,3.3032,5
2026-01-21 01:48:00,3.2977,3.3007,3.2972,3.2997,3.3027,3.3057,3.3022,3.3047,10
2026-01-21 01:49:00,3.2992,3.2997,3.2967,3.2992,3.3042,3.3047,3.3017,3.3042,10
2026-01-21 01:50:00,3.2997,3.3007,3.2837,3.2867,3.3047,3.3057,3.2887,3.2917,41
2026-01-21 01:51:00,3.2882,3.2897,3.2872,3.2872,3.2932,3.2947,3.2922,3.2922,14
2026-01-21 01:52:00,3.2867,3.2867,3.2832,3.2837,3.2917,3.2917,3.2882,3.2887,6
2026-01-21 01:53:00,3.2832,3.2857,3.2817,3.2852,3.2882,3.2907,3.2867,3.2902,10
2026-01-21 01:54:00,3.2857,3.2862,3.2852,3.2862,3.2907,3.2912,3.2902,3.2912,7
2026-01-21 01:55:00,3.2867,3.2897,3.2867,3.2897,3.2917,3.2947,3.2917,3.2947,6
2026-01-21 01:56:00,3.2902,3.2902,3.2877,3.2892,3.2952,3.2952,3.2927,3.2942,6
2026-01-21 01:57:00,3.2887,3.2892,3.2867,3.2887,3.2937,3.2942,3.2917,3.2937,7
2026-01-21 01:58:00,3.2882,3.2912,3.2872,3.2902,3.2932,3.2962,3.2922,3.2952,15
2026-01-21 01:59:00,3.2897,3.2937,3.2897,3.2917,3.2947,3.2987,3.2947,3.2967,15
2026-01-21 02:00:00,3.2922,3.2922,3.2772,3.2782,3.2972,3.2972,3.2822,3.2832,23
2026-01-21 02:01:00,3.2772,3.2837,3.2772,3.2837,3.2822,3.2887,3.2822,3.2887,8
2026-01-21 02:02:00,3.2842,3.2852,3.2827,3.2847,3.2892,3.2902,3.2877,3.2897,6
2026-01-21 02:03:00,3.2832,3.2832,3.2787,3.2787,3.2882,3.2882,3.2837,3.2837,5
2026-01-21 02:04:00,3.2797,3.2797,3.2772,3.2792,3.2847,3.2847,3.2822,3.2842,7
2026-01-21 02:05:00,3.2797,3.2797,3.2787,3.2797,3.2847,3.2847,3.2837,3.2847,4
2026-01-21 02:06:00,3.2792,3.2792,3.2777,3.2787,3.2842,3.2842,3.2827,3.2837,4
2026-01-21 02:07:00,3.2777,3.2782,3.2742,3.2757,3.2827,3.2832,3.2792,3.2807,12
2026-01-21 02:08:00,3.2742,3.2757,3.2742,3.2752,3.2792,3.2807,3.2792,3.2802,7
2026-01-21 02:09:00,3.2757,3.2767,3.2747,3.2747,3.2807,3.2817,3.2797,3.2797,4
2026-01-21 02:10:00,3.2737,3.2737,3.2707,3.2717,3.2787,3.2787,3.2757,3.2767,10
2026-01-21 02:11:00,3.2727,3.2757,3.2727,3.2727,3.2777,3.2807,3.2777,3.2777,7
2026-01-21 02:12:00,3.2702,3.2767,3.2702,3.2762,3.2752,3.2817,3.2752,3.2812,11
2026-01-21 02:13:00,3.2752,3.2757,3.2722,3.2737,3.2802,3.2807,3.2772,3.2787,16
2026-01-21 02:14:00,3.2747,3.2767,3.2742,3.2742,3.2797,3.2817,3.2792,3.2792,4
2026-01-21 02:15:00,3.2732,3.2747,3.2707,3.2727,3.2782,3.2797,3.2757,3.2777,14
2026-01-21 02:16:00,3.2732,3.2847,3.2732,3.2842,3.2782,3.2897,3.2782,3.2892,24
2026-01-21 02:17:00,3.2847,3.2872,3.2837,3.2872,3.2897,3.2922,3.2887,3.2922,13
2026-01-21 02:18:00,3.2877,3.2902,3.2867,3.2867,3.2927,3.2952,3.2917,3.2917,14
2026-01-21 02:19:00,3.2872,3.2882,3.2822,3.2842,3.2922,3.2932,3.2872,3.2892,17
2026-01-21 02:20:00,3.2847,3.2852,3.2847,3.2852,3.2897,3.2902,3.2897,3.2902,2
2026-01-21 02:21:00,3.2847,3.2912,3.2847,3.2887,3.2897,3.2962,3.2897,3.2937,11
2026-01-21 02:22:00,3.2892,3.2912,3.2892,3.2897,3.2942,3.2962,3.2942,3.2947,8
2026-01-21 02:23:00,3.2902,3.2902,3.2887,3.2887,3.2952,3.2952,3.2937,3.2937,3
2026-01-21 02:24:00,3.2872,3.2887,3.2862,3.2887,3.2922,3.2937,3.2912,3.2937,8
2026-01-21 02:25:00,3.2882,3.2887,3.2882,3.2882,3.2932,3.2937,3.2932,3.2932,5
2026-01-21 02:26:00,3.2872,3.2912,3.2872,3.2907,3.2922,3.2962,3.2922,3.2957,10
2026-01-21 02:27:00,3.2897,3.2897,3.2897,3.2897,3.2947,3.2947,3.2947,3.2947,1
2026-01-21 02:28:00,3.2902,3.2912,3.2872,3.2897,3.2952,3.2962,3.2922,3.2947,18
2026-01-21 02:29:00,3.2902,3.2957,3.2902,3.2937,3.2952,3.3007,3.2952,3.2987,19
2026-01-21 02:30:00,3.2947,3.2967,3.2937,3.2957,3.2997,3.3017,3.2987,3.3007,18
2026-01-21 02:31:00,3.2962,3.2962,3.2927,3.2937,3.3012,3.3012,3.2977,3.2987,11
2026-01-21 02:32:00,3.2927,3.2927,3.2917,3.2917,3.2977,3.2977,3.2967,3.2967,5
2026-01-21 02:33:00,3.2927,3.2927,3.2867,3.2867,3.2977,3.2977,3.2917,3.2917,8
2026-01-21 02:34:00,3.2872,3.2877,3.2867,3.2877,3.2922,3.2927,3.2917,3.2927,4
2026-01-21 02:35:00,3.2872,3.2872,3.2872,3.2872,3.2922,3.2922,3.2922,3.2922,1
2026-01-21 02:36:00,3.2867,3.2877,3.2867,3.2877,3.2917,3.2927,3.2917,3.2927,2
2026-01-21 02:37:00,3.2882,3.2892,3.2882,3.2882,3.2932,3.2942,3.2932,3.2932,4
2026-01-21 02:39:00,3.2872,3.2872,3.2852,3.2867,3.2922,3.2922,3.2902,3.2917,4
2026-01-21 02:41:00,3.2857,3.2862,3.2857,3.2862,3.2907,3.2912,3.2907,3.2912,2
2026-01-21 02:42:00,3.2852,3.2892,3.2852,3.2887,3.2902,3.2942,3.2902,3.2937,11
2026-01-21 02:43:00,3.2892,3.2972,3.2882,3.2967,3.2942,3.3022,3.2932,3.3017,13
2026-01-21 02:44:00,3.2972,3.2982,3.2972,3.2982,3.3022,3.3032,3.3022,3.3032,2
2026-01-21 02:45:00,3.2987,3.3002,3.2977,3.2997,3.3037,3.3052,3.3027,3.3047,11
2026-01-21 02:46:00,3.2992,3.2992,3.2967,3.2967,3.3042,3.3042,3.3017,3.3017,5
2026-01-21 02:47:00,3.2972,3.2977,3.2972,3.2977,3.3022,3.3027,3.3022,3.3027,2
2026-01-21 02:48:00,3.2982,3.3097,3.2982,3.3097,3.3032,3.3147,3.3032,3.3147,28
2026-01-21 02:49:00,3.3082,3.3137,3.3082,3.3107,3.3132,3.3187,3.3132,3.3157,19
2026-01-21 02:50:00,3.3117,3.3127,3.3112,3.3127,3.3167,3.3177,3.3162,3.3177,8
2026-01-21 02:51:00,3.3112,3.3112,3.3082,3.3082,3.3162,3.3162,3.3132,3.3132,7
2026-01-21 02:52:00,3.3087,3.3117,3.3067,3.3117,3.3137,3.3167,3.3117,3.3167,15
2026-01-21 02:53:00,3.3107,3.3107,3.3102,3.3102,3.3157,3.3157,3.3152,3.3152,2
2026-01-21 02:54:00,3.3092,3.3162,3.3087,3.3157,3.3142,3.3212,3.3137,3.3207,17
2026-01-21 02:55:00,3.3152,3.3152,3.3122,3.3122,3.3202,3.3202,3.3172,3.3172,5
2026-01-21 02:56:00,3.3127,3.3157,3.3122,3.3157,3.3177,3.3207,3.3172,3.3207,9
2026-01-21 02:57:00,3.3152,3.3167,3.3132,3.3132,3.3202,3.3217,3.3182,3.3182,12
2026-01-21 02:58:00,3.3127,3.3147,3.3127,3.3147,3.3177,3.3197,3.3177,3.3197,5
2026-01-21 02:59:00,3.3152,3.3242,3.3147,3.3237,3.3202,3.3292,3.3197,3.3287,12
2026-01-21 03:00:00,3.3232,3.3267,3.3232,3.3267,3.3282,3.3317,3.3282,3.3317,22
2026-01-21 03:01:00,3.3272,3.3282,3.3267,3.3272,3.3322,3.3332,3.3317,3.3322,24
2026-01-21 03:02:00,3.3262,3.3292,3.3232,3.3272,3.3312,3.3342,3.3282,3.3322,16
2026-01-21 03:03:00,3.3277,3.3282,3.3277,3.3282,3.3327,3.3332,3.3327,3.3332,2
2026-01-21 03:04:00,3.3277,3.3297,3.3257,3.3282,3.3327,3.3347,3.3307,3.3332,18
2026-01-21 03:05:00,3.3287,3.3312,3.3277,3.3307,3.3337,3.3362,3.3327,3.3357,13
2026-01-21 03:06:00,3.3302,3.3347,3.3282,3.3332,3.3352,3.3397,3.3332,3.3382,14
2026-01-21 03:07:00,3.3337,3.3337,3.3247,3.3282,3.3387,3.3387,3.3297,3.3332,15
2026-01-21 03:08:00,3.3287,3.3307,3.3277,3.3277,3.3337,3.3357,3.3327,3.3327,13
2026-01-21 03:09:00,3.3272,3.3272,3.3252,3.3252,3.3322,3.3322,3.3302,3.3302,4
2026-01-21 03:10:00,3.3247,3.3282,3.3247,3.3277,3.3297,3.3332,3.3297,3.3327,6
2026-01-21 03:11:00,3.3292,3.3292,3.3272,3.3272,3.3342,3.3342,3.3322,3.3322,5
2026-01-21 03:12:00,3.3277,3.3312,3.3262,3.3312,3.3327,3.3362,3.3312,3.3362,18
2026-01-21 03:13:00,3.3322,3.3322,3.3302,3.3307,3.3372,3.3372,3.3352,3.3357,10
2026-01-21 03:14:00,3.3302,3.3302,3.3282,3.3292,3.3352,3.3352,3.3332,3.3342,3
2026-01-21 03:15:00,3.3287,3.3287,3.3237,3.3247,3.3337,3.3337,3.3287,3.3297,11
2026-01-21 03:16:00,3.3237,3.3237,3.3212,3.3222,3.3287,3.3287,3.3262,3.3272,6
2026-01-21 03:17:00,3.3217,3.3217,3.3172,3.3177,3.3267,3.3267,3.3222,3.3227,10
2026-01-21 03:18:00,3.3172,3.3202,3.3172,3.3187,3.3222,3.3252,3.3222,3.3237,4
2026-01-21 03:19:00,3.3182,3.3182,3.3127,3.3147,3.3232,3.3232,3.3177,3.3197,19
2026-01-21 03:20:00,3.3157,3.3177,3.3157,3.3157,3.3207,3.3227,3.3207,3.3207,5
2026-01-21 03:21:00,3.3162,3.3162,3.3107,3.3132,3.3212,3.3212,3.3157,3.3182,14
2026-01-21 03:22:00,3.3122,3.3142,3.3117,3.3132,3.3172,3.3192,3.3167,3.3182,12
2026-01-21 03:23:00,3.3127,3.3217,3.3127,3.3212,3.3177,3.3267,3.3177,3.3262,14
2026-01-21 03:24:00,3.3202,3.3212,3.3192,3.3207,3.3252,3.3262,3.3242,3.3257,7
2026-01-21 03:25:00,3.3217,3.3247,3.3217,3.3227,3.3267,3.3297,3.3267,3.3277,10
2026-01-21 03:26:00,3.3232,3.3267,3.3197,3.3262,3.3282,3.3317,3.3247,3.3312,17
2026-01-21 03:27:00,3.3272,3.3272,3.3232,3.3242,3.3322,3.3322,3.3282,3.3292,7
2026-01-21 03:28:00,3.3227,3.3227,3.3197,3.3197,3.3277,3.3277,3.3247,3.3247,8
2026-01-21 03:29:00,3.3217,3.3217,3.3212,3.3212,3.3267,3.3267,3.3262,3.3262,2
2026-01-21 03:30:00,3.3202,3.3237,3.3202,3.3227,3.3252,3.3287,3.3252,3.3277,8
2026-01-21 03:31:00,3.3242,3.3272,3.3242,3.3272,3.3292,3.3322,3.3292,3.3322,6
2026-01-21 03:32:00,3.3267,3.3292,3.3242,3.3252,3.3317,3.3342,3.3292,3.3302,12
2026-01-21 03:33:00,3.3247,3.3267,3.3242,3.3252,3.3297,3.3317,3.3292,3.3302,8
2026-01-21 03:34:00,3.3242,3.3257,3.3237,3.3257,3.3292,3.3307,3.3287,3.3307,5
2026-01-21 03:35:00,3.3242,3.3247,3.3242,3.3247,3.3292,3.3297,3.3292,3.3297,2
2026-01-21 03:36:00,3.3252,3.3252,3.3242,3.3242,3.3302,3.3302,3.3292,3.3292,2
2026-01-21 03:37:00,3.3247,3.3252,3.3247,3.3247,3.3297,3.3302,3.3297,3.3297,3
2026-01-21 03:38:00,3.3257,3.3257,3.3202,3.3202,3.3307,3.3307,3.3252,3.3252,8
2026-01-21 03:39:00,3.3212,3.3212,3.3202,3.3202,3.3262,3.3262,3.3252,3.3252,3
2026-01-21 03:40:00,3.3197,3.3197,3.3177,3.3192,3.3247,3.3247,3.3227,3.3242,6
2026-01-21 03:41:00,3.3197,3.3197,3.3182,3.3182,3.3247,3.3247,3.3232,3.3232,4
2026-01-21 03:42:00,3.3187,3.3197,3.3162,3.3162,3.3237,3.3247,3.3212,3.3212,7
2026-01-21 03:43:00,3.3157,3.3177,3.3157,3.3177,3.3207,3.3227,3.3207,3.3227,4
2026-01-21 03:44:00,3.3182,3.3187,3.3172,3.3182,3.3232,3.3237,3.3222,3.3232,5
2026-01-21 03:45:00,3.3177,3.3177,3.3177,3.3177,3.3227,3.3227,3.3227,3.3227,1
2026-01-21 03:46:00,3.3182,3.3202,3.3182,3.3187,3.3232,3.3252,3.3232,3.3237,4
2026-01-21 03:47:00,3.3192,3.3202,3.3192,3.3202,3.3242,3.3252,3.3242,3.3252,3
2026-01-21 03:48:00,3.3207,3.3207,3.3192,3.3192,3.3257,3.3257,3.3242,3.3242,3
2026-01-21 03:49:00,3.3197,3.3197,3.3197,3.3197,3.3247,3.3247,3.3247,3.3247,1
2026-01-21 03:50:00,3.3202,3.3212,3.3202,3.3207,3.3252,3.3262,3.3252,3.3257,3
2026-01-21 03:52:00,3.3212,3.3237,3.3212,3.3237,3.3262,3.3287,3.3262,3.3287,5
2026-01-21 03:53:00,3.3232,3.3232,3.3217,3.3217,3.3282,3.3282,3.3267,3.3267,2
2026-01-21 03:54:00,3.3227,3.3227,3.3222,3.3222,3.3277,3.3277,3.3272,3.3272,2
2026-01-21 03:56:00,3.3227,3.3242,3.3227,3.3242,3.3277,3.3292,3.3277,3.3292,3
2026-01-21 03:57:00,3.3247,3.3262,3.3237,3.3257,3.3297,3.3312,3.3287,3.3307,7
2026-01-21 03:58:00,3.3252,3.3257,3.3252,3.3257,3.3302,3.3307,3.3302,3.3307,2
2026-01-21 03:59:00,3.3262,3.3262,3.3242,3.3262,3.3312,3.3312,3.3292,3.3312,6
2026-01-21 04:00:00,3.3252,3.3287,3.3252,3.3287,3.3302,3.3337,3.3302,3.3337,4
2026-01-21 04:01:00,3.3282,3.3287,3.3272,3.3272,3.3332,3.3337,3.3322,3.3322,3
2026-01-21 04:02:00,3.3277,3.3292,3.3277,3.3292,3.3327,3.3342,3.3327,3.3342,7
2026-01-21 04:03:00,3.3287,3.3287,3.3277,3.3287,3.3337,3.3337,3.3327,3.3337,3
2026-01-21 04:04:00,3.3292,3.3292,3.3292,3.3292,3.3342,3.3342,3.3342,3.3342,1
2026-01-21 04:05:00,3.3302,3.3307,3.3262,3.3302,3.3352,3.3357,3.3312,3.3352,15
2026-01-21 04:06:00,3.3297,3.3297,3.3277,3.3277,3.3347,3.3347,3.3327,3.3327,3
2026-01-21 04:07:00,3.3282,3.3282,3.3282,3.3282,3.3332,3.3332,3.3332,3.3332,1
2026-01-21 04:08:00,3.3292,3.3357,3.3292,3.3347,3.3342,3.3407,3.3342,3.3397,16
2026-01-21 04:09:00,3.3342,3.3377,3.3342,3.3372,3.3392,3.3427,3.3392,3.3422,17
2026-01-21 04:10:00,3.3377,3.3392,3.3322,3.3337,3.3427,3.3442,3.3372,3.3387,13
2026-01-21 04:12:00,3.3342,3.3342,3.3337,3.3342,3.3392,3.3392,3.3387,3.3392,3
2026-01-21 04:13:00,3.3347,3.3352,3.3347,3.3347,3.3397,3.3402,3.3397,3.3397,3
2026-01-21 04:14:00,3.3342,3.3352,3.3342,3.3352,3.3392,3.3402,3.3392,3.3402,3
2026-01-21 04:16:00,3.3362,3.3382,3.3362,3.3382,3.3412,3.3432,3.3412,3.3432,6
2026-01-21 04:17:00,3.3392,3.3402,3.3372,3.3397,3.3442,3.3452,3.3422,3.3447,10
2026-01-21 04:18:00,3.3412,3.3422,3.3392,3.3397,3.3462,3.3472,3.3442,3.3447,12
2026-01-21 04:19:00,3.3402,3.3417,3.3402,3.3407,3.3452,3.3467,3.3452,3.3457,7
2026-01-21 04:20:00,3.3412,3.3422,3.3412,3.3422,3.3462,3.3472,3.3462,3.3472,2
2026-01-21 04:21:00,3.3432,3.3487,3.3427,3.3482,3.3482,3.3537,3.3477,3.3532,15
2026-01-21 04:22:00,3.3477,3.3487,3.3442,3.3447,3.3527,3.3537,3.3492,3.3497,17
2026-01-21 04:23:00,3.3442,3.3482,3.3437,3.3467,3.3492,3.3532,3.3487,3.3517,12
2026-01-21 04:24:00,3.3462,3.3462,3.3422,3.3422,3.3512,3.3512,3.3472,3.3472,10
2026-01-21 04:25:00,3.3417,3.3427,3.3347,3.3387,3.3467,3.3477,3.3397,3.3437,25
2026-01-21 04:26:00,3.3397,3.3432,3.3397,3.3427,3.3447,3.3482,3.3447,3.3477,8
2026-01-21 04:27:00,3.3437,3.3512,3.3437,3.3497,3.3487,3.3562,3.3487,3.3547,23
2026-01-21 04:28:00,3.3492,3.3497,3.3462,3.3487,3.3542,3.3547,3.3512,3.3537,15
2026-01-21 04:29:00,3.3482,3.3487,3.3482,3.3487,3.3532,3.3537,3.3532,3.3537,2
2026-01-21 04:30:00,3.3482,3.3482,3.3372,3.3392,3.3532,3.3532,3.3422,3.3442,34
2026-01-21 04:31:00,3.3397,3.3442,3.3387,3.3422,3.3447,3.3492,3.3437,3.3472,29
2026-01-21 04:32:00,3.3417,3.3452,3.3392,3.3452,3.3467,3.3502,3.3442,3.3502,25
2026-01-21 04:33:00,3.3462,3.3642,3.3457,3.3627,3.3512,3.3692,3.3507,3.3677,70
2026-01-21 04:34:00,3.3622,3.3682,3.3617,3.3617,3.3672,3.3732,3.3667,3.3667,44
2026-01-21 04:35:00,3.3612,3.3637,3.3602,3.3617,3.3662,3.3687,3.3652,3.3667,13
2026-01-21 04:36:00,3.3622,3.3692,3.3612,3.3667,3.3672,3.3742,3.3662,3.3717,39
2026-01-21 04:37:00,3.3657,3.3692,3.3657,3.3662,3.3707,3.3742,3.3707,3.3712,25
2026-01-21 04:38:00,3.3672,3.3672,3.3607,3.3612,3.3722,3.3722,3.3657,3.3662,9
2026-01-21 04:39:00,3.3617,3.3687,3.3617,3.3662,3.3667,3.3737,3.3667,3.3712,17
2026-01-21 04:40:00,3.3667,3.3667,3.3627,3.3632,3.3717,3.3717,3.3677,3.3682,6
2026-01-21 04:41:00,3.3637,3.3652,3.3622,3.3637,3.3687,3.3702,3.3672,3.3687,12
2026-01-21 04:42:00,3.3632,3.3632,3.3547,3.3557,3.3682,3.3682,3.3597,3.3607,17
2026-01-21 04:43:00,3.3567,3.3627,3.3542,3.3617,3.3617,3.3677,3.3592,3.3667,39
2026-01-21 04:44:00,3.3612,3.3612,3.3542,3.3577,3.3662,3.3662,3.3592,3.3627,31
2026-01-21 04:45:00,3.3572,3.3607,3.3532,3.3592,3.3622,3.3657,3.3582,3.3642,35
2026-01-21 04:46:00,3.3587,3.3617,3.3587,3.3612,3.3637,3.3667,3.3637,3.3662,16
2026-01-21 04:47:00,3.3607,3.3607,3.3577,3.3577,3.3657,3.3657,3.3627,3.3627,8
2026-01-21 04:48:00,3.3582,3.3587,3.3562,3.3562,3.3632,3.3637,3.3612,3.3612,11
2026-01-21 04:49:00,3.3557,3.3562,3.3527,3.3552,3.3607,3.3612,3.3577,3.3602,13
2026-01-21 04:50:00,3.3542,3.3542,3.3522,3.3522,3.3592,3.3592,3.3572,3.3572,6
2026-01-21 04:51:00,3.3532,3.3602,3.3497,3.3587,3.3582,3.3652,3.3547,3.3637,35
2026-01-21 04:52:00,3.3592,3.3602,3.3547,3.3587,3.3642,3.3652,3.3597,3.3637,25
2026-01-21 04:53:00,3.3592,3.3597,3.3577,3.3587,3.3642,3.3647,3.3627,3.3637,9
2026-01-21 04:54:00,3.3582,3.3612,3.3567,3.3607,3.3632,3.3662,3.3617,3.3657,12
2026-01-21 04:55:00,3.3612,3.3632,3.3597,3.3617,3.3662,3.3682,3.3647,3.3667,40
2026-01-21 04:56:00,3.3612,3.3612,3.3607,3.3612,3.3662,3.3662,3.3657,3.3662,3
2026-01-21 04:57:00,3.3607,3.3607,3.3582,3.3587,3.3657,3.3657,3.3632,3.3637,8
2026-01-21 04:58:00,3.3592,3.3602,3.3587,3.3587,3.3642,3.3652,3.3637,3.3637,6
2026-01-21 04:59:00,3.3592,3.3622,3.3592,3.3602,3.3642,3.3672,3.3642,3.3652,14
2026-01-21 05:00:00,3.3607,3.3682,3.3607,3.3667,3.3657,3.3732,3.3657,3.3717,32
2026-01-21 05:01:00,3.3672,3.3792,3.3667,3.3752,3.3722,3.3842,3.3717,3.3802,38
2026-01-21 05:02:00,3.3757,3.3772,3.3737,3.3772,3.3807,3.3822,3.3787,3.3822,23
2026-01-21 05:03:00,3.3757,3.3827,3.3752,3.3797,3.3807,3.3877,3.3802,3.3847,42
2026-01-21 05:04:00,3.3787,3.3817,3.3787,3.3797,3.3837,3.3867,3.3837,3.3847,8
2026-01-21 05:05:00,3.3792,3.3792,3.3707,3.3757,3.3842,3.3842,3.3757,3.3807,23
2026-01-21 05:06:00,3.3762,3.3787,3.3762,3.3767,3.3812,3.3837,3.3812,3.3817,8
2026-01-21 05:07:00,3.3772,3.3787,3.3737,3.3742,3.3822,3.3837,3.3787,3.3792,17
2026-01-21 05:08:00,3.3737,3.3767,3.3732,3.3762,3.3787,3.3817,3.3782,3.3812,17
2026-01-21 05:09:00,3.3757,3.3762,3.3712,3.3762,3.3807,3.3812,3.3762,3.3812,28
2026-01-21 05:10:00,3.3757,3.3757,3.3687,3.3692,3.3807,3.3807,3.3737,3.3742,21
2026-01-21 05:11:00,3.3677,3.3717,3.3672,3.3687,3.3727,3.3767,3.3722,3.3737,20
2026-01-21 05:12:00,3.3692,3.3732,3.3692,3.3732,3.3742,3.3782,3.3742,3.3782,19
2026-01-21 05:13:00,3.3727,3.3727,3.3707,3.3707,3.3777,3.3777,3.3757,3.3757,2
2026-01-21 05:14:00,3.3702,3.3702,3.3687,3.3697,3.3752,3.3752,3.3737,3.3747,7
2026-01-21 05:15:00,3.3702,3.3702,3.3692,3.3692,3.3752,3.3752,3.3742,3.3742,4
2026-01-21 05:16:00,3.3682,3.3682,3.3682,3.3682,3.3732,3.3732,3.3732,3.3732,1
2026-01-21 05:17:00,3.3692,3.3692,3.3672,3.3672,3.3742,3.3742,3.3722,3.3722,4
2026-01-21 05:18:00,3.3682,3.3697,3.3672,3.3697,3.3732,3.3747,3.3722,3.3747,9
2026-01-21 05:19:00,3.3712,3.3732,3.3712,3.3712,3.3762,3.3782,3.3762,3.3762,10
2026-01-21 05:20:00,3.3697,3.3697,3.3677,3.3687,3.3747,3.3747,3.3727,3.3737,7
2026-01-21 05:21:00,3.3682,3.3682,3.3672,3.3672,3.3732,3.3732,3.3722,3.3722,3
2026-01-21 05:22:00,3.3677,3.3692,3.3672,3.3672,3.3727,3.3742,3.3722,3.3722,7
2026-01-21 05:23:00,3.3667,3.3667,3.3602,3.3617,3.3717,3.3717,3.3652,3.3667,19
2026-01-21 05:24:00,3.3622,3.3632,3.3592,3.3632,3.3672,3.3682,3.3642,3.3682,13
2026-01-21 05:25:00,3.3627,3.3627,3.3577,3.3592,3.3677,3.3677,3.3627,3.3642,15
2026-01-21 05:26:00,3.3597,3.3627,3.3597,3.3622,3.3647,3.3677,3.3647,3.3672,6
2026-01-21 05:27:00,3.3612,3.3722,3.3612,3.3722,3.3662,3.3772,3.3662,3.3772,14
2026-01-21 05:28:00,3.3727,3.3742,3.3717,3.3722,3.3777,3.3792,3.3767,3.3772,15
2026-01-21 05:29:00,3.3717,3.3737,3.3717,3.3727,3.3767,3.3787,3.3767,3.3777,8
2026-01-21 05:30:00,3.3732,3.3757,3.3732,3.3742,3.3782,3.3807,3.3782,3.3792,7
2026-01-21 05:31:00,3.3737,3.3792,3.3737,3.3787,3.3787,3.3842,3.3787,3.3837,19
2026-01-21 05:32:00,3.3777,3.3777,3.3767,3.3767,3.3827,3.3827,3.3817,3.3817,7
2026-01-21 05:33:00,3.3762,3.3777,3.3762,3.3777,3.3812,3.3827,3.3812,3.3827,3
2026-01-21 05:34:00,3.3782,3.3802,3.3782,3.3797,3.3832,3.3852,3.3832,3.3847,7
2026-01-21 05:35:00,3.3802,3.3822,3.3802,3.3812,3.3852,3.3872,3.3852,3.3862,4
2026-01-21 05:36:00,3.3802,3.3827,3.3802,3.3827,3.3852,3.3877,3.3852,3.3877,5
2026-01-21 05:37:00,3.3817,3.3852,3.3817,3.3842,3.3867,3.3902,3.3867,3.3892,5
2026-01-21 05:38:00,3.3837,3.3857,3.3802,3.3802,3.3887,3.3907,3.3852,3.3852,13
2026-01-21 05:39:00,3.3797,3.3797,3.3767,3.3767,3.3847,3.3847,3.3817,3.3817,7
2026-01-21 05:40:00,3.3762,3.3797,3.3762,3.3797,3.3812,3.3847,3.3812,3.3847,10
2026-01-21 05:41:00,3.3817,3.3832,3.3807,3.3827,3.3867,3.3882,3.3857,3.3877,9
2026-01-21 05:42:00,3.3842,3.3842,3.3822,3.3827,3.3892,3.3892,3.3872,3.3877,4
2026-01-21 05:43:00,3.3832,3.3877,3.3832,3.3867,3.3882,3.3927,3.3882,3.3917,15
2026-01-21 05:44:00,3.3852,3.3972,3.3842,3.3962,3.3902,3.4022,3.3892,3.4012,47
2026-01-21 05:45:00,3.3952,3.4027,3.3952,3.4007,3.4002,3.4077,3.4002,3.4057,32
2026-01-21 05:46:00,3.3992,3.4067,3.3992,3.4067,3.4042,3.4117,3.4042,3.4117,15
2026-01-21 05:47:00,3.4062,3.4082,3.4037,3.4047,3.4112,3.4132,3.4087,3.4097,12
2026-01-21 05:48:00,3.4062,3.4132,3.4062,3.4117,3.4112,3.4182,3.4112,3.4167,18
2026-01-21 05:49:00,3.4102,3.4112,3.4057,3.4112,3.4152,3.4162,3.4107,3.4162,18
2026-01-21 05:50:00,3.4122,3.4142,3.4107,3.4132,3.4172,3.4192,3.4157,3.4182,21
2026-01-21 05:51:00,3.4127,3.4147,3.4122,3.4122,3.4177,3.4197,3.4172,3.4172,10
2026-01-21 05:52:00,3.4127,3.4147,3.4092,3.4132,3.4177,3.4197,3.4142,3.4182,15
2026-01-21 05:53:00,3.4137,3.4137,3.4102,3.4102,3.4187,3.4187,3.4152,3.4152,12
2026-01-21 05:54:00,3.4097,3.4172,3.4097,3.4172,3.4147,3.4222,3.4147,3.4222,10
2026-01-21 05:55:00,3.4182,3.4212,3.4172,3.4197,3.4232,3.4262,3.4222,3.4247,25
2026-01-21 05:56:00,3.4182,3.4202,3.4172,3.4192,3.4232,3.4252,3.4222,3.4242,12
2026-01-21 05:57:00,3.4187,3.4202,3.4182,3.4197,3.4237,3.4252,3.4232,3.4247,6
2026-01-21 05:58:00,3.4187,3.4387,3.4187,3.4387,3.4237,3.4437,3.4237,3.4437,64
2026-01-21 05:59:00,3.4392,3.4502,3.4367,3.4492,3.4442,3.4552,3.4417,3.4542,36
2026-01-21 06:00:00,3.4497,3.4637,3.4497,3.4622,3.4547,3.4687,3.4547,3.4672,71
2026-01-21 06:01:00,3.4617,3.4777,3.4597,3.4727,3.4667,3.4827,3.4647,3.4777,68
2026-01-21 06:02:00,3.4722,3.4797,3.4687,3.4752,3.4772,3.4847,3.4737,3.4802,64
2026-01-21 06:03:00,3.4767,3.4772,3.4727,3.4757,3.4817,3.4822,3.4777,3.4807,28
2026-01-21 06:04:00,3.4752,3.4912,3.4747,3.4897,3.4802,3.4962,3.4797,3.4947,51
2026-01-21 06:05:00,3.4892,3.5112,3.4872,3.5087,3.4942,3.5162,3.4922,3.5137,108
2026-01-21 06:06:00,3.5082,3.5122,3.4822,3.4867,3.5132,3.5172,3.4872,3.4917,86
2026-01-21 06:07:00,3.4857,3.5032,3.4802,3.5032,3.4907,3.5082,3.4852,3.5082,59
2026-01-21 06:08:00,3.5042,3.5207,3.5042,3.5182,3.5092,3.5257,3.5092,3.5232,84
2026-01-21 06:09:00,3.5167,3.5217,3.5097,3.5202,3.5217,3.5267,3.5147,3.5252,53
2026-01-21 06:10:00,3.5217,3.5217,3.5172,3.5207,3.5267,3.5267,3.5222,3.5257,37
2026-01-21 06:11:00,3.5202,3.5277,3.5172,3.5262,3.5252,3.5327,3.5222,3.5312,33
2026-01-21 06:12:00,3.5252,3.5307,3.5217,3.5282,3.5302,3.5357,3.5267,3.5332,42
2026-01-21 06:13:00,3.5277,3.5302,3.5172,3.5297,3.5327,3.5352,3.5222,3.5347,42
2026-01-21 06:14:00,3.5292,3.5347,3.5212,3.5237,3.5342,3.5397,3.5262,3.5287,38
2026-01-21 06:15:00,3.5227,3.5242,3.5172,3.5177,3.5277,3.5292,3.5222,3.5227,20
2026-01-21 06:16:00,3.5172,3.5217,3.5097,3.5102,3.5222,3.5267,3.5147,3.5152,41
2026-01-21 06:17:00,3.5097,3.5127,3.4972,3.5052,3.5147,3.5177,3.5022,3.5102,36
2026-01-21 06:18:00,3.5042,3.5202,3.5042,3.5127,3.5092,3.5252,3.5092,3.5177,40
2026-01-21 06:19:00,3.5132,3.5172,3.5072,3.5072,3.5182,3.5222,3.5122,3.5122,28
2026-01-21 06:20:00,3.5062,3.5107,3.5057,3.5092,3.5112,3.5157,3.5107,3.5142,20
2026-01-21 06:21:00,3.5107,3.5127,3.4997,3.5022,3.5157,3.5177,3.5047,3.5072,31
2026-01-21 06:22:00,3.5027,3.5057,3.4997,3.5047,3.5077,3.5107,3.5047,3.5097,28
2026-01-21 06:23:00,3.5042,3.5082,3.5012,3.5082,3.5092,3.5132,3.5062,3.5132,30
2026-01-21 06:24:00,3.5077,3.5097,3.5077,3.5082,3.5127,3.5147,3.5127,3.5132,11
2026-01-21 06:25:00,3.5077,3.5077,3.5017,3.5037,3.5127,3.5127,3.5067,3.5087,20
2026-01-21 06:26:00,3.5022,3.5047,3.4927,3.5042,3.5072,3.5097,3.4977,3.5092,33
2026-01-21 06:27:00,3.5037,3.5157,3.5017,3.5142,3.5087,3.5207,3.5067,3.5192,38
2026-01-21 06:28:00,3.5137,3.5242,3.5112,3.5222,3.5187,3.5292,3.5162,3.5272,35
2026-01-21 06:29:00,3.5217,3.5217,3.5062,3.5077,3.5267,3.5267,3.5112,3.5127,35
2026-01-21 06:30:00,3.5067,3.5077,3.5057,3.5057,3.5117,3.5127,3.5107,3.5107,15
2026-01-21 06:31:00,3.5062,3.5087,3.4947,3.4977,3.5112,3.5137,3.4997,3.5027,27
2026-01-21 06:32:00,3.4982,3.5042,3.4982,3.5032,3.5032,3.5092,3.5032,3.5082,14
2026-01-21 06:33:00,3.5042,3.5102,3.5042,3.5087,3.5092,3.5152,3.5092,3.5137,9
2026-01-21 06:34:00,3.5092,3.5212,3.5067,3.5072,3.5142,3.5262,3.5117,3.5122,46
2026-01-21 06:35:00,3.5077,3.5267,3.5077,3.5267,3.5127,3.5317,3.5127,3.5317,43
2026-01-21 06:36:00,3.5262,3.5442,3.5187,3.5417,3.5312,3.5492,3.5237,3.5467,60
2026-01-21 06:37:00,3.5412,3.5522,3.5372,3.5477,3.5462,3.5572,3.5422,3.5527,91
2026-01-21 06:38:00,3.5482,3.5482,3.5372,3.5427,3.5532,3.5532,3.5422,3.5477,61
2026-01-21 06:39:00,3.5417,3.5562,3.5407,3.5527,3.5467,3.5612,3.5457,3.5577,43
2026-01-21 06:40:00,3.5522,3.5542,3.5437,3.5532,3.5572,3.5592,3.5487,3.5582,44
2026-01-21 06:41:00,3.5527,3.5562,3.5462,3.5522,3.5577,3.5612,3.5512,3.5572,69
2026-01-21 06:42:00,3.5527,3.5562,3.5452,3.5557,3.5577,3.5612,3.5502,3.5607,52
2026-01-21 06:43:00,3.5562,3.5582,3.5482,3.5557,3.5612,3.5632,3.5532,3.5607,54
2026-01-21 06:44:00,3.5562,3.5932,3.5562,3.5737,3.5612,3.5982,3.5612,3.5787,149
2026-01-21 06:45:00,3.5742,3.5887,3.5722,3.5857,3.5792,3.5937,3.5772,3.5907,77
2026-01-21 06:46:00,3.5842,3.6047,3.5837,3.5907,3.5892,3.6097,3.5887,3.5957,103
2026-01-21 06:47:00,3.5917,3.5982,3.5872,3.5882,3.5967,3.6032,3.5922,3.5932,57
2026-01-21 06:48:00,3.5887,3.5952,3.5872,3.5902,3.5937,3.6002,3.5922,3.5952,37
2026-01-21 06:49:00,3.5907,3.6227,3.5892,3.6192,3.5957,3.6277,3.5942,3.6242,122
2026-01-21 06:50:00,3.6202,3.6392,3.6162,3.6197,3.6252,3.6442,3.6212,3.6247,128
2026-01-21 06:51:00,3.6207,3.6307,3.6192,3.6307,3.6257,3.6357,3.6242,3.6357,39
2026-01-21 06:52:00,3.6327,3.6357,3.6272,3.6332,3.6377,3.6407,3.6322,3.6382,45
2026-01-21 06:53:00,3.6327,3.6457,3.6277,3.6447,3.6377,3.6507,3.6327,3.6497,64
2026-01-21 06:54:00,3.6432,3.6497,3.6352,3.6467,3.6482,3.6547,3.6402,3.6517,91
2026-01-21 06:55:00,3.6472,3.6622,3.6472,3.6532,3.6522,3.6672,3.6522,3.6582,101
2026-01-21 06:56:00,3.6537,3.6652,3.6522,3.6527,3.6587,3.6702,3.6572,3.6577,62
2026-01-21 06:57:00,3.6522,3.6592,3.6522,3.6557,3.6572,3.6642,3.6572,3.6607,36
2026-01-21 06:58:00,3.6567,3.6617,3.6402,3.6477,3.6617,3.6667,3.6452,3.6527,62
2026-01-21 06:59:00,3.6472,3.6557,3.6467,3.6512,3.6522,3.6607,3.6517,3.6562,46
2026-01-21 07:00:00,3.6507,3.6507,3.6392,3.6437,3.6557,3.6557,3.6442,3.6487,120
2026-01-21 07:01:00,3.6442,3.6547,3.6442,3.6527,3.6492,3.6597,3.6492,3.6577,54
2026-01-21 07:02:00,3.6532,3.6622,3.6532,3.6602,3.6582,3.6672,3.6582,3.6652,64
2026-01-21 07:03:00,3.6617,3.6837,3.6587,3.6822,3.6667,3.6887,3.6637,3.6872,107
2026-01-21 07:04:00,3.6817,3.7127,3.6802,3.7062,3.6867,3.7177,3.6852,3.7112,134
2026-01-21 07:05:00,3.7077,3.7152,3.7052,3.7147,3.7127,3.7202,3.7102,3.7197,49
2026-01-21 07:06:00,3.7142,3.7212,3.7132,3.7197,3.7192,3.7262,3.7182,3.7247,67
2026-01-21 07:07:00,3.7187,3.7212,3.7152,3.7157,3.7237,3.7262,3.7202,3.7207,52
2026-01-21 07:08:00,3.7172,3.7187,3.7052,3.7102,3.7222,3.7237,3.7102,3.7152,50
2026-01-21 07:09:00,3.7107,3.7122,3.7067,3.7107,3.7157,3.7172,3.7117,3.7157,49
2026-01-21 07:10:00,3.7112,3.7332,3.7052,3.7092,3.7162,3.7382,3.7102,3.7142,114
2026-01-21 07:11:00,3.7102,3.7147,3.7087,3.7102,3.7152,3.7197,3.7137,3.7152,54
2026-01-21 07:12:00,3.7107,3.7137,3.7052,3.7102,3.7157,3.7187,3.7102,3.7152,52
2026-01-21 07:13:00,3.7087,3.7157,3.7067,3.7122,3.7137,3.7207,3.7117,3.7172,44
2026-01-21 07:14:00,3.7127,3.7182,3.7062,3.7152,3.7177,3.7232,3.7112,3.7202,58
2026-01-21 07:15:00,3.7157,3.7297,3.6922,3.6942,3.7207,3.7347,3.6972,3.6992,125
2026-01-21 07:16:00,3.6932,3.6942,3.6522,3.6712,3.6982,3.6992,3.6572,3.6762,135
2026-01-21 07:17:00,3.6707,3.6982,3.6707,3.6887,3.6757,3.7032,3.6757,3.6937,73
2026-01-21 07:18:00,3.6897,3.6907,3.6772,3.6892,3.6947,3.6957,3.6822,3.6942,49
2026-01-21 07:19:00,3.6887,3.7097,3.6877,3.7097,3.6937,3.7147,3.6927,3.7147,49
2026-01-21 07:20:00,3.7092,3.7522,3.7057,3.7512,3.7142,3.7572,3.7107,3.7562,117
2026-01-21 07:21:00,3.7482,3.7667,3.7377,3.7607,3.7532,3.7717,3.7427,3.7657,127
2026-01-21 07:22:00,3.7602,3.7797,3.7532,3.7652,3.7652,3.7847,3.7582,3.7702,142
2026-01-21 07:23:00,3.7667,3.7722,3.7647,3.7697,3.7717,3.7772,3.7697,3.7747,56
2026-01-21 07:24:00,3.7687,3.7752,3.7677,3.7727,3.7737,3.7802,3.7727,3.7777,39
2026-01-21 07:25:00,3.7722,3.7752,3.7657,3.7677,3.7772,3.7802,3.7707,3.7727,77
2026-01-21 07:26:00,3.7672,3.7912,3.7662,3.7907,3.7722,3.7962,3.7712,3.7957,78
2026-01-21 07:27:00,3.7892,3.7902,3.7797,3.7852,3.7942,3.7952,3.7847,3.7902,88
2026-01-21 07:28:00,3.7857,3.7862,3.7802,3.7817,3.7907,3.7912,3.7852,3.7867,33
2026-01-21 07:29:00,3.7837,3.7862,3.7807,3.7837,3.7887,3.7912,3.7857,3.7887,41
2026-01-21 07:30:00,3.7832,3.7937,3.7772,3.7932,3.7882,3.7987,3.7822,3.7982,85
2026-01-21 07:31:00,3.7927,3.8082,3.7907,3.7987,3.7977,3.8132,3.7957,3.8037,119
2026-01-21 07:32:00,3.7982,3.8127,3.7942,3.8097,3.8032,3.8177,3.7992,3.8147,74
2026-01-21 07:33:00,3.8092,3.8092,3.7922,3.7947,3.8142,3.8142,3.7972,3.7997,80
2026-01-21 07:34:00,3.7932,3.7992,3.7932,3.7977,3.7982,3.8042,3.7982,3.8027,47
2026-01-21 07:35:00,3.7967,3.8012,3.7922,3.8002,3.8017,3.8062,3.7972,3.8052,36
2026-01-21 07:36:00,3.8012,3.8077,3.7982,3.8057,3.8062,3.8127,3.8032,3.8107,30
2026-01-21 07:37:00,3.8052,3.8142,3.8027,3.8097,3.8102,3.8192,3.8077,3.8147,47
2026-01-21 07:38:00,3.8087,3.8087,3.7952,3.8042,3.8137,3.8137,3.8002,3.8092,64
2026-01-21 07:39:00,3.8037,3.8037,3.7877,3.7897,3.8087,3.8087,3.7927,3.7947,75
2026-01-21 07:40:00,3.7887,3.7922,3.7872,3.7882,3.7937,3.7972,3.7922,3.7932,56
2026-01-21 07:41:00,3.7887,3.8147,3.7872,3.8127,3.7937,3.8197,3.7922,3.8177,72
2026-01-21 07:42:00,3.8132,3.8267,3.8112,3.8257,3.8182,3.8317,3.8162,3.8307,92
2026-01-21 07:43:00,3.8262,3.8317,3.8227,3.8317,3.8312,3.8367,3.8277,3.8367,70
2026-01-21 07:44:00,3.8312,3.8337,3.8222,3.8297,3.8362,3.8387,3.8272,3.8347,55
2026-01-21 07:45:00,3.8292,3.8492,3.8292,3.8487,3.8342,3.8542,3.8342,3.8537,84
2026-01-21 07:46:00,3.8482,3.8657,3.8447,3.8637,3.8532,3.8707,3.8497,3.8687,86
2026-01-21 07:47:00,3.8632,3.8697,3.8627,3.8672,3.8682,3.8747,3.8677,3.8722,55
2026-01-21 07:48:00,3.8677,3.8912,3.8672,3.8832,3.8727,3.8962,3.8722,3.8882,76
2026-01-21 07:49:00,3.8842,3.9367,3.8832,3.9262,3.8892,3.9417,3.8882,3.9312,128
2026-01-21 07:50:00,3.9272,3.9582,3.9192,3.9247,3.9322,3.9632,3.9242,3.9297,254
2026-01-21 07:51:00,3.9242,3.9327,3.9117,3.9177,3.9292,3.9377,3.9167,3.9227,97
2026-01-21 07:52:00,3.9167,3.9262,3.9132,3.9207,3.9217,3.9312,3.9182,3.9257,63
2026-01-21 07:53:00,3.9202,3.9457,3.9187,3.9337,3.9252,3.9507,3.9237,3.9387,94
2026-01-21 07:54:00,3.9332,3.9337,3.9277,3.9287,3.9382,3.9387,3.9327,3.9337,63
2026-01-21 07:55:00,3.9292,3.9402,3.9277,3.9337,3.9342,3.9452,3.9327,3.9387,50
2026-01-21 07:56:00,3.9332,3.9417,3.9272,3.9397,3.9382,3.9467,3.9322,3.9447,62
2026-01-21 07:57:00,3.9402,3.9727,3.9392,3.9717,3.9452,3.9777,3.9442,3.9767,134
2026-01-21 07:58:00,3.9712,3.9712,3.9542,3.9572,3.9762,3.9762,3.9592,3.9622,85
2026-01-21 07:59:00,3.9582,3.9652,3.9537,3.9577,3.9632,3.9702,3.9587,3.9627,64
2026-01-21 08:00:00,3.9587,3.9587,3.9332,3.9547,3.9637,3.9637,3.9382,3.9597,111
2026-01-21 08:01:00,3.9557,3.9627,3.9552,3.9587,3.9607,3.9677,3.9602,3.9637,50
2026-01-21 08:02:00,3.9582,4.0062,3.9582,4.0002,3.9632,4.0112,3.9632,4.0052,157
2026-01-21 08:03:00,4.0007,4.0327,3.9977,4.0292,4.0057,4.0377,4.0027,4.0342,134
2026-01-21 08:04:00,4.0297,4.0442,4.0162,4.0442,4.0347,4.0492,4.0212,4.0492,117
2026-01-21 08:06:00,4.0612,4.1112,4.0612,4.0877,4.0662,4.1162,4.0662,4.0927,101
2026-01-21 08:07:00,4.0892,4.1027,4.0732,4.0842,4.0942,4.1077,4.0782,4.0892,154
2026-01-21 08:08:00,4.0832,4.0932,4.0812,4.0812,4.0882,4.0982,4.0862,4.0862,71
2026-01-21 08:09:00,4.0817,4.1042,4.0812,4.1022,4.0867,4.1092,4.0862,4.1072,86
2026-01-21 08:10:00,4.1017,4.1327,4.1017,4.1317,4.1067,4.1377,4.1067,4.1367,99
2026-01-21 08:11:00,4.1322,4.1852,4.1322,4.1687,4.1372,4.1902,4.1372,4.1737,158
2026-01-21 08:12:00,4.1682,4.1802,4.1622,4.1662,4.1732,4.1852,4.1672,4.1712,125
2026-01-21 08:13:00,4.1657,4.1737,4.1612,4.1682,4.1707,4.1787,4.1662,4.1732,129
2026-01-21 08:14:00,4.1677,4.1682,4.1602,4.1602,4.1727,4.1732,4.1652,4.1652,51
2026-01-21 08:15:00,4.1617,4.1667,4.1252,4.1257,4.1667,4.1717,4.1302,4.1307,118
2026-01-21 08:16:00,4.1252,4.1302,4.1222,4.1277,4.1302,4.1352,4.1272,4.1327,85
2026-01-21 08:17:00,4.1292,4.1642,4.1257,4.1637,4.1342,4.1692,4.1307,4.1687,99
2026-01-21 08:18:00,4.1632,4.1827,4.1557,4.1827,4.1682,4.1877,4.1607,4.1877,77
2026-01-21 08:19:00,4.1837,4.2852,4.1837,4.2707,4.1887,4.2902,4.1887,4.2757,225
2026-01-21 08:20:00,4.2732,4.3287,4.2722,4.2802,4.2782,4.3337,4.2772,4.2852,152
2026-01-21 08:21:00,4.2787,4.2947,4.2782,4.2812,4.2837,4.2997,4.2832,4.2862,73
2026-01-21 08:22:00,4.2817,4.3417,4.2782,4.3402,4.2867,4.3467,4.2832,4.3452,170
2026-01-21 08:23:00,4.3377,4.3807,4.3247,4.3392,4.3427,4.3857,4.3297,4.3442,218
2026-01-21 08:24:00,4.3372,4.3832,4.3302,4.3802,4.3422,4.3882,4.3352,4.3852,118
2026-01-21 08:25:00,4.3807,4.3842,4.2802,4.2802,4.3857,4.3892,4.2852,4.2852,183
2026-01-21 08:26:00,4.2787,4.2822,4.2352,4.2447,4.2837,4.2872,4.2402,4.2497,170
2026-01-21 08:27:00,4.2442,4.2457,4.1797,4.2162,4.2492,4.2507,4.1847,4.2212,181
2026-01-21 08:28:00,4.2182,4.2232,4.1912,4.1912,4.2232,4.2282,4.1962,4.1962,108
2026-01-21 08:29:00,4.1897,4.2162,4.1877,4.1982,4.1947,4.2212,4.1927,4.2032,117
2026-01-21 08:30:00,4.1997,4.2067,4.1632,4.1652,4.2047,4.2117,4.1682,4.1702,108
2026-01-21 08:31:00,4.1647,4.1697,4.1362,4.1402,4.1697,4.1747,4.1412,4.1452,139
2026-01-21 08:32:00,4.1412,4.2177,4.1342,4.1992,4.1462,4.2227,4.1392,4.2042,224
2026-01-21 08:33:00,4.1987,4.2487,4.1987,4.2367,4.2037,4.2537,4.2037,4.2417,151
2026-01-21 08:34:00,4.2372,4.2472,4.2312,4.2402,4.2422,4.2522,4.2362,4.2452,96
2026-01-21 08:35:00,4.2407,4.2647,4.2362,4.2412,4.2457,4.2697,4.2412,4.2462,122
2026-01-21 08:36:00,4.2422,4.2532,4.2317,4.2362,4.2472,4.2582,4.2367,4.2412,81
2026-01-21 08:37:00,4.2372,4.2507,4.2357,4.2467,4.2422,4.2557,4.2407,4.2517,60
2026-01-21 08:38:00,4.2457,4.2457,4.2362,4.2372,4.2507,4.2507,4.2412,4.2422,29
2026-01-21 08:39:00,4.2352,4.2392,4.2062,4.2077,4.2402,4.2442,4.2112,4.2127,110
2026-01-21 08:40:00,4.2072,4.2162,4.1777,4.1867,4.2122,4.2212,4.1827,4.1917,78
2026-01-21 08:41:00,4.1872,4.1912,4.1772,4.1797,4.1922,4.1962,4.1822,4.1847,66
2026-01-21 08:42:00,4.1777,4.1862,4.1522,4.1522,4.1827,4.1912,4.1572,4.1572,81
2026-01-21 08:43:00,4.1527,4.1572,4.1437,4.1562,4.1577,4.1622,4.1487,4.1612,94
2026-01-21 08:44:00,4.1577,4.1877,4.1547,4.1877,4.1627,4.1927,4.1597,4.1927,88
2026-01-21 08:45:00,4.1882,4.2307,4.1807,4.2282,4.1932,4.2357,4.1857,4.2332,107
2026-01-21 08:46:00,4.2292,4.2692,4.2292,4.2682,4.2342,4.2742,4.2342,4.2732,151
2026-01-21 08:47:00,4.2677,4.2677,4.2082,4.2132,4.2727,4.2727,4.2132,4.2182,88
2026-01-21 08:48:00,4.2147,4.2332,4.2147,4.2227,4.2197,4.2382,4.2197,4.2277,59
2026-01-21 08:49:00,4.2222,4.2252,4.1892,4.1907,4.2272,4.2302,4.1942,4.1957,66
2026-01-21 08:50:00,4.1887,4.1917,4.1587,4.1887,4.1937,4.1967,4.1637,4.1937,103
2026-01-21 08:51:00,4.1872,4.2032,4.1787,4.1907,4.1922,4.2082,4.1837,4.1957,79
2026-01-21 08:52:00,4.1912,4.2187,4.1832,4.2172,4.1962,4.2237,4.1882,4.2222,88
2026-01-21 08:53:00,4.2177,4.2292,4.2142,4.2202,4.2227,4.2342,4.2192,4.2252,47
2026-01-21 08:54:00,4.2177,4.2182,4.2047,4.2047,4.2227,4.2232,4.2097,4.2097,32
2026-01-21 08:55:00,4.2037,4.2042,4.1827,4.1892,4.2087,4.2092,4.1877,4.1942,64
2026-01-21 08:56:00,4.1887,4.1902,4.1612,4.1617,4.1937,4.1952,4.1662,4.1667,67
2026-01-21 08:57:00,4.1627,4.1852,4.1612,4.1852,4.1677,4.1902,4.1662,4.1902,70
2026-01-21 08:58:00,4.1857,4.1987,4.1752,4.1912,4.1907,4.2037,4.1802,4.1962,80
2026-01-21 08:59:00,4.1907,4.1947,4.1857,4.1882,4.1957,4.1997,4.1907,4.1932,51
2026-01-21 09:00:00,4.1877,4.1897,4.1762,4.1827,4.1927,4.1947,4.1812,4.1877,67
2026-01-21 09:01:00,4.1832,4.1887,4.1777,4.1837,4.1882,4.1937,4.1827,4.1887,60
2026-01-21 09:02:00,4.1842,4.1887,4.1702,4.1787,4.1892,4.1937,4.1752,4.1837,83
2026-01-21 09:03:00,4.1797,4.1797,4.1492,4.1492,4.1847,4.1847,4.1542,4.1542,104
2026-01-21 09:04:00,4.1482,4.1572,4.1467,4.1497,4.1532,4.1622,4.1517,4.1547,107
2026-01-21 09:05:00,4.1502,4.1562,4.1447,4.1462,4.1552,4.1612,4.1497,4.1512,72
2026-01-21 09:06:00,4.1452,4.1502,4.1382,4.1432,4.1502,4.1552,4.1432,4.1482,83
2026-01-21 09:07:00,4.1422,4.1427,4.1297,4.1327,4.1472,4.1477,4.1347,4.1377,99
2026-01-21 09:08:00,4.1322,4.1512,4.1322,4.1377,4.1372,4.1562,4.1372,4.1427,110
2026-01-21 09:09:00,4.1367,4.1562,4.1362,4.1392,4.1417,4.1612,4.1412,4.1442,73
2026-01-21 09:10:00,4.1382,4.1687,4.1347,4.1682,4.1432,4.1737,4.1397,4.1732,86
2026-01-21 09:11:00,4.1692,4.1827,4.1657,4.1752,4.1742,4.1877,4.1707,4.1802,90
2026-01-21 09:12:00,4.1762,4.2112,4.1737,4.2097,4.1812,4.2162,4.1787,4.2147,93
2026-01-21 09:13:00,4.2087,4.2127,4.1907,4.1907,4.2137,4.2177,4.1957,4.1957,105
2026-01-21 09:14:00,4.1912,4.1972,4.1772,4.1812,4.1962,4.2022,4.1822,4.1862,88
2026-01-21 09:15:00,4.1797,4.1892,4.1762,4.1797,4.1847,4.1942,4.1812,4.1847,81
2026-01-21 09:16:00,4.1802,4.2187,4.1802,4.2162,4.1852,4.2237,4.1852,4.2212,109
2026-01-21 09:17:00,4.2167,4.2402,4.2152,4.2312,4.2217,4.2452,4.2202,4.2362,144
2026-01-21 09:18:00,4.2307,4.2497,4.2197,4.2432,4.2357,4.2547,4.2247,4.2482,104
2026-01-21 09:19:00,4.2427,4.2547,4.2377,4.2527,4.2477,4.2597,4.2427,4.2577,71
2026-01-21 09:20:00,4.2547,4.2562,4.2402,4.2417,4.2597,4.2612,4.2452,4.2467,85
2026-01-21 09:21:00,4.2412,4.2437,4.2177,4.2182,4.2462,4.2487,4.2227,4.2232,96
2026-01-21 09:22:00,4.2172,4.2182,4.2092,4.2112,4.2222,4.2232,4.2142,4.2162,66
2026-01-21 09:23:00,4.2102,4.2102,4.1932,4.1942,4.2152,4.2152,4.1982,4.1992,75
2026-01-21 09:24:00,4.1937,4.2027,4.1932,4.1997,4.1987,4.2077,4.1982,4.2047,47
2026-01-21 09:25:00,4.2002,4.2257,4.2002,4.2172,4.2052,4.2307,4.2052,4.2222,79
2026-01-21 09:26:00,4.2182,4.2217,4.2087,4.2167,4.2232,4.2267,4.2137,4.2217,46
2026-01-21 09:27:00,4.2162,4.2227,4.2102,4.2112,4.2212,4.2277,4.2152,4.2162,53
2026-01-21 09:28:00,4.2102,4.2157,4.2082,4.2142,4.2152,4.2207,4.2132,4.2192,24
2026-01-21 09:29:00,4.2147,4.2147,4.2037,4.2122,4.2197,4.2197,4.2087,4.2172,37
2026-01-21 09:30:00,4.2127,4.2152,4.2047,4.2062,4.2177,4.2202,4.2097,4.2112,54
2026-01-21 09:31:00,4.2047,4.2047,4.1922,4.1977,4.2097,4.2097,4.1972,4.2027,76
2026-01-21 09:32:00,4.1987,4.2157,4.1987,4.2077,4.2037,4.2207,4.2037,4.2127,72
2026-01-21 09:33:00,4.2072,4.2072,4.1882,4.1892,4.2122,4.2122,4.1932,4.1942,68
2026-01-21 09:34:00,4.1882,4.1987,4.1857,4.1887,4.1932,4.2037,4.1907,4.1937,69
2026-01-21 09:35:00,4.1897,4.1932,4.1882,4.1932,4.1947,4.1982,4.1932,4.1982,38
2026-01-21 09:36:00,4.1927,4.1927,4.1672,4.1702,4.1977,4.1977,4.1722,4.1752,95
2026-01-21 09:37:00,4.1722,4.1732,4.1452,4.1472,4.1772,4.1782,4.1502,4.1522,69
2026-01-21 09:38:00,4.1487,4.1577,4.1442,4.1482,4.1537,4.1627,4.1492,4.1532,67
2026-01-21 09:39:00,4.1492,4.1597,4.1427,4.1532,4.1542,4.1647,4.1477,4.1582,84
2026-01-21 09:40:00,4.1522,4.1527,4.1442,4.1487,4.1572,4.1577,4.1492,4.1537,42
2026-01-21 09:41:00,4.1492,4.1507,4.1307,4.1317,4.1542,4.1557,4.1357,4.1367,78
2026-01-21 09:42:00,4.1312,4.1352,4.1222,4.1297,4.1362,4.1402,4.1272,4.1347,102
2026-01-21 09:43:00,4.1292,4.1317,4.1222,4.1227,4.1342,4.1367,4.1272,4.1277,61
2026-01-21 09:44:00,4.1232,4.1422,4.1232,4.1422,4.1282,4.1472,4.1282,4.1472,76
2026-01-21 09:45:00,4.1427,4.1512,4.1367,4.1387,4.1477,4.1562,4.1417,4.1437,104
2026-01-21 09:46:00,4.1392,4.1457,4.1367,4.1457,4.1442,4.1507,4.1417,4.1507,52
2026-01-21 09:47:00,4.1462,4.1562,4.1457,4.1552,4.1512,4.1612,4.1507,4.1602,72
2026-01-21 09:48:00,4.1542,4.1617,4.1527,4.1542,4.1592,4.1667,4.1577,4.1592,34
2026-01-21 09:49:00,4.1547,4.1602,4.1497,4.1557,4.1597,4.1652,4.1547,4.1607,57
2026-01-21 09:50:00,4.1547,4.1562,4.1372,4.1412,4.1597,4.1612,4.1422,4.1462,49
2026-01-21 09:51:00,4.1417,4.1462,4.1327,4.1452,4.1467,4.1512,4.1377,4.1502,74
2026-01-21 09:52:00,4.1462,4.1472,4.1417,4.1462,4.1512,4.1522,4.1467,4.1512,39
2026-01-21 09:53:00,4.1467,4.1502,4.1417,4.1487,4.1517,4.1552,4.1467,4.1537,28
2026-01-21 09:54:00,4.1482,4.1492,4.1362,4.1402,4.1532,4.1542,4.1412,4.1452,47
2026-01-21 09:55:00,4.1397,4.1397,4.1252,4.1267,4.1447,4.1447,4.1302,4.1317,51
2026-01-21 09:56:00,4.1262,4.1272,4.1222,4.1252,4.1312,4.1322,4.1272,4.1302,35
2026-01-21 09:57:00,4.1262,4.1362,4.1257,4.1357,4.1312,4.1412,4.1307,4.1407,43
2026-01-21 09:58:00,4.1352,4.1477,4.1352,4.1462,4.1402,4.1527,4.1402,4.1512,60
2026-01-21 09:59:00,4.1467,4.1467,4.1422,4.1427,4.1517,4.1517,4.1472,4.1477,21
2026-01-21 10:00:00,4.1407,4.1447,4.1352,4.1402,4.1457,4.1497,4.1402,4.1452,59
2026-01-21 10:01:00,4.1397,4.1437,4.1247,4.1267,4.1447,4.1487,4.1297,4.1317,57
2026-01-21 10:02:00,4.1262,4.1332,4.1237,4.1327,4.1312,4.1382,4.1287,4.1377,36
2026-01-21 10:03:00,4.1337,4.1427,4.1307,4.1357,4.1387,4.1477,4.1357,4.1407,63
2026-01-21 10:04:00,4.1367,4.1717,4.1367,4.1627,4.1417,4.1767,4.1417,4.1677,92
2026-01-21 10:05:00,4.1637,4.1637,4.1357,4.1362,4.1687,4.1687,4.1407,4.1412,55
2026-01-21 10:06:00,4.1357,4.1362,4.1252,4.1317,4.1407,4.1412,4.1302,4.1367,56
2026-01-21 10:07:00,4.1312,4.1337,4.1092,4.1117,4.1362,4.1387,4.1142,4.1167,82
2026-01-21 10:08:00,4.1107,4.1132,4.0992,4.1007,4.1157,4.1182,4.1042,4.1057,89
2026-01-21 10:09:00,4.1002,4.1112,4.1002,4.1062,4.1052,4.1162,4.1052,4.1112,41
2026-01-21 10:10:00,4.1052,4.1277,4.1042,4.1257,4.1102,4.1327,4.1092,4.1307,57
2026-01-21 10:11:00,4.1267,4.1517,4.1267,4.1512,4.1317,4.1567,4.1317,4.1562,94
2026-01-21 10:12:00,4.1517,4.1742,4.1517,4.1742,4.1567,4.1792,4.1567,4.1792,62
2026-01-21 10:13:00,4.1727,4.1782,4.1527,4.1682,4.1777,4.1832,4.1577,4.1732,115
2026-01-21 10:14:00,4.1672,4.1732,4.1562,4.1592,4.1722,4.1782,4.1612,4.1642,67
2026-01-21 10:15:00,4.1587,4.1667,4.1557,4.1642,4.1637,4.1717,4.1607,4.1692,58
2026-01-21 10:16:00,4.1647,4.1777,4.1587,4.1687,4.1697,4.1827,4.1637,4.1737,72
2026-01-21 10:17:00,4.1672,4.1697,4.1552,4.1592,4.1722,4.1747,4.1602,4.1642,56
2026-01-21 10:18:00,4.1572,4.1707,4.1457,4.1647,4.1622,4.1757,4.1507,4.1697,99
2026-01-21 10:19:00,4.1642,4.1642,4.1532,4.1642,4.1692,4.1692,4.1582,4.1692,64
2026-01-21 10:20:00,4.1632,4.1632,4.1472,4.1507,4.1682,4.1682,4.1522,4.1557,50
2026-01-21 10:21:00,4.1487,4.1522,4.1452,4.1507,4.1537,4.1572,4.1502,4.1557,40
2026-01-21 10:22:00,4.1517,4.1627,4.1272,4.1272,4.1567,4.1677,4.1322,4.1322,73
2026-01-21 10:23:00,4.1262,4.1437,4.1262,4.1422,4.1312,4.1487,4.1312,4.1472,62
2026-01-21 10:24:00,4.1417,4.1482,4.1402,4.1427,4.1467,4.1532,4.1452,4.1477,39
2026-01-21 10:25:00,4.1422,4.1452,4.1412,4.1422,4.1472,4.1502,4.1462,4.1472,19
2026-01-21 10:26:00,4.1427,4.1477,4.1427,4.1477,4.1477,4.1527,4.1477,4.1527,34
2026-01-21 10:27:00,4.1482,4.1587,4.1472,4.1497,4.1532,4.1637,4.1522,4.1547,43
2026-01-21 10:28:00,4.1487,4.1607,4.1382,4.1552,4.1537,4.1657,4.1432,4.1602,86
2026-01-21 10:29:00,4.1557,4.1672,4.1482,4.1642,4.1607,4.1722,4.1532,4.1692,66
2026-01-21 10:30:00,4.1637,4.1992,4.1617,4.1977,4.1687,4.2042,4.1667,4.2027,104
2026-01-21 10:31:00,4.1982,4.2427,4.1982,4.2327,4.2032,4.2477,4.2032,4.2377,124
2026-01-21 10:32:00,4.2322,4.2462,4.2312,4.2462,4.2372,4.2512,4.2362,4.2512,105
2026-01-21 10:33:00,4.2472,4.2627,4.2447,4.2497,4.2522,4.2677,4.2497,4.2547,129
2026-01-21 10:34:00,4.2492,4.2852,4.2492,4.2847,4.2542,4.2902,4.2542,4.2897,90
2026-01-21 10:35:00,4.2852,4.3237,4.2852,4.2912,4.2902,4.3287,4.2902,4.2962,218
2026-01-21 10:36:00,4.2902,4.2902,4.2597,4.2807,4.2952,4.2952,4.2647,4.2857,169
2026-01-21 10:37:00,4.2812,4.3007,4.2792,4.2832,4.2862,4.3057,4.2842,4.2882,147
2026-01-21 10:38:00,4.2827,4.3177,4.2812,4.3142,4.2877,4.3227,4.2862,4.3192,99
2026-01-21 10:39:00,4.3137,4.3142,4.3022,4.3077,4.3187,4.3192,4.3072,4.3127,80
2026-01-21 10:40:00,4.3092,4.3237,4.3092,4.3137,4.3142,4.3287,4.3142,4.3187,101
2026-01-21 10:41:00,4.3142,4.3147,4.3007,4.3122,4.3192,4.3197,4.3057,4.3172,76
2026-01-21 10:42:00,4.3127,4.3192,4.3052,4.3112,4.3177,4.3242,4.3102,4.3162,91
2026-01-21 10:43:00,4.3107,4.3142,4.3042,4.3077,4.3157,4.3192,4.3092,4.3127,87
2026-01-21 10:44:00,4.3072,4.3182,4.2822,4.2832,4.3122,4.3232,4.2872,4.2882,138
2026-01-21 10:45:00,4.2837,4.2842,4.2502,4.2572,4.2887,4.2892,4.2552,4.2622,123
2026-01-21 10:46:00,4.2577,4.2692,4.2547,4.2547,4.2627,4.2742,4.2597,4.2597,81
2026-01-21 10:47:00,4.2552,4.2572,4.2362,4.2397,4.2602,4.2622,4.2412,4.2447,79
2026-01-21 10:48:00,4.2407,4.2447,4.2372,4.2387,4.2457,4.2497,4.2422,4.2437,51
2026-01-21 10:49:00,4.2382,4.2437,4.2122,4.2137,4.2432,4.2487,4.2172,4.2187,80
2026-01-21 10:50:00,4.2147,4.2147,4.1957,4.1982,4.2197,4.2197,4.2007,4.2032,98
2026-01-21 10:51:00,4.1977,4.2022,4.1852,4.2022,4.2027,4.2072,4.1902,4.2072,82
2026-01-21 10:52:00,4.2037,4.2057,4.1902,4.1907,4.2087,4.2107,4.1952,4.1957,71
2026-01-21 10:53:00,4.1912,4.1942,4.1802,4.1832,4.1962,4.1992,4.1852,4.1882,65
2026-01-21 10:54:00,4.1822,4.1907,4.1777,4.1852,4.1872,4.1957,4.1827,4.1902,48
2026-01-21 10:55:00,4.1847,4.1892,4.1797,4.1877,4.1897,4.1942,4.1847,4.1927,52
2026-01-21 10:56:00,4.1872,4.1882,4.1617,4.1852,4.1922,4.1932,4.1667,4.1902,95
2026-01-21 10:57:00,4.1847,4.1847,4.1777,4.1787,4.1897,4.1897,4.1827,4.1837,36
2026-01-21 10:58:00,4.1782,4.1857,4.1757,4.1857,4.1832,4.1907,4.1807,4.1907,48
2026-01-21 10:59:00,4.1862,4.1862,4.1712,4.1722,4.1912,4.1912,4.1762,4.1772,34
2026-01-21 11:00:00,4.1737,4.1747,4.1517,4.1587,4.1787,4.1797,4.1567,4.1637,73
2026-01-21 11:01:00,4.1592,4.1672,4.1562,4.1577,4.1642,4.1722,4.1612,4.1627,55
2026-01-21 11:02:00,4.1572,4.1732,4.1572,4.1717,4.1622,4.1782,4.1622,4.1767,55
2026-01-21 11:03:00,4.1722,4.1782,4.1562,4.1597,4.1772,4.1832,4.1612,4.1647,60
2026-01-21 11:04:00,4.1592,4.1622,4.1497,4.1542,4.1642,4.1672,4.1547,4.1592,26
2026-01-21 11:05:00,4.1552,4.1552,4.1187,4.1192,4.1602,4.1602,4.1237,4.1242,97
2026-01-21 11:06:00,4.1197,4.1407,4.1182,4.1317,4.1247,4.1457,4.1232,4.1367,90
2026-01-21 11:07:00,4.1322,4.1372,4.1192,4.1197,4.1372,4.1422,4.1242,4.1247,66
2026-01-21 11:08:00,4.1192,4.1482,4.1187,4.1482,4.1242,4.1532,4.1237,4.1532,57
2026-01-21 11:09:00,4.1497,4.1682,4.1442,4.1597,4.1547,4.1732,4.1492,4.1647,102
2026-01-21 11:10:00,4.1602,4.2047,4.1602,4.2007,4.1652,4.2097,4.1652,4.2057,118
2026-01-21 11:11:00,4.2012,4.2147,4.1947,4.2017,4.2062,4.2197,4.1997,4.2067,102
2026-01-21 11:12:00,4.2007,4.2007,4.1682,4.1697,4.2057,4.2057,4.1732,4.1747,59
2026-01-21 11:13:00,4.1692,4.1697,4.1492,4.1527,4.1742,4.1747,4.1542,4.1577,57
2026-01-21 11:14:00,4.1522,4.1772,4.1512,4.1747,4.1572,4.1822,4.1562,4.1797,83
2026-01-21 11:15:00,4.1752,4.1777,4.1597,4.1637,4.1802,4.1827,4.1647,4.1687,37
2026-01-21 11:16:00,4.1642,4.1642,4.1422,4.1547,4.1692,4.1692,4.1472,4.1597,84
2026-01-21 11:17:00,4.1552,4.1602,4.1427,4.1447,4.1602,4.1652,4.1477,4.1497,76
2026-01-21 11:18:00,4.1442,4.1547,4.1357,4.1537,4.1492,4.1597,4.1407,4.1587,49
2026-01-21 11:19:00,4.1532,4.1697,4.1532,4.1657,4.1582,4.1747,4.1582,4.1707,57
2026-01-21 11:20:00,4.1647,4.1647,4.1342,4.1347,4.1697,4.1697,4.1392,4.1397,53
2026-01-21 11:21:00,4.1327,4.1497,4.1302,4.1497,4.1377,4.1547,4.1352,4.1547,71
2026-01-21 11:22:00,4.1487,4.1547,4.1252,4.1292,4.1537,4.1597,4.1302,4.1342,68
2026-01-21 11:23:00,4.1302,4.1337,4.1067,4.1077,4.1352,4.1387,4.1117,4.1127,121
2026-01-21 11:24:00,4.1072,4.1202,4.1027,4.1082,4.1122,4.1252,4.1077,4.1132,77
2026-01-21 11:25:00,4.1077,4.1247,4.1077,4.1092,4.1127,4.1297,4.1127,4.1142,51
2026-01-21 11:26:00,4.1097,4.1147,4.0872,4.0917,4.1147,4.1197,4.0922,4.0967,90
2026-01-21 11:27:00,4.0912,4.0912,4.0532,4.0707,4.0962,4.0962,4.0582,4.0757,165
2026-01-21 11:28:00,4.0702,4.1042,4.0632,4.0907,4.0752,4.1092,4.0682,4.0957,136
2026-01-21 11:29:00,4.0912,4.1017,4.0782,4.1012,4.0962,4.1067,4.0832,4.1062,99
2026-01-21 11:30:00,4.1007,4.1007,4.0737,4.0737,4.1057,4.1057,4.0787,4.0787,97
2026-01-21 11:31:00,4.0732,4.0857,4.0642,4.0722,4.0782,4.0907,4.0692,4.0772,132
2026-01-21 11:32:00,4.0717,4.0827,4.0597,4.0662,4.0767,4.0877,4.0647,4.0712,109
2026-01-21 11:33:00,4.0682,4.0757,4.0612,4.0682,4.0732,4.0807,4.0662,4.0732,50
2026-01-21 11:34:00,4.0677,4.0687,4.0572,4.0592,4.0727,4.0737,4.0622,4.0642,45
2026-01-21 11:35:00,4.0587,4.0627,4.0482,4.0577,4.0637,4.0677,4.0532,4.0627,54
2026-01-21 11:36:00,4.0587,4.0707,4.0582,4.0682,4.0637,4.0757,4.0632,4.0732,72
2026-01-21 11:37:00,4.0677,4.0847,4.0657,4.0702,4.0727,4.0897,4.0707,4.0752,95
2026-01-21 11:38:00,4.0712,4.0752,4.0662,4.0682,4.0762,4.0802,4.0712,4.0732,42
2026-01-21 11:39:00,4.0687,4.1037,4.0612,4.0977,4.0737,4.1087,4.0662,4.1027,135
2026-01-21 11:40:00,4.0997,4.1052,4.0922,4.0967,4.1047,4.1102,4.0972,4.1017,81
2026-01-21 11:41:00,4.0962,4.0962,4.0822,4.0837,4.1012,4.1012,4.0872,4.0887,59
2026-01-21 11:42:00,4.0832,4.1007,4.0812,4.1007,4.0882,4.1057,4.0862,4.1057,49
2026-01-21 11:43:00,4.1027,4.1047,4.0727,4.0812,4.1077,4.1097,4.0777,4.0862,77
2026-01-21 11:44:00,4.0797,4.0797,4.0607,4.0617,4.0847,4.0847,4.0657,4.0667,45
2026-01-21 11:45:00,4.0612,4.0652,4.0487,4.0487,4.0662,4.0702,4.0537,4.0537,61
2026-01-21 11:46:00,4.0497,4.0502,4.0287,4.0347,4.0547,4.0552,4.0337,4.0397,143
2026-01-21 11:47:00,4.0342,4.0452,4.0252,4.0427,4.0392,4.0502,4.0302,4.0477,110
2026-01-21 11:48:00,4.0422,4.0427,4.0282,4.0327,4.0472,4.0477,4.0332,4.0377,55
2026-01-21 11:49:00,4.0322,4.0422,4.0297,4.0302,4.0372,4.0472,4.0347,4.0352,78
2026-01-21 11:50:00,4.0297,4.0522,4.0282,4.0517,4.0347,4.0572,4.0332,4.0567,74
2026-01-21 11:51:00,4.0522,4.0752,4.0437,4.0662,4.0572,4.0802,4.0487,4.0712,124
2026-01-21 11:52:00,4.0657,4.0957,4.0632,4.0817,4.0707,4.1007,4.0682,4.0867,124
2026-01-21 11:53:00,4.0792,4.0847,4.0672,4.0692,4.0842,4.0897,4.0722,4.0742,76
2026-01-21 11:54:00,4.0682,4.0832,4.0642,4.0807,4.0732,4.0882,4.0692,4.0857,50
2026-01-21 11:55:00,4.0812,4.0952,4.0742,4.0817,4.0862,4.1002,4.0792,4.0867,92
2026-01-21 11:56:00,4.0812,4.1352,4.0812,4.1282,4.0862,4.1402,4.0862,4.1332,142
2026-01-21 11:57:00,4.1267,4.1287,4.1097,4.1132,4.1317,4.1337,4.1147,4.1182,71
2026-01-21 11:58:00,4.1107,4.1392,4.1067,4.1377,4.1157,4.1442,4.1117,4.1427,116
2026-01-21 11:59:00,4.1367,4.1492,4.1197,4.1247,4.1417,4.1542,4.1247,4.1297,125
2026-01-21 12:00:00,4.1257,4.1402,4.1102,4.1102,4.1307,4.1452,4.1152,4.1152,117
2026-01-21 12:01:00,4.1112,4.1182,4.0842,4.0867,4.1162,4.1232,4.0892,4.0917,63
2026-01-21 12:02:00,4.0882,4.1102,4.0862,4.1042,4.0932,4.1152,4.0912,4.1092,74
2026-01-21 12:03:00,4.1032,4.1032,4.0612,4.0632,4.1082,4.1082,4.0662,4.0682,81
2026-01-21 12:04:00,4.0637,4.0662,4.0382,4.0392,4.0687,4.0712,4.0432,4.0442,78
2026-01-21 12:05:00,4.0397,4.0642,4.0392,4.0607,4.0447,4.0692,4.0442,4.0657,114
2026-01-21 12:06:00,4.0602,4.0832,4.0602,4.0737,4.0652,4.0882,4.0652,4.0787,127
2026-01-21 12:07:00,4.0732,4.0842,4.0647,4.0787,4.0782,4.0892,4.0697,4.0837,93
2026-01-21 12:08:00,4.0782,4.0832,4.0642,4.0732,4.0832,4.0882,4.0692,4.0782,111
2026-01-21 12:09:00,4.0737,4.0997,4.0707,4.0957,4.0787,4.1047,4.0757,4.1007,88
2026-01-21 12:10:00,4.0967,4.1247,4.0952,4.1177,4.1017,4.1297,4.1002,4.1227,146
2026-01-21 12:11:00,4.1182,4.1422,4.1167,4.1277,4.1232,4.1472,4.1217,4.1327,119
2026-01-21 12:12:00,4.1257,4.1317,4.1157,4.1287,4.1307,4.1367,4.1207,4.1337,109
2026-01-21 12:13:00,4.1282,4.1302,4.0907,4.1002,4.1332,4.1352,4.0957,4.1052,127
2026-01-21 12:14:00,4.0997,4.1207,4.0872,4.1187,4.1047,4.1257,4.0922,4.1237,98
2026-01-21 12:15:00,4.1192,4.1292,4.1187,4.1222,4.1242,4.1342,4.1237,4.1272,58
2026-01-21 12:16:00,4.1207,4.1257,4.1122,4.1232,4.1257,4.1307,4.1172,4.1282,70
2026-01-21 12:17:00,4.1217,4.1302,4.1107,4.1287,4.1267,4.1352,4.1157,4.1337,89
2026-01-21 12:18:00,4.1282,4.1637,4.1282,4.1637,4.1332,4.1687,4.1332,4.1687,136
2026-01-21 12:19:00,4.1642,4.1802,4.1487,4.1642,4.1692,4.1852,4.1537,4.1692,130
2026-01-21 12:20:00,4.1652,4.1947,4.1547,4.1912,4.1702,4.1997,4.1597,4.1962,124
2026-01-21 12:21:00,4.1907,4.1937,4.1797,4.1902,4.1957,4.1987,4.1847,4.1952,74
2026-01-21 12:22:00,4.1907,4.1932,4.1392,4.1417,4.1957,4.1982,4.1442,4.1467,118
2026-01-21 12:23:00,4.1412,4.1742,4.1397,4.1732,4.1462,4.1792,4.1447,4.1782,86
2026-01-21 12:24:00,4.1737,4.1742,4.1552,4.1637,4.1787,4.1792,4.1602,4.1687,86
2026-01-21 12:25:00,4.1632,4.1722,4.1577,4.1682,4.1682,4.1772,4.1627,4.1732,50
2026-01-21 12:26:00,4.1677,4.1717,4.1547,4.1632,4.1727,4.1767,4.1597,4.1682,82
2026-01-21 12:27:00,4.1622,4.1697,4.1532,4.1607,4.1672,4.1747,4.1582,4.1657,72
2026-01-21 12:28:00,4.1617,4.1797,4.1597,4.1727,4.1667,4.1847,4.1647,4.1777,56
2026-01-21 12:29:00,4.1737,4.1892,4.1737,4.1807,4.1787,4.1942,4.1787,4.1857,80
2026-01-21 12:30:00,4.1812,4.1872,4.1697,4.1822,4.1862,4.1922,4.1747,4.1872,94
2026-01-21 12:31:00,4.1832,4.1927,4.1797,4.1897,4.1882,4.1977,4.1847,4.1947,64
2026-01-21 12:32:00,4.1902,4.1957,4.1827,4.1842,4.1952,4.2007,4.1877,4.1892,70
2026-01-21 12:33:00,4.1832,4.1932,4.1792,4.1817,4.1882,4.1982,4.1842,4.1867,105
2026-01-21 12:34:00,4.1807,4.1807,4.1442,4.1537,4.1857,4.1857,4.1492,4.1587,136
2026-01-21 12:35:00,4.1542,4.1572,4.1022,4.1062,4.1592,4.1622,4.1072,4.1112,157
2026-01-21 12:36:00,4.1072,4.1147,4.1007,4.1022,4.1122,4.1197,4.1057,4.1072,70
2026-01-21 12:37:00,4.1027,4.1082,4.0782,4.0827,4.1077,4.1132,4.0832,4.0877,119
2026-01-21 12:38:00,4.0822,4.0827,4.0492,4.0542,4.0872,4.0877,4.0542,4.0592,112
2026-01-21 12:39:00,4.0517,4.0612,4.0317,4.0552,4.0567,4.0662,4.0367,4.0602,172
2026-01-21 12:40:00,4.0557,4.0627,4.0352,4.0542,4.0607,4.0677,4.0402,4.0592,132
2026-01-21 12:41:00,4.0557,4.0652,4.0552,4.0582,4.0607,4.0702,4.0602,4.0632,71
2026-01-21 12:42:00,4.0577,4.0587,4.0432,4.0482,4.0627,4.0637,4.0482,4.0532,73
2026-01-21 12:43:00,4.0477,4.0757,4.0467,4.0682,4.0527,4.0807,4.0517,4.0732,109
2026-01-21 12:44:00,4.0662,4.0732,4.0602,4.0602,4.0712,4.0782,4.0652,4.0652,77
2026-01-21 12:45:00,4.0597,4.0677,4.0447,4.0612,4.0647,4.0727,4.0497,4.0662,87
2026-01-21 12:46:00,4.0622,4.0627,4.0452,4.0577,4.0672,4.0677,4.0502,4.0627,90
2026-01-21 12:47:00,4.0572,4.0802,4.0572,4.0742,4.0622,4.0852,4.0622,4.0792,61
2026-01-21 12:48:00,4.0737,4.0742,4.0617,4.0687,4.0787,4.0792,4.0667,4.0737,52
2026-01-21 12:49:00,4.0682,4.0727,4.0612,4.0617,4.0732,4.0777,4.0662,4.0667,52
2026-01-21 12:50:00,4.0607,4.0607,4.0367,4.0447,4.0657,4.0657,4.0417,4.0497,94
2026-01-21 12:51:00,4.0442,4.0682,4.0427,4.0632,4.0492,4.0732,4.0477,4.0682,98
2026-01-21 12:52:00,4.0647,4.0722,4.0547,4.0697,4.0697,4.0772,4.0597,4.0747,55
2026-01-21 12:53:00,4.0692,4.0852,4.0672,4.0742,4.0742,4.0902,4.0722,4.0792,104
2026-01-21 12:54:00,4.0737,4.0777,4.0582,4.0672,4.0787,4.0827,4.0632,4.0722,85
2026-01-21 12:55:00,4.0677,4.0792,4.0607,4.0627,4.0727,4.0842,4.0657,4.0677,91
2026-01-21 12:56:00,4.0622,4.0707,4.0597,4.0652,4.0672,4.0757,4.0647,4.0702,46
2026-01-21 12:57:00,4.0642,4.0812,4.0567,4.0747,4.0692,4.0862,4.0617,4.0797,77
2026-01-21 12:58:00,4.0737,4.0812,4.0672,4.0772,4.0787,4.0862,4.0722,4.0822,52
2026-01-21 12:59:00,4.0777,4.0802,4.0627,4.0647,4.0827,4.0852,4.0677,4.0697,81
2026-01-21 13:00:00,4.0632,4.0797,4.0522,4.0762,4.0682,4.0847,4.0572,4.0812,162
2026-01-21 13:01:00,4.0757,4.0772,4.0627,4.0657,4.0807,4.0822,4.0677,4.0707,68
2026-01-21 13:02:00,4.0667,4.0667,4.0522,4.0577,4.0717,4.0717,4.0572,4.0627,60
2026-01-21 13:03:00,4.0582,4.0707,4.0552,4.0577,4.0632,4.0757,4.0602,4.0627,66
2026-01-21 13:04:00,4.0572,4.0642,4.0437,4.0582,4.0622,4.0692,4.0487,4.0632,85
2026-01-21 13:05:00,4.0577,4.0627,4.0412,4.0562,4.0627,4.0677,4.0462,4.0612,62
2026-01-21 13:06:00,4.0552,4.0647,4.0452,4.0607,4.0602,4.0697,4.0502,4.0657,72
2026-01-21 13:07:00,4.0602,4.0817,4.0532,4.0792,4.0652,4.0867,4.0582,4.0842,98
2026-01-21 13:08:00,4.0787,4.1042,4.0762,4.1037,4.0837,4.1092,4.0812,4.1087,86
2026-01-21 13:09:00,4.1042,4.1052,4.0882,4.0957,4.1092,4.1102,4.0932,4.1007,71
2026-01-21 13:10:00,4.0962,4.1047,4.0862,4.0907,4.1012,4.1097,4.0912,4.0957,101
2026-01-21 13:11:00,4.0902,4.0942,4.0852,4.0927,4.0952,4.0992,4.0902,4.0977,64
2026-01-21 13:12:00,4.0932,4.1212,4.0922,4.1212,4.0982,4.1262,4.0972,4.1262,83
2026-01-21 13:13:00,4.1207,4.1272,4.0867,4.1082,4.1257,4.1322,4.0917,4.1132,99
2026-01-21 13:14:00,4.1092,4.1112,4.0762,4.1027,4.1142,4.1162,4.0812,4.1077,95
2026-01-21 13:15:00,4.1022,4.1052,4.0857,4.0857,4.1072,4.1102,4.0907,4.0907,45
2026-01-21 13:16:00,4.0867,4.0892,4.0677,4.0837,4.0917,4.0942,4.0727,4.0887,84
2026-01-21 13:17:00,4.0827,4.1162,4.0827,4.1042,4.0877,4.1212,4.0877,4.1092,91
2026-01-21 13:18:00,4.1032,4.1102,4.1002,4.1082,4.1082,4.1152,4.1052,4.1132,59
2026-01-21 13:19:00,4.1077,4.1312,4.1077,4.1287,4.1127,4.1362,4.1127,4.1337,57
2026-01-21 13:20:00,4.1272,4.1382,4.1127,4.1262,4.1322,4.1432,4.1177,4.1312,99
2026-01-21 13:21:00,4.1267,4.1322,4.1172,4.1282,4.1317,4.1372,4.1222,4.1332,78
2026-01-21 13:22:00,4.1277,4.1782,4.1277,4.1782,4.1327,4.1832,4.1327,4.1832,174
2026-01-21 13:23:00,4.1772,4.1772,4.1527,4.1557,4.1822,4.1822,4.1577,4.1607,114
2026-01-21 13:24:00,4.1552,4.1932,4.1462,4.1847,4.1602,4.1982,4.1512,4.1897,103
2026-01-21 13:25:00,4.1852,4.1952,4.1557,4.1632,4.1902,4.2002,4.1607,4.1682,115
2026-01-21 13:26:00,4.1622,4.1927,4.1542,4.1872,4.1672,4.1977,4.1592,4.1922,119
2026-01-21 13:27:00,4.1862,4.1942,4.1807,4.1862,4.1912,4.1992,4.1857,4.1912,110
2026-01-21 13:28:00,4.1877,4.1887,4.1712,4.1772,4.1927,4.1937,4.1762,4.1822,71
2026-01-21 13:29:00,4.1762,4.1922,4.1727,4.1817,4.1812,4.1972,4.1777,4.1867,107
2026-01-21 13:30:00,4.1822,4.1887,4.1377,4.1402,4.1872,4.1937,4.1427,4.1452,152
2026-01-21 13:31:00,4.1392,4.1572,4.1347,4.1447,4.1442,4.1622,4.1397,4.1497,139
2026-01-21 13:32:00,4.1452,4.1507,4.1302,4.1412,4.1502,4.1557,4.1352,4.1462,122
2026-01-21 13:33:00,4.1407,4.1652,4.1377,4.1592,4.1457,4.1702,4.1427,4.1642,155
2026-01-21 13:34:00,4.1602,4.1902,4.1597,4.1852,4.1652,4.1952,4.1647,4.1902,133
2026-01-21 13:35:00,4.1837,4.1847,4.1692,4.1797,4.1887,4.1897,4.1742,4.1847,97
2026-01-21 13:36:00,4.1792,4.1857,4.1757,4.1812,4.1842,4.1907,4.1807,4.1862,88
2026-01-21 13:37:00,4.1807,4.1932,4.1647,4.1667,4.1857,4.1982,4.1697,4.1717,184
2026-01-21 13:38:00,4.1662,4.1757,4.1582,4.1627,4.1712,4.1807,4.1632,4.1677,103
2026-01-21 13:39:00,4.1622,4.1717,4.1457,4.1462,4.1672,4.1767,4.1507,4.1512,111
2026-01-21 13:40:00,4.1452,4.1472,4.1332,4.1357,4.1502,4.1522,4.1382,4.1407,117
2026-01-21 13:41:00,4.1352,4.1352,4.1082,4.1087,4.1402,4.1402,4.1132,4.1137,119
2026-01-21 13:42:00,4.1082,4.1462,4.1072,4.1172,4.1132,4.1512,4.1122,4.1222,163
2026-01-21 13:43:00,4.1177,4.1242,4.1052,4.1082,4.1227,4.1292,4.1102,4.1132,90
2026-01-21 13:44:00,4.1077,4.1127,4.0977,4.1102,4.1127,4.1177,4.1027,4.1152,91
2026-01-21 13:45:00,4.1112,4.1187,4.1037,4.1107,4.1162,4.1237,4.1087,4.1157,89
2026-01-21 13:46:00,4.1097,4.1237,4.1067,4.1067,4.1147,4.1287,4.1117,4.1117,82
2026-01-21 13:47:00,4.1072,4.1167,4.0992,4.1007,4.1122,4.1217,4.1042,4.1057,90
2026-01-21 13:48:00,4.1012,4.1107,4.0987,4.1027,4.1062,4.1157,4.1037,4.1077,90
2026-01-21 13:49:00,4.1037,4.1222,4.1037,4.1217,4.1087,4.1272,4.1087,4.1267,81
2026-01-21 13:50:00,4.1222,4.1322,4.1167,4.1322,4.1272,4.1372,4.1217,4.1372,127
2026-01-21 13:51:00,4.1332,4.1362,4.1232,4.1242,4.1382,4.1412,4.1282,4.1292,83
2026-01-21 13:52:00,4.1232,4.1297,4.1042,4.1212,4.1282,4.1347,4.1092,4.1262,166
2026-01-21 13:53:00,4.1202,4.1362,4.1167,4.1352,4.1252,4.1412,4.1217,4.1402,109
2026-01-21 13:54:00,4.1342,4.1552,4.1342,4.1542,4.1392,4.1602,4.1392,4.1592,166
2026-01-21 13:55:00,4.1552,4.1592,4.1057,4.1087,4.1602,4.1642,4.1107,4.1137,189
2026-01-21 13:56:00,4.1077,4.1377,4.1057,4.1172,4.1127,4.1427,4.1107,4.1222,139
2026-01-21 13:57:00,4.1162,4.1162,4.1032,4.1042,4.1212,4.1212,4.1082,4.1092,119
2026-01-21 13:58:00,4.1037,4.1302,4.0872,4.1252,4.1087,4.1352,4.0922,4.1302,134
2026-01-21 13:59:00,4.1247,4.1247,4.1002,4.1062,4.1297,4.1297,4.1052,4.1112,94
2026-01-21 14:00:00,4.1057,4.1347,4.0992,4.1302,4.1107,4.1397,4.1042,4.1352,162
2026-01-21 14:01:00,4.1312,4.1622,4.1262,4.1567,4.1362,4.1672,4.1312,4.1617,187
2026-01-21 14:02:00,4.1562,4.1672,4.1477,4.1647,4.1612,4.1722,4.1527,4.1697,131
2026-01-21 14:03:00,4.1652,4.1662,4.1402,4.1437,4.1702,4.1712,4.1452,4.1487,163
2026-01-21 14:04:00,4.1442,4.1477,4.1252,4.1412,4.1492,4.1527,4.1302,4.1462,172
2026-01-21 14:05:00,4.1422,4.1682,4.1402,4.1617,4.1472,4.1732,4.1452,4.1667,198
2026-01-21 14:06:00,4.1612,4.1827,4.1582,4.1817,4.1662,4.1877,4.1632,4.1867,184
2026-01-21 14:07:00,4.1822,4.2362,4.1822,4.2317,4.1872,4.2412,4.1872,4.2367,173
2026-01-21 14:08:00,4.2307,4.2577,4.2267,4.2372,4.2357,4.2627,4.2317,4.2422,255
2026-01-21 14:09:00,4.2377,4.2502,4.2312,4.2407,4.2427,4.2552,4.2362,4.2457,178
2026-01-21 14:10:00,4.2402,4.2767,4.2352,4.2617,4.2452,4.2817,4.2402,4.2667,256
2026-01-21 14:11:00,4.2622,4.2812,4.2622,4.2732,4.2672,4.2862,4.2672,4.2782,206
2026-01-21 14:12:00,4.2722,4.3062,4.2537,4.2957,4.2772,4.3112,4.2587,4.3007,260
2026-01-21 14:13:00,4.2937,4.3042,4.2792,4.2992,4.2987,4.3092,4.2842,4.3042,247
2026-01-21 14:14:00,4.2977,4.3092,4.2812,4.2917,4.3027,4.3142,4.2862,4.2967,166
2026-01-21 14:15:00,4.2902,4.2937,4.2622,4.2662,4.2952,4.2987,4.2672,4.2712,155
2026-01-21 14:16:00,4.2657,4.2722,4.2492,4.2537,4.2707,4.2772,4.2542,4.2587,166
2026-01-21 14:17:00,4.2552,4.2757,4.2487,4.2737,4.2602,4.2807,4.2537,4.2787,120
2026-01-21 14:18:00,4.2742,4.3082,4.2702,4.2962,4.2792,4.3132,4.2752,4.3012,214
2026-01-21 14:19:00,4.2952,4.3007,4.2702,4.2737,4.3002,4.3057,4.2752,4.2787,115
2026-01-21 14:20:00,4.2732,4.2912,4.2642,4.2907,4.2782,4.2962,4.2692,4.2957,197
2026-01-21 14:21:00,4.2902,4.2927,4.2632,4.2667,4.2952,4.2977,4.2682,4.2717,127
2026-01-21 14:22:00,4.2672,4.2677,4.2452,4.2462,4.2722,4.2727,4.2502,4.2512,151
2026-01-21 14:23:00,4.2467,4.2672,4.2452,4.2592,4.2517,4.2722,4.2502,4.2642,138
2026-01-21 14:24:00,4.2607,4.2767,4.2602,4.2682,4.2657,4.2817,4.2652,4.2732,163
2026-01-21 14:25:00,4.2677,4.2842,4.2662,4.2702,4.2727,4.2892,4.2712,4.2752,201
2026-01-21 14:26:00,4.2712,4.2732,4.2427,4.2427,4.2762,4.2782,4.2477,4.2477,130
2026-01-21 14:27:00,4.2442,4.2452,4.2242,4.2272,4.2492,4.2502,4.2292,4.2322,150
2026-01-21 14:28:00,4.2277,4.2292,4.2132,4.2142,4.2327,4.2342,4.2182,4.2192,138
2026-01-21 14:29:00,4.2152,4.2152,4.2032,4.2047,4.2202,4.2202,4.2082,4.2097,115
2026-01-21 14:30:00,4.2057,4.2142,4.1802,4.1852,4.2107,4.2192,4.1852,4.1902,167
2026-01-21 14:31:00,4.1847,4.1992,4.1787,4.1852,4.1897,4.2042,4.1837,4.1902,136
2026-01-21 14:32:00,4.1857,4.1907,4.1672,4.1727,4.1907,4.1957,4.1722,4.1777,152
2026-01-21 14:33:00,4.1742,4.2052,4.1742,4.1927,4.1792,4.2102,4.1792,4.1977,172
2026-01-21 14:34:00,4.1922,4.1942,4.1777,4.1827,4.1972,4.1992,4.1827,4.1877,112
2026-01-21 14:35:00,4.1817,4.1897,4.1587,4.1607,4.1867,4.1947,4.1637,4.1657,151
2026-01-21 14:36:00,4.1617,4.1652,4.1527,4.1627,4.1667,4.1702,4.1577,4.1677,126
2026-01-21 14:37:00,4.1632,4.1767,4.1612,4.1712,4.1682,4.1817,4.1662,4.1762,130
2026-01-21 14:38:00,4.1717,4.1732,4.1452,4.1492,4.1767,4.1782,4.1502,4.1542,130
2026-01-21 14:39:00,4.1502,4.1517,4.1237,4.1417,4.1552,4.1567,4.1287,4.1467,112
2026-01-21 14:40:00,4.1407,4.1577,4.1282,4.1492,4.1457,4.1627,4.1332,4.1542,128
2026-01-21 14:41:00,4.1497,4.1497,4.1282,4.1312,4.1547,4.1547,4.1332,4.1362,71
2026-01-21 14:42:00,4.1317,4.1442,4.1232,4.1262,4.1367,4.1492,4.1282,4.1312,146
2026-01-21 14:43:00,4.1267,4.1417,4.1242,4.1257,4.1317,4.1467,4.1292,4.1307,95
2026-01-21 14:44:00,4.1262,4.1262,4.1072,4.1187,4.1312,4.1312,4.1122,4.1237,108
2026-01-21 14:45:00,4.1192,4.1192,4.1057,4.1152,4.1242,4.1242,4.1107,4.1202,81
2026-01-21 14:46:00,4.1162,4.1342,4.1127,4.1312,4.1212,4.1392,4.1177,4.1362,106
2026-01-21 14:47:00,4.1302,4.1712,4.1292,4.1642,4.1352,4.1762,4.1342,4.1692,235
2026-01-21 14:48:00,4.1632,4.1717,4.1542,4.1717,4.1682,4.1767,4.1592,4.1767,122
2026-01-21 14:49:00,4.1722,4.1792,4.1622,4.1697,4.1772,4.1842,4.1672,4.1747,133
2026-01-21 14:50:00,4.1692,4.1797,4.1622,4.1797,4.1742,4.1847,4.1672,4.1847,141
2026-01-21 14:51:00,4.1792,4.2337,4.1742,4.2327,4.1842,4.2387,4.1792,4.2377,205
2026-01-21 14:52:00,4.2317,4.2502,4.2162,4.2287,4.2367,4.2552,4.2212,4.2337,227
2026-01-21 14:53:00,4.2292,4.2497,4.2212,4.2422,4.2342,4.2547,4.2262,4.2472,142
2026-01-21 14:54:00,4.2407,4.2547,4.2377,4.2417,4.2457,4.2597,4.2427,4.2467,140
2026-01-21 14:55:00,4.2407,4.2562,4.2352,4.2467,4.2457,4.2612,4.2402,4.2517,145
2026-01-21 14:56:00,4.2462,4.2612,4.2362,4.2452,4.2512,4.2662,4.2412,4.2502,128
2026-01-21 14:57:00,4.2447,4.2512,4.2382,4.2482,4.2497,4.2562,4.2432,4.2532,99
2026-01-21 14:58:00,4.2477,4.2477,4.2152,4.2282,4.2527,4.2527,4.2202,4.2332,143
2026-01-21 14:59:00,4.2277,4.2362,4.2102,4.2282,4.2327,4.2412,4.2152,4.2332,161
2026-01-21 15:00:00,4.2297,4.2537,4.2137,4.2287,4.2347,4.2587,4.2187,4.2337,255
2026-01-21 15:01:00,4.2282,4.2347,4.2117,4.2332,4.2332,4.2397,4.2167,4.2382,173
2026-01-21 15:02:00,4.2342,4.2457,4.2227,4.2307,4.2392,4.2507,4.2277,4.2357,128
2026-01-21 15:03:00,4.2302,4.2577,4.2267,4.2557,4.2352,4.2627,4.2317,4.2607,136
2026-01-21 15:04:00,4.2562,4.2792,4.2562,4.2657,4.2612,4.2842,4.2612,4.2707,157
2026-01-21 15:05:00,4.2662,4.2762,4.2557,4.2577,4.2712,4.2812,4.2607,4.2627,124
2026-01-21 15:06:00,4.2572,4.2577,4.2147,4.2292,4.2622,4.2627,4.2197,4.2342,161
2026-01-21 15:07:00,4.2297,4.2337,4.2132,4.2317,4.2347,4.2387,4.2182,4.2367,111
2026-01-21 15:08:00,4.2312,4.2372,4.2222,4.2307,4.2362,4.2422,4.2272,4.2357,161
2026-01-21 15:09:00,4.2312,4.2522,4.2202,4.2447,4.2362,4.2572,4.2252,4.2497,122
2026-01-21 15:10:00,4.2442,4.2567,4.2402,4.2457,4.2492,4.2617,4.2452,4.2507,92
2026-01-21 15:11:00,4.2452,4.2517,4.2207,4.2357,4.2502,4.2567,4.2257,4.2407,133
2026-01-21 15:12:00,4.2352,4.2392,4.2147,4.2302,4.2402,4.2442,4.2197,4.2352,127
2026-01-21 15:13:00,4.2297,4.2377,4.2167,4.2322,4.2347,4.2427,4.2217,4.2372,94
2026-01-21 15:14:00,4.2332,4.2452,4.2272,4.2342,4.2382,4.2502,4.2322,4.2392,87
2026-01-21 15:15:00,4.2347,4.2412,4.2217,4.2307,4.2397,4.2462,4.2267,4.2357,107
2026-01-21 15:16:00,4.2302,4.2407,4.2197,4.2347,4.2352,4.2457,4.2247,4.2397,153
2026-01-21 15:17:00,4.2352,4.2387,4.2282,4.2327,4.2402,4.2437,4.2332,4.2377,79
2026-01-21 15:18:00,4.2332,4.2402,4.2122,4.2122,4.2382,4.2452,4.2172,4.2172,128
2026-01-21 15:19:00,4.2107,4.2107,4.1852,4.2047,4.2157,4.2157,4.1902,4.2097,163
2026-01-21 15:20:00,4.2057,4.2247,4.2057,4.2132,4.2107,4.2297,4.2107,4.2182,139
2026-01-21 15:21:00,4.2137,4.2292,4.2127,4.2187,4.2187,4.2342,4.2177,4.2237,92
2026-01-21 15:22:00,4.2192,4.2262,4.2067,4.2132,4.2242,4.2312,4.2117,4.2182,111
2026-01-21 15:23:00,4.2122,4.2162,4.1892,4.1967,4.2172,4.2212,4.1942,4.2017,139
2026-01-21 15:24:00,4.1962,4.2072,4.1847,4.1847,4.2012,4.2122,4.1897,4.1897,160
2026-01-21 15:25:00,4.1852,4.1962,4.1727,4.1952,4.1902,4.2012,4.1777,4.2002,215
2026-01-21 15:26:00,4.1957,4.2107,4.1892,4.2072,4.2007,4.2157,4.1942,4.2122,126
2026-01-21 15:27:00,4.2082,4.2302,4.2082,4.2177,4.2132,4.2352,4.2132,4.2227,134
2026-01-21 15:28:00,4.2172,4.2192,4.1987,4.1997,4.2222,4.2242,4.2037,4.2047,117
2026-01-21 15:29:00,4.1992,4.2167,4.1982,4.2072,4.2042,4.2217,4.2032,4.2122,135
2026-01-21 15:30:00,4.2057,4.2102,4.1892,4.2047,4.2107,4.2152,4.1942,4.2097,209
2026-01-21 15:31:00,4.2052,4.2072,4.1792,4.1822,4.2102,4.2122,4.1842,4.1872,186
2026-01-21 15:32:00,4.1812,4.1817,4.1432,4.1442,4.1862,4.1867,4.1482,4.1492,181
2026-01-21 15:33:00,4.1427,4.1512,4.1257,4.1492,4.1477,4.1562,4.1307,4.1542,188
2026-01-21 15:34:00,4.1482,4.1882,4.1477,4.1842,4.1532,4.1932,4.1527,4.1892,162
2026-01-21 15:35:00,4.1847,4.2077,4.1842,4.2007,4.1897,4.2127,4.1892,4.2057,172
2026-01-21 15:36:00,4.2012,4.2147,4.1992,4.2147,4.2062,4.2197,4.2042,4.2197,122
2026-01-21 15:37:00,4.2142,4.2312,4.2132,4.2272,4.2192,4.2362,4.2182,4.2322,205
2026-01-21 15:38:00,4.2267,4.2312,4.2172,4.2192,4.2317,4.2362,4.2222,4.2242,175
2026-01-21 15:39:00,4.2187,4.2312,4.2142,4.2172,4.2237,4.2362,4.2192,4.2222,151
2026-01-21 15:40:00,4.2167,4.2197,4.2022,4.2047,4.2217,4.2247,4.2072,4.2097,107
2026-01-21 15:41:00,4.2062,4.2217,4.2032,4.2217,4.2112,4.2267,4.2082,4.2267,113
2026-01-21 15:42:00,4.2232,4.2292,4.2202,4.2242,4.2282,4.2342,4.2252,4.2292,102
2026-01-21 15:43:00,4.2247,4.2277,4.2157,4.2242,4.2297,4.2327,4.2207,4.2292,122
2026-01-21 15:44:00,4.2227,4.2312,4.2207,4.2307,4.2277,4.2362,4.2257,4.2357,78
2026-01-21 15:45:00,4.2302,4.2472,4.2227,4.2352,4.2352,4.2522,4.2277,4.2402,135
2026-01-21 15:46:00,4.2367,4.2732,4.2302,4.2717,4.2417,4.2782,4.2352,4.2767,163
2026-01-21 15:47:00,4.2727,4.2977,4.2712,4.2742,4.2777,4.3027,4.2762,4.2792,155
2026-01-21 15:48:00,4.2737,4.3272,4.2692,4.2987,4.2787,4.3322,4.2742,4.3037,287
2026-01-21 15:49:00,4.2982,4.3112,4.2932,4.2987,4.3032,4.3162,4.2982,4.3037,155
2026-01-21 15:50:00,4.2992,4.3087,4.2792,4.2887,4.3042,4.3137,4.2842,4.2937,134
2026-01-21 15:51:00,4.2897,4.2937,4.2832,4.2887,4.2947,4.2987,4.2882,4.2937,106
2026-01-21 15:52:00,4.2892,4.2967,4.2837,4.2947,4.2942,4.3017,4.2887,4.2997,92
2026-01-21 15:53:00,4.2952,4.3157,4.2952,4.3102,4.3002,4.3207,4.3002,4.3152,138
2026-01-21 15:54:00,4.3097,4.3182,4.3042,4.3072,4.3147,4.3232,4.3092,4.3122,115
2026-01-21 15:55:00,4.3062,4.3237,4.3027,4.3102,4.3112,4.3287,4.3077,4.3152,150
2026-01-21 15:56:00,4.3107,4.3207,4.3102,4.3177,4.3157,4.3257,4.3152,4.3227,85
2026-01-21 15:57:00,4.3187,4.3512,4.3157,4.3502,4.3237,4.3562,4.3207,4.3552,160
2026-01-21 15:58:00,4.3497,4.3737,4.3447,4.3572,4.3547,4.3787,4.3497,4.3622,214
2026-01-21 15:59:00,4.3577,4.3702,4.3522,4.3672,4.3627,4.3752,4.3572,4.3722,103
2026-01-21 16:00:00,4.3702,4.4007,4.3662,4.3847,4.3752,4.4057,4.3712,4.3897,201
2026-01-21 16:01:00,4.3852,4.3852,4.3632,4.3752,4.3902,4.3902,4.3682,4.3802,144
2026-01-21 16:02:00,4.3757,4.3872,4.3612,4.3842,4.3807,4.3922,4.3662,4.3892,157
2026-01-21 16:03:00,4.3857,4.4142,4.3822,4.3987,4.3907,4.4192,4.3872,4.4037,231
2026-01-21 16:04:00,4.3992,4.4037,4.3922,4.3947,4.4042,4.4087,4.3972,4.3997,111
2026-01-21 16:05:00,4.3942,4.4002,4.3882,4.3922,4.3992,4.4052,4.3932,4.3972,152
2026-01-21 16:06:00,4.3917,4.3937,4.3702,4.3762,4.3967,4.3987,4.3752,4.3812,194
2026-01-21 16:07:00,4.3722,4.3722,4.3442,4.3512,4.3772,4.3772,4.3492,4.3562,211
2026-01-21 16:08:00,4.3507,4.3652,4.3507,4.3547,4.3557,4.3702,4.3557,4.3597,112
2026-01-21 16:09:00,4.3542,4.3582,4.3132,4.3162,4.3592,4.3632,4.3182,4.3212,203
2026-01-21 16:10:00,4.3157,4.3297,4.3092,4.3297,4.3207,4.3347,4.3142,4.3347,166
2026-01-21 16:11:00,4.3302,4.3302,4.3052,4.3062,4.3352,4.3352,4.3102,4.3112,128
2026-01-21 16:12:00,4.3082,4.3137,4.2942,4.3022,4.3132,4.3187,4.2992,4.3072,168
2026-01-21 16:13:00,4.3012,4.3017,4.2737,4.2887,4.3062,4.3067,4.2787,4.2937,163
2026-01-21 16:14:00,4.2882,4.2887,4.2817,4.2842,4.2932,4.2937,4.2867,4.2892,95
2026-01-21 16:15:00,4.2847,4.2972,4.2772,4.2917,4.2897,4.3022,4.2822,4.2967,144
2026-01-21 16:16:00,4.2912,4.3007,4.2852,4.2872,4.2962,4.3057,4.2902,4.2922,134
2026-01-21 16:17:00,4.2877,4.2927,4.2812,4.2822,4.2927,4.2977,4.2862,4.2872,109
2026-01-21 16:18:00,4.2817,4.2877,4.2722,4.2752,4.2867,4.2927,4.2772,4.2802,132
2026-01-21 16:19:00,4.2742,4.2862,4.2712,4.2772,4.2792,4.2912,4.2762,4.2822,126
2026-01-21 16:20:00,4.2787,4.2812,4.2587,4.2652,4.2837,4.2862,4.2637,4.2702,128
2026-01-21 16:21:00,4.2662,4.2747,4.2582,4.2717,4.2712,4.2797,4.2632,4.2767,136
2026-01-21 16:22:00,4.2707,4.2747,4.2547,4.2642,4.2757,4.2797,4.2597,4.2692,138
2026-01-21 16:23:00,4.2647,4.2667,4.2267,4.2302,4.2697,4.2717,4.2317,4.2352,196
2026-01-21 16:24:00,4.2312,4.2452,4.2302,4.2362,4.2362,4.2502,4.2352,4.2412,110
2026-01-21 16:25:00,4.2372,4.2402,4.2232,4.2302,4.2422,4.2452,4.2282,4.2352,134
2026-01-21 16:26:00,4.2322,4.2337,4.2222,4.2252,4.2372,4.2387,4.2272,4.2302,102
2026-01-21 16:27:00,4.2267,4.2322,4.2012,4.2132,4.2317,4.2372,4.2062,4.2182,143
2026-01-21 16:28:00,4.2137,4.2172,4.1837,4.1837,4.2187,4.2222,4.1887,4.1887,133
2026-01-21 16:29:00,4.1827,4.1947,4.1772,4.1852,4.1877,4.1997,4.1822,4.1902,144
2026-01-21 16:30:00,4.1867,4.1982,4.1772,4.1907,4.1917,4.2032,4.1822,4.1957,170
2026-01-21 16:31:00,4.1902,4.2072,4.1892,4.2002,4.1952,4.2122,4.1942,4.2052,198
2026-01-21 16:32:00,4.2012,4.2032,4.1772,4.1852,4.2062,4.2082,4.1822,4.1902,213
2026-01-21 16:33:00,4.1857,4.1862,4.1547,4.1602,4.1907,4.1912,4.1597,4.1652,208
2026-01-21 16:34:00,4.1592,4.1732,4.1552,4.1552,4.1642,4.1782,4.1602,4.1602,115
2026-01-21 16:35:00,4.1557,4.1572,4.1297,4.1367,4.1607,4.1622,4.1347,4.1417,180
2026-01-21 16:36:00,4.1372,4.1637,4.1247,4.1527,4.1422,4.1687,4.1297,4.1577,202
2026-01-21 16:37:00,4.1517,4.1812,4.1492,4.1782,4.1567,4.1862,4.1542,4.1832,219
2026-01-21 16:38:00,4.1772,4.1787,4.1582,4.1677,4.1822,4.1837,4.1632,4.1727,128
2026-01-21 16:39:00,4.1682,4.1782,4.1512,4.1542,4.1732,4.1832,4.1562,4.1592,127
2026-01-21 16:40:00,4.1532,4.1632,4.1432,4.1632,4.1582,4.1682,4.1482,4.1682,107
2026-01-21 16:41:00,4.1622,4.1752,4.1577,4.1682,4.1672,4.1802,4.1627,4.1732,156
2026-01-21 16:42:00,4.1672,4.1877,4.1652,4.1782,4.1722,4.1927,4.1702,4.1832,129
2026-01-21 16:43:00,4.1772,4.1832,4.1682,4.1822,4.1822,4.1882,4.1732,4.1872,147
2026-01-21 16:44:00,4.1827,4.1852,4.1732,4.1832,4.1877,4.1902,4.1782,4.1882,95
2026-01-21 16:45:00,4.1817,4.1887,4.1717,4.1802,4.1867,4.1937,4.1767,4.1852,134
2026-01-21 16:46:00,4.1797,4.1887,4.1687,4.1777,4.1847,4.1937,4.1737,4.1827,129
2026-01-21 16:47:00,4.1782,4.1967,4.1782,4.1857,4.1832,4.2017,4.1832,4.1907,98
2026-01-21 16:48:00,4.1862,4.2067,4.1842,4.1987,4.1912,4.2117,4.1892,4.2037,112
2026-01-21 16:49:00,4.1992,4.2032,4.1742,4.1747,4.2042,4.2082,4.1792,4.1797,143
2026-01-21 16:50:00,4.1757,4.1857,4.1347,4.1347,4.1807,4.1907,4.1397,4.1397,153
2026-01-21 16:51:00,4.1352,4.1382,4.1082,4.1212,4.1402,4.1432,4.1132,4.1262,162
2026-01-21 16:52:00,4.1207,4.1322,4.1182,4.1262,4.1257,4.1372,4.1232,4.1312,89
2026-01-21 16:53:00,4.1267,4.1387,4.0817,4.0942,4.1317,4.1437,4.0867,4.0992,122
2026-01-21 16:54:00,4.0932,4.0962,4.0552,4.0587,4.0982,4.1012,4.0602,4.0637,202
2026-01-21 16:55:00,4.0582,4.0902,4.0442,4.0887,4.0632,4.0952,4.0492,4.0937,204
2026-01-21 16:56:00,4.0882,4.0902,4.0557,4.0732,4.0932,4.0952,4.0607,4.0782,199
2026-01-21 16:57:00,4.0742,4.1202,4.0582,4.1202,4.0792,4.1252,4.0632,4.1252,184
2026-01-21 16:58:00,4.1192,4.1532,4.1192,4.1477,4.1242,4.1582,4.1242,4.1527,187
2026-01-21 16:59:00,4.1502,4.1502,4.1027,4.1172,4.1552,4.1552,4.1077,4.1222,145
2026-01-21 17:00:00,4.1162,4.1377,4.1147,4.1327,4.1212,4.1427,4.1197,4.1377,107
2026-01-21 17:01:00,4.1337,4.1482,4.1257,4.1347,4.1387,4.1532,4.1307,4.1397,105
2026-01-21 17:02:00,4.1337,4.1517,4.1302,4.1472,4.1387,4.1567,4.1352,4.1522,89
2026-01-21 17:03:00,4.1462,4.1672,4.1312,4.1662,4.1512,4.1722,4.1362,4.1712,143
2026-01-21 17:04:00,4.1647,4.1752,4.1642,4.1742,4.1697,4.1802,4.1692,4.1792,106
2026-01-21 17:05:00,4.1737,4.1757,4.1567,4.1652,4.1787,4.1807,4.1617,4.1702,96
2026-01-21 17:06:00,4.1637,4.1637,4.1132,4.1307,4.1687,4.1687,4.1182,4.1357,148
2026-01-21 17:07:00,4.1317,4.1337,4.1177,4.1202,4.1367,4.1387,4.1227,4.1252,70
2026-01-21 17:08:00,4.1197,4.1297,4.0797,4.0927,4.1247,4.1347,4.0847,4.0977,149
2026-01-21 17:09:00,4.0937,4.1167,4.0742,4.1027,4.0987,4.1217,4.0792,4.1077,182
2026-01-21 17:10:00,4.1022,4.1252,4.1007,4.1122,4.1072,4.1302,4.1057,4.1172,104
2026-01-21 17:11:00,4.1117,4.1322,4.1117,4.1177,4.1167,4.1372,4.1167,4.1227,90
2026-01-21 17:12:00,4.1172,4.1452,4.1152,4.1367,4.1222,4.1502,4.1202,4.1417,95
2026-01-21 17:13:00,4.1357,4.1437,4.1262,4.1277,4.1407,4.1487,4.1312,4.1327,69
2026-01-21 17:14:00,4.1287,4.1397,4.1232,4.1387,4.1337,4.1447,4.1282,4.1437,82
2026-01-21 17:15:00,4.1392,4.1407,4.1227,4.1327,4.1442,4.1457,4.1277,4.1377,101
2026-01-21 17:16:00,4.1317,4.1462,4.1207,4.1462,4.1367,4.1512,4.1257,4.1512,126
2026-01-21 17:17:00,4.1467,4.1657,4.1467,4.1592,4.1517,4.1707,4.1517,4.1642,112
2026-01-21 17:18:00,4.1587,4.1632,4.1527,4.1567,4.1637,4.1682,4.1577,4.1617,71
2026-01-21 17:19:00,4.1562,4.1827,4.1562,4.1642,4.1612,4.1877,4.1612,4.1692,121
2026-01-21 17:20:00,4.1632,4.1852,4.1617,4.1827,4.1682,4.1902,4.1667,4.1877,114
2026-01-21 17:21:00,4.1822,4.2112,4.1802,4.1977,4.1872,4.2162,4.1852,4.2027,145
2026-01-21 17:22:00,4.1972,4.2107,4.1922,4.2007,4.2022,4.2157,4.1972,4.2057,77
2026-01-21 17:23:00,4.1987,4.2037,4.1842,4.1972,4.2037,4.2087,4.1892,4.2022,103
2026-01-21 17:24:00,4.1987,4.2207,4.1967,4.2007,4.2037,4.2257,4.2017,4.2057,125
2026-01-21 17:25:00,4.2027,4.2177,4.1987,4.2092,4.2077,4.2227,4.2037,4.2142,106
2026-01-21 17:26:00,4.2082,4.2362,4.2082,4.2282,4.2132,4.2412,4.2132,4.2332,120
2026-01-21 17:27:00,4.2287,4.2497,4.2287,4.2442,4.2337,4.2547,4.2337,4.2492,118
2026-01-21 17:28:00,4.2437,4.2527,4.2222,4.2262,4.2487,4.2577,4.2272,4.2312,114
2026-01-21 17:29:00,4.2257,4.2437,4.2087,4.2137,4.2307,4.2487,4.2137,4.2187,118
2026-01-21 17:30:00,4.2147,4.2352,4.2112,4.2327,4.2197,4.2402,4.2162,4.2377,118
2026-01-21 17:31:00,4.2337,4.2422,4.2322,4.2367,4.2387,4.2472,4.2372,4.2417,88
2026-01-21 17:32:00,4.2372,4.2697,4.2342,4.2697,4.2422,4.2747,4.2392,4.2747,130
2026-01-21 17:33:00,4.2702,4.2707,4.2547,4.2557,4.2752,4.2757,4.2597,4.2607,76
2026-01-21 17:34:00,4.2567,4.2577,4.2322,4.2382,4.2617,4.2627,4.2372,4.2432,92
2026-01-21 17:35:00,4.2397,4.2397,4.1882,4.1902,4.2447,4.2447,4.1932,4.1952,147
2026-01-21 17:36:00,4.1912,4.1992,4.1762,4.1782,4.1962,4.2042,4.1812,4.1832,124
2026-01-21 17:37:00,4.1777,4.1872,4.1702,4.1717,4.1827,4.1922,4.1752,4.1767,91
2026-01-21 17:38:00,4.1722,4.1792,4.1592,4.1707,4.1772,4.1842,4.1642,4.1757,119
2026-01-21 17:39:00,4.1717,4.1787,4.1532,4.1552,4.1767,4.1837,4.1582,4.1602,125
2026-01-21 17:40:00,4.1542,4.1752,4.1377,4.1677,4.1592,4.1802,4.1427,4.1727,164
2026-01-21 17:41:00,4.1682,4.1762,4.1617,4.1692,4.1732,4.1812,4.1667,4.1742,90
2026-01-21 17:42:00,4.1687,4.1827,4.1682,4.1822,4.1737,4.1877,4.1732,4.1872,95
2026-01-21 17:43:00,4.1827,4.1947,4.1822,4.1902,4.1877,4.1997,4.1872,4.1952,47
2026-01-21 17:44:00,4.1897,4.1917,4.1837,4.1862,4.1947,4.1967,4.1887,4.1912,67
2026-01-21 17:45:00,4.1867,4.1987,4.1792,4.1877,4.1917,4.2037,4.1842,4.1927,65
2026-01-21 17:46:00,4.1867,4.1892,4.1617,4.1657,4.1917,4.1942,4.1667,4.1707,81
2026-01-21 17:47:00,4.1667,4.1667,4.1437,4.1547,4.1717,4.1717,4.1487,4.1597,80
2026-01-21 17:48:00,4.1537,4.1612,4.1372,4.1512,4.1587,4.1662,4.1422,4.1562,101
2026-01-21 17:49:00,4.1517,4.1682,4.1472,4.1502,4.1567,4.1732,4.1522,4.1552,73
2026-01-21 17:50:00,4.1507,4.1672,4.1432,4.1657,4.1557,4.1722,4.1482,4.1707,82
2026-01-21 17:51:00,4.1662,4.1802,4.1647,4.1742,4.1712,4.1852,4.1697,4.1792,67
2026-01-21 17:52:00,4.1737,4.1737,4.1617,4.1637,4.1787,4.1787,4.1667,4.1687,48
2026-01-21 17:53:00,4.1627,4.1642,4.1457,4.1507,4.1677,4.1692,4.1507,4.1557,45
2026-01-21 17:54:00,4.1517,4.1592,4.1442,4.1572,4.1567,4.1642,4.1492,4.1622,62
2026-01-21 17:55:00,4.1567,4.1677,4.1507,4.1642,4.1617,4.1727,4.1557,4.1692,54
2026-01-21 17:56:00,4.1637,4.1727,4.1602,4.1617,4.1687,4.1777,4.1652,4.1667,72
2026-01-21 17:57:00,4.1607,4.2082,4.1607,4.2072,4.1657,4.2132,4.1657,4.2122,110
2026-01-21 17:58:00,4.2067,4.2377,4.2067,4.2292,4.2117,4.2427,4.2117,4.2342,96
2026-01-21 17:59:00,4.2297,4.2502,4.2257,4.2447,4.2347,4.2552,4.2307,4.2497,119
2026-01-21 18:00:00,4.2442,4.2652,4.2422,4.2517,4.2492,4.2702,4.2472,4.2567,176
2026-01-21 18:01:00,4.2502,4.2552,4.2252,4.2272,4.2552,4.2602,4.2302,4.2322,144
2026-01-21 18:02:00,4.2267,4.2267,4.2062,4.2077,4.2317,4.2317,4.2112,4.2127,67
2026-01-21 18:03:00,4.2082,4.2097,4.1872,4.1992,4.2132,4.2147,4.1922,4.2042,93
2026-01-21 18:04:00,4.1987,4.1987,4.1702,4.1702,4.2037,4.2037,4.1752,4.1752,63
2026-01-21 18:05:00,4.1712,4.1922,4.1702,4.1872,4.1762,4.1972,4.1752,4.1922,97
2026-01-21 18:06:00,4.1862,4.2027,4.1847,4.1977,4.1912,4.2077,4.1897,4.2027,86
2026-01-21 18:07:00,4.1972,4.1997,4.1917,4.1952,4.2022,4.2047,4.1967,4.2002,47
2026-01-21 18:08:00,4.1947,4.2117,4.1917,4.2007,4.1997,4.2167,4.1967,4.2057,76
2026-01-21 18:09:00,4.2012,4.2252,4.1992,4.2232,4.2062,4.2302,4.2042,4.2282,70
2026-01-21 18:10:00,4.2227,4.2342,4.2212,4.2272,4.2277,4.2392,4.2262,4.2322,64
2026-01-21 18:11:00,4.2267,4.2362,4.2227,4.2312,4.2317,4.2412,4.2277,4.2362,62
2026-01-21 18:12:00,4.2332,4.2382,4.2142,4.2167,4.2382,4.2432,4.2192,4.2217,82
2026-01-21 18:13:00,4.2177,4.2272,4.2167,4.2212,4.2227,4.2322,4.2217,4.2262,54
2026-01-21 18:14:00,4.2207,4.2317,4.2182,4.2222,4.2257,4.2367,4.2232,4.2272,63
2026-01-21 18:15:00,4.2207,4.2242,4.2112,4.2212,4.2257,4.2292,4.2162,4.2262,91
2026-01-21 18:16:00,4.2227,4.2302,4.2012,4.2017,4.2277,4.2352,4.2062,4.2067,87
2026-01-21 18:17:00,4.2027,4.2027,4.1822,4.1857,4.2077,4.2077,4.1872,4.1907,61
2026-01-21 18:18:00,4.1852,4.1892,4.1812,4.1882,4.1902,4.1942,4.1862,4.1932,60
2026-01-21 18:19:00,4.1877,4.1947,4.1717,4.1827,4.1927,4.1997,4.1767,4.1877,66
2026-01-21 18:20:00,4.1827,4.1982,4.1812,4.1957,4.1877,4.2032,4.1862,4.2007,76
2026-01-21 18:21:00,4.1952,4.2192,4.1952,4.2157,4.2002,4.2242,4.2002,4.2207,115
2026-01-21 18:22:00,4.2162,4.2182,4.2082,4.2107,4.2212,4.2232,4.2132,4.2157,52
2026-01-21 18:23:00,4.2112,4.2257,4.2087,4.2187,4.2162,4.2307,4.2137,4.2237,62
2026-01-21 18:24:00,4.2177,4.2197,4.2097,4.2137,4.2227,4.2247,4.2147,4.2187,75
2026-01-21 18:25:00,4.2157,4.2302,4.2142,4.2172,4.2207,4.2352,4.2192,4.2222,55
2026-01-21 18:26:00,4.2162,4.2267,4.2132,4.2222,4.2212,4.2317,4.2182,4.2272,70
2026-01-21 18:27:00,4.2217,4.2217,4.2077,4.2122,4.2267,4.2267,4.2127,4.2172,52
2026-01-21 18:28:00,4.2137,4.2402,4.2137,4.2382,4.2187,4.2452,4.2187,4.2432,89
2026-01-21 18:29:00,4.2392,4.2427,4.2242,4.2277,4.2442,4.2477,4.2292,4.2327,93
2026-01-21 18:30:00,4.2272,4.2332,4.2262,4.2312,4.2322,4.2382,4.2312,4.2362,56
2026-01-21 18:31:00,4.2327,4.2487,4.2327,4.2472,4.2377,4.2537,4.2377,4.2522,99
2026-01-21 18:32:00,4.2477,4.2592,4.2437,4.2517,4.2527,4.2642,4.2487,4.2567,99
2026-01-21 18:33:00,4.2527,4.2692,4.2527,4.2682,4.2577,4.2742,4.2577,4.2732,50
2026-01-21 18:34:00,4.2677,4.2817,4.2677,4.2757,4.2727,4.2867,4.2727,4.2807,129
2026-01-21 18:35:00,4.2752,4.3057,4.2747,4.3052,4.2802,4.3107,4.2797,4.3102,97
2026-01-21 18:36:00,4.3057,4.3322,4.3047,4.3307,4.3107,4.3372,4.3097,4.3357,141
2026-01-21 18:37:00,4.3312,4.3442,4.3312,4.3352,4.3362,4.3492,4.3362,4.3402,102
2026-01-21 18:38:00,4.3347,4.3377,4.3122,4.3137,4.3397,4.3427,4.3172,4.3187,132
2026-01-21 18:39:00,4.3127,4.3132,4.2947,4.3042,4.3177,4.3182,4.2997,4.3092,117
2026-01-21 18:40:00,4.3052,4.3207,4.3002,4.3077,4.3102,4.3257,4.3052,4.3127,110
2026-01-21 18:41:00,4.3072,4.3122,4.2992,4.3087,4.3122,4.3172,4.3042,4.3137,67
2026-01-21 18:42:00,4.3092,4.3387,4.3092,4.3377,4.3142,4.3437,4.3142,4.3427,101
2026-01-21 18:43:00,4.3367,4.3367,4.3192,4.3347,4.3417,4.3417,4.3242,4.3397,93
2026-01-21 18:44:00,4.3337,4.3562,4.3302,4.3552,4.3387,4.3612,4.3352,4.3602,84
2026-01-21 18:45:00,4.3562,4.3577,4.3267,4.3267,4.3612,4.3627,4.3317,4.3317,99
2026-01-21 18:46:00,4.3272,4.3272,4.3037,4.3042,4.3322,4.3322,4.3087,4.3092,113
2026-01-21 18:47:00,4.3047,4.3057,4.2792,4.2867,4.3097,4.3107,4.2842,4.2917,120
2026-01-21 18:48:00,4.2872,4.2897,4.2722,4.2887,4.2922,4.2947,4.2772,4.2937,84
2026-01-21 18:49:00,4.2897,4.3052,4.2897,4.2992,4.2947,4.3102,4.2947,4.3042,95
2026-01-21 18:50:00,4.2997,4.3012,4.2957,4.2972,4.3047,4.3062,4.3007,4.3022,28
2026-01-21 18:51:00,4.2967,4.2967,4.2767,4.2772,4.3017,4.3017,4.2817,4.2822,62
2026-01-21 18:52:00,4.2767,4.2837,4.2712,4.2827,4.2817,4.2887,4.2762,4.2877,53
2026-01-21 18:53:00,4.2842,4.2842,4.2597,4.2822,4.2892,4.2892,4.2647,4.2872,82
2026-01-21 18:54:00,4.2817,4.2832,4.2727,4.2797,4.2867,4.2882,4.2777,4.2847,69
2026-01-21 18:55:00,4.2812,4.2822,4.2762,4.2792,4.2862,4.2872,4.2812,4.2842,64
2026-01-21 18:56:00,4.2797,4.2827,4.2587,4.2627,4.2847,4.2877,4.2637,4.2677,94
2026-01-21 18:57:00,4.2622,4.2622,4.2402,4.2557,4.2672,4.2672,4.2452,4.2607,135
2026-01-21 18:58:00,4.2562,4.2892,4.2537,4.2882,4.2612,4.2942,4.2587,4.2932,100
2026-01-21 18:59:00,4.2877,4.2907,4.2782,4.2802,4.2927,4.2957,4.2832,4.2852,64
2026-01-21 19:00:00,4.2807,4.2982,4.2802,4.2952,4.2857,4.3032,4.2852,4.3002,96
2026-01-21 19:01:00,4.2942,4.2992,4.2907,4.2932,4.2992,4.3042,4.2957,4.2982,45
2026-01-21 19:02:00,4.2947,4.2982,4.2892,4.2922,4.2997,4.3032,4.2942,4.2972,52
2026-01-21 19:03:00,4.2927,4.3177,4.2927,4.3057,4.2977,4.3227,4.2977,4.3107,109
2026-01-21 19:04:00,4.3062,4.3062,4.2637,4.2707,4.3112,4.3112,4.2687,4.2757,106
2026-01-21 19:05:00,4.2712,4.2782,4.2512,4.2562,4.2762,4.2832,4.2562,4.2612,113
2026-01-21 19:06:00,4.2572,4.2772,4.2512,4.2767,4.2622,4.2822,4.2562,4.2817,90
2026-01-21 19:07:00,4.2777,4.2787,4.2597,4.2607,4.2827,4.2837,4.2647,4.2657,61
2026-01-21 19:08:00,4.2622,4.2697,4.2282,4.2282,4.2672,4.2747,4.2332,4.2332,90
2026-01-21 19:09:00,4.2287,4.2302,4.2037,4.2167,4.2337,4.2352,4.2087,4.2217,134
2026-01-21 19:10:00,4.2162,4.2227,4.1687,4.1827,4.2212,4.2277,4.1737,4.1877,173
2026-01-21 19:11:00,4.1842,4.1917,4.1762,4.1827,4.1892,4.1967,4.1812,4.1877,120
2026-01-21 19:12:00,4.1832,4.2012,4.1697,4.2007,4.1882,4.2062,4.1747,4.2057,91
2026-01-21 19:13:00,4.1997,4.2007,4.1577,4.1817,4.2047,4.2057,4.1627,4.1867,163
2026-01-21 19:14:00,4.1837,4.1897,4.1487,4.1592,4.1887,4.1947,4.1537,4.1642,132
2026-01-21 19:15:00,4.1602,4.1772,4.1457,4.1712,4.1652,4.1822,4.1507,4.1762,102
2026-01-21 19:16:00,4.1707,4.2087,4.1707,4.2062,4.1757,4.2137,4.1757,4.2112,114
2026-01-21 19:17:00,4.2052,4.2097,4.1942,4.1952,4.2102,4.2147,4.1992,4.2002,134
2026-01-21 19:18:00,4.1957,4.2032,4.1657,4.1797,4.2007,4.2082,4.1707,4.1847,106
2026-01-21 19:19:00,4.1802,4.2157,4.1757,4.2092,4.1852,4.2207,4.1807,4.2142,92
2026-01-21 19:20:00,4.2097,4.2122,4.1787,4.1832,4.2147,4.2172,4.1837,4.1882,103
2026-01-21 19:21:00,4.1827,4.1897,4.1747,4.1897,4.1877,4.1947,4.1797,4.1947,76
2026-01-21 19:22:00,4.1902,4.2022,4.1857,4.2017,4.1952,4.2072,4.1907,4.2067,65
2026-01-21 19:23:00,4.2032,4.2237,4.1912,4.2187,4.2082,4.2287,4.1962,4.2237,119
2026-01-21 19:24:00,4.2232,4.2332,4.2142,4.2202,4.2282,4.2382,4.2192,4.2252,90
2026-01-21 19:25:00,4.2222,4.2607,4.2217,4.2552,4.2272,4.2657,4.2267,4.2602,113
2026-01-21 19:26:00,4.2547,4.2552,4.2072,4.2102,4.2597,4.2602,4.2122,4.2152,103
2026-01-21 19:27:00,4.2092,4.2092,4.1997,4.2042,4.2142,4.2142,4.2047,4.2092,63
2026-01-21 19:28:00,4.2037,4.2162,4.2012,4.2082,4.2087,4.2212,4.2062,4.2132,58
2026-01-21 19:29:00,4.2102,4.2127,4.1907,4.1922,4.2152,4.2177,4.1957,4.1972,62
2026-01-21 19:30:00,4.1927,4.1987,4.1912,4.1967,4.1977,4.2037,4.1962,4.2017,67
2026-01-21 19:31:00,4.1962,4.2532,4.1927,4.2462,4.2012,4.2582,4.1977,4.2512,143
2026-01-21 19:32:00,4.2457,4.2562,4.2342,4.2497,4.2507,4.2612,4.2392,4.2547,116
2026-01-21 19:33:00,4.2487,4.2527,4.2242,4.2372,4.2537,4.2577,4.2292,4.2422,90
2026-01-21 19:34:00,4.2367,4.2627,4.2222,4.2507,4.2417,4.2677,4.2272,4.2557,103
2026-01-21 19:35:00,4.2512,4.2782,4.2457,4.2762,4.2562,4.2832,4.2507,4.2812,80
2026-01-21 19:36:00,4.2777,4.2777,4.2102,4.2192,4.2827,4.2827,4.2152,4.2242,184
2026-01-21 19:37:00,4.2182,4.2257,4.1902,4.2027,4.2232,4.2307,4.1952,4.2077,136
2026-01-21 19:38:00,4.2042,4.2242,4.2042,4.2067,4.2092,4.2292,4.2092,4.2117,76
2026-01-21 19:39:00,4.2072,4.2272,4.1847,4.2187,4.2122,4.2322,4.1897,4.2237,121
2026-01-21 19:40:00,4.2192,4.2267,4.2092,4.2207,4.2242,4.2317,4.2142,4.2257,69
2026-01-21 19:41:00,4.2212,4.2332,4.2187,4.2232,4.2262,4.2382,4.2237,4.2282,67
2026-01-21 19:42:00,4.2237,4.2237,4.2002,4.2032,4.2287,4.2287,4.2052,4.2082,78
2026-01-21 19:43:00,4.2027,4.2087,4.1822,4.1837,4.2077,4.2137,4.1872,4.1887,108
2026-01-21 19:44:00,4.1847,4.2047,4.1772,4.2047,4.1897,4.2097,4.1822,4.2097,102
2026-01-21 19:45:00,4.2042,4.2137,4.1842,4.1872,4.2092,4.2187,4.1892,4.1922,95
2026-01-21 19:46:00,4.1877,4.2097,4.1877,4.2077,4.1927,4.2147,4.1927,4.2127,73
2026-01-21 19:47:00,4.2087,4.2172,4.1857,4.1892,4.2137,4.2222,4.1907,4.1942,115
2026-01-21 19:48:00,4.1902,4.2112,4.1887,4.2077,4.1952,4.2162,4.1937,4.2127,62
2026-01-21 19:49:00,4.2072,4.2222,4.1952,4.2197,4.2122,4.2272,4.2002,4.2247,91
2026-01-21 19:50:00,4.2192,4.2257,4.2142,4.2217,4.2242,4.2307,4.2192,4.2267,69
2026-01-21 19:51:00,4.2237,4.2247,4.1962,4.1977,4.2287,4.2297,4.2012,4.2027,70
2026-01-21 19:52:00,4.1982,4.2087,4.1917,4.1942,4.2032,4.2137,4.1967,4.1992,58
2026-01-21 19:53:00,4.1932,4.2047,4.1872,4.2037,4.1982,4.2097,4.1922,4.2087,69
2026-01-21 19:54:00,4.2032,4.2057,4.1912,4.2022,4.2082,4.2107,4.1962,4.2072,85
2026-01-21 19:55:00,4.2027,4.2222,4.2027,4.2132,4.2077,4.2272,4.2077,4.2182,101
2026-01-21 19:56:00,4.2137,4.2217,4.2137,4.2202,4.2187,4.2267,4.2187,4.2252,40
2026-01-21 19:57:00,4.2182,4.2337,4.2167,4.2322,4.2232,4.2387,4.2217,4.2372,65
2026-01-21 19:58:00,4.2317,4.2512,4.2317,4.2392,4.2367,4.2562,4.2367,4.2442,103
2026-01-21 19:59:00,4.2402,4.2417,4.2292,4.2302,4.2452,4.2467,4.2342,4.2352,55
2026-01-21 20:00:00,4.2297,4.2297,4.2197,4.2262,4.2347,4.2347,4.2247,4.2312,68
2026-01-21 20:01:00,4.2257,4.2342,4.2227,4.2337,4.2307,4.2392,4.2277,4.2387,49
2026-01-21 20:02:00,4.2332,4.2472,4.2302,4.2437,4.2382,4.2522,4.2352,4.2487,65
2026-01-21 20:03:00,4.2472,4.2502,4.2297,4.2477,4.2522,4.2552,4.2347,4.2527,88
2026-01-21 20:04:00,4.2482,4.2822,4.2472,4.2822,4.2532,4.2872,4.2522,4.2872,116
2026-01-21 20:05:00,4.2837,4.2977,4.2787,4.2852,4.2887,4.3027,4.2837,4.2902,122
2026-01-21 20:06:00,4.2847,4.2847,4.2702,4.2757,4.2897,4.2897,4.2752,4.2807,80
2026-01-21 20:07:00,4.2752,4.2767,4.2697,4.2697,4.2802,4.2817,4.2747,4.2747,57
2026-01-21 20:08:00,4.2707,4.2712,4.2622,4.2672,4.2757,4.2762,4.2672,4.2722,83
2026-01-21 20:09:00,4.2682,4.2732,4.2522,4.2727,4.2732,4.2782,4.2572,4.2777,60
2026-01-21 20:10:00,4.2722,4.2932,4.2722,4.2847,4.2772,4.2982,4.2772,4.2897,90
2026-01-21 20:11:00,4.2837,4.2842,4.2682,4.2727,4.2887,4.2892,4.2732,4.2777,83
2026-01-21 20:12:00,4.2737,4.2782,4.2707,4.2772,4.2787,4.2832,4.2757,4.2822,59
2026-01-21 20:13:00,4.2782,4.2782,4.2617,4.2627,4.2832,4.2832,4.2667,4.2677,82
2026-01-21 20:14:00,4.2622,4.2687,4.2562,4.2687,4.2672,4.2737,4.2612,4.2737,64
2026-01-21 20:15:00,4.2672,4.2827,4.2662,4.2777,4.2722,4.2877,4.2712,4.2827,110
2026-01-21 20:16:00,4.2772,4.2877,4.2717,4.2847,4.2822,4.2927,4.2767,4.2897,103
2026-01-21 20:17:00,4.2837,4.2887,4.2782,4.2812,4.2887,4.2937,4.2832,4.2862,58
2026-01-21 20:18:00,4.2827,4.2842,4.2777,4.2842,4.2877,4.2892,4.2827,4.2892,68
2026-01-21 20:19:00,4.2837,4.2947,4.2807,4.2872,4.2887,4.2997,4.2857,4.2922,89
2026-01-21 20:20:00,4.2867,4.3007,4.2827,4.2947,4.2917,4.3057,4.2877,4.2997,91
2026-01-21 20:21:00,4.2952,4.2982,4.2832,4.2957,4.3002,4.3032,4.2882,4.3007,114
2026-01-21 20:22:00,4.2942,4.2962,4.2797,4.2822,4.2992,4.3012,4.2847,4.2872,69
2026-01-21 20:23:00,4.2812,4.2882,4.2782,4.2847,4.2862,4.2932,4.2832,4.2897,70
2026-01-21 20:24:00,4.2842,4.2892,4.2747,4.2882,4.2892,4.2942,4.2797,4.2932,105
2026-01-21 20:25:00,4.2912,4.2927,4.2742,4.2827,4.2962,4.2977,4.2792,4.2877,105
2026-01-21 20:26:00,4.2817,4.3122,4.2812,4.3092,4.2867,4.3172,4.2862,4.3142,151
2026-01-21 20:27:00,4.3082,4.3317,4.3027,4.3092,4.3132,4.3367,4.3077,4.3142,188
2026-01-21 20:28:00,4.3107,4.3257,4.3022,4.3092,4.3157,4.3307,4.3072,4.3142,350
2026-01-21 20:29:00,4.3102,4.3162,4.3042,4.3112,4.3152,4.3212,4.3092,4.3162,209
2026-01-21 20:30:00,4.3122,4.3202,4.2942,4.2942,4.3172,4.3252,4.2992,4.2992,141
2026-01-21 20:31:00,4.2927,4.2987,4.2897,4.2902,4.2977,4.3037,4.2947,4.2952,92
2026-01-21 20:32:00,4.2907,4.2982,4.2857,4.2927,4.2957,4.3032,4.2907,4.2977,71
2026-01-21 20:33:00,4.2917,4.2937,4.2862,4.2887,4.2967,4.2987,4.2912,4.2937,37
2026-01-21 20:34:00,4.2867,4.2937,4.2832,4.2922,4.2917,4.2987,4.2882,4.2972,32
2026-01-21 20:35:00,4.2917,4.2952,4.2822,4.2847,4.2967,4.3002,4.2872,4.2897,37
2026-01-21 20:36:00,4.2842,4.2882,4.2787,4.2812,4.2892,4.2932,4.2837,4.2862,33
2026-01-21 20:37:00,4.2807,4.2822,4.2752,4.2812,4.2857,4.2872,4.2802,4.2862,35
2026-01-21 20:38:00,4.2822,4.2977,4.2822,4.2957,4.2872,4.3027,4.2872,4.3007,36
2026-01-21 20:39:00,4.2942,4.3012,4.2907,4.3012,4.2992,4.3062,4.2957,4.3062,27
2026-01-21 20:40:00,4.3002,4.3082,4.2977,4.3052,4.3052,4.3132,4.3027,4.3102,33
2026-01-21 20:41:00,4.3057,4.3057,4.3022,4.3022,4.3107,4.3107,4.3072,4.3072,16
2026-01-21 20:42:00,4.3027,4.3027,4.2947,4.2952,4.3077,4.3077,4.2997,4.3002,28
2026-01-21 20:43:00,4.2947,4.2967,4.2912,4.2962,4.2997,4.3017,4.2962,4.3012,13
2026-01-21 20:44:00,4.2967,4.2997,4.2957,4.2972,4.3017,4.3047,4.3007,4.3022,33
2026-01-21 20:45:00,4.2977,4.3152,4.2977,4.3152,4.3027,4.3202,4.3027,4.3202,29
2026-01-21 20:46:00,4.3137,4.3192,4.3057,4.3067,4.3187,4.3242,4.3107,4.3117,40
2026-01-21 20:47:00,4.3062,4.3082,4.3057,4.3072,4.3112,4.3132,4.3107,4.3122,25
2026-01-21 20:48:00,4.3092,4.3177,4.3092,4.3162,4.3142,4.3227,4.3142,4.3212,19
2026-01-21 20:49:00,4.3167,4.3272,4.3167,4.3252,4.3217,4.3322,4.3217,4.3302,36
2026-01-21 20:50:00,4.3257,4.3772,4.3257,4.3742,4.3307,4.3822,4.3307,4.3792,113
2026-01-21 20:51:00,4.3727,4.3727,4.3557,4.3622,4.3777,4.3777,4.3607,4.3672,86
2026-01-21 20:52:00,4.3627,4.3702,4.3522,4.3557,4.3677,4.3752,4.3572,4.3607,54
2026-01-21 20:53:00,4.3567,4.3597,4.3452,4.3487,4.3617,4.3647,4.3502,4.3537,55
2026-01-21 20:54:00,4.3482,4.3572,4.3462,4.3462,4.3532,4.3622,4.3512,4.3512,47
2026-01-21 20:55:00,4.3457,4.3482,4.3452,4.3452,4.3507,4.3532,4.3502,4.3502,27
2026-01-21 20:56:00,4.3482,4.3492,4.3372,4.3397,4.3532,4.3542,4.3422,4.3447,41
2026-01-21 20:57:00,4.3402,4.3457,4.3312,4.3327,4.3452,4.3507,4.3362,4.3377,43
2026-01-21 20:58:00,4.3322,4.3332,4.3187,4.3317,4.3372,4.3382,4.3237,4.3367,41
2026-01-21 20:59:00,4.3297,4.3302,4.3242,4.3272,4.3347,4.3352,4.3292,4.3322,24
2026-01-21 21:00:00,4.3277,4.3437,4.3217,4.3402,4.3327,4.3487,4.3267,4.3452,39
2026-01-21 21:01:00,4.3422,4.3422,4.3327,4.3327,4.3472,4.3472,4.3377,4.3377,17
2026-01-21 21:02:00,4.3307,4.3332,4.3262,4.3287,4.3357,4.3382,4.3312,4.3337,51
2026-01-21 21:03:00,4.3282,4.3352,4.3277,4.3302,4.3332,4.3402,4.3327,4.3352,20
2026-01-21 21:04:00,4.3307,4.3312,4.3242,4.3287,4.3357,4.3362,4.3292,4.3337,30
2026-01-21 21:05:00,4.3282,4.3357,4.3267,4.3332,4.3332,4.3407,4.3317,4.3382,14
2026-01-21 21:06:00,4.3327,4.3327,4.3272,4.3272,4.3377,4.3377,4.3322,4.3322,15
2026-01-21 21:07:00,4.3262,4.3262,4.3132,4.3147,4.3312,4.3312,4.3182,4.3197,49
2026-01-21 21:08:00,4.3157,4.3202,4.3137,4.3157,4.3207,4.3252,4.3187,4.3207,29
2026-01-21 21:09:00,4.3162,4.3167,4.3042,4.3042,4.3212,4.3217,4.3092,4.3092,35
2026-01-21 21:10:00,4.3037,4.3067,4.2962,4.2992,4.3087,4.3117,4.3012,4.3042,44
2026-01-21 21:11:00,4.2997,4.3007,4.2932,4.2932,4.3047,4.3057,4.2982,4.2982,41
2026-01-21 21:12:00,4.2937,4.2947,4.2882,4.2917,4.2987,4.2997,4.2932,4.2967,34
2026-01-21 21:13:00,4.2897,4.2917,4.2877,4.2907,4.2947,4.2967,4.2927,4.2957,23
2026-01-21 21:14:00,4.2902,4.2912,4.2872,4.2912,4.2952,4.2962,4.2922,4.2962,13
2026-01-21 21:15:00,4.2917,4.2962,4.2902,4.2947,4.2967,4.3012,4.2952,4.2997,36
2026-01-21 21:16:00,4.2962,4.3137,4.2912,4.3132,4.3012,4.3187,4.2962,4.3182,49
2026-01-21 21:17:00,4.3127,4.3127,4.3002,4.3007,4.3177,4.3177,4.3052,4.3057,29
2026-01-21 21:18:00,4.3012,4.3067,4.2992,4.3037,4.3062,4.3117,4.3042,4.3087,39
2026-01-21 21:19:00,4.3042,4.3042,4.2962,4.3002,4.3092,4.3092,4.3012,4.3052,32
2026-01-21 21:20:00,4.2982,4.3112,4.2982,4.3057,4.3032,4.3162,4.3032,4.3107,29
2026-01-21 21:21:00,4.3062,4.3302,4.3062,4.3282,4.3112,4.3352,4.3112,4.3332,49
2026-01-21 21:22:00,4.3277,4.3312,4.3237,4.3307,4.3327,4.3362,4.3287,4.3357,41
2026-01-21 21:23:00,4.3302,4.3392,4.3252,4.3337,4.3352,4.3442,4.3302,4.3387,48
2026-01-21 21:24:00,4.3332,4.3392,4.3317,4.3372,4.3382,4.3442,4.3367,4.3422,27
2026-01-21 21:25:00,4.3377,4.3457,4.3342,4.3457,4.3427,4.3507,4.3392,4.3507,33
2026-01-21 21:26:00,4.3462,4.3557,4.3442,4.3537,4.3512,4.3607,4.3492,4.3587,48
2026-01-21 21:27:00,4.3522,4.3692,4.3492,4.3652,4.3572,4.3742,4.3542,4.3702,63
2026-01-21 21:28:00,4.3647,4.3692,4.3497,4.3502,4.3697,4.3742,4.3547,4.3552,45
2026-01-21 21:29:00,4.3497,4.3532,4.3492,4.3522,4.3547,4.3582,4.3542,4.3572,28
2026-01-21 21:30:00,4.3527,4.3597,4.3527,4.3592,4.3577,4.3647,4.3577,4.3642,30
2026-01-21 21:31:00,4.3597,4.3802,4.3592,4.3772,4.3647,4.3852,4.3642,4.3822,59
2026-01-21 21:32:00,4.3757,4.3782,4.3682,4.3707,4.3807,4.3832,4.3732,4.3757,27
2026-01-21 21:33:00,4.3712,4.3777,4.3712,4.3777,4.3762,4.3827,4.3762,4.3827,15
2026-01-21 21:34:00,4.3772,4.3772,4.3667,4.3667,4.3822,4.3822,4.3717,4.3717,31
2026-01-21 21:35:00,4.3662,4.3697,4.3577,4.3622,4.3712,4.3747,4.3627,4.3672,34
2026-01-21 21:36:00,4.3617,4.3672,4.3612,4.3612,4.3667,4.3722,4.3662,4.3662,29
2026-01-21 21:37:00,4.3622,4.3672,4.3557,4.3652,4.3672,4.3722,4.3607,4.3702,42
2026-01-21 21:38:00,4.3647,4.3677,4.3627,4.3642,4.3697,4.3727,4.3677,4.3692,19
2026-01-21 21:39:00,4.3662,4.3702,4.3657,4.3657,4.3712,4.3752,4.3707,4.3707,20
2026-01-21 21:40:00,4.3662,4.3702,4.3632,4.3687,4.3712,4.3752,4.3682,4.3737,38
2026-01-21 21:41:00,4.3692,4.3752,4.3662,4.3752,4.3742,4.3802,4.3712,4.3802,34
2026-01-21 21:42:00,4.3742,4.4222,4.3742,4.4212,4.3792,4.4272,4.3792,4.4262,87
2026-01-21 21:43:00,4.4207,4.4282,4.3917,4.3967,4.4257,4.4332,4.3967,4.4017,78
2026-01-21 21:44:00,4.3962,4.4182,4.3962,4.4172,4.4012,4.4232,4.4012,4.4222,53
2026-01-21 21:45:00,4.4162,4.4162,4.3972,4.4007,4.4212,4.4212,4.4022,4.4057,35
2026-01-21 21:46:00,4.4022,4.4082,4.4002,4.4042,4.4072,4.4132,4.4052,4.4092,40
2026-01-21 21:47:00,4.4037,4.4037,4.3932,4.3997,4.4087,4.4087,4.3982,4.4047,51
2026-01-21 21:48:00,4.3987,4.4032,4.3967,4.3992,4.4037,4.4082,4.4017,4.4042,29
2026-01-21 21:49:00,4.3997,4.4077,4.3972,4.4037,4.4047,4.4127,4.4022,4.4087,46
2026-01-21 21:50:00,4.4047,4.4082,4.4007,4.4037,4.4097,4.4132,4.4057,4.4087,38
2026-01-21 21:51:00,4.4052,4.4237,4.4052,4.4127,4.4102,4.4287,4.4102,4.4177,63
2026-01-21 21:52:00,4.4132,4.4327,4.4132,4.4317,4.4182,4.4377,4.4182,4.4367,52
2026-01-21 21:53:00,4.4327,4.4592,4.4302,4.4482,4.4377,4.4642,4.4352,4.4532,108
2026-01-21 21:54:00,4.4472,4.4557,4.4392,4.4482,4.4522,4.4607,4.4442,4.4532,78
2026-01-21 21:55:00,4.4477,4.4617,4.4337,4.4502,4.4527,4.4667,4.4387,4.4552,85
2026-01-21 21:56:00,4.4507,4.4652,4.4407,4.4637,4.4557,4.4702,4.4457,4.4687,69
2026-01-21 21:57:00,4.4632,4.4652,4.4547,4.4612,4.4682,4.4702,4.4597,4.4662,81
2026-01-21 21:58:00,4.4607,4.4632,4.4472,4.4632,4.4657,4.4682,4.4522,4.4682,66
2026-01-21 21:59:00,4.4637,4.4692,4.4522,4.4557,4.4687,4.4742,4.4572,4.4607,103
2026-01-21 22:00:00,4.4562,4.4672,4.4522,4.4672,4.4612,4.4722,4.4572,4.4722,57
2026-01-21 22:01:00,4.4667,4.4932,4.4642,4.4887,4.4717,4.4982,4.4692,4.4937,118
2026-01-21 22:02:00,4.4877,4.4937,4.4752,4.4777,4.4927,4.4987,4.4802,4.4827,102
2026-01-21 22:03:00,4.4792,4.4962,4.4792,4.4872,4.4842,4.5012,4.4842,4.4922,74
2026-01-21 22:04:00,4.4867,4.5012,4.4867,4.4962,4.4917,4.5062,4.4917,4.5012,70
2026-01-21 22:05:00,4.4967,4.5112,4.4942,4.5002,4.5017,4.5162,4.4992,4.5052,87
2026-01-21 22:06:00,4.5012,4.5022,4.4832,4.4882,4.5062,4.5072,4.4882,4.4932,71
2026-01-21 22:07:00,4.4877,4.5117,4.4837,4.4952,4.4927,4.5167,4.4887,4.5002,50
2026-01-21 22:08:00,4.4962,4.5002,4.4872,4.4887,4.5012,4.5052,4.4922,4.4937,44
2026-01-21 22:09:00,4.4882,4.4952,4.4882,4.4922,4.4932,4.5002,4.4932,4.4972,25
2026-01-21 22:10:00,4.4917,4.4952,4.4832,4.4922,4.4967,4.5002,4.4882,4.4972,58
2026-01-21 22:11:00,4.4912,4.5047,4.4867,4.5037,4.4962,4.5097,4.4917,4.5087,38
2026-01-21 22:12:00,4.5042,4.5042,4.4937,4.4962,4.5092,4.5092,4.4987,4.5012,51
2026-01-21 22:13:00,4.4947,4.5047,4.4942,4.4952,4.4997,4.5097,4.4992,4.5002,37
2026-01-21 22:14:00,4.4947,4.5002,4.4867,4.4982,4.4997,4.5052,4.4917,4.5032,38
2026-01-21 22:15:00,4.4977,4.4977,4.4942,4.4957,4.5027,4.5027,4.4992,4.5007,15
2026-01-21 22:16:00,4.4962,4.4962,4.4832,4.4952,4.5012,4.5012,4.4882,4.5002,32
2026-01-21 22:17:00,4.4967,4.5167,4.4967,4.5147,4.5017,4.5217,4.5017,4.5197,54
2026-01-21 22:18:00,4.5142,4.5297,4.5112,4.5267,4.5192,4.5347,4.5162,4.5317,55
2026-01-21 22:19:00,4.5262,4.5337,4.5262,4.5277,4.5312,4.5387,4.5312,4.5327,39
2026-01-21 22:20:00,4.5272,4.5277,4.4887,4.4892,4.5322,4.5327,4.4937,4.4942,76
2026-01-21 22:21:00,4.4897,4.4932,4.4827,4.4852,4.4947,4.4982,4.4877,4.4902,64
2026-01-21 22:22:00,4.4832,4.4832,4.4592,4.4627,4.4882,4.4882,4.4642,4.4677,63
2026-01-21 22:23:00,4.4622,4.4757,4.4622,4.4752,4.4672,4.4807,4.4672,4.4802,37
2026-01-21 22:24:00,4.4732,4.4732,4.4592,4.4632,4.4782,4.4782,4.4642,4.4682,33
2026-01-21 22:25:00,4.4627,4.4627,4.4377,4.4387,4.4677,4.4677,4.4427,4.4437,50
2026-01-21 22:26:00,4.4392,4.4407,4.4117,4.4162,4.4442,4.4457,4.4167,4.4212,51
2026-01-21 22:27:00,4.4157,4.4192,4.4002,4.4187,4.4207,4.4242,4.4052,4.4237,44
2026-01-21 22:28:00,4.4182,4.4297,4.4182,4.4297,4.4232,4.4347,4.4232,4.4347,28
2026-01-21 22:29:00,4.4312,4.4357,4.4262,4.4307,4.4362,4.4407,4.4312,4.4357,25
2026-01-21 22:30:00,4.4312,4.4312,4.4192,4.4242,4.4362,4.4362,4.4242,4.4292,28
2026-01-21 22:31:00,4.4247,4.4247,4.4212,4.4222,4.4297,4.4297,4.4262,4.4272,12
2026-01-21 22:32:00,4.4237,4.4377,4.4222,4.4342,4.4287,4.4427,4.4272,4.4392,25
2026-01-21 22:33:00,4.4322,4.4337,4.4227,4.4232,4.4372,4.4387,4.4277,4.4282,24
2026-01-21 22:34:00,4.4247,4.4247,4.3892,4.3892,4.4297,4.4297,4.3942,4.3942,38
2026-01-21 22:35:00,4.3882,4.3937,4.3762,4.3927,4.3932,4.3987,4.3812,4.3977,72
2026-01-21 22:36:00,4.3932,4.4002,4.3902,4.3997,4.3982,4.4052,4.3952,4.4047,29
2026-01-21 22:37:00,4.3992,4.4032,4.3942,4.3957,4.4042,4.4082,4.3992,4.4007,27
2026-01-21 22:38:00,4.3952,4.3997,4.3922,4.3997,4.4002,4.4047,4.3972,4.4047,25
2026-01-21 22:39:00,4.4002,4.4057,4.3932,4.4057,4.4052,4.4107,4.3982,4.4107,27
2026-01-21 22:40:00,4.4052,4.4247,4.4052,4.4197,4.4102,4.4297,4.4102,4.4247,55
2026-01-21 22:41:00,4.4202,4.4227,4.4102,4.4172,4.4252,4.4277,4.4152,4.4222,28
2026-01-21 22:42:00,4.4182,4.4272,4.4167,4.4267,4.4232,4.4322,4.4217,4.4317,30
2026-01-21 22:43:00,4.4272,4.4277,4.4212,4.4277,4.4322,4.4327,4.4262,4.4327,33
2026-01-21 22:44:00,4.4282,4.4412,4.4282,4.4332,4.4332,4.4462,4.4332,4.4382,39
2026-01-21 22:45:00,4.4347,4.4352,4.4267,4.4347,4.4397,4.4402,4.4317,4.4397,33
2026-01-21 22:46:00,4.4332,4.4402,4.4322,4.4377,4.4382,4.4452,4.4372,4.4427,24
2026-01-21 22:47:00,4.4382,4.4457,4.4377,4.4387,4.4432,4.4507,4.4427,4.4437,34
2026-01-21 22:48:00,4.4392,4.4582,4.4392,4.4572,4.4442,4.4632,4.4442,4.4622,44
2026-01-21 22:49:00,4.4567,4.4647,4.4487,4.4487,4.4617,4.4697,4.4537,4.4537,40
2026-01-21 22:50:00,4.4502,4.4517,4.4272,4.4402,4.4552,4.4567,4.4322,4.4452,57
2026-01-21 22:51:00,4.4397,4.4397,4.4302,4.4352,4.4447,4.4447,4.4352,4.4402,18
2026-01-21 22:52:00,4.4357,4.4437,4.4337,4.4357,4.4407,4.4487,4.4387,4.4407,30
2026-01-21 22:53:00,4.4367,4.4642,4.4367,4.4642,4.4417,4.4692,4.4417,4.4692,36
2026-01-21 22:54:00,4.4652,4.4772,4.4572,4.4572,4.4702,4.4822,4.4622,4.4622,49
2026-01-21 22:55:00,4.4557,4.4587,4.4362,4.4522,4.4607,4.4637,4.4412,4.4572,54
2026-01-21 22:56:00,4.4537,4.4587,4.4532,4.4587,4.4587,4.4637,4.4582,4.4637,15
2026-01-21 22:57:00,4.4592,4.4717,4.4592,4.4702,4.4642,4.4767,4.4642,4.4752,29
2026-01-21 22:58:00,4.4697,4.4712,4.4662,4.4692,4.4747,4.4762,4.4712,4.4742,24
2026-01-21 22:59:00,4.4697,4.4817,3.524,3.524,4.4747,4.4867,3.529,3.529,68
2026-01-22 00:00:00,3.519,3.527,3.5,3.501,3.524,3.532,3.505,3.506,52
2026-01-22 00:01:00,3.505,3.528,3.505,3.524,3.51,3.533,3.51,3.529,31
2026-01-22 00:02:00,3.5235,3.5285,3.5205,3.5285,3.5285,3.5335,3.5255,3.5335,17
2026-01-22 00:03:00,3.528,3.532,3.528,3.5315,3.533,3.537,3.533,3.5365,11
2026-01-22 00:04:00,3.534,3.534,3.5315,3.5325,3.539,3.539,3.5365,3.5375,8
2026-01-22 00:05:00,3.5315,3.5315,3.5195,3.52,3.5365,3.5365,3.5245,3.525,13
2026-01-22 00:06:00,3.519,3.519,3.5135,3.5145,3.524,3.524,3.5185,3.5195,8
2026-01-22 00:07:00,3.514,3.515,3.512,3.512,3.519,3.52,3.517,3.517,5
2026-01-22 00:08:00,3.5135,3.5165,3.5135,3.5165,3.5185,3.5215,3.5185,3.5215,9
2026-01-22 00:09:00,3.517,3.517,3.513,3.513,3.522,3.522,3.518,3.518,6
2026-01-22 00:10:00,3.5125,3.5125,3.5055,3.5055,3.5175,3.5175,3.5105,3.5105,32
2026-01-22 00:11:00,3.5035,3.5065,3.5035,3.506,3.5085,3.5115,3.5085,3.511,7
2026-01-22 00:12:00,3.505,3.505,3.5045,3.5045,3.51,3.51,3.5095,3.5095,2
2026-01-22 00:13:00,3.505,3.5115,3.505,3.5115,3.51,3.5165,3.51,3.5165,8
2026-01-22 00:14:00,3.5125,3.516,3.5125,3.5135,3.5175,3.521,3.5175,3.5185,7
2026-01-22 00:15:00,3.514,3.514,3.51,3.511,3.519,3.519,3.515,3.516,8
2026-01-22 00:16:00,3.5105,3.5135,3.5095,3.5135,3.5155,3.5185,3.5145,3.5185,4
2026-01-22 00:18:00,3.514,3.514,3.5115,3.512,3.519,3.519,3.5165,3.517,7
2026-01-22 00:19:00,3.5125,3.5125,3.5105,3.511,3.5175,3.5175,3.5155,3.516,6
2026-01-22 00:20:00,3.5115,3.5115,3.5115,3.5115,3.5165,3.5165,3.5165,3.5165,1
2026-01-22 00:21:00,3.511,3.518,3.5105,3.5175,3.516,3.523,3.5155,3.5225,12
2026-01-22 00:22:00,3.518,3.518,3.515,3.516,3.523,3.523,3.52,3.521,7
2026-01-22 00:23:00,3.517,3.517,3.515,3.5155,3.522,3.522,3.52,3.5205,5
2026-01-22 00:24:00,3.516,3.528,3.516,3.5265,3.521,3.533,3.521,3.5315,15
2026-01-22 00:25:00,3.527,3.535,3.527,3.5345,3.532,3.54,3.532,3.5395,20
2026-01-22 00:26:00,3.5335,3.55,3.5335,3.5485,3.5385,3.555,3.5385,3.5535,25
2026-01-22 00:27:00,3.548,3.548,3.534,3.538,3.553,3.553,3.539,3.543,27
2026-01-22 00:28:00,3.539,3.544,3.536,3.536,3.544,3.549,3.541,3.541,15
2026-01-22 00:29:00,3.5375,3.541,3.5375,3.541,3.5425,3.546,3.5425,3.546,6
2026-01-22 00:30:00,3.54,3.54,3.533,3.533,3.545,3.545,3.538,3.538,12
2026-01-22 00:31:00,3.534,3.534,3.519,3.5255,3.539,3.539,3.524,3.5305,37
2026-01-22 00:32:00,3.5265,3.5305,3.5265,3.5275,3.5315,3.5355,3.5315,3.5325,20
2026-01-22 00:33:00,3.526,3.537,3.526,3.537,3.531,3.542,3.531,3.542,7
2026-01-22 00:34:00,3.5385,3.542,3.5375,3.5375,3.5435,3.547,3.5425,3.5425,12
2026-01-22 00:35:00,3.537,3.537,3.5315,3.534,3.542,3.542,3.5365,3.539,11
2026-01-22 00:36:00,3.5325,3.5335,3.53,3.5305,3.5375,3.5385,3.535,3.5355,11
2026-01-22 00:37:00,3.5315,3.5325,3.5305,3.531,3.5365,3.5375,3.5355,3.536,6
2026-01-22 00:38:00,3.5295,3.5295,3.5275,3.5275,3.5345,3.5345,3.5325,3.5325,2
2026-01-22 00:40:00,3.5265,3.5265,3.5235,3.525,3.5315,3.5315,3.5285,3.53,4
2026-01-22 00:41:00,3.524,3.524,3.5225,3.5225,3.529,3.529,3.5275,3.5275,2
2026-01-22 00:42:00,3.5215,3.5215,3.515,3.517,3.5265,3.5265,3.52,3.522,16
2026-01-22 00:43:00,3.5175,3.521,3.5175,3.519,3.5225,3.526,3.5225,3.524,6
2026-01-22 00:44:00,3.5185,3.5195,3.5165,3.519,3.5235,3.5245,3.5215,3.524,14
2026-01-22 00:45:00,3.5195,3.5275,3.5195,3.5255,3.5245,3.5325,3.5245,3.5305,25
2026-01-22 00:46:00,3.526,3.5415,3.526,3.5335,3.531,3.5465,3.531,3.5385,27
2026-01-22 00:47:00,3.534,3.545,3.5325,3.537,3.539,3.55,3.5375,3.542,22
2026-01-22 00:48:00,3.5375,3.5455,3.5375,3.54,3.5425,3.5505,3.5425,3.545,11
2026-01-22 00:49:00,3.543,3.5495,3.542,3.547,3.548,3.5545,3.547,3.552,17
2026-01-22 00:50:00,3.5485,3.549,3.5375,3.5375,3.5535,3.554,3.5425,3.5425,14
2026-01-22 00:51:00,3.538,3.5415,3.5365,3.5415,3.543,3.5465,3.5415,3.5465,10
2026-01-22 00:52:00,3.542,3.545,3.5415,3.544,3.547,3.55,3.5465,3.549,11
2026-01-22 00:53:00,3.543,3.5475,3.542,3.544,3.548,3.5525,3.547,3.549,15
2026-01-22 00:54:00,3.5435,3.544,3.541,3.5425,3.5485,3.549,3.546,3.5475,12
2026-01-22 00:55:00,3.543,3.5445,3.541,3.542,3.548,3.5495,3.546,3.547,9
2026-01-22 00:56:00,3.5415,3.543,3.5385,3.539,3.5465,3.548,3.5435,3.544,8
2026-01-22 00:57:00,3.541,3.542,3.539,3.539,3.546,3.547,3.544,3.544,13
2026-01-22 00:58:00,3.54,3.5405,3.538,3.5405,3.545,3.5455,3.543,3.5455,4
2026-01-22 00:59:00,3.5395,3.5415,3.539,3.5395,3.5445,3.5465,3.544,3.5445,10
2026-01-22 01:00:00,3.538,3.538,3.5255,3.5255,3.543,3.543,3.5305,3.5305,15
2026-01-22 01:01:00,3.525,3.5275,3.5195,3.5195,3.53,3.5325,3.5245,3.5245,17
2026-01-22 01:02:00,3.52,3.5215,3.517,3.5185,3.525,3.5265,3.522,3.5235,41
2026-01-22 01:03:00,3.5175,3.5185,3.511,3.512,3.5225,3.5235,3.516,3.517,23
2026-01-22 01:04:00,3.511,3.511,3.503,3.503,3.516,3.516,3.508,3.508,37
2026-01-22 01:05:00,3.5035,3.5045,3.4995,3.503,3.5085,3.5095,3.5045,3.508,40
2026-01-22 01:06:00,3.502,3.5045,3.5005,3.501,3.507,3.5095,3.5055,3.506,24
2026-01-22 01:07:00,3.5005,3.502,3.4995,3.501,3.5055,3.507,3.5045,3.506,27
2026-01-22 01:08:00,3.5,3.501,3.4875,3.4895,3.505,3.506,3.4925,3.4945,29
2026-01-22 01:09:00,3.489,3.49,3.4865,3.4865,3.494,3.495,3.4915,3.4915,21
2026-01-22 01:10:00,3.486,3.4865,3.484,3.485,3.491,3.4915,3.489,3.49,15
2026-01-22 01:11:00,3.476,3.4815,3.476,3.476,3.481,3.4865,3.481,3.481,26
2026-01-22 01:12:00,3.4765,3.4765,3.472,3.4745,3.4815,3.4815,3.477,3.4795,22
2026-01-22 01:13:00,3.475,3.4785,3.4725,3.4775,3.48,3.4835,3.4775,3.4825,26
2026-01-22 01:14:00,3.477,3.4855,3.477,3.4795,3.482,3.4905,3.482,3.4845,23
2026-01-22 01:15:00,3.48,3.483,3.4795,3.4815,3.485,3.488,3.4845,3.4865,13
2026-01-22 01:16:00,3.48,3.481,3.478,3.4805,3.485,3.486,3.483,3.4855,9
2026-01-22 01:17:00,3.481,3.4835,3.4805,3.4835,3.486,3.4885,3.4855,3.4885,6
2026-01-22 01:18:00,3.4815,3.4815,3.4755,3.4755,3.4865,3.4865,3.4805,3.4805,29
2026-01-22 01:19:00,3.474,3.4755,3.4705,3.473,3.479,3.4805,3.4755,3.478,27
2026-01-22 01:20:00,3.4735,3.4775,3.4725,3.4755,3.4785,3.4825,3.4775,3.4805,16
2026-01-22 01:21:00,3.476,3.477,3.4735,3.4765,3.481,3.482,3.4785,3.4815,13
2026-01-22 01:22:00,3.476,3.4765,3.472,3.473,3.481,3.4815,3.477,3.478,13
2026-01-22 01:23:00,3.4725,3.473,3.4705,3.4725,3.4775,3.478,3.4755,3.4775,15
2026-01-22 01:24:00,3.473,3.473,3.471,3.472,3.478,3.478,3.476,3.477,13
2026-01-22 01:25:00,3.471,3.473,3.468,3.468,3.476,3.478,3.473,3.473,29
2026-01-22 01:26:00,3.4685,3.4705,3.4615,3.4655,3.4735,3.4755,3.4665,3.4705,30
2026-01-22 01:27:00,3.466,3.469,3.465,3.468,3.471,3.474,3.47,3.473,30
2026-01-22 01:28:00,3.4675,3.47,3.467,3.469,3.4725,3.475,3.472,3.474,11
2026-01-22 01:29:00,3.47,3.473,3.469,3.4705,3.475,3.478,3.474,3.4755,17
2026-01-22 01:30:00,3.471,3.471,3.4695,3.4705,3.476,3.476,3.4745,3.4755,12
2026-01-22 01:31:00,3.471,3.4775,3.47,3.4735,3.476,3.4825,3.475,3.4785,20
2026-01-22 01:32:00,3.475,3.4765,3.4745,3.476,3.48,3.4815,3.4795,3.481,18
2026-01-22 01:33:00,3.4765,3.4765,3.4735,3.476,3.4815,3.4815,3.4785,3.481,9
2026-01-22 01:34:00,3.4765,3.4775,3.4755,3.4765,3.4815,3.4825,3.4805,3.4815,5
2026-01-22 01:35:00,3.477,3.479,3.4765,3.479,3.482,3.484,3.4815,3.484,22
2026-01-22 01:36:00,3.4785,3.4785,3.4755,3.4785,3.4835,3.4835,3.4805,3.4835,12
2026-01-22 01:37:00,3.479,3.481,3.4785,3.479,3.484,3.486,3.4835,3.484,11
2026-01-22 01:38:00,3.48,3.4825,3.48,3.481,3.485,3.4875,3.485,3.486,13
2026-01-22 01:39:00,3.4815,3.484,3.4805,3.481,3.4865,3.489,3.4855,3.486,18
2026-01-22 01:40:00,3.4815,3.485,3.48,3.485,3.4865,3.49,3.485,3.49,12
2026-01-22 01:41:00,3.4865,3.491,3.486,3.488,3.4915,3.496,3.491,3.493,19
2026-01-22 01:42:00,3.4875,3.49,3.4875,3.4885,3.4925,3.495,3.4925,3.4935,19
2026-01-22 01:43:00,3.488,3.489,3.4805,3.4805,3.493,3.494,3.4855,3.4855,22
2026-01-22 01:44:00,3.481,3.483,3.481,3.481,3.486,3.488,3.486,3.486,17
2026-01-22 01:45:00,3.4815,3.4865,3.481,3.486,3.4865,3.4915,3.486,3.491,22
2026-01-22 01:46:00,3.4855,3.4875,3.481,3.482,3.4905,3.4925,3.486,3.487,15
2026-01-22 01:47:00,3.4815,3.483,3.481,3.483,3.4865,3.488,3.486,3.488,13
2026-01-22 01:48:00,3.4825,3.4825,3.481,3.481,3.4875,3.4875,3.486,3.486,6
2026-01-22 01:49:00,3.4815,3.4815,3.478,3.481,3.4865,3.4865,3.483,3.486,15
2026-01-22 01:50:00,3.4815,3.4815,3.4775,3.479,3.4865,3.4865,3.4825,3.484,17
2026-01-22 01:51:00,3.4795,3.482,3.478,3.482,3.4845,3.487,3.483,3.487,33
2026-01-22 01:52:00,3.481,3.483,3.479,3.479,3.486,3.488,3.484,3.484,23
2026-01-22 01:53:00,3.4795,3.482,3.479,3.479,3.4845,3.487,3.484,3.484,14
2026-01-22 01:54:00,3.4795,3.4805,3.479,3.48,3.4845,3.4855,3.484,3.485,16
2026-01-22 01:55:00,3.4795,3.4795,3.475,3.477,3.4845,3.4845,3.48,3.482,26
2026-01-22 01:56:00,3.478,3.4785,3.4775,3.4785,3.483,3.4835,3.4825,3.4835,6
2026-01-22 01:57:00,3.478,3.479,3.477,3.4775,3.483,3.484,3.482,3.4825,13
2026-01-22 01:58:00,3.478,3.4795,3.4765,3.4765,3.483,3.4845,3.4815,3.4815,9
2026-01-22 01:59:00,3.4775,3.4785,3.4755,3.478,3.4825,3.4835,3.4805,3.483,29
2026-01-22 02:00:00,3.4775,3.481,3.475,3.479,3.4825,3.486,3.48,3.484,30
2026-01-22 02:01:00,3.478,3.4815,3.478,3.4785,3.483,3.4865,3.483,3.4835,28
2026-01-22 02:02:00,3.478,3.4795,3.474,3.474,3.483,3.4845,3.479,3.479,18
2026-01-22 02:03:00,3.4745,3.4755,3.474,3.4755,3.4795,3.4805,3.479,3.4805,16
2026-01-22 02:04:00,3.475,3.476,3.472,3.4725,3.48,3.481,3.477,3.4775,17
2026-01-22 02:05:00,3.472,3.472,3.464,3.466,3.477,3.477,3.469,3.471,24
2026-01-22 02:06:00,3.4665,3.4685,3.466,3.4685,3.4715,3.4735,3.471,3.4735,11
2026-01-22 02:07:00,3.468,3.476,3.468,3.472,3.473,3.481,3.473,3.477,28
2026-01-22 02:08:00,3.4725,3.4755,3.472,3.4735,3.4775,3.4805,3.477,3.4785,9
2026-01-22 02:09:00,3.474,3.4765,3.474,3.474,3.479,3.4815,3.479,3.479,31
2026-01-22 02:10:00,3.4745,3.4865,3.4745,3.485,3.4795,3.4915,3.4795,3.49,36
2026-01-22 02:11:00,3.4845,3.489,3.483,3.488,3.4895,3.494,3.488,3.493,44
2026-01-22 02:12:00,3.4875,3.49,3.4865,3.488,3.4925,3.495,3.4915,3.493,38
2026-01-22 02:13:00,3.4885,3.489,3.488,3.4885,3.4935,3.494,3.493,3.4935,13
2026-01-22 02:14:00,3.4895,3.493,3.485,3.491,3.4945,3.498,3.49,3.496,33
2026-01-22 02:15:00,3.4915,3.5035,3.4915,3.5025,3.4965,3.5085,3.4965,3.5075,47
2026-01-22 02:16:00,3.503,3.507,3.497,3.4985,3.508,3.512,3.502,3.5035,39
2026-01-22 02:17:00,3.498,3.5015,3.494,3.495,3.503,3.5065,3.499,3.5,33
2026-01-22 02:18:00,3.4945,3.5005,3.4935,3.5,3.4995,3.5055,3.4985,3.505,27
2026-01-22 02:19:00,3.4995,3.502,3.4985,3.501,3.5045,3.507,3.5035,3.506,21
2026-01-22 02:20:00,3.502,3.506,3.499,3.5035,3.507,3.511,3.504,3.5085,28
2026-01-22 02:21:00,3.503,3.5055,3.5,3.502,3.508,3.5105,3.505,3.507,22
2026-01-22 02:22:00,3.5025,3.5085,3.5025,3.5055,3.5075,3.5135,3.5075,3.5105,18
2026-01-22 02:23:00,3.5065,3.5065,3.5045,3.5065,3.5115,3.5115,3.5095,3.5115,11
2026-01-22 02:24:00,3.507,3.5075,3.5025,3.506,3.512,3.5125,3.5075,3.511,17
2026-01-22 02:25:00,3.505,3.508,3.503,3.505,3.51,3.513,3.508,3.51,19
2026-01-22 02:26:00,3.5045,3.51,3.5025,3.5095,3.5095,3.515,3.5075,3.5145,18
2026-01-22 02:27:00,3.51,3.51,3.5075,3.509,3.515,3.515,3.5125,3.514,13
2026-01-22 02:28:00,3.5085,3.509,3.5025,3.5045,3.5135,3.514,3.5075,3.5095,15
2026-01-22 02:29:00,3.505,3.5065,3.503,3.5065,3.51,3.5115,3.508,3.5115,13
2026-01-22 02:30:00,3.506,3.5075,3.5055,3.5055,3.511,3.5125,3.5105,3.5105,10
2026-01-22 02:31:00,3.506,3.5105,3.5055,3.5095,3.511,3.5155,3.5105,3.5145,11
2026-01-22 02:32:00,3.51,3.511,3.51,3.5105,3.515,3.516,3.515,3.5155,5
2026-01-22 02:33:00,3.51,3.512,3.5085,3.51,3.515,3.517,3.5135,3.515,13
2026-01-22 02:34:00,3.5105,3.5115,3.5105,3.5115,3.5155,3.5165,3.5155,3.5165,6
2026-01-22 02:35:00,3.512,3.5155,3.512,3.5145,3.517,3.5205,3.517,3.5195,16
2026-01-22 02:36:00,3.5135,3.5305,3.513,3.528,3.5185,3.5355,3.518,3.533,46
2026-01-22 02:37:00,3.5275,3.5415,3.523,3.5405,3.5325,3.5465,3.528,3.5455,66
2026-01-22 02:38:00,3.5415,3.5435,3.536,3.537,3.5465,3.5485,3.541,3.542,45
2026-01-22 02:39:00,3.536,3.5365,3.5315,3.535,3.541,3.5415,3.5365,3.54,18
2026-01-22 02:40:00,3.5335,3.5465,3.5335,3.5455,3.5385,3.5515,3.5385,3.5505,39
2026-01-22 02:41:00,3.545,3.5465,3.537,3.542,3.55,3.5515,3.542,3.547,58
2026-01-22 02:42:00,3.5405,3.5525,3.54,3.5495,3.5455,3.5575,3.545,3.5545,32
2026-01-22 02:43:00,3.55,3.555,3.545,3.546,3.555,3.56,3.55,3.551,29
2026-01-22 02:44:00,3.5445,3.556,3.544,3.5525,3.5495,3.561,3.549,3.5575,35
2026-01-22 02:45:00,3.552,3.552,3.537,3.5395,3.557,3.557,3.542,3.5445,24
2026-01-22 02:46:00,3.5405,3.5465,3.54,3.545,3.5455,3.5515,3.545,3.55,18
2026-01-22 02:47:00,3.544,3.547,3.544,3.546,3.549,3.552,3.549,3.551,7
2026-01-22 02:48:00,3.5465,3.5515,3.544,3.548,3.5515,3.5565,3.549,3.553,19
2026-01-22 02:49:00,3.5485,3.5505,3.5425,3.543,3.5535,3.5555,3.5475,3.548,31
2026-01-22 02:50:00,3.5415,3.5425,3.5315,3.535,3.5465,3.5475,3.5365,3.54,38
2026-01-22 02:51:00,3.5345,3.5345,3.526,3.5275,3.5395,3.5395,3.531,3.5325,18
2026-01-22 02:52:00,3.528,3.532,3.528,3.5315,3.533,3.537,3.533,3.5365,9
2026-01-22 02:53:00,3.53,3.5355,3.529,3.5325,3.535,3.5405,3.534,3.5375,23
2026-01-22 02:54:00,3.5315,3.5445,3.5315,3.5435,3.5365,3.5495,3.5365,3.5485,21
2026-01-22 02:55:00,3.5425,3.544,3.5415,3.542,3.5475,3.549,3.5465,3.547,15
2026-01-22 02:56:00,3.5415,3.5415,3.5365,3.5405,3.5465,3.5465,3.5415,3.5455,9
2026-01-22 02:57:00,3.54,3.5425,3.5395,3.541,3.545,3.5475,3.5445,3.546,9
2026-01-22 02:58:00,3.5395,3.5405,3.5385,3.5405,3.5445,3.5455,3.5435,3.5455,4
2026-01-22 02:59:00,3.541,3.5435,3.5395,3.5435,3.546,3.5485,3.5445,3.5485,10
2026-01-22 03:00:00,3.5425,3.543,3.5345,3.536,3.5475,3.548,3.5395,3.541,13
2026-01-22 03:01:00,3.5365,3.538,3.532,3.5335,3.5415,3.543,3.537,3.5385,14
2026-01-22 03:02:00,3.5325,3.5345,3.5325,3.5345,3.5375,3.5395,3.5375,3.5395,8
2026-01-22 03:03:00,3.534,3.55,3.534,3.5435,3.539,3.555,3.539,3.5485,37
2026-01-22 03:04:00,3.5425,3.5445,3.54,3.5415,3.5475,3.5495,3.545,3.5465,14
2026-01-22 03:05:00,3.5405,3.543,3.5395,3.5405,3.5455,3.548,3.5445,3.5455,9
2026-01-22 03:06:00,3.542,3.5445,3.5415,3.5445,3.547,3.5495,3.5465,3.5495,12
2026-01-22 03:07:00,3.545,3.5465,3.5425,3.543,3.55,3.5515,3.5475,3.548,9
2026-01-22 03:08:00,3.542,3.552,3.542,3.5495,3.547,3.557,3.547,3.5545,23
2026-01-22 03:09:00,3.5485,3.5495,3.546,3.5495,3.5535,3.5545,3.551,3.5545,9
2026-01-22 03:10:00,3.549,3.573,3.5485,3.571,3.554,3.578,3.5535,3.576,79
2026-01-22 03:11:00,3.5705,3.585,3.5695,3.577,3.5755,3.59,3.5745,3.582,61
2026-01-22 03:12:00,3.5765,3.5855,3.574,3.5825,3.5815,3.5905,3.579,3.5875,42
2026-01-22 03:13:00,3.5815,3.5915,3.5765,3.59,3.5865,3.5965,3.5815,3.595,44
2026-01-22 03:14:00,3.589,3.597,3.5805,3.5935,3.594,3.602,3.5855,3.5985,52
2026-01-22 03:15:00,3.5925,3.596,3.5905,3.594,3.5975,3.601,3.5955,3.599,24
2026-01-22 03:16:00,3.5935,3.609,3.5925,3.6025,3.5985,3.614,3.5975,3.6075,34
2026-01-22 03:17:00,3.602,3.602,3.5845,3.5895,3.607,3.607,3.5895,3.5945,42
2026-01-22 03:18:00,3.5875,3.5925,3.5815,3.5815,3.5925,3.5975,3.5865,3.5865,33
2026-01-22 03:19:00,3.582,3.5835,3.5795,3.5825,3.587,3.5885,3.5845,3.5875,34
2026-01-22 03:20:00,3.582,3.585,3.575,3.578,3.587,3.59,3.58,3.583,26
2026-01-22 03:21:00,3.5785,3.6015,3.5785,3.5985,3.5835,3.6065,3.5835,3.6035,30
2026-01-22 03:22:00,3.598,3.602,3.595,3.5975,3.603,3.607,3.6,3.6025,28
2026-01-22 03:23:00,3.597,3.6005,3.597,3.6,3.602,3.6055,3.602,3.605,19
2026-01-22 03:24:00,3.5985,3.5985,3.596,3.5985,3.6035,3.6035,3.601,3.6035,12
2026-01-22 03:25:00,3.599,3.6005,3.59,3.5905,3.604,3.6055,3.595,3.5955,35
2026-01-22 03:26:00,3.591,3.605,3.59,3.6,3.596,3.61,3.595,3.605,45
2026-01-22 03:27:00,3.599,3.599,3.59,3.594,3.604,3.604,3.595,3.599,33
2026-01-22 03:28:00,3.5925,3.5935,3.5845,3.5865,3.5975,3.5985,3.5895,3.5915,23
2026-01-22 03:29:00,3.586,3.5865,3.5815,3.582,3.591,3.5915,3.5865,3.587,11
2026-01-22 03:30:00,3.583,3.584,3.5785,3.5815,3.588,3.589,3.5835,3.5865,21
2026-01-22 03:31:00,3.581,3.5815,3.5685,3.572,3.586,3.5865,3.5735,3.577,34
2026-01-22 03:32:00,3.5715,3.572,3.5695,3.5695,3.5765,3.577,3.5745,3.5745,10
2026-01-22 03:33:00,3.568,3.572,3.567,3.5715,3.573,3.577,3.572,3.5765,21
2026-01-22 03:34:00,3.571,3.5765,3.571,3.5745,3.576,3.5815,3.576,3.5795,20
2026-01-22 03:35:00,3.575,3.575,3.5685,3.569,3.58,3.58,3.5735,3.574,17
2026-01-22 03:36:00,3.5695,3.571,3.562,3.563,3.5745,3.576,3.567,3.568,31
2026-01-22 03:37:00,3.562,3.562,3.5555,3.559,3.567,3.567,3.5605,3.564,30
2026-01-22 03:38:00,3.5585,3.5735,3.558,3.5715,3.5635,3.5785,3.563,3.5765,34
2026-01-22 03:39:00,3.572,3.572,3.568,3.568,3.577,3.577,3.573,3.573,5
2026-01-22 03:40:00,3.5685,3.572,3.567,3.5715,3.5735,3.577,3.572,3.5765,12
2026-01-22 03:41:00,3.571,3.5755,3.5695,3.5745,3.576,3.5805,3.5745,3.5795,22
2026-01-22 03:42:00,3.574,3.583,3.5735,3.58,3.579,3.588,3.5785,3.585,25
2026-01-22 03:43:00,3.5795,3.5795,3.5715,3.5715,3.5845,3.5845,3.5765,3.5765,10
2026-01-22 03:44:00,3.571,3.571,3.567,3.5685,3.576,3.576,3.572,3.5735,15
2026-01-22 03:45:00,3.5675,3.5725,3.5675,3.5715,3.5725,3.5775,3.5725,3.5765,8
2026-01-22 03:46:00,3.571,3.574,3.5705,3.573,3.576,3.579,3.5755,3.578,13
2026-01-22 03:47:00,3.5725,3.574,3.569,3.569,3.5775,3.579,3.574,3.574,21
2026-01-22 03:48:00,3.5705,3.5745,3.57,3.574,3.5755,3.5795,3.575,3.579,14
2026-01-22 03:49:00,3.5745,3.5885,3.5735,3.5875,3.5795,3.5935,3.5785,3.5925,31
2026-01-22 03:50:00,3.585,3.5865,3.5825,3.5845,3.59,3.5915,3.5875,3.5895,19
2026-01-22 03:51:00,3.5875,3.6015,3.5865,3.599,3.5925,3.6065,3.5915,3.604,58
2026-01-22 03:52:00,3.5965,3.5965,3.588,3.5925,3.6015,3.6015,3.593,3.5975,25
2026-01-22 03:53:00,3.592,3.5955,3.5885,3.5955,3.597,3.6005,3.5935,3.6005,16
2026-01-22 03:54:00,3.595,3.599,3.592,3.592,3.6,3.604,3.597,3.597,10
2026-01-22 03:55:00,3.59,3.592,3.586,3.592,3.595,3.597,3.591,3.597,13
2026-01-22 03:56:00,3.591,3.5945,3.591,3.5935,3.596,3.5995,3.596,3.5985,22
2026-01-22 03:57:00,3.594,3.596,3.592,3.5945,3.599,3.601,3.597,3.5995,8
2026-01-22 03:58:00,3.5935,3.5935,3.5925,3.5935,3.5985,3.5985,3.5975,3.5985,8
2026-01-22 03:59:00,3.593,3.5935,3.5925,3.5925,3.598,3.5985,3.5975,3.5975,4
2026-01-22 04:00:00,3.593,3.593,3.5845,3.588,3.598,3.598,3.5895,3.593,17
2026-01-22 04:01:00,3.587,3.595,3.587,3.595,3.592,3.6,3.592,3.6,17
2026-01-22 04:02:00,3.594,3.5975,3.594,3.5955,3.599,3.6025,3.599,3.6005,9
2026-01-22 04:03:00,3.596,3.596,3.595,3.5955,3.601,3.601,3.6,3.6005,3
2026-01-22 04:04:00,3.595,3.595,3.592,3.594,3.6,3.6,3.597,3.599,12
2026-01-22 04:05:00,3.5935,3.5935,3.5905,3.592,3.5985,3.5985,3.5955,3.597,10
2026-01-22 04:06:00,3.5925,3.5945,3.5915,3.5915,3.5975,3.5995,3.5965,3.5965,18
2026-01-22 04:07:00,3.591,3.596,3.591,3.5955,3.596,3.601,3.596,3.6005,18
2026-01-22 04:08:00,3.5945,3.595,3.589,3.5895,3.5995,3.6,3.594,3.5945,15
2026-01-22 04:09:00,3.589,3.5925,3.589,3.5925,3.594,3.5975,3.594,3.5975,11
2026-01-22 04:10:00,3.592,3.593,3.591,3.591,3.597,3.598,3.596,3.596,14
2026-01-22 04:11:00,3.5905,3.5905,3.5885,3.5895,3.5955,3.5955,3.5935,3.5945,5
2026-01-22 04:12:00,3.5885,3.589,3.5745,3.578,3.5935,3.594,3.5795,3.583,89
2026-01-22 04:13:00,3.5785,3.582,3.577,3.582,3.5835,3.587,3.582,3.587,23
2026-01-22 04:14:00,3.5825,3.588,3.5825,3.5855,3.5875,3.593,3.5875,3.5905,19
2026-01-22 04:15:00,3.586,3.588,3.582,3.583,3.591,3.593,3.587,3.588,14
2026-01-22 04:16:00,3.584,3.592,3.584,3.589,3.589,3.597,3.589,3.594,20
2026-01-22 04:17:00,3.591,3.593,3.59,3.5915,3.596,3.598,3.595,3.5965,13
2026-01-22 04:18:00,3.5925,3.593,3.592,3.5925,3.5975,3.598,3.597,3.5975,15
2026-01-22 04:19:00,3.593,3.601,3.593,3.5975,3.598,3.606,3.598,3.6025,29
2026-01-22 04:20:00,3.5965,3.598,3.5955,3.5965,3.6015,3.603,3.6005,3.6015,12
2026-01-22 04:21:00,3.5975,3.598,3.5925,3.596,3.6025,3.603,3.5975,3.601,13
2026-01-22 04:22:00,3.5955,3.598,3.595,3.598,3.6005,3.603,3.6,3.603,8
2026-01-22 04:23:00,3.5985,3.5985,3.5955,3.5955,3.6035,3.6035,3.6005,3.6005,4
2026-01-22 04:24:00,3.5965,3.599,3.5955,3.5965,3.6015,3.604,3.6005,3.6015,9
2026-01-22 04:25:00,3.597,3.598,3.5965,3.5975,3.602,3.603,3.6015,3.6025,5
2026-01-22 04:26:00,3.599,3.6015,3.599,3.6,3.604,3.6065,3.604,3.605,10
2026-01-22 04:27:00,3.5995,3.5995,3.594,3.596,3.6045,3.6045,3.599,3.601,16
2026-01-22 04:28:00,3.5955,3.598,3.5955,3.598,3.6005,3.603,3.6005,3.603,12
2026-01-22 04:29:00,3.597,3.6005,3.595,3.5975,3.602,3.6055,3.6,3.6025,18
2026-01-22 04:30:00,3.597,3.5995,3.591,3.5945,3.602,3.6045,3.596,3.5995,77
2026-01-22 04:31:00,3.5955,3.604,3.595,3.603,3.6005,3.609,3.6,3.608,74
2026-01-22 04:32:00,3.604,3.6125,3.6025,3.6125,3.609,3.6175,3.6075,3.6175,38
2026-01-22 04:33:00,3.613,3.616,3.6095,3.6145,3.618,3.621,3.6145,3.6195,45
2026-01-22 04:34:00,3.6155,3.617,3.612,3.615,3.6205,3.622,3.617,3.62,35
2026-01-22 04:35:00,3.614,3.6225,3.614,3.619,3.619,3.6275,3.619,3.624,41
2026-01-22 04:36:00,3.618,3.6265,3.618,3.6255,3.623,3.6315,3.623,3.6305,55
2026-01-22 04:37:00,3.626,3.631,3.6255,3.628,3.631,3.636,3.6305,3.633,37
2026-01-22 04:38:00,3.6275,3.633,3.6235,3.6265,3.6325,3.638,3.6285,3.6315,66
2026-01-22 04:39:00,3.6255,3.627,3.622,3.6265,3.6305,3.632,3.627,3.6315,31
2026-01-22 04:40:00,3.6275,3.628,3.621,3.6225,3.6325,3.633,3.626,3.6275,34
2026-01-22 04:41:00,3.624,3.6265,3.6215,3.6235,3.629,3.6315,3.6265,3.6285,45
2026-01-22 04:42:00,3.6245,3.632,3.6245,3.631,3.6295,3.637,3.6295,3.636,43
2026-01-22 04:43:00,3.6295,3.632,3.6285,3.629,3.6345,3.637,3.6335,3.634,39
2026-01-22 04:44:00,3.6285,3.629,3.626,3.629,3.6335,3.634,3.631,3.634,22
2026-01-22 04:45:00,3.6295,3.631,3.627,3.6305,3.6345,3.636,3.632,3.6355,25
2026-01-22 04:46:00,3.63,3.633,3.63,3.6325,3.635,3.638,3.635,3.6375,14
2026-01-22 04:47:00,3.633,3.639,3.632,3.634,3.638,3.644,3.637,3.639,39
2026-01-22 04:48:00,3.6345,3.6355,3.6325,3.634,3.6395,3.6405,3.6375,3.639,19
2026-01-22 04:49:00,3.633,3.6345,3.6325,3.6345,3.638,3.6395,3.6375,3.6395,16
2026-01-22 04:50:00,3.633,3.6405,3.632,3.639,3.638,3.6455,3.637,3.644,29
2026-01-22 04:51:00,3.6395,3.6495,3.6395,3.649,3.6445,3.6545,3.6445,3.654,51
2026-01-22 04:52:00,3.6485,3.65,3.6425,3.6485,3.6535,3.655,3.6475,3.6535,37
2026-01-22 04:53:00,3.648,3.65,3.6465,3.6485,3.653,3.655,3.6515,3.6535,32
2026-01-22 04:54:00,3.6475,3.6485,3.645,3.648,3.6525,3.6535,3.65,3.653,17
2026-01-22 04:55:00,3.6475,3.648,3.645,3.6465,3.6525,3.653,3.65,3.6515,16
2026-01-22 04:56:00,3.646,3.648,3.639,3.641,3.651,3.653,3.644,3.646,45
2026-01-22 04:57:00,3.642,3.647,3.642,3.6445,3.647,3.652,3.647,3.6495,27
2026-01-22 04:58:00,3.645,3.646,3.6405,3.6405,3.65,3.651,3.6455,3.6455,16
2026-01-22 04:59:00,3.6395,3.6435,3.6395,3.641,3.6445,3.6485,3.6445,3.646,18
2026-01-22 05:00:00,3.6415,3.6415,3.6345,3.6405,3.6465,3.6465,3.6395,3.6455,28
2026-01-22 05:01:00,3.641,3.653,3.641,3.652,3.646,3.658,3.646,3.657,59
2026-01-22 05:02:00,3.6515,3.655,3.65,3.6535,3.6565,3.66,3.655,3.6585,32
2026-01-22 05:03:00,3.655,3.6555,3.6515,3.654,3.66,3.6605,3.6565,3.659,20
2026-01-22 05:04:00,3.653,3.6545,3.651,3.654,3.658,3.6595,3.656,3.659,27
2026-01-22 05:05:00,3.6545,3.6545,3.6505,3.654,3.6595,3.6595,3.6555,3.659,15
2026-01-22 05:06:00,3.6535,3.655,3.639,3.639,3.6585,3.66,3.644,3.644,28
2026-01-22 05:07:00,3.6385,3.639,3.631,3.6375,3.6435,3.644,3.636,3.6425,44
2026-01-22 05:08:00,3.6385,3.644,3.6345,3.642,3.6435,3.649,3.6395,3.647,36
2026-01-22 05:09:00,3.643,3.645,3.64,3.6435,3.648,3.65,3.645,3.6485,16
2026-01-22 05:10:00,3.642,3.643,3.636,3.643,3.647,3.648,3.641,3.648,25
2026-01-22 05:11:00,3.642,3.6455,3.6415,3.644,3.647,3.6505,3.6465,3.649,19
2026-01-22 05:12:00,3.6445,3.6545,3.6445,3.6545,3.6495,3.6595,3.6495,3.6595,23
2026-01-22 05:13:00,3.654,3.6585,3.653,3.658,3.659,3.6635,3.658,3.663,26
2026-01-22 05:14:00,3.6575,3.66,3.6515,3.6525,3.6625,3.665,3.6565,3.6575,32
2026-01-22 05:15:00,3.652,3.653,3.65,3.651,3.657,3.658,3.655,3.656,16
2026-01-22 05:16:00,3.65,3.662,3.6495,3.6585,3.655,3.667,3.6545,3.6635,32
2026-01-22 05:17:00,3.6575,3.6595,3.654,3.658,3.6625,3.6645,3.659,3.663,11
2026-01-22 05:18:00,3.6575,3.661,3.6535,3.661,3.6625,3.666,3.6585,3.666,19
2026-01-22 05:19:00,3.6595,3.6595,3.649,3.649,3.6645,3.6645,3.654,3.654,29
2026-01-22 05:20:00,3.65,3.654,3.6485,3.653,3.655,3.659,3.6535,3.658,14
2026-01-22 05:21:00,3.6535,3.6535,3.6505,3.651,3.6585,3.6585,3.6555,3.656,14
2026-01-22 05:22:00,3.652,3.6565,3.652,3.6565,3.657,3.6615,3.657,3.6615,19
2026-01-22 05:23:00,3.656,3.6585,3.656,3.6585,3.661,3.6635,3.661,3.6635,13
2026-01-22 05:24:00,3.658,3.66,3.6565,3.659,3.663,3.665,3.6615,3.664,17
2026-01-22 05:25:00,3.66,3.661,3.6535,3.661,3.665,3.666,3.6585,3.666,26
2026-01-22 05:26:00,3.6605,3.6735,3.6605,3.6725,3.6655,3.6785,3.6655,3.6775,47
2026-01-22 05:27:00,3.672,3.673,3.6665,3.6665,3.677,3.678,3.6715,3.6715,24
2026-01-22 05:28:00,3.666,3.666,3.6285,3.6285,3.671,3.671,3.6335,3.6335,130
2026-01-22 05:29:00,3.6295,3.637,3.625,3.6275,3.6345,3.642,3.63,3.6325,117
2026-01-22 05:30:00,3.6265,3.643,3.6265,3.639,3.6315,3.648,3.6315,3.644,45
2026-01-22 05:31:00,3.6385,3.6525,3.6335,3.6525,3.6435,3.6575,3.6385,3.6575,43
2026-01-22 05:32:00,3.6515,3.653,3.627,3.627,3.6565,3.658,3.632,3.632,33
2026-01-22 05:33:00,3.6275,3.6325,3.626,3.6285,3.6325,3.6375,3.631,3.6335,31
2026-01-22 05:34:00,3.6275,3.628,3.6235,3.6255,3.6325,3.633,3.6285,3.6305,15
2026-01-22 05:35:00,3.624,3.6245,3.618,3.618,3.629,3.6295,3.623,3.623,24
2026-01-22 05:36:00,3.6185,3.624,3.6155,3.623,3.6235,3.629,3.6205,3.628,36
2026-01-22 05:37:00,3.624,3.624,3.6145,3.619,3.629,3.629,3.6195,3.624,30
2026-01-22 05:38:00,3.6185,3.623,3.6165,3.621,3.6235,3.628,3.6215,3.626,26
2026-01-22 05:39:00,3.6195,3.6205,3.617,3.617,3.6245,3.6255,3.622,3.622,17
2026-01-22 05:40:00,3.6165,3.621,3.615,3.619,3.6215,3.626,3.62,3.624,21
2026-01-22 05:41:00,3.62,3.6225,3.6175,3.619,3.625,3.6275,3.6225,3.624,23
2026-01-22 05:42:00,3.6195,3.621,3.6195,3.621,3.6245,3.626,3.6245,3.626,5
2026-01-22 05:43:00,3.6205,3.624,3.6195,3.62,3.6255,3.629,3.6245,3.625,18
2026-01-22 05:44:00,3.621,3.6235,3.61,3.6135,3.626,3.6285,3.615,3.6185,51
2026-01-22 05:45:00,3.615,3.6265,3.6135,3.62,3.62,3.6315,3.6185,3.625,42
2026-01-22 05:46:00,3.6205,3.6225,3.619,3.621,3.6255,3.6275,3.624,3.626,20
2026-01-22 05:47:00,3.6205,3.6265,3.6205,3.6255,3.6255,3.6315,3.6255,3.6305,23
2026-01-22 05:48:00,3.626,3.64,3.626,3.639,3.631,3.645,3.631,3.644,45
2026-01-22 05:49:00,3.638,3.6405,3.6365,3.6395,3.643,3.6455,3.6415,3.6445,20
2026-01-22 05:50:00,3.641,3.646,3.6395,3.6395,3.646,3.651,3.6445,3.6445,23
2026-01-22 05:51:00,3.639,3.641,3.634,3.634,3.644,3.646,3.639,3.639,15
2026-01-22 05:52:00,3.6355,3.6355,3.627,3.6275,3.6405,3.6405,3.632,3.6325,14
2026-01-22 05:53:00,3.627,3.6295,3.6245,3.6295,3.632,3.6345,3.6295,3.6345,19
2026-01-22 05:54:00,3.628,3.6285,3.6225,3.6265,3.633,3.6335,3.6275,3.6315,18
2026-01-22 05:55:00,3.627,3.6285,3.6245,3.6245,3.632,3.6335,3.6295,3.6295,12
2026-01-22 05:56:00,3.6255,3.6335,3.6255,3.629,3.6305,3.6385,3.6305,3.634,28
2026-01-22 05:57:00,3.6285,3.6285,3.625,3.626,3.6335,3.6335,3.63,3.631,10
2026-01-22 05:58:00,3.6255,3.629,3.6225,3.627,3.6305,3.634,3.6275,3.632,21
2026-01-22 05:59:00,3.6275,3.63,3.614,3.614,3.6325,3.635,3.619,3.619,33
2026-01-22 06:00:00,3.6145,3.615,3.6125,3.614,3.6195,3.62,3.6175,3.619,11
2026-01-22 06:01:00,3.6145,3.615,3.6085,3.611,3.6195,3.62,3.6135,3.616,18
2026-01-22 06:02:00,3.6105,3.6105,3.602,3.6025,3.6155,3.6155,3.607,3.6075,29
2026-01-22 06:03:00,3.6015,3.6075,3.6015,3.6055,3.6065,3.6125,3.6065,3.6105,20
2026-01-22 06:04:00,3.6045,3.605,3.601,3.6045,3.6095,3.61,3.606,3.6095,18
2026-01-22 06:05:00,3.605,3.608,3.6005,3.603,3.61,3.613,3.6055,3.608,26
2026-01-22 06:06:00,3.6025,3.6165,3.601,3.614,3.6075,3.6215,3.606,3.619,41
2026-01-22 06:07:00,3.616,3.62,3.6145,3.616,3.621,3.625,3.6195,3.621,37
2026-01-22 06:08:00,3.6155,3.619,3.6145,3.6185,3.6205,3.624,3.6195,3.6235,11
2026-01-22 06:09:00,3.618,3.618,3.614,3.615,3.623,3.623,3.619,3.62,15
2026-01-22 06:10:00,3.614,3.6155,3.6135,3.615,3.619,3.6205,3.6185,3.62,8
2026-01-22 06:11:00,3.6155,3.624,3.6145,3.624,3.6205,3.629,3.6195,3.629,35
2026-01-22 06:12:00,3.6235,3.632,3.62,3.63,3.6285,3.637,3.625,3.635,38
2026-01-22 06:13:00,3.6305,3.6355,3.6305,3.6355,3.6355,3.6405,3.6355,3.6405,26
2026-01-22 06:14:00,3.6365,3.644,3.6365,3.644,3.6415,3.649,3.6415,3.649,29
2026-01-22 06:15:00,3.643,3.643,3.6365,3.6385,3.648,3.648,3.6415,3.6435,17
2026-01-22 06:16:00,3.64,3.6405,3.637,3.6375,3.645,3.6455,3.642,3.6425,12
2026-01-22 06:17:00,3.6365,3.638,3.634,3.636,3.6415,3.643,3.639,3.641,18
2026-01-22 06:18:00,3.6345,3.6385,3.6285,3.6305,3.6395,3.6435,3.6335,3.6355,27
2026-01-22 06:19:00,3.63,3.6355,3.63,3.6335,3.635,3.6405,3.635,3.6385,19
2026-01-22 06:20:00,3.636,3.6365,3.633,3.6345,3.641,3.6415,3.638,3.6395,17
2026-01-22 06:21:00,3.636,3.6405,3.636,3.6395,3.641,3.6455,3.641,3.6445,17
2026-01-22 06:22:00,3.64,3.64,3.636,3.638,3.645,3.645,3.641,3.643,18
2026-01-22 06:23:00,3.6385,3.644,3.6385,3.64,3.6435,3.649,3.6435,3.645,18
2026-01-22 06:24:00,3.639,3.6405,3.636,3.638,3.644,3.6455,3.641,3.643,11
2026-01-22 06:25:00,3.637,3.6395,3.6365,3.637,3.642,3.6445,3.6415,3.642,5
2026-01-22 06:26:00,3.6375,3.6435,3.6375,3.6425,3.6425,3.6485,3.6425,3.6475,15
2026-01-22 06:27:00,3.644,3.646,3.644,3.6455,3.649,3.651,3.649,3.6505,16
2026-01-22 06:28:00,3.645,3.646,3.6435,3.6455,3.65,3.651,3.6485,3.6505,17
2026-01-22 06:29:00,3.646,3.6465,3.6455,3.6455,3.651,3.6515,3.6505,3.6505,12
2026-01-22 06:30:00,3.645,3.645,3.6375,3.6385,3.65,3.65,3.6425,3.6435,15
2026-01-22 06:31:00,3.64,3.64,3.635,3.637,3.645,3.645,3.64,3.642,14
2026-01-22 06:32:00,3.6375,3.64,3.6375,3.64,3.6425,3.645,3.6425,3.645,6
2026-01-22 06:33:00,3.6405,3.643,3.64,3.6405,3.6455,3.648,3.645,3.6455,8
2026-01-22 06:34:00,3.642,3.6495,3.642,3.648,3.647,3.6545,3.647,3.653,23
2026-01-22 06:35:00,3.6475,3.649,3.6455,3.648,3.6525,3.654,3.6505,3.653,20
2026-01-22 06:36:00,3.6475,3.6485,3.6445,3.6485,3.6525,3.6535,3.6495,3.6535,17
2026-01-22 06:37:00,3.649,3.658,3.648,3.649,3.654,3.663,3.653,3.654,46
2026-01-22 06:38:00,3.651,3.6525,3.6485,3.6495,3.656,3.6575,3.6535,3.6545,14
2026-01-22 06:39:00,3.65,3.652,3.636,3.636,3.655,3.657,3.641,3.641,33
2026-01-22 06:40:00,3.6355,3.6375,3.6345,3.636,3.6405,3.6425,3.6395,3.641,18
2026-01-22 06:41:00,3.6365,3.6365,3.634,3.6365,3.6415,3.6415,3.639,3.6415,12
2026-01-22 06:42:00,3.636,3.6445,3.635,3.6445,3.641,3.6495,3.64,3.6495,28
2026-01-22 06:43:00,3.644,3.649,3.642,3.6455,3.649,3.654,3.647,3.6505,34
2026-01-22 06:44:00,3.646,3.6475,3.638,3.638,3.651,3.6525,3.643,3.643,23
2026-01-22 06:45:00,3.639,3.647,3.639,3.646,3.644,3.652,3.644,3.651,15
2026-01-22 06:46:00,3.6455,3.648,3.6435,3.644,3.6505,3.653,3.6485,3.649,21
2026-01-22 06:47:00,3.645,3.6535,3.6445,3.6515,3.65,3.6585,3.6495,3.6565,30
2026-01-22 06:48:00,3.6505,3.651,3.643,3.6475,3.6555,3.656,3.648,3.6525,21
2026-01-22 06:49:00,3.6465,3.647,3.6425,3.645,3.6515,3.652,3.6475,3.65,17
2026-01-22 06:50:00,3.6445,3.647,3.638,3.6445,3.6495,3.652,3.643,3.6495,32
2026-01-22 06:51:00,3.6465,3.6525,3.644,3.6455,3.6515,3.6575,3.649,3.6505,21
2026-01-22 06:52:00,3.6445,3.659,3.644,3.656,3.6495,3.664,3.649,3.661,28
2026-01-22 06:53:00,3.6555,3.6655,3.655,3.6655,3.6605,3.6705,3.66,3.6705,31
2026-01-22 06:54:00,3.6645,3.6705,3.664,3.6685,3.6695,3.6755,3.669,3.6735,40
2026-01-22 06:55:00,3.669,3.6695,3.6645,3.666,3.674,3.6745,3.6695,3.671,40
2026-01-22 06:56:00,3.667,3.667,3.655,3.656,3.672,3.672,3.66,3.661,32
2026-01-22 06:57:00,3.6565,3.658,3.6485,3.6485,3.6615,3.663,3.6535,3.6535,30
2026-01-22 06:58:00,3.648,3.655,3.6455,3.654,3.653,3.66,3.6505,3.659,27
2026-01-22 06:59:00,3.655,3.655,3.65,3.6515,3.66,3.66,3.655,3.6565,15
2026-01-22 07:00:00,3.651,3.6615,3.649,3.655,3.656,3.6665,3.654,3.66,78
2026-01-22 07:01:00,3.6545,3.658,3.653,3.653,3.6595,3.663,3.658,3.658,24
2026-01-22 07:02:00,3.6535,3.6555,3.652,3.653,3.6585,3.6605,3.657,3.658,15
2026-01-22 07:03:00,3.6525,3.6525,3.647,3.649,3.6575,3.6575,3.652,3.654,13
2026-01-22 07:04:00,3.6505,3.66,3.6505,3.6565,3.6555,3.665,3.6555,3.6615,19
2026-01-22 07:05:00,3.657,3.659,3.649,3.651,3.662,3.664,3.654,3.656,21
2026-01-22 07:06:00,3.6515,3.653,3.643,3.644,3.6565,3.658,3.648,3.649,42
2026-01-22 07:07:00,3.6445,3.6495,3.642,3.649,3.6495,3.6545,3.647,3.654,29
2026-01-22 07:08:00,3.6495,3.654,3.646,3.6515,3.6545,3.659,3.651,3.6565,24
2026-01-22 07:09:00,3.651,3.66,3.651,3.6565,3.656,3.665,3.656,3.6615,42
2026-01-22 07:10:00,3.6555,3.658,3.6525,3.6545,3.6605,3.663,3.6575,3.6595,26
2026-01-22 07:11:00,3.6555,3.6555,3.645,3.647,3.6605,3.6605,3.65,3.652,30
2026-01-22 07:12:00,3.646,3.648,3.6455,3.6455,3.651,3.653,3.6505,3.6505,13
2026-01-22 07:13:00,3.645,3.647,3.643,3.645,3.65,3.652,3.648,3.65,14
2026-01-22 07:14:00,3.6455,3.647,3.636,3.637,3.6505,3.652,3.641,3.642,24
2026-01-22 07:15:00,3.6365,3.638,3.6325,3.638,3.6415,3.643,3.6375,3.643,20
2026-01-22 07:16:00,3.6385,3.6415,3.633,3.6345,3.6435,3.6465,3.638,3.6395,24
2026-01-22 07:17:00,3.634,3.6395,3.6335,3.6355,3.639,3.6445,3.6385,3.6405,23
2026-01-22 07:18:00,3.636,3.641,3.6345,3.6345,3.641,3.646,3.6395,3.6395,14
2026-01-22 07:19:00,3.634,3.6355,3.6335,3.6355,3.639,3.6405,3.6385,3.6405,15
2026-01-22 07:20:00,3.6365,3.6515,3.6365,3.6515,3.6415,3.6565,3.6415,3.6565,21
2026-01-22 07:21:00,3.651,3.6585,3.6455,3.6585,3.656,3.6635,3.6505,3.6635,22
2026-01-22 07:22:00,3.6595,3.6625,3.655,3.6625,3.6645,3.6675,3.66,3.6675,26
2026-01-22 07:23:00,3.662,3.663,3.655,3.66,3.667,3.668,3.66,3.665,42
2026-01-22 07:24:00,3.6605,3.661,3.6575,3.6585,3.6655,3.666,3.6625,3.6635,15
2026-01-22 07:25:00,3.659,3.663,3.658,3.6615,3.664,3.668,3.663,3.6665,21
2026-01-22 07:26:00,3.6625,3.6625,3.658,3.661,3.6675,3.6675,3.663,3.666,26
2026-01-22 07:27:00,3.6625,3.663,3.659,3.6605,3.6675,3.668,3.664,3.6655,22
2026-01-22 07:28:00,3.659,3.669,3.659,3.668,3.664,3.674,3.664,3.673,25
2026-01-22 07:29:00,3.6685,3.6685,3.659,3.6605,3.6735,3.6735,3.664,3.6655,34
2026-01-22 07:30:00,3.66,3.661,3.643,3.643,3.665,3.666,3.648,3.648,42
2026-01-22 07:31:00,3.6435,3.6435,3.6355,3.638,3.6485,3.6485,3.6405,3.643,32
2026-01-22 07:32:00,3.6375,3.6375,3.626,3.6265,3.6425,3.6425,3.631,3.6315,95
2026-01-22 07:33:00,3.628,3.6355,3.628,3.631,3.633,3.6405,3.633,3.636,27
2026-01-22 07:34:00,3.6295,3.636,3.6265,3.6355,3.6345,3.641,3.6315,3.6405,27
2026-01-22 07:35:00,3.6365,3.6415,3.6255,3.629,3.6415,3.6465,3.6305,3.634,45
2026-01-22 07:36:00,3.6285,3.6335,3.6275,3.63,3.6335,3.6385,3.6325,3.635,36
2026-01-22 07:37:00,3.6295,3.6335,3.628,3.632,3.6345,3.6385,3.633,3.637,20
2026-01-22 07:38:00,3.6315,3.632,3.623,3.623,3.6365,3.637,3.628,3.628,42
2026-01-22 07:39:00,3.6235,3.6235,3.608,3.6115,3.6285,3.6285,3.613,3.6165,53
2026-01-22 07:40:00,3.6105,3.625,3.6085,3.622,3.6155,3.63,3.6135,3.627,64
2026-01-22 07:41:00,3.6215,3.623,3.6155,3.6175,3.6265,3.628,3.6205,3.6225,37
2026-01-22 07:42:00,3.618,3.6215,3.6125,3.6165,3.623,3.6265,3.6175,3.6215,27
2026-01-22 07:43:00,3.6185,3.628,3.6185,3.625,3.6235,3.633,3.6235,3.63,35
2026-01-22 07:44:00,3.626,3.629,3.626,3.628,3.631,3.634,3.631,3.633,17
2026-01-22 07:45:00,3.6285,3.631,3.6215,3.622,3.6335,3.636,3.6265,3.627,27
2026-01-22 07:46:00,3.623,3.6315,3.623,3.631,3.628,3.6365,3.628,3.636,31
2026-01-22 07:47:00,3.6315,3.6325,3.629,3.632,3.6365,3.6375,3.634,3.637,23
2026-01-22 07:48:00,3.631,3.6395,3.631,3.6395,3.636,3.6445,3.636,3.6445,15
2026-01-22 07:49:00,3.64,3.64,3.635,3.6395,3.645,3.645,3.64,3.6445,20
2026-01-22 07:50:00,3.639,3.639,3.633,3.633,3.644,3.644,3.638,3.638,17
2026-01-22 07:51:00,3.6335,3.6405,3.633,3.6405,3.6385,3.6455,3.638,3.6455,10
2026-01-22 07:52:00,3.639,3.641,3.636,3.639,3.644,3.646,3.641,3.644,14
2026-01-22 07:53:00,3.6405,3.6475,3.639,3.642,3.6455,3.6525,3.644,3.647,43
2026-01-22 07:54:00,3.641,3.643,3.632,3.634,3.646,3.648,3.637,3.639,29
2026-01-22 07:55:00,3.635,3.64,3.634,3.64,3.64,3.645,3.639,3.645,15
2026-01-22 07:56:00,3.6405,3.644,3.6385,3.643,3.6455,3.649,3.6435,3.648,23
2026-01-22 07:57:00,3.644,3.6475,3.641,3.6465,3.649,3.6525,3.646,3.6515,16
2026-01-22 07:58:00,3.6475,3.653,3.646,3.652,3.6525,3.658,3.651,3.657,20
2026-01-22 07:59:00,3.6525,3.656,3.6515,3.6535,3.6575,3.661,3.6565,3.6585,18
2026-01-22 08:00:00,3.654,3.6585,3.654,3.6585,3.659,3.6635,3.659,3.6635,32
2026-01-22 08:01:00,3.658,3.659,3.6505,3.6515,3.663,3.664,3.6555,3.6565,30
2026-01-22 08:02:00,3.651,3.6515,3.643,3.6455,3.656,3.6565,3.648,3.6505,35
2026-01-22 08:03:00,3.646,3.647,3.639,3.6425,3.651,3.652,3.644,3.6475,23
2026-01-22 08:04:00,3.643,3.643,3.637,3.637,3.648,3.648,3.642,3.642,12
2026-01-22 08:05:00,3.6375,3.639,3.633,3.6375,3.6425,3.644,3.638,3.6425,23
2026-01-22 08:06:00,3.638,3.6425,3.6375,3.6415,3.643,3.6475,3.6425,3.6465,19
2026-01-22 08:07:00,3.642,3.643,3.636,3.6415,3.647,3.648,3.641,3.6465,29
2026-01-22 08:08:00,3.641,3.6435,3.6405,3.6425,3.646,3.6485,3.6455,3.6475,19
2026-01-22 08:09:00,3.643,3.6455,3.637,3.6445,3.648,3.6505,3.642,3.6495,25
2026-01-22 08:10:00,3.6455,3.6655,3.6435,3.6595,3.6505,3.6705,3.6485,3.6645,55
2026-01-22 08:11:00,3.6605,3.664,3.6575,3.6615,3.6655,3.669,3.6625,3.6665,93
2026-01-22 08:12:00,3.661,3.6615,3.658,3.659,3.666,3.6665,3.663,3.664,25
2026-01-22 08:13:00,3.6595,3.6595,3.652,3.655,3.6645,3.6645,3.657,3.66,29
2026-01-22 08:14:00,3.6565,3.6645,3.6565,3.66,3.6615,3.6695,3.6615,3.665,34
2026-01-22 08:15:00,3.6595,3.663,3.656,3.656,3.6645,3.668,3.661,3.661,35
2026-01-22 08:16:00,3.6555,3.6635,3.652,3.658,3.6605,3.6685,3.657,3.663,33
2026-01-22 08:17:00,3.657,3.657,3.6535,3.6555,3.662,3.662,3.6585,3.6605,23
2026-01-22 08:18:00,3.6535,3.6585,3.6535,3.6545,3.6585,3.6635,3.6585,3.6595,22
2026-01-22 08:19:00,3.655,3.659,3.654,3.659,3.66,3.664,3.659,3.664,22
2026-01-22 08:20:00,3.6585,3.6615,3.658,3.6585,3.6635,3.6665,3.663,3.6635,27
2026-01-22 08:21:00,3.658,3.661,3.655,3.658,3.663,3.666,3.66,3.663,53
2026-01-22 08:22:00,3.657,3.66,3.6545,3.658,3.662,3.665,3.6595,3.663,33
2026-01-22 08:23:00,3.6575,3.698,3.6575,3.6715,3.6625,3.703,3.6625,3.6765,67
2026-01-22 08:24:00,3.671,3.678,3.6685,3.6765,3.676,3.683,3.6735,3.6815,31
2026-01-22 08:25:00,3.676,3.6785,3.6655,3.669,3.681,3.6835,3.6705,3.674,33
2026-01-22 08:26:00,3.6685,3.6695,3.6625,3.669,3.6735,3.6745,3.6675,3.674,54
2026-01-22 08:27:00,3.6695,3.6725,3.667,3.6725,3.6745,3.6775,3.672,3.6775,22
2026-01-22 08:28:00,3.671,3.671,3.667,3.6675,3.676,3.676,3.672,3.6725,14
2026-01-22 08:29:00,3.6685,3.674,3.6685,3.6725,3.6735,3.679,3.6735,3.6775,20
2026-01-22 08:30:00,3.673,3.6765,3.6705,3.6735,3.678,3.6815,3.6755,3.6785,27
2026-01-22 08:31:00,3.673,3.6785,3.6715,3.676,3.678,3.6835,3.6765,3.681,27
2026-01-22 08:32:00,3.675,3.68,3.675,3.6785,3.68,3.685,3.68,3.6835,19
2026-01-22 08:33:00,3.6795,3.683,3.6725,3.675,3.6845,3.688,3.6775,3.68,35
2026-01-22 08:34:00,3.6745,3.675,3.6695,3.672,3.6795,3.68,3.6745,3.677,23
2026-01-22 08:35:00,3.6715,3.6745,3.6675,3.6675,3.6765,3.6795,3.6725,3.6725,18
2026-01-22 08:36:00,3.668,3.673,3.6675,3.6725,3.673,3.678,3.6725,3.6775,10
2026-01-22 08:37:00,3.6735,3.6755,3.671,3.671,3.6785,3.6805,3.676,3.676,11
2026-01-22 08:38:00,3.6705,3.672,3.6695,3.671,3.6755,3.677,3.6745,3.676,16
2026-01-22 08:39:00,3.6715,3.6715,3.6645,3.6645,3.6765,3.6765,3.6695,3.6695,19
2026-01-22 08:40:00,3.664,3.6645,3.6595,3.66,3.669,3.6695,3.6645,3.665,23
2026-01-22 08:41:00,3.6605,3.67,3.6605,3.667,3.6655,3.675,3.6655,3.672,27
2026-01-22 08:42:00,3.6665,3.6685,3.6645,3.6685,3.6715,3.6735,3.6695,3.6735,19
2026-01-22 08:43:00,3.668,3.67,3.666,3.666,3.673,3.675,3.671,3.671,20
2026-01-22 08:44:00,3.665,3.666,3.6645,3.665,3.67,3.671,3.6695,3.67,11
2026-01-22 08:45:00,3.6645,3.6645,3.6605,3.6615,3.6695,3.6695,3.6655,3.6665,12
2026-01-22 08:46:00,3.662,3.6635,3.659,3.659,3.667,3.6685,3.664,3.664,13
2026-01-22 08:47:00,3.6595,3.66,3.657,3.657,3.6645,3.665,3.662,3.662,15
2026-01-22 08:48:00,3.656,3.658,3.649,3.6495,3.661,3.663,3.654,3.6545,37
2026-01-22 08:49:00,3.6485,3.6485,3.644,3.6465,3.6535,3.6535,3.649,3.6515,28
2026-01-22 08:50:00,3.647,3.647,3.644,3.645,3.652,3.652,3.649,3.65,16
2026-01-22 08:51:00,3.6435,3.6465,3.6415,3.6465,3.6485,3.6515,3.6465,3.6515,23
2026-01-22 08:52:00,3.647,3.649,3.644,3.649,3.652,3.654,3.649,3.654,21
2026-01-22 08:53:00,3.6495,3.662,3.6495,3.658,3.6545,3.667,3.6545,3.663,50
2026-01-22 08:54:00,3.657,3.6585,3.6535,3.6555,3.662,3.6635,3.6585,3.6605,28
2026-01-22 08:55:00,3.655,3.657,3.6525,3.655,3.66,3.662,3.6575,3.66,19
2026-01-22 08:56:00,3.6555,3.6615,3.6555,3.661,3.6605,3.6665,3.6605,3.666,27
2026-01-22 08:57:00,3.6625,3.663,3.6565,3.6575,3.6675,3.668,3.6615,3.6625,29
2026-01-22 08:58:00,3.657,3.659,3.657,3.6585,3.662,3.664,3.662,3.6635,8
2026-01-22 08:59:00,3.657,3.657,3.6515,3.6535,3.662,3.662,3.6565,3.6585,8
2026-01-22 09:00:00,3.654,3.6545,3.652,3.653,3.659,3.6595,3.657,3.658,13
2026-01-22 09:01:00,3.6515,3.654,3.65,3.654,3.6565,3.659,3.655,3.659,15
2026-01-22 09:02:00,3.6545,3.6545,3.64,3.64,3.6595,3.6595,3.645,3.645,34
2026-01-22 09:03:00,3.6395,3.644,3.6325,3.637,3.6445,3.649,3.6375,3.642,37
2026-01-22 09:04:00,3.636,3.639,3.634,3.639,3.641,3.644,3.639,3.644,18
2026-01-22 09:05:00,3.638,3.642,3.637,3.6405,3.643,3.647,3.642,3.6455,27
2026-01-22 09:06:00,3.6415,3.6415,3.635,3.641,3.6465,3.6465,3.64,3.646,29
2026-01-22 09:07:00,3.6405,3.641,3.639,3.64,3.6455,3.646,3.644,3.645,13
2026-01-22 09:08:00,3.6405,3.6415,3.6395,3.6395,3.6455,3.6465,3.6445,3.6445,7
2026-01-22 09:09:00,3.6385,3.642,3.638,3.639,3.6435,3.647,3.643,3.644,19
2026-01-22 09:10:00,3.638,3.641,3.6375,3.639,3.643,3.646,3.6425,3.644,18
2026-01-22 09:11:00,3.6385,3.6415,3.635,3.6415,3.6435,3.6465,3.64,3.6465,33
2026-01-22 09:12:00,3.643,3.643,3.6385,3.6385,3.648,3.648,3.6435,3.6435,15
2026-01-22 09:13:00,3.639,3.642,3.638,3.64,3.644,3.647,3.643,3.645,25
2026-01-22 09:14:00,3.6395,3.64,3.6355,3.637,3.6445,3.645,3.6405,3.642,17
2026-01-22 09:15:00,3.6355,3.637,3.628,3.6305,3.6405,3.642,3.633,3.6355,51
2026-01-22 09:16:00,3.6295,3.633,3.6295,3.6325,3.6345,3.638,3.6345,3.6375,16
2026-01-22 09:17:00,3.632,3.633,3.6255,3.627,3.637,3.638,3.6305,3.632,34
2026-01-22 09:18:00,3.626,3.63,3.6245,3.629,3.631,3.635,3.6295,3.634,30
2026-01-22 09:19:00,3.6285,3.6285,3.6225,3.624,3.6335,3.6335,3.6275,3.629,42
2026-01-22 09:20:00,3.623,3.627,3.622,3.622,3.628,3.632,3.627,3.627,28
2026-01-22 09:21:00,3.6225,3.6245,3.619,3.6225,3.6275,3.6295,3.624,3.6275,23
2026-01-22 09:22:00,3.622,3.622,3.617,3.618,3.627,3.627,3.622,3.623,33
2026-01-22 09:23:00,3.6185,3.62,3.608,3.6095,3.6235,3.625,3.613,3.6145,53
2026-01-22 09:24:00,3.6085,3.611,3.605,3.6065,3.6135,3.616,3.61,3.6115,50
2026-01-22 09:25:00,3.6055,3.6065,3.601,3.601,3.6105,3.6115,3.606,3.606,40
2026-01-22 09:26:00,3.5995,3.6,3.589,3.5905,3.6045,3.605,3.594,3.5955,82
2026-01-22 09:27:00,3.591,3.593,3.5845,3.586,3.596,3.598,3.5895,3.591,65
2026-01-22 09:28:00,3.585,3.588,3.58,3.587,3.59,3.593,3.585,3.592,55
2026-01-22 09:29:00,3.5865,3.5935,3.586,3.592,3.5915,3.5985,3.591,3.597,57
2026-01-22 09:30:00,3.593,3.595,3.587,3.5895,3.598,3.6,3.592,3.5945,39
2026-01-22 09:31:00,3.589,3.591,3.588,3.59,3.594,3.596,3.593,3.595,37
2026-01-22 09:32:00,3.589,3.591,3.5875,3.5895,3.594,3.596,3.5925,3.5945,23
2026-01-22 09:33:00,3.59,3.591,3.5855,3.591,3.595,3.596,3.5905,3.596,22
2026-01-22 09:34:00,3.5905,3.597,3.5905,3.592,3.5955,3.602,3.5955,3.597,25
2026-01-22 09:35:00,3.5925,3.5925,3.586,3.5875,3.5975,3.5975,3.591,3.5925,31
2026-01-22 09:36:00,3.587,3.589,3.5815,3.585,3.592,3.594,3.5865,3.59,37
2026-01-22 09:37:00,3.5845,3.588,3.5825,3.588,3.5895,3.593,3.5875,3.593,26
2026-01-22 09:38:00,3.5895,3.59,3.586,3.5865,3.5945,3.595,3.591,3.5915,15
2026-01-22 09:39:00,3.587,3.587,3.58,3.5805,3.592,3.592,3.585,3.5855,17
2026-01-22 09:40:00,3.582,3.584,3.582,3.583,3.587,3.589,3.587,3.588,10
2026-01-22 09:41:00,3.5835,3.588,3.579,3.58,3.5885,3.593,3.584,3.585,45
2026-01-22 09:42:00,3.5805,3.589,3.5805,3.587,3.5855,3.594,3.5855,3.592,44
2026-01-22 09:43:00,3.586,3.59,3.5855,3.586,3.591,3.595,3.5905,3.591,24
2026-01-22 09:44:00,3.5855,3.5855,3.5795,3.584,3.5905,3.5905,3.5845,3.589,14
2026-01-22 09:45:00,3.5845,3.591,3.584,3.5875,3.5895,3.596,3.589,3.5925,27
2026-01-22 09:46:00,3.586,3.588,3.585,3.588,3.591,3.593,3.59,3.593,16
2026-01-22 09:47:00,3.5875,3.589,3.5815,3.583,3.5925,3.594,3.5865,3.588,41
2026-01-22 09:48:00,3.582,3.5885,3.58,3.58,3.587,3.5935,3.585,3.585,56
2026-01-22 09:49:00,3.581,3.582,3.579,3.581,3.586,3.587,3.584,3.586,25
2026-01-22 09:50:00,3.582,3.583,3.578,3.5805,3.587,3.588,3.583,3.5855,22
2026-01-22 09:51:00,3.5795,3.5835,3.5795,3.5805,3.5845,3.5885,3.5845,3.5855,22
2026-01-22 09:52:00,3.5795,3.581,3.569,3.569,3.5845,3.586,3.574,3.574,33
2026-01-22 09:53:00,3.5685,3.57,3.5525,3.567,3.5735,3.575,3.5575,3.572,43
2026-01-22 09:54:00,3.568,3.5715,3.567,3.567,3.573,3.5765,3.572,3.572,29
2026-01-22 09:55:00,3.5675,3.5675,3.562,3.5625,3.5725,3.5725,3.567,3.5675,15
2026-01-22 09:56:00,3.5635,3.564,3.5605,3.562,3.5685,3.569,3.5655,3.567,22
2026-01-22 09:57:00,3.563,3.564,3.5605,3.562,3.568,3.569,3.5655,3.567,23
2026-01-22 09:58:00,3.561,3.561,3.558,3.56,3.566,3.566,3.563,3.565,20
2026-01-22 09:59:00,3.561,3.5695,3.559,3.5695,3.566,3.5745,3.564,3.5745,74
2026-01-22 10:00:00,3.5685,3.569,3.56,3.5655,3.5735,3.574,3.565,3.5705,36
2026-01-22 10:01:00,3.566,3.566,3.5605,3.5615,3.571,3.571,3.5655,3.5665,35
2026-01-22 10:02:00,3.5605,3.5605,3.5485,3.549,3.5655,3.5655,3.5535,3.554,33
2026-01-22 10:03:00,3.548,3.551,3.544,3.5495,3.553,3.556,3.549,3.5545,46
2026-01-22 10:04:00,3.55,3.55,3.5325,3.535,3.555,3.555,3.5375,3.54,39
2026-01-22 10:05:00,3.5355,3.5375,3.527,3.5275,3.5405,3.5425,3.532,3.5325,48
2026-01-22 10:06:00,3.528,3.5315,3.525,3.531,3.533,3.5365,3.53,3.536,38
2026-01-22 10:07:00,3.5305,3.5305,3.52,3.5245,3.5355,3.5355,3.525,3.5295,40
2026-01-22 10:08:00,3.525,3.536,3.525,3.5355,3.53,3.541,3.53,3.5405,49
2026-01-22 10:09:00,3.535,3.5365,3.5305,3.5325,3.54,3.5415,3.5355,3.5375,55
2026-01-22 10:10:00,3.5315,3.5355,3.528,3.5315,3.5365,3.5405,3.533,3.5365,51
2026-01-22 10:11:00,3.5305,3.531,3.522,3.522,3.5355,3.536,3.527,3.527,47
2026-01-22 10:12:00,3.5225,3.5305,3.522,3.528,3.5275,3.5355,3.527,3.533,42
2026-01-22 10:13:00,3.529,3.5325,3.5285,3.529,3.534,3.5375,3.5335,3.534,25
2026-01-22 10:14:00,3.5285,3.53,3.522,3.5255,3.5335,3.535,3.527,3.5305,37
2026-01-22 10:15:00,3.525,3.53,3.525,3.527,3.53,3.535,3.53,3.532,26
2026-01-22 10:16:00,3.5265,3.537,3.5235,3.5305,3.5315,3.542,3.5285,3.5355,62
2026-01-22 10:17:00,3.529,3.5315,3.526,3.5275,3.534,3.5365,3.531,3.5325,27
2026-01-22 10:18:00,3.5265,3.529,3.524,3.525,3.5315,3.534,3.529,3.53,21
2026-01-22 10:19:00,3.5255,3.528,3.522,3.5235,3.5305,3.533,3.527,3.5285,31
2026-01-22 10:20:00,3.524,3.525,3.5165,3.518,3.529,3.53,3.5215,3.523,37
2026-01-22 10:21:00,3.5175,3.523,3.512,3.521,3.5225,3.528,3.517,3.526,78
2026-01-22 10:22:00,3.52,3.5205,3.5105,3.5105,3.525,3.5255,3.5155,3.5155,41
2026-01-22 10:23:00,3.5115,3.5195,3.509,3.5155,3.5165,3.5245,3.514,3.5205,35
2026-01-22 10:24:00,3.5145,3.517,3.508,3.51,3.5195,3.522,3.513,3.515,35
2026-01-22 10:25:00,3.511,3.513,3.5095,3.5095,3.516,3.518,3.5145,3.5145,31
2026-01-22 10:26:00,3.508,3.5085,3.506,3.5085,3.513,3.5135,3.511,3.5135,16
2026-01-22 10:27:00,3.5095,3.513,3.505,3.5125,3.5145,3.518,3.51,3.5175,45
2026-01-22 10:28:00,3.513,3.518,3.51,3.517,3.518,3.523,3.515,3.522,27
2026-01-22 10:29:00,3.5165,3.5165,3.5085,3.512,3.5215,3.5215,3.5135,3.517,34
2026-01-22 10:30:00,3.5125,3.5145,3.502,3.503,3.5175,3.5195,3.507,3.508,49
2026-01-22 10:31:00,3.5035,3.5085,3.503,3.504,3.5085,3.5135,3.508,3.509,28
2026-01-22 10:32:00,3.5045,3.5085,3.4985,3.499,3.5095,3.5135,3.5035,3.504,50
2026-01-22 10:33:00,3.498,3.5,3.49,3.49,3.503,3.505,3.495,3.495,60
2026-01-22 10:34:00,3.491,3.492,3.486,3.4875,3.496,3.497,3.491,3.4925,50
2026-01-22 10:35:00,3.4895,3.497,3.4885,3.497,3.4945,3.502,3.4935,3.502,43
2026-01-22 10:36:00,3.4955,3.496,3.481,3.483,3.5005,3.501,3.486,3.488,54
2026-01-22 10:37:00,3.4835,3.487,3.483,3.486,3.4885,3.492,3.488,3.491,18
2026-01-22 10:38:00,3.485,3.4945,3.484,3.492,3.49,3.4995,3.489,3.497,38
2026-01-22 10:39:00,3.4925,3.4975,3.4865,3.495,3.4975,3.5025,3.4915,3.5,54
2026-01-22 10:40:00,3.497,3.5005,3.496,3.5005,3.502,3.5055,3.501,3.5055,25
2026-01-22 10:41:00,3.4995,3.5005,3.496,3.4975,3.5045,3.5055,3.501,3.5025,18
2026-01-22 10:42:00,3.499,3.507,3.499,3.5,3.504,3.512,3.504,3.505,40
2026-01-22 10:43:00,3.499,3.5035,3.498,3.503,3.504,3.5085,3.503,3.508,25
2026-01-22 10:44:00,3.5025,3.504,3.501,3.501,3.5075,3.509,3.506,3.506,14
2026-01-22 10:45:00,3.5015,3.5015,3.4935,3.4935,3.5065,3.5065,3.4985,3.4985,35
2026-01-22 10:46:00,3.493,3.4955,3.491,3.4955,3.498,3.5005,3.496,3.5005,21
2026-01-22 10:47:00,3.4945,3.4995,3.4945,3.4995,3.4995,3.5045,3.4995,3.5045,14
2026-01-22 10:48:00,3.499,3.5005,3.498,3.5005,3.504,3.5055,3.503,3.5055,15
2026-01-22 10:49:00,3.5,3.5015,3.499,3.5,3.505,3.5065,3.504,3.505,17
2026-01-22 10:50:00,3.501,3.5135,3.501,3.511,3.506,3.5185,3.506,3.516,48
2026-01-22 10:51:00,3.5105,3.5155,3.51,3.515,3.5155,3.5205,3.515,3.52,28
2026-01-22 10:52:00,3.5145,3.5165,3.5115,3.516,3.5195,3.5215,3.5165,3.521,21
2026-01-22 10:53:00,3.515,3.518,3.5125,3.5125,3.52,3.523,3.5175,3.5175,26
2026-01-22 10:54:00,3.5135,3.516,3.513,3.516,3.5185,3.521,3.518,3.521,9
2026-01-22 10:55:00,3.5155,3.5175,3.515,3.5165,3.5205,3.5225,3.52,3.5215,14
2026-01-22 10:56:00,3.5155,3.5185,3.5155,3.5185,3.5205,3.5235,3.5205,3.5235,20
2026-01-22 10:57:00,3.519,3.52,3.514,3.515,3.524,3.525,3.519,3.52,18
2026-01-22 10:58:00,3.5155,3.5185,3.5145,3.518,3.5205,3.5235,3.5195,3.523,12
2026-01-22 10:59:00,3.5185,3.52,3.5175,3.52,3.5235,3.525,3.5225,3.525,9
2026-01-22 11:00:00,3.521,3.532,3.521,3.532,3.526,3.537,3.526,3.537,29
2026-01-22 11:01:00,3.5315,3.5375,3.5315,3.5345,3.5365,3.5425,3.5365,3.5395,43
2026-01-22 11:02:00,3.535,3.537,3.5345,3.535,3.54,3.542,3.5395,3.54,12
2026-01-22 11:03:00,3.5355,3.5355,3.529,3.5325,3.5405,3.5405,3.534,3.5375,22
2026-01-22 11:04:00,3.533,3.5345,3.5295,3.5345,3.538,3.5395,3.5345,3.5395,15
2026-01-22 11:05:00,3.5335,3.5395,3.531,3.5395,3.5385,3.5445,3.536,3.5445,18
2026-01-22 11:06:00,3.54,3.5455,3.5395,3.543,3.545,3.5505,3.5445,3.548,33
2026-01-22 11:07:00,3.5425,3.546,3.542,3.544,3.5475,3.551,3.547,3.549,28
2026-01-22 11:08:00,3.543,3.5485,3.539,3.5485,3.548,3.5535,3.544,3.5535,24
2026-01-22 11:09:00,3.5495,3.55,3.545,3.5465,3.5545,3.555,3.55,3.5515,15
2026-01-22 11:10:00,3.546,3.546,3.541,3.5435,3.551,3.551,3.546,3.5485,16
2026-01-22 11:11:00,3.5445,3.545,3.5405,3.542,3.5495,3.55,3.5455,3.547,34
2026-01-22 11:12:00,3.5415,3.542,3.5365,3.539,3.5465,3.547,3.5415,3.544,22
2026-01-22 11:13:00,3.538,3.5415,3.538,3.5415,3.543,3.5465,3.543,3.5465,11
2026-01-22 11:14:00,3.541,3.541,3.534,3.537,3.546,3.546,3.539,3.542,31
2026-01-22 11:15:00,3.5375,3.548,3.536,3.5455,3.5425,3.553,3.541,3.5505,28
2026-01-22 11:16:00,3.546,3.5505,3.544,3.5505,3.551,3.5555,3.549,3.5555,23
2026-01-22 11:17:00,3.55,3.55,3.5455,3.5465,3.555,3.555,3.5505,3.5515,13
2026-01-22 11:18:00,3.547,3.548,3.5445,3.5445,3.552,3.553,3.5495,3.5495,12
2026-01-22 11:19:00,3.5455,3.5475,3.5445,3.5445,3.5505,3.5525,3.5495,3.5495,13
2026-01-22 11:20:00,3.544,3.5485,3.544,3.547,3.549,3.5535,3.549,3.552,10
2026-01-22 11:21:00,3.5475,3.5475,3.545,3.5475,3.5525,3.5525,3.55,3.5525,14
2026-01-22 11:22:00,3.548,3.553,3.546,3.552,3.553,3.558,3.551,3.557,19
2026-01-22 11:23:00,3.553,3.565,3.5525,3.564,3.558,3.57,3.5575,3.569,42
2026-01-22 11:24:00,3.5635,3.581,3.5635,3.58,3.5685,3.586,3.5685,3.585,91
2026-01-22 11:25:00,3.5795,3.582,3.573,3.5775,3.5845,3.587,3.578,3.5825,86
2026-01-22 11:26:00,3.577,3.5815,3.577,3.579,3.582,3.5865,3.582,3.584,33
2026-01-22 11:27:00,3.58,3.58,3.575,3.575,3.585,3.585,3.58,3.58,31
2026-01-22 11:28:00,3.5735,3.5735,3.562,3.5675,3.5785,3.5785,3.567,3.5725,47
2026-01-22 11:29:00,3.569,3.5705,3.568,3.5695,3.574,3.5755,3.573,3.5745,14
2026-01-22 11:30:00,3.57,3.57,3.5645,3.5665,3.575,3.575,3.5695,3.5715,17
2026-01-22 11:31:00,3.567,3.567,3.558,3.562,3.572,3.572,3.563,3.567,37
2026-01-22 11:32:00,3.561,3.5645,3.5605,3.562,3.566,3.5695,3.5655,3.567,19
2026-01-22 11:33:00,3.5615,3.5645,3.561,3.5635,3.5665,3.5695,3.566,3.5685,30
2026-01-22 11:34:00,3.564,3.568,3.5635,3.568,3.569,3.573,3.5685,3.573,12
2026-01-22 11:35:00,3.5675,3.5675,3.564,3.564,3.5725,3.5725,3.569,3.569,14
2026-01-22 11:36:00,3.5625,3.5635,3.558,3.5605,3.5675,3.5685,3.563,3.5655,26
2026-01-22 11:37:00,3.561,3.563,3.5565,3.5605,3.566,3.568,3.5615,3.5655,34
2026-01-22 11:38:00,3.561,3.566,3.558,3.5615,3.566,3.571,3.563,3.5665,41
2026-01-22 11:39:00,3.562,3.564,3.557,3.564,3.567,3.569,3.562,3.569,17
2026-01-22 11:40:00,3.5635,3.5685,3.5635,3.566,3.5685,3.5735,3.5685,3.571,32
2026-01-22 11:41:00,3.567,3.58,3.567,3.5785,3.572,3.585,3.572,3.5835,40
2026-01-22 11:42:00,3.579,3.5795,3.5765,3.577,3.584,3.5845,3.5815,3.582,19
2026-01-22 11:43:00,3.5785,3.582,3.578,3.5795,3.5835,3.587,3.583,3.5845,40
2026-01-22 11:44:00,3.5805,3.5835,3.578,3.582,3.5855,3.5885,3.583,3.587,23
2026-01-22 11:45:00,3.5815,3.585,3.5815,3.5825,3.5865,3.59,3.5865,3.5875,12
2026-01-22 11:46:00,3.583,3.5875,3.582,3.5855,3.588,3.5925,3.587,3.5905,16
2026-01-22 11:47:00,3.5845,3.5885,3.581,3.586,3.5895,3.5935,3.586,3.591,27
2026-01-22 11:48:00,3.585,3.59,3.584,3.5885,3.59,3.595,3.589,3.5935,17
2026-01-22 11:49:00,3.589,3.589,3.585,3.5855,3.594,3.594,3.59,3.5905,13
2026-01-22 11:50:00,3.585,3.5855,3.581,3.585,3.59,3.5905,3.586,3.59,24
2026-01-22 11:51:00,3.5855,3.5925,3.585,3.5855,3.5905,3.5975,3.59,3.5905,35
2026-01-22 11:52:00,3.586,3.5885,3.586,3.588,3.591,3.5935,3.591,3.593,19
2026-01-22 11:53:00,3.5885,3.592,3.5885,3.5915,3.5935,3.597,3.5935,3.5965,13
2026-01-22 11:54:00,3.591,3.593,3.591,3.5925,3.596,3.598,3.596,3.5975,18
2026-01-22 11:55:00,3.592,3.595,3.59,3.594,3.597,3.6,3.595,3.599,38
2026-01-22 11:56:00,3.5945,3.6005,3.593,3.5985,3.5995,3.6055,3.598,3.6035,27
2026-01-22 11:57:00,3.599,3.601,3.5895,3.5925,3.604,3.606,3.5945,3.5975,41
2026-01-22 11:58:00,3.593,3.6,3.591,3.597,3.598,3.605,3.596,3.602,30
2026-01-22 11:59:00,3.5965,3.598,3.595,3.595,3.6015,3.603,3.6,3.6,17
2026-01-22 12:00:00,3.596,3.6,3.596,3.6,3.601,3.605,3.601,3.605,12
2026-01-22 12:01:00,3.599,3.613,3.597,3.6125,3.604,3.618,3.602,3.6175,58
2026-01-22 12:02:00,3.613,3.6155,3.612,3.614,3.618,3.6205,3.617,3.619,34
2026-01-22 12:03:00,3.6125,3.6205,3.61,3.62,3.6175,3.6255,3.615,3.625,42
2026-01-22 12:04:00,3.618,3.6265,3.618,3.6265,3.623,3.6315,3.623,3.6315,48
2026-01-22 12:05:00,3.626,3.633,3.623,3.627,3.631,3.638,3.628,3.632,82
2026-01-22 12:06:00,3.6265,3.6275,3.623,3.625,3.6315,3.6325,3.628,3.63,44
2026-01-22 12:07:00,3.626,3.631,3.6245,3.628,3.631,3.636,3.6295,3.633,38
2026-01-22 12:08:00,3.6285,3.632,3.6235,3.6245,3.6335,3.637,3.6285,3.6295,22
2026-01-22 12:09:00,3.6235,3.627,3.62,3.621,3.6285,3.632,3.625,3.626,41
2026-01-22 12:10:00,3.622,3.624,3.6145,3.6155,3.627,3.629,3.6195,3.6205,51
2026-01-22 12:11:00,3.616,3.63,3.615,3.6245,3.621,3.635,3.62,3.6295,49
2026-01-22 12:12:00,3.6255,3.631,3.623,3.6285,3.6305,3.636,3.628,3.6335,54
2026-01-22 12:13:00,3.628,3.633,3.624,3.6255,3.633,3.638,3.629,3.6305,28
2026-01-22 12:14:00,3.625,3.625,3.618,3.618,3.63,3.63,3.623,3.623,20
2026-01-22 12:15:00,3.6175,3.6175,3.61,3.6145,3.6225,3.6225,3.615,3.6195,30
2026-01-22 12:16:00,3.615,3.617,3.6105,3.614,3.62,3.622,3.6155,3.619,40
2026-01-22 12:17:00,3.6145,3.618,3.614,3.6155,3.6195,3.623,3.619,3.6205,23
2026-01-22 12:18:00,3.617,3.622,3.615,3.616,3.622,3.627,3.62,3.621,38
2026-01-22 12:19:00,3.615,3.6155,3.613,3.613,3.62,3.6205,3.618,3.618,22
2026-01-22 12:20:00,3.6125,3.6125,3.606,3.6095,3.6175,3.6175,3.611,3.6145,33
2026-01-22 12:21:00,3.61,3.6225,3.61,3.6225,3.615,3.6275,3.615,3.6275,26
2026-01-22 12:22:00,3.623,3.63,3.622,3.63,3.628,3.635,3.627,3.635,21
2026-01-22 12:23:00,3.629,3.636,3.6275,3.636,3.634,3.641,3.6325,3.641,34
2026-01-22 12:24:00,3.635,3.6395,3.635,3.6385,3.64,3.6445,3.64,3.6435,34
2026-01-22 12:25:00,3.6375,3.643,3.6375,3.64,3.6425,3.648,3.6425,3.645,28
2026-01-22 12:26:00,3.639,3.645,3.6365,3.643,3.644,3.65,3.6415,3.648,33
2026-01-22 12:27:00,3.644,3.6605,3.644,3.659,3.649,3.6655,3.649,3.664,66
2026-01-22 12:28:00,3.6575,3.667,3.657,3.665,3.6625,3.672,3.662,3.67,60
2026-01-22 12:29:00,3.6635,3.664,3.66,3.6615,3.6685,3.669,3.665,3.6665,26
2026-01-22 12:30:00,3.6605,3.675,3.659,3.675,3.6655,3.68,3.664,3.68,80
2026-01-22 12:31:00,3.6735,3.683,3.671,3.682,3.6785,3.688,3.676,3.687,82
2026-01-22 12:32:00,3.6805,3.6845,3.666,3.667,3.6855,3.6895,3.671,3.672,72
2026-01-22 12:33:00,3.666,3.6705,3.659,3.6615,3.671,3.6755,3.664,3.6665,85
2026-01-22 12:34:00,3.661,3.661,3.652,3.6575,3.666,3.666,3.657,3.6625,51
2026-01-22 12:35:00,3.658,3.662,3.655,3.66,3.663,3.667,3.66,3.665,52
2026-01-22 12:36:00,3.6605,3.664,3.658,3.6605,3.6655,3.669,3.663,3.6655,33
2026-01-22 12:37:00,3.661,3.663,3.656,3.659,3.666,3.668,3.661,3.664,39
2026-01-22 12:38:00,3.6595,3.6635,3.658,3.663,3.6645,3.6685,3.663,3.668,27
2026-01-22 12:39:00,3.664,3.668,3.663,3.6675,3.669,3.673,3.668,3.6725,35
2026-01-22 12:40:00,3.668,3.669,3.665,3.665,3.673,3.674,3.67,3.67,29
2026-01-22 12:41:00,3.6645,3.671,3.664,3.669,3.6695,3.676,3.669,3.674,31
2026-01-22 12:42:00,3.6685,3.671,3.6645,3.6705,3.6735,3.676,3.6695,3.6755,29
2026-01-22 12:43:00,3.671,3.673,3.6685,3.673,3.676,3.678,3.6735,3.678,21
2026-01-22 12:44:00,3.6735,3.681,3.6735,3.6745,3.6785,3.686,3.6785,3.6795,38
2026-01-22 12:45:00,3.6735,3.6755,3.663,3.6655,3.6785,3.6805,3.668,3.6705,53
2026-01-22 12:46:00,3.666,3.6695,3.6645,3.6675,3.671,3.6745,3.6695,3.6725,29
2026-01-22 12:47:00,3.668,3.669,3.663,3.665,3.673,3.674,3.668,3.67,35
2026-01-22 12:48:00,3.6655,3.672,3.6645,3.6685,3.6705,3.677,3.6695,3.6735,50
2026-01-22 12:49:00,3.668,3.669,3.6655,3.6675,3.673,3.674,3.6705,3.6725,20
2026-01-22 12:50:00,3.6685,3.6695,3.664,3.6665,3.6735,3.6745,3.669,3.6715,34
2026-01-22 12:51:00,3.6675,3.676,3.6675,3.674,3.6725,3.681,3.6725,3.679,34
2026-01-22 12:52:00,3.6735,3.683,3.671,3.681,3.6785,3.688,3.676,3.686,51
2026-01-22 12:53:00,3.682,3.6835,3.6775,3.6785,3.687,3.6885,3.6825,3.6835,36
2026-01-22 12:54:00,3.6775,3.684,3.676,3.682,3.6825,3.689,3.681,3.687,33
2026-01-22 12:55:00,3.6825,3.6845,3.671,3.677,3.6875,3.6895,3.676,3.682,50
2026-01-22 12:56:00,3.6775,3.685,3.677,3.684,3.6825,3.69,3.682,3.689,30
2026-01-22 12:57:00,3.6845,3.6865,3.68,3.6805,3.6895,3.6915,3.685,3.6855,26
2026-01-22 12:58:00,3.6815,3.6815,3.673,3.6745,3.6865,3.6865,3.678,3.6795,44
2026-01-22 12:59:00,3.674,3.677,3.671,3.671,3.679,3.682,3.676,3.676,40
2026-01-22 13:00:00,3.6705,3.672,3.667,3.671,3.6755,3.677,3.672,3.676,47
2026-01-22 13:01:00,3.6715,3.6745,3.667,3.6695,3.6765,3.6795,3.672,3.6745,34
2026-01-22 13:02:00,3.67,3.67,3.6595,3.6625,3.675,3.675,3.6645,3.6675,64
2026-01-22 13:03:00,3.662,3.6625,3.65,3.658,3.667,3.6675,3.655,3.663,61
2026-01-22 13:04:00,3.6585,3.6585,3.6465,3.647,3.6635,3.6635,3.6515,3.652,79
2026-01-22 13:05:00,3.6475,3.6505,3.646,3.648,3.6525,3.6555,3.651,3.653,71
2026-01-22 13:06:00,3.649,3.6505,3.637,3.639,3.654,3.6555,3.642,3.644,59
2026-01-22 13:07:00,3.6385,3.6415,3.6355,3.6405,3.6435,3.6465,3.6405,3.6455,68
2026-01-22 13:08:00,3.639,3.641,3.632,3.6345,3.644,3.646,3.637,3.6395,60
2026-01-22 13:09:00,3.634,3.643,3.634,3.641,3.639,3.648,3.639,3.646,48
2026-01-22 13:10:00,3.6415,3.6505,3.6415,3.648,3.6465,3.6555,3.6465,3.653,58
2026-01-22 13:11:00,3.6485,3.652,3.645,3.651,3.6535,3.657,3.65,3.656,57
2026-01-22 13:12:00,3.6525,3.662,3.6525,3.6605,3.6575,3.667,3.6575,3.6655,50
2026-01-22 13:13:00,3.66,3.663,3.655,3.659,3.665,3.668,3.66,3.664,57
2026-01-22 13:14:00,3.658,3.6655,3.657,3.663,3.663,3.6705,3.662,3.668,50
2026-01-22 13:15:00,3.664,3.679,3.663,3.678,3.669,3.684,3.668,3.683,85
2026-01-22 13:16:00,3.6775,3.691,3.677,3.6885,3.6825,3.696,3.682,3.6935,80
2026-01-22 13:17:00,3.688,3.697,3.687,3.6925,3.693,3.702,3.692,3.6975,72
2026-01-22 13:18:00,3.692,3.6945,3.689,3.6935,3.697,3.6995,3.694,3.6985,68
2026-01-22 13:19:00,3.693,3.694,3.681,3.6815,3.698,3.699,3.686,3.6865,62
2026-01-22 13:20:00,3.681,3.681,3.669,3.674,3.686,3.686,3.674,3.679,146
2026-01-22 13:21:00,3.6755,3.683,3.6655,3.668,3.6805,3.688,3.6705,3.673,104
2026-01-22 13:22:00,3.667,3.6755,3.6655,3.6655,3.672,3.6805,3.6705,3.6705,46
2026-01-22 13:23:00,3.6665,3.6785,3.6645,3.675,3.6715,3.6835,3.6695,3.68,80
2026-01-22 13:24:00,3.6755,3.6785,3.669,3.671,3.6805,3.6835,3.674,3.676,68
2026-01-22 13:25:00,3.672,3.6725,3.659,3.6625,3.677,3.6775,3.664,3.6675,70
2026-01-22 13:26:00,3.662,3.6625,3.648,3.648,3.667,3.6675,3.653,3.653,171
2026-01-22 13:27:00,3.6495,3.653,3.647,3.648,3.6545,3.658,3.652,3.653,65
2026-01-22 13:28:00,3.6485,3.6485,3.633,3.636,3.6535,3.6535,3.638,3.641,136
2026-01-22 13:29:00,3.6365,3.6415,3.629,3.6375,3.6415,3.6465,3.634,3.6425,81
2026-01-22 13:30:00,3.637,3.638,3.629,3.6365,3.642,3.643,3.634,3.6415,65
2026-01-22 13:31:00,3.637,3.637,3.626,3.628,3.642,3.642,3.631,3.633,67
2026-01-22 13:32:00,3.629,3.631,3.618,3.6225,3.634,3.636,3.623,3.6275,148
2026-01-22 13:33:00,3.6235,3.6235,3.615,3.6205,3.6285,3.6285,3.62,3.6255,97
2026-01-22 13:34:00,3.62,3.624,3.6195,3.6235,3.625,3.629,3.6245,3.6285,45
2026-01-22 13:35:00,3.623,3.624,3.613,3.613,3.628,3.629,3.618,3.618,75
2026-01-22 13:36:00,3.614,3.618,3.586,3.587,3.619,3.623,3.591,3.592,167
2026-01-22 13:37:00,3.5865,3.598,3.576,3.5805,3.5915,3.603,3.581,3.5855,159
2026-01-22 13:38:00,3.581,3.605,3.579,3.6025,3.586,3.61,3.584,3.6075,139
2026-01-22 13:39:00,3.6015,3.609,3.594,3.599,3.6065,3.614,3.599,3.604,115
2026-01-22 13:40:00,3.5995,3.605,3.592,3.5995,3.6045,3.61,3.597,3.6045,100
2026-01-22 13:41:00,3.599,3.601,3.587,3.595,3.604,3.606,3.592,3.6,92
2026-01-22 13:42:00,3.596,3.6165,3.596,3.6075,3.601,3.6215,3.601,3.6125,90
2026-01-22 13:43:00,3.6065,3.609,3.6025,3.6055,3.6115,3.614,3.6075,3.6105,56
2026-01-22 13:44:00,3.606,3.606,3.594,3.599,3.611,3.611,3.599,3.604,70
2026-01-22 13:45:00,3.597,3.6065,3.595,3.604,3.602,3.6115,3.6,3.609,62
2026-01-22 13:46:00,3.6045,3.616,3.603,3.6125,3.6095,3.621,3.608,3.6175,68
2026-01-22 13:47:00,3.6115,3.6115,3.6,3.603,3.6165,3.6165,3.605,3.608,75
2026-01-22 13:48:00,3.6035,3.6075,3.5965,3.6005,3.6085,3.6125,3.6015,3.6055,44
2026-01-22 13:49:00,3.5995,3.6005,3.584,3.5905,3.6045,3.6055,3.589,3.5955,59
2026-01-22 13:50:00,3.59,3.591,3.5615,3.567,3.595,3.596,3.5665,3.572,124
2026-01-22 13:51:00,3.5675,3.5695,3.535,3.5375,3.5725,3.5745,3.54,3.5425,169
2026-01-22 13:52:00,3.537,3.5525,3.534,3.5515,3.542,3.5575,3.539,3.5565,123
2026-01-22 13:53:00,3.552,3.561,3.5415,3.5595,3.557,3.566,3.5465,3.5645,165
2026-01-22 13:54:00,3.559,3.573,3.555,3.5695,3.564,3.578,3.56,3.5745,130
2026-01-22 13:55:00,3.57,3.583,3.5655,3.576,3.575,3.588,3.5705,3.581,179
2026-01-22 13:56:00,3.5765,3.584,3.5695,3.5725,3.5815,3.589,3.5745,3.5775,132
2026-01-22 13:57:00,3.5715,3.575,3.557,3.571,3.5765,3.58,3.562,3.576,181
2026-01-22 13:58:00,3.5705,3.59,3.5705,3.587,3.5755,3.595,3.5755,3.592,110
2026-01-22 13:59:00,3.586,3.591,3.5805,3.589,3.591,3.596,3.5855,3.594,95
2026-01-22 14:00:00,3.5905,3.599,3.581,3.587,3.5955,3.604,3.586,3.592,104
2026-01-22 14:01:00,3.5865,3.613,3.584,3.6115,3.5915,3.618,3.589,3.6165,161
2026-01-22 14:02:00,3.611,3.6115,3.5955,3.602,3.616,3.6165,3.6005,3.607,109
2026-01-22 14:03:00,3.6015,3.604,3.5945,3.596,3.6065,3.609,3.5995,3.601,73
2026-01-22 14:04:00,3.595,3.604,3.595,3.601,3.6,3.609,3.6,3.606,64
2026-01-22 14:05:00,3.6015,3.616,3.6005,3.615,3.6065,3.621,3.6055,3.62,85
2026-01-22 14:06:00,3.6145,3.631,3.611,3.63,3.6195,3.636,3.616,3.635,101
2026-01-22 14:07:00,3.6295,3.64,3.6285,3.6305,3.6345,3.645,3.6335,3.6355,117
2026-01-22 14:08:00,3.63,3.6335,3.627,3.628,3.635,3.6385,3.632,3.633,77
2026-01-22 14:09:00,3.6275,3.6295,3.62,3.621,3.6325,3.6345,3.625,3.626,64
2026-01-22 14:10:00,3.6205,3.621,3.61,3.614,3.6255,3.626,3.615,3.619,101
2026-01-22 14:11:00,3.613,3.614,3.594,3.5955,3.618,3.619,3.599,3.6005,91
2026-01-22 14:12:00,3.595,3.5955,3.59,3.593,3.6,3.6005,3.595,3.598,68
2026-01-22 14:13:00,3.592,3.6155,3.592,3.6135,3.597,3.6205,3.597,3.6185,101
2026-01-22 14:14:00,3.614,3.615,3.592,3.596,3.619,3.62,3.597,3.601,78
2026-01-22 14:15:00,3.5975,3.609,3.596,3.608,3.6025,3.614,3.601,3.613,91
2026-01-22 14:16:00,3.6085,3.6205,3.6075,3.6195,3.6135,3.6255,3.6125,3.6245,55
2026-01-22 14:17:00,3.619,3.622,3.6075,3.6195,3.624,3.627,3.6125,3.6245,67
2026-01-22 14:18:00,3.6185,3.62,3.6135,3.617,3.6235,3.625,3.6185,3.622,44
2026-01-22 14:19:00,3.616,3.6175,3.609,3.6135,3.621,3.6225,3.614,3.6185,66
2026-01-22 14:20:00,3.613,3.622,3.607,3.618,3.618,3.627,3.612,3.623,93
2026-01-22 14:21:00,3.6185,3.6265,3.6185,3.626,3.6235,3.6315,3.6235,3.631,35
2026-01-22 14:22:00,3.6255,3.636,3.622,3.6355,3.6305,3.641,3.627,3.6405,52
2026-01-22 14:23:00,3.635,3.638,3.632,3.6375,3.64,3.643,3.637,3.6425,84
2026-01-22 14:24:00,3.637,3.6375,3.6285,3.629,3.642,3.6425,3.6335,3.634,69
2026-01-22 14:25:00,3.63,3.637,3.63,3.6355,3.635,3.642,3.635,3.6405,50
2026-01-22 14:26:00,3.636,3.6385,3.634,3.6345,3.641,3.6435,3.639,3.6395,51
2026-01-22 14:27:00,3.636,3.641,3.6345,3.641,3.641,3.646,3.6395,3.646,70
2026-01-22 14:28:00,3.6425,3.656,3.642,3.656,3.6475,3.661,3.647,3.661,67
2026-01-22 14:29:00,3.657,3.6615,3.6475,3.6615,3.662,3.6665,3.6525,3.6665,83
2026-01-22 14:30:00,3.6605,3.663,3.655,3.656,3.6655,3.668,3.66,3.661,82
2026-01-22 14:31:00,3.655,3.677,3.654,3.677,3.66,3.682,3.659,3.682,111
2026-01-22 14:32:00,3.6765,3.6925,3.67,3.691,3.6815,3.6975,3.675,3.696,143
2026-01-22 14:33:00,3.6905,3.706,3.6885,3.6925,3.6955,3.711,3.6935,3.6975,185
2026-01-22 14:34:00,3.691,3.6915,3.675,3.683,3.696,3.6965,3.68,3.688,98
2026-01-22 14:35:00,3.6835,3.689,3.678,3.6805,3.6885,3.694,3.683,3.6855,71
2026-01-22 14:36:00,3.681,3.687,3.675,3.6815,3.686,3.692,3.68,3.6865,110
2026-01-22 14:37:00,3.682,3.692,3.677,3.6875,3.687,3.697,3.682,3.6925,92
2026-01-22 14:38:00,3.687,3.688,3.6805,3.681,3.692,3.693,3.6855,3.686,46
2026-01-22 14:39:00,3.682,3.689,3.681,3.687,3.687,3.694,3.686,3.692,76
2026-01-22 14:40:00,3.6875,3.6915,3.6825,3.6835,3.6925,3.6965,3.6875,3.6885,52
2026-01-22 14:41:00,3.683,3.692,3.683,3.6895,3.688,3.697,3.688,3.6945,99
2026-01-22 14:42:00,3.689,3.697,3.6885,3.6925,3.694,3.702,3.6935,3.6975,100
2026-01-22 14:43:00,3.693,3.693,3.6785,3.679,3.698,3.698,3.6835,3.684,145
2026-01-22 14:44:00,3.678,3.679,3.657,3.658,3.683,3.684,3.662,3.663,139
2026-01-22 14:45:00,3.6585,3.6585,3.648,3.6525,3.6635,3.6635,3.653,3.6575,135
2026-01-22 14:46:00,3.653,3.667,3.652,3.667,3.658,3.672,3.657,3.672,103
2026-01-22 14:47:00,3.666,3.685,3.666,3.672,3.671,3.69,3.671,3.677,113
2026-01-22 14:48:00,3.6725,3.6725,3.654,3.656,3.6775,3.6775,3.659,3.661,101
2026-01-22 14:49:00,3.6555,3.6675,3.653,3.666,3.6605,3.6725,3.658,3.671,104
2026-01-22 14:50:00,3.6665,3.668,3.657,3.6605,3.6715,3.673,3.662,3.6655,64
2026-01-22 14:51:00,3.661,3.6765,3.66,3.676,3.666,3.6815,3.665,3.681,71
2026-01-22 14:52:00,3.675,3.68,3.6665,3.668,3.68,3.685,3.6715,3.673,71
2026-01-22 14:53:00,3.669,3.6735,3.657,3.658,3.674,3.6785,3.662,3.663,65
2026-01-22 14:54:00,3.6585,3.6775,3.655,3.6595,3.6635,3.6825,3.66,3.6645,155
2026-01-22 14:55:00,3.6585,3.667,3.657,3.664,3.6635,3.672,3.662,3.669,74
2026-01-22 14:56:00,3.6645,3.674,3.664,3.6735,3.6695,3.679,3.669,3.6785,71
2026-01-22 14:57:00,3.673,3.6755,3.666,3.67,3.678,3.6805,3.671,3.675,82
2026-01-22 14:58:00,3.6705,3.6715,3.662,3.6645,3.6755,3.6765,3.667,3.6695,75
2026-01-22 14:59:00,3.665,3.6735,3.664,3.666,3.67,3.6785,3.669,3.671,91
2026-01-22 15:00:00,3.6655,3.6815,3.6655,3.672,3.6705,3.6865,3.6705,3.677,185
2026-01-22 15:01:00,3.673,3.679,3.66,3.663,3.678,3.684,3.665,3.668,147
2026-01-22 15:02:00,3.664,3.6665,3.654,3.662,3.669,3.6715,3.659,3.667,93
2026-01-22 15:03:00,3.6625,3.6735,3.6625,3.6675,3.6675,3.6785,3.6675,3.6725,122
2026-01-22 15:04:00,3.6685,3.6765,3.665,3.6685,3.6735,3.6815,3.67,3.6735,123
2026-01-22 15:05:00,3.668,3.671,3.665,3.669,3.673,3.676,3.67,3.674,71
2026-01-22 15:06:00,3.6695,3.672,3.664,3.67,3.6745,3.677,3.669,3.675,96
2026-01-22 15:07:00,3.6695,3.672,3.6615,3.67,3.6745,3.677,3.6665,3.675,106
2026-01-22 15:08:00,3.6695,3.6815,3.6695,3.678,3.6745,3.6865,3.6745,3.683,93
2026-01-22 15:09:00,3.679,3.68,3.6715,3.6735,3.684,3.685,3.6765,3.6785,93
2026-01-22 15:10:00,3.6725,3.682,3.663,3.666,3.6775,3.687,3.668,3.671,89
2026-01-22 15:11:00,3.6655,3.67,3.658,3.665,3.6705,3.675,3.663,3.67,95
2026-01-22 15:12:00,3.664,3.666,3.657,3.658,3.669,3.671,3.662,3.663,65
2026-01-22 15:13:00,3.657,3.661,3.65,3.65,3.662,3.666,3.655,3.655,91
2026-01-22 15:14:00,3.649,3.6505,3.644,3.65,3.654,3.6555,3.649,3.655,86
2026-01-22 15:15:00,3.6515,3.664,3.6515,3.662,3.6565,3.669,3.6565,3.667,73
2026-01-22 15:16:00,3.6615,3.662,3.656,3.6565,3.6665,3.667,3.661,3.6615,88
2026-01-22 15:17:00,3.657,3.6605,3.6545,3.66,3.662,3.6655,3.6595,3.665,61
2026-01-22 15:18:00,3.661,3.6675,3.6515,3.655,3.666,3.6725,3.6565,3.66,85
2026-01-22 15:19:00,3.654,3.655,3.6445,3.6445,3.659,3.66,3.6495,3.6495,71
2026-01-22 15:20:00,3.645,3.6495,3.643,3.6495,3.65,3.6545,3.648,3.6545,61
2026-01-22 15:21:00,3.649,3.652,3.646,3.65,3.654,3.657,3.651,3.655,62
2026-01-22 15:22:00,3.6505,3.6515,3.647,3.649,3.6555,3.6565,3.652,3.654,54
2026-01-22 15:23:00,3.6495,3.657,3.646,3.656,3.6545,3.662,3.651,3.661,99
2026-01-22 15:24:00,3.6565,3.663,3.655,3.657,3.6615,3.668,3.66,3.662,63
2026-01-22 15:25:00,3.6565,3.657,3.646,3.648,3.6615,3.662,3.651,3.653,86
2026-01-22 15:26:00,3.6485,3.6595,3.648,3.652,3.6535,3.6645,3.653,3.657,96
2026-01-22 15:27:00,3.6515,3.656,3.65,3.6545,3.6565,3.661,3.655,3.6595,63
2026-01-22 15:28:00,3.656,3.656,3.649,3.654,3.661,3.661,3.654,3.659,55
2026-01-22 15:29:00,3.6535,3.6795,3.6535,3.675,3.6585,3.6845,3.6585,3.68,199
2026-01-22 15:30:00,3.674,3.677,3.655,3.655,3.679,3.682,3.66,3.66,237
2026-01-22 15:31:00,3.6555,3.671,3.6555,3.6685,3.6605,3.676,3.6605,3.6735,149
2026-01-22 15:32:00,3.67,3.672,3.665,3.6675,3.675,3.677,3.67,3.6725,99
2026-01-22 15:33:00,3.668,3.6765,3.666,3.6735,3.673,3.6815,3.671,3.6785,113
2026-01-22 15:34:00,3.673,3.681,3.672,3.6735,3.678,3.686,3.677,3.6785,153
2026-01-22 15:35:00,3.6755,3.6765,3.661,3.6755,3.6805,3.6815,3.666,3.6805,125
2026-01-22 15:36:00,3.676,3.681,3.675,3.679,3.681,3.686,3.68,3.684,92
2026-01-22 15:37:00,3.6795,3.681,3.6655,3.6655,3.6845,3.686,3.6705,3.6705,97
2026-01-22 15:38:00,3.666,3.666,3.6575,3.6595,3.671,3.671,3.6625,3.6645,79
2026-01-22 15:39:00,3.659,3.672,3.658,3.6595,3.664,3.677,3.663,3.6645,158
2026-01-22 15:40:00,3.659,3.673,3.658,3.6715,3.664,3.678,3.663,3.6765,115
2026-01-22 15:41:00,3.672,3.681,3.669,3.671,3.677,3.686,3.674,3.676,176
2026-01-22 15:42:00,3.672,3.681,3.672,3.677,3.677,3.686,3.677,3.682,135
2026-01-22 15:43:00,3.6775,3.685,3.673,3.6815,3.6825,3.69,3.678,3.6865,143
2026-01-22 15:44:00,3.6825,3.687,3.676,3.677,3.6875,3.692,3.681,3.682,137
2026-01-22 15:45:00,3.6785,3.682,3.674,3.677,3.6835,3.687,3.679,3.682,113
2026-01-22 15:46:00,3.676,3.677,3.663,3.6715,3.681,3.682,3.668,3.6765,132
2026-01-22 15:47:00,3.672,3.678,3.67,3.675,3.677,3.683,3.675,3.68,73
2026-01-22 15:48:00,3.6745,3.6785,3.665,3.666,3.6795,3.6835,3.67,3.671,120
2026-01-22 15:49:00,3.6655,3.666,3.663,3.6635,3.6705,3.671,3.668,3.6685,82
2026-01-22 15:50:00,3.663,3.6735,3.659,3.6675,3.668,3.6785,3.664,3.6725,129
2026-01-22 15:51:00,3.668,3.676,3.666,3.673,3.673,3.681,3.671,3.678,84
2026-01-22 15:52:00,3.674,3.674,3.668,3.671,3.679,3.679,3.673,3.676,84
2026-01-22 15:53:00,3.6715,3.679,3.671,3.677,3.6765,3.684,3.676,3.682,102
2026-01-22 15:54:00,3.678,3.683,3.677,3.679,3.683,3.688,3.682,3.684,71
2026-01-22 15:55:00,3.6795,3.682,3.673,3.676,3.6845,3.687,3.678,3.681,109
2026-01-22 15:56:00,3.677,3.682,3.677,3.68,3.682,3.687,3.682,3.685,73
2026-01-22 15:57:00,3.679,3.685,3.679,3.684,3.684,3.69,3.684,3.689,82
2026-01-22 15:58:00,3.684,3.686,3.6785,3.6795,3.689,3.691,3.6835,3.6845,77
2026-01-22 15:59:00,3.68,3.681,3.6725,3.677,3.685,3.686,3.6775,3.682,101
2026-01-22 16:00:00,3.6775,3.68,3.674,3.676,3.6825,3.685,3.679,3.681,99
2026-01-22 16:01:00,3.6755,3.686,3.6755,3.684,3.6805,3.691,3.6805,3.689,88
2026-01-22 16:02:00,3.6835,3.687,3.6815,3.684,3.6885,3.692,3.6865,3.689,75
2026-01-22 16:03:00,3.6845,3.689,3.683,3.688,3.6895,3.694,3.688,3.693,74
2026-01-22 16:04:00,3.687,3.688,3.6815,3.683,3.692,3.693,3.6865,3.688,61
2026-01-22 16:05:00,3.682,3.69,3.6805,3.689,3.687,3.695,3.6855,3.694,104
2026-01-22 16:06:00,3.6895,3.69,3.685,3.6885,3.6945,3.695,3.69,3.6935,88
2026-01-22 16:07:00,3.688,3.691,3.686,3.69,3.693,3.696,3.691,3.695,69
2026-01-22 16:08:00,3.6905,3.6925,3.6875,3.688,3.6955,3.6975,3.6925,3.693,84
2026-01-22 16:09:00,3.6875,3.692,3.686,3.687,3.6925,3.697,3.691,3.692,70
2026-01-22 16:10:00,3.688,3.701,3.688,3.698,3.693,3.706,3.693,3.703,190
2026-01-22 16:11:00,3.6975,3.7025,3.696,3.7,3.7025,3.7075,3.701,3.705,190
2026-01-22 16:12:00,3.7005,3.7005,3.688,3.692,3.7055,3.7055,3.693,3.697,99
2026-01-22 16:13:00,3.6915,3.696,3.687,3.6955,3.6965,3.701,3.692,3.7005,119
2026-01-22 16:14:00,3.695,3.699,3.695,3.696,3.7,3.704,3.7,3.701,81
2026-01-22 16:15:00,3.6955,3.696,3.689,3.696,3.7005,3.701,3.694,3.701,70
2026-01-22 16:16:00,3.6965,3.6965,3.69,3.695,3.7015,3.7015,3.695,3.7,62
2026-01-22 16:17:00,3.6945,3.696,3.691,3.6925,3.6995,3.701,3.696,3.6975,65
2026-01-22 16:18:00,3.692,3.6925,3.671,3.672,3.697,3.6975,3.676,3.677,139
2026-01-22 16:19:00,3.671,3.674,3.665,3.669,3.676,3.679,3.67,3.674,142
2026-01-22 16:20:00,3.67,3.678,3.664,3.665,3.675,3.683,3.669,3.67,142
2026-01-22 16:21:00,3.661,3.669,3.658,3.6595,3.666,3.674,3.663,3.6645,140
2026-01-22 16:22:00,3.6585,3.674,3.653,3.672,3.6635,3.679,3.658,3.677,192
2026-01-22 16:23:00,3.6705,3.674,3.667,3.668,3.6755,3.679,3.672,3.673,153
2026-01-22 16:24:00,3.669,3.6735,3.666,3.6715,3.674,3.6785,3.671,3.6765,100
2026-01-22 16:25:00,3.672,3.673,3.6615,3.669,3.677,3.678,3.6665,3.674,137
2026-01-22 16:26:00,3.6685,3.67,3.661,3.6635,3.6735,3.675,3.666,3.6685,92
2026-01-22 16:27:00,3.6645,3.667,3.6605,3.662,3.6695,3.672,3.6655,3.667,69
2026-01-22 16:28:00,3.663,3.6745,3.6625,3.6735,3.668,3.6795,3.6675,3.6785,44
2026-01-22 16:29:00,3.673,3.6815,3.6685,3.6745,3.678,3.6865,3.6735,3.6795,106
2026-01-22 16:30:00,3.6755,3.7095,3.6755,3.696,3.6805,3.7145,3.6805,3.701,372
2026-01-22 16:31:00,3.6945,3.698,3.6755,3.678,3.6995,3.703,3.6805,3.683,219
2026-01-22 16:32:00,3.6775,3.678,3.6635,3.6755,3.6825,3.683,3.6685,3.6805,150
2026-01-22 16:33:00,3.6765,3.687,3.675,3.685,3.6815,3.692,3.68,3.69,89
2026-01-22 16:34:00,3.6855,3.688,3.674,3.678,3.6905,3.693,3.679,3.683,111
2026-01-22 16:35:00,3.6775,3.683,3.665,3.666,3.6825,3.688,3.67,3.671,128
2026-01-22 16:36:00,3.6665,3.675,3.661,3.665,3.6715,3.68,3.666,3.67,153
2026-01-22 16:37:00,3.666,3.672,3.66,3.6715,3.671,3.677,3.665,3.6765,134
2026-01-22 16:38:00,3.671,3.673,3.653,3.659,3.676,3.678,3.658,3.664,154
2026-01-22 16:39:00,3.658,3.666,3.658,3.66,3.663,3.671,3.663,3.665,75
2026-01-22 16:40:00,3.661,3.663,3.652,3.6625,3.666,3.668,3.657,3.6675,116
2026-01-22 16:41:00,3.662,3.6645,3.652,3.66,3.667,3.6695,3.657,3.665,151
2026-01-22 16:42:00,3.659,3.6595,3.65,3.6585,3.664,3.6645,3.655,3.6635,120
2026-01-22 16:43:00,3.658,3.6685,3.657,3.6645,3.663,3.6735,3.662,3.6695,139
2026-01-22 16:44:00,3.665,3.675,3.662,3.669,3.67,3.68,3.667,3.674,127
2026-01-22 16:45:00,3.6685,3.671,3.652,3.654,3.6735,3.676,3.657,3.659,162
2026-01-22 16:46:00,3.653,3.654,3.642,3.646,3.658,3.659,3.647,3.651,112
2026-01-22 16:47:00,3.6455,3.649,3.6355,3.646,3.6505,3.654,3.6405,3.651,133
2026-01-22 16:48:00,3.645,3.6545,3.644,3.6545,3.65,3.6595,3.649,3.6595,123
2026-01-22 16:49:00,3.654,3.657,3.647,3.652,3.659,3.662,3.652,3.657,118
2026-01-22 16:50:00,3.6525,3.653,3.638,3.639,3.6575,3.658,3.643,3.644,118
2026-01-22 16:51:00,3.6395,3.656,3.639,3.656,3.6445,3.661,3.644,3.661,106
2026-01-22 16:52:00,3.6565,3.66,3.652,3.656,3.6615,3.665,3.657,3.661,86
2026-01-22 16:53:00,3.657,3.658,3.6535,3.656,3.662,3.663,3.6585,3.661,87
2026-01-22 16:54:00,3.6565,3.66,3.649,3.651,3.6615,3.665,3.654,3.656,76
2026-01-22 16:55:00,3.6505,3.653,3.645,3.6495,3.6555,3.658,3.65,3.6545,65
2026-01-22 16:56:00,3.649,3.656,3.643,3.6555,3.654,3.661,3.648,3.6605,96
2026-01-22 16:57:00,3.655,3.664,3.6515,3.664,3.66,3.669,3.6565,3.669,65
2026-01-22 16:58:00,3.6635,3.6645,3.657,3.657,3.6685,3.6695,3.662,3.662,76
2026-01-22 16:59:00,3.6565,3.662,3.656,3.6595,3.6615,3.667,3.661,3.6645,116
2026-01-22 17:00:00,3.66,3.66,3.654,3.66,3.665,3.665,3.659,3.665,87
2026-01-22 17:01:00,3.6595,3.6655,3.656,3.6655,3.6645,3.6705,3.661,3.6705,68
2026-01-22 17:02:00,3.666,3.673,3.665,3.667,3.671,3.678,3.67,3.672,106
2026-01-22 17:03:00,3.666,3.675,3.6655,3.673,3.671,3.68,3.6705,3.678,91
2026-01-22 17:04:00,3.6725,3.678,3.671,3.6755,3.6775,3.683,3.676,3.6805,102
2026-01-22 17:05:00,3.675,3.683,3.6745,3.682,3.68,3.688,3.6795,3.687,78
2026-01-22 17:06:00,3.6815,3.6835,3.679,3.6805,3.6865,3.6885,3.684,3.6855,71
2026-01-22 17:07:00,3.68,3.6805,3.671,3.6715,3.685,3.6855,3.676,3.6765,87
2026-01-22 17:08:00,3.672,3.677,3.669,3.677,3.677,3.682,3.674,3.682,66
2026-01-22 17:09:00,3.678,3.684,3.6755,3.681,3.683,3.689,3.6805,3.686,104
2026-01-22 17:10:00,3.6805,3.682,3.675,3.6795,3.6855,3.687,3.68,3.6845,118
2026-01-22 17:11:00,3.679,3.684,3.6775,3.684,3.684,3.689,3.6825,3.689,71
2026-01-22 17:12:00,3.683,3.683,3.672,3.676,3.688,3.688,3.677,3.681,68
2026-01-22 17:13:00,3.675,3.677,3.668,3.668,3.68,3.682,3.673,3.673,83
2026-01-22 17:14:00,3.6685,3.674,3.667,3.6725,3.6735,3.679,3.672,3.6775,66
2026-01-22 17:15:00,3.672,3.677,3.672,3.676,3.677,3.682,3.677,3.681,56
2026-01-22 17:16:00,3.6765,3.677,3.667,3.667,3.6815,3.682,3.672,3.672,95
2026-01-22 17:17:00,3.6665,3.6665,3.658,3.6585,3.6715,3.6715,3.663,3.6635,76
2026-01-22 17:18:00,3.659,3.659,3.647,3.651,3.664,3.664,3.652,3.656,106
2026-01-22 17:19:00,3.6505,3.6545,3.649,3.654,3.6555,3.6595,3.654,3.659,92
2026-01-22 17:20:00,3.6535,3.6655,3.653,3.663,3.6585,3.6705,3.658,3.668,102
2026-01-22 17:21:00,3.6635,3.671,3.6635,3.671,3.6685,3.676,3.6685,3.676,87
2026-01-22 17:22:00,3.67,3.673,3.669,3.669,3.675,3.678,3.674,3.674,59
2026-01-22 17:23:00,3.6695,3.674,3.669,3.6725,3.6745,3.679,3.674,3.6775,65
2026-01-22 17:24:00,3.672,3.673,3.669,3.671,3.677,3.678,3.674,3.676,58
2026-01-22 17:25:00,3.6705,3.675,3.668,3.675,3.6755,3.68,3.673,3.68,62
2026-01-22 17:26:00,3.676,3.685,3.6745,3.682,3.681,3.69,3.6795,3.687,80
2026-01-22 17:27:00,3.683,3.684,3.676,3.6785,3.688,3.689,3.681,3.6835,74
2026-01-22 17:28:00,3.679,3.683,3.677,3.6805,3.684,3.688,3.682,3.6855,67
2026-01-22 17:29:00,3.6815,3.685,3.68,3.684,3.6865,3.69,3.685,3.689,51
2026-01-22 17:30:00,3.6845,3.688,3.681,3.6865,3.6895,3.693,3.686,3.6915,88
2026-01-22 17:31:00,3.6855,3.69,3.685,3.689,3.6905,3.695,3.69,3.694,64
2026-01-22 17:32:00,3.6895,3.69,3.683,3.684,3.6945,3.695,3.688,3.689,99
2026-01-22 17:33:00,3.683,3.692,3.681,3.691,3.688,3.697,3.686,3.696,71
2026-01-22 17:34:00,3.6915,3.692,3.685,3.685,3.6965,3.697,3.69,3.69,97
2026-01-22 17:35:00,3.6855,3.688,3.681,3.682,3.6905,3.693,3.686,3.687,100
2026-01-22 17:36:00,3.6815,3.682,3.667,3.668,3.6865,3.687,3.672,3.673,83
2026-01-22 17:37:00,3.6675,3.668,3.658,3.664,3.6725,3.673,3.663,3.669,124
2026-01-22 17:38:00,3.665,3.665,3.654,3.66,3.67,3.67,3.659,3.665,97
2026-01-22 17:39:00,3.6595,3.6655,3.6565,3.6645,3.6645,3.6705,3.6615,3.6695,104
2026-01-22 17:40:00,3.664,3.666,3.66,3.662,3.669,3.671,3.665,3.667,64
2026-01-22 17:41:00,3.663,3.674,3.659,3.6725,3.668,3.679,3.664,3.6775,89
2026-01-22 17:42:00,3.672,3.6795,3.671,3.6735,3.677,3.6845,3.676,3.6785,76
2026-01-22 17:43:00,3.673,3.673,3.6655,3.6685,3.678,3.678,3.6705,3.6735,78
2026-01-22 17:44:00,3.668,3.67,3.664,3.667,3.673,3.675,3.669,3.672,69
2026-01-22 17:45:00,3.6675,3.668,3.6625,3.664,3.6725,3.673,3.6675,3.669,60
2026-01-22 17:46:00,3.6645,3.67,3.663,3.669,3.6695,3.675,3.668,3.674,41
2026-01-22 17:47:00,3.6685,3.6695,3.666,3.667,3.6735,3.6745,3.671,3.672,31
2026-01-22 17:48:00,3.6675,3.674,3.6675,3.6715,3.6725,3.679,3.6725,3.6765,60
2026-01-22 17:49:00,3.671,3.671,3.6665,3.6705,3.676,3.676,3.6715,3.6755,57
2026-01-22 17:50:00,3.671,3.676,3.6705,3.675,3.676,3.681,3.6755,3.68,58
2026-01-22 17:51:00,3.6745,3.677,3.671,3.671,3.6795,3.682,3.676,3.676,52
2026-01-22 17:52:00,3.672,3.6735,3.665,3.668,3.677,3.6785,3.67,3.673,70
2026-01-22 17:53:00,3.6675,3.668,3.658,3.6595,3.6725,3.673,3.663,3.6645,57
2026-01-22 17:54:00,3.659,3.664,3.656,3.657,3.664,3.669,3.661,3.662,55
2026-01-22 17:55:00,3.658,3.658,3.6495,3.6495,3.663,3.663,3.6545,3.6545,73
2026-01-22 17:56:00,3.65,3.65,3.6255,3.6265,3.655,3.655,3.6305,3.6315,185
2026-01-22 17:57:00,3.626,3.641,3.6255,3.64,3.631,3.646,3.6305,3.645,109
2026-01-22 17:58:00,3.6405,3.643,3.63,3.631,3.6455,3.648,3.635,3.636,87
2026-01-22 17:59:00,3.6315,3.632,3.623,3.632,3.6365,3.637,3.628,3.637,66
2026-01-22 18:00:00,3.631,3.635,3.618,3.622,3.636,3.64,3.623,3.627,108
2026-01-22 18:01:00,3.6225,3.635,3.6225,3.6305,3.6275,3.64,3.6275,3.6355,94
2026-01-22 18:02:00,3.6315,3.634,3.624,3.63,3.6365,3.639,3.629,3.635,82
2026-01-22 18:03:00,3.6305,3.6305,3.6165,3.628,3.6355,3.6355,3.6215,3.633,126
2026-01-22 18:04:00,3.6285,3.6325,3.628,3.631,3.6335,3.6375,3.633,3.636,80
2026-01-22 18:05:00,3.6315,3.632,3.614,3.62,3.6365,3.637,3.619,3.625,103
2026-01-22 18:06:00,3.621,3.629,3.619,3.6255,3.626,3.634,3.624,3.6305,84
2026-01-22 18:07:00,3.6265,3.6295,3.619,3.6265,3.6315,3.6345,3.624,3.6315,75
2026-01-22 18:08:00,3.626,3.63,3.625,3.6275,3.631,3.635,3.63,3.6325,49
2026-01-22 18:09:00,3.628,3.628,3.617,3.619,3.633,3.633,3.622,3.624,66
2026-01-22 18:10:00,3.62,3.627,3.616,3.6175,3.625,3.632,3.621,3.6225,75
2026-01-22 18:11:00,3.618,3.6185,3.607,3.615,3.623,3.6235,3.612,3.62,119
2026-01-22 18:12:00,3.616,3.623,3.6145,3.6205,3.621,3.628,3.6195,3.6255,58
2026-01-22 18:13:00,3.621,3.625,3.618,3.623,3.626,3.63,3.623,3.628,70
2026-01-22 18:14:00,3.6235,3.627,3.6215,3.6225,3.6285,3.632,3.6265,3.6275,46
2026-01-22 18:15:00,3.623,3.624,3.604,3.6105,3.628,3.629,3.609,3.6155,129
2026-01-22 18:16:00,3.61,3.617,3.608,3.608,3.615,3.622,3.613,3.613,97
2026-01-22 18:17:00,3.6075,3.612,3.603,3.609,3.6125,3.617,3.608,3.614,103
2026-01-22 18:18:00,3.61,3.61,3.602,3.6065,3.615,3.615,3.607,3.6115,91
2026-01-22 18:19:00,3.606,3.608,3.602,3.604,3.611,3.613,3.607,3.609,105
2026-01-22 18:20:00,3.605,3.606,3.594,3.597,3.61,3.611,3.599,3.602,81
2026-01-22 18:21:00,3.596,3.5975,3.577,3.585,3.601,3.6025,3.582,3.59,180
2026-01-22 18:22:00,3.5855,3.5885,3.578,3.5825,3.5905,3.5935,3.583,3.5875,116
2026-01-22 18:23:00,3.582,3.5865,3.57,3.573,3.587,3.5915,3.575,3.578,184
2026-01-22 18:24:00,3.572,3.5775,3.57,3.5755,3.577,3.5825,3.575,3.5805,105
2026-01-22 18:25:00,3.576,3.58,3.572,3.575,3.581,3.585,3.577,3.58,81
2026-01-22 18:26:00,3.576,3.5865,3.576,3.5795,3.581,3.5915,3.581,3.5845,113
2026-01-22 18:27:00,3.579,3.586,3.578,3.5855,3.584,3.591,3.583,3.5905,81
2026-01-22 18:28:00,3.585,3.5905,3.584,3.585,3.59,3.5955,3.589,3.59,94
2026-01-22 18:29:00,3.584,3.588,3.5765,3.588,3.589,3.593,3.5815,3.593,111
2026-01-22 18:30:00,3.5875,3.588,3.5775,3.584,3.5925,3.593,3.5825,3.589,78
2026-01-22 18:31:00,3.585,3.606,3.585,3.6045,3.59,3.611,3.59,3.6095,140
2026-01-22 18:32:00,3.604,3.6155,3.601,3.612,3.609,3.6205,3.606,3.617,155
2026-01-22 18:33:00,3.611,3.62,3.609,3.6125,3.616,3.625,3.614,3.6175,121
2026-01-22 18:34:00,3.612,3.6125,3.599,3.602,3.617,3.6175,3.604,3.607,97
2026-01-22 18:35:00,3.6025,3.605,3.598,3.604,3.6075,3.61,3.603,3.609,109
2026-01-22 18:36:00,3.6035,3.607,3.595,3.607,3.6085,3.612,3.6,3.612,77
2026-01-22 18:37:00,3.6075,3.625,3.607,3.62,3.6125,3.63,3.612,3.625,145
2026-01-22 18:38:00,3.6205,3.621,3.609,3.6175,3.6255,3.626,3.614,3.6225,113
2026-01-22 18:39:00,3.6185,3.6185,3.604,3.6065,3.6235,3.6235,3.609,3.6115,147
2026-01-22 18:40:00,3.607,3.621,3.607,3.6165,3.612,3.626,3.612,3.6215,65
2026-01-22 18:41:00,3.616,3.6175,3.61,3.617,3.621,3.6225,3.615,3.622,77
2026-01-22 18:42:00,3.6165,3.627,3.6165,3.6245,3.6215,3.632,3.6215,3.6295,67
2026-01-22 18:43:00,3.624,3.624,3.6145,3.617,3.629,3.629,3.6195,3.622,78
2026-01-22 18:44:00,3.616,3.621,3.61,3.618,3.621,3.626,3.615,3.623,100
2026-01-22 18:45:00,3.6175,3.619,3.602,3.6035,3.6225,3.624,3.607,3.6085,97
2026-01-22 18:46:00,3.603,3.61,3.6015,3.6055,3.608,3.615,3.6065,3.6105,101
2026-01-22 18:47:00,3.606,3.607,3.589,3.5945,3.611,3.612,3.594,3.5995,153
2026-01-22 18:48:00,3.595,3.602,3.591,3.602,3.6,3.607,3.596,3.607,124
2026-01-22 18:49:00,3.601,3.6035,3.596,3.6005,3.606,3.6085,3.601,3.6055,80
2026-01-22 18:50:00,3.5995,3.6,3.581,3.5855,3.6045,3.605,3.586,3.5905,132
2026-01-22 18:51:00,3.586,3.587,3.579,3.584,3.591,3.592,3.584,3.589,161
2026-01-22 18:52:00,3.5835,3.5875,3.5765,3.58,3.5885,3.5925,3.5815,3.585,92
2026-01-22 18:53:00,3.581,3.582,3.569,3.5715,3.586,3.587,3.574,3.5765,144
2026-01-22 18:54:00,3.572,3.573,3.557,3.567,3.577,3.578,3.562,3.572,137
2026-01-22 18:55:00,3.568,3.5825,3.568,3.582,3.573,3.5875,3.573,3.587,141
2026-01-22 18:56:00,3.5815,3.584,3.569,3.574,3.5865,3.589,3.574,3.579,142
2026-01-22 18:57:00,3.5735,3.5765,3.57,3.5755,3.5785,3.5815,3.575,3.5805,82
2026-01-22 18:58:00,3.576,3.5855,3.574,3.58,3.581,3.5905,3.579,3.585,129
2026-01-22 18:59:00,3.5805,3.5815,3.5715,3.576,3.5855,3.5865,3.5765,3.581,91
2026-01-22 19:00:00,3.5755,3.578,3.572,3.575,3.5805,3.583,3.577,3.58,84
2026-01-22 19:01:00,3.576,3.582,3.575,3.582,3.581,3.587,3.58,3.587,63
2026-01-22 19:02:00,3.581,3.5865,3.581,3.583,3.586,3.5915,3.586,3.588,52
2026-01-22 19:03:00,3.5825,3.584,3.579,3.583,3.5875,3.589,3.584,3.588,60
2026-01-22 19:04:00,3.5835,3.592,3.582,3.5835,3.5885,3.597,3.587,3.5885,84
2026-01-22 19:05:00,3.583,3.5955,3.583,3.595,3.588,3.6005,3.588,3.6,94
2026-01-22 19:06:00,3.5945,3.599,3.583,3.583,3.5995,3.604,3.588,3.588,118
2026-01-22 19:07:00,3.5835,3.585,3.577,3.579,3.5885,3.59,3.582,3.584,49
2026-01-22 19:08:00,3.5785,3.582,3.5735,3.5795,3.5835,3.587,3.5785,3.5845,89
2026-01-22 19:09:00,3.58,3.58,3.5645,3.569,3.585,3.585,3.5695,3.574,114
2026-01-22 19:10:00,3.568,3.568,3.562,3.565,3.573,3.573,3.567,3.57,103
2026-01-22 19:11:00,3.566,3.5695,3.556,3.558,3.571,3.5745,3.561,3.563,83
2026-01-22 19:12:00,3.5585,3.5675,3.5585,3.562,3.5635,3.5725,3.5635,3.567,98
2026-01-22 19:13:00,3.5625,3.567,3.559,3.565,3.5675,3.572,3.564,3.57,66
2026-01-22 19:14:00,3.5645,3.5645,3.552,3.561,3.5695,3.5695,3.557,3.566,111
2026-01-22 19:15:00,3.562,3.5635,3.5365,3.539,3.567,3.5685,3.5415,3.544,191
2026-01-22 19:16:00,3.538,3.538,3.506,3.512,3.543,3.543,3.511,3.517,277
2026-01-22 19:17:00,3.5125,3.5185,3.494,3.502,3.5175,3.5235,3.499,3.507,215
2026-01-22 19:18:00,3.5015,3.5105,3.4955,3.5085,3.5065,3.5155,3.5005,3.5135,143
2026-01-22 19:19:00,3.509,3.513,3.5,3.504,3.514,3.518,3.505,3.509,165
2026-01-22 19:20:00,3.5045,3.515,3.504,3.5105,3.5095,3.52,3.509,3.5155,133
2026-01-22 19:21:00,3.51,3.51,3.484,3.492,3.515,3.515,3.489,3.497,174
2026-01-22 19:22:00,3.4925,3.502,3.4885,3.497,3.4975,3.507,3.4935,3.502,111
2026-01-22 19:23:00,3.4965,3.504,3.493,3.5,3.5015,3.509,3.498,3.505,79
2026-01-22 19:24:00,3.498,3.5075,3.488,3.49,3.503,3.5125,3.493,3.495,137
2026-01-22 19:25:00,3.489,3.492,3.478,3.485,3.494,3.497,3.483,3.49,124
2026-01-22 19:26:00,3.4855,3.49,3.4465,3.462,3.4905,3.495,3.4515,3.467,200
2026-01-22 19:27:00,3.4625,3.475,3.4485,3.472,3.4675,3.48,3.4535,3.477,186
2026-01-22 19:28:00,3.4725,3.508,3.4715,3.505,3.4775,3.513,3.4765,3.51,166
2026-01-22 19:29:00,3.504,3.514,3.5025,3.51,3.509,3.519,3.5075,3.515,145
2026-01-22 19:30:00,3.509,3.509,3.486,3.501,3.514,3.514,3.491,3.506,144
2026-01-22 19:31:00,3.5025,3.507,3.496,3.5015,3.5075,3.512,3.501,3.5065,97
2026-01-22 19:32:00,3.502,3.514,3.499,3.511,3.507,3.519,3.504,3.516,87
2026-01-22 19:33:00,3.51,3.518,3.508,3.5165,3.515,3.523,3.513,3.5215,91
2026-01-22 19:34:00,3.517,3.527,3.5165,3.522,3.522,3.532,3.5215,3.527,111
2026-01-22 19:35:00,3.5215,3.537,3.517,3.536,3.5265,3.542,3.522,3.541,97
2026-01-22 19:36:00,3.537,3.545,3.534,3.538,3.542,3.55,3.539,3.543,84
2026-01-22 19:37:00,3.5375,3.544,3.535,3.538,3.5425,3.549,3.54,3.543,75
2026-01-22 19:38:00,3.539,3.5455,3.524,3.532,3.544,3.5505,3.529,3.537,108
2026-01-22 19:39:00,3.533,3.541,3.525,3.5395,3.538,3.546,3.53,3.5445,97
2026-01-22 19:40:00,3.5385,3.5385,3.527,3.528,3.5435,3.5435,3.532,3.533,77
2026-01-22 19:41:00,3.5285,3.5295,3.514,3.5185,3.5335,3.5345,3.519,3.5235,86
2026-01-22 19:42:00,3.519,3.5235,3.515,3.5235,3.524,3.5285,3.52,3.5285,69
2026-01-22 19:43:00,3.524,3.533,3.524,3.5305,3.529,3.538,3.529,3.5355,110
2026-01-22 19:44:00,3.5295,3.53,3.522,3.5265,3.5345,3.535,3.527,3.5315,62
2026-01-22 19:45:00,3.527,3.534,3.526,3.531,3.532,3.539,3.531,3.536,59
2026-01-22 19:46:00,3.5315,3.533,3.525,3.53,3.5365,3.538,3.53,3.535,72
2026-01-22 19:47:00,3.531,3.538,3.529,3.5325,3.536,3.543,3.534,3.5375,64
2026-01-22 19:48:00,3.532,3.54,3.528,3.53,3.537,3.545,3.533,3.535,83
2026-01-22 19:49:00,3.5305,3.5305,3.516,3.5195,3.5355,3.5355,3.521,3.5245,101
2026-01-22 19:50:00,3.52,3.523,3.515,3.5195,3.525,3.528,3.52,3.5245,107
2026-01-22 19:51:00,3.514,3.514,3.502,3.505,3.519,3.519,3.507,3.51,106
2026-01-22 19:52:00,3.504,3.505,3.486,3.491,3.509,3.51,3.491,3.496,194
2026-01-22 19:53:00,3.49,3.501,3.49,3.497,3.495,3.506,3.495,3.502,126
2026-01-22 19:54:00,3.4975,3.514,3.497,3.511,3.5025,3.519,3.502,3.516,78
2026-01-22 19:55:00,3.5115,3.522,3.511,3.517,3.5165,3.527,3.516,3.522,90
2026-01-22 19:56:00,3.5165,3.5165,3.499,3.502,3.5215,3.5215,3.504,3.507,78
2026-01-22 19:57:00,3.503,3.514,3.502,3.5055,3.508,3.519,3.507,3.5105,74
2026-01-22 19:58:00,3.506,3.5105,3.501,3.507,3.511,3.5155,3.506,3.512,67
2026-01-22 19:59:00,3.5065,3.5175,3.506,3.5135,3.5115,3.5225,3.511,3.5185,63
2026-01-22 20:00:00,3.512,3.514,3.506,3.513,3.517,3.519,3.511,3.518,112
2026-01-22 20:01:00,3.512,3.5185,3.512,3.513,3.517,3.5235,3.517,3.518,79
2026-01-22 20:02:00,3.512,3.512,3.484,3.493,3.517,3.517,3.489,3.498,187
2026-01-22 20:03:00,3.495,3.508,3.491,3.5065,3.5,3.513,3.496,3.5115,117
2026-01-22 20:04:00,3.507,3.5085,3.501,3.5085,3.512,3.5135,3.506,3.5135,84
2026-01-22 20:05:00,3.507,3.523,3.507,3.5205,3.512,3.528,3.512,3.5255,136
2026-01-22 20:06:00,3.5215,3.528,3.52,3.523,3.5265,3.533,3.525,3.528,104
2026-01-22 20:07:00,3.522,3.531,3.522,3.526,3.527,3.536,3.527,3.531,71
2026-01-22 20:08:00,3.525,3.537,3.524,3.536,3.53,3.542,3.529,3.541,95
2026-01-22 20:09:00,3.5355,3.539,3.533,3.537,3.5405,3.544,3.538,3.542,81
2026-01-22 20:10:00,3.536,3.539,3.527,3.53,3.541,3.544,3.532,3.535,89
2026-01-22 20:11:00,3.531,3.533,3.527,3.53,3.536,3.538,3.532,3.535,63
2026-01-22 20:12:00,3.529,3.531,3.526,3.5285,3.534,3.536,3.531,3.5335,45
2026-01-22 20:13:00,3.529,3.53,3.5185,3.5195,3.534,3.535,3.5235,3.5245,77
2026-01-22 20:14:00,3.52,3.5365,3.52,3.533,3.525,3.5415,3.525,3.538,81
2026-01-22 20:15:00,3.5315,3.544,3.5315,3.5435,3.5365,3.549,3.5365,3.5485,80
2026-01-22 20:16:00,3.544,3.552,3.543,3.5515,3.549,3.557,3.548,3.5565,80
2026-01-22 20:17:00,3.551,3.553,3.54,3.542,3.556,3.558,3.545,3.547,79
2026-01-22 20:18:00,3.5415,3.5425,3.535,3.536,3.5465,3.5475,3.54,3.541,60
2026-01-22 20:19:00,3.5355,3.5475,3.5355,3.539,3.5405,3.5525,3.5405,3.544,85
2026-01-22 20:20:00,3.538,3.548,3.538,3.54,3.543,3.553,3.543,3.545,76
2026-01-22 20:21:00,3.5405,3.545,3.538,3.5395,3.5455,3.55,3.543,3.5445,61
2026-01-22 20:22:00,3.54,3.5405,3.529,3.537,3.545,3.5455,3.534,3.542,105
2026-01-22 20:23:00,3.536,3.541,3.534,3.541,3.541,3.546,3.539,3.546,60
2026-01-22 20:24:00,3.542,3.5485,3.541,3.545,3.547,3.5535,3.546,3.55,77
2026-01-22 20:25:00,3.5455,3.547,3.533,3.5335,3.5505,3.552,3.538,3.5385,79
2026-01-22 20:26:00,3.534,3.538,3.529,3.535,3.539,3.543,3.534,3.54,90
2026-01-22 20:27:00,3.5345,3.558,3.5335,3.558,3.5395,3.563,3.5385,3.563,140
2026-01-22 20:28:00,3.557,3.579,3.557,3.5715,3.562,3.584,3.562,3.5765,262
2026-01-22 20:29:00,3.571,3.579,3.567,3.572,3.576,3.584,3.572,3.577,186
2026-01-22 20:30:00,3.5715,3.574,3.561,3.562,3.5765,3.579,3.566,3.567,108
2026-01-22 20:31:00,3.561,3.566,3.5585,3.5635,3.566,3.571,3.5635,3.5685,63
2026-01-22 20:32:00,3.564,3.566,3.561,3.565,3.569,3.571,3.566,3.57,32
2026-01-22 20:33:00,3.5645,3.567,3.564,3.5645,3.5695,3.572,3.569,3.5695,28
2026-01-22 20:34:00,3.564,3.5665,3.562,3.566,3.569,3.5715,3.567,3.571,34
2026-01-22 20:35:00,3.5655,3.5705,3.564,3.5705,3.5705,3.5755,3.569,3.5755,32
2026-01-22 20:36:00,3.571,3.576,3.568,3.568,3.576,3.581,3.573,3.573,41
2026-01-22 20:37:00,3.567,3.569,3.565,3.569,3.572,3.574,3.57,3.574,29
2026-01-22 20:38:00,3.5695,3.573,3.568,3.568,3.5745,3.578,3.573,3.573,25
2026-01-22 20:39:00,3.569,3.5695,3.563,3.567,3.574,3.5745,3.568,3.572,27
2026-01-22 20:40:00,3.568,3.5715,3.562,3.5665,3.573,3.5765,3.567,3.5715,46
2026-01-22 20:41:00,3.566,3.57,3.564,3.5645,3.571,3.575,3.569,3.5695,34
2026-01-22 20:42:00,3.564,3.568,3.564,3.565,3.569,3.573,3.569,3.57,19
2026-01-22 20:43:00,3.5645,3.566,3.561,3.561,3.5695,3.571,3.566,3.566,28
2026-01-22 20:44:00,3.5615,3.5655,3.559,3.565,3.5665,3.5705,3.564,3.57,31
2026-01-22 20:45:00,3.5655,3.566,3.564,3.5645,3.5705,3.571,3.569,3.5695,25
2026-01-22 20:46:00,3.564,3.565,3.5615,3.565,3.569,3.57,3.5665,3.57,32
2026-01-22 20:47:00,3.5655,3.5655,3.561,3.5625,3.5705,3.5705,3.566,3.5675,27
2026-01-22 20:48:00,3.562,3.564,3.56,3.5625,3.567,3.569,3.565,3.5675,18
2026-01-22 20:49:00,3.562,3.562,3.558,3.559,3.567,3.567,3.563,3.564,24
2026-01-22 20:50:00,3.56,3.56,3.555,3.556,3.565,3.565,3.56,3.561,20
2026-01-22 20:51:00,3.5555,3.562,3.555,3.561,3.5605,3.567,3.56,3.566,24
2026-01-22 20:52:00,3.5615,3.566,3.561,3.5655,3.5665,3.571,3.566,3.5705,31
2026-01-22 20:53:00,3.566,3.5665,3.5625,3.563,3.571,3.5715,3.5675,3.568,27
2026-01-22 20:54:00,3.5635,3.566,3.563,3.563,3.5685,3.571,3.568,3.568,13
2026-01-22 20:55:00,3.562,3.563,3.56,3.562,3.567,3.568,3.565,3.567,35
2026-01-22 20:56:00,3.5615,3.5615,3.5565,3.559,3.5665,3.5665,3.5615,3.564,29
2026-01-22 20:57:00,3.5585,3.563,3.5585,3.562,3.5635,3.568,3.5635,3.567,25
2026-01-22 20:58:00,3.561,3.567,3.561,3.563,3.566,3.572,3.566,3.568,28
2026-01-22 20:59:00,3.564,3.565,3.561,3.5635,3.569,3.57,3.566,3.5685,16
2026-01-22 21:00:00,3.563,3.57,3.563,3.57,3.568,3.575,3.568,3.575,37
2026-01-22 21:01:00,3.5705,3.58,3.57,3.578,3.5755,3.585,3.575,3.583,44
2026-01-22 21:02:00,3.5785,3.5905,3.578,3.587,3.5835,3.5955,3.583,3.592,72
2026-01-22 21:03:00,3.5865,3.5885,3.583,3.587,3.5915,3.5935,3.588,3.592,45
2026-01-22 21:04:00,3.586,3.5865,3.5795,3.5795,3.591,3.5915,3.5845,3.5845,35
2026-01-22 21:05:00,3.58,3.5855,3.58,3.5835,3.585,3.5905,3.585,3.5885,44
2026-01-22 21:06:00,3.5845,3.587,3.568,3.568,3.5895,3.592,3.573,3.573,67
2026-01-22 21:07:00,3.5685,3.569,3.562,3.5675,3.5735,3.574,3.567,3.5725,53
2026-01-22 21:08:00,3.567,3.573,3.566,3.5725,3.572,3.578,3.571,3.5775,26
2026-01-22 21:09:00,3.573,3.575,3.562,3.5645,3.578,3.58,3.567,3.5695,54
2026-01-22 21:10:00,3.565,3.5665,3.562,3.5635,3.57,3.5715,3.567,3.5685,21
2026-01-22 21:11:00,3.563,3.564,3.56,3.562,3.568,3.569,3.565,3.567,24
2026-01-22 21:12:00,3.5625,3.5635,3.559,3.562,3.5675,3.5685,3.564,3.567,29
2026-01-22 21:13:00,3.5615,3.564,3.5595,3.563,3.5665,3.569,3.5645,3.568,35
2026-01-22 21:14:00,3.5625,3.563,3.5575,3.561,3.5675,3.568,3.5625,3.566,26
2026-01-22 21:15:00,3.562,3.563,3.551,3.554,3.567,3.568,3.556,3.559,36
2026-01-22 21:16:00,3.553,3.554,3.5495,3.551,3.558,3.559,3.5545,3.556,40
2026-01-22 21:17:00,3.552,3.552,3.544,3.545,3.557,3.557,3.549,3.55,35
2026-01-22 21:18:00,3.546,3.546,3.538,3.538,3.551,3.551,3.543,3.543,57
2026-01-22 21:19:00,3.5385,3.539,3.529,3.53,3.5435,3.544,3.534,3.535,85
2026-01-22 21:20:00,3.5305,3.5355,3.527,3.531,3.5355,3.5405,3.532,3.536,82
2026-01-22 21:21:00,3.5305,3.535,3.525,3.527,3.5355,3.54,3.53,3.532,79
2026-01-22 21:22:00,3.528,3.5315,3.524,3.527,3.533,3.5365,3.529,3.532,48
2026-01-22 21:23:00,3.5275,3.528,3.5155,3.521,3.5325,3.533,3.5205,3.526,106
2026-01-22 21:24:00,3.5205,3.522,3.515,3.5185,3.5255,3.527,3.52,3.5235,65
2026-01-22 21:25:00,3.518,3.5245,3.518,3.5245,3.523,3.5295,3.523,3.5295,50
2026-01-22 21:26:00,3.524,3.524,3.51,3.512,3.529,3.529,3.515,3.517,80
2026-01-22 21:27:00,3.5125,3.518,3.51,3.5125,3.5175,3.523,3.515,3.5175,78
2026-01-22 21:28:00,3.511,3.523,3.511,3.522,3.516,3.528,3.516,3.527,71
2026-01-22 21:29:00,3.523,3.524,3.517,3.518,3.528,3.529,3.522,3.523,52
2026-01-22 21:30:00,3.519,3.528,3.519,3.5245,3.524,3.533,3.524,3.5295,64
2026-01-22 21:31:00,3.524,3.5295,3.523,3.5265,3.529,3.5345,3.528,3.5315,47
2026-01-22 21:32:00,3.525,3.525,3.519,3.5205,3.53,3.53,3.524,3.5255,42
2026-01-22 21:33:00,3.52,3.52,3.5165,3.5185,3.525,3.525,3.5215,3.5235,31
2026-01-22 21:34:00,3.518,3.522,3.514,3.515,3.523,3.527,3.519,3.52,46
2026-01-22 21:35:00,3.5145,3.5145,3.502,3.511,3.5195,3.5195,3.507,3.516,70
2026-01-22 21:36:00,3.51,3.51,3.5,3.501,3.515,3.515,3.505,3.506,70
2026-01-22 21:37:00,3.5,3.501,3.487,3.488,3.505,3.506,3.492,3.493,140
2026-01-22 21:38:00,3.4885,3.4885,3.4785,3.4825,3.4935,3.4935,3.4835,3.4875,128
2026-01-22 21:39:00,3.483,3.4875,3.48,3.4825,3.488,3.4925,3.485,3.4875,82
2026-01-22 21:40:00,3.483,3.489,3.478,3.487,3.488,3.494,3.483,3.492,81
2026-01-22 21:41:00,3.488,3.49,3.475,3.4775,3.493,3.495,3.48,3.4825,113
2026-01-22 21:42:00,3.478,3.48,3.474,3.475,3.483,3.485,3.479,3.48,61
2026-01-22 21:43:00,3.476,3.483,3.475,3.4795,3.481,3.488,3.48,3.4845,50
2026-01-22 21:44:00,3.48,3.482,3.476,3.479,3.485,3.487,3.481,3.484,56
2026-01-22 21:45:00,3.48,3.482,3.4715,3.479,3.485,3.487,3.4765,3.484,99
2026-01-22 21:46:00,3.4785,3.483,3.475,3.4815,3.4835,3.488,3.48,3.4865,71
2026-01-22 21:47:00,3.481,3.482,3.478,3.48,3.486,3.487,3.483,3.485,25
2026-01-22 21:48:00,3.4795,3.4795,3.4645,3.466,3.4845,3.4845,3.4695,3.471,65
2026-01-22 21:49:00,3.4665,3.474,3.4665,3.47,3.4715,3.479,3.4715,3.475,49
2026-01-22 21:50:00,3.471,3.474,3.468,3.472,3.476,3.479,3.473,3.477,38
2026-01-22 21:51:00,3.4725,3.4795,3.4705,3.473,3.4775,3.4845,3.4755,3.478,82
2026-01-22 21:52:00,3.4725,3.477,3.472,3.474,3.4775,3.482,3.477,3.479,52
2026-01-22 21:53:00,3.473,3.475,3.47,3.4715,3.478,3.48,3.475,3.4765,32
2026-01-22 21:54:00,3.471,3.472,3.464,3.466,3.476,3.477,3.469,3.471,56
2026-01-22 21:55:00,3.465,3.4675,3.4635,3.4655,3.47,3.4725,3.4685,3.4705,36
2026-01-22 21:56:00,3.465,3.4655,3.459,3.462,3.47,3.4705,3.464,3.467,49
2026-01-22 21:57:00,3.4625,3.4665,3.4605,3.463,3.4675,3.4715,3.4655,3.468,56
2026-01-22 21:58:00,3.462,3.466,3.4595,3.464,3.467,3.471,3.4645,3.469,40
2026-01-22 21:59:00,3.4645,3.4675,3.461,3.4675,3.4695,3.4725,3.466,3.4725,64
2026-01-22 22:00:00,3.467,3.47,3.4665,3.4685,3.472,3.475,3.4715,3.4735,13
2026-01-22 22:01:00,3.47,3.47,3.4665,3.4685,3.475,3.475,3.4715,3.4735,13
2026-01-22 22:02:00,3.469,3.472,3.4665,3.467,3.474,3.477,3.4715,3.472,17
2026-01-22 22:03:00,3.4675,3.469,3.4655,3.467,3.4725,3.474,3.4705,3.472,13
2026-01-22 22:04:00,3.466,3.4695,3.463,3.467,3.471,3.4745,3.468,3.472,32
2026-01-22 22:05:00,3.466,3.47,3.464,3.4685,3.471,3.475,3.469,3.4735,22
2026-01-22 22:06:00,3.468,3.47,3.4565,3.4575,3.473,3.475,3.4615,3.4625,40
2026-01-22 22:07:00,3.457,3.4605,3.455,3.4605,3.462,3.4655,3.46,3.4655,26
2026-01-22 22:08:00,3.461,3.461,3.453,3.454,3.466,3.466,3.458,3.459,32
2026-01-22 22:09:00,3.453,3.455,3.449,3.45,3.458,3.46,3.454,3.455,34
2026-01-22 22:10:00,3.451,3.4515,3.445,3.446,3.456,3.4565,3.45,3.451,16
2026-01-22 22:11:00,3.4455,3.449,3.4325,3.434,3.4505,3.454,3.4375,3.439,38
2026-01-22 22:12:00,3.435,3.4355,3.427,3.428,3.44,3.4405,3.432,3.433,22
2026-01-22 22:13:00,3.4285,3.43,3.418,3.4195,3.4335,3.435,3.423,3.4245,49
2026-01-22 22:14:00,3.42,3.425,3.414,3.425,3.425,3.43,3.419,3.43,40
2026-01-22 22:15:00,3.426,3.4305,3.4255,3.429,3.431,3.4355,3.4305,3.434,34
2026-01-22 22:16:00,3.428,3.4355,3.42,3.4315,3.433,3.4405,3.425,3.4365,44
2026-01-22 22:17:00,3.431,3.452,3.4285,3.452,3.436,3.457,3.4335,3.457,51
2026-01-22 22:18:00,3.451,3.4525,3.444,3.4465,3.456,3.4575,3.449,3.4515,35
2026-01-22 22:19:00,3.446,3.45,3.4425,3.4425,3.451,3.455,3.4475,3.4475,27
2026-01-22 22:20:00,3.442,3.45,3.4415,3.4465,3.447,3.455,3.4465,3.4515,19
2026-01-22 22:21:00,3.446,3.446,3.4445,3.4445,3.451,3.451,3.4495,3.4495,9
2026-01-22 22:22:00,3.444,3.444,3.4405,3.4405,3.449,3.449,3.4455,3.4455,13
2026-01-22 22:23:00,3.4415,3.444,3.439,3.441,3.4465,3.449,3.444,3.446,26
2026-01-22 22:24:00,3.4405,3.4425,3.438,3.4385,3.4455,3.4475,3.443,3.4435,16
2026-01-22 22:25:00,3.439,3.4415,3.4375,3.441,3.444,3.4465,3.4425,3.446,15
2026-01-22 22:26:00,3.442,3.4445,3.4395,3.44,3.447,3.4495,3.4445,3.445,12
2026-01-22 22:27:00,3.441,3.4425,3.4395,3.4415,3.446,3.4475,3.4445,3.4465,22
2026-01-22 22:28:00,3.4405,3.444,3.4385,3.4435,3.4455,3.449,3.4435,3.4485,20
2026-01-22 22:29:00,3.443,3.443,3.441,3.4425,3.448,3.448,3.446,3.4475,11
2026-01-22 22:30:00,3.443,3.451,3.4425,3.451,3.448,3.456,3.4475,3.456,28
2026-01-22 22:31:00,3.4515,3.453,3.449,3.4495,3.4565,3.458,3.454,3.4545,22
2026-01-22 22:32:00,3.4485,3.449,3.445,3.446,3.4535,3.454,3.45,3.451,15
2026-01-22 22:33:00,3.4465,3.447,3.445,3.445,3.4515,3.452,3.45,3.45,4
2026-01-22 22:34:00,3.4445,3.447,3.4435,3.444,3.4495,3.452,3.4485,3.449,21
2026-01-22 22:35:00,3.4445,3.4455,3.444,3.4455,3.4495,3.4505,3.449,3.4505,12
2026-01-22 22:36:00,3.446,3.451,3.446,3.4495,3.451,3.456,3.451,3.4545,14
2026-01-22 22:37:00,3.4505,3.4545,3.4475,3.4545,3.4555,3.4595,3.4525,3.4595,24
2026-01-22 22:38:00,3.454,3.454,3.449,3.45,3.459,3.459,3.454,3.455,18
2026-01-22 22:39:00,3.4505,3.4545,3.4505,3.4535,3.4555,3.4595,3.4555,3.4585,11
2026-01-22 22:40:00,3.454,3.456,3.4535,3.456,3.459,3.461,3.4585,3.461,16
2026-01-22 22:41:00,3.4555,3.456,3.4555,3.456,3.4605,3.461,3.4605,3.461,6
2026-01-22 22:42:00,3.4555,3.4555,3.454,3.454,3.4605,3.4605,3.459,3.459,5
2026-01-22 22:43:00,3.4545,3.4545,3.4515,3.454,3.4595,3.4595,3.4565,3.459,14
2026-01-22 22:44:00,3.4545,3.455,3.454,3.455,3.4595,3.46,3.459,3.46,9
2026-01-22 22:45:00,3.454,3.4575,3.4535,3.457,3.459,3.4625,3.4585,3.462,21
2026-01-22 22:46:00,3.458,3.458,3.454,3.457,3.463,3.463,3.459,3.462,18
2026-01-22 22:47:00,3.4565,3.459,3.455,3.4585,3.4615,3.464,3.46,3.4635,19
2026-01-22 22:48:00,3.459,3.46,3.4575,3.4595,3.464,3.465,3.4625,3.4645,18
2026-01-22 22:49:00,3.46,3.4605,3.456,3.46,3.465,3.4655,3.461,3.465,25
2026-01-22 22:50:00,3.4605,3.465,3.4575,3.46,3.4655,3.47,3.4625,3.465,21
2026-01-22 22:51:00,3.4595,3.4605,3.4595,3.4605,3.4645,3.4655,3.4645,3.4655,7
2026-01-22 22:52:00,3.4615,3.465,3.461,3.4635,3.4665,3.47,3.466,3.4685,9
2026-01-22 22:53:00,3.464,3.465,3.461,3.462,3.469,3.47,3.466,3.467,13
2026-01-22 22:54:00,3.4615,3.4615,3.461,3.461,3.4665,3.4665,3.466,3.466,8
2026-01-22 22:55:00,3.4615,3.4645,3.458,3.459,3.4665,3.4695,3.463,3.464,27
2026-01-22 22:56:00,3.458,3.4635,3.458,3.4635,3.463,3.4685,3.463,3.4685,17
2026-01-22 22:57:00,3.461,3.463,3.4565,3.46,3.466,3.468,3.4615,3.465,25
2026-01-22 22:58:00,3.4595,3.463,3.459,3.462,3.4645,3.468,3.464,3.467,18
2026-01-22 22:59:00,3.4615,3.473,3.46,3.4663,3.4665,3.478,3.465,3.4713,54
2026-01-23 00:00:00,3.4683,3.4853,3.4683,3.4838,3.4733,3.4903,3.4733,3.4888,35
2026-01-23 00:01:00,3.4843,3.4883,3.4833,3.4873,3.4893,3.4933,3.4883,3.4923,11
2026-01-23 00:02:00,3.4878,3.4978,3.4868,3.4978,3.4928,3.5028,3.4918,3.5028,16
2026-01-23 00:03:00,3.4998,3.5053,3.4953,3.4983,3.5048,3.5103,3.5003,3.5033,27
2026-01-23 00:04:00,3.5023,3.5023,3.4998,3.5003,3.5073,3.5073,3.5048,3.5053,4
2026-01-23 00:05:00,3.4993,3.5013,3.4968,3.4983,3.5043,3.5063,3.5018,3.5033,12
2026-01-23 00:06:00,3.4968,3.5018,3.4943,3.5003,3.5018,3.5068,3.4993,3.5053,13
2026-01-23 00:07:00,3.5023,3.5068,3.5023,3.5063,3.5073,3.5118,3.5073,3.5113,6
2026-01-23 00:08:00,3.5073,3.5378,3.5073,3.5248,3.5123,3.5428,3.5123,3.5298,37
2026-01-23 00:09:00,3.5258,3.5263,3.5193,3.5263,3.5308,3.5313,3.5243,3.5313,24
2026-01-23 00:10:00,3.5228,3.5273,3.5168,3.5208,3.5278,3.5323,3.5218,3.5258,27
2026-01-23 00:11:00,3.5218,3.5218,3.5158,3.5158,3.5268,3.5268,3.5208,3.5208,9
2026-01-23 00:12:00,3.5163,3.5273,3.5163,3.5253,3.5213,3.5323,3.5213,3.5303,16
2026-01-23 00:13:00,3.5248,3.5248,3.5193,3.5198,3.5298,3.5298,3.5243,3.5248,12
2026-01-23 00:14:00,3.5188,3.5188,3.5093,3.5093,3.5238,3.5238,3.5143,3.5143,6
2026-01-23 00:15:00,3.5098,3.5118,3.5088,3.5118,3.5148,3.5168,3.5138,3.5168,10
2026-01-23 00:16:00,3.5103,3.5188,3.5103,3.5158,3.5153,3.5238,3.5153,3.5208,9
2026-01-23 00:17:00,3.5163,3.5163,3.5103,3.5123,3.5213,3.5213,3.5153,3.5173,8
2026-01-23 00:18:00,3.5128,3.5178,3.5123,3.5123,3.5178,3.5228,3.5173,3.5173,9
2026-01-23 00:19:00,3.5128,3.5163,3.5123,3.5158,3.5178,3.5213,3.5173,3.5208,7
2026-01-23 00:20:00,3.5143,3.5143,3.5103,3.5123,3.5193,3.5193,3.5153,3.5173,10
2026-01-23 00:21:00,3.5118,3.5118,3.5093,3.5098,3.5168,3.5168,3.5143,3.5148,6
2026-01-23 00:22:00,3.5103,3.5113,3.5098,3.5113,3.5153,3.5163,3.5148,3.5163,6
2026-01-23 00:23:00,3.5083,3.5083,3.5048,3.5058,3.5133,3.5133,3.5098,3.5108,8
2026-01-23 00:24:00,3.5068,3.5068,3.4963,3.5038,3.5118,3.5118,3.5013,3.5088,14
2026-01-23 00:25:00,3.5063,3.5073,3.5043,3.5068,3.5113,3.5123,3.5093,3.5118,9
2026-01-23 00:26:00,3.5063,3.5113,3.5013,3.5103,3.5113,3.5163,3.5063,3.5153,13
2026-01-23 00:27:00,3.5108,3.5113,3.5103,3.5108,3.5158,3.5163,3.5153,3.5158,4
2026-01-23 00:28:00,3.5098,3.5098,3.5068,3.5068,3.5148,3.5148,3.5118,3.5118,6
2026-01-23 00:29:00,3.5038,3.5048,3.5038,3.5048,3.5088,3.5098,3.5088,3.5098,3
2026-01-23 00:30:00,3.5038,3.5068,3.5023,3.5063,3.5088,3.5118,3.5073,3.5113,8
2026-01-23 00:31:00,3.5043,3.5043,3.5023,3.5023,3.5093,3.5093,3.5073,3.5073,3
2026-01-23 00:32:00,3.5013,3.5013,3.5003,3.5003,3.5063,3.5063,3.5053,3.5053,2
2026-01-23 00:33:00,3.5018,3.5023,3.5013,3.5023,3.5068,3.5073,3.5063,3.5073,5
2026-01-23 00:34:00,3.5013,3.5023,3.5013,3.5023,3.5063,3.5073,3.5063,3.5073,3
2026-01-23 00:35:00,3.5028,3.5048,3.5028,3.5043,3.5078,3.5098,3.5078,3.5093,6
2026-01-23 00:36:00,3.5053,3.5053,3.5028,3.5028,3.5103,3.5103,3.5078,3.5078,4
2026-01-23 00:37:00,3.5018,3.5028,3.5008,3.5018,3.5068,3.5078,3.5058,3.5068,6
2026-01-23 00:38:00,3.5013,3.5013,3.5008,3.5013,3.5063,3.5063,3.5058,3.5063,3
2026-01-23 00:39:00,3.5018,3.5023,3.5008,3.5023,3.5068,3.5073,3.5058,3.5073,6
2026-01-23 00:40:00,3.5018,3.5048,3.5018,3.5033,3.5068,3.5098,3.5068,3.5083,16
2026-01-23 00:41:00,3.5038,3.5168,3.5033,3.5108,3.5088,3.5218,3.5083,3.5158,19
2026-01-23 00:42:00,3.5113,3.5253,3.5113,3.5253,3.5163,3.5303,3.5163,3.5303,17
2026-01-23 00:43:00,3.5248,3.5258,3.5228,3.5233,3.5298,3.5308,3.5278,3.5283,6
2026-01-23 00:44:00,3.5243,3.5268,3.5223,3.5238,3.5293,3.5318,3.5273,3.5288,15
2026-01-23 00:45:00,3.5243,3.5258,3.5198,3.5258,3.5293,3.5308,3.5248,3.5308,9
2026-01-23 00:46:00,3.5263,3.5268,3.5213,3.5213,3.5313,3.5318,3.5263,3.5263,11
2026-01-23 00:47:00,3.5203,3.5208,3.5153,3.5208,3.5253,3.5258,3.5203,3.5258,9
2026-01-23 00:48:00,3.5198,3.5208,3.5168,3.5198,3.5248,3.5258,3.5218,3.5248,8
2026-01-23 00:49:00,3.5223,3.5243,3.5218,3.5233,3.5273,3.5293,3.5268,3.5283,6
2026-01-23 00:50:00,3.5253,3.5288,3.5233,3.5288,3.5303,3.5338,3.5283,3.5338,14
2026-01-23 00:51:00,3.5283,3.5313,3.5278,3.5283,3.5333,3.5363,3.5328,3.5333,6
2026-01-23 00:52:00,3.5268,3.5268,3.5268,3.5268,3.5318,3.5318,3.5318,3.5318,1
2026-01-23 00:53:00,3.5258,3.5263,3.5218,3.5233,3.5308,3.5313,3.5268,3.5283,9
2026-01-23 00:54:00,3.5223,3.5223,3.5198,3.5198,3.5273,3.5273,3.5248,3.5248,3
2026-01-23 00:55:00,3.5213,3.5228,3.5188,3.5228,3.5263,3.5278,3.5238,3.5278,7
2026-01-23 00:56:00,3.5238,3.5263,3.5158,3.5173,3.5288,3.5313,3.5208,3.5223,15
2026-01-23 00:57:00,3.5133,3.5168,3.5133,3.5148,3.5183,3.5218,3.5183,3.5198,4
2026-01-23 00:58:00,3.5173,3.5183,3.5173,3.5178,3.5223,3.5233,3.5223,3.5228,4
2026-01-23 00:59:00,3.5183,3.5183,3.5183,3.5183,3.5233,3.5233,3.5233,3.5233,1
2026-01-23 01:00:00,3.5198,3.5198,3.5083,3.5083,3.5248,3.5248,3.5133,3.5133,18
2026-01-23 01:01:00,3.5078,3.5078,3.4968,3.4983,3.5128,3.5128,3.5018,3.5033,29
2026-01-23 01:02:00,3.4988,3.5043,3.4968,3.5018,3.5038,3.5093,3.5018,3.5068,18
2026-01-23 01:03:00,3.5013,3.5058,3.5013,3.5058,3.5063,3.5108,3.5063,3.5108,9
2026-01-23 01:04:00,3.5063,3.5153,3.5063,3.5148,3.5113,3.5203,3.5113,3.5198,17
2026-01-23 01:05:00,3.5143,3.5143,3.5068,3.5068,3.5193,3.5193,3.5118,3.5118,13
2026-01-23 01:06:00,3.5058,3.5103,3.5058,3.5103,3.5108,3.5153,3.5108,3.5153,7
2026-01-23 01:07:00,3.5083,3.5108,3.5053,3.5053,3.5133,3.5158,3.5103,3.5103,13
2026-01-23 01:08:00,3.5063,3.5093,3.5063,3.5088,3.5113,3.5143,3.5113,3.5138,5
2026-01-23 01:09:00,3.5083,3.5088,3.5068,3.5078,3.5133,3.5138,3.5118,3.5128,6
2026-01-23 01:10:00,3.5083,3.5098,3.5073,3.5073,3.5133,3.5148,3.5123,3.5123,4
2026-01-23 01:11:00,3.5088,3.5108,3.5073,3.5073,3.5138,3.5158,3.5123,3.5123,9
2026-01-23 01:12:00,3.5068,3.5068,3.5048,3.5068,3.5118,3.5118,3.5098,3.5118,5
2026-01-23 01:13:00,3.5058,3.5078,3.5058,3.5078,3.5108,3.5128,3.5108,3.5128,5
2026-01-23 01:14:00,3.5108,3.5108,3.5088,3.5088,3.5158,3.5158,3.5138,3.5138,11
2026-01-23 01:15:00,3.5073,3.5088,3.5063,3.5083,3.5123,3.5138,3.5113,3.5133,10
2026-01-23 01:16:00,3.5098,3.5118,3.5068,3.5068,3.5148,3.5168,3.5118,3.5118,12
2026-01-23 01:17:00,3.5073,3.5073,3.5073,3.5073,3.5123,3.5123,3.5123,3.5123,1
2026-01-23 01:18:00,3.5083,3.5113,3.5083,3.5103,3.5133,3.5163,3.5133,3.5153,8
2026-01-23 01:19:00,3.5108,3.5113,3.5073,3.5083,3.5158,3.5163,3.5123,3.5133,15
2026-01-23 01:20:00,3.5088,3.5103,3.5088,3.5093,3.5138,3.5153,3.5138,3.5143,5
2026-01-23 01:21:00,3.5098,3.5098,3.5098,3.5098,3.5148,3.5148,3.5148,3.5148,1
2026-01-23 01:22:00,3.5103,3.5103,3.5093,3.5093,3.5153,3.5153,3.5143,3.5143,2
2026-01-23 01:23:00,3.5088,3.5088,3.5088,3.5088,3.5138,3.5138,3.5138,3.5138,1
2026-01-23 01:24:00,3.5103,3.5138,3.5103,3.5118,3.5153,3.5188,3.5153,3.5168,18
2026-01-23 01:25:00,3.5123,3.5133,3.5068,3.5068,3.5173,3.5183,3.5118,3.5118,11
2026-01-23 01:26:00,3.5078,3.5078,3.5068,3.5068,3.5128,3.5128,3.5118,3.5118,4
2026-01-23 01:27:00,3.5063,3.5063,3.5048,3.5048,3.5113,3.5113,3.5098,3.5098,7
2026-01-23 01:28:00,3.5053,3.5063,3.5028,3.5028,3.5103,3.5113,3.5078,3.5078,7
2026-01-23 01:29:00,3.5043,3.5068,3.5043,3.5058,3.5093,3.5118,3.5093,3.5108,8
2026-01-23 01:30:00,3.5053,3.5113,3.5053,3.5098,3.5103,3.5163,3.5103,3.5148,13
2026-01-23 01:31:00,3.5103,3.5108,3.5103,3.5103,3.5153,3.5158,3.5153,3.5153,3
2026-01-23 01:32:00,3.5098,3.5098,3.5098,3.5098,3.5148,3.5148,3.5148,3.5148,1
2026-01-23 01:33:00,3.5118,3.5118,3.5083,3.5083,3.5168,3.5168,3.5133,3.5133,5
2026-01-23 01:34:00,3.5078,3.5078,3.5073,3.5078,3.5128,3.5128,3.5123,3.5128,3
2026-01-23 01:36:00,3.5093,3.5098,3.5093,3.5093,3.5143,3.5148,3.5143,3.5143,3
2026-01-23 01:37:00,3.5088,3.5098,3.5088,3.5098,3.5138,3.5148,3.5138,3.5148,2
2026-01-23 01:38:00,3.5093,3.5108,3.5088,3.5098,3.5143,3.5158,3.5138,3.5148,6
2026-01-23 01:39:00,3.5093,3.5093,3.5093,3.5093,3.5143,3.5143,3.5143,3.5143,1
2026-01-23 01:40:00,3.5103,3.5103,3.5098,3.5098,3.5153,3.5153,3.5148,3.5148,2
2026-01-23 01:41:00,3.5093,3.5098,3.5093,3.5098,3.5143,3.5148,3.5143,3.5148,2
2026-01-23 01:42:00,3.5103,3.5103,3.5098,3.5098,3.5153,3.5153,3.5148,3.5148,2
2026-01-23 01:43:00,3.5103,3.5123,3.5103,3.5118,3.5153,3.5173,3.5153,3.5168,4
2026-01-23 01:44:00,3.5123,3.5123,3.5113,3.5118,3.5173,3.5173,3.5163,3.5168,6
2026-01-23 01:45:00,3.5113,3.5113,3.5103,3.5113,3.5163,3.5163,3.5153,3.5163,4
2026-01-23 01:47:00,3.5118,3.5128,3.5113,3.5118,3.5168,3.5178,3.5163,3.5168,5
2026-01-23 01:48:00,3.5113,3.5113,3.5113,3.5113,3.5163,3.5163,3.5163,3.5163,1
2026-01-23 01:49:00,3.5108,3.5118,3.5108,3.5118,3.5158,3.5168,3.5158,3.5168,2
2026-01-23 01:50:00,3.5103,3.5113,3.5078,3.5098,3.5153,3.5163,3.5128,3.5148,7
2026-01-23 01:51:00,3.5093,3.5093,3.4998,3.5033,3.5143,3.5143,3.5048,3.5083,18
2026-01-23 01:52:00,3.5043,3.5058,3.5043,3.5053,3.5093,3.5108,3.5093,3.5103,4
2026-01-23 01:53:00,3.5058,3.5058,3.5043,3.5053,3.5108,3.5108,3.5093,3.5103,3
2026-01-23 01:54:00,3.5058,3.5073,3.5058,3.5068,3.5108,3.5123,3.5108,3.5118,6
2026-01-23 01:55:00,3.5063,3.5073,3.5058,3.5068,3.5113,3.5123,3.5108,3.5118,9
2026-01-23 01:56:00,3.5063,3.5063,3.5048,3.5053,3.5113,3.5113,3.5098,3.5103,4
2026-01-23 01:57:00,3.5063,3.5063,3.5048,3.5048,3.5113,3.5113,3.5098,3.5098,3
2026-01-23 01:58:00,3.5023,3.5048,3.5008,3.5033,3.5073,3.5098,3.5058,3.5083,18
2026-01-23 01:59:00,3.5028,3.5033,3.5018,3.5033,3.5078,3.5083,3.5068,3.5083,11
2026-01-23 02:00:00,3.5013,3.5013,3.4998,3.4998,3.5063,3.5063,3.5048,3.5048,4
2026-01-23 02:01:00,3.5013,3.5033,3.4993,3.5028,3.5063,3.5083,3.5043,3.5078,16
2026-01-23 02:02:00,3.5023,3.5023,3.4993,3.4993,3.5073,3.5073,3.5043,3.5043,8
2026-01-23 02:03:00,3.4998,3.5003,3.4983,3.4983,3.5048,3.5053,3.5033,3.5033,6
2026-01-23 02:04:00,3.4998,3.5013,3.4953,3.4953,3.5048,3.5063,3.5003,3.5003,16
2026-01-23 02:05:00,3.4958,3.4963,3.4903,3.4903,3.5008,3.5013,3.4953,3.4953,19
2026-01-23 02:06:00,3.4893,3.4933,3.4893,3.4928,3.4943,3.4983,3.4943,3.4978,7
2026-01-23 02:07:00,3.4923,3.4978,3.4923,3.4973,3.4973,3.5028,3.4973,3.5023,27
2026-01-23 02:08:00,3.4963,3.4973,3.4933,3.4943,3.5013,3.5023,3.4983,3.4993,17
2026-01-23 02:09:00,3.4938,3.4988,3.4938,3.4978,3.4988,3.5038,3.4988,3.5028,15
2026-01-23 02:10:00,3.4983,3.5003,3.4948,3.4948,3.5033,3.5053,3.4998,3.4998,14
2026-01-23 02:11:00,3.4938,3.4973,3.4938,3.4973,3.4988,3.5023,3.4988,3.5023,11
2026-01-23 02:12:00,3.4968,3.4988,3.4958,3.4988,3.5018,3.5038,3.5008,3.5038,9
2026-01-23 02:13:00,3.4993,3.5028,3.4993,3.5028,3.5043,3.5078,3.5043,3.5078,6
2026-01-23 02:14:00,3.5033,3.5073,3.5013,3.5068,3.5083,3.5123,3.5063,3.5118,30
2026-01-23 02:15:00,3.5073,3.5153,3.5073,3.5133,3.5123,3.5203,3.5123,3.5183,30
2026-01-23 02:16:00,3.5138,3.5143,3.5118,3.5138,3.5188,3.5193,3.5168,3.5188,29
2026-01-23 02:17:00,3.5143,3.5158,3.5053,3.5078,3.5193,3.5208,3.5103,3.5128,41
2026-01-23 02:18:00,3.5083,3.5093,3.5078,3.5078,3.5133,3.5143,3.5128,3.5128,10
2026-01-23 02:19:00,3.5073,3.5073,3.5073,3.5073,3.5123,3.5123,3.5123,3.5123,1
2026-01-23 02:20:00,3.5078,3.5153,3.5078,3.5148,3.5128,3.5203,3.5128,3.5198,10
2026-01-23 02:21:00,3.5143,3.5178,3.5138,3.5158,3.5193,3.5228,3.5188,3.5208,11
2026-01-23 02:22:00,3.5153,3.5178,3.5153,3.5178,3.5203,3.5228,3.5203,3.5228,13
2026-01-23 02:23:00,3.5173,3.5178,3.5148,3.5153,3.5223,3.5228,3.5198,3.5203,16
2026-01-23 02:24:00,3.5148,3.5158,3.5148,3.5148,3.5198,3.5208,3.5198,3.5198,4
2026-01-23 02:25:00,3.5153,3.5153,3.5113,3.5123,3.5203,3.5203,3.5163,3.5173,5
2026-01-23 02:26:00,3.5118,3.5118,3.5113,3.5113,3.5168,3.5168,3.5163,3.5163,2
2026-01-23 02:27:00,3.5118,3.5143,3.5118,3.5133,3.5168,3.5193,3.5168,3.5183,9
2026-01-23 02:28:00,3.5138,3.5148,3.5138,3.5148,3.5188,3.5198,3.5188,3.5198,2
2026-01-23 02:29:00,3.5133,3.5133,3.5113,3.5123,3.5183,3.5183,3.5163,3.5173,8
2026-01-23 02:30:00,3.5128,3.5143,3.5083,3.5083,3.5178,3.5193,3.5133,3.5133,9
2026-01-23 02:31:00,3.5098,3.5153,3.5098,3.5143,3.5148,3.5203,3.5148,3.5193,7
2026-01-23 02:32:00,3.5148,3.5153,3.5143,3.5148,3.5198,3.5203,3.5193,3.5198,4
2026-01-23 02:33:00,3.5143,3.5148,3.5123,3.5148,3.5193,3.5198,3.5173,3.5198,19
2026-01-23 02:34:00,3.5143,3.5173,3.5143,3.5168,3.5193,3.5223,3.5193,3.5218,11
2026-01-23 02:35:00,3.5163,3.5163,3.5138,3.5138,3.5213,3.5213,3.5188,3.5188,6
2026-01-23 02:37:00,3.5128,3.5128,3.5113,3.5123,3.5178,3.5178,3.5163,3.5173,4
2026-01-23 02:38:00,3.5128,3.5133,3.5123,3.5133,3.5178,3.5183,3.5173,3.5183,5
2026-01-23 02:39:00,3.5138,3.5138,3.5133,3.5133,3.5188,3.5188,3.5183,3.5183,2
2026-01-23 02:40:00,3.5123,3.5128,3.5123,3.5123,3.5173,3.5178,3.5173,3.5173,3
2026-01-23 02:41:00,3.5118,3.5168,3.5118,3.5148,3.5168,3.5218,3.5168,3.5198,12
2026-01-23 02:42:00,3.5158,3.5203,3.5153,3.5168,3.5208,3.5253,3.5203,3.5218,9
2026-01-23 02:43:00,3.5163,3.5173,3.5148,3.5168,3.5213,3.5223,3.5198,3.5218,8
2026-01-23 02:44:00,3.5173,3.5173,3.5173,3.5173,3.5223,3.5223,3.5223,3.5223,1
2026-01-23 02:45:00,3.5178,3.5183,3.5178,3.5183,3.5228,3.5233,3.5228,3.5233,2
2026-01-23 02:46:00,3.5178,3.5178,3.5168,3.5168,3.5228,3.5228,3.5218,3.5218,4
2026-01-23 02:47:00,3.5163,3.5163,3.5148,3.5148,3.5213,3.5213,3.5198,3.5198,2
2026-01-23 02:48:00,3.5163,3.5163,3.5153,3.5158,3.5213,3.5213,3.5203,3.5208,3
2026-01-23 02:49:00,3.5153,3.5158,3.5153,3.5158,3.5203,3.5208,3.5203,3.5208,4
2026-01-23 02:50:00,3.5153,3.5158,3.5153,3.5153,3.5203,3.5208,3.5203,3.5203,5
2026-01-23 02:51:00,3.5163,3.5163,3.5133,3.5153,3.5213,3.5213,3.5183,3.5203,12
2026-01-23 02:52:00,3.5168,3.5173,3.5148,3.5173,3.5218,3.5223,3.5198,3.5223,13
2026-01-23 02:53:00,3.5178,3.5188,3.5178,3.5188,3.5228,3.5238,3.5228,3.5238,5
2026-01-23 02:54:00,3.5183,3.5248,3.5173,3.5223,3.5233,3.5298,3.5223,3.5273,48
2026-01-23 02:55:00,3.5228,3.5248,3.5228,3.5238,3.5278,3.5298,3.5278,3.5288,10
2026-01-23 02:56:00,3.5243,3.5318,3.5243,3.5318,3.5293,3.5368,3.5293,3.5368,14
2026-01-23 02:57:00,3.5313,3.5333,3.5298,3.5333,3.5363,3.5383,3.5348,3.5383,19
2026-01-23 02:58:00,3.5328,3.5333,3.5313,3.5328,3.5378,3.5383,3.5363,3.5378,12
2026-01-23 02:59:00,3.5333,3.5393,3.5323,3.5363,3.5383,3.5443,3.5373,3.5413,19
2026-01-23 03:00:00,3.5368,3.5373,3.5338,3.5348,3.5418,3.5423,3.5388,3.5398,25
2026-01-23 03:01:00,3.5353,3.5393,3.5353,3.5368,3.5403,3.5443,3.5403,3.5418,13
2026-01-23 03:02:00,3.5373,3.5373,3.5333,3.5353,3.5423,3.5423,3.5383,3.5403,12
2026-01-23 03:03:00,3.5348,3.5353,3.5348,3.5353,3.5398,3.5403,3.5398,3.5403,2
2026-01-23 03:04:00,3.5368,3.5393,3.5368,3.5383,3.5418,3.5443,3.5418,3.5433,10
2026-01-23 03:05:00,3.5388,3.5403,3.5368,3.5393,3.5438,3.5453,3.5418,3.5443,11
2026-01-23 03:06:00,3.5383,3.5433,3.5383,3.5423,3.5433,3.5483,3.5433,3.5473,29
2026-01-23 03:07:00,3.5433,3.5483,3.5428,3.5478,3.5483,3.5533,3.5478,3.5528,37
2026-01-23 03:08:00,3.5483,3.5483,3.5463,3.5478,3.5533,3.5533,3.5513,3.5528,17
2026-01-23 03:09:00,3.5473,3.5483,3.5453,3.5453,3.5523,3.5533,3.5503,3.5503,13
2026-01-23 03:10:00,3.5458,3.5523,3.5458,3.5498,3.5508,3.5573,3.5508,3.5548,29
2026-01-23 03:11:00,3.5488,3.5488,3.5353,3.5373,3.5538,3.5538,3.5403,3.5423,30
2026-01-23 03:12:00,3.5383,3.5393,3.5383,3.5393,3.5433,3.5443,3.5433,3.5443,5
2026-01-23 03:13:00,3.5398,3.5413,3.5378,3.5378,3.5448,3.5463,3.5428,3.5428,12
2026-01-23 03:14:00,3.5383,3.5388,3.5383,3.5388,3.5433,3.5438,3.5433,3.5438,2
2026-01-23 03:15:00,3.5383,3.5383,3.5368,3.5368,3.5433,3.5433,3.5418,3.5418,4
2026-01-23 03:16:00,3.5363,3.5388,3.5363,3.5378,3.5413,3.5438,3.5413,3.5428,8
2026-01-23 03:17:00,3.5383,3.5393,3.5383,3.5388,3.5433,3.5443,3.5433,3.5438,4
2026-01-23 03:18:00,3.5383,3.5383,3.5348,3.5358,3.5433,3.5433,3.5398,3.5408,7
2026-01-23 03:19:00,3.5353,3.5353,3.5328,3.5338,3.5403,3.5403,3.5378,3.5388,5
2026-01-23 03:20:00,3.5328,3.5343,3.5328,3.5343,3.5378,3.5393,3.5378,3.5393,3
2026-01-23 03:21:00,3.5348,3.5433,3.5348,3.5433,3.5398,3.5483,3.5398,3.5483,18
2026-01-23 03:22:00,3.5428,3.5428,3.5423,3.5428,3.5478,3.5478,3.5473,3.5478,3
2026-01-23 03:23:00,3.5433,3.5433,3.5408,3.5418,3.5483,3.5483,3.5458,3.5468,11
2026-01-23 03:25:00,3.5423,3.5433,3.5388,3.5403,3.5473,3.5483,3.5438,3.5453,15
2026-01-23 03:26:00,3.5413,3.5418,3.5388,3.5398,3.5463,3.5468,3.5438,3.5448,11
2026-01-23 03:27:00,3.5403,3.5413,3.5383,3.5413,3.5453,3.5463,3.5433,3.5463,15
2026-01-23 03:28:00,3.5408,3.5433,3.5388,3.5393,3.5458,3.5483,3.5438,3.5443,17
2026-01-23 03:29:00,3.5378,3.5388,3.5373,3.5378,3.5428,3.5438,3.5423,3.5428,8
2026-01-23 03:30:00,3.5383,3.5383,3.5343,3.5373,3.5433,3.5433,3.5393,3.5423,12
2026-01-23 03:31:00,3.5383,3.5398,3.5378,3.5388,3.5433,3.5448,3.5428,3.5438,10
2026-01-23 03:32:00,3.5393,3.5403,3.5393,3.5403,3.5443,3.5453,3.5443,3.5453,3
2026-01-23 03:33:00,3.5413,3.5413,3.5383,3.5393,3.5463,3.5463,3.5433,3.5443,9
2026-01-23 03:34:00,3.5398,3.5438,3.5398,3.5428,3.5448,3.5488,3.5448,3.5478,9
2026-01-23 03:35:00,3.5433,3.5433,3.5428,3.5428,3.5483,3.5483,3.5478,3.5478,6
2026-01-23 03:38:00,3.5433,3.5443,3.5433,3.5443,3.5483,3.5493,3.5483,3.5493,3
2026-01-23 03:39:00,3.5463,3.5478,3.5463,3.5468,3.5513,3.5528,3.5513,3.5518,10
2026-01-23 03:41:00,3.5473,3.5503,3.5463,3.5498,3.5523,3.5553,3.5513,3.5548,10
2026-01-23 03:42:00,3.5503,3.5503,3.5483,3.5488,3.5553,3.5553,3.5533,3.5538,5
2026-01-23 03:43:00,3.5493,3.5498,3.5493,3.5498,3.5543,3.5548,3.5543,3.5548,2
2026-01-23 03:44:00,3.5513,3.5523,3.5513,3.5513,3.5563,3.5573,3.5563,3.5563,4
2026-01-23 03:45:00,3.5508,3.5523,3.5493,3.5523,3.5558,3.5573,3.5543,3.5573,7
2026-01-23 03:46:00,3.5518,3.5518,3.5503,3.5508,3.5568,3.5568,3.5553,3.5558,4
2026-01-23 03:47:00,3.5513,3.5523,3.5513,3.5518,3.5563,3.5573,3.5563,3.5568,4
2026-01-23 03:48:00,3.5523,3.5528,3.5513,3.5528,3.5573,3.5578,3.5563,3.5578,4
2026-01-23 03:49:00,3.5533,3.5533,3.5503,3.5513,3.5583,3.5583,3.5553,3.5563,8
2026-01-23 03:50:00,3.5523,3.5533,3.5518,3.5518,3.5573,3.5583,3.5568,3.5568,7
2026-01-23 03:51:00,3.5523,3.5603,3.5523,3.5603,3.5573,3.5653,3.5573,3.5653,10
2026-01-23 03:52:00,3.5613,3.5633,3.5613,3.5618,3.5663,3.5683,3.5663,3.5668,14
2026-01-23 03:53:00,3.5613,3.5633,3.5613,3.5628,3.5663,3.5683,3.5663,3.5678,8
2026-01-23 03:54:00,3.5623,3.5628,3.5618,3.5628,3.5673,3.5678,3.5668,3.5678,4
2026-01-23 03:55:00,3.5618,3.5618,3.5608,3.5608,3.5668,3.5668,3.5658,3.5658,3
2026-01-23 03:56:00,3.5613,3.5628,3.5608,3.5628,3.5663,3.5678,3.5658,3.5678,5
2026-01-23 03:57:00,3.5618,3.5618,3.5573,3.5588,3.5668,3.5668,3.5623,3.5638,10
2026-01-23 03:58:00,3.5593,3.5593,3.5593,3.5593,3.5643,3.5643,3.5643,3.5643,1
2026-01-23 03:59:00,3.5583,3.5588,3.5583,3.5588,3.5633,3.5638,3.5633,3.5638,2
2026-01-23 04:00:00,3.5593,3.5633,3.5593,3.5628,3.5643,3.5683,3.5643,3.5678,9
2026-01-23 04:01:00,3.5623,3.5663,3.5623,3.5663,3.5673,3.5713,3.5673,3.5713,9
2026-01-23 04:02:00,3.5673,3.5678,3.5648,3.5678,3.5723,3.5728,3.5698,3.5728,14
2026-01-23 04:03:00,3.5663,3.5723,3.5663,3.5723,3.5713,3.5773,3.5713,3.5773,18
2026-01-23 04:04:00,3.5718,3.5728,3.5713,3.5713,3.5768,3.5778,3.5763,3.5763,8
2026-01-23 04:05:00,3.5708,3.5713,3.5653,3.5658,3.5758,3.5763,3.5703,3.5708,11
2026-01-23 04:06:00,3.5678,3.5733,3.5678,3.5713,3.5728,3.5783,3.5728,3.5763,16
2026-01-23 04:07:00,3.5718,3.5718,3.5683,3.5683,3.5768,3.5768,3.5733,3.5733,5
2026-01-23 04:09:00,3.5703,3.5728,3.5703,3.5708,3.5753,3.5778,3.5753,3.5758,8
2026-01-23 04:10:00,3.5703,3.5703,3.5683,3.5688,3.5753,3.5753,3.5733,3.5738,8
2026-01-23 04:11:00,3.5693,3.5698,3.5673,3.5698,3.5743,3.5748,3.5723,3.5748,6
2026-01-23 04:12:00,3.5693,3.5693,3.5688,3.5688,3.5743,3.5743,3.5738,3.5738,2
2026-01-23 04:13:00,3.5683,3.5683,3.5633,3.5633,3.5733,3.5733,3.5683,3.5683,7
2026-01-23 04:14:00,3.5628,3.5633,3.5563,3.5568,3.5678,3.5683,3.5613,3.5618,19
2026-01-23 04:15:00,3.5553,3.5553,3.5518,3.5518,3.5603,3.5603,3.5568,3.5568,13
2026-01-23 04:16:00,3.5513,3.5563,3.5498,3.5548,3.5563,3.5613,3.5548,3.5598,17
2026-01-23 04:17:00,3.5558,3.5573,3.5523,3.5538,3.5608,3.5623,3.5573,3.5588,17
2026-01-23 04:18:00,3.5543,3.5553,3.5518,3.5553,3.5593,3.5603,3.5568,3.5603,21
2026-01-23 04:19:00,3.5548,3.5548,3.5548,3.5548,3.5598,3.5598,3.5598,3.5598,1
2026-01-23 04:20:00,3.5563,3.5578,3.5563,3.5578,3.5613,3.5628,3.5613,3.5628,2
2026-01-23 04:21:00,3.5583,3.5598,3.5568,3.5598,3.5633,3.5648,3.5618,3.5648,12
2026-01-23 04:22:00,3.5593,3.5593,3.5553,3.5573,3.5643,3.5643,3.5603,3.5623,13
2026-01-23 04:23:00,3.5568,3.5568,3.5563,3.5563,3.5618,3.5618,3.5613,3.5613,2
2026-01-23 04:24:00,3.5558,3.5558,3.5553,3.5558,3.5608,3.5608,3.5603,3.5608,3
2026-01-23 04:25:00,3.5553,3.5558,3.5548,3.5548,3.5603,3.5608,3.5598,3.5598,7
2026-01-23 04:26:00,3.5538,3.5538,3.5523,3.5523,3.5588,3.5588,3.5573,3.5573,4
2026-01-23 04:27:00,3.5528,3.5528,3.5523,3.5528,3.5578,3.5578,3.5573,3.5578,3
2026-01-23 04:28:00,3.5533,3.5533,3.5533,3.5533,3.5583,3.5583,3.5583,3.5583,1
2026-01-23 04:29:00,3.5523,3.5533,3.5523,3.5528,3.5573,3.5583,3.5573,3.5578,4
2026-01-23 04:30:00,3.5518,3.5528,3.5503,3.5528,3.5568,3.5578,3.5553,3.5578,14
2026-01-23 04:31:00,3.5523,3.5523,3.5428,3.5428,3.5573,3.5573,3.5478,3.5478,25
2026-01-23 04:32:00,3.5423,3.5443,3.5413,3.5423,3.5473,3.5493,3.5463,3.5473,23
2026-01-23 04:33:00,3.5428,3.5498,3.5423,3.5498,3.5478,3.5548,3.5473,3.5548,18
2026-01-23 04:34:00,3.5503,3.5528,3.5493,3.5513,3.5553,3.5578,3.5543,3.5563,17
2026-01-23 04:35:00,3.5523,3.5603,3.5523,3.5598,3.5573,3.5653,3.5573,3.5648,31
2026-01-23 04:36:00,3.5603,3.5618,3.5578,3.5618,3.5653,3.5668,3.5628,3.5668,17
2026-01-23 04:37:00,3.5623,3.5623,3.5603,3.5618,3.5673,3.5673,3.5653,3.5668,15
2026-01-23 04:38:00,3.5613,3.5618,3.5568,3.5568,3.5663,3.5668,3.5618,3.5618,12
2026-01-23 04:39:00,3.5553,3.5563,3.5463,3.5463,3.5603,3.5613,3.5513,3.5513,11
2026-01-23 04:40:00,3.5458,3.5478,3.5433,3.5463,3.5508,3.5528,3.5483,3.5513,12
2026-01-23 04:41:00,3.5453,3.5488,3.5453,3.5488,3.5503,3.5538,3.5503,3.5538,9
2026-01-23 04:42:00,3.5493,3.5498,3.5493,3.5498,3.5543,3.5548,3.5543,3.5548,2
2026-01-23 04:43:00,3.5503,3.5528,3.5503,3.5528,3.5553,3.5578,3.5553,3.5578,6
2026-01-23 04:44:00,3.5533,3.5533,3.5518,3.5518,3.5583,3.5583,3.5568,3.5568,3
2026-01-23 04:45:00,3.5523,3.5583,3.5523,3.5558,3.5573,3.5633,3.5573,3.5608,42
2026-01-23 04:46:00,3.5553,3.5588,3.5553,3.5588,3.5603,3.5638,3.5603,3.5638,10
2026-01-23 04:47:00,3.5578,3.5608,3.5578,3.5603,3.5628,3.5658,3.5628,3.5653,20
2026-01-23 04:48:00,3.5598,3.5598,3.5558,3.5578,3.5648,3.5648,3.5608,3.5628,13
2026-01-23 04:49:00,3.5568,3.5568,3.5513,3.5518,3.5618,3.5618,3.5563,3.5568,12
2026-01-23 04:50:00,3.5523,3.5523,3.5493,3.5513,3.5573,3.5573,3.5543,3.5563,20
2026-01-23 04:51:00,3.5508,3.5513,3.5508,3.5508,3.5558,3.5563,3.5558,3.5558,3
2026-01-23 04:52:00,3.5503,3.5528,3.5503,3.5528,3.5553,3.5578,3.5553,3.5578,5
2026-01-23 04:53:00,3.5533,3.5553,3.5533,3.5538,3.5583,3.5603,3.5583,3.5588,5
2026-01-23 04:54:00,3.5543,3.5548,3.5533,3.5533,3.5593,3.5598,3.5583,3.5583,3
2026-01-23 04:55:00,3.5543,3.5543,3.5528,3.5543,3.5593,3.5593,3.5578,3.5593,6
2026-01-23 04:56:00,3.5548,3.5558,3.5548,3.5558,3.5598,3.5608,3.5598,3.5608,3
2026-01-23 04:57:00,3.5563,3.5563,3.5538,3.5538,3.5613,3.5613,3.5588,3.5588,6
2026-01-23 04:58:00,3.5533,3.5533,3.5458,3.5483,3.5583,3.5583,3.5508,3.5533,19
2026-01-23 04:59:00,3.5488,3.5488,3.5483,3.5483,3.5538,3.5538,3.5533,3.5533,6
2026-01-23 05:00:00,3.5493,3.5523,3.5493,3.5493,3.5543,3.5573,3.5543,3.5543,8
2026-01-23 05:01:00,3.5498,3.5503,3.5493,3.5498,3.5548,3.5553,3.5543,3.5548,4
2026-01-23 05:02:00,3.5493,3.5493,3.5453,3.5453,3.5543,3.5543,3.5503,3.5503,5
2026-01-23 05:03:00,3.5458,3.5488,3.5458,3.5473,3.5508,3.5538,3.5508,3.5523,9
2026-01-23 05:04:00,3.5478,3.5503,3.5468,3.5503,3.5528,3.5553,3.5518,3.5553,12
2026-01-23 05:05:00,3.5498,3.5503,3.5473,3.5503,3.5548,3.5553,3.5523,3.5553,8
2026-01-23 05:06:00,3.5508,3.5518,3.5498,3.5518,3.5558,3.5568,3.5548,3.5568,5
2026-01-23 05:07:00,3.5508,3.5508,3.5498,3.5508,3.5558,3.5558,3.5548,3.5558,6
2026-01-23 05:10:00,3.5503,3.5503,3.5428,3.5428,3.5553,3.5553,3.5478,3.5478,12
2026-01-23 05:11:00,3.5423,3.5443,3.5413,3.5443,3.5473,3.5493,3.5463,3.5493,12
2026-01-23 05:12:00,3.5453,3.5453,3.5383,3.5403,3.5503,3.5503,3.5433,3.5453,31
2026-01-23 05:13:00,3.5398,3.5413,3.5388,3.5408,3.5448,3.5463,3.5438,3.5458,8
2026-01-23 05:14:00,3.5398,3.5398,3.5243,3.5248,3.5448,3.5448,3.5293,3.5298,28
2026-01-23 05:15:00,3.5243,3.5303,3.5243,3.5278,3.5293,3.5353,3.5293,3.5328,23
2026-01-23 05:16:00,3.5263,3.5283,3.5223,3.5238,3.5313,3.5333,3.5273,3.5288,27
2026-01-23 05:17:00,3.5233,3.5233,3.5058,3.5098,3.5283,3.5283,3.5108,3.5148,37
2026-01-23 05:18:00,3.5063,3.5063,3.4973,3.5058,3.5113,3.5113,3.5023,3.5108,52
2026-01-23 05:19:00,3.5053,3.5073,3.5023,3.5028,3.5103,3.5123,3.5073,3.5078,14
2026-01-23 05:20:00,3.5023,3.5133,3.5023,3.5123,3.5073,3.5183,3.5073,3.5173,41
2026-01-23 05:21:00,3.5128,3.5168,3.5123,3.5148,3.5178,3.5218,3.5173,3.5198,20
2026-01-23 05:22:00,3.5143,3.5148,3.5033,3.5038,3.5193,3.5198,3.5083,3.5088,46
2026-01-23 05:23:00,3.5043,3.5043,3.5038,3.5043,3.5093,3.5093,3.5088,3.5093,23
2026-01-23 05:24:00,3.5048,3.5073,3.5038,3.5073,3.5098,3.5123,3.5088,3.5123,8
2026-01-23 05:25:00,3.5053,3.5073,3.5053,3.5068,3.5103,3.5123,3.5103,3.5118,8
2026-01-23 05:26:00,3.5073,3.5083,3.5048,3.5063,3.5123,3.5133,3.5098,3.5113,11
2026-01-23 05:27:00,3.5068,3.5113,3.5018,3.5018,3.5118,3.5163,3.5068,3.5068,32
2026-01-23 05:28:00,3.5013,3.5043,3.4998,3.5043,3.5063,3.5093,3.5048,3.5093,11
2026-01-23 05:29:00,3.5003,3.5033,3.4963,3.4978,3.5053,3.5083,3.5013,3.5028,22
2026-01-23 05:30:00,3.4983,3.5013,3.4978,3.5008,3.5033,3.5063,3.5028,3.5058,29
2026-01-23 05:31:00,3.5013,3.5013,3.4948,3.4988,3.5063,3.5063,3.4998,3.5038,24
2026-01-23 05:32:00,3.4993,3.5103,3.4993,3.5088,3.5043,3.5153,3.5043,3.5138,30
2026-01-23 05:33:00,3.5093,3.5108,3.5093,3.5108,3.5143,3.5158,3.5143,3.5158,4
2026-01-23 05:34:00,3.5128,3.5178,3.5128,3.5168,3.5178,3.5228,3.5178,3.5218,12
2026-01-23 05:35:00,3.5173,3.5248,3.5168,3.5223,3.5223,3.5298,3.5218,3.5273,42
2026-01-23 05:36:00,3.5228,3.5263,3.5188,3.5228,3.5278,3.5313,3.5238,3.5278,26
2026-01-23 05:37:00,3.5223,3.5288,3.5223,3.5263,3.5273,3.5338,3.5273,3.5313,10
2026-01-23 05:38:00,3.5278,3.5313,3.5233,3.5253,3.5328,3.5363,3.5283,3.5303,21
2026-01-23 05:39:00,3.5248,3.5273,3.5238,3.5273,3.5298,3.5323,3.5288,3.5323,15
2026-01-23 05:40:00,3.5268,3.5283,3.5233,3.5268,3.5318,3.5333,3.5283,3.5318,10
2026-01-23 05:41:00,3.5273,3.5273,3.5263,3.5263,3.5323,3.5323,3.5313,3.5313,3
2026-01-23 05:42:00,3.5258,3.5258,3.5238,3.5238,3.5308,3.5308,3.5288,3.5288,2
2026-01-23 05:43:00,3.5233,3.5368,3.5218,3.5348,3.5283,3.5418,3.5268,3.5398,38
2026-01-23 05:44:00,3.5343,3.5413,3.5343,3.5413,3.5393,3.5463,3.5393,3.5463,28
2026-01-23 05:45:00,3.5418,3.5423,3.5388,3.5388,3.5468,3.5473,3.5438,3.5438,17
2026-01-23 05:46:00,3.5383,3.5398,3.5353,3.5373,3.5433,3.5448,3.5403,3.5423,15
2026-01-23 05:47:00,3.5368,3.5368,3.5343,3.5353,3.5418,3.5418,3.5393,3.5403,11
2026-01-23 05:48:00,3.5348,3.5413,3.5348,3.5378,3.5398,3.5463,3.5398,3.5428,18
2026-01-23 05:49:00,3.5383,3.5418,3.5373,3.5408,3.5433,3.5468,3.5423,3.5458,18
2026-01-23 05:50:00,3.5413,3.5413,3.5358,3.5358,3.5463,3.5463,3.5408,3.5408,10
2026-01-23 05:51:00,3.5348,3.5358,3.5348,3.5358,3.5398,3.5408,3.5398,3.5408,3
2026-01-23 05:52:00,3.5363,3.5368,3.5298,3.5298,3.5413,3.5418,3.5348,3.5348,18
2026-01-23 05:53:00,3.5288,3.5308,3.5273,3.5288,3.5338,3.5358,3.5323,3.5338,12
2026-01-23 05:54:00,3.5283,3.5293,3.5253,3.5288,3.5333,3.5343,3.5303,3.5338,24
2026-01-23 05:55:00,3.5283,3.5343,3.5253,3.5323,3.5333,3.5393,3.5303,3.5373,28
2026-01-23 05:56:00,3.5318,3.5318,3.5313,3.5313,3.5368,3.5368,3.5363,3.5363,2
2026-01-23 05:57:00,3.5308,3.5318,3.5308,3.5318,3.5358,3.5368,3.5358,3.5368,4
2026-01-23 05:58:00,3.5313,3.5313,3.5308,3.5308,3.5363,3.5363,3.5358,3.5358,2
2026-01-23 05:59:00,3.5288,3.5288,3.5283,3.5283,3.5338,3.5338,3.5333,3.5333,2
2026-01-23 06:00:00,3.5288,3.5288,3.5198,3.5208,3.5338,3.5338,3.5248,3.5258,21
2026-01-23 06:01:00,3.5223,3.5223,3.5163,3.5163,3.5273,3.5273,3.5213,3.5213,15
2026-01-23 06:02:00,3.5168,3.5168,3.5098,3.5098,3.5218,3.5218,3.5148,3.5148,16
2026-01-23 06:03:00,3.5103,3.5108,3.5063,3.5068,3.5153,3.5158,3.5113,3.5118,26
2026-01-23 06:04:00,3.5058,3.5083,3.5058,3.5078,3.5108,3.5133,3.5108,3.5128,5
2026-01-23 06:05:00,3.5073,3.5073,3.5023,3.5028,3.5123,3.5123,3.5073,3.5078,16
2026-01-23 06:06:00,3.5033,3.5058,3.4943,3.4963,3.5083,3.5108,3.4993,3.5013,25
2026-01-23 06:07:00,3.4948,3.4948,3.4908,3.4928,3.4998,3.4998,3.4958,3.4978,26
2026-01-23 06:08:00,3.4938,3.4938,3.4843,3.4853,3.4988,3.4988,3.4893,3.4903,26
2026-01-23 06:09:00,3.4848,3.4898,3.4848,3.4858,3.4898,3.4948,3.4898,3.4908,22
2026-01-23 06:10:00,3.4863,3.4948,3.4863,3.4948,3.4913,3.4998,3.4913,3.4998,20
2026-01-23 06:11:00,3.4953,3.4998,3.4948,3.4973,3.5003,3.5048,3.4998,3.5023,31
2026-01-23 06:12:00,3.4978,3.4993,3.4968,3.4983,3.5028,3.5043,3.5018,3.5033,16
2026-01-23 06:13:00,3.4973,3.5018,3.4968,3.4973,3.5023,3.5068,3.5018,3.5023,14
2026-01-23 06:14:00,3.4968,3.4968,3.4878,3.4888,3.5018,3.5018,3.4928,3.4938,12
2026-01-23 06:15:00,3.4893,3.4933,3.4888,3.4913,3.4943,3.4983,3.4938,3.4963,11
2026-01-23 06:16:00,3.4908,3.4963,3.4883,3.4923,3.4958,3.5013,3.4933,3.4973,19
2026-01-23 06:17:00,3.4918,3.4943,3.4908,3.4943,3.4968,3.4993,3.4958,3.4993,9
2026-01-23 06:18:00,3.4938,3.4953,3.4938,3.4938,3.4988,3.5003,3.4988,3.4988,6
2026-01-23 06:19:00,3.4943,3.4943,3.4928,3.4928,3.4993,3.4993,3.4978,3.4978,6
2026-01-23 06:20:00,3.4938,3.4948,3.4938,3.4948,3.4988,3.4998,3.4988,3.4998,2
2026-01-23 06:21:00,3.4963,3.4983,3.4963,3.4983,3.5013,3.5033,3.5013,3.5033,4
2026-01-23 06:22:00,3.4988,3.4993,3.4958,3.4963,3.5038,3.5043,3.5008,3.5013,7
2026-01-23 06:23:00,3.4943,3.4953,3.4943,3.4953,3.4993,3.5003,3.4993,3.5003,2
2026-01-23 06:24:00,3.4943,3.4943,3.4893,3.4893,3.4993,3.4993,3.4943,3.4943,12
2026-01-23 06:25:00,3.4903,3.4903,3.4838,3.4843,3.4953,3.4953,3.4888,3.4893,14
2026-01-23 06:26:00,3.4848,3.4928,3.4848,3.4908,3.4898,3.4978,3.4898,3.4958,22
2026-01-23 06:27:00,3.4903,3.4903,3.4883,3.4883,3.4953,3.4953,3.4933,3.4933,5
2026-01-23 06:28:00,3.4878,3.4913,3.4878,3.4913,3.4928,3.4963,3.4928,3.4963,7
2026-01-23 06:29:00,3.4908,3.4918,3.4898,3.4913,3.4958,3.4968,3.4948,3.4963,6
2026-01-23 06:30:00,3.4923,3.4923,3.4863,3.4863,3.4973,3.4973,3.4913,3.4913,7
2026-01-23 06:31:00,3.4868,3.4883,3.4833,3.4853,3.4918,3.4933,3.4883,3.4903,20
2026-01-23 06:32:00,3.4843,3.4843,3.4773,3.4783,3.4893,3.4893,3.4823,3.4833,15
2026-01-23 06:33:00,3.4773,3.4783,3.4618,3.4618,3.4823,3.4833,3.4668,3.4668,24
2026-01-23 06:34:00,3.4628,3.4663,3.4593,3.4653,3.4678,3.4713,3.4643,3.4703,20
2026-01-23 06:35:00,3.4638,3.4673,3.4628,3.4628,3.4688,3.4723,3.4678,3.4678,17
2026-01-23 06:36:00,3.4618,3.4633,3.4598,3.4613,3.4668,3.4683,3.4648,3.4663,13
2026-01-23 06:37:00,3.4608,3.4608,3.4553,3.4573,3.4658,3.4658,3.4603,3.4623,22
2026-01-23 06:38:00,3.4578,3.4623,3.4573,3.4623,3.4628,3.4673,3.4623,3.4673,17
2026-01-23 06:39:00,3.4618,3.4678,3.4593,3.4613,3.4668,3.4728,3.4643,3.4663,21
2026-01-23 06:40:00,3.4618,3.4693,3.4603,3.4683,3.4668,3.4743,3.4653,3.4733,21
2026-01-23 06:41:00,3.4673,3.4738,3.4663,3.4733,3.4723,3.4788,3.4713,3.4783,17
2026-01-23 06:42:00,3.4728,3.4738,3.4688,3.4688,3.4778,3.4788,3.4738,3.4738,6
2026-01-23 06:43:00,3.4673,3.4688,3.4673,3.4688,3.4723,3.4738,3.4723,3.4738,6
2026-01-23 06:44:00,3.4683,3.4683,3.4673,3.4673,3.4733,3.4733,3.4723,3.4723,3
2026-01-23 06:46:00,3.4663,3.4673,3.4658,3.4658,3.4713,3.4723,3.4708,3.4708,3
2026-01-23 06:47:00,3.4643,3.4653,3.4598,3.4598,3.4693,3.4703,3.4648,3.4648,14
2026-01-23 06:48:00,3.4593,3.4708,3.4583,3.4678,3.4643,3.4758,3.4633,3.4728,34
2026-01-23 06:49:00,3.4673,3.4703,3.4633,3.4683,3.4723,3.4753,3.4683,3.4733,19
2026-01-23 06:50:00,3.4678,3.4678,3.4638,3.4638,3.4728,3.4728,3.4688,3.4688,6
2026-01-23 06:51:00,3.4633,3.4668,3.4633,3.4653,3.4683,3.4718,3.4683,3.4703,14
2026-01-23 06:52:00,3.4633,3.4633,3.4603,3.4608,3.4683,3.4683,3.4653,3.4658,11
2026-01-23 06:53:00,3.4603,3.4618,3.4553,3.4573,3.4653,3.4668,3.4603,3.4623,26
2026-01-23 06:54:00,3.4568,3.4568,3.4533,3.4543,3.4618,3.4618,3.4583,3.4593,15
2026-01-23 06:55:00,3.4538,3.4538,3.4493,3.4528,3.4588,3.4588,3.4543,3.4578,17
2026-01-23 06:56:00,3.4533,3.4563,3.4528,3.4553,3.4583,3.4613,3.4578,3.4603,17
2026-01-23 06:57:00,3.4548,3.4548,3.4458,3.4473,3.4598,3.4598,3.4508,3.4523,22
2026-01-23 06:58:00,3.4478,3.4483,3.4343,3.4378,3.4528,3.4533,3.4393,3.4428,39
2026-01-23 06:59:00,3.4373,3.4413,3.4363,3.4363,3.4423,3.4463,3.4413,3.4413,21
2026-01-23 07:00:00,3.4368,3.4433,3.4323,3.4348,3.4418,3.4483,3.4373,3.4398,30
2026-01-23 07:01:00,3.4343,3.4343,3.4293,3.4328,3.4393,3.4393,3.4343,3.4378,20
2026-01-23 07:02:00,3.4343,3.4343,3.4333,3.4333,3.4393,3.4393,3.4383,3.4383,11
2026-01-23 07:03:00,3.4328,3.4373,3.4328,3.4348,3.4378,3.4423,3.4378,3.4398,19
2026-01-23 07:04:00,3.4343,3.4353,3.4328,3.4353,3.4393,3.4403,3.4378,3.4403,10
2026-01-23 07:05:00,3.4358,3.4393,3.4353,3.4383,3.4408,3.4443,3.4403,3.4433,16
2026-01-23 07:06:00,3.4388,3.4428,3.4343,3.4428,3.4438,3.4478,3.4393,3.4478,22
2026-01-23 07:07:00,3.4438,3.4458,3.4403,3.4403,3.4488,3.4508,3.4453,3.4453,15
2026-01-23 07:08:00,3.4393,3.4423,3.4383,3.4403,3.4443,3.4473,3.4433,3.4453,31
2026-01-23 07:09:00,3.4398,3.4453,3.4388,3.4403,3.4448,3.4503,3.4438,3.4453,32
2026-01-23 07:10:00,3.4398,3.4433,3.4373,3.4413,3.4448,3.4483,3.4423,3.4463,21
2026-01-23 07:11:00,3.4418,3.4443,3.4373,3.4373,3.4468,3.4493,3.4423,3.4423,15
2026-01-23 07:12:00,3.4383,3.4413,3.4353,3.4403,3.4433,3.4463,3.4403,3.4453,20
2026-01-23 07:13:00,3.4398,3.4458,3.4398,3.4443,3.4448,3.4508,3.4448,3.4493,21
2026-01-23 07:14:00,3.4438,3.4463,3.4423,3.4453,3.4488,3.4513,3.4473,3.4503,18
2026-01-23 07:15:00,3.4448,3.4473,3.4418,3.4443,3.4498,3.4523,3.4468,3.4493,24
2026-01-23 07:16:00,3.4448,3.4493,3.4448,3.4478,3.4498,3.4543,3.4498,3.4528,37
2026-01-23 07:17:00,3.4488,3.4533,3.4483,3.4533,3.4538,3.4583,3.4533,3.4583,14
2026-01-23 07:18:00,3.4523,3.4573,3.4493,3.4533,3.4573,3.4623,3.4543,3.4583,37
2026-01-23 07:19:00,3.4523,3.4523,3.4428,3.4428,3.4573,3.4573,3.4478,3.4478,13
2026-01-23 07:20:00,3.4423,3.4433,3.4333,3.4408,3.4473,3.4483,3.4383,3.4458,30
2026-01-23 07:21:00,3.4413,3.4463,3.4413,3.4453,3.4463,3.4513,3.4463,3.4503,22
2026-01-23 07:22:00,3.4458,3.4508,3.4458,3.4483,3.4508,3.4558,3.4508,3.4533,17
2026-01-23 07:23:00,3.4493,3.4518,3.4478,3.4503,3.4543,3.4568,3.4528,3.4553,9
2026-01-23 07:24:00,3.4513,3.4543,3.4508,3.4533,3.4563,3.4593,3.4558,3.4583,20
2026-01-23 07:25:00,3.4513,3.4518,3.4503,3.4518,3.4563,3.4568,3.4553,3.4568,5
2026-01-23 07:26:00,3.4513,3.4523,3.4418,3.4418,3.4563,3.4573,3.4468,3.4468,22
2026-01-23 07:27:00,3.4423,3.4428,3.4378,3.4403,3.4473,3.4478,3.4428,3.4453,15
2026-01-23 07:28:00,3.4398,3.4453,3.4383,3.4448,3.4448,3.4503,3.4433,3.4498,23
2026-01-23 07:29:00,3.4453,3.4508,3.4443,3.4483,3.4503,3.4558,3.4493,3.4533,17
2026-01-23 07:30:00,3.4478,3.4483,3.4363,3.4378,3.4528,3.4533,3.4413,3.4428,34
2026-01-23 07:31:00,3.4373,3.4383,3.4363,3.4363,3.4423,3.4433,3.4413,3.4413,9
2026-01-23 07:32:00,3.4368,3.4383,3.4368,3.4383,3.4418,3.4433,3.4418,3.4433,3
2026-01-23 07:33:00,3.4393,3.4393,3.4303,3.4333,3.4443,3.4443,3.4353,3.4383,20
2026-01-23 07:34:00,3.4338,3.4358,3.4273,3.4328,3.4388,3.4408,3.4323,3.4378,21
2026-01-23 07:35:00,3.4333,3.4358,3.4293,3.4303,3.4383,3.4408,3.4343,3.4353,21
2026-01-23 07:36:00,3.4308,3.4338,3.4303,3.4338,3.4358,3.4388,3.4353,3.4388,16
2026-01-23 07:37:00,3.4343,3.4383,3.4343,3.4378,3.4393,3.4433,3.4393,3.4428,12
2026-01-23 07:38:00,3.4383,3.4383,3.4338,3.4338,3.4433,3.4433,3.4388,3.4388,12
2026-01-23 07:39:00,3.4333,3.4358,3.4333,3.4338,3.4383,3.4408,3.4383,3.4388,11
2026-01-23 07:40:00,3.4333,3.4333,3.4293,3.4318,3.4383,3.4383,3.4343,3.4368,13
2026-01-23 07:41:00,3.4323,3.4328,3.4303,3.4303,3.4373,3.4378,3.4353,3.4353,5
2026-01-23 07:42:00,3.4308,3.4313,3.4298,3.4298,3.4358,3.4363,3.4348,3.4348,7
2026-01-23 07:43:00,3.4303,3.4303,3.4278,3.4283,3.4353,3.4353,3.4328,3.4333,7
2026-01-23 07:44:00,3.4288,3.4303,3.4283,3.4303,3.4338,3.4353,3.4333,3.4353,6
2026-01-23 07:45:00,3.4308,3.4333,3.4288,3.4333,3.4358,3.4383,3.4338,3.4383,12
2026-01-23 07:46:00,3.4328,3.4333,3.4303,3.4313,3.4378,3.4383,3.4353,3.4363,18
2026-01-23 07:47:00,3.4308,3.4323,3.4303,3.4308,3.4358,3.4373,3.4353,3.4358,12
2026-01-23 07:48:00,3.4313,3.4353,3.4313,3.4323,3.4363,3.4403,3.4363,3.4373,18
2026-01-23 07:49:00,3.4343,3.4373,3.4343,3.4353,3.4393,3.4423,3.4393,3.4403,8
2026-01-23 07:50:00,3.4348,3.4368,3.4313,3.4323,3.4398,3.4418,3.4363,3.4373,12
2026-01-23 07:51:00,3.4328,3.4358,3.4323,3.4353,3.4378,3.4408,3.4373,3.4403,18
2026-01-23 07:52:00,3.4358,3.4363,3.4333,3.4363,3.4408,3.4413,3.4383,3.4413,11
2026-01-23 07:53:00,3.4358,3.4368,3.4333,3.4338,3.4408,3.4418,3.4383,3.4388,8
2026-01-23 07:54:00,3.4333,3.4348,3.4333,3.4348,3.4383,3.4398,3.4383,3.4398,2
2026-01-23 07:55:00,3.4363,3.4368,3.4288,3.4288,3.4413,3.4418,3.4338,3.4338,11
2026-01-23 07:56:00,3.4268,3.4288,3.4253,3.4288,3.4318,3.4338,3.4303,3.4338,12
2026-01-23 07:57:00,3.4293,3.4323,3.4293,3.4318,3.4343,3.4373,3.4343,3.4368,8
2026-01-23 07:58:00,3.4323,3.4358,3.4323,3.4353,3.4373,3.4408,3.4373,3.4403,14
2026-01-23 07:59:00,3.4363,3.4363,3.4343,3.4348,3.4413,3.4413,3.4393,3.4398,18
2026-01-23 08:00:00,3.4328,3.4343,3.4303,3.4303,3.4378,3.4393,3.4353,3.4353,13
2026-01-23 08:01:00,3.4293,3.4298,3.4278,3.4278,3.4343,3.4348,3.4328,3.4328,5
2026-01-23 08:02:00,3.4273,3.4273,3.4228,3.4228,3.4323,3.4323,3.4278,3.4278,11
2026-01-23 08:03:00,3.4223,3.4233,3.4213,3.4223,3.4273,3.4283,3.4263,3.4273,13
2026-01-23 08:04:00,3.4218,3.4268,3.4203,3.4253,3.4268,3.4318,3.4253,3.4303,22
2026-01-23 08:05:00,3.4258,3.4268,3.4188,3.4198,3.4308,3.4318,3.4238,3.4248,35
2026-01-23 08:06:00,3.4193,3.4223,3.4163,3.4178,3.4243,3.4273,3.4213,3.4228,44
2026-01-23 08:07:00,3.4173,3.4193,3.4113,3.4113,3.4223,3.4243,3.4163,3.4163,36
2026-01-23 08:08:00,3.4118,3.4153,3.4088,3.4113,3.4168,3.4203,3.4138,3.4163,41
2026-01-23 08:09:00,3.4128,3.4188,3.4123,3.4173,3.4178,3.4238,3.4173,3.4223,22
2026-01-23 08:10:00,3.4168,3.4198,3.4163,3.4198,3.4218,3.4248,3.4213,3.4248,22
2026-01-23 08:11:00,3.4203,3.4303,3.4203,3.4268,3.4253,3.4353,3.4253,3.4318,27
2026-01-23 08:12:00,3.4263,3.4313,3.4243,3.4298,3.4313,3.4363,3.4293,3.4348,28
2026-01-23 08:13:00,3.4313,3.4313,3.4273,3.4293,3.4363,3.4363,3.4323,3.4343,20
2026-01-23 08:14:00,3.4288,3.4293,3.4233,3.4268,3.4338,3.4343,3.4283,3.4318,20
2026-01-23 08:15:00,3.4283,3.4303,3.4268,3.4298,3.4333,3.4353,3.4318,3.4348,12
2026-01-23 08:16:00,3.4313,3.4313,3.4263,3.4263,3.4363,3.4363,3.4313,3.4313,13
2026-01-23 08:17:00,3.4273,3.4313,3.4268,3.4278,3.4323,3.4363,3.4318,3.4328,18
2026-01-23 08:18:00,3.4283,3.4323,3.4268,3.4308,3.4333,3.4373,3.4318,3.4358,32
2026-01-23 08:19:00,3.4298,3.4298,3.4203,3.4263,3.4348,3.4348,3.4253,3.4313,30
2026-01-23 08:20:00,3.4258,3.4293,3.4258,3.4288,3.4308,3.4343,3.4308,3.4338,13
2026-01-23 08:21:00,3.4283,3.4303,3.4268,3.4268,3.4333,3.4353,3.4318,3.4318,18
2026-01-23 08:22:00,3.4263,3.4263,3.4093,3.4093,3.4313,3.4313,3.4143,3.4143,46
2026-01-23 08:23:00,3.4098,3.4123,3.4053,3.4058,3.4148,3.4173,3.4103,3.4108,35
2026-01-23 08:24:00,3.4053,3.4078,3.4043,3.4063,3.4103,3.4128,3.4093,3.4113,26
2026-01-23 08:25:00,3.4068,3.4163,3.4068,3.4118,3.4118,3.4213,3.4118,3.4168,17
2026-01-23 08:26:00,3.4123,3.4158,3.4123,3.4148,3.4173,3.4208,3.4173,3.4198,14
2026-01-23 08:27:00,3.4163,3.4188,3.4138,3.4163,3.4213,3.4238,3.4188,3.4213,24
2026-01-23 08:28:00,3.4168,3.4203,3.4168,3.4178,3.4218,3.4253,3.4218,3.4228,12
2026-01-23 08:29:00,3.4173,3.4178,3.4163,3.4168,3.4223,3.4228,3.4213,3.4218,12
2026-01-23 08:30:00,3.4153,3.4213,3.4153,3.4163,3.4203,3.4263,3.4203,3.4213,27
2026-01-23 08:31:00,3.4158,3.4183,3.4158,3.4168,3.4208,3.4233,3.4208,3.4218,8
2026-01-23 08:32:00,3.4173,3.4213,3.4173,3.4208,3.4223,3.4263,3.4223,3.4258,10
2026-01-23 08:33:00,3.4203,3.4203,3.4168,3.4178,3.4253,3.4253,3.4218,3.4228,17
2026-01-23 08:34:00,3.4173,3.4273,3.4153,3.4263,3.4223,3.4323,3.4203,3.4313,43
2026-01-23 08:35:00,3.4253,3.4288,3.4253,3.4268,3.4303,3.4338,3.4303,3.4318,22
2026-01-23 08:36:00,3.4263,3.4263,3.4223,3.4223,3.4313,3.4313,3.4273,3.4273,27
2026-01-23 08:37:00,3.4228,3.4303,3.4228,3.4303,3.4278,3.4353,3.4278,3.4353,18
2026-01-23 08:38:00,3.4308,3.4313,3.4298,3.4298,3.4358,3.4363,3.4348,3.4348,8
2026-01-23 08:39:00,3.4303,3.4323,3.4253,3.4283,3.4353,3.4373,3.4303,3.4333,20
2026-01-23 08:40:00,3.4288,3.4313,3.4288,3.4308,3.4338,3.4363,3.4338,3.4358,12
2026-01-23 08:41:00,3.4303,3.4303,3.4233,3.4233,3.4353,3.4353,3.4283,3.4283,25
2026-01-23 08:42:00,3.4238,3.4238,3.4218,3.4238,3.4288,3.4288,3.4268,3.4288,7
2026-01-23 08:43:00,3.4233,3.4448,3.4233,3.4448,3.4283,3.4498,3.4283,3.4498,60
2026-01-23 08:44:00,3.4443,3.4468,3.4413,3.4443,3.4493,3.4518,3.4463,3.4493,38
2026-01-23 08:45:00,3.4448,3.4493,3.4448,3.4458,3.4498,3.4543,3.4498,3.4508,13
2026-01-23 08:46:00,3.4468,3.4518,3.4438,3.4503,3.4518,3.4568,3.4488,3.4553,34
2026-01-23 08:47:00,3.4498,3.4498,3.4403,3.4413,3.4548,3.4548,3.4453,3.4463,13
2026-01-23 08:48:00,3.4408,3.4463,3.4408,3.4463,3.4458,3.4513,3.4458,3.4513,7
2026-01-23 08:49:00,3.4458,3.4458,3.4433,3.4458,3.4508,3.4508,3.4483,3.4508,13
2026-01-23 08:50:00,3.4453,3.4473,3.4448,3.4468,3.4503,3.4523,3.4498,3.4518,5
2026-01-23 08:51:00,3.4463,3.4503,3.4433,3.4493,3.4513,3.4553,3.4483,3.4543,21
2026-01-23 08:52:00,3.4478,3.4503,3.4473,3.4473,3.4528,3.4553,3.4523,3.4523,10
2026-01-23 08:53:00,3.4468,3.4518,3.4458,3.4518,3.4518,3.4568,3.4508,3.4568,11
2026-01-23 08:54:00,3.4528,3.4533,3.4428,3.4428,3.4578,3.4583,3.4478,3.4478,31
2026-01-23 08:55:00,3.4423,3.4443,3.4363,3.4363,3.4473,3.4493,3.4413,3.4413,27
2026-01-23 08:56:00,3.4368,3.4423,3.4343,3.4398,3.4418,3.4473,3.4393,3.4448,29
2026-01-23 08:57:00,3.4393,3.4453,3.4373,3.4408,3.4443,3.4503,3.4423,3.4458,38
2026-01-23 08:58:00,3.4413,3.4423,3.4398,3.4408,3.4463,3.4473,3.4448,3.4458,8
2026-01-23 08:59:00,3.4403,3.4443,3.4378,3.4433,3.4453,3.4493,3.4428,3.4483,14
2026-01-23 09:00:00,3.4428,3.4503,3.4408,3.4493,3.4478,3.4553,3.4458,3.4543,35
2026-01-23 09:01:00,3.4498,3.4498,3.4428,3.4438,3.4548,3.4548,3.4478,3.4488,19
2026-01-23 09:02:00,3.4453,3.4453,3.4428,3.4428,3.4503,3.4503,3.4478,3.4478,7
2026-01-23 09:03:00,3.4418,3.4418,3.4353,3.4393,3.4468,3.4468,3.4403,3.4443,22
2026-01-23 09:04:00,3.4388,3.4393,3.4373,3.4378,3.4438,3.4443,3.4423,3.4428,6
2026-01-23 09:05:00,3.4383,3.4453,3.4378,3.4453,3.4433,3.4503,3.4428,3.4503,16
2026-01-23 09:06:00,3.4448,3.4463,3.4433,3.4458,3.4498,3.4513,3.4483,3.4508,11
2026-01-23 09:07:00,3.4453,3.4638,3.4453,3.4623,3.4503,3.4688,3.4503,3.4673,56
2026-01-23 09:08:00,3.4618,3.4708,3.4593,3.4703,3.4668,3.4758,3.4643,3.4753,32
2026-01-23 09:09:00,3.4708,3.4818,3.4683,3.4803,3.4758,3.4868,3.4733,3.4853,52
2026-01-23 09:10:00,3.4793,3.4873,3.4788,3.4853,3.4843,3.4923,3.4838,3.4903,87
2026-01-23 09:11:00,3.4848,3.4883,3.4788,3.4878,3.4898,3.4933,3.4838,3.4928,31
2026-01-23 09:12:00,3.4873,3.4978,3.4853,3.4963,3.4923,3.5028,3.4903,3.5013,33
2026-01-23 09:13:00,3.4958,3.4958,3.4833,3.4943,3.5008,3.5008,3.4883,3.4993,44
2026-01-23 09:14:00,3.4953,3.4958,3.4898,3.4918,3.5003,3.5008,3.4948,3.4968,22
2026-01-23 09:15:00,3.4923,3.4958,3.4853,3.4883,3.4973,3.5008,3.4903,3.4933,44
2026-01-23 09:16:00,3.4908,3.4963,3.4893,3.4898,3.4958,3.5013,3.4943,3.4948,31
2026-01-23 09:17:00,3.4903,3.4923,3.4833,3.4853,3.4953,3.4973,3.4883,3.4903,26
2026-01-23 09:18:00,3.4858,3.4903,3.4828,3.4848,3.4908,3.4953,3.4878,3.4898,47
2026-01-23 09:19:00,3.4843,3.4958,3.4828,3.4933,3.4893,3.5008,3.4878,3.4983,61
2026-01-23 09:20:00,3.4938,3.4938,3.4818,3.4873,3.4988,3.4988,3.4868,3.4923,66
2026-01-23 09:21:00,3.4868,3.4903,3.4843,3.4878,3.4918,3.4953,3.4893,3.4928,40
2026-01-23 09:22:00,3.4888,3.4938,3.4888,3.4938,3.4938,3.4988,3.4938,3.4988,22
2026-01-23 09:23:00,3.4943,3.5108,3.4933,3.4988,3.4993,3.5158,3.4983,3.5038,119
2026-01-23 09:24:00,3.4993,3.4993,3.4943,3.4948,3.5043,3.5043,3.4993,3.4998,28
2026-01-23 09:25:00,3.4933,3.4983,3.4923,3.4983,3.4983,3.5033,3.4973,3.5033,12
2026-01-23 09:26:00,3.5008,3.5023,3.4983,3.4988,3.5058,3.5073,3.5033,3.5038,24
2026-01-23 09:27:00,3.4993,3.5083,3.4973,3.5048,3.5043,3.5133,3.5023,3.5098,45
2026-01-23 09:28:00,3.5028,3.5083,3.5028,3.5048,3.5078,3.5133,3.5078,3.5098,15
2026-01-23 09:29:00,3.5043,3.5068,3.5038,3.5068,3.5093,3.5118,3.5088,3.5118,10
2026-01-23 09:30:00,3.5058,3.5058,3.4928,3.4933,3.5108,3.5108,3.4978,3.4983,72
2026-01-23 09:31:00,3.4943,3.4988,3.4903,3.4918,3.4993,3.5038,3.4953,3.4968,47
2026-01-23 09:32:00,3.4933,3.5013,3.4933,3.5013,3.4983,3.5063,3.4983,3.5063,39
2026-01-23 09:33:00,3.5028,3.5043,3.4963,3.5008,3.5078,3.5093,3.5013,3.5058,22
2026-01-23 09:34:00,3.5003,3.5053,3.4988,3.5038,3.5053,3.5103,3.5038,3.5088,19
2026-01-23 09:35:00,3.5043,3.5113,3.5018,3.5113,3.5093,3.5163,3.5068,3.5163,29
2026-01-23 09:36:00,3.5103,3.5113,3.5073,3.5093,3.5153,3.5163,3.5123,3.5143,13
2026-01-23 09:37:00,3.5098,3.5118,3.5098,3.5118,3.5148,3.5168,3.5148,3.5168,7
2026-01-23 09:38:00,3.5113,3.5143,3.5083,3.5088,3.5163,3.5193,3.5133,3.5138,19
2026-01-23 09:39:00,3.5093,3.5113,3.5088,3.5098,3.5143,3.5163,3.5138,3.5148,12
2026-01-23 09:40:00,3.5103,3.5123,3.5103,3.5108,3.5153,3.5173,3.5153,3.5158,10
2026-01-23 09:41:00,3.5098,3.5098,3.5048,3.5048,3.5148,3.5148,3.5098,3.5098,18
2026-01-23 09:42:00,3.5063,3.5063,3.4988,3.5013,3.5113,3.5113,3.5038,3.5063,56
2026-01-23 09:43:00,3.5008,3.5078,3.4993,3.5063,3.5058,3.5128,3.5043,3.5113,42
2026-01-23 09:44:00,3.5053,3.5073,3.5033,3.5043,3.5103,3.5123,3.5083,3.5093,16
2026-01-23 09:45:00,3.5048,3.5058,3.5028,3.5043,3.5098,3.5108,3.5078,3.5093,27
2026-01-23 09:46:00,3.5038,3.5038,3.4978,3.4998,3.5088,3.5088,3.5028,3.5048,17
2026-01-23 09:47:00,3.4993,3.4993,3.4893,3.4933,3.5043,3.5043,3.4943,3.4983,41
2026-01-23 09:48:00,3.4938,3.4953,3.4913,3.4938,3.4988,3.5003,3.4963,3.4988,26
2026-01-23 09:49:00,3.4943,3.5013,3.4943,3.4983,3.4993,3.5063,3.4993,3.5033,32
2026-01-23 09:50:00,3.4978,3.4988,3.4913,3.4953,3.5028,3.5038,3.4963,3.5003,49
2026-01-23 09:51:00,3.4963,3.4993,3.4938,3.4948,3.5013,3.5043,3.4988,3.4998,33
2026-01-23 09:52:00,3.4953,3.4968,3.4943,3.4958,3.5003,3.5018,3.4993,3.5008,8
2026-01-23 09:53:00,3.4963,3.4963,3.4943,3.4948,3.5013,3.5013,3.4993,3.4998,6
2026-01-23 09:54:00,3.4938,3.4983,3.4938,3.4968,3.4988,3.5033,3.4988,3.5018,10
2026-01-23 09:55:00,3.4963,3.4963,3.4913,3.4928,3.5013,3.5013,3.4963,3.4978,9
2026-01-23 09:56:00,3.4923,3.4953,3.4913,3.4953,3.4973,3.5003,3.4963,3.5003,11
2026-01-23 09:57:00,3.4958,3.4998,3.4953,3.4988,3.5008,3.5048,3.5003,3.5038,19
2026-01-23 09:58:00,3.4978,3.5033,3.4973,3.5003,3.5028,3.5083,3.5023,3.5053,25
2026-01-23 09:59:00,3.4998,3.5033,3.4998,3.5023,3.5048,3.5083,3.5048,3.5073,24
2026-01-23 10:00:00,3.5018,3.5018,3.4938,3.4958,3.5068,3.5068,3.4988,3.5008,24
2026-01-23 10:01:00,3.4963,3.5053,3.4958,3.5038,3.5013,3.5103,3.5008,3.5088,23
2026-01-23 10:02:00,3.5048,3.5063,3.5018,3.5038,3.5098,3.5113,3.5068,3.5088,22
2026-01-23 10:03:00,3.5043,3.5048,3.5038,3.5048,3.5093,3.5098,3.5088,3.5098,5
2026-01-23 10:04:00,3.5043,3.5073,3.5038,3.5058,3.5093,3.5123,3.5088,3.5108,12
2026-01-23 10:05:00,3.5073,3.5153,3.5073,3.5133,3.5123,3.5203,3.5123,3.5183,31
2026-01-23 10:06:00,3.5123,3.5123,3.5053,3.5068,3.5173,3.5173,3.5103,3.5118,38
2026-01-23 10:07:00,3.5073,3.5098,3.5063,3.5078,3.5123,3.5148,3.5113,3.5128,32
2026-01-23 10:08:00,3.5073,3.5178,3.5073,3.5163,3.5123,3.5228,3.5123,3.5213,19
2026-01-23 10:09:00,3.5158,3.5208,3.5138,3.5198,3.5208,3.5258,3.5188,3.5248,31
2026-01-23 10:10:00,3.5183,3.5198,3.5168,3.5183,3.5233,3.5248,3.5218,3.5233,10
2026-01-23 10:11:00,3.5198,3.5263,3.5198,3.5228,3.5248,3.5313,3.5248,3.5278,20
2026-01-23 10:12:00,3.5233,3.5248,3.5213,3.5243,3.5283,3.5298,3.5263,3.5293,19
2026-01-23 10:13:00,3.5238,3.5243,3.5183,3.5183,3.5288,3.5293,3.5233,3.5233,9
2026-01-23 10:14:00,3.5203,3.5213,3.5168,3.5213,3.5253,3.5263,3.5218,3.5263,27
2026-01-23 10:15:00,3.5223,3.5233,3.5183,3.5198,3.5273,3.5283,3.5233,3.5248,19
2026-01-23 10:16:00,3.5193,3.5193,3.5143,3.5148,3.5243,3.5243,3.5193,3.5198,10
2026-01-23 10:17:00,3.5158,3.5158,3.5048,3.5048,3.5208,3.5208,3.5098,3.5098,21
2026-01-23 10:18:00,3.5053,3.5113,3.5053,3.5103,3.5103,3.5163,3.5103,3.5153,14
2026-01-23 10:19:00,3.5123,3.5123,3.5083,3.5103,3.5173,3.5173,3.5133,3.5153,30
2026-01-23 10:20:00,3.5108,3.5163,3.5093,3.5148,3.5158,3.5213,3.5143,3.5198,17
2026-01-23 10:21:00,3.5143,3.5158,3.5143,3.5158,3.5193,3.5208,3.5193,3.5208,6
2026-01-23 10:22:00,3.5153,3.5158,3.5128,3.5153,3.5203,3.5208,3.5178,3.5203,9
2026-01-23 10:23:00,3.5158,3.5208,3.5133,3.5208,3.5208,3.5258,3.5183,3.5258,14
2026-01-23 10:24:00,3.5218,3.5238,3.5188,3.5238,3.5268,3.5288,3.5238,3.5288,15
2026-01-23 10:25:00,3.5233,3.5243,3.5143,3.5158,3.5283,3.5293,3.5193,3.5208,30
2026-01-23 10:26:00,3.5168,3.5173,3.5163,3.5163,3.5218,3.5223,3.5213,3.5213,7
2026-01-23 10:27:00,3.5153,3.5153,3.5113,3.5123,3.5203,3.5203,3.5163,3.5173,13
2026-01-23 10:28:00,3.5113,3.5143,3.5113,3.5143,3.5163,3.5193,3.5163,3.5193,8
2026-01-23 10:29:00,3.5133,3.5133,3.5073,3.5128,3.5183,3.5183,3.5123,3.5178,18
2026-01-23 10:30:00,3.5143,3.5153,3.5083,3.5103,3.5193,3.5203,3.5133,3.5153,21
2026-01-23 10:31:00,3.5108,3.5133,3.5093,3.5133,3.5158,3.5183,3.5143,3.5183,16
2026-01-23 10:32:00,3.5138,3.5168,3.5128,3.5133,3.5188,3.5218,3.5178,3.5183,11
2026-01-23 10:33:00,3.5138,3.5143,3.5113,3.5113,3.5188,3.5193,3.5163,3.5163,22
2026-01-23 10:34:00,3.5108,3.5123,3.5038,3.5058,3.5158,3.5173,3.5088,3.5108,32
2026-01-23 10:35:00,3.5053,3.5073,3.5043,3.5073,3.5103,3.5123,3.5093,3.5123,15
2026-01-23 10:36:00,3.5078,3.5123,3.5053,3.5078,3.5128,3.5173,3.5103,3.5128,38
2026-01-23 10:37:00,3.5073,3.5093,3.5008,3.5093,3.5123,3.5143,3.5058,3.5143,47
2026-01-23 10:38:00,3.5098,3.5098,3.5048,3.5063,3.5148,3.5148,3.5098,3.5113,27
2026-01-23 10:39:00,3.5058,3.5058,3.5003,3.5008,3.5108,3.5108,3.5053,3.5058,20
2026-01-23 10:40:00,3.5003,3.5018,3.4943,3.4953,3.5053,3.5068,3.4993,3.5003,24
2026-01-23 10:41:00,3.4943,3.4988,3.4943,3.4973,3.4993,3.5038,3.4993,3.5023,29
2026-01-23 10:42:00,3.4983,3.5043,3.4973,3.5018,3.5033,3.5093,3.5023,3.5068,26
2026-01-23 10:43:00,3.5023,3.5033,3.4938,3.4978,3.5073,3.5083,3.4988,3.5028,21
2026-01-23 10:44:00,3.4993,3.4993,3.4978,3.4978,3.5043,3.5043,3.5028,3.5028,5
2026-01-23 10:45:00,3.4983,3.4983,3.4958,3.4968,3.5033,3.5033,3.5008,3.5018,13
2026-01-23 10:46:00,3.4973,3.4973,3.4933,3.4948,3.5023,3.5023,3.4983,3.4998,6
2026-01-23 10:47:00,3.4953,3.4963,3.4923,3.4928,3.5003,3.5013,3.4973,3.4978,13
2026-01-23 10:48:00,3.4923,3.4933,3.4903,3.4923,3.4973,3.4983,3.4953,3.4973,19
2026-01-23 10:49:00,3.4928,3.4938,3.4923,3.4938,3.4978,3.4988,3.4973,3.4988,7
2026-01-23 10:50:00,3.4943,3.4993,3.4938,3.4968,3.4993,3.5043,3.4988,3.5018,24
2026-01-23 10:51:00,3.4973,3.5013,3.4973,3.5013,3.5023,3.5063,3.5023,3.5063,16
2026-01-23 10:52:00,3.5023,3.5048,3.5013,3.5048,3.5073,3.5098,3.5063,3.5098,22
2026-01-23 10:53:00,3.5058,3.5058,3.5008,3.5008,3.5108,3.5108,3.5058,3.5058,9
2026-01-23 10:54:00,3.5013,3.5013,3.4943,3.4943,3.5063,3.5063,3.4993,3.4993,17
2026-01-23 10:55:00,3.4938,3.4968,3.4928,3.4928,3.4988,3.5018,3.4978,3.4978,26
2026-01-23 10:56:00,3.4933,3.4963,3.4918,3.4928,3.4983,3.5013,3.4968,3.4978,14
2026-01-23 10:57:00,3.4933,3.5033,3.4933,3.5008,3.4983,3.5083,3.4983,3.5058,26
2026-01-23 10:58:00,3.5013,3.5078,3.5013,3.5073,3.5063,3.5128,3.5063,3.5123,11
2026-01-23 10:59:00,3.5078,3.5098,3.5073,3.5083,3.5128,3.5148,3.5123,3.5133,21
2026-01-23 11:00:00,3.5078,3.5083,3.5053,3.5063,3.5128,3.5133,3.5103,3.5113,18
2026-01-23 11:01:00,3.5068,3.5068,3.4998,3.5008,3.5118,3.5118,3.5048,3.5058,28
2026-01-23 11:02:00,3.5013,3.5043,3.5003,3.5018,3.5063,3.5093,3.5053,3.5068,17
2026-01-23 11:03:00,3.5033,3.5053,3.5018,3.5043,3.5083,3.5103,3.5068,3.5093,6
2026-01-23 11:04:00,3.5048,3.5068,3.5048,3.5068,3.5098,3.5118,3.5098,3.5118,7
2026-01-23 11:05:00,3.5073,3.5078,3.5063,3.5078,3.5123,3.5128,3.5113,3.5128,9
2026-01-23 11:06:00,3.5093,3.5128,3.5073,3.5088,3.5143,3.5178,3.5123,3.5138,20
2026-01-23 11:07:00,3.5098,3.5138,3.5098,3.5138,3.5148,3.5188,3.5148,3.5188,14
2026-01-23 11:08:00,3.5143,3.5148,3.5123,3.5133,3.5193,3.5198,3.5173,3.5183,6
2026-01-23 11:09:00,3.5128,3.5143,3.5093,3.5098,3.5178,3.5193,3.5143,3.5148,17
2026-01-23 11:10:00,3.5088,3.5088,3.5023,3.5038,3.5138,3.5138,3.5073,3.5088,23
2026-01-23 11:11:00,3.5028,3.5033,3.4958,3.5003,3.5078,3.5083,3.5008,3.5053,42
2026-01-23 11:12:00,3.4998,3.4998,3.4908,3.4908,3.5048,3.5048,3.4958,3.4958,17
2026-01-23 11:13:00,3.4923,3.4923,3.4898,3.4908,3.4973,3.4973,3.4948,3.4958,8
2026-01-23 11:14:00,3.4913,3.4913,3.4903,3.4908,3.4963,3.4963,3.4953,3.4958,6
2026-01-23 11:15:00,3.4913,3.4923,3.4878,3.4908,3.4963,3.4973,3.4928,3.4958,15
2026-01-23 11:16:00,3.4918,3.4928,3.4903,3.4903,3.4968,3.4978,3.4953,3.4953,10
2026-01-23 11:17:00,3.4908,3.4908,3.4838,3.4858,3.4958,3.4958,3.4888,3.4908,16
2026-01-23 11:18:00,3.4853,3.4853,3.4773,3.4803,3.4903,3.4903,3.4823,3.4853,33
2026-01-23 11:19:00,3.4798,3.4828,3.4793,3.4818,3.4848,3.4878,3.4843,3.4868,12
2026-01-23 11:20:00,3.4813,3.4818,3.4733,3.4733,3.4863,3.4868,3.4783,3.4783,18
2026-01-23 11:21:00,3.4728,3.4763,3.4728,3.4743,3.4778,3.4813,3.4778,3.4793,20
2026-01-23 11:22:00,3.4738,3.4783,3.4708,3.4718,3.4788,3.4833,3.4758,3.4768,20
2026-01-23 11:23:00,3.4713,3.4733,3.4693,3.4723,3.4763,3.4783,3.4743,3.4773,26
2026-01-23 11:24:00,3.4713,3.4733,3.4653,3.4653,3.4763,3.4783,3.4703,3.4703,21
2026-01-23 11:25:00,3.4643,3.4693,3.4613,3.4673,3.4693,3.4743,3.4663,3.4723,31
2026-01-23 11:26:00,3.4678,3.4708,3.4633,3.4708,3.4728,3.4758,3.4683,3.4758,45
2026-01-23 11:27:00,3.4713,3.4828,3.4688,3.4793,3.4763,3.4878,3.4738,3.4843,51
2026-01-23 11:28:00,3.4798,3.4873,3.4773,3.4833,3.4848,3.4923,3.4823,3.4883,69
2026-01-23 11:29:00,3.4843,3.4898,3.4843,3.4898,3.4893,3.4948,3.4893,3.4948,20
2026-01-23 11:30:00,3.4903,3.5013,3.4903,3.5013,3.4953,3.5063,3.4953,3.5063,45
2026-01-23 11:31:00,3.5018,3.5023,3.4983,3.5018,3.5068,3.5073,3.5033,3.5068,24
2026-01-23 11:32:00,3.5008,3.5023,3.5008,3.5023,3.5058,3.5073,3.5058,3.5073,10
2026-01-23 11:33:00,3.5018,3.5018,3.4943,3.4958,3.5068,3.5068,3.4993,3.5008,24
2026-01-23 11:34:00,3.4963,3.5083,3.4943,3.5063,3.5013,3.5133,3.4993,3.5113,27
2026-01-23 11:35:00,3.5068,3.5098,3.5053,3.5098,3.5118,3.5148,3.5103,3.5148,20
2026-01-23 11:36:00,3.5103,3.5128,3.5083,3.5128,3.5153,3.5178,3.5133,3.5178,19
2026-01-23 11:37:00,3.5123,3.5163,3.5123,3.5153,3.5173,3.5213,3.5173,3.5203,20
2026-01-23 11:38:00,3.5158,3.5173,3.5103,3.5123,3.5208,3.5223,3.5153,3.5173,23
2026-01-23 11:39:00,3.5128,3.5148,3.5108,3.5128,3.5178,3.5198,3.5158,3.5178,18
2026-01-23 11:40:00,3.5123,3.5143,3.5088,3.5143,3.5173,3.5193,3.5138,3.5193,32
2026-01-23 11:41:00,3.5138,3.5148,3.5128,3.5128,3.5188,3.5198,3.5178,3.5178,6
2026-01-23 11:42:00,3.5133,3.5143,3.5103,3.5133,3.5183,3.5193,3.5153,3.5183,22
2026-01-23 11:43:00,3.5128,3.5138,3.5128,3.5138,3.5178,3.5188,3.5178,3.5188,3
2026-01-23 11:44:00,3.5133,3.5173,3.5133,3.5158,3.5183,3.5223,3.5183,3.5208,17
2026-01-23 11:45:00,3.5153,3.5163,3.5093,3.5113,3.5203,3.5213,3.5143,3.5163,27
2026-01-23 11:46:00,3.5108,3.5123,3.5068,3.5078,3.5158,3.5173,3.5118,3.5128,14
2026-01-23 11:47:00,3.5073,3.5093,3.5023,3.5033,3.5123,3.5143,3.5073,3.5083,39
2026-01-23 11:48:00,3.5018,3.5068,3.4973,3.4983,3.5068,3.5118,3.5023,3.5033,26
2026-01-23 11:49:00,3.4988,3.4998,3.4968,3.4988,3.5038,3.5048,3.5018,3.5038,16
2026-01-23 11:50:00,3.4983,3.5023,3.4983,3.5013,3.5033,3.5073,3.5033,3.5063,15
2026-01-23 11:51:00,3.5018,3.5018,3.4933,3.4938,3.5068,3.5068,3.4983,3.4988,16
2026-01-23 11:52:00,3.4943,3.4948,3.4923,3.4933,3.4993,3.4998,3.4973,3.4983,14
2026-01-23 11:53:00,3.4928,3.4933,3.4913,3.4918,3.4978,3.4983,3.4963,3.4968,9
2026-01-23 11:54:00,3.4923,3.4983,3.4923,3.4948,3.4973,3.5033,3.4973,3.4998,26
2026-01-23 11:55:00,3.4953,3.4953,3.4943,3.4943,3.5003,3.5003,3.4993,3.4993,3
2026-01-23 11:56:00,3.4933,3.4933,3.4908,3.4928,3.4983,3.4983,3.4958,3.4978,6
2026-01-23 11:57:00,3.4923,3.4933,3.4903,3.4913,3.4973,3.4983,3.4953,3.4963,14
2026-01-23 11:58:00,3.4918,3.4938,3.4913,3.4918,3.4968,3.4988,3.4963,3.4968,14
2026-01-23 11:59:00,3.4913,3.4923,3.4893,3.4898,3.4963,3.4973,3.4943,3.4948,8
2026-01-23 12:00:00,3.4918,3.4958,3.4918,3.4948,3.4968,3.5008,3.4968,3.4998,10
2026-01-23 12:01:00,3.4943,3.5013,3.4898,3.5013,3.4993,3.5063,3.4948,3.5063,24
2026-01-23 12:02:00,3.5023,3.5023,3.5003,3.5003,3.5073,3.5073,3.5053,3.5053,4
2026-01-23 12:03:00,3.4988,3.4988,3.4968,3.4968,3.5038,3.5038,3.5018,3.5018,10
2026-01-23 12:04:00,3.4973,3.4998,3.4973,3.4978,3.5023,3.5048,3.5023,3.5028,9
2026-01-23 12:05:00,3.4973,3.4973,3.4923,3.4938,3.5023,3.5023,3.4973,3.4988,18
2026-01-23 12:06:00,3.4943,3.5018,3.4943,3.4988,3.4993,3.5068,3.4993,3.5038,19
2026-01-23 12:07:00,3.4998,3.5003,3.4983,3.4998,3.5048,3.5053,3.5033,3.5048,17
2026-01-23 12:08:00,3.5003,3.5028,3.4983,3.4993,3.5053,3.5078,3.5033,3.5043,19
2026-01-23 12:09:00,3.4998,3.5028,3.4993,3.5018,3.5048,3.5078,3.5043,3.5068,9
2026-01-23 12:10:00,3.5023,3.5033,3.5008,3.5018,3.5073,3.5083,3.5058,3.5068,8
2026-01-23 12:11:00,3.5028,3.5028,3.5008,3.5008,3.5078,3.5078,3.5058,3.5058,3
2026-01-23 12:13:00,3.5018,3.5018,3.4993,3.4998,3.5068,3.5068,3.5043,3.5048,6
2026-01-23 12:14:00,3.4993,3.4993,3.4888,3.4913,3.5043,3.5043,3.4938,3.4963,19
2026-01-23 12:15:00,3.4918,3.4943,3.4918,3.4943,3.4968,3.4993,3.4968,3.4993,6
2026-01-23 12:16:00,3.4948,3.4958,3.4933,3.4948,3.4998,3.5008,3.4983,3.4998,10
2026-01-23 12:17:00,3.4943,3.5003,3.4883,3.5003,3.4993,3.5053,3.4933,3.5053,29
2026-01-23 12:18:00,3.5018,3.5073,3.5018,3.5048,3.5068,3.5123,3.5068,3.5098,17
2026-01-23 12:19:00,3.5053,3.5073,3.5043,3.5053,3.5103,3.5123,3.5093,3.5103,16
2026-01-23 12:20:00,3.5063,3.5103,3.5058,3.5098,3.5113,3.5153,3.5108,3.5148,16
2026-01-23 12:21:00,3.5088,3.5088,3.5033,3.5078,3.5138,3.5138,3.5083,3.5128,32
2026-01-23 12:22:00,3.5083,3.5088,3.5083,3.5088,3.5133,3.5138,3.5133,3.5138,2
2026-01-23 12:23:00,3.5093,3.5093,3.5043,3.5048,3.5143,3.5143,3.5093,3.5098,12
2026-01-23 12:24:00,3.5053,3.5138,3.5053,3.5113,3.5103,3.5188,3.5103,3.5163,20
2026-01-23 12:25:00,3.5118,3.5143,3.5083,3.5103,3.5168,3.5193,3.5133,3.5153,30
2026-01-23 12:26:00,3.5108,3.5163,3.5093,3.5153,3.5158,3.5213,3.5143,3.5203,28
2026-01-23 12:27:00,3.5143,3.5153,3.5108,3.5108,3.5193,3.5203,3.5158,3.5158,15
2026-01-23 12:28:00,3.5118,3.5118,3.5068,3.5083,3.5168,3.5168,3.5118,3.5133,14
2026-01-23 12:29:00,3.5078,3.5093,3.5053,3.5058,3.5128,3.5143,3.5103,3.5108,20
2026-01-23 12:30:00,3.5063,3.5103,3.5053,3.5058,3.5113,3.5153,3.5103,3.5108,16
2026-01-23 12:31:00,3.5068,3.5078,3.5048,3.5063,3.5118,3.5128,3.5098,3.5113,23
2026-01-23 12:32:00,3.5058,3.5098,3.5053,3.5098,3.5108,3.5148,3.5103,3.5148,13
2026-01-23 12:33:00,3.5103,3.5133,3.5083,3.5133,3.5153,3.5183,3.5133,3.5183,21
2026-01-23 12:34:00,3.5123,3.5133,3.5088,3.5088,3.5173,3.5183,3.5138,3.5138,11
2026-01-23 12:35:00,3.5093,3.5108,3.5083,3.5108,3.5143,3.5158,3.5133,3.5158,14
2026-01-23 12:36:00,3.5113,3.5113,3.5103,3.5103,3.5163,3.5163,3.5153,3.5153,4
2026-01-23 12:37:00,3.5093,3.5153,3.5063,3.5148,3.5143,3.5203,3.5113,3.5198,32
2026-01-23 12:38:00,3.5143,3.5183,3.5133,3.5178,3.5193,3.5233,3.5183,3.5228,27
2026-01-23 12:39:00,3.5193,3.5263,3.5193,3.5253,3.5243,3.5313,3.5243,3.5303,36
2026-01-23 12:40:00,3.5258,3.5278,3.5248,3.5273,3.5308,3.5328,3.5298,3.5323,20
2026-01-23 12:41:00,3.5268,3.5323,3.5253,3.5278,3.5318,3.5373,3.5303,3.5328,29
2026-01-23 12:42:00,3.5283,3.5318,3.5263,3.5278,3.5333,3.5368,3.5313,3.5328,25
2026-01-23 12:43:00,3.5273,3.5328,3.5223,3.5328,3.5323,3.5378,3.5273,3.5378,36
2026-01-23 12:44:00,3.5313,3.5333,3.5313,3.5313,3.5363,3.5383,3.5363,3.5363,14
2026-01-23 12:45:00,3.5318,3.5333,3.5293,3.5313,3.5368,3.5383,3.5343,3.5363,24
2026-01-23 12:46:00,3.5308,3.5383,3.5258,3.5373,3.5358,3.5433,3.5308,3.5423,83
2026-01-23 12:47:00,3.5368,3.5433,3.5368,3.5398,3.5418,3.5483,3.5418,3.5448,56
2026-01-23 12:48:00,3.5388,3.5433,3.5353,3.5423,3.5438,3.5483,3.5403,3.5473,41
2026-01-23 12:49:00,3.5413,3.5413,3.5348,3.5353,3.5463,3.5463,3.5398,3.5403,34
2026-01-23 12:50:00,3.5348,3.5348,3.5308,3.5343,3.5398,3.5398,3.5358,3.5393,29
2026-01-23 12:51:00,3.5348,3.5363,3.5318,3.5343,3.5398,3.5413,3.5368,3.5393,29
2026-01-23 12:52:00,3.5353,3.5368,3.5343,3.5368,3.5403,3.5418,3.5393,3.5418,13
2026-01-23 12:53:00,3.5373,3.5383,3.5293,3.5313,3.5423,3.5433,3.5343,3.5363,27
2026-01-23 12:54:00,3.5318,3.5318,3.5293,3.5313,3.5368,3.5368,3.5343,3.5363,18
2026-01-23 12:55:00,3.5303,3.5313,3.5233,3.5263,3.5353,3.5363,3.5283,3.5313,30
2026-01-23 12:56:00,3.5258,3.5273,3.5228,3.5243,3.5308,3.5323,3.5278,3.5293,25
2026-01-23 12:57:00,3.5253,3.5268,3.5243,3.5263,3.5303,3.5318,3.5293,3.5313,14
2026-01-23 12:58:00,3.5268,3.5338,3.5263,3.5338,3.5318,3.5388,3.5313,3.5388,18
2026-01-23 12:59:00,3.5333,3.5338,3.5198,3.5198,3.5383,3.5388,3.5248,3.5248,29
2026-01-23 13:00:00,3.5183,3.5253,3.5173,3.5233,3.5233,3.5303,3.5223,3.5283,26
2026-01-23 13:01:00,3.5223,3.5238,3.5183,3.5198,3.5273,3.5288,3.5233,3.5248,37
2026-01-23 13:02:00,3.5208,3.5253,3.5203,3.5223,3.5258,3.5303,3.5253,3.5273,15
2026-01-23 13:03:00,3.5228,3.5278,3.5218,3.5278,3.5278,3.5328,3.5268,3.5328,26
2026-01-23 13:04:00,3.5273,3.5343,3.5253,3.5303,3.5323,3.5393,3.5303,3.5353,32
2026-01-23 13:05:00,3.5313,3.5368,3.5273,3.5338,3.5363,3.5418,3.5323,3.5388,48
2026-01-23 13:06:00,3.5333,3.5433,3.5333,3.5433,3.5383,3.5483,3.5383,3.5483,29
2026-01-23 13:07:00,3.5428,3.5523,3.5403,3.5523,3.5478,3.5573,3.5453,3.5573,72
2026-01-23 13:08:00,3.5518,3.5563,3.5513,3.5548,3.5568,3.5613,3.5563,3.5598,36
2026-01-23 13:09:00,3.5543,3.5583,3.5543,3.5573,3.5593,3.5633,3.5593,3.5623,32
2026-01-23 13:10:00,3.5568,3.5578,3.5538,3.5553,3.5618,3.5628,3.5588,3.5603,41
2026-01-23 13:11:00,3.5563,3.5583,3.5563,3.5583,3.5613,3.5633,3.5613,3.5633,14
2026-01-23 13:12:00,3.5578,3.5663,3.5573,3.5658,3.5628,3.5713,3.5623,3.5708,45
2026-01-23 13:13:00,3.5663,3.5733,3.5658,3.5698,3.5713,3.5783,3.5708,3.5748,41
2026-01-23 13:14:00,3.5693,3.5703,3.5663,3.5703,3.5743,3.5753,3.5713,3.5753,24
2026-01-23 13:15:00,3.5698,3.5703,3.5623,3.5633,3.5748,3.5753,3.5673,3.5683,31
2026-01-23 13:16:00,3.5623,3.5663,3.5553,3.5663,3.5673,3.5713,3.5603,3.5713,65
2026-01-23 13:17:00,3.5678,3.5803,3.5673,3.5788,3.5728,3.5853,3.5723,3.5838,60
2026-01-23 13:18:00,3.5783,3.5783,3.5713,3.5713,3.5833,3.5833,3.5763,3.5763,23
2026-01-23 13:19:00,3.5708,3.5713,3.5673,3.5698,3.5758,3.5763,3.5723,3.5748,18
2026-01-23 13:20:00,3.5683,3.5733,3.5673,3.5688,3.5733,3.5783,3.5723,3.5738,20
2026-01-23 13:21:00,3.5683,3.5693,3.5573,3.5593,3.5733,3.5743,3.5623,3.5643,54
2026-01-23 13:22:00,3.5588,3.5613,3.5563,3.5583,3.5638,3.5663,3.5613,3.5633,28
2026-01-23 13:23:00,3.5563,3.5578,3.5563,3.5563,3.5613,3.5628,3.5613,3.5613,15
2026-01-23 13:24:00,3.5558,3.5673,3.5553,3.5643,3.5608,3.5723,3.5603,3.5693,39
2026-01-23 13:25:00,3.5648,3.5738,3.5648,3.5733,3.5698,3.5788,3.5698,3.5783,44
2026-01-23 13:26:00,3.5728,3.5733,3.5638,3.5718,3.5778,3.5783,3.5688,3.5768,32
2026-01-23 13:27:00,3.5723,3.5753,3.5713,3.5733,3.5773,3.5803,3.5763,3.5783,31
2026-01-23 13:28:00,3.5738,3.5763,3.5713,3.5758,3.5788,3.5813,3.5763,3.5808,31
2026-01-23 13:29:00,3.5763,3.5833,3.5763,3.5833,3.5813,3.5883,3.5813,3.5883,40
2026-01-23 13:30:00,3.5828,3.5828,3.5713,3.5728,3.5878,3.5878,3.5763,3.5778,49
2026-01-23 13:31:00,3.5723,3.5778,3.5693,3.5768,3.5773,3.5828,3.5743,3.5818,46
2026-01-23 13:32:00,3.5763,3.5768,3.5668,3.5703,3.5813,3.5818,3.5718,3.5753,23
2026-01-23 13:33:00,3.5713,3.5723,3.5608,3.5623,3.5763,3.5773,3.5658,3.5673,60
2026-01-23 13:34:00,3.5613,3.5613,3.5478,3.5578,3.5663,3.5663,3.5528,3.5628,89
2026-01-23 13:35:00,3.5583,3.5623,3.5533,3.5588,3.5633,3.5673,3.5583,3.5638,57
2026-01-23 13:36:00,3.5593,3.5733,3.5593,3.5733,3.5643,3.5783,3.5643,3.5783,39
2026-01-23 13:37:00,3.5728,3.5763,3.5713,3.5748,3.5778,3.5813,3.5763,3.5798,40
2026-01-23 13:38:00,3.5743,3.5743,3.5663,3.5688,3.5793,3.5793,3.5713,3.5738,35
2026-01-23 13:39:00,3.5703,3.5718,3.5658,3.5688,3.5753,3.5768,3.5708,3.5738,28
2026-01-23 13:40:00,3.5683,3.5683,3.5553,3.5568,3.5733,3.5733,3.5603,3.5618,45
2026-01-23 13:41:00,3.5563,3.5563,3.5353,3.5373,3.5613,3.5613,3.5403,3.5423,110
2026-01-23 13:42:00,3.5363,3.5423,3.5353,3.5403,3.5413,3.5473,3.5403,3.5453,53
2026-01-23 13:43:00,3.5408,3.5463,3.5363,3.5393,3.5458,3.5513,3.5413,3.5443,61
2026-01-23 13:44:00,3.5383,3.5393,3.5243,3.5243,3.5433,3.5443,3.5293,3.5293,71
2026-01-23 13:45:00,3.5238,3.5303,3.5238,3.5263,3.5288,3.5353,3.5288,3.5313,51
2026-01-23 13:46:00,3.5268,3.5348,3.5248,3.5313,3.5318,3.5398,3.5298,3.5363,44
2026-01-23 13:47:00,3.5323,3.5368,3.5303,3.5368,3.5373,3.5418,3.5353,3.5418,27
2026-01-23 13:48:00,3.5373,3.5373,3.5293,3.5333,3.5423,3.5423,3.5343,3.5383,51
2026-01-23 13:49:00,3.5323,3.5433,3.5323,3.5403,3.5373,3.5483,3.5373,3.5453,62
2026-01-23 13:50:00,3.5408,3.5443,3.5373,3.5373,3.5458,3.5493,3.5423,3.5423,45
2026-01-23 13:51:00,3.5368,3.5463,3.5353,3.5413,3.5418,3.5513,3.5403,3.5463,41
2026-01-23 13:52:00,3.5423,3.5478,3.5413,3.5418,3.5473,3.5528,3.5463,3.5468,30
2026-01-23 13:53:00,3.5423,3.5438,3.5353,3.5378,3.5473,3.5488,3.5403,3.5428,29
2026-01-23 13:54:00,3.5383,3.5403,3.5293,3.5353,3.5433,3.5453,3.5343,3.5403,44
2026-01-23 13:55:00,3.5343,3.5373,3.5323,3.5323,3.5393,3.5423,3.5373,3.5373,27
2026-01-23 13:56:00,3.5328,3.5343,3.5098,3.5103,3.5378,3.5393,3.5148,3.5153,97
2026-01-23 13:57:00,3.5113,3.5123,3.4838,3.4863,3.5163,3.5173,3.4888,3.4913,139
2026-01-23 13:58:00,3.4873,3.4988,3.4843,3.4853,3.4923,3.5038,3.4893,3.4903,97
2026-01-23 13:59:00,3.4858,3.4953,3.4848,3.4893,3.4908,3.5003,3.4898,3.4943,46
2026-01-23 14:00:00,3.4903,3.5013,3.4903,3.4978,3.4953,3.5063,3.4953,3.5028,99
2026-01-23 14:01:00,3.4983,3.5003,3.4923,3.4923,3.5033,3.5053,3.4973,3.4973,80
2026-01-23 14:02:00,3.4933,3.4978,3.4868,3.4918,3.4983,3.5028,3.4918,3.4968,99
2026-01-23 14:03:00,3.4928,3.4943,3.4858,3.4943,3.4978,3.4993,3.4908,3.4993,73
2026-01-23 14:04:00,3.4948,3.5013,3.4938,3.4948,3.4998,3.5063,3.4988,3.4998,73
2026-01-23 14:05:00,3.4943,3.4943,3.4833,3.4928,3.4993,3.4993,3.4883,3.4978,55
2026-01-23 14:06:00,3.4953,3.4998,3.4938,3.4998,3.5003,3.5048,3.4988,3.5048,46
2026-01-23 14:07:00,3.5003,3.5013,3.4673,3.4678,3.5053,3.5063,3.4723,3.4728,118
2026-01-23 14:08:00,3.4683,3.4743,3.4533,3.4548,3.4733,3.4793,3.4583,3.4598,128
2026-01-23 14:09:00,3.4553,3.4593,3.4463,3.4578,3.4603,3.4643,3.4513,3.4628,87
2026-01-23 14:10:00,3.4573,3.4713,3.4553,3.4668,3.4623,3.4763,3.4603,3.4718,70
2026-01-23 14:11:00,3.4663,3.4958,3.4663,3.4958,3.4713,3.5008,3.4713,3.5008,117
2026-01-23 14:12:00,3.4948,3.5063,3.4943,3.5003,3.4998,3.5113,3.4993,3.5053,68
2026-01-23 14:13:00,3.5008,3.5233,3.4978,3.5228,3.5058,3.5283,3.5028,3.5278,132
2026-01-23 14:14:00,3.5243,3.5403,3.5243,3.5353,3.5293,3.5453,3.5293,3.5403,126
2026-01-23 14:15:00,3.5358,3.5373,3.5238,3.5348,3.5408,3.5423,3.5288,3.5398,85
2026-01-23 14:16:00,3.5358,3.5453,3.5308,3.5413,3.5408,3.5503,3.5358,3.5463,99
2026-01-23 14:17:00,3.5408,3.5498,3.5338,3.5358,3.5458,3.5548,3.5388,3.5408,88
2026-01-23 14:18:00,3.5353,3.5433,3.5348,3.5413,3.5403,3.5483,3.5398,3.5463,41
2026-01-23 14:19:00,3.5398,3.5523,3.5353,3.5498,3.5448,3.5573,3.5403,3.5548,79
2026-01-23 14:20:00,3.5493,3.5498,3.5388,3.5388,3.5543,3.5548,3.5438,3.5438,47
2026-01-23 14:21:00,3.5383,3.5383,3.5233,3.5253,3.5433,3.5433,3.5283,3.5303,67
2026-01-23 14:22:00,3.5263,3.5383,3.5258,3.5348,3.5313,3.5433,3.5308,3.5398,76
2026-01-23 14:23:00,3.5353,3.5413,3.5283,3.5298,3.5403,3.5463,3.5333,3.5348,49
2026-01-23 14:24:00,3.5283,3.5403,3.5263,3.5358,3.5333,3.5453,3.5313,3.5408,80
2026-01-23 14:25:00,3.5353,3.5368,3.5263,3.5323,3.5403,3.5418,3.5313,3.5373,55
2026-01-23 14:26:00,3.5333,3.5333,3.5223,3.5228,3.5383,3.5383,3.5273,3.5278,46
2026-01-23 14:27:00,3.5223,3.5223,3.5178,3.5188,3.5273,3.5273,3.5228,3.5238,40
2026-01-23 14:28:00,3.5183,3.5183,3.5038,3.5053,3.5233,3.5233,3.5088,3.5103,80
2026-01-23 14:29:00,3.5048,3.5178,3.5018,3.5178,3.5098,3.5228,3.5068,3.5228,56
2026-01-23 14:30:00,3.5188,3.5278,3.5183,3.5268,3.5238,3.5328,3.5233,3.5318,56
2026-01-23 14:31:00,3.5273,3.5403,3.5253,3.5383,3.5323,3.5453,3.5303,3.5433,86
2026-01-23 14:32:00,3.5388,3.5478,3.5348,3.5393,3.5438,3.5528,3.5398,3.5443,73
2026-01-23 14:33:00,3.5388,3.5393,3.5283,3.5303,3.5438,3.5443,3.5333,3.5353,40
2026-01-23 14:34:00,3.5308,3.5368,3.5258,3.5288,3.5358,3.5418,3.5308,3.5338,36
2026-01-23 14:35:00,3.5293,3.5298,3.5108,3.5133,3.5343,3.5348,3.5158,3.5183,41
2026-01-23 14:36:00,3.5128,3.5203,3.5123,3.5203,3.5178,3.5253,3.5173,3.5253,43
2026-01-23 14:37:00,3.5208,3.5233,3.5113,3.5143,3.5258,3.5283,3.5163,3.5193,77
2026-01-23 14:38:00,3.5138,3.5203,3.5113,3.5198,3.5188,3.5253,3.5163,3.5248,35
2026-01-23 14:39:00,3.5208,3.5398,3.5178,3.5348,3.5258,3.5448,3.5228,3.5398,109
2026-01-23 14:40:00,3.5343,3.5643,3.5313,3.5613,3.5393,3.5693,3.5363,3.5663,131
2026-01-23 14:41:00,3.5608,3.5773,3.5573,3.5753,3.5658,3.5823,3.5623,3.5803,227
2026-01-23 14:42:00,3.5763,3.5823,3.5693,3.5718,3.5813,3.5873,3.5743,3.5768,152
2026-01-23 14:43:00,3.5713,3.5773,3.5623,3.5663,3.5763,3.5823,3.5673,3.5713,96
2026-01-23 14:44:00,3.5668,3.5668,3.5453,3.5468,3.5718,3.5718,3.5503,3.5518,151
2026-01-23 14:45:00,3.5473,3.5543,3.5453,3.5508,3.5523,3.5593,3.5503,3.5558,74
2026-01-23 14:46:00,3.5503,3.5543,3.5463,3.5498,3.5553,3.5593,3.5513,3.5548,64
2026-01-23 14:47:00,3.5503,3.5528,3.5463,3.5518,3.5553,3.5578,3.5513,3.5568,30
2026-01-23 14:48:00,3.5513,3.5543,3.5403,3.5428,3.5563,3.5593,3.5453,3.5478,60
2026-01-23 14:49:00,3.5438,3.5548,3.5438,3.5518,3.5488,3.5598,3.5488,3.5568,78
2026-01-23 14:50:00,3.5523,3.5653,3.5513,3.5523,3.5573,3.5703,3.5563,3.5573,99
2026-01-23 14:51:00,3.5528,3.5618,3.5518,3.5528,3.5578,3.5668,3.5568,3.5578,79
2026-01-23 14:52:00,3.5533,3.5893,3.5528,3.5873,3.5583,3.5943,3.5578,3.5923,211
2026-01-23 14:53:00,3.5868,3.5988,3.5763,3.5808,3.5918,3.6038,3.5813,3.5858,178
2026-01-23 14:54:00,3.5823,3.5878,3.5783,3.5813,3.5873,3.5928,3.5833,3.5863,91
2026-01-23 14:55:00,3.5808,3.5953,3.5773,3.5868,3.5858,3.6003,3.5823,3.5918,126
2026-01-23 14:56:00,3.5873,3.5923,3.5793,3.5923,3.5923,3.5973,3.5843,3.5973,68
2026-01-23 14:57:00,3.5918,3.5948,3.5863,3.5888,3.5968,3.5998,3.5913,3.5938,82
2026-01-23 14:58:00,3.5883,3.5883,3.5713,3.5718,3.5933,3.5933,3.5763,3.5768,99
2026-01-23 14:59:00,3.5713,3.5713,3.5548,3.5693,3.5763,3.5763,3.5598,3.5743,135
2026-01-23 15:00:00,3.5688,3.5933,3.5688,3.5913,3.5738,3.5983,3.5738,3.5963,205
2026-01-23 15:01:00,3.5908,3.6083,3.5908,3.5993,3.5958,3.6133,3.5958,3.6043,184
2026-01-23 15:02:00,3.5983,3.6013,3.5883,3.5963,3.6033,3.6063,3.5933,3.6013,108
2026-01-23 15:03:00,3.5973,3.6038,3.5943,3.6018,3.6023,3.6088,3.5993,3.6068,106
2026-01-23 15:04:00,3.6043,3.6048,3.5928,3.6013,3.6093,3.6098,3.5978,3.6063,83
2026-01-23 15:05:00,3.6008,3.6043,3.5983,3.6023,3.6058,3.6093,3.6033,3.6073,69
2026-01-23 15:06:00,3.6033,3.6143,3.6033,3.6083,3.6083,3.6193,3.6083,3.6133,103
2026-01-23 15:07:00,3.6073,3.6078,3.6003,3.6023,3.6123,3.6128,3.6053,3.6073,66
2026-01-23 15:08:00,3.6038,3.6063,3.5953,3.5978,3.6088,3.6113,3.6003,3.6028,59
2026-01-23 15:09:00,3.5973,3.6138,3.5963,3.6078,3.6023,3.6188,3.6013,3.6128,95
2026-01-23 15:10:00,3.6083,3.6163,3.5983,3.6118,3.6133,3.6213,3.6033,3.6168,82
2026-01-23 15:11:00,3.6128,3.6293,3.6113,3.6273,3.6178,3.6343,3.6163,3.6323,100
2026-01-23 15:12:00,3.6243,3.6283,3.6213,3.6268,3.6293,3.6333,3.6263,3.6318,87
2026-01-23 15:13:00,3.6263,3.6393,3.6243,3.6303,3.6313,3.6443,3.6293,3.6353,145
2026-01-23 15:14:00,3.6298,3.6378,3.6283,3.6373,3.6348,3.6428,3.6333,3.6423,87
2026-01-23 15:15:00,3.6368,3.6368,3.6303,3.6348,3.6418,3.6418,3.6353,3.6398,52
2026-01-23 15:16:00,3.6343,3.6343,3.6213,3.6238,3.6393,3.6393,3.6263,3.6288,99
2026-01-23 15:17:00,3.6233,3.6438,3.6233,3.6383,3.6283,3.6488,3.6283,3.6433,191
2026-01-23 15:18:00,3.6373,3.6393,3.6293,3.6388,3.6423,3.6443,3.6343,3.6438,88
2026-01-23 15:19:00,3.6383,3.6393,3.6283,3.6393,3.6433,3.6443,3.6333,3.6443,58
2026-01-23 15:20:00,3.6383,3.6423,3.6293,3.6403,3.6433,3.6473,3.6343,3.6453,73
2026-01-23 15:21:00,3.6413,3.6453,3.6373,3.6433,3.6463,3.6503,3.6423,3.6483,113
2026-01-23 15:22:00,3.6438,3.6533,3.6403,3.6508,3.6488,3.6583,3.6453,3.6558,71
2026-01-23 15:23:00,3.6503,3.6568,3.6463,3.6468,3.6553,3.6618,3.6513,3.6518,82
2026-01-23 15:24:00,3.6473,3.6473,3.6403,3.6433,3.6523,3.6523,3.6453,3.6483,55
2026-01-23 15:25:00,3.6428,3.6493,3.6423,3.6443,3.6478,3.6543,3.6473,3.6493,69
2026-01-23 15:26:00,3.6448,3.6478,3.6423,3.6443,3.6498,3.6528,3.6473,3.6493,60
2026-01-23 15:27:00,3.6453,3.6553,3.6443,3.6543,3.6503,3.6603,3.6493,3.6593,74
2026-01-23 15:28:00,3.6553,3.6578,3.6508,3.6523,3.6603,3.6628,3.6558,3.6573,75
2026-01-23 15:29:00,3.6508,3.6543,3.6463,3.6503,3.6558,3.6593,3.6513,3.6553,88
2026-01-23 15:30:00,3.6493,3.6503,3.6363,3.6373,3.6543,3.6553,3.6413,3.6423,119
2026-01-23 15:31:00,3.6378,3.6378,3.6258,3.6293,3.6428,3.6428,3.6308,3.6343,101
2026-01-23 15:32:00,3.6288,3.6293,3.6183,3.6223,3.6338,3.6343,3.6233,3.6273,82
2026-01-23 15:33:00,3.6218,3.6258,3.6133,3.6168,3.6268,3.6308,3.6183,3.6218,79
2026-01-23 15:34:00,3.6163,3.6163,3.6053,3.6093,3.6213,3.6213,3.6103,3.6143,92
2026-01-23 15:35:00,3.6098,3.6118,3.6073,3.6093,3.6148,3.6168,3.6123,3.6143,40
2026-01-23 15:36:00,3.6103,3.6118,3.6053,3.6083,3.6153,3.6168,3.6103,3.6133,55
2026-01-23 15:37:00,3.6078,3.6133,3.6023,3.6108,3.6128,3.6183,3.6073,3.6158,75
2026-01-23 15:38:00,3.6113,3.6113,3.6013,3.6083,3.6163,3.6163,3.6063,3.6133,63
2026-01-23 15:39:00,3.6088,3.6153,3.6043,3.6128,3.6138,3.6203,3.6093,3.6178,59
2026-01-23 15:40:00,3.6133,3.6263,3.6063,3.6093,3.6183,3.6313,3.6113,3.6143,94
2026-01-23 15:41:00,3.6098,3.6123,3.5893,3.5903,3.6148,3.6173,3.5943,3.5953,122
2026-01-23 15:42:00,3.5898,3.5923,3.5863,3.5923,3.5948,3.5973,3.5913,3.5973,51
2026-01-23 15:43:00,3.5913,3.5933,3.5793,3.5848,3.5963,3.5983,3.5843,3.5898,99
2026-01-23 15:44:00,3.5853,3.5893,3.5703,3.5718,3.5903,3.5943,3.5753,3.5768,103
2026-01-23 15:45:00,3.5723,3.5723,3.5653,3.5673,3.5773,3.5773,3.5703,3.5723,82
2026-01-23 15:46:00,3.5678,3.5793,3.5678,3.5763,3.5728,3.5843,3.5728,3.5813,66
2026-01-23 15:47:00,3.5768,3.5773,3.5643,3.5683,3.5818,3.5823,3.5693,3.5733,79
2026-01-23 15:48:00,3.5693,3.5703,3.5593,3.5593,3.5743,3.5753,3.5643,3.5643,84
2026-01-23 15:49:00,3.5598,3.5653,3.5513,3.5538,3.5648,3.5703,3.5563,3.5588,92
2026-01-23 15:50:00,3.5523,3.5543,3.5408,3.5473,3.5573,3.5593,3.5458,3.5523,147
2026-01-23 15:51:00,3.5478,3.5603,3.5413,3.5568,3.5528,3.5653,3.5463,3.5618,106
2026-01-23 15:52:00,3.5573,3.5578,3.5503,3.5533,3.5623,3.5628,3.5553,3.5583,59
2026-01-23 15:53:00,3.5538,3.5538,3.5303,3.5363,3.5588,3.5588,3.5353,3.5413,143
2026-01-23 15:54:00,3.5368,3.5503,3.5358,3.5498,3.5418,3.5553,3.5408,3.5548,97
2026-01-23 15:55:00,3.5503,3.5583,3.5463,3.5583,3.5553,3.5633,3.5513,3.5633,128
2026-01-23 15:56:00,3.5598,3.5613,3.5488,3.5588,3.5648,3.5663,3.5538,3.5638,89
2026-01-23 15:57:00,3.5593,3.5658,3.5578,3.5658,3.5643,3.5708,3.5628,3.5708,60
2026-01-23 15:58:00,3.5643,3.5688,3.5518,3.5543,3.5693,3.5738,3.5568,3.5593,108
2026-01-23 15:59:00,3.5553,3.5683,3.5553,3.5653,3.5603,3.5733,3.5603,3.5703,84
2026-01-23 16:00:00,3.5658,3.5838,3.5648,3.5833,3.5708,3.5888,3.5698,3.5883,108
2026-01-23 16:01:00,3.5828,3.5888,3.5783,3.5878,3.5878,3.5938,3.5833,3.5928,100
2026-01-23 16:02:00,3.5873,3.5953,3.5823,3.5903,3.5923,3.6003,3.5873,3.5953,130
2026-01-23 16:03:00,3.5908,3.5933,3.5843,3.5863,3.5958,3.5983,3.5893,3.5913,95
2026-01-23 16:04:00,3.5858,3.5863,3.5698,3.5763,3.5908,3.5913,3.5748,3.5813,95
2026-01-23 16:05:00,3.5768,3.5863,3.5713,3.5863,3.5818,3.5913,3.5763,3.5913,67
2026-01-23 16:06:00,3.5868,3.5913,3.5798,3.5868,3.5918,3.5963,3.5848,3.5918,95
2026-01-23 16:07:00,3.5878,3.5943,3.5838,3.5843,3.5928,3.5993,3.5888,3.5893,71
2026-01-23 16:08:00,3.5848,3.5963,3.5813,3.5963,3.5898,3.6013,3.5863,3.6013,95
2026-01-23 16:09:00,3.5953,3.6103,3.5933,3.6043,3.6003,3.6153,3.5983,3.6093,132
2026-01-23 16:10:00,3.6033,3.6058,3.5983,3.6043,3.6083,3.6108,3.6033,3.6093,75
2026-01-23 16:11:00,3.6048,3.6078,3.6043,3.6078,3.6098,3.6128,3.6093,3.6128,44
2026-01-23 16:12:00,3.6068,3.6163,3.6058,3.6143,3.6118,3.6213,3.6108,3.6193,61
2026-01-23 16:13:00,3.6138,3.6143,3.6033,3.6108,3.6188,3.6193,3.6083,3.6158,75
2026-01-23 16:14:00,3.6093,3.6193,3.6083,3.6133,3.6143,3.6243,3.6133,3.6183,55
2026-01-23 16:15:00,3.6138,3.6193,3.6133,3.6163,3.6188,3.6243,3.6183,3.6213,64
2026-01-23 16:16:00,3.6158,3.6193,3.6133,3.6183,3.6208,3.6243,3.6183,3.6233,72
2026-01-23 16:17:00,3.6188,3.6213,3.6173,3.6208,3.6238,3.6263,3.6223,3.6258,43
2026-01-23 16:18:00,3.6213,3.6233,3.6123,3.6153,3.6263,3.6283,3.6173,3.6203,58
2026-01-23 16:19:00,3.6158,3.6213,3.6153,3.6203,3.6208,3.6263,3.6203,3.6253,31
2026-01-23 16:20:00,3.6208,3.6223,3.6153,3.6163,3.6258,3.6273,3.6203,3.6213,51
2026-01-23 16:21:00,3.6153,3.6263,3.6153,3.6253,3.6203,3.6313,3.6203,3.6303,97
2026-01-23 16:22:00,3.6248,3.6268,3.6163,3.6243,3.6298,3.6318,3.6213,3.6293,68
2026-01-23 16:23:00,3.6248,3.6253,3.6243,3.6248,3.6298,3.6303,3.6293,3.6298,23
2026-01-23 16:24:00,3.6243,3.6323,3.6243,3.6283,3.6293,3.6373,3.6293,3.6333,57
2026-01-23 16:25:00,3.6288,3.6363,3.6198,3.6213,3.6338,3.6413,3.6248,3.6263,95
2026-01-23 16:26:00,3.6218,3.6218,3.6048,3.6073,3.6268,3.6268,3.6098,3.6123,70
2026-01-23 16:27:00,3.6068,3.6163,3.6043,3.6153,3.6118,3.6213,3.6093,3.6203,47
2026-01-23 16:28:00,3.6148,3.6218,3.6108,3.6208,3.6198,3.6268,3.6158,3.6258,68
2026-01-23 16:29:00,3.6218,3.6263,3.6133,3.6133,3.6268,3.6313,3.6183,3.6183,88
2026-01-23 16:30:00,3.6138,3.6163,3.6073,3.6123,3.6188,3.6213,3.6123,3.6173,59
2026-01-23 16:31:00,3.6133,3.6173,3.6078,3.6153,3.6183,3.6223,3.6128,3.6203,71
2026-01-23 16:32:00,3.6163,3.6203,3.6088,3.6103,3.6213,3.6253,3.6138,3.6153,71
2026-01-23 16:33:00,3.6108,3.6123,3.6068,3.6113,3.6158,3.6173,3.6118,3.6163,42
2026-01-23 16:34:00,3.6118,3.6133,3.6063,3.6108,3.6168,3.6183,3.6113,3.6158,43
2026-01-23 16:35:00,3.6113,3.6213,3.6108,3.6183,3.6163,3.6263,3.6158,3.6233,91
2026-01-23 16:36:00,3.6173,3.6223,3.6113,3.6183,3.6223,3.6273,3.6163,3.6233,66
2026-01-23 16:37:00,3.6188,3.6263,3.6188,3.6243,3.6238,3.6313,3.6238,3.6293,60
2026-01-23 16:38:00,3.6253,3.6313,3.6193,3.6208,3.6303,3.6363,3.6243,3.6258,99
2026-01-23 16:39:00,3.6203,3.6243,3.6163,3.6168,3.6253,3.6293,3.6213,3.6218,30
2026-01-23 16:40:00,3.6173,3.6238,3.6173,3.6178,3.6223,3.6288,3.6223,3.6228,49
2026-01-23 16:41:00,3.6183,3.6208,3.6103,3.6103,3.6233,3.6258,3.6153,3.6153,46
2026-01-23 16:42:00,3.6108,3.6118,3.5983,3.6038,3.6158,3.6168,3.6033,3.6088,81
2026-01-23 16:43:00,3.6033,3.6048,3.5998,3.6043,3.6083,3.6098,3.6048,3.6093,43
2026-01-23 16:44:00,3.6048,3.6093,3.6023,3.6043,3.6098,3.6143,3.6073,3.6093,63
2026-01-23 16:45:00,3.6053,3.6068,3.6033,3.6038,3.6103,3.6118,3.6083,3.6088,35
2026-01-23 16:46:00,3.6043,3.6083,3.5973,3.6073,3.6093,3.6133,3.6023,3.6123,64
2026-01-23 16:47:00,3.6078,3.6083,3.6028,3.6068,3.6128,3.6133,3.6078,3.6118,33
2026-01-23 16:48:00,3.6078,3.6123,3.6078,3.6093,3.6128,3.6173,3.6128,3.6143,36
2026-01-23 16:49:00,3.6088,3.6183,3.6078,3.6158,3.6138,3.6233,3.6128,3.6208,44
2026-01-23 16:50:00,3.6153,3.6193,3.6143,3.6193,3.6203,3.6243,3.6193,3.6243,38
2026-01-23 16:51:00,3.6183,3.6228,3.6123,3.6188,3.6233,3.6278,3.6173,3.6238,56
2026-01-23 16:52:00,3.6178,3.6238,3.6178,3.6213,3.6228,3.6288,3.6228,3.6263,44
2026-01-23 16:53:00,3.6208,3.6223,3.6173,3.6198,3.6258,3.6273,3.6223,3.6248,36
2026-01-23 16:54:00,3.6203,3.6213,3.6173,3.6203,3.6253,3.6263,3.6223,3.6253,17
2026-01-23 16:55:00,3.6208,3.6228,3.6183,3.6198,3.6258,3.6278,3.6233,3.6248,33
2026-01-23 16:56:00,3.6193,3.6203,3.6063,3.6083,3.6243,3.6253,3.6113,3.6133,52
2026-01-23 16:57:00,3.6073,3.6088,3.6033,3.6073,3.6123,3.6138,3.6083,3.6123,37
2026-01-23 16:58:00,3.6068,3.6103,3.6033,3.6053,3.6118,3.6153,3.6083,3.6103,49
2026-01-23 16:59:00,3.6058,3.6118,3.6043,3.6108,3.6108,3.6168,3.6093,3.6158,38
2026-01-23 17:00:00,3.6113,3.6143,3.6053,3.6073,3.6163,3.6193,3.6103,3.6123,38
2026-01-23 17:01:00,3.6068,3.6198,3.6063,3.6153,3.6118,3.6248,3.6113,3.6203,60
2026-01-23 17:02:00,3.6168,3.6203,3.6093,3.6178,3.6218,3.6253,3.6143,3.6228,60
2026-01-23 17:03:00,3.6173,3.6198,3.6113,3.6168,3.6223,3.6248,3.6163,3.6218,56
2026-01-23 17:04:00,3.6173,3.6183,3.6153,3.6178,3.6223,3.6233,3.6203,3.6228,32
2026-01-23 17:05:00,3.6173,3.6263,3.6158,3.6228,3.6223,3.6313,3.6208,3.6278,80
2026-01-23 17:06:00,3.6218,3.6283,3.6173,3.6233,3.6268,3.6333,3.6223,3.6283,70
2026-01-23 17:07:00,3.6213,3.6323,3.6173,3.6178,3.6263,3.6373,3.6223,3.6228,60
2026-01-23 17:08:00,3.6183,3.6223,3.6143,3.6158,3.6233,3.6273,3.6193,3.6208,53
2026-01-23 17:09:00,3.6153,3.6188,3.5908,3.5923,3.6203,3.6238,3.5958,3.5973,115
2026-01-23 17:10:00,3.5928,3.5963,3.5853,3.5923,3.5978,3.6013,3.5903,3.5973,95
2026-01-23 17:11:00,3.5913,3.5943,3.5868,3.5938,3.5963,3.5993,3.5918,3.5988,49
2026-01-23 17:12:00,3.5943,3.5943,3.5723,3.5808,3.5993,3.5993,3.5773,3.5858,104
2026-01-23 17:13:00,3.5803,3.5928,3.5773,3.5893,3.5853,3.5978,3.5823,3.5943,67
2026-01-23 17:14:00,3.5878,3.5963,3.5863,3.5953,3.5928,3.6013,3.5913,3.6003,58
2026-01-23 17:15:00,3.5958,3.5963,3.5893,3.5963,3.6008,3.6013,3.5943,3.6013,56
2026-01-23 17:16:00,3.5958,3.6023,3.5948,3.5953,3.6008,3.6073,3.5998,3.6003,61
2026-01-23 17:17:00,3.5958,3.5958,3.5793,3.5793,3.6008,3.6008,3.5843,3.5843,80
2026-01-23 17:18:00,3.5803,3.5833,3.5653,3.5693,3.5853,3.5883,3.5703,3.5743,100
2026-01-23 17:19:00,3.5688,3.5723,3.5588,3.5613,3.5738,3.5773,3.5638,3.5663,67
2026-01-23 17:20:00,3.5623,3.5733,3.5613,3.5723,3.5673,3.5783,3.5663,3.5773,58
2026-01-23 17:21:00,3.5708,3.5708,3.5613,3.5628,3.5758,3.5758,3.5663,3.5678,59
2026-01-23 17:22:00,3.5633,3.5773,3.5633,3.5753,3.5683,3.5823,3.5683,3.5803,48
2026-01-23 17:23:00,3.5743,3.5793,3.5723,3.5723,3.5793,3.5843,3.5773,3.5773,43
2026-01-23 17:24:00,3.5713,3.5803,3.5713,3.5783,3.5763,3.5853,3.5763,3.5833,24
2026-01-23 17:25:00,3.5793,3.5828,3.5743,3.5813,3.5843,3.5878,3.5793,3.5863,68
2026-01-23 17:26:00,3.5803,3.5813,3.5603,3.5618,3.5853,3.5863,3.5653,3.5668,92
2026-01-23 17:27:00,3.5613,3.5693,3.5563,3.5693,3.5663,3.5743,3.5613,3.5743,117
2026-01-23 17:28:00,3.5683,3.5753,3.5628,3.5738,3.5733,3.5803,3.5678,3.5788,56
2026-01-23 17:29:00,3.5743,3.5743,3.5663,3.5678,3.5793,3.5793,3.5713,3.5728,50
2026-01-23 17:30:00,3.5683,3.5703,3.5653,3.5673,3.5733,3.5753,3.5703,3.5723,44
2026-01-23 17:31:00,3.5663,3.5663,3.5523,3.5568,3.5713,3.5713,3.5573,3.5618,119
2026-01-23 17:32:00,3.5573,3.5608,3.5553,3.5568,3.5623,3.5658,3.5603,3.5618,55
2026-01-23 17:33:00,3.5573,3.5603,3.5503,3.5553,3.5623,3.5653,3.5553,3.5603,66
2026-01-23 17:34:00,3.5548,3.5553,3.5493,3.5543,3.5598,3.5603,3.5543,3.5593,82
2026-01-23 17:35:00,3.5548,3.5613,3.5543,3.5543,3.5598,3.5663,3.5593,3.5593,57
2026-01-23 17:36:00,3.5538,3.5568,3.5538,3.5568,3.5588,3.5618,3.5588,3.5618,21
2026-01-23 17:37:00,3.5563,3.5598,3.5553,3.5593,3.5613,3.5648,3.5603,3.5643,25
2026-01-23 17:38:00,3.5603,3.5793,3.5603,3.5753,3.5653,3.5843,3.5653,3.5803,81
2026-01-23 17:39:00,3.5743,3.5803,3.5708,3.5723,3.5793,3.5853,3.5758,3.5773,75
2026-01-23 17:40:00,3.5728,3.5853,3.5718,3.5798,3.5778,3.5903,3.5768,3.5848,51
2026-01-23 17:41:00,3.5808,3.5818,3.5753,3.5768,3.5858,3.5868,3.5803,3.5818,50
2026-01-23 17:42:00,3.5763,3.5778,3.5623,3.5693,3.5813,3.5828,3.5673,3.5743,76
2026-01-23 17:43:00,3.5698,3.5698,3.5663,3.5678,3.5748,3.5748,3.5713,3.5728,24
2026-01-23 17:44:00,3.5673,3.5778,3.5673,3.5758,3.5723,3.5828,3.5723,3.5808,62
2026-01-23 17:45:00,3.5763,3.5793,3.5673,3.5703,3.5813,3.5843,3.5723,3.5753,55
2026-01-23 17:46:00,3.5718,3.5748,3.5683,3.5718,3.5768,3.5798,3.5733,3.5768,89
2026-01-23 17:47:00,3.5723,3.5843,3.5693,3.5823,3.5773,3.5893,3.5743,3.5873,60
2026-01-23 17:48:00,3.5818,3.5823,3.5608,3.5698,3.5868,3.5873,3.5658,3.5748,114
2026-01-23 17:49:00,3.5703,3.5823,3.5703,3.5818,3.5753,3.5873,3.5753,3.5868,64
2026-01-23 17:50:00,3.5813,3.5823,3.5708,3.5713,3.5863,3.5873,3.5758,3.5763,40
2026-01-23 17:51:00,3.5718,3.5763,3.5703,3.5748,3.5768,3.5813,3.5753,3.5798,57
2026-01-23 17:52:00,3.5753,3.5773,3.5693,3.5733,3.5803,3.5823,3.5743,3.5783,41
2026-01-23 17:53:00,3.5723,3.5723,3.5653,3.5673,3.5773,3.5773,3.5703,3.5723,74
2026-01-23 17:54:00,3.5668,3.5738,3.5668,3.5733,3.5718,3.5788,3.5718,3.5783,19
2026-01-23 17:55:00,3.5738,3.5763,3.5678,3.5683,3.5788,3.5813,3.5728,3.5733,50
2026-01-23 17:56:00,3.5698,3.5733,3.5673,3.5683,3.5748,3.5783,3.5723,3.5733,34
2026-01-23 17:57:00,3.5673,3.5693,3.5598,3.5633,3.5723,3.5743,3.5648,3.5683,52
2026-01-23 17:58:00,3.5638,3.5853,3.5638,3.5848,3.5688,3.5903,3.5688,3.5898,86
2026-01-23 17:59:00,3.5853,3.5893,3.5833,3.5883,3.5903,3.5943,3.5883,3.5933,38
2026-01-23 18:00:00,3.5873,3.5883,3.5778,3.5783,3.5923,3.5933,3.5828,3.5833,56
2026-01-23 18:01:00,3.5793,3.5868,3.5793,3.5848,3.5843,3.5918,3.5843,3.5898,30
2026-01-23 18:02:00,3.5843,3.5888,3.5843,3.5853,3.5893,3.5938,3.5893,3.5903,40
2026-01-23 18:03:00,3.5848,3.5928,3.5833,3.5928,3.5898,3.5978,3.5883,3.5978,75
2026-01-23 18:04:00,3.5913,3.5918,3.5843,3.5848,3.5963,3.5968,3.5893,3.5898,55
2026-01-23 18:05:00,3.5838,3.5838,3.5788,3.5828,3.5888,3.5888,3.5838,3.5878,40
2026-01-23 18:06:00,3.5823,3.5828,3.5763,3.5793,3.5873,3.5878,3.5813,3.5843,37
2026-01-23 18:07:00,3.5783,3.5803,3.5733,3.5733,3.5833,3.5853,3.5783,3.5783,41
2026-01-23 18:08:00,3.5738,3.5778,3.5723,3.5728,3.5788,3.5828,3.5773,3.5778,30
2026-01-23 18:09:00,3.5723,3.5733,3.5663,3.5693,3.5773,3.5783,3.5713,3.5743,38
2026-01-23 18:10:00,3.5683,3.5693,3.5643,3.5653,3.5733,3.5743,3.5693,3.5703,45
2026-01-23 18:11:00,3.5658,3.5663,3.5613,3.5633,3.5708,3.5713,3.5663,3.5683,31
2026-01-23 18:12:00,3.5643,3.5673,3.5633,3.5673,3.5693,3.5723,3.5683,3.5723,29
2026-01-23 18:13:00,3.5678,3.5693,3.5553,3.5573,3.5728,3.5743,3.5603,3.5623,50
2026-01-23 18:14:00,3.5583,3.5598,3.5533,3.5548,3.5633,3.5648,3.5583,3.5598,40
2026-01-23 18:15:00,3.5543,3.5563,3.5513,3.5528,3.5593,3.5613,3.5563,3.5578,34
2026-01-23 18:16:00,3.5523,3.5563,3.5483,3.5493,3.5573,3.5613,3.5533,3.5543,53
2026-01-23 18:17:00,3.5498,3.5528,3.5413,3.5438,3.5548,3.5578,3.5463,3.5488,73
2026-01-23 18:18:00,3.5423,3.5423,3.5308,3.5368,3.5473,3.5473,3.5358,3.5418,76
2026-01-23 18:19:00,3.5373,3.5453,3.5373,3.5443,3.5423,3.5503,3.5423,3.5493,55
2026-01-23 18:20:00,3.5423,3.5453,3.5373,3.5443,3.5473,3.5503,3.5423,3.5493,68
2026-01-23 18:21:00,3.5433,3.5523,3.5428,3.5473,3.5483,3.5573,3.5478,3.5523,59
2026-01-23 18:22:00,3.5468,3.5503,3.5313,3.5348,3.5518,3.5553,3.5363,3.5398,122
2026-01-23 18:23:00,3.5353,3.5473,3.5313,3.5443,3.5403,3.5523,3.5363,3.5493,61
2026-01-23 18:24:00,3.5433,3.5483,3.5423,3.5478,3.5483,3.5533,3.5473,3.5528,25
2026-01-23 18:25:00,3.5483,3.5493,3.5443,3.5493,3.5533,3.5543,3.5493,3.5543,34
2026-01-23 18:26:00,3.5483,3.5493,3.5413,3.5453,3.5533,3.5543,3.5463,3.5503,35
2026-01-23 18:27:00,3.5448,3.5468,3.5393,3.5408,3.5498,3.5518,3.5443,3.5458,38
2026-01-23 18:28:00,3.5403,3.5418,3.5378,3.5403,3.5453,3.5468,3.5428,3.5453,24
2026-01-23 18:29:00,3.5393,3.5433,3.5393,3.5403,3.5443,3.5483,3.5443,3.5453,29
2026-01-23 18:30:00,3.5398,3.5513,3.5398,3.5453,3.5448,3.5563,3.5448,3.5503,50
2026-01-23 18:31:00,3.5448,3.5453,3.5403,3.5443,3.5498,3.5503,3.5453,3.5493,27
2026-01-23 18:32:00,3.5448,3.5563,3.5448,3.5553,3.5498,3.5613,3.5498,3.5603,59
2026-01-23 18:33:00,3.5558,3.5703,3.5553,3.5683,3.5608,3.5753,3.5603,3.5733,105
2026-01-23 18:34:00,3.5673,3.5758,3.5653,3.5728,3.5723,3.5808,3.5703,3.5778,73
2026-01-23 18:35:00,3.5733,3.5793,3.5723,3.5743,3.5783,3.5843,3.5773,3.5793,43
2026-01-23 18:36:00,3.5748,3.5783,3.5653,3.5783,3.5798,3.5833,3.5703,3.5833,60
2026-01-23 18:37:00,3.5763,3.5848,3.5763,3.5778,3.5813,3.5898,3.5813,3.5828,53
2026-01-23 18:38:00,3.5763,3.5783,3.5683,3.5748,3.5813,3.5833,3.5733,3.5798,54
2026-01-23 18:39:00,3.5753,3.5783,3.5573,3.5573,3.5803,3.5833,3.5623,3.5623,57
2026-01-23 18:40:00,3.5578,3.5723,3.5578,3.5673,3.5628,3.5773,3.5628,3.5723,59
2026-01-23 18:41:00,3.5668,3.5848,3.5643,3.5843,3.5718,3.5898,3.5693,3.5893,52
2026-01-23 18:42:00,3.5853,3.5903,3.5843,3.5863,3.5903,3.5953,3.5893,3.5913,64
2026-01-23 18:43:00,3.5873,3.5953,3.5863,3.5918,3.5923,3.6003,3.5913,3.5968,74
2026-01-23 18:44:00,3.5908,3.5908,3.5833,3.5873,3.5958,3.5958,3.5883,3.5923,41
2026-01-23 18:45:00,3.5868,3.5923,3.5863,3.5868,3.5918,3.5973,3.5913,3.5918,66
2026-01-23 18:46:00,3.5863,3.5873,3.5833,3.5863,3.5913,3.5923,3.5883,3.5913,35
2026-01-23 18:47:00,3.5853,3.5913,3.5838,3.5883,3.5903,3.5963,3.5888,3.5933,65
2026-01-23 18:48:00,3.5888,3.6058,3.5888,3.5978,3.5938,3.6108,3.5938,3.6028,92
2026-01-23 18:49:00,3.5968,3.6023,3.5943,3.5993,3.6018,3.6073,3.5993,3.6043,79
2026-01-23 18:50:00,3.5988,3.5988,3.5873,3.5903,3.6038,3.6038,3.5923,3.5953,39
2026-01-23 18:51:00,3.5908,3.5908,3.5793,3.5798,3.5958,3.5958,3.5843,3.5848,49
2026-01-23 18:52:00,3.5793,3.5798,3.5753,3.5758,3.5843,3.5848,3.5803,3.5808,37
2026-01-23 18:53:00,3.5753,3.5768,3.5708,3.5763,3.5803,3.5818,3.5758,3.5813,57
2026-01-23 18:54:00,3.5768,3.5798,3.5683,3.5693,3.5818,3.5848,3.5733,3.5743,46
2026-01-23 18:55:00,3.5708,3.5748,3.5623,3.5623,3.5758,3.5798,3.5673,3.5673,49
2026-01-23 18:56:00,3.5628,3.5653,3.5553,3.5633,3.5678,3.5703,3.5603,3.5683,78
2026-01-23 18:57:00,3.5638,3.5713,3.5618,3.5693,3.5688,3.5763,3.5668,3.5743,38
2026-01-23 18:58:00,3.5703,3.5708,3.5668,3.5673,3.5753,3.5758,3.5718,3.5723,16
2026-01-23 18:59:00,3.5678,3.5683,3.5653,3.5653,3.5728,3.5733,3.5703,3.5703,19
2026-01-23 19:00:00,3.5668,3.5693,3.5573,3.5623,3.5718,3.5743,3.5623,3.5673,51
2026-01-23 19:01:00,3.5628,3.5663,3.5628,3.5653,3.5678,3.5713,3.5678,3.5703,46
2026-01-23 19:02:00,3.5658,3.5693,3.5658,3.5663,3.5708,3.5743,3.5708,3.5713,15
2026-01-23 19:03:00,3.5653,3.5663,3.5623,3.5663,3.5703,3.5713,3.5673,3.5713,26
2026-01-23 19:04:00,3.5653,3.5683,3.5523,3.5543,3.5703,3.5733,3.5573,3.5593,60
2026-01-23 19:05:00,3.5538,3.5558,3.5473,3.5553,3.5588,3.5608,3.5523,3.5603,41
2026-01-23 19:06:00,3.5548,3.5553,3.5518,3.5518,3.5598,3.5603,3.5568,3.5568,32
2026-01-23 19:07:00,3.5523,3.5538,3.5358,3.5438,3.5573,3.5588,3.5408,3.5488,69
2026-01-23 19:08:00,3.5453,3.5498,3.5453,3.5463,3.5503,3.5548,3.5503,3.5513,31
2026-01-23 19:09:00,3.5458,3.5458,3.5363,3.5373,3.5508,3.5508,3.5413,3.5423,49
2026-01-23 19:10:00,3.5363,3.5403,3.5353,3.5403,3.5413,3.5453,3.5403,3.5453,35
2026-01-23 19:11:00,3.5413,3.5643,3.5393,3.5598,3.5463,3.5693,3.5443,3.5648,88
2026-01-23 19:12:00,3.5603,3.5643,3.5568,3.5593,3.5653,3.5693,3.5618,3.5643,52
2026-01-23 19:13:00,3.5603,3.5768,3.5603,3.5683,3.5653,3.5818,3.5653,3.5733,85
2026-01-23 19:14:00,3.5688,3.5733,3.5633,3.5708,3.5738,3.5783,3.5683,3.5758,69
2026-01-23 19:15:00,3.5713,3.5768,3.5693,3.5693,3.5763,3.5818,3.5743,3.5743,68
2026-01-23 19:16:00,3.5703,3.5813,3.5683,3.5808,3.5753,3.5863,3.5733,3.5858,61
2026-01-23 19:17:00,3.5813,3.5868,3.5803,3.5818,3.5863,3.5918,3.5853,3.5868,44
2026-01-23 19:18:00,3.5813,3.5968,3.5813,3.5958,3.5863,3.6018,3.5863,3.6008,98
2026-01-23 19:19:00,3.5953,3.5963,3.5888,3.5908,3.6003,3.6013,3.5938,3.5958,103
2026-01-23 19:20:00,3.5913,3.5933,3.5808,3.5813,3.5963,3.5983,3.5858,3.5863,49
2026-01-23 19:21:00,3.5823,3.5853,3.5798,3.5818,3.5873,3.5903,3.5848,3.5868,52
2026-01-23 19:22:00,3.5808,3.5833,3.5743,3.5753,3.5858,3.5883,3.5793,3.5803,58
2026-01-23 19:23:00,3.5748,3.5788,3.5733,3.5783,3.5798,3.5838,3.5783,3.5833,40
2026-01-23 19:24:00,3.5798,3.5978,3.5788,3.5913,3.5848,3.6028,3.5838,3.5963,144
2026-01-23 19:25:00,3.5908,3.5948,3.5838,3.5893,3.5958,3.5998,3.5888,3.5943,53
2026-01-23 19:26:00,3.5913,3.5943,3.5868,3.5918,3.5963,3.5993,3.5918,3.5968,58
2026-01-23 19:27:00,3.5908,3.5943,3.5853,3.5903,3.5958,3.5993,3.5903,3.5953,62
2026-01-23 19:28:00,3.5908,3.6023,3.5908,3.6013,3.5958,3.6073,3.5958,3.6063,58
2026-01-23 19:29:00,3.6023,3.6063,3.5903,3.5943,3.6073,3.6113,3.5953,3.5993,76
2026-01-23 19:30:00,3.5938,3.6043,3.5938,3.6003,3.5988,3.6093,3.5988,3.6053,65
2026-01-23 19:31:00,3.6008,3.6023,3.5888,3.5908,3.6058,3.6073,3.5938,3.5958,77
2026-01-23 19:32:00,3.5898,3.6023,3.5883,3.6003,3.5948,3.6073,3.5933,3.6053,53
2026-01-23 19:33:00,3.5998,3.6018,3.5923,3.5988,3.6048,3.6068,3.5973,3.6038,43
2026-01-23 19:34:00,3.5963,3.6033,3.5953,3.6013,3.6013,3.6083,3.6003,3.6063,44
2026-01-23 19:35:00,3.6028,3.6043,3.5983,3.5983,3.6078,3.6093,3.6033,3.6033,25
2026-01-23 19:36:00,3.5973,3.6008,3.5948,3.5953,3.6023,3.6058,3.5998,3.6003,37
2026-01-23 19:37:00,3.5963,3.6078,3.5963,3.6033,3.6013,3.6128,3.6013,3.6083,74
2026-01-23 19:38:00,3.6038,3.6053,3.5963,3.5963,3.6088,3.6103,3.6013,3.6013,40
2026-01-23 19:39:00,3.5953,3.5953,3.5883,3.5898,3.6003,3.6003,3.5933,3.5948,57
2026-01-23 19:40:00,3.5918,3.5988,3.5913,3.5973,3.5968,3.6038,3.5963,3.6023,46
2026-01-23 19:41:00,3.5978,3.6113,3.5968,3.6103,3.6028,3.6163,3.6018,3.6153,93
2026-01-23 19:42:00,3.6108,3.6123,3.5983,3.6013,3.6158,3.6173,3.6033,3.6063,96
2026-01-23 19:43:00,3.6008,3.6008,3.5883,3.5893,3.6058,3.6058,3.5933,3.5943,78
2026-01-23 19:44:00,3.5903,3.6038,3.5898,3.6028,3.5953,3.6088,3.5948,3.6078,71
2026-01-23 19:45:00,3.6033,3.6043,3.5943,3.5943,3.6083,3.6093,3.5993,3.5993,67
2026-01-23 19:46:00,3.5953,3.5953,3.5803,3.5848,3.6003,3.6003,3.5853,3.5898,85
2026-01-23 19:47:00,3.5863,3.5903,3.5833,3.5903,3.5913,3.5953,3.5883,3.5953,46
2026-01-23 19:48:00,3.5898,3.5943,3.5873,3.5938,3.5948,3.5993,3.5923,3.5988,44
2026-01-23 19:49:00,3.5933,3.5943,3.5873,3.5893,3.5983,3.5993,3.5923,3.5943,44
2026-01-23 19:50:00,3.5883,3.6023,3.5883,3.5993,3.5933,3.6073,3.5933,3.6043,82
2026-01-23 19:51:00,3.6003,3.6028,3.5968,3.6018,3.6053,3.6078,3.6018,3.6068,56
2026-01-23 19:52:00,3.6013,3.6063,3.6003,3.6028,3.6063,3.6113,3.6053,3.6078,55
2026-01-23 19:53:00,3.6038,3.6043,3.5958,3.6008,3.6088,3.6093,3.6008,3.6058,62
2026-01-23 19:54:00,3.6003,3.6063,3.5988,3.6038,3.6053,3.6113,3.6038,3.6088,54
2026-01-23 19:55:00,3.6033,3.6038,3.5883,3.5948,3.6083,3.6088,3.5933,3.5998,63
2026-01-23 19:56:00,3.5953,3.6008,3.5933,3.5973,3.6003,3.6058,3.5983,3.6023,60
2026-01-23 19:57:00,3.5978,3.5983,3.5943,3.5953,3.6028,3.6033,3.5993,3.6003,23
2026-01-23 19:58:00,3.5948,3.6023,3.5948,3.5993,3.5998,3.6073,3.5998,3.6043,34
2026-01-23 19:59:00,3.5988,3.5993,3.5923,3.5968,3.6038,3.6043,3.5973,3.6018,55
2026-01-23 20:00:00,3.5963,3.6003,3.5943,3.5958,3.6013,3.6053,3.5993,3.6008,66
2026-01-23 20:01:00,3.5953,3.5973,3.5923,3.5938,3.6003,3.6023,3.5973,3.5988,33
2026-01-23 20:02:00,3.5933,3.5993,3.5873,3.5973,3.5983,3.6043,3.5923,3.6023,94
2026-01-23 20:03:00,3.5968,3.5973,3.5933,3.5968,3.6018,3.6023,3.5983,3.6018,57
2026-01-23 20:04:00,3.5963,3.5963,3.5933,3.5958,3.6013,3.6013,3.5983,3.6008,39
2026-01-23 20:05:00,3.5953,3.5953,3.5783,3.5863,3.6003,3.6003,3.5833,3.5913,91
2026-01-23 20:06:00,3.5858,3.5973,3.5833,3.5968,3.5908,3.6023,3.5883,3.6018,75
2026-01-23 20:07:00,3.5963,3.5963,3.5913,3.5918,3.6013,3.6013,3.5963,3.5968,44
2026-01-23 20:08:00,3.5928,3.5973,3.5918,3.5938,3.5978,3.6023,3.5968,3.5988,43
2026-01-23 20:09:00,3.5933,3.5963,3.5853,3.5863,3.5983,3.6013,3.5903,3.5913,71
2026-01-23 20:10:00,3.5853,3.5868,3.5793,3.5863,3.5903,3.5918,3.5843,3.5913,70
2026-01-23 20:11:00,3.5868,3.5958,3.5868,3.5958,3.5918,3.6008,3.5918,3.6008,71
2026-01-23 20:12:00,3.5963,3.6033,3.5963,3.6013,3.6013,3.6083,3.6013,3.6063,57
2026-01-23 20:13:00,3.6003,3.6013,3.5783,3.5798,3.6053,3.6063,3.5833,3.5848,89
2026-01-23 20:14:00,3.5793,3.5853,3.5763,3.5823,3.5843,3.5903,3.5813,3.5873,83
2026-01-23 20:15:00,3.5833,3.5878,3.5783,3.5843,3.5883,3.5928,3.5833,3.5893,73
2026-01-23 20:16:00,3.5838,3.6038,3.5838,3.6013,3.5888,3.6088,3.5888,3.6063,93
2026-01-23 20:17:00,3.6018,3.6033,3.5953,3.5953,3.6068,3.6083,3.6003,3.6003,53
2026-01-23 20:18:00,3.5958,3.6013,3.5953,3.6003,3.6008,3.6063,3.6003,3.6053,35
2026-01-23 20:19:00,3.6013,3.6053,3.6003,3.6048,3.6063,3.6103,3.6053,3.6098,42
2026-01-23 20:20:00,3.6053,3.6143,3.6053,3.6103,3.6103,3.6193,3.6103,3.6153,75
2026-01-23 20:21:00,3.6093,3.6103,3.6043,3.6088,3.6143,3.6153,3.6093,3.6138,44
2026-01-23 20:22:00,3.6093,3.6103,3.6013,3.6033,3.6143,3.6153,3.6063,3.6083,53
2026-01-23 20:23:00,3.6028,3.6053,3.6003,3.6028,3.6078,3.6103,3.6053,3.6078,44
2026-01-23 20:24:00,3.6033,3.6033,3.5923,3.5948,3.6083,3.6083,3.5973,3.5998,62
2026-01-23 20:25:00,3.5943,3.5968,3.5843,3.5958,3.5993,3.6018,3.5893,3.6008,115
2026-01-23 20:26:00,3.5953,3.6023,3.5903,3.6023,3.6003,3.6073,3.5953,3.6073,72
2026-01-23 20:27:00,3.6028,3.6093,3.5983,3.6023,3.6078,3.6143,3.6033,3.6073,113
2026-01-23 20:28:00,3.6033,3.6118,3.5993,3.6003,3.6083,3.6168,3.6043,3.6053,198
2026-01-23 20:29:00,3.6008,3.6053,3.5953,3.5973,3.6058,3.6103,3.6003,3.6023,118
2026-01-23 20:30:00,3.5978,3.6013,3.5923,3.5988,3.6028,3.6063,3.5973,3.6038,99
2026-01-23 20:31:00,3.5993,3.6013,3.5923,3.5933,3.6043,3.6063,3.5973,3.5983,56
2026-01-23 20:32:00,3.5928,3.5933,3.5903,3.5918,3.5978,3.5983,3.5953,3.5968,55
2026-01-23 20:33:00,3.5923,3.5963,3.5913,3.5943,3.5973,3.6013,3.5963,3.5993,51
2026-01-23 20:34:00,3.5933,3.5933,3.5923,3.5923,3.5983,3.5983,3.5973,3.5973,5
2026-01-23 20:35:00,3.5928,3.5928,3.5893,3.5903,3.5978,3.5978,3.5943,3.5953,22
2026-01-23 20:36:00,3.5908,3.5923,3.5883,3.5893,3.5958,3.5973,3.5933,3.5943,34
2026-01-23 20:37:00,3.5888,3.5923,3.5873,3.5923,3.5938,3.5973,3.5923,3.5973,15
2026-01-23 20:38:00,3.5928,3.5953,3.5913,3.5938,3.5978,3.6003,3.5963,3.5988,38
2026-01-23 20:39:00,3.5933,3.5943,3.5913,3.5918,3.5983,3.5993,3.5963,3.5968,37
2026-01-23 20:40:00,3.5913,3.5933,3.5893,3.5913,3.5963,3.5983,3.5943,3.5963,48
2026-01-23 20:41:00,3.5923,3.5943,3.5913,3.5928,3.5973,3.5993,3.5963,3.5978,35
2026-01-23 20:42:00,3.5933,3.6033,3.5913,3.6033,3.5983,3.6083,3.5963,3.6083,54
2026-01-23 20:43:00,3.6038,3.6043,3.5933,3.5968,3.6088,3.6093,3.5983,3.6018,48
2026-01-23 20:44:00,3.5973,3.5978,3.5923,3.5933,3.6023,3.6028,3.5973,3.5983,12
2026-01-23 20:45:00,3.5943,3.5943,3.5848,3.5853,3.5993,3.5993,3.5898,3.5903,48
2026-01-23 20:46:00,3.5858,3.5908,3.5848,3.5893,3.5908,3.5958,3.5898,3.5943,23
2026-01-23 20:47:00,3.5898,3.5908,3.5863,3.5908,3.5948,3.5958,3.5913,3.5958,14
2026-01-23 20:48:00,3.5898,3.5898,3.5828,3.5868,3.5948,3.5948,3.5878,3.5918,29
2026-01-23 20:49:00,3.5863,3.5873,3.5773,3.5803,3.5913,3.5923,3.5823,3.5853,34
2026-01-23 20:50:00,3.5798,3.5843,3.5753,3.5813,3.5848,3.5893,3.5803,3.5863,45
2026-01-23 20:51:00,3.5803,3.5803,3.5728,3.5738,3.5853,3.5853,3.5778,3.5788,31
2026-01-23 20:52:00,3.5743,3.5773,3.5733,3.5763,3.5793,3.5823,3.5783,3.5813,31
2026-01-23 20:53:00,3.5773,3.5778,3.5723,3.5728,3.5823,3.5828,3.5773,3.5778,35
2026-01-23 20:54:00,3.5733,3.5763,3.5713,3.5758,3.5783,3.5813,3.5763,3.5808,30
2026-01-23 20:55:00,3.5753,3.5773,3.5728,3.5738,3.5803,3.5823,3.5778,3.5788,23
2026-01-23 20:56:00,3.5733,3.5743,3.5693,3.5713,3.5783,3.5793,3.5743,3.5763,33
2026-01-23 20:57:00,3.5723,3.5723,3.5673,3.5693,3.5773,3.5773,3.5723,3.5743,49
2026-01-23 20:58:00,3.5698,3.5713,3.5693,3.5703,3.5748,3.5763,3.5743,3.5753,17
2026-01-23 20:59:00,3.5693,3.5793,3.5693,3.5773,3.5743,3.5843,3.5743,3.5823,39
2026-01-23 21:00:00,3.5778,3.5928,3.5778,3.5923,3.5828,3.5978,3.5828,3.5973,61
2026-01-23 21:01:00,3.5928,3.5953,3.5923,3.5928,3.5978,3.6003,3.5973,3.5978,25
2026-01-23 21:02:00,3.5923,3.5923,3.5883,3.5913,3.5973,3.5973,3.5933,3.5963,28
2026-01-23 21:03:00,3.5923,3.5923,3.5898,3.5898,3.5973,3.5973,3.5948,3.5948,12
2026-01-23 21:04:00,3.5893,3.5963,3.5893,3.5953,3.5943,3.6013,3.5943,3.6003,30
2026-01-23 21:05:00,3.5943,3.5968,3.5943,3.5943,3.5993,3.6018,3.5993,3.5993,42
2026-01-23 21:06:00,3.5938,3.5973,3.5933,3.5968,3.5988,3.6023,3.5983,3.6018,53
2026-01-23 21:07:00,3.5973,3.5973,3.5938,3.5963,3.6023,3.6023,3.5988,3.6013,25
2026-01-23 21:08:00,3.5968,3.5968,3.5943,3.5943,3.6018,3.6018,3.5993,3.5993,10
2026-01-23 21:09:00,3.5948,3.6028,3.5943,3.6013,3.5998,3.6078,3.5993,3.6063,36
2026-01-23 21:10:00,3.6018,3.6043,3.6013,3.6043,3.6068,3.6093,3.6063,3.6093,29
2026-01-23 21:11:00,3.6053,3.6078,3.6033,3.6058,3.6103,3.6128,3.6083,3.6108,50
2026-01-23 21:12:00,3.6053,3.6083,3.6043,3.6068,3.6103,3.6133,3.6093,3.6118,53
2026-01-23 21:13:00,3.6073,3.6093,3.6063,3.6073,3.6123,3.6143,3.6113,3.6123,27
2026-01-23 21:14:00,3.6083,3.6093,3.6063,3.6083,3.6133,3.6143,3.6113,3.6133,23
2026-01-23 21:15:00,3.6093,3.6093,3.6063,3.6063,3.6143,3.6143,3.6113,3.6113,25
2026-01-23 21:16:00,3.6073,3.6073,3.6063,3.6063,3.6123,3.6123,3.6113,3.6113,3
2026-01-23 21:17:00,3.6073,3.6083,3.6053,3.6053,3.6123,3.6133,3.6103,3.6103,14
2026-01-23 21:18:00,3.6048,3.6083,3.6043,3.6063,3.6098,3.6133,3.6093,3.6113,22
2026-01-23 21:19:00,3.6073,3.6078,3.6063,3.6063,3.6123,3.6128,3.6113,3.6113,20
2026-01-23 21:20:00,3.6068,3.6088,3.6063,3.6068,3.6118,3.6138,3.6113,3.6118,19
2026-01-23 21:21:00,3.6063,3.6063,3.5998,3.6053,3.6113,3.6113,3.6048,3.6103,22
2026-01-23 21:22:00,3.6063,3.6088,3.6053,3.6083,3.6113,3.6138,3.6103,3.6133,31
2026-01-23 21:23:00,3.6093,3.6093,3.6063,3.6068,3.6143,3.6143,3.6113,3.6118,31
2026-01-23 21:24:00,3.6063,3.6073,3.6063,3.6068,3.6113,3.6123,3.6113,3.6118,7
2026-01-23 21:25:00,3.6063,3.6073,3.6043,3.6048,3.6113,3.6123,3.6093,3.6098,14
2026-01-23 21:26:00,3.6043,3.6048,3.5993,3.6008,3.6093,3.6098,3.6043,3.6058,33
2026-01-23 21:27:00,3.6018,3.6048,3.6013,3.6043,3.6068,3.6098,3.6063,3.6093,19
2026-01-23 21:28:00,3.6048,3.6053,3.6013,3.6053,3.6098,3.6103,3.6063,3.6103,46
2026-01-23 21:29:00,3.6063,3.6063,3.6043,3.6053,3.6113,3.6113,3.6093,3.6103,15
2026-01-23 21:30:00,3.6058,3.6063,3.6043,3.6063,3.6108,3.6113,3.6093,3.6113,28
2026-01-23 21:31:00,3.6068,3.6078,3.6063,3.6063,3.6118,3.6128,3.6113,3.6113,14
2026-01-23 21:32:00,3.6068,3.6083,3.6053,3.6053,3.6118,3.6133,3.6103,3.6103,18
2026-01-23 21:33:00,3.6058,3.6093,3.6048,3.6083,3.6108,3.6143,3.6098,3.6133,22
2026-01-23 21:34:00,3.6073,3.6093,3.6063,3.6083,3.6123,3.6143,3.6113,3.6133,22
2026-01-23 21:35:00,3.6078,3.6108,3.6078,3.6103,3.6128,3.6158,3.6128,3.6153,16
2026-01-23 21:36:00,3.6108,3.6123,3.6083,3.6103,3.6158,3.6173,3.6133,3.6153,48
2026-01-23 21:37:00,3.6098,3.6113,3.6078,3.6088,3.6148,3.6163,3.6128,3.6138,31
2026-01-23 21:38:00,3.6093,3.6093,3.6083,3.6083,3.6143,3.6143,3.6133,3.6133,5
2026-01-23 21:39:00,3.6093,3.6103,3.6083,3.6093,3.6143,3.6153,3.6133,3.6143,16
2026-01-23 21:40:00,3.6083,3.6103,3.6083,3.6093,3.6133,3.6153,3.6133,3.6143,24
2026-01-23 21:41:00,3.6088,3.6108,3.6083,3.6083,3.6138,3.6158,3.6133,3.6133,15
2026-01-23 21:42:00,3.6088,3.6093,3.6068,3.6073,3.6138,3.6143,3.6118,3.6123,27
2026-01-23 21:43:00,3.6078,3.6093,3.6078,3.6078,3.6128,3.6143,3.6128,3.6128,37
2026-01-23 21:44:00,3.6073,3.6093,3.6073,3.6073,3.6123,3.6143,3.6123,3.6123,14
2026-01-23 21:45:00,3.6083,3.6083,3.6053,3.6063,3.6133,3.6133,3.6103,3.6113,19
2026-01-23 21:46:00,3.6068,3.6088,3.6063,3.6088,3.6118,3.6138,3.6113,3.6138,23
2026-01-23 21:47:00,3.6083,3.6133,3.6083,3.6103,3.6133,3.6183,3.6133,3.6153,57
2026-01-23 21:48:00,3.6108,3.6113,3.6083,3.6083,3.6158,3.6163,3.6133,3.6133,43
2026-01-23 21:49:00,3.6088,3.6113,3.6078,3.6098,3.6138,3.6163,3.6128,3.6148,36
2026-01-23 21:50:00,3.6098,3.6103,3.6053,3.6078,3.6148,3.6153,3.6103,3.6128,26
2026-01-23 21:51:00,3.6063,3.6073,3.6043,3.6048,3.6113,3.6123,3.6093,3.6098,10
2026-01-23 21:52:00,3.6043,3.6053,3.6013,3.6018,3.6093,3.6103,3.6063,3.6068,21
2026-01-23 21:53:00,3.6013,3.6068,3.5993,3.6028,3.6063,3.6118,3.6043,3.6078,35
2026-01-23 21:54:00,3.6033,3.6033,3.6003,3.6003,3.6083,3.6083,3.6053,3.6053,29
2026-01-23 21:55:00,3.6008,3.6053,3.6003,3.6023,3.6058,3.6103,3.6053,3.6073,41
2026-01-23 21:56:00,3.6018,3.6023,3.5993,3.5998,3.6068,3.6073,3.6043,3.6048,19
2026-01-23 21:57:00,3.6003,3.6003,3.5953,3.5973,3.6053,3.6053,3.6003,3.6023,52
2026-01-23 21:58:00,3.5993,3.6013,3.5973,3.5993,3.6043,3.6063,3.6023,3.6043,48
2026-01-23 21:59:00,3.5983,3.6033,3.5983,3.5993,3.6033,3.6083,3.6033,3.6043,33
2026-01-23 22:00:00,3.5988,3.5993,3.5968,3.5978,3.6038,3.6043,3.6018,3.6028,22
2026-01-23 22:01:00,3.5973,3.6023,3.5973,3.6008,3.6023,3.6073,3.6023,3.6058,13
2026-01-23 22:02:00,3.6003,3.6023,3.6003,3.6003,3.6053,3.6073,3.6053,3.6053,17
2026-01-23 22:03:00,3.6008,3.6023,3.5973,3.5983,3.6058,3.6073,3.6023,3.6033,44
2026-01-23 22:04:00,3.5973,3.5983,3.5963,3.5978,3.6023,3.6033,3.6013,3.6028,28
2026-01-23 22:05:00,3.5983,3.6003,3.5968,3.5998,3.6033,3.6053,3.6018,3.6048,20
2026-01-23 22:06:00,3.6003,3.6023,3.5993,3.6008,3.6053,3.6073,3.6043,3.6058,27
2026-01-23 22:07:00,3.6003,3.6003,3.5988,3.5993,3.6053,3.6053,3.6038,3.6043,8
2026-01-23 22:08:00,3.5988,3.6013,3.5973,3.5993,3.6038,3.6063,3.6023,3.6043,24
2026-01-23 22:09:00,3.5983,3.6023,3.5983,3.6013,3.6033,3.6073,3.6033,3.6063,28
2026-01-23 22:10:00,3.6003,3.6033,3.5973,3.6023,3.6053,3.6083,3.6023,3.6073,16
2026-01-23 22:11:00,3.6018,3.6028,3.6003,3.6023,3.6068,3.6078,3.6053,3.6073,9
2026-01-23 22:12:00,3.6028,3.6043,3.6013,3.6038,3.6078,3.6093,3.6063,3.6088,12
2026-01-23 22:13:00,3.6033,3.6083,3.6028,3.6073,3.6083,3.6133,3.6078,3.6123,27
2026-01-23 22:14:00,3.6078,3.6103,3.6028,3.6048,3.6128,3.6153,3.6078,3.6098,21
2026-01-23 22:15:00,3.6058,3.6083,3.6048,3.6063,3.6108,3.6133,3.6098,3.6113,12
2026-01-23 22:16:00,3.6058,3.6058,3.6043,3.6058,3.6108,3.6108,3.6093,3.6108,11
2026-01-23 22:17:00,3.6063,3.6083,3.6013,3.6063,3.6113,3.6133,3.6063,3.6113,23
2026-01-23 22:18:00,3.6073,3.6113,3.6043,3.6098,3.6123,3.6163,3.6093,3.6148,28
2026-01-23 22:19:00,3.6088,3.6098,3.6078,3.6098,3.6138,3.6148,3.6128,3.6148,20
2026-01-23 22:20:00,3.6093,3.6123,3.6093,3.6113,3.6143,3.6173,3.6143,3.6163,14
2026-01-23 22:21:00,3.6108,3.6153,3.6108,3.6148,3.6158,3.6203,3.6158,3.6198,33
2026-01-23 22:22:00,3.6143,3.6173,3.6143,3.6153,3.6193,3.6223,3.6193,3.6203,37
2026-01-23 22:23:00,3.6163,3.6183,3.6158,3.6163,3.6213,3.6233,3.6208,3.6213,39
2026-01-23 22:24:00,3.6158,3.6248,3.6158,3.6243,3.6208,3.6298,3.6208,3.6293,26
2026-01-23 22:25:00,3.6233,3.6298,3.6233,3.6288,3.6283,3.6348,3.6283,3.6338,23
2026-01-23 22:26:00,3.6293,3.6313,3.6288,3.6303,3.6343,3.6363,3.6338,3.6353,19
2026-01-23 22:27:00,3.6308,3.6373,3.6293,3.6353,3.6358,3.6423,3.6343,3.6403,52
2026-01-23 22:28:00,3.6348,3.6368,3.6253,3.6368,3.6398,3.6418,3.6303,3.6418,42
2026-01-23 22:29:00,3.6373,3.6393,3.6333,3.6393,3.6423,3.6443,3.6383,3.6443,27
2026-01-23 22:30:00,3.6403,3.6428,3.6393,3.6398,3.6453,3.6478,3.6443,3.6448,20
2026-01-23 22:31:00,3.6393,3.6403,3.6393,3.6398,3.6443,3.6453,3.6443,3.6448,11
2026-01-23 22:32:00,3.6403,3.6403,3.6368,3.6368,3.6453,3.6453,3.6418,3.6418,8
2026-01-23 22:33:00,3.6358,3.6423,3.6338,3.6348,3.6408,3.6473,3.6388,3.6398,32
2026-01-23 22:34:00,3.6353,3.6358,3.6348,3.6353,3.6403,3.6408,3.6398,3.6403,8
2026-01-23 22:35:00,3.6343,3.6373,3.6343,3.6348,3.6393,3.6423,3.6393,3.6398,15
2026-01-23 22:36:00,3.6358,3.6373,3.6353,3.6358,3.6408,3.6423,3.6403,3.6408,11
2026-01-23 22:37:00,3.6373,3.6423,3.6373,3.6418,3.6423,3.6473,3.6423,3.6468,23
2026-01-23 22:38:00,3.6423,3.6443,3.6413,3.6413,3.6473,3.6493,3.6463,3.6463,15
2026-01-23 22:39:00,3.6408,3.6428,3.6403,3.6428,3.6458,3.6478,3.6453,3.6478,7
2026-01-23 22:40:00,3.6418,3.6433,3.6403,3.6428,3.6468,3.6483,3.6453,3.6478,12
2026-01-23 22:41:00,3.6423,3.6428,3.6413,3.6418,3.6473,3.6478,3.6463,3.6468,17
2026-01-23 22:42:00,3.6413,3.6423,3.6413,3.6423,3.6463,3.6473,3.6463,3.6473,6
2026-01-23 22:43:00,3.6413,3.6433,3.6393,3.6398,3.6463,3.6483,3.6443,3.6448,29
2026-01-23 22:44:00,3.6403,3.6408,3.6388,3.6403,3.6453,3.6458,3.6438,3.6453,10
2026-01-23 22:45:00,3.6398,3.6413,3.6398,3.6403,3.6448,3.6463,3.6448,3.6453,16
2026-01-23 22:46:00,3.6398,3.6403,3.6383,3.6388,3.6448,3.6453,3.6433,3.6438,8
2026-01-23 22:47:00,3.6383,3.6393,3.6348,3.6348,3.6433,3.6443,3.6398,3.6398,11
2026-01-23 22:48:00,3.6343,3.6368,3.6318,3.6368,3.6393,3.6418,3.6368,3.6418,51
2026-01-23 22:49:00,3.6363,3.6363,3.6323,3.6333,3.6413,3.6413,3.6373,3.6383,32
2026-01-23 22:50:00,3.6343,3.6403,3.6333,3.6403,3.6393,3.6453,3.6383,3.6453,19
2026-01-23 22:51:00,3.6408,3.6408,3.6338,3.6368,3.6458,3.6458,3.6388,3.6418,28
2026-01-23 22:52:00,3.6363,3.6383,3.6348,3.6368,3.6413,3.6433,3.6398,3.6418,17
2026-01-23 22:53:00,3.6373,3.6398,3.6373,3.6393,3.6423,3.6448,3.6423,3.6443,17
2026-01-23 22:54:00,3.6388,3.6403,3.6383,3.6388,3.6438,3.6453,3.6433,3.6438,26
2026-01-23 22:55:00,3.6393,3.6393,3.6383,3.6383,3.6443,3.6443,3.6433,3.6433,4
2026-01-23 22:56:00,3.6378,3.6378,3.6343,3.6368,3.6428,3.6428,3.6393,3.6418,32
2026-01-23 22:57:00,3.6373,3.6373,3.6358,3.6363,3.6423,3.6423,3.6408,3.6413,4
2026-01-23 22:58:00,3.6358,3.6373,3.6348,3.6353,3.6408,3.6423,3.6398,3.6403,29
2026-01-23 22:59:00,3.6373,3.6393,3.6318,3.6323,3.6423,3.6443,3.6368,3.6373,44
2026-01-26 00:02:00,3.9426,3.9496,3.9356,3.9431,3.9476,3.9546,3.9406,3.9481,45
2026-01-26 00:03:00,3.9426,3.9491,3.9126,3.9246,3.9476,3.9541,3.9176,3.9296,87
2026-01-26 00:04:00,3.9241,3.9291,3.9066,3.9241,3.9291,3.9341,3.9116,3.9291,82
2026-01-26 00:05:00,3.9196,3.9406,3.9096,3.9266,3.9246,3.9456,3.9146,3.9316,112
2026-01-26 00:06:00,3.9186,3.9291,3.9026,3.9086,3.9236,3.9341,3.9076,3.9136,89
2026-01-26 00:07:00,3.9081,3.9281,3.9051,3.9271,3.9131,3.9331,3.9101,3.9321,74
2026-01-26 00:08:00,3.9266,3.9401,3.9211,3.9391,3.9316,3.9451,3.9261,3.9441,56
2026-01-26 00:09:00,3.9386,3.9416,3.9091,3.9266,3.9436,3.9466,3.9141,3.9316,68
2026-01-26 00:10:00,3.9276,3.9316,3.9156,3.9246,3.9326,3.9366,3.9206,3.9296,38
2026-01-26 00:11:00,3.9276,3.9276,3.8966,3.8971,3.9326,3.9326,3.9016,3.9021,49
2026-01-26 00:12:00,3.8961,3.8961,3.8556,3.8641,3.9011,3.9011,3.8606,3.8691,77
2026-01-26 00:13:00,3.8606,3.8681,3.8461,3.8521,3.8656,3.8731,3.8511,3.8571,60
2026-01-26 00:14:00,3.8531,3.8631,3.8091,3.8116,3.8581,3.8681,3.8141,3.8166,82
2026-01-26 00:15:00,3.8141,3.8141,3.7926,3.8041,3.8191,3.8191,3.7976,3.8091,90
2026-01-26 00:16:00,3.8026,3.8161,3.7951,3.8161,3.8076,3.8211,3.8001,3.8211,47
2026-01-26 00:17:00,3.8156,3.8241,3.8101,3.8236,3.8206,3.8291,3.8151,3.8286,37
2026-01-26 00:18:00,3.8251,3.8426,3.8246,3.8391,3.8301,3.8476,3.8296,3.8441,34
2026-01-26 00:19:00,3.8381,3.8706,3.8381,3.8696,3.8431,3.8756,3.8431,3.8746,61
2026-01-26 00:20:00,3.8736,3.8801,3.8641,3.8741,3.8786,3.8851,3.8691,3.8791,46
2026-01-26 00:21:00,3.8746,3.8751,3.8611,3.8611,3.8796,3.8801,3.8661,3.8661,28
2026-01-26 00:22:00,3.8591,3.8681,3.8476,3.8661,3.8641,3.8731,3.8526,3.8711,56
2026-01-26 00:23:00,3.8636,3.8636,3.8246,3.8281,3.8686,3.8686,3.8296,3.8331,37
2026-01-26 00:24:00,3.8316,3.8331,3.8086,3.8216,3.8366,3.8381,3.8136,3.8266,55
2026-01-26 00:25:00,3.8206,3.8281,3.8081,3.8096,3.8256,3.8331,3.8131,3.8146,33
2026-01-26 00:26:00,3.8101,3.8116,3.8076,3.8106,3.8151,3.8166,3.8126,3.8156,27
2026-01-26 00:27:00,3.8096,3.8226,3.8086,3.8141,3.8146,3.8276,3.8136,3.8191,51
2026-01-26 00:28:00,3.8136,3.8246,3.8136,3.8216,3.8186,3.8296,3.8186,3.8266,22
2026-01-26 00:29:00,3.8221,3.8221,3.7966,3.7966,3.8271,3.8271,3.8016,3.8016,23
2026-01-26 00:30:00,3.7971,3.8131,3.7956,3.8131,3.8021,3.8181,3.8006,3.8181,38
2026-01-26 00:31:00,3.8096,3.8096,3.8016,3.8041,3.8146,3.8146,3.8066,3.8091,17
2026-01-26 00:32:00,3.8026,3.8221,3.8026,3.8216,3.8076,3.8271,3.8076,3.8266,29
2026-01-26 00:33:00,3.8211,3.8271,3.8086,3.8086,3.8261,3.8321,3.8136,3.8136,35
2026-01-26 00:34:00,3.8081,3.8081,3.8016,3.8031,3.8131,3.8131,3.8066,3.8081,21
2026-01-26 00:35:00,3.8026,3.8076,3.8026,3.8066,3.8076,3.8126,3.8076,3.8116,17
2026-01-26 00:36:00,3.8061,3.8176,3.8056,3.8166,3.8111,3.8226,3.8106,3.8216,25
2026-01-26 00:37:00,3.8171,3.8216,3.8156,3.8211,3.8221,3.8266,3.8206,3.8261,20
2026-01-26 00:38:00,3.8206,3.8206,3.8111,3.8141,3.8256,3.8256,3.8161,3.8191,12
2026-01-26 00:39:00,3.8156,3.8201,3.8136,3.8141,3.8206,3.8251,3.8186,3.8191,15
2026-01-26 00:40:00,3.8151,3.8166,3.8126,3.8156,3.8201,3.8216,3.8176,3.8206,10
2026-01-26 00:41:00,3.8151,3.8346,3.8151,3.8286,3.8201,3.8396,3.8201,3.8336,33
2026-01-26 00:42:00,3.8291,3.8426,3.8281,3.8416,3.8341,3.8476,3.8331,3.8466,33
2026-01-26 00:43:00,3.8406,3.8561,3.8386,3.8531,3.8456,3.8611,3.8436,3.8581,44
2026-01-26 00:44:00,3.8541,3.8561,3.8436,3.8521,3.8591,3.8611,3.8486,3.8571,29
2026-01-26 00:45:00,3.8511,3.8511,3.8391,3.8476,3.8561,3.8561,3.8441,3.8526,38
2026-01-26 00:46:00,3.8481,3.8526,3.8416,3.8511,3.8531,3.8576,3.8466,3.8561,28
2026-01-26 00:47:00,3.8506,3.8571,3.8486,3.8486,3.8556,3.8621,3.8536,3.8536,22
2026-01-26 00:48:00,3.8456,3.8461,3.8351,3.8461,3.8506,3.8511,3.8401,3.8511,29
2026-01-26 00:49:00,3.8456,3.8456,3.8371,3.8421,3.8506,3.8506,3.8421,3.8471,26
2026-01-26 00:50:00,3.8416,3.8461,3.8406,3.8456,3.8466,3.8511,3.8456,3.8506,14
2026-01-26 00:51:00,3.8441,3.8491,3.8426,3.8486,3.8491,3.8541,3.8476,3.8536,24
2026-01-26 00:52:00,3.8491,3.8601,3.8441,3.8541,3.8541,3.8651,3.8491,3.8591,23
2026-01-26 00:53:00,3.8531,3.8611,3.8436,3.8566,3.8581,3.8661,3.8486,3.8616,54
2026-01-26 00:54:00,3.8556,3.8721,3.8556,3.8711,3.8606,3.8771,3.8606,3.8761,29
2026-01-26 00:55:00,3.8726,3.8826,3.8726,3.8816,3.8776,3.8876,3.8776,3.8866,35
2026-01-26 00:56:00,3.8796,3.8811,3.8661,3.8726,3.8846,3.8861,3.8711,3.8776,23
2026-01-26 00:57:00,3.8736,3.8796,3.8681,3.8796,3.8786,3.8846,3.8731,3.8846,27
2026-01-26 00:58:00,3.8801,3.8801,3.8686,3.8686,3.8851,3.8851,3.8736,3.8736,13
2026-01-26 00:59:00,3.8676,3.8931,3.8661,3.8886,3.8726,3.8981,3.8711,3.8936,30
2026-01-26 01:00:00,3.8876,3.8876,3.8796,3.8796,3.8926,3.8926,3.8846,3.8846,19
2026-01-26 01:01:00,3.8776,3.8841,3.8736,3.8826,3.8826,3.8891,3.8786,3.8876,15
2026-01-26 01:02:00,3.8846,3.8936,3.8776,3.8786,3.8896,3.8986,3.8826,3.8836,47
2026-01-26 01:03:00,3.8781,3.8846,3.8776,3.8816,3.8831,3.8896,3.8826,3.8866,45
2026-01-26 01:04:00,3.8811,3.8816,3.8701,3.8801,3.8861,3.8866,3.8751,3.8851,43
2026-01-26 01:05:00,3.8796,3.8806,3.8721,3.8766,3.8846,3.8856,3.8771,3.8816,44
2026-01-26 01:06:00,3.8741,3.8741,3.8576,3.8641,3.8791,3.8791,3.8626,3.8691,44
2026-01-26 01:07:00,3.8646,3.8711,3.8626,3.8701,3.8696,3.8761,3.8676,3.8751,24
2026-01-26 01:08:00,3.8696,3.8701,3.8666,3.8681,3.8746,3.8751,3.8716,3.8731,15
2026-01-26 01:09:00,3.8676,3.8701,3.8601,3.8636,3.8726,3.8751,3.8651,3.8686,25
2026-01-26 01:10:00,3.8626,3.8636,3.8306,3.8391,3.8676,3.8686,3.8356,3.8441,52
2026-01-26 01:11:00,3.8396,3.8431,3.8396,3.8411,3.8446,3.8481,3.8446,3.8461,10
2026-01-26 01:12:00,3.8406,3.8416,3.8341,3.8341,3.8456,3.8466,3.8391,3.8391,19
2026-01-26 01:13:00,3.8346,3.8391,3.8326,3.8381,3.8396,3.8441,3.8376,3.8431,25
2026-01-26 01:14:00,3.8366,3.8426,3.8336,3.8361,3.8416,3.8476,3.8386,3.8411,23
2026-01-26 01:15:00,3.8366,3.8511,3.8366,3.8486,3.8416,3.8561,3.8416,3.8536,48
2026-01-26 01:16:00,3.8491,3.8531,3.8426,3.8451,3.8541,3.8581,3.8476,3.8501,35
2026-01-26 01:17:00,3.8446,3.8486,3.8411,3.8446,3.8496,3.8536,3.8461,3.8496,40
2026-01-26 01:18:00,3.8436,3.8461,3.8416,3.8436,3.8486,3.8511,3.8466,3.8486,15
2026-01-26 01:19:00,3.8431,3.8441,3.8391,3.8391,3.8481,3.8491,3.8441,3.8441,14
2026-01-26 01:20:00,3.8386,3.8401,3.8341,3.8376,3.8436,3.8451,3.8391,3.8426,18
2026-01-26 01:21:00,3.8366,3.8366,3.8276,3.8276,3.8416,3.8416,3.8326,3.8326,24
2026-01-26 01:22:00,3.8286,3.8286,3.8141,3.8156,3.8336,3.8336,3.8191,3.8206,40
2026-01-26 01:23:00,3.8161,3.8196,3.8151,3.8186,3.8211,3.8246,3.8201,3.8236,24
2026-01-26 01:24:00,3.8181,3.8181,3.8106,3.8111,3.8231,3.8231,3.8156,3.8161,35
2026-01-26 01:25:00,3.8106,3.8156,3.8016,3.8026,3.8156,3.8206,3.8066,3.8076,25
2026-01-26 01:26:00,3.8031,3.8091,3.7986,3.8086,3.8081,3.8141,3.8036,3.8136,31
2026-01-26 01:27:00,3.8106,3.8131,3.8081,3.8091,3.8156,3.8181,3.8131,3.8141,34
2026-01-26 01:28:00,3.8071,3.8071,3.8026,3.8036,3.8121,3.8121,3.8076,3.8086,24
2026-01-26 01:29:00,3.8041,3.8076,3.8036,3.8056,3.8091,3.8126,3.8086,3.8106,12
2026-01-26 01:30:00,3.8071,3.8126,3.8066,3.8121,3.8121,3.8176,3.8116,3.8171,28
2026-01-26 01:31:00,3.8116,3.8121,3.8026,3.8061,3.8166,3.8171,3.8076,3.8111,42
2026-01-26 01:32:00,3.8056,3.8131,3.8001,3.8021,3.8106,3.8181,3.8051,3.8071,37
2026-01-26 01:33:00,3.8016,3.8211,3.8016,3.8196,3.8066,3.8261,3.8066,3.8246,32
2026-01-26 01:34:00,3.8201,3.8231,3.8181,3.8226,3.8251,3.8281,3.8231,3.8276,20
2026-01-26 01:35:00,3.8231,3.8236,3.8101,3.8101,3.8281,3.8286,3.8151,3.8151,29
2026-01-26 01:36:00,3.8106,3.8126,3.8041,3.8041,3.8156,3.8176,3.8091,3.8091,33
2026-01-26 01:37:00,3.8051,3.8096,3.8051,3.8096,3.8101,3.8146,3.8101,3.8146,19
2026-01-26 01:38:00,3.8121,3.8121,3.8086,3.8091,3.8171,3.8171,3.8136,3.8141,8
2026-01-26 01:39:00,3.8086,3.8116,3.8086,3.8116,3.8136,3.8166,3.8136,3.8166,6
2026-01-26 01:40:00,3.8121,3.8256,3.8066,3.8236,3.8171,3.8306,3.8116,3.8286,33
2026-01-26 01:41:00,3.8216,3.8281,3.8216,3.8251,3.8266,3.8331,3.8266,3.8301,25
2026-01-26 01:42:00,3.8241,3.8256,3.8211,3.8236,3.8291,3.8306,3.8261,3.8286,14
2026-01-26 01:43:00,3.8246,3.8336,3.8246,3.8316,3.8296,3.8386,3.8296,3.8366,16
2026-01-26 01:44:00,3.8321,3.8346,3.8261,3.8341,3.8371,3.8396,3.8311,3.8391,18
2026-01-26 01:45:00,3.8336,3.8356,3.7961,3.8016,3.8386,3.8406,3.8011,3.8066,51
2026-01-26 01:46:00,3.8021,3.8136,3.8006,3.8086,3.8071,3.8186,3.8056,3.8136,24
2026-01-26 01:47:00,3.8101,3.8146,3.8086,3.8096,3.8151,3.8196,3.8136,3.8146,17
2026-01-26 01:48:00,3.8106,3.8191,3.8091,3.8166,3.8156,3.8241,3.8141,3.8216,13
2026-01-26 01:49:00,3.8171,3.8171,3.8126,3.8126,3.8221,3.8221,3.8176,3.8176,12
2026-01-26 01:50:00,3.8141,3.8161,3.8131,3.8161,3.8191,3.8211,3.8181,3.8211,8
2026-01-26 01:51:00,3.8151,3.8206,3.8151,3.8191,3.8201,3.8256,3.8201,3.8241,10
2026-01-26 01:52:00,3.8186,3.8241,3.8186,3.8236,3.8236,3.8291,3.8236,3.8286,9
2026-01-26 01:53:00,3.8231,3.8251,3.8196,3.8251,3.8281,3.8301,3.8246,3.8301,11
2026-01-26 01:54:00,3.8226,3.8346,3.8226,3.8311,3.8276,3.8396,3.8276,3.8361,21
2026-01-26 01:55:00,3.8316,3.8381,3.8306,3.8346,3.8366,3.8431,3.8356,3.8396,28
2026-01-26 01:56:00,3.8356,3.8446,3.8351,3.8426,3.8406,3.8496,3.8401,3.8476,26
2026-01-26 01:57:00,3.8446,3.8476,3.8391,3.8446,3.8496,3.8526,3.8441,3.8496,29
2026-01-26 01:58:00,3.8451,3.8521,3.8446,3.8491,3.8501,3.8571,3.8496,3.8541,21
2026-01-26 01:59:00,3.8461,3.8481,3.8361,3.8401,3.8511,3.8531,3.8411,3.8451,30
2026-01-26 02:00:00,3.8391,3.8406,3.8331,3.8361,3.8441,3.8456,3.8381,3.8411,42
2026-01-26 02:01:00,3.8356,3.8356,3.8246,3.8291,3.8406,3.8406,3.8296,3.8341,44
2026-01-26 02:02:00,3.8281,3.8296,3.8221,3.8231,3.8331,3.8346,3.8271,3.8281,25
2026-01-26 02:03:00,3.8221,3.8231,3.8171,3.8191,3.8271,3.8281,3.8221,3.8241,31
2026-01-26 02:04:00,3.8186,3.8206,3.8136,3.8181,3.8236,3.8256,3.8186,3.8231,48
2026-01-26 02:05:00,3.8166,3.8196,3.8166,3.8191,3.8216,3.8246,3.8216,3.8241,20
2026-01-26 02:06:00,3.8186,3.8196,3.8091,3.8106,3.8236,3.8246,3.8141,3.8156,44
2026-01-26 02:07:00,3.8101,3.8116,3.8021,3.8021,3.8151,3.8166,3.8071,3.8071,45
2026-01-26 02:08:00,3.8006,3.8031,3.7991,3.8031,3.8056,3.8081,3.8041,3.8081,53
2026-01-26 02:09:00,3.8026,3.8081,3.8026,3.8076,3.8076,3.8131,3.8076,3.8126,18
2026-01-26 02:10:00,3.8081,3.8086,3.8056,3.8071,3.8131,3.8136,3.8106,3.8121,13
2026-01-26 02:11:00,3.8066,3.8076,3.8031,3.8031,3.8116,3.8126,3.8081,3.8081,34
2026-01-26 02:12:00,3.8036,3.8156,3.8026,3.8131,3.8086,3.8206,3.8076,3.8181,43
2026-01-26 02:13:00,3.8136,3.8156,3.8101,3.8136,3.8186,3.8206,3.8151,3.8186,19
2026-01-26 02:14:00,3.8141,3.8146,3.8096,3.8106,3.8191,3.8196,3.8146,3.8156,9
2026-01-26 02:15:00,3.8101,3.8101,3.8056,3.8056,3.8151,3.8151,3.8106,3.8106,8
2026-01-26 02:16:00,3.8061,3.8096,3.8011,3.8076,3.8111,3.8146,3.8061,3.8126,27
2026-01-26 02:17:00,3.8071,3.8071,3.8061,3.8066,3.8121,3.8121,3.8111,3.8116,5
2026-01-26 02:18:00,3.8086,3.8086,3.8026,3.8066,3.8136,3.8136,3.8076,3.8116,34
2026-01-26 02:19:00,3.8071,3.8076,3.8066,3.8071,3.8121,3.8126,3.8116,3.8121,4
2026-01-26 02:20:00,3.8081,3.8186,3.8081,3.8146,3.8131,3.8236,3.8131,3.8196,25
2026-01-26 02:21:00,3.8136,3.8171,3.8136,3.8156,3.8186,3.8221,3.8186,3.8206,12
2026-01-26 02:22:00,3.8136,3.8151,3.8091,3.8101,3.8186,3.8201,3.8141,3.8151,14
2026-01-26 02:23:00,3.8091,3.8106,3.8071,3.8086,3.8141,3.8156,3.8121,3.8136,12
2026-01-26 02:24:00,3.8081,3.8111,3.8076,3.8096,3.8131,3.8161,3.8126,3.8146,6
2026-01-26 02:25:00,3.8086,3.8086,3.8001,3.8021,3.8136,3.8136,3.8051,3.8071,48
2026-01-26 02:26:00,3.8006,3.8021,3.7826,3.7831,3.8056,3.8071,3.7876,3.7881,40
2026-01-26 02:27:00,3.7826,3.7831,3.7756,3.7766,3.7876,3.7881,3.7806,3.7816,32
2026-01-26 02:28:00,3.7771,3.7811,3.7701,3.7726,3.7821,3.7861,3.7751,3.7776,38
2026-01-26 02:29:00,3.7716,3.7776,3.7696,3.7711,3.7766,3.7826,3.7746,3.7761,37
2026-01-26 02:30:00,3.7706,3.7726,3.7706,3.7726,3.7756,3.7776,3.7756,3.7776,4
2026-01-26 02:31:00,3.7731,3.7836,3.7726,3.7776,3.7781,3.7886,3.7776,3.7826,32
2026-01-26 02:32:00,3.7771,3.7771,3.7676,3.7711,3.7821,3.7821,3.7726,3.7761,26
2026-01-26 02:33:00,3.7716,3.7756,3.7706,3.7716,3.7766,3.7806,3.7756,3.7766,18
2026-01-26 02:34:00,3.7706,3.7736,3.7696,3.7701,3.7756,3.7786,3.7746,3.7751,16
2026-01-26 02:35:00,3.7691,3.7696,3.7686,3.7686,3.7741,3.7746,3.7736,3.7736,4
2026-01-26 02:36:00,3.7671,3.7701,3.7671,3.7696,3.7721,3.7751,3.7721,3.7746,6
2026-01-26 02:37:00,3.7701,3.7766,3.7651,3.7666,3.7751,3.7816,3.7701,3.7716,33
2026-01-26 02:38:00,3.7661,3.7686,3.7656,3.7681,3.7711,3.7736,3.7706,3.7731,11
2026-01-26 02:39:00,3.7686,3.7741,3.7686,3.7706,3.7736,3.7791,3.7736,3.7756,16
2026-01-26 02:40:00,3.7711,3.7711,3.7696,3.7711,3.7761,3.7761,3.7746,3.7761,7
2026-01-26 02:41:00,3.7701,3.7716,3.7691,3.7691,3.7751,3.7766,3.7741,3.7741,11
2026-01-26 02:42:00,3.7696,3.7696,3.7666,3.7671,3.7746,3.7746,3.7716,3.7721,9
2026-01-26 02:43:00,3.7681,3.7711,3.7681,3.7711,3.7731,3.7761,3.7731,3.7761,5
2026-01-26 02:44:00,3.7716,3.7716,3.7701,3.7706,3.7766,3.7766,3.7751,3.7756,6
2026-01-26 02:45:00,3.7701,3.7711,3.7686,3.7686,3.7751,3.7761,3.7736,3.7736,5
2026-01-26 02:46:00,3.7701,3.7706,3.7701,3.7701,3.7751,3.7756,3.7751,3.7751,3
2026-01-26 02:47:00,3.7706,3.7711,3.7686,3.7701,3.7756,3.7761,3.7736,3.7751,7
2026-01-26 02:48:00,3.7706,3.7756,3.7691,3.7711,3.7756,3.7806,3.7741,3.7761,19
2026-01-26 02:49:00,3.7716,3.7741,3.7711,3.7741,3.7766,3.7791,3.7761,3.7791,8
2026-01-26 02:50:00,3.7736,3.7756,3.7736,3.7751,3.7786,3.7806,3.7786,3.7801,10
2026-01-26 02:51:00,3.7731,3.7741,3.7731,3.7741,3.7781,3.7791,3.7781,3.7791,5
2026-01-26 02:52:00,3.7746,3.7761,3.7676,3.7676,3.7796,3.7811,3.7726,3.7726,16
2026-01-26 02:53:00,3.7686,3.7696,3.7671,3.7676,3.7736,3.7746,3.7721,3.7726,9
2026-01-26 02:54:00,3.7671,3.7711,3.7666,3.7666,3.7721,3.7761,3.7716,3.7716,17
2026-01-26 02:55:00,3.7671,3.7691,3.7661,3.7691,3.7721,3.7741,3.7711,3.7741,5
2026-01-26 02:56:00,3.7696,3.7696,3.7651,3.7686,3.7746,3.7746,3.7701,3.7736,15
2026-01-26 02:57:00,3.7691,3.7691,3.7651,3.7656,3.7741,3.7741,3.7701,3.7706,10
2026-01-26 02:58:00,3.7661,3.7706,3.7646,3.7651,3.7711,3.7756,3.7696,3.7701,17
2026-01-26 02:59:00,3.7646,3.7666,3.7596,3.7661,3.7696,3.7716,3.7646,3.7711,23
2026-01-26 03:00:00,3.7666,3.7686,3.7666,3.7686,3.7716,3.7736,3.7716,3.7736,7
2026-01-26 03:01:00,3.7691,3.7706,3.7666,3.7691,3.7741,3.7756,3.7716,3.7741,11
2026-01-26 03:02:00,3.7686,3.7686,3.7676,3.7676,3.7736,3.7736,3.7726,3.7726,3
2026-01-26 03:03:00,3.7671,3.7681,3.7641,3.7656,3.7721,3.7731,3.7691,3.7706,16
2026-01-26 03:04:00,3.7646,3.7676,3.7641,3.7671,3.7696,3.7726,3.7691,3.7721,15
2026-01-26 03:05:00,3.7666,3.7711,3.7656,3.7686,3.7716,3.7761,3.7706,3.7736,17
2026-01-26 03:06:00,3.7706,3.7711,3.7641,3.7666,3.7756,3.7761,3.7691,3.7716,17
2026-01-26 03:07:00,3.7671,3.7696,3.7671,3.7691,3.7721,3.7746,3.7721,3.7741,5
2026-01-26 03:08:00,3.7686,3.7706,3.7686,3.7691,3.7736,3.7756,3.7736,3.7741,10
2026-01-26 03:09:00,3.7686,3.7701,3.7686,3.7701,3.7736,3.7751,3.7736,3.7751,10
2026-01-26 03:10:00,3.7706,3.7711,3.7696,3.7711,3.7756,3.7761,3.7746,3.7761,3
2026-01-26 03:11:00,3.7726,3.7756,3.7631,3.7641,3.7776,3.7806,3.7681,3.7691,26
2026-01-26 03:12:00,3.7646,3.7666,3.7641,3.7651,3.7696,3.7716,3.7691,3.7701,13
2026-01-26 03:13:00,3.7646,3.7676,3.7646,3.7676,3.7696,3.7726,3.7696,3.7726,9
2026-01-26 03:14:00,3.7671,3.7726,3.7671,3.7711,3.7721,3.7776,3.7721,3.7761,11
2026-01-26 03:15:00,3.7706,3.7756,3.7706,3.7741,3.7756,3.7806,3.7756,3.7791,10
2026-01-26 03:16:00,3.7726,3.7796,3.7726,3.7786,3.7776,3.7846,3.7776,3.7836,11
2026-01-26 03:17:00,3.7781,3.7806,3.7746,3.7766,3.7831,3.7856,3.7796,3.7816,26
2026-01-26 03:18:00,3.7771,3.7771,3.7746,3.7751,3.7821,3.7821,3.7796,3.7801,7
2026-01-26 03:19:00,3.7756,3.7841,3.7746,3.7836,3.7806,3.7891,3.7796,3.7886,15
2026-01-26 03:20:00,3.7831,3.7841,3.7811,3.7811,3.7881,3.7891,3.7861,3.7861,10
2026-01-26 03:21:00,3.7806,3.7806,3.7806,3.7806,3.7856,3.7856,3.7856,3.7856,1
2026-01-26 03:22:00,3.7801,3.7801,3.7751,3.7766,3.7851,3.7851,3.7801,3.7816,11
2026-01-26 03:23:00,3.7761,3.7761,3.7761,3.7761,3.7811,3.7811,3.7811,3.7811,1
2026-01-26 03:24:00,3.7756,3.7756,3.7731,3.7751,3.7806,3.7806,3.7781,3.7801,7
2026-01-26 03:25:00,3.7746,3.7746,3.7686,3.7686,3.7796,3.7796,3.7736,3.7736,7
2026-01-26 03:26:00,3.7681,3.7696,3.7656,3.7666,3.7731,3.7746,3.7706,3.7716,10
2026-01-26 03:27:00,3.7671,3.7686,3.7606,3.7611,3.7721,3.7736,3.7656,3.7661,22
2026-01-26 03:28:00,3.7606,3.7631,3.7606,3.7621,3.7656,3.7681,3.7656,3.7671,16
2026-01-26 03:29:00,3.7616,3.7711,3.7611,3.7711,3.7666,3.7761,3.7661,3.7761,16
2026-01-26 03:30:00,3.7716,3.7716,3.7681,3.7706,3.7766,3.7766,3.7731,3.7756,10
2026-01-26 03:31:00,3.7701,3.7726,3.7701,3.7701,3.7751,3.7776,3.7751,3.7751,7
2026-01-26 03:32:00,3.7686,3.7696,3.7666,3.7686,3.7736,3.7746,3.7716,3.7736,13
2026-01-26 03:33:00,3.7681,3.7706,3.7671,3.7706,3.7731,3.7756,3.7721,3.7756,7
2026-01-26 03:34:00,3.7696,3.7711,3.7686,3.7686,3.7746,3.7761,3.7736,3.7736,7
2026-01-26 03:35:00,3.7691,3.7691,3.7676,3.7681,3.7741,3.7741,3.7726,3.7731,7
2026-01-26 03:36:00,3.7691,3.7691,3.7641,3.7661,3.7741,3.7741,3.7691,3.7711,14
2026-01-26 03:37:00,3.7666,3.7696,3.7666,3.7691,3.7716,3.7746,3.7716,3.7741,4
2026-01-26 03:38:00,3.7696,3.7731,3.7696,3.7731,3.7746,3.7781,3.7746,3.7781,12
2026-01-26 03:39:00,3.7746,3.7786,3.7746,3.7776,3.7796,3.7836,3.7796,3.7826,15
2026-01-26 03:40:00,3.7781,3.7796,3.7751,3.7751,3.7831,3.7846,3.7801,3.7801,9
2026-01-26 03:41:00,3.7746,3.7746,3.7731,3.7731,3.7796,3.7796,3.7781,3.7781,2
2026-01-26 03:42:00,3.7711,3.7716,3.7671,3.7691,3.7761,3.7766,3.7721,3.7741,17
2026-01-26 03:43:00,3.7696,3.7771,3.7696,3.7771,3.7746,3.7821,3.7746,3.7821,11
2026-01-26 03:44:00,3.7776,3.7776,3.7756,3.7761,3.7826,3.7826,3.7806,3.7811,6
2026-01-26 03:45:00,3.7756,3.7766,3.7756,3.7766,3.7806,3.7816,3.7806,3.7816,2
2026-01-26 03:46:00,3.7761,3.7776,3.7761,3.7766,3.7811,3.7826,3.7811,3.7816,8
2026-01-26 03:47:00,3.7761,3.7761,3.7751,3.7751,3.7811,3.7811,3.7801,3.7801,3
2026-01-26 03:48:00,3.7756,3.7761,3.7751,3.7761,3.7806,3.7811,3.7801,3.7811,4
2026-01-26 03:50:00,3.7756,3.7756,3.7741,3.7741,3.7806,3.7806,3.7791,3.7791,3
2026-01-26 03:51:00,3.7746,3.7756,3.7746,3.7746,3.7796,3.7806,3.7796,3.7796,3
2026-01-26 03:52:00,3.7741,3.7741,3.7741,3.7741,3.7791,3.7791,3.7791,3.7791,1
2026-01-26 03:53:00,3.7761,3.7771,3.7761,3.7766,3.7811,3.7821,3.7811,3.7816,5
2026-01-26 03:54:00,3.7771,3.7811,3.7766,3.7786,3.7821,3.7861,3.7816,3.7836,10
2026-01-26 03:55:00,3.7781,3.7801,3.7776,3.7801,3.7831,3.7851,3.7826,3.7851,5
2026-01-26 03:56:00,3.7796,3.7796,3.7766,3.7781,3.7846,3.7846,3.7816,3.7831,8
2026-01-26 03:57:00,3.7776,3.7776,3.7701,3.7701,3.7826,3.7826,3.7751,3.7751,19
2026-01-26 03:58:00,3.7706,3.7706,3.7696,3.7696,3.7756,3.7756,3.7746,3.7746,2
2026-01-26 03:59:00,3.7706,3.7716,3.7706,3.7711,3.7756,3.7766,3.7756,3.7761,3
2026-01-26 04:00:00,3.7726,3.7751,3.7711,3.7716,3.7776,3.7801,3.7761,3.7766,10
2026-01-26 04:01:00,3.7701,3.7706,3.7691,3.7706,3.7751,3.7756,3.7741,3.7756,7
2026-01-26 04:02:00,3.7701,3.7716,3.7701,3.7716,3.7751,3.7766,3.7751,3.7766,3
2026-01-26 04:03:00,3.7721,3.7726,3.7696,3.7696,3.7771,3.7776,3.7746,3.7746,5
2026-01-26 04:04:00,3.7701,3.7716,3.7701,3.7711,3.7751,3.7766,3.7751,3.7761,5
2026-01-26 04:05:00,3.7716,3.7721,3.7716,3.7721,3.7766,3.7771,3.7766,3.7771,2
2026-01-26 04:06:00,3.7736,3.7791,3.7736,3.7786,3.7786,3.7841,3.7786,3.7836,17
2026-01-26 04:07:00,3.7791,3.7806,3.7776,3.7786,3.7841,3.7856,3.7826,3.7836,8
2026-01-26 04:08:00,3.7781,3.7781,3.7766,3.7776,3.7831,3.7831,3.7816,3.7826,3
2026-01-26 04:09:00,3.7781,3.7786,3.7776,3.7776,3.7831,3.7836,3.7826,3.7826,3
2026-01-26 04:10:00,3.7771,3.7771,3.7706,3.7711,3.7821,3.7821,3.7756,3.7761,13
2026-01-26 04:11:00,3.7706,3.7706,3.7586,3.7606,3.7756,3.7756,3.7636,3.7656,34
2026-01-26 04:12:00,3.7616,3.7646,3.7611,3.7631,3.7666,3.7696,3.7661,3.7681,9
2026-01-26 04:13:00,3.7636,3.7646,3.7606,3.7621,3.7686,3.7696,3.7656,3.7671,11
2026-01-26 04:14:00,3.7616,3.7656,3.7601,3.7656,3.7666,3.7706,3.7651,3.7706,17
2026-01-26 04:15:00,3.7676,3.7711,3.7661,3.7686,3.7726,3.7761,3.7711,3.7736,17
2026-01-26 04:16:00,3.7696,3.7706,3.7681,3.7691,3.7746,3.7756,3.7731,3.7741,9
2026-01-26 04:17:00,3.7696,3.7696,3.7696,3.7696,3.7746,3.7746,3.7746,3.7746,1
2026-01-26 04:18:00,3.7691,3.7726,3.7686,3.7691,3.7741,3.7776,3.7736,3.7741,8
2026-01-26 04:19:00,3.7686,3.7711,3.7686,3.7706,3.7736,3.7761,3.7736,3.7756,7
2026-01-26 04:20:00,3.7691,3.7706,3.7671,3.7671,3.7741,3.7756,3.7721,3.7721,7
2026-01-26 04:21:00,3.7666,3.7666,3.7656,3.7656,3.7716,3.7716,3.7706,3.7706,2
2026-01-26 04:22:00,3.7651,3.7676,3.7646,3.7666,3.7701,3.7726,3.7696,3.7716,7
2026-01-26 04:23:00,3.7671,3.7696,3.7636,3.7636,3.7721,3.7746,3.7686,3.7686,12
2026-01-26 04:24:00,3.7641,3.7661,3.7641,3.7661,3.7691,3.7711,3.7691,3.7711,6
2026-01-26 04:25:00,3.7656,3.7686,3.7656,3.7681,3.7706,3.7736,3.7706,3.7731,6
2026-01-26 04:26:00,3.7676,3.7676,3.7676,3.7676,3.7726,3.7726,3.7726,3.7726,1
2026-01-26 04:27:00,3.7661,3.7661,3.7661,3.7661,3.7711,3.7711,3.7711,3.7711,1
2026-01-26 04:28:00,3.7666,3.7681,3.7606,3.7641,3.7716,3.7731,3.7656,3.7691,23
2026-01-26 04:29:00,3.7656,3.7676,3.7636,3.7666,3.7706,3.7726,3.7686,3.7716,17
2026-01-26 04:30:00,3.7676,3.7701,3.7671,3.7676,3.7726,3.7751,3.7721,3.7726,18
2026-01-26 04:31:00,3.7686,3.7726,3.7686,3.7711,3.7736,3.7776,3.7736,3.7761,23
2026-01-26 04:32:00,3.7726,3.7741,3.7711,3.7736,3.7776,3.7791,3.7761,3.7786,29
2026-01-26 04:33:00,3.7731,3.7786,3.7726,3.7751,3.7781,3.7836,3.7776,3.7801,26
2026-01-26 04:34:00,3.7746,3.7766,3.7706,3.7716,3.7796,3.7816,3.7756,3.7766,43
2026-01-26 04:35:00,3.7711,3.7736,3.7691,3.7711,3.7761,3.7786,3.7741,3.7761,25
2026-01-26 04:36:00,3.7716,3.7736,3.7696,3.7711,3.7766,3.7786,3.7746,3.7761,20
2026-01-26 04:37:00,3.7706,3.7731,3.7626,3.7651,3.7756,3.7781,3.7676,3.7701,31
2026-01-26 04:38:00,3.7626,3.7666,3.7616,3.7661,3.7676,3.7716,3.7666,3.7711,36
2026-01-26 04:39:00,3.7646,3.7656,3.7636,3.7641,3.7696,3.7706,3.7686,3.7691,11
2026-01-26 04:40:00,3.7646,3.7646,3.7616,3.7626,3.7696,3.7696,3.7666,3.7676,17
2026-01-26 04:41:00,3.7616,3.7636,3.7596,3.7626,3.7666,3.7686,3.7646,3.7676,36
2026-01-26 04:42:00,3.7616,3.7626,3.7611,3.7611,3.7666,3.7676,3.7661,3.7661,7
2026-01-26 04:43:00,3.7616,3.7626,3.7566,3.7576,3.7666,3.7676,3.7616,3.7626,29
2026-01-26 04:44:00,3.7566,3.7566,3.7526,3.7541,3.7616,3.7616,3.7576,3.7591,14
2026-01-26 04:45:00,3.7551,3.7596,3.7526,3.7541,3.7601,3.7646,3.7576,3.7591,24
2026-01-26 04:46:00,3.7556,3.7566,3.7536,3.7556,3.7606,3.7616,3.7586,3.7606,14
2026-01-26 04:47:00,3.7576,3.7626,3.7556,3.7626,3.7626,3.7676,3.7606,3.7676,26
2026-01-26 04:48:00,3.7636,3.7676,3.7636,3.7666,3.7686,3.7726,3.7686,3.7716,34
2026-01-26 04:49:00,3.7671,3.7686,3.7636,3.7656,3.7721,3.7736,3.7686,3.7706,31
2026-01-26 04:50:00,3.7661,3.7661,3.7626,3.7646,3.7711,3.7711,3.7676,3.7696,10
2026-01-26 04:51:00,3.7641,3.7641,3.7586,3.7586,3.7691,3.7691,3.7636,3.7636,8
2026-01-26 04:52:00,3.7581,3.7611,3.7536,3.7586,3.7631,3.7661,3.7586,3.7636,18
2026-01-26 04:53:00,3.7591,3.7646,3.7591,3.7646,3.7641,3.7696,3.7641,3.7696,11
2026-01-26 04:54:00,3.7641,3.7641,3.7636,3.7636,3.7691,3.7691,3.7686,3.7686,4
2026-01-26 04:55:00,3.7646,3.7646,3.7636,3.7636,3.7696,3.7696,3.7686,3.7686,5
2026-01-26 04:56:00,3.7646,3.7646,3.7641,3.7641,3.7696,3.7696,3.7691,3.7691,2
2026-01-26 04:57:00,3.7651,3.7666,3.7636,3.7636,3.7701,3.7716,3.7686,3.7686,11
2026-01-26 04:58:00,3.7656,3.7656,3.7636,3.7646,3.7706,3.7706,3.7686,3.7696,9
2026-01-26 04:59:00,3.7656,3.7731,3.7656,3.7726,3.7706,3.7781,3.7706,3.7776,16
2026-01-26 05:00:00,3.7736,3.7756,3.7686,3.7691,3.7786,3.7806,3.7736,3.7741,22
2026-01-26 05:01:00,3.7671,3.7686,3.7641,3.7646,3.7721,3.7736,3.7691,3.7696,11
2026-01-26 05:02:00,3.7651,3.7676,3.7646,3.7646,3.7701,3.7726,3.7696,3.7696,8
2026-01-26 05:03:00,3.7641,3.7686,3.7641,3.7666,3.7691,3.7736,3.7691,3.7716,8
2026-01-26 05:04:00,3.7671,3.7706,3.7671,3.7686,3.7721,3.7756,3.7721,3.7736,9
2026-01-26 05:05:00,3.7676,3.7676,3.7636,3.7646,3.7726,3.7726,3.7686,3.7696,15
2026-01-26 05:06:00,3.7641,3.7641,3.7456,3.7456,3.7691,3.7691,3.7506,3.7506,36
2026-01-26 05:07:00,3.7461,3.7486,3.7436,3.7446,3.7511,3.7536,3.7486,3.7496,18
2026-01-26 05:08:00,3.7456,3.7516,3.7456,3.7491,3.7506,3.7566,3.7506,3.7541,17
2026-01-26 05:09:00,3.7496,3.7496,3.7476,3.7476,3.7546,3.7546,3.7526,3.7526,3
2026-01-26 05:10:00,3.7471,3.7486,3.7436,3.7436,3.7521,3.7536,3.7486,3.7486,13
2026-01-26 05:11:00,3.7441,3.7476,3.7441,3.7466,3.7491,3.7526,3.7491,3.7516,7
2026-01-26 05:12:00,3.7446,3.7456,3.7436,3.7451,3.7496,3.7506,3.7486,3.7501,6
2026-01-26 05:13:00,3.7446,3.7446,3.7426,3.7426,3.7496,3.7496,3.7476,3.7476,3
2026-01-26 05:14:00,3.7416,3.7416,3.7346,3.7386,3.7466,3.7466,3.7396,3.7436,21
2026-01-26 05:15:00,3.7381,3.7396,3.7366,3.7396,3.7431,3.7446,3.7416,3.7446,12
2026-01-26 05:16:00,3.7391,3.7461,3.7351,3.7461,3.7441,3.7511,3.7401,3.7511,22
2026-01-26 05:17:00,3.7466,3.7476,3.7446,3.7461,3.7516,3.7526,3.7496,3.7511,14
2026-01-26 05:18:00,3.7456,3.7491,3.7456,3.7461,3.7506,3.7541,3.7506,3.7511,10
2026-01-26 05:19:00,3.7466,3.7471,3.7451,3.7451,3.7516,3.7521,3.7501,3.7501,5
2026-01-26 05:20:00,3.7456,3.7501,3.7456,3.7501,3.7506,3.7551,3.7506,3.7551,5
2026-01-26 05:21:00,3.7496,3.7496,3.7476,3.7496,3.7546,3.7546,3.7526,3.7546,9
2026-01-26 05:22:00,3.7501,3.7506,3.7496,3.7506,3.7551,3.7556,3.7546,3.7556,8
2026-01-26 05:23:00,3.7501,3.7501,3.7471,3.7476,3.7551,3.7551,3.7521,3.7526,7
2026-01-26 05:24:00,3.7471,3.7476,3.7426,3.7461,3.7521,3.7526,3.7476,3.7511,15
2026-01-26 05:25:00,3.7456,3.7466,3.7426,3.7466,3.7506,3.7516,3.7476,3.7516,9
2026-01-26 05:26:00,3.7486,3.7516,3.7481,3.7486,3.7536,3.7566,3.7531,3.7536,16
2026-01-26 05:27:00,3.7491,3.7491,3.7491,3.7491,3.7541,3.7541,3.7541,3.7541,1
2026-01-26 05:28:00,3.7486,3.7536,3.7476,3.7491,3.7536,3.7586,3.7526,3.7541,18
2026-01-26 05:29:00,3.7486,3.7501,3.7486,3.7501,3.7536,3.7551,3.7536,3.7551,3
2026-01-26 05:30:00,3.7496,3.7496,3.7496,3.7496,3.7546,3.7546,3.7546,3.7546,1
2026-01-26 05:31:00,3.7486,3.7486,3.7486,3.7486,3.7536,3.7536,3.7536,3.7536,1
2026-01-26 05:32:00,3.7481,3.7486,3.7451,3.7451,3.7531,3.7536,3.7501,3.7501,6
2026-01-26 05:33:00,3.7441,3.7451,3.7441,3.7451,3.7491,3.7501,3.7491,3.7501,3
2026-01-26 05:34:00,3.7446,3.7451,3.7426,3.7446,3.7496,3.7501,3.7476,3.7496,12
2026-01-26 05:35:00,3.7436,3.7501,3.7436,3.7501,3.7486,3.7551,3.7486,3.7551,15
2026-01-26 05:36:00,3.7496,3.7536,3.7486,3.7501,3.7546,3.7586,3.7536,3.7551,21
2026-01-26 05:37:00,3.7491,3.7491,3.7476,3.7481,3.7541,3.7541,3.7526,3.7531,5
2026-01-26 05:38:00,3.7496,3.7516,3.7486,3.7516,3.7546,3.7566,3.7536,3.7566,6
2026-01-26 05:39:00,3.7526,3.7556,3.7511,3.7511,3.7576,3.7606,3.7561,3.7561,13
2026-01-26 05:40:00,3.7516,3.7516,3.7516,3.7516,3.7566,3.7566,3.7566,3.7566,1
2026-01-26 05:41:00,3.7511,3.7511,3.7486,3.7486,3.7561,3.7561,3.7536,3.7536,2
2026-01-26 05:42:00,3.7506,3.7536,3.7496,3.7516,3.7556,3.7586,3.7546,3.7566,16
2026-01-26 05:43:00,3.7511,3.7576,3.7511,3.7571,3.7561,3.7626,3.7561,3.7621,12
2026-01-26 05:44:00,3.7566,3.7566,3.7566,3.7566,3.7616,3.7616,3.7616,3.7616,1
2026-01-26 05:45:00,3.7556,3.7556,3.7556,3.7556,3.7606,3.7606,3.7606,3.7606,1
2026-01-26 05:46:00,3.7561,3.7646,3.7561,3.7646,3.7611,3.7696,3.7611,3.7696,17
2026-01-26 05:47:00,3.7641,3.7641,3.7596,3.7596,3.7691,3.7691,3.7646,3.7646,4
2026-01-26 05:48:00,3.7591,3.7591,3.7591,3.7591,3.7641,3.7641,3.7641,3.7641,1
2026-01-26 05:49:00,3.7571,3.7596,3.7546,3.7596,3.7621,3.7646,3.7596,3.7646,10
2026-01-26 05:50:00,3.7591,3.7591,3.7576,3.7576,3.7641,3.7641,3.7626,3.7626,4
2026-01-26 05:51:00,3.7581,3.7586,3.7556,3.7571,3.7631,3.7636,3.7606,3.7621,9
2026-01-26 05:52:00,3.7561,3.7561,3.7541,3.7541,3.7611,3.7611,3.7591,3.7591,4
2026-01-26 05:53:00,3.7531,3.7536,3.7516,3.7516,3.7581,3.7586,3.7566,3.7566,8
2026-01-26 05:54:00,3.7511,3.7511,3.7466,3.7466,3.7561,3.7561,3.7516,3.7516,8
2026-01-26 05:55:00,3.7486,3.7506,3.7471,3.7486,3.7536,3.7556,3.7521,3.7536,7
2026-01-26 05:56:00,3.7481,3.7481,3.7476,3.7476,3.7531,3.7531,3.7526,3.7526,2
2026-01-26 05:57:00,3.7471,3.7486,3.7471,3.7486,3.7521,3.7536,3.7521,3.7536,4
2026-01-26 05:58:00,3.7491,3.7491,3.7481,3.7486,3.7541,3.7541,3.7531,3.7536,3
2026-01-26 05:59:00,3.7481,3.7506,3.7481,3.7496,3.7531,3.7556,3.7531,3.7546,4
2026-01-26 06:00:00,3.7501,3.7501,3.7476,3.7481,3.7551,3.7551,3.7526,3.7531,4
2026-01-26 06:01:00,3.7486,3.7551,3.7481,3.7516,3.7536,3.7601,3.7531,3.7566,20
2026-01-26 06:02:00,3.7526,3.7541,3.7526,3.7531,3.7576,3.7591,3.7576,3.7581,6
2026-01-26 06:03:00,3.7536,3.7546,3.7536,3.7541,3.7586,3.7596,3.7586,3.7591,5
2026-01-26 06:04:00,3.7566,3.7566,3.7506,3.7511,3.7616,3.7616,3.7556,3.7561,7
2026-01-26 06:05:00,3.7506,3.7511,3.7456,3.7461,3.7556,3.7561,3.7506,3.7511,9
2026-01-26 06:06:00,3.7456,3.7481,3.7446,3.7461,3.7506,3.7531,3.7496,3.7511,18
2026-01-26 06:07:00,3.7456,3.7516,3.7451,3.7506,3.7506,3.7566,3.7501,3.7556,13
2026-01-26 06:08:00,3.7516,3.7516,3.7441,3.7441,3.7566,3.7566,3.7491,3.7491,13
2026-01-26 06:09:00,3.7436,3.7436,3.7426,3.7436,3.7486,3.7486,3.7476,3.7486,3
2026-01-26 06:10:00,3.7441,3.7471,3.7436,3.7466,3.7491,3.7521,3.7486,3.7516,11
2026-01-26 06:11:00,3.7471,3.7486,3.7456,3.7471,3.7521,3.7536,3.7506,3.7521,7
2026-01-26 06:12:00,3.7476,3.7481,3.7476,3.7481,3.7526,3.7531,3.7526,3.7531,4
2026-01-26 06:13:00,3.7496,3.7541,3.7486,3.7521,3.7546,3.7591,3.7536,3.7571,19
2026-01-26 06:14:00,3.7536,3.7566,3.7521,3.7536,3.7586,3.7616,3.7571,3.7586,24
2026-01-26 06:15:00,3.7546,3.7556,3.7526,3.7546,3.7596,3.7606,3.7576,3.7596,17
2026-01-26 06:16:00,3.7541,3.7581,3.7516,3.7516,3.7591,3.7631,3.7566,3.7566,16
2026-01-26 06:17:00,3.7511,3.7521,3.7421,3.7471,3.7561,3.7571,3.7471,3.7521,42
2026-01-26 06:18:00,3.7476,3.7486,3.7456,3.7456,3.7526,3.7536,3.7506,3.7506,3
2026-01-26 06:19:00,3.7451,3.7456,3.7441,3.7451,3.7501,3.7506,3.7491,3.7501,6
2026-01-26 06:20:00,3.7436,3.7456,3.7436,3.7446,3.7486,3.7506,3.7486,3.7496,4
2026-01-26 06:21:00,3.7451,3.7466,3.7431,3.7446,3.7501,3.7516,3.7481,3.7496,11
2026-01-26 06:22:00,3.7431,3.7431,3.7376,3.7381,3.7481,3.7481,3.7426,3.7431,9
2026-01-26 06:23:00,3.7376,3.7391,3.7341,3.7341,3.7426,3.7441,3.7391,3.7391,21
2026-01-26 06:24:00,3.7351,3.7386,3.7351,3.7381,3.7401,3.7436,3.7401,3.7431,10
2026-01-26 06:25:00,3.7386,3.7411,3.7376,3.7386,3.7436,3.7461,3.7426,3.7436,9
2026-01-26 06:26:00,3.7376,3.7376,3.7371,3.7371,3.7426,3.7426,3.7421,3.7421,4
2026-01-26 06:27:00,3.7381,3.7381,3.7376,3.7381,3.7431,3.7431,3.7426,3.7431,3
2026-01-26 06:28:00,3.7376,3.7391,3.7376,3.7376,3.7426,3.7441,3.7426,3.7426,4
2026-01-26 06:29:00,3.7386,3.7386,3.7376,3.7381,3.7436,3.7436,3.7426,3.7431,3
2026-01-26 06:30:00,3.7376,3.7376,3.7376,3.7376,3.7426,3.7426,3.7426,3.7426,1
2026-01-26 06:31:00,3.7366,3.7366,3.7336,3.7351,3.7416,3.7416,3.7386,3.7401,9
2026-01-26 06:32:00,3.7356,3.7371,3.7356,3.7371,3.7406,3.7421,3.7406,3.7421,2
2026-01-26 06:33:00,3.7401,3.7491,3.7401,3.7491,3.7451,3.7541,3.7451,3.7541,21
2026-01-26 06:34:00,3.7486,3.7496,3.7426,3.7426,3.7536,3.7546,3.7476,3.7476,12
2026-01-26 06:35:00,3.7421,3.7531,3.7421,3.7481,3.7471,3.7581,3.7471,3.7531,15
2026-01-26 06:36:00,3.7476,3.7511,3.7466,3.7511,3.7526,3.7561,3.7516,3.7561,8
2026-01-26 06:37:00,3.7506,3.7536,3.7461,3.7516,3.7556,3.7586,3.7511,3.7566,13
2026-01-26 06:38:00,3.7511,3.7526,3.7491,3.7526,3.7561,3.7576,3.7541,3.7576,7
2026-01-26 06:39:00,3.7521,3.7551,3.7471,3.7486,3.7571,3.7601,3.7521,3.7536,11
2026-01-26 06:40:00,3.7481,3.7481,3.7451,3.7461,3.7531,3.7531,3.7501,3.7511,7
2026-01-26 06:41:00,3.7466,3.7476,3.7461,3.7471,3.7516,3.7526,3.7511,3.7521,6
2026-01-26 06:42:00,3.7481,3.7526,3.7481,3.7486,3.7531,3.7576,3.7531,3.7536,11
2026-01-26 06:43:00,3.7491,3.7691,3.7491,3.7686,3.7541,3.7741,3.7541,3.7736,39
2026-01-26 06:44:00,3.7696,3.7766,3.7681,3.7726,3.7746,3.7816,3.7731,3.7776,34
2026-01-26 06:45:00,3.7736,3.7736,3.7626,3.7626,3.7786,3.7786,3.7676,3.7676,18
2026-01-26 06:46:00,3.7621,3.7626,3.7586,3.7626,3.7671,3.7676,3.7636,3.7676,7
2026-01-26 06:47:00,3.7616,3.7616,3.7581,3.7606,3.7666,3.7666,3.7631,3.7656,8
2026-01-26 06:48:00,3.7611,3.7641,3.7591,3.7621,3.7661,3.7691,3.7641,3.7671,8
2026-01-26 06:49:00,3.7611,3.7621,3.7566,3.7566,3.7661,3.7671,3.7616,3.7616,10
2026-01-26 06:50:00,3.7571,3.7586,3.7571,3.7586,3.7621,3.7636,3.7621,3.7636,4
2026-01-26 06:51:00,3.7591,3.7596,3.7566,3.7596,3.7641,3.7646,3.7616,3.7646,11
2026-01-26 06:52:00,3.7636,3.7776,3.7636,3.7731,3.7686,3.7826,3.7686,3.7781,27
2026-01-26 06:53:00,3.7736,3.7796,3.7736,3.7776,3.7786,3.7846,3.7786,3.7826,20
2026-01-26 06:54:00,3.7786,3.7811,3.7781,3.7791,3.7836,3.7861,3.7831,3.7841,7
2026-01-26 06:55:00,3.7796,3.7836,3.7786,3.7826,3.7846,3.7886,3.7836,3.7876,50
2026-01-26 06:56:00,3.7821,3.7836,3.7766,3.7766,3.7871,3.7886,3.7816,3.7816,18
2026-01-26 06:57:00,3.7756,3.7811,3.7756,3.7811,3.7806,3.7861,3.7806,3.7861,15
2026-01-26 06:58:00,3.7806,3.7851,3.7806,3.7831,3.7856,3.7901,3.7856,3.7881,14
2026-01-26 06:59:00,3.7836,3.7836,3.7766,3.7776,3.7886,3.7886,3.7816,3.7826,20
2026-01-26 07:00:00,3.7781,3.7856,3.7781,3.7816,3.7831,3.7906,3.7831,3.7866,33
2026-01-26 07:01:00,3.7811,3.7821,3.7756,3.7776,3.7861,3.7871,3.7806,3.7826,19
2026-01-26 07:02:00,3.7761,3.7806,3.7726,3.7756,3.7811,3.7856,3.7776,3.7806,22
2026-01-26 07:03:00,3.7766,3.7806,3.7751,3.7786,3.7816,3.7856,3.7801,3.7836,18
2026-01-26 07:04:00,3.7771,3.7781,3.7736,3.7736,3.7821,3.7831,3.7786,3.7786,10
2026-01-26 07:05:00,3.7731,3.7736,3.7706,3.7721,3.7781,3.7786,3.7756,3.7771,12
2026-01-26 07:06:00,3.7706,3.7711,3.7606,3.7621,3.7756,3.7761,3.7656,3.7671,25
2026-01-26 07:07:00,3.7626,3.7681,3.7571,3.7681,3.7676,3.7731,3.7621,3.7731,30
2026-01-26 07:08:00,3.7686,3.7706,3.7506,3.7561,3.7736,3.7756,3.7556,3.7611,44
2026-01-26 07:09:00,3.7556,3.7696,3.7556,3.7696,3.7606,3.7746,3.7606,3.7746,14
2026-01-26 07:10:00,3.7676,3.7736,3.7586,3.7731,3.7726,3.7786,3.7636,3.7781,21
2026-01-26 07:11:00,3.7716,3.7716,3.7686,3.7701,3.7766,3.7766,3.7736,3.7751,16
2026-01-26 07:12:00,3.7706,3.7836,3.7706,3.7786,3.7756,3.7886,3.7756,3.7836,39
2026-01-26 07:13:00,3.7791,3.7791,3.7651,3.7651,3.7841,3.7841,3.7701,3.7701,34
2026-01-26 07:14:00,3.7656,3.7661,3.7476,3.7501,3.7706,3.7711,3.7526,3.7551,48
2026-01-26 07:15:00,3.7491,3.7541,3.7486,3.7531,3.7541,3.7591,3.7536,3.7581,28
2026-01-26 07:16:00,3.7501,3.7726,3.7501,3.7711,3.7551,3.7776,3.7551,3.7761,37
2026-01-26 07:17:00,3.7701,3.7776,3.7666,3.7761,3.7751,3.7826,3.7716,3.7811,49
2026-01-26 07:18:00,3.7756,3.7826,3.7741,3.7756,3.7806,3.7876,3.7791,3.7806,28
2026-01-26 07:19:00,3.7736,3.7816,3.7721,3.7761,3.7786,3.7866,3.7771,3.7811,28
2026-01-26 07:20:00,3.7771,3.7816,3.7666,3.7786,3.7821,3.7866,3.7716,3.7836,25
2026-01-26 07:21:00,3.7781,3.7791,3.7741,3.7781,3.7831,3.7841,3.7791,3.7831,21
2026-01-26 07:22:00,3.7776,3.7826,3.7736,3.7801,3.7826,3.7876,3.7786,3.7851,22
2026-01-26 07:23:00,3.7796,3.7826,3.7761,3.7811,3.7846,3.7876,3.7811,3.7861,20
2026-01-26 07:24:00,3.7796,3.7811,3.7776,3.7786,3.7846,3.7861,3.7826,3.7836,14
2026-01-26 07:25:00,3.7796,3.7806,3.7731,3.7806,3.7846,3.7856,3.7781,3.7856,19
2026-01-26 07:26:00,3.7831,3.7856,3.7796,3.7821,3.7881,3.7906,3.7846,3.7871,8
2026-01-26 07:27:00,3.7816,3.7886,3.7816,3.7881,3.7866,3.7936,3.7866,3.7931,13
2026-01-26 07:28:00,3.7886,3.7896,3.7781,3.7806,3.7936,3.7946,3.7831,3.7856,22
2026-01-26 07:29:00,3.7816,3.7866,3.7721,3.7866,3.7866,3.7916,3.7771,3.7916,33
2026-01-26 07:30:00,3.7861,3.7926,3.7826,3.7906,3.7911,3.7976,3.7876,3.7956,49
2026-01-26 07:31:00,3.7876,3.7911,3.7866,3.7886,3.7926,3.7961,3.7916,3.7936,22
2026-01-26 07:32:00,3.7881,3.7896,3.7866,3.7891,3.7931,3.7946,3.7916,3.7941,10
2026-01-26 07:33:00,3.7896,3.7921,3.7761,3.7901,3.7946,3.7971,3.7811,3.7951,29
2026-01-26 07:34:00,3.7896,3.7936,3.7886,3.7931,3.7946,3.7986,3.7936,3.7981,15
2026-01-26 07:35:00,3.7936,3.8031,3.7931,3.8016,3.7986,3.8081,3.7981,3.8066,28
2026-01-26 07:36:00,3.8011,3.8041,3.7976,3.7981,3.8061,3.8091,3.8026,3.8031,33
2026-01-26 07:37:00,3.7986,3.7986,3.7806,3.7881,3.8036,3.8036,3.7856,3.7931,36
2026-01-26 07:38:00,3.7896,3.7961,3.7896,3.7906,3.7946,3.8011,3.7946,3.7956,21
2026-01-26 07:39:00,3.7926,3.7976,3.7921,3.7971,3.7976,3.8026,3.7971,3.8021,11
2026-01-26 07:40:00,3.7966,3.8006,3.7966,3.8006,3.8016,3.8056,3.8016,3.8056,17
2026-01-26 07:41:00,3.8011,3.8061,3.7966,3.8041,3.8061,3.8111,3.8016,3.8091,23
2026-01-26 07:42:00,3.8036,3.8081,3.8026,3.8026,3.8086,3.8131,3.8076,3.8076,21
2026-01-26 07:43:00,3.8031,3.8036,3.8001,3.8016,3.8081,3.8086,3.8051,3.8066,11
2026-01-26 07:44:00,3.8011,3.8061,3.8011,3.8021,3.8061,3.8111,3.8061,3.8071,12
2026-01-26 07:45:00,3.8026,3.8031,3.7991,3.7991,3.8076,3.8081,3.8041,3.8041,8
2026-01-26 07:46:00,3.7996,3.7996,3.7901,3.7921,3.8046,3.8046,3.7951,3.7971,19
2026-01-26 07:47:00,3.7911,3.8011,3.7876,3.7991,3.7961,3.8061,3.7926,3.8041,28
2026-01-26 07:48:00,3.8016,3.8031,3.7996,3.7996,3.8066,3.8081,3.8046,3.8046,11
2026-01-26 07:49:00,3.8001,3.8046,3.7991,3.8041,3.8051,3.8096,3.8041,3.8091,34
2026-01-26 07:50:00,3.8036,3.8041,3.7996,3.8041,3.8086,3.8091,3.8046,3.8091,31
2026-01-26 07:51:00,3.8036,3.8036,3.7976,3.7991,3.8086,3.8086,3.8026,3.8041,14
2026-01-26 07:52:00,3.7986,3.8051,3.7946,3.8036,3.8036,3.8101,3.7996,3.8086,26
2026-01-26 07:53:00,3.8051,3.8111,3.8051,3.8111,3.8101,3.8161,3.8101,3.8161,27
2026-01-26 07:54:00,3.8116,3.8146,3.8066,3.8071,3.8166,3.8196,3.8116,3.8121,42
2026-01-26 07:55:00,3.8076,3.8096,3.8026,3.8036,3.8126,3.8146,3.8076,3.8086,40
2026-01-26 07:56:00,3.8041,3.8061,3.8011,3.8016,3.8091,3.8111,3.8061,3.8066,46
2026-01-26 07:57:00,3.8021,3.8031,3.8016,3.8021,3.8071,3.8081,3.8066,3.8071,10
2026-01-26 07:58:00,3.8016,3.8031,3.7996,3.8011,3.8066,3.8081,3.8046,3.8061,23
2026-01-26 07:59:00,3.8001,3.8046,3.7986,3.8031,3.8051,3.8096,3.8036,3.8081,14
2026-01-26 08:00:00,3.8036,3.8046,3.7931,3.7976,3.8086,3.8096,3.7981,3.8026,95
2026-01-26 08:01:00,3.7956,3.8031,3.7921,3.8016,3.8006,3.8081,3.7971,3.8066,33
2026-01-26 08:02:00,3.8011,3.8086,3.7981,3.8056,3.8061,3.8136,3.8031,3.8106,41
2026-01-26 08:03:00,3.8051,3.8111,3.8051,3.8101,3.8101,3.8161,3.8101,3.8151,10
2026-01-26 08:04:00,3.8096,3.8101,3.8061,3.8076,3.8146,3.8151,3.8111,3.8126,17
2026-01-26 08:05:00,3.8071,3.8191,3.8051,3.8176,3.8121,3.8241,3.8101,3.8226,42
2026-01-26 08:06:00,3.8166,3.8171,3.8071,3.8081,3.8216,3.8221,3.8121,3.8131,28
2026-01-26 08:07:00,3.8086,3.8121,3.8036,3.8121,3.8136,3.8171,3.8086,3.8171,38
2026-01-26 08:08:00,3.8111,3.8131,3.8106,3.8131,3.8161,3.8181,3.8156,3.8181,13
2026-01-26 08:09:00,3.8121,3.8161,3.8116,3.8126,3.8171,3.8211,3.8166,3.8176,21
2026-01-26 08:10:00,3.8116,3.8116,3.8086,3.8086,3.8166,3.8166,3.8136,3.8136,12
2026-01-26 08:11:00,3.8081,3.8081,3.8026,3.8076,3.8131,3.8131,3.8076,3.8126,16
2026-01-26 08:12:00,3.8066,3.8146,3.8066,3.8116,3.8116,3.8196,3.8116,3.8166,21
2026-01-26 08:13:00,3.8121,3.8176,3.8116,3.8151,3.8171,3.8226,3.8166,3.8201,19
2026-01-26 08:14:00,3.8146,3.8161,3.8111,3.8146,3.8196,3.8211,3.8161,3.8196,20
2026-01-26 08:15:00,3.8156,3.8191,3.8126,3.8136,3.8206,3.8241,3.8176,3.8186,22
2026-01-26 08:16:00,3.8141,3.8216,3.8141,3.8171,3.8191,3.8266,3.8191,3.8221,14
2026-01-26 08:17:00,3.8176,3.8176,3.8131,3.8151,3.8226,3.8226,3.8181,3.8201,17
2026-01-26 08:18:00,3.8146,3.8146,3.8076,3.8096,3.8196,3.8196,3.8126,3.8146,18
2026-01-26 08:19:00,3.8091,3.8096,3.8016,3.8081,3.8141,3.8146,3.8066,3.8131,39
2026-01-26 08:20:00,3.8076,3.8076,3.8051,3.8061,3.8126,3.8126,3.8101,3.8111,14
2026-01-26 08:21:00,3.8046,3.8061,3.7986,3.7986,3.8096,3.8111,3.8036,3.8036,28
2026-01-26 08:22:00,3.7966,3.7966,3.7936,3.7941,3.8016,3.8016,3.7986,3.7991,11
2026-01-26 08:23:00,3.7931,3.8106,3.7916,3.8106,3.7981,3.8156,3.7966,3.8156,26
2026-01-26 08:24:00,3.8111,3.8156,3.8096,3.8121,3.8161,3.8206,3.8146,3.8171,33
2026-01-26 08:25:00,3.8116,3.8136,3.8041,3.8111,3.8166,3.8186,3.8091,3.8161,46
2026-01-26 08:26:00,3.8136,3.8166,3.8136,3.8146,3.8186,3.8216,3.8186,3.8196,6
2026-01-26 08:27:00,3.8141,3.8141,3.8111,3.8121,3.8191,3.8191,3.8161,3.8171,9
2026-01-26 08:28:00,3.8116,3.8136,3.8116,3.8136,3.8166,3.8186,3.8166,3.8186,3
2026-01-26 08:29:00,3.8131,3.8131,3.8086,3.8121,3.8181,3.8181,3.8136,3.8171,13
2026-01-26 08:30:00,3.8116,3.8116,3.8101,3.8101,3.8166,3.8166,3.8151,3.8151,8
2026-01-26 08:31:00,3.8126,3.8126,3.8086,3.8111,3.8176,3.8176,3.8136,3.8161,9
2026-01-26 08:32:00,3.8106,3.8106,3.8086,3.8091,3.8156,3.8156,3.8136,3.8141,8
2026-01-26 08:33:00,3.8096,3.8151,3.8096,3.8151,3.8146,3.8201,3.8146,3.8201,13
2026-01-26 08:34:00,3.8146,3.8181,3.8141,3.8166,3.8196,3.8231,3.8191,3.8216,13
2026-01-26 08:35:00,3.8171,3.8176,3.8151,3.8156,3.8221,3.8226,3.8201,3.8206,13
2026-01-26 08:36:00,3.8166,3.8211,3.8131,3.8181,3.8216,3.8261,3.8181,3.8231,37
2026-01-26 08:37:00,3.8166,3.8216,3.8166,3.8201,3.8216,3.8266,3.8216,3.8251,15
2026-01-26 08:38:00,3.8196,3.8196,3.8131,3.8181,3.8246,3.8246,3.8181,3.8231,21
2026-01-26 08:39:00,3.8166,3.8181,3.8076,3.8076,3.8216,3.8231,3.8126,3.8126,27
2026-01-26 08:40:00,3.8081,3.8086,3.8066,3.8071,3.8131,3.8136,3.8116,3.8121,7
2026-01-26 08:41:00,3.8076,3.8096,3.8076,3.8096,3.8126,3.8146,3.8126,3.8146,4
2026-01-26 08:42:00,3.8091,3.8096,3.8026,3.8046,3.8141,3.8146,3.8076,3.8096,13
2026-01-26 08:43:00,3.8036,3.8081,3.8006,3.8016,3.8086,3.8131,3.8056,3.8066,31
2026-01-26 08:44:00,3.8011,3.8021,3.8001,3.8016,3.8061,3.8071,3.8051,3.8066,6
2026-01-26 08:45:00,3.8011,3.8026,3.8011,3.8021,3.8061,3.8076,3.8061,3.8071,4
2026-01-26 08:46:00,3.8016,3.8036,3.8001,3.8036,3.8066,3.8086,3.8051,3.8086,8
2026-01-26 08:47:00,3.8026,3.8026,3.8016,3.8021,3.8076,3.8076,3.8066,3.8071,3
2026-01-26 08:48:00,3.8016,3.8041,3.8016,3.8041,3.8066,3.8091,3.8066,3.8091,8
2026-01-26 08:49:00,3.8036,3.8061,3.8036,3.8041,3.8086,3.8111,3.8086,3.8091,9
2026-01-26 08:50:00,3.8031,3.8076,3.8026,3.8036,3.8081,3.8126,3.8076,3.8086,16
2026-01-26 08:51:00,3.8046,3.8141,3.8041,3.8126,3.8096,3.8191,3.8091,3.8176,47
2026-01-26 08:52:00,3.8131,3.8131,3.8131,3.8131,3.8181,3.8181,3.8181,3.8181,1
2026-01-26 08:53:00,3.8141,3.8231,3.8141,3.8196,3.8191,3.8281,3.8191,3.8246,41
2026-01-26 08:54:00,3.8191,3.8221,3.8171,3.8221,3.8241,3.8271,3.8221,3.8271,11
2026-01-26 08:55:00,3.8206,3.8216,3.8206,3.8211,3.8256,3.8266,3.8256,3.8261,5
2026-01-26 08:56:00,3.8196,3.8196,3.8136,3.8146,3.8246,3.8246,3.8186,3.8196,16
2026-01-26 08:57:00,3.8156,3.8156,3.8146,3.8146,3.8206,3.8206,3.8196,3.8196,7
2026-01-26 08:58:00,3.8151,3.8201,3.8151,3.8201,3.8201,3.8251,3.8201,3.8251,13
2026-01-26 08:59:00,3.8196,3.8256,3.8171,3.8226,3.8246,3.8306,3.8221,3.8276,30
2026-01-26 09:00:00,3.8216,3.8321,3.8201,3.8296,3.8266,3.8371,3.8251,3.8346,29
2026-01-26 09:01:00,3.8291,3.8291,3.8261,3.8291,3.8341,3.8341,3.8311,3.8341,15
2026-01-26 09:02:00,3.8286,3.8296,3.8261,3.8296,3.8336,3.8346,3.8311,3.8346,14
2026-01-26 09:03:00,3.8291,3.8301,3.8291,3.8301,3.8341,3.8351,3.8341,3.8351,7
2026-01-26 09:04:00,3.8296,3.8366,3.8291,3.8336,3.8346,3.8416,3.8341,3.8386,38
2026-01-26 09:05:00,3.8331,3.8346,3.8316,3.8316,3.8381,3.8396,3.8366,3.8366,13
2026-01-26 09:06:00,3.8306,3.8316,3.8261,3.8316,3.8356,3.8366,3.8311,3.8366,28
2026-01-26 09:07:00,3.8321,3.8396,3.8321,3.8366,3.8371,3.8446,3.8371,3.8416,19
2026-01-26 09:08:00,3.8376,3.8376,3.8331,3.8336,3.8426,3.8426,3.8381,3.8386,13
2026-01-26 09:09:00,3.8346,3.8376,3.8336,3.8366,3.8396,3.8426,3.8386,3.8416,11
2026-01-26 09:10:00,3.8361,3.8366,3.8306,3.8321,3.8411,3.8416,3.8356,3.8371,31
2026-01-26 09:11:00,3.8336,3.8341,3.8261,3.8266,3.8386,3.8391,3.8311,3.8316,20
2026-01-26 09:12:00,3.8276,3.8321,3.8276,3.8276,3.8326,3.8371,3.8326,3.8326,14
2026-01-26 09:13:00,3.8286,3.8286,3.8271,3.8271,3.8336,3.8336,3.8321,3.8321,8
2026-01-26 09:14:00,3.8276,3.8276,3.8251,3.8251,3.8326,3.8326,3.8301,3.8301,11
2026-01-26 09:15:00,3.8256,3.8286,3.8241,3.8286,3.8306,3.8336,3.8291,3.8336,15
2026-01-26 09:16:00,3.8281,3.8296,3.8211,3.8236,3.8331,3.8346,3.8261,3.8286,22
2026-01-26 09:17:00,3.8226,3.8251,3.8211,3.8236,3.8276,3.8301,3.8261,3.8286,10
2026-01-26 09:18:00,3.8226,3.8251,3.8196,3.8196,3.8276,3.8301,3.8246,3.8246,29
2026-01-26 09:19:00,3.8201,3.8211,3.8196,3.8196,3.8251,3.8261,3.8246,3.8246,10
2026-01-26 09:20:00,3.8191,3.8231,3.8176,3.8231,3.8241,3.8281,3.8226,3.8281,17
2026-01-26 09:21:00,3.8226,3.8251,3.8221,3.8221,3.8276,3.8301,3.8271,3.8271,9
2026-01-26 09:22:00,3.8226,3.8226,3.8191,3.8201,3.8276,3.8276,3.8241,3.8251,7
2026-01-26 09:23:00,3.8206,3.8226,3.8196,3.8211,3.8256,3.8276,3.8246,3.8261,16
2026-01-26 09:24:00,3.8201,3.8201,3.8146,3.8151,3.8251,3.8251,3.8196,3.8201,16
2026-01-26 09:25:00,3.8161,3.8171,3.8146,3.8161,3.8211,3.8221,3.8196,3.8211,10
2026-01-26 09:26:00,3.8156,3.8156,3.8106,3.8111,3.8206,3.8206,3.8156,3.8161,10
2026-01-26 09:27:00,3.8091,3.8126,3.8076,3.8121,3.8141,3.8176,3.8126,3.8171,19
2026-01-26 09:28:00,3.8131,3.8131,3.8126,3.8131,3.8181,3.8181,3.8176,3.8181,3
2026-01-26 09:29:00,3.8116,3.8126,3.8006,3.8091,3.8166,3.8176,3.8056,3.8141,63
2026-01-26 09:30:00,3.8096,3.8221,3.8096,3.8206,3.8146,3.8271,3.8146,3.8256,42
2026-01-26 09:31:00,3.8211,3.8331,3.8156,3.8316,3.8261,3.8381,3.8206,3.8366,38
2026-01-26 09:32:00,3.8311,3.8311,3.8256,3.8286,3.8361,3.8361,3.8306,3.8336,18
2026-01-26 09:33:00,3.8291,3.8301,3.8231,3.8256,3.8341,3.8351,3.8281,3.8306,16
2026-01-26 09:34:00,3.8246,3.8271,3.8236,3.8261,3.8296,3.8321,3.8286,3.8311,12
2026-01-26 09:35:00,3.8256,3.8256,3.8166,3.8166,3.8306,3.8306,3.8216,3.8216,25
2026-01-26 09:36:00,3.8161,3.8186,3.8121,3.8181,3.8211,3.8236,3.8171,3.8231,40
2026-01-26 09:37:00,3.8171,3.8171,3.8161,3.8161,3.8221,3.8221,3.8211,3.8211,7
2026-01-26 09:38:00,3.8156,3.8156,3.8111,3.8131,3.8206,3.8206,3.8161,3.8181,13
2026-01-26 09:39:00,3.8136,3.8166,3.8111,3.8126,3.8186,3.8216,3.8161,3.8176,20
2026-01-26 09:40:00,3.8116,3.8126,3.8101,3.8106,3.8166,3.8176,3.8151,3.8156,9
2026-01-26 09:41:00,3.8101,3.8131,3.8086,3.8096,3.8151,3.8181,3.8136,3.8146,16
2026-01-26 09:42:00,3.8091,3.8191,3.8051,3.8166,3.8141,3.8241,3.8101,3.8216,31
2026-01-26 09:43:00,3.8156,3.8226,3.8136,3.8176,3.8206,3.8276,3.8186,3.8226,16
2026-01-26 09:44:00,3.8186,3.8191,3.8166,3.8176,3.8236,3.8241,3.8216,3.8226,9
2026-01-26 09:45:00,3.8171,3.8211,3.8166,3.8176,3.8221,3.8261,3.8216,3.8226,16
2026-01-26 09:46:00,3.8181,3.8271,3.8176,3.8271,3.8231,3.8321,3.8226,3.8321,20
2026-01-26 09:47:00,3.8266,3.8286,3.8246,3.8261,3.8316,3.8336,3.8296,3.8311,15
2026-01-26 09:48:00,3.8246,3.8261,3.8246,3.8251,3.8296,3.8311,3.8296,3.8301,12
2026-01-26 09:49:00,3.8246,3.8246,3.8241,3.8241,3.8296,3.8296,3.8291,3.8291,2
2026-01-26 09:50:00,3.8251,3.8461,3.8251,3.8446,3.8301,3.8511,3.8301,3.8496,39
2026-01-26 09:51:00,3.8441,3.8446,3.8391,3.8406,3.8491,3.8496,3.8441,3.8456,32
2026-01-26 09:52:00,3.8396,3.8411,3.8311,3.8311,3.8446,3.8461,3.8361,3.8361,42
2026-01-26 09:53:00,3.8316,3.8316,3.8236,3.8271,3.8366,3.8366,3.8286,3.8321,20
2026-01-26 09:54:00,3.8276,3.8276,3.8231,3.8251,3.8326,3.8326,3.8281,3.8301,17
2026-01-26 09:55:00,3.8256,3.8256,3.8191,3.8226,3.8306,3.8306,3.8241,3.8276,17
2026-01-26 09:56:00,3.8221,3.8246,3.8216,3.8226,3.8271,3.8296,3.8266,3.8276,20
2026-01-26 09:57:00,3.8231,3.8276,3.8136,3.8251,3.8281,3.8326,3.8186,3.8301,49
2026-01-26 09:58:00,3.8266,3.8286,3.8241,3.8241,3.8316,3.8336,3.8291,3.8291,7
2026-01-26 09:59:00,3.8246,3.8256,3.8236,3.8256,3.8296,3.8306,3.8286,3.8306,9
2026-01-26 10:00:00,3.8266,3.8266,3.8121,3.8136,3.8316,3.8316,3.8171,3.8186,37
2026-01-26 10:01:00,3.8131,3.8131,3.8026,3.8046,3.8181,3.8181,3.8076,3.8096,34
2026-01-26 10:02:00,3.8036,3.8051,3.8006,3.8016,3.8086,3.8101,3.8056,3.8066,17
2026-01-26 10:03:00,3.8011,3.8146,3.7971,3.8131,3.8061,3.8196,3.8021,3.8181,36
2026-01-26 10:04:00,3.8146,3.8176,3.8101,3.8126,3.8196,3.8226,3.8151,3.8176,23
2026-01-26 10:05:00,3.8121,3.8191,3.8111,3.8111,3.8171,3.8241,3.8161,3.8161,26
2026-01-26 10:06:00,3.8101,3.8156,3.8101,3.8141,3.8151,3.8206,3.8151,3.8191,14
2026-01-26 10:07:00,3.8136,3.8176,3.8076,3.8146,3.8186,3.8226,3.8126,3.8196,25
2026-01-26 10:08:00,3.8136,3.8136,3.8111,3.8121,3.8186,3.8186,3.8161,3.8171,5
2026-01-26 10:09:00,3.8096,3.8186,3.8086,3.8106,3.8146,3.8236,3.8136,3.8156,24
2026-01-26 10:10:00,3.8101,3.8176,3.8101,3.8161,3.8151,3.8226,3.8151,3.8211,29
2026-01-26 10:11:00,3.8156,3.8206,3.8141,3.8181,3.8206,3.8256,3.8191,3.8231,17
2026-01-26 10:12:00,3.8176,3.8186,3.8091,3.8136,3.8226,3.8236,3.8141,3.8186,34
2026-01-26 10:13:00,3.8106,3.8206,3.8086,3.8186,3.8156,3.8256,3.8136,3.8236,26
2026-01-26 10:14:00,3.8191,3.8206,3.8066,3.8076,3.8241,3.8256,3.8116,3.8126,45
2026-01-26 10:15:00,3.8071,3.8226,3.8071,3.8206,3.8121,3.8276,3.8121,3.8256,69
2026-01-26 10:16:00,3.8201,3.8206,3.8091,3.8126,3.8251,3.8256,3.8141,3.8176,22
2026-01-26 10:17:00,3.8111,3.8161,3.8086,3.8121,3.8161,3.8211,3.8136,3.8171,23
2026-01-26 10:18:00,3.8116,3.8171,3.8116,3.8126,3.8166,3.8221,3.8166,3.8176,10
2026-01-26 10:19:00,3.8116,3.8116,3.8081,3.8086,3.8166,3.8166,3.8131,3.8136,12
2026-01-26 10:20:00,3.8081,3.8081,3.8071,3.8076,3.8131,3.8131,3.8121,3.8126,8
2026-01-26 10:21:00,3.8071,3.8226,3.8071,3.8191,3.8121,3.8276,3.8121,3.8241,33
2026-01-26 10:22:00,3.8186,3.8191,3.8186,3.8191,3.8236,3.8241,3.8236,3.8241,2
2026-01-26 10:23:00,3.8196,3.8201,3.8176,3.8181,3.8246,3.8251,3.8226,3.8231,11
2026-01-26 10:24:00,3.8176,3.8206,3.8176,3.8201,3.8226,3.8256,3.8226,3.8251,4
2026-01-26 10:25:00,3.8186,3.8256,3.8186,3.8216,3.8236,3.8306,3.8236,3.8266,20
2026-01-26 10:26:00,3.8211,3.8226,3.8191,3.8211,3.8261,3.8276,3.8241,3.8261,12
2026-01-26 10:27:00,3.8206,3.8206,3.8131,3.8156,3.8256,3.8256,3.8181,3.8206,18
2026-01-26 10:28:00,3.8151,3.8161,3.8146,3.8156,3.8201,3.8211,3.8196,3.8206,9
2026-01-26 10:29:00,3.8166,3.8211,3.8166,3.8206,3.8216,3.8261,3.8216,3.8256,17
2026-01-26 10:30:00,3.8201,3.8231,3.8201,3.8226,3.8251,3.8281,3.8251,3.8276,22
2026-01-26 10:31:00,3.8216,3.8216,3.8196,3.8196,3.8266,3.8266,3.8246,3.8246,4
2026-01-26 10:32:00,3.8186,3.8186,3.8126,3.8166,3.8236,3.8236,3.8176,3.8216,14
2026-01-26 10:33:00,3.8161,3.8161,3.8101,3.8101,3.8211,3.8211,3.8151,3.8151,10
2026-01-26 10:34:00,3.8091,3.8096,3.8056,3.8056,3.8141,3.8146,3.8106,3.8106,15
2026-01-26 10:35:00,3.8061,3.8076,3.8046,3.8066,3.8111,3.8126,3.8096,3.8116,10
2026-01-26 10:36:00,3.8061,3.8061,3.8046,3.8046,3.8111,3.8111,3.8096,3.8096,3
2026-01-26 10:37:00,3.8051,3.8056,3.8006,3.8021,3.8101,3.8106,3.8056,3.8071,11
2026-01-26 10:38:00,3.8026,3.8026,3.7976,3.7986,3.8076,3.8076,3.8026,3.8036,15
2026-01-26 10:39:00,3.7981,3.7986,3.7911,3.7916,3.8031,3.8036,3.7961,3.7966,22
2026-01-26 10:40:00,3.7921,3.7921,3.7806,3.7826,3.7971,3.7971,3.7856,3.7876,43
2026-01-26 10:41:00,3.7831,3.7851,3.7796,3.7841,3.7881,3.7901,3.7846,3.7891,32
2026-01-26 10:42:00,3.7836,3.7881,3.7821,3.7881,3.7886,3.7931,3.7871,3.7931,21
2026-01-26 10:43:00,3.7886,3.8006,3.7871,3.7981,3.7936,3.8056,3.7921,3.8031,26
2026-01-26 10:44:00,3.7991,3.8116,3.7976,3.8051,3.8041,3.8166,3.8026,3.8101,53
2026-01-26 10:45:00,3.8046,3.8051,3.7991,3.8041,3.8096,3.8101,3.8041,3.8091,22
2026-01-26 10:46:00,3.8016,3.8041,3.7951,3.7996,3.8066,3.8091,3.8001,3.8046,24
2026-01-26 10:47:00,3.7986,3.8021,3.7946,3.8001,3.8036,3.8071,3.7996,3.8051,21
2026-01-26 10:48:00,3.7996,3.8056,3.7996,3.7996,3.8046,3.8106,3.8046,3.8046,24
2026-01-26 10:49:00,3.7991,3.8001,3.7991,3.7996,3.8041,3.8051,3.8041,3.8046,3
2026-01-26 10:50:00,3.7986,3.7991,3.7976,3.7981,3.8036,3.8041,3.8026,3.8031,7
2026-01-26 10:51:00,3.7986,3.7991,3.7956,3.7956,3.8036,3.8041,3.8006,3.8006,10
2026-01-26 10:52:00,3.7946,3.8031,3.7946,3.7971,3.7996,3.8081,3.7996,3.8021,23
2026-01-26 10:53:00,3.7961,3.8001,3.7951,3.8001,3.8011,3.8051,3.8001,3.8051,15
2026-01-26 10:54:00,3.7991,3.8021,3.7986,3.8021,3.8041,3.8071,3.8036,3.8071,8
2026-01-26 10:55:00,3.8016,3.8036,3.7971,3.7976,3.8066,3.8086,3.8021,3.8026,13
2026-01-26 10:56:00,3.7971,3.8046,3.7966,3.8046,3.8021,3.8096,3.8016,3.8096,21
2026-01-26 10:57:00,3.8051,3.8051,3.8031,3.8031,3.8101,3.8101,3.8081,3.8081,11
2026-01-26 10:58:00,3.8026,3.8026,3.8026,3.8026,3.8076,3.8076,3.8076,3.8076,1
2026-01-26 10:59:00,3.8021,3.8041,3.8001,3.8036,3.8071,3.8091,3.8051,3.8086,7
2026-01-26 11:00:00,3.8031,3.8031,3.8006,3.8006,3.8081,3.8081,3.8056,3.8056,4
2026-01-26 11:01:00,3.8011,3.8011,3.7991,3.7991,3.8061,3.8061,3.8041,3.8041,5
2026-01-26 11:02:00,3.7976,3.7981,3.7976,3.7981,3.8026,3.8031,3.8026,3.8031,2
2026-01-26 11:03:00,3.7976,3.8001,3.7971,3.7976,3.8026,3.8051,3.8021,3.8026,17
2026-01-26 11:04:00,3.7986,3.7986,3.7926,3.7941,3.8036,3.8036,3.7976,3.7991,8
2026-01-26 11:05:00,3.7936,3.7966,3.7906,3.7951,3.7986,3.8016,3.7956,3.8001,26
2026-01-26 11:06:00,3.7946,3.7946,3.7851,3.7856,3.7996,3.7996,3.7901,3.7906,15
2026-01-26 11:07:00,3.7866,3.7886,3.7836,3.7846,3.7916,3.7936,3.7886,3.7896,28
2026-01-26 11:08:00,3.7841,3.7841,3.7811,3.7816,3.7891,3.7891,3.7861,3.7866,18
2026-01-26 11:09:00,3.7811,3.7811,3.7726,3.7736,3.7861,3.7861,3.7776,3.7786,41
2026-01-26 11:10:00,3.7741,3.7771,3.7731,3.7761,3.7791,3.7821,3.7781,3.7811,25
2026-01-26 11:11:00,3.7756,3.7766,3.7731,3.7756,3.7806,3.7816,3.7781,3.7806,21
2026-01-26 11:12:00,3.7761,3.7801,3.7761,3.7801,3.7811,3.7851,3.7811,3.7851,10
2026-01-26 11:13:00,3.7791,3.7806,3.7736,3.7736,3.7841,3.7856,3.7786,3.7786,26
2026-01-26 11:14:00,3.7731,3.7731,3.7616,3.7676,3.7781,3.7781,3.7666,3.7726,30
2026-01-26 11:15:00,3.7671,3.7671,3.7616,3.7631,3.7721,3.7721,3.7666,3.7681,27
2026-01-26 11:16:00,3.7636,3.7711,3.7636,3.7696,3.7686,3.7761,3.7686,3.7746,15
2026-01-26 11:17:00,3.7686,3.7686,3.7651,3.7681,3.7736,3.7736,3.7701,3.7731,25
2026-01-26 11:18:00,3.7686,3.7686,3.7596,3.7661,3.7736,3.7736,3.7646,3.7711,27
2026-01-26 11:19:00,3.7641,3.7686,3.7641,3.7661,3.7691,3.7736,3.7691,3.7711,18
2026-01-26 11:20:00,3.7666,3.7736,3.7666,3.7726,3.7716,3.7786,3.7716,3.7776,15
2026-01-26 11:21:00,3.7746,3.7761,3.7666,3.7696,3.7796,3.7811,3.7716,3.7746,21
2026-01-26 11:22:00,3.7706,3.7731,3.7691,3.7726,3.7756,3.7781,3.7741,3.7776,10
2026-01-26 11:23:00,3.7741,3.7811,3.7741,3.7801,3.7791,3.7861,3.7791,3.7851,16
2026-01-26 11:24:00,3.7796,3.7811,3.7781,3.7801,3.7846,3.7861,3.7831,3.7851,16
2026-01-26 11:25:00,3.7806,3.7861,3.7806,3.7821,3.7856,3.7911,3.7856,3.7871,23
2026-01-26 11:26:00,3.7816,3.7836,3.7791,3.7791,3.7866,3.7886,3.7841,3.7841,11
2026-01-26 11:27:00,3.7806,3.7816,3.7806,3.7811,3.7856,3.7866,3.7856,3.7861,4
2026-01-26 11:28:00,3.7801,3.7831,3.7801,3.7831,3.7851,3.7881,3.7851,3.7881,4
2026-01-26 11:29:00,3.7816,3.7816,3.7791,3.7791,3.7866,3.7866,3.7841,3.7841,6
2026-01-26 11:30:00,3.7786,3.7801,3.7786,3.7791,3.7836,3.7851,3.7836,3.7841,7
2026-01-26 11:31:00,3.7801,3.7801,3.7756,3.7781,3.7851,3.7851,3.7806,3.7831,13
2026-01-26 11:32:00,3.7786,3.7786,3.7736,3.7746,3.7836,3.7836,3.7786,3.7796,8
2026-01-26 11:33:00,3.7761,3.7761,3.7701,3.7711,3.7811,3.7811,3.7751,3.7761,10
2026-01-26 11:34:00,3.7696,3.7731,3.7681,3.7726,3.7746,3.7781,3.7731,3.7776,9
2026-01-26 11:35:00,3.7731,3.7801,3.7731,3.7791,3.7781,3.7851,3.7781,3.7841,12
2026-01-26 11:36:00,3.7776,3.7791,3.7751,3.7751,3.7826,3.7841,3.7801,3.7801,11
2026-01-26 11:37:00,3.7766,3.7791,3.7751,3.7786,3.7816,3.7841,3.7801,3.7836,15
2026-01-26 11:38:00,3.7781,3.7781,3.7701,3.7706,3.7831,3.7831,3.7751,3.7756,9
2026-01-26 11:39:00,3.7711,3.7721,3.7711,3.7711,3.7761,3.7771,3.7761,3.7761,7
2026-01-26 11:40:00,3.7716,3.7721,3.7681,3.7691,3.7766,3.7771,3.7731,3.7741,10
2026-01-26 11:41:00,3.7686,3.7686,3.7681,3.7681,3.7736,3.7736,3.7731,3.7731,2
2026-01-26 11:42:00,3.7686,3.7756,3.7681,3.7721,3.7736,3.7806,3.7731,3.7771,17
2026-01-26 11:43:00,3.7711,3.7721,3.7666,3.7721,3.7761,3.7771,3.7716,3.7771,16
2026-01-26 11:44:00,3.7711,3.7711,3.7696,3.7701,3.7761,3.7761,3.7746,3.7751,4
2026-01-26 11:45:00,3.7706,3.7741,3.7676,3.7721,3.7756,3.7791,3.7726,3.7771,14
2026-01-26 11:46:00,3.7726,3.7726,3.7716,3.7721,3.7776,3.7776,3.7766,3.7771,4
2026-01-26 11:47:00,3.7726,3.7811,3.7726,3.7811,3.7776,3.7861,3.7776,3.7861,9
2026-01-26 11:48:00,3.7816,3.7831,3.7781,3.7791,3.7866,3.7881,3.7831,3.7841,12
2026-01-26 11:49:00,3.7776,3.7786,3.7766,3.7786,3.7826,3.7836,3.7816,3.7836,8
2026-01-26 11:50:00,3.7776,3.7811,3.7766,3.7806,3.7826,3.7861,3.7816,3.7856,13
2026-01-26 11:51:00,3.7801,3.7841,3.7796,3.7806,3.7851,3.7891,3.7846,3.7856,12
2026-01-26 11:52:00,3.7801,3.7806,3.7776,3.7801,3.7851,3.7856,3.7826,3.7851,12
2026-01-26 11:53:00,3.7806,3.7811,3.7786,3.7796,3.7856,3.7861,3.7836,3.7846,7
2026-01-26 11:54:00,3.7806,3.7821,3.7796,3.7796,3.7856,3.7871,3.7846,3.7846,10
2026-01-26 11:55:00,3.7801,3.7811,3.7796,3.7806,3.7851,3.7861,3.7846,3.7856,9
2026-01-26 11:56:00,3.7811,3.7976,3.7811,3.7941,3.7861,3.8026,3.7861,3.7991,20
2026-01-26 11:57:00,3.7946,3.8086,3.7926,3.8086,3.7996,3.8136,3.7976,3.8136,38
2026-01-26 11:58:00,3.8081,3.8106,3.8081,3.8101,3.8131,3.8156,3.8131,3.8151,12
2026-01-26 11:59:00,3.8081,3.8121,3.8081,3.8116,3.8131,3.8171,3.8131,3.8166,22
2026-01-26 12:00:00,3.8111,3.8116,3.8071,3.8076,3.8161,3.8166,3.8121,3.8126,28
2026-01-26 12:01:00,3.8081,3.8081,3.8011,3.8051,3.8131,3.8131,3.8061,3.8101,23
2026-01-26 12:02:00,3.8041,3.8041,3.7951,3.7971,3.8091,3.8091,3.8001,3.8021,31
2026-01-26 12:03:00,3.7956,3.8026,3.7956,3.8021,3.8006,3.8076,3.8006,3.8071,11
2026-01-26 12:05:00,3.8011,3.8011,3.7941,3.7956,3.8061,3.8061,3.7991,3.8006,14
2026-01-26 12:06:00,3.7961,3.7961,3.7936,3.7946,3.8011,3.8011,3.7986,3.7996,4
2026-01-26 12:07:00,3.7941,3.7956,3.7936,3.7956,3.7991,3.8006,3.7986,3.8006,10
2026-01-26 12:08:00,3.7961,3.8046,3.7956,3.8001,3.8011,3.8096,3.8006,3.8051,20
2026-01-26 12:09:00,3.7996,3.8031,3.7986,3.8031,3.8046,3.8081,3.8036,3.8081,14
2026-01-26 12:10:00,3.8026,3.8071,3.8026,3.8061,3.8076,3.8121,3.8076,3.8111,10
2026-01-26 12:11:00,3.8066,3.8071,3.7996,3.8021,3.8116,3.8121,3.8046,3.8071,17
2026-01-26 12:12:00,3.8031,3.8051,3.8016,3.8051,3.8081,3.8101,3.8066,3.8101,11
2026-01-26 12:13:00,3.8071,3.8211,3.8071,3.8211,3.8121,3.8261,3.8121,3.8261,29
2026-01-26 12:14:00,3.8201,3.8241,3.8146,3.8206,3.8251,3.8291,3.8196,3.8256,33
2026-01-26 12:15:00,3.8201,3.8256,3.8201,3.8256,3.8251,3.8306,3.8251,3.8306,18
2026-01-26 12:16:00,3.8261,3.8271,3.8196,3.8211,3.8311,3.8321,3.8246,3.8261,30
2026-01-26 12:17:00,3.8206,3.8221,3.8196,3.8206,3.8256,3.8271,3.8246,3.8256,14
2026-01-26 12:18:00,3.8211,3.8241,3.8196,3.8206,3.8261,3.8291,3.8246,3.8256,23
2026-01-26 12:19:00,3.8211,3.8221,3.8206,3.8206,3.8261,3.8271,3.8256,3.8256,7
2026-01-26 12:20:00,3.8196,3.8211,3.8196,3.8211,3.8246,3.8261,3.8246,3.8261,7
2026-01-26 12:21:00,3.8206,3.8236,3.8206,3.8216,3.8256,3.8286,3.8256,3.8266,20
2026-01-26 12:22:00,3.8211,3.8241,3.8206,3.8241,3.8261,3.8291,3.8256,3.8291,7
2026-01-26 12:23:00,3.8246,3.8316,3.8241,3.8301,3.8296,3.8366,3.8291,3.8351,24
2026-01-26 12:24:00,3.8296,3.8296,3.8136,3.8141,3.8346,3.8346,3.8186,3.8191,19
2026-01-26 12:25:00,3.8136,3.8146,3.8051,3.8066,3.8186,3.8196,3.8101,3.8116,31
2026-01-26 12:26:00,3.8071,3.8111,3.8046,3.8101,3.8121,3.8161,3.8096,3.8151,16
2026-01-26 12:27:00,3.8091,3.8106,3.8081,3.8096,3.8141,3.8156,3.8131,3.8146,7
2026-01-26 12:28:00,3.8101,3.8111,3.8101,3.8111,3.8151,3.8161,3.8151,3.8161,9
2026-01-26 12:29:00,3.8116,3.8166,3.8086,3.8161,3.8166,3.8216,3.8136,3.8211,23
2026-01-26 12:30:00,3.8166,3.8166,3.8071,3.8091,3.8216,3.8216,3.8121,3.8141,18
2026-01-26 12:31:00,3.8086,3.8086,3.8071,3.8076,3.8136,3.8136,3.8121,3.8126,8
2026-01-26 12:32:00,3.8081,3.8086,3.8046,3.8056,3.8131,3.8136,3.8096,3.8106,10
2026-01-26 12:33:00,3.8051,3.8076,3.8046,3.8076,3.8101,3.8126,3.8096,3.8126,8
2026-01-26 12:34:00,3.8071,3.8071,3.8006,3.8066,3.8121,3.8121,3.8056,3.8116,23
2026-01-26 12:35:00,3.8056,3.8066,3.8036,3.8056,3.8106,3.8116,3.8086,3.8106,8
2026-01-26 12:36:00,3.8061,3.8061,3.7991,3.7991,3.8111,3.8111,3.8041,3.8041,23
2026-01-26 12:37:00,3.7996,3.8061,3.7991,3.8006,3.8046,3.8111,3.8041,3.8056,37
2026-01-26 12:38:00,3.8001,3.8001,3.7926,3.7936,3.8051,3.8051,3.7976,3.7986,24
2026-01-26 12:39:00,3.7946,3.8051,3.7911,3.8051,3.7996,3.8101,3.7961,3.8101,28
2026-01-26 12:40:00,3.8046,3.8111,3.8046,3.8111,3.8096,3.8161,3.8096,3.8161,19
2026-01-26 12:41:00,3.8116,3.8126,3.8056,3.8091,3.8166,3.8176,3.8106,3.8141,18
2026-01-26 12:42:00,3.8086,3.8086,3.8001,3.8021,3.8136,3.8136,3.8051,3.8071,16
2026-01-26 12:43:00,3.8026,3.8026,3.8021,3.8021,3.8076,3.8076,3.8071,3.8071,2
2026-01-26 12:44:00,3.8016,3.8226,3.7976,3.8091,3.8066,3.8276,3.8026,3.8141,83
2026-01-26 12:45:00,3.8086,3.8186,3.8041,3.8161,3.8136,3.8236,3.8091,3.8211,45
2026-01-26 12:46:00,3.8156,3.8166,3.8126,3.8161,3.8206,3.8216,3.8176,3.8211,9
2026-01-26 12:47:00,3.8166,3.8301,3.8156,3.8281,3.8216,3.8351,3.8206,3.8331,34
2026-01-26 12:48:00,3.8276,3.8286,3.8236,3.8241,3.8326,3.8336,3.8286,3.8291,21
2026-01-26 12:49:00,3.8246,3.8246,3.8201,3.8241,3.8296,3.8296,3.8251,3.8291,9
2026-01-26 12:50:00,3.8236,3.8236,3.8236,3.8236,3.8286,3.8286,3.8286,3.8286,1
2026-01-26 12:51:00,3.8241,3.8281,3.8206,3.8241,3.8291,3.8331,3.8256,3.8291,29
2026-01-26 12:52:00,3.8261,3.8301,3.8256,3.8296,3.8311,3.8351,3.8306,3.8346,10
2026-01-26 12:53:00,3.8291,3.8326,3.8276,3.8281,3.8341,3.8376,3.8326,3.8331,21
2026-01-26 12:54:00,3.8266,3.8276,3.8241,3.8266,3.8316,3.8326,3.8291,3.8316,6
2026-01-26 12:55:00,3.8261,3.8276,3.8256,3.8256,3.8311,3.8326,3.8306,3.8306,11
2026-01-26 12:56:00,3.8266,3.8266,3.8226,3.8226,3.8316,3.8316,3.8276,3.8276,12
2026-01-26 12:57:00,3.8216,3.8216,3.8066,3.8071,3.8266,3.8266,3.8116,3.8121,26
2026-01-26 12:58:00,3.8076,3.8111,3.8006,3.8026,3.8126,3.8161,3.8056,3.8076,22
2026-01-26 12:59:00,3.8031,3.8031,3.7986,3.8006,3.8081,3.8081,3.8036,3.8056,18
2026-01-26 13:00:00,3.8001,3.8001,3.7831,3.7841,3.8051,3.8051,3.7881,3.7891,70
2026-01-26 13:01:00,3.7836,3.7881,3.7796,3.7851,3.7886,3.7931,3.7846,3.7901,62
2026-01-26 13:02:00,3.7846,3.7886,3.7781,3.7836,3.7896,3.7936,3.7831,3.7886,92
2026-01-26 13:03:00,3.7846,3.7886,3.7846,3.7856,3.7896,3.7936,3.7896,3.7906,32
2026-01-26 13:04:00,3.7866,3.7971,3.7856,3.7956,3.7916,3.8021,3.7906,3.8006,57
2026-01-26 13:05:00,3.7951,3.7956,3.7926,3.7941,3.8001,3.8006,3.7976,3.7991,23
2026-01-26 13:06:00,3.7936,3.7996,3.7911,3.7961,3.7986,3.8046,3.7961,3.8011,21
2026-01-26 13:07:00,3.7956,3.7976,3.7931,3.7961,3.8006,3.8026,3.7981,3.8011,31
2026-01-26 13:08:00,3.7966,3.7976,3.7966,3.7966,3.8016,3.8026,3.8016,3.8016,9
2026-01-26 13:09:00,3.7961,3.7961,3.7911,3.7926,3.8011,3.8011,3.7961,3.7976,28
2026-01-26 13:10:00,3.7921,3.7921,3.7876,3.7886,3.7971,3.7971,3.7926,3.7936,17
2026-01-26 13:11:00,3.7866,3.7911,3.7811,3.7896,3.7916,3.7961,3.7861,3.7946,52
2026-01-26 13:12:00,3.7906,3.7951,3.7891,3.7891,3.7956,3.8001,3.7941,3.7941,27
2026-01-26 13:13:00,3.7896,3.7896,3.7806,3.7826,3.7946,3.7946,3.7856,3.7876,37
2026-01-26 13:14:00,3.7816,3.7861,3.7796,3.7846,3.7866,3.7911,3.7846,3.7896,28
2026-01-26 13:15:00,3.7841,3.7886,3.7806,3.7886,3.7891,3.7936,3.7856,3.7936,46
2026-01-26 13:16:00,3.7891,3.8056,3.7891,3.8036,3.7941,3.8106,3.7941,3.8086,36
2026-01-26 13:17:00,3.8031,3.8086,3.8031,3.8076,3.8081,3.8136,3.8081,3.8126,13
2026-01-26 13:18:00,3.8071,3.8191,3.8026,3.8191,3.8121,3.8241,3.8076,3.8241,51
2026-01-26 13:19:00,3.8186,3.8221,3.8071,3.8081,3.8236,3.8271,3.8121,3.8131,42
2026-01-26 13:20:00,3.8076,3.8076,3.8036,3.8066,3.8126,3.8126,3.8086,3.8116,14
2026-01-26 13:21:00,3.8061,3.8111,3.8026,3.8036,3.8111,3.8161,3.8076,3.8086,26
2026-01-26 13:22:00,3.8031,3.8041,3.7991,3.8006,3.8081,3.8091,3.8041,3.8056,23
2026-01-26 13:23:00,3.8011,3.8141,3.7996,3.8131,3.8061,3.8191,3.8046,3.8181,30
2026-01-26 13:24:00,3.8111,3.8246,3.8101,3.8151,3.8161,3.8296,3.8151,3.8201,56
2026-01-26 13:25:00,3.8141,3.8161,3.8111,3.8111,3.8191,3.8211,3.8161,3.8161,34
2026-01-26 13:26:00,3.8126,3.8141,3.8051,3.8051,3.8176,3.8191,3.8101,3.8101,20
2026-01-26 13:27:00,3.8046,3.8061,3.7871,3.7881,3.8096,3.8111,3.7921,3.7931,38
2026-01-26 13:28:00,3.7886,3.7981,3.7881,3.7941,3.7936,3.8031,3.7931,3.7991,23
2026-01-26 13:29:00,3.7936,3.7946,3.7831,3.7861,3.7986,3.7996,3.7881,3.7911,33
2026-01-26 13:30:00,3.7856,3.7856,3.7796,3.7831,3.7906,3.7906,3.7846,3.7881,54
2026-01-26 13:31:00,3.7826,3.7836,3.7786,3.7816,3.7876,3.7886,3.7836,3.7866,50
2026-01-26 13:32:00,3.7826,3.7836,3.7796,3.7821,3.7876,3.7886,3.7846,3.7871,36
2026-01-26 13:33:00,3.7816,3.7866,3.7806,3.7846,3.7866,3.7916,3.7856,3.7896,38
2026-01-26 13:34:00,3.7856,3.7936,3.7851,3.7901,3.7906,3.7986,3.7901,3.7951,43
2026-01-26 13:35:00,3.7906,3.7931,3.7846,3.7861,3.7956,3.7981,3.7896,3.7911,24
2026-01-26 13:36:00,3.7866,3.7871,3.7806,3.7836,3.7916,3.7921,3.7856,3.7886,51
2026-01-26 13:37:00,3.7826,3.7826,3.7671,3.7671,3.7876,3.7876,3.7721,3.7721,77
2026-01-26 13:38:00,3.7636,3.7681,3.7471,3.7481,3.7686,3.7731,3.7521,3.7531,93
2026-01-26 13:39:00,3.7476,3.7536,3.7396,3.7481,3.7526,3.7586,3.7446,3.7531,67
2026-01-26 13:40:00,3.7491,3.7611,3.7466,3.7596,3.7541,3.7661,3.7516,3.7646,46
2026-01-26 13:41:00,3.7591,3.7636,3.7566,3.7596,3.7641,3.7686,3.7616,3.7646,47
2026-01-26 13:42:00,3.7601,3.7601,3.7361,3.7406,3.7651,3.7651,3.7411,3.7456,68
2026-01-26 13:43:00,3.7411,3.7526,3.7376,3.7516,3.7461,3.7576,3.7426,3.7566,72
2026-01-26 13:44:00,3.7521,3.7626,3.7521,3.7596,3.7571,3.7676,3.7571,3.7646,64
2026-01-26 13:45:00,3.7606,3.7646,3.7586,3.7621,3.7656,3.7696,3.7636,3.7671,45
2026-01-26 13:46:00,3.7616,3.7666,3.7611,3.7666,3.7666,3.7716,3.7661,3.7716,43
2026-01-26 13:47:00,3.7676,3.7776,3.7501,3.7571,3.7726,3.7826,3.7551,3.7621,112
2026-01-26 13:48:00,3.7556,3.7616,3.7506,3.7561,3.7606,3.7666,3.7556,3.7611,59
2026-01-26 13:49:00,3.7556,3.7616,3.7506,3.7566,3.7606,3.7666,3.7556,3.7616,62
2026-01-26 13:50:00,3.7561,3.7631,3.7526,3.7551,3.7611,3.7681,3.7576,3.7601,58
2026-01-26 13:51:00,3.7556,3.7646,3.7526,3.7611,3.7606,3.7696,3.7576,3.7661,52
2026-01-26 13:52:00,3.7616,3.7651,3.7511,3.7531,3.7666,3.7701,3.7561,3.7581,55
2026-01-26 13:53:00,3.7536,3.7616,3.7406,3.7506,3.7586,3.7666,3.7456,3.7556,148
2026-01-26 13:54:00,3.7466,3.7606,3.7461,3.7596,3.7516,3.7656,3.7511,3.7646,69
2026-01-26 13:55:00,3.7591,3.7666,3.7536,3.7611,3.7641,3.7716,3.7586,3.7661,71
2026-01-26 13:56:00,3.7606,3.7636,3.7286,3.7316,3.7656,3.7686,3.7336,3.7366,117
2026-01-26 13:57:00,3.7311,3.7501,3.7296,3.7496,3.7361,3.7551,3.7346,3.7546,103
2026-01-26 13:58:00,3.7491,3.7501,3.7311,3.7371,3.7541,3.7551,3.7361,3.7421,73
2026-01-26 13:59:00,3.7356,3.7536,3.7316,3.7471,3.7406,3.7586,3.7366,3.7521,111
2026-01-26 14:00:00,3.7481,3.7521,3.7376,3.7441,3.7531,3.7571,3.7426,3.7491,86
2026-01-26 14:01:00,3.7431,3.7481,3.7276,3.7361,3.7481,3.7531,3.7326,3.7411,79
2026-01-26 14:02:00,3.7346,3.7416,3.7261,3.7266,3.7396,3.7466,3.7311,3.7316,62
2026-01-26 14:03:00,3.7256,3.7286,3.7141,3.7191,3.7306,3.7336,3.7191,3.7241,72
2026-01-26 14:04:00,3.7201,3.7401,3.7136,3.7396,3.7251,3.7451,3.7186,3.7446,89
2026-01-26 14:05:00,3.7391,3.7551,3.7376,3.7541,3.7441,3.7601,3.7426,3.7591,70
2026-01-26 14:06:00,3.7531,3.7546,3.7381,3.7406,3.7581,3.7596,3.7431,3.7456,63
2026-01-26 14:07:00,3.7411,3.7486,3.7251,3.7266,3.7461,3.7536,3.7301,3.7316,81
2026-01-26 14:08:00,3.7261,3.7376,3.7206,3.7336,3.7311,3.7426,3.7256,3.7386,102
2026-01-26 14:09:00,3.7316,3.7396,3.7296,3.7331,3.7366,3.7446,3.7346,3.7381,58
2026-01-26 14:10:00,3.7336,3.7416,3.7321,3.7341,3.7386,3.7466,3.7371,3.7391,64
2026-01-26 14:11:00,3.7336,3.7606,3.7326,3.7596,3.7386,3.7656,3.7376,3.7646,108
2026-01-26 14:12:00,3.7601,3.7711,3.7556,3.7671,3.7651,3.7761,3.7606,3.7721,99
2026-01-26 14:13:00,3.7666,3.7686,3.7426,3.7431,3.7716,3.7736,3.7476,3.7481,75
2026-01-26 14:14:00,3.7436,3.7506,3.7356,3.7456,3.7486,3.7556,3.7406,3.7506,78
2026-01-26 14:15:00,3.7451,3.7456,3.7386,3.7436,3.7501,3.7506,3.7436,3.7486,38
2026-01-26 14:16:00,3.7446,3.7466,3.7376,3.7391,3.7496,3.7516,3.7426,3.7441,69
2026-01-26 14:17:00,3.7401,3.7491,3.7336,3.7491,3.7451,3.7541,3.7386,3.7541,54
2026-01-26 14:18:00,3.7486,3.7496,3.7336,3.7416,3.7536,3.7546,3.7386,3.7466,73
2026-01-26 14:19:00,3.7406,3.7406,3.7336,3.7381,3.7456,3.7456,3.7386,3.7431,53
2026-01-26 14:20:00,3.7366,3.7526,3.7366,3.7436,3.7416,3.7576,3.7416,3.7486,66
2026-01-26 14:21:00,3.7416,3.7621,3.7416,3.7621,3.7466,3.7671,3.7466,3.7671,105
2026-01-26 14:22:00,3.7631,3.7636,3.7441,3.7476,3.7681,3.7686,3.7491,3.7526,57
2026-01-26 14:23:00,3.7466,3.7571,3.7426,3.7496,3.7516,3.7621,3.7476,3.7546,54
2026-01-26 14:24:00,3.7491,3.7591,3.7476,3.7551,3.7541,3.7641,3.7526,3.7601,30
2026-01-26 14:25:00,3.7556,3.7766,3.7541,3.7741,3.7606,3.7816,3.7591,3.7791,64
2026-01-26 14:26:00,3.7746,3.7856,3.7746,3.7841,3.7796,3.7906,3.7796,3.7891,90
2026-01-26 14:27:00,3.7846,3.7901,3.7816,3.7846,3.7896,3.7951,3.7866,3.7896,59
2026-01-26 14:28:00,3.7856,3.7906,3.7781,3.7791,3.7906,3.7956,3.7831,3.7841,60
2026-01-26 14:29:00,3.7776,3.7776,3.7651,3.7701,3.7826,3.7826,3.7701,3.7751,50
2026-01-26 14:30:00,3.7691,3.7691,3.7566,3.7596,3.7741,3.7741,3.7616,3.7646,42
2026-01-26 14:31:00,3.7591,3.7926,3.7571,3.7751,3.7641,3.7976,3.7621,3.7801,134
2026-01-26 14:32:00,3.7741,3.7826,3.7701,3.7761,3.7791,3.7876,3.7751,3.7811,59
2026-01-26 14:33:00,3.7766,3.7776,3.7636,3.7686,3.7816,3.7826,3.7686,3.7736,66
2026-01-26 14:34:00,3.7691,3.7691,3.7566,3.7581,3.7741,3.7741,3.7616,3.7631,50
2026-01-26 14:35:00,3.7586,3.7651,3.7501,3.7511,3.7636,3.7701,3.7551,3.7561,38
2026-01-26 14:36:00,3.7506,3.7581,3.7471,3.7581,3.7556,3.7631,3.7521,3.7631,42
2026-01-26 14:37:00,3.7571,3.7571,3.7356,3.7376,3.7621,3.7621,3.7406,3.7426,42
2026-01-26 14:38:00,3.7366,3.7366,3.7281,3.7286,3.7416,3.7416,3.7331,3.7336,62
2026-01-26 14:39:00,3.7296,3.7376,3.7236,3.7236,3.7346,3.7426,3.7286,3.7286,63
2026-01-26 14:40:00,3.7241,3.7246,3.7056,3.7056,3.7291,3.7296,3.7106,3.7106,90
2026-01-26 14:41:00,3.7041,3.7096,3.6986,3.7066,3.7091,3.7146,3.7036,3.7116,66
2026-01-26 14:42:00,3.7076,3.7086,3.6936,3.6976,3.7126,3.7136,3.6986,3.7026,58
2026-01-26 14:43:00,3.6981,3.7026,3.6886,3.6931,3.7031,3.7076,3.6936,3.6981,72
2026-01-26 14:44:00,3.6936,3.6971,3.6891,3.6956,3.6986,3.7021,3.6941,3.7006,50
2026-01-26 14:45:00,3.6961,3.7156,3.6941,3.7141,3.7011,3.7206,3.6991,3.7191,66
2026-01-26 14:46:00,3.7151,3.7151,3.7041,3.7091,3.7201,3.7201,3.7091,3.7141,34
2026-01-26 14:47:00,3.7076,3.7086,3.6986,3.7016,3.7126,3.7136,3.7036,3.7066,39
2026-01-26 14:48:00,3.7021,3.7096,3.6846,3.6991,3.7071,3.7146,3.6896,3.7041,98
2026-01-26 14:49:00,3.6996,3.7091,3.6981,3.7081,3.7046,3.7141,3.7031,3.7131,80
2026-01-26 14:50:00,3.7086,3.7101,3.7026,3.7101,3.7136,3.7151,3.7076,3.7151,46
2026-01-26 14:51:00,3.7106,3.7186,3.7006,3.7101,3.7156,3.7236,3.7056,3.7151,65
2026-01-26 14:52:00,3.7096,3.7101,3.6936,3.6946,3.7146,3.7151,3.6986,3.6996,81
2026-01-26 14:53:00,3.6951,3.7086,3.6951,3.6976,3.7001,3.7136,3.7001,3.7026,67
2026-01-26 14:54:00,3.6971,3.7016,3.6896,3.6981,3.7021,3.7066,3.6946,3.7031,95
2026-01-26 14:55:00,3.6976,3.6976,3.6696,3.6696,3.7026,3.7026,3.6746,3.6746,119
2026-01-26 14:56:00,3.6701,3.6906,3.6686,3.6891,3.6751,3.6956,3.6736,3.6941,88
2026-01-26 14:57:00,3.6886,3.6926,3.6801,3.6851,3.6936,3.6976,3.6851,3.6901,111
2026-01-26 14:58:00,3.6846,3.6886,3.6766,3.6846,3.6896,3.6936,3.6816,3.6896,72
2026-01-26 14:59:00,3.6836,3.6936,3.6801,3.6811,3.6886,3.6986,3.6851,3.6861,105
2026-01-26 15:00:00,3.6806,3.6936,3.6756,3.6911,3.6856,3.6986,3.6806,3.6961,161
2026-01-26 15:01:00,3.6916,3.7001,3.6886,3.6891,3.6966,3.7051,3.6936,3.6941,96
2026-01-26 15:02:00,3.6896,3.6931,3.6826,3.6926,3.6946,3.6981,3.6876,3.6976,81
2026-01-26 15:03:00,3.6916,3.6971,3.6836,3.6931,3.6966,3.7021,3.6886,3.6981,77
2026-01-26 15:04:00,3.6936,3.7096,3.6886,3.7091,3.6986,3.7146,3.6936,3.7141,158
2026-01-26 15:05:00,3.7086,3.7136,3.6981,3.6991,3.7136,3.7186,3.7031,3.7041,99
2026-01-26 15:06:00,3.6996,3.7316,3.6981,3.7246,3.7046,3.7366,3.7031,3.7296,195
2026-01-26 15:07:00,3.7236,3.7316,3.7146,3.7151,3.7286,3.7366,3.7196,3.7201,131
2026-01-26 15:08:00,3.7146,3.7296,3.7146,3.7286,3.7196,3.7346,3.7196,3.7336,91
2026-01-26 15:09:00,3.7271,3.7501,3.7246,3.7436,3.7321,3.7551,3.7296,3.7486,127
2026-01-26 15:10:00,3.7431,3.7431,3.7266,3.7316,3.7481,3.7481,3.7316,3.7366,103
2026-01-26 15:11:00,3.7311,3.7351,3.7226,3.7281,3.7361,3.7401,3.7276,3.7331,160
2026-01-26 15:12:00,3.7291,3.7291,3.7076,3.7076,3.7341,3.7341,3.7126,3.7126,77
2026-01-26 15:13:00,3.7086,3.7096,3.6841,3.6896,3.7136,3.7146,3.6891,3.6946,109
2026-01-26 15:14:00,3.6891,3.7011,3.6891,3.6936,3.6941,3.7061,3.6941,3.6986,63
2026-01-26 15:15:00,3.6941,3.6951,3.6816,3.6826,3.6991,3.7001,3.6866,3.6876,63
2026-01-26 15:16:00,3.6831,3.6936,3.6826,3.6841,3.6881,3.6986,3.6876,3.6891,72
2026-01-26 15:17:00,3.6836,3.6866,3.6726,3.6726,3.6886,3.6916,3.6776,3.6776,58
2026-01-26 15:18:00,3.6721,3.6721,3.6586,3.6691,3.6771,3.6771,3.6636,3.6741,90
2026-01-26 15:19:00,3.6696,3.6756,3.6671,3.6741,3.6746,3.6806,3.6721,3.6791,83
2026-01-26 15:20:00,3.6721,3.6816,3.6706,3.6801,3.6771,3.6866,3.6756,3.6851,44
2026-01-26 15:21:00,3.6806,3.6806,3.6686,3.6701,3.6856,3.6856,3.6736,3.6751,63
2026-01-26 15:22:00,3.6706,3.6711,3.6641,3.6661,3.6756,3.6761,3.6691,3.6711,32
2026-01-26 15:23:00,3.6666,3.6796,3.6656,3.6711,3.6716,3.6846,3.6706,3.6761,81
2026-01-26 15:24:00,3.6706,3.6721,3.6586,3.6601,3.6756,3.6771,3.6636,3.6651,87
2026-01-26 15:25:00,3.6606,3.6666,3.6536,3.6596,3.6656,3.6716,3.6586,3.6646,75
2026-01-26 15:26:00,3.6601,3.6726,3.6596,3.6661,3.6651,3.6776,3.6646,3.6711,43
2026-01-26 15:27:00,3.6671,3.6681,3.6606,3.6621,3.6721,3.6731,3.6656,3.6671,59
2026-01-26 15:28:00,3.6616,3.6696,3.6591,3.6666,3.6666,3.6746,3.6641,3.6716,59
2026-01-26 15:29:00,3.6661,3.6701,3.6581,3.6581,3.6711,3.6751,3.6631,3.6631,48
2026-01-26 15:30:00,3.6586,3.6641,3.6526,3.6626,3.6636,3.6691,3.6576,3.6676,103
2026-01-26 15:31:00,3.6641,3.6716,3.6526,3.6586,3.6691,3.6766,3.6576,3.6636,107
2026-01-26 15:32:00,3.6596,3.6731,3.6536,3.6691,3.6646,3.6781,3.6586,3.6741,123
2026-01-26 15:33:00,3.6696,3.6791,3.6666,3.6746,3.6746,3.6841,3.6716,3.6796,131
2026-01-26 15:34:00,3.6741,3.6756,3.6686,3.6726,3.6791,3.6806,3.6736,3.6776,103
2026-01-26 15:35:00,3.6721,3.6776,3.6706,3.6726,3.6771,3.6826,3.6756,3.6776,91
2026-01-26 15:36:00,3.6721,3.6771,3.6656,3.6751,3.6771,3.6821,3.6706,3.6801,99
2026-01-26 15:37:00,3.6746,3.6866,3.6716,3.6836,3.6796,3.6916,3.6766,3.6886,101
2026-01-26 15:38:00,3.6831,3.7041,3.6831,3.6886,3.6881,3.7091,3.6881,3.6936,234
2026-01-26 15:39:00,3.6881,3.6986,3.6771,3.6966,3.6931,3.7036,3.6821,3.7016,108
2026-01-26 15:40:00,3.6976,3.7041,3.6831,3.6836,3.7026,3.7091,3.6881,3.6886,127
2026-01-26 15:41:00,3.6831,3.6861,3.6611,3.6626,3.6881,3.6911,3.6661,3.6676,148
2026-01-26 15:42:00,3.6636,3.6636,3.6446,3.6526,3.6686,3.6686,3.6496,3.6576,173
2026-01-26 15:43:00,3.6516,3.6516,3.6386,3.6401,3.6566,3.6566,3.6436,3.6451,73
2026-01-26 15:44:00,3.6411,3.6436,3.6336,3.6356,3.6461,3.6486,3.6386,3.6406,74
2026-01-26 15:45:00,3.6361,3.6426,3.6336,3.6391,3.6411,3.6476,3.6386,3.6441,82
2026-01-26 15:46:00,3.6396,3.6536,3.6386,3.6496,3.6446,3.6586,3.6436,3.6546,182
2026-01-26 15:47:00,3.6501,3.6606,3.6466,3.6526,3.6551,3.6656,3.6516,3.6576,168
2026-01-26 15:48:00,3.6516,3.6516,3.6401,3.6416,3.6566,3.6566,3.6451,3.6466,82
2026-01-26 15:49:00,3.6406,3.6461,3.6336,3.6446,3.6456,3.6511,3.6386,3.6496,110
2026-01-26 15:50:00,3.6441,3.6596,3.6436,3.6541,3.6491,3.6646,3.6486,3.6591,153
2026-01-26 15:51:00,3.6546,3.6666,3.6521,3.6591,3.6596,3.6716,3.6571,3.6641,144
2026-01-26 15:52:00,3.6596,3.6656,3.6566,3.6606,3.6646,3.6706,3.6616,3.6656,67
2026-01-26 15:53:00,3.6601,3.6686,3.6516,3.6521,3.6651,3.6736,3.6566,3.6571,101
2026-01-26 15:54:00,3.6526,3.6556,3.6456,3.6481,3.6576,3.6606,3.6506,3.6531,87
2026-01-26 15:55:00,3.6471,3.6511,3.6401,3.6406,3.6521,3.6561,3.6451,3.6456,66
2026-01-26 15:56:00,3.6421,3.6491,3.6366,3.6441,3.6471,3.6541,3.6416,3.6491,85
2026-01-26 15:57:00,3.6446,3.6646,3.6396,3.6631,3.6496,3.6696,3.6446,3.6681,91
2026-01-26 15:58:00,3.6626,3.6766,3.6606,3.6756,3.6676,3.6816,3.6656,3.6806,82
2026-01-26 15:59:00,3.6761,3.6801,3.6726,3.6756,3.6811,3.6851,3.6776,3.6806,78
2026-01-26 16:00:00,3.6766,3.6876,3.6766,3.6871,3.6816,3.6926,3.6816,3.6921,88
2026-01-26 16:01:00,3.6866,3.6946,3.6846,3.6896,3.6916,3.6996,3.6896,3.6946,128
2026-01-26 16:02:00,3.6886,3.6891,3.6816,3.6871,3.6936,3.6941,3.6866,3.6921,121
2026-01-26 16:03:00,3.6876,3.6926,3.6806,3.6806,3.6926,3.6976,3.6856,3.6856,122
2026-01-26 16:04:00,3.6801,3.6826,3.6751,3.6816,3.6851,3.6876,3.6801,3.6866,72
2026-01-26 16:05:00,3.6826,3.6936,3.6781,3.6851,3.6876,3.6986,3.6831,3.6901,117
2026-01-26 16:06:00,3.6856,3.6931,3.6816,3.6856,3.6906,3.6981,3.6866,3.6906,95
2026-01-26 16:07:00,3.6846,3.6871,3.6791,3.6846,3.6896,3.6921,3.6841,3.6896,57
2026-01-26 16:08:00,3.6836,3.6856,3.6771,3.6821,3.6886,3.6906,3.6821,3.6871,50
2026-01-26 16:09:00,3.6826,3.6846,3.6781,3.6821,3.6876,3.6896,3.6831,3.6871,42
2026-01-26 16:10:00,3.6831,3.6846,3.6801,3.6811,3.6881,3.6896,3.6851,3.6861,43
2026-01-26 16:11:00,3.6806,3.6841,3.6721,3.6771,3.6856,3.6891,3.6771,3.6821,69
2026-01-26 16:12:00,3.6781,3.6866,3.6766,3.6801,3.6831,3.6916,3.6816,3.6851,44
2026-01-26 16:13:00,3.6791,3.6856,3.6756,3.6836,3.6841,3.6906,3.6806,3.6886,56
2026-01-26 16:14:00,3.6831,3.6886,3.6831,3.6881,3.6881,3.6936,3.6881,3.6931,46
2026-01-26 16:15:00,3.6886,3.6936,3.6776,3.6781,3.6936,3.6986,3.6826,3.6831,70
2026-01-26 16:16:00,3.6776,3.6871,3.6736,3.6851,3.6826,3.6921,3.6786,3.6901,62
2026-01-26 16:17:00,3.6841,3.6946,3.6826,3.6926,3.6891,3.6996,3.6876,3.6976,49
2026-01-26 16:18:00,3.6916,3.6931,3.6881,3.6931,3.6966,3.6981,3.6931,3.6981,42
2026-01-26 16:19:00,3.6926,3.7006,3.6896,3.6971,3.6976,3.7056,3.6946,3.7021,48
2026-01-26 16:20:00,3.6976,3.7051,3.6956,3.7016,3.7026,3.7101,3.7006,3.7066,70
2026-01-26 16:21:00,3.7011,3.7016,3.6956,3.6961,3.7061,3.7066,3.7006,3.7011,48
2026-01-26 16:22:00,3.6956,3.7001,3.6836,3.6986,3.7006,3.7051,3.6886,3.7036,54
2026-01-26 16:23:00,3.6991,3.7066,3.6961,3.7051,3.7041,3.7116,3.7011,3.7101,69
2026-01-26 16:24:00,3.7061,3.7156,3.7051,3.7126,3.7111,3.7206,3.7101,3.7176,107
2026-01-26 16:25:00,3.7136,3.7236,3.7126,3.7176,3.7186,3.7286,3.7176,3.7226,162
2026-01-26 16:26:00,3.7186,3.7236,3.7041,3.7071,3.7236,3.7286,3.7091,3.7121,113
2026-01-26 16:27:00,3.7086,3.7146,3.7046,3.7116,3.7136,3.7196,3.7096,3.7166,137
2026-01-26 16:28:00,3.7111,3.7166,3.6986,3.7146,3.7161,3.7216,3.7036,3.7196,92
2026-01-26 16:29:00,3.7151,3.7176,3.7046,3.7056,3.7201,3.7226,3.7096,3.7106,104
2026-01-26 16:30:00,3.7061,3.7086,3.7006,3.7016,3.7111,3.7136,3.7056,3.7066,52
2026-01-26 16:31:00,3.7011,3.7096,3.6926,3.7096,3.7061,3.7146,3.6976,3.7146,114
2026-01-26 16:32:00,3.7101,3.7136,3.7071,3.7106,3.7151,3.7186,3.7121,3.7156,58
2026-01-26 16:33:00,3.7101,3.7111,3.7016,3.7036,3.7151,3.7161,3.7066,3.7086,80
2026-01-26 16:34:00,3.7041,3.7116,3.6981,3.7106,3.7091,3.7166,3.7031,3.7156,75
2026-01-26 16:35:00,3.7116,3.7176,3.7096,3.7156,3.7166,3.7226,3.7146,3.7206,64
2026-01-26 16:36:00,3.7161,3.7226,3.7136,3.7216,3.7211,3.7276,3.7186,3.7266,75
2026-01-26 16:37:00,3.7206,3.7351,3.7166,3.7351,3.7256,3.7401,3.7216,3.7401,92
2026-01-26 16:38:00,3.7341,3.7381,3.7296,3.7316,3.7391,3.7431,3.7346,3.7366,106
2026-01-26 16:39:00,3.7326,3.7346,3.7226,3.7231,3.7376,3.7396,3.7276,3.7281,67
2026-01-26 16:40:00,3.7236,3.7356,3.7236,3.7316,3.7286,3.7406,3.7286,3.7366,97
2026-01-26 16:41:00,3.7321,3.7376,3.7276,3.7276,3.7371,3.7426,3.7326,3.7326,100
2026-01-26 16:42:00,3.7266,3.7391,3.7266,3.7346,3.7316,3.7441,3.7316,3.7396,96
2026-01-26 16:43:00,3.7356,3.7376,3.7326,3.7326,3.7406,3.7426,3.7376,3.7376,60
2026-01-26 16:44:00,3.7331,3.7396,3.7296,3.7396,3.7381,3.7446,3.7346,3.7446,69
2026-01-26 16:45:00,3.7391,3.7456,3.7376,3.7416,3.7441,3.7506,3.7426,3.7466,75
2026-01-26 16:46:00,3.7411,3.7441,3.7366,3.7391,3.7461,3.7491,3.7416,3.7441,69
2026-01-26 16:47:00,3.7396,3.7406,3.7336,3.7351,3.7446,3.7456,3.7386,3.7401,58
2026-01-26 16:48:00,3.7346,3.7346,3.7251,3.7266,3.7396,3.7396,3.7301,3.7316,82
2026-01-26 16:49:00,3.7271,3.7336,3.7246,3.7276,3.7321,3.7386,3.7296,3.7326,93
2026-01-26 16:50:00,3.7281,3.7451,3.7266,3.7416,3.7331,3.7501,3.7316,3.7466,95
2026-01-26 16:51:00,3.7421,3.7421,3.7356,3.7396,3.7471,3.7471,3.7406,3.7446,58
2026-01-26 16:52:00,3.7391,3.7456,3.7266,3.7266,3.7441,3.7506,3.7316,3.7316,110
2026-01-26 16:53:00,3.7271,3.7306,3.7151,3.7186,3.7321,3.7356,3.7201,3.7236,68
2026-01-26 16:54:00,3.7196,3.7251,3.7186,3.7216,3.7246,3.7301,3.7236,3.7266,57
2026-01-26 16:55:00,3.7206,3.7231,3.7196,3.7226,3.7256,3.7281,3.7246,3.7276,26
2026-01-26 16:56:00,3.7236,3.7246,3.7176,3.7206,3.7286,3.7296,3.7226,3.7256,42
2026-01-26 16:57:00,3.7196,3.7251,3.7196,3.7226,3.7246,3.7301,3.7246,3.7276,46
2026-01-26 16:58:00,3.7231,3.7261,3.7226,3.7246,3.7281,3.7311,3.7276,3.7296,30
2026-01-26 16:59:00,3.7241,3.7276,3.7146,3.7171,3.7291,3.7326,3.7196,3.7221,56
2026-01-26 17:00:00,3.7166,3.7166,3.6986,3.7116,3.7216,3.7216,3.7036,3.7166,118
2026-01-26 17:01:00,3.7111,3.7111,3.6906,3.6946,3.7161,3.7161,3.6956,3.6996,110
2026-01-26 17:02:00,3.6951,3.7021,3.6876,3.6891,3.7001,3.7071,3.6926,3.6941,83
2026-01-26 17:03:00,3.6896,3.6941,3.6851,3.6941,3.6946,3.6991,3.6901,3.6991,100
2026-01-26 17:04:00,3.6946,3.6996,3.6916,3.6996,3.6996,3.7046,3.6966,3.7046,63
2026-01-26 17:05:00,3.7006,3.7016,3.6961,3.7006,3.7056,3.7066,3.7011,3.7056,77
2026-01-26 17:06:00,3.7011,3.7076,3.7006,3.7051,3.7061,3.7126,3.7056,3.7101,78
2026-01-26 17:07:00,3.7056,3.7086,3.7006,3.7066,3.7106,3.7136,3.7056,3.7116,74
2026-01-26 17:08:00,3.7061,3.7246,3.7016,3.7241,3.7111,3.7296,3.7066,3.7291,84
2026-01-26 17:09:00,3.7236,3.7246,3.7186,3.7226,3.7286,3.7296,3.7236,3.7276,67
2026-01-26 17:10:00,3.7231,3.7296,3.7226,3.7256,3.7281,3.7346,3.7276,3.7306,69
2026-01-26 17:11:00,3.7261,3.7326,3.7216,3.7301,3.7311,3.7376,3.7266,3.7351,86
2026-01-26 17:12:00,3.7296,3.7416,3.7276,3.7366,3.7346,3.7466,3.7326,3.7416,97
2026-01-26 17:13:00,3.7361,3.7436,3.7296,3.7371,3.7411,3.7486,3.7346,3.7421,103
2026-01-26 17:14:00,3.7376,3.7456,3.7336,3.7451,3.7426,3.7506,3.7386,3.7501,95
2026-01-26 17:15:00,3.7456,3.7466,3.7391,3.7461,3.7506,3.7516,3.7441,3.7511,77
2026-01-26 17:16:00,3.7456,3.7556,3.7456,3.7506,3.7506,3.7606,3.7506,3.7556,110
2026-01-26 17:17:00,3.7516,3.7566,3.7486,3.7556,3.7566,3.7616,3.7536,3.7606,96
2026-01-26 17:18:00,3.7551,3.7626,3.7546,3.7606,3.7601,3.7676,3.7596,3.7656,59
2026-01-26 17:19:00,3.7616,3.7676,3.7606,3.7656,3.7666,3.7726,3.7656,3.7706,58
2026-01-26 17:20:00,3.7666,3.7706,3.7606,3.7686,3.7716,3.7756,3.7656,3.7736,112
2026-01-26 17:21:00,3.7696,3.7806,3.7666,3.7806,3.7746,3.7856,3.7716,3.7856,141
2026-01-26 17:22:00,3.7796,3.8076,3.7786,3.7996,3.7846,3.8126,3.7836,3.8046,309
2026-01-26 17:23:00,3.7991,3.8046,3.7881,3.7941,3.8041,3.8096,3.7931,3.7991,195
2026-01-26 17:24:00,3.7946,3.7986,3.7841,3.7891,3.7996,3.8036,3.7891,3.7941,263
2026-01-26 17:25:00,3.7901,3.8026,3.7856,3.7886,3.7951,3.8076,3.7906,3.7936,202
2026-01-26 17:26:00,3.7876,3.7936,3.7851,3.7921,3.7926,3.7986,3.7901,3.7971,87
2026-01-26 17:27:00,3.7926,3.7946,3.7856,3.7916,3.7976,3.7996,3.7906,3.7966,92
2026-01-26 17:28:00,3.7926,3.7926,3.7816,3.7876,3.7976,3.7976,3.7866,3.7926,82
2026-01-26 17:29:00,3.7881,3.7896,3.7796,3.7826,3.7931,3.7946,3.7846,3.7876,102
2026-01-26 17:30:00,3.7836,3.7926,3.7781,3.7896,3.7886,3.7976,3.7831,3.7946,104
2026-01-26 17:31:00,3.7901,3.7906,3.7681,3.7726,3.7951,3.7956,3.7731,3.7776,213
2026-01-26 17:32:00,3.7721,3.7806,3.7696,3.7746,3.7771,3.7856,3.7746,3.7796,130
2026-01-26 17:33:00,3.7736,3.7866,3.7716,3.7851,3.7786,3.7916,3.7766,3.7901,74
2026-01-26 17:34:00,3.7856,3.7856,3.7736,3.7786,3.7906,3.7906,3.7786,3.7836,102
2026-01-26 17:35:00,3.7776,3.7846,3.7731,3.7746,3.7826,3.7896,3.7781,3.7796,135
2026-01-26 17:36:00,3.7736,3.7736,3.7526,3.7571,3.7786,3.7786,3.7576,3.7621,127
2026-01-26 17:37:00,3.7576,3.7631,3.7496,3.7546,3.7626,3.7681,3.7546,3.7596,88
2026-01-26 17:38:00,3.7556,3.7726,3.7531,3.7646,3.7606,3.7776,3.7581,3.7696,105
2026-01-26 17:39:00,3.7641,3.7856,3.7641,3.7721,3.7691,3.7906,3.7691,3.7771,91
2026-01-26 17:40:00,3.7731,3.7796,3.7651,3.7661,3.7781,3.7846,3.7701,3.7711,87
2026-01-26 17:41:00,3.7676,3.7676,3.7526,3.7586,3.7726,3.7726,3.7576,3.7636,91
2026-01-26 17:42:00,3.7576,3.7731,3.7571,3.7721,3.7626,3.7781,3.7621,3.7771,114
2026-01-26 17:43:00,3.7726,3.7761,3.7556,3.7586,3.7776,3.7811,3.7606,3.7636,98
2026-01-26 17:44:00,3.7581,3.7696,3.7566,3.7681,3.7631,3.7746,3.7616,3.7731,137
2026-01-26 17:45:00,3.7686,3.7711,3.7641,3.7696,3.7736,3.7761,3.7691,3.7746,72
2026-01-26 17:46:00,3.7681,3.7681,3.7556,3.7621,3.7731,3.7731,3.7606,3.7671,55
2026-01-26 17:47:00,3.7616,3.7716,3.7601,3.7646,3.7666,3.7766,3.7651,3.7696,83
2026-01-26 17:48:00,3.7636,3.7656,3.7546,3.7656,3.7686,3.7706,3.7596,3.7706,73
2026-01-26 17:49:00,3.7651,3.7681,3.7526,3.7541,3.7701,3.7731,3.7576,3.7591,79
2026-01-26 17:50:00,3.7546,3.7676,3.7541,3.7666,3.7596,3.7726,3.7591,3.7716,52
2026-01-26 17:51:00,3.7676,3.7731,3.7606,3.7681,3.7726,3.7781,3.7656,3.7731,59
2026-01-26 17:52:00,3.7686,3.7761,3.7666,3.7716,3.7736,3.7811,3.7716,3.7766,62
2026-01-26 17:53:00,3.7726,3.7901,3.7726,3.7846,3.7776,3.7951,3.7776,3.7896,85
2026-01-26 17:54:00,3.7841,3.7906,3.7826,3.7826,3.7891,3.7956,3.7876,3.7876,72
2026-01-26 17:55:00,3.7816,3.7876,3.7796,3.7836,3.7866,3.7926,3.7846,3.7886,77
2026-01-26 17:56:00,3.7851,3.7896,3.7796,3.7881,3.7901,3.7946,3.7846,3.7931,41
2026-01-26 17:57:00,3.7891,3.7946,3.7871,3.7896,3.7941,3.7996,3.7921,3.7946,79
2026-01-26 17:58:00,3.7906,3.7966,3.7861,3.7896,3.7956,3.8016,3.7911,3.7946,74
2026-01-26 17:59:00,3.7886,3.7951,3.7806,3.7826,3.7936,3.8001,3.7856,3.7876,80
2026-01-26 18:00:00,3.7821,3.7986,3.7776,3.7966,3.7871,3.8036,3.7826,3.8016,101
2026-01-26 18:01:00,3.7976,3.7986,3.7936,3.7946,3.8026,3.8036,3.7986,3.7996,60
2026-01-26 18:02:00,3.7956,3.8046,3.7936,3.8021,3.8006,3.8096,3.7986,3.8071,112
2026-01-26 18:03:00,3.8016,3.8026,3.7956,3.7956,3.8066,3.8076,3.8006,3.8006,79
2026-01-26 18:04:00,3.7966,3.7976,3.7926,3.7941,3.8016,3.8026,3.7976,3.7991,46
2026-01-26 18:05:00,3.7936,3.7956,3.7916,3.7936,3.7986,3.8006,3.7966,3.7986,57
2026-01-26 18:06:00,3.7941,3.7966,3.7896,3.7911,3.7991,3.8016,3.7946,3.7961,59
2026-01-26 18:07:00,3.7906,3.8006,3.7896,3.8006,3.7956,3.8056,3.7946,3.8056,94
2026-01-26 18:08:00,3.7996,3.8046,3.7976,3.8036,3.8046,3.8096,3.8026,3.8086,81
2026-01-26 18:09:00,3.8041,3.8066,3.8011,3.8051,3.8091,3.8116,3.8061,3.8101,72
2026-01-26 18:10:00,3.8056,3.8236,3.8056,3.8236,3.8106,3.8286,3.8106,3.8286,91
2026-01-26 18:11:00,3.8231,3.8446,3.8176,3.8276,3.8281,3.8496,3.8226,3.8326,172
2026-01-26 18:12:00,3.8281,3.8416,3.8266,3.8351,3.8331,3.8466,3.8316,3.8401,110
2026-01-26 18:13:00,3.8366,3.8381,3.8266,3.8341,3.8416,3.8431,3.8316,3.8391,87
2026-01-26 18:14:00,3.8346,3.8436,3.8346,3.8381,3.8396,3.8486,3.8396,3.8431,107
2026-01-26 18:15:00,3.8386,3.8416,3.8336,3.8386,3.8436,3.8466,3.8386,3.8436,91
2026-01-26 18:16:00,3.8391,3.8531,3.8366,3.8371,3.8441,3.8581,3.8416,3.8421,143
2026-01-26 18:17:00,3.8366,3.8476,3.8291,3.8426,3.8416,3.8526,3.8341,3.8476,143
2026-01-26 18:18:00,3.8421,3.8461,3.8376,3.8376,3.8471,3.8511,3.8426,3.8426,60
2026-01-26 18:19:00,3.8371,3.8396,3.8316,3.8366,3.8421,3.8446,3.8366,3.8416,53
2026-01-26 18:20:00,3.8371,3.8481,3.8336,3.8436,3.8421,3.8531,3.8386,3.8486,69
2026-01-26 18:21:00,3.8441,3.8456,3.8336,3.8341,3.8491,3.8506,3.8386,3.8391,97
2026-01-26 18:22:00,3.8336,3.8356,3.8266,3.8326,3.8386,3.8406,3.8316,3.8376,108
2026-01-26 18:23:00,3.8331,3.8441,3.8326,3.8441,3.8381,3.8491,3.8376,3.8491,62
2026-01-26 18:24:00,3.8451,3.8511,3.8416,3.8486,3.8501,3.8561,3.8466,3.8536,93
2026-01-26 18:25:00,3.8476,3.8491,3.8396,3.8456,3.8526,3.8541,3.8446,3.8506,46
2026-01-26 18:26:00,3.8446,3.8526,3.8446,3.8496,3.8496,3.8576,3.8496,3.8546,76
2026-01-26 18:27:00,3.8486,3.8536,3.8346,3.8356,3.8536,3.8586,3.8396,3.8406,91
2026-01-26 18:28:00,3.8346,3.8381,3.8281,3.8286,3.8396,3.8431,3.8331,3.8336,73
2026-01-26 18:29:00,3.8276,3.8286,3.8186,3.8206,3.8326,3.8336,3.8236,3.8256,76
2026-01-26 18:30:00,3.8201,3.8306,3.8176,3.8241,3.8251,3.8356,3.8226,3.8291,50
2026-01-26 18:31:00,3.8246,3.8516,3.8231,3.8426,3.8296,3.8566,3.8281,3.8476,190
2026-01-26 18:32:00,3.8436,3.8561,3.8371,3.8416,3.8486,3.8611,3.8421,3.8466,262
2026-01-26 18:33:00,3.8406,3.8586,3.8376,3.8561,3.8456,3.8636,3.8426,3.8611,174
2026-01-26 18:34:00,3.8566,3.8656,3.8476,3.8616,3.8616,3.8706,3.8526,3.8666,181
2026-01-26 18:35:00,3.8621,3.8666,3.8576,3.8601,3.8671,3.8716,3.8626,3.8651,142
2026-01-26 18:36:00,3.8596,3.8721,3.8586,3.8646,3.8646,3.8771,3.8636,3.8696,214
2026-01-26 18:37:00,3.8651,3.8746,3.8616,3.8646,3.8701,3.8796,3.8666,3.8696,121
2026-01-26 18:38:00,3.8656,3.8686,3.8526,3.8566,3.8706,3.8736,3.8576,3.8616,142
2026-01-26 18:39:00,3.8571,3.8696,3.8516,3.8651,3.8621,3.8746,3.8566,3.8701,163
2026-01-26 18:40:00,3.8656,3.8736,3.8596,3.8661,3.8706,3.8786,3.8646,3.8711,153
2026-01-26 18:41:00,3.8656,3.8766,3.8606,3.8736,3.8706,3.8816,3.8656,3.8786,141
2026-01-26 18:42:00,3.8726,3.8786,3.8666,3.8721,3.8776,3.8836,3.8716,3.8771,126
2026-01-26 18:43:00,3.8726,3.8876,3.8706,3.8866,3.8776,3.8926,3.8756,3.8916,135
2026-01-26 18:44:00,3.8861,3.8916,3.8776,3.8871,3.8911,3.8966,3.8826,3.8921,158
2026-01-26 18:45:00,3.8866,3.8876,3.8796,3.8806,3.8916,3.8926,3.8846,3.8856,131
2026-01-26 18:46:00,3.8811,3.8816,3.8666,3.8771,3.8861,3.8866,3.8716,3.8821,119
2026-01-26 18:47:00,3.8776,3.8846,3.8746,3.8776,3.8826,3.8896,3.8796,3.8826,117
2026-01-26 18:48:00,3.8771,3.8771,3.8706,3.8741,3.8821,3.8821,3.8756,3.8791,105
2026-01-26 18:49:00,3.8736,3.8816,3.8736,3.8786,3.8786,3.8866,3.8786,3.8836,100
2026-01-26 18:50:00,3.8776,3.8901,3.8706,3.8866,3.8826,3.8951,3.8756,3.8916,124
2026-01-26 18:51:00,3.8871,3.8886,3.8791,3.8841,3.8921,3.8936,3.8841,3.8891,94
2026-01-26 18:52:00,3.8846,3.8856,3.8796,3.8796,3.8896,3.8906,3.8846,3.8846,56
2026-01-26 18:53:00,3.8801,3.8806,3.8516,3.8566,3.8851,3.8856,3.8566,3.8616,146
2026-01-26 18:54:00,3.8556,3.8706,3.8556,3.8696,3.8606,3.8756,3.8606,3.8746,113
2026-01-26 18:55:00,3.8691,3.8866,3.8691,3.8796,3.8741,3.8916,3.8741,3.8846,161
2026-01-26 18:56:00,3.8801,3.8821,3.8696,3.8801,3.8851,3.8871,3.8746,3.8851,114
2026-01-26 18:57:00,3.8806,3.8816,3.8741,3.8776,3.8856,3.8866,3.8791,3.8826,66
2026-01-26 18:58:00,3.8806,3.8916,3.8806,3.8916,3.8856,3.8966,3.8856,3.8966,135
2026-01-26 18:59:00,3.8906,3.8946,3.8806,3.8836,3.8956,3.8996,3.8856,3.8886,115
2026-01-26 19:00:00,3.8841,3.8876,3.8646,3.8666,3.8891,3.8926,3.8696,3.8716,171
2026-01-26 19:01:00,3.8686,3.8806,3.8631,3.8746,3.8736,3.8856,3.8681,3.8796,167
2026-01-26 19:02:00,3.8751,3.8926,3.8746,3.8901,3.8801,3.8976,3.8796,3.8951,108
2026-01-26 19:03:00,3.8896,3.8931,3.8836,3.8856,3.8946,3.8981,3.8886,3.8906,118
2026-01-26 19:04:00,3.8861,3.8916,3.8706,3.8786,3.8911,3.8966,3.8756,3.8836,117
2026-01-26 19:05:00,3.8796,3.8861,3.8726,3.8846,3.8846,3.8911,3.8776,3.8896,75
2026-01-26 19:06:00,3.8851,3.9016,3.8851,3.8996,3.8901,3.9066,3.8901,3.9046,131
2026-01-26 19:07:00,3.8986,3.9006,3.8686,3.8746,3.9036,3.9056,3.8736,3.8796,147
2026-01-26 19:08:00,3.8751,3.8876,3.8716,3.8761,3.8801,3.8926,3.8766,3.8811,111
2026-01-26 19:09:00,3.8766,3.8846,3.8736,3.8756,3.8816,3.8896,3.8786,3.8806,82
2026-01-26 19:10:00,3.8766,3.8801,3.8531,3.8571,3.8816,3.8851,3.8581,3.8621,117
2026-01-26 19:11:00,3.8581,3.8581,3.8346,3.8396,3.8631,3.8631,3.8396,3.8446,222
2026-01-26 19:12:00,3.8401,3.8476,3.8376,3.8441,3.8451,3.8526,3.8426,3.8491,93
2026-01-26 19:13:00,3.8426,3.8476,3.8291,3.8321,3.8476,3.8526,3.8341,3.8371,131
2026-01-26 19:14:00,3.8336,3.8496,3.8291,3.8476,3.8386,3.8546,3.8341,3.8526,159
2026-01-26 19:15:00,3.8466,3.8716,3.8436,3.8596,3.8516,3.8766,3.8486,3.8646,186
2026-01-26 19:16:00,3.8591,3.8596,3.8436,3.8491,3.8641,3.8646,3.8486,3.8541,94
2026-01-26 19:17:00,3.8496,3.8596,3.8426,3.8431,3.8546,3.8646,3.8476,3.8481,102
2026-01-26 19:18:00,3.8426,3.8576,3.8366,3.8496,3.8476,3.8626,3.8416,3.8546,120
2026-01-26 19:19:00,3.8501,3.8531,3.8446,3.8496,3.8551,3.8581,3.8496,3.8546,87
2026-01-26 19:20:00,3.8501,3.8501,3.8326,3.8406,3.8551,3.8551,3.8376,3.8456,105
2026-01-26 19:21:00,3.8411,3.8536,3.8351,3.8471,3.8461,3.8586,3.8401,3.8521,131
2026-01-26 19:22:00,3.8466,3.8606,3.8436,3.8521,3.8516,3.8656,3.8486,3.8571,93
2026-01-26 19:23:00,3.8516,3.8536,3.8456,3.8456,3.8566,3.8586,3.8506,3.8506,71
2026-01-26 19:24:00,3.8446,3.8636,3.8446,3.8636,3.8496,3.8686,3.8496,3.8686,62
2026-01-26 19:25:00,3.8641,3.8706,3.8636,3.8706,3.8691,3.8756,3.8686,3.8756,76
2026-01-26 19:26:00,3.8696,3.8706,3.8651,3.8691,3.8746,3.8756,3.8701,3.8741,52
2026-01-26 19:27:00,3.8696,3.8751,3.8681,3.8716,3.8746,3.8801,3.8731,3.8766,55
2026-01-26 19:28:00,3.8726,3.8726,3.8646,3.8666,3.8776,3.8776,3.8696,3.8716,40
2026-01-26 19:29:00,3.8661,3.8821,3.8646,3.8811,3.8711,3.8871,3.8696,3.8861,93
2026-01-26 19:30:00,3.8831,3.8936,3.8816,3.8916,3.8881,3.8986,3.8866,3.8966,97
2026-01-26 19:31:00,3.8926,3.8976,3.8876,3.8936,3.8976,3.9026,3.8926,3.8986,104
2026-01-26 19:32:00,3.8926,3.9016,3.8836,3.8991,3.8976,3.9066,3.8886,3.9041,134
2026-01-26 19:33:00,3.8981,3.9016,3.8866,3.8866,3.9031,3.9066,3.8916,3.8916,68
2026-01-26 19:34:00,3.8871,3.8936,3.8856,3.8896,3.8921,3.8986,3.8906,3.8946,50
2026-01-26 19:35:00,3.8901,3.8956,3.8856,3.8911,3.8951,3.9006,3.8906,3.8961,49
2026-01-26 19:36:00,3.8916,3.8986,3.8866,3.8866,3.8966,3.9036,3.8916,3.8916,53
2026-01-26 19:37:00,3.8861,3.8931,3.8766,3.8816,3.8911,3.8981,3.8816,3.8866,99
2026-01-26 19:38:00,3.8821,3.8911,3.8751,3.8806,3.8871,3.8961,3.8801,3.8856,90
2026-01-26 19:39:00,3.8821,3.8876,3.8686,3.8726,3.8871,3.8926,3.8736,3.8776,88
2026-01-26 19:40:00,3.8731,3.8736,3.8606,3.8686,3.8781,3.8786,3.8656,3.8736,101
2026-01-26 19:41:00,3.8691,3.8786,3.8646,3.8736,3.8741,3.8836,3.8696,3.8786,84
2026-01-26 19:42:00,3.8746,3.8766,3.8716,3.8741,3.8796,3.8816,3.8766,3.8791,33
2026-01-26 19:43:00,3.8746,3.8826,3.8736,3.8796,3.8796,3.8876,3.8786,3.8846,41
2026-01-26 19:44:00,3.8801,3.8856,3.8801,3.8846,3.8851,3.8906,3.8851,3.8896,62
2026-01-26 19:45:00,3.8851,3.8866,3.8776,3.8836,3.8901,3.8916,3.8826,3.8886,76
2026-01-26 19:46:00,3.8826,3.8851,3.8806,3.8846,3.8876,3.8901,3.8856,3.8896,38
2026-01-26 19:47:00,3.8856,3.8896,3.8816,3.8856,3.8906,3.8946,3.8866,3.8906,41
2026-01-26 19:48:00,3.8841,3.8906,3.8841,3.8876,3.8891,3.8956,3.8891,3.8926,50
2026-01-26 19:49:00,3.8886,3.9016,3.8836,3.9006,3.8936,3.9066,3.8886,3.9056,73
2026-01-26 19:50:00,3.9011,3.9041,3.8916,3.8931,3.9061,3.9091,3.8966,3.8981,95
2026-01-26 19:51:00,3.8926,3.8926,3.8666,3.8666,3.8976,3.8976,3.8716,3.8716,155
2026-01-26 19:52:00,3.8676,3.8736,3.8556,3.8586,3.8726,3.8786,3.8606,3.8636,88
2026-01-26 19:53:00,3.8591,3.8626,3.8566,3.8576,3.8641,3.8676,3.8616,3.8626,56
2026-01-26 19:54:00,3.8571,3.8656,3.8556,3.8626,3.8621,3.8706,3.8606,3.8676,75
2026-01-26 19:55:00,3.8631,3.8676,3.8576,3.8596,3.8681,3.8726,3.8626,3.8646,82
2026-01-26 19:56:00,3.8591,3.8616,3.8356,3.8481,3.8641,3.8666,3.8406,3.8531,139
2026-01-26 19:57:00,3.8476,3.8506,3.8336,3.8356,3.8526,3.8556,3.8386,3.8406,163
2026-01-26 19:58:00,3.8366,3.8376,3.8306,3.8311,3.8416,3.8426,3.8356,3.8361,87
2026-01-26 19:59:00,3.8316,3.8356,3.8246,3.8346,3.8366,3.8406,3.8296,3.8396,90
2026-01-26 20:00:00,3.8341,3.8426,3.8341,3.8421,3.8391,3.8476,3.8391,3.8471,82
2026-01-26 20:01:00,3.8431,3.8466,3.8356,3.8376,3.8481,3.8516,3.8406,3.8426,59
2026-01-26 20:02:00,3.8371,3.8426,3.8321,3.8366,3.8421,3.8476,3.8371,3.8416,90
2026-01-26 20:03:00,3.8371,3.8466,3.8336,3.8361,3.8421,3.8516,3.8386,3.8411,80
2026-01-26 20:04:00,3.8366,3.8431,3.8336,3.8406,3.8416,3.8481,3.8386,3.8456,66
2026-01-26 20:05:00,3.8401,3.8486,3.8376,3.8376,3.8451,3.8536,3.8426,3.8426,62
2026-01-26 20:06:00,3.8381,3.8381,3.8286,3.8321,3.8431,3.8431,3.8336,3.8371,52
2026-01-26 20:07:00,3.8326,3.8461,3.8326,3.8396,3.8376,3.8511,3.8376,3.8446,60
2026-01-26 20:08:00,3.8401,3.8531,3.8376,3.8446,3.8451,3.8581,3.8426,3.8496,73
2026-01-26 20:09:00,3.8436,3.8536,3.8386,3.8521,3.8486,3.8586,3.8436,3.8571,72
2026-01-26 20:10:00,3.8526,3.8571,3.8476,3.8546,3.8576,3.8621,3.8526,3.8596,119
2026-01-26 20:11:00,3.8551,3.8616,3.8466,3.8511,3.8601,3.8666,3.8516,3.8561,104
2026-01-26 20:12:00,3.8516,3.8566,3.8466,3.8486,3.8566,3.8616,3.8516,3.8536,102
2026-01-26 20:13:00,3.8481,3.8486,3.8366,3.8446,3.8531,3.8536,3.8416,3.8496,66
2026-01-26 20:14:00,3.8431,3.8476,3.8411,3.8446,3.8481,3.8526,3.8461,3.8496,55
2026-01-26 20:15:00,3.8441,3.8506,3.8326,3.8476,3.8491,3.8556,3.8376,3.8526,85
2026-01-26 20:16:00,3.8471,3.8491,3.8426,3.8466,3.8521,3.8541,3.8476,3.8516,59
2026-01-26 20:17:00,3.8461,3.8476,3.8426,3.8451,3.8511,3.8526,3.8476,3.8501,36
2026-01-26 20:18:00,3.8466,3.8506,3.8366,3.8401,3.8516,3.8556,3.8416,3.8451,70
2026-01-26 20:19:00,3.8391,3.8391,3.8306,3.8351,3.8441,3.8441,3.8356,3.8401,122
2026-01-26 20:20:00,3.8356,3.8366,3.8276,3.8366,3.8406,3.8416,3.8326,3.8416,65
2026-01-26 20:21:00,3.8356,3.8446,3.8336,3.8406,3.8406,3.8496,3.8386,3.8456,106
2026-01-26 20:22:00,3.8401,3.8541,3.8386,3.8541,3.8451,3.8591,3.8436,3.8591,100
2026-01-26 20:23:00,3.8536,3.8591,3.8476,3.8576,3.8586,3.8641,3.8526,3.8626,118
2026-01-26 20:24:00,3.8581,3.8596,3.8516,3.8566,3.8631,3.8646,3.8566,3.8616,125
2026-01-26 20:25:00,3.8596,3.8706,3.8576,3.8686,3.8646,3.8756,3.8626,3.8736,110
2026-01-26 20:26:00,3.8676,3.8691,3.8601,3.8641,3.8726,3.8741,3.8651,3.8691,115
2026-01-26 20:27:00,3.8646,3.8676,3.8546,3.8646,3.8696,3.8726,3.8596,3.8696,203
2026-01-26 20:28:00,3.8656,3.8876,3.8621,3.8856,3.8706,3.8926,3.8671,3.8906,475
2026-01-26 20:29:00,3.8861,3.8866,3.8726,3.8736,3.8911,3.8916,3.8776,3.8786,297
2026-01-26 20:30:00,3.8731,3.8866,3.8726,3.8856,3.8781,3.8916,3.8776,3.8906,171
2026-01-26 20:31:00,3.8851,3.8856,3.8616,3.8691,3.8901,3.8906,3.8666,3.8741,164
2026-01-26 20:32:00,3.8696,3.8741,3.8611,3.8636,3.8746,3.8791,3.8661,3.8686,103
2026-01-26 20:33:00,3.8631,3.8631,3.8511,3.8511,3.8681,3.8681,3.8561,3.8561,65
2026-01-26 20:34:00,3.8516,3.8516,3.8431,3.8431,3.8566,3.8566,3.8481,3.8481,79
2026-01-26 20:35:00,3.8436,3.8436,3.8306,3.8331,3.8486,3.8486,3.8356,3.8381,90
2026-01-26 20:36:00,3.8326,3.8406,3.8306,3.8356,3.8376,3.8456,3.8356,3.8406,115
2026-01-26 20:37:00,3.8366,3.8371,3.8246,3.8266,3.8416,3.8421,3.8296,3.8316,145
2026-01-26 20:38:00,3.8271,3.8291,3.8116,3.8161,3.8321,3.8341,3.8166,3.8211,115
2026-01-26 20:39:00,3.8166,3.8216,3.8126,3.8131,3.8216,3.8266,3.8176,3.8181,89
2026-01-26 20:40:00,3.8126,3.8141,3.7986,3.8036,3.8176,3.8191,3.8036,3.8086,97
2026-01-26 20:41:00,3.8026,3.8116,3.8026,3.8051,3.8076,3.8166,3.8076,3.8101,85
2026-01-26 20:42:00,3.8056,3.8111,3.8046,3.8086,3.8106,3.8161,3.8096,3.8136,56
2026-01-26 20:43:00,3.8081,3.8116,3.8036,3.8056,3.8131,3.8166,3.8086,3.8106,58
2026-01-26 20:44:00,3.8051,3.8071,3.8011,3.8011,3.8101,3.8121,3.8061,3.8061,24
2026-01-26 20:45:00,3.8016,3.8051,3.7966,3.8051,3.8066,3.8101,3.8016,3.8101,52
2026-01-26 20:46:00,3.8041,3.8166,3.7976,3.8141,3.8091,3.8216,3.8026,3.8191,78
2026-01-26 20:47:00,3.8156,3.8161,3.7986,3.8011,3.8206,3.8211,3.8036,3.8061,75
2026-01-26 20:48:00,3.8006,3.8026,3.7876,3.7896,3.8056,3.8076,3.7926,3.7946,71
2026-01-26 20:49:00,3.7891,3.7936,3.7876,3.7911,3.7941,3.7986,3.7926,3.7961,34
2026-01-26 20:50:00,3.7916,3.7941,3.7876,3.7881,3.7966,3.7991,3.7926,3.7931,29
2026-01-26 20:51:00,3.7891,3.7956,3.7876,3.7951,3.7941,3.8006,3.7926,3.8001,19
2026-01-26 20:52:00,3.7941,3.7976,3.7926,3.7971,3.7991,3.8026,3.7976,3.8021,16
2026-01-26 20:53:00,3.7966,3.8036,3.7961,3.8026,3.8016,3.8086,3.8011,3.8076,22
2026-01-26 20:54:00,3.8031,3.8046,3.7936,3.7936,3.8081,3.8096,3.7986,3.7986,66
2026-01-26 20:55:00,3.7926,3.7976,3.7896,3.7961,3.7976,3.8026,3.7946,3.8011,56
2026-01-26 20:56:00,3.7971,3.8006,3.7966,3.8006,3.8021,3.8056,3.8016,3.8056,23
2026-01-26 20:57:00,3.8001,3.8036,3.7971,3.8031,3.8051,3.8086,3.8021,3.8081,38
2026-01-26 20:58:00,3.8036,3.8056,3.7981,3.8016,3.8086,3.8106,3.8031,3.8066,19
2026-01-26 20:59:00,3.8011,3.8041,3.7991,3.7991,3.8061,3.8091,3.8041,3.8041,29
2026-01-26 21:00:00,3.7996,3.8016,3.7991,3.8006,3.8046,3.8066,3.8041,3.8056,18
2026-01-26 21:01:00,3.8011,3.8086,3.8011,3.8076,3.8061,3.8136,3.8061,3.8126,35
2026-01-26 21:02:00,3.8091,3.8091,3.7986,3.8056,3.8141,3.8141,3.8036,3.8106,50
2026-01-26 21:03:00,3.8061,3.8081,3.7981,3.7981,3.8111,3.8131,3.8031,3.8031,35
2026-01-26 21:04:00,3.7986,3.8016,3.7976,3.8016,3.8036,3.8066,3.8026,3.8066,29
2026-01-26 21:05:00,3.8021,3.8051,3.8011,3.8051,3.8071,3.8101,3.8061,3.8101,25
2026-01-26 21:06:00,3.8061,3.8061,3.8006,3.8011,3.8111,3.8111,3.8056,3.8061,12
2026-01-26 21:07:00,3.8016,3.8026,3.7851,3.7861,3.8066,3.8076,3.7901,3.7911,55
2026-01-26 21:08:00,3.7866,3.7886,3.7806,3.7886,3.7916,3.7936,3.7856,3.7936,48
2026-01-26 21:09:00,3.7891,3.7891,3.7836,3.7871,3.7941,3.7941,3.7886,3.7921,26
2026-01-26 21:10:00,3.7876,3.7876,3.7836,3.7841,3.7926,3.7926,3.7886,3.7891,12
2026-01-26 21:11:00,3.7836,3.7866,3.7836,3.7841,3.7886,3.7916,3.7886,3.7891,20
2026-01-26 21:12:00,3.7831,3.7836,3.7756,3.7791,3.7881,3.7886,3.7806,3.7841,42
2026-01-26 21:13:00,3.7796,3.7841,3.7796,3.7811,3.7846,3.7891,3.7846,3.7861,21
2026-01-26 21:14:00,3.7806,3.7861,3.7791,3.7791,3.7856,3.7911,3.7841,3.7841,28
2026-01-26 21:15:00,3.7801,3.7826,3.7716,3.7726,3.7851,3.7876,3.7766,3.7776,62
2026-01-26 21:16:00,3.7731,3.7801,3.7731,3.7776,3.7781,3.7851,3.7781,3.7826,34
2026-01-26 21:17:00,3.7766,3.7776,3.7671,3.7731,3.7816,3.7826,3.7721,3.7781,67
2026-01-26 21:18:00,3.7741,3.7821,3.7741,3.7791,3.7791,3.7871,3.7791,3.7841,31
2026-01-26 21:19:00,3.7796,3.7796,3.7736,3.7766,3.7846,3.7846,3.7786,3.7816,49
2026-01-26 21:20:00,3.7761,3.7781,3.7746,3.7771,3.7811,3.7831,3.7796,3.7821,39
2026-01-26 21:21:00,3.7776,3.7811,3.7746,3.7806,3.7826,3.7861,3.7796,3.7856,44
2026-01-26 21:22:00,3.7811,3.7871,3.7806,3.7851,3.7861,3.7921,3.7856,3.7901,27
2026-01-26 21:23:00,3.7856,3.7876,3.7836,3.7856,3.7906,3.7926,3.7886,3.7906,17
2026-01-26 21:24:00,3.7846,3.7861,3.7816,3.7861,3.7896,3.7911,3.7866,3.7911,29
2026-01-26 21:25:00,3.7866,3.7881,3.7831,3.7876,3.7916,3.7931,3.7881,3.7926,29
2026-01-26 21:26:00,3.7871,3.7906,3.7871,3.7896,3.7921,3.7956,3.7921,3.7946,24
2026-01-26 21:27:00,3.7891,3.7901,3.7876,3.7886,3.7941,3.7951,3.7926,3.7936,20
2026-01-26 21:28:00,3.7876,3.7916,3.7876,3.7911,3.7926,3.7966,3.7926,3.7961,16
2026-01-26 21:29:00,3.7906,3.7921,3.7826,3.7836,3.7956,3.7971,3.7876,3.7886,44
2026-01-26 21:30:00,3.7841,3.7841,3.7791,3.7811,3.7891,3.7891,3.7841,3.7861,44
2026-01-26 21:31:00,3.7816,3.7891,3.7806,3.7891,3.7866,3.7941,3.7856,3.7941,26
2026-01-26 21:32:00,3.7886,3.7971,3.7876,3.7946,3.7936,3.8021,3.7926,3.7996,57
2026-01-26 21:33:00,3.7956,3.8036,3.7941,3.8001,3.8006,3.8086,3.7991,3.8051,60
2026-01-26 21:34:00,3.8006,3.8036,3.8001,3.8006,3.8056,3.8086,3.8051,3.8056,22
2026-01-26 21:35:00,3.8011,3.8026,3.7986,3.8021,3.8061,3.8076,3.8036,3.8071,24
2026-01-26 21:36:00,3.8026,3.8091,3.8026,3.8081,3.8076,3.8141,3.8076,3.8131,38
2026-01-26 21:37:00,3.8071,3.8096,3.8071,3.8096,3.8121,3.8146,3.8121,3.8146,15
2026-01-26 21:38:00,3.8091,3.8116,3.8076,3.8096,3.8141,3.8166,3.8126,3.8146,24
2026-01-26 21:39:00,3.8091,3.8106,3.8036,3.8081,3.8141,3.8156,3.8086,3.8131,53
2026-01-26 21:40:00,3.8086,3.8171,3.8081,3.8156,3.8136,3.8221,3.8131,3.8206,33
2026-01-26 21:41:00,3.8176,3.8226,3.8161,3.8196,3.8226,3.8276,3.8211,3.8246,38
2026-01-26 21:42:00,3.8201,3.8336,3.8196,3.8326,3.8251,3.8386,3.8246,3.8376,62
2026-01-26 21:43:00,3.8316,3.8321,3.8241,3.8281,3.8366,3.8371,3.8291,3.8331,30
2026-01-26 21:44:00,3.8276,3.8286,3.8186,3.8191,3.8326,3.8336,3.8236,3.8241,18
2026-01-26 21:45:00,3.8196,3.8226,3.8131,3.8206,3.8246,3.8276,3.8181,3.8256,37
2026-01-26 21:46:00,3.8196,3.8201,3.8171,3.8181,3.8246,3.8251,3.8221,3.8231,21
2026-01-26 21:47:00,3.8196,3.8216,3.8176,3.8191,3.8246,3.8266,3.8226,3.8241,22
2026-01-26 21:48:00,3.8186,3.8226,3.8186,3.8186,3.8236,3.8276,3.8236,3.8236,25
2026-01-26 21:49:00,3.8181,3.8256,3.8181,3.8251,3.8231,3.8306,3.8231,3.8301,37
2026-01-26 21:50:00,3.8246,3.8256,3.8161,3.8161,3.8296,3.8306,3.8211,3.8211,44
2026-01-26 21:51:00,3.8156,3.8166,3.8111,3.8111,3.8206,3.8216,3.8161,3.8161,22
2026-01-26 21:52:00,3.8106,3.8156,3.8106,3.8136,3.8156,3.8206,3.8156,3.8186,28
2026-01-26 21:53:00,3.8131,3.8141,3.8096,3.8101,3.8181,3.8191,3.8146,3.8151,20
2026-01-26 21:54:00,3.8116,3.8136,3.8116,3.8131,3.8166,3.8186,3.8166,3.8181,25
2026-01-26 21:55:00,3.8126,3.8151,3.8086,3.8096,3.8176,3.8201,3.8136,3.8146,31
2026-01-26 21:56:00,3.8101,3.8136,3.8086,3.8126,3.8151,3.8186,3.8136,3.8176,31
2026-01-26 21:57:00,3.8121,3.8166,3.8116,3.8151,3.8171,3.8216,3.8166,3.8201,24
2026-01-26 21:58:00,3.8156,3.8161,3.8096,3.8116,3.8206,3.8211,3.8146,3.8166,25
2026-01-26 21:59:00,3.8121,3.8151,3.8116,3.8126,3.8171,3.8201,3.8166,3.8176,33
2026-01-26 22:00:00,3.8121,3.8161,3.8116,3.8161,3.8171,3.8211,3.8166,3.8211,17
2026-01-26 22:01:00,3.8166,3.8196,3.8156,3.8196,3.8216,3.8246,3.8206,3.8246,11
2026-01-26 22:02:00,3.8191,3.8191,3.8171,3.8171,3.8241,3.8241,3.8221,3.8221,5
2026-01-26 22:03:00,3.8166,3.8166,3.8126,3.8161,3.8216,3.8216,3.8176,3.8211,22
2026-01-26 22:04:00,3.8151,3.8241,3.8141,3.8241,3.8201,3.8291,3.8191,3.8291,46
2026-01-26 22:05:00,3.8236,3.8266,3.8231,3.8256,3.8286,3.8316,3.8281,3.8306,22
2026-01-26 22:06:00,3.8246,3.8251,3.8216,3.8226,3.8296,3.8301,3.8266,3.8276,12
2026-01-26 22:07:00,3.8221,3.8271,3.8221,3.8266,3.8271,3.8321,3.8271,3.8316,14
2026-01-26 22:08:00,3.8271,3.8271,3.8241,3.8241,3.8321,3.8321,3.8291,3.8291,8
2026-01-26 22:09:00,3.8246,3.8246,3.8221,3.8236,3.8296,3.8296,3.8271,3.8286,8
2026-01-26 22:10:00,3.8231,3.8241,3.8221,3.8241,3.8281,3.8291,3.8271,3.8291,6
2026-01-26 22:11:00,3.8231,3.8231,3.8176,3.8181,3.8281,3.8281,3.8226,3.8231,18
2026-01-26 22:12:00,3.8176,3.8201,3.8166,3.8171,3.8226,3.8251,3.8216,3.8221,16
2026-01-26 22:13:00,3.8176,3.8186,3.8166,3.8186,3.8226,3.8236,3.8216,3.8236,21
2026-01-26 22:14:00,3.8181,3.8181,3.8151,3.8161,3.8231,3.8231,3.8201,3.8211,17
2026-01-26 22:15:00,3.8166,3.8186,3.8161,3.8166,3.8216,3.8236,3.8211,3.8216,17
2026-01-26 22:16:00,3.8161,3.8161,3.8116,3.8146,3.8211,3.8211,3.8166,3.8196,26
2026-01-26 22:17:00,3.8151,3.8186,3.8151,3.8171,3.8201,3.8236,3.8201,3.8221,10
2026-01-26 22:18:00,3.8186,3.8206,3.8171,3.8176,3.8236,3.8256,3.8221,3.8226,20
2026-01-26 22:19:00,3.8171,3.8191,3.8171,3.8191,3.8221,3.8241,3.8221,3.8241,8
2026-01-26 22:20:00,3.8196,3.8196,3.8176,3.8186,3.8246,3.8246,3.8226,3.8236,5
2026-01-26 22:21:00,3.8191,3.8201,3.8181,3.8201,3.8241,3.8251,3.8231,3.8251,7
2026-01-26 22:22:00,3.8181,3.8191,3.8181,3.8181,3.8231,3.8241,3.8231,3.8231,4
2026-01-26 22:23:00,3.8176,3.8176,3.8131,3.8141,3.8226,3.8226,3.8181,3.8191,6
2026-01-26 22:24:00,3.8146,3.8151,3.8146,3.8146,3.8196,3.8201,3.8196,3.8196,3
2026-01-26 22:25:00,3.8141,3.8171,3.8126,3.8161,3.8191,3.8221,3.8176,3.8211,27
2026-01-26 22:26:00,3.8156,3.8206,3.8156,3.8166,3.8206,3.8256,3.8206,3.8216,13
2026-01-26 22:27:00,3.8176,3.8196,3.8176,3.8186,3.8226,3.8246,3.8226,3.8236,10
2026-01-26 22:28:00,3.8191,3.8206,3.8186,3.8186,3.8241,3.8256,3.8236,3.8236,6
2026-01-26 22:29:00,3.8191,3.8216,3.8176,3.8181,3.8241,3.8266,3.8226,3.8231,13
2026-01-26 22:30:00,3.8186,3.8201,3.8181,3.8196,3.8236,3.8251,3.8231,3.8246,27
2026-01-26 22:31:00,3.8191,3.8266,3.8191,3.8251,3.8241,3.8316,3.8241,3.8301,37
2026-01-26 22:32:00,3.8256,3.8351,3.8256,3.8346,3.8306,3.8401,3.8306,3.8396,37
2026-01-26 22:33:00,3.8351,3.8376,3.8321,3.8321,3.8401,3.8426,3.8371,3.8371,36
2026-01-26 22:34:00,3.8316,3.8351,3.8311,3.8341,3.8366,3.8401,3.8361,3.8391,28
2026-01-26 22:35:00,3.8346,3.8361,3.8336,3.8346,3.8396,3.8411,3.8386,3.8396,20
2026-01-26 22:36:00,3.8351,3.8351,3.8301,3.8301,3.8401,3.8401,3.8351,3.8351,12
2026-01-26 22:37:00,3.8306,3.8351,3.8306,3.8316,3.8356,3.8401,3.8356,3.8366,24
2026-01-26 22:38:00,3.8311,3.8321,3.8311,3.8321,3.8361,3.8371,3.8361,3.8371,3
2026-01-26 22:39:00,3.8316,3.8316,3.8261,3.8261,3.8366,3.8366,3.8311,3.8311,21
2026-01-26 22:40:00,3.8266,3.8296,3.8256,3.8281,3.8316,3.8346,3.8306,3.8331,10
2026-01-26 22:41:00,3.8286,3.8291,3.8246,3.8246,3.8336,3.8341,3.8296,3.8296,6
2026-01-26 22:42:00,3.8241,3.8246,3.8191,3.8241,3.8291,3.8296,3.8241,3.8291,17
2026-01-26 22:43:00,3.8246,3.8276,3.8216,3.8221,3.8296,3.8326,3.8266,3.8271,30
2026-01-26 22:44:00,3.8231,3.8271,3.8231,3.8266,3.8281,3.8321,3.8281,3.8316,11
2026-01-26 22:45:00,3.8271,3.8346,3.8266,3.8331,3.8321,3.8396,3.8316,3.8381,27
2026-01-26 22:46:00,3.8326,3.8361,3.8321,3.8341,3.8376,3.8411,3.8371,3.8391,17
2026-01-26 22:47:00,3.8346,3.8351,3.8316,3.8316,3.8396,3.8401,3.8366,3.8366,17
2026-01-26 22:48:00,3.8341,3.8356,3.8321,3.8341,3.8391,3.8406,3.8371,3.8391,20
2026-01-26 22:49:00,3.8336,3.8346,3.8326,3.8336,3.8386,3.8396,3.8376,3.8386,10
2026-01-26 22:50:00,3.8341,3.8366,3.8296,3.8306,3.8391,3.8416,3.8346,3.8356,30
2026-01-26 22:51:00,3.8311,3.8316,3.8256,3.8276,3.8361,3.8366,3.8306,3.8326,16
2026-01-26 22:52:00,3.8286,3.8291,3.8206,3.8221,3.8336,3.8341,3.8256,3.8271,17
2026-01-26 22:53:00,3.8226,3.8316,3.8226,3.8286,3.8276,3.8366,3.8276,3.8336,23
2026-01-26 22:54:00,3.8276,3.8331,3.8256,3.8326,3.8326,3.8381,3.8306,3.8376,33
2026-01-26 22:55:00,3.8331,3.8366,3.8316,3.8336,3.8381,3.8416,3.8366,3.8386,55
2026-01-26 22:56:00,3.8331,3.8356,3.8311,3.8336,3.8381,3.8406,3.8361,3.8386,58
2026-01-26 22:57:00,3.8356,3.8366,3.8321,3.8326,3.8406,3.8416,3.8371,3.8376,46
2026-01-26 22:58:00,3.8331,3.8336,3.8256,3.8301,3.8381,3.8386,3.8306,3.8351,45
2026-01-26 22:59:00,3.8306,3.8366,3.802,3.8045,3.8356,3.8416,3.807,3.8095,63
2026-01-27 00:00:00,3.809,3.8105,3.795,3.809,3.814,3.8155,3.8,3.814,34
2026-01-27 00:01:00,3.812,3.8205,3.8055,3.813,3.817,3.8255,3.8105,3.818,56
2026-01-27 00:02:00,3.8125,3.8145,3.8055,3.8095,3.8175,3.8195,3.8105,3.8145,31
2026-01-27 00:03:00,3.809,3.8135,3.8055,3.811,3.814,3.8185,3.8105,3.816,31
2026-01-27 00:04:00,3.8075,3.818,3.806,3.816,3.8125,3.823,3.811,3.821,34
2026-01-27 00:05:00,3.815,3.818,3.8125,3.818,3.82,3.823,3.8175,3.823,5
2026-01-27 00:06:00,3.815,3.8215,3.811,3.8115,3.82,3.8265,3.816,3.8165,19
2026-01-27 00:07:00,3.8085,3.814,3.8075,3.8105,3.8135,3.819,3.8125,3.8155,23
2026-01-27 00:08:00,3.8115,3.8115,3.8115,3.8115,3.8165,3.8165,3.8165,3.8165,1
2026-01-27 00:09:00,3.814,3.816,3.81,3.811,3.819,3.821,3.815,3.816,14
2026-01-27 00:10:00,3.8125,3.813,3.812,3.813,3.8175,3.818,3.817,3.818,4
2026-01-27 00:11:00,3.8155,3.8155,3.813,3.813,3.8205,3.8205,3.818,3.818,2
2026-01-27 00:12:00,3.8135,3.8155,3.8135,3.8155,3.8185,3.8205,3.8185,3.8205,7
2026-01-27 00:13:00,3.8165,3.822,3.816,3.8205,3.8215,3.827,3.821,3.8255,10
2026-01-27 00:14:00,3.8215,3.825,3.82,3.8225,3.8265,3.83,3.825,3.8275,15
2026-01-27 00:15:00,3.8235,3.8265,3.822,3.8255,3.8285,3.8315,3.827,3.8305,13
2026-01-27 00:16:00,3.8265,3.828,3.824,3.825,3.8315,3.833,3.829,3.83,22
2026-01-27 00:17:00,3.824,3.8265,3.8235,3.8235,3.829,3.8315,3.8285,3.8285,8
2026-01-27 00:18:00,3.8225,3.8225,3.819,3.8195,3.8275,3.8275,3.824,3.8245,13
2026-01-27 00:19:00,3.82,3.825,3.82,3.822,3.825,3.83,3.825,3.827,16
2026-01-27 00:20:00,3.8225,3.8245,3.8205,3.8205,3.8275,3.8295,3.8255,3.8255,8
2026-01-27 00:21:00,3.822,3.824,3.8215,3.824,3.827,3.829,3.8265,3.829,6
2026-01-27 00:22:00,3.8235,3.8235,3.823,3.8235,3.8285,3.8285,3.828,3.8285,3
2026-01-27 00:23:00,3.824,3.8295,3.824,3.827,3.829,3.8345,3.829,3.832,13
2026-01-27 00:24:00,3.8265,3.827,3.826,3.8265,3.8315,3.832,3.831,3.8315,9
2026-01-27 00:25:00,3.826,3.8275,3.8255,3.827,3.831,3.8325,3.8305,3.832,5
2026-01-27 00:26:00,3.8265,3.827,3.8265,3.827,3.8315,3.832,3.8315,3.832,2
2026-01-27 00:28:00,3.826,3.8275,3.8255,3.8255,3.831,3.8325,3.8305,3.8305,5
2026-01-27 00:30:00,3.823,3.823,3.8055,3.806,3.828,3.828,3.8105,3.811,35
2026-01-27 00:31:00,3.8055,3.809,3.803,3.803,3.8105,3.814,3.808,3.808,25
2026-01-27 00:32:00,3.8025,3.8025,3.797,3.8005,3.8075,3.8075,3.802,3.8055,26
2026-01-27 00:33:00,3.801,3.8075,3.8005,3.8045,3.806,3.8125,3.8055,3.8095,17
2026-01-27 00:34:00,3.806,3.806,3.806,3.806,3.811,3.811,3.811,3.811,1
2026-01-27 00:35:00,3.8055,3.806,3.8055,3.806,3.8105,3.811,3.8105,3.811,2
2026-01-27 00:36:00,3.8065,3.81,3.8065,3.81,3.8115,3.815,3.8115,3.815,8
2026-01-27 00:37:00,3.8105,3.813,3.8085,3.811,3.8155,3.818,3.8135,3.816,13
2026-01-27 00:38:00,3.809,3.8105,3.805,3.805,3.814,3.8155,3.81,3.81,16
2026-01-27 00:39:00,3.8045,3.8045,3.802,3.804,3.8095,3.8095,3.807,3.809,7
2026-01-27 00:40:00,3.8045,3.8095,3.8045,3.8095,3.8095,3.8145,3.8095,3.8145,5
2026-01-27 00:41:00,3.81,3.81,3.8095,3.8095,3.815,3.815,3.8145,3.8145,2
2026-01-27 00:42:00,3.81,3.81,3.81,3.81,3.815,3.815,3.815,3.815,1
2026-01-27 00:43:00,3.809,3.8135,3.808,3.808,3.814,3.8185,3.813,3.813,9
2026-01-27 00:44:00,3.809,3.809,3.809,3.809,3.814,3.814,3.814,3.814,1
2026-01-27 00:45:00,3.8085,3.8085,3.8045,3.8045,3.8135,3.8135,3.8095,3.8095,8
2026-01-27 00:46:00,3.8035,3.808,3.8035,3.808,3.8085,3.813,3.8085,3.813,7
2026-01-27 00:47:00,3.806,3.807,3.806,3.806,3.811,3.812,3.811,3.811,5
2026-01-27 00:48:00,3.805,3.8065,3.8035,3.8035,3.81,3.8115,3.8085,3.8085,7
2026-01-27 00:49:00,3.8045,3.8045,3.8025,3.8025,3.8095,3.8095,3.8075,3.8075,2
2026-01-27 00:50:00,3.802,3.802,3.8,3.801,3.807,3.807,3.805,3.806,5
2026-01-27 00:51:00,3.8,3.803,3.8,3.8005,3.805,3.808,3.805,3.8055,9
2026-01-27 00:52:00,3.8,3.8005,3.7985,3.8005,3.805,3.8055,3.8035,3.8055,6
2026-01-27 00:53:00,3.801,3.803,3.8,3.8,3.806,3.808,3.805,3.805,8
2026-01-27 00:54:00,3.7995,3.7995,3.799,3.799,3.8045,3.8045,3.804,3.804,4
2026-01-27 00:55:00,3.798,3.798,3.7955,3.7975,3.803,3.803,3.8005,3.8025,12
2026-01-27 00:56:00,3.798,3.7985,3.793,3.797,3.803,3.8035,3.798,3.802,13
2026-01-27 00:57:00,3.7965,3.7965,3.789,3.794,3.8015,3.8015,3.794,3.799,16
2026-01-27 00:58:00,3.7935,3.801,3.7935,3.8005,3.7985,3.806,3.7985,3.8055,12
2026-01-27 00:59:00,3.7995,3.8,3.793,3.793,3.8045,3.805,3.798,3.798,11
2026-01-27 01:00:00,3.7925,3.795,3.7865,3.789,3.7975,3.8,3.7915,3.794,35
2026-01-27 01:01:00,3.7895,3.7895,3.781,3.781,3.7945,3.7945,3.786,3.786,27
2026-01-27 01:02:00,3.7825,3.7825,3.781,3.7815,3.7875,3.7875,3.786,3.7865,4
2026-01-27 01:03:00,3.7825,3.785,3.779,3.7845,3.7875,3.79,3.784,3.7895,22
2026-01-27 01:04:00,3.783,3.783,3.78,3.7805,3.788,3.788,3.785,3.7855,11
2026-01-27 01:05:00,3.782,3.782,3.7805,3.7815,3.787,3.787,3.7855,3.7865,7
2026-01-27 01:06:00,3.78,3.782,3.777,3.782,3.785,3.787,3.782,3.787,14
2026-01-27 01:07:00,3.7815,3.7825,3.778,3.781,3.7865,3.7875,3.783,3.786,13
2026-01-27 01:08:00,3.7805,3.7825,3.7805,3.782,3.7855,3.7875,3.7855,3.787,5
2026-01-27 01:09:00,3.783,3.784,3.779,3.779,3.788,3.789,3.784,3.784,8
2026-01-27 01:10:00,3.7785,3.78,3.7785,3.78,3.7835,3.785,3.7835,3.785,5
2026-01-27 01:11:00,3.7795,3.7815,3.779,3.7815,3.7845,3.7865,3.784,3.7865,7
2026-01-27 01:12:00,3.782,3.7835,3.782,3.7825,3.787,3.7885,3.787,3.7875,5
2026-01-27 01:13:00,3.782,3.782,3.7805,3.7805,3.787,3.787,3.7855,3.7855,4
2026-01-27 01:14:00,3.78,3.7825,3.776,3.7775,3.785,3.7875,3.781,3.7825,11
2026-01-27 01:15:00,3.7785,3.781,3.778,3.7795,3.7835,3.786,3.783,3.7845,9
2026-01-27 01:16:00,3.779,3.7805,3.779,3.7805,3.784,3.7855,3.784,3.7855,4
2026-01-27 01:17:00,3.7815,3.7815,3.7795,3.7795,3.7865,3.7865,3.7845,3.7845,5
2026-01-27 01:18:00,3.78,3.783,3.78,3.783,3.785,3.788,3.785,3.788,9
2026-01-27 01:19:00,3.7835,3.7835,3.782,3.7835,3.7885,3.7885,3.787,3.7885,6
2026-01-27 01:20:00,3.783,3.7835,3.783,3.7835,3.788,3.7885,3.788,3.7885,2
2026-01-27 01:21:00,3.783,3.7835,3.7825,3.7835,3.788,3.7885,3.7875,3.7885,4
2026-01-27 01:22:00,3.784,3.785,3.784,3.784,3.789,3.79,3.789,3.789,8
2026-01-27 01:23:00,3.7835,3.784,3.7835,3.7835,3.7885,3.789,3.7885,3.7885,3
2026-01-27 01:24:00,3.783,3.786,3.783,3.7845,3.788,3.791,3.788,3.7895,9
2026-01-27 01:25:00,3.784,3.786,3.784,3.786,3.789,3.791,3.789,3.791,4
2026-01-27 01:26:00,3.7855,3.79,3.7825,3.7845,3.7905,3.795,3.7875,3.7895,18
2026-01-27 01:27:00,3.784,3.784,3.784,3.784,3.789,3.789,3.789,3.789,1
2026-01-27 01:28:00,3.786,3.7875,3.7835,3.7835,3.791,3.7925,3.7885,3.7885,9
2026-01-27 01:29:00,3.783,3.785,3.783,3.7845,3.788,3.79,3.788,3.7895,5
2026-01-27 01:30:00,3.784,3.784,3.781,3.7825,3.789,3.789,3.786,3.7875,6
2026-01-27 01:31:00,3.783,3.787,3.783,3.7835,3.788,3.792,3.788,3.7885,8
2026-01-27 01:32:00,3.7825,3.7835,3.78,3.7835,3.7875,3.7885,3.785,3.7885,8
2026-01-27 01:33:00,3.783,3.783,3.783,3.783,3.788,3.788,3.788,3.788,1
2026-01-27 01:34:00,3.7825,3.7825,3.7825,3.7825,3.7875,3.7875,3.7875,3.7875,1
2026-01-27 01:35:00,3.782,3.782,3.782,3.782,3.787,3.787,3.787,3.787,1
2026-01-27 01:36:00,3.7845,3.7845,3.7825,3.7845,3.7895,3.7895,3.7875,3.7895,5
2026-01-27 01:38:00,3.785,3.7865,3.7835,3.7835,3.79,3.7915,3.7885,3.7885,7
2026-01-27 01:39:00,3.785,3.785,3.785,3.785,3.79,3.79,3.79,3.79,1
2026-01-27 01:40:00,3.7845,3.7845,3.7835,3.7835,3.7895,3.7895,3.7885,3.7885,4
2026-01-27 01:41:00,3.7815,3.7835,3.7815,3.7835,3.7865,3.7885,3.7865,3.7885,3
2026-01-27 01:43:00,3.7825,3.784,3.7825,3.784,3.7875,3.789,3.7875,3.789,3
2026-01-27 01:44:00,3.7845,3.7845,3.7815,3.7815,3.7895,3.7895,3.7865,3.7865,3
2026-01-27 01:45:00,3.782,3.782,3.7815,3.7815,3.787,3.787,3.7865,3.7865,2
2026-01-27 01:46:00,3.782,3.7825,3.782,3.782,3.787,3.7875,3.787,3.787,3
2026-01-27 01:48:00,3.7815,3.7815,3.773,3.7765,3.7865,3.7865,3.778,3.7815,16
2026-01-27 01:49:00,3.778,3.778,3.773,3.774,3.783,3.783,3.778,3.779,16
2026-01-27 01:50:00,3.775,3.776,3.77,3.771,3.78,3.781,3.775,3.776,11
2026-01-27 01:51:00,3.7705,3.7705,3.7635,3.7665,3.7755,3.7755,3.7685,3.7715,20
2026-01-27 01:52:00,3.766,3.766,3.7645,3.7645,3.771,3.771,3.7695,3.7695,4
2026-01-27 01:53:00,3.763,3.7655,3.762,3.765,3.768,3.7705,3.767,3.77,22
2026-01-27 01:54:00,3.7645,3.7705,3.7645,3.7685,3.7695,3.7755,3.7695,3.7735,13
2026-01-27 01:55:00,3.768,3.7695,3.768,3.769,3.773,3.7745,3.773,3.774,5
2026-01-27 01:56:00,3.7695,3.772,3.7695,3.7715,3.7745,3.777,3.7745,3.7765,6
2026-01-27 01:57:00,3.772,3.772,3.751,3.7535,3.777,3.777,3.756,3.7585,30
2026-01-27 01:58:00,3.754,3.756,3.7535,3.755,3.759,3.761,3.7585,3.76,7
2026-01-27 01:59:00,3.7545,3.7575,3.754,3.7575,3.7595,3.7625,3.759,3.7625,14
2026-01-27 02:00:00,3.756,3.757,3.7545,3.7555,3.761,3.762,3.7595,3.7605,8
2026-01-27 02:01:00,3.755,3.76,3.755,3.757,3.76,3.765,3.76,3.762,28
2026-01-27 02:02:00,3.758,3.7605,3.7575,3.76,3.763,3.7655,3.7625,3.765,15
2026-01-27 02:03:00,3.7595,3.76,3.7585,3.7585,3.7645,3.765,3.7635,3.7635,8
2026-01-27 02:04:00,3.759,3.7595,3.7575,3.7575,3.764,3.7645,3.7625,3.7625,7
2026-01-27 02:05:00,3.758,3.758,3.757,3.757,3.763,3.763,3.762,3.762,2
2026-01-27 02:06:00,3.758,3.7595,3.757,3.758,3.763,3.7645,3.762,3.763,8
2026-01-27 02:07:00,3.7575,3.7575,3.747,3.748,3.7625,3.7625,3.752,3.753,24
2026-01-27 02:08:00,3.7485,3.749,3.7485,3.7485,3.7535,3.754,3.7535,3.7535,7
2026-01-27 02:09:00,3.748,3.75,3.7475,3.7475,3.753,3.755,3.7525,3.7525,9
2026-01-27 02:10:00,3.747,3.759,3.746,3.7585,3.752,3.764,3.751,3.7635,25
2026-01-27 02:11:00,3.759,3.761,3.7575,3.761,3.764,3.766,3.7625,3.766,10
2026-01-27 02:12:00,3.7615,3.7775,3.7615,3.776,3.7665,3.7825,3.7665,3.781,31
2026-01-27 02:13:00,3.7755,3.7835,3.775,3.781,3.7805,3.7885,3.78,3.786,22
2026-01-27 02:14:00,3.782,3.785,3.782,3.784,3.787,3.79,3.787,3.789,15
2026-01-27 02:15:00,3.7855,3.789,3.779,3.781,3.7905,3.794,3.784,3.786,22
2026-01-27 02:16:00,3.7795,3.78,3.7775,3.7775,3.7845,3.785,3.7825,3.7825,6
2026-01-27 02:17:00,3.778,3.7785,3.777,3.7775,3.783,3.7835,3.782,3.7825,5
2026-01-27 02:18:00,3.777,3.7815,3.777,3.781,3.782,3.7865,3.782,3.786,7
2026-01-27 02:19:00,3.782,3.782,3.7785,3.7785,3.787,3.787,3.7835,3.7835,8
2026-01-27 02:20:00,3.779,3.7865,3.7755,3.7805,3.784,3.7915,3.7805,3.7855,30
2026-01-27 02:21:00,3.783,3.783,3.772,3.773,3.788,3.788,3.777,3.778,12
2026-01-27 02:22:00,3.7735,3.7735,3.771,3.771,3.7785,3.7785,3.776,3.776,5
2026-01-27 02:23:00,3.77,3.771,3.767,3.767,3.775,3.776,3.772,3.772,17
2026-01-27 02:24:00,3.768,3.769,3.768,3.769,3.773,3.774,3.773,3.774,3
2026-01-27 02:25:00,3.7685,3.773,3.766,3.772,3.7735,3.778,3.771,3.777,20
2026-01-27 02:26:00,3.7725,3.7735,3.7705,3.771,3.7775,3.7785,3.7755,3.776,14
2026-01-27 02:27:00,3.7705,3.7715,3.7705,3.7715,3.7755,3.7765,3.7755,3.7765,3
2026-01-27 02:28:00,3.7725,3.7735,3.7725,3.773,3.7775,3.7785,3.7775,3.778,3
2026-01-27 02:29:00,3.772,3.7745,3.7705,3.7745,3.777,3.7795,3.7755,3.7795,11
2026-01-27 02:30:00,3.775,3.775,3.768,3.769,3.78,3.78,3.773,3.774,11
2026-01-27 02:31:00,3.77,3.771,3.7695,3.7705,3.775,3.776,3.7745,3.7755,5
2026-01-27 02:32:00,3.77,3.77,3.77,3.77,3.775,3.775,3.775,3.775,1
2026-01-27 02:33:00,3.7695,3.7735,3.768,3.7725,3.7745,3.7785,3.773,3.7775,17
2026-01-27 02:34:00,3.7735,3.7735,3.769,3.7695,3.7785,3.7785,3.774,3.7745,13
2026-01-27 02:35:00,3.769,3.769,3.765,3.766,3.774,3.774,3.77,3.771,7
2026-01-27 02:36:00,3.7665,3.773,3.766,3.769,3.7715,3.778,3.771,3.774,24
2026-01-27 02:37:00,3.771,3.7735,3.763,3.763,3.776,3.7785,3.768,3.768,19
2026-01-27 02:38:00,3.762,3.7625,3.759,3.7595,3.767,3.7675,3.764,3.7645,10
2026-01-27 02:39:00,3.759,3.759,3.747,3.747,3.764,3.764,3.752,3.752,22
2026-01-27 02:40:00,3.749,3.757,3.749,3.757,3.754,3.762,3.754,3.762,11
2026-01-27 02:41:00,3.758,3.7625,3.7555,3.758,3.763,3.7675,3.7605,3.763,19
2026-01-27 02:42:00,3.7575,3.7595,3.7565,3.759,3.7625,3.7645,3.7615,3.764,6
2026-01-27 02:43:00,3.76,3.761,3.7565,3.7565,3.765,3.766,3.7615,3.7615,14
2026-01-27 02:44:00,3.757,3.7585,3.757,3.7585,3.762,3.7635,3.762,3.7635,2
2026-01-27 02:45:00,3.759,3.759,3.7555,3.7555,3.764,3.764,3.7605,3.7605,6
2026-01-27 02:46:00,3.7565,3.758,3.7545,3.758,3.7615,3.763,3.7595,3.763,9
2026-01-27 02:47:00,3.76,3.763,3.7585,3.7625,3.765,3.768,3.7635,3.7675,13
2026-01-27 02:48:00,3.7645,3.7685,3.7645,3.767,3.7695,3.7735,3.7695,3.772,7
2026-01-27 02:49:00,3.7675,3.769,3.7675,3.768,3.7725,3.774,3.7725,3.773,7
2026-01-27 02:50:00,3.7685,3.7685,3.764,3.764,3.7735,3.7735,3.769,3.769,5
2026-01-27 02:51:00,3.7625,3.7645,3.7615,3.7645,3.7675,3.7695,3.7665,3.7695,6
2026-01-27 02:52:00,3.764,3.7645,3.759,3.7595,3.769,3.7695,3.764,3.7645,6
2026-01-27 02:53:00,3.76,3.7605,3.758,3.7595,3.765,3.7655,3.763,3.7645,13
2026-01-27 02:54:00,3.76,3.7615,3.76,3.7615,3.765,3.7665,3.765,3.7665,2
2026-01-27 02:55:00,3.761,3.762,3.7585,3.76,3.766,3.767,3.7635,3.765,10
2026-01-27 02:56:00,3.759,3.759,3.7575,3.758,3.764,3.764,3.7625,3.763,7
2026-01-27 02:57:00,3.7585,3.759,3.755,3.7555,3.7635,3.764,3.76,3.7605,31
2026-01-27 02:58:00,3.757,3.761,3.747,3.7535,3.762,3.766,3.752,3.7585,48
2026-01-27 02:59:00,3.754,3.766,3.754,3.766,3.759,3.771,3.759,3.771,17
2026-01-27 03:00:00,3.765,3.7705,3.7635,3.7685,3.77,3.7755,3.7685,3.7735,9
2026-01-27 03:01:00,3.77,3.77,3.769,3.769,3.775,3.775,3.774,3.774,3
2026-01-27 03:02:00,3.7695,3.7695,3.762,3.764,3.7745,3.7745,3.767,3.769,9
2026-01-27 03:03:00,3.763,3.763,3.7585,3.759,3.768,3.768,3.7635,3.764,6
2026-01-27 03:04:00,3.7585,3.76,3.7565,3.7565,3.7635,3.765,3.7615,3.7615,10
2026-01-27 03:05:00,3.757,3.759,3.755,3.755,3.762,3.764,3.76,3.76,7
2026-01-27 03:06:00,3.7565,3.757,3.7565,3.757,3.7615,3.762,3.7615,3.762,2
2026-01-27 03:07:00,3.7575,3.759,3.757,3.7575,3.7625,3.764,3.762,3.7625,7
2026-01-27 03:08:00,3.758,3.758,3.753,3.7545,3.763,3.763,3.758,3.7595,16
2026-01-27 03:09:00,3.7555,3.758,3.7555,3.757,3.7605,3.763,3.7605,3.762,4
2026-01-27 03:10:00,3.7575,3.7575,3.757,3.7575,3.7625,3.7625,3.762,3.7625,5
2026-01-27 03:11:00,3.757,3.758,3.757,3.758,3.762,3.763,3.762,3.763,4
2026-01-27 03:12:00,3.7575,3.7575,3.753,3.754,3.7625,3.7625,3.758,3.759,11
2026-01-27 03:13:00,3.7545,3.7555,3.7495,3.7515,3.7595,3.7605,3.7545,3.7565,10
2026-01-27 03:14:00,3.751,3.751,3.75,3.75,3.756,3.756,3.755,3.755,2
2026-01-27 03:15:00,3.751,3.7555,3.751,3.755,3.756,3.7605,3.756,3.76,17
2026-01-27 03:16:00,3.757,3.7715,3.7565,3.7715,3.762,3.7765,3.7615,3.7765,39
2026-01-27 03:17:00,3.7695,3.7695,3.768,3.768,3.7745,3.7745,3.773,3.773,6
2026-01-27 03:18:00,3.7685,3.7685,3.7675,3.7675,3.7735,3.7735,3.7725,3.7725,3
2026-01-27 03:19:00,3.7685,3.7685,3.76,3.7615,3.7735,3.7735,3.765,3.7665,19
2026-01-27 03:20:00,3.7595,3.7595,3.758,3.759,3.7645,3.7645,3.763,3.764,3
2026-01-27 03:21:00,3.7585,3.763,3.756,3.7565,3.7635,3.768,3.761,3.7615,12
2026-01-27 03:22:00,3.757,3.757,3.751,3.751,3.762,3.762,3.756,3.756,14
2026-01-27 03:23:00,3.7515,3.754,3.75,3.75,3.7565,3.759,3.755,3.755,7
2026-01-27 03:24:00,3.749,3.7535,3.749,3.7525,3.754,3.7585,3.754,3.7575,7
2026-01-27 03:25:00,3.753,3.756,3.753,3.754,3.758,3.761,3.758,3.759,12
2026-01-27 03:26:00,3.7535,3.756,3.7535,3.756,3.7585,3.761,3.7585,3.761,3
2026-01-27 03:27:00,3.7565,3.7565,3.755,3.755,3.7615,3.7615,3.76,3.76,6
2026-01-27 03:28:00,3.756,3.762,3.756,3.7595,3.761,3.767,3.761,3.7645,19
2026-01-27 03:29:00,3.7585,3.7585,3.755,3.755,3.7635,3.7635,3.76,3.76,6
2026-01-27 03:30:00,3.7535,3.7545,3.752,3.753,3.7585,3.7595,3.757,3.758,13
2026-01-27 03:31:00,3.7545,3.756,3.751,3.7555,3.7595,3.761,3.756,3.7605,18
2026-01-27 03:32:00,3.756,3.757,3.756,3.7565,3.761,3.762,3.761,3.7615,6
2026-01-27 03:33:00,3.757,3.757,3.757,3.757,3.762,3.762,3.762,3.762,1
2026-01-27 03:34:00,3.7585,3.7585,3.7555,3.7555,3.7635,3.7635,3.7605,3.7605,6
2026-01-27 03:35:00,3.7565,3.757,3.7565,3.757,3.7615,3.762,3.7615,3.762,2
2026-01-27 03:36:00,3.7575,3.7575,3.757,3.7575,3.7625,3.7625,3.762,3.7625,3
2026-01-27 03:37:00,3.7595,3.761,3.757,3.7585,3.7645,3.766,3.762,3.7635,8
2026-01-27 03:38:00,3.759,3.7595,3.755,3.759,3.764,3.7645,3.76,3.764,17
2026-01-27 03:39:00,3.7585,3.768,3.7555,3.7665,3.7635,3.773,3.7605,3.7715,32
2026-01-27 03:40:00,3.7675,3.7685,3.765,3.7665,3.7725,3.7735,3.77,3.7715,10
2026-01-27 03:41:00,3.767,3.7735,3.7665,3.773,3.772,3.7785,3.7715,3.778,29
2026-01-27 03:42:00,3.772,3.772,3.7705,3.7705,3.777,3.777,3.7755,3.7755,5
2026-01-27 03:43:00,3.7695,3.77,3.7675,3.7695,3.7745,3.775,3.7725,3.7745,8
2026-01-27 03:44:00,3.7705,3.773,3.7705,3.771,3.7755,3.778,3.7755,3.776,4
2026-01-27 03:45:00,3.7715,3.7715,3.768,3.77,3.7765,3.7765,3.773,3.775,7
2026-01-27 03:46:00,3.7695,3.77,3.767,3.7685,3.7745,3.775,3.772,3.7735,7
2026-01-27 03:47:00,3.769,3.77,3.7645,3.7655,3.774,3.775,3.7695,3.7705,12
2026-01-27 03:48:00,3.764,3.7645,3.76,3.761,3.769,3.7695,3.765,3.766,11
2026-01-27 03:49:00,3.7605,3.762,3.759,3.762,3.7655,3.767,3.764,3.767,10
2026-01-27 03:50:00,3.7615,3.7615,3.7575,3.7575,3.7665,3.7665,3.7625,3.7625,6
2026-01-27 03:51:00,3.758,3.758,3.7575,3.7575,3.763,3.763,3.7625,3.7625,2
2026-01-27 03:52:00,3.757,3.7575,3.7485,3.7495,3.762,3.7625,3.7535,3.7545,22
2026-01-27 03:53:00,3.751,3.7525,3.749,3.749,3.756,3.7575,3.754,3.754,8
2026-01-27 03:54:00,3.75,3.751,3.7485,3.7485,3.755,3.756,3.7535,3.7535,9
2026-01-27 03:55:00,3.7495,3.7525,3.744,3.7445,3.7545,3.7575,3.749,3.7495,29
2026-01-27 03:56:00,3.744,3.747,3.7435,3.746,3.749,3.752,3.7485,3.751,13
2026-01-27 03:57:00,3.745,3.745,3.718,3.722,3.75,3.75,3.723,3.727,71
2026-01-27 03:58:00,3.7215,3.724,3.7135,3.7185,3.7265,3.729,3.7185,3.7235,40
2026-01-27 03:59:00,3.7195,3.721,3.714,3.7185,3.7245,3.726,3.719,3.7235,28
2026-01-27 04:00:00,3.718,3.718,3.715,3.715,3.723,3.723,3.72,3.72,11
2026-01-27 04:01:00,3.7155,3.719,3.7155,3.717,3.7205,3.724,3.7205,3.722,14
2026-01-27 04:02:00,3.718,3.723,3.718,3.7205,3.723,3.728,3.723,3.7255,15
2026-01-27 04:03:00,3.72,3.722,3.7185,3.7215,3.725,3.727,3.7235,3.7265,18
2026-01-27 04:05:00,3.722,3.723,3.7135,3.7145,3.727,3.728,3.7185,3.7195,19
2026-01-27 04:06:00,3.7135,3.715,3.7125,3.7125,3.7185,3.72,3.7175,3.7175,13
2026-01-27 04:07:00,3.713,3.715,3.712,3.714,3.718,3.72,3.717,3.719,10
2026-01-27 04:08:00,3.715,3.7155,3.698,3.7005,3.72,3.7205,3.703,3.7055,40
2026-01-27 04:09:00,3.7,3.706,3.6985,3.7005,3.705,3.711,3.7035,3.7055,44
2026-01-27 04:10:00,3.7025,3.7025,3.692,3.693,3.7075,3.7075,3.697,3.698,43
2026-01-27 04:11:00,3.6935,3.697,3.692,3.6935,3.6985,3.702,3.697,3.6985,22
2026-01-27 04:12:00,3.694,3.694,3.6905,3.694,3.699,3.699,3.6955,3.699,26
2026-01-27 04:13:00,3.6945,3.6985,3.687,3.693,3.6995,3.7035,3.692,3.698,52
2026-01-27 04:14:00,3.6925,3.702,3.6915,3.695,3.6975,3.707,3.6965,3.7,22
2026-01-27 04:15:00,3.6955,3.697,3.6925,3.6925,3.7005,3.702,3.6975,3.6975,11
2026-01-27 04:16:00,3.693,3.6985,3.693,3.6975,3.698,3.7035,3.698,3.7025,14
2026-01-27 04:17:00,3.6965,3.698,3.6945,3.6945,3.7015,3.703,3.6995,3.6995,8
2026-01-27 04:18:00,3.6955,3.698,3.6955,3.6975,3.7005,3.703,3.7005,3.7025,16
2026-01-27 04:19:00,3.698,3.7,3.696,3.6995,3.703,3.705,3.701,3.7045,19
2026-01-27 04:20:00,3.699,3.702,3.6985,3.7,3.704,3.707,3.7035,3.705,13
2026-01-27 04:21:00,3.7005,3.7195,3.7005,3.7135,3.7055,3.7245,3.7055,3.7185,55
2026-01-27 04:22:00,3.714,3.724,3.712,3.7145,3.719,3.729,3.717,3.7195,33
2026-01-27 04:23:00,3.715,3.715,3.709,3.7105,3.72,3.72,3.714,3.7155,22
2026-01-27 04:24:00,3.7065,3.7065,3.704,3.706,3.7115,3.7115,3.709,3.711,7
2026-01-27 04:25:00,3.708,3.71,3.699,3.701,3.713,3.715,3.704,3.706,31
2026-01-27 04:26:00,3.7015,3.704,3.701,3.704,3.7065,3.709,3.706,3.709,8
2026-01-27 04:27:00,3.703,3.7035,3.699,3.7005,3.708,3.7085,3.704,3.7055,9
2026-01-27 04:28:00,3.702,3.7035,3.697,3.698,3.707,3.7085,3.702,3.703,18
2026-01-27 04:29:00,3.6975,3.698,3.695,3.696,3.7025,3.703,3.7,3.701,12
2026-01-27 04:30:00,3.6965,3.703,3.6965,3.7015,3.7015,3.708,3.7015,3.7065,30
2026-01-27 04:31:00,3.701,3.704,3.697,3.702,3.706,3.709,3.702,3.707,32
2026-01-27 04:32:00,3.7025,3.7075,3.701,3.7075,3.7075,3.7125,3.706,3.7125,19
2026-01-27 04:33:00,3.7085,3.712,3.704,3.7085,3.7135,3.717,3.709,3.7135,27
2026-01-27 04:34:00,3.71,3.7135,3.7075,3.7135,3.715,3.7185,3.7125,3.7185,41
2026-01-27 04:35:00,3.714,3.7185,3.713,3.717,3.719,3.7235,3.718,3.722,27
2026-01-27 04:36:00,3.7165,3.724,3.7165,3.7235,3.7215,3.729,3.7215,3.7285,21
2026-01-27 04:37:00,3.724,3.7265,3.724,3.7265,3.729,3.7315,3.729,3.7315,5
2026-01-27 04:38:00,3.727,3.736,3.727,3.7355,3.732,3.741,3.732,3.7405,27
2026-01-27 04:39:00,3.736,3.7405,3.734,3.7355,3.741,3.7455,3.739,3.7405,39
2026-01-27 04:40:00,3.7365,3.737,3.7325,3.736,3.7415,3.742,3.7375,3.741,14
2026-01-27 04:41:00,3.7355,3.736,3.733,3.7345,3.7405,3.741,3.738,3.7395,12
2026-01-27 04:42:00,3.733,3.735,3.732,3.735,3.738,3.74,3.737,3.74,20
2026-01-27 04:43:00,3.7365,3.74,3.7365,3.739,3.7415,3.745,3.7415,3.744,10
2026-01-27 04:44:00,3.737,3.742,3.7345,3.741,3.742,3.747,3.7395,3.746,24
2026-01-27 04:45:00,3.7425,3.744,3.7425,3.743,3.7475,3.749,3.7475,3.748,7
2026-01-27 04:46:00,3.7425,3.7435,3.74,3.7405,3.7475,3.7485,3.745,3.7455,19
2026-01-27 04:47:00,3.7415,3.744,3.741,3.7425,3.7465,3.749,3.746,3.7475,20
2026-01-27 04:48:00,3.742,3.744,3.742,3.744,3.747,3.749,3.747,3.749,7
2026-01-27 04:49:00,3.7435,3.745,3.742,3.744,3.7485,3.75,3.747,3.749,17
2026-01-27 04:50:00,3.7445,3.7445,3.7175,3.7225,3.7495,3.7495,3.7225,3.7275,79
2026-01-27 04:51:00,3.7235,3.73,3.7075,3.713,3.7285,3.735,3.7125,3.718,49
2026-01-27 04:52:00,3.7135,3.72,3.7135,3.72,3.7185,3.725,3.7185,3.725,22
2026-01-27 04:53:00,3.721,3.723,3.706,3.707,3.726,3.728,3.711,3.712,17
2026-01-27 04:54:00,3.7075,3.713,3.7055,3.711,3.7125,3.718,3.7105,3.716,19
2026-01-27 04:55:00,3.7115,3.7135,3.708,3.7125,3.7165,3.7185,3.713,3.7175,25
2026-01-27 04:56:00,3.713,3.715,3.706,3.7075,3.718,3.72,3.711,3.7125,22
2026-01-27 04:57:00,3.708,3.709,3.707,3.7075,3.713,3.714,3.712,3.7125,12
2026-01-27 04:58:00,3.7085,3.7085,3.707,3.7075,3.7135,3.7135,3.712,3.7125,6
2026-01-27 04:59:00,3.7085,3.7085,3.7085,3.7085,3.7135,3.7135,3.7135,3.7135,1
2026-01-27 05:00:00,3.71,3.7105,3.71,3.71,3.715,3.7155,3.715,3.715,3
2026-01-27 05:01:00,3.7105,3.7135,3.7105,3.7135,3.7155,3.7185,3.7155,3.7185,8
2026-01-27 05:02:00,3.716,3.7225,3.716,3.7215,3.721,3.7275,3.721,3.7265,21
2026-01-27 05:03:00,3.7225,3.7225,3.7095,3.7095,3.7275,3.7275,3.7145,3.7145,7
2026-01-27 05:04:00,3.709,3.7115,3.7075,3.7075,3.714,3.7165,3.7125,3.7125,10
2026-01-27 05:05:00,3.709,3.7105,3.708,3.708,3.714,3.7155,3.713,3.713,9
2026-01-27 05:06:00,3.7085,3.7085,3.7055,3.7065,3.7135,3.7135,3.7105,3.7115,10
2026-01-27 05:07:00,3.7075,3.7075,3.7075,3.7075,3.7125,3.7125,3.7125,3.7125,1
2026-01-27 05:09:00,3.704,3.7165,3.702,3.7125,3.709,3.7215,3.707,3.7175,45
2026-01-27 05:10:00,3.713,3.7145,3.712,3.712,3.718,3.7195,3.717,3.717,7
2026-01-27 05:11:00,3.7125,3.7135,3.7105,3.713,3.7175,3.7185,3.7155,3.718,16
2026-01-27 05:12:00,3.7135,3.7135,3.708,3.7095,3.7185,3.7185,3.713,3.7145,16
2026-01-27 05:14:00,3.71,3.7115,3.708,3.7085,3.715,3.7165,3.713,3.7135,9
2026-01-27 05:15:00,3.707,3.71,3.707,3.7085,3.712,3.715,3.712,3.7135,10
2026-01-27 05:16:00,3.709,3.7095,3.7,3.7015,3.714,3.7145,3.705,3.7065,14
2026-01-27 05:17:00,3.701,3.7035,3.701,3.7035,3.706,3.7085,3.706,3.7085,10
2026-01-27 05:18:00,3.7045,3.714,3.7045,3.714,3.7095,3.719,3.7095,3.719,18
2026-01-27 05:19:00,3.7145,3.7145,3.7095,3.7145,3.7195,3.7195,3.7145,3.7195,12
2026-01-27 05:20:00,3.714,3.714,3.714,3.714,3.719,3.719,3.719,3.719,1
2026-01-27 05:21:00,3.7145,3.7145,3.7145,3.7145,3.7195,3.7195,3.7195,3.7195,1
2026-01-27 05:22:00,3.714,3.714,3.7105,3.713,3.719,3.719,3.7155,3.718,5
2026-01-27 05:25:00,3.7135,3.7135,3.7045,3.7065,3.7185,3.7185,3.7095,3.7115,23
2026-01-27 05:26:00,3.707,3.707,3.7015,3.703,3.712,3.712,3.7065,3.708,10
2026-01-27 05:27:00,3.701,3.701,3.696,3.696,3.706,3.706,3.701,3.701,19
2026-01-27 05:28:00,3.6965,3.7,3.6965,3.6995,3.7015,3.705,3.7015,3.7045,7
2026-01-27 05:29:00,3.699,3.699,3.6985,3.6985,3.704,3.704,3.7035,3.7035,2
2026-01-27 05:30:00,3.7005,3.702,3.7005,3.702,3.7055,3.707,3.7055,3.707,3
2026-01-27 05:31:00,3.7015,3.7015,3.7015,3.7015,3.7065,3.7065,3.7065,3.7065,1
2026-01-27 05:32:00,3.7,3.7,3.6975,3.698,3.705,3.705,3.7025,3.703,6
2026-01-27 05:33:00,3.6985,3.712,3.6985,3.71,3.7035,3.717,3.7035,3.715,16
2026-01-27 05:34:00,3.7125,3.7125,3.7095,3.71,3.7175,3.7175,3.7145,3.715,4
2026-01-27 05:35:00,3.7095,3.71,3.709,3.7095,3.7145,3.715,3.714,3.7145,5
2026-01-27 05:36:00,3.7085,3.7095,3.708,3.709,3.7135,3.7145,3.713,3.714,5
2026-01-27 05:37:00,3.71,3.712,3.708,3.708,3.715,3.717,3.713,3.713,7
2026-01-27 05:38:00,3.7085,3.7085,3.708,3.708,3.7135,3.7135,3.713,3.713,2
2026-01-27 05:39:00,3.7075,3.7095,3.7075,3.709,3.7125,3.7145,3.7125,3.714,8
2026-01-27 05:41:00,3.7095,3.7125,3.7095,3.711,3.7145,3.7175,3.7145,3.716,8
2026-01-27 05:42:00,3.71,3.714,3.71,3.7135,3.715,3.719,3.715,3.7185,6
2026-01-27 05:43:00,3.7105,3.7105,3.7095,3.71,3.7155,3.7155,3.7145,3.715,3
2026-01-27 05:44:00,3.712,3.7155,3.711,3.711,3.717,3.7205,3.716,3.716,12
2026-01-27 05:45:00,3.7115,3.712,3.7115,3.7115,3.7165,3.717,3.7165,3.7165,3
2026-01-27 05:46:00,3.711,3.712,3.711,3.712,3.716,3.717,3.716,3.717,3
2026-01-27 05:47:00,3.7115,3.7115,3.7115,3.7115,3.7165,3.7165,3.7165,3.7165,1
2026-01-27 05:48:00,3.712,3.712,3.712,3.712,3.717,3.717,3.717,3.717,1
2026-01-27 05:50:00,3.7115,3.7115,3.709,3.709,3.7165,3.7165,3.714,3.714,3
2026-01-27 05:51:00,3.7085,3.71,3.705,3.71,3.7135,3.715,3.71,3.715,11
2026-01-27 05:52:00,3.7105,3.711,3.7105,3.711,3.7155,3.716,3.7155,3.716,2
2026-01-27 05:53:00,3.7105,3.7105,3.71,3.71,3.7155,3.7155,3.715,3.715,2
2026-01-27 05:54:00,3.7095,3.7105,3.7095,3.7105,3.7145,3.7155,3.7145,3.7155,5
2026-01-27 05:55:00,3.712,3.7155,3.712,3.7145,3.717,3.7205,3.717,3.7195,8
2026-01-27 05:56:00,3.714,3.7155,3.713,3.715,3.719,3.7205,3.718,3.72,7
2026-01-27 05:57:00,3.7145,3.7145,3.7125,3.713,3.7195,3.7195,3.7175,3.718,6
2026-01-27 05:58:00,3.714,3.718,3.714,3.718,3.719,3.723,3.719,3.723,11
2026-01-27 05:59:00,3.719,3.7225,3.719,3.7205,3.724,3.7275,3.724,3.7255,14
2026-01-27 06:00:00,3.721,3.721,3.7175,3.72,3.726,3.726,3.7225,3.725,11
2026-01-27 06:01:00,3.7195,3.723,3.7195,3.7225,3.7245,3.728,3.7245,3.7275,5
2026-01-27 06:02:00,3.723,3.724,3.722,3.723,3.728,3.729,3.727,3.728,5
2026-01-27 06:03:00,3.7235,3.725,3.72,3.72,3.7285,3.73,3.725,3.725,7
2026-01-27 06:04:00,3.7205,3.7205,3.7155,3.7155,3.7255,3.7255,3.7205,3.7205,19
2026-01-27 06:05:00,3.7145,3.7145,3.7105,3.7135,3.7195,3.7195,3.7155,3.7185,10
2026-01-27 06:06:00,3.714,3.714,3.714,3.714,3.719,3.719,3.719,3.719,1
2026-01-27 06:07:00,3.7145,3.7145,3.7145,3.7145,3.7195,3.7195,3.7195,3.7195,1
2026-01-27 06:08:00,3.714,3.7145,3.713,3.714,3.719,3.7195,3.718,3.719,4
2026-01-27 06:09:00,3.7135,3.7135,3.713,3.713,3.7185,3.7185,3.718,3.718,2
2026-01-27 06:10:00,3.7135,3.7135,3.7075,3.7075,3.7185,3.7185,3.7125,3.7125,17
2026-01-27 06:11:00,3.707,3.707,3.7025,3.705,3.712,3.712,3.7075,3.71,18
2026-01-27 06:12:00,3.7055,3.706,3.7045,3.7045,3.7105,3.711,3.7095,3.7095,4
2026-01-27 06:13:00,3.7065,3.7065,3.695,3.695,3.7115,3.7115,3.7,3.7,23
2026-01-27 06:14:00,3.694,3.695,3.666,3.666,3.699,3.7,3.671,3.671,60
2026-01-27 06:15:00,3.6655,3.668,3.6615,3.663,3.6705,3.673,3.6665,3.668,29
2026-01-27 06:16:00,3.6645,3.6665,3.6645,3.6655,3.6695,3.6715,3.6695,3.6705,6
2026-01-27 06:17:00,3.666,3.67,3.636,3.639,3.671,3.675,3.641,3.644,66
2026-01-27 06:18:00,3.6385,3.6465,3.628,3.636,3.6435,3.6515,3.633,3.641,75
2026-01-27 06:19:00,3.6375,3.645,3.6375,3.642,3.6425,3.65,3.6425,3.647,25
2026-01-27 06:20:00,3.6425,3.6425,3.6335,3.6375,3.6475,3.6475,3.6385,3.6425,13
2026-01-27 06:21:00,3.6365,3.646,3.6345,3.639,3.6415,3.651,3.6395,3.644,21
2026-01-27 06:22:00,3.6375,3.638,3.6315,3.6325,3.6425,3.643,3.6365,3.6375,30
2026-01-27 06:23:00,3.6315,3.634,3.624,3.627,3.6365,3.639,3.629,3.632,33
2026-01-27 06:24:00,3.628,3.631,3.6225,3.631,3.633,3.636,3.6275,3.636,15
2026-01-27 06:25:00,3.6325,3.64,3.6325,3.639,3.6375,3.645,3.6375,3.644,20
2026-01-27 06:26:00,3.6395,3.649,3.6395,3.649,3.6445,3.654,3.6445,3.654,16
2026-01-27 06:27:00,3.6495,3.657,3.648,3.6565,3.6545,3.662,3.653,3.6615,42
2026-01-27 06:28:00,3.6555,3.67,3.655,3.6665,3.6605,3.675,3.66,3.6715,28
2026-01-27 06:29:00,3.667,3.667,3.6605,3.661,3.672,3.672,3.6655,3.666,22
2026-01-27 06:30:00,3.66,3.661,3.646,3.6545,3.665,3.666,3.651,3.6595,39
2026-01-27 06:31:00,3.655,3.665,3.655,3.6585,3.66,3.67,3.66,3.6635,15
2026-01-27 06:32:00,3.6575,3.658,3.6575,3.658,3.6625,3.663,3.6625,3.663,2
2026-01-27 06:33:00,3.659,3.659,3.6515,3.655,3.664,3.664,3.6565,3.66,13
2026-01-27 06:34:00,3.6545,3.655,3.6455,3.647,3.6595,3.66,3.6505,3.652,22
2026-01-27 06:35:00,3.649,3.6515,3.6265,3.6345,3.654,3.6565,3.6315,3.6395,39
2026-01-27 06:36:00,3.6355,3.638,3.632,3.6325,3.6405,3.643,3.637,3.6375,14
2026-01-27 06:37:00,3.63,3.6345,3.6265,3.632,3.635,3.6395,3.6315,3.637,30
2026-01-27 06:38:00,3.6315,3.6405,3.6295,3.6405,3.6365,3.6455,3.6345,3.6455,20
2026-01-27 06:39:00,3.64,3.64,3.632,3.64,3.645,3.645,3.637,3.645,12
2026-01-27 06:40:00,3.6415,3.647,3.6395,3.6425,3.6465,3.652,3.6445,3.6475,32
2026-01-27 06:41:00,3.643,3.653,3.642,3.643,3.648,3.658,3.647,3.648,37
2026-01-27 06:42:00,3.6435,3.647,3.642,3.644,3.6485,3.652,3.647,3.649,14
2026-01-27 06:43:00,3.645,3.648,3.6215,3.624,3.65,3.653,3.6265,3.629,39
2026-01-27 06:44:00,3.6245,3.6425,3.624,3.6425,3.6295,3.6475,3.629,3.6475,17
2026-01-27 06:45:00,3.6405,3.6405,3.6355,3.637,3.6455,3.6455,3.6405,3.642,8
2026-01-27 06:46:00,3.6365,3.6425,3.6295,3.634,3.6415,3.6475,3.6345,3.639,31
2026-01-27 06:47:00,3.6355,3.645,3.634,3.645,3.6405,3.65,3.639,3.65,19
2026-01-27 06:48:00,3.642,3.6445,3.633,3.633,3.647,3.6495,3.638,3.638,22
2026-01-27 06:49:00,3.6335,3.638,3.6335,3.6375,3.6385,3.643,3.6385,3.6425,15
2026-01-27 06:50:00,3.638,3.654,3.638,3.6535,3.643,3.659,3.643,3.6585,17
2026-01-27 06:51:00,3.654,3.6545,3.654,3.6545,3.659,3.6595,3.659,3.6595,2
2026-01-27 06:52:00,3.655,3.661,3.655,3.6605,3.66,3.666,3.66,3.6655,11
2026-01-27 06:53:00,3.6585,3.6765,3.654,3.6715,3.6635,3.6815,3.659,3.6765,26
2026-01-27 06:54:00,3.671,3.686,3.6705,3.681,3.676,3.691,3.6755,3.686,28
2026-01-27 06:55:00,3.6825,3.685,3.678,3.6795,3.6875,3.69,3.683,3.6845,21
2026-01-27 06:56:00,3.678,3.678,3.6605,3.6605,3.683,3.683,3.6655,3.6655,28
2026-01-27 06:57:00,3.6595,3.6625,3.6585,3.661,3.6645,3.6675,3.6635,3.666,15
2026-01-27 06:58:00,3.659,3.669,3.659,3.6665,3.664,3.674,3.664,3.6715,16
2026-01-27 06:59:00,3.667,3.667,3.6585,3.6635,3.672,3.672,3.6635,3.6685,15
2026-01-27 07:00:00,3.664,3.671,3.664,3.668,3.669,3.676,3.669,3.673,21
2026-01-27 07:01:00,3.669,3.672,3.665,3.6665,3.674,3.677,3.67,3.6715,20
2026-01-27 07:02:00,3.6655,3.666,3.6595,3.661,3.6705,3.671,3.6645,3.666,18
2026-01-27 07:03:00,3.659,3.6625,3.653,3.6605,3.664,3.6675,3.658,3.6655,29
2026-01-27 07:04:00,3.6625,3.6785,3.6625,3.6695,3.6675,3.6835,3.6675,3.6745,37
2026-01-27 07:05:00,3.671,3.677,3.671,3.674,3.676,3.682,3.676,3.679,32
2026-01-27 07:06:00,3.6745,3.6755,3.664,3.6695,3.6795,3.6805,3.669,3.6745,33
2026-01-27 07:07:00,3.6705,3.6705,3.6645,3.666,3.6755,3.6755,3.6695,3.671,7
2026-01-27 07:08:00,3.6655,3.667,3.664,3.6665,3.6705,3.672,3.669,3.6715,7
2026-01-27 07:09:00,3.665,3.669,3.6625,3.6675,3.67,3.674,3.6675,3.6725,15
2026-01-27 07:10:00,3.668,3.6695,3.663,3.6695,3.673,3.6745,3.668,3.6745,15
2026-01-27 07:11:00,3.668,3.668,3.665,3.6665,3.673,3.673,3.67,3.6715,4
2026-01-27 07:12:00,3.667,3.667,3.6525,3.6565,3.672,3.672,3.6575,3.6615,29
2026-01-27 07:13:00,3.656,3.6575,3.649,3.655,3.661,3.6625,3.654,3.66,28
2026-01-27 07:14:00,3.6565,3.6585,3.6535,3.6575,3.6615,3.6635,3.6585,3.6625,11
2026-01-27 07:15:00,3.658,3.6585,3.6555,3.6555,3.663,3.6635,3.6605,3.6605,6
2026-01-27 07:16:00,3.6545,3.6545,3.645,3.6465,3.6595,3.6595,3.65,3.6515,27
2026-01-27 07:17:00,3.646,3.652,3.6455,3.65,3.651,3.657,3.6505,3.655,17
2026-01-27 07:18:00,3.649,3.6525,3.633,3.633,3.654,3.6575,3.638,3.638,39
2026-01-27 07:19:00,3.634,3.659,3.634,3.658,3.639,3.664,3.639,3.663,33
2026-01-27 07:20:00,3.654,3.668,3.652,3.6655,3.659,3.673,3.657,3.6705,27
2026-01-27 07:21:00,3.665,3.668,3.662,3.6665,3.67,3.673,3.667,3.6715,15
2026-01-27 07:22:00,3.667,3.6815,3.667,3.6795,3.672,3.6865,3.672,3.6845,25
2026-01-27 07:23:00,3.679,3.685,3.6785,3.684,3.684,3.69,3.6835,3.689,18
2026-01-27 07:24:00,3.6835,3.6995,3.6835,3.698,3.6885,3.7045,3.6885,3.703,27
2026-01-27 07:25:00,3.6985,3.701,3.6855,3.698,3.7035,3.706,3.6905,3.703,36
2026-01-27 07:26:00,3.704,3.718,3.704,3.7095,3.709,3.723,3.709,3.7145,51
2026-01-27 07:27:00,3.709,3.7095,3.6845,3.6875,3.714,3.7145,3.6895,3.6925,30
2026-01-27 07:28:00,3.687,3.687,3.6805,3.6815,3.692,3.692,3.6855,3.6865,14
2026-01-27 07:29:00,3.68,3.69,3.678,3.68,3.685,3.695,3.683,3.685,35
2026-01-27 07:30:00,3.6795,3.698,3.678,3.692,3.6845,3.703,3.683,3.697,48
2026-01-27 07:31:00,3.6935,3.7,3.692,3.696,3.6985,3.705,3.697,3.701,31
2026-01-27 07:32:00,3.6965,3.702,3.6965,3.697,3.7015,3.707,3.7015,3.702,8
2026-01-27 07:33:00,3.698,3.7015,3.6955,3.6965,3.703,3.7065,3.7005,3.7015,12
2026-01-27 07:34:00,3.6955,3.702,3.6955,3.702,3.7005,3.707,3.7005,3.707,7
2026-01-27 07:35:00,3.7025,3.7055,3.696,3.696,3.7075,3.7105,3.701,3.701,12
2026-01-27 07:36:00,3.6975,3.6985,3.697,3.697,3.7025,3.7035,3.702,3.702,3
2026-01-27 07:37:00,3.6965,3.7,3.6945,3.7,3.7015,3.705,3.6995,3.705,12
2026-01-27 07:38:00,3.702,3.703,3.702,3.703,3.707,3.708,3.707,3.708,2
2026-01-27 07:39:00,3.7025,3.7025,3.6945,3.6955,3.7075,3.7075,3.6995,3.7005,17
2026-01-27 07:40:00,3.6965,3.6965,3.696,3.696,3.7015,3.7015,3.701,3.701,2
2026-01-27 07:41:00,3.6965,3.707,3.692,3.6985,3.7015,3.712,3.697,3.7035,37
2026-01-27 07:42:00,3.698,3.699,3.697,3.6985,3.703,3.704,3.702,3.7035,6
2026-01-27 07:43:00,3.699,3.7015,3.699,3.7,3.704,3.7065,3.704,3.705,7
2026-01-27 07:44:00,3.7005,3.7025,3.699,3.7005,3.7055,3.7075,3.704,3.7055,13
2026-01-27 07:45:00,3.7015,3.712,3.701,3.709,3.7065,3.717,3.706,3.714,26
2026-01-27 07:46:00,3.7095,3.7095,3.7035,3.7095,3.7145,3.7145,3.7085,3.7145,19
2026-01-27 07:47:00,3.7105,3.711,3.7075,3.708,3.7155,3.716,3.7125,3.713,22
2026-01-27 07:48:00,3.707,3.709,3.7045,3.7065,3.712,3.714,3.7095,3.7115,18
2026-01-27 07:49:00,3.7085,3.711,3.7085,3.71,3.7135,3.716,3.7135,3.715,7
2026-01-27 07:50:00,3.7095,3.7115,3.704,3.711,3.7145,3.7165,3.709,3.716,20
2026-01-27 07:51:00,3.7155,3.7195,3.709,3.716,3.7205,3.7245,3.714,3.721,39
2026-01-27 07:52:00,3.7175,3.7175,3.713,3.7145,3.7225,3.7225,3.718,3.7195,13
2026-01-27 07:53:00,3.714,3.716,3.7085,3.713,3.719,3.721,3.7135,3.718,19
2026-01-27 07:54:00,3.7135,3.719,3.712,3.7135,3.7185,3.724,3.717,3.7185,18
2026-01-27 07:55:00,3.7145,3.716,3.708,3.7095,3.7195,3.721,3.713,3.7145,21
2026-01-27 07:56:00,3.7115,3.713,3.7115,3.7125,3.7165,3.718,3.7165,3.7175,7
2026-01-27 07:57:00,3.712,3.7125,3.711,3.7125,3.717,3.7175,3.716,3.7175,4
2026-01-27 07:58:00,3.712,3.7195,3.708,3.719,3.717,3.7245,3.713,3.724,44
2026-01-27 07:59:00,3.72,3.7225,3.7155,3.7205,3.725,3.7275,3.7205,3.7255,41
2026-01-27 08:00:00,3.7215,3.723,3.711,3.711,3.7265,3.728,3.716,3.716,27
2026-01-27 08:01:00,3.71,3.716,3.708,3.716,3.715,3.721,3.713,3.721,20
2026-01-27 08:02:00,3.718,3.718,3.713,3.7135,3.723,3.723,3.718,3.7185,10
2026-01-27 08:03:00,3.7125,3.7125,3.7035,3.704,3.7175,3.7175,3.7085,3.709,37
2026-01-27 08:04:00,3.7035,3.705,3.7025,3.705,3.7085,3.71,3.7075,3.71,13
2026-01-27 08:05:00,3.7045,3.7065,3.702,3.706,3.7095,3.7115,3.707,3.711,13
2026-01-27 08:06:00,3.7065,3.7085,3.704,3.7045,3.7115,3.7135,3.709,3.7095,9
2026-01-27 08:07:00,3.704,3.7045,3.7025,3.704,3.709,3.7095,3.7075,3.709,7
2026-01-27 08:08:00,3.705,3.7055,3.7045,3.7055,3.71,3.7105,3.7095,3.7105,7
2026-01-27 08:09:00,3.706,3.706,3.7025,3.7055,3.711,3.711,3.7075,3.7105,9
2026-01-27 08:10:00,3.7045,3.7045,3.6965,3.699,3.7095,3.7095,3.7015,3.704,23
2026-01-27 08:11:00,3.6995,3.702,3.699,3.7005,3.7045,3.707,3.704,3.7055,21
2026-01-27 08:12:00,3.701,3.702,3.699,3.699,3.706,3.707,3.704,3.704,23
2026-01-27 08:14:00,3.6975,3.6985,3.6945,3.698,3.7025,3.7035,3.6995,3.703,13
2026-01-27 08:15:00,3.6975,3.6975,3.6955,3.6965,3.7025,3.7025,3.7005,3.7015,4
2026-01-27 08:16:00,3.697,3.702,3.697,3.701,3.702,3.707,3.702,3.706,13
2026-01-27 08:17:00,3.699,3.6995,3.685,3.6865,3.704,3.7045,3.69,3.6915,19
2026-01-27 08:18:00,3.685,3.694,3.6845,3.694,3.69,3.699,3.6895,3.699,13
2026-01-27 08:19:00,3.692,3.696,3.6905,3.693,3.697,3.701,3.6955,3.698,15
2026-01-27 08:20:00,3.6935,3.713,3.693,3.712,3.6985,3.718,3.698,3.717,26
2026-01-27 08:21:00,3.7115,3.7115,3.711,3.7115,3.7165,3.7165,3.716,3.7165,3
2026-01-27 08:22:00,3.7125,3.716,3.7105,3.7105,3.7175,3.721,3.7155,3.7155,15
2026-01-27 08:23:00,3.711,3.713,3.708,3.711,3.716,3.718,3.713,3.716,10
2026-01-27 08:24:00,3.7115,3.7115,3.704,3.7115,3.7165,3.7165,3.709,3.7165,20
2026-01-27 08:25:00,3.713,3.7165,3.7045,3.7095,3.718,3.7215,3.7095,3.7145,28
2026-01-27 08:26:00,3.709,3.714,3.708,3.713,3.714,3.719,3.713,3.718,16
2026-01-27 08:27:00,3.7115,3.7145,3.708,3.708,3.7165,3.7195,3.713,3.713,25
2026-01-27 08:28:00,3.7085,3.726,3.708,3.722,3.7135,3.731,3.713,3.727,30
2026-01-27 08:29:00,3.7215,3.722,3.719,3.7205,3.7265,3.727,3.724,3.7255,15
2026-01-27 08:30:00,3.72,3.7255,3.72,3.724,3.725,3.7305,3.725,3.729,17
2026-01-27 08:31:00,3.7245,3.727,3.72,3.721,3.7295,3.732,3.725,3.726,11
2026-01-27 08:32:00,3.72,3.72,3.7145,3.7145,3.725,3.725,3.7195,3.7195,16
2026-01-27 08:33:00,3.7135,3.7185,3.7135,3.7185,3.7185,3.7235,3.7185,3.7235,11
2026-01-27 08:34:00,3.718,3.7195,3.717,3.7185,3.723,3.7245,3.722,3.7235,8
2026-01-27 08:35:00,3.7195,3.721,3.7185,3.7195,3.7245,3.726,3.7235,3.7245,11
2026-01-27 08:36:00,3.721,3.721,3.719,3.719,3.726,3.726,3.724,3.724,3
2026-01-27 08:37:00,3.72,3.7215,3.717,3.721,3.725,3.7265,3.722,3.726,9
2026-01-27 08:38:00,3.7195,3.72,3.717,3.718,3.7245,3.725,3.722,3.723,7
2026-01-27 08:39:00,3.7185,3.7185,3.714,3.714,3.7235,3.7235,3.719,3.719,5
2026-01-27 08:40:00,3.7135,3.7135,3.7055,3.7055,3.7185,3.7185,3.7105,3.7105,13
2026-01-27 08:41:00,3.7045,3.7085,3.7025,3.7025,3.7095,3.7135,3.7075,3.7075,16
2026-01-27 08:42:00,3.7035,3.706,3.7015,3.705,3.7085,3.711,3.7065,3.71,17
2026-01-27 08:43:00,3.7045,3.708,3.7045,3.7065,3.7095,3.713,3.7095,3.7115,14
2026-01-27 08:44:00,3.707,3.709,3.706,3.7065,3.712,3.714,3.711,3.7115,7
2026-01-27 08:45:00,3.706,3.7125,3.705,3.7125,3.711,3.7175,3.71,3.7175,31
2026-01-27 08:46:00,3.712,3.7135,3.709,3.7135,3.717,3.7185,3.714,3.7185,22
2026-01-27 08:47:00,3.714,3.7225,3.712,3.7225,3.719,3.7275,3.717,3.7275,22
2026-01-27 08:48:00,3.723,3.7265,3.7215,3.725,3.728,3.7315,3.7265,3.73,17
2026-01-27 08:49:00,3.7255,3.726,3.719,3.719,3.7305,3.731,3.724,3.724,10
2026-01-27 08:50:00,3.7185,3.7185,3.717,3.717,3.7235,3.7235,3.722,3.722,3
2026-01-27 08:51:00,3.7165,3.72,3.716,3.7165,3.7215,3.725,3.721,3.7215,8
2026-01-27 08:52:00,3.716,3.716,3.712,3.714,3.721,3.721,3.717,3.719,11
2026-01-27 08:53:00,3.7135,3.716,3.7115,3.7125,3.7185,3.721,3.7165,3.7175,20
2026-01-27 08:54:00,3.712,3.712,3.7105,3.712,3.717,3.717,3.7155,3.717,6
2026-01-27 08:55:00,3.711,3.7125,3.7095,3.7095,3.716,3.7175,3.7145,3.7145,4
2026-01-27 08:56:00,3.71,3.71,3.7005,3.7015,3.715,3.715,3.7055,3.7065,27
2026-01-27 08:57:00,3.702,3.7035,3.7,3.7035,3.707,3.7085,3.705,3.7085,7
2026-01-27 08:58:00,3.702,3.705,3.697,3.7005,3.707,3.71,3.702,3.7055,33
2026-01-27 08:59:00,3.7,3.7,3.691,3.692,3.705,3.705,3.696,3.697,25
2026-01-27 09:00:00,3.6925,3.6955,3.6925,3.6955,3.6975,3.7005,3.6975,3.7005,8
2026-01-27 09:01:00,3.695,3.703,3.6935,3.6965,3.7,3.708,3.6985,3.7015,33
2026-01-27 09:02:00,3.697,3.708,3.697,3.708,3.702,3.713,3.702,3.713,12
2026-01-27 09:03:00,3.7085,3.714,3.7075,3.7115,3.7135,3.719,3.7125,3.7165,23
2026-01-27 09:04:00,3.7125,3.7145,3.7125,3.714,3.7175,3.7195,3.7175,3.719,8
2026-01-27 09:05:00,3.7135,3.714,3.7135,3.7135,3.7185,3.719,3.7185,3.7185,3
2026-01-27 09:06:00,3.712,3.7195,3.712,3.7195,3.717,3.7245,3.717,3.7245,17
2026-01-27 09:07:00,3.719,3.7245,3.718,3.7245,3.724,3.7295,3.723,3.7295,16
2026-01-27 09:08:00,3.724,3.7245,3.723,3.7235,3.729,3.7295,3.728,3.7285,12
2026-01-27 09:09:00,3.7245,3.725,3.7235,3.7245,3.7295,3.73,3.7285,3.7295,8
2026-01-27 09:10:00,3.726,3.731,3.726,3.7285,3.731,3.736,3.731,3.7335,17
2026-01-27 09:11:00,3.728,3.729,3.724,3.729,3.733,3.734,3.729,3.734,12
2026-01-27 09:12:00,3.7305,3.7305,3.727,3.727,3.7355,3.7355,3.732,3.732,12
2026-01-27 09:13:00,3.7265,3.729,3.7145,3.7165,3.7315,3.734,3.7195,3.7215,21
2026-01-27 09:14:00,3.718,3.7185,3.718,3.7185,3.723,3.7235,3.723,3.7235,2
2026-01-27 09:15:00,3.719,3.721,3.718,3.72,3.724,3.726,3.723,3.725,8
2026-01-27 09:16:00,3.719,3.7195,3.715,3.716,3.724,3.7245,3.72,3.721,12
2026-01-27 09:17:00,3.7165,3.7205,3.7165,3.7205,3.7215,3.7255,3.7215,3.7255,13
2026-01-27 09:18:00,3.72,3.721,3.716,3.716,3.725,3.726,3.721,3.721,7
2026-01-27 09:19:00,3.7165,3.7165,3.714,3.7145,3.7215,3.7215,3.719,3.7195,6
2026-01-27 09:20:00,3.715,3.715,3.712,3.713,3.72,3.72,3.717,3.718,12
2026-01-27 09:21:00,3.7135,3.719,3.7135,3.7165,3.7185,3.724,3.7185,3.7215,25
2026-01-27 09:22:00,3.716,3.717,3.7145,3.715,3.721,3.722,3.7195,3.72,9
2026-01-27 09:23:00,3.7155,3.7155,3.715,3.7155,3.7205,3.7205,3.72,3.7205,7
2026-01-27 09:24:00,3.715,3.717,3.7135,3.7145,3.72,3.722,3.7185,3.7195,10
2026-01-27 09:25:00,3.715,3.7165,3.709,3.7165,3.72,3.7215,3.714,3.7215,21
2026-01-27 09:26:00,3.716,3.719,3.716,3.7175,3.721,3.724,3.721,3.7225,7
2026-01-27 09:27:00,3.718,3.723,3.717,3.7225,3.723,3.728,3.722,3.7275,11
2026-01-27 09:28:00,3.722,3.7285,3.722,3.728,3.727,3.7335,3.727,3.733,14
2026-01-27 09:29:00,3.7275,3.728,3.724,3.7265,3.7325,3.733,3.729,3.7315,10
2026-01-27 09:30:00,3.726,3.726,3.7215,3.7255,3.731,3.731,3.7265,3.7305,12
2026-01-27 09:31:00,3.725,3.727,3.7245,3.726,3.73,3.732,3.7295,3.731,10
2026-01-27 09:32:00,3.725,3.7255,3.7145,3.7145,3.73,3.7305,3.7195,3.7195,33
2026-01-27 09:33:00,3.714,3.715,3.7105,3.715,3.719,3.72,3.7155,3.72,24
2026-01-27 09:34:00,3.713,3.714,3.705,3.7075,3.718,3.719,3.71,3.7125,29
2026-01-27 09:35:00,3.708,3.708,3.702,3.7025,3.713,3.713,3.707,3.7075,27
2026-01-27 09:36:00,3.7015,3.703,3.696,3.6975,3.7065,3.708,3.701,3.7025,24
2026-01-27 09:37:00,3.697,3.6975,3.696,3.696,3.702,3.7025,3.701,3.701,7
2026-01-27 09:38:00,3.6965,3.6965,3.6945,3.6955,3.7015,3.7015,3.6995,3.7005,5
2026-01-27 09:39:00,3.695,3.6955,3.695,3.6955,3.7,3.7005,3.7,3.7005,2
2026-01-27 09:40:00,3.695,3.6955,3.695,3.6955,3.7,3.7005,3.7,3.7005,4
2026-01-27 09:41:00,3.695,3.7005,3.6935,3.7005,3.7,3.7055,3.6985,3.7055,23
2026-01-27 09:42:00,3.701,3.704,3.701,3.702,3.706,3.709,3.706,3.707,9
2026-01-27 09:43:00,3.7025,3.7025,3.687,3.6885,3.7075,3.7075,3.692,3.6935,31
2026-01-27 09:44:00,3.688,3.691,3.683,3.6905,3.693,3.696,3.688,3.6955,31
2026-01-27 09:45:00,3.6915,3.6975,3.6915,3.6975,3.6965,3.7025,3.6965,3.7025,13
2026-01-27 09:46:00,3.697,3.6975,3.695,3.6965,3.702,3.7025,3.7,3.7015,11
2026-01-27 09:47:00,3.6985,3.7015,3.6985,3.7,3.7035,3.7065,3.7035,3.705,6
2026-01-27 09:48:00,3.701,3.707,3.701,3.703,3.706,3.712,3.706,3.708,31
2026-01-27 09:49:00,3.7025,3.703,3.6975,3.699,3.7075,3.708,3.7025,3.704,13
2026-01-27 09:50:00,3.6985,3.6985,3.6935,3.6945,3.7035,3.7035,3.6985,3.6995,10
2026-01-27 09:51:00,3.693,3.6955,3.691,3.695,3.698,3.7005,3.696,3.7,22
2026-01-27 09:52:00,3.6955,3.6975,3.6945,3.6965,3.7005,3.7025,3.6995,3.7015,11
2026-01-27 09:53:00,3.697,3.7035,3.697,3.703,3.702,3.7085,3.702,3.708,11
2026-01-27 09:54:00,3.7035,3.7035,3.7035,3.7035,3.7085,3.7085,3.7085,3.7085,1
2026-01-27 09:55:00,3.704,3.71,3.7025,3.7075,3.709,3.715,3.7075,3.7125,19
2026-01-27 09:56:00,3.707,3.7095,3.706,3.706,3.712,3.7145,3.711,3.711,8
2026-01-27 09:57:00,3.705,3.705,3.7015,3.704,3.71,3.71,3.7065,3.709,14
2026-01-27 09:58:00,3.705,3.706,3.705,3.706,3.71,3.711,3.71,3.711,5
2026-01-27 09:59:00,3.7055,3.7065,3.704,3.704,3.7105,3.7115,3.709,3.709,6
2026-01-27 10:00:00,3.7035,3.7045,3.702,3.7045,3.7085,3.7095,3.707,3.7095,10
2026-01-27 10:01:00,3.705,3.705,3.7,3.701,3.71,3.71,3.705,3.706,7
2026-01-27 10:02:00,3.7005,3.7035,3.698,3.7035,3.7055,3.7085,3.703,3.7085,9
2026-01-27 10:03:00,3.704,3.7055,3.704,3.704,3.709,3.7105,3.709,3.709,5
2026-01-27 10:04:00,3.7035,3.7065,3.702,3.7035,3.7085,3.7115,3.707,3.7085,19
2026-01-27 10:05:00,3.703,3.703,3.7015,3.7015,3.708,3.708,3.7065,3.7065,5
2026-01-27 10:06:00,3.701,3.701,3.697,3.701,3.706,3.706,3.702,3.706,17
2026-01-27 10:07:00,3.7015,3.7015,3.6985,3.699,3.7065,3.7065,3.7035,3.704,4
2026-01-27 10:08:00,3.6995,3.7035,3.699,3.7025,3.7045,3.7085,3.704,3.7075,8
2026-01-27 10:09:00,3.7015,3.7055,3.701,3.7055,3.7065,3.7105,3.706,3.7105,6
2026-01-27 10:11:00,3.706,3.707,3.7025,3.7055,3.711,3.712,3.7075,3.7105,12
2026-01-27 10:12:00,3.706,3.706,3.7,3.7,3.711,3.711,3.705,3.705,14
2026-01-27 10:13:00,3.7005,3.7025,3.6995,3.6995,3.7055,3.7075,3.7045,3.7045,11
2026-01-27 10:14:00,3.701,3.704,3.701,3.7035,3.706,3.709,3.706,3.7085,11
2026-01-27 10:15:00,3.705,3.706,3.7045,3.705,3.71,3.711,3.7095,3.71,6
2026-01-27 10:16:00,3.7045,3.705,3.7035,3.705,3.7095,3.71,3.7085,3.71,7
2026-01-27 10:17:00,3.7045,3.7045,3.704,3.704,3.7095,3.7095,3.709,3.709,4
2026-01-27 10:18:00,3.7045,3.7045,3.7045,3.7045,3.7095,3.7095,3.7095,3.7095,1
2026-01-27 10:19:00,3.705,3.705,3.7045,3.7045,3.71,3.71,3.7095,3.7095,2
2026-01-27 10:20:00,3.705,3.707,3.7035,3.7035,3.71,3.712,3.7085,3.7085,7
2026-01-27 10:21:00,3.704,3.706,3.704,3.706,3.709,3.711,3.709,3.711,6
2026-01-27 10:22:00,3.7055,3.706,3.704,3.7045,3.7105,3.711,3.709,3.7095,5
2026-01-27 10:23:00,3.705,3.71,3.705,3.71,3.71,3.715,3.71,3.715,15
2026-01-27 10:24:00,3.7095,3.7095,3.707,3.7075,3.7145,3.7145,3.712,3.7125,7
2026-01-27 10:25:00,3.707,3.708,3.706,3.706,3.712,3.713,3.711,3.711,4
2026-01-27 10:26:00,3.7045,3.7055,3.6985,3.7,3.7095,3.7105,3.7035,3.705,19
2026-01-27 10:27:00,3.7005,3.705,3.7005,3.705,3.7055,3.71,3.7055,3.71,11
2026-01-27 10:28:00,3.706,3.706,3.704,3.706,3.711,3.711,3.709,3.711,6
2026-01-27 10:29:00,3.707,3.711,3.703,3.7045,3.712,3.716,3.708,3.7095,17
2026-01-27 10:30:00,3.705,3.706,3.705,3.705,3.71,3.711,3.71,3.71,6
2026-01-27 10:31:00,3.7055,3.7075,3.7055,3.7075,3.7105,3.7125,3.7105,3.7125,3
2026-01-27 10:32:00,3.708,3.7095,3.7075,3.7075,3.713,3.7145,3.7125,3.7125,5
2026-01-27 10:33:00,3.707,3.7075,3.707,3.7075,3.712,3.7125,3.712,3.7125,4
2026-01-27 10:34:00,3.707,3.707,3.6975,3.6995,3.712,3.712,3.7025,3.7045,22
2026-01-27 10:35:00,3.7,3.7015,3.6975,3.7,3.705,3.7065,3.7025,3.705,12
2026-01-27 10:36:00,3.7005,3.705,3.7005,3.701,3.7055,3.71,3.7055,3.706,13
2026-01-27 10:37:00,3.7015,3.7035,3.7015,3.7025,3.7065,3.7085,3.7065,3.7075,7
2026-01-27 10:39:00,3.703,3.7055,3.703,3.7055,3.708,3.7105,3.708,3.7105,7
2026-01-27 10:40:00,3.705,3.7055,3.705,3.7055,3.71,3.7105,3.71,3.7105,2
2026-01-27 10:41:00,3.7065,3.707,3.7,3.701,3.7115,3.712,3.705,3.706,16
2026-01-27 10:42:00,3.7015,3.7045,3.7005,3.7005,3.7065,3.7095,3.7055,3.7055,15
2026-01-27 10:43:00,3.7015,3.7035,3.7015,3.7035,3.7065,3.7085,3.7065,3.7085,5
2026-01-27 10:44:00,3.704,3.705,3.7025,3.704,3.709,3.71,3.7075,3.709,8
2026-01-27 10:45:00,3.7045,3.7065,3.7035,3.7035,3.7095,3.7115,3.7085,3.7085,7
2026-01-27 10:46:00,3.7025,3.704,3.701,3.701,3.7075,3.709,3.706,3.706,11
2026-01-27 10:47:00,3.7015,3.7035,3.7015,3.7025,3.7065,3.7085,3.7065,3.7075,8
2026-01-27 10:48:00,3.7035,3.7035,3.682,3.683,3.7085,3.7085,3.687,3.688,51
2026-01-27 10:49:00,3.6835,3.6845,3.6815,3.684,3.6885,3.6895,3.6865,3.689,15
2026-01-27 10:50:00,3.6835,3.686,3.682,3.685,3.6885,3.691,3.687,3.69,15
2026-01-27 10:51:00,3.6855,3.6865,3.6855,3.6865,3.6905,3.6915,3.6905,3.6915,5
2026-01-27 10:52:00,3.686,3.686,3.682,3.683,3.691,3.691,3.687,3.688,12
2026-01-27 10:53:00,3.6845,3.6845,3.6785,3.682,3.6895,3.6895,3.6835,3.687,13
2026-01-27 10:54:00,3.6815,3.682,3.6785,3.681,3.6865,3.687,3.6835,3.686,15
2026-01-27 10:55:00,3.68,3.6845,3.68,3.6845,3.685,3.6895,3.685,3.6895,10
2026-01-27 10:56:00,3.684,3.684,3.6825,3.6835,3.689,3.689,3.6875,3.6885,4
2026-01-27 10:57:00,3.683,3.683,3.6785,3.681,3.688,3.688,3.6835,3.686,16
2026-01-27 10:58:00,3.68,3.68,3.655,3.6555,3.685,3.685,3.66,3.6605,60
2026-01-27 10:59:00,3.6545,3.658,3.653,3.6575,3.6595,3.663,3.658,3.6625,46
2026-01-27 11:00:00,3.6555,3.658,3.654,3.6575,3.6605,3.663,3.659,3.6625,22
2026-01-27 11:01:00,3.657,3.666,3.6565,3.6635,3.662,3.671,3.6615,3.6685,41
2026-01-27 11:02:00,3.664,3.669,3.663,3.669,3.669,3.674,3.668,3.674,29
2026-01-27 11:03:00,3.6685,3.671,3.665,3.671,3.6735,3.676,3.67,3.676,24
2026-01-27 11:04:00,3.673,3.684,3.673,3.6825,3.678,3.689,3.678,3.6875,23
2026-01-27 11:05:00,3.6815,3.683,3.678,3.682,3.6865,3.688,3.683,3.687,26
2026-01-27 11:06:00,3.6825,3.6845,3.682,3.6835,3.6875,3.6895,3.687,3.6885,17
2026-01-27 11:07:00,3.683,3.6845,3.6815,3.683,3.688,3.6895,3.6865,3.688,15
2026-01-27 11:08:00,3.6835,3.684,3.6825,3.683,3.6885,3.689,3.6875,3.688,6
2026-01-27 11:09:00,3.6825,3.683,3.6765,3.677,3.6875,3.688,3.6815,3.682,17
2026-01-27 11:10:00,3.6765,3.6765,3.67,3.6725,3.6815,3.6815,3.675,3.6775,26
2026-01-27 11:11:00,3.673,3.674,3.669,3.674,3.678,3.679,3.674,3.679,15
2026-01-27 11:12:00,3.6735,3.677,3.673,3.676,3.6785,3.682,3.678,3.681,18
2026-01-27 11:13:00,3.6755,3.6755,3.673,3.6745,3.6805,3.6805,3.678,3.6795,5
2026-01-27 11:14:00,3.674,3.674,3.6735,3.6735,3.679,3.679,3.6785,3.6785,4
2026-01-27 11:15:00,3.673,3.673,3.6655,3.668,3.678,3.678,3.6705,3.673,19
2026-01-27 11:16:00,3.6685,3.6705,3.6665,3.6685,3.6735,3.6755,3.6715,3.6735,8
2026-01-27 11:17:00,3.667,3.6675,3.6595,3.667,3.672,3.6725,3.6645,3.672,22
2026-01-27 11:18:00,3.6675,3.6715,3.6675,3.6715,3.6725,3.6765,3.6725,3.6765,8
2026-01-27 11:19:00,3.671,3.6715,3.6705,3.6715,3.676,3.6765,3.6755,3.6765,3
2026-01-27 11:20:00,3.67,3.676,3.669,3.6755,3.675,3.681,3.674,3.6805,14
2026-01-27 11:21:00,3.675,3.675,3.657,3.6585,3.68,3.68,3.662,3.6635,41
2026-01-27 11:22:00,3.659,3.665,3.656,3.658,3.664,3.67,3.661,3.663,26
2026-01-27 11:23:00,3.656,3.6565,3.648,3.648,3.661,3.6615,3.653,3.653,29
2026-01-27 11:24:00,3.649,3.651,3.639,3.645,3.654,3.656,3.644,3.65,66
2026-01-27 11:25:00,3.6445,3.647,3.639,3.643,3.6495,3.652,3.644,3.648,27
2026-01-27 11:26:00,3.6435,3.648,3.642,3.648,3.6485,3.653,3.647,3.653,14
2026-01-27 11:27:00,3.6485,3.6555,3.6465,3.6535,3.6535,3.6605,3.6515,3.6585,26
2026-01-27 11:28:00,3.653,3.6595,3.6525,3.6585,3.658,3.6645,3.6575,3.6635,18
2026-01-27 11:29:00,3.659,3.668,3.659,3.665,3.664,3.673,3.664,3.67,32
2026-01-27 11:30:00,3.6645,3.665,3.6605,3.665,3.6695,3.67,3.6655,3.67,16
2026-01-27 11:31:00,3.6655,3.671,3.6645,3.6695,3.6705,3.676,3.6695,3.6745,20
2026-01-27 11:32:00,3.669,3.669,3.666,3.666,3.674,3.674,3.671,3.671,9
2026-01-27 11:33:00,3.6665,3.6665,3.662,3.6645,3.6715,3.6715,3.667,3.6695,10
2026-01-27 11:34:00,3.664,3.666,3.662,3.664,3.669,3.671,3.667,3.669,15
2026-01-27 11:35:00,3.6645,3.6645,3.6575,3.6575,3.6695,3.6695,3.6625,3.6625,26
2026-01-27 11:36:00,3.657,3.66,3.6555,3.6565,3.662,3.665,3.6605,3.6615,19
2026-01-27 11:37:00,3.656,3.6605,3.6555,3.6605,3.661,3.6655,3.6605,3.6655,11
2026-01-27 11:38:00,3.66,3.661,3.66,3.661,3.665,3.666,3.665,3.666,7
2026-01-27 11:39:00,3.6605,3.6645,3.6585,3.661,3.6655,3.6695,3.6635,3.666,25
2026-01-27 11:40:00,3.6605,3.6605,3.6475,3.658,3.6655,3.6655,3.6525,3.663,55
2026-01-27 11:41:00,3.657,3.6595,3.6565,3.6595,3.662,3.6645,3.6615,3.6645,12
2026-01-27 11:42:00,3.659,3.6605,3.6565,3.659,3.664,3.6655,3.6615,3.664,13
2026-01-27 11:43:00,3.6585,3.6585,3.642,3.6475,3.6635,3.6635,3.647,3.6525,71
2026-01-27 11:44:00,3.647,3.6475,3.6345,3.644,3.652,3.6525,3.6395,3.649,78
2026-01-27 11:45:00,3.6455,3.6565,3.6445,3.65,3.6505,3.6615,3.6495,3.655,54
2026-01-27 11:46:00,3.6505,3.658,3.6505,3.654,3.6555,3.663,3.6555,3.659,14
2026-01-27 11:47:00,3.6545,3.655,3.6515,3.655,3.6595,3.66,3.6565,3.66,14
2026-01-27 11:48:00,3.6565,3.666,3.6545,3.665,3.6615,3.671,3.6595,3.67,31
2026-01-27 11:49:00,3.6645,3.669,3.6625,3.667,3.6695,3.674,3.6675,3.672,19
2026-01-27 11:50:00,3.6665,3.667,3.661,3.6615,3.6715,3.672,3.666,3.6665,10
2026-01-27 11:51:00,3.661,3.6625,3.659,3.662,3.666,3.6675,3.664,3.667,7
2026-01-27 11:52:00,3.6625,3.671,3.6625,3.6705,3.6675,3.676,3.6675,3.6755,11
2026-01-27 11:53:00,3.67,3.674,3.668,3.6725,3.675,3.679,3.673,3.6775,13
2026-01-27 11:54:00,3.6735,3.679,3.672,3.6755,3.6785,3.684,3.677,3.6805,25
2026-01-27 11:55:00,3.675,3.699,3.674,3.699,3.68,3.704,3.679,3.704,48
2026-01-27 11:56:00,3.6995,3.702,3.6975,3.7015,3.7045,3.707,3.7025,3.7065,29
2026-01-27 11:57:00,3.701,3.7015,3.691,3.691,3.706,3.7065,3.696,3.696,23
2026-01-27 11:58:00,3.6915,3.6915,3.663,3.6665,3.6965,3.6965,3.668,3.6715,50
2026-01-27 11:59:00,3.666,3.6675,3.6585,3.6615,3.671,3.6725,3.6635,3.6665,28
2026-01-27 12:00:00,3.662,3.662,3.657,3.657,3.667,3.667,3.662,3.662,15
2026-01-27 12:01:00,3.6575,3.664,3.652,3.6585,3.6625,3.669,3.657,3.6635,39
2026-01-27 12:02:00,3.6595,3.662,3.6595,3.6595,3.6645,3.667,3.6645,3.6645,9
2026-01-27 12:03:00,3.66,3.68,3.66,3.6785,3.665,3.685,3.665,3.6835,37
2026-01-27 12:04:00,3.6775,3.6775,3.6725,3.677,3.6825,3.6825,3.6775,3.682,28
2026-01-27 12:05:00,3.6785,3.685,3.6785,3.6805,3.6835,3.69,3.6835,3.6855,16
2026-01-27 12:06:00,3.68,3.685,3.6785,3.685,3.685,3.69,3.6835,3.69,12
2026-01-27 12:07:00,3.6845,3.696,3.684,3.694,3.6895,3.701,3.689,3.699,35
2026-01-27 12:08:00,3.6935,3.697,3.693,3.6945,3.6985,3.702,3.698,3.6995,22
2026-01-27 12:09:00,3.697,3.698,3.6945,3.695,3.702,3.703,3.6995,3.7,25
2026-01-27 12:10:00,3.6955,3.7105,3.695,3.7085,3.7005,3.7155,3.7,3.7135,49
2026-01-27 12:11:00,3.707,3.709,3.6965,3.6965,3.712,3.714,3.7015,3.7015,32
2026-01-27 12:12:00,3.696,3.6985,3.6945,3.6945,3.701,3.7035,3.6995,3.6995,19
2026-01-27 12:13:00,3.694,3.6985,3.6925,3.6935,3.699,3.7035,3.6975,3.6985,19
2026-01-27 12:14:00,3.6945,3.7005,3.6925,3.6975,3.6995,3.7055,3.6975,3.7025,34
2026-01-27 12:15:00,3.698,3.7015,3.6955,3.699,3.703,3.7065,3.7005,3.704,18
2026-01-27 12:16:00,3.6985,3.702,3.6985,3.7015,3.7035,3.707,3.7035,3.7065,18
2026-01-27 12:17:00,3.701,3.7015,3.6975,3.699,3.706,3.7065,3.7025,3.704,24
2026-01-27 12:18:00,3.6985,3.7015,3.6985,3.7,3.7035,3.7065,3.7035,3.705,11
2026-01-27 12:19:00,3.6995,3.7,3.697,3.6995,3.7045,3.705,3.702,3.7045,16
2026-01-27 12:20:00,3.6985,3.7015,3.6975,3.6995,3.7035,3.7065,3.7025,3.7045,14
2026-01-27 12:21:00,3.699,3.7005,3.6965,3.6975,3.704,3.7055,3.7015,3.7025,14
2026-01-27 12:22:00,3.697,3.697,3.692,3.6945,3.702,3.702,3.697,3.6995,22
2026-01-27 12:23:00,3.695,3.6985,3.693,3.693,3.7,3.7035,3.698,3.698,16
2026-01-27 12:24:00,3.6925,3.696,3.69,3.696,3.6975,3.701,3.695,3.701,12
2026-01-27 12:25:00,3.6945,3.6955,3.689,3.6925,3.6995,3.7005,3.694,3.6975,20
2026-01-27 12:26:00,3.694,3.6985,3.693,3.6965,3.699,3.7035,3.698,3.7015,22
2026-01-27 12:27:00,3.697,3.698,3.696,3.696,3.702,3.703,3.701,3.701,8
2026-01-27 12:28:00,3.6955,3.7,3.694,3.696,3.7005,3.705,3.699,3.701,18
2026-01-27 12:29:00,3.6965,3.704,3.6965,3.702,3.7015,3.709,3.7015,3.707,19
2026-01-27 12:30:00,3.7025,3.7215,3.701,3.7215,3.7075,3.7265,3.706,3.7265,43
2026-01-27 12:31:00,3.7225,3.726,3.719,3.725,3.7275,3.731,3.724,3.73,26
2026-01-27 12:32:00,3.7245,3.729,3.724,3.728,3.7295,3.734,3.729,3.733,18
2026-01-27 12:33:00,3.727,3.732,3.7265,3.7315,3.732,3.737,3.7315,3.7365,34
2026-01-27 12:34:00,3.7305,3.7305,3.7235,3.727,3.7355,3.7355,3.7285,3.732,35
2026-01-27 12:35:00,3.7275,3.733,3.7265,3.733,3.7325,3.738,3.7315,3.738,14
2026-01-27 12:36:00,3.7335,3.741,3.733,3.7355,3.7385,3.746,3.738,3.7405,49
2026-01-27 12:37:00,3.7365,3.7385,3.7285,3.7315,3.7415,3.7435,3.7335,3.7365,38
2026-01-27 12:38:00,3.7335,3.7375,3.7325,3.737,3.7385,3.7425,3.7375,3.742,20
2026-01-27 12:39:00,3.738,3.7385,3.7335,3.734,3.743,3.7435,3.7385,3.739,20
2026-01-27 12:40:00,3.7335,3.7365,3.7335,3.735,3.7385,3.7415,3.7385,3.74,13
2026-01-27 12:41:00,3.7345,3.7345,3.7255,3.731,3.7395,3.7395,3.7305,3.736,25
2026-01-27 12:42:00,3.7305,3.7305,3.725,3.7285,3.7355,3.7355,3.73,3.7335,13
2026-01-27 12:43:00,3.7295,3.731,3.7265,3.727,3.7345,3.736,3.7315,3.732,17
2026-01-27 12:44:00,3.7265,3.7285,3.7255,3.728,3.7315,3.7335,3.7305,3.733,7
2026-01-27 12:45:00,3.7275,3.7275,3.7235,3.727,3.7325,3.7325,3.7285,3.732,21
2026-01-27 12:46:00,3.7265,3.734,3.7265,3.7305,3.7315,3.739,3.7315,3.7355,25
2026-01-27 12:47:00,3.73,3.7355,3.7295,3.7355,3.735,3.7405,3.7345,3.7405,11
2026-01-27 12:48:00,3.735,3.743,3.735,3.742,3.74,3.748,3.74,3.747,33
2026-01-27 12:49:00,3.741,3.7435,3.735,3.739,3.746,3.7485,3.74,3.744,35
2026-01-27 12:50:00,3.7395,3.751,3.7395,3.7485,3.7445,3.756,3.7445,3.7535,33
2026-01-27 12:51:00,3.749,3.7515,3.749,3.751,3.754,3.7565,3.754,3.756,18
2026-01-27 12:52:00,3.7515,3.763,3.7515,3.7605,3.7565,3.768,3.7565,3.7655,21
2026-01-27 12:53:00,3.761,3.7615,3.7485,3.751,3.766,3.7665,3.7535,3.756,23
2026-01-27 12:54:00,3.7505,3.7505,3.741,3.743,3.7555,3.7555,3.746,3.748,22
2026-01-27 12:55:00,3.7435,3.7435,3.737,3.737,3.7485,3.7485,3.742,3.742,11
2026-01-27 12:56:00,3.7365,3.7365,3.718,3.7205,3.7415,3.7415,3.723,3.7255,44
2026-01-27 12:57:00,3.721,3.73,3.713,3.7295,3.726,3.735,3.718,3.7345,42
2026-01-27 12:58:00,3.7285,3.7475,3.724,3.7445,3.7335,3.7525,3.729,3.7495,56
2026-01-27 12:59:00,3.7455,3.7465,3.7375,3.746,3.7505,3.7515,3.7425,3.751,26
2026-01-27 13:00:00,3.7475,3.7495,3.7315,3.7325,3.7525,3.7545,3.7365,3.7375,53
2026-01-27 13:01:00,3.734,3.7345,3.721,3.724,3.739,3.7395,3.726,3.729,42
2026-01-27 13:02:00,3.7245,3.743,3.7245,3.7405,3.7295,3.748,3.7295,3.7455,33
2026-01-27 13:03:00,3.74,3.743,3.734,3.743,3.745,3.748,3.739,3.748,34
2026-01-27 13:04:00,3.7425,3.744,3.742,3.743,3.7475,3.749,3.747,3.748,13
2026-01-27 13:05:00,3.7425,3.7445,3.7325,3.734,3.7475,3.7495,3.7375,3.739,31
2026-01-27 13:06:00,3.7345,3.737,3.7225,3.7255,3.7395,3.742,3.7275,3.7305,29
2026-01-27 13:07:00,3.7265,3.7265,3.711,3.7145,3.7315,3.7315,3.716,3.7195,35
2026-01-27 13:08:00,3.714,3.721,3.7105,3.718,3.719,3.726,3.7155,3.723,64
2026-01-27 13:09:00,3.7185,3.721,3.702,3.7035,3.7235,3.726,3.707,3.7085,57
2026-01-27 13:10:00,3.7045,3.7055,3.7015,3.7045,3.7095,3.7105,3.7065,3.7095,14
2026-01-27 13:22:00,3.6835,3.6835,3.683,3.6835,3.6885,3.6885,3.688,3.6885,3
2026-01-27 13:23:00,3.683,3.687,3.6825,3.686,3.688,3.692,3.6875,3.691,15
2026-01-27 13:24:00,3.6855,3.6865,3.6785,3.6805,3.6905,3.6915,3.6835,3.6855,26
2026-01-27 13:25:00,3.682,3.682,3.672,3.681,3.687,3.687,3.677,3.686,51
2026-01-27 13:26:00,3.6815,3.686,3.6615,3.674,3.6865,3.691,3.6665,3.679,106
2026-01-27 13:27:00,3.6745,3.688,3.6735,3.6865,3.6795,3.693,3.6785,3.6915,52
2026-01-27 13:28:00,3.688,3.688,3.676,3.6765,3.693,3.693,3.681,3.6815,34
2026-01-27 13:29:00,3.676,3.676,3.665,3.6735,3.681,3.681,3.67,3.6785,49
2026-01-27 13:30:00,3.673,3.6815,3.67,3.675,3.678,3.6865,3.675,3.68,36
2026-01-27 13:31:00,3.6735,3.685,3.673,3.673,3.6785,3.69,3.678,3.678,35
2026-01-27 13:32:00,3.672,3.6775,3.6635,3.6735,3.677,3.6825,3.6685,3.6785,61
2026-01-27 13:33:00,3.674,3.6825,3.674,3.6795,3.679,3.6875,3.679,3.6845,22
2026-01-27 13:34:00,3.68,3.686,3.67,3.6835,3.685,3.691,3.675,3.6885,52
2026-01-27 13:35:00,3.683,3.683,3.6665,3.6765,3.688,3.688,3.6715,3.6815,67
2026-01-27 13:36:00,3.6755,3.6755,3.658,3.659,3.6805,3.6805,3.663,3.664,47
2026-01-27 13:37:00,3.66,3.6675,3.655,3.6665,3.665,3.6725,3.66,3.6715,41
2026-01-27 13:38:00,3.666,3.666,3.656,3.658,3.671,3.671,3.661,3.663,27
2026-01-27 13:39:00,3.6585,3.673,3.6585,3.666,3.6635,3.678,3.6635,3.671,38
2026-01-27 13:40:00,3.6665,3.674,3.665,3.668,3.6715,3.679,3.67,3.673,36
2026-01-27 13:41:00,3.6695,3.6715,3.6685,3.669,3.6745,3.6765,3.6735,3.674,13
2026-01-27 13:42:00,3.668,3.668,3.66,3.6635,3.673,3.673,3.665,3.6685,30
2026-01-27 13:43:00,3.663,3.665,3.6525,3.6525,3.668,3.67,3.6575,3.6575,44
2026-01-27 13:44:00,3.65,3.656,3.649,3.6525,3.655,3.661,3.654,3.6575,39
2026-01-27 13:45:00,3.6515,3.6555,3.649,3.6555,3.6565,3.6605,3.654,3.6605,30
2026-01-27 13:46:00,3.6545,3.667,3.6545,3.666,3.6595,3.672,3.6595,3.671,41
2026-01-27 13:47:00,3.6665,3.6735,3.6635,3.672,3.6715,3.6785,3.6685,3.677,46
2026-01-27 13:48:00,3.668,3.6695,3.657,3.6585,3.673,3.6745,3.662,3.6635,44
2026-01-27 13:49:00,3.6595,3.667,3.6535,3.654,3.6645,3.672,3.6585,3.659,46
2026-01-27 13:50:00,3.655,3.66,3.65,3.6565,3.66,3.665,3.655,3.6615,43
2026-01-27 13:51:00,3.656,3.6615,3.6555,3.6605,3.661,3.6665,3.6605,3.6655,28
2026-01-27 13:52:00,3.662,3.6645,3.658,3.658,3.667,3.6695,3.663,3.663,33
2026-01-27 13:53:00,3.6585,3.6645,3.6575,3.661,3.6635,3.6695,3.6625,3.666,36
2026-01-27 13:54:00,3.662,3.6635,3.645,3.6525,3.667,3.6685,3.65,3.6575,60
2026-01-27 13:55:00,3.6535,3.6535,3.637,3.64,3.6585,3.6585,3.642,3.645,48
2026-01-27 13:56:00,3.6395,3.6455,3.631,3.643,3.6445,3.6505,3.636,3.648,58
2026-01-27 13:57:00,3.642,3.644,3.637,3.6385,3.647,3.649,3.642,3.6435,34
2026-01-27 13:58:00,3.6395,3.6425,3.6125,3.627,3.6445,3.6475,3.6175,3.632,98
2026-01-27 13:59:00,3.626,3.629,3.618,3.6285,3.631,3.634,3.623,3.6335,68
2026-01-27 14:00:00,3.628,3.6625,3.628,3.6625,3.633,3.6675,3.633,3.6675,109
2026-01-27 14:01:00,3.6635,3.6635,3.653,3.653,3.6685,3.6685,3.658,3.658,67
2026-01-27 14:02:00,3.654,3.654,3.6285,3.635,3.659,3.659,3.6335,3.64,60
2026-01-27 14:03:00,3.634,3.635,3.622,3.635,3.639,3.64,3.627,3.64,111
2026-01-27 14:04:00,3.634,3.645,3.633,3.645,3.639,3.65,3.638,3.65,54
2026-01-27 14:05:00,3.644,3.6615,3.6415,3.661,3.649,3.6665,3.6465,3.666,68
2026-01-27 14:06:00,3.66,3.662,3.6555,3.6585,3.665,3.667,3.6605,3.6635,67
2026-01-27 14:07:00,3.658,3.668,3.6575,3.6625,3.663,3.673,3.6625,3.6675,55
2026-01-27 14:08:00,3.662,3.664,3.6525,3.664,3.667,3.669,3.6575,3.669,51
2026-01-27 14:09:00,3.6635,3.667,3.66,3.6645,3.6685,3.672,3.665,3.6695,40
2026-01-27 14:10:00,3.664,3.666,3.6555,3.664,3.669,3.671,3.6605,3.669,58
2026-01-27 14:11:00,3.6645,3.682,3.6645,3.6815,3.6695,3.687,3.6695,3.6865,64
2026-01-27 14:12:00,3.681,3.687,3.678,3.684,3.686,3.692,3.683,3.689,61
2026-01-27 14:13:00,3.6835,3.6895,3.6715,3.6715,3.6885,3.6945,3.6765,3.6765,77
2026-01-27 14:14:00,3.671,3.672,3.661,3.668,3.676,3.677,3.666,3.673,58
2026-01-27 14:15:00,3.667,3.6795,3.666,3.675,3.672,3.6845,3.671,3.68,44
2026-01-27 14:16:00,3.6755,3.6825,3.668,3.6735,3.6805,3.6875,3.673,3.6785,34
2026-01-27 14:17:00,3.6725,3.675,3.666,3.6735,3.6775,3.68,3.671,3.6785,36
2026-01-27 14:18:00,3.673,3.692,3.6705,3.6845,3.678,3.697,3.6755,3.6895,83
2026-01-27 14:19:00,3.6855,3.704,3.685,3.697,3.6905,3.709,3.69,3.702,92
2026-01-27 14:20:00,3.6955,3.701,3.692,3.6925,3.7005,3.706,3.697,3.6975,44
2026-01-27 14:21:00,3.6935,3.696,3.692,3.696,3.6985,3.701,3.697,3.701,30
2026-01-27 14:22:00,3.6955,3.705,3.6955,3.702,3.7005,3.71,3.7005,3.707,57
2026-01-27 14:23:00,3.7015,3.7075,3.6955,3.705,3.7065,3.7125,3.7005,3.71,51
2026-01-27 14:24:00,3.7045,3.709,3.7015,3.704,3.7095,3.714,3.7065,3.709,53
2026-01-27 14:25:00,3.7045,3.715,3.7045,3.7115,3.7095,3.72,3.7095,3.7165,53
2026-01-27 14:26:00,3.7125,3.7235,3.71,3.722,3.7175,3.7285,3.715,3.727,70
2026-01-27 14:27:00,3.7235,3.736,3.7235,3.732,3.7285,3.741,3.7285,3.737,96
2026-01-27 14:28:00,3.731,3.731,3.7185,3.7185,3.736,3.736,3.7235,3.7235,89
2026-01-27 14:29:00,3.719,3.728,3.717,3.727,3.724,3.733,3.722,3.732,40
2026-01-27 14:30:00,3.7265,3.7265,3.7085,3.709,3.7315,3.7315,3.7135,3.714,68
2026-01-27 14:31:00,3.708,3.708,3.693,3.7015,3.713,3.713,3.698,3.7065,91
2026-01-27 14:32:00,3.702,3.7145,3.6965,3.705,3.707,3.7195,3.7015,3.71,83
2026-01-27 14:33:00,3.7045,3.7105,3.7045,3.706,3.7095,3.7155,3.7095,3.711,34
2026-01-27 14:34:00,3.707,3.7145,3.7005,3.706,3.712,3.7195,3.7055,3.711,53
2026-01-27 14:35:00,3.7055,3.7105,3.7005,3.7035,3.7105,3.7155,3.7055,3.7085,48
2026-01-27 14:36:00,3.703,3.7145,3.703,3.7145,3.708,3.7195,3.708,3.7195,45
2026-01-27 14:37:00,3.715,3.717,3.7035,3.711,3.72,3.722,3.7085,3.716,60
2026-01-27 14:38:00,3.712,3.734,3.707,3.724,3.717,3.739,3.712,3.729,97
2026-01-27 14:39:00,3.725,3.725,3.707,3.709,3.73,3.73,3.712,3.714,72
2026-01-27 14:40:00,3.711,3.718,3.71,3.7155,3.716,3.723,3.715,3.7205,45
2026-01-27 14:41:00,3.715,3.722,3.71,3.718,3.72,3.727,3.715,3.723,49
2026-01-27 14:42:00,3.719,3.7285,3.719,3.7225,3.724,3.7335,3.724,3.7275,59
2026-01-27 14:43:00,3.722,3.735,3.721,3.7275,3.727,3.74,3.726,3.7325,53
2026-01-27 14:44:00,3.7285,3.7325,3.7275,3.73,3.7335,3.7375,3.7325,3.735,42
2026-01-27 14:45:00,3.7295,3.738,3.726,3.738,3.7345,3.743,3.731,3.743,62
2026-01-27 14:46:00,3.7385,3.7435,3.7295,3.735,3.7435,3.7485,3.7345,3.74,76
2026-01-27 14:47:00,3.7365,3.7475,3.733,3.733,3.7415,3.7525,3.738,3.738,67
2026-01-27 14:48:00,3.7345,3.746,3.722,3.724,3.7395,3.751,3.727,3.729,95
2026-01-27 14:49:00,3.7245,3.729,3.7125,3.719,3.7295,3.734,3.7175,3.724,46
2026-01-27 14:50:00,3.72,3.72,3.6945,3.71,3.725,3.725,3.6995,3.715,109
2026-01-27 14:51:00,3.712,3.726,3.71,3.7245,3.717,3.731,3.715,3.7295,31
2026-01-27 14:52:00,3.725,3.7375,3.725,3.735,3.73,3.7425,3.73,3.74,79
2026-01-27 14:53:00,3.734,3.74,3.732,3.733,3.739,3.745,3.737,3.738,66
2026-01-27 14:54:00,3.7325,3.7355,3.723,3.723,3.7375,3.7405,3.728,3.728,42
2026-01-27 14:55:00,3.7225,3.729,3.7185,3.7265,3.7275,3.734,3.7235,3.7315,57
2026-01-27 14:56:00,3.727,3.729,3.721,3.728,3.732,3.734,3.726,3.733,36
2026-01-27 14:57:00,3.7275,3.7385,3.7235,3.7385,3.7325,3.7435,3.7285,3.7435,52
2026-01-27 14:58:00,3.7395,3.742,3.7335,3.7355,3.7445,3.747,3.7385,3.7405,57
2026-01-27 14:59:00,3.736,3.741,3.732,3.7375,3.741,3.746,3.737,3.7425,61
2026-01-27 15:00:00,3.7385,3.7595,3.736,3.751,3.7435,3.7645,3.741,3.756,179
2026-01-27 15:01:00,3.7505,3.7695,3.747,3.769,3.7555,3.7745,3.752,3.774,161
2026-01-27 15:02:00,3.768,3.7705,3.762,3.77,3.773,3.7755,3.767,3.775,110
2026-01-27 15:03:00,3.7695,3.773,3.7665,3.771,3.7745,3.778,3.7715,3.776,72
2026-01-27 15:04:00,3.7705,3.778,3.77,3.775,3.7755,3.783,3.775,3.78,85
2026-01-27 15:05:00,3.7745,3.775,3.7645,3.775,3.7795,3.78,3.7695,3.78,106
2026-01-27 15:06:00,3.774,3.776,3.768,3.768,3.779,3.781,3.773,3.773,66
2026-01-27 15:07:00,3.7685,3.774,3.766,3.7665,3.7735,3.779,3.771,3.7715,55
2026-01-27 15:08:00,3.766,3.766,3.744,3.745,3.771,3.771,3.749,3.75,128
2026-01-27 15:09:00,3.7445,3.747,3.729,3.729,3.7495,3.752,3.734,3.734,99
2026-01-27 15:10:00,3.7285,3.7285,3.716,3.718,3.7335,3.7335,3.721,3.723,104
2026-01-27 15:11:00,3.719,3.72,3.7075,3.708,3.724,3.725,3.7125,3.713,106
2026-01-27 15:12:00,3.709,3.726,3.704,3.725,3.714,3.731,3.709,3.73,96
2026-01-27 15:13:00,3.7255,3.731,3.719,3.723,3.7305,3.736,3.724,3.728,84
2026-01-27 15:14:00,3.7235,3.7275,3.714,3.7205,3.7285,3.7325,3.719,3.7255,65
2026-01-27 15:15:00,3.721,3.721,3.703,3.7135,3.726,3.726,3.708,3.7185,111
2026-01-27 15:16:00,3.713,3.718,3.701,3.703,3.718,3.723,3.706,3.708,111
2026-01-27 15:17:00,3.704,3.7225,3.704,3.721,3.709,3.7275,3.709,3.726,65
2026-01-27 15:18:00,3.7205,3.7205,3.691,3.702,3.7255,3.7255,3.696,3.707,152
2026-01-27 15:19:00,3.703,3.706,3.699,3.703,3.708,3.711,3.704,3.708,46
2026-01-27 15:20:00,3.7035,3.7045,3.688,3.6895,3.7085,3.7095,3.693,3.6945,86
2026-01-27 15:21:00,3.689,3.6905,3.666,3.669,3.694,3.6955,3.671,3.674,151
2026-01-27 15:22:00,3.6685,3.674,3.65,3.655,3.6735,3.679,3.655,3.66,256
2026-01-27 15:23:00,3.6545,3.6715,3.6475,3.671,3.6595,3.6765,3.6525,3.676,184
2026-01-27 15:24:00,3.672,3.677,3.665,3.6705,3.677,3.682,3.67,3.6755,158
2026-01-27 15:25:00,3.67,3.683,3.667,3.682,3.675,3.688,3.672,3.687,83
2026-01-27 15:26:00,3.6835,3.6895,3.6735,3.6885,3.6885,3.6945,3.6785,3.6935,119
2026-01-27 15:27:00,3.688,3.704,3.683,3.6845,3.693,3.709,3.688,3.6895,130
2026-01-27 15:28:00,3.6835,3.6855,3.6715,3.6715,3.6885,3.6905,3.6765,3.6765,84
2026-01-27 15:29:00,3.6705,3.682,3.659,3.6805,3.6755,3.687,3.664,3.6855,164
2026-01-27 15:30:00,3.681,3.7085,3.67,3.6955,3.686,3.7135,3.675,3.7005,281
2026-01-27 15:31:00,3.697,3.706,3.687,3.702,3.702,3.711,3.692,3.707,167
2026-01-27 15:32:00,3.701,3.722,3.6935,3.7105,3.706,3.727,3.6985,3.7155,170
2026-01-27 15:33:00,3.711,3.713,3.696,3.6975,3.716,3.718,3.701,3.7025,69
2026-01-27 15:34:00,3.697,3.703,3.6865,3.6995,3.702,3.708,3.6915,3.7045,88
2026-01-27 15:35:00,3.7,3.702,3.689,3.7005,3.705,3.707,3.694,3.7055,104
2026-01-27 15:36:00,3.701,3.708,3.681,3.6965,3.706,3.713,3.686,3.7015,107
2026-01-27 15:37:00,3.696,3.7,3.6895,3.6945,3.701,3.705,3.6945,3.6995,97
2026-01-27 15:38:00,3.6935,3.709,3.6865,3.709,3.6985,3.714,3.6915,3.714,95
2026-01-27 15:39:00,3.7105,3.718,3.708,3.7135,3.7155,3.723,3.713,3.7185,147
2026-01-27 15:40:00,3.714,3.722,3.707,3.721,3.719,3.727,3.712,3.726,100
2026-01-27 15:41:00,3.7195,3.725,3.7135,3.7175,3.7245,3.73,3.7185,3.7225,89
2026-01-27 15:42:00,3.717,3.717,3.685,3.6865,3.722,3.722,3.69,3.6915,122
2026-01-27 15:43:00,3.686,3.699,3.685,3.696,3.691,3.704,3.69,3.701,73
2026-01-27 15:44:00,3.697,3.704,3.678,3.68,3.702,3.709,3.683,3.685,108
2026-01-27 15:45:00,3.681,3.691,3.675,3.688,3.686,3.696,3.68,3.693,116
2026-01-27 15:46:00,3.6875,3.6875,3.663,3.6795,3.6925,3.6925,3.668,3.6845,133
2026-01-27 15:47:00,3.681,3.687,3.6705,3.6745,3.686,3.692,3.6755,3.6795,100
2026-01-27 15:48:00,3.675,3.6795,3.6725,3.679,3.68,3.6845,3.6775,3.684,61
2026-01-27 15:49:00,3.68,3.691,3.679,3.6905,3.685,3.696,3.684,3.6955,70
2026-01-27 15:50:00,3.69,3.6965,3.687,3.6915,3.695,3.7015,3.692,3.6965,70
2026-01-27 15:51:00,3.691,3.691,3.6775,3.6785,3.696,3.696,3.6825,3.6835,48
2026-01-27 15:52:00,3.6775,3.6775,3.659,3.666,3.6825,3.6825,3.664,3.671,103
2026-01-27 15:53:00,3.6665,3.674,3.662,3.666,3.6715,3.679,3.667,3.671,68
2026-01-27 15:54:00,3.6625,3.6675,3.656,3.6625,3.6675,3.6725,3.661,3.6675,96
2026-01-27 15:55:00,3.662,3.6675,3.656,3.6635,3.667,3.6725,3.661,3.6685,80
2026-01-27 15:56:00,3.6615,3.663,3.643,3.6435,3.6665,3.668,3.648,3.6485,109
2026-01-27 15:57:00,3.644,3.6475,3.633,3.634,3.649,3.6525,3.638,3.639,156
2026-01-27 15:58:00,3.6335,3.649,3.63,3.647,3.6385,3.654,3.635,3.652,108
2026-01-27 15:59:00,3.6465,3.648,3.633,3.637,3.6515,3.653,3.638,3.642,91
2026-01-27 16:00:00,3.638,3.639,3.623,3.631,3.643,3.644,3.628,3.636,113
2026-01-27 16:01:00,3.6305,3.6325,3.612,3.6255,3.6355,3.6375,3.617,3.6305,148
2026-01-27 16:02:00,3.626,3.631,3.622,3.629,3.631,3.636,3.627,3.634,109
2026-01-27 16:03:00,3.628,3.636,3.625,3.633,3.633,3.641,3.63,3.638,105
2026-01-27 16:04:00,3.6325,3.635,3.624,3.6265,3.6375,3.64,3.629,3.6315,69
2026-01-27 16:05:00,3.626,3.6295,3.622,3.628,3.631,3.6345,3.627,3.633,54
2026-01-27 16:06:00,3.627,3.647,3.625,3.644,3.632,3.652,3.63,3.649,97
2026-01-27 16:07:00,3.645,3.647,3.638,3.6415,3.65,3.652,3.643,3.6465,81
2026-01-27 16:08:00,3.641,3.641,3.62,3.63,3.646,3.646,3.625,3.635,104
2026-01-27 16:09:00,3.6305,3.631,3.621,3.624,3.6355,3.636,3.626,3.629,68
2026-01-27 16:10:00,3.6235,3.648,3.623,3.6415,3.6285,3.653,3.628,3.6465,88
2026-01-27 16:11:00,3.641,3.6435,3.63,3.6305,3.646,3.6485,3.635,3.6355,87
2026-01-27 16:12:00,3.631,3.644,3.627,3.636,3.636,3.649,3.632,3.641,79
2026-01-27 16:13:00,3.6395,3.651,3.6395,3.646,3.6445,3.656,3.6445,3.651,74
2026-01-27 16:14:00,3.6455,3.651,3.642,3.6495,3.6505,3.656,3.647,3.6545,61
2026-01-27 16:15:00,3.649,3.65,3.6415,3.645,3.654,3.655,3.6465,3.65,74
2026-01-27 16:16:00,3.6465,3.6495,3.644,3.646,3.6515,3.6545,3.649,3.651,39
2026-01-27 16:17:00,3.6465,3.655,3.646,3.653,3.6515,3.66,3.651,3.658,105
2026-01-27 16:18:00,3.652,3.662,3.651,3.6585,3.657,3.667,3.656,3.6635,116
2026-01-27 16:19:00,3.659,3.6655,3.6555,3.663,3.664,3.6705,3.6605,3.668,67
2026-01-27 16:20:00,3.664,3.665,3.647,3.648,3.669,3.67,3.652,3.653,101
2026-01-27 16:21:00,3.6465,3.657,3.6465,3.6555,3.6515,3.662,3.6515,3.6605,60
2026-01-27 16:22:00,3.6565,3.6585,3.6495,3.653,3.6615,3.6635,3.6545,3.658,54
2026-01-27 16:23:00,3.654,3.654,3.623,3.629,3.659,3.659,3.628,3.634,128
2026-01-27 16:24:00,3.63,3.6375,3.629,3.6345,3.635,3.6425,3.634,3.6395,65
2026-01-27 16:25:00,3.635,3.639,3.632,3.638,3.64,3.644,3.637,3.643,74
2026-01-27 16:26:00,3.639,3.6455,3.634,3.638,3.644,3.6505,3.639,3.643,67
2026-01-27 16:27:00,3.6375,3.644,3.6355,3.638,3.6425,3.649,3.6405,3.643,56
2026-01-27 16:28:00,3.6385,3.6525,3.633,3.6505,3.6435,3.6575,3.638,3.6555,60
2026-01-27 16:29:00,3.651,3.66,3.6495,3.6555,3.656,3.665,3.6545,3.6605,87
2026-01-27 16:30:00,3.656,3.6685,3.6535,3.663,3.661,3.6735,3.6585,3.668,83
2026-01-27 16:31:00,3.662,3.671,3.658,3.667,3.667,3.676,3.663,3.672,115
2026-01-27 16:32:00,3.6685,3.675,3.661,3.67,3.6735,3.68,3.666,3.675,119
2026-01-27 16:33:00,3.669,3.68,3.664,3.6715,3.674,3.685,3.669,3.6765,121
2026-01-27 16:34:00,3.671,3.681,3.671,3.678,3.676,3.686,3.676,3.683,86
2026-01-27 16:35:00,3.6775,3.6795,3.673,3.676,3.6825,3.6845,3.678,3.681,86
2026-01-27 16:36:00,3.675,3.677,3.666,3.666,3.68,3.682,3.671,3.671,102
2026-01-27 16:37:00,3.665,3.668,3.6615,3.664,3.67,3.673,3.6665,3.669,66
2026-01-27 16:38:00,3.665,3.669,3.655,3.655,3.67,3.674,3.66,3.66,57
2026-01-27 16:39:00,3.656,3.659,3.651,3.653,3.661,3.664,3.656,3.658,64
2026-01-27 16:40:00,3.6535,3.657,3.651,3.654,3.6585,3.662,3.656,3.659,39
2026-01-27 16:41:00,3.6535,3.6555,3.646,3.6555,3.6585,3.6605,3.651,3.6605,47
2026-01-27 16:42:00,3.656,3.66,3.655,3.658,3.661,3.665,3.66,3.663,48
2026-01-27 16:43:00,3.659,3.662,3.655,3.659,3.664,3.667,3.66,3.664,57
2026-01-27 16:44:00,3.6595,3.673,3.6595,3.669,3.6645,3.678,3.6645,3.674,81
2026-01-27 16:45:00,3.67,3.673,3.663,3.6655,3.675,3.678,3.668,3.6705,67
2026-01-27 16:46:00,3.6645,3.671,3.664,3.666,3.6695,3.676,3.669,3.671,48
2026-01-27 16:47:00,3.6665,3.676,3.664,3.6705,3.6715,3.681,3.669,3.6755,66
2026-01-27 16:48:00,3.67,3.6755,3.6595,3.6625,3.675,3.6805,3.6645,3.6675,70
2026-01-27 16:49:00,3.662,3.671,3.658,3.671,3.667,3.676,3.663,3.676,74
2026-01-27 16:50:00,3.6715,3.68,3.6715,3.675,3.6765,3.685,3.6765,3.68,70
2026-01-27 16:51:00,3.6745,3.679,3.671,3.677,3.6795,3.684,3.676,3.682,62
2026-01-27 16:52:00,3.676,3.68,3.674,3.6775,3.681,3.685,3.679,3.6825,46
2026-01-27 16:53:00,3.677,3.681,3.669,3.672,3.682,3.686,3.674,3.677,71
2026-01-27 16:54:00,3.6715,3.672,3.666,3.666,3.6765,3.677,3.671,3.671,58
2026-01-27 16:55:00,3.6665,3.67,3.663,3.668,3.6715,3.675,3.668,3.673,60
2026-01-27 16:56:00,3.6675,3.672,3.658,3.659,3.6725,3.677,3.663,3.664,60
2026-01-27 16:57:00,3.6595,3.667,3.655,3.666,3.6645,3.672,3.66,3.671,81
2026-01-27 16:58:00,3.665,3.666,3.6485,3.6485,3.67,3.671,3.6535,3.6535,75
2026-01-27 16:59:00,3.6495,3.6575,3.6435,3.657,3.6545,3.6625,3.6485,3.662,64
2026-01-27 17:00:00,3.658,3.6715,3.656,3.6655,3.663,3.6765,3.661,3.6705,84
2026-01-27 17:01:00,3.6665,3.6715,3.664,3.667,3.6715,3.6765,3.669,3.672,46
2026-01-27 17:02:00,3.6655,3.6735,3.659,3.6715,3.6705,3.6785,3.664,3.6765,88
2026-01-27 17:03:00,3.671,3.6845,3.6705,3.6815,3.676,3.6895,3.6755,3.6865,100
2026-01-27 17:04:00,3.681,3.686,3.6765,3.684,3.686,3.691,3.6815,3.689,68
2026-01-27 17:05:00,3.683,3.69,3.6815,3.689,3.688,3.695,3.6865,3.694,56
2026-01-27 17:06:00,3.6885,3.694,3.682,3.686,3.6935,3.699,3.687,3.691,85
2026-01-27 17:07:00,3.687,3.6895,3.684,3.6855,3.692,3.6945,3.689,3.6905,65
2026-01-27 17:08:00,3.686,3.688,3.679,3.6845,3.691,3.693,3.684,3.6895,66
2026-01-27 17:09:00,3.684,3.686,3.6775,3.6855,3.689,3.691,3.6825,3.6905,46
2026-01-27 17:10:00,3.686,3.69,3.68,3.6845,3.691,3.695,3.685,3.6895,71
2026-01-27 17:11:00,3.6855,3.688,3.682,3.6865,3.6905,3.693,3.687,3.6915,54
2026-01-27 17:12:00,3.685,3.6875,3.6825,3.6865,3.69,3.6925,3.6875,3.6915,32
2026-01-27 17:13:00,3.687,3.687,3.682,3.687,3.692,3.692,3.687,3.692,33
2026-01-27 17:14:00,3.688,3.6975,3.688,3.694,3.693,3.7025,3.693,3.699,61
2026-01-27 17:15:00,3.6935,3.695,3.691,3.692,3.6985,3.7,3.696,3.697,47
2026-01-27 17:16:00,3.691,3.696,3.6905,3.695,3.696,3.701,3.6955,3.7,27
2026-01-27 17:17:00,3.696,3.696,3.692,3.6925,3.701,3.701,3.697,3.6975,22
2026-01-27 17:18:00,3.692,3.7,3.69,3.698,3.697,3.705,3.695,3.703,72
2026-01-27 17:19:00,3.6975,3.7035,3.696,3.7005,3.7025,3.7085,3.701,3.7055,58
2026-01-27 17:20:00,3.701,3.713,3.698,3.712,3.706,3.718,3.703,3.717,88
2026-01-27 17:21:00,3.7125,3.728,3.712,3.721,3.7175,3.733,3.717,3.726,259
2026-01-27 17:22:00,3.7215,3.726,3.714,3.719,3.7265,3.731,3.719,3.724,117
2026-01-27 17:23:00,3.72,3.734,3.715,3.73,3.725,3.739,3.72,3.735,103
2026-01-27 17:24:00,3.7295,3.733,3.711,3.7125,3.7345,3.738,3.716,3.7175,89
2026-01-27 17:25:00,3.713,3.721,3.709,3.7135,3.718,3.726,3.714,3.7185,91
2026-01-27 17:26:00,3.712,3.7175,3.7075,3.7175,3.717,3.7225,3.7125,3.7225,43
2026-01-27 17:27:00,3.7165,3.729,3.7165,3.728,3.7215,3.734,3.7215,3.733,70
2026-01-27 17:28:00,3.7275,3.732,3.719,3.7235,3.7325,3.737,3.724,3.7285,48
2026-01-27 17:29:00,3.724,3.733,3.7195,3.727,3.729,3.738,3.7245,3.732,78
2026-01-27 17:30:00,3.726,3.735,3.723,3.7305,3.731,3.74,3.728,3.7355,65
2026-01-27 17:31:00,3.73,3.73,3.723,3.727,3.735,3.735,3.728,3.732,44
2026-01-27 17:32:00,3.7275,3.735,3.725,3.7335,3.7325,3.74,3.73,3.7385,38
2026-01-27 17:33:00,3.733,3.737,3.732,3.7335,3.738,3.742,3.737,3.7385,33
2026-01-27 17:34:00,3.733,3.733,3.7265,3.7315,3.738,3.738,3.7315,3.7365,45
2026-01-27 17:35:00,3.731,3.75,3.731,3.746,3.736,3.755,3.736,3.751,102
2026-01-27 17:36:00,3.7445,3.7445,3.734,3.735,3.7495,3.7495,3.739,3.74,80
2026-01-27 17:37:00,3.734,3.742,3.726,3.741,3.739,3.747,3.731,3.746,89
2026-01-27 17:38:00,3.7415,3.7415,3.734,3.7395,3.7465,3.7465,3.739,3.7445,52
2026-01-27 17:39:00,3.739,3.74,3.7355,3.7365,3.744,3.745,3.7405,3.7415,36
2026-01-27 17:40:00,3.737,3.739,3.7295,3.73,3.742,3.744,3.7345,3.735,66
2026-01-27 17:41:00,3.731,3.734,3.718,3.7235,3.736,3.739,3.723,3.7285,71
2026-01-27 17:42:00,3.723,3.725,3.707,3.7135,3.728,3.73,3.712,3.7185,88
2026-01-27 17:43:00,3.7125,3.733,3.708,3.7305,3.7175,3.738,3.713,3.7355,99
2026-01-27 17:44:00,3.73,3.733,3.7265,3.7275,3.735,3.738,3.7315,3.7325,44
2026-01-27 17:45:00,3.728,3.7355,3.725,3.7345,3.733,3.7405,3.73,3.7395,69
2026-01-27 17:46:00,3.735,3.739,3.732,3.738,3.74,3.744,3.737,3.743,46
2026-01-27 17:47:00,3.7375,3.743,3.734,3.74,3.7425,3.748,3.739,3.745,57
2026-01-27 17:48:00,3.741,3.7515,3.741,3.7415,3.746,3.7565,3.746,3.7465,64
2026-01-27 17:49:00,3.741,3.7425,3.733,3.735,3.746,3.7475,3.738,3.74,35
2026-01-27 17:50:00,3.7355,3.739,3.7315,3.734,3.7405,3.744,3.7365,3.739,36
2026-01-27 17:51:00,3.7335,3.7435,3.73,3.743,3.7385,3.7485,3.735,3.748,44
2026-01-27 17:52:00,3.7435,3.753,3.743,3.75,3.7485,3.758,3.748,3.755,65
2026-01-27 17:53:00,3.749,3.75,3.7445,3.7475,3.754,3.755,3.7495,3.7525,24
2026-01-27 17:54:00,3.7485,3.758,3.7485,3.7565,3.7535,3.763,3.7535,3.7615,81
2026-01-27 17:55:00,3.757,3.764,3.755,3.7635,3.762,3.769,3.76,3.7685,57
2026-01-27 17:56:00,3.764,3.767,3.756,3.761,3.769,3.772,3.761,3.766,87
2026-01-27 17:57:00,3.7605,3.764,3.758,3.7585,3.7655,3.769,3.763,3.7635,39
2026-01-27 17:58:00,3.758,3.766,3.757,3.7625,3.763,3.771,3.762,3.7675,44
2026-01-27 17:59:00,3.763,3.768,3.761,3.7665,3.768,3.773,3.766,3.7715,41
2026-01-27 18:00:00,3.7655,3.794,3.759,3.78,3.7705,3.799,3.764,3.785,106
2026-01-27 18:01:00,3.779,3.78,3.766,3.767,3.784,3.785,3.771,3.772,122
2026-01-27 18:02:00,3.7665,3.7745,3.765,3.7695,3.7715,3.7795,3.77,3.7745,53
2026-01-27 18:03:00,3.77,3.778,3.768,3.7725,3.775,3.783,3.773,3.7775,53
2026-01-27 18:04:00,3.7735,3.7775,3.771,3.772,3.7785,3.7825,3.776,3.777,55
2026-01-27 18:05:00,3.7715,3.776,3.769,3.7705,3.7765,3.781,3.774,3.7755,59
2026-01-27 18:06:00,3.77,3.7705,3.7625,3.7645,3.775,3.7755,3.7675,3.7695,69
2026-01-27 18:07:00,3.765,3.771,3.764,3.7655,3.77,3.776,3.769,3.7705,65
2026-01-27 18:08:00,3.766,3.7695,3.766,3.768,3.771,3.7745,3.771,3.773,33
2026-01-27 18:09:00,3.7675,3.7685,3.7555,3.756,3.7725,3.7735,3.7605,3.761,43
2026-01-27 18:10:00,3.755,3.7605,3.7495,3.7585,3.76,3.7655,3.7545,3.7635,99
2026-01-27 18:11:00,3.7595,3.772,3.759,3.772,3.7645,3.777,3.764,3.777,51
2026-01-27 18:12:00,3.7725,3.774,3.767,3.7735,3.7775,3.779,3.772,3.7785,45
2026-01-27 18:13:00,3.774,3.777,3.772,3.7735,3.779,3.782,3.777,3.7785,28
2026-01-27 18:14:00,3.773,3.774,3.765,3.766,3.778,3.779,3.77,3.771,24
2026-01-27 18:15:00,3.7665,3.7665,3.756,3.756,3.7715,3.7715,3.761,3.761,55
2026-01-27 18:16:00,3.755,3.7565,3.744,3.7495,3.76,3.7615,3.749,3.7545,77
2026-01-27 18:17:00,3.7505,3.753,3.747,3.75,3.7555,3.758,3.752,3.755,36
2026-01-27 18:18:00,3.7505,3.756,3.748,3.7545,3.7555,3.761,3.753,3.7595,55
2026-01-27 18:19:00,3.755,3.758,3.7475,3.753,3.76,3.763,3.7525,3.758,59
2026-01-27 18:20:00,3.752,3.756,3.748,3.756,3.757,3.761,3.753,3.761,50
2026-01-27 18:21:00,3.7565,3.7615,3.748,3.7505,3.7615,3.7665,3.753,3.7555,51
2026-01-27 18:22:00,3.751,3.7515,3.743,3.744,3.756,3.7565,3.748,3.749,69
2026-01-27 18:23:00,3.743,3.7455,3.732,3.739,3.748,3.7505,3.737,3.744,60
2026-01-27 18:24:00,3.7395,3.753,3.738,3.7525,3.7445,3.758,3.743,3.7575,57
2026-01-27 18:25:00,3.753,3.76,3.747,3.7565,3.758,3.765,3.752,3.7615,49
2026-01-27 18:26:00,3.757,3.758,3.7505,3.752,3.762,3.763,3.7555,3.757,35
2026-01-27 18:27:00,3.7525,3.7565,3.751,3.7565,3.7575,3.7615,3.756,3.7615,32
2026-01-27 18:28:00,3.7555,3.756,3.7485,3.749,3.7605,3.761,3.7535,3.754,39
2026-01-27 18:29:00,3.7485,3.757,3.7445,3.756,3.7535,3.762,3.7495,3.761,36
2026-01-27 18:30:00,3.755,3.7575,3.7515,3.755,3.76,3.7625,3.7565,3.76,43
2026-01-27 18:31:00,3.756,3.7655,3.7555,3.765,3.761,3.7705,3.7605,3.77,41
2026-01-27 18:32:00,3.7655,3.77,3.7635,3.77,3.7705,3.775,3.7685,3.775,44
2026-01-27 18:33:00,3.7695,3.7785,3.7695,3.778,3.7745,3.7835,3.7745,3.783,70
2026-01-27 18:34:00,3.779,3.786,3.7775,3.7775,3.784,3.791,3.7825,3.7825,50
2026-01-27 18:35:00,3.7785,3.7875,3.7785,3.786,3.7835,3.7925,3.7835,3.791,53
2026-01-27 18:36:00,3.787,3.789,3.783,3.786,3.792,3.794,3.788,3.791,64
2026-01-27 18:37:00,3.7855,3.788,3.781,3.784,3.7905,3.793,3.786,3.789,55
2026-01-27 18:38:00,3.7845,3.788,3.7795,3.784,3.7895,3.793,3.7845,3.789,65
2026-01-27 18:39:00,3.783,3.79,3.781,3.787,3.788,3.795,3.786,3.792,63
2026-01-27 18:40:00,3.786,3.786,3.777,3.785,3.791,3.791,3.782,3.79,64
2026-01-27 18:41:00,3.784,3.7855,3.776,3.776,3.789,3.7905,3.781,3.781,76
2026-01-27 18:42:00,3.7765,3.778,3.748,3.753,3.7815,3.783,3.753,3.758,110
2026-01-27 18:43:00,3.752,3.7625,3.742,3.762,3.757,3.7675,3.747,3.767,77
2026-01-27 18:44:00,3.763,3.763,3.7505,3.7575,3.768,3.768,3.7555,3.7625,94
2026-01-27 18:45:00,3.758,3.766,3.758,3.7645,3.763,3.771,3.763,3.7695,55
2026-01-27 18:46:00,3.765,3.778,3.76,3.777,3.77,3.783,3.765,3.782,62
2026-01-27 18:47:00,3.7765,3.7835,3.775,3.783,3.7815,3.7885,3.78,3.788,45
2026-01-27 18:48:00,3.7835,3.786,3.778,3.7815,3.7885,3.791,3.783,3.7865,67
2026-01-27 18:49:00,3.783,3.803,3.783,3.8015,3.788,3.808,3.788,3.8065,109
2026-01-27 18:50:00,3.7995,3.7995,3.7805,3.7815,3.8045,3.8045,3.7855,3.7865,60
2026-01-27 18:51:00,3.784,3.808,3.784,3.807,3.789,3.813,3.789,3.812,68
2026-01-27 18:52:00,3.806,3.807,3.785,3.792,3.811,3.812,3.79,3.797,79
2026-01-27 18:53:00,3.793,3.8,3.792,3.8,3.798,3.805,3.797,3.805,45
2026-01-27 18:54:00,3.799,3.8,3.797,3.797,3.804,3.805,3.802,3.802,36
2026-01-27 18:55:00,3.7975,3.7975,3.788,3.791,3.8025,3.8025,3.793,3.796,61
2026-01-27 18:56:00,3.7915,3.799,3.7875,3.7875,3.7965,3.804,3.7925,3.7925,49
2026-01-27 18:57:00,3.788,3.789,3.781,3.785,3.793,3.794,3.786,3.79,57
2026-01-27 18:58:00,3.786,3.7995,3.786,3.7965,3.791,3.8045,3.791,3.8015,44
2026-01-27 18:59:00,3.797,3.8105,3.797,3.801,3.802,3.8155,3.802,3.806,117
2026-01-27 19:00:00,3.8,3.807,3.794,3.806,3.805,3.812,3.799,3.811,90
2026-01-27 19:01:00,3.8065,3.809,3.801,3.803,3.8115,3.814,3.806,3.808,40
2026-01-27 19:02:00,3.804,3.804,3.796,3.796,3.809,3.809,3.801,3.801,51
2026-01-27 19:03:00,3.797,3.799,3.793,3.798,3.802,3.804,3.798,3.803,36
2026-01-27 19:04:00,3.7985,3.7995,3.7915,3.7915,3.8035,3.8045,3.7965,3.7965,54
2026-01-27 19:05:00,3.7905,3.8075,3.789,3.804,3.7955,3.8125,3.794,3.809,92
2026-01-27 19:06:00,3.8035,3.8095,3.796,3.803,3.8085,3.8145,3.801,3.808,103
2026-01-27 19:07:00,3.8015,3.817,3.798,3.809,3.8065,3.822,3.803,3.814,107
2026-01-27 19:08:00,3.808,3.817,3.8065,3.8125,3.813,3.822,3.8115,3.8175,72
2026-01-27 19:09:00,3.813,3.815,3.81,3.811,3.818,3.82,3.815,3.816,57
2026-01-27 19:10:00,3.81,3.8115,3.7995,3.81,3.815,3.8165,3.8045,3.815,70
2026-01-27 19:11:00,3.8115,3.814,3.8075,3.81,3.8165,3.819,3.8125,3.815,59
2026-01-27 19:12:00,3.809,3.813,3.79,3.7915,3.814,3.818,3.795,3.7965,72
2026-01-27 19:13:00,3.792,3.8015,3.789,3.793,3.797,3.8065,3.794,3.798,82
2026-01-27 19:14:00,3.7925,3.7945,3.784,3.788,3.7975,3.7995,3.789,3.793,44
2026-01-27 19:15:00,3.789,3.8,3.7885,3.796,3.794,3.805,3.7935,3.801,87
2026-01-27 19:16:00,3.7965,3.807,3.7965,3.804,3.8015,3.812,3.8015,3.809,90
2026-01-27 19:17:00,3.805,3.805,3.7955,3.804,3.81,3.81,3.8005,3.809,46
2026-01-27 19:18:00,3.8045,3.808,3.797,3.799,3.8095,3.813,3.802,3.804,37
2026-01-27 19:19:00,3.7985,3.7985,3.785,3.794,3.8035,3.8035,3.79,3.799,81
2026-01-27 19:20:00,3.7935,3.7935,3.785,3.789,3.7985,3.7985,3.79,3.794,66
2026-01-27 19:21:00,3.7895,3.798,3.788,3.797,3.7945,3.803,3.793,3.802,59
2026-01-27 19:22:00,3.7975,3.8015,3.794,3.8,3.8025,3.8065,3.799,3.805,43
2026-01-27 19:23:00,3.8005,3.801,3.793,3.797,3.8055,3.806,3.798,3.802,32
2026-01-27 19:24:00,3.7975,3.798,3.7875,3.79,3.8025,3.803,3.7925,3.795,61
2026-01-27 19:25:00,3.7915,3.795,3.788,3.7915,3.7965,3.8,3.793,3.7965,65
2026-01-27 19:26:00,3.792,3.8045,3.79,3.801,3.797,3.8095,3.795,3.806,63
2026-01-27 19:27:00,3.8,3.8085,3.799,3.808,3.805,3.8135,3.804,3.813,48
2026-01-27 19:28:00,3.8085,3.814,3.805,3.813,3.8135,3.819,3.81,3.818,53
2026-01-27 19:29:00,3.8125,3.818,3.809,3.8175,3.8175,3.823,3.814,3.8225,61
2026-01-27 19:30:00,3.817,3.821,3.812,3.8145,3.822,3.826,3.817,3.8195,57
2026-01-27 19:31:00,3.8155,3.816,3.808,3.8115,3.8205,3.821,3.813,3.8165,38
2026-01-27 19:32:00,3.811,3.816,3.797,3.8085,3.816,3.821,3.802,3.8135,60
2026-01-27 19:33:00,3.808,3.8125,3.804,3.812,3.813,3.8175,3.809,3.817,56
2026-01-27 19:34:00,3.81,3.8115,3.804,3.8065,3.815,3.8165,3.809,3.8115,33
2026-01-27 19:35:00,3.807,3.814,3.8055,3.8105,3.812,3.819,3.8105,3.8155,47
2026-01-27 19:36:00,3.81,3.812,3.805,3.811,3.815,3.817,3.81,3.816,49
2026-01-27 19:37:00,3.812,3.826,3.8115,3.817,3.817,3.831,3.8165,3.822,99
2026-01-27 19:38:00,3.8165,3.835,3.8155,3.8305,3.8215,3.84,3.8205,3.8355,142
2026-01-27 19:39:00,3.8295,3.8325,3.823,3.8325,3.8345,3.8375,3.828,3.8375,42
2026-01-27 19:40:00,3.8335,3.8395,3.828,3.8385,3.8385,3.8445,3.833,3.8435,89
2026-01-27 19:41:00,3.839,3.842,3.836,3.8365,3.844,3.847,3.841,3.8415,68
2026-01-27 19:42:00,3.837,3.838,3.832,3.834,3.842,3.843,3.837,3.839,58
2026-01-27 19:43:00,3.8345,3.838,3.828,3.8365,3.8395,3.843,3.833,3.8415,100
2026-01-27 19:44:00,3.836,3.842,3.832,3.84,3.841,3.847,3.837,3.845,96
2026-01-27 19:45:00,3.841,3.842,3.827,3.8305,3.846,3.847,3.832,3.8355,153
2026-01-27 19:46:00,3.83,3.843,3.826,3.839,3.835,3.848,3.831,3.844,88
2026-01-27 19:47:00,3.838,3.85,3.838,3.844,3.843,3.855,3.843,3.849,151
2026-01-27 19:48:00,3.845,3.846,3.838,3.843,3.85,3.851,3.843,3.848,77
2026-01-27 19:49:00,3.844,3.845,3.838,3.8435,3.849,3.85,3.843,3.8485,82
2026-01-27 19:50:00,3.845,3.8475,3.839,3.841,3.85,3.8525,3.844,3.846,113
2026-01-27 19:51:00,3.84,3.85,3.831,3.846,3.845,3.855,3.836,3.851,128
2026-01-27 19:52:00,3.8465,3.857,3.844,3.8555,3.8515,3.862,3.849,3.8605,103
2026-01-27 19:53:00,3.855,3.858,3.848,3.855,3.86,3.863,3.853,3.86,92
2026-01-27 19:54:00,3.856,3.857,3.845,3.853,3.861,3.862,3.85,3.858,98
2026-01-27 19:55:00,3.8525,3.857,3.838,3.8415,3.8575,3.862,3.843,3.8465,115
2026-01-27 19:56:00,3.841,3.8505,3.838,3.8505,3.846,3.8555,3.843,3.8555,81
2026-01-27 19:57:00,3.85,3.851,3.8405,3.8465,3.855,3.856,3.8455,3.8515,90
2026-01-27 19:58:00,3.846,3.856,3.846,3.8535,3.851,3.861,3.851,3.8585,83
2026-01-27 19:59:00,3.854,3.859,3.848,3.855,3.859,3.864,3.853,3.86,125
2026-01-27 20:00:00,3.8565,3.867,3.853,3.864,3.8615,3.872,3.858,3.869,146
2026-01-27 20:01:00,3.8655,3.8695,3.858,3.8595,3.8705,3.8745,3.863,3.8645,167
2026-01-27 20:02:00,3.86,3.864,3.852,3.854,3.865,3.869,3.857,3.859,73
2026-01-27 20:03:00,3.8545,3.855,3.845,3.85,3.8595,3.86,3.85,3.855,93
2026-01-27 20:04:00,3.851,3.857,3.841,3.8445,3.856,3.862,3.846,3.8495,139
2026-01-27 20:05:00,3.845,3.848,3.84,3.846,3.85,3.853,3.845,3.851,99
2026-01-27 20:06:00,3.847,3.852,3.8445,3.846,3.852,3.857,3.8495,3.851,62
2026-01-27 20:07:00,3.847,3.8485,3.84,3.848,3.852,3.8535,3.845,3.853,89
2026-01-27 20:08:00,3.8485,3.856,3.8465,3.855,3.8535,3.861,3.8515,3.86,66
2026-01-27 20:09:00,3.856,3.86,3.846,3.851,3.861,3.865,3.851,3.856,90
2026-01-27 20:10:00,3.8515,3.86,3.848,3.86,3.8565,3.865,3.853,3.865,83
2026-01-27 20:11:00,3.861,3.863,3.856,3.863,3.866,3.868,3.861,3.868,76
2026-01-27 20:12:00,3.862,3.8645,3.8595,3.863,3.867,3.8695,3.8645,3.868,70
2026-01-27 20:13:00,3.862,3.866,3.855,3.8565,3.867,3.871,3.86,3.8615,68
2026-01-27 20:14:00,3.856,3.859,3.846,3.846,3.861,3.864,3.851,3.851,96
2026-01-27 20:15:00,3.8465,3.848,3.833,3.834,3.8515,3.853,3.838,3.839,108
2026-01-27 20:16:00,3.8345,3.843,3.829,3.833,3.8395,3.848,3.834,3.838,133
2026-01-27 20:17:00,3.8335,3.8335,3.826,3.8295,3.8385,3.8385,3.831,3.8345,67
2026-01-27 20:18:00,3.8305,3.832,3.81,3.8135,3.8355,3.837,3.815,3.8185,134
2026-01-27 20:19:00,3.814,3.815,3.803,3.809,3.819,3.82,3.808,3.814,108
2026-01-27 20:20:00,3.8095,3.812,3.788,3.7915,3.8145,3.817,3.793,3.7965,162
2026-01-27 20:21:00,3.792,3.8,3.7715,3.774,3.797,3.805,3.7765,3.779,236
2026-01-27 20:22:00,3.7745,3.793,3.7745,3.7905,3.7795,3.798,3.7795,3.7955,173
2026-01-27 20:23:00,3.791,3.803,3.7855,3.798,3.796,3.808,3.7905,3.803,107
2026-01-27 20:24:00,3.797,3.803,3.791,3.796,3.802,3.808,3.796,3.801,89
2026-01-27 20:25:00,3.798,3.7985,3.7795,3.7825,3.803,3.8035,3.7845,3.7875,89
2026-01-27 20:26:00,3.783,3.784,3.7655,3.778,3.788,3.789,3.7705,3.783,168
2026-01-27 20:27:00,3.779,3.785,3.773,3.784,3.784,3.79,3.778,3.789,157
2026-01-27 20:28:00,3.785,3.793,3.769,3.773,3.79,3.798,3.774,3.778,465
2026-01-27 20:29:00,3.7735,3.775,3.766,3.774,3.7785,3.78,3.771,3.779,194
2026-01-27 20:30:00,3.775,3.7845,3.772,3.775,3.78,3.7895,3.777,3.78,140
2026-01-27 20:31:00,3.7735,3.7735,3.748,3.7485,3.7785,3.7785,3.753,3.7535,295
2026-01-27 20:32:00,3.7495,3.7565,3.743,3.756,3.7545,3.7615,3.748,3.761,199
2026-01-27 20:33:00,3.7545,3.7645,3.7505,3.763,3.7595,3.7695,3.7555,3.768,138
2026-01-27 20:34:00,3.764,3.773,3.752,3.7575,3.769,3.778,3.757,3.7625,122
2026-01-27 20:35:00,3.758,3.7635,3.752,3.7595,3.763,3.7685,3.757,3.7645,100
2026-01-27 20:36:00,3.7585,3.7685,3.754,3.7555,3.7635,3.7735,3.759,3.7605,90
2026-01-27 20:37:00,3.7545,3.764,3.7545,3.758,3.7595,3.769,3.7595,3.763,67
2026-01-27 20:38:00,3.757,3.774,3.757,3.7615,3.762,3.779,3.762,3.7665,98
2026-01-27 20:39:00,3.7635,3.766,3.7585,3.759,3.7685,3.771,3.7635,3.764,73
2026-01-27 20:40:00,3.76,3.761,3.753,3.759,3.765,3.766,3.758,3.764,95
2026-01-27 20:41:00,3.7595,3.773,3.7585,3.7705,3.7645,3.778,3.7635,3.7755,93
2026-01-27 20:42:00,3.771,3.774,3.766,3.767,3.776,3.779,3.771,3.772,51
2026-01-27 20:43:00,3.7675,3.768,3.759,3.7605,3.7725,3.773,3.764,3.7655,55
2026-01-27 20:44:00,3.76,3.766,3.756,3.762,3.765,3.771,3.761,3.767,93
2026-01-27 20:45:00,3.763,3.763,3.749,3.7535,3.768,3.768,3.754,3.7585,63
2026-01-27 20:46:00,3.753,3.756,3.745,3.7465,3.758,3.761,3.75,3.7515,57
2026-01-27 20:47:00,3.747,3.75,3.7405,3.748,3.752,3.755,3.7455,3.753,65
2026-01-27 20:48:00,3.7475,3.749,3.741,3.747,3.7525,3.754,3.746,3.752,50
2026-01-27 20:49:00,3.7465,3.757,3.745,3.7545,3.7515,3.762,3.75,3.7595,76
2026-01-27 20:50:00,3.754,3.764,3.754,3.7625,3.759,3.769,3.759,3.7675,72
2026-01-27 20:51:00,3.763,3.766,3.755,3.757,3.768,3.771,3.76,3.762,48
2026-01-27 20:52:00,3.756,3.756,3.7425,3.7445,3.761,3.761,3.7475,3.7495,74
2026-01-27 20:53:00,3.744,3.749,3.7425,3.7485,3.749,3.754,3.7475,3.7535,51
2026-01-27 20:54:00,3.748,3.757,3.7465,3.7545,3.753,3.762,3.7515,3.7595,74
2026-01-27 20:55:00,3.755,3.757,3.749,3.7555,3.76,3.762,3.754,3.7605,57
2026-01-27 20:56:00,3.756,3.762,3.755,3.7565,3.761,3.767,3.76,3.7615,41
2026-01-27 20:57:00,3.756,3.766,3.755,3.7645,3.761,3.771,3.76,3.7695,72
2026-01-27 20:58:00,3.7635,3.768,3.7625,3.7675,3.7685,3.773,3.7675,3.7725,44
2026-01-27 20:59:00,3.769,3.77,3.7665,3.7665,3.774,3.775,3.7715,3.7715,34
2026-01-27 21:00:00,3.767,3.7705,3.761,3.7655,3.772,3.7755,3.766,3.7705,70
2026-01-27 21:01:00,3.765,3.7655,3.745,3.747,3.77,3.7705,3.75,3.752,63
2026-01-27 21:02:00,3.7465,3.749,3.7345,3.739,3.7515,3.754,3.7395,3.744,69
2026-01-27 21:03:00,3.74,3.744,3.737,3.743,3.745,3.749,3.742,3.748,32
2026-01-27 21:04:00,3.7425,3.743,3.7345,3.737,3.7475,3.748,3.7395,3.742,41
2026-01-27 21:05:00,3.7375,3.742,3.7315,3.7355,3.7425,3.747,3.7365,3.7405,36
2026-01-27 21:06:00,3.735,3.743,3.731,3.732,3.74,3.748,3.736,3.737,53
2026-01-27 21:07:00,3.733,3.741,3.727,3.74,3.738,3.746,3.732,3.745,53
2026-01-27 21:08:00,3.7405,3.75,3.7405,3.747,3.7455,3.755,3.7455,3.752,46
2026-01-27 21:09:00,3.7465,3.753,3.7455,3.7495,3.7515,3.758,3.7505,3.7545,32
2026-01-27 21:10:00,3.75,3.754,3.7455,3.7515,3.755,3.759,3.7505,3.7565,50
2026-01-27 21:11:00,3.753,3.757,3.741,3.742,3.758,3.762,3.746,3.747,53
2026-01-27 21:12:00,3.7425,3.7525,3.74,3.7505,3.7475,3.7575,3.745,3.7555,46
2026-01-27 21:13:00,3.75,3.7505,3.742,3.747,3.755,3.7555,3.747,3.752,33
2026-01-27 21:14:00,3.7475,3.749,3.744,3.7475,3.7525,3.754,3.749,3.7525,20
2026-01-27 21:15:00,3.748,3.7505,3.7445,3.7495,3.753,3.7555,3.7495,3.7545,40
2026-01-27 21:16:00,3.75,3.75,3.744,3.7465,3.755,3.755,3.749,3.7515,32
2026-01-27 21:17:00,3.747,3.75,3.743,3.745,3.752,3.755,3.748,3.75,26
2026-01-27 21:18:00,3.744,3.745,3.74,3.741,3.749,3.75,3.745,3.746,22
2026-01-27 21:19:00,3.7415,3.743,3.739,3.7405,3.7465,3.748,3.744,3.7455,23
2026-01-27 21:20:00,3.741,3.741,3.739,3.739,3.746,3.746,3.744,3.744,16
2026-01-27 21:21:00,3.7385,3.743,3.736,3.7425,3.7435,3.748,3.741,3.7475,33
2026-01-27 21:22:00,3.743,3.744,3.7405,3.744,3.748,3.749,3.7455,3.749,23
2026-01-27 21:23:00,3.7435,3.752,3.7435,3.7485,3.7485,3.757,3.7485,3.7535,32
2026-01-27 21:24:00,3.749,3.7495,3.747,3.7495,3.754,3.7545,3.752,3.7545,21
2026-01-27 21:25:00,3.75,3.7615,3.7475,3.761,3.755,3.7665,3.7525,3.766,49
2026-01-27 21:26:00,3.76,3.767,3.759,3.763,3.765,3.772,3.764,3.768,44
2026-01-27 21:27:00,3.762,3.763,3.76,3.76,3.767,3.768,3.765,3.765,19
2026-01-27 21:28:00,3.7595,3.761,3.7585,3.7605,3.7645,3.766,3.7635,3.7655,17
2026-01-27 21:29:00,3.762,3.764,3.7615,3.7615,3.767,3.769,3.7665,3.7665,15
2026-01-27 21:30:00,3.761,3.7635,3.7595,3.7595,3.766,3.7685,3.7645,3.7645,30
2026-01-27 21:31:00,3.7605,3.761,3.7525,3.7565,3.7655,3.766,3.7575,3.7615,41
2026-01-27 21:32:00,3.757,3.7645,3.7525,3.7615,3.762,3.7695,3.7575,3.7665,48
2026-01-27 21:33:00,3.7605,3.765,3.7605,3.7615,3.7655,3.77,3.7655,3.7665,25
2026-01-27 21:34:00,3.761,3.761,3.758,3.7595,3.766,3.766,3.763,3.7645,17
2026-01-27 21:35:00,3.76,3.7625,3.758,3.7625,3.765,3.7675,3.763,3.7675,18
2026-01-27 21:36:00,3.762,3.762,3.76,3.761,3.767,3.767,3.765,3.766,17
2026-01-27 21:37:00,3.7615,3.7625,3.757,3.7585,3.7665,3.7675,3.762,3.7635,44
2026-01-27 21:38:00,3.7575,3.7575,3.7535,3.754,3.7625,3.7625,3.7585,3.759,23
2026-01-27 21:39:00,3.7545,3.7605,3.751,3.7555,3.7595,3.7655,3.756,3.7605,37
2026-01-27 21:40:00,3.7545,3.756,3.7505,3.7515,3.7595,3.761,3.7555,3.7565,31
2026-01-27 21:41:00,3.75,3.753,3.742,3.7455,3.755,3.758,3.747,3.7505,41
2026-01-27 21:42:00,3.745,3.746,3.744,3.7445,3.75,3.751,3.749,3.7495,14
2026-01-27 21:43:00,3.745,3.751,3.7435,3.7435,3.75,3.756,3.7485,3.7485,27
2026-01-27 21:44:00,3.7445,3.75,3.7445,3.7455,3.7495,3.755,3.7495,3.7505,19
2026-01-27 21:45:00,3.745,3.7455,3.744,3.745,3.75,3.7505,3.749,3.75,12
2026-01-27 21:46:00,3.7455,3.7455,3.7425,3.7455,3.7505,3.7505,3.7475,3.7505,27
2026-01-27 21:47:00,3.745,3.7465,3.7405,3.745,3.75,3.7515,3.7455,3.75,40
2026-01-27 21:48:00,3.7455,3.7465,3.7375,3.7415,3.7505,3.7515,3.7425,3.7465,28
2026-01-27 21:49:00,3.7405,3.7415,3.739,3.74,3.7455,3.7465,3.744,3.745,10
2026-01-27 21:50:00,3.739,3.7405,3.7345,3.74,3.744,3.7455,3.7395,3.745,60
2026-01-27 21:51:00,3.7405,3.743,3.7375,3.7385,3.7455,3.748,3.7425,3.7435,17
2026-01-27 21:52:00,3.738,3.7425,3.736,3.742,3.743,3.7475,3.741,3.747,17
2026-01-27 21:53:00,3.7415,3.743,3.734,3.741,3.7465,3.748,3.739,3.746,34
2026-01-27 21:54:00,3.742,3.7435,3.74,3.742,3.747,3.7485,3.745,3.747,27
2026-01-27 21:55:00,3.7425,3.7435,3.74,3.743,3.7475,3.7485,3.745,3.748,15
2026-01-27 21:56:00,3.7435,3.749,3.7425,3.745,3.7485,3.754,3.7475,3.75,27
2026-01-27 21:57:00,3.744,3.748,3.7435,3.7465,3.749,3.753,3.7485,3.7515,30
2026-01-27 21:58:00,3.7475,3.7485,3.746,3.748,3.7525,3.7535,3.751,3.753,26
2026-01-27 21:59:00,3.7485,3.751,3.747,3.7505,3.7535,3.756,3.752,3.7555,37
2026-01-27 22:00:00,3.75,3.754,3.7485,3.7485,3.755,3.759,3.7535,3.7535,25
2026-01-27 22:01:00,3.7475,3.754,3.7475,3.753,3.7525,3.759,3.7525,3.758,20
2026-01-27 22:02:00,3.7525,3.7535,3.7475,3.7475,3.7575,3.7585,3.7525,3.7525,12
2026-01-27 22:03:00,3.747,3.7525,3.747,3.7485,3.752,3.7575,3.752,3.7535,21
2026-01-27 22:04:00,3.748,3.7505,3.7475,3.7495,3.753,3.7555,3.7525,3.7545,8
2026-01-27 22:05:00,3.75,3.7505,3.749,3.749,3.755,3.7555,3.754,3.754,7
2026-01-27 22:06:00,3.7495,3.7495,3.746,3.747,3.7545,3.7545,3.751,3.752,14
2026-01-27 22:07:00,3.7465,3.7465,3.7425,3.7425,3.7515,3.7515,3.7475,3.7475,10
2026-01-27 22:08:00,3.742,3.742,3.7405,3.7415,3.747,3.747,3.7455,3.7465,11
2026-01-27 22:09:00,3.743,3.745,3.741,3.745,3.748,3.75,3.746,3.75,8
2026-01-27 22:10:00,3.7445,3.745,3.744,3.744,3.7495,3.75,3.749,3.749,3
2026-01-27 22:11:00,3.7445,3.7475,3.7445,3.7475,3.7495,3.7525,3.7495,3.7525,8
2026-01-27 22:12:00,3.749,3.758,3.749,3.758,3.754,3.763,3.754,3.763,24
2026-01-27 22:13:00,3.7575,3.764,3.757,3.7635,3.7625,3.769,3.762,3.7685,22
2026-01-27 22:14:00,3.764,3.769,3.7625,3.764,3.769,3.774,3.7675,3.769,23
2026-01-27 22:15:00,3.7635,3.769,3.754,3.7565,3.7685,3.774,3.759,3.7615,29
2026-01-27 22:16:00,3.756,3.7585,3.7555,3.7565,3.761,3.7635,3.7605,3.7615,9
2026-01-27 22:17:00,3.757,3.758,3.757,3.758,3.762,3.763,3.762,3.763,4
2026-01-27 22:18:00,3.7585,3.7655,3.7565,3.7655,3.7635,3.7705,3.7615,3.7705,13
2026-01-27 22:19:00,3.768,3.772,3.76,3.772,3.773,3.777,3.765,3.777,29
2026-01-27 22:20:00,3.7725,3.775,3.7675,3.773,3.7775,3.78,3.7725,3.778,31
2026-01-27 22:21:00,3.7745,3.775,3.768,3.77,3.7795,3.78,3.773,3.775,25
2026-01-27 22:22:00,3.7695,3.771,3.7685,3.77,3.7745,3.776,3.7735,3.775,13
2026-01-27 22:23:00,3.7705,3.7705,3.7685,3.7685,3.7755,3.7755,3.7735,3.7735,8
2026-01-27 22:24:00,3.7695,3.7725,3.765,3.7685,3.7745,3.7775,3.77,3.7735,23
2026-01-27 22:25:00,3.769,3.7705,3.7625,3.7685,3.774,3.7755,3.7675,3.7735,21
2026-01-27 22:26:00,3.768,3.7685,3.7675,3.7675,3.773,3.7735,3.7725,3.7725,5
2026-01-27 22:27:00,3.768,3.7685,3.7665,3.767,3.773,3.7735,3.7715,3.772,8
2026-01-27 22:28:00,3.7675,3.7705,3.7675,3.7695,3.7725,3.7755,3.7725,3.7745,9
2026-01-27 22:29:00,3.769,3.7695,3.768,3.7695,3.774,3.7745,3.773,3.7745,6
2026-01-27 22:30:00,3.77,3.7715,3.7675,3.7705,3.775,3.7765,3.7725,3.7755,15
2026-01-27 22:31:00,3.77,3.77,3.767,3.767,3.775,3.775,3.772,3.772,4
2026-01-27 22:32:00,3.766,3.766,3.762,3.762,3.771,3.771,3.767,3.767,13
2026-01-27 22:33:00,3.7615,3.764,3.7575,3.762,3.7665,3.769,3.7625,3.767,17
2026-01-27 22:34:00,3.7635,3.764,3.76,3.761,3.7685,3.769,3.765,3.766,15
2026-01-27 22:35:00,3.7615,3.7675,3.7615,3.7665,3.7665,3.7725,3.7665,3.7715,14
2026-01-27 22:36:00,3.766,3.766,3.765,3.765,3.771,3.771,3.77,3.77,2
2026-01-27 22:37:00,3.7655,3.7655,3.7635,3.7635,3.7705,3.7705,3.7685,3.7685,3
2026-01-27 22:38:00,3.763,3.7635,3.761,3.763,3.768,3.7685,3.766,3.768,10
2026-01-27 22:39:00,3.7625,3.7645,3.762,3.7645,3.7675,3.7695,3.767,3.7695,7
2026-01-27 22:40:00,3.765,3.765,3.763,3.763,3.77,3.77,3.768,3.768,4
2026-01-27 22:41:00,3.7625,3.767,3.761,3.766,3.7675,3.772,3.766,3.771,17
2026-01-27 22:42:00,3.765,3.767,3.7635,3.765,3.77,3.772,3.7685,3.77,12
2026-01-27 22:43:00,3.7655,3.7655,3.7635,3.7635,3.7705,3.7705,3.7685,3.7685,7
2026-01-27 22:44:00,3.764,3.764,3.76,3.76,3.769,3.769,3.765,3.765,7
2026-01-27 22:45:00,3.7605,3.761,3.76,3.761,3.7655,3.766,3.765,3.766,8
2026-01-27 22:46:00,3.7605,3.765,3.7605,3.7635,3.7655,3.77,3.7655,3.7685,12
2026-01-27 22:48:00,3.763,3.764,3.7625,3.763,3.768,3.769,3.7675,3.768,5
2026-01-27 22:49:00,3.7635,3.7635,3.75,3.751,3.7685,3.7685,3.755,3.756,33
2026-01-27 22:50:00,3.7515,3.755,3.7505,3.755,3.7565,3.76,3.7555,3.76,18
2026-01-27 22:51:00,3.7545,3.755,3.7455,3.748,3.7595,3.76,3.7505,3.753,25
2026-01-27 22:52:00,3.747,3.748,3.7405,3.7405,3.752,3.753,3.7455,3.7455,25
2026-01-27 22:53:00,3.741,3.744,3.7405,3.743,3.746,3.749,3.7455,3.748,15
2026-01-27 22:54:00,3.7435,3.746,3.737,3.7395,3.7485,3.751,3.742,3.7445,26
2026-01-27 22:55:00,3.7375,3.7385,3.733,3.7345,3.7425,3.7435,3.738,3.7395,15
2026-01-27 22:56:00,3.734,3.736,3.7295,3.7315,3.739,3.741,3.7345,3.7365,22
2026-01-27 22:57:00,3.732,3.7345,3.7305,3.7335,3.737,3.7395,3.7355,3.7385,29
2026-01-27 22:58:00,3.733,3.734,3.7275,3.7315,3.738,3.739,3.7325,3.7365,40
2026-01-27 22:59:00,3.7305,3.7449,3.7305,3.7444,3.7355,3.7499,3.7355,3.7494,48
2026-01-28 00:00:00,3.7544,3.7694,3.7534,3.7684,3.7594,3.7744,3.7584,3.7734,34
2026-01-28 00:01:00,3.7679,3.7684,3.7634,3.7654,3.7729,3.7734,3.7684,3.7704,11
2026-01-28 00:02:00,3.7659,3.7659,3.7294,3.7399,3.7709,3.7709,3.7344,3.7449,69
2026-01-28 00:03:00,3.7379,3.7549,3.7304,3.7464,3.7429,3.7599,3.7354,3.7514,32
2026-01-28 00:04:00,3.7469,3.7489,3.7419,3.7419,3.7519,3.7539,3.7469,3.7469,16
2026-01-28 00:05:00,3.7429,3.7434,3.7409,3.7414,3.7479,3.7484,3.7459,3.7464,5
2026-01-28 00:06:00,3.7434,3.7434,3.7404,3.7404,3.7484,3.7484,3.7454,3.7454,9
2026-01-28 00:07:00,3.7409,3.7474,3.7409,3.7469,3.7459,3.7524,3.7459,3.7519,10
2026-01-28 00:08:00,3.7444,3.7444,3.7434,3.7444,3.7494,3.7494,3.7484,3.7494,5
2026-01-28 00:09:00,3.7404,3.7474,3.7404,3.7474,3.7454,3.7524,3.7454,3.7524,7
2026-01-28 00:10:00,3.7469,3.7574,3.7469,3.7509,3.7519,3.7624,3.7519,3.7559,19
2026-01-28 00:11:00,3.7514,3.7554,3.7514,3.7554,3.7564,3.7604,3.7564,3.7604,5
2026-01-28 00:12:00,3.7549,3.7549,3.7539,3.7539,3.7599,3.7599,3.7589,3.7589,3
2026-01-28 00:13:00,3.7554,3.7559,3.7529,3.7529,3.7604,3.7609,3.7579,3.7579,5
2026-01-28 00:14:00,3.7534,3.7534,3.7534,3.7534,3.7584,3.7584,3.7584,3.7584,1
2026-01-28 00:15:00,3.7539,3.7599,3.7539,3.7584,3.7589,3.7649,3.7589,3.7634,9
2026-01-28 00:16:00,3.7589,3.7659,3.7589,3.7659,3.7639,3.7709,3.7639,3.7709,7
2026-01-28 00:17:00,3.7664,3.7694,3.7659,3.7659,3.7714,3.7744,3.7709,3.7709,11
2026-01-28 00:18:00,3.7664,3.7684,3.7664,3.7684,3.7714,3.7734,3.7714,3.7734,9
2026-01-28 00:19:00,3.7689,3.7689,3.7659,3.7674,3.7739,3.7739,3.7709,3.7724,7
2026-01-28 00:20:00,3.7669,3.7669,3.7604,3.7604,3.7719,3.7719,3.7654,3.7654,8
2026-01-28 00:21:00,3.7594,3.7634,3.7594,3.7634,3.7644,3.7684,3.7644,3.7684,9
2026-01-28 00:22:00,3.7639,3.7644,3.7629,3.7629,3.7689,3.7694,3.7679,3.7679,3
2026-01-28 00:23:00,3.7624,3.7659,3.7624,3.7659,3.7674,3.7709,3.7674,3.7709,6
2026-01-28 00:24:00,3.7664,3.7664,3.7644,3.7649,3.7714,3.7714,3.7694,3.7699,5
2026-01-28 00:25:00,3.7659,3.7704,3.7649,3.7669,3.7709,3.7754,3.7699,3.7719,8
2026-01-28 00:26:00,3.7664,3.7664,3.7649,3.7649,3.7714,3.7714,3.7699,3.7699,2
2026-01-28 00:27:00,3.7654,3.7654,3.7634,3.7634,3.7704,3.7704,3.7684,3.7684,4
2026-01-28 00:28:00,3.7604,3.7624,3.7589,3.7624,3.7654,3.7674,3.7639,3.7674,9
2026-01-28 00:29:00,3.7629,3.7664,3.7629,3.7659,3.7679,3.7714,3.7679,3.7709,7
2026-01-28 00:30:00,3.7664,3.7664,3.7654,3.7659,3.7714,3.7714,3.7704,3.7709,4
2026-01-28 00:31:00,3.7654,3.7669,3.7644,3.7644,3.7704,3.7719,3.7694,3.7694,5
2026-01-28 00:32:00,3.7649,3.7649,3.7639,3.7644,3.7699,3.7699,3.7689,3.7694,3
2026-01-28 00:33:00,3.7664,3.7689,3.7654,3.7654,3.7714,3.7739,3.7704,3.7704,10
2026-01-28 00:34:00,3.7649,3.7674,3.7649,3.7669,3.7699,3.7724,3.7699,3.7719,4
2026-01-28 00:35:00,3.7659,3.7659,3.7549,3.7589,3.7709,3.7709,3.7599,3.7639,20
2026-01-28 00:36:00,3.7594,3.7639,3.7594,3.7639,3.7644,3.7689,3.7644,3.7689,6
2026-01-28 00:37:00,3.7644,3.7644,3.7549,3.7574,3.7694,3.7694,3.7599,3.7624,5
2026-01-28 00:38:00,3.7569,3.7599,3.7569,3.7599,3.7619,3.7649,3.7619,3.7649,6
2026-01-28 00:42:00,3.7594,3.7594,3.7544,3.7554,3.7644,3.7644,3.7594,3.7604,6
2026-01-28 00:43:00,3.7579,3.7649,3.7579,3.7639,3.7629,3.7699,3.7629,3.7689,9
2026-01-28 00:44:00,3.7644,3.7644,3.7619,3.7629,3.7694,3.7694,3.7669,3.7679,5
2026-01-28 00:45:00,3.7624,3.7629,3.7624,3.7629,3.7674,3.7679,3.7674,3.7679,2
2026-01-28 00:46:00,3.7619,3.7654,3.7614,3.7649,3.7669,3.7704,3.7664,3.7699,7
2026-01-28 00:47:00,3.7634,3.7634,3.7629,3.7629,3.7684,3.7684,3.7679,3.7679,2
2026-01-28 00:48:00,3.7639,3.7639,3.7639,3.7639,3.7689,3.7689,3.7689,3.7689,1
2026-01-28 00:49:00,3.7644,3.7644,3.7644,3.7644,3.7694,3.7694,3.7694,3.7694,1
2026-01-28 00:50:00,3.7649,3.7649,3.7644,3.7649,3.7699,3.7699,3.7694,3.7699,3
2026-01-28 00:51:00,3.7654,3.7654,3.7654,3.7654,3.7704,3.7704,3.7704,3.7704,1
2026-01-28 00:52:00,3.7659,3.7674,3.7644,3.7669,3.7709,3.7724,3.7694,3.7719,6
2026-01-28 00:53:00,3.7664,3.7664,3.7659,3.7664,3.7714,3.7714,3.7709,3.7714,3
2026-01-28 00:54:00,3.7669,3.7669,3.7669,3.7669,3.7719,3.7719,3.7719,3.7719,1
2026-01-28 00:56:00,3.7674,3.7689,3.7629,3.7689,3.7724,3.7739,3.7679,3.7739,12
2026-01-28 00:57:00,3.7694,3.7719,3.7694,3.7709,3.7744,3.7769,3.7744,3.7759,6
2026-01-28 00:58:00,3.7704,3.7704,3.7704,3.7704,3.7754,3.7754,3.7754,3.7754,1
2026-01-28 00:59:00,3.7719,3.7789,3.7719,3.7769,3.7769,3.7839,3.7769,3.7819,12
2026-01-28 01:00:00,3.7764,3.7769,3.7679,3.7679,3.7814,3.7819,3.7729,3.7729,18
2026-01-28 01:01:00,3.7669,3.7674,3.7649,3.7669,3.7719,3.7724,3.7699,3.7719,9
2026-01-28 01:02:00,3.7664,3.7664,3.7569,3.7604,3.7714,3.7714,3.7619,3.7654,11
2026-01-28 01:03:00,3.7609,3.7639,3.7609,3.7619,3.7659,3.7689,3.7659,3.7669,6
2026-01-28 01:04:00,3.7624,3.7654,3.7624,3.7644,3.7674,3.7704,3.7674,3.7694,9
2026-01-28 01:05:00,3.7649,3.7649,3.7609,3.7609,3.7699,3.7699,3.7659,3.7659,6
2026-01-28 01:06:00,3.7594,3.7604,3.7594,3.7599,3.7644,3.7654,3.7644,3.7649,3
2026-01-28 01:07:00,3.7604,3.7604,3.7594,3.7604,3.7654,3.7654,3.7644,3.7654,3
2026-01-28 01:08:00,3.7599,3.7599,3.7579,3.7589,3.7649,3.7649,3.7629,3.7639,6
2026-01-28 01:09:00,3.7569,3.7574,3.7514,3.7514,3.7619,3.7624,3.7564,3.7564,12
2026-01-28 01:10:00,3.7504,3.7534,3.7499,3.7509,3.7554,3.7584,3.7549,3.7559,10
2026-01-28 01:11:00,3.7519,3.7519,3.7519,3.7519,3.7569,3.7569,3.7569,3.7569,1
2026-01-28 01:12:00,3.7524,3.7564,3.7524,3.7549,3.7574,3.7614,3.7574,3.7599,9
2026-01-28 01:13:00,3.7544,3.7564,3.7544,3.7564,3.7594,3.7614,3.7594,3.7614,4
2026-01-28 01:15:00,3.7554,3.7554,3.7469,3.7474,3.7604,3.7604,3.7519,3.7524,7
2026-01-28 01:16:00,3.7469,3.7489,3.7429,3.7444,3.7519,3.7539,3.7479,3.7494,12
2026-01-28 01:17:00,3.7454,3.7469,3.7449,3.7469,3.7504,3.7519,3.7499,3.7519,6
2026-01-28 01:18:00,3.7459,3.7459,3.7429,3.7429,3.7509,3.7509,3.7479,3.7479,7
2026-01-28 01:19:00,3.7434,3.7474,3.7434,3.7439,3.7484,3.7524,3.7484,3.7489,14
2026-01-28 01:20:00,3.7434,3.7469,3.7434,3.7454,3.7484,3.7519,3.7484,3.7504,7
2026-01-28 01:21:00,3.7449,3.7449,3.7429,3.7429,3.7499,3.7499,3.7479,3.7479,2
2026-01-28 01:22:00,3.7424,3.7424,3.7424,3.7424,3.7474,3.7474,3.7474,3.7474,1
2026-01-28 01:23:00,3.7419,3.7429,3.7389,3.7394,3.7469,3.7479,3.7439,3.7444,7
2026-01-28 01:24:00,3.7399,3.7404,3.7389,3.7399,3.7449,3.7454,3.7439,3.7449,6
2026-01-28 01:25:00,3.7404,3.7404,3.7399,3.7399,3.7454,3.7454,3.7449,3.7449,2
2026-01-28 01:26:00,3.7404,3.7404,3.7399,3.7399,3.7454,3.7454,3.7449,3.7449,2
2026-01-28 01:27:00,3.7394,3.7414,3.7394,3.7414,3.7444,3.7464,3.7444,3.7464,6
2026-01-28 01:28:00,3.7409,3.7474,3.7409,3.7474,3.7459,3.7524,3.7459,3.7524,6
2026-01-28 01:29:00,3.7464,3.7469,3.7439,3.7439,3.7514,3.7519,3.7489,3.7489,10
2026-01-28 01:30:00,3.7434,3.7434,3.7424,3.7424,3.7484,3.7484,3.7474,3.7474,3
2026-01-28 01:32:00,3.7429,3.7429,3.7424,3.7424,3.7479,3.7479,3.7474,3.7474,2
2026-01-28 01:33:00,3.7399,3.7399,3.7344,3.7344,3.7449,3.7449,3.7394,3.7394,4
2026-01-28 01:34:00,3.7324,3.7324,3.7244,3.7249,3.7374,3.7374,3.7294,3.7299,20
2026-01-28 01:35:00,3.7254,3.7289,3.7209,3.7239,3.7304,3.7339,3.7259,3.7289,18
2026-01-28 01:36:00,3.7249,3.7249,3.7219,3.7244,3.7299,3.7299,3.7269,3.7294,12
2026-01-28 01:37:00,3.7249,3.7259,3.7249,3.7254,3.7299,3.7309,3.7299,3.7304,4
2026-01-28 01:38:00,3.7244,3.7244,3.7234,3.7244,3.7294,3.7294,3.7284,3.7294,3
2026-01-28 01:39:00,3.7249,3.7249,3.7229,3.7229,3.7299,3.7299,3.7279,3.7279,7
2026-01-28 01:40:00,3.7224,3.7249,3.7224,3.7244,3.7274,3.7299,3.7274,3.7294,7
2026-01-28 01:41:00,3.7259,3.7264,3.7259,3.7259,3.7309,3.7314,3.7309,3.7309,3
2026-01-28 01:42:00,3.7264,3.7279,3.7259,3.7279,3.7314,3.7329,3.7309,3.7329,8
2026-01-28 01:43:00,3.7284,3.7284,3.7259,3.7269,3.7334,3.7334,3.7309,3.7319,4
2026-01-28 01:44:00,3.7264,3.7264,3.7264,3.7264,3.7314,3.7314,3.7314,3.7314,1
2026-01-28 01:45:00,3.7259,3.7259,3.7259,3.7259,3.7309,3.7309,3.7309,3.7309,1
2026-01-28 01:46:00,3.7264,3.7269,3.7264,3.7264,3.7314,3.7319,3.7314,3.7314,3
2026-01-28 01:47:00,3.7269,3.7274,3.7269,3.7274,3.7319,3.7324,3.7319,3.7324,2
2026-01-28 01:48:00,3.7269,3.7289,3.7269,3.7289,3.7319,3.7339,3.7319,3.7339,4
2026-01-28 01:49:00,3.7299,3.7304,3.7279,3.7289,3.7349,3.7354,3.7329,3.7339,8
2026-01-28 01:50:00,3.7299,3.7299,3.7289,3.7289,3.7349,3.7349,3.7339,3.7339,3
2026-01-28 01:51:00,3.7284,3.7284,3.7259,3.7264,3.7334,3.7334,3.7309,3.7314,4
2026-01-28 01:52:00,3.7259,3.7259,3.7189,3.7199,3.7309,3.7309,3.7239,3.7249,26
2026-01-28 01:53:00,3.7214,3.7224,3.7189,3.7214,3.7264,3.7274,3.7239,3.7264,11
2026-01-28 01:54:00,3.7219,3.7239,3.7209,3.7224,3.7269,3.7289,3.7259,3.7274,8
2026-01-28 01:55:00,3.7229,3.7249,3.7229,3.7244,3.7279,3.7299,3.7279,3.7294,7
2026-01-28 01:56:00,3.7219,3.7249,3.7219,3.7244,3.7269,3.7299,3.7269,3.7294,5
2026-01-28 01:57:00,3.7239,3.7304,3.7239,3.7289,3.7289,3.7354,3.7289,3.7339,7
2026-01-28 01:58:00,3.7294,3.7314,3.7289,3.7309,3.7344,3.7364,3.7339,3.7359,6
2026-01-28 01:59:00,3.7304,3.7314,3.7304,3.7314,3.7354,3.7364,3.7354,3.7364,3
2026-01-28 02:00:00,3.7339,3.7389,3.7339,3.7379,3.7389,3.7439,3.7389,3.7429,22
2026-01-28 02:01:00,3.7369,3.7369,3.7304,3.7309,3.7419,3.7419,3.7354,3.7359,9
2026-01-28 02:02:00,3.7304,3.7304,3.7274,3.7279,3.7354,3.7354,3.7324,3.7329,8
2026-01-28 02:03:00,3.7284,3.7284,3.7279,3.7279,3.7334,3.7334,3.7329,3.7329,2
2026-01-28 02:05:00,3.7319,3.7434,3.7319,3.7409,3.7369,3.7484,3.7369,3.7459,28
2026-01-28 02:06:00,3.7414,3.7469,3.7404,3.7444,3.7464,3.7519,3.7454,3.7494,31
2026-01-28 02:07:00,3.7449,3.7459,3.7429,3.7429,3.7499,3.7509,3.7479,3.7479,5
2026-01-28 02:08:00,3.7439,3.7444,3.7419,3.7419,3.7489,3.7494,3.7469,3.7469,7
2026-01-28 02:09:00,3.7409,3.7439,3.7409,3.7439,3.7459,3.7489,3.7459,3.7489,3
2026-01-28 02:10:00,3.7444,3.7454,3.7444,3.7454,3.7494,3.7504,3.7494,3.7504,2
2026-01-28 02:11:00,3.7449,3.7539,3.7449,3.7534,3.7499,3.7589,3.7499,3.7584,26
2026-01-28 02:12:00,3.7539,3.7539,3.7509,3.7519,3.7589,3.7589,3.7559,3.7569,7
2026-01-28 02:13:00,3.7504,3.7529,3.7504,3.7514,3.7554,3.7579,3.7554,3.7564,4
2026-01-28 02:14:00,3.7519,3.7519,3.7499,3.7509,3.7569,3.7569,3.7549,3.7559,7
2026-01-28 02:15:00,3.7504,3.7504,3.7499,3.7499,3.7554,3.7554,3.7549,3.7549,2
2026-01-28 02:16:00,3.7479,3.7509,3.7479,3.7509,3.7529,3.7559,3.7529,3.7559,3
2026-01-28 02:17:00,3.7504,3.7504,3.7419,3.7424,3.7554,3.7554,3.7469,3.7474,18
2026-01-28 02:18:00,3.7419,3.7419,3.7379,3.7384,3.7469,3.7469,3.7429,3.7434,13
2026-01-28 02:19:00,3.7379,3.7404,3.7379,3.7384,3.7429,3.7454,3.7429,3.7434,7
2026-01-28 02:20:00,3.7379,3.7379,3.7374,3.7374,3.7429,3.7429,3.7424,3.7424,2
2026-01-28 02:21:00,3.7369,3.7369,3.7319,3.7349,3.7419,3.7419,3.7369,3.7399,11
2026-01-28 02:22:00,3.7344,3.7344,3.7339,3.7339,3.7394,3.7394,3.7389,3.7389,2
2026-01-28 02:23:00,3.7349,3.7349,3.7279,3.7294,3.7399,3.7399,3.7329,3.7344,10
2026-01-28 02:24:00,3.7289,3.7309,3.7289,3.7309,3.7339,3.7359,3.7339,3.7359,3
2026-01-28 02:25:00,3.7324,3.7339,3.7309,3.7309,3.7374,3.7389,3.7359,3.7359,5
2026-01-28 02:26:00,3.7299,3.7309,3.7299,3.7309,3.7349,3.7359,3.7349,3.7359,2
2026-01-28 02:27:00,3.7314,3.7339,3.7314,3.7339,3.7364,3.7389,3.7364,3.7389,3
2026-01-28 02:28:00,3.7334,3.7359,3.7334,3.7354,3.7384,3.7409,3.7384,3.7404,3
2026-01-28 02:29:00,3.7349,3.7384,3.7349,3.7379,3.7399,3.7434,3.7399,3.7429,5
2026-01-28 02:30:00,3.7389,3.7434,3.7389,3.7424,3.7439,3.7484,3.7439,3.7474,12
2026-01-28 02:31:00,3.7429,3.7429,3.7414,3.7429,3.7479,3.7479,3.7464,3.7479,4
2026-01-28 02:32:00,3.7434,3.7439,3.7434,3.7434,3.7484,3.7489,3.7484,3.7484,3
2026-01-28 02:33:00,3.7424,3.7424,3.7424,3.7424,3.7474,3.7474,3.7474,3.7474,1
2026-01-28 02:34:00,3.7419,3.7439,3.7419,3.7439,3.7469,3.7489,3.7469,3.7489,3
2026-01-28 02:35:00,3.7429,3.7434,3.7414,3.7419,3.7479,3.7484,3.7464,3.7469,5
2026-01-28 02:36:00,3.7429,3.7434,3.7424,3.7424,3.7479,3.7484,3.7474,3.7474,4
2026-01-28 02:38:00,3.7419,3.7419,3.7374,3.7374,3.7469,3.7469,3.7424,3.7424,8
2026-01-28 02:39:00,3.7369,3.7374,3.7354,3.7374,3.7419,3.7424,3.7404,3.7424,4
2026-01-28 02:41:00,3.7389,3.7399,3.7379,3.7379,3.7439,3.7449,3.7429,3.7429,3
2026-01-28 02:43:00,3.7339,3.7339,3.7294,3.7299,3.7389,3.7389,3.7344,3.7349,11
2026-01-28 02:44:00,3.7304,3.7329,3.7304,3.7329,3.7354,3.7379,3.7354,3.7379,5
2026-01-28 02:45:00,3.7334,3.7334,3.7319,3.7334,3.7384,3.7384,3.7369,3.7384,4
2026-01-28 02:46:00,3.7329,3.7364,3.7314,3.7359,3.7379,3.7414,3.7364,3.7409,7
2026-01-28 02:47:00,3.7354,3.7359,3.7354,3.7359,3.7404,3.7409,3.7404,3.7409,2
2026-01-28 02:48:00,3.7364,3.7369,3.7359,3.7369,3.7414,3.7419,3.7409,3.7419,4
2026-01-28 02:49:00,3.7364,3.7364,3.7359,3.7359,3.7414,3.7414,3.7409,3.7409,2
2026-01-28 02:50:00,3.7354,3.7359,3.7354,3.7354,3.7404,3.7409,3.7404,3.7404,3
2026-01-28 02:52:00,3.7359,3.7359,3.7294,3.7299,3.7409,3.7409,3.7344,3.7349,6
2026-01-28 02:53:00,3.7294,3.7354,3.7294,3.7354,3.7344,3.7404,3.7344,3.7404,7
2026-01-28 02:54:00,3.7364,3.7379,3.7364,3.7379,3.7414,3.7429,3.7414,3.7429,3
2026-01-28 02:56:00,3.7374,3.7374,3.7369,3.7369,3.7424,3.7424,3.7419,3.7419,2
2026-01-28 03:00:00,3.7349,3.7374,3.7349,3.7374,3.7399,3.7424,3.7399,3.7424,7
2026-01-28 03:01:00,3.7379,3.7379,3.7379,3.7379,3.7429,3.7429,3.7429,3.7429,1
2026-01-28 03:02:00,3.7369,3.7399,3.7369,3.7399,3.7419,3.7449,3.7419,3.7449,4
2026-01-28 03:03:00,3.7389,3.7399,3.7389,3.7389,3.7439,3.7449,3.7439,3.7439,4
2026-01-28 03:04:00,3.7379,3.7379,3.7379,3.7379,3.7429,3.7429,3.7429,3.7429,1
2026-01-28 03:06:00,3.7354,3.7374,3.7354,3.7374,3.7404,3.7424,3.7404,3.7424,5
2026-01-28 03:08:00,3.7369,3.7369,3.7369,3.7369,3.7419,3.7419,3.7419,3.7419,1
2026-01-28 03:10:00,3.7374,3.7379,3.7374,3.7379,3.7424,3.7429,3.7424,3.7429,2
2026-01-28 03:12:00,3.7394,3.7464,3.7394,3.7444,3.7444,3.7514,3.7444,3.7494,18
2026-01-28 03:13:00,3.7459,3.7459,3.7444,3.7454,3.7509,3.7509,3.7494,3.7504,4
2026-01-28 03:14:00,3.7459,3.7464,3.7429,3.7444,3.7509,3.7514,3.7479,3.7494,7
2026-01-28 03:15:00,3.7449,3.7454,3.7429,3.7434,3.7499,3.7504,3.7479,3.7484,6
2026-01-28 03:16:00,3.7429,3.7429,3.7429,3.7429,3.7479,3.7479,3.7479,3.7479,1
2026-01-28 03:17:00,3.7424,3.7424,3.7424,3.7424,3.7474,3.7474,3.7474,3.7474,1
2026-01-28 03:18:00,3.7429,3.7434,3.7424,3.7429,3.7479,3.7484,3.7474,3.7479,5
2026-01-28 03:19:00,3.7424,3.7444,3.7424,3.7444,3.7474,3.7494,3.7474,3.7494,3
2026-01-28 03:20:00,3.7449,3.7449,3.7419,3.7419,3.7499,3.7499,3.7469,3.7469,4
2026-01-28 03:21:00,3.7404,3.7404,3.7399,3.7399,3.7454,3.7454,3.7449,3.7449,2
2026-01-28 03:22:00,3.7394,3.7414,3.7394,3.7414,3.7444,3.7464,3.7444,3.7464,6
2026-01-28 03:23:00,3.7409,3.7434,3.7409,3.7429,3.7459,3.7484,3.7459,3.7479,4
2026-01-28 03:24:00,3.7424,3.7429,3.7424,3.7429,3.7474,3.7479,3.7474,3.7479,2
2026-01-28 03:25:00,3.7419,3.7434,3.7419,3.7434,3.7469,3.7484,3.7469,3.7484,2
2026-01-28 03:26:00,3.7439,3.7494,3.7439,3.7489,3.7489,3.7544,3.7489,3.7539,13
2026-01-28 03:27:00,3.7484,3.7519,3.7479,3.7519,3.7534,3.7569,3.7529,3.7569,10
2026-01-28 03:28:00,3.7524,3.7524,3.7494,3.7524,3.7574,3.7574,3.7544,3.7574,7
2026-01-28 03:29:00,3.7529,3.7529,3.7519,3.7519,3.7579,3.7579,3.7569,3.7569,3
2026-01-28 03:30:00,3.7514,3.7529,3.7479,3.7529,3.7564,3.7579,3.7529,3.7579,15
2026-01-28 03:31:00,3.7524,3.7529,3.7524,3.7524,3.7574,3.7579,3.7574,3.7574,3
2026-01-28 03:32:00,3.7519,3.7549,3.7509,3.7509,3.7569,3.7599,3.7559,3.7559,12
2026-01-28 03:33:00,3.7499,3.7524,3.7499,3.7509,3.7549,3.7574,3.7549,3.7559,9
2026-01-28 03:34:00,3.7499,3.7499,3.7484,3.7489,3.7549,3.7549,3.7534,3.7539,3
2026-01-28 03:36:00,3.7484,3.7489,3.7484,3.7489,3.7534,3.7539,3.7534,3.7539,2
2026-01-28 03:37:00,3.7484,3.7484,3.7459,3.7464,3.7534,3.7534,3.7509,3.7514,7
2026-01-28 03:38:00,3.7439,3.7484,3.7439,3.7464,3.7489,3.7534,3.7489,3.7514,12
2026-01-28 03:41:00,3.7479,3.7524,3.7479,3.7519,3.7529,3.7574,3.7529,3.7569,8
2026-01-28 03:42:00,3.7509,3.7509,3.7504,3.7504,3.7559,3.7559,3.7554,3.7554,2
2026-01-28 03:43:00,3.7509,3.7524,3.7509,3.7524,3.7559,3.7574,3.7559,3.7574,2
2026-01-28 03:44:00,3.7529,3.7544,3.7529,3.7534,3.7579,3.7594,3.7579,3.7584,6
2026-01-28 03:45:00,3.7539,3.7579,3.7534,3.7559,3.7589,3.7629,3.7584,3.7609,20
2026-01-28 03:46:00,3.7554,3.7614,3.7539,3.7609,3.7604,3.7664,3.7589,3.7659,14
2026-01-28 03:47:00,3.7579,3.7579,3.7534,3.7539,3.7629,3.7629,3.7584,3.7589,14
2026-01-28 03:48:00,3.7529,3.7549,3.7529,3.7544,3.7579,3.7599,3.7579,3.7594,6
2026-01-28 03:49:00,3.7549,3.7549,3.7494,3.7499,3.7599,3.7599,3.7544,3.7549,6
2026-01-28 03:50:00,3.7489,3.7494,3.7489,3.7494,3.7539,3.7544,3.7539,3.7544,2
2026-01-28 03:52:00,3.7489,3.7519,3.7479,3.7514,3.7539,3.7569,3.7529,3.7564,11
2026-01-28 03:54:00,3.7509,3.7549,3.7509,3.7549,3.7559,3.7599,3.7559,3.7599,6
2026-01-28 03:55:00,3.7554,3.7569,3.7529,3.7529,3.7604,3.7619,3.7579,3.7579,5
2026-01-28 03:56:00,3.7549,3.7549,3.7544,3.7544,3.7599,3.7599,3.7594,3.7594,2
2026-01-28 03:57:00,3.7539,3.7539,3.7539,3.7539,3.7589,3.7589,3.7589,3.7589,1
2026-01-28 03:58:00,3.7544,3.7544,3.7544,3.7544,3.7594,3.7594,3.7594,3.7594,1
2026-01-28 04:00:00,3.7559,3.7579,3.7559,3.7564,3.7609,3.7629,3.7609,3.7614,3
2026-01-28 04:01:00,3.7559,3.7559,3.7554,3.7554,3.7609,3.7609,3.7604,3.7604,2
2026-01-28 04:02:00,3.7549,3.7569,3.7549,3.7569,3.7599,3.7619,3.7599,3.7619,6
2026-01-28 04:03:00,3.7564,3.7564,3.7509,3.7509,3.7614,3.7614,3.7559,3.7559,8
2026-01-28 04:04:00,3.7514,3.7514,3.7514,3.7514,3.7564,3.7564,3.7564,3.7564,1
2026-01-28 04:05:00,3.7539,3.7559,3.7524,3.7524,3.7589,3.7609,3.7574,3.7574,6
2026-01-28 04:06:00,3.7519,3.7524,3.7509,3.7514,3.7569,3.7574,3.7559,3.7564,5
2026-01-28 04:07:00,3.7524,3.7524,3.7514,3.7514,3.7574,3.7574,3.7564,3.7564,3
2026-01-28 04:08:00,3.7504,3.7504,3.7494,3.7494,3.7554,3.7554,3.7544,3.7544,2
2026-01-28 04:09:00,3.7489,3.7499,3.7489,3.7494,3.7539,3.7549,3.7539,3.7544,3
2026-01-28 04:12:00,3.7489,3.7534,3.7489,3.7534,3.7539,3.7584,3.7539,3.7584,8
2026-01-28 04:13:00,3.7544,3.7544,3.7524,3.7529,3.7594,3.7594,3.7574,3.7579,4
2026-01-28 04:14:00,3.7524,3.7524,3.7524,3.7524,3.7574,3.7574,3.7574,3.7574,1
2026-01-28 04:15:00,3.7529,3.7574,3.7529,3.7574,3.7579,3.7624,3.7579,3.7624,14
2026-01-28 04:16:00,3.7579,3.7629,3.7579,3.7619,3.7629,3.7679,3.7629,3.7669,14
2026-01-28 04:17:00,3.7629,3.7629,3.7609,3.7609,3.7679,3.7679,3.7659,3.7659,5
2026-01-28 04:18:00,3.7619,3.7619,3.7604,3.7609,3.7669,3.7669,3.7654,3.7659,4
2026-01-28 04:20:00,3.7629,3.7674,3.7619,3.7674,3.7679,3.7724,3.7669,3.7724,9
2026-01-28 04:21:00,3.7679,3.7679,3.7664,3.7664,3.7729,3.7729,3.7714,3.7714,5
2026-01-28 04:22:00,3.7659,3.7674,3.7659,3.7674,3.7709,3.7724,3.7709,3.7724,4
2026-01-28 04:23:00,3.7669,3.7669,3.7644,3.7644,3.7719,3.7719,3.7694,3.7694,4
2026-01-28 04:24:00,3.7634,3.7634,3.7634,3.7634,3.7684,3.7684,3.7684,3.7684,1
2026-01-28 04:26:00,3.7639,3.7639,3.7624,3.7624,3.7689,3.7689,3.7674,3.7674,3
2026-01-28 04:27:00,3.7619,3.7624,3.7569,3.7579,3.7669,3.7674,3.7619,3.7629,15
2026-01-28 04:28:00,3.7574,3.7574,3.7544,3.7564,3.7624,3.7624,3.7594,3.7614,11
2026-01-28 04:29:00,3.7559,3.7584,3.7559,3.7569,3.7609,3.7634,3.7609,3.7619,6
2026-01-28 04:30:00,3.7549,3.7574,3.7519,3.7524,3.7599,3.7624,3.7569,3.7574,19
2026-01-28 04:31:00,3.7529,3.7539,3.7529,3.7534,3.7579,3.7589,3.7579,3.7584,4
2026-01-28 04:32:00,3.7539,3.7614,3.7539,3.7614,3.7589,3.7664,3.7589,3.7664,15
2026-01-28 04:33:00,3.7619,3.7679,3.7614,3.7624,3.7669,3.7729,3.7664,3.7674,45
2026-01-28 04:34:00,3.7619,3.7644,3.7614,3.7644,3.7669,3.7694,3.7664,3.7694,10
2026-01-28 04:35:00,3.7659,3.7679,3.7644,3.7669,3.7709,3.7729,3.7694,3.7719,23
2026-01-28 04:36:00,3.7659,3.7664,3.7634,3.7639,3.7709,3.7714,3.7684,3.7689,12
2026-01-28 04:37:00,3.7634,3.7634,3.7634,3.7634,3.7684,3.7684,3.7684,3.7684,1
2026-01-28 04:38:00,3.7644,3.7644,3.7644,3.7644,3.7694,3.7694,3.7694,3.7694,1
2026-01-28 04:39:00,3.7629,3.7629,3.7589,3.7589,3.7679,3.7679,3.7639,3.7639,9
2026-01-28 04:40:00,3.7584,3.7589,3.7569,3.7579,3.7634,3.7639,3.7619,3.7629,6
2026-01-28 04:41:00,3.7574,3.7574,3.7549,3.7549,3.7624,3.7624,3.7599,3.7599,6
2026-01-28 04:42:00,3.7544,3.7544,3.7474,3.7504,3.7594,3.7594,3.7524,3.7554,32
2026-01-28 04:43:00,3.7499,3.7524,3.7499,3.7524,3.7549,3.7574,3.7549,3.7574,5
2026-01-28 04:44:00,3.7519,3.7549,3.7509,3.7519,3.7569,3.7599,3.7559,3.7569,13
2026-01-28 04:45:00,3.7514,3.7549,3.7514,3.7529,3.7564,3.7599,3.7564,3.7579,8
2026-01-28 04:46:00,3.7524,3.7544,3.7524,3.7544,3.7574,3.7594,3.7574,3.7594,4
2026-01-28 04:47:00,3.7549,3.7554,3.7494,3.7499,3.7599,3.7604,3.7544,3.7549,10
2026-01-28 04:48:00,3.7494,3.7494,3.7494,3.7494,3.7544,3.7544,3.7544,3.7544,1
2026-01-28 04:49:00,3.7489,3.7494,3.7474,3.7474,3.7539,3.7544,3.7524,3.7524,5
2026-01-28 04:50:00,3.7469,3.7469,3.7389,3.7394,3.7519,3.7519,3.7439,3.7444,20
2026-01-28 04:51:00,3.7399,3.7409,3.7349,3.7409,3.7449,3.7459,3.7399,3.7459,20
2026-01-28 04:52:00,3.7404,3.7434,3.7389,3.7434,3.7454,3.7484,3.7439,3.7484,13
2026-01-28 04:53:00,3.7429,3.7434,3.7404,3.7429,3.7479,3.7484,3.7454,3.7479,9
2026-01-28 04:54:00,3.7434,3.7434,3.7434,3.7434,3.7484,3.7484,3.7484,3.7484,1
2026-01-28 04:55:00,3.7459,3.7474,3.7459,3.7474,3.7509,3.7524,3.7509,3.7524,4
2026-01-28 04:56:00,3.7479,3.7509,3.7469,3.7494,3.7529,3.7559,3.7519,3.7544,12
2026-01-28 04:57:00,3.7499,3.7509,3.7499,3.7499,3.7549,3.7559,3.7549,3.7549,4
2026-01-28 04:58:00,3.7504,3.7504,3.7499,3.7499,3.7554,3.7554,3.7549,3.7549,4
2026-01-28 04:59:00,3.7494,3.7544,3.7489,3.7524,3.7544,3.7594,3.7539,3.7574,13
2026-01-28 05:00:00,3.7534,3.7544,3.7524,3.7539,3.7584,3.7594,3.7574,3.7589,15
2026-01-28 05:01:00,3.7534,3.7539,3.7529,3.7529,3.7584,3.7589,3.7579,3.7579,9
2026-01-28 05:02:00,3.7519,3.7534,3.7499,3.7534,3.7569,3.7584,3.7549,3.7584,8
2026-01-28 05:03:00,3.7524,3.7534,3.7464,3.7469,3.7574,3.7584,3.7514,3.7519,20
2026-01-28 05:04:00,3.7464,3.7469,3.7464,3.7464,3.7514,3.7519,3.7514,3.7514,3
2026-01-28 05:06:00,3.7459,3.7459,3.7439,3.7439,3.7509,3.7509,3.7489,3.7489,3
2026-01-28 05:07:00,3.7454,3.7469,3.7454,3.7454,3.7504,3.7519,3.7504,3.7504,5
2026-01-28 05:08:00,3.7429,3.7434,3.7429,3.7429,3.7479,3.7484,3.7479,3.7479,3
2026-01-28 05:09:00,3.7434,3.7469,3.7434,3.7464,3.7484,3.7519,3.7484,3.7514,8
2026-01-28 05:11:00,3.7459,3.7469,3.7419,3.7419,3.7509,3.7519,3.7469,3.7469,11
2026-01-28 05:12:00,3.7424,3.7429,3.7414,3.7414,3.7474,3.7479,3.7464,3.7464,4
2026-01-28 05:15:00,3.7419,3.7479,3.7419,3.7479,3.7469,3.7529,3.7469,3.7529,4
2026-01-28 05:16:00,3.7469,3.7499,3.7469,3.7479,3.7519,3.7549,3.7519,3.7529,7
2026-01-28 05:18:00,3.7484,3.7484,3.7484,3.7484,3.7534,3.7534,3.7534,3.7534,1
2026-01-28 05:19:00,3.7449,3.7449,3.7409,3.7409,3.7499,3.7499,3.7459,3.7459,8
2026-01-28 05:20:00,3.7419,3.7419,3.7404,3.7409,3.7469,3.7469,3.7454,3.7459,3
2026-01-28 05:21:00,3.7404,3.7404,3.7374,3.7374,3.7454,3.7454,3.7424,3.7424,9
2026-01-28 05:22:00,3.7359,3.7374,3.7359,3.7359,3.7409,3.7424,3.7409,3.7409,4
2026-01-28 05:23:00,3.7364,3.7364,3.7199,3.7229,3.7414,3.7414,3.7249,3.7279,33
2026-01-28 05:24:00,3.7234,3.7244,3.7189,3.7244,3.7284,3.7294,3.7239,3.7294,20
2026-01-28 05:25:00,3.7249,3.7264,3.7244,3.7264,3.7299,3.7314,3.7294,3.7314,5
2026-01-28 05:26:00,3.7269,3.7284,3.7269,3.7284,3.7319,3.7334,3.7319,3.7334,5
2026-01-28 05:27:00,3.7289,3.7289,3.7224,3.7224,3.7339,3.7339,3.7274,3.7274,4
2026-01-28 05:28:00,3.7214,3.7214,3.7059,3.7084,3.7264,3.7264,3.7109,3.7134,35
2026-01-28 05:29:00,3.7079,3.7104,3.7074,3.7099,3.7129,3.7154,3.7124,3.7149,14
2026-01-28 05:30:00,3.7109,3.7129,3.7104,3.7129,3.7159,3.7179,3.7154,3.7179,13
2026-01-28 05:31:00,3.7134,3.7169,3.7134,3.7159,3.7184,3.7219,3.7184,3.7209,15
2026-01-28 05:32:00,3.7154,3.7174,3.7149,3.7149,3.7204,3.7224,3.7199,3.7199,11
2026-01-28 05:33:00,3.7139,3.7174,3.7139,3.7169,3.7189,3.7224,3.7189,3.7219,7
2026-01-28 05:34:00,3.7129,3.7154,3.7119,3.7149,3.7179,3.7204,3.7169,3.7199,9
2026-01-28 05:35:00,3.7154,3.7159,3.7089,3.7089,3.7204,3.7209,3.7139,3.7139,8
2026-01-28 05:36:00,3.7094,3.7119,3.7074,3.7114,3.7144,3.7169,3.7124,3.7164,8
2026-01-28 05:37:00,3.7109,3.7164,3.7104,3.7154,3.7159,3.7214,3.7154,3.7204,13
2026-01-28 05:38:00,3.7149,3.7154,3.7144,3.7144,3.7199,3.7204,3.7194,3.7194,4
2026-01-28 05:39:00,3.7154,3.7179,3.7154,3.7174,3.7204,3.7229,3.7204,3.7224,5
2026-01-28 05:40:00,3.7179,3.7179,3.7174,3.7174,3.7229,3.7229,3.7224,3.7224,4
2026-01-28 05:41:00,3.7179,3.7189,3.7179,3.7179,3.7229,3.7239,3.7229,3.7229,6
2026-01-28 05:42:00,3.7174,3.7184,3.7174,3.7184,3.7224,3.7234,3.7224,3.7234,3
2026-01-28 05:43:00,3.7179,3.7264,3.7159,3.7264,3.7229,3.7314,3.7209,3.7314,23
2026-01-28 05:44:00,3.7269,3.7279,3.7249,3.7274,3.7319,3.7329,3.7299,3.7324,9
2026-01-28 05:45:00,3.7279,3.7294,3.7274,3.7294,3.7329,3.7344,3.7324,3.7344,7
2026-01-28 05:46:00,3.7289,3.7289,3.7244,3.7254,3.7339,3.7339,3.7294,3.7304,8
2026-01-28 05:47:00,3.7249,3.7249,3.7144,3.7159,3.7299,3.7299,3.7194,3.7209,14
2026-01-28 05:48:00,3.7164,3.7189,3.7059,3.7074,3.7214,3.7239,3.7109,3.7124,29
2026-01-28 05:49:00,3.7069,3.7084,3.7059,3.7079,3.7119,3.7134,3.7109,3.7129,7
2026-01-28 05:50:00,3.7074,3.7079,3.7074,3.7079,3.7124,3.7129,3.7124,3.7129,2
2026-01-28 05:51:00,3.7089,3.7094,3.7059,3.7084,3.7139,3.7144,3.7109,3.7134,7
2026-01-28 05:52:00,3.7064,3.7089,3.7064,3.7089,3.7114,3.7139,3.7114,3.7139,6
2026-01-28 05:53:00,3.7084,3.7084,3.7084,3.7084,3.7134,3.7134,3.7134,3.7134,1
2026-01-28 05:54:00,3.7069,3.7084,3.7069,3.7084,3.7119,3.7134,3.7119,3.7134,2
2026-01-28 05:55:00,3.7089,3.7209,3.7089,3.7189,3.7139,3.7259,3.7139,3.7239,29
2026-01-28 05:56:00,3.7194,3.7194,3.7194,3.7194,3.7244,3.7244,3.7244,3.7244,1
2026-01-28 05:58:00,3.7189,3.7189,3.7164,3.7164,3.7239,3.7239,3.7214,3.7214,6
2026-01-28 05:59:00,3.7154,3.7154,3.7149,3.7154,3.7204,3.7204,3.7199,3.7204,3
2026-01-28 06:00:00,3.7149,3.7154,3.7134,3.7134,3.7199,3.7204,3.7184,3.7184,3
2026-01-28 06:01:00,3.7139,3.7194,3.7139,3.7194,3.7189,3.7244,3.7189,3.7244,9
2026-01-28 06:02:00,3.7199,3.7199,3.7134,3.7154,3.7249,3.7249,3.7184,3.7204,16
2026-01-28 06:03:00,3.7149,3.7149,3.7129,3.7149,3.7199,3.7199,3.7179,3.7199,5
2026-01-28 06:04:00,3.7154,3.7154,3.7134,3.7134,3.7204,3.7204,3.7184,3.7184,3
2026-01-28 06:05:00,3.7144,3.7174,3.7144,3.7174,3.7194,3.7224,3.7194,3.7224,6
2026-01-28 06:06:00,3.7169,3.7169,3.7134,3.7134,3.7219,3.7219,3.7184,3.7184,4
2026-01-28 06:08:00,3.7129,3.7129,3.7094,3.7119,3.7179,3.7179,3.7144,3.7169,12
2026-01-28 06:09:00,3.7114,3.7134,3.7109,3.7109,3.7164,3.7184,3.7159,3.7159,7
2026-01-28 06:10:00,3.7129,3.7154,3.7129,3.7144,3.7179,3.7204,3.7179,3.7194,8
2026-01-28 06:11:00,3.7139,3.7139,3.7139,3.7139,3.7189,3.7189,3.7189,3.7189,1
2026-01-28 06:13:00,3.7134,3.7139,3.7104,3.7139,3.7184,3.7189,3.7154,3.7189,10
2026-01-28 06:14:00,3.7149,3.7154,3.7134,3.7134,3.7199,3.7204,3.7184,3.7184,6
2026-01-28 06:15:00,3.7144,3.7144,3.7134,3.7134,3.7194,3.7194,3.7184,3.7184,2
2026-01-28 06:16:00,3.7139,3.7144,3.7134,3.7139,3.7189,3.7194,3.7184,3.7189,6
2026-01-28 06:17:00,3.7134,3.7144,3.7114,3.7129,3.7184,3.7194,3.7164,3.7179,11
2026-01-28 06:18:00,3.7134,3.7134,3.7109,3.7114,3.7184,3.7184,3.7159,3.7164,10
2026-01-28 06:19:00,3.7099,3.7119,3.7059,3.7069,3.7149,3.7169,3.7109,3.7119,18
2026-01-28 06:20:00,3.7079,3.7089,3.7064,3.7089,3.7129,3.7139,3.7114,3.7139,11
2026-01-28 06:21:00,3.7094,3.7099,3.7064,3.7084,3.7144,3.7149,3.7114,3.7134,12
2026-01-28 06:22:00,3.7069,3.7069,3.7064,3.7069,3.7119,3.7119,3.7114,3.7119,3
2026-01-28 06:23:00,3.7064,3.7084,3.7064,3.7074,3.7114,3.7134,3.7114,3.7124,9
2026-01-28 06:24:00,3.7049,3.7049,3.6889,3.6929,3.7099,3.7099,3.6939,3.6979,44
2026-01-28 06:25:00,3.6934,3.6939,3.6924,3.6929,3.6984,3.6989,3.6974,3.6979,6
2026-01-28 06:26:00,3.6924,3.7104,3.6924,3.7099,3.6974,3.7154,3.6974,3.7149,22
2026-01-28 06:27:00,3.7094,3.7099,3.6999,3.7009,3.7144,3.7149,3.7049,3.7059,21
2026-01-28 06:28:00,3.7004,3.7004,3.6914,3.6929,3.7054,3.7054,3.6964,3.6979,15
2026-01-28 06:29:00,3.6934,3.6954,3.6909,3.6934,3.6984,3.7004,3.6959,3.6984,17
2026-01-28 06:30:00,3.6944,3.6944,3.6794,3.6874,3.6994,3.6994,3.6844,3.6924,36
2026-01-28 06:31:00,3.6869,3.6884,3.6779,3.6799,3.6919,3.6934,3.6829,3.6849,25
2026-01-28 06:32:00,3.6804,3.6874,3.6799,3.6874,3.6854,3.6924,3.6849,3.6924,21
2026-01-28 06:33:00,3.6879,3.6899,3.6874,3.6884,3.6929,3.6949,3.6924,3.6934,7
2026-01-28 06:34:00,3.6879,3.6884,3.6849,3.6864,3.6929,3.6934,3.6899,3.6914,14
2026-01-28 06:35:00,3.6869,3.6884,3.6849,3.6874,3.6919,3.6934,3.6899,3.6924,14
2026-01-28 06:36:00,3.6839,3.6849,3.6784,3.6789,3.6889,3.6899,3.6834,3.6839,22
2026-01-28 06:37:00,3.6779,3.6844,3.6779,3.6844,3.6829,3.6894,3.6829,3.6894,8
2026-01-28 06:38:00,3.6839,3.6879,3.6839,3.6879,3.6889,3.6929,3.6889,3.6929,9
2026-01-28 06:39:00,3.6874,3.6874,3.6844,3.6844,3.6924,3.6924,3.6894,3.6894,5
2026-01-28 06:40:00,3.6854,3.6959,3.6829,3.6954,3.6904,3.7009,3.6879,3.7004,18
2026-01-28 06:41:00,3.6959,3.7044,3.6944,3.7044,3.7009,3.7094,3.6994,3.7094,35
2026-01-28 06:42:00,3.7039,3.7129,3.6869,3.6869,3.7089,3.7179,3.6919,3.6919,43
2026-01-28 06:43:00,3.6874,3.6899,3.6859,3.6894,3.6924,3.6949,3.6909,3.6944,33
2026-01-28 06:44:00,3.6899,3.6949,3.6879,3.6939,3.6949,3.6999,3.6929,3.6989,34
2026-01-28 06:45:00,3.6929,3.6934,3.6889,3.6934,3.6979,3.6984,3.6939,3.6984,12
2026-01-28 06:46:00,3.6924,3.6924,3.6909,3.6909,3.6974,3.6974,3.6959,3.6959,2
2026-01-28 06:47:00,3.6914,3.6914,3.6914,3.6914,3.6964,3.6964,3.6964,3.6964,1
2026-01-28 06:48:00,3.6924,3.6929,3.6924,3.6929,3.6974,3.6979,3.6974,3.6979,2
2026-01-28 06:49:00,3.6924,3.6924,3.6799,3.6799,3.6974,3.6974,3.6849,3.6849,16
2026-01-28 06:50:00,3.6804,3.6869,3.6804,3.6869,3.6854,3.6919,3.6854,3.6919,20
2026-01-28 06:51:00,3.6879,3.6889,3.6859,3.6884,3.6929,3.6939,3.6909,3.6934,10
2026-01-28 06:52:00,3.6879,3.6879,3.6764,3.6779,3.6929,3.6929,3.6814,3.6829,14
2026-01-28 06:53:00,3.6774,3.6884,3.6774,3.6884,3.6824,3.6934,3.6824,3.6934,15
2026-01-28 06:54:00,3.6899,3.6914,3.6779,3.6779,3.6949,3.6964,3.6829,3.6829,25
2026-01-28 06:55:00,3.6774,3.6809,3.6774,3.6794,3.6824,3.6859,3.6824,3.6844,13
2026-01-28 06:56:00,3.6799,3.6829,3.6779,3.6809,3.6849,3.6879,3.6829,3.6859,13
2026-01-28 06:57:00,3.6814,3.6814,3.6784,3.6794,3.6864,3.6864,3.6834,3.6844,10
2026-01-28 06:58:00,3.6809,3.6849,3.6799,3.6834,3.6859,3.6899,3.6849,3.6884,18
2026-01-28 06:59:00,3.6839,3.6839,3.6814,3.6814,3.6889,3.6889,3.6864,3.6864,3
2026-01-28 07:00:00,3.6809,3.6809,3.6769,3.6789,3.6859,3.6859,3.6819,3.6839,13
2026-01-28 07:01:00,3.6784,3.6789,3.6739,3.6784,3.6834,3.6839,3.6789,3.6834,27
2026-01-28 07:02:00,3.6789,3.6794,3.6764,3.6794,3.6839,3.6844,3.6814,3.6844,21
2026-01-28 07:03:00,3.6799,3.6849,3.6799,3.6839,3.6849,3.6899,3.6849,3.6889,24
2026-01-28 07:04:00,3.6844,3.6939,3.6844,3.6899,3.6894,3.6989,3.6894,3.6949,39
2026-01-28 07:05:00,3.6904,3.6944,3.6904,3.6904,3.6954,3.6994,3.6954,3.6954,13
2026-01-28 07:06:00,3.6899,3.6919,3.6884,3.6884,3.6949,3.6969,3.6934,3.6934,9
2026-01-28 07:07:00,3.6874,3.6894,3.6789,3.6789,3.6924,3.6944,3.6839,3.6839,20
2026-01-28 07:08:00,3.6779,3.6779,3.6739,3.6769,3.6829,3.6829,3.6789,3.6819,12
2026-01-28 07:09:00,3.6759,3.6759,3.6639,3.6639,3.6809,3.6809,3.6689,3.6689,34
2026-01-28 07:10:00,3.6659,3.6689,3.6624,3.6629,3.6709,3.6739,3.6674,3.6679,20
2026-01-28 07:11:00,3.6634,3.6684,3.6524,3.6609,3.6684,3.6734,3.6574,3.6659,57
2026-01-28 07:12:00,3.6614,3.6639,3.6479,3.6529,3.6664,3.6689,3.6529,3.6579,49
2026-01-28 07:13:00,3.6539,3.6539,3.6469,3.6509,3.6589,3.6589,3.6519,3.6559,32
2026-01-28 07:14:00,3.6544,3.6574,3.6509,3.6564,3.6594,3.6624,3.6559,3.6614,27
2026-01-28 07:15:00,3.6569,3.6569,3.6459,3.6509,3.6619,3.6619,3.6509,3.6559,48
2026-01-28 07:16:00,3.6519,3.6544,3.6494,3.6539,3.6569,3.6594,3.6544,3.6589,33
2026-01-28 07:17:00,3.6544,3.6569,3.6509,3.6529,3.6594,3.6619,3.6559,3.6579,8
2026-01-28 07:18:00,3.6544,3.6549,3.6449,3.6449,3.6594,3.6599,3.6499,3.6499,28
2026-01-28 07:19:00,3.6454,3.6524,3.6454,3.6519,3.6504,3.6574,3.6504,3.6569,11
2026-01-28 07:20:00,3.6514,3.6579,3.6444,3.6444,3.6564,3.6629,3.6494,3.6494,24
2026-01-28 07:21:00,3.6449,3.6569,3.6439,3.6534,3.6499,3.6619,3.6489,3.6584,23
2026-01-28 07:22:00,3.6549,3.6549,3.6504,3.6514,3.6599,3.6599,3.6554,3.6564,18
2026-01-28 07:23:00,3.6519,3.6554,3.6519,3.6534,3.6569,3.6604,3.6569,3.6584,7
2026-01-28 07:24:00,3.6529,3.6664,3.6529,3.6584,3.6579,3.6714,3.6579,3.6634,33
2026-01-28 07:25:00,3.6589,3.6654,3.6574,3.6619,3.6639,3.6704,3.6624,3.6669,20
2026-01-28 07:26:00,3.6614,3.6664,3.6614,3.6664,3.6664,3.6714,3.6664,3.6714,11
2026-01-28 07:27:00,3.6669,3.6694,3.6659,3.6674,3.6719,3.6744,3.6709,3.6724,20
2026-01-28 07:28:00,3.6684,3.6759,3.6684,3.6749,3.6734,3.6809,3.6734,3.6799,22
2026-01-28 07:29:00,3.6754,3.6754,3.6699,3.6709,3.6804,3.6804,3.6749,3.6759,12
2026-01-28 07:30:00,3.6689,3.6689,3.6614,3.6664,3.6739,3.6739,3.6664,3.6714,21
2026-01-28 07:31:00,3.6674,3.6699,3.6674,3.6694,3.6724,3.6749,3.6724,3.6744,13
2026-01-28 07:32:00,3.6689,3.6689,3.6634,3.6644,3.6739,3.6739,3.6684,3.6694,9
2026-01-28 07:33:00,3.6649,3.6649,3.6624,3.6629,3.6699,3.6699,3.6674,3.6679,5
2026-01-28 07:34:00,3.6619,3.6704,3.6619,3.6704,3.6669,3.6754,3.6669,3.6754,14
2026-01-28 07:35:00,3.6694,3.6709,3.6669,3.6689,3.6744,3.6759,3.6719,3.6739,12
2026-01-28 07:36:00,3.6684,3.6709,3.6669,3.6709,3.6734,3.6759,3.6719,3.6759,9
2026-01-28 07:37:00,3.6704,3.6719,3.6704,3.6714,3.6754,3.6769,3.6754,3.6764,4
2026-01-28 07:38:00,3.6719,3.6719,3.6704,3.6714,3.6769,3.6769,3.6754,3.6764,5
2026-01-28 07:39:00,3.6709,3.6709,3.6699,3.6699,3.6759,3.6759,3.6749,3.6749,8
2026-01-28 07:40:00,3.6709,3.6714,3.6694,3.6704,3.6759,3.6764,3.6744,3.6754,11
2026-01-28 07:41:00,3.6699,3.6699,3.6694,3.6694,3.6749,3.6749,3.6744,3.6744,4
2026-01-28 07:42:00,3.6699,3.6769,3.6689,3.6744,3.6749,3.6819,3.6739,3.6794,17
2026-01-28 07:43:00,3.6739,3.6749,3.6704,3.6719,3.6789,3.6799,3.6754,3.6769,20
2026-01-28 07:44:00,3.6739,3.6774,3.6739,3.6774,3.6789,3.6824,3.6789,3.6824,8
2026-01-28 07:45:00,3.6779,3.6779,3.6749,3.6754,3.6829,3.6829,3.6799,3.6804,9
2026-01-28 07:46:00,3.6729,3.6749,3.6724,3.6734,3.6779,3.6799,3.6774,3.6784,7
2026-01-28 07:47:00,3.6729,3.6739,3.6699,3.6709,3.6779,3.6789,3.6749,3.6759,14
2026-01-28 07:48:00,3.6729,3.6744,3.6714,3.6734,3.6779,3.6794,3.6764,3.6784,11
2026-01-28 07:49:00,3.6739,3.6789,3.6739,3.6789,3.6789,3.6839,3.6789,3.6839,11
2026-01-28 07:50:00,3.6799,3.6799,3.6779,3.6794,3.6849,3.6849,3.6829,3.6844,8
2026-01-28 07:51:00,3.6779,3.6804,3.6779,3.6799,3.6829,3.6854,3.6829,3.6849,14
2026-01-28 07:52:00,3.6794,3.6804,3.6784,3.6804,3.6844,3.6854,3.6834,3.6854,7
2026-01-28 07:53:00,3.6799,3.6829,3.6764,3.6764,3.6849,3.6879,3.6814,3.6814,14
2026-01-28 07:54:00,3.6749,3.6764,3.6734,3.6754,3.6799,3.6814,3.6784,3.6804,12
2026-01-28 07:55:00,3.6749,3.6749,3.6739,3.6744,3.6799,3.6799,3.6789,3.6794,3
2026-01-28 07:56:00,3.6699,3.6699,3.6539,3.6559,3.6749,3.6749,3.6589,3.6609,25
2026-01-28 07:57:00,3.6564,3.6599,3.6564,3.6589,3.6614,3.6649,3.6614,3.6639,7
2026-01-28 07:58:00,3.6599,3.6619,3.6599,3.6604,3.6649,3.6669,3.6649,3.6654,9
2026-01-28 07:59:00,3.6594,3.6639,3.6584,3.6634,3.6644,3.6689,3.6634,3.6684,14
2026-01-28 08:00:00,3.6629,3.6629,3.6594,3.6609,3.6679,3.6679,3.6644,3.6659,13
2026-01-28 08:01:00,3.6619,3.6644,3.6619,3.6644,3.6669,3.6694,3.6669,3.6694,4
2026-01-28 08:02:00,3.6639,3.6644,3.6639,3.6644,3.6689,3.6694,3.6689,3.6694,2
2026-01-28 08:03:00,3.6664,3.6669,3.6644,3.6644,3.6714,3.6719,3.6694,3.6694,12
2026-01-28 08:06:00,3.6629,3.6629,3.6589,3.6594,3.6679,3.6679,3.6639,3.6644,26
2026-01-28 08:07:00,3.6589,3.6629,3.6579,3.6604,3.6639,3.6679,3.6629,3.6654,9
2026-01-28 08:08:00,3.6614,3.6634,3.6609,3.6634,3.6664,3.6684,3.6659,3.6684,5
2026-01-28 08:09:00,3.6639,3.6679,3.6639,3.6674,3.6689,3.6729,3.6689,3.6724,10
2026-01-28 08:10:00,3.6679,3.6729,3.6679,3.6724,3.6729,3.6779,3.6729,3.6774,9
2026-01-28 08:11:00,3.6719,3.6739,3.6704,3.6724,3.6769,3.6789,3.6754,3.6774,14
2026-01-28 08:12:00,3.6734,3.6769,3.6714,3.6739,3.6784,3.6819,3.6764,3.6789,16
2026-01-28 08:13:00,3.6734,3.6759,3.6729,3.6754,3.6784,3.6809,3.6779,3.6804,7
2026-01-28 08:14:00,3.6759,3.6794,3.6749,3.6749,3.6809,3.6844,3.6799,3.6799,11
2026-01-28 08:15:00,3.6734,3.6734,3.6609,3.6634,3.6784,3.6784,3.6659,3.6684,25
2026-01-28 08:16:00,3.6629,3.6659,3.6619,3.6639,3.6679,3.6709,3.6669,3.6689,13
2026-01-28 08:17:00,3.6659,3.6669,3.6634,3.6639,3.6709,3.6719,3.6684,3.6689,7
2026-01-28 08:18:00,3.6644,3.6644,3.6629,3.6634,3.6694,3.6694,3.6679,3.6684,4
2026-01-28 08:19:00,3.6629,3.6639,3.6589,3.6614,3.6679,3.6689,3.6639,3.6664,19
2026-01-28 08:20:00,3.6619,3.6644,3.6569,3.6599,3.6669,3.6694,3.6619,3.6649,18
2026-01-28 08:21:00,3.6594,3.6594,3.6594,3.6594,3.6644,3.6644,3.6644,3.6644,1
2026-01-28 08:22:00,3.6599,3.6639,3.6594,3.6639,3.6649,3.6689,3.6644,3.6689,14
2026-01-28 08:23:00,3.6629,3.6629,3.6574,3.6594,3.6679,3.6679,3.6624,3.6644,10
2026-01-28 08:24:00,3.6599,3.6629,3.6599,3.6604,3.6649,3.6679,3.6649,3.6654,13
2026-01-28 08:25:00,3.6594,3.6599,3.6594,3.6594,3.6644,3.6649,3.6644,3.6644,3
2026-01-28 08:26:00,3.6599,3.6649,3.6584,3.6589,3.6649,3.6699,3.6634,3.6639,17
2026-01-28 08:27:00,3.6584,3.6589,3.6584,3.6589,3.6649,3.6699,3.6634,3.6639,2
2026-01-28 08:28:00,3.6584,3.6584,3.6469,3.6474,3.6634,3.6639,3.6634,3.6639,17
2026-01-28 08:29:00,3.6479,3.6499,3.6464,3.6494,3.6634,3.6634,3.6519,3.6524,11
2026-01-28 08:30:00,3.6489,3.6519,3.6474,3.6514,3.6529,3.6549,3.6514,3.6544,20
2026-01-28 08:31:00,3.6509,3.6519,3.6504,3.6504,3.6539,3.6569,3.6524,3.6564,6
2026-01-28 08:32:00,3.6469,3.6499,3.6459,3.6494,3.6559,3.6569,3.6554,3.6554,14
2026-01-28 08:33:00,3.6504,3.6514,3.6504,3.6514,3.6519,3.6549,3.6509,3.6544,6
2026-01-28 08:34:00,3.6509,3.6524,3.6484,3.6524,3.6554,3.6564,3.6554,3.6564,10
2026-01-28 08:35:00,3.6529,3.6569,3.6524,3.6554,3.6559,3.6574,3.6534,3.6574,13
2026-01-28 08:36:00,3.6549,3.6559,3.6544,3.6549,3.6579,3.6619,3.6574,3.6604,8
2026-01-28 08:37:00,3.6559,3.6574,3.6539,3.6569,3.6599,3.6609,3.6594,3.6599,8
2026-01-28 08:38:00,3.6564,3.6609,3.6564,3.6584,3.6609,3.6624,3.6589,3.6619,7
2026-01-28 08:39:00,3.6589,3.6604,3.6519,3.6524,3.6614,3.6659,3.6614,3.6634,15
2026-01-28 08:40:00,3.6529,3.6554,3.6524,3.6554,3.6639,3.6654,3.6569,3.6574,5
2026-01-28 08:41:00,3.6559,3.6599,3.6549,3.6584,3.6579,3.6604,3.6574,3.6604,10
2026-01-28 08:42:00,3.6579,3.6609,3.6574,3.6604,3.6609,3.6649,3.6599,3.6634,13
2026-01-28 08:43:00,3.6609,3.6609,3.6579,3.6594,3.6629,3.6659,3.6624,3.6654,9
2026-01-28 08:44:00,3.6589,3.6589,3.6569,3.6569,3.6659,3.6659,3.6629,3.6644,4
2026-01-28 08:45:00,3.6564,3.6589,3.6554,3.6574,3.6639,3.6639,3.6619,3.6619,9
2026-01-28 08:46:00,3.6579,3.6604,3.6579,3.6599,3.6614,3.6639,3.6604,3.6624,8
2026-01-28 08:47:00,3.6604,3.6604,3.6574,3.6574,3.6629,3.6654,3.6629,3.6649,6
2026-01-28 08:48:00,3.6579,3.6584,3.6569,3.6569,3.6654,3.6654,3.6624,3.6624,3
2026-01-28 08:49:00,3.6584,3.6589,3.6579,3.6584,3.6629,3.6634,3.6619,3.6619,7
2026-01-28 08:50:00,3.6579,3.6579,3.6564,3.6564,3.6634,3.6639,3.6629,3.6634,4
2026-01-28 08:51:00,3.6559,3.6574,3.6559,3.6574,3.6629,3.6629,3.6614,3.6614,5
2026-01-28 08:52:00,3.6569,3.6619,3.6569,3.6609,3.6609,3.6624,3.6609,3.6624,11
2026-01-28 08:53:00,3.6604,3.6604,3.6599,3.6604,3.6619,3.6669,3.6619,3.6659,3
2026-01-28 08:54:00,3.6594,3.6594,3.6594,3.6594,3.6654,3.6654,3.6649,3.6654,1
2026-01-28 08:55:00,3.6589,3.6599,3.6589,3.6594,3.6644,3.6644,3.6644,3.6644,4
2026-01-28 08:56:00,3.6599,3.6599,3.6559,3.6559,3.6639,3.6649,3.6639,3.6644,7
2026-01-28 08:57:00,3.6569,3.6569,3.6544,3.6559,3.6649,3.6649,3.6609,3.6609,7
2026-01-28 08:58:00,3.6564,3.6564,3.6539,3.6539,3.6619,3.6619,3.6594,3.6609,5
2026-01-28 08:59:00,3.6529,3.6544,3.6519,3.6544,3.6614,3.6614,3.6589,3.6589,24
2026-01-28 09:00:00,3.6549,3.6624,3.6549,3.6599,3.6579,3.6594,3.6569,3.6594,15
2026-01-28 09:01:00,3.6594,3.6594,3.6594,3.6594,3.6599,3.6674,3.6599,3.6649,1
2026-01-28 09:02:00,3.6599,3.6619,3.6544,3.6549,3.6644,3.6644,3.6644,3.6644,21
2026-01-28 09:03:00,3.6554,3.6559,3.6554,3.6554,3.6649,3.6669,3.6594,3.6599,3
2026-01-28 09:04:00,3.6549,3.6584,3.6529,3.6574,3.6604,3.6609,3.6604,3.6604,18
2026-01-28 09:05:00,3.6579,3.6599,3.6574,3.6584,3.6599,3.6634,3.6579,3.6624,12
2026-01-28 09:06:00,3.6579,3.6589,3.6574,3.6574,3.6629,3.6649,3.6624,3.6634,5
2026-01-28 09:07:00,3.6579,3.6579,3.6574,3.6574,3.6629,3.6639,3.6624,3.6624,2
2026-01-28 09:08:00,3.6584,3.6599,3.6574,3.6589,3.6629,3.6629,3.6624,3.6624,13
2026-01-28 09:09:00,3.6574,3.6609,3.6574,3.6579,3.6634,3.6649,3.6624,3.6639,19
2026-01-28 09:10:00,3.6584,3.6589,3.6584,3.6584,3.6624,3.6659,3.6624,3.6629,5
2026-01-28 09:11:00,3.6569,3.6569,3.6519,3.6549,3.6634,3.6639,3.6634,3.6634,21
2026-01-28 09:12:00,3.6539,3.6544,3.6479,3.6484,3.6619,3.6619,3.6569,3.6599,16
2026-01-28 09:13:00,3.6509,3.6549,3.6499,3.6524,3.6589,3.6594,3.6529,3.6534,21
2026-01-28 09:14:00,3.6534,3.6534,3.6494,3.6504,3.6559,3.6599,3.6549,3.6574,8
2026-01-28 09:15:00,3.6494,3.6524,3.6494,3.6509,3.6584,3.6584,3.6544,3.6554,14
2026-01-28 09:16:00,3.6504,3.6529,3.6489,3.6519,3.6544,3.6574,3.6544,3.6559,15
2026-01-28 09:17:00,3.6529,3.6529,3.6509,3.6514,3.6554,3.6579,3.6539,3.6569,8
2026-01-28 09:18:00,3.6519,3.6519,3.6509,3.6514,3.6579,3.6579,3.6559,3.6564,6
2026-01-28 09:19:00,3.6519,3.6559,3.6519,3.6549,3.6569,3.6569,3.6559,3.6564,11
2026-01-28 09:20:00,3.6554,3.6554,3.6524,3.6539,3.6569,3.6609,3.6569,3.6599,14
2026-01-28 09:21:00,3.6534,3.6549,3.6519,3.6539,3.6604,3.6604,3.6574,3.6589,15
2026-01-28 09:22:00,3.6534,3.6539,3.6514,3.6524,3.6584,3.6599,3.6569,3.6589,13
2026-01-28 09:23:00,3.6519,3.6539,3.6519,3.6534,3.6584,3.6589,3.6564,3.6574,9
2026-01-28 09:24:00,3.6519,3.6529,3.6499,3.6529,3.6569,3.6589,3.6569,3.6584,24
2026-01-28 09:25:00,3.6519,3.6544,3.6509,3.6529,3.6569,3.6579,3.6549,3.6579,12
2026-01-28 09:26:00,3.6524,3.6529,3.6524,3.6529,3.6569,3.6594,3.6559,3.6579,2
2026-01-28 09:27:00,3.6519,3.6554,3.6509,3.6554,3.6574,3.6579,3.6574,3.6579,8
2026-01-28 09:28:00,3.6564,3.6629,3.6549,3.6624,3.6569,3.6604,3.6559,3.6604,18
2026-01-28 09:29:00,3.6629,3.6634,3.6569,3.6594,3.6614,3.6679,3.6599,3.6674,22
2026-01-28 09:30:00,3.6599,3.6689,3.6589,3.6689,3.6679,3.6684,3.6619,3.6644,18
2026-01-28 09:31:00,3.6694,3.6699,3.6674,3.6679,3.6649,3.6739,3.6639,3.6739,18
2026-01-28 09:32:00,3.6669,3.6699,3.6654,3.6664,3.6744,3.6749,3.6724,3.6729,14
2026-01-28 09:33:00,3.6654,3.6659,3.6604,3.6634,3.6719,3.6749,3.6704,3.6714,14
2026-01-28 09:34:00,3.6639,3.6649,3.6639,3.6644,3.6704,3.6709,3.6654,3.6684,6
2026-01-28 09:35:00,3.6639,3.6664,3.6639,3.6649,3.6689,3.6699,3.6689,3.6694,8
2026-01-28 09:36:00,3.6654,3.6659,3.6654,3.6654,3.6689,3.6714,3.6689,3.6699,3
2026-01-28 09:37:00,3.6659,3.6664,3.6649,3.6664,3.6704,3.6709,3.6704,3.6704,5
2026-01-28 09:38:00,3.6669,3.6669,3.6639,3.6639,3.6709,3.6714,3.6699,3.6714,8
2026-01-28 09:39:00,3.6644,3.6669,3.6644,3.6644,3.6719,3.6719,3.6689,3.6689,11
2026-01-28 09:40:00,3.6649,3.6669,3.6649,3.6664,3.6694,3.6719,3.6694,3.6694,6
2026-01-28 09:41:00,3.6669,3.6669,3.6634,3.6664,3.6699,3.6719,3.6699,3.6714,6
2026-01-28 09:42:00,3.6669,3.6729,3.6664,3.6709,3.6719,3.6719,3.6684,3.6714,13
2026-01-28 09:43:00,3.6724,3.6739,3.6724,3.6734,3.6719,3.6779,3.6714,3.6759,5
2026-01-28 09:44:00,3.6739,3.6764,3.6714,3.6734,3.6774,3.6789,3.6774,3.6784,17
2026-01-28 09:45:00,3.6739,3.6799,3.6729,3.6789,3.6789,3.6814,3.6764,3.6784,14
2026-01-28 09:46:00,3.6779,3.6784,3.6749,3.6749,3.6789,3.6849,3.6779,3.6839,11
2026-01-28 09:47:00,3.6744,3.6749,3.6729,3.6739,3.6829,3.6834,3.6799,3.6799,6
2026-01-28 09:48:00,3.6744,3.6759,3.6734,3.6734,3.6794,3.6799,3.6779,3.6789,5
2026-01-28 09:49:00,3.6739,3.6739,3.6729,3.6729,3.6794,3.6809,3.6784,3.6784,3
2026-01-28 09:50:00,3.6744,3.6774,3.6669,3.6679,3.6789,3.6789,3.6779,3.6779,16
2026-01-28 09:51:00,3.6674,3.6674,3.6629,3.6654,3.6794,3.6824,3.6719,3.6729,10
2026-01-28 09:52:00,3.6649,3.6679,3.6644,3.6674,3.6724,3.6724,3.6679,3.6704,8
2026-01-28 09:53:00,3.6664,3.6669,3.6654,3.6654,3.6699,3.6729,3.6694,3.6724,5
2026-01-28 09:54:00,3.6659,3.6694,3.6659,3.6694,3.6714,3.6719,3.6704,3.6704,8
2026-01-28 09:55:00,3.6684,3.6699,3.6684,3.6699,3.6709,3.6744,3.6709,3.6744,10
2026-01-28 09:56:00,3.6694,3.6719,3.6684,3.6684,3.6734,3.6749,3.6734,3.6749,14
2026-01-28 09:57:00,3.6679,3.6679,3.6629,3.6639,3.6744,3.6769,3.6734,3.6734,7
2026-01-28 09:58:00,3.6629,3.6694,3.6629,3.6694,3.6729,3.6729,3.6679,3.6689,10
2026-01-28 09:59:00,3.6684,3.6684,3.6619,3.6634,3.6679,3.6744,3.6679,3.6744,13
2026-01-28 10:00:00,3.6639,3.6659,3.6634,3.6644,3.6734,3.6734,3.6669,3.6684,10
2026-01-28 10:01:00,3.6634,3.6644,3.6619,3.6644,3.6689,3.6709,3.6684,3.6694,4
2026-01-28 10:02:00,3.6639,3.6639,3.6514,3.6514,3.6684,3.6694,3.6669,3.6694,18
2026-01-28 10:03:00,3.6519,3.6529,3.6514,3.6524,3.6689,3.6689,3.6564,3.6564,5
2026-01-28 10:04:00,3.6529,3.6534,3.6524,3.6524,3.6569,3.6579,3.6564,3.6574,3
2026-01-28 10:06:00,3.6529,3.6539,3.6479,3.6484,3.6579,3.6584,3.6574,3.6574,22
2026-01-28 10:07:00,3.6479,3.6489,3.6459,3.6474,3.6579,3.6589,3.6529,3.6534,17
2026-01-28 10:08:00,3.6469,3.6469,3.6459,3.6464,3.6529,3.6539,3.6509,3.6524,4
2026-01-28 10:09:00,3.6459,3.6459,3.6194,3.6294,3.6519,3.6519,3.6509,3.6514,70
2026-01-28 10:10:00,3.6299,3.6319,3.6289,3.6319,3.6509,3.6509,3.6244,3.6344,15
2026-01-28 10:11:00,3.6314,3.6329,3.6309,3.6314,3.6349,3.6369,3.6339,3.6369,18
2026-01-28 10:12:00,3.6309,3.6319,3.6289,3.6299,3.6364,3.6379,3.6359,3.6364,7
2026-01-28 10:13:00,3.6294,3.6294,3.6279,3.6289,3.6359,3.6369,3.6339,3.6349,5
2026-01-28 10:15:00,3.6299,3.6299,3.6284,3.6289,3.6344,3.6344,3.6329,3.6339,5
2026-01-28 10:16:00,3.6279,3.6284,3.6239,3.6239,3.6349,3.6349,3.6334,3.6339,13
2026-01-28 10:17:00,3.6234,3.6234,3.6189,3.6224,3.6329,3.6334,3.6289,3.6289,22
2026-01-28 10:18:00,3.6229,3.6269,3.6229,3.6264,3.6284,3.6284,3.6239,3.6274,14
2026-01-28 10:19:00,3.6269,3.6269,3.6174,3.6179,3.6279,3.6319,3.6279,3.6314,49
2026-01-28 10:20:00,3.6184,3.6229,3.6184,3.6184,3.6319,3.6319,3.6224,3.6229,21
2026-01-28 10:21:00,3.6179,3.6179,3.5914,3.5999,3.6234,3.6279,3.6234,3.6234,47
2026-01-28 10:22:00,3.5989,3.5989,3.5899,3.5904,3.6229,3.6229,3.5964,3.6049,45
2026-01-28 10:23:00,3.5899,3.5944,3.5899,3.5929,3.6039,3.6039,3.5949,3.5954,24
2026-01-28 10:24:00,3.5934,3.5939,3.5809,3.5829,3.5949,3.5994,3.5949,3.5979,35
2026-01-28 10:25:00,3.5834,3.5909,3.5809,3.5844,3.5984,3.5989,3.5859,3.5879,35
2026-01-28 10:26:00,3.5849,3.5874,3.5779,3.5784,3.5884,3.5959,3.5859,3.5894,30
2026-01-28 10:27:00,3.5789,3.5849,3.5789,3.5849,3.5899,3.5924,3.5829,3.5834,21
2026-01-28 10:28:00,3.5854,3.5859,3.5819,3.5824,3.5839,3.5899,3.5839,3.5899,17
2026-01-28 10:29:00,3.5829,3.5859,3.5829,3.5859,3.5904,3.5909,3.5869,3.5874,20
2026-01-28 10:30:00,3.5864,3.5949,3.5864,3.5944,3.5879,3.5909,3.5879,3.5909,23
2026-01-28 10:31:00,3.5949,3.5949,3.5919,3.5934,3.5914,3.5999,3.5914,3.5994,16
2026-01-28 10:32:00,3.5944,3.5949,3.5889,3.5889,3.5999,3.5999,3.5969,3.5984,36
2026-01-28 10:33:00,3.5879,3.5879,3.5824,3.5824,3.5994,3.5999,3.5939,3.5939,23
2026-01-28 10:34:00,3.5829,3.5849,3.5819,3.5839,3.5929,3.5929,3.5874,3.5874,11
2026-01-28 10:35:00,3.5834,3.5879,3.5834,3.5869,3.5879,3.5899,3.5869,3.5889,19
2026-01-28 10:36:00,3.5849,3.5859,3.5809,3.5859,3.5884,3.5929,3.5884,3.5919,14
2026-01-28 10:37:00,3.5854,3.5869,3.5839,3.5839,3.5899,3.5909,3.5859,3.5909,10
2026-01-28 10:38:00,3.5849,3.5864,3.5839,3.5849,3.5904,3.5919,3.5889,3.5889,12
2026-01-28 10:39:00,3.5844,3.5844,3.5759,3.5764,3.5899,3.5914,3.5889,3.5899,16
2026-01-28 10:40:00,3.5759,3.5759,3.5734,3.5739,3.5894,3.5894,3.5809,3.5814,14
2026-01-28 10:41:00,3.5734,3.5754,3.5719,3.5739,3.5809,3.5809,3.5784,3.5789,33
2026-01-28 10:42:00,3.5729,3.5729,3.5699,3.5704,3.5784,3.5804,3.5769,3.5789,25
2026-01-28 10:43:00,3.5709,3.5759,3.5709,3.5729,3.5779,3.5779,3.5749,3.5754,15
2026-01-28 10:44:00,3.5734,3.5744,3.5709,3.5709,3.5759,3.5809,3.5759,3.5779,11
2026-01-28 10:45:00,3.5699,3.5729,3.5684,3.5709,3.5784,3.5794,3.5759,3.5759,29
2026-01-28 10:46:00,3.5714,3.5719,3.5699,3.5719,3.5749,3.5779,3.5734,3.5759,21
2026-01-28 10:47:00,3.5714,3.5719,3.5679,3.5679,3.5764,3.5769,3.5749,3.5769,16
2026-01-28 10:48:00,3.5674,3.5699,3.5669,3.5689,3.5764,3.5769,3.5729,3.5729,13
2026-01-28 10:49:00,3.5694,3.5694,3.5689,3.5689,3.5724,3.5749,3.5719,3.5739,4
2026-01-28 10:50:00,3.5699,3.5729,3.5569,3.5619,3.5744,3.5744,3.5739,3.5739,38
2026-01-28 10:51:00,3.5614,3.5669,3.5599,3.5624,3.5749,3.5779,3.5619,3.5669,22
2026-01-28 10:52:00,3.5634,3.5649,3.5624,3.5644,3.5664,3.5719,3.5649,3.5674,13
2026-01-28 10:53:00,3.5654,3.5659,3.5634,3.5659,3.5684,3.5699,3.5674,3.5694,15
2026-01-28 10:54:00,3.5669,3.5709,3.5669,3.5674,3.5704,3.5709,3.5684,3.5709,27
2026-01-28 10:55:00,3.5679,3.5689,3.5669,3.5684,3.5719,3.5759,3.5719,3.5724,14
2026-01-28 10:56:00,3.5679,3.5709,3.5669,3.5669,3.5729,3.5739,3.5719,3.5734,13
2026-01-28 10:57:00,3.5679,3.5689,3.5669,3.5684,3.5729,3.5759,3.5719,3.5719,9
2026-01-28 10:58:00,3.5679,3.5679,3.5604,3.5619,3.5729,3.5739,3.5719,3.5734,21
2026-01-28 10:59:00,3.5624,3.5629,3.5579,3.5619,3.5729,3.5729,3.5654,3.5669,17
2026-01-28 11:00:00,3.5614,3.5629,3.5574,3.5594,3.5674,3.5679,3.5629,3.5669,19
2026-01-28 11:01:00,3.5589,3.5589,3.5559,3.5584,3.5664,3.5679,3.5624,3.5644,24
2026-01-28 11:02:00,3.5579,3.5579,3.5519,3.5524,3.5639,3.5639,3.5609,3.5634,15
2026-01-28 11:03:00,3.5519,3.5534,3.5449,3.5449,3.5629,3.5629,3.5569,3.5574,51
2026-01-28 11:04:00,3.5459,3.5499,3.5429,3.5494,3.5569,3.5584,3.5499,3.5499,25
2026-01-28 11:05:00,3.5489,3.5489,3.5419,3.5469,3.5509,3.5549,3.5479,3.5544,24
2026-01-28 11:06:00,3.5464,3.5494,3.5434,3.5479,3.5539,3.5539,3.5469,3.5519,15
2026-01-28 11:07:00,3.5484,3.5539,3.5484,3.5539,3.5514,3.5544,3.5484,3.5529,15
2026-01-28 11:08:00,3.5534,3.5589,3.5534,3.5579,3.5534,3.5589,3.5534,3.5589,25
2026-01-28 11:09:00,3.5589,3.5599,3.5579,3.5579,3.5584,3.5639,3.5584,3.5629,9
2026-01-28 11:10:00,3.5574,3.5609,3.5564,3.5594,3.5639,3.5649,3.5629,3.5629,22
2026-01-28 11:11:00,3.5589,3.5664,3.5559,3.5654,3.5624,3.5659,3.5614,3.5644,24
2026-01-28 11:12:00,3.5659,3.5684,3.5649,3.5659,3.5639,3.5714,3.5609,3.5704,25
2026-01-28 11:13:00,3.5664,3.5664,3.5634,3.5654,3.5709,3.5734,3.5699,3.5709,20
2026-01-28 11:14:00,3.5659,3.5679,3.5629,3.5629,3.5714,3.5714,3.5684,3.5704,14
2026-01-28 11:15:00,3.5624,3.5699,3.5624,3.5679,3.5709,3.5729,3.5679,3.5679,19
2026-01-28 11:16:00,3.5669,3.5679,3.5669,3.5674,3.5674,3.5749,3.5674,3.5729,13
2026-01-28 11:17:00,3.5684,3.5729,3.5674,3.5724,3.5719,3.5729,3.5719,3.5724,32
2026-01-28 11:18:00,3.5729,3.5824,3.5729,3.5824,3.5734,3.5779,3.5724,3.5774,30
2026-01-28 11:19:00,3.5829,3.5859,3.5809,3.5859,3.5779,3.5874,3.5779,3.5874,30
2026-01-28 11:20:00,3.5854,3.5859,3.5829,3.5849,3.5879,3.5909,3.5859,3.5909,18
2026-01-28 11:21:00,3.5844,3.5869,3.5844,3.5849,3.5904,3.5909,3.5879,3.5899,9
2026-01-28 11:22:00,3.5844,3.5879,3.5844,3.5869,3.5894,3.5919,3.5894,3.5899,9
2026-01-28 11:23:00,3.5859,3.5874,3.5839,3.5859,3.5894,3.5929,3.5894,3.5919,20
2026-01-28 11:24:00,3.5849,3.5874,3.5829,3.5874,3.5909,3.5924,3.5889,3.5909,20
2026-01-28 11:25:00,3.5859,3.5859,3.5809,3.5854,3.5899,3.5924,3.5879,3.5924,19
2026-01-28 11:26:00,3.5859,3.5864,3.5824,3.5824,3.5909,3.5909,3.5859,3.5904,9
2026-01-28 11:27:00,3.5819,3.5824,3.5799,3.5814,3.5909,3.5914,3.5874,3.5874,11
2026-01-28 11:28:00,3.5809,3.5809,3.5754,3.5794,3.5869,3.5874,3.5849,3.5864,17
2026-01-28 11:29:00,3.5789,3.5794,3.5734,3.5749,3.5859,3.5859,3.5804,3.5844,19
2026-01-28 11:30:00,3.5744,3.5744,3.5679,3.5694,3.5839,3.5844,3.5784,3.5799,19
2026-01-28 11:31:00,3.5689,3.5799,3.5679,3.5789,3.5794,3.5794,3.5729,3.5744,28
2026-01-28 11:32:00,3.5779,3.5794,3.5744,3.5774,3.5739,3.5849,3.5729,3.5839,18
2026-01-28 11:33:00,3.5779,3.5794,3.5764,3.5779,3.5829,3.5844,3.5794,3.5824,10
2026-01-28 11:34:00,3.5784,3.5799,3.5759,3.5799,3.5829,3.5844,3.5814,3.5829,21
2026-01-28 11:35:00,3.5794,3.5794,3.5739,3.5754,3.5834,3.5849,3.5809,3.5849,19
2026-01-28 11:36:00,3.5759,3.5774,3.5749,3.5774,3.5844,3.5844,3.5789,3.5804,15
2026-01-28 11:37:00,3.5759,3.5779,3.5749,3.5769,3.5809,3.5824,3.5799,3.5824,14
2026-01-28 11:38:00,3.5764,3.5764,3.5724,3.5749,3.5809,3.5829,3.5799,3.5819,13
2026-01-28 11:39:00,3.5754,3.5759,3.5719,3.5724,3.5814,3.5814,3.5774,3.5799,11
2026-01-28 11:40:00,3.5729,3.5749,3.5729,3.5749,3.5804,3.5809,3.5769,3.5774,6
2026-01-28 11:41:00,3.5754,3.5799,3.5739,3.5789,3.5779,3.5799,3.5779,3.5799,21
2026-01-28 11:42:00,3.5779,3.5779,3.5759,3.5764,3.5804,3.5849,3.5789,3.5839,8
2026-01-28 11:43:00,3.5769,3.5769,3.5669,3.5669,3.5829,3.5829,3.5809,3.5814,20
2026-01-28 11:44:00,3.5674,3.5719,3.5639,3.5704,3.5819,3.5819,3.5719,3.5719,27
2026-01-28 11:45:00,3.5709,3.5799,3.5689,3.5789,3.5724,3.5769,3.5689,3.5754,27
2026-01-28 11:46:00,3.5779,3.5779,3.5759,3.5769,3.5759,3.5849,3.5739,3.5839,10
2026-01-28 11:47:00,3.5784,3.5794,3.5739,3.5739,3.5829,3.5829,3.5809,3.5819,10
2026-01-28 11:48:00,3.5734,3.5774,3.5729,3.5774,3.5834,3.5844,3.5789,3.5789,7
2026-01-28 11:49:00,3.5779,3.5784,3.5779,3.5784,3.5784,3.5824,3.5779,3.5824,2
2026-01-28 11:50:00,3.5779,3.5794,3.5779,3.5789,3.5829,3.5834,3.5829,3.5834,9
2026-01-28 11:51:00,3.5794,3.5839,3.5794,3.5839,3.5829,3.5844,3.5829,3.5839,18
2026-01-28 11:52:00,3.5834,3.5864,3.5779,3.5844,3.5844,3.5889,3.5844,3.5889,25
2026-01-28 11:53:00,3.5839,3.5839,3.5784,3.5819,3.5884,3.5914,3.5829,3.5894,27
2026-01-28 11:54:00,3.5824,3.5824,3.5734,3.5759,3.5889,3.5889,3.5834,3.5869,15
2026-01-28 11:55:00,3.5754,3.5759,3.5744,3.5744,3.5874,3.5874,3.5784,3.5809,4
2026-01-28 11:56:00,3.5739,3.5739,3.5694,3.5694,3.5804,3.5809,3.5794,3.5794,9
2026-01-28 11:57:00,3.5704,3.5724,3.5704,3.5724,3.5789,3.5789,3.5744,3.5744,3
2026-01-28 11:58:00,3.5719,3.5779,3.5719,3.5744,3.5754,3.5774,3.5754,3.5774,14
2026-01-28 11:59:00,3.5734,3.5779,3.5729,3.5754,3.5769,3.5829,3.5769,3.5794,20
2026-01-28 12:00:00,3.5759,3.5859,3.5754,3.5839,3.5784,3.5829,3.5779,3.5804,26
2026-01-28 12:01:00,3.5834,3.5834,3.5809,3.5809,3.5809,3.5909,3.5804,3.5889,11
2026-01-28 12:02:00,3.5804,3.5834,3.5804,3.5819,3.5884,3.5884,3.5859,3.5859,15
2026-01-28 12:03:00,3.5829,3.5829,3.5809,3.5824,3.5854,3.5884,3.5854,3.5869,6
2026-01-28 12:05:00,3.5844,3.5884,3.5844,3.5879,3.5879,3.5879,3.5859,3.5874,21
2026-01-28 12:06:00,3.5874,3.5889,3.5844,3.5859,3.5894,3.5934,3.5894,3.5929,25
2026-01-28 12:07:00,3.5854,3.5859,3.5839,3.5854,3.5924,3.5939,3.5894,3.5909,11
2026-01-28 12:08:00,3.5849,3.5864,3.5779,3.5784,3.5904,3.5909,3.5889,3.5904,17
2026-01-28 12:09:00,3.5789,3.5824,3.5789,3.5799,3.5899,3.5914,3.5829,3.5834,16
2026-01-28 12:10:00,3.5804,3.5839,3.5794,3.5829,3.5839,3.5874,3.5839,3.5849,15
2026-01-28 12:11:00,3.5824,3.5824,3.5799,3.5814,3.5854,3.5889,3.5844,3.5879,12
2026-01-28 12:12:00,3.5804,3.5839,3.5794,3.5834,3.5874,3.5874,3.5849,3.5864,11
2026-01-28 12:13:00,3.5839,3.5879,3.5839,3.5879,3.5854,3.5889,3.5844,3.5884,6
2026-01-28 12:14:00,3.5884,3.5939,3.5884,3.5919,3.5889,3.5929,3.5889,3.5929,13
2026-01-28 12:15:00,3.5924,3.5999,3.5909,3.5999,3.5934,3.5989,3.5934,3.5969,27
2026-01-28 12:16:00,3.5989,3.5999,3.5954,3.5959,3.5974,3.6049,3.5959,3.6049,18
2026-01-28 12:17:00,3.5954,3.5969,3.5934,3.5964,3.6039,3.6049,3.6004,3.6009,18
2026-01-28 12:18:00,3.5959,3.5999,3.5959,3.5989,3.6004,3.6019,3.5984,3.6014,15
2026-01-28 12:19:00,3.5994,3.5999,3.5959,3.5959,3.6009,3.6049,3.6009,3.6039,9
2026-01-28 12:20:00,3.5954,3.5979,3.5949,3.5979,3.6044,3.6049,3.6009,3.6009,12
2026-01-28 12:21:00,3.5969,3.5974,3.5954,3.5969,3.6004,3.6029,3.5999,3.6029,9
2026-01-28 12:22:00,3.5979,3.5979,3.5964,3.5979,3.6019,3.6024,3.6004,3.6019,4
2026-01-28 12:23:00,3.5984,3.5999,3.5964,3.5964,3.6029,3.6029,3.6014,3.6029,14
2026-01-28 12:24:00,3.5959,3.5999,3.5949,3.5954,3.6034,3.6049,3.6014,3.6014,19
2026-01-28 12:25:00,3.5939,3.5939,3.5829,3.5864,3.6009,3.6049,3.5999,3.6004,37
2026-01-28 12:26:00,3.5849,3.5904,3.5829,3.5904,3.5989,3.5989,3.5879,3.5914,21
2026-01-28 12:27:00,3.5899,3.5899,3.5844,3.5864,3.5899,3.5954,3.5879,3.5954,14
2026-01-28 12:28:00,3.5869,3.5869,3.5869,3.5869,3.5949,3.5949,3.5894,3.5914,1
2026-01-28 12:29:00,3.5874,3.5909,3.5874,3.5899,3.5919,3.5919,3.5919,3.5919,6
2026-01-28 12:30:00,3.5894,3.5929,3.5869,3.5874,3.5924,3.5959,3.5924,3.5949,17
2026-01-28 12:31:00,3.5864,3.5939,3.5834,3.5924,3.5944,3.5979,3.5919,3.5924,21
2026-01-28 12:32:00,3.5919,3.5919,3.5869,3.5894,3.5914,3.5989,3.5884,3.5974,11
2026-01-28 12:33:00,3.5889,3.5899,3.5859,3.5859,3.5969,3.5969,3.5919,3.5944,7
2026-01-28 12:34:00,3.5864,3.5864,3.5854,3.5859,3.5939,3.5949,3.5909,3.5909,5
2026-01-28 12:35:00,3.5849,3.5939,3.5839,3.5929,3.5914,3.5914,3.5904,3.5909,20
2026-01-28 12:36:00,3.5924,3.5924,3.5919,3.5919,3.5899,3.5989,3.5889,3.5979,4
2026-01-28 12:37:00,3.5924,3.6029,3.5924,3.6024,3.5974,3.5974,3.5969,3.5969,24
2026-01-28 12:38:00,3.6029,3.6049,3.5994,3.6034,3.5974,3.6079,3.5974,3.6074,14
2026-01-28 12:39:00,3.6044,3.6044,3.6019,3.6024,3.6079,3.6099,3.6044,3.6084,13
2026-01-28 12:40:00,3.6019,3.6019,3.5994,3.6009,3.6094,3.6094,3.6069,3.6074,9
2026-01-28 12:41:00,3.6014,3.6159,3.6014,3.6159,3.6069,3.6069,3.6044,3.6059,35
2026-01-28 12:42:00,3.6149,3.6199,3.6134,3.6184,3.6064,3.6209,3.6064,3.6209,19
2026-01-28 12:43:00,3.6174,3.6184,3.6139,3.6164,3.6199,3.6249,3.6184,3.6234,23
2026-01-28 12:44:00,3.6159,3.6159,3.6144,3.6149,3.6224,3.6234,3.6189,3.6214,12
2026-01-28 12:45:00,3.6144,3.6204,3.6144,3.6184,3.6209,3.6209,3.6194,3.6199,17
2026-01-28 12:46:00,3.6189,3.6249,3.6179,3.6249,3.6194,3.6254,3.6194,3.6234,21
2026-01-28 12:47:00,3.6254,3.6299,3.6214,3.6214,3.6239,3.6299,3.6229,3.6299,39
2026-01-28 12:48:00,3.6204,3.6209,3.6189,3.6194,3.6304,3.6349,3.6264,3.6264,7
2026-01-28 12:49:00,3.6184,3.6204,3.6144,3.6174,3.6254,3.6259,3.6239,3.6244,33
2026-01-28 12:50:00,3.6179,3.6179,3.6164,3.6174,3.6234,3.6254,3.6194,3.6224,11
2026-01-28 12:51:00,3.6179,3.6179,3.6139,3.6139,3.6229,3.6229,3.6214,3.6224,17
2026-01-28 12:52:00,3.6129,3.6169,3.6039,3.6039,3.6229,3.6229,3.6189,3.6189,33
2026-01-28 12:53:00,3.6044,3.6054,3.5999,3.6054,3.6179,3.6219,3.6089,3.6089,19
2026-01-28 12:54:00,3.6044,3.6089,3.6044,3.6079,3.6094,3.6104,3.6049,3.6104,25
2026-01-28 12:55:00,3.6074,3.6079,3.6029,3.6064,3.6094,3.6139,3.6094,3.6129,20
2026-01-28 12:56:00,3.6054,3.6094,3.6014,3.6054,3.6124,3.6129,3.6079,3.6114,37
2026-01-28 12:57:00,3.6044,3.6084,3.6044,3.6059,3.6104,3.6144,3.6064,3.6104,15
2026-01-28 12:58:00,3.6054,3.6209,3.6049,3.6204,3.6094,3.6134,3.6094,3.6109,20
2026-01-28 12:59:00,3.6214,3.6289,3.6149,3.6164,3.6104,3.6259,3.6099,3.6254,38
2026-01-28 13:00:00,3.6169,3.6279,3.6169,3.6274,3.6264,3.6339,3.6199,3.6214,53
2026-01-28 13:01:00,3.6279,3.6319,3.6214,3.6214,3.6219,3.6329,3.6219,3.6324,21
2026-01-28 13:02:00,3.6209,3.6249,3.6199,3.6204,3.6329,3.6369,3.6264,3.6264,24
2026-01-28 13:03:00,3.6199,3.6244,3.6194,3.6224,3.6259,3.6299,3.6249,3.6254,18
2026-01-28 13:04:00,3.6229,3.6379,3.6229,3.6374,3.6249,3.6294,3.6244,3.6274,39
2026-01-28 13:05:00,3.6359,3.6389,3.6329,3.6379,3.6279,3.6429,3.6279,3.6424,31
2026-01-28 13:06:00,3.6374,3.6409,3.6364,3.6384,3.6409,3.6439,3.6379,3.6429,19
2026-01-28 13:07:00,3.6379,3.6459,3.6374,3.6429,3.6424,3.6459,3.6414,3.6434,25
2026-01-28 13:08:00,3.6444,3.6484,3.6409,3.6474,3.6429,3.6509,3.6424,3.6479,39
2026-01-28 13:09:00,3.6469,3.6504,3.6454,3.6459,3.6494,3.6534,3.6459,3.6524,25
2026-01-28 13:10:00,3.6454,3.6519,3.6454,3.6514,3.6519,3.6554,3.6504,3.6509,22
2026-01-28 13:11:00,3.6499,3.6634,3.6499,3.6594,3.6504,3.6569,3.6504,3.6564,59
2026-01-28 13:12:00,3.6589,3.6629,3.6559,3.6559,3.6549,3.6684,3.6549,3.6644,21
2026-01-28 13:13:00,3.6549,3.6559,3.6414,3.6484,3.6639,3.6679,3.6609,3.6609,53
2026-01-28 13:14:00,3.6479,3.6554,3.6479,3.6544,3.6599,3.6609,3.6464,3.6534,24
2026-01-28 13:15:00,3.6539,3.6649,3.6539,3.6644,3.6529,3.6604,3.6529,3.6594,43
2026-01-28 13:16:00,3.6634,3.6634,3.6519,3.6524,3.6589,3.6699,3.6589,3.6694,27
2026-01-28 13:17:00,3.6519,3.6549,3.6514,3.6549,3.6684,3.6684,3.6569,3.6574,23
2026-01-28 13:18:00,3.6554,3.6819,3.6534,3.6799,3.6569,3.6599,3.6564,3.6599,89
2026-01-28 13:19:00,3.6794,3.6869,3.6734,3.6849,3.6604,3.6869,3.6584,3.6849,54
2026-01-28 13:20:00,3.6829,3.6829,3.6699,3.6714,3.6844,3.6919,3.6784,3.6899,44
2026-01-28 13:21:00,3.6719,3.6749,3.6669,3.6669,3.6879,3.6879,3.6749,3.6764,27
2026-01-28 13:22:00,3.6659,3.6719,3.6564,3.6694,3.6769,3.6799,3.6719,3.6719,42
2026-01-28 13:23:00,3.6699,3.6809,3.6689,3.6789,3.6709,3.6769,3.6614,3.6744,34
2026-01-28 13:24:00,3.6779,3.6984,3.6779,3.6959,3.6749,3.6859,3.6739,3.6839,68
2026-01-28 13:25:00,3.6949,3.6974,3.6879,3.6954,3.6829,3.7034,3.6829,3.7009,52
2026-01-28 13:26:00,3.6944,3.6989,3.6814,3.6814,3.6999,3.7024,3.6929,3.7004,57
2026-01-28 13:27:00,3.6819,3.6939,3.6759,3.6844,3.6994,3.7039,3.6864,3.6864,61
2026-01-28 13:28:00,3.6839,3.6859,3.6799,3.6829,3.6869,3.6989,3.6809,3.6894,24
2026-01-28 13:29:00,3.6834,3.6914,3.6789,3.6889,3.6889,3.6909,3.6849,3.6879,66
2026-01-28 13:30:00,3.6884,3.6949,3.6849,3.6859,3.6884,3.6964,3.6839,3.6939,35
2026-01-28 13:31:00,3.6849,3.6909,3.6849,3.6889,3.6934,3.6999,3.6899,3.6909,27
2026-01-28 13:32:00,3.6884,3.7029,3.6884,3.7009,3.6899,3.6959,3.6899,3.6939,35
2026-01-28 13:33:00,3.7014,3.7034,3.6929,3.6939,3.6934,3.7079,3.6934,3.7059,46
2026-01-28 13:34:00,3.6934,3.6964,3.6859,3.6869,3.7064,3.7084,3.6979,3.6989,33
2026-01-28 13:35:00,3.6874,3.6884,3.6824,3.6829,3.6984,3.7014,3.6909,3.6919,33
2026-01-28 13:36:00,3.6839,3.7004,3.6834,3.6999,3.6924,3.6934,3.6874,3.6879,42
2026-01-28 13:37:00,3.7004,3.7084,3.6889,3.6904,3.6889,3.7054,3.6884,3.7049,58
2026-01-28 13:38:00,3.6914,3.6914,3.6849,3.6864,3.7054,3.7134,3.6939,3.6954,21
2026-01-28 13:39:00,3.6879,3.6889,3.6814,3.6874,3.6964,3.6964,3.6899,3.6914,46
2026-01-28 13:40:00,3.6869,3.6934,3.6839,3.6854,3.6929,3.6939,3.6864,3.6924,37
2026-01-28 13:41:00,3.6849,3.6849,3.6794,3.6794,3.6919,3.6984,3.6889,3.6904,21
2026-01-28 13:42:00,3.6759,3.6944,3.6754,3.6944,3.6899,3.6899,3.6844,3.6844,43
2026-01-28 13:43:00,3.6959,3.7124,3.6959,3.7064,3.6809,3.6994,3.6804,3.6994,62
2026-01-28 13:44:00,3.7069,3.7069,3.6849,3.6929,3.7009,3.7174,3.7009,3.7114,70
2026-01-28 13:45:00,3.6944,3.6944,3.6844,3.6864,3.7119,3.7119,3.6899,3.6979,31
2026-01-28 13:46:00,3.6859,3.6909,3.6794,3.6794,3.6994,3.6994,3.6894,3.6914,50
2026-01-28 13:47:00,3.6809,3.6869,3.6729,3.6829,3.6909,3.6959,3.6844,3.6844,62
2026-01-28 13:48:00,3.6824,3.6849,3.6629,3.6709,3.6859,3.6919,3.6779,3.6879,70
2026-01-28 13:49:00,3.6719,3.6789,3.6719,3.6789,3.6874,3.6899,3.6679,3.6759,33
2026-01-28 13:50:00,3.6784,3.6879,3.6784,3.6879,3.6769,3.6839,3.6769,3.6839,49
2026-01-28 13:51:00,3.6874,3.6874,3.6764,3.6809,3.6834,3.6929,3.6834,3.6929,44
2026-01-28 13:52:00,3.6819,3.6834,3.6759,3.6759,3.6924,3.6924,3.6814,3.6859,36
2026-01-28 13:53:00,3.6764,3.6769,3.6709,3.6714,3.6869,3.6884,3.6809,3.6809,27
2026-01-28 13:54:00,3.6719,3.6749,3.6509,3.6544,3.6814,3.6819,3.6759,3.6764,77
2026-01-28 13:55:00,3.6554,3.6629,3.6474,3.6484,3.6769,3.6799,3.6559,3.6594,77
2026-01-28 13:56:00,3.6459,3.6459,3.6349,3.6359,3.6604,3.6679,3.6524,3.6534,67
2026-01-28 13:57:00,3.6369,3.6389,3.6199,3.6279,3.6509,3.6509,3.6399,3.6409,109
2026-01-28 13:58:00,3.6269,3.6409,3.6249,3.6409,3.6419,3.6439,3.6249,3.6329,38
2026-01-28 13:59:00,3.6414,3.6419,3.6369,3.6389,3.6319,3.6459,3.6299,3.6459,29
2026-01-28 14:00:00,3.6399,3.6419,3.6289,3.6419,3.6464,3.6469,3.6419,3.6439,63
2026-01-28 14:01:00,3.6409,3.6489,3.6359,3.6479,3.6449,3.6469,3.6339,3.6469,82
2026-01-28 14:02:00,3.6464,3.6584,3.6444,3.6579,3.6459,3.6539,3.6409,3.6529,43
2026-01-28 14:03:00,3.6569,3.6599,3.6454,3.6504,3.6514,3.6634,3.6494,3.6629,65
2026-01-28 14:04:00,3.6494,3.6554,3.6419,3.6429,3.6619,3.6649,3.6504,3.6554,67
2026-01-28 14:05:00,3.6434,3.6459,3.6414,3.6439,3.6544,3.6604,3.6469,3.6479,36
2026-01-28 14:06:00,3.6434,3.6459,3.6279,3.6309,3.6484,3.6509,3.6464,3.6489,69
2026-01-28 14:07:00,3.6319,3.6439,3.6319,3.6404,3.6484,3.6509,3.6329,3.6359,65
2026-01-28 14:08:00,3.6399,3.6569,3.6379,3.6524,3.6369,3.6489,3.6369,3.6454,91
2026-01-28 14:09:00,3.6509,3.6529,3.6389,3.6424,3.6449,3.6619,3.6429,3.6574,65
2026-01-28 14:10:00,3.6429,3.6429,3.6299,3.6364,3.6559,3.6579,3.6439,3.6474,77
2026-01-28 14:11:00,3.6359,3.6439,3.6334,3.6424,3.6479,3.6479,3.6349,3.6414,55
2026-01-28 14:12:00,3.6419,3.6429,3.6319,3.6369,3.6409,3.6489,3.6384,3.6474,51
2026-01-28 14:13:00,3.6364,3.6369,3.6329,3.6359,3.6469,3.6479,3.6369,3.6419,16
2026-01-28 14:14:00,3.6354,3.6354,3.6249,3.6314,3.6414,3.6419,3.6379,3.6409,59
2026-01-28 14:15:00,3.6319,3.6444,3.6209,3.6424,3.6404,3.6404,3.6299,3.6364,81
2026-01-28 14:16:00,3.6419,3.6419,3.6344,3.6359,3.6369,3.6494,3.6259,3.6474,43
2026-01-28 14:17:00,3.6379,3.6409,3.6254,3.6319,3.6469,3.6469,3.6394,3.6409,66
2026-01-28 14:18:00,3.6309,3.6314,3.6169,3.6209,3.6429,3.6459,3.6304,3.6369,63
2026-01-28 14:19:00,3.6204,3.6209,3.6069,3.6084,3.6359,3.6364,3.6219,3.6259,90
2026-01-28 14:20:00,3.6079,3.6144,3.6074,3.6129,3.6254,3.6259,3.6119,3.6134,45
2026-01-28 14:21:00,3.6114,3.6314,3.6099,3.6269,3.6129,3.6194,3.6124,3.6179,66
2026-01-28 14:22:00,3.6259,3.6419,3.6199,3.6394,3.6164,3.6364,3.6149,3.6319,105
2026-01-28 14:23:00,3.6389,3.6389,3.6254,3.6309,3.6309,3.6469,3.6249,3.6444,58
2026-01-28 14:24:00,3.6329,3.6459,3.6289,3.6429,3.6439,3.6439,3.6304,3.6359,60
2026-01-28 14:25:00,3.6439,3.6644,3.6429,3.6539,3.6379,3.6509,3.6339,3.6479,61
2026-01-28 14:26:00,3.6534,3.6749,3.6504,3.6744,3.6489,3.6694,3.6479,3.6589,103
2026-01-28 14:27:00,3.6739,3.6774,3.6659,3.6774,3.6584,3.6799,3.6554,3.6794,72
2026-01-28 14:28:00,3.6779,3.6809,3.6759,3.6789,3.6789,3.6824,3.6709,3.6824,43
2026-01-28 14:29:00,3.6779,3.6884,3.6779,3.6834,3.6829,3.6859,3.6809,3.6839,38
2026-01-28 14:30:00,3.6839,3.6899,3.6819,3.6819,3.6829,3.6934,3.6829,3.6884,43
2026-01-28 14:31:00,3.6814,3.6874,3.6789,3.6854,3.6889,3.6949,3.6869,3.6869,56
2026-01-28 14:32:00,3.6849,3.6884,3.6709,3.6709,3.6864,3.6924,3.6839,3.6904,74
2026-01-28 14:33:00,3.6694,3.6789,3.6624,3.6789,3.6899,3.6934,3.6759,3.6759,58
2026-01-28 14:34:00,3.6784,3.6789,3.6524,3.6539,3.6744,3.6839,3.6674,3.6839,70
2026-01-28 14:35:00,3.6559,3.6564,3.6379,3.6404,3.6834,3.6839,3.6574,3.6589,58
2026-01-28 14:36:00,3.6414,3.6439,3.6369,3.6369,3.6609,3.6614,3.6429,3.6454,47
2026-01-28 14:37:00,3.6379,3.6454,3.6369,3.6399,3.6464,3.6489,3.6419,3.6419,71
2026-01-28 14:38:00,3.6394,3.6509,3.6394,3.6464,3.6429,3.6504,3.6419,3.6449,61
2026-01-28 14:39:00,3.6469,3.6499,3.6444,3.6469,3.6444,3.6559,3.6444,3.6514,43
2026-01-28 14:40:00,3.6479,3.6634,3.6464,3.6584,3.6519,3.6549,3.6494,3.6519,60
2026-01-28 14:41:00,3.6574,3.6584,3.6494,3.6539,3.6529,3.6684,3.6514,3.6634,43
2026-01-28 14:42:00,3.6534,3.6554,3.6419,3.6454,3.6624,3.6634,3.6544,3.6589,51
2026-01-28 14:43:00,3.6459,3.6549,3.6459,3.6509,3.6584,3.6604,3.6469,3.6504,52
2026-01-28 14:44:00,3.6519,3.6549,3.6474,3.6509,3.6509,3.6599,3.6509,3.6559,30
2026-01-28 14:45:00,3.6504,3.6559,3.6459,3.6524,3.6569,3.6599,3.6524,3.6559,39
2026-01-28 14:46:00,3.6519,3.6554,3.6419,3.6489,3.6554,3.6609,3.6509,3.6574,61
2026-01-28 14:47:00,3.6479,3.6479,3.6429,3.6474,3.6569,3.6604,3.6469,3.6539,15
2026-01-28 14:48:00,3.6479,3.6479,3.6369,3.6409,3.6529,3.6529,3.6479,3.6524,64
2026-01-28 14:49:00,3.6399,3.6454,3.6309,3.6449,3.6529,3.6529,3.6419,3.6459,95
2026-01-28 14:50:00,3.6464,3.6489,3.6419,3.6474,3.6449,3.6504,3.6359,3.6499,32
2026-01-28 14:51:00,3.6449,3.6449,3.6319,3.6329,3.6514,3.6539,3.6469,3.6524,70
2026-01-28 14:52:00,3.6334,3.6484,3.6329,3.6459,3.6499,3.6499,3.6369,3.6379,58
2026-01-28 14:53:00,3.6464,3.6499,3.6414,3.6434,3.6384,3.6534,3.6379,3.6509,52
2026-01-28 14:54:00,3.6429,3.6429,3.6379,3.6409,3.6514,3.6549,3.6464,3.6484,30
2026-01-28 14:55:00,3.6414,3.6439,3.6299,3.6374,3.6479,3.6479,3.6429,3.6459,79
2026-01-28 14:56:00,3.6384,3.6399,3.6289,3.6334,3.6464,3.6489,3.6349,3.6424,46
2026-01-28 14:57:00,3.6349,3.6424,3.6309,3.6399,3.6434,3.6449,3.6339,3.6384,64
2026-01-28 14:58:00,3.6394,3.6429,3.6364,3.6424,3.6399,3.6474,3.6359,3.6449,31
2026-01-28 14:59:00,3.6439,3.6459,3.6209,3.6259,3.6444,3.6479,3.6414,3.6474,65
2026-01-28 15:00:00,3.6249,3.6444,3.6214,3.6439,3.6489,3.6509,3.6259,3.6309,123
2026-01-28 15:01:00,3.6444,3.6489,3.6289,3.6309,3.6299,3.6494,3.6264,3.6489,113
2026-01-28 15:02:00,3.6319,3.6344,3.6149,3.6189,3.6494,3.6539,3.6339,3.6359,119
2026-01-28 15:03:00,3.6179,3.6209,3.6089,3.6194,3.6369,3.6394,3.6199,3.6239,102
2026-01-28 15:04:00,3.6189,3.6209,3.6139,3.6199,3.6229,3.6259,3.6139,3.6244,67
2026-01-28 15:05:00,3.6194,3.6289,3.6179,3.6249,3.6239,3.6259,3.6189,3.6249,87
2026-01-28 15:06:00,3.6244,3.6284,3.6129,3.6154,3.6244,3.6339,3.6229,3.6299,68
2026-01-28 15:07:00,3.6159,3.6299,3.6159,3.6284,3.6294,3.6334,3.6179,3.6204,60
2026-01-28 15:08:00,3.6289,3.6424,3.6279,3.6404,3.6209,3.6349,3.6209,3.6334,62
2026-01-28 15:09:00,3.6409,3.6584,3.6409,3.6549,3.6339,3.6474,3.6329,3.6454,87
2026-01-28 15:10:00,3.6559,3.6739,3.6559,3.6664,3.6459,3.6634,3.6459,3.6599,97
2026-01-28 15:11:00,3.6679,3.6809,3.6679,3.6794,3.6609,3.6789,3.6609,3.6714,70
2026-01-28 15:12:00,3.6789,3.6879,3.6764,3.6829,3.6729,3.6859,3.6729,3.6844,47
2026-01-28 15:13:00,3.6824,3.6884,3.6794,3.6869,3.6839,3.6929,3.6814,3.6879,51
2026-01-28 15:14:00,3.6879,3.6904,3.6769,3.6784,3.6874,3.6934,3.6844,3.6919,61
2026-01-28 15:15:00,3.6779,3.6949,3.6779,3.6939,3.6929,3.6954,3.6819,3.6834,61
2026-01-28 15:16:00,3.6934,3.6999,3.6829,3.6829,3.6829,3.6999,3.6829,3.6989,80
2026-01-28 15:17:00,3.6834,3.6859,3.6734,3.6799,3.6984,3.7049,3.6879,3.6879,69
2026-01-28 15:18:00,3.6804,3.6909,3.6749,3.6889,3.6884,3.6909,3.6784,3.6849,74
2026-01-28 15:19:00,3.6879,3.6949,3.6829,3.6879,3.6854,3.6959,3.6799,3.6939,45
2026-01-28 15:20:00,3.6884,3.7034,3.6844,3.6999,3.6929,3.6999,3.6879,3.6929,92
2026-01-28 15:21:00,3.7009,3.7049,3.6989,3.7019,3.6934,3.7084,3.6894,3.7049,47
2026-01-28 15:22:00,3.7024,3.7069,3.6884,3.6884,3.7059,3.7099,3.7039,3.7069,79
2026-01-28 15:23:00,3.6879,3.6924,3.6844,3.6879,3.7074,3.7119,3.6934,3.6934,51
2026-01-28 15:24:00,3.6889,3.7024,3.6889,3.6984,3.6929,3.6974,3.6894,3.6929,77
2026-01-28 15:25:00,3.6989,3.6989,3.6904,3.6929,3.6939,3.7074,3.6939,3.7034,63
2026-01-28 15:26:00,3.6919,3.6919,3.6809,3.6824,3.7039,3.7039,3.6954,3.6979,34
2026-01-28 15:27:00,3.6819,3.6929,3.6819,3.6884,3.6969,3.6969,3.6859,3.6874,59
2026-01-28 15:28:00,3.6889,3.6909,3.6839,3.6854,3.6869,3.6979,3.6869,3.6934,54
2026-01-28 15:29:00,3.6849,3.7009,3.6809,3.6989,3.6939,3.6959,3.6889,3.6904,72
2026-01-28 15:30:00,3.6984,3.7139,3.6879,3.7129,3.6899,3.7059,3.6859,3.7039,116
2026-01-28 15:31:00,3.7149,3.7259,3.7109,3.7214,3.7034,3.7189,3.6929,3.7179,186
2026-01-28 15:32:00,3.7204,3.7254,3.7139,3.7149,3.7199,3.7309,3.7159,3.7264,82
2026-01-28 15:33:00,3.7144,3.7149,3.7034,3.7044,3.7254,3.7304,3.7189,3.7199,83
2026-01-28 15:34:00,3.7054,3.7119,3.7049,3.7069,3.7194,3.7199,3.7084,3.7094,61
2026-01-28 15:35:00,3.7074,3.7159,3.7074,3.7114,3.7104,3.7169,3.7099,3.7119,67
2026-01-28 15:36:00,3.7119,3.7289,3.7089,3.7289,3.7124,3.7209,3.7124,3.7164,78
2026-01-28 15:37:00,3.7279,3.7329,3.7269,3.7289,3.7169,3.7339,3.7139,3.7339,71
2026-01-28 15:38:00,3.7299,3.7329,3.7269,3.7289,3.7329,3.7379,3.7319,3.7339,53
2026-01-28 15:39:00,3.7284,3.7339,3.7184,3.7259,3.7349,3.7379,3.7319,3.7339,74
2026-01-28 15:40:00,3.7269,3.7334,3.7189,3.7279,3.7334,3.7389,3.7234,3.7309,99
2026-01-28 15:41:00,3.7274,3.7309,3.7244,3.7254,3.7319,3.7384,3.7239,3.7329,53
2026-01-28 15:42:00,3.7259,3.7269,3.7159,3.7224,3.7324,3.7359,3.7294,3.7304,64
2026-01-28 15:43:00,3.7229,3.7259,3.7089,3.7179,3.7309,3.7319,3.7209,3.7274,90
2026-01-28 15:44:00,3.7174,3.7184,3.7094,3.7119,3.7279,3.7309,3.7139,3.7229,66
2026-01-28 15:45:00,3.7114,3.7179,3.7074,3.7134,3.7224,3.7234,3.7144,3.7169,42
2026-01-28 15:46:00,3.7139,3.7139,3.7009,3.7019,3.7164,3.7229,3.7124,3.7184,77
2026-01-28 15:47:00,3.7009,3.7029,3.6904,3.6939,3.7189,3.7189,3.7059,3.7069,85
2026-01-28 15:48:00,3.6934,3.6999,3.6909,3.6979,3.7059,3.7079,3.6954,3.6989,58
2026-01-28 15:49:00,3.6984,3.7039,3.6959,3.7029,3.6984,3.7049,3.6959,3.7029,63
2026-01-28 15:50:00,3.7019,3.7139,3.7019,3.7094,3.7034,3.7089,3.7009,3.7079,51
2026-01-28 15:51:00,3.7089,3.7159,3.7029,3.7139,3.7069,3.7189,3.7069,3.7144,67
2026-01-28 15:52:00,3.7134,3.7149,3.7069,3.7079,3.7139,3.7209,3.7079,3.7189,62
2026-01-28 15:53:00,3.7084,3.7129,3.7059,3.7099,3.7184,3.7199,3.7119,3.7129,62
2026-01-28 15:54:00,3.7094,3.7139,3.7019,3.7059,3.7134,3.7179,3.7109,3.7149,84
2026-01-28 15:55:00,3.7054,3.7144,3.7049,3.7069,3.7144,3.7189,3.7069,3.7109,60
2026-01-28 15:56:00,3.7079,3.7094,3.6999,3.7049,3.7104,3.7194,3.7099,3.7119,54
2026-01-28 15:57:00,3.7039,3.7119,3.7029,3.7074,3.7129,3.7144,3.7049,3.7099,64
2026-01-28 15:58:00,3.7069,3.7094,3.7029,3.7044,3.7089,3.7169,3.7079,3.7124,46
2026-01-28 15:59:00,3.7049,3.7179,3.7039,3.7169,3.7119,3.7144,3.7079,3.7094,69
2026-01-28 16:00:00,3.7159,3.7159,3.7049,3.7064,3.7099,3.7229,3.7089,3.7219,69
2026-01-28 16:01:00,3.7069,3.7124,3.7019,3.7049,3.7209,3.7209,3.7099,3.7114,70
2026-01-28 16:02:00,3.7059,3.7209,3.7049,3.7119,3.7119,3.7174,3.7069,3.7099,65
2026-01-28 16:03:00,3.7109,3.7109,3.6934,3.7029,3.7109,3.7259,3.7099,3.7169,92
2026-01-28 16:04:00,3.7019,3.7124,3.7019,3.7074,3.7159,3.7159,3.6984,3.7079,82
2026-01-28 16:05:00,3.7079,3.7089,3.6999,3.7029,3.7069,3.7174,3.7069,3.7124,37
2026-01-28 16:06:00,3.7024,3.7089,3.6984,3.7029,3.7129,3.7139,3.7049,3.7079,70
2026-01-28 16:07:00,3.7014,3.7119,3.6974,3.7049,3.7074,3.7139,3.7034,3.7079,61
2026-01-28 16:08:00,3.7059,3.7089,3.6954,3.6989,3.7064,3.7169,3.7024,3.7099,52
2026-01-28 16:09:00,3.6994,3.7009,3.6879,3.6914,3.7109,3.7139,3.7004,3.7039,55
2026-01-28 16:10:00,3.6919,3.6979,3.6909,3.6939,3.7044,3.7059,3.6929,3.6964,42
2026-01-28 16:11:00,3.6929,3.6979,3.6849,3.6859,3.6969,3.7029,3.6959,3.6989,49
2026-01-28 16:12:00,3.6864,3.6989,3.6849,3.6899,3.6979,3.7029,3.6899,3.6909,76
2026-01-28 16:13:00,3.6889,3.6889,3.6829,3.6849,3.6914,3.7039,3.6899,3.6949,38
2026-01-28 16:14:00,3.6854,3.7014,3.6819,3.7014,3.6939,3.6939,3.6879,3.6899,104
2026-01-28 16:15:00,3.7024,3.7049,3.6989,3.7009,3.6904,3.7064,3.6869,3.7064,53
2026-01-28 16:16:00,3.7014,3.7074,3.6994,3.6999,3.7074,3.7099,3.7039,3.7059,54
2026-01-28 16:17:00,3.7004,3.7099,3.7004,3.7089,3.7064,3.7124,3.7044,3.7049,45
2026-01-28 16:18:00,3.7079,3.7254,3.7079,3.7229,3.7054,3.7149,3.7054,3.7139,65
2026-01-28 16:19:00,3.7234,3.7414,3.7229,3.7389,3.7129,3.7304,3.7129,3.7279,77
2026-01-28 16:20:00,3.7394,3.7464,3.7394,3.7409,3.7284,3.7464,3.7279,3.7439,54
2026-01-28 16:21:00,3.7414,3.7494,3.7409,3.7489,3.7444,3.7514,3.7444,3.7459,76
2026-01-28 16:22:00,3.7479,3.7549,3.7469,3.7529,3.7464,3.7544,3.7459,3.7539,65
2026-01-28 16:23:00,3.7539,3.7569,3.7479,3.7489,3.7529,3.7599,3.7519,3.7579,58
2026-01-28 16:24:00,3.7494,3.7624,3.7479,3.7534,3.7589,3.7619,3.7529,3.7539,112
2026-01-28 16:25:00,3.7529,3.7574,3.7499,3.7549,3.7544,3.7674,3.7529,3.7584,53
2026-01-28 16:26:00,3.7554,3.7669,3.7554,3.7594,3.7579,3.7624,3.7549,3.7599,86
2026-01-28 16:27:00,3.7599,3.7669,3.7574,3.7659,3.7604,3.7719,3.7604,3.7644,52
2026-01-28 16:28:00,3.7669,3.7749,3.7659,3.7749,3.7649,3.7719,3.7624,3.7709,75
2026-01-28 16:29:00,3.7754,3.7829,3.7749,3.7804,3.7719,3.7799,3.7709,3.7799,83
2026-01-28 16:30:00,3.7809,3.7884,3.7799,3.7804,3.7804,3.7879,3.7799,3.7854,71
2026-01-28 16:31:00,3.7809,3.7909,3.7809,3.7874,3.7859,3.7934,3.7849,3.7854,62
2026-01-28 16:32:00,3.7869,3.7889,3.7799,3.7804,3.7859,3.7959,3.7859,3.7924,60
2026-01-28 16:33:00,3.7799,3.7869,3.7754,3.7789,3.7919,3.7939,3.7849,3.7854,88
2026-01-28 16:34:00,3.7784,3.7809,3.7709,3.7729,3.7849,3.7919,3.7804,3.7839,61
2026-01-28 16:35:00,3.7734,3.7804,3.7709,3.7794,3.7834,3.7859,3.7759,3.7779,81
2026-01-28 16:36:00,3.7789,3.7909,3.7789,3.7859,3.7784,3.7854,3.7759,3.7844,82
2026-01-28 16:37:00,3.7854,3.8019,3.7854,3.7939,3.7839,3.7959,3.7839,3.7909,104
2026-01-28 16:38:00,3.7949,3.7969,3.7884,3.7884,3.7904,3.8069,3.7904,3.7989,53
2026-01-28 16:39:00,3.7894,3.7989,3.7869,3.7989,3.7999,3.8019,3.7934,3.7934,49
2026-01-28 16:40:00,3.7999,3.8104,3.7999,3.8079,3.7944,3.8039,3.7919,3.8039,86
2026-01-28 16:41:00,3.8094,3.8134,3.8009,3.8019,3.8049,3.8154,3.8049,3.8129,74
2026-01-28 16:42:00,3.8024,3.8129,3.8024,3.8074,3.8144,3.8184,3.8059,3.8069,79
2026-01-28 16:43:00,3.8084,3.8109,3.7989,3.8094,3.8074,3.8179,3.8074,3.8124,96
2026-01-28 16:44:00,3.8099,3.8219,3.8099,3.8184,3.8134,3.8159,3.8039,3.8144,86
2026-01-28 16:45:00,3.8189,3.8209,3.8169,3.8189,3.8149,3.8269,3.8149,3.8234,52
2026-01-28 16:46:00,3.8179,3.8219,3.8159,3.8219,3.8239,3.8259,3.8219,3.8239,49
2026-01-28 16:47:00,3.8209,3.8214,3.8069,3.8074,3.8229,3.8269,3.8209,3.8269,70
2026-01-28 16:48:00,3.8069,3.8199,3.8059,3.8139,3.8259,3.8264,3.8119,3.8124,56
2026-01-28 16:49:00,3.8134,3.8234,3.8129,3.8189,3.8119,3.8249,3.8109,3.8189,71
2026-01-28 16:50:00,3.8194,3.8304,3.8149,3.8279,3.8184,3.8284,3.8179,3.8239,76
2026-01-28 16:51:00,3.8269,3.8299,3.8199,3.8199,3.8244,3.8354,3.8199,3.8329,47
2026-01-28 16:52:00,3.8209,3.8269,3.8209,3.8249,3.8319,3.8349,3.8249,3.8249,32
2026-01-28 16:53:00,3.8239,3.8309,3.8209,3.8299,3.8259,3.8319,3.8259,3.8299,56
2026-01-28 16:54:00,3.8309,3.8379,3.8259,3.8269,3.8289,3.8359,3.8259,3.8349,89
2026-01-28 16:55:00,3.8274,3.8299,3.8224,3.8299,3.8359,3.8429,3.8309,3.8319,68
2026-01-28 16:56:00,3.8289,3.8369,3.8259,3.8309,3.8324,3.8349,3.8274,3.8349,73
2026-01-28 16:57:00,3.8299,3.8329,3.8289,3.8299,3.8339,3.8419,3.8309,3.8359,58
2026-01-28 16:58:00,3.8304,3.8339,3.8219,3.8234,3.8349,3.8379,3.8339,3.8349,65
2026-01-28 16:59:00,3.8229,3.8274,3.8199,3.8259,3.8354,3.8389,3.8269,3.8284,63
2026-01-28 17:00:00,3.8254,3.8344,3.8244,3.8324,3.8279,3.8324,3.8249,3.8309,79
2026-01-28 17:01:00,3.8319,3.8329,3.8209,3.8214,3.8304,3.8394,3.8294,3.8374,50
2026-01-28 17:02:00,3.8219,3.8379,3.8129,3.8359,3.8369,3.8379,3.8259,3.8264,125
2026-01-28 17:03:00,3.8354,3.8394,3.8279,3.8364,3.8269,3.8429,3.8179,3.8409,98
2026-01-28 17:04:00,3.8369,3.8469,3.8369,3.8439,3.8404,3.8444,3.8329,3.8414,92
2026-01-28 17:05:00,3.8444,3.8464,3.8294,3.8314,3.8419,3.8519,3.8419,3.8489,65
2026-01-28 17:06:00,3.8319,3.8389,3.8309,3.8369,3.8494,3.8514,3.8344,3.8364,34
2026-01-28 17:07:00,3.8374,3.8439,3.8374,3.8404,3.8369,3.8439,3.8359,3.8419,45
2026-01-28 17:08:00,3.8399,3.8399,3.8279,3.8319,3.8424,3.8489,3.8424,3.8454,49
2026-01-28 17:09:00,3.8329,3.8399,3.8329,3.8379,3.8449,3.8449,3.8329,3.8369,50
2026-01-28 17:10:00,3.8384,3.8384,3.8139,3.8149,3.8379,3.8449,3.8379,3.8429,74
2026-01-28 17:11:00,3.8139,3.8169,3.8069,3.8104,3.8434,3.8434,3.8189,3.8199,70
2026-01-28 17:12:00,3.8099,3.8109,3.8049,3.8069,3.8189,3.8219,3.8119,3.8154,67
2026-01-28 17:13:00,3.8074,3.8219,3.8074,3.8209,3.8149,3.8159,3.8099,3.8119,70
2026-01-28 17:14:00,3.8199,3.8219,3.8119,3.8144,3.8124,3.8269,3.8124,3.8259,53
2026-01-28 17:15:00,3.8149,3.8204,3.8149,3.8199,3.8249,3.8269,3.8169,3.8194,56
2026-01-28 17:16:00,3.8204,3.8234,3.8159,3.8174,3.8199,3.8254,3.8199,3.8249,58
2026-01-28 17:17:00,3.8179,3.8244,3.8169,3.8204,3.8254,3.8284,3.8209,3.8224,52
2026-01-28 17:18:00,3.8209,3.8219,3.8169,3.8219,3.8229,3.8294,3.8219,3.8254,39
2026-01-28 17:19:00,3.8224,3.8249,3.8184,3.8219,3.8259,3.8269,3.8219,3.8269,40
2026-01-28 17:20:00,3.8224,3.8344,3.8224,3.8309,3.8274,3.8299,3.8234,3.8269,72
2026-01-28 17:21:00,3.8319,3.8359,3.8299,3.8329,3.8274,3.8394,3.8274,3.8359,48
2026-01-28 17:22:00,3.8334,3.8399,3.8309,3.8354,3.8369,3.8409,3.8349,3.8379,58
2026-01-28 17:23:00,3.8344,3.8439,3.8329,3.8409,3.8384,3.8449,3.8359,3.8404,65
2026-01-28 17:24:00,3.8419,3.8499,3.8419,3.8469,3.8394,3.8489,3.8379,3.8459,88
2026-01-28 17:25:00,3.8479,3.8579,3.8469,3.8579,3.8469,3.8549,3.8469,3.8519,83
2026-01-28 17:26:00,3.8574,3.8619,3.8559,3.8599,3.8529,3.8629,3.8519,3.8629,76
2026-01-28 17:27:00,3.8594,3.8639,3.8549,3.8569,3.8624,3.8669,3.8609,3.8649,72
2026-01-28 17:28:00,3.8559,3.8599,3.8539,3.8599,3.8644,3.8689,3.8599,3.8619,68
2026-01-28 17:29:00,3.8594,3.8594,3.8479,3.8489,3.8609,3.8649,3.8589,3.8649,79
2026-01-28 17:30:00,3.8484,3.8529,3.8479,3.8494,3.8644,3.8644,3.8529,3.8539,50
2026-01-28 17:31:00,3.8484,3.8484,3.8304,3.8339,3.8534,3.8579,3.8529,3.8544,93
2026-01-28 17:32:00,3.8334,3.8359,3.8299,3.8314,3.8534,3.8534,3.8354,3.8389,46
2026-01-28 17:33:00,3.8304,3.8399,3.8304,3.8379,3.8384,3.8409,3.8349,3.8364,58
2026-01-28 17:34:00,3.8389,3.8469,3.8379,3.8454,3.8354,3.8449,3.8354,3.8429,68
2026-01-28 17:35:00,3.8459,3.8474,3.8379,3.8409,3.8439,3.8519,3.8429,3.8504,64
2026-01-28 17:36:00,3.8414,3.8459,3.8409,3.8449,3.8509,3.8524,3.8429,3.8459,28
2026-01-28 17:37:00,3.8454,3.8479,3.8429,3.8444,3.8464,3.8509,3.8459,3.8499,53
2026-01-28 17:38:00,3.8439,3.8459,3.8399,3.8434,3.8504,3.8529,3.8479,3.8494,34
2026-01-28 17:39:00,3.8429,3.8439,3.8409,3.8429,3.8489,3.8509,3.8449,3.8484,23
2026-01-28 17:40:00,3.8434,3.8444,3.8389,3.8419,3.8479,3.8489,3.8459,3.8479,31
2026-01-28 17:41:00,3.8409,3.8409,3.8319,3.8334,3.8484,3.8494,3.8439,3.8469,47
2026-01-28 17:42:00,3.8319,3.8399,3.8319,3.8394,3.8459,3.8459,3.8369,3.8384,39
2026-01-28 17:43:00,3.8399,3.8454,3.8334,3.8374,3.8449,3.8504,3.8384,3.8424,53
2026-01-28 17:44:00,3.8369,3.8399,3.8369,3.8374,3.8419,3.8449,3.8419,3.8424,24
2026-01-28 17:45:00,3.8379,3.8419,3.8374,3.8414,3.8429,3.8469,3.8424,3.8464,36
2026-01-28 17:46:00,3.8409,3.8409,3.8334,3.8334,3.8459,3.8459,3.8384,3.8384,59
2026-01-28 17:47:00,3.8344,3.8389,3.8279,3.8369,3.8394,3.8439,3.8329,3.8419,79
2026-01-28 17:48:00,3.8364,3.8374,3.8179,3.8229,3.8414,3.8424,3.8229,3.8279,63
2026-01-28 17:49:00,3.8234,3.8249,3.8174,3.8209,3.8284,3.8299,3.8224,3.8259,70
2026-01-28 17:50:00,3.8214,3.8344,3.8214,3.8334,3.8264,3.8394,3.8264,3.8384,64
2026-01-28 17:51:00,3.8329,3.8329,3.8219,3.8229,3.8379,3.8379,3.8269,3.8279,59
2026-01-28 17:52:00,3.8234,3.8289,3.8174,3.8259,3.8284,3.8339,3.8224,3.8309,49
2026-01-28 17:53:00,3.8264,3.8264,3.8144,3.8164,3.8314,3.8314,3.8194,3.8214,55
2026-01-28 17:54:00,3.8159,3.8199,3.8119,3.8129,3.8209,3.8249,3.8169,3.8179,48
2026-01-28 17:55:00,3.8119,3.8209,3.8114,3.8199,3.8169,3.8259,3.8164,3.8249,61
2026-01-28 17:56:00,3.8209,3.8259,3.8164,3.8174,3.8259,3.8309,3.8214,3.8224,37
2026-01-28 17:57:00,3.8179,3.8204,3.8159,3.8169,3.8229,3.8254,3.8209,3.8219,27
2026-01-28 17:58:00,3.8159,3.8164,3.8044,3.8069,3.8209,3.8214,3.8094,3.8119,50
2026-01-28 17:59:00,3.8059,3.8109,3.8044,3.8074,3.8109,3.8159,3.8094,3.8124,32
2026-01-28 18:00:00,3.8069,3.8229,3.8044,3.8209,3.8119,3.8279,3.8094,3.8259,88
2026-01-28 18:01:00,3.8214,3.8269,3.8189,3.8249,3.8264,3.8319,3.8239,3.8299,44
2026-01-28 18:02:00,3.8209,3.8209,3.8079,3.8139,3.8259,3.8259,3.8129,3.8189,54
2026-01-28 18:03:00,3.8134,3.8139,3.8079,3.8129,3.8184,3.8189,3.8129,3.8179,27
2026-01-28 18:04:00,3.8134,3.8179,3.8119,3.8164,3.8184,3.8229,3.8169,3.8214,78
2026-01-28 18:05:00,3.8169,3.8219,3.8119,3.8189,3.8219,3.8269,3.8169,3.8239,56
2026-01-28 18:06:00,3.8184,3.8259,3.8174,3.8199,3.8234,3.8309,3.8224,3.8249,43
2026-01-28 18:07:00,3.8194,3.8229,3.8194,3.8219,3.8244,3.8279,3.8244,3.8269,28
2026-01-28 18:08:00,3.8209,3.8219,3.8159,3.8169,3.8259,3.8269,3.8209,3.8219,25
2026-01-28 18:09:00,3.8159,3.8189,3.8139,3.8179,3.8209,3.8239,3.8189,3.8229,42
2026-01-28 18:10:00,3.8189,3.8249,3.8144,3.8159,3.8239,3.8299,3.8194,3.8209,52
2026-01-28 18:11:00,3.8164,3.8179,3.8089,3.8139,3.8214,3.8229,3.8139,3.8189,48
2026-01-28 18:12:00,3.8144,3.8239,3.8144,3.8194,3.8194,3.8289,3.8194,3.8244,37
2026-01-28 18:13:00,3.8199,3.8209,3.8129,3.8209,3.8249,3.8259,3.8179,3.8259,24
2026-01-28 18:14:00,3.8204,3.8239,3.8164,3.8189,3.8254,3.8289,3.8214,3.8239,29
2026-01-28 18:15:00,3.8194,3.8219,3.8169,3.8199,3.8244,3.8269,3.8219,3.8249,33
2026-01-28 18:16:00,3.8194,3.8269,3.8189,3.8254,3.8244,3.8319,3.8239,3.8304,30
2026-01-28 18:17:00,3.8259,3.8369,3.8259,3.8339,3.8309,3.8419,3.8309,3.8389,58
2026-01-28 18:18:00,3.8349,3.8419,3.8344,3.8369,3.8399,3.8469,3.8394,3.8419,55
2026-01-28 18:19:00,3.8364,3.8419,3.8364,3.8369,3.8414,3.8469,3.8414,3.8419,24
2026-01-28 18:20:00,3.8379,3.8439,3.8359,3.8429,3.8429,3.8489,3.8409,3.8479,36
2026-01-28 18:21:00,3.8434,3.8449,3.8379,3.8409,3.8484,3.8499,3.8429,3.8459,38
2026-01-28 18:22:00,3.8404,3.8449,3.8404,3.8439,3.8454,3.8499,3.8454,3.8489,29
2026-01-28 18:23:00,3.8444,3.8464,3.8394,3.8449,3.8494,3.8514,3.8444,3.8499,28
2026-01-28 18:24:00,3.8454,3.8534,3.8449,3.8519,3.8504,3.8584,3.8499,3.8569,46
2026-01-28 18:25:00,3.8529,3.8554,3.8489,3.8489,3.8579,3.8604,3.8539,3.8539,33
2026-01-28 18:26:00,3.8484,3.8539,3.8469,3.8504,3.8534,3.8589,3.8519,3.8554,37
2026-01-28 18:27:00,3.8509,3.8519,3.8414,3.8424,3.8559,3.8569,3.8464,3.8474,27
2026-01-28 18:28:00,3.8419,3.8439,3.8409,3.8429,3.8469,3.8489,3.8459,3.8479,22
2026-01-28 18:29:00,3.8439,3.8449,3.8334,3.8369,3.8489,3.8499,3.8384,3.8419,52
2026-01-28 18:30:00,3.8374,3.8374,3.8219,3.8219,3.8424,3.8424,3.8269,3.8269,55
2026-01-28 18:31:00,3.8224,3.8239,3.8189,3.8199,3.8274,3.8289,3.8239,3.8249,41
2026-01-28 18:32:00,3.8209,3.8209,3.8129,3.8139,3.8259,3.8259,3.8179,3.8189,62
2026-01-28 18:33:00,3.8134,3.8184,3.8134,3.8184,3.8184,3.8234,3.8184,3.8234,32
2026-01-28 18:34:00,3.8179,3.8179,3.8129,3.8139,3.8229,3.8229,3.8179,3.8189,31
2026-01-28 18:35:00,3.8144,3.8169,3.8109,3.8124,3.8194,3.8219,3.8159,3.8174,21
2026-01-28 18:36:00,3.8119,3.8179,3.8109,3.8149,3.8169,3.8229,3.8159,3.8199,34
2026-01-28 18:37:00,3.8139,3.8189,3.8139,3.8184,3.8189,3.8239,3.8189,3.8234,27
2026-01-28 18:38:00,3.8179,3.8189,3.8139,3.8159,3.8229,3.8239,3.8189,3.8209,18
2026-01-28 18:39:00,3.8154,3.8154,3.7964,3.7969,3.8204,3.8204,3.8014,3.8019,80
2026-01-28 18:40:00,3.7974,3.7979,3.7809,3.7859,3.8024,3.8029,3.7859,3.7909,119
2026-01-28 18:41:00,3.7844,3.7849,3.7679,3.7759,3.7894,3.7899,3.7729,3.7809,116
2026-01-28 18:42:00,3.7754,3.7754,3.7679,3.7734,3.7804,3.7804,3.7729,3.7784,66
2026-01-28 18:43:00,3.7739,3.7769,3.7639,3.7654,3.7789,3.7819,3.7689,3.7704,48
2026-01-28 18:44:00,3.7649,3.7679,3.7509,3.7509,3.7699,3.7729,3.7559,3.7559,106
2026-01-28 18:45:00,3.7504,3.7519,3.7464,3.7499,3.7554,3.7569,3.7514,3.7549,80
2026-01-28 18:46:00,3.7494,3.7499,3.7369,3.7389,3.7544,3.7549,3.7419,3.7439,93
2026-01-28 18:47:00,3.7394,3.7459,3.7324,3.7329,3.7444,3.7509,3.7374,3.7379,97
2026-01-28 18:48:00,3.7349,3.7349,3.7239,3.7254,3.7399,3.7399,3.7289,3.7304,49
2026-01-28 18:49:00,3.7249,3.7269,3.7109,3.7154,3.7299,3.7319,3.7159,3.7204,100
2026-01-28 18:50:00,3.7149,3.7159,3.6964,3.6969,3.7199,3.7209,3.7014,3.7019,108
2026-01-28 18:51:00,3.6959,3.7049,3.6909,3.6969,3.7009,3.7099,3.6959,3.7019,140
2026-01-28 18:52:00,3.6979,3.7099,3.6884,3.6919,3.7029,3.7149,3.6934,3.6969,131
2026-01-28 18:53:00,3.6929,3.6999,3.6899,3.6954,3.6979,3.7049,3.6949,3.7004,97
2026-01-28 18:54:00,3.6949,3.7029,3.6919,3.6964,3.6999,3.7079,3.6969,3.7014,89
2026-01-28 18:55:00,3.6969,3.7009,3.6894,3.6909,3.7019,3.7059,3.6944,3.6959,113
2026-01-28 18:56:00,3.6904,3.6944,3.6839,3.6869,3.6954,3.6994,3.6889,3.6919,87
2026-01-28 18:57:00,3.6864,3.6904,3.6824,3.6869,3.6914,3.6954,3.6874,3.6919,61
2026-01-28 18:58:00,3.6879,3.6909,3.6824,3.6839,3.6929,3.6959,3.6874,3.6889,52
2026-01-28 18:59:00,3.6829,3.6874,3.6669,3.6689,3.6879,3.6924,3.6719,3.6739,115
2026-01-28 19:00:00,3.6679,3.6739,3.6629,3.6709,3.6729,3.6789,3.6679,3.6759,99
2026-01-28 19:01:00,3.6704,3.6749,3.6639,3.6679,3.6754,3.6799,3.6689,3.6729,94
2026-01-28 19:02:00,3.6699,3.6779,3.6669,3.6724,3.6749,3.6829,3.6719,3.6774,126
2026-01-28 19:03:00,3.6729,3.6869,3.6689,3.6804,3.6779,3.6919,3.6739,3.6854,171
2026-01-28 19:04:00,3.6809,3.6879,3.6789,3.6799,3.6859,3.6929,3.6839,3.6849,96
2026-01-28 19:05:00,3.6789,3.6899,3.6769,3.6834,3.6839,3.6949,3.6819,3.6884,82
2026-01-28 19:06:00,3.6829,3.6829,3.6679,3.6689,3.6879,3.6879,3.6729,3.6739,85
2026-01-28 19:07:00,3.6679,3.6714,3.6619,3.6699,3.6729,3.6764,3.6669,3.6749,107
2026-01-28 19:08:00,3.6679,3.6744,3.6619,3.6729,3.6729,3.6794,3.6669,3.6779,89
2026-01-28 19:09:00,3.6734,3.6869,3.6699,3.6809,3.6784,3.6919,3.6749,3.6859,109
2026-01-28 19:10:00,3.6814,3.6959,3.6779,3.6804,3.6864,3.7009,3.6829,3.6854,116
2026-01-28 19:11:00,3.6814,3.6879,3.6754,3.6819,3.6864,3.6929,3.6804,3.6869,66
2026-01-28 19:12:00,3.6829,3.6829,3.6649,3.6649,3.6879,3.6879,3.6699,3.6699,85
2026-01-28 19:13:00,3.6644,3.6739,3.6559,3.6579,3.6694,3.6789,3.6609,3.6629,97
2026-01-28 19:14:00,3.6589,3.6614,3.6534,3.6589,3.6639,3.6664,3.6584,3.6639,69
2026-01-28 19:15:00,3.6594,3.6714,3.6589,3.6634,3.6644,3.6764,3.6639,3.6684,77
2026-01-28 19:16:00,3.6644,3.6769,3.6639,3.6744,3.6694,3.6819,3.6689,3.6794,50
2026-01-28 19:17:00,3.6749,3.6749,3.6609,3.6684,3.6799,3.6799,3.6659,3.6734,85
2026-01-28 19:18:00,3.6689,3.6769,3.6659,3.6694,3.6739,3.6819,3.6709,3.6744,62
2026-01-28 19:19:00,3.6689,3.6739,3.6664,3.6669,3.6739,3.6789,3.6714,3.6719,47
2026-01-28 19:20:00,3.6679,3.6809,3.6669,3.6789,3.6729,3.6859,3.6719,3.6839,70
2026-01-28 19:21:00,3.6779,3.6809,3.6739,3.6749,3.6829,3.6859,3.6789,3.6799,56
2026-01-28 19:22:00,3.6779,3.6919,3.6779,3.6819,3.6829,3.6969,3.6829,3.6869,65
2026-01-28 19:23:00,3.6829,3.6839,3.6739,3.6824,3.6879,3.6889,3.6789,3.6874,66
2026-01-28 19:24:00,3.6829,3.6904,3.6829,3.6884,3.6879,3.6954,3.6879,3.6934,30
2026-01-28 19:25:00,3.6889,3.6939,3.6879,3.6909,3.6939,3.6989,3.6929,3.6959,54
2026-01-28 19:26:00,3.6919,3.7034,3.6919,3.7014,3.6969,3.7084,3.6969,3.7064,76
2026-01-28 19:27:00,3.7019,3.7159,3.7019,3.7149,3.7069,3.7209,3.7069,3.7199,130
2026-01-28 19:28:00,3.7159,3.7159,3.7059,3.7119,3.7209,3.7209,3.7109,3.7169,65
2026-01-28 19:29:00,3.7114,3.7139,3.6939,3.6989,3.7164,3.7189,3.6989,3.7039,76
2026-01-28 19:30:00,3.6994,3.7019,3.6869,3.6899,3.7044,3.7069,3.6919,3.6949,81
2026-01-28 19:31:00,3.6889,3.6889,3.6764,3.6794,3.6939,3.6939,3.6814,3.6844,46
2026-01-28 19:32:00,3.6789,3.6789,3.6639,3.6659,3.6839,3.6839,3.6689,3.6709,84
2026-01-28 19:33:00,3.6669,3.6699,3.6619,3.6624,3.6719,3.6749,3.6669,3.6674,61
2026-01-28 19:34:00,3.6629,3.6709,3.6619,3.6689,3.6679,3.6759,3.6669,3.6739,43
2026-01-28 19:35:00,3.6684,3.6874,3.6679,3.6874,3.6734,3.6924,3.6729,3.6924,74
2026-01-28 19:36:00,3.6879,3.6959,3.6854,3.6889,3.6929,3.7009,3.6904,3.6939,83
2026-01-28 19:37:00,3.6884,3.6909,3.6819,3.6839,3.6934,3.6959,3.6869,3.6889,63
2026-01-28 19:38:00,3.6854,3.6889,3.6839,3.6869,3.6904,3.6939,3.6889,3.6919,38
2026-01-28 19:39:00,3.6879,3.6899,3.6714,3.6724,3.6929,3.6949,3.6764,3.6774,54
2026-01-28 19:40:00,3.6729,3.6774,3.6644,3.6769,3.6779,3.6824,3.6694,3.6819,93
2026-01-28 19:41:00,3.6764,3.6794,3.6684,3.6684,3.6814,3.6844,3.6734,3.6734,55
2026-01-28 19:42:00,3.6679,3.6759,3.6679,3.6749,3.6729,3.6809,3.6729,3.6799,48
2026-01-28 19:43:00,3.6744,3.6749,3.6689,3.6719,3.6794,3.6799,3.6739,3.6769,34
2026-01-28 19:44:00,3.6729,3.6774,3.6629,3.6764,3.6779,3.6824,3.6679,3.6814,75
2026-01-28 19:45:00,3.6769,3.6859,3.6749,3.6859,3.6819,3.6909,3.6799,3.6909,61
2026-01-28 19:46:00,3.6864,3.6879,3.6799,3.6814,3.6914,3.6929,3.6849,3.6864,45
2026-01-28 19:47:00,3.6809,3.6849,3.6774,3.6789,3.6859,3.6899,3.6824,3.6839,45
2026-01-28 19:48:00,3.6799,3.6809,3.6779,3.6804,3.6849,3.6859,3.6829,3.6854,40
2026-01-28 19:49:00,3.6819,3.6844,3.6779,3.6799,3.6869,3.6894,3.6829,3.6849,32
2026-01-28 19:50:00,3.6809,3.6849,3.6759,3.6779,3.6859,3.6899,3.6809,3.6829,40
2026-01-28 19:51:00,3.6784,3.6879,3.6699,3.6879,3.6834,3.6929,3.6749,3.6929,77
2026-01-28 19:52:00,3.6889,3.6999,3.6859,3.6969,3.6939,3.7049,3.6909,3.7019,77
2026-01-28 19:53:00,3.6959,3.7059,3.6949,3.7004,3.7009,3.7109,3.6999,3.7054,61
2026-01-28 19:54:00,3.7009,3.7019,3.6984,3.7004,3.7059,3.7069,3.7034,3.7054,34
2026-01-28 19:55:00,3.6999,3.7009,3.6899,3.6899,3.7049,3.7059,3.6949,3.6949,57
2026-01-28 19:56:00,3.6894,3.6894,3.6794,3.6864,3.6944,3.6944,3.6844,3.6914,56
2026-01-28 19:57:00,3.6874,3.6919,3.6839,3.6854,3.6924,3.6969,3.6889,3.6904,28
2026-01-28 19:58:00,3.6849,3.6939,3.6839,3.6899,3.6899,3.6989,3.6889,3.6949,31
2026-01-28 19:59:00,3.6914,3.6984,3.6914,3.6954,3.6964,3.7034,3.6964,3.7004,45
2026-01-28 20:00:00,3.6949,3.7114,3.6894,3.7084,3.6999,3.7164,3.6944,3.7134,112
2026-01-28 20:01:00,3.7099,3.7319,3.7089,3.7114,3.7149,3.7369,3.7139,3.7164,180
2026-01-28 20:02:00,3.7119,3.7189,3.7029,3.7159,3.7169,3.7239,3.7079,3.7209,109
2026-01-28 20:03:00,3.7164,3.7209,3.7079,3.7094,3.7214,3.7259,3.7129,3.7144,85
2026-01-28 20:04:00,3.7099,3.7239,3.7079,3.7169,3.7149,3.7289,3.7129,3.7219,83
2026-01-28 20:05:00,3.7159,3.7239,3.7039,3.7039,3.7209,3.7289,3.7089,3.7089,82
2026-01-28 20:06:00,3.7049,3.7094,3.6989,3.7009,3.7099,3.7144,3.7039,3.7059,48
2026-01-28 20:07:00,3.7004,3.7064,3.6979,3.7019,3.7054,3.7114,3.7029,3.7069,89
2026-01-28 20:08:00,3.7014,3.7029,3.6734,3.6739,3.7064,3.7079,3.6784,3.6789,141
2026-01-28 20:09:00,3.6744,3.6749,3.6634,3.6709,3.6794,3.6799,3.6684,3.6759,146
2026-01-28 20:10:00,3.6699,3.6849,3.6699,3.6784,3.6749,3.6899,3.6749,3.6834,121
2026-01-28 20:11:00,3.6779,3.6779,3.6669,3.6669,3.6829,3.6829,3.6719,3.6719,88
2026-01-28 20:12:00,3.6679,3.6729,3.6639,3.6694,3.6729,3.6779,3.6689,3.6744,77
2026-01-28 20:13:00,3.6699,3.6789,3.6694,3.6779,3.6749,3.6839,3.6744,3.6829,80
2026-01-28 20:14:00,3.6769,3.6854,3.6764,3.6854,3.6819,3.6904,3.6814,3.6904,61
2026-01-28 20:15:00,3.6859,3.6909,3.6839,3.6844,3.6909,3.6959,3.6889,3.6894,76
2026-01-28 20:16:00,3.6869,3.6919,3.6799,3.6799,3.6919,3.6969,3.6849,3.6849,68
2026-01-28 20:17:00,3.6809,3.6829,3.6754,3.6819,3.6859,3.6879,3.6804,3.6869,79
2026-01-28 20:18:00,3.6829,3.6874,3.6779,3.6824,3.6879,3.6924,3.6829,3.6874,76
2026-01-28 20:19:00,3.6809,3.6854,3.6769,3.6789,3.6859,3.6904,3.6819,3.6839,62
2026-01-28 20:20:00,3.6794,3.6919,3.6779,3.6914,3.6844,3.6969,3.6829,3.6964,80
2026-01-28 20:21:00,3.6909,3.6999,3.6909,3.6969,3.6959,3.7049,3.6959,3.7019,75
2026-01-28 20:22:00,3.6964,3.7019,3.6959,3.6999,3.7014,3.7069,3.7009,3.7049,63
2026-01-28 20:23:00,3.6994,3.7199,3.6959,3.7169,3.7044,3.7249,3.7009,3.7219,130
2026-01-28 20:24:00,3.7164,3.7239,3.7114,3.7159,3.7214,3.7289,3.7164,3.7209,93
2026-01-28 20:25:00,3.7164,3.7209,3.6999,3.7009,3.7214,3.7259,3.7049,3.7059,135
2026-01-28 20:26:00,3.7004,3.7009,3.6924,3.6929,3.7054,3.7059,3.6974,3.6979,88
2026-01-28 20:27:00,3.6924,3.6924,3.6789,3.6844,3.6974,3.6974,3.6839,3.6894,81
2026-01-28 20:28:00,3.6849,3.7069,3.6839,3.6949,3.6899,3.7119,3.6889,3.6999,266
2026-01-28 20:29:00,3.6959,3.7019,3.6899,3.6929,3.7009,3.7069,3.6949,3.6979,99
2026-01-28 20:30:00,3.6919,3.6984,3.6899,3.6964,3.6969,3.7034,3.6949,3.7014,75
2026-01-28 20:31:00,3.6969,3.7069,3.6969,3.7014,3.7019,3.7119,3.7019,3.7064,51
2026-01-28 20:32:00,3.7009,3.7019,3.6939,3.6969,3.7059,3.7069,3.6989,3.7019,36
2026-01-28 20:33:00,3.6979,3.7019,3.6974,3.7004,3.7029,3.7069,3.7024,3.7054,20
2026-01-28 20:34:00,3.7009,3.7009,3.6919,3.6919,3.7059,3.7059,3.6969,3.6969,25
2026-01-28 20:35:00,3.6924,3.6934,3.6899,3.6919,3.6974,3.6984,3.6949,3.6969,24
2026-01-28 20:36:00,3.6914,3.6924,3.6769,3.6784,3.6964,3.6974,3.6819,3.6834,86
2026-01-28 20:37:00,3.6759,3.6789,3.6754,3.6759,3.6809,3.6839,3.6804,3.6809,29
2026-01-28 20:38:00,3.6779,3.6779,3.6754,3.6774,3.6829,3.6829,3.6804,3.6824,17
2026-01-28 20:39:00,3.6779,3.6799,3.6749,3.6759,3.6829,3.6849,3.6799,3.6809,29
2026-01-28 20:40:00,3.6764,3.6904,3.6764,3.6889,3.6814,3.6954,3.6814,3.6939,30
2026-01-28 20:41:00,3.6879,3.6899,3.6809,3.6819,3.6929,3.6949,3.6859,3.6869,22
2026-01-28 20:42:00,3.6814,3.6869,3.6809,3.6869,3.6864,3.6919,3.6859,3.6919,19
2026-01-28 20:43:00,3.6874,3.6924,3.6874,3.6909,3.6924,3.6974,3.6924,3.6959,11
2026-01-28 20:44:00,3.6904,3.6929,3.6899,3.6919,3.6954,3.6979,3.6949,3.6969,11
2026-01-28 20:45:00,3.6934,3.7084,3.6919,3.7074,3.6984,3.7134,3.6969,3.7124,37
2026-01-28 20:46:00,3.7064,3.7089,3.7049,3.7054,3.7114,3.7139,3.7099,3.7104,20
2026-01-28 20:47:00,3.7064,3.7124,3.7019,3.7029,3.7114,3.7174,3.7069,3.7079,32
2026-01-28 20:48:00,3.7034,3.7034,3.6994,3.7004,3.7084,3.7084,3.7044,3.7054,8
2026-01-28 20:49:00,3.7009,3.7069,3.7009,3.7069,3.7059,3.7119,3.7059,3.7119,20
2026-01-28 20:50:00,3.7054,3.7079,3.7054,3.7059,3.7104,3.7129,3.7104,3.7109,14
2026-01-28 20:51:00,3.7044,3.7044,3.7019,3.7019,3.7094,3.7094,3.7069,3.7069,10
2026-01-28 20:52:00,3.7024,3.7089,3.7024,3.7064,3.7074,3.7139,3.7074,3.7114,33
2026-01-28 20:53:00,3.7059,3.7079,3.7019,3.7049,3.7109,3.7129,3.7069,3.7099,22
2026-01-28 20:54:00,3.7039,3.7149,3.7039,3.7074,3.7089,3.7199,3.7089,3.7124,48
2026-01-28 20:55:00,3.7079,3.7089,3.7069,3.7069,3.7129,3.7139,3.7119,3.7119,12
2026-01-28 20:56:00,3.7084,3.7094,3.7044,3.7044,3.7134,3.7144,3.7094,3.7094,23
2026-01-28 20:57:00,3.7034,3.7034,3.6954,3.6969,3.7084,3.7084,3.7004,3.7019,15
2026-01-28 20:58:00,3.6964,3.6979,3.6954,3.6954,3.7014,3.7029,3.7004,3.7004,21
2026-01-28 20:59:00,3.6964,3.6974,3.6934,3.6939,3.7014,3.7024,3.6984,3.6989,14
2026-01-28 21:00:00,3.6934,3.6964,3.6909,3.6934,3.6984,3.7014,3.6959,3.6984,33
2026-01-28 21:01:00,3.6939,3.6949,3.6904,3.6919,3.6989,3.6999,3.6954,3.6969,18
2026-01-28 21:02:00,3.6914,3.6959,3.6909,3.6959,3.6964,3.7009,3.6959,3.7009,12
2026-01-28 21:03:00,3.6964,3.6979,3.6954,3.6979,3.7014,3.7029,3.7004,3.7029,14
2026-01-28 21:04:00,3.6974,3.6979,3.6889,3.6939,3.7024,3.7029,3.6939,3.6989,19
2026-01-28 21:05:00,3.6929,3.6969,3.6929,3.6944,3.6979,3.7019,3.6979,3.6994,15
2026-01-28 21:06:00,3.6949,3.7019,3.6949,3.7019,3.6999,3.7069,3.6999,3.7069,10
2026-01-28 21:07:00,3.7029,3.7049,3.7029,3.7039,3.7079,3.7099,3.7079,3.7089,16
2026-01-28 21:08:00,3.7044,3.7089,3.7014,3.7069,3.7094,3.7139,3.7064,3.7119,26
2026-01-28 21:09:00,3.7059,3.7099,3.7059,3.7084,3.7109,3.7149,3.7109,3.7134,12
2026-01-28 21:10:00,3.7074,3.7084,3.7039,3.7084,3.7124,3.7134,3.7089,3.7134,11
2026-01-28 21:11:00,3.7079,3.7089,3.7054,3.7079,3.7129,3.7139,3.7104,3.7129,11
2026-01-28 21:12:00,3.7089,3.7109,3.7049,3.7109,3.7139,3.7159,3.7099,3.7159,15
2026-01-28 21:13:00,3.7114,3.7169,3.7114,3.7114,3.7164,3.7219,3.7164,3.7164,25
2026-01-28 21:14:00,3.7119,3.7139,3.7119,3.7119,3.7169,3.7189,3.7169,3.7169,12
2026-01-28 21:15:00,3.7114,3.7129,3.7089,3.7104,3.7164,3.7179,3.7139,3.7154,17
2026-01-28 21:16:00,3.7099,3.7174,3.7099,3.7169,3.7149,3.7224,3.7149,3.7219,30
2026-01-28 21:17:00,3.7174,3.7189,3.7139,3.7149,3.7224,3.7239,3.7189,3.7199,23
2026-01-28 21:18:00,3.7154,3.7154,3.7129,3.7144,3.7204,3.7204,3.7179,3.7194,9
2026-01-28 21:19:00,3.7134,3.7154,3.7114,3.7114,3.7184,3.7204,3.7164,3.7164,12
2026-01-28 21:20:00,3.7109,3.7129,3.7089,3.7119,3.7159,3.7179,3.7139,3.7169,11
2026-01-28 21:21:00,3.7134,3.7179,3.7134,3.7169,3.7184,3.7229,3.7184,3.7219,19
2026-01-28 21:22:00,3.7174,3.7254,3.7174,3.7209,3.7224,3.7304,3.7224,3.7259,39
2026-01-28 21:23:00,3.7214,3.7214,3.7209,3.7214,3.7264,3.7264,3.7259,3.7264,5
2026-01-28 21:24:00,3.7209,3.7274,3.7209,3.7259,3.7259,3.7324,3.7259,3.7309,32
2026-01-28 21:25:00,3.7254,3.7269,3.7249,3.7254,3.7304,3.7319,3.7299,3.7304,10
2026-01-28 21:26:00,3.7249,3.7314,3.7239,3.7299,3.7299,3.7364,3.7289,3.7349,24
2026-01-28 21:27:00,3.7309,3.7324,3.7279,3.7304,3.7359,3.7374,3.7329,3.7354,13
2026-01-28 21:28:00,3.7299,3.7374,3.7299,3.7374,3.7349,3.7424,3.7349,3.7424,24
2026-01-28 21:29:00,3.7379,3.7479,3.7379,3.7464,3.7429,3.7529,3.7429,3.7514,64
2026-01-28 21:30:00,3.7459,3.7489,3.7454,3.7464,3.7509,3.7539,3.7504,3.7514,15
2026-01-28 21:31:00,3.7459,3.7499,3.7449,3.7469,3.7509,3.7549,3.7499,3.7519,27
2026-01-28 21:32:00,3.7479,3.7544,3.7369,3.7509,3.7529,3.7594,3.7419,3.7559,74
2026-01-28 21:33:00,3.7499,3.7499,3.7394,3.7404,3.7549,3.7549,3.7444,3.7454,26
2026-01-28 21:34:00,3.7409,3.7449,3.7369,3.7404,3.7459,3.7499,3.7419,3.7454,50
2026-01-28 21:35:00,3.7409,3.7409,3.7299,3.7299,3.7459,3.7459,3.7349,3.7349,30
2026-01-28 21:36:00,3.7309,3.7309,3.7279,3.7284,3.7359,3.7359,3.7329,3.7334,16
2026-01-28 21:37:00,3.7289,3.7289,3.7189,3.7189,3.7339,3.7339,3.7239,3.7239,37
2026-01-28 21:38:00,3.7194,3.7194,3.7079,3.7089,3.7244,3.7244,3.7129,3.7139,31
2026-01-28 21:39:00,3.7094,3.7149,3.7074,3.7109,3.7144,3.7199,3.7124,3.7159,31
2026-01-28 21:40:00,3.7119,3.7124,3.6979,3.7114,3.7169,3.7174,3.7029,3.7164,50
2026-01-28 21:41:00,3.7104,3.7184,3.7089,3.7169,3.7154,3.7234,3.7139,3.7219,28
2026-01-28 21:42:00,3.7179,3.7239,3.7164,3.7234,3.7229,3.7289,3.7214,3.7284,46
2026-01-28 21:43:00,3.7239,3.7309,3.7199,3.7279,3.7289,3.7359,3.7249,3.7329,56
2026-01-28 21:44:00,3.7284,3.7289,3.7219,3.7229,3.7334,3.7339,3.7269,3.7279,26
2026-01-28 21:45:00,3.7234,3.7234,3.7199,3.7209,3.7284,3.7284,3.7249,3.7259,22
2026-01-28 21:46:00,3.7219,3.7319,3.7209,3.7279,3.7269,3.7369,3.7259,3.7329,38
2026-01-28 21:47:00,3.7269,3.7309,3.7269,3.7294,3.7319,3.7359,3.7319,3.7344,21
2026-01-28 21:48:00,3.7289,3.7329,3.7269,3.7309,3.7339,3.7379,3.7319,3.7359,28
2026-01-28 21:49:00,3.7314,3.7434,3.7294,3.7409,3.7364,3.7484,3.7344,3.7459,38
2026-01-28 21:50:00,3.7414,3.7419,3.7389,3.7394,3.7464,3.7469,3.7439,3.7444,26
2026-01-28 21:51:00,3.7389,3.7424,3.7379,3.7384,3.7439,3.7474,3.7429,3.7434,31
2026-01-28 21:52:00,3.7394,3.7404,3.7389,3.7404,3.7444,3.7454,3.7439,3.7454,11
2026-01-28 21:53:00,3.7409,3.7424,3.7399,3.7414,3.7459,3.7474,3.7449,3.7464,18
2026-01-28 21:54:00,3.7399,3.7409,3.7284,3.7294,3.7449,3.7459,3.7334,3.7344,39
2026-01-28 21:55:00,3.7299,3.7319,3.7249,3.7259,3.7349,3.7369,3.7299,3.7309,27
2026-01-28 21:56:00,3.7249,3.7289,3.7249,3.7259,3.7299,3.7339,3.7299,3.7309,41
2026-01-28 21:57:00,3.7254,3.7284,3.7194,3.7229,3.7304,3.7334,3.7244,3.7279,38
2026-01-28 21:58:00,3.7219,3.7254,3.7179,3.7184,3.7269,3.7304,3.7229,3.7234,40
2026-01-28 21:59:00,3.7179,3.7189,3.7069,3.7164,3.7229,3.7239,3.7119,3.7214,66
2026-01-28 22:00:00,3.7169,3.7199,3.7069,3.7069,3.7219,3.7249,3.7119,3.7119,26
2026-01-28 22:01:00,3.7059,3.7129,3.7059,3.7069,3.7109,3.7179,3.7109,3.7119,14
2026-01-28 22:02:00,3.7074,3.7109,3.7074,3.7109,3.7124,3.7159,3.7124,3.7159,9
2026-01-28 22:03:00,3.7104,3.7109,3.7084,3.7099,3.7154,3.7159,3.7134,3.7149,9
2026-01-28 22:04:00,3.7089,3.7099,3.7089,3.7099,3.7139,3.7149,3.7139,3.7149,3
2026-01-28 22:05:00,3.7094,3.7099,3.7079,3.7079,3.7144,3.7149,3.7129,3.7129,5
2026-01-28 22:06:00,3.7094,3.7139,3.7094,3.7134,3.7144,3.7189,3.7144,3.7184,10
2026-01-28 22:07:00,3.7119,3.7169,3.7109,3.7129,3.7169,3.7219,3.7159,3.7179,21
2026-01-28 22:08:00,3.7134,3.7149,3.7134,3.7144,3.7184,3.7199,3.7184,3.7194,4
2026-01-28 22:09:00,3.7139,3.7149,3.7129,3.7149,3.7189,3.7199,3.7179,3.7199,8
2026-01-28 22:10:00,3.7154,3.7319,3.7154,3.7299,3.7204,3.7369,3.7204,3.7349,26
2026-01-28 22:11:00,3.7314,3.7334,3.7309,3.7329,3.7364,3.7384,3.7359,3.7379,15
2026-01-28 22:12:00,3.7319,3.7349,3.7299,3.7344,3.7369,3.7399,3.7349,3.7394,13
2026-01-28 22:13:00,3.7339,3.7374,3.7264,3.7264,3.7389,3.7424,3.7314,3.7314,15
2026-01-28 22:14:00,3.7254,3.7259,3.7179,3.7179,3.7304,3.7309,3.7229,3.7229,11
2026-01-28 22:15:00,3.7169,3.7219,3.7169,3.7209,3.7219,3.7269,3.7219,3.7259,10
2026-01-28 22:16:00,3.7204,3.7204,3.7189,3.7199,3.7254,3.7254,3.7239,3.7249,4
2026-01-28 22:17:00,3.7204,3.7204,3.7159,3.7159,3.7254,3.7254,3.7209,3.7209,6
2026-01-28 22:18:00,3.7164,3.7174,3.7159,3.7159,3.7214,3.7224,3.7209,3.7209,3
2026-01-28 22:19:00,3.7164,3.7164,3.7134,3.7159,3.7214,3.7214,3.7184,3.7209,8
2026-01-28 22:20:00,3.7154,3.7159,3.7149,3.7154,3.7204,3.7209,3.7199,3.7204,5
2026-01-28 22:21:00,3.7159,3.7159,3.7159,3.7159,3.7209,3.7209,3.7209,3.7209,1
2026-01-28 22:22:00,3.7164,3.7164,3.7149,3.7154,3.7214,3.7214,3.7199,3.7204,6
2026-01-28 22:24:00,3.7159,3.7159,3.7149,3.7149,3.7209,3.7209,3.7199,3.7199,5
2026-01-28 22:25:00,3.7139,3.7154,3.7139,3.7149,3.7189,3.7204,3.7189,3.7199,3
2026-01-28 22:26:00,3.7139,3.7139,3.7089,3.7104,3.7189,3.7189,3.7139,3.7154,8
2026-01-28 22:27:00,3.7114,3.7119,3.7104,3.7119,3.7164,3.7169,3.7154,3.7169,6
2026-01-28 22:28:00,3.7114,3.7209,3.7089,3.7154,3.7164,3.7259,3.7139,3.7204,18
2026-01-28 22:29:00,3.7144,3.7144,3.7129,3.7134,3.7194,3.7194,3.7179,3.7184,5
2026-01-28 22:31:00,3.7124,3.7124,3.7114,3.7114,3.7174,3.7174,3.7164,3.7164,3
2026-01-28 22:32:00,3.7109,3.7109,3.7069,3.7079,3.7159,3.7159,3.7119,3.7129,8
2026-01-28 22:33:00,3.7074,3.7119,3.7074,3.7109,3.7124,3.7169,3.7124,3.7159,10
2026-01-28 22:34:00,3.7094,3.7094,3.7074,3.7094,3.7144,3.7144,3.7124,3.7144,10
2026-01-28 22:35:00,3.7089,3.7089,3.7039,3.7079,3.7139,3.7139,3.7089,3.7129,7
2026-01-28 22:36:00,3.7084,3.7094,3.7084,3.7084,3.7134,3.7144,3.7134,3.7134,6
2026-01-28 22:38:00,3.7079,3.7084,3.7079,3.7079,3.7129,3.7134,3.7129,3.7129,3
2026-01-28 22:39:00,3.7074,3.7074,3.7064,3.7074,3.7124,3.7124,3.7114,3.7124,5
2026-01-28 22:40:00,3.7069,3.7069,3.7069,3.7069,3.7119,3.7119,3.7119,3.7119,1
2026-01-28 22:41:00,3.7064,3.7069,3.7054,3.7064,3.7114,3.7119,3.7104,3.7114,4
2026-01-28 22:43:00,3.7059,3.7059,3.7019,3.7024,3.7109,3.7109,3.7069,3.7074,15
2026-01-28 22:44:00,3.7029,3.7034,3.7029,3.7034,3.7079,3.7084,3.7079,3.7084,2
2026-01-28 22:45:00,3.7024,3.7039,3.7009,3.7014,3.7074,3.7089,3.7059,3.7064,7
2026-01-28 22:46:00,3.7019,3.7039,3.7019,3.7039,3.7069,3.7089,3.7069,3.7089,4
2026-01-28 22:47:00,3.7034,3.7039,3.7004,3.7024,3.7084,3.7089,3.7054,3.7074,14
2026-01-28 22:48:00,3.7009,3.7034,3.7004,3.7004,3.7059,3.7084,3.7054,3.7054,12
2026-01-28 22:49:00,3.7009,3.7029,3.6999,3.6999,3.7059,3.7079,3.7049,3.7049,7
2026-01-28 22:50:00,3.6994,3.6994,3.6914,3.6914,3.7044,3.7044,3.6964,3.6964,14
2026-01-28 22:51:00,3.6919,3.6924,3.6874,3.6904,3.6969,3.6974,3.6924,3.6954,12
2026-01-28 22:52:00,3.6909,3.6934,3.6894,3.6914,3.6959,3.6984,3.6944,3.6964,16
2026-01-28 22:53:00,3.6924,3.6924,3.6904,3.6904,3.6974,3.6974,3.6954,3.6954,3
2026-01-28 22:54:00,3.6919,3.6934,3.6849,3.6874,3.6969,3.6984,3.6899,3.6924,16
2026-01-28 22:55:00,3.6869,3.6869,3.6854,3.6859,3.6919,3.6919,3.6904,3.6909,4
2026-01-28 22:56:00,3.6849,3.6864,3.6849,3.6859,3.6899,3.6914,3.6899,3.6909,5
2026-01-28 22:57:00,3.6854,3.6854,3.6789,3.6794,3.6904,3.6904,3.6839,3.6844,25
2026-01-28 22:58:00,3.6789,3.6799,3.6749,3.6784,3.6839,3.6849,3.6799,3.6834,14
2026-01-28 22:59:00,3.6769,3.6949,3.6749,3.6845,3.6819,3.6999,3.6799,3.6895,64
2026-01-29 00:00:00,3.7055,3.7195,3.6925,3.7185,3.7105,3.7245,3.6975,3.7235,76
2026-01-29 00:01:00,3.718,3.718,3.714,3.7155,3.723,3.723,3.719,3.7205,12
2026-01-29 00:02:00,3.716,3.716,3.7145,3.7145,3.721,3.721,3.7195,3.7195,7
2026-01-29 00:03:00,3.714,3.715,3.7105,3.7105,3.719,3.72,3.7155,3.7155,10
2026-01-29 00:04:00,3.71,3.7165,3.709,3.709,3.715,3.7215,3.714,3.714,16
2026-01-29 00:05:00,3.708,3.7085,3.7075,3.708,3.713,3.7135,3.7125,3.713,6
2026-01-29 00:06:00,3.7085,3.7105,3.7085,3.7105,3.7135,3.7155,3.7135,3.7155,3
2026-01-29 00:07:00,3.711,3.711,3.711,3.711,3.716,3.716,3.716,3.716,1
2026-01-29 00:08:00,3.7105,3.7105,3.7065,3.707,3.7155,3.7155,3.7115,3.712,7
2026-01-29 00:09:00,3.7085,3.7085,3.707,3.707,3.7135,3.7135,3.712,3.712,4
2026-01-29 00:10:00,3.7065,3.711,3.7065,3.71,3.7115,3.716,3.7115,3.715,5
2026-01-29 00:11:00,3.7095,3.7095,3.7075,3.7075,3.7145,3.7145,3.7125,3.7125,6
2026-01-29 00:12:00,3.709,3.7095,3.7085,3.7095,3.714,3.7145,3.7135,3.7145,3
2026-01-29 00:13:00,3.71,3.7135,3.71,3.7125,3.715,3.7185,3.715,3.7175,4
2026-01-29 00:14:00,3.712,3.715,3.71,3.715,3.717,3.72,3.715,3.72,8
2026-01-29 00:15:00,3.7135,3.7245,3.7135,3.7245,3.7185,3.7295,3.7185,3.7295,12
2026-01-29 00:16:00,3.727,3.733,3.727,3.73,3.732,3.738,3.732,3.735,14
2026-01-29 00:17:00,3.731,3.731,3.729,3.7295,3.736,3.736,3.734,3.7345,5
2026-01-29 00:18:00,3.73,3.73,3.726,3.7275,3.735,3.735,3.731,3.7325,9
2026-01-29 00:19:00,3.726,3.7275,3.726,3.727,3.731,3.7325,3.731,3.732,5
2026-01-29 00:20:00,3.7275,3.7275,3.723,3.724,3.7325,3.7325,3.728,3.729,5
2026-01-29 00:21:00,3.7235,3.7255,3.7235,3.7255,3.7285,3.7305,3.7285,3.7305,3
2026-01-29 00:22:00,3.7265,3.7265,3.725,3.725,3.7315,3.7315,3.73,3.73,4
2026-01-29 00:24:00,3.723,3.723,3.72,3.7205,3.728,3.728,3.725,3.7255,4
2026-01-29 00:25:00,3.7185,3.719,3.718,3.719,3.7235,3.724,3.723,3.724,3
2026-01-29 00:26:00,3.7195,3.721,3.7195,3.721,3.7245,3.726,3.7245,3.726,3
2026-01-29 00:29:00,3.7205,3.7205,3.7165,3.7165,3.7255,3.7255,3.7215,3.7215,3
2026-01-29 00:30:00,3.716,3.717,3.716,3.717,3.721,3.722,3.721,3.722,4
2026-01-29 00:31:00,3.7165,3.7165,3.7135,3.7135,3.7215,3.7215,3.7185,3.7185,6
2026-01-29 00:32:00,3.713,3.7135,3.713,3.7135,3.718,3.7185,3.718,3.7185,4
2026-01-29 00:33:00,3.714,3.7145,3.7135,3.7135,3.719,3.7195,3.7185,3.7185,3
2026-01-29 00:34:00,3.7145,3.7145,3.7095,3.7115,3.7195,3.7195,3.7145,3.7165,8
2026-01-29 00:35:00,3.712,3.7125,3.712,3.712,3.717,3.7175,3.717,3.717,3
2026-01-29 00:36:00,3.7115,3.7115,3.7105,3.7105,3.7165,3.7165,3.7155,3.7155,4
2026-01-29 00:37:00,3.7115,3.7115,3.711,3.7115,3.7165,3.7165,3.716,3.7165,3
2026-01-29 00:38:00,3.712,3.714,3.71,3.714,3.717,3.719,3.715,3.719,6
2026-01-29 00:39:00,3.7135,3.7135,3.713,3.713,3.7185,3.7185,3.718,3.718,2
2026-01-29 00:40:00,3.7135,3.7135,3.708,3.7105,3.7185,3.7185,3.713,3.7155,6
2026-01-29 00:41:00,3.7095,3.712,3.7085,3.711,3.7145,3.717,3.7135,3.716,10
2026-01-29 00:42:00,3.7115,3.7185,3.7115,3.7175,3.7165,3.7235,3.7165,3.7225,16
2026-01-29 00:43:00,3.7185,3.7195,3.7185,3.7195,3.7235,3.7245,3.7235,3.7245,2
2026-01-29 00:44:00,3.72,3.72,3.7195,3.72,3.725,3.725,3.7245,3.725,3
2026-01-29 00:45:00,3.7215,3.722,3.7195,3.7195,3.7265,3.727,3.7245,3.7245,4
2026-01-29 00:46:00,3.7205,3.721,3.7205,3.721,3.7255,3.726,3.7255,3.726,2
2026-01-29 00:47:00,3.7215,3.7265,3.7215,3.7235,3.7265,3.7315,3.7265,3.7285,9
2026-01-29 00:48:00,3.7245,3.7245,3.723,3.723,3.7295,3.7295,3.728,3.728,2
2026-01-29 00:49:00,3.7225,3.7225,3.722,3.722,3.7275,3.7275,3.727,3.727,2
2026-01-29 00:50:00,3.7225,3.7225,3.7225,3.7225,3.7275,3.7275,3.7275,3.7275,1
2026-01-29 00:51:00,3.723,3.723,3.7225,3.7225,3.728,3.728,3.7275,3.7275,4
2026-01-29 00:52:00,3.7235,3.7235,3.7225,3.7235,3.7285,3.7285,3.7275,3.7285,3
2026-01-29 00:53:00,3.724,3.7255,3.724,3.7255,3.729,3.7305,3.729,3.7305,3
2026-01-29 00:54:00,3.725,3.7305,3.725,3.73,3.73,3.7355,3.73,3.735,11
2026-01-29 00:55:00,3.731,3.734,3.731,3.734,3.736,3.739,3.736,3.739,8
2026-01-29 00:56:00,3.7335,3.7335,3.73,3.7305,3.7385,3.7385,3.735,3.7355,13
2026-01-29 00:57:00,3.73,3.7335,3.73,3.7325,3.735,3.7385,3.735,3.7375,8
2026-01-29 00:58:00,3.7355,3.7365,3.7325,3.733,3.7405,3.7415,3.7375,3.738,10
2026-01-29 00:59:00,3.731,3.7355,3.731,3.7315,3.736,3.7405,3.736,3.7365,7
2026-01-29 01:00:00,3.733,3.733,3.724,3.728,3.738,3.738,3.729,3.733,15
2026-01-29 01:01:00,3.727,3.727,3.723,3.724,3.732,3.732,3.728,3.729,10
2026-01-29 01:02:00,3.7245,3.725,3.7205,3.7205,3.7295,3.73,3.7255,3.7255,6
2026-01-29 01:03:00,3.719,3.72,3.7175,3.7175,3.724,3.725,3.7225,3.7225,8
2026-01-29 01:04:00,3.716,3.7165,3.7135,3.715,3.721,3.7215,3.7185,3.72,9
2026-01-29 01:05:00,3.7125,3.7125,3.7125,3.7125,3.7175,3.7175,3.7175,3.7175,1
2026-01-29 01:06:00,3.714,3.7175,3.714,3.7175,3.719,3.7225,3.719,3.7225,4
2026-01-29 01:07:00,3.717,3.717,3.7135,3.7135,3.722,3.722,3.7185,3.7185,6
2026-01-29 01:08:00,3.714,3.7155,3.714,3.7155,3.719,3.7205,3.719,3.7205,4
2026-01-29 01:09:00,3.7135,3.715,3.7115,3.715,3.7185,3.72,3.7165,3.72,7
2026-01-29 01:10:00,3.7145,3.715,3.7105,3.712,3.7195,3.72,3.7155,3.717,6
2026-01-29 01:11:00,3.713,3.717,3.713,3.717,3.718,3.722,3.718,3.722,7
2026-01-29 01:12:00,3.718,3.7195,3.717,3.718,3.723,3.7245,3.722,3.723,6
2026-01-29 01:13:00,3.7175,3.7175,3.712,3.7135,3.7225,3.7225,3.717,3.7185,8
2026-01-29 01:14:00,3.7145,3.7155,3.714,3.714,3.7195,3.7205,3.719,3.719,6
2026-01-29 01:15:00,3.7135,3.7145,3.7125,3.7145,3.7185,3.7195,3.7175,3.7195,3
2026-01-29 01:16:00,3.714,3.714,3.7095,3.7095,3.719,3.719,3.7145,3.7145,10
2026-01-29 01:17:00,3.7105,3.711,3.7055,3.708,3.7155,3.716,3.7105,3.713,23
2026-01-29 01:18:00,3.7085,3.7085,3.7065,3.7085,3.7135,3.7135,3.7115,3.7135,3
2026-01-29 01:19:00,3.709,3.7095,3.7075,3.7075,3.714,3.7145,3.7125,3.7125,4
2026-01-29 01:20:00,3.707,3.707,3.7065,3.7065,3.712,3.712,3.7115,3.7115,2
2026-01-29 01:21:00,3.706,3.706,3.705,3.705,3.711,3.711,3.71,3.71,3
2026-01-29 01:22:00,3.706,3.708,3.706,3.708,3.711,3.713,3.711,3.713,3
2026-01-29 01:23:00,3.7035,3.7065,3.691,3.6925,3.7085,3.7115,3.696,3.6975,20
2026-01-29 01:24:00,3.6935,3.696,3.6925,3.6955,3.6985,3.701,3.6975,3.7005,9
2026-01-29 01:25:00,3.6945,3.697,3.6945,3.697,3.6995,3.702,3.6995,3.702,3
2026-01-29 01:26:00,3.6965,3.6965,3.696,3.6965,3.7015,3.7015,3.701,3.7015,3
2026-01-29 01:27:00,3.6975,3.698,3.696,3.697,3.7025,3.703,3.701,3.702,5
2026-01-29 01:28:00,3.6975,3.698,3.697,3.697,3.7025,3.703,3.702,3.702,3
2026-01-29 01:29:00,3.698,3.698,3.698,3.698,3.703,3.703,3.703,3.703,1
2026-01-29 01:31:00,3.6985,3.7,3.6985,3.699,3.7035,3.705,3.7035,3.704,3
2026-01-29 01:32:00,3.6995,3.6995,3.698,3.698,3.7045,3.7045,3.703,3.703,3
2026-01-29 01:33:00,3.7,3.703,3.7,3.703,3.705,3.708,3.705,3.708,4
2026-01-29 01:34:00,3.7025,3.7025,3.7015,3.7025,3.7075,3.7075,3.7065,3.7075,5
2026-01-29 01:35:00,3.702,3.702,3.7005,3.702,3.707,3.707,3.7055,3.707,4
2026-01-29 01:36:00,3.705,3.705,3.705,3.705,3.71,3.71,3.71,3.71,1
2026-01-29 01:37:00,3.7065,3.7065,3.7015,3.7025,3.7115,3.7115,3.7065,3.7075,6
2026-01-29 01:38:00,3.703,3.7135,3.7025,3.71,3.708,3.7185,3.7075,3.715,17
2026-01-29 01:39:00,3.7105,3.7105,3.708,3.708,3.7155,3.7155,3.713,3.713,5
2026-01-29 01:40:00,3.7065,3.711,3.7065,3.7105,3.7115,3.716,3.7115,3.7155,6
2026-01-29 01:41:00,3.711,3.7115,3.7055,3.7055,3.716,3.7165,3.7105,3.7105,6
2026-01-29 01:42:00,3.705,3.705,3.705,3.705,3.71,3.71,3.71,3.71,1
2026-01-29 01:43:00,3.7045,3.705,3.7015,3.702,3.7095,3.71,3.7065,3.707,4
2026-01-29 01:44:00,3.7015,3.7035,3.7015,3.7035,3.7065,3.7085,3.7065,3.7085,3
2026-01-29 01:46:00,3.704,3.704,3.6995,3.7005,3.709,3.709,3.7045,3.7055,9
2026-01-29 01:47:00,3.701,3.702,3.701,3.702,3.706,3.707,3.706,3.707,2
2026-01-29 01:48:00,3.7025,3.703,3.7025,3.703,3.7075,3.708,3.7075,3.708,2
2026-01-29 01:50:00,3.7045,3.705,3.7045,3.705,3.7095,3.71,3.7095,3.71,2
2026-01-29 01:51:00,3.7055,3.7055,3.705,3.7055,3.7105,3.7105,3.71,3.7105,3
2026-01-29 01:52:00,3.706,3.7075,3.706,3.707,3.711,3.7125,3.711,3.712,4
2026-01-29 01:53:00,3.7075,3.708,3.7075,3.708,3.7125,3.713,3.7125,3.713,2
2026-01-29 01:54:00,3.7075,3.709,3.704,3.709,3.7125,3.714,3.709,3.714,8
2026-01-29 01:55:00,3.7095,3.7095,3.709,3.709,3.7145,3.7145,3.714,3.714,2
2026-01-29 01:57:00,3.7085,3.7085,3.7065,3.7075,3.7135,3.7135,3.7115,3.7125,4
2026-01-29 01:58:00,3.706,3.707,3.706,3.707,3.711,3.712,3.711,3.712,3
2026-01-29 01:59:00,3.7065,3.707,3.7065,3.707,3.7115,3.712,3.7115,3.712,2
2026-01-29 02:00:00,3.7075,3.7085,3.7035,3.704,3.7125,3.7135,3.7085,3.709,9
2026-01-29 02:01:00,3.7035,3.704,3.7,3.7025,3.7085,3.709,3.705,3.7075,9
2026-01-29 02:02:00,3.702,3.7035,3.702,3.7035,3.707,3.7085,3.707,3.7085,3
2026-01-29 02:03:00,3.703,3.7035,3.702,3.7035,3.708,3.7085,3.707,3.7085,7
2026-01-29 02:05:00,3.704,3.7115,3.704,3.7105,3.709,3.7165,3.709,3.7155,14
2026-01-29 02:06:00,3.71,3.71,3.709,3.709,3.715,3.715,3.714,3.714,2
2026-01-29 02:07:00,3.708,3.708,3.708,3.708,3.713,3.713,3.713,3.713,1
2026-01-29 02:08:00,3.707,3.713,3.707,3.7095,3.712,3.718,3.712,3.7145,11
2026-01-29 02:09:00,3.709,3.71,3.709,3.71,3.714,3.715,3.714,3.715,2
2026-01-29 02:10:00,3.7105,3.7105,3.7095,3.71,3.7155,3.7155,3.7145,3.715,4
2026-01-29 02:11:00,3.7095,3.7115,3.7095,3.7115,3.7145,3.7165,3.7145,3.7165,3
2026-01-29 02:12:00,3.711,3.7135,3.711,3.7135,3.716,3.7185,3.716,3.7185,5
2026-01-29 02:13:00,3.714,3.7185,3.7135,3.716,3.719,3.7235,3.7185,3.721,14
2026-01-29 02:14:00,3.7155,3.7155,3.715,3.715,3.7205,3.7205,3.72,3.72,2
2026-01-29 02:17:00,3.7145,3.715,3.7145,3.715,3.7195,3.72,3.7195,3.72,2
2026-01-29 02:18:00,3.714,3.714,3.714,3.714,3.719,3.719,3.719,3.719,1
2026-01-29 02:19:00,3.713,3.713,3.713,3.713,3.718,3.718,3.718,3.718,1
2026-01-29 02:20:00,3.7125,3.7125,3.712,3.712,3.7175,3.7175,3.717,3.717,2
2026-01-29 02:21:00,3.7115,3.7115,3.7085,3.7085,3.7165,3.7165,3.7135,3.7135,6
2026-01-29 02:22:00,3.708,3.708,3.7035,3.7035,3.713,3.713,3.7085,3.7085,7
2026-01-29 02:23:00,3.703,3.704,3.7015,3.702,3.708,3.709,3.7065,3.707,11
2026-01-29 02:24:00,3.7015,3.702,3.701,3.702,3.7065,3.707,3.706,3.707,4
2026-01-29 02:25:00,3.7025,3.7035,3.7025,3.7035,3.7075,3.7085,3.7075,3.7085,5
2026-01-29 02:26:00,3.705,3.7055,3.705,3.7055,3.71,3.7105,3.71,3.7105,4
2026-01-29 02:27:00,3.7045,3.705,3.7045,3.705,3.7095,3.71,3.7095,3.71,2
2026-01-29 02:28:00,3.7065,3.709,3.7065,3.709,3.7115,3.714,3.7115,3.714,3
2026-01-29 02:29:00,3.7095,3.7095,3.7095,3.7095,3.7145,3.7145,3.7145,3.7145,1
2026-01-29 02:30:00,3.709,3.709,3.707,3.707,3.714,3.714,3.712,3.712,2
2026-01-29 02:31:00,3.705,3.706,3.705,3.706,3.71,3.711,3.71,3.711,2
2026-01-29 02:32:00,3.7055,3.706,3.7055,3.706,3.7105,3.711,3.7105,3.711,2
2026-01-29 02:33:00,3.7065,3.7065,3.7055,3.706,3.7115,3.7115,3.7105,3.711,3
2026-01-29 02:35:00,3.7055,3.709,3.7045,3.709,3.7105,3.714,3.7095,3.714,8
2026-01-29 02:36:00,3.7085,3.7085,3.7085,3.7085,3.7135,3.7135,3.7135,3.7135,1
2026-01-29 02:37:00,3.708,3.708,3.708,3.708,3.713,3.713,3.713,3.713,1
2026-01-29 02:39:00,3.7085,3.709,3.706,3.709,3.7135,3.714,3.711,3.714,7
2026-01-29 02:40:00,3.7095,3.7145,3.709,3.7145,3.7145,3.7195,3.714,3.7195,11
2026-01-29 02:41:00,3.714,3.714,3.712,3.712,3.719,3.719,3.717,3.717,5
2026-01-29 02:42:00,3.7125,3.713,3.7125,3.713,3.7175,3.718,3.7175,3.718,2
2026-01-29 02:44:00,3.7125,3.7125,3.7115,3.7115,3.7175,3.7175,3.7165,3.7165,2
2026-01-29 02:46:00,3.7135,3.7145,3.712,3.713,3.7185,3.7195,3.717,3.718,5
2026-01-29 02:47:00,3.712,3.712,3.7115,3.7115,3.717,3.717,3.7165,3.7165,2
2026-01-29 02:48:00,3.7125,3.713,3.7125,3.713,3.7175,3.718,3.7175,3.718,2
2026-01-29 02:49:00,3.712,3.712,3.712,3.712,3.717,3.717,3.717,3.717,1
2026-01-29 02:50:00,3.7125,3.7155,3.712,3.714,3.7175,3.7205,3.717,3.719,8
2026-01-29 02:51:00,3.7145,3.7145,3.7135,3.7135,3.7195,3.7195,3.7185,3.7185,5
2026-01-29 02:52:00,3.7145,3.72,3.713,3.7195,3.7195,3.725,3.718,3.7245,13
2026-01-29 02:53:00,3.718,3.7275,3.718,3.725,3.723,3.7325,3.723,3.73,37
2026-01-29 02:54:00,3.724,3.7295,3.7225,3.728,3.729,3.7345,3.7275,3.733,13
2026-01-29 02:55:00,3.7285,3.7285,3.718,3.718,3.7335,3.7335,3.723,3.723,12
2026-01-29 02:56:00,3.717,3.717,3.7145,3.716,3.722,3.722,3.7195,3.721,6
2026-01-29 02:57:00,3.7155,3.7155,3.7155,3.7155,3.7205,3.7205,3.7205,3.7205,1
2026-01-29 02:58:00,3.717,3.718,3.717,3.718,3.722,3.723,3.722,3.723,5
2026-01-29 02:59:00,3.7195,3.7195,3.7195,3.7195,3.7245,3.7245,3.7245,3.7245,1
2026-01-29 03:00:00,3.719,3.719,3.718,3.718,3.724,3.724,3.723,3.723,3
2026-01-29 03:01:00,3.7165,3.717,3.713,3.717,3.7215,3.722,3.718,3.722,8
2026-01-29 03:02:00,3.7185,3.7205,3.718,3.718,3.7235,3.7255,3.723,3.723,5
2026-01-29 03:03:00,3.7165,3.7175,3.7165,3.7175,3.7215,3.7225,3.7215,3.7225,2
2026-01-29 03:05:00,3.7155,3.717,3.7145,3.7145,3.7205,3.722,3.7195,3.7195,4
2026-01-29 03:06:00,3.7135,3.7135,3.7105,3.7105,3.7185,3.7185,3.7155,3.7155,9
2026-01-29 03:07:00,3.71,3.7125,3.71,3.7115,3.715,3.7175,3.715,3.7165,15
2026-01-29 03:08:00,3.713,3.7165,3.713,3.7155,3.718,3.7215,3.718,3.7205,11
2026-01-29 03:09:00,3.715,3.715,3.7145,3.7145,3.72,3.72,3.7195,3.7195,2
2026-01-29 03:10:00,3.715,3.722,3.715,3.722,3.72,3.727,3.72,3.727,12
2026-01-29 03:11:00,3.7225,3.728,3.7225,3.728,3.7275,3.733,3.7275,3.733,7
2026-01-29 03:13:00,3.727,3.727,3.725,3.725,3.732,3.732,3.73,3.73,4
2026-01-29 03:17:00,3.724,3.725,3.7225,3.7225,3.729,3.73,3.7275,3.7275,6
2026-01-29 03:18:00,3.723,3.723,3.72,3.7205,3.728,3.728,3.725,3.7255,8
2026-01-29 03:19:00,3.721,3.721,3.72,3.7205,3.726,3.726,3.725,3.7255,3
2026-01-29 03:20:00,3.7215,3.7215,3.721,3.721,3.7265,3.7265,3.726,3.726,2
2026-01-29 03:22:00,3.7215,3.7235,3.7215,3.7235,3.7265,3.7285,3.7265,3.7285,5
2026-01-29 03:23:00,3.724,3.7245,3.7215,3.7215,3.729,3.7295,3.7265,3.7265,6
2026-01-29 03:24:00,3.721,3.7225,3.72,3.7215,3.726,3.7275,3.725,3.7265,6
2026-01-29 03:26:00,3.722,3.722,3.7215,3.7215,3.727,3.727,3.7265,3.7265,2
2026-01-29 03:28:00,3.722,3.722,3.7215,3.7215,3.727,3.727,3.7265,3.7265,4
2026-01-29 03:29:00,3.721,3.721,3.721,3.721,3.726,3.726,3.726,3.726,1
2026-01-29 03:30:00,3.7215,3.723,3.7215,3.723,3.7265,3.728,3.7265,3.728,2
2026-01-29 03:31:00,3.724,3.728,3.724,3.725,3.729,3.733,3.729,3.73,6
2026-01-29 03:33:00,3.7235,3.725,3.7235,3.725,3.7285,3.73,3.7285,3.73,2
2026-01-29 03:34:00,3.7255,3.7255,3.7255,3.7255,3.7305,3.7305,3.7305,3.7305,1
2026-01-29 03:35:00,3.725,3.725,3.7195,3.722,3.73,3.73,3.7245,3.727,14
2026-01-29 03:36:00,3.7215,3.7215,3.7215,3.7215,3.7265,3.7265,3.7265,3.7265,1
2026-01-29 03:37:00,3.722,3.7265,3.7215,3.7265,3.727,3.7315,3.7265,3.7315,7
2026-01-29 03:38:00,3.7275,3.7285,3.7275,3.7285,3.7325,3.7335,3.7325,3.7335,3
2026-01-29 03:39:00,3.7295,3.7295,3.728,3.728,3.7345,3.7345,3.733,3.733,3
2026-01-29 03:41:00,3.7275,3.7285,3.7275,3.7285,3.7325,3.7335,3.7325,3.7335,2
2026-01-29 03:42:00,3.7275,3.7285,3.7275,3.7285,3.7325,3.7335,3.7325,3.7335,2
2026-01-29 03:43:00,3.729,3.73,3.729,3.73,3.734,3.735,3.734,3.735,2
2026-01-29 03:44:00,3.7295,3.734,3.7295,3.7305,3.7345,3.739,3.7345,3.7355,12
2026-01-29 03:45:00,3.73,3.73,3.73,3.73,3.735,3.735,3.735,3.735,1
2026-01-29 03:46:00,3.7285,3.7305,3.727,3.7285,3.7335,3.7355,3.732,3.7335,10
2026-01-29 03:47:00,3.729,3.729,3.729,3.729,3.734,3.734,3.734,3.734,1
2026-01-29 03:49:00,3.7295,3.7295,3.729,3.7295,3.7345,3.7345,3.734,3.7345,3
2026-01-29 03:50:00,3.73,3.73,3.73,3.73,3.735,3.735,3.735,3.735,1
2026-01-29 03:51:00,3.731,3.732,3.731,3.732,3.736,3.737,3.736,3.737,2
2026-01-29 03:52:00,3.7315,3.7315,3.73,3.73,3.7365,3.7365,3.735,3.735,2
2026-01-29 03:53:00,3.7295,3.7295,3.7295,3.7295,3.7345,3.7345,3.7345,3.7345,1
2026-01-29 03:54:00,3.7305,3.7325,3.7305,3.7305,3.7355,3.7375,3.7355,3.7355,4
2026-01-29 03:55:00,3.731,3.732,3.731,3.7315,3.736,3.737,3.736,3.7365,3
2026-01-29 03:56:00,3.732,3.732,3.732,3.732,3.737,3.737,3.737,3.737,1
2026-01-29 03:57:00,3.7325,3.736,3.7325,3.736,3.7375,3.741,3.7375,3.741,5
2026-01-29 03:58:00,3.7365,3.7425,3.7365,3.7415,3.7415,3.7475,3.7415,3.7465,18
2026-01-29 03:59:00,3.7405,3.746,3.74,3.746,3.7455,3.751,3.745,3.751,14
2026-01-29 04:00:00,3.7455,3.7455,3.743,3.743,3.7505,3.7505,3.748,3.748,4
2026-01-29 04:01:00,3.7425,3.7425,3.7395,3.7415,3.7475,3.7475,3.7445,3.7465,10
2026-01-29 04:02:00,3.7425,3.756,3.7425,3.756,3.7475,3.761,3.7475,3.761,21
2026-01-29 04:03:00,3.7555,3.7585,3.7535,3.756,3.7605,3.7635,3.7585,3.761,17
2026-01-29 04:04:00,3.7565,3.761,3.7555,3.758,3.7615,3.766,3.7605,3.763,21
2026-01-29 04:05:00,3.7585,3.774,3.7585,3.7725,3.7635,3.779,3.7635,3.7775,38
2026-01-29 04:06:00,3.772,3.775,3.7685,3.7705,3.777,3.78,3.7735,3.7755,28
2026-01-29 04:07:00,3.77,3.77,3.7645,3.7645,3.775,3.775,3.7695,3.7695,11
2026-01-29 04:08:00,3.7655,3.7685,3.765,3.768,3.7705,3.7735,3.77,3.773,7
2026-01-29 04:09:00,3.7675,3.768,3.766,3.7665,3.7725,3.773,3.771,3.7715,6
2026-01-29 04:10:00,3.767,3.768,3.767,3.768,3.772,3.773,3.772,3.773,5
2026-01-29 04:11:00,3.7675,3.7675,3.7645,3.7655,3.7725,3.7725,3.7695,3.7705,7
2026-01-29 04:12:00,3.7665,3.767,3.766,3.7665,3.7715,3.772,3.771,3.7715,4
2026-01-29 04:13:00,3.768,3.7695,3.7675,3.7675,3.773,3.7745,3.7725,3.7725,5
2026-01-29 04:14:00,3.768,3.7685,3.7665,3.767,3.773,3.7735,3.7715,3.772,6
2026-01-29 04:15:00,3.7675,3.7675,3.7655,3.7655,3.7725,3.7725,3.7705,3.7705,13
2026-01-29 04:16:00,3.765,3.765,3.758,3.762,3.77,3.77,3.763,3.767,17
2026-01-29 04:17:00,3.7615,3.7685,3.7615,3.7685,3.7665,3.7735,3.7665,3.7735,8
2026-01-29 04:18:00,3.768,3.768,3.7665,3.7665,3.773,3.773,3.7715,3.7715,4
2026-01-29 04:19:00,3.7655,3.7655,3.7655,3.7655,3.7705,3.7705,3.7705,3.7705,1
2026-01-29 04:20:00,3.766,3.773,3.766,3.771,3.771,3.778,3.771,3.776,15
2026-01-29 04:21:00,3.7725,3.7735,3.771,3.7715,3.7775,3.7785,3.776,3.7765,7
2026-01-29 04:22:00,3.772,3.772,3.771,3.771,3.777,3.777,3.776,3.776,5
2026-01-29 04:23:00,3.7715,3.775,3.7715,3.7735,3.7765,3.78,3.7765,3.7785,10
2026-01-29 04:24:00,3.774,3.779,3.773,3.7735,3.779,3.784,3.778,3.7785,14
2026-01-29 04:25:00,3.773,3.7745,3.772,3.7735,3.778,3.7795,3.777,3.7785,11
2026-01-29 04:26:00,3.773,3.778,3.773,3.7765,3.778,3.783,3.778,3.7815,11
2026-01-29 04:27:00,3.776,3.776,3.774,3.776,3.781,3.781,3.779,3.781,6
2026-01-29 04:28:00,3.7765,3.777,3.7745,3.777,3.7815,3.782,3.7795,3.782,7
2026-01-29 04:29:00,3.7765,3.7815,3.7745,3.7745,3.7815,3.7865,3.7795,3.7795,23
2026-01-29 04:30:00,3.774,3.774,3.7705,3.772,3.779,3.779,3.7755,3.777,16
2026-01-29 04:31:00,3.7725,3.773,3.7715,3.7725,3.7775,3.778,3.7765,3.7775,9
2026-01-29 04:32:00,3.773,3.773,3.769,3.773,3.778,3.778,3.774,3.778,16
2026-01-29 04:33:00,3.774,3.7775,3.774,3.777,3.779,3.7825,3.779,3.782,11
2026-01-29 04:34:00,3.778,3.778,3.7765,3.7775,3.783,3.783,3.7815,3.7825,5
2026-01-29 04:35:00,3.778,3.778,3.778,3.778,3.783,3.783,3.783,3.783,1
2026-01-29 04:36:00,3.7785,3.7835,3.776,3.7825,3.7835,3.7885,3.781,3.7875,19
2026-01-29 04:37:00,3.782,3.7845,3.7815,3.783,3.787,3.7895,3.7865,3.788,14
2026-01-29 04:38:00,3.7835,3.7895,3.7835,3.7895,3.7885,3.7945,3.7885,3.7945,16
2026-01-29 04:39:00,3.789,3.7895,3.789,3.789,3.794,3.7945,3.794,3.794,3
2026-01-29 04:40:00,3.7895,3.7915,3.7855,3.7855,3.7945,3.7965,3.7905,3.7905,13
2026-01-29 04:41:00,3.785,3.7865,3.7825,3.786,3.79,3.7915,3.7875,3.791,13
2026-01-29 04:42:00,3.785,3.785,3.781,3.784,3.79,3.79,3.786,3.789,7
2026-01-29 04:43:00,3.7845,3.791,3.7845,3.79,3.7895,3.796,3.7895,3.795,23
2026-01-29 04:44:00,3.7905,3.7905,3.787,3.787,3.7955,3.7955,3.792,3.792,11
2026-01-29 04:45:00,3.7875,3.7895,3.786,3.788,3.7925,3.7945,3.791,3.793,8
2026-01-29 04:46:00,3.789,3.789,3.7885,3.7885,3.794,3.794,3.7935,3.7935,4
2026-01-29 04:47:00,3.789,3.7895,3.789,3.789,3.794,3.7945,3.794,3.794,3
2026-01-29 04:48:00,3.7885,3.789,3.788,3.789,3.7935,3.794,3.793,3.794,4
2026-01-29 04:49:00,3.7895,3.79,3.7865,3.787,3.7945,3.795,3.7915,3.792,10
2026-01-29 04:50:00,3.7865,3.787,3.7845,3.785,3.7915,3.792,3.7895,3.79,8
2026-01-29 04:51:00,3.7845,3.7875,3.7825,3.7875,3.7895,3.7925,3.7875,3.7925,9
2026-01-29 04:52:00,3.787,3.787,3.7865,3.7865,3.792,3.792,3.7915,3.7915,2
2026-01-29 04:53:00,3.786,3.7875,3.7855,3.787,3.791,3.7925,3.7905,3.792,6
2026-01-29 04:54:00,3.7875,3.7875,3.7875,3.7875,3.7925,3.7925,3.7925,3.7925,1
2026-01-29 04:55:00,3.787,3.7915,3.7865,3.791,3.792,3.7965,3.7915,3.796,12
2026-01-29 04:56:00,3.7905,3.793,3.7905,3.792,3.7955,3.798,3.7955,3.797,8
2026-01-29 04:57:00,3.7915,3.8,3.7915,3.7975,3.7965,3.805,3.7965,3.8025,36
2026-01-29 04:58:00,3.798,3.8005,3.7965,3.8005,3.803,3.8055,3.8015,3.8055,14
2026-01-29 04:59:00,3.7995,3.8,3.7985,3.7985,3.8045,3.805,3.8035,3.8035,4
2026-01-29 05:00:00,3.798,3.798,3.7885,3.7895,3.803,3.803,3.7935,3.7945,15
2026-01-29 05:01:00,3.789,3.7965,3.7885,3.795,3.794,3.8015,3.7935,3.8,15
2026-01-29 05:02:00,3.7945,3.7945,3.792,3.794,3.7995,3.7995,3.797,3.799,8
2026-01-29 05:03:00,3.7965,3.798,3.7955,3.796,3.8015,3.803,3.8005,3.801,8
2026-01-29 05:04:00,3.7945,3.7945,3.794,3.794,3.7995,3.7995,3.799,3.799,2
2026-01-29 05:06:00,3.793,3.794,3.792,3.794,3.798,3.799,3.797,3.799,5
2026-01-29 05:07:00,3.7935,3.794,3.7935,3.794,3.7985,3.799,3.7985,3.799,2
2026-01-29 05:08:00,3.7925,3.7925,3.7925,3.7925,3.7975,3.7975,3.7975,3.7975,1
2026-01-29 05:09:00,3.793,3.793,3.7905,3.7905,3.798,3.798,3.7955,3.7955,3
2026-01-29 05:10:00,3.79,3.7935,3.79,3.79,3.795,3.7985,3.795,3.795,8
2026-01-29 05:11:00,3.7915,3.7925,3.7915,3.792,3.7965,3.7975,3.7965,3.797,3
2026-01-29 05:12:00,3.7915,3.7915,3.7885,3.791,3.7965,3.7965,3.7935,3.796,8
2026-01-29 05:13:00,3.7905,3.791,3.7895,3.7895,3.7955,3.796,3.7945,3.7945,6
2026-01-29 05:14:00,3.7885,3.7905,3.787,3.7885,3.7935,3.7955,3.792,3.7935,13
2026-01-29 05:15:00,3.7895,3.7915,3.7895,3.7905,3.7945,3.7965,3.7945,3.7955,9
2026-01-29 05:16:00,3.791,3.7945,3.791,3.7925,3.796,3.7995,3.796,3.7975,10
2026-01-29 05:17:00,3.793,3.793,3.7925,3.793,3.798,3.798,3.7975,3.798,3
2026-01-29 05:18:00,3.79,3.7905,3.79,3.7905,3.795,3.7955,3.795,3.7955,2
2026-01-29 05:19:00,3.791,3.8,3.791,3.7915,3.796,3.805,3.796,3.7965,27
2026-01-29 05:20:00,3.792,3.793,3.7915,3.7915,3.797,3.798,3.7965,3.7965,7
2026-01-29 05:21:00,3.7925,3.793,3.7925,3.7925,3.7975,3.798,3.7975,3.7975,3
2026-01-29 05:22:00,3.7945,3.7945,3.7895,3.7895,3.7995,3.7995,3.7945,3.7945,9
2026-01-29 05:23:00,3.789,3.79,3.789,3.79,3.794,3.795,3.794,3.795,5
2026-01-29 05:24:00,3.7895,3.793,3.7895,3.792,3.7945,3.798,3.7945,3.797,13
2026-01-29 05:25:00,3.7915,3.793,3.79,3.792,3.7965,3.798,3.795,3.797,7
2026-01-29 05:26:00,3.7935,3.7955,3.7925,3.7925,3.7985,3.8005,3.7975,3.7975,7
2026-01-29 05:27:00,3.7915,3.7935,3.7915,3.792,3.7965,3.7985,3.7965,3.797,11
2026-01-29 05:28:00,3.7915,3.792,3.7905,3.7905,3.7965,3.797,3.7955,3.7955,4
2026-01-29 05:29:00,3.791,3.791,3.789,3.789,3.796,3.796,3.794,3.794,4
2026-01-29 05:30:00,3.7885,3.7915,3.7885,3.79,3.7935,3.7965,3.7935,3.795,6
2026-01-29 05:31:00,3.7895,3.7895,3.7885,3.7885,3.7945,3.7945,3.7935,3.7935,2
2026-01-29 05:32:00,3.789,3.79,3.789,3.789,3.794,3.795,3.794,3.794,3
2026-01-29 05:33:00,3.788,3.7915,3.788,3.7895,3.793,3.7965,3.793,3.7945,7
2026-01-29 05:34:00,3.79,3.792,3.79,3.792,3.795,3.797,3.795,3.797,7
2026-01-29 05:35:00,3.7925,3.7985,3.7925,3.798,3.7975,3.8035,3.7975,3.803,15
2026-01-29 05:36:00,3.7985,3.7995,3.796,3.798,3.8035,3.8045,3.801,3.803,8
2026-01-29 05:37:00,3.7975,3.7975,3.795,3.795,3.8025,3.8025,3.8,3.8,6
2026-01-29 05:38:00,3.7965,3.7965,3.7955,3.7955,3.8015,3.8015,3.8005,3.8005,4
2026-01-29 05:39:00,3.795,3.796,3.795,3.796,3.8,3.801,3.8,3.801,2
2026-01-29 05:40:00,3.7965,3.8045,3.7965,3.8045,3.8015,3.8095,3.8015,3.8095,15
2026-01-29 05:41:00,3.805,3.8075,3.8015,3.805,3.81,3.8125,3.8065,3.81,24
2026-01-29 05:42:00,3.8045,3.805,3.802,3.804,3.8095,3.81,3.807,3.809,11
2026-01-29 05:43:00,3.8045,3.805,3.8045,3.8045,3.8095,3.81,3.8095,3.8095,3
2026-01-29 05:44:00,3.804,3.8045,3.8035,3.804,3.809,3.8095,3.8085,3.809,6
2026-01-29 05:45:00,3.803,3.804,3.8025,3.803,3.808,3.809,3.8075,3.808,6
2026-01-29 05:46:00,3.8035,3.8035,3.8015,3.8015,3.8085,3.8085,3.8065,3.8065,4
2026-01-29 05:47:00,3.8005,3.8005,3.798,3.8,3.8055,3.8055,3.803,3.805,6
2026-01-29 05:48:00,3.8015,3.802,3.801,3.801,3.8065,3.807,3.806,3.806,4
2026-01-29 05:49:00,3.8005,3.801,3.8005,3.8005,3.8055,3.806,3.8055,3.8055,3
2026-01-29 05:50:00,3.8015,3.804,3.801,3.8015,3.8065,3.809,3.806,3.8065,13
2026-01-29 05:51:00,3.801,3.801,3.7975,3.798,3.806,3.806,3.8025,3.803,10
2026-01-29 05:52:00,3.7975,3.799,3.797,3.799,3.8025,3.804,3.802,3.804,7
2026-01-29 05:53:00,3.798,3.803,3.7975,3.803,3.803,3.808,3.8025,3.808,7
2026-01-29 05:54:00,3.804,3.8115,3.8035,3.81,3.809,3.8165,3.8085,3.815,23
2026-01-29 05:55:00,3.8095,3.8095,3.808,3.809,3.8145,3.8145,3.813,3.814,5
2026-01-29 05:56:00,3.8085,3.81,3.8085,3.81,3.8135,3.815,3.8135,3.815,5
2026-01-29 05:57:00,3.8115,3.8145,3.8115,3.813,3.8165,3.8195,3.8165,3.818,7
2026-01-29 05:58:00,3.8135,3.815,3.8125,3.814,3.8185,3.82,3.8175,3.819,9
2026-01-29 05:59:00,3.8145,3.8165,3.813,3.814,3.8195,3.8215,3.818,3.819,13
2026-01-29 06:00:00,3.8145,3.8155,3.8145,3.8155,3.8195,3.8205,3.8195,3.8205,3
2026-01-29 06:01:00,3.8145,3.815,3.8125,3.815,3.8195,3.82,3.8175,3.82,5
2026-01-29 06:02:00,3.8145,3.819,3.8145,3.8145,3.8195,3.824,3.8195,3.8195,12
2026-01-29 06:03:00,3.815,3.8235,3.813,3.82,3.82,3.8285,3.818,3.825,26
2026-01-29 06:04:00,3.8195,3.8195,3.816,3.818,3.8245,3.8245,3.821,3.823,9
2026-01-29 06:05:00,3.8185,3.8185,3.8185,3.8185,3.8235,3.8235,3.8235,3.8235,1
2026-01-29 06:06:00,3.8225,3.8315,3.8225,3.8315,3.8275,3.8365,3.8275,3.8365,26
2026-01-29 06:07:00,3.83,3.838,3.83,3.8305,3.835,3.843,3.835,3.8355,24
2026-01-29 06:08:00,3.83,3.83,3.8275,3.828,3.835,3.835,3.8325,3.833,10
2026-01-29 06:09:00,3.8275,3.8295,3.8255,3.8255,3.8325,3.8345,3.8305,3.8305,21
2026-01-29 06:10:00,3.826,3.8345,3.826,3.832,3.831,3.8395,3.831,3.837,27
2026-01-29 06:11:00,3.8315,3.834,3.8295,3.8325,3.8365,3.839,3.8345,3.8375,22
2026-01-29 06:12:00,3.8305,3.833,3.8305,3.832,3.8355,3.838,3.8355,3.837,9
2026-01-29 06:13:00,3.8325,3.8345,3.828,3.828,3.8375,3.8395,3.833,3.833,22
2026-01-29 06:14:00,3.8275,3.8305,3.8265,3.83,3.8325,3.8355,3.8315,3.835,10
2026-01-29 06:15:00,3.8305,3.8325,3.83,3.8325,3.8355,3.8375,3.835,3.8375,8
2026-01-29 06:16:00,3.833,3.8395,3.833,3.838,3.838,3.8445,3.838,3.843,23
2026-01-29 06:17:00,3.8375,3.8375,3.8325,3.8335,3.8425,3.8425,3.8375,3.8385,11
2026-01-29 06:18:00,3.835,3.841,3.835,3.8395,3.84,3.846,3.84,3.8445,11
2026-01-29 06:19:00,3.84,3.841,3.836,3.837,3.845,3.846,3.841,3.842,7
2026-01-29 06:20:00,3.8365,3.8365,3.827,3.8285,3.8415,3.8415,3.832,3.8335,12
2026-01-29 06:21:00,3.828,3.8295,3.827,3.828,3.833,3.8345,3.832,3.833,8
2026-01-29 06:22:00,3.8285,3.832,3.828,3.831,3.8335,3.837,3.833,3.836,10
2026-01-29 06:23:00,3.8305,3.832,3.8285,3.829,3.8355,3.837,3.8335,3.834,11
2026-01-29 06:24:00,3.8285,3.834,3.8285,3.833,3.8335,3.839,3.8335,3.838,11
2026-01-29 06:25:00,3.8335,3.834,3.8295,3.8315,3.8385,3.839,3.8345,3.8365,9
2026-01-29 06:26:00,3.8305,3.8355,3.8305,3.8345,3.8355,3.8405,3.8355,3.8395,18
2026-01-29 06:27:00,3.835,3.838,3.8335,3.8355,3.84,3.843,3.8385,3.8405,21
2026-01-29 06:28:00,3.836,3.836,3.8325,3.8345,3.841,3.841,3.8375,3.8395,14
2026-01-29 06:29:00,3.8335,3.849,3.833,3.848,3.8385,3.854,3.838,3.853,25
2026-01-29 06:30:00,3.8475,3.857,3.846,3.857,3.8525,3.862,3.851,3.862,27
2026-01-29 06:31:00,3.8575,3.8825,3.857,3.871,3.8625,3.8875,3.862,3.876,73
2026-01-29 06:32:00,3.8705,3.886,3.8705,3.8765,3.8755,3.891,3.8755,3.8815,41
2026-01-29 06:33:00,3.876,3.876,3.8695,3.871,3.881,3.881,3.8745,3.876,15
2026-01-29 06:34:00,3.8705,3.8705,3.864,3.868,3.8755,3.8755,3.869,3.873,22
2026-01-29 06:35:00,3.8675,3.873,3.8665,3.87,3.8725,3.878,3.8715,3.875,18
2026-01-29 06:36:00,3.8705,3.8765,3.8705,3.8765,3.8755,3.8815,3.8755,3.8815,17
2026-01-29 06:37:00,3.876,3.883,3.8715,3.8715,3.881,3.888,3.8765,3.8765,35
2026-01-29 06:38:00,3.8705,3.8765,3.8705,3.8755,3.8755,3.8815,3.8755,3.8805,16
2026-01-29 06:39:00,3.875,3.875,3.8625,3.867,3.88,3.88,3.8675,3.872,28
2026-01-29 06:40:00,3.866,3.8805,3.865,3.8795,3.871,3.8855,3.87,3.8845,31
2026-01-29 06:41:00,3.8805,3.8805,3.8775,3.8785,3.8855,3.8855,3.8825,3.8835,14
2026-01-29 06:42:00,3.877,3.8865,3.877,3.885,3.882,3.8915,3.882,3.89,18
2026-01-29 06:43:00,3.8845,3.8855,3.8775,3.883,3.8895,3.8905,3.8825,3.888,20
2026-01-29 06:44:00,3.8825,3.883,3.878,3.881,3.8875,3.888,3.883,3.886,18
2026-01-29 06:45:00,3.8795,3.8865,3.8795,3.881,3.8845,3.8915,3.8845,3.886,19
2026-01-29 06:46:00,3.8795,3.8815,3.8705,3.8715,3.8845,3.8865,3.8755,3.8765,29
2026-01-29 06:47:00,3.8705,3.873,3.85,3.8515,3.8755,3.878,3.855,3.8565,31
2026-01-29 06:48:00,3.8505,3.8505,3.83,3.8315,3.8555,3.8555,3.835,3.8365,59
2026-01-29 06:49:00,3.832,3.832,3.8175,3.8225,3.837,3.837,3.8225,3.8275,46
2026-01-29 06:50:00,3.822,3.838,3.815,3.8365,3.827,3.843,3.82,3.8415,37
2026-01-29 06:51:00,3.836,3.857,3.831,3.841,3.841,3.862,3.836,3.846,56
2026-01-29 06:52:00,3.842,3.8525,3.842,3.8505,3.847,3.8575,3.847,3.8555,33
2026-01-29 06:53:00,3.851,3.8545,3.826,3.8285,3.856,3.8595,3.831,3.8335,49
2026-01-29 06:54:00,3.83,3.847,3.822,3.8465,3.835,3.852,3.827,3.8515,41
2026-01-29 06:55:00,3.8455,3.846,3.8265,3.838,3.8505,3.851,3.8315,3.843,46
2026-01-29 06:56:00,3.839,3.8565,3.8385,3.8525,3.844,3.8615,3.8435,3.8575,34
2026-01-29 06:57:00,3.8535,3.854,3.8305,3.835,3.8585,3.859,3.8355,3.84,30
2026-01-29 06:58:00,3.834,3.849,3.8305,3.8385,3.839,3.854,3.8355,3.8435,44
2026-01-29 06:59:00,3.838,3.8425,3.838,3.8415,3.843,3.8475,3.843,3.8465,17
2026-01-29 07:00:00,3.842,3.8455,3.8305,3.8335,3.847,3.8505,3.8355,3.8385,67
2026-01-29 07:01:00,3.834,3.8395,3.8335,3.835,3.839,3.8445,3.8385,3.84,21
2026-01-29 07:02:00,3.8365,3.8365,3.8255,3.8335,3.8415,3.8415,3.8305,3.8385,39
2026-01-29 07:03:00,3.834,3.834,3.82,3.8295,3.839,3.839,3.825,3.8345,44
2026-01-29 07:04:00,3.83,3.8305,3.829,3.829,3.835,3.8355,3.834,3.834,3
2026-01-29 07:05:00,3.8265,3.8285,3.824,3.8285,3.8315,3.8335,3.829,3.8335,10
2026-01-29 07:06:00,3.8295,3.833,3.8175,3.8255,3.8345,3.838,3.8225,3.8305,23
2026-01-29 07:07:00,3.825,3.825,3.8145,3.8235,3.83,3.83,3.8195,3.8285,29
2026-01-29 07:08:00,3.823,3.823,3.8175,3.82,3.828,3.828,3.8225,3.825,13
2026-01-29 07:09:00,3.8205,3.8245,3.817,3.822,3.8255,3.8295,3.822,3.827,19
2026-01-29 07:10:00,3.8215,3.8225,3.815,3.816,3.8265,3.8275,3.82,3.821,12
2026-01-29 07:11:00,3.817,3.826,3.817,3.823,3.822,3.831,3.822,3.828,13
2026-01-29 07:12:00,3.8215,3.8215,3.804,3.804,3.8265,3.8265,3.809,3.809,34
2026-01-29 07:13:00,3.8045,3.8135,3.8035,3.8095,3.8095,3.8185,3.8085,3.8145,36
2026-01-29 07:14:00,3.809,3.812,3.8065,3.812,3.814,3.817,3.8115,3.817,18
2026-01-29 07:15:00,3.8105,3.816,3.803,3.805,3.8155,3.821,3.808,3.81,31
2026-01-29 07:16:00,3.8045,3.8055,3.8015,3.8055,3.8095,3.8105,3.8065,3.8105,21
2026-01-29 07:17:00,3.805,3.805,3.776,3.783,3.81,3.81,3.781,3.788,61
2026-01-29 07:18:00,3.7825,3.8045,3.7825,3.7885,3.7875,3.8095,3.7875,3.7935,73
2026-01-29 07:19:00,3.788,3.8005,3.788,3.7935,3.793,3.8055,3.793,3.7985,25
2026-01-29 07:20:00,3.794,3.8055,3.7935,3.8055,3.799,3.8105,3.7985,3.8105,21
2026-01-29 07:21:00,3.8045,3.8045,3.791,3.797,3.8095,3.8095,3.796,3.802,29
2026-01-29 07:22:00,3.796,3.796,3.7895,3.791,3.801,3.801,3.7945,3.796,25
2026-01-29 07:23:00,3.7885,3.794,3.7875,3.79,3.7935,3.799,3.7925,3.795,26
2026-01-29 07:24:00,3.7885,3.7895,3.788,3.7885,3.7935,3.7945,3.793,3.7935,7
2026-01-29 07:25:00,3.7875,3.796,3.7845,3.7865,3.7925,3.801,3.7895,3.7915,29
2026-01-29 07:26:00,3.7815,3.7875,3.7765,3.7875,3.7865,3.7925,3.7815,3.7925,45
2026-01-29 07:27:00,3.788,3.7925,3.787,3.788,3.793,3.7975,3.792,3.793,15
2026-01-29 07:28:00,3.7885,3.794,3.7885,3.794,3.7935,3.799,3.7935,3.799,16
2026-01-29 07:29:00,3.793,3.793,3.789,3.793,3.798,3.798,3.794,3.798,13
2026-01-29 07:30:00,3.7935,3.7965,3.793,3.796,3.7985,3.8015,3.798,3.801,16
2026-01-29 07:31:00,3.7955,3.8005,3.7895,3.7985,3.8005,3.8055,3.7945,3.8035,32
2026-01-29 07:32:00,3.7975,3.7995,3.7945,3.799,3.8025,3.8045,3.7995,3.804,27
2026-01-29 07:33:00,3.8015,3.805,3.801,3.8045,3.8065,3.81,3.806,3.8095,23
2026-01-29 07:34:00,3.805,3.81,3.8045,3.8075,3.81,3.815,3.8095,3.8125,33
2026-01-29 07:35:00,3.807,3.8085,3.8035,3.8045,3.812,3.8135,3.8085,3.8095,17
2026-01-29 07:36:00,3.805,3.807,3.803,3.803,3.81,3.812,3.808,3.808,18
2026-01-29 07:37:00,3.8035,3.806,3.7935,3.795,3.8085,3.811,3.7985,3.8,19
2026-01-29 07:38:00,3.7975,3.801,3.7975,3.801,3.8025,3.806,3.8025,3.806,6
2026-01-29 07:39:00,3.8015,3.8065,3.8015,3.806,3.8065,3.8115,3.8065,3.811,7
2026-01-29 07:40:00,3.805,3.805,3.7985,3.801,3.81,3.81,3.8035,3.806,14
2026-01-29 07:41:00,3.8,3.802,3.8,3.8005,3.805,3.807,3.805,3.8055,9
2026-01-29 07:42:00,3.799,3.799,3.7935,3.7955,3.804,3.804,3.7985,3.8005,18
2026-01-29 07:43:00,3.796,3.8025,3.7945,3.8015,3.801,3.8075,3.7995,3.8065,15
2026-01-29 07:44:00,3.803,3.804,3.799,3.799,3.808,3.809,3.804,3.804,9
2026-01-29 07:46:00,3.7985,3.7995,3.798,3.798,3.8035,3.8045,3.803,3.803,5
2026-01-29 07:47:00,3.7975,3.7975,3.7915,3.794,3.8025,3.8025,3.7965,3.799,10
2026-01-29 07:48:00,3.7935,3.7945,3.7925,3.7945,3.7985,3.7995,3.7975,3.7995,9
2026-01-29 07:49:00,3.7955,3.7955,3.792,3.792,3.8005,3.8005,3.797,3.797,6
2026-01-29 07:50:00,3.791,3.7935,3.7855,3.7855,3.796,3.7985,3.7905,3.7905,9
2026-01-29 07:51:00,3.786,3.7875,3.78,3.782,3.791,3.7925,3.785,3.787,23
2026-01-29 07:52:00,3.781,3.7855,3.777,3.7855,3.786,3.7905,3.782,3.7905,21
2026-01-29 07:53:00,3.795,3.799,3.7945,3.7975,3.8,3.804,3.7995,3.8025,21
2026-01-29 07:54:00,3.798,3.8045,3.798,3.803,3.803,3.8095,3.803,3.808,18
2026-01-29 07:55:00,3.8035,3.8035,3.803,3.803,3.8085,3.8085,3.808,3.808,2
2026-01-29 07:56:00,3.8025,3.8035,3.801,3.8015,3.8075,3.8085,3.806,3.8065,12
2026-01-29 07:57:00,3.801,3.8165,3.801,3.8165,3.806,3.8215,3.806,3.8215,26
2026-01-29 07:58:00,3.8155,3.818,3.8135,3.814,3.8205,3.823,3.8185,3.819,21
2026-01-29 07:59:00,3.816,3.8215,3.816,3.821,3.821,3.8265,3.821,3.826,13
2026-01-29 08:00:00,3.8225,3.8225,3.8155,3.8165,3.8275,3.8275,3.8205,3.8215,15
2026-01-29 08:01:00,3.8175,3.8305,3.816,3.8275,3.8225,3.8355,3.821,3.8325,37
2026-01-29 08:02:00,3.8285,3.833,3.8245,3.827,3.8335,3.838,3.8295,3.832,27
2026-01-29 08:03:00,3.8275,3.8345,3.8245,3.833,3.8325,3.8395,3.8295,3.838,22
2026-01-29 08:04:00,3.832,3.832,3.8275,3.8285,3.837,3.837,3.8325,3.8335,10
2026-01-29 08:05:00,3.828,3.831,3.828,3.828,3.833,3.836,3.833,3.833,11
2026-01-29 08:06:00,3.8295,3.834,3.8295,3.833,3.8345,3.839,3.8345,3.838,10
2026-01-29 08:07:00,3.8325,3.8325,3.832,3.832,3.8375,3.8375,3.837,3.837,2
2026-01-29 08:08:00,3.8315,3.8315,3.824,3.8245,3.8365,3.8365,3.829,3.8295,13
2026-01-29 08:09:00,3.824,3.8265,3.821,3.821,3.829,3.8315,3.826,3.826,20
2026-01-29 08:10:00,3.8215,3.823,3.821,3.821,3.8265,3.828,3.826,3.826,11
2026-01-29 08:11:00,3.8205,3.8205,3.8165,3.817,3.8255,3.8255,3.8215,3.822,14
2026-01-29 08:12:00,3.8175,3.818,3.8135,3.816,3.8225,3.823,3.8185,3.821,13
2026-01-29 08:13:00,3.8155,3.8155,3.814,3.815,3.8205,3.8205,3.819,3.82,6
2026-01-29 08:14:00,3.8135,3.8135,3.8105,3.8105,3.8185,3.8185,3.8155,3.8155,6
2026-01-29 08:15:00,3.81,3.8125,3.81,3.8115,3.815,3.8175,3.815,3.8165,16
2026-01-29 08:16:00,3.812,3.813,3.812,3.8125,3.817,3.818,3.817,3.8175,4
2026-01-29 08:17:00,3.812,3.812,3.81,3.81,3.817,3.817,3.815,3.815,4
2026-01-29 08:18:00,3.8095,3.8135,3.8095,3.81,3.8145,3.8185,3.8145,3.815,17
2026-01-29 08:20:00,3.8095,3.8095,3.8035,3.804,3.8145,3.8145,3.8085,3.809,13
2026-01-29 08:21:00,3.8035,3.8035,3.8035,3.8035,3.8085,3.8085,3.8085,3.8085,1
2026-01-29 08:22:00,3.803,3.806,3.8025,3.8055,3.808,3.811,3.8075,3.8105,13
2026-01-29 08:23:00,3.806,3.807,3.806,3.807,3.811,3.812,3.811,3.812,2
2026-01-29 08:25:00,3.8085,3.8085,3.7985,3.804,3.8135,3.8135,3.8035,3.809,26
2026-01-29 08:26:00,3.8045,3.806,3.8025,3.806,3.8095,3.811,3.8075,3.811,14
2026-01-29 08:27:00,3.8055,3.8055,3.8045,3.8055,3.8105,3.8105,3.8095,3.8105,3
2026-01-29 08:28:00,3.805,3.812,3.805,3.809,3.81,3.817,3.81,3.814,17
2026-01-29 08:29:00,3.8095,3.811,3.8095,3.811,3.8145,3.816,3.8145,3.816,11
2026-01-29 08:30:00,3.8115,3.8155,3.809,3.811,3.8165,3.8205,3.814,3.816,23
2026-01-29 08:31:00,3.81,3.81,3.81,3.81,3.815,3.815,3.815,3.815,1
2026-01-29 08:32:00,3.8105,3.8135,3.809,3.809,3.8155,3.8185,3.814,3.814,13
2026-01-29 08:33:00,3.8115,3.813,3.809,3.813,3.8165,3.818,3.814,3.818,7
2026-01-29 08:34:00,3.8135,3.821,3.8135,3.821,3.8185,3.826,3.8185,3.826,9
2026-01-29 08:35:00,3.8195,3.8225,3.8195,3.8205,3.8245,3.8275,3.8245,3.8255,10
2026-01-29 08:36:00,3.8195,3.8205,3.818,3.82,3.8245,3.8255,3.823,3.825,6
2026-01-29 08:37:00,3.8215,3.8225,3.82,3.821,3.8265,3.8275,3.825,3.826,7
2026-01-29 08:38:00,3.8185,3.8185,3.8125,3.8125,3.8235,3.8235,3.8175,3.8175,13
2026-01-29 08:39:00,3.8135,3.8295,3.8135,3.829,3.8185,3.8345,3.8185,3.834,20
2026-01-29 08:40:00,3.8295,3.832,3.829,3.829,3.8345,3.837,3.834,3.834,13
2026-01-29 08:41:00,3.8295,3.8305,3.8265,3.8275,3.8345,3.8355,3.8315,3.8325,12
2026-01-29 08:42:00,3.826,3.8265,3.8235,3.8235,3.831,3.8315,3.8285,3.8285,7
2026-01-29 08:43:00,3.823,3.823,3.823,3.823,3.828,3.828,3.828,3.828,1
2026-01-29 08:44:00,3.8225,3.823,3.8195,3.821,3.8275,3.828,3.8245,3.826,12
2026-01-29 08:45:00,3.8205,3.8205,3.8205,3.8205,3.8255,3.8255,3.8255,3.8255,1
2026-01-29 08:46:00,3.82,3.8225,3.8195,3.8215,3.825,3.8275,3.8245,3.8265,12
2026-01-29 08:47:00,3.8205,3.8205,3.8185,3.8185,3.8255,3.8255,3.8235,3.8235,2
2026-01-29 08:48:00,3.8195,3.8195,3.819,3.8195,3.8245,3.8245,3.824,3.8245,5
2026-01-29 08:49:00,3.819,3.824,3.819,3.824,3.824,3.829,3.824,3.829,6
2026-01-29 08:50:00,3.823,3.8245,3.8225,3.8225,3.828,3.8295,3.8275,3.8275,8
2026-01-29 08:51:00,3.823,3.8305,3.823,3.8305,3.828,3.8355,3.828,3.8355,9
2026-01-29 08:52:00,3.831,3.8365,3.831,3.836,3.836,3.8415,3.836,3.841,16
2026-01-29 08:53:00,3.8355,3.8365,3.823,3.823,3.8405,3.8415,3.828,3.828,27
2026-01-29 08:54:00,3.8235,3.826,3.8235,3.826,3.8285,3.831,3.8285,3.831,7
2026-01-29 08:55:00,3.8245,3.8245,3.8225,3.823,3.8295,3.8295,3.8275,3.828,7
2026-01-29 08:56:00,3.8235,3.8235,3.823,3.823,3.8285,3.8285,3.828,3.828,2
2026-01-29 08:57:00,3.8225,3.8225,3.8205,3.821,3.8275,3.8275,3.8255,3.826,6
2026-01-29 08:58:00,3.8195,3.821,3.8195,3.8205,3.8245,3.826,3.8245,3.8255,3
2026-01-29 08:59:00,3.821,3.824,3.821,3.823,3.826,3.829,3.826,3.828,9
2026-01-29 09:00:00,3.8235,3.8265,3.8225,3.825,3.8285,3.8315,3.8275,3.83,13
2026-01-29 09:01:00,3.8255,3.8255,3.8215,3.8215,3.8305,3.8305,3.8265,3.8265,5
2026-01-29 09:02:00,3.821,3.8225,3.821,3.821,3.826,3.8275,3.826,3.826,7
2026-01-29 09:03:00,3.8205,3.8215,3.8055,3.8085,3.8255,3.8265,3.8105,3.8135,19
2026-01-29 09:04:00,3.808,3.8095,3.807,3.807,3.813,3.8145,3.812,3.812,8
2026-01-29 09:05:00,3.8075,3.8085,3.8045,3.805,3.8125,3.8135,3.8095,3.81,16
2026-01-29 09:06:00,3.8055,3.8065,3.8055,3.8055,3.8105,3.8115,3.8105,3.8105,6
2026-01-29 09:07:00,3.806,3.8115,3.806,3.8115,3.811,3.8165,3.811,3.8165,8
2026-01-29 09:08:00,3.811,3.811,3.809,3.8105,3.816,3.816,3.814,3.8155,8
2026-01-29 09:09:00,3.81,3.81,3.8,3.8025,3.815,3.815,3.805,3.8075,14
2026-01-29 09:10:00,3.802,3.8025,3.7965,3.8025,3.807,3.8075,3.8015,3.8075,16
2026-01-29 09:11:00,3.8035,3.8035,3.7975,3.7985,3.8085,3.8085,3.8025,3.8035,17
2026-01-29 09:12:00,3.798,3.7995,3.7945,3.799,3.803,3.8045,3.7995,3.804,16
2026-01-29 09:13:00,3.7985,3.8065,3.7985,3.806,3.8035,3.8115,3.8035,3.811,9
2026-01-29 09:14:00,3.805,3.805,3.7895,3.794,3.81,3.81,3.7945,3.799,31
2026-01-29 09:15:00,3.795,3.795,3.793,3.793,3.8,3.8,3.798,3.798,2
2026-01-29 09:16:00,3.795,3.795,3.7905,3.792,3.8,3.8,3.7955,3.797,24
2026-01-29 09:17:00,3.7935,3.7955,3.79,3.7905,3.7985,3.8005,3.795,3.7955,14
2026-01-29 09:18:00,3.791,3.791,3.7845,3.787,3.796,3.796,3.7895,3.792,22
2026-01-29 09:19:00,3.7885,3.7895,3.7845,3.786,3.7935,3.7945,3.7895,3.791,10
2026-01-29 09:20:00,3.7865,3.7905,3.7865,3.7905,3.7915,3.7955,3.7915,3.7955,21
2026-01-29 09:21:00,3.79,3.791,3.7865,3.791,3.795,3.796,3.7915,3.796,19
2026-01-29 09:22:00,3.7915,3.8005,3.787,3.7995,3.7965,3.8055,3.792,3.8045,31
2026-01-29 09:23:00,3.8,3.8065,3.8,3.8065,3.805,3.8115,3.805,3.8115,28
2026-01-29 09:24:00,3.807,3.808,3.804,3.806,3.812,3.813,3.809,3.811,13
2026-01-29 09:25:00,3.8055,3.8065,3.8035,3.8035,3.8105,3.8115,3.8085,3.8085,14
2026-01-29 09:26:00,3.804,3.8055,3.8015,3.8025,3.809,3.8105,3.8065,3.8075,12
2026-01-29 09:27:00,3.801,3.805,3.801,3.805,3.806,3.81,3.806,3.81,10
2026-01-29 09:28:00,3.8055,3.807,3.804,3.807,3.8105,3.812,3.809,3.812,9
2026-01-29 09:29:00,3.8065,3.814,3.8065,3.8135,3.8115,3.819,3.8115,3.8185,17
2026-01-29 09:30:00,3.814,3.814,3.8095,3.81,3.819,3.819,3.8145,3.815,11
2026-01-29 09:31:00,3.8095,3.8115,3.8095,3.811,3.8145,3.8165,3.8145,3.816,6
2026-01-29 09:32:00,3.81,3.81,3.803,3.8045,3.815,3.815,3.808,3.8095,21
2026-01-29 09:33:00,3.803,3.8045,3.799,3.801,3.808,3.8095,3.804,3.806,26
2026-01-29 09:34:00,3.8015,3.81,3.7995,3.803,3.8065,3.815,3.8045,3.808,27
2026-01-29 09:35:00,3.8035,3.8055,3.8025,3.8045,3.8085,3.8105,3.8075,3.8095,22
2026-01-29 09:36:00,3.805,3.805,3.794,3.8035,3.81,3.81,3.799,3.8085,44
2026-01-29 09:37:00,3.803,3.8055,3.8005,3.803,3.808,3.8105,3.8055,3.808,14
2026-01-29 09:38:00,3.8035,3.8075,3.8035,3.8075,3.8085,3.8125,3.8085,3.8125,4
2026-01-29 09:39:00,3.807,3.8095,3.803,3.8095,3.812,3.8145,3.808,3.8145,19
2026-01-29 09:40:00,3.809,3.82,3.808,3.82,3.814,3.825,3.813,3.825,25
2026-01-29 09:41:00,3.821,3.821,3.8125,3.817,3.826,3.826,3.8175,3.822,20
2026-01-29 09:42:00,3.8175,3.8175,3.816,3.817,3.8225,3.8225,3.821,3.822,9
2026-01-29 09:43:00,3.818,3.8185,3.8125,3.813,3.823,3.8235,3.8175,3.818,19
2026-01-29 09:44:00,3.814,3.8165,3.8115,3.815,3.819,3.8215,3.8165,3.82,11
2026-01-29 09:45:00,3.8145,3.816,3.8135,3.816,3.8195,3.821,3.8185,3.821,8
2026-01-29 09:46:00,3.817,3.8335,3.816,3.8335,3.822,3.8385,3.821,3.8385,34
2026-01-29 09:47:00,3.8355,3.8365,3.8285,3.829,3.8405,3.8415,3.8335,3.834,24
2026-01-29 09:48:00,3.83,3.8315,3.8295,3.831,3.835,3.8365,3.8345,3.836,6
2026-01-29 09:49:00,3.8305,3.8305,3.827,3.827,3.8355,3.8355,3.832,3.832,6
2026-01-29 09:50:00,3.826,3.8305,3.826,3.829,3.831,3.8355,3.831,3.834,12
2026-01-29 09:51:00,3.8275,3.828,3.8185,3.8205,3.8325,3.833,3.8235,3.8255,30
2026-01-29 09:52:00,3.82,3.8275,3.82,3.825,3.825,3.8325,3.825,3.83,14
2026-01-29 09:53:00,3.8245,3.8245,3.82,3.82,3.8295,3.8295,3.825,3.825,9
2026-01-29 09:54:00,3.8215,3.823,3.8215,3.823,3.8265,3.828,3.8265,3.828,5
2026-01-29 09:55:00,3.822,3.825,3.8155,3.8155,3.827,3.83,3.8205,3.8205,24
2026-01-29 09:56:00,3.816,3.8165,3.804,3.804,3.821,3.8215,3.809,3.809,28
2026-01-29 09:57:00,3.8045,3.8115,3.798,3.8055,3.8095,3.8165,3.803,3.8105,27
2026-01-29 09:58:00,3.805,3.8195,3.8035,3.807,3.81,3.8245,3.8085,3.812,50
2026-01-29 09:59:00,3.8075,3.8075,3.7955,3.801,3.8125,3.8125,3.8005,3.806,34
2026-01-29 10:00:00,3.8015,3.8035,3.794,3.797,3.8065,3.8085,3.799,3.802,39
2026-01-29 10:01:00,3.796,3.799,3.7935,3.796,3.801,3.804,3.7985,3.801,26
2026-01-29 10:02:00,3.7945,3.7995,3.7945,3.796,3.7995,3.8045,3.7995,3.801,13
2026-01-29 10:03:00,3.7965,3.7965,3.7855,3.7905,3.8015,3.8015,3.7905,3.7955,42
2026-01-29 10:04:00,3.791,3.791,3.7805,3.782,3.796,3.796,3.7855,3.787,29
2026-01-29 10:05:00,3.781,3.7845,3.765,3.769,3.786,3.7895,3.77,3.774,58
2026-01-29 10:06:00,3.7675,3.773,3.757,3.761,3.7725,3.778,3.762,3.766,45
2026-01-29 10:07:00,3.7595,3.7595,3.747,3.757,3.7645,3.7645,3.752,3.762,70
2026-01-29 10:08:00,3.7575,3.758,3.7435,3.7475,3.7625,3.763,3.7485,3.7525,65
2026-01-29 10:09:00,3.7485,3.7515,3.7425,3.751,3.7535,3.7565,3.7475,3.756,38
2026-01-29 10:10:00,3.749,3.7505,3.7455,3.7465,3.754,3.7555,3.7505,3.7515,16
2026-01-29 10:11:00,3.7455,3.748,3.743,3.7455,3.7505,3.753,3.748,3.7505,15
2026-01-29 10:12:00,3.745,3.7605,3.745,3.7595,3.75,3.7655,3.75,3.7645,32
2026-01-29 10:13:00,3.759,3.76,3.758,3.7585,3.764,3.765,3.763,3.7635,5
2026-01-29 10:14:00,3.758,3.766,3.758,3.7655,3.763,3.771,3.763,3.7705,25
2026-01-29 10:15:00,3.7645,3.7715,3.7625,3.769,3.7695,3.7765,3.7675,3.774,29
2026-01-29 10:16:00,3.77,3.7745,3.7675,3.773,3.775,3.7795,3.7725,3.778,29
2026-01-29 10:17:00,3.774,3.777,3.774,3.775,3.779,3.782,3.779,3.78,10
2026-01-29 10:18:00,3.7745,3.785,3.7725,3.7845,3.7795,3.79,3.7775,3.7895,23
2026-01-29 10:19:00,3.785,3.79,3.785,3.789,3.79,3.795,3.79,3.794,16
2026-01-29 10:20:00,3.7895,3.79,3.7875,3.79,3.7945,3.795,3.7925,3.795,9
2026-01-29 10:21:00,3.7905,3.7925,3.7885,3.7915,3.7955,3.7975,3.7935,3.7965,18
2026-01-29 10:22:00,3.791,3.791,3.7785,3.7795,3.796,3.796,3.7835,3.7845,25
2026-01-29 10:23:00,3.78,3.7825,3.7765,3.782,3.785,3.7875,3.7815,3.787,22
2026-01-29 10:24:00,3.7825,3.785,3.7695,3.772,3.7875,3.79,3.7745,3.777,39
2026-01-29 10:25:00,3.7715,3.7805,3.767,3.7725,3.7765,3.7855,3.772,3.7775,52
2026-01-29 10:26:00,3.773,3.7775,3.7645,3.77,3.778,3.7825,3.7695,3.775,50
2026-01-29 10:27:00,3.7705,3.7725,3.767,3.771,3.7755,3.7775,3.772,3.776,21
2026-01-29 10:28:00,3.7715,3.7725,3.7635,3.7695,3.7765,3.7775,3.7685,3.7745,22
2026-01-29 10:29:00,3.77,3.77,3.7605,3.7605,3.775,3.775,3.7655,3.7655,28
2026-01-29 10:30:00,3.7615,3.7705,3.7615,3.768,3.7665,3.7755,3.7665,3.773,24
2026-01-29 10:31:00,3.7665,3.7695,3.766,3.7695,3.7715,3.7745,3.771,3.7745,11
2026-01-29 10:32:00,3.7665,3.7695,3.7595,3.763,3.7715,3.7745,3.7645,3.768,51
2026-01-29 10:33:00,3.7645,3.7645,3.755,3.7605,3.7695,3.7695,3.76,3.7655,38
2026-01-29 10:34:00,3.76,3.764,3.7515,3.753,3.765,3.769,3.7565,3.758,27
2026-01-29 10:35:00,3.752,3.756,3.7515,3.753,3.757,3.761,3.7565,3.758,14
2026-01-29 10:36:00,3.752,3.756,3.747,3.756,3.757,3.761,3.752,3.761,29
2026-01-29 10:37:00,3.755,3.765,3.755,3.7625,3.76,3.77,3.76,3.7675,46
2026-01-29 10:38:00,3.763,3.767,3.7625,3.7655,3.768,3.772,3.7675,3.7705,22
2026-01-29 10:39:00,3.765,3.7695,3.765,3.768,3.77,3.7745,3.77,3.773,12
2026-01-29 10:40:00,3.7685,3.7685,3.7625,3.7635,3.7735,3.7735,3.7675,3.7685,13
2026-01-29 10:41:00,3.763,3.773,3.762,3.773,3.768,3.778,3.767,3.778,23
2026-01-29 10:42:00,3.774,3.776,3.768,3.7695,3.779,3.781,3.773,3.7745,23
2026-01-29 10:43:00,3.77,3.78,3.7695,3.7795,3.775,3.785,3.7745,3.7845,15
2026-01-29 10:44:00,3.779,3.78,3.775,3.775,3.784,3.785,3.78,3.78,19
2026-01-29 10:45:00,3.7745,3.7775,3.7745,3.777,3.7795,3.7825,3.7795,3.782,5
2026-01-29 10:46:00,3.779,3.779,3.775,3.777,3.784,3.784,3.78,3.782,12
2026-01-29 10:47:00,3.7775,3.779,3.7745,3.7745,3.7825,3.784,3.7795,3.7795,19
2026-01-29 10:48:00,3.775,3.7765,3.7705,3.7715,3.78,3.7815,3.7755,3.7765,15
2026-01-29 10:49:00,3.773,3.7745,3.77,3.774,3.778,3.7795,3.775,3.779,12
2026-01-29 10:50:00,3.7725,3.774,3.769,3.77,3.7775,3.779,3.774,3.775,20
2026-01-29 10:51:00,3.772,3.781,3.772,3.778,3.777,3.786,3.777,3.783,17
2026-01-29 10:52:00,3.7775,3.7795,3.777,3.779,3.7825,3.7845,3.782,3.784,10
2026-01-29 10:53:00,3.78,3.7895,3.78,3.789,3.785,3.7945,3.785,3.794,28
2026-01-29 10:54:00,3.787,3.794,3.787,3.794,3.792,3.799,3.792,3.799,23
2026-01-29 10:55:00,3.7935,3.798,3.7915,3.798,3.7985,3.803,3.7965,3.803,33
2026-01-29 10:56:00,3.7985,3.8145,3.798,3.8125,3.8035,3.8195,3.803,3.8175,36
2026-01-29 10:57:00,3.8135,3.814,3.811,3.8115,3.8185,3.819,3.816,3.8165,30
2026-01-29 10:58:00,3.811,3.8115,3.8075,3.808,3.816,3.8165,3.8125,3.813,27
2026-01-29 10:59:00,3.8085,3.8135,3.797,3.798,3.8135,3.8185,3.802,3.803,58
2026-01-29 11:00:00,3.797,3.8005,3.782,3.792,3.802,3.8055,3.787,3.797,98
2026-01-29 11:01:00,3.793,3.793,3.7795,3.783,3.798,3.798,3.7845,3.788,55
2026-01-29 11:02:00,3.7825,3.792,3.7775,3.781,3.7875,3.797,3.7825,3.786,54
2026-01-29 11:03:00,3.7815,3.7865,3.7815,3.7845,3.7865,3.7915,3.7865,3.7895,17
2026-01-29 11:04:00,3.7835,3.7925,3.783,3.789,3.7885,3.7975,3.788,3.794,17
2026-01-29 11:05:00,3.7865,3.7865,3.7745,3.776,3.7915,3.7915,3.7795,3.781,35
2026-01-29 11:06:00,3.777,3.78,3.7725,3.7795,3.782,3.785,3.7775,3.7845,25
2026-01-29 11:07:00,3.779,3.7885,3.7775,3.7875,3.784,3.7935,3.7825,3.7925,28
2026-01-29 11:08:00,3.789,3.791,3.787,3.791,3.794,3.796,3.792,3.796,22
2026-01-29 11:09:00,3.7885,3.793,3.777,3.7785,3.7935,3.798,3.782,3.7835,49
2026-01-29 11:10:00,3.777,3.789,3.777,3.783,3.782,3.794,3.782,3.788,37
2026-01-29 11:11:00,3.7835,3.7845,3.7825,3.783,3.7885,3.7895,3.7875,3.788,7
2026-01-29 11:12:00,3.7805,3.7805,3.7765,3.7795,3.7855,3.7855,3.7815,3.7845,19
2026-01-29 11:13:00,3.78,3.7835,3.7785,3.7785,3.785,3.7885,3.7835,3.7835,17
2026-01-29 11:14:00,3.779,3.7865,3.779,3.7865,3.784,3.7915,3.784,3.7915,10
2026-01-29 11:15:00,3.786,3.79,3.7845,3.788,3.791,3.795,3.7895,3.793,24
2026-01-29 11:16:00,3.787,3.789,3.7865,3.789,3.792,3.794,3.7915,3.794,7
2026-01-29 11:17:00,3.7895,3.7895,3.7865,3.787,3.7945,3.7945,3.7915,3.792,5
2026-01-29 11:18:00,3.7875,3.795,3.7875,3.791,3.7925,3.8,3.7925,3.796,12
2026-01-29 11:19:00,3.7915,3.805,3.7915,3.805,3.7965,3.81,3.7965,3.81,12
2026-01-29 11:20:00,3.804,3.8055,3.802,3.805,3.809,3.8105,3.807,3.81,19
2026-01-29 11:21:00,3.806,3.81,3.804,3.8055,3.811,3.815,3.809,3.8105,26
2026-01-29 11:22:00,3.806,3.8065,3.804,3.805,3.811,3.8115,3.809,3.81,9
2026-01-29 11:23:00,3.8055,3.8055,3.8,3.8,3.8105,3.8105,3.805,3.805,19
2026-01-29 11:24:00,3.8005,3.804,3.799,3.8035,3.8055,3.809,3.804,3.8085,19
2026-01-29 11:25:00,3.803,3.8085,3.8015,3.8075,3.808,3.8135,3.8065,3.8125,21
2026-01-29 11:26:00,3.8085,3.8085,3.7975,3.798,3.8135,3.8135,3.8025,3.803,19
2026-01-29 11:27:00,3.7975,3.801,3.794,3.798,3.8025,3.806,3.799,3.803,25
2026-01-29 11:28:00,3.7985,3.806,3.7985,3.806,3.8035,3.811,3.8035,3.811,11
2026-01-29 11:29:00,3.8075,3.8085,3.8015,3.8015,3.8125,3.8135,3.8065,3.8065,20
2026-01-29 11:30:00,3.8025,3.809,3.802,3.809,3.8075,3.814,3.807,3.814,14
2026-01-29 11:31:00,3.8085,3.809,3.8045,3.809,3.8135,3.814,3.8095,3.814,14
2026-01-29 11:32:00,3.8085,3.8095,3.8055,3.8065,3.8135,3.8145,3.8105,3.8115,9
2026-01-29 11:33:00,3.806,3.8085,3.787,3.7875,3.811,3.8135,3.792,3.7925,30
2026-01-29 11:34:00,3.7885,3.7945,3.7805,3.7815,3.7935,3.7995,3.7855,3.7865,51
2026-01-29 11:35:00,3.782,3.788,3.777,3.7785,3.787,3.793,3.782,3.7835,33
2026-01-29 11:36:00,3.7795,3.7935,3.779,3.792,3.7845,3.7985,3.784,3.797,30
2026-01-29 11:37:00,3.793,3.7945,3.7905,3.794,3.798,3.7995,3.7955,3.799,15
2026-01-29 11:38:00,3.7945,3.8005,3.7915,3.799,3.7995,3.8055,3.7965,3.804,15
2026-01-29 11:39:00,3.7975,3.806,3.796,3.8025,3.8025,3.811,3.801,3.8075,20
2026-01-29 11:40:00,3.8015,3.8095,3.8015,3.804,3.8065,3.8145,3.8065,3.809,29
2026-01-29 11:41:00,3.8035,3.81,3.8025,3.808,3.8085,3.815,3.8075,3.813,25
2026-01-29 11:42:00,3.8075,3.8075,3.801,3.8075,3.8125,3.8125,3.806,3.8125,12
2026-01-29 11:43:00,3.807,3.807,3.803,3.804,3.812,3.812,3.808,3.809,12
2026-01-29 11:44:00,3.805,3.8075,3.803,3.8045,3.81,3.8125,3.808,3.8095,17
2026-01-29 11:45:00,3.804,3.805,3.8035,3.804,3.809,3.81,3.8085,3.809,10
2026-01-29 11:46:00,3.8045,3.8075,3.8045,3.807,3.8095,3.8125,3.8095,3.812,10
2026-01-29 11:47:00,3.8065,3.8065,3.8015,3.8015,3.8115,3.8115,3.8065,3.8065,8
2026-01-29 11:48:00,3.8005,3.8035,3.8,3.8,3.8055,3.8085,3.805,3.805,10
2026-01-29 11:49:00,3.7995,3.7995,3.798,3.7985,3.8045,3.8045,3.803,3.8035,8
2026-01-29 11:50:00,3.798,3.8005,3.796,3.7995,3.803,3.8055,3.801,3.8045,16
2026-01-29 11:51:00,3.799,3.7995,3.7975,3.7975,3.804,3.8045,3.8025,3.8025,10
2026-01-29 11:52:00,3.798,3.8065,3.7975,3.8035,3.803,3.8115,3.8025,3.8085,26
2026-01-29 11:53:00,3.804,3.8045,3.8035,3.804,3.809,3.8095,3.8085,3.809,7
2026-01-29 11:54:00,3.8045,3.8065,3.8045,3.8055,3.8095,3.8115,3.8095,3.8105,16
2026-01-29 11:55:00,3.805,3.809,3.804,3.8075,3.81,3.814,3.809,3.8125,11
2026-01-29 11:56:00,3.808,3.8085,3.8075,3.8085,3.813,3.8135,3.8125,3.8135,7
2026-01-29 11:57:00,3.808,3.8115,3.7935,3.7935,3.813,3.8165,3.7985,3.7985,25
2026-01-29 11:58:00,3.794,3.794,3.7915,3.7915,3.799,3.799,3.7965,3.7965,12
2026-01-29 11:59:00,3.7925,3.802,3.786,3.787,3.7975,3.807,3.791,3.792,39
2026-01-29 12:00:00,3.7865,3.787,3.782,3.783,3.7915,3.792,3.787,3.788,13
2026-01-29 12:01:00,3.7825,3.784,3.7805,3.7835,3.7875,3.789,3.7855,3.7885,11
2026-01-29 12:02:00,3.7825,3.7855,3.7815,3.782,3.7875,3.7905,3.7865,3.787,25
2026-01-29 12:03:00,3.7815,3.7855,3.7805,3.784,3.7865,3.7905,3.7855,3.789,19
2026-01-29 12:04:00,3.7835,3.8,3.7835,3.7945,3.7885,3.805,3.7885,3.7995,48
2026-01-29 12:05:00,3.7935,3.7985,3.7925,3.7985,3.7985,3.8035,3.7975,3.8035,30
2026-01-29 12:06:00,3.799,3.799,3.7965,3.7975,3.804,3.804,3.8015,3.8025,6
2026-01-29 12:07:00,3.7965,3.8055,3.7935,3.802,3.8015,3.8105,3.7985,3.807,33
2026-01-29 12:08:00,3.8015,3.806,3.8015,3.806,3.8065,3.811,3.8065,3.811,12
2026-01-29 12:09:00,3.804,3.804,3.795,3.798,3.809,3.809,3.8,3.803,32
2026-01-29 12:10:00,3.7985,3.802,3.7955,3.798,3.8035,3.807,3.8005,3.803,19
2026-01-29 12:11:00,3.7985,3.8025,3.7825,3.7825,3.8035,3.8075,3.7875,3.7875,30
2026-01-29 12:12:00,3.7805,3.7835,3.779,3.783,3.7855,3.7885,3.784,3.788,15
2026-01-29 12:13:00,3.781,3.781,3.7795,3.78,3.786,3.786,3.7845,3.785,5
2026-01-29 12:14:00,3.782,3.783,3.7775,3.7805,3.787,3.788,3.7825,3.7855,16
2026-01-29 12:15:00,3.781,3.781,3.7765,3.777,3.786,3.786,3.7815,3.782,17
2026-01-29 12:16:00,3.7765,3.7785,3.7745,3.7755,3.7815,3.7835,3.7795,3.7805,21
2026-01-29 12:17:00,3.776,3.777,3.7715,3.773,3.781,3.782,3.7765,3.778,22
2026-01-29 12:18:00,3.7725,3.777,3.7705,3.7745,3.7775,3.782,3.7755,3.7795,21
2026-01-29 12:19:00,3.775,3.782,3.7735,3.782,3.78,3.787,3.7785,3.787,13
2026-01-29 12:20:00,3.7825,3.7855,3.7825,3.785,3.7875,3.7905,3.7875,3.79,12
2026-01-29 12:21:00,3.787,3.792,3.785,3.785,3.792,3.797,3.79,3.79,26
2026-01-29 12:22:00,3.7855,3.7865,3.7845,3.786,3.7905,3.7915,3.7895,3.791,8
2026-01-29 12:23:00,3.7855,3.7855,3.778,3.779,3.7905,3.7905,3.783,3.784,18
2026-01-29 12:24:00,3.7795,3.7805,3.7785,3.7795,3.7845,3.7855,3.7835,3.7845,6
2026-01-29 12:25:00,3.7785,3.78,3.774,3.774,3.7835,3.785,3.779,3.779,20
2026-01-29 12:26:00,3.7745,3.777,3.774,3.777,3.7795,3.782,3.779,3.782,8
2026-01-29 12:27:00,3.7765,3.7775,3.7725,3.7765,3.7815,3.7825,3.7775,3.7815,18
2026-01-29 12:28:00,3.7755,3.7825,3.772,3.7815,3.7805,3.7875,3.777,3.7865,26
2026-01-29 12:29:00,3.7825,3.784,3.782,3.7825,3.7875,3.789,3.787,3.7875,9
2026-01-29 12:30:00,3.783,3.7855,3.7815,3.7815,3.788,3.7905,3.7865,3.7865,12
2026-01-29 12:31:00,3.781,3.7815,3.771,3.771,3.786,3.7865,3.776,3.776,18
2026-01-29 12:32:00,3.7705,3.7705,3.7605,3.7625,3.7755,3.7755,3.7655,3.7675,26
2026-01-29 12:33:00,3.763,3.763,3.7515,3.7545,3.768,3.768,3.7565,3.7595,37
2026-01-29 12:34:00,3.754,3.776,3.7505,3.776,3.759,3.781,3.7555,3.781,56
2026-01-29 12:35:00,3.777,3.7775,3.7615,3.7715,3.782,3.7825,3.7665,3.7765,40
2026-01-29 12:36:00,3.7705,3.7875,3.7705,3.7865,3.7755,3.7925,3.7755,3.7915,40
2026-01-29 12:37:00,3.787,3.791,3.7845,3.7865,3.792,3.796,3.7895,3.7915,19
2026-01-29 12:38:00,3.786,3.7865,3.783,3.783,3.791,3.7915,3.788,3.788,20
2026-01-29 12:39:00,3.7825,3.7845,3.782,3.7825,3.7875,3.7895,3.787,3.7875,13
2026-01-29 12:40:00,3.782,3.7855,3.781,3.783,3.787,3.7905,3.786,3.788,15
2026-01-29 12:41:00,3.7825,3.8175,3.782,3.801,3.7875,3.8225,3.787,3.806,75
2026-01-29 12:42:00,3.8015,3.8015,3.7965,3.797,3.8065,3.8065,3.8015,3.802,21
2026-01-29 12:43:00,3.8025,3.807,3.798,3.8025,3.8075,3.812,3.803,3.8075,22
2026-01-29 12:44:00,3.802,3.803,3.7965,3.7965,3.807,3.808,3.8015,3.8015,18
2026-01-29 12:45:00,3.796,3.8025,3.793,3.801,3.801,3.8075,3.798,3.806,34
2026-01-29 12:46:00,3.8,3.811,3.799,3.81,3.805,3.816,3.804,3.815,31
2026-01-29 12:47:00,3.8095,3.8175,3.804,3.8075,3.8145,3.8225,3.809,3.8125,39
2026-01-29 12:48:00,3.807,3.8125,3.8035,3.808,3.812,3.8175,3.8085,3.813,34
2026-01-29 12:49:00,3.807,3.816,3.8025,3.809,3.812,3.821,3.8075,3.814,30
2026-01-29 12:50:00,3.8095,3.8095,3.804,3.8055,3.8145,3.8145,3.809,3.8105,12
2026-01-29 12:51:00,3.805,3.808,3.802,3.8055,3.81,3.813,3.807,3.8105,25
2026-01-29 12:52:00,3.806,3.809,3.804,3.806,3.811,3.814,3.809,3.811,15
2026-01-29 12:53:00,3.805,3.808,3.7975,3.8045,3.81,3.813,3.8025,3.8095,34
2026-01-29 12:54:00,3.804,3.8065,3.802,3.802,3.809,3.8115,3.807,3.807,12
2026-01-29 12:55:00,3.8015,3.808,3.7935,3.8045,3.8065,3.813,3.7985,3.8095,28
2026-01-29 12:56:00,3.805,3.8085,3.8035,3.8065,3.81,3.8135,3.8085,3.8115,29
2026-01-29 12:57:00,3.8075,3.8085,3.802,3.802,3.8125,3.8135,3.807,3.807,16
2026-01-29 12:58:00,3.8015,3.8165,3.8015,3.808,3.8065,3.8215,3.8065,3.813,39
2026-01-29 12:59:00,3.8085,3.8105,3.8045,3.81,3.8135,3.8155,3.8095,3.815,28
2026-01-29 13:00:00,3.8105,3.814,3.803,3.8065,3.8155,3.819,3.808,3.8115,39
2026-01-29 13:01:00,3.806,3.8065,3.7975,3.798,3.811,3.8115,3.8025,3.803,27
2026-01-29 13:02:00,3.7965,3.7965,3.7885,3.7915,3.8015,3.8015,3.7935,3.7965,16
2026-01-29 13:03:00,3.791,3.7945,3.7895,3.794,3.796,3.7995,3.7945,3.799,14
2026-01-29 13:04:00,3.7925,3.7985,3.7925,3.7985,3.7975,3.8035,3.7975,3.8035,15
2026-01-29 13:05:00,3.7975,3.7975,3.7955,3.7955,3.8025,3.8025,3.8005,3.8005,4
2026-01-29 13:06:00,3.795,3.801,3.793,3.795,3.8,3.806,3.798,3.8,27
2026-01-29 13:07:00,3.7935,3.7935,3.7855,3.791,3.7985,3.7985,3.7905,3.796,25
2026-01-29 13:08:00,3.7915,3.7945,3.7875,3.794,3.7965,3.7995,3.7925,3.799,26
2026-01-29 13:09:00,3.7945,3.7965,3.779,3.7805,3.7995,3.8015,3.784,3.7855,30
2026-01-29 13:10:00,3.781,3.7815,3.771,3.771,3.786,3.7865,3.776,3.776,23
2026-01-29 13:11:00,3.7715,3.7715,3.764,3.767,3.7765,3.7765,3.769,3.772,36
2026-01-29 13:12:00,3.7685,3.775,3.7655,3.771,3.7735,3.78,3.7705,3.776,39
2026-01-29 13:13:00,3.7695,3.7695,3.7655,3.7665,3.7745,3.7745,3.7705,3.7715,24
2026-01-29 13:14:00,3.7675,3.768,3.7655,3.766,3.7725,3.773,3.7705,3.771,18
2026-01-29 13:15:00,3.7665,3.7665,3.753,3.757,3.7715,3.7715,3.758,3.762,45
2026-01-29 13:16:00,3.7565,3.7575,3.754,3.7575,3.7615,3.7625,3.759,3.7625,37
2026-01-29 13:17:00,3.7585,3.7635,3.758,3.763,3.7635,3.7685,3.763,3.768,28
2026-01-29 13:18:00,3.7625,3.764,3.756,3.758,3.7675,3.769,3.761,3.763,42
2026-01-29 13:19:00,3.7575,3.7575,3.74,3.74,3.7625,3.7625,3.745,3.745,38
2026-01-29 13:20:00,3.7415,3.7485,3.736,3.745,3.7465,3.7535,3.741,3.75,51
2026-01-29 13:21:00,3.7455,3.7465,3.731,3.7415,3.7505,3.7515,3.736,3.7465,36
2026-01-29 13:22:00,3.742,3.7435,3.7305,3.738,3.747,3.7485,3.7355,3.743,52
2026-01-29 13:23:00,3.7385,3.742,3.731,3.7395,3.7435,3.747,3.736,3.7445,47
2026-01-29 13:24:00,3.7385,3.7625,3.7375,3.759,3.7435,3.7675,3.7425,3.764,58
2026-01-29 13:25:00,3.7595,3.7655,3.7585,3.762,3.7645,3.7705,3.7635,3.767,47
2026-01-29 13:26:00,3.7615,3.7665,3.759,3.764,3.7665,3.7715,3.764,3.769,44
2026-01-29 13:27:00,3.7645,3.7715,3.7645,3.7715,3.7695,3.7765,3.7695,3.7765,30
2026-01-29 13:28:00,3.7735,3.779,3.767,3.7775,3.7785,3.784,3.772,3.7825,38
2026-01-29 13:29:00,3.777,3.785,3.7725,3.785,3.782,3.79,3.7775,3.79,38
2026-01-29 13:30:00,3.7855,3.7895,3.7805,3.782,3.7905,3.7945,3.7855,3.787,43
2026-01-29 13:31:00,3.7815,3.7865,3.781,3.7845,3.7865,3.7915,3.786,3.7895,19
2026-01-29 13:32:00,3.785,3.8065,3.7825,3.8035,3.79,3.8115,3.7875,3.8085,66
2026-01-29 13:33:00,3.8025,3.8055,3.7975,3.804,3.8075,3.8105,3.8025,3.809,48
2026-01-29 13:34:00,3.8035,3.8055,3.7965,3.8035,3.8085,3.8105,3.8015,3.8085,32
2026-01-29 13:35:00,3.8025,3.8165,3.8015,3.811,3.8075,3.8215,3.8065,3.816,86
2026-01-29 13:36:00,3.8105,3.8235,3.805,3.809,3.8155,3.8285,3.81,3.814,99
2026-01-29 13:37:00,3.8085,3.8115,3.8045,3.8095,3.8135,3.8165,3.8095,3.8145,23
2026-01-29 13:38:00,3.81,3.817,3.81,3.816,3.815,3.822,3.815,3.821,39
2026-01-29 13:39:00,3.815,3.8195,3.8125,3.8145,3.82,3.8245,3.8175,3.8195,47
2026-01-29 13:40:00,3.8135,3.8235,3.809,3.811,3.8185,3.8285,3.814,3.816,78
2026-01-29 13:41:00,3.8105,3.811,3.8005,3.804,3.8155,3.816,3.8055,3.809,36
2026-01-29 13:42:00,3.805,3.819,3.805,3.8125,3.81,3.824,3.81,3.8175,40
2026-01-29 13:43:00,3.8115,3.8175,3.8105,3.8145,3.8165,3.8225,3.8155,3.8195,39
2026-01-29 13:44:00,3.8155,3.816,3.811,3.811,3.8205,3.821,3.816,3.816,15
2026-01-29 13:45:00,3.8105,3.8165,3.8015,3.804,3.8155,3.8215,3.8065,3.809,57
2026-01-29 13:46:00,3.8045,3.8075,3.7965,3.797,3.8095,3.8125,3.8015,3.802,48
2026-01-29 13:47:00,3.7955,3.801,3.7925,3.7945,3.8005,3.806,3.7975,3.7995,46
2026-01-29 13:48:00,3.794,3.8315,3.794,3.825,3.799,3.8365,3.799,3.83,119
2026-01-29 13:49:00,3.8255,3.841,3.8235,3.833,3.8305,3.846,3.8285,3.838,98
2026-01-29 13:50:00,3.832,3.834,3.814,3.8165,3.837,3.839,3.819,3.8215,113
2026-01-29 13:51:00,3.8155,3.828,3.8145,3.8205,3.8205,3.833,3.8195,3.8255,67
2026-01-29 13:52:00,3.821,3.821,3.813,3.8155,3.826,3.826,3.818,3.8205,29
2026-01-29 13:53:00,3.8165,3.821,3.8165,3.82,3.8215,3.826,3.8215,3.825,21
2026-01-29 13:54:00,3.8205,3.838,3.8205,3.837,3.8255,3.843,3.8255,3.842,60
2026-01-29 13:55:00,3.8385,3.8465,3.8355,3.8415,3.8435,3.8515,3.8405,3.8465,51
2026-01-29 13:56:00,3.842,3.847,3.842,3.846,3.847,3.852,3.847,3.851,26
2026-01-29 13:57:00,3.8455,3.8455,3.842,3.843,3.8505,3.8505,3.847,3.848,33
2026-01-29 13:58:00,3.8425,3.844,3.8285,3.831,3.8475,3.849,3.8335,3.836,48
2026-01-29 13:59:00,3.8325,3.8325,3.8245,3.827,3.8375,3.8375,3.8295,3.832,27
2026-01-29 14:00:00,3.828,3.839,3.8265,3.8315,3.833,3.844,3.8315,3.8365,64
2026-01-29 14:01:00,3.8325,3.8345,3.8205,3.822,3.8375,3.8395,3.8255,3.827,59
2026-01-29 14:02:00,3.824,3.838,3.8225,3.837,3.829,3.843,3.8275,3.842,56
2026-01-29 14:03:00,3.8365,3.857,3.8365,3.8545,3.8415,3.862,3.8415,3.8595,94
2026-01-29 14:04:00,3.854,3.869,3.8525,3.8665,3.859,3.874,3.8575,3.8715,136
2026-01-29 14:05:00,3.8685,3.885,3.864,3.8675,3.8735,3.89,3.869,3.8725,129
2026-01-29 14:06:00,3.868,3.8715,3.8545,3.8565,3.873,3.8765,3.8595,3.8615,72
2026-01-29 14:07:00,3.857,3.8715,3.854,3.869,3.862,3.8765,3.859,3.874,68
2026-01-29 14:08:00,3.8685,3.8705,3.8635,3.8685,3.8735,3.8755,3.8685,3.8735,55
2026-01-29 14:09:00,3.8675,3.8715,3.86,3.8605,3.8725,3.8765,3.865,3.8655,58
2026-01-29 14:10:00,3.8615,3.863,3.859,3.8595,3.8665,3.868,3.864,3.8645,32
2026-01-29 14:11:00,3.8605,3.8645,3.8555,3.8625,3.8655,3.8695,3.8605,3.8675,46
2026-01-29 14:12:00,3.862,3.8645,3.8565,3.862,3.867,3.8695,3.8615,3.867,66
2026-01-29 14:13:00,3.8615,3.8665,3.8545,3.855,3.8665,3.8715,3.8595,3.86,49
2026-01-29 14:14:00,3.8545,3.8565,3.8475,3.849,3.8595,3.8615,3.8525,3.854,47
2026-01-29 14:15:00,3.8485,3.8515,3.8435,3.847,3.8535,3.8565,3.8485,3.852,57
2026-01-29 14:16:00,3.8485,3.8485,3.8435,3.844,3.8535,3.8535,3.8485,3.849,21
2026-01-29 14:17:00,3.8435,3.8515,3.8395,3.8515,3.8485,3.8565,3.8445,3.8565,47
2026-01-29 14:18:00,3.8505,3.8515,3.842,3.847,3.8555,3.8565,3.847,3.852,41
2026-01-29 14:19:00,3.8475,3.8515,3.8475,3.8505,3.8525,3.8565,3.8525,3.8555,29
2026-01-29 14:20:00,3.851,3.8515,3.8425,3.845,3.856,3.8565,3.8475,3.85,42
2026-01-29 14:21:00,3.8455,3.849,3.8325,3.8335,3.8505,3.854,3.8375,3.8385,49
2026-01-29 14:22:00,3.8325,3.848,3.8295,3.8475,3.8375,3.853,3.8345,3.8525,68
2026-01-29 14:23:00,3.848,3.8505,3.8375,3.8425,3.853,3.8555,3.8425,3.8475,34
2026-01-29 14:24:00,3.843,3.843,3.832,3.8345,3.848,3.848,3.837,3.8395,32
2026-01-29 14:25:00,3.8375,3.8415,3.8295,3.836,3.8425,3.8465,3.8345,3.841,47
2026-01-29 14:26:00,3.8355,3.8435,3.8335,3.8415,3.8405,3.8485,3.8385,3.8465,45
2026-01-29 14:27:00,3.842,3.846,3.8335,3.8375,3.847,3.851,3.8385,3.8425,63
2026-01-29 14:28:00,3.838,3.842,3.8305,3.8325,3.843,3.847,3.8355,3.8375,38
2026-01-29 14:29:00,3.833,3.841,3.8315,3.8405,3.838,3.846,3.8365,3.8455,49
2026-01-29 14:30:00,3.84,3.8515,3.8335,3.837,3.845,3.8565,3.8385,3.842,91
2026-01-29 14:31:00,3.8385,3.84,3.811,3.8295,3.8435,3.845,3.816,3.8345,114
2026-01-29 14:32:00,3.83,3.8415,3.8265,3.8325,3.835,3.8465,3.8315,3.8375,78
2026-01-29 14:33:00,3.8315,3.8325,3.8265,3.828,3.8365,3.8375,3.8315,3.833,48
2026-01-29 14:34:00,3.8265,3.8295,3.805,3.8125,3.8315,3.8345,3.81,3.8175,66
2026-01-29 14:35:00,3.812,3.8135,3.803,3.8105,3.817,3.8185,3.808,3.8155,51
2026-01-29 14:36:00,3.811,3.8145,3.795,3.7985,3.816,3.8195,3.8,3.8035,59
2026-01-29 14:37:00,3.799,3.7995,3.7925,3.7965,3.804,3.8045,3.7975,3.8015,50
2026-01-29 14:38:00,3.797,3.7995,3.7915,3.7925,3.802,3.8045,3.7965,3.7975,50
2026-01-29 14:39:00,3.7935,3.797,3.7665,3.7715,3.7985,3.802,3.7715,3.7765,106
2026-01-29 14:40:00,3.772,3.7795,3.7695,3.779,3.777,3.7845,3.7745,3.784,58
2026-01-29 14:41:00,3.7795,3.7985,3.7795,3.7985,3.7845,3.8035,3.7845,3.8035,73
2026-01-29 14:42:00,3.799,3.799,3.7865,3.7895,3.804,3.804,3.7915,3.7945,57
2026-01-29 14:43:00,3.7905,3.8025,3.7905,3.798,3.7955,3.8075,3.7955,3.803,49
2026-01-29 14:44:00,3.799,3.8095,3.799,3.8025,3.804,3.8145,3.804,3.8075,56
2026-01-29 14:45:00,3.8035,3.8055,3.7875,3.792,3.8085,3.8105,3.7925,3.797,56
2026-01-29 14:46:00,3.791,3.7915,3.781,3.7855,3.796,3.7965,3.786,3.7905,63
2026-01-29 14:47:00,3.785,3.785,3.773,3.779,3.79,3.79,3.778,3.784,46
2026-01-29 14:48:00,3.78,3.7955,3.78,3.7945,3.785,3.8005,3.785,3.7995,57
2026-01-29 14:49:00,3.7935,3.795,3.785,3.789,3.7985,3.8,3.79,3.794,37
2026-01-29 14:50:00,3.7895,3.7895,3.7775,3.7875,3.7945,3.7945,3.7825,3.7925,55
2026-01-29 14:51:00,3.787,3.7965,3.786,3.7965,3.792,3.8015,3.791,3.8015,43
2026-01-29 14:52:00,3.7955,3.798,3.792,3.795,3.8005,3.803,3.797,3.8,46
2026-01-29 14:53:00,3.796,3.8005,3.789,3.795,3.801,3.8055,3.794,3.8,46
2026-01-29 14:54:00,3.7945,3.7965,3.79,3.791,3.7995,3.8015,3.795,3.796,38
2026-01-29 14:55:00,3.7915,3.7935,3.7895,3.791,3.7965,3.7985,3.7945,3.796,30
2026-01-29 14:56:00,3.7915,3.7975,3.7855,3.796,3.7965,3.8025,3.7905,3.801,64
2026-01-29 14:57:00,3.7965,3.799,3.7945,3.799,3.8015,3.804,3.7995,3.804,35
2026-01-29 14:58:00,3.7995,3.8075,3.7895,3.7905,3.8045,3.8125,3.7945,3.7955,70
2026-01-29 14:59:00,3.79,3.8035,3.7875,3.801,3.795,3.8085,3.7925,3.806,74
2026-01-29 15:00:00,3.802,3.8355,3.7965,3.8305,3.807,3.8405,3.8015,3.8355,248
2026-01-29 15:01:00,3.831,3.8385,3.8275,3.8365,3.836,3.8435,3.8325,3.8415,121
2026-01-29 15:02:00,3.8375,3.84,3.823,3.8265,3.8425,3.845,3.828,3.8315,127
2026-01-29 15:03:00,3.826,3.8325,3.8235,3.8325,3.831,3.8375,3.8285,3.8375,88
2026-01-29 15:04:00,3.832,3.832,3.8185,3.8245,3.837,3.837,3.8235,3.8295,68
2026-01-29 15:05:00,3.825,3.8255,3.8065,3.8085,3.83,3.8305,3.8115,3.8135,86
2026-01-29 15:06:00,3.8105,3.8125,3.8035,3.809,3.8155,3.8175,3.8085,3.814,55
2026-01-29 15:07:00,3.8095,3.8155,3.7935,3.8115,3.8145,3.8205,3.7985,3.8165,88
2026-01-29 15:08:00,3.811,3.812,3.8025,3.81,3.816,3.817,3.8075,3.815,51
2026-01-29 15:09:00,3.809,3.8095,3.7975,3.802,3.814,3.8145,3.8025,3.807,40
2026-01-29 15:10:00,3.8035,3.8185,3.8025,3.815,3.8085,3.8235,3.8075,3.82,86
2026-01-29 15:11:00,3.8155,3.8315,3.8155,3.8295,3.8205,3.8365,3.8205,3.8345,79
2026-01-29 15:12:00,3.8305,3.8325,3.8205,3.8225,3.8355,3.8375,3.8255,3.8275,69
2026-01-29 15:13:00,3.821,3.8225,3.8145,3.818,3.826,3.8275,3.8195,3.823,66
2026-01-29 15:14:00,3.817,3.825,3.813,3.8225,3.822,3.83,3.818,3.8275,62
2026-01-29 15:15:00,3.822,3.824,3.8155,3.8175,3.827,3.829,3.8205,3.8225,62
2026-01-29 15:16:00,3.8185,3.8255,3.812,3.821,3.8235,3.8305,3.817,3.826,100
2026-01-29 15:17:00,3.8205,3.8205,3.808,3.811,3.8255,3.8255,3.813,3.816,81
2026-01-29 15:18:00,3.81,3.8115,3.803,3.8115,3.815,3.8165,3.808,3.8165,56
2026-01-29 15:19:00,3.811,3.8195,3.8095,3.8105,3.816,3.8245,3.8145,3.8155,56
2026-01-29 15:20:00,3.811,3.8175,3.805,3.811,3.816,3.8225,3.81,3.816,117
2026-01-29 15:21:00,3.81,3.8145,3.8015,3.8025,3.815,3.8195,3.8065,3.8075,61
2026-01-29 15:22:00,3.803,3.8125,3.803,3.811,3.808,3.8175,3.808,3.816,42
2026-01-29 15:23:00,3.8115,3.814,3.8035,3.804,3.8165,3.819,3.8085,3.809,49
2026-01-29 15:24:00,3.8035,3.8045,3.7885,3.7955,3.8085,3.8095,3.7935,3.8005,84
2026-01-29 15:25:00,3.796,3.8005,3.7945,3.7985,3.801,3.8055,3.7995,3.8035,42
2026-01-29 15:26:00,3.799,3.7995,3.7895,3.7945,3.804,3.8045,3.7945,3.7995,50
2026-01-29 15:27:00,3.7955,3.798,3.7925,3.7955,3.8005,3.803,3.7975,3.8005,39
2026-01-29 15:28:00,3.795,3.7985,3.7825,3.785,3.8,3.8035,3.7875,3.79,71
2026-01-29 15:29:00,3.7845,3.7875,3.771,3.7735,3.7895,3.7925,3.776,3.7785,107
2026-01-29 15:30:00,3.774,3.7895,3.7725,3.789,3.779,3.7945,3.7775,3.794,103
2026-01-29 15:31:00,3.7885,3.7885,3.776,3.783,3.7935,3.7935,3.781,3.788,81
2026-01-29 15:32:00,3.7835,3.8025,3.7835,3.7945,3.7885,3.8075,3.7885,3.7995,75
2026-01-29 15:33:00,3.7935,3.7935,3.7565,3.7575,3.7985,3.7985,3.7615,3.7625,170
2026-01-29 15:34:00,3.759,3.76,3.7465,3.7475,3.764,3.765,3.7515,3.7525,161
2026-01-29 15:35:00,3.748,3.7545,3.7425,3.747,3.753,3.7595,3.7475,3.752,96
2026-01-29 15:36:00,3.748,3.7535,3.7405,3.745,3.753,3.7585,3.7455,3.75,95
2026-01-29 15:37:00,3.746,3.7595,3.7425,3.7595,3.751,3.7645,3.7475,3.7645,78
2026-01-29 15:38:00,3.76,3.7705,3.7555,3.7705,3.765,3.7755,3.7605,3.7755,102
2026-01-29 15:39:00,3.7695,3.7735,3.7645,3.765,3.7745,3.7785,3.7695,3.77,63
2026-01-29 15:40:00,3.7655,3.774,3.7655,3.773,3.7705,3.779,3.7705,3.778,81
2026-01-29 15:41:00,3.7735,3.785,3.773,3.7845,3.7785,3.79,3.778,3.7895,64
2026-01-29 15:42:00,3.786,3.798,3.781,3.798,3.791,3.803,3.786,3.803,90
2026-01-29 15:43:00,3.7975,3.8075,3.7955,3.8035,3.8025,3.8125,3.8005,3.8085,85
2026-01-29 15:44:00,3.804,3.819,3.795,3.812,3.809,3.824,3.8,3.817,172
2026-01-29 15:45:00,3.811,3.8195,3.8055,3.8065,3.816,3.8245,3.8105,3.8115,98
2026-01-29 15:46:00,3.806,3.8095,3.797,3.8045,3.811,3.8145,3.802,3.8095,65
2026-01-29 15:47:00,3.8035,3.8075,3.8005,3.804,3.8085,3.8125,3.8055,3.809,46
2026-01-29 15:48:00,3.8045,3.812,3.804,3.8075,3.8095,3.817,3.809,3.8125,51
2026-01-29 15:49:00,3.808,3.8105,3.801,3.804,3.813,3.8155,3.806,3.809,71
2026-01-29 15:50:00,3.8065,3.8135,3.806,3.8085,3.8115,3.8185,3.811,3.8135,64
2026-01-29 15:51:00,3.8095,3.8125,3.8075,3.8105,3.8145,3.8175,3.8125,3.8155,43
2026-01-29 15:52:00,3.81,3.8185,3.8095,3.817,3.815,3.8235,3.8145,3.822,51
2026-01-29 15:53:00,3.818,3.8205,3.8135,3.8165,3.823,3.8255,3.8185,3.8215,52
2026-01-29 15:54:00,3.816,3.8195,3.8125,3.8135,3.821,3.8245,3.8175,3.8185,45
2026-01-29 15:55:00,3.814,3.8155,3.8045,3.807,3.819,3.8205,3.8095,3.812,62
2026-01-29 15:56:00,3.8075,3.81,3.8045,3.807,3.8125,3.815,3.8095,3.812,36
2026-01-29 15:57:00,3.8065,3.812,3.8055,3.8105,3.8115,3.817,3.8105,3.8155,56
2026-01-29 15:58:00,3.8095,3.8195,3.8095,3.8185,3.8145,3.8245,3.8145,3.8235,56
2026-01-29 15:59:00,3.819,3.8195,3.815,3.8155,3.824,3.8245,3.82,3.8205,35
2026-01-29 16:00:00,3.815,3.82,3.813,3.8185,3.82,3.825,3.818,3.8235,53
2026-01-29 16:01:00,3.8175,3.8195,3.814,3.8185,3.8225,3.8245,3.819,3.8235,83
2026-01-29 16:02:00,3.818,3.827,3.818,3.8255,3.823,3.832,3.823,3.8305,72
2026-01-29 16:03:00,3.8265,3.828,3.8105,3.8135,3.8315,3.833,3.8155,3.8185,87
2026-01-29 16:04:00,3.814,3.8165,3.8065,3.8125,3.819,3.8215,3.8115,3.8175,69
2026-01-29 16:05:00,3.812,3.816,3.8045,3.807,3.817,3.821,3.8095,3.812,66
2026-01-29 16:06:00,3.8065,3.8065,3.789,3.7925,3.8115,3.8115,3.794,3.7975,89
2026-01-29 16:07:00,3.7935,3.8055,3.7935,3.805,3.7985,3.8105,3.7985,3.81,58
2026-01-29 16:08:00,3.8045,3.8125,3.8035,3.8125,3.8095,3.8175,3.8085,3.8175,44
2026-01-29 16:09:00,3.812,3.8145,3.7955,3.797,3.817,3.8195,3.8005,3.802,46
2026-01-29 16:10:00,3.7965,3.8095,3.7965,3.799,3.8015,3.8145,3.8015,3.804,77
2026-01-29 16:11:00,3.7995,3.8025,3.799,3.8005,3.8045,3.8075,3.804,3.8055,32
2026-01-29 16:12:00,3.801,3.8055,3.7915,3.795,3.806,3.8105,3.7965,3.8,57
2026-01-29 16:13:00,3.7955,3.8015,3.7945,3.8,3.8005,3.8065,3.7995,3.805,40
2026-01-29 16:14:00,3.7995,3.8035,3.7965,3.8035,3.8045,3.8085,3.8015,3.8085,29
2026-01-29 16:15:00,3.803,3.803,3.7965,3.8,3.808,3.808,3.8015,3.805,37
2026-01-29 16:16:00,3.8005,3.8025,3.7925,3.793,3.8055,3.8075,3.7975,3.798,37
2026-01-29 16:17:00,3.792,3.7925,3.785,3.788,3.797,3.7975,3.79,3.793,67
2026-01-29 16:18:00,3.7885,3.7885,3.78,3.783,3.7935,3.7935,3.785,3.788,47
2026-01-29 16:19:00,3.7835,3.7945,3.7835,3.792,3.7885,3.7995,3.7885,3.797,37
2026-01-29 16:20:00,3.7925,3.7965,3.7895,3.795,3.7975,3.8015,3.7945,3.8,44
2026-01-29 16:21:00,3.7935,3.7955,3.7875,3.7935,3.7985,3.8005,3.7925,3.7985,55
2026-01-29 16:22:00,3.7945,3.7975,3.7905,3.7965,3.7995,3.8025,3.7955,3.8015,44
2026-01-29 16:23:00,3.7975,3.7975,3.7895,3.793,3.8025,3.8025,3.7945,3.798,54
2026-01-29 16:24:00,3.7925,3.7955,3.7905,3.7945,3.7975,3.8005,3.7955,3.7995,47
2026-01-29 16:25:00,3.794,3.795,3.791,3.7935,3.799,3.8,3.796,3.7985,43
2026-01-29 16:26:00,3.793,3.793,3.7855,3.7905,3.798,3.798,3.7905,3.7955,47
2026-01-29 16:27:00,3.79,3.79,3.779,3.7825,3.795,3.795,3.784,3.7875,69
2026-01-29 16:28:00,3.7815,3.7835,3.7745,3.7775,3.7865,3.7885,3.7795,3.7825,52
2026-01-29 16:29:00,3.778,3.784,3.7715,3.7825,3.783,3.789,3.7765,3.7875,57
2026-01-29 16:30:00,3.783,3.8185,3.7815,3.8075,3.788,3.8235,3.7865,3.8125,264
2026-01-29 16:31:00,3.8085,3.8105,3.792,3.796,3.8135,3.8155,3.797,3.801,155
2026-01-29 16:32:00,3.7965,3.8015,3.789,3.7915,3.8015,3.8065,3.794,3.7965,112
2026-01-29 16:33:00,3.791,3.793,3.7695,3.773,3.796,3.798,3.7745,3.778,131
2026-01-29 16:34:00,3.7715,3.7715,3.746,3.75,3.7765,3.7765,3.751,3.755,154
2026-01-29 16:35:00,3.7505,3.758,3.7445,3.747,3.7555,3.763,3.7495,3.752,110
2026-01-29 16:36:00,3.7465,3.747,3.7375,3.7395,3.7515,3.752,3.7425,3.7445,74
2026-01-29 16:37:00,3.739,3.739,3.7265,3.729,3.744,3.744,3.7315,3.734,99
2026-01-29 16:38:00,3.7295,3.731,3.7185,3.726,3.7345,3.736,3.7235,3.731,94
2026-01-29 16:39:00,3.7265,3.7355,3.7245,3.7265,3.7315,3.7405,3.7295,3.7315,73
2026-01-29 16:40:00,3.727,3.727,3.7095,3.7195,3.732,3.732,3.7145,3.7245,115
2026-01-29 16:41:00,3.7185,3.7255,3.6965,3.705,3.7235,3.7305,3.7015,3.71,128
2026-01-29 16:42:00,3.7055,3.7145,3.7005,3.7135,3.7105,3.7195,3.7055,3.7185,78
2026-01-29 16:43:00,3.713,3.725,3.7065,3.722,3.718,3.73,3.7115,3.727,84
2026-01-29 16:44:00,3.72,3.72,3.7095,3.7175,3.725,3.725,3.7145,3.7225,60
2026-01-29 16:45:00,3.718,3.731,3.718,3.7295,3.723,3.736,3.723,3.7345,91
2026-01-29 16:46:00,3.73,3.7355,3.7225,3.727,3.735,3.7405,3.7275,3.732,74
2026-01-29 16:47:00,3.7275,3.7345,3.7255,3.7315,3.7325,3.7395,3.7305,3.7365,76
2026-01-29 16:48:00,3.7305,3.7305,3.709,3.715,3.7355,3.7355,3.714,3.72,83
2026-01-29 16:49:00,3.7155,3.724,3.7145,3.7215,3.7205,3.729,3.7195,3.7265,60
2026-01-29 16:50:00,3.721,3.744,3.7165,3.744,3.726,3.749,3.7215,3.749,91
2026-01-29 16:51:00,3.7435,3.7445,3.7385,3.7395,3.7485,3.7495,3.7435,3.7445,59
2026-01-29 16:52:00,3.739,3.739,3.7205,3.7225,3.744,3.744,3.7255,3.7275,94
2026-01-29 16:53:00,3.7215,3.7255,3.7205,3.7225,3.7265,3.7305,3.7255,3.7275,52
2026-01-29 16:54:00,3.723,3.7265,3.712,3.724,3.728,3.7315,3.717,3.729,77
2026-01-29 16:55:00,3.7235,3.727,3.7195,3.7255,3.7285,3.732,3.7245,3.7305,54
2026-01-29 16:56:00,3.7265,3.7315,3.7255,3.7275,3.7315,3.7365,3.7305,3.7325,55
2026-01-29 16:57:00,3.728,3.7335,3.7225,3.7255,3.733,3.7385,3.7275,3.7305,53
2026-01-29 16:58:00,3.725,3.725,3.71,3.7125,3.73,3.73,3.715,3.7175,78
2026-01-29 16:59:00,3.713,3.7185,3.711,3.7175,3.718,3.7235,3.716,3.7225,43
2026-01-29 17:00:00,3.7185,3.726,3.7155,3.7225,3.7235,3.731,3.7205,3.7275,49
2026-01-29 17:01:00,3.7215,3.739,3.7215,3.7385,3.7265,3.744,3.7265,3.7435,57
2026-01-29 17:02:00,3.7395,3.745,3.7315,3.744,3.7445,3.75,3.7365,3.749,55
2026-01-29 17:03:00,3.7445,3.7625,3.7415,3.7595,3.7495,3.7675,3.7465,3.7645,96
2026-01-29 17:04:00,3.76,3.7655,3.7565,3.7645,3.765,3.7705,3.7615,3.7695,57
2026-01-29 17:05:00,3.7625,3.765,3.7565,3.761,3.7675,3.77,3.7615,3.766,73
2026-01-29 17:06:00,3.7615,3.766,3.7615,3.7645,3.7665,3.771,3.7665,3.7695,40
2026-01-29 17:07:00,3.764,3.764,3.756,3.7575,3.769,3.769,3.761,3.7625,32
2026-01-29 17:08:00,3.758,3.7595,3.7495,3.7505,3.763,3.7645,3.7545,3.7555,44
2026-01-29 17:09:00,3.7515,3.755,3.7455,3.755,3.7565,3.76,3.7505,3.76,57
2026-01-29 17:10:00,3.7555,3.7625,3.754,3.7625,3.7605,3.7675,3.759,3.7675,65
2026-01-29 17:11:00,3.7625,3.765,3.7555,3.757,3.7675,3.77,3.7605,3.762,41
2026-01-29 17:12:00,3.7575,3.76,3.7505,3.7545,3.7625,3.765,3.7555,3.7595,44
2026-01-29 17:13:00,3.754,3.754,3.7375,3.7385,3.759,3.759,3.7425,3.7435,61
2026-01-29 17:14:00,3.739,3.7445,3.739,3.7445,3.744,3.7495,3.744,3.7495,48
2026-01-29 17:15:00,3.7455,3.7495,3.7405,3.748,3.7505,3.7545,3.7455,3.753,45
2026-01-29 17:16:00,3.747,3.7505,3.729,3.73,3.752,3.7555,3.734,3.735,68
2026-01-29 17:17:00,3.73,3.7335,3.7145,3.716,3.735,3.7385,3.7195,3.721,77
2026-01-29 17:18:00,3.7165,3.7195,3.7135,3.717,3.7215,3.7245,3.7185,3.722,37
2026-01-29 17:19:00,3.7165,3.7225,3.7135,3.721,3.7215,3.7275,3.7185,3.726,43
2026-01-29 17:20:00,3.722,3.722,3.7135,3.715,3.727,3.727,3.7185,3.72,46
2026-01-29 17:21:00,3.7155,3.7215,3.707,3.713,3.7205,3.7265,3.712,3.718,101
2026-01-29 17:22:00,3.7125,3.724,3.7115,3.7145,3.7175,3.729,3.7165,3.7195,45
2026-01-29 17:23:00,3.7135,3.7195,3.7105,3.7165,3.7185,3.7245,3.7155,3.7215,42
2026-01-29 17:24:00,3.716,3.724,3.7115,3.7185,3.721,3.729,3.7165,3.7235,61
2026-01-29 17:25:00,3.719,3.7215,3.715,3.7175,3.724,3.7265,3.72,3.7225,41
2026-01-29 17:26:00,3.718,3.7195,3.702,3.703,3.723,3.7245,3.707,3.708,74
2026-01-29 17:27:00,3.7035,3.7095,3.7035,3.709,3.7085,3.7145,3.7085,3.714,48
2026-01-29 17:28:00,3.7105,3.717,3.705,3.705,3.7155,3.722,3.71,3.71,41
2026-01-29 17:29:00,3.7045,3.7095,3.6995,3.7085,3.7095,3.7145,3.7045,3.7135,66
2026-01-29 17:30:00,3.709,3.7125,3.7055,3.7115,3.714,3.7175,3.7105,3.7165,56
2026-01-29 17:31:00,3.711,3.711,3.7025,3.7025,3.716,3.716,3.7075,3.7075,48
2026-01-29 17:32:00,3.702,3.7055,3.6995,3.7055,3.707,3.7105,3.7045,3.7105,43
2026-01-29 17:33:00,3.7065,3.7155,3.706,3.7115,3.7115,3.7205,3.711,3.7165,44
2026-01-29 17:34:00,3.712,3.717,3.7075,3.7135,3.717,3.722,3.7125,3.7185,55
2026-01-29 17:35:00,3.7145,3.7215,3.7145,3.7205,3.7195,3.7265,3.7195,3.7255,41
2026-01-29 17:36:00,3.7195,3.7305,3.7195,3.7305,3.7245,3.7355,3.7245,3.7355,78
2026-01-29 17:37:00,3.73,3.7405,3.73,3.738,3.735,3.7455,3.735,3.743,60
2026-01-29 17:38:00,3.7375,3.7395,3.7325,3.736,3.7425,3.7445,3.7375,3.741,53
2026-01-29 17:39:00,3.7365,3.7445,3.732,3.7395,3.7415,3.7495,3.737,3.7445,56
2026-01-29 17:40:00,3.74,3.7435,3.7315,3.7395,3.745,3.7485,3.7365,3.7445,58
2026-01-29 17:41:00,3.7405,3.7575,3.7405,3.7535,3.7455,3.7625,3.7455,3.7585,99
2026-01-29 17:42:00,3.753,3.7595,3.7495,3.7525,3.758,3.7645,3.7545,3.7575,50
2026-01-29 17:43:00,3.752,3.755,3.751,3.7535,3.757,3.76,3.756,3.7585,27
2026-01-29 17:44:00,3.754,3.757,3.751,3.7515,3.759,3.762,3.756,3.7565,32
2026-01-29 17:45:00,3.7505,3.7575,3.7505,3.7505,3.7555,3.7625,3.7555,3.7555,35
2026-01-29 17:46:00,3.7495,3.754,3.7495,3.7515,3.7545,3.759,3.7545,3.7565,31
2026-01-29 17:47:00,3.751,3.7575,3.7455,3.747,3.756,3.7625,3.7505,3.752,53
2026-01-29 17:48:00,3.7465,3.7485,3.742,3.746,3.7515,3.7535,3.747,3.751,35
2026-01-29 17:49:00,3.7465,3.7495,3.7415,3.744,3.7515,3.7545,3.7465,3.749,39
2026-01-29 17:50:00,3.7445,3.7475,3.7415,3.7415,3.7495,3.7525,3.7465,3.7465,31
2026-01-29 17:51:00,3.7425,3.7425,3.734,3.734,3.7475,3.7475,3.739,3.739,39
2026-01-29 17:52:00,3.7335,3.7345,3.7265,3.728,3.7385,3.7395,3.7315,3.733,38
2026-01-29 17:53:00,3.7285,3.7305,3.7185,3.719,3.7335,3.7355,3.7235,3.724,32
2026-01-29 17:54:00,3.7195,3.721,3.711,3.712,3.7245,3.726,3.716,3.717,58
2026-01-29 17:55:00,3.7125,3.718,3.7085,3.715,3.7175,3.723,3.7135,3.72,64
2026-01-29 17:56:00,3.7155,3.718,3.7085,3.7155,3.7205,3.723,3.7135,3.7205,61
2026-01-29 17:57:00,3.7165,3.7425,3.7165,3.74,3.7215,3.7475,3.7215,3.745,115
2026-01-29 17:58:00,3.739,3.739,3.7265,3.7275,3.744,3.744,3.7315,3.7325,37
2026-01-29 17:59:00,3.728,3.7345,3.728,3.7305,3.733,3.7395,3.733,3.7355,30
2026-01-29 18:00:00,3.73,3.7325,3.7195,3.7325,3.735,3.7375,3.7245,3.7375,56
2026-01-29 18:01:00,3.732,3.7345,3.7295,3.7335,3.737,3.7395,3.7345,3.7385,24
2026-01-29 18:02:00,3.7345,3.7385,3.7325,3.7385,3.7395,3.7435,3.7375,3.7435,37
2026-01-29 18:03:00,3.739,3.7435,3.739,3.7405,3.744,3.7485,3.744,3.7455,29
2026-01-29 18:04:00,3.74,3.74,3.7305,3.733,3.745,3.745,3.7355,3.738,62
2026-01-29 18:05:00,3.7325,3.734,3.7305,3.733,3.7375,3.739,3.7355,3.738,19
2026-01-29 18:06:00,3.7325,3.733,3.728,3.7295,3.7375,3.738,3.733,3.7345,34
2026-01-29 18:07:00,3.7315,3.7325,3.7285,3.7285,3.7365,3.7375,3.7335,3.7335,29
2026-01-29 18:08:00,3.7295,3.7325,3.714,3.714,3.7345,3.7375,3.719,3.719,59
2026-01-29 18:09:00,3.715,3.7175,3.7105,3.7145,3.72,3.7225,3.7155,3.7195,41
2026-01-29 18:10:00,3.714,3.7205,3.71,3.7205,3.719,3.7255,3.715,3.7255,33
2026-01-29 18:11:00,3.7195,3.7255,3.7195,3.7245,3.7245,3.7305,3.7245,3.7295,27
2026-01-29 18:12:00,3.725,3.7305,3.7235,3.7285,3.73,3.7355,3.7285,3.7335,34
2026-01-29 18:13:00,3.729,3.7465,3.729,3.7455,3.734,3.7515,3.734,3.7505,54
2026-01-29 18:14:00,3.748,3.7495,3.741,3.7455,3.753,3.7545,3.746,3.7505,53
2026-01-29 18:15:00,3.745,3.7495,3.735,3.747,3.75,3.7545,3.74,3.752,71
2026-01-29 18:16:00,3.7475,3.7545,3.7455,3.7455,3.7525,3.7595,3.7505,3.7505,50
2026-01-29 18:17:00,3.745,3.7505,3.7415,3.7455,3.75,3.7555,3.7465,3.7505,32
2026-01-29 18:18:00,3.746,3.746,3.741,3.7425,3.751,3.751,3.746,3.7475,18
2026-01-29 18:19:00,3.7415,3.7415,3.732,3.735,3.7465,3.7465,3.737,3.74,53
2026-01-29 18:20:00,3.7355,3.7525,3.7355,3.747,3.7405,3.7575,3.7405,3.752,66
2026-01-29 18:21:00,3.7455,3.7475,3.736,3.7385,3.7505,3.7525,3.741,3.7435,32
2026-01-29 18:22:00,3.738,3.742,3.7335,3.7365,3.743,3.747,3.7385,3.7415,30
2026-01-29 18:23:00,3.7375,3.741,3.734,3.7375,3.7425,3.746,3.739,3.7425,36
2026-01-29 18:24:00,3.738,3.7455,3.7345,3.7415,3.743,3.7505,3.7395,3.7465,64
2026-01-29 18:25:00,3.7405,3.7445,3.7395,3.744,3.7455,3.7495,3.7445,3.749,33
2026-01-29 18:26:00,3.7425,3.7455,3.7425,3.7435,3.7475,3.7505,3.7475,3.7485,21
2026-01-29 18:27:00,3.744,3.7495,3.7375,3.747,3.749,3.7545,3.7425,3.752,38
2026-01-29 18:28:00,3.748,3.751,3.7395,3.7445,3.753,3.756,3.7445,3.7495,52
2026-01-29 18:29:00,3.7435,3.7455,3.7415,3.7435,3.7485,3.7505,3.7465,3.7485,34
2026-01-29 18:30:00,3.744,3.7465,3.733,3.737,3.749,3.7515,3.738,3.742,44
2026-01-29 18:31:00,3.7385,3.7425,3.7355,3.74,3.7435,3.7475,3.7405,3.745,37
2026-01-29 18:32:00,3.7405,3.7475,3.7405,3.747,3.7455,3.7525,3.7455,3.752,24
2026-01-29 18:33:00,3.7475,3.7485,3.7445,3.745,3.7525,3.7535,3.7495,3.75,17
2026-01-29 18:34:00,3.7455,3.7515,3.7445,3.7515,3.7505,3.7565,3.7495,3.7565,38
2026-01-29 18:35:00,3.7525,3.7565,3.7515,3.753,3.7575,3.7615,3.7565,3.758,22
2026-01-29 18:36:00,3.754,3.7605,3.754,3.7575,3.759,3.7655,3.759,3.7625,45
2026-01-29 18:37:00,3.758,3.758,3.748,3.753,3.763,3.763,3.753,3.758,50
2026-01-29 18:38:00,3.7535,3.7715,3.7525,3.77,3.7585,3.7765,3.7575,3.775,97
2026-01-29 18:39:00,3.7695,3.7815,3.769,3.7745,3.7745,3.7865,3.774,3.7795,110
2026-01-29 18:40:00,3.7755,3.7905,3.7755,3.787,3.7805,3.7955,3.7805,3.792,94
2026-01-29 18:41:00,3.7865,3.795,3.78,3.795,3.7915,3.8,3.785,3.8,75
2026-01-29 18:42:00,3.7945,3.8005,3.7925,3.7955,3.7995,3.8055,3.7975,3.8005,68
2026-01-29 18:43:00,3.796,3.801,3.7905,3.7955,3.801,3.806,3.7955,3.8005,78
2026-01-29 18:44:00,3.796,3.796,3.791,3.7935,3.801,3.801,3.796,3.7985,33
2026-01-29 18:45:00,3.7945,3.796,3.7875,3.788,3.7995,3.801,3.7925,3.793,40
2026-01-29 18:46:00,3.7885,3.7885,3.7825,3.783,3.7935,3.7935,3.7875,3.788,39
2026-01-29 18:47:00,3.7825,3.7855,3.7755,3.7855,3.7875,3.7905,3.7805,3.7905,68
2026-01-29 18:48:00,3.786,3.8015,3.7825,3.797,3.791,3.8065,3.7875,3.802,107
2026-01-29 18:49:00,3.7975,3.7985,3.7925,3.7955,3.8025,3.8035,3.7975,3.8005,38
2026-01-29 18:50:00,3.795,3.795,3.7875,3.79,3.8,3.8,3.7925,3.795,36
2026-01-29 18:51:00,3.7915,3.7945,3.7795,3.7795,3.7965,3.7995,3.7845,3.7845,46
2026-01-29 18:52:00,3.78,3.7825,3.7785,3.7795,3.785,3.7875,3.7835,3.7845,35
2026-01-29 18:53:00,3.78,3.7805,3.7705,3.7715,3.785,3.7855,3.7755,3.7765,53
2026-01-29 18:54:00,3.772,3.7765,3.7655,3.7655,3.777,3.7815,3.7705,3.7705,33
2026-01-29 18:55:00,3.766,3.7735,3.7645,3.7735,3.771,3.7785,3.7695,3.7785,48
2026-01-29 18:56:00,3.7745,3.7745,3.768,3.7735,3.7795,3.7795,3.773,3.7785,39
2026-01-29 18:57:00,3.7745,3.7775,3.772,3.774,3.7795,3.7825,3.777,3.779,26
2026-01-29 18:58:00,3.7755,3.7775,3.7745,3.7745,3.7805,3.7825,3.7795,3.7795,23
2026-01-29 18:59:00,3.775,3.777,3.7735,3.777,3.78,3.782,3.7785,3.782,18
2026-01-29 19:00:00,3.776,3.776,3.7585,3.7605,3.781,3.781,3.7635,3.7655,59
2026-01-29 19:01:00,3.761,3.7635,3.7565,3.758,3.766,3.7685,3.7615,3.763,41
2026-01-29 19:02:00,3.7585,3.7595,3.7535,3.756,3.7635,3.7645,3.7585,3.761,37
2026-01-29 19:03:00,3.7565,3.7585,3.7535,3.7535,3.7615,3.7635,3.7585,3.7585,28
2026-01-29 19:04:00,3.7545,3.7615,3.754,3.759,3.7595,3.7665,3.759,3.764,35
2026-01-29 19:05:00,3.7595,3.773,3.7575,3.7725,3.7645,3.778,3.7625,3.7775,70
2026-01-29 19:06:00,3.773,3.7825,3.7705,3.7705,3.778,3.7875,3.7755,3.7755,65
2026-01-29 19:07:00,3.77,3.7955,3.77,3.7925,3.775,3.8005,3.775,3.7975,107
2026-01-29 19:08:00,3.7935,3.8005,3.7895,3.7905,3.7985,3.8055,3.7945,3.7955,103
2026-01-29 19:09:00,3.7915,3.798,3.791,3.797,3.7965,3.803,3.796,3.802,34
2026-01-29 19:10:00,3.7965,3.7995,3.765,3.769,3.8015,3.8045,3.77,3.774,122
2026-01-29 19:11:00,3.768,3.781,3.768,3.781,3.773,3.786,3.773,3.786,71
2026-01-29 19:12:00,3.7815,3.791,3.7815,3.7835,3.7865,3.796,3.7865,3.7885,68
2026-01-29 19:13:00,3.784,3.7885,3.778,3.785,3.789,3.7935,3.783,3.79,40
2026-01-29 19:14:00,3.786,3.8005,3.7855,3.7985,3.791,3.8055,3.7905,3.8035,61
2026-01-29 19:15:00,3.7995,3.8045,3.7895,3.792,3.8045,3.8095,3.7945,3.797,58
2026-01-29 19:16:00,3.7925,3.801,3.7815,3.784,3.7975,3.806,3.7865,3.789,86
2026-01-29 19:17:00,3.7835,3.7935,3.7825,3.7845,3.7885,3.7985,3.7875,3.7895,56
2026-01-29 19:18:00,3.7855,3.7855,3.776,3.777,3.7905,3.7905,3.781,3.782,75
2026-01-29 19:19:00,3.778,3.7835,3.7745,3.7795,3.783,3.7885,3.7795,3.7845,52
2026-01-29 19:20:00,3.78,3.7915,3.7775,3.7805,3.785,3.7965,3.7825,3.7855,60
2026-01-29 19:21:00,3.782,3.7825,3.7745,3.776,3.787,3.7875,3.7795,3.781,46
2026-01-29 19:22:00,3.7765,3.7785,3.7635,3.774,3.7815,3.7835,3.7685,3.779,67
2026-01-29 19:23:00,3.7765,3.7765,3.7705,3.773,3.7815,3.7815,3.7755,3.778,41
2026-01-29 19:24:00,3.7735,3.7825,3.772,3.773,3.7785,3.7875,3.777,3.778,51
2026-01-29 19:25:00,3.7735,3.778,3.7705,3.7775,3.7785,3.783,3.7755,3.7825,31
2026-01-29 19:26:00,3.7785,3.781,3.771,3.7755,3.7835,3.786,3.776,3.7805,36
2026-01-29 19:27:00,3.7745,3.7855,3.7715,3.7825,3.7795,3.7905,3.7765,3.7875,65
2026-01-29 19:28:00,3.7835,3.8045,3.7835,3.7935,3.7885,3.8095,3.7885,3.7985,108
2026-01-29 19:29:00,3.794,3.799,3.7915,3.799,3.799,3.804,3.7965,3.804,31
2026-01-29 19:30:00,3.8,3.8075,3.7985,3.804,3.805,3.8125,3.8035,3.809,51
2026-01-29 19:31:00,3.8045,3.8075,3.8,3.801,3.8095,3.8125,3.805,3.806,60
2026-01-29 19:32:00,3.8025,3.8075,3.8025,3.8045,3.8075,3.8125,3.8075,3.8095,41
2026-01-29 19:33:00,3.8055,3.8075,3.8015,3.8035,3.8105,3.8125,3.8065,3.8085,34
2026-01-29 19:34:00,3.8025,3.804,3.801,3.802,3.8075,3.809,3.806,3.807,24
2026-01-29 19:35:00,3.803,3.8045,3.8,3.8005,3.808,3.8095,3.805,3.8055,21
2026-01-29 19:36:00,3.801,3.803,3.799,3.8025,3.806,3.808,3.804,3.8075,37
2026-01-29 19:37:00,3.8035,3.806,3.8025,3.8025,3.8085,3.811,3.8075,3.8075,32
2026-01-29 19:38:00,3.8035,3.8075,3.8025,3.805,3.8085,3.8125,3.8075,3.81,29
2026-01-29 19:39:00,3.806,3.81,3.7995,3.8025,3.811,3.815,3.8045,3.8075,39
2026-01-29 19:40:00,3.8035,3.8115,3.803,3.8105,3.8085,3.8165,3.808,3.8155,47
2026-01-29 19:41:00,3.811,3.8125,3.809,3.809,3.816,3.8175,3.814,3.814,34
2026-01-29 19:42:00,3.8095,3.8115,3.8045,3.8055,3.8145,3.8165,3.8095,3.8105,42
2026-01-29 19:43:00,3.8045,3.8085,3.792,3.799,3.8095,3.8135,3.797,3.804,101
2026-01-29 19:44:00,3.7995,3.8035,3.7975,3.8005,3.8045,3.8085,3.8025,3.8055,25
2026-01-29 19:45:00,3.799,3.802,3.798,3.801,3.804,3.807,3.803,3.806,34
2026-01-29 19:46:00,3.8005,3.8015,3.7955,3.7975,3.8055,3.8065,3.8005,3.8025,28
2026-01-29 19:47:00,3.7985,3.7985,3.789,3.7895,3.8035,3.8035,3.794,3.7945,48
2026-01-29 19:48:00,3.7905,3.793,3.788,3.792,3.7955,3.798,3.793,3.797,27
2026-01-29 19:49:00,3.793,3.8045,3.793,3.8035,3.798,3.8095,3.798,3.8085,43
2026-01-29 19:50:00,3.8045,3.8095,3.8035,3.807,3.8095,3.8145,3.8085,3.812,55
2026-01-29 19:51:00,3.808,3.811,3.8055,3.8065,3.813,3.816,3.8105,3.8115,45
2026-01-29 19:52:00,3.8075,3.808,3.8035,3.8055,3.8125,3.813,3.8085,3.8105,26
2026-01-29 19:53:00,3.8085,3.8115,3.8045,3.8095,3.8135,3.8165,3.8095,3.8145,43
2026-01-29 19:54:00,3.809,3.8165,3.8085,3.812,3.814,3.8215,3.8135,3.817,38
2026-01-29 19:55:00,3.8125,3.8185,3.8125,3.817,3.8175,3.8235,3.8175,3.822,38
2026-01-29 19:56:00,3.8175,3.8175,3.8075,3.8105,3.8225,3.8225,3.8125,3.8155,55
2026-01-29 19:57:00,3.811,3.8125,3.8085,3.8085,3.816,3.8175,3.8135,3.8135,22
2026-01-29 19:58:00,3.809,3.816,3.8085,3.813,3.814,3.821,3.8135,3.818,42
2026-01-29 19:59:00,3.8135,3.8135,3.8105,3.8115,3.8185,3.8185,3.8155,3.8165,20
2026-01-29 20:00:00,3.811,3.8125,3.8035,3.805,3.816,3.8175,3.8085,3.81,42
2026-01-29 20:01:00,3.8055,3.8095,3.8045,3.8055,3.8105,3.8145,3.8095,3.8105,29
2026-01-29 20:02:00,3.805,3.8095,3.805,3.8095,3.81,3.8145,3.81,3.8145,23
2026-01-29 20:03:00,3.81,3.8155,3.807,3.8115,3.815,3.8205,3.812,3.8165,39
2026-01-29 20:04:00,3.8125,3.825,3.8125,3.825,3.8175,3.83,3.8175,3.83,92
2026-01-29 20:05:00,3.8255,3.8315,3.8225,3.8255,3.8305,3.8365,3.8275,3.8305,70
2026-01-29 20:06:00,3.826,3.8335,3.8255,3.8275,3.831,3.8385,3.8305,3.8325,39
2026-01-29 20:07:00,3.827,3.8345,3.827,3.8345,3.832,3.8395,3.832,3.8395,47
2026-01-29 20:08:00,3.835,3.8385,3.8265,3.829,3.84,3.8435,3.8315,3.834,54
2026-01-29 20:09:00,3.8285,3.8335,3.828,3.829,3.8335,3.8385,3.833,3.834,50
2026-01-29 20:10:00,3.8305,3.8395,3.8295,3.838,3.8355,3.8445,3.8345,3.843,72
2026-01-29 20:11:00,3.8365,3.8395,3.8335,3.8355,3.8415,3.8445,3.8385,3.8405,36
2026-01-29 20:12:00,3.8345,3.8405,3.8345,3.8375,3.8395,3.8455,3.8395,3.8425,55
2026-01-29 20:13:00,3.837,3.8475,3.837,3.842,3.842,3.8525,3.842,3.847,53
2026-01-29 20:14:00,3.8425,3.8465,3.8405,3.8455,3.8475,3.8515,3.8455,3.8505,32
2026-01-29 20:15:00,3.845,3.8505,3.843,3.8485,3.85,3.8555,3.848,3.8535,58
2026-01-29 20:16:00,3.849,3.8495,3.8425,3.846,3.854,3.8545,3.8475,3.851,27
2026-01-29 20:17:00,3.8465,3.8475,3.8385,3.8415,3.8515,3.8525,3.8435,3.8465,43
2026-01-29 20:18:00,3.841,3.8415,3.8375,3.8375,3.846,3.8465,3.8425,3.8425,45
2026-01-29 20:19:00,3.8365,3.8465,3.8355,3.8455,3.8415,3.8515,3.8405,3.8505,43
2026-01-29 20:20:00,3.845,3.8525,3.8445,3.8515,3.85,3.8575,3.8495,3.8565,48
2026-01-29 20:21:00,3.852,3.854,3.8455,3.849,3.857,3.859,3.8505,3.854,43
2026-01-29 20:22:00,3.8505,3.86,3.85,3.857,3.8555,3.865,3.855,3.862,64
2026-01-29 20:23:00,3.8575,3.8575,3.8525,3.853,3.8625,3.8625,3.8575,3.858,38
2026-01-29 20:24:00,3.8545,3.8595,3.853,3.8585,3.8595,3.8645,3.858,3.8635,48
2026-01-29 20:25:00,3.859,3.8605,3.8565,3.8565,3.864,3.8655,3.8615,3.8615,32
2026-01-29 20:26:00,3.857,3.8805,3.857,3.878,3.862,3.8855,3.862,3.883,194
2026-01-29 20:27:00,3.879,3.8905,3.8765,3.8785,3.884,3.8955,3.8815,3.8835,169
2026-01-29 20:28:00,3.878,3.8915,3.876,3.881,3.883,3.8965,3.881,3.886,234
2026-01-29 20:29:00,3.8805,3.8815,3.866,3.8675,3.8855,3.8865,3.871,3.8725,101
2026-01-29 20:30:00,3.8665,3.8675,3.8525,3.853,3.8715,3.8725,3.8575,3.858,76
2026-01-29 20:31:00,3.854,3.8555,3.8425,3.8495,3.859,3.8605,3.8475,3.8545,98
2026-01-29 20:32:00,3.85,3.852,3.8415,3.8415,3.855,3.857,3.8465,3.8465,61
2026-01-29 20:33:00,3.8405,3.8495,3.8405,3.846,3.8455,3.8545,3.8455,3.851,45
2026-01-29 20:34:00,3.8465,3.8515,3.8465,3.8495,3.8515,3.8565,3.8515,3.8545,41
2026-01-29 20:35:00,3.8505,3.8505,3.8485,3.8495,3.8555,3.8555,3.8535,3.8545,24
2026-01-29 20:36:00,3.849,3.854,3.8475,3.85,3.854,3.859,3.8525,3.855,32
2026-01-29 20:37:00,3.8505,3.8515,3.8465,3.8465,3.8555,3.8565,3.8515,3.8515,17
2026-01-29 20:38:00,3.847,3.85,3.8445,3.8455,3.852,3.855,3.8495,3.8505,25
2026-01-29 20:39:00,3.847,3.8515,3.8465,3.8505,3.852,3.8565,3.8515,3.8555,19
2026-01-29 20:40:00,3.85,3.851,3.8445,3.849,3.855,3.856,3.8495,3.854,23
2026-01-29 20:41:00,3.847,3.851,3.8455,3.8495,3.852,3.856,3.8505,3.8545,23
2026-01-29 20:42:00,3.85,3.8525,3.85,3.852,3.855,3.8575,3.855,3.857,18
2026-01-29 20:43:00,3.8515,3.8575,3.851,3.8575,3.8565,3.8625,3.856,3.8625,30
2026-01-29 20:44:00,3.857,3.8625,3.857,3.861,3.862,3.8675,3.862,3.866,28
2026-01-29 20:45:00,3.8615,3.8655,3.8585,3.863,3.8665,3.8705,3.8635,3.868,33
2026-01-29 20:46:00,3.8645,3.8705,3.8625,3.8695,3.8695,3.8755,3.8675,3.8745,57
2026-01-29 20:47:00,3.8685,3.869,3.862,3.862,3.8735,3.874,3.867,3.867,36
2026-01-29 20:48:00,3.861,3.8615,3.857,3.8575,3.866,3.8665,3.862,3.8625,19
2026-01-29 20:49:00,3.8585,3.859,3.8555,3.8575,3.8635,3.864,3.8605,3.8625,10
2026-01-29 20:50:00,3.857,3.8605,3.855,3.857,3.862,3.8655,3.86,3.862,30
2026-01-29 20:51:00,3.856,3.859,3.856,3.8575,3.861,3.864,3.861,3.8625,23
2026-01-29 20:52:00,3.8565,3.8575,3.856,3.8565,3.8615,3.8625,3.861,3.8615,6
2026-01-29 20:53:00,3.857,3.8575,3.854,3.8545,3.862,3.8625,3.859,3.8595,15
2026-01-29 20:54:00,3.855,3.8565,3.8515,3.855,3.86,3.8615,3.8565,3.86,32
2026-01-29 20:55:00,3.8555,3.857,3.854,3.8555,3.8605,3.862,3.859,3.8605,16
2026-01-29 20:56:00,3.855,3.856,3.8535,3.8535,3.86,3.861,3.8585,3.8585,14
2026-01-29 20:57:00,3.853,3.8535,3.8505,3.8535,3.858,3.8585,3.8555,3.8585,27
2026-01-29 20:58:00,3.8525,3.8535,3.85,3.851,3.8575,3.8585,3.855,3.856,22
2026-01-29 20:59:00,3.8515,3.8525,3.8485,3.852,3.8565,3.8575,3.8535,3.857,27
2026-01-29 21:00:00,3.8525,3.8525,3.8505,3.852,3.8575,3.8575,3.8555,3.857,16
2026-01-29 21:01:00,3.8525,3.8525,3.8465,3.8465,3.8575,3.8575,3.8515,3.8515,20
2026-01-29 21:02:00,3.847,3.848,3.8455,3.8455,3.852,3.853,3.8505,3.8505,9
2026-01-29 21:03:00,3.846,3.8475,3.8455,3.8465,3.851,3.8525,3.8505,3.8515,12
2026-01-29 21:04:00,3.846,3.8475,3.8455,3.8465,3.851,3.8525,3.8505,3.8515,12
2026-01-29 21:05:00,3.847,3.8495,3.847,3.847,3.852,3.8545,3.852,3.852,21
2026-01-29 21:06:00,3.848,3.849,3.8435,3.8435,3.853,3.854,3.8485,3.8485,16
2026-01-29 21:07:00,3.843,3.8435,3.8385,3.84,3.848,3.8485,3.8435,3.845,23
2026-01-29 21:08:00,3.841,3.8475,3.841,3.842,3.846,3.8525,3.846,3.847,26
2026-01-29 21:09:00,3.8415,3.8415,3.8345,3.84,3.8465,3.8465,3.8395,3.845,26
2026-01-29 21:10:00,3.839,3.8415,3.8375,3.838,3.844,3.8465,3.8425,3.843,13
2026-01-29 21:11:00,3.8385,3.8395,3.838,3.839,3.8435,3.8445,3.843,3.844,8
2026-01-29 21:12:00,3.8395,3.8415,3.838,3.838,3.8445,3.8465,3.843,3.843,20
2026-01-29 21:13:00,3.8385,3.841,3.838,3.838,3.8435,3.846,3.843,3.843,10
2026-01-29 21:14:00,3.839,3.8405,3.8375,3.8375,3.844,3.8455,3.8425,3.8425,12
2026-01-29 21:15:00,3.838,3.8385,3.837,3.837,3.843,3.8435,3.842,3.842,14
2026-01-29 21:16:00,3.8375,3.841,3.8345,3.84,3.8425,3.846,3.8395,3.845,16
2026-01-29 21:17:00,3.842,3.8445,3.8415,3.843,3.847,3.8495,3.8465,3.848,16
2026-01-29 21:18:00,3.842,3.8455,3.8415,3.8445,3.847,3.8505,3.8465,3.8495,12
2026-01-29 21:19:00,3.845,3.8485,3.8445,3.8475,3.85,3.8535,3.8495,3.8525,21
2026-01-29 21:20:00,3.848,3.85,3.847,3.85,3.853,3.855,3.852,3.855,12
2026-01-29 21:21:00,3.8495,3.8575,3.8495,3.8555,3.8545,3.8625,3.8545,3.8605,37
2026-01-29 21:22:00,3.8565,3.8595,3.8565,3.8595,3.8615,3.8645,3.8615,3.8645,16
2026-01-29 21:23:00,3.8585,3.861,3.8545,3.8605,3.8635,3.866,3.8595,3.8655,28
2026-01-29 21:24:00,3.861,3.861,3.8585,3.861,3.866,3.866,3.8635,3.866,13
2026-01-29 21:25:00,3.8615,3.8645,3.861,3.863,3.8665,3.8695,3.866,3.868,18
2026-01-29 21:26:00,3.864,3.8675,3.862,3.8655,3.869,3.8725,3.867,3.8705,14
2026-01-29 21:27:00,3.867,3.8715,3.8655,3.8705,3.872,3.8765,3.8705,3.8755,39
2026-01-29 21:28:00,3.872,3.872,3.8695,3.87,3.877,3.877,3.8745,3.875,15
2026-01-29 21:29:00,3.8695,3.8715,3.8695,3.871,3.8745,3.8765,3.8745,3.876,22
2026-01-29 21:30:00,3.87,3.872,3.868,3.869,3.875,3.877,3.873,3.874,20
2026-01-29 21:31:00,3.87,3.8715,3.8665,3.8665,3.875,3.8765,3.8715,3.8715,20
2026-01-29 21:32:00,3.867,3.8675,3.86,3.8605,3.872,3.8725,3.865,3.8655,30
2026-01-29 21:33:00,3.86,3.8635,3.8585,3.8615,3.865,3.8685,3.8635,3.8665,15
2026-01-29 21:34:00,3.8625,3.8625,3.8575,3.859,3.8675,3.8675,3.8625,3.864,20
2026-01-29 21:35:00,3.8585,3.8635,3.8585,3.8625,3.8635,3.8685,3.8635,3.8675,16
2026-01-29 21:36:00,3.8615,3.8675,3.8605,3.8665,3.8665,3.8725,3.8655,3.8715,31
2026-01-29 21:37:00,3.8675,3.8715,3.8675,3.8705,3.8725,3.8765,3.8725,3.8755,15
2026-01-29 21:38:00,3.8695,3.8705,3.8655,3.8665,3.8745,3.8755,3.8705,3.8715,22
2026-01-29 21:39:00,3.866,3.8675,3.866,3.8675,3.871,3.8725,3.871,3.8725,7
2026-01-29 21:40:00,3.867,3.868,3.864,3.864,3.872,3.873,3.869,3.869,11
2026-01-29 21:41:00,3.8645,3.8705,3.864,3.8665,3.8695,3.8755,3.869,3.8715,20
2026-01-29 21:42:00,3.866,3.867,3.8655,3.866,3.871,3.872,3.8705,3.871,6
2026-01-29 21:43:00,3.867,3.867,3.8635,3.8645,3.872,3.872,3.8685,3.8695,12
2026-01-29 21:44:00,3.864,3.8645,3.8615,3.864,3.869,3.8695,3.8665,3.869,22
2026-01-29 21:45:00,3.8635,3.8635,3.8595,3.861,3.8685,3.8685,3.8645,3.866,13
2026-01-29 21:46:00,3.8605,3.8605,3.8565,3.8565,3.8655,3.8655,3.8615,3.8615,32
2026-01-29 21:47:00,3.8575,3.858,3.8565,3.857,3.8625,3.863,3.8615,3.862,13
2026-01-29 21:48:00,3.8575,3.8585,3.8565,3.857,3.8625,3.8635,3.8615,3.862,15
2026-01-29 21:49:00,3.8565,3.8565,3.856,3.8565,3.8615,3.8615,3.861,3.8615,3
2026-01-29 21:50:00,3.8575,3.8585,3.856,3.8565,3.8625,3.8635,3.861,3.8615,15
2026-01-29 21:51:00,3.857,3.8585,3.857,3.858,3.862,3.8635,3.862,3.863,6
2026-01-29 21:52:00,3.857,3.8575,3.856,3.857,3.862,3.8625,3.861,3.862,7
2026-01-29 21:53:00,3.8575,3.8575,3.8535,3.8535,3.8625,3.8625,3.8585,3.8585,18
2026-01-29 21:54:00,3.8545,3.8545,3.8495,3.8525,3.8595,3.8595,3.8545,3.8575,14
2026-01-29 21:55:00,3.852,3.853,3.8515,3.8515,3.857,3.858,3.8565,3.8565,8
2026-01-29 21:56:00,3.852,3.8525,3.8505,3.8515,3.857,3.8575,3.8555,3.8565,7
2026-01-29 21:57:00,3.8505,3.851,3.8475,3.8505,3.8555,3.856,3.8525,3.8555,23
2026-01-29 21:58:00,3.85,3.8515,3.8485,3.8495,3.855,3.8565,3.8535,3.8545,25
2026-01-29 21:59:00,3.8505,3.8505,3.8465,3.8475,3.8555,3.8555,3.8515,3.8525,29
2026-01-29 22:00:00,3.847,3.8475,3.8425,3.8425,3.852,3.8525,3.8475,3.8475,13
2026-01-29 22:01:00,3.842,3.8435,3.8405,3.842,3.847,3.8485,3.8455,3.847,14
2026-01-29 22:02:00,3.8415,3.8465,3.8405,3.8465,3.8465,3.8515,3.8455,3.8515,15
2026-01-29 22:03:00,3.8475,3.8525,3.8475,3.849,3.8525,3.8575,3.8525,3.854,19
2026-01-29 22:04:00,3.8485,3.852,3.8465,3.851,3.8535,3.857,3.8515,3.856,13
2026-01-29 22:05:00,3.8505,3.852,3.8505,3.8505,3.8555,3.857,3.8555,3.8555,5
2026-01-29 22:06:00,3.8515,3.8515,3.8515,3.8515,3.8565,3.8565,3.8565,3.8565,1
2026-01-29 22:07:00,3.85,3.8505,3.848,3.849,3.855,3.8555,3.853,3.854,5
2026-01-29 22:08:00,3.85,3.8525,3.849,3.849,3.855,3.8575,3.854,3.854,10
2026-01-29 22:09:00,3.848,3.8535,3.846,3.8495,3.853,3.8585,3.851,3.8545,24
2026-01-29 22:10:00,3.85,3.851,3.8465,3.847,3.855,3.856,3.8515,3.852,14
2026-01-29 22:11:00,3.8475,3.849,3.841,3.841,3.8525,3.854,3.846,3.846,15
2026-01-29 22:12:00,3.8405,3.8405,3.84,3.84,3.8455,3.8455,3.845,3.845,2
2026-01-29 22:13:00,3.8395,3.8395,3.837,3.838,3.8445,3.8445,3.842,3.843,9
2026-01-29 22:14:00,3.8395,3.8475,3.8375,3.8445,3.8445,3.8525,3.8425,3.8495,24
2026-01-29 22:15:00,3.846,3.847,3.845,3.845,3.851,3.852,3.85,3.85,8
2026-01-29 22:16:00,3.846,3.8475,3.8455,3.8455,3.851,3.8525,3.8505,3.8505,10
2026-01-29 22:17:00,3.845,3.8455,3.8415,3.842,3.85,3.8505,3.8465,3.847,13
2026-01-29 22:18:00,3.8425,3.8425,3.839,3.839,3.8475,3.8475,3.844,3.844,5
2026-01-29 22:19:00,3.8385,3.8385,3.838,3.838,3.8435,3.8435,3.843,3.843,2
2026-01-29 22:20:00,3.8385,3.8385,3.8345,3.836,3.8435,3.8435,3.8395,3.841,16
2026-01-29 22:21:00,3.8375,3.838,3.836,3.837,3.8425,3.843,3.841,3.842,9
2026-01-29 22:22:00,3.8375,3.8385,3.8375,3.8375,3.8425,3.8435,3.8425,3.8425,5
2026-01-29 22:23:00,3.837,3.837,3.8355,3.8355,3.842,3.842,3.8405,3.8405,3
2026-01-29 22:24:00,3.8345,3.8345,3.834,3.834,3.8395,3.8395,3.839,3.839,2
2026-01-29 22:25:00,3.8355,3.8375,3.8355,3.8365,3.8405,3.8425,3.8405,3.8415,9
2026-01-29 22:26:00,3.837,3.837,3.8365,3.837,3.842,3.842,3.8415,3.842,3
2026-01-29 22:27:00,3.838,3.844,3.837,3.8435,3.843,3.849,3.842,3.8485,24
2026-01-29 22:28:00,3.844,3.8445,3.843,3.843,3.849,3.8495,3.848,3.848,5
2026-01-29 22:29:00,3.8435,3.844,3.843,3.8435,3.8485,3.849,3.848,3.8485,4
2026-01-29 22:30:00,3.844,3.844,3.844,3.844,3.849,3.849,3.849,3.849,1
2026-01-29 22:31:00,3.8455,3.8455,3.845,3.845,3.8505,3.8505,3.85,3.85,2
2026-01-29 22:32:00,3.8445,3.8465,3.8445,3.846,3.8495,3.8515,3.8495,3.851,4
2026-01-29 22:33:00,3.8465,3.8505,3.8465,3.85,3.8515,3.8555,3.8515,3.855,11
2026-01-29 22:34:00,3.8495,3.853,3.8495,3.8515,3.8545,3.858,3.8545,3.8565,12
2026-01-29 22:35:00,3.852,3.855,3.8515,3.8545,3.857,3.86,3.8565,3.8595,15
2026-01-29 22:36:00,3.855,3.8565,3.8545,3.8555,3.86,3.8615,3.8595,3.8605,15
2026-01-29 22:37:00,3.856,3.8575,3.8555,3.857,3.861,3.8625,3.8605,3.862,14
2026-01-29 22:38:00,3.858,3.8585,3.857,3.858,3.863,3.8635,3.862,3.863,8
2026-01-29 22:39:00,3.8575,3.859,3.8565,3.8575,3.8625,3.864,3.8615,3.8625,12
2026-01-29 22:40:00,3.858,3.8585,3.8565,3.858,3.863,3.8635,3.8615,3.863,10
2026-01-29 22:41:00,3.8575,3.859,3.8575,3.859,3.8625,3.864,3.8625,3.864,6
2026-01-29 22:42:00,3.8585,3.8595,3.858,3.859,3.8635,3.8645,3.863,3.864,7
2026-01-29 22:43:00,3.8585,3.859,3.8555,3.859,3.8635,3.864,3.8605,3.864,12
2026-01-29 22:44:00,3.8595,3.8635,3.8595,3.8635,3.8645,3.8685,3.8645,3.8685,19
2026-01-29 22:45:00,3.864,3.865,3.8565,3.8565,3.869,3.87,3.8615,3.8615,11
2026-01-29 22:46:00,3.857,3.8585,3.857,3.8575,3.862,3.8635,3.862,3.8625,5
2026-01-29 22:47:00,3.858,3.859,3.8565,3.858,3.863,3.864,3.8615,3.863,12
2026-01-29 22:48:00,3.8575,3.8615,3.8565,3.8605,3.8625,3.8665,3.8615,3.8655,15
2026-01-29 22:49:00,3.86,3.86,3.8565,3.8565,3.865,3.865,3.8615,3.8615,2
2026-01-29 22:50:00,3.858,3.858,3.8545,3.8545,3.863,3.863,3.8595,3.8595,10
2026-01-29 22:51:00,3.854,3.854,3.8505,3.853,3.859,3.859,3.8555,3.858,11
2026-01-29 22:52:00,3.8525,3.8525,3.8475,3.849,3.8575,3.8575,3.8525,3.854,9
2026-01-29 22:53:00,3.8485,3.8495,3.8485,3.8495,3.8535,3.8545,3.8535,3.8545,5
2026-01-29 22:54:00,3.85,3.85,3.8485,3.849,3.855,3.855,3.8535,3.854,7
2026-01-29 22:55:00,3.8495,3.8505,3.8485,3.849,3.8545,3.8555,3.8535,3.854,8
2026-01-29 22:56:00,3.8495,3.85,3.8455,3.848,3.8545,3.855,3.8505,3.853,15
2026-01-29 22:57:00,3.8475,3.848,3.8465,3.847,3.8525,3.853,3.8515,3.852,7
2026-01-29 22:58:00,3.846,3.846,3.8415,3.844,3.851,3.851,3.8465,3.849,23
2026-01-29 22:59:00,3.8435,3.844,3.8153,3.8153,3.8485,3.849,3.8203,3.8203,47
2026-01-30 00:00:00,3.8178,3.8303,3.8178,3.8248,3.8228,3.8353,3.8228,3.8298,47
2026-01-30 00:01:00,3.8258,3.8263,3.8128,3.8193,3.8308,3.8313,3.8178,3.8243,32
2026-01-30 00:02:00,3.8198,3.8248,3.8198,3.8218,3.8248,3.8298,3.8248,3.8268,10
2026-01-30 00:03:00,3.8213,3.8218,3.8188,3.8198,3.8263,3.8268,3.8238,3.8248,14
2026-01-30 00:04:00,3.8193,3.8253,3.8188,3.8218,3.8243,3.8303,3.8238,3.8268,15
2026-01-30 00:05:00,3.8208,3.8208,3.8163,3.8168,3.8258,3.8258,3.8213,3.8218,7
2026-01-30 00:06:00,3.8163,3.8198,3.8148,3.8198,3.8213,3.8248,3.8198,3.8248,9
2026-01-30 00:07:00,3.8208,3.8248,3.8108,3.8108,3.8258,3.8298,3.8158,3.8158,19
2026-01-30 00:08:00,3.8118,3.8118,3.8103,3.8103,3.8168,3.8168,3.8153,3.8153,6
2026-01-30 00:09:00,3.8098,3.8103,3.8093,3.8103,3.8148,3.8153,3.8143,3.8153,5
2026-01-30 00:10:00,3.8088,3.8098,3.8048,3.8083,3.8138,3.8148,3.8098,3.8133,24
2026-01-30 00:11:00,3.8078,3.8083,3.8078,3.8083,3.8128,3.8133,3.8128,3.8133,2
2026-01-30 00:12:00,3.8108,3.8158,3.8103,3.8158,3.8158,3.8208,3.8153,3.8208,5
2026-01-30 00:13:00,3.8163,3.8193,3.8113,3.8113,3.8213,3.8243,3.8163,3.8163,11
2026-01-30 00:14:00,3.8118,3.8118,3.8113,3.8113,3.8168,3.8168,3.8163,3.8163,2
2026-01-30 00:15:00,3.8118,3.8143,3.8118,3.8138,3.8168,3.8193,3.8168,3.8188,5
2026-01-30 00:16:00,3.8158,3.8178,3.8143,3.8143,3.8208,3.8228,3.8193,3.8193,6
2026-01-30 00:17:00,3.8138,3.8138,3.8118,3.8123,3.8188,3.8188,3.8168,3.8173,6
2026-01-30 00:18:00,3.8113,3.8123,3.8113,3.8123,3.8163,3.8173,3.8163,3.8173,3
2026-01-30 00:19:00,3.8143,3.8173,3.8143,3.8158,3.8193,3.8223,3.8193,3.8208,5
2026-01-30 00:20:00,3.8148,3.8153,3.8133,3.8133,3.8198,3.8203,3.8183,3.8183,5
2026-01-30 00:21:00,3.8138,3.8138,3.8123,3.8123,3.8188,3.8188,3.8173,3.8173,3
2026-01-30 00:22:00,3.8118,3.8158,3.8113,3.8148,3.8168,3.8208,3.8163,3.8198,6
2026-01-30 00:23:00,3.8143,3.8143,3.8128,3.8138,3.8193,3.8193,3.8178,3.8188,3
2026-01-30 00:24:00,3.8128,3.8138,3.8128,3.8138,3.8178,3.8188,3.8178,3.8188,2
2026-01-30 00:25:00,3.8143,3.8238,3.8143,3.8218,3.8193,3.8288,3.8193,3.8268,14
2026-01-30 00:26:00,3.8213,3.8213,3.8208,3.8208,3.8263,3.8263,3.8258,3.8258,8
2026-01-30 00:27:00,3.8218,3.8253,3.8218,3.8243,3.8268,3.8303,3.8268,3.8293,8
2026-01-30 00:28:00,3.8238,3.8273,3.8238,3.8243,3.8288,3.8323,3.8288,3.8293,11
2026-01-30 00:29:00,3.8248,3.8263,3.8243,3.8263,3.8298,3.8313,3.8293,3.8313,4
2026-01-30 00:30:00,3.8273,3.8303,3.8273,3.8288,3.8323,3.8353,3.8323,3.8338,9
2026-01-30 00:31:00,3.8308,3.8328,3.8293,3.8298,3.8358,3.8378,3.8343,3.8348,10
2026-01-30 00:32:00,3.8288,3.8313,3.8283,3.8308,3.8338,3.8363,3.8333,3.8358,6
2026-01-30 00:33:00,3.8303,3.8318,3.8298,3.8318,3.8353,3.8368,3.8348,3.8368,5
2026-01-30 00:34:00,3.8348,3.8368,3.8328,3.8338,3.8398,3.8418,3.8378,3.8388,9
2026-01-30 00:35:00,3.8328,3.8408,3.8328,3.8393,3.8378,3.8458,3.8378,3.8443,10
2026-01-30 00:36:00,3.8398,3.8443,3.8398,3.8433,3.8448,3.8493,3.8448,3.8483,11
2026-01-30 00:37:00,3.8438,3.8438,3.8403,3.8423,3.8488,3.8488,3.8453,3.8473,19
2026-01-30 00:38:00,3.8408,3.8408,3.8343,3.8343,3.8458,3.8458,3.8393,3.8393,16
2026-01-30 00:39:00,3.8323,3.8338,3.8323,3.8328,3.8373,3.8388,3.8373,3.8378,4
2026-01-30 00:40:00,3.8323,3.8478,3.8323,3.8453,3.8373,3.8528,3.8373,3.8503,26
2026-01-30 00:41:00,3.8443,3.8463,3.8438,3.8458,3.8493,3.8513,3.8488,3.8508,6
2026-01-30 00:42:00,3.8468,3.8468,3.8448,3.8463,3.8518,3.8518,3.8498,3.8513,9
2026-01-30 00:43:00,3.8483,3.8483,3.8413,3.8418,3.8533,3.8533,3.8463,3.8468,11
2026-01-30 00:44:00,3.8413,3.8418,3.8393,3.8393,3.8463,3.8468,3.8443,3.8443,6
2026-01-30 00:45:00,3.8388,3.8403,3.8388,3.8403,3.8438,3.8453,3.8438,3.8453,2
2026-01-30 00:46:00,3.8408,3.8493,3.8403,3.8453,3.8458,3.8543,3.8453,3.8503,10
2026-01-30 00:47:00,3.8443,3.8443,3.8428,3.8428,3.8493,3.8493,3.8478,3.8478,3
2026-01-30 00:48:00,3.8418,3.8418,3.8418,3.8418,3.8468,3.8468,3.8468,3.8468,1
2026-01-30 00:49:00,3.8413,3.8498,3.8413,3.8453,3.8463,3.8548,3.8463,3.8503,13
2026-01-30 00:50:00,3.8433,3.8433,3.8428,3.8428,3.8483,3.8483,3.8478,3.8478,2
2026-01-30 00:51:00,3.8423,3.8458,3.8408,3.8438,3.8473,3.8508,3.8458,3.8488,10
2026-01-30 00:52:00,3.8433,3.8453,3.8423,3.8423,3.8483,3.8503,3.8473,3.8473,6
2026-01-30 00:53:00,3.8413,3.8413,3.8408,3.8408,3.8463,3.8463,3.8458,3.8458,2
2026-01-30 00:54:00,3.8403,3.8433,3.8403,3.8433,3.8453,3.8483,3.8453,3.8483,2
2026-01-30 00:55:00,3.8428,3.8458,3.8408,3.8433,3.8478,3.8508,3.8458,3.8483,10
2026-01-30 00:56:00,3.8438,3.8438,3.8428,3.8433,3.8488,3.8488,3.8478,3.8483,3
2026-01-30 00:57:00,3.8428,3.8428,3.8423,3.8428,3.8478,3.8478,3.8473,3.8478,3
2026-01-30 00:58:00,3.8438,3.8478,3.8438,3.8468,3.8488,3.8528,3.8488,3.8518,7
2026-01-30 00:59:00,3.8463,3.8533,3.8463,3.8528,3.8513,3.8583,3.8513,3.8578,24
2026-01-30 01:00:00,3.8523,3.8523,3.8423,3.8423,3.8573,3.8573,3.8473,3.8473,16
2026-01-30 01:01:00,3.8428,3.8443,3.8428,3.8438,3.8478,3.8493,3.8478,3.8488,7
2026-01-30 01:02:00,3.8433,3.8433,3.8433,3.8433,3.8483,3.8483,3.8483,3.8483,1
2026-01-30 01:03:00,3.8438,3.8438,3.8348,3.8348,3.8488,3.8488,3.8398,3.8398,9
2026-01-30 01:04:00,3.8338,3.8338,3.8298,3.8328,3.8388,3.8388,3.8348,3.8378,14
2026-01-30 01:05:00,3.8333,3.8358,3.8323,3.8358,3.8383,3.8408,3.8373,3.8408,5
2026-01-30 01:06:00,3.8363,3.8413,3.8363,3.8393,3.8413,3.8463,3.8413,3.8443,11
2026-01-30 01:07:00,3.8388,3.8388,3.8373,3.8373,3.8438,3.8438,3.8423,3.8423,3
2026-01-30 01:08:00,3.8378,3.8393,3.8378,3.8393,3.8428,3.8443,3.8428,3.8443,3
2026-01-30 01:09:00,3.8388,3.8403,3.8368,3.8368,3.8438,3.8453,3.8418,3.8418,7
2026-01-30 01:10:00,3.8353,3.8353,3.8283,3.8288,3.8403,3.8403,3.8333,3.8338,6
2026-01-30 01:11:00,3.8283,3.8288,3.8238,3.8243,3.8333,3.8338,3.8288,3.8293,13
2026-01-30 01:12:00,3.8248,3.8273,3.8248,3.8268,3.8298,3.8323,3.8298,3.8318,6
2026-01-30 01:13:00,3.8263,3.8278,3.8263,3.8278,3.8313,3.8328,3.8313,3.8328,3
2026-01-30 01:14:00,3.8268,3.8268,3.8268,3.8268,3.8318,3.8318,3.8318,3.8318,1
2026-01-30 01:15:00,3.8273,3.8283,3.8273,3.8283,3.8323,3.8333,3.8323,3.8333,2
2026-01-30 01:16:00,3.8288,3.8288,3.8243,3.8243,3.8338,3.8338,3.8293,3.8293,8
2026-01-30 01:17:00,3.8233,3.8233,3.8228,3.8228,3.8283,3.8283,3.8278,3.8278,2
2026-01-30 01:18:00,3.8223,3.8223,3.8178,3.8203,3.8273,3.8273,3.8228,3.8253,15
2026-01-30 01:19:00,3.8213,3.8213,3.8168,3.8168,3.8263,3.8263,3.8218,3.8218,10
2026-01-30 01:20:00,3.8163,3.8163,3.8148,3.8148,3.8213,3.8213,3.8198,3.8198,6
2026-01-30 01:21:00,3.8153,3.8208,3.8148,3.8208,3.8203,3.8258,3.8198,3.8258,10
2026-01-30 01:22:00,3.8213,3.8268,3.8213,3.8263,3.8263,3.8318,3.8263,3.8313,10
2026-01-30 01:23:00,3.8258,3.8258,3.8253,3.8253,3.8308,3.8308,3.8303,3.8303,6
2026-01-30 01:24:00,3.8248,3.8258,3.8223,3.8223,3.8298,3.8308,3.8273,3.8273,5
2026-01-30 01:25:00,3.8218,3.8218,3.8213,3.8213,3.8268,3.8268,3.8263,3.8263,2
2026-01-30 01:26:00,3.8208,3.8243,3.8178,3.8178,3.8258,3.8293,3.8228,3.8228,9
2026-01-30 01:27:00,3.8168,3.8183,3.8168,3.8183,3.8218,3.8233,3.8218,3.8233,3
2026-01-30 01:28:00,3.8178,3.8178,3.8158,3.8158,3.8228,3.8228,3.8208,3.8208,3
2026-01-30 01:29:00,3.8153,3.8178,3.8153,3.8178,3.8203,3.8228,3.8203,3.8228,4
2026-01-30 01:30:00,3.8173,3.8173,3.8153,3.8173,3.8223,3.8223,3.8203,3.8223,6
2026-01-30 01:31:00,3.8168,3.8188,3.8153,3.8188,3.8218,3.8238,3.8203,3.8238,6
2026-01-30 01:32:00,3.8203,3.8218,3.8198,3.8198,3.8253,3.8268,3.8248,3.8248,5
2026-01-30 01:33:00,3.8188,3.8198,3.8188,3.8198,3.8238,3.8248,3.8238,3.8248,5
2026-01-30 01:34:00,3.8203,3.8203,3.8178,3.8178,3.8253,3.8253,3.8228,3.8228,4
2026-01-30 01:35:00,3.8183,3.8198,3.8183,3.8198,3.8233,3.8248,3.8233,3.8248,4
2026-01-30 01:36:00,3.8203,3.8223,3.8188,3.8188,3.8253,3.8273,3.8238,3.8238,5
2026-01-30 01:37:00,3.8178,3.8183,3.8143,3.8168,3.8228,3.8233,3.8193,3.8218,14
2026-01-30 01:38:00,3.8163,3.8168,3.8143,3.8143,3.8213,3.8218,3.8193,3.8193,7
2026-01-30 01:39:00,3.8138,3.8143,3.8138,3.8143,3.8188,3.8193,3.8188,3.8193,2
2026-01-30 01:40:00,3.8138,3.8143,3.8138,3.8143,3.8188,3.8193,3.8188,3.8193,2
2026-01-30 01:41:00,3.8138,3.8138,3.8123,3.8133,3.8188,3.8188,3.8173,3.8183,3
2026-01-30 01:42:00,3.8138,3.8148,3.8138,3.8143,3.8188,3.8198,3.8188,3.8193,3
2026-01-30 01:43:00,3.8133,3.8133,3.8113,3.8113,3.8183,3.8183,3.8163,3.8163,4
2026-01-30 01:44:00,3.8108,3.8113,3.8098,3.8098,3.8158,3.8163,3.8148,3.8148,8
2026-01-30 01:45:00,3.8103,3.8108,3.8098,3.8103,3.8153,3.8158,3.8148,3.8153,7
2026-01-30 01:46:00,3.8108,3.8128,3.8108,3.8113,3.8158,3.8178,3.8158,3.8163,5
2026-01-30 01:47:00,3.8108,3.8128,3.8108,3.8118,3.8158,3.8178,3.8158,3.8168,5
2026-01-30 01:48:00,3.8123,3.8123,3.8123,3.8123,3.8173,3.8173,3.8173,3.8173,1
2026-01-30 01:49:00,3.8128,3.8128,3.8108,3.8108,3.8178,3.8178,3.8158,3.8158,4
2026-01-30 01:50:00,3.8103,3.8118,3.8103,3.8118,3.8153,3.8168,3.8153,3.8168,3
2026-01-30 01:51:00,3.8113,3.8118,3.8108,3.8113,3.8163,3.8168,3.8158,3.8163,4
2026-01-30 01:52:00,3.8118,3.8123,3.8118,3.8123,3.8168,3.8173,3.8168,3.8173,2
2026-01-30 01:53:00,3.8118,3.8118,3.8118,3.8118,3.8168,3.8168,3.8168,3.8168,1
2026-01-30 01:54:00,3.8113,3.8148,3.8088,3.8138,3.8163,3.8198,3.8138,3.8188,10
2026-01-30 01:55:00,3.8133,3.8133,3.8108,3.8108,3.8183,3.8183,3.8158,3.8158,4
2026-01-30 01:56:00,3.8113,3.8113,3.8108,3.8113,3.8163,3.8163,3.8158,3.8163,3
2026-01-30 01:57:00,3.8108,3.8108,3.8108,3.8108,3.8158,3.8158,3.8158,3.8158,1
2026-01-30 01:58:00,3.8113,3.8113,3.8078,3.8083,3.8163,3.8163,3.8128,3.8133,7
2026-01-30 01:59:00,3.8078,3.8093,3.8078,3.8093,3.8128,3.8143,3.8128,3.8143,3
2026-01-30 02:00:00,3.8098,3.8113,3.8088,3.8108,3.8148,3.8163,3.8138,3.8158,11
2026-01-30 02:01:00,3.8113,3.8158,3.8113,3.8148,3.8163,3.8208,3.8163,3.8198,13
2026-01-30 02:02:00,3.8133,3.8138,3.8123,3.8123,3.8183,3.8188,3.8173,3.8173,5
2026-01-30 02:03:00,3.8128,3.8128,3.8123,3.8128,3.8178,3.8178,3.8173,3.8178,3
2026-01-30 02:04:00,3.8123,3.8128,3.8118,3.8123,3.8173,3.8178,3.8168,3.8173,5
2026-01-30 02:05:00,3.8113,3.8113,3.8008,3.8023,3.8163,3.8163,3.8058,3.8073,20
2026-01-30 02:06:00,3.8028,3.8028,3.8028,3.8028,3.8078,3.8078,3.8078,3.8078,1
2026-01-30 02:07:00,3.8038,3.8058,3.8038,3.8058,3.8088,3.8108,3.8088,3.8108,3
2026-01-30 02:08:00,3.8053,3.8053,3.8053,3.8053,3.8103,3.8103,3.8103,3.8103,1
2026-01-30 02:10:00,3.8048,3.8058,3.8048,3.8053,3.8098,3.8108,3.8098,3.8103,5
2026-01-30 02:11:00,3.8068,3.8098,3.8068,3.8098,3.8118,3.8148,3.8118,3.8148,5
2026-01-30 02:12:00,3.8093,3.8103,3.8093,3.8103,3.8143,3.8153,3.8143,3.8153,3
2026-01-30 02:13:00,3.8108,3.8123,3.8108,3.8123,3.8158,3.8173,3.8158,3.8173,2
2026-01-30 02:14:00,3.8138,3.8148,3.8128,3.8143,3.8188,3.8198,3.8178,3.8193,5
2026-01-30 02:15:00,3.8148,3.8148,3.8093,3.8108,3.8198,3.8198,3.8143,3.8158,12
2026-01-30 02:16:00,3.8103,3.8128,3.8098,3.8108,3.8153,3.8178,3.8148,3.8158,10
2026-01-30 02:17:00,3.8103,3.8103,3.8073,3.8073,3.8153,3.8153,3.8123,3.8123,6
2026-01-30 02:18:00,3.8068,3.8103,3.8063,3.8103,3.8118,3.8153,3.8113,3.8153,6
2026-01-30 02:19:00,3.8098,3.8148,3.8083,3.8148,3.8148,3.8198,3.8133,3.8198,13
2026-01-30 02:20:00,3.8143,3.8143,3.8133,3.8143,3.8193,3.8193,3.8183,3.8193,5
2026-01-30 02:21:00,3.8153,3.8153,3.8143,3.8143,3.8203,3.8203,3.8193,3.8193,4
2026-01-30 02:22:00,3.8128,3.8128,3.8033,3.8033,3.8178,3.8178,3.8083,3.8083,12
2026-01-30 02:23:00,3.8008,3.8008,3.7993,3.8003,3.8058,3.8058,3.8043,3.8053,5
2026-01-30 02:24:00,3.7998,3.7998,3.7993,3.7993,3.8048,3.8048,3.8043,3.8043,2
2026-01-30 02:25:00,3.7988,3.8013,3.7988,3.8013,3.8038,3.8063,3.8038,3.8063,6
2026-01-30 02:26:00,3.8008,3.8008,3.8003,3.8003,3.8058,3.8058,3.8053,3.8053,2
2026-01-30 02:27:00,3.8008,3.8023,3.8008,3.8023,3.8058,3.8073,3.8058,3.8073,3
2026-01-30 02:28:00,3.8018,3.8018,3.8018,3.8018,3.8068,3.8068,3.8068,3.8068,1
2026-01-30 02:29:00,3.8028,3.8038,3.8013,3.8038,3.8078,3.8088,3.8063,3.8088,10
2026-01-30 02:30:00,3.8033,3.8043,3.8033,3.8043,3.8083,3.8093,3.8083,3.8093,3
2026-01-30 02:31:00,3.8018,3.8018,3.8003,3.8013,3.8068,3.8068,3.8053,3.8063,5
2026-01-30 02:32:00,3.7998,3.8023,3.7983,3.8018,3.8048,3.8073,3.8033,3.8068,10
2026-01-30 02:33:00,3.8013,3.8023,3.8013,3.8023,3.8063,3.8073,3.8063,3.8073,2
2026-01-30 02:34:00,3.8013,3.8013,3.8013,3.8013,3.8063,3.8063,3.8063,3.8063,1
2026-01-30 02:35:00,3.8008,3.8008,3.7998,3.7998,3.8058,3.8058,3.8048,3.8048,3
2026-01-30 02:36:00,3.8003,3.8003,3.7998,3.7998,3.8053,3.8053,3.8048,3.8048,2
2026-01-30 02:39:00,3.8003,3.8003,3.7958,3.7973,3.8053,3.8053,3.8008,3.8023,13
2026-01-30 02:40:00,3.7988,3.7988,3.7988,3.7988,3.8038,3.8038,3.8038,3.8038,1
2026-01-30 02:41:00,3.7993,3.8018,3.7993,3.8018,3.8043,3.8068,3.8043,3.8068,4
2026-01-30 02:42:00,3.8013,3.8013,3.8013,3.8013,3.8063,3.8063,3.8063,3.8063,1
2026-01-30 02:43:00,3.8018,3.8018,3.7968,3.7968,3.8068,3.8068,3.8018,3.8018,8
2026-01-30 02:44:00,3.7973,3.7998,3.7973,3.7993,3.8023,3.8048,3.8023,3.8043,4
2026-01-30 02:45:00,3.8003,3.8008,3.7998,3.7998,3.8053,3.8058,3.8048,3.8048,3
2026-01-30 02:46:00,3.7983,3.7983,3.7938,3.7948,3.8033,3.8033,3.7988,3.7998,9
2026-01-30 02:47:00,3.7953,3.7963,3.7953,3.7963,3.8003,3.8013,3.8003,3.8013,2
2026-01-30 02:48:00,3.7958,3.7958,3.7958,3.7958,3.8008,3.8008,3.8008,3.8008,1
2026-01-30 02:49:00,3.7963,3.7968,3.7958,3.7958,3.8013,3.8018,3.8008,3.8008,4
2026-01-30 02:50:00,3.7963,3.7998,3.7958,3.7983,3.8013,3.8048,3.8008,3.8033,9
2026-01-30 02:51:00,3.7988,3.7993,3.7983,3.7988,3.8038,3.8043,3.8033,3.8038,4
2026-01-30 02:52:00,3.7983,3.7983,3.7928,3.7938,3.8033,3.8033,3.7978,3.7988,6
2026-01-30 02:53:00,3.7933,3.7938,3.7918,3.7938,3.7983,3.7988,3.7968,3.7988,8
2026-01-30 02:54:00,3.7928,3.7928,3.7918,3.7918,3.7978,3.7978,3.7968,3.7968,5
2026-01-30 02:55:00,3.7913,3.7913,3.7913,3.7913,3.7963,3.7963,3.7963,3.7963,1
2026-01-30 02:56:00,3.7928,3.7943,3.7928,3.7943,3.7978,3.7993,3.7978,3.7993,2
2026-01-30 02:58:00,3.7933,3.7933,3.7933,3.7933,3.7983,3.7983,3.7983,3.7983,1
2026-01-30 02:59:00,3.7923,3.7923,3.7923,3.7923,3.7973,3.7973,3.7973,3.7973,1
2026-01-30 03:00:00,3.7918,3.7918,3.7913,3.7913,3.7968,3.7968,3.7963,3.7963,2
2026-01-30 03:01:00,3.7898,3.7898,3.7828,3.7848,3.7948,3.7948,3.7878,3.7898,12
2026-01-30 03:02:00,3.7853,3.7878,3.7853,3.7873,3.7903,3.7928,3.7903,3.7923,12
2026-01-30 03:03:00,3.7868,3.7868,3.7848,3.7848,3.7918,3.7918,3.7898,3.7898,4
2026-01-30 03:04:00,3.7853,3.7873,3.7853,3.7863,3.7903,3.7923,3.7903,3.7913,5
2026-01-30 03:05:00,3.7868,3.7878,3.7868,3.7873,3.7918,3.7928,3.7918,3.7923,3
2026-01-30 03:07:00,3.7888,3.7888,3.7873,3.7888,3.7938,3.7938,3.7923,3.7938,9
2026-01-30 03:08:00,3.7883,3.7888,3.7883,3.7888,3.7933,3.7938,3.7933,3.7938,2
2026-01-30 03:09:00,3.7883,3.7908,3.7878,3.7888,3.7933,3.7958,3.7928,3.7938,10
2026-01-30 03:10:00,3.7893,3.7898,3.7853,3.7853,3.7943,3.7948,3.7903,3.7903,9
2026-01-30 03:11:00,3.7848,3.7863,3.7828,3.7833,3.7898,3.7913,3.7878,3.7883,17
2026-01-30 03:12:00,3.7838,3.7858,3.7833,3.7858,3.7888,3.7908,3.7883,3.7908,8
2026-01-30 03:13:00,3.7853,3.7853,3.7833,3.7833,3.7903,3.7903,3.7883,3.7883,7
2026-01-30 03:14:00,3.7828,3.7833,3.7823,3.7833,3.7878,3.7883,3.7873,3.7883,3
2026-01-30 03:16:00,3.7838,3.7838,3.7773,3.7793,3.7888,3.7888,3.7823,3.7843,24
2026-01-30 03:17:00,3.7813,3.7813,3.7738,3.7758,3.7863,3.7863,3.7788,3.7808,13
2026-01-30 03:18:00,3.7763,3.7778,3.7738,3.7758,3.7813,3.7828,3.7788,3.7808,13
2026-01-30 03:19:00,3.7748,3.7748,3.7723,3.7728,3.7798,3.7798,3.7773,3.7778,6
2026-01-30 03:20:00,3.7733,3.7733,3.7688,3.7688,3.7783,3.7783,3.7738,3.7738,13
2026-01-30 03:21:00,3.7703,3.7738,3.7703,3.7738,3.7753,3.7788,3.7753,3.7788,16
2026-01-30 03:22:00,3.7733,3.7733,3.7718,3.7733,3.7783,3.7783,3.7768,3.7783,5
2026-01-30 03:23:00,3.7728,3.7753,3.7718,3.7723,3.7778,3.7803,3.7768,3.7773,14
2026-01-30 03:24:00,3.7733,3.7783,3.7733,3.7783,3.7783,3.7833,3.7783,3.7833,7
2026-01-30 03:25:00,3.7773,3.7773,3.7758,3.7763,3.7823,3.7823,3.7808,3.7813,10
2026-01-30 03:26:00,3.7778,3.7798,3.7778,3.7798,3.7828,3.7848,3.7828,3.7848,3
2026-01-30 03:27:00,3.7793,3.7798,3.7768,3.7783,3.7843,3.7848,3.7818,3.7833,9
2026-01-30 03:29:00,3.7778,3.7788,3.7768,3.7788,3.7828,3.7838,3.7818,3.7838,6
2026-01-30 03:30:00,3.7783,3.7783,3.7773,3.7778,3.7833,3.7833,3.7823,3.7828,5
2026-01-30 03:31:00,3.7773,3.7773,3.7753,3.7753,3.7823,3.7823,3.7803,3.7803,4
2026-01-30 03:33:00,3.7758,3.7758,3.7753,3.7753,3.7808,3.7808,3.7803,3.7803,2
2026-01-30 03:34:00,3.7748,3.7768,3.7733,3.7768,3.7798,3.7818,3.7783,3.7818,9
2026-01-30 03:35:00,3.7763,3.7763,3.7758,3.7758,3.7813,3.7813,3.7808,3.7808,6
2026-01-30 03:36:00,3.7763,3.7778,3.7738,3.7743,3.7813,3.7828,3.7788,3.7793,7
2026-01-30 03:37:00,3.7758,3.7783,3.7758,3.7783,3.7808,3.7833,3.7808,3.7833,4
2026-01-30 03:38:00,3.7778,3.7778,3.7738,3.7753,3.7828,3.7828,3.7788,3.7803,12
2026-01-30 03:39:00,3.7758,3.7783,3.7758,3.7783,3.7808,3.7833,3.7808,3.7833,5
2026-01-30 03:40:00,3.7788,3.7788,3.7783,3.7783,3.7838,3.7838,3.7833,3.7833,2
2026-01-30 03:41:00,3.7788,3.7788,3.7788,3.7788,3.7838,3.7838,3.7838,3.7838,1
2026-01-30 03:43:00,3.7793,3.7838,3.7793,3.7838,3.7843,3.7888,3.7843,3.7888,8
2026-01-30 03:44:00,3.7848,3.7898,3.7848,3.7883,3.7898,3.7948,3.7898,3.7933,10
2026-01-30 03:45:00,3.7893,3.7928,3.7893,3.7918,3.7943,3.7978,3.7943,3.7968,8
2026-01-30 03:46:00,3.7913,3.7913,3.7843,3.7853,3.7963,3.7963,3.7893,3.7903,13
2026-01-30 03:47:00,3.7838,3.7858,3.7833,3.7848,3.7888,3.7908,3.7883,3.7898,9
2026-01-30 03:48:00,3.7843,3.7848,3.7843,3.7843,3.7893,3.7898,3.7893,3.7893,5
2026-01-30 03:49:00,3.7848,3.7908,3.7848,3.7903,3.7898,3.7958,3.7898,3.7953,9
2026-01-30 03:50:00,3.7908,3.7968,3.7863,3.7923,3.7958,3.8018,3.7913,3.7973,23
2026-01-30 03:51:00,3.7928,3.7958,3.7908,3.7908,3.7978,3.8008,3.7958,3.7958,14
2026-01-30 03:52:00,3.7923,3.7938,3.7918,3.7928,3.7973,3.7988,3.7968,3.7978,8
2026-01-30 03:53:00,3.7923,3.7968,3.7913,3.7963,3.7973,3.8018,3.7963,3.8013,8
2026-01-30 03:54:00,3.7958,3.7958,3.7953,3.7953,3.8008,3.8008,3.8003,3.8003,2
2026-01-30 03:55:00,3.7948,3.7948,3.7933,3.7933,3.7998,3.7998,3.7983,3.7983,4
2026-01-30 03:56:00,3.7928,3.7928,3.7928,3.7928,3.7978,3.7978,3.7978,3.7978,1
2026-01-30 03:57:00,3.7933,3.7933,3.7933,3.7933,3.7983,3.7983,3.7983,3.7983,1
2026-01-30 03:58:00,3.7948,3.7978,3.7938,3.7978,3.7998,3.8028,3.7988,3.8028,7
2026-01-30 03:59:00,3.7988,3.8003,3.7978,3.7993,3.8038,3.8053,3.8028,3.8043,9
2026-01-30 04:00:00,3.7988,3.7988,3.7963,3.7973,3.8038,3.8038,3.8013,3.8023,9
2026-01-30 04:01:00,3.7963,3.7963,3.7943,3.7943,3.8013,3.8013,3.7993,3.7993,4
2026-01-30 04:02:00,3.7948,3.7973,3.7948,3.7973,3.7998,3.8023,3.7998,3.8023,3
2026-01-30 04:03:00,3.7983,3.7998,3.7963,3.7968,3.8033,3.8048,3.8013,3.8018,10
2026-01-30 04:04:00,3.7973,3.7988,3.7973,3.7988,3.8023,3.8038,3.8023,3.8038,3
2026-01-30 04:05:00,3.7998,3.8003,3.7968,3.7983,3.8048,3.8053,3.8018,3.8033,16
2026-01-30 04:06:00,3.7973,3.7978,3.7973,3.7978,3.8023,3.8028,3.8023,3.8028,2
2026-01-30 04:07:00,3.7983,3.7983,3.7983,3.7983,3.8033,3.8033,3.8033,3.8033,1
2026-01-30 04:08:00,3.7978,3.7978,3.7978,3.7978,3.8028,3.8028,3.8028,3.8028,1
2026-01-30 04:09:00,3.7983,3.7983,3.7958,3.7958,3.8033,3.8033,3.8008,3.8008,5
2026-01-30 04:10:00,3.7963,3.7963,3.7938,3.7948,3.8013,3.8013,3.7988,3.7998,7
2026-01-30 04:11:00,3.7943,3.7943,3.7943,3.7943,3.7993,3.7993,3.7993,3.7993,1
2026-01-30 04:12:00,3.7938,3.7938,3.7918,3.7923,3.7988,3.7988,3.7968,3.7973,4
2026-01-30 04:13:00,3.7918,3.7923,3.7908,3.7908,3.7968,3.7973,3.7958,3.7958,4
2026-01-30 04:14:00,3.7903,3.7903,3.7888,3.7888,3.7953,3.7953,3.7938,3.7938,2
2026-01-30 04:15:00,3.7883,3.7888,3.7878,3.7878,3.7933,3.7938,3.7928,3.7928,3
2026-01-30 04:16:00,3.7883,3.7913,3.7883,3.7893,3.7933,3.7963,3.7933,3.7943,10
2026-01-30 04:17:00,3.7888,3.7888,3.7883,3.7883,3.7938,3.7938,3.7933,3.7933,2
2026-01-30 04:18:00,3.7868,3.7883,3.7868,3.7883,3.7918,3.7933,3.7918,3.7933,2
2026-01-30 04:20:00,3.7888,3.7898,3.7818,3.7823,3.7938,3.7948,3.7868,3.7873,21
2026-01-30 04:21:00,3.7818,3.7833,3.7818,3.7833,3.7868,3.7883,3.7868,3.7883,4
2026-01-30 04:22:00,3.7828,3.7828,3.7818,3.7823,3.7878,3.7878,3.7868,3.7873,3
2026-01-30 04:23:00,3.7798,3.7823,3.7798,3.7823,3.7848,3.7873,3.7848,3.7873,5
2026-01-30 04:24:00,3.7833,3.7833,3.7833,3.7833,3.7883,3.7883,3.7883,3.7883,1
2026-01-30 04:25:00,3.7828,3.7833,3.7828,3.7833,3.7878,3.7883,3.7878,3.7883,2
2026-01-30 04:27:00,3.7828,3.7833,3.7818,3.7833,3.7878,3.7883,3.7868,3.7883,3
2026-01-30 04:28:00,3.7828,3.7828,3.7828,3.7828,3.7878,3.7878,3.7878,3.7878,1
2026-01-30 04:29:00,3.7823,3.7823,3.7823,3.7823,3.7873,3.7873,3.7873,3.7873,1
2026-01-30 04:30:00,3.7818,3.7833,3.7798,3.7833,3.7868,3.7883,3.7848,3.7883,15
2026-01-30 04:31:00,3.7828,3.7828,3.7813,3.7813,3.7878,3.7878,3.7863,3.7863,9
2026-01-30 04:32:00,3.7808,3.7808,3.7788,3.7793,3.7858,3.7858,3.7838,3.7843,9
2026-01-30 04:33:00,3.7788,3.7798,3.7788,3.7798,3.7838,3.7848,3.7838,3.7848,4
2026-01-30 04:34:00,3.7803,3.7803,3.7703,3.7708,3.7853,3.7853,3.7753,3.7758,32
2026-01-30 04:35:00,3.7718,3.7718,3.7588,3.7598,3.7768,3.7768,3.7638,3.7648,29
2026-01-30 04:36:00,3.7588,3.7643,3.7553,3.7593,3.7638,3.7693,3.7603,3.7643,28
2026-01-30 04:37:00,3.7588,3.7593,3.7568,3.7588,3.7638,3.7643,3.7618,3.7638,14
2026-01-30 04:38:00,3.7593,3.7668,3.7593,3.7653,3.7643,3.7718,3.7643,3.7703,13
2026-01-30 04:39:00,3.7643,3.7648,3.7608,3.7643,3.7693,3.7698,3.7658,3.7693,13
2026-01-30 04:40:00,3.7633,3.7643,3.7633,3.7643,3.7683,3.7693,3.7683,3.7693,3
2026-01-30 04:41:00,3.7638,3.7678,3.7633,3.7633,3.7688,3.7728,3.7683,3.7683,9
2026-01-30 04:42:00,3.7628,3.7633,3.7623,3.7633,3.7678,3.7683,3.7673,3.7683,4
2026-01-30 04:43:00,3.7623,3.7628,3.7608,3.7613,3.7673,3.7678,3.7658,3.7663,7
2026-01-30 04:44:00,3.7608,3.7613,3.7603,3.7613,3.7658,3.7663,3.7653,3.7663,4
2026-01-30 04:45:00,3.7618,3.7618,3.7613,3.7613,3.7668,3.7668,3.7663,3.7663,2
2026-01-30 04:46:00,3.7608,3.7628,3.7598,3.7623,3.7658,3.7678,3.7648,3.7673,17
2026-01-30 04:47:00,3.7628,3.7638,3.7623,3.7623,3.7678,3.7688,3.7673,3.7673,5
2026-01-30 04:48:00,3.7618,3.7633,3.7618,3.7628,3.7668,3.7683,3.7668,3.7678,5
2026-01-30 04:49:00,3.7633,3.7653,3.7628,3.7648,3.7683,3.7703,3.7678,3.7698,6
2026-01-30 04:50:00,3.7653,3.7658,3.7638,3.7643,3.7703,3.7708,3.7688,3.7693,7
2026-01-30 04:51:00,3.7638,3.7638,3.7628,3.7628,3.7688,3.7688,3.7678,3.7678,3
2026-01-30 04:52:00,3.7623,3.7623,3.7593,3.7613,3.7673,3.7673,3.7643,3.7663,10
2026-01-30 04:53:00,3.7608,3.7643,3.7608,3.7623,3.7658,3.7693,3.7658,3.7673,8
2026-01-30 04:54:00,3.7618,3.7643,3.7593,3.7643,3.7668,3.7693,3.7643,3.7693,16
2026-01-30 04:55:00,3.7653,3.7663,3.7618,3.7628,3.7703,3.7713,3.7668,3.7678,14
2026-01-30 04:56:00,3.7638,3.7648,3.7608,3.7633,3.7688,3.7698,3.7658,3.7683,10
2026-01-30 04:57:00,3.7648,3.7688,3.7648,3.7683,3.7698,3.7738,3.7698,3.7733,13
2026-01-30 04:58:00,3.7688,3.7698,3.7683,3.7683,3.7738,3.7748,3.7733,3.7733,8
2026-01-30 04:59:00,3.7663,3.7688,3.7653,3.7688,3.7713,3.7738,3.7703,3.7738,9
2026-01-30 05:00:00,3.7683,3.7748,3.7663,3.7748,3.7733,3.7798,3.7713,3.7798,15
2026-01-30 05:01:00,3.7743,3.7763,3.7728,3.7743,3.7793,3.7813,3.7778,3.7793,13
2026-01-30 05:02:00,3.7748,3.7758,3.7703,3.7738,3.7798,3.7808,3.7753,3.7788,22
2026-01-30 05:03:00,3.7748,3.7773,3.7743,3.7743,3.7798,3.7823,3.7793,3.7793,10
2026-01-30 05:04:00,3.7738,3.7743,3.7733,3.7733,3.7788,3.7793,3.7783,3.7783,3
2026-01-30 05:05:00,3.7753,3.7833,3.7753,3.7813,3.7803,3.7883,3.7803,3.7863,12
2026-01-30 05:06:00,3.7818,3.7818,3.7793,3.7813,3.7868,3.7868,3.7843,3.7863,8
2026-01-30 05:07:00,3.7803,3.7828,3.7773,3.7778,3.7853,3.7878,3.7823,3.7828,13
2026-01-30 05:08:00,3.7773,3.7773,3.7753,3.7753,3.7823,3.7823,3.7803,3.7803,5
2026-01-30 05:09:00,3.7758,3.7783,3.7758,3.7763,3.7808,3.7833,3.7808,3.7813,7
2026-01-30 05:10:00,3.7758,3.7758,3.7748,3.7758,3.7808,3.7808,3.7798,3.7808,4
2026-01-30 05:11:00,3.7753,3.7778,3.7748,3.7753,3.7803,3.7828,3.7798,3.7803,8
2026-01-30 05:12:00,3.7748,3.7748,3.7743,3.7743,3.7798,3.7798,3.7793,3.7793,4
2026-01-30 05:13:00,3.7758,3.7773,3.7758,3.7773,3.7808,3.7823,3.7808,3.7823,2
2026-01-30 05:14:00,3.7768,3.7773,3.7768,3.7773,3.7818,3.7823,3.7818,3.7823,2
2026-01-30 05:16:00,3.7803,3.7838,3.7798,3.7798,3.7853,3.7888,3.7848,3.7848,8
2026-01-30 05:17:00,3.7793,3.7793,3.7688,3.7693,3.7843,3.7843,3.7738,3.7743,15
2026-01-30 05:18:00,3.7683,3.7683,3.7638,3.7643,3.7733,3.7733,3.7688,3.7693,7
2026-01-30 05:19:00,3.7633,3.7648,3.7628,3.7648,3.7683,3.7698,3.7678,3.7698,10
2026-01-30 05:20:00,3.7658,3.7683,3.7658,3.7683,3.7708,3.7733,3.7708,3.7733,8
2026-01-30 05:21:00,3.7678,3.7678,3.7663,3.7663,3.7728,3.7728,3.7713,3.7713,3
2026-01-30 05:22:00,3.7673,3.7683,3.7673,3.7683,3.7723,3.7733,3.7723,3.7733,2
2026-01-30 05:23:00,3.7678,3.7678,3.7663,3.7663,3.7728,3.7728,3.7713,3.7713,6
2026-01-30 05:24:00,3.7668,3.7703,3.7663,3.7698,3.7718,3.7753,3.7713,3.7748,7
2026-01-30 05:25:00,3.7693,3.7738,3.7668,3.7668,3.7743,3.7788,3.7718,3.7718,21
2026-01-30 05:26:00,3.7663,3.7678,3.7658,3.7673,3.7713,3.7728,3.7708,3.7723,6
2026-01-30 05:27:00,3.7678,3.7678,3.7678,3.7678,3.7728,3.7728,3.7728,3.7728,1
2026-01-30 05:28:00,3.7683,3.7703,3.7683,3.7698,3.7733,3.7753,3.7733,3.7748,6
2026-01-30 05:29:00,3.7703,3.7703,3.7703,3.7703,3.7753,3.7753,3.7753,3.7753,1
2026-01-30 05:30:00,3.7708,3.7733,3.7698,3.7708,3.7758,3.7783,3.7748,3.7758,13
2026-01-30 05:31:00,3.7703,3.7728,3.7698,3.7728,3.7753,3.7778,3.7748,3.7778,6
2026-01-30 05:32:00,3.7723,3.7723,3.7708,3.7708,3.7773,3.7773,3.7758,3.7758,6
2026-01-30 05:33:00,3.7703,3.7728,3.7703,3.7728,3.7753,3.7778,3.7753,3.7778,4
2026-01-30 05:34:00,3.7733,3.7778,3.7733,3.7773,3.7783,3.7828,3.7783,3.7823,11
2026-01-30 05:35:00,3.7768,3.7768,3.7678,3.7678,3.7818,3.7818,3.7728,3.7728,21
2026-01-30 05:36:00,3.7683,3.7688,3.7663,3.7678,3.7733,3.7738,3.7713,3.7728,9
2026-01-30 05:37:00,3.7673,3.7693,3.7673,3.7693,3.7723,3.7743,3.7723,3.7743,2
2026-01-30 05:39:00,3.7708,3.7708,3.7698,3.7698,3.7758,3.7758,3.7748,3.7748,2
2026-01-30 05:40:00,3.7703,3.7713,3.7703,3.7713,3.7753,3.7763,3.7753,3.7763,3
2026-01-30 05:41:00,3.7723,3.7733,3.7723,3.7728,3.7773,3.7783,3.7773,3.7778,3
2026-01-30 05:42:00,3.7738,3.7893,3.7738,3.7888,3.7788,3.7943,3.7788,3.7938,18
2026-01-30 05:43:00,3.7893,3.7968,3.7888,3.7948,3.7943,3.8018,3.7938,3.7998,15
2026-01-30 05:44:00,3.7968,3.8033,3.7958,3.7958,3.8018,3.8083,3.8008,3.8008,22
2026-01-30 05:45:00,3.7953,3.7953,3.7943,3.7948,3.8003,3.8003,3.7993,3.7998,4
2026-01-30 05:46:00,3.7953,3.7958,3.7943,3.7943,3.8003,3.8008,3.7993,3.7993,8
2026-01-30 05:47:00,3.7948,3.8038,3.7943,3.8033,3.7998,3.8088,3.7993,3.8083,12
2026-01-30 05:48:00,3.8028,3.8078,3.7998,3.8038,3.8078,3.8128,3.8048,3.8088,36
2026-01-30 05:49:00,3.8033,3.8033,3.7998,3.7998,3.8083,3.8083,3.8048,3.8048,8
2026-01-30 05:50:00,3.7993,3.7993,3.7983,3.7988,3.8043,3.8043,3.8033,3.8038,3
2026-01-30 05:51:00,3.7993,3.8003,3.7988,3.7988,3.8043,3.8053,3.8038,3.8038,4
2026-01-30 05:52:00,3.8003,3.8003,3.7978,3.7978,3.8053,3.8053,3.8028,3.8028,4
2026-01-30 05:53:00,3.7988,3.7988,3.7958,3.7968,3.8038,3.8038,3.8008,3.8018,6
2026-01-30 05:54:00,3.7963,3.7963,3.7963,3.7963,3.8013,3.8013,3.8013,3.8013,1
2026-01-30 05:55:00,3.7968,3.7968,3.7958,3.7958,3.8018,3.8018,3.8008,3.8008,3
2026-01-30 05:56:00,3.7953,3.7963,3.7953,3.7958,3.8003,3.8013,3.8003,3.8008,4
2026-01-30 05:57:00,3.7963,3.8028,3.7963,3.7983,3.8013,3.8078,3.8013,3.8033,14
2026-01-30 05:58:00,3.7958,3.7963,3.7938,3.7943,3.8008,3.8013,3.7988,3.7993,5
2026-01-30 05:59:00,3.7968,3.7978,3.7953,3.7973,3.8018,3.8028,3.8003,3.8023,6
2026-01-30 06:00:00,3.7958,3.7958,3.7938,3.7938,3.8008,3.8008,3.7988,3.7988,6
2026-01-30 06:01:00,3.7943,3.7943,3.7933,3.7933,3.7993,3.7993,3.7983,3.7983,2
2026-01-30 06:02:00,3.7918,3.7918,3.7863,3.7883,3.7968,3.7968,3.7913,3.7933,9
2026-01-30 06:03:00,3.7878,3.7878,3.7843,3.7853,3.7928,3.7928,3.7893,3.7903,11
2026-01-30 06:04:00,3.7838,3.7838,3.7833,3.7833,3.7888,3.7888,3.7883,3.7883,2
2026-01-30 06:05:00,3.7848,3.7858,3.7848,3.7858,3.7898,3.7908,3.7898,3.7908,3
2026-01-30 06:06:00,3.7863,3.7863,3.7853,3.7853,3.7913,3.7913,3.7903,3.7903,3
2026-01-30 06:07:00,3.7848,3.7848,3.7848,3.7848,3.7898,3.7898,3.7898,3.7898,1
2026-01-30 06:08:00,3.7843,3.7888,3.7843,3.7858,3.7893,3.7938,3.7893,3.7908,11
2026-01-30 06:09:00,3.7853,3.7853,3.7773,3.7773,3.7903,3.7903,3.7823,3.7823,9
2026-01-30 06:10:00,3.7778,3.7788,3.7773,3.7773,3.7828,3.7838,3.7823,3.7823,6
2026-01-30 06:11:00,3.7778,3.7798,3.7743,3.7743,3.7828,3.7848,3.7793,3.7793,14
2026-01-30 06:12:00,3.7738,3.7753,3.7738,3.7743,3.7788,3.7803,3.7788,3.7793,4
2026-01-30 06:13:00,3.7728,3.7753,3.7718,3.7738,3.7778,3.7803,3.7768,3.7788,14
2026-01-30 06:14:00,3.7758,3.7803,3.7758,3.7793,3.7808,3.7853,3.7808,3.7843,10
2026-01-30 06:15:00,3.7788,3.7808,3.7778,3.7808,3.7838,3.7858,3.7828,3.7858,6
2026-01-30 06:16:00,3.7813,3.7868,3.7813,3.7868,3.7863,3.7918,3.7863,3.7918,9
2026-01-30 06:17:00,3.7873,3.7898,3.7873,3.7888,3.7923,3.7948,3.7923,3.7938,5
2026-01-30 06:18:00,3.7883,3.7888,3.7808,3.7808,3.7933,3.7938,3.7858,3.7858,9
2026-01-30 06:19:00,3.7813,3.7888,3.7813,3.7888,3.7863,3.7938,3.7863,3.7938,10
2026-01-30 06:20:00,3.7883,3.7888,3.7883,3.7888,3.7933,3.7938,3.7933,3.7938,2
2026-01-30 06:21:00,3.7898,3.7898,3.7883,3.7893,3.7948,3.7948,3.7933,3.7943,3
2026-01-30 06:22:00,3.7898,3.7943,3.7833,3.7863,3.7948,3.7993,3.7883,3.7913,15
2026-01-30 06:23:00,3.7868,3.7868,3.7843,3.7843,3.7918,3.7918,3.7893,3.7893,5
2026-01-30 06:24:00,3.7833,3.7833,3.7823,3.7823,3.7883,3.7883,3.7873,3.7873,2
2026-01-30 06:25:00,3.7818,3.7833,3.7818,3.7833,3.7868,3.7883,3.7868,3.7883,2
2026-01-30 06:26:00,3.7828,3.7828,3.7803,3.7803,3.7878,3.7878,3.7853,3.7853,3
2026-01-30 06:27:00,3.7823,3.7863,3.7823,3.7853,3.7873,3.7913,3.7873,3.7903,8
2026-01-30 06:28:00,3.7858,3.7858,3.7828,3.7828,3.7908,3.7908,3.7878,3.7878,6
2026-01-30 06:29:00,3.7838,3.7858,3.7838,3.7853,3.7888,3.7908,3.7888,3.7903,5
2026-01-30 06:30:00,3.7858,3.7888,3.7848,3.7878,3.7908,3.7938,3.7898,3.7928,7
2026-01-30 06:31:00,3.7868,3.7873,3.7868,3.7873,3.7918,3.7923,3.7918,3.7923,2
2026-01-30 06:32:00,3.7838,3.7838,3.7708,3.7718,3.7888,3.7888,3.7758,3.7768,13
2026-01-30 06:33:00,3.7723,3.7728,3.7653,3.7663,3.7773,3.7778,3.7703,3.7713,11
2026-01-30 06:34:00,3.7653,3.7653,3.7583,3.7583,3.7703,3.7703,3.7633,3.7633,20
2026-01-30 06:35:00,3.7588,3.7603,3.7588,3.7598,3.7638,3.7653,3.7638,3.7648,5
2026-01-30 06:36:00,3.7603,3.7638,3.7598,3.7633,3.7653,3.7688,3.7648,3.7683,9
2026-01-30 06:37:00,3.7638,3.7678,3.7638,3.7678,3.7688,3.7728,3.7688,3.7728,6
2026-01-30 06:38:00,3.7693,3.7778,3.7678,3.7778,3.7743,3.7828,3.7728,3.7828,33
2026-01-30 06:39:00,3.7783,3.7808,3.7758,3.7778,3.7833,3.7858,3.7808,3.7828,19
2026-01-30 06:40:00,3.7788,3.7818,3.7788,3.7798,3.7838,3.7868,3.7838,3.7848,15
2026-01-30 06:41:00,3.7803,3.7898,3.7798,3.7898,3.7853,3.7948,3.7848,3.7948,26
2026-01-30 06:42:00,3.7908,3.7953,3.7908,3.7928,3.7958,3.8003,3.7958,3.7978,12
2026-01-30 06:43:00,3.7923,3.8103,3.7923,3.8068,3.7973,3.8153,3.7973,3.8118,35
2026-01-30 06:44:00,3.8098,3.8113,3.7898,3.7898,3.8148,3.8163,3.7948,3.7948,29
2026-01-30 06:45:00,3.7903,3.7948,3.7903,3.7948,3.7953,3.7998,3.7953,3.7998,11
2026-01-30 06:46:00,3.7988,3.8078,3.7988,3.8048,3.8038,3.8128,3.8038,3.8098,15
2026-01-30 06:47:00,3.8058,3.8243,3.8018,3.8153,3.8108,3.8293,3.8068,3.8203,44
2026-01-30 06:48:00,3.8143,3.8148,3.8028,3.8038,3.8193,3.8198,3.8078,3.8088,21
2026-01-30 06:49:00,3.8028,3.8073,3.8023,3.8038,3.8078,3.8123,3.8073,3.8088,19
2026-01-30 06:50:00,3.8028,3.8108,3.7993,3.8093,3.8078,3.8158,3.8043,3.8143,21
2026-01-30 06:51:00,3.8088,3.8108,3.8053,3.8063,3.8138,3.8158,3.8103,3.8113,20
2026-01-30 06:52:00,3.8068,3.8108,3.8063,3.8093,3.8118,3.8158,3.8113,3.8143,17
2026-01-30 06:53:00,3.8098,3.8113,3.7998,3.8008,3.8148,3.8163,3.8048,3.8058,25
2026-01-30 06:54:00,3.8013,3.8118,3.8013,3.8103,3.8063,3.8168,3.8063,3.8153,20
2026-01-30 06:55:00,3.8118,3.8118,3.8083,3.8093,3.8168,3.8168,3.8133,3.8143,16
2026-01-30 06:56:00,3.8083,3.8083,3.8033,3.8038,3.8133,3.8133,3.8083,3.8088,11
2026-01-30 06:57:00,3.8043,3.8103,3.8043,3.8073,3.8093,3.8153,3.8093,3.8123,12
2026-01-30 06:58:00,3.8078,3.8078,3.8038,3.8053,3.8128,3.8128,3.8088,3.8103,17
2026-01-30 06:59:00,3.8058,3.8093,3.7988,3.7988,3.8108,3.8143,3.8038,3.8038,17
2026-01-30 07:00:00,3.7983,3.8028,3.7983,3.8018,3.8033,3.8078,3.8033,3.8068,10
2026-01-30 07:01:00,3.8023,3.8023,3.8003,3.8018,3.8073,3.8073,3.8053,3.8068,7
2026-01-30 07:02:00,3.8013,3.8013,3.7918,3.7918,3.8063,3.8063,3.7968,3.7968,10
2026-01-30 07:03:00,3.7913,3.7928,3.7913,3.7923,3.7963,3.7978,3.7963,3.7973,4
2026-01-30 07:04:00,3.7928,3.7953,3.7928,3.7953,3.7978,3.8003,3.7978,3.8003,3
2026-01-30 07:05:00,3.7958,3.7958,3.7938,3.7938,3.8008,3.8008,3.7988,3.7988,3
2026-01-30 07:06:00,3.7933,3.8168,3.7933,3.8153,3.7983,3.8218,3.7983,3.8203,40
2026-01-30 07:07:00,3.8148,3.8148,3.8038,3.8038,3.8198,3.8198,3.8088,3.8088,16
2026-01-30 07:08:00,3.8043,3.8078,3.8033,3.8078,3.8093,3.8128,3.8083,3.8128,7
2026-01-30 07:09:00,3.8068,3.8078,3.8023,3.8053,3.8118,3.8128,3.8073,3.8103,35
2026-01-30 07:10:00,3.8063,3.8153,3.8063,3.8123,3.8113,3.8203,3.8113,3.8173,19
2026-01-30 07:11:00,3.8113,3.8133,3.8103,3.8133,3.8163,3.8183,3.8153,3.8183,7
2026-01-30 07:12:00,3.8108,3.8108,3.8008,3.8008,3.8158,3.8158,3.8058,3.8058,24
2026-01-30 07:13:00,3.8003,3.8023,3.7948,3.7968,3.8053,3.8073,3.7998,3.8018,11
2026-01-30 07:14:00,3.7973,3.7973,3.7818,3.7908,3.8023,3.8023,3.7868,3.7958,48
2026-01-30 07:15:00,3.7913,3.8003,3.7893,3.7968,3.7963,3.8053,3.7943,3.8018,17
2026-01-30 07:16:00,3.7973,3.8048,3.7938,3.8048,3.8023,3.8098,3.7988,3.8098,22
2026-01-30 07:17:00,3.8038,3.8038,3.8003,3.8003,3.8088,3.8088,3.8053,3.8053,9
2026-01-30 07:18:00,3.8023,3.8033,3.8008,3.8008,3.8073,3.8083,3.8058,3.8058,5
2026-01-30 07:19:00,3.8023,3.8043,3.7978,3.7978,3.8073,3.8093,3.8028,3.8028,10
2026-01-30 07:20:00,3.7988,3.8033,3.7988,3.8033,3.8038,3.8083,3.8038,3.8083,5
2026-01-30 07:21:00,3.8063,3.8193,3.8063,3.8173,3.8113,3.8243,3.8113,3.8223,13
2026-01-30 07:22:00,3.8168,3.8178,3.7988,3.8053,3.8218,3.8228,3.8038,3.8103,42
2026-01-30 07:23:00,3.8063,3.8068,3.8023,3.8038,3.8113,3.8118,3.8073,3.8088,7
2026-01-30 07:24:00,3.8043,3.8048,3.7998,3.7998,3.8093,3.8098,3.8048,3.8048,5
2026-01-30 07:25:00,3.7993,3.7993,3.7973,3.7983,3.8043,3.8043,3.8023,3.8033,5
2026-01-30 07:26:00,3.7973,3.8003,3.7973,3.7988,3.8023,3.8053,3.8023,3.8038,5
2026-01-30 07:27:00,3.7983,3.8038,3.7983,3.8028,3.8033,3.8088,3.8033,3.8078,10
2026-01-30 07:28:00,3.8013,3.8023,3.8008,3.8013,3.8063,3.8073,3.8058,3.8063,5
2026-01-30 07:29:00,3.8008,3.8043,3.7993,3.8038,3.8058,3.8093,3.8043,3.8088,8
2026-01-30 07:30:00,3.8043,3.8103,3.7998,3.8028,3.8093,3.8153,3.8048,3.8078,32
2026-01-30 07:31:00,3.8038,3.8053,3.8018,3.8033,3.8088,3.8103,3.8068,3.8083,22
2026-01-30 07:32:00,3.8038,3.8108,3.8038,3.8098,3.8088,3.8158,3.8088,3.8148,21
2026-01-30 07:33:00,3.8103,3.8133,3.8083,3.8128,3.8153,3.8183,3.8133,3.8178,14
2026-01-30 07:34:00,3.8123,3.8148,3.8078,3.8133,3.8173,3.8198,3.8128,3.8183,46
2026-01-30 07:35:00,3.8143,3.8153,3.8143,3.8153,3.8193,3.8203,3.8193,3.8203,5
2026-01-30 07:36:00,3.8148,3.8153,3.8088,3.8148,3.8198,3.8203,3.8138,3.8198,24
2026-01-30 07:37:00,3.8158,3.8163,3.8098,3.8103,3.8208,3.8213,3.8148,3.8153,20
2026-01-30 07:38:00,3.8113,3.8148,3.8113,3.8133,3.8163,3.8198,3.8163,3.8183,7
2026-01-30 07:39:00,3.8128,3.8133,3.8103,3.8133,3.8178,3.8183,3.8153,3.8183,9
2026-01-30 07:40:00,3.8128,3.8173,3.8113,3.8173,3.8178,3.8223,3.8163,3.8223,13
2026-01-30 07:41:00,3.8158,3.8158,3.8098,3.8098,3.8208,3.8208,3.8148,3.8148,12
2026-01-30 07:42:00,3.8108,3.8108,3.8038,3.8043,3.8158,3.8158,3.8088,3.8093,10
2026-01-30 07:43:00,3.8053,3.8073,3.8033,3.8068,3.8103,3.8123,3.8083,3.8118,13
2026-01-30 07:44:00,3.8078,3.8148,3.8073,3.8108,3.8128,3.8198,3.8123,3.8158,10
2026-01-30 07:45:00,3.8118,3.8118,3.8083,3.8113,3.8168,3.8168,3.8133,3.8163,22
2026-01-30 07:46:00,3.8118,3.8118,3.8118,3.8118,3.8168,3.8168,3.8168,3.8168,1
2026-01-30 07:47:00,3.8123,3.8133,3.8123,3.8123,3.8173,3.8183,3.8173,3.8173,5
2026-01-30 07:48:00,3.8128,3.8223,3.8123,3.8198,3.8178,3.8273,3.8173,3.8248,19
2026-01-30 07:49:00,3.8178,3.8218,3.8163,3.8213,3.8228,3.8268,3.8213,3.8263,11
2026-01-30 07:50:00,3.8203,3.8203,3.8163,3.8163,3.8253,3.8253,3.8213,3.8213,6
2026-01-30 07:51:00,3.8178,3.8178,3.8178,3.8178,3.8228,3.8228,3.8228,3.8228,1
2026-01-30 07:52:00,3.8188,3.8208,3.8188,3.8198,3.8238,3.8258,3.8238,3.8248,6
2026-01-30 07:53:00,3.8203,3.8213,3.8193,3.8213,3.8253,3.8263,3.8243,3.8263,5
2026-01-30 07:54:00,3.8208,3.8268,3.8208,3.8248,3.8258,3.8318,3.8258,3.8298,21
2026-01-30 07:55:00,3.8253,3.8268,3.8238,3.8248,3.8303,3.8318,3.8288,3.8298,6
2026-01-30 07:56:00,3.8258,3.8263,3.8208,3.8218,3.8308,3.8313,3.8258,3.8268,12
2026-01-30 07:57:00,3.8213,3.8263,3.8213,3.8243,3.8263,3.8313,3.8263,3.8293,10
2026-01-30 07:58:00,3.8238,3.8243,3.8228,3.8228,3.8288,3.8293,3.8278,3.8278,4
2026-01-30 07:59:00,3.8223,3.8223,3.8218,3.8223,3.8273,3.8273,3.8268,3.8273,3
2026-01-30 08:00:00,3.8208,3.8223,3.8148,3.8148,3.8258,3.8273,3.8198,3.8198,15
2026-01-30 08:01:00,3.8143,3.8203,3.8128,3.8203,3.8193,3.8253,3.8178,3.8253,21
2026-01-30 08:02:00,3.8198,3.8198,3.8158,3.8158,3.8248,3.8248,3.8208,3.8208,9
2026-01-30 08:03:00,3.8153,3.8168,3.8148,3.8168,3.8203,3.8218,3.8198,3.8218,6
2026-01-30 08:04:00,3.8163,3.8178,3.8108,3.8148,3.8213,3.8228,3.8158,3.8198,18
2026-01-30 08:05:00,3.8143,3.8143,3.8143,3.8143,3.8193,3.8193,3.8193,3.8193,1
2026-01-30 08:06:00,3.8158,3.8183,3.8158,3.8168,3.8208,3.8233,3.8208,3.8218,5
2026-01-30 08:07:00,3.8173,3.8173,3.8158,3.8158,3.8223,3.8223,3.8208,3.8208,3
2026-01-30 08:08:00,3.8153,3.8183,3.8118,3.8128,3.8203,3.8233,3.8168,3.8178,10
2026-01-30 08:09:00,3.8123,3.8138,3.8108,3.8128,3.8173,3.8188,3.8158,3.8178,6
2026-01-30 08:10:00,3.8113,3.8133,3.8108,3.8108,3.8163,3.8183,3.8158,3.8158,9
2026-01-30 08:11:00,3.8118,3.8128,3.8098,3.8118,3.8168,3.8178,3.8148,3.8168,7
2026-01-30 08:12:00,3.8108,3.8193,3.8108,3.8168,3.8158,3.8243,3.8158,3.8218,14
2026-01-30 08:13:00,3.8163,3.8168,3.8163,3.8168,3.8213,3.8218,3.8213,3.8218,2
2026-01-30 08:14:00,3.8153,3.8153,3.8108,3.8108,3.8203,3.8203,3.8158,3.8158,10
2026-01-30 08:15:00,3.8123,3.8128,3.8118,3.8118,3.8173,3.8178,3.8168,3.8168,4
2026-01-30 08:16:00,3.8123,3.8153,3.8123,3.8148,3.8173,3.8203,3.8173,3.8198,6
2026-01-30 08:17:00,3.8158,3.8233,3.8158,3.8233,3.8208,3.8283,3.8208,3.8283,21
2026-01-30 08:18:00,3.8228,3.8228,3.8168,3.8178,3.8278,3.8278,3.8218,3.8228,15
2026-01-30 08:19:00,3.8173,3.8173,3.8173,3.8173,3.8223,3.8223,3.8223,3.8223,1
2026-01-30 08:20:00,3.8178,3.8178,3.8178,3.8178,3.8228,3.8228,3.8228,3.8228,1
2026-01-30 08:21:00,3.8173,3.8198,3.8133,3.8138,3.8223,3.8248,3.8183,3.8188,12
2026-01-30 08:22:00,3.8143,3.8143,3.8128,3.8138,3.8193,3.8193,3.8178,3.8188,7
2026-01-30 08:23:00,3.8128,3.8133,3.8128,3.8133,3.8178,3.8183,3.8178,3.8183,4
2026-01-30 08:24:00,3.8138,3.8168,3.8138,3.8168,3.8188,3.8218,3.8188,3.8218,4
2026-01-30 08:26:00,3.8173,3.8173,3.8168,3.8168,3.8223,3.8223,3.8218,3.8218,2
2026-01-30 08:27:00,3.8163,3.8163,3.8013,3.8118,3.8213,3.8213,3.8063,3.8168,30
2026-01-30 08:28:00,3.8123,3.8123,3.8113,3.8113,3.8173,3.8173,3.8163,3.8163,3
2026-01-30 08:29:00,3.8093,3.8143,3.8083,3.8118,3.8143,3.8193,3.8133,3.8168,31
2026-01-30 08:30:00,3.8138,3.8183,3.8138,3.8158,3.8188,3.8233,3.8188,3.8208,12
2026-01-30 08:31:00,3.8168,3.8173,3.8168,3.8173,3.8218,3.8223,3.8218,3.8223,2
2026-01-30 08:32:00,3.8178,3.8198,3.8173,3.8173,3.8228,3.8248,3.8223,3.8223,7
2026-01-30 08:33:00,3.8168,3.8168,3.8128,3.8128,3.8218,3.8218,3.8178,3.8178,8
2026-01-30 08:34:00,3.8108,3.8123,3.8108,3.8123,3.8158,3.8173,3.8158,3.8173,5
2026-01-30 08:35:00,3.8118,3.8123,3.8118,3.8123,3.8168,3.8173,3.8168,3.8173,2
2026-01-30 08:36:00,3.8118,3.8118,3.8078,3.8078,3.8168,3.8168,3.8128,3.8128,5
2026-01-30 08:37:00,3.8068,3.8068,3.8048,3.8048,3.8118,3.8118,3.8098,3.8098,6
2026-01-30 08:38:00,3.8043,3.8043,3.8033,3.8038,3.8093,3.8093,3.8083,3.8088,6
2026-01-30 08:39:00,3.8043,3.8073,3.8038,3.8073,3.8093,3.8123,3.8088,3.8123,5
2026-01-30 08:40:00,3.8083,3.8083,3.8053,3.8053,3.8133,3.8133,3.8103,3.8103,4
2026-01-30 08:41:00,3.8048,3.8063,3.8048,3.8063,3.8098,3.8113,3.8098,3.8113,4
2026-01-30 08:42:00,3.8068,3.8083,3.8053,3.8058,3.8118,3.8133,3.8103,3.8108,6
2026-01-30 08:43:00,3.8063,3.8063,3.8058,3.8058,3.8113,3.8113,3.8108,3.8108,2
2026-01-30 08:44:00,3.8063,3.8063,3.8053,3.8053,3.8113,3.8113,3.8103,3.8103,3
2026-01-30 08:45:00,3.8068,3.8068,3.8028,3.8043,3.8118,3.8118,3.8078,3.8093,10
2026-01-30 08:46:00,3.8033,3.8033,3.8023,3.8023,3.8083,3.8083,3.8073,3.8073,2
2026-01-30 08:47:00,3.8018,3.8018,3.7933,3.7943,3.8068,3.8068,3.7983,3.7993,14
2026-01-30 08:48:00,3.7953,3.8013,3.7953,3.7993,3.8003,3.8063,3.8003,3.8043,11
2026-01-30 08:49:00,3.8003,3.8023,3.8003,3.8023,3.8053,3.8073,3.8053,3.8073,4
2026-01-30 08:50:00,3.8033,3.8038,3.7998,3.8003,3.8083,3.8088,3.8048,3.8053,8
2026-01-30 08:51:00,3.7998,3.8063,3.7998,3.8013,3.8048,3.8113,3.8048,3.8063,14
2026-01-30 08:52:00,3.8023,3.8023,3.8023,3.8023,3.8073,3.8073,3.8073,3.8073,1
2026-01-30 08:53:00,3.8028,3.8043,3.8023,3.8043,3.8078,3.8093,3.8073,3.8093,4
2026-01-30 08:54:00,3.8038,3.8068,3.8028,3.8028,3.8088,3.8118,3.8078,3.8078,12
2026-01-30 08:55:00,3.8053,3.8133,3.8053,3.8123,3.8103,3.8183,3.8103,3.8173,12
2026-01-30 08:56:00,3.8118,3.8128,3.8098,3.8118,3.8168,3.8178,3.8148,3.8168,10
2026-01-30 08:57:00,3.8113,3.8118,3.8093,3.8093,3.8163,3.8168,3.8143,3.8143,5
2026-01-30 08:58:00,3.8098,3.8258,3.8093,3.8198,3.8148,3.8308,3.8143,3.8248,25
2026-01-30 08:59:00,3.8203,3.8203,3.8203,3.8203,3.8253,3.8253,3.8253,3.8253,1
2026-01-30 09:00:00,3.8198,3.8198,3.8113,3.8128,3.8248,3.8248,3.8163,3.8178,16
2026-01-30 09:01:00,3.8123,3.8153,3.8118,3.8148,3.8173,3.8203,3.8168,3.8198,10
2026-01-30 09:02:00,3.8143,3.8148,3.8143,3.8148,3.8193,3.8198,3.8193,3.8198,2
2026-01-30 09:03:00,3.8138,3.8138,3.8108,3.8123,3.8188,3.8188,3.8158,3.8173,9
2026-01-30 09:04:00,3.8143,3.8143,3.8113,3.8123,3.8193,3.8193,3.8163,3.8173,10
2026-01-30 09:05:00,3.8118,3.8143,3.8098,3.8108,3.8168,3.8193,3.8148,3.8158,19
2026-01-30 09:06:00,3.8113,3.8113,3.8108,3.8108,3.8163,3.8163,3.8158,3.8158,2
2026-01-30 09:07:00,3.8113,3.8113,3.8108,3.8113,3.8163,3.8163,3.8158,3.8163,3
2026-01-30 09:08:00,3.8128,3.8138,3.8108,3.8128,3.8178,3.8188,3.8158,3.8178,8
2026-01-30 09:09:00,3.8133,3.8133,3.8078,3.8078,3.8183,3.8183,3.8128,3.8128,7
2026-01-30 09:10:00,3.8063,3.8068,3.8033,3.8063,3.8113,3.8118,3.8083,3.8113,16
2026-01-30 09:11:00,3.8068,3.8068,3.8063,3.8063,3.8118,3.8118,3.8113,3.8113,2
2026-01-30 09:12:00,3.8058,3.8063,3.8043,3.8063,3.8108,3.8113,3.8093,3.8113,8
2026-01-30 09:13:00,3.8058,3.8103,3.8058,3.8093,3.8108,3.8153,3.8108,3.8143,7
2026-01-30 09:14:00,3.8083,3.8133,3.7998,3.8133,3.8133,3.8183,3.8048,3.8183,33
2026-01-30 09:15:00,3.8128,3.8168,3.8098,3.8168,3.8178,3.8218,3.8148,3.8218,22
2026-01-30 09:16:00,3.8173,3.8173,3.8083,3.8098,3.8223,3.8223,3.8133,3.8148,19
2026-01-30 09:17:00,3.8093,3.8098,3.8058,3.8098,3.8143,3.8148,3.8108,3.8148,10
2026-01-30 09:18:00,3.8108,3.8108,3.8093,3.8103,3.8158,3.8158,3.8143,3.8153,3
2026-01-30 09:19:00,3.8098,3.8123,3.8098,3.8123,3.8148,3.8173,3.8148,3.8173,4
2026-01-30 09:20:00,3.8118,3.8143,3.8118,3.8133,3.8168,3.8193,3.8168,3.8183,5
2026-01-30 09:21:00,3.8123,3.8123,3.8108,3.8113,3.8173,3.8173,3.8158,3.8163,6
2026-01-30 09:22:00,3.8108,3.8108,3.8088,3.8103,3.8158,3.8158,3.8138,3.8153,9
2026-01-30 09:23:00,3.8093,3.8113,3.8093,3.8113,3.8143,3.8163,3.8143,3.8163,4
2026-01-30 09:24:00,3.8083,3.8123,3.8038,3.8108,3.8133,3.8173,3.8088,3.8158,20
2026-01-30 09:25:00,3.8113,3.8133,3.8113,3.8133,3.8163,3.8183,3.8163,3.8183,2
2026-01-30 09:26:00,3.8128,3.8128,3.8128,3.8128,3.8178,3.8178,3.8178,3.8178,1
2026-01-30 09:27:00,3.8133,3.8138,3.8133,3.8133,3.8183,3.8188,3.8183,3.8183,3
2026-01-30 09:28:00,3.8128,3.8133,3.8108,3.8123,3.8178,3.8183,3.8158,3.8173,6
2026-01-30 09:29:00,3.8128,3.8158,3.8128,3.8138,3.8178,3.8208,3.8178,3.8188,8
2026-01-30 09:30:00,3.8133,3.8133,3.8133,3.8133,3.8183,3.8183,3.8183,3.8183,1
2026-01-30 09:31:00,3.8143,3.8143,3.8093,3.8098,3.8193,3.8193,3.8143,3.8148,8
2026-01-30 09:32:00,3.8103,3.8103,3.8093,3.8093,3.8153,3.8153,3.8143,3.8143,3
2026-01-30 09:33:00,3.8088,3.8088,3.8028,3.8083,3.8138,3.8138,3.8078,3.8133,14
2026-01-30 09:34:00,3.8088,3.8088,3.8083,3.8083,3.8138,3.8138,3.8133,3.8133,2
2026-01-30 09:35:00,3.8088,3.8088,3.8058,3.8063,3.8138,3.8138,3.8108,3.8113,6
2026-01-30 09:36:00,3.8068,3.8088,3.8043,3.8063,3.8118,3.8138,3.8093,3.8113,23
2026-01-30 09:37:00,3.8073,3.8153,3.8073,3.8148,3.8123,3.8203,3.8123,3.8198,21
2026-01-30 09:38:00,3.8143,3.8203,3.8143,3.8163,3.8193,3.8253,3.8193,3.8213,22
2026-01-30 09:39:00,3.8158,3.8248,3.8143,3.8168,3.8208,3.8298,3.8193,3.8218,26
2026-01-30 09:40:00,3.8173,3.8198,3.8118,3.8123,3.8223,3.8248,3.8168,3.8173,12
2026-01-30 09:41:00,3.8128,3.8143,3.8088,3.8113,3.8178,3.8193,3.8138,3.8163,11
2026-01-30 09:42:00,3.8118,3.8128,3.8113,3.8128,3.8168,3.8178,3.8163,3.8178,4
2026-01-30 09:43:00,3.8143,3.8253,3.8143,3.8243,3.8193,3.8303,3.8193,3.8293,27
2026-01-30 09:44:00,3.8238,3.8283,3.8218,3.8253,3.8288,3.8333,3.8268,3.8303,20
2026-01-30 09:45:00,3.8258,3.8283,3.8208,3.8258,3.8308,3.8333,3.8258,3.8308,18
2026-01-30 09:46:00,3.8263,3.8378,3.8263,3.8338,3.8313,3.8428,3.8313,3.8388,44
2026-01-30 09:47:00,3.8358,3.8368,3.8338,3.8348,3.8408,3.8418,3.8388,3.8398,19
2026-01-30 09:48:00,3.8353,3.8353,3.8303,3.8303,3.8403,3.8403,3.8353,3.8353,16
2026-01-30 09:49:00,3.8308,3.8308,3.8258,3.8288,3.8358,3.8358,3.8308,3.8338,7
2026-01-30 09:50:00,3.8293,3.8313,3.8278,3.8278,3.8343,3.8363,3.8328,3.8328,10
2026-01-30 09:51:00,3.8273,3.8273,3.8228,3.8238,3.8323,3.8323,3.8278,3.8288,5
2026-01-30 09:52:00,3.8258,3.8328,3.8258,3.8313,3.8308,3.8378,3.8308,3.8363,18
2026-01-30 09:53:00,3.8303,3.8308,3.8288,3.8293,3.8353,3.8358,3.8338,3.8343,6
2026-01-30 09:54:00,3.8313,3.8313,3.8303,3.8308,3.8363,3.8363,3.8353,3.8358,4
2026-01-30 09:55:00,3.8313,3.8313,3.8273,3.8283,3.8363,3.8363,3.8323,3.8333,15
2026-01-30 09:56:00,3.8298,3.8313,3.8283,3.8313,3.8348,3.8363,3.8333,3.8363,4
2026-01-30 09:57:00,3.8318,3.8318,3.8148,3.8148,3.8368,3.8368,3.8198,3.8198,25
2026-01-30 09:58:00,3.8143,3.8143,3.8113,3.8113,3.8193,3.8193,3.8163,3.8163,9
2026-01-30 09:59:00,3.8118,3.8128,3.8078,3.8118,3.8168,3.8178,3.8128,3.8168,13
2026-01-30 10:00:00,3.8108,3.8163,3.8108,3.8128,3.8158,3.8213,3.8158,3.8178,16
2026-01-30 10:01:00,3.8123,3.8148,3.8063,3.8108,3.8173,3.8198,3.8113,3.8158,16
2026-01-30 10:02:00,3.8113,3.8118,3.8113,3.8118,3.8163,3.8168,3.8163,3.8168,4
2026-01-30 10:03:00,3.8113,3.8168,3.8113,3.8153,3.8163,3.8218,3.8163,3.8203,13
2026-01-30 10:04:00,3.8148,3.8158,3.8128,3.8158,3.8198,3.8208,3.8178,3.8208,8
2026-01-30 10:05:00,3.8163,3.8188,3.8148,3.8148,3.8213,3.8238,3.8198,3.8198,14
2026-01-30 10:06:00,3.8143,3.8268,3.8128,3.8228,3.8193,3.8318,3.8178,3.8278,18
2026-01-30 10:07:00,3.8218,3.8218,3.8218,3.8218,3.8268,3.8268,3.8268,3.8268,1
2026-01-30 10:08:00,3.8213,3.8313,3.8213,3.8263,3.8263,3.8363,3.8263,3.8313,28
2026-01-30 10:09:00,3.8273,3.8313,3.8273,3.8278,3.8323,3.8363,3.8323,3.8328,12
2026-01-30 10:10:00,3.8283,3.8313,3.8283,3.8303,3.8333,3.8363,3.8333,3.8353,7
2026-01-30 10:11:00,3.8313,3.8333,3.8218,3.8228,3.8363,3.8383,3.8268,3.8278,17
2026-01-30 10:12:00,3.8233,3.8233,3.8203,3.8208,3.8283,3.8283,3.8253,3.8258,7
2026-01-30 10:13:00,3.8213,3.8323,3.8213,3.8298,3.8263,3.8373,3.8263,3.8348,13
2026-01-30 10:14:00,3.8293,3.8313,3.8278,3.8313,3.8343,3.8363,3.8328,3.8363,7
2026-01-30 10:15:00,3.8308,3.8308,3.8253,3.8253,3.8358,3.8358,3.8303,3.8303,14
2026-01-30 10:16:00,3.8248,3.8308,3.8218,3.8303,3.8298,3.8358,3.8268,3.8353,14
2026-01-30 10:17:00,3.8308,3.8308,3.8308,3.8308,3.8358,3.8358,3.8358,3.8358,1
2026-01-30 10:18:00,3.8303,3.8303,3.8208,3.8253,3.8353,3.8353,3.8258,3.8303,27
2026-01-30 10:19:00,3.8238,3.8243,3.8203,3.8228,3.8288,3.8293,3.8253,3.8278,11
2026-01-30 10:20:00,3.8233,3.8268,3.8228,3.8228,3.8283,3.8318,3.8278,3.8278,8
2026-01-30 10:21:00,3.8223,3.8283,3.8223,3.8283,3.8273,3.8333,3.8273,3.8333,13
2026-01-30 10:22:00,3.8278,3.8343,3.8278,3.8293,3.8328,3.8393,3.8328,3.8343,16
2026-01-30 10:23:00,3.8288,3.8288,3.8233,3.8238,3.8338,3.8338,3.8283,3.8288,16
2026-01-30 10:24:00,3.8248,3.8253,3.8248,3.8253,3.8298,3.8303,3.8298,3.8303,2
2026-01-30 10:25:00,3.8263,3.8288,3.8248,3.8288,3.8313,3.8338,3.8298,3.8338,11
2026-01-30 10:26:00,3.8303,3.8328,3.8298,3.8308,3.8353,3.8378,3.8348,3.8358,14
2026-01-30 10:27:00,3.8313,3.8358,3.8313,3.8313,3.8363,3.8408,3.8363,3.8363,16
2026-01-30 10:28:00,3.8308,3.8388,3.8298,3.8308,3.8358,3.8438,3.8348,3.8358,20
2026-01-30 10:29:00,3.8303,3.8303,3.8263,3.8263,3.8353,3.8353,3.8313,3.8313,7
2026-01-30 10:30:00,3.8258,3.8258,3.8223,3.8243,3.8308,3.8308,3.8273,3.8293,17
2026-01-30 10:31:00,3.8248,3.8268,3.8218,3.8223,3.8298,3.8318,3.8268,3.8273,19
2026-01-30 10:32:00,3.8228,3.8263,3.8193,3.8203,3.8278,3.8313,3.8243,3.8253,24
2026-01-30 10:33:00,3.8198,3.8218,3.8198,3.8218,3.8248,3.8268,3.8248,3.8268,4
2026-01-30 10:34:00,3.8208,3.8233,3.8203,3.8203,3.8258,3.8283,3.8253,3.8253,9
2026-01-30 10:35:00,3.8208,3.8208,3.8203,3.8203,3.8258,3.8258,3.8253,3.8253,2
2026-01-30 10:36:00,3.8198,3.8223,3.8168,3.8173,3.8248,3.8273,3.8218,3.8223,19
2026-01-30 10:37:00,3.8168,3.8168,3.8063,3.8098,3.8218,3.8218,3.8113,3.8148,15
2026-01-30 10:38:00,3.8103,3.8128,3.8103,3.8113,3.8153,3.8178,3.8153,3.8163,5
2026-01-30 10:39:00,3.8118,3.8128,3.8113,3.8113,3.8168,3.8178,3.8163,3.8163,8
2026-01-30 10:40:00,3.8108,3.8113,3.8108,3.8113,3.8158,3.8163,3.8158,3.8163,2
2026-01-30 10:41:00,3.8118,3.8173,3.8118,3.8158,3.8168,3.8223,3.8168,3.8208,8
2026-01-30 10:42:00,3.8163,3.8163,3.8073,3.8098,3.8213,3.8213,3.8123,3.8148,19
2026-01-30 10:44:00,3.8103,3.8108,3.8078,3.8098,3.8153,3.8158,3.8128,3.8148,10
2026-01-30 10:45:00,3.8103,3.8138,3.8103,3.8113,3.8153,3.8188,3.8153,3.8163,10
2026-01-30 10:46:00,3.8108,3.8168,3.8108,3.8143,3.8158,3.8218,3.8158,3.8193,14
2026-01-30 10:47:00,3.8153,3.8153,3.8108,3.8108,3.8203,3.8203,3.8158,3.8158,13
2026-01-30 10:48:00,3.8098,3.8108,3.8098,3.8108,3.8148,3.8158,3.8148,3.8158,3
2026-01-30 10:49:00,3.8113,3.8118,3.8108,3.8108,3.8163,3.8168,3.8158,3.8158,6
2026-01-30 10:50:00,3.8118,3.8138,3.8103,3.8103,3.8168,3.8188,3.8153,3.8153,9
2026-01-30 10:51:00,3.8078,3.8078,3.7888,3.7968,3.8128,3.8128,3.7938,3.8018,40
2026-01-30 10:52:00,3.7958,3.8038,3.7958,3.8028,3.8008,3.8088,3.8008,3.8078,13
2026-01-30 10:53:00,3.8033,3.8118,3.8028,3.8118,3.8083,3.8168,3.8078,3.8168,20
2026-01-30 10:54:00,3.8103,3.8108,3.8078,3.8088,3.8153,3.8158,3.8128,3.8138,13
2026-01-30 10:55:00,3.8103,3.8118,3.8068,3.8088,3.8153,3.8168,3.8118,3.8138,18
2026-01-30 10:56:00,3.8083,3.8088,3.8063,3.8078,3.8133,3.8138,3.8113,3.8128,11
2026-01-30 10:57:00,3.8073,3.8188,3.8073,3.8188,3.8123,3.8238,3.8123,3.8238,15
2026-01-30 10:58:00,3.8198,3.8208,3.8168,3.8188,3.8248,3.8258,3.8218,3.8238,18
2026-01-30 10:59:00,3.8193,3.8208,3.8153,3.8153,3.8243,3.8258,3.8203,3.8203,14
2026-01-30 11:00:00,3.8158,3.8168,3.8123,3.8138,3.8208,3.8218,3.8173,3.8188,25
2026-01-30 11:01:00,3.8148,3.8148,3.8143,3.8143,3.8198,3.8198,3.8193,3.8193,2
2026-01-30 11:02:00,3.8148,3.8148,3.8118,3.8128,3.8198,3.8198,3.8168,3.8178,7
2026-01-30 11:03:00,3.8148,3.8223,3.8148,3.8203,3.8198,3.8273,3.8198,3.8253,21
2026-01-30 11:04:00,3.8198,3.8238,3.8188,3.8218,3.8248,3.8288,3.8238,3.8268,13
2026-01-30 11:05:00,3.8228,3.8233,3.8203,3.8223,3.8278,3.8283,3.8253,3.8273,11
2026-01-30 11:06:00,3.8228,3.8228,3.8168,3.8173,3.8278,3.8278,3.8218,3.8223,13
2026-01-30 11:07:00,3.8183,3.8183,3.8083,3.8178,3.8233,3.8233,3.8133,3.8228,24
2026-01-30 11:08:00,3.8173,3.8183,3.8128,3.8168,3.8223,3.8233,3.8178,3.8218,13
2026-01-30 11:09:00,3.8173,3.8203,3.8148,3.8183,3.8223,3.8253,3.8198,3.8233,17
2026-01-30 11:10:00,3.8178,3.8183,3.8133,3.8173,3.8228,3.8233,3.8183,3.8223,12
2026-01-30 11:11:00,3.8188,3.8203,3.8158,3.8163,3.8238,3.8253,3.8208,3.8213,16
2026-01-30 11:13:00,3.8158,3.8158,3.8113,3.8123,3.8208,3.8208,3.8163,3.8173,7
2026-01-30 11:14:00,3.8118,3.8123,3.8118,3.8118,3.8168,3.8173,3.8168,3.8168,5
2026-01-30 11:15:00,3.8123,3.8123,3.8068,3.8088,3.8173,3.8173,3.8118,3.8138,19
2026-01-30 11:16:00,3.8093,3.8108,3.8093,3.8103,3.8143,3.8158,3.8143,3.8153,10
2026-01-30 11:17:00,3.8098,3.8138,3.8083,3.8133,3.8148,3.8188,3.8133,3.8183,11
2026-01-30 11:18:00,3.8138,3.8168,3.8118,3.8133,3.8188,3.8218,3.8168,3.8183,12
2026-01-30 11:19:00,3.8138,3.8138,3.8128,3.8128,3.8188,3.8188,3.8178,3.8178,3
2026-01-30 11:20:00,3.8133,3.8148,3.8108,3.8118,3.8183,3.8198,3.8158,3.8168,11
2026-01-30 11:21:00,3.8123,3.8173,3.8118,3.8138,3.8173,3.8223,3.8168,3.8188,11
2026-01-30 11:22:00,3.8133,3.8133,3.8128,3.8128,3.8183,3.8183,3.8178,3.8178,2
2026-01-30 11:23:00,3.8123,3.8138,3.8123,3.8138,3.8173,3.8188,3.8173,3.8188,4
2026-01-30 11:24:00,3.8143,3.8148,3.8143,3.8148,3.8193,3.8198,3.8193,3.8198,2
2026-01-30 11:25:00,3.8153,3.8153,3.8143,3.8143,3.8203,3.8203,3.8193,3.8193,3
2026-01-30 11:26:00,3.8128,3.8133,3.8113,3.8113,3.8178,3.8183,3.8163,3.8163,5
2026-01-30 11:27:00,3.8108,3.8108,3.8068,3.8093,3.8158,3.8158,3.8118,3.8143,11
2026-01-30 11:28:00,3.8098,3.8103,3.8088,3.8088,3.8148,3.8153,3.8138,3.8138,5
2026-01-30 11:29:00,3.8083,3.8098,3.8078,3.8088,3.8133,3.8148,3.8128,3.8138,9
2026-01-30 11:30:00,3.8083,3.8118,3.8083,3.8118,3.8133,3.8168,3.8133,3.8168,6
2026-01-30 11:31:00,3.8113,3.8138,3.8108,3.8123,3.8163,3.8188,3.8158,3.8173,13
2026-01-30 11:32:00,3.8103,3.8103,3.8043,3.8068,3.8153,3.8153,3.8093,3.8118,9
2026-01-30 11:33:00,3.8073,3.8108,3.8013,3.8063,3.8123,3.8158,3.8063,3.8113,24
2026-01-30 11:34:00,3.8073,3.8198,3.8063,3.8193,3.8123,3.8248,3.8113,3.8243,15
2026-01-30 11:35:00,3.8198,3.8238,3.8198,3.8228,3.8248,3.8288,3.8248,3.8278,17
2026-01-30 11:36:00,3.8223,3.8223,3.8208,3.8218,3.8273,3.8273,3.8258,3.8268,7
2026-01-30 11:37:00,3.8213,3.8213,3.8143,3.8183,3.8263,3.8263,3.8193,3.8233,18
2026-01-30 11:38:00,3.8138,3.8138,3.8088,3.8093,3.8188,3.8188,3.8138,3.8143,15
2026-01-30 11:39:00,3.8088,3.8088,3.8028,3.8043,3.8138,3.8138,3.8078,3.8093,17
2026-01-30 11:40:00,3.8038,3.8128,3.8038,3.8128,3.8088,3.8178,3.8088,3.8178,10
2026-01-30 11:41:00,3.8138,3.8168,3.8138,3.8163,3.8188,3.8218,3.8188,3.8213,4
2026-01-30 11:42:00,3.8158,3.8163,3.8113,3.8118,3.8208,3.8213,3.8163,3.8168,11
2026-01-30 11:43:00,3.8123,3.8123,3.8108,3.8108,3.8173,3.8173,3.8158,3.8158,3
2026-01-30 11:44:00,3.8118,3.8128,3.8098,3.8098,3.8168,3.8178,3.8148,3.8148,5
2026-01-30 11:45:00,3.8103,3.8118,3.8103,3.8118,3.8153,3.8168,3.8153,3.8168,6
2026-01-30 11:46:00,3.8123,3.8143,3.8123,3.8143,3.8173,3.8193,3.8173,3.8193,5
2026-01-30 11:47:00,3.8148,3.8148,3.8123,3.8123,3.8198,3.8198,3.8173,3.8173,5
2026-01-30 11:48:00,3.8103,3.8108,3.8103,3.8108,3.8153,3.8158,3.8153,3.8158,2
2026-01-30 11:49:00,3.8113,3.8113,3.8113,3.8113,3.8163,3.8163,3.8163,3.8163,1
2026-01-30 11:50:00,3.8123,3.8123,3.8113,3.8113,3.8173,3.8173,3.8163,3.8163,2
2026-01-30 11:51:00,3.8118,3.8233,3.8118,3.8188,3.8168,3.8283,3.8168,3.8238,27
2026-01-30 11:52:00,3.8183,3.8198,3.8183,3.8198,3.8233,3.8248,3.8233,3.8248,4
2026-01-30 11:53:00,3.8203,3.8378,3.8203,3.8348,3.8253,3.8428,3.8253,3.8398,44
2026-01-30 11:54:00,3.8353,3.8438,3.8353,3.8428,3.8403,3.8488,3.8403,3.8478,41
2026-01-30 11:55:00,3.8433,3.8433,3.8328,3.8338,3.8483,3.8483,3.8378,3.8388,48
2026-01-30 11:56:00,3.8343,3.8393,3.8343,3.8373,3.8393,3.8443,3.8393,3.8423,25
2026-01-30 11:57:00,3.8358,3.8373,3.8353,3.8373,3.8408,3.8423,3.8403,3.8423,15
2026-01-30 11:58:00,3.8368,3.8408,3.8363,3.8403,3.8418,3.8458,3.8413,3.8453,26
2026-01-30 11:59:00,3.8393,3.8393,3.8353,3.8373,3.8443,3.8443,3.8403,3.8423,12
2026-01-30 12:00:00,3.8378,3.8418,3.8378,3.8413,3.8428,3.8468,3.8428,3.8463,16
2026-01-30 12:02:00,3.8428,3.8448,3.8413,3.8428,3.8478,3.8498,3.8463,3.8478,12
2026-01-30 12:03:00,3.8433,3.8473,3.8433,3.8443,3.8483,3.8523,3.8483,3.8493,20
2026-01-30 12:04:00,3.8428,3.8428,3.8408,3.8413,3.8478,3.8478,3.8458,3.8463,7
2026-01-30 12:05:00,3.8408,3.8408,3.8373,3.8373,3.8458,3.8458,3.8423,3.8423,23
2026-01-30 12:06:00,3.8378,3.8413,3.8378,3.8388,3.8428,3.8463,3.8428,3.8438,10
2026-01-30 12:07:00,3.8383,3.8383,3.8383,3.8383,3.8433,3.8433,3.8433,3.8433,1
2026-01-30 12:08:00,3.8393,3.8418,3.8363,3.8408,3.8443,3.8468,3.8413,3.8458,22
2026-01-30 12:09:00,3.8403,3.8418,3.8388,3.8398,3.8453,3.8468,3.8438,3.8448,12
2026-01-30 12:10:00,3.8393,3.8428,3.8383,3.8393,3.8443,3.8478,3.8433,3.8443,9
2026-01-30 12:11:00,3.8398,3.8438,3.8383,3.8398,3.8448,3.8488,3.8433,3.8448,20
2026-01-30 12:12:00,3.8393,3.8438,3.8393,3.8423,3.8443,3.8488,3.8443,3.8473,15
2026-01-30 12:13:00,3.8418,3.8418,3.8403,3.8403,3.8468,3.8468,3.8453,3.8453,5
2026-01-30 12:14:00,3.8388,3.8388,3.8288,3.8328,3.8438,3.8438,3.8338,3.8378,19
2026-01-30 12:15:00,3.8323,3.8368,3.8323,3.8363,3.8373,3.8418,3.8373,3.8413,12
2026-01-30 12:16:00,3.8358,3.8358,3.8328,3.8338,3.8408,3.8408,3.8378,3.8388,12
2026-01-30 12:17:00,3.8343,3.8348,3.8323,3.8323,3.8393,3.8398,3.8373,3.8373,7
2026-01-30 12:18:00,3.8318,3.8338,3.8303,3.8318,3.8368,3.8388,3.8353,3.8368,18
2026-01-30 12:19:00,3.8323,3.8378,3.8323,3.8363,3.8373,3.8428,3.8373,3.8413,20
2026-01-30 12:20:00,3.8358,3.8363,3.8338,3.8343,3.8408,3.8413,3.8388,3.8393,10
2026-01-30 12:21:00,3.8328,3.8328,3.8258,3.8258,3.8378,3.8378,3.8308,3.8308,26
2026-01-30 12:22:00,3.8253,3.8258,3.8248,3.8253,3.8303,3.8308,3.8298,3.8303,8
2026-01-30 12:23:00,3.8258,3.8258,3.8238,3.8253,3.8308,3.8308,3.8288,3.8303,8
2026-01-30 12:24:00,3.8258,3.8258,3.8248,3.8253,3.8308,3.8308,3.8298,3.8303,6
2026-01-30 12:25:00,3.8243,3.8243,3.8238,3.8243,3.8293,3.8293,3.8288,3.8293,3
2026-01-30 12:26:00,3.8238,3.8238,3.8143,3.8148,3.8288,3.8288,3.8193,3.8198,17
2026-01-30 12:27:00,3.8153,3.8213,3.8143,3.8213,3.8203,3.8263,3.8193,3.8263,19
2026-01-30 12:28:00,3.8218,3.8258,3.8218,3.8233,3.8268,3.8308,3.8268,3.8283,12
2026-01-30 12:29:00,3.8228,3.8228,3.8198,3.8228,3.8278,3.8278,3.8248,3.8278,16
2026-01-30 12:30:00,3.8238,3.8308,3.8238,3.8253,3.8288,3.8358,3.8288,3.8303,34
2026-01-30 12:31:00,3.8243,3.8268,3.8178,3.8203,3.8293,3.8318,3.8228,3.8253,35
2026-01-30 12:32:00,3.8208,3.8208,3.8123,3.8148,3.8258,3.8258,3.8173,3.8198,24
2026-01-30 12:33:00,3.8143,3.8258,3.8143,3.8243,3.8193,3.8308,3.8193,3.8293,26
2026-01-30 12:34:00,3.8228,3.8253,3.8193,3.8208,3.8278,3.8303,3.8243,3.8258,23
2026-01-30 12:35:00,3.8213,3.8233,3.7958,3.8048,3.8263,3.8283,3.8008,3.8098,66
2026-01-30 12:36:00,3.8043,3.8083,3.8038,3.8073,3.8093,3.8133,3.8088,3.8123,14
2026-01-30 12:37:00,3.8068,3.8083,3.8028,3.8053,3.8118,3.8133,3.8078,3.8103,21
2026-01-30 12:38:00,3.8058,3.8063,3.8023,3.8063,3.8108,3.8113,3.8073,3.8113,13
2026-01-30 12:39:00,3.8053,3.8058,3.7983,3.7983,3.8103,3.8108,3.8033,3.8033,17
2026-01-30 12:40:00,3.7988,3.7998,3.7928,3.7958,3.8038,3.8048,3.7978,3.8008,33
2026-01-30 12:41:00,3.7963,3.8018,3.7963,3.8003,3.8013,3.8068,3.8013,3.8053,15
2026-01-30 12:42:00,3.7988,3.8018,3.7978,3.8013,3.8038,3.8068,3.8028,3.8063,9
2026-01-30 12:43:00,3.8023,3.8103,3.8023,3.8098,3.8073,3.8153,3.8073,3.8148,18
2026-01-30 12:44:00,3.8093,3.8133,3.8093,3.8123,3.8143,3.8183,3.8143,3.8173,8
2026-01-30 12:45:00,3.8118,3.8123,3.8118,3.8123,3.8168,3.8173,3.8168,3.8173,2
2026-01-30 12:46:00,3.8128,3.8263,3.8128,3.8263,3.8178,3.8313,3.8178,3.8313,24
2026-01-30 12:47:00,3.8273,3.8353,3.8268,3.8323,3.8323,3.8403,3.8318,3.8373,20
2026-01-30 12:48:00,3.8308,3.8308,3.8128,3.8178,3.8358,3.8358,3.8178,3.8228,42
2026-01-30 12:49:00,3.8193,3.8288,3.8193,3.8278,3.8243,3.8338,3.8243,3.8328,25
2026-01-30 12:50:00,3.8283,3.8303,3.8253,3.8263,3.8333,3.8353,3.8303,3.8313,20
2026-01-30 12:51:00,3.8288,3.8293,3.8223,3.8233,3.8338,3.8343,3.8273,3.8283,17
2026-01-30 12:52:00,3.8223,3.8353,3.8223,3.8353,3.8273,3.8403,3.8273,3.8403,17
2026-01-30 12:53:00,3.8358,3.8498,3.8358,3.8478,3.8408,3.8548,3.8408,3.8528,44
2026-01-30 12:54:00,3.8473,3.8503,3.8408,3.8493,3.8523,3.8553,3.8458,3.8543,30
2026-01-30 12:55:00,3.8488,3.8518,3.8463,3.8463,3.8538,3.8568,3.8513,3.8513,21
2026-01-30 12:56:00,3.8448,3.8458,3.8403,3.8423,3.8498,3.8508,3.8453,3.8473,33
2026-01-30 12:57:00,3.8413,3.8423,3.8403,3.8403,3.8463,3.8473,3.8453,3.8453,9
2026-01-30 12:58:00,3.8408,3.8433,3.8378,3.8418,3.8458,3.8483,3.8428,3.8468,27
2026-01-30 12:59:00,3.8423,3.8423,3.8393,3.8393,3.8473,3.8473,3.8443,3.8443,7
2026-01-30 13:00:00,3.8398,3.8438,3.8363,3.8403,3.8448,3.8488,3.8413,3.8453,49
2026-01-30 13:01:00,3.8398,3.8398,3.8293,3.8303,3.8448,3.8448,3.8343,3.8353,37
2026-01-30 13:02:00,3.8313,3.8343,3.8238,3.8238,3.8363,3.8393,3.8288,3.8288,24
2026-01-30 13:03:00,3.8228,3.8348,3.8143,3.8158,3.8278,3.8398,3.8193,3.8208,51
2026-01-30 13:04:00,3.8168,3.8168,3.8038,3.8103,3.8218,3.8218,3.8088,3.8153,39
2026-01-30 13:05:00,3.8098,3.8108,3.8073,3.8103,3.8148,3.8158,3.8123,3.8153,24
2026-01-30 13:06:00,3.8108,3.8143,3.8098,3.8143,3.8158,3.8193,3.8148,3.8193,19
2026-01-30 13:07:00,3.8138,3.8168,3.8063,3.8143,3.8188,3.8218,3.8113,3.8193,29
2026-01-30 13:08:00,3.8138,3.8148,3.8138,3.8148,3.8188,3.8198,3.8188,3.8198,7
2026-01-30 13:09:00,3.8158,3.8158,3.8123,3.8128,3.8208,3.8208,3.8173,3.8178,9
2026-01-30 13:10:00,3.8133,3.8163,3.8063,3.8073,3.8183,3.8213,3.8113,3.8123,32
2026-01-30 13:11:00,3.8078,3.8158,3.8063,3.8148,3.8128,3.8208,3.8113,3.8198,18
2026-01-30 13:12:00,3.8158,3.8218,3.8133,3.8208,3.8208,3.8268,3.8183,3.8258,17
2026-01-30 13:13:00,3.8213,3.8343,3.8198,3.8303,3.8263,3.8393,3.8248,3.8353,32
2026-01-30 13:14:00,3.8288,3.8288,3.8213,3.8243,3.8338,3.8338,3.8263,3.8293,21
2026-01-30 13:15:00,3.8238,3.8238,3.8203,3.8203,3.8288,3.8288,3.8253,3.8253,12
2026-01-30 13:16:00,3.8193,3.8203,3.8133,3.8173,3.8243,3.8253,3.8183,3.8223,13
2026-01-30 13:17:00,3.8158,3.8158,3.8093,3.8103,3.8208,3.8208,3.8143,3.8153,17
2026-01-30 13:18:00,3.8098,3.8143,3.7993,3.8078,3.8148,3.8193,3.8043,3.8128,37
2026-01-30 13:19:00,3.8073,3.8103,3.7808,3.7853,3.8123,3.8153,3.7858,3.7903,72
2026-01-30 13:20:00,3.7863,3.7868,3.7733,3.7733,3.7913,3.7918,3.7783,3.7783,61
2026-01-30 13:21:00,3.7728,3.7728,3.7598,3.7613,3.7778,3.7778,3.7648,3.7663,60
2026-01-30 13:22:00,3.7608,3.7678,3.7588,3.7618,3.7658,3.7728,3.7638,3.7668,66
2026-01-30 13:23:00,3.7608,3.7948,3.7598,3.7878,3.7658,3.7998,3.7648,3.7928,88
2026-01-30 13:24:00,3.7893,3.7908,3.7798,3.7908,3.7943,3.7958,3.7848,3.7958,34
2026-01-30 13:25:00,3.7893,3.7908,3.7863,3.7878,3.7943,3.7958,3.7913,3.7928,22
2026-01-30 13:26:00,3.7883,3.7973,3.7868,3.7973,3.7933,3.8023,3.7918,3.8023,32
2026-01-30 13:27:00,3.7993,3.8088,3.7958,3.8003,3.8043,3.8138,3.8008,3.8053,50
2026-01-30 13:28:00,3.8018,3.8158,3.7998,3.8088,3.8068,3.8208,3.8048,3.8138,46
2026-01-30 13:29:00,3.8078,3.8098,3.8003,3.8013,3.8128,3.8148,3.8053,3.8063,27
2026-01-30 13:30:00,3.7993,3.8038,3.7898,3.7913,3.8043,3.8088,3.7948,3.7963,42
2026-01-30 13:31:00,3.7908,3.7923,3.7858,3.7888,3.7958,3.7973,3.7908,3.7938,29
2026-01-30 13:32:00,3.7893,3.7988,3.7883,3.7943,3.7943,3.8038,3.7933,3.7993,39
2026-01-30 13:33:00,3.7933,3.7943,3.7858,3.7888,3.7983,3.7993,3.7908,3.7938,32
2026-01-30 13:34:00,3.7883,3.7908,3.7848,3.7908,3.7933,3.7958,3.7898,3.7958,22
2026-01-30 13:35:00,3.7903,3.7918,3.7848,3.7863,3.7953,3.7968,3.7898,3.7913,18
2026-01-30 13:36:00,3.7858,3.7933,3.7838,3.7888,3.7908,3.7983,3.7888,3.7938,32
2026-01-30 13:37:00,3.7903,3.7958,3.7903,3.7928,3.7953,3.8008,3.7953,3.7978,29
2026-01-30 13:38:00,3.7938,3.7973,3.7938,3.7958,3.7988,3.8023,3.7988,3.8008,13
2026-01-30 13:39:00,3.7963,3.7973,3.7948,3.7958,3.8013,3.8023,3.7998,3.8008,15
2026-01-30 13:40:00,3.7953,3.7958,3.7918,3.7958,3.8003,3.8008,3.7968,3.8008,18
2026-01-30 13:41:00,3.7963,3.8043,3.7963,3.8028,3.8013,3.8093,3.8013,3.8078,29
2026-01-30 13:42:00,3.8033,3.8043,3.7973,3.7998,3.8083,3.8093,3.8023,3.8048,22
2026-01-30 13:43:00,3.7993,3.7993,3.7923,3.7953,3.8043,3.8043,3.7973,3.8003,20
2026-01-30 13:44:00,3.7948,3.7953,3.7888,3.7893,3.7998,3.8003,3.7938,3.7943,20
2026-01-30 13:45:00,3.7888,3.7928,3.7878,3.7918,3.7938,3.7978,3.7928,3.7968,15
2026-01-30 13:46:00,3.7913,3.7913,3.7863,3.7888,3.7963,3.7963,3.7913,3.7938,17
2026-01-30 13:47:00,3.7893,3.7908,3.7748,3.7758,3.7943,3.7958,3.7798,3.7808,34
2026-01-30 13:48:00,3.7753,3.7778,3.7693,3.7748,3.7803,3.7828,3.7743,3.7798,55
2026-01-30 13:49:00,3.7738,3.7778,3.7648,3.7718,3.7788,3.7828,3.7698,3.7768,61
2026-01-30 13:50:00,3.7728,3.7758,3.7663,3.7703,3.7778,3.7808,3.7713,3.7753,26
2026-01-30 13:51:00,3.7708,3.7743,3.7648,3.7653,3.7758,3.7793,3.7698,3.7703,31
2026-01-30 13:52:00,3.7663,3.7718,3.7663,3.7703,3.7713,3.7768,3.7713,3.7753,25
2026-01-30 13:53:00,3.7698,3.7708,3.7608,3.7608,3.7748,3.7758,3.7658,3.7658,21
2026-01-30 13:54:00,3.7598,3.7648,3.7588,3.7648,3.7648,3.7698,3.7638,3.7698,25
2026-01-30 13:55:00,3.7653,3.7748,3.7653,3.7698,3.7703,3.7798,3.7703,3.7748,32
2026-01-30 13:56:00,3.7693,3.7713,3.7658,3.7713,3.7743,3.7763,3.7708,3.7763,23
2026-01-30 13:57:00,3.7723,3.7723,3.7643,3.7653,3.7773,3.7773,3.7693,3.7703,24
2026-01-30 13:58:00,3.7658,3.7728,3.7658,3.7703,3.7708,3.7778,3.7708,3.7753,32
2026-01-30 13:59:00,3.7708,3.7833,3.7708,3.7803,3.7758,3.7883,3.7758,3.7853,47
2026-01-30 14:00:00,3.7788,3.7878,3.7658,3.7718,3.7838,3.7928,3.7708,3.7768,80
2026-01-30 14:01:00,3.7723,3.7748,3.7713,3.7743,3.7773,3.7798,3.7763,3.7793,19
2026-01-30 14:02:00,3.7738,3.7878,3.7728,3.7838,3.7788,3.7928,3.7778,3.7888,51
2026-01-30 14:03:00,3.7828,3.7893,3.7828,3.7858,3.7878,3.7943,3.7878,3.7908,55
2026-01-30 14:04:00,3.7863,3.8158,3.7853,3.8023,3.7913,3.8208,3.7903,3.8073,107
2026-01-30 14:05:00,3.8033,3.8093,3.8008,3.8038,3.8083,3.8143,3.8058,3.8088,40
2026-01-30 14:06:00,3.8033,3.8148,3.8028,3.8143,3.8083,3.8198,3.8078,3.8193,49
2026-01-30 14:07:00,3.8133,3.8218,3.8128,3.8193,3.8183,3.8268,3.8178,3.8243,74
2026-01-30 14:08:00,3.8188,3.8238,3.8128,3.8193,3.8238,3.8288,3.8178,3.8243,61
2026-01-30 14:09:00,3.8198,3.8213,3.8083,3.8088,3.8248,3.8263,3.8133,3.8138,52
2026-01-30 14:10:00,3.8098,3.8103,3.8013,3.8038,3.8148,3.8153,3.8063,3.8088,60
2026-01-30 14:11:00,3.8043,3.8063,3.7978,3.8008,3.8093,3.8113,3.8028,3.8058,54
2026-01-30 14:12:00,3.8003,3.8028,3.7968,3.7968,3.8053,3.8078,3.8018,3.8018,25
2026-01-30 14:13:00,3.7963,3.8078,3.7958,3.8048,3.8013,3.8128,3.8008,3.8098,44
2026-01-30 14:14:00,3.8043,3.8043,3.8013,3.8013,3.8093,3.8093,3.8063,3.8063,10
2026-01-30 14:15:00,3.8008,3.8043,3.8003,3.8038,3.8058,3.8093,3.8053,3.8088,18
2026-01-30 14:16:00,3.8033,3.8078,3.7998,3.8078,3.8083,3.8128,3.8048,3.8128,37
2026-01-30 14:17:00,3.8073,3.8128,3.8073,3.8123,3.8123,3.8178,3.8123,3.8173,25
2026-01-30 14:18:00,3.8113,3.8288,3.8113,3.8263,3.8163,3.8338,3.8163,3.8313,57
2026-01-30 14:19:00,3.8268,3.8333,3.8168,3.8208,3.8318,3.8383,3.8218,3.8258,85
2026-01-30 14:20:00,3.8203,3.8203,3.8113,3.8158,3.8253,3.8253,3.8163,3.8208,36
2026-01-30 14:21:00,3.8168,3.8193,3.8148,3.8193,3.8218,3.8243,3.8198,3.8243,31
2026-01-30 14:22:00,3.8198,3.8268,3.8143,3.8248,3.8248,3.8318,3.8193,3.8298,69
2026-01-30 14:23:00,3.8243,3.8283,3.8228,3.8258,3.8293,3.8333,3.8278,3.8308,43
2026-01-30 14:24:00,3.8253,3.8293,3.8223,3.8273,3.8303,3.8343,3.8273,3.8323,39
2026-01-30 14:25:00,3.8278,3.8323,3.8218,3.8323,3.8328,3.8373,3.8268,3.8373,51
2026-01-30 14:26:00,3.8328,3.8388,3.8313,3.8358,3.8378,3.8438,3.8363,3.8408,55
2026-01-30 14:27:00,3.8368,3.8398,3.8308,3.8373,3.8418,3.8448,3.8358,3.8423,82
2026-01-30 14:28:00,3.8393,3.8428,3.8368,3.8403,3.8443,3.8478,3.8418,3.8453,46
2026-01-30 14:29:00,3.8398,3.8478,3.8383,3.8438,3.8448,3.8528,3.8433,3.8488,34
2026-01-30 14:30:00,3.8433,3.8438,3.8298,3.8378,3.8483,3.8488,3.8348,3.8428,62
2026-01-30 14:31:00,3.8383,3.8448,3.8358,3.8393,3.8433,3.8498,3.8408,3.8443,48
2026-01-30 14:32:00,3.8388,3.8438,3.8368,3.8428,3.8438,3.8488,3.8418,3.8478,63
2026-01-30 14:33:00,3.8418,3.8548,3.8388,3.8528,3.8468,3.8598,3.8438,3.8578,81
2026-01-30 14:34:00,3.8523,3.8668,3.8518,3.8648,3.8573,3.8718,3.8568,3.8698,98
2026-01-30 14:35:00,3.8643,3.8858,3.8633,3.8753,3.8693,3.8908,3.8683,3.8803,143
2026-01-30 14:36:00,3.8758,3.8948,3.8748,3.8888,3.8808,3.8998,3.8798,3.8938,90
2026-01-30 14:37:00,3.8883,3.8968,3.8748,3.8948,3.8933,3.9018,3.8798,3.8998,93
2026-01-30 14:38:00,3.8958,3.9058,3.8938,3.9038,3.9008,3.9108,3.8988,3.9088,135
2026-01-30 14:39:00,3.9028,3.9138,3.8953,3.9108,3.9078,3.9188,3.9003,3.9158,114
2026-01-30 14:40:00,3.9118,3.9228,3.9088,3.9103,3.9168,3.9278,3.9138,3.9153,119
2026-01-30 14:41:00,3.9088,3.9233,3.9083,3.9218,3.9138,3.9283,3.9133,3.9268,72
2026-01-30 14:42:00,3.9208,3.9308,3.9178,3.9208,3.9258,3.9358,3.9228,3.9258,132
2026-01-30 14:43:00,3.9198,3.9268,3.9198,3.9253,3.9248,3.9318,3.9248,3.9303,50
2026-01-30 14:44:00,3.9248,3.9348,3.9238,3.9318,3.9298,3.9398,3.9288,3.9368,81
2026-01-30 14:45:00,3.9323,3.9573,3.9293,3.9498,3.9373,3.9623,3.9343,3.9548,205
2026-01-30 14:46:00,3.9508,3.9668,3.9508,3.9618,3.9558,3.9718,3.9558,3.9668,133
2026-01-30 14:47:00,3.9633,3.9733,3.9478,3.9518,3.9683,3.9783,3.9528,3.9568,119
2026-01-30 14:48:00,3.9528,3.9728,3.9498,3.9618,3.9578,3.9778,3.9548,3.9668,119
2026-01-30 14:49:00,3.9603,3.9688,3.9583,3.9688,3.9653,3.9738,3.9633,3.9738,63
2026-01-30 14:50:00,3.9683,3.9698,3.9478,3.9568,3.9733,3.9748,3.9528,3.9618,87
2026-01-30 14:51:00,3.9573,3.9588,3.9488,3.9488,3.9623,3.9638,3.9538,3.9538,60
2026-01-30 14:52:00,3.9493,3.9558,3.9473,3.9508,3.9543,3.9608,3.9523,3.9558,47
2026-01-30 14:53:00,3.9518,3.9638,3.9498,3.9608,3.9568,3.9688,3.9548,3.9658,51
2026-01-30 14:54:00,3.9613,3.9638,3.9553,3.9613,3.9663,3.9688,3.9603,3.9663,50
2026-01-30 14:55:00,3.9608,3.9668,3.9578,3.9643,3.9658,3.9718,3.9628,3.9693,83
2026-01-30 14:56:00,3.9653,3.9688,3.9628,3.9643,3.9703,3.9738,3.9678,3.9693,47
2026-01-30 14:57:00,3.9648,3.9713,3.9633,3.9688,3.9698,3.9763,3.9683,3.9738,72
2026-01-30 14:58:00,3.9693,3.9738,3.9593,3.9608,3.9743,3.9788,3.9643,3.9658,84
2026-01-30 14:59:00,3.9598,3.9653,3.9538,3.9653,3.9648,3.9703,3.9588,3.9703,95
2026-01-30 15:00:00,3.9648,3.9823,3.9648,3.9728,3.9698,3.9873,3.9698,3.9778,159
2026-01-30 15:01:00,3.9723,3.9848,3.9623,3.9838,3.9773,3.9898,3.9673,3.9888,143
2026-01-30 15:02:00,3.9833,3.9848,3.9748,3.9783,3.9883,3.9898,3.9798,3.9833,83
2026-01-30 15:03:00,3.9778,3.9908,3.9753,3.9908,3.9828,3.9958,3.9803,3.9958,104
2026-01-30 15:04:00,3.9913,3.9953,3.9773,3.9928,3.9963,4.0003,3.9823,3.9978,122
2026-01-30 15:05:00,3.9918,3.9938,3.9833,3.9938,3.9968,3.9988,3.9883,3.9988,125
2026-01-30 15:06:00,3.9943,3.9968,3.9788,3.9803,3.9993,4.0018,3.9838,3.9853,92
2026-01-30 15:07:00,3.9808,3.9808,3.9598,3.9693,3.9858,3.9858,3.9648,3.9743,100
2026-01-30 15:08:00,3.9678,3.9713,3.9618,3.9713,3.9728,3.9763,3.9668,3.9763,75
2026-01-30 15:09:00,3.9723,3.9768,3.9698,3.9758,3.9773,3.9818,3.9748,3.9808,71
2026-01-30 15:10:00,3.9763,3.9948,3.9763,3.9943,3.9813,3.9998,3.9813,3.9993,109
2026-01-30 15:11:00,3.9938,3.9938,3.9828,3.9883,3.9988,3.9988,3.9878,3.9933,84
2026-01-30 15:12:00,3.9878,3.9928,3.9858,3.9888,3.9928,3.9978,3.9908,3.9938,45
2026-01-30 15:13:00,3.9898,4.0008,3.9898,3.9973,3.9948,4.0058,3.9948,4.0023,70
2026-01-30 15:14:00,3.9983,3.9998,3.9918,3.9938,4.0033,4.0048,3.9968,3.9988,57
2026-01-30 15:15:00,3.9933,3.9978,3.9878,3.9913,3.9983,4.0028,3.9928,3.9963,53
2026-01-30 15:16:00,3.9918,4.0048,3.9913,3.9978,3.9968,4.0098,3.9963,4.0028,99
2026-01-30 15:17:00,3.9968,3.9998,3.9948,3.9988,4.0018,4.0048,3.9998,4.0038,42
2026-01-30 15:18:00,3.9993,4.0128,3.9988,4.0083,4.0043,4.0178,4.0038,4.0133,85
2026-01-30 15:19:00,4.0078,4.0208,4.0068,4.0173,4.0128,4.0258,4.0118,4.0223,51
2026-01-30 15:20:00,4.0168,4.0258,4.0143,4.0243,4.0218,4.0308,4.0193,4.0293,91
2026-01-30 15:21:00,4.0238,4.0268,4.0198,4.0263,4.0288,4.0318,4.0248,4.0313,71
2026-01-30 15:22:00,4.0268,4.0343,4.0238,4.0298,4.0318,4.0393,4.0288,4.0348,110
2026-01-30 15:23:00,4.0308,4.0338,4.0293,4.0313,4.0358,4.0388,4.0343,4.0363,58
2026-01-30 15:24:00,4.0308,4.0338,4.0288,4.0298,4.0358,4.0388,4.0338,4.0348,52
2026-01-30 15:25:00,4.0308,4.0358,4.0298,4.0323,4.0358,4.0408,4.0348,4.0373,64
2026-01-30 15:26:00,4.0328,4.0348,4.0208,4.0248,4.0378,4.0398,4.0258,4.0298,108
2026-01-30 15:27:00,4.0253,4.0303,4.0188,4.0248,4.0303,4.0353,4.0238,4.0298,100
2026-01-30 15:28:00,4.0253,4.0308,4.0233,4.0263,4.0303,4.0358,4.0283,4.0313,50
2026-01-30 15:29:00,4.0268,4.0318,4.0248,4.0263,4.0318,4.0368,4.0298,4.0313,92
2026-01-30 15:30:00,4.0268,4.0278,4.0118,4.0123,4.0318,4.0328,4.0168,4.0173,174
2026-01-30 15:31:00,4.0128,4.0128,3.9928,3.9938,4.0178,4.0178,3.9978,3.9988,215
2026-01-30 15:32:00,3.9953,4.0048,3.9918,4.0043,4.0003,4.0098,3.9968,4.0093,120
2026-01-30 15:33:00,4.0048,4.0068,3.9958,3.9968,4.0098,4.0118,4.0008,4.0018,80
2026-01-30 15:34:00,3.9973,4.0128,3.9968,4.0063,4.0023,4.0178,4.0018,4.0113,136
2026-01-30 15:35:00,4.0068,4.0178,4.0018,4.0108,4.0118,4.0228,4.0068,4.0158,182
2026-01-30 15:36:00,4.0113,4.0168,3.9963,3.9968,4.0163,4.0218,4.0013,4.0018,113
2026-01-30 15:37:00,3.9978,4.0018,3.9808,3.9878,4.0028,4.0068,3.9858,3.9928,163
2026-01-30 15:38:00,3.9893,4.0038,3.9878,3.9963,3.9943,4.0088,3.9928,4.0013,103
2026-01-30 15:39:00,3.9943,4.0073,3.9938,4.0058,3.9993,4.0123,3.9988,4.0108,53
2026-01-30 15:40:00,4.0048,4.0053,3.9958,3.9973,4.0098,4.0103,4.0008,4.0023,72
2026-01-30 15:41:00,3.9968,4.0028,3.9948,4.0018,4.0018,4.0078,3.9998,4.0068,45
2026-01-30 15:42:00,4.0003,4.0053,3.9938,4.0028,4.0053,4.0103,3.9988,4.0078,99
2026-01-30 15:43:00,4.0038,4.0058,3.9968,4.0003,4.0088,4.0108,4.0018,4.0053,48
2026-01-30 15:44:00,3.9998,4.0028,3.9938,3.9988,4.0048,4.0078,3.9988,4.0038,72
2026-01-30 15:45:00,3.9993,3.9998,3.9938,3.9983,4.0043,4.0048,3.9988,4.0033,49
2026-01-30 15:46:00,3.9988,4.0038,3.9988,4.0028,4.0038,4.0088,4.0038,4.0078,50
2026-01-30 15:47:00,4.0038,4.0128,4.0018,4.0108,4.0088,4.0178,4.0068,4.0158,102
2026-01-30 15:48:00,4.0103,4.0148,4.0048,4.0128,4.0153,4.0198,4.0098,4.0178,123
2026-01-30 15:49:00,4.0123,4.0148,4.0048,4.0108,4.0173,4.0198,4.0098,4.0158,67
2026-01-30 15:50:00,4.0113,4.0138,4.0103,4.0108,4.0163,4.0188,4.0153,4.0158,55
2026-01-30 15:51:00,4.0113,4.0198,4.0108,4.0193,4.0163,4.0248,4.0158,4.0243,98
2026-01-30 15:52:00,4.0188,4.0218,4.0103,4.0168,4.0238,4.0268,4.0153,4.0218,133
2026-01-30 15:53:00,4.0163,4.0188,3.9978,4.0013,4.0213,4.0238,4.0028,4.0063,82
2026-01-30 15:54:00,4.0008,4.0083,3.9978,4.0068,4.0058,4.0133,4.0028,4.0118,51
2026-01-30 15:55:00,4.0073,4.0108,4.0048,4.0098,4.0123,4.0158,4.0098,4.0148,39
2026-01-30 15:56:00,4.0088,4.0128,4.0068,4.0083,4.0138,4.0178,4.0118,4.0133,41
2026-01-30 15:57:00,4.0098,4.0118,4.0088,4.0088,4.0148,4.0168,4.0138,4.0138,28
2026-01-30 15:58:00,4.0083,4.0118,4.0048,4.0088,4.0133,4.0168,4.0098,4.0138,30
2026-01-30 15:59:00,4.0083,4.0093,4.0058,4.0068,4.0133,4.0143,4.0108,4.0118,21
2026-01-30 16:00:00,4.0073,4.0158,4.0028,4.0108,4.0123,4.0208,4.0078,4.0158,86
2026-01-30 16:01:00,4.0113,4.0123,4.0048,4.0103,4.0163,4.0173,4.0098,4.0153,46
2026-01-30 16:02:00,4.0108,4.0128,4.0068,4.0103,4.0158,4.0178,4.0118,4.0153,39
2026-01-30 16:03:00,4.0098,4.0233,4.0078,4.0158,4.0148,4.0283,4.0128,4.0208,78
2026-01-30 16:04:00,4.0153,4.0198,4.0143,4.0193,4.0203,4.0248,4.0193,4.0243,28
2026-01-30 16:05:00,4.0198,4.0268,4.0188,4.0248,4.0248,4.0318,4.0238,4.0298,66
2026-01-30 16:06:00,4.0258,4.0318,4.0248,4.0258,4.0308,4.0368,4.0298,4.0308,96
2026-01-30 16:07:00,4.0263,4.0333,4.0238,4.0298,4.0313,4.0383,4.0288,4.0348,66
2026-01-30 16:08:00,4.0293,4.0308,4.0248,4.0268,4.0343,4.0358,4.0298,4.0318,56
2026-01-30 16:09:00,4.0263,4.0388,4.0258,4.0368,4.0313,4.0438,4.0308,4.0418,52
2026-01-30 16:10:00,4.0373,4.0458,4.0358,4.0388,4.0423,4.0508,4.0408,4.0438,78
2026-01-30 16:11:00,4.0378,4.0498,4.0378,4.0483,4.0428,4.0548,4.0428,4.0533,68
2026-01-30 16:12:00,4.0478,4.0558,4.0458,4.0518,4.0528,4.0608,4.0508,4.0568,81
2026-01-30 16:13:00,4.0528,4.0548,4.0518,4.0538,4.0578,4.0598,4.0568,4.0588,39
2026-01-30 16:14:00,4.0533,4.0538,4.0408,4.0443,4.0583,4.0588,4.0458,4.0493,43
2026-01-30 16:15:00,4.0448,4.0538,4.0438,4.0488,4.0498,4.0588,4.0488,4.0538,50
2026-01-30 16:16:00,4.0493,4.0518,4.0468,4.0498,4.0543,4.0568,4.0518,4.0548,49
2026-01-30 16:17:00,4.0503,4.0593,4.0488,4.0523,4.0553,4.0643,4.0538,4.0573,62
2026-01-30 16:18:00,4.0518,4.0523,4.0338,4.0418,4.0568,4.0573,4.0388,4.0468,86
2026-01-30 16:19:00,4.0428,4.0443,4.0373,4.0378,4.0478,4.0493,4.0423,4.0428,45
2026-01-30 16:20:00,4.0388,4.0448,4.0368,4.0388,4.0438,4.0498,4.0418,4.0438,42
2026-01-30 16:21:00,4.0393,4.0403,4.0328,4.0398,4.0443,4.0453,4.0378,4.0448,69
2026-01-30 16:22:00,4.0393,4.0408,4.0288,4.0298,4.0443,4.0458,4.0338,4.0348,53
2026-01-30 16:23:00,4.0293,4.0303,4.0228,4.0303,4.0343,4.0353,4.0278,4.0353,72
2026-01-30 16:24:00,4.0298,4.0338,4.0278,4.0298,4.0348,4.0388,4.0328,4.0348,53
2026-01-30 16:25:00,4.0303,4.0343,4.0263,4.0283,4.0353,4.0393,4.0313,4.0333,58
2026-01-30 16:26:00,4.0278,4.0278,4.0218,4.0243,4.0328,4.0328,4.0268,4.0293,44
2026-01-30 16:27:00,4.0258,4.0288,4.0228,4.0238,4.0308,4.0338,4.0278,4.0288,49
2026-01-30 16:28:00,4.0243,4.0288,4.0218,4.0238,4.0293,4.0338,4.0268,4.0288,51
2026-01-30 16:29:00,4.0248,4.0368,4.0248,4.0328,4.0298,4.0418,4.0298,4.0378,61
2026-01-30 16:30:00,4.0323,4.0448,4.0318,4.0413,4.0373,4.0498,4.0368,4.0463,75
2026-01-30 16:31:00,4.0418,4.0538,4.0418,4.0513,4.0468,4.0588,4.0468,4.0563,65
2026-01-30 16:32:00,4.0508,4.0568,4.0508,4.0533,4.0558,4.0618,4.0558,4.0583,64
2026-01-30 16:33:00,4.0528,4.0648,4.0518,4.0638,4.0578,4.0698,4.0568,4.0688,50
2026-01-30 16:34:00,4.0628,4.0728,4.0618,4.0698,4.0678,4.0778,4.0668,4.0748,71
2026-01-30 16:35:00,4.0708,4.0753,4.0658,4.0658,4.0758,4.0803,4.0708,4.0708,47
2026-01-30 16:36:00,4.0668,4.0733,4.0648,4.0728,4.0718,4.0783,4.0698,4.0778,62
2026-01-30 16:37:00,4.0738,4.0853,4.0718,4.0783,4.0788,4.0903,4.0768,4.0833,97
2026-01-30 16:38:00,4.0778,4.0828,4.0768,4.0773,4.0828,4.0878,4.0818,4.0823,39
2026-01-30 16:39:00,4.0778,4.0808,4.0758,4.0768,4.0828,4.0858,4.0808,4.0818,73
2026-01-30 16:40:00,4.0773,4.0848,4.0758,4.0838,4.0823,4.0898,4.0808,4.0888,73
2026-01-30 16:41:00,4.0853,4.0853,4.0778,4.0818,4.0903,4.0903,4.0828,4.0868,40
2026-01-30 16:42:00,4.0828,4.0878,4.0778,4.0808,4.0878,4.0928,4.0828,4.0858,87
2026-01-30 16:43:00,4.0818,4.0883,4.0813,4.0828,4.0868,4.0933,4.0863,4.0878,55
2026-01-30 16:44:00,4.0823,4.0878,4.0813,4.0863,4.0873,4.0928,4.0863,4.0913,46
2026-01-30 16:45:00,4.0868,4.0918,4.0858,4.0908,4.0918,4.0968,4.0908,4.0958,48
2026-01-30 16:46:00,4.0918,4.1013,4.0908,4.0938,4.0968,4.1063,4.0958,4.0988,96
2026-01-30 16:47:00,4.0928,4.0968,4.0848,4.0958,4.0978,4.1018,4.0898,4.1008,76
2026-01-30 16:48:00,4.0968,4.0968,4.0878,4.0883,4.1018,4.1018,4.0928,4.0933,69
2026-01-30 16:49:00,4.0878,4.0898,4.0783,4.0783,4.0928,4.0948,4.0833,4.0833,47
2026-01-30 16:50:00,4.0788,4.0868,4.0788,4.0858,4.0838,4.0918,4.0838,4.0908,68
2026-01-30 16:51:00,4.0863,4.0918,4.0838,4.0873,4.0913,4.0968,4.0888,4.0923,54
2026-01-30 16:52:00,4.0868,4.0918,4.0838,4.0908,4.0918,4.0968,4.0888,4.0958,45
2026-01-30 16:53:00,4.0913,4.0978,4.0868,4.0908,4.0963,4.1028,4.0918,4.0958,81
2026-01-30 16:54:00,4.0918,4.1108,4.0918,4.1103,4.0968,4.1158,4.0968,4.1153,93
2026-01-30 16:55:00,4.1088,4.1198,4.1033,4.1073,4.1138,4.1248,4.1083,4.1123,163
2026-01-30 16:56:00,4.1083,4.1203,4.1083,4.1198,4.1133,4.1253,4.1133,4.1248,102
2026-01-30 16:57:00,4.1188,4.1268,4.1073,4.1143,4.1238,4.1318,4.1123,4.1193,114
2026-01-30 16:58:00,4.1138,4.1248,4.1138,4.1248,4.1188,4.1298,4.1188,4.1298,74
2026-01-30 16:59:00,4.1243,4.1268,4.1178,4.1238,4.1293,4.1318,4.1228,4.1288,95
2026-01-30 17:00:00,4.1248,4.1303,4.1198,4.1288,4.1298,4.1353,4.1248,4.1338,116
2026-01-30 17:01:00,4.1278,4.1318,4.1193,4.1278,4.1328,4.1368,4.1243,4.1328,99
2026-01-30 17:02:00,4.1273,4.1318,4.1253,4.1293,4.1323,4.1368,4.1303,4.1343,60
2026-01-30 17:03:00,4.1298,4.1408,4.1293,4.1368,4.1348,4.1458,4.1343,4.1418,74
2026-01-30 17:04:00,4.1378,4.1488,4.1368,4.1438,4.1428,4.1538,4.1418,4.1488,127
2026-01-30 17:05:00,4.1433,4.1518,4.1428,4.1518,4.1483,4.1568,4.1478,4.1568,71
2026-01-30 17:06:00,4.1528,4.1698,4.1508,4.1658,4.1578,4.1748,4.1558,4.1708,137
2026-01-30 17:07:00,4.1648,4.1748,4.1628,4.1738,4.1698,4.1798,4.1678,4.1788,108
2026-01-30 17:08:00,4.1748,4.1778,4.1648,4.1738,4.1798,4.1828,4.1698,4.1788,150
2026-01-30 17:09:00,4.1733,4.1733,4.1508,4.1553,4.1783,4.1783,4.1558,4.1603,118
2026-01-30 17:10:00,4.1568,4.1618,4.1488,4.1608,4.1618,4.1668,4.1538,4.1658,107
2026-01-30 17:11:00,4.1603,4.1623,4.1518,4.1563,4.1653,4.1673,4.1568,4.1613,83
2026-01-30 17:12:00,4.1558,4.1598,4.1488,4.1528,4.1608,4.1648,4.1538,4.1578,114
2026-01-30 17:13:00,4.1523,4.1638,4.1523,4.1598,4.1573,4.1688,4.1573,4.1648,81
2026-01-30 17:14:00,4.1593,4.1748,4.1593,4.1733,4.1643,4.1798,4.1643,4.1783,91
2026-01-30 17:15:00,4.1738,4.1793,4.1668,4.1748,4.1788,4.1843,4.1718,4.1798,132
2026-01-30 17:16:00,4.1753,4.1853,4.1708,4.1838,4.1803,4.1903,4.1758,4.1888,106
2026-01-30 17:17:00,4.1828,4.1938,4.1798,4.1863,4.1878,4.1988,4.1848,4.1913,109
2026-01-30 17:18:00,4.1858,4.1898,4.1838,4.1848,4.1908,4.1948,4.1888,4.1898,84
2026-01-30 17:19:00,4.1843,4.1928,4.1808,4.1928,4.1893,4.1978,4.1858,4.1978,97
2026-01-30 17:20:00,4.1933,4.1998,4.1878,4.1928,4.1983,4.2048,4.1928,4.1978,111
2026-01-30 17:21:00,4.1923,4.1923,4.1738,4.1868,4.1973,4.1973,4.1788,4.1918,133
2026-01-30 17:22:00,4.1858,4.1983,4.1848,4.1938,4.1908,4.2033,4.1898,4.1988,130
2026-01-30 17:23:00,4.1958,4.1978,4.1913,4.1968,4.2008,4.2028,4.1963,4.2018,73
2026-01-30 17:24:00,4.1978,4.2173,4.1968,4.2153,4.2028,4.2223,4.2018,4.2203,170
2026-01-30 17:25:00,4.2158,4.2303,4.2108,4.2148,4.2208,4.2353,4.2158,4.2198,195
2026-01-30 17:26:00,4.2143,4.2348,4.2128,4.2328,4.2193,4.2398,4.2178,4.2378,114
2026-01-30 17:27:00,4.2338,4.2458,4.2233,4.2318,4.2388,4.2508,4.2283,4.2368,133
2026-01-30 17:28:00,4.2323,4.2453,4.2298,4.2433,4.2373,4.2503,4.2348,4.2483,121
2026-01-30 17:29:00,4.2428,4.2458,4.2328,4.2358,4.2478,4.2508,4.2378,4.2408,130
2026-01-30 17:30:00,4.2353,4.2393,4.2168,4.2193,4.2403,4.2443,4.2218,4.2243,139
2026-01-30 17:31:00,4.2208,4.2208,4.2113,4.2148,4.2258,4.2258,4.2163,4.2198,106
2026-01-30 17:32:00,4.2153,4.2248,4.2053,4.2228,4.2203,4.2298,4.2103,4.2278,125
2026-01-30 17:33:00,4.2233,4.2338,4.2213,4.2278,4.2283,4.2388,4.2263,4.2328,85
2026-01-30 17:34:00,4.2288,4.2338,4.2118,4.2318,4.2338,4.2388,4.2168,4.2368,120
2026-01-30 17:35:00,4.2308,4.2363,4.2278,4.2328,4.2358,4.2413,4.2328,4.2378,98
2026-01-30 17:36:00,4.2318,4.2428,4.2278,4.2408,4.2368,4.2478,4.2328,4.2458,109
2026-01-30 17:37:00,4.2423,4.2638,4.2423,4.2578,4.2473,4.2688,4.2473,4.2628,216
2026-01-30 17:38:00,4.2573,4.2858,4.2543,4.2738,4.2623,4.2908,4.2593,4.2788,259
2026-01-30 17:39:00,4.2728,4.2743,4.2653,4.2678,4.2778,4.2793,4.2703,4.2728,99
2026-01-30 17:40:00,4.2673,4.2733,4.2578,4.2638,4.2723,4.2783,4.2628,4.2688,120
2026-01-30 17:41:00,4.2643,4.2643,4.2508,4.2588,4.2693,4.2693,4.2558,4.2638,136
2026-01-30 17:42:00,4.2578,4.2608,4.2478,4.2578,4.2628,4.2658,4.2528,4.2628,112
2026-01-30 17:43:00,4.2573,4.2648,4.2518,4.2538,4.2623,4.2698,4.2568,4.2588,140
2026-01-30 17:44:00,4.2548,4.2568,4.2498,4.2538,4.2598,4.2618,4.2548,4.2588,102
2026-01-30 17:45:00,4.2543,4.2718,4.2533,4.2708,4.2593,4.2768,4.2583,4.2758,114
2026-01-30 17:46:00,4.2703,4.2808,4.2663,4.2743,4.2753,4.2858,4.2713,4.2793,142
2026-01-30 17:47:00,4.2748,4.2828,4.2668,4.2728,4.2798,4.2878,4.2718,4.2778,138
2026-01-30 17:48:00,4.2723,4.2778,4.2598,4.2738,4.2773,4.2828,4.2648,4.2788,114
2026-01-30 17:49:00,4.2748,4.2973,4.2688,4.2948,4.2798,4.3023,4.2738,4.2998,153
2026-01-30 17:50:00,4.2938,4.3128,4.2913,4.3048,4.2988,4.3178,4.2963,4.3098,186
2026-01-30 17:51:00,4.3033,4.3033,4.2908,4.2978,4.3083,4.3083,4.2958,4.3028,141
2026-01-30 17:52:00,4.2968,4.2993,4.2728,4.2758,4.3018,4.3043,4.2778,4.2808,143
2026-01-30 17:53:00,4.2753,4.2788,4.2543,4.2543,4.2803,4.2838,4.2593,4.2593,141
2026-01-30 17:54:00,4.2548,4.2548,4.2328,4.2328,4.2598,4.2598,4.2378,4.2378,172
2026-01-30 17:55:00,4.2323,4.2403,4.2253,4.2268,4.2373,4.2453,4.2303,4.2318,122
2026-01-30 17:56:00,4.2273,4.2388,4.2198,4.2348,4.2323,4.2438,4.2248,4.2398,234
2026-01-30 17:57:00,4.2343,4.2538,4.2338,4.2533,4.2393,4.2588,4.2388,4.2583,139
2026-01-30 17:58:00,4.2543,4.2578,4.2473,4.2483,4.2593,4.2628,4.2523,4.2533,97
2026-01-30 17:59:00,4.2478,4.2523,4.2383,4.2408,4.2528,4.2573,4.2433,4.2458,101
2026-01-30 18:00:00,4.2398,4.2518,4.2348,4.2488,4.2448,4.2568,4.2398,4.2538,155
2026-01-30 18:01:00,4.2478,4.2478,4.2368,4.2458,4.2528,4.2528,4.2418,4.2508,115
2026-01-30 18:02:00,4.2453,4.2528,4.2378,4.2408,4.2503,4.2578,4.2428,4.2458,139
2026-01-30 18:03:00,4.2398,4.2418,4.2308,4.2398,4.2448,4.2468,4.2358,4.2448,77
2026-01-30 18:04:00,4.2408,4.2428,4.2338,4.2363,4.2458,4.2478,4.2388,4.2413,103
2026-01-30 18:05:00,4.2368,4.2478,4.2288,4.2288,4.2418,4.2528,4.2338,4.2338,104
2026-01-30 18:06:00,4.2283,4.2508,4.2278,4.2493,4.2333,4.2558,4.2328,4.2543,123
2026-01-30 18:07:00,4.2498,4.2538,4.2298,4.2518,4.2548,4.2588,4.2348,4.2568,123
2026-01-30 18:08:00,4.2508,4.2558,4.2398,4.2418,4.2558,4.2608,4.2448,4.2468,122
2026-01-30 18:09:00,4.2413,4.2413,4.2308,4.2328,4.2463,4.2463,4.2358,4.2378,55
2026-01-30 18:10:00,4.2333,4.2333,4.2128,4.2128,4.2383,4.2383,4.2178,4.2178,156
2026-01-30 18:11:00,4.2138,4.2138,4.2008,4.2098,4.2188,4.2188,4.2058,4.2148,170
2026-01-30 18:12:00,4.2108,4.2203,4.2008,4.2028,4.2158,4.2253,4.2058,4.2078,114
2026-01-30 18:13:00,4.2033,4.2128,4.2033,4.2038,4.2083,4.2178,4.2083,4.2088,104
2026-01-30 18:14:00,4.2028,4.2088,4.1993,4.2068,4.2078,4.2138,4.2043,4.2118,101
2026-01-30 18:15:00,4.2063,4.2088,4.1878,4.2018,4.2113,4.2138,4.1928,4.2068,163
2026-01-30 18:16:00,4.2028,4.2243,4.2023,4.2228,4.2078,4.2293,4.2073,4.2278,103
2026-01-30 18:17:00,4.2233,4.2348,4.2228,4.2248,4.2283,4.2398,4.2278,4.2298,138
2026-01-30 18:18:00,4.2253,4.2268,4.2058,4.2133,4.2303,4.2318,4.2108,4.2183,136
2026-01-30 18:19:00,4.2138,4.2213,4.2088,4.2168,4.2188,4.2263,4.2138,4.2218,98
2026-01-30 18:20:00,4.2173,4.2258,4.2158,4.2228,4.2223,4.2308,4.2208,4.2278,103
2026-01-30 18:21:00,4.2218,4.2283,4.2143,4.2263,4.2268,4.2333,4.2193,4.2313,103
2026-01-30 18:22:00,4.2258,4.2273,4.2168,4.2178,4.2308,4.2323,4.2218,4.2228,79
2026-01-30 18:23:00,4.2183,4.2288,4.2168,4.2238,4.2233,4.2338,4.2218,4.2288,108
2026-01-30 18:24:00,4.2243,4.2268,4.2138,4.2153,4.2293,4.2318,4.2188,4.2203,79
2026-01-30 18:25:00,4.2158,4.2238,4.2158,4.2228,4.2208,4.2288,4.2208,4.2278,64
2026-01-30 18:26:00,4.2238,4.2388,4.2228,4.2318,4.2288,4.2438,4.2278,4.2368,118
2026-01-30 18:27:00,4.2328,4.2538,4.2308,4.2478,4.2378,4.2588,4.2358,4.2528,131
2026-01-30 18:28:00,4.2468,4.2638,4.2378,4.2398,4.2518,4.2688,4.2428,4.2448,145
2026-01-30 18:29:00,4.2403,4.2458,4.2338,4.2438,4.2453,4.2508,4.2388,4.2488,90
2026-01-30 18:30:00,4.2443,4.2528,4.2353,4.2408,4.2493,4.2578,4.2403,4.2458,104
2026-01-30 18:31:00,4.2403,4.2503,4.2358,4.2498,4.2453,4.2553,4.2408,4.2548,80
2026-01-30 18:32:00,4.2508,4.2583,4.2438,4.2578,4.2558,4.2633,4.2488,4.2628,82
2026-01-30 18:33:00,4.2598,4.2663,4.2548,4.2568,4.2648,4.2713,4.2598,4.2618,114
2026-01-30 18:34:00,4.2558,4.2628,4.2528,4.2593,4.2608,4.2678,4.2578,4.2643,112
2026-01-30 18:35:00,4.2598,4.2668,4.2518,4.2648,4.2648,4.2718,4.2568,4.2698,79
2026-01-30 18:36:00,4.2658,4.2748,4.2608,4.2718,4.2708,4.2798,4.2658,4.2768,90
2026-01-30 18:37:00,4.2723,4.2758,4.2618,4.2658,4.2773,4.2808,4.2668,4.2708,66
2026-01-30 18:38:00,4.2673,4.2698,4.2458,4.2523,4.2723,4.2748,4.2508,4.2573,111
2026-01-30 18:39:00,4.2528,4.2528,4.2333,4.2343,4.2578,4.2578,4.2383,4.2393,112
2026-01-30 18:40:00,4.2348,4.2408,4.2288,4.2368,4.2398,4.2458,4.2338,4.2418,86
2026-01-30 18:41:00,4.2363,4.2398,4.2298,4.2368,4.2413,4.2448,4.2348,4.2418,68
2026-01-30 18:42:00,4.2373,4.2373,4.2218,4.2253,4.2423,4.2423,4.2268,4.2303,116
2026-01-30 18:43:00,4.2258,4.2398,4.2238,4.2358,4.2308,4.2448,4.2288,4.2408,111
2026-01-30 18:44:00,4.2353,4.2493,4.2338,4.2468,4.2403,4.2543,4.2388,4.2518,108
2026-01-30 18:45:00,4.2463,4.2468,4.2338,4.2378,4.2513,4.2518,4.2388,4.2428,99
2026-01-30 18:46:00,4.2373,4.2463,4.2308,4.2343,4.2423,4.2513,4.2358,4.2393,81
2026-01-30 18:47:00,4.2338,4.2378,4.2313,4.2328,4.2388,4.2428,4.2363,4.2378,104
2026-01-30 18:48:00,4.2333,4.2338,4.2133,4.2133,4.2383,4.2388,4.2183,4.2183,136
2026-01-30 18:49:00,4.2143,4.2148,4.1958,4.1993,4.2193,4.2198,4.2008,4.2043,173
2026-01-30 18:50:00,4.1998,4.2043,4.1918,4.1968,4.2048,4.2093,4.1968,4.2018,125
2026-01-30 18:51:00,4.1963,4.2068,4.1888,4.1958,4.2013,4.2118,4.1938,4.2008,153
2026-01-30 18:52:00,4.1963,4.1998,4.1888,4.1943,4.2013,4.2048,4.1938,4.1993,98
2026-01-30 18:53:00,4.1948,4.2048,4.1898,4.1948,4.1998,4.2098,4.1948,4.1998,98
2026-01-30 18:54:00,4.1938,4.1973,4.1888,4.1943,4.1988,4.2023,4.1938,4.1993,88
2026-01-30 18:55:00,4.1938,4.2058,4.1938,4.2058,4.1988,4.2108,4.1988,4.2108,73
2026-01-30 18:56:00,4.2068,4.2248,4.2023,4.2148,4.2118,4.2298,4.2073,4.2198,139
2026-01-30 18:57:00,4.2158,4.2358,4.2158,4.2358,4.2208,4.2408,4.2208,4.2408,107
2026-01-30 18:58:00,4.2348,4.2373,4.2288,4.2368,4.2398,4.2423,4.2338,4.2418,77
2026-01-30 18:59:00,4.2353,4.2468,4.2308,4.2423,4.2403,4.2518,4.2358,4.2473,103
2026-01-30 19:00:00,4.2428,4.2518,4.2343,4.2498,4.2478,4.2568,4.2393,4.2548,111
2026-01-30 19:01:00,4.2493,4.2578,4.2468,4.2538,4.2543,4.2628,4.2518,4.2588,89
2026-01-30 19:02:00,4.2543,4.2578,4.2438,4.2493,4.2593,4.2628,4.2488,4.2543,72
2026-01-30 19:03:00,4.2488,4.2498,4.2353,4.2483,4.2538,4.2548,4.2403,4.2533,100
2026-01-30 19:04:00,4.2478,4.2528,4.2458,4.2508,4.2528,4.2578,4.2508,4.2558,67
2026-01-30 19:05:00,4.2498,4.2513,4.2293,4.2303,4.2548,4.2563,4.2343,4.2353,81
2026-01-30 19:06:00,4.2308,4.2388,4.2228,4.2278,4.2358,4.2438,4.2278,4.2328,109
2026-01-30 19:07:00,4.2273,4.2288,4.2198,4.2218,4.2323,4.2338,4.2248,4.2268,87
2026-01-30 19:08:00,4.2213,4.2248,4.2183,4.2228,4.2263,4.2298,4.2233,4.2278,73
2026-01-30 19:09:00,4.2238,4.2238,4.2118,4.2138,4.2288,4.2288,4.2168,4.2188,71
2026-01-30 19:10:00,4.2148,4.2238,4.2098,4.2178,4.2198,4.2288,4.2148,4.2228,89
2026-01-30 19:11:00,4.2188,4.2433,4.2188,4.2383,4.2238,4.2483,4.2238,4.2433,111
2026-01-30 19:12:00,4.2388,4.2388,4.2268,4.2288,4.2438,4.2438,4.2318,4.2338,119
2026-01-30 19:13:00,4.2273,4.2348,4.2238,4.2258,4.2323,4.2398,4.2288,4.2308,91
2026-01-30 19:14:00,4.2263,4.2278,4.2068,4.2083,4.2313,4.2328,4.2118,4.2133,112
2026-01-30 19:15:00,4.2088,4.2088,4.1918,4.2008,4.2138,4.2138,4.1968,4.2058,141
2026-01-30 19:16:00,4.2018,4.2028,4.1918,4.1933,4.2068,4.2078,4.1968,4.1983,125
2026-01-30 19:17:00,4.1938,4.1938,4.1528,4.1528,4.1988,4.1988,4.1578,4.1578,227
2026-01-30 19:18:00,4.1538,4.1608,4.1323,4.1458,4.1588,4.1658,4.1373,4.1508,273
2026-01-30 19:19:00,4.1453,4.1468,4.1098,4.1208,4.1503,4.1518,4.1148,4.1258,280
2026-01-30 19:20:00,4.1218,4.1378,4.1158,4.1333,4.1268,4.1428,4.1208,4.1383,194
2026-01-30 19:21:00,4.1328,4.1328,4.1118,4.1253,4.1378,4.1378,4.1168,4.1303,155
2026-01-30 19:22:00,4.1258,4.1308,4.1043,4.1173,4.1308,4.1358,4.1093,4.1223,202
2026-01-30 19:23:00,4.1178,4.1298,4.1093,4.1123,4.1228,4.1348,4.1143,4.1173,173
2026-01-30 19:24:00,4.1098,4.1138,4.0998,4.1103,4.1148,4.1188,4.1048,4.1153,145
2026-01-30 19:25:00,4.1098,4.1138,4.1028,4.1068,4.1148,4.1188,4.1078,4.1118,94
2026-01-30 19:26:00,4.1073,4.1248,4.1068,4.1218,4.1123,4.1298,4.1118,4.1268,138
2026-01-30 19:27:00,4.1208,4.1248,4.1093,4.1208,4.1258,4.1298,4.1143,4.1258,92
2026-01-30 19:28:00,4.1228,4.1228,4.1093,4.1148,4.1278,4.1278,4.1143,4.1198,112
2026-01-30 19:29:00,4.1143,4.1228,4.1078,4.1083,4.1193,4.1278,4.1128,4.1133,101
2026-01-30 19:30:00,4.1088,4.1158,4.0993,4.0998,4.1138,4.1208,4.1043,4.1048,98
2026-01-30 19:31:00,4.0988,4.1058,4.0938,4.0963,4.1038,4.1108,4.0988,4.1013,118
2026-01-30 19:32:00,4.0958,4.1118,4.0868,4.1083,4.1008,4.1168,4.0918,4.1133,145
2026-01-30 19:33:00,4.1078,4.1078,4.0868,4.1003,4.1128,4.1128,4.0918,4.1053,117
2026-01-30 19:34:00,4.0998,4.1058,4.0928,4.0948,4.1048,4.1108,4.0978,4.0998,94
2026-01-30 19:35:00,4.0953,4.1013,4.0883,4.0993,4.1003,4.1063,4.0933,4.1043,97
2026-01-30 19:36:00,4.0988,4.1018,4.0938,4.0953,4.1038,4.1068,4.0988,4.1003,65
2026-01-30 19:37:00,4.0958,4.1138,4.0903,4.1098,4.1008,4.1188,4.0953,4.1148,114
2026-01-30 19:38:00,4.1088,4.1538,4.1083,4.1458,4.1138,4.1588,4.1133,4.1508,203
2026-01-30 19:39:00,4.1453,4.1608,4.1443,4.1578,4.1503,4.1658,4.1493,4.1628,154
2026-01-30 19:40:00,4.1583,4.1688,4.1573,4.1643,4.1633,4.1738,4.1623,4.1693,131
2026-01-30 19:41:00,4.1648,4.1813,4.1628,4.1773,4.1698,4.1863,4.1678,4.1823,163
2026-01-30 19:42:00,4.1778,4.1908,4.1738,4.1838,4.1828,4.1958,4.1788,4.1888,197
2026-01-30 19:43:00,4.1833,4.1858,4.1678,4.1713,4.1883,4.1908,4.1728,4.1763,114
2026-01-30 19:44:00,4.1718,4.1728,4.1508,4.1553,4.1768,4.1778,4.1558,4.1603,157
2026-01-30 19:45:00,4.1568,4.1668,4.1568,4.1593,4.1618,4.1718,4.1618,4.1643,83
2026-01-30 19:46:00,4.1588,4.1618,4.1498,4.1563,4.1638,4.1668,4.1548,4.1613,66
2026-01-30 19:47:00,4.1578,4.1688,4.1508,4.1538,4.1628,4.1738,4.1558,4.1588,100
2026-01-30 19:48:00,4.1548,4.1648,4.1548,4.1618,4.1598,4.1698,4.1598,4.1668,86
2026-01-30 19:49:00,4.1628,4.1808,4.1628,4.1763,4.1678,4.1858,4.1678,4.1813,92
2026-01-30 19:50:00,4.1768,4.1783,4.1668,4.1758,4.1818,4.1833,4.1718,4.1808,62
2026-01-30 19:51:00,4.1763,4.1868,4.1738,4.1818,4.1813,4.1918,4.1788,4.1868,103
2026-01-30 19:52:00,4.1823,4.1918,4.1823,4.1908,4.1873,4.1968,4.1873,4.1958,54
2026-01-30 19:53:00,4.1898,4.2038,4.1898,4.1998,4.1948,4.2088,4.1948,4.2048,120
2026-01-30 19:54:00,4.1988,4.1988,4.1878,4.1928,4.2038,4.2038,4.1928,4.1978,74
2026-01-30 19:55:00,4.1938,4.1978,4.1933,4.1953,4.1988,4.2028,4.1983,4.2003,58
2026-01-30 19:56:00,4.1958,4.1968,4.1888,4.1948,4.2008,4.2018,4.1938,4.1998,84
2026-01-30 19:57:00,4.1938,4.2078,4.1933,4.2063,4.1988,4.2128,4.1983,4.2113,97
2026-01-30 19:58:00,4.2068,4.2123,4.2013,4.2108,4.2118,4.2173,4.2063,4.2158,95
2026-01-30 19:59:00,4.2118,4.2233,4.2118,4.2178,4.2168,4.2283,4.2168,4.2228,124
2026-01-30 20:00:00,4.2163,4.2273,4.2163,4.2253,4.2213,4.2323,4.2213,4.2303,61
2026-01-30 20:01:00,4.2248,4.2313,4.2208,4.2273,4.2298,4.2363,4.2258,4.2323,69
2026-01-30 20:02:00,4.2278,4.2418,4.2278,4.2363,4.2328,4.2468,4.2328,4.2413,122
2026-01-30 20:03:00,4.2368,4.2413,4.2298,4.2333,4.2418,4.2463,4.2348,4.2383,85
2026-01-30 20:04:00,4.2338,4.2423,4.2288,4.2423,4.2388,4.2473,4.2338,4.2473,134
2026-01-30 20:05:00,4.2418,4.2548,4.2358,4.2458,4.2468,4.2598,4.2408,4.2508,180
2026-01-30 20:06:00,4.2448,4.2478,4.2333,4.2458,4.2498,4.2528,4.2383,4.2508,202
2026-01-30 20:07:00,4.2453,4.2483,4.2418,4.2458,4.2503,4.2533,4.2468,4.2508,102
2026-01-30 20:08:00,4.2468,4.2468,4.2348,4.2438,4.2518,4.2518,4.2398,4.2488,102
2026-01-30 20:09:00,4.2443,4.2458,4.2263,4.2263,4.2493,4.2508,4.2313,4.2313,117
2026-01-30 20:10:00,4.2268,4.2468,4.2248,4.2408,4.2318,4.2518,4.2298,4.2458,136
2026-01-30 20:11:00,4.2413,4.2488,4.2268,4.2403,4.2463,4.2538,4.2318,4.2453,161
2026-01-30 20:12:00,4.2408,4.2548,4.2408,4.2518,4.2458,4.2598,4.2458,4.2568,126
2026-01-30 20:13:00,4.2508,4.2518,4.2448,4.2488,4.2558,4.2568,4.2498,4.2538,78
2026-01-30 20:14:00,4.2498,4.2598,4.2413,4.2588,4.2548,4.2648,4.2463,4.2638,158
2026-01-30 20:15:00,4.2593,4.2653,4.2503,4.2583,4.2643,4.2703,4.2553,4.2633,85
2026-01-30 20:16:00,4.2578,4.2658,4.2558,4.2623,4.2628,4.2708,4.2608,4.2673,68
2026-01-30 20:17:00,4.2618,4.2673,4.2598,4.2653,4.2668,4.2723,4.2648,4.2703,67
2026-01-30 20:18:00,4.2658,4.2673,4.2563,4.2603,4.2708,4.2723,4.2613,4.2653,83
2026-01-30 20:19:00,4.2608,4.2648,4.2588,4.2638,4.2658,4.2698,4.2638,4.2688,66
2026-01-30 20:20:00,4.2628,4.2798,4.2618,4.2788,4.2678,4.2848,4.2668,4.2838,174
2026-01-30 20:21:00,4.2778,4.2893,4.2778,4.2838,4.2828,4.2943,4.2828,4.2888,166
2026-01-30 20:22:00,4.2828,4.2873,4.2768,4.2828,4.2878,4.2923,4.2818,4.2878,150
2026-01-30 20:23:00,4.2838,4.2848,4.2728,4.2778,4.2888,4.2898,4.2778,4.2828,116
2026-01-30 20:24:00,4.2783,4.2873,4.2778,4.2858,4.2833,4.2923,4.2828,4.2908,107
2026-01-30 20:25:00,4.2873,4.2878,4.2648,4.2693,4.2923,4.2928,4.2698,4.2743,217
2026-01-30 20:26:00,4.2688,4.2788,4.2643,4.2753,4.2738,4.2838,4.2693,4.2803,168
2026-01-30 20:27:00,4.2758,4.2868,4.2658,4.2658,4.2808,4.2918,4.2708,4.2708,215
2026-01-30 20:28:00,4.2648,4.3018,4.2648,4.2993,4.2698,4.3068,4.2698,4.3043,438
2026-01-30 20:29:00,4.2988,4.2998,4.2873,4.2873,4.3038,4.3048,4.2923,4.2923,252
2026-01-30 20:30:00,4.2868,4.2958,4.2838,4.2923,4.2918,4.3008,4.2888,4.2973,130
2026-01-30 20:31:00,4.2918,4.2918,4.2808,4.2853,4.2968,4.2968,4.2858,4.2903,86
2026-01-30 20:32:00,4.2858,4.2898,4.2818,4.2838,4.2908,4.2948,4.2868,4.2888,74
2026-01-30 20:33:00,4.2833,4.2858,4.2828,4.2843,4.2883,4.2908,4.2878,4.2893,49
2026-01-30 20:34:00,4.2848,4.2938,4.2828,4.2928,4.2898,4.2988,4.2878,4.2978,35
2026-01-30 20:35:00,4.2938,4.2998,4.2908,4.2988,4.2988,4.3048,4.2958,4.3038,45
2026-01-30 20:36:00,4.2998,4.3188,4.2993,4.3153,4.3048,4.3238,4.3043,4.3203,114
2026-01-30 20:37:00,4.3148,4.3188,4.3138,4.3158,4.3198,4.3238,4.3188,4.3208,62
2026-01-30 20:38:00,4.3163,4.3228,4.3128,4.3208,4.3213,4.3278,4.3178,4.3258,50
2026-01-30 20:39:00,4.3198,4.3273,4.3178,4.3273,4.3248,4.3323,4.3228,4.3323,59
2026-01-30 20:40:00,4.3278,4.3313,4.3183,4.3203,4.3328,4.3363,4.3233,4.3253,66
2026-01-30 20:41:00,4.3198,4.3208,4.3018,4.3078,4.3248,4.3258,4.3068,4.3128,76
2026-01-30 20:42:00,4.3083,4.3118,4.2968,4.2968,4.3133,4.3168,4.3018,4.3018,78
2026-01-30 20:43:00,4.2973,4.3038,4.2948,4.2958,4.3023,4.3088,4.2998,4.3008,59
2026-01-30 20:44:00,4.2953,4.2978,4.2838,4.2923,4.3003,4.3028,4.2888,4.2973,115
2026-01-30 20:45:00,4.2918,4.2933,4.2818,4.2848,4.2968,4.2983,4.2868,4.2898,58
2026-01-30 20:46:00,4.2853,4.2863,4.2748,4.2758,4.2903,4.2913,4.2798,4.2808,85
2026-01-30 20:47:00,4.2763,4.2908,4.2708,4.2898,4.2813,4.2958,4.2758,4.2948,99
2026-01-30 20:48:00,4.2893,4.2988,4.2888,4.2928,4.2943,4.3038,4.2938,4.2978,68
2026-01-30 20:49:00,4.2943,4.2943,4.2888,4.2898,4.2993,4.2993,4.2938,4.2948,35
2026-01-30 20:50:00,4.2903,4.3058,4.2903,4.3048,4.2953,4.3108,4.2953,4.3098,57
2026-01-30 20:51:00,4.3058,4.3168,4.3058,4.3158,4.3108,4.3218,4.3108,4.3208,62
2026-01-30 20:52:00,4.3153,4.3188,4.3138,4.3158,4.3203,4.3238,4.3188,4.3208,58
2026-01-30 20:53:00,4.3163,4.3168,4.3023,4.3053,4.3213,4.3218,4.3073,4.3103,60
2026-01-30 20:54:00,4.3058,4.3118,4.3058,4.3083,4.3108,4.3168,4.3108,4.3133,33
2026-01-30 20:55:00,4.3088,4.3088,4.3048,4.3053,4.3138,4.3138,4.3098,4.3103,30
2026-01-30 20:56:00,4.3058,4.3088,4.2993,4.3058,4.3108,4.3138,4.3043,4.3108,42
2026-01-30 20:57:00,4.3063,4.3068,4.3008,4.3048,4.3113,4.3118,4.3058,4.3098,37
2026-01-30 20:58:00,4.3043,4.3128,4.2983,4.2993,4.3093,4.3178,4.3033,4.3043,80
2026-01-30 20:59:00,4.2988,4.2988,4.2863,4.2943,4.3038,4.3038,4.2913,4.2993,81
2026-01-30 21:00:00,4.2948,4.2953,4.2768,4.2813,4.2998,4.3003,4.2818,4.2863,94
2026-01-30 21:01:00,4.2818,4.2888,4.2808,4.2843,4.2868,4.2938,4.2858,4.2893,42
2026-01-30 21:02:00,4.2838,4.2918,4.2808,4.2898,4.2888,4.2968,4.2858,4.2948,64
2026-01-30 21:03:00,4.2903,4.2903,4.2828,4.2868,4.2953,4.2953,4.2878,4.2918,42
2026-01-30 21:04:00,4.2873,4.2948,4.2873,4.2913,4.2923,4.2998,4.2923,4.2963,42
2026-01-30 21:05:00,4.2903,4.2918,4.2868,4.2878,4.2953,4.2968,4.2918,4.2928,39
2026-01-30 21:06:00,4.2883,4.2908,4.2848,4.2898,4.2933,4.2958,4.2898,4.2948,28
2026-01-30 21:07:00,4.2908,4.2918,4.2828,4.2848,4.2958,4.2968,4.2878,4.2898,39
2026-01-30 21:08:00,4.2843,4.2903,4.2833,4.2903,4.2893,4.2953,4.2883,4.2953,31
2026-01-30 21:09:00,4.2898,4.3053,4.2893,4.3053,4.2948,4.3103,4.2943,4.3103,61
2026-01-30 21:10:00,4.3048,4.3068,4.2988,4.3028,4.3098,4.3118,4.3038,4.3078,49
2026-01-30 21:11:00,4.3033,4.3108,4.2978,4.3098,4.3083,4.3158,4.3028,4.3148,67
2026-01-30 21:12:00,4.3093,4.3138,4.3093,4.3108,4.3143,4.3188,4.3143,4.3158,37
2026-01-30 21:13:00,4.3103,4.3103,4.2898,4.2958,4.3153,4.3153,4.2948,4.3008,54
2026-01-30 21:14:00,4.2948,4.2993,4.2878,4.2898,4.2998,4.3043,4.2928,4.2948,50
2026-01-30 21:15:00,4.2888,4.3023,4.2818,4.2828,4.2938,4.3073,4.2868,4.2878,59
2026-01-30 21:16:00,4.2838,4.2918,4.2818,4.2898,4.2888,4.2968,4.2868,4.2948,33
2026-01-30 21:17:00,4.2893,4.2958,4.2863,4.2898,4.2943,4.3008,4.2913,4.2948,41
2026-01-30 21:18:00,4.2893,4.2958,4.2873,4.2958,4.2943,4.3008,4.2923,4.3008,51
2026-01-30 21:19:00,4.2943,4.3088,4.2903,4.3053,4.2993,4.3138,4.2953,4.3103,79
2026-01-30 21:20:00,4.3058,4.3118,4.3028,4.3028,4.3108,4.3168,4.3078,4.3078,36
2026-01-30 21:21:00,4.3033,4.3033,4.2948,4.2958,4.3083,4.3083,4.2998,4.3008,47
2026-01-30 21:22:00,4.2963,4.3018,4.2943,4.3018,4.3013,4.3068,4.2993,4.3068,38
2026-01-30 21:23:00,4.3013,4.3088,4.2998,4.3053,4.3063,4.3138,4.3048,4.3103,40
2026-01-30 21:24:00,4.3058,4.3108,4.3013,4.3058,4.3108,4.3158,4.3063,4.3108,37
2026-01-30 21:25:00,4.3063,4.3128,4.3018,4.3098,4.3113,4.3178,4.3068,4.3148,46
2026-01-30 21:26:00,4.3088,4.3148,4.3063,4.3098,4.3138,4.3198,4.3113,4.3148,32
2026-01-30 21:27:00,4.3093,4.3138,4.3068,4.3098,4.3143,4.3188,4.3118,4.3148,35
2026-01-30 21:28:00,4.3093,4.3188,4.3068,4.3178,4.3143,4.3238,4.3118,4.3228,62
2026-01-30 21:29:00,4.3173,4.3178,4.3088,4.3138,4.3223,4.3228,4.3138,4.3188,49
2026-01-30 21:30:00,4.3143,4.3143,4.3018,4.3103,4.3193,4.3193,4.3068,4.3153,53
2026-01-30 21:31:00,4.3078,4.3118,4.3018,4.3113,4.3128,4.3168,4.3068,4.3163,26
2026-01-30 21:32:00,4.3108,4.3188,4.3088,4.3178,4.3158,4.3238,4.3138,4.3228,43
2026-01-30 21:33:00,4.3173,4.3208,4.3108,4.3148,4.3223,4.3258,4.3158,4.3198,49
2026-01-30 21:34:00,4.3153,4.3253,4.3138,4.3208,4.3203,4.3303,4.3188,4.3258,51
2026-01-30 21:35:00,4.3193,4.3253,4.3148,4.3148,4.3243,4.3303,4.3198,4.3198,52
2026-01-30 21:36:00,4.3158,4.3178,4.3028,4.3033,4.3208,4.3228,4.3078,4.3083,52
2026-01-30 21:37:00,4.3038,4.3108,4.3028,4.3108,4.3088,4.3158,4.3078,4.3158,38
2026-01-30 21:38:00,4.3103,4.3128,4.3058,4.3063,4.3153,4.3178,4.3108,4.3113,18
2026-01-30 21:39:00,4.3058,4.3058,4.2978,4.2993,4.3108,4.3108,4.3028,4.3043,41
2026-01-30 21:40:00,4.2998,4.3078,4.2998,4.3068,4.3048,4.3128,4.3048,4.3118,39
2026-01-30 21:41:00,4.3063,4.3093,4.3048,4.3088,4.3113,4.3143,4.3098,4.3138,37
2026-01-30 21:42:00,4.3078,4.3138,4.3068,4.3108,4.3128,4.3188,4.3118,4.3158,46
2026-01-30 21:43:00,4.3118,4.3168,4.3078,4.3118,4.3168,4.3218,4.3128,4.3168,60
2026-01-30 21:44:00,4.3123,4.3138,4.3048,4.3093,4.3173,4.3188,4.3098,4.3143,56
2026-01-30 21:45:00,4.3098,4.3148,4.3068,4.3103,4.3148,4.3198,4.3118,4.3153,38
2026-01-30 21:46:00,4.3098,4.3128,4.3078,4.3098,4.3148,4.3178,4.3128,4.3148,45
2026-01-30 21:47:00,4.3093,4.3108,4.3008,4.3023,4.3143,4.3158,4.3058,4.3073,50
2026-01-30 21:48:00,4.3018,4.3023,4.2958,4.2978,4.3068,4.3073,4.3008,4.3028,50
2026-01-30 21:49:00,4.2988,4.2988,4.2913,4.2938,4.3038,4.3038,4.2963,4.2988,56
2026-01-30 21:50:00,4.2933,4.2958,4.2898,4.2938,4.2983,4.3008,4.2948,4.2988,49
2026-01-30 21:51:00,4.2933,4.2988,4.2933,4.2968,4.2983,4.3038,4.2983,4.3018,34
2026-01-30 21:52:00,4.2963,4.2978,4.2938,4.2948,4.3013,4.3028,4.2988,4.2998,21
2026-01-30 21:53:00,4.2953,4.2953,4.2878,4.2888,4.3003,4.3003,4.2928,4.2938,39
2026-01-30 21:54:00,4.2898,4.2973,4.2898,4.2968,4.2948,4.3023,4.2948,4.3018,25
2026-01-30 21:55:00,4.2963,4.2983,4.2948,4.2968,4.3013,4.3033,4.2998,4.3018,26
2026-01-30 21:56:00,4.2978,4.2993,4.2928,4.2958,4.3028,4.3043,4.2978,4.3008,28
2026-01-30 21:57:00,4.2953,4.3013,4.2923,4.2973,4.3003,4.3063,4.2973,4.3023,42
2026-01-30 21:58:00,4.2978,4.2998,4.2938,4.2948,4.3028,4.3048,4.2988,4.2998,46
2026-01-30 21:59:00,4.2963,4.3028,4.2958,4.3023,4.3013,4.3078,4.3008,4.3073,55
2026-01-30 22:00:00,4.3028,4.3128,4.3008,4.3118,4.3078,4.3178,4.3058,4.3168,25
2026-01-30 22:01:00,4.3128,4.3188,4.3103,4.3158,4.3178,4.3238,4.3153,4.3208,59
2026-01-30 22:02:00,4.3153,4.3193,4.3113,4.3183,4.3203,4.3243,4.3163,4.3233,60
2026-01-30 22:03:00,4.3198,4.3298,4.3198,4.3218,4.3248,4.3348,4.3248,4.3268,41
2026-01-30 22:04:00,4.3233,4.3268,4.3198,4.3253,4.3283,4.3318,4.3248,4.3303,27
2026-01-30 22:05:00,4.3243,4.3323,4.3243,4.3313,4.3293,4.3373,4.3293,4.3363,29
2026-01-30 22:06:00,4.3318,4.3328,4.3228,4.3238,4.3368,4.3378,4.3278,4.3288,29
2026-01-30 22:07:00,4.3243,4.3268,4.3233,4.3233,4.3293,4.3318,4.3283,4.3283,14
2026-01-30 22:08:00,4.3238,4.3273,4.3138,4.3158,4.3288,4.3323,4.3188,4.3208,37
2026-01-30 22:09:00,4.3168,4.3183,4.3083,4.3113,4.3218,4.3233,4.3133,4.3163,33
2026-01-30 22:10:00,4.3128,4.3168,4.3073,4.3158,4.3178,4.3218,4.3123,4.3208,20
2026-01-30 22:11:00,4.3153,4.3153,4.3068,4.3098,4.3203,4.3203,4.3118,4.3148,20
2026-01-30 22:12:00,4.3093,4.3193,4.3093,4.3133,4.3143,4.3243,4.3143,4.3183,30
2026-01-30 22:13:00,4.3128,4.3248,4.3128,4.3228,4.3178,4.3298,4.3178,4.3278,44
2026-01-30 22:14:00,4.3243,4.3268,4.3173,4.3208,4.3293,4.3318,4.3223,4.3258,34
2026-01-30 22:15:00,4.3203,4.3213,4.3153,4.3153,4.3253,4.3263,4.3203,4.3203,15
2026-01-30 22:16:00,4.3148,4.3203,4.3148,4.3203,4.3198,4.3253,4.3198,4.3253,23
2026-01-30 22:17:00,4.3198,4.3228,4.3168,4.3203,4.3248,4.3278,4.3218,4.3253,21
2026-01-30 22:18:00,4.3213,4.3218,4.3188,4.3213,4.3263,4.3268,4.3238,4.3263,8
2026-01-30 22:19:00,4.3218,4.3223,4.3213,4.3223,4.3268,4.3273,4.3263,4.3273,6
2026-01-30 22:20:00,4.3218,4.3238,4.3188,4.3208,4.3268,4.3288,4.3238,4.3258,24
2026-01-30 22:21:00,4.3213,4.3238,4.3213,4.3228,4.3263,4.3288,4.3263,4.3278,18
2026-01-30 22:22:00,4.3218,4.3263,4.3218,4.3238,4.3268,4.3313,4.3268,4.3288,21
2026-01-30 22:23:00,4.3243,4.3248,4.3228,4.3238,4.3293,4.3298,4.3278,4.3288,13
2026-01-30 22:24:00,4.3253,4.3328,4.3253,4.3263,4.3303,4.3378,4.3303,4.3313,33
2026-01-30 22:25:00,4.3273,4.3348,4.3263,4.3328,4.3323,4.3398,4.3313,4.3378,22
2026-01-30 22:26:00,4.3383,4.3548,4.3358,4.3498,4.3433,4.3598,4.3408,4.3548,69
2026-01-30 22:27:00,4.3493,4.3493,4.3423,4.3438,4.3543,4.3543,4.3473,4.3488,29
2026-01-30 22:28:00,4.3433,4.3438,4.3288,4.3348,4.3483,4.3488,4.3338,4.3398,55
2026-01-30 22:29:00,4.3343,4.3353,4.3313,4.3333,4.3393,4.3403,4.3363,4.3383,26
2026-01-30 22:30:00,4.3338,4.3338,4.3238,4.3273,4.3388,4.3388,4.3288,4.3323,36
2026-01-30 22:31:00,4.3263,4.3288,4.3248,4.3258,4.3313,4.3338,4.3298,4.3308,28
2026-01-30 22:32:00,4.3268,4.3308,4.3268,4.3288,4.3318,4.3358,4.3318,4.3338,32
2026-01-30 22:33:00,4.3283,4.3303,4.3198,4.3228,4.3333,4.3353,4.3248,4.3278,42
2026-01-30 22:34:00,4.3223,4.3233,4.3218,4.3233,4.3273,4.3283,4.3268,4.3283,6
2026-01-30 22:35:00,4.3238,4.3303,4.3238,4.3303,4.3288,4.3353,4.3288,4.3353,16
2026-01-30 22:36:00,4.3308,4.3353,4.3268,4.3348,4.3358,4.3403,4.3318,4.3398,29
2026-01-30 22:37:00,4.3343,4.3413,4.3343,4.3393,4.3393,4.3463,4.3393,4.3443,13
2026-01-30 22:38:00,4.3388,4.3393,4.3363,4.3393,4.3438,4.3443,4.3413,4.3443,10
2026-01-30 22:39:00,4.3388,4.3418,4.3388,4.3393,4.3438,4.3468,4.3438,4.3443,9
2026-01-30 22:40:00,4.3388,4.3398,4.3348,4.3348,4.3438,4.3448,4.3398,4.3398,26
2026-01-30 22:41:00,4.3343,4.3368,4.3248,4.3248,4.3393,4.3418,4.3298,4.3298,28
2026-01-30 22:42:00,4.3243,4.3248,4.3228,4.3233,4.3293,4.3298,4.3278,4.3283,12
2026-01-30 22:43:00,4.3248,4.3248,4.3238,4.3238,4.3298,4.3298,4.3288,4.3288,4
2026-01-30 22:44:00,4.3243,4.3258,4.3233,4.3233,4.3293,4.3308,4.3283,4.3283,7
2026-01-30 22:45:00,4.3243,4.3293,4.3243,4.3283,4.3293,4.3343,4.3293,4.3333,12
2026-01-30 22:46:00,4.3288,4.3308,4.3288,4.3293,4.3338,4.3358,4.3338,4.3343,9
2026-01-30 22:47:00,4.3283,4.3283,4.3223,4.3263,4.3333,4.3333,4.3273,4.3313,27
2026-01-30 22:48:00,4.3268,4.3323,4.3263,4.3323,4.3318,4.3373,4.3313,4.3373,17
2026-01-30 22:49:00,4.3328,4.3373,4.3323,4.3353,4.3378,4.3423,4.3373,4.3403,15
2026-01-30 22:50:00,4.3343,4.3353,4.3298,4.3338,4.3393,4.3403,4.3348,4.3388,20
2026-01-30 22:51:00,4.3343,4.3343,4.3293,4.3298,4.3393,4.3393,4.3343,4.3348,17
2026-01-30 22:52:00,4.3303,4.3328,4.3288,4.3328,4.3353,4.3378,4.3338,4.3378,9
2026-01-30 22:53:00,4.3323,4.3403,4.3318,4.3393,4.3373,4.3453,4.3368,4.3443,20
2026-01-30 22:54:00,4.3388,4.3408,4.3358,4.3393,4.3438,4.3458,4.3408,4.3443,11
2026-01-30 22:55:00,4.3398,4.3608,4.3393,4.3573,4.3448,4.3658,4.3443,4.3623,38
2026-01-30 22:56:00,4.3568,4.3568,4.3493,4.3508,4.3618,4.3618,4.3543,4.3558,30
2026-01-30 22:57:00,4.3513,4.3618,4.3513,4.3558,4.3563,4.3668,4.3563,4.3608,23
2026-01-30 22:58:00,4.3543,4.3598,4.3498,4.3538,4.3593,4.3648,4.3548,4.3588,61
2026-01-30 22:59:00,4.3543,4.3578,4.3094,4.3094,4.3593,4.3628,4.3144,4.3144,43
2026-02-02 00:02:00,3.5766,3.6026,3.5546,3.5721,3.5816,3.6076,3.5596,3.5771,201
2026-02-02 00:03:00,3.5716,3.5716,3.5456,3.5466,3.5766,3.5766,3.5506,3.5516,119
2026-02-02 00:04:00,3.5486,3.5486,3.5091,3.5091,3.5536,3.5536,3.5141,3.5141,90
2026-02-02 00:05:00,3.5086,3.5171,3.4901,3.5026,3.5136,3.5221,3.4951,3.5076,109
2026-02-02 00:06:00,3.5036,3.5081,3.5026,3.5081,3.5086,3.5131,3.5076,3.5131,75
2026-02-02 00:07:00,3.5076,3.5126,3.5036,3.5081,3.5126,3.5176,3.5086,3.5131,83
2026-02-02 00:08:00,3.5066,3.5106,3.5026,3.5066,3.5116,3.5156,3.5076,3.5116,51
2026-02-02 00:09:00,3.5071,3.5146,3.5056,3.5136,3.5121,3.5196,3.5106,3.5186,61
2026-02-02 00:10:00,3.5146,3.5221,3.5141,3.5191,3.5196,3.5271,3.5191,3.5241,107
2026-02-02 00:11:00,3.5196,3.5196,3.5121,3.5166,3.5246,3.5246,3.5171,3.5216,74
2026-02-02 00:12:00,3.5161,3.5316,3.5161,3.5266,3.5211,3.5366,3.5211,3.5316,64
2026-02-02 00:13:00,3.5261,3.5411,3.5251,3.5406,3.5311,3.5461,3.5301,3.5456,59
2026-02-02 00:14:00,3.5411,3.5461,3.5346,3.5456,3.5461,3.5511,3.5396,3.5506,73
2026-02-02 00:15:00,3.5451,3.5466,3.5356,3.5366,3.5501,3.5516,3.5406,3.5416,41
2026-02-02 00:16:00,3.5361,3.5476,3.5216,3.5451,3.5411,3.5526,3.5266,3.5501,75
2026-02-02 00:17:00,3.5466,3.5621,3.5446,3.5581,3.5516,3.5671,3.5496,3.5631,67
2026-02-02 00:18:00,3.5571,3.5576,3.5236,3.5276,3.5621,3.5626,3.5286,3.5326,67
2026-02-02 00:19:00,3.5261,3.5506,3.5261,3.5441,3.5311,3.5556,3.5311,3.5491,54
2026-02-02 00:20:00,3.5426,3.5526,3.5411,3.5481,3.5476,3.5576,3.5461,3.5531,41
2026-02-02 00:21:00,3.5491,3.5556,3.5421,3.5426,3.5541,3.5606,3.5471,3.5476,48
2026-02-02 00:22:00,3.5416,3.5456,3.5356,3.5436,3.5466,3.5506,3.5406,3.5486,56
2026-02-02 00:23:00,3.5426,3.5526,3.5426,3.5521,3.5476,3.5576,3.5476,3.5571,42
2026-02-02 00:24:00,3.5511,3.5521,3.5431,3.5431,3.5561,3.5571,3.5481,3.5481,25
2026-02-02 00:25:00,3.5426,3.5426,3.5346,3.5386,3.5476,3.5476,3.5396,3.5436,32
2026-02-02 00:26:00,3.5381,3.5401,3.5331,3.5346,3.5431,3.5451,3.5381,3.5396,40
2026-02-02 00:27:00,3.5356,3.5356,3.5296,3.5296,3.5406,3.5406,3.5346,3.5346,19
2026-02-02 00:28:00,3.5301,3.5336,3.5296,3.5306,3.5351,3.5386,3.5346,3.5356,34
2026-02-02 00:29:00,3.5311,3.5311,3.5246,3.5261,3.5361,3.5361,3.5296,3.5311,29
2026-02-02 00:30:00,3.5251,3.5306,3.5251,3.5271,3.5301,3.5356,3.5301,3.5321,28
2026-02-02 00:31:00,3.5261,3.5386,3.5261,3.5341,3.5311,3.5436,3.5311,3.5391,32
2026-02-02 00:32:00,3.5336,3.5386,3.5336,3.5376,3.5386,3.5436,3.5386,3.5426,17
2026-02-02 00:33:00,3.5386,3.5386,3.5361,3.5361,3.5436,3.5436,3.5411,3.5411,13
2026-02-02 00:34:00,3.5351,3.5381,3.5351,3.5356,3.5401,3.5431,3.5401,3.5406,16
2026-02-02 00:35:00,3.5361,3.5411,3.5321,3.5356,3.5411,3.5461,3.5371,3.5406,32
2026-02-02 00:36:00,3.5351,3.5361,3.5291,3.5361,3.5401,3.5411,3.5341,3.5411,35
2026-02-02 00:37:00,3.5366,3.5396,3.5321,3.5346,3.5416,3.5446,3.5371,3.5396,19
2026-02-02 00:38:00,3.5341,3.5411,3.5336,3.5411,3.5391,3.5461,3.5386,3.5461,19
2026-02-02 00:39:00,3.5416,3.5416,3.5381,3.5386,3.5466,3.5466,3.5431,3.5436,12
2026-02-02 00:40:00,3.5381,3.5391,3.5306,3.5331,3.5431,3.5441,3.5356,3.5381,27
2026-02-02 00:41:00,3.5326,3.5366,3.5311,3.5341,3.5376,3.5416,3.5361,3.5391,19
2026-02-02 00:42:00,3.5346,3.5356,3.5286,3.5306,3.5396,3.5406,3.5336,3.5356,38
2026-02-02 00:43:00,3.5296,3.5306,3.5266,3.5296,3.5346,3.5356,3.5316,3.5346,15
2026-02-02 00:44:00,3.5291,3.5306,3.5236,3.5306,3.5341,3.5356,3.5286,3.5356,24
2026-02-02 00:45:00,3.5321,3.5346,3.5321,3.5331,3.5371,3.5396,3.5371,3.5381,18
2026-02-02 00:46:00,3.5336,3.5351,3.5271,3.5301,3.5386,3.5401,3.5321,3.5351,23
2026-02-02 00:47:00,3.5306,3.5346,3.5301,3.5316,3.5356,3.5396,3.5351,3.5366,15
2026-02-02 00:48:00,3.5306,3.5351,3.5306,3.5321,3.5356,3.5401,3.5356,3.5371,20
2026-02-02 00:49:00,3.5311,3.5321,3.5301,3.5311,3.5361,3.5371,3.5351,3.5361,6
2026-02-02 00:50:00,3.5336,3.5356,3.5271,3.5271,3.5386,3.5406,3.5321,3.5321,10
2026-02-02 00:51:00,3.5276,3.5341,3.5276,3.5311,3.5326,3.5391,3.5326,3.5361,11
2026-02-02 00:52:00,3.5306,3.5341,3.5296,3.5321,3.5356,3.5391,3.5346,3.5371,17
2026-02-02 00:53:00,3.5331,3.5336,3.5301,3.5316,3.5381,3.5386,3.5351,3.5366,20
2026-02-02 00:54:00,3.5311,3.5336,3.5286,3.5316,3.5361,3.5386,3.5336,3.5366,16
2026-02-02 00:55:00,3.5311,3.5316,3.5276,3.5286,3.5361,3.5366,3.5326,3.5336,12
2026-02-02 00:56:00,3.5276,3.5286,3.5256,3.5266,3.5326,3.5336,3.5306,3.5316,9
2026-02-02 00:57:00,3.5271,3.5296,3.5251,3.5251,3.5321,3.5346,3.5301,3.5301,9
2026-02-02 00:58:00,3.5261,3.5316,3.5261,3.5306,3.5311,3.5366,3.5311,3.5356,10
2026-02-02 00:59:00,3.5301,3.5301,3.5256,3.5261,3.5351,3.5351,3.5306,3.5311,20
2026-02-02 01:00:00,3.5256,3.5301,3.5256,3.5301,3.5306,3.5351,3.5306,3.5351,14
2026-02-02 01:01:00,3.5306,3.5316,3.5291,3.5291,3.5356,3.5366,3.5341,3.5341,9
2026-02-02 01:02:00,3.5281,3.5351,3.5281,3.5336,3.5331,3.5401,3.5331,3.5386,19
2026-02-02 01:03:00,3.5341,3.5346,3.5321,3.5331,3.5391,3.5396,3.5371,3.5381,12
2026-02-02 01:04:00,3.5326,3.5336,3.5301,3.5326,3.5376,3.5386,3.5351,3.5376,19
2026-02-02 01:05:00,3.5331,3.5376,3.5321,3.5376,3.5381,3.5426,3.5371,3.5426,16
2026-02-02 01:06:00,3.5366,3.5371,3.5326,3.5361,3.5416,3.5421,3.5376,3.5411,13
2026-02-02 01:07:00,3.5356,3.5376,3.5346,3.5361,3.5406,3.5426,3.5396,3.5411,17
2026-02-02 01:08:00,3.5366,3.5411,3.5366,3.5406,3.5416,3.5461,3.5416,3.5456,12
2026-02-02 01:09:00,3.5396,3.5531,3.5396,3.5516,3.5446,3.5581,3.5446,3.5566,33
2026-02-02 01:10:00,3.5511,3.5521,3.5496,3.5511,3.5561,3.5571,3.5546,3.5561,9
2026-02-02 01:11:00,3.5506,3.5531,3.5496,3.5516,3.5556,3.5581,3.5546,3.5566,23
2026-02-02 01:12:00,3.5511,3.5521,3.5476,3.5496,3.5561,3.5571,3.5526,3.5546,13
2026-02-02 01:13:00,3.5501,3.5526,3.5481,3.5491,3.5551,3.5576,3.5531,3.5541,22
2026-02-02 01:14:00,3.5486,3.5486,3.5426,3.5471,3.5536,3.5536,3.5476,3.5521,22
2026-02-02 01:15:00,3.5476,3.5496,3.5476,3.5481,3.5526,3.5546,3.5526,3.5531,9
2026-02-02 01:16:00,3.5466,3.5466,3.5401,3.5451,3.5516,3.5516,3.5451,3.5501,13
2026-02-02 01:17:00,3.5446,3.5456,3.5396,3.5456,3.5496,3.5506,3.5446,3.5506,23
2026-02-02 01:18:00,3.5451,3.5541,3.5451,3.5536,3.5501,3.5591,3.5501,3.5586,17
2026-02-02 01:19:00,3.5541,3.5576,3.5536,3.5556,3.5591,3.5626,3.5586,3.5606,14
2026-02-02 01:20:00,3.5576,3.5586,3.5546,3.5546,3.5626,3.5636,3.5596,3.5596,19
2026-02-02 01:21:00,3.5556,3.5621,3.5556,3.5606,3.5606,3.5671,3.5606,3.5656,21
2026-02-02 01:22:00,3.5621,3.5626,3.5596,3.5626,3.5671,3.5676,3.5646,3.5676,14
2026-02-02 01:23:00,3.5621,3.5686,3.5621,3.5686,3.5671,3.5736,3.5671,3.5736,16
2026-02-02 01:24:00,3.5676,3.5696,3.5666,3.5686,3.5726,3.5746,3.5716,3.5736,21
2026-02-02 01:25:00,3.5701,3.5711,3.5676,3.5676,3.5751,3.5761,3.5726,3.5726,22
2026-02-02 01:26:00,3.5681,3.5681,3.5661,3.5666,3.5731,3.5731,3.5711,3.5716,13
2026-02-02 01:27:00,3.5661,3.5686,3.5656,3.5666,3.5711,3.5736,3.5706,3.5716,13
2026-02-02 01:28:00,3.5661,3.5686,3.5651,3.5681,3.5711,3.5736,3.5701,3.5731,14
2026-02-02 01:29:00,3.5671,3.5681,3.5666,3.5681,3.5721,3.5731,3.5716,3.5731,5
2026-02-02 01:30:00,3.5686,3.5686,3.5671,3.5671,3.5736,3.5736,3.5721,3.5721,6
2026-02-02 01:31:00,3.5676,3.5681,3.5676,3.5676,3.5726,3.5731,3.5726,3.5726,3
2026-02-02 01:32:00,3.5671,3.5696,3.5671,3.5696,3.5721,3.5746,3.5721,3.5746,6
2026-02-02 01:33:00,3.5701,3.5701,3.5651,3.5666,3.5751,3.5751,3.5701,3.5716,9
2026-02-02 01:34:00,3.5661,3.5661,3.5661,3.5661,3.5711,3.5711,3.5711,3.5711,1
2026-02-02 01:35:00,3.5656,3.5656,3.5646,3.5651,3.5706,3.5706,3.5696,3.5701,10
2026-02-02 01:36:00,3.5646,3.5656,3.5646,3.5651,3.5696,3.5706,3.5696,3.5701,4
2026-02-02 01:37:00,3.5656,3.5656,3.5626,3.5636,3.5706,3.5706,3.5676,3.5686,8
2026-02-02 01:38:00,3.5631,3.5666,3.5616,3.5631,3.5681,3.5716,3.5666,3.5681,25
2026-02-02 01:39:00,3.5636,3.5651,3.5626,3.5631,3.5686,3.5701,3.5676,3.5681,7
2026-02-02 01:40:00,3.5636,3.5636,3.5616,3.5626,3.5686,3.5686,3.5666,3.5676,4
2026-02-02 01:41:00,3.5636,3.5656,3.5616,3.5651,3.5686,3.5706,3.5666,3.5701,17
2026-02-02 01:42:00,3.5656,3.5671,3.5606,3.5641,3.5706,3.5721,3.5656,3.5691,18
2026-02-02 01:43:00,3.5651,3.5666,3.5636,3.5651,3.5701,3.5716,3.5686,3.5701,10
2026-02-02 01:44:00,3.5646,3.5666,3.5636,3.5656,3.5696,3.5716,3.5686,3.5706,15
2026-02-02 01:45:00,3.5636,3.5646,3.5596,3.5616,3.5686,3.5696,3.5646,3.5666,16
2026-02-02 01:46:00,3.5621,3.5631,3.5606,3.5616,3.5671,3.5681,3.5656,3.5666,13
2026-02-02 01:47:00,3.5611,3.5651,3.5606,3.5641,3.5661,3.5701,3.5656,3.5691,14
2026-02-02 01:48:00,3.5636,3.5676,3.5636,3.5656,3.5686,3.5726,3.5686,3.5706,8
2026-02-02 01:49:00,3.5666,3.5666,3.5646,3.5651,3.5716,3.5716,3.5696,3.5701,8
2026-02-02 01:50:00,3.5646,3.5666,3.5646,3.5656,3.5696,3.5716,3.5696,3.5706,8
2026-02-02 01:51:00,3.5661,3.5661,3.5636,3.5656,3.5711,3.5711,3.5686,3.5706,8
2026-02-02 01:52:00,3.5651,3.5686,3.5651,3.5671,3.5701,3.5736,3.5701,3.5721,12
2026-02-02 01:53:00,3.5676,3.5716,3.5671,3.5671,3.5726,3.5766,3.5721,3.5721,15
2026-02-02 01:54:00,3.5666,3.5686,3.5666,3.5671,3.5716,3.5736,3.5716,3.5721,9
2026-02-02 01:55:00,3.5676,3.5676,3.5671,3.5676,3.5726,3.5726,3.5721,3.5726,3
2026-02-02 01:56:00,3.5681,3.5686,3.5676,3.5681,3.5731,3.5736,3.5726,3.5731,5
2026-02-02 01:57:00,3.5686,3.5696,3.5681,3.5681,3.5736,3.5746,3.5731,3.5731,9
2026-02-02 01:58:00,3.5686,3.5686,3.5681,3.5681,3.5736,3.5736,3.5731,3.5731,2
2026-02-02 01:59:00,3.5686,3.5686,3.5681,3.5681,3.5736,3.5736,3.5731,3.5731,4
2026-02-02 02:00:00,3.5686,3.5686,3.5666,3.5686,3.5736,3.5736,3.5716,3.5736,9
2026-02-02 02:01:00,3.5681,3.5756,3.5676,3.5751,3.5731,3.5806,3.5726,3.5801,49
2026-02-02 02:02:00,3.5746,3.5756,3.5721,3.5746,3.5796,3.5806,3.5771,3.5796,20
2026-02-02 02:03:00,3.5756,3.5776,3.5731,3.5746,3.5806,3.5826,3.5781,3.5796,30
2026-02-02 02:04:00,3.5741,3.5831,3.5736,3.5826,3.5791,3.5881,3.5786,3.5876,18
2026-02-02 02:05:00,3.5831,3.5846,3.5826,3.5831,3.5881,3.5896,3.5876,3.5881,13
2026-02-02 02:06:00,3.5836,3.5856,3.5806,3.5836,3.5886,3.5906,3.5856,3.5886,18
2026-02-02 02:07:00,3.5831,3.5866,3.5816,3.5846,3.5881,3.5916,3.5866,3.5896,34
2026-02-02 02:08:00,3.5841,3.5946,3.5811,3.5906,3.5891,3.5996,3.5861,3.5956,53
2026-02-02 02:09:00,3.5901,3.5936,3.5876,3.5926,3.5951,3.5986,3.5926,3.5976,42
2026-02-02 02:10:00,3.5931,3.5931,3.5886,3.5911,3.5981,3.5981,3.5936,3.5961,31
2026-02-02 02:11:00,3.5906,3.5926,3.5776,3.5781,3.5956,3.5976,3.5826,3.5831,43
2026-02-02 02:12:00,3.5786,3.5816,3.5776,3.5806,3.5836,3.5866,3.5826,3.5856,19
2026-02-02 02:13:00,3.5801,3.5826,3.5796,3.5816,3.5851,3.5876,3.5846,3.5866,6
2026-02-02 02:14:00,3.5806,3.5816,3.5796,3.5816,3.5856,3.5866,3.5846,3.5866,16
2026-02-02 02:15:00,3.5811,3.5836,3.5796,3.5826,3.5861,3.5886,3.5846,3.5876,28
2026-02-02 02:16:00,3.5821,3.5841,3.5786,3.5816,3.5871,3.5891,3.5836,3.5866,50
2026-02-02 02:17:00,3.5811,3.5876,3.5801,3.5871,3.5861,3.5926,3.5851,3.5921,24
2026-02-02 02:18:00,3.5866,3.5866,3.5851,3.5866,3.5916,3.5916,3.5901,3.5916,11
2026-02-02 02:19:00,3.5861,3.5861,3.5826,3.5841,3.5911,3.5911,3.5876,3.5891,11
2026-02-02 02:20:00,3.5836,3.5846,3.5806,3.5841,3.5886,3.5896,3.5856,3.5891,16
2026-02-02 02:21:00,3.5846,3.5851,3.5816,3.5826,3.5896,3.5901,3.5866,3.5876,15
2026-02-02 02:22:00,3.5821,3.5846,3.5821,3.5831,3.5871,3.5896,3.5871,3.5881,10
2026-02-02 02:23:00,3.5816,3.5831,3.5816,3.5826,3.5866,3.5881,3.5866,3.5876,5
2026-02-02 02:24:00,3.5836,3.5896,3.5836,3.5851,3.5886,3.5946,3.5886,3.5901,33
2026-02-02 02:25:00,3.5856,3.5856,3.5831,3.5841,3.5906,3.5906,3.5881,3.5891,4
2026-02-02 02:26:00,3.5846,3.5876,3.5836,3.5841,3.5896,3.5926,3.5886,3.5891,15
2026-02-02 02:27:00,3.5846,3.5871,3.5846,3.5871,3.5896,3.5921,3.5896,3.5921,14
2026-02-02 02:28:00,3.5866,3.5891,3.5856,3.5891,3.5916,3.5941,3.5906,3.5941,10
2026-02-02 02:29:00,3.5896,3.5921,3.5896,3.5901,3.5946,3.5971,3.5946,3.5951,15
2026-02-02 02:30:00,3.5896,3.5906,3.5886,3.5901,3.5946,3.5956,3.5936,3.5951,16
2026-02-02 02:31:00,3.5891,3.5936,3.5881,3.5926,3.5941,3.5986,3.5931,3.5976,22
2026-02-02 02:32:00,3.5911,3.5911,3.5876,3.5886,3.5961,3.5961,3.5926,3.5936,7
2026-02-02 02:33:00,3.5881,3.5891,3.5881,3.5886,3.5931,3.5941,3.5931,3.5936,6
2026-02-02 02:34:00,3.5891,3.5891,3.5891,3.5891,3.5941,3.5941,3.5941,3.5941,1
2026-02-02 02:35:00,3.5906,3.5921,3.5851,3.5851,3.5956,3.5971,3.5901,3.5901,15
2026-02-02 02:36:00,3.5861,3.5886,3.5856,3.5856,3.5911,3.5936,3.5906,3.5906,7
2026-02-02 02:37:00,3.5846,3.5876,3.5846,3.5876,3.5896,3.5926,3.5896,3.5926,6
2026-02-02 02:38:00,3.5886,3.5891,3.5866,3.5876,3.5936,3.5941,3.5916,3.5926,7
2026-02-02 02:39:00,3.5871,3.5886,3.5871,3.5881,3.5921,3.5936,3.5921,3.5931,4
2026-02-02 02:40:00,3.5886,3.5896,3.5856,3.5891,3.5936,3.5946,3.5906,3.5941,12
2026-02-02 02:41:00,3.5896,3.5896,3.5876,3.5876,3.5946,3.5946,3.5926,3.5926,5
2026-02-02 02:42:00,3.5871,3.5871,3.5866,3.5871,3.5921,3.5921,3.5916,3.5921,3
2026-02-02 02:43:00,3.5876,3.5876,3.5871,3.5871,3.5926,3.5926,3.5921,3.5921,2
2026-02-02 02:44:00,3.5866,3.5871,3.5861,3.5861,3.5916,3.5921,3.5911,3.5911,4
2026-02-02 02:45:00,3.5866,3.5866,3.5831,3.5841,3.5916,3.5916,3.5881,3.5891,6
2026-02-02 02:46:00,3.5846,3.5856,3.5846,3.5846,3.5896,3.5906,3.5896,3.5896,4
2026-02-02 02:47:00,3.5851,3.5856,3.5846,3.5851,3.5901,3.5906,3.5896,3.5901,5
2026-02-02 02:48:00,3.5846,3.5846,3.5826,3.5836,3.5896,3.5896,3.5876,3.5886,8
2026-02-02 02:49:00,3.5826,3.5846,3.5826,3.5846,3.5876,3.5896,3.5876,3.5896,4
2026-02-02 02:50:00,3.5836,3.5836,3.5826,3.5836,3.5886,3.5886,3.5876,3.5886,3
2026-02-02 02:51:00,3.5841,3.5866,3.5841,3.5866,3.5891,3.5916,3.5891,3.5916,3
2026-02-02 02:52:00,3.5851,3.5851,3.5836,3.5836,3.5901,3.5901,3.5886,3.5886,6
2026-02-02 02:53:00,3.5831,3.5851,3.5826,3.5851,3.5881,3.5901,3.5876,3.5901,5
2026-02-02 02:54:00,3.5856,3.5856,3.5856,3.5856,3.5906,3.5906,3.5906,3.5906,1
2026-02-02 02:55:00,3.5866,3.5866,3.5846,3.5851,3.5916,3.5916,3.5896,3.5901,5
2026-02-02 02:56:00,3.5836,3.5856,3.5836,3.5856,3.5886,3.5906,3.5886,3.5906,4
2026-02-02 02:57:00,3.5851,3.5866,3.5851,3.5866,3.5901,3.5916,3.5901,3.5916,3
2026-02-02 02:58:00,3.5856,3.5856,3.5836,3.5836,3.5906,3.5906,3.5886,3.5886,4
2026-02-02 02:59:00,3.5831,3.5831,3.5816,3.5816,3.5881,3.5881,3.5866,3.5866,2
2026-02-02 03:00:00,3.5806,3.5836,3.5806,3.5826,3.5856,3.5886,3.5856,3.5876,12
2026-02-02 03:01:00,3.5821,3.5836,3.5816,3.5821,3.5871,3.5886,3.5866,3.5871,6
2026-02-02 03:02:00,3.5816,3.5846,3.5796,3.5796,3.5866,3.5896,3.5846,3.5846,10
2026-02-02 03:03:00,3.5786,3.5786,3.5726,3.5741,3.5836,3.5836,3.5776,3.5791,19
2026-02-02 03:04:00,3.5746,3.5766,3.5736,3.5766,3.5796,3.5816,3.5786,3.5816,13
2026-02-02 03:06:00,3.5756,3.5756,3.5746,3.5746,3.5806,3.5806,3.5796,3.5796,3
2026-02-02 03:07:00,3.5736,3.5746,3.5736,3.5746,3.5786,3.5796,3.5786,3.5796,7
2026-02-02 03:08:00,3.5741,3.5741,3.5731,3.5741,3.5791,3.5791,3.5781,3.5791,7
2026-02-02 03:09:00,3.5736,3.5736,3.5676,3.5691,3.5786,3.5786,3.5726,3.5741,10
2026-02-02 03:10:00,3.5696,3.5716,3.5696,3.5711,3.5746,3.5766,3.5746,3.5761,13
2026-02-02 03:11:00,3.5716,3.5731,3.5711,3.5731,3.5766,3.5781,3.5761,3.5781,6
2026-02-02 03:12:00,3.5736,3.5746,3.5726,3.5746,3.5786,3.5796,3.5776,3.5796,5
2026-02-02 03:13:00,3.5736,3.5736,3.5726,3.5731,3.5786,3.5786,3.5776,3.5781,4
2026-02-02 03:14:00,3.5726,3.5741,3.5721,3.5726,3.5776,3.5791,3.5771,3.5776,9
2026-02-02 03:15:00,3.5721,3.5726,3.5711,3.5726,3.5771,3.5776,3.5761,3.5776,5
2026-02-02 03:16:00,3.5721,3.5731,3.5721,3.5731,3.5771,3.5781,3.5771,3.5781,3
2026-02-02 03:17:00,3.5726,3.5726,3.5721,3.5721,3.5776,3.5776,3.5771,3.5771,2
2026-02-02 03:19:00,3.5726,3.5726,3.5721,3.5726,3.5776,3.5776,3.5771,3.5776,3
2026-02-02 03:20:00,3.5721,3.5726,3.5721,3.5726,3.5771,3.5776,3.5771,3.5776,2
2026-02-02 03:21:00,3.5731,3.5731,3.5716,3.5731,3.5781,3.5781,3.5766,3.5781,5
2026-02-02 03:22:00,3.5726,3.5726,3.5701,3.5701,3.5776,3.5776,3.5751,3.5751,8
2026-02-02 03:23:00,3.5696,3.5701,3.5666,3.5701,3.5746,3.5751,3.5716,3.5751,15
2026-02-02 03:24:00,3.5696,3.5696,3.5641,3.5646,3.5746,3.5746,3.5691,3.5696,20
2026-02-02 03:25:00,3.5651,3.5676,3.5651,3.5676,3.5701,3.5726,3.5701,3.5726,3
2026-02-02 03:26:00,3.5666,3.5666,3.5656,3.5656,3.5716,3.5716,3.5706,3.5706,2
2026-02-02 03:27:00,3.5666,3.5726,3.5666,3.5726,3.5716,3.5776,3.5716,3.5776,12
2026-02-02 03:28:00,3.5706,3.5721,3.5706,3.5716,3.5756,3.5771,3.5756,3.5766,4
2026-02-02 03:29:00,3.5711,3.5711,3.5686,3.5686,3.5761,3.5761,3.5736,3.5736,4
2026-02-02 03:30:00,3.5681,3.5746,3.5681,3.5726,3.5731,3.5796,3.5731,3.5776,13
2026-02-02 03:31:00,3.5706,3.5711,3.5706,3.5706,3.5756,3.5761,3.5756,3.5756,5
2026-02-02 03:32:00,3.5716,3.5746,3.5716,3.5746,3.5766,3.5796,3.5766,3.5796,5
2026-02-02 03:33:00,3.5736,3.5736,3.5706,3.5711,3.5786,3.5786,3.5756,3.5761,12
2026-02-02 03:34:00,3.5706,3.5706,3.5691,3.5701,3.5756,3.5756,3.5741,3.5751,4
2026-02-02 03:36:00,3.5711,3.5711,3.5711,3.5711,3.5761,3.5761,3.5761,3.5761,1
2026-02-02 03:37:00,3.5716,3.5716,3.5706,3.5711,3.5766,3.5766,3.5756,3.5761,3
2026-02-02 03:38:00,3.5726,3.5731,3.5726,3.5731,3.5776,3.5781,3.5776,3.5781,2
2026-02-02 03:39:00,3.5726,3.5726,3.5726,3.5726,3.5776,3.5776,3.5776,3.5776,1
2026-02-02 03:40:00,3.5731,3.5731,3.5731,3.5731,3.5781,3.5781,3.5781,3.5781,1
2026-02-02 03:41:00,3.5726,3.5746,3.5726,3.5746,3.5776,3.5796,3.5776,3.5796,4
2026-02-02 03:44:00,3.5751,3.5826,3.5751,3.5801,3.5801,3.5876,3.5801,3.5851,18
2026-02-02 03:45:00,3.5791,3.5871,3.5776,3.5836,3.5841,3.5921,3.5826,3.5886,25
2026-02-02 03:46:00,3.5826,3.5826,3.5796,3.5811,3.5876,3.5876,3.5846,3.5861,12
2026-02-02 03:47:00,3.5816,3.5816,3.5806,3.5811,3.5866,3.5866,3.5856,3.5861,3
2026-02-02 03:48:00,3.5806,3.5826,3.5806,3.5816,3.5856,3.5876,3.5856,3.5866,8
2026-02-02 03:49:00,3.5826,3.5846,3.5826,3.5831,3.5876,3.5896,3.5876,3.5881,7
2026-02-02 03:50:00,3.5826,3.5836,3.5811,3.5836,3.5876,3.5886,3.5861,3.5886,8
2026-02-02 03:51:00,3.5831,3.5846,3.5831,3.5846,3.5881,3.5896,3.5881,3.5896,6
2026-02-02 03:52:00,3.5851,3.5866,3.5846,3.5846,3.5901,3.5916,3.5896,3.5896,5
2026-02-02 03:53:00,3.5841,3.5846,3.5806,3.5811,3.5891,3.5896,3.5856,3.5861,7
2026-02-02 03:54:00,3.5806,3.5806,3.5801,3.5806,3.5856,3.5856,3.5851,3.5856,3
2026-02-02 03:55:00,3.5796,3.5816,3.5796,3.5801,3.5846,3.5866,3.5846,3.5851,4
2026-02-02 03:56:00,3.5796,3.5816,3.5796,3.5816,3.5846,3.5866,3.5846,3.5866,6
2026-02-02 03:57:00,3.5821,3.5831,3.5816,3.5821,3.5871,3.5881,3.5866,3.5871,12
2026-02-02 03:58:00,3.5826,3.5826,3.5816,3.5826,3.5876,3.5876,3.5866,3.5876,3
2026-02-02 03:59:00,3.5821,3.5836,3.5821,3.5836,3.5871,3.5886,3.5871,3.5886,8
2026-02-02 04:00:00,3.5831,3.5846,3.5826,3.5846,3.5881,3.5896,3.5876,3.5896,5
2026-02-02 04:01:00,3.5841,3.5856,3.5831,3.5831,3.5891,3.5906,3.5881,3.5881,10
2026-02-02 04:02:00,3.5826,3.5841,3.5816,3.5826,3.5876,3.5891,3.5866,3.5876,9
2026-02-02 04:03:00,3.5816,3.5816,3.5811,3.5816,3.5866,3.5866,3.5861,3.5866,3
2026-02-02 04:04:00,3.5826,3.5826,3.5821,3.5821,3.5876,3.5876,3.5871,3.5871,2
2026-02-02 04:05:00,3.5816,3.5816,3.5796,3.5816,3.5866,3.5866,3.5846,3.5866,7
2026-02-02 04:06:00,3.5811,3.5906,3.5811,3.5906,3.5861,3.5956,3.5861,3.5956,19
2026-02-02 04:07:00,3.5896,3.5926,3.5896,3.5916,3.5946,3.5976,3.5946,3.5966,9
2026-02-02 04:08:00,3.5911,3.5936,3.5911,3.5926,3.5961,3.5986,3.5961,3.5976,15
2026-02-02 04:09:00,3.5921,3.5946,3.5921,3.5946,3.5971,3.5996,3.5971,3.5996,10
2026-02-02 04:10:00,3.5941,3.5946,3.5931,3.5941,3.5991,3.5996,3.5981,3.5991,9
2026-02-02 04:11:00,3.5946,3.5946,3.5941,3.5941,3.5996,3.5996,3.5991,3.5991,2
2026-02-02 04:12:00,3.5926,3.5931,3.5911,3.5921,3.5976,3.5981,3.5961,3.5971,7
2026-02-02 04:13:00,3.5926,3.5941,3.5926,3.5941,3.5976,3.5991,3.5976,3.5991,5
2026-02-02 04:14:00,3.5946,3.5966,3.5936,3.5951,3.5996,3.6016,3.5986,3.6001,27
2026-02-02 04:15:00,3.5946,3.5946,3.5901,3.5901,3.5996,3.5996,3.5951,3.5951,16
2026-02-02 04:16:00,3.5906,3.5911,3.5901,3.5906,3.5956,3.5961,3.5951,3.5956,5
2026-02-02 04:17:00,3.5911,3.5951,3.5911,3.5951,3.5961,3.6001,3.5961,3.6001,10
2026-02-02 04:18:00,3.5956,3.5956,3.5916,3.5936,3.6006,3.6006,3.5966,3.5986,15
2026-02-02 04:19:00,3.5931,3.5936,3.5916,3.5926,3.5981,3.5986,3.5966,3.5976,11
2026-02-02 04:20:00,3.5936,3.5991,3.5936,3.5976,3.5986,3.6041,3.5986,3.6026,24
2026-02-02 04:21:00,3.5971,3.5996,3.5966,3.5996,3.6021,3.6046,3.6016,3.6046,10
2026-02-02 04:22:00,3.5991,3.6006,3.5966,3.5976,3.6041,3.6056,3.6016,3.6026,17
2026-02-02 04:23:00,3.5981,3.5986,3.5966,3.5986,3.6031,3.6036,3.6016,3.6036,9
2026-02-02 04:24:00,3.5991,3.6026,3.5991,3.6026,3.6041,3.6076,3.6041,3.6076,15
2026-02-02 04:25:00,3.6021,3.6036,3.6021,3.6026,3.6071,3.6086,3.6071,3.6076,13
2026-02-02 04:26:00,3.6021,3.6031,3.5991,3.5991,3.6071,3.6081,3.6041,3.6041,11
2026-02-02 04:27:00,3.5981,3.5986,3.5906,3.5916,3.6031,3.6036,3.5956,3.5966,22
2026-02-02 04:28:00,3.5906,3.5906,3.5876,3.5891,3.5956,3.5956,3.5926,3.5941,12
2026-02-02 04:29:00,3.5901,3.5916,3.5866,3.5881,3.5951,3.5966,3.5916,3.5931,13
2026-02-02 04:30:00,3.5871,3.5876,3.5836,3.5866,3.5921,3.5926,3.5886,3.5916,27
2026-02-02 04:31:00,3.5871,3.5871,3.5796,3.5806,3.5921,3.5921,3.5846,3.5856,29
2026-02-02 04:32:00,3.5821,3.5831,3.5766,3.5781,3.5871,3.5881,3.5816,3.5831,38
2026-02-02 04:33:00,3.5776,3.5786,3.5696,3.5701,3.5826,3.5836,3.5746,3.5751,17
2026-02-02 04:34:00,3.5696,3.5716,3.5656,3.5656,3.5746,3.5766,3.5706,3.5706,19
2026-02-02 04:35:00,3.5666,3.5666,3.5626,3.5636,3.5716,3.5716,3.5676,3.5686,25
2026-02-02 04:36:00,3.5641,3.5651,3.5626,3.5626,3.5691,3.5701,3.5676,3.5676,14
2026-02-02 04:37:00,3.5636,3.5641,3.5606,3.5631,3.5686,3.5691,3.5656,3.5681,19
2026-02-02 04:38:00,3.5626,3.5636,3.5586,3.5596,3.5676,3.5686,3.5636,3.5646,15
2026-02-02 04:39:00,3.5591,3.5636,3.5591,3.5611,3.5641,3.5686,3.5641,3.5661,19
2026-02-02 04:40:00,3.5616,3.5616,3.5596,3.5596,3.5666,3.5666,3.5646,3.5646,11
2026-02-02 04:41:00,3.5601,3.5611,3.5586,3.5601,3.5651,3.5661,3.5636,3.5651,18
2026-02-02 04:42:00,3.5596,3.5606,3.5581,3.5581,3.5646,3.5656,3.5631,3.5631,14
2026-02-02 04:43:00,3.5586,3.5591,3.5576,3.5586,3.5636,3.5641,3.5626,3.5636,17
2026-02-02 04:44:00,3.5576,3.5596,3.5576,3.5586,3.5626,3.5646,3.5626,3.5636,10
2026-02-02 04:45:00,3.5581,3.5586,3.5576,3.5581,3.5631,3.5636,3.5626,3.5631,8
2026-02-02 04:46:00,3.5576,3.5581,3.5576,3.5576,3.5626,3.5631,3.5626,3.5626,3
2026-02-02 04:47:00,3.5586,3.5591,3.5546,3.5566,3.5636,3.5641,3.5596,3.5616,14
2026-02-02 04:48:00,3.5576,3.5596,3.5576,3.5576,3.5626,3.5646,3.5626,3.5626,8
2026-02-02 04:49:00,3.5566,3.5651,3.5566,3.5626,3.5616,3.5701,3.5616,3.5676,19
2026-02-02 04:50:00,3.5616,3.5646,3.5606,3.5636,3.5666,3.5696,3.5656,3.5686,27
2026-02-02 04:51:00,3.5641,3.5641,3.5591,3.5616,3.5691,3.5691,3.5641,3.5666,11
2026-02-02 04:52:00,3.5621,3.5621,3.5596,3.5596,3.5671,3.5671,3.5646,3.5646,5
2026-02-02 04:53:00,3.5601,3.5601,3.5586,3.5586,3.5651,3.5651,3.5636,3.5636,5
2026-02-02 04:54:00,3.5576,3.5581,3.5576,3.5581,3.5626,3.5631,3.5626,3.5631,2
2026-02-02 04:55:00,3.5576,3.5581,3.5566,3.5571,3.5626,3.5631,3.5616,3.5621,7
2026-02-02 04:56:00,3.5566,3.5596,3.5566,3.5586,3.5616,3.5646,3.5616,3.5636,9
2026-02-02 04:57:00,3.5581,3.5586,3.5571,3.5571,3.5631,3.5636,3.5621,3.5621,5
2026-02-02 04:58:00,3.5566,3.5581,3.5566,3.5581,3.5616,3.5631,3.5616,3.5631,6
2026-02-02 04:59:00,3.5576,3.5586,3.5556,3.5566,3.5626,3.5636,3.5606,3.5616,20
2026-02-02 05:00:00,3.5556,3.5556,3.5446,3.5466,3.5606,3.5606,3.5496,3.5516,50
2026-02-02 05:01:00,3.5461,3.5481,3.5456,3.5466,3.5511,3.5531,3.5506,3.5516,11
2026-02-02 05:02:00,3.5471,3.5526,3.5456,3.5486,3.5521,3.5576,3.5506,3.5536,34
2026-02-02 05:03:00,3.5496,3.5496,3.5461,3.5471,3.5546,3.5546,3.5511,3.5521,9
2026-02-02 05:04:00,3.5476,3.5476,3.5456,3.5466,3.5526,3.5526,3.5506,3.5516,10
2026-02-02 05:05:00,3.5461,3.5461,3.5436,3.5446,3.5511,3.5511,3.5486,3.5496,21
2026-02-02 05:06:00,3.5441,3.5476,3.5436,3.5476,3.5491,3.5526,3.5486,3.5526,9
2026-02-02 05:07:00,3.5486,3.5501,3.5446,3.5446,3.5536,3.5551,3.5496,3.5496,14
2026-02-02 05:08:00,3.5436,3.5446,3.5436,3.5441,3.5486,3.5496,3.5486,3.5491,11
2026-02-02 05:09:00,3.5436,3.5446,3.5436,3.5441,3.5486,3.5496,3.5486,3.5491,7
2026-02-02 05:10:00,3.5456,3.5466,3.5446,3.5451,3.5506,3.5516,3.5496,3.5501,8
2026-02-02 05:11:00,3.5456,3.5476,3.5456,3.5476,3.5506,3.5526,3.5506,3.5526,5
2026-02-02 05:12:00,3.5481,3.5491,3.5466,3.5466,3.5531,3.5541,3.5516,3.5516,6
2026-02-02 05:13:00,3.5456,3.5486,3.5456,3.5486,3.5506,3.5536,3.5506,3.5536,9
2026-02-02 05:14:00,3.5481,3.5536,3.5481,3.5496,3.5531,3.5586,3.5531,3.5546,28
2026-02-02 05:15:00,3.5501,3.5501,3.5486,3.5491,3.5551,3.5551,3.5536,3.5541,5
2026-02-02 05:16:00,3.5496,3.5496,3.5486,3.5486,3.5546,3.5546,3.5536,3.5536,2
2026-02-02 05:17:00,3.5491,3.5491,3.5476,3.5476,3.5541,3.5541,3.5526,3.5526,4
2026-02-02 05:18:00,3.5471,3.5496,3.5471,3.5481,3.5521,3.5546,3.5521,3.5531,9
2026-02-02 05:19:00,3.5476,3.5476,3.5466,3.5471,3.5526,3.5526,3.5516,3.5521,6
2026-02-02 05:20:00,3.5476,3.5481,3.5471,3.5481,3.5526,3.5531,3.5521,3.5531,4
2026-02-02 05:21:00,3.5476,3.5476,3.5476,3.5476,3.5526,3.5526,3.5526,3.5526,1
2026-02-02 05:22:00,3.5471,3.5476,3.5466,3.5466,3.5521,3.5526,3.5516,3.5516,7
2026-02-02 05:23:00,3.5476,3.5481,3.5436,3.5446,3.5526,3.5531,3.5486,3.5496,17
2026-02-02 05:24:00,3.5436,3.5446,3.5436,3.5441,3.5486,3.5496,3.5486,3.5491,3
2026-02-02 05:25:00,3.5446,3.5471,3.5441,3.5471,3.5496,3.5521,3.5491,3.5521,11
2026-02-02 05:26:00,3.5466,3.5466,3.5446,3.5461,3.5516,3.5516,3.5496,3.5511,11
2026-02-02 05:27:00,3.5466,3.5471,3.5446,3.5466,3.5516,3.5521,3.5496,3.5516,8
2026-02-02 05:28:00,3.5461,3.5476,3.5456,3.5466,3.5511,3.5526,3.5506,3.5516,6
2026-02-02 05:29:00,3.5461,3.5461,3.5461,3.5461,3.5511,3.5511,3.5511,3.5511,1
2026-02-02 05:30:00,3.5456,3.5456,3.5441,3.5446,3.5506,3.5506,3.5491,3.5496,5
2026-02-02 05:31:00,3.5436,3.5441,3.5431,3.5431,3.5486,3.5491,3.5481,3.5481,10
2026-02-02 05:32:00,3.5436,3.5451,3.5436,3.5451,3.5486,3.5501,3.5486,3.5501,3
2026-02-02 05:33:00,3.5456,3.5456,3.5456,3.5456,3.5506,3.5506,3.5506,3.5506,1
2026-02-02 05:34:00,3.5461,3.5481,3.5461,3.5471,3.5511,3.5531,3.5511,3.5521,9
2026-02-02 05:35:00,3.5466,3.5486,3.5461,3.5486,3.5516,3.5536,3.5511,3.5536,6
2026-02-02 05:37:00,3.5481,3.5486,3.5481,3.5481,3.5531,3.5536,3.5531,3.5531,3
2026-02-02 05:38:00,3.5486,3.5486,3.5486,3.5486,3.5536,3.5536,3.5536,3.5536,1
2026-02-02 05:39:00,3.5496,3.5506,3.5496,3.5506,3.5546,3.5556,3.5546,3.5556,2
2026-02-02 05:40:00,3.5501,3.5506,3.5486,3.5501,3.5551,3.5556,3.5536,3.5551,10
2026-02-02 05:41:00,3.5506,3.5506,3.5496,3.5496,3.5556,3.5556,3.5546,3.5546,3
2026-02-02 05:42:00,3.5506,3.5506,3.5496,3.5496,3.5556,3.5556,3.5546,3.5546,5
2026-02-02 05:43:00,3.5491,3.5501,3.5491,3.5501,3.5541,3.5551,3.5541,3.5551,2
2026-02-02 05:44:00,3.5506,3.5536,3.5501,3.5526,3.5556,3.5586,3.5551,3.5576,8
2026-02-02 05:45:00,3.5516,3.5526,3.5501,3.5526,3.5566,3.5576,3.5551,3.5576,15
2026-02-02 05:46:00,3.5531,3.5536,3.5531,3.5536,3.5581,3.5586,3.5581,3.5586,2
2026-02-02 05:47:00,3.5546,3.5581,3.5541,3.5576,3.5596,3.5631,3.5591,3.5626,16
2026-02-02 05:48:00,3.5581,3.5586,3.5576,3.5576,3.5631,3.5636,3.5626,3.5626,5
2026-02-02 05:49:00,3.5566,3.5566,3.5506,3.5506,3.5616,3.5616,3.5556,3.5556,13
2026-02-02 05:50:00,3.5516,3.5526,3.5496,3.5501,3.5566,3.5576,3.5546,3.5551,8
2026-02-02 05:51:00,3.5506,3.5506,3.5501,3.5506,3.5556,3.5556,3.5551,3.5556,3
2026-02-02 05:52:00,3.5496,3.5516,3.5496,3.5516,3.5546,3.5566,3.5546,3.5566,4
2026-02-02 05:53:00,3.5511,3.5511,3.5491,3.5491,3.5561,3.5561,3.5541,3.5541,5
2026-02-02 05:54:00,3.5481,3.5481,3.5396,3.5411,3.5531,3.5531,3.5446,3.5461,19
2026-02-02 05:55:00,3.5416,3.5421,3.5286,3.5336,3.5466,3.5471,3.5336,3.5386,40
2026-02-02 05:56:00,3.5326,3.5331,3.5286,3.5301,3.5376,3.5381,3.5336,3.5351,16
2026-02-02 05:57:00,3.5296,3.5296,3.5271,3.5291,3.5346,3.5346,3.5321,3.5341,12
2026-02-02 05:58:00,3.5306,3.5306,3.5266,3.5281,3.5356,3.5356,3.5316,3.5331,10
2026-02-02 05:59:00,3.5276,3.5276,3.5246,3.5256,3.5326,3.5326,3.5296,3.5306,13
2026-02-02 06:00:00,3.5261,3.5261,3.5236,3.5241,3.5311,3.5311,3.5286,3.5291,22
2026-02-02 06:01:00,3.5246,3.5256,3.5166,3.5166,3.5296,3.5306,3.5216,3.5216,38
2026-02-02 06:02:00,3.5161,3.5161,3.5076,3.5096,3.5211,3.5211,3.5126,3.5146,35
2026-02-02 06:03:00,3.5086,3.5116,3.5086,3.5096,3.5136,3.5166,3.5136,3.5146,11
2026-02-02 06:04:00,3.5091,3.5131,3.5086,3.5126,3.5141,3.5181,3.5136,3.5176,10
2026-02-02 06:05:00,3.5116,3.5141,3.5101,3.5126,3.5166,3.5191,3.5151,3.5176,16
2026-02-02 06:06:00,3.5116,3.5116,3.5111,3.5116,3.5166,3.5166,3.5161,3.5166,5
2026-02-02 06:07:00,3.5111,3.5116,3.5056,3.5096,3.5161,3.5166,3.5106,3.5146,21
2026-02-02 06:08:00,3.5091,3.5096,3.5076,3.5076,3.5141,3.5146,3.5126,3.5126,10
2026-02-02 06:09:00,3.5071,3.5076,3.5036,3.5061,3.5121,3.5126,3.5086,3.5111,14
2026-02-02 06:10:00,3.5056,3.5091,3.5031,3.5041,3.5106,3.5141,3.5081,3.5091,30
2026-02-02 06:11:00,3.5036,3.5086,3.5036,3.5086,3.5086,3.5136,3.5086,3.5136,6
2026-02-02 06:12:00,3.5076,3.5076,3.5051,3.5061,3.5126,3.5126,3.5101,3.5111,6
2026-02-02 06:13:00,3.5066,3.5071,3.5046,3.5071,3.5116,3.5121,3.5096,3.5121,12
2026-02-02 06:14:00,3.5066,3.5091,3.5056,3.5081,3.5116,3.5141,3.5106,3.5131,17
2026-02-02 06:15:00,3.5086,3.5111,3.5076,3.5111,3.5136,3.5161,3.5126,3.5161,14
2026-02-02 06:16:00,3.5121,3.5186,3.5121,3.5141,3.5171,3.5236,3.5171,3.5191,22
2026-02-02 06:17:00,3.5131,3.5161,3.5126,3.5146,3.5181,3.5211,3.5176,3.5196,7
2026-02-02 06:18:00,3.5151,3.5166,3.5146,3.5166,3.5201,3.5216,3.5196,3.5216,7
2026-02-02 06:19:00,3.5156,3.5156,3.5136,3.5141,3.5206,3.5206,3.5186,3.5191,6
2026-02-02 06:20:00,3.5151,3.5191,3.5151,3.5191,3.5201,3.5241,3.5201,3.5241,5
2026-02-02 06:21:00,3.5196,3.5221,3.5151,3.5221,3.5246,3.5271,3.5201,3.5271,14
2026-02-02 06:22:00,3.5226,3.5226,3.5146,3.5161,3.5276,3.5276,3.5196,3.5211,12
2026-02-02 06:23:00,3.5156,3.5171,3.5131,3.5151,3.5206,3.5221,3.5181,3.5201,11
2026-02-02 06:24:00,3.5156,3.5156,3.5141,3.5146,3.5206,3.5206,3.5191,3.5196,3
2026-02-02 06:25:00,3.5141,3.5151,3.5141,3.5151,3.5191,3.5201,3.5191,3.5201,4
2026-02-02 06:26:00,3.5156,3.5161,3.5156,3.5161,3.5206,3.5211,3.5206,3.5211,2
2026-02-02 06:27:00,3.5171,3.5191,3.5171,3.5191,3.5221,3.5241,3.5221,3.5241,4
2026-02-02 06:28:00,3.5196,3.5206,3.5176,3.5201,3.5246,3.5256,3.5226,3.5251,9
2026-02-02 06:29:00,3.5206,3.5221,3.5206,3.5221,3.5256,3.5271,3.5256,3.5271,4
2026-02-02 06:30:00,3.5216,3.5216,3.5196,3.5201,3.5266,3.5266,3.5246,3.5251,8
2026-02-02 06:31:00,3.5191,3.5306,3.5186,3.5301,3.5241,3.5356,3.5236,3.5351,22
2026-02-02 06:32:00,3.5296,3.5321,3.5271,3.5321,3.5346,3.5371,3.5321,3.5371,15
2026-02-02 06:33:00,3.5316,3.5386,3.5286,3.5386,3.5366,3.5436,3.5336,3.5436,17
2026-02-02 06:34:00,3.5391,3.5401,3.5391,3.5401,3.5441,3.5451,3.5441,3.5451,3
2026-02-02 06:35:00,3.5406,3.5531,3.5376,3.5486,3.5456,3.5581,3.5426,3.5536,37
2026-02-02 06:36:00,3.5491,3.5506,3.5486,3.5491,3.5541,3.5556,3.5536,3.5541,9
2026-02-02 06:37:00,3.5516,3.5616,3.5516,3.5606,3.5566,3.5666,3.5566,3.5656,24
2026-02-02 06:38:00,3.5596,3.5601,3.5566,3.5576,3.5646,3.5651,3.5616,3.5626,19
2026-02-02 06:39:00,3.5571,3.5601,3.5546,3.5546,3.5621,3.5651,3.5596,3.5596,10
2026-02-02 06:40:00,3.5531,3.5531,3.5376,3.5376,3.5581,3.5581,3.5426,3.5426,33
2026-02-02 06:41:00,3.5371,3.5371,3.5266,3.5271,3.5421,3.5421,3.5316,3.5321,15
2026-02-02 06:42:00,3.5266,3.5266,3.5141,3.5206,3.5316,3.5316,3.5191,3.5256,25
2026-02-02 06:43:00,3.5221,3.5301,3.5221,3.5301,3.5271,3.5351,3.5271,3.5351,17
2026-02-02 06:44:00,3.5306,3.5306,3.5251,3.5286,3.5356,3.5356,3.5301,3.5336,18
2026-02-02 06:45:00,3.5281,3.5296,3.5226,3.5226,3.5331,3.5346,3.5276,3.5276,12
2026-02-02 06:46:00,3.5221,3.5236,3.5126,3.5151,3.5271,3.5286,3.5176,3.5201,33
2026-02-02 06:47:00,3.5156,3.5201,3.5141,3.5191,3.5206,3.5251,3.5191,3.5241,17
2026-02-02 06:48:00,3.5196,3.5206,3.5156,3.5176,3.5246,3.5256,3.5206,3.5226,14
2026-02-02 06:49:00,3.5166,3.5201,3.5166,3.5181,3.5216,3.5251,3.5216,3.5231,13
2026-02-02 06:50:00,3.5176,3.5176,3.5111,3.5111,3.5226,3.5226,3.5161,3.5161,16
2026-02-02 06:51:00,3.5116,3.5156,3.5056,3.5061,3.5166,3.5206,3.5106,3.5111,34
2026-02-02 06:52:00,3.5066,3.5076,3.5026,3.5036,3.5116,3.5126,3.5076,3.5086,18
2026-02-02 06:53:00,3.5031,3.5091,3.5026,3.5086,3.5081,3.5141,3.5076,3.5136,16
2026-02-02 06:54:00,3.5081,3.5081,3.5036,3.5076,3.5131,3.5131,3.5086,3.5126,22
2026-02-02 06:55:00,3.5071,3.5076,3.5056,3.5056,3.5121,3.5126,3.5106,3.5106,12
2026-02-02 06:56:00,3.5051,3.5091,3.5051,3.5051,3.5101,3.5141,3.5101,3.5101,16
2026-02-02 06:57:00,3.5046,3.5046,3.5041,3.5041,3.5096,3.5096,3.5091,3.5091,2
2026-02-02 06:58:00,3.5046,3.5046,3.5026,3.5036,3.5096,3.5096,3.5076,3.5086,8
2026-02-02 06:59:00,3.5031,3.5046,3.5026,3.5031,3.5081,3.5096,3.5076,3.5081,13
2026-02-02 07:00:00,3.5036,3.5141,3.5036,3.5136,3.5086,3.5191,3.5086,3.5186,28
2026-02-02 07:01:00,3.5146,3.5171,3.5036,3.5076,3.5196,3.5221,3.5086,3.5126,49
2026-02-02 07:02:00,3.5066,3.5201,3.5066,3.5196,3.5116,3.5251,3.5116,3.5246,49
2026-02-02 07:03:00,3.5191,3.5266,3.5181,3.5216,3.5241,3.5316,3.5231,3.5266,67
2026-02-02 07:04:00,3.5221,3.5256,3.5196,3.5226,3.5271,3.5306,3.5246,3.5276,67
2026-02-02 07:05:00,3.5231,3.5256,3.5196,3.5231,3.5281,3.5306,3.5246,3.5281,48
2026-02-02 07:06:00,3.5236,3.5246,3.5216,3.5216,3.5286,3.5296,3.5266,3.5266,20
2026-02-02 07:07:00,3.5211,3.5226,3.5086,3.5086,3.5261,3.5276,3.5136,3.5136,19
2026-02-02 07:08:00,3.5056,3.5076,3.4951,3.5016,3.5106,3.5126,3.5001,3.5066,48
2026-02-02 07:09:00,3.5046,3.5046,3.4956,3.4981,3.5096,3.5096,3.5006,3.5031,24
2026-02-02 07:10:00,3.4986,3.4996,3.4971,3.4991,3.5036,3.5046,3.5021,3.5041,12
2026-02-02 07:11:00,3.5006,3.5031,3.5006,3.5016,3.5056,3.5081,3.5056,3.5066,10
2026-02-02 07:12:00,3.5006,3.5026,3.4966,3.4991,3.5056,3.5076,3.5016,3.5041,14
2026-02-02 07:13:00,3.4996,3.4996,3.4976,3.4986,3.5046,3.5046,3.5026,3.5036,5
2026-02-02 07:14:00,3.4981,3.5016,3.4976,3.5006,3.5031,3.5066,3.5026,3.5056,7
2026-02-02 07:15:00,3.4996,3.4996,3.4981,3.4981,3.5046,3.5046,3.5031,3.5031,5
2026-02-02 07:16:00,3.4976,3.4996,3.4971,3.4976,3.5026,3.5046,3.5021,3.5026,11
2026-02-02 07:17:00,3.4986,3.4996,3.4976,3.4986,3.5036,3.5046,3.5026,3.5036,13
2026-02-02 07:18:00,3.4976,3.4986,3.4976,3.4976,3.5026,3.5036,3.5026,3.5026,4
2026-02-02 07:19:00,3.4986,3.5016,3.4986,3.5011,3.5036,3.5066,3.5036,3.5061,8
2026-02-02 07:20:00,3.5026,3.5036,3.4976,3.4981,3.5076,3.5086,3.5026,3.5031,18
2026-02-02 07:21:00,3.4976,3.4976,3.4946,3.4951,3.5026,3.5026,3.4996,3.5001,15
2026-02-02 07:22:00,3.4946,3.4996,3.4926,3.4941,3.4996,3.5046,3.4976,3.4991,25
2026-02-02 07:23:00,3.4946,3.4951,3.4936,3.4941,3.4996,3.5001,3.4986,3.4991,10
2026-02-02 07:24:00,3.4946,3.4946,3.4916,3.4931,3.4996,3.4996,3.4966,3.4981,16
2026-02-02 07:25:00,3.4926,3.4951,3.4916,3.4916,3.4976,3.5001,3.4966,3.4966,10
2026-02-02 07:26:00,3.4921,3.4926,3.4846,3.4876,3.4971,3.4976,3.4896,3.4926,29
2026-02-02 07:27:00,3.4871,3.4871,3.4816,3.4836,3.4921,3.4921,3.4866,3.4886,11
2026-02-02 07:28:00,3.4841,3.4856,3.4771,3.4776,3.4891,3.4906,3.4821,3.4826,14
2026-02-02 07:29:00,3.4766,3.4821,3.4761,3.4821,3.4816,3.4871,3.4811,3.4871,10
2026-02-02 07:30:00,3.4826,3.4886,3.4771,3.4791,3.4876,3.4936,3.4821,3.4841,43
2026-02-02 07:31:00,3.4786,3.4906,3.4786,3.4906,3.4836,3.4956,3.4836,3.4956,21
2026-02-02 07:32:00,3.4916,3.4936,3.4871,3.4871,3.4966,3.4986,3.4921,3.4921,21
2026-02-02 07:33:00,3.4861,3.4876,3.4856,3.4871,3.4911,3.4926,3.4906,3.4921,8
2026-02-02 07:34:00,3.4881,3.4901,3.4881,3.4891,3.4931,3.4951,3.4931,3.4941,4
2026-02-02 07:35:00,3.4896,3.4941,3.4876,3.4941,3.4946,3.4991,3.4926,3.4991,9
2026-02-02 07:36:00,3.4936,3.4946,3.4876,3.4936,3.4986,3.4996,3.4926,3.4986,17
2026-02-02 07:37:00,3.4941,3.4941,3.4906,3.4941,3.4991,3.4991,3.4956,3.4991,17
2026-02-02 07:38:00,3.4956,3.5081,3.4956,3.5081,3.5006,3.5131,3.5006,3.5131,19
2026-02-02 07:39:00,3.5076,3.5141,3.5066,3.5096,3.5126,3.5191,3.5116,3.5146,31
2026-02-02 07:40:00,3.5091,3.5091,3.5026,3.5026,3.5141,3.5141,3.5076,3.5076,17
2026-02-02 07:41:00,3.5021,3.5106,3.5006,3.5106,3.5071,3.5156,3.5056,3.5156,22
2026-02-02 07:42:00,3.5116,3.5116,3.5086,3.5116,3.5166,3.5166,3.5136,3.5166,7
2026-02-02 07:43:00,3.5111,3.5186,3.5081,3.5141,3.5161,3.5236,3.5131,3.5191,21
2026-02-02 07:44:00,3.5136,3.5206,3.5136,3.5206,3.5186,3.5256,3.5186,3.5256,11
2026-02-02 07:45:00,3.5196,3.5226,3.5191,3.5211,3.5246,3.5276,3.5241,3.5261,14
2026-02-02 07:46:00,3.5216,3.5246,3.5186,3.5206,3.5266,3.5296,3.5236,3.5256,25
2026-02-02 07:47:00,3.5211,3.5231,3.5191,3.5191,3.5261,3.5281,3.5241,3.5241,16
2026-02-02 07:48:00,3.5176,3.5221,3.5156,3.5201,3.5226,3.5271,3.5206,3.5251,25
2026-02-02 07:49:00,3.5196,3.5196,3.5121,3.5121,3.5246,3.5246,3.5171,3.5171,15
2026-02-02 07:50:00,3.5106,3.5191,3.5106,3.5191,3.5156,3.5241,3.5156,3.5241,17
2026-02-02 07:51:00,3.5186,3.5186,3.5161,3.5171,3.5236,3.5236,3.5211,3.5221,10
2026-02-02 07:52:00,3.5176,3.5221,3.5176,3.5221,3.5226,3.5271,3.5226,3.5271,8
2026-02-02 07:53:00,3.5206,3.5221,3.5186,3.5221,3.5256,3.5271,3.5236,3.5271,9
2026-02-02 07:54:00,3.5216,3.5216,3.5206,3.5211,3.5266,3.5266,3.5256,3.5261,5
2026-02-02 07:55:00,3.5201,3.5201,3.5176,3.5181,3.5251,3.5251,3.5226,3.5231,8
2026-02-02 07:56:00,3.5166,3.5201,3.5156,3.5201,3.5216,3.5251,3.5206,3.5251,11
2026-02-02 07:57:00,3.5191,3.5201,3.5191,3.5196,3.5241,3.5251,3.5241,3.5246,5
2026-02-02 07:58:00,3.5191,3.5191,3.5121,3.5121,3.5241,3.5241,3.5171,3.5171,9
2026-02-02 07:59:00,3.5111,3.5136,3.5076,3.5081,3.5161,3.5186,3.5126,3.5131,14
2026-02-02 08:00:00,3.5061,3.5106,3.5051,3.5096,3.5111,3.5156,3.5101,3.5146,27
2026-02-02 08:01:00,3.5101,3.5146,3.4956,3.4976,3.5151,3.5196,3.5006,3.5026,57
2026-02-02 08:02:00,3.4986,3.5051,3.4986,3.5031,3.5036,3.5101,3.5036,3.5081,23
2026-02-02 08:03:00,3.5041,3.5061,3.5036,3.5036,3.5091,3.5111,3.5086,3.5086,13
2026-02-02 08:04:00,3.5021,3.5031,3.5006,3.5016,3.5071,3.5081,3.5056,3.5066,8
2026-02-02 08:05:00,3.5011,3.5026,3.4966,3.4996,3.5061,3.5076,3.5016,3.5046,25
2026-02-02 08:06:00,3.4981,3.4996,3.4921,3.4996,3.5031,3.5046,3.4971,3.5046,23
2026-02-02 08:07:00,3.5006,3.5111,3.5001,3.5051,3.5056,3.5161,3.5051,3.5101,23
2026-02-02 08:08:00,3.5056,3.5106,3.5056,3.5091,3.5106,3.5156,3.5106,3.5141,12
2026-02-02 08:09:00,3.5096,3.5096,3.5041,3.5061,3.5146,3.5146,3.5091,3.5111,15
2026-02-02 08:10:00,3.5076,3.5076,3.5001,3.5006,3.5126,3.5126,3.5051,3.5056,20
2026-02-02 08:11:00,3.5011,3.5021,3.5011,3.5016,3.5061,3.5071,3.5061,3.5066,5
2026-02-02 08:12:00,3.5021,3.5036,3.5011,3.5011,3.5071,3.5086,3.5061,3.5061,16
2026-02-02 08:13:00,3.5016,3.5016,3.4991,3.4996,3.5066,3.5066,3.5041,3.5046,11
2026-02-02 08:14:00,3.4991,3.4991,3.4976,3.4976,3.5041,3.5041,3.5026,3.5026,6
2026-02-02 08:15:00,3.4981,3.5001,3.4976,3.5001,3.5031,3.5051,3.5026,3.5051,11
2026-02-02 08:16:00,3.4981,3.4981,3.4981,3.4981,3.5031,3.5031,3.5031,3.5031,1
2026-02-02 08:17:00,3.4976,3.4976,3.4926,3.4926,3.5026,3.5026,3.4976,3.4976,10
2026-02-02 08:18:00,3.4931,3.4946,3.4931,3.4936,3.4981,3.4996,3.4981,3.4986,4
2026-02-02 08:19:00,3.4941,3.4941,3.4826,3.4841,3.4991,3.4991,3.4876,3.4891,13
2026-02-02 08:20:00,3.4846,3.4856,3.4806,3.4826,3.4896,3.4906,3.4856,3.4876,15
2026-02-02 08:21:00,3.4821,3.4866,3.4796,3.4816,3.4871,3.4916,3.4846,3.4866,20
2026-02-02 08:22:00,3.4811,3.4826,3.4811,3.4821,3.4861,3.4876,3.4861,3.4871,8
2026-02-02 08:23:00,3.4816,3.4826,3.4736,3.4746,3.4866,3.4876,3.4786,3.4796,24
2026-02-02 08:24:00,3.4756,3.4791,3.4756,3.4766,3.4806,3.4841,3.4806,3.4816,17
2026-02-02 08:25:00,3.4771,3.4776,3.4761,3.4771,3.4821,3.4826,3.4811,3.4821,10
2026-02-02 08:26:00,3.4776,3.4816,3.4776,3.4811,3.4826,3.4866,3.4826,3.4861,17
2026-02-02 08:27:00,3.4806,3.4811,3.4766,3.4811,3.4856,3.4861,3.4816,3.4861,12
2026-02-02 08:28:00,3.4806,3.4821,3.4806,3.4821,3.4856,3.4871,3.4856,3.4871,5
2026-02-02 08:29:00,3.4826,3.4836,3.4821,3.4836,3.4876,3.4886,3.4871,3.4886,5
2026-02-02 08:30:00,3.4826,3.4831,3.4806,3.4811,3.4876,3.4881,3.4856,3.4861,7
2026-02-02 08:31:00,3.4826,3.4826,3.4806,3.4806,3.4876,3.4876,3.4856,3.4856,12
2026-02-02 08:32:00,3.4811,3.4881,3.4806,3.4881,3.4861,3.4931,3.4856,3.4931,15
2026-02-02 08:33:00,3.4876,3.4901,3.4861,3.4881,3.4926,3.4951,3.4911,3.4931,23
2026-02-02 08:34:00,3.4871,3.4871,3.4816,3.4826,3.4921,3.4921,3.4866,3.4876,13
2026-02-02 08:35:00,3.4821,3.4836,3.4816,3.4826,3.4871,3.4886,3.4866,3.4876,13
2026-02-02 08:36:00,3.4821,3.4821,3.4806,3.4806,3.4871,3.4871,3.4856,3.4856,3
2026-02-02 08:37:00,3.4796,3.4826,3.4796,3.4821,3.4846,3.4876,3.4846,3.4871,10
2026-02-02 08:38:00,3.4826,3.4836,3.4816,3.4821,3.4876,3.4886,3.4866,3.4871,9
2026-02-02 08:39:00,3.4816,3.4821,3.4816,3.4816,3.4866,3.4871,3.4866,3.4866,3
2026-02-02 08:40:00,3.4811,3.4816,3.4806,3.4811,3.4861,3.4866,3.4856,3.4861,6
2026-02-02 08:41:00,3.4806,3.4826,3.4796,3.4826,3.4856,3.4876,3.4846,3.4876,15
2026-02-02 08:42:00,3.4831,3.4896,3.4831,3.4876,3.4881,3.4946,3.4881,3.4926,24
2026-02-02 08:43:00,3.4871,3.4896,3.4861,3.4861,3.4921,3.4946,3.4911,3.4911,17
2026-02-02 08:44:00,3.4856,3.4856,3.4836,3.4841,3.4906,3.4906,3.4886,3.4891,6
2026-02-02 08:45:00,3.4836,3.4866,3.4836,3.4841,3.4886,3.4916,3.4886,3.4891,8
2026-02-02 08:46:00,3.4836,3.4856,3.4831,3.4851,3.4886,3.4906,3.4881,3.4901,10
2026-02-02 08:47:00,3.4856,3.4876,3.4836,3.4841,3.4906,3.4926,3.4886,3.4891,13
2026-02-02 08:48:00,3.4846,3.4856,3.4841,3.4856,3.4896,3.4906,3.4891,3.4906,8
2026-02-02 08:49:00,3.4866,3.4896,3.4866,3.4876,3.4916,3.4946,3.4916,3.4926,13
2026-02-02 08:50:00,3.4871,3.4881,3.4851,3.4871,3.4921,3.4931,3.4901,3.4921,14
2026-02-02 08:51:00,3.4866,3.4886,3.4846,3.4866,3.4916,3.4936,3.4896,3.4916,20
2026-02-02 08:52:00,3.4876,3.4896,3.4861,3.4866,3.4926,3.4946,3.4911,3.4916,12
2026-02-02 08:53:00,3.4861,3.4861,3.4796,3.4831,3.4911,3.4911,3.4846,3.4881,25
2026-02-02 08:54:00,3.4826,3.4826,3.4811,3.4816,3.4876,3.4876,3.4861,3.4866,8
2026-02-02 08:55:00,3.4811,3.4816,3.4796,3.4801,3.4861,3.4866,3.4846,3.4851,9
2026-02-02 08:56:00,3.4806,3.4806,3.4766,3.4781,3.4856,3.4856,3.4816,3.4831,12
2026-02-02 08:57:00,3.4776,3.4816,3.4776,3.4811,3.4826,3.4866,3.4826,3.4861,8
2026-02-02 08:58:00,3.4816,3.4821,3.4806,3.4821,3.4866,3.4871,3.4856,3.4871,10
2026-02-02 08:59:00,3.4816,3.4826,3.4816,3.4826,3.4866,3.4876,3.4866,3.4876,5
2026-02-02 09:00:00,3.4831,3.4866,3.4776,3.4786,3.4881,3.4916,3.4826,3.4836,21
2026-02-02 09:01:00,3.4791,3.4851,3.4791,3.4851,3.4841,3.4901,3.4841,3.4901,19
2026-02-02 09:02:00,3.4856,3.4876,3.4856,3.4861,3.4906,3.4926,3.4906,3.4911,7
2026-02-02 09:03:00,3.4866,3.4896,3.4856,3.4876,3.4916,3.4946,3.4906,3.4926,19
2026-02-02 09:04:00,3.4881,3.4946,3.4881,3.4916,3.4931,3.4996,3.4931,3.4966,24
2026-02-02 09:05:00,3.4926,3.4971,3.4906,3.4956,3.4976,3.5021,3.4956,3.5006,36
2026-02-02 09:06:00,3.4951,3.4951,3.4886,3.4896,3.5001,3.5001,3.4936,3.4946,17
2026-02-02 09:07:00,3.4901,3.4901,3.4796,3.4821,3.4951,3.4951,3.4846,3.4871,31
2026-02-02 09:08:00,3.4816,3.4836,3.4816,3.4836,3.4866,3.4886,3.4866,3.4886,8
2026-02-02 09:09:00,3.4841,3.4871,3.4836,3.4871,3.4891,3.4921,3.4886,3.4921,17
2026-02-02 09:10:00,3.4866,3.4906,3.4866,3.4896,3.4916,3.4956,3.4916,3.4946,18
2026-02-02 09:11:00,3.4886,3.4886,3.4836,3.4846,3.4936,3.4936,3.4886,3.4896,20
2026-02-02 09:12:00,3.4856,3.4866,3.4776,3.4791,3.4906,3.4916,3.4826,3.4841,32
2026-02-02 09:13:00,3.4786,3.4796,3.4786,3.4796,3.4836,3.4846,3.4836,3.4846,9
2026-02-02 09:14:00,3.4791,3.4816,3.4776,3.4786,3.4841,3.4866,3.4826,3.4836,13
2026-02-02 09:15:00,3.4791,3.4791,3.4766,3.4786,3.4841,3.4841,3.4816,3.4836,7
2026-02-02 09:16:00,3.4781,3.4781,3.4766,3.4766,3.4831,3.4831,3.4816,3.4816,5
2026-02-02 09:17:00,3.4776,3.4821,3.4776,3.4801,3.4826,3.4871,3.4826,3.4851,19
2026-02-02 09:18:00,3.4806,3.4826,3.4796,3.4826,3.4856,3.4876,3.4846,3.4876,13
2026-02-02 09:19:00,3.4831,3.4856,3.4831,3.4846,3.4881,3.4906,3.4881,3.4896,8
2026-02-02 09:20:00,3.4841,3.4846,3.4806,3.4831,3.4891,3.4896,3.4856,3.4881,20
2026-02-02 09:21:00,3.4836,3.4836,3.4821,3.4826,3.4886,3.4886,3.4871,3.4876,18
2026-02-02 09:22:00,3.4831,3.4831,3.4766,3.4781,3.4881,3.4881,3.4816,3.4831,45
2026-02-02 09:23:00,3.4776,3.4786,3.4776,3.4776,3.4826,3.4836,3.4826,3.4826,4
2026-02-02 09:24:00,3.4781,3.4786,3.4776,3.4776,3.4831,3.4836,3.4826,3.4826,7
2026-02-02 09:25:00,3.4796,3.4816,3.4791,3.4791,3.4846,3.4866,3.4841,3.4841,10
2026-02-02 09:26:00,3.4786,3.4791,3.4776,3.4791,3.4836,3.4841,3.4826,3.4841,5
2026-02-02 09:27:00,3.4796,3.4821,3.4796,3.4821,3.4846,3.4871,3.4846,3.4871,6
2026-02-02 09:28:00,3.4816,3.4866,3.4816,3.4866,3.4866,3.4916,3.4866,3.4916,12
2026-02-02 09:29:00,3.4861,3.4886,3.4856,3.4886,3.4911,3.4936,3.4906,3.4936,10
2026-02-02 09:30:00,3.4881,3.4881,3.4836,3.4841,3.4931,3.4931,3.4886,3.4891,9
2026-02-02 09:31:00,3.4846,3.4851,3.4846,3.4846,3.4896,3.4901,3.4896,3.4896,5
2026-02-02 09:32:00,3.4851,3.4851,3.4836,3.4841,3.4901,3.4901,3.4886,3.4891,9
2026-02-02 09:33:00,3.4846,3.4856,3.4846,3.4851,3.4896,3.4906,3.4896,3.4901,9
2026-02-02 09:34:00,3.4846,3.4866,3.4846,3.4866,3.4896,3.4916,3.4896,3.4916,4
2026-02-02 09:36:00,3.4856,3.4856,3.4841,3.4856,3.4906,3.4906,3.4891,3.4906,5
2026-02-02 09:37:00,3.4846,3.4886,3.4836,3.4871,3.4896,3.4936,3.4886,3.4921,22
2026-02-02 09:38:00,3.4866,3.4866,3.4846,3.4851,3.4916,3.4916,3.4896,3.4901,4
2026-02-02 09:39:00,3.4856,3.4856,3.4826,3.4846,3.4906,3.4906,3.4876,3.4896,13
2026-02-02 09:40:00,3.4851,3.4856,3.4846,3.4856,3.4901,3.4906,3.4896,3.4906,4
2026-02-02 09:41:00,3.4861,3.4876,3.4856,3.4856,3.4911,3.4926,3.4906,3.4906,10
2026-02-02 09:42:00,3.4851,3.4856,3.4846,3.4846,3.4901,3.4906,3.4896,3.4896,4
2026-02-02 09:43:00,3.4851,3.4851,3.4816,3.4816,3.4901,3.4901,3.4866,3.4866,11
2026-02-02 09:44:00,3.4821,3.4836,3.4816,3.4836,3.4871,3.4886,3.4866,3.4886,9
2026-02-02 09:45:00,3.4831,3.4861,3.4821,3.4856,3.4881,3.4911,3.4871,3.4906,12
2026-02-02 09:46:00,3.4846,3.4846,3.4826,3.4846,3.4896,3.4896,3.4876,3.4896,7
2026-02-02 09:48:00,3.4851,3.4856,3.4821,3.4856,3.4901,3.4906,3.4871,3.4906,11
2026-02-02 09:49:00,3.4866,3.4886,3.4866,3.4876,3.4916,3.4936,3.4916,3.4926,9
2026-02-02 09:50:00,3.4881,3.4886,3.4871,3.4886,3.4931,3.4936,3.4921,3.4936,6
2026-02-02 09:51:00,3.4876,3.4896,3.4856,3.4896,3.4926,3.4946,3.4906,3.4946,9
2026-02-02 09:52:00,3.4901,3.4906,3.4891,3.4891,3.4951,3.4956,3.4941,3.4941,5
2026-02-02 09:53:00,3.4886,3.4906,3.4881,3.4896,3.4936,3.4956,3.4931,3.4946,14
2026-02-02 09:54:00,3.4901,3.4901,3.4901,3.4901,3.4951,3.4951,3.4951,3.4951,1
2026-02-02 09:55:00,3.4906,3.4926,3.4896,3.4901,3.4956,3.4976,3.4946,3.4951,13
2026-02-02 09:56:00,3.4906,3.4906,3.4756,3.4761,3.4956,3.4956,3.4806,3.4811,45
2026-02-02 09:57:00,3.4756,3.4756,3.4726,3.4746,3.4806,3.4806,3.4776,3.4796,18
2026-02-02 09:58:00,3.4741,3.4756,3.4716,3.4726,3.4791,3.4806,3.4766,3.4776,25
2026-02-02 09:59:00,3.4721,3.4746,3.4566,3.4576,3.4771,3.4796,3.4616,3.4626,71
2026-02-02 10:00:00,3.4571,3.4756,3.4571,3.4746,3.4621,3.4806,3.4621,3.4796,99
2026-02-02 10:01:00,3.4741,3.4881,3.4741,3.4871,3.4791,3.4931,3.4791,3.4921,66
2026-02-02 10:02:00,3.4846,3.4986,3.4836,3.4986,3.4896,3.5036,3.4886,3.5036,55
2026-02-02 10:03:00,3.4981,3.5061,3.4971,3.5061,3.5031,3.5111,3.5021,3.5111,31
2026-02-02 10:04:00,3.5051,3.5106,3.5016,3.5106,3.5101,3.5156,3.5066,3.5156,45
2026-02-02 10:05:00,3.5116,3.5156,3.5096,3.5136,3.5166,3.5206,3.5146,3.5186,38
2026-02-02 10:06:00,3.5126,3.5201,3.5111,3.5121,3.5176,3.5251,3.5161,3.5171,35
2026-02-02 10:07:00,3.5116,3.5146,3.5076,3.5111,3.5166,3.5196,3.5126,3.5161,33
2026-02-02 10:08:00,3.5116,3.5256,3.5116,3.5241,3.5166,3.5306,3.5166,3.5291,43
2026-02-02 10:09:00,3.5246,3.5276,3.5211,3.5276,3.5296,3.5326,3.5261,3.5326,37
2026-02-02 10:10:00,3.5281,3.5291,3.5256,3.5291,3.5331,3.5341,3.5306,3.5341,16
2026-02-02 10:11:00,3.5296,3.5306,3.5176,3.5181,3.5346,3.5356,3.5226,3.5231,37
2026-02-02 10:12:00,3.5176,3.5201,3.5121,3.5126,3.5226,3.5251,3.5171,3.5176,23
2026-02-02 10:13:00,3.5121,3.5166,3.5106,3.5151,3.5171,3.5216,3.5156,3.5201,30
2026-02-02 10:14:00,3.5146,3.5146,3.5086,3.5121,3.5196,3.5196,3.5136,3.5171,20
2026-02-02 10:15:00,3.5126,3.5136,3.5066,3.5071,3.5176,3.5186,3.5116,3.5121,29
2026-02-02 10:16:00,3.5066,3.5091,3.5056,3.5066,3.5116,3.5141,3.5106,3.5116,20
2026-02-02 10:17:00,3.5071,3.5091,3.5071,3.5091,3.5121,3.5141,3.5121,3.5141,8
2026-02-02 10:18:00,3.5081,3.5131,3.5061,3.5126,3.5131,3.5181,3.5111,3.5176,21
2026-02-02 10:19:00,3.5121,3.5171,3.5091,3.5091,3.5171,3.5221,3.5141,3.5141,16
2026-02-02 10:20:00,3.5096,3.5106,3.5061,3.5071,3.5146,3.5156,3.5111,3.5121,22
2026-02-02 10:21:00,3.5076,3.5081,3.4996,3.5016,3.5126,3.5131,3.5046,3.5066,27
2026-02-02 10:22:00,3.5026,3.5056,3.5016,3.5036,3.5076,3.5106,3.5066,3.5086,21
2026-02-02 10:23:00,3.5026,3.5036,3.5016,3.5036,3.5076,3.5086,3.5066,3.5086,12
2026-02-02 10:24:00,3.5041,3.5146,3.5041,3.5141,3.5091,3.5196,3.5091,3.5191,19
2026-02-02 10:25:00,3.5146,3.5186,3.5141,3.5166,3.5196,3.5236,3.5191,3.5216,21
2026-02-02 10:26:00,3.5171,3.5186,3.5151,3.5176,3.5221,3.5236,3.5201,3.5226,11
2026-02-02 10:27:00,3.5181,3.5186,3.5166,3.5166,3.5231,3.5236,3.5216,3.5216,13
2026-02-02 10:28:00,3.5171,3.5226,3.5171,3.5216,3.5221,3.5276,3.5221,3.5266,12
2026-02-02 10:29:00,3.5206,3.5206,3.5146,3.5146,3.5256,3.5256,3.5196,3.5196,17
2026-02-02 10:30:00,3.5136,3.5136,3.5046,3.5111,3.5186,3.5186,3.5096,3.5161,43
2026-02-02 10:31:00,3.5116,3.5156,3.5116,3.5126,3.5166,3.5206,3.5166,3.5176,26
2026-02-02 10:32:00,3.5131,3.5176,3.5131,3.5176,3.5181,3.5226,3.5181,3.5226,10
2026-02-02 10:33:00,3.5166,3.5166,3.5156,3.5166,3.5216,3.5216,3.5206,3.5216,7
2026-02-02 10:34:00,3.5161,3.5161,3.5126,3.5146,3.5211,3.5211,3.5176,3.5196,12
2026-02-02 10:35:00,3.5156,3.5216,3.5156,3.5216,3.5206,3.5266,3.5206,3.5266,39
2026-02-02 10:36:00,3.5211,3.5266,3.5206,3.5256,3.5261,3.5316,3.5256,3.5306,14
2026-02-02 10:37:00,3.5276,3.5306,3.5266,3.5276,3.5326,3.5356,3.5316,3.5326,18
2026-02-02 10:38:00,3.5271,3.5276,3.5231,3.5251,3.5321,3.5326,3.5281,3.5301,13
2026-02-02 10:39:00,3.5256,3.5266,3.5251,3.5266,3.5306,3.5316,3.5301,3.5316,7
2026-02-02 10:40:00,3.5276,3.5296,3.5241,3.5276,3.5326,3.5346,3.5291,3.5326,19
2026-02-02 10:41:00,3.5266,3.5286,3.5266,3.5286,3.5316,3.5336,3.5316,3.5336,10
2026-02-02 10:42:00,3.5266,3.5296,3.5236,3.5246,3.5316,3.5346,3.5286,3.5296,31
2026-02-02 10:43:00,3.5256,3.5266,3.5226,3.5256,3.5306,3.5316,3.5276,3.5306,22
2026-02-02 10:44:00,3.5246,3.5246,3.5246,3.5246,3.5296,3.5296,3.5296,3.5296,1
2026-02-02 10:45:00,3.5241,3.5256,3.5236,3.5256,3.5291,3.5306,3.5286,3.5306,9
2026-02-02 10:46:00,3.5246,3.5256,3.5236,3.5256,3.5296,3.5306,3.5286,3.5306,7
2026-02-02 10:47:00,3.5261,3.5306,3.5261,3.5291,3.5311,3.5356,3.5311,3.5341,19
2026-02-02 10:48:00,3.5296,3.5336,3.5286,3.5316,3.5346,3.5386,3.5336,3.5366,7
2026-02-02 10:49:00,3.5306,3.5381,3.5306,3.5376,3.5356,3.5431,3.5356,3.5426,37
2026-02-02 10:50:00,3.5366,3.5476,3.5366,3.5476,3.5416,3.5526,3.5416,3.5526,28
2026-02-02 10:51:00,3.5471,3.5481,3.5456,3.5476,3.5521,3.5531,3.5506,3.5526,23
2026-02-02 10:52:00,3.5471,3.5496,3.5446,3.5466,3.5521,3.5546,3.5496,3.5516,24
2026-02-02 10:53:00,3.5456,3.5466,3.5401,3.5436,3.5506,3.5516,3.5451,3.5486,20
2026-02-02 10:54:00,3.5431,3.5431,3.5341,3.5361,3.5481,3.5481,3.5391,3.5411,21
2026-02-02 10:55:00,3.5371,3.5376,3.5336,3.5341,3.5421,3.5426,3.5386,3.5391,9
2026-02-02 10:56:00,3.5336,3.5351,3.5316,3.5351,3.5386,3.5401,3.5366,3.5401,13
2026-02-02 10:57:00,3.5341,3.5356,3.5296,3.5346,3.5391,3.5406,3.5346,3.5396,15
2026-02-02 10:58:00,3.5341,3.5346,3.5301,3.5336,3.5391,3.5396,3.5351,3.5386,19
2026-02-02 10:59:00,3.5331,3.5356,3.5311,3.5336,3.5381,3.5406,3.5361,3.5386,14
2026-02-02 11:00:00,3.5331,3.5336,3.5306,3.5331,3.5381,3.5386,3.5356,3.5381,18
2026-02-02 11:01:00,3.5326,3.5346,3.5286,3.5316,3.5376,3.5396,3.5336,3.5366,17
2026-02-02 11:02:00,3.5326,3.5326,3.5291,3.5321,3.5376,3.5376,3.5341,3.5371,12
2026-02-02 11:03:00,3.5336,3.5336,3.5281,3.5281,3.5386,3.5386,3.5331,3.5331,11
2026-02-02 11:04:00,3.5296,3.5301,3.5271,3.5276,3.5346,3.5351,3.5321,3.5326,10
2026-02-02 11:05:00,3.5266,3.5276,3.5221,3.5221,3.5316,3.5326,3.5271,3.5271,17
2026-02-02 11:06:00,3.5216,3.5246,3.5211,3.5236,3.5266,3.5296,3.5261,3.5286,15
2026-02-02 11:07:00,3.5231,3.5246,3.5226,3.5246,3.5281,3.5296,3.5276,3.5296,10
2026-02-02 11:08:00,3.5256,3.5266,3.5236,3.5266,3.5306,3.5316,3.5286,3.5316,18
2026-02-02 11:09:00,3.5256,3.5286,3.5246,3.5286,3.5306,3.5336,3.5296,3.5336,12
2026-02-02 11:10:00,3.5281,3.5281,3.5256,3.5266,3.5331,3.5331,3.5306,3.5316,16
2026-02-02 11:11:00,3.5276,3.5306,3.5271,3.5276,3.5326,3.5356,3.5321,3.5326,11
2026-02-02 11:12:00,3.5291,3.5296,3.5266,3.5276,3.5341,3.5346,3.5316,3.5326,7
2026-02-02 11:13:00,3.5266,3.5276,3.5261,3.5266,3.5316,3.5326,3.5311,3.5316,5
2026-02-02 11:14:00,3.5276,3.5296,3.5276,3.5291,3.5326,3.5346,3.5326,3.5341,7
2026-02-02 11:15:00,3.5296,3.5316,3.5276,3.5276,3.5346,3.5366,3.5326,3.5326,23
2026-02-02 11:16:00,3.5281,3.5306,3.5276,3.5306,3.5331,3.5356,3.5326,3.5356,13
2026-02-02 11:17:00,3.5316,3.5376,3.5316,3.5321,3.5366,3.5426,3.5366,3.5371,30
2026-02-02 11:18:00,3.5336,3.5356,3.5316,3.5346,3.5386,3.5406,3.5366,3.5396,21
2026-02-02 11:19:00,3.5351,3.5356,3.5336,3.5346,3.5401,3.5406,3.5386,3.5396,5
2026-02-02 11:20:00,3.5326,3.5346,3.5306,3.5346,3.5376,3.5396,3.5356,3.5396,24
2026-02-02 11:21:00,3.5341,3.5366,3.5321,3.5346,3.5391,3.5416,3.5371,3.5396,17
2026-02-02 11:22:00,3.5336,3.5356,3.5326,3.5346,3.5386,3.5406,3.5376,3.5396,18
2026-02-02 11:23:00,3.5336,3.5346,3.5321,3.5341,3.5386,3.5396,3.5371,3.5391,10
2026-02-02 11:24:00,3.5346,3.5351,3.5336,3.5336,3.5396,3.5401,3.5386,3.5386,9
2026-02-02 11:25:00,3.5346,3.5346,3.5321,3.5336,3.5396,3.5396,3.5371,3.5386,9
2026-02-02 11:26:00,3.5331,3.5331,3.5106,3.5216,3.5381,3.5381,3.5156,3.5266,58
2026-02-02 11:27:00,3.5211,3.5246,3.5211,3.5216,3.5261,3.5296,3.5261,3.5266,15
2026-02-02 11:28:00,3.5211,3.5211,3.5141,3.5201,3.5261,3.5261,3.5191,3.5251,19
2026-02-02 11:29:00,3.5221,3.5296,3.5221,3.5271,3.5271,3.5346,3.5271,3.5321,16
2026-02-02 11:30:00,3.5246,3.5296,3.5206,3.5291,3.5296,3.5346,3.5256,3.5341,18
2026-02-02 11:31:00,3.5301,3.5316,3.5296,3.5306,3.5351,3.5366,3.5346,3.5356,17
2026-02-02 11:32:00,3.5296,3.5296,3.5266,3.5271,3.5346,3.5346,3.5316,3.5321,10
2026-02-02 11:33:00,3.5281,3.5301,3.5266,3.5271,3.5331,3.5351,3.5316,3.5321,12
2026-02-02 11:34:00,3.5281,3.5296,3.5281,3.5291,3.5331,3.5346,3.5331,3.5341,4
2026-02-02 11:35:00,3.5296,3.5296,3.5236,3.5256,3.5346,3.5346,3.5286,3.5306,17
2026-02-02 11:36:00,3.5261,3.5306,3.5236,3.5286,3.5311,3.5356,3.5286,3.5336,19
2026-02-02 11:37:00,3.5271,3.5281,3.5206,3.5221,3.5321,3.5331,3.5256,3.5271,16
2026-02-02 11:38:00,3.5226,3.5226,3.5131,3.5146,3.5276,3.5276,3.5181,3.5196,20
2026-02-02 11:39:00,3.5141,3.5161,3.5091,3.5106,3.5191,3.5211,3.5141,3.5156,20
2026-02-02 11:40:00,3.5101,3.5116,3.5016,3.5081,3.5151,3.5166,3.5066,3.5131,18
2026-02-02 11:41:00,3.5066,3.5066,3.5001,3.5011,3.5116,3.5116,3.5051,3.5061,19
2026-02-02 11:42:00,3.5006,3.5016,3.4961,3.4961,3.5056,3.5066,3.5011,3.5011,13
2026-02-02 11:43:00,3.4956,3.4956,3.4906,3.4911,3.5006,3.5006,3.4956,3.4961,23
2026-02-02 11:44:00,3.4901,3.4951,3.4886,3.4926,3.4951,3.5001,3.4936,3.4976,20
2026-02-02 11:45:00,3.4936,3.4976,3.4936,3.4976,3.4986,3.5026,3.4986,3.5026,9
2026-02-02 11:46:00,3.4981,3.4981,3.4956,3.4961,3.5031,3.5031,3.5006,3.5011,6
2026-02-02 11:47:00,3.4956,3.4966,3.4946,3.4956,3.5006,3.5016,3.4996,3.5006,12
2026-02-02 11:48:00,3.4961,3.4961,3.4856,3.4866,3.5011,3.5011,3.4906,3.4916,28
2026-02-02 11:49:00,3.4861,3.4906,3.4856,3.4906,3.4911,3.4956,3.4906,3.4956,9
2026-02-02 11:50:00,3.4911,3.4936,3.4866,3.4886,3.4961,3.4986,3.4916,3.4936,24
2026-02-02 11:51:00,3.4891,3.4901,3.4876,3.4901,3.4941,3.4951,3.4926,3.4951,6
2026-02-02 11:52:00,3.4896,3.4896,3.4831,3.4841,3.4946,3.4946,3.4881,3.4891,25
2026-02-02 11:53:00,3.4846,3.4856,3.4816,3.4826,3.4896,3.4906,3.4866,3.4876,16
2026-02-02 11:54:00,3.4821,3.4836,3.4791,3.4836,3.4871,3.4886,3.4841,3.4886,17
2026-02-02 11:55:00,3.4831,3.4831,3.4786,3.4796,3.4881,3.4881,3.4836,3.4846,9
2026-02-02 11:56:00,3.4806,3.4836,3.4786,3.4806,3.4856,3.4886,3.4836,3.4856,18
2026-02-02 11:57:00,3.4811,3.4906,3.4811,3.4866,3.4861,3.4956,3.4861,3.4916,25
2026-02-02 11:58:00,3.4871,3.4886,3.4866,3.4886,3.4921,3.4936,3.4916,3.4936,8
2026-02-02 11:59:00,3.4881,3.4916,3.4876,3.4886,3.4931,3.4966,3.4926,3.4936,12
2026-02-02 12:00:00,3.4896,3.4906,3.4866,3.4881,3.4946,3.4956,3.4916,3.4931,11
2026-02-02 12:01:00,3.4876,3.4876,3.4736,3.4761,3.4926,3.4926,3.4786,3.4811,39
2026-02-02 12:02:00,3.4766,3.4806,3.4686,3.4696,3.4816,3.4856,3.4736,3.4746,27
2026-02-02 12:03:00,3.4676,3.4716,3.4616,3.4616,3.4726,3.4766,3.4666,3.4666,42
2026-02-02 12:04:00,3.4601,3.4611,3.4576,3.4596,3.4651,3.4661,3.4626,3.4646,22
2026-02-02 12:05:00,3.4601,3.4626,3.4596,3.4616,3.4651,3.4676,3.4646,3.4666,25
2026-02-02 12:06:00,3.4621,3.4691,3.4611,3.4666,3.4671,3.4741,3.4661,3.4716,47
2026-02-02 12:07:00,3.4671,3.4736,3.4671,3.4711,3.4721,3.4786,3.4721,3.4761,16
2026-02-02 12:08:00,3.4706,3.4706,3.4691,3.4696,3.4756,3.4756,3.4741,3.4746,10
2026-02-02 12:09:00,3.4686,3.4726,3.4676,3.4711,3.4736,3.4776,3.4726,3.4761,23
2026-02-02 12:10:00,3.4706,3.4811,3.4706,3.4761,3.4756,3.4861,3.4756,3.4811,33
2026-02-02 12:11:00,3.4771,3.4801,3.4771,3.4801,3.4821,3.4851,3.4821,3.4851,9
2026-02-02 12:12:00,3.4796,3.4886,3.4791,3.4866,3.4846,3.4936,3.4841,3.4916,33
2026-02-02 12:13:00,3.4861,3.4926,3.4841,3.4921,3.4911,3.4976,3.4891,3.4971,35
2026-02-02 12:14:00,3.4926,3.4966,3.4926,3.4931,3.4976,3.5016,3.4976,3.4981,25
2026-02-02 12:15:00,3.4946,3.5036,3.4936,3.5006,3.4996,3.5086,3.4986,3.5056,33
2026-02-02 12:16:00,3.5001,3.5026,3.5001,3.5011,3.5051,3.5076,3.5051,3.5061,13
2026-02-02 12:17:00,3.5016,3.5016,3.4981,3.5016,3.5066,3.5066,3.5031,3.5066,16
2026-02-02 12:18:00,3.5011,3.5031,3.4996,3.5011,3.5061,3.5081,3.5046,3.5061,15
2026-02-02 12:19:00,3.5006,3.5006,3.4976,3.4976,3.5056,3.5056,3.5026,3.5026,11
2026-02-02 12:20:00,3.4971,3.5016,3.4966,3.5016,3.5021,3.5066,3.5016,3.5066,20
2026-02-02 12:21:00,3.5006,3.5031,3.5006,3.5026,3.5056,3.5081,3.5056,3.5076,5
2026-02-02 12:22:00,3.5021,3.5026,3.4996,3.4996,3.5071,3.5076,3.5046,3.5046,13
2026-02-02 12:23:00,3.5001,3.5026,3.4996,3.5016,3.5051,3.5076,3.5046,3.5066,17
2026-02-02 12:24:00,3.5011,3.5011,3.4976,3.4986,3.5061,3.5061,3.5026,3.5036,13
2026-02-02 12:25:00,3.4996,3.5006,3.4986,3.4986,3.5046,3.5056,3.5036,3.5036,11
2026-02-02 12:26:00,3.4996,3.5026,3.4981,3.4996,3.5046,3.5076,3.5031,3.5046,18
2026-02-02 12:27:00,3.5006,3.5026,3.5006,3.5021,3.5056,3.5076,3.5056,3.5071,15
2026-02-02 12:28:00,3.5026,3.5026,3.4991,3.4991,3.5076,3.5076,3.5041,3.5041,13
2026-02-02 12:29:00,3.5006,3.5026,3.5006,3.5021,3.5056,3.5076,3.5056,3.5071,4
2026-02-02 12:30:00,3.5016,3.5066,3.5016,3.5036,3.5066,3.5116,3.5066,3.5086,18
2026-02-02 12:31:00,3.5031,3.5076,3.4986,3.4986,3.5081,3.5126,3.5036,3.5036,30
2026-02-02 12:32:00,3.4981,3.4981,3.4921,3.4941,3.5031,3.5031,3.4971,3.4991,31
2026-02-02 12:33:00,3.4946,3.5051,3.4926,3.5036,3.4996,3.5101,3.4976,3.5086,40
2026-02-02 12:34:00,3.5046,3.5046,3.4976,3.4976,3.5096,3.5096,3.5026,3.5026,15
2026-02-02 12:35:00,3.4971,3.4971,3.4961,3.4971,3.5021,3.5021,3.5011,3.5021,5
2026-02-02 12:36:00,3.4976,3.4996,3.4896,3.4906,3.5026,3.5046,3.4946,3.4956,27
2026-02-02 12:37:00,3.4901,3.4936,3.4891,3.4906,3.4951,3.4986,3.4941,3.4956,12
2026-02-02 12:38:00,3.4911,3.4976,3.4891,3.4941,3.4961,3.5026,3.4941,3.4991,37
2026-02-02 12:39:00,3.4936,3.5026,3.4921,3.5001,3.4986,3.5076,3.4971,3.5051,27
2026-02-02 12:40:00,3.5006,3.5026,3.4986,3.4986,3.5056,3.5076,3.5036,3.5036,18
2026-02-02 12:41:00,3.4976,3.4986,3.4966,3.4986,3.5026,3.5036,3.5016,3.5036,14
2026-02-02 12:42:00,3.4981,3.4991,3.4956,3.4956,3.5031,3.5041,3.5006,3.5006,12
2026-02-02 12:43:00,3.4966,3.4976,3.4956,3.4976,3.5016,3.5026,3.5006,3.5026,8
2026-02-02 12:44:00,3.4981,3.4996,3.4856,3.4881,3.5031,3.5046,3.4906,3.4931,40
2026-02-02 12:45:00,3.4876,3.4966,3.4861,3.4951,3.4926,3.5016,3.4911,3.5001,28
2026-02-02 12:46:00,3.4946,3.5006,3.4916,3.4951,3.4996,3.5056,3.4966,3.5001,28
2026-02-02 12:47:00,3.4941,3.4961,3.4831,3.4866,3.4991,3.5011,3.4881,3.4916,35
2026-02-02 12:48:00,3.4871,3.4936,3.4826,3.4921,3.4921,3.4986,3.4876,3.4971,34
2026-02-02 12:49:00,3.4911,3.4941,3.4881,3.4921,3.4961,3.4991,3.4931,3.4971,18
2026-02-02 12:50:00,3.4926,3.4966,3.4896,3.4946,3.4976,3.5016,3.4946,3.4996,19
2026-02-02 12:51:00,3.4951,3.4956,3.4881,3.4896,3.5001,3.5006,3.4931,3.4946,22
2026-02-02 12:52:00,3.4911,3.4956,3.4896,3.4936,3.4961,3.5006,3.4946,3.4986,17
2026-02-02 12:53:00,3.4941,3.4956,3.4926,3.4941,3.4991,3.5006,3.4976,3.4991,12
2026-02-02 12:54:00,3.4946,3.4946,3.4881,3.4896,3.4996,3.4996,3.4931,3.4946,22
2026-02-02 12:55:00,3.4886,3.4886,3.4791,3.4791,3.4936,3.4936,3.4841,3.4841,22
2026-02-02 12:56:00,3.4786,3.4826,3.4696,3.4726,3.4836,3.4876,3.4746,3.4776,33
2026-02-02 12:57:00,3.4721,3.4826,3.4676,3.4786,3.4771,3.4876,3.4726,3.4836,70
2026-02-02 12:58:00,3.4781,3.4831,3.4716,3.4741,3.4831,3.4881,3.4766,3.4791,79
2026-02-02 12:59:00,3.4751,3.4796,3.4736,3.4746,3.4801,3.4846,3.4786,3.4796,30
2026-02-02 13:00:00,3.4756,3.5086,3.4756,3.5071,3.4806,3.5136,3.4806,3.5121,128
2026-02-02 13:01:00,3.5076,3.5186,3.5076,3.5186,3.5126,3.5236,3.5126,3.5236,96
2026-02-02 13:02:00,3.5196,3.5236,3.5166,3.5221,3.5246,3.5286,3.5216,3.5271,96
2026-02-02 13:03:00,3.5211,3.5236,3.5141,3.5141,3.5261,3.5286,3.5191,3.5191,81
2026-02-02 13:04:00,3.5131,3.5231,3.5116,3.5196,3.5181,3.5281,3.5166,3.5246,70
2026-02-02 13:05:00,3.5191,3.5236,3.5161,3.5186,3.5241,3.5286,3.5211,3.5236,53
2026-02-02 13:06:00,3.5191,3.5256,3.5191,3.5236,3.5241,3.5306,3.5241,3.5286,39
2026-02-02 13:07:00,3.5226,3.5246,3.5171,3.5171,3.5276,3.5296,3.5221,3.5221,32
2026-02-02 13:08:00,3.5176,3.5176,3.5031,3.5086,3.5226,3.5226,3.5081,3.5136,39
2026-02-02 13:09:00,3.5076,3.5196,3.5046,3.5186,3.5126,3.5246,3.5096,3.5236,33
2026-02-02 13:10:00,3.5191,3.5201,3.5161,3.5171,3.5241,3.5251,3.5211,3.5221,23
2026-02-02 13:11:00,3.5166,3.5186,3.5136,3.5166,3.5216,3.5236,3.5186,3.5216,28
2026-02-02 13:12:00,3.5171,3.5186,3.5156,3.5156,3.5221,3.5236,3.5206,3.5206,18
2026-02-02 13:13:00,3.5151,3.5166,3.5076,3.5086,3.5201,3.5216,3.5126,3.5136,28
2026-02-02 13:14:00,3.5081,3.5116,3.5026,3.5096,3.5131,3.5166,3.5076,3.5146,31
2026-02-02 13:15:00,3.5091,3.5146,3.5041,3.5136,3.5141,3.5196,3.5091,3.5186,23
2026-02-02 13:16:00,3.5146,3.5186,3.5146,3.5171,3.5196,3.5236,3.5196,3.5221,31
2026-02-02 13:17:00,3.5166,3.5196,3.5141,3.5176,3.5216,3.5246,3.5191,3.5226,28
2026-02-02 13:18:00,3.5156,3.5156,3.4996,3.5046,3.5206,3.5206,3.5046,3.5096,53
2026-02-02 13:19:00,3.5051,3.5096,3.5026,3.5046,3.5101,3.5146,3.5076,3.5096,34
2026-02-02 13:20:00,3.5051,3.5066,3.4796,3.4826,3.5101,3.5116,3.4846,3.4876,66
2026-02-02 13:21:00,3.4806,3.4896,3.4801,3.4886,3.4856,3.4946,3.4851,3.4936,40
2026-02-02 13:22:00,3.4896,3.4931,3.4826,3.4891,3.4946,3.4981,3.4876,3.4941,38
2026-02-02 13:23:00,3.4896,3.4966,3.4806,3.4851,3.4946,3.5016,3.4856,3.4901,62
2026-02-02 13:24:00,3.4861,3.4881,3.4816,3.4851,3.4911,3.4931,3.4866,3.4901,39
2026-02-02 13:25:00,3.4846,3.4856,3.4751,3.4796,3.4896,3.4906,3.4801,3.4846,62
2026-02-02 13:26:00,3.4781,3.4861,3.4776,3.4846,3.4831,3.4911,3.4826,3.4896,32
2026-02-02 13:27:00,3.4851,3.4856,3.4741,3.4811,3.4901,3.4906,3.4791,3.4861,59
2026-02-02 13:28:00,3.4846,3.4926,3.4836,3.4896,3.4896,3.4976,3.4886,3.4946,24
2026-02-02 13:29:00,3.4891,3.4926,3.4836,3.4901,3.4941,3.4976,3.4886,3.4951,44
2026-02-02 13:30:00,3.4891,3.4946,3.4806,3.4906,3.4941,3.4996,3.4856,3.4956,46
2026-02-02 13:31:00,3.4911,3.4946,3.4886,3.4901,3.4961,3.4996,3.4936,3.4951,29
2026-02-02 13:32:00,3.4896,3.4906,3.4836,3.4856,3.4946,3.4956,3.4886,3.4906,41
2026-02-02 13:33:00,3.4846,3.4866,3.4796,3.4801,3.4896,3.4916,3.4846,3.4851,40
2026-02-02 13:34:00,3.4791,3.4856,3.4791,3.4856,3.4841,3.4906,3.4841,3.4906,32
2026-02-02 13:35:00,3.4846,3.4866,3.4806,3.4831,3.4896,3.4916,3.4856,3.4881,26
2026-02-02 13:36:00,3.4826,3.4866,3.4826,3.4836,3.4876,3.4916,3.4876,3.4886,17
2026-02-02 13:37:00,3.4831,3.4856,3.4816,3.4826,3.4881,3.4906,3.4866,3.4876,19
2026-02-02 13:38:00,3.4816,3.4866,3.4696,3.4716,3.4866,3.4916,3.4746,3.4766,60
2026-02-02 13:39:00,3.4711,3.4776,3.4646,3.4686,3.4761,3.4826,3.4696,3.4736,61
2026-02-02 13:40:00,3.4696,3.4786,3.4666,3.4776,3.4746,3.4836,3.4716,3.4826,31
2026-02-02 13:41:00,3.4781,3.4791,3.4736,3.4746,3.4831,3.4841,3.4786,3.4796,31
2026-02-02 13:42:00,3.4741,3.4796,3.4691,3.4691,3.4791,3.4846,3.4741,3.4741,43
2026-02-02 13:43:00,3.4696,3.4741,3.4666,3.4691,3.4746,3.4791,3.4716,3.4741,60
2026-02-02 13:44:00,3.4686,3.4716,3.4566,3.4571,3.4736,3.4766,3.4616,3.4621,61
2026-02-02 13:45:00,3.4576,3.4691,3.4541,3.4681,3.4626,3.4741,3.4591,3.4731,69
2026-02-02 13:46:00,3.4686,3.4746,3.4686,3.4716,3.4736,3.4796,3.4736,3.4766,35
2026-02-02 13:47:00,3.4711,3.4726,3.4676,3.4676,3.4761,3.4776,3.4726,3.4726,22
2026-02-02 13:48:00,3.4681,3.4726,3.4621,3.4696,3.4731,3.4776,3.4671,3.4746,51
2026-02-02 13:49:00,3.4701,3.4716,3.4656,3.4681,3.4751,3.4766,3.4706,3.4731,40
2026-02-02 13:50:00,3.4676,3.4691,3.4646,3.4676,3.4726,3.4741,3.4696,3.4726,40
2026-02-02 13:51:00,3.4681,3.4726,3.4661,3.4706,3.4731,3.4776,3.4711,3.4756,37
2026-02-02 13:52:00,3.4711,3.4846,3.4701,3.4846,3.4761,3.4896,3.4751,3.4896,45
2026-02-02 13:53:00,3.4836,3.4846,3.4756,3.4766,3.4886,3.4896,3.4806,3.4816,46
2026-02-02 13:54:00,3.4756,3.4756,3.4706,3.4716,3.4806,3.4806,3.4756,3.4766,34
2026-02-02 13:55:00,3.4711,3.4736,3.4646,3.4656,3.4761,3.4786,3.4696,3.4706,40
2026-02-02 13:56:00,3.4661,3.4736,3.4661,3.4711,3.4711,3.4786,3.4711,3.4761,43
2026-02-02 13:57:00,3.4706,3.4766,3.4706,3.4756,3.4756,3.4816,3.4756,3.4806,29
2026-02-02 13:58:00,3.4766,3.4801,3.4716,3.4761,3.4816,3.4851,3.4766,3.4811,34
2026-02-02 13:59:00,3.4766,3.4766,3.4736,3.4746,3.4816,3.4816,3.4786,3.4796,23
2026-02-02 14:00:00,3.4756,3.4836,3.4706,3.4736,3.4806,3.4886,3.4756,3.4786,73
2026-02-02 14:01:00,3.4741,3.4816,3.4741,3.4751,3.4791,3.4866,3.4791,3.4801,62
2026-02-02 14:02:00,3.4746,3.4851,3.4726,3.4841,3.4796,3.4901,3.4776,3.4891,68
2026-02-02 14:03:00,3.4836,3.4836,3.4776,3.4826,3.4886,3.4886,3.4826,3.4876,37
2026-02-02 14:04:00,3.4831,3.4941,3.4831,3.4926,3.4881,3.4991,3.4881,3.4976,81
2026-02-02 14:05:00,3.4921,3.5066,3.4906,3.5041,3.4971,3.5116,3.4956,3.5091,68
2026-02-02 14:06:00,3.5036,3.5046,3.4886,3.4896,3.5086,3.5096,3.4936,3.4946,55
2026-02-02 14:07:00,3.4891,3.4891,3.4776,3.4786,3.4941,3.4941,3.4826,3.4836,47
2026-02-02 14:08:00,3.4781,3.4796,3.4716,3.4746,3.4831,3.4846,3.4766,3.4796,68
2026-02-02 14:09:00,3.4751,3.4796,3.4726,3.4746,3.4801,3.4846,3.4776,3.4796,47
2026-02-02 14:10:00,3.4741,3.4766,3.4676,3.4736,3.4791,3.4816,3.4726,3.4786,114
2026-02-02 14:11:00,3.4741,3.4786,3.4741,3.4751,3.4791,3.4836,3.4791,3.4801,45
2026-02-02 14:12:00,3.4756,3.4796,3.4726,3.4746,3.4806,3.4846,3.4776,3.4796,59
2026-02-02 14:13:00,3.4756,3.4786,3.4716,3.4726,3.4806,3.4836,3.4766,3.4776,86
2026-02-02 14:14:00,3.4731,3.4766,3.4576,3.4606,3.4781,3.4816,3.4626,3.4656,149
2026-02-02 14:15:00,3.4591,3.4596,3.4146,3.4176,3.4641,3.4646,3.4196,3.4226,248
2026-02-02 14:16:00,3.4166,3.4336,3.4146,3.4316,3.4216,3.4386,3.4196,3.4366,125
2026-02-02 14:17:00,3.4331,3.4461,3.4321,3.4381,3.4381,3.4511,3.4371,3.4431,94
2026-02-02 14:18:00,3.4386,3.4476,3.4316,3.4466,3.4436,3.4526,3.4366,3.4516,79
2026-02-02 14:19:00,3.4471,3.4511,3.4406,3.4446,3.4521,3.4561,3.4456,3.4496,130
2026-02-02 14:20:00,3.4441,3.4566,3.4426,3.4536,3.4491,3.4616,3.4476,3.4586,96
2026-02-02 14:21:00,3.4541,3.4546,3.4401,3.4471,3.4591,3.4596,3.4451,3.4521,65
2026-02-02 14:22:00,3.4461,3.4506,3.4411,3.4411,3.4511,3.4556,3.4461,3.4461,67
2026-02-02 14:23:00,3.4416,3.4496,3.4406,3.4426,3.4466,3.4546,3.4456,3.4476,73
2026-02-02 14:24:00,3.4436,3.4486,3.4436,3.4446,3.4486,3.4536,3.4486,3.4496,51
2026-02-02 14:25:00,3.4436,3.4526,3.4406,3.4456,3.4486,3.4576,3.4456,3.4506,81
2026-02-02 14:26:00,3.4451,3.4456,3.4311,3.4406,3.4501,3.4506,3.4361,3.4456,90
2026-02-02 14:27:00,3.4411,3.4476,3.4376,3.4406,3.4461,3.4526,3.4426,3.4456,76
2026-02-02 14:28:00,3.4411,3.4456,3.4366,3.4371,3.4461,3.4506,3.4416,3.4421,79
2026-02-02 14:29:00,3.4366,3.4526,3.4356,3.4516,3.4416,3.4576,3.4406,3.4566,73
2026-02-02 14:30:00,3.4506,3.4516,3.4441,3.4446,3.4556,3.4566,3.4491,3.4496,55
2026-02-02 14:31:00,3.4436,3.4576,3.4426,3.4576,3.4486,3.4626,3.4476,3.4626,77
2026-02-02 14:32:00,3.4581,3.4616,3.4476,3.4481,3.4631,3.4666,3.4526,3.4531,106
2026-02-02 14:33:00,3.4476,3.4496,3.4386,3.4441,3.4526,3.4546,3.4436,3.4491,53
2026-02-02 14:34:00,3.4446,3.4466,3.4266,3.4396,3.4496,3.4516,3.4316,3.4446,85
2026-02-02 14:35:00,3.4406,3.4406,3.4316,3.4346,3.4456,3.4456,3.4366,3.4396,87
2026-02-02 14:36:00,3.4366,3.4431,3.4286,3.4391,3.4416,3.4481,3.4336,3.4441,125
2026-02-02 14:37:00,3.4386,3.4436,3.4326,3.4406,3.4436,3.4486,3.4376,3.4456,81
2026-02-02 14:38:00,3.4396,3.4406,3.4326,3.4366,3.4446,3.4456,3.4376,3.4416,91
2026-02-02 14:39:00,3.4371,3.4416,3.4341,3.4341,3.4421,3.4466,3.4391,3.4391,50
2026-02-02 14:40:00,3.4336,3.4371,3.4286,3.4311,3.4386,3.4421,3.4336,3.4361,67
2026-02-02 14:41:00,3.4306,3.4366,3.4306,3.4336,3.4356,3.4416,3.4356,3.4386,40
2026-02-02 14:42:00,3.4341,3.4356,3.4276,3.4311,3.4391,3.4406,3.4326,3.4361,72
2026-02-02 14:43:00,3.4321,3.4351,3.4306,3.4316,3.4371,3.4401,3.4356,3.4366,49
2026-02-02 14:44:00,3.4306,3.4366,3.4306,3.4311,3.4356,3.4416,3.4356,3.4361,63
2026-02-02 14:45:00,3.4306,3.4341,3.4276,3.4276,3.4356,3.4391,3.4326,3.4326,73
2026-02-02 14:46:00,3.4286,3.4346,3.4281,3.4296,3.4336,3.4396,3.4331,3.4346,65
2026-02-02 14:47:00,3.4301,3.4336,3.4301,3.4306,3.4351,3.4386,3.4351,3.4356,29
2026-02-02 14:48:00,3.4296,3.4306,3.4276,3.4296,3.4346,3.4356,3.4326,3.4346,26
2026-02-02 14:49:00,3.4281,3.4296,3.4136,3.4206,3.4331,3.4346,3.4186,3.4256,59
2026-02-02 14:50:00,3.4201,3.4206,3.4066,3.4106,3.4251,3.4256,3.4116,3.4156,89
2026-02-02 14:51:00,3.4116,3.4196,3.4101,3.4161,3.4166,3.4246,3.4151,3.4211,83
2026-02-02 14:52:00,3.4151,3.4156,3.4066,3.4076,3.4201,3.4206,3.4116,3.4126,74
2026-02-02 14:53:00,3.4086,3.4191,3.4086,3.4156,3.4136,3.4241,3.4136,3.4206,72
2026-02-02 14:54:00,3.4161,3.4166,3.4126,3.4146,3.4211,3.4216,3.4176,3.4196,41
2026-02-02 14:55:00,3.4136,3.4136,3.4086,3.4101,3.4186,3.4186,3.4136,3.4151,49
2026-02-02 14:56:00,3.4106,3.4106,3.4006,3.4076,3.4156,3.4156,3.4056,3.4126,72
2026-02-02 14:57:00,3.4071,3.4161,3.4066,3.4146,3.4121,3.4211,3.4116,3.4196,61
2026-02-02 14:58:00,3.4141,3.4176,3.4096,3.4106,3.4191,3.4226,3.4146,3.4156,61
2026-02-02 14:59:00,3.4101,3.4101,3.4066,3.4066,3.4151,3.4151,3.4116,3.4116,34
2026-02-02 15:00:00,3.4071,3.4216,3.4056,3.4186,3.4121,3.4266,3.4106,3.4236,216
2026-02-02 15:01:00,3.4176,3.4176,3.4076,3.4076,3.4226,3.4226,3.4126,3.4126,73
2026-02-02 15:02:00,3.4086,3.4151,3.4066,3.4116,3.4136,3.4201,3.4116,3.4166,61
2026-02-02 15:03:00,3.4106,3.4111,3.4066,3.4106,3.4156,3.4161,3.4116,3.4156,41
2026-02-02 15:04:00,3.4111,3.4146,3.4066,3.4136,3.4161,3.4196,3.4116,3.4186,49
2026-02-02 15:05:00,3.4131,3.4206,3.4131,3.4156,3.4181,3.4256,3.4181,3.4206,82
2026-02-02 15:06:00,3.4166,3.4176,3.4106,3.4146,3.4216,3.4226,3.4156,3.4196,60
2026-02-02 15:07:00,3.4156,3.4246,3.4156,3.4206,3.4206,3.4296,3.4206,3.4256,62
2026-02-02 15:08:00,3.4216,3.4306,3.4216,3.4276,3.4266,3.4356,3.4266,3.4326,76
2026-02-02 15:09:00,3.4271,3.4271,3.4186,3.4226,3.4321,3.4321,3.4236,3.4276,49
2026-02-02 15:10:00,3.4221,3.4226,3.4116,3.4136,3.4271,3.4276,3.4166,3.4186,55
2026-02-02 15:11:00,3.4141,3.4141,3.4056,3.4086,3.4191,3.4191,3.4106,3.4136,66
2026-02-02 15:12:00,3.4081,3.4091,3.4016,3.4076,3.4131,3.4141,3.4066,3.4126,99
2026-02-02 15:13:00,3.4066,3.4166,3.4066,3.4136,3.4116,3.4216,3.4116,3.4186,65
2026-02-02 15:14:00,3.4131,3.4146,3.4086,3.4101,3.4181,3.4196,3.4136,3.4151,62
2026-02-02 15:15:00,3.4106,3.4136,3.4036,3.4106,3.4156,3.4186,3.4086,3.4156,71
2026-02-02 15:16:00,3.4096,3.4146,3.4086,3.4106,3.4146,3.4196,3.4136,3.4156,55
2026-02-02 15:17:00,3.4101,3.4116,3.4086,3.4096,3.4151,3.4166,3.4136,3.4146,31
2026-02-02 15:18:00,3.4086,3.4116,3.4071,3.4096,3.4136,3.4166,3.4121,3.4146,26
2026-02-02 15:19:00,3.4101,3.4166,3.4071,3.4161,3.4151,3.4216,3.4121,3.4211,53
2026-02-02 15:20:00,3.4151,3.4176,3.4106,3.4116,3.4201,3.4226,3.4156,3.4166,54
2026-02-02 15:21:00,3.4121,3.4136,3.4056,3.4086,3.4171,3.4186,3.4106,3.4136,60
2026-02-02 15:22:00,3.4081,3.4106,3.4056,3.4096,3.4131,3.4156,3.4106,3.4146,29
2026-02-02 15:23:00,3.4101,3.4176,3.4101,3.4106,3.4151,3.4226,3.4151,3.4156,37
2026-02-02 15:24:00,3.4096,3.4126,3.4086,3.4116,3.4146,3.4176,3.4136,3.4166,17
2026-02-02 15:25:00,3.4106,3.4156,3.4096,3.4136,3.4156,3.4206,3.4146,3.4186,46
2026-02-02 15:26:00,3.4141,3.4181,3.4116,3.4121,3.4191,3.4231,3.4166,3.4171,66
2026-02-02 15:27:00,3.4126,3.4146,3.4106,3.4106,3.4176,3.4196,3.4156,3.4156,34
2026-02-02 15:28:00,3.4116,3.4176,3.4086,3.4151,3.4166,3.4226,3.4136,3.4201,71
2026-02-02 15:29:00,3.4156,3.4186,3.4136,3.4181,3.4206,3.4236,3.4186,3.4231,42
2026-02-02 15:30:00,3.4166,3.4321,3.4166,3.4256,3.4216,3.4371,3.4216,3.4306,135
2026-02-02 15:31:00,3.4246,3.4286,3.4176,3.4201,3.4296,3.4336,3.4226,3.4251,96
2026-02-02 15:32:00,3.4206,3.4276,3.4206,3.4276,3.4256,3.4326,3.4256,3.4326,45
2026-02-02 15:33:00,3.4271,3.4306,3.4256,3.4306,3.4321,3.4356,3.4306,3.4356,51
2026-02-02 15:34:00,3.4296,3.4306,3.4236,3.4236,3.4346,3.4356,3.4286,3.4286,86
2026-02-02 15:35:00,3.4231,3.4236,3.4196,3.4206,3.4281,3.4286,3.4246,3.4256,51
2026-02-02 15:36:00,3.4201,3.4246,3.4196,3.4206,3.4251,3.4296,3.4246,3.4256,55
2026-02-02 15:37:00,3.4201,3.4226,3.4176,3.4206,3.4251,3.4276,3.4226,3.4256,32
2026-02-02 15:38:00,3.4216,3.4236,3.4196,3.4216,3.4266,3.4286,3.4246,3.4266,43
2026-02-02 15:39:00,3.4206,3.4206,3.4176,3.4186,3.4256,3.4256,3.4226,3.4236,39
2026-02-02 15:40:00,3.4181,3.4186,3.4086,3.4116,3.4231,3.4236,3.4136,3.4166,78
2026-02-02 15:41:00,3.4121,3.4136,3.4016,3.4071,3.4171,3.4186,3.4066,3.4121,127
2026-02-02 15:42:00,3.4061,3.4106,3.4046,3.4081,3.4111,3.4156,3.4096,3.4131,76
2026-02-02 15:43:00,3.4076,3.4126,3.4056,3.4081,3.4126,3.4176,3.4106,3.4131,54
2026-02-02 15:44:00,3.4086,3.4156,3.4081,3.4136,3.4136,3.4206,3.4131,3.4186,55
2026-02-02 15:45:00,3.4126,3.4131,3.4086,3.4096,3.4176,3.4181,3.4136,3.4146,60
2026-02-02 15:46:00,3.4091,3.4096,3.4056,3.4056,3.4141,3.4146,3.4106,3.4106,58
2026-02-02 15:47:00,3.4066,3.4086,3.4031,3.4081,3.4116,3.4136,3.4081,3.4131,98
2026-02-02 15:48:00,3.4076,3.4086,3.4036,3.4086,3.4126,3.4136,3.4086,3.4136,46
2026-02-02 15:49:00,3.4076,3.4106,3.4066,3.4086,3.4126,3.4156,3.4116,3.4136,52
2026-02-02 15:50:00,3.4076,3.4176,3.4066,3.4106,3.4126,3.4226,3.4116,3.4156,100
2026-02-02 15:51:00,3.4096,3.4346,3.4096,3.4336,3.4146,3.4396,3.4146,3.4386,118
2026-02-02 15:52:00,3.4346,3.4356,3.4296,3.4336,3.4396,3.4406,3.4346,3.4386,84
2026-02-02 15:53:00,3.4331,3.4506,3.4331,3.4441,3.4381,3.4556,3.4381,3.4491,168
2026-02-02 15:54:00,3.4436,3.4546,3.4426,3.4526,3.4486,3.4596,3.4476,3.4576,88
2026-02-02 15:55:00,3.4516,3.4546,3.4386,3.4446,3.4566,3.4596,3.4436,3.4496,128
2026-02-02 15:56:00,3.4441,3.4441,3.4266,3.4266,3.4491,3.4491,3.4316,3.4316,65
2026-02-02 15:57:00,3.4276,3.4276,3.4126,3.4156,3.4326,3.4326,3.4176,3.4206,75
2026-02-02 15:58:00,3.4151,3.4156,3.4086,3.4106,3.4201,3.4206,3.4136,3.4156,44
2026-02-02 15:59:00,3.4086,3.4136,3.4081,3.4106,3.4136,3.4186,3.4131,3.4156,46
2026-02-02 16:00:00,3.4096,3.4156,3.4076,3.4131,3.4146,3.4206,3.4126,3.4181,59
2026-02-02 16:01:00,3.4126,3.4146,3.4076,3.4096,3.4176,3.4196,3.4126,3.4146,66
2026-02-02 16:02:00,3.4091,3.4156,3.4076,3.4106,3.4141,3.4206,3.4126,3.4156,64
2026-02-02 16:03:00,3.4116,3.4136,3.4096,3.4126,3.4166,3.4186,3.4146,3.4176,48
2026-02-02 16:04:00,3.4136,3.4151,3.4096,3.4121,3.4186,3.4201,3.4146,3.4171,49
2026-02-02 16:05:00,3.4126,3.4211,3.4106,3.4116,3.4176,3.4261,3.4156,3.4166,69
2026-02-02 16:06:00,3.4106,3.4181,3.4106,3.4181,3.4156,3.4231,3.4156,3.4231,42
2026-02-02 16:07:00,3.4186,3.4206,3.4136,3.4151,3.4236,3.4256,3.4186,3.4201,43
2026-02-02 16:08:00,3.4146,3.4146,3.4026,3.4026,3.4196,3.4196,3.4076,3.4076,100
2026-02-02 16:09:00,3.4016,3.4086,3.3856,3.4026,3.4066,3.4136,3.3906,3.4076,177
2026-02-02 16:10:00,3.4036,3.4076,3.4006,3.4006,3.4086,3.4126,3.4056,3.4056,65
2026-02-02 16:11:00,3.3996,3.4036,3.3881,3.3966,3.4046,3.4086,3.3931,3.4016,103
2026-02-02 16:12:00,3.4076,3.4156,3.4006,3.4101,3.4126,3.4206,3.4056,3.4151,77
2026-02-02 16:13:00,3.4091,3.4246,3.4026,3.4156,3.4141,3.4296,3.4076,3.4206,125
2026-02-02 16:14:00,3.4151,3.4346,3.4131,3.4256,3.4201,3.4396,3.4181,3.4306,96
2026-02-02 16:15:00,3.4251,3.4336,3.4246,3.4246,3.4301,3.4386,3.4296,3.4296,65
2026-02-02 16:16:00,3.4241,3.4286,3.4206,3.4206,3.4291,3.4336,3.4256,3.4256,49
2026-02-02 16:17:00,3.4216,3.4226,3.4176,3.4186,3.4266,3.4276,3.4226,3.4236,54
2026-02-02 16:18:00,3.4196,3.4206,3.4146,3.4151,3.4246,3.4256,3.4196,3.4201,50
2026-02-02 16:19:00,3.4156,3.4176,3.4126,3.4146,3.4206,3.4226,3.4176,3.4196,32
2026-02-02 16:20:00,3.4141,3.4196,3.4106,3.4151,3.4191,3.4246,3.4156,3.4201,72
2026-02-02 16:21:00,3.4156,3.4206,3.4156,3.4156,3.4206,3.4256,3.4206,3.4206,42
2026-02-02 16:22:00,3.4166,3.4176,3.4106,3.4116,3.4216,3.4226,3.4156,3.4166,29
2026-02-02 16:23:00,3.4126,3.4146,3.4106,3.4126,3.4176,3.4196,3.4156,3.4176,38
2026-02-02 16:24:00,3.4116,3.4126,3.3996,3.4006,3.4166,3.4176,3.4046,3.4056,72
2026-02-02 16:25:00,3.4001,3.4166,3.3976,3.4126,3.4051,3.4216,3.4026,3.4176,97
2026-02-02 16:26:00,3.4131,3.4156,3.4031,3.4116,3.4181,3.4206,3.4081,3.4166,86
2026-02-02 16:27:00,3.4111,3.4146,3.4096,3.4116,3.4161,3.4196,3.4146,3.4166,66
2026-02-02 16:28:00,3.4111,3.4126,3.3986,3.4036,3.4161,3.4176,3.4036,3.4086,58
2026-02-02 16:29:00,3.4026,3.4026,3.3966,3.3996,3.4076,3.4076,3.4016,3.4046,45
2026-02-02 16:30:00,3.3991,3.4086,3.3991,3.4046,3.4041,3.4136,3.4041,3.4096,62
2026-02-02 16:31:00,3.4041,3.4046,3.3986,3.3991,3.4091,3.4096,3.4036,3.4041,33
2026-02-02 16:32:00,3.3996,3.4076,3.3956,3.4041,3.4046,3.4126,3.4006,3.4091,79
2026-02-02 16:33:00,3.4036,3.4121,3.4016,3.4056,3.4086,3.4171,3.4066,3.4106,61
2026-02-02 16:34:00,3.4046,3.4151,3.4036,3.4046,3.4096,3.4201,3.4086,3.4096,59
2026-02-02 16:35:00,3.4041,3.4046,3.3976,3.3986,3.4091,3.4096,3.4026,3.4036,40
2026-02-02 16:36:00,3.4096,3.4096,3.4036,3.4036,3.4146,3.4146,3.4086,3.4086,67
2026-02-02 16:37:00,3.4046,3.4046,3.3986,3.4021,3.4096,3.4096,3.4036,3.4071,29
2026-02-02 16:38:00,3.4006,3.4126,3.4006,3.4066,3.4056,3.4176,3.4056,3.4116,54
2026-02-02 16:39:00,3.4071,3.4136,3.4046,3.4106,3.4121,3.4186,3.4096,3.4156,66
2026-02-02 16:40:00,3.4101,3.4116,3.3966,3.3971,3.4151,3.4166,3.4016,3.4021,77
2026-02-02 16:41:00,3.3966,3.4076,3.3846,3.3946,3.4016,3.4126,3.3896,3.3996,124
2026-02-02 16:42:00,3.3941,3.4086,3.3866,3.3991,3.3991,3.4136,3.3916,3.4041,87
2026-02-02 16:43:00,3.3981,3.3986,3.3816,3.3826,3.4031,3.4036,3.3866,3.3876,65
2026-02-02 16:44:00,3.3821,3.3836,3.3706,3.3706,3.3871,3.3886,3.3756,3.3756,123
2026-02-02 16:45:00,3.3726,3.3736,3.3596,3.3596,3.3776,3.3786,3.3646,3.3646,77
2026-02-02 16:46:00,3.3601,3.3606,3.3486,3.3486,3.3651,3.3656,3.3536,3.3536,109
2026-02-02 16:47:00,3.3491,3.3491,3.3236,3.3286,3.3541,3.3541,3.3286,3.3336,250
2026-02-02 16:48:00,3.3271,3.3296,3.3056,3.3096,3.3321,3.3346,3.3106,3.3146,350
2026-02-02 16:49:00,3.3106,3.3266,3.2866,3.3176,3.3156,3.3316,3.2916,3.3226,296
2026-02-02 16:50:00,3.3166,3.3206,3.2906,3.3196,3.3216,3.3256,3.2956,3.3246,240
2026-02-02 16:51:00,3.3186,3.3226,3.2916,3.2916,3.3236,3.3276,3.2966,3.2966,226
2026-02-02 16:52:00,3.2911,3.3006,3.2911,3.2986,3.2961,3.3056,3.2961,3.3036,138
2026-02-02 16:53:00,3.2991,3.3266,3.2956,3.3076,3.3041,3.3316,3.3006,3.3126,200
2026-02-02 16:54:00,3.3066,3.3361,3.3066,3.3226,3.3116,3.3411,3.3116,3.3276,148
2026-02-02 16:55:00,3.3221,3.3296,3.3076,3.3096,3.3271,3.3346,3.3126,3.3146,131
2026-02-02 16:56:00,3.3101,3.3256,3.3026,3.3156,3.3151,3.3306,3.3076,3.3206,127
2026-02-02 16:57:00,3.3146,3.3156,3.3026,3.3036,3.3196,3.3206,3.3076,3.3086,85
2026-02-02 16:58:00,3.3046,3.3286,3.3036,3.3156,3.3096,3.3336,3.3086,3.3206,120
2026-02-02 16:59:00,3.3161,3.3196,3.3096,3.3121,3.3211,3.3246,3.3146,3.3171,110
2026-02-02 17:00:00,3.3116,3.3336,3.3111,3.3236,3.3166,3.3386,3.3161,3.3286,110
2026-02-02 17:01:00,3.3231,3.3236,3.3046,3.3066,3.3281,3.3286,3.3096,3.3116,69
2026-02-02 17:02:00,3.3061,3.3066,3.2946,3.2956,3.3111,3.3116,3.2996,3.3006,86
2026-02-02 17:03:00,3.2946,3.3216,3.2876,3.3201,3.2996,3.3266,3.2926,3.3251,160
2026-02-02 17:04:00,3.3206,3.3206,3.3016,3.3066,3.3256,3.3256,3.3066,3.3116,130
2026-02-02 17:05:00,3.3076,3.3156,3.2926,3.3106,3.3126,3.3206,3.2976,3.3156,132
2026-02-02 17:06:00,3.3101,3.3261,3.3056,3.3081,3.3151,3.3311,3.3106,3.3131,135
2026-02-02 17:07:00,3.3091,3.3156,3.2936,3.3081,3.3141,3.3206,3.2986,3.3131,136
2026-02-02 17:08:00,3.3086,3.3376,3.3086,3.3366,3.3136,3.3426,3.3136,3.3416,107
2026-02-02 17:09:00,3.3356,3.3416,3.3156,3.3166,3.3406,3.3466,3.3206,3.3216,143
2026-02-02 17:10:00,3.3161,3.3216,3.3001,3.3106,3.3211,3.3266,3.3051,3.3156,185
2026-02-02 17:11:00,3.3101,3.3286,3.3066,3.3106,3.3151,3.3336,3.3116,3.3156,135
2026-02-02 17:12:00,3.3086,3.3106,3.2951,3.2976,3.3136,3.3156,3.3001,3.3026,90
2026-02-02 17:13:00,3.2986,3.3126,3.2836,3.3096,3.3036,3.3176,3.2886,3.3146,171
2026-02-02 17:14:00,3.3101,3.3101,3.2886,3.2961,3.3151,3.3151,3.2936,3.3011,130
2026-02-02 17:15:00,3.2956,3.3256,3.2916,3.3246,3.3006,3.3306,3.2966,3.3296,138
2026-02-02 17:16:00,3.3251,3.3466,3.3216,3.3416,3.3301,3.3516,3.3266,3.3466,195
2026-02-02 17:17:00,3.3421,3.3761,3.3406,3.3576,3.3471,3.3811,3.3456,3.3626,244
2026-02-02 17:18:00,3.3571,3.3571,3.3341,3.3366,3.3621,3.3621,3.3391,3.3416,206
2026-02-02 17:19:00,3.3361,3.3396,3.3246,3.3286,3.3411,3.3446,3.3296,3.3336,168
2026-02-02 17:20:00,3.3276,3.3326,3.3136,3.3266,3.3326,3.3376,3.3186,3.3316,147
2026-02-02 17:21:00,3.3271,3.3736,3.3231,3.3726,3.3321,3.3786,3.3281,3.3776,138
2026-02-02 17:22:00,3.3736,3.3826,3.3481,3.3486,3.3786,3.3876,3.3531,3.3536,212
2026-02-02 17:23:00,3.3496,3.3506,3.3301,3.3316,3.3546,3.3556,3.3351,3.3366,140
2026-02-02 17:24:00,3.3321,3.3371,3.3156,3.3196,3.3371,3.3421,3.3206,3.3246,134
2026-02-02 17:25:00,3.3201,3.3201,3.3056,3.3166,3.3251,3.3251,3.3106,3.3216,166
2026-02-02 17:26:00,3.3156,3.3156,3.3016,3.3016,3.3206,3.3206,3.3066,3.3066,95
2026-02-02 17:27:00,3.3011,3.3036,3.2886,3.2936,3.3061,3.3086,3.2936,3.2986,160
2026-02-02 17:28:00,3.2931,3.2961,3.2886,3.2936,3.2981,3.3011,3.2936,3.2986,95
2026-02-02 17:29:00,3.2931,3.2976,3.2916,3.2926,3.2981,3.3026,3.2966,3.2976,91
2026-02-02 17:30:00,3.2916,3.2946,3.2826,3.2836,3.2966,3.2996,3.2876,3.2886,95
2026-02-02 17:31:00,3.2831,3.2916,3.2791,3.2801,3.2881,3.2966,3.2841,3.2851,144
2026-02-02 17:32:00,3.2816,3.3166,3.2791,3.2931,3.2866,3.3216,3.2841,3.2981,170
2026-02-02 17:33:00,3.2926,3.3186,3.2846,3.2966,3.2976,3.3236,3.2896,3.3016,166
2026-02-02 17:34:00,3.2971,3.3326,3.2971,3.3166,3.3021,3.3376,3.3021,3.3216,192
2026-02-02 17:35:00,3.3146,3.3166,3.3006,3.3076,3.3196,3.3216,3.3056,3.3126,181
2026-02-02 17:36:00,3.3066,3.3106,3.2926,3.2956,3.3116,3.3156,3.2976,3.3006,94
2026-02-02 17:37:00,3.2966,3.2996,3.2846,3.2886,3.3016,3.3046,3.2896,3.2936,100
2026-02-02 17:38:00,3.2881,3.2916,3.2781,3.2821,3.2931,3.2966,3.2831,3.2871,87
2026-02-02 17:39:00,3.2826,3.2886,3.2786,3.2871,3.2876,3.2936,3.2836,3.2921,72
2026-02-02 17:40:00,3.2866,3.2866,3.2631,3.2671,3.2916,3.2916,3.2681,3.2721,182
2026-02-02 17:41:00,3.2676,3.2706,3.2576,3.2596,3.2726,3.2756,3.2626,3.2646,116
2026-02-02 17:42:00,3.2601,3.2866,3.2586,3.2786,3.2651,3.2916,3.2636,3.2836,137
2026-02-02 17:43:00,3.2791,3.2816,3.2626,3.2626,3.2841,3.2866,3.2676,3.2676,138
2026-02-02 17:44:00,3.2631,3.2666,3.2576,3.2616,3.2681,3.2716,3.2626,3.2666,86
2026-02-02 17:45:00,3.2606,3.2666,3.2456,3.2501,3.2656,3.2716,3.2506,3.2551,147
2026-02-02 17:46:00,3.2506,3.2621,3.2506,3.2576,3.2556,3.2671,3.2556,3.2626,87
2026-02-02 17:47:00,3.2566,3.2701,3.2566,3.2696,3.2616,3.2751,3.2616,3.2746,99
2026-02-02 17:48:00,3.2691,3.2866,3.2656,3.2856,3.2741,3.2916,3.2706,3.2906,164
2026-02-02 17:49:00,3.2861,3.2906,3.2781,3.2846,3.2911,3.2956,3.2831,3.2896,102
2026-02-02 17:50:00,3.2836,3.2851,3.2776,3.2836,3.2886,3.2901,3.2826,3.2886,69
2026-02-02 17:51:00,3.2841,3.2976,3.2836,3.2961,3.2891,3.3026,3.2886,3.3011,134
2026-02-02 17:52:00,3.2966,3.2991,3.2846,3.2911,3.3016,3.3041,3.2896,3.2961,101
2026-02-02 17:53:00,3.2916,3.3036,3.2916,3.2956,3.2966,3.3086,3.2966,3.3006,132
2026-02-02 17:54:00,3.2966,3.2976,3.2916,3.2926,3.3016,3.3026,3.2966,3.2976,46
2026-02-02 17:55:00,3.2921,3.2956,3.2846,3.2906,3.2971,3.3006,3.2896,3.2956,76
2026-02-02 17:56:00,3.2901,3.2976,3.2716,3.2736,3.2951,3.3026,3.2766,3.2786,114
2026-02-02 17:57:00,3.2716,3.2751,3.2576,3.2696,3.2766,3.2801,3.2626,3.2746,153
2026-02-02 17:58:00,3.2691,3.2736,3.2586,3.2596,3.2741,3.2786,3.2636,3.2646,98
2026-02-02 17:59:00,3.2601,3.2616,3.2476,3.2486,3.2651,3.2666,3.2526,3.2536,128
2026-02-02 18:00:00,3.2491,3.2506,3.2296,3.2416,3.2541,3.2556,3.2346,3.2466,148
2026-02-02 18:01:00,3.2421,3.2506,3.2396,3.2446,3.2471,3.2556,3.2446,3.2496,98
2026-02-02 18:02:00,3.2451,3.2876,3.2451,3.2746,3.2501,3.2926,3.2501,3.2796,169
2026-02-02 18:03:00,3.2721,3.2766,3.2566,3.2711,3.2771,3.2816,3.2616,3.2761,131
2026-02-02 18:04:00,3.2716,3.2886,3.2696,3.2706,3.2766,3.2936,3.2746,3.2756,144
2026-02-02 18:05:00,3.2701,3.2836,3.2641,3.2796,3.2751,3.2886,3.2691,3.2846,108
2026-02-02 18:06:00,3.2786,3.2906,3.2716,3.2716,3.2836,3.2956,3.2766,3.2766,140
2026-02-02 18:07:00,3.2711,3.2716,3.2606,3.2676,3.2761,3.2766,3.2656,3.2726,83
2026-02-02 18:08:00,3.2671,3.2676,3.2626,3.2666,3.2721,3.2726,3.2676,3.2716,43
2026-02-02 18:09:00,3.2676,3.2691,3.2531,3.2546,3.2726,3.2741,3.2581,3.2596,124
2026-02-02 18:10:00,3.2551,3.2566,3.2456,3.2496,3.2601,3.2616,3.2506,3.2546,136
2026-02-02 18:11:00,3.2501,3.2556,3.2476,3.2496,3.2551,3.2606,3.2526,3.2546,65
2026-02-02 18:12:00,3.2486,3.2536,3.2441,3.2471,3.2536,3.2586,3.2491,3.2521,137
2026-02-02 18:13:00,3.2466,3.2526,3.2456,3.2476,3.2516,3.2576,3.2506,3.2526,65
2026-02-02 18:14:00,3.2471,3.2526,3.2396,3.2526,3.2521,3.2576,3.2446,3.2576,102
2026-02-02 18:15:00,3.2521,3.2526,3.2321,3.2346,3.2571,3.2576,3.2371,3.2396,129
2026-02-02 18:16:00,3.2341,3.2386,3.2301,3.2306,3.2391,3.2436,3.2351,3.2356,129
2026-02-02 18:17:00,3.2311,3.2346,3.2241,3.2251,3.2361,3.2396,3.2291,3.2301,125
2026-02-02 18:18:00,3.2246,3.2276,3.1796,3.1886,3.2296,3.2326,3.1846,3.1936,396
2026-02-02 18:19:00,3.1896,3.1921,3.1686,3.1756,3.1946,3.1971,3.1736,3.1806,292
2026-02-02 18:20:00,3.1761,3.1826,3.1546,3.1606,3.1811,3.1876,3.1596,3.1656,230
2026-02-02 18:21:00,3.1616,3.1706,3.1536,3.1631,3.1666,3.1756,3.1586,3.1681,279
2026-02-02 18:22:00,3.1626,3.1766,3.1596,3.1756,3.1676,3.1816,3.1646,3.1806,208
2026-02-02 18:23:00,3.1766,3.1856,3.1701,3.1706,3.1816,3.1906,3.1751,3.1756,166
2026-02-02 18:24:00,3.1681,3.1686,3.1576,3.1666,3.1731,3.1736,3.1626,3.1716,222
2026-02-02 18:25:00,3.1681,3.1756,3.1641,3.1706,3.1731,3.1806,3.1691,3.1756,151
2026-02-02 18:26:00,3.1716,3.1756,3.1676,3.1691,3.1766,3.1806,3.1726,3.1741,116
2026-02-02 18:27:00,3.1686,3.1776,3.1646,3.1651,3.1736,3.1826,3.1696,3.1701,180
2026-02-02 18:28:00,3.1656,3.1691,3.1611,3.1611,3.1706,3.1741,3.1661,3.1661,122
2026-02-02 18:29:00,3.1606,3.1646,3.1566,3.1621,3.1656,3.1696,3.1616,3.1671,115
2026-02-02 18:30:00,3.1611,3.1821,3.1606,3.1786,3.1661,3.1871,3.1656,3.1836,135
2026-02-02 18:31:00,3.1776,3.1796,3.1706,3.1706,3.1826,3.1846,3.1756,3.1756,67
2026-02-02 18:32:00,3.1716,3.1756,3.1576,3.1581,3.1766,3.1806,3.1626,3.1631,116
2026-02-02 18:33:00,3.1586,3.1646,3.1536,3.1586,3.1636,3.1696,3.1586,3.1636,102
2026-02-02 18:34:00,3.1581,3.1606,3.1551,3.1556,3.1631,3.1656,3.1601,3.1606,66
2026-02-02 18:35:00,3.1566,3.1596,3.1546,3.1586,3.1616,3.1646,3.1596,3.1636,75
2026-02-02 18:36:00,3.1596,3.1636,3.1581,3.1626,3.1646,3.1686,3.1631,3.1676,62
2026-02-02 18:37:00,3.1636,3.1666,3.1486,3.1491,3.1686,3.1716,3.1536,3.1541,132
2026-02-02 18:38:00,3.1481,3.1561,3.1416,3.1516,3.1531,3.1611,3.1466,3.1566,167
2026-02-02 18:39:00,3.1526,3.1566,3.1416,3.1426,3.1576,3.1616,3.1466,3.1476,156
2026-02-02 18:40:00,3.1421,3.1441,3.1361,3.1411,3.1471,3.1491,3.1411,3.1461,69
2026-02-02 18:41:00,3.1426,3.1516,3.1386,3.1421,3.1476,3.1566,3.1436,3.1471,119
2026-02-02 18:42:00,3.1426,3.1571,3.1396,3.1496,3.1476,3.1621,3.1446,3.1546,144
2026-02-02 18:43:00,3.1501,3.1526,3.1466,3.1476,3.1551,3.1576,3.1516,3.1526,93
2026-02-02 18:44:00,3.1471,3.1521,3.1436,3.1521,3.1521,3.1571,3.1486,3.1571,80
2026-02-02 18:45:00,3.1526,3.1536,3.1476,3.1496,3.1576,3.1586,3.1526,3.1546,72
2026-02-02 18:46:00,3.1501,3.1666,3.1501,3.1616,3.1551,3.1716,3.1551,3.1666,134
2026-02-02 18:47:00,3.1611,3.1626,3.1571,3.1591,3.1661,3.1676,3.1621,3.1641,81
2026-02-02 18:48:00,3.1586,3.1596,3.1486,3.1531,3.1636,3.1646,3.1536,3.1581,100
2026-02-02 18:49:00,3.1546,3.1566,3.1491,3.1526,3.1596,3.1616,3.1541,3.1576,65
2026-02-02 18:50:00,3.1521,3.1656,3.1516,3.1651,3.1571,3.1706,3.1566,3.1701,72
2026-02-02 18:51:00,3.1656,3.1656,3.1576,3.1606,3.1706,3.1706,3.1626,3.1656,96
2026-02-02 18:52:00,3.1596,3.1631,3.1516,3.1536,3.1646,3.1681,3.1566,3.1586,76
2026-02-02 18:53:00,3.1526,3.1576,3.1481,3.1506,3.1576,3.1626,3.1531,3.1556,90
2026-02-02 18:54:00,3.1501,3.1521,3.1311,3.1311,3.1551,3.1571,3.1361,3.1361,224
2026-02-02 18:55:00,3.1316,3.1346,3.1216,3.1241,3.1366,3.1396,3.1266,3.1291,122
2026-02-02 18:56:00,3.1246,3.1291,3.1141,3.1186,3.1296,3.1341,3.1191,3.1236,105
2026-02-02 18:57:00,3.1181,3.1196,3.1076,3.1096,3.1231,3.1246,3.1126,3.1146,89
2026-02-02 18:58:00,3.1091,3.1196,3.1076,3.1111,3.1141,3.1246,3.1126,3.1161,90
2026-02-02 18:59:00,3.1116,3.1276,3.1116,3.1251,3.1166,3.1326,3.1166,3.1301,127
2026-02-02 19:00:00,3.1241,3.1256,3.1171,3.1181,3.1291,3.1306,3.1221,3.1231,79
2026-02-02 19:01:00,3.1191,3.1286,3.1186,3.1256,3.1241,3.1336,3.1236,3.1306,120
2026-02-02 19:02:00,3.1251,3.1296,3.1176,3.1191,3.1301,3.1346,3.1226,3.1241,79
2026-02-02 19:03:00,3.1186,3.1186,3.1046,3.1076,3.1236,3.1236,3.1096,3.1126,85
2026-02-02 19:04:00,3.1071,3.1111,3.1036,3.1081,3.1121,3.1161,3.1086,3.1131,106
2026-02-02 19:05:00,3.1086,3.1086,3.1011,3.1036,3.1136,3.1136,3.1061,3.1086,78
2026-02-02 19:06:00,3.1031,3.1036,3.0996,3.1001,3.1081,3.1086,3.1046,3.1051,101
2026-02-02 19:07:00,3.1006,3.1006,3.0786,3.0861,3.1056,3.1056,3.0836,3.0911,171
2026-02-02 19:08:00,3.0871,3.0936,3.0826,3.0891,3.0921,3.0986,3.0876,3.0941,125
2026-02-02 19:09:00,3.0906,3.0921,3.0841,3.0856,3.0956,3.0971,3.0891,3.0906,90
2026-02-02 19:10:00,3.0861,3.0886,3.0746,3.0826,3.0911,3.0936,3.0796,3.0876,127
2026-02-02 19:11:00,3.0836,3.0876,3.0801,3.0821,3.0886,3.0926,3.0851,3.0871,109
2026-02-02 19:12:00,3.0826,3.0991,3.0806,3.0941,3.0876,3.1041,3.0856,3.0991,95
2026-02-02 19:13:00,3.0936,3.0996,3.0896,3.0996,3.0986,3.1046,3.0946,3.1046,50
2026-02-02 19:14:00,3.0991,3.1006,3.0916,3.0966,3.1041,3.1056,3.0966,3.1016,71
2026-02-02 19:15:00,3.0976,3.0986,3.0856,3.0866,3.1026,3.1036,3.0906,3.0916,68
2026-02-02 19:16:00,3.0876,3.0896,3.0826,3.0886,3.0926,3.0946,3.0876,3.0936,58
2026-02-02 19:17:00,3.0881,3.1006,3.0861,3.0996,3.0931,3.1056,3.0911,3.1046,81
2026-02-02 19:18:00,3.0991,3.1146,3.0991,3.1146,3.1041,3.1196,3.1041,3.1196,90
2026-02-02 19:19:00,3.1141,3.1166,3.1106,3.1156,3.1191,3.1216,3.1156,3.1206,51
2026-02-02 19:20:00,3.1151,3.1236,3.1146,3.1186,3.1201,3.1286,3.1196,3.1236,79
2026-02-02 19:21:00,3.1196,3.1221,3.1136,3.1186,3.1246,3.1271,3.1186,3.1236,98
2026-02-02 19:22:00,3.1176,3.1206,3.1136,3.1166,3.1226,3.1256,3.1186,3.1216,74
2026-02-02 19:23:00,3.1186,3.1311,3.1186,3.1281,3.1236,3.1361,3.1236,3.1331,61
2026-02-02 19:24:00,3.1271,3.1426,3.1261,3.1361,3.1321,3.1476,3.1311,3.1411,90
2026-02-02 19:25:00,3.1366,3.1391,3.1341,3.1346,3.1416,3.1441,3.1391,3.1396,65
2026-02-02 19:26:00,3.1336,3.1346,3.1236,3.1256,3.1386,3.1396,3.1286,3.1306,87
2026-02-02 19:27:00,3.1251,3.1256,3.1066,3.1066,3.1301,3.1306,3.1116,3.1116,102
2026-02-02 19:28:00,3.1056,3.1066,3.0996,3.1051,3.1106,3.1116,3.1046,3.1101,83
2026-02-02 19:29:00,3.1056,3.1056,3.0956,3.0961,3.1106,3.1106,3.1006,3.1011,76
2026-02-02 19:30:00,3.0971,3.1026,3.0941,3.0961,3.1021,3.1076,3.0991,3.1011,61
2026-02-02 19:31:00,3.0966,3.1006,3.0911,3.0936,3.1016,3.1056,3.0961,3.0986,109
2026-02-02 19:32:00,3.0941,3.0986,3.0886,3.0906,3.0991,3.1036,3.0936,3.0956,55
2026-02-02 19:33:00,3.0911,3.0966,3.0906,3.0936,3.0961,3.1016,3.0956,3.0986,73
2026-02-02 19:34:00,3.0926,3.0966,3.0906,3.0941,3.0976,3.1016,3.0956,3.0991,66
2026-02-02 19:35:00,3.0936,3.1016,3.0911,3.0926,3.0986,3.1066,3.0961,3.0976,97
2026-02-02 19:36:00,3.0916,3.0961,3.0886,3.0921,3.0966,3.1011,3.0936,3.0971,84
2026-02-02 19:37:00,3.0916,3.0986,3.0891,3.0966,3.0966,3.1036,3.0941,3.1016,75
2026-02-02 19:38:00,3.0961,3.1096,3.0916,3.1051,3.1011,3.1146,3.0966,3.1101,109
2026-02-02 19:39:00,3.1056,3.1056,3.0936,3.0956,3.1106,3.1106,3.0986,3.1006,67
2026-02-02 19:40:00,3.0961,3.0961,3.0866,3.0866,3.1011,3.1011,3.0916,3.0916,61
2026-02-02 19:41:00,3.0871,3.0936,3.0836,3.0841,3.0921,3.0986,3.0886,3.0891,77
2026-02-02 19:42:00,3.0846,3.0936,3.0826,3.0851,3.0896,3.0986,3.0876,3.0901,136
2026-02-02 19:43:00,3.0846,3.0856,3.0776,3.0801,3.0896,3.0906,3.0826,3.0851,70
2026-02-02 19:44:00,3.0806,3.0826,3.0776,3.0806,3.0856,3.0876,3.0826,3.0856,81
2026-02-02 19:45:00,3.0816,3.0816,3.0756,3.0761,3.0866,3.0866,3.0806,3.0811,68
2026-02-02 19:46:00,3.0756,3.0791,3.0671,3.0686,3.0806,3.0841,3.0721,3.0736,132
2026-02-02 19:47:00,3.0691,3.0696,3.0626,3.0636,3.0741,3.0746,3.0676,3.0686,90
2026-02-02 19:48:00,3.0631,3.0676,3.0586,3.0661,3.0681,3.0726,3.0636,3.0711,97
2026-02-02 19:49:00,3.0666,3.0706,3.0636,3.0656,3.0716,3.0756,3.0686,3.0706,80
2026-02-02 19:50:00,3.0651,3.0656,3.0516,3.0526,3.0701,3.0706,3.0566,3.0576,113
2026-02-02 19:51:00,3.0531,3.0546,3.0496,3.0516,3.0581,3.0596,3.0546,3.0566,130
2026-02-02 19:52:00,3.0526,3.0546,3.0421,3.0496,3.0576,3.0596,3.0471,3.0546,149
2026-02-02 19:53:00,3.0516,3.0516,3.0406,3.0496,3.0566,3.0566,3.0456,3.0546,122
2026-02-02 19:54:00,3.0506,3.0506,3.0426,3.0466,3.0556,3.0556,3.0476,3.0516,95
2026-02-02 19:55:00,3.0476,3.0491,3.0396,3.0486,3.0526,3.0541,3.0446,3.0536,117
2026-02-02 19:56:00,3.0471,3.0516,3.0456,3.0486,3.0521,3.0566,3.0506,3.0536,95
2026-02-02 19:57:00,3.0476,3.0511,3.0456,3.0461,3.0526,3.0561,3.0506,3.0511,58
2026-02-02 19:58:00,3.0446,3.0486,3.0406,3.0411,3.0496,3.0536,3.0456,3.0461,71
2026-02-02 19:59:00,3.0406,3.0476,3.0406,3.0461,3.0456,3.0526,3.0456,3.0511,73
2026-02-02 20:00:00,3.0466,3.0466,3.0416,3.0436,3.0516,3.0516,3.0466,3.0486,71
2026-02-02 20:01:00,3.0431,3.0701,3.0426,3.0701,3.0481,3.0751,3.0476,3.0751,136
2026-02-02 20:02:00,3.0716,3.0816,3.0676,3.0701,3.0766,3.0866,3.0726,3.0751,154
2026-02-02 20:03:00,3.0696,3.0716,3.0546,3.0586,3.0746,3.0766,3.0596,3.0636,92
2026-02-02 20:04:00,3.0576,3.0591,3.0486,3.0496,3.0626,3.0641,3.0536,3.0546,58
2026-02-02 20:05:00,3.0506,3.0526,3.0466,3.0511,3.0556,3.0576,3.0516,3.0561,47
2026-02-02 20:06:00,3.0516,3.0516,3.0416,3.0456,3.0566,3.0566,3.0466,3.0506,88
2026-02-02 20:07:00,3.0446,3.0476,3.0416,3.0436,3.0496,3.0526,3.0466,3.0486,65
2026-02-02 20:08:00,3.0431,3.0456,3.0346,3.0351,3.0481,3.0506,3.0396,3.0401,93
2026-02-02 20:09:00,3.0336,3.0356,3.0306,3.0331,3.0386,3.0406,3.0356,3.0381,86
2026-02-02 20:10:00,3.0346,3.0466,3.0326,3.0416,3.0396,3.0516,3.0376,3.0466,88
2026-02-02 20:11:00,3.0426,3.0466,3.0356,3.0386,3.0476,3.0516,3.0406,3.0436,122
2026-02-02 20:12:00,3.0381,3.0446,3.0356,3.0416,3.0431,3.0496,3.0406,3.0466,80
2026-02-02 20:13:00,3.0421,3.0451,3.0356,3.0366,3.0471,3.0501,3.0406,3.0416,65
2026-02-02 20:14:00,3.0376,3.0456,3.0351,3.0436,3.0426,3.0506,3.0401,3.0486,69
2026-02-02 20:15:00,3.0431,3.0466,3.0371,3.0391,3.0481,3.0516,3.0421,3.0441,99
2026-02-02 20:16:00,3.0386,3.0406,3.0286,3.0296,3.0436,3.0456,3.0336,3.0346,110
2026-02-02 20:17:00,3.0291,3.0316,3.0246,3.0296,3.0341,3.0366,3.0296,3.0346,81
2026-02-02 20:18:00,3.0301,3.0386,3.0276,3.0296,3.0351,3.0436,3.0326,3.0346,66
2026-02-02 20:19:00,3.0301,3.0316,3.0276,3.0286,3.0351,3.0366,3.0326,3.0336,50
2026-02-02 20:20:00,3.0296,3.0716,3.0281,3.0666,3.0346,3.0766,3.0331,3.0716,204
2026-02-02 20:21:00,3.0676,3.0756,3.0636,3.0646,3.0726,3.0806,3.0686,3.0696,147
2026-02-02 20:22:00,3.0651,3.0706,3.0386,3.0406,3.0701,3.0756,3.0436,3.0456,175
2026-02-02 20:23:00,3.0421,3.0426,3.0316,3.0426,3.0471,3.0476,3.0366,3.0476,96
2026-02-02 20:24:00,3.0416,3.0486,3.0346,3.0436,3.0466,3.0536,3.0396,3.0486,132
2026-02-02 20:25:00,3.0451,3.0561,3.0411,3.0496,3.0501,3.0611,3.0461,3.0546,203
2026-02-02 20:26:00,3.0501,3.0521,3.0386,3.0401,3.0551,3.0571,3.0436,3.0451,155
2026-02-02 20:27:00,3.0411,3.0726,3.0411,3.0706,3.0461,3.0776,3.0461,3.0756,219
2026-02-02 20:28:00,3.0696,3.1086,3.0686,3.1021,3.0746,3.1136,3.0736,3.1071,501
2026-02-02 20:29:00,3.1016,3.1256,3.1016,3.1216,3.1066,3.1306,3.1066,3.1266,376
2026-02-02 20:30:00,3.1206,3.1466,3.1206,3.1331,3.1256,3.1516,3.1256,3.1381,318
2026-02-02 20:31:00,3.1316,3.1336,3.1251,3.1291,3.1366,3.1386,3.1301,3.1341,132
2026-02-02 20:32:00,3.1296,3.1386,3.1286,3.1336,3.1346,3.1436,3.1336,3.1386,125
2026-02-02 20:33:00,3.1341,3.1366,3.1236,3.1326,3.1391,3.1416,3.1286,3.1376,130
2026-02-02 20:34:00,3.1316,3.1336,3.1236,3.1281,3.1366,3.1386,3.1286,3.1331,101
2026-02-02 20:35:00,3.1286,3.1436,3.1266,3.1396,3.1336,3.1486,3.1316,3.1446,129
2026-02-02 20:36:00,3.1406,3.1456,3.1376,3.1441,3.1456,3.1506,3.1426,3.1491,114
2026-02-02 20:37:00,3.1451,3.1526,3.1396,3.1506,3.1501,3.1576,3.1446,3.1556,105
2026-02-02 20:38:00,3.1526,3.1526,3.1346,3.1406,3.1576,3.1576,3.1396,3.1456,87
2026-02-02 20:39:00,3.1416,3.1476,3.1356,3.1436,3.1466,3.1526,3.1406,3.1486,62
2026-02-02 20:40:00,3.1426,3.1476,3.1366,3.1396,3.1476,3.1526,3.1416,3.1446,83
2026-02-02 20:41:00,3.1406,3.1486,3.1381,3.1451,3.1456,3.1536,3.1431,3.1501,58
2026-02-02 20:42:00,3.1456,3.1496,3.1376,3.1476,3.1506,3.1546,3.1426,3.1526,59
2026-02-02 20:43:00,3.1496,3.1566,3.1466,3.1476,3.1546,3.1616,3.1516,3.1526,72
2026-02-02 20:44:00,3.1481,3.1526,3.1456,3.1511,3.1531,3.1576,3.1506,3.1561,65
2026-02-02 20:45:00,3.1516,3.1516,3.1421,3.1441,3.1566,3.1566,3.1471,3.1491,47
2026-02-02 20:46:00,3.1436,3.1486,3.1406,3.1436,3.1486,3.1536,3.1456,3.1486,56
2026-02-02 20:47:00,3.1426,3.1486,3.1386,3.1386,3.1476,3.1536,3.1436,3.1436,56
2026-02-02 20:48:00,3.1396,3.1436,3.1376,3.1431,3.1446,3.1486,3.1426,3.1481,58
2026-02-02 20:49:00,3.1436,3.1456,3.1396,3.1446,3.1486,3.1506,3.1446,3.1496,55
2026-02-02 20:50:00,3.1456,3.1456,3.1376,3.1401,3.1506,3.1506,3.1426,3.1451,44
2026-02-02 20:51:00,3.1406,3.1451,3.1386,3.1386,3.1456,3.1501,3.1436,3.1436,42
2026-02-02 20:52:00,3.1396,3.1456,3.1396,3.1441,3.1446,3.1506,3.1446,3.1491,46
2026-02-02 20:53:00,3.1446,3.1556,3.1426,3.1551,3.1496,3.1606,3.1476,3.1601,66
2026-02-02 20:54:00,3.1546,3.1546,3.1446,3.1466,3.1596,3.1596,3.1496,3.1516,54
2026-02-02 20:55:00,3.1476,3.1546,3.1446,3.1526,3.1526,3.1596,3.1496,3.1576,92
2026-02-02 20:56:00,3.1536,3.1551,3.1456,3.1461,3.1586,3.1601,3.1506,3.1511,45
2026-02-02 20:57:00,3.1466,3.1496,3.1456,3.1491,3.1516,3.1546,3.1506,3.1541,31
2026-02-02 20:58:00,3.1486,3.1516,3.1476,3.1481,3.1536,3.1566,3.1526,3.1531,44
2026-02-02 20:59:00,3.1476,3.1501,3.1296,3.1401,3.1526,3.1551,3.1346,3.1451,112
2026-02-02 21:00:00,3.1396,3.1406,3.1296,3.1406,3.1446,3.1456,3.1346,3.1456,92
2026-02-02 21:01:00,3.1416,3.1426,3.1346,3.1371,3.1466,3.1476,3.1396,3.1421,49
2026-02-02 21:02:00,3.1376,3.1446,3.1366,3.1436,3.1426,3.1496,3.1416,3.1486,45
2026-02-02 21:03:00,3.1426,3.1476,3.1396,3.1416,3.1476,3.1526,3.1446,3.1466,38
2026-02-02 21:04:00,3.1421,3.1431,3.1386,3.1426,3.1471,3.1481,3.1436,3.1476,37
2026-02-02 21:05:00,3.1416,3.1476,3.1371,3.1371,3.1466,3.1526,3.1421,3.1421,48
2026-02-02 21:06:00,3.1381,3.1421,3.1356,3.1411,3.1431,3.1471,3.1406,3.1461,73
2026-02-02 21:07:00,3.1421,3.1421,3.1346,3.1346,3.1471,3.1471,3.1396,3.1396,31
2026-02-02 21:08:00,3.1341,3.1341,3.1236,3.1271,3.1391,3.1391,3.1286,3.1321,43
2026-02-02 21:09:00,3.1276,3.1296,3.1246,3.1296,3.1326,3.1346,3.1296,3.1346,23
2026-02-02 21:10:00,3.1306,3.1336,3.1186,3.1221,3.1356,3.1386,3.1236,3.1271,48
2026-02-02 21:11:00,3.1226,3.1276,3.1206,3.1256,3.1276,3.1326,3.1256,3.1306,35
2026-02-02 21:12:00,3.1251,3.1256,3.1236,3.1241,3.1301,3.1306,3.1286,3.1291,16
2026-02-02 21:13:00,3.1246,3.1346,3.1246,3.1331,3.1296,3.1396,3.1296,3.1381,35
2026-02-02 21:14:00,3.1336,3.1336,3.1286,3.1291,3.1386,3.1386,3.1336,3.1341,18
2026-02-02 21:15:00,3.1306,3.1306,3.1266,3.1276,3.1356,3.1356,3.1316,3.1326,26
2026-02-02 21:16:00,3.1286,3.1296,3.1256,3.1276,3.1336,3.1346,3.1306,3.1326,33
2026-02-02 21:17:00,3.1271,3.1291,3.1246,3.1291,3.1321,3.1341,3.1296,3.1341,28
2026-02-02 21:18:00,3.1286,3.1306,3.1281,3.1306,3.1336,3.1356,3.1331,3.1356,25
2026-02-02 21:19:00,3.1301,3.1356,3.1296,3.1341,3.1351,3.1406,3.1346,3.1391,25
2026-02-02 21:20:00,3.1336,3.1396,3.1331,3.1386,3.1386,3.1446,3.1381,3.1436,41
2026-02-02 21:21:00,3.1381,3.1396,3.1296,3.1351,3.1431,3.1446,3.1346,3.1401,34
2026-02-02 21:22:00,3.1346,3.1371,3.1336,3.1351,3.1396,3.1421,3.1386,3.1401,24
2026-02-02 21:23:00,3.1346,3.1376,3.1316,3.1351,3.1396,3.1426,3.1366,3.1401,34
2026-02-02 21:24:00,3.1346,3.1386,3.1341,3.1366,3.1396,3.1436,3.1391,3.1416,29
2026-02-02 21:25:00,3.1361,3.1366,3.1336,3.1356,3.1411,3.1416,3.1386,3.1406,24
2026-02-02 21:26:00,3.1361,3.1361,3.1286,3.1296,3.1411,3.1411,3.1336,3.1346,41
2026-02-02 21:27:00,3.1281,3.1286,3.1246,3.1276,3.1331,3.1336,3.1296,3.1326,27
2026-02-02 21:28:00,3.1281,3.1351,3.1281,3.1336,3.1331,3.1401,3.1331,3.1386,22
2026-02-02 21:29:00,3.1346,3.1356,3.1336,3.1356,3.1396,3.1406,3.1386,3.1406,18
2026-02-02 21:30:00,3.1346,3.1366,3.1281,3.1301,3.1396,3.1416,3.1331,3.1351,45
2026-02-02 21:31:00,3.1296,3.1316,3.1266,3.1296,3.1346,3.1366,3.1316,3.1346,29
2026-02-02 21:32:00,3.1306,3.1316,3.1276,3.1286,3.1356,3.1366,3.1326,3.1336,22
2026-02-02 21:33:00,3.1281,3.1291,3.1256,3.1256,3.1331,3.1341,3.1306,3.1306,19
2026-02-02 21:34:00,3.1266,3.1281,3.1251,3.1276,3.1316,3.1331,3.1301,3.1326,14
2026-02-02 21:35:00,3.1271,3.1276,3.1256,3.1266,3.1321,3.1326,3.1306,3.1316,12
2026-02-02 21:36:00,3.1256,3.1256,3.1236,3.1256,3.1306,3.1306,3.1286,3.1306,27
2026-02-02 21:37:00,3.1266,3.1356,3.1266,3.1306,3.1316,3.1406,3.1316,3.1356,26
2026-02-02 21:38:00,3.1311,3.1336,3.1296,3.1321,3.1361,3.1386,3.1346,3.1371,17
2026-02-02 21:39:00,3.1316,3.1341,3.1316,3.1341,3.1366,3.1391,3.1366,3.1391,14
2026-02-02 21:40:00,3.1336,3.1351,3.1316,3.1351,3.1386,3.1401,3.1366,3.1401,19
2026-02-02 21:41:00,3.1346,3.1366,3.1296,3.1301,3.1396,3.1416,3.1346,3.1351,31
2026-02-02 21:42:00,3.1306,3.1326,3.1281,3.1286,3.1356,3.1376,3.1331,3.1336,24
2026-02-02 21:43:00,3.1281,3.1301,3.1271,3.1276,3.1331,3.1351,3.1321,3.1326,27
2026-02-02 21:44:00,3.1286,3.1326,3.1276,3.1311,3.1336,3.1376,3.1326,3.1361,20
2026-02-02 21:45:00,3.1316,3.1346,3.1296,3.1316,3.1366,3.1396,3.1346,3.1366,22
2026-02-02 21:46:00,3.1326,3.1326,3.1246,3.1251,3.1376,3.1376,3.1296,3.1301,26
2026-02-02 21:47:00,3.1256,3.1296,3.1236,3.1276,3.1306,3.1346,3.1286,3.1326,39
2026-02-02 21:48:00,3.1281,3.1316,3.1236,3.1261,3.1331,3.1366,3.1286,3.1311,34
2026-02-02 21:49:00,3.1271,3.1286,3.1266,3.1276,3.1321,3.1336,3.1316,3.1326,21
2026-02-02 21:50:00,3.1281,3.1291,3.1256,3.1276,3.1331,3.1341,3.1306,3.1326,18
2026-02-02 21:51:00,3.1271,3.1276,3.1196,3.1226,3.1321,3.1326,3.1246,3.1276,24
2026-02-02 21:52:00,3.1221,3.1226,3.1176,3.1201,3.1271,3.1276,3.1226,3.1251,31
2026-02-02 21:53:00,3.1216,3.1226,3.1186,3.1221,3.1266,3.1276,3.1236,3.1271,21
2026-02-02 21:54:00,3.1231,3.1246,3.1196,3.1246,3.1281,3.1296,3.1246,3.1296,27
2026-02-02 21:55:00,3.1241,3.1276,3.1226,3.1236,3.1291,3.1326,3.1276,3.1286,25
2026-02-02 21:56:00,3.1241,3.1296,3.1241,3.1281,3.1291,3.1346,3.1291,3.1331,32
2026-02-02 21:57:00,3.1286,3.1346,3.1286,3.1331,3.1336,3.1396,3.1336,3.1381,34
2026-02-02 21:58:00,3.1326,3.1396,3.1316,3.1386,3.1376,3.1446,3.1366,3.1436,44
2026-02-02 21:59:00,3.1391,3.1421,3.1376,3.1391,3.1441,3.1471,3.1426,3.1441,97
2026-02-02 22:00:00,3.1396,3.1396,3.1366,3.1366,3.1446,3.1446,3.1416,3.1416,16
2026-02-02 22:01:00,3.1356,3.1356,3.1296,3.1296,3.1406,3.1406,3.1346,3.1346,10
2026-02-02 22:02:00,3.1286,3.1286,3.1246,3.1266,3.1336,3.1336,3.1296,3.1316,17
2026-02-02 22:03:00,3.1271,3.1281,3.1271,3.1281,3.1321,3.1331,3.1321,3.1331,5
2026-02-02 22:04:00,3.1291,3.1331,3.1291,3.1326,3.1341,3.1381,3.1341,3.1376,12
2026-02-02 22:05:00,3.1331,3.1346,3.1306,3.1311,3.1381,3.1396,3.1356,3.1361,9
2026-02-02 22:06:00,3.1321,3.1321,3.1311,3.1316,3.1371,3.1371,3.1361,3.1366,3
2026-02-02 22:07:00,3.1321,3.1336,3.1316,3.1331,3.1371,3.1386,3.1366,3.1381,7
2026-02-02 22:08:00,3.1336,3.1381,3.1336,3.1381,3.1386,3.1431,3.1386,3.1431,8
2026-02-02 22:09:00,3.1376,3.1406,3.1376,3.1406,3.1426,3.1456,3.1426,3.1456,6
2026-02-02 22:10:00,3.1401,3.1436,3.1396,3.1406,3.1451,3.1486,3.1446,3.1456,15
2026-02-02 22:11:00,3.1416,3.1426,3.1416,3.1426,3.1466,3.1476,3.1466,3.1476,7
2026-02-02 22:12:00,3.1431,3.1436,3.1406,3.1431,3.1481,3.1486,3.1456,3.1481,15
2026-02-02 22:13:00,3.1436,3.1446,3.1411,3.1436,3.1486,3.1496,3.1461,3.1486,10
2026-02-02 22:14:00,3.1431,3.1441,3.1421,3.1441,3.1481,3.1491,3.1471,3.1491,7
2026-02-02 22:15:00,3.1436,3.1436,3.1386,3.1391,3.1486,3.1486,3.1436,3.1441,9
2026-02-02 22:16:00,3.1396,3.1431,3.1396,3.1431,3.1446,3.1481,3.1446,3.1481,9
2026-02-02 22:17:00,3.1426,3.1436,3.1396,3.1406,3.1476,3.1486,3.1446,3.1456,9
2026-02-02 22:18:00,3.1401,3.1401,3.1336,3.1356,3.1451,3.1451,3.1386,3.1406,22
2026-02-02 22:19:00,3.1361,3.1371,3.1361,3.1371,3.1411,3.1421,3.1411,3.1421,3
2026-02-02 22:20:00,3.1366,3.1366,3.1346,3.1351,3.1416,3.1416,3.1396,3.1401,8
2026-02-02 22:21:00,3.1346,3.1411,3.1346,3.1371,3.1396,3.1461,3.1396,3.1421,27
2026-02-02 22:22:00,3.1366,3.1376,3.1351,3.1371,3.1416,3.1426,3.1401,3.1421,11
2026-02-02 22:23:00,3.1376,3.1396,3.1356,3.1361,3.1426,3.1446,3.1406,3.1411,17
2026-02-02 22:24:00,3.1366,3.1371,3.1336,3.1351,3.1416,3.1421,3.1386,3.1401,10
2026-02-02 22:25:00,3.1336,3.1346,3.1326,3.1326,3.1386,3.1396,3.1376,3.1376,8
2026-02-02 22:26:00,3.1336,3.1346,3.1331,3.1331,3.1386,3.1396,3.1381,3.1381,6
2026-02-02 22:27:00,3.1341,3.1346,3.1326,3.1346,3.1391,3.1396,3.1376,3.1396,7
2026-02-02 22:28:00,3.1341,3.1341,3.1326,3.1331,3.1391,3.1391,3.1376,3.1381,4
2026-02-02 22:29:00,3.1336,3.1336,3.1326,3.1326,3.1386,3.1386,3.1376,3.1376,6
2026-02-02 22:30:00,3.1331,3.1331,3.1331,3.1331,3.1381,3.1381,3.1381,3.1381,1
2026-02-02 22:31:00,3.1336,3.1346,3.1296,3.1296,3.1386,3.1396,3.1346,3.1346,11
2026-02-02 22:32:00,3.1311,3.1311,3.1246,3.1246,3.1361,3.1361,3.1296,3.1296,12
2026-02-02 22:33:00,3.1261,3.1266,3.1241,3.1256,3.1311,3.1316,3.1291,3.1306,13
2026-02-02 22:34:00,3.1266,3.1266,3.1191,3.1196,3.1316,3.1316,3.1241,3.1246,18
2026-02-02 22:35:00,3.1206,3.1226,3.1206,3.1216,3.1256,3.1276,3.1256,3.1266,13
2026-02-02 22:36:00,3.1211,3.1211,3.1136,3.1141,3.1261,3.1261,3.1186,3.1191,21
2026-02-02 22:37:00,3.1146,3.1186,3.1146,3.1176,3.1196,3.1236,3.1196,3.1226,14
2026-02-02 22:38:00,3.1181,3.1186,3.1156,3.1166,3.1231,3.1236,3.1206,3.1216,10
2026-02-02 22:39:00,3.1176,3.1201,3.1176,3.1196,3.1226,3.1251,3.1226,3.1246,11
2026-02-02 22:40:00,3.1206,3.1216,3.1196,3.1196,3.1256,3.1266,3.1246,3.1246,7
2026-02-02 22:42:00,3.1191,3.1226,3.1176,3.1201,3.1241,3.1276,3.1226,3.1251,12
2026-02-02 22:43:00,3.1211,3.1211,3.1186,3.1191,3.1261,3.1261,3.1236,3.1241,9
2026-02-02 22:44:00,3.1186,3.1186,3.1171,3.1171,3.1236,3.1236,3.1221,3.1221,6
2026-02-02 22:45:00,3.1181,3.1186,3.1176,3.1186,3.1231,3.1236,3.1226,3.1236,4
2026-02-02 22:46:00,3.1191,3.1251,3.1191,3.1251,3.1241,3.1301,3.1241,3.1301,10
2026-02-02 22:47:00,3.1246,3.1246,3.1226,3.1236,3.1296,3.1296,3.1276,3.1286,8
2026-02-02 22:48:00,3.1226,3.1236,3.1226,3.1236,3.1276,3.1286,3.1276,3.1286,4
2026-02-02 22:49:00,3.1246,3.1246,3.1226,3.1226,3.1296,3.1296,3.1276,3.1276,6
2026-02-02 22:50:00,3.1231,3.1261,3.1226,3.1256,3.1281,3.1311,3.1276,3.1306,18
2026-02-02 22:51:00,3.1261,3.1276,3.1261,3.1276,3.1311,3.1326,3.1311,3.1326,4
2026-02-02 22:52:00,3.1286,3.1326,3.1246,3.1246,3.1336,3.1376,3.1296,3.1296,12
2026-02-02 22:53:00,3.1251,3.1256,3.1236,3.1256,3.1301,3.1306,3.1286,3.1306,7
2026-02-02 22:54:00,3.1266,3.1336,3.1266,3.1321,3.1316,3.1386,3.1316,3.1371,17
2026-02-02 22:55:00,3.1316,3.1386,3.1306,3.1366,3.1366,3.1436,3.1356,3.1416,17
2026-02-02 22:56:00,3.1361,3.1361,3.1331,3.1351,3.1411,3.1411,3.1381,3.1401,15
2026-02-02 22:57:00,3.1346,3.1346,3.1316,3.1316,3.1396,3.1396,3.1366,3.1366,7
2026-02-02 22:58:00,3.1326,3.1371,3.1316,3.1331,3.1376,3.1421,3.1366,3.1381,29
2026-02-02 22:59:00,3.1326,3.2346,3.1316,3.2326,3.1376,3.2396,3.1366,3.2376,24
2026-02-03 00:00:00,3.2321,3.2386,3.2231,3.2271,3.2371,3.2436,3.2281,3.2321,82
2026-02-03 00:01:00,3.2266,3.2271,3.2216,3.2216,3.2316,3.2321,3.2266,3.2266,17
2026-02-03 00:02:00,3.2221,3.2251,3.2221,3.2241,3.2271,3.2301,3.2271,3.2291,15
2026-02-03 00:03:00,3.2246,3.2271,3.2246,3.2246,3.2296,3.2321,3.2296,3.2296,10
2026-02-03 00:04:00,3.2256,3.2311,3.2256,3.2311,3.2306,3.2361,3.2306,3.2361,47
2026-02-03 00:05:00,3.2306,3.2366,3.2306,3.2366,3.2356,3.2416,3.2356,3.2416,39
2026-02-03 00:06:00,3.2356,3.2386,3.2356,3.2361,3.2406,3.2436,3.2406,3.2411,9
2026-02-03 00:07:00,3.2406,3.2426,3.2376,3.2411,3.2456,3.2476,3.2426,3.2461,10
2026-02-03 00:08:00,3.2406,3.2461,3.2406,3.2451,3.2456,3.2511,3.2456,3.2501,12
2026-02-03 00:09:00,3.2461,3.2501,3.2461,3.2466,3.2511,3.2551,3.2511,3.2516,12
2026-02-03 00:10:00,3.2461,3.2466,3.2441,3.2441,3.2511,3.2516,3.2491,3.2491,6
2026-02-03 00:11:00,3.2451,3.2451,3.2441,3.2451,3.2501,3.2501,3.2491,3.2501,7
2026-02-03 00:12:00,3.2456,3.2456,3.2436,3.2436,3.2506,3.2506,3.2486,3.2486,5
2026-02-03 00:13:00,3.2426,3.2426,3.2411,3.2411,3.2476,3.2476,3.2461,3.2461,2
2026-02-03 00:14:00,3.2406,3.2406,3.2406,3.2406,3.2456,3.2456,3.2456,3.2456,1
2026-02-03 00:15:00,3.2396,3.2396,3.2361,3.2361,3.2446,3.2446,3.2411,3.2411,6
2026-02-03 00:16:00,3.2356,3.2356,3.2331,3.2331,3.2406,3.2406,3.2381,3.2381,5
2026-02-03 00:17:00,3.2316,3.2396,3.2306,3.2356,3.2366,3.2446,3.2356,3.2406,15
2026-02-03 00:18:00,3.2346,3.2346,3.2321,3.2321,3.2396,3.2396,3.2371,3.2371,5
2026-02-03 00:19:00,3.2316,3.2316,3.2296,3.2311,3.2366,3.2366,3.2346,3.2361,5
2026-02-03 00:20:00,3.2306,3.2316,3.2306,3.2316,3.2356,3.2366,3.2356,3.2366,2
2026-02-03 00:21:00,3.2311,3.2311,3.2311,3.2311,3.2361,3.2361,3.2361,3.2361,1
2026-02-03 00:22:00,3.2316,3.2316,3.2251,3.2256,3.2366,3.2366,3.2301,3.2306,6
2026-02-03 00:23:00,3.2251,3.2251,3.2176,3.2191,3.2301,3.2301,3.2226,3.2241,17
2026-02-03 00:24:00,3.2186,3.2186,3.2146,3.2146,3.2236,3.2236,3.2196,3.2196,4
2026-02-03 00:25:00,3.2141,3.2156,3.2116,3.2136,3.2191,3.2206,3.2166,3.2186,13
2026-02-03 00:26:00,3.2121,3.2136,3.2106,3.2121,3.2171,3.2186,3.2156,3.2171,7
2026-02-03 00:27:00,3.2126,3.2191,3.2126,3.2191,3.2176,3.2241,3.2176,3.2241,19
2026-02-03 00:28:00,3.2186,3.2186,3.2146,3.2146,3.2236,3.2236,3.2196,3.2196,5
2026-02-03 00:29:00,3.2141,3.2156,3.2141,3.2156,3.2191,3.2206,3.2191,3.2206,2
2026-02-03 00:30:00,3.2161,3.2196,3.2156,3.2156,3.2211,3.2246,3.2206,3.2206,9
2026-02-03 00:31:00,3.2131,3.2146,3.2131,3.2146,3.2181,3.2196,3.2181,3.2196,4
2026-02-03 00:32:00,3.2131,3.2131,3.2066,3.2066,3.2181,3.2181,3.2116,3.2116,12
2026-02-03 00:33:00,3.2071,3.2086,3.2061,3.2071,3.2121,3.2136,3.2111,3.2121,7
2026-02-03 00:34:00,3.2066,3.2081,3.2046,3.2046,3.2116,3.2131,3.2096,3.2096,11
2026-02-03 00:35:00,3.2036,3.2036,3.2021,3.2031,3.2086,3.2086,3.2071,3.2081,7
2026-02-03 00:36:00,3.2021,3.2046,3.1996,3.2036,3.2071,3.2096,3.2046,3.2086,14
2026-02-03 00:37:00,3.2031,3.2031,3.1986,3.1986,3.2081,3.2081,3.2036,3.2036,7
2026-02-03 00:38:00,3.1981,3.1981,3.1871,3.1896,3.2031,3.2031,3.1921,3.1946,29
2026-02-03 00:39:00,3.1911,3.1956,3.1911,3.1931,3.1961,3.2006,3.1961,3.1981,24
2026-02-03 00:40:00,3.1936,3.1941,3.1926,3.1926,3.1986,3.1991,3.1976,3.1976,4
2026-02-03 00:41:00,3.1921,3.1921,3.1906,3.1911,3.1971,3.1971,3.1956,3.1961,4
2026-02-03 00:42:00,3.1916,3.1951,3.1916,3.1946,3.1966,3.2001,3.1966,3.1996,14
2026-02-03 00:43:00,3.1931,3.1946,3.1916,3.1931,3.1981,3.1996,3.1966,3.1981,8
2026-02-03 00:44:00,3.1926,3.1966,3.1926,3.1966,3.1976,3.2016,3.1976,3.2016,5
2026-02-03 00:45:00,3.1961,3.2021,3.1951,3.2011,3.2011,3.2071,3.2001,3.2061,17
2026-02-03 00:46:00,3.1996,3.1996,3.1956,3.1986,3.2046,3.2046,3.2006,3.2036,14
2026-02-03 00:47:00,3.1996,3.2016,3.1996,3.2001,3.2046,3.2066,3.2046,3.2051,9
2026-02-03 00:48:00,3.1991,3.1991,3.1971,3.1976,3.2041,3.2041,3.2021,3.2026,3
2026-02-03 00:49:00,3.1981,3.1991,3.1971,3.1971,3.2031,3.2041,3.2021,3.2021,6
2026-02-03 00:50:00,3.1966,3.1976,3.1956,3.1976,3.2016,3.2026,3.2006,3.2026,4
2026-02-03 00:51:00,3.1971,3.1971,3.1971,3.1971,3.2021,3.2021,3.2021,3.2021,1
2026-02-03 00:52:00,3.1966,3.1966,3.1966,3.1966,3.2016,3.2016,3.2016,3.2016,1
2026-02-03 00:53:00,3.1976,3.1976,3.1976,3.1976,3.2026,3.2026,3.2026,3.2026,1
2026-02-03 00:54:00,3.1971,3.1971,3.1951,3.1956,3.2021,3.2021,3.2001,3.2006,4
2026-02-03 00:55:00,3.1951,3.1966,3.1951,3.1961,3.2001,3.2016,3.2001,3.2011,4
2026-02-03 00:56:00,3.1966,3.1986,3.1966,3.1966,3.2016,3.2036,3.2016,3.2016,6
2026-02-03 00:57:00,3.1971,3.1971,3.1971,3.1971,3.2021,3.2021,3.2021,3.2021,1
2026-02-03 00:58:00,3.1966,3.1986,3.1966,3.1981,3.2016,3.2036,3.2016,3.2031,4
2026-02-03 00:59:00,3.1986,3.1991,3.1966,3.1991,3.2036,3.2041,3.2016,3.2041,6
2026-02-03 01:00:00,3.2001,3.2026,3.2001,3.2011,3.2051,3.2076,3.2051,3.2061,10
2026-02-03 01:01:00,3.2006,3.2016,3.1976,3.2016,3.2056,3.2066,3.2026,3.2066,14
2026-02-03 01:02:00,3.2026,3.2131,3.2026,3.2116,3.2076,3.2181,3.2076,3.2166,30
2026-02-03 01:03:00,3.2126,3.2161,3.2106,3.2161,3.2176,3.2211,3.2156,3.2211,30
2026-02-03 01:04:00,3.2171,3.2236,3.2171,3.2196,3.2221,3.2286,3.2221,3.2246,20
2026-02-03 01:05:00,3.2201,3.2246,3.2186,3.2186,3.2251,3.2296,3.2236,3.2236,14
2026-02-03 01:06:00,3.2196,3.2226,3.2176,3.2196,3.2246,3.2276,3.2226,3.2246,21
2026-02-03 01:07:00,3.2201,3.2211,3.2186,3.2211,3.2251,3.2261,3.2236,3.2261,10
2026-02-03 01:08:00,3.2206,3.2231,3.2191,3.2206,3.2256,3.2281,3.2241,3.2256,13
2026-02-03 01:09:00,3.2196,3.2236,3.2191,3.2216,3.2246,3.2286,3.2241,3.2266,11
2026-02-03 01:10:00,3.2226,3.2226,3.2201,3.2211,3.2276,3.2276,3.2251,3.2261,12
2026-02-03 01:11:00,3.2216,3.2266,3.2201,3.2266,3.2266,3.2316,3.2251,3.2316,10
2026-02-03 01:12:00,3.2261,3.2261,3.2221,3.2241,3.2311,3.2311,3.2271,3.2291,13
2026-02-03 01:13:00,3.2236,3.2241,3.2221,3.2231,3.2286,3.2291,3.2271,3.2281,15
2026-02-03 01:14:00,3.2226,3.2241,3.2201,3.2236,3.2276,3.2291,3.2251,3.2286,17
2026-02-03 01:15:00,3.2231,3.2276,3.2216,3.2261,3.2281,3.2326,3.2266,3.2311,17
2026-02-03 01:16:00,3.2256,3.2256,3.2246,3.2251,3.2306,3.2306,3.2296,3.2301,4
2026-02-03 01:17:00,3.2256,3.2281,3.2256,3.2281,3.2306,3.2331,3.2306,3.2331,7
2026-02-03 01:18:00,3.2276,3.2351,3.2276,3.2346,3.2326,3.2401,3.2326,3.2396,14
2026-02-03 01:19:00,3.2341,3.2366,3.2341,3.2366,3.2391,3.2416,3.2391,3.2416,9
2026-02-03 01:20:00,3.2361,3.2421,3.2346,3.2421,3.2411,3.2471,3.2396,3.2471,16
2026-02-03 01:21:00,3.2431,3.2436,3.2401,3.2421,3.2481,3.2486,3.2451,3.2471,9
2026-02-03 01:22:00,3.2416,3.2441,3.2406,3.2441,3.2466,3.2491,3.2456,3.2491,12
2026-02-03 01:23:00,3.2456,3.2486,3.2456,3.2466,3.2506,3.2536,3.2506,3.2516,12
2026-02-03 01:24:00,3.2486,3.2491,3.2461,3.2466,3.2536,3.2541,3.2511,3.2516,11
2026-02-03 01:25:00,3.2486,3.2501,3.2461,3.2461,3.2536,3.2551,3.2511,3.2511,19
2026-02-03 01:26:00,3.2441,3.2496,3.2441,3.2466,3.2491,3.2546,3.2491,3.2516,22
2026-02-03 01:27:00,3.2456,3.2466,3.2436,3.2466,3.2506,3.2516,3.2486,3.2516,17
2026-02-03 01:28:00,3.2461,3.2466,3.2416,3.2436,3.2511,3.2516,3.2466,3.2486,15
2026-02-03 01:29:00,3.2431,3.2476,3.2426,3.2476,3.2481,3.2526,3.2476,3.2526,12
2026-02-03 01:30:00,3.2471,3.2501,3.2456,3.2501,3.2521,3.2551,3.2506,3.2551,15
2026-02-03 01:31:00,3.2506,3.2591,3.2506,3.2576,3.2556,3.2641,3.2556,3.2626,19
2026-02-03 01:32:00,3.2571,3.2571,3.2511,3.2551,3.2621,3.2621,3.2561,3.2601,15
2026-02-03 01:33:00,3.2546,3.2601,3.2546,3.2566,3.2596,3.2651,3.2596,3.2616,15
2026-02-03 01:34:00,3.2556,3.2586,3.2541,3.2581,3.2606,3.2636,3.2591,3.2631,10
2026-02-03 01:35:00,3.2586,3.2586,3.2561,3.2561,3.2636,3.2636,3.2611,3.2611,5
2026-02-03 01:36:00,3.2556,3.2556,3.2551,3.2556,3.2606,3.2606,3.2601,3.2606,3
2026-02-03 01:37:00,3.2561,3.2591,3.2541,3.2561,3.2611,3.2641,3.2591,3.2611,11
2026-02-03 01:38:00,3.2571,3.2571,3.2541,3.2551,3.2621,3.2621,3.2591,3.2601,7
2026-02-03 01:39:00,3.2561,3.2566,3.2531,3.2531,3.2611,3.2616,3.2581,3.2581,12
2026-02-03 01:40:00,3.2526,3.2546,3.2526,3.2541,3.2576,3.2596,3.2576,3.2591,9
2026-02-03 01:41:00,3.2536,3.2536,3.2531,3.2536,3.2586,3.2586,3.2581,3.2586,3
2026-02-03 01:42:00,3.2546,3.2546,3.2541,3.2541,3.2596,3.2596,3.2591,3.2591,2
2026-02-03 01:43:00,3.2526,3.2541,3.2526,3.2526,3.2576,3.2591,3.2576,3.2576,8
2026-02-03 01:44:00,3.2521,3.2526,3.2516,3.2521,3.2571,3.2576,3.2566,3.2571,5
2026-02-03 01:45:00,3.2526,3.2541,3.2521,3.2541,3.2576,3.2591,3.2571,3.2591,5
2026-02-03 01:46:00,3.2531,3.2566,3.2521,3.2546,3.2581,3.2616,3.2571,3.2596,21
2026-02-03 01:47:00,3.2541,3.2541,3.2531,3.2531,3.2591,3.2591,3.2581,3.2581,6
2026-02-03 01:48:00,3.2541,3.2556,3.2541,3.2551,3.2591,3.2606,3.2591,3.2601,6
2026-02-03 01:49:00,3.2566,3.2566,3.2541,3.2541,3.2616,3.2616,3.2591,3.2591,5
2026-02-03 01:50:00,3.2531,3.2531,3.2531,3.2531,3.2581,3.2581,3.2581,3.2581,1
2026-02-03 01:51:00,3.2536,3.2541,3.2531,3.2531,3.2586,3.2591,3.2581,3.2581,3
2026-02-03 01:52:00,3.2516,3.2516,3.2471,3.2491,3.2566,3.2566,3.2521,3.2541,16
2026-02-03 01:53:00,3.2501,3.2501,3.2476,3.2481,3.2551,3.2551,3.2526,3.2531,7
2026-02-03 01:54:00,3.2476,3.2496,3.2476,3.2496,3.2526,3.2546,3.2526,3.2546,6
2026-02-03 01:55:00,3.2491,3.2491,3.2491,3.2491,3.2541,3.2541,3.2541,3.2541,1
2026-02-03 01:56:00,3.2501,3.2566,3.2501,3.2566,3.2551,3.2616,3.2551,3.2616,17
2026-02-03 01:57:00,3.2561,3.2571,3.2531,3.2561,3.2611,3.2621,3.2581,3.2611,17
2026-02-03 01:58:00,3.2576,3.2631,3.2576,3.2621,3.2626,3.2681,3.2626,3.2671,20
2026-02-03 01:59:00,3.2611,3.2611,3.2576,3.2586,3.2661,3.2661,3.2626,3.2636,10
2026-02-03 02:00:00,3.2591,3.2631,3.2591,3.2591,3.2641,3.2681,3.2641,3.2641,11
2026-02-03 02:01:00,3.2601,3.2601,3.2591,3.2601,3.2651,3.2651,3.2641,3.2651,3
2026-02-03 02:02:00,3.2596,3.2596,3.2546,3.2546,3.2646,3.2646,3.2596,3.2596,11
2026-02-03 02:03:00,3.2551,3.2551,3.2436,3.2456,3.2601,3.2601,3.2486,3.2506,27
2026-02-03 02:04:00,3.2461,3.2486,3.2456,3.2471,3.2511,3.2536,3.2506,3.2521,13
2026-02-03 02:05:00,3.2481,3.2486,3.2481,3.2486,3.2531,3.2536,3.2531,3.2536,2
2026-02-03 02:06:00,3.2491,3.2516,3.2446,3.2456,3.2541,3.2566,3.2496,3.2506,19
2026-02-03 02:07:00,3.2446,3.2456,3.2416,3.2451,3.2496,3.2506,3.2466,3.2501,16
2026-02-03 02:08:00,3.2461,3.2476,3.2431,3.2466,3.2511,3.2526,3.2481,3.2516,36
2026-02-03 02:09:00,3.2461,3.2471,3.2441,3.2446,3.2511,3.2521,3.2491,3.2496,11
2026-02-03 02:10:00,3.2441,3.2441,3.2366,3.2406,3.2491,3.2491,3.2416,3.2456,15
2026-02-03 02:11:00,3.2401,3.2401,3.2381,3.2386,3.2451,3.2451,3.2431,3.2436,5
2026-02-03 02:12:00,3.2376,3.2411,3.2346,3.2346,3.2426,3.2461,3.2396,3.2396,16
2026-02-03 02:13:00,3.2341,3.2366,3.2311,3.2341,3.2391,3.2416,3.2361,3.2391,24
2026-02-03 02:14:00,3.2336,3.2361,3.2326,3.2356,3.2386,3.2411,3.2376,3.2406,8
2026-02-03 02:15:00,3.2361,3.2421,3.2341,3.2416,3.2411,3.2471,3.2391,3.2466,19
2026-02-03 02:16:00,3.2421,3.2431,3.2391,3.2431,3.2471,3.2481,3.2441,3.2481,12
2026-02-03 02:17:00,3.2436,3.2441,3.2386,3.2386,3.2486,3.2491,3.2436,3.2436,12
2026-02-03 02:18:00,3.2381,3.2381,3.2331,3.2336,3.2431,3.2431,3.2381,3.2386,11
2026-02-03 02:19:00,3.2341,3.2341,3.2321,3.2321,3.2391,3.2391,3.2371,3.2371,3
2026-02-03 02:21:00,3.2326,3.2341,3.2296,3.2326,3.2376,3.2391,3.2346,3.2376,23
2026-02-03 02:22:00,3.2331,3.2346,3.2316,3.2331,3.2381,3.2396,3.2366,3.2381,8
2026-02-03 02:23:00,3.2336,3.2346,3.2296,3.2306,3.2386,3.2396,3.2346,3.2356,17
2026-02-03 02:24:00,3.2311,3.2396,3.2311,3.2381,3.2361,3.2446,3.2361,3.2431,28
2026-02-03 02:25:00,3.2366,3.2381,3.2321,3.2361,3.2416,3.2431,3.2371,3.2411,18
2026-02-03 02:26:00,3.2356,3.2366,3.2346,3.2346,3.2406,3.2416,3.2396,3.2396,3
2026-02-03 02:27:00,3.2341,3.2341,3.2286,3.2286,3.2391,3.2391,3.2336,3.2336,9
2026-02-03 02:28:00,3.2281,3.2286,3.2261,3.2281,3.2331,3.2336,3.2311,3.2331,11
2026-02-03 02:29:00,3.2271,3.2271,3.2241,3.2266,3.2321,3.2321,3.2291,3.2316,11
2026-02-03 02:30:00,3.2276,3.2311,3.2241,3.2251,3.2326,3.2361,3.2291,3.2301,12
2026-02-03 02:31:00,3.2261,3.2281,3.2241,3.2241,3.2311,3.2331,3.2291,3.2291,6
2026-02-03 02:32:00,3.2221,3.2221,3.2156,3.2181,3.2271,3.2271,3.2206,3.2231,30
2026-02-03 02:33:00,3.2176,3.2176,3.2161,3.2161,3.2226,3.2226,3.2211,3.2211,2
2026-02-03 02:34:00,3.2151,3.2161,3.2151,3.2161,3.2201,3.2211,3.2201,3.2211,5
2026-02-03 02:35:00,3.2156,3.2206,3.2151,3.2181,3.2206,3.2256,3.2201,3.2231,16
2026-02-03 02:36:00,3.2191,3.2216,3.2166,3.2176,3.2241,3.2266,3.2216,3.2226,26
2026-02-03 02:37:00,3.2171,3.2171,3.2091,3.2111,3.2221,3.2221,3.2141,3.2161,22
2026-02-03 02:38:00,3.2116,3.2166,3.2116,3.2161,3.2166,3.2216,3.2166,3.2211,11
2026-02-03 02:39:00,3.2151,3.2216,3.2141,3.2201,3.2201,3.2266,3.2191,3.2251,16
2026-02-03 02:40:00,3.2211,3.2276,3.2211,3.2276,3.2261,3.2326,3.2261,3.2326,22
2026-02-03 02:41:00,3.2266,3.2276,3.2246,3.2266,3.2316,3.2326,3.2296,3.2316,12
2026-02-03 02:42:00,3.2261,3.2261,3.2236,3.2246,3.2311,3.2311,3.2286,3.2296,4
2026-02-03 02:43:00,3.2241,3.2241,3.2191,3.2196,3.2291,3.2291,3.2241,3.2246,9
2026-02-03 02:44:00,3.2201,3.2206,3.2191,3.2196,3.2251,3.2256,3.2241,3.2246,6
2026-02-03 02:45:00,3.2181,3.2191,3.2171,3.2191,3.2231,3.2241,3.2221,3.2241,5
2026-02-03 02:46:00,3.2186,3.2186,3.2161,3.2161,3.2236,3.2236,3.2211,3.2211,3
2026-02-03 02:47:00,3.2166,3.2166,3.2166,3.2166,3.2216,3.2216,3.2216,3.2216,1
2026-02-03 02:48:00,3.2171,3.2171,3.2161,3.2171,3.2221,3.2221,3.2211,3.2221,5
2026-02-03 02:49:00,3.2176,3.2176,3.2146,3.2146,3.2226,3.2226,3.2196,3.2196,5
2026-02-03 02:50:00,3.2136,3.2231,3.2106,3.2226,3.2186,3.2281,3.2156,3.2276,36
2026-02-03 02:51:00,3.2221,3.2246,3.2221,3.2236,3.2271,3.2296,3.2271,3.2286,9
2026-02-03 02:52:00,3.2241,3.2311,3.2241,3.2311,3.2291,3.2361,3.2291,3.2361,9
2026-02-03 02:53:00,3.2316,3.2346,3.2306,3.2326,3.2366,3.2396,3.2356,3.2376,17
2026-02-03 02:54:00,3.2321,3.2321,3.2316,3.2321,3.2371,3.2371,3.2366,3.2371,3
2026-02-03 02:55:00,3.2316,3.2356,3.2316,3.2351,3.2366,3.2406,3.2366,3.2401,7
2026-02-03 02:56:00,3.2341,3.2356,3.2341,3.2346,3.2391,3.2406,3.2391,3.2396,4
2026-02-03 02:57:00,3.2336,3.2336,3.2311,3.2331,3.2386,3.2386,3.2361,3.2381,6
2026-02-03 02:59:00,3.2346,3.2356,3.2311,3.2311,3.2396,3.2406,3.2361,3.2361,5
2026-02-03 03:00:00,3.2316,3.2351,3.2316,3.2331,3.2366,3.2401,3.2366,3.2381,8
2026-02-03 03:01:00,3.2316,3.2316,3.2206,3.2206,3.2366,3.2366,3.2256,3.2256,35
2026-02-03 03:02:00,3.2211,3.2276,3.2191,3.2241,3.2261,3.2326,3.2241,3.2291,20
2026-02-03 03:03:00,3.2236,3.2296,3.2226,3.2271,3.2286,3.2346,3.2276,3.2321,19
2026-02-03 03:04:00,3.2266,3.2266,3.2241,3.2241,3.2316,3.2316,3.2291,3.2291,4
2026-02-03 03:05:00,3.2261,3.2261,3.2231,3.2231,3.2311,3.2311,3.2281,3.2281,6
2026-02-03 03:06:00,3.2226,3.2231,3.2211,3.2226,3.2276,3.2281,3.2261,3.2276,12
2026-02-03 03:07:00,3.2221,3.2221,3.2171,3.2186,3.2271,3.2271,3.2221,3.2236,15
2026-02-03 03:08:00,3.2176,3.2176,3.2011,3.2101,3.2226,3.2226,3.2061,3.2151,33
2026-02-03 03:09:00,3.2116,3.2141,3.2091,3.2131,3.2166,3.2191,3.2141,3.2181,18
2026-02-03 03:10:00,3.2136,3.2136,3.2121,3.2121,3.2186,3.2186,3.2171,3.2171,3
2026-02-03 03:11:00,3.2111,3.2126,3.2096,3.2116,3.2161,3.2176,3.2146,3.2166,7
2026-02-03 03:12:00,3.2121,3.2121,3.2121,3.2121,3.2171,3.2171,3.2171,3.2171,1
2026-02-03 03:13:00,3.2106,3.2116,3.2091,3.2116,3.2156,3.2166,3.2141,3.2166,5
2026-02-03 03:14:00,3.2111,3.2111,3.2111,3.2111,3.2161,3.2161,3.2161,3.2161,1
2026-02-03 03:15:00,3.2106,3.2106,3.2026,3.2026,3.2156,3.2156,3.2076,3.2076,9
2026-02-03 03:16:00,3.2006,3.2101,3.2006,3.2101,3.2056,3.2151,3.2056,3.2151,13
2026-02-03 03:17:00,3.2106,3.2131,3.2101,3.2121,3.2156,3.2181,3.2151,3.2171,7
2026-02-03 03:18:00,3.2116,3.2151,3.2091,3.2136,3.2166,3.2201,3.2141,3.2186,17
2026-02-03 03:19:00,3.2131,3.2131,3.2106,3.2111,3.2181,3.2181,3.2156,3.2161,4
2026-02-03 03:20:00,3.2116,3.2136,3.2116,3.2136,3.2166,3.2186,3.2166,3.2186,5
2026-02-03 03:21:00,3.2131,3.2136,3.2111,3.2131,3.2181,3.2186,3.2161,3.2181,6
2026-02-03 03:22:00,3.2146,3.2171,3.2141,3.2151,3.2196,3.2221,3.2191,3.2201,9
2026-02-03 03:23:00,3.2146,3.2176,3.2126,3.2146,3.2196,3.2226,3.2176,3.2196,15
2026-02-03 03:24:00,3.2141,3.2176,3.2136,3.2146,3.2191,3.2226,3.2186,3.2196,9
2026-02-03 03:25:00,3.2141,3.2161,3.2141,3.2141,3.2191,3.2211,3.2191,3.2191,7
2026-02-03 03:26:00,3.2136,3.2136,3.2086,3.2111,3.2186,3.2186,3.2136,3.2161,14
2026-02-03 03:27:00,3.2116,3.2121,3.2106,3.2106,3.2166,3.2171,3.2156,3.2156,7
2026-02-03 03:28:00,3.2111,3.2136,3.2086,3.2091,3.2161,3.2186,3.2136,3.2141,13
2026-02-03 03:29:00,3.2086,3.2091,3.2061,3.2076,3.2136,3.2141,3.2111,3.2126,10
2026-02-03 03:30:00,3.2071,3.2071,3.2016,3.2026,3.2121,3.2121,3.2066,3.2076,10
2026-02-03 03:31:00,3.2006,3.2096,3.2006,3.2066,3.2056,3.2146,3.2056,3.2116,29
2026-02-03 03:32:00,3.2061,3.2066,3.2046,3.2046,3.2111,3.2116,3.2096,3.2096,9
2026-02-03 03:33:00,3.2056,3.2061,3.2051,3.2051,3.2106,3.2111,3.2101,3.2101,5
2026-02-03 03:34:00,3.2066,3.2066,3.2036,3.2056,3.2116,3.2116,3.2086,3.2106,7
2026-02-03 03:35:00,3.2051,3.2056,3.2026,3.2056,3.2101,3.2106,3.2076,3.2106,9
2026-02-03 03:36:00,3.2051,3.2066,3.2051,3.2061,3.2101,3.2116,3.2101,3.2111,6
2026-02-03 03:37:00,3.2056,3.2076,3.2011,3.2041,3.2106,3.2126,3.2061,3.2091,16
2026-02-03 03:38:00,3.2021,3.2021,3.2021,3.2021,3.2071,3.2071,3.2071,3.2071,1
2026-02-03 03:39:00,3.2016,3.2031,3.2006,3.2026,3.2066,3.2081,3.2056,3.2076,6
2026-02-03 03:40:00,3.2041,3.2071,3.2026,3.2026,3.2091,3.2121,3.2076,3.2076,11
2026-02-03 03:41:00,3.2021,3.2021,3.2021,3.2021,3.2071,3.2071,3.2071,3.2071,1
2026-02-03 03:42:00,3.2036,3.2041,3.2021,3.2021,3.2086,3.2091,3.2071,3.2071,3
2026-02-03 03:43:00,3.2031,3.2031,3.2031,3.2031,3.2081,3.2081,3.2081,3.2081,1
2026-02-03 03:44:00,3.2026,3.2026,3.2021,3.2021,3.2076,3.2076,3.2071,3.2071,2
2026-02-03 03:45:00,3.2011,3.2021,3.2006,3.2021,3.2061,3.2071,3.2056,3.2071,4
2026-02-03 03:46:00,3.2026,3.2026,3.2021,3.2021,3.2076,3.2076,3.2071,3.2071,2
2026-02-03 03:47:00,3.2036,3.2036,3.2006,3.2011,3.2086,3.2086,3.2056,3.2061,5
2026-02-03 03:48:00,3.2006,3.2006,3.1971,3.1991,3.2056,3.2056,3.2021,3.2041,12
2026-02-03 03:49:00,3.1976,3.2006,3.1976,3.1981,3.2026,3.2056,3.2026,3.2031,12
2026-02-03 03:50:00,3.1976,3.2006,3.1976,3.1981,3.2026,3.2056,3.2026,3.2031,8
2026-02-03 03:51:00,3.1986,3.1986,3.1956,3.1956,3.2036,3.2036,3.2006,3.2006,4
2026-02-03 03:52:00,3.1946,3.1946,3.1896,3.1931,3.1996,3.1996,3.1946,3.1981,39
2026-02-03 03:53:00,3.1921,3.1931,3.1811,3.1856,3.1971,3.1981,3.1861,3.1906,32
2026-02-03 03:54:00,3.1866,3.1871,3.1766,3.1781,3.1916,3.1921,3.1816,3.1831,27
2026-02-03 03:55:00,3.1776,3.1811,3.1776,3.1796,3.1826,3.1861,3.1826,3.1846,10
2026-02-03 03:56:00,3.1801,3.1866,3.1801,3.1836,3.1851,3.1916,3.1851,3.1886,19
2026-02-03 03:57:00,3.1831,3.1836,3.1821,3.1836,3.1881,3.1886,3.1871,3.1886,4
2026-02-03 03:59:00,3.1841,3.1856,3.1786,3.1786,3.1891,3.1906,3.1836,3.1836,16
2026-02-03 04:00:00,3.1796,3.1796,3.1721,3.1766,3.1846,3.1846,3.1771,3.1816,18
2026-02-03 04:01:00,3.1776,3.1886,3.1776,3.1856,3.1826,3.1936,3.1826,3.1906,25
2026-02-03 04:02:00,3.1861,3.1881,3.1821,3.1846,3.1911,3.1931,3.1871,3.1896,15
2026-02-03 04:03:00,3.1841,3.1896,3.1836,3.1891,3.1891,3.1946,3.1886,3.1941,10
2026-02-03 04:04:00,3.1896,3.1936,3.1881,3.1901,3.1946,3.1986,3.1931,3.1951,24
2026-02-03 04:05:00,3.1896,3.1896,3.1831,3.1836,3.1946,3.1946,3.1881,3.1886,16
2026-02-03 04:06:00,3.1826,3.1841,3.1816,3.1831,3.1876,3.1891,3.1866,3.1881,6
2026-02-03 04:07:00,3.1851,3.1856,3.1821,3.1821,3.1901,3.1906,3.1871,3.1871,11
2026-02-03 04:08:00,3.1831,3.1851,3.1831,3.1851,3.1881,3.1901,3.1881,3.1901,4
2026-02-03 04:09:00,3.1866,3.1866,3.1851,3.1851,3.1916,3.1916,3.1901,3.1901,8
2026-02-03 04:10:00,3.1856,3.1921,3.1856,3.1921,3.1906,3.1971,3.1906,3.1971,19
2026-02-03 04:11:00,3.1936,3.1941,3.1891,3.1891,3.1986,3.1991,3.1941,3.1941,11
2026-02-03 04:12:00,3.1886,3.1926,3.1881,3.1881,3.1936,3.1976,3.1931,3.1931,11
2026-02-03 04:14:00,3.1886,3.1946,3.1886,3.1941,3.1936,3.1996,3.1936,3.1991,8
2026-02-03 04:15:00,3.1956,3.1961,3.1956,3.1961,3.2006,3.2011,3.2006,3.2011,4
2026-02-03 04:16:00,3.1956,3.1956,3.1951,3.1956,3.2006,3.2006,3.2001,3.2006,3
2026-02-03 04:17:00,3.1951,3.1951,3.1926,3.1936,3.2001,3.2001,3.1976,3.1986,7
2026-02-03 04:18:00,3.1921,3.1926,3.1896,3.1896,3.1971,3.1976,3.1946,3.1946,9
2026-02-03 04:19:00,3.1901,3.1906,3.1901,3.1906,3.1951,3.1956,3.1951,3.1956,2
2026-02-03 04:20:00,3.1901,3.1926,3.1901,3.1926,3.1951,3.1976,3.1951,3.1976,4
2026-02-03 04:21:00,3.1921,3.1936,3.1921,3.1936,3.1971,3.1986,3.1971,3.1986,3
2026-02-03 04:22:00,3.1926,3.1931,3.1911,3.1931,3.1976,3.1981,3.1961,3.1981,7
2026-02-03 04:23:00,3.1941,3.1946,3.1911,3.1911,3.1991,3.1996,3.1961,3.1961,5
2026-02-03 04:24:00,3.1946,3.1966,3.1931,3.1931,3.1996,3.2016,3.1981,3.1981,15
2026-02-03 04:25:00,3.1936,3.1936,3.1926,3.1931,3.1986,3.1986,3.1976,3.1981,4
2026-02-03 04:26:00,3.1926,3.1961,3.1926,3.1956,3.1976,3.2011,3.1976,3.2006,7
2026-02-03 04:27:00,3.1961,3.1961,3.1951,3.1961,3.2011,3.2011,3.2001,3.2011,4
2026-02-03 04:28:00,3.1946,3.1961,3.1916,3.1921,3.1996,3.2011,3.1966,3.1971,11
2026-02-03 04:29:00,3.1926,3.1926,3.1921,3.1921,3.1976,3.1976,3.1971,3.1971,2
2026-02-03 04:30:00,3.1926,3.1926,3.1901,3.1901,3.1976,3.1976,3.1951,3.1951,6
2026-02-03 04:31:00,3.1896,3.1931,3.1896,3.1921,3.1946,3.1981,3.1946,3.1971,13
2026-02-03 04:32:00,3.1911,3.1941,3.1866,3.1926,3.1961,3.1991,3.1916,3.1976,28
2026-02-03 04:33:00,3.1936,3.1996,3.1936,3.1996,3.1986,3.2046,3.1986,3.2046,11
2026-02-03 04:34:00,3.1991,3.2126,3.1991,3.2091,3.2041,3.2176,3.2041,3.2141,26
2026-02-03 04:35:00,3.2096,3.2196,3.2086,3.2156,3.2146,3.2246,3.2136,3.2206,38
2026-02-03 04:36:00,3.2146,3.2171,3.2136,3.2166,3.2196,3.2221,3.2186,3.2216,10
2026-02-03 04:37:00,3.2176,3.2176,3.2141,3.2141,3.2226,3.2226,3.2191,3.2191,12
2026-02-03 04:38:00,3.2136,3.2166,3.2136,3.2156,3.2186,3.2216,3.2186,3.2206,11
2026-02-03 04:39:00,3.2146,3.2151,3.2141,3.2146,3.2196,3.2201,3.2191,3.2196,9
2026-02-03 04:40:00,3.2156,3.2216,3.2156,3.2216,3.2206,3.2266,3.2206,3.2266,11
2026-02-03 04:41:00,3.2211,3.2216,3.2201,3.2206,3.2261,3.2266,3.2251,3.2256,6
2026-02-03 04:42:00,3.2201,3.2201,3.2161,3.2161,3.2251,3.2251,3.2211,3.2211,9
2026-02-03 04:43:00,3.2156,3.2156,3.2126,3.2131,3.2206,3.2206,3.2176,3.2181,14
2026-02-03 04:44:00,3.2136,3.2136,3.2106,3.2116,3.2186,3.2186,3.2156,3.2166,8
2026-02-03 04:45:00,3.2111,3.2111,3.2061,3.2076,3.2161,3.2161,3.2111,3.2126,17
2026-02-03 04:46:00,3.2091,3.2101,3.2091,3.2101,3.2141,3.2151,3.2141,3.2151,3
2026-02-03 04:47:00,3.2106,3.2106,3.2021,3.2051,3.2156,3.2156,3.2071,3.2101,19
2026-02-03 04:48:00,3.2041,3.2041,3.2016,3.2041,3.2091,3.2091,3.2066,3.2091,8
2026-02-03 04:49:00,3.2051,3.2076,3.1996,3.2001,3.2101,3.2126,3.2046,3.2051,19
2026-02-03 04:50:00,3.1996,3.2021,3.1981,3.2011,3.2046,3.2071,3.2031,3.2061,11
2026-02-03 04:51:00,3.2026,3.2051,3.2026,3.2036,3.2076,3.2101,3.2076,3.2086,6
2026-02-03 04:52:00,3.2041,3.2061,3.2031,3.2051,3.2091,3.2111,3.2081,3.2101,6
2026-02-03 04:53:00,3.2056,3.2061,3.2046,3.2051,3.2106,3.2111,3.2096,3.2101,6
2026-02-03 04:54:00,3.2061,3.2061,3.2041,3.2041,3.2111,3.2111,3.2091,3.2091,5
2026-02-03 04:55:00,3.2046,3.2046,3.2006,3.2011,3.2096,3.2096,3.2056,3.2061,10
2026-02-03 04:56:00,3.2016,3.2026,3.1956,3.1966,3.2066,3.2076,3.2006,3.2016,20
2026-02-03 04:57:00,3.1971,3.2001,3.1951,3.1976,3.2021,3.2051,3.2001,3.2026,18
2026-02-03 04:58:00,3.1971,3.2011,3.1971,3.2006,3.2021,3.2061,3.2021,3.2056,7
2026-02-03 04:59:00,3.2001,3.2006,3.2001,3.2006,3.2051,3.2056,3.2051,3.2056,2
2026-02-03 05:00:00,3.2021,3.2041,3.2016,3.2016,3.2071,3.2091,3.2066,3.2066,5
2026-02-03 05:01:00,3.2006,3.2016,3.1966,3.1966,3.2056,3.2066,3.2016,3.2016,25
2026-02-03 05:02:00,3.1971,3.2046,3.1971,3.2036,3.2021,3.2096,3.2021,3.2086,19
2026-02-03 05:03:00,3.2041,3.2051,3.2041,3.2051,3.2091,3.2101,3.2091,3.2101,2
2026-02-03 05:04:00,3.2056,3.2086,3.2056,3.2071,3.2106,3.2136,3.2106,3.2121,6
2026-02-03 05:05:00,3.2076,3.2096,3.2071,3.2096,3.2126,3.2146,3.2121,3.2146,5
2026-02-03 05:06:00,3.2101,3.2116,3.2066,3.2081,3.2151,3.2166,3.2116,3.2131,13
2026-02-03 05:07:00,3.2076,3.2081,3.2066,3.2071,3.2126,3.2131,3.2116,3.2121,7
2026-02-03 05:08:00,3.2076,3.2076,3.2076,3.2076,3.2126,3.2126,3.2126,3.2126,1
2026-02-03 05:09:00,3.2071,3.2071,3.2026,3.2026,3.2121,3.2121,3.2076,3.2076,10
2026-02-03 05:10:00,3.2016,3.2016,3.1981,3.1981,3.2066,3.2066,3.2031,3.2031,18
2026-02-03 05:11:00,3.1986,3.1991,3.1986,3.1986,3.2036,3.2041,3.2036,3.2036,3
2026-02-03 05:12:00,3.1991,3.2001,3.1926,3.1931,3.2041,3.2051,3.1976,3.1981,17
2026-02-03 05:13:00,3.1916,3.1926,3.1916,3.1926,3.1966,3.1976,3.1966,3.1976,4
2026-02-03 05:15:00,3.1916,3.1916,3.1911,3.1911,3.1966,3.1966,3.1961,3.1961,2
2026-02-03 05:16:00,3.1906,3.1916,3.1861,3.1886,3.1956,3.1966,3.1911,3.1936,23
2026-02-03 05:17:00,3.1896,3.1961,3.1896,3.1956,3.1946,3.2011,3.1946,3.2006,14
2026-02-03 05:18:00,3.1951,3.1951,3.1906,3.1906,3.2001,3.2001,3.1956,3.1956,10
2026-02-03 05:19:00,3.1901,3.1906,3.1891,3.1891,3.1951,3.1956,3.1941,3.1941,4
2026-02-03 05:20:00,3.1896,3.1906,3.1896,3.1896,3.1946,3.1956,3.1946,3.1946,5
2026-02-03 05:21:00,3.1886,3.1911,3.1886,3.1891,3.1936,3.1961,3.1936,3.1941,9
2026-02-03 05:22:00,3.1886,3.1886,3.1886,3.1886,3.1936,3.1936,3.1936,3.1936,1
2026-02-03 05:23:00,3.1896,3.1906,3.1881,3.1891,3.1946,3.1956,3.1931,3.1941,10
2026-02-03 05:24:00,3.1881,3.1881,3.1846,3.1856,3.1931,3.1931,3.1896,3.1906,12
2026-02-03 05:25:00,3.1861,3.1861,3.1856,3.1856,3.1911,3.1911,3.1906,3.1906,2
2026-02-03 05:26:00,3.1861,3.1866,3.1861,3.1866,3.1911,3.1916,3.1911,3.1916,2
2026-02-03 05:27:00,3.1876,3.1921,3.1876,3.1901,3.1926,3.1971,3.1926,3.1951,23
2026-02-03 05:28:00,3.1906,3.1906,3.1866,3.1871,3.1956,3.1956,3.1916,3.1921,12
2026-02-03 05:29:00,3.1866,3.1866,3.1851,3.1851,3.1916,3.1916,3.1901,3.1901,7
2026-02-03 05:30:00,3.1841,3.1856,3.1826,3.1831,3.1891,3.1906,3.1876,3.1881,13
2026-02-03 05:31:00,3.1836,3.1876,3.1836,3.1876,3.1886,3.1926,3.1886,3.1926,15
2026-02-03 05:32:00,3.1871,3.1886,3.1856,3.1871,3.1921,3.1936,3.1906,3.1921,7
2026-02-03 05:33:00,3.1876,3.1911,3.1876,3.1901,3.1926,3.1961,3.1926,3.1951,12
2026-02-03 05:34:00,3.1896,3.1896,3.1851,3.1871,3.1946,3.1946,3.1901,3.1921,7
2026-02-03 05:35:00,3.1896,3.1901,3.1796,3.1796,3.1946,3.1951,3.1846,3.1846,12
2026-02-03 05:36:00,3.1801,3.1836,3.1791,3.1801,3.1851,3.1886,3.1841,3.1851,14
2026-02-03 05:37:00,3.1776,3.1846,3.1761,3.1816,3.1826,3.1896,3.1811,3.1866,23
2026-02-03 05:38:00,3.1791,3.1826,3.1791,3.1801,3.1841,3.1876,3.1841,3.1851,13
2026-02-03 05:39:00,3.1796,3.1831,3.1791,3.1791,3.1846,3.1881,3.1841,3.1841,10
2026-02-03 05:40:00,3.1786,3.1791,3.1776,3.1781,3.1836,3.1841,3.1826,3.1831,5
2026-02-03 05:41:00,3.1801,3.1821,3.1631,3.1636,3.1851,3.1871,3.1681,3.1686,26
2026-02-03 05:42:00,3.1631,3.1646,3.1611,3.1611,3.1681,3.1696,3.1661,3.1661,7
2026-02-03 05:43:00,3.1606,3.1606,3.1501,3.1526,3.1656,3.1656,3.1551,3.1576,39
2026-02-03 05:44:00,3.1511,3.1551,3.1511,3.1551,3.1561,3.1601,3.1561,3.1601,10
2026-02-03 05:45:00,3.1546,3.1561,3.1546,3.1561,3.1596,3.1611,3.1596,3.1611,6
2026-02-03 05:46:00,3.1566,3.1566,3.1536,3.1541,3.1616,3.1616,3.1586,3.1591,11
2026-02-03 05:47:00,3.1531,3.1531,3.1521,3.1526,3.1581,3.1581,3.1571,3.1576,4
2026-02-03 05:48:00,3.1531,3.1531,3.1426,3.1456,3.1581,3.1581,3.1476,3.1506,28
2026-02-03 05:49:00,3.1441,3.1496,3.1416,3.1446,3.1491,3.1546,3.1466,3.1496,30
2026-02-03 05:50:00,3.1441,3.1446,3.1396,3.1401,3.1491,3.1496,3.1446,3.1451,19
2026-02-03 05:51:00,3.1406,3.1481,3.1406,3.1456,3.1456,3.1531,3.1456,3.1506,23
2026-02-03 05:52:00,3.1446,3.1506,3.1446,3.1496,3.1496,3.1556,3.1496,3.1546,21
2026-02-03 05:53:00,3.1491,3.1516,3.1486,3.1486,3.1541,3.1566,3.1536,3.1536,11
2026-02-03 05:54:00,3.1476,3.1506,3.1416,3.1416,3.1526,3.1556,3.1466,3.1466,26
2026-02-03 05:55:00,3.1421,3.1431,3.1396,3.1416,3.1471,3.1481,3.1446,3.1466,13
2026-02-03 05:56:00,3.1411,3.1411,3.1396,3.1396,3.1461,3.1461,3.1446,3.1446,10
2026-02-03 05:57:00,3.1391,3.1406,3.1391,3.1396,3.1441,3.1456,3.1441,3.1446,6
2026-02-03 05:58:00,3.1386,3.1486,3.1386,3.1426,3.1436,3.1536,3.1436,3.1476,27
2026-02-03 05:59:00,3.1431,3.1476,3.1396,3.1466,3.1481,3.1526,3.1446,3.1516,40
2026-02-03 06:00:00,3.1471,3.1596,3.1471,3.1576,3.1521,3.1646,3.1521,3.1626,50
2026-02-03 06:01:00,3.1571,3.1691,3.1556,3.1686,3.1621,3.1741,3.1606,3.1736,29
2026-02-03 06:02:00,3.1706,3.1706,3.1621,3.1671,3.1756,3.1756,3.1671,3.1721,30
2026-02-03 06:03:00,3.1661,3.1661,3.1606,3.1641,3.1711,3.1711,3.1656,3.1691,24
2026-02-03 06:04:00,3.1631,3.1631,3.1596,3.1621,3.1681,3.1681,3.1646,3.1671,19
2026-02-03 06:05:00,3.1636,3.1636,3.1581,3.1586,3.1686,3.1686,3.1631,3.1636,10
2026-02-03 06:06:00,3.1601,3.1616,3.1591,3.1606,3.1651,3.1666,3.1641,3.1656,13
2026-02-03 06:07:00,3.1616,3.1696,3.1596,3.1676,3.1666,3.1746,3.1646,3.1726,15
2026-02-03 06:08:00,3.1666,3.1691,3.1666,3.1686,3.1716,3.1741,3.1716,3.1736,9
2026-02-03 06:09:00,3.1681,3.1681,3.1646,3.1661,3.1731,3.1731,3.1696,3.1711,17
2026-02-03 06:10:00,3.1656,3.1661,3.1626,3.1631,3.1706,3.1711,3.1676,3.1681,9
2026-02-03 06:11:00,3.1651,3.1651,3.1636,3.1636,3.1701,3.1701,3.1686,3.1686,5
2026-02-03 06:12:00,3.1641,3.1656,3.1641,3.1646,3.1691,3.1706,3.1691,3.1696,3
2026-02-03 06:13:00,3.1651,3.1666,3.1641,3.1651,3.1701,3.1716,3.1691,3.1701,11
2026-02-03 06:14:00,3.1656,3.1666,3.1656,3.1656,3.1706,3.1716,3.1706,3.1706,4
2026-02-03 06:15:00,3.1661,3.1686,3.1661,3.1681,3.1711,3.1736,3.1711,3.1731,8
2026-02-03 06:16:00,3.1686,3.1696,3.1686,3.1691,3.1736,3.1746,3.1736,3.1741,3
2026-02-03 06:17:00,3.1686,3.1706,3.1681,3.1701,3.1736,3.1756,3.1731,3.1751,7
2026-02-03 06:18:00,3.1686,3.1701,3.1681,3.1686,3.1736,3.1751,3.1731,3.1736,6
2026-02-03 06:19:00,3.1691,3.1716,3.1691,3.1706,3.1741,3.1766,3.1741,3.1756,10
2026-02-03 06:20:00,3.1716,3.1716,3.1701,3.1701,3.1766,3.1766,3.1751,3.1751,8
2026-02-03 06:21:00,3.1696,3.1776,3.1696,3.1761,3.1746,3.1826,3.1746,3.1811,18
2026-02-03 06:22:00,3.1766,3.1786,3.1731,3.1731,3.1816,3.1836,3.1781,3.1781,21
2026-02-03 06:23:00,3.1721,3.1731,3.1701,3.1726,3.1771,3.1781,3.1751,3.1776,9
2026-02-03 06:24:00,3.1716,3.1716,3.1681,3.1686,3.1766,3.1766,3.1731,3.1736,6
2026-02-03 06:25:00,3.1691,3.1711,3.1691,3.1691,3.1741,3.1761,3.1741,3.1741,8
2026-02-03 06:26:00,3.1696,3.1751,3.1691,3.1751,3.1746,3.1801,3.1741,3.1801,7
2026-02-03 06:27:00,3.1756,3.1756,3.1746,3.1746,3.1806,3.1806,3.1796,3.1796,2
2026-02-03 06:28:00,3.1751,3.1771,3.1736,3.1751,3.1801,3.1821,3.1786,3.1801,8
2026-02-03 06:29:00,3.1746,3.1751,3.1731,3.1741,3.1796,3.1801,3.1781,3.1791,7
2026-02-03 06:30:00,3.1746,3.1751,3.1711,3.1721,3.1796,3.1801,3.1761,3.1771,12
2026-02-03 06:31:00,3.1726,3.1731,3.1671,3.1716,3.1776,3.1781,3.1721,3.1766,14
2026-02-03 06:32:00,3.1696,3.1701,3.1681,3.1681,3.1746,3.1751,3.1731,3.1731,6
2026-02-03 06:33:00,3.1676,3.1956,3.1676,3.1956,3.1726,3.2006,3.1726,3.2006,32
2026-02-03 06:34:00,3.1951,3.1951,3.1916,3.1916,3.2001,3.2001,3.1966,3.1966,8
2026-02-03 06:35:00,3.1921,3.1941,3.1896,3.1896,3.1971,3.1991,3.1946,3.1946,12
2026-02-03 06:36:00,3.1901,3.1956,3.1881,3.1881,3.1951,3.2006,3.1931,3.1931,20
2026-02-03 06:37:00,3.1891,3.1951,3.1891,3.1931,3.1941,3.2001,3.1941,3.1981,17
2026-02-03 06:38:00,3.1941,3.1981,3.1941,3.1946,3.1991,3.2031,3.1991,3.1996,16
2026-02-03 06:39:00,3.1961,3.1966,3.1926,3.1936,3.2011,3.2016,3.1976,3.1986,14
2026-02-03 06:40:00,3.1931,3.1971,3.1926,3.1956,3.1981,3.2021,3.1976,3.2006,15
2026-02-03 06:41:00,3.1966,3.1976,3.1866,3.1931,3.2016,3.2026,3.1916,3.1981,27
2026-02-03 06:42:00,3.1936,3.1946,3.1926,3.1936,3.1986,3.1996,3.1976,3.1986,11
2026-02-03 06:43:00,3.1946,3.1966,3.1941,3.1941,3.1996,3.2016,3.1991,3.1991,12
2026-02-03 06:44:00,3.1946,3.1951,3.1931,3.1951,3.1996,3.2001,3.1981,3.2001,6
2026-02-03 06:45:00,3.1956,3.2081,3.1946,3.2061,3.2006,3.2131,3.1996,3.2111,30
2026-02-03 06:46:00,3.2066,3.2161,3.2066,3.2141,3.2116,3.2211,3.2116,3.2191,30
2026-02-03 06:47:00,3.2131,3.2156,3.2091,3.2091,3.2181,3.2206,3.2141,3.2141,22
2026-02-03 06:48:00,3.2096,3.2116,3.2081,3.2101,3.2146,3.2166,3.2131,3.2151,17
2026-02-03 06:49:00,3.2111,3.2111,3.2091,3.2091,3.2161,3.2161,3.2141,3.2141,5
2026-02-03 06:50:00,3.2101,3.2171,3.2101,3.2146,3.2151,3.2221,3.2151,3.2196,17
2026-02-03 06:51:00,3.2161,3.2191,3.2146,3.2186,3.2211,3.2241,3.2196,3.2236,27
2026-02-03 06:52:00,3.2181,3.2201,3.2166,3.2196,3.2231,3.2251,3.2216,3.2246,19
2026-02-03 06:53:00,3.2181,3.2181,3.2136,3.2166,3.2231,3.2231,3.2186,3.2216,31
2026-02-03 06:54:00,3.2171,3.2176,3.2166,3.2176,3.2221,3.2226,3.2216,3.2226,6
2026-02-03 06:55:00,3.2181,3.2186,3.2171,3.2181,3.2231,3.2236,3.2221,3.2231,17
2026-02-03 06:56:00,3.2171,3.2191,3.2156,3.2171,3.2221,3.2241,3.2206,3.2221,20
2026-02-03 06:57:00,3.2161,3.2161,3.2101,3.2116,3.2211,3.2211,3.2151,3.2166,13
2026-02-03 06:58:00,3.2121,3.2146,3.2121,3.2141,3.2171,3.2196,3.2171,3.2191,6
2026-02-03 06:59:00,3.2136,3.2146,3.2116,3.2146,3.2186,3.2196,3.2166,3.2196,8
2026-02-03 07:00:00,3.2151,3.2151,3.2141,3.2151,3.2201,3.2201,3.2191,3.2201,3
2026-02-03 07:01:00,3.2141,3.2141,3.2116,3.2131,3.2191,3.2191,3.2166,3.2181,9
2026-02-03 07:02:00,3.2126,3.2126,3.2126,3.2126,3.2176,3.2176,3.2176,3.2176,1
2026-02-03 07:03:00,3.2131,3.2131,3.2126,3.2126,3.2181,3.2181,3.2176,3.2176,2
2026-02-03 07:04:00,3.2136,3.2191,3.2126,3.2176,3.2186,3.2241,3.2176,3.2226,25
2026-02-03 07:05:00,3.2171,3.2176,3.2146,3.2156,3.2221,3.2226,3.2196,3.2206,9
2026-02-03 07:06:00,3.2141,3.2141,3.2061,3.2061,3.2191,3.2191,3.2111,3.2111,6
2026-02-03 07:07:00,3.2056,3.2056,3.1981,3.1981,3.2106,3.2106,3.2031,3.2031,18
2026-02-03 07:08:00,3.1986,3.2086,3.1986,3.2076,3.2036,3.2136,3.2036,3.2126,23
2026-02-03 07:09:00,3.2071,3.2106,3.2036,3.2101,3.2121,3.2156,3.2086,3.2151,19
2026-02-03 07:10:00,3.2106,3.2146,3.2106,3.2146,3.2156,3.2196,3.2156,3.2196,9
2026-02-03 07:11:00,3.2141,3.2156,3.2111,3.2121,3.2191,3.2206,3.2161,3.2171,15
2026-02-03 07:12:00,3.2116,3.2116,3.2076,3.2091,3.2166,3.2166,3.2126,3.2141,8
2026-02-03 07:13:00,3.2076,3.2116,3.2066,3.2106,3.2126,3.2166,3.2116,3.2156,15
2026-02-03 07:14:00,3.2101,3.2186,3.2091,3.2181,3.2151,3.2236,3.2141,3.2231,26
2026-02-03 07:15:00,3.2176,3.2181,3.2076,3.2076,3.2226,3.2231,3.2126,3.2126,27
2026-02-03 07:16:00,3.2081,3.2171,3.2081,3.2141,3.2131,3.2221,3.2131,3.2191,21
2026-02-03 07:17:00,3.2146,3.2196,3.2136,3.2181,3.2196,3.2246,3.2186,3.2231,15
2026-02-03 07:18:00,3.2196,3.2196,3.2136,3.2166,3.2246,3.2246,3.2186,3.2216,11
2026-02-03 07:19:00,3.2161,3.2231,3.2161,3.2216,3.2211,3.2281,3.2211,3.2266,16
2026-02-03 07:20:00,3.2221,3.2306,3.2221,3.2306,3.2271,3.2356,3.2271,3.2356,16
2026-02-03 07:21:00,3.2301,3.2336,3.2301,3.2316,3.2351,3.2386,3.2351,3.2366,14
2026-02-03 07:22:00,3.2306,3.2336,3.2306,3.2321,3.2356,3.2386,3.2356,3.2371,17
2026-02-03 07:23:00,3.2326,3.2336,3.2311,3.2311,3.2376,3.2386,3.2361,3.2361,17
2026-02-03 07:24:00,3.2321,3.2321,3.2311,3.2311,3.2371,3.2371,3.2361,3.2361,5
2026-02-03 07:25:00,3.2306,3.2306,3.2281,3.2281,3.2356,3.2356,3.2331,3.2331,7
2026-02-03 07:26:00,3.2291,3.2311,3.2291,3.2311,3.2341,3.2361,3.2341,3.2361,9
2026-02-03 07:27:00,3.2306,3.2331,3.2301,3.2316,3.2356,3.2381,3.2351,3.2366,15
2026-02-03 07:28:00,3.2321,3.2336,3.2306,3.2316,3.2371,3.2386,3.2356,3.2366,18
2026-02-03 07:29:00,3.2306,3.2306,3.2266,3.2276,3.2356,3.2356,3.2316,3.2326,22
2026-02-03 07:30:00,3.2286,3.2286,3.2236,3.2266,3.2336,3.2336,3.2286,3.2316,20
2026-02-03 07:31:00,3.2256,3.2361,3.2251,3.2331,3.2306,3.2411,3.2301,3.2381,30
2026-02-03 07:32:00,3.2336,3.2366,3.2336,3.2351,3.2386,3.2416,3.2386,3.2401,5
2026-02-03 07:33:00,3.2341,3.2411,3.2341,3.2371,3.2391,3.2461,3.2391,3.2421,29
2026-02-03 07:34:00,3.2381,3.2406,3.2351,3.2406,3.2431,3.2456,3.2401,3.2456,25
2026-02-03 07:35:00,3.2401,3.2406,3.2371,3.2381,3.2451,3.2456,3.2421,3.2431,11
2026-02-03 07:36:00,3.2386,3.2406,3.2386,3.2396,3.2436,3.2456,3.2436,3.2446,5
2026-02-03 07:37:00,3.2391,3.2391,3.2336,3.2346,3.2441,3.2441,3.2386,3.2396,15
2026-02-03 07:38:00,3.2351,3.2386,3.2351,3.2376,3.2401,3.2436,3.2401,3.2426,8
2026-02-03 07:39:00,3.2371,3.2406,3.2356,3.2366,3.2421,3.2456,3.2406,3.2416,15
2026-02-03 07:40:00,3.2371,3.2376,3.2366,3.2371,3.2421,3.2426,3.2416,3.2421,7
2026-02-03 07:41:00,3.2361,3.2361,3.2361,3.2361,3.2411,3.2411,3.2411,3.2411,1
2026-02-03 07:42:00,3.2346,3.2356,3.2346,3.2356,3.2396,3.2406,3.2396,3.2406,2
2026-02-03 07:43:00,3.2351,3.2351,3.2316,3.2316,3.2401,3.2401,3.2366,3.2366,6
2026-02-03 07:44:00,3.2321,3.2351,3.2311,3.2311,3.2371,3.2401,3.2361,3.2361,13
2026-02-03 07:45:00,3.2321,3.2321,3.2291,3.2296,3.2371,3.2371,3.2341,3.2346,16
2026-02-03 07:46:00,3.2291,3.2296,3.2276,3.2296,3.2341,3.2346,3.2326,3.2346,6
2026-02-03 07:47:00,3.2301,3.2316,3.2291,3.2291,3.2351,3.2366,3.2341,3.2341,7
2026-02-03 07:48:00,3.2296,3.2316,3.2291,3.2291,3.2346,3.2366,3.2341,3.2341,4
2026-02-03 07:49:00,3.2286,3.2286,3.2256,3.2256,3.2336,3.2336,3.2306,3.2306,8
2026-02-03 07:50:00,3.2266,3.2266,3.2256,3.2266,3.2316,3.2316,3.2306,3.2316,4
2026-02-03 07:51:00,3.2256,3.2321,3.2236,3.2316,3.2306,3.2371,3.2286,3.2366,17
2026-02-03 07:52:00,3.2306,3.2326,3.2236,3.2266,3.2356,3.2376,3.2286,3.2316,19
2026-02-03 07:53:00,3.2251,3.2251,3.2246,3.2246,3.2301,3.2301,3.2296,3.2296,2
2026-02-03 07:54:00,3.2236,3.2236,3.2216,3.2216,3.2286,3.2286,3.2266,3.2266,4
2026-02-03 07:55:00,3.2221,3.2241,3.2221,3.2236,3.2271,3.2291,3.2271,3.2286,7
2026-02-03 07:56:00,3.2231,3.2251,3.2221,3.2236,3.2281,3.2301,3.2271,3.2286,16
2026-02-03 07:57:00,3.2256,3.2266,3.2236,3.2246,3.2306,3.2316,3.2286,3.2296,16
2026-02-03 07:58:00,3.2251,3.2346,3.2246,3.2331,3.2301,3.2396,3.2296,3.2381,18
2026-02-03 07:59:00,3.2321,3.2321,3.2301,3.2301,3.2371,3.2371,3.2351,3.2351,10
2026-02-03 08:00:00,3.2306,3.2326,3.2306,3.2321,3.2356,3.2376,3.2356,3.2371,7
2026-02-03 08:01:00,3.2316,3.2351,3.2306,3.2341,3.2366,3.2401,3.2356,3.2391,12
2026-02-03 08:02:00,3.2351,3.2386,3.2351,3.2371,3.2401,3.2436,3.2401,3.2421,14
2026-02-03 08:03:00,3.2361,3.2366,3.2361,3.2366,3.2411,3.2416,3.2411,3.2416,2
2026-02-03 08:04:00,3.2381,3.2381,3.2351,3.2366,3.2431,3.2431,3.2401,3.2416,11
2026-02-03 08:05:00,3.2356,3.2361,3.2336,3.2361,3.2406,3.2411,3.2386,3.2411,11
2026-02-03 08:06:00,3.2356,3.2361,3.2321,3.2341,3.2406,3.2411,3.2371,3.2391,11
2026-02-03 08:07:00,3.2331,3.2331,3.2266,3.2271,3.2381,3.2381,3.2316,3.2321,18
2026-02-03 08:08:00,3.2266,3.2306,3.2266,3.2306,3.2316,3.2356,3.2316,3.2356,13
2026-02-03 08:09:00,3.2311,3.2361,3.2301,3.2361,3.2361,3.2411,3.2351,3.2411,12
2026-02-03 08:10:00,3.2366,3.2451,3.2366,3.2441,3.2416,3.2501,3.2416,3.2491,36
2026-02-03 08:11:00,3.2436,3.2471,3.2416,3.2446,3.2486,3.2521,3.2466,3.2496,36
2026-02-03 08:12:00,3.2441,3.2471,3.2426,3.2471,3.2491,3.2521,3.2476,3.2521,16
2026-02-03 08:13:00,3.2461,3.2461,3.2381,3.2381,3.2511,3.2511,3.2431,3.2431,15
2026-02-03 08:14:00,3.2391,3.2396,3.2336,3.2351,3.2441,3.2446,3.2386,3.2401,12
2026-02-03 08:15:00,3.2346,3.2346,3.2281,3.2281,3.2396,3.2396,3.2331,3.2331,9
2026-02-03 08:16:00,3.2291,3.2291,3.2206,3.2206,3.2341,3.2341,3.2256,3.2256,17
2026-02-03 08:17:00,3.2201,3.2201,3.2126,3.2131,3.2251,3.2251,3.2176,3.2181,18
2026-02-03 08:18:00,3.2126,3.2126,3.2021,3.2026,3.2176,3.2176,3.2071,3.2076,39
2026-02-03 08:19:00,3.2016,3.2071,3.1996,3.2026,3.2066,3.2121,3.2046,3.2076,24
2026-02-03 08:20:00,3.2031,3.2046,3.2006,3.2036,3.2081,3.2096,3.2056,3.2086,25
2026-02-03 08:21:00,3.2031,3.2031,3.1981,3.2026,3.2081,3.2081,3.2031,3.2076,20
2026-02-03 08:22:00,3.2031,3.2046,3.2026,3.2026,3.2081,3.2096,3.2076,3.2076,12
2026-02-03 08:23:00,3.2031,3.2046,3.2031,3.2036,3.2081,3.2096,3.2081,3.2086,6
2026-02-03 08:24:00,3.2031,3.2031,3.1991,3.2006,3.2081,3.2081,3.2041,3.2056,8
2026-02-03 08:25:00,3.2016,3.2021,3.2006,3.2006,3.2066,3.2071,3.2056,3.2056,4
2026-02-03 08:26:00,3.2001,3.2041,3.2001,3.2026,3.2051,3.2091,3.2051,3.2076,16
2026-02-03 08:27:00,3.2021,3.2036,3.2011,3.2031,3.2071,3.2086,3.2061,3.2081,13
2026-02-03 08:28:00,3.2026,3.2046,3.2021,3.2046,3.2076,3.2096,3.2071,3.2096,11
2026-02-03 08:29:00,3.2041,3.2046,3.2036,3.2041,3.2091,3.2096,3.2086,3.2091,7
2026-02-03 08:30:00,3.2031,3.2231,3.2021,3.2221,3.2081,3.2281,3.2071,3.2271,60
2026-02-03 08:31:00,3.2226,3.2226,3.2156,3.2156,3.2276,3.2276,3.2206,3.2206,45
2026-02-03 08:32:00,3.2151,3.2156,3.2141,3.2141,3.2201,3.2206,3.2191,3.2191,6
2026-02-03 08:33:00,3.2131,3.2151,3.2116,3.2151,3.2181,3.2201,3.2166,3.2201,22
2026-02-03 08:34:00,3.2156,3.2166,3.2136,3.2136,3.2206,3.2216,3.2186,3.2186,9
2026-02-03 08:35:00,3.2151,3.2171,3.2131,3.2151,3.2201,3.2221,3.2181,3.2201,14
2026-02-03 08:36:00,3.2141,3.2176,3.2136,3.2176,3.2191,3.2226,3.2186,3.2226,6
2026-02-03 08:37:00,3.2171,3.2181,3.2146,3.2181,3.2221,3.2231,3.2196,3.2231,10
2026-02-03 08:38:00,3.2161,3.2166,3.2151,3.2151,3.2211,3.2216,3.2201,3.2201,6
2026-02-03 08:39:00,3.2146,3.2146,3.2126,3.2131,3.2196,3.2196,3.2176,3.2181,12
2026-02-03 08:40:00,3.2136,3.2166,3.2136,3.2166,3.2186,3.2216,3.2186,3.2216,7
2026-02-03 08:41:00,3.2171,3.2186,3.2171,3.2186,3.2221,3.2236,3.2221,3.2236,4
2026-02-03 08:42:00,3.2206,3.2256,3.2186,3.2201,3.2256,3.2306,3.2236,3.2251,25
2026-02-03 08:43:00,3.2216,3.2266,3.2216,3.2261,3.2266,3.2316,3.2266,3.2311,7
2026-02-03 08:44:00,3.2256,3.2256,3.2221,3.2221,3.2306,3.2306,3.2271,3.2271,9
2026-02-03 08:45:00,3.2226,3.2231,3.2191,3.2191,3.2276,3.2281,3.2241,3.2241,8
2026-02-03 08:46:00,3.2186,3.2206,3.2186,3.2191,3.2236,3.2256,3.2236,3.2241,5
2026-02-03 08:47:00,3.2181,3.2186,3.2176,3.2181,3.2231,3.2236,3.2226,3.2231,7
2026-02-03 08:48:00,3.2196,3.2226,3.2171,3.2216,3.2246,3.2276,3.2221,3.2266,17
2026-02-03 08:49:00,3.2221,3.2236,3.2141,3.2151,3.2271,3.2286,3.2191,3.2201,22
2026-02-03 08:50:00,3.2141,3.2206,3.2111,3.2206,3.2191,3.2256,3.2161,3.2256,26
2026-02-03 08:51:00,3.2216,3.2261,3.2186,3.2211,3.2266,3.2311,3.2236,3.2261,42
2026-02-03 08:52:00,3.2206,3.2206,3.2171,3.2171,3.2256,3.2256,3.2221,3.2221,7
2026-02-03 08:53:00,3.2156,3.2161,3.2121,3.2156,3.2206,3.2211,3.2171,3.2206,9
2026-02-03 08:54:00,3.2151,3.2161,3.2141,3.2156,3.2201,3.2211,3.2191,3.2206,8
2026-02-03 08:55:00,3.2151,3.2181,3.2151,3.2176,3.2201,3.2231,3.2201,3.2226,13
2026-02-03 08:56:00,3.2171,3.2181,3.2151,3.2156,3.2221,3.2231,3.2201,3.2206,11
2026-02-03 08:57:00,3.2166,3.2166,3.2156,3.2161,3.2216,3.2216,3.2206,3.2211,3
2026-02-03 08:58:00,3.2151,3.2156,3.2111,3.2111,3.2201,3.2206,3.2161,3.2161,6
2026-02-03 08:59:00,3.2106,3.2106,3.1971,3.1971,3.2156,3.2156,3.2021,3.2021,19
2026-02-03 09:00:00,3.1956,3.2016,3.1946,3.1981,3.2006,3.2066,3.1996,3.2031,18
2026-02-03 09:01:00,3.1986,3.2031,3.1986,3.2026,3.2036,3.2081,3.2036,3.2076,13
2026-02-03 09:02:00,3.2031,3.2046,3.2031,3.2046,3.2081,3.2096,3.2081,3.2096,3
2026-02-03 09:03:00,3.2051,3.2086,3.2036,3.2086,3.2101,3.2136,3.2086,3.2136,8
2026-02-03 09:04:00,3.2081,3.2136,3.2076,3.2076,3.2131,3.2186,3.2126,3.2126,24
2026-02-03 09:05:00,3.2086,3.2146,3.2076,3.2116,3.2136,3.2196,3.2126,3.2166,29
2026-02-03 09:06:00,3.2121,3.2171,3.2121,3.2171,3.2171,3.2221,3.2171,3.2221,16
2026-02-03 09:07:00,3.2176,3.2206,3.2156,3.2206,3.2226,3.2256,3.2206,3.2256,22
2026-02-03 09:08:00,3.2201,3.2206,3.2156,3.2166,3.2251,3.2256,3.2206,3.2216,17
2026-02-03 09:09:00,3.2156,3.2206,3.2156,3.2206,3.2206,3.2256,3.2206,3.2256,10
2026-02-03 09:10:00,3.2201,3.2206,3.2146,3.2146,3.2251,3.2256,3.2196,3.2196,16
2026-02-03 09:11:00,3.2136,3.2146,3.2131,3.2141,3.2186,3.2196,3.2181,3.2191,9
2026-02-03 09:12:00,3.2131,3.2151,3.2106,3.2126,3.2181,3.2201,3.2156,3.2176,16
2026-02-03 09:13:00,3.2136,3.2151,3.2136,3.2141,3.2186,3.2201,3.2186,3.2191,6
2026-02-03 09:14:00,3.2151,3.2166,3.2141,3.2141,3.2201,3.2216,3.2191,3.2191,6
2026-02-03 09:15:00,3.2136,3.2176,3.2136,3.2146,3.2186,3.2226,3.2186,3.2196,12
2026-02-03 09:16:00,3.2141,3.2166,3.2126,3.2161,3.2191,3.2216,3.2176,3.2211,19
2026-02-03 09:17:00,3.2156,3.2161,3.2156,3.2161,3.2206,3.2211,3.2206,3.2211,4
2026-02-03 09:18:00,3.2166,3.2216,3.2156,3.2196,3.2216,3.2266,3.2206,3.2246,32
2026-02-03 09:19:00,3.2201,3.2216,3.2186,3.2201,3.2251,3.2266,3.2236,3.2251,11
2026-02-03 09:20:00,3.2206,3.2226,3.2196,3.2196,3.2256,3.2276,3.2246,3.2246,13
2026-02-03 09:21:00,3.2201,3.2236,3.2196,3.2226,3.2251,3.2286,3.2246,3.2276,10
2026-02-03 09:22:00,3.2221,3.2286,3.2221,3.2271,3.2271,3.2336,3.2271,3.2321,39
2026-02-03 09:23:00,3.2276,3.2391,3.2246,3.2356,3.2326,3.2441,3.2296,3.2406,40
2026-02-03 09:24:00,3.2346,3.2446,3.2346,3.2391,3.2396,3.2496,3.2396,3.2441,47
2026-02-03 09:25:00,3.2386,3.2436,3.2366,3.2421,3.2436,3.2486,3.2416,3.2471,22
2026-02-03 09:26:00,3.2411,3.2416,3.2331,3.2341,3.2461,3.2466,3.2381,3.2391,18
2026-02-03 09:27:00,3.2331,3.2371,3.2321,3.2321,3.2381,3.2421,3.2371,3.2371,19
2026-02-03 09:28:00,3.2326,3.2336,3.2316,3.2316,3.2376,3.2386,3.2366,3.2366,6
2026-02-03 09:29:00,3.2311,3.2331,3.2286,3.2311,3.2361,3.2381,3.2336,3.2361,20
2026-02-03 09:30:00,3.2316,3.2351,3.2286,3.2301,3.2366,3.2401,3.2336,3.2351,17
2026-02-03 09:31:00,3.2291,3.2306,3.2216,3.2256,3.2341,3.2356,3.2266,3.2306,27
2026-02-03 09:32:00,3.2266,3.2301,3.2266,3.2286,3.2316,3.2351,3.2316,3.2336,10
2026-02-03 09:33:00,3.2291,3.2386,3.2286,3.2386,3.2341,3.2436,3.2336,3.2436,32
2026-02-03 09:34:00,3.2381,3.2386,3.2376,3.2376,3.2431,3.2436,3.2426,3.2426,10
2026-02-03 09:35:00,3.2381,3.2421,3.2371,3.2421,3.2431,3.2471,3.2421,3.2471,18
2026-02-03 09:36:00,3.2411,3.2411,3.2366,3.2366,3.2461,3.2461,3.2416,3.2416,16
2026-02-03 09:37:00,3.2371,3.2371,3.2286,3.2336,3.2421,3.2421,3.2336,3.2386,25
2026-02-03 09:38:00,3.2346,3.2361,3.2256,3.2286,3.2396,3.2411,3.2306,3.2336,33
2026-02-03 09:39:00,3.2291,3.2346,3.2291,3.2346,3.2341,3.2396,3.2341,3.2396,27
2026-02-03 09:40:00,3.2336,3.2341,3.2311,3.2326,3.2386,3.2391,3.2361,3.2376,9
2026-02-03 09:41:00,3.2321,3.2346,3.2316,3.2321,3.2371,3.2396,3.2366,3.2371,25
2026-02-03 09:42:00,3.2301,3.2301,3.2156,3.2181,3.2351,3.2351,3.2206,3.2231,49
2026-02-03 09:43:00,3.2191,3.2281,3.2191,3.2241,3.2241,3.2331,3.2241,3.2291,17
2026-02-03 09:44:00,3.2236,3.2241,3.2171,3.2171,3.2286,3.2291,3.2221,3.2221,13
2026-02-03 09:45:00,3.2166,3.2231,3.2166,3.2216,3.2216,3.2281,3.2216,3.2266,19
2026-02-03 09:46:00,3.2221,3.2276,3.2221,3.2266,3.2271,3.2326,3.2271,3.2316,15
2026-02-03 09:47:00,3.2271,3.2311,3.2271,3.2311,3.2321,3.2361,3.2321,3.2361,9
2026-02-03 09:48:00,3.2316,3.2346,3.2301,3.2321,3.2366,3.2396,3.2351,3.2371,21
2026-02-03 09:49:00,3.2311,3.2341,3.2291,3.2311,3.2361,3.2391,3.2341,3.2361,18
2026-02-03 09:50:00,3.2301,3.2401,3.2281,3.2396,3.2351,3.2451,3.2331,3.2446,40
2026-02-03 09:51:00,3.2391,3.2396,3.2361,3.2371,3.2441,3.2446,3.2411,3.2421,20
2026-02-03 09:52:00,3.2361,3.2361,3.2226,3.2286,3.2411,3.2411,3.2276,3.2336,42
2026-02-03 09:53:00,3.2271,3.2271,3.2146,3.2201,3.2321,3.2321,3.2196,3.2251,35
2026-02-03 09:54:00,3.2206,3.2231,3.2206,3.2221,3.2256,3.2281,3.2256,3.2271,5
2026-02-03 09:55:00,3.2196,3.2236,3.2181,3.2226,3.2246,3.2286,3.2231,3.2276,13
2026-02-03 09:56:00,3.2221,3.2231,3.2206,3.2221,3.2271,3.2281,3.2256,3.2271,11
2026-02-03 09:57:00,3.2231,3.2241,3.2231,3.2236,3.2281,3.2291,3.2281,3.2286,6
2026-02-03 09:58:00,3.2241,3.2251,3.2231,3.2231,3.2291,3.2301,3.2281,3.2281,7
2026-02-03 09:59:00,3.2236,3.2261,3.2226,3.2241,3.2286,3.2311,3.2276,3.2291,12
2026-02-03 10:00:00,3.2246,3.2256,3.2231,3.2231,3.2296,3.2306,3.2281,3.2281,16
2026-02-03 10:01:00,3.2191,3.2226,3.2186,3.2191,3.2241,3.2276,3.2236,3.2241,14
2026-02-03 10:02:00,3.2186,3.2256,3.2096,3.2256,3.2236,3.2306,3.2146,3.2306,44
2026-02-03 10:03:00,3.2251,3.2291,3.2246,3.2281,3.2301,3.2341,3.2296,3.2331,12
2026-02-03 10:04:00,3.2286,3.2286,3.2236,3.2281,3.2336,3.2336,3.2286,3.2331,29
2026-02-03 10:05:00,3.2276,3.2276,3.2221,3.2251,3.2326,3.2326,3.2271,3.2301,19
2026-02-03 10:06:00,3.2246,3.2336,3.2246,3.2326,3.2296,3.2386,3.2296,3.2376,20
2026-02-03 10:07:00,3.2336,3.2346,3.2296,3.2306,3.2386,3.2396,3.2346,3.2356,28
2026-02-03 10:08:00,3.2311,3.2316,3.2226,3.2306,3.2361,3.2366,3.2276,3.2356,24
2026-02-03 10:09:00,3.2316,3.2316,3.2181,3.2221,3.2366,3.2366,3.2231,3.2271,44
2026-02-03 10:10:00,3.2236,3.2246,3.2116,3.2126,3.2286,3.2296,3.2166,3.2176,28
2026-02-03 10:11:00,3.2116,3.2126,3.2026,3.2031,3.2166,3.2176,3.2076,3.2081,17
2026-02-03 10:12:00,3.2036,3.2036,3.1971,3.2026,3.2086,3.2086,3.2021,3.2076,22
2026-02-03 10:13:00,3.2036,3.2056,3.2031,3.2051,3.2086,3.2106,3.2081,3.2101,7
2026-02-03 10:14:00,3.2061,3.2101,3.2051,3.2101,3.2111,3.2151,3.2101,3.2151,14
2026-02-03 10:15:00,3.2106,3.2116,3.2046,3.2046,3.2156,3.2166,3.2096,3.2096,21
2026-02-03 10:16:00,3.2041,3.2106,3.2041,3.2106,3.2091,3.2156,3.2091,3.2156,24
2026-02-03 10:17:00,3.2101,3.2166,3.2096,3.2151,3.2151,3.2216,3.2146,3.2201,22
2026-02-03 10:18:00,3.2141,3.2156,3.2141,3.2141,3.2191,3.2206,3.2191,3.2191,10
2026-02-03 10:19:00,3.2146,3.2146,3.1981,3.2006,3.2196,3.2196,3.2031,3.2056,36
2026-02-03 10:20:00,3.2016,3.2056,3.1936,3.1936,3.2066,3.2106,3.1986,3.1986,20
2026-02-03 10:21:00,3.1926,3.1926,3.1896,3.1911,3.1976,3.1976,3.1946,3.1961,10
2026-02-03 10:22:00,3.1906,3.1906,3.1861,3.1861,3.1956,3.1956,3.1911,3.1911,14
2026-02-03 10:23:00,3.1866,3.1876,3.1806,3.1826,3.1916,3.1926,3.1856,3.1876,31
2026-02-03 10:24:00,3.1821,3.1821,3.1736,3.1736,3.1871,3.1871,3.1786,3.1786,22
2026-02-03 10:25:00,3.1726,3.1741,3.1711,3.1741,3.1776,3.1791,3.1761,3.1791,14
2026-02-03 10:26:00,3.1736,3.1781,3.1726,3.1776,3.1786,3.1831,3.1776,3.1826,15
2026-02-03 10:27:00,3.1771,3.1801,3.1751,3.1776,3.1821,3.1851,3.1801,3.1826,20
2026-02-03 10:28:00,3.1781,3.1796,3.1756,3.1786,3.1831,3.1846,3.1806,3.1836,12
2026-02-03 10:29:00,3.1791,3.1846,3.1786,3.1821,3.1841,3.1896,3.1836,3.1871,19
2026-02-03 10:30:00,3.1816,3.1816,3.1726,3.1741,3.1866,3.1866,3.1776,3.1791,16
2026-02-03 10:31:00,3.1736,3.1806,3.1736,3.1806,3.1786,3.1856,3.1786,3.1856,13
2026-02-03 10:32:00,3.1801,3.1811,3.1756,3.1796,3.1851,3.1861,3.1806,3.1846,14
2026-02-03 10:33:00,3.1791,3.1791,3.1726,3.1746,3.1841,3.1841,3.1776,3.1796,10
2026-02-03 10:34:00,3.1731,3.1781,3.1731,3.1781,3.1781,3.1831,3.1781,3.1831,17
2026-02-03 10:35:00,3.1796,3.1806,3.1771,3.1771,3.1846,3.1856,3.1821,3.1821,11
2026-02-03 10:36:00,3.1776,3.1776,3.1736,3.1736,3.1826,3.1826,3.1786,3.1786,9
2026-02-03 10:37:00,3.1746,3.1816,3.1746,3.1801,3.1796,3.1866,3.1796,3.1851,20
2026-02-03 10:38:00,3.1806,3.1811,3.1801,3.1801,3.1856,3.1861,3.1851,3.1851,5
2026-02-03 10:39:00,3.1791,3.1791,3.1741,3.1761,3.1841,3.1841,3.1791,3.1811,17
2026-02-03 10:40:00,3.1771,3.1771,3.1741,3.1746,3.1821,3.1821,3.1791,3.1796,7
2026-02-03 10:41:00,3.1756,3.1756,3.1676,3.1681,3.1806,3.1806,3.1726,3.1731,13
2026-02-03 10:42:00,3.1696,3.1706,3.1566,3.1576,3.1746,3.1756,3.1616,3.1626,22
2026-02-03 10:43:00,3.1581,3.1626,3.1541,3.1556,3.1631,3.1676,3.1591,3.1606,53
2026-02-03 10:44:00,3.1561,3.1586,3.1546,3.1586,3.1611,3.1636,3.1596,3.1636,13
2026-02-03 10:45:00,3.1576,3.1691,3.1576,3.1686,3.1626,3.1741,3.1626,3.1736,23
2026-02-03 10:46:00,3.1681,3.1736,3.1681,3.1731,3.1731,3.1786,3.1731,3.1781,15
2026-02-03 10:47:00,3.1736,3.1851,3.1736,3.1831,3.1786,3.1901,3.1786,3.1881,30
2026-02-03 10:48:00,3.1826,3.1866,3.1806,3.1831,3.1876,3.1916,3.1856,3.1881,20
2026-02-03 10:49:00,3.1836,3.1911,3.1836,3.1871,3.1886,3.1961,3.1886,3.1921,24
2026-02-03 10:50:00,3.1876,3.1916,3.1876,3.1911,3.1926,3.1966,3.1926,3.1961,9
2026-02-03 10:51:00,3.1936,3.2066,3.1921,3.2041,3.1986,3.2116,3.1971,3.2091,39
2026-02-03 10:52:00,3.2046,3.2046,3.1946,3.1996,3.2096,3.2096,3.1996,3.2046,44
2026-02-03 10:53:00,3.2006,3.2046,3.1986,3.2016,3.2056,3.2096,3.2036,3.2066,22
2026-02-03 10:54:00,3.2011,3.2046,3.1986,3.2026,3.2061,3.2096,3.2036,3.2076,18
2026-02-03 10:55:00,3.2021,3.2036,3.1931,3.1931,3.2071,3.2086,3.1981,3.1981,31
2026-02-03 10:56:00,3.1941,3.1971,3.1886,3.1961,3.1991,3.2021,3.1936,3.2011,30
2026-02-03 10:57:00,3.1951,3.1956,3.1936,3.1946,3.2001,3.2006,3.1986,3.1996,19
2026-02-03 10:58:00,3.1936,3.1991,3.1901,3.1991,3.1986,3.2041,3.1951,3.2041,38
2026-02-03 10:59:00,3.1996,3.2016,3.1966,3.1971,3.2046,3.2066,3.2016,3.2021,14
2026-02-03 11:00:00,3.1976,3.1986,3.1906,3.1916,3.2026,3.2036,3.1956,3.1966,31
2026-02-03 11:01:00,3.1921,3.1956,3.1921,3.1941,3.1971,3.2006,3.1971,3.1991,24
2026-02-03 11:02:00,3.1936,3.1976,3.1936,3.1976,3.1986,3.2026,3.1986,3.2026,13
2026-02-03 11:03:00,3.1971,3.1986,3.1931,3.1941,3.2021,3.2036,3.1981,3.1991,16
2026-02-03 11:04:00,3.1936,3.1966,3.1926,3.1961,3.1986,3.2016,3.1976,3.2011,20
2026-02-03 11:05:00,3.1956,3.1976,3.1956,3.1961,3.2006,3.2026,3.2006,3.2011,8
2026-02-03 11:06:00,3.1966,3.1976,3.1911,3.1926,3.2016,3.2026,3.1961,3.1976,14
2026-02-03 11:07:00,3.1921,3.1926,3.1901,3.1911,3.1971,3.1976,3.1951,3.1961,11
2026-02-03 11:08:00,3.1916,3.1956,3.1916,3.1946,3.1966,3.2006,3.1966,3.1996,27
2026-02-03 11:09:00,3.1936,3.2036,3.1901,3.2031,3.1986,3.2086,3.1951,3.2081,40
2026-02-03 11:10:00,3.2026,3.2106,3.2026,3.2066,3.2076,3.2156,3.2076,3.2116,41
2026-02-03 11:11:00,3.2071,3.2096,3.2071,3.2096,3.2121,3.2146,3.2121,3.2146,17
2026-02-03 11:12:00,3.2091,3.2216,3.2091,3.2201,3.2141,3.2266,3.2141,3.2251,63
2026-02-03 11:13:00,3.2196,3.2226,3.2176,3.2191,3.2246,3.2276,3.2226,3.2241,28
2026-02-03 11:14:00,3.2201,3.2216,3.2146,3.2146,3.2251,3.2266,3.2196,3.2196,19
2026-02-03 11:15:00,3.2156,3.2166,3.2136,3.2141,3.2206,3.2216,3.2186,3.2191,9
2026-02-03 11:16:00,3.2136,3.2136,3.2066,3.2091,3.2186,3.2186,3.2116,3.2141,19
2026-02-03 11:17:00,3.2086,3.2116,3.2081,3.2111,3.2136,3.2166,3.2131,3.2161,17
2026-02-03 11:18:00,3.2126,3.2131,3.2081,3.2081,3.2176,3.2181,3.2131,3.2131,10
2026-02-03 11:19:00,3.2076,3.2081,3.2001,3.2011,3.2126,3.2131,3.2051,3.2061,24
2026-02-03 11:20:00,3.2016,3.2016,3.1916,3.1936,3.2066,3.2066,3.1966,3.1986,25
2026-02-03 11:21:00,3.1946,3.2016,3.1896,3.2001,3.1996,3.2066,3.1946,3.2051,31
2026-02-03 11:22:00,3.2006,3.2051,3.2006,3.2031,3.2056,3.2101,3.2056,3.2081,20
2026-02-03 11:23:00,3.2016,3.2016,3.1981,3.1981,3.2066,3.2066,3.2031,3.2031,7
2026-02-03 11:24:00,3.1976,3.2001,3.1976,3.1976,3.2026,3.2051,3.2026,3.2026,19
2026-02-03 11:25:00,3.1966,3.2006,3.1961,3.2006,3.2016,3.2056,3.2011,3.2056,12
2026-02-03 11:26:00,3.2016,3.2016,3.1961,3.1971,3.2066,3.2066,3.2011,3.2021,13
2026-02-03 11:27:00,3.1986,3.2006,3.1981,3.1986,3.2036,3.2056,3.2031,3.2036,13
2026-02-03 11:28:00,3.1991,3.2011,3.1966,3.1966,3.2041,3.2061,3.2016,3.2016,14
2026-02-03 11:29:00,3.1971,3.2006,3.1971,3.1981,3.2021,3.2056,3.2021,3.2031,11
2026-02-03 11:30:00,3.1986,3.1996,3.1946,3.1976,3.2036,3.2046,3.1996,3.2026,11
2026-02-03 11:31:00,3.1981,3.2051,3.1971,3.2011,3.2031,3.2101,3.2021,3.2061,21
2026-02-03 11:32:00,3.2001,3.2001,3.1961,3.1986,3.2051,3.2051,3.2011,3.2036,7
2026-02-03 11:33:00,3.1981,3.1981,3.1926,3.1931,3.2031,3.2031,3.1976,3.1981,9
2026-02-03 11:34:00,3.1936,3.1976,3.1931,3.1946,3.1986,3.2026,3.1981,3.1996,14
2026-02-03 11:35:00,3.1951,3.1956,3.1946,3.1946,3.2001,3.2006,3.1996,3.1996,3
2026-02-03 11:36:00,3.1951,3.1951,3.1936,3.1936,3.2001,3.2001,3.1986,3.1986,3
2026-02-03 11:37:00,3.1976,3.2056,3.1976,3.2056,3.2026,3.2106,3.2026,3.2106,32
2026-02-03 11:38:00,3.2061,3.2116,3.1956,3.1961,3.2111,3.2166,3.2006,3.2011,27
2026-02-03 11:39:00,3.1966,3.1991,3.1946,3.1986,3.2016,3.2041,3.1996,3.2036,12
2026-02-03 11:40:00,3.1991,3.1996,3.1976,3.1976,3.2041,3.2046,3.2026,3.2026,5
2026-02-03 11:41:00,3.1986,3.2036,3.1986,3.2006,3.2036,3.2086,3.2036,3.2056,12
2026-02-03 11:42:00,3.2001,3.2076,3.2001,3.2066,3.2051,3.2126,3.2051,3.2116,16
2026-02-03 11:43:00,3.2071,3.2121,3.2046,3.2096,3.2121,3.2171,3.2096,3.2146,15
2026-02-03 11:44:00,3.2086,3.2101,3.2086,3.2101,3.2136,3.2151,3.2136,3.2151,2
2026-02-03 11:45:00,3.2106,3.2176,3.2106,3.2136,3.2156,3.2226,3.2156,3.2186,26
2026-02-03 11:46:00,3.2131,3.2156,3.2121,3.2146,3.2181,3.2206,3.2171,3.2196,13
2026-02-03 11:47:00,3.2131,3.2196,3.2126,3.2171,3.2181,3.2246,3.2176,3.2221,38
2026-02-03 11:48:00,3.2166,3.2166,3.2106,3.2126,3.2216,3.2216,3.2156,3.2176,22
2026-02-03 11:49:00,3.2131,3.2171,3.2111,3.2111,3.2181,3.2221,3.2161,3.2161,13
2026-02-03 11:50:00,3.2106,3.2141,3.2056,3.2076,3.2156,3.2191,3.2106,3.2126,22
2026-02-03 11:51:00,3.2081,3.2111,3.2076,3.2111,3.2131,3.2161,3.2126,3.2161,12
2026-02-03 11:52:00,3.2116,3.2156,3.2116,3.2131,3.2166,3.2206,3.2166,3.2181,20
2026-02-03 11:53:00,3.2126,3.2141,3.2076,3.2081,3.2176,3.2191,3.2126,3.2131,29
2026-02-03 11:54:00,3.2076,3.2081,3.1991,3.2011,3.2126,3.2131,3.2041,3.2061,21
2026-02-03 11:55:00,3.1956,3.1956,3.1801,3.1891,3.2006,3.2006,3.1851,3.1941,46
2026-02-03 11:56:00,3.1906,3.2021,3.1906,3.2001,3.1956,3.2071,3.1956,3.2051,23
2026-02-03 11:57:00,3.1996,3.1996,3.1966,3.1991,3.2046,3.2046,3.2016,3.2041,19
2026-02-03 11:58:00,3.1981,3.1981,3.1921,3.1936,3.2031,3.2031,3.1971,3.1986,18
2026-02-03 11:59:00,3.1921,3.1946,3.1921,3.1941,3.1971,3.1996,3.1971,3.1991,7
2026-02-03 12:00:00,3.1936,3.1986,3.1911,3.1981,3.1986,3.2036,3.1961,3.2031,27
2026-02-03 12:01:00,3.1976,3.2006,3.1961,3.2006,3.2026,3.2056,3.2011,3.2056,14
2026-02-03 12:02:00,3.2011,3.2076,3.2006,3.2061,3.2061,3.2126,3.2056,3.2111,14
2026-02-03 12:03:00,3.2046,3.2051,3.1986,3.1991,3.2096,3.2101,3.2036,3.2041,17
2026-02-03 12:04:00,3.1986,3.2006,3.1966,3.1966,3.2036,3.2056,3.2016,3.2016,13
2026-02-03 12:05:00,3.1961,3.2046,3.1946,3.1971,3.2011,3.2096,3.1996,3.2021,35
2026-02-03 12:06:00,3.1966,3.2026,3.1956,3.2026,3.2016,3.2076,3.2006,3.2076,11
2026-02-03 12:07:00,3.2016,3.2016,3.1996,3.2011,3.2066,3.2066,3.2046,3.2061,7
2026-02-03 12:08:00,3.2006,3.2006,3.1986,3.1991,3.2056,3.2056,3.2036,3.2041,4
2026-02-03 12:09:00,3.1986,3.1996,3.1966,3.1981,3.2036,3.2046,3.2016,3.2031,17
2026-02-03 12:10:00,3.1976,3.1996,3.1971,3.1986,3.2026,3.2046,3.2021,3.2036,12
2026-02-03 12:11:00,3.1981,3.2091,3.1946,3.2076,3.2031,3.2141,3.1996,3.2126,33
2026-02-03 12:12:00,3.2086,3.2191,3.2086,3.2186,3.2136,3.2241,3.2136,3.2236,24
2026-02-03 12:13:00,3.2171,3.2216,3.2141,3.2181,3.2221,3.2266,3.2191,3.2231,39
2026-02-03 12:14:00,3.2176,3.2256,3.2166,3.2176,3.2226,3.2306,3.2216,3.2226,28
2026-02-03 12:15:00,3.2171,3.2216,3.2171,3.2191,3.2221,3.2266,3.2221,3.2241,17
2026-02-03 12:16:00,3.2186,3.2256,3.2176,3.2246,3.2236,3.2306,3.2226,3.2296,35
2026-02-03 12:17:00,3.2256,3.2276,3.2221,3.2221,3.2306,3.2326,3.2271,3.2271,36
2026-02-03 12:18:00,3.2226,3.2251,3.2221,3.2231,3.2276,3.2301,3.2271,3.2281,16
2026-02-03 12:19:00,3.2221,3.2231,3.2206,3.2211,3.2271,3.2281,3.2256,3.2261,19
2026-02-03 12:20:00,3.2216,3.2241,3.2206,3.2206,3.2266,3.2291,3.2256,3.2256,12
2026-02-03 12:21:00,3.2201,3.2246,3.2151,3.2176,3.2251,3.2296,3.2201,3.2226,32
2026-02-03 12:22:00,3.2166,3.2166,3.2016,3.2021,3.2216,3.2216,3.2066,3.2071,19
2026-02-03 12:23:00,3.2026,3.2026,3.1926,3.1926,3.2076,3.2076,3.1976,3.1976,26
2026-02-03 12:24:00,3.1936,3.1991,3.1921,3.1961,3.1986,3.2041,3.1971,3.2011,19
2026-02-03 12:25:00,3.1956,3.1956,3.1911,3.1926,3.2006,3.2006,3.1961,3.1976,20
2026-02-03 12:26:00,3.1931,3.1981,3.1931,3.1976,3.1981,3.2031,3.1981,3.2026,19
2026-02-03 12:27:00,3.1981,3.2006,3.1966,3.1976,3.2031,3.2056,3.2016,3.2026,17
2026-02-03 12:28:00,3.1971,3.2006,3.1961,3.1986,3.2021,3.2056,3.2011,3.2036,17
2026-02-03 12:29:00,3.2001,3.2081,3.2001,3.2081,3.2051,3.2131,3.2051,3.2131,32
2026-02-03 12:30:00,3.2091,3.2091,3.2011,3.2016,3.2141,3.2141,3.2061,3.2066,37
2026-02-03 12:31:00,3.2021,3.2046,3.1956,3.1956,3.2071,3.2096,3.2006,3.2006,29
2026-02-03 12:32:00,3.1941,3.1941,3.1786,3.1801,3.1991,3.1991,3.1836,3.1851,50
2026-02-03 12:33:00,3.1806,3.1976,3.1801,3.1976,3.1856,3.2026,3.1851,3.2026,39
2026-02-03 12:34:00,3.1981,3.1991,3.1956,3.1961,3.2031,3.2041,3.2006,3.2011,27
2026-02-03 12:35:00,3.1976,3.1976,3.1881,3.1916,3.2026,3.2026,3.1931,3.1966,37
2026-02-03 12:36:00,3.1921,3.2006,3.1921,3.1951,3.1971,3.2056,3.1971,3.2001,42
2026-02-03 12:37:00,3.1946,3.1966,3.1886,3.1956,3.1996,3.2016,3.1936,3.2006,43
2026-02-03 12:38:00,3.1966,3.2046,3.1961,3.2026,3.2016,3.2096,3.2011,3.2076,34
2026-02-03 12:39:00,3.2041,3.2091,3.2026,3.2046,3.2091,3.2141,3.2076,3.2096,30
2026-02-03 12:40:00,3.2036,3.2036,3.1931,3.1966,3.2086,3.2086,3.1981,3.2016,30
2026-02-03 12:41:00,3.1956,3.1986,3.1916,3.1946,3.2006,3.2036,3.1966,3.1996,38
2026-02-03 12:42:00,3.1936,3.1956,3.1936,3.1946,3.1986,3.2006,3.1986,3.1996,10
2026-02-03 12:43:00,3.1961,3.1971,3.1916,3.1916,3.2011,3.2021,3.1966,3.1966,13
2026-02-03 12:44:00,3.1926,3.1936,3.1916,3.1916,3.1976,3.1986,3.1966,3.1966,8
2026-02-03 12:45:00,3.1926,3.1956,3.1851,3.1896,3.1976,3.2006,3.1901,3.1946,53
2026-02-03 12:46:00,3.1901,3.2016,3.1901,3.1936,3.1951,3.2066,3.1951,3.1986,30
2026-02-03 12:47:00,3.1931,3.1931,3.1906,3.1926,3.1981,3.1981,3.1956,3.1976,11
2026-02-03 12:48:00,3.1916,3.1956,3.1861,3.1886,3.1966,3.2006,3.1911,3.1936,29
2026-02-03 12:49:00,3.1876,3.1876,3.1786,3.1831,3.1926,3.1926,3.1836,3.1881,35
2026-02-03 12:50:00,3.1836,3.1856,3.1751,3.1816,3.1886,3.1906,3.1801,3.1866,31
2026-02-03 12:51:00,3.1821,3.1936,3.1816,3.1881,3.1871,3.1986,3.1866,3.1931,40
2026-02-03 12:52:00,3.1886,3.2011,3.1866,3.2006,3.1936,3.2061,3.1916,3.2056,32
2026-02-03 12:53:00,3.2011,3.2031,3.1751,3.1761,3.2061,3.2081,3.1801,3.1811,79
2026-02-03 12:54:00,3.1756,3.1776,3.1701,3.1751,3.1806,3.1826,3.1751,3.1801,34
2026-02-03 12:55:00,3.1746,3.1766,3.1716,3.1716,3.1796,3.1816,3.1766,3.1766,18
2026-02-03 12:56:00,3.1706,3.1716,3.1666,3.1691,3.1756,3.1766,3.1716,3.1741,17
2026-02-03 12:57:00,3.1696,3.1716,3.1636,3.1691,3.1746,3.1766,3.1686,3.1741,37
2026-02-03 12:58:00,3.1696,3.1696,3.1656,3.1676,3.1746,3.1746,3.1706,3.1726,32
2026-02-03 12:59:00,3.1686,3.1686,3.1626,3.1656,3.1736,3.1736,3.1676,3.1706,39
2026-02-03 13:00:00,3.1661,3.1746,3.1591,3.1671,3.1711,3.1796,3.1641,3.1721,76
2026-02-03 13:01:00,3.1676,3.1736,3.1676,3.1706,3.1726,3.1786,3.1726,3.1756,25
2026-02-03 13:02:00,3.1716,3.1796,3.1691,3.1756,3.1766,3.1846,3.1741,3.1806,48
2026-02-03 13:03:00,3.1751,3.1751,3.1696,3.1711,3.1801,3.1801,3.1746,3.1761,32
2026-02-03 13:04:00,3.1716,3.1726,3.1626,3.1636,3.1766,3.1776,3.1676,3.1686,20
2026-02-03 13:05:00,3.1621,3.1696,3.1546,3.1681,3.1671,3.1746,3.1596,3.1731,65
2026-02-03 13:06:00,3.1676,3.1721,3.1631,3.1721,3.1726,3.1771,3.1681,3.1771,27
2026-02-03 13:07:00,3.1726,3.1756,3.1686,3.1686,3.1776,3.1806,3.1736,3.1736,28
2026-02-03 13:08:00,3.1691,3.1716,3.1661,3.1666,3.1741,3.1766,3.1711,3.1716,25
2026-02-03 13:09:00,3.1661,3.1731,3.1646,3.1686,3.1711,3.1781,3.1696,3.1736,30
2026-02-03 13:10:00,3.1681,3.1776,3.1681,3.1761,3.1731,3.1826,3.1731,3.1811,32
2026-02-03 13:11:00,3.1756,3.1771,3.1726,3.1751,3.1806,3.1821,3.1776,3.1801,27
2026-02-03 13:12:00,3.1756,3.1796,3.1716,3.1781,3.1806,3.1846,3.1766,3.1831,44
2026-02-03 13:13:00,3.1786,3.1956,3.1786,3.1946,3.1836,3.2006,3.1836,3.1996,47
2026-02-03 13:14:00,3.1961,3.1981,3.1931,3.1931,3.2011,3.2031,3.1981,3.1981,12
2026-02-03 13:15:00,3.1951,3.1976,3.1936,3.1966,3.2001,3.2026,3.1986,3.2016,18
2026-02-03 13:16:00,3.1971,3.1971,3.1886,3.1896,3.2021,3.2021,3.1936,3.1946,17
2026-02-03 13:17:00,3.1906,3.2031,3.1906,3.1991,3.1956,3.2081,3.1956,3.2041,43
2026-02-03 13:18:00,3.1981,3.2061,3.1966,3.2061,3.2031,3.2111,3.2016,3.2111,29
2026-02-03 13:19:00,3.2056,3.2121,3.1986,3.2111,3.2106,3.2171,3.2036,3.2161,35
2026-02-03 13:20:00,3.2106,3.2146,3.2106,3.2126,3.2156,3.2196,3.2156,3.2176,20
2026-02-03 13:21:00,3.2116,3.2236,3.2096,3.2186,3.2166,3.2286,3.2146,3.2236,41
2026-02-03 13:22:00,3.2191,3.2231,3.2146,3.2196,3.2241,3.2281,3.2196,3.2246,48
2026-02-03 13:23:00,3.2201,3.2221,3.2106,3.2151,3.2251,3.2271,3.2156,3.2201,47
2026-02-03 13:24:00,3.2156,3.2156,3.1821,3.1936,3.2206,3.2206,3.1871,3.1986,76
2026-02-03 13:25:00,3.1941,3.1976,3.1851,3.1861,3.1991,3.2026,3.1901,3.1911,39
2026-02-03 13:26:00,3.1866,3.2066,3.1866,3.2061,3.1916,3.2116,3.1916,3.2111,57
2026-02-03 13:27:00,3.2066,3.2096,3.2036,3.2046,3.2116,3.2146,3.2086,3.2096,27
2026-02-03 13:28:00,3.2036,3.2061,3.2016,3.2046,3.2086,3.2111,3.2066,3.2096,21
2026-02-03 13:29:00,3.2051,3.2056,3.1966,3.1981,3.2101,3.2106,3.2016,3.2031,46
2026-02-03 13:30:00,3.1986,3.2076,3.1961,3.2061,3.2036,3.2126,3.2011,3.2111,38
2026-02-03 13:31:00,3.2066,3.2146,3.2051,3.2131,3.2116,3.2196,3.2101,3.2181,44
2026-02-03 13:32:00,3.2126,3.2326,3.2126,3.2286,3.2176,3.2376,3.2176,3.2336,72
2026-02-03 13:33:00,3.2281,3.2371,3.2226,3.2366,3.2331,3.2421,3.2276,3.2416,45
2026-02-03 13:34:00,3.2356,3.2406,3.2336,3.2386,3.2406,3.2456,3.2386,3.2436,43
2026-02-03 13:35:00,3.2396,3.2426,3.2356,3.2371,3.2446,3.2476,3.2406,3.2421,58
2026-02-03 13:36:00,3.2366,3.2426,3.2356,3.2421,3.2416,3.2476,3.2406,3.2471,26
2026-02-03 13:37:00,3.2426,3.2446,3.2376,3.2411,3.2476,3.2496,3.2426,3.2461,50
2026-02-03 13:38:00,3.2406,3.2471,3.2396,3.2446,3.2456,3.2521,3.2446,3.2496,28
2026-02-03 13:39:00,3.2456,3.2556,3.2446,3.2531,3.2506,3.2606,3.2496,3.2581,72
2026-02-03 13:40:00,3.2536,3.2561,3.2486,3.2551,3.2586,3.2611,3.2536,3.2601,55
2026-02-03 13:41:00,3.2556,3.2606,3.2511,3.2576,3.2606,3.2656,3.2561,3.2626,62
2026-02-03 13:42:00,3.2566,3.2716,3.2566,3.2681,3.2616,3.2766,3.2616,3.2731,77
2026-02-03 13:43:00,3.2676,3.2716,3.2621,3.2661,3.2726,3.2766,3.2671,3.2711,52
2026-02-03 13:44:00,3.2666,3.2666,3.2536,3.2621,3.2716,3.2716,3.2586,3.2671,57
2026-02-03 13:45:00,3.2626,3.2636,3.2451,3.2456,3.2676,3.2686,3.2501,3.2506,74
2026-02-03 13:46:00,3.2466,3.2556,3.2466,3.2551,3.2516,3.2606,3.2516,3.2601,41
2026-02-03 13:47:00,3.2556,3.2636,3.2516,3.2551,3.2606,3.2686,3.2566,3.2601,59
2026-02-03 13:48:00,3.2556,3.2641,3.2541,3.2591,3.2606,3.2691,3.2591,3.2641,55
2026-02-03 13:49:00,3.2586,3.2661,3.2581,3.2641,3.2636,3.2711,3.2631,3.2691,36
2026-02-03 13:50:00,3.2636,3.2666,3.2591,3.2616,3.2686,3.2716,3.2641,3.2666,44
2026-02-03 13:51:00,3.2611,3.2626,3.2586,3.2611,3.2661,3.2676,3.2636,3.2661,26
2026-02-03 13:52:00,3.2616,3.2656,3.2496,3.2496,3.2666,3.2706,3.2546,3.2546,54
2026-02-03 13:53:00,3.2481,3.2676,3.2436,3.2631,3.2531,3.2726,3.2486,3.2681,65
2026-02-03 13:54:00,3.2636,3.2671,3.2601,3.2636,3.2686,3.2721,3.2651,3.2686,43
2026-02-03 13:55:00,3.2626,3.2626,3.2456,3.2466,3.2676,3.2676,3.2506,3.2516,49
2026-02-03 13:56:00,3.2461,3.2536,3.2276,3.2311,3.2511,3.2586,3.2326,3.2361,117
2026-02-03 13:57:00,3.2306,3.2406,3.2266,3.2321,3.2356,3.2456,3.2316,3.2371,83
2026-02-03 13:58:00,3.2326,3.2351,3.2231,3.2256,3.2376,3.2401,3.2281,3.2306,67
2026-02-03 13:59:00,3.2266,3.2416,3.2266,3.2386,3.2316,3.2466,3.2316,3.2436,41
2026-02-03 14:00:00,3.2381,3.2541,3.2331,3.2461,3.2431,3.2591,3.2381,3.2511,129
2026-02-03 14:01:00,3.2456,3.2666,3.2446,3.2606,3.2506,3.2716,3.2496,3.2656,75
2026-02-03 14:02:00,3.2611,3.2611,3.2316,3.2426,3.2661,3.2661,3.2366,3.2476,103
2026-02-03 14:03:00,3.2431,3.2516,3.2386,3.2416,3.2481,3.2566,3.2436,3.2466,83
2026-02-03 14:04:00,3.2421,3.2456,3.2286,3.2301,3.2471,3.2506,3.2336,3.2351,77
2026-02-03 14:05:00,3.2306,3.2336,3.2206,3.2231,3.2356,3.2386,3.2256,3.2281,99
2026-02-03 14:06:00,3.2226,3.2406,3.2226,3.2391,3.2276,3.2456,3.2276,3.2441,90
2026-02-03 14:07:00,3.2381,3.2521,3.2381,3.2426,3.2431,3.2571,3.2431,3.2476,61
2026-02-03 14:08:00,3.2416,3.2491,3.2376,3.2486,3.2466,3.2541,3.2426,3.2536,58
2026-02-03 14:09:00,3.2496,3.2516,3.2416,3.2446,3.2546,3.2566,3.2466,3.2496,62
2026-02-03 14:10:00,3.2436,3.2526,3.2386,3.2526,3.2486,3.2576,3.2436,3.2576,54
2026-02-03 14:11:00,3.2531,3.2626,3.2466,3.2556,3.2581,3.2676,3.2516,3.2606,96
2026-02-03 14:12:00,3.2551,3.2696,3.2526,3.2696,3.2601,3.2746,3.2576,3.2746,85
2026-02-03 14:13:00,3.2686,3.2736,3.2616,3.2656,3.2736,3.2786,3.2666,3.2706,91
2026-02-03 14:14:00,3.2651,3.2666,3.2586,3.2606,3.2701,3.2716,3.2636,3.2656,62
2026-02-03 14:15:00,3.2601,3.2601,3.2416,3.2421,3.2651,3.2651,3.2466,3.2471,78
2026-02-03 14:16:00,3.2416,3.2416,3.2316,3.2346,3.2466,3.2466,3.2366,3.2396,68
2026-02-03 14:17:00,3.2351,3.2366,3.2266,3.2266,3.2401,3.2416,3.2316,3.2316,72
2026-02-03 14:18:00,3.2276,3.2456,3.2266,3.2401,3.2326,3.2506,3.2316,3.2451,68
2026-02-03 14:19:00,3.2406,3.2486,3.2346,3.2356,3.2456,3.2536,3.2396,3.2406,87
2026-02-03 14:20:00,3.2366,3.2371,3.2206,3.2226,3.2416,3.2421,3.2256,3.2276,82
2026-02-03 14:21:00,3.2216,3.2246,3.2086,3.2116,3.2266,3.2296,3.2136,3.2166,119
2026-02-03 14:22:00,3.2101,3.2101,3.1976,3.1996,3.2151,3.2151,3.2026,3.2046,140
2026-02-03 14:23:00,3.1981,3.2036,3.1906,3.1966,3.2031,3.2086,3.1956,3.2016,102
2026-02-03 14:24:00,3.1961,3.1961,3.1846,3.1846,3.2011,3.2011,3.1896,3.1896,89
2026-02-03 14:25:00,3.1856,3.2016,3.1851,3.2006,3.1906,3.2066,3.1901,3.2056,87
2026-02-03 14:26:00,3.2016,3.2146,3.1976,3.2121,3.2066,3.2196,3.2026,3.2171,102
2026-02-03 14:27:00,3.2116,3.2406,3.2101,3.2391,3.2166,3.2456,3.2151,3.2441,102
2026-02-03 14:28:00,3.2406,3.2461,3.2311,3.2311,3.2456,3.2511,3.2361,3.2361,62
2026-02-03 14:29:00,3.2306,3.2326,3.2196,3.2251,3.2356,3.2376,3.2246,3.2301,99
2026-02-03 14:30:00,3.2241,3.2366,3.2216,3.2331,3.2291,3.2416,3.2266,3.2381,71
2026-02-03 14:31:00,3.2321,3.2551,3.2316,3.2541,3.2371,3.2601,3.2366,3.2591,81
2026-02-03 14:32:00,3.2546,3.2546,3.2366,3.2371,3.2596,3.2596,3.2416,3.2421,68
2026-02-03 14:33:00,3.2366,3.2416,3.2336,3.2381,3.2416,3.2466,3.2386,3.2431,80
2026-02-03 14:34:00,3.2376,3.2416,3.2366,3.2401,3.2426,3.2466,3.2416,3.2451,41
2026-02-03 14:35:00,3.2391,3.2416,3.2226,3.2236,3.2441,3.2466,3.2276,3.2286,54
2026-02-03 14:36:00,3.2231,3.2261,3.2191,3.2246,3.2281,3.2311,3.2241,3.2296,70
2026-02-03 14:37:00,3.2236,3.2301,3.2226,3.2261,3.2286,3.2351,3.2276,3.2311,61
2026-02-03 14:38:00,3.2256,3.2401,3.2206,3.2351,3.2306,3.2451,3.2256,3.2401,82
2026-02-03 14:39:00,3.2346,3.2491,3.2346,3.2486,3.2396,3.2541,3.2396,3.2536,77
2026-02-03 14:40:00,3.2476,3.2506,3.2406,3.2506,3.2526,3.2556,3.2456,3.2556,59
2026-02-03 14:41:00,3.2511,3.2551,3.2456,3.2536,3.2561,3.2601,3.2506,3.2586,91
2026-02-03 14:42:00,3.2546,3.2701,3.2511,3.2666,3.2596,3.2751,3.2561,3.2716,62
2026-02-03 14:43:00,3.2661,3.2661,3.2571,3.2596,3.2711,3.2711,3.2621,3.2646,55
2026-02-03 14:44:00,3.2606,3.2861,3.2586,3.2726,3.2656,3.2911,3.2636,3.2776,142
2026-02-03 14:45:00,3.2741,3.2791,3.2696,3.2786,3.2791,3.2841,3.2746,3.2836,83
2026-02-03 14:46:00,3.2796,3.2796,3.2656,3.2706,3.2846,3.2846,3.2706,3.2756,67
2026-02-03 14:47:00,3.2716,3.2791,3.2716,3.2756,3.2766,3.2841,3.2766,3.2806,67
2026-02-03 14:48:00,3.2751,3.2796,3.2726,3.2761,3.2801,3.2846,3.2776,3.2811,81
2026-02-03 14:49:00,3.2771,3.2901,3.2756,3.2811,3.2821,3.2951,3.2806,3.2861,72
2026-02-03 14:50:00,3.2816,3.2856,3.2776,3.2811,3.2866,3.2906,3.2826,3.2861,64
2026-02-03 14:51:00,3.2806,3.2806,3.2636,3.2636,3.2856,3.2856,3.2686,3.2686,83
2026-02-03 14:52:00,3.2646,3.2646,3.2456,3.2466,3.2696,3.2696,3.2506,3.2516,63
2026-02-03 14:53:00,3.2476,3.2551,3.2441,3.2441,3.2526,3.2601,3.2491,3.2491,78
2026-02-03 14:54:00,3.2446,3.2486,3.2436,3.2441,3.2496,3.2536,3.2486,3.2491,39
2026-02-03 14:55:00,3.2446,3.2446,3.2336,3.2346,3.2496,3.2496,3.2386,3.2396,74
2026-02-03 14:56:00,3.2356,3.2366,3.2226,3.2236,3.2406,3.2416,3.2276,3.2286,97
2026-02-03 14:57:00,3.2226,3.2231,3.2126,3.2156,3.2276,3.2281,3.2176,3.2206,81
2026-02-03 14:58:00,3.2151,3.2236,3.2136,3.2221,3.2201,3.2286,3.2186,3.2271,83
2026-02-03 14:59:00,3.2216,3.2261,3.2156,3.2181,3.2266,3.2311,3.2206,3.2231,64
2026-02-03 15:00:00,3.2186,3.2396,3.2171,3.2226,3.2236,3.2446,3.2221,3.2276,192
2026-02-03 15:01:00,3.2221,3.2421,3.2221,3.2386,3.2271,3.2471,3.2271,3.2436,141
2026-02-03 15:02:00,3.2376,3.2466,3.2366,3.2411,3.2426,3.2516,3.2416,3.2461,79
2026-02-03 15:03:00,3.2421,3.2436,3.2326,3.2391,3.2471,3.2486,3.2376,3.2441,98
2026-02-03 15:04:00,3.2396,3.2486,3.2381,3.2426,3.2446,3.2536,3.2431,3.2476,71
2026-02-03 15:05:00,3.2416,3.2486,3.2366,3.2406,3.2466,3.2536,3.2416,3.2456,98
2026-02-03 15:06:00,3.2396,3.2516,3.2366,3.2466,3.2446,3.2566,3.2416,3.2516,89
2026-02-03 15:07:00,3.2471,3.2521,3.2436,3.2486,3.2521,3.2571,3.2486,3.2536,51
2026-02-03 15:08:00,3.2491,3.2576,3.2476,3.2526,3.2541,3.2626,3.2526,3.2576,97
2026-02-03 15:09:00,3.2521,3.2576,3.2496,3.2521,3.2571,3.2626,3.2546,3.2571,78
2026-02-03 15:10:00,3.2511,3.2696,3.2511,3.2676,3.2561,3.2746,3.2561,3.2726,89
2026-02-03 15:11:00,3.2671,3.2711,3.2656,3.2676,3.2721,3.2761,3.2706,3.2726,90
2026-02-03 15:12:00,3.2681,3.2741,3.2636,3.2716,3.2731,3.2791,3.2686,3.2766,71
2026-02-03 15:13:00,3.2701,3.2776,3.2666,3.2746,3.2751,3.2826,3.2716,3.2796,75
2026-02-03 15:14:00,3.2741,3.2756,3.2711,3.2716,3.2791,3.2806,3.2761,3.2766,57
2026-02-03 15:15:00,3.2711,3.2736,3.2656,3.2726,3.2761,3.2786,3.2706,3.2776,58
2026-02-03 15:16:00,3.2721,3.2801,3.2721,3.2766,3.2771,3.2851,3.2771,3.2816,41
2026-02-03 15:17:00,3.2761,3.2786,3.2686,3.2706,3.2811,3.2836,3.2736,3.2756,47
2026-02-03 15:18:00,3.2716,3.2736,3.2651,3.2681,3.2766,3.2786,3.2701,3.2731,59
2026-02-03 15:19:00,3.2696,3.2736,3.2606,3.2646,3.2746,3.2786,3.2656,3.2696,56
2026-02-03 15:20:00,3.2636,3.2641,3.2571,3.2576,3.2686,3.2691,3.2621,3.2626,57
2026-02-03 15:21:00,3.2571,3.2571,3.2496,3.2511,3.2621,3.2621,3.2546,3.2561,56
2026-02-03 15:22:00,3.2496,3.2536,3.2416,3.2471,3.2546,3.2586,3.2466,3.2521,84
2026-02-03 15:23:00,3.2476,3.2596,3.2446,3.2486,3.2526,3.2646,3.2496,3.2536,71
2026-02-03 15:24:00,3.2476,3.2486,3.2376,3.2396,3.2526,3.2536,3.2426,3.2446,50
2026-02-03 15:25:00,3.2386,3.2406,3.2351,3.2396,3.2436,3.2456,3.2401,3.2446,69
2026-02-03 15:26:00,3.2406,3.2466,3.2376,3.2456,3.2456,3.2516,3.2426,3.2506,57
2026-02-03 15:27:00,3.2451,3.2496,3.2386,3.2396,3.2501,3.2546,3.2436,3.2446,89
2026-02-03 15:28:00,3.2401,3.2416,3.2316,3.2381,3.2451,3.2466,3.2366,3.2431,49
2026-02-03 15:29:00,3.2376,3.2446,3.2346,3.2416,3.2426,3.2496,3.2396,3.2466,48
2026-02-03 15:30:00,3.2426,3.2536,3.2416,3.2486,3.2476,3.2586,3.2466,3.2536,110
2026-02-03 15:31:00,3.2496,3.2676,3.2486,3.2626,3.2546,3.2726,3.2536,3.2676,102
2026-02-03 15:32:00,3.2621,3.2656,3.2576,3.2616,3.2671,3.2706,3.2626,3.2666,62
2026-02-03 15:33:00,3.2621,3.2706,3.2616,3.2701,3.2671,3.2756,3.2666,3.2751,70
2026-02-03 15:34:00,3.2696,3.2766,3.2666,3.2761,3.2746,3.2816,3.2716,3.2811,78
2026-02-03 15:35:00,3.2756,3.2856,3.2741,3.2816,3.2806,3.2906,3.2791,3.2866,83
2026-02-03 15:36:00,3.2811,3.2841,3.2776,3.2796,3.2861,3.2891,3.2826,3.2846,68
2026-02-03 15:37:00,3.2791,3.2806,3.2726,3.2761,3.2841,3.2856,3.2776,3.2811,51
2026-02-03 15:38:00,3.2751,3.2786,3.2716,3.2781,3.2801,3.2836,3.2766,3.2831,53
2026-02-03 15:39:00,3.2776,3.2816,3.2771,3.2786,3.2826,3.2866,3.2821,3.2836,51
2026-02-03 15:40:00,3.2781,3.2926,3.2766,3.2836,3.2831,3.2976,3.2816,3.2886,82
2026-02-03 15:41:00,3.2846,3.2876,3.2811,3.2836,3.2896,3.2926,3.2861,3.2886,49
2026-02-03 15:42:00,3.2846,3.2886,3.2826,3.2856,3.2896,3.2936,3.2876,3.2906,52
2026-02-03 15:43:00,3.2846,3.2846,3.2746,3.2776,3.2896,3.2896,3.2796,3.2826,83
2026-02-03 15:44:00,3.2771,3.2771,3.2716,3.2736,3.2821,3.2821,3.2766,3.2786,54
2026-02-03 15:45:00,3.2746,3.2746,3.2626,3.2661,3.2796,3.2796,3.2676,3.2711,90
2026-02-03 15:46:00,3.2666,3.2706,3.2666,3.2706,3.2716,3.2756,3.2716,3.2756,30
2026-02-03 15:47:00,3.2701,3.2876,3.2686,3.2821,3.2751,3.2926,3.2736,3.2871,67
2026-02-03 15:48:00,3.2816,3.2841,3.2796,3.2816,3.2866,3.2891,3.2846,3.2866,58
2026-02-03 15:49:00,3.2811,3.2831,3.2796,3.2826,3.2861,3.2881,3.2846,3.2876,40
2026-02-03 15:50:00,3.2816,3.2886,3.2811,3.2871,3.2866,3.2936,3.2861,3.2921,40
2026-02-03 15:51:00,3.2866,3.2956,3.2866,3.2946,3.2916,3.3006,3.2916,3.2996,37
2026-02-03 15:52:00,3.2941,3.2981,3.2876,3.2906,3.2991,3.3031,3.2926,3.2956,54
2026-02-03 15:53:00,3.2911,3.3076,3.2911,3.3046,3.2961,3.3126,3.2961,3.3096,83
2026-02-03 15:54:00,3.3051,3.3126,3.3051,3.3106,3.3101,3.3176,3.3101,3.3156,66
2026-02-03 15:55:00,3.3111,3.3126,3.3026,3.3081,3.3161,3.3176,3.3076,3.3131,67
2026-02-03 15:56:00,3.3076,3.3131,3.3071,3.3121,3.3126,3.3181,3.3121,3.3171,42
2026-02-03 15:57:00,3.3126,3.3236,3.3126,3.3216,3.3176,3.3286,3.3176,3.3266,59
2026-02-03 15:58:00,3.3206,3.3216,3.3126,3.3146,3.3256,3.3266,3.3176,3.3196,63
2026-02-03 15:59:00,3.3156,3.3271,3.3151,3.3261,3.3206,3.3321,3.3201,3.3311,81
2026-02-03 16:00:00,3.3256,3.3301,3.3181,3.3256,3.3306,3.3351,3.3231,3.3306,98
2026-02-03 16:01:00,3.3261,3.3276,3.3136,3.3156,3.3311,3.3326,3.3186,3.3206,85
2026-02-03 16:02:00,3.3161,3.3186,3.3056,3.3186,3.3211,3.3236,3.3106,3.3236,86
2026-02-03 16:03:00,3.3171,3.3186,3.3131,3.3136,3.3221,3.3236,3.3181,3.3186,43
2026-02-03 16:04:00,3.3131,3.3186,3.3106,3.3176,3.3181,3.3236,3.3156,3.3226,56
2026-02-03 16:05:00,3.3171,3.3196,3.3131,3.3186,3.3221,3.3246,3.3181,3.3236,33
2026-02-03 16:06:00,3.3196,3.3236,3.3166,3.3221,3.3246,3.3286,3.3216,3.3271,51
2026-02-03 16:07:00,3.3211,3.3211,3.3056,3.3056,3.3261,3.3261,3.3106,3.3106,45
2026-02-03 16:08:00,3.3061,3.3066,3.2996,3.3016,3.3111,3.3116,3.3046,3.3066,63
2026-02-03 16:09:00,3.3011,3.3046,3.2956,3.2991,3.3061,3.3096,3.3006,3.3041,64
2026-02-03 16:10:00,3.2996,3.3036,3.2986,3.3026,3.3046,3.3086,3.3036,3.3076,35
2026-02-03 16:11:00,3.3021,3.3026,3.2946,3.3016,3.3071,3.3076,3.2996,3.3066,49
2026-02-03 16:12:00,3.3006,3.3036,3.2996,3.3006,3.3056,3.3086,3.3046,3.3056,38
2026-02-03 16:13:00,3.3011,3.3026,3.2941,3.3006,3.3061,3.3076,3.2991,3.3056,40
2026-02-03 16:14:00,3.3016,3.3031,3.2996,3.3026,3.3066,3.3081,3.3046,3.3076,31
2026-02-03 16:15:00,3.3036,3.3126,3.3026,3.3096,3.3086,3.3176,3.3076,3.3146,70
2026-02-03 16:16:00,3.3106,3.3156,3.3096,3.3131,3.3156,3.3206,3.3146,3.3181,45
2026-02-03 16:17:00,3.3126,3.3261,3.3116,3.3236,3.3176,3.3311,3.3166,3.3286,74
2026-02-03 16:18:00,3.3226,3.3271,3.3196,3.3236,3.3276,3.3321,3.3246,3.3286,61
2026-02-03 16:19:00,3.3241,3.3376,3.3226,3.3356,3.3291,3.3426,3.3276,3.3406,72
2026-02-03 16:20:00,3.3346,3.3396,3.3341,3.3366,3.3396,3.3446,3.3391,3.3416,83
2026-02-03 16:21:00,3.3376,3.3416,3.3326,3.3396,3.3426,3.3466,3.3376,3.3446,50
2026-02-03 16:22:00,3.3401,3.3421,3.3366,3.3406,3.3451,3.3471,3.3416,3.3456,42
2026-02-03 16:23:00,3.3416,3.3456,3.3376,3.3411,3.3466,3.3506,3.3426,3.3461,64
2026-02-03 16:24:00,3.3406,3.3436,3.3341,3.3396,3.3456,3.3486,3.3391,3.3446,47
2026-02-03 16:25:00,3.3406,3.3446,3.3386,3.3441,3.3456,3.3496,3.3436,3.3491,54
2026-02-03 16:26:00,3.3446,3.3446,3.3346,3.3401,3.3496,3.3496,3.3396,3.3451,49
2026-02-03 16:27:00,3.3406,3.3416,3.3366,3.3376,3.3456,3.3466,3.3416,3.3426,39
2026-02-03 16:28:00,3.3366,3.3376,3.3276,3.3276,3.3416,3.3426,3.3326,3.3326,64
2026-02-03 16:29:00,3.3281,3.3376,3.3276,3.3356,3.3331,3.3426,3.3326,3.3406,58
2026-02-03 16:30:00,3.3381,3.3381,3.3336,3.3346,3.3431,3.3431,3.3386,3.3396,33
2026-02-03 16:31:00,3.3336,3.3356,3.3306,3.3306,3.3386,3.3406,3.3356,3.3356,57
2026-02-03 16:32:00,3.3316,3.3376,3.3306,3.3366,3.3366,3.3426,3.3356,3.3416,42
2026-02-03 16:33:00,3.3371,3.3456,3.3371,3.3436,3.3421,3.3506,3.3421,3.3486,68
2026-02-03 16:34:00,3.3431,3.3436,3.3316,3.3316,3.3481,3.3486,3.3366,3.3366,46
2026-02-03 16:35:00,3.3321,3.3341,3.3226,3.3276,3.3371,3.3391,3.3276,3.3326,74
2026-02-03 16:36:00,3.3286,3.3386,3.3286,3.3386,3.3336,3.3436,3.3336,3.3436,59
2026-02-03 16:37:00,3.3396,3.3456,3.3386,3.3421,3.3446,3.3506,3.3436,3.3471,56
2026-02-03 16:38:00,3.3416,3.3416,3.3346,3.3376,3.3466,3.3466,3.3396,3.3426,43
2026-02-03 16:39:00,3.3381,3.3431,3.3326,3.3356,3.3431,3.3481,3.3376,3.3406,67
2026-02-03 16:40:00,3.3346,3.3386,3.3271,3.3286,3.3396,3.3436,3.3321,3.3336,48
2026-02-03 16:41:00,3.3291,3.3361,3.3246,3.3356,3.3341,3.3411,3.3296,3.3406,80
2026-02-03 16:42:00,3.3351,3.3456,3.3341,3.3416,3.3401,3.3506,3.3391,3.3466,73
2026-02-03 16:43:00,3.3421,3.3456,3.3286,3.3376,3.3471,3.3506,3.3336,3.3426,76
2026-02-03 16:44:00,3.3386,3.3406,3.3311,3.3356,3.3436,3.3456,3.3361,3.3406,61
2026-02-03 16:45:00,3.3366,3.3371,3.3276,3.3296,3.3416,3.3421,3.3326,3.3346,86
2026-02-03 16:46:00,3.3286,3.3336,3.3276,3.3306,3.3336,3.3386,3.3326,3.3356,48
2026-02-03 16:47:00,3.3301,3.3336,3.3271,3.3321,3.3351,3.3386,3.3321,3.3371,46
2026-02-03 16:48:00,3.3311,3.3321,3.3236,3.3276,3.3361,3.3371,3.3286,3.3326,53
2026-02-03 16:49:00,3.3286,3.3486,3.3266,3.3426,3.3336,3.3536,3.3316,3.3476,97
2026-02-03 16:50:00,3.3436,3.3446,3.3296,3.3316,3.3486,3.3496,3.3346,3.3366,75
2026-02-03 16:51:00,3.3306,3.3306,3.3176,3.3286,3.3356,3.3356,3.3226,3.3336,70
2026-02-03 16:52:00,3.3291,3.3396,3.3291,3.3351,3.3341,3.3446,3.3341,3.3401,75
2026-02-03 16:53:00,3.3356,3.3416,3.3351,3.3376,3.3406,3.3466,3.3401,3.3426,42
2026-02-03 16:54:00,3.3381,3.3386,3.3226,3.3226,3.3431,3.3436,3.3276,3.3276,80
2026-02-03 16:55:00,3.3231,3.3246,3.3196,3.3236,3.3281,3.3296,3.3246,3.3286,45
2026-02-03 16:56:00,3.3241,3.3246,3.2986,3.3006,3.3291,3.3296,3.3036,3.3056,109
2026-02-03 16:57:00,3.2996,3.3086,3.2956,3.3086,3.3046,3.3136,3.3006,3.3136,80
2026-02-03 16:58:00,3.3091,3.3156,3.3091,3.3141,3.3141,3.3206,3.3141,3.3191,50
2026-02-03 16:59:00,3.3136,3.3276,3.3106,3.3256,3.3186,3.3326,3.3156,3.3306,75
2026-02-03 17:00:00,3.3246,3.3286,3.3196,3.3211,3.3296,3.3336,3.3246,3.3261,53
2026-02-03 17:01:00,3.3201,3.3276,3.3126,3.3266,3.3251,3.3326,3.3176,3.3316,73
2026-02-03 17:02:00,3.3271,3.3296,3.3116,3.3206,3.3321,3.3346,3.3166,3.3256,103
2026-02-03 17:03:00,3.3211,3.3261,3.3181,3.3206,3.3261,3.3311,3.3231,3.3256,41
2026-02-03 17:04:00,3.3201,3.3226,3.3156,3.3181,3.3251,3.3276,3.3206,3.3231,53
2026-02-03 17:05:00,3.3186,3.3196,3.3136,3.3191,3.3236,3.3246,3.3186,3.3241,48
2026-02-03 17:06:00,3.3186,3.3221,3.3166,3.3206,3.3236,3.3271,3.3216,3.3256,40
2026-02-03 17:07:00,3.3216,3.3336,3.3216,3.3296,3.3266,3.3386,3.3266,3.3346,77
2026-02-03 17:08:00,3.3286,3.3406,3.3266,3.3386,3.3336,3.3456,3.3316,3.3436,67
2026-02-03 17:09:00,3.3381,3.3396,3.3316,3.3321,3.3431,3.3446,3.3366,3.3371,53
2026-02-03 17:10:00,3.3316,3.3471,3.3316,3.3456,3.3366,3.3521,3.3366,3.3506,74
2026-02-03 17:11:00,3.3466,3.3536,3.3456,3.3536,3.3516,3.3586,3.3506,3.3586,47
2026-02-03 17:12:00,3.3531,3.3616,3.3456,3.3586,3.3581,3.3666,3.3506,3.3636,88
2026-02-03 17:13:00,3.3576,3.3616,3.3566,3.3606,3.3626,3.3666,3.3616,3.3656,94
2026-02-03 17:14:00,3.3596,3.3656,3.3586,3.3646,3.3646,3.3706,3.3636,3.3696,46
2026-02-03 17:15:00,3.3641,3.3666,3.3526,3.3541,3.3691,3.3716,3.3576,3.3591,76
2026-02-03 17:16:00,3.3546,3.3546,3.3446,3.3451,3.3596,3.3596,3.3496,3.3501,73
2026-02-03 17:17:00,3.3461,3.3496,3.3406,3.3446,3.3511,3.3546,3.3456,3.3496,70
2026-02-03 17:18:00,3.3451,3.3516,3.3416,3.3456,3.3501,3.3566,3.3466,3.3506,48
2026-02-03 17:19:00,3.3451,3.3496,3.3406,3.3436,3.3501,3.3546,3.3456,3.3486,38
2026-02-03 17:20:00,3.3441,3.3466,3.3396,3.3426,3.3491,3.3516,3.3446,3.3476,42
2026-02-03 17:21:00,3.3436,3.3436,3.3346,3.3386,3.3486,3.3486,3.3396,3.3436,46
2026-02-03 17:22:00,3.3376,3.3406,3.3356,3.3356,3.3426,3.3456,3.3406,3.3406,42
2026-02-03 17:23:00,3.3361,3.3366,3.3256,3.3271,3.3411,3.3416,3.3306,3.3321,79
2026-02-03 17:24:00,3.3296,3.3316,3.3216,3.3226,3.3346,3.3366,3.3266,3.3276,69
2026-02-03 17:25:00,3.3236,3.3276,3.3236,3.3246,3.3286,3.3326,3.3286,3.3296,47
2026-02-03 17:26:00,3.3236,3.3236,3.3161,3.3216,3.3286,3.3286,3.3211,3.3266,68
2026-02-03 17:27:00,3.3226,3.3276,3.3171,3.3221,3.3276,3.3326,3.3221,3.3271,79
2026-02-03 17:28:00,3.3231,3.3306,3.3231,3.3256,3.3281,3.3356,3.3281,3.3306,51
2026-02-03 17:29:00,3.3266,3.3306,3.3256,3.3286,3.3316,3.3356,3.3306,3.3336,37
2026-02-03 17:30:00,3.3281,3.3286,3.3156,3.3181,3.3331,3.3336,3.3206,3.3231,66
2026-02-03 17:31:00,3.3186,3.3186,3.3136,3.3161,3.3236,3.3236,3.3186,3.3211,43
2026-02-03 17:32:00,3.3156,3.3166,3.2966,3.2976,3.3206,3.3216,3.3016,3.3026,85
2026-02-03 17:33:00,3.2981,3.3066,3.2936,3.3036,3.3031,3.3116,3.2986,3.3086,88
2026-02-03 17:34:00,3.3046,3.3106,3.3006,3.3096,3.3096,3.3156,3.3056,3.3146,58
2026-02-03 17:35:00,3.3086,3.3126,3.3046,3.3076,3.3136,3.3176,3.3096,3.3126,62
2026-02-03 17:36:00,3.3081,3.3146,3.3061,3.3131,3.3131,3.3196,3.3111,3.3181,44
2026-02-03 17:37:00,3.3136,3.3176,3.3106,3.3121,3.3186,3.3226,3.3156,3.3171,59
2026-02-03 17:38:00,3.3111,3.3191,3.3086,3.3166,3.3161,3.3241,3.3136,3.3216,52
2026-02-03 17:39:00,3.3176,3.3221,3.3136,3.3186,3.3226,3.3271,3.3186,3.3236,50
2026-02-03 17:40:00,3.3181,3.3201,3.3151,3.3196,3.3231,3.3251,3.3201,3.3246,32
2026-02-03 17:41:00,3.3201,3.3246,3.3176,3.3216,3.3251,3.3296,3.3226,3.3266,42
2026-02-03 17:42:00,3.3211,3.3271,3.3196,3.3261,3.3261,3.3321,3.3246,3.3311,57
2026-02-03 17:43:00,3.3256,3.3371,3.3206,3.3351,3.3306,3.3421,3.3256,3.3401,81
2026-02-03 17:44:00,3.3336,3.3371,3.3326,3.3341,3.3386,3.3421,3.3376,3.3391,33
2026-02-03 17:45:00,3.3346,3.3421,3.3326,3.3396,3.3396,3.3471,3.3376,3.3446,46
2026-02-03 17:46:00,3.3401,3.3486,3.3401,3.3456,3.3451,3.3536,3.3451,3.3506,42
2026-02-03 17:47:00,3.3461,3.3481,3.3451,3.3466,3.3511,3.3531,3.3501,3.3516,39
2026-02-03 17:48:00,3.3456,3.3456,3.3326,3.3351,3.3506,3.3506,3.3376,3.3401,77
2026-02-03 17:49:00,3.3356,3.3386,3.3336,3.3366,3.3406,3.3436,3.3386,3.3416,61
2026-02-03 17:50:00,3.3361,3.3361,3.3296,3.3296,3.3411,3.3411,3.3346,3.3346,36
2026-02-03 17:51:00,3.3286,3.3286,3.3181,3.3271,3.3336,3.3336,3.3231,3.3321,74
2026-02-03 17:52:00,3.3276,3.3371,3.3276,3.3311,3.3326,3.3421,3.3326,3.3361,41
2026-02-03 17:53:00,3.3306,3.3426,3.3306,3.3386,3.3356,3.3476,3.3356,3.3436,60
2026-02-03 17:54:00,3.3381,3.3386,3.3341,3.3341,3.3431,3.3436,3.3391,3.3391,38
2026-02-03 17:55:00,3.3336,3.3386,3.3321,3.3386,3.3386,3.3436,3.3371,3.3436,50
2026-02-03 17:56:00,3.3376,3.3401,3.3326,3.3366,3.3426,3.3451,3.3376,3.3416,54
2026-02-03 17:57:00,3.3361,3.3436,3.3361,3.3406,3.3411,3.3486,3.3411,3.3456,64
2026-02-03 17:58:00,3.3416,3.3426,3.3361,3.3386,3.3466,3.3476,3.3411,3.3436,33
2026-02-03 17:59:00,3.3376,3.3406,3.3321,3.3376,3.3426,3.3456,3.3371,3.3426,44
2026-02-03 18:00:00,3.3381,3.3381,3.3286,3.3296,3.3431,3.3431,3.3336,3.3346,41
2026-02-03 18:01:00,3.3306,3.3326,3.3246,3.3316,3.3356,3.3376,3.3296,3.3366,44
2026-02-03 18:02:00,3.3326,3.3336,3.3276,3.3276,3.3376,3.3386,3.3326,3.3326,24
2026-02-03 18:03:00,3.3256,3.3336,3.3256,3.3306,3.3306,3.3386,3.3306,3.3356,41
2026-02-03 18:04:00,3.3316,3.3326,3.3266,3.3286,3.3366,3.3376,3.3316,3.3336,32
2026-02-03 18:05:00,3.3296,3.3306,3.3236,3.3246,3.3346,3.3356,3.3286,3.3296,33
2026-02-03 18:06:00,3.3241,3.3241,3.3166,3.3181,3.3291,3.3291,3.3216,3.3231,34
2026-02-03 18:07:00,3.3196,3.3316,3.3196,3.3291,3.3246,3.3366,3.3246,3.3341,56
2026-02-03 18:08:00,3.3296,3.3316,3.3226,3.3226,3.3346,3.3366,3.3276,3.3276,32
2026-02-03 18:09:00,3.3231,3.3246,3.3181,3.3196,3.3281,3.3296,3.3231,3.3246,41
2026-02-03 18:10:00,3.3186,3.3196,3.3156,3.3196,3.3236,3.3246,3.3206,3.3246,34
2026-02-03 18:11:00,3.3206,3.3266,3.3196,3.3261,3.3256,3.3316,3.3246,3.3311,35
2026-02-03 18:12:00,3.3266,3.3356,3.3266,3.3336,3.3316,3.3406,3.3316,3.3386,56
2026-02-03 18:13:00,3.3341,3.3451,3.3336,3.3436,3.3391,3.3501,3.3386,3.3486,62
2026-02-03 18:14:00,3.3441,3.3466,3.3406,3.3406,3.3491,3.3516,3.3456,3.3456,35
2026-02-03 18:15:00,3.3411,3.3426,3.3366,3.3371,3.3461,3.3476,3.3416,3.3421,46
2026-02-03 18:16:00,3.3386,3.3396,3.3326,3.3336,3.3436,3.3446,3.3376,3.3386,52
2026-02-03 18:17:00,3.3341,3.3401,3.3341,3.3396,3.3391,3.3451,3.3391,3.3446,19
2026-02-03 18:18:00,3.3391,3.3446,3.3376,3.3381,3.3441,3.3496,3.3426,3.3431,44
2026-02-03 18:19:00,3.3391,3.3391,3.3336,3.3341,3.3441,3.3441,3.3386,3.3391,33
2026-02-03 18:20:00,3.3336,3.3336,3.3286,3.3306,3.3386,3.3386,3.3336,3.3356,45
2026-02-03 18:21:00,3.3316,3.3486,3.3316,3.3456,3.3366,3.3536,3.3366,3.3506,87
2026-02-03 18:22:00,3.3461,3.3466,3.3376,3.3381,3.3511,3.3516,3.3426,3.3431,34
2026-02-03 18:23:00,3.3386,3.3466,3.3386,3.3426,3.3436,3.3516,3.3436,3.3476,41
2026-02-03 18:24:00,3.3431,3.3446,3.3396,3.3426,3.3481,3.3496,3.3446,3.3476,37
2026-02-03 18:25:00,3.3416,3.3436,3.3396,3.3396,3.3466,3.3486,3.3446,3.3446,26
2026-02-03 18:26:00,3.3391,3.3396,3.3266,3.3326,3.3441,3.3446,3.3316,3.3376,66
2026-02-03 18:27:00,3.3316,3.3336,3.3236,3.3256,3.3366,3.3386,3.3286,3.3306,39
2026-02-03 18:28:00,3.3251,3.3266,3.3186,3.3266,3.3301,3.3316,3.3236,3.3316,68
2026-02-03 18:29:00,3.3271,3.3336,3.3261,3.3326,3.3321,3.3386,3.3311,3.3376,66
2026-02-03 18:30:00,3.3321,3.3336,3.3196,3.3231,3.3371,3.3386,3.3246,3.3281,63
2026-02-03 18:31:00,3.3226,3.3246,3.3166,3.3216,3.3276,3.3296,3.3216,3.3266,39
2026-02-03 18:32:00,3.3221,3.3236,3.3201,3.3226,3.3271,3.3286,3.3251,3.3276,19
2026-02-03 18:33:00,3.3221,3.3256,3.3196,3.3211,3.3271,3.3306,3.3246,3.3261,47
2026-02-03 18:34:00,3.3206,3.3306,3.3196,3.3306,3.3256,3.3356,3.3246,3.3356,35
2026-02-03 18:35:00,3.3301,3.3306,3.3246,3.3256,3.3351,3.3356,3.3296,3.3306,39
2026-02-03 18:36:00,3.3261,3.3261,3.3156,3.3191,3.3311,3.3311,3.3206,3.3241,70
2026-02-03 18:37:00,3.3196,3.3196,3.3131,3.3151,3.3246,3.3246,3.3181,3.3201,47
2026-02-03 18:38:00,3.3141,3.3141,3.3056,3.3061,3.3191,3.3191,3.3106,3.3111,41
2026-02-03 18:39:00,3.3051,3.3066,3.2971,3.2976,3.3101,3.3116,3.3021,3.3026,52
2026-02-03 18:40:00,3.2971,3.2996,3.2926,3.2951,3.3021,3.3046,3.2976,3.3001,40
2026-02-03 18:41:00,3.2956,3.2956,3.2806,3.2806,3.3006,3.3006,3.2856,3.2856,83
2026-02-03 18:42:00,3.2816,3.2826,3.2691,3.2766,3.2866,3.2876,3.2741,3.2816,120
2026-02-03 18:43:00,3.2771,3.2786,3.2736,3.2766,3.2821,3.2836,3.2786,3.2816,56
2026-02-03 18:44:00,3.2771,3.2901,3.2766,3.2841,3.2821,3.2951,3.2816,3.2891,84
2026-02-03 18:45:00,3.2826,3.2876,3.2776,3.2861,3.2876,3.2926,3.2826,3.2911,59
2026-02-03 18:46:00,3.2856,3.2906,3.2856,3.2901,3.2906,3.2956,3.2906,3.2951,48
2026-02-03 18:47:00,3.2896,3.2986,3.2896,3.2966,3.2946,3.3036,3.2946,3.3016,57
2026-02-03 18:48:00,3.2956,3.2976,3.2936,3.2976,3.3006,3.3026,3.2986,3.3026,26
2026-02-03 18:49:00,3.2986,3.3026,3.2966,3.3021,3.3036,3.3076,3.3016,3.3071,51
2026-02-03 18:50:00,3.3016,3.3046,3.2986,3.3016,3.3066,3.3096,3.3036,3.3066,46
2026-02-03 18:51:00,3.3021,3.3136,3.3016,3.3106,3.3071,3.3186,3.3066,3.3156,50
2026-02-03 18:52:00,3.3091,3.3136,3.3041,3.3076,3.3141,3.3186,3.3091,3.3126,61
2026-02-03 18:53:00,3.3071,3.3096,3.3056,3.3056,3.3121,3.3146,3.3106,3.3106,30
2026-02-03 18:54:00,3.3051,3.3096,3.3026,3.3086,3.3101,3.3146,3.3076,3.3136,42
2026-02-03 18:55:00,3.3096,3.3176,3.3066,3.3176,3.3146,3.3226,3.3116,3.3226,33
2026-02-03 18:56:00,3.3171,3.3171,3.3066,3.3076,3.3221,3.3221,3.3116,3.3126,44
2026-02-03 18:57:00,3.3086,3.3106,3.3046,3.3096,3.3136,3.3156,3.3096,3.3146,25
2026-02-03 18:58:00,3.3116,3.3156,3.3081,3.3116,3.3166,3.3206,3.3131,3.3166,45
2026-02-03 18:59:00,3.3126,3.3126,3.3036,3.3036,3.3176,3.3176,3.3086,3.3086,37
2026-02-03 19:00:00,3.3031,3.3076,3.2966,3.2976,3.3081,3.3126,3.3016,3.3026,39
2026-02-03 19:01:00,3.2986,3.2996,3.2896,3.2896,3.3036,3.3046,3.2946,3.2946,55
2026-02-03 19:02:00,3.2891,3.2916,3.2876,3.2876,3.2941,3.2966,3.2926,3.2926,19
2026-02-03 19:03:00,3.2881,3.2956,3.2836,3.2911,3.2931,3.3006,3.2886,3.2961,58
2026-02-03 19:04:00,3.2916,3.2946,3.2906,3.2921,3.2966,3.2996,3.2956,3.2971,24
2026-02-03 19:05:00,3.2931,3.2961,3.2891,3.2951,3.2981,3.3011,3.2941,3.3001,24
2026-02-03 19:06:00,3.2936,3.2966,3.2916,3.2951,3.2986,3.3016,3.2966,3.3001,31
2026-02-03 19:07:00,3.2946,3.2951,3.2836,3.2886,3.2996,3.3001,3.2886,3.2936,73
2026-02-03 19:08:00,3.2876,3.2936,3.2836,3.2936,3.2926,3.2986,3.2886,3.2986,36
2026-02-03 19:09:00,3.2946,3.2976,3.2926,3.2956,3.2996,3.3026,3.2976,3.3006,36
2026-02-03 19:10:00,3.2946,3.2981,3.2916,3.2981,3.2996,3.3031,3.2966,3.3031,37
2026-02-03 19:11:00,3.2986,3.3021,3.2946,3.3011,3.3036,3.3071,3.2996,3.3061,50
2026-02-03 19:12:00,3.3006,3.3036,3.2981,3.3006,3.3056,3.3086,3.3031,3.3056,43
2026-02-03 19:13:00,3.2996,3.3061,3.2946,3.2946,3.3046,3.3111,3.2996,3.2996,47
2026-02-03 19:14:00,3.2956,3.2986,3.2941,3.2976,3.3006,3.3036,3.2991,3.3026,27
2026-02-03 19:15:00,3.2981,3.3061,3.2961,3.2961,3.3031,3.3111,3.3011,3.3011,40
2026-02-03 19:16:00,3.2966,3.2996,3.2951,3.2996,3.3016,3.3046,3.3001,3.3046,30
2026-02-03 19:17:00,3.2986,3.3086,3.2971,3.3031,3.3036,3.3136,3.3021,3.3081,80
2026-02-03 19:18:00,3.3026,3.3026,3.2956,3.2966,3.3076,3.3076,3.3006,3.3016,54
2026-02-03 19:19:00,3.2971,3.3026,3.2971,3.3011,3.3021,3.3076,3.3021,3.3061,36
2026-02-03 19:20:00,3.3006,3.3056,3.2976,3.2991,3.3056,3.3106,3.3026,3.3041,40
2026-02-03 19:21:00,3.2986,3.2986,3.2926,3.2936,3.3036,3.3036,3.2976,3.2986,35
2026-02-03 19:22:00,3.2931,3.2966,3.2926,3.2931,3.2981,3.3016,3.2976,3.2981,46
2026-02-03 19:23:00,3.2936,3.2936,3.2906,3.2906,3.2986,3.2986,3.2956,3.2956,26
2026-02-03 19:24:00,3.2921,3.2936,3.2786,3.2786,3.2971,3.2986,3.2836,3.2836,53
2026-02-03 19:25:00,3.2781,3.2796,3.2656,3.2676,3.2831,3.2846,3.2706,3.2726,69
2026-02-03 19:26:00,3.2671,3.2686,3.2566,3.2576,3.2721,3.2736,3.2616,3.2626,84
2026-02-03 19:27:00,3.2581,3.2606,3.2556,3.2566,3.2631,3.2656,3.2606,3.2616,56
2026-02-03 19:28:00,3.2571,3.2696,3.2571,3.2656,3.2621,3.2746,3.2621,3.2706,50
2026-02-03 19:29:00,3.2651,3.2696,3.2596,3.2616,3.2701,3.2746,3.2646,3.2666,61
2026-02-03 19:30:00,3.2621,3.2631,3.2546,3.2611,3.2671,3.2681,3.2596,3.2661,56
2026-02-03 19:31:00,3.2626,3.2846,3.2626,3.2826,3.2676,3.2896,3.2676,3.2876,77
2026-02-03 19:32:00,3.2816,3.2846,3.2776,3.2796,3.2866,3.2896,3.2826,3.2846,50
2026-02-03 19:33:00,3.2791,3.2816,3.2766,3.2776,3.2841,3.2866,3.2816,3.2826,41
2026-02-03 19:34:00,3.2771,3.2771,3.2711,3.2721,3.2821,3.2821,3.2761,3.2771,47
2026-02-03 19:35:00,3.2726,3.2826,3.2726,3.2811,3.2776,3.2876,3.2776,3.2861,52
2026-02-03 19:36:00,3.2816,3.2916,3.2816,3.2886,3.2866,3.2966,3.2866,3.2936,77
2026-02-03 19:37:00,3.2901,3.3341,3.2901,3.3286,3.2951,3.3391,3.2951,3.3336,193
2026-02-03 19:38:00,3.3276,3.3291,3.3166,3.3181,3.3326,3.3341,3.3216,3.3231,57
2026-02-03 19:39:00,3.3176,3.3231,3.3126,3.3186,3.3226,3.3281,3.3176,3.3236,55
2026-02-03 19:40:00,3.3176,3.3176,3.3126,3.3131,3.3226,3.3226,3.3176,3.3181,32
2026-02-03 19:41:00,3.3126,3.3126,3.2966,3.3011,3.3176,3.3176,3.3016,3.3061,86
2026-02-03 19:42:00,3.3006,3.3006,3.2666,3.2716,3.3056,3.3056,3.2716,3.2766,172
2026-02-03 19:43:00,3.2721,3.2786,3.2631,3.2656,3.2771,3.2836,3.2681,3.2706,72
2026-02-03 19:44:00,3.2651,3.2696,3.2626,3.2651,3.2701,3.2746,3.2676,3.2701,52
2026-02-03 19:45:00,3.2646,3.2646,3.2486,3.2516,3.2696,3.2696,3.2536,3.2566,125
2026-02-03 19:46:00,3.2521,3.2586,3.2466,3.2476,3.2571,3.2636,3.2516,3.2526,87
2026-02-03 19:47:00,3.2486,3.2636,3.2486,3.2551,3.2536,3.2686,3.2536,3.2601,99
2026-02-03 19:48:00,3.2556,3.2646,3.2516,3.2636,3.2606,3.2696,3.2566,3.2686,80
2026-02-03 19:49:00,3.2656,3.2676,3.2561,3.2626,3.2706,3.2726,3.2611,3.2676,56
2026-02-03 19:50:00,3.2621,3.2656,3.2556,3.2601,3.2671,3.2706,3.2606,3.2651,61
2026-02-03 19:51:00,3.2606,3.2611,3.2516,3.2526,3.2656,3.2661,3.2566,3.2576,42
2026-02-03 19:52:00,3.2516,3.2546,3.2461,3.2476,3.2566,3.2596,3.2511,3.2526,54
2026-02-03 19:53:00,3.2481,3.2536,3.2336,3.2401,3.2531,3.2586,3.2386,3.2451,111
2026-02-03 19:54:00,3.2406,3.2416,3.2351,3.2401,3.2456,3.2466,3.2401,3.2451,55
2026-02-03 19:55:00,3.2406,3.2456,3.2391,3.2446,3.2456,3.2506,3.2441,3.2496,55
2026-02-03 19:56:00,3.2456,3.2736,3.2436,3.2726,3.2506,3.2786,3.2486,3.2776,131
2026-02-03 19:57:00,3.2736,3.2816,3.2636,3.2656,3.2786,3.2866,3.2686,3.2706,160
2026-02-03 19:58:00,3.2651,3.2736,3.2616,3.2636,3.2701,3.2786,3.2666,3.2686,61
2026-02-03 19:59:00,3.2641,3.2646,3.2546,3.2566,3.2691,3.2696,3.2596,3.2616,50
2026-02-03 20:00:00,3.2606,3.2736,3.2496,3.2706,3.2656,3.2786,3.2546,3.2756,163
2026-02-03 20:01:00,3.2691,3.2886,3.2686,3.2866,3.2741,3.2936,3.2736,3.2916,141
2026-02-03 20:02:00,3.2861,3.2971,3.2816,3.2886,3.2911,3.3021,3.2866,3.2936,157
2026-02-03 20:03:00,3.2891,3.2916,3.2791,3.2811,3.2941,3.2966,3.2841,3.2861,78
2026-02-03 20:04:00,3.2801,3.2846,3.2776,3.2841,3.2851,3.2896,3.2826,3.2891,61
2026-02-03 20:05:00,3.2831,3.2846,3.2676,3.2731,3.2881,3.2896,3.2726,3.2781,129
2026-02-03 20:06:00,3.2741,3.2741,3.2626,3.2636,3.2791,3.2791,3.2676,3.2686,71
2026-02-03 20:07:00,3.2641,3.2776,3.2636,3.2701,3.2691,3.2826,3.2686,3.2751,102
2026-02-03 20:08:00,3.2696,3.2706,3.2606,3.2626,3.2746,3.2756,3.2656,3.2676,72
2026-02-03 20:09:00,3.2631,3.2726,3.2586,3.2636,3.2681,3.2776,3.2636,3.2686,71
2026-02-03 20:10:00,3.2631,3.2671,3.2616,3.2646,3.2681,3.2721,3.2666,3.2696,71
2026-02-03 20:11:00,3.2641,3.2666,3.2516,3.2536,3.2691,3.2716,3.2566,3.2586,57
2026-02-03 20:12:00,3.2541,3.2566,3.2411,3.2426,3.2591,3.2616,3.2461,3.2476,130
2026-02-03 20:13:00,3.2431,3.2511,3.2396,3.2501,3.2481,3.2561,3.2446,3.2551,90
2026-02-03 20:14:00,3.2506,3.2516,3.2411,3.2426,3.2556,3.2566,3.2461,3.2476,64
2026-02-03 20:15:00,3.2431,3.2481,3.2426,3.2446,3.2481,3.2531,3.2476,3.2496,49
2026-02-03 20:16:00,3.2441,3.2506,3.2386,3.2491,3.2491,3.2556,3.2436,3.2541,79
2026-02-03 20:17:00,3.2496,3.2546,3.2476,3.2496,3.2546,3.2596,3.2526,3.2546,40
2026-02-03 20:18:00,3.2506,3.2541,3.2496,3.2536,3.2556,3.2591,3.2546,3.2586,48
2026-02-03 20:19:00,3.2531,3.2616,3.2506,3.2521,3.2581,3.2666,3.2556,3.2571,82
2026-02-03 20:20:00,3.2536,3.2626,3.2536,3.2626,3.2586,3.2676,3.2586,3.2676,61
2026-02-03 20:21:00,3.2616,3.2646,3.2596,3.2626,3.2666,3.2696,3.2646,3.2676,51
2026-02-03 20:22:00,3.2621,3.2776,3.2606,3.2746,3.2671,3.2826,3.2656,3.2796,86
2026-02-03 20:23:00,3.2741,3.2791,3.2726,3.2726,3.2791,3.2841,3.2776,3.2776,61
2026-02-03 20:24:00,3.2731,3.2746,3.2621,3.2696,3.2781,3.2796,3.2671,3.2746,80
2026-02-03 20:25:00,3.2701,3.2751,3.2626,3.2686,3.2751,3.2801,3.2676,3.2736,65
2026-02-03 20:26:00,3.2696,3.2876,3.2676,3.2791,3.2746,3.2926,3.2726,3.2841,124
2026-02-03 20:27:00,3.2796,3.2936,3.2766,3.2871,3.2846,3.2986,3.2816,3.2921,169
2026-02-03 20:28:00,3.2876,3.2886,3.2756,3.2821,3.2926,3.2936,3.2806,3.2871,219
2026-02-03 20:29:00,3.2836,3.2856,3.2756,3.2781,3.2886,3.2906,3.2806,3.2831,83
2026-02-03 20:30:00,3.2766,3.2776,3.2716,3.2756,3.2816,3.2826,3.2766,3.2806,60
2026-02-03 20:31:00,3.2751,3.2776,3.2731,3.2756,3.2801,3.2826,3.2781,3.2806,30
2026-02-03 20:32:00,3.2751,3.2806,3.2751,3.2786,3.2801,3.2856,3.2801,3.2836,47
2026-02-03 20:33:00,3.2796,3.2896,3.2796,3.2871,3.2846,3.2946,3.2846,3.2921,50
2026-02-03 20:34:00,3.2866,3.2901,3.2846,3.2896,3.2916,3.2951,3.2896,3.2946,35
2026-02-03 20:35:00,3.2906,3.2906,3.2856,3.2861,3.2956,3.2956,3.2906,3.2911,30
2026-02-03 20:36:00,3.2856,3.2886,3.2846,3.2876,3.2906,3.2936,3.2896,3.2926,29
2026-02-03 20:37:00,3.2886,3.2976,3.2886,3.2976,3.2936,3.3026,3.2936,3.3026,24
2026-02-03 20:38:00,3.2971,3.3006,3.2946,3.2951,3.3021,3.3056,3.2996,3.3001,28
2026-02-03 20:39:00,3.2956,3.3026,3.2956,3.2956,3.3006,3.3076,3.3006,3.3006,39
2026-02-03 20:40:00,3.2961,3.2996,3.2956,3.2976,3.3011,3.3046,3.3006,3.3026,11
2026-02-03 20:41:00,3.2966,3.3041,3.2966,3.3041,3.3016,3.3091,3.3016,3.3091,20
2026-02-03 20:42:00,3.3036,3.3036,3.3006,3.3016,3.3086,3.3086,3.3056,3.3066,20
2026-02-03 20:43:00,3.3021,3.3046,3.3016,3.3036,3.3071,3.3096,3.3066,3.3086,24
2026-02-03 20:44:00,3.3031,3.3051,3.3031,3.3051,3.3081,3.3101,3.3081,3.3101,8
2026-02-03 20:45:00,3.3046,3.3046,3.2926,3.2936,3.3096,3.3096,3.2976,3.2986,23
2026-02-03 20:46:00,3.2931,3.2946,3.2916,3.2936,3.2981,3.2996,3.2966,3.2986,24
2026-02-03 20:47:00,3.2926,3.2936,3.2821,3.2826,3.2976,3.2986,3.2871,3.2876,35
2026-02-03 20:48:00,3.2821,3.2881,3.2796,3.2881,3.2871,3.2931,3.2846,3.2931,38
2026-02-03 20:49:00,3.2876,3.2886,3.2841,3.2846,3.2926,3.2936,3.2891,3.2896,27
2026-02-03 20:50:00,3.2861,3.2916,3.2861,3.2906,3.2911,3.2966,3.2911,3.2956,19
2026-02-03 20:51:00,3.2911,3.2921,3.2896,3.2906,3.2961,3.2971,3.2946,3.2956,17
2026-02-03 20:52:00,3.2921,3.2926,3.2911,3.2911,3.2971,3.2976,3.2961,3.2961,13
2026-02-03 20:53:00,3.2906,3.2926,3.2896,3.2896,3.2956,3.2976,3.2946,3.2946,14
2026-02-03 20:54:00,3.2891,3.2906,3.2881,3.2886,3.2941,3.2956,3.2931,3.2936,10
2026-02-03 20:55:00,3.2881,3.2931,3.2881,3.2926,3.2931,3.2981,3.2931,3.2976,9
2026-02-03 20:56:00,3.2931,3.2966,3.2926,3.2936,3.2981,3.3016,3.2976,3.2986,31
2026-02-03 20:57:00,3.2931,3.2956,3.2926,3.2946,3.2981,3.3006,3.2976,3.2996,11
2026-02-03 20:58:00,3.2941,3.2946,3.2936,3.2936,3.2991,3.2996,3.2986,3.2986,6
2026-02-03 20:59:00,3.2926,3.3016,3.2906,3.3006,3.2976,3.3066,3.2956,3.3056,33
2026-02-03 21:00:00,3.3001,3.3096,3.3001,3.3031,3.3051,3.3146,3.3051,3.3081,41
2026-02-03 21:01:00,3.3036,3.3086,3.3026,3.3086,3.3086,3.3136,3.3076,3.3136,20
2026-02-03 21:02:00,3.3081,3.3116,3.3081,3.3091,3.3131,3.3166,3.3131,3.3141,26
2026-02-03 21:03:00,3.3086,3.3136,3.3076,3.3136,3.3136,3.3186,3.3126,3.3186,20
2026-02-03 21:04:00,3.3131,3.3151,3.3086,3.3131,3.3181,3.3201,3.3136,3.3181,41
2026-02-03 21:05:00,3.3126,3.3131,3.3056,3.3096,3.3176,3.3181,3.3106,3.3146,26
2026-02-03 21:06:00,3.3101,3.3126,3.3096,3.3116,3.3151,3.3176,3.3146,3.3166,12
2026-02-03 21:07:00,3.3126,3.3136,3.3116,3.3126,3.3176,3.3186,3.3166,3.3176,11
2026-02-03 21:08:00,3.3116,3.3166,3.3116,3.3156,3.3166,3.3216,3.3166,3.3206,18
2026-02-03 21:09:00,3.3161,3.3176,3.3151,3.3166,3.3211,3.3226,3.3201,3.3216,16
2026-02-03 21:10:00,3.3156,3.3166,3.3156,3.3161,3.3206,3.3216,3.3206,3.3211,9
2026-02-03 21:11:00,3.3166,3.3176,3.3156,3.3156,3.3216,3.3226,3.3206,3.3206,6
2026-02-03 21:12:00,3.3146,3.3176,3.3146,3.3166,3.3196,3.3226,3.3196,3.3216,7
2026-02-03 21:13:00,3.3176,3.3186,3.3166,3.3186,3.3226,3.3236,3.3216,3.3236,6
2026-02-03 21:15:00,3.3176,3.3176,3.3156,3.3166,3.3226,3.3226,3.3206,3.3216,5
2026-02-03 21:16:00,3.3176,3.3186,3.3176,3.3186,3.3226,3.3236,3.3226,3.3236,4
2026-02-03 21:17:00,3.3181,3.3181,3.3146,3.3156,3.3231,3.3231,3.3196,3.3206,11
2026-02-03 21:18:00,3.3166,3.3166,3.3126,3.3146,3.3216,3.3216,3.3176,3.3196,10
2026-02-03 21:19:00,3.3156,3.3156,3.3096,3.3101,3.3206,3.3206,3.3146,3.3151,13
2026-02-03 21:20:00,3.3091,3.3126,3.3086,3.3111,3.3141,3.3176,3.3136,3.3161,22
2026-02-03 21:21:00,3.3116,3.3116,3.3101,3.3101,3.3166,3.3166,3.3151,3.3151,5
2026-02-03 21:22:00,3.3106,3.3136,3.3106,3.3131,3.3156,3.3186,3.3156,3.3181,8
2026-02-03 21:23:00,3.3126,3.3131,3.3101,3.3131,3.3176,3.3181,3.3151,3.3181,8
2026-02-03 21:24:00,3.3126,3.3126,3.3086,3.3096,3.3176,3.3176,3.3136,3.3146,11
2026-02-03 21:25:00,3.3086,3.3111,3.3086,3.3086,3.3136,3.3161,3.3136,3.3136,13
2026-02-03 21:26:00,3.3096,3.3096,3.3086,3.3086,3.3146,3.3146,3.3136,3.3136,2
2026-02-03 21:27:00,3.3081,3.3086,3.3066,3.3086,3.3131,3.3136,3.3116,3.3136,11
2026-02-03 21:28:00,3.3091,3.3091,3.3086,3.3091,3.3141,3.3141,3.3136,3.3141,3
2026-02-03 21:29:00,3.3086,3.3096,3.3086,3.3086,3.3136,3.3146,3.3136,3.3136,5
2026-02-03 21:30:00,3.3091,3.3106,3.3076,3.3106,3.3141,3.3156,3.3126,3.3156,11
2026-02-03 21:31:00,3.3111,3.3116,3.3106,3.3106,3.3161,3.3166,3.3156,3.3156,8
2026-02-03 21:32:00,3.3116,3.3116,3.3106,3.3106,3.3166,3.3166,3.3156,3.3156,6
2026-02-03 21:33:00,3.3111,3.3126,3.3111,3.3126,3.3161,3.3176,3.3161,3.3176,4
2026-02-03 21:34:00,3.3131,3.3136,3.3126,3.3136,3.3181,3.3186,3.3176,3.3186,4
2026-02-03 21:35:00,3.3131,3.3131,3.3096,3.3096,3.3181,3.3181,3.3146,3.3146,7
2026-02-03 21:36:00,3.3086,3.3096,3.3066,3.3096,3.3136,3.3146,3.3116,3.3146,9
2026-02-03 21:37:00,3.3086,3.3096,3.3076,3.3076,3.3136,3.3146,3.3126,3.3126,10
2026-02-03 21:38:00,3.3066,3.3096,3.3066,3.3096,3.3116,3.3146,3.3116,3.3146,13
2026-02-03 21:39:00,3.3086,3.3086,3.3066,3.3066,3.3136,3.3136,3.3116,3.3116,4
2026-02-03 21:40:00,3.3076,3.3076,3.3061,3.3066,3.3126,3.3126,3.3111,3.3116,5
2026-02-03 21:41:00,3.3061,3.3076,3.3056,3.3076,3.3111,3.3126,3.3106,3.3126,5
2026-02-03 21:42:00,3.3066,3.3066,3.3036,3.3046,3.3116,3.3116,3.3086,3.3096,12
2026-02-03 21:43:00,3.3056,3.3076,3.3056,3.3066,3.3106,3.3126,3.3106,3.3116,5
2026-02-03 21:44:00,3.3076,3.3086,3.3056,3.3061,3.3126,3.3136,3.3106,3.3111,16
2026-02-03 21:45:00,3.3066,3.3146,3.3056,3.3136,3.3116,3.3196,3.3106,3.3186,28
2026-02-03 21:46:00,3.3131,3.3136,3.3116,3.3121,3.3181,3.3186,3.3166,3.3171,13
2026-02-03 21:47:00,3.3116,3.3146,3.3096,3.3146,3.3166,3.3196,3.3146,3.3196,20
2026-02-03 21:48:00,3.3141,3.3141,3.3136,3.3136,3.3191,3.3191,3.3186,3.3186,2
2026-02-03 21:49:00,3.3126,3.3136,3.3126,3.3136,3.3176,3.3186,3.3176,3.3186,7
2026-02-03 21:50:00,3.3126,3.3126,3.3126,3.3126,3.3176,3.3176,3.3176,3.3176,1
2026-02-03 21:51:00,3.3136,3.3136,3.3136,3.3136,3.3186,3.3186,3.3186,3.3186,1
2026-02-03 21:52:00,3.3146,3.3221,3.3146,3.3211,3.3196,3.3271,3.3196,3.3261,31
2026-02-03 21:53:00,3.3226,3.3236,3.3206,3.3216,3.3276,3.3286,3.3256,3.3266,16
2026-02-03 21:54:00,3.3226,3.3236,3.3216,3.3216,3.3276,3.3286,3.3266,3.3266,9
2026-02-03 21:55:00,3.3206,3.3216,3.3186,3.3196,3.3256,3.3266,3.3236,3.3246,17
2026-02-03 21:56:00,3.3201,3.3216,3.3186,3.3206,3.3251,3.3266,3.3236,3.3256,26
2026-02-03 21:57:00,3.3196,3.3251,3.3196,3.3236,3.3246,3.3301,3.3246,3.3286,20
2026-02-03 21:58:00,3.3246,3.3246,3.3216,3.3216,3.3296,3.3296,3.3266,3.3266,21
2026-02-03 21:59:00,3.3206,3.3206,3.3146,3.3146,3.3256,3.3256,3.3196,3.3196,20
2026-02-03 22:00:00,3.3151,3.3201,3.3136,3.3196,3.3201,3.3251,3.3186,3.3246,20
2026-02-03 22:01:00,3.3191,3.3211,3.3166,3.3211,3.3241,3.3261,3.3216,3.3261,13
2026-02-03 22:02:00,3.3206,3.3231,3.3196,3.3226,3.3256,3.3281,3.3246,3.3276,14
2026-02-03 22:03:00,3.3231,3.3276,3.3226,3.3261,3.3281,3.3326,3.3276,3.3311,15
2026-02-03 22:04:00,3.3271,3.3286,3.3256,3.3286,3.3321,3.3336,3.3306,3.3336,12
2026-02-03 22:05:00,3.3276,3.3336,3.3276,3.3306,3.3326,3.3386,3.3326,3.3356,22
2026-02-03 22:06:00,3.3291,3.3356,3.3276,3.3351,3.3341,3.3406,3.3326,3.3401,20
2026-02-03 22:07:00,3.3346,3.3396,3.3326,3.3386,3.3396,3.3446,3.3376,3.3436,17
2026-02-03 22:08:00,3.3376,3.3411,3.3376,3.3406,3.3426,3.3461,3.3426,3.3456,16
2026-02-03 22:09:00,3.3411,3.3446,3.3371,3.3391,3.3461,3.3496,3.3421,3.3441,38
2026-02-03 22:10:00,3.3381,3.3421,3.3366,3.3406,3.3431,3.3471,3.3416,3.3456,36
2026-02-03 22:11:00,3.3396,3.3421,3.3386,3.3421,3.3446,3.3471,3.3436,3.3471,25
2026-02-03 22:12:00,3.3416,3.3446,3.3416,3.3416,3.3466,3.3496,3.3466,3.3466,17
2026-02-03 22:13:00,3.3411,3.3431,3.3411,3.3416,3.3461,3.3481,3.3461,3.3466,14
2026-02-03 22:14:00,3.3411,3.3441,3.3396,3.3431,3.3461,3.3491,3.3446,3.3481,28
2026-02-03 22:15:00,3.3436,3.3456,3.3406,3.3406,3.3486,3.3506,3.3456,3.3456,29
2026-02-03 22:16:00,3.3396,3.3441,3.3386,3.3436,3.3446,3.3491,3.3436,3.3486,23
2026-02-03 22:17:00,3.3426,3.3431,3.3396,3.3396,3.3476,3.3481,3.3446,3.3446,9
2026-02-03 22:18:00,3.3406,3.3406,3.3386,3.3391,3.3456,3.3456,3.3436,3.3441,6
2026-02-03 22:19:00,3.3386,3.3396,3.3326,3.3396,3.3436,3.3446,3.3376,3.3446,27
2026-02-03 22:20:00,3.3406,3.3416,3.3371,3.3371,3.3456,3.3466,3.3421,3.3421,12
2026-02-03 22:21:00,3.3366,3.3396,3.3346,3.3386,3.3416,3.3446,3.3396,3.3436,18
2026-02-03 22:22:00,3.3396,3.3421,3.3391,3.3391,3.3446,3.3471,3.3441,3.3441,17
2026-02-03 22:23:00,3.3386,3.3391,3.3376,3.3381,3.3436,3.3441,3.3426,3.3431,8
2026-02-03 22:24:00,3.3376,3.3386,3.3366,3.3371,3.3426,3.3436,3.3416,3.3421,10
2026-02-03 22:25:00,3.3381,3.3426,3.3381,3.3406,3.3431,3.3476,3.3431,3.3456,22
2026-02-03 22:26:00,3.3396,3.3401,3.3376,3.3376,3.3446,3.3451,3.3426,3.3426,8
2026-02-03 22:27:00,3.3371,3.3391,3.3366,3.3381,3.3421,3.3441,3.3416,3.3431,15
2026-02-03 22:28:00,3.3386,3.3431,3.3376,3.3416,3.3436,3.3481,3.3426,3.3466,19
2026-02-03 22:29:00,3.3426,3.3431,3.3416,3.3421,3.3476,3.3481,3.3466,3.3471,8
2026-02-03 22:30:00,3.3426,3.3441,3.3416,3.3426,3.3476,3.3491,3.3466,3.3476,15
2026-02-03 22:31:00,3.3421,3.3446,3.3406,3.3436,3.3471,3.3496,3.3456,3.3486,13
2026-02-03 22:32:00,3.3431,3.3486,3.3431,3.3471,3.3481,3.3536,3.3481,3.3521,23
2026-02-03 22:33:00,3.3476,3.3496,3.3471,3.3476,3.3526,3.3546,3.3521,3.3526,14
2026-02-03 22:34:00,3.3481,3.3501,3.3456,3.3496,3.3531,3.3551,3.3506,3.3546,17
2026-02-03 22:35:00,3.3506,3.3526,3.3501,3.3516,3.3556,3.3576,3.3551,3.3566,9
2026-02-03 22:36:00,3.3511,3.3546,3.3506,3.3531,3.3561,3.3596,3.3556,3.3581,12
2026-02-03 22:37:00,3.3526,3.3526,3.3506,3.3506,3.3576,3.3576,3.3556,3.3556,13
2026-02-03 22:38:00,3.3516,3.3546,3.3426,3.3446,3.3566,3.3596,3.3476,3.3496,26
2026-02-03 22:39:00,3.3451,3.3456,3.3376,3.3416,3.3501,3.3506,3.3426,3.3466,27
2026-02-03 22:40:00,3.3421,3.3486,3.3421,3.3476,3.3471,3.3536,3.3471,3.3526,31
2026-02-03 22:41:00,3.3466,3.3516,3.3446,3.3486,3.3516,3.3566,3.3496,3.3536,30
2026-02-03 22:42:00,3.3476,3.3476,3.3456,3.3471,3.3526,3.3526,3.3506,3.3521,11
2026-02-03 22:43:00,3.3476,3.3506,3.3426,3.3426,3.3526,3.3556,3.3476,3.3476,17
2026-02-03 22:44:00,3.3421,3.3421,3.3406,3.3406,3.3471,3.3471,3.3456,3.3456,5
2026-02-03 22:45:00,3.3391,3.3391,3.3326,3.3351,3.3441,3.3441,3.3376,3.3401,18
2026-02-03 22:46:00,3.3341,3.3371,3.3316,3.3371,3.3391,3.3421,3.3366,3.3421,23
2026-02-03 22:47:00,3.3366,3.3451,3.3366,3.3451,3.3416,3.3501,3.3416,3.3501,32
2026-02-03 22:48:00,3.3456,3.3466,3.3401,3.3411,3.3506,3.3516,3.3451,3.3461,10
2026-02-03 22:49:00,3.3416,3.3466,3.3416,3.3466,3.3466,3.3516,3.3466,3.3516,16
2026-02-03 22:50:00,3.3461,3.3461,3.3426,3.3431,3.3511,3.3511,3.3476,3.3481,11
2026-02-03 22:51:00,3.3441,3.3461,3.3436,3.3441,3.3491,3.3511,3.3486,3.3491,12
2026-02-03 22:52:00,3.3446,3.3481,3.3446,3.3471,3.3496,3.3531,3.3496,3.3521,13
2026-02-03 22:53:00,3.3466,3.3511,3.3461,3.3491,3.3516,3.3561,3.3511,3.3541,21
2026-02-03 22:54:00,3.3501,3.3561,3.3501,3.3531,3.3551,3.3611,3.3551,3.3581,41
2026-02-03 22:55:00,3.3536,3.3546,3.3456,3.3456,3.3586,3.3596,3.3506,3.3506,22
2026-02-03 22:56:00,3.3446,3.3496,3.3431,3.3486,3.3496,3.3546,3.3481,3.3536,15
2026-02-03 22:57:00,3.3481,3.3536,3.3481,3.3511,3.3531,3.3586,3.3531,3.3561,19
2026-02-03 22:58:00,3.3506,3.3506,3.3486,3.3501,3.3556,3.3556,3.3536,3.3551,11
2026-02-03 22:59:00,3.3496,3.3526,3.3188,3.3188,3.3546,3.3576,3.3238,3.3238,31
2026-02-04 00:00:00,3.3148,3.3198,3.3118,3.3183,3.3198,3.3248,3.3168,3.3233,15
2026-02-04 00:01:00,3.3178,3.3183,3.3123,3.3148,3.3228,3.3233,3.3173,3.3198,11
2026-02-04 00:02:00,3.3153,3.3163,3.3093,3.3113,3.3203,3.3213,3.3143,3.3163,14
2026-02-04 00:03:00,3.3118,3.3133,3.3103,3.3103,3.3168,3.3183,3.3153,3.3153,8
2026-02-04 00:04:00,3.3093,3.3168,3.3093,3.3168,3.3143,3.3218,3.3143,3.3218,7
2026-02-04 00:05:00,3.3173,3.3178,3.3113,3.3128,3.3223,3.3228,3.3163,3.3178,13
2026-02-04 00:06:00,3.3118,3.3123,3.2973,3.3073,3.3168,3.3173,3.3023,3.3123,36
2026-02-04 00:07:00,3.3078,3.3083,3.3023,3.3033,3.3128,3.3133,3.3073,3.3083,8
2026-02-04 00:08:00,3.3013,3.3023,3.3013,3.3023,3.3063,3.3073,3.3063,3.3073,2
2026-02-04 00:09:00,3.3018,3.3018,3.2993,3.2993,3.3068,3.3068,3.3043,3.3043,4
2026-02-04 00:10:00,3.2988,3.2998,3.2958,3.2958,3.3038,3.3048,3.3008,3.3008,7
2026-02-04 00:11:00,3.2948,3.2948,3.2933,3.2948,3.2998,3.2998,3.2983,3.2998,6
2026-02-04 00:12:00,3.2943,3.2943,3.2923,3.2943,3.2993,3.2993,3.2973,3.2993,5
2026-02-04 00:13:00,3.2948,3.2948,3.2943,3.2948,3.2998,3.2998,3.2993,3.2998,3
2026-02-04 00:15:00,3.2943,3.2943,3.2933,3.2938,3.2993,3.2993,3.2983,3.2988,4
2026-02-04 00:16:00,3.2943,3.2973,3.2933,3.2973,3.2993,3.3023,3.2983,3.3023,5
2026-02-04 00:17:00,3.2963,3.2968,3.2963,3.2968,3.3013,3.3018,3.3013,3.3018,2
2026-02-04 00:18:00,3.2963,3.2983,3.2963,3.2978,3.3013,3.3033,3.3013,3.3028,4
2026-02-04 00:19:00,3.2968,3.2968,3.2968,3.2968,3.3018,3.3018,3.3018,3.3018,1
2026-02-04 00:20:00,3.2953,3.2953,3.2928,3.2928,3.3003,3.3003,3.2978,3.2978,3
2026-02-04 00:21:00,3.2923,3.2978,3.2923,3.2963,3.2973,3.3028,3.2973,3.3013,12
2026-02-04 00:22:00,3.2958,3.3043,3.2958,3.2998,3.3008,3.3093,3.3008,3.3048,9
2026-02-04 00:23:00,3.3003,3.3003,3.2958,3.2958,3.3053,3.3053,3.3008,3.3008,6
2026-02-04 00:24:00,3.2963,3.2963,3.2963,3.2963,3.3013,3.3013,3.3013,3.3013,1
2026-02-04 00:25:00,3.2958,3.2958,3.2938,3.2938,3.3008,3.3008,3.2988,3.2988,3
2026-02-04 00:26:00,3.2933,3.2933,3.2933,3.2933,3.2983,3.2983,3.2983,3.2983,1
2026-02-04 00:27:00,3.2928,3.2963,3.2918,3.2928,3.2978,3.3013,3.2968,3.2978,9
2026-02-04 00:28:00,3.2933,3.2938,3.2903,3.2908,3.2983,3.2988,3.2953,3.2958,7
2026-02-04 00:29:00,3.2893,3.2893,3.2883,3.2883,3.2943,3.2943,3.2933,3.2933,5
2026-02-04 00:30:00,3.2878,3.2903,3.2878,3.2893,3.2928,3.2953,3.2928,3.2943,5
2026-02-04 00:31:00,3.2898,3.2898,3.2883,3.2883,3.2948,3.2948,3.2933,3.2933,2
2026-02-04 00:32:00,3.2888,3.2893,3.2848,3.2848,3.2938,3.2943,3.2898,3.2898,8
2026-02-04 00:33:00,3.2863,3.2863,3.2753,3.2753,3.2913,3.2913,3.2803,3.2803,23
2026-02-04 00:34:00,3.2748,3.2748,3.2678,3.2693,3.2798,3.2798,3.2728,3.2743,25
2026-02-04 00:35:00,3.2698,3.2788,3.2698,3.2783,3.2748,3.2838,3.2748,3.2833,14
2026-02-04 00:36:00,3.2778,3.2823,3.2778,3.2818,3.2828,3.2873,3.2828,3.2868,7
2026-02-04 00:37:00,3.2823,3.2838,3.2823,3.2838,3.2873,3.2888,3.2873,3.2888,3
2026-02-04 00:38:00,3.2868,3.2893,3.2868,3.2893,3.2918,3.2943,3.2918,3.2943,2
2026-02-04 00:39:00,3.2883,3.2903,3.2883,3.2883,3.2933,3.2953,3.2933,3.2933,8
2026-02-04 00:40:00,3.2878,3.2898,3.2878,3.2893,3.2928,3.2948,3.2928,3.2943,7
2026-02-04 00:41:00,3.2898,3.2898,3.2888,3.2888,3.2948,3.2948,3.2938,3.2938,3
2026-02-04 00:42:00,3.2883,3.2883,3.2878,3.2878,3.2933,3.2933,3.2928,3.2928,2
2026-02-04 00:43:00,3.2873,3.2878,3.2863,3.2878,3.2923,3.2928,3.2913,3.2928,5
2026-02-04 00:44:00,3.2893,3.2898,3.2883,3.2883,3.2943,3.2948,3.2933,3.2933,3
2026-02-04 00:45:00,3.2873,3.2883,3.2853,3.2883,3.2923,3.2933,3.2903,3.2933,5
2026-02-04 00:46:00,3.2893,3.2898,3.2888,3.2898,3.2943,3.2948,3.2938,3.2948,3
2026-02-04 00:47:00,3.2903,3.2903,3.2898,3.2903,3.2953,3.2953,3.2948,3.2953,3
2026-02-04 00:48:00,3.2888,3.2893,3.2888,3.2893,3.2938,3.2943,3.2938,3.2943,2
2026-02-04 00:49:00,3.2888,3.2888,3.2868,3.2868,3.2938,3.2938,3.2918,3.2918,4
2026-02-04 00:50:00,3.2863,3.2863,3.2858,3.2858,3.2913,3.2913,3.2908,3.2908,2
2026-02-04 00:51:00,3.2878,3.2883,3.2878,3.2878,3.2928,3.2933,3.2928,3.2928,3
2026-02-04 00:52:00,3.2868,3.2868,3.2868,3.2868,3.2918,3.2918,3.2918,3.2918,1
2026-02-04 00:53:00,3.2878,3.2878,3.2878,3.2878,3.2928,3.2928,3.2928,3.2928,1
2026-02-04 00:54:00,3.2883,3.2883,3.2868,3.2868,3.2933,3.2933,3.2918,3.2918,3
2026-02-04 00:55:00,3.2858,3.2863,3.2858,3.2863,3.2908,3.2913,3.2908,3.2913,2
2026-02-04 00:56:00,3.2858,3.2858,3.2858,3.2858,3.2908,3.2908,3.2908,3.2908,1
2026-02-04 00:57:00,3.2863,3.2888,3.2863,3.2888,3.2913,3.2938,3.2913,3.2938,5
2026-02-04 00:58:00,3.2883,3.2893,3.2883,3.2883,3.2933,3.2943,3.2933,3.2933,4
2026-02-04 00:59:00,3.2878,3.2878,3.2878,3.2878,3.2928,3.2928,3.2928,3.2928,1
2026-02-04 01:00:00,3.2868,3.2878,3.2858,3.2858,3.2918,3.2928,3.2908,3.2908,8
2026-02-04 01:01:00,3.2853,3.2853,3.2778,3.2783,3.2903,3.2903,3.2828,3.2833,16
2026-02-04 01:02:00,3.2778,3.2803,3.2748,3.2748,3.2828,3.2853,3.2798,3.2798,12
2026-02-04 01:03:00,3.2753,3.2758,3.2748,3.2758,3.2803,3.2808,3.2798,3.2808,7
2026-02-04 01:04:00,3.2753,3.2833,3.2753,3.2823,3.2803,3.2883,3.2803,3.2873,13
2026-02-04 01:05:00,3.2818,3.2818,3.2808,3.2808,3.2868,3.2868,3.2858,3.2858,3
2026-02-04 01:06:00,3.2813,3.2848,3.2813,3.2843,3.2863,3.2898,3.2863,3.2893,4
2026-02-04 01:07:00,3.2838,3.2838,3.2808,3.2813,3.2888,3.2888,3.2858,3.2863,8
2026-02-04 01:08:00,3.2823,3.2823,3.2818,3.2823,3.2873,3.2873,3.2868,3.2873,3
2026-02-04 01:09:00,3.2818,3.2838,3.2818,3.2838,3.2868,3.2888,3.2868,3.2888,5
2026-02-04 01:10:00,3.2843,3.2863,3.2843,3.2843,3.2893,3.2913,3.2893,3.2893,3
2026-02-04 01:11:00,3.2833,3.2833,3.2833,3.2833,3.2883,3.2883,3.2883,3.2883,1
2026-02-04 01:12:00,3.2843,3.2843,3.2843,3.2843,3.2893,3.2893,3.2893,3.2893,1
2026-02-04 01:13:00,3.2848,3.2848,3.2848,3.2848,3.2898,3.2898,3.2898,3.2898,1
2026-02-04 01:14:00,3.2858,3.2878,3.2858,3.2868,3.2908,3.2928,3.2908,3.2918,4
2026-02-04 01:15:00,3.2863,3.2863,3.2848,3.2848,3.2913,3.2913,3.2898,3.2898,3
2026-02-04 01:16:00,3.2843,3.2843,3.2823,3.2823,3.2893,3.2893,3.2873,3.2873,8
2026-02-04 01:17:00,3.2828,3.2868,3.2828,3.2863,3.2878,3.2918,3.2878,3.2913,8
2026-02-04 01:18:00,3.2858,3.2863,3.2853,3.2858,3.2908,3.2913,3.2903,3.2908,5
2026-02-04 01:19:00,3.2853,3.2858,3.2823,3.2838,3.2903,3.2908,3.2873,3.2888,9
2026-02-04 01:20:00,3.2858,3.2878,3.2838,3.2838,3.2908,3.2928,3.2888,3.2888,10
2026-02-04 01:21:00,3.2823,3.2823,3.2823,3.2823,3.2873,3.2873,3.2873,3.2873,1
2026-02-04 01:22:00,3.2838,3.2863,3.2833,3.2863,3.2888,3.2913,3.2883,3.2913,8
2026-02-04 01:23:00,3.2878,3.2883,3.2878,3.2883,3.2928,3.2933,3.2928,3.2933,2
2026-02-04 01:24:00,3.2878,3.2883,3.2868,3.2868,3.2928,3.2933,3.2918,3.2918,4
2026-02-04 01:25:00,3.2878,3.2878,3.2853,3.2863,3.2928,3.2928,3.2903,3.2913,4
2026-02-04 01:26:00,3.2883,3.2883,3.2873,3.2878,3.2933,3.2933,3.2923,3.2928,4
2026-02-04 01:27:00,3.2873,3.2903,3.2868,3.2903,3.2923,3.2953,3.2918,3.2953,5
2026-02-04 01:28:00,3.2893,3.2913,3.2893,3.2913,3.2943,3.2963,3.2943,3.2963,3
2026-02-04 01:29:00,3.2908,3.2913,3.2883,3.2883,3.2958,3.2963,3.2933,3.2933,5
2026-02-04 01:30:00,3.2868,3.2873,3.2853,3.2873,3.2918,3.2923,3.2903,3.2923,3
2026-02-04 01:31:00,3.2878,3.2888,3.2878,3.2888,3.2928,3.2938,3.2928,3.2938,2
2026-02-04 01:32:00,3.2883,3.2883,3.2853,3.2863,3.2933,3.2933,3.2903,3.2913,6
2026-02-04 01:33:00,3.2883,3.2893,3.2873,3.2878,3.2933,3.2943,3.2923,3.2928,5
2026-02-04 01:34:00,3.2893,3.2903,3.2893,3.2893,3.2943,3.2953,3.2943,3.2943,5
2026-02-04 01:35:00,3.2898,3.2898,3.2888,3.2888,3.2948,3.2948,3.2938,3.2938,2
2026-02-04 01:36:00,3.2898,3.2898,3.2888,3.2888,3.2948,3.2948,3.2938,3.2938,2
2026-02-04 01:38:00,3.2878,3.2883,3.2878,3.2883,3.2928,3.2933,3.2928,3.2933,4
2026-02-04 01:39:00,3.2888,3.2888,3.2888,3.2888,3.2938,3.2938,3.2938,3.2938,1
2026-02-04 01:40:00,3.2883,3.2883,3.2883,3.2883,3.2933,3.2933,3.2933,3.2933,1
2026-02-04 01:41:00,3.2873,3.2883,3.2873,3.2883,3.2923,3.2933,3.2923,3.2933,2
2026-02-04 01:44:00,3.2893,3.2913,3.2893,3.2898,3.2943,3.2963,3.2943,3.2948,7
2026-02-04 01:45:00,3.2893,3.2893,3.2893,3.2893,3.2943,3.2943,3.2943,3.2943,1
2026-02-04 01:46:00,3.2888,3.2888,3.2888,3.2888,3.2938,3.2938,3.2938,3.2938,1
2026-02-04 01:47:00,3.2883,3.2893,3.2878,3.2893,3.2933,3.2943,3.2928,3.2943,3
2026-02-04 01:48:00,3.2888,3.2888,3.2888,3.2888,3.2938,3.2938,3.2938,3.2938,1
2026-02-04 01:49:00,3.2883,3.2893,3.2878,3.2878,3.2933,3.2943,3.2928,3.2928,4
2026-02-04 01:51:00,3.2873,3.2873,3.2863,3.2863,3.2923,3.2923,3.2913,3.2913,4
2026-02-04 01:52:00,3.2873,3.2903,3.2873,3.2883,3.2923,3.2953,3.2923,3.2933,6
2026-02-04 01:53:00,3.2873,3.2878,3.2873,3.2878,3.2923,3.2928,3.2923,3.2928,2
2026-02-04 01:55:00,3.2883,3.2903,3.2883,3.2893,3.2933,3.2953,3.2933,3.2943,6
2026-02-04 01:56:00,3.2888,3.2888,3.2888,3.2888,3.2938,3.2938,3.2938,3.2938,1
2026-02-04 01:58:00,3.2893,3.2893,3.2883,3.2883,3.2943,3.2943,3.2933,3.2933,2
2026-02-04 01:59:00,3.2873,3.2878,3.2848,3.2858,3.2923,3.2928,3.2898,3.2908,7
2026-02-04 02:00:00,3.2853,3.2853,3.2798,3.2803,3.2903,3.2903,3.2848,3.2853,12
2026-02-04 02:01:00,3.2793,3.2813,3.2703,3.2703,3.2843,3.2863,3.2753,3.2753,31
2026-02-04 02:02:00,3.2698,3.2728,3.2658,3.2728,3.2748,3.2778,3.2708,3.2778,15
2026-02-04 02:03:00,3.2733,3.2853,3.2733,3.2818,3.2783,3.2903,3.2783,3.2868,22
2026-02-04 02:04:00,3.2823,3.2913,3.2818,3.2898,3.2873,3.2963,3.2868,3.2948,20
2026-02-04 02:05:00,3.2903,3.2913,3.2898,3.2898,3.2953,3.2963,3.2948,3.2948,5
2026-02-04 02:06:00,3.2888,3.2923,3.2888,3.2908,3.2938,3.2973,3.2938,3.2958,14
2026-02-04 02:07:00,3.2903,3.2943,3.2903,3.2928,3.2953,3.2993,3.2953,3.2978,7
2026-02-04 02:08:00,3.2933,3.2993,3.2933,3.2973,3.2983,3.3043,3.2983,3.3023,21
2026-02-04 02:09:00,3.2958,3.2988,3.2953,3.2973,3.3008,3.3038,3.3003,3.3023,10
2026-02-04 02:10:00,3.2963,3.2968,3.2948,3.2948,3.3013,3.3018,3.2998,3.2998,6
2026-02-04 02:11:00,3.2943,3.2943,3.2923,3.2933,3.2993,3.2993,3.2973,3.2983,5
2026-02-04 02:12:00,3.2938,3.2948,3.2933,3.2938,3.2988,3.2998,3.2983,3.2988,6
2026-02-04 02:13:00,3.2943,3.2963,3.2903,3.2903,3.2993,3.3013,3.2953,3.2953,7
2026-02-04 02:14:00,3.2908,3.2958,3.2908,3.2943,3.2958,3.3008,3.2958,3.2993,8
2026-02-04 02:15:00,3.2938,3.2938,3.2908,3.2913,3.2988,3.2988,3.2958,3.2963,5
2026-02-04 02:16:00,3.2903,3.2903,3.2903,3.2903,3.2953,3.2953,3.2953,3.2953,1
2026-02-04 02:17:00,3.2913,3.2918,3.2903,3.2903,3.2963,3.2968,3.2953,3.2953,4
2026-02-04 02:18:00,3.2908,3.2923,3.2903,3.2923,3.2958,3.2973,3.2953,3.2973,6
2026-02-04 02:19:00,3.2918,3.2918,3.2903,3.2913,3.2968,3.2968,3.2953,3.2963,5
2026-02-04 02:20:00,3.2903,3.2918,3.2888,3.2888,3.2953,3.2968,3.2938,3.2938,8
2026-02-04 02:21:00,3.2883,3.2888,3.2868,3.2888,3.2933,3.2938,3.2918,3.2938,7
2026-02-04 02:22:00,3.2898,3.2898,3.2883,3.2883,3.2948,3.2948,3.2933,3.2933,3
2026-02-04 02:23:00,3.2893,3.2913,3.2893,3.2898,3.2943,3.2963,3.2943,3.2948,8
2026-02-04 02:24:00,3.2888,3.2893,3.2883,3.2883,3.2938,3.2943,3.2933,3.2933,4
2026-02-04 02:25:00,3.2888,3.2903,3.2888,3.2898,3.2938,3.2953,3.2938,3.2948,4
2026-02-04 02:26:00,3.2893,3.2908,3.2863,3.2868,3.2943,3.2958,3.2913,3.2918,13
2026-02-04 02:28:00,3.2858,3.2858,3.2858,3.2858,3.2908,3.2908,3.2908,3.2908,1
2026-02-04 02:29:00,3.2868,3.2888,3.2868,3.2888,3.2918,3.2938,3.2918,3.2938,3
2026-02-04 02:30:00,3.2893,3.2893,3.2878,3.2878,3.2943,3.2943,3.2928,3.2928,2
2026-02-04 02:32:00,3.2883,3.2883,3.2883,3.2883,3.2933,3.2933,3.2933,3.2933,1
2026-02-04 02:33:00,3.2878,3.2893,3.2873,3.2873,3.2928,3.2943,3.2923,3.2923,9
2026-02-04 02:34:00,3.2868,3.2868,3.2838,3.2868,3.2918,3.2918,3.2888,3.2918,6
2026-02-04 02:35:00,3.2878,3.2968,3.2878,3.2943,3.2928,3.3018,3.2928,3.2993,20
2026-02-04 02:36:00,3.2948,3.2973,3.2948,3.2958,3.2998,3.3023,3.2998,3.3008,8
2026-02-04 02:37:00,3.2948,3.2948,3.2938,3.2938,3.2998,3.2998,3.2988,3.2988,3
2026-02-04 02:38:00,3.2943,3.2943,3.2943,3.2943,3.2993,3.2993,3.2993,3.2993,1
2026-02-04 02:39:00,3.2948,3.2958,3.2948,3.2948,3.2998,3.3008,3.2998,3.2998,3
2026-02-04 02:40:00,3.2953,3.2953,3.2938,3.2938,3.3003,3.3003,3.2988,3.2988,2
2026-02-04 02:41:00,3.2933,3.2933,3.2923,3.2928,3.2983,3.2983,3.2973,3.2978,4
2026-02-04 02:43:00,3.2923,3.2923,3.2923,3.2923,3.2973,3.2973,3.2973,3.2973,1
2026-02-04 02:44:00,3.2918,3.2923,3.2903,3.2913,3.2968,3.2973,3.2953,3.2963,5
2026-02-04 02:45:00,3.2908,3.2943,3.2868,3.2938,3.2958,3.2993,3.2918,3.2988,28
2026-02-04 02:46:00,3.2933,3.2968,3.2928,3.2953,3.2983,3.3018,3.2978,3.3003,10
2026-02-04 02:47:00,3.2958,3.2958,3.2948,3.2948,3.3008,3.3008,3.2998,3.2998,2
2026-02-04 02:48:00,3.2943,3.2943,3.2933,3.2933,3.2993,3.2993,3.2983,3.2983,2
2026-02-04 02:49:00,3.2943,3.2948,3.2943,3.2948,3.2993,3.2998,3.2993,3.2998,2
2026-02-04 02:52:00,3.2953,3.2958,3.2953,3.2953,3.3003,3.3008,3.3003,3.3003,3
2026-02-04 02:53:00,3.2958,3.2958,3.2948,3.2958,3.3008,3.3008,3.2998,3.3008,3
2026-02-04 02:54:00,3.2953,3.2978,3.2953,3.2978,3.3003,3.3028,3.3003,3.3028,4
2026-02-04 02:55:00,3.3003,3.3013,3.2968,3.2968,3.3053,3.3063,3.3018,3.3018,9
2026-02-04 02:56:00,3.2963,3.2963,3.2943,3.2948,3.3013,3.3013,3.2993,3.2998,4
2026-02-04 02:58:00,3.2943,3.2948,3.2943,3.2948,3.2993,3.2998,3.2993,3.2998,2
2026-02-04 02:59:00,3.2943,3.2943,3.2943,3.2943,3.2993,3.2993,3.2993,3.2993,1
2026-02-04 03:00:00,3.2933,3.2933,3.2913,3.2933,3.2983,3.2983,3.2963,3.2983,9
2026-02-04 03:01:00,3.2928,3.2933,3.2833,3.2883,3.2978,3.2983,3.2883,3.2933,22
2026-02-04 03:02:00,3.2888,3.2953,3.2888,3.2953,3.2938,3.3003,3.2938,3.3003,10
2026-02-04 03:03:00,3.2943,3.2948,3.2933,3.2948,3.2993,3.2998,3.2983,3.2998,3
2026-02-04 03:05:00,3.2953,3.3023,3.2953,3.3023,3.3003,3.3073,3.3003,3.3073,10
2026-02-04 03:06:00,3.3018,3.3018,3.2963,3.2968,3.3068,3.3068,3.3013,3.3018,13
2026-02-04 03:08:00,3.2973,3.2973,3.2973,3.2973,3.3023,3.3023,3.3023,3.3023,1
2026-02-04 03:09:00,3.2968,3.2983,3.2943,3.2978,3.3018,3.3033,3.2993,3.3028,13
2026-02-04 03:10:00,3.2983,3.2983,3.2978,3.2978,3.3033,3.3033,3.3028,3.3028,2
2026-02-04 03:11:00,3.2983,3.3003,3.2933,3.2948,3.3033,3.3053,3.2983,3.2998,11
2026-02-04 03:12:00,3.2938,3.2958,3.2933,3.2953,3.2988,3.3008,3.2983,3.3003,8
2026-02-04 03:15:00,3.2958,3.2958,3.2933,3.2948,3.3008,3.3008,3.2983,3.2998,6
2026-02-04 03:17:00,3.2933,3.2943,3.2933,3.2943,3.2983,3.2993,3.2983,3.2993,2
2026-02-04 03:18:00,3.2938,3.2943,3.2938,3.2943,3.2988,3.2993,3.2988,3.2993,2
2026-02-04 03:19:00,3.2948,3.2948,3.2923,3.2923,3.2998,3.2998,3.2973,3.2973,4
2026-02-04 03:22:00,3.2933,3.2933,3.2928,3.2928,3.2983,3.2983,3.2978,3.2978,2
2026-02-04 03:23:00,3.2933,3.2933,3.2853,3.2873,3.2983,3.2983,3.2903,3.2923,27
2026-02-04 03:24:00,3.2868,3.2883,3.2863,3.2883,3.2918,3.2933,3.2913,3.2933,8
2026-02-04 03:25:00,3.2898,3.2898,3.2888,3.2888,3.2948,3.2948,3.2938,3.2938,2
2026-02-04 03:26:00,3.2893,3.2928,3.2893,3.2928,3.2943,3.2978,3.2943,3.2978,5
2026-02-04 03:27:00,3.2923,3.2923,3.2898,3.2898,3.2973,3.2973,3.2948,3.2948,4
2026-02-04 03:28:00,3.2908,3.2908,3.2898,3.2898,3.2958,3.2958,3.2948,3.2948,3
2026-02-04 03:29:00,3.2893,3.2898,3.2893,3.2898,3.2943,3.2948,3.2943,3.2948,2
2026-02-04 03:30:00,3.2903,3.2908,3.2903,3.2908,3.2953,3.2958,3.2953,3.2958,2
2026-02-04 03:32:00,3.2903,3.2913,3.2898,3.2903,3.2953,3.2963,3.2948,3.2953,9
2026-02-04 03:33:00,3.2898,3.2898,3.2898,3.2898,3.2948,3.2948,3.2948,3.2948,1
2026-02-04 03:34:00,3.2908,3.3003,3.2908,3.3003,3.2958,3.3053,3.2958,3.3053,14
2026-02-04 03:35:00,3.2998,3.3003,3.2978,3.2978,3.3048,3.3053,3.3028,3.3028,7
2026-02-04 03:36:00,3.2988,3.2988,3.2958,3.2973,3.3038,3.3038,3.3008,3.3023,7
2026-02-04 03:37:00,3.2978,3.2978,3.2868,3.2868,3.3028,3.3028,3.2918,3.2918,12
2026-02-04 03:38:00,3.2863,3.2863,3.2833,3.2853,3.2913,3.2913,3.2883,3.2903,17
2026-02-04 03:39:00,3.2858,3.2883,3.2858,3.2883,3.2908,3.2933,3.2908,3.2933,6
2026-02-04 03:41:00,3.2878,3.2878,3.2878,3.2878,3.2928,3.2928,3.2928,3.2928,1
2026-02-04 03:42:00,3.2868,3.2868,3.2843,3.2848,3.2918,3.2918,3.2893,3.2898,6
2026-02-04 03:43:00,3.2853,3.2858,3.2853,3.2858,3.2903,3.2908,3.2903,3.2908,2
2026-02-04 03:45:00,3.2863,3.2873,3.2853,3.2858,3.2913,3.2923,3.2903,3.2908,5
2026-02-04 03:46:00,3.2853,3.2868,3.2843,3.2868,3.2903,3.2918,3.2893,3.2918,5
2026-02-04 03:47:00,3.2863,3.2863,3.2863,3.2863,3.2913,3.2913,3.2913,3.2913,1
2026-02-04 03:48:00,3.2873,3.2878,3.2868,3.2878,3.2923,3.2928,3.2918,3.2928,4
2026-02-04 03:49:00,3.2873,3.2873,3.2863,3.2863,3.2923,3.2923,3.2913,3.2913,3
2026-02-04 03:50:00,3.2853,3.2863,3.2833,3.2838,3.2903,3.2913,3.2883,3.2888,7
2026-02-04 03:51:00,3.2843,3.2863,3.2843,3.2843,3.2893,3.2913,3.2893,3.2893,16
2026-02-04 03:52:00,3.2833,3.2863,3.2833,3.2843,3.2883,3.2913,3.2883,3.2893,11
2026-02-04 03:53:00,3.2848,3.2858,3.2843,3.2853,3.2898,3.2908,3.2893,3.2903,5
2026-02-04 03:54:00,3.2858,3.2873,3.2858,3.2868,3.2908,3.2923,3.2908,3.2918,7
2026-02-04 03:55:00,3.2863,3.2893,3.2863,3.2868,3.2913,3.2943,3.2913,3.2918,7
2026-02-04 03:56:00,3.2863,3.2863,3.2858,3.2858,3.2913,3.2913,3.2908,3.2908,2
2026-02-04 03:57:00,3.2848,3.2848,3.2738,3.2753,3.2898,3.2898,3.2788,3.2803,20
2026-02-04 03:58:00,3.2758,3.2763,3.2748,3.2748,3.2808,3.2813,3.2798,3.2798,7
2026-02-04 03:59:00,3.2768,3.2768,3.2763,3.2763,3.2818,3.2818,3.2813,3.2813,2
2026-02-04 04:00:00,3.2768,3.2783,3.2768,3.2778,3.2818,3.2833,3.2818,3.2828,6
2026-02-04 04:01:00,3.2783,3.2783,3.2783,3.2783,3.2833,3.2833,3.2833,3.2833,1
2026-02-04 04:02:00,3.2778,3.2803,3.2773,3.2793,3.2828,3.2853,3.2823,3.2843,11
2026-02-04 04:04:00,3.2788,3.2788,3.2778,3.2788,3.2838,3.2838,3.2828,3.2838,3
2026-02-04 04:05:00,3.2803,3.2828,3.2803,3.2823,3.2853,3.2878,3.2853,3.2873,6
2026-02-04 04:06:00,3.2833,3.2843,3.2833,3.2838,3.2883,3.2893,3.2883,3.2888,3
2026-02-04 04:07:00,3.2843,3.2858,3.2843,3.2858,3.2893,3.2908,3.2893,3.2908,3
2026-02-04 04:08:00,3.2853,3.2863,3.2853,3.2858,3.2903,3.2913,3.2903,3.2908,5
2026-02-04 04:09:00,3.2853,3.2853,3.2833,3.2838,3.2903,3.2903,3.2883,3.2888,4
2026-02-04 04:10:00,3.2833,3.2853,3.2833,3.2843,3.2883,3.2903,3.2883,3.2893,6
2026-02-04 04:11:00,3.2838,3.2843,3.2823,3.2843,3.2888,3.2893,3.2873,3.2893,7
2026-02-04 04:12:00,3.2838,3.2838,3.2818,3.2818,3.2888,3.2888,3.2868,3.2868,3
2026-02-04 04:14:00,3.2823,3.2838,3.2823,3.2838,3.2873,3.2888,3.2873,3.2888,4
2026-02-04 04:15:00,3.2843,3.2863,3.2843,3.2853,3.2893,3.2913,3.2893,3.2903,5
2026-02-04 04:16:00,3.2843,3.2863,3.2843,3.2858,3.2893,3.2913,3.2893,3.2908,4
2026-02-04 04:17:00,3.2868,3.2893,3.2828,3.2838,3.2918,3.2943,3.2878,3.2888,14
2026-02-04 04:18:00,3.2833,3.2833,3.2833,3.2833,3.2883,3.2883,3.2883,3.2883,1
2026-02-04 04:19:00,3.2828,3.2828,3.2808,3.2808,3.2878,3.2878,3.2858,3.2858,3
2026-02-04 04:21:00,3.2813,3.2813,3.2743,3.2758,3.2863,3.2863,3.2793,3.2808,15
2026-02-04 04:23:00,3.2768,3.2773,3.2738,3.2738,3.2818,3.2823,3.2788,3.2788,9
2026-02-04 04:24:00,3.2723,3.2728,3.2723,3.2728,3.2773,3.2778,3.2773,3.2778,2
2026-02-04 04:25:00,3.2713,3.2728,3.2683,3.2683,3.2763,3.2778,3.2733,3.2733,11
2026-02-04 04:26:00,3.2688,3.2703,3.2688,3.2703,3.2738,3.2753,3.2738,3.2753,7
2026-02-04 04:27:00,3.2698,3.2718,3.2698,3.2718,3.2748,3.2768,3.2748,3.2768,4
2026-02-04 04:28:00,3.2708,3.2743,3.2673,3.2708,3.2758,3.2793,3.2723,3.2758,26
2026-02-04 04:29:00,3.2698,3.2713,3.2698,3.2708,3.2748,3.2763,3.2748,3.2758,3
2026-02-04 04:30:00,3.2723,3.2793,3.2723,3.2773,3.2773,3.2843,3.2773,3.2823,17
2026-02-04 04:31:00,3.2778,3.2783,3.2773,3.2783,3.2828,3.2833,3.2823,3.2833,6
2026-02-04 04:32:00,3.2778,3.2793,3.2773,3.2788,3.2828,3.2843,3.2823,3.2838,14
2026-02-04 04:33:00,3.2793,3.2848,3.2788,3.2848,3.2843,3.2898,3.2838,3.2898,13
2026-02-04 04:34:00,3.2838,3.2853,3.2833,3.2853,3.2888,3.2903,3.2883,3.2903,14
2026-02-04 04:35:00,3.2848,3.2923,3.2838,3.2858,3.2898,3.2973,3.2888,3.2908,35
2026-02-04 04:36:00,3.2848,3.2848,3.2803,3.2818,3.2898,3.2898,3.2853,3.2868,8
2026-02-04 04:40:00,3.2808,3.2818,3.2808,3.2813,3.2858,3.2868,3.2858,3.2863,4
2026-02-04 04:41:00,3.2818,3.2818,3.2788,3.2793,3.2868,3.2868,3.2838,3.2843,7
2026-02-04 04:42:00,3.2798,3.2813,3.2783,3.2788,3.2848,3.2863,3.2833,3.2838,11
2026-02-04 04:43:00,3.2793,3.2818,3.2793,3.2813,3.2843,3.2868,3.2843,3.2863,5
2026-02-04 04:44:00,3.2823,3.2823,3.2823,3.2823,3.2873,3.2873,3.2873,3.2873,1
2026-02-04 04:45:00,3.2818,3.2828,3.2808,3.2828,3.2868,3.2878,3.2858,3.2878,12
2026-02-04 04:46:00,3.2833,3.2848,3.2833,3.2843,3.2883,3.2898,3.2883,3.2893,4
2026-02-04 04:47:00,3.2838,3.2838,3.2838,3.2838,3.2888,3.2888,3.2888,3.2888,1
2026-02-04 04:49:00,3.2813,3.2823,3.2793,3.2803,3.2863,3.2873,3.2843,3.2853,7
2026-02-04 04:50:00,3.2798,3.2798,3.2798,3.2798,3.2848,3.2848,3.2848,3.2848,1
2026-02-04 04:51:00,3.2803,3.2813,3.2783,3.2783,3.2853,3.2863,3.2833,3.2833,7
2026-02-04 04:52:00,3.2793,3.2793,3.2773,3.2773,3.2843,3.2843,3.2823,3.2823,3
2026-02-04 04:53:00,3.2778,3.2793,3.2768,3.2773,3.2828,3.2843,3.2818,3.2823,7
2026-02-04 04:54:00,3.2783,3.2808,3.2783,3.2808,3.2833,3.2858,3.2833,3.2858,7
2026-02-04 04:55:00,3.2803,3.2803,3.2803,3.2803,3.2853,3.2853,3.2853,3.2853,1
2026-02-04 04:56:00,3.2808,3.2808,3.2803,3.2808,3.2858,3.2858,3.2853,3.2858,3
2026-02-04 04:57:00,3.2803,3.2803,3.2803,3.2803,3.2853,3.2853,3.2853,3.2853,1
2026-02-04 04:58:00,3.2808,3.2808,3.2808,3.2808,3.2858,3.2858,3.2858,3.2858,1
2026-02-04 04:59:00,3.2798,3.2798,3.2798,3.2798,3.2848,3.2848,3.2848,3.2848,1
2026-02-04 05:01:00,3.2788,3.2788,3.2778,3.2778,3.2838,3.2838,3.2828,3.2828,2
2026-02-04 05:02:00,3.2768,3.2773,3.2768,3.2773,3.2818,3.2823,3.2818,3.2823,2
2026-02-04 05:03:00,3.2778,3.2778,3.2778,3.2778,3.2828,3.2828,3.2828,3.2828,1
2026-02-04 05:04:00,3.2783,3.2783,3.2778,3.2778,3.2833,3.2833,3.2828,3.2828,2
2026-02-04 05:05:00,3.2773,3.2773,3.2768,3.2768,3.2823,3.2823,3.2818,3.2818,2
2026-02-04 05:06:00,3.2763,3.2773,3.2758,3.2758,3.2813,3.2823,3.2808,3.2808,5
2026-02-04 05:07:00,3.2763,3.2783,3.2698,3.2698,3.2813,3.2833,3.2748,3.2748,20
2026-02-04 05:08:00,3.2703,3.2718,3.2703,3.2718,3.2753,3.2768,3.2753,3.2768,4
2026-02-04 05:09:00,3.2708,3.2708,3.2698,3.2708,3.2758,3.2758,3.2748,3.2758,4
2026-02-04 05:10:00,3.2703,3.2713,3.2683,3.2708,3.2753,3.2763,3.2733,3.2758,8
2026-02-04 05:11:00,3.2703,3.2703,3.2678,3.2688,3.2753,3.2753,3.2728,3.2738,5
2026-02-04 05:12:00,3.2683,3.2693,3.2683,3.2683,3.2733,3.2743,3.2733,3.2733,3
2026-02-04 05:13:00,3.2673,3.2693,3.2673,3.2683,3.2723,3.2743,3.2723,3.2733,7
2026-02-04 05:14:00,3.2688,3.2688,3.2653,3.2658,3.2738,3.2738,3.2703,3.2708,8
2026-02-04 05:15:00,3.2663,3.2678,3.2653,3.2678,3.2713,3.2728,3.2703,3.2728,6
2026-02-04 05:16:00,3.2683,3.2698,3.2683,3.2698,3.2733,3.2748,3.2733,3.2748,2
2026-02-04 05:17:00,3.2708,3.2728,3.2708,3.2728,3.2758,3.2778,3.2758,3.2778,3
2026-02-04 05:18:00,3.2723,3.2728,3.2718,3.2718,3.2773,3.2778,3.2768,3.2768,3
2026-02-04 05:19:00,3.2728,3.2738,3.2728,3.2738,3.2778,3.2788,3.2778,3.2788,2
2026-02-04 05:20:00,3.2753,3.2758,3.2738,3.2738,3.2803,3.2808,3.2788,3.2788,4
2026-02-04 05:21:00,3.2733,3.2733,3.2723,3.2728,3.2783,3.2783,3.2773,3.2778,3
2026-02-04 05:23:00,3.2733,3.2758,3.2733,3.2758,3.2783,3.2808,3.2783,3.2808,3
2026-02-04 05:24:00,3.2753,3.2758,3.2743,3.2743,3.2803,3.2808,3.2793,3.2793,4
2026-02-04 05:25:00,3.2748,3.2748,3.2748,3.2748,3.2798,3.2798,3.2798,3.2798,1
2026-02-04 05:26:00,3.2758,3.2758,3.2758,3.2758,3.2808,3.2808,3.2808,3.2808,1
2026-02-04 05:27:00,3.2753,3.2758,3.2753,3.2758,3.2803,3.2808,3.2803,3.2808,2
2026-02-04 05:28:00,3.2753,3.2758,3.2753,3.2758,3.2803,3.2808,3.2803,3.2808,2
2026-02-04 05:29:00,3.2763,3.2788,3.2763,3.2778,3.2813,3.2838,3.2813,3.2828,6
2026-02-04 05:30:00,3.2773,3.2778,3.2773,3.2773,3.2823,3.2828,3.2823,3.2823,3
2026-02-04 05:31:00,3.2768,3.2773,3.2768,3.2768,3.2818,3.2823,3.2818,3.2818,3
2026-02-04 05:32:00,3.2773,3.2783,3.2768,3.2768,3.2823,3.2833,3.2818,3.2818,4
2026-02-04 05:33:00,3.2763,3.2763,3.2763,3.2763,3.2813,3.2813,3.2813,3.2813,1
2026-02-04 05:34:00,3.2768,3.2768,3.2768,3.2768,3.2818,3.2818,3.2818,3.2818,1
2026-02-04 05:37:00,3.2763,3.2763,3.2758,3.2758,3.2813,3.2813,3.2808,3.2808,2
2026-02-04 05:38:00,3.2763,3.2763,3.2758,3.2758,3.2813,3.2813,3.2808,3.2808,2
2026-02-04 05:39:00,3.2753,3.2758,3.2748,3.2748,3.2803,3.2808,3.2798,3.2798,3
2026-02-04 05:42:00,3.2743,3.2748,3.2733,3.2748,3.2793,3.2798,3.2783,3.2798,3
2026-02-04 05:43:00,3.2738,3.2738,3.2678,3.2688,3.2788,3.2788,3.2728,3.2738,11
2026-02-04 05:44:00,3.2678,3.2683,3.2608,3.2623,3.2728,3.2733,3.2658,3.2673,18
2026-02-04 05:45:00,3.2618,3.2618,3.2583,3.2583,3.2668,3.2668,3.2633,3.2633,9
2026-02-04 05:46:00,3.2573,3.2578,3.2568,3.2573,3.2623,3.2628,3.2618,3.2623,5
2026-02-04 05:47:00,3.2568,3.2573,3.2568,3.2573,3.2618,3.2623,3.2618,3.2623,2
2026-02-04 05:48:00,3.2578,3.2583,3.2568,3.2578,3.2628,3.2633,3.2618,3.2628,6
2026-02-04 05:49:00,3.2573,3.2588,3.2573,3.2578,3.2623,3.2638,3.2623,3.2628,8
2026-02-04 05:50:00,3.2573,3.2573,3.2573,3.2573,3.2623,3.2623,3.2623,3.2623,1
2026-02-04 05:52:00,3.2568,3.2568,3.2568,3.2568,3.2618,3.2618,3.2618,3.2618,1
2026-02-04 05:53:00,3.2573,3.2573,3.2563,3.2563,3.2623,3.2623,3.2613,3.2613,3
2026-02-04 05:54:00,3.2558,3.2558,3.2523,3.2523,3.2608,3.2608,3.2573,3.2573,8
2026-02-04 05:55:00,3.2533,3.2533,3.2493,3.2508,3.2583,3.2583,3.2543,3.2558,19
2026-02-04 05:56:00,3.2513,3.2513,3.2493,3.2498,3.2563,3.2563,3.2543,3.2548,6
2026-02-04 05:58:00,3.2483,3.2523,3.2483,3.2518,3.2533,3.2573,3.2533,3.2568,9
2026-02-04 05:59:00,3.2523,3.2538,3.2523,3.2538,3.2573,3.2588,3.2573,3.2588,7
2026-02-04 06:00:00,3.2553,3.2583,3.2533,3.2568,3.2603,3.2633,3.2583,3.2618,10
2026-02-04 06:01:00,3.2563,3.2568,3.2563,3.2563,3.2613,3.2618,3.2613,3.2613,3
2026-02-04 06:02:00,3.2558,3.2563,3.2478,3.2478,3.2608,3.2613,3.2528,3.2528,10
2026-02-04 06:03:00,3.2473,3.2488,3.2448,3.2453,3.2523,3.2538,3.2498,3.2503,13
2026-02-04 06:04:00,3.2458,3.2478,3.2433,3.2478,3.2508,3.2528,3.2483,3.2528,13
2026-02-04 06:05:00,3.2473,3.2483,3.2443,3.2453,3.2523,3.2533,3.2493,3.2503,11
2026-02-04 06:06:00,3.2448,3.2448,3.2438,3.2438,3.2498,3.2498,3.2488,3.2488,6
2026-02-04 06:07:00,3.2433,3.2453,3.2433,3.2443,3.2483,3.2503,3.2483,3.2493,5
2026-02-04 06:08:00,3.2438,3.2438,3.2388,3.2428,3.2488,3.2488,3.2438,3.2478,11
2026-02-04 06:09:00,3.2423,3.2423,3.2403,3.2418,3.2473,3.2473,3.2453,3.2468,5
2026-02-04 06:10:00,3.2403,3.2418,3.2403,3.2418,3.2453,3.2468,3.2453,3.2468,3
2026-02-04 06:12:00,3.2408,3.2423,3.2403,3.2413,3.2458,3.2473,3.2453,3.2463,6
2026-02-04 06:13:00,3.2408,3.2408,3.2408,3.2408,3.2458,3.2458,3.2458,3.2458,1
2026-02-04 06:14:00,3.2398,3.2403,3.2388,3.2388,3.2448,3.2453,3.2438,3.2438,4
2026-02-04 06:15:00,3.2373,3.2383,3.2333,3.2338,3.2423,3.2433,3.2383,3.2388,8
2026-02-04 06:16:00,3.2348,3.2463,3.2348,3.2463,3.2398,3.2513,3.2398,3.2513,15
2026-02-04 06:17:00,3.2458,3.2458,3.2403,3.2413,3.2508,3.2508,3.2453,3.2463,11
2026-02-04 06:18:00,3.2408,3.2408,3.2398,3.2398,3.2458,3.2458,3.2448,3.2448,4
2026-02-04 06:19:00,3.2403,3.2413,3.2358,3.2403,3.2453,3.2463,3.2408,3.2453,13
2026-02-04 06:20:00,3.2408,3.2408,3.2403,3.2408,3.2458,3.2458,3.2453,3.2458,3
2026-02-04 06:21:00,3.2403,3.2403,3.2393,3.2398,3.2453,3.2453,3.2443,3.2448,4
2026-02-04 06:22:00,3.2403,3.2403,3.2383,3.2383,3.2453,3.2453,3.2433,3.2433,3
2026-02-04 06:23:00,3.2373,3.2373,3.2358,3.2368,3.2423,3.2423,3.2408,3.2418,4
2026-02-04 06:24:00,3.2358,3.2413,3.2358,3.2383,3.2408,3.2463,3.2408,3.2433,14
2026-02-04 06:25:00,3.2373,3.2408,3.2373,3.2378,3.2423,3.2458,3.2423,3.2428,9
2026-02-04 06:26:00,3.2373,3.2378,3.2373,3.2378,3.2423,3.2428,3.2423,3.2428,2
2026-02-04 06:27:00,3.2383,3.2398,3.2383,3.2398,3.2433,3.2448,3.2433,3.2448,3
2026-02-04 06:28:00,3.2393,3.2393,3.2393,3.2393,3.2443,3.2443,3.2443,3.2443,1
2026-02-04 06:29:00,3.2408,3.2413,3.2373,3.2373,3.2458,3.2463,3.2423,3.2423,6
2026-02-04 06:30:00,3.2378,3.2378,3.2333,3.2348,3.2428,3.2428,3.2383,3.2398,9
2026-02-04 06:31:00,3.2358,3.2368,3.2353,3.2353,3.2408,3.2418,3.2403,3.2403,3
2026-02-04 06:32:00,3.2343,3.2343,3.2338,3.2343,3.2393,3.2393,3.2388,3.2393,3
2026-02-04 06:33:00,3.2348,3.2383,3.2343,3.2383,3.2398,3.2433,3.2393,3.2433,7
2026-02-04 06:34:00,3.2378,3.2388,3.2368,3.2373,3.2428,3.2438,3.2418,3.2423,7
2026-02-04 06:35:00,3.2378,3.2383,3.2378,3.2378,3.2428,3.2433,3.2428,3.2428,3
2026-02-04 06:36:00,3.2363,3.2363,3.2363,3.2363,3.2413,3.2413,3.2413,3.2413,1
2026-02-04 06:37:00,3.2368,3.2408,3.2368,3.2408,3.2418,3.2458,3.2418,3.2458,6
2026-02-04 06:38:00,3.2418,3.2418,3.2388,3.2393,3.2468,3.2468,3.2438,3.2443,5
2026-02-04 06:39:00,3.2398,3.2398,3.2368,3.2373,3.2448,3.2448,3.2418,3.2423,4
2026-02-04 06:40:00,3.2383,3.2383,3.2353,3.2363,3.2433,3.2433,3.2403,3.2413,8
2026-02-04 06:41:00,3.2368,3.2368,3.2348,3.2348,3.2418,3.2418,3.2398,3.2398,5
2026-02-04 06:42:00,3.2353,3.2388,3.2333,3.2388,3.2403,3.2438,3.2383,3.2438,18
2026-02-04 06:44:00,3.2383,3.2383,3.2323,3.2333,3.2433,3.2433,3.2373,3.2383,11
2026-02-04 06:45:00,3.2328,3.2328,3.2283,3.2298,3.2378,3.2378,3.2333,3.2348,10
2026-02-04 06:46:00,3.2303,3.2333,3.2288,3.2308,3.2353,3.2383,3.2338,3.2358,12
2026-02-04 06:47:00,3.2303,3.2313,3.2298,3.2303,3.2353,3.2363,3.2348,3.2353,5
2026-02-04 06:48:00,3.2308,3.2338,3.2308,3.2338,3.2358,3.2388,3.2358,3.2388,11
2026-02-04 06:49:00,3.2343,3.2353,3.2343,3.2353,3.2393,3.2403,3.2393,3.2403,3
2026-02-04 06:50:00,3.2368,3.2428,3.2368,3.2428,3.2418,3.2478,3.2418,3.2478,7
2026-02-04 06:51:00,3.2433,3.2443,3.2413,3.2443,3.2483,3.2493,3.2463,3.2493,17
2026-02-04 06:52:00,3.2448,3.2468,3.2438,3.2458,3.2498,3.2518,3.2488,3.2508,15
2026-02-04 06:53:00,3.2463,3.2493,3.2443,3.2458,3.2513,3.2543,3.2493,3.2508,13
2026-02-04 06:54:00,3.2463,3.2488,3.2453,3.2478,3.2513,3.2538,3.2503,3.2528,12
2026-02-04 06:55:00,3.2493,3.2518,3.2493,3.2513,3.2543,3.2568,3.2543,3.2563,9
2026-02-04 06:56:00,3.2498,3.2533,3.2498,3.2503,3.2548,3.2583,3.2548,3.2553,14
2026-02-04 06:57:00,3.2498,3.2503,3.2498,3.2503,3.2548,3.2553,3.2548,3.2553,4
2026-02-04 06:58:00,3.2513,3.2513,3.2498,3.2503,3.2563,3.2563,3.2548,3.2553,5
2026-02-04 06:59:00,3.2508,3.2508,3.2468,3.2468,3.2558,3.2558,3.2518,3.2518,8
2026-02-04 07:00:00,3.2463,3.2463,3.2448,3.2453,3.2513,3.2513,3.2498,3.2503,5
2026-02-04 07:01:00,3.2458,3.2508,3.2458,3.2503,3.2508,3.2558,3.2508,3.2553,10
2026-02-04 07:02:00,3.2498,3.2603,3.2498,3.2588,3.2548,3.2653,3.2548,3.2638,28
2026-02-04 07:03:00,3.2603,3.2603,3.2573,3.2593,3.2653,3.2653,3.2623,3.2643,14
2026-02-04 07:04:00,3.2603,3.2693,3.2598,3.2673,3.2653,3.2743,3.2648,3.2723,22
2026-02-04 07:05:00,3.2683,3.2713,3.2673,3.2678,3.2733,3.2763,3.2723,3.2728,9
2026-02-04 07:06:00,3.2683,3.2688,3.2668,3.2678,3.2733,3.2738,3.2718,3.2728,11
2026-02-04 07:07:00,3.2653,3.2663,3.2598,3.2628,3.2703,3.2713,3.2648,3.2678,13
2026-02-04 07:08:00,3.2633,3.2638,3.2513,3.2583,3.2683,3.2688,3.2563,3.2633,18
2026-02-04 07:09:00,3.2593,3.2598,3.2573,3.2578,3.2643,3.2648,3.2623,3.2628,10
2026-02-04 07:10:00,3.2588,3.2628,3.2558,3.2563,3.2638,3.2678,3.2608,3.2613,12
2026-02-04 07:11:00,3.2568,3.2573,3.2473,3.2483,3.2618,3.2623,3.2523,3.2533,21
2026-02-04 07:12:00,3.2478,3.2483,3.2458,3.2463,3.2528,3.2533,3.2508,3.2513,9
2026-02-04 07:13:00,3.2473,3.2483,3.2458,3.2483,3.2523,3.2533,3.2508,3.2533,8
2026-02-04 07:14:00,3.2468,3.2488,3.2468,3.2488,3.2518,3.2538,3.2518,3.2538,7
2026-02-04 07:15:00,3.2483,3.2498,3.2468,3.2498,3.2533,3.2548,3.2518,3.2548,9
2026-02-04 07:16:00,3.2493,3.2508,3.2478,3.2498,3.2543,3.2558,3.2528,3.2548,8
2026-02-04 07:17:00,3.2488,3.2493,3.2458,3.2458,3.2538,3.2543,3.2508,3.2508,8
2026-02-04 07:18:00,3.2453,3.2493,3.2413,3.2428,3.2503,3.2543,3.2463,3.2478,25
2026-02-04 07:19:00,3.2423,3.2438,3.2413,3.2428,3.2473,3.2488,3.2463,3.2478,11
2026-02-04 07:20:00,3.2433,3.2433,3.2383,3.2398,3.2483,3.2483,3.2433,3.2448,10
2026-02-04 07:21:00,3.2393,3.2418,3.2393,3.2418,3.2443,3.2468,3.2443,3.2468,3
2026-02-04 07:22:00,3.2413,3.2413,3.2318,3.2373,3.2463,3.2463,3.2368,3.2423,19
2026-02-04 07:23:00,3.2388,3.2398,3.2358,3.2383,3.2438,3.2448,3.2408,3.2433,11
2026-02-04 07:24:00,3.2378,3.2378,3.2368,3.2378,3.2428,3.2428,3.2418,3.2428,4
2026-02-04 07:25:00,3.2373,3.2383,3.2358,3.2378,3.2423,3.2433,3.2408,3.2428,5
2026-02-04 07:26:00,3.2393,3.2473,3.2393,3.2463,3.2443,3.2523,3.2443,3.2513,15
2026-02-04 07:27:00,3.2468,3.2483,3.2468,3.2478,3.2518,3.2533,3.2518,3.2528,5
2026-02-04 07:28:00,3.2488,3.2508,3.2488,3.2508,3.2538,3.2558,3.2538,3.2558,3
2026-02-04 07:29:00,3.2498,3.2508,3.2498,3.2503,3.2548,3.2558,3.2548,3.2553,5
2026-02-04 07:30:00,3.2498,3.2508,3.2498,3.2508,3.2548,3.2558,3.2548,3.2558,4
2026-02-04 07:31:00,3.2498,3.2543,3.2498,3.2538,3.2548,3.2593,3.2548,3.2588,9
2026-02-04 07:32:00,3.2543,3.2548,3.2523,3.2528,3.2593,3.2598,3.2573,3.2578,7
2026-02-04 07:34:00,3.2523,3.2528,3.2468,3.2493,3.2573,3.2578,3.2518,3.2543,16
2026-02-04 07:35:00,3.2488,3.2493,3.2488,3.2493,3.2538,3.2543,3.2538,3.2543,2
2026-02-04 07:36:00,3.2483,3.2488,3.2483,3.2488,3.2533,3.2538,3.2533,3.2538,2
2026-02-04 07:39:00,3.2493,3.2493,3.2413,3.2413,3.2543,3.2543,3.2463,3.2463,17
2026-02-04 07:40:00,3.2418,3.2433,3.2408,3.2423,3.2468,3.2483,3.2458,3.2473,15
2026-02-04 07:41:00,3.2428,3.2433,3.2428,3.2433,3.2478,3.2483,3.2478,3.2483,2
2026-02-04 07:42:00,3.2428,3.2428,3.2403,3.2413,3.2478,3.2478,3.2453,3.2463,5
2026-02-04 07:43:00,3.2418,3.2423,3.2418,3.2423,3.2468,3.2473,3.2468,3.2473,2
2026-02-04 07:44:00,3.2413,3.2413,3.2388,3.2398,3.2463,3.2463,3.2438,3.2448,7
2026-02-04 07:45:00,3.2388,3.2388,3.2348,3.2348,3.2438,3.2438,3.2398,3.2398,5
2026-02-04 07:46:00,3.2363,3.2373,3.2333,3.2343,3.2413,3.2423,3.2383,3.2393,19
2026-02-04 07:47:00,3.2348,3.2353,3.2338,3.2348,3.2398,3.2403,3.2388,3.2398,6
2026-02-04 07:48:00,3.2353,3.2368,3.2343,3.2358,3.2403,3.2418,3.2393,3.2408,9
2026-02-04 07:49:00,3.2343,3.2343,3.2303,3.2308,3.2393,3.2393,3.2353,3.2358,12
2026-02-04 07:50:00,3.2303,3.2313,3.2293,3.2303,3.2353,3.2363,3.2343,3.2353,13
2026-02-04 07:51:00,3.2298,3.2303,3.2288,3.2288,3.2348,3.2353,3.2338,3.2338,5
2026-02-04 07:52:00,3.2283,3.2298,3.2258,3.2258,3.2333,3.2348,3.2308,3.2308,18
2026-02-04 07:53:00,3.2253,3.2253,3.2163,3.2208,3.2303,3.2303,3.2213,3.2258,42
2026-02-04 07:54:00,3.2218,3.2218,3.2183,3.2183,3.2268,3.2268,3.2233,3.2233,7
2026-02-04 07:55:00,3.2178,3.2208,3.2178,3.2208,3.2228,3.2258,3.2228,3.2258,4
2026-02-04 07:56:00,3.2213,3.2223,3.2203,3.2208,3.2263,3.2273,3.2253,3.2258,7
2026-02-04 07:57:00,3.2213,3.2218,3.2153,3.2158,3.2263,3.2268,3.2203,3.2208,13
2026-02-04 07:58:00,3.2173,3.2183,3.2163,3.2168,3.2223,3.2233,3.2213,3.2218,8
2026-02-04 08:00:00,3.2173,3.2253,3.2173,3.2248,3.2223,3.2303,3.2223,3.2298,24
2026-02-04 08:01:00,3.2253,3.2268,3.2233,3.2233,3.2303,3.2318,3.2283,3.2283,8
2026-02-04 08:02:00,3.2243,3.2253,3.2218,3.2223,3.2293,3.2303,3.2268,3.2273,9
2026-02-04 08:03:00,3.2238,3.2268,3.2233,3.2263,3.2288,3.2318,3.2283,3.2313,12
2026-02-04 08:04:00,3.2273,3.2273,3.2253,3.2258,3.2323,3.2323,3.2303,3.2308,5
2026-02-04 08:05:00,3.2268,3.2278,3.2263,3.2273,3.2318,3.2328,3.2313,3.2323,9
2026-02-04 08:06:00,3.2263,3.2268,3.2223,3.2228,3.2313,3.2318,3.2273,3.2278,11
2026-02-04 08:07:00,3.2203,3.2203,3.2148,3.2153,3.2253,3.2253,3.2198,3.2203,19
2026-02-04 08:08:00,3.2148,3.2158,3.2133,3.2158,3.2198,3.2208,3.2183,3.2208,8
2026-02-04 08:09:00,3.2163,3.2163,3.2163,3.2163,3.2213,3.2213,3.2213,3.2213,1
2026-02-04 08:10:00,3.2158,3.2168,3.2148,3.2158,3.2208,3.2218,3.2198,3.2208,9
2026-02-04 08:11:00,3.2153,3.2153,3.2148,3.2148,3.2203,3.2203,3.2198,3.2198,2
2026-02-04 08:12:00,3.2153,3.2158,3.2143,3.2148,3.2203,3.2208,3.2193,3.2198,10
2026-02-04 08:13:00,3.2143,3.2143,3.2133,3.2143,3.2193,3.2193,3.2183,3.2193,8
2026-02-04 08:14:00,3.2153,3.2153,3.2133,3.2138,3.2203,3.2203,3.2183,3.2188,7
2026-02-04 08:15:00,3.2133,3.2183,3.2133,3.2173,3.2183,3.2233,3.2183,3.2223,8
2026-02-04 08:17:00,3.2183,3.2208,3.2183,3.2198,3.2233,3.2258,3.2233,3.2248,9
2026-02-04 08:18:00,3.2183,3.2183,3.2158,3.2158,3.2233,3.2233,3.2208,3.2208,5
2026-02-04 08:19:00,3.2178,3.2178,3.2153,3.2153,3.2228,3.2228,3.2203,3.2203,2
2026-02-04 08:20:00,3.2148,3.2153,3.2133,3.2138,3.2198,3.2203,3.2183,3.2188,10
2026-02-04 08:21:00,3.2143,3.2158,3.2138,3.2148,3.2193,3.2208,3.2188,3.2198,13
2026-02-04 08:22:00,3.2158,3.2163,3.2158,3.2163,3.2208,3.2213,3.2208,3.2213,2
2026-02-04 08:23:00,3.2168,3.2178,3.2163,3.2173,3.2218,3.2228,3.2213,3.2223,7
2026-02-04 08:24:00,3.2168,3.2193,3.2143,3.2178,3.2218,3.2243,3.2193,3.2228,11
2026-02-04 08:25:00,3.2173,3.2188,3.2163,3.2168,3.2223,3.2238,3.2213,3.2218,8
2026-02-04 08:26:00,3.2173,3.2173,3.2168,3.2168,3.2223,3.2223,3.2218,3.2218,2
2026-02-04 08:27:00,3.2163,3.2173,3.2153,3.2153,3.2213,3.2223,3.2203,3.2203,4
2026-02-04 08:28:00,3.2148,3.2153,3.2133,3.2138,3.2198,3.2203,3.2183,3.2188,6
2026-02-04 08:29:00,3.2143,3.2173,3.2143,3.2163,3.2193,3.2223,3.2193,3.2213,10
2026-02-04 08:30:00,3.2173,3.2173,3.2148,3.2153,3.2223,3.2223,3.2198,3.2203,7
2026-02-04 08:31:00,3.2168,3.2168,3.2153,3.2163,3.2218,3.2218,3.2203,3.2213,5
2026-02-04 08:32:00,3.2173,3.2198,3.2168,3.2188,3.2223,3.2248,3.2218,3.2238,8
2026-02-04 08:33:00,3.2183,3.2188,3.2173,3.2188,3.2233,3.2238,3.2223,3.2238,4
2026-02-04 08:34:00,3.2183,3.2183,3.2163,3.2168,3.2233,3.2233,3.2213,3.2218,4
2026-02-04 08:35:00,3.2163,3.2163,3.2138,3.2143,3.2213,3.2213,3.2188,3.2193,7
2026-02-04 08:36:00,3.2153,3.2153,3.2133,3.2133,3.2203,3.2203,3.2183,3.2183,3
2026-02-04 08:37:00,3.2143,3.2153,3.2133,3.2133,3.2193,3.2203,3.2183,3.2183,6
2026-02-04 08:38:00,3.2143,3.2143,3.2133,3.2133,3.2193,3.2193,3.2183,3.2183,3
2026-02-04 08:39:00,3.2123,3.2123,3.2063,3.2078,3.2173,3.2173,3.2113,3.2128,17
2026-02-04 08:40:00,3.2083,3.2093,3.2068,3.2088,3.2133,3.2143,3.2118,3.2138,10
2026-02-04 08:41:00,3.2083,3.2083,3.2073,3.2083,3.2133,3.2133,3.2123,3.2133,4
2026-02-04 08:42:00,3.2078,3.2133,3.2078,3.2133,3.2128,3.2183,3.2128,3.2183,8
2026-02-04 08:43:00,3.2123,3.2123,3.2083,3.2103,3.2173,3.2173,3.2133,3.2153,10
2026-02-04 08:44:00,3.2098,3.2108,3.2073,3.2078,3.2148,3.2158,3.2123,3.2128,12
2026-02-04 08:45:00,3.2088,3.2103,3.2088,3.2098,3.2138,3.2153,3.2138,3.2148,6
2026-02-04 08:46:00,3.2093,3.2153,3.2093,3.2148,3.2143,3.2203,3.2143,3.2198,11
2026-02-04 08:47:00,3.2133,3.2138,3.2133,3.2138,3.2183,3.2188,3.2183,3.2188,2
2026-02-04 08:48:00,3.2133,3.2163,3.2133,3.2163,3.2183,3.2213,3.2183,3.2213,6
2026-02-04 08:49:00,3.2153,3.2163,3.2148,3.2158,3.2203,3.2213,3.2198,3.2208,5
2026-02-04 08:50:00,3.2163,3.2163,3.2133,3.2148,3.2213,3.2213,3.2183,3.2198,8
2026-02-04 08:51:00,3.2143,3.2218,3.2143,3.2218,3.2193,3.2268,3.2193,3.2268,15
2026-02-04 08:52:00,3.2223,3.2283,3.2223,3.2278,3.2273,3.2333,3.2273,3.2328,18
2026-02-04 08:53:00,3.2298,3.2353,3.2298,3.2343,3.2348,3.2403,3.2348,3.2393,17
2026-02-04 08:54:00,3.2348,3.2348,3.2283,3.2288,3.2398,3.2398,3.2333,3.2338,13
2026-02-04 08:55:00,3.2283,3.2293,3.2273,3.2293,3.2333,3.2343,3.2323,3.2343,10
2026-02-04 08:56:00,3.2278,3.2278,3.2253,3.2263,3.2328,3.2328,3.2303,3.2313,5
2026-02-04 08:57:00,3.2268,3.2273,3.2253,3.2268,3.2318,3.2323,3.2303,3.2318,10
2026-02-04 08:58:00,3.2283,3.2293,3.2263,3.2283,3.2333,3.2343,3.2313,3.2333,13
2026-02-04 08:59:00,3.2273,3.2273,3.2238,3.2238,3.2323,3.2323,3.2288,3.2288,19
2026-02-04 09:00:00,3.2233,3.2233,3.2218,3.2233,3.2283,3.2283,3.2268,3.2283,8
2026-02-04 09:01:00,3.2228,3.2228,3.2223,3.2223,3.2278,3.2278,3.2273,3.2273,4
2026-02-04 09:02:00,3.2213,3.2213,3.2173,3.2173,3.2263,3.2263,3.2223,3.2223,11
2026-02-04 09:03:00,3.2188,3.2188,3.2163,3.2178,3.2238,3.2238,3.2213,3.2228,6
2026-02-04 09:04:00,3.2173,3.2203,3.2173,3.2198,3.2223,3.2253,3.2223,3.2248,9
2026-02-04 09:05:00,3.2193,3.2223,3.2193,3.2223,3.2243,3.2273,3.2243,3.2273,11
2026-02-04 09:06:00,3.2233,3.2308,3.2233,3.2303,3.2283,3.2358,3.2283,3.2353,19
2026-02-04 09:07:00,3.2298,3.2298,3.2218,3.2228,3.2348,3.2348,3.2268,3.2278,21
2026-02-04 09:08:00,3.2233,3.2258,3.2233,3.2233,3.2283,3.2308,3.2283,3.2283,12
2026-02-04 09:09:00,3.2238,3.2238,3.2223,3.2223,3.2288,3.2288,3.2273,3.2273,4
2026-02-04 09:10:00,3.2233,3.2253,3.2233,3.2233,3.2283,3.2303,3.2283,3.2283,9
2026-02-04 09:11:00,3.2228,3.2233,3.2228,3.2228,3.2278,3.2283,3.2278,3.2278,3
2026-02-04 09:12:00,3.2223,3.2233,3.2223,3.2233,3.2273,3.2283,3.2273,3.2283,5
2026-02-04 09:13:00,3.2223,3.2228,3.2203,3.2208,3.2273,3.2278,3.2253,3.2258,11
2026-02-04 09:14:00,3.2213,3.2223,3.2183,3.2193,3.2263,3.2273,3.2233,3.2243,9
2026-02-04 09:15:00,3.2188,3.2188,3.2188,3.2188,3.2238,3.2238,3.2238,3.2238,1
2026-02-04 09:16:00,3.2183,3.2233,3.2183,3.2228,3.2233,3.2283,3.2233,3.2278,8
2026-02-04 09:17:00,3.2223,3.2263,3.2218,3.2238,3.2273,3.2313,3.2268,3.2288,13
2026-02-04 09:18:00,3.2243,3.2303,3.2243,3.2283,3.2293,3.2353,3.2293,3.2333,10
2026-02-04 09:19:00,3.2268,3.2283,3.2268,3.2273,3.2318,3.2333,3.2318,3.2323,8
2026-02-04 09:20:00,3.2268,3.2273,3.2263,3.2273,3.2318,3.2323,3.2313,3.2323,3
2026-02-04 09:21:00,3.2223,3.2228,3.2193,3.2228,3.2273,3.2278,3.2243,3.2278,17
2026-02-04 09:22:00,3.2223,3.2263,3.2223,3.2263,3.2273,3.2313,3.2273,3.2313,6
2026-02-04 09:23:00,3.2268,3.2283,3.2248,3.2263,3.2318,3.2333,3.2298,3.2313,12
2026-02-04 09:24:00,3.2258,3.2268,3.2253,3.2268,3.2308,3.2318,3.2303,3.2318,8
2026-02-04 09:25:00,3.2263,3.2283,3.2263,3.2283,3.2313,3.2333,3.2313,3.2333,4
2026-02-04 09:26:00,3.2273,3.2273,3.2213,3.2213,3.2323,3.2323,3.2263,3.2263,12
2026-02-04 09:27:00,3.2208,3.2223,3.2198,3.2223,3.2258,3.2273,3.2248,3.2273,8
2026-02-04 09:28:00,3.2228,3.2233,3.2213,3.2233,3.2278,3.2283,3.2263,3.2283,9
2026-02-04 09:29:00,3.2238,3.2238,3.2223,3.2223,3.2288,3.2288,3.2273,3.2273,5
2026-02-04 09:30:00,3.2228,3.2253,3.2213,3.2233,3.2278,3.2303,3.2263,3.2283,16
2026-02-04 09:31:00,3.2223,3.2243,3.2203,3.2208,3.2273,3.2293,3.2253,3.2258,16
2026-02-04 09:32:00,3.2213,3.2243,3.2213,3.2243,3.2263,3.2293,3.2263,3.2293,10
2026-02-04 09:33:00,3.2253,3.2343,3.2233,3.2343,3.2303,3.2393,3.2283,3.2393,18
2026-02-04 09:34:00,3.2338,3.2338,3.2323,3.2323,3.2388,3.2388,3.2373,3.2373,13
2026-02-04 09:35:00,3.2333,3.2343,3.2298,3.2323,3.2383,3.2393,3.2348,3.2373,13
2026-02-04 09:36:00,3.2318,3.2328,3.2313,3.2313,3.2368,3.2378,3.2363,3.2363,7
2026-02-04 09:37:00,3.2308,3.2318,3.2293,3.2303,3.2358,3.2368,3.2343,3.2353,9
2026-02-04 09:38:00,3.2308,3.2308,3.2263,3.2283,3.2358,3.2358,3.2313,3.2333,13
2026-02-04 09:39:00,3.2278,3.2283,3.2263,3.2278,3.2328,3.2333,3.2313,3.2328,8
2026-02-04 09:40:00,3.2258,3.2258,3.2233,3.2238,3.2308,3.2308,3.2283,3.2288,9
2026-02-04 09:41:00,3.2233,3.2233,3.2213,3.2223,3.2283,3.2283,3.2263,3.2273,8
2026-02-04 09:42:00,3.2233,3.2253,3.2233,3.2248,3.2283,3.2303,3.2283,3.2298,9
2026-02-04 09:43:00,3.2238,3.2238,3.2238,3.2238,3.2288,3.2288,3.2288,3.2288,1
2026-02-04 09:44:00,3.2243,3.2253,3.2243,3.2253,3.2293,3.2303,3.2293,3.2303,3
2026-02-04 09:45:00,3.2248,3.2288,3.2243,3.2288,3.2298,3.2338,3.2293,3.2338,11
2026-02-04 09:46:00,3.2283,3.2283,3.2228,3.2238,3.2333,3.2333,3.2278,3.2288,10
2026-02-04 09:47:00,3.2243,3.2283,3.2243,3.2278,3.2293,3.2333,3.2293,3.2328,12
2026-02-04 09:48:00,3.2273,3.2283,3.2268,3.2268,3.2323,3.2333,3.2318,3.2318,4
2026-02-04 09:49:00,3.2263,3.2288,3.2263,3.2288,3.2313,3.2338,3.2313,3.2338,11
2026-02-04 09:50:00,3.2283,3.2283,3.2243,3.2283,3.2333,3.2333,3.2293,3.2333,15
2026-02-04 09:51:00,3.2273,3.2293,3.2273,3.2288,3.2323,3.2343,3.2323,3.2338,5
2026-02-04 09:52:00,3.2283,3.2288,3.2273,3.2278,3.2333,3.2338,3.2323,3.2328,8
2026-02-04 09:53:00,3.2283,3.2313,3.2278,3.2303,3.2333,3.2363,3.2328,3.2353,7
2026-02-04 09:54:00,3.2293,3.2293,3.2258,3.2258,3.2343,3.2343,3.2308,3.2308,13
2026-02-04 09:55:00,3.2253,3.2263,3.2218,3.2218,3.2303,3.2313,3.2268,3.2268,10
2026-02-04 09:56:00,3.2228,3.2253,3.2228,3.2248,3.2278,3.2303,3.2278,3.2298,10
2026-02-04 09:57:00,3.2263,3.2273,3.2258,3.2258,3.2313,3.2323,3.2308,3.2308,6
2026-02-04 09:58:00,3.2253,3.2323,3.2253,3.2323,3.2303,3.2373,3.2303,3.2373,10
2026-02-04 09:59:00,3.2328,3.2333,3.2293,3.2308,3.2378,3.2383,3.2343,3.2358,20
2026-02-04 10:00:00,3.2313,3.2348,3.2313,3.2343,3.2363,3.2398,3.2363,3.2393,11
2026-02-04 10:01:00,3.2348,3.2408,3.2348,3.2398,3.2398,3.2458,3.2398,3.2448,17
2026-02-04 10:02:00,3.2403,3.2453,3.2393,3.2448,3.2453,3.2503,3.2443,3.2498,13
2026-02-04 10:03:00,3.2443,3.2463,3.2413,3.2423,3.2493,3.2513,3.2463,3.2473,21
2026-02-04 10:04:00,3.2418,3.2433,3.2418,3.2418,3.2468,3.2483,3.2468,3.2468,7
2026-02-04 10:05:00,3.2413,3.2423,3.2408,3.2418,3.2463,3.2473,3.2458,3.2468,8
2026-02-04 10:06:00,3.2413,3.2413,3.2393,3.2398,3.2463,3.2463,3.2443,3.2448,8
2026-02-04 10:07:00,3.2403,3.2403,3.2393,3.2393,3.2453,3.2453,3.2443,3.2443,3
2026-02-04 10:08:00,3.2383,3.2408,3.2353,3.2388,3.2433,3.2458,3.2403,3.2438,19
2026-02-04 10:09:00,3.2393,3.2393,3.2378,3.2378,3.2443,3.2443,3.2428,3.2428,5
2026-02-04 10:10:00,3.2388,3.2398,3.2353,3.2353,3.2438,3.2448,3.2403,3.2403,7
2026-02-04 10:11:00,3.2358,3.2358,3.2358,3.2358,3.2408,3.2408,3.2408,3.2408,1
2026-02-04 10:12:00,3.2348,3.2348,3.2293,3.2313,3.2398,3.2398,3.2343,3.2363,15
2026-02-04 10:13:00,3.2303,3.2318,3.2273,3.2273,3.2353,3.2368,3.2323,3.2323,9
2026-02-04 10:14:00,3.2268,3.2288,3.2263,3.2288,3.2318,3.2338,3.2313,3.2338,9
2026-02-04 10:15:00,3.2283,3.2318,3.2283,3.2318,3.2333,3.2368,3.2333,3.2368,10
2026-02-04 10:16:00,3.2308,3.2308,3.2293,3.2293,3.2358,3.2358,3.2343,3.2343,2
2026-02-04 10:17:00,3.2298,3.2308,3.2298,3.2308,3.2348,3.2358,3.2348,3.2358,5
2026-02-04 10:18:00,3.2313,3.2383,3.2283,3.2373,3.2363,3.2433,3.2333,3.2423,22
2026-02-04 10:19:00,3.2368,3.2368,3.2343,3.2343,3.2418,3.2418,3.2393,3.2393,4
2026-02-04 10:20:00,3.2353,3.2373,3.2343,3.2353,3.2403,3.2423,3.2393,3.2403,16
2026-02-04 10:21:00,3.2363,3.2428,3.2363,3.2428,3.2413,3.2478,3.2413,3.2478,8
2026-02-04 10:22:00,3.2433,3.2433,3.2368,3.2368,3.2483,3.2483,3.2418,3.2418,16
2026-02-04 10:23:00,3.2363,3.2363,3.2353,3.2363,3.2413,3.2413,3.2403,3.2413,5
2026-02-04 10:24:00,3.2353,3.2378,3.2353,3.2378,3.2403,3.2428,3.2403,3.2428,6
2026-02-04 10:25:00,3.2373,3.2388,3.2358,3.2368,3.2423,3.2438,3.2408,3.2418,9
2026-02-04 10:26:00,3.2348,3.2363,3.2318,3.2358,3.2398,3.2413,3.2368,3.2408,10
2026-02-04 10:28:00,3.2363,3.2363,3.2358,3.2358,3.2413,3.2413,3.2408,3.2408,2
2026-02-04 10:29:00,3.2363,3.2403,3.2338,3.2403,3.2413,3.2453,3.2388,3.2453,16
2026-02-04 10:30:00,3.2393,3.2433,3.2393,3.2423,3.2443,3.2483,3.2443,3.2473,13
2026-02-04 10:31:00,3.2433,3.2433,3.2403,3.2418,3.2483,3.2483,3.2453,3.2468,8
2026-02-04 10:32:00,3.2408,3.2408,3.2273,3.2363,3.2458,3.2458,3.2323,3.2413,42
2026-02-04 10:33:00,3.2368,3.2393,3.2363,3.2383,3.2418,3.2443,3.2413,3.2433,14
2026-02-04 10:34:00,3.2393,3.2408,3.2393,3.2408,3.2443,3.2458,3.2443,3.2458,4
2026-02-04 10:35:00,3.2398,3.2433,3.2393,3.2393,3.2448,3.2483,3.2443,3.2443,16
2026-02-04 10:36:00,3.2403,3.2463,3.2398,3.2423,3.2453,3.2513,3.2448,3.2473,19
2026-02-04 10:37:00,3.2433,3.2433,3.2408,3.2408,3.2483,3.2483,3.2458,3.2458,5
2026-02-04 10:38:00,3.2413,3.2443,3.2403,3.2408,3.2463,3.2493,3.2453,3.2458,15
2026-02-04 10:39:00,3.2423,3.2423,3.2413,3.2423,3.2473,3.2473,3.2463,3.2473,3
2026-02-04 10:40:00,3.2433,3.2498,3.2428,3.2458,3.2483,3.2548,3.2478,3.2508,18
2026-02-04 10:41:00,3.2483,3.2523,3.2483,3.2493,3.2533,3.2573,3.2533,3.2543,7
2026-02-04 10:42:00,3.2503,3.2563,3.2493,3.2503,3.2553,3.2613,3.2543,3.2553,29
2026-02-04 10:43:00,3.2498,3.2503,3.2478,3.2493,3.2548,3.2553,3.2528,3.2543,10
2026-02-04 10:44:00,3.2483,3.2493,3.2463,3.2468,3.2533,3.2543,3.2513,3.2518,10
2026-02-04 10:45:00,3.2473,3.2483,3.2453,3.2463,3.2523,3.2533,3.2503,3.2513,12
2026-02-04 10:46:00,3.2468,3.2468,3.2458,3.2458,3.2518,3.2518,3.2508,3.2508,2
2026-02-04 10:47:00,3.2453,3.2453,3.2453,3.2453,3.2503,3.2503,3.2503,3.2503,1
2026-02-04 10:48:00,3.2458,3.2493,3.2453,3.2493,3.2508,3.2543,3.2503,3.2543,10
2026-02-04 10:49:00,3.2483,3.2548,3.2483,3.2538,3.2533,3.2598,3.2533,3.2588,16
2026-02-04 10:50:00,3.2543,3.2573,3.2543,3.2543,3.2593,3.2623,3.2593,3.2593,18
2026-02-04 10:51:00,3.2533,3.2533,3.2488,3.2488,3.2583,3.2583,3.2538,3.2538,14
2026-02-04 10:52:00,3.2483,3.2483,3.2423,3.2453,3.2533,3.2533,3.2473,3.2503,15
2026-02-04 10:53:00,3.2448,3.2453,3.2438,3.2453,3.2498,3.2503,3.2488,3.2503,5
2026-02-04 10:54:00,3.2448,3.2453,3.2438,3.2438,3.2498,3.2503,3.2488,3.2488,8
2026-02-04 10:55:00,3.2448,3.2458,3.2433,3.2453,3.2498,3.2508,3.2483,3.2503,9
2026-02-04 10:56:00,3.2448,3.2493,3.2448,3.2493,3.2498,3.2543,3.2498,3.2543,11
2026-02-04 10:57:00,3.2498,3.2508,3.2498,3.2498,3.2548,3.2558,3.2548,3.2548,7
2026-02-04 10:58:00,3.2503,3.2533,3.2503,3.2533,3.2553,3.2583,3.2553,3.2583,5
2026-02-04 10:59:00,3.2538,3.2578,3.2528,3.2548,3.2588,3.2628,3.2578,3.2598,14
2026-02-04 11:00:00,3.2553,3.2553,3.2548,3.2548,3.2603,3.2603,3.2598,3.2598,2
2026-02-04 11:01:00,3.2553,3.2623,3.2553,3.2618,3.2603,3.2673,3.2603,3.2668,38
2026-02-04 11:02:00,3.2623,3.2643,3.2613,3.2633,3.2673,3.2693,3.2663,3.2683,14
2026-02-04 11:03:00,3.2628,3.2653,3.2568,3.2598,3.2678,3.2703,3.2618,3.2648,26
2026-02-04 11:04:00,3.2593,3.2593,3.2558,3.2563,3.2643,3.2643,3.2608,3.2613,5
2026-02-04 11:05:00,3.2558,3.2558,3.2538,3.2538,3.2608,3.2608,3.2588,3.2588,12
2026-02-04 11:06:00,3.2533,3.2533,3.2433,3.2503,3.2583,3.2583,3.2483,3.2553,33
2026-02-04 11:07:00,3.2498,3.2498,3.2483,3.2493,3.2548,3.2548,3.2533,3.2543,6
2026-02-04 11:08:00,3.2483,3.2483,3.2438,3.2458,3.2533,3.2533,3.2488,3.2508,8
2026-02-04 11:09:00,3.2448,3.2463,3.2373,3.2438,3.2498,3.2513,3.2423,3.2488,31
2026-02-04 11:10:00,3.2443,3.2463,3.2433,3.2438,3.2493,3.2513,3.2483,3.2488,14
2026-02-04 11:11:00,3.2423,3.2428,3.2403,3.2403,3.2473,3.2478,3.2453,3.2453,6
2026-02-04 11:12:00,3.2418,3.2423,3.2393,3.2398,3.2468,3.2473,3.2443,3.2448,10
2026-02-04 11:13:00,3.2388,3.2428,3.2388,3.2393,3.2438,3.2478,3.2438,3.2443,25
2026-02-04 11:14:00,3.2398,3.2443,3.2373,3.2383,3.2448,3.2493,3.2423,3.2433,15
2026-02-04 11:15:00,3.2393,3.2413,3.2383,3.2388,3.2443,3.2463,3.2433,3.2438,11
2026-02-04 11:16:00,3.2393,3.2428,3.2378,3.2418,3.2443,3.2478,3.2428,3.2468,12
2026-02-04 11:17:00,3.2408,3.2408,3.2398,3.2398,3.2458,3.2458,3.2448,3.2448,5
2026-02-04 11:18:00,3.2393,3.2413,3.2373,3.2413,3.2443,3.2463,3.2423,3.2463,8
2026-02-04 11:19:00,3.2418,3.2423,3.2403,3.2408,3.2468,3.2473,3.2453,3.2458,9
2026-02-04 11:20:00,3.2428,3.2483,3.2413,3.2443,3.2478,3.2533,3.2463,3.2493,20
2026-02-04 11:21:00,3.2438,3.2443,3.2438,3.2443,3.2488,3.2493,3.2488,3.2493,2
2026-02-04 11:22:00,3.2458,3.2478,3.2458,3.2478,3.2508,3.2528,3.2508,3.2528,2
2026-02-04 11:23:00,3.2493,3.2503,3.2463,3.2468,3.2543,3.2553,3.2513,3.2518,11
2026-02-04 11:24:00,3.2463,3.2493,3.2453,3.2483,3.2513,3.2543,3.2503,3.2533,8
2026-02-04 11:25:00,3.2473,3.2473,3.2433,3.2433,3.2523,3.2523,3.2483,3.2483,15
2026-02-04 11:26:00,3.2428,3.2453,3.2428,3.2443,3.2478,3.2503,3.2478,3.2493,10
2026-02-04 11:27:00,3.2448,3.2458,3.2443,3.2453,3.2498,3.2508,3.2493,3.2503,5
2026-02-04 11:28:00,3.2448,3.2448,3.2443,3.2443,3.2498,3.2498,3.2493,3.2493,2
2026-02-04 11:29:00,3.2433,3.2553,3.2423,3.2523,3.2483,3.2603,3.2473,3.2573,24
2026-02-04 11:30:00,3.2533,3.2573,3.2528,3.2553,3.2583,3.2623,3.2578,3.2603,16
2026-02-04 11:31:00,3.2538,3.2538,3.2518,3.2523,3.2588,3.2588,3.2568,3.2573,4
2026-02-04 11:32:00,3.2518,3.2523,3.2518,3.2523,3.2568,3.2573,3.2568,3.2573,4
2026-02-04 11:33:00,3.2518,3.2523,3.2513,3.2523,3.2568,3.2573,3.2563,3.2573,5
2026-02-04 11:34:00,3.2533,3.2543,3.2468,3.2483,3.2583,3.2593,3.2518,3.2533,14
2026-02-04 11:35:00,3.2488,3.2573,3.2488,3.2573,3.2538,3.2623,3.2538,3.2623,12
2026-02-04 11:36:00,3.2568,3.2648,3.2553,3.2648,3.2618,3.2698,3.2603,3.2698,27
2026-02-04 11:37:00,3.2658,3.2713,3.2658,3.2698,3.2708,3.2763,3.2708,3.2748,20
2026-02-04 11:38:00,3.2743,3.2753,3.2663,3.2698,3.2793,3.2803,3.2713,3.2748,33
2026-02-04 11:39:00,3.2693,3.2743,3.2693,3.2738,3.2743,3.2793,3.2743,3.2788,8
2026-02-04 11:40:00,3.2743,3.2773,3.2703,3.2773,3.2793,3.2823,3.2753,3.2823,23
2026-02-04 11:41:00,3.2768,3.2813,3.2768,3.2813,3.2818,3.2863,3.2818,3.2863,10
2026-02-04 11:42:00,3.2808,3.2813,3.2758,3.2793,3.2858,3.2863,3.2808,3.2843,16
2026-02-04 11:43:00,3.2788,3.2788,3.2763,3.2768,3.2838,3.2838,3.2813,3.2818,4
2026-02-04 11:44:00,3.2773,3.2783,3.2773,3.2778,3.2823,3.2833,3.2823,3.2828,3
2026-02-04 11:45:00,3.2783,3.2783,3.2743,3.2758,3.2833,3.2833,3.2793,3.2808,7
2026-02-04 11:46:00,3.2753,3.2753,3.2718,3.2718,3.2803,3.2803,3.2768,3.2768,8
2026-02-04 11:47:00,3.2728,3.2743,3.2703,3.2708,3.2778,3.2793,3.2753,3.2758,14
2026-02-04 11:48:00,3.2688,3.2773,3.2648,3.2773,3.2738,3.2823,3.2698,3.2823,17
2026-02-04 11:49:00,3.2763,3.2783,3.2763,3.2768,3.2813,3.2833,3.2813,3.2818,6
2026-02-04 11:50:00,3.2758,3.2768,3.2748,3.2768,3.2808,3.2818,3.2798,3.2818,6
2026-02-04 11:51:00,3.2788,3.2788,3.2663,3.2678,3.2838,3.2838,3.2713,3.2728,17
2026-02-04 11:52:00,3.2688,3.2698,3.2663,3.2663,3.2738,3.2748,3.2713,3.2713,6
2026-02-04 11:53:00,3.2668,3.2668,3.2633,3.2633,3.2718,3.2718,3.2683,3.2683,10
2026-02-04 11:54:00,3.2628,3.2638,3.2613,3.2638,3.2678,3.2688,3.2663,3.2688,4
2026-02-04 11:55:00,3.2628,3.2628,3.2623,3.2623,3.2678,3.2678,3.2673,3.2673,2
2026-02-04 11:56:00,3.2628,3.2683,3.2623,3.2683,3.2678,3.2733,3.2673,3.2733,12
2026-02-04 11:57:00,3.2673,3.2693,3.2673,3.2688,3.2723,3.2743,3.2723,3.2738,7
2026-02-04 11:58:00,3.2683,3.2683,3.2653,3.2663,3.2733,3.2733,3.2703,3.2713,6
2026-02-04 11:59:00,3.2653,3.2658,3.2653,3.2658,3.2703,3.2708,3.2703,3.2708,2
2026-02-04 12:00:00,3.2663,3.2738,3.2608,3.2738,3.2713,3.2788,3.2658,3.2788,23
2026-02-04 12:01:00,3.2748,3.2803,3.2748,3.2773,3.2798,3.2853,3.2798,3.2823,20
2026-02-04 12:02:00,3.2778,3.2783,3.2738,3.2778,3.2828,3.2833,3.2788,3.2828,15
2026-02-04 12:03:00,3.2773,3.2778,3.2728,3.2733,3.2823,3.2828,3.2778,3.2783,11
2026-02-04 12:04:00,3.2723,3.2733,3.2678,3.2703,3.2773,3.2783,3.2728,3.2753,20
2026-02-04 12:05:00,3.2698,3.2718,3.2698,3.2698,3.2748,3.2768,3.2748,3.2748,6
2026-02-04 12:06:00,3.2683,3.2733,3.2673,3.2733,3.2733,3.2783,3.2723,3.2783,16
2026-02-04 12:07:00,3.2748,3.2783,3.2748,3.2778,3.2798,3.2833,3.2798,3.2828,8
2026-02-04 12:08:00,3.2773,3.2823,3.2763,3.2813,3.2823,3.2873,3.2813,3.2863,16
2026-02-04 12:09:00,3.2823,3.2898,3.2818,3.2893,3.2873,3.2948,3.2868,3.2943,39
2026-02-04 12:10:00,3.2888,3.2913,3.2883,3.2898,3.2938,3.2963,3.2933,3.2948,9
2026-02-04 12:11:00,3.2893,3.2923,3.2893,3.2908,3.2943,3.2973,3.2943,3.2958,12
2026-02-04 12:12:00,3.2903,3.2968,3.2873,3.2948,3.2953,3.3018,3.2923,3.2998,34
2026-02-04 12:13:00,3.2953,3.3043,3.2943,3.3033,3.3003,3.3093,3.2993,3.3083,30
2026-02-04 12:14:00,3.3023,3.3023,3.2913,3.2928,3.3073,3.3073,3.2963,3.2978,35
2026-02-04 12:15:00,3.2933,3.2943,3.2913,3.2918,3.2983,3.2993,3.2963,3.2968,9
2026-02-04 12:16:00,3.2913,3.3008,3.2913,3.2958,3.2963,3.3058,3.2963,3.3008,26
2026-02-04 12:17:00,3.2953,3.2953,3.2898,3.2898,3.3003,3.3003,3.2948,3.2948,15
2026-02-04 12:18:00,3.2893,3.2943,3.2893,3.2923,3.2943,3.2993,3.2943,3.2973,11
2026-02-04 12:19:00,3.2928,3.2928,3.2918,3.2928,3.2978,3.2978,3.2968,3.2978,5
2026-02-04 12:20:00,3.2918,3.2923,3.2898,3.2913,3.2968,3.2973,3.2948,3.2963,10
2026-02-04 12:21:00,3.2918,3.3008,3.2918,3.2983,3.2968,3.3058,3.2968,3.3033,18
2026-02-04 12:22:00,3.2973,3.2973,3.2958,3.2958,3.3023,3.3023,3.3008,3.3008,7
2026-02-04 12:23:00,3.2973,3.3023,3.2963,3.2963,3.3023,3.3073,3.3013,3.3013,18
2026-02-04 12:24:00,3.2968,3.3003,3.2943,3.3003,3.3018,3.3053,3.2993,3.3053,17
2026-02-04 12:25:00,3.3008,3.3013,3.3003,3.3003,3.3058,3.3063,3.3053,3.3053,5
2026-02-04 12:26:00,3.2963,3.2988,3.2928,3.2988,3.3013,3.3038,3.2978,3.3038,15
2026-02-04 12:27:00,3.2993,3.3038,3.2988,3.3023,3.3043,3.3088,3.3038,3.3073,9
2026-02-04 12:28:00,3.3028,3.3133,3.3023,3.3053,3.3078,3.3183,3.3073,3.3103,33
2026-02-04 12:29:00,3.3048,3.3048,3.2963,3.3008,3.3098,3.3098,3.3013,3.3058,17
2026-02-04 12:30:00,3.2998,3.3058,3.2983,3.2998,3.3048,3.3108,3.3033,3.3048,22
2026-02-04 12:31:00,3.3003,3.3063,3.3003,3.3053,3.3053,3.3113,3.3053,3.3103,24
2026-02-04 12:32:00,3.3048,3.3073,3.3028,3.3053,3.3098,3.3123,3.3078,3.3103,19
2026-02-04 12:33:00,3.3058,3.3058,3.3013,3.3013,3.3108,3.3108,3.3063,3.3063,8
2026-02-04 12:34:00,3.3008,3.3008,3.2933,3.2973,3.3058,3.3058,3.2983,3.3023,23
2026-02-04 12:35:00,3.2963,3.2983,3.2953,3.2983,3.3013,3.3033,3.3003,3.3033,9
2026-02-04 12:36:00,3.2973,3.2973,3.2943,3.2948,3.3023,3.3023,3.2993,3.2998,12
2026-02-04 12:37:00,3.2953,3.2973,3.2953,3.2963,3.3003,3.3023,3.3003,3.3013,10
2026-02-04 12:38:00,3.2968,3.2988,3.2823,3.2883,3.3018,3.3038,3.2873,3.2933,36
2026-02-04 12:39:00,3.2878,3.2923,3.2873,3.2908,3.2928,3.2973,3.2923,3.2958,16
2026-02-04 12:40:00,3.2903,3.2988,3.2903,3.2963,3.2953,3.3038,3.2953,3.3013,13
2026-02-04 12:41:00,3.2953,3.2993,3.2813,3.2848,3.3003,3.3043,3.2863,3.2898,43
2026-02-04 12:42:00,3.2838,3.2843,3.2788,3.2843,3.2888,3.2893,3.2838,3.2893,12
2026-02-04 12:43:00,3.2838,3.2838,3.2828,3.2828,3.2888,3.2888,3.2878,3.2878,8
2026-02-04 12:44:00,3.2833,3.2893,3.2833,3.2888,3.2883,3.2943,3.2883,3.2938,14
2026-02-04 12:45:00,3.2898,3.2923,3.2873,3.2878,3.2948,3.2973,3.2923,3.2928,25
2026-02-04 12:46:00,3.2888,3.3008,3.2888,3.2988,3.2938,3.3058,3.2938,3.3038,9
2026-02-04 12:47:00,3.2978,3.3058,3.2823,3.2848,3.3028,3.3108,3.2873,3.2898,54
2026-02-04 12:48:00,3.2853,3.2853,3.2793,3.2793,3.2903,3.2903,3.2843,3.2843,22
2026-02-04 12:49:00,3.2788,3.2898,3.2733,3.2878,3.2838,3.2948,3.2783,3.2928,56
2026-02-04 12:50:00,3.2868,3.2923,3.2853,3.2888,3.2918,3.2973,3.2903,3.2938,24
2026-02-04 12:51:00,3.2883,3.3008,3.2853,3.2948,3.2933,3.3058,3.2903,3.2998,50
2026-02-04 12:52:00,3.2953,3.2973,3.2868,3.2933,3.3003,3.3023,3.2918,3.2983,33
2026-02-04 12:53:00,3.2918,3.2958,3.2918,3.2953,3.2968,3.3008,3.2968,3.3003,6
2026-02-04 12:54:00,3.2948,3.2983,3.2948,3.2953,3.2998,3.3033,3.2998,3.3003,18
2026-02-04 12:55:00,3.2958,3.2963,3.2903,3.2943,3.3008,3.3013,3.2953,3.2993,21
2026-02-04 12:56:00,3.2938,3.2958,3.2933,3.2938,3.2988,3.3008,3.2983,3.2988,12
2026-02-04 12:57:00,3.2943,3.2988,3.2883,3.2968,3.2993,3.3038,3.2933,3.3018,28
2026-02-04 12:58:00,3.2963,3.2963,3.2933,3.2938,3.3013,3.3013,3.2983,3.2988,7
2026-02-04 12:59:00,3.2933,3.3053,3.2933,3.3038,3.2983,3.3103,3.2983,3.3088,33
2026-02-04 13:00:00,3.3028,3.3028,3.2883,3.3013,3.3078,3.3078,3.2933,3.3063,49
2026-02-04 13:01:00,3.3003,3.3003,3.2958,3.2963,3.3053,3.3053,3.3008,3.3013,10
2026-02-04 13:02:00,3.2978,3.3183,3.2973,3.3138,3.3028,3.3233,3.3023,3.3188,40
2026-02-04 13:03:00,3.3133,3.3133,3.3023,3.3043,3.3183,3.3183,3.3073,3.3093,44
2026-02-04 13:04:00,3.3038,3.3038,3.2958,3.2958,3.3088,3.3088,3.3008,3.3008,38
2026-02-04 13:05:00,3.2953,3.2963,3.2938,3.2953,3.3003,3.3013,3.2988,3.3003,13
2026-02-04 13:06:00,3.2948,3.2968,3.2933,3.2933,3.2998,3.3018,3.2983,3.2983,9
2026-02-04 13:07:00,3.2938,3.2938,3.2928,3.2928,3.2988,3.2988,3.2978,3.2978,3
2026-02-04 13:08:00,3.2933,3.2953,3.2913,3.2928,3.2983,3.3003,3.2963,3.2978,19
2026-02-04 13:09:00,3.2933,3.3053,3.2933,3.3033,3.2983,3.3103,3.2983,3.3083,29
2026-02-04 13:10:00,3.3028,3.3063,3.3003,3.3063,3.3078,3.3113,3.3053,3.3113,14
2026-02-04 13:11:00,3.3068,3.3068,3.2943,3.2953,3.3118,3.3118,3.2993,3.3003,30
2026-02-04 13:12:00,3.2948,3.2948,3.2923,3.2923,3.2998,3.2998,3.2973,3.2973,12
2026-02-04 13:13:00,3.2913,3.2928,3.2868,3.2913,3.2963,3.2978,3.2918,3.2963,32
2026-02-04 13:14:00,3.2918,3.2918,3.2838,3.2843,3.2968,3.2968,3.2888,3.2893,32
2026-02-04 13:15:00,3.2833,3.2833,3.2778,3.2813,3.2883,3.2883,3.2828,3.2863,30
2026-02-04 13:16:00,3.2803,3.2813,3.2758,3.2798,3.2853,3.2863,3.2808,3.2848,33
2026-02-04 13:17:00,3.2788,3.2788,3.2693,3.2703,3.2838,3.2838,3.2743,3.2753,44
2026-02-04 13:18:00,3.2708,3.2713,3.2653,3.2668,3.2758,3.2763,3.2703,3.2718,23
2026-02-04 13:19:00,3.2663,3.2688,3.2613,3.2688,3.2713,3.2738,3.2663,3.2738,42
2026-02-04 13:20:00,3.2698,3.2733,3.2663,3.2708,3.2748,3.2783,3.2713,3.2758,46
2026-02-04 13:21:00,3.2703,3.2733,3.2703,3.2708,3.2753,3.2783,3.2753,3.2758,22
2026-02-04 13:22:00,3.2703,3.2703,3.2658,3.2673,3.2753,3.2753,3.2708,3.2723,12
2026-02-04 13:23:00,3.2678,3.2753,3.2618,3.2713,3.2728,3.2803,3.2668,3.2763,56
2026-02-04 13:24:00,3.2718,3.2778,3.2713,3.2713,3.2768,3.2828,3.2763,3.2763,40
2026-02-04 13:25:00,3.2703,3.2703,3.2653,3.2688,3.2753,3.2753,3.2703,3.2738,14
2026-02-04 13:26:00,3.2683,3.2703,3.2603,3.2613,3.2733,3.2753,3.2653,3.2663,38
2026-02-04 13:27:00,3.2618,3.2628,3.2593,3.2613,3.2668,3.2678,3.2643,3.2663,29
2026-02-04 13:28:00,3.2608,3.2633,3.2598,3.2628,3.2658,3.2683,3.2648,3.2678,15
2026-02-04 13:29:00,3.2638,3.2693,3.2638,3.2663,3.2688,3.2743,3.2688,3.2713,26
2026-02-04 13:30:00,3.2673,3.2688,3.2613,3.2623,3.2723,3.2738,3.2663,3.2673,28
2026-02-04 13:31:00,3.2628,3.2663,3.2628,3.2643,3.2678,3.2713,3.2678,3.2693,20
2026-02-04 13:32:00,3.2638,3.2718,3.2628,3.2643,3.2688,3.2768,3.2678,3.2693,37
2026-02-04 13:33:00,3.2648,3.2663,3.2608,3.2643,3.2698,3.2713,3.2658,3.2693,36
2026-02-04 13:34:00,3.2638,3.2743,3.2633,3.2728,3.2688,3.2793,3.2683,3.2778,39
2026-02-04 13:35:00,3.2733,3.2843,3.2723,3.2843,3.2783,3.2893,3.2773,3.2893,38
2026-02-04 13:36:00,3.2833,3.2983,3.2833,3.2933,3.2883,3.3033,3.2883,3.2983,54
2026-02-04 13:37:00,3.2928,3.2928,3.2863,3.2883,3.2978,3.2978,3.2913,3.2933,38
2026-02-04 13:38:00,3.2868,3.2878,3.2818,3.2823,3.2918,3.2928,3.2868,3.2873,23
2026-02-04 13:39:00,3.2833,3.2833,3.2743,3.2763,3.2883,3.2883,3.2793,3.2813,30
2026-02-04 13:40:00,3.2753,3.2798,3.2733,3.2793,3.2803,3.2848,3.2783,3.2843,18
2026-02-04 13:41:00,3.2798,3.2858,3.2798,3.2843,3.2848,3.2908,3.2848,3.2893,29
2026-02-04 13:42:00,3.2838,3.2843,3.2813,3.2833,3.2888,3.2893,3.2863,3.2883,21
2026-02-04 13:43:00,3.2838,3.2843,3.2743,3.2803,3.2888,3.2893,3.2793,3.2853,31
2026-02-04 13:44:00,3.2813,3.2908,3.2803,3.2908,3.2863,3.2958,3.2853,3.2958,30
2026-02-04 13:45:00,3.2913,3.2913,3.2873,3.2873,3.2963,3.2963,3.2923,3.2923,21
2026-02-04 13:46:00,3.2878,3.2883,3.2853,3.2863,3.2928,3.2933,3.2903,3.2913,18
2026-02-04 13:47:00,3.2873,3.2878,3.2843,3.2868,3.2923,3.2928,3.2893,3.2918,12
2026-02-04 13:48:00,3.2863,3.2888,3.2813,3.2838,3.2913,3.2938,3.2863,3.2888,22
2026-02-04 13:49:00,3.2833,3.2888,3.2833,3.2878,3.2883,3.2938,3.2883,3.2928,10
2026-02-04 13:50:00,3.2883,3.2948,3.2858,3.2938,3.2933,3.2998,3.2908,3.2988,29
2026-02-04 13:51:00,3.2943,3.2963,3.2878,3.2908,3.2993,3.3013,3.2928,3.2958,33
2026-02-04 13:52:00,3.2903,3.2908,3.2873,3.2873,3.2953,3.2958,3.2923,3.2923,18
2026-02-04 13:53:00,3.2868,3.2868,3.2788,3.2803,3.2918,3.2918,3.2838,3.2853,30
2026-02-04 13:54:00,3.2808,3.2823,3.2793,3.2813,3.2858,3.2873,3.2843,3.2863,37
2026-02-04 13:55:00,3.2823,3.2883,3.2823,3.2853,3.2873,3.2933,3.2873,3.2903,28
2026-02-04 13:56:00,3.2848,3.2853,3.2783,3.2803,3.2898,3.2903,3.2833,3.2853,21
2026-02-04 13:57:00,3.2813,3.2853,3.2798,3.2803,3.2863,3.2903,3.2848,3.2853,25
2026-02-04 13:58:00,3.2813,3.2843,3.2803,3.2813,3.2863,3.2893,3.2853,3.2863,25
2026-02-04 13:59:00,3.2808,3.2903,3.2793,3.2903,3.2858,3.2953,3.2843,3.2953,32
2026-02-04 14:00:00,3.2913,3.3038,3.2868,3.3033,3.2963,3.3088,3.2918,3.3083,65
2026-02-04 14:01:00,3.3028,3.3043,3.2963,3.3008,3.3078,3.3093,3.3013,3.3058,51
2026-02-04 14:02:00,3.3013,3.3063,3.2943,3.2958,3.3063,3.3113,3.2993,3.3008,47
2026-02-04 14:03:00,3.2973,3.3103,3.2958,3.3093,3.3023,3.3153,3.3008,3.3143,47
2026-02-04 14:04:00,3.3088,3.3093,3.2983,3.3023,3.3138,3.3143,3.3033,3.3073,52
2026-02-04 14:05:00,3.3028,3.3143,3.3023,3.3138,3.3078,3.3193,3.3073,3.3188,41
2026-02-04 14:06:00,3.3153,3.3153,3.3053,3.3058,3.3203,3.3203,3.3103,3.3108,40
2026-02-04 14:07:00,3.3063,3.3153,3.3058,3.3143,3.3113,3.3203,3.3108,3.3193,52
2026-02-04 14:08:00,3.3138,3.3173,3.3113,3.3168,3.3188,3.3223,3.3163,3.3218,32
2026-02-04 14:09:00,3.3173,3.3273,3.3163,3.3243,3.3223,3.3323,3.3213,3.3293,76
2026-02-04 14:10:00,3.3238,3.3238,3.3183,3.3193,3.3288,3.3288,3.3233,3.3243,39
2026-02-04 14:11:00,3.3183,3.3183,3.3023,3.3133,3.3233,3.3233,3.3073,3.3183,68
2026-02-04 14:12:00,3.3138,3.3183,3.3118,3.3163,3.3188,3.3233,3.3168,3.3213,22
2026-02-04 14:13:00,3.3168,3.3173,3.3093,3.3123,3.3218,3.3223,3.3143,3.3173,34
2026-02-04 14:14:00,3.3113,3.3123,3.3088,3.3088,3.3163,3.3173,3.3138,3.3138,23
2026-02-04 14:15:00,3.3093,3.3123,3.3003,3.3073,3.3143,3.3173,3.3053,3.3123,61
2026-02-04 14:16:00,3.3078,3.3123,3.3018,3.3118,3.3128,3.3173,3.3068,3.3168,53
2026-02-04 14:17:00,3.3128,3.3163,3.3108,3.3143,3.3178,3.3213,3.3158,3.3193,29
2026-02-04 14:18:00,3.3148,3.3148,3.3043,3.3078,3.3198,3.3198,3.3093,3.3128,30
2026-02-04 14:19:00,3.3068,3.3103,3.2888,3.2893,3.3118,3.3153,3.2938,3.2943,56
2026-02-04 14:20:00,3.2898,3.3083,3.2863,3.3083,3.2948,3.3133,3.2913,3.3133,79
2026-02-04 14:21:00,3.3098,3.3233,3.3093,3.3198,3.3148,3.3283,3.3143,3.3248,64
2026-02-04 14:22:00,3.3208,3.3263,3.3173,3.3208,3.3258,3.3313,3.3223,3.3258,41
2026-02-04 14:23:00,3.3218,3.3273,3.3203,3.3243,3.3268,3.3323,3.3253,3.3293,42
2026-02-04 14:24:00,3.3233,3.3288,3.3233,3.3273,3.3283,3.3338,3.3283,3.3323,32
2026-02-04 14:25:00,3.3263,3.3323,3.3253,3.3303,3.3313,3.3373,3.3303,3.3353,58
2026-02-04 14:26:00,3.3308,3.3333,3.3273,3.3278,3.3358,3.3383,3.3323,3.3328,70
2026-02-04 14:27:00,3.3273,3.3273,3.3163,3.3173,3.3323,3.3323,3.3213,3.3223,41
2026-02-04 14:28:00,3.3183,3.3218,3.3183,3.3208,3.3233,3.3268,3.3233,3.3258,29
2026-02-04 14:29:00,3.3203,3.3268,3.3203,3.3213,3.3253,3.3318,3.3253,3.3263,29
2026-02-04 14:30:00,3.3208,3.3213,3.3113,3.3118,3.3258,3.3263,3.3163,3.3168,47
2026-02-04 14:31:00,3.3123,3.3193,3.3093,3.3183,3.3173,3.3243,3.3143,3.3233,41
2026-02-04 14:32:00,3.3178,3.3178,3.3093,3.3123,3.3228,3.3228,3.3143,3.3173,39
2026-02-04 14:33:00,3.3128,3.3203,3.3128,3.3193,3.3178,3.3253,3.3178,3.3243,36
2026-02-04 14:34:00,3.3203,3.3213,3.3143,3.3148,3.3253,3.3263,3.3193,3.3198,31
2026-02-04 14:35:00,3.3163,3.3173,3.3103,3.3118,3.3213,3.3223,3.3153,3.3168,32
2026-02-04 14:36:00,3.3108,3.3118,3.3043,3.3103,3.3158,3.3168,3.3093,3.3153,45
2026-02-04 14:37:00,3.3098,3.3233,3.3083,3.3213,3.3148,3.3283,3.3133,3.3263,46
2026-02-04 14:38:00,3.3208,3.3233,3.3103,3.3113,3.3258,3.3283,3.3153,3.3163,38
2026-02-04 14:39:00,3.3108,3.3148,3.3098,3.3118,3.3158,3.3198,3.3148,3.3168,33
2026-02-04 14:40:00,3.3113,3.3118,3.3078,3.3103,3.3163,3.3168,3.3128,3.3153,32
2026-02-04 14:41:00,3.3078,3.3138,3.3073,3.3093,3.3128,3.3188,3.3123,3.3143,39
2026-02-04 14:42:00,3.3088,3.3148,3.3073,3.3073,3.3138,3.3198,3.3123,3.3123,26
2026-02-04 14:43:00,3.3078,3.3093,3.3013,3.3053,3.3128,3.3143,3.3063,3.3103,61
2026-02-04 14:44:00,3.3058,3.3113,3.3053,3.3063,3.3108,3.3163,3.3103,3.3113,44
2026-02-04 14:45:00,3.3058,3.3093,3.3013,3.3038,3.3108,3.3143,3.3063,3.3088,43
2026-02-04 14:46:00,3.3043,3.3093,3.3043,3.3063,3.3093,3.3143,3.3093,3.3113,38
2026-02-04 14:47:00,3.3058,3.3063,3.3018,3.3053,3.3108,3.3113,3.3068,3.3103,28
2026-02-04 14:48:00,3.3038,3.3053,3.2973,3.3003,3.3088,3.3103,3.3023,3.3053,34
2026-02-04 14:49:00,3.3008,3.3098,3.2993,3.3023,3.3058,3.3148,3.3043,3.3073,55
2026-02-04 14:50:00,3.3033,3.3118,3.3018,3.3113,3.3083,3.3168,3.3068,3.3163,58
2026-02-04 14:51:00,3.3108,3.3173,3.3013,3.3143,3.3158,3.3223,3.3063,3.3193,85
2026-02-04 14:52:00,3.3148,3.3203,3.3133,3.3173,3.3198,3.3253,3.3183,3.3223,34
2026-02-04 14:53:00,3.3178,3.3233,3.3173,3.3208,3.3228,3.3283,3.3223,3.3258,44
2026-02-04 14:54:00,3.3213,3.3258,3.3193,3.3198,3.3263,3.3308,3.3243,3.3248,35
2026-02-04 14:55:00,3.3208,3.3268,3.3203,3.3218,3.3258,3.3318,3.3253,3.3268,31
2026-02-04 14:56:00,3.3223,3.3253,3.3198,3.3223,3.3273,3.3303,3.3248,3.3273,38
2026-02-04 14:57:00,3.3233,3.3323,3.3193,3.3308,3.3283,3.3373,3.3243,3.3358,79
2026-02-04 14:58:00,3.3303,3.3363,3.3223,3.3353,3.3353,3.3413,3.3273,3.3403,102
2026-02-04 14:59:00,3.3363,3.3508,3.3343,3.3508,3.3413,3.3558,3.3393,3.3558,107
2026-02-04 15:00:00,3.3513,3.3593,3.3473,3.3553,3.3563,3.3643,3.3523,3.3603,219
2026-02-04 15:01:00,3.3538,3.3673,3.3508,3.3653,3.3588,3.3723,3.3558,3.3703,145
2026-02-04 15:02:00,3.3663,3.3723,3.3643,3.3673,3.3713,3.3773,3.3693,3.3723,121
2026-02-04 15:03:00,3.3678,3.3678,3.3603,3.3653,3.3728,3.3728,3.3653,3.3703,59
2026-02-04 15:04:00,3.3658,3.3673,3.3583,3.3603,3.3708,3.3723,3.3633,3.3653,40
2026-02-04 15:05:00,3.3598,3.3598,3.3463,3.3503,3.3648,3.3648,3.3513,3.3553,87
2026-02-04 15:06:00,3.3493,3.3573,3.3488,3.3488,3.3543,3.3623,3.3538,3.3538,44
2026-02-04 15:07:00,3.3498,3.3793,3.3473,3.3773,3.3548,3.3843,3.3523,3.3823,150
2026-02-04 15:08:00,3.3768,3.3808,3.3703,3.3733,3.3818,3.3858,3.3753,3.3783,62
2026-02-04 15:09:00,3.3748,3.3748,3.3643,3.3683,3.3798,3.3798,3.3693,3.3733,69
2026-02-04 15:10:00,3.3703,3.3743,3.3663,3.3713,3.3753,3.3793,3.3713,3.3763,52
2026-02-04 15:11:00,3.3718,3.3773,3.3673,3.3703,3.3768,3.3823,3.3723,3.3753,57
2026-02-04 15:12:00,3.3693,3.3763,3.3673,3.3748,3.3743,3.3813,3.3723,3.3798,56
2026-02-04 15:13:00,3.3753,3.3843,3.3748,3.3798,3.3803,3.3893,3.3798,3.3848,63
2026-02-04 15:14:00,3.3793,3.4073,3.3793,3.4053,3.3843,3.4123,3.3843,3.4103,180
2026-02-04 15:15:00,3.4048,3.4158,3.4008,3.4133,3.4098,3.4208,3.4058,3.4183,119
2026-02-04 15:16:00,3.4143,3.4143,3.4063,3.4113,3.4193,3.4193,3.4113,3.4163,91
2026-02-04 15:17:00,3.4118,3.4333,3.4088,3.4323,3.4168,3.4383,3.4138,3.4373,132
2026-02-04 15:18:00,3.4318,3.4403,3.4263,3.4398,3.4368,3.4453,3.4313,3.4448,158
2026-02-04 15:19:00,3.4393,3.4403,3.4243,3.4243,3.4443,3.4453,3.4293,3.4293,121
2026-02-04 15:20:00,3.4238,3.4318,3.4198,3.4263,3.4288,3.4368,3.4248,3.4313,103
2026-02-04 15:21:00,3.4268,3.4603,3.4223,3.4573,3.4318,3.4653,3.4273,3.4623,208
2026-02-04 15:22:00,3.4568,3.4633,3.4433,3.4443,3.4618,3.4683,3.4483,3.4493,158
2026-02-04 15:23:00,3.4448,3.4453,3.4313,3.4333,3.4498,3.4503,3.4363,3.4383,89
2026-02-04 15:24:00,3.4338,3.4538,3.4213,3.4503,3.4388,3.4588,3.4263,3.4553,193
2026-02-04 15:25:00,3.4508,3.4888,3.4493,3.4748,3.4558,3.4938,3.4543,3.4798,257
2026-02-04 15:26:00,3.4743,3.4768,3.4653,3.4753,3.4793,3.4818,3.4703,3.4803,150
2026-02-04 15:27:00,3.4758,3.4863,3.4703,3.4858,3.4808,3.4913,3.4753,3.4908,124
2026-02-04 15:28:00,3.4853,3.4883,3.4673,3.4693,3.4903,3.4933,3.4723,3.4743,115
2026-02-04 15:29:00,3.4698,3.4733,3.4483,3.4523,3.4748,3.4783,3.4533,3.4573,126
2026-02-04 15:30:00,3.4518,3.4543,3.4383,3.4403,3.4568,3.4593,3.4433,3.4453,141
2026-02-04 15:31:00,3.4408,3.4438,3.4123,3.4143,3.4458,3.4488,3.4173,3.4193,253
2026-02-04 15:32:00,3.4148,3.4273,3.4083,3.4163,3.4198,3.4323,3.4133,3.4213,148
2026-02-04 15:33:00,3.4173,3.4213,3.3988,3.4063,3.4223,3.4263,3.4038,3.4113,211
2026-02-04 15:34:00,3.4073,3.4093,3.3913,3.4093,3.4123,3.4143,3.3963,3.4143,184
2026-02-04 15:35:00,3.4088,3.4098,3.3933,3.3948,3.4138,3.4148,3.3983,3.3998,116
2026-02-04 15:36:00,3.3943,3.3968,3.3773,3.3783,3.3993,3.4018,3.3823,3.3833,131
2026-02-04 15:37:00,3.3788,3.3943,3.3783,3.3893,3.3838,3.3993,3.3833,3.3943,131
2026-02-04 15:38:00,3.3888,3.3968,3.3858,3.3963,3.3938,3.4018,3.3908,3.4013,109
2026-02-04 15:39:00,3.3958,3.3958,3.3653,3.3723,3.4008,3.4008,3.3703,3.3773,134
2026-02-04 15:40:00,3.3713,3.3878,3.3703,3.3828,3.3763,3.3928,3.3753,3.3878,92
2026-02-04 15:41:00,3.3833,3.3833,3.3663,3.3668,3.3883,3.3883,3.3713,3.3718,72
2026-02-04 15:42:00,3.3673,3.3883,3.3673,3.3863,3.3723,3.3933,3.3723,3.3913,102
2026-02-04 15:43:00,3.3858,3.3863,3.3793,3.3833,3.3908,3.3913,3.3843,3.3883,65
2026-02-04 15:44:00,3.3828,3.3843,3.3698,3.3723,3.3878,3.3893,3.3748,3.3773,73
2026-02-04 15:45:00,3.3713,3.3803,3.3693,3.3733,3.3763,3.3853,3.3743,3.3783,78
2026-02-04 15:46:00,3.3728,3.3853,3.3718,3.3813,3.3778,3.3903,3.3768,3.3863,71
2026-02-04 15:47:00,3.3808,3.3818,3.3673,3.3728,3.3858,3.3868,3.3723,3.3778,92
2026-02-04 15:48:00,3.3718,3.3718,3.3503,3.3553,3.3768,3.3768,3.3553,3.3603,152
2026-02-04 15:49:00,3.3558,3.3773,3.3553,3.3693,3.3608,3.3823,3.3603,3.3743,111
2026-02-04 15:50:00,3.3698,3.3753,3.3648,3.3683,3.3748,3.3803,3.3698,3.3733,83
2026-02-04 15:51:00,3.3673,3.3723,3.3633,3.3648,3.3723,3.3773,3.3683,3.3698,53
2026-02-04 15:52:00,3.3653,3.3813,3.3643,3.3813,3.3703,3.3863,3.3693,3.3863,86
2026-02-04 15:53:00,3.3808,3.3853,3.3793,3.3823,3.3858,3.3903,3.3843,3.3873,71
2026-02-04 15:54:00,3.3828,3.3843,3.3683,3.3698,3.3878,3.3893,3.3733,3.3748,71
2026-02-04 15:55:00,3.3693,3.3723,3.3643,3.3643,3.3743,3.3773,3.3693,3.3693,67
2026-02-04 15:56:00,3.3653,3.3753,3.3648,3.3678,3.3703,3.3803,3.3698,3.3728,69
2026-02-04 15:57:00,3.3673,3.3723,3.3658,3.3658,3.3723,3.3773,3.3708,3.3708,59
2026-02-04 15:58:00,3.3663,3.3733,3.3573,3.3703,3.3713,3.3783,3.3623,3.3753,74
2026-02-04 15:59:00,3.3693,3.3753,3.3693,3.3723,3.3743,3.3803,3.3743,3.3773,42
2026-02-04 16:00:00,3.3733,3.3783,3.3603,3.3643,3.3783,3.3833,3.3653,3.3693,90
2026-02-04 16:01:00,3.3638,3.3733,3.3598,3.3618,3.3688,3.3783,3.3648,3.3668,76
2026-02-04 16:02:00,3.3608,3.3633,3.3583,3.3593,3.3658,3.3683,3.3633,3.3643,71
2026-02-04 16:03:00,3.3583,3.3583,3.3513,3.3513,3.3633,3.3633,3.3563,3.3563,57
2026-02-04 16:04:00,3.3523,3.3573,3.3513,3.3538,3.3573,3.3623,3.3563,3.3588,62
2026-02-04 16:05:00,3.3543,3.3543,3.3303,3.3303,3.3593,3.3593,3.3353,3.3353,131
2026-02-04 16:06:00,3.3293,3.3493,3.3283,3.3488,3.3343,3.3543,3.3333,3.3538,101
2026-02-04 16:07:00,3.3483,3.3638,3.3463,3.3638,3.3533,3.3688,3.3513,3.3688,73
2026-02-04 16:08:00,3.3648,3.3743,3.3633,3.3703,3.3698,3.3793,3.3683,3.3753,67
2026-02-04 16:09:00,3.3708,3.3728,3.3588,3.3603,3.3758,3.3778,3.3638,3.3653,41
2026-02-04 16:10:00,3.3613,3.3653,3.3558,3.3643,3.3663,3.3703,3.3608,3.3693,57
2026-02-04 16:11:00,3.3633,3.3673,3.3618,3.3648,3.3683,3.3723,3.3668,3.3698,35
2026-02-04 16:12:00,3.3653,3.3743,3.3653,3.3713,3.3703,3.3793,3.3703,3.3763,32
2026-02-04 16:13:00,3.3708,3.3743,3.3668,3.3723,3.3758,3.3793,3.3718,3.3773,30
2026-02-04 16:14:00,3.3718,3.3728,3.3638,3.3703,3.3768,3.3778,3.3688,3.3753,69
2026-02-04 16:15:00,3.3708,3.3803,3.3708,3.3743,3.3758,3.3853,3.3758,3.3793,69
2026-02-04 16:16:00,3.3733,3.3813,3.3728,3.3803,3.3783,3.3863,3.3778,3.3853,42
2026-02-04 16:17:00,3.3788,3.3788,3.3703,3.3733,3.3838,3.3838,3.3753,3.3783,56
2026-02-04 16:18:00,3.3728,3.3848,3.3703,3.3848,3.3778,3.3898,3.3753,3.3898,58
2026-02-04 16:19:00,3.3833,3.3903,3.3748,3.3748,3.3883,3.3953,3.3798,3.3798,75
2026-02-04 16:20:00,3.3753,3.3803,3.3678,3.3733,3.3803,3.3853,3.3728,3.3783,68
2026-02-04 16:21:00,3.3728,3.3758,3.3693,3.3723,3.3778,3.3808,3.3743,3.3773,45
2026-02-04 16:22:00,3.3713,3.3718,3.3653,3.3653,3.3763,3.3768,3.3703,3.3703,36
2026-02-04 16:23:00,3.3648,3.3698,3.3603,3.3633,3.3698,3.3748,3.3653,3.3683,69
2026-02-04 16:24:00,3.3623,3.3808,3.3623,3.3803,3.3673,3.3858,3.3673,3.3853,62
2026-02-04 16:25:00,3.3798,3.3798,3.3733,3.3738,3.3848,3.3848,3.3783,3.3788,48
2026-02-04 16:26:00,3.3733,3.3793,3.3703,3.3773,3.3783,3.3843,3.3753,3.3823,33
2026-02-04 16:27:00,3.3778,3.3803,3.3763,3.3773,3.3828,3.3853,3.3813,3.3823,35
2026-02-04 16:28:00,3.3768,3.3913,3.3763,3.3873,3.3818,3.3963,3.3813,3.3923,69
2026-02-04 16:29:00,3.3883,3.3883,3.3753,3.3783,3.3933,3.3933,3.3803,3.3833,52
2026-02-04 16:30:00,3.3788,3.3808,3.3723,3.3748,3.3838,3.3858,3.3773,3.3798,77
2026-02-04 16:31:00,3.3743,3.3758,3.3668,3.3728,3.3793,3.3808,3.3718,3.3778,68
2026-02-04 16:32:00,3.3713,3.3713,3.3653,3.3688,3.3763,3.3763,3.3703,3.3738,55
2026-02-04 16:33:00,3.3693,3.3743,3.3663,3.3693,3.3743,3.3793,3.3713,3.3743,43
2026-02-04 16:34:00,3.3698,3.3753,3.3593,3.3598,3.3748,3.3803,3.3643,3.3648,61
2026-02-04 16:35:00,3.3603,3.3603,3.3483,3.3513,3.3653,3.3653,3.3533,3.3563,81
2026-02-04 16:36:00,3.3518,3.3518,3.3408,3.3413,3.3568,3.3568,3.3458,3.3463,71
2026-02-04 16:37:00,3.3403,3.3463,3.3368,3.3463,3.3453,3.3513,3.3418,3.3513,72
2026-02-04 16:38:00,3.3453,3.3503,3.3433,3.3463,3.3503,3.3553,3.3483,3.3513,29
2026-02-04 16:39:00,3.3458,3.3463,3.3338,3.3353,3.3508,3.3513,3.3388,3.3403,42
2026-02-04 16:40:00,3.3343,3.3553,3.3343,3.3538,3.3393,3.3603,3.3393,3.3588,66
2026-02-04 16:41:00,3.3543,3.3648,3.3543,3.3643,3.3593,3.3698,3.3593,3.3693,60
2026-02-04 16:42:00,3.3638,3.3723,3.3608,3.3683,3.3688,3.3773,3.3658,3.3733,55
2026-02-04 16:43:00,3.3678,3.3823,3.3668,3.3763,3.3728,3.3873,3.3718,3.3813,63
2026-02-04 16:44:00,3.3768,3.3803,3.3733,3.3798,3.3818,3.3853,3.3783,3.3848,66
2026-02-04 16:45:00,3.3803,3.3913,3.3778,3.3813,3.3853,3.3963,3.3828,3.3863,68
2026-02-04 16:46:00,3.3808,3.3823,3.3763,3.3773,3.3858,3.3873,3.3813,3.3823,39
2026-02-04 16:47:00,3.3783,3.3863,3.3763,3.3813,3.3833,3.3913,3.3813,3.3863,35
2026-02-04 16:48:00,3.3828,3.3858,3.3783,3.3793,3.3878,3.3908,3.3833,3.3843,38
2026-02-04 16:49:00,3.3803,3.3853,3.3803,3.3843,3.3853,3.3903,3.3853,3.3893,26
2026-02-04 16:50:00,3.3848,3.3918,3.3848,3.3908,3.3898,3.3968,3.3898,3.3958,42
2026-02-04 16:51:00,3.3903,3.4018,3.3833,3.3943,3.3953,3.4068,3.3883,3.3993,79
2026-02-04 16:52:00,3.3938,3.3953,3.3848,3.3848,3.3988,3.4003,3.3898,3.3898,52
2026-02-04 16:53:00,3.3843,3.3858,3.3703,3.3713,3.3893,3.3908,3.3753,3.3763,44
2026-02-04 16:54:00,3.3708,3.3733,3.3643,3.3733,3.3758,3.3783,3.3693,3.3783,66
2026-02-04 16:55:00,3.3723,3.3728,3.3638,3.3643,3.3773,3.3778,3.3688,3.3693,35
2026-02-04 16:56:00,3.3648,3.3933,3.3593,3.3933,3.3698,3.3983,3.3643,3.3983,107
2026-02-04 16:57:00,3.3923,3.3943,3.3913,3.3913,3.3973,3.3993,3.3963,3.3963,28
2026-02-04 16:58:00,3.3923,3.3993,3.3923,3.3973,3.3973,3.4043,3.3973,3.4023,39
2026-02-04 16:59:00,3.3963,3.4093,3.3963,3.4043,3.4013,3.4143,3.4013,3.4093,67
2026-02-04 17:00:00,3.4033,3.4043,3.3943,3.3958,3.4083,3.4093,3.3993,3.4008,48
2026-02-04 17:01:00,3.3963,3.4023,3.3893,3.4023,3.4013,3.4073,3.3943,3.4073,66
2026-02-04 17:02:00,3.4013,3.4013,3.3903,3.3968,3.4063,3.4063,3.3953,3.4018,67
2026-02-04 17:03:00,3.3973,3.4018,3.3898,3.3928,3.4023,3.4068,3.3948,3.3978,84
2026-02-04 17:04:00,3.3913,3.3933,3.3873,3.3893,3.3963,3.3983,3.3923,3.3943,46
2026-02-04 17:05:00,3.3903,3.3963,3.3878,3.3878,3.3953,3.4013,3.3928,3.3928,38
2026-02-04 17:06:00,3.3883,3.3983,3.3828,3.3938,3.3933,3.4033,3.3878,3.3988,87
2026-02-04 17:07:00,3.3958,3.3973,3.3903,3.3913,3.4008,3.4023,3.3953,3.3963,69
2026-02-04 17:08:00,3.3918,3.3923,3.3783,3.3813,3.3968,3.3973,3.3833,3.3863,55
2026-02-04 17:09:00,3.3818,3.3898,3.3818,3.3898,3.3868,3.3948,3.3868,3.3948,51
2026-02-04 17:10:00,3.3893,3.3903,3.3843,3.3873,3.3943,3.3953,3.3893,3.3923,48
2026-02-04 17:11:00,3.3878,3.3953,3.3773,3.3953,3.3928,3.4003,3.3823,3.4003,65
2026-02-04 17:12:00,3.3963,3.3988,3.3953,3.3988,3.4013,3.4038,3.4003,3.4038,46
2026-02-04 17:13:00,3.3983,3.4023,3.3943,3.3958,3.4033,3.4073,3.3993,3.4008,43
2026-02-04 17:14:00,3.3948,3.3958,3.3873,3.3893,3.3998,3.4008,3.3923,3.3943,75
2026-02-04 17:15:00,3.3888,3.3973,3.3888,3.3933,3.3938,3.4023,3.3938,3.3983,59
2026-02-04 17:16:00,3.3928,3.3938,3.3803,3.3828,3.3978,3.3988,3.3853,3.3878,60
2026-02-04 17:17:00,3.3833,3.3968,3.3833,3.3943,3.3883,3.4018,3.3883,3.3993,44
2026-02-04 17:18:00,3.3948,3.3993,3.3913,3.3948,3.3998,3.4043,3.3963,3.3998,53
2026-02-04 17:19:00,3.3943,3.3983,3.3913,3.3968,3.3993,3.4033,3.3963,3.4018,39
2026-02-04 17:20:00,3.3963,3.4073,3.3943,3.4068,3.4013,3.4123,3.3993,3.4118,54
2026-02-04 17:21:00,3.4063,3.4073,3.3968,3.4033,3.4113,3.4123,3.4018,3.4083,90
2026-02-04 17:22:00,3.4043,3.4078,3.4018,3.4053,3.4093,3.4128,3.4068,3.4103,44
2026-02-04 17:23:00,3.4048,3.4073,3.4013,3.4063,3.4098,3.4123,3.4063,3.4113,48
2026-02-04 17:24:00,3.4073,3.4093,3.4013,3.4043,3.4123,3.4143,3.4063,3.4093,47
2026-02-04 17:25:00,3.4053,3.4233,3.4043,3.4228,3.4103,3.4283,3.4093,3.4278,88
2026-02-04 17:26:00,3.4233,3.4273,3.4213,3.4228,3.4283,3.4323,3.4263,3.4278,61
2026-02-04 17:27:00,3.4238,3.4238,3.4173,3.4193,3.4288,3.4288,3.4223,3.4243,50
2026-02-04 17:28:00,3.4188,3.4203,3.4053,3.4058,3.4238,3.4253,3.4103,3.4108,65
2026-02-04 17:29:00,3.4063,3.4073,3.3993,3.4013,3.4113,3.4123,3.4043,3.4063,77
2026-02-04 17:30:00,3.4023,3.4143,3.4013,3.4123,3.4073,3.4193,3.4063,3.4173,59
2026-02-04 17:31:00,3.4113,3.4213,3.4093,3.4198,3.4163,3.4263,3.4143,3.4248,78
2026-02-04 17:32:00,3.4193,3.4203,3.4108,3.4113,3.4243,3.4253,3.4158,3.4163,45
2026-02-04 17:33:00,3.4123,3.4143,3.4083,3.4108,3.4173,3.4193,3.4133,3.4158,41
2026-02-04 17:34:00,3.4103,3.4103,3.4013,3.4018,3.4153,3.4153,3.4063,3.4068,45
2026-02-04 17:35:00,3.4013,3.4063,3.3963,3.4043,3.4063,3.4113,3.4013,3.4093,78
2026-02-04 17:36:00,3.4038,3.4123,3.4033,3.4118,3.4088,3.4173,3.4083,3.4168,35
2026-02-04 17:37:00,3.4113,3.4153,3.4053,3.4103,3.4163,3.4203,3.4103,3.4153,59
2026-02-04 17:38:00,3.4093,3.4223,3.4083,3.4198,3.4143,3.4273,3.4133,3.4248,77
2026-02-04 17:39:00,3.4193,3.4243,3.4163,3.4193,3.4243,3.4293,3.4213,3.4243,56
2026-02-04 17:40:00,3.4198,3.4253,3.4193,3.4233,3.4248,3.4303,3.4243,3.4283,44
2026-02-04 17:41:00,3.4238,3.4288,3.4193,3.4208,3.4288,3.4338,3.4243,3.4258,79
2026-02-04 17:42:00,3.4198,3.4223,3.4083,3.4103,3.4248,3.4273,3.4133,3.4153,56
2026-02-04 17:43:00,3.4108,3.4253,3.4108,3.4183,3.4158,3.4303,3.4158,3.4233,36
2026-02-04 17:44:00,3.4193,3.4193,3.4153,3.4163,3.4243,3.4243,3.4203,3.4213,29
2026-02-04 17:45:00,3.4168,3.4193,3.4103,3.4133,3.4218,3.4243,3.4153,3.4183,39
2026-02-04 17:46:00,3.4123,3.4193,3.4113,3.4158,3.4173,3.4243,3.4163,3.4208,65
2026-02-04 17:47:00,3.4163,3.4178,3.4103,3.4148,3.4213,3.4228,3.4153,3.4198,36
2026-02-04 17:48:00,3.4143,3.4143,3.4063,3.4063,3.4193,3.4193,3.4113,3.4113,48
2026-02-04 17:49:00,3.4068,3.4068,3.3993,3.4063,3.4118,3.4118,3.4043,3.4113,60
2026-02-04 17:50:00,3.4053,3.4153,3.4053,3.4148,3.4103,3.4203,3.4103,3.4198,48
2026-02-04 17:51:00,3.4143,3.4143,3.4033,3.4073,3.4193,3.4193,3.4083,3.4123,65
2026-02-04 17:52:00,3.4078,3.4103,3.4043,3.4053,3.4128,3.4153,3.4093,3.4103,26
2026-02-04 17:53:00,3.4058,3.4088,3.4043,3.4063,3.4108,3.4138,3.4093,3.4113,46
2026-02-04 17:54:00,3.4053,3.4143,3.4033,3.4118,3.4103,3.4193,3.4083,3.4168,53
2026-02-04 17:55:00,3.4123,3.4133,3.4103,3.4113,3.4173,3.4183,3.4153,3.4163,29
2026-02-04 17:56:00,3.4108,3.4143,3.4103,3.4133,3.4158,3.4193,3.4153,3.4183,20
2026-02-04 17:57:00,3.4138,3.4138,3.4063,3.4093,3.4188,3.4188,3.4113,3.4143,29
2026-02-04 17:58:00,3.4083,3.4113,3.4073,3.4103,3.4133,3.4163,3.4123,3.4153,31
2026-02-04 17:59:00,3.4093,3.4123,3.4088,3.4108,3.4143,3.4173,3.4138,3.4158,16
2026-02-04 18:00:00,3.4113,3.4148,3.4088,3.4103,3.4163,3.4198,3.4138,3.4153,33
2026-02-04 18:01:00,3.4093,3.4103,3.4043,3.4083,3.4143,3.4153,3.4093,3.4133,35
2026-02-04 18:02:00,3.4073,3.4098,3.4023,3.4023,3.4123,3.4148,3.4073,3.4073,48
2026-02-04 18:03:00,3.4018,3.4083,3.4013,3.4073,3.4068,3.4133,3.4063,3.4123,36
2026-02-04 18:04:00,3.4078,3.4143,3.4078,3.4093,3.4128,3.4193,3.4128,3.4143,44
2026-02-04 18:05:00,3.4098,3.4193,3.4098,3.4173,3.4148,3.4243,3.4148,3.4223,41
2026-02-04 18:06:00,3.4168,3.4193,3.4133,3.4173,3.4218,3.4243,3.4183,3.4223,28
2026-02-04 18:07:00,3.4183,3.4193,3.4118,3.4143,3.4233,3.4243,3.4168,3.4193,35
2026-02-04 18:08:00,3.4133,3.4148,3.3953,3.3973,3.4183,3.4198,3.4003,3.4023,57
2026-02-04 18:09:00,3.3983,3.4078,3.3923,3.4078,3.4033,3.4128,3.3973,3.4128,70
2026-02-04 18:10:00,3.4073,3.4108,3.3953,3.3973,3.4123,3.4158,3.4003,3.4023,49
2026-02-04 18:11:00,3.3968,3.4053,3.3933,3.4013,3.4018,3.4103,3.3983,3.4063,49
2026-02-04 18:12:00,3.4023,3.4063,3.3923,3.3933,3.4073,3.4113,3.3973,3.3983,58
2026-02-04 18:13:00,3.3938,3.3953,3.3803,3.3863,3.3988,3.4003,3.3853,3.3913,72
2026-02-04 18:14:00,3.3868,3.3893,3.3783,3.3783,3.3918,3.3943,3.3833,3.3833,57
2026-02-04 18:15:00,3.3788,3.3873,3.3763,3.3853,3.3838,3.3923,3.3813,3.3903,64
2026-02-04 18:16:00,3.3858,3.3873,3.3813,3.3823,3.3908,3.3923,3.3863,3.3873,45
2026-02-04 18:17:00,3.3828,3.3828,3.3733,3.3748,3.3878,3.3878,3.3783,3.3798,63
2026-02-04 18:18:00,3.3753,3.3803,3.3738,3.3763,3.3803,3.3853,3.3788,3.3813,34
2026-02-04 18:19:00,3.3768,3.3793,3.3743,3.3793,3.3818,3.3843,3.3793,3.3843,36
2026-02-04 18:20:00,3.3803,3.3928,3.3803,3.3928,3.3853,3.3978,3.3853,3.3978,50
2026-02-04 18:21:00,3.3923,3.3953,3.3913,3.3938,3.3973,3.4003,3.3963,3.3988,32
2026-02-04 18:22:00,3.3943,3.4013,3.3933,3.3993,3.3993,3.4063,3.3983,3.4043,29
2026-02-04 18:23:00,3.3998,3.4113,3.3998,3.4103,3.4048,3.4163,3.4048,3.4153,47
2026-02-04 18:24:00,3.4113,3.4123,3.4088,3.4123,3.4163,3.4173,3.4138,3.4173,26
2026-02-04 18:25:00,3.4113,3.4183,3.4103,3.4178,3.4163,3.4233,3.4153,3.4228,49
2026-02-04 18:26:00,3.4173,3.4228,3.4173,3.4198,3.4223,3.4278,3.4223,3.4248,51
2026-02-04 18:27:00,3.4208,3.4208,3.4153,3.4163,3.4258,3.4258,3.4203,3.4213,50
2026-02-04 18:28:00,3.4168,3.4173,3.4113,3.4143,3.4218,3.4223,3.4163,3.4193,56
2026-02-04 18:29:00,3.4138,3.4273,3.4133,3.4263,3.4188,3.4323,3.4183,3.4313,77
2026-02-04 18:30:00,3.4253,3.4338,3.4228,3.4258,3.4303,3.4388,3.4278,3.4308,105
2026-02-04 18:31:00,3.4263,3.4263,3.4163,3.4183,3.4313,3.4313,3.4213,3.4233,89
2026-02-04 18:32:00,3.4188,3.4303,3.4183,3.4223,3.4238,3.4353,3.4233,3.4273,76
2026-02-04 18:33:00,3.4213,3.4233,3.4173,3.4213,3.4263,3.4283,3.4223,3.4263,63
2026-02-04 18:34:00,3.4218,3.4233,3.4143,3.4208,3.4268,3.4283,3.4193,3.4258,56
2026-02-04 18:35:00,3.4213,3.4253,3.4173,3.4173,3.4263,3.4303,3.4223,3.4223,54
2026-02-04 18:36:00,3.4163,3.4203,3.4133,3.4198,3.4213,3.4253,3.4183,3.4248,55
2026-02-04 18:37:00,3.4193,3.4203,3.4143,3.4173,3.4243,3.4253,3.4193,3.4223,43
2026-02-04 18:38:00,3.4183,3.4193,3.4123,3.4133,3.4233,3.4243,3.4173,3.4183,61
2026-02-04 18:39:00,3.4123,3.4173,3.4113,3.4128,3.4173,3.4223,3.4163,3.4178,57
2026-02-04 18:40:00,3.4123,3.4163,3.4073,3.4158,3.4173,3.4213,3.4123,3.4208,57
2026-02-04 18:41:00,3.4168,3.4173,3.4123,3.4128,3.4218,3.4223,3.4173,3.4178,48
2026-02-04 18:42:00,3.4123,3.4208,3.4123,3.4153,3.4173,3.4258,3.4173,3.4203,52
2026-02-04 18:43:00,3.4148,3.4203,3.4083,3.4203,3.4198,3.4253,3.4133,3.4253,54
2026-02-04 18:44:00,3.4198,3.4353,3.4198,3.4328,3.4248,3.4403,3.4248,3.4378,95
2026-02-04 18:45:00,3.4333,3.4373,3.4313,3.4353,3.4383,3.4423,3.4363,3.4403,56
2026-02-04 18:46:00,3.4368,3.4403,3.4353,3.4388,3.4418,3.4453,3.4403,3.4438,62
2026-02-04 18:47:00,3.4403,3.4413,3.4373,3.4393,3.4453,3.4463,3.4423,3.4443,34
2026-02-04 18:48:00,3.4388,3.4468,3.4363,3.4453,3.4438,3.4518,3.4413,3.4503,83
2026-02-04 18:49:00,3.4443,3.4493,3.4423,3.4453,3.4493,3.4543,3.4473,3.4503,76
2026-02-04 18:50:00,3.4463,3.4473,3.4413,3.4473,3.4513,3.4523,3.4463,3.4523,57
2026-02-04 18:51:00,3.4463,3.4503,3.4438,3.4478,3.4513,3.4553,3.4488,3.4528,44
2026-02-04 18:52:00,3.4483,3.4483,3.4403,3.4418,3.4533,3.4533,3.4453,3.4468,66
2026-02-04 18:53:00,3.4408,3.4433,3.4353,3.4368,3.4458,3.4483,3.4403,3.4418,44
2026-02-04 18:54:00,3.4363,3.4373,3.4318,3.4368,3.4413,3.4423,3.4368,3.4418,58
2026-02-04 18:55:00,3.4373,3.4383,3.4273,3.4293,3.4423,3.4433,3.4323,3.4343,68
2026-02-04 18:56:00,3.4303,3.4348,3.4293,3.4323,3.4353,3.4398,3.4343,3.4373,57
2026-02-04 18:57:00,3.4328,3.4343,3.4283,3.4308,3.4378,3.4393,3.4333,3.4358,53
2026-02-04 18:58:00,3.4313,3.4328,3.4233,3.4273,3.4363,3.4378,3.4283,3.4323,49
2026-02-04 18:59:00,3.4278,3.4278,3.4193,3.4233,3.4328,3.4328,3.4243,3.4283,42
2026-02-04 19:00:00,3.4243,3.4303,3.4203,3.4283,3.4293,3.4353,3.4253,3.4333,59
2026-02-04 19:01:00,3.4273,3.4303,3.4203,3.4293,3.4323,3.4353,3.4253,3.4343,36
2026-02-04 19:02:00,3.4303,3.4358,3.4278,3.4343,3.4353,3.4408,3.4328,3.4393,45
2026-02-04 19:03:00,3.4338,3.4343,3.4263,3.4273,3.4388,3.4393,3.4313,3.4323,40
2026-02-04 19:04:00,3.4278,3.4283,3.4223,3.4248,3.4328,3.4333,3.4273,3.4298,32
2026-02-04 19:05:00,3.4253,3.4313,3.4248,3.4283,3.4303,3.4363,3.4298,3.4333,57
2026-02-04 19:06:00,3.4288,3.4313,3.4223,3.4273,3.4338,3.4363,3.4273,3.4323,48
2026-02-04 19:07:00,3.4263,3.4293,3.4213,3.4253,3.4313,3.4343,3.4263,3.4303,47
2026-02-04 19:08:00,3.4258,3.4278,3.4228,3.4233,3.4308,3.4328,3.4278,3.4283,39
2026-02-04 19:09:00,3.4243,3.4263,3.4238,3.4248,3.4293,3.4313,3.4288,3.4298,29
2026-02-04 19:10:00,3.4243,3.4283,3.4233,3.4273,3.4293,3.4333,3.4283,3.4323,41
2026-02-04 19:11:00,3.4263,3.4293,3.4243,3.4243,3.4313,3.4343,3.4293,3.4293,25
2026-02-04 19:12:00,3.4233,3.4283,3.4233,3.4268,3.4283,3.4333,3.4283,3.4318,32
2026-02-04 19:13:00,3.4273,3.4288,3.4233,3.4243,3.4323,3.4338,3.4283,3.4293,19
2026-02-04 19:14:00,3.4238,3.4243,3.4183,3.4243,3.4288,3.4293,3.4233,3.4293,33
2026-02-04 19:15:00,3.4248,3.4288,3.4233,3.4253,3.4298,3.4338,3.4283,3.4303,43
2026-02-04 19:16:00,3.4248,3.4263,3.4223,3.4253,3.4298,3.4313,3.4273,3.4303,33
2026-02-04 19:17:00,3.4243,3.4263,3.4123,3.4153,3.4293,3.4313,3.4173,3.4203,61
2026-02-04 19:18:00,3.4148,3.4163,3.4113,3.4148,3.4198,3.4213,3.4163,3.4198,34
2026-02-04 19:19:00,3.4153,3.4163,3.4103,3.4113,3.4203,3.4213,3.4153,3.4163,58
2026-02-04 19:20:00,3.4123,3.4188,3.4103,3.4153,3.4173,3.4238,3.4153,3.4203,50
2026-02-04 19:21:00,3.4158,3.4183,3.4113,3.4183,3.4208,3.4233,3.4163,3.4233,35
2026-02-04 19:22:00,3.4188,3.4243,3.4173,3.4213,3.4238,3.4293,3.4223,3.4263,45
2026-02-04 19:23:00,3.4223,3.4273,3.4213,3.4263,3.4273,3.4323,3.4263,3.4313,17
2026-02-04 19:24:00,3.4253,3.4283,3.4128,3.4153,3.4303,3.4333,3.4178,3.4203,60
2026-02-04 19:25:00,3.4143,3.4153,3.4093,3.4128,3.4193,3.4203,3.4143,3.4178,53
2026-02-04 19:26:00,3.4143,3.4148,3.4043,3.4093,3.4193,3.4198,3.4093,3.4143,62
2026-02-04 19:27:00,3.4103,3.4163,3.4083,3.4163,3.4153,3.4213,3.4133,3.4213,55
2026-02-04 19:28:00,3.4148,3.4193,3.4123,3.4143,3.4198,3.4243,3.4173,3.4193,48
2026-02-04 19:29:00,3.4153,3.4183,3.4088,3.4093,3.4203,3.4233,3.4138,3.4143,56
2026-02-04 19:30:00,3.4088,3.4123,3.4063,3.4083,3.4138,3.4173,3.4113,3.4133,29
2026-02-04 19:31:00,3.4073,3.4088,3.4013,3.4088,3.4123,3.4138,3.4063,3.4138,27
2026-02-04 19:32:00,3.4098,3.4143,3.4083,3.4088,3.4148,3.4193,3.4133,3.4138,39
2026-02-04 19:33:00,3.4093,3.4113,3.4023,3.4043,3.4143,3.4163,3.4073,3.4093,29
2026-02-04 19:34:00,3.4053,3.4078,3.4023,3.4068,3.4103,3.4128,3.4073,3.4118,26
2026-02-04 19:35:00,3.4078,3.4098,3.4073,3.4073,3.4128,3.4148,3.4123,3.4123,12
2026-02-04 19:36:00,3.4083,3.4123,3.4053,3.4113,3.4133,3.4173,3.4103,3.4163,55
2026-02-04 19:37:00,3.4118,3.4203,3.4118,3.4203,3.4168,3.4253,3.4168,3.4253,34
2026-02-04 19:38:00,3.4193,3.4223,3.4173,3.4203,3.4243,3.4273,3.4223,3.4253,30
2026-02-04 19:39:00,3.4213,3.4223,3.4003,3.4023,3.4263,3.4273,3.4053,3.4073,73
2026-02-04 19:40:00,3.4013,3.4013,3.3853,3.3903,3.4063,3.4063,3.3903,3.3953,130
2026-02-04 19:41:00,3.3908,3.3953,3.3873,3.3953,3.3958,3.4003,3.3923,3.4003,57
2026-02-04 19:42:00,3.3943,3.3993,3.3913,3.3958,3.3993,3.4043,3.3963,3.4008,52
2026-02-04 19:43:00,3.3963,3.3963,3.3898,3.3898,3.4013,3.4013,3.3948,3.3948,44
2026-02-04 19:44:00,3.3893,3.3943,3.3878,3.3943,3.3943,3.3993,3.3928,3.3993,38
2026-02-04 19:45:00,3.3938,3.3948,3.3893,3.3913,3.3988,3.3998,3.3943,3.3963,41
2026-02-04 19:46:00,3.3903,3.3958,3.3893,3.3958,3.3953,3.4008,3.3943,3.4008,23
2026-02-04 19:47:00,3.3963,3.3998,3.3953,3.3968,3.4013,3.4048,3.4003,3.4018,31
2026-02-04 19:48:00,3.3963,3.3983,3.3943,3.3983,3.4013,3.4033,3.3993,3.4033,21
2026-02-04 19:49:00,3.3978,3.4073,3.3978,3.4053,3.4028,3.4123,3.4028,3.4103,40
2026-02-04 19:50:00,3.4048,3.4148,3.4048,3.4143,3.4098,3.4198,3.4098,3.4193,41
2026-02-04 19:51:00,3.4153,3.4183,3.4133,3.4183,3.4203,3.4233,3.4183,3.4233,21
2026-02-04 19:52:00,3.4178,3.4193,3.4163,3.4178,3.4228,3.4243,3.4213,3.4228,20
2026-02-04 19:53:00,3.4183,3.4183,3.4133,3.4153,3.4233,3.4233,3.4183,3.4203,22
2026-02-04 19:54:00,3.4148,3.4178,3.4143,3.4163,3.4198,3.4228,3.4193,3.4213,21
2026-02-04 19:55:00,3.4168,3.4193,3.4138,3.4163,3.4218,3.4243,3.4188,3.4213,39
2026-02-04 19:56:00,3.4153,3.4173,3.4118,3.4173,3.4203,3.4223,3.4168,3.4223,34
2026-02-04 19:57:00,3.4178,3.4183,3.4113,3.4123,3.4228,3.4233,3.4163,3.4173,23
2026-02-04 19:58:00,3.4128,3.4158,3.4123,3.4143,3.4178,3.4208,3.4173,3.4193,25
2026-02-04 19:59:00,3.4138,3.4143,3.4103,3.4123,3.4188,3.4193,3.4153,3.4173,23
2026-02-04 20:00:00,3.4118,3.4123,3.3993,3.3993,3.4168,3.4173,3.4043,3.4043,48
2026-02-04 20:01:00,3.3988,3.3988,3.3933,3.3933,3.4038,3.4038,3.3983,3.3983,38
2026-02-04 20:02:00,3.3928,3.3938,3.3893,3.3908,3.3978,3.3988,3.3943,3.3958,28
2026-02-04 20:03:00,3.3913,3.3913,3.3848,3.3858,3.3963,3.3963,3.3898,3.3908,59
2026-02-04 20:04:00,3.3863,3.4003,3.3858,3.3888,3.3913,3.4053,3.3908,3.3938,57
2026-02-04 20:05:00,3.3883,3.3943,3.3873,3.3923,3.3933,3.3993,3.3923,3.3973,40
2026-02-04 20:06:00,3.3928,3.3963,3.3928,3.3958,3.3978,3.4013,3.3978,3.4008,38
2026-02-04 20:07:00,3.3953,3.3963,3.3913,3.3923,3.4003,3.4013,3.3963,3.3973,30
2026-02-04 20:08:00,3.3913,3.3953,3.3913,3.3913,3.3963,3.4003,3.3963,3.3963,40
2026-02-04 20:09:00,3.3903,3.3923,3.3878,3.3878,3.3953,3.3973,3.3928,3.3928,16
2026-02-04 20:10:00,3.3873,3.4013,3.3863,3.4003,3.3923,3.4063,3.3913,3.4053,43
2026-02-04 20:11:00,3.4013,3.4073,3.3988,3.4063,3.4063,3.4123,3.4038,3.4113,44
2026-02-04 20:12:00,3.4058,3.4078,3.4053,3.4063,3.4108,3.4128,3.4103,3.4113,33
2026-02-04 20:13:00,3.4058,3.4173,3.4053,3.4153,3.4108,3.4223,3.4103,3.4203,80
2026-02-04 20:14:00,3.4163,3.4163,3.4073,3.4078,3.4213,3.4213,3.4123,3.4128,39
2026-02-04 20:15:00,3.4083,3.4123,3.4073,3.4083,3.4133,3.4173,3.4123,3.4133,38
2026-02-04 20:16:00,3.4088,3.4098,3.4048,3.4048,3.4138,3.4148,3.4098,3.4098,38
2026-02-04 20:17:00,3.4058,3.4063,3.4033,3.4043,3.4108,3.4113,3.4083,3.4093,33
2026-02-04 20:18:00,3.4048,3.4063,3.4023,3.4043,3.4098,3.4113,3.4073,3.4093,40
2026-02-04 20:19:00,3.4048,3.4148,3.4023,3.4078,3.4098,3.4198,3.4073,3.4128,66
2026-02-04 20:20:00,3.4088,3.4113,3.4063,3.4073,3.4138,3.4163,3.4113,3.4123,23
2026-02-04 20:21:00,3.4068,3.4113,3.4048,3.4093,3.4118,3.4163,3.4098,3.4143,37
2026-02-04 20:22:00,3.4103,3.4103,3.4073,3.4073,3.4153,3.4153,3.4123,3.4123,30
2026-02-04 20:23:00,3.4078,3.4148,3.4043,3.4093,3.4128,3.4198,3.4093,3.4143,70
2026-02-04 20:24:00,3.4098,3.4113,3.4053,3.4073,3.4148,3.4163,3.4103,3.4123,37
2026-02-04 20:25:00,3.4083,3.4178,3.4083,3.4168,3.4133,3.4228,3.4133,3.4218,55
2026-02-04 20:26:00,3.4158,3.4163,3.4113,3.4163,3.4208,3.4213,3.4163,3.4213,62
2026-02-04 20:27:00,3.4153,3.4223,3.4103,3.4123,3.4203,3.4273,3.4153,3.4173,99
2026-02-04 20:28:00,3.4113,3.4163,3.4003,3.4093,3.4163,3.4213,3.4053,3.4143,306
2026-02-04 20:29:00,3.4083,3.4093,3.4043,3.4053,3.4133,3.4143,3.4093,3.4103,83
2026-02-04 20:30:00,3.4058,3.4063,3.3998,3.3998,3.4108,3.4113,3.4048,3.4048,32
2026-02-04 20:31:00,3.4013,3.4123,3.4003,3.4083,3.4063,3.4173,3.4053,3.4133,43
2026-02-04 20:32:00,3.4078,3.4118,3.4053,3.4113,3.4128,3.4168,3.4103,3.4163,39
2026-02-04 20:33:00,3.4123,3.4223,3.4123,3.4213,3.4173,3.4273,3.4173,3.4263,34
2026-02-04 20:34:00,3.4218,3.4273,3.4218,3.4258,3.4268,3.4323,3.4268,3.4308,49
2026-02-04 20:35:00,3.4253,3.4343,3.4253,3.4333,3.4303,3.4393,3.4303,3.4383,33
2026-02-04 20:36:00,3.4338,3.4338,3.4303,3.4323,3.4388,3.4388,3.4353,3.4373,19
2026-02-04 20:37:00,3.4333,3.4358,3.4313,3.4353,3.4383,3.4408,3.4363,3.4403,15
2026-02-04 20:38:00,3.4358,3.4358,3.4273,3.4278,3.4408,3.4408,3.4323,3.4328,20
2026-02-04 20:39:00,3.4283,3.4293,3.4273,3.4288,3.4333,3.4343,3.4323,3.4338,9
2026-02-04 20:40:00,3.4293,3.4303,3.4213,3.4223,3.4343,3.4353,3.4263,3.4273,29
2026-02-04 20:41:00,3.4233,3.4238,3.4193,3.4223,3.4283,3.4288,3.4243,3.4273,32
2026-02-04 20:42:00,3.4228,3.4253,3.4228,3.4253,3.4278,3.4303,3.4278,3.4303,11
2026-02-04 20:43:00,3.4248,3.4278,3.4233,3.4248,3.4298,3.4328,3.4283,3.4298,19
2026-02-04 20:44:00,3.4238,3.4253,3.4203,3.4213,3.4288,3.4303,3.4253,3.4263,22
2026-02-04 20:45:00,3.4203,3.4268,3.4203,3.4268,3.4253,3.4318,3.4253,3.4318,15
2026-02-04 20:46:00,3.4263,3.4263,3.4193,3.4213,3.4313,3.4313,3.4243,3.4263,22
2026-02-04 20:47:00,3.4223,3.4228,3.4143,3.4208,3.4273,3.4278,3.4193,3.4258,38
2026-02-04 20:48:00,3.4213,3.4228,3.4163,3.4173,3.4263,3.4278,3.4213,3.4223,34
2026-02-04 20:49:00,3.4163,3.4178,3.4133,3.4163,3.4213,3.4228,3.4183,3.4213,19
2026-02-04 20:50:00,3.4168,3.4193,3.4153,3.4178,3.4218,3.4243,3.4203,3.4228,22
2026-02-04 20:51:00,3.4173,3.4208,3.4163,3.4203,3.4223,3.4258,3.4213,3.4253,27
2026-02-04 20:52:00,3.4193,3.4223,3.4173,3.4178,3.4243,3.4273,3.4223,3.4228,21
2026-02-04 20:53:00,3.4183,3.4193,3.4153,3.4173,3.4233,3.4243,3.4203,3.4223,19
2026-02-04 20:54:00,3.4178,3.4183,3.4163,3.4178,3.4228,3.4233,3.4213,3.4228,7
2026-02-04 20:55:00,3.4203,3.4218,3.4198,3.4203,3.4253,3.4268,3.4248,3.4253,9
2026-02-04 20:56:00,3.4208,3.4243,3.4208,3.4243,3.4258,3.4293,3.4258,3.4293,12
2026-02-04 20:57:00,3.4233,3.4243,3.4193,3.4193,3.4283,3.4293,3.4243,3.4243,13
2026-02-04 20:58:00,3.4198,3.4238,3.4193,3.4228,3.4248,3.4288,3.4243,3.4278,10
2026-02-04 20:59:00,3.4223,3.4223,3.4168,3.4173,3.4273,3.4273,3.4218,3.4223,15
2026-02-04 21:00:00,3.4163,3.4163,3.4113,3.4143,3.4213,3.4213,3.4163,3.4193,27
2026-02-04 21:01:00,3.4138,3.4173,3.4133,3.4153,3.4188,3.4223,3.4183,3.4203,17
2026-02-04 21:02:00,3.4163,3.4173,3.4138,3.4163,3.4213,3.4223,3.4188,3.4213,19
2026-02-04 21:03:00,3.4153,3.4163,3.4138,3.4153,3.4203,3.4213,3.4188,3.4203,7
2026-02-04 21:04:00,3.4148,3.4158,3.4133,3.4153,3.4198,3.4208,3.4183,3.4203,18
2026-02-04 21:05:00,3.4158,3.4163,3.4148,3.4153,3.4208,3.4213,3.4198,3.4203,10
2026-02-04 21:06:00,3.4148,3.4153,3.4133,3.4143,3.4198,3.4203,3.4183,3.4193,14
2026-02-04 21:07:00,3.4133,3.4163,3.4123,3.4148,3.4183,3.4213,3.4173,3.4198,28
2026-02-04 21:08:00,3.4143,3.4158,3.4138,3.4148,3.4193,3.4208,3.4188,3.4198,15
2026-02-04 21:09:00,3.4143,3.4173,3.4133,3.4163,3.4193,3.4223,3.4183,3.4213,15
2026-02-04 21:10:00,3.4168,3.4213,3.4168,3.4208,3.4218,3.4263,3.4218,3.4258,9
2026-02-04 21:11:00,3.4203,3.4223,3.4168,3.4173,3.4253,3.4273,3.4218,3.4223,20
2026-02-04 21:12:00,3.4163,3.4173,3.4143,3.4163,3.4213,3.4223,3.4193,3.4213,15
2026-02-04 21:13:00,3.4153,3.4173,3.4113,3.4133,3.4203,3.4223,3.4163,3.4183,26
2026-02-04 21:14:00,3.4138,3.4148,3.4123,3.4148,3.4188,3.4198,3.4173,3.4198,15
2026-02-04 21:15:00,3.4143,3.4163,3.4128,3.4133,3.4193,3.4213,3.4178,3.4183,33
2026-02-04 21:16:00,3.4123,3.4153,3.4123,3.4153,3.4173,3.4203,3.4173,3.4203,16
2026-02-04 21:17:00,3.4148,3.4203,3.4143,3.4203,3.4198,3.4253,3.4193,3.4253,42
2026-02-04 21:18:00,3.4193,3.4213,3.4173,3.4183,3.4243,3.4263,3.4223,3.4233,24
2026-02-04 21:19:00,3.4188,3.4203,3.4173,3.4203,3.4238,3.4253,3.4223,3.4253,19
2026-02-04 21:20:00,3.4198,3.4263,3.4198,3.4243,3.4248,3.4313,3.4248,3.4293,20
2026-02-04 21:21:00,3.4248,3.4248,3.4208,3.4213,3.4298,3.4298,3.4258,3.4263,15
2026-02-04 21:22:00,3.4218,3.4263,3.4208,3.4243,3.4268,3.4313,3.4258,3.4293,16
2026-02-04 21:23:00,3.4233,3.4243,3.4203,3.4203,3.4283,3.4293,3.4253,3.4253,14
2026-02-04 21:24:00,3.4193,3.4193,3.4183,3.4183,3.4243,3.4243,3.4233,3.4233,3
2026-02-04 21:25:00,3.4178,3.4178,3.4153,3.4158,3.4228,3.4228,3.4203,3.4208,23
2026-02-04 21:26:00,3.4153,3.4193,3.4153,3.4188,3.4203,3.4243,3.4203,3.4238,8
2026-02-04 21:27:00,3.4183,3.4213,3.4183,3.4198,3.4233,3.4263,3.4233,3.4248,12
2026-02-04 21:28:00,3.4193,3.4228,3.4183,3.4228,3.4243,3.4278,3.4233,3.4278,20
2026-02-04 21:29:00,3.4218,3.4233,3.4208,3.4218,3.4268,3.4283,3.4258,3.4268,14
2026-02-04 21:30:00,3.4213,3.4223,3.4198,3.4203,3.4263,3.4273,3.4248,3.4253,10
2026-02-04 21:31:00,3.4208,3.4223,3.4198,3.4223,3.4258,3.4273,3.4248,3.4273,17
2026-02-04 21:32:00,3.4213,3.4213,3.4183,3.4203,3.4263,3.4263,3.4233,3.4253,16
2026-02-04 21:33:00,3.4198,3.4218,3.4198,3.4208,3.4248,3.4268,3.4248,3.4258,12
2026-02-04 21:34:00,3.4203,3.4213,3.4173,3.4178,3.4253,3.4263,3.4223,3.4228,25
2026-02-04 21:35:00,3.4183,3.4193,3.4173,3.4188,3.4233,3.4243,3.4223,3.4238,15
2026-02-04 21:36:00,3.4183,3.4193,3.4173,3.4193,3.4233,3.4243,3.4223,3.4243,8
2026-02-04 21:37:00,3.4188,3.4218,3.4188,3.4203,3.4238,3.4268,3.4238,3.4253,13
2026-02-04 21:38:00,3.4193,3.4193,3.4143,3.4153,3.4243,3.4243,3.4193,3.4203,27
2026-02-04 21:40:00,3.4173,3.4178,3.4163,3.4178,3.4223,3.4228,3.4213,3.4228,7
2026-02-04 21:41:00,3.4173,3.4178,3.4173,3.4178,3.4223,3.4228,3.4223,3.4228,2
2026-02-04 21:42:00,3.4173,3.4173,3.4123,3.4138,3.4223,3.4223,3.4173,3.4188,16
2026-02-04 21:43:00,3.4133,3.4133,3.4113,3.4113,3.4183,3.4183,3.4163,3.4163,10
2026-02-04 21:44:00,3.4118,3.4128,3.4103,3.4118,3.4168,3.4178,3.4153,3.4168,17
2026-02-04 21:45:00,3.4113,3.4118,3.4073,3.4083,3.4163,3.4168,3.4123,3.4133,20
2026-02-04 21:46:00,3.4098,3.4098,3.4083,3.4083,3.4148,3.4148,3.4133,3.4133,6
2026-02-04 21:47:00,3.4093,3.4113,3.4093,3.4103,3.4143,3.4163,3.4143,3.4153,10
2026-02-04 21:48:00,3.4108,3.4138,3.4103,3.4138,3.4158,3.4188,3.4153,3.4188,12
2026-02-04 21:49:00,3.4133,3.4173,3.4133,3.4168,3.4183,3.4223,3.4183,3.4218,29
2026-02-04 21:50:00,3.4173,3.4193,3.4163,3.4193,3.4223,3.4243,3.4213,3.4243,22
2026-02-04 21:51:00,3.4188,3.4188,3.4163,3.4163,3.4238,3.4238,3.4213,3.4213,17
2026-02-04 21:52:00,3.4173,3.4198,3.4163,3.4188,3.4223,3.4248,3.4213,3.4238,9
2026-02-04 21:53:00,3.4183,3.4188,3.4178,3.4188,3.4233,3.4238,3.4228,3.4238,3
2026-02-04 21:54:00,3.4193,3.4203,3.4193,3.4203,3.4243,3.4253,3.4243,3.4253,3
2026-02-04 21:55:00,3.4208,3.4208,3.4188,3.4203,3.4258,3.4258,3.4238,3.4253,25
2026-02-04 21:56:00,3.4208,3.4238,3.4203,3.4228,3.4258,3.4288,3.4253,3.4278,28
2026-02-04 21:57:00,3.4223,3.4233,3.4213,3.4213,3.4273,3.4283,3.4263,3.4263,12
2026-02-04 21:58:00,3.4203,3.4208,3.4203,3.4208,3.4253,3.4258,3.4253,3.4258,4
2026-02-04 21:59:00,3.4213,3.4213,3.4168,3.4183,3.4263,3.4263,3.4218,3.4233,33
2026-02-04 22:00:00,3.4178,3.4178,3.4163,3.4173,3.4228,3.4228,3.4213,3.4223,14
2026-02-04 22:01:00,3.4168,3.4208,3.4168,3.4183,3.4218,3.4258,3.4218,3.4233,15
2026-02-04 22:02:00,3.4178,3.4233,3.4178,3.4233,3.4228,3.4283,3.4228,3.4283,16
2026-02-04 22:03:00,3.4238,3.4243,3.4183,3.4203,3.4288,3.4293,3.4233,3.4253,22
2026-02-04 22:04:00,3.4208,3.4208,3.4193,3.4198,3.4258,3.4258,3.4243,3.4248,6
2026-02-04 22:05:00,3.4203,3.4238,3.4198,3.4233,3.4253,3.4288,3.4248,3.4283,22
2026-02-04 22:06:00,3.4228,3.4228,3.4223,3.4223,3.4278,3.4278,3.4273,3.4273,2
2026-02-04 22:07:00,3.4228,3.4238,3.4223,3.4228,3.4278,3.4288,3.4273,3.4278,10
2026-02-04 22:08:00,3.4233,3.4243,3.4228,3.4233,3.4283,3.4293,3.4278,3.4283,9
2026-02-04 22:09:00,3.4223,3.4243,3.4223,3.4243,3.4273,3.4293,3.4273,3.4293,3
2026-02-04 22:10:00,3.4258,3.4283,3.4258,3.4283,3.4308,3.4333,3.4308,3.4333,19
2026-02-04 22:11:00,3.4288,3.4298,3.4273,3.4283,3.4338,3.4348,3.4323,3.4333,10
2026-02-04 22:12:00,3.4288,3.4313,3.4283,3.4308,3.4338,3.4363,3.4333,3.4358,27
2026-02-04 22:13:00,3.4303,3.4303,3.4228,3.4243,3.4353,3.4353,3.4278,3.4293,13
2026-02-04 22:14:00,3.4233,3.4248,3.4228,3.4248,3.4283,3.4298,3.4278,3.4298,3
2026-02-04 22:15:00,3.4243,3.4243,3.4193,3.4203,3.4293,3.4293,3.4243,3.4253,15
2026-02-04 22:16:00,3.4198,3.4208,3.4193,3.4208,3.4248,3.4258,3.4243,3.4258,8
2026-02-04 22:17:00,3.4218,3.4218,3.4213,3.4213,3.4268,3.4268,3.4263,3.4263,2
2026-02-04 22:18:00,3.4203,3.4208,3.4163,3.4168,3.4253,3.4258,3.4213,3.4218,36
2026-02-04 22:19:00,3.4173,3.4173,3.4163,3.4173,3.4223,3.4223,3.4213,3.4223,4
2026-02-04 22:20:00,3.4178,3.4178,3.4133,3.4143,3.4228,3.4228,3.4183,3.4193,10
2026-02-04 22:21:00,3.4148,3.4148,3.4128,3.4138,3.4198,3.4198,3.4178,3.4188,10
2026-02-04 22:22:00,3.4143,3.4143,3.4143,3.4143,3.4193,3.4193,3.4193,3.4193,1
2026-02-04 22:23:00,3.4148,3.4148,3.4138,3.4138,3.4198,3.4198,3.4188,3.4188,4
2026-02-04 22:24:00,3.4143,3.4158,3.4133,3.4143,3.4193,3.4208,3.4183,3.4193,13
2026-02-04 22:25:00,3.4153,3.4208,3.4153,3.4178,3.4203,3.4258,3.4203,3.4228,28
2026-02-04 22:26:00,3.4183,3.4213,3.4163,3.4213,3.4233,3.4263,3.4213,3.4263,18
2026-02-04 22:27:00,3.4208,3.4243,3.4193,3.4223,3.4258,3.4293,3.4243,3.4273,18
2026-02-04 22:28:00,3.4218,3.4243,3.4213,3.4243,3.4268,3.4293,3.4263,3.4293,32
2026-02-04 22:29:00,3.4233,3.4248,3.4223,3.4228,3.4283,3.4298,3.4273,3.4278,46
2026-02-04 22:30:00,3.4233,3.4233,3.4223,3.4223,3.4283,3.4283,3.4273,3.4273,3
2026-02-04 22:31:00,3.4233,3.4253,3.4233,3.4243,3.4283,3.4303,3.4283,3.4293,6
2026-02-04 22:32:00,3.4233,3.4233,3.4228,3.4233,3.4283,3.4283,3.4278,3.4283,3
2026-02-04 22:33:00,3.4223,3.4243,3.4223,3.4233,3.4273,3.4293,3.4273,3.4283,10
2026-02-04 22:35:00,3.4223,3.4248,3.4223,3.4243,3.4273,3.4298,3.4273,3.4293,9
2026-02-04 22:36:00,3.4248,3.4303,3.4233,3.4303,3.4298,3.4353,3.4283,3.4353,23
2026-02-04 22:37:00,3.4313,3.4338,3.4313,3.4328,3.4363,3.4388,3.4363,3.4378,21
2026-02-04 22:38:00,3.4333,3.4333,3.4218,3.4233,3.4383,3.4383,3.4268,3.4283,23
2026-02-04 22:39:00,3.4223,3.4228,3.4213,3.4213,3.4273,3.4278,3.4263,3.4263,9
2026-02-04 22:40:00,3.4218,3.4253,3.4218,3.4248,3.4268,3.4303,3.4268,3.4298,9
2026-02-04 22:41:00,3.4243,3.4268,3.4243,3.4248,3.4293,3.4318,3.4293,3.4298,5
2026-02-04 22:42:00,3.4243,3.4283,3.4233,3.4278,3.4293,3.4333,3.4283,3.4328,18
2026-02-04 22:43:00,3.4263,3.4263,3.4248,3.4248,3.4313,3.4313,3.4298,3.4298,4
2026-02-04 22:44:00,3.4253,3.4253,3.4163,3.4198,3.4303,3.4303,3.4213,3.4248,33
2026-02-04 22:45:00,3.4193,3.4198,3.4163,3.4198,3.4243,3.4248,3.4213,3.4248,27
2026-02-04 22:46:00,3.4213,3.4223,3.4163,3.4178,3.4263,3.4273,3.4213,3.4228,29
2026-02-04 22:47:00,3.4188,3.4188,3.4178,3.4178,3.4238,3.4238,3.4228,3.4228,5
2026-02-04 22:48:00,3.4173,3.4178,3.4168,3.4168,3.4223,3.4228,3.4218,3.4218,18
2026-02-04 22:49:00,3.4158,3.4188,3.4158,3.4188,3.4208,3.4238,3.4208,3.4238,7
2026-02-04 22:50:00,3.4183,3.4183,3.4118,3.4123,3.4233,3.4233,3.4168,3.4173,13
2026-02-04 22:51:00,3.4098,3.4108,3.4023,3.4033,3.4148,3.4158,3.4073,3.4083,30
2026-02-04 22:52:00,3.4028,3.4073,3.4028,3.4068,3.4078,3.4123,3.4078,3.4118,17
2026-02-04 22:53:00,3.4073,3.4078,3.4068,3.4068,3.4123,3.4128,3.4118,3.4118,6
2026-02-04 22:54:00,3.4078,3.4083,3.4013,3.4013,3.4128,3.4133,3.4063,3.4063,23
2026-02-04 22:55:00,3.4003,3.4043,3.3973,3.3973,3.4053,3.4093,3.4023,3.4023,16
2026-02-04 22:56:00,3.3963,3.3968,3.3943,3.3953,3.4013,3.4018,3.3993,3.4003,10
2026-02-04 22:57:00,3.3943,3.3998,3.3943,3.3993,3.3993,3.4048,3.3993,3.4043,10
2026-02-04 22:58:00,3.3998,3.4003,3.3953,3.3963,3.4048,3.4053,3.4003,3.4013,27
2026-02-04 22:59:00,3.3968,3.4033,3.3765,3.377,3.4018,3.4083,3.3815,3.382,50
2026-02-05 00:00:00,3.3945,3.398,3.387,3.388,3.3995,3.403,3.392,3.393,25
2026-02-05 00:01:00,3.3885,3.3895,3.383,3.3845,3.3935,3.3945,3.388,3.3895,14
2026-02-05 00:02:00,3.384,3.384,3.3805,3.383,3.389,3.389,3.3855,3.388,10
2026-02-05 00:03:00,3.3825,3.385,3.3805,3.3805,3.3875,3.39,3.3855,3.3855,10
2026-02-05 00:04:00,3.3785,3.381,3.3785,3.381,3.3835,3.386,3.3835,3.386,2
2026-02-05 00:05:00,3.3805,3.3805,3.376,3.3795,3.3855,3.3855,3.381,3.3845,9
2026-02-05 00:06:00,3.38,3.38,3.377,3.38,3.385,3.385,3.382,3.385,17
2026-02-05 00:07:00,3.3795,3.38,3.3795,3.38,3.3845,3.385,3.3845,3.385,2
2026-02-05 00:08:00,3.3805,3.3815,3.3805,3.3815,3.3855,3.3865,3.3855,3.3865,2
2026-02-05 00:09:00,3.382,3.3835,3.381,3.381,3.387,3.3885,3.386,3.386,4
2026-02-05 00:10:00,3.3815,3.384,3.3815,3.3835,3.3865,3.389,3.3865,3.3885,3
2026-02-05 00:12:00,3.384,3.385,3.384,3.385,3.389,3.39,3.389,3.39,2
2026-02-05 00:13:00,3.386,3.3895,3.386,3.389,3.391,3.3945,3.391,3.394,7
2026-02-05 00:14:00,3.3895,3.3895,3.3885,3.3895,3.3945,3.3945,3.3935,3.3945,4
2026-02-05 00:15:00,3.39,3.3905,3.3895,3.3905,3.395,3.3955,3.3945,3.3955,6
2026-02-05 00:16:00,3.3915,3.392,3.389,3.389,3.3965,3.397,3.394,3.394,7
2026-02-05 00:17:00,3.3885,3.389,3.3885,3.3885,3.3935,3.394,3.3935,3.3935,3
2026-02-05 00:18:00,3.389,3.389,3.389,3.389,3.394,3.394,3.394,3.394,1
2026-02-05 00:19:00,3.388,3.3885,3.388,3.388,3.393,3.3935,3.393,3.393,3
2026-02-05 00:20:00,3.3875,3.388,3.3865,3.3875,3.3925,3.393,3.3915,3.3925,5
2026-02-05 00:21:00,3.388,3.3895,3.388,3.3895,3.393,3.3945,3.393,3.3945,3
2026-02-05 00:23:00,3.3905,3.3905,3.388,3.388,3.3955,3.3955,3.393,3.393,3
2026-02-05 00:24:00,3.389,3.3915,3.389,3.3915,3.394,3.3965,3.394,3.3965,3
2026-02-05 00:25:00,3.3925,3.3925,3.3925,3.3925,3.3975,3.3975,3.3975,3.3975,1
2026-02-05 00:26:00,3.392,3.392,3.39,3.39,3.397,3.397,3.395,3.395,3
2026-02-05 00:27:00,3.389,3.3905,3.389,3.3905,3.394,3.3955,3.394,3.3955,4
2026-02-05 00:28:00,3.39,3.39,3.3895,3.3895,3.395,3.395,3.3945,3.3945,2
2026-02-05 00:30:00,3.389,3.39,3.389,3.39,3.394,3.395,3.394,3.395,3
2026-02-05 00:33:00,3.3905,3.3905,3.39,3.39,3.3955,3.3955,3.395,3.395,2
2026-02-05 00:35:00,3.3905,3.3915,3.3905,3.3905,3.3955,3.3965,3.3955,3.3955,4
2026-02-05 00:36:00,3.391,3.391,3.391,3.391,3.396,3.396,3.396,3.396,1
2026-02-05 00:37:00,3.3905,3.3905,3.3905,3.3905,3.3955,3.3955,3.3955,3.3955,1
2026-02-05 00:39:00,3.3925,3.4005,3.3905,3.3995,3.3975,3.4055,3.3955,3.4045,12
2026-02-05 00:40:00,3.4005,3.4025,3.3975,3.3975,3.4055,3.4075,3.4025,3.4025,12
2026-02-05 00:41:00,3.397,3.397,3.3905,3.3915,3.402,3.402,3.3955,3.3965,15
2026-02-05 00:42:00,3.392,3.395,3.392,3.3935,3.397,3.4,3.397,3.3985,13
2026-02-05 00:43:00,3.3905,3.391,3.388,3.391,3.3955,3.396,3.393,3.396,9
2026-02-05 00:44:00,3.3915,3.395,3.3915,3.3925,3.3965,3.4,3.3965,3.3975,6
2026-02-05 00:45:00,3.392,3.395,3.392,3.3945,3.397,3.4,3.397,3.3995,6
2026-02-05 00:46:00,3.395,3.3975,3.395,3.397,3.4,3.4025,3.4,3.402,5
2026-02-05 00:47:00,3.3965,3.3965,3.396,3.396,3.4015,3.4015,3.401,3.401,2
2026-02-05 00:48:00,3.395,3.395,3.395,3.395,3.4,3.4,3.4,3.4,1
2026-02-05 00:49:00,3.396,3.396,3.3955,3.3955,3.401,3.401,3.4005,3.4005,2
2026-02-05 00:50:00,3.396,3.396,3.3955,3.3955,3.401,3.401,3.4005,3.4005,2
2026-02-05 00:51:00,3.3945,3.3945,3.3945,3.3945,3.3995,3.3995,3.3995,3.3995,1
2026-02-05 00:52:00,3.395,3.3965,3.395,3.396,3.4,3.4015,3.4,3.401,4
2026-02-05 00:53:00,3.3955,3.396,3.3955,3.3955,3.4005,3.401,3.4005,3.4005,3
2026-02-05 00:54:00,3.3945,3.3945,3.392,3.393,3.3995,3.3995,3.397,3.398,4
2026-02-05 00:55:00,3.3925,3.3925,3.389,3.389,3.3975,3.3975,3.394,3.394,6
2026-02-05 00:56:00,3.3885,3.3885,3.3855,3.387,3.3935,3.3935,3.3905,3.392,5
2026-02-05 00:57:00,3.388,3.388,3.3875,3.3875,3.393,3.393,3.3925,3.3925,2
2026-02-05 00:58:00,3.388,3.388,3.3875,3.3875,3.393,3.393,3.3925,3.3925,2
2026-02-05 00:59:00,3.388,3.388,3.3875,3.3875,3.393,3.393,3.3925,3.3925,2
2026-02-05 01:00:00,3.3855,3.3855,3.3775,3.38,3.3905,3.3905,3.3825,3.385,22
2026-02-05 01:01:00,3.381,3.384,3.381,3.383,3.386,3.389,3.386,3.388,8
2026-02-05 01:02:00,3.3835,3.3875,3.3825,3.384,3.3885,3.3925,3.3875,3.389,9
2026-02-05 01:03:00,3.383,3.384,3.383,3.384,3.388,3.389,3.388,3.389,2
2026-02-05 01:04:00,3.3835,3.3855,3.382,3.385,3.3885,3.3905,3.387,3.39,6
2026-02-05 01:05:00,3.384,3.387,3.384,3.3865,3.389,3.392,3.389,3.3915,5
2026-02-05 01:06:00,3.386,3.389,3.385,3.388,3.391,3.394,3.39,3.393,8
2026-02-05 01:07:00,3.3875,3.3875,3.3875,3.3875,3.3925,3.3925,3.3925,3.3925,1
2026-02-05 01:08:00,3.387,3.3885,3.387,3.387,3.392,3.3935,3.392,3.392,8
2026-02-05 01:09:00,3.3865,3.3865,3.3865,3.3865,3.3915,3.3915,3.3915,3.3915,1
2026-02-05 01:10:00,3.3855,3.3855,3.3855,3.3855,3.3905,3.3905,3.3905,3.3905,1
2026-02-05 01:11:00,3.3845,3.3865,3.3845,3.3855,3.3895,3.3915,3.3895,3.3905,4
2026-02-05 01:12:00,3.387,3.389,3.3835,3.386,3.392,3.394,3.3885,3.391,9
2026-02-05 01:13:00,3.3855,3.386,3.3855,3.3855,3.3905,3.391,3.3905,3.3905,3
2026-02-05 01:14:00,3.385,3.385,3.385,3.385,3.39,3.39,3.39,3.39,1
2026-02-05 01:15:00,3.3845,3.386,3.3845,3.3855,3.3895,3.391,3.3895,3.3905,4
2026-02-05 01:16:00,3.3875,3.3875,3.3845,3.3845,3.3925,3.3925,3.3895,3.3895,6
2026-02-05 01:17:00,3.385,3.385,3.3795,3.3805,3.39,3.39,3.3845,3.3855,10
2026-02-05 01:18:00,3.3795,3.3795,3.378,3.379,3.3845,3.3845,3.383,3.384,5
2026-02-05 01:19:00,3.3795,3.3795,3.3795,3.3795,3.3845,3.3845,3.3845,3.3845,1
2026-02-05 01:20:00,3.378,3.384,3.378,3.381,3.383,3.389,3.383,3.386,9
2026-02-05 01:23:00,3.3815,3.3815,3.381,3.381,3.3865,3.3865,3.386,3.386,2
2026-02-05 01:25:00,3.3815,3.3815,3.3805,3.381,3.3865,3.3865,3.3855,3.386,4
2026-02-05 01:26:00,3.3815,3.383,3.3815,3.3825,3.3865,3.388,3.3865,3.3875,5
2026-02-05 01:27:00,3.383,3.3835,3.379,3.38,3.388,3.3885,3.384,3.385,8
2026-02-05 01:28:00,3.3795,3.3805,3.3785,3.3805,3.3845,3.3855,3.3835,3.3855,4
2026-02-05 01:29:00,3.38,3.38,3.38,3.38,3.385,3.385,3.385,3.385,1
2026-02-05 01:30:00,3.383,3.3865,3.383,3.3865,3.388,3.3915,3.388,3.3915,7
2026-02-05 01:31:00,3.3855,3.3865,3.3855,3.386,3.3905,3.3915,3.3905,3.391,3
2026-02-05 01:32:00,3.3865,3.3875,3.3865,3.3875,3.3915,3.3925,3.3915,3.3925,2
2026-02-05 01:33:00,3.387,3.387,3.386,3.3865,3.392,3.392,3.391,3.3915,4
2026-02-05 01:34:00,3.386,3.386,3.386,3.386,3.391,3.391,3.391,3.391,1
2026-02-05 01:35:00,3.3855,3.3875,3.385,3.387,3.3905,3.3925,3.39,3.392,12
2026-02-05 01:36:00,3.388,3.3915,3.388,3.3885,3.393,3.3965,3.393,3.3935,12
2026-02-05 01:37:00,3.388,3.388,3.3875,3.388,3.393,3.393,3.3925,3.393,3
2026-02-05 01:38:00,3.3895,3.3905,3.3895,3.39,3.3945,3.3955,3.3945,3.395,5
2026-02-05 01:39:00,3.3895,3.3895,3.388,3.388,3.3945,3.3945,3.393,3.393,6
2026-02-05 01:40:00,3.387,3.387,3.384,3.384,3.392,3.392,3.389,3.389,10
2026-02-05 01:43:00,3.3835,3.3835,3.376,3.3785,3.3885,3.3885,3.381,3.3835,13
2026-02-05 01:44:00,3.378,3.378,3.375,3.375,3.383,3.383,3.38,3.38,6
2026-02-05 01:45:00,3.3745,3.376,3.3745,3.3755,3.3795,3.381,3.3795,3.3805,3
2026-02-05 01:46:00,3.376,3.377,3.3755,3.377,3.381,3.382,3.3805,3.382,5
2026-02-05 01:47:00,3.3775,3.3775,3.3775,3.3775,3.3825,3.3825,3.3825,3.3825,1
2026-02-05 01:48:00,3.378,3.378,3.378,3.378,3.383,3.383,3.383,3.383,1
2026-02-05 01:50:00,3.377,3.384,3.377,3.384,3.382,3.389,3.382,3.389,13
2026-02-05 01:51:00,3.3845,3.387,3.3845,3.387,3.3895,3.392,3.3895,3.392,4
2026-02-05 01:54:00,3.3875,3.3875,3.387,3.387,3.3925,3.3925,3.392,3.392,2
2026-02-05 01:56:00,3.3865,3.3915,3.3865,3.3915,3.3915,3.3965,3.3915,3.3965,7
2026-02-05 01:57:00,3.391,3.391,3.3815,3.383,3.396,3.396,3.3865,3.388,18
2026-02-05 01:58:00,3.3825,3.3825,3.3825,3.3825,3.3875,3.3875,3.3875,3.3875,1
2026-02-05 01:59:00,3.383,3.383,3.381,3.382,3.388,3.388,3.386,3.387,5
2026-02-05 02:00:00,3.3825,3.383,3.376,3.376,3.3875,3.388,3.381,3.381,10
2026-02-05 02:01:00,3.3765,3.3765,3.3765,3.3765,3.3815,3.3815,3.3815,3.3815,1
2026-02-05 02:02:00,3.3775,3.3775,3.3775,3.3775,3.3825,3.3825,3.3825,3.3825,1
2026-02-05 02:03:00,3.3765,3.377,3.375,3.3765,3.3815,3.382,3.38,3.3815,6
2026-02-05 02:04:00,3.375,3.375,3.374,3.374,3.38,3.38,3.379,3.379,2
2026-02-05 02:05:00,3.3745,3.3775,3.3735,3.376,3.3795,3.3825,3.3785,3.381,15
2026-02-05 02:06:00,3.3755,3.377,3.3755,3.377,3.3805,3.382,3.3805,3.382,2
2026-02-05 02:07:00,3.378,3.3805,3.377,3.3805,3.383,3.3855,3.382,3.3855,8
2026-02-05 02:08:00,3.3815,3.3815,3.3805,3.3805,3.3865,3.3865,3.3855,3.3855,2
2026-02-05 02:09:00,3.38,3.3805,3.3795,3.3795,3.385,3.3855,3.3845,3.3845,5
2026-02-05 02:12:00,3.38,3.38,3.379,3.379,3.385,3.385,3.384,3.384,2
2026-02-05 02:13:00,3.378,3.3795,3.377,3.3795,3.383,3.3845,3.382,3.3845,4
2026-02-05 02:14:00,3.379,3.3835,3.3785,3.3785,3.384,3.3885,3.3835,3.3835,12
2026-02-05 02:15:00,3.3775,3.3795,3.371,3.3715,3.3825,3.3845,3.376,3.3765,17
2026-02-05 02:16:00,3.3705,3.3715,3.3695,3.3715,3.3755,3.3765,3.3745,3.3765,8
2026-02-05 02:17:00,3.372,3.372,3.372,3.372,3.377,3.377,3.377,3.377,1
2026-02-05 02:19:00,3.3715,3.3715,3.37,3.37,3.3765,3.3765,3.375,3.375,3
2026-02-05 02:20:00,3.3705,3.371,3.3705,3.3705,3.3755,3.376,3.3755,3.3755,3
2026-02-05 02:21:00,3.37,3.3705,3.37,3.3705,3.375,3.3755,3.375,3.3755,2
2026-02-05 02:22:00,3.371,3.373,3.371,3.372,3.376,3.378,3.376,3.377,6
2026-02-05 02:23:00,3.3725,3.3745,3.3725,3.3725,3.3775,3.3795,3.3775,3.3775,7
2026-02-05 02:24:00,3.372,3.3725,3.372,3.372,3.377,3.3775,3.377,3.377,3
2026-02-05 02:26:00,3.3725,3.375,3.3725,3.374,3.3775,3.38,3.3775,3.379,7
2026-02-05 02:33:00,3.3735,3.3735,3.3735,3.3735,3.3785,3.3785,3.3785,3.3785,1
2026-02-05 02:34:00,3.3725,3.3735,3.371,3.371,3.3775,3.3785,3.376,3.376,6
2026-02-05 02:35:00,3.372,3.372,3.37,3.37,3.377,3.377,3.375,3.375,7
2026-02-05 02:36:00,3.3695,3.3695,3.3665,3.368,3.3745,3.3745,3.3715,3.373,18
2026-02-05 02:37:00,3.367,3.3675,3.366,3.367,3.372,3.3725,3.371,3.372,11
2026-02-05 02:38:00,3.366,3.368,3.366,3.368,3.371,3.373,3.371,3.373,6
2026-02-05 02:39:00,3.369,3.371,3.369,3.371,3.374,3.376,3.374,3.376,4
2026-02-05 02:40:00,3.372,3.372,3.3685,3.369,3.377,3.377,3.3735,3.374,7
2026-02-05 02:41:00,3.3685,3.3685,3.3685,3.3685,3.3735,3.3735,3.3735,3.3735,1
2026-02-05 02:42:00,3.369,3.3695,3.369,3.3695,3.374,3.3745,3.374,3.3745,2
2026-02-05 02:43:00,3.369,3.369,3.3655,3.3655,3.374,3.374,3.3705,3.3705,4
2026-02-05 02:44:00,3.366,3.366,3.364,3.364,3.371,3.371,3.369,3.369,4
2026-02-05 02:45:00,3.3635,3.365,3.3635,3.365,3.3685,3.37,3.3685,3.37,7
2026-02-05 02:46:00,3.3645,3.3645,3.3635,3.3635,3.3695,3.3695,3.3685,3.3685,3
2026-02-05 02:47:00,3.364,3.365,3.364,3.365,3.369,3.37,3.369,3.37,3
2026-02-05 02:48:00,3.3665,3.369,3.3665,3.3675,3.3715,3.374,3.3715,3.3725,5
2026-02-05 02:49:00,3.3685,3.369,3.3685,3.3685,3.3735,3.374,3.3735,3.3735,3
2026-02-05 02:51:00,3.369,3.3695,3.368,3.369,3.374,3.3745,3.373,3.374,4
2026-02-05 02:53:00,3.368,3.368,3.368,3.368,3.373,3.373,3.373,3.373,1
2026-02-05 02:54:00,3.367,3.3675,3.3665,3.3675,3.372,3.3725,3.3715,3.3725,3
2026-02-05 02:56:00,3.367,3.368,3.3665,3.368,3.372,3.373,3.3715,3.373,3
2026-02-05 02:57:00,3.367,3.368,3.367,3.368,3.372,3.373,3.372,3.373,3
2026-02-05 02:58:00,3.3675,3.3675,3.3675,3.3675,3.3725,3.3725,3.3725,3.3725,1
2026-02-05 03:00:00,3.3665,3.368,3.3625,3.368,3.3715,3.373,3.3675,3.373,14
2026-02-05 03:01:00,3.367,3.3685,3.3665,3.367,3.372,3.3735,3.3715,3.372,7
2026-02-05 03:03:00,3.366,3.366,3.365,3.365,3.371,3.371,3.37,3.37,3
2026-02-05 03:06:00,3.3645,3.3645,3.3645,3.3645,3.3695,3.3695,3.3695,3.3695,1
2026-02-05 03:07:00,3.364,3.3655,3.364,3.3645,3.369,3.3705,3.369,3.3695,5
2026-02-05 03:08:00,3.364,3.364,3.3605,3.361,3.369,3.369,3.3655,3.366,4
2026-02-05 03:09:00,3.362,3.3625,3.36,3.3615,3.367,3.3675,3.365,3.3665,15
2026-02-05 03:10:00,3.361,3.362,3.3585,3.3585,3.366,3.367,3.3635,3.3635,7
2026-02-05 03:11:00,3.3595,3.3595,3.359,3.359,3.3645,3.3645,3.364,3.364,2
2026-02-05 03:12:00,3.3585,3.3595,3.358,3.3585,3.3635,3.3645,3.363,3.3635,6
2026-02-05 03:13:00,3.359,3.3625,3.359,3.361,3.364,3.3675,3.364,3.366,11
2026-02-05 03:14:00,3.3605,3.3605,3.3605,3.3605,3.3655,3.3655,3.3655,3.3655,1
2026-02-05 03:15:00,3.361,3.361,3.361,3.361,3.366,3.366,3.366,3.366,1
2026-02-05 03:16:00,3.3615,3.3615,3.359,3.3595,3.3665,3.3665,3.364,3.3645,6
2026-02-05 03:17:00,3.359,3.3595,3.3585,3.3585,3.364,3.3645,3.3635,3.3635,4
2026-02-05 03:18:00,3.3595,3.36,3.358,3.359,3.3645,3.365,3.363,3.364,7
2026-02-05 03:19:00,3.3585,3.3585,3.3445,3.3485,3.3635,3.3635,3.3495,3.3535,35
2026-02-05 03:20:00,3.3495,3.3515,3.3495,3.351,3.3545,3.3565,3.3545,3.356,6
2026-02-05 03:21:00,3.3505,3.3545,3.349,3.3525,3.3555,3.3595,3.354,3.3575,15
2026-02-05 03:22:00,3.352,3.352,3.3515,3.352,3.357,3.357,3.3565,3.357,3
2026-02-05 03:23:00,3.3515,3.3545,3.3505,3.3525,3.3565,3.3595,3.3555,3.3575,14
2026-02-05 03:24:00,3.353,3.3545,3.353,3.354,3.358,3.3595,3.358,3.359,4
2026-02-05 03:25:00,3.3545,3.358,3.3545,3.3575,3.3595,3.363,3.3595,3.3625,10
2026-02-05 03:26:00,3.3585,3.361,3.3575,3.359,3.3635,3.366,3.3625,3.364,12
2026-02-05 03:28:00,3.36,3.3625,3.36,3.3615,3.365,3.3675,3.365,3.3665,4
2026-02-05 03:29:00,3.3625,3.3625,3.362,3.362,3.3675,3.3675,3.367,3.367,2
2026-02-05 03:30:00,3.3615,3.3615,3.361,3.361,3.3665,3.3665,3.366,3.366,4
2026-02-05 03:31:00,3.362,3.362,3.3615,3.3615,3.367,3.367,3.3665,3.3665,4
2026-02-05 03:32:00,3.362,3.364,3.36,3.363,3.367,3.369,3.365,3.368,10
2026-02-05 03:33:00,3.362,3.362,3.3585,3.3585,3.367,3.367,3.3635,3.3635,10
2026-02-05 03:34:00,3.358,3.358,3.3575,3.3575,3.363,3.363,3.3625,3.3625,2
2026-02-05 03:35:00,3.3585,3.362,3.3585,3.3615,3.3635,3.367,3.3635,3.3665,9
2026-02-05 03:36:00,3.3635,3.3635,3.3615,3.3615,3.3685,3.3685,3.3665,3.3665,4
2026-02-05 03:37:00,3.362,3.3625,3.362,3.3625,3.367,3.3675,3.367,3.3675,2
2026-02-05 03:38:00,3.363,3.363,3.3625,3.3625,3.368,3.368,3.3675,3.3675,2
2026-02-05 03:40:00,3.363,3.363,3.363,3.363,3.368,3.368,3.368,3.368,1
2026-02-05 03:42:00,3.364,3.364,3.364,3.364,3.369,3.369,3.369,3.369,1
2026-02-05 03:43:00,3.3635,3.3635,3.3625,3.363,3.3685,3.3685,3.3675,3.368,4
2026-02-05 03:44:00,3.3625,3.3625,3.3625,3.3625,3.3675,3.3675,3.3675,3.3675,1
2026-02-05 03:45:00,3.3605,3.3615,3.3595,3.361,3.3655,3.3665,3.3645,3.366,6
2026-02-05 03:46:00,3.36,3.36,3.3595,3.3595,3.365,3.365,3.3645,3.3645,4
2026-02-05 03:47:00,3.359,3.3625,3.358,3.361,3.364,3.3675,3.363,3.366,10
2026-02-05 03:49:00,3.3615,3.3615,3.3615,3.3615,3.3665,3.3665,3.3665,3.3665,1
2026-02-05 03:50:00,3.3605,3.3605,3.3565,3.3575,3.3655,3.3655,3.3615,3.3625,8
2026-02-05 03:51:00,3.357,3.3575,3.3555,3.357,3.362,3.3625,3.3605,3.362,6
2026-02-05 03:52:00,3.3565,3.3565,3.353,3.354,3.3615,3.3615,3.358,3.359,10
2026-02-05 03:53:00,3.3545,3.3565,3.3545,3.356,3.3595,3.3615,3.3595,3.361,8
2026-02-05 03:54:00,3.3565,3.3565,3.3535,3.355,3.3615,3.3615,3.3585,3.36,5
2026-02-05 03:55:00,3.3545,3.3545,3.353,3.353,3.3595,3.3595,3.358,3.358,3
2026-02-05 03:56:00,3.3525,3.3525,3.3525,3.3525,3.3575,3.3575,3.3575,3.3575,1
2026-02-05 03:57:00,3.353,3.355,3.353,3.354,3.358,3.36,3.358,3.359,7
2026-02-05 03:58:00,3.3535,3.354,3.3535,3.354,3.3585,3.359,3.3585,3.359,2
2026-02-05 03:59:00,3.3535,3.3535,3.3525,3.353,3.3585,3.3585,3.3575,3.358,3
2026-02-05 04:01:00,3.354,3.3545,3.3515,3.3515,3.359,3.3595,3.3565,3.3565,6
2026-02-05 04:02:00,3.3525,3.354,3.3525,3.3535,3.3575,3.359,3.3575,3.3585,8
2026-02-05 04:03:00,3.354,3.3545,3.3525,3.3535,3.359,3.3595,3.3575,3.3585,8
2026-02-05 04:04:00,3.354,3.354,3.354,3.354,3.359,3.359,3.359,3.359,1
2026-02-05 04:05:00,3.355,3.356,3.355,3.3555,3.36,3.361,3.36,3.3605,5
2026-02-05 04:06:00,3.356,3.356,3.355,3.355,3.361,3.361,3.36,3.36,2
2026-02-05 04:08:00,3.3555,3.3555,3.3555,3.3555,3.3605,3.3605,3.3605,3.3605,1
2026-02-05 04:09:00,3.356,3.3575,3.356,3.3575,3.361,3.3625,3.361,3.3625,3
2026-02-05 04:10:00,3.3585,3.3615,3.3585,3.361,3.3635,3.3665,3.3635,3.366,17
2026-02-05 04:11:00,3.3595,3.3595,3.3575,3.358,3.3645,3.3645,3.3625,3.363,7
2026-02-05 04:13:00,3.3575,3.3585,3.3575,3.3585,3.3625,3.3635,3.3625,3.3635,4
2026-02-05 04:15:00,3.3595,3.3595,3.358,3.358,3.3645,3.3645,3.363,3.363,4
2026-02-05 04:16:00,3.3575,3.3585,3.3565,3.3575,3.3625,3.3635,3.3615,3.3625,5
2026-02-05 04:17:00,3.358,3.358,3.358,3.358,3.363,3.363,3.363,3.363,1
2026-02-05 04:18:00,3.3575,3.3575,3.3575,3.3575,3.3625,3.3625,3.3625,3.3625,1
2026-02-05 04:19:00,3.358,3.358,3.358,3.358,3.363,3.363,3.363,3.363,1
2026-02-05 04:21:00,3.3595,3.3605,3.359,3.36,3.3645,3.3655,3.364,3.365,6
2026-02-05 04:26:00,3.3595,3.3595,3.3595,3.3595,3.3645,3.3645,3.3645,3.3645,1
2026-02-05 04:27:00,3.359,3.3625,3.3575,3.3575,3.364,3.3675,3.3625,3.3625,10
2026-02-05 04:28:00,3.3585,3.3585,3.357,3.357,3.3635,3.3635,3.362,3.362,7
2026-02-05 04:30:00,3.3565,3.3645,3.3565,3.3615,3.3615,3.3695,3.3615,3.3665,21
2026-02-05 04:31:00,3.361,3.361,3.36,3.36,3.366,3.366,3.365,3.365,6
2026-02-05 04:32:00,3.3595,3.361,3.3595,3.3595,3.3645,3.366,3.3645,3.3645,5
2026-02-05 04:34:00,3.3605,3.3605,3.3605,3.3605,3.3655,3.3655,3.3655,3.3655,1
2026-02-05 04:35:00,3.3615,3.3675,3.3615,3.3665,3.3665,3.3725,3.3665,3.3715,12
2026-02-05 04:36:00,3.366,3.366,3.361,3.361,3.371,3.371,3.366,3.366,8
2026-02-05 04:37:00,3.3605,3.361,3.3595,3.361,3.3655,3.366,3.3645,3.366,5
2026-02-05 04:38:00,3.3605,3.362,3.3605,3.362,3.3655,3.367,3.3655,3.367,2
2026-02-05 04:39:00,3.3615,3.3615,3.3615,3.3615,3.3665,3.3665,3.3665,3.3665,1
2026-02-05 04:40:00,3.362,3.365,3.3615,3.365,3.367,3.37,3.3665,3.37,6
2026-02-05 04:41:00,3.3655,3.3655,3.3635,3.364,3.3705,3.3705,3.3685,3.369,4
2026-02-05 04:43:00,3.3655,3.3675,3.3655,3.3675,3.3705,3.3725,3.3705,3.3725,4
2026-02-05 04:44:00,3.3685,3.3725,3.3685,3.371,3.3735,3.3775,3.3735,3.376,24
2026-02-05 04:45:00,3.3715,3.3725,3.3695,3.3705,3.3765,3.3775,3.3745,3.3755,10
2026-02-05 04:46:00,3.3715,3.3715,3.359,3.36,3.3765,3.3765,3.364,3.365,19
2026-02-05 04:47:00,3.3595,3.3615,3.3595,3.361,3.3645,3.3665,3.3645,3.366,8
2026-02-05 04:48:00,3.3605,3.364,3.3585,3.363,3.3655,3.369,3.3635,3.368,12
2026-02-05 04:49:00,3.3625,3.3625,3.3585,3.3605,3.3675,3.3675,3.3635,3.3655,15
2026-02-05 04:50:00,3.3615,3.3615,3.3585,3.359,3.3665,3.3665,3.3635,3.364,6
2026-02-05 04:51:00,3.3595,3.3605,3.3585,3.36,3.3645,3.3655,3.3635,3.365,7
2026-02-05 04:52:00,3.3585,3.359,3.3575,3.3585,3.3635,3.364,3.3625,3.3635,6
2026-02-05 04:53:00,3.359,3.3615,3.3585,3.3585,3.364,3.3665,3.3635,3.3635,7
2026-02-05 04:55:00,3.3595,3.36,3.3575,3.36,3.3645,3.365,3.3625,3.365,4
2026-02-05 04:56:00,3.3605,3.3615,3.3595,3.361,3.3655,3.3665,3.3645,3.366,10
2026-02-05 04:57:00,3.3605,3.361,3.3605,3.361,3.3655,3.366,3.3655,3.366,2
2026-02-05 04:59:00,3.3605,3.364,3.3605,3.364,3.3655,3.369,3.3655,3.369,8
2026-02-05 05:00:00,3.3635,3.364,3.3625,3.364,3.3685,3.369,3.3675,3.369,4
2026-02-05 05:01:00,3.3635,3.3635,3.3625,3.3625,3.3685,3.3685,3.3675,3.3675,2
2026-02-05 05:02:00,3.3615,3.3615,3.358,3.358,3.3665,3.3665,3.363,3.363,4
2026-02-05 05:03:00,3.359,3.3675,3.359,3.3645,3.364,3.3725,3.364,3.3695,13
2026-02-05 05:04:00,3.3635,3.3715,3.3635,3.37,3.3685,3.3765,3.3685,3.375,18
2026-02-05 05:05:00,3.3705,3.3745,3.368,3.3745,3.3755,3.3795,3.373,3.3795,14
2026-02-05 05:06:00,3.374,3.3755,3.3725,3.3745,3.379,3.3805,3.3775,3.3795,11
2026-02-05 05:07:00,3.374,3.3745,3.374,3.3745,3.379,3.3795,3.379,3.3795,2
2026-02-05 05:08:00,3.3735,3.3735,3.3715,3.3715,3.3785,3.3785,3.3765,3.3765,4
2026-02-05 05:09:00,3.3725,3.3735,3.372,3.3735,3.3775,3.3785,3.377,3.3785,3
2026-02-05 05:10:00,3.3745,3.378,3.3745,3.376,3.3795,3.383,3.3795,3.381,13
2026-02-05 05:11:00,3.377,3.378,3.3765,3.3765,3.382,3.383,3.3815,3.3815,7
2026-02-05 05:12:00,3.377,3.3775,3.376,3.376,3.382,3.3825,3.381,3.381,3
2026-02-05 05:13:00,3.3755,3.3755,3.3735,3.3735,3.3805,3.3805,3.3785,3.3785,3
2026-02-05 05:14:00,3.3745,3.3755,3.3745,3.375,3.3795,3.3805,3.3795,3.38,3
2026-02-05 05:15:00,3.3745,3.3785,3.3745,3.3765,3.3795,3.3835,3.3795,3.3815,9
2026-02-05 05:18:00,3.377,3.378,3.377,3.378,3.382,3.383,3.382,3.383,2
2026-02-05 05:19:00,3.3785,3.382,3.3785,3.3795,3.3835,3.387,3.3835,3.3845,7
2026-02-05 05:20:00,3.379,3.379,3.3775,3.3775,3.384,3.384,3.3825,3.3825,4
2026-02-05 05:23:00,3.378,3.3805,3.378,3.3805,3.383,3.3855,3.383,3.3855,6
2026-02-05 05:24:00,3.38,3.3815,3.379,3.3795,3.385,3.3865,3.384,3.3845,8
2026-02-05 05:25:00,3.379,3.381,3.379,3.381,3.384,3.386,3.384,3.386,4
2026-02-05 05:26:00,3.3795,3.38,3.3795,3.38,3.3845,3.385,3.3845,3.385,2
2026-02-05 05:27:00,3.3795,3.3835,3.3785,3.38,3.3845,3.3885,3.3835,3.385,17
2026-02-05 05:28:00,3.3795,3.3795,3.3795,3.3795,3.3845,3.3845,3.3845,3.3845,1
2026-02-05 05:29:00,3.379,3.3805,3.3775,3.3785,3.384,3.3855,3.3825,3.3835,11
2026-02-05 05:30:00,3.3765,3.3825,3.3765,3.3825,3.3815,3.3875,3.3815,3.3875,11
2026-02-05 05:31:00,3.382,3.3835,3.381,3.381,3.387,3.3885,3.386,3.386,4
2026-02-05 05:32:00,3.382,3.383,3.382,3.383,3.387,3.388,3.387,3.388,2
2026-02-05 05:33:00,3.3825,3.3835,3.382,3.383,3.3875,3.3885,3.387,3.388,10
2026-02-05 05:34:00,3.3825,3.383,3.3825,3.383,3.3875,3.388,3.3875,3.388,2
2026-02-05 05:35:00,3.3825,3.3835,3.3805,3.3835,3.3875,3.3885,3.3855,3.3885,7
2026-02-05 05:36:00,3.3825,3.3825,3.3825,3.3825,3.3875,3.3875,3.3875,3.3875,1
2026-02-05 05:37:00,3.382,3.382,3.382,3.382,3.387,3.387,3.387,3.387,1
2026-02-05 05:38:00,3.3825,3.3825,3.382,3.382,3.3875,3.3875,3.387,3.387,2
2026-02-05 05:39:00,3.3835,3.3835,3.3815,3.3815,3.3885,3.3885,3.3865,3.3865,7
2026-02-05 05:40:00,3.381,3.39,3.381,3.3885,3.386,3.395,3.386,3.3935,23
2026-02-05 05:41:00,3.389,3.392,3.389,3.391,3.394,3.397,3.394,3.396,8
2026-02-05 05:42:00,3.3915,3.3915,3.3895,3.391,3.3965,3.3965,3.3945,3.396,11
2026-02-05 05:43:00,3.3915,3.3935,3.3915,3.392,3.3965,3.3985,3.3965,3.397,5
2026-02-05 05:44:00,3.3915,3.3925,3.3905,3.3925,3.3965,3.3975,3.3955,3.3975,4
2026-02-05 05:45:00,3.392,3.394,3.3905,3.394,3.397,3.399,3.3955,3.399,7
2026-02-05 05:46:00,3.3935,3.3935,3.39,3.392,3.3985,3.3985,3.395,3.397,15
2026-02-05 05:47:00,3.393,3.3965,3.393,3.3965,3.398,3.4015,3.398,3.4015,8
2026-02-05 05:48:00,3.3955,3.3975,3.395,3.3965,3.4005,3.4025,3.4,3.4015,9
2026-02-05 05:49:00,3.397,3.3985,3.3965,3.3965,3.402,3.4035,3.4015,3.4015,8
2026-02-05 05:50:00,3.397,3.3985,3.397,3.3975,3.402,3.4035,3.402,3.4025,4
2026-02-05 05:51:00,3.398,3.398,3.3945,3.3975,3.403,3.403,3.3995,3.4025,10
2026-02-05 05:52:00,3.397,3.3975,3.397,3.3975,3.402,3.4025,3.402,3.4025,2
2026-02-05 05:53:00,3.398,3.4015,3.398,3.4005,3.403,3.4065,3.403,3.4055,24
2026-02-05 05:54:00,3.4,3.4,3.3975,3.3995,3.405,3.405,3.4025,3.4045,8
2026-02-05 05:55:00,3.4,3.4025,3.3995,3.4,3.405,3.4075,3.4045,3.405,13
2026-02-05 05:56:00,3.399,3.3995,3.3985,3.3995,3.404,3.4045,3.4035,3.4045,6
2026-02-05 05:57:00,3.399,3.4005,3.399,3.4,3.404,3.4055,3.404,3.405,6
2026-02-05 05:58:00,3.4005,3.4005,3.399,3.3995,3.4055,3.4055,3.404,3.4045,5
2026-02-05 05:59:00,3.3985,3.3995,3.3985,3.3995,3.4035,3.4045,3.4035,3.4045,3
2026-02-05 06:00:00,3.399,3.399,3.389,3.3945,3.404,3.404,3.394,3.3995,22
2026-02-05 06:01:00,3.394,3.394,3.3835,3.3845,3.399,3.399,3.3885,3.3895,23
2026-02-05 06:02:00,3.384,3.385,3.381,3.382,3.389,3.39,3.386,3.387,13
2026-02-05 06:03:00,3.3815,3.3835,3.381,3.381,3.3865,3.3885,3.386,3.386,4
2026-02-05 06:04:00,3.3805,3.3815,3.3785,3.38,3.3855,3.3865,3.3835,3.385,11
2026-02-05 06:05:00,3.3795,3.3795,3.376,3.3785,3.3845,3.3845,3.381,3.3835,6
2026-02-05 06:06:00,3.379,3.382,3.3775,3.382,3.384,3.387,3.3825,3.387,7
2026-02-05 06:07:00,3.3815,3.3885,3.3815,3.3885,3.3865,3.3935,3.3865,3.3935,18
2026-02-05 06:08:00,3.3875,3.3915,3.387,3.3915,3.3925,3.3965,3.392,3.3965,12
2026-02-05 06:09:00,3.392,3.3925,3.3915,3.3915,3.397,3.3975,3.3965,3.3965,7
2026-02-05 06:10:00,3.391,3.392,3.391,3.391,3.396,3.397,3.396,3.396,7
2026-02-05 06:11:00,3.3895,3.3905,3.3895,3.39,3.3945,3.3955,3.3945,3.395,3
2026-02-05 06:14:00,3.3905,3.3905,3.3805,3.382,3.3955,3.3955,3.3855,3.387,23
2026-02-05 06:15:00,3.381,3.382,3.381,3.381,3.386,3.387,3.386,3.386,4
2026-02-05 06:16:00,3.382,3.382,3.382,3.382,3.387,3.387,3.387,3.387,1
2026-02-05 06:17:00,3.381,3.3835,3.3795,3.3825,3.386,3.3885,3.3845,3.3875,7
2026-02-05 06:18:00,3.3835,3.3915,3.383,3.39,3.3885,3.3965,3.388,3.395,18
2026-02-05 06:19:00,3.3895,3.393,3.3875,3.3915,3.3945,3.398,3.3925,3.3965,19
2026-02-05 06:20:00,3.3905,3.3905,3.3885,3.3895,3.3955,3.3955,3.3935,3.3945,6
2026-02-05 06:21:00,3.389,3.3895,3.389,3.3895,3.394,3.3945,3.394,3.3945,2
2026-02-05 06:25:00,3.3885,3.3925,3.3885,3.3925,3.3935,3.3975,3.3935,3.3975,9
2026-02-05 06:27:00,3.393,3.3975,3.393,3.3965,3.398,3.4025,3.398,3.4015,12
2026-02-05 06:28:00,3.396,3.399,3.396,3.397,3.401,3.404,3.401,3.402,11
2026-02-05 06:29:00,3.3965,3.3965,3.3895,3.392,3.4015,3.4015,3.3945,3.397,13
2026-02-05 06:30:00,3.3915,3.3915,3.3915,3.3915,3.3965,3.3965,3.3965,3.3965,1
2026-02-05 06:31:00,3.392,3.392,3.388,3.3905,3.397,3.397,3.393,3.3955,10
2026-02-05 06:32:00,3.39,3.39,3.3835,3.3845,3.395,3.395,3.3885,3.3895,16
2026-02-05 06:33:00,3.3855,3.3865,3.383,3.3855,3.3905,3.3915,3.388,3.3905,10
2026-02-05 06:34:00,3.386,3.3875,3.3845,3.385,3.391,3.3925,3.3895,3.39,9
2026-02-05 06:35:00,3.384,3.384,3.383,3.383,3.389,3.389,3.388,3.388,3
2026-02-05 06:38:00,3.3835,3.385,3.3825,3.384,3.3885,3.39,3.3875,3.389,8
2026-02-05 06:39:00,3.3845,3.3845,3.3845,3.3845,3.3895,3.3895,3.3895,3.3895,1
2026-02-05 06:41:00,3.385,3.3865,3.383,3.383,3.39,3.3915,3.388,3.388,12
2026-02-05 06:42:00,3.384,3.3915,3.384,3.3915,3.389,3.3965,3.389,3.3965,10
2026-02-05 06:43:00,3.392,3.392,3.391,3.391,3.397,3.397,3.396,3.396,2
2026-02-05 06:44:00,3.3905,3.3945,3.3905,3.3925,3.3955,3.3995,3.3955,3.3975,8
2026-02-05 06:45:00,3.393,3.396,3.3925,3.394,3.398,3.401,3.3975,3.399,13
2026-02-05 06:46:00,3.3935,3.3935,3.3905,3.391,3.3985,3.3985,3.3955,3.396,4
2026-02-05 06:47:00,3.3905,3.391,3.3895,3.391,3.3955,3.396,3.3945,3.396,3
2026-02-05 06:48:00,3.3905,3.3905,3.3865,3.3865,3.3955,3.3955,3.3915,3.3915,7
2026-02-05 06:49:00,3.387,3.3885,3.387,3.3885,3.392,3.3935,3.392,3.3935,3
2026-02-05 06:50:00,3.388,3.39,3.388,3.389,3.393,3.395,3.393,3.394,4
2026-02-05 06:51:00,3.39,3.3915,3.389,3.3915,3.395,3.3965,3.394,3.3965,7
2026-02-05 06:52:00,3.392,3.401,3.3905,3.4,3.397,3.406,3.3955,3.405,23
2026-02-05 06:53:00,3.401,3.402,3.3975,3.398,3.406,3.407,3.4025,3.403,16
2026-02-05 06:54:00,3.3975,3.3995,3.3945,3.3985,3.4025,3.4045,3.3995,3.4035,12
2026-02-05 06:55:00,3.3995,3.3995,3.392,3.393,3.4045,3.4045,3.397,3.398,11
2026-02-05 06:56:00,3.3925,3.3945,3.3895,3.3895,3.3975,3.3995,3.3945,3.3945,13
2026-02-05 06:57:00,3.3885,3.3885,3.3855,3.388,3.3935,3.3935,3.3905,3.393,9
2026-02-05 06:58:00,3.3885,3.3925,3.3885,3.392,3.3935,3.3975,3.3935,3.397,11
2026-02-05 06:59:00,3.3915,3.3915,3.3905,3.391,3.3965,3.3965,3.3955,3.396,3
2026-02-05 07:00:00,3.3905,3.391,3.3885,3.389,3.3955,3.396,3.3935,3.394,8
2026-02-05 07:02:00,3.39,3.39,3.3885,3.3885,3.395,3.395,3.3935,3.3935,2
2026-02-05 07:03:00,3.3875,3.388,3.387,3.387,3.3925,3.393,3.392,3.392,4
2026-02-05 07:04:00,3.386,3.386,3.377,3.38,3.391,3.391,3.382,3.385,26
2026-02-05 07:05:00,3.3795,3.383,3.3795,3.383,3.3845,3.388,3.3845,3.388,4
2026-02-05 07:06:00,3.384,3.385,3.384,3.385,3.389,3.39,3.389,3.39,2
2026-02-05 07:07:00,3.3845,3.385,3.384,3.3845,3.3895,3.39,3.389,3.3895,4
2026-02-05 07:08:00,3.384,3.384,3.3825,3.3825,3.389,3.389,3.3875,3.3875,4
2026-02-05 07:09:00,3.384,3.3855,3.382,3.384,3.389,3.3905,3.387,3.389,8
2026-02-05 07:10:00,3.3835,3.3835,3.3825,3.383,3.3885,3.3885,3.3875,3.388,4
2026-02-05 07:11:00,3.3825,3.3825,3.381,3.381,3.3875,3.3875,3.386,3.386,2
2026-02-05 07:12:00,3.3815,3.3815,3.3815,3.3815,3.3865,3.3865,3.3865,3.3865,1
2026-02-05 07:13:00,3.382,3.3895,3.382,3.3895,3.387,3.3945,3.387,3.3945,8
2026-02-05 07:14:00,3.3875,3.389,3.385,3.385,3.3925,3.394,3.39,3.39,9
2026-02-05 07:15:00,3.3855,3.3865,3.3855,3.386,3.3905,3.3915,3.3905,3.391,3
2026-02-05 07:16:00,3.385,3.385,3.383,3.3845,3.39,3.39,3.388,3.3895,6
2026-02-05 07:17:00,3.384,3.384,3.3825,3.3825,3.389,3.389,3.3875,3.3875,2
2026-02-05 07:18:00,3.382,3.3835,3.379,3.381,3.387,3.3885,3.384,3.386,14
2026-02-05 07:19:00,3.3795,3.382,3.3795,3.3815,3.3845,3.387,3.3845,3.3865,4
2026-02-05 07:20:00,3.3805,3.3835,3.3805,3.3835,3.3855,3.3885,3.3855,3.3885,4
2026-02-05 07:21:00,3.383,3.385,3.383,3.384,3.388,3.39,3.388,3.389,5
2026-02-05 07:23:00,3.3835,3.399,3.383,3.3985,3.3885,3.404,3.388,3.4035,20
2026-02-05 07:24:00,3.3975,3.3975,3.392,3.3945,3.4025,3.4025,3.397,3.3995,18
2026-02-05 07:25:00,3.3955,3.3995,3.3945,3.399,3.4005,3.4045,3.3995,3.404,10
2026-02-05 07:26:00,3.3975,3.3975,3.397,3.397,3.4025,3.4025,3.402,3.402,4
2026-02-05 07:27:00,3.3965,3.3975,3.3965,3.3975,3.4015,3.4025,3.4015,3.4025,3
2026-02-05 07:28:00,3.397,3.408,3.3965,3.406,3.402,3.413,3.4015,3.411,25
2026-02-05 07:29:00,3.4055,3.4075,3.4055,3.4055,3.4105,3.4125,3.4105,3.4105,13
2026-02-05 07:30:00,3.4065,3.4155,3.406,3.414,3.4115,3.4205,3.411,3.419,46
2026-02-05 07:31:00,3.415,3.4185,3.415,3.417,3.42,3.4235,3.42,3.422,16
2026-02-05 07:32:00,3.4175,3.4175,3.4165,3.417,3.4225,3.4225,3.4215,3.422,6
2026-02-05 07:33:00,3.416,3.424,3.4145,3.424,3.421,3.429,3.4195,3.429,32
2026-02-05 07:34:00,3.4235,3.4315,3.423,3.4315,3.4285,3.4365,3.428,3.4365,17
2026-02-05 07:35:00,3.432,3.4325,3.4235,3.4235,3.437,3.4375,3.4285,3.4285,36
2026-02-05 07:36:00,3.424,3.441,3.4225,3.4405,3.429,3.446,3.4275,3.4455,49
2026-02-05 07:37:00,3.441,3.4485,3.44,3.4415,3.446,3.4535,3.445,3.4465,24
2026-02-05 07:38:00,3.4425,3.4505,3.442,3.448,3.4475,3.4555,3.447,3.453,26
2026-02-05 07:39:00,3.4485,3.4495,3.448,3.4485,3.4535,3.4545,3.453,3.4535,10
2026-02-05 07:40:00,3.449,3.454,3.448,3.4505,3.454,3.459,3.453,3.4555,28
2026-02-05 07:41:00,3.451,3.4515,3.4445,3.4495,3.456,3.4565,3.4495,3.4545,23
2026-02-05 07:42:00,3.449,3.4505,3.4485,3.449,3.454,3.4555,3.4535,3.454,10
2026-02-05 07:43:00,3.448,3.451,3.448,3.45,3.453,3.456,3.453,3.455,8
2026-02-05 07:44:00,3.4505,3.452,3.4495,3.452,3.4555,3.457,3.4545,3.457,13
2026-02-05 07:45:00,3.4525,3.456,3.452,3.4545,3.4575,3.461,3.457,3.4595,12
2026-02-05 07:46:00,3.4535,3.4535,3.4485,3.4485,3.4585,3.4585,3.4535,3.4535,7
2026-02-05 07:47:00,3.449,3.45,3.441,3.446,3.454,3.455,3.446,3.451,29
2026-02-05 07:48:00,3.4455,3.446,3.4445,3.446,3.4505,3.451,3.4495,3.451,10
2026-02-05 07:49:00,3.4465,3.4465,3.445,3.4455,3.4515,3.4515,3.45,3.4505,8
2026-02-05 07:50:00,3.445,3.4535,3.445,3.449,3.45,3.4585,3.45,3.454,14
2026-02-05 07:51:00,3.4495,3.4545,3.449,3.4545,3.4545,3.4595,3.454,3.4595,11
2026-02-05 07:52:00,3.4535,3.4535,3.4525,3.4525,3.4585,3.4585,3.4575,3.4575,5
2026-02-05 07:53:00,3.452,3.4525,3.45,3.451,3.457,3.4575,3.455,3.456,9
2026-02-05 07:54:00,3.4515,3.4515,3.4505,3.4505,3.4565,3.4565,3.4555,3.4555,3
2026-02-05 07:55:00,3.45,3.4505,3.449,3.45,3.455,3.4555,3.454,3.455,8
2026-02-05 07:56:00,3.4505,3.4515,3.448,3.4515,3.4555,3.4565,3.453,3.4565,21
2026-02-05 07:57:00,3.453,3.456,3.4525,3.454,3.458,3.461,3.4575,3.459,17
2026-02-05 07:58:00,3.4535,3.454,3.453,3.454,3.4585,3.459,3.458,3.459,5
2026-02-05 07:59:00,3.4535,3.454,3.4525,3.453,3.4585,3.459,3.4575,3.458,5
2026-02-05 08:00:00,3.454,3.4555,3.4495,3.4535,3.459,3.4605,3.4545,3.4585,20
2026-02-05 08:01:00,3.453,3.4565,3.453,3.4555,3.458,3.4615,3.458,3.4605,11
2026-02-05 08:02:00,3.455,3.4585,3.455,3.4555,3.46,3.4635,3.46,3.4605,14
2026-02-05 08:03:00,3.457,3.477,3.457,3.475,3.462,3.482,3.462,3.48,68
2026-02-05 08:04:00,3.4745,3.4745,3.472,3.4735,3.4795,3.4795,3.477,3.4785,8
2026-02-05 08:05:00,3.4725,3.473,3.4725,3.4725,3.4775,3.478,3.4775,3.4775,3
2026-02-05 08:06:00,3.472,3.472,3.4635,3.47,3.477,3.477,3.4685,3.475,31
2026-02-05 08:07:00,3.4695,3.472,3.4675,3.4715,3.4745,3.477,3.4725,3.4765,23
2026-02-05 08:08:00,3.472,3.4785,3.4715,3.4725,3.477,3.4835,3.4765,3.4775,23
2026-02-05 08:09:00,3.472,3.472,3.4705,3.472,3.477,3.477,3.4755,3.477,7
2026-02-05 08:10:00,3.4715,3.472,3.471,3.471,3.4765,3.477,3.476,3.476,6
2026-02-05 08:11:00,3.4715,3.4715,3.4545,3.455,3.4765,3.4765,3.4595,3.46,45
2026-02-05 08:12:00,3.4565,3.462,3.456,3.4605,3.4615,3.467,3.461,3.4655,17
2026-02-05 08:13:00,3.4595,3.4615,3.4535,3.454,3.4645,3.4665,3.4585,3.459,20
2026-02-05 08:14:00,3.4535,3.46,3.4535,3.4585,3.4585,3.465,3.4585,3.4635,10
2026-02-05 08:15:00,3.4595,3.4595,3.4575,3.4595,3.4645,3.4645,3.4625,3.4645,7
2026-02-05 08:16:00,3.46,3.4655,3.4595,3.46,3.465,3.4705,3.4645,3.465,17
2026-02-05 08:17:00,3.459,3.459,3.448,3.45,3.464,3.464,3.453,3.455,33
2026-02-05 08:18:00,3.4495,3.455,3.4475,3.4485,3.4545,3.46,3.4525,3.4535,38
2026-02-05 08:19:00,3.448,3.449,3.4455,3.446,3.453,3.454,3.4505,3.451,19
2026-02-05 08:20:00,3.447,3.4505,3.443,3.444,3.452,3.4555,3.448,3.449,35
2026-02-05 08:21:00,3.4415,3.4415,3.4375,3.439,3.4465,3.4465,3.4425,3.444,17
2026-02-05 08:22:00,3.4375,3.438,3.435,3.4355,3.4425,3.443,3.44,3.4405,10
2026-02-05 08:23:00,3.4365,3.4365,3.434,3.435,3.4415,3.4415,3.439,3.44,11
2026-02-05 08:25:00,3.4355,3.4355,3.426,3.429,3.4405,3.4405,3.431,3.434,38
2026-02-05 08:26:00,3.428,3.4335,3.428,3.433,3.433,3.4385,3.433,3.438,16
2026-02-05 08:27:00,3.4345,3.4355,3.4325,3.4345,3.4395,3.4405,3.4375,3.4395,14
2026-02-05 08:28:00,3.435,3.4365,3.435,3.4355,3.44,3.4415,3.44,3.4405,7
2026-02-05 08:29:00,3.435,3.4425,3.435,3.4405,3.44,3.4475,3.44,3.4455,28
2026-02-05 08:30:00,3.441,3.441,3.437,3.4375,3.446,3.446,3.442,3.4425,11
2026-02-05 08:31:00,3.437,3.437,3.4355,3.4365,3.442,3.442,3.4405,3.4415,7
2026-02-05 08:32:00,3.435,3.4375,3.435,3.437,3.44,3.4425,3.44,3.442,4
2026-02-05 08:33:00,3.4365,3.437,3.436,3.437,3.4415,3.442,3.441,3.442,5
2026-02-05 08:34:00,3.4375,3.4375,3.4335,3.4355,3.4425,3.4425,3.4385,3.4405,14
2026-02-05 08:35:00,3.436,3.4405,3.4335,3.44,3.441,3.4455,3.4385,3.445,17
2026-02-05 08:36:00,3.4405,3.4405,3.436,3.438,3.4455,3.4455,3.441,3.443,13
2026-02-05 08:37:00,3.437,3.439,3.434,3.434,3.442,3.444,3.439,3.439,18
2026-02-05 08:38:00,3.433,3.4355,3.4315,3.433,3.438,3.4405,3.4365,3.438,13
2026-02-05 08:39:00,3.4335,3.4345,3.431,3.431,3.4385,3.4395,3.436,3.436,6
2026-02-05 08:40:00,3.4305,3.4355,3.4305,3.435,3.4355,3.4405,3.4355,3.44,14
2026-02-05 08:41:00,3.4345,3.4345,3.4315,3.4325,3.4395,3.4395,3.4365,3.4375,7
2026-02-05 08:42:00,3.4335,3.441,3.4335,3.439,3.4385,3.446,3.4385,3.444,11
2026-02-05 08:43:00,3.437,3.437,3.434,3.435,3.442,3.442,3.439,3.44,7
2026-02-05 08:44:00,3.434,3.4365,3.434,3.436,3.439,3.4415,3.439,3.441,5
2026-02-05 08:45:00,3.4385,3.445,3.4385,3.4445,3.4435,3.45,3.4435,3.4495,12
2026-02-05 08:46:00,3.444,3.4475,3.44,3.44,3.449,3.4525,3.445,3.445,14
2026-02-05 08:47:00,3.441,3.4425,3.441,3.4415,3.446,3.4475,3.446,3.4465,6
2026-02-05 08:48:00,3.441,3.442,3.436,3.4365,3.446,3.447,3.441,3.4415,12
2026-02-05 08:49:00,3.437,3.4395,3.437,3.4385,3.442,3.4445,3.442,3.4435,4
2026-02-05 08:50:00,3.4375,3.439,3.4375,3.439,3.4425,3.444,3.4425,3.444,2
2026-02-05 08:51:00,3.44,3.441,3.44,3.44,3.445,3.446,3.445,3.445,3
2026-02-05 08:52:00,3.4395,3.441,3.4395,3.441,3.4445,3.446,3.4445,3.446,2
2026-02-05 08:53:00,3.442,3.442,3.442,3.442,3.447,3.447,3.447,3.447,1
2026-02-05 08:54:00,3.4405,3.442,3.4395,3.4395,3.4455,3.447,3.4445,3.4445,5
2026-02-05 08:55:00,3.439,3.442,3.439,3.441,3.444,3.447,3.444,3.446,7
2026-02-05 08:56:00,3.4405,3.442,3.4395,3.4395,3.4455,3.447,3.4445,3.4445,5
2026-02-05 08:57:00,3.44,3.44,3.44,3.44,3.445,3.445,3.445,3.445,1
2026-02-05 08:58:00,3.4405,3.443,3.4405,3.442,3.4455,3.448,3.4455,3.447,6
2026-02-05 09:00:00,3.4425,3.4455,3.4425,3.445,3.4475,3.4505,3.4475,3.45,14
2026-02-05 09:01:00,3.4455,3.446,3.4435,3.4455,3.4505,3.451,3.4485,3.4505,13
2026-02-05 09:02:00,3.446,3.446,3.442,3.4435,3.451,3.451,3.447,3.4485,8
2026-02-05 09:03:00,3.444,3.446,3.444,3.4455,3.449,3.451,3.449,3.4505,5
2026-02-05 09:04:00,3.446,3.446,3.4425,3.446,3.451,3.451,3.4475,3.451,12
2026-02-05 09:05:00,3.4465,3.4465,3.4465,3.4465,3.4515,3.4515,3.4515,3.4515,1
2026-02-05 09:06:00,3.4455,3.4465,3.444,3.444,3.4505,3.4515,3.449,3.449,9
2026-02-05 09:07:00,3.4435,3.4435,3.4405,3.4405,3.4485,3.4485,3.4455,3.4455,9
2026-02-05 09:08:00,3.44,3.44,3.4375,3.44,3.445,3.445,3.4425,3.445,15
2026-02-05 09:09:00,3.4395,3.441,3.438,3.438,3.4445,3.446,3.443,3.443,8
2026-02-05 09:10:00,3.439,3.441,3.4355,3.44,3.444,3.446,3.4405,3.445,23
2026-02-05 09:11:00,3.439,3.439,3.4295,3.4295,3.444,3.444,3.4345,3.4345,21
2026-02-05 09:12:00,3.4305,3.4345,3.4305,3.4345,3.4355,3.4395,3.4355,3.4395,8
2026-02-05 09:13:00,3.435,3.435,3.434,3.435,3.44,3.44,3.439,3.44,5
2026-02-05 09:14:00,3.4345,3.4355,3.4345,3.4355,3.4395,3.4405,3.4395,3.4405,2
2026-02-05 09:15:00,3.4365,3.4415,3.4355,3.4375,3.4415,3.4465,3.4405,3.4425,24
2026-02-05 09:16:00,3.437,3.4395,3.437,3.4395,3.442,3.4445,3.442,3.4445,6
2026-02-05 09:17:00,3.439,3.4405,3.4385,3.4405,3.444,3.4455,3.4435,3.4455,5
2026-02-05 09:18:00,3.4395,3.4395,3.4365,3.438,3.4445,3.4445,3.4415,3.443,12
2026-02-05 09:20:00,3.4375,3.4375,3.434,3.4345,3.4425,3.4425,3.439,3.4395,10
2026-02-05 09:21:00,3.4355,3.437,3.434,3.4365,3.4405,3.442,3.439,3.4415,9
2026-02-05 09:22:00,3.437,3.438,3.437,3.437,3.442,3.443,3.442,3.442,4
2026-02-05 09:23:00,3.4365,3.4365,3.433,3.4345,3.4415,3.4415,3.438,3.4395,8
2026-02-05 09:24:00,3.434,3.434,3.4315,3.4335,3.439,3.439,3.4365,3.4385,9
2026-02-05 09:25:00,3.433,3.434,3.433,3.434,3.438,3.439,3.438,3.439,2
2026-02-05 09:26:00,3.4335,3.4355,3.4335,3.4345,3.4385,3.4405,3.4385,3.4395,9
2026-02-05 09:27:00,3.4335,3.4355,3.433,3.435,3.4385,3.4405,3.438,3.44,5
2026-02-05 09:28:00,3.4345,3.4345,3.4345,3.4345,3.4395,3.4395,3.4395,3.4395,1
2026-02-05 09:29:00,3.4335,3.4365,3.4335,3.4355,3.4385,3.4415,3.4385,3.4405,8
2026-02-05 09:30:00,3.4345,3.4375,3.4325,3.4345,3.4395,3.4425,3.4375,3.4395,12
2026-02-05 09:31:00,3.4355,3.4375,3.4355,3.4375,3.4405,3.4425,3.4405,3.4425,7
2026-02-05 09:32:00,3.437,3.437,3.4345,3.4355,3.442,3.442,3.4395,3.4405,7
2026-02-05 09:33:00,3.435,3.435,3.433,3.4335,3.44,3.44,3.438,3.4385,5
2026-02-05 09:34:00,3.434,3.4345,3.4335,3.4335,3.439,3.4395,3.4385,3.4385,3
2026-02-05 09:35:00,3.433,3.433,3.4225,3.423,3.438,3.438,3.4275,3.428,32
2026-02-05 09:36:00,3.4235,3.4245,3.421,3.421,3.4285,3.4295,3.426,3.426,8
2026-02-05 09:37:00,3.4205,3.421,3.4145,3.4165,3.4255,3.426,3.4195,3.4215,21
2026-02-05 09:38:00,3.416,3.4205,3.414,3.4175,3.421,3.4255,3.419,3.4225,23
2026-02-05 09:39:00,3.418,3.42,3.4175,3.419,3.423,3.425,3.4225,3.424,10
2026-02-05 09:40:00,3.4195,3.4195,3.4175,3.419,3.4245,3.4245,3.4225,3.424,6
2026-02-05 09:41:00,3.4195,3.4195,3.416,3.416,3.4245,3.4245,3.421,3.421,4
2026-02-05 09:42:00,3.4165,3.417,3.416,3.4165,3.4215,3.422,3.421,3.4215,4
2026-02-05 09:43:00,3.416,3.416,3.4095,3.411,3.421,3.421,3.4145,3.416,12
2026-02-05 09:44:00,3.4105,3.4105,3.4075,3.408,3.4155,3.4155,3.4125,3.413,12
2026-02-05 09:45:00,3.4085,3.41,3.4075,3.408,3.4135,3.415,3.4125,3.413,9
2026-02-05 09:46:00,3.4075,3.4075,3.4035,3.404,3.4125,3.4125,3.4085,3.409,15
2026-02-05 09:47:00,3.4035,3.4055,3.4025,3.4045,3.4085,3.4105,3.4075,3.4095,8
2026-02-05 09:48:00,3.404,3.4105,3.403,3.4105,3.409,3.4155,3.408,3.4155,23
2026-02-05 09:49:00,3.4095,3.4095,3.398,3.3995,3.4145,3.4145,3.403,3.4045,28
2026-02-05 09:50:00,3.398,3.3995,3.398,3.398,3.403,3.4045,3.403,3.403,6
2026-02-05 09:51:00,3.3975,3.3985,3.3955,3.3965,3.4025,3.4035,3.4005,3.4015,15
2026-02-05 09:52:00,3.3975,3.399,3.3935,3.3935,3.4025,3.404,3.3985,3.3985,13
2026-02-05 09:53:00,3.394,3.3955,3.3915,3.3925,3.399,3.4005,3.3965,3.3975,12
2026-02-05 09:54:00,3.393,3.393,3.393,3.393,3.398,3.398,3.398,3.398,1
2026-02-05 09:55:00,3.3935,3.4015,3.3925,3.4,3.3985,3.4065,3.3975,3.405,26
2026-02-05 09:56:00,3.4005,3.4005,3.3945,3.3945,3.4055,3.4055,3.3995,3.3995,13
2026-02-05 09:57:00,3.3935,3.399,3.3935,3.3985,3.3985,3.404,3.3985,3.4035,15
2026-02-05 09:58:00,3.399,3.4005,3.399,3.4005,3.404,3.4055,3.404,3.4055,5
2026-02-05 09:59:00,3.4015,3.4015,3.3995,3.4,3.4065,3.4065,3.4045,3.405,5
2026-02-05 10:00:00,3.4005,3.401,3.3955,3.397,3.4055,3.406,3.4005,3.402,21
2026-02-05 10:01:00,3.3965,3.3965,3.3935,3.3935,3.4015,3.4015,3.3985,3.3985,10
2026-02-05 10:02:00,3.394,3.3945,3.3925,3.3935,3.399,3.3995,3.3975,3.3985,7
2026-02-05 10:03:00,3.393,3.3935,3.392,3.3925,3.398,3.3985,3.397,3.3975,5
2026-02-05 10:04:00,3.3915,3.3935,3.3825,3.3915,3.3965,3.3985,3.3875,3.3965,29
2026-02-05 10:05:00,3.391,3.3935,3.387,3.3935,3.396,3.3985,3.392,3.3985,21
2026-02-05 10:06:00,3.393,3.3955,3.392,3.3955,3.398,3.4005,3.397,3.4005,11
2026-02-05 10:07:00,3.396,3.3975,3.395,3.397,3.401,3.4025,3.4,3.402,9
2026-02-05 10:08:00,3.396,3.396,3.39,3.3915,3.401,3.401,3.395,3.3965,14
2026-02-05 10:09:00,3.3905,3.3905,3.3895,3.39,3.3955,3.3955,3.3945,3.395,5
2026-02-05 10:10:00,3.3905,3.3915,3.39,3.3915,3.3955,3.3965,3.395,3.3965,4
2026-02-05 10:11:00,3.3925,3.4015,3.3925,3.4,3.3975,3.4065,3.3975,3.405,26
2026-02-05 10:12:00,3.3995,3.3995,3.396,3.397,3.4045,3.4045,3.401,3.402,13
2026-02-05 10:13:00,3.3965,3.3975,3.393,3.3955,3.4015,3.4025,3.398,3.4005,16
2026-02-05 10:14:00,3.3945,3.396,3.3945,3.395,3.3995,3.401,3.3995,3.4,4
2026-02-05 10:15:00,3.3945,3.3945,3.3885,3.3885,3.3995,3.3995,3.3935,3.3935,15
2026-02-05 10:16:00,3.3895,3.3935,3.3895,3.3915,3.3945,3.3985,3.3945,3.3965,14
2026-02-05 10:17:00,3.391,3.391,3.391,3.391,3.396,3.396,3.396,3.396,1
2026-02-05 10:18:00,3.3915,3.393,3.3915,3.392,3.3965,3.398,3.3965,3.397,4
2026-02-05 10:19:00,3.3915,3.392,3.3905,3.3905,3.3965,3.397,3.3955,3.3955,5
2026-02-05 10:20:00,3.391,3.3935,3.384,3.3865,3.396,3.3985,3.389,3.3915,26
2026-02-05 10:21:00,3.385,3.387,3.3815,3.383,3.39,3.392,3.3865,3.388,35
2026-02-05 10:22:00,3.382,3.3845,3.3815,3.3845,3.387,3.3895,3.3865,3.3895,9
2026-02-05 10:23:00,3.384,3.3885,3.384,3.388,3.389,3.3935,3.389,3.393,15
2026-02-05 10:24:00,3.3895,3.3995,3.3895,3.3975,3.3945,3.4045,3.3945,3.4025,37
2026-02-05 10:25:00,3.397,3.397,3.394,3.396,3.402,3.402,3.399,3.401,11
2026-02-05 10:26:00,3.3955,3.3955,3.386,3.388,3.4005,3.4005,3.391,3.393,16
2026-02-05 10:27:00,3.389,3.389,3.3885,3.389,3.394,3.394,3.3935,3.394,5
2026-02-05 10:28:00,3.3885,3.39,3.3885,3.39,3.3935,3.395,3.3935,3.395,6
2026-02-05 10:29:00,3.3895,3.39,3.389,3.39,3.3945,3.395,3.394,3.395,4
2026-02-05 10:30:00,3.3905,3.3905,3.3765,3.38,3.3955,3.3955,3.3815,3.385,38
2026-02-05 10:31:00,3.381,3.384,3.381,3.382,3.386,3.389,3.386,3.387,15
2026-02-05 10:32:00,3.3825,3.3825,3.3805,3.3825,3.3875,3.3875,3.3855,3.3875,6
2026-02-05 10:33:00,3.382,3.382,3.379,3.379,3.387,3.387,3.384,3.384,7
2026-02-05 10:34:00,3.3785,3.3785,3.3685,3.369,3.3835,3.3835,3.3735,3.374,25
2026-02-05 10:35:00,3.3685,3.3705,3.3675,3.37,3.3735,3.3755,3.3725,3.375,11
2026-02-05 10:36:00,3.371,3.371,3.366,3.366,3.376,3.376,3.371,3.371,10
2026-02-05 10:37:00,3.3665,3.3665,3.3655,3.3665,3.3715,3.3715,3.3705,3.3715,9
2026-02-05 10:38:00,3.367,3.374,3.367,3.3725,3.372,3.379,3.372,3.3775,9
2026-02-05 10:39:00,3.372,3.372,3.3715,3.3715,3.377,3.377,3.3765,3.3765,2
2026-02-05 10:40:00,3.371,3.3785,3.37,3.3705,3.376,3.3835,3.375,3.3755,24
2026-02-05 10:41:00,3.37,3.3795,3.37,3.378,3.375,3.3845,3.375,3.383,16
2026-02-05 10:42:00,3.38,3.38,3.377,3.379,3.385,3.385,3.382,3.384,7
2026-02-05 10:43:00,3.3795,3.3795,3.3775,3.3775,3.3845,3.3845,3.3825,3.3825,13
2026-02-05 10:44:00,3.376,3.377,3.375,3.3765,3.381,3.382,3.38,3.3815,10
2026-02-05 10:45:00,3.377,3.377,3.371,3.372,3.382,3.382,3.376,3.377,11
2026-02-05 10:46:00,3.3725,3.375,3.3725,3.375,3.3775,3.38,3.3775,3.38,5
2026-02-05 10:47:00,3.3755,3.377,3.3735,3.375,3.3805,3.382,3.3785,3.38,8
2026-02-05 10:48:00,3.3755,3.3755,3.3735,3.3745,3.3805,3.3805,3.3785,3.3795,6
2026-02-05 10:50:00,3.3735,3.3755,3.373,3.374,3.3785,3.3805,3.378,3.379,7
2026-02-05 10:51:00,3.373,3.373,3.369,3.369,3.378,3.378,3.374,3.374,14
2026-02-05 10:52:00,3.368,3.376,3.3665,3.376,3.373,3.381,3.3715,3.381,16
2026-02-05 10:53:00,3.3765,3.3765,3.375,3.3765,3.3815,3.3815,3.38,3.3815,6
2026-02-05 10:54:00,3.3775,3.3775,3.376,3.376,3.3825,3.3825,3.381,3.381,10
2026-02-05 10:55:00,3.3765,3.379,3.375,3.379,3.3815,3.384,3.38,3.384,14
2026-02-05 10:56:00,3.3795,3.3835,3.3795,3.3825,3.3845,3.3885,3.3845,3.3875,13
2026-02-05 10:57:00,3.382,3.3855,3.38,3.3805,3.387,3.3905,3.385,3.3855,25
2026-02-05 10:58:00,3.38,3.38,3.372,3.372,3.385,3.385,3.377,3.377,15
2026-02-05 10:59:00,3.3725,3.378,3.372,3.3755,3.3775,3.383,3.377,3.3805,20
2026-02-05 11:00:00,3.3765,3.3805,3.376,3.3785,3.3815,3.3855,3.381,3.3835,18
2026-02-05 11:01:00,3.379,3.3795,3.3765,3.379,3.384,3.3845,3.3815,3.384,12
2026-02-05 11:02:00,3.3785,3.382,3.3785,3.3815,3.3835,3.387,3.3835,3.3865,15
2026-02-05 11:03:00,3.381,3.3835,3.3795,3.383,3.386,3.3885,3.3845,3.388,21
2026-02-05 11:04:00,3.3835,3.3835,3.3815,3.3815,3.3885,3.3885,3.3865,3.3865,13
2026-02-05 11:05:00,3.381,3.3835,3.381,3.3835,3.386,3.3885,3.386,3.3885,12
2026-02-05 11:06:00,3.3825,3.3825,3.3755,3.3755,3.3875,3.3875,3.3805,3.3805,23
2026-02-05 11:07:00,3.376,3.3765,3.3715,3.3715,3.381,3.3815,3.3765,3.3765,14
2026-02-05 11:08:00,3.3705,3.371,3.3665,3.3675,3.3755,3.376,3.3715,3.3725,16
2026-02-05 11:09:00,3.3685,3.3685,3.3675,3.368,3.3735,3.3735,3.3725,3.373,5
2026-02-05 11:10:00,3.369,3.3735,3.3685,3.371,3.374,3.3785,3.3735,3.376,11
2026-02-05 11:11:00,3.372,3.375,3.372,3.3745,3.377,3.38,3.377,3.3795,8
2026-02-05 11:12:00,3.374,3.3765,3.3725,3.3755,3.379,3.3815,3.3775,3.3805,9
2026-02-05 11:13:00,3.375,3.376,3.374,3.3745,3.38,3.381,3.379,3.3795,5
2026-02-05 11:14:00,3.375,3.3775,3.374,3.3775,3.38,3.3825,3.379,3.3825,14
2026-02-05 11:15:00,3.377,3.3775,3.3755,3.377,3.382,3.3825,3.3805,3.382,9
2026-02-05 11:16:00,3.3775,3.378,3.373,3.3745,3.3825,3.383,3.378,3.3795,8
2026-02-05 11:17:00,3.374,3.375,3.3725,3.3735,3.379,3.38,3.3775,3.3785,12
2026-02-05 11:18:00,3.373,3.3815,3.373,3.3765,3.378,3.3865,3.378,3.3815,24
2026-02-05 11:19:00,3.377,3.3775,3.3705,3.3745,3.382,3.3825,3.3755,3.3795,16
2026-02-05 11:20:00,3.375,3.3805,3.375,3.3785,3.38,3.3855,3.38,3.3835,14
2026-02-05 11:21:00,3.377,3.377,3.369,3.3695,3.382,3.382,3.374,3.3745,10
2026-02-05 11:22:00,3.3685,3.3705,3.368,3.37,3.3735,3.3755,3.373,3.375,8
2026-02-05 11:23:00,3.369,3.3705,3.366,3.3695,3.374,3.3755,3.371,3.3745,20
2026-02-05 11:24:00,3.3705,3.3705,3.37,3.37,3.3755,3.3755,3.375,3.375,2
2026-02-05 11:25:00,3.3695,3.371,3.3685,3.371,3.3745,3.376,3.3735,3.376,8
2026-02-05 11:26:00,3.3705,3.3715,3.369,3.3715,3.3755,3.3765,3.374,3.3765,8
2026-02-05 11:27:00,3.3705,3.371,3.3655,3.3655,3.3755,3.376,3.3705,3.3705,16
2026-02-05 11:28:00,3.365,3.3675,3.3565,3.358,3.37,3.3725,3.3615,3.363,29
2026-02-05 11:29:00,3.3585,3.3655,3.3585,3.3615,3.3635,3.3705,3.3635,3.3665,32
2026-02-05 11:30:00,3.361,3.363,3.3565,3.3565,3.366,3.368,3.3615,3.3615,15
2026-02-05 11:31:00,3.357,3.362,3.356,3.362,3.362,3.367,3.361,3.367,9
2026-02-05 11:32:00,3.3615,3.369,3.3615,3.368,3.3665,3.374,3.3665,3.373,19
2026-02-05 11:33:00,3.3685,3.3735,3.3685,3.3735,3.3735,3.3785,3.3735,3.3785,25
2026-02-05 11:34:00,3.3725,3.3725,3.369,3.37,3.3775,3.3775,3.374,3.375,9
2026-02-05 11:35:00,3.369,3.369,3.362,3.362,3.374,3.374,3.367,3.367,13
2026-02-05 11:36:00,3.3625,3.3645,3.3625,3.3635,3.3675,3.3695,3.3675,3.3685,11
2026-02-05 11:37:00,3.363,3.363,3.36,3.361,3.368,3.368,3.365,3.366,12
2026-02-05 11:38:00,3.3615,3.3615,3.3535,3.3545,3.3665,3.3665,3.3585,3.3595,17
2026-02-05 11:39:00,3.354,3.354,3.3485,3.35,3.359,3.359,3.3535,3.355,29
2026-02-05 11:40:00,3.3495,3.3555,3.3495,3.355,3.3545,3.3605,3.3545,3.36,25
2026-02-05 11:41:00,3.3545,3.3545,3.3495,3.3525,3.3595,3.3595,3.3545,3.3575,13
2026-02-05 11:42:00,3.3515,3.353,3.3515,3.3525,3.3565,3.358,3.3565,3.3575,7
2026-02-05 11:43:00,3.352,3.3535,3.352,3.353,3.357,3.3585,3.357,3.358,6
2026-02-05 11:44:00,3.3535,3.355,3.3515,3.353,3.3585,3.36,3.3565,3.358,12
2026-02-05 11:45:00,3.354,3.356,3.3535,3.356,3.359,3.361,3.3585,3.361,8
2026-02-05 11:46:00,3.3565,3.364,3.3565,3.3625,3.3615,3.369,3.3615,3.3675,31
2026-02-05 11:47:00,3.3635,3.3645,3.3605,3.3645,3.3685,3.3695,3.3655,3.3695,11
2026-02-05 11:48:00,3.364,3.3675,3.364,3.3665,3.369,3.3725,3.369,3.3715,15
2026-02-05 11:49:00,3.3675,3.3685,3.365,3.365,3.3725,3.3735,3.37,3.37,16
2026-02-05 11:50:00,3.3655,3.3655,3.3645,3.365,3.3705,3.3705,3.3695,3.37,4
2026-02-05 11:51:00,3.3655,3.3685,3.365,3.368,3.3705,3.3735,3.37,3.373,7
2026-02-05 11:52:00,3.3685,3.372,3.362,3.3645,3.3735,3.377,3.367,3.3695,28
2026-02-05 11:53:00,3.365,3.366,3.3585,3.361,3.37,3.371,3.3635,3.366,14
2026-02-05 11:54:00,3.3615,3.3635,3.361,3.361,3.3665,3.3685,3.366,3.366,11
2026-02-05 11:55:00,3.36,3.3615,3.3595,3.3615,3.365,3.3665,3.3645,3.3665,6
2026-02-05 11:56:00,3.362,3.369,3.362,3.367,3.367,3.374,3.367,3.372,13
2026-02-05 11:57:00,3.3685,3.3715,3.368,3.371,3.3735,3.3765,3.373,3.376,9
2026-02-05 11:58:00,3.37,3.3765,3.368,3.375,3.375,3.3815,3.373,3.38,26
2026-02-05 11:59:00,3.3745,3.3745,3.3705,3.3725,3.3795,3.3795,3.3755,3.3775,8
2026-02-05 12:00:00,3.3735,3.377,3.37,3.3715,3.3785,3.382,3.375,3.3765,22
2026-02-05 12:01:00,3.371,3.3745,3.371,3.3735,3.376,3.3795,3.376,3.3785,17
2026-02-05 12:02:00,3.3745,3.3815,3.373,3.3765,3.3795,3.3865,3.378,3.3815,22
2026-02-05 12:03:00,3.378,3.393,3.378,3.3915,3.383,3.398,3.383,3.3965,33
2026-02-05 12:04:00,3.3895,3.4045,3.3895,3.402,3.3945,3.4095,3.3945,3.407,24
2026-02-05 12:05:00,3.4025,3.415,3.401,3.4115,3.4075,3.42,3.406,3.4165,46
2026-02-05 12:06:00,3.412,3.412,3.4025,3.404,3.417,3.417,3.4075,3.409,32
2026-02-05 12:07:00,3.403,3.4035,3.3995,3.401,3.408,3.4085,3.4045,3.406,10
2026-02-05 12:08:00,3.4005,3.406,3.3995,3.4055,3.4055,3.411,3.4045,3.4105,15
2026-02-05 12:09:00,3.405,3.4075,3.4045,3.406,3.41,3.4125,3.4095,3.411,11
2026-02-05 12:10:00,3.4065,3.4065,3.4015,3.4015,3.4115,3.4115,3.4065,3.4065,14
2026-02-05 12:11:00,3.401,3.4065,3.4005,3.406,3.406,3.4115,3.4055,3.411,14
2026-02-05 12:12:00,3.4065,3.407,3.4035,3.4035,3.4115,3.412,3.4085,3.4085,16
2026-02-05 12:13:00,3.404,3.409,3.403,3.409,3.409,3.414,3.408,3.414,15
2026-02-05 12:14:00,3.408,3.4215,3.406,3.4155,3.413,3.4265,3.411,3.4205,37
2026-02-05 12:15:00,3.4145,3.4195,3.411,3.419,3.4195,3.4245,3.416,3.424,23
2026-02-05 12:16:00,3.4195,3.4255,3.4195,3.4205,3.4245,3.4305,3.4245,3.4255,29
2026-02-05 12:17:00,3.4215,3.43,3.4215,3.4275,3.4265,3.435,3.4265,3.4325,24
2026-02-05 12:18:00,3.428,3.4375,3.4275,3.4335,3.433,3.4425,3.4325,3.4385,38
2026-02-05 12:19:00,3.433,3.436,3.4325,3.434,3.438,3.441,3.4375,3.439,16
2026-02-05 12:20:00,3.4335,3.438,3.4335,3.435,3.4385,3.443,3.4385,3.44,20
2026-02-05 12:21:00,3.4345,3.4405,3.4285,3.4305,3.4395,3.4455,3.4335,3.4355,23
2026-02-05 12:22:00,3.4315,3.434,3.4295,3.4335,3.4365,3.439,3.4345,3.4385,23
2026-02-05 12:23:00,3.434,3.4365,3.4335,3.435,3.439,3.4415,3.4385,3.44,15
2026-02-05 12:24:00,3.4345,3.437,3.4335,3.4335,3.4395,3.442,3.4385,3.4385,7
2026-02-05 12:25:00,3.434,3.434,3.4325,3.4325,3.439,3.439,3.4375,3.4375,3
2026-02-05 12:26:00,3.432,3.4325,3.43,3.43,3.437,3.4375,3.435,3.435,10
2026-02-05 12:27:00,3.432,3.432,3.4245,3.43,3.437,3.437,3.4295,3.435,22
2026-02-05 12:28:00,3.431,3.4495,3.431,3.4495,3.436,3.4545,3.436,3.4545,36
2026-02-05 12:29:00,3.449,3.4555,3.447,3.4545,3.454,3.4605,3.452,3.4595,27
2026-02-05 12:30:00,3.454,3.4545,3.4435,3.4455,3.459,3.4595,3.4485,3.4505,32
2026-02-05 12:31:00,3.446,3.449,3.4445,3.4455,3.451,3.454,3.4495,3.4505,18
2026-02-05 12:32:00,3.445,3.4455,3.436,3.439,3.45,3.4505,3.441,3.444,22
2026-02-05 12:33:00,3.438,3.438,3.4335,3.435,3.443,3.443,3.4385,3.44,18
2026-02-05 12:34:00,3.4335,3.4455,3.4335,3.4425,3.4385,3.4505,3.4385,3.4475,14
2026-02-05 12:35:00,3.442,3.4425,3.4385,3.4395,3.447,3.4475,3.4435,3.4445,11
2026-02-05 12:36:00,3.4405,3.4475,3.4405,3.443,3.4455,3.4525,3.4455,3.448,18
2026-02-05 12:37:00,3.4435,3.4485,3.4405,3.4445,3.4485,3.4535,3.4455,3.4495,27
2026-02-05 12:38:00,3.445,3.4555,3.4425,3.4535,3.45,3.4605,3.4475,3.4585,22
2026-02-05 12:39:00,3.4525,3.4535,3.4505,3.451,3.4575,3.4585,3.4555,3.456,13
2026-02-05 12:40:00,3.4505,3.457,3.45,3.456,3.4555,3.462,3.455,3.461,19
2026-02-05 12:41:00,3.4565,3.4605,3.451,3.459,3.4615,3.4655,3.456,3.464,32
2026-02-05 12:42:00,3.4585,3.4585,3.449,3.453,3.4635,3.4635,3.454,3.458,22
2026-02-05 12:43:00,3.4525,3.456,3.4515,3.4545,3.4575,3.461,3.4565,3.4595,19
2026-02-05 12:44:00,3.455,3.4555,3.4525,3.4545,3.46,3.4605,3.4575,3.4595,15
2026-02-05 12:45:00,3.4535,3.4565,3.4525,3.4535,3.4585,3.4615,3.4575,3.4585,26
2026-02-05 12:46:00,3.454,3.454,3.4505,3.4505,3.459,3.459,3.4555,3.4555,10
2026-02-05 12:47:00,3.4495,3.451,3.4465,3.451,3.4545,3.456,3.4515,3.456,18
2026-02-05 12:48:00,3.45,3.454,3.4485,3.4535,3.455,3.459,3.4535,3.4585,7
2026-02-05 12:49:00,3.453,3.453,3.448,3.451,3.458,3.458,3.453,3.456,16
2026-02-05 12:50:00,3.4505,3.4515,3.449,3.449,3.4555,3.4565,3.454,3.454,8
2026-02-05 12:51:00,3.4495,3.4515,3.4485,3.45,3.4545,3.4565,3.4535,3.455,24
2026-02-05 12:52:00,3.4485,3.4515,3.4465,3.4515,3.4535,3.4565,3.4515,3.4565,14
2026-02-05 12:53:00,3.4505,3.4585,3.4505,3.456,3.4555,3.4635,3.4555,3.461,39
2026-02-05 12:54:00,3.4565,3.4565,3.4545,3.4555,3.4615,3.4615,3.4595,3.4605,9
2026-02-05 12:55:00,3.455,3.4635,3.454,3.4605,3.46,3.4685,3.459,3.4655,25
2026-02-05 12:56:00,3.461,3.461,3.4555,3.4575,3.466,3.466,3.4605,3.4625,13
2026-02-05 12:57:00,3.4565,3.459,3.4535,3.4535,3.4615,3.464,3.4585,3.4585,17
2026-02-05 12:58:00,3.4545,3.457,3.454,3.457,3.4595,3.462,3.459,3.462,9
2026-02-05 12:59:00,3.4565,3.457,3.4525,3.453,3.4615,3.462,3.4575,3.458,19
2026-02-05 13:00:00,3.4535,3.454,3.4395,3.44,3.4585,3.459,3.4445,3.445,47
2026-02-05 13:01:00,3.4395,3.441,3.435,3.436,3.4445,3.446,3.44,3.441,29
2026-02-05 13:02:00,3.435,3.436,3.4275,3.4345,3.44,3.441,3.4325,3.4395,46
2026-02-05 13:03:00,3.434,3.4455,3.434,3.4415,3.439,3.4505,3.439,3.4465,33
2026-02-05 13:04:00,3.441,3.445,3.4405,3.4435,3.446,3.45,3.4455,3.4485,13
2026-02-05 13:05:00,3.443,3.444,3.4285,3.431,3.448,3.449,3.4335,3.436,25
2026-02-05 13:06:00,3.4315,3.4315,3.4255,3.429,3.4365,3.4365,3.4305,3.434,25
2026-02-05 13:07:00,3.4295,3.4295,3.425,3.427,3.4345,3.4345,3.43,3.432,16
2026-02-05 13:08:00,3.4275,3.438,3.4215,3.438,3.4325,3.443,3.4265,3.443,38
2026-02-05 13:09:00,3.437,3.4375,3.436,3.437,3.442,3.4425,3.441,3.442,8
2026-02-05 13:10:00,3.436,3.4375,3.434,3.435,3.441,3.4425,3.439,3.44,15
2026-02-05 13:11:00,3.436,3.436,3.4315,3.434,3.441,3.441,3.4365,3.439,15
2026-02-05 13:12:00,3.4345,3.4365,3.4345,3.436,3.4395,3.4415,3.4395,3.441,8
2026-02-05 13:13:00,3.4345,3.436,3.433,3.4355,3.4395,3.441,3.438,3.4405,13
2026-02-05 13:14:00,3.4345,3.4385,3.4325,3.4365,3.4395,3.4435,3.4375,3.4415,15
2026-02-05 13:15:00,3.4355,3.4555,3.435,3.4545,3.4405,3.4605,3.44,3.4595,62
2026-02-05 13:16:00,3.4695,3.4695,3.4485,3.4505,3.4745,3.4745,3.4535,3.4555,65
2026-02-05 13:17:00,3.451,3.451,3.438,3.4405,3.456,3.456,3.443,3.4455,41
2026-02-05 13:18:00,3.44,3.4455,3.4385,3.4445,3.445,3.4505,3.4435,3.4495,17
2026-02-05 13:19:00,3.4435,3.4435,3.4375,3.439,3.4485,3.4485,3.4425,3.444,22
2026-02-05 13:20:00,3.4395,3.44,3.4255,3.4285,3.4445,3.445,3.4305,3.4335,35
2026-02-05 13:21:00,3.429,3.4385,3.4275,3.438,3.434,3.4435,3.4325,3.443,34
2026-02-05 13:22:00,3.4375,3.446,3.433,3.4435,3.4425,3.451,3.438,3.4485,35
2026-02-05 13:23:00,3.444,3.445,3.437,3.445,3.449,3.45,3.442,3.45,23
2026-02-05 13:24:00,3.4455,3.4535,3.4455,3.451,3.4505,3.4585,3.4505,3.456,40
2026-02-05 13:25:00,3.4515,3.4565,3.437,3.4445,3.4565,3.4615,3.442,3.4495,109
2026-02-05 13:26:00,3.445,3.4485,3.44,3.446,3.45,3.4535,3.445,3.451,29
2026-02-05 13:27:00,3.445,3.446,3.4425,3.4455,3.45,3.451,3.4475,3.4505,19
2026-02-05 13:28:00,3.4465,3.457,3.4455,3.4495,3.4515,3.462,3.4505,3.4545,41
2026-02-05 13:29:00,3.4485,3.4635,3.4485,3.462,3.4535,3.4685,3.4535,3.467,46
2026-02-05 13:30:00,3.461,3.4625,3.4585,3.4615,3.466,3.4675,3.4635,3.4665,21
2026-02-05 13:31:00,3.461,3.461,3.4565,3.458,3.466,3.466,3.4615,3.463,25
2026-02-05 13:32:00,3.4585,3.4595,3.4545,3.457,3.4635,3.4645,3.4595,3.462,27
2026-02-05 13:33:00,3.458,3.458,3.455,3.457,3.463,3.463,3.46,3.462,18
2026-02-05 13:34:00,3.456,3.462,3.456,3.4585,3.461,3.467,3.461,3.4635,18
2026-02-05 13:35:00,3.458,3.461,3.4545,3.4575,3.463,3.466,3.4595,3.4625,28
2026-02-05 13:36:00,3.457,3.4615,3.4545,3.46,3.462,3.4665,3.4595,3.465,38
2026-02-05 13:37:00,3.459,3.4685,3.459,3.4645,3.464,3.4735,3.464,3.4695,48
2026-02-05 13:38:00,3.4655,3.477,3.4655,3.4745,3.4705,3.482,3.4705,3.4795,83
2026-02-05 13:39:00,3.4755,3.4775,3.471,3.476,3.4805,3.4825,3.476,3.481,43
2026-02-05 13:40:00,3.4765,3.4765,3.461,3.4705,3.4815,3.4815,3.466,3.4755,54
2026-02-05 13:41:00,3.47,3.474,3.4665,3.4665,3.475,3.479,3.4715,3.4715,27
2026-02-05 13:42:00,3.466,3.4715,3.4655,3.4685,3.471,3.4765,3.4705,3.4735,25
2026-02-05 13:43:00,3.468,3.468,3.446,3.4485,3.473,3.473,3.451,3.4535,47
2026-02-05 13:44:00,3.449,3.4515,3.437,3.441,3.454,3.4565,3.442,3.446,62
2026-02-05 13:45:00,3.4405,3.4545,3.4395,3.4525,3.4455,3.4595,3.4445,3.4575,45
2026-02-05 13:46:00,3.4535,3.458,3.445,3.4465,3.4585,3.463,3.45,3.4515,47
2026-02-05 13:47:00,3.447,3.4525,3.4425,3.4525,3.452,3.4575,3.4475,3.4575,47
2026-02-05 13:48:00,3.4515,3.4695,3.4495,3.469,3.4565,3.4745,3.4545,3.474,82
2026-02-05 13:49:00,3.468,3.4715,3.4645,3.469,3.473,3.4765,3.4695,3.474,37
2026-02-05 13:50:00,3.4685,3.469,3.4585,3.4595,3.4735,3.474,3.4635,3.4645,35
2026-02-05 13:51:00,3.459,3.4655,3.459,3.463,3.464,3.4705,3.464,3.468,37
2026-02-05 13:52:00,3.4635,3.4695,3.462,3.4685,3.4685,3.4745,3.467,3.4735,22
2026-02-05 13:53:00,3.469,3.473,3.4645,3.47,3.474,3.478,3.4695,3.475,26
2026-02-05 13:54:00,3.4695,3.4715,3.4635,3.4675,3.4745,3.4765,3.4685,3.4725,26
2026-02-05 13:55:00,3.467,3.4765,3.4655,3.4745,3.472,3.4815,3.4705,3.4795,43
2026-02-05 13:56:00,3.475,3.475,3.4645,3.475,3.48,3.48,3.4695,3.48,48
2026-02-05 13:57:00,3.4745,3.481,3.4745,3.4745,3.4795,3.486,3.4795,3.4795,46
2026-02-05 13:58:00,3.474,3.478,3.4735,3.4765,3.479,3.483,3.4785,3.4815,29
2026-02-05 13:59:00,3.476,3.476,3.4665,3.47,3.481,3.481,3.4715,3.475,34
2026-02-05 14:00:00,3.4715,3.481,3.4715,3.4795,3.4765,3.486,3.4765,3.4845,91
2026-02-05 14:01:00,3.479,3.485,3.4735,3.479,3.484,3.49,3.4785,3.484,63
2026-02-05 14:02:00,3.4785,3.4895,3.4775,3.4795,3.4835,3.4945,3.4825,3.4845,65
2026-02-05 14:03:00,3.479,3.481,3.4595,3.461,3.484,3.486,3.4645,3.466,76
2026-02-05 14:04:00,3.4615,3.4625,3.4535,3.4585,3.4665,3.4675,3.4585,3.4635,50
2026-02-05 14:05:00,3.4595,3.4655,3.453,3.457,3.4645,3.4705,3.458,3.462,75
2026-02-05 14:06:00,3.4565,3.4565,3.445,3.4495,3.4615,3.4615,3.45,3.4545,60
2026-02-05 14:07:00,3.451,3.4625,3.4505,3.4625,3.456,3.4675,3.4555,3.4675,43
2026-02-05 14:08:00,3.463,3.463,3.4535,3.4615,3.468,3.468,3.4585,3.4665,54
2026-02-05 14:09:00,3.461,3.4655,3.4595,3.462,3.466,3.4705,3.4645,3.467,36
2026-02-05 14:10:00,3.461,3.4635,3.4505,3.455,3.466,3.4685,3.4555,3.46,56
2026-02-05 14:11:00,3.454,3.454,3.444,3.4465,3.459,3.459,3.449,3.4515,28
2026-02-05 14:12:00,3.4475,3.464,3.4465,3.451,3.4525,3.469,3.4515,3.456,67
2026-02-05 14:13:00,3.452,3.4555,3.4475,3.4515,3.457,3.4605,3.4525,3.4565,36
2026-02-05 14:14:00,3.4525,3.454,3.449,3.45,3.4575,3.459,3.454,3.455,16
2026-02-05 14:15:00,3.4505,3.4585,3.449,3.456,3.4555,3.4635,3.454,3.461,49
2026-02-05 14:16:00,3.455,3.4555,3.4355,3.4355,3.46,3.4605,3.4405,3.4405,59
2026-02-05 14:17:00,3.4345,3.4415,3.432,3.4405,3.4395,3.4465,3.437,3.4455,62
2026-02-05 14:18:00,3.441,3.445,3.44,3.441,3.446,3.45,3.445,3.446,42
2026-02-05 14:19:00,3.4415,3.4425,3.432,3.435,3.4465,3.4475,3.437,3.44,35
2026-02-05 14:20:00,3.4345,3.4455,3.4305,3.443,3.4395,3.4505,3.4355,3.448,56
2026-02-05 14:21:00,3.4435,3.446,3.4405,3.4415,3.4485,3.451,3.4455,3.4465,32
2026-02-05 14:22:00,3.441,3.446,3.4345,3.4445,3.446,3.451,3.4395,3.4495,72
2026-02-05 14:23:00,3.445,3.449,3.44,3.4465,3.45,3.454,3.445,3.4515,46
2026-02-05 14:24:00,3.4455,3.4475,3.4395,3.4435,3.4505,3.4525,3.4445,3.4485,36
2026-02-05 14:25:00,3.4425,3.4425,3.4325,3.436,3.4475,3.4475,3.4375,3.441,56
2026-02-05 14:26:00,3.435,3.435,3.4165,3.429,3.44,3.44,3.4215,3.434,105
2026-02-05 14:27:00,3.4275,3.4285,3.4195,3.422,3.4325,3.4335,3.4245,3.427,44
2026-02-05 14:28:00,3.4215,3.4265,3.4175,3.422,3.4265,3.4315,3.4225,3.427,44
2026-02-05 14:29:00,3.424,3.4245,3.4205,3.4205,3.429,3.4295,3.4255,3.4255,25
2026-02-05 14:30:00,3.42,3.4285,3.4195,3.4225,3.425,3.4335,3.4245,3.4275,67
2026-02-05 14:31:00,3.423,3.425,3.4185,3.4235,3.428,3.43,3.4235,3.4285,40
2026-02-05 14:32:00,3.423,3.4315,3.4195,3.4295,3.428,3.4365,3.4245,3.4345,57
2026-02-05 14:33:00,3.429,3.4355,3.4265,3.4305,3.434,3.4405,3.4315,3.4355,45
2026-02-05 14:34:00,3.43,3.4335,3.4265,3.4295,3.435,3.4385,3.4315,3.4345,42
2026-02-05 14:35:00,3.43,3.43,3.421,3.424,3.435,3.435,3.426,3.429,46
2026-02-05 14:36:00,3.4235,3.4255,3.4095,3.4115,3.4285,3.4305,3.4145,3.4165,65
2026-02-05 14:37:00,3.412,3.4185,3.412,3.416,3.417,3.4235,3.417,3.421,38
2026-02-05 14:38:00,3.4165,3.4235,3.4155,3.4195,3.4215,3.4285,3.4205,3.4245,64
2026-02-05 14:39:00,3.4185,3.4235,3.4165,3.4215,3.4235,3.4285,3.4215,3.4265,37
2026-02-05 14:40:00,3.422,3.4385,3.422,3.4355,3.427,3.4435,3.427,3.4405,58
2026-02-05 14:41:00,3.435,3.4375,3.4275,3.436,3.44,3.4425,3.4325,3.441,63
2026-02-05 14:42:00,3.435,3.461,3.4345,3.461,3.44,3.466,3.4395,3.466,111
2026-02-05 14:43:00,3.4605,3.4675,3.456,3.465,3.4655,3.4725,3.461,3.47,94
2026-02-05 14:44:00,3.4645,3.4775,3.4635,3.466,3.4695,3.4825,3.4685,3.471,93
2026-02-05 14:45:00,3.4665,3.4695,3.4655,3.4665,3.4715,3.4745,3.4705,3.4715,30
2026-02-05 14:46:00,3.468,3.4745,3.463,3.4645,3.473,3.4795,3.468,3.4695,59
2026-02-05 14:47:00,3.465,3.468,3.4605,3.4635,3.47,3.473,3.4655,3.4685,62
2026-02-05 14:48:00,3.465,3.4665,3.4545,3.456,3.47,3.4715,3.4595,3.461,58
2026-02-05 14:49:00,3.4565,3.4565,3.4505,3.4545,3.4615,3.4615,3.4555,3.4595,37
2026-02-05 14:50:00,3.4535,3.4535,3.446,3.446,3.4585,3.4585,3.451,3.451,36
2026-02-05 14:51:00,3.4465,3.4505,3.442,3.4465,3.4515,3.4555,3.447,3.4515,45
2026-02-05 14:52:00,3.446,3.4465,3.432,3.432,3.451,3.4515,3.437,3.437,45
2026-02-05 14:53:00,3.4325,3.437,3.43,3.4335,3.4375,3.442,3.435,3.4385,38
2026-02-05 14:54:00,3.434,3.4415,3.434,3.4355,3.439,3.4465,3.439,3.4405,45
2026-02-05 14:55:00,3.436,3.441,3.4305,3.4405,3.441,3.446,3.4355,3.4455,45
2026-02-05 14:56:00,3.44,3.4415,3.438,3.4415,3.445,3.4465,3.443,3.4465,24
2026-02-05 14:57:00,3.4425,3.447,3.43,3.4335,3.4475,3.452,3.435,3.4385,58
2026-02-05 14:58:00,3.4345,3.4415,3.425,3.4375,3.4395,3.4465,3.43,3.4425,72
2026-02-05 14:59:00,3.437,3.4545,3.428,3.4525,3.442,3.4595,3.433,3.4575,100
2026-02-05 15:00:00,3.4515,3.4635,3.4465,3.4615,3.4565,3.4685,3.4515,3.4665,171
2026-02-05 15:01:00,3.4625,3.4675,3.4545,3.456,3.4675,3.4725,3.4595,3.461,116
2026-02-05 15:02:00,3.455,3.4615,3.449,3.457,3.46,3.4665,3.454,3.462,84
2026-02-05 15:03:00,3.4565,3.463,3.453,3.454,3.4615,3.468,3.458,3.459,51
2026-02-05 15:04:00,3.4555,3.4615,3.4535,3.4545,3.4605,3.4665,3.4585,3.4595,44
2026-02-05 15:05:00,3.455,3.4605,3.4465,3.4565,3.46,3.4655,3.4515,3.4615,68
2026-02-05 15:06:00,3.4555,3.4675,3.4545,3.4655,3.4605,3.4725,3.4595,3.4705,43
2026-02-05 15:07:00,3.465,3.4695,3.4635,3.4645,3.47,3.4745,3.4685,3.4695,45
2026-02-05 15:08:00,3.4655,3.4765,3.4645,3.475,3.4705,3.4815,3.4695,3.48,66
2026-02-05 15:09:00,3.4745,3.491,3.4735,3.4795,3.4795,3.496,3.4785,3.4845,149
2026-02-05 15:10:00,3.479,3.479,3.4705,3.471,3.484,3.484,3.4755,3.476,48
2026-02-05 15:11:00,3.4715,3.4755,3.4625,3.4675,3.4765,3.4805,3.4675,3.4725,67
2026-02-05 15:12:00,3.4685,3.4715,3.4625,3.4695,3.4735,3.4765,3.4675,3.4745,48
2026-02-05 15:13:00,3.47,3.4815,3.47,3.4765,3.475,3.4865,3.475,3.4815,50
2026-02-05 15:14:00,3.477,3.4805,3.4685,3.4725,3.482,3.4855,3.4735,3.4775,60
2026-02-05 15:15:00,3.4715,3.4715,3.4615,3.4675,3.4765,3.4765,3.4665,3.4725,47
2026-02-05 15:16:00,3.466,3.4695,3.4555,3.4645,3.471,3.4745,3.4605,3.4695,74
2026-02-05 15:17:00,3.4655,3.4665,3.4495,3.4495,3.4705,3.4715,3.4545,3.4545,85
2026-02-05 15:18:00,3.449,3.4505,3.436,3.4475,3.454,3.4555,3.441,3.4525,121
2026-02-05 15:19:00,3.448,3.457,3.447,3.4565,3.453,3.462,3.452,3.4615,65
2026-02-05 15:20:00,3.4545,3.4595,3.4445,3.4445,3.4595,3.4645,3.4495,3.4495,90
2026-02-05 15:21:00,3.4455,3.4475,3.432,3.4345,3.4505,3.4525,3.437,3.4395,83
2026-02-05 15:22:00,3.4325,3.433,3.4245,3.432,3.4375,3.438,3.4295,3.437,98
2026-02-05 15:23:00,3.4305,3.431,3.4115,3.4195,3.4355,3.436,3.4165,3.4245,105
2026-02-05 15:24:00,3.42,3.4245,3.4185,3.4225,3.425,3.4295,3.4235,3.4275,79
2026-02-05 15:25:00,3.423,3.4255,3.4205,3.4225,3.428,3.4305,3.4255,3.4275,45
2026-02-05 15:26:00,3.422,3.4225,3.4145,3.4175,3.427,3.4275,3.4195,3.4225,63
2026-02-05 15:27:00,3.4185,3.4235,3.4145,3.421,3.4235,3.4285,3.4195,3.426,51
2026-02-05 15:28:00,3.422,3.4235,3.4125,3.4145,3.427,3.4285,3.4175,3.4195,65
2026-02-05 15:29:00,3.4155,3.419,3.4055,3.4105,3.4205,3.424,3.4105,3.4155,76
2026-02-05 15:30:00,3.4115,3.4165,3.3995,3.4015,3.4165,3.4215,3.4045,3.4065,111
2026-02-05 15:31:00,3.4025,3.404,3.3905,3.3945,3.4075,3.409,3.3955,3.3995,119
2026-02-05 15:32:00,3.395,3.3955,3.3835,3.3855,3.4,3.4005,3.3885,3.3905,93
2026-02-05 15:33:00,3.385,3.3865,3.3755,3.3815,3.39,3.3915,3.3805,3.3865,105
2026-02-05 15:34:00,3.3825,3.3875,3.3755,3.378,3.3875,3.3925,3.3805,3.383,93
2026-02-05 15:35:00,3.3785,3.384,3.3715,3.384,3.3835,3.389,3.3765,3.389,95
2026-02-05 15:36:00,3.3835,3.388,3.3775,3.38,3.3885,3.393,3.3825,3.385,76
2026-02-05 15:37:00,3.3805,3.3835,3.3675,3.3685,3.3855,3.3885,3.3725,3.3735,64
2026-02-05 15:38:00,3.3665,3.371,3.3625,3.3655,3.3715,3.376,3.3675,3.3705,93
2026-02-05 15:39:00,3.366,3.3705,3.3645,3.3685,3.371,3.3755,3.3695,3.3735,43
2026-02-05 15:40:00,3.369,3.3765,3.3685,3.3745,3.374,3.3815,3.3735,3.3795,58
2026-02-05 15:41:00,3.374,3.3775,3.3655,3.3765,3.379,3.3825,3.3705,3.3815,78
2026-02-05 15:42:00,3.377,3.3785,3.3715,3.374,3.382,3.3835,3.3765,3.379,64
2026-02-05 15:43:00,3.3735,3.3855,3.3725,3.385,3.3785,3.3905,3.3775,3.39,70
2026-02-05 15:44:00,3.3845,3.3905,3.3805,3.3885,3.3895,3.3955,3.3855,3.3935,67
2026-02-05 15:45:00,3.3875,3.3875,3.379,3.3815,3.3925,3.3925,3.384,3.3865,51
2026-02-05 15:46:00,3.382,3.3875,3.382,3.385,3.387,3.3925,3.387,3.39,49
2026-02-05 15:47:00,3.3855,3.3975,3.3855,3.3965,3.3905,3.4025,3.3905,3.4015,61
2026-02-05 15:48:00,3.398,3.3985,3.388,3.3925,3.403,3.4035,3.393,3.3975,75
2026-02-05 15:49:00,3.392,3.3935,3.3895,3.3935,3.397,3.3985,3.3945,3.3985,29
2026-02-05 15:50:00,3.394,3.3965,3.3915,3.3945,3.399,3.4015,3.3965,3.3995,56
2026-02-05 15:51:00,3.394,3.411,3.3935,3.4105,3.399,3.416,3.3985,3.4155,76
2026-02-05 15:52:00,3.41,3.4125,3.4085,3.41,3.415,3.4175,3.4135,3.415,49
2026-02-05 15:53:00,3.4095,3.4135,3.4045,3.4135,3.4145,3.4185,3.4095,3.4185,47
2026-02-05 15:54:00,3.4145,3.4225,3.4145,3.4175,3.4195,3.4275,3.4195,3.4225,58
2026-02-05 15:55:00,3.418,3.4265,3.4175,3.4215,3.423,3.4315,3.4225,3.4265,55
2026-02-05 15:56:00,3.4205,3.432,3.4205,3.43,3.4255,3.437,3.4255,3.435,41
2026-02-05 15:57:00,3.4295,3.436,3.4285,3.4315,3.4345,3.441,3.4335,3.4365,46
2026-02-05 15:58:00,3.432,3.435,3.4275,3.4275,3.437,3.44,3.4325,3.4325,33
2026-02-05 15:59:00,3.427,3.4335,3.4245,3.4335,3.432,3.4385,3.4295,3.4385,35
2026-02-05 16:00:00,3.4345,3.442,3.4295,3.4335,3.4395,3.447,3.4345,3.4385,53
2026-02-05 16:01:00,3.433,3.4395,3.432,3.4385,3.438,3.4445,3.437,3.4435,33
2026-02-05 16:02:00,3.4395,3.4405,3.4305,3.4335,3.4445,3.4455,3.4355,3.4385,46
2026-02-05 16:03:00,3.4325,3.4375,3.4325,3.4345,3.4375,3.4425,3.4375,3.4395,47
2026-02-05 16:04:00,3.434,3.438,3.4245,3.432,3.439,3.443,3.4295,3.437,71
2026-02-05 16:05:00,3.4315,3.4375,3.4315,3.437,3.4365,3.4425,3.4365,3.442,28
2026-02-05 16:06:00,3.4365,3.44,3.4355,3.4375,3.4415,3.445,3.4405,3.4425,29
2026-02-05 16:07:00,3.4365,3.4405,3.4345,3.438,3.4415,3.4455,3.4395,3.443,32
2026-02-05 16:08:00,3.439,3.4395,3.428,3.431,3.444,3.4445,3.433,3.436,44
2026-02-05 16:09:00,3.4315,3.4355,3.429,3.4305,3.4365,3.4405,3.434,3.4355,57
2026-02-05 16:10:00,3.4315,3.4385,3.4315,3.4365,3.4365,3.4435,3.4365,3.4415,44
2026-02-05 16:11:00,3.437,3.4385,3.4245,3.4245,3.442,3.4435,3.4295,3.4295,53
2026-02-05 16:12:00,3.425,3.425,3.4175,3.4175,3.43,3.43,3.4225,3.4225,54
2026-02-05 16:13:00,3.418,3.418,3.4135,3.414,3.423,3.423,3.4185,3.419,55
2026-02-05 16:14:00,3.4135,3.4185,3.4135,3.4145,3.4185,3.4235,3.4185,3.4195,47
2026-02-05 16:15:00,3.414,3.4175,3.4085,3.414,3.419,3.4225,3.4135,3.419,47
2026-02-05 16:16:00,3.4135,3.4225,3.4135,3.4215,3.4185,3.4275,3.4185,3.4265,32
2026-02-05 16:17:00,3.4225,3.428,3.4195,3.427,3.4275,3.433,3.4245,3.432,56
2026-02-05 16:18:00,3.428,3.4285,3.4225,3.4265,3.433,3.4335,3.4275,3.4315,49
2026-02-05 16:19:00,3.426,3.4305,3.4225,3.4285,3.431,3.4355,3.4275,3.4335,39
2026-02-05 16:20:00,3.429,3.4315,3.4245,3.4245,3.434,3.4365,3.4295,3.4295,47
2026-02-05 16:21:00,3.425,3.4295,3.4215,3.4285,3.43,3.4345,3.4265,3.4335,49
2026-02-05 16:22:00,3.429,3.429,3.4145,3.4165,3.434,3.434,3.4195,3.4215,58
2026-02-05 16:23:00,3.417,3.4185,3.4135,3.4185,3.422,3.4235,3.4185,3.4235,35
2026-02-05 16:24:00,3.417,3.4195,3.4125,3.4155,3.422,3.4245,3.4175,3.4205,44
2026-02-05 16:25:00,3.4165,3.4215,3.4135,3.4205,3.4215,3.4265,3.4185,3.4255,62
2026-02-05 16:26:00,3.4195,3.4235,3.414,3.417,3.4245,3.4285,3.419,3.422,68
2026-02-05 16:27:00,3.4175,3.4265,3.415,3.4245,3.4225,3.4315,3.42,3.4295,44
2026-02-05 16:28:00,3.426,3.43,3.424,3.4275,3.431,3.435,3.429,3.4325,39
2026-02-05 16:29:00,3.428,3.43,3.4175,3.425,3.433,3.435,3.4225,3.43,60
2026-02-05 16:30:00,3.4245,3.4245,3.3575,3.381,3.4295,3.4295,3.3625,3.386,362
2026-02-05 16:31:00,3.3815,3.3825,3.3325,3.3535,3.3865,3.3875,3.3375,3.3585,390
2026-02-05 16:32:00,3.3525,3.361,3.3395,3.3405,3.3575,3.366,3.3445,3.3455,201
2026-02-05 16:33:00,3.341,3.3465,3.334,3.3355,3.346,3.3515,3.339,3.3405,149
2026-02-05 16:34:00,3.3335,3.3345,3.3175,3.3315,3.3385,3.3395,3.3225,3.3365,190
2026-02-05 16:35:00,3.3325,3.3445,3.329,3.344,3.3375,3.3495,3.334,3.349,150
2026-02-05 16:36:00,3.3435,3.3435,3.3195,3.3265,3.3485,3.3485,3.3245,3.3315,147
2026-02-05 16:37:00,3.3275,3.3305,3.3075,3.312,3.3325,3.3355,3.3125,3.317,153
2026-02-05 16:38:00,3.3115,3.3125,3.2985,3.3005,3.3165,3.3175,3.3035,3.3055,123
2026-02-05 16:39:00,3.2995,3.323,3.2985,3.3225,3.3045,3.328,3.3035,3.3275,111
2026-02-05 16:40:00,3.3215,3.3285,3.318,3.3185,3.3265,3.3335,3.323,3.3235,98
2026-02-05 16:41:00,3.3175,3.3295,3.3135,3.3275,3.3225,3.3345,3.3185,3.3325,70
2026-02-05 16:42:00,3.3265,3.3265,3.3025,3.306,3.3315,3.3315,3.3075,3.311,102
2026-02-05 16:43:00,3.3065,3.3115,3.304,3.3055,3.3115,3.3165,3.309,3.3105,52
2026-02-05 16:44:00,3.3065,3.31,3.2955,3.3035,3.3115,3.315,3.3005,3.3085,78
2026-02-05 16:45:00,3.3025,3.3115,3.3025,3.3085,3.3075,3.3165,3.3075,3.3135,68
2026-02-05 16:46:00,3.309,3.313,3.296,3.297,3.314,3.318,3.301,3.302,97
2026-02-05 16:47:00,3.2975,3.303,3.2955,3.296,3.3025,3.308,3.3005,3.301,69
2026-02-05 16:48:00,3.295,3.2995,3.2905,3.2945,3.3,3.3045,3.2955,3.2995,121
2026-02-05 16:49:00,3.294,3.3045,3.2935,3.296,3.299,3.3095,3.2985,3.301,96
2026-02-05 16:50:00,3.2955,3.3065,3.2935,3.295,3.3005,3.3115,3.2985,3.3,114
2026-02-05 16:51:00,3.2955,3.3105,3.2955,3.3055,3.3005,3.3155,3.3005,3.3105,79
2026-02-05 16:52:00,3.305,3.3065,3.2965,3.3005,3.31,3.3115,3.3015,3.3055,78
2026-02-05 16:53:00,3.3,3.3065,3.299,3.3015,3.305,3.3115,3.304,3.3065,62
2026-02-05 16:54:00,3.301,3.315,3.3005,3.3085,3.306,3.32,3.3055,3.3135,102
2026-02-05 16:55:00,3.308,3.3105,3.305,3.308,3.313,3.3155,3.31,3.313,65
2026-02-05 16:56:00,3.3075,3.3105,3.3025,3.3045,3.3125,3.3155,3.3075,3.3095,74
2026-02-05 16:57:00,3.3035,3.3065,3.3005,3.3015,3.3085,3.3115,3.3055,3.3065,40
2026-02-05 16:58:00,3.3005,3.304,3.2975,3.301,3.3055,3.309,3.3025,3.306,38
2026-02-05 16:59:00,3.3015,3.3045,3.2945,3.2995,3.3065,3.3095,3.2995,3.3045,62
2026-02-05 17:00:00,3.2985,3.3025,3.2935,3.2975,3.3035,3.3075,3.2985,3.3025,67
2026-02-05 17:01:00,3.2985,3.3025,3.2875,3.2885,3.3035,3.3075,3.2925,3.2935,78
2026-02-05 17:02:00,3.288,3.2895,3.2735,3.2755,3.293,3.2945,3.2785,3.2805,123
2026-02-05 17:03:00,3.2765,3.2845,3.2745,3.2785,3.2815,3.2895,3.2795,3.2835,78
2026-02-05 17:04:00,3.2795,3.2865,3.2785,3.2845,3.2845,3.2915,3.2835,3.2895,66
2026-02-05 17:05:00,3.284,3.285,3.2695,3.272,3.289,3.29,3.2745,3.277,88
2026-02-05 17:06:00,3.2715,3.2745,3.267,3.2705,3.2765,3.2795,3.272,3.2755,129
2026-02-05 17:07:00,3.27,3.27,3.2575,3.2615,3.275,3.275,3.2625,3.2665,117
2026-02-05 17:08:00,3.261,3.2615,3.2515,3.26,3.266,3.2665,3.2565,3.265,108
2026-02-05 17:09:00,3.261,3.2625,3.2545,3.261,3.266,3.2675,3.2595,3.266,94
2026-02-05 17:10:00,3.2615,3.2645,3.2535,3.2575,3.2665,3.2695,3.2585,3.2625,84
2026-02-05 17:11:00,3.2585,3.2635,3.2545,3.259,3.2635,3.2685,3.2595,3.264,98
2026-02-05 17:12:00,3.258,3.2585,3.2535,3.2545,3.263,3.2635,3.2585,3.2595,42
2026-02-05 17:13:00,3.255,3.2555,3.2475,3.252,3.26,3.2605,3.2525,3.257,66
2026-02-05 17:14:00,3.2525,3.2615,3.252,3.2615,3.2575,3.2665,3.257,3.2665,58
2026-02-05 17:15:00,3.261,3.275,3.256,3.275,3.266,3.28,3.261,3.28,72
2026-02-05 17:16:00,3.274,3.28,3.2735,3.28,3.279,3.285,3.2785,3.285,77
2026-02-05 17:17:00,3.279,3.2845,3.279,3.281,3.284,3.2895,3.284,3.286,58
2026-02-05 17:18:00,3.2815,3.2895,3.2765,3.283,3.2865,3.2945,3.2815,3.288,62
2026-02-05 17:19:00,3.2825,3.283,3.2765,3.281,3.2875,3.288,3.2815,3.286,48
2026-02-05 17:20:00,3.282,3.2855,3.2765,3.2815,3.287,3.2905,3.2815,3.2865,50
2026-02-05 17:21:00,3.281,3.2885,3.2795,3.2865,3.286,3.2935,3.2845,3.2915,65
2026-02-05 17:22:00,3.2875,3.2935,3.281,3.2915,3.2925,3.2985,3.286,3.2965,72
2026-02-05 17:23:00,3.292,3.308,3.2915,3.3055,3.297,3.313,3.2965,3.3105,117
2026-02-05 17:24:00,3.305,3.3215,3.3025,3.3175,3.31,3.3265,3.3075,3.3225,104
2026-02-05 17:25:00,3.317,3.3175,3.3095,3.3095,3.322,3.3225,3.3145,3.3145,70
2026-02-05 17:26:00,3.3085,3.3095,3.2995,3.3015,3.3135,3.3145,3.3045,3.3065,60
2026-02-05 17:27:00,3.3005,3.3015,3.2915,3.294,3.3055,3.3065,3.2965,3.299,51
2026-02-05 17:28:00,3.2935,3.2965,3.289,3.292,3.2985,3.3015,3.294,3.297,60
2026-02-05 17:29:00,3.2925,3.2995,3.2915,3.299,3.2975,3.3045,3.2965,3.304,52
2026-02-05 17:30:00,3.2995,3.313,3.2995,3.313,3.3045,3.318,3.3045,3.318,51
2026-02-05 17:31:00,3.3135,3.331,3.3135,3.33,3.3185,3.336,3.3185,3.335,72
2026-02-05 17:32:00,3.3315,3.3355,3.3305,3.334,3.3365,3.3405,3.3355,3.339,74
2026-02-05 17:33:00,3.3355,3.34,3.3305,3.338,3.3405,3.345,3.3355,3.343,54
2026-02-05 17:34:00,3.3375,3.3425,3.3345,3.3425,3.3425,3.3475,3.3395,3.3475,51
2026-02-05 17:35:00,3.343,3.3515,3.343,3.3475,3.348,3.3565,3.348,3.3525,90
2026-02-05 17:36:00,3.347,3.3625,3.347,3.3525,3.352,3.3675,3.352,3.3575,69
2026-02-05 17:37:00,3.3535,3.3645,3.3495,3.3595,3.3585,3.3695,3.3545,3.3645,120
2026-02-05 17:38:00,3.359,3.386,3.3585,3.382,3.364,3.391,3.3635,3.387,136
2026-02-05 17:39:00,3.3835,3.3895,3.3765,3.3765,3.3885,3.3945,3.3815,3.3815,110
2026-02-05 17:40:00,3.377,3.387,3.3755,3.3845,3.382,3.392,3.3805,3.3895,103
2026-02-05 17:41:00,3.385,3.3995,3.3825,3.3945,3.39,3.4045,3.3875,3.3995,106
2026-02-05 17:42:00,3.395,3.397,3.3865,3.39,3.4,3.402,3.3915,3.395,64
2026-02-05 17:43:00,3.3905,3.392,3.377,3.3805,3.3955,3.397,3.382,3.3855,74
2026-02-05 17:44:00,3.3795,3.3995,3.3795,3.398,3.3845,3.4045,3.3845,3.403,86
2026-02-05 17:45:00,3.3975,3.411,3.3945,3.408,3.4025,3.416,3.3995,3.413,113
2026-02-05 17:46:00,3.4085,3.4085,3.3855,3.3865,3.4135,3.4135,3.3905,3.3915,89
2026-02-05 17:47:00,3.387,3.3905,3.3855,3.387,3.392,3.3955,3.3905,3.392,38
2026-02-05 17:48:00,3.3875,3.396,3.3865,3.3915,3.3925,3.401,3.3915,3.3965,83
2026-02-05 17:49:00,3.392,3.3975,3.3905,3.3965,3.397,3.4025,3.3955,3.4015,27
2026-02-05 17:50:00,3.3975,3.4175,3.3975,3.417,3.4025,3.4225,3.4025,3.422,113
2026-02-05 17:51:00,3.4165,3.422,3.4135,3.4185,3.4215,3.427,3.4185,3.4235,74
2026-02-05 17:52:00,3.418,3.4345,3.416,3.4345,3.423,3.4395,3.421,3.4395,111
2026-02-05 17:53:00,3.4335,3.445,3.4265,3.4295,3.4385,3.45,3.4315,3.4345,109
2026-02-05 17:54:00,3.43,3.4305,3.405,3.407,3.435,3.4355,3.41,3.412,90
2026-02-05 17:55:00,3.4075,3.417,3.4075,3.416,3.4125,3.422,3.4125,3.421,54
2026-02-05 17:56:00,3.417,3.4185,3.4105,3.4105,3.422,3.4235,3.4155,3.4155,41
2026-02-05 17:57:00,3.411,3.4295,3.4105,3.4185,3.416,3.4345,3.4155,3.4235,74
2026-02-05 17:58:00,3.419,3.4225,3.4125,3.4125,3.424,3.4275,3.4175,3.4175,72
2026-02-05 17:59:00,3.4105,3.4205,3.4105,3.4175,3.4155,3.4255,3.4155,3.4225,39
2026-02-05 18:00:00,3.4165,3.427,3.4165,3.426,3.4215,3.432,3.4215,3.431,52
2026-02-05 18:01:00,3.425,3.4305,3.4175,3.419,3.43,3.4355,3.4225,3.424,75
2026-02-05 18:02:00,3.4185,3.4205,3.4035,3.408,3.4235,3.4255,3.4085,3.413,92
2026-02-05 18:03:00,3.4075,3.4105,3.3985,3.4,3.4125,3.4155,3.4035,3.405,66
2026-02-05 18:04:00,3.4005,3.4015,3.3945,3.395,3.4055,3.4065,3.3995,3.4,58
2026-02-05 18:05:00,3.396,3.3965,3.38,3.3825,3.401,3.4015,3.385,3.3875,103
2026-02-05 18:06:00,3.382,3.3845,3.3705,3.3725,3.387,3.3895,3.3755,3.3775,97
2026-02-05 18:07:00,3.3715,3.3755,3.368,3.3695,3.3765,3.3805,3.373,3.3745,52
2026-02-05 18:08:00,3.369,3.3725,3.3605,3.3615,3.374,3.3775,3.3655,3.3665,46
2026-02-05 18:09:00,3.362,3.3675,3.35,3.3675,3.367,3.3725,3.355,3.3725,105
2026-02-05 18:10:00,3.3685,3.38,3.3635,3.3715,3.3735,3.385,3.3685,3.3765,81
2026-02-05 18:11:00,3.37,3.3765,3.3655,3.3665,3.375,3.3815,3.3705,3.3715,65
2026-02-05 18:12:00,3.3675,3.372,3.3645,3.3695,3.3725,3.377,3.3695,3.3745,52
2026-02-05 18:13:00,3.369,3.3735,3.361,3.361,3.374,3.3785,3.366,3.366,56
2026-02-05 18:14:00,3.3615,3.366,3.3575,3.36,3.3665,3.371,3.3625,3.365,45
2026-02-05 18:15:00,3.3605,3.3625,3.3545,3.3555,3.3655,3.3675,3.3595,3.3605,39
2026-02-05 18:16:00,3.356,3.3605,3.3545,3.3555,3.361,3.3655,3.3595,3.3605,32
2026-02-05 18:17:00,3.355,3.3565,3.3505,3.354,3.36,3.3615,3.3555,3.359,44
2026-02-05 18:18:00,3.355,3.3565,3.344,3.35,3.36,3.3615,3.349,3.355,67
2026-02-05 18:19:00,3.3495,3.3825,3.3495,3.3805,3.3545,3.3875,3.3545,3.3855,120
2026-02-05 18:20:00,3.38,3.3855,3.368,3.3715,3.385,3.3905,3.373,3.3765,113
2026-02-05 18:21:00,3.3705,3.3705,3.361,3.364,3.3755,3.3755,3.366,3.369,51
2026-02-05 18:22:00,3.3645,3.366,3.356,3.3655,3.3695,3.371,3.361,3.3705,52
2026-02-05 18:23:00,3.365,3.3665,3.3595,3.3635,3.37,3.3715,3.3645,3.3685,47
2026-02-05 18:24:00,3.364,3.388,3.36,3.386,3.369,3.393,3.365,3.391,65
2026-02-05 18:25:00,3.3855,3.3905,3.3745,3.3815,3.3905,3.3955,3.3795,3.3865,67
2026-02-05 18:26:00,3.3825,3.3835,3.3755,3.3765,3.3875,3.3885,3.3805,3.3815,44
2026-02-05 18:27:00,3.377,3.3855,3.377,3.3855,3.382,3.3905,3.382,3.3905,31
2026-02-05 18:28:00,3.386,3.3915,3.3835,3.3865,3.391,3.3965,3.3885,3.3915,40
2026-02-05 18:29:00,3.3855,3.394,3.3855,3.3935,3.3905,3.399,3.3905,3.3985,66
2026-02-05 18:30:00,3.394,3.3965,3.3895,3.3905,3.399,3.4015,3.3945,3.3955,33
2026-02-05 18:31:00,3.391,3.3915,3.3835,3.3835,3.396,3.3965,3.3885,3.3885,31
2026-02-05 18:32:00,3.383,3.3945,3.383,3.3935,3.388,3.3995,3.388,3.3985,42
2026-02-05 18:33:00,3.393,3.3975,3.3925,3.3975,3.398,3.4025,3.3975,3.4025,22
2026-02-05 18:34:00,3.4015,3.4095,3.4015,3.4045,3.4065,3.4145,3.4065,3.4095,50
2026-02-05 18:35:00,3.404,3.4085,3.3965,3.4055,3.409,3.4135,3.4015,3.4105,58
2026-02-05 18:36:00,3.4045,3.4125,3.4035,3.4035,3.4095,3.4175,3.4085,3.4085,53
2026-02-05 18:37:00,3.404,3.4065,3.4035,3.4055,3.409,3.4115,3.4085,3.4105,17
2026-02-05 18:38:00,3.405,3.4075,3.4035,3.4055,3.41,3.4125,3.4085,3.4105,29
2026-02-05 18:39:00,3.405,3.405,3.3945,3.3985,3.41,3.41,3.3995,3.4035,60
2026-02-05 18:40:00,3.3975,3.406,3.3965,3.4,3.4025,3.411,3.4015,3.405,27
2026-02-05 18:41:00,3.3995,3.3995,3.3935,3.3955,3.4045,3.4045,3.3985,3.4005,33
2026-02-05 18:42:00,3.395,3.3965,3.3865,3.39,3.4,3.4015,3.3915,3.395,69
2026-02-05 18:43:00,3.3905,3.398,3.39,3.3925,3.3955,3.403,3.395,3.3975,33
2026-02-05 18:44:00,3.393,3.4005,3.393,3.3965,3.398,3.4055,3.398,3.4015,32
2026-02-05 18:45:00,3.396,3.3995,3.3955,3.399,3.401,3.4045,3.4005,3.404,24
2026-02-05 18:46:00,3.3995,3.4055,3.3985,3.4025,3.4045,3.4105,3.4035,3.4075,27
2026-02-05 18:47:00,3.402,3.4055,3.397,3.3985,3.407,3.4105,3.402,3.4035,33
2026-02-05 18:48:00,3.3995,3.4085,3.399,3.405,3.4045,3.4135,3.404,3.41,38
2026-02-05 18:49:00,3.4045,3.409,3.4025,3.408,3.4095,3.414,3.4075,3.413,38
2026-02-05 18:50:00,3.4075,3.408,3.4035,3.406,3.4125,3.413,3.4085,3.411,33
2026-02-05 18:51:00,3.4055,3.4065,3.4025,3.4055,3.4105,3.4115,3.4075,3.4105,22
2026-02-05 18:52:00,3.4065,3.409,3.4045,3.407,3.4115,3.414,3.4095,3.412,34
2026-02-05 18:53:00,3.4075,3.4105,3.4035,3.406,3.4125,3.4155,3.4085,3.411,29
2026-02-05 18:54:00,3.4055,3.4105,3.4045,3.4065,3.4105,3.4155,3.4095,3.4115,43
2026-02-05 18:55:00,3.405,3.4115,3.4005,3.4095,3.41,3.4165,3.4055,3.4145,67
2026-02-05 18:56:00,3.4105,3.4165,3.4025,3.4115,3.4155,3.4215,3.4075,3.4165,84
2026-02-05 18:57:00,3.4125,3.4175,3.4125,3.415,3.4175,3.4225,3.4175,3.42,46
2026-02-05 18:58:00,3.417,3.4205,3.4155,3.4185,3.422,3.4255,3.4205,3.4235,34
2026-02-05 18:59:00,3.4195,3.4295,3.4165,3.4265,3.4245,3.4345,3.4215,3.4315,78
2026-02-05 19:00:00,3.4275,3.4335,3.4265,3.429,3.4325,3.4385,3.4315,3.434,50
2026-02-05 19:01:00,3.4295,3.4315,3.422,3.4315,3.4345,3.4365,3.427,3.4365,43
2026-02-05 19:02:00,3.4305,3.4385,3.4295,3.434,3.4355,3.4435,3.4345,3.439,56
2026-02-05 19:03:00,3.433,3.433,3.4165,3.418,3.438,3.438,3.4215,3.423,91
2026-02-05 19:04:00,3.419,3.43,3.419,3.43,3.424,3.435,3.424,3.435,70
2026-02-05 19:05:00,3.4305,3.4375,3.4285,3.4335,3.4355,3.4425,3.4335,3.4385,45
2026-02-05 19:06:00,3.4345,3.4405,3.4325,3.4385,3.4395,3.4455,3.4375,3.4435,40
2026-02-05 19:07:00,3.438,3.441,3.434,3.4385,3.443,3.446,3.439,3.4435,48
2026-02-05 19:08:00,3.4395,3.4435,3.43,3.4325,3.4445,3.4485,3.435,3.4375,67
2026-02-05 19:09:00,3.433,3.4335,3.4225,3.4235,3.438,3.4385,3.4275,3.4285,65
2026-02-05 19:10:00,3.4225,3.4405,3.421,3.4395,3.4275,3.4455,3.426,3.4445,82
2026-02-05 19:11:00,3.439,3.439,3.4305,3.4355,3.444,3.444,3.4355,3.4405,56
2026-02-05 19:12:00,3.435,3.4395,3.4295,3.4295,3.44,3.4445,3.4345,3.4345,42
2026-02-05 19:13:00,3.4315,3.4345,3.4255,3.4295,3.4365,3.4395,3.4305,3.4345,47
2026-02-05 19:14:00,3.429,3.4315,3.426,3.4285,3.434,3.4365,3.431,3.4335,45
2026-02-05 19:15:00,3.4295,3.4345,3.4295,3.433,3.4345,3.4395,3.4345,3.438,36
2026-02-05 19:16:00,3.4325,3.437,3.4305,3.432,3.4375,3.442,3.4355,3.437,40
2026-02-05 19:17:00,3.4325,3.4375,3.4325,3.4355,3.4375,3.4425,3.4375,3.4405,42
2026-02-05 19:18:00,3.435,3.4355,3.4165,3.4195,3.44,3.4405,3.4215,3.4245,58
2026-02-05 19:19:00,3.4205,3.4285,3.4165,3.4225,3.4255,3.4335,3.4215,3.4275,86
2026-02-05 19:20:00,3.423,3.438,3.423,3.4375,3.428,3.443,3.428,3.4425,107
2026-02-05 19:21:00,3.4385,3.4395,3.432,3.432,3.4435,3.4445,3.437,3.437,56
2026-02-05 19:22:00,3.4315,3.4335,3.4235,3.4295,3.4365,3.4385,3.4285,3.4345,36
2026-02-05 19:23:00,3.43,3.4315,3.4285,3.43,3.435,3.4365,3.4335,3.435,22
2026-02-05 19:24:00,3.4305,3.431,3.4275,3.4285,3.4355,3.436,3.4325,3.4335,20
2026-02-05 19:25:00,3.429,3.4295,3.417,3.422,3.434,3.4345,3.422,3.427,80
2026-02-05 19:26:00,3.423,3.4275,3.4215,3.422,3.428,3.4325,3.4265,3.427,37
2026-02-05 19:27:00,3.4225,3.4255,3.4185,3.4205,3.4275,3.4305,3.4235,3.4255,30
2026-02-05 19:28:00,3.421,3.4245,3.4175,3.422,3.426,3.4295,3.4225,3.427,42
2026-02-05 19:29:00,3.4215,3.4255,3.4175,3.4235,3.4265,3.4305,3.4225,3.4285,38
2026-02-05 19:30:00,3.424,3.4315,3.4215,3.4275,3.429,3.4365,3.4265,3.4325,63
2026-02-05 19:31:00,3.4265,3.4285,3.419,3.4225,3.4315,3.4335,3.424,3.4275,33
2026-02-05 19:32:00,3.4235,3.4305,3.4225,3.4295,3.4285,3.4355,3.4275,3.4345,34
2026-02-05 19:33:00,3.4285,3.4315,3.4255,3.4255,3.4335,3.4365,3.4305,3.4305,27
2026-02-05 19:34:00,3.425,3.4265,3.4195,3.4195,3.43,3.4315,3.4245,3.4245,30
2026-02-05 19:35:00,3.42,3.425,3.4195,3.4235,3.425,3.43,3.4245,3.4285,31
2026-02-05 19:36:00,3.4245,3.4255,3.4205,3.422,3.4295,3.4305,3.4255,3.427,31
2026-02-05 19:37:00,3.4215,3.4225,3.4195,3.42,3.4265,3.4275,3.4245,3.425,19
2026-02-05 19:38:00,3.4205,3.4205,3.4095,3.4105,3.4255,3.4255,3.4145,3.4155,59
2026-02-05 19:39:00,3.411,3.416,3.4075,3.408,3.416,3.421,3.4125,3.413,45
2026-02-05 19:40:00,3.407,3.4115,3.4035,3.4105,3.412,3.4165,3.4085,3.4155,70
2026-02-05 19:41:00,3.41,3.4135,3.4095,3.413,3.415,3.4185,3.4145,3.418,40
2026-02-05 19:42:00,3.4135,3.4175,3.413,3.4165,3.4185,3.4225,3.418,3.4215,25
2026-02-05 19:43:00,3.417,3.4185,3.4115,3.4125,3.422,3.4235,3.4165,3.4175,26
2026-02-05 19:44:00,3.4105,3.4135,3.4075,3.4115,3.4155,3.4185,3.4125,3.4165,37
2026-02-05 19:45:00,3.4125,3.423,3.4125,3.4225,3.4175,3.428,3.4175,3.4275,35
2026-02-05 19:46:00,3.4215,3.4235,3.4195,3.42,3.4265,3.4285,3.4245,3.425,30
2026-02-05 19:47:00,3.4205,3.4215,3.4155,3.4165,3.4255,3.4265,3.4205,3.4215,41
2026-02-05 19:48:00,3.417,3.4255,3.417,3.4245,3.422,3.4305,3.422,3.4295,28
2026-02-05 19:49:00,3.4255,3.4255,3.4225,3.4245,3.4305,3.4305,3.4275,3.4295,12
2026-02-05 19:50:00,3.425,3.4275,3.4245,3.4255,3.43,3.4325,3.4295,3.4305,26
2026-02-05 19:51:00,3.4245,3.427,3.4235,3.4245,3.4295,3.432,3.4285,3.4295,18
2026-02-05 19:52:00,3.425,3.427,3.424,3.4245,3.43,3.432,3.429,3.4295,12
2026-02-05 19:53:00,3.425,3.425,3.4195,3.422,3.43,3.43,3.4245,3.427,21
2026-02-05 19:54:00,3.4225,3.4265,3.4225,3.4255,3.4275,3.4315,3.4275,3.4305,17
2026-02-05 19:55:00,3.426,3.4315,3.4235,3.4295,3.431,3.4365,3.4285,3.4345,41
2026-02-05 19:56:00,3.43,3.4325,3.4275,3.4275,3.435,3.4375,3.4325,3.4325,16
2026-02-05 19:57:00,3.4295,3.4315,3.4295,3.4305,3.4345,3.4365,3.4345,3.4355,10
2026-02-05 19:58:00,3.4295,3.4305,3.4295,3.4295,3.4345,3.4355,3.4345,3.4345,6
2026-02-05 19:59:00,3.4305,3.4355,3.4305,3.4355,3.4355,3.4405,3.4355,3.4405,26
2026-02-05 20:00:00,3.436,3.4405,3.4335,3.435,3.441,3.4455,3.4385,3.44,51
2026-02-05 20:01:00,3.4355,3.4375,3.4335,3.4365,3.4405,3.4425,3.4385,3.4415,35
2026-02-05 20:02:00,3.4375,3.438,3.4335,3.434,3.4425,3.443,3.4385,3.439,29
2026-02-05 20:03:00,3.4345,3.4385,3.4285,3.4375,3.4395,3.4435,3.4335,3.4425,50
2026-02-05 20:04:00,3.437,3.4375,3.432,3.4345,3.442,3.4425,3.437,3.4395,28
2026-02-05 20:05:00,3.4335,3.4355,3.432,3.4345,3.4385,3.4405,3.437,3.4395,26
2026-02-05 20:06:00,3.434,3.4345,3.4265,3.4265,3.439,3.4395,3.4315,3.4315,32
2026-02-05 20:07:00,3.4275,3.4295,3.4265,3.4275,3.4325,3.4345,3.4315,3.4325,24
2026-02-05 20:08:00,3.4265,3.4275,3.4185,3.419,3.4315,3.4325,3.4235,3.424,34
2026-02-05 20:09:00,3.4185,3.4185,3.4095,3.4095,3.4235,3.4235,3.4145,3.4145,52
2026-02-05 20:10:00,3.41,3.4145,3.4045,3.4085,3.415,3.4195,3.4095,3.4135,42
2026-02-05 20:11:00,3.4095,3.4345,3.409,3.432,3.4145,3.4395,3.414,3.437,99
2026-02-05 20:12:00,3.433,3.435,3.428,3.4295,3.438,3.44,3.433,3.4345,46
2026-02-05 20:13:00,3.43,3.437,3.43,3.437,3.435,3.442,3.435,3.442,37
2026-02-05 20:14:00,3.4355,3.4415,3.4325,3.4405,3.4405,3.4465,3.4375,3.4455,48
2026-02-05 20:15:00,3.4415,3.4455,3.4395,3.445,3.4465,3.4505,3.4445,3.45,52
2026-02-05 20:16:00,3.4445,3.4445,3.4375,3.438,3.4495,3.4495,3.4425,3.443,37
2026-02-05 20:17:00,3.439,3.4405,3.434,3.4365,3.444,3.4455,3.439,3.4415,38
2026-02-05 20:18:00,3.436,3.4385,3.435,3.4365,3.441,3.4435,3.44,3.4415,24
2026-02-05 20:19:00,3.4375,3.44,3.4355,3.44,3.4425,3.445,3.4405,3.445,35
2026-02-05 20:20:00,3.441,3.4415,3.434,3.4375,3.446,3.4465,3.439,3.4425,35
2026-02-05 20:21:00,3.437,3.437,3.4285,3.4315,3.442,3.442,3.4335,3.4365,50
2026-02-05 20:22:00,3.432,3.4375,3.432,3.434,3.437,3.4425,3.437,3.439,27
2026-02-05 20:23:00,3.4335,3.438,3.4305,3.4315,3.4385,3.443,3.4355,3.4365,37
2026-02-05 20:24:00,3.431,3.4375,3.4285,3.4345,3.436,3.4425,3.4335,3.4395,58
2026-02-05 20:25:00,3.435,3.4465,3.435,3.4415,3.44,3.4515,3.44,3.4465,83
2026-02-05 20:26:00,3.442,3.4465,3.4415,3.445,3.447,3.4515,3.4465,3.45,39
2026-02-05 20:27:00,3.4455,3.4485,3.4335,3.4335,3.4505,3.4535,3.4385,3.4385,117
2026-02-05 20:28:00,3.4345,3.4345,3.4205,3.43,3.4395,3.4395,3.4255,3.435,205
2026-02-05 20:29:00,3.4305,3.4325,3.424,3.4265,3.4355,3.4375,3.429,3.4315,81
2026-02-05 20:30:00,3.426,3.4275,3.4175,3.4185,3.431,3.4325,3.4225,3.4235,51
2026-02-05 20:31:00,3.4175,3.4185,3.4085,3.409,3.4225,3.4235,3.4135,3.414,54
2026-02-05 20:32:00,3.41,3.411,3.4025,3.4045,3.415,3.416,3.4075,3.4095,54
2026-02-05 20:33:00,3.4035,3.4035,3.4025,3.403,3.4085,3.4085,3.4075,3.408,18
2026-02-05 20:34:00,3.402,3.4035,3.3975,3.4015,3.407,3.4085,3.4025,3.4065,32
2026-02-05 20:35:00,3.402,3.4025,3.3975,3.3995,3.407,3.4075,3.4025,3.4045,27
2026-02-05 20:36:00,3.3985,3.3985,3.3895,3.3905,3.4035,3.4035,3.3945,3.3955,37
2026-02-05 20:37:00,3.39,3.3905,3.3875,3.3895,3.395,3.3955,3.3925,3.3945,27
2026-02-05 20:38:00,3.3885,3.3895,3.3845,3.3845,3.3935,3.3945,3.3895,3.3895,25
2026-02-05 20:39:00,3.385,3.387,3.3835,3.387,3.39,3.392,3.3885,3.392,24
2026-02-05 20:40:00,3.3865,3.397,3.3865,3.397,3.3915,3.402,3.3915,3.402,38
2026-02-05 20:41:00,3.396,3.396,3.394,3.3945,3.401,3.401,3.399,3.3995,12
2026-02-05 20:42:00,3.3935,3.3945,3.3905,3.393,3.3985,3.3995,3.3955,3.398,23
2026-02-05 20:43:00,3.3935,3.3975,3.3905,3.394,3.3985,3.4025,3.3955,3.399,31
2026-02-05 20:44:00,3.3935,3.3955,3.3915,3.392,3.3985,3.4005,3.3965,3.397,26
2026-02-05 20:45:00,3.393,3.3945,3.3925,3.3945,3.398,3.3995,3.3975,3.3995,13
2026-02-05 20:46:00,3.395,3.3995,3.3935,3.3975,3.4,3.4045,3.3985,3.4025,26
2026-02-05 20:47:00,3.397,3.4005,3.395,3.397,3.402,3.4055,3.4,3.402,23
2026-02-05 20:48:00,3.3965,3.3975,3.3945,3.397,3.4015,3.4025,3.3995,3.402,16
2026-02-05 20:49:00,3.3975,3.4065,3.3965,3.4055,3.4025,3.4115,3.4015,3.4105,25
2026-02-05 20:50:00,3.405,3.4055,3.3975,3.4,3.41,3.4105,3.4025,3.405,26
2026-02-05 20:51:00,3.4005,3.4015,3.3995,3.3995,3.4055,3.4065,3.4045,3.4045,8
2026-02-05 20:52:00,3.3985,3.3995,3.3975,3.3975,3.4035,3.4045,3.4025,3.4025,10
2026-02-05 20:53:00,3.398,3.398,3.392,3.3945,3.403,3.403,3.397,3.3995,33
2026-02-05 20:54:00,3.394,3.3985,3.3935,3.397,3.399,3.4035,3.3985,3.402,21
2026-02-05 20:55:00,3.3975,3.4065,3.3975,3.4055,3.4025,3.4115,3.4025,3.4105,30
2026-02-05 20:56:00,3.405,3.4105,3.4045,3.4055,3.41,3.4155,3.4095,3.4105,28
2026-02-05 20:57:00,3.405,3.4065,3.4035,3.405,3.41,3.4115,3.4085,3.41,20
2026-02-05 20:58:00,3.4055,3.4055,3.3995,3.4025,3.4105,3.4105,3.4045,3.4075,34
2026-02-05 20:59:00,3.402,3.4045,3.4015,3.4045,3.407,3.4095,3.4065,3.4095,12
2026-02-05 21:00:00,3.404,3.4115,3.404,3.4105,3.409,3.4165,3.409,3.4155,25
2026-02-05 21:01:00,3.409,3.411,3.4085,3.4085,3.414,3.416,3.4135,3.4135,11
2026-02-05 21:02:00,3.4075,3.4125,3.4075,3.4125,3.4125,3.4175,3.4125,3.4175,19
2026-02-05 21:03:00,3.4135,3.4135,3.405,3.4075,3.4185,3.4185,3.41,3.4125,18
2026-02-05 21:04:00,3.4085,3.4125,3.4085,3.4115,3.4135,3.4175,3.4135,3.4165,7
2026-02-05 21:05:00,3.411,3.4125,3.411,3.4115,3.416,3.4175,3.416,3.4165,7
2026-02-05 21:06:00,3.4105,3.411,3.4095,3.41,3.4155,3.416,3.4145,3.415,20
2026-02-05 21:07:00,3.4105,3.411,3.4035,3.4035,3.4155,3.416,3.4085,3.4085,25
2026-02-05 21:08:00,3.403,3.4105,3.4025,3.4105,3.408,3.4155,3.4075,3.4155,16
2026-02-05 21:09:00,3.41,3.4125,3.4065,3.4065,3.415,3.4175,3.4115,3.4115,8
2026-02-05 21:10:00,3.406,3.4075,3.4055,3.406,3.411,3.4125,3.4105,3.411,8
2026-02-05 21:11:00,3.407,3.407,3.4065,3.4065,3.412,3.412,3.4115,3.4115,4
2026-02-05 21:12:00,3.4055,3.4055,3.4035,3.4055,3.4105,3.4105,3.4085,3.4105,7
2026-02-05 21:13:00,3.4045,3.4055,3.4025,3.4055,3.4095,3.4105,3.4075,3.4105,6
2026-02-05 21:14:00,3.406,3.4085,3.4045,3.4085,3.411,3.4135,3.4095,3.4135,9
2026-02-05 21:15:00,3.408,3.408,3.404,3.4055,3.413,3.413,3.409,3.4105,18
2026-02-05 21:16:00,3.405,3.4075,3.4045,3.4075,3.41,3.4125,3.4095,3.4125,7
2026-02-05 21:17:00,3.407,3.408,3.4065,3.4075,3.412,3.413,3.4115,3.4125,5
2026-02-05 21:18:00,3.4065,3.4085,3.4055,3.4055,3.4115,3.4135,3.4105,3.4105,20
2026-02-05 21:19:00,3.406,3.408,3.406,3.4075,3.411,3.413,3.411,3.4125,5
2026-02-05 21:20:00,3.408,3.4125,3.408,3.4125,3.413,3.4175,3.413,3.4175,12
2026-02-05 21:21:00,3.412,3.412,3.4045,3.41,3.417,3.417,3.4095,3.415,21
2026-02-05 21:22:00,3.4105,3.4115,3.4045,3.405,3.4155,3.4165,3.4095,3.41,28
2026-02-05 21:23:00,3.4055,3.4065,3.405,3.4065,3.4105,3.4115,3.41,3.4115,16
2026-02-05 21:24:00,3.407,3.4075,3.4065,3.4075,3.412,3.4125,3.4115,3.4125,3
2026-02-05 21:25:00,3.407,3.411,3.4065,3.411,3.412,3.416,3.4115,3.416,19
2026-02-05 21:26:00,3.41,3.4105,3.4095,3.4095,3.415,3.4155,3.4145,3.4145,5
2026-02-05 21:27:00,3.41,3.4105,3.4095,3.4095,3.415,3.4155,3.4145,3.4145,4
2026-02-05 21:28:00,3.4105,3.4105,3.4105,3.4105,3.4155,3.4155,3.4155,3.4155,1
2026-02-05 21:29:00,3.41,3.4125,3.41,3.4115,3.415,3.4175,3.415,3.4165,10
2026-02-05 21:30:00,3.4125,3.4125,3.4105,3.4125,3.4175,3.4175,3.4155,3.4175,6
2026-02-05 21:31:00,3.413,3.413,3.4085,3.4085,3.418,3.418,3.4135,3.4135,12
2026-02-05 21:32:00,3.4095,3.4095,3.4045,3.4055,3.4145,3.4145,3.4095,3.4105,8
2026-02-05 21:33:00,3.405,3.4055,3.4035,3.405,3.41,3.4105,3.4085,3.41,11
2026-02-05 21:34:00,3.4045,3.405,3.4005,3.402,3.4095,3.41,3.4055,3.407,25
2026-02-05 21:35:00,3.4015,3.4085,3.4015,3.4065,3.4065,3.4135,3.4065,3.4115,18
2026-02-05 21:36:00,3.406,3.4065,3.4045,3.4055,3.411,3.4115,3.4095,3.4105,8
2026-02-05 21:37:00,3.406,3.406,3.403,3.4035,3.411,3.411,3.408,3.4085,13
2026-02-05 21:38:00,3.4045,3.4065,3.404,3.405,3.4095,3.4115,3.409,3.41,15
2026-02-05 21:39:00,3.4035,3.4045,3.4025,3.4025,3.4085,3.4095,3.4075,3.4075,8
2026-02-05 21:40:00,3.403,3.403,3.4015,3.4015,3.408,3.408,3.4065,3.4065,8
2026-02-05 21:41:00,3.401,3.4015,3.4,3.4015,3.406,3.4065,3.405,3.4065,6
2026-02-05 21:42:00,3.401,3.4025,3.3995,3.4015,3.406,3.4075,3.4045,3.4065,11
2026-02-05 21:43:00,3.402,3.4025,3.402,3.402,3.407,3.4075,3.407,3.407,3
2026-02-05 21:44:00,3.401,3.4015,3.4005,3.401,3.406,3.4065,3.4055,3.406,5
2026-02-05 21:45:00,3.4005,3.4045,3.4005,3.4035,3.4055,3.4095,3.4055,3.4085,11
2026-02-05 21:46:00,3.4045,3.4045,3.404,3.404,3.4095,3.4095,3.409,3.409,2
2026-02-05 21:47:00,3.403,3.404,3.4015,3.4025,3.408,3.409,3.4065,3.4075,10
2026-02-05 21:48:00,3.4035,3.4075,3.4035,3.4055,3.4085,3.4125,3.4085,3.4105,7
2026-02-05 21:49:00,3.406,3.409,3.4055,3.409,3.411,3.414,3.4105,3.414,5
2026-02-05 21:50:00,3.4085,3.409,3.4085,3.4085,3.4135,3.414,3.4135,3.4135,5
2026-02-05 21:51:00,3.409,3.4135,3.4085,3.4095,3.414,3.4185,3.4135,3.4145,22
2026-02-05 21:52:00,3.409,3.409,3.409,3.409,3.414,3.414,3.414,3.414,1
2026-02-05 21:53:00,3.4095,3.412,3.4095,3.412,3.4145,3.417,3.4145,3.417,9
2026-02-05 21:54:00,3.4115,3.412,3.4085,3.411,3.4165,3.417,3.4135,3.416,8
2026-02-05 21:55:00,3.4105,3.4105,3.4095,3.4095,3.4155,3.4155,3.4145,3.4145,5
2026-02-05 21:56:00,3.4085,3.4085,3.403,3.4035,3.4135,3.4135,3.408,3.4085,13
2026-02-05 21:57:00,3.404,3.4105,3.4035,3.4095,3.409,3.4155,3.4085,3.4145,11
2026-02-05 21:58:00,3.4105,3.4105,3.406,3.4065,3.4155,3.4155,3.411,3.4115,16
2026-02-05 21:59:00,3.407,3.4075,3.4035,3.4045,3.412,3.4125,3.4085,3.4095,20
2026-02-05 22:00:00,3.405,3.4075,3.4035,3.406,3.41,3.4125,3.4085,3.411,9
2026-02-05 22:01:00,3.405,3.405,3.403,3.403,3.41,3.41,3.408,3.408,3
2026-02-05 22:03:00,3.402,3.403,3.4015,3.403,3.407,3.408,3.4065,3.408,4
2026-02-05 22:05:00,3.4045,3.409,3.4045,3.409,3.4095,3.414,3.4095,3.414,9
2026-02-05 22:06:00,3.408,3.409,3.408,3.409,3.413,3.414,3.413,3.414,3
2026-02-05 22:07:00,3.4095,3.4155,3.4085,3.4145,3.4145,3.4205,3.4135,3.4195,10
2026-02-05 22:08:00,3.415,3.4225,3.415,3.4215,3.42,3.4275,3.42,3.4265,16
2026-02-05 22:09:00,3.4205,3.4265,3.4205,3.423,3.4255,3.4315,3.4255,3.428,38
2026-02-05 22:10:00,3.4225,3.426,3.4195,3.4225,3.4275,3.431,3.4245,3.4275,25
2026-02-05 22:11:00,3.422,3.422,3.4215,3.422,3.427,3.427,3.4265,3.427,3
2026-02-05 22:12:00,3.4215,3.4235,3.4185,3.4185,3.4265,3.4285,3.4235,3.4235,16
2026-02-05 22:13:00,3.419,3.4195,3.4145,3.4165,3.424,3.4245,3.4195,3.4215,10
2026-02-05 22:14:00,3.417,3.4185,3.4125,3.4135,3.422,3.4235,3.4175,3.4185,12
2026-02-05 22:15:00,3.414,3.4145,3.4125,3.4145,3.419,3.4195,3.4175,3.4195,10
2026-02-05 22:16:00,3.4135,3.4165,3.4125,3.4165,3.4185,3.4215,3.4175,3.4215,12
2026-02-05 22:17:00,3.4155,3.4165,3.4155,3.416,3.4205,3.4215,3.4205,3.421,7
2026-02-05 22:18:00,3.4165,3.4245,3.4165,3.4245,3.4215,3.4295,3.4215,3.4295,32
2026-02-05 22:19:00,3.425,3.425,3.4195,3.421,3.43,3.43,3.4245,3.426,36
2026-02-05 22:20:00,3.42,3.4265,3.42,3.42,3.425,3.4315,3.425,3.425,18
2026-02-05 22:21:00,3.4195,3.4195,3.4175,3.4175,3.4245,3.4245,3.4225,3.4225,6
2026-02-05 22:22:00,3.418,3.419,3.4175,3.419,3.423,3.424,3.4225,3.424,5
2026-02-05 22:23:00,3.418,3.418,3.4165,3.417,3.423,3.423,3.4215,3.422,4
2026-02-05 22:24:00,3.4175,3.419,3.4175,3.419,3.4225,3.424,3.4225,3.424,5
2026-02-05 22:25:00,3.4185,3.4215,3.4175,3.4195,3.4235,3.4265,3.4225,3.4245,30
2026-02-05 22:26:00,3.42,3.42,3.42,3.42,3.425,3.425,3.425,3.425,1
2026-02-05 22:27:00,3.4205,3.4215,3.4195,3.4195,3.4255,3.4265,3.4245,3.4245,5
2026-02-05 22:28:00,3.421,3.4255,3.421,3.423,3.426,3.4305,3.426,3.428,16
2026-02-05 22:29:00,3.4235,3.4235,3.4225,3.4225,3.4285,3.4285,3.4275,3.4275,4
2026-02-05 22:30:00,3.422,3.427,3.4215,3.4265,3.427,3.432,3.4265,3.4315,9
2026-02-05 22:31:00,3.427,3.44,3.4265,3.44,3.432,3.445,3.4315,3.445,23
2026-02-05 22:32:00,3.4395,3.4415,3.4385,3.441,3.4445,3.4465,3.4435,3.446,14
2026-02-05 22:33:00,3.4405,3.4495,3.4405,3.4475,3.4455,3.4545,3.4455,3.4525,16
2026-02-05 22:34:00,3.448,3.4485,3.4475,3.448,3.453,3.4535,3.4525,3.453,5
2026-02-05 22:35:00,3.4475,3.448,3.4445,3.4445,3.4525,3.453,3.4495,3.4495,12
2026-02-05 22:36:00,3.4455,3.4475,3.4435,3.4445,3.4505,3.4525,3.4485,3.4495,8
2026-02-05 22:37:00,3.444,3.448,3.4415,3.448,3.449,3.453,3.4465,3.453,15
2026-02-05 22:38:00,3.4485,3.4485,3.446,3.4465,3.4535,3.4535,3.451,3.4515,4
2026-02-05 22:39:00,3.447,3.457,3.4465,3.453,3.452,3.462,3.4515,3.458,25
2026-02-05 22:40:00,3.4525,3.4525,3.452,3.452,3.4575,3.4575,3.457,3.457,2
2026-02-05 22:41:00,3.4525,3.4545,3.4505,3.4525,3.4575,3.4595,3.4555,3.4575,13
2026-02-05 22:42:00,3.453,3.4555,3.4505,3.455,3.458,3.4605,3.4555,3.46,10
2026-02-05 22:43:00,3.4545,3.457,3.4535,3.4565,3.4595,3.462,3.4585,3.4615,11
2026-02-05 22:44:00,3.456,3.4585,3.456,3.457,3.461,3.4635,3.461,3.462,15
2026-02-05 22:45:00,3.4565,3.4595,3.4565,3.4585,3.4615,3.4645,3.4615,3.4635,9
2026-02-05 22:46:00,3.4575,3.46,3.4575,3.459,3.4625,3.465,3.4625,3.464,9
2026-02-05 22:47:00,3.4595,3.461,3.456,3.4565,3.4645,3.466,3.461,3.4615,33
2026-02-05 22:48:00,3.4575,3.466,3.4575,3.466,3.4625,3.471,3.4625,3.471,18
2026-02-05 22:49:00,3.4665,3.4735,3.4645,3.4645,3.4715,3.4785,3.4695,3.4695,44
2026-02-05 22:50:00,3.464,3.4645,3.4565,3.4635,3.469,3.4695,3.4615,3.4685,32
2026-02-05 22:51:00,3.464,3.464,3.458,3.4585,3.469,3.469,3.463,3.4635,13
2026-02-05 22:52:00,3.4575,3.465,3.4575,3.461,3.4625,3.47,3.4625,3.466,12
2026-02-05 22:53:00,3.4615,3.4615,3.4555,3.457,3.4665,3.4665,3.4605,3.462,26
2026-02-05 22:54:00,3.4565,3.4565,3.443,3.445,3.4615,3.4615,3.448,3.45,19
2026-02-05 22:55:00,3.4455,3.4475,3.4415,3.445,3.4505,3.4525,3.4465,3.45,14
2026-02-05 22:56:00,3.4455,3.4455,3.44,3.4425,3.4505,3.4505,3.445,3.4475,13
2026-02-05 22:57:00,3.4415,3.4415,3.433,3.4335,3.4465,3.4465,3.438,3.4385,20
2026-02-05 22:58:00,3.434,3.4365,3.431,3.435,3.439,3.4415,3.436,3.44,26
2026-02-05 22:59:00,3.434,3.436,3.4172,3.4182,3.439,3.441,3.4222,3.4232,20
2026-02-06 00:00:00,3.4227,3.4337,3.4117,3.4262,3.4277,3.4387,3.4167,3.4312,25
2026-02-06 00:01:00,3.4267,3.4277,3.4257,3.4257,3.4317,3.4327,3.4307,3.4307,5
2026-02-06 00:02:00,3.4252,3.4252,3.4207,3.4237,3.4302,3.4302,3.4257,3.4287,5
2026-02-06 00:04:00,3.4222,3.4222,3.4222,3.4222,3.4272,3.4272,3.4272,3.4272,1
2026-02-06 00:05:00,3.4207,3.4217,3.4187,3.4217,3.4257,3.4267,3.4237,3.4267,4
2026-02-06 00:06:00,3.4212,3.4272,3.4207,3.4217,3.4262,3.4322,3.4257,3.4267,9
2026-02-06 00:07:00,3.4212,3.4212,3.4207,3.4212,3.4262,3.4262,3.4257,3.4262,3
2026-02-06 00:08:00,3.4207,3.4207,3.4182,3.4182,3.4257,3.4257,3.4232,3.4232,3
2026-02-06 00:09:00,3.4172,3.4177,3.4167,3.4177,3.4222,3.4227,3.4217,3.4227,3
2026-02-06 00:10:00,3.4162,3.4167,3.4147,3.4147,3.4212,3.4217,3.4197,3.4197,6
2026-02-06 00:11:00,3.4137,3.4137,3.4127,3.4127,3.4187,3.4187,3.4177,3.4177,2
2026-02-06 00:12:00,3.4132,3.4132,3.4112,3.4117,3.4182,3.4182,3.4162,3.4167,6
2026-02-06 00:13:00,3.4122,3.4122,3.4122,3.4122,3.4172,3.4172,3.4172,3.4172,1
2026-02-06 00:14:00,3.4117,3.4117,3.4112,3.4112,3.4167,3.4167,3.4162,3.4162,2
2026-02-06 00:15:00,3.4092,3.4152,3.4092,3.4147,3.4142,3.4202,3.4142,3.4197,11
2026-02-06 00:16:00,3.4157,3.4157,3.4157,3.4157,3.4207,3.4207,3.4207,3.4207,1
2026-02-06 00:17:00,3.4162,3.4177,3.4127,3.4177,3.4212,3.4227,3.4177,3.4227,10
2026-02-06 00:18:00,3.4182,3.4232,3.4182,3.4232,3.4232,3.4282,3.4232,3.4282,6
2026-02-06 00:19:00,3.4237,3.4247,3.4197,3.4237,3.4287,3.4297,3.4247,3.4287,8
2026-02-06 00:20:00,3.4232,3.4232,3.4222,3.4227,3.4282,3.4282,3.4272,3.4277,4
2026-02-06 00:21:00,3.4242,3.4282,3.4222,3.4282,3.4292,3.4332,3.4272,3.4332,11
2026-02-06 00:22:00,3.4287,3.4287,3.4252,3.4257,3.4337,3.4337,3.4302,3.4307,9
2026-02-06 00:23:00,3.4252,3.4252,3.4232,3.4232,3.4302,3.4302,3.4282,3.4282,6
2026-02-06 00:24:00,3.4227,3.4232,3.4227,3.4232,3.4277,3.4282,3.4277,3.4282,2
2026-02-06 00:25:00,3.4212,3.4212,3.4202,3.4202,3.4262,3.4262,3.4252,3.4252,2
2026-02-06 00:27:00,3.4207,3.4207,3.4192,3.4197,3.4257,3.4257,3.4242,3.4247,3
2026-02-06 00:28:00,3.4202,3.4207,3.4202,3.4207,3.4252,3.4257,3.4252,3.4257,2
2026-02-06 00:29:00,3.4202,3.4212,3.4202,3.4212,3.4252,3.4262,3.4252,3.4262,3
2026-02-06 00:30:00,3.4227,3.4232,3.4182,3.4192,3.4277,3.4282,3.4232,3.4242,10
2026-02-06 00:31:00,3.4202,3.4237,3.4202,3.4237,3.4252,3.4287,3.4252,3.4287,8
2026-02-06 00:32:00,3.4242,3.4337,3.4242,3.4312,3.4292,3.4387,3.4292,3.4362,20
2026-02-06 00:33:00,3.4307,3.4317,3.4302,3.4307,3.4357,3.4367,3.4352,3.4357,15
2026-02-06 00:34:00,3.4302,3.4307,3.4272,3.4272,3.4352,3.4357,3.4322,3.4322,6
2026-02-06 00:35:00,3.4277,3.4277,3.4277,3.4277,3.4327,3.4327,3.4327,3.4327,1
2026-02-06 00:36:00,3.4257,3.4332,3.4242,3.4332,3.4307,3.4382,3.4292,3.4382,15
2026-02-06 00:37:00,3.4327,3.4327,3.4327,3.4327,3.4377,3.4377,3.4377,3.4377,1
2026-02-06 00:38:00,3.4322,3.4332,3.4317,3.4322,3.4372,3.4382,3.4367,3.4372,7
2026-02-06 00:39:00,3.4337,3.4367,3.4337,3.4347,3.4387,3.4417,3.4387,3.4397,6
2026-02-06 00:40:00,3.4337,3.4357,3.4337,3.4357,3.4387,3.4407,3.4387,3.4407,3
2026-02-06 00:41:00,3.4367,3.4367,3.4352,3.4352,3.4417,3.4417,3.4402,3.4402,2
2026-02-06 00:42:00,3.4347,3.4357,3.4347,3.4357,3.4397,3.4407,3.4397,3.4407,2
2026-02-06 00:43:00,3.4362,3.4362,3.4362,3.4362,3.4412,3.4412,3.4412,3.4412,1
2026-02-06 00:44:00,3.4357,3.4362,3.4337,3.4337,3.4407,3.4412,3.4387,3.4387,6
2026-02-06 00:45:00,3.4327,3.4342,3.4327,3.4327,3.4377,3.4392,3.4377,3.4377,5
2026-02-06 00:46:00,3.4317,3.4357,3.4317,3.4357,3.4367,3.4407,3.4367,3.4407,10
2026-02-06 00:47:00,3.4352,3.4372,3.4342,3.4342,3.4402,3.4422,3.4392,3.4392,8
2026-02-06 00:49:00,3.4337,3.4362,3.4322,3.4362,3.4387,3.4412,3.4372,3.4412,4
2026-02-06 00:50:00,3.4357,3.4357,3.4342,3.4342,3.4407,3.4407,3.4392,3.4392,4
2026-02-06 00:52:00,3.4337,3.4342,3.4337,3.4342,3.4387,3.4392,3.4387,3.4392,2
2026-02-06 00:53:00,3.4347,3.4347,3.4342,3.4342,3.4397,3.4397,3.4392,3.4392,2
2026-02-06 00:55:00,3.4327,3.4327,3.4282,3.4282,3.4377,3.4377,3.4332,3.4332,5
2026-02-06 00:56:00,3.4277,3.4277,3.4232,3.4232,3.4327,3.4327,3.4282,3.4282,5
2026-02-06 00:57:00,3.4227,3.4227,3.4217,3.4217,3.4277,3.4277,3.4267,3.4267,4
2026-02-06 00:58:00,3.4212,3.4212,3.4207,3.4207,3.4262,3.4262,3.4257,3.4257,2
2026-02-06 00:59:00,3.4217,3.4227,3.4217,3.4227,3.4267,3.4277,3.4267,3.4277,3
2026-02-06 01:00:00,3.4222,3.4222,3.4197,3.4197,3.4272,3.4272,3.4247,3.4247,6
2026-02-06 01:01:00,3.4202,3.4202,3.4182,3.4182,3.4252,3.4252,3.4232,3.4232,3
2026-02-06 01:02:00,3.4172,3.4172,3.4122,3.4122,3.4222,3.4222,3.4172,3.4172,9
2026-02-06 01:03:00,3.4107,3.4112,3.4047,3.4052,3.4157,3.4162,3.4097,3.4102,14
2026-02-06 01:04:00,3.4057,3.4072,3.4057,3.4057,3.4107,3.4122,3.4107,3.4107,6
2026-02-06 01:05:00,3.4062,3.4097,3.4027,3.4077,3.4112,3.4147,3.4077,3.4127,13
2026-02-06 01:06:00,3.4072,3.4072,3.4072,3.4072,3.4122,3.4122,3.4122,3.4122,1
2026-02-06 01:07:00,3.4062,3.4097,3.4062,3.4092,3.4112,3.4147,3.4112,3.4142,9
2026-02-06 01:08:00,3.4107,3.4112,3.4092,3.4097,3.4157,3.4162,3.4142,3.4147,6
2026-02-06 01:09:00,3.4092,3.4102,3.4057,3.4097,3.4142,3.4152,3.4107,3.4147,55
2026-02-06 01:10:00,3.4102,3.4107,3.4097,3.4097,3.4152,3.4157,3.4147,3.4147,3
2026-02-06 01:11:00,3.4102,3.4117,3.4102,3.4107,3.4152,3.4167,3.4152,3.4157,6
2026-02-06 01:12:00,3.4102,3.4137,3.4102,3.4137,3.4152,3.4187,3.4152,3.4187,8
2026-02-06 01:13:00,3.4147,3.4167,3.4142,3.4162,3.4197,3.4217,3.4192,3.4212,11
2026-02-06 01:14:00,3.4147,3.4147,3.4142,3.4142,3.4197,3.4197,3.4192,3.4192,2
2026-02-06 01:15:00,3.4127,3.4127,3.4107,3.4122,3.4177,3.4177,3.4157,3.4172,4
2026-02-06 01:16:00,3.4117,3.4142,3.4112,3.4137,3.4167,3.4192,3.4162,3.4187,7
2026-02-06 01:17:00,3.4107,3.4137,3.4097,3.4137,3.4157,3.4187,3.4147,3.4187,10
2026-02-06 01:18:00,3.4127,3.4137,3.4122,3.4127,3.4177,3.4187,3.4172,3.4177,5
2026-02-06 01:19:00,3.4137,3.4147,3.4132,3.4147,3.4187,3.4197,3.4182,3.4197,7
2026-02-06 01:20:00,3.4132,3.4132,3.4097,3.4097,3.4182,3.4182,3.4147,3.4147,12
2026-02-06 01:21:00,3.4092,3.4122,3.4062,3.4067,3.4142,3.4172,3.4112,3.4117,11
2026-02-06 01:22:00,3.4077,3.4102,3.4077,3.4092,3.4127,3.4152,3.4127,3.4142,8
2026-02-06 01:23:00,3.4097,3.4107,3.4092,3.4092,3.4147,3.4157,3.4142,3.4142,5
2026-02-06 01:24:00,3.4082,3.4107,3.4082,3.4102,3.4132,3.4157,3.4132,3.4152,6
2026-02-06 01:25:00,3.4092,3.4117,3.4092,3.4117,3.4142,3.4167,3.4142,3.4167,6
2026-02-06 01:26:00,3.4122,3.4152,3.4117,3.4152,3.4172,3.4202,3.4167,3.4202,8
2026-02-06 01:27:00,3.4162,3.4162,3.4157,3.4157,3.4212,3.4212,3.4207,3.4207,2
2026-02-06 01:28:00,3.4152,3.4152,3.4152,3.4152,3.4202,3.4202,3.4202,3.4202,1
2026-02-06 01:29:00,3.4147,3.4147,3.4112,3.4132,3.4197,3.4197,3.4162,3.4182,11
2026-02-06 01:32:00,3.4127,3.4132,3.4122,3.4122,3.4177,3.4182,3.4172,3.4172,4
2026-02-06 01:33:00,3.4127,3.4127,3.4117,3.4122,3.4177,3.4177,3.4167,3.4172,5
2026-02-06 01:35:00,3.4117,3.4117,3.4092,3.4092,3.4167,3.4167,3.4142,3.4142,5
2026-02-06 01:36:00,3.4087,3.4117,3.4087,3.4117,3.4137,3.4167,3.4137,3.4167,5
2026-02-06 01:37:00,3.4102,3.4102,3.4092,3.4092,3.4152,3.4152,3.4142,3.4142,2
2026-02-06 01:38:00,3.4107,3.4122,3.4072,3.4077,3.4157,3.4172,3.4122,3.4127,8
2026-02-06 01:39:00,3.4072,3.4082,3.4072,3.4077,3.4122,3.4132,3.4122,3.4127,5
2026-02-06 01:40:00,3.4072,3.4072,3.4072,3.4072,3.4122,3.4122,3.4122,3.4122,1
2026-02-06 01:44:00,3.4062,3.4062,3.4062,3.4062,3.4112,3.4112,3.4112,3.4112,1
2026-02-06 01:45:00,3.4077,3.4117,3.4077,3.4117,3.4127,3.4167,3.4127,3.4167,10
2026-02-06 01:47:00,3.4112,3.4117,3.4112,3.4117,3.4162,3.4167,3.4162,3.4167,2
2026-02-06 01:48:00,3.4112,3.4127,3.4107,3.4127,3.4162,3.4177,3.4157,3.4177,6
2026-02-06 01:49:00,3.4117,3.4117,3.4112,3.4112,3.4167,3.4167,3.4162,3.4162,2
2026-02-06 01:50:00,3.4107,3.4107,3.4107,3.4107,3.4157,3.4157,3.4157,3.4157,1
2026-02-06 01:51:00,3.4112,3.4152,3.4062,3.4087,3.4162,3.4202,3.4112,3.4137,23
2026-02-06 01:52:00,3.4082,3.4092,3.4082,3.4092,3.4132,3.4142,3.4132,3.4142,7
2026-02-06 01:53:00,3.4087,3.4087,3.4087,3.4087,3.4137,3.4137,3.4137,3.4137,1
2026-02-06 01:54:00,3.4077,3.4097,3.4077,3.4082,3.4127,3.4147,3.4127,3.4132,5
2026-02-06 01:55:00,3.4087,3.4092,3.4082,3.4082,3.4137,3.4142,3.4132,3.4132,4
2026-02-06 01:56:00,3.4077,3.4077,3.3992,3.4007,3.4127,3.4127,3.4042,3.4057,11
2026-02-06 01:57:00,3.3987,3.3992,3.3962,3.3972,3.4037,3.4042,3.4012,3.4022,8
2026-02-06 01:58:00,3.3987,3.3992,3.3937,3.3977,3.4037,3.4042,3.3987,3.4027,15
2026-02-06 01:59:00,3.3982,3.3987,3.3982,3.3987,3.4032,3.4037,3.4032,3.4037,2
2026-02-06 02:00:00,3.3992,3.4027,3.3912,3.4012,3.4042,3.4077,3.3962,3.4062,37
2026-02-06 02:01:00,3.4022,3.4057,3.4022,3.4042,3.4072,3.4107,3.4072,3.4092,7
2026-02-06 02:02:00,3.4037,3.4077,3.4037,3.4077,3.4087,3.4127,3.4087,3.4127,8
2026-02-06 02:03:00,3.4082,3.4132,3.4082,3.4117,3.4132,3.4182,3.4132,3.4167,8
2026-02-06 02:04:00,3.4112,3.4142,3.4092,3.4092,3.4162,3.4192,3.4142,3.4142,7
2026-02-06 02:05:00,3.4087,3.4107,3.4082,3.4082,3.4137,3.4157,3.4132,3.4132,6
2026-02-06 02:06:00,3.4087,3.4102,3.4072,3.4082,3.4137,3.4152,3.4122,3.4132,10
2026-02-06 02:07:00,3.4087,3.4107,3.4087,3.4092,3.4137,3.4157,3.4137,3.4142,5
2026-02-06 02:08:00,3.4087,3.4087,3.4087,3.4087,3.4137,3.4137,3.4137,3.4137,1
2026-02-06 02:09:00,3.4092,3.4092,3.4057,3.4057,3.4142,3.4142,3.4107,3.4107,7
2026-02-06 02:10:00,3.4052,3.4077,3.4037,3.4042,3.4102,3.4127,3.4087,3.4092,14
2026-02-06 02:11:00,3.4052,3.4052,3.4047,3.4047,3.4102,3.4102,3.4097,3.4097,2
2026-02-06 02:12:00,3.4057,3.4057,3.4042,3.4042,3.4107,3.4107,3.4092,3.4092,2
2026-02-06 02:13:00,3.4037,3.4037,3.4027,3.4027,3.4087,3.4087,3.4077,3.4077,2
2026-02-06 02:14:00,3.4032,3.4057,3.3997,3.4007,3.4082,3.4107,3.4047,3.4057,11
2026-02-06 02:15:00,3.4022,3.4057,3.4002,3.4007,3.4072,3.4107,3.4052,3.4057,24
2026-02-06 02:16:00,3.4012,3.4057,3.4012,3.4022,3.4062,3.4107,3.4062,3.4072,6
2026-02-06 02:17:00,3.4032,3.4037,3.4022,3.4022,3.4082,3.4087,3.4072,3.4072,4
2026-02-06 02:18:00,3.4032,3.4057,3.4032,3.4032,3.4082,3.4107,3.4082,3.4082,6
2026-02-06 02:19:00,3.4027,3.4027,3.4027,3.4027,3.4077,3.4077,3.4077,3.4077,1
2026-02-06 02:20:00,3.4022,3.4022,3.4012,3.4017,3.4072,3.4072,3.4062,3.4067,4
2026-02-06 02:21:00,3.4012,3.4012,3.4012,3.4012,3.4062,3.4062,3.4062,3.4062,1
2026-02-06 02:22:00,3.4022,3.4052,3.4022,3.4032,3.4072,3.4102,3.4072,3.4082,7
2026-02-06 02:23:00,3.4027,3.4057,3.4002,3.4002,3.4077,3.4107,3.4052,3.4052,18
2026-02-06 02:24:00,3.3992,3.4002,3.3942,3.3952,3.4042,3.4052,3.3992,3.4002,11
2026-02-06 02:25:00,3.3957,3.3957,3.3957,3.3957,3.4007,3.4007,3.4007,3.4007,1
2026-02-06 02:26:00,3.3952,3.3967,3.3952,3.3967,3.4002,3.4017,3.4002,3.4017,8
2026-02-06 02:27:00,3.3962,3.3962,3.3917,3.3922,3.4012,3.4012,3.3967,3.3972,9
2026-02-06 02:28:00,3.3927,3.3932,3.3927,3.3932,3.3977,3.3982,3.3977,3.3982,2
2026-02-06 02:29:00,3.3937,3.3952,3.3937,3.3952,3.3987,3.4002,3.3987,3.4002,2
2026-02-06 02:30:00,3.3967,3.3977,3.3942,3.3942,3.4017,3.4027,3.3992,3.3992,11
2026-02-06 02:31:00,3.3952,3.3952,3.3947,3.3952,3.4002,3.4002,3.3997,3.4002,5
2026-02-06 02:32:00,3.3947,3.3947,3.3932,3.3932,3.3997,3.3997,3.3982,3.3982,4
2026-02-06 02:33:00,3.3927,3.3937,3.3927,3.3937,3.3977,3.3987,3.3977,3.3987,3
2026-02-06 02:34:00,3.3942,3.3967,3.3942,3.3952,3.3992,3.4017,3.3992,3.4002,8
2026-02-06 02:35:00,3.3942,3.3942,3.3942,3.3942,3.3992,3.3992,3.3992,3.3992,1
2026-02-06 02:36:00,3.3952,3.3952,3.3902,3.3912,3.4002,3.4002,3.3952,3.3962,8
2026-02-06 02:37:00,3.3897,3.3897,3.3847,3.3872,3.3947,3.3947,3.3897,3.3922,12
2026-02-06 02:38:00,3.3867,3.3867,3.3847,3.3857,3.3917,3.3917,3.3897,3.3907,9
2026-02-06 02:39:00,3.3852,3.3907,3.3852,3.3907,3.3902,3.3957,3.3902,3.3957,6
2026-02-06 02:40:00,3.3897,3.3897,3.3877,3.3882,3.3947,3.3947,3.3927,3.3932,3
2026-02-06 02:41:00,3.3887,3.3897,3.3877,3.3877,3.3937,3.3947,3.3927,3.3927,6
2026-02-06 02:42:00,3.3862,3.3887,3.3862,3.3872,3.3912,3.3937,3.3912,3.3922,8
2026-02-06 02:43:00,3.3867,3.3887,3.3857,3.3887,3.3917,3.3937,3.3907,3.3937,5
2026-02-06 02:44:00,3.3882,3.3882,3.3882,3.3882,3.3932,3.3932,3.3932,3.3932,1
2026-02-06 02:45:00,3.3887,3.3927,3.3877,3.3877,3.3937,3.3977,3.3927,3.3927,31
2026-02-06 02:46:00,3.3872,3.3897,3.3872,3.3897,3.3922,3.3947,3.3922,3.3947,6
2026-02-06 02:47:00,3.3917,3.3917,3.3902,3.3907,3.3967,3.3967,3.3952,3.3957,5
2026-02-06 02:48:00,3.3912,3.3922,3.3912,3.3922,3.3962,3.3972,3.3962,3.3972,5
2026-02-06 02:49:00,3.3927,3.3927,3.3922,3.3922,3.3977,3.3977,3.3972,3.3972,2
2026-02-06 02:50:00,3.3912,3.3947,3.3912,3.3947,3.3962,3.3997,3.3962,3.3997,4
2026-02-06 02:51:00,3.3942,3.3987,3.3932,3.3957,3.3992,3.4037,3.3982,3.4007,14
2026-02-06 02:52:00,3.3942,3.3962,3.3942,3.3962,3.3992,3.4012,3.3992,3.4012,6
2026-02-06 02:53:00,3.3967,3.3982,3.3947,3.3947,3.4017,3.4032,3.3997,3.3997,8
2026-02-06 02:54:00,3.3942,3.3967,3.3942,3.3952,3.3992,3.4017,3.3992,3.4002,5
2026-02-06 02:55:00,3.3962,3.3962,3.3937,3.3947,3.4012,3.4012,3.3987,3.3997,4
2026-02-06 02:56:00,3.3957,3.3957,3.3907,3.3907,3.4007,3.4007,3.3957,3.3957,8
2026-02-06 02:57:00,3.3912,3.3922,3.3902,3.3907,3.3962,3.3972,3.3952,3.3957,7
2026-02-06 02:58:00,3.3902,3.3932,3.3902,3.3927,3.3952,3.3982,3.3952,3.3977,8
2026-02-06 02:59:00,3.3922,3.3932,3.3922,3.3932,3.3972,3.3982,3.3972,3.3982,2
2026-02-06 03:01:00,3.3927,3.3927,3.3862,3.3862,3.3977,3.3977,3.3912,3.3912,15
2026-02-06 03:02:00,3.3847,3.3952,3.3847,3.3947,3.3897,3.4002,3.3897,3.3997,13
2026-02-06 03:03:00,3.3937,3.3962,3.3937,3.3942,3.3987,3.4012,3.3987,3.3992,7
2026-02-06 03:04:00,3.3947,3.3947,3.3947,3.3947,3.3997,3.3997,3.3997,3.3997,1
2026-02-06 03:05:00,3.3942,3.3957,3.3942,3.3947,3.3992,3.4007,3.3992,3.3997,5
2026-02-06 03:06:00,3.3952,3.3957,3.3952,3.3952,3.4002,3.4007,3.4002,3.4002,3
2026-02-06 03:07:00,3.3947,3.3952,3.3942,3.3942,3.3997,3.4002,3.3992,3.3992,8
2026-02-06 03:09:00,3.3937,3.3952,3.3937,3.3942,3.3987,3.4002,3.3987,3.3992,5
2026-02-06 03:10:00,3.3947,3.3967,3.3947,3.3967,3.3997,3.4017,3.3997,3.4017,4
2026-02-06 03:11:00,3.3957,3.3967,3.3957,3.3957,3.4007,3.4017,3.4007,3.4007,4
2026-02-06 03:12:00,3.3962,3.3987,3.3962,3.3977,3.4012,3.4037,3.4012,3.4027,8
2026-02-06 03:13:00,3.3992,3.3997,3.3992,3.3992,3.4042,3.4047,3.4042,3.4042,3
2026-02-06 03:14:00,3.3997,3.4017,3.3987,3.4017,3.4047,3.4067,3.4037,3.4067,5
2026-02-06 03:15:00,3.4022,3.4042,3.4017,3.4042,3.4072,3.4092,3.4067,3.4092,7
2026-02-06 03:16:00,3.4047,3.4047,3.4032,3.4032,3.4097,3.4097,3.4082,3.4082,3
2026-02-06 03:17:00,3.4047,3.4057,3.4037,3.4042,3.4097,3.4107,3.4087,3.4092,5
2026-02-06 03:18:00,3.4052,3.4067,3.4047,3.4062,3.4102,3.4117,3.4097,3.4112,9
2026-02-06 03:20:00,3.4057,3.4057,3.4057,3.4057,3.4107,3.4107,3.4107,3.4107,1
2026-02-06 03:21:00,3.4067,3.4137,3.4002,3.4007,3.4117,3.4187,3.4052,3.4057,35
2026-02-06 03:22:00,3.4002,3.4002,3.3967,3.3992,3.4052,3.4052,3.4017,3.4042,11
2026-02-06 03:23:00,3.3977,3.3977,3.3947,3.3967,3.4027,3.4027,3.3997,3.4017,8
2026-02-06 03:24:00,3.3962,3.3967,3.3947,3.3952,3.4012,3.4017,3.3997,3.4002,5
2026-02-06 03:25:00,3.3962,3.3962,3.3947,3.3962,3.4012,3.4012,3.3997,3.4012,4
2026-02-06 03:26:00,3.3947,3.3982,3.3937,3.3977,3.3997,3.4032,3.3987,3.4027,6
2026-02-06 03:27:00,3.3992,3.4002,3.3987,3.3992,3.4042,3.4052,3.4037,3.4042,5
2026-02-06 03:29:00,3.3997,3.3997,3.3987,3.3987,3.4047,3.4047,3.4037,3.4037,2
2026-02-06 03:30:00,3.3992,3.4017,3.3987,3.4012,3.4042,3.4067,3.4037,3.4062,20
2026-02-06 03:31:00,3.4007,3.4022,3.3997,3.4022,3.4057,3.4072,3.4047,3.4072,5
2026-02-06 03:32:00,3.4027,3.4027,3.4027,3.4027,3.4077,3.4077,3.4077,3.4077,1
2026-02-06 03:33:00,3.4022,3.4022,3.4022,3.4022,3.4072,3.4072,3.4072,3.4072,1
2026-02-06 03:34:00,3.4027,3.4127,3.4027,3.4122,3.4077,3.4177,3.4077,3.4172,20
2026-02-06 03:35:00,3.4117,3.4207,3.4117,3.4167,3.4167,3.4257,3.4167,3.4217,34
2026-02-06 03:36:00,3.4172,3.4182,3.4152,3.4152,3.4222,3.4232,3.4202,3.4202,9
2026-02-06 03:37:00,3.4162,3.4182,3.4147,3.4157,3.4212,3.4232,3.4197,3.4207,18
2026-02-06 03:38:00,3.4172,3.4207,3.4162,3.4187,3.4222,3.4257,3.4212,3.4237,18
2026-02-06 03:39:00,3.4192,3.4197,3.4192,3.4197,3.4242,3.4247,3.4242,3.4247,2
2026-02-06 03:40:00,3.4192,3.4212,3.4192,3.4192,3.4242,3.4262,3.4242,3.4242,5
2026-02-06 03:41:00,3.4187,3.4207,3.4187,3.4207,3.4237,3.4257,3.4237,3.4257,3
2026-02-06 03:42:00,3.4212,3.4212,3.4182,3.4197,3.4262,3.4262,3.4232,3.4247,5
2026-02-06 03:43:00,3.4202,3.4202,3.4192,3.4192,3.4252,3.4252,3.4242,3.4242,3
2026-02-06 03:44:00,3.4187,3.4202,3.4187,3.4202,3.4237,3.4252,3.4237,3.4252,3
2026-02-06 03:45:00,3.4197,3.4237,3.4197,3.4212,3.4247,3.4287,3.4247,3.4262,18
2026-02-06 03:46:00,3.4207,3.4207,3.4187,3.4187,3.4257,3.4257,3.4237,3.4237,4
2026-02-06 03:47:00,3.4177,3.4177,3.4122,3.4122,3.4227,3.4227,3.4172,3.4172,9
2026-02-06 03:48:00,3.4132,3.4147,3.4132,3.4142,3.4182,3.4197,3.4182,3.4192,3
2026-02-06 03:49:00,3.4137,3.4142,3.4132,3.4142,3.4187,3.4192,3.4182,3.4192,4
2026-02-06 03:50:00,3.4132,3.4132,3.4132,3.4132,3.4182,3.4182,3.4182,3.4182,1
2026-02-06 03:54:00,3.4147,3.4147,3.4147,3.4147,3.4197,3.4197,3.4197,3.4197,1
2026-02-06 03:55:00,3.4137,3.4137,3.4127,3.4132,3.4187,3.4187,3.4177,3.4182,3
2026-02-06 03:56:00,3.4127,3.4147,3.4117,3.4117,3.4177,3.4197,3.4167,3.4167,14
2026-02-06 03:57:00,3.4127,3.4127,3.4127,3.4127,3.4177,3.4177,3.4177,3.4177,1
2026-02-06 03:58:00,3.4137,3.4152,3.4127,3.4132,3.4187,3.4202,3.4177,3.4182,10
2026-02-06 03:59:00,3.4127,3.4132,3.4122,3.4122,3.4177,3.4182,3.4172,3.4172,3
2026-02-06 04:00:00,3.4127,3.4142,3.4127,3.4127,3.4177,3.4192,3.4177,3.4177,5
2026-02-06 04:02:00,3.4117,3.4122,3.4117,3.4122,3.4167,3.4172,3.4167,3.4172,2
2026-02-06 04:04:00,3.4117,3.4127,3.4072,3.4107,3.4167,3.4177,3.4122,3.4157,18
2026-02-06 04:05:00,3.4112,3.4167,3.4112,3.4137,3.4162,3.4217,3.4162,3.4187,10
2026-02-06 04:06:00,3.4132,3.4157,3.4132,3.4142,3.4182,3.4207,3.4182,3.4192,5
2026-02-06 04:07:00,3.4137,3.4142,3.4137,3.4142,3.4187,3.4192,3.4187,3.4192,2
2026-02-06 04:08:00,3.4137,3.4147,3.4127,3.4142,3.4187,3.4197,3.4177,3.4192,7
2026-02-06 04:09:00,3.4137,3.4137,3.4127,3.4132,3.4187,3.4187,3.4177,3.4182,3
2026-02-06 04:11:00,3.4147,3.4157,3.4132,3.4137,3.4197,3.4207,3.4182,3.4187,6
2026-02-06 04:13:00,3.4132,3.4137,3.4132,3.4137,3.4182,3.4187,3.4182,3.4187,2
2026-02-06 04:15:00,3.4132,3.4157,3.4132,3.4157,3.4182,3.4207,3.4182,3.4207,4
2026-02-06 04:16:00,3.4152,3.4152,3.4152,3.4152,3.4202,3.4202,3.4202,3.4202,1
2026-02-06 04:17:00,3.4157,3.4157,3.4157,3.4157,3.4207,3.4207,3.4207,3.4207,1
2026-02-06 04:18:00,3.4152,3.4177,3.4147,3.4172,3.4202,3.4227,3.4197,3.4222,9
2026-02-06 04:19:00,3.4177,3.4177,3.4177,3.4177,3.4227,3.4227,3.4227,3.4227,1
2026-02-06 04:20:00,3.4182,3.4182,3.4182,3.4182,3.4232,3.4232,3.4232,3.4232,1
2026-02-06 04:22:00,3.4172,3.4172,3.4137,3.4147,3.4222,3.4222,3.4187,3.4197,7
2026-02-06 04:23:00,3.4152,3.4152,3.4137,3.4137,3.4202,3.4202,3.4187,3.4187,4
2026-02-06 04:24:00,3.4132,3.4132,3.4132,3.4132,3.4182,3.4182,3.4182,3.4182,1
2026-02-06 04:25:00,3.4142,3.4147,3.4117,3.4122,3.4192,3.4197,3.4167,3.4172,6
2026-02-06 04:27:00,3.4117,3.4117,3.4097,3.4097,3.4167,3.4167,3.4147,3.4147,3
2026-02-06 04:28:00,3.4102,3.4117,3.4097,3.4117,3.4152,3.4167,3.4147,3.4167,4
2026-02-06 04:29:00,3.4122,3.4122,3.4122,3.4122,3.4172,3.4172,3.4172,3.4172,1
2026-02-06 04:30:00,3.4117,3.4157,3.4112,3.4152,3.4167,3.4207,3.4162,3.4202,14
2026-02-06 04:31:00,3.4147,3.4182,3.4147,3.4167,3.4197,3.4232,3.4197,3.4217,15
2026-02-06 04:32:00,3.4177,3.4267,3.4177,3.4247,3.4227,3.4317,3.4227,3.4297,39
2026-02-06 04:33:00,3.4252,3.4292,3.4252,3.4257,3.4302,3.4342,3.4302,3.4307,33
2026-02-06 04:34:00,3.4262,3.4272,3.4242,3.4257,3.4312,3.4322,3.4292,3.4307,11
2026-02-06 04:35:00,3.4252,3.4277,3.4252,3.4262,3.4302,3.4327,3.4302,3.4312,9
2026-02-06 04:36:00,3.4252,3.4257,3.4202,3.4202,3.4302,3.4307,3.4252,3.4252,11
2026-02-06 04:37:00,3.4187,3.4187,3.4187,3.4187,3.4237,3.4237,3.4237,3.4237,1
2026-02-06 04:38:00,3.4197,3.4197,3.4177,3.4187,3.4247,3.4247,3.4227,3.4237,12
2026-02-06 04:39:00,3.4182,3.4187,3.4172,3.4187,3.4232,3.4237,3.4222,3.4237,5
2026-02-06 04:40:00,3.4182,3.4187,3.4167,3.4172,3.4232,3.4237,3.4217,3.4222,7
2026-02-06 04:41:00,3.4177,3.4177,3.4172,3.4177,3.4227,3.4227,3.4222,3.4227,3
2026-02-06 04:42:00,3.4167,3.4167,3.4157,3.4157,3.4217,3.4217,3.4207,3.4207,2
2026-02-06 04:43:00,3.4152,3.4152,3.4142,3.4147,3.4202,3.4202,3.4192,3.4197,6
2026-02-06 04:44:00,3.4142,3.4147,3.4112,3.4127,3.4192,3.4197,3.4162,3.4177,11
2026-02-06 04:45:00,3.4122,3.4132,3.4122,3.4132,3.4172,3.4182,3.4172,3.4182,2
2026-02-06 04:46:00,3.4137,3.4162,3.4137,3.4157,3.4187,3.4212,3.4187,3.4207,5
2026-02-06 04:47:00,3.4172,3.4172,3.4157,3.4162,3.4222,3.4222,3.4207,3.4212,3
2026-02-06 04:48:00,3.4167,3.4172,3.4167,3.4167,3.4217,3.4222,3.4217,3.4217,3
2026-02-06 04:50:00,3.4157,3.4157,3.4157,3.4157,3.4207,3.4207,3.4207,3.4207,1
2026-02-06 04:51:00,3.4152,3.4157,3.4127,3.4127,3.4202,3.4207,3.4177,3.4177,6
2026-02-06 04:52:00,3.4122,3.4162,3.4112,3.4112,3.4172,3.4212,3.4162,3.4162,15
2026-02-06 04:54:00,3.4117,3.4132,3.4117,3.4122,3.4167,3.4182,3.4167,3.4172,4
2026-02-06 04:55:00,3.4127,3.4127,3.4107,3.4127,3.4177,3.4177,3.4157,3.4177,7
2026-02-06 04:56:00,3.4112,3.4132,3.4112,3.4122,3.4162,3.4182,3.4162,3.4172,5
2026-02-06 04:57:00,3.4132,3.4132,3.4122,3.4122,3.4182,3.4182,3.4172,3.4172,2
2026-02-06 04:58:00,3.4117,3.4182,3.4097,3.4157,3.4167,3.4232,3.4147,3.4207,26
2026-02-06 04:59:00,3.4162,3.4162,3.4162,3.4162,3.4212,3.4212,3.4212,3.4212,1
2026-02-06 05:00:00,3.4167,3.4187,3.4167,3.4187,3.4217,3.4237,3.4217,3.4237,4
2026-02-06 05:01:00,3.4197,3.4197,3.4182,3.4182,3.4247,3.4247,3.4232,3.4232,7
2026-02-06 05:02:00,3.4187,3.4187,3.4187,3.4187,3.4237,3.4237,3.4237,3.4237,1
2026-02-06 05:03:00,3.4197,3.4207,3.4192,3.4197,3.4247,3.4257,3.4242,3.4247,4
2026-02-06 05:04:00,3.4202,3.4207,3.4197,3.4197,3.4252,3.4257,3.4247,3.4247,4
2026-02-06 05:05:00,3.4192,3.4192,3.4192,3.4192,3.4242,3.4242,3.4242,3.4242,1
2026-02-06 05:07:00,3.4182,3.4182,3.4172,3.4177,3.4232,3.4232,3.4222,3.4227,3
2026-02-06 05:08:00,3.4182,3.4182,3.4182,3.4182,3.4232,3.4232,3.4232,3.4232,1
2026-02-06 05:09:00,3.4172,3.4207,3.4162,3.4197,3.4222,3.4257,3.4212,3.4247,12
2026-02-06 05:10:00,3.4207,3.4207,3.4192,3.4192,3.4257,3.4257,3.4242,3.4242,2
2026-02-06 05:11:00,3.4177,3.4177,3.4172,3.4172,3.4227,3.4227,3.4222,3.4222,2
2026-02-06 05:12:00,3.4177,3.4182,3.4172,3.4177,3.4227,3.4232,3.4222,3.4227,6
2026-02-06 05:13:00,3.4182,3.4182,3.4182,3.4182,3.4232,3.4232,3.4232,3.4232,1
2026-02-06 05:16:00,3.4172,3.4172,3.4172,3.4172,3.4222,3.4222,3.4222,3.4222,1
2026-02-06 05:17:00,3.4167,3.4167,3.4167,3.4167,3.4217,3.4217,3.4217,3.4217,1
2026-02-06 05:18:00,3.4162,3.4167,3.4157,3.4167,3.4212,3.4217,3.4207,3.4217,3
2026-02-06 05:20:00,3.4177,3.4182,3.4177,3.4182,3.4227,3.4232,3.4227,3.4232,2
2026-02-06 05:26:00,3.4177,3.4177,3.4177,3.4177,3.4227,3.4227,3.4227,3.4227,1
2026-02-06 05:27:00,3.4167,3.4167,3.4127,3.4127,3.4217,3.4217,3.4177,3.4177,12
2026-02-06 05:28:00,3.4117,3.4127,3.4117,3.4127,3.4167,3.4177,3.4167,3.4177,2
2026-02-06 05:29:00,3.4117,3.4117,3.4117,3.4117,3.4167,3.4167,3.4167,3.4167,1
2026-02-06 05:30:00,3.4107,3.4117,3.4057,3.4087,3.4157,3.4167,3.4107,3.4137,28
2026-02-06 05:31:00,3.4097,3.4097,3.4087,3.4087,3.4147,3.4147,3.4137,3.4137,4
2026-02-06 05:32:00,3.4082,3.4097,3.4077,3.4082,3.4132,3.4147,3.4127,3.4132,7
2026-02-06 05:33:00,3.4087,3.4087,3.4087,3.4087,3.4137,3.4137,3.4137,3.4137,1
2026-02-06 05:34:00,3.4097,3.4097,3.4092,3.4097,3.4147,3.4147,3.4142,3.4147,3
2026-02-06 05:37:00,3.4102,3.4102,3.4097,3.4097,3.4152,3.4152,3.4147,3.4147,2
2026-02-06 05:38:00,3.4092,3.4107,3.4092,3.4102,3.4142,3.4157,3.4142,3.4152,6
2026-02-06 05:39:00,3.4097,3.4097,3.4097,3.4097,3.4147,3.4147,3.4147,3.4147,1
2026-02-06 05:41:00,3.4102,3.4107,3.4102,3.4107,3.4152,3.4157,3.4152,3.4157,2
2026-02-06 05:42:00,3.4117,3.4152,3.4107,3.4122,3.4167,3.4202,3.4157,3.4172,9
2026-02-06 05:45:00,3.4127,3.4127,3.4127,3.4127,3.4177,3.4177,3.4177,3.4177,1
2026-02-06 05:46:00,3.4122,3.4147,3.4107,3.4117,3.4172,3.4197,3.4157,3.4167,13
2026-02-06 05:47:00,3.4127,3.4127,3.4117,3.4117,3.4177,3.4177,3.4167,3.4167,2
2026-02-06 05:49:00,3.4107,3.4117,3.4107,3.4107,3.4157,3.4167,3.4157,3.4157,3
2026-02-06 05:50:00,3.4117,3.4152,3.4117,3.4152,3.4167,3.4202,3.4167,3.4202,8
2026-02-06 05:51:00,3.4157,3.4157,3.4152,3.4152,3.4207,3.4207,3.4202,3.4202,2
2026-02-06 05:52:00,3.4157,3.4157,3.4137,3.4137,3.4207,3.4207,3.4187,3.4187,6
2026-02-06 05:53:00,3.4122,3.4132,3.4102,3.4127,3.4172,3.4182,3.4152,3.4177,8
2026-02-06 05:55:00,3.4117,3.4117,3.4077,3.4097,3.4167,3.4167,3.4127,3.4147,16
2026-02-06 05:56:00,3.4092,3.4117,3.4087,3.4112,3.4142,3.4167,3.4137,3.4162,22
2026-02-06 05:57:00,3.4117,3.4142,3.4117,3.4142,3.4167,3.4192,3.4167,3.4192,5
2026-02-06 05:58:00,3.4137,3.4147,3.4132,3.4132,3.4187,3.4197,3.4182,3.4182,5
2026-02-06 05:59:00,3.4122,3.4127,3.4122,3.4127,3.4172,3.4177,3.4172,3.4177,4
2026-02-06 06:00:00,3.4117,3.4117,3.4102,3.4102,3.4167,3.4167,3.4152,3.4152,4
2026-02-06 06:01:00,3.4107,3.4107,3.4087,3.4107,3.4157,3.4157,3.4137,3.4157,11
2026-02-06 06:02:00,3.4092,3.4102,3.4092,3.4102,3.4142,3.4152,3.4142,3.4152,3
2026-02-06 06:03:00,3.4097,3.4117,3.4097,3.4117,3.4147,3.4167,3.4147,3.4167,4
2026-02-06 06:04:00,3.4107,3.4147,3.4107,3.4142,3.4157,3.4197,3.4157,3.4192,7
2026-02-06 06:05:00,3.4147,3.4147,3.4137,3.4137,3.4197,3.4197,3.4187,3.4187,3
2026-02-06 06:06:00,3.4132,3.4137,3.4132,3.4132,3.4182,3.4187,3.4182,3.4182,3
2026-02-06 06:07:00,3.4127,3.4127,3.4117,3.4122,3.4177,3.4177,3.4167,3.4172,3
2026-02-06 06:08:00,3.4127,3.4127,3.4097,3.4107,3.4177,3.4177,3.4147,3.4157,8
2026-02-06 06:09:00,3.4102,3.4122,3.4082,3.4102,3.4152,3.4172,3.4132,3.4152,18
2026-02-06 06:10:00,3.4107,3.4117,3.4107,3.4112,3.4157,3.4167,3.4157,3.4162,6
2026-02-06 06:11:00,3.4107,3.4107,3.4087,3.4097,3.4157,3.4157,3.4137,3.4147,4
2026-02-06 06:12:00,3.4082,3.4097,3.4082,3.4097,3.4132,3.4147,3.4132,3.4147,4
2026-02-06 06:13:00,3.4102,3.4102,3.4102,3.4102,3.4152,3.4152,3.4152,3.4152,1
2026-02-06 06:14:00,3.4092,3.4092,3.4027,3.4037,3.4142,3.4142,3.4077,3.4087,30
2026-02-06 06:15:00,3.4047,3.4052,3.4017,3.4022,3.4097,3.4102,3.4067,3.4072,16
2026-02-06 06:16:00,3.4017,3.4017,3.4002,3.4007,3.4067,3.4067,3.4052,3.4057,9
2026-02-06 06:17:00,3.4017,3.4047,3.4007,3.4042,3.4067,3.4097,3.4057,3.4092,11
2026-02-06 06:18:00,3.4037,3.4057,3.4007,3.4017,3.4087,3.4107,3.4057,3.4067,10
2026-02-06 06:19:00,3.4022,3.4022,3.3897,3.3927,3.4072,3.4072,3.3947,3.3977,34
2026-02-06 06:20:00,3.3907,3.3922,3.3902,3.3912,3.3957,3.3972,3.3952,3.3962,10
2026-02-06 06:21:00,3.3902,3.3902,3.3897,3.3902,3.3952,3.3952,3.3947,3.3952,3
2026-02-06 06:22:00,3.3907,3.3907,3.3892,3.3892,3.3957,3.3957,3.3942,3.3942,6
2026-02-06 06:23:00,3.3897,3.3967,3.3897,3.3967,3.3947,3.4017,3.3947,3.4017,12
2026-02-06 06:24:00,3.3972,3.3992,3.3962,3.3992,3.4022,3.4042,3.4012,3.4042,8
2026-02-06 06:25:00,3.4002,3.4027,3.3982,3.4027,3.4052,3.4077,3.4032,3.4077,10
2026-02-06 06:26:00,3.4022,3.4037,3.4022,3.4027,3.4072,3.4087,3.4072,3.4077,6
2026-02-06 06:27:00,3.4017,3.4017,3.3997,3.4002,3.4067,3.4067,3.4047,3.4052,8
2026-02-06 06:28:00,3.4012,3.4022,3.4012,3.4022,3.4062,3.4072,3.4062,3.4072,3
2026-02-06 06:29:00,3.4027,3.4027,3.4002,3.4002,3.4077,3.4077,3.4052,3.4052,3
2026-02-06 06:30:00,3.4007,3.4007,3.4002,3.4002,3.4057,3.4057,3.4052,3.4052,2
2026-02-06 06:31:00,3.3997,3.3997,3.3992,3.3992,3.4047,3.4047,3.4042,3.4042,4
2026-02-06 06:32:00,3.3972,3.3972,3.3952,3.3962,3.4022,3.4022,3.4002,3.4012,4
2026-02-06 06:33:00,3.3952,3.3967,3.3952,3.3967,3.4002,3.4017,3.4002,3.4017,3
2026-02-06 06:34:00,3.3962,3.3967,3.3937,3.3942,3.4012,3.4017,3.3987,3.3992,9
2026-02-06 06:35:00,3.3947,3.3947,3.3877,3.3887,3.3997,3.3997,3.3927,3.3937,19
2026-02-06 06:36:00,3.3882,3.3927,3.3877,3.3917,3.3932,3.3977,3.3927,3.3967,16
2026-02-06 06:37:00,3.3922,3.3922,3.3807,3.3827,3.3972,3.3972,3.3857,3.3877,23
2026-02-06 06:38:00,3.3842,3.3842,3.3797,3.3802,3.3892,3.3892,3.3847,3.3852,12
2026-02-06 06:39:00,3.3812,3.3812,3.3757,3.3772,3.3862,3.3862,3.3807,3.3822,19
2026-02-06 06:40:00,3.3792,3.3797,3.3777,3.3782,3.3842,3.3847,3.3827,3.3832,9
2026-02-06 06:41:00,3.3787,3.3807,3.3772,3.3777,3.3837,3.3857,3.3822,3.3827,9
2026-02-06 06:42:00,3.3772,3.3777,3.3767,3.3767,3.3822,3.3827,3.3817,3.3817,4
2026-02-06 06:43:00,3.3757,3.3792,3.3757,3.3792,3.3807,3.3842,3.3807,3.3842,5
2026-02-06 06:44:00,3.3797,3.3857,3.3797,3.3837,3.3847,3.3907,3.3847,3.3887,17
2026-02-06 06:45:00,3.3847,3.3872,3.3847,3.3857,3.3897,3.3922,3.3897,3.3907,11
2026-02-06 06:46:00,3.3852,3.3917,3.3852,3.3917,3.3902,3.3967,3.3902,3.3967,10
2026-02-06 06:47:00,3.3932,3.3967,3.3932,3.3967,3.3982,3.4017,3.3982,3.4017,16
2026-02-06 06:48:00,3.3982,3.4002,3.3832,3.3842,3.4032,3.4052,3.3882,3.3892,20
2026-02-06 06:49:00,3.3837,3.3852,3.3837,3.3837,3.3887,3.3902,3.3887,3.3887,8
2026-02-06 06:50:00,3.3832,3.3837,3.3782,3.3797,3.3882,3.3887,3.3832,3.3847,14
2026-02-06 06:51:00,3.3802,3.3817,3.3757,3.3767,3.3852,3.3867,3.3807,3.3817,15
2026-02-06 06:52:00,3.3757,3.3812,3.3757,3.3812,3.3807,3.3862,3.3807,3.3862,7
2026-02-06 06:53:00,3.3822,3.3822,3.3777,3.3797,3.3872,3.3872,3.3827,3.3847,8
2026-02-06 06:54:00,3.3792,3.3802,3.3727,3.3737,3.3842,3.3852,3.3777,3.3787,22
2026-02-06 06:55:00,3.3717,3.3737,3.3707,3.3737,3.3767,3.3787,3.3757,3.3787,6
2026-02-06 06:56:00,3.3742,3.3742,3.3702,3.3727,3.3792,3.3792,3.3752,3.3777,11
2026-02-06 06:57:00,3.3722,3.3722,3.3657,3.3677,3.3772,3.3772,3.3707,3.3727,12
2026-02-06 06:58:00,3.3682,3.3712,3.3677,3.3707,3.3732,3.3762,3.3727,3.3757,9
2026-02-06 06:59:00,3.3712,3.3712,3.3687,3.3707,3.3762,3.3762,3.3737,3.3757,11
2026-02-06 07:00:00,3.3692,3.3722,3.3682,3.3702,3.3742,3.3772,3.3732,3.3752,10
2026-02-06 07:01:00,3.3707,3.3707,3.3667,3.3667,3.3757,3.3757,3.3717,3.3717,8
2026-02-06 07:02:00,3.3662,3.3677,3.3652,3.3652,3.3712,3.3727,3.3702,3.3702,8
2026-02-06 07:03:00,3.3662,3.3662,3.3647,3.3647,3.3712,3.3712,3.3697,3.3697,6
2026-02-06 07:04:00,3.3662,3.3682,3.3652,3.3667,3.3712,3.3732,3.3702,3.3717,8
2026-02-06 07:05:00,3.3672,3.3727,3.3672,3.3712,3.3722,3.3777,3.3722,3.3762,11
2026-02-06 07:07:00,3.3707,3.3707,3.3672,3.3682,3.3757,3.3757,3.3722,3.3732,10
2026-02-06 07:08:00,3.3697,3.3732,3.3697,3.3732,3.3747,3.3782,3.3747,3.3782,7
2026-02-06 07:09:00,3.3742,3.3742,3.3727,3.3737,3.3792,3.3792,3.3777,3.3787,3
2026-02-06 07:10:00,3.3722,3.3747,3.3722,3.3737,3.3772,3.3797,3.3772,3.3787,7
2026-02-06 07:11:00,3.3732,3.3767,3.3732,3.3752,3.3782,3.3817,3.3782,3.3802,10
2026-02-06 07:12:00,3.3757,3.3762,3.3712,3.3752,3.3807,3.3812,3.3762,3.3802,15
2026-02-06 07:13:00,3.3747,3.3747,3.3737,3.3737,3.3797,3.3797,3.3787,3.3787,2
2026-02-06 07:14:00,3.3732,3.3737,3.3672,3.3687,3.3782,3.3787,3.3722,3.3737,8
2026-02-06 07:15:00,3.3682,3.3687,3.3682,3.3687,3.3732,3.3737,3.3732,3.3737,4
2026-02-06 07:16:00,3.3692,3.3692,3.3687,3.3692,3.3742,3.3742,3.3737,3.3742,3
2026-02-06 07:17:00,3.3697,3.3702,3.3687,3.3687,3.3747,3.3752,3.3737,3.3737,5
2026-02-06 07:18:00,3.3692,3.3692,3.3692,3.3692,3.3742,3.3742,3.3742,3.3742,1
2026-02-06 07:19:00,3.3702,3.3702,3.3667,3.3667,3.3752,3.3752,3.3717,3.3717,11
2026-02-06 07:20:00,3.3662,3.3662,3.3637,3.3647,3.3712,3.3712,3.3687,3.3697,5
2026-02-06 07:21:00,3.3642,3.3657,3.3632,3.3647,3.3692,3.3707,3.3682,3.3697,13
2026-02-06 07:22:00,3.3642,3.3697,3.3642,3.3672,3.3692,3.3747,3.3692,3.3722,17
2026-02-06 07:23:00,3.3677,3.3682,3.3672,3.3672,3.3727,3.3732,3.3722,3.3722,4
2026-02-06 07:25:00,3.3677,3.3697,3.3677,3.3692,3.3727,3.3747,3.3727,3.3742,4
2026-02-06 07:26:00,3.3697,3.3697,3.3642,3.3647,3.3747,3.3747,3.3692,3.3697,10
2026-02-06 07:27:00,3.3642,3.3697,3.3642,3.3687,3.3692,3.3747,3.3692,3.3737,9
2026-02-06 07:28:00,3.3677,3.3677,3.3652,3.3657,3.3727,3.3727,3.3702,3.3707,9
2026-02-06 07:29:00,3.3652,3.3652,3.3652,3.3652,3.3702,3.3702,3.3702,3.3702,1
2026-02-06 07:30:00,3.3662,3.3667,3.3532,3.3587,3.3712,3.3717,3.3582,3.3637,31
2026-02-06 07:31:00,3.3582,3.3627,3.3562,3.3617,3.3632,3.3677,3.3612,3.3667,17
2026-02-06 07:32:00,3.3612,3.3612,3.3602,3.3607,3.3662,3.3662,3.3652,3.3657,4
2026-02-06 07:33:00,3.3612,3.3617,3.3612,3.3617,3.3662,3.3667,3.3662,3.3667,4
2026-02-06 07:34:00,3.3622,3.3627,3.3617,3.3622,3.3672,3.3677,3.3667,3.3672,4
2026-02-06 07:35:00,3.3612,3.3637,3.3612,3.3637,3.3662,3.3687,3.3662,3.3687,5
2026-02-06 07:36:00,3.3632,3.3687,3.3632,3.3662,3.3682,3.3737,3.3682,3.3712,21
2026-02-06 07:37:00,3.3667,3.3667,3.3667,3.3667,3.3717,3.3717,3.3717,3.3717,1
2026-02-06 07:38:00,3.3657,3.3657,3.3612,3.3612,3.3707,3.3707,3.3662,3.3662,6
2026-02-06 07:39:00,3.3627,3.3637,3.3627,3.3637,3.3677,3.3687,3.3677,3.3687,2
2026-02-06 07:40:00,3.3642,3.3642,3.3642,3.3642,3.3692,3.3692,3.3692,3.3692,1
2026-02-06 07:41:00,3.3647,3.3657,3.3637,3.3642,3.3697,3.3707,3.3687,3.3692,7
2026-02-06 07:42:00,3.3647,3.3667,3.3642,3.3667,3.3697,3.3717,3.3692,3.3717,5
2026-02-06 07:43:00,3.3662,3.3667,3.3662,3.3667,3.3712,3.3717,3.3712,3.3717,2
2026-02-06 07:44:00,3.3682,3.3687,3.3682,3.3687,3.3732,3.3737,3.3732,3.3737,2
2026-02-06 07:45:00,3.3682,3.3687,3.3657,3.3682,3.3732,3.3737,3.3707,3.3732,10
2026-02-06 07:46:00,3.3677,3.3682,3.3677,3.3677,3.3727,3.3732,3.3727,3.3727,3
2026-02-06 07:47:00,3.3672,3.3782,3.3647,3.3782,3.3722,3.3832,3.3697,3.3832,26
2026-02-06 07:48:00,3.3787,3.3817,3.3742,3.3767,3.3837,3.3867,3.3792,3.3817,23
2026-02-06 07:49:00,3.3777,3.3792,3.3737,3.3792,3.3827,3.3842,3.3787,3.3842,12
2026-02-06 07:50:00,3.3797,3.3797,3.3747,3.3762,3.3847,3.3847,3.3797,3.3812,15
2026-02-06 07:51:00,3.3757,3.3762,3.3752,3.3757,3.3807,3.3812,3.3802,3.3807,5
2026-02-06 07:52:00,3.3752,3.3767,3.3752,3.3762,3.3802,3.3817,3.3802,3.3812,5
2026-02-06 07:53:00,3.3757,3.3767,3.3757,3.3767,3.3807,3.3817,3.3807,3.3817,7
2026-02-06 07:54:00,3.3762,3.3762,3.3732,3.3742,3.3812,3.3812,3.3782,3.3792,6
2026-02-06 07:55:00,3.3737,3.3747,3.3727,3.3742,3.3787,3.3797,3.3777,3.3792,7
2026-02-06 07:56:00,3.3737,3.3752,3.3727,3.3752,3.3787,3.3802,3.3777,3.3802,7
2026-02-06 07:57:00,3.3747,3.3747,3.3732,3.3737,3.3797,3.3797,3.3782,3.3787,7
2026-02-06 07:58:00,3.3727,3.3737,3.3727,3.3737,3.3777,3.3787,3.3777,3.3787,3
2026-02-06 07:59:00,3.3732,3.3732,3.3707,3.3717,3.3782,3.3782,3.3757,3.3767,7
2026-02-06 08:00:00,3.3722,3.3732,3.3652,3.3697,3.3772,3.3782,3.3702,3.3747,22
2026-02-06 08:01:00,3.3692,3.3707,3.3647,3.3687,3.3742,3.3757,3.3697,3.3737,31
2026-02-06 08:02:00,3.3692,3.3697,3.3672,3.3687,3.3742,3.3747,3.3722,3.3737,9
2026-02-06 08:03:00,3.3697,3.3727,3.3687,3.3727,3.3747,3.3777,3.3737,3.3777,15
2026-02-06 08:04:00,3.3722,3.3722,3.3717,3.3722,3.3772,3.3772,3.3767,3.3772,3
2026-02-06 08:05:00,3.3732,3.3742,3.3732,3.3737,3.3782,3.3792,3.3782,3.3787,4
2026-02-06 08:06:00,3.3727,3.3737,3.3667,3.3677,3.3777,3.3787,3.3717,3.3727,35
2026-02-06 08:07:00,3.3682,3.3692,3.3657,3.3667,3.3732,3.3742,3.3707,3.3717,15
2026-02-06 08:08:00,3.3672,3.3727,3.3672,3.3727,3.3722,3.3777,3.3722,3.3777,7
2026-02-06 08:09:00,3.3717,3.3762,3.3717,3.3742,3.3767,3.3812,3.3767,3.3792,12
2026-02-06 08:10:00,3.3747,3.3752,3.3722,3.3727,3.3797,3.3802,3.3772,3.3777,19
2026-02-06 08:11:00,3.3732,3.3737,3.3727,3.3727,3.3782,3.3787,3.3777,3.3777,6
2026-02-06 08:12:00,3.3732,3.3732,3.3727,3.3732,3.3782,3.3782,3.3777,3.3782,3
2026-02-06 08:13:00,3.3727,3.3732,3.3712,3.3717,3.3777,3.3782,3.3762,3.3767,5
2026-02-06 08:14:00,3.3732,3.3732,3.3732,3.3732,3.3782,3.3782,3.3782,3.3782,1
2026-02-06 08:15:00,3.3737,3.3737,3.3737,3.3737,3.3787,3.3787,3.3787,3.3787,1
2026-02-06 08:16:00,3.3747,3.3747,3.3712,3.3737,3.3797,3.3797,3.3762,3.3787,15
2026-02-06 08:17:00,3.3747,3.3747,3.3697,3.3722,3.3797,3.3797,3.3747,3.3772,9
2026-02-06 08:18:00,3.3717,3.3752,3.3687,3.3752,3.3767,3.3802,3.3737,3.3802,37
2026-02-06 08:19:00,3.3747,3.3777,3.3737,3.3772,3.3797,3.3827,3.3787,3.3822,15
2026-02-06 08:20:00,3.3777,3.3802,3.3767,3.3782,3.3827,3.3852,3.3817,3.3832,13
2026-02-06 08:21:00,3.3787,3.3802,3.3787,3.3787,3.3837,3.3852,3.3837,3.3837,3
2026-02-06 08:22:00,3.3782,3.3782,3.3767,3.3767,3.3832,3.3832,3.3817,3.3817,2
2026-02-06 08:23:00,3.3757,3.3757,3.3697,3.3722,3.3807,3.3807,3.3747,3.3772,29
2026-02-06 08:24:00,3.3727,3.3757,3.3727,3.3747,3.3777,3.3807,3.3777,3.3797,7
2026-02-06 08:25:00,3.3727,3.3732,3.3712,3.3732,3.3777,3.3782,3.3762,3.3782,5
2026-02-06 08:27:00,3.3727,3.3752,3.3727,3.3742,3.3777,3.3802,3.3777,3.3792,6
2026-02-06 08:28:00,3.3747,3.3747,3.3747,3.3747,3.3797,3.3797,3.3797,3.3797,1
2026-02-06 08:29:00,3.3757,3.3757,3.3757,3.3757,3.3807,3.3807,3.3807,3.3807,1
2026-02-06 08:30:00,3.3777,3.3797,3.3777,3.3792,3.3827,3.3847,3.3827,3.3842,7
2026-02-06 08:31:00,3.3797,3.3847,3.3782,3.3842,3.3847,3.3897,3.3832,3.3892,22
2026-02-06 08:32:00,3.3837,3.3907,3.3837,3.3897,3.3887,3.3957,3.3887,3.3947,19
2026-02-06 08:33:00,3.3887,3.3887,3.3867,3.3882,3.3937,3.3937,3.3917,3.3932,5
2026-02-06 08:34:00,3.3887,3.3892,3.3887,3.3892,3.3937,3.3942,3.3937,3.3942,2
2026-02-06 08:35:00,3.3897,3.3952,3.3897,3.3927,3.3947,3.4002,3.3947,3.3977,19
2026-02-06 08:36:00,3.3922,3.3922,3.3892,3.3897,3.3972,3.3972,3.3942,3.3947,13
2026-02-06 08:37:00,3.3892,3.3937,3.3892,3.3927,3.3942,3.3987,3.3942,3.3977,14
2026-02-06 08:38:00,3.3932,3.3972,3.3932,3.3972,3.3982,3.4022,3.3982,3.4022,12
2026-02-06 08:39:00,3.3967,3.3972,3.3937,3.3947,3.4017,3.4022,3.3987,3.3997,10
2026-02-06 08:40:00,3.3927,3.3927,3.3927,3.3927,3.3977,3.3977,3.3977,3.3977,1
2026-02-06 08:41:00,3.3917,3.3927,3.3907,3.3907,3.3967,3.3977,3.3957,3.3957,8
2026-02-06 08:42:00,3.3912,3.3927,3.3912,3.3927,3.3962,3.3977,3.3962,3.3977,3
2026-02-06 08:43:00,3.3917,3.3917,3.3907,3.3907,3.3967,3.3967,3.3957,3.3957,8
2026-02-06 08:44:00,3.3897,3.3897,3.3857,3.3887,3.3947,3.3947,3.3907,3.3937,21
2026-02-06 08:45:00,3.3892,3.3927,3.3892,3.3917,3.3942,3.3977,3.3942,3.3967,5
2026-02-06 08:46:00,3.3922,3.3937,3.3922,3.3937,3.3972,3.3987,3.3972,3.3987,3
2026-02-06 08:47:00,3.3947,3.3947,3.3887,3.3892,3.3997,3.3997,3.3937,3.3942,10
2026-02-06 08:48:00,3.3897,3.3917,3.3897,3.3897,3.3947,3.3967,3.3947,3.3947,7
2026-02-06 08:49:00,3.3892,3.3892,3.3872,3.3872,3.3942,3.3942,3.3922,3.3922,5
2026-02-06 08:50:00,3.3867,3.3872,3.3862,3.3872,3.3917,3.3922,3.3912,3.3922,5
2026-02-06 08:51:00,3.3857,3.3872,3.3842,3.3847,3.3907,3.3922,3.3892,3.3897,11
2026-02-06 08:52:00,3.3837,3.3842,3.3802,3.3812,3.3887,3.3892,3.3852,3.3862,13
2026-02-06 08:53:00,3.3822,3.3842,3.3817,3.3842,3.3872,3.3892,3.3867,3.3892,6
2026-02-06 08:54:00,3.3832,3.3862,3.3817,3.3862,3.3882,3.3912,3.3867,3.3912,6
2026-02-06 08:55:00,3.3867,3.3867,3.3862,3.3862,3.3917,3.3917,3.3912,3.3912,2
2026-02-06 08:56:00,3.3872,3.3912,3.3872,3.3882,3.3922,3.3962,3.3922,3.3932,8
2026-02-06 08:57:00,3.3867,3.3867,3.3857,3.3857,3.3917,3.3917,3.3907,3.3907,4
2026-02-06 08:58:00,3.3847,3.3877,3.3847,3.3867,3.3897,3.3927,3.3897,3.3917,11
2026-02-06 08:59:00,3.3872,3.3877,3.3867,3.3872,3.3922,3.3927,3.3917,3.3922,5
2026-02-06 09:00:00,3.3867,3.3887,3.3837,3.3887,3.3917,3.3937,3.3887,3.3937,14
2026-02-06 09:01:00,3.3892,3.3892,3.3862,3.3867,3.3942,3.3942,3.3912,3.3917,6
2026-02-06 09:02:00,3.3862,3.3907,3.3862,3.3897,3.3912,3.3957,3.3912,3.3947,14
2026-02-06 09:03:00,3.3902,3.3912,3.3902,3.3912,3.3952,3.3962,3.3952,3.3962,3
2026-02-06 09:04:00,3.3927,3.3927,3.3917,3.3922,3.3977,3.3977,3.3967,3.3972,3
2026-02-06 09:05:00,3.3912,3.3912,3.3877,3.3877,3.3962,3.3962,3.3927,3.3927,5
2026-02-06 09:06:00,3.3887,3.3897,3.3857,3.3857,3.3937,3.3947,3.3907,3.3907,7
2026-02-06 09:07:00,3.3862,3.3862,3.3837,3.3837,3.3912,3.3912,3.3887,3.3887,6
2026-02-06 09:08:00,3.3842,3.3857,3.3837,3.3842,3.3892,3.3907,3.3887,3.3892,9
2026-02-06 09:09:00,3.3837,3.3837,3.3802,3.3807,3.3887,3.3887,3.3852,3.3857,9
2026-02-06 09:10:00,3.3822,3.3837,3.3807,3.3827,3.3872,3.3887,3.3857,3.3877,14
2026-02-06 09:11:00,3.3832,3.3842,3.3822,3.3822,3.3882,3.3892,3.3872,3.3872,6
2026-02-06 09:12:00,3.3817,3.3817,3.3802,3.3807,3.3867,3.3867,3.3852,3.3857,5
2026-02-06 09:13:00,3.3812,3.3812,3.3797,3.3797,3.3862,3.3862,3.3847,3.3847,9
2026-02-06 09:14:00,3.3787,3.3787,3.3777,3.3777,3.3837,3.3837,3.3827,3.3827,4
2026-02-06 09:16:00,3.3787,3.3892,3.3787,3.3887,3.3837,3.3942,3.3837,3.3937,29
2026-02-06 09:17:00,3.3882,3.3882,3.3787,3.3797,3.3932,3.3932,3.3837,3.3847,17
2026-02-06 09:18:00,3.3802,3.3802,3.3802,3.3802,3.3852,3.3852,3.3852,3.3852,1
2026-02-06 09:19:00,3.3797,3.3827,3.3797,3.3822,3.3847,3.3877,3.3847,3.3872,9
2026-02-06 09:20:00,3.3827,3.3842,3.3827,3.3842,3.3877,3.3892,3.3877,3.3892,3
2026-02-06 09:21:00,3.3847,3.3867,3.3847,3.3867,3.3897,3.3917,3.3897,3.3917,10
2026-02-06 09:22:00,3.3872,3.3872,3.3867,3.3867,3.3922,3.3922,3.3917,3.3917,4
2026-02-06 09:23:00,3.3857,3.3877,3.3847,3.3867,3.3907,3.3927,3.3897,3.3917,8
2026-02-06 09:24:00,3.3862,3.3862,3.3857,3.3862,3.3912,3.3912,3.3907,3.3912,3
2026-02-06 09:25:00,3.3857,3.3917,3.3857,3.3887,3.3907,3.3967,3.3907,3.3937,20
2026-02-06 09:26:00,3.3877,3.3882,3.3877,3.3877,3.3927,3.3932,3.3927,3.3927,3
2026-02-06 09:27:00,3.3872,3.3872,3.3872,3.3872,3.3922,3.3922,3.3922,3.3922,1
2026-02-06 09:28:00,3.3877,3.3877,3.3867,3.3872,3.3927,3.3927,3.3917,3.3922,4
2026-02-06 09:29:00,3.3867,3.3867,3.3847,3.3847,3.3917,3.3917,3.3897,3.3897,10
2026-02-06 09:30:00,3.3832,3.3897,3.3827,3.3892,3.3882,3.3947,3.3877,3.3942,15
2026-02-06 09:31:00,3.3907,3.3947,3.3907,3.3922,3.3957,3.3997,3.3957,3.3972,8
2026-02-06 09:32:00,3.3927,3.4017,3.3927,3.4012,3.3977,3.4067,3.3977,3.4062,32
2026-02-06 09:33:00,3.4027,3.4087,3.4027,3.4087,3.4077,3.4137,3.4077,3.4137,18
2026-02-06 09:34:00,3.4082,3.4107,3.4072,3.4077,3.4132,3.4157,3.4122,3.4127,25
2026-02-06 09:35:00,3.4087,3.4102,3.4067,3.4072,3.4137,3.4152,3.4117,3.4122,8
2026-02-06 09:36:00,3.4077,3.4082,3.4052,3.4062,3.4127,3.4132,3.4102,3.4112,11
2026-02-06 09:37:00,3.4067,3.4067,3.4042,3.4062,3.4117,3.4117,3.4092,3.4112,9
2026-02-06 09:38:00,3.4057,3.4102,3.4047,3.4047,3.4107,3.4152,3.4097,3.4097,15
2026-02-06 09:39:00,3.4052,3.4062,3.4052,3.4057,3.4102,3.4112,3.4102,3.4107,4
2026-02-06 09:40:00,3.4047,3.4057,3.4032,3.4032,3.4097,3.4107,3.4082,3.4082,7
2026-02-06 09:41:00,3.4042,3.4042,3.4017,3.4017,3.4092,3.4092,3.4067,3.4067,4
2026-02-06 09:42:00,3.4007,3.4007,3.3992,3.3992,3.4057,3.4057,3.4042,3.4042,10
2026-02-06 09:43:00,3.3987,3.3992,3.3987,3.3992,3.4037,3.4042,3.4037,3.4042,6
2026-02-06 09:44:00,3.3987,3.3987,3.3942,3.3977,3.4037,3.4037,3.3992,3.4027,17
2026-02-06 09:45:00,3.3987,3.4002,3.3987,3.4002,3.4037,3.4052,3.4037,3.4052,5
2026-02-06 09:46:00,3.4007,3.4042,3.4007,3.4032,3.4057,3.4092,3.4057,3.4082,18
2026-02-06 09:47:00,3.4027,3.4042,3.4027,3.4032,3.4077,3.4092,3.4077,3.4082,6
2026-02-06 09:48:00,3.4027,3.4027,3.4027,3.4027,3.4077,3.4077,3.4077,3.4077,1
2026-02-06 09:49:00,3.4032,3.4047,3.4017,3.4017,3.4082,3.4097,3.4067,3.4067,12
2026-02-06 09:50:00,3.4027,3.4042,3.4027,3.4042,3.4077,3.4092,3.4077,3.4092,4
2026-02-06 09:51:00,3.4052,3.4052,3.4017,3.4022,3.4102,3.4102,3.4067,3.4072,9
2026-02-06 09:52:00,3.4017,3.4017,3.3992,3.4002,3.4067,3.4067,3.4042,3.4052,4
2026-02-06 09:53:00,3.4017,3.4017,3.3987,3.4002,3.4067,3.4067,3.4037,3.4052,10
2026-02-06 09:54:00,3.3997,3.3997,3.3997,3.3997,3.4047,3.4047,3.4047,3.4047,1
2026-02-06 09:55:00,3.4007,3.4007,3.3987,3.4007,3.4057,3.4057,3.4037,3.4057,5
2026-02-06 09:56:00,3.4017,3.4017,3.4007,3.4007,3.4067,3.4067,3.4057,3.4057,3
2026-02-06 09:57:00,3.4017,3.4017,3.4002,3.4002,3.4067,3.4067,3.4052,3.4052,3
2026-02-06 09:58:00,3.4012,3.4012,3.4012,3.4012,3.4062,3.4062,3.4062,3.4062,1
2026-02-06 09:59:00,3.4007,3.4007,3.3967,3.3987,3.4057,3.4057,3.4017,3.4037,8
2026-02-06 10:00:00,3.3982,3.3982,3.3957,3.3967,3.4032,3.4032,3.4007,3.4017,9
2026-02-06 10:01:00,3.3962,3.3977,3.3962,3.3977,3.4012,3.4027,3.4012,3.4027,3
2026-02-06 10:02:00,3.3987,3.3992,3.3977,3.3992,3.4037,3.4042,3.4027,3.4042,6
2026-02-06 10:03:00,3.4007,3.4012,3.4007,3.4012,3.4057,3.4062,3.4057,3.4062,2
2026-02-06 10:04:00,3.4007,3.4012,3.4007,3.4007,3.4057,3.4062,3.4057,3.4057,3
2026-02-06 10:05:00,3.4017,3.4017,3.3987,3.3992,3.4067,3.4067,3.4037,3.4042,9
2026-02-06 10:06:00,3.3987,3.3987,3.3942,3.3942,3.4037,3.4037,3.3992,3.3992,13
2026-02-06 10:07:00,3.3947,3.3952,3.3947,3.3952,3.3997,3.4002,3.3997,3.4002,2
2026-02-06 10:08:00,3.3967,3.3982,3.3967,3.3977,3.4017,3.4032,3.4017,3.4027,4
2026-02-06 10:09:00,3.3972,3.3977,3.3967,3.3977,3.4022,3.4027,3.4017,3.4027,3
2026-02-06 10:10:00,3.3972,3.3977,3.3917,3.3927,3.4022,3.4027,3.3967,3.3977,22
2026-02-06 10:11:00,3.3922,3.3967,3.3922,3.3967,3.3972,3.4017,3.3972,3.4017,10
2026-02-06 10:12:00,3.3962,3.3967,3.3957,3.3957,3.4012,3.4017,3.4007,3.4007,3
2026-02-06 10:13:00,3.3967,3.3972,3.3967,3.3972,3.4017,3.4022,3.4017,3.4022,2
2026-02-06 10:14:00,3.3957,3.3967,3.3857,3.3942,3.4007,3.4017,3.3907,3.3992,38
2026-02-06 10:15:00,3.3957,3.4057,3.3957,3.4057,3.4007,3.4107,3.4007,3.4107,24
2026-02-06 10:16:00,3.4052,3.4092,3.4052,3.4087,3.4102,3.4142,3.4102,3.4137,13
2026-02-06 10:17:00,3.4092,3.4167,3.4092,3.4142,3.4142,3.4217,3.4142,3.4192,40
2026-02-06 10:18:00,3.4152,3.4152,3.4147,3.4152,3.4202,3.4202,3.4197,3.4202,3
2026-02-06 10:19:00,3.4157,3.4167,3.4057,3.4077,3.4207,3.4217,3.4107,3.4127,29
2026-02-06 10:20:00,3.4067,3.4112,3.4027,3.4027,3.4117,3.4162,3.4077,3.4077,15
2026-02-06 10:21:00,3.4032,3.4032,3.3947,3.3957,3.4082,3.4082,3.3997,3.4007,35
2026-02-06 10:22:00,3.3967,3.3997,3.3967,3.3977,3.4017,3.4047,3.4017,3.4027,13
2026-02-06 10:23:00,3.3972,3.3987,3.3957,3.3987,3.4022,3.4037,3.4007,3.4037,14
2026-02-06 10:24:00,3.3977,3.3987,3.3967,3.3987,3.4027,3.4037,3.4017,3.4037,6
2026-02-06 10:25:00,3.3982,3.4097,3.3982,3.4087,3.4032,3.4147,3.4032,3.4137,23
2026-02-06 10:26:00,3.4092,3.4107,3.4032,3.4052,3.4142,3.4157,3.4082,3.4102,24
2026-02-06 10:27:00,3.4047,3.4047,3.4007,3.4042,3.4097,3.4097,3.4057,3.4092,7
2026-02-06 10:28:00,3.4037,3.4037,3.4022,3.4032,3.4087,3.4087,3.4072,3.4082,3
2026-02-06 10:29:00,3.4042,3.4052,3.4037,3.4052,3.4092,3.4102,3.4087,3.4102,6
2026-02-06 10:30:00,3.4047,3.4102,3.4027,3.4092,3.4097,3.4152,3.4077,3.4142,14
2026-02-06 10:31:00,3.4097,3.4097,3.4062,3.4097,3.4147,3.4147,3.4112,3.4147,12
2026-02-06 10:32:00,3.4087,3.4092,3.4087,3.4087,3.4137,3.4142,3.4137,3.4137,5
2026-02-06 10:33:00,3.4092,3.4092,3.4077,3.4087,3.4142,3.4142,3.4127,3.4137,9
2026-02-06 10:34:00,3.4092,3.4157,3.4092,3.4127,3.4142,3.4207,3.4142,3.4177,14
2026-02-06 10:35:00,3.4137,3.4167,3.4137,3.4167,3.4187,3.4217,3.4187,3.4217,4
2026-02-06 10:36:00,3.4157,3.4157,3.4087,3.4097,3.4207,3.4207,3.4137,3.4147,21
2026-02-06 10:37:00,3.4102,3.4137,3.4097,3.4137,3.4152,3.4187,3.4147,3.4187,8
2026-02-06 10:38:00,3.4152,3.4182,3.4127,3.4127,3.4202,3.4232,3.4177,3.4177,22
2026-02-06 10:39:00,3.4132,3.4137,3.4092,3.4092,3.4182,3.4187,3.4142,3.4142,12
2026-02-06 10:40:00,3.4097,3.4122,3.4092,3.4097,3.4147,3.4172,3.4142,3.4147,7
2026-02-06 10:41:00,3.4107,3.4107,3.4097,3.4097,3.4157,3.4157,3.4147,3.4147,3
2026-02-06 10:42:00,3.4092,3.4092,3.4047,3.4057,3.4142,3.4142,3.4097,3.4107,18
2026-02-06 10:43:00,3.4047,3.4082,3.4037,3.4072,3.4097,3.4132,3.4087,3.4122,34
2026-02-06 10:44:00,3.4067,3.4067,3.4057,3.4067,3.4117,3.4117,3.4107,3.4117,3
2026-02-06 10:45:00,3.4062,3.4087,3.4052,3.4067,3.4112,3.4137,3.4102,3.4117,16
2026-02-06 10:46:00,3.4072,3.4072,3.4037,3.4042,3.4122,3.4122,3.4087,3.4092,7
2026-02-06 10:47:00,3.4037,3.4052,3.4037,3.4047,3.4087,3.4102,3.4087,3.4097,4
2026-02-06 10:48:00,3.4042,3.4077,3.4042,3.4057,3.4092,3.4127,3.4092,3.4107,9
2026-02-06 10:49:00,3.4062,3.4072,3.4062,3.4072,3.4112,3.4122,3.4112,3.4122,3
2026-02-06 10:50:00,3.4067,3.4067,3.4042,3.4042,3.4117,3.4117,3.4092,3.4092,4
2026-02-06 10:51:00,3.4047,3.4047,3.4042,3.4047,3.4097,3.4097,3.4092,3.4097,3
2026-02-06 10:52:00,3.4042,3.4042,3.4037,3.4042,3.4092,3.4092,3.4087,3.4092,3
2026-02-06 10:53:00,3.4037,3.4047,3.4037,3.4042,3.4087,3.4097,3.4087,3.4092,4
2026-02-06 10:54:00,3.4037,3.4037,3.3912,3.3937,3.4087,3.4087,3.3962,3.3987,45
2026-02-06 10:55:00,3.3927,3.3937,3.3877,3.3887,3.3977,3.3987,3.3927,3.3937,34
2026-02-06 10:56:00,3.3877,3.3877,3.3827,3.3837,3.3927,3.3927,3.3877,3.3887,14
2026-02-06 10:57:00,3.3842,3.3922,3.3827,3.3917,3.3892,3.3972,3.3877,3.3967,34
2026-02-06 10:58:00,3.3912,3.3942,3.3907,3.3907,3.3962,3.3992,3.3957,3.3957,13
2026-02-06 10:59:00,3.3902,3.3917,3.3877,3.3912,3.3952,3.3967,3.3927,3.3962,14
2026-02-06 11:00:00,3.3902,3.3927,3.3892,3.3897,3.3952,3.3977,3.3942,3.3947,20
2026-02-06 11:01:00,3.3892,3.3907,3.3877,3.3877,3.3942,3.3957,3.3927,3.3927,6
2026-02-06 11:02:00,3.3882,3.3897,3.3867,3.3882,3.3932,3.3947,3.3917,3.3932,9
2026-02-06 11:03:00,3.3897,3.3917,3.3892,3.3892,3.3947,3.3967,3.3942,3.3942,11
2026-02-06 11:04:00,3.3887,3.3942,3.3877,3.3917,3.3937,3.3992,3.3927,3.3967,15
2026-02-06 11:05:00,3.3912,3.3947,3.3902,3.3922,3.3962,3.3997,3.3952,3.3972,20
2026-02-06 11:06:00,3.3927,3.3952,3.3917,3.3917,3.3977,3.4002,3.3967,3.3967,15
2026-02-06 11:07:00,3.3912,3.3912,3.3872,3.3887,3.3962,3.3962,3.3922,3.3937,16
2026-02-06 11:08:00,3.3882,3.3897,3.3882,3.3892,3.3932,3.3947,3.3932,3.3942,10
2026-02-06 11:09:00,3.3897,3.3907,3.3867,3.3877,3.3947,3.3957,3.3917,3.3927,12
2026-02-06 11:10:00,3.3887,3.3907,3.3887,3.3907,3.3937,3.3957,3.3937,3.3957,4
2026-02-06 11:11:00,3.3902,3.3937,3.3887,3.3937,3.3952,3.3987,3.3937,3.3987,18
2026-02-06 11:12:00,3.3942,3.3947,3.3922,3.3927,3.3992,3.3997,3.3972,3.3977,7
2026-02-06 11:13:00,3.3932,3.3937,3.3882,3.3937,3.3982,3.3987,3.3932,3.3987,26
2026-02-06 11:14:00,3.3962,3.4027,3.3962,3.4012,3.4012,3.4077,3.4012,3.4062,27
2026-02-06 11:15:00,3.4027,3.4162,3.4022,3.4162,3.4077,3.4212,3.4072,3.4212,31
2026-02-06 11:16:00,3.4157,3.4187,3.4152,3.4182,3.4207,3.4237,3.4202,3.4232,15
2026-02-06 11:17:00,3.4177,3.4182,3.4122,3.4172,3.4227,3.4232,3.4172,3.4222,30
2026-02-06 11:18:00,3.4167,3.4177,3.4167,3.4177,3.4217,3.4227,3.4217,3.4227,6
2026-02-06 11:19:00,3.4182,3.4277,3.4167,3.4167,3.4232,3.4327,3.4217,3.4217,38
2026-02-06 11:20:00,3.4177,3.4202,3.4167,3.4197,3.4227,3.4252,3.4217,3.4247,18
2026-02-06 11:21:00,3.4202,3.4202,3.4157,3.4157,3.4252,3.4252,3.4207,3.4207,8
2026-02-06 11:22:00,3.4162,3.4177,3.4157,3.4162,3.4212,3.4227,3.4207,3.4212,5
2026-02-06 11:23:00,3.4157,3.4167,3.4157,3.4157,3.4207,3.4217,3.4207,3.4207,4
2026-02-06 11:24:00,3.4147,3.4147,3.4087,3.4102,3.4197,3.4197,3.4137,3.4152,22
2026-02-06 11:25:00,3.4112,3.4122,3.4112,3.4122,3.4162,3.4172,3.4162,3.4172,4
2026-02-06 11:26:00,3.4132,3.4132,3.4132,3.4132,3.4182,3.4182,3.4182,3.4182,1
2026-02-06 11:27:00,3.4137,3.4167,3.4137,3.4162,3.4187,3.4217,3.4187,3.4212,10
2026-02-06 11:28:00,3.4172,3.4207,3.4172,3.4192,3.4222,3.4257,3.4222,3.4242,4
2026-02-06 11:29:00,3.4197,3.4202,3.4192,3.4202,3.4247,3.4252,3.4242,3.4252,3
2026-02-06 11:31:00,3.4197,3.4197,3.4127,3.4137,3.4247,3.4247,3.4177,3.4187,26
2026-02-06 11:32:00,3.4142,3.4152,3.4137,3.4147,3.4192,3.4202,3.4187,3.4197,7
2026-02-06 11:33:00,3.4152,3.4152,3.4147,3.4147,3.4202,3.4202,3.4197,3.4197,2
2026-02-06 11:34:00,3.4137,3.4162,3.4137,3.4137,3.4187,3.4212,3.4187,3.4187,7
2026-02-06 11:35:00,3.4127,3.4147,3.4047,3.4072,3.4177,3.4197,3.4097,3.4122,20
2026-02-06 11:36:00,3.4067,3.4097,3.4027,3.4097,3.4117,3.4147,3.4077,3.4147,14
2026-02-06 11:37:00,3.4102,3.4107,3.4097,3.4102,3.4152,3.4157,3.4147,3.4152,5
2026-02-06 11:38:00,3.4112,3.4112,3.4102,3.4102,3.4162,3.4162,3.4152,3.4152,2
2026-02-06 11:39:00,3.4097,3.4102,3.4067,3.4097,3.4147,3.4152,3.4117,3.4147,10
2026-02-06 11:40:00,3.4102,3.4127,3.4102,3.4107,3.4152,3.4177,3.4152,3.4157,10
2026-02-06 11:41:00,3.4097,3.4127,3.4077,3.4112,3.4147,3.4177,3.4127,3.4162,14
2026-02-06 11:42:00,3.4107,3.4107,3.4077,3.4087,3.4157,3.4157,3.4127,3.4137,11
2026-02-06 11:43:00,3.4082,3.4082,3.4042,3.4042,3.4132,3.4132,3.4092,3.4092,14
2026-02-06 11:44:00,3.4032,3.4117,3.4027,3.4092,3.4082,3.4167,3.4077,3.4142,24
2026-02-06 11:45:00,3.4097,3.4157,3.4097,3.4157,3.4147,3.4207,3.4147,3.4207,9
2026-02-06 11:46:00,3.4177,3.4252,3.4177,3.4217,3.4227,3.4302,3.4227,3.4267,25
2026-02-06 11:47:00,3.4222,3.4262,3.4222,3.4252,3.4272,3.4312,3.4272,3.4302,6
2026-02-06 11:48:00,3.4257,3.4277,3.4252,3.4262,3.4307,3.4327,3.4302,3.4312,9
2026-02-06 11:49:00,3.4252,3.4267,3.4157,3.4157,3.4302,3.4317,3.4207,3.4207,22
2026-02-06 11:50:00,3.4147,3.4147,3.4097,3.4137,3.4197,3.4197,3.4147,3.4187,18
2026-02-06 11:51:00,3.4127,3.4152,3.4117,3.4142,3.4177,3.4202,3.4167,3.4192,8
2026-02-06 11:52:00,3.4137,3.4197,3.4137,3.4157,3.4187,3.4247,3.4187,3.4207,16
2026-02-06 11:53:00,3.4152,3.4152,3.4092,3.4117,3.4202,3.4202,3.4142,3.4167,21
2026-02-06 11:54:00,3.4127,3.4137,3.4082,3.4122,3.4177,3.4187,3.4132,3.4172,17
2026-02-06 11:55:00,3.4127,3.4142,3.4102,3.4102,3.4177,3.4192,3.4152,3.4152,16
2026-02-06 11:56:00,3.4097,3.4097,3.4067,3.4082,3.4147,3.4147,3.4117,3.4132,6
2026-02-06 11:57:00,3.4087,3.4102,3.4077,3.4102,3.4137,3.4152,3.4127,3.4152,7
2026-02-06 11:58:00,3.4112,3.4122,3.4087,3.4117,3.4162,3.4172,3.4137,3.4167,13
2026-02-06 11:59:00,3.4127,3.4142,3.4127,3.4132,3.4177,3.4192,3.4177,3.4182,7
2026-02-06 12:00:00,3.4137,3.4177,3.4137,3.4162,3.4187,3.4227,3.4187,3.4212,18
2026-02-06 12:01:00,3.4157,3.4177,3.4077,3.4092,3.4207,3.4227,3.4127,3.4142,25
2026-02-06 12:02:00,3.4097,3.4117,3.4072,3.4087,3.4147,3.4167,3.4122,3.4137,15
2026-02-06 12:03:00,3.4092,3.4132,3.4092,3.4132,3.4142,3.4182,3.4142,3.4182,6
2026-02-06 12:04:00,3.4127,3.4127,3.4117,3.4127,3.4177,3.4177,3.4167,3.4177,5
2026-02-06 12:05:00,3.4117,3.4122,3.4117,3.4117,3.4167,3.4172,3.4167,3.4167,3
2026-02-06 12:06:00,3.4127,3.4162,3.4127,3.4132,3.4177,3.4212,3.4177,3.4182,12
2026-02-06 12:07:00,3.4127,3.4142,3.4127,3.4142,3.4177,3.4192,3.4177,3.4192,3
2026-02-06 12:08:00,3.4137,3.4152,3.4137,3.4147,3.4187,3.4202,3.4187,3.4197,7
2026-02-06 12:09:00,3.4142,3.4152,3.4072,3.4072,3.4192,3.4202,3.4122,3.4122,35
2026-02-06 12:10:00,3.4067,3.4157,3.4057,3.4157,3.4117,3.4207,3.4107,3.4207,33
2026-02-06 12:11:00,3.4152,3.4237,3.4137,3.4207,3.4202,3.4287,3.4187,3.4257,27
2026-02-06 12:12:00,3.4212,3.4232,3.4172,3.4177,3.4262,3.4282,3.4222,3.4227,22
2026-02-06 12:13:00,3.4167,3.4167,3.4117,3.4137,3.4217,3.4217,3.4167,3.4187,10
2026-02-06 12:14:00,3.4157,3.4157,3.4127,3.4147,3.4207,3.4207,3.4177,3.4197,7
2026-02-06 12:15:00,3.4157,3.4187,3.4137,3.4177,3.4207,3.4237,3.4187,3.4227,11
2026-02-06 12:16:00,3.4187,3.4187,3.4152,3.4152,3.4237,3.4237,3.4202,3.4202,12
2026-02-06 12:17:00,3.4157,3.4227,3.4157,3.4212,3.4207,3.4277,3.4207,3.4262,12
2026-02-06 12:18:00,3.4217,3.4217,3.4187,3.4187,3.4267,3.4267,3.4237,3.4237,8
2026-02-06 12:19:00,3.4192,3.4202,3.4192,3.4202,3.4242,3.4252,3.4242,3.4252,2
2026-02-06 12:20:00,3.4212,3.4227,3.4187,3.4227,3.4262,3.4277,3.4237,3.4277,8
2026-02-06 12:21:00,3.4222,3.4317,3.4222,3.4297,3.4272,3.4367,3.4272,3.4347,23
2026-02-06 12:22:00,3.4307,3.4337,3.4307,3.4312,3.4357,3.4387,3.4357,3.4362,5
2026-02-06 12:23:00,3.4307,3.4387,3.4307,3.4372,3.4357,3.4437,3.4357,3.4422,35
2026-02-06 12:24:00,3.4377,3.4432,3.4377,3.4417,3.4427,3.4482,3.4427,3.4467,20
2026-02-06 12:25:00,3.4407,3.4427,3.4347,3.4362,3.4457,3.4477,3.4397,3.4412,18
2026-02-06 12:26:00,3.4367,3.4447,3.4367,3.4407,3.4417,3.4497,3.4417,3.4457,18
2026-02-06 12:27:00,3.4412,3.4467,3.4407,3.4447,3.4462,3.4517,3.4457,3.4497,20
2026-02-06 12:28:00,3.4457,3.4497,3.4457,3.4472,3.4507,3.4547,3.4507,3.4522,22
2026-02-06 12:29:00,3.4477,3.4482,3.4442,3.4452,3.4527,3.4532,3.4492,3.4502,14
2026-02-06 12:30:00,3.4457,3.4472,3.4432,3.4452,3.4507,3.4522,3.4482,3.4502,13
2026-02-06 12:31:00,3.4447,3.4447,3.4407,3.4447,3.4497,3.4497,3.4457,3.4497,10
2026-02-06 12:32:00,3.4457,3.4457,3.4407,3.4427,3.4507,3.4507,3.4457,3.4477,12
2026-02-06 12:33:00,3.4432,3.4432,3.4407,3.4422,3.4482,3.4482,3.4457,3.4472,11
2026-02-06 12:34:00,3.4412,3.4412,3.4312,3.4327,3.4462,3.4462,3.4362,3.4377,25
2026-02-06 12:35:00,3.4337,3.4352,3.4337,3.4342,3.4387,3.4402,3.4387,3.4392,13
2026-02-06 12:36:00,3.4357,3.4507,3.4357,3.4487,3.4407,3.4557,3.4407,3.4537,35
2026-02-06 12:37:00,3.4492,3.4587,3.4482,3.4562,3.4542,3.4637,3.4532,3.4612,29
2026-02-06 12:38:00,3.4557,3.4557,3.4532,3.4532,3.4607,3.4607,3.4582,3.4582,14
2026-02-06 12:39:00,3.4537,3.4562,3.4477,3.4482,3.4587,3.4612,3.4527,3.4532,39
2026-02-06 12:40:00,3.4477,3.4532,3.4477,3.4532,3.4527,3.4582,3.4527,3.4582,11
2026-02-06 12:41:00,3.4527,3.4527,3.4487,3.4502,3.4577,3.4577,3.4537,3.4552,8
2026-02-06 12:42:00,3.4497,3.4522,3.4467,3.4517,3.4547,3.4572,3.4517,3.4567,12
2026-02-06 12:43:00,3.4532,3.4567,3.4527,3.4537,3.4582,3.4617,3.4577,3.4587,13
2026-02-06 12:44:00,3.4542,3.4542,3.4502,3.4502,3.4592,3.4592,3.4552,3.4552,8
2026-02-06 12:45:00,3.4507,3.4682,3.4507,3.4682,3.4557,3.4732,3.4557,3.4732,39
2026-02-06 12:46:00,3.4672,3.4672,3.4602,3.4642,3.4722,3.4722,3.4652,3.4692,24
2026-02-06 12:47:00,3.4632,3.4717,3.4632,3.4637,3.4682,3.4767,3.4682,3.4687,32
2026-02-06 12:48:00,3.4642,3.4677,3.4637,3.4667,3.4692,3.4727,3.4687,3.4717,12
2026-02-06 12:49:00,3.4677,3.4692,3.4662,3.4672,3.4727,3.4742,3.4712,3.4722,11
2026-02-06 12:50:00,3.4677,3.4717,3.4607,3.4612,3.4727,3.4767,3.4657,3.4662,35
2026-02-06 12:51:00,3.4617,3.4672,3.4607,3.4647,3.4667,3.4722,3.4657,3.4697,29
2026-02-06 12:52:00,3.4637,3.4677,3.4637,3.4647,3.4687,3.4727,3.4687,3.4697,21
2026-02-06 12:53:00,3.4652,3.4657,3.4627,3.4627,3.4702,3.4707,3.4677,3.4677,13
2026-02-06 12:54:00,3.4632,3.4637,3.4607,3.4632,3.4682,3.4687,3.4657,3.4682,17
2026-02-06 12:55:00,3.4637,3.4652,3.4627,3.4652,3.4687,3.4702,3.4677,3.4702,13
2026-02-06 12:56:00,3.4657,3.4737,3.4647,3.4722,3.4707,3.4787,3.4697,3.4772,39
2026-02-06 12:57:00,3.4717,3.4857,3.4707,3.4817,3.4767,3.4907,3.4757,3.4867,42
2026-02-06 12:58:00,3.4812,3.4842,3.4787,3.4837,3.4862,3.4892,3.4837,3.4887,25
2026-02-06 12:59:00,3.4842,3.4867,3.4807,3.4827,3.4892,3.4917,3.4857,3.4877,23
2026-02-06 13:00:00,3.4812,3.4897,3.4787,3.4882,3.4862,3.4947,3.4837,3.4932,56
2026-02-06 13:01:00,3.4872,3.5002,3.4872,3.4987,3.4922,3.5052,3.4922,3.5037,63
2026-02-06 13:02:00,3.5012,3.5027,3.4967,3.4972,3.5062,3.5077,3.5017,3.5022,34
2026-02-06 13:03:00,3.4977,3.4997,3.4907,3.4917,3.5027,3.5047,3.4957,3.4967,28
2026-02-06 13:04:00,3.4912,3.4947,3.4887,3.4917,3.4962,3.4997,3.4937,3.4967,39
2026-02-06 13:05:00,3.4922,3.4937,3.4877,3.4877,3.4972,3.4987,3.4927,3.4927,24
2026-02-06 13:06:00,3.4887,3.4917,3.4862,3.4907,3.4937,3.4967,3.4912,3.4957,25
2026-02-06 13:07:00,3.4912,3.4912,3.4867,3.4887,3.4962,3.4962,3.4917,3.4937,20
2026-02-06 13:08:00,3.4882,3.4927,3.4847,3.4917,3.4932,3.4977,3.4897,3.4967,21
2026-02-06 13:09:00,3.4922,3.5022,3.4922,3.5007,3.4972,3.5072,3.4972,3.5057,20
2026-02-06 13:10:00,3.5017,3.5102,3.4987,3.5027,3.5067,3.5152,3.5037,3.5077,50
2026-02-06 13:11:00,3.5017,3.5057,3.5017,3.5057,3.5067,3.5107,3.5067,3.5107,18
2026-02-06 13:12:00,3.5052,3.5057,3.4967,3.4977,3.5102,3.5107,3.5017,3.5027,41
2026-02-06 13:13:00,3.4972,3.4982,3.4912,3.4927,3.5022,3.5032,3.4962,3.4977,36
2026-02-06 13:14:00,3.4937,3.4947,3.4832,3.4832,3.4987,3.4997,3.4882,3.4882,37
2026-02-06 13:15:00,3.4827,3.4852,3.4812,3.4817,3.4877,3.4902,3.4862,3.4867,31
2026-02-06 13:16:00,3.4822,3.4887,3.4822,3.4862,3.4872,3.4937,3.4872,3.4912,24
2026-02-06 13:17:00,3.4867,3.5032,3.4867,3.4997,3.4917,3.5082,3.4917,3.5047,44
2026-02-06 13:18:00,3.5012,3.5107,3.5007,3.5027,3.5062,3.5157,3.5057,3.5077,57
2026-02-06 13:19:00,3.5037,3.5257,3.5037,3.5247,3.5087,3.5307,3.5087,3.5297,58
2026-02-06 13:20:00,3.5237,3.5237,3.5197,3.5207,3.5287,3.5287,3.5247,3.5257,27
2026-02-06 13:21:00,3.5217,3.5247,3.5187,3.5247,3.5267,3.5297,3.5237,3.5297,33
2026-02-06 13:22:00,3.5242,3.5332,3.5237,3.5247,3.5292,3.5382,3.5287,3.5297,43
2026-02-06 13:23:00,3.5237,3.5347,3.5217,3.5337,3.5287,3.5397,3.5267,3.5387,49
2026-02-06 13:24:00,3.5347,3.5392,3.5347,3.5357,3.5397,3.5442,3.5397,3.5407,29
2026-02-06 13:25:00,3.5372,3.5382,3.5237,3.5257,3.5422,3.5432,3.5287,3.5307,47
2026-02-06 13:26:00,3.5252,3.5267,3.5227,3.5262,3.5302,3.5317,3.5277,3.5312,21
2026-02-06 13:27:00,3.5267,3.5322,3.5267,3.5297,3.5317,3.5372,3.5317,3.5347,29
2026-02-06 13:28:00,3.5327,3.5427,3.5307,3.5312,3.5377,3.5477,3.5357,3.5362,43
2026-02-06 13:29:00,3.5317,3.5322,3.5257,3.5267,3.5367,3.5372,3.5307,3.5317,18
2026-02-06 13:30:00,3.5277,3.5352,3.5242,3.5257,3.5327,3.5402,3.5292,3.5307,33
2026-02-06 13:31:00,3.5252,3.5452,3.5242,3.5422,3.5302,3.5502,3.5292,3.5472,88
2026-02-06 13:32:00,3.5417,3.5502,3.5407,3.5477,3.5467,3.5552,3.5457,3.5527,39
2026-02-06 13:33:00,3.5467,3.5557,3.5467,3.5527,3.5517,3.5607,3.5517,3.5577,39
2026-02-06 13:34:00,3.5522,3.5552,3.5487,3.5507,3.5572,3.5602,3.5537,3.5557,53
2026-02-06 13:35:00,3.5517,3.5552,3.5437,3.5472,3.5567,3.5602,3.5487,3.5522,55
2026-02-06 13:36:00,3.5467,3.5472,3.5422,3.5457,3.5517,3.5522,3.5472,3.5507,29
2026-02-06 13:37:00,3.5467,3.5527,3.5467,3.5487,3.5517,3.5577,3.5517,3.5537,20
2026-02-06 13:38:00,3.5497,3.5507,3.5457,3.5492,3.5547,3.5557,3.5507,3.5542,37
2026-02-06 13:39:00,3.5482,3.5482,3.5432,3.5432,3.5532,3.5532,3.5482,3.5482,26
2026-02-06 13:40:00,3.5437,3.5462,3.5257,3.5377,3.5487,3.5512,3.5307,3.5427,96
2026-02-06 13:41:00,3.5387,3.5442,3.5367,3.5427,3.5437,3.5492,3.5417,3.5477,36
2026-02-06 13:42:00,3.5432,3.5567,3.5432,3.5487,3.5482,3.5617,3.5482,3.5537,83
2026-02-06 13:43:00,3.5482,3.5562,3.5467,3.5482,3.5532,3.5612,3.5517,3.5532,37
2026-02-06 13:44:00,3.5492,3.5512,3.5392,3.5397,3.5542,3.5562,3.5442,3.5447,58
2026-02-06 13:45:00,3.5377,3.5467,3.5312,3.5397,3.5427,3.5517,3.5362,3.5447,69
2026-02-06 13:46:00,3.5402,3.5447,3.5342,3.5407,3.5452,3.5497,3.5392,3.5457,44
2026-02-06 13:47:00,3.5412,3.5477,3.5402,3.5412,3.5462,3.5527,3.5452,3.5462,37
2026-02-06 13:48:00,3.5417,3.5437,3.5377,3.5437,3.5467,3.5487,3.5427,3.5487,31
2026-02-06 13:49:00,3.5442,3.5567,3.5412,3.5557,3.5492,3.5617,3.5462,3.5607,46
2026-02-06 13:50:00,3.5567,3.5567,3.5517,3.5532,3.5617,3.5617,3.5567,3.5582,29
2026-02-06 13:51:00,3.5527,3.5552,3.5487,3.5537,3.5577,3.5602,3.5537,3.5587,35
2026-02-06 13:52:00,3.5542,3.5597,3.5527,3.5597,3.5592,3.5647,3.5577,3.5647,33
2026-02-06 13:53:00,3.5607,3.5617,3.5537,3.5562,3.5657,3.5667,3.5587,3.5612,52
2026-02-06 13:54:00,3.5557,3.5577,3.5467,3.5542,3.5607,3.5627,3.5517,3.5592,39
2026-02-06 13:55:00,3.5547,3.5587,3.5512,3.5527,3.5597,3.5637,3.5562,3.5577,22
2026-02-06 13:56:00,3.5522,3.5527,3.5457,3.5467,3.5572,3.5577,3.5507,3.5517,34
2026-02-06 13:57:00,3.5477,3.5477,3.5317,3.5387,3.5527,3.5527,3.5367,3.5437,69
2026-02-06 13:58:00,3.5392,3.5422,3.5387,3.5397,3.5442,3.5472,3.5437,3.5447,25
2026-02-06 13:59:00,3.5407,3.5427,3.5337,3.5402,3.5457,3.5477,3.5387,3.5452,43
2026-02-06 14:00:00,3.5382,3.5382,3.5167,3.5252,3.5432,3.5432,3.5217,3.5302,96
2026-02-06 14:01:00,3.5247,3.5342,3.5167,3.5207,3.5297,3.5392,3.5217,3.5257,89
2026-02-06 14:02:00,3.5232,3.5262,3.5137,3.5207,3.5282,3.5312,3.5187,3.5257,64
2026-02-06 14:03:00,3.5212,3.5217,3.5127,3.5197,3.5262,3.5267,3.5177,3.5247,66
2026-02-06 14:04:00,3.5192,3.5217,3.5177,3.5197,3.5242,3.5267,3.5227,3.5247,28
2026-02-06 14:05:00,3.5202,3.5257,3.5187,3.5242,3.5252,3.5307,3.5237,3.5292,37
2026-02-06 14:06:00,3.5247,3.5267,3.5147,3.5147,3.5297,3.5317,3.5197,3.5197,42
2026-02-06 14:07:00,3.5137,3.5147,3.5077,3.5147,3.5187,3.5197,3.5127,3.5197,47
2026-02-06 14:08:00,3.5152,3.5157,3.5042,3.5077,3.5202,3.5207,3.5092,3.5127,62
2026-02-06 14:09:00,3.5072,3.5077,3.4987,3.5012,3.5122,3.5127,3.5037,3.5062,60
2026-02-06 14:10:00,3.5017,3.5047,3.4977,3.4997,3.5067,3.5097,3.5027,3.5047,67
2026-02-06 14:11:00,3.4992,3.5017,3.4947,3.4952,3.5042,3.5067,3.4997,3.5002,62
2026-02-06 14:12:00,3.4947,3.5007,3.4907,3.4967,3.4997,3.5057,3.4957,3.5017,49
2026-02-06 14:13:00,3.4962,3.4977,3.4897,3.4947,3.5012,3.5027,3.4947,3.4997,32
2026-02-06 14:14:00,3.4942,3.4942,3.4807,3.4822,3.4992,3.4992,3.4857,3.4872,79
2026-02-06 14:15:00,3.4817,3.4817,3.4737,3.4757,3.4867,3.4867,3.4787,3.4807,41
2026-02-06 14:16:00,3.4752,3.4752,3.4687,3.4722,3.4802,3.4802,3.4737,3.4772,40
2026-02-06 14:17:00,3.4717,3.4792,3.4652,3.4677,3.4767,3.4842,3.4702,3.4727,55
2026-02-06 14:18:00,3.4682,3.4897,3.4682,3.4842,3.4732,3.4947,3.4732,3.4892,108
2026-02-06 14:19:00,3.4837,3.4837,3.4727,3.4822,3.4887,3.4887,3.4777,3.4872,70
2026-02-06 14:20:00,3.4817,3.4867,3.4802,3.4867,3.4867,3.4917,3.4852,3.4917,42
2026-02-06 14:21:00,3.4852,3.4852,3.4747,3.4772,3.4902,3.4902,3.4797,3.4822,72
2026-02-06 14:22:00,3.4777,3.4887,3.4757,3.4867,3.4827,3.4937,3.4807,3.4917,70
2026-02-06 14:23:00,3.4872,3.4877,3.4737,3.4747,3.4922,3.4927,3.4787,3.4797,42
2026-02-06 14:24:00,3.4742,3.4782,3.4727,3.4742,3.4792,3.4832,3.4777,3.4792,35
2026-02-06 14:25:00,3.4747,3.4837,3.4732,3.4837,3.4797,3.4887,3.4782,3.4887,46
2026-02-06 14:26:00,3.4842,3.4882,3.4827,3.4882,3.4892,3.4932,3.4877,3.4932,43
2026-02-06 14:27:00,3.4887,3.4987,3.4837,3.4972,3.4937,3.5037,3.4887,3.5022,54
2026-02-06 14:28:00,3.4967,3.4967,3.4857,3.4862,3.5017,3.5017,3.4907,3.4912,50
2026-02-06 14:29:00,3.4867,3.4867,3.4737,3.4737,3.4917,3.4917,3.4787,3.4787,47
2026-02-06 14:30:00,3.4722,3.4807,3.4687,3.4762,3.4772,3.4857,3.4737,3.4812,45
2026-02-06 14:31:00,3.4767,3.4792,3.4632,3.4647,3.4817,3.4842,3.4682,3.4697,72
2026-02-06 14:32:00,3.4642,3.4707,3.4632,3.4657,3.4692,3.4757,3.4682,3.4707,75
2026-02-06 14:33:00,3.4652,3.4817,3.4652,3.4797,3.4702,3.4867,3.4702,3.4847,51
2026-02-06 14:34:00,3.4802,3.4957,3.4752,3.4937,3.4852,3.5007,3.4802,3.4987,77
2026-02-06 14:35:00,3.4927,3.5027,3.4887,3.4967,3.4977,3.5077,3.4937,3.5017,68
2026-02-06 14:36:00,3.4972,3.5037,3.4867,3.4952,3.5022,3.5087,3.4917,3.5002,65
2026-02-06 14:37:00,3.4957,3.4977,3.4887,3.4927,3.5007,3.5027,3.4937,3.4977,41
2026-02-06 14:38:00,3.4922,3.4942,3.4907,3.4942,3.4972,3.4992,3.4957,3.4992,17
2026-02-06 14:39:00,3.4947,3.4987,3.4907,3.4922,3.4997,3.5037,3.4957,3.4972,40
2026-02-06 14:40:00,3.4932,3.4982,3.4867,3.4962,3.4982,3.5032,3.4917,3.5012,63
2026-02-06 14:41:00,3.4967,3.4992,3.4917,3.4987,3.5017,3.5042,3.4967,3.5037,34
2026-02-06 14:42:00,3.4977,3.4997,3.4937,3.4997,3.5027,3.5047,3.4987,3.5047,63
2026-02-06 14:43:00,3.4987,3.5082,3.4972,3.5082,3.5037,3.5132,3.5022,3.5132,46
2026-02-06 14:44:00,3.5092,3.5167,3.5082,3.5122,3.5142,3.5217,3.5132,3.5172,54
2026-02-06 14:45:00,3.5127,3.5142,3.5097,3.5117,3.5177,3.5192,3.5147,3.5167,38
2026-02-06 14:46:00,3.5127,3.5217,3.5087,3.5197,3.5177,3.5267,3.5137,3.5247,54
2026-02-06 14:47:00,3.5187,3.5302,3.5157,3.5302,3.5237,3.5352,3.5207,3.5352,55
2026-02-06 14:48:00,3.5312,3.5317,3.5217,3.5222,3.5362,3.5367,3.5267,3.5272,57
2026-02-06 14:49:00,3.5197,3.5257,3.5177,3.5237,3.5247,3.5307,3.5227,3.5287,37
2026-02-06 14:50:00,3.5247,3.5377,3.5227,3.5232,3.5297,3.5427,3.5277,3.5282,76
2026-02-06 14:51:00,3.5237,3.5237,3.5112,3.5147,3.5287,3.5287,3.5162,3.5197,67
2026-02-06 14:52:00,3.5137,3.5147,3.5027,3.5032,3.5187,3.5197,3.5077,3.5082,71
2026-02-06 14:53:00,3.5037,3.5057,3.4977,3.5027,3.5087,3.5107,3.5027,3.5077,46
2026-02-06 14:54:00,3.5037,3.5087,3.4977,3.4977,3.5087,3.5137,3.5027,3.5027,71
2026-02-06 14:55:00,3.4987,3.4992,3.4957,3.4977,3.5037,3.5042,3.5007,3.5027,51
2026-02-06 14:56:00,3.4972,3.5057,3.4967,3.5032,3.5022,3.5107,3.5017,3.5082,45
2026-02-06 14:57:00,3.5037,3.5042,3.4967,3.4987,3.5087,3.5092,3.5017,3.5037,33
2026-02-06 14:58:00,3.4992,3.5042,3.4987,3.4997,3.5042,3.5092,3.5037,3.5047,34
2026-02-06 14:59:00,3.4987,3.5017,3.4972,3.5007,3.5037,3.5067,3.5022,3.5057,32
2026-02-06 15:00:00,3.5017,3.5317,3.5017,3.5307,3.5067,3.5367,3.5067,3.5357,171
2026-02-06 15:01:00,3.5312,3.5417,3.5247,3.5407,3.5362,3.5467,3.5297,3.5457,101
2026-02-06 15:02:00,3.5417,3.5417,3.5297,3.5322,3.5467,3.5467,3.5347,3.5372,111
2026-02-06 15:03:00,3.5317,3.5367,3.5217,3.5247,3.5367,3.5417,3.5267,3.5297,102
2026-02-06 15:04:00,3.5252,3.5327,3.5237,3.5297,3.5302,3.5377,3.5287,3.5347,55
2026-02-06 15:05:00,3.5307,3.5317,3.5227,3.5237,3.5357,3.5367,3.5277,3.5287,60
2026-02-06 15:06:00,3.5232,3.5307,3.5217,3.5252,3.5282,3.5357,3.5267,3.5302,39
2026-02-06 15:07:00,3.5247,3.5247,3.5172,3.5207,3.5297,3.5297,3.5222,3.5257,55
2026-02-06 15:08:00,3.5212,3.5267,3.5202,3.5217,3.5262,3.5317,3.5252,3.5267,53
2026-02-06 15:09:00,3.5232,3.5232,3.5072,3.5072,3.5282,3.5282,3.5122,3.5122,57
2026-02-06 15:10:00,3.5077,3.5167,3.5072,3.5097,3.5127,3.5217,3.5122,3.5147,62
2026-02-06 15:11:00,3.5087,3.5127,3.5012,3.5027,3.5137,3.5177,3.5062,3.5077,58
2026-02-06 15:12:00,3.5017,3.5017,3.4927,3.4952,3.5067,3.5067,3.4977,3.5002,67
2026-02-06 15:13:00,3.4947,3.4947,3.4747,3.4777,3.4997,3.4997,3.4797,3.4827,91
2026-02-06 15:14:00,3.4787,3.4797,3.4677,3.4702,3.4837,3.4847,3.4727,3.4752,82
2026-02-06 15:15:00,3.4697,3.4757,3.4682,3.4717,3.4747,3.4807,3.4732,3.4767,52
2026-02-06 15:16:00,3.4712,3.4747,3.4602,3.4602,3.4762,3.4797,3.4652,3.4652,49
2026-02-06 15:17:00,3.4597,3.4597,3.4497,3.4522,3.4647,3.4647,3.4547,3.4572,78
2026-02-06 15:18:00,3.4532,3.4612,3.4532,3.4587,3.4582,3.4662,3.4582,3.4637,50
2026-02-06 15:19:00,3.4592,3.4632,3.4557,3.4557,3.4642,3.4682,3.4607,3.4607,50
2026-02-06 15:20:00,3.4552,3.4587,3.4527,3.4577,3.4602,3.4637,3.4577,3.4627,59
2026-02-06 15:21:00,3.4582,3.4647,3.4537,3.4637,3.4632,3.4697,3.4587,3.4687,67
2026-02-06 15:22:00,3.4642,3.4657,3.4547,3.4567,3.4692,3.4707,3.4597,3.4617,43
2026-02-06 15:23:00,3.4557,3.4572,3.4402,3.4427,3.4607,3.4622,3.4452,3.4477,89
2026-02-06 15:24:00,3.4432,3.4437,3.4362,3.4397,3.4482,3.4487,3.4412,3.4447,66
2026-02-06 15:25:00,3.4402,3.4467,3.4397,3.4437,3.4452,3.4517,3.4447,3.4487,72
2026-02-06 15:26:00,3.4442,3.4457,3.4397,3.4417,3.4492,3.4507,3.4447,3.4467,41
2026-02-06 15:27:00,3.4422,3.4462,3.4412,3.4437,3.4472,3.4512,3.4462,3.4487,61
2026-02-06 15:28:00,3.4427,3.4432,3.4317,3.4332,3.4477,3.4482,3.4367,3.4382,48
2026-02-06 15:29:00,3.4337,3.4407,3.4257,3.4342,3.4387,3.4457,3.4307,3.4392,138
2026-02-06 15:30:00,3.4337,3.4512,3.4327,3.4502,3.4387,3.4562,3.4377,3.4552,120
2026-02-06 15:31:00,3.4492,3.4527,3.4347,3.4387,3.4542,3.4577,3.4397,3.4437,111
2026-02-06 15:32:00,3.4372,3.4377,3.4297,3.4377,3.4422,3.4427,3.4347,3.4427,57
2026-02-06 15:33:00,3.4367,3.4387,3.4197,3.4262,3.4417,3.4437,3.4247,3.4312,73
2026-02-06 15:34:00,3.4267,3.4317,3.4112,3.4152,3.4317,3.4367,3.4162,3.4202,123
2026-02-06 15:35:00,3.4162,3.4277,3.4097,3.4277,3.4212,3.4327,3.4147,3.4327,140
2026-02-06 15:36:00,3.4272,3.4387,3.4227,3.4367,3.4322,3.4437,3.4277,3.4417,118
2026-02-06 15:37:00,3.4362,3.4377,3.4247,3.4322,3.4412,3.4427,3.4297,3.4372,62
2026-02-06 15:38:00,3.4317,3.4457,3.4292,3.4372,3.4367,3.4507,3.4342,3.4422,113
2026-02-06 15:39:00,3.4367,3.4497,3.4357,3.4447,3.4417,3.4547,3.4407,3.4497,75
2026-02-06 15:40:00,3.4442,3.4552,3.4442,3.4537,3.4492,3.4602,3.4492,3.4587,68
2026-02-06 15:41:00,3.4542,3.4557,3.4417,3.4437,3.4592,3.4607,3.4467,3.4487,65
2026-02-06 15:42:00,3.4442,3.4567,3.4442,3.4557,3.4492,3.4617,3.4492,3.4607,58
2026-02-06 15:43:00,3.4547,3.4677,3.4547,3.4637,3.4597,3.4727,3.4597,3.4687,77
2026-02-06 15:44:00,3.4632,3.4687,3.4602,3.4612,3.4682,3.4737,3.4652,3.4662,53
2026-02-06 15:45:00,3.4622,3.4687,3.4557,3.4567,3.4672,3.4737,3.4607,3.4617,67
2026-02-06 15:46:00,3.4577,3.4617,3.4517,3.4607,3.4627,3.4667,3.4567,3.4657,95
2026-02-06 15:47:00,3.4617,3.4647,3.4577,3.4577,3.4667,3.4697,3.4627,3.4627,28
2026-02-06 15:48:00,3.4572,3.4657,3.4557,3.4602,3.4622,3.4707,3.4607,3.4652,50
2026-02-06 15:49:00,3.4607,3.4647,3.4587,3.4627,3.4657,3.4697,3.4637,3.4677,40
2026-02-06 15:50:00,3.4632,3.4737,3.4617,3.4737,3.4682,3.4787,3.4667,3.4787,83
2026-02-06 15:51:00,3.4727,3.4767,3.4677,3.4712,3.4777,3.4817,3.4727,3.4762,77
2026-02-06 15:52:00,3.4717,3.4777,3.4707,3.4762,3.4767,3.4827,3.4757,3.4812,47
2026-02-06 15:53:00,3.4757,3.4767,3.4667,3.4707,3.4807,3.4817,3.4717,3.4757,51
2026-02-06 15:54:00,3.4712,3.4777,3.4707,3.4757,3.4762,3.4827,3.4757,3.4807,46
2026-02-06 15:55:00,3.4752,3.4857,3.4752,3.4847,3.4802,3.4907,3.4802,3.4897,77
2026-02-06 15:56:00,3.4842,3.4892,3.4842,3.4857,3.4892,3.4942,3.4892,3.4907,38
2026-02-06 15:57:00,3.4852,3.4952,3.4847,3.4887,3.4902,3.5002,3.4897,3.4937,89
2026-02-06 15:58:00,3.4897,3.4977,3.4867,3.4957,3.4947,3.5027,3.4917,3.5007,69
2026-02-06 15:59:00,3.4952,3.5017,3.4952,3.4997,3.5002,3.5067,3.5002,3.5047,69
2026-02-06 16:00:00,3.4992,3.5037,3.4982,3.5017,3.5042,3.5087,3.5032,3.5067,58
2026-02-06 16:01:00,3.5022,3.5037,3.4857,3.4887,3.5072,3.5087,3.4907,3.4937,70
2026-02-06 16:02:00,3.4892,3.4892,3.4842,3.4877,3.4942,3.4942,3.4892,3.4927,38
2026-02-06 16:03:00,3.4872,3.4917,3.4852,3.4907,3.4922,3.4967,3.4902,3.4957,40
2026-02-06 16:04:00,3.4902,3.4937,3.4892,3.4922,3.4952,3.4987,3.4942,3.4972,42
2026-02-06 16:05:00,3.4937,3.4967,3.4907,3.4957,3.4987,3.5017,3.4957,3.5007,33
2026-02-06 16:06:00,3.4952,3.5017,3.4937,3.4997,3.5002,3.5067,3.4987,3.5047,39
2026-02-06 16:07:00,3.4987,3.5032,3.4982,3.5012,3.5037,3.5082,3.5032,3.5062,34
2026-02-06 16:08:00,3.5007,3.5022,3.4967,3.4977,3.5057,3.5072,3.5017,3.5027,47
2026-02-06 16:09:00,3.4982,3.5007,3.4947,3.4977,3.5032,3.5057,3.4997,3.5027,39
2026-02-06 16:10:00,3.4982,3.5012,3.4937,3.4967,3.5032,3.5062,3.4987,3.5017,49
2026-02-06 16:11:00,3.4972,3.5027,3.4957,3.4977,3.5022,3.5077,3.5007,3.5027,58
2026-02-06 16:12:00,3.4972,3.5037,3.4947,3.5027,3.5022,3.5087,3.4997,3.5077,66
2026-02-06 16:13:00,3.5017,3.5057,3.4957,3.4962,3.5067,3.5107,3.5007,3.5012,38
2026-02-06 16:14:00,3.4967,3.5007,3.4907,3.4927,3.5017,3.5057,3.4957,3.4977,54
2026-02-06 16:15:00,3.4917,3.5012,3.4862,3.4972,3.4967,3.5062,3.4912,3.5022,50
2026-02-06 16:16:00,3.4967,3.4992,3.4872,3.4872,3.5017,3.5042,3.4922,3.4922,51
2026-02-06 16:17:00,3.4877,3.4932,3.4877,3.4917,3.4927,3.4982,3.4927,3.4967,35
2026-02-06 16:18:00,3.4907,3.4912,3.4837,3.4847,3.4957,3.4962,3.4887,3.4897,51
2026-02-06 16:19:00,3.4842,3.4927,3.4827,3.4857,3.4892,3.4977,3.4877,3.4907,53
2026-02-06 16:20:00,3.4847,3.4852,3.4762,3.4777,3.4897,3.4902,3.4812,3.4827,68
2026-02-06 16:21:00,3.4772,3.4772,3.4667,3.4667,3.4822,3.4822,3.4717,3.4717,75
2026-02-06 16:22:00,3.4672,3.4697,3.4642,3.4667,3.4722,3.4747,3.4692,3.4717,44
2026-02-06 16:23:00,3.4657,3.4687,3.4602,3.4687,3.4707,3.4737,3.4652,3.4737,33
2026-02-06 16:24:00,3.4697,3.4697,3.4617,3.4637,3.4747,3.4747,3.4667,3.4687,44
2026-02-06 16:25:00,3.4647,3.4707,3.4647,3.4707,3.4697,3.4757,3.4697,3.4757,31
2026-02-06 16:26:00,3.4702,3.4702,3.4607,3.4627,3.4752,3.4752,3.4657,3.4677,59
2026-02-06 16:27:00,3.4637,3.4747,3.4637,3.4722,3.4687,3.4797,3.4687,3.4772,54
2026-02-06 16:28:00,3.4717,3.4717,3.4607,3.4612,3.4767,3.4767,3.4657,3.4662,30
2026-02-06 16:29:00,3.4617,3.4642,3.4607,3.4627,3.4667,3.4692,3.4657,3.4677,33
2026-02-06 16:30:00,3.4647,3.4647,3.4567,3.4642,3.4697,3.4697,3.4617,3.4692,46
2026-02-06 16:31:00,3.4637,3.4637,3.4467,3.4477,3.4687,3.4687,3.4517,3.4527,44
2026-02-06 16:32:00,3.4472,3.4517,3.4467,3.4517,3.4522,3.4567,3.4517,3.4567,78
2026-02-06 16:33:00,3.4512,3.4527,3.4402,3.4422,3.4562,3.4577,3.4452,3.4472,82
2026-02-06 16:34:00,3.4412,3.4417,3.4382,3.4397,3.4462,3.4467,3.4432,3.4447,31
2026-02-06 16:35:00,3.4402,3.4517,3.4387,3.4507,3.4452,3.4567,3.4437,3.4557,66
2026-02-06 16:36:00,3.4497,3.4627,3.4487,3.4547,3.4547,3.4677,3.4537,3.4597,70
2026-02-06 16:37:00,3.4537,3.4747,3.4537,3.4697,3.4587,3.4797,3.4587,3.4747,89
2026-02-06 16:38:00,3.4692,3.4717,3.4657,3.4682,3.4742,3.4767,3.4707,3.4732,51
2026-02-06 16:39:00,3.4687,3.4737,3.4632,3.4647,3.4737,3.4787,3.4682,3.4697,42
2026-02-06 16:40:00,3.4637,3.4707,3.4617,3.4667,3.4687,3.4757,3.4667,3.4717,48
2026-02-06 16:41:00,3.4672,3.4737,3.4667,3.4672,3.4722,3.4787,3.4717,3.4722,60
2026-02-06 16:42:00,3.4667,3.4682,3.4547,3.4582,3.4717,3.4732,3.4597,3.4632,65
2026-02-06 16:43:00,3.4572,3.4717,3.4557,3.4702,3.4622,3.4767,3.4607,3.4752,61
2026-02-06 16:44:00,3.4697,3.4767,3.4697,3.4757,3.4747,3.4817,3.4747,3.4807,40
2026-02-06 16:45:00,3.4762,3.4817,3.4687,3.4687,3.4812,3.4867,3.4737,3.4737,57
2026-02-06 16:46:00,3.4697,3.4767,3.4642,3.4642,3.4747,3.4817,3.4692,3.4692,55
2026-02-06 16:47:00,3.4647,3.4647,3.4497,3.4552,3.4697,3.4697,3.4547,3.4602,66
2026-02-06 16:48:00,3.4547,3.4547,3.4487,3.4487,3.4597,3.4597,3.4537,3.4537,37
2026-02-06 16:49:00,3.4482,3.4552,3.4477,3.4502,3.4532,3.4602,3.4527,3.4552,40
2026-02-06 16:50:00,3.4512,3.4527,3.4497,3.4507,3.4562,3.4577,3.4547,3.4557,37
2026-02-06 16:51:00,3.4497,3.4497,3.4402,3.4462,3.4547,3.4547,3.4452,3.4512,68
2026-02-06 16:52:00,3.4457,3.4527,3.4442,3.4492,3.4507,3.4577,3.4492,3.4542,49
2026-02-06 16:53:00,3.4487,3.4512,3.4457,3.4507,3.4537,3.4562,3.4507,3.4557,38
2026-02-06 16:54:00,3.4517,3.4522,3.4472,3.4497,3.4567,3.4572,3.4522,3.4547,50
2026-02-06 16:55:00,3.4492,3.4557,3.4487,3.4542,3.4542,3.4607,3.4537,3.4592,40
2026-02-06 16:56:00,3.4537,3.4547,3.4497,3.4517,3.4587,3.4597,3.4547,3.4567,25
2026-02-06 16:57:00,3.4522,3.4542,3.4492,3.4497,3.4572,3.4592,3.4542,3.4547,39
2026-02-06 16:58:00,3.4502,3.4527,3.4467,3.4512,3.4552,3.4577,3.4517,3.4562,39
2026-02-06 16:59:00,3.4517,3.4532,3.4502,3.4527,3.4567,3.4582,3.4552,3.4577,38
2026-02-06 17:00:00,3.4507,3.4517,3.4477,3.4492,3.4557,3.4567,3.4527,3.4542,51
2026-02-06 17:01:00,3.4482,3.4497,3.4397,3.4427,3.4532,3.4547,3.4447,3.4477,66
2026-02-06 17:02:00,3.4432,3.4577,3.4432,3.4557,3.4482,3.4627,3.4482,3.4607,60
2026-02-06 17:03:00,3.4562,3.4587,3.4482,3.4532,3.4612,3.4637,3.4532,3.4582,53
2026-02-06 17:04:00,3.4537,3.4552,3.4377,3.4377,3.4587,3.4602,3.4427,3.4427,48
2026-02-06 17:05:00,3.4372,3.4417,3.4357,3.4392,3.4422,3.4467,3.4407,3.4442,48
2026-02-06 17:06:00,3.4397,3.4457,3.4387,3.4437,3.4447,3.4507,3.4437,3.4487,44
2026-02-06 17:07:00,3.4442,3.4617,3.4427,3.4532,3.4492,3.4667,3.4477,3.4582,70
2026-02-06 17:08:00,3.4527,3.4622,3.4507,3.4617,3.4577,3.4672,3.4557,3.4667,57
2026-02-06 17:09:00,3.4612,3.4617,3.4567,3.4617,3.4662,3.4667,3.4617,3.4667,36
2026-02-06 17:10:00,3.4607,3.4612,3.4587,3.4602,3.4657,3.4662,3.4637,3.4652,18
2026-02-06 17:11:00,3.4612,3.4627,3.4572,3.4577,3.4662,3.4677,3.4622,3.4627,25
2026-02-06 17:12:00,3.4587,3.4597,3.4547,3.4587,3.4637,3.4647,3.4597,3.4637,24
2026-02-06 17:13:00,3.4582,3.4582,3.4537,3.4547,3.4632,3.4632,3.4587,3.4597,22
2026-02-06 17:14:00,3.4537,3.4637,3.4532,3.4627,3.4587,3.4687,3.4582,3.4677,51
2026-02-06 17:15:00,3.4632,3.4642,3.4577,3.4632,3.4682,3.4692,3.4627,3.4682,45
2026-02-06 17:16:00,3.4627,3.4717,3.4627,3.4707,3.4677,3.4767,3.4677,3.4757,51
2026-02-06 17:17:00,3.4702,3.4787,3.4697,3.4762,3.4752,3.4837,3.4747,3.4812,63
2026-02-06 17:18:00,3.4767,3.4892,3.4742,3.4862,3.4817,3.4942,3.4792,3.4912,71
2026-02-06 17:19:00,3.4867,3.4917,3.4817,3.4917,3.4917,3.4967,3.4867,3.4967,61
2026-02-06 17:20:00,3.4912,3.4957,3.4907,3.4952,3.4962,3.5007,3.4957,3.5002,47
2026-02-06 17:21:00,3.4942,3.4947,3.4887,3.4897,3.4992,3.4997,3.4937,3.4947,52
2026-02-06 17:22:00,3.4907,3.4907,3.4857,3.4872,3.4957,3.4957,3.4907,3.4922,27
2026-02-06 17:23:00,3.4877,3.4882,3.4777,3.4802,3.4927,3.4932,3.4827,3.4852,45
2026-02-06 17:24:00,3.4797,3.4822,3.4762,3.4777,3.4847,3.4872,3.4812,3.4827,46
2026-02-06 17:25:00,3.4782,3.4867,3.4782,3.4797,3.4832,3.4917,3.4832,3.4847,75
2026-02-06 17:26:00,3.4792,3.4877,3.4777,3.4857,3.4842,3.4927,3.4827,3.4907,62
2026-02-06 17:27:00,3.4862,3.4917,3.4857,3.4872,3.4912,3.4967,3.4907,3.4922,54
2026-02-06 17:28:00,3.4867,3.4897,3.4837,3.4897,3.4917,3.4947,3.4887,3.4947,30
2026-02-06 17:29:00,3.4902,3.4927,3.4807,3.4822,3.4952,3.4977,3.4857,3.4872,43
2026-02-06 17:30:00,3.4832,3.4887,3.4637,3.4637,3.4882,3.4937,3.4687,3.4687,77
2026-02-06 17:31:00,3.4647,3.4697,3.4597,3.4627,3.4697,3.4747,3.4647,3.4677,46
2026-02-06 17:32:00,3.4637,3.4647,3.4607,3.4622,3.4687,3.4697,3.4657,3.4672,26
2026-02-06 17:33:00,3.4617,3.4617,3.4472,3.4472,3.4667,3.4667,3.4522,3.4522,54
2026-02-06 17:34:00,3.4467,3.4467,3.4357,3.4357,3.4517,3.4517,3.4407,3.4407,82
2026-02-06 17:35:00,3.4352,3.4357,3.4232,3.4232,3.4402,3.4407,3.4282,3.4282,77
2026-02-06 17:36:00,3.4242,3.4462,3.4237,3.4417,3.4292,3.4512,3.4287,3.4467,84
2026-02-06 17:37:00,3.4422,3.4497,3.4407,3.4457,3.4472,3.4547,3.4457,3.4507,53
2026-02-06 17:38:00,3.4452,3.4507,3.4452,3.4507,3.4502,3.4557,3.4502,3.4557,33
2026-02-06 17:39:00,3.4502,3.4557,3.4487,3.4557,3.4552,3.4607,3.4537,3.4607,49
2026-02-06 17:40:00,3.4547,3.4577,3.4457,3.4457,3.4597,3.4627,3.4507,3.4507,63
2026-02-06 17:41:00,3.4462,3.4517,3.4437,3.4517,3.4512,3.4567,3.4487,3.4567,35
2026-02-06 17:42:00,3.4507,3.4517,3.4487,3.4507,3.4557,3.4567,3.4537,3.4557,26
2026-02-06 17:43:00,3.4497,3.4517,3.4487,3.4517,3.4547,3.4567,3.4537,3.4567,6
2026-02-06 17:44:00,3.4527,3.4537,3.4517,3.4527,3.4577,3.4587,3.4567,3.4577,28
2026-02-06 17:45:00,3.4522,3.4577,3.4497,3.4557,3.4572,3.4627,3.4547,3.4607,38
2026-02-06 17:46:00,3.4552,3.4567,3.4527,3.4557,3.4602,3.4617,3.4577,3.4607,22
2026-02-06 17:47:00,3.4547,3.4667,3.4507,3.4647,3.4597,3.4717,3.4557,3.4697,54
2026-02-06 17:48:00,3.4637,3.4667,3.4607,3.4632,3.4687,3.4717,3.4657,3.4682,30
2026-02-06 17:49:00,3.4637,3.4667,3.4632,3.4647,3.4687,3.4717,3.4682,3.4697,22
2026-02-06 17:50:00,3.4657,3.4667,3.4537,3.4612,3.4707,3.4717,3.4587,3.4662,43
2026-02-06 17:51:00,3.4617,3.4627,3.4587,3.4607,3.4667,3.4677,3.4637,3.4657,31
2026-02-06 17:52:00,3.4602,3.4612,3.4557,3.4587,3.4652,3.4662,3.4607,3.4637,17
2026-02-06 17:53:00,3.4592,3.4657,3.4587,3.4632,3.4642,3.4707,3.4637,3.4682,37
2026-02-06 17:54:00,3.4637,3.4647,3.4622,3.4637,3.4687,3.4697,3.4672,3.4687,18
2026-02-06 17:55:00,3.4632,3.4642,3.4522,3.4527,3.4682,3.4692,3.4572,3.4577,47
2026-02-06 17:56:00,3.4507,3.4517,3.4457,3.4517,3.4557,3.4567,3.4507,3.4567,43
2026-02-06 17:57:00,3.4522,3.4527,3.4387,3.4387,3.4572,3.4577,3.4437,3.4437,34
2026-02-06 17:58:00,3.4377,3.4377,3.4297,3.4327,3.4427,3.4427,3.4347,3.4377,80
2026-02-06 17:59:00,3.4317,3.4317,3.4262,3.4262,3.4367,3.4367,3.4312,3.4312,38
2026-02-06 18:00:00,3.4272,3.4347,3.4217,3.4332,3.4322,3.4397,3.4267,3.4382,69
2026-02-06 18:01:00,3.4327,3.4357,3.4317,3.4347,3.4377,3.4407,3.4367,3.4397,27
2026-02-06 18:02:00,3.4337,3.4372,3.4297,3.4372,3.4387,3.4422,3.4347,3.4422,40
2026-02-06 18:03:00,3.4362,3.4387,3.4317,3.4327,3.4412,3.4437,3.4367,3.4377,38
2026-02-06 18:04:00,3.4337,3.4372,3.4267,3.4267,3.4387,3.4422,3.4317,3.4317,42
2026-02-06 18:05:00,3.4277,3.4307,3.4257,3.4307,3.4327,3.4357,3.4307,3.4357,33
2026-02-06 18:06:00,3.4297,3.4307,3.4277,3.4297,3.4347,3.4357,3.4327,3.4347,36
2026-02-06 18:07:00,3.4302,3.4427,3.4277,3.4427,3.4352,3.4477,3.4327,3.4477,55
2026-02-06 18:08:00,3.4422,3.4467,3.4397,3.4452,3.4472,3.4517,3.4447,3.4502,40
2026-02-06 18:09:00,3.4447,3.4452,3.4387,3.4397,3.4497,3.4502,3.4437,3.4447,43
2026-02-06 18:10:00,3.4392,3.4427,3.4382,3.4407,3.4442,3.4477,3.4432,3.4457,36
2026-02-06 18:11:00,3.4412,3.4457,3.4407,3.4422,3.4462,3.4507,3.4457,3.4472,25
2026-02-06 18:12:00,3.4427,3.4467,3.4417,3.4427,3.4477,3.4517,3.4467,3.4477,41
2026-02-06 18:13:00,3.4432,3.4447,3.4397,3.4427,3.4482,3.4497,3.4447,3.4477,40
2026-02-06 18:14:00,3.4432,3.4467,3.4417,3.4437,3.4482,3.4517,3.4467,3.4487,30
2026-02-06 18:15:00,3.4442,3.4442,3.4417,3.4422,3.4492,3.4492,3.4467,3.4472,17
2026-02-06 18:16:00,3.4417,3.4457,3.4317,3.4457,3.4467,3.4507,3.4367,3.4507,53
2026-02-06 18:17:00,3.4452,3.4457,3.4402,3.4427,3.4502,3.4507,3.4452,3.4477,28
2026-02-06 18:18:00,3.4432,3.4442,3.4417,3.4427,3.4482,3.4492,3.4467,3.4477,18
2026-02-06 18:19:00,3.4437,3.4452,3.4387,3.4397,3.4487,3.4502,3.4437,3.4447,26
2026-02-06 18:20:00,3.4402,3.4427,3.4377,3.4427,3.4452,3.4477,3.4427,3.4477,17
2026-02-06 18:21:00,3.4432,3.4447,3.4417,3.4432,3.4482,3.4497,3.4467,3.4482,28
2026-02-06 18:22:00,3.4422,3.4427,3.4312,3.4332,3.4472,3.4477,3.4362,3.4382,42
2026-02-06 18:23:00,3.4322,3.4367,3.4317,3.4367,3.4372,3.4417,3.4367,3.4417,30
2026-02-06 18:24:00,3.4362,3.4367,3.4262,3.4297,3.4412,3.4417,3.4312,3.4347,47
2026-02-06 18:25:00,3.4302,3.4392,3.4282,3.4382,3.4352,3.4442,3.4332,3.4432,47
2026-02-06 18:26:00,3.4387,3.4427,3.4377,3.4397,3.4437,3.4477,3.4427,3.4447,22
2026-02-06 18:27:00,3.4412,3.4417,3.4377,3.4397,3.4462,3.4467,3.4427,3.4447,21
2026-02-06 18:28:00,3.4402,3.4457,3.4397,3.4447,3.4452,3.4507,3.4447,3.4497,35
2026-02-06 18:29:00,3.4452,3.4537,3.4422,3.4527,3.4502,3.4587,3.4472,3.4577,34
2026-02-06 18:30:00,3.4522,3.4627,3.4522,3.4597,3.4572,3.4677,3.4572,3.4647,67
2026-02-06 18:31:00,3.4602,3.4707,3.4597,3.4687,3.4652,3.4757,3.4647,3.4737,51
2026-02-06 18:32:00,3.4677,3.4692,3.4607,3.4617,3.4727,3.4742,3.4657,3.4667,30
2026-02-06 18:33:00,3.4627,3.4687,3.4537,3.4587,3.4677,3.4737,3.4587,3.4637,51
2026-02-06 18:34:00,3.4582,3.4667,3.4567,3.4652,3.4632,3.4717,3.4617,3.4702,26
2026-02-06 18:35:00,3.4657,3.4787,3.4647,3.4747,3.4707,3.4837,3.4697,3.4797,75
2026-02-06 18:36:00,3.4742,3.4827,3.4722,3.4817,3.4792,3.4877,3.4772,3.4867,54
2026-02-06 18:37:00,3.4822,3.4822,3.4722,3.4772,3.4872,3.4872,3.4772,3.4822,61
2026-02-06 18:38:00,3.4777,3.4857,3.4772,3.4832,3.4827,3.4907,3.4822,3.4882,42
2026-02-06 18:39:00,3.4827,3.4857,3.4782,3.4837,3.4877,3.4907,3.4832,3.4887,49
2026-02-06 18:40:00,3.4832,3.4907,3.4822,3.4862,3.4882,3.4957,3.4872,3.4912,59
2026-02-06 18:41:00,3.4867,3.4927,3.4852,3.4917,3.4917,3.4977,3.4902,3.4967,57
2026-02-06 18:42:00,3.4922,3.4922,3.4837,3.4872,3.4972,3.4972,3.4887,3.4922,37
2026-02-06 18:43:00,3.4882,3.4882,3.4792,3.4792,3.4932,3.4932,3.4842,3.4842,38
2026-02-06 18:44:00,3.4802,3.4807,3.4642,3.4642,3.4852,3.4857,3.4692,3.4692,74
2026-02-06 18:45:00,3.4652,3.4707,3.4637,3.4667,3.4702,3.4757,3.4687,3.4717,27
2026-02-06 18:46:00,3.4677,3.4817,3.4677,3.4787,3.4727,3.4867,3.4727,3.4837,40
2026-02-06 18:47:00,3.4782,3.4857,3.4777,3.4847,3.4832,3.4907,3.4827,3.4897,45
2026-02-06 18:48:00,3.4852,3.4857,3.4812,3.4827,3.4902,3.4907,3.4862,3.4877,37
2026-02-06 18:49:00,3.4837,3.4952,3.4797,3.4817,3.4887,3.5002,3.4847,3.4867,48
2026-02-06 18:50:00,3.4807,3.4817,3.4767,3.4812,3.4857,3.4867,3.4817,3.4862,49
2026-02-06 18:51:00,3.4807,3.4947,3.4797,3.4937,3.4857,3.4997,3.4847,3.4987,37
2026-02-06 18:52:00,3.4947,3.4957,3.4887,3.4887,3.4997,3.5007,3.4937,3.4937,46
2026-02-06 18:53:00,3.4892,3.4927,3.4827,3.4842,3.4942,3.4977,3.4877,3.4892,41
2026-02-06 18:54:00,3.4837,3.4897,3.4827,3.4882,3.4887,3.4947,3.4877,3.4932,30
2026-02-06 18:55:00,3.4887,3.4927,3.4857,3.4882,3.4937,3.4977,3.4907,3.4932,21
2026-02-06 18:56:00,3.4877,3.4917,3.4867,3.4887,3.4927,3.4967,3.4917,3.4937,29
2026-02-06 18:57:00,3.4892,3.4892,3.4862,3.4867,3.4942,3.4942,3.4912,3.4917,15
2026-02-06 18:58:00,3.4857,3.4887,3.4767,3.4787,3.4907,3.4937,3.4817,3.4837,49
2026-02-06 18:59:00,3.4792,3.4797,3.4697,3.4747,3.4842,3.4847,3.4747,3.4797,58
2026-02-06 19:00:00,3.4757,3.4757,3.4597,3.4632,3.4807,3.4807,3.4647,3.4682,57
2026-02-06 19:01:00,3.4627,3.4632,3.4527,3.4527,3.4677,3.4682,3.4577,3.4577,40
2026-02-06 19:02:00,3.4532,3.4532,3.4387,3.4427,3.4582,3.4582,3.4437,3.4477,82
2026-02-06 19:03:00,3.4442,3.4507,3.4392,3.4472,3.4492,3.4557,3.4442,3.4522,66
2026-02-06 19:04:00,3.4452,3.4467,3.4362,3.4397,3.4502,3.4517,3.4412,3.4447,78
2026-02-06 19:05:00,3.4412,3.4422,3.4242,3.4247,3.4462,3.4472,3.4292,3.4297,96
2026-02-06 19:06:00,3.4242,3.4307,3.4227,3.4247,3.4292,3.4357,3.4277,3.4297,64
2026-02-06 19:07:00,3.4252,3.4262,3.4197,3.4247,3.4302,3.4312,3.4247,3.4297,68
2026-02-06 19:08:00,3.4252,3.4267,3.4202,3.4232,3.4302,3.4317,3.4252,3.4282,54
2026-02-06 19:09:00,3.4227,3.4402,3.4177,3.4342,3.4277,3.4452,3.4227,3.4392,105
2026-02-06 19:10:00,3.4337,3.4367,3.4277,3.4337,3.4387,3.4417,3.4327,3.4387,62
2026-02-06 19:11:00,3.4352,3.4367,3.4242,3.4347,3.4402,3.4417,3.4292,3.4397,66
2026-02-06 19:12:00,3.4342,3.4367,3.4227,3.4237,3.4392,3.4417,3.4277,3.4287,53
2026-02-06 19:13:00,3.4222,3.4247,3.4197,3.4217,3.4272,3.4297,3.4247,3.4267,58
2026-02-06 19:14:00,3.4207,3.4252,3.4187,3.4207,3.4257,3.4302,3.4237,3.4257,58
2026-02-06 19:15:00,3.4217,3.4332,3.4212,3.4292,3.4267,3.4382,3.4262,3.4342,61
2026-02-06 19:16:00,3.4287,3.4327,3.4237,3.4277,3.4337,3.4377,3.4287,3.4327,61
2026-02-06 19:17:00,3.4282,3.4307,3.4217,3.4287,3.4332,3.4357,3.4267,3.4337,63
2026-02-06 19:18:00,3.4282,3.4282,3.4202,3.4222,3.4332,3.4332,3.4252,3.4272,49
2026-02-06 19:19:00,3.4217,3.4217,3.4027,3.4032,3.4267,3.4267,3.4077,3.4082,76
2026-02-06 19:20:00,3.4037,3.4037,3.3832,3.3842,3.4087,3.4087,3.3882,3.3892,107
2026-02-06 19:21:00,3.3847,3.3877,3.3792,3.3837,3.3897,3.3927,3.3842,3.3887,96
2026-02-06 19:22:00,3.3832,3.3877,3.3787,3.3802,3.3882,3.3927,3.3837,3.3852,100
2026-02-06 19:23:00,3.3807,3.3937,3.3782,3.3902,3.3857,3.3987,3.3832,3.3952,59
2026-02-06 19:24:00,3.3897,3.3987,3.3887,3.3907,3.3947,3.4037,3.3937,3.3957,90
2026-02-06 19:25:00,3.3902,3.3987,3.3887,3.3962,3.3952,3.4037,3.3937,3.4012,46
2026-02-06 19:26:00,3.3967,3.4002,3.3937,3.3962,3.4017,3.4052,3.3987,3.4012,42
2026-02-06 19:27:00,3.3947,3.3967,3.3937,3.3942,3.3997,3.4017,3.3987,3.3992,31
2026-02-06 19:28:00,3.3937,3.3947,3.3907,3.3927,3.3987,3.3997,3.3957,3.3977,35
2026-02-06 19:29:00,3.3922,3.3977,3.3907,3.3917,3.3972,3.4027,3.3957,3.3967,44
2026-02-06 19:30:00,3.3907,3.3917,3.3817,3.3827,3.3957,3.3967,3.3867,3.3877,59
2026-02-06 19:31:00,3.3832,3.3857,3.3782,3.3817,3.3882,3.3907,3.3832,3.3867,52
2026-02-06 19:32:00,3.3827,3.3857,3.3777,3.3802,3.3877,3.3907,3.3827,3.3852,39
2026-02-06 19:33:00,3.3797,3.3817,3.3777,3.3797,3.3847,3.3867,3.3827,3.3847,31
2026-02-06 19:34:00,3.3792,3.3807,3.3777,3.3782,3.3842,3.3857,3.3827,3.3832,21
2026-02-06 19:35:00,3.3787,3.3787,3.3637,3.3677,3.3837,3.3837,3.3687,3.3727,85
2026-02-06 19:36:00,3.3687,3.3807,3.3637,3.3807,3.3737,3.3857,3.3687,3.3857,97
2026-02-06 19:37:00,3.3797,3.3797,3.3757,3.3777,3.3847,3.3847,3.3807,3.3827,30
2026-02-06 19:38:00,3.3782,3.3787,3.3637,3.3647,3.3832,3.3837,3.3687,3.3697,61
2026-02-06 19:39:00,3.3657,3.3687,3.3627,3.3647,3.3707,3.3737,3.3677,3.3697,45
2026-02-06 19:40:00,3.3642,3.3647,3.3567,3.3627,3.3692,3.3697,3.3617,3.3677,59
2026-02-06 19:41:00,3.3622,3.3637,3.3507,3.3562,3.3672,3.3687,3.3557,3.3612,92
2026-02-06 19:42:00,3.3557,3.3567,3.3517,3.3547,3.3607,3.3617,3.3567,3.3597,68
2026-02-06 19:43:00,3.3562,3.3577,3.3467,3.3537,3.3612,3.3627,3.3517,3.3587,94
2026-02-06 19:44:00,3.3527,3.3552,3.3407,3.3447,3.3577,3.3602,3.3457,3.3497,80
2026-02-06 19:45:00,3.3452,3.3562,3.3447,3.3547,3.3502,3.3612,3.3497,3.3597,84
2026-02-06 19:46:00,3.3552,3.3567,3.3512,3.3542,3.3602,3.3617,3.3562,3.3592,54
2026-02-06 19:47:00,3.3527,3.3537,3.3447,3.3457,3.3577,3.3587,3.3497,3.3507,52
2026-02-06 19:48:00,3.3447,3.3447,3.3342,3.3407,3.3497,3.3497,3.3392,3.3457,67
2026-02-06 19:49:00,3.3402,3.3407,3.3317,3.3347,3.3452,3.3457,3.3367,3.3397,68
2026-02-06 19:50:00,3.3342,3.3367,3.3307,3.3327,3.3392,3.3417,3.3357,3.3377,42
2026-02-06 19:51:00,3.3317,3.3327,3.3257,3.3267,3.3367,3.3377,3.3307,3.3317,56
2026-02-06 19:52:00,3.3277,3.3277,3.3147,3.3192,3.3327,3.3327,3.3197,3.3242,77
2026-02-06 19:53:00,3.3197,3.3262,3.3187,3.3197,3.3247,3.3312,3.3237,3.3247,64
2026-02-06 19:54:00,3.3202,3.3217,3.3172,3.3187,3.3252,3.3267,3.3222,3.3237,41
2026-02-06 19:55:00,3.3197,3.3227,3.3162,3.3192,3.3247,3.3277,3.3212,3.3242,74
2026-02-06 19:56:00,3.3197,3.3217,3.3097,3.3117,3.3247,3.3267,3.3147,3.3167,70
2026-02-06 19:57:00,3.3127,3.3257,3.3117,3.3252,3.3177,3.3307,3.3167,3.3302,84
2026-02-06 19:58:00,3.3257,3.3437,3.3257,3.3382,3.3307,3.3487,3.3307,3.3432,120
2026-02-06 19:59:00,3.3377,3.3407,3.3307,3.3312,3.3427,3.3457,3.3357,3.3362,65
2026-02-06 20:00:00,3.3317,3.3407,3.3307,3.3407,3.3367,3.3457,3.3357,3.3457,73
2026-02-06 20:01:00,3.3402,3.3477,3.3397,3.3442,3.3452,3.3527,3.3447,3.3492,77
2026-02-06 20:02:00,3.3427,3.3437,3.3262,3.3272,3.3477,3.3487,3.3312,3.3322,84
2026-02-06 20:03:00,3.3277,3.3287,3.3227,3.3252,3.3327,3.3337,3.3277,3.3302,54
2026-02-06 20:04:00,3.3257,3.3297,3.3202,3.3247,3.3307,3.3347,3.3252,3.3297,62
2026-02-06 20:05:00,3.3242,3.3272,3.3207,3.3217,3.3292,3.3322,3.3257,3.3267,56
2026-02-06 20:06:00,3.3212,3.3237,3.3202,3.3222,3.3262,3.3287,3.3252,3.3272,51
2026-02-06 20:07:00,3.3217,3.3287,3.3197,3.3262,3.3267,3.3337,3.3247,3.3312,59
2026-02-06 20:08:00,3.3257,3.3317,3.3207,3.3252,3.3307,3.3367,3.3257,3.3302,69
2026-02-06 20:09:00,3.3247,3.3307,3.3237,3.3307,3.3297,3.3357,3.3287,3.3357,38
2026-02-06 20:10:00,3.3297,3.3347,3.3277,3.3337,3.3347,3.3397,3.3327,3.3387,68
2026-02-06 20:11:00,3.3342,3.3432,3.3342,3.3407,3.3392,3.3482,3.3392,3.3457,58
2026-02-06 20:12:00,3.3397,3.3462,3.3387,3.3417,3.3447,3.3512,3.3437,3.3467,65
2026-02-06 20:13:00,3.3422,3.3447,3.3382,3.3417,3.3472,3.3497,3.3432,3.3467,73
2026-02-06 20:14:00,3.3427,3.3487,3.3397,3.3477,3.3477,3.3537,3.3447,3.3527,63
2026-02-06 20:15:00,3.3482,3.3482,3.3297,3.3352,3.3532,3.3532,3.3347,3.3402,101
2026-02-06 20:16:00,3.3347,3.3417,3.3347,3.3402,3.3397,3.3467,3.3397,3.3452,49
2026-02-06 20:17:00,3.3397,3.3487,3.3397,3.3482,3.3447,3.3537,3.3447,3.3532,89
2026-02-06 20:18:00,3.3477,3.3497,3.3437,3.3487,3.3527,3.3547,3.3487,3.3537,47
2026-02-06 20:19:00,3.3492,3.3492,3.3337,3.3367,3.3542,3.3542,3.3387,3.3417,76
2026-02-06 20:20:00,3.3372,3.3407,3.3312,3.3352,3.3422,3.3457,3.3362,3.3402,71
2026-02-06 20:21:00,3.3357,3.3387,3.3297,3.3377,3.3407,3.3437,3.3347,3.3427,81
2026-02-06 20:22:00,3.3387,3.3387,3.3227,3.3257,3.3437,3.3437,3.3277,3.3307,82
2026-02-06 20:23:00,3.3252,3.3297,3.3232,3.3267,3.3302,3.3347,3.3282,3.3317,82
2026-02-06 20:24:00,3.3257,3.3282,3.3217,3.3257,3.3307,3.3332,3.3267,3.3307,87
2026-02-06 20:25:00,3.3267,3.3327,3.3142,3.3197,3.3317,3.3377,3.3192,3.3247,121
2026-02-06 20:26:00,3.3202,3.3367,3.3202,3.3237,3.3252,3.3417,3.3252,3.3287,106
2026-02-06 20:27:00,3.3232,3.3367,3.3202,3.3367,3.3282,3.3417,3.3252,3.3417,165
2026-02-06 20:28:00,3.3357,3.3387,3.3117,3.3192,3.3407,3.3437,3.3167,3.3242,393
2026-02-06 20:29:00,3.3207,3.3347,3.3207,3.3307,3.3257,3.3397,3.3257,3.3357,210
2026-02-06 20:30:00,3.3317,3.3317,3.3217,3.3272,3.3367,3.3367,3.3267,3.3322,71
2026-02-06 20:31:00,3.3267,3.3282,3.3207,3.3237,3.3317,3.3332,3.3257,3.3287,55
2026-02-06 20:32:00,3.3232,3.3257,3.3187,3.3242,3.3282,3.3307,3.3237,3.3292,48
2026-02-06 20:33:00,3.3237,3.3237,3.3192,3.3202,3.3287,3.3287,3.3242,3.3252,26
2026-02-06 20:34:00,3.3207,3.3242,3.3202,3.3242,3.3257,3.3292,3.3252,3.3292,19
2026-02-06 20:35:00,3.3247,3.3297,3.3247,3.3297,3.3297,3.3347,3.3297,3.3347,30
2026-02-06 20:36:00,3.3287,3.3287,3.3237,3.3247,3.3337,3.3337,3.3287,3.3297,18
2026-02-06 20:37:00,3.3252,3.3292,3.3247,3.3287,3.3302,3.3342,3.3297,3.3337,12
2026-02-06 20:38:00,3.3282,3.3302,3.3257,3.3282,3.3332,3.3352,3.3307,3.3332,27
2026-02-06 20:39:00,3.3277,3.3297,3.3227,3.3257,3.3327,3.3347,3.3277,3.3307,25
2026-02-06 20:40:00,3.3262,3.3297,3.3237,3.3287,3.3312,3.3347,3.3287,3.3337,21
2026-02-06 20:41:00,3.3277,3.3297,3.3257,3.3287,3.3327,3.3347,3.3307,3.3337,32
2026-02-06 20:42:00,3.3292,3.3302,3.3257,3.3272,3.3342,3.3352,3.3307,3.3322,30
2026-02-06 20:43:00,3.3267,3.3267,3.3237,3.3242,3.3317,3.3317,3.3287,3.3292,21
2026-02-06 20:44:00,3.3247,3.3297,3.3247,3.3287,3.3297,3.3347,3.3297,3.3337,16
2026-02-06 20:45:00,3.3282,3.3307,3.3277,3.3302,3.3332,3.3357,3.3327,3.3352,21
2026-02-06 20:46:00,3.3317,3.3387,3.3307,3.3372,3.3367,3.3437,3.3357,3.3422,31
2026-02-06 20:47:00,3.3367,3.3367,3.3337,3.3347,3.3417,3.3417,3.3387,3.3397,9
2026-02-06 20:48:00,3.3352,3.3362,3.3287,3.3297,3.3402,3.3412,3.3337,3.3347,19
2026-02-06 20:49:00,3.3302,3.3302,3.3257,3.3272,3.3352,3.3352,3.3307,3.3322,17
2026-02-06 20:50:00,3.3277,3.3357,3.3277,3.3352,3.3327,3.3407,3.3327,3.3402,26
2026-02-06 20:51:00,3.3357,3.3427,3.3357,3.3407,3.3407,3.3477,3.3407,3.3457,34
2026-02-06 20:52:00,3.3412,3.3412,3.3367,3.3377,3.3462,3.3462,3.3417,3.3427,20
2026-02-06 20:53:00,3.3387,3.3387,3.3357,3.3367,3.3437,3.3437,3.3407,3.3417,12
2026-02-06 20:54:00,3.3372,3.3397,3.3367,3.3392,3.3422,3.3447,3.3417,3.3442,26
2026-02-06 20:55:00,3.3397,3.3407,3.3397,3.3402,3.3447,3.3457,3.3447,3.3452,10
2026-02-06 20:56:00,3.3407,3.3422,3.3397,3.3417,3.3457,3.3472,3.3447,3.3467,12
2026-02-06 20:57:00,3.3407,3.3417,3.3347,3.3347,3.3457,3.3467,3.3397,3.3397,26
2026-02-06 20:58:00,3.3352,3.3372,3.3317,3.3322,3.3402,3.3422,3.3367,3.3372,17
2026-02-06 20:59:00,3.3317,3.3322,3.3297,3.3302,3.3367,3.3372,3.3347,3.3352,15
2026-02-06 21:00:00,3.3297,3.3367,3.3297,3.3342,3.3347,3.3417,3.3347,3.3392,22
2026-02-06 21:01:00,3.3337,3.3342,3.3317,3.3322,3.3387,3.3392,3.3367,3.3372,8
2026-02-06 21:02:00,3.3317,3.3332,3.3307,3.3317,3.3367,3.3382,3.3357,3.3367,7
2026-02-06 21:03:00,3.3327,3.3352,3.3327,3.3352,3.3377,3.3402,3.3377,3.3402,12
2026-02-06 21:04:00,3.3357,3.3447,3.3347,3.3427,3.3407,3.3497,3.3397,3.3477,52
2026-02-06 21:05:00,3.3422,3.3427,3.3387,3.3402,3.3472,3.3477,3.3437,3.3452,18
2026-02-06 21:06:00,3.3392,3.3412,3.3337,3.3387,3.3442,3.3462,3.3387,3.3437,31
2026-02-06 21:07:00,3.3392,3.3407,3.3377,3.3407,3.3442,3.3457,3.3427,3.3457,18
2026-02-06 21:08:00,3.3412,3.3437,3.3407,3.3437,3.3462,3.3487,3.3457,3.3487,9
2026-02-06 21:09:00,3.3442,3.3477,3.3417,3.3427,3.3492,3.3527,3.3467,3.3477,16
2026-02-06 21:10:00,3.3432,3.3457,3.3387,3.3397,3.3482,3.3507,3.3437,3.3447,18
2026-02-06 21:11:00,3.3392,3.3407,3.3347,3.3387,3.3442,3.3457,3.3397,3.3437,20
2026-02-06 21:12:00,3.3392,3.3432,3.3392,3.3422,3.3442,3.3482,3.3442,3.3472,14
2026-02-06 21:13:00,3.3427,3.3447,3.3427,3.3437,3.3477,3.3497,3.3477,3.3487,10
2026-02-06 21:14:00,3.3442,3.3452,3.3407,3.3427,3.3492,3.3502,3.3457,3.3477,28
2026-02-06 21:15:00,3.3432,3.3447,3.3427,3.3442,3.3482,3.3497,3.3477,3.3492,10
2026-02-06 21:16:00,3.3437,3.3452,3.3437,3.3447,3.3487,3.3502,3.3487,3.3497,7
2026-02-06 21:17:00,3.3437,3.3447,3.3397,3.3402,3.3487,3.3497,3.3447,3.3452,16
2026-02-06 21:18:00,3.3407,3.3407,3.3382,3.3407,3.3457,3.3457,3.3432,3.3457,19
2026-02-06 21:19:00,3.3412,3.3412,3.3347,3.3362,3.3462,3.3462,3.3397,3.3412,15
2026-02-06 21:20:00,3.3377,3.3382,3.3377,3.3377,3.3427,3.3432,3.3427,3.3427,3
2026-02-06 21:21:00,3.3367,3.3387,3.3362,3.3367,3.3417,3.3437,3.3412,3.3417,12
2026-02-06 21:22:00,3.3372,3.3387,3.3367,3.3382,3.3422,3.3437,3.3417,3.3432,8
2026-02-06 21:23:00,3.3387,3.3407,3.3367,3.3407,3.3437,3.3457,3.3417,3.3457,13
2026-02-06 21:24:00,3.3417,3.3417,3.3397,3.3397,3.3467,3.3467,3.3447,3.3447,7
2026-02-06 21:25:00,3.3392,3.3392,3.3367,3.3377,3.3442,3.3442,3.3417,3.3427,9
2026-02-06 21:26:00,3.3372,3.3372,3.3327,3.3352,3.3422,3.3422,3.3377,3.3402,40
2026-02-06 21:27:00,3.3347,3.3372,3.3347,3.3367,3.3397,3.3422,3.3397,3.3417,15
2026-02-06 21:28:00,3.3372,3.3377,3.3337,3.3347,3.3422,3.3427,3.3387,3.3397,23
2026-02-06 21:29:00,3.3352,3.3352,3.3307,3.3307,3.3402,3.3402,3.3357,3.3357,8
2026-02-06 21:30:00,3.3312,3.3342,3.3312,3.3342,3.3362,3.3392,3.3362,3.3392,14
2026-02-06 21:31:00,3.3337,3.3347,3.3327,3.3337,3.3387,3.3397,3.3377,3.3387,13
2026-02-06 21:32:00,3.3317,3.3317,3.3227,3.3227,3.3367,3.3367,3.3277,3.3277,23
2026-02-06 21:33:00,3.3232,3.3247,3.3222,3.3222,3.3282,3.3297,3.3272,3.3272,13
2026-02-06 21:34:00,3.3227,3.3247,3.3222,3.3237,3.3277,3.3297,3.3272,3.3287,12
2026-02-06 21:35:00,3.3247,3.3257,3.3237,3.3242,3.3297,3.3307,3.3287,3.3292,12
2026-02-06 21:36:00,3.3237,3.3237,3.3182,3.3187,3.3287,3.3287,3.3232,3.3237,15
2026-02-06 21:37:00,3.3192,3.3202,3.3162,3.3177,3.3242,3.3252,3.3212,3.3227,17
2026-02-06 21:38:00,3.3167,3.3167,3.3117,3.3152,3.3217,3.3217,3.3167,3.3202,26
2026-02-06 21:39:00,3.3147,3.3167,3.3147,3.3157,3.3197,3.3217,3.3197,3.3207,12
2026-02-06 21:40:00,3.3162,3.3207,3.3162,3.3192,3.3212,3.3257,3.3212,3.3242,18
2026-02-06 21:41:00,3.3187,3.3207,3.3177,3.3202,3.3237,3.3257,3.3227,3.3252,12
2026-02-06 21:42:00,3.3207,3.3217,3.3172,3.3207,3.3257,3.3267,3.3222,3.3257,9
2026-02-06 21:43:00,3.3202,3.3237,3.3202,3.3217,3.3252,3.3287,3.3252,3.3267,26
2026-02-06 21:44:00,3.3222,3.3227,3.3192,3.3197,3.3272,3.3277,3.3242,3.3247,22
2026-02-06 21:45:00,3.3202,3.3222,3.3187,3.3207,3.3252,3.3272,3.3237,3.3257,28
2026-02-06 21:46:00,3.3202,3.3237,3.3192,3.3227,3.3252,3.3287,3.3242,3.3277,22
2026-02-06 21:47:00,3.3232,3.3282,3.3232,3.3257,3.3282,3.3332,3.3282,3.3307,20
2026-02-06 21:48:00,3.3262,3.3277,3.3227,3.3227,3.3312,3.3327,3.3277,3.3277,24
2026-02-06 21:49:00,3.3222,3.3272,3.3217,3.3267,3.3272,3.3322,3.3267,3.3317,20
2026-02-06 21:50:00,3.3272,3.3287,3.3247,3.3257,3.3322,3.3337,3.3297,3.3307,12
2026-02-06 21:51:00,3.3262,3.3282,3.3262,3.3267,3.3312,3.3332,3.3312,3.3317,7
2026-02-06 21:52:00,3.3277,3.3292,3.3272,3.3277,3.3327,3.3342,3.3322,3.3327,11
2026-02-06 21:53:00,3.3267,3.3297,3.3267,3.3272,3.3317,3.3347,3.3317,3.3322,16
2026-02-06 21:54:00,3.3277,3.3297,3.3267,3.3282,3.3327,3.3347,3.3317,3.3332,15
2026-02-06 21:55:00,3.3287,3.3297,3.3277,3.3277,3.3337,3.3347,3.3327,3.3327,7
2026-02-06 21:56:00,3.3282,3.3297,3.3282,3.3287,3.3332,3.3347,3.3332,3.3337,13
2026-02-06 21:57:00,3.3292,3.3307,3.3247,3.3247,3.3342,3.3357,3.3297,3.3297,19
2026-02-06 21:58:00,3.3252,3.3282,3.3222,3.3282,3.3302,3.3332,3.3272,3.3332,14
2026-02-06 21:59:00,3.3297,3.3297,3.3197,3.3217,3.3347,3.3347,3.3247,3.3267,22
2026-02-06 22:01:00,3.3207,3.3207,3.3152,3.3162,3.3257,3.3257,3.3202,3.3212,13
2026-02-06 22:02:00,3.3167,3.3202,3.3162,3.3192,3.3217,3.3252,3.3212,3.3242,13
2026-02-06 22:03:00,3.3197,3.3207,3.3182,3.3182,3.3247,3.3257,3.3232,3.3232,7
2026-02-06 22:04:00,3.3187,3.3192,3.3117,3.3122,3.3237,3.3242,3.3167,3.3172,17
2026-02-06 22:05:00,3.3127,3.3127,3.3067,3.3102,3.3177,3.3177,3.3117,3.3152,26
2026-02-06 22:06:00,3.3107,3.3107,3.3082,3.3082,3.3157,3.3157,3.3132,3.3132,14
2026-02-06 22:07:00,3.3087,3.3107,3.3017,3.3037,3.3137,3.3157,3.3067,3.3087,30
2026-02-06 22:08:00,3.3047,3.3047,3.2957,3.2987,3.3097,3.3097,3.3007,3.3037,23
2026-02-06 22:09:00,3.2997,3.3042,3.2997,3.3027,3.3047,3.3092,3.3047,3.3077,15
2026-02-06 22:10:00,3.3032,3.3057,3.3007,3.3022,3.3082,3.3107,3.3057,3.3072,13
2026-02-06 22:11:00,3.3037,3.3042,3.3017,3.3017,3.3087,3.3092,3.3067,3.3067,17
2026-02-06 22:12:00,3.3022,3.3032,3.2977,3.3022,3.3072,3.3082,3.3027,3.3072,11
2026-02-06 22:13:00,3.3017,3.3042,3.3017,3.3037,3.3067,3.3092,3.3067,3.3087,12
2026-02-06 22:14:00,3.3032,3.3032,3.2992,3.2992,3.3082,3.3082,3.3042,3.3042,8
2026-02-06 22:15:00,3.2997,3.3022,3.2937,3.2967,3.3047,3.3072,3.2987,3.3017,18
2026-02-06 22:16:00,3.2977,3.2987,3.2967,3.2967,3.3027,3.3037,3.3017,3.3017,6
2026-02-06 22:17:00,3.2972,3.2997,3.2972,3.2987,3.3022,3.3047,3.3022,3.3037,10
2026-02-06 22:18:00,3.2997,3.3017,3.2997,3.3012,3.3047,3.3067,3.3047,3.3062,9
2026-02-06 22:19:00,3.3017,3.3027,3.2997,3.3007,3.3067,3.3077,3.3047,3.3057,11
2026-02-06 22:20:00,3.3002,3.3032,3.2997,3.3032,3.3052,3.3082,3.3047,3.3082,14
2026-02-06 22:21:00,3.3027,3.3027,3.2997,3.3007,3.3077,3.3077,3.3047,3.3057,8
2026-02-06 22:22:00,3.3012,3.3017,3.2997,3.2997,3.3062,3.3067,3.3047,3.3047,6
2026-02-06 22:23:00,3.3007,3.3012,3.3002,3.3007,3.3057,3.3062,3.3052,3.3057,5
2026-02-06 22:24:00,3.3002,3.3032,3.3002,3.3027,3.3052,3.3082,3.3052,3.3077,8
2026-02-06 22:25:00,3.3017,3.3067,3.2997,3.3067,3.3067,3.3117,3.3047,3.3117,30
2026-02-06 22:26:00,3.3057,3.3157,3.3052,3.3157,3.3107,3.3207,3.3102,3.3207,51
2026-02-06 22:27:00,3.3152,3.3182,3.3097,3.3097,3.3202,3.3232,3.3147,3.3147,23
2026-02-06 22:28:00,3.3087,3.3097,3.3037,3.3047,3.3137,3.3147,3.3087,3.3097,10
2026-02-06 22:29:00,3.3042,3.3047,3.3017,3.3017,3.3092,3.3097,3.3067,3.3067,13
2026-02-06 22:30:00,3.3022,3.3022,3.2987,3.3002,3.3072,3.3072,3.3037,3.3052,21
2026-02-06 22:31:00,3.3012,3.3027,3.3007,3.3027,3.3062,3.3077,3.3057,3.3077,7
2026-02-06 22:32:00,3.3022,3.3032,3.2987,3.2997,3.3072,3.3082,3.3037,3.3047,23
2026-02-06 22:33:00,3.3002,3.3002,3.2952,3.2977,3.3052,3.3052,3.3002,3.3027,13
2026-02-06 22:34:00,3.2972,3.3017,3.2947,3.2962,3.3022,3.3067,3.2997,3.3012,17
2026-02-06 22:35:00,3.2967,3.2997,3.2937,3.2962,3.3017,3.3047,3.2987,3.3012,18
2026-02-06 22:36:00,3.2957,3.2957,3.2917,3.2922,3.3007,3.3007,3.2967,3.2972,17
2026-02-06 22:37:00,3.2927,3.3007,3.2902,3.3007,3.2977,3.3057,3.2952,3.3057,23
2026-02-06 22:38:00,3.3002,3.3032,3.3002,3.3017,3.3052,3.3082,3.3052,3.3067,15
2026-02-06 22:39:00,3.3022,3.3042,3.3012,3.3022,3.3072,3.3092,3.3062,3.3072,9
2026-02-06 22:40:00,3.3027,3.3042,3.3007,3.3017,3.3077,3.3092,3.3057,3.3067,8
2026-02-06 22:41:00,3.3012,3.3107,3.3012,3.3107,3.3062,3.3157,3.3062,3.3157,8
2026-02-06 22:42:00,3.3112,3.3127,3.3082,3.3102,3.3162,3.3177,3.3132,3.3152,17
2026-02-06 22:43:00,3.3082,3.3097,3.3077,3.3087,3.3132,3.3147,3.3127,3.3137,18
2026-02-06 22:44:00,3.3082,3.3082,3.3077,3.3077,3.3132,3.3132,3.3127,3.3127,8
2026-02-06 22:45:00,3.3087,3.3097,3.3087,3.3087,3.3137,3.3147,3.3137,3.3137,3
2026-02-06 22:46:00,3.3092,3.3092,3.3077,3.3082,3.3142,3.3142,3.3127,3.3132,10
2026-02-06 22:47:00,3.3087,3.3087,3.3082,3.3082,3.3137,3.3137,3.3132,3.3132,2
2026-02-06 22:48:00,3.3087,3.3122,3.3087,3.3107,3.3137,3.3172,3.3137,3.3157,8
2026-02-06 22:49:00,3.3112,3.3112,3.3092,3.3107,3.3162,3.3162,3.3142,3.3157,7
2026-02-06 22:50:00,3.3097,3.3127,3.3097,3.3127,3.3147,3.3177,3.3147,3.3177,10
2026-02-06 22:51:00,3.3122,3.3127,3.3117,3.3122,3.3172,3.3177,3.3167,3.3172,4
2026-02-06 22:52:00,3.3127,3.3157,3.3127,3.3147,3.3177,3.3207,3.3177,3.3197,5
2026-02-06 22:53:00,3.3137,3.3137,3.3122,3.3132,3.3187,3.3187,3.3172,3.3182,11
2026-02-06 22:54:00,3.3137,3.3142,3.3137,3.3142,3.3187,3.3192,3.3187,3.3192,4
2026-02-06 22:55:00,3.3137,3.3137,3.3127,3.3137,3.3187,3.3187,3.3177,3.3187,5
2026-02-06 22:56:00,3.3132,3.3187,3.3132,3.3157,3.3182,3.3237,3.3182,3.3207,7
2026-02-06 22:57:00,3.3152,3.3157,3.3117,3.3117,3.3202,3.3207,3.3167,3.3167,8
2026-02-06 22:58:00,3.3127,3.3137,3.3092,3.3107,3.3177,3.3187,3.3142,3.3157,21
2026-02-06 22:59:00,3.3112,3.3122,3.2933,3.2938,3.3162,3.3172,3.2983,3.2988,61
2026-02-09 00:00:00,3.1316,3.1346,3.1266,3.1301,3.1366,3.1396,3.1316,3.1351,84
2026-02-09 00:01:00,3.1296,3.1306,3.1246,3.1246,3.1346,3.1356,3.1296,3.1296,7
2026-02-09 00:02:00,3.1171,3.1176,3.1136,3.1161,3.1221,3.1226,3.1186,3.1211,19
2026-02-09 00:03:00,3.1156,3.1161,3.0756,3.0801,3.1206,3.1211,3.0806,3.0851,73
2026-02-09 00:04:00,3.0806,3.0881,3.0761,3.0881,3.0856,3.0931,3.0811,3.0931,38
2026-02-09 00:05:00,3.0886,3.1046,3.0881,3.1036,3.0936,3.1096,3.0931,3.1086,33
2026-02-09 00:06:00,3.1031,3.1106,3.1031,3.1101,3.1081,3.1156,3.1081,3.1151,24
2026-02-09 00:07:00,3.1096,3.1181,3.1096,3.1181,3.1146,3.1231,3.1146,3.1231,18
2026-02-09 00:08:00,3.1166,3.1176,3.1141,3.1176,3.1216,3.1226,3.1191,3.1226,11
2026-02-09 00:09:00,3.1181,3.1181,3.1126,3.1136,3.1231,3.1231,3.1176,3.1186,24
2026-02-09 00:10:00,3.1126,3.1126,3.0966,3.0986,3.1176,3.1176,3.1016,3.1036,22
2026-02-09 00:11:00,3.0981,3.1051,3.0956,3.0966,3.1031,3.1101,3.1006,3.1016,30
2026-02-09 00:12:00,3.0981,3.1016,3.0956,3.1011,3.1031,3.1066,3.1006,3.1061,18
2026-02-09 00:13:00,3.1016,3.1051,3.1006,3.1051,3.1066,3.1101,3.1056,3.1101,21
2026-02-09 00:14:00,3.1071,3.1076,3.0956,3.1016,3.1121,3.1126,3.1006,3.1066,13
2026-02-09 00:15:00,3.1026,3.1076,3.1011,3.1061,3.1076,3.1126,3.1061,3.1111,19
2026-02-09 00:16:00,3.1051,3.1061,3.0996,3.1056,3.1101,3.1111,3.1046,3.1106,18
2026-02-09 00:17:00,3.1066,3.1066,3.0966,3.0966,3.1116,3.1116,3.1016,3.1016,10
2026-02-09 00:18:00,3.0961,3.0991,3.0941,3.0991,3.1011,3.1041,3.0991,3.1041,11
2026-02-09 00:19:00,3.1001,3.1006,3.0916,3.0951,3.1051,3.1056,3.0966,3.1001,19
2026-02-09 00:20:00,3.0961,3.0986,3.0936,3.0956,3.1011,3.1036,3.0986,3.1006,11
2026-02-09 00:21:00,3.0966,3.0966,3.0906,3.0906,3.1016,3.1016,3.0956,3.0956,9
2026-02-09 00:22:00,3.0881,3.0926,3.0876,3.0891,3.0931,3.0976,3.0926,3.0941,17
2026-02-09 00:23:00,3.0896,3.0946,3.0896,3.0946,3.0946,3.0996,3.0946,3.0996,7
2026-02-09 00:24:00,3.0916,3.0916,3.0836,3.0836,3.0966,3.0966,3.0886,3.0886,18
2026-02-09 00:25:00,3.0846,3.0851,3.0786,3.0786,3.0896,3.0901,3.0836,3.0836,16
2026-02-09 00:26:00,3.0751,3.0821,3.0751,3.0821,3.0801,3.0871,3.0801,3.0871,15
2026-02-09 00:27:00,3.0826,3.0886,3.0826,3.0856,3.0876,3.0936,3.0876,3.0906,18
2026-02-09 00:28:00,3.0861,3.0876,3.0816,3.0816,3.0911,3.0926,3.0866,3.0866,10
2026-02-09 00:29:00,3.0821,3.0836,3.0796,3.0806,3.0871,3.0886,3.0846,3.0856,9
2026-02-09 00:30:00,3.0821,3.0886,3.0811,3.0881,3.0871,3.0936,3.0861,3.0931,16
2026-02-09 00:31:00,3.0886,3.0916,3.0876,3.0896,3.0936,3.0966,3.0926,3.0946,14
2026-02-09 00:32:00,3.0886,3.0926,3.0876,3.0901,3.0936,3.0976,3.0926,3.0951,18
2026-02-09 00:33:00,3.0906,3.0916,3.0876,3.0901,3.0956,3.0966,3.0926,3.0951,18
2026-02-09 00:34:00,3.0911,3.0916,3.0761,3.0761,3.0961,3.0966,3.0811,3.0811,17
2026-02-09 00:35:00,3.0756,3.0791,3.0756,3.0786,3.0806,3.0841,3.0806,3.0836,10
2026-02-09 00:36:00,3.0791,3.0801,3.0791,3.0791,3.0841,3.0851,3.0841,3.0841,5
2026-02-09 00:37:00,3.0786,3.0811,3.0776,3.0786,3.0836,3.0861,3.0826,3.0836,12
2026-02-09 00:38:00,3.0801,3.0811,3.0791,3.0796,3.0851,3.0861,3.0841,3.0846,10
2026-02-09 00:39:00,3.0806,3.0811,3.0801,3.0811,3.0856,3.0861,3.0851,3.0861,7
2026-02-09 00:40:00,3.0821,3.0821,3.0791,3.0791,3.0871,3.0871,3.0841,3.0841,7
2026-02-09 00:41:00,3.0806,3.0821,3.0806,3.0806,3.0856,3.0871,3.0856,3.0856,10
2026-02-09 00:42:00,3.0811,3.0831,3.0811,3.0826,3.0861,3.0881,3.0861,3.0876,4
2026-02-09 00:43:00,3.0821,3.0846,3.0806,3.0806,3.0871,3.0896,3.0856,3.0856,13
2026-02-09 00:44:00,3.0801,3.0816,3.0801,3.0816,3.0851,3.0866,3.0851,3.0866,10
2026-02-09 00:45:00,3.0826,3.0831,3.0816,3.0816,3.0876,3.0881,3.0866,3.0866,7
2026-02-09 00:46:00,3.0821,3.0826,3.0816,3.0826,3.0871,3.0876,3.0866,3.0876,7
2026-02-09 00:47:00,3.0831,3.0836,3.0831,3.0836,3.0881,3.0886,3.0881,3.0886,2
2026-02-09 00:48:00,3.0856,3.0916,3.0856,3.0901,3.0906,3.0966,3.0906,3.0951,19
2026-02-09 00:49:00,3.0911,3.0921,3.0896,3.0916,3.0961,3.0971,3.0946,3.0966,9
2026-02-09 00:50:00,3.0911,3.0946,3.0906,3.0931,3.0961,3.0996,3.0956,3.0981,14
2026-02-09 00:51:00,3.0921,3.0931,3.0916,3.0916,3.0971,3.0981,3.0966,3.0966,6
2026-02-09 00:52:00,3.0921,3.0931,3.0896,3.0906,3.0971,3.0981,3.0946,3.0956,11
2026-02-09 00:53:00,3.0901,3.0941,3.0896,3.0936,3.0951,3.0991,3.0946,3.0986,10
2026-02-09 00:54:00,3.0931,3.0931,3.0911,3.0911,3.0981,3.0981,3.0961,3.0961,7
2026-02-09 00:55:00,3.0906,3.0906,3.0901,3.0906,3.0956,3.0956,3.0951,3.0956,3
2026-02-09 00:56:00,3.0911,3.0936,3.0911,3.0926,3.0961,3.0986,3.0961,3.0976,7
2026-02-09 00:57:00,3.0936,3.0936,3.0926,3.0931,3.0986,3.0986,3.0976,3.0981,5
2026-02-09 00:58:00,3.0926,3.0926,3.0786,3.0841,3.0976,3.0976,3.0836,3.0891,23
2026-02-09 00:59:00,3.0851,3.0856,3.0846,3.0846,3.0901,3.0906,3.0896,3.0896,7
2026-02-09 01:00:00,3.0836,3.0846,3.0836,3.0836,3.0886,3.0896,3.0886,3.0886,4
2026-02-09 01:01:00,3.0831,3.0876,3.0826,3.0876,3.0881,3.0926,3.0876,3.0926,9
2026-02-09 01:02:00,3.0886,3.0906,3.0856,3.0881,3.0936,3.0956,3.0906,3.0931,26
2026-02-09 01:03:00,3.0886,3.0916,3.0876,3.0901,3.0936,3.0966,3.0926,3.0951,15
2026-02-09 01:04:00,3.0896,3.0911,3.0896,3.0911,3.0946,3.0961,3.0946,3.0961,5
2026-02-09 01:05:00,3.0921,3.0926,3.0906,3.0926,3.0971,3.0976,3.0956,3.0976,7
2026-02-09 01:06:00,3.0921,3.0921,3.0921,3.0921,3.0971,3.0971,3.0971,3.0971,1
2026-02-09 01:07:00,3.0916,3.0931,3.0906,3.0916,3.0966,3.0981,3.0956,3.0966,9
2026-02-09 01:08:00,3.0921,3.0921,3.0906,3.0906,3.0971,3.0971,3.0956,3.0956,6
2026-02-09 01:09:00,3.0916,3.0916,3.0886,3.0886,3.0966,3.0966,3.0936,3.0936,7
2026-02-09 01:10:00,3.0891,3.0916,3.0886,3.0906,3.0941,3.0966,3.0936,3.0956,17
2026-02-09 01:11:00,3.0901,3.0906,3.0886,3.0886,3.0951,3.0956,3.0936,3.0936,6
2026-02-09 01:12:00,3.0876,3.0876,3.0856,3.0866,3.0926,3.0926,3.0906,3.0916,7
2026-02-09 01:13:00,3.0871,3.0896,3.0851,3.0876,3.0921,3.0946,3.0901,3.0926,16
2026-02-09 01:14:00,3.0871,3.0871,3.0856,3.0861,3.0921,3.0921,3.0906,3.0911,5
2026-02-09 01:15:00,3.0856,3.0866,3.0841,3.0851,3.0906,3.0916,3.0891,3.0901,9
2026-02-09 01:16:00,3.0866,3.0871,3.0816,3.0816,3.0916,3.0921,3.0866,3.0866,21
2026-02-09 01:17:00,3.0826,3.0846,3.0826,3.0846,3.0876,3.0896,3.0876,3.0896,15
2026-02-09 01:18:00,3.0851,3.0866,3.0836,3.0866,3.0901,3.0916,3.0886,3.0916,10
2026-02-09 01:19:00,3.0861,3.0876,3.0861,3.0876,3.0911,3.0926,3.0911,3.0926,6
2026-02-09 01:20:00,3.0871,3.0886,3.0861,3.0886,3.0921,3.0936,3.0911,3.0936,6
2026-02-09 01:21:00,3.0896,3.1016,3.0891,3.0971,3.0946,3.1066,3.0941,3.1021,31
2026-02-09 01:22:00,3.0961,3.0976,3.0956,3.0956,3.1011,3.1026,3.1006,3.1006,9
2026-02-09 01:23:00,3.0946,3.0981,3.0946,3.0966,3.0996,3.1031,3.0996,3.1016,8
2026-02-09 01:24:00,3.0956,3.0971,3.0956,3.0961,3.1006,3.1021,3.1006,3.1011,7
2026-02-09 01:25:00,3.0956,3.0966,3.0946,3.0956,3.1006,3.1016,3.0996,3.1006,8
2026-02-09 01:26:00,3.0966,3.0966,3.0946,3.0946,3.1016,3.1016,3.0996,3.0996,4
2026-02-09 01:27:00,3.0936,3.0946,3.0926,3.0926,3.0986,3.0996,3.0976,3.0976,4
2026-02-09 01:28:00,3.0936,3.0936,3.0926,3.0926,3.0986,3.0986,3.0976,3.0976,6
2026-02-09 01:29:00,3.0921,3.0926,3.0901,3.0901,3.0971,3.0976,3.0951,3.0951,7
2026-02-09 01:30:00,3.0906,3.0906,3.0861,3.0861,3.0956,3.0956,3.0911,3.0911,12
2026-02-09 01:31:00,3.0866,3.0871,3.0836,3.0866,3.0916,3.0921,3.0886,3.0916,9
2026-02-09 01:32:00,3.0871,3.0871,3.0866,3.0866,3.0921,3.0921,3.0916,3.0916,2
2026-02-09 01:33:00,3.0856,3.0866,3.0851,3.0866,3.0906,3.0916,3.0901,3.0916,6
2026-02-09 01:34:00,3.0856,3.0856,3.0836,3.0836,3.0906,3.0906,3.0886,3.0886,7
2026-02-09 01:35:00,3.0826,3.0846,3.0821,3.0846,3.0876,3.0896,3.0871,3.0896,9
2026-02-09 01:36:00,3.0836,3.0846,3.0826,3.0826,3.0886,3.0896,3.0876,3.0876,6
2026-02-09 01:37:00,3.0836,3.0861,3.0826,3.0841,3.0886,3.0911,3.0876,3.0891,8
2026-02-09 01:38:00,3.0836,3.0846,3.0836,3.0836,3.0886,3.0896,3.0886,3.0886,5
2026-02-09 01:39:00,3.0846,3.0846,3.0831,3.0831,3.0896,3.0896,3.0881,3.0881,2
2026-02-09 01:40:00,3.0826,3.0846,3.0816,3.0841,3.0876,3.0896,3.0866,3.0891,14
2026-02-09 01:41:00,3.0836,3.0836,3.0816,3.0826,3.0886,3.0886,3.0866,3.0876,6
2026-02-09 01:42:00,3.0831,3.0866,3.0831,3.0856,3.0881,3.0916,3.0881,3.0906,10
2026-02-09 01:43:00,3.0851,3.0851,3.0836,3.0836,3.0901,3.0901,3.0886,3.0886,10
2026-02-09 01:44:00,3.0841,3.0846,3.0836,3.0846,3.0891,3.0896,3.0886,3.0896,3
2026-02-09 01:45:00,3.0836,3.0856,3.0836,3.0851,3.0886,3.0906,3.0886,3.0901,3
2026-02-09 01:46:00,3.0846,3.0846,3.0836,3.0836,3.0896,3.0896,3.0886,3.0886,4
2026-02-09 01:47:00,3.0846,3.0846,3.0841,3.0846,3.0896,3.0896,3.0891,3.0896,3
2026-02-09 01:48:00,3.0851,3.0856,3.0846,3.0856,3.0901,3.0906,3.0896,3.0906,3
2026-02-09 01:49:00,3.0866,3.0866,3.0846,3.0846,3.0916,3.0916,3.0896,3.0896,5
2026-02-09 01:50:00,3.0836,3.0836,3.0826,3.0831,3.0886,3.0886,3.0876,3.0881,5
2026-02-09 01:51:00,3.0836,3.0851,3.0836,3.0841,3.0886,3.0901,3.0886,3.0891,4
2026-02-09 01:52:00,3.0836,3.0836,3.0831,3.0831,3.0886,3.0886,3.0881,3.0881,2
2026-02-09 01:53:00,3.0826,3.0836,3.0826,3.0836,3.0876,3.0886,3.0876,3.0886,2
2026-02-09 01:54:00,3.0831,3.0836,3.0826,3.0836,3.0881,3.0886,3.0876,3.0886,3
2026-02-09 01:55:00,3.0846,3.0851,3.0846,3.0846,3.0896,3.0901,3.0896,3.0896,3
2026-02-09 01:56:00,3.0841,3.0841,3.0821,3.0821,3.0891,3.0891,3.0871,3.0871,5
2026-02-09 01:57:00,3.0826,3.0836,3.0826,3.0831,3.0876,3.0886,3.0876,3.0881,4
2026-02-09 01:58:00,3.0836,3.0836,3.0826,3.0826,3.0886,3.0886,3.0876,3.0876,9
2026-02-09 01:59:00,3.0816,3.0836,3.0816,3.0836,3.0866,3.0886,3.0866,3.0886,4
2026-02-09 02:00:00,3.0841,3.0941,3.0841,3.0921,3.0891,3.0991,3.0891,3.0971,18
2026-02-09 02:01:00,3.0926,3.0971,3.0926,3.0971,3.0976,3.1021,3.0976,3.1021,25
2026-02-09 02:02:00,3.0966,3.0971,3.0941,3.0961,3.1016,3.1021,3.0991,3.1011,19
2026-02-09 02:03:00,3.0966,3.0986,3.0956,3.0986,3.1016,3.1036,3.1006,3.1036,7
2026-02-09 02:04:00,3.0991,3.0996,3.0986,3.0996,3.1041,3.1046,3.1036,3.1046,15
2026-02-09 02:05:00,3.0991,3.1001,3.0981,3.0986,3.1041,3.1051,3.1031,3.1036,12
2026-02-09 02:06:00,3.0976,3.1016,3.0966,3.0996,3.1026,3.1066,3.1016,3.1046,22
2026-02-09 02:07:00,3.0991,3.0991,3.0946,3.0946,3.1041,3.1041,3.0996,3.0996,9
2026-02-09 02:08:00,3.0936,3.0936,3.0936,3.0936,3.0986,3.0986,3.0986,3.0986,1
2026-02-09 02:09:00,3.0931,3.0946,3.0916,3.0931,3.0981,3.0996,3.0966,3.0981,13
2026-02-09 02:10:00,3.0936,3.0946,3.0926,3.0946,3.0986,3.0996,3.0976,3.0996,8
2026-02-09 02:11:00,3.0956,3.0976,3.0946,3.0966,3.1006,3.1026,3.0996,3.1016,6
2026-02-09 02:12:00,3.0976,3.0976,3.0971,3.0971,3.1026,3.1026,3.1021,3.1021,2
2026-02-09 02:13:00,3.0966,3.0996,3.0941,3.0976,3.1016,3.1046,3.0991,3.1026,19
2026-02-09 02:14:00,3.0966,3.0966,3.0911,3.0926,3.1016,3.1016,3.0961,3.0976,14
2026-02-09 02:15:00,3.0921,3.0936,3.0921,3.0936,3.0971,3.0986,3.0971,3.0986,4
2026-02-09 02:16:00,3.0946,3.0956,3.0946,3.0956,3.0996,3.1006,3.0996,3.1006,4
2026-02-09 02:17:00,3.0946,3.1011,3.0946,3.1011,3.0996,3.1061,3.0996,3.1061,6
2026-02-09 02:18:00,3.1001,3.1011,3.0986,3.1011,3.1051,3.1061,3.1036,3.1061,6
2026-02-09 02:19:00,3.1006,3.1016,3.0931,3.0931,3.1056,3.1066,3.0981,3.0981,9
2026-02-09 02:20:00,3.0926,3.0941,3.0926,3.0936,3.0976,3.0991,3.0976,3.0986,8
2026-02-09 02:21:00,3.0931,3.0946,3.0926,3.0946,3.0981,3.0996,3.0976,3.0996,6
2026-02-09 02:22:00,3.0951,3.0951,3.0936,3.0936,3.1001,3.1001,3.0986,3.0986,2
2026-02-09 02:23:00,3.0926,3.0941,3.0916,3.0926,3.0976,3.0991,3.0966,3.0976,12
2026-02-09 02:24:00,3.0936,3.0951,3.0936,3.0951,3.0986,3.1001,3.0986,3.1001,2
2026-02-09 02:25:00,3.0946,3.0946,3.0936,3.0936,3.0996,3.0996,3.0986,3.0986,3
2026-02-09 02:26:00,3.0946,3.0946,3.0936,3.0936,3.0996,3.0996,3.0986,3.0986,2
2026-02-09 02:28:00,3.0926,3.0926,3.0906,3.0916,3.0976,3.0976,3.0956,3.0966,4
2026-02-09 02:29:00,3.0906,3.0906,3.0876,3.0896,3.0956,3.0956,3.0926,3.0946,8
2026-02-09 02:30:00,3.0911,3.0911,3.0911,3.0911,3.0961,3.0961,3.0961,3.0961,1
2026-02-09 02:31:00,3.0916,3.0926,3.0906,3.0916,3.0966,3.0976,3.0956,3.0966,7
2026-02-09 02:32:00,3.0921,3.0921,3.0921,3.0921,3.0971,3.0971,3.0971,3.0971,1
2026-02-09 02:33:00,3.0916,3.0916,3.0886,3.0896,3.0966,3.0966,3.0936,3.0946,8
2026-02-09 02:34:00,3.0876,3.0876,3.0856,3.0866,3.0926,3.0926,3.0906,3.0916,6
2026-02-09 02:35:00,3.0861,3.0876,3.0856,3.0876,3.0911,3.0926,3.0906,3.0926,5
2026-02-09 02:37:00,3.0881,3.0881,3.0881,3.0881,3.0931,3.0931,3.0931,3.0931,1
2026-02-09 02:38:00,3.0876,3.0876,3.0866,3.0866,3.0926,3.0926,3.0916,3.0916,5
2026-02-09 02:40:00,3.0871,3.0871,3.0861,3.0861,3.0921,3.0921,3.0911,3.0911,2
2026-02-09 02:41:00,3.0856,3.0866,3.0856,3.0861,3.0906,3.0916,3.0906,3.0911,4
2026-02-09 02:42:00,3.0856,3.0866,3.0856,3.0856,3.0906,3.0916,3.0906,3.0906,5
2026-02-09 02:43:00,3.0861,3.0871,3.0856,3.0866,3.0911,3.0921,3.0906,3.0916,7
2026-02-09 02:44:00,3.0876,3.0886,3.0876,3.0886,3.0926,3.0936,3.0926,3.0936,3
2026-02-09 02:46:00,3.0901,3.0906,3.0876,3.0891,3.0951,3.0956,3.0926,3.0941,10
2026-02-09 02:47:00,3.0886,3.0891,3.0886,3.0891,3.0936,3.0941,3.0936,3.0941,2
2026-02-09 02:48:00,3.0896,3.0931,3.0831,3.0846,3.0946,3.0981,3.0881,3.0896,30
2026-02-09 02:49:00,3.0856,3.0901,3.0856,3.0901,3.0906,3.0951,3.0906,3.0951,6
2026-02-09 02:50:00,3.0896,3.0896,3.0886,3.0886,3.0946,3.0946,3.0936,3.0936,3
2026-02-09 02:51:00,3.0881,3.0886,3.0881,3.0886,3.0931,3.0936,3.0931,3.0936,2
2026-02-09 02:52:00,3.0891,3.0891,3.0886,3.0886,3.0941,3.0941,3.0936,3.0936,2
2026-02-09 02:53:00,3.0891,3.0896,3.0886,3.0886,3.0941,3.0946,3.0936,3.0936,3
2026-02-09 02:54:00,3.0881,3.0886,3.0881,3.0886,3.0931,3.0936,3.0931,3.0936,2
2026-02-09 02:55:00,3.0901,3.0921,3.0901,3.0921,3.0951,3.0971,3.0951,3.0971,3
2026-02-09 02:56:00,3.0916,3.0921,3.0916,3.0921,3.0966,3.0971,3.0966,3.0971,2
2026-02-09 02:57:00,3.0916,3.0931,3.0916,3.0931,3.0966,3.0981,3.0966,3.0981,5
2026-02-09 02:58:00,3.0936,3.0946,3.0916,3.0946,3.0986,3.0996,3.0966,3.0996,9
2026-02-09 02:59:00,3.0936,3.0941,3.0926,3.0926,3.0986,3.0991,3.0976,3.0976,7
2026-02-09 03:00:00,3.0916,3.0926,3.0906,3.0916,3.0966,3.0976,3.0956,3.0966,5
2026-02-09 03:01:00,3.0911,3.0916,3.0906,3.0916,3.0961,3.0966,3.0956,3.0966,4
2026-02-09 03:02:00,3.0921,3.0921,3.0916,3.0916,3.0971,3.0971,3.0966,3.0966,2
2026-02-09 03:03:00,3.0911,3.0916,3.0906,3.0906,3.0961,3.0966,3.0956,3.0956,6
2026-02-09 03:04:00,3.0896,3.0911,3.0886,3.0911,3.0946,3.0961,3.0936,3.0961,7
2026-02-09 03:05:00,3.0916,3.0926,3.0916,3.0926,3.0966,3.0976,3.0966,3.0976,2
2026-02-09 03:07:00,3.0936,3.0936,3.0926,3.0926,3.0986,3.0986,3.0976,3.0976,3
2026-02-09 03:08:00,3.0921,3.0921,3.0916,3.0916,3.0971,3.0971,3.0966,3.0966,2
2026-02-09 03:09:00,3.0911,3.0911,3.0876,3.0876,3.0961,3.0961,3.0926,3.0926,9
2026-02-09 03:10:00,3.0861,3.0861,3.0826,3.0831,3.0911,3.0911,3.0876,3.0881,10
2026-02-09 03:11:00,3.0836,3.0866,3.0836,3.0856,3.0886,3.0916,3.0886,3.0906,6
2026-02-09 03:13:00,3.0846,3.0846,3.0816,3.0826,3.0896,3.0896,3.0866,3.0876,6
2026-02-09 03:14:00,3.0816,3.0821,3.0806,3.0821,3.0866,3.0871,3.0856,3.0871,4
2026-02-09 03:15:00,3.0816,3.0826,3.0816,3.0816,3.0866,3.0876,3.0866,3.0866,6
2026-02-09 03:17:00,3.0826,3.0826,3.0806,3.0816,3.0876,3.0876,3.0856,3.0866,4
2026-02-09 03:18:00,3.0811,3.0811,3.0811,3.0811,3.0861,3.0861,3.0861,3.0861,1
2026-02-09 03:19:00,3.0816,3.0826,3.0816,3.0826,3.0866,3.0876,3.0866,3.0876,3
2026-02-09 03:20:00,3.0841,3.0876,3.0841,3.0876,3.0891,3.0926,3.0891,3.0926,8
2026-02-09 03:21:00,3.0881,3.0881,3.0876,3.0876,3.0931,3.0931,3.0926,3.0926,2
2026-02-09 03:22:00,3.0881,3.0886,3.0876,3.0886,3.0931,3.0936,3.0926,3.0936,5
2026-02-09 03:23:00,3.0891,3.0916,3.0891,3.0916,3.0941,3.0966,3.0941,3.0966,12
2026-02-09 03:24:00,3.0906,3.0906,3.0896,3.0906,3.0956,3.0956,3.0946,3.0956,4
2026-02-09 03:25:00,3.0911,3.0936,3.0911,3.0926,3.0961,3.0986,3.0961,3.0976,8
2026-02-09 03:26:00,3.0916,3.0916,3.0906,3.0906,3.0966,3.0966,3.0956,3.0956,2
2026-02-09 03:27:00,3.0901,3.0911,3.0896,3.0911,3.0951,3.0961,3.0946,3.0961,4
2026-02-09 03:28:00,3.0906,3.0906,3.0901,3.0901,3.0956,3.0956,3.0951,3.0951,2
2026-02-09 03:29:00,3.0896,3.0906,3.0896,3.0896,3.0946,3.0956,3.0946,3.0946,3
2026-02-09 03:30:00,3.0901,3.0916,3.0901,3.0906,3.0951,3.0966,3.0951,3.0956,4
2026-02-09 03:32:00,3.0896,3.0896,3.0891,3.0891,3.0946,3.0946,3.0941,3.0941,2
2026-02-09 03:33:00,3.0886,3.0896,3.0886,3.0891,3.0936,3.0946,3.0936,3.0941,4
2026-02-09 03:34:00,3.0886,3.0886,3.0886,3.0886,3.0936,3.0936,3.0936,3.0936,1
2026-02-09 03:35:00,3.0891,3.0891,3.0886,3.0886,3.0941,3.0941,3.0936,3.0936,2
2026-02-09 03:36:00,3.0881,3.0891,3.0881,3.0891,3.0931,3.0941,3.0931,3.0941,3
2026-02-09 03:37:00,3.0896,3.0901,3.0836,3.0846,3.0946,3.0951,3.0886,3.0896,8
2026-02-09 03:38:00,3.0841,3.0856,3.0801,3.0856,3.0891,3.0906,3.0851,3.0906,20
2026-02-09 03:39:00,3.0861,3.0861,3.0861,3.0861,3.0911,3.0911,3.0911,3.0911,1
2026-02-09 03:40:00,3.0856,3.0856,3.0846,3.0846,3.0906,3.0906,3.0896,3.0896,2
2026-02-09 03:41:00,3.0851,3.0851,3.0836,3.0836,3.0901,3.0901,3.0886,3.0886,4
2026-02-09 03:42:00,3.0846,3.0856,3.0846,3.0846,3.0896,3.0906,3.0896,3.0896,5
2026-02-09 03:43:00,3.0851,3.0861,3.0846,3.0861,3.0901,3.0911,3.0896,3.0911,3
2026-02-09 03:44:00,3.0856,3.0861,3.0856,3.0861,3.0906,3.0911,3.0906,3.0911,4
2026-02-09 03:45:00,3.0856,3.0866,3.0801,3.0821,3.0906,3.0916,3.0851,3.0871,15
2026-02-09 03:46:00,3.0816,3.0831,3.0816,3.0816,3.0866,3.0881,3.0866,3.0866,10
2026-02-09 03:47:00,3.0811,3.0826,3.0811,3.0826,3.0861,3.0876,3.0861,3.0876,5
2026-02-09 03:48:00,3.0816,3.0821,3.0796,3.0806,3.0866,3.0871,3.0846,3.0856,8
2026-02-09 03:49:00,3.0796,3.0806,3.0786,3.0801,3.0846,3.0856,3.0836,3.0851,10
2026-02-09 03:50:00,3.0776,3.0796,3.0766,3.0796,3.0826,3.0846,3.0816,3.0846,18
2026-02-09 03:51:00,3.0806,3.0846,3.0806,3.0826,3.0856,3.0896,3.0856,3.0876,18
2026-02-09 03:52:00,3.0831,3.0831,3.0831,3.0831,3.0881,3.0881,3.0881,3.0881,1
2026-02-09 03:53:00,3.0836,3.0851,3.0836,3.0851,3.0886,3.0901,3.0886,3.0901,3
2026-02-09 03:54:00,3.0856,3.0881,3.0846,3.0881,3.0906,3.0931,3.0896,3.0931,6
2026-02-09 03:55:00,3.0876,3.0881,3.0866,3.0866,3.0926,3.0931,3.0916,3.0916,6
2026-02-09 03:56:00,3.0871,3.0876,3.0866,3.0866,3.0921,3.0926,3.0916,3.0916,5
2026-02-09 03:58:00,3.0856,3.0891,3.0846,3.0891,3.0906,3.0941,3.0896,3.0941,12
2026-02-09 03:59:00,3.0886,3.0901,3.0886,3.0901,3.0936,3.0951,3.0936,3.0951,3
2026-02-09 04:00:00,3.0896,3.0906,3.0896,3.0901,3.0946,3.0956,3.0946,3.0951,5
2026-02-09 04:01:00,3.0896,3.0901,3.0886,3.0886,3.0946,3.0951,3.0936,3.0936,5
2026-02-09 04:02:00,3.0881,3.0886,3.0881,3.0881,3.0931,3.0936,3.0931,3.0931,3
2026-02-09 04:03:00,3.0886,3.0886,3.0886,3.0886,3.0936,3.0936,3.0936,3.0936,1
2026-02-09 04:05:00,3.0881,3.0916,3.0881,3.0916,3.0931,3.0966,3.0931,3.0966,5
2026-02-09 04:06:00,3.0911,3.0911,3.0906,3.0911,3.0961,3.0961,3.0956,3.0961,3
2026-02-09 04:07:00,3.0916,3.0916,3.0911,3.0911,3.0966,3.0966,3.0961,3.0961,2
2026-02-09 04:09:00,3.0916,3.0931,3.0916,3.0931,3.0966,3.0981,3.0966,3.0981,3
2026-02-09 04:10:00,3.0936,3.0946,3.0931,3.0931,3.0986,3.0996,3.0981,3.0981,6
2026-02-09 04:11:00,3.0926,3.0936,3.0926,3.0931,3.0976,3.0986,3.0976,3.0981,5
2026-02-09 04:12:00,3.0936,3.0941,3.0931,3.0941,3.0986,3.0991,3.0981,3.0991,3
2026-02-09 04:13:00,3.0936,3.0936,3.0931,3.0931,3.0986,3.0986,3.0981,3.0981,2
2026-02-09 04:14:00,3.0926,3.0926,3.0911,3.0911,3.0976,3.0976,3.0961,3.0961,6
2026-02-09 04:15:00,3.0916,3.0951,3.0916,3.0951,3.0966,3.1001,3.0966,3.1001,5
2026-02-09 04:16:00,3.0956,3.0956,3.0936,3.0936,3.1006,3.1006,3.0986,3.0986,4
2026-02-09 04:17:00,3.0946,3.0956,3.0941,3.0946,3.0996,3.1006,3.0991,3.0996,5
2026-02-09 04:18:00,3.0941,3.0941,3.0941,3.0941,3.0991,3.0991,3.0991,3.0991,1
2026-02-09 04:19:00,3.0951,3.0951,3.0951,3.0951,3.1001,3.1001,3.1001,3.1001,1
2026-02-09 04:20:00,3.0946,3.0966,3.0941,3.0941,3.0996,3.1016,3.0991,3.0991,8
2026-02-09 04:21:00,3.0946,3.0946,3.0946,3.0946,3.0996,3.0996,3.0996,3.0996,1
2026-02-09 04:22:00,3.0956,3.0956,3.0896,3.0916,3.1006,3.1006,3.0946,3.0966,8
2026-02-09 04:23:00,3.0911,3.0911,3.0911,3.0911,3.0961,3.0961,3.0961,3.0961,1
2026-02-09 04:24:00,3.0916,3.0936,3.0916,3.0936,3.0966,3.0986,3.0966,3.0986,7
2026-02-09 04:25:00,3.0941,3.0961,3.0941,3.0961,3.0991,3.1011,3.0991,3.1011,3
2026-02-09 04:26:00,3.0956,3.0956,3.0926,3.0931,3.1006,3.1006,3.0976,3.0981,5
2026-02-09 04:27:00,3.0936,3.0936,3.0926,3.0926,3.0986,3.0986,3.0976,3.0976,3
2026-02-09 04:28:00,3.0936,3.0941,3.0876,3.0926,3.0986,3.0991,3.0926,3.0976,9
2026-02-09 04:29:00,3.0921,3.0921,3.0916,3.0921,3.0971,3.0971,3.0966,3.0971,3
2026-02-09 04:30:00,3.0916,3.0956,3.0916,3.0951,3.0966,3.1006,3.0966,3.1001,18
2026-02-09 04:31:00,3.0946,3.0956,3.0931,3.0941,3.0996,3.1006,3.0981,3.0991,30
2026-02-09 04:32:00,3.0931,3.0936,3.0901,3.0916,3.0981,3.0986,3.0951,3.0966,11
2026-02-09 04:33:00,3.0911,3.0916,3.0881,3.0886,3.0961,3.0966,3.0931,3.0936,25
2026-02-09 04:34:00,3.0896,3.0896,3.0846,3.0851,3.0946,3.0946,3.0896,3.0901,21
2026-02-09 04:35:00,3.0856,3.0901,3.0856,3.0891,3.0906,3.0951,3.0906,3.0941,14
2026-02-09 04:36:00,3.0896,3.0901,3.0856,3.0886,3.0946,3.0951,3.0906,3.0936,17
2026-02-09 04:37:00,3.0881,3.0891,3.0861,3.0861,3.0931,3.0941,3.0911,3.0911,15
2026-02-09 04:38:00,3.0866,3.0876,3.0851,3.0871,3.0916,3.0926,3.0901,3.0921,9
2026-02-09 04:39:00,3.0866,3.0876,3.0856,3.0866,3.0916,3.0926,3.0906,3.0916,10
2026-02-09 04:40:00,3.0876,3.0876,3.0846,3.0856,3.0926,3.0926,3.0896,3.0906,9
2026-02-09 04:41:00,3.0851,3.0856,3.0851,3.0856,3.0901,3.0906,3.0901,3.0906,6
2026-02-09 04:42:00,3.0851,3.0856,3.0841,3.0851,3.0901,3.0906,3.0891,3.0901,11
2026-02-09 04:43:00,3.0856,3.0856,3.0846,3.0851,3.0906,3.0906,3.0896,3.0901,5
2026-02-09 04:44:00,3.0856,3.0856,3.0846,3.0851,3.0906,3.0906,3.0896,3.0901,3
2026-02-09 04:45:00,3.0846,3.0846,3.0806,3.0816,3.0896,3.0896,3.0856,3.0866,14
2026-02-09 04:46:00,3.0821,3.0851,3.0821,3.0841,3.0871,3.0901,3.0871,3.0891,13
2026-02-09 04:47:00,3.0846,3.0876,3.0846,3.0876,3.0896,3.0926,3.0896,3.0926,7
2026-02-09 04:48:00,3.0886,3.0886,3.0886,3.0886,3.0936,3.0936,3.0936,3.0936,1
2026-02-09 04:49:00,3.0881,3.0881,3.0876,3.0876,3.0931,3.0931,3.0926,3.0926,4
2026-02-09 04:50:00,3.0881,3.0886,3.0881,3.0886,3.0931,3.0936,3.0931,3.0936,2
2026-02-09 04:51:00,3.0891,3.0916,3.0891,3.0896,3.0941,3.0966,3.0941,3.0946,5
2026-02-09 04:52:00,3.0901,3.0906,3.0891,3.0901,3.0951,3.0956,3.0941,3.0951,13
2026-02-09 04:53:00,3.0896,3.0896,3.0886,3.0896,3.0946,3.0946,3.0936,3.0946,6
2026-02-09 04:54:00,3.0891,3.0891,3.0876,3.0876,3.0941,3.0941,3.0926,3.0926,3
2026-02-09 04:55:00,3.0881,3.0886,3.0876,3.0876,3.0931,3.0936,3.0926,3.0926,4
2026-02-09 04:56:00,3.0881,3.0881,3.0881,3.0881,3.0931,3.0931,3.0931,3.0931,1
2026-02-09 04:57:00,3.0876,3.0886,3.0876,3.0881,3.0926,3.0936,3.0926,3.0931,8
2026-02-09 04:58:00,3.0886,3.0886,3.0881,3.0881,3.0936,3.0936,3.0931,3.0931,2
2026-02-09 04:59:00,3.0886,3.0886,3.0866,3.0866,3.0936,3.0936,3.0916,3.0916,4
2026-02-09 05:00:00,3.0861,3.0956,3.0856,3.0951,3.0911,3.1006,3.0906,3.1001,16
2026-02-09 05:01:00,3.0956,3.0976,3.0921,3.0921,3.1006,3.1026,3.0971,3.0971,19
2026-02-09 05:02:00,3.0926,3.0926,3.0911,3.0916,3.0976,3.0976,3.0961,3.0966,4
2026-02-09 05:03:00,3.0911,3.0911,3.0886,3.0891,3.0961,3.0961,3.0936,3.0941,11
2026-02-09 05:04:00,3.0896,3.0896,3.0866,3.0871,3.0946,3.0946,3.0916,3.0921,9
2026-02-09 05:06:00,3.0861,3.0861,3.0861,3.0861,3.0911,3.0911,3.0911,3.0911,1
2026-02-09 05:07:00,3.0851,3.0851,3.0846,3.0851,3.0901,3.0901,3.0896,3.0901,3
2026-02-09 05:08:00,3.0856,3.0856,3.0841,3.0841,3.0906,3.0906,3.0891,3.0891,7
2026-02-09 05:09:00,3.0846,3.0891,3.0841,3.0876,3.0896,3.0941,3.0891,3.0926,13
2026-02-09 05:10:00,3.0861,3.0896,3.0861,3.0896,3.0911,3.0946,3.0911,3.0946,25
2026-02-09 05:11:00,3.0891,3.0896,3.0881,3.0891,3.0941,3.0946,3.0931,3.0941,7
2026-02-09 05:12:00,3.0886,3.0901,3.0886,3.0901,3.0936,3.0951,3.0936,3.0951,8
2026-02-09 05:13:00,3.0906,3.0926,3.0901,3.0926,3.0956,3.0976,3.0951,3.0976,12
2026-02-09 05:14:00,3.0931,3.0936,3.0906,3.0926,3.0981,3.0986,3.0956,3.0976,15
2026-02-09 05:15:00,3.0921,3.0921,3.0886,3.0891,3.0971,3.0971,3.0936,3.0941,7
2026-02-09 05:17:00,3.0886,3.0886,3.0871,3.0876,3.0936,3.0936,3.0921,3.0926,4
2026-02-09 05:18:00,3.0871,3.0876,3.0866,3.0866,3.0921,3.0926,3.0916,3.0916,5
2026-02-09 05:19:00,3.0851,3.0861,3.0851,3.0861,3.0901,3.0911,3.0901,3.0911,5
2026-02-09 05:20:00,3.0856,3.0861,3.0856,3.0861,3.0906,3.0911,3.0906,3.0911,6
2026-02-09 05:21:00,3.0866,3.0871,3.0861,3.0871,3.0916,3.0921,3.0911,3.0921,6
2026-02-09 05:22:00,3.0886,3.0916,3.0886,3.0896,3.0936,3.0966,3.0936,3.0946,9
2026-02-09 05:23:00,3.0891,3.0891,3.0876,3.0876,3.0941,3.0941,3.0926,3.0926,3
2026-02-09 05:24:00,3.0886,3.0891,3.0886,3.0891,3.0936,3.0941,3.0936,3.0941,2
2026-02-09 05:25:00,3.0886,3.0891,3.0876,3.0876,3.0936,3.0941,3.0926,3.0926,5
2026-02-09 05:26:00,3.0871,3.0876,3.0871,3.0871,3.0921,3.0926,3.0921,3.0921,3
2026-02-09 05:30:00,3.0876,3.0896,3.0876,3.0891,3.0926,3.0946,3.0926,3.0941,6
2026-02-09 05:31:00,3.0886,3.0896,3.0881,3.0896,3.0936,3.0946,3.0931,3.0946,5
2026-02-09 05:34:00,3.0891,3.0891,3.0861,3.0871,3.0941,3.0941,3.0911,3.0921,6
2026-02-09 05:35:00,3.0861,3.0871,3.0856,3.0856,3.0911,3.0921,3.0906,3.0906,7
2026-02-09 05:36:00,3.0851,3.0861,3.0846,3.0846,3.0901,3.0911,3.0896,3.0896,8
2026-02-09 05:37:00,3.0851,3.0851,3.0846,3.0851,3.0901,3.0901,3.0896,3.0901,9
2026-02-09 05:38:00,3.0856,3.0876,3.0856,3.0876,3.0906,3.0926,3.0906,3.0926,3
2026-02-09 05:39:00,3.0886,3.0901,3.0881,3.0881,3.0936,3.0951,3.0931,3.0931,5
2026-02-09 05:40:00,3.0891,3.0891,3.0861,3.0866,3.0941,3.0941,3.0911,3.0916,11
2026-02-09 05:41:00,3.0861,3.0886,3.0861,3.0881,3.0911,3.0936,3.0911,3.0931,10
2026-02-09 05:42:00,3.0876,3.0906,3.0876,3.0901,3.0926,3.0956,3.0926,3.0951,7
2026-02-09 05:43:00,3.0906,3.0931,3.0901,3.0931,3.0956,3.0981,3.0951,3.0981,9
2026-02-09 05:44:00,3.0926,3.0926,3.0891,3.0891,3.0976,3.0976,3.0941,3.0941,14
2026-02-09 05:45:00,3.0886,3.0901,3.0886,3.0901,3.0936,3.0951,3.0936,3.0951,4
2026-02-09 05:46:00,3.0896,3.0901,3.0896,3.0901,3.0946,3.0951,3.0946,3.0951,2
2026-02-09 05:47:00,3.0906,3.0916,3.0906,3.0916,3.0956,3.0966,3.0956,3.0966,2
2026-02-09 05:48:00,3.0911,3.0916,3.0906,3.0911,3.0961,3.0966,3.0956,3.0961,10
2026-02-09 05:49:00,3.0916,3.0926,3.0911,3.0926,3.0966,3.0976,3.0961,3.0976,6
2026-02-09 05:50:00,3.0921,3.0936,3.0921,3.0936,3.0971,3.0986,3.0971,3.0986,4
2026-02-09 05:51:00,3.0931,3.0931,3.0911,3.0911,3.0981,3.0981,3.0961,3.0961,10
2026-02-09 05:52:00,3.0916,3.0916,3.0906,3.0906,3.0966,3.0966,3.0956,3.0956,2
2026-02-09 05:53:00,3.0911,3.0916,3.0911,3.0916,3.0961,3.0966,3.0961,3.0966,2
2026-02-09 05:54:00,3.0921,3.0941,3.0916,3.0921,3.0971,3.0991,3.0966,3.0971,7
2026-02-09 05:55:00,3.0916,3.0916,3.0916,3.0916,3.0966,3.0966,3.0966,3.0966,1
2026-02-09 05:56:00,3.0911,3.0916,3.0911,3.0916,3.0961,3.0966,3.0961,3.0966,2
2026-02-09 05:57:00,3.0921,3.0921,3.0906,3.0906,3.0971,3.0971,3.0956,3.0956,3
2026-02-09 05:58:00,3.0901,3.0901,3.0901,3.0901,3.0951,3.0951,3.0951,3.0951,1
2026-02-09 05:59:00,3.0906,3.0931,3.0906,3.0921,3.0956,3.0981,3.0956,3.0971,9
2026-02-09 06:00:00,3.0906,3.0906,3.0816,3.0821,3.0956,3.0956,3.0866,3.0871,16
2026-02-09 06:01:00,3.0816,3.0866,3.0781,3.0806,3.0866,3.0916,3.0831,3.0856,29
2026-02-09 06:02:00,3.0801,3.0816,3.0801,3.0816,3.0851,3.0866,3.0851,3.0866,6
2026-02-09 06:03:00,3.0821,3.0826,3.0821,3.0826,3.0871,3.0876,3.0871,3.0876,2
2026-02-09 06:04:00,3.0821,3.0821,3.0811,3.0811,3.0871,3.0871,3.0861,3.0861,4
2026-02-09 06:05:00,3.0821,3.0846,3.0821,3.0846,3.0871,3.0896,3.0871,3.0896,5
2026-02-09 06:06:00,3.0841,3.0846,3.0811,3.0846,3.0891,3.0896,3.0861,3.0896,10
2026-02-09 06:07:00,3.0841,3.0846,3.0836,3.0836,3.0891,3.0896,3.0886,3.0886,3
2026-02-09 06:08:00,3.0846,3.0866,3.0846,3.0866,3.0896,3.0916,3.0896,3.0916,8
2026-02-09 06:09:00,3.0861,3.0866,3.0856,3.0866,3.0911,3.0916,3.0906,3.0916,6
2026-02-09 06:10:00,3.0871,3.0906,3.0871,3.0901,3.0921,3.0956,3.0921,3.0951,11
2026-02-09 06:11:00,3.0906,3.0906,3.0891,3.0891,3.0956,3.0956,3.0941,3.0941,4
2026-02-09 06:12:00,3.0881,3.0901,3.0881,3.0901,3.0931,3.0951,3.0931,3.0951,5
2026-02-09 06:13:00,3.0906,3.0906,3.0896,3.0901,3.0956,3.0956,3.0946,3.0951,3
2026-02-09 06:14:00,3.0906,3.0926,3.0906,3.0926,3.0956,3.0976,3.0956,3.0976,7
2026-02-09 06:15:00,3.0936,3.0936,3.0926,3.0931,3.0986,3.0986,3.0976,3.0981,5
2026-02-09 06:16:00,3.0926,3.0956,3.0926,3.0956,3.0976,3.1006,3.0976,3.1006,11
2026-02-09 06:17:00,3.0961,3.0966,3.0946,3.0956,3.1011,3.1016,3.0996,3.1006,6
2026-02-09 06:18:00,3.0936,3.0936,3.0916,3.0926,3.0986,3.0986,3.0966,3.0976,6
2026-02-09 06:19:00,3.0916,3.0926,3.0901,3.0926,3.0966,3.0976,3.0951,3.0976,10
2026-02-09 06:20:00,3.0921,3.0921,3.0911,3.0911,3.0971,3.0971,3.0961,3.0961,2
2026-02-09 06:21:00,3.0916,3.0916,3.0911,3.0916,3.0966,3.0966,3.0961,3.0966,3
2026-02-09 06:22:00,3.0911,3.0926,3.0911,3.0926,3.0961,3.0976,3.0961,3.0976,3
2026-02-09 06:23:00,3.0931,3.0931,3.0926,3.0926,3.0981,3.0981,3.0976,3.0976,2
2026-02-09 06:24:00,3.0931,3.0936,3.0931,3.0936,3.0981,3.0986,3.0981,3.0986,2
2026-02-09 06:25:00,3.0941,3.0946,3.0941,3.0941,3.0991,3.0996,3.0991,3.0991,3
2026-02-09 06:26:00,3.0931,3.0946,3.0906,3.0916,3.0981,3.0996,3.0956,3.0966,10
2026-02-09 06:27:00,3.0921,3.0921,3.0901,3.0901,3.0971,3.0971,3.0951,3.0951,4
2026-02-09 06:28:00,3.0896,3.0896,3.0896,3.0896,3.0946,3.0946,3.0946,3.0946,1
2026-02-09 06:29:00,3.0906,3.0906,3.0896,3.0896,3.0956,3.0956,3.0946,3.0946,2
2026-02-09 06:30:00,3.0891,3.0896,3.0891,3.0891,3.0941,3.0946,3.0941,3.0941,3
2026-02-09 06:31:00,3.0886,3.0896,3.0886,3.0891,3.0936,3.0946,3.0936,3.0941,5
2026-02-09 06:32:00,3.0896,3.0896,3.0896,3.0896,3.0946,3.0946,3.0946,3.0946,1
2026-02-09 06:33:00,3.0886,3.0886,3.0886,3.0886,3.0936,3.0936,3.0936,3.0936,1
2026-02-09 06:35:00,3.0896,3.0896,3.0886,3.0886,3.0946,3.0946,3.0936,3.0936,4
2026-02-09 06:36:00,3.0876,3.0876,3.0851,3.0856,3.0926,3.0926,3.0901,3.0906,5
2026-02-09 06:37:00,3.0846,3.0846,3.0826,3.0836,3.0896,3.0896,3.0876,3.0886,9
2026-02-09 06:38:00,3.0831,3.0831,3.0826,3.0831,3.0881,3.0881,3.0876,3.0881,3
2026-02-09 06:39:00,3.0826,3.0826,3.0811,3.0816,3.0876,3.0876,3.0861,3.0866,6
2026-02-09 06:40:00,3.0801,3.0806,3.0791,3.0806,3.0851,3.0856,3.0841,3.0856,7
2026-02-09 06:41:00,3.0801,3.0816,3.0781,3.0806,3.0851,3.0866,3.0831,3.0856,10
2026-02-09 06:42:00,3.0796,3.0806,3.0786,3.0796,3.0846,3.0856,3.0836,3.0846,5
2026-02-09 06:43:00,3.0806,3.0806,3.0791,3.0801,3.0856,3.0856,3.0841,3.0851,4
2026-02-09 06:44:00,3.0806,3.0806,3.0791,3.0796,3.0856,3.0856,3.0841,3.0846,5
2026-02-09 06:45:00,3.0791,3.0796,3.0746,3.0766,3.0841,3.0846,3.0796,3.0816,10
2026-02-09 06:47:00,3.0761,3.0786,3.0756,3.0786,3.0811,3.0836,3.0806,3.0836,15
2026-02-09 06:48:00,3.0781,3.0781,3.0756,3.0761,3.0831,3.0831,3.0806,3.0811,19
2026-02-09 06:49:00,3.0756,3.0766,3.0686,3.0746,3.0806,3.0816,3.0736,3.0796,44
2026-02-09 06:50:00,3.0741,3.0746,3.0741,3.0746,3.0791,3.0796,3.0791,3.0796,2
2026-02-09 06:51:00,3.0741,3.0771,3.0741,3.0771,3.0791,3.0821,3.0791,3.0821,7
2026-02-09 06:52:00,3.0766,3.0776,3.0761,3.0766,3.0816,3.0826,3.0811,3.0816,9
2026-02-09 06:53:00,3.0771,3.0791,3.0756,3.0771,3.0821,3.0841,3.0806,3.0821,13
2026-02-09 06:54:00,3.0766,3.0766,3.0736,3.0746,3.0816,3.0816,3.0786,3.0796,11
2026-02-09 06:55:00,3.0756,3.0766,3.0756,3.0761,3.0806,3.0816,3.0806,3.0811,6
2026-02-09 06:56:00,3.0766,3.0796,3.0766,3.0781,3.0816,3.0846,3.0816,3.0831,10
2026-02-09 06:57:00,3.0776,3.0776,3.0761,3.0766,3.0826,3.0826,3.0811,3.0816,5
2026-02-09 06:58:00,3.0776,3.0856,3.0776,3.0856,3.0826,3.0906,3.0826,3.0906,10
2026-02-09 06:59:00,3.0866,3.0871,3.0866,3.0866,3.0916,3.0921,3.0916,3.0916,3
2026-02-09 07:00:00,3.0856,3.0891,3.0836,3.0881,3.0906,3.0941,3.0886,3.0931,31
2026-02-09 07:01:00,3.0896,3.0906,3.0841,3.0856,3.0946,3.0956,3.0891,3.0906,17
2026-02-09 07:02:00,3.0851,3.0866,3.0836,3.0841,3.0901,3.0916,3.0886,3.0891,8
2026-02-09 07:03:00,3.0831,3.0836,3.0651,3.0766,3.0881,3.0886,3.0701,3.0816,30
2026-02-09 07:04:00,3.0756,3.0786,3.0746,3.0786,3.0806,3.0836,3.0796,3.0836,16
2026-02-09 07:05:00,3.0796,3.0806,3.0711,3.0736,3.0846,3.0856,3.0761,3.0786,28
2026-02-09 07:06:00,3.0741,3.0766,3.0736,3.0766,3.0791,3.0816,3.0786,3.0816,7
2026-02-09 07:07:00,3.0711,3.0756,3.0656,3.0741,3.0761,3.0806,3.0706,3.0791,21
2026-02-09 07:08:00,3.0746,3.0746,3.0731,3.0736,3.0796,3.0796,3.0781,3.0786,11
2026-02-09 07:09:00,3.0746,3.0751,3.0746,3.0751,3.0796,3.0801,3.0796,3.0801,4
2026-02-09 07:10:00,3.0736,3.0756,3.0731,3.0741,3.0786,3.0806,3.0781,3.0791,10
2026-02-09 07:11:00,3.0736,3.0756,3.0726,3.0741,3.0786,3.0806,3.0776,3.0791,10
2026-02-09 07:12:00,3.0746,3.0746,3.0736,3.0746,3.0796,3.0796,3.0786,3.0796,5
2026-02-09 07:13:00,3.0756,3.0766,3.0741,3.0756,3.0806,3.0816,3.0791,3.0806,10
2026-02-09 07:14:00,3.0751,3.0756,3.0726,3.0726,3.0801,3.0806,3.0776,3.0776,6
2026-02-09 07:15:00,3.0731,3.0746,3.0731,3.0736,3.0781,3.0796,3.0781,3.0786,7
2026-02-09 07:16:00,3.0741,3.0746,3.0741,3.0746,3.0791,3.0796,3.0791,3.0796,4
2026-02-09 07:17:00,3.0741,3.0741,3.0716,3.0731,3.0791,3.0791,3.0766,3.0781,18
2026-02-09 07:18:00,3.0736,3.0746,3.0686,3.0736,3.0786,3.0796,3.0736,3.0786,22
2026-02-09 07:19:00,3.0726,3.0741,3.0671,3.0696,3.0776,3.0791,3.0721,3.0746,20
2026-02-09 07:20:00,3.0691,3.0731,3.0691,3.0726,3.0741,3.0781,3.0741,3.0776,14
2026-02-09 07:21:00,3.0736,3.0781,3.0726,3.0741,3.0786,3.0831,3.0776,3.0791,21
2026-02-09 07:22:00,3.0736,3.0761,3.0726,3.0761,3.0786,3.0811,3.0776,3.0811,13
2026-02-09 07:23:00,3.0751,3.0751,3.0681,3.0696,3.0801,3.0801,3.0731,3.0746,31
2026-02-09 07:24:00,3.0686,3.0701,3.0666,3.0676,3.0736,3.0751,3.0716,3.0726,25
2026-02-09 07:25:00,3.0681,3.0686,3.0666,3.0681,3.0731,3.0736,3.0716,3.0731,22
2026-02-09 07:26:00,3.0686,3.0686,3.0681,3.0686,3.0736,3.0736,3.0731,3.0736,5
2026-02-09 07:27:00,3.0676,3.0686,3.0666,3.0686,3.0726,3.0736,3.0716,3.0736,7
2026-02-09 07:28:00,3.0681,3.0686,3.0681,3.0681,3.0731,3.0736,3.0731,3.0731,7
2026-02-09 07:29:00,3.0686,3.0716,3.0666,3.0711,3.0736,3.0766,3.0716,3.0761,16
2026-02-09 07:30:00,3.0706,3.0751,3.0701,3.0716,3.0756,3.0801,3.0751,3.0766,15
2026-02-09 07:31:00,3.0711,3.0736,3.0711,3.0731,3.0761,3.0786,3.0761,3.0781,9
2026-02-09 07:32:00,3.0741,3.0746,3.0691,3.0696,3.0791,3.0796,3.0741,3.0746,11
2026-02-09 07:33:00,3.0701,3.0721,3.0651,3.0716,3.0751,3.0771,3.0701,3.0766,18
2026-02-09 07:34:00,3.0701,3.0736,3.0701,3.0726,3.0751,3.0786,3.0751,3.0776,6
2026-02-09 07:35:00,3.0741,3.0741,3.0716,3.0741,3.0791,3.0791,3.0766,3.0791,7
2026-02-09 07:36:00,3.0731,3.0736,3.0726,3.0736,3.0781,3.0786,3.0776,3.0786,4
2026-02-09 07:37:00,3.0741,3.0741,3.0731,3.0736,3.0791,3.0791,3.0781,3.0786,8
2026-02-09 07:38:00,3.0731,3.0741,3.0731,3.0741,3.0781,3.0791,3.0781,3.0791,2
2026-02-09 07:39:00,3.0706,3.0726,3.0696,3.0726,3.0756,3.0776,3.0746,3.0776,6
2026-02-09 07:40:00,3.0716,3.0736,3.0716,3.0731,3.0766,3.0786,3.0766,3.0781,7
2026-02-09 07:41:00,3.0741,3.0741,3.0706,3.0716,3.0791,3.0791,3.0756,3.0766,15
2026-02-09 07:42:00,3.0721,3.0731,3.0721,3.0731,3.0771,3.0781,3.0771,3.0781,5
2026-02-09 07:43:00,3.0736,3.0741,3.0721,3.0736,3.0786,3.0791,3.0771,3.0786,7
2026-02-09 07:44:00,3.0731,3.0741,3.0731,3.0741,3.0781,3.0791,3.0781,3.0791,5
2026-02-09 07:45:00,3.0731,3.0736,3.0731,3.0731,3.0781,3.0786,3.0781,3.0781,3
2026-02-09 07:46:00,3.0741,3.0756,3.0741,3.0741,3.0791,3.0806,3.0791,3.0791,5
2026-02-09 07:47:00,3.0746,3.0746,3.0701,3.0701,3.0796,3.0796,3.0751,3.0751,10
2026-02-09 07:48:00,3.0686,3.0686,3.0626,3.0646,3.0736,3.0736,3.0676,3.0696,11
2026-02-09 07:49:00,3.0651,3.0681,3.0651,3.0681,3.0701,3.0731,3.0701,3.0731,10
2026-02-09 07:50:00,3.0676,3.0706,3.0676,3.0696,3.0726,3.0756,3.0726,3.0746,6
2026-02-09 07:51:00,3.0701,3.0706,3.0681,3.0681,3.0751,3.0756,3.0731,3.0731,7
2026-02-09 07:52:00,3.0691,3.0701,3.0661,3.0701,3.0741,3.0751,3.0711,3.0751,12
2026-02-09 07:53:00,3.0706,3.0726,3.0706,3.0721,3.0756,3.0776,3.0756,3.0771,6
2026-02-09 07:54:00,3.0716,3.0721,3.0716,3.0721,3.0766,3.0771,3.0766,3.0771,2
2026-02-09 07:56:00,3.0716,3.0721,3.0691,3.0721,3.0766,3.0771,3.0741,3.0771,6
2026-02-09 07:57:00,3.0726,3.0736,3.0721,3.0721,3.0776,3.0786,3.0771,3.0771,5
2026-02-09 07:58:00,3.0711,3.0716,3.0691,3.0691,3.0761,3.0766,3.0741,3.0741,6
2026-02-09 07:59:00,3.0681,3.0681,3.0681,3.0681,3.0731,3.0731,3.0731,3.0731,1
2026-02-09 08:00:00,3.0686,3.0711,3.0676,3.0691,3.0736,3.0761,3.0726,3.0741,13
2026-02-09 08:01:00,3.0681,3.0691,3.0676,3.0681,3.0731,3.0741,3.0726,3.0731,7
2026-02-09 08:02:00,3.0686,3.0696,3.0681,3.0691,3.0736,3.0746,3.0731,3.0741,5
2026-02-09 08:03:00,3.0696,3.0746,3.0681,3.0731,3.0746,3.0796,3.0731,3.0781,12
2026-02-09 08:04:00,3.0726,3.0726,3.0691,3.0691,3.0776,3.0776,3.0741,3.0741,6
2026-02-09 08:05:00,3.0686,3.0711,3.0681,3.0691,3.0736,3.0761,3.0731,3.0741,10
2026-02-09 08:06:00,3.0686,3.0691,3.0666,3.0681,3.0736,3.0741,3.0716,3.0731,9
2026-02-09 08:07:00,3.0676,3.0751,3.0661,3.0696,3.0726,3.0801,3.0711,3.0746,42
2026-02-09 08:08:00,3.0691,3.0691,3.0666,3.0676,3.0741,3.0741,3.0716,3.0726,9
2026-02-09 08:09:00,3.0666,3.0666,3.0626,3.0661,3.0716,3.0716,3.0676,3.0711,13
2026-02-09 08:10:00,3.0656,3.0676,3.0656,3.0671,3.0706,3.0726,3.0706,3.0721,5
2026-02-09 08:11:00,3.0666,3.0786,3.0666,3.0786,3.0716,3.0836,3.0716,3.0836,23
2026-02-09 08:12:00,3.0781,3.0781,3.0711,3.0721,3.0831,3.0831,3.0761,3.0771,18
2026-02-09 08:13:00,3.0716,3.0726,3.0676,3.0686,3.0766,3.0776,3.0726,3.0736,16
2026-02-09 08:14:00,3.0696,3.0706,3.0676,3.0706,3.0746,3.0756,3.0726,3.0756,11
2026-02-09 08:15:00,3.0726,3.0736,3.0706,3.0716,3.0776,3.0786,3.0756,3.0766,11
2026-02-09 08:16:00,3.0726,3.0726,3.0716,3.0716,3.0776,3.0776,3.0766,3.0766,6
2026-02-09 08:17:00,3.0711,3.0716,3.0701,3.0716,3.0761,3.0766,3.0751,3.0766,5
2026-02-09 08:18:00,3.0721,3.0721,3.0636,3.0656,3.0771,3.0771,3.0686,3.0706,22
2026-02-09 08:19:00,3.0651,3.0696,3.0651,3.0671,3.0701,3.0746,3.0701,3.0721,26
2026-02-09 08:20:00,3.0666,3.0676,3.0661,3.0671,3.0716,3.0726,3.0711,3.0721,8
2026-02-09 08:21:00,3.0676,3.0686,3.0676,3.0686,3.0726,3.0736,3.0726,3.0736,4
2026-02-09 08:22:00,3.0691,3.0696,3.0656,3.0661,3.0741,3.0746,3.0706,3.0711,13
2026-02-09 08:23:00,3.0666,3.0676,3.0651,3.0671,3.0716,3.0726,3.0701,3.0721,7
2026-02-09 08:24:00,3.0666,3.0671,3.0596,3.0631,3.0716,3.0721,3.0646,3.0681,34
2026-02-09 08:25:00,3.0626,3.0646,3.0626,3.0636,3.0676,3.0696,3.0676,3.0686,6
2026-02-09 08:26:00,3.0646,3.0666,3.0646,3.0651,3.0696,3.0716,3.0696,3.0701,9
2026-02-09 08:27:00,3.0656,3.0666,3.0651,3.0666,3.0706,3.0716,3.0701,3.0716,7
2026-02-09 08:28:00,3.0661,3.0661,3.0646,3.0646,3.0711,3.0711,3.0696,3.0696,4
2026-02-09 08:29:00,3.0641,3.0676,3.0636,3.0671,3.0691,3.0726,3.0686,3.0721,14
2026-02-09 08:30:00,3.0666,3.0671,3.0656,3.0661,3.0716,3.0721,3.0706,3.0711,10
2026-02-09 08:31:00,3.0666,3.0666,3.0636,3.0656,3.0716,3.0716,3.0686,3.0706,11
2026-02-09 08:32:00,3.0666,3.0666,3.0616,3.0626,3.0716,3.0716,3.0666,3.0676,16
2026-02-09 08:33:00,3.0621,3.0656,3.0616,3.0656,3.0671,3.0706,3.0666,3.0706,15
2026-02-09 08:34:00,3.0666,3.0676,3.0636,3.0666,3.0716,3.0726,3.0686,3.0716,15
2026-02-09 08:35:00,3.0661,3.0696,3.0636,3.0696,3.0711,3.0746,3.0686,3.0746,20
2026-02-09 08:36:00,3.0691,3.0696,3.0671,3.0676,3.0741,3.0746,3.0721,3.0726,12
2026-02-09 08:37:00,3.0671,3.0676,3.0651,3.0666,3.0721,3.0726,3.0701,3.0716,12
2026-02-09 08:38:00,3.0676,3.0681,3.0676,3.0676,3.0726,3.0731,3.0726,3.0726,3
2026-02-09 08:39:00,3.0686,3.0716,3.0686,3.0716,3.0736,3.0766,3.0736,3.0766,6
2026-02-09 08:40:00,3.0711,3.0726,3.0706,3.0711,3.0761,3.0776,3.0756,3.0761,15
2026-02-09 08:41:00,3.0706,3.0736,3.0706,3.0726,3.0756,3.0786,3.0756,3.0776,13
2026-02-09 08:42:00,3.0711,3.0716,3.0696,3.0701,3.0761,3.0766,3.0746,3.0751,9
2026-02-09 08:43:00,3.0711,3.0716,3.0706,3.0716,3.0761,3.0766,3.0756,3.0766,5
2026-02-09 08:44:00,3.0711,3.0716,3.0706,3.0711,3.0761,3.0766,3.0756,3.0761,5
2026-02-09 08:45:00,3.0731,3.0741,3.0711,3.0716,3.0781,3.0791,3.0761,3.0766,15
2026-02-09 08:46:00,3.0711,3.0711,3.0681,3.0686,3.0761,3.0761,3.0731,3.0736,11
2026-02-09 08:47:00,3.0681,3.0696,3.0681,3.0696,3.0731,3.0746,3.0731,3.0746,4
2026-02-09 08:49:00,3.0691,3.0711,3.0676,3.0711,3.0741,3.0761,3.0726,3.0761,9
2026-02-09 08:50:00,3.0701,3.0701,3.0691,3.0691,3.0751,3.0751,3.0741,3.0741,5
2026-02-09 08:51:00,3.0696,3.0696,3.0696,3.0696,3.0746,3.0746,3.0746,3.0746,1
2026-02-09 08:52:00,3.0691,3.0706,3.0666,3.0691,3.0741,3.0756,3.0716,3.0741,13
2026-02-09 08:53:00,3.0696,3.0716,3.0696,3.0716,3.0746,3.0766,3.0746,3.0766,5
2026-02-09 08:54:00,3.0711,3.0711,3.0686,3.0701,3.0761,3.0761,3.0736,3.0751,8
2026-02-09 08:55:00,3.0696,3.0721,3.0696,3.0711,3.0746,3.0771,3.0746,3.0761,10
2026-02-09 08:56:00,3.0706,3.0711,3.0701,3.0711,3.0756,3.0761,3.0751,3.0761,3
2026-02-09 08:57:00,3.0716,3.0716,3.0676,3.0686,3.0766,3.0766,3.0726,3.0736,14
2026-02-09 08:58:00,3.0691,3.0706,3.0686,3.0706,3.0741,3.0756,3.0736,3.0756,5
2026-02-09 08:59:00,3.0696,3.0706,3.0691,3.0696,3.0746,3.0756,3.0741,3.0746,7
2026-02-09 09:00:00,3.0701,3.0716,3.0701,3.0716,3.0751,3.0766,3.0751,3.0766,15
2026-02-09 09:01:00,3.0711,3.0716,3.0686,3.0696,3.0761,3.0766,3.0736,3.0746,14
2026-02-09 09:02:00,3.0691,3.0696,3.0681,3.0686,3.0741,3.0746,3.0731,3.0736,15
2026-02-09 09:03:00,3.0681,3.0681,3.0666,3.0666,3.0731,3.0731,3.0716,3.0716,8
2026-02-09 09:04:00,3.0671,3.0716,3.0666,3.0716,3.0721,3.0766,3.0716,3.0766,20
2026-02-09 09:05:00,3.0711,3.0731,3.0711,3.0731,3.0761,3.0781,3.0761,3.0781,6
2026-02-09 09:06:00,3.0726,3.0736,3.0701,3.0706,3.0776,3.0786,3.0751,3.0756,18
2026-02-09 09:07:00,3.0701,3.0726,3.0686,3.0726,3.0751,3.0776,3.0736,3.0776,9
2026-02-09 09:08:00,3.0736,3.0776,3.0716,3.0756,3.0786,3.0826,3.0766,3.0806,34
2026-02-09 09:09:00,3.0751,3.0751,3.0726,3.0736,3.0801,3.0801,3.0776,3.0786,9
2026-02-09 09:10:00,3.0731,3.0731,3.0666,3.0666,3.0781,3.0781,3.0716,3.0716,21
2026-02-09 09:11:00,3.0676,3.0676,3.0661,3.0661,3.0726,3.0726,3.0711,3.0711,6
2026-02-09 09:12:00,3.0666,3.0666,3.0661,3.0666,3.0716,3.0716,3.0711,3.0716,7
2026-02-09 09:13:00,3.0671,3.0691,3.0666,3.0681,3.0721,3.0741,3.0716,3.0731,9
2026-02-09 09:14:00,3.0676,3.0721,3.0676,3.0711,3.0726,3.0771,3.0726,3.0761,19
2026-02-09 09:15:00,3.0706,3.0736,3.0706,3.0721,3.0756,3.0786,3.0756,3.0771,7
2026-02-09 09:16:00,3.0716,3.0721,3.0701,3.0721,3.0766,3.0771,3.0751,3.0771,14
2026-02-09 09:17:00,3.0726,3.0756,3.0716,3.0731,3.0776,3.0806,3.0766,3.0781,26
2026-02-09 09:18:00,3.0726,3.0726,3.0721,3.0721,3.0776,3.0776,3.0771,3.0771,2
2026-02-09 09:19:00,3.0726,3.0726,3.0686,3.0701,3.0776,3.0776,3.0736,3.0751,17
2026-02-09 09:20:00,3.0696,3.0726,3.0696,3.0726,3.0746,3.0776,3.0746,3.0776,11
2026-02-09 09:21:00,3.0721,3.0766,3.0721,3.0766,3.0771,3.0816,3.0771,3.0816,13
2026-02-09 09:22:00,3.0761,3.0761,3.0726,3.0741,3.0811,3.0811,3.0776,3.0791,12
2026-02-09 09:23:00,3.0736,3.0741,3.0726,3.0726,3.0786,3.0791,3.0776,3.0776,11
2026-02-09 09:24:00,3.0731,3.0766,3.0716,3.0766,3.0781,3.0816,3.0766,3.0816,16
2026-02-09 09:25:00,3.0761,3.0776,3.0736,3.0746,3.0811,3.0826,3.0786,3.0796,13
2026-02-09 09:26:00,3.0751,3.0751,3.0716,3.0726,3.0801,3.0801,3.0766,3.0776,10
2026-02-09 09:27:00,3.0721,3.0741,3.0716,3.0741,3.0771,3.0791,3.0766,3.0791,5
2026-02-09 09:28:00,3.0751,3.0766,3.0746,3.0751,3.0801,3.0816,3.0796,3.0801,7
2026-02-09 09:29:00,3.0746,3.0766,3.0741,3.0761,3.0796,3.0816,3.0791,3.0811,9
2026-02-09 09:30:00,3.0756,3.0786,3.0746,3.0766,3.0806,3.0836,3.0796,3.0816,18
2026-02-09 09:31:00,3.0761,3.0776,3.0751,3.0766,3.0811,3.0826,3.0801,3.0816,10
2026-02-09 09:32:00,3.0761,3.0776,3.0746,3.0776,3.0811,3.0826,3.0796,3.0826,13
2026-02-09 09:33:00,3.0771,3.0796,3.0771,3.0776,3.0821,3.0846,3.0821,3.0826,9
2026-02-09 09:34:00,3.0781,3.0786,3.0771,3.0776,3.0831,3.0836,3.0821,3.0826,12
2026-02-09 09:35:00,3.0786,3.0806,3.0776,3.0781,3.0836,3.0856,3.0826,3.0831,13
2026-02-09 09:36:00,3.0776,3.0776,3.0751,3.0771,3.0826,3.0826,3.0801,3.0821,15
2026-02-09 09:37:00,3.0776,3.0811,3.0761,3.0796,3.0826,3.0861,3.0811,3.0846,17
2026-02-09 09:38:00,3.0801,3.0806,3.0791,3.0801,3.0851,3.0856,3.0841,3.0851,10
2026-02-09 09:39:00,3.0796,3.0851,3.0786,3.0851,3.0846,3.0901,3.0836,3.0901,14
2026-02-09 09:40:00,3.0856,3.0856,3.0826,3.0846,3.0906,3.0906,3.0876,3.0896,14
2026-02-09 09:41:00,3.0841,3.0856,3.0841,3.0841,3.0891,3.0906,3.0891,3.0891,9
2026-02-09 09:42:00,3.0846,3.0846,3.0836,3.0846,3.0896,3.0896,3.0886,3.0896,5
2026-02-09 09:43:00,3.0841,3.0846,3.0826,3.0836,3.0891,3.0896,3.0876,3.0886,8
2026-02-09 09:44:00,3.0846,3.0851,3.0826,3.0831,3.0896,3.0901,3.0876,3.0881,9
2026-02-09 09:45:00,3.0836,3.0846,3.0806,3.0811,3.0886,3.0896,3.0856,3.0861,16
2026-02-09 09:46:00,3.0806,3.0816,3.0806,3.0816,3.0856,3.0866,3.0856,3.0866,3
2026-02-09 09:47:00,3.0821,3.0831,3.0811,3.0831,3.0871,3.0881,3.0861,3.0881,6
2026-02-09 09:48:00,3.0826,3.0846,3.0826,3.0846,3.0876,3.0896,3.0876,3.0896,4
2026-02-09 09:49:00,3.0856,3.0856,3.0846,3.0846,3.0906,3.0906,3.0896,3.0896,3
2026-02-09 09:50:00,3.0851,3.0851,3.0836,3.0841,3.0901,3.0901,3.0886,3.0891,6
2026-02-09 09:51:00,3.0846,3.0846,3.0846,3.0846,3.0896,3.0896,3.0896,3.0896,1
2026-02-09 09:52:00,3.0856,3.0856,3.0841,3.0846,3.0906,3.0906,3.0891,3.0896,13
2026-02-09 09:53:00,3.0836,3.0851,3.0831,3.0851,3.0886,3.0901,3.0881,3.0901,5
2026-02-09 09:54:00,3.0846,3.0846,3.0841,3.0841,3.0896,3.0896,3.0891,3.0891,6
2026-02-09 09:55:00,3.0836,3.0856,3.0836,3.0851,3.0886,3.0906,3.0886,3.0901,7
2026-02-09 09:56:00,3.0846,3.0846,3.0801,3.0806,3.0896,3.0896,3.0851,3.0856,11
2026-02-09 09:57:00,3.0816,3.0826,3.0816,3.0821,3.0866,3.0876,3.0866,3.0871,6
2026-02-09 09:58:00,3.0816,3.0836,3.0816,3.0821,3.0866,3.0886,3.0866,3.0871,8
2026-02-09 09:59:00,3.0826,3.0856,3.0816,3.0816,3.0876,3.0906,3.0866,3.0866,11
2026-02-09 10:00:00,3.0821,3.0831,3.0736,3.0776,3.0871,3.0881,3.0786,3.0826,27
2026-02-09 10:01:00,3.0781,3.0781,3.0766,3.0771,3.0831,3.0831,3.0816,3.0821,9
2026-02-09 10:02:00,3.0766,3.0776,3.0751,3.0766,3.0816,3.0826,3.0801,3.0816,10
2026-02-09 10:03:00,3.0771,3.0796,3.0771,3.0796,3.0821,3.0846,3.0821,3.0846,8
2026-02-09 10:04:00,3.0806,3.0806,3.0781,3.0786,3.0856,3.0856,3.0831,3.0836,6
2026-02-09 10:05:00,3.0791,3.0796,3.0766,3.0776,3.0841,3.0846,3.0816,3.0826,8
2026-02-09 10:06:00,3.0771,3.0771,3.0756,3.0756,3.0821,3.0821,3.0806,3.0806,3
2026-02-09 10:07:00,3.0766,3.0766,3.0756,3.0761,3.0816,3.0816,3.0806,3.0811,5
2026-02-09 10:09:00,3.0756,3.0761,3.0731,3.0736,3.0806,3.0811,3.0781,3.0786,10
2026-02-09 10:10:00,3.0746,3.0746,3.0736,3.0736,3.0796,3.0796,3.0786,3.0786,2
2026-02-09 10:11:00,3.0746,3.0746,3.0711,3.0716,3.0796,3.0796,3.0761,3.0766,13
2026-02-09 10:12:00,3.0711,3.0736,3.0706,3.0736,3.0761,3.0786,3.0756,3.0786,10
2026-02-09 10:13:00,3.0726,3.0746,3.0681,3.0686,3.0776,3.0796,3.0731,3.0736,19
2026-02-09 10:14:00,3.0691,3.0706,3.0656,3.0676,3.0741,3.0756,3.0706,3.0726,17
2026-02-09 10:15:00,3.0681,3.0721,3.0676,3.0721,3.0731,3.0771,3.0726,3.0771,11
2026-02-09 10:16:00,3.0716,3.0716,3.0696,3.0696,3.0766,3.0766,3.0746,3.0746,7
2026-02-09 10:17:00,3.0686,3.0706,3.0656,3.0666,3.0736,3.0756,3.0706,3.0716,16
2026-02-09 10:18:00,3.0656,3.0661,3.0646,3.0656,3.0706,3.0711,3.0696,3.0706,9
2026-02-09 10:19:00,3.0646,3.0661,3.0646,3.0656,3.0696,3.0711,3.0696,3.0706,6
2026-02-09 10:20:00,3.0651,3.0651,3.0636,3.0636,3.0701,3.0701,3.0686,3.0686,9
2026-02-09 10:21:00,3.0641,3.0651,3.0636,3.0641,3.0691,3.0701,3.0686,3.0691,9
2026-02-09 10:22:00,3.0631,3.0636,3.0556,3.0581,3.0681,3.0686,3.0606,3.0631,30
2026-02-09 10:23:00,3.0596,3.0681,3.0596,3.0681,3.0646,3.0731,3.0646,3.0731,17
2026-02-09 10:24:00,3.0676,3.0696,3.0661,3.0696,3.0726,3.0746,3.0711,3.0746,10
2026-02-09 10:25:00,3.0706,3.0716,3.0691,3.0691,3.0756,3.0766,3.0741,3.0741,6
2026-02-09 10:26:00,3.0701,3.0766,3.0701,3.0756,3.0751,3.0816,3.0751,3.0806,17
2026-02-09 10:27:00,3.0751,3.0766,3.0741,3.0746,3.0801,3.0816,3.0791,3.0796,13
2026-02-09 10:28:00,3.0741,3.0751,3.0736,3.0751,3.0791,3.0801,3.0786,3.0801,5
2026-02-09 10:29:00,3.0746,3.0746,3.0716,3.0741,3.0796,3.0796,3.0766,3.0791,10
2026-02-09 10:30:00,3.0736,3.0736,3.0706,3.0711,3.0786,3.0786,3.0756,3.0761,6
2026-02-09 10:31:00,3.0726,3.0726,3.0726,3.0726,3.0776,3.0776,3.0776,3.0776,1
2026-02-09 10:32:00,3.0731,3.0736,3.0731,3.0731,3.0781,3.0786,3.0781,3.0781,3
2026-02-09 10:33:00,3.0741,3.0751,3.0741,3.0751,3.0791,3.0801,3.0791,3.0801,3
2026-02-09 10:34:00,3.0756,3.0806,3.0756,3.0791,3.0806,3.0856,3.0806,3.0841,16
2026-02-09 10:35:00,3.0781,3.0831,3.0761,3.0831,3.0831,3.0881,3.0811,3.0881,23
2026-02-09 10:36:00,3.0826,3.0836,3.0821,3.0836,3.0876,3.0886,3.0871,3.0886,11
2026-02-09 10:37:00,3.0841,3.0856,3.0836,3.0841,3.0891,3.0906,3.0886,3.0891,11
2026-02-09 10:38:00,3.0836,3.0836,3.0831,3.0831,3.0886,3.0886,3.0881,3.0881,2
2026-02-09 10:39:00,3.0841,3.0841,3.0836,3.0841,3.0891,3.0891,3.0886,3.0891,3
2026-02-09 10:41:00,3.0836,3.0846,3.0836,3.0841,3.0886,3.0896,3.0886,3.0891,3
2026-02-09 10:42:00,3.0846,3.0866,3.0846,3.0856,3.0896,3.0916,3.0896,3.0906,4
2026-02-09 10:43:00,3.0851,3.0851,3.0836,3.0836,3.0901,3.0901,3.0886,3.0886,6
2026-02-09 10:44:00,3.0841,3.0861,3.0836,3.0856,3.0891,3.0911,3.0886,3.0906,7
2026-02-09 10:45:00,3.0851,3.0856,3.0841,3.0856,3.0901,3.0906,3.0891,3.0906,6
2026-02-09 10:46:00,3.0846,3.0851,3.0841,3.0846,3.0896,3.0901,3.0891,3.0896,5
2026-02-09 10:47:00,3.0841,3.0841,3.0841,3.0841,3.0891,3.0891,3.0891,3.0891,1
2026-02-09 10:48:00,3.0836,3.0836,3.0836,3.0836,3.0886,3.0886,3.0886,3.0886,1
2026-02-09 10:49:00,3.0841,3.0856,3.0826,3.0826,3.0891,3.0906,3.0876,3.0876,10
2026-02-09 10:50:00,3.0831,3.0856,3.0821,3.0826,3.0881,3.0906,3.0871,3.0876,12
2026-02-09 10:51:00,3.0831,3.0836,3.0781,3.0786,3.0881,3.0886,3.0831,3.0836,16
2026-02-09 10:52:00,3.0781,3.0781,3.0766,3.0771,3.0831,3.0831,3.0816,3.0821,4
2026-02-09 10:53:00,3.0776,3.0776,3.0761,3.0761,3.0826,3.0826,3.0811,3.0811,3
2026-02-09 10:54:00,3.0756,3.0776,3.0756,3.0776,3.0806,3.0826,3.0806,3.0826,3
2026-02-09 10:55:00,3.0766,3.0776,3.0756,3.0776,3.0816,3.0826,3.0806,3.0826,5
2026-02-09 10:56:00,3.0766,3.0776,3.0761,3.0776,3.0816,3.0826,3.0811,3.0826,9
2026-02-09 10:57:00,3.0771,3.0796,3.0771,3.0781,3.0821,3.0846,3.0821,3.0831,5
2026-02-09 10:58:00,3.0786,3.0811,3.0786,3.0786,3.0836,3.0861,3.0836,3.0836,9
2026-02-09 10:59:00,3.0791,3.0801,3.0786,3.0786,3.0841,3.0851,3.0836,3.0836,11
2026-02-09 11:00:00,3.0781,3.0781,3.0691,3.0706,3.0831,3.0831,3.0741,3.0756,21
2026-02-09 11:01:00,3.0711,3.0746,3.0711,3.0721,3.0761,3.0796,3.0761,3.0771,14
2026-02-09 11:02:00,3.0726,3.0756,3.0726,3.0756,3.0776,3.0806,3.0776,3.0806,9
2026-02-09 11:03:00,3.0766,3.0766,3.0766,3.0766,3.0816,3.0816,3.0816,3.0816,1
2026-02-09 11:04:00,3.0776,3.0776,3.0736,3.0756,3.0826,3.0826,3.0786,3.0806,11
2026-02-09 11:05:00,3.0751,3.0756,3.0696,3.0701,3.0801,3.0806,3.0746,3.0751,13
2026-02-09 11:06:00,3.0696,3.0696,3.0676,3.0696,3.0746,3.0746,3.0726,3.0746,10
2026-02-09 11:07:00,3.0701,3.0706,3.0701,3.0706,3.0751,3.0756,3.0751,3.0756,2
2026-02-09 11:08:00,3.0701,3.0701,3.0686,3.0686,3.0751,3.0751,3.0736,3.0736,7
2026-02-09 11:09:00,3.0681,3.0681,3.0666,3.0666,3.0731,3.0731,3.0716,3.0716,5
2026-02-09 11:10:00,3.0656,3.0656,3.0626,3.0636,3.0706,3.0706,3.0676,3.0686,17
2026-02-09 11:11:00,3.0626,3.0626,3.0616,3.0616,3.0676,3.0676,3.0666,3.0666,2
2026-02-09 11:12:00,3.0611,3.0616,3.0551,3.0556,3.0661,3.0666,3.0601,3.0606,27
2026-02-09 11:13:00,3.0551,3.0566,3.0516,3.0516,3.0601,3.0616,3.0566,3.0566,25
2026-02-09 11:14:00,3.0511,3.0526,3.0501,3.0506,3.0561,3.0576,3.0551,3.0556,13
2026-02-09 11:15:00,3.0496,3.0516,3.0446,3.0461,3.0546,3.0566,3.0496,3.0511,43
2026-02-09 11:16:00,3.0466,3.0471,3.0406,3.0411,3.0516,3.0521,3.0456,3.0461,31
2026-02-09 11:17:00,3.0406,3.0436,3.0401,3.0426,3.0456,3.0486,3.0451,3.0476,14
2026-02-09 11:18:00,3.0431,3.0546,3.0431,3.0526,3.0481,3.0596,3.0481,3.0576,21
2026-02-09 11:19:00,3.0516,3.0516,3.0466,3.0476,3.0566,3.0566,3.0516,3.0526,24
2026-02-09 11:20:00,3.0471,3.0506,3.0471,3.0506,3.0521,3.0556,3.0521,3.0556,6
2026-02-09 11:21:00,3.0496,3.0556,3.0496,3.0506,3.0546,3.0606,3.0546,3.0556,22
2026-02-09 11:22:00,3.0516,3.0516,3.0501,3.0506,3.0566,3.0566,3.0551,3.0556,14
2026-02-09 11:23:00,3.0501,3.0541,3.0501,3.0531,3.0551,3.0591,3.0551,3.0581,11
2026-02-09 11:24:00,3.0526,3.0561,3.0516,3.0541,3.0576,3.0611,3.0566,3.0591,13
2026-02-09 11:25:00,3.0546,3.0576,3.0536,3.0566,3.0596,3.0626,3.0586,3.0616,10
2026-02-09 11:26:00,3.0556,3.0601,3.0551,3.0566,3.0606,3.0651,3.0601,3.0616,17
2026-02-09 11:27:00,3.0581,3.0641,3.0576,3.0631,3.0631,3.0691,3.0626,3.0681,21
2026-02-09 11:28:00,3.0626,3.0661,3.0626,3.0641,3.0676,3.0711,3.0676,3.0691,15
2026-02-09 11:29:00,3.0646,3.0671,3.0636,3.0641,3.0696,3.0721,3.0686,3.0691,14
2026-02-09 11:30:00,3.0636,3.0656,3.0636,3.0656,3.0686,3.0706,3.0686,3.0706,7
2026-02-09 11:31:00,3.0651,3.0666,3.0606,3.0621,3.0701,3.0716,3.0656,3.0671,24
2026-02-09 11:32:00,3.0606,3.0606,3.0546,3.0571,3.0656,3.0656,3.0596,3.0621,19
2026-02-09 11:33:00,3.0576,3.0576,3.0576,3.0576,3.0626,3.0626,3.0626,3.0626,1
2026-02-09 11:34:00,3.0571,3.0606,3.0566,3.0581,3.0621,3.0656,3.0616,3.0631,16
2026-02-09 11:35:00,3.0586,3.0586,3.0536,3.0541,3.0636,3.0636,3.0586,3.0591,11
2026-02-09 11:36:00,3.0551,3.0576,3.0541,3.0556,3.0601,3.0626,3.0591,3.0606,20
2026-02-09 11:37:00,3.0546,3.0556,3.0496,3.0501,3.0596,3.0606,3.0546,3.0551,13
2026-02-09 11:38:00,3.0496,3.0496,3.0476,3.0491,3.0546,3.0546,3.0526,3.0541,5
2026-02-09 11:39:00,3.0496,3.0516,3.0476,3.0511,3.0546,3.0566,3.0526,3.0561,17
2026-02-09 11:40:00,3.0506,3.0506,3.0501,3.0501,3.0556,3.0556,3.0551,3.0551,6
2026-02-09 11:41:00,3.0506,3.0511,3.0491,3.0496,3.0556,3.0561,3.0541,3.0546,6
2026-02-09 11:43:00,3.0491,3.0526,3.0491,3.0526,3.0541,3.0576,3.0541,3.0576,6
2026-02-09 11:44:00,3.0516,3.0536,3.0516,3.0526,3.0566,3.0586,3.0566,3.0576,11
2026-02-09 11:45:00,3.0531,3.0566,3.0531,3.0566,3.0581,3.0616,3.0581,3.0616,10
2026-02-09 11:46:00,3.0561,3.0586,3.0561,3.0586,3.0611,3.0636,3.0611,3.0636,11
2026-02-09 11:47:00,3.0581,3.0581,3.0561,3.0566,3.0631,3.0631,3.0611,3.0616,7
2026-02-09 11:48:00,3.0556,3.0561,3.0546,3.0561,3.0606,3.0611,3.0596,3.0611,4
2026-02-09 11:49:00,3.0556,3.0556,3.0521,3.0536,3.0606,3.0606,3.0571,3.0586,9
2026-02-09 11:50:00,3.0526,3.0526,3.0501,3.0506,3.0576,3.0576,3.0551,3.0556,8
2026-02-09 11:51:00,3.0511,3.0536,3.0511,3.0536,3.0561,3.0586,3.0561,3.0586,4
2026-02-09 11:52:00,3.0526,3.0526,3.0506,3.0521,3.0576,3.0576,3.0556,3.0571,8
2026-02-09 11:53:00,3.0516,3.0516,3.0486,3.0486,3.0566,3.0566,3.0536,3.0536,9
2026-02-09 11:54:00,3.0476,3.0501,3.0476,3.0491,3.0526,3.0551,3.0526,3.0541,9
2026-02-09 11:55:00,3.0496,3.0511,3.0486,3.0511,3.0546,3.0561,3.0536,3.0561,7
2026-02-09 11:56:00,3.0506,3.0531,3.0506,3.0526,3.0556,3.0581,3.0556,3.0576,9
2026-02-09 11:57:00,3.0531,3.0531,3.0526,3.0526,3.0581,3.0581,3.0576,3.0576,2
2026-02-09 11:58:00,3.0536,3.0536,3.0511,3.0536,3.0586,3.0586,3.0561,3.0586,7
2026-02-09 11:59:00,3.0526,3.0566,3.0516,3.0551,3.0576,3.0616,3.0566,3.0601,15
2026-02-09 12:00:00,3.0546,3.0546,3.0456,3.0466,3.0596,3.0596,3.0506,3.0516,27
2026-02-09 12:01:00,3.0456,3.0466,3.0436,3.0466,3.0506,3.0516,3.0486,3.0516,10
2026-02-09 12:02:00,3.0471,3.0476,3.0461,3.0466,3.0521,3.0526,3.0511,3.0516,4
2026-02-09 12:03:00,3.0471,3.0476,3.0421,3.0446,3.0521,3.0526,3.0471,3.0496,21
2026-02-09 12:04:00,3.0441,3.0466,3.0436,3.0451,3.0491,3.0516,3.0486,3.0501,13
2026-02-09 12:05:00,3.0456,3.0456,3.0421,3.0446,3.0506,3.0506,3.0471,3.0496,15
2026-02-09 12:06:00,3.0451,3.0451,3.0396,3.0416,3.0501,3.0501,3.0446,3.0466,19
2026-02-09 12:07:00,3.0411,3.0421,3.0406,3.0416,3.0461,3.0471,3.0456,3.0466,10
2026-02-09 12:08:00,3.0421,3.0441,3.0416,3.0416,3.0471,3.0491,3.0466,3.0466,9
2026-02-09 12:09:00,3.0421,3.0441,3.0421,3.0436,3.0471,3.0491,3.0471,3.0486,9
2026-02-09 12:10:00,3.0426,3.0446,3.0426,3.0446,3.0476,3.0496,3.0476,3.0496,6
2026-02-09 12:11:00,3.0441,3.0546,3.0441,3.0536,3.0491,3.0596,3.0491,3.0586,27
2026-02-09 12:12:00,3.0526,3.0526,3.0516,3.0526,3.0576,3.0576,3.0566,3.0576,3
2026-02-09 12:13:00,3.0521,3.0566,3.0486,3.0491,3.0571,3.0616,3.0536,3.0541,24
2026-02-09 12:14:00,3.0496,3.0521,3.0491,3.0506,3.0546,3.0571,3.0541,3.0556,14
2026-02-09 12:15:00,3.0501,3.0551,3.0491,3.0551,3.0551,3.0601,3.0541,3.0601,18
2026-02-09 12:16:00,3.0541,3.0601,3.0536,3.0596,3.0591,3.0651,3.0586,3.0646,29
2026-02-09 12:17:00,3.0586,3.0616,3.0526,3.0556,3.0636,3.0666,3.0576,3.0606,33
2026-02-09 12:18:00,3.0551,3.0596,3.0546,3.0596,3.0601,3.0646,3.0596,3.0646,18
2026-02-09 12:19:00,3.0591,3.0596,3.0581,3.0581,3.0641,3.0646,3.0631,3.0631,6
2026-02-09 12:20:00,3.0586,3.0586,3.0571,3.0571,3.0636,3.0636,3.0621,3.0621,6
2026-02-09 12:21:00,3.0576,3.0616,3.0576,3.0591,3.0626,3.0666,3.0626,3.0641,14
2026-02-09 12:22:00,3.0586,3.0586,3.0556,3.0556,3.0636,3.0636,3.0606,3.0606,8
2026-02-09 12:23:00,3.0566,3.0576,3.0556,3.0556,3.0616,3.0626,3.0606,3.0606,5
2026-02-09 12:24:00,3.0546,3.0561,3.0536,3.0536,3.0596,3.0611,3.0586,3.0586,7
2026-02-09 12:25:00,3.0541,3.0556,3.0531,3.0536,3.0591,3.0606,3.0581,3.0586,7
2026-02-09 12:26:00,3.0546,3.0556,3.0511,3.0526,3.0596,3.0606,3.0561,3.0576,12
2026-02-09 12:27:00,3.0536,3.0536,3.0521,3.0521,3.0586,3.0586,3.0571,3.0571,4
2026-02-09 12:28:00,3.0516,3.0556,3.0516,3.0546,3.0566,3.0606,3.0566,3.0596,10
2026-02-09 12:29:00,3.0551,3.0576,3.0546,3.0571,3.0601,3.0626,3.0596,3.0621,11
2026-02-09 12:30:00,3.0566,3.0576,3.0556,3.0576,3.0616,3.0626,3.0606,3.0626,9
2026-02-09 12:31:00,3.0571,3.0696,3.0571,3.0681,3.0621,3.0746,3.0621,3.0731,25
2026-02-09 12:32:00,3.0666,3.0686,3.0666,3.0676,3.0716,3.0736,3.0716,3.0726,11
2026-02-09 12:33:00,3.0671,3.0756,3.0671,3.0741,3.0721,3.0806,3.0721,3.0791,19
2026-02-09 12:34:00,3.0736,3.0736,3.0696,3.0721,3.0786,3.0786,3.0746,3.0771,12
2026-02-09 12:35:00,3.0726,3.0756,3.0696,3.0706,3.0776,3.0806,3.0746,3.0756,21
2026-02-09 12:36:00,3.0701,3.0711,3.0686,3.0701,3.0751,3.0761,3.0736,3.0751,9
2026-02-09 12:37:00,3.0696,3.0701,3.0696,3.0701,3.0746,3.0751,3.0746,3.0751,2
2026-02-09 12:38:00,3.0696,3.0696,3.0626,3.0661,3.0746,3.0746,3.0676,3.0711,24
2026-02-09 12:39:00,3.0651,3.0666,3.0636,3.0641,3.0701,3.0716,3.0686,3.0691,11
2026-02-09 12:40:00,3.0646,3.0666,3.0641,3.0656,3.0696,3.0716,3.0691,3.0706,11
2026-02-09 12:41:00,3.0651,3.0666,3.0616,3.0651,3.0701,3.0716,3.0666,3.0701,21
2026-02-09 12:42:00,3.0646,3.0726,3.0646,3.0721,3.0696,3.0776,3.0696,3.0771,17
2026-02-09 12:43:00,3.0726,3.0756,3.0726,3.0756,3.0776,3.0806,3.0776,3.0806,10
2026-02-09 12:44:00,3.0761,3.0786,3.0701,3.0701,3.0811,3.0836,3.0751,3.0751,23
2026-02-09 12:45:00,3.0706,3.0786,3.0706,3.0756,3.0756,3.0836,3.0756,3.0806,18
2026-02-09 12:46:00,3.0761,3.0831,3.0756,3.0791,3.0811,3.0881,3.0806,3.0841,44
2026-02-09 12:47:00,3.0796,3.0796,3.0761,3.0761,3.0846,3.0846,3.0811,3.0811,21
2026-02-09 12:48:00,3.0756,3.0791,3.0756,3.0761,3.0806,3.0841,3.0806,3.0811,8
2026-02-09 12:49:00,3.0751,3.0756,3.0666,3.0666,3.0801,3.0806,3.0716,3.0716,27
2026-02-09 12:50:00,3.0671,3.0696,3.0626,3.0631,3.0721,3.0746,3.0676,3.0681,28
2026-02-09 12:51:00,3.0636,3.0651,3.0636,3.0651,3.0686,3.0701,3.0686,3.0701,7
2026-02-09 12:52:00,3.0656,3.0681,3.0651,3.0681,3.0706,3.0731,3.0701,3.0731,5
2026-02-09 12:53:00,3.0676,3.0686,3.0656,3.0656,3.0726,3.0736,3.0706,3.0706,4
2026-02-09 12:54:00,3.0646,3.0661,3.0626,3.0661,3.0696,3.0711,3.0676,3.0711,14
2026-02-09 12:55:00,3.0666,3.0676,3.0641,3.0651,3.0716,3.0726,3.0691,3.0701,9
2026-02-09 12:56:00,3.0656,3.0666,3.0621,3.0621,3.0706,3.0716,3.0671,3.0671,8
2026-02-09 12:57:00,3.0626,3.0656,3.0606,3.0646,3.0676,3.0706,3.0656,3.0696,22
2026-02-09 12:58:00,3.0651,3.0706,3.0636,3.0646,3.0701,3.0756,3.0686,3.0696,23
2026-02-09 12:59:00,3.0651,3.0671,3.0636,3.0661,3.0701,3.0721,3.0686,3.0711,17
2026-02-09 13:00:00,3.0666,3.0696,3.0626,3.0626,3.0716,3.0746,3.0676,3.0676,51
2026-02-09 13:01:00,3.0616,3.0641,3.0576,3.0641,3.0666,3.0691,3.0626,3.0691,23
2026-02-09 13:02:00,3.0646,3.0706,3.0646,3.0701,3.0696,3.0756,3.0696,3.0751,18
2026-02-09 13:03:00,3.0696,3.0741,3.0676,3.0706,3.0746,3.0791,3.0726,3.0756,31
2026-02-09 13:04:00,3.0701,3.0701,3.0671,3.0681,3.0751,3.0751,3.0721,3.0731,26
2026-02-09 13:05:00,3.0676,3.0696,3.0656,3.0691,3.0726,3.0746,3.0706,3.0741,22
2026-02-09 13:06:00,3.0696,3.0706,3.0651,3.0651,3.0746,3.0756,3.0701,3.0701,20
2026-02-09 13:07:00,3.0661,3.0766,3.0661,3.0756,3.0711,3.0816,3.0711,3.0806,27
2026-02-09 13:08:00,3.0761,3.0786,3.0646,3.0661,3.0811,3.0836,3.0696,3.0711,35
2026-02-09 13:09:00,3.0651,3.0701,3.0611,3.0691,3.0701,3.0751,3.0661,3.0741,24
2026-02-09 13:10:00,3.0696,3.0756,3.0696,3.0751,3.0746,3.0806,3.0746,3.0801,18
2026-02-09 13:11:00,3.0741,3.0776,3.0726,3.0776,3.0791,3.0826,3.0776,3.0826,29
2026-02-09 13:12:00,3.0766,3.0766,3.0696,3.0736,3.0816,3.0816,3.0746,3.0786,19
2026-02-09 13:13:00,3.0741,3.0786,3.0741,3.0771,3.0791,3.0836,3.0791,3.0821,18
2026-02-09 13:14:00,3.0776,3.0801,3.0761,3.0761,3.0826,3.0851,3.0811,3.0811,18
2026-02-09 13:15:00,3.0756,3.0781,3.0751,3.0766,3.0806,3.0831,3.0801,3.0816,13
2026-02-09 13:16:00,3.0776,3.0816,3.0771,3.0801,3.0826,3.0866,3.0821,3.0851,15
2026-02-09 13:17:00,3.0786,3.0801,3.0776,3.0801,3.0836,3.0851,3.0826,3.0851,9
2026-02-09 13:18:00,3.0806,3.0806,3.0726,3.0731,3.0856,3.0856,3.0776,3.0781,28
2026-02-09 13:19:00,3.0726,3.0766,3.0686,3.0741,3.0776,3.0816,3.0736,3.0791,22
2026-02-09 13:20:00,3.0736,3.0736,3.0666,3.0691,3.0786,3.0786,3.0716,3.0741,23
2026-02-09 13:21:00,3.0686,3.0776,3.0686,3.0771,3.0736,3.0826,3.0736,3.0821,18
2026-02-09 13:22:00,3.0776,3.0776,3.0721,3.0721,3.0826,3.0826,3.0771,3.0771,16
2026-02-09 13:23:00,3.0726,3.0796,3.0721,3.0791,3.0776,3.0846,3.0771,3.0841,38
2026-02-09 13:24:00,3.0796,3.0816,3.0776,3.0801,3.0846,3.0866,3.0826,3.0851,22
2026-02-09 13:25:00,3.0806,3.0826,3.0776,3.0796,3.0856,3.0876,3.0826,3.0846,24
2026-02-09 13:26:00,3.0786,3.0786,3.0746,3.0766,3.0836,3.0836,3.0796,3.0816,16
2026-02-09 13:27:00,3.0761,3.0761,3.0616,3.0651,3.0811,3.0811,3.0666,3.0701,53
2026-02-09 13:28:00,3.0656,3.0676,3.0646,3.0646,3.0706,3.0726,3.0696,3.0696,21
2026-02-09 13:29:00,3.0641,3.0656,3.0536,3.0551,3.0691,3.0706,3.0586,3.0601,41
2026-02-09 13:30:00,3.0536,3.0691,3.0536,3.0691,3.0586,3.0741,3.0586,3.0741,41
2026-02-09 13:31:00,3.0686,3.0766,3.0676,3.0766,3.0736,3.0816,3.0726,3.0816,24
2026-02-09 13:32:00,3.0756,3.0761,3.0726,3.0751,3.0806,3.0811,3.0776,3.0801,22
2026-02-09 13:33:00,3.0736,3.0826,3.0706,3.0821,3.0786,3.0876,3.0756,3.0871,30
2026-02-09 13:34:00,3.0826,3.0846,3.0706,3.0721,3.0876,3.0896,3.0756,3.0771,41
2026-02-09 13:35:00,3.0726,3.0806,3.0726,3.0786,3.0776,3.0856,3.0776,3.0836,20
2026-02-09 13:36:00,3.0781,3.0806,3.0781,3.0801,3.0831,3.0856,3.0831,3.0851,14
2026-02-09 13:37:00,3.0796,3.0816,3.0731,3.0731,3.0846,3.0866,3.0781,3.0781,19
2026-02-09 13:38:00,3.0736,3.0756,3.0621,3.0631,3.0786,3.0806,3.0671,3.0681,68
2026-02-09 13:39:00,3.0626,3.0691,3.0536,3.0556,3.0676,3.0741,3.0586,3.0606,52
2026-02-09 13:40:00,3.0566,3.0576,3.0516,3.0576,3.0616,3.0626,3.0566,3.0626,53
2026-02-09 13:41:00,3.0566,3.0571,3.0536,3.0571,3.0616,3.0621,3.0586,3.0621,14
2026-02-09 13:42:00,3.0561,3.0601,3.0516,3.0566,3.0611,3.0651,3.0566,3.0616,28
2026-02-09 13:43:00,3.0556,3.0636,3.0546,3.0621,3.0606,3.0686,3.0596,3.0671,35
2026-02-09 13:44:00,3.0616,3.0636,3.0596,3.0631,3.0666,3.0686,3.0646,3.0681,21
2026-02-09 13:45:00,3.0636,3.0701,3.0631,3.0686,3.0686,3.0751,3.0681,3.0736,19
2026-02-09 13:46:00,3.0681,3.0751,3.0676,3.0731,3.0731,3.0801,3.0726,3.0781,21
2026-02-09 13:47:00,3.0721,3.0746,3.0691,3.0691,3.0771,3.0796,3.0741,3.0741,19
2026-02-09 13:48:00,3.0696,3.0736,3.0696,3.0716,3.0746,3.0786,3.0746,3.0766,16
2026-02-09 13:49:00,3.0711,3.0766,3.0711,3.0751,3.0761,3.0816,3.0761,3.0801,23
2026-02-09 13:50:00,3.0746,3.0756,3.0626,3.0721,3.0796,3.0806,3.0676,3.0771,50
2026-02-09 13:51:00,3.0726,3.0736,3.0706,3.0726,3.0776,3.0786,3.0756,3.0776,13
2026-02-09 13:52:00,3.0731,3.0746,3.0721,3.0721,3.0781,3.0796,3.0771,3.0771,10
2026-02-09 13:53:00,3.0716,3.0726,3.0701,3.0711,3.0766,3.0776,3.0751,3.0761,13
2026-02-09 13:54:00,3.0706,3.0786,3.0706,3.0771,3.0756,3.0836,3.0756,3.0821,28
2026-02-09 13:55:00,3.0766,3.0781,3.0756,3.0766,3.0816,3.0831,3.0806,3.0816,12
2026-02-09 13:56:00,3.0761,3.0811,3.0736,3.0786,3.0811,3.0861,3.0786,3.0836,20
2026-02-09 13:57:00,3.0791,3.0816,3.0766,3.0776,3.0841,3.0866,3.0816,3.0826,16
2026-02-09 13:58:00,3.0781,3.0806,3.0756,3.0786,3.0831,3.0856,3.0806,3.0836,22
2026-02-09 13:59:00,3.0796,3.0816,3.0746,3.0776,3.0846,3.0866,3.0796,3.0826,38
2026-02-09 14:00:00,3.0766,3.0806,3.0706,3.0786,3.0816,3.0856,3.0756,3.0836,64
2026-02-09 14:01:00,3.0776,3.0776,3.0711,3.0766,3.0826,3.0826,3.0761,3.0816,44
2026-02-09 14:02:00,3.0756,3.0796,3.0756,3.0771,3.0806,3.0846,3.0806,3.0821,18
2026-02-09 14:03:00,3.0776,3.0801,3.0711,3.0721,3.0826,3.0851,3.0761,3.0771,47
2026-02-09 14:04:00,3.0716,3.0721,3.0596,3.0656,3.0766,3.0771,3.0646,3.0706,45
2026-02-09 14:05:00,3.0666,3.0676,3.0581,3.0676,3.0716,3.0726,3.0631,3.0726,50
2026-02-09 14:06:00,3.0681,3.0766,3.0676,3.0711,3.0731,3.0816,3.0726,3.0761,41
2026-02-09 14:07:00,3.0706,3.0706,3.0636,3.0636,3.0756,3.0756,3.0686,3.0686,26
2026-02-09 14:08:00,3.0641,3.0706,3.0611,3.0686,3.0691,3.0756,3.0661,3.0736,33
2026-02-09 14:09:00,3.0671,3.0716,3.0666,3.0696,3.0721,3.0766,3.0716,3.0746,16
2026-02-09 14:10:00,3.0706,3.0831,3.0696,3.0821,3.0756,3.0881,3.0746,3.0871,39
2026-02-09 14:11:00,3.0816,3.0936,3.0816,3.0906,3.0866,3.0986,3.0866,3.0956,62
2026-02-09 14:12:00,3.0896,3.0896,3.0796,3.0806,3.0946,3.0946,3.0846,3.0856,51
2026-02-09 14:13:00,3.0796,3.0796,3.0716,3.0796,3.0846,3.0846,3.0766,3.0846,52
2026-02-09 14:14:00,3.0801,3.0816,3.0776,3.0801,3.0851,3.0866,3.0826,3.0851,38
2026-02-09 14:15:00,3.0806,3.0806,3.0706,3.0741,3.0856,3.0856,3.0756,3.0791,42
2026-02-09 14:16:00,3.0731,3.0776,3.0666,3.0701,3.0781,3.0826,3.0716,3.0751,60
2026-02-09 14:17:00,3.0706,3.0706,3.0626,3.0631,3.0756,3.0756,3.0676,3.0681,38
2026-02-09 14:18:00,3.0636,3.0656,3.0606,3.0616,3.0686,3.0706,3.0656,3.0666,47
2026-02-09 14:19:00,3.0626,3.0726,3.0626,3.0681,3.0676,3.0776,3.0676,3.0731,53
2026-02-09 14:20:00,3.0676,3.0716,3.0671,3.0691,3.0726,3.0766,3.0721,3.0741,30
2026-02-09 14:21:00,3.0696,3.0716,3.0606,3.0696,3.0746,3.0766,3.0656,3.0746,54
2026-02-09 14:22:00,3.0691,3.0736,3.0676,3.0686,3.0741,3.0786,3.0726,3.0736,27
2026-02-09 14:23:00,3.0676,3.0686,3.0636,3.0676,3.0726,3.0736,3.0686,3.0726,30
2026-02-09 14:24:00,3.0666,3.0786,3.0646,3.0786,3.0716,3.0836,3.0696,3.0836,38
2026-02-09 14:25:00,3.0776,3.0776,3.0636,3.0656,3.0826,3.0826,3.0686,3.0706,79
2026-02-09 14:26:00,3.0646,3.0656,3.0566,3.0606,3.0696,3.0706,3.0616,3.0656,40
2026-02-09 14:27:00,3.0596,3.0691,3.0596,3.0666,3.0646,3.0741,3.0646,3.0716,42
2026-02-09 14:28:00,3.0656,3.0666,3.0536,3.0536,3.0706,3.0716,3.0586,3.0586,71
2026-02-09 14:29:00,3.0531,3.0546,3.0431,3.0451,3.0581,3.0596,3.0481,3.0501,65
2026-02-09 14:30:00,3.0446,3.0446,3.0216,3.0216,3.0496,3.0496,3.0266,3.0266,153
2026-02-09 14:31:00,3.0221,3.0311,3.0186,3.0296,3.0271,3.0361,3.0236,3.0346,97
2026-02-09 14:32:00,3.0291,3.0346,3.0186,3.0226,3.0341,3.0396,3.0236,3.0276,88
2026-02-09 14:33:00,3.0246,3.0256,3.0166,3.0206,3.0296,3.0306,3.0216,3.0256,57
2026-02-09 14:34:00,3.0211,3.0286,3.0211,3.0226,3.0261,3.0336,3.0261,3.0276,54
2026-02-09 14:35:00,3.0236,3.0281,3.0206,3.0226,3.0286,3.0331,3.0256,3.0276,59
2026-02-09 14:36:00,3.0221,3.0256,3.0196,3.0221,3.0271,3.0306,3.0246,3.0271,35
2026-02-09 14:37:00,3.0216,3.0296,3.0216,3.0296,3.0266,3.0346,3.0266,3.0346,48
2026-02-09 14:38:00,3.0291,3.0291,3.0186,3.0236,3.0341,3.0341,3.0236,3.0286,54
2026-02-09 14:39:00,3.0231,3.0266,3.0176,3.0261,3.0281,3.0316,3.0226,3.0311,52
2026-02-09 14:40:00,3.0256,3.0256,3.0146,3.0166,3.0306,3.0306,3.0196,3.0216,47
2026-02-09 14:41:00,3.0161,3.0186,3.0111,3.0166,3.0211,3.0236,3.0161,3.0216,62
2026-02-09 14:42:00,3.0176,3.0216,3.0076,3.0101,3.0226,3.0266,3.0126,3.0151,67
2026-02-09 14:43:00,3.0096,3.0186,3.0086,3.0136,3.0146,3.0236,3.0136,3.0186,55
2026-02-09 14:44:00,3.0146,3.0156,3.0116,3.0156,3.0196,3.0206,3.0166,3.0206,30
2026-02-09 14:45:00,3.0161,3.0216,3.0121,3.0211,3.0211,3.0266,3.0171,3.0261,59
2026-02-09 14:46:00,3.0216,3.0286,3.0181,3.0281,3.0266,3.0336,3.0231,3.0331,47
2026-02-09 14:47:00,3.0286,3.0356,3.0281,3.0331,3.0336,3.0406,3.0331,3.0381,53
2026-02-09 14:48:00,3.0326,3.0376,3.0326,3.0361,3.0376,3.0426,3.0376,3.0411,34
2026-02-09 14:49:00,3.0356,3.0396,3.0316,3.0376,3.0406,3.0446,3.0366,3.0426,40
2026-02-09 14:50:00,3.0381,3.0436,3.0371,3.0396,3.0431,3.0486,3.0421,3.0446,61
2026-02-09 14:51:00,3.0386,3.0391,3.0336,3.0376,3.0436,3.0441,3.0386,3.0426,52
2026-02-09 14:52:00,3.0371,3.0371,3.0336,3.0346,3.0421,3.0421,3.0386,3.0396,25
2026-02-09 14:53:00,3.0341,3.0416,3.0331,3.0396,3.0391,3.0466,3.0381,3.0446,34
2026-02-09 14:54:00,3.0401,3.0426,3.0386,3.0406,3.0451,3.0476,3.0436,3.0456,23
2026-02-09 14:55:00,3.0396,3.0436,3.0396,3.0416,3.0446,3.0486,3.0446,3.0466,15
2026-02-09 14:56:00,3.0421,3.0436,3.0396,3.0416,3.0471,3.0486,3.0446,3.0466,38
2026-02-09 14:57:00,3.0426,3.0426,3.0401,3.0426,3.0476,3.0476,3.0451,3.0476,15
2026-02-09 14:58:00,3.0436,3.0436,3.0396,3.0396,3.0486,3.0486,3.0446,3.0446,30
2026-02-09 14:59:00,3.0391,3.0391,3.0286,3.0296,3.0441,3.0441,3.0336,3.0346,29
2026-02-09 15:00:00,3.0291,3.0366,3.0236,3.0286,3.0341,3.0416,3.0286,3.0336,183
2026-02-09 15:01:00,3.0306,3.0366,3.0276,3.0331,3.0356,3.0416,3.0326,3.0381,101
2026-02-09 15:02:00,3.0341,3.0491,3.0281,3.0436,3.0391,3.0541,3.0331,3.0486,109
2026-02-09 15:03:00,3.0441,3.0486,3.0381,3.0391,3.0491,3.0536,3.0431,3.0441,74
2026-02-09 15:04:00,3.0401,3.0466,3.0391,3.0456,3.0451,3.0516,3.0441,3.0506,51
2026-02-09 15:05:00,3.0461,3.0486,3.0326,3.0336,3.0511,3.0536,3.0376,3.0386,59
2026-02-09 15:06:00,3.0346,3.0366,3.0076,3.0076,3.0396,3.0416,3.0126,3.0126,205
2026-02-09 15:07:00,3.0071,3.0086,2.9931,3.0021,3.0121,3.0136,2.9981,3.0071,175
2026-02-09 15:08:00,3.0016,3.0021,2.9911,2.9961,3.0066,3.0071,2.9961,3.0011,136
2026-02-09 15:09:00,2.9966,3.0021,2.9916,3.0016,3.0016,3.0071,2.9966,3.0066,97
2026-02-09 15:10:00,3.0011,3.0021,2.9946,2.9981,3.0061,3.0071,2.9996,3.0031,59
2026-02-09 15:11:00,2.9976,3.0076,2.9976,3.0021,3.0026,3.0126,3.0026,3.0071,85
2026-02-09 15:12:00,3.0016,3.0031,2.9956,3.0011,3.0066,3.0081,3.0006,3.0061,47
2026-02-09 15:13:00,3.0016,3.0046,2.9956,3.0011,3.0066,3.0096,3.0006,3.0061,82
2026-02-09 15:14:00,3.0006,3.0006,2.9896,2.9926,3.0056,3.0056,2.9946,2.9976,39
2026-02-09 15:15:00,2.9931,2.9946,2.9846,2.9916,2.9981,2.9996,2.9896,2.9966,101
2026-02-09 15:16:00,2.9906,2.9976,2.9866,2.9936,2.9956,3.0026,2.9916,2.9986,91
2026-02-09 15:17:00,2.9941,2.9976,2.9936,2.9956,2.9991,3.0026,2.9986,3.0006,64
2026-02-09 15:18:00,2.9941,3.0016,2.9926,3.0016,2.9991,3.0066,2.9976,3.0066,57
2026-02-09 15:19:00,3.0021,3.0086,2.9981,3.0011,3.0071,3.0136,3.0031,3.0061,53
2026-02-09 15:20:00,3.0016,3.0016,2.9871,2.9876,3.0066,3.0066,2.9921,2.9926,59
2026-02-09 15:21:00,2.9871,2.9956,2.9866,2.9956,2.9921,3.0006,2.9916,3.0006,50
2026-02-09 15:22:00,2.9946,2.9976,2.9926,2.9956,2.9996,3.0026,2.9976,3.0006,46
2026-02-09 15:23:00,2.9961,3.0001,2.9956,3.0001,3.0011,3.0051,3.0006,3.0051,31
2026-02-09 15:24:00,3.0006,3.0076,3.0001,3.0066,3.0056,3.0126,3.0051,3.0116,53
2026-02-09 15:25:00,3.0076,3.0191,3.0006,3.0181,3.0126,3.0241,3.0056,3.0231,107
2026-02-09 15:26:00,3.0186,3.0226,3.0176,3.0226,3.0236,3.0276,3.0226,3.0276,40
2026-02-09 15:27:00,3.0206,3.0226,3.0176,3.0221,3.0256,3.0276,3.0226,3.0271,37
2026-02-09 15:28:00,3.0226,3.0256,3.0176,3.0201,3.0276,3.0306,3.0226,3.0251,61
2026-02-09 15:29:00,3.0211,3.0226,3.0156,3.0176,3.0261,3.0276,3.0206,3.0226,61
2026-02-09 15:30:00,3.0181,3.0321,3.0181,3.0226,3.0231,3.0371,3.0231,3.0276,72
2026-02-09 15:31:00,3.0231,3.0251,3.0186,3.0226,3.0281,3.0301,3.0236,3.0276,94
2026-02-09 15:32:00,3.0216,3.0296,3.0186,3.0296,3.0266,3.0346,3.0236,3.0346,52
2026-02-09 15:33:00,3.0286,3.0336,3.0271,3.0286,3.0336,3.0386,3.0321,3.0336,53
2026-02-09 15:34:00,3.0296,3.0336,3.0246,3.0261,3.0346,3.0386,3.0296,3.0311,77
2026-02-09 15:35:00,3.0266,3.0306,3.0236,3.0286,3.0316,3.0356,3.0286,3.0336,79
2026-02-09 15:36:00,3.0291,3.0376,3.0266,3.0311,3.0341,3.0426,3.0316,3.0361,71
2026-02-09 15:37:00,3.0316,3.0426,3.0311,3.0416,3.0366,3.0476,3.0361,3.0466,83
2026-02-09 15:38:00,3.0421,3.0426,3.0376,3.0381,3.0471,3.0476,3.0426,3.0431,65
2026-02-09 15:39:00,3.0376,3.0446,3.0376,3.0416,3.0426,3.0496,3.0426,3.0466,42
2026-02-09 15:40:00,3.0421,3.0446,3.0401,3.0416,3.0471,3.0496,3.0451,3.0466,45
2026-02-09 15:41:00,3.0421,3.0436,3.0386,3.0406,3.0471,3.0486,3.0436,3.0456,50
2026-02-09 15:42:00,3.0396,3.0471,3.0376,3.0426,3.0446,3.0521,3.0426,3.0476,78
2026-02-09 15:43:00,3.0421,3.0436,3.0386,3.0406,3.0471,3.0486,3.0436,3.0456,34
2026-02-09 15:44:00,3.0411,3.0461,3.0411,3.0451,3.0461,3.0511,3.0461,3.0501,45
2026-02-09 15:45:00,3.0436,3.0436,3.0396,3.0416,3.0486,3.0486,3.0446,3.0466,33
2026-02-09 15:46:00,3.0411,3.0446,3.0401,3.0421,3.0461,3.0496,3.0451,3.0471,42
2026-02-09 15:47:00,3.0426,3.0466,3.0426,3.0451,3.0476,3.0516,3.0476,3.0501,26
2026-02-09 15:48:00,3.0456,3.0476,3.0441,3.0446,3.0506,3.0526,3.0491,3.0496,48
2026-02-09 15:49:00,3.0451,3.0526,3.0451,3.0476,3.0501,3.0576,3.0501,3.0526,57
2026-02-09 15:50:00,3.0471,3.0526,3.0471,3.0516,3.0521,3.0576,3.0521,3.0566,49
2026-02-09 15:51:00,3.0511,3.0621,3.0511,3.0576,3.0561,3.0671,3.0561,3.0626,66
2026-02-09 15:52:00,3.0566,3.0576,3.0526,3.0546,3.0616,3.0626,3.0576,3.0596,41
2026-02-09 15:53:00,3.0556,3.0576,3.0506,3.0576,3.0606,3.0626,3.0556,3.0626,44
2026-02-09 15:54:00,3.0556,3.0591,3.0546,3.0591,3.0606,3.0641,3.0596,3.0641,33
2026-02-09 15:55:00,3.0586,3.0686,3.0566,3.0681,3.0636,3.0736,3.0616,3.0731,82
2026-02-09 15:56:00,3.0676,3.0766,3.0676,3.0756,3.0726,3.0816,3.0726,3.0806,49
2026-02-09 15:57:00,3.0746,3.0756,3.0706,3.0741,3.0796,3.0806,3.0756,3.0791,72
2026-02-09 15:58:00,3.0736,3.0736,3.0676,3.0681,3.0786,3.0786,3.0726,3.0731,43
2026-02-09 15:59:00,3.0686,3.0746,3.0656,3.0701,3.0736,3.0796,3.0706,3.0751,57
2026-02-09 16:00:00,3.0696,3.0776,3.0681,3.0736,3.0746,3.0826,3.0731,3.0786,53
2026-02-09 16:01:00,3.0731,3.0796,3.0731,3.0756,3.0781,3.0846,3.0781,3.0806,36
2026-02-09 16:02:00,3.0751,3.0771,3.0706,3.0721,3.0801,3.0821,3.0756,3.0771,45
2026-02-09 16:03:00,3.0726,3.0776,3.0716,3.0766,3.0776,3.0826,3.0766,3.0816,44
2026-02-09 16:04:00,3.0766,3.0786,3.0716,3.0731,3.0816,3.0836,3.0766,3.0781,43
2026-02-09 16:05:00,3.0736,3.0776,3.0736,3.0776,3.0786,3.0826,3.0786,3.0826,30
2026-02-09 16:06:00,3.0781,3.0796,3.0756,3.0766,3.0831,3.0846,3.0806,3.0816,23
2026-02-09 16:07:00,3.0776,3.0856,3.0776,3.0856,3.0826,3.0906,3.0826,3.0906,35
2026-02-09 16:08:00,3.0841,3.0846,3.0756,3.0766,3.0891,3.0896,3.0806,3.0816,26
2026-02-09 16:09:00,3.0761,3.0766,3.0646,3.0671,3.0811,3.0816,3.0696,3.0721,70
2026-02-09 16:10:00,3.0681,3.0686,3.0626,3.0636,3.0731,3.0736,3.0676,3.0686,38
2026-02-09 16:11:00,3.0641,3.0656,3.0586,3.0606,3.0691,3.0706,3.0636,3.0656,77
2026-02-09 16:12:00,3.0611,3.0636,3.0546,3.0556,3.0661,3.0686,3.0596,3.0606,50
2026-02-09 16:13:00,3.0546,3.0596,3.0536,3.0586,3.0596,3.0646,3.0586,3.0636,42
2026-02-09 16:14:00,3.0581,3.0581,3.0496,3.0536,3.0631,3.0631,3.0546,3.0586,51
2026-02-09 16:15:00,3.0526,3.0566,3.0476,3.0566,3.0576,3.0616,3.0526,3.0616,54
2026-02-09 16:16:00,3.0556,3.0596,3.0526,3.0586,3.0606,3.0646,3.0576,3.0636,38
2026-02-09 16:17:00,3.0596,3.0666,3.0581,3.0661,3.0646,3.0716,3.0631,3.0711,43
2026-02-09 16:18:00,3.0656,3.0686,3.0651,3.0686,3.0706,3.0736,3.0701,3.0736,34
2026-02-09 16:19:00,3.0676,3.0681,3.0606,3.0616,3.0726,3.0731,3.0656,3.0666,34
2026-02-09 16:20:00,3.0611,3.0611,3.0556,3.0566,3.0661,3.0661,3.0606,3.0616,30
2026-02-09 16:21:00,3.0561,3.0586,3.0476,3.0506,3.0611,3.0636,3.0526,3.0556,51
2026-02-09 16:22:00,3.0511,3.0526,3.0506,3.0526,3.0561,3.0576,3.0556,3.0576,25
2026-02-09 16:23:00,3.0536,3.0546,3.0506,3.0546,3.0586,3.0596,3.0556,3.0596,35
2026-02-09 16:24:00,3.0551,3.0606,3.0541,3.0556,3.0601,3.0656,3.0591,3.0606,26
2026-02-09 16:25:00,3.0551,3.0556,3.0516,3.0551,3.0601,3.0606,3.0566,3.0601,35
2026-02-09 16:26:00,3.0566,3.0586,3.0526,3.0536,3.0616,3.0636,3.0576,3.0586,26
2026-02-09 16:27:00,3.0536,3.0546,3.0516,3.0546,3.0586,3.0596,3.0566,3.0596,30
2026-02-09 16:28:00,3.0536,3.0556,3.0526,3.0556,3.0586,3.0606,3.0576,3.0606,26
2026-02-09 16:29:00,3.0546,3.0566,3.0546,3.0556,3.0596,3.0616,3.0596,3.0606,25
2026-02-09 16:30:00,3.0561,3.0596,3.0546,3.0581,3.0611,3.0646,3.0596,3.0631,39
2026-02-09 16:31:00,3.0586,3.0616,3.0571,3.0616,3.0636,3.0666,3.0621,3.0666,44
2026-02-09 16:32:00,3.0626,3.0626,3.0586,3.0626,3.0676,3.0676,3.0636,3.0676,20
2026-02-09 16:33:00,3.0631,3.0646,3.0606,3.0636,3.0681,3.0696,3.0656,3.0686,23
2026-02-09 16:34:00,3.0631,3.0716,3.0631,3.0666,3.0681,3.0766,3.0681,3.0716,35
2026-02-09 16:35:00,3.0656,3.0691,3.0646,3.0686,3.0706,3.0741,3.0696,3.0736,21
2026-02-09 16:36:00,3.0691,3.0706,3.0656,3.0676,3.0741,3.0756,3.0706,3.0726,30
2026-02-09 16:37:00,3.0681,3.0716,3.0666,3.0706,3.0731,3.0766,3.0716,3.0756,28
2026-02-09 16:38:00,3.0716,3.0746,3.0706,3.0726,3.0766,3.0796,3.0756,3.0776,17
2026-02-09 16:39:00,3.0731,3.0736,3.0691,3.0691,3.0781,3.0786,3.0741,3.0741,28
2026-02-09 16:40:00,3.0686,3.0726,3.0656,3.0676,3.0736,3.0776,3.0706,3.0726,47
2026-02-09 16:41:00,3.0671,3.0676,3.0646,3.0666,3.0721,3.0726,3.0696,3.0716,33
2026-02-09 16:42:00,3.0656,3.0746,3.0631,3.0631,3.0706,3.0796,3.0681,3.0681,56
2026-02-09 16:43:00,3.0636,3.0676,3.0606,3.0666,3.0686,3.0726,3.0656,3.0716,58
2026-02-09 16:44:00,3.0676,3.0766,3.0676,3.0756,3.0726,3.0816,3.0726,3.0806,27
2026-02-09 16:45:00,3.0761,3.0816,3.0711,3.0726,3.0811,3.0866,3.0761,3.0776,58
2026-02-09 16:46:00,3.0731,3.0731,3.0656,3.0676,3.0781,3.0781,3.0706,3.0726,32
2026-02-09 16:47:00,3.0666,3.0726,3.0646,3.0706,3.0716,3.0776,3.0696,3.0756,30
2026-02-09 16:48:00,3.0721,3.0776,3.0721,3.0766,3.0771,3.0826,3.0771,3.0816,15
2026-02-09 16:49:00,3.0756,3.0806,3.0756,3.0796,3.0806,3.0856,3.0806,3.0846,25
2026-02-09 16:50:00,3.0791,3.0846,3.0776,3.0836,3.0841,3.0896,3.0826,3.0886,29
2026-02-09 16:51:00,3.0841,3.0841,3.0796,3.0796,3.0891,3.0891,3.0846,3.0846,19
2026-02-09 16:52:00,3.0801,3.0896,3.0786,3.0866,3.0851,3.0946,3.0836,3.0916,47
2026-02-09 16:53:00,3.0856,3.0926,3.0856,3.0916,3.0906,3.0976,3.0906,3.0966,51
2026-02-09 16:54:00,3.0906,3.0981,3.0906,3.0936,3.0956,3.1031,3.0956,3.0986,56
2026-02-09 16:55:00,3.0946,3.0986,3.0926,3.0931,3.0996,3.1036,3.0976,3.0981,33
2026-02-09 16:56:00,3.0926,3.0961,3.0916,3.0951,3.0976,3.1011,3.0966,3.1001,35
2026-02-09 16:57:00,3.0946,3.0956,3.0926,3.0926,3.0996,3.1006,3.0976,3.0976,29
2026-02-09 16:58:00,3.0931,3.0956,3.0896,3.0916,3.0981,3.1006,3.0946,3.0966,42
2026-02-09 16:59:00,3.0911,3.0956,3.0911,3.0946,3.0961,3.1006,3.0961,3.0996,36
2026-02-09 17:00:00,3.0936,3.0946,3.0896,3.0926,3.0986,3.0996,3.0946,3.0976,32
2026-02-09 17:01:00,3.0936,3.0956,3.0786,3.0796,3.0986,3.1006,3.0836,3.0846,78
2026-02-09 17:02:00,3.0806,3.0816,3.0766,3.0796,3.0856,3.0866,3.0816,3.0846,65
2026-02-09 17:03:00,3.0791,3.0846,3.0791,3.0826,3.0841,3.0896,3.0841,3.0876,48
2026-02-09 17:04:00,3.0816,3.0836,3.0761,3.0806,3.0866,3.0886,3.0811,3.0856,38
2026-02-09 17:05:00,3.0796,3.0816,3.0776,3.0806,3.0846,3.0866,3.0826,3.0856,25
2026-02-09 17:06:00,3.0801,3.0816,3.0766,3.0766,3.0851,3.0866,3.0816,3.0816,37
2026-02-09 17:07:00,3.0776,3.0796,3.0736,3.0786,3.0826,3.0846,3.0786,3.0836,29
2026-02-09 17:08:00,3.0776,3.0791,3.0726,3.0726,3.0826,3.0841,3.0776,3.0776,32
2026-02-09 17:09:00,3.0731,3.0766,3.0731,3.0766,3.0781,3.0816,3.0781,3.0816,21
2026-02-09 17:10:00,3.0761,3.0816,3.0731,3.0811,3.0811,3.0866,3.0781,3.0861,56
2026-02-09 17:11:00,3.0806,3.0816,3.0726,3.0726,3.0856,3.0866,3.0776,3.0776,37
2026-02-09 17:12:00,3.0721,3.0736,3.0706,3.0726,3.0771,3.0786,3.0756,3.0776,17
2026-02-09 17:13:00,3.0721,3.0746,3.0706,3.0731,3.0771,3.0796,3.0756,3.0781,19
2026-02-09 17:14:00,3.0736,3.0756,3.0716,3.0756,3.0786,3.0806,3.0766,3.0806,24
2026-02-09 17:15:00,3.0746,3.0756,3.0716,3.0731,3.0796,3.0806,3.0766,3.0781,20
2026-02-09 17:16:00,3.0721,3.0726,3.0636,3.0651,3.0771,3.0776,3.0686,3.0701,55
2026-02-09 17:17:00,3.0636,3.0646,3.0606,3.0616,3.0686,3.0696,3.0656,3.0666,33
2026-02-09 17:18:00,3.0606,3.0616,3.0546,3.0551,3.0656,3.0666,3.0596,3.0601,37
2026-02-09 17:19:00,3.0546,3.0596,3.0516,3.0596,3.0596,3.0646,3.0566,3.0646,30
2026-02-09 17:20:00,3.0591,3.0666,3.0591,3.0646,3.0641,3.0716,3.0641,3.0696,44
2026-02-09 17:21:00,3.0636,3.0711,3.0616,3.0686,3.0686,3.0761,3.0666,3.0736,39
2026-02-09 17:22:00,3.0691,3.0706,3.0666,3.0671,3.0741,3.0756,3.0716,3.0721,47
2026-02-09 17:23:00,3.0666,3.0666,3.0616,3.0646,3.0716,3.0716,3.0666,3.0696,27
2026-02-09 17:24:00,3.0636,3.0646,3.0541,3.0556,3.0686,3.0696,3.0591,3.0606,38
2026-02-09 17:25:00,3.0566,3.0616,3.0546,3.0616,3.0616,3.0666,3.0596,3.0666,34
2026-02-09 17:26:00,3.0606,3.0636,3.0581,3.0601,3.0656,3.0686,3.0631,3.0651,38
2026-02-09 17:27:00,3.0616,3.0616,3.0526,3.0526,3.0666,3.0666,3.0576,3.0576,41
2026-02-09 17:28:00,3.0516,3.0526,3.0476,3.0491,3.0566,3.0576,3.0526,3.0541,48
2026-02-09 17:29:00,3.0486,3.0536,3.0486,3.0516,3.0536,3.0586,3.0536,3.0566,28
2026-02-09 17:30:00,3.0526,3.0576,3.0486,3.0526,3.0576,3.0626,3.0536,3.0576,47
2026-02-09 17:31:00,3.0521,3.0536,3.0506,3.0521,3.0571,3.0586,3.0556,3.0571,29
2026-02-09 17:32:00,3.0526,3.0536,3.0506,3.0526,3.0576,3.0586,3.0556,3.0576,29
2026-02-09 17:33:00,3.0521,3.0531,3.0506,3.0516,3.0571,3.0581,3.0556,3.0566,25
2026-02-09 17:34:00,3.0511,3.0566,3.0506,3.0511,3.0561,3.0616,3.0556,3.0561,34
2026-02-09 17:35:00,3.0521,3.0526,3.0471,3.0516,3.0571,3.0576,3.0521,3.0566,35
2026-02-09 17:36:00,3.0511,3.0526,3.0491,3.0526,3.0561,3.0576,3.0541,3.0576,28
2026-02-09 17:37:00,3.0531,3.0566,3.0516,3.0551,3.0581,3.0616,3.0566,3.0601,34
2026-02-09 17:38:00,3.0546,3.0581,3.0511,3.0511,3.0596,3.0631,3.0561,3.0561,43
2026-02-09 17:39:00,3.0506,3.0546,3.0436,3.0456,3.0556,3.0596,3.0486,3.0506,60
2026-02-09 17:40:00,3.0461,3.0476,3.0416,3.0416,3.0511,3.0526,3.0466,3.0466,45
2026-02-09 17:41:00,3.0426,3.0466,3.0411,3.0466,3.0476,3.0516,3.0461,3.0516,52
2026-02-09 17:42:00,3.0476,3.0481,3.0456,3.0466,3.0526,3.0531,3.0506,3.0516,21
2026-02-09 17:43:00,3.0471,3.0506,3.0471,3.0496,3.0521,3.0556,3.0521,3.0546,17
2026-02-09 17:44:00,3.0486,3.0506,3.0426,3.0471,3.0536,3.0556,3.0476,3.0521,36
2026-02-09 17:45:00,3.0476,3.0526,3.0456,3.0496,3.0526,3.0576,3.0506,3.0546,33
2026-02-09 17:46:00,3.0501,3.0521,3.0481,3.0516,3.0551,3.0571,3.0531,3.0566,21
2026-02-09 17:47:00,3.0511,3.0536,3.0496,3.0526,3.0561,3.0586,3.0546,3.0576,18
2026-02-09 17:48:00,3.0536,3.0566,3.0531,3.0541,3.0586,3.0616,3.0581,3.0591,16
2026-02-09 17:49:00,3.0536,3.0576,3.0526,3.0546,3.0586,3.0626,3.0576,3.0596,31
2026-02-09 17:50:00,3.0541,3.0606,3.0541,3.0566,3.0591,3.0656,3.0591,3.0616,39
2026-02-09 17:51:00,3.0556,3.0566,3.0526,3.0526,3.0606,3.0616,3.0576,3.0576,21
2026-02-09 17:52:00,3.0516,3.0531,3.0516,3.0526,3.0566,3.0581,3.0566,3.0576,10
2026-02-09 17:53:00,3.0531,3.0556,3.0531,3.0541,3.0581,3.0606,3.0581,3.0591,22
2026-02-09 17:54:00,3.0526,3.0536,3.0486,3.0501,3.0576,3.0586,3.0536,3.0551,27
2026-02-09 17:55:00,3.0511,3.0511,3.0471,3.0476,3.0561,3.0561,3.0521,3.0526,29
2026-02-09 17:56:00,3.0456,3.0456,3.0406,3.0436,3.0506,3.0506,3.0456,3.0486,39
2026-02-09 17:57:00,3.0426,3.0476,3.0426,3.0456,3.0476,3.0526,3.0476,3.0506,24
2026-02-09 17:58:00,3.0451,3.0456,3.0426,3.0436,3.0501,3.0506,3.0476,3.0486,27
2026-02-09 17:59:00,3.0441,3.0441,3.0426,3.0431,3.0491,3.0491,3.0476,3.0481,9
2026-02-09 18:00:00,3.0426,3.0536,3.0421,3.0536,3.0476,3.0586,3.0471,3.0586,46
2026-02-09 18:01:00,3.0531,3.0536,3.0496,3.0526,3.0581,3.0586,3.0546,3.0576,35
2026-02-09 18:02:00,3.0536,3.0586,3.0536,3.0586,3.0586,3.0636,3.0586,3.0636,30
2026-02-09 18:03:00,3.0576,3.0576,3.0486,3.0546,3.0626,3.0626,3.0536,3.0596,51
2026-02-09 18:04:00,3.0551,3.0556,3.0486,3.0486,3.0601,3.0606,3.0536,3.0536,25
2026-02-09 18:05:00,3.0481,3.0516,3.0476,3.0516,3.0531,3.0566,3.0526,3.0566,28
2026-02-09 18:06:00,3.0511,3.0556,3.0501,3.0536,3.0561,3.0606,3.0551,3.0586,26
2026-02-09 18:07:00,3.0526,3.0536,3.0496,3.0516,3.0576,3.0586,3.0546,3.0566,28
2026-02-09 18:08:00,3.0521,3.0536,3.0516,3.0526,3.0571,3.0586,3.0566,3.0576,13
2026-02-09 18:09:00,3.0516,3.0516,3.0461,3.0476,3.0566,3.0566,3.0511,3.0526,24
2026-02-09 18:10:00,3.0496,3.0536,3.0486,3.0506,3.0546,3.0586,3.0536,3.0556,42
2026-02-09 18:11:00,3.0516,3.0531,3.0476,3.0486,3.0566,3.0581,3.0526,3.0536,22
2026-02-09 18:12:00,3.0476,3.0486,3.0436,3.0456,3.0526,3.0536,3.0486,3.0506,25
2026-02-09 18:13:00,3.0446,3.0466,3.0426,3.0451,3.0496,3.0516,3.0476,3.0501,20
2026-02-09 18:14:00,3.0466,3.0496,3.0446,3.0476,3.0516,3.0546,3.0496,3.0526,28
2026-02-09 18:15:00,3.0466,3.0466,3.0421,3.0446,3.0516,3.0516,3.0471,3.0496,18
2026-02-09 18:16:00,3.0436,3.0446,3.0421,3.0436,3.0486,3.0496,3.0471,3.0486,25
2026-02-09 18:17:00,3.0426,3.0436,3.0416,3.0426,3.0476,3.0486,3.0466,3.0476,13
2026-02-09 18:18:00,3.0421,3.0421,3.0381,3.0381,3.0471,3.0471,3.0431,3.0431,13
2026-02-09 18:19:00,3.0366,3.0376,3.0336,3.0346,3.0416,3.0426,3.0386,3.0396,28
2026-02-09 18:20:00,3.0351,3.0396,3.0346,3.0386,3.0401,3.0446,3.0396,3.0436,47
2026-02-09 18:21:00,3.0376,3.0386,3.0366,3.0386,3.0426,3.0436,3.0416,3.0436,15
2026-02-09 18:22:00,3.0356,3.0366,3.0316,3.0331,3.0406,3.0416,3.0366,3.0381,39
2026-02-09 18:23:00,3.0336,3.0361,3.0316,3.0361,3.0386,3.0411,3.0366,3.0411,26
2026-02-09 18:24:00,3.0366,3.0376,3.0336,3.0351,3.0416,3.0426,3.0386,3.0401,19
2026-02-09 18:25:00,3.0346,3.0366,3.0331,3.0356,3.0396,3.0416,3.0381,3.0406,13
2026-02-09 18:26:00,3.0366,3.0396,3.0366,3.0386,3.0416,3.0446,3.0416,3.0436,19
2026-02-09 18:27:00,3.0381,3.0386,3.0376,3.0376,3.0431,3.0436,3.0426,3.0426,11
2026-02-09 18:28:00,3.0371,3.0386,3.0341,3.0381,3.0421,3.0436,3.0391,3.0431,18
2026-02-09 18:29:00,3.0376,3.0386,3.0336,3.0356,3.0426,3.0436,3.0386,3.0406,21
2026-02-09 18:30:00,3.0361,3.0406,3.0356,3.0376,3.0411,3.0456,3.0406,3.0426,26
2026-02-09 18:31:00,3.0366,3.0376,3.0361,3.0366,3.0416,3.0426,3.0411,3.0416,8
2026-02-09 18:32:00,3.0356,3.0396,3.0346,3.0366,3.0406,3.0446,3.0396,3.0416,35
2026-02-09 18:33:00,3.0371,3.0376,3.0346,3.0366,3.0421,3.0426,3.0396,3.0416,23
2026-02-09 18:34:00,3.0376,3.0411,3.0366,3.0396,3.0426,3.0461,3.0416,3.0446,26
2026-02-09 18:35:00,3.0401,3.0406,3.0366,3.0396,3.0451,3.0456,3.0416,3.0446,26
2026-02-09 18:36:00,3.0391,3.0426,3.0376,3.0401,3.0441,3.0476,3.0426,3.0451,26
2026-02-09 18:37:00,3.0406,3.0406,3.0356,3.0371,3.0456,3.0456,3.0406,3.0421,24
2026-02-09 18:38:00,3.0376,3.0396,3.0376,3.0376,3.0426,3.0446,3.0426,3.0426,7
2026-02-09 18:39:00,3.0381,3.0391,3.0356,3.0376,3.0431,3.0441,3.0406,3.0426,33
2026-02-09 18:40:00,3.0371,3.0386,3.0356,3.0376,3.0421,3.0436,3.0406,3.0426,18
2026-02-09 18:41:00,3.0371,3.0386,3.0366,3.0376,3.0421,3.0436,3.0416,3.0426,8
2026-02-09 18:42:00,3.0366,3.0396,3.0366,3.0396,3.0416,3.0446,3.0416,3.0446,12
2026-02-09 18:43:00,3.0386,3.0396,3.0376,3.0386,3.0436,3.0446,3.0426,3.0436,17
2026-02-09 18:44:00,3.0381,3.0396,3.0341,3.0361,3.0431,3.0446,3.0391,3.0411,23
2026-02-09 18:45:00,3.0376,3.0396,3.0376,3.0391,3.0426,3.0446,3.0426,3.0441,32
2026-02-09 18:46:00,3.0396,3.0416,3.0376,3.0386,3.0446,3.0466,3.0426,3.0436,23
2026-02-09 18:47:00,3.0381,3.0401,3.0346,3.0366,3.0431,3.0451,3.0396,3.0416,29
2026-02-09 18:48:00,3.0356,3.0416,3.0336,3.0416,3.0406,3.0466,3.0386,3.0466,39
2026-02-09 18:49:00,3.0411,3.0441,3.0386,3.0391,3.0461,3.0491,3.0436,3.0441,32
2026-02-09 18:50:00,3.0396,3.0396,3.0346,3.0366,3.0446,3.0446,3.0396,3.0416,15
2026-02-09 18:51:00,3.0376,3.0386,3.0346,3.0366,3.0426,3.0436,3.0396,3.0416,25
2026-02-09 18:52:00,3.0371,3.0396,3.0326,3.0386,3.0421,3.0446,3.0376,3.0436,33
2026-02-09 18:53:00,3.0381,3.0401,3.0376,3.0401,3.0431,3.0451,3.0426,3.0451,13
2026-02-09 18:54:00,3.0406,3.0451,3.0396,3.0451,3.0456,3.0501,3.0446,3.0501,35
2026-02-09 18:55:00,3.0446,3.0496,3.0446,3.0486,3.0496,3.0546,3.0496,3.0536,28
2026-02-09 18:56:00,3.0491,3.0496,3.0446,3.0446,3.0541,3.0546,3.0496,3.0496,15
2026-02-09 18:57:00,3.0441,3.0476,3.0376,3.0386,3.0491,3.0526,3.0426,3.0436,38
2026-02-09 18:58:00,3.0396,3.0446,3.0396,3.0436,3.0446,3.0496,3.0446,3.0486,25
2026-02-09 18:59:00,3.0431,3.0431,3.0396,3.0411,3.0481,3.0481,3.0446,3.0461,19
2026-02-09 19:00:00,3.0416,3.0426,3.0356,3.0366,3.0466,3.0476,3.0406,3.0416,47
2026-02-09 19:01:00,3.0371,3.0371,3.0296,3.0306,3.0421,3.0421,3.0346,3.0356,28
2026-02-09 19:02:00,3.0296,3.0306,3.0266,3.0276,3.0346,3.0356,3.0316,3.0326,21
2026-02-09 19:03:00,3.0286,3.0341,3.0286,3.0306,3.0336,3.0391,3.0336,3.0356,24
2026-02-09 19:04:00,3.0296,3.0316,3.0276,3.0306,3.0346,3.0366,3.0326,3.0356,27
2026-02-09 19:05:00,3.0296,3.0306,3.0266,3.0266,3.0346,3.0356,3.0316,3.0316,22
2026-02-09 19:06:00,3.0256,3.0301,3.0256,3.0296,3.0306,3.0351,3.0306,3.0346,31
2026-02-09 19:07:00,3.0291,3.0296,3.0261,3.0276,3.0341,3.0346,3.0311,3.0326,15
2026-02-09 19:08:00,3.0271,3.0271,3.0246,3.0266,3.0321,3.0321,3.0296,3.0316,18
2026-02-09 19:09:00,3.0261,3.0291,3.0261,3.0276,3.0311,3.0341,3.0311,3.0326,18
2026-02-09 19:10:00,3.0266,3.0336,3.0266,3.0331,3.0316,3.0386,3.0316,3.0381,17
2026-02-09 19:11:00,3.0326,3.0346,3.0326,3.0331,3.0376,3.0396,3.0376,3.0381,18
2026-02-09 19:12:00,3.0336,3.0346,3.0326,3.0346,3.0386,3.0396,3.0376,3.0396,16
2026-02-09 19:13:00,3.0341,3.0346,3.0316,3.0336,3.0391,3.0396,3.0366,3.0386,20
2026-02-09 19:14:00,3.0326,3.0346,3.0316,3.0341,3.0376,3.0396,3.0366,3.0391,14
2026-02-09 19:15:00,3.0336,3.0396,3.0316,3.0396,3.0386,3.0446,3.0366,3.0446,42
2026-02-09 19:16:00,3.0401,3.0406,3.0366,3.0376,3.0451,3.0456,3.0416,3.0426,24
2026-02-09 19:17:00,3.0371,3.0376,3.0356,3.0366,3.0421,3.0426,3.0406,3.0416,11
2026-02-09 19:18:00,3.0376,3.0456,3.0366,3.0436,3.0426,3.0506,3.0416,3.0486,22
2026-02-09 19:19:00,3.0456,3.0486,3.0406,3.0426,3.0506,3.0536,3.0456,3.0476,42
2026-02-09 19:20:00,3.0421,3.0451,3.0386,3.0396,3.0471,3.0501,3.0436,3.0446,28
2026-02-09 19:21:00,3.0381,3.0406,3.0356,3.0371,3.0431,3.0456,3.0406,3.0421,39
2026-02-09 19:22:00,3.0366,3.0376,3.0226,3.0246,3.0416,3.0426,3.0276,3.0296,52
2026-02-09 19:23:00,3.0251,3.0251,3.0196,3.0216,3.0301,3.0301,3.0246,3.0266,39
2026-02-09 19:24:00,3.0221,3.0296,3.0191,3.0266,3.0271,3.0346,3.0241,3.0316,54
2026-02-09 19:25:00,3.0261,3.0261,3.0186,3.0201,3.0311,3.0311,3.0236,3.0251,64
2026-02-09 19:26:00,3.0206,3.0216,3.0181,3.0211,3.0256,3.0266,3.0231,3.0261,42
2026-02-09 19:27:00,3.0206,3.0216,3.0156,3.0176,3.0256,3.0266,3.0206,3.0226,43
2026-02-09 19:28:00,3.0166,3.0176,3.0106,3.0131,3.0216,3.0226,3.0156,3.0181,80
2026-02-09 19:29:00,3.0136,3.0151,3.0076,3.0101,3.0186,3.0201,3.0126,3.0151,59
2026-02-09 19:30:00,3.0106,3.0206,3.0106,3.0196,3.0156,3.0256,3.0156,3.0246,58
2026-02-09 19:31:00,3.0201,3.0216,3.0161,3.0171,3.0251,3.0266,3.0211,3.0221,33
2026-02-09 19:32:00,3.0166,3.0186,3.0151,3.0156,3.0216,3.0236,3.0201,3.0206,25
2026-02-09 19:33:00,3.0146,3.0146,3.0096,3.0096,3.0196,3.0196,3.0146,3.0146,17
2026-02-09 19:34:00,3.0101,3.0121,3.0096,3.0116,3.0151,3.0171,3.0146,3.0166,25
2026-02-09 19:35:00,3.0096,3.0226,3.0096,3.0181,3.0146,3.0276,3.0146,3.0231,52
2026-02-09 19:36:00,3.0191,3.0196,3.0151,3.0156,3.0241,3.0246,3.0201,3.0206,29
2026-02-09 19:37:00,3.0161,3.0236,3.0161,3.0216,3.0211,3.0286,3.0211,3.0266,64
2026-02-09 19:38:00,3.0211,3.0211,3.0151,3.0151,3.0261,3.0261,3.0201,3.0201,29
2026-02-09 19:39:00,3.0146,3.0156,3.0106,3.0116,3.0196,3.0206,3.0156,3.0166,43
2026-02-09 19:40:00,3.0121,3.0166,3.0121,3.0146,3.0171,3.0216,3.0171,3.0196,40
2026-02-09 19:41:00,3.0141,3.0156,3.0086,3.0091,3.0191,3.0206,3.0136,3.0141,28
2026-02-09 19:42:00,3.0086,3.0106,3.0056,3.0066,3.0136,3.0156,3.0106,3.0116,28
2026-02-09 19:43:00,3.0061,3.0206,3.0046,3.0176,3.0111,3.0256,3.0096,3.0226,92
2026-02-09 19:44:00,3.0186,3.0226,3.0141,3.0151,3.0236,3.0276,3.0191,3.0201,83
2026-02-09 19:45:00,3.0156,3.0186,3.0141,3.0181,3.0206,3.0236,3.0191,3.0231,48
2026-02-09 19:46:00,3.0186,3.0186,3.0126,3.0151,3.0236,3.0236,3.0176,3.0201,33
2026-02-09 19:47:00,3.0156,3.0166,3.0136,3.0136,3.0206,3.0216,3.0186,3.0186,15
2026-02-09 19:48:00,3.0146,3.0151,3.0106,3.0116,3.0196,3.0201,3.0156,3.0166,32
2026-02-09 19:49:00,3.0106,3.0226,3.0076,3.0206,3.0156,3.0276,3.0126,3.0256,41
2026-02-09 19:50:00,3.0201,3.0311,3.0196,3.0276,3.0251,3.0361,3.0246,3.0326,113
2026-02-09 19:51:00,3.0266,3.0366,3.0266,3.0356,3.0316,3.0416,3.0316,3.0406,67
2026-02-09 19:52:00,3.0361,3.0381,3.0236,3.0266,3.0411,3.0431,3.0286,3.0316,100
2026-02-09 19:53:00,3.0256,3.0336,3.0246,3.0326,3.0306,3.0386,3.0296,3.0376,41
2026-02-09 19:54:00,3.0316,3.0316,3.0286,3.0296,3.0366,3.0366,3.0336,3.0346,42
2026-02-09 19:55:00,3.0311,3.0336,3.0306,3.0331,3.0361,3.0386,3.0356,3.0381,28
2026-02-09 19:56:00,3.0336,3.0356,3.0331,3.0346,3.0386,3.0406,3.0381,3.0396,44
2026-02-09 19:57:00,3.0351,3.0361,3.0331,3.0336,3.0401,3.0411,3.0381,3.0386,12
2026-02-09 19:58:00,3.0341,3.0341,3.0296,3.0326,3.0391,3.0391,3.0346,3.0376,23
2026-02-09 19:59:00,3.0336,3.0336,3.0281,3.0281,3.0386,3.0386,3.0331,3.0331,21
2026-02-09 20:00:00,3.0286,3.0301,3.0266,3.0276,3.0336,3.0351,3.0316,3.0326,23
2026-02-09 20:01:00,3.0266,3.0266,3.0231,3.0236,3.0316,3.0316,3.0281,3.0286,24
2026-02-09 20:02:00,3.0231,3.0236,3.0216,3.0226,3.0281,3.0286,3.0266,3.0276,20
2026-02-09 20:03:00,3.0221,3.0296,3.0211,3.0246,3.0271,3.0346,3.0261,3.0296,65
2026-02-09 20:04:00,3.0241,3.0246,3.0216,3.0246,3.0291,3.0296,3.0266,3.0296,29
2026-02-09 20:05:00,3.0241,3.0246,3.0216,3.0216,3.0291,3.0296,3.0266,3.0266,16
2026-02-09 20:06:00,3.0226,3.0261,3.0226,3.0261,3.0276,3.0311,3.0276,3.0311,23
2026-02-09 20:07:00,3.0256,3.0286,3.0246,3.0281,3.0306,3.0336,3.0296,3.0331,30
2026-02-09 20:08:00,3.0286,3.0296,3.0261,3.0261,3.0336,3.0346,3.0311,3.0311,33
2026-02-09 20:09:00,3.0256,3.0266,3.0236,3.0246,3.0306,3.0316,3.0286,3.0296,20
2026-02-09 20:10:00,3.0241,3.0281,3.0236,3.0256,3.0291,3.0331,3.0286,3.0306,44
2026-02-09 20:11:00,3.0246,3.0266,3.0236,3.0246,3.0296,3.0316,3.0286,3.0296,19
2026-02-09 20:12:00,3.0241,3.0256,3.0226,3.0251,3.0291,3.0306,3.0276,3.0301,32
2026-02-09 20:13:00,3.0246,3.0256,3.0231,3.0256,3.0296,3.0306,3.0281,3.0306,30
2026-02-09 20:14:00,3.0266,3.0266,3.0236,3.0266,3.0316,3.0316,3.0286,3.0316,20
2026-02-09 20:15:00,3.0256,3.0266,3.0236,3.0236,3.0306,3.0316,3.0286,3.0286,16
2026-02-09 20:16:00,3.0241,3.0261,3.0216,3.0226,3.0291,3.0311,3.0266,3.0276,39
2026-02-09 20:17:00,3.0236,3.0246,3.0206,3.0216,3.0286,3.0296,3.0256,3.0266,45
2026-02-09 20:18:00,3.0226,3.0256,3.0221,3.0226,3.0276,3.0306,3.0271,3.0276,29
2026-02-09 20:19:00,3.0216,3.0236,3.0216,3.0231,3.0266,3.0286,3.0266,3.0281,26
2026-02-09 20:20:00,3.0236,3.0236,3.0166,3.0166,3.0286,3.0286,3.0216,3.0216,48
2026-02-09 20:21:00,3.0161,3.0166,3.0131,3.0136,3.0211,3.0216,3.0181,3.0186,40
2026-02-09 20:22:00,3.0141,3.0156,3.0106,3.0136,3.0191,3.0206,3.0156,3.0186,45
2026-02-09 20:23:00,3.0126,3.0166,3.0116,3.0151,3.0176,3.0216,3.0166,3.0201,50
2026-02-09 20:24:00,3.0146,3.0166,3.0116,3.0136,3.0196,3.0216,3.0166,3.0186,45
2026-02-09 20:25:00,3.0146,3.0236,3.0146,3.0226,3.0196,3.0286,3.0196,3.0276,73
2026-02-09 20:26:00,3.0236,3.0236,3.0156,3.0166,3.0286,3.0286,3.0206,3.0216,57
2026-02-09 20:27:00,3.0171,3.0231,3.0161,3.0216,3.0221,3.0281,3.0211,3.0266,87
2026-02-09 20:28:00,3.0226,3.0296,3.0076,3.0126,3.0276,3.0346,3.0126,3.0176,244
2026-02-09 20:29:00,3.0131,3.0136,3.0046,3.0106,3.0181,3.0186,3.0096,3.0156,211
2026-02-09 20:30:00,3.0111,3.0116,3.0096,3.0106,3.0161,3.0166,3.0146,3.0156,34
2026-02-09 20:31:00,3.0116,3.0116,3.0076,3.0096,3.0166,3.0166,3.0126,3.0146,42
2026-02-09 20:32:00,3.0101,3.0101,3.0076,3.0086,3.0151,3.0151,3.0126,3.0136,9
2026-02-09 20:33:00,3.0096,3.0166,3.0096,3.0126,3.0146,3.0216,3.0146,3.0176,26
2026-02-09 20:34:00,3.0116,3.0136,3.0106,3.0106,3.0166,3.0186,3.0156,3.0156,21
2026-02-09 20:35:00,3.0116,3.0131,3.0106,3.0106,3.0166,3.0181,3.0156,3.0156,18
2026-02-09 20:36:00,3.0111,3.0131,3.0101,3.0131,3.0161,3.0181,3.0151,3.0181,14
2026-02-09 20:37:00,3.0126,3.0126,3.0116,3.0121,3.0176,3.0176,3.0166,3.0171,16
2026-02-09 20:38:00,3.0116,3.0126,3.0086,3.0111,3.0166,3.0176,3.0136,3.0161,32
2026-02-09 20:39:00,3.0116,3.0116,3.0101,3.0101,3.0166,3.0166,3.0151,3.0151,16
2026-02-09 20:40:00,3.0096,3.0116,3.0076,3.0111,3.0146,3.0166,3.0126,3.0161,27
2026-02-09 20:41:00,3.0121,3.0126,3.0106,3.0116,3.0171,3.0176,3.0156,3.0166,16
2026-02-09 20:42:00,3.0126,3.0136,3.0116,3.0121,3.0176,3.0186,3.0166,3.0171,17
2026-02-09 20:43:00,3.0111,3.0116,3.0076,3.0076,3.0161,3.0166,3.0126,3.0126,26
2026-02-09 20:44:00,3.0081,3.0106,3.0066,3.0096,3.0131,3.0156,3.0116,3.0146,23
2026-02-09 20:45:00,3.0086,3.0101,3.0086,3.0086,3.0136,3.0151,3.0136,3.0136,17
2026-02-09 20:46:00,3.0091,3.0091,3.0046,3.0066,3.0141,3.0141,3.0096,3.0116,13
2026-02-09 20:47:00,3.0076,3.0116,3.0066,3.0116,3.0126,3.0166,3.0116,3.0166,18
2026-02-09 20:48:00,3.0121,3.0126,3.0096,3.0101,3.0171,3.0176,3.0146,3.0151,12
2026-02-09 20:49:00,3.0096,3.0096,3.0076,3.0091,3.0146,3.0146,3.0126,3.0141,13
2026-02-09 20:50:00,3.0086,3.0101,3.0066,3.0076,3.0136,3.0151,3.0116,3.0126,18
2026-02-09 20:51:00,3.0081,3.0106,3.0081,3.0106,3.0131,3.0156,3.0131,3.0156,10
2026-02-09 20:52:00,3.0101,3.0101,3.0086,3.0091,3.0151,3.0151,3.0136,3.0141,7
2026-02-09 20:53:00,3.0086,3.0096,3.0081,3.0086,3.0136,3.0146,3.0131,3.0136,9
2026-02-09 20:54:00,3.0096,3.0096,3.0056,3.0061,3.0146,3.0146,3.0106,3.0111,24
2026-02-09 20:55:00,3.0066,3.0066,3.0046,3.0066,3.0116,3.0116,3.0096,3.0116,18
2026-02-09 20:56:00,3.0046,3.0061,3.0046,3.0056,3.0096,3.0111,3.0096,3.0106,13
2026-02-09 20:57:00,3.0061,3.0076,3.0026,3.0031,3.0111,3.0126,3.0076,3.0081,14
2026-02-09 20:58:00,3.0041,3.0066,3.0041,3.0056,3.0091,3.0116,3.0091,3.0106,12
2026-02-09 20:59:00,3.0066,3.0076,3.0046,3.0056,3.0116,3.0126,3.0096,3.0106,21
2026-02-09 21:00:00,3.0051,3.0066,3.0046,3.0056,3.0101,3.0116,3.0096,3.0106,14
2026-02-09 21:01:00,3.0066,3.0076,3.0061,3.0076,3.0116,3.0126,3.0111,3.0126,11
2026-02-09 21:02:00,3.0071,3.0071,3.0056,3.0066,3.0121,3.0121,3.0106,3.0116,9
2026-02-09 21:03:00,3.0056,3.0066,3.0036,3.0056,3.0106,3.0116,3.0086,3.0106,23
2026-02-09 21:04:00,3.0051,3.0071,3.0051,3.0056,3.0101,3.0121,3.0101,3.0106,11
2026-02-09 21:05:00,3.0046,3.0046,3.0026,3.0036,3.0096,3.0096,3.0076,3.0086,10
2026-02-09 21:06:00,3.0031,3.0036,2.9996,3.0016,3.0081,3.0086,3.0046,3.0066,25
2026-02-09 21:07:00,3.0021,3.0026,2.9996,3.0016,3.0071,3.0076,3.0046,3.0066,26
2026-02-09 21:08:00,3.0006,3.0006,2.9996,3.0001,3.0056,3.0056,3.0046,3.0051,14
2026-02-09 21:09:00,2.9996,2.9996,2.9986,2.9996,3.0046,3.0046,3.0036,3.0046,16
2026-02-09 21:10:00,3.0001,3.0001,2.9986,2.9986,3.0051,3.0051,3.0036,3.0036,3
2026-02-09 21:11:00,2.9981,2.9986,2.9971,2.9971,3.0031,3.0036,3.0021,3.0021,17
2026-02-09 21:12:00,2.9976,2.9996,2.9971,2.9996,3.0026,3.0046,3.0021,3.0046,16
2026-02-09 21:13:00,2.9986,2.9996,2.9986,2.9991,3.0036,3.0046,3.0036,3.0041,8
2026-02-09 21:14:00,2.9996,2.9996,2.9976,2.9976,3.0046,3.0046,3.0026,3.0026,5
2026-02-09 21:15:00,2.9981,2.9981,2.9956,2.9961,3.0031,3.0031,3.0006,3.0011,22
2026-02-09 21:16:00,2.9966,2.9991,2.9956,2.9966,3.0016,3.0041,3.0006,3.0016,20
2026-02-09 21:17:00,2.9971,3.0001,2.9971,2.9996,3.0021,3.0051,3.0021,3.0046,15
2026-02-09 21:18:00,3.0001,3.0001,2.9986,3.0001,3.0051,3.0051,3.0036,3.0051,17
2026-02-09 21:19:00,3.0006,3.0006,2.9966,2.9986,3.0056,3.0056,3.0016,3.0036,16
2026-02-09 21:20:00,2.9981,2.9986,2.9966,2.9966,3.0031,3.0036,3.0016,3.0016,9
2026-02-09 21:21:00,2.9971,3.0011,2.9971,3.0006,3.0021,3.0061,3.0021,3.0056,22
2026-02-09 21:22:00,3.0011,3.0016,2.9986,2.9991,3.0061,3.0066,3.0036,3.0041,13
2026-02-09 21:23:00,2.9986,2.9986,2.9986,2.9986,3.0036,3.0036,3.0036,3.0036,1
2026-02-09 21:24:00,2.9996,3.0006,2.9976,2.9981,3.0046,3.0056,3.0026,3.0031,6
2026-02-09 21:25:00,2.9976,3.0021,2.9976,2.9996,3.0026,3.0071,3.0026,3.0046,23
2026-02-09 21:26:00,2.9986,3.0011,2.9976,3.0006,3.0036,3.0061,3.0026,3.0056,13
2026-02-09 21:27:00,3.0011,3.0041,3.0006,3.0026,3.0061,3.0091,3.0056,3.0076,21
2026-02-09 21:28:00,3.0031,3.0036,3.0016,3.0036,3.0081,3.0086,3.0066,3.0086,11
2026-02-09 21:29:00,3.0026,3.0036,3.0026,3.0031,3.0076,3.0086,3.0076,3.0081,7
2026-02-09 21:30:00,3.0036,3.0066,3.0036,3.0046,3.0086,3.0116,3.0086,3.0096,14
2026-02-09 21:31:00,3.0041,3.0046,3.0036,3.0041,3.0091,3.0096,3.0086,3.0091,12
2026-02-09 21:32:00,3.0046,3.0061,3.0046,3.0061,3.0096,3.0111,3.0096,3.0111,11
2026-02-09 21:33:00,3.0066,3.0086,3.0056,3.0061,3.0116,3.0136,3.0106,3.0111,33
2026-02-09 21:34:00,3.0056,3.0066,3.0036,3.0046,3.0106,3.0116,3.0086,3.0096,15
2026-02-09 21:35:00,3.0056,3.0056,3.0036,3.0051,3.0106,3.0106,3.0086,3.0101,17
2026-02-09 21:36:00,3.0056,3.0056,3.0026,3.0046,3.0106,3.0106,3.0076,3.0096,17
2026-02-09 21:37:00,3.0041,3.0046,3.0036,3.0041,3.0091,3.0096,3.0086,3.0091,7
2026-02-09 21:38:00,3.0046,3.0046,3.0026,3.0041,3.0096,3.0096,3.0076,3.0091,13
2026-02-09 21:39:00,3.0046,3.0046,3.0026,3.0041,3.0096,3.0096,3.0076,3.0091,18
2026-02-09 21:40:00,3.0046,3.0046,3.0021,3.0036,3.0096,3.0096,3.0071,3.0086,8
2026-02-09 21:41:00,3.0031,3.0046,3.0031,3.0046,3.0081,3.0096,3.0081,3.0096,5
2026-02-09 21:42:00,3.0036,3.0056,3.0036,3.0041,3.0086,3.0106,3.0086,3.0091,7
2026-02-09 21:43:00,3.0046,3.0046,3.0036,3.0046,3.0096,3.0096,3.0086,3.0096,3
2026-02-09 21:44:00,3.0041,3.0041,3.0021,3.0026,3.0091,3.0091,3.0071,3.0076,7
2026-02-09 21:45:00,3.0031,3.0036,3.0021,3.0026,3.0081,3.0086,3.0071,3.0076,5
2026-02-09 21:46:00,3.0021,3.0031,3.0016,3.0031,3.0071,3.0081,3.0066,3.0081,6
2026-02-09 21:47:00,3.0026,3.0036,3.0026,3.0026,3.0076,3.0086,3.0076,3.0076,12
2026-02-09 21:48:00,3.0031,3.0036,3.0016,3.0021,3.0081,3.0086,3.0066,3.0071,12
2026-02-09 21:49:00,3.0016,3.0031,3.0006,3.0026,3.0066,3.0081,3.0056,3.0076,19
2026-02-09 21:50:00,3.0036,3.0036,2.9986,2.9996,3.0086,3.0086,3.0036,3.0046,23
2026-02-09 21:51:00,3.0001,3.0006,2.9986,3.0001,3.0051,3.0056,3.0036,3.0051,14
2026-02-09 21:52:00,3.0006,3.0011,2.9986,3.0006,3.0056,3.0061,3.0036,3.0056,25
2026-02-09 21:53:00,3.0016,3.0046,2.9996,3.0036,3.0066,3.0096,3.0046,3.0086,19
2026-02-09 21:54:00,3.0031,3.0041,3.0026,3.0036,3.0081,3.0091,3.0076,3.0086,8
2026-02-09 21:55:00,3.0041,3.0066,3.0026,3.0061,3.0091,3.0116,3.0076,3.0111,17
2026-02-09 21:56:00,3.0066,3.0076,3.0046,3.0056,3.0116,3.0126,3.0096,3.0106,15
2026-02-09 21:57:00,3.0051,3.0086,3.0051,3.0076,3.0101,3.0136,3.0101,3.0126,19
2026-02-09 21:58:00,3.0086,3.0086,3.0056,3.0071,3.0136,3.0136,3.0106,3.0121,16
2026-02-09 21:59:00,3.0076,3.0106,3.0076,3.0091,3.0126,3.0156,3.0126,3.0141,15
2026-02-09 22:00:00,3.0096,3.0116,3.0096,3.0111,3.0146,3.0166,3.0146,3.0161,11
2026-02-09 22:01:00,3.0116,3.0136,3.0116,3.0126,3.0166,3.0186,3.0166,3.0176,12
2026-02-09 22:02:00,3.0121,3.0121,3.0106,3.0116,3.0171,3.0171,3.0156,3.0166,4
2026-02-09 22:03:00,3.0126,3.0136,3.0116,3.0121,3.0176,3.0186,3.0166,3.0171,13
2026-02-09 22:04:00,3.0116,3.0126,3.0096,3.0116,3.0166,3.0176,3.0146,3.0166,15
2026-02-09 22:05:00,3.0121,3.0126,3.0116,3.0116,3.0171,3.0176,3.0166,3.0166,5
2026-02-09 22:06:00,3.0111,3.0116,3.0111,3.0116,3.0161,3.0166,3.0161,3.0166,2
2026-02-09 22:07:00,3.0111,3.0121,3.0106,3.0116,3.0161,3.0171,3.0156,3.0166,7
2026-02-09 22:08:00,3.0121,3.0121,3.0111,3.0111,3.0171,3.0171,3.0161,3.0161,3
2026-02-09 22:09:00,3.0121,3.0131,3.0121,3.0126,3.0171,3.0181,3.0171,3.0176,4
2026-02-09 22:10:00,3.0121,3.0131,3.0111,3.0126,3.0171,3.0181,3.0161,3.0176,13
2026-02-09 22:11:00,3.0121,3.0121,3.0081,3.0101,3.0171,3.0171,3.0131,3.0151,9
2026-02-09 22:12:00,3.0111,3.0111,3.0091,3.0096,3.0161,3.0161,3.0141,3.0146,7
2026-02-09 22:14:00,3.0091,3.0091,3.0086,3.0086,3.0141,3.0141,3.0136,3.0136,2
2026-02-09 22:15:00,3.0081,3.0126,3.0081,3.0116,3.0131,3.0176,3.0131,3.0166,9
2026-02-09 22:16:00,3.0126,3.0136,3.0126,3.0131,3.0176,3.0186,3.0176,3.0181,3
2026-02-09 22:17:00,3.0126,3.0131,3.0126,3.0131,3.0176,3.0181,3.0176,3.0181,4
2026-02-09 22:18:00,3.0136,3.0136,3.0131,3.0131,3.0186,3.0186,3.0181,3.0181,2
2026-02-09 22:19:00,3.0141,3.0156,3.0141,3.0156,3.0191,3.0206,3.0191,3.0206,5
2026-02-09 22:20:00,3.0151,3.0151,3.0151,3.0151,3.0201,3.0201,3.0201,3.0201,1
2026-02-09 22:21:00,3.0146,3.0166,3.0146,3.0166,3.0196,3.0216,3.0196,3.0216,7
2026-02-09 22:22:00,3.0161,3.0161,3.0161,3.0161,3.0211,3.0211,3.0211,3.0211,1
2026-02-09 22:23:00,3.0156,3.0166,3.0146,3.0151,3.0206,3.0216,3.0196,3.0201,5
2026-02-09 22:24:00,3.0156,3.0156,3.0156,3.0156,3.0206,3.0206,3.0206,3.0206,1
2026-02-09 22:25:00,3.0161,3.0166,3.0161,3.0166,3.0211,3.0216,3.0211,3.0216,2
2026-02-09 22:26:00,3.0176,3.0191,3.0176,3.0191,3.0226,3.0241,3.0226,3.0241,5
2026-02-09 22:27:00,3.0196,3.0196,3.0196,3.0196,3.0246,3.0246,3.0246,3.0246,1
2026-02-09 22:28:00,3.0191,3.0191,3.0176,3.0181,3.0241,3.0241,3.0226,3.0231,7
2026-02-09 22:29:00,3.0191,3.0196,3.0176,3.0186,3.0241,3.0246,3.0226,3.0236,7
2026-02-09 22:30:00,3.0191,3.0191,3.0181,3.0186,3.0241,3.0241,3.0231,3.0236,3
2026-02-09 22:31:00,3.0166,3.0166,3.0151,3.0166,3.0216,3.0216,3.0201,3.0216,5
2026-02-09 22:32:00,3.0156,3.0156,3.0156,3.0156,3.0206,3.0206,3.0206,3.0206,1
2026-02-09 22:34:00,3.0161,3.0176,3.0161,3.0176,3.0211,3.0226,3.0211,3.0226,4
2026-02-09 22:36:00,3.0166,3.0166,3.0156,3.0166,3.0216,3.0216,3.0206,3.0216,5
2026-02-09 22:37:00,3.0156,3.0166,3.0156,3.0156,3.0206,3.0216,3.0206,3.0206,3
2026-02-09 22:39:00,3.0151,3.0151,3.0146,3.0146,3.0201,3.0201,3.0196,3.0196,2
2026-02-09 22:40:00,3.0151,3.0156,3.0146,3.0146,3.0201,3.0206,3.0196,3.0196,3
2026-02-09 22:41:00,3.0151,3.0156,3.0151,3.0156,3.0201,3.0206,3.0201,3.0206,2
2026-02-09 22:42:00,3.0146,3.0151,3.0146,3.0151,3.0196,3.0201,3.0196,3.0201,2
2026-02-09 22:43:00,3.0146,3.0156,3.0146,3.0146,3.0196,3.0206,3.0196,3.0196,6
2026-02-09 22:44:00,3.0151,3.0156,3.0151,3.0156,3.0201,3.0206,3.0201,3.0206,2
2026-02-09 22:45:00,3.0161,3.0166,3.0151,3.0166,3.0211,3.0216,3.0201,3.0216,5
2026-02-09 22:46:00,3.0161,3.0176,3.0161,3.0176,3.0211,3.0226,3.0211,3.0226,3
2026-02-09 22:47:00,3.0171,3.0176,3.0171,3.0176,3.0221,3.0226,3.0221,3.0226,2
2026-02-09 22:48:00,3.0171,3.0176,3.0156,3.0166,3.0221,3.0226,3.0206,3.0216,5
2026-02-09 22:49:00,3.0161,3.0161,3.0146,3.0156,3.0211,3.0211,3.0196,3.0206,3
2026-02-09 22:50:00,3.0161,3.0186,3.0161,3.0161,3.0211,3.0236,3.0211,3.0211,10
2026-02-09 22:51:00,3.0156,3.0186,3.0156,3.0166,3.0206,3.0236,3.0206,3.0216,8
2026-02-09 22:52:00,3.0161,3.0186,3.0161,3.0171,3.0211,3.0236,3.0211,3.0221,6
2026-02-09 22:53:00,3.0166,3.0166,3.0146,3.0151,3.0216,3.0216,3.0196,3.0201,3
2026-02-09 22:54:00,3.0136,3.0141,3.0136,3.0136,3.0186,3.0191,3.0186,3.0186,3
2026-02-09 22:55:00,3.0141,3.0141,3.0126,3.0136,3.0191,3.0191,3.0176,3.0186,8
2026-02-09 22:56:00,3.0131,3.0136,3.0126,3.0126,3.0181,3.0186,3.0176,3.0176,13
2026-02-09 22:57:00,3.0131,3.0156,3.0131,3.0156,3.0181,3.0206,3.0181,3.0206,5
2026-02-09 22:58:00,3.0161,3.0206,3.0161,3.0166,3.0211,3.0256,3.0211,3.0216,21
2026-02-09 22:59:00,3.0156,3.0775,3.0136,3.0775,3.0206,3.0825,3.0186,3.0825,18
2026-02-10 00:00:00,3.077,3.0815,3.0735,3.077,3.082,3.0865,3.0785,3.082,40
2026-02-10 00:01:00,3.0765,3.0765,3.0715,3.0715,3.0815,3.0815,3.0765,3.0765,11
2026-02-10 00:02:00,3.0725,3.073,3.0715,3.0715,3.0775,3.078,3.0765,3.0765,4
2026-02-10 00:03:00,3.071,3.071,3.07,3.07,3.076,3.076,3.075,3.075,6
2026-02-10 00:04:00,3.0695,3.0695,3.0685,3.069,3.0745,3.0745,3.0735,3.074,4
2026-02-10 00:05:00,3.0685,3.069,3.0675,3.069,3.0735,3.074,3.0725,3.074,4
2026-02-10 00:06:00,3.07,3.07,3.07,3.07,3.075,3.075,3.075,3.075,1
2026-02-10 00:08:00,3.071,3.0715,3.071,3.0715,3.076,3.0765,3.076,3.0765,2
2026-02-10 00:09:00,3.072,3.072,3.0695,3.0695,3.077,3.077,3.0745,3.0745,4
2026-02-10 00:10:00,3.069,3.0705,3.0675,3.068,3.074,3.0755,3.0725,3.073,9
2026-02-10 00:11:00,3.0685,3.0685,3.067,3.067,3.0735,3.0735,3.072,3.072,5
2026-02-10 00:12:00,3.0675,3.068,3.067,3.068,3.0725,3.073,3.072,3.073,4
2026-02-10 00:13:00,3.0685,3.069,3.0685,3.069,3.0735,3.074,3.0735,3.074,2
2026-02-10 00:14:00,3.0695,3.0705,3.0695,3.0695,3.0745,3.0755,3.0745,3.0745,4
2026-02-10 00:16:00,3.071,3.071,3.07,3.071,3.076,3.076,3.075,3.076,3
2026-02-10 00:17:00,3.0705,3.0715,3.0705,3.0715,3.0755,3.0765,3.0755,3.0765,5
2026-02-10 00:18:00,3.072,3.072,3.072,3.072,3.077,3.077,3.077,3.077,1
2026-02-10 00:19:00,3.0715,3.0715,3.0705,3.0705,3.0765,3.0765,3.0755,3.0755,2
2026-02-10 00:20:00,3.07,3.07,3.068,3.068,3.075,3.075,3.073,3.073,4
2026-02-10 00:21:00,3.0675,3.068,3.0655,3.0675,3.0725,3.073,3.0705,3.0725,8
2026-02-10 00:22:00,3.0685,3.071,3.0685,3.0705,3.0735,3.076,3.0735,3.0755,4
2026-02-10 00:23:00,3.069,3.069,3.0675,3.0675,3.074,3.074,3.0725,3.0725,4
2026-02-10 00:24:00,3.067,3.0675,3.067,3.0675,3.072,3.0725,3.072,3.0725,2
2026-02-10 00:25:00,3.068,3.069,3.0665,3.0665,3.073,3.074,3.0715,3.0715,7
2026-02-10 00:26:00,3.066,3.066,3.065,3.065,3.071,3.071,3.07,3.07,2
2026-02-10 00:27:00,3.0655,3.0665,3.0655,3.0655,3.0705,3.0715,3.0705,3.0705,4
2026-02-10 00:28:00,3.0665,3.0665,3.0665,3.0665,3.0715,3.0715,3.0715,3.0715,1
2026-02-10 00:29:00,3.067,3.067,3.0665,3.0665,3.072,3.072,3.0715,3.0715,2
2026-02-10 00:30:00,3.067,3.0685,3.0655,3.0655,3.072,3.0735,3.0705,3.0705,6
2026-02-10 00:31:00,3.0665,3.0665,3.066,3.0665,3.0715,3.0715,3.071,3.0715,3
2026-02-10 00:32:00,3.067,3.067,3.067,3.067,3.072,3.072,3.072,3.072,1
2026-02-10 00:34:00,3.0675,3.0675,3.0675,3.0675,3.0725,3.0725,3.0725,3.0725,1
2026-02-10 00:37:00,3.067,3.068,3.067,3.068,3.072,3.073,3.072,3.073,3
2026-02-10 00:38:00,3.067,3.068,3.0655,3.066,3.072,3.073,3.0705,3.071,7
2026-02-10 00:39:00,3.0665,3.0675,3.0665,3.0675,3.0715,3.0725,3.0715,3.0725,3
2026-02-10 00:41:00,3.0685,3.0685,3.0685,3.0685,3.0735,3.0735,3.0735,3.0735,1
2026-02-10 00:45:00,3.068,3.069,3.068,3.0685,3.073,3.074,3.073,3.0735,4
2026-02-10 00:48:00,3.069,3.069,3.0685,3.069,3.074,3.074,3.0735,3.074,3
2026-02-10 00:51:00,3.0685,3.0685,3.0685,3.0685,3.0735,3.0735,3.0735,3.0735,1
2026-02-10 00:53:00,3.069,3.07,3.0685,3.0685,3.074,3.075,3.0735,3.0735,4
2026-02-10 00:54:00,3.068,3.068,3.066,3.066,3.073,3.073,3.071,3.071,4
2026-02-10 00:55:00,3.0665,3.0685,3.066,3.067,3.0715,3.0735,3.071,3.072,7
2026-02-10 00:56:00,3.0665,3.0665,3.064,3.064,3.0715,3.0715,3.069,3.069,5
2026-02-10 00:57:00,3.065,3.065,3.063,3.063,3.07,3.07,3.068,3.068,4
2026-02-10 00:58:00,3.064,3.065,3.064,3.065,3.069,3.07,3.069,3.07,2
2026-02-10 00:59:00,3.0645,3.0645,3.0635,3.0645,3.0695,3.0695,3.0685,3.0695,6
2026-02-10 01:00:00,3.065,3.0675,3.064,3.0675,3.07,3.0725,3.069,3.0725,8
2026-02-10 01:01:00,3.066,3.066,3.066,3.066,3.071,3.071,3.071,3.071,1
2026-02-10 01:02:00,3.067,3.067,3.0665,3.067,3.072,3.072,3.0715,3.072,3
2026-02-10 01:03:00,3.0675,3.0675,3.066,3.066,3.0725,3.0725,3.071,3.071,4
2026-02-10 01:04:00,3.0665,3.067,3.066,3.066,3.0715,3.072,3.071,3.071,6
2026-02-10 01:05:00,3.0665,3.067,3.0665,3.067,3.0715,3.072,3.0715,3.072,2
2026-02-10 01:06:00,3.0665,3.068,3.0665,3.0675,3.0715,3.073,3.0715,3.0725,4
2026-02-10 01:07:00,3.068,3.068,3.0675,3.0675,3.073,3.073,3.0725,3.0725,2
2026-02-10 01:08:00,3.068,3.068,3.067,3.0675,3.073,3.073,3.072,3.0725,3
2026-02-10 01:09:00,3.068,3.0695,3.068,3.069,3.073,3.0745,3.073,3.074,7
2026-02-10 01:10:00,3.0695,3.0695,3.0695,3.0695,3.0745,3.0745,3.0745,3.0745,1
2026-02-10 01:11:00,3.0705,3.0715,3.069,3.0695,3.0755,3.0765,3.074,3.0745,11
2026-02-10 01:12:00,3.07,3.07,3.0695,3.0695,3.075,3.075,3.0745,3.0745,2
2026-02-10 01:13:00,3.07,3.07,3.069,3.069,3.075,3.075,3.074,3.074,4
2026-02-10 01:14:00,3.0695,3.07,3.068,3.0685,3.0745,3.075,3.073,3.0735,5
2026-02-10 01:16:00,3.069,3.069,3.069,3.069,3.074,3.074,3.074,3.074,1
2026-02-10 01:17:00,3.0685,3.0685,3.0685,3.0685,3.0735,3.0735,3.0735,3.0735,1
2026-02-10 01:19:00,3.0675,3.0675,3.065,3.0655,3.0725,3.0725,3.07,3.0705,5
2026-02-10 01:20:00,3.0665,3.067,3.0665,3.0665,3.0715,3.072,3.0715,3.0715,3
2026-02-10 01:21:00,3.067,3.067,3.067,3.067,3.072,3.072,3.072,3.072,1
2026-02-10 01:22:00,3.0665,3.0665,3.0665,3.0665,3.0715,3.0715,3.0715,3.0715,1
2026-02-10 01:23:00,3.067,3.067,3.067,3.067,3.072,3.072,3.072,3.072,1
2026-02-10 01:24:00,3.066,3.066,3.064,3.0645,3.071,3.071,3.069,3.0695,9
2026-02-10 01:25:00,3.064,3.0655,3.064,3.0655,3.069,3.0705,3.069,3.0705,4
2026-02-10 01:26:00,3.066,3.0665,3.066,3.0665,3.071,3.0715,3.071,3.0715,4
2026-02-10 01:28:00,3.068,3.068,3.067,3.067,3.073,3.073,3.072,3.072,3
2026-02-10 01:29:00,3.0665,3.0665,3.0665,3.0665,3.0715,3.0715,3.0715,3.0715,1
2026-02-10 01:30:00,3.0655,3.0655,3.0655,3.0655,3.0705,3.0705,3.0705,3.0705,1
2026-02-10 01:31:00,3.066,3.066,3.0655,3.0655,3.071,3.071,3.0705,3.0705,2
2026-02-10 01:32:00,3.0645,3.065,3.0645,3.0645,3.0695,3.07,3.0695,3.0695,3
2026-02-10 01:33:00,3.065,3.0655,3.0645,3.0645,3.07,3.0705,3.0695,3.0695,4
2026-02-10 01:35:00,3.0655,3.0655,3.0645,3.065,3.0705,3.0705,3.0695,3.07,3
2026-02-10 01:36:00,3.0645,3.065,3.064,3.0645,3.0695,3.07,3.069,3.0695,5
2026-02-10 01:37:00,3.065,3.065,3.0645,3.0645,3.07,3.07,3.0695,3.0695,2
2026-02-10 01:38:00,3.065,3.067,3.065,3.067,3.07,3.072,3.07,3.072,4
2026-02-10 01:39:00,3.068,3.068,3.068,3.068,3.073,3.073,3.073,3.073,1
2026-02-10 01:41:00,3.0675,3.068,3.0675,3.0675,3.0725,3.073,3.0725,3.0725,3
2026-02-10 01:45:00,3.067,3.067,3.067,3.067,3.072,3.072,3.072,3.072,1
2026-02-10 01:46:00,3.066,3.067,3.065,3.065,3.071,3.072,3.07,3.07,8
2026-02-10 01:47:00,3.064,3.064,3.064,3.064,3.069,3.069,3.069,3.069,1
2026-02-10 01:48:00,3.065,3.065,3.065,3.065,3.07,3.07,3.07,3.07,1
2026-02-10 01:50:00,3.066,3.066,3.066,3.066,3.071,3.071,3.071,3.071,1
2026-02-10 01:51:00,3.0655,3.066,3.065,3.066,3.0705,3.071,3.07,3.071,5
2026-02-10 01:52:00,3.067,3.067,3.066,3.066,3.072,3.072,3.071,3.071,3
2026-02-10 01:53:00,3.0665,3.0665,3.0655,3.0655,3.0715,3.0715,3.0705,3.0705,3
2026-02-10 01:54:00,3.066,3.066,3.065,3.065,3.071,3.071,3.07,3.07,2
2026-02-10 01:55:00,3.0655,3.0655,3.0655,3.0655,3.0705,3.0705,3.0705,3.0705,1
2026-02-10 01:56:00,3.066,3.066,3.0645,3.065,3.071,3.071,3.0695,3.07,5
2026-02-10 01:57:00,3.064,3.064,3.063,3.063,3.069,3.069,3.068,3.068,5
2026-02-10 01:58:00,3.0635,3.0635,3.062,3.062,3.0685,3.0685,3.067,3.067,5
2026-02-10 01:59:00,3.0625,3.063,3.06,3.0625,3.0675,3.068,3.065,3.0675,10
2026-02-10 02:00:00,3.062,3.067,3.062,3.0655,3.067,3.072,3.067,3.0705,9
2026-02-10 02:01:00,3.065,3.065,3.065,3.065,3.07,3.07,3.07,3.07,1
2026-02-10 02:02:00,3.0645,3.065,3.058,3.06,3.0695,3.07,3.063,3.065,22
2026-02-10 02:03:00,3.0595,3.061,3.053,3.0535,3.0645,3.066,3.058,3.0585,17
2026-02-10 02:04:00,3.0545,3.056,3.054,3.054,3.0595,3.061,3.059,3.059,5
2026-02-10 02:05:00,3.0535,3.056,3.0535,3.056,3.0585,3.061,3.0585,3.061,8
2026-02-10 02:06:00,3.0555,3.0555,3.055,3.055,3.0605,3.0605,3.06,3.06,2
2026-02-10 02:07:00,3.056,3.056,3.0545,3.0545,3.061,3.061,3.0595,3.0595,9
2026-02-10 02:08:00,3.055,3.055,3.055,3.055,3.06,3.06,3.06,3.06,1
2026-02-10 02:09:00,3.053,3.053,3.0505,3.0505,3.058,3.058,3.0555,3.0555,13
2026-02-10 02:10:00,3.05,3.052,3.05,3.052,3.055,3.057,3.055,3.057,6
2026-02-10 02:11:00,3.0505,3.051,3.048,3.05,3.0555,3.056,3.053,3.055,9
2026-02-10 02:12:00,3.051,3.051,3.05,3.05,3.056,3.056,3.055,3.055,3
2026-02-10 02:13:00,3.0505,3.051,3.0505,3.051,3.0555,3.056,3.0555,3.056,2
2026-02-10 02:14:00,3.0505,3.0505,3.045,3.0455,3.0555,3.0555,3.05,3.0505,13
2026-02-10 02:15:00,3.045,3.045,3.044,3.044,3.05,3.05,3.049,3.049,5
2026-02-10 02:16:00,3.0435,3.0445,3.041,3.042,3.0485,3.0495,3.046,3.047,14
2026-02-10 02:17:00,3.043,3.0455,3.043,3.044,3.048,3.0505,3.048,3.049,11
2026-02-10 02:18:00,3.0435,3.0455,3.043,3.0455,3.0485,3.0505,3.048,3.0505,9
2026-02-10 02:19:00,3.045,3.0455,3.045,3.0455,3.05,3.0505,3.05,3.0505,2
2026-02-10 02:20:00,3.047,3.047,3.047,3.047,3.052,3.052,3.052,3.052,1
2026-02-10 02:21:00,3.0465,3.047,3.0465,3.0465,3.0515,3.052,3.0515,3.0515,3
2026-02-10 02:22:00,3.047,3.047,3.047,3.047,3.052,3.052,3.052,3.052,1
2026-02-10 02:24:00,3.0465,3.0465,3.046,3.046,3.0515,3.0515,3.051,3.051,2
2026-02-10 02:25:00,3.0465,3.0465,3.0465,3.0465,3.0515,3.0515,3.0515,3.0515,1
2026-02-10 02:26:00,3.047,3.0485,3.0465,3.0475,3.052,3.0535,3.0515,3.0525,14
2026-02-10 02:27:00,3.048,3.0485,3.048,3.0485,3.053,3.0535,3.053,3.0535,2
2026-02-10 02:28:00,3.045,3.045,3.0425,3.0435,3.05,3.05,3.0475,3.0485,24
2026-02-10 02:29:00,3.044,3.044,3.0435,3.0435,3.049,3.049,3.0485,3.0485,12
2026-02-10 02:30:00,3.044,3.0455,3.0435,3.0455,3.049,3.0505,3.0485,3.0505,6
2026-02-10 02:31:00,3.046,3.0465,3.046,3.046,3.051,3.0515,3.051,3.051,3
2026-02-10 02:32:00,3.0465,3.0475,3.0465,3.0475,3.0515,3.0525,3.0515,3.0525,2
2026-02-10 02:35:00,3.0465,3.047,3.0465,3.047,3.0515,3.052,3.0515,3.052,2
2026-02-10 02:36:00,3.0475,3.0485,3.0475,3.0485,3.0525,3.0535,3.0525,3.0535,6
2026-02-10 02:37:00,3.0475,3.048,3.0475,3.048,3.0525,3.053,3.0525,3.053,2
2026-02-10 02:38:00,3.0475,3.048,3.047,3.047,3.0525,3.053,3.052,3.052,4
2026-02-10 02:39:00,3.0475,3.0475,3.0475,3.0475,3.0525,3.0525,3.0525,3.0525,1
2026-02-10 02:43:00,3.048,3.048,3.048,3.048,3.053,3.053,3.053,3.053,1
2026-02-10 02:44:00,3.0475,3.0475,3.0475,3.0475,3.0525,3.0525,3.0525,3.0525,1
2026-02-10 02:46:00,3.049,3.049,3.0485,3.0485,3.054,3.054,3.0535,3.0535,4
2026-02-10 02:48:00,3.047,3.048,3.047,3.048,3.052,3.053,3.052,3.053,2
2026-02-10 02:49:00,3.0475,3.0475,3.045,3.046,3.0525,3.0525,3.05,3.051,18
2026-02-10 02:50:00,3.0455,3.0455,3.045,3.045,3.0505,3.0505,3.05,3.05,2
2026-02-10 02:51:00,3.046,3.046,3.0455,3.0455,3.051,3.051,3.0505,3.0505,2
2026-02-10 02:52:00,3.045,3.049,3.045,3.0485,3.05,3.054,3.05,3.0535,8
2026-02-10 02:53:00,3.049,3.049,3.049,3.049,3.054,3.054,3.054,3.054,1
2026-02-10 02:55:00,3.0485,3.0485,3.0485,3.0485,3.0535,3.0535,3.0535,3.0535,1
2026-02-10 02:57:00,3.049,3.0495,3.049,3.049,3.054,3.0545,3.054,3.054,3
2026-02-10 02:58:00,3.0495,3.0495,3.0495,3.0495,3.0545,3.0545,3.0545,3.0545,1
2026-02-10 02:59:00,3.048,3.048,3.048,3.048,3.053,3.053,3.053,3.053,1
2026-02-10 03:00:00,3.0475,3.0475,3.04,3.044,3.0525,3.0525,3.045,3.049,27
2026-02-10 03:01:00,3.0445,3.045,3.043,3.044,3.0495,3.05,3.048,3.049,10
2026-02-10 03:02:00,3.0445,3.0445,3.0445,3.0445,3.0495,3.0495,3.0495,3.0495,1
2026-02-10 03:03:00,3.044,3.0445,3.0435,3.0445,3.049,3.0495,3.0485,3.0495,4
2026-02-10 03:04:00,3.045,3.047,3.045,3.047,3.05,3.052,3.05,3.052,3
2026-02-10 03:05:00,3.0465,3.0465,3.0465,3.0465,3.0515,3.0515,3.0515,3.0515,1
2026-02-10 03:06:00,3.046,3.047,3.046,3.047,3.051,3.052,3.051,3.052,2
2026-02-10 03:07:00,3.0475,3.0475,3.047,3.0475,3.0525,3.0525,3.052,3.0525,3
2026-02-10 03:09:00,3.048,3.0495,3.048,3.0495,3.053,3.0545,3.053,3.0545,4
2026-02-10 03:10:00,3.049,3.0495,3.047,3.048,3.054,3.0545,3.052,3.053,6
2026-02-10 03:11:00,3.0485,3.0515,3.0485,3.0505,3.0535,3.0565,3.0535,3.0555,6
2026-02-10 03:12:00,3.052,3.052,3.052,3.052,3.057,3.057,3.057,3.057,1
2026-02-10 03:13:00,3.0515,3.0515,3.0515,3.0515,3.0565,3.0565,3.0565,3.0565,1
2026-02-10 03:15:00,3.052,3.052,3.0515,3.0515,3.057,3.057,3.0565,3.0565,2
2026-02-10 03:16:00,3.051,3.051,3.0485,3.0485,3.056,3.056,3.0535,3.0535,7
2026-02-10 03:17:00,3.049,3.0505,3.0485,3.05,3.054,3.0555,3.0535,3.055,7
2026-02-10 03:18:00,3.0505,3.0505,3.0505,3.0505,3.0555,3.0555,3.0555,3.0555,1
2026-02-10 03:19:00,3.051,3.051,3.05,3.05,3.056,3.056,3.055,3.055,3
2026-02-10 03:24:00,3.0495,3.0495,3.048,3.048,3.0545,3.0545,3.053,3.053,4
2026-02-10 03:26:00,3.049,3.05,3.049,3.0495,3.054,3.055,3.054,3.0545,3
2026-02-10 03:27:00,3.0485,3.0485,3.0485,3.0485,3.0535,3.0535,3.0535,3.0535,1
2026-02-10 03:29:00,3.049,3.049,3.0475,3.048,3.054,3.054,3.0525,3.053,4
2026-02-10 03:30:00,3.0485,3.0485,3.0485,3.0485,3.0535,3.0535,3.0535,3.0535,1
2026-02-10 03:31:00,3.049,3.05,3.049,3.049,3.054,3.055,3.054,3.054,3
2026-02-10 03:32:00,3.0485,3.049,3.047,3.049,3.0535,3.054,3.052,3.054,7
2026-02-10 03:33:00,3.0495,3.0495,3.049,3.0495,3.0545,3.0545,3.054,3.0545,3
2026-02-10 03:35:00,3.048,3.048,3.047,3.0475,3.053,3.053,3.052,3.0525,5
2026-02-10 03:37:00,3.048,3.048,3.048,3.048,3.053,3.053,3.053,3.053,1
2026-02-10 03:38:00,3.0475,3.0485,3.0475,3.0485,3.0525,3.0535,3.0525,3.0535,13
2026-02-10 03:39:00,3.048,3.05,3.048,3.0485,3.053,3.055,3.053,3.0535,32
2026-02-10 03:41:00,3.049,3.049,3.049,3.049,3.054,3.054,3.054,3.054,1
2026-02-10 03:42:00,3.0485,3.0485,3.047,3.0475,3.0535,3.0535,3.052,3.0525,5
2026-02-10 03:43:00,3.047,3.047,3.047,3.047,3.052,3.052,3.052,3.052,1
2026-02-10 03:44:00,3.0475,3.0475,3.0475,3.0475,3.0525,3.0525,3.0525,3.0525,1
2026-02-10 03:45:00,3.048,3.048,3.048,3.048,3.053,3.053,3.053,3.053,1
2026-02-10 03:47:00,3.0485,3.0485,3.0485,3.0485,3.0535,3.0535,3.0535,3.0535,1
2026-02-10 03:48:00,3.049,3.049,3.049,3.049,3.054,3.054,3.054,3.054,1
2026-02-10 03:49:00,3.048,3.048,3.048,3.048,3.053,3.053,3.053,3.053,1
2026-02-10 03:50:00,3.046,3.0465,3.0455,3.0465,3.051,3.0515,3.0505,3.0515,4
2026-02-10 03:51:00,3.046,3.0465,3.046,3.0465,3.051,3.0515,3.051,3.0515,2
2026-02-10 03:52:00,3.047,3.047,3.047,3.047,3.052,3.052,3.052,3.052,1
2026-02-10 03:54:00,3.048,3.0485,3.048,3.0485,3.053,3.0535,3.053,3.0535,2
2026-02-10 03:56:00,3.049,3.0505,3.049,3.0495,3.054,3.0555,3.054,3.0545,7
2026-02-10 03:57:00,3.049,3.049,3.0485,3.049,3.054,3.054,3.0535,3.054,3
2026-02-10 03:59:00,3.0495,3.05,3.049,3.049,3.0545,3.055,3.054,3.054,5
2026-02-10 04:00:00,3.0495,3.0495,3.0495,3.0495,3.0545,3.0545,3.0545,3.0545,1
2026-02-10 04:01:00,3.049,3.0495,3.049,3.0495,3.054,3.0545,3.054,3.0545,2
2026-02-10 04:04:00,3.049,3.049,3.0485,3.0485,3.054,3.054,3.0535,3.0535,2
2026-02-10 04:07:00,3.049,3.049,3.0455,3.0455,3.054,3.054,3.0505,3.0505,5
2026-02-10 04:08:00,3.045,3.0455,3.045,3.0455,3.05,3.0505,3.05,3.0505,2
2026-02-10 04:10:00,3.045,3.0465,3.045,3.0465,3.05,3.0515,3.05,3.0515,4
2026-02-10 04:11:00,3.047,3.047,3.047,3.047,3.052,3.052,3.052,3.052,1
2026-02-10 04:12:00,3.0465,3.0465,3.0465,3.0465,3.0515,3.0515,3.0515,3.0515,1
2026-02-10 04:14:00,3.047,3.047,3.047,3.047,3.052,3.052,3.052,3.052,1
2026-02-10 04:15:00,3.046,3.046,3.045,3.045,3.051,3.051,3.05,3.05,2
2026-02-10 04:16:00,3.0455,3.0455,3.0455,3.0455,3.0505,3.0505,3.0505,3.0505,1
2026-02-10 04:17:00,3.045,3.047,3.045,3.047,3.05,3.052,3.05,3.052,4
2026-02-10 04:18:00,3.0465,3.0465,3.0465,3.0465,3.0515,3.0515,3.0515,3.0515,1
2026-02-10 04:24:00,3.047,3.047,3.047,3.047,3.052,3.052,3.052,3.052,1
2026-02-10 04:25:00,3.0465,3.047,3.0465,3.0465,3.0515,3.052,3.0515,3.0515,3
2026-02-10 04:26:00,3.047,3.047,3.046,3.0465,3.052,3.052,3.051,3.0515,22
2026-02-10 04:27:00,3.046,3.0465,3.046,3.0465,3.051,3.0515,3.051,3.0515,4
2026-02-10 04:28:00,3.047,3.047,3.047,3.047,3.052,3.052,3.052,3.052,1
2026-02-10 04:30:00,3.0475,3.05,3.0475,3.0495,3.0525,3.055,3.0525,3.0545,8
2026-02-10 04:31:00,3.05,3.05,3.0495,3.05,3.055,3.055,3.0545,3.055,13
2026-02-10 04:32:00,3.0505,3.0505,3.05,3.0505,3.0555,3.0555,3.055,3.0555,3
2026-02-10 04:33:00,3.05,3.0505,3.05,3.0505,3.055,3.0555,3.055,3.0555,2
2026-02-10 04:34:00,3.051,3.051,3.0505,3.051,3.056,3.056,3.0555,3.056,3
2026-02-10 04:35:00,3.05,3.05,3.049,3.049,3.055,3.055,3.054,3.054,2
2026-02-10 04:36:00,3.0495,3.05,3.0495,3.05,3.0545,3.055,3.0545,3.055,2
2026-02-10 04:37:00,3.049,3.05,3.049,3.05,3.054,3.055,3.054,3.055,2
2026-02-10 04:38:00,3.0495,3.05,3.0495,3.05,3.0545,3.055,3.0545,3.055,2
2026-02-10 04:39:00,3.049,3.051,3.049,3.0505,3.054,3.056,3.054,3.0555,4
2026-02-10 04:40:00,3.051,3.051,3.051,3.051,3.056,3.056,3.056,3.056,1
2026-02-10 04:41:00,3.0505,3.051,3.05,3.05,3.0555,3.056,3.055,3.055,4
2026-02-10 04:42:00,3.0505,3.051,3.0505,3.051,3.0555,3.056,3.0555,3.056,2
2026-02-10 04:45:00,3.05,3.05,3.05,3.05,3.055,3.055,3.055,3.055,1
2026-02-10 04:46:00,3.051,3.051,3.05,3.05,3.056,3.056,3.055,3.055,3
2026-02-10 04:47:00,3.0495,3.0495,3.0495,3.0495,3.0545,3.0545,3.0545,3.0545,1
2026-02-10 04:49:00,3.05,3.051,3.05,3.051,3.055,3.056,3.055,3.056,2
2026-02-10 04:50:00,3.0505,3.051,3.05,3.051,3.0555,3.056,3.055,3.056,5
2026-02-10 04:51:00,3.0505,3.0505,3.05,3.05,3.0555,3.0555,3.055,3.055,2
2026-02-10 04:54:00,3.049,3.05,3.049,3.05,3.054,3.055,3.054,3.055,2
2026-02-10 04:55:00,3.0495,3.05,3.0495,3.05,3.0545,3.055,3.0545,3.055,2
2026-02-10 04:56:00,3.049,3.049,3.048,3.049,3.054,3.054,3.053,3.054,6
2026-02-10 04:58:00,3.0485,3.049,3.048,3.049,3.0535,3.054,3.053,3.054,3
2026-02-10 05:00:00,3.05,3.054,3.049,3.054,3.055,3.059,3.054,3.059,13
2026-02-10 05:01:00,3.0535,3.055,3.053,3.053,3.0585,3.06,3.058,3.058,7
2026-02-10 05:02:00,3.0525,3.0525,3.0525,3.0525,3.0575,3.0575,3.0575,3.0575,1
2026-02-10 05:04:00,3.052,3.052,3.052,3.052,3.057,3.057,3.057,3.057,1
2026-02-10 05:05:00,3.0525,3.0525,3.051,3.0515,3.0575,3.0575,3.056,3.0565,4
2026-02-10 05:07:00,3.051,3.051,3.051,3.051,3.056,3.056,3.056,3.056,1
2026-02-10 05:10:00,3.052,3.052,3.052,3.052,3.057,3.057,3.057,3.057,1
2026-02-10 05:12:00,3.053,3.053,3.052,3.052,3.058,3.058,3.057,3.057,2
2026-02-10 05:16:00,3.053,3.053,3.053,3.053,3.058,3.058,3.058,3.058,1
2026-02-10 05:17:00,3.054,3.054,3.052,3.052,3.059,3.059,3.057,3.057,3
2026-02-10 05:23:00,3.0525,3.0575,3.0525,3.057,3.0575,3.0625,3.0575,3.062,11
2026-02-10 05:24:00,3.0575,3.0575,3.057,3.057,3.0625,3.0625,3.062,3.062,2
2026-02-10 05:26:00,3.058,3.059,3.058,3.0585,3.063,3.064,3.063,3.0635,9
2026-02-10 05:27:00,3.058,3.059,3.058,3.058,3.063,3.064,3.063,3.063,8
2026-02-10 05:28:00,3.0575,3.058,3.0575,3.058,3.0625,3.063,3.0625,3.063,2
2026-02-10 05:29:00,3.057,3.057,3.057,3.057,3.062,3.062,3.062,3.062,1
2026-02-10 05:30:00,3.056,3.0575,3.053,3.054,3.061,3.0625,3.058,3.059,13
2026-02-10 05:31:00,3.0535,3.0545,3.053,3.0545,3.0585,3.0595,3.058,3.0595,5
2026-02-10 05:33:00,3.054,3.054,3.05,3.05,3.059,3.059,3.055,3.055,10
2026-02-10 05:34:00,3.051,3.052,3.051,3.0515,3.056,3.057,3.056,3.0565,7
2026-02-10 05:36:00,3.051,3.051,3.0425,3.0425,3.056,3.056,3.0475,3.0475,20
2026-02-10 05:37:00,3.043,3.045,3.0415,3.042,3.048,3.05,3.0465,3.047,8
2026-02-10 05:38:00,3.0435,3.0435,3.042,3.0435,3.0485,3.0485,3.047,3.0485,9
2026-02-10 05:39:00,3.044,3.046,3.044,3.046,3.049,3.051,3.049,3.051,7
2026-02-10 05:40:00,3.0455,3.046,3.0455,3.0455,3.0505,3.051,3.0505,3.0505,3
2026-02-10 05:41:00,3.046,3.046,3.046,3.046,3.051,3.051,3.051,3.051,1
2026-02-10 05:42:00,3.047,3.047,3.047,3.047,3.052,3.052,3.052,3.052,1
2026-02-10 05:43:00,3.0465,3.047,3.0465,3.047,3.0515,3.052,3.0515,3.052,4
2026-02-10 05:44:00,3.046,3.048,3.046,3.0475,3.051,3.053,3.051,3.0525,7
2026-02-10 05:47:00,3.048,3.048,3.048,3.048,3.053,3.053,3.053,3.053,1
2026-02-10 05:48:00,3.0485,3.049,3.0485,3.0485,3.0535,3.054,3.0535,3.0535,5
2026-02-10 05:49:00,3.048,3.048,3.048,3.048,3.053,3.053,3.053,3.053,1
2026-02-10 05:50:00,3.0485,3.0485,3.0485,3.0485,3.0535,3.0535,3.0535,3.0535,1
2026-02-10 05:51:00,3.048,3.048,3.046,3.048,3.053,3.053,3.051,3.053,5
2026-02-10 05:52:00,3.0485,3.049,3.0475,3.0475,3.0535,3.054,3.0525,3.0525,5
2026-02-10 05:54:00,3.0465,3.0465,3.045,3.0455,3.0515,3.0515,3.05,3.0505,7
2026-02-10 05:55:00,3.045,3.045,3.043,3.043,3.05,3.05,3.048,3.048,11
2026-02-10 05:58:00,3.042,3.046,3.041,3.045,3.047,3.051,3.046,3.05,11
2026-02-10 05:59:00,3.0455,3.047,3.0455,3.0465,3.0505,3.052,3.0505,3.0515,3
2026-02-10 06:03:00,3.0445,3.0445,3.0445,3.0445,3.0495,3.0495,3.0495,3.0495,1
2026-02-10 06:05:00,3.045,3.045,3.0445,3.0445,3.05,3.05,3.0495,3.0495,2
2026-02-10 06:06:00,3.046,3.0465,3.046,3.0465,3.051,3.0515,3.051,3.0515,2
2026-02-10 06:07:00,3.0475,3.05,3.0475,3.049,3.0525,3.055,3.0525,3.054,5
2026-02-10 06:08:00,3.0485,3.0485,3.0475,3.048,3.0535,3.0535,3.0525,3.053,6
2026-02-10 06:10:00,3.0475,3.048,3.0465,3.0465,3.0525,3.053,3.0515,3.0515,4
2026-02-10 06:12:00,3.0475,3.0485,3.0475,3.0485,3.0525,3.0535,3.0525,3.0535,2
2026-02-10 06:13:00,3.049,3.049,3.0485,3.0485,3.054,3.054,3.0535,3.0535,2
2026-02-10 06:14:00,3.048,3.048,3.0435,3.044,3.053,3.053,3.0485,3.049,7
2026-02-10 06:15:00,3.0435,3.0445,3.043,3.0445,3.0485,3.0495,3.048,3.0495,5
2026-02-10 06:16:00,3.045,3.046,3.045,3.046,3.05,3.051,3.05,3.051,4
2026-02-10 06:17:00,3.045,3.047,3.045,3.0465,3.05,3.052,3.05,3.0515,4
2026-02-10 06:18:00,3.0475,3.0475,3.0465,3.0465,3.0525,3.0525,3.0515,3.0515,2
2026-02-10 06:20:00,3.045,3.0455,3.045,3.0455,3.05,3.0505,3.05,3.0505,2
2026-02-10 06:26:00,3.0445,3.0445,3.0445,3.0445,3.0495,3.0495,3.0495,3.0495,1
2026-02-10 06:29:00,3.046,3.049,3.046,3.0485,3.051,3.054,3.051,3.0535,7
2026-02-10 06:30:00,3.048,3.048,3.0445,3.0445,3.053,3.053,3.0495,3.0495,6
2026-02-10 06:31:00,3.045,3.045,3.043,3.043,3.05,3.05,3.048,3.048,8
2026-02-10 06:32:00,3.0425,3.0425,3.0295,3.0295,3.0475,3.0475,3.0345,3.0345,49
2026-02-10 06:33:00,3.03,3.03,3.03,3.03,3.035,3.035,3.035,3.035,1
2026-02-10 06:34:00,3.028,3.028,3.024,3.0255,3.033,3.033,3.029,3.0305,12
2026-02-10 06:35:00,3.026,3.026,3.026,3.026,3.031,3.031,3.031,3.031,1
2026-02-10 06:36:00,3.0265,3.0285,3.024,3.025,3.0315,3.0335,3.029,3.03,12
2026-02-10 06:37:00,3.026,3.0265,3.0255,3.0255,3.031,3.0315,3.0305,3.0305,4
2026-02-10 06:38:00,3.025,3.025,3.0225,3.0225,3.03,3.03,3.0275,3.0275,7
2026-02-10 06:39:00,3.022,3.0225,3.02,3.0225,3.027,3.0275,3.025,3.0275,11
2026-02-10 06:40:00,3.023,3.023,3.0205,3.023,3.028,3.028,3.0255,3.028,8
2026-02-10 06:41:00,3.0225,3.026,3.022,3.026,3.0275,3.031,3.027,3.031,10
2026-02-10 06:42:00,3.0265,3.029,3.0265,3.0285,3.0315,3.034,3.0315,3.0335,6
2026-02-10 06:43:00,3.029,3.029,3.0275,3.0285,3.034,3.034,3.0325,3.0335,6
2026-02-10 06:44:00,3.028,3.028,3.028,3.028,3.033,3.033,3.033,3.033,1
2026-02-10 06:45:00,3.0275,3.0445,3.0275,3.043,3.0325,3.0495,3.0325,3.048,21
2026-02-10 06:46:00,3.044,3.044,3.0355,3.0365,3.049,3.049,3.0405,3.0415,24
2026-02-10 06:47:00,3.036,3.0385,3.0355,3.038,3.041,3.0435,3.0405,3.043,6
2026-02-10 06:48:00,3.037,3.037,3.0305,3.031,3.042,3.042,3.0355,3.036,8
2026-02-10 06:49:00,3.0315,3.034,3.0315,3.0315,3.0365,3.039,3.0365,3.0365,9
2026-02-10 06:50:00,3.032,3.038,3.031,3.0355,3.037,3.043,3.036,3.0405,16
2026-02-10 06:51:00,3.035,3.035,3.032,3.033,3.04,3.04,3.037,3.038,6
2026-02-10 06:52:00,3.0335,3.0335,3.033,3.0335,3.0385,3.0385,3.038,3.0385,9
2026-02-10 06:53:00,3.033,3.034,3.0285,3.0295,3.038,3.039,3.0335,3.0345,9
2026-02-10 06:54:00,3.03,3.031,3.0295,3.03,3.035,3.036,3.0345,3.035,10
2026-02-10 06:55:00,3.0305,3.031,3.0305,3.0305,3.0355,3.036,3.0355,3.0355,3
2026-02-10 06:56:00,3.031,3.031,3.029,3.029,3.036,3.036,3.034,3.034,6
2026-02-10 06:57:00,3.028,3.029,3.023,3.0265,3.033,3.034,3.028,3.0315,15
2026-02-10 06:58:00,3.027,3.0285,3.027,3.028,3.032,3.0335,3.032,3.033,6
2026-02-10 06:59:00,3.027,3.027,3.0265,3.027,3.032,3.032,3.0315,3.032,5
2026-02-10 07:00:00,3.0275,3.032,3.0275,3.032,3.0325,3.037,3.0325,3.037,7
2026-02-10 07:01:00,3.033,3.0345,3.0305,3.032,3.038,3.0395,3.0355,3.037,13
2026-02-10 07:02:00,3.0315,3.0325,3.0305,3.0325,3.0365,3.0375,3.0355,3.0375,8
2026-02-10 07:03:00,3.032,3.032,3.031,3.032,3.037,3.037,3.036,3.037,5
2026-02-10 07:04:00,3.0325,3.0325,3.029,3.03,3.0375,3.0375,3.034,3.035,11
2026-02-10 07:05:00,3.031,3.033,3.03,3.033,3.036,3.038,3.035,3.038,14
2026-02-10 07:06:00,3.034,3.039,3.0335,3.037,3.039,3.044,3.0385,3.042,17
2026-02-10 07:07:00,3.0365,3.0365,3.0345,3.035,3.0415,3.0415,3.0395,3.04,7
2026-02-10 07:08:00,3.0335,3.034,3.0315,3.0315,3.0385,3.039,3.0365,3.0365,4
2026-02-10 07:09:00,3.032,3.0345,3.032,3.0345,3.037,3.0395,3.037,3.0395,5
2026-02-10 07:10:00,3.035,3.035,3.0335,3.035,3.04,3.04,3.0385,3.04,6
2026-02-10 07:11:00,3.0345,3.0345,3.031,3.0315,3.0395,3.0395,3.036,3.0365,13
2026-02-10 07:12:00,3.032,3.032,3.0255,3.0285,3.037,3.037,3.0305,3.0335,10
2026-02-10 07:13:00,3.029,3.031,3.029,3.031,3.034,3.036,3.034,3.036,4
2026-02-10 07:14:00,3.03,3.0345,3.029,3.034,3.035,3.0395,3.034,3.039,10
2026-02-10 07:15:00,3.033,3.033,3.033,3.033,3.038,3.038,3.038,3.038,1
2026-02-10 07:16:00,3.0325,3.033,3.0315,3.0315,3.0375,3.038,3.0365,3.0365,6
2026-02-10 07:17:00,3.031,3.031,3.031,3.031,3.036,3.036,3.036,3.036,1
2026-02-10 07:18:00,3.0305,3.031,3.0295,3.03,3.0355,3.036,3.0345,3.035,8
2026-02-10 07:19:00,3.031,3.031,3.029,3.029,3.036,3.036,3.034,3.034,4
2026-02-10 07:20:00,3.03,3.03,3.029,3.029,3.035,3.035,3.034,3.034,3
2026-02-10 07:21:00,3.028,3.028,3.0275,3.028,3.033,3.033,3.0325,3.033,3
2026-02-10 07:22:00,3.0275,3.028,3.0275,3.028,3.0325,3.033,3.0325,3.033,4
2026-02-10 07:23:00,3.029,3.0345,3.028,3.0305,3.034,3.0395,3.033,3.0355,13
2026-02-10 07:24:00,3.03,3.0345,3.0275,3.032,3.035,3.0395,3.0325,3.037,16
2026-02-10 07:25:00,3.0335,3.0345,3.027,3.028,3.0385,3.0395,3.032,3.033,10
2026-02-10 07:26:00,3.027,3.027,3.017,3.019,3.032,3.032,3.022,3.024,23
2026-02-10 07:27:00,3.0185,3.02,3.018,3.018,3.0235,3.025,3.023,3.023,9
2026-02-10 07:28:00,3.019,3.02,3.0175,3.0175,3.024,3.025,3.0225,3.0225,8
2026-02-10 07:29:00,3.016,3.016,3.0145,3.015,3.021,3.021,3.0195,3.02,4
2026-02-10 07:30:00,3.0145,3.023,3.0145,3.022,3.0195,3.028,3.0195,3.027,15
2026-02-10 07:31:00,3.0215,3.023,3.0215,3.023,3.0265,3.028,3.0265,3.028,7
2026-02-10 07:32:00,3.0235,3.024,3.0235,3.0235,3.0285,3.029,3.0285,3.0285,3
2026-02-10 07:34:00,3.024,3.029,3.024,3.029,3.029,3.034,3.029,3.034,13
2026-02-10 07:35:00,3.03,3.03,3.029,3.03,3.035,3.035,3.034,3.035,8
2026-02-10 07:36:00,3.031,3.033,3.0305,3.033,3.036,3.038,3.0355,3.038,5
2026-02-10 07:37:00,3.034,3.036,3.0335,3.034,3.039,3.041,3.0385,3.039,9
2026-02-10 07:38:00,3.0335,3.034,3.0335,3.034,3.0385,3.039,3.0385,3.039,2
2026-02-10 07:39:00,3.0345,3.036,3.033,3.0355,3.0395,3.041,3.038,3.0405,9
2026-02-10 07:40:00,3.035,3.035,3.035,3.035,3.04,3.04,3.04,3.04,1
2026-02-10 07:41:00,3.0345,3.0345,3.0335,3.0335,3.0395,3.0395,3.0385,3.0385,4
2026-02-10 07:42:00,3.034,3.034,3.031,3.033,3.039,3.039,3.036,3.038,12
2026-02-10 07:43:00,3.034,3.034,3.033,3.033,3.039,3.039,3.038,3.038,2
2026-02-10 07:45:00,3.0325,3.0325,3.032,3.032,3.0375,3.0375,3.037,3.037,2
2026-02-10 07:49:00,3.0315,3.0315,3.0305,3.031,3.0365,3.0365,3.0355,3.036,5
2026-02-10 07:50:00,3.0305,3.0305,3.027,3.027,3.0355,3.0355,3.032,3.032,4
2026-02-10 07:51:00,3.0265,3.0265,3.0265,3.0265,3.0315,3.0315,3.0315,3.0315,1
2026-02-10 07:53:00,3.027,3.028,3.024,3.025,3.032,3.033,3.029,3.03,15
2026-02-10 07:54:00,3.0245,3.026,3.024,3.026,3.0295,3.031,3.029,3.031,5
2026-02-10 07:55:00,3.0255,3.029,3.025,3.026,3.0305,3.034,3.03,3.031,16
2026-02-10 07:56:00,3.027,3.028,3.027,3.028,3.032,3.033,3.032,3.033,2
2026-02-10 07:57:00,3.0285,3.0295,3.028,3.029,3.0335,3.0345,3.033,3.034,7
2026-02-10 07:59:00,3.0295,3.0295,3.0295,3.0295,3.0345,3.0345,3.0345,3.0345,1
2026-02-10 08:00:00,3.0275,3.0315,3.0275,3.03,3.0325,3.0365,3.0325,3.035,15
2026-02-10 08:01:00,3.0305,3.0315,3.0285,3.0285,3.0355,3.0365,3.0335,3.0335,9
2026-02-10 08:02:00,3.029,3.032,3.029,3.0315,3.034,3.037,3.034,3.0365,8
2026-02-10 08:03:00,3.032,3.034,3.0315,3.032,3.037,3.039,3.0365,3.037,9
2026-02-10 08:04:00,3.0325,3.034,3.032,3.034,3.0375,3.039,3.037,3.039,8
2026-02-10 08:05:00,3.0335,3.0335,3.03,3.03,3.0385,3.0385,3.035,3.035,13
2026-02-10 08:06:00,3.0295,3.031,3.0295,3.03,3.0345,3.036,3.0345,3.035,5
2026-02-10 08:07:00,3.029,3.029,3.0285,3.0285,3.034,3.034,3.0335,3.0335,2
2026-02-10 08:08:00,3.0275,3.028,3.025,3.025,3.0325,3.033,3.03,3.03,7
2026-02-10 08:10:00,3.0255,3.0255,3.02,3.02,3.0305,3.0305,3.025,3.025,11
2026-02-10 08:11:00,3.019,3.019,3.017,3.019,3.024,3.024,3.022,3.024,8
2026-02-10 08:12:00,3.018,3.02,3.0175,3.0175,3.023,3.025,3.0225,3.0225,9
2026-02-10 08:13:00,3.016,3.0195,3.014,3.0195,3.021,3.0245,3.019,3.0245,23
2026-02-10 08:14:00,3.019,3.02,3.0175,3.02,3.024,3.025,3.0225,3.025,6
2026-02-10 08:15:00,3.0195,3.0195,3.0175,3.0185,3.0245,3.0245,3.0225,3.0235,12
2026-02-10 08:16:00,3.0195,3.0265,3.0115,3.0145,3.0245,3.0315,3.0165,3.0195,41
2026-02-10 08:17:00,3.014,3.014,3.01,3.012,3.019,3.019,3.015,3.017,9
2026-02-10 08:18:00,3.0115,3.012,3.008,3.01,3.0165,3.017,3.013,3.015,12
2026-02-10 08:19:00,3.009,3.009,3.007,3.0085,3.014,3.014,3.012,3.0135,8
2026-02-10 08:20:00,3.008,3.008,3.005,3.0055,3.013,3.013,3.01,3.0105,10
2026-02-10 08:21:00,3.006,3.008,3.0055,3.006,3.011,3.013,3.0105,3.011,11
2026-02-10 08:22:00,3.0055,3.014,3.0055,3.014,3.0105,3.019,3.0105,3.019,23
2026-02-10 08:23:00,3.0135,3.014,3.0125,3.0135,3.0185,3.019,3.0175,3.0185,8
2026-02-10 08:24:00,3.013,3.0135,3.012,3.0125,3.018,3.0185,3.017,3.0175,8
2026-02-10 08:25:00,3.013,3.014,3.008,3.01,3.018,3.019,3.013,3.015,14
2026-02-10 08:26:00,3.0105,3.011,3.0105,3.011,3.0155,3.016,3.0155,3.016,2
2026-02-10 08:27:00,3.0105,3.0105,3.0065,3.007,3.0155,3.0155,3.0115,3.012,18
2026-02-10 08:28:00,3.0075,3.0075,3.002,3.0055,3.0125,3.0125,3.007,3.0105,24
2026-02-10 08:29:00,3.006,3.0095,3.003,3.003,3.011,3.0145,3.008,3.008,30
2026-02-10 08:30:00,3.0025,3.0025,2.999,3.0015,3.0075,3.0075,3.004,3.0065,19
2026-02-10 08:31:00,3.0025,3.0025,2.9985,3.001,3.0075,3.0075,3.0035,3.006,16
2026-02-10 08:32:00,3.0015,3.002,3.0005,3.0015,3.0065,3.007,3.0055,3.0065,7
2026-02-10 08:33:00,3.002,3.002,3.001,3.001,3.007,3.007,3.006,3.006,3
2026-02-10 08:34:00,3.0005,3.001,3.0,3.001,3.0055,3.006,3.005,3.006,6
2026-02-10 08:35:00,3.0005,3.0145,3.0,3.014,3.0055,3.0195,3.005,3.019,38
2026-02-10 08:36:00,3.0135,3.0145,3.013,3.013,3.0185,3.0195,3.018,3.018,9
2026-02-10 08:37:00,3.014,3.0175,3.014,3.0175,3.019,3.0225,3.019,3.0225,6
2026-02-10 08:38:00,3.0165,3.017,3.014,3.014,3.0215,3.022,3.019,3.019,7
2026-02-10 08:39:00,3.0135,3.015,3.012,3.0145,3.0185,3.02,3.017,3.0195,10
2026-02-10 08:40:00,3.015,3.0155,3.0145,3.0155,3.02,3.0205,3.0195,3.0205,5
2026-02-10 08:41:00,3.016,3.016,3.014,3.014,3.021,3.021,3.019,3.019,5
2026-02-10 08:43:00,3.013,3.015,3.013,3.014,3.018,3.02,3.018,3.019,5
2026-02-10 08:44:00,3.0145,3.015,3.014,3.0145,3.0195,3.02,3.019,3.0195,5
2026-02-10 08:45:00,3.015,3.015,3.015,3.015,3.02,3.02,3.02,3.02,1
2026-02-10 08:46:00,3.0145,3.0155,3.014,3.014,3.0195,3.0205,3.019,3.019,5
2026-02-10 08:47:00,3.0145,3.0145,3.013,3.0135,3.0195,3.0195,3.018,3.0185,4
2026-02-10 08:48:00,3.014,3.02,3.014,3.02,3.019,3.025,3.019,3.025,13
2026-02-10 08:49:00,3.022,3.023,3.021,3.0215,3.027,3.028,3.026,3.0265,9
2026-02-10 08:50:00,3.022,3.025,3.0215,3.023,3.027,3.03,3.0265,3.028,23
2026-02-10 08:51:00,3.0225,3.024,3.022,3.024,3.0275,3.029,3.027,3.029,7
2026-02-10 08:52:00,3.023,3.023,3.0175,3.019,3.028,3.028,3.0225,3.024,16
2026-02-10 08:53:00,3.0195,3.022,3.019,3.02,3.0245,3.027,3.024,3.025,8
2026-02-10 08:54:00,3.0205,3.0205,3.02,3.0205,3.0255,3.0255,3.025,3.0255,5
2026-02-10 08:55:00,3.022,3.022,3.0195,3.02,3.027,3.027,3.0245,3.025,8
2026-02-10 08:56:00,3.0205,3.024,3.02,3.024,3.0255,3.029,3.025,3.029,11
2026-02-10 08:57:00,3.0245,3.025,3.0245,3.025,3.0295,3.03,3.0295,3.03,4
2026-02-10 08:58:00,3.024,3.025,3.021,3.022,3.029,3.03,3.026,3.027,18
2026-02-10 08:59:00,3.0215,3.023,3.019,3.02,3.0265,3.028,3.024,3.025,19
2026-02-10 09:00:00,3.0205,3.021,3.0175,3.019,3.0255,3.026,3.0225,3.024,25
2026-02-10 09:01:00,3.0185,3.02,3.0175,3.019,3.0235,3.025,3.0225,3.024,8
2026-02-10 09:02:00,3.02,3.0215,3.02,3.0215,3.025,3.0265,3.025,3.0265,6
2026-02-10 09:03:00,3.022,3.03,3.021,3.03,3.027,3.035,3.026,3.035,16
2026-02-10 09:04:00,3.0295,3.03,3.0265,3.0265,3.0345,3.035,3.0315,3.0315,13
2026-02-10 09:05:00,3.027,3.0275,3.027,3.0275,3.032,3.0325,3.032,3.0325,4
2026-02-10 09:06:00,3.028,3.031,3.028,3.03,3.033,3.036,3.033,3.035,8
2026-02-10 09:07:00,3.031,3.032,3.0305,3.032,3.036,3.037,3.0355,3.037,12
2026-02-10 09:08:00,3.033,3.033,3.0295,3.0305,3.038,3.038,3.0345,3.0355,17
2026-02-10 09:09:00,3.03,3.0305,3.029,3.029,3.035,3.0355,3.034,3.034,7
2026-02-10 09:10:00,3.0295,3.0295,3.029,3.029,3.0345,3.0345,3.034,3.034,2
2026-02-10 09:11:00,3.0285,3.029,3.027,3.029,3.0335,3.034,3.032,3.034,8
2026-02-10 09:12:00,3.03,3.0305,3.029,3.029,3.035,3.0355,3.034,3.034,6
2026-02-10 09:13:00,3.0295,3.03,3.029,3.0295,3.0345,3.035,3.034,3.0345,5
2026-02-10 09:14:00,3.03,3.032,3.03,3.031,3.035,3.037,3.035,3.036,9
2026-02-10 09:15:00,3.03,3.034,3.0285,3.032,3.035,3.039,3.0335,3.037,18
2026-02-10 09:16:00,3.0315,3.035,3.0305,3.034,3.0365,3.04,3.0355,3.039,15
2026-02-10 09:17:00,3.0335,3.0335,3.031,3.0315,3.0385,3.0385,3.036,3.0365,5
2026-02-10 09:18:00,3.031,3.033,3.03,3.032,3.036,3.038,3.035,3.037,9
2026-02-10 09:19:00,3.0325,3.033,3.031,3.0325,3.0375,3.038,3.036,3.0375,7
2026-02-10 09:21:00,3.033,3.035,3.033,3.034,3.038,3.04,3.038,3.039,14
2026-02-10 09:22:00,3.0345,3.035,3.0335,3.0345,3.0395,3.04,3.0385,3.0395,8
2026-02-10 09:23:00,3.034,3.036,3.0335,3.0355,3.039,3.041,3.0385,3.0405,7
2026-02-10 09:24:00,3.036,3.041,3.0355,3.038,3.041,3.046,3.0405,3.043,24
2026-02-10 09:25:00,3.0385,3.048,3.0345,3.047,3.0435,3.053,3.0395,3.052,28
2026-02-10 09:26:00,3.046,3.048,3.0445,3.0475,3.051,3.053,3.0495,3.0525,19
2026-02-10 09:27:00,3.047,3.0485,3.047,3.0485,3.052,3.0535,3.052,3.0535,4
2026-02-10 09:28:00,3.048,3.05,3.048,3.05,3.053,3.055,3.053,3.055,5
2026-02-10 09:29:00,3.049,3.05,3.048,3.048,3.054,3.055,3.053,3.053,8
2026-02-10 09:30:00,3.0485,3.049,3.044,3.0445,3.0535,3.054,3.049,3.0495,18
2026-02-10 09:31:00,3.044,3.048,3.0435,3.0465,3.049,3.053,3.0485,3.0515,12
2026-02-10 09:32:00,3.047,3.048,3.046,3.046,3.052,3.053,3.051,3.051,4
2026-02-10 09:33:00,3.045,3.0455,3.042,3.043,3.05,3.0505,3.047,3.048,13
2026-02-10 09:34:00,3.041,3.041,3.031,3.034,3.046,3.046,3.036,3.039,24
2026-02-10 09:35:00,3.0335,3.0355,3.0335,3.034,3.0385,3.0405,3.0385,3.039,8
2026-02-10 09:36:00,3.033,3.0345,3.032,3.033,3.038,3.0395,3.037,3.038,9
2026-02-10 09:38:00,3.032,3.0335,3.0275,3.0325,3.037,3.0385,3.0325,3.0375,21
2026-02-10 09:39:00,3.033,3.033,3.0295,3.0315,3.038,3.038,3.0345,3.0365,15
2026-02-10 09:40:00,3.031,3.031,3.03,3.0305,3.036,3.036,3.035,3.0355,4
2026-02-10 09:41:00,3.03,3.0355,3.03,3.034,3.035,3.0405,3.035,3.039,13
2026-02-10 09:42:00,3.0345,3.036,3.0345,3.0355,3.0395,3.041,3.0395,3.0405,5
2026-02-10 09:43:00,3.036,3.039,3.034,3.036,3.041,3.044,3.039,3.041,19
2026-02-10 09:44:00,3.0365,3.038,3.036,3.037,3.0415,3.043,3.041,3.042,7
2026-02-10 09:45:00,3.036,3.036,3.035,3.036,3.041,3.041,3.04,3.041,6
2026-02-10 09:46:00,3.0355,3.036,3.034,3.0355,3.0405,3.041,3.039,3.0405,8
2026-02-10 09:47:00,3.035,3.035,3.034,3.034,3.04,3.04,3.039,3.039,2
2026-02-10 09:48:00,3.0345,3.0345,3.0345,3.0345,3.0395,3.0395,3.0395,3.0395,1
2026-02-10 09:49:00,3.034,3.035,3.034,3.035,3.039,3.04,3.039,3.04,2
2026-02-10 09:50:00,3.036,3.0375,3.0355,3.037,3.041,3.0425,3.0405,3.042,6
2026-02-10 09:51:00,3.0375,3.0375,3.036,3.036,3.0425,3.0425,3.041,3.041,3
2026-02-10 09:52:00,3.0355,3.0355,3.034,3.034,3.0405,3.0405,3.039,3.039,6
2026-02-10 09:53:00,3.0345,3.0345,3.0335,3.0335,3.0395,3.0395,3.0385,3.0385,3
2026-02-10 09:54:00,3.034,3.034,3.034,3.034,3.039,3.039,3.039,3.039,1
2026-02-10 09:55:00,3.0345,3.035,3.034,3.035,3.0395,3.04,3.039,3.04,3
2026-02-10 09:56:00,3.036,3.038,3.0355,3.037,3.041,3.043,3.0405,3.042,7
2026-02-10 09:57:00,3.0365,3.039,3.0365,3.039,3.0415,3.044,3.0415,3.044,5
2026-02-10 09:58:00,3.0385,3.04,3.0385,3.04,3.0435,3.045,3.0435,3.045,3
2026-02-10 09:59:00,3.0395,3.0395,3.0355,3.0355,3.0445,3.0445,3.0405,3.0405,11
2026-02-10 10:00:00,3.034,3.036,3.033,3.035,3.039,3.041,3.038,3.04,15
2026-02-10 10:01:00,3.0375,3.038,3.035,3.0355,3.0425,3.043,3.04,3.0405,9
2026-02-10 10:02:00,3.0345,3.0345,3.029,3.0295,3.0395,3.0395,3.034,3.0345,8
2026-02-10 10:03:00,3.03,3.031,3.03,3.031,3.035,3.036,3.035,3.036,2
2026-02-10 10:04:00,3.0305,3.0315,3.03,3.0305,3.0355,3.0365,3.035,3.0355,6
2026-02-10 10:05:00,3.0315,3.034,3.0315,3.032,3.0365,3.039,3.0365,3.037,6
2026-02-10 10:06:00,3.0325,3.0325,3.0325,3.0325,3.0375,3.0375,3.0375,3.0375,1
2026-02-10 10:07:00,3.033,3.0345,3.033,3.0335,3.038,3.0395,3.038,3.0385,3
2026-02-10 10:08:00,3.0325,3.0355,3.0325,3.0355,3.0375,3.0405,3.0375,3.0405,7
2026-02-10 10:09:00,3.036,3.036,3.0355,3.036,3.041,3.041,3.0405,3.041,3
2026-02-10 10:10:00,3.0345,3.0355,3.0335,3.035,3.0395,3.0405,3.0385,3.04,9
2026-02-10 10:11:00,3.0355,3.036,3.0305,3.0305,3.0405,3.041,3.0355,3.0355,12
2026-02-10 10:12:00,3.0315,3.038,3.0315,3.036,3.0365,3.043,3.0365,3.041,19
2026-02-10 10:13:00,3.0355,3.036,3.027,3.0285,3.0405,3.041,3.032,3.0335,21
2026-02-10 10:14:00,3.029,3.029,3.0265,3.0275,3.034,3.034,3.0315,3.0325,4
2026-02-10 10:15:00,3.027,3.028,3.026,3.028,3.032,3.033,3.031,3.033,7
2026-02-10 10:16:00,3.0285,3.031,3.0285,3.031,3.0335,3.036,3.0335,3.036,5
2026-02-10 10:17:00,3.0305,3.031,3.0305,3.0305,3.0355,3.036,3.0355,3.0355,3
2026-02-10 10:18:00,3.031,3.0315,3.028,3.028,3.036,3.0365,3.033,3.033,6
2026-02-10 10:19:00,3.0285,3.0285,3.025,3.025,3.0335,3.0335,3.03,3.03,10
2026-02-10 10:20:00,3.0235,3.025,3.0235,3.024,3.0285,3.03,3.0285,3.029,8
2026-02-10 10:21:00,3.025,3.026,3.025,3.025,3.03,3.031,3.03,3.03,7
2026-02-10 10:22:00,3.026,3.026,3.023,3.024,3.031,3.031,3.028,3.029,10
2026-02-10 10:24:00,3.0235,3.024,3.0235,3.0235,3.0285,3.029,3.0285,3.0285,5
2026-02-10 10:25:00,3.0255,3.0255,3.023,3.023,3.0305,3.0305,3.028,3.028,9
2026-02-10 10:26:00,3.0225,3.0235,3.0225,3.0235,3.0275,3.0285,3.0275,3.0285,5
2026-02-10 10:27:00,3.0245,3.027,3.0225,3.023,3.0295,3.032,3.0275,3.028,19
2026-02-10 10:28:00,3.024,3.024,3.023,3.0235,3.029,3.029,3.028,3.0285,3
2026-02-10 10:29:00,3.0225,3.023,3.021,3.022,3.0275,3.028,3.026,3.027,8
2026-02-10 10:30:00,3.023,3.024,3.0225,3.0225,3.028,3.029,3.0275,3.0275,5
2026-02-10 10:31:00,3.023,3.023,3.021,3.021,3.028,3.028,3.026,3.026,4
2026-02-10 10:32:00,3.022,3.023,3.0215,3.022,3.027,3.028,3.0265,3.027,5
2026-02-10 10:33:00,3.0225,3.023,3.0225,3.023,3.0275,3.028,3.0275,3.028,4
2026-02-10 10:34:00,3.022,3.023,3.021,3.023,3.027,3.028,3.026,3.028,10
2026-02-10 10:35:00,3.0235,3.0235,3.023,3.023,3.0285,3.0285,3.028,3.028,2
2026-02-10 10:37:00,3.022,3.023,3.022,3.023,3.027,3.028,3.027,3.028,2
2026-02-10 10:38:00,3.024,3.024,3.0235,3.024,3.029,3.029,3.0285,3.029,3
2026-02-10 10:39:00,3.0245,3.029,3.0245,3.029,3.0295,3.034,3.0295,3.034,10
2026-02-10 10:40:00,3.028,3.029,3.024,3.024,3.033,3.034,3.029,3.029,7
2026-02-10 10:42:00,3.0245,3.025,3.023,3.023,3.0295,3.03,3.028,3.028,4
2026-02-10 10:43:00,3.0235,3.0235,3.023,3.023,3.0285,3.0285,3.028,3.028,2
2026-02-10 10:44:00,3.0235,3.0245,3.023,3.024,3.0285,3.0295,3.028,3.029,7
2026-02-10 10:45:00,3.0235,3.0235,3.0235,3.0235,3.0285,3.0285,3.0285,3.0285,1
2026-02-10 10:46:00,3.023,3.023,3.0215,3.0225,3.028,3.028,3.0265,3.0275,7
2026-02-10 10:47:00,3.023,3.024,3.023,3.024,3.028,3.029,3.028,3.029,3
2026-02-10 10:49:00,3.025,3.025,3.023,3.023,3.03,3.03,3.028,3.028,4
2026-02-10 10:52:00,3.0225,3.0225,3.0165,3.018,3.0275,3.0275,3.0215,3.023,9
2026-02-10 10:53:00,3.019,3.019,3.0185,3.019,3.024,3.024,3.0235,3.024,3
2026-02-10 10:54:00,3.0185,3.023,3.018,3.021,3.0235,3.028,3.023,3.026,18
2026-02-10 10:55:00,3.0225,3.0235,3.0225,3.0225,3.0275,3.0285,3.0275,3.0275,8
2026-02-10 10:56:00,3.023,3.024,3.023,3.024,3.028,3.029,3.028,3.029,5
2026-02-10 10:57:00,3.023,3.024,3.023,3.024,3.028,3.029,3.028,3.029,3
2026-02-10 10:59:00,3.023,3.024,3.022,3.023,3.028,3.029,3.027,3.028,14
2026-02-10 11:00:00,3.0225,3.028,3.022,3.027,3.0275,3.033,3.027,3.032,17
2026-02-10 11:01:00,3.028,3.028,3.026,3.028,3.033,3.033,3.031,3.033,8
2026-02-10 11:02:00,3.0275,3.0275,3.025,3.0255,3.0325,3.0325,3.03,3.0305,10
2026-02-10 11:03:00,3.026,3.029,3.026,3.0285,3.031,3.034,3.031,3.0335,7
2026-02-10 11:04:00,3.029,3.029,3.0285,3.0285,3.034,3.034,3.0335,3.0335,2
2026-02-10 11:05:00,3.029,3.0305,3.0285,3.0305,3.034,3.0355,3.0335,3.0355,12
2026-02-10 11:06:00,3.028,3.029,3.0275,3.028,3.033,3.034,3.0325,3.033,7
2026-02-10 11:07:00,3.0275,3.0275,3.0265,3.0265,3.0325,3.0325,3.0315,3.0315,3
2026-02-10 11:08:00,3.027,3.028,3.026,3.0275,3.032,3.033,3.031,3.0325,5
2026-02-10 11:09:00,3.027,3.027,3.027,3.027,3.032,3.032,3.032,3.032,1
2026-02-10 11:10:00,3.028,3.03,3.028,3.03,3.033,3.035,3.033,3.035,5
2026-02-10 11:11:00,3.0305,3.0345,3.03,3.034,3.0355,3.0395,3.035,3.039,16
2026-02-10 11:12:00,3.035,3.035,3.034,3.034,3.04,3.04,3.039,3.039,5
2026-02-10 11:13:00,3.035,3.035,3.033,3.034,3.04,3.04,3.038,3.039,9
2026-02-10 11:14:00,3.0335,3.0335,3.032,3.032,3.0385,3.0385,3.037,3.037,2
2026-02-10 11:15:00,3.0325,3.0345,3.031,3.032,3.0375,3.0395,3.036,3.037,13
2026-02-10 11:16:00,3.0315,3.0335,3.031,3.0335,3.0365,3.0385,3.036,3.0385,6
2026-02-10 11:17:00,3.033,3.033,3.033,3.033,3.038,3.038,3.038,3.038,1
2026-02-10 11:18:00,3.0335,3.039,3.032,3.035,3.0385,3.044,3.037,3.04,17
2026-02-10 11:19:00,3.036,3.036,3.033,3.033,3.041,3.041,3.038,3.038,6
2026-02-10 11:20:00,3.0335,3.034,3.0335,3.034,3.0385,3.039,3.0385,3.039,2
2026-02-10 11:21:00,3.0345,3.0345,3.033,3.0335,3.0395,3.0395,3.038,3.0385,7
2026-02-10 11:23:00,3.033,3.0335,3.032,3.0335,3.038,3.0385,3.037,3.0385,3
2026-02-10 11:24:00,3.034,3.038,3.034,3.038,3.039,3.043,3.039,3.043,7
2026-02-10 11:25:00,3.0385,3.0395,3.037,3.039,3.0435,3.0445,3.042,3.044,12
2026-02-10 11:26:00,3.0395,3.0515,3.0395,3.05,3.0445,3.0565,3.0445,3.055,43
2026-02-10 11:27:00,3.051,3.054,3.0505,3.0505,3.056,3.059,3.0555,3.0555,25
2026-02-10 11:28:00,3.05,3.0525,3.049,3.049,3.055,3.0575,3.054,3.054,11
2026-02-10 11:29:00,3.05,3.052,3.05,3.052,3.055,3.057,3.055,3.057,6
2026-02-10 11:30:00,3.0525,3.0575,3.0525,3.056,3.0575,3.0625,3.0575,3.061,18
2026-02-10 11:31:00,3.055,3.0555,3.054,3.0545,3.06,3.0605,3.059,3.0595,5
2026-02-10 11:32:00,3.053,3.054,3.048,3.0485,3.058,3.059,3.053,3.0535,22
2026-02-10 11:33:00,3.049,3.049,3.041,3.042,3.054,3.054,3.046,3.047,23
2026-02-10 11:34:00,3.043,3.045,3.043,3.044,3.048,3.05,3.048,3.049,6
2026-02-10 11:35:00,3.043,3.049,3.043,3.0485,3.048,3.054,3.048,3.0535,9
2026-02-10 11:36:00,3.048,3.052,3.048,3.0505,3.053,3.057,3.053,3.0555,11
2026-02-10 11:37:00,3.05,3.0505,3.045,3.05,3.055,3.0555,3.05,3.055,20
2026-02-10 11:38:00,3.051,3.054,3.051,3.0515,3.056,3.059,3.056,3.0565,10
2026-02-10 11:39:00,3.052,3.054,3.0515,3.0525,3.057,3.059,3.0565,3.0575,12
2026-02-10 11:40:00,3.053,3.054,3.05,3.0505,3.058,3.059,3.055,3.0555,8
2026-02-10 11:41:00,3.0515,3.054,3.0515,3.0535,3.0565,3.059,3.0565,3.0585,5
2026-02-10 11:42:00,3.052,3.053,3.0505,3.0515,3.057,3.058,3.0555,3.0565,9
2026-02-10 11:43:00,3.051,3.053,3.051,3.0515,3.056,3.058,3.056,3.0565,7
2026-02-10 11:44:00,3.0505,3.053,3.0505,3.0525,3.0555,3.058,3.0555,3.0575,6
2026-02-10 11:45:00,3.053,3.057,3.053,3.055,3.058,3.062,3.058,3.06,19
2026-02-10 11:46:00,3.0555,3.0565,3.054,3.054,3.0605,3.0615,3.059,3.059,11
2026-02-10 11:47:00,3.0545,3.055,3.052,3.052,3.0595,3.06,3.057,3.057,7
2026-02-10 11:48:00,3.0525,3.058,3.0525,3.0575,3.0575,3.063,3.0575,3.0625,15
2026-02-10 11:49:00,3.057,3.058,3.057,3.058,3.062,3.063,3.062,3.063,3
2026-02-10 11:50:00,3.0575,3.058,3.0565,3.058,3.0625,3.063,3.0615,3.063,5
2026-02-10 11:51:00,3.057,3.057,3.0535,3.0555,3.062,3.062,3.0585,3.0605,10
2026-02-10 11:52:00,3.057,3.058,3.055,3.055,3.062,3.063,3.06,3.06,8
2026-02-10 11:53:00,3.0545,3.0565,3.054,3.0565,3.0595,3.0615,3.059,3.0615,4
2026-02-10 11:54:00,3.056,3.056,3.0525,3.0525,3.061,3.061,3.0575,3.0575,6
2026-02-10 11:55:00,3.052,3.0525,3.052,3.0525,3.057,3.0575,3.057,3.0575,2
2026-02-10 11:56:00,3.053,3.056,3.0525,3.054,3.058,3.061,3.0575,3.059,10
2026-02-10 11:57:00,3.053,3.0535,3.0525,3.0525,3.058,3.0585,3.0575,3.0575,4
2026-02-10 11:58:00,3.053,3.0535,3.051,3.051,3.058,3.0585,3.056,3.056,13
2026-02-10 11:59:00,3.0515,3.0525,3.049,3.049,3.0565,3.0575,3.054,3.054,12
2026-02-10 12:00:00,3.0485,3.049,3.043,3.0455,3.0535,3.054,3.048,3.0505,22
2026-02-10 12:01:00,3.045,3.047,3.0435,3.0455,3.05,3.052,3.0485,3.0505,19
2026-02-10 12:02:00,3.045,3.0475,3.0445,3.0475,3.05,3.0525,3.0495,3.0525,10
2026-02-10 12:03:00,3.048,3.0495,3.046,3.046,3.053,3.0545,3.051,3.051,19
2026-02-10 12:04:00,3.0455,3.0555,3.044,3.055,3.0505,3.0605,3.049,3.06,23
2026-02-10 12:05:00,3.0545,3.055,3.053,3.053,3.0595,3.06,3.058,3.058,14
2026-02-10 12:06:00,3.0535,3.054,3.0515,3.0515,3.0585,3.059,3.0565,3.0565,6
2026-02-10 12:07:00,3.051,3.0515,3.043,3.0455,3.056,3.0565,3.048,3.0505,15
2026-02-10 12:08:00,3.045,3.046,3.0445,3.0455,3.05,3.051,3.0495,3.0505,5
2026-02-10 12:09:00,3.046,3.046,3.0435,3.0445,3.051,3.051,3.0485,3.0495,8
2026-02-10 12:10:00,3.044,3.045,3.044,3.045,3.049,3.05,3.049,3.05,4
2026-02-10 12:11:00,3.046,3.046,3.043,3.045,3.051,3.051,3.048,3.05,12
2026-02-10 12:12:00,3.046,3.052,3.045,3.051,3.051,3.057,3.05,3.056,18
2026-02-10 12:13:00,3.052,3.0525,3.052,3.0525,3.057,3.0575,3.057,3.0575,2
2026-02-10 12:14:00,3.052,3.0525,3.05,3.052,3.057,3.0575,3.055,3.057,10
2026-02-10 12:15:00,3.0505,3.0515,3.045,3.0505,3.0555,3.0565,3.05,3.0555,17
2026-02-10 12:16:00,3.051,3.052,3.0495,3.0515,3.056,3.057,3.0545,3.0565,8
2026-02-10 12:17:00,3.052,3.058,3.052,3.0565,3.057,3.063,3.057,3.0615,25
2026-02-10 12:18:00,3.056,3.0595,3.056,3.059,3.061,3.0645,3.061,3.064,23
2026-02-10 12:19:00,3.0595,3.0605,3.059,3.06,3.0645,3.0655,3.064,3.065,9
2026-02-10 12:20:00,3.0595,3.0595,3.0595,3.0595,3.0645,3.0645,3.0645,3.0645,1
2026-02-10 12:21:00,3.06,3.069,3.06,3.066,3.065,3.074,3.065,3.071,22
2026-02-10 12:22:00,3.065,3.065,3.0615,3.064,3.07,3.07,3.0665,3.069,7
2026-02-10 12:23:00,3.0635,3.0645,3.0585,3.062,3.0685,3.0695,3.0635,3.067,25
2026-02-10 12:24:00,3.0615,3.062,3.061,3.0615,3.0665,3.067,3.066,3.0665,13
2026-02-10 12:25:00,3.062,3.062,3.0545,3.055,3.067,3.067,3.0595,3.06,16
2026-02-10 12:26:00,3.0545,3.059,3.054,3.0545,3.0595,3.064,3.059,3.0595,35
2026-02-10 12:27:00,3.0555,3.0605,3.0535,3.0545,3.0605,3.0655,3.0585,3.0595,19
2026-02-10 12:28:00,3.055,3.0575,3.0545,3.0575,3.06,3.0625,3.0595,3.0625,6
2026-02-10 12:29:00,3.0585,3.062,3.058,3.058,3.0635,3.067,3.063,3.063,6
2026-02-10 12:30:00,3.059,3.066,3.059,3.066,3.064,3.071,3.064,3.071,10
2026-02-10 12:31:00,3.0655,3.068,3.064,3.0675,3.0705,3.073,3.069,3.0725,17
2026-02-10 12:32:00,3.067,3.068,3.065,3.067,3.072,3.073,3.07,3.072,15
2026-02-10 12:33:00,3.0675,3.068,3.065,3.066,3.0725,3.073,3.07,3.071,9
2026-02-10 12:34:00,3.0665,3.067,3.0595,3.064,3.0715,3.072,3.0645,3.069,18
2026-02-10 12:35:00,3.0645,3.0665,3.064,3.066,3.0695,3.0715,3.069,3.071,9
2026-02-10 12:36:00,3.067,3.067,3.0655,3.0655,3.072,3.072,3.0705,3.0705,3
2026-02-10 12:37:00,3.065,3.065,3.0625,3.064,3.07,3.07,3.0675,3.069,5
2026-02-10 12:38:00,3.0645,3.065,3.0645,3.065,3.0695,3.07,3.0695,3.07,2
2026-02-10 12:39:00,3.064,3.064,3.055,3.059,3.069,3.069,3.06,3.064,19
2026-02-10 12:40:00,3.0595,3.0615,3.0595,3.061,3.0645,3.0665,3.0645,3.066,10
2026-02-10 12:41:00,3.062,3.062,3.0515,3.054,3.067,3.067,3.0565,3.059,16
2026-02-10 12:42:00,3.0535,3.0555,3.053,3.0555,3.0585,3.0605,3.058,3.0605,8
2026-02-10 12:43:00,3.056,3.063,3.056,3.059,3.061,3.068,3.061,3.064,18
2026-02-10 12:44:00,3.06,3.06,3.057,3.058,3.065,3.065,3.062,3.063,13
2026-02-10 12:45:00,3.0575,3.062,3.057,3.06,3.0625,3.067,3.062,3.065,10
2026-02-10 12:46:00,3.059,3.061,3.059,3.061,3.064,3.066,3.064,3.066,6
2026-02-10 12:47:00,3.0605,3.0665,3.059,3.0655,3.0655,3.0715,3.064,3.0705,22
2026-02-10 12:48:00,3.066,3.0665,3.066,3.066,3.071,3.0715,3.071,3.071,3
2026-02-10 12:49:00,3.0665,3.0665,3.06,3.0605,3.0715,3.0715,3.065,3.0655,18
2026-02-10 12:50:00,3.06,3.068,3.06,3.066,3.065,3.073,3.065,3.071,23
2026-02-10 12:51:00,3.0665,3.07,3.066,3.069,3.0715,3.075,3.071,3.074,18
2026-02-10 12:52:00,3.0685,3.071,3.0595,3.06,3.0735,3.076,3.0645,3.065,24
2026-02-10 12:53:00,3.0595,3.0625,3.059,3.062,3.0645,3.0675,3.064,3.067,17
2026-02-10 12:54:00,3.0615,3.064,3.061,3.0635,3.0665,3.069,3.066,3.0685,10
2026-02-10 12:55:00,3.062,3.069,3.06,3.0665,3.067,3.074,3.065,3.0715,23
2026-02-10 12:56:00,3.066,3.0685,3.066,3.068,3.071,3.0735,3.071,3.073,11
2026-02-10 12:57:00,3.069,3.071,3.0675,3.0675,3.074,3.076,3.0725,3.0725,11
2026-02-10 12:58:00,3.067,3.071,3.066,3.0695,3.072,3.076,3.071,3.0745,28
2026-02-10 12:59:00,3.07,3.07,3.064,3.0665,3.075,3.075,3.069,3.0715,12
2026-02-10 13:00:00,3.067,3.0695,3.058,3.06,3.072,3.0745,3.063,3.065,38
2026-02-10 13:01:00,3.0605,3.063,3.06,3.0625,3.0655,3.068,3.065,3.0675,10
2026-02-10 13:02:00,3.065,3.0745,3.065,3.0745,3.07,3.0795,3.07,3.0795,20
2026-02-10 13:03:00,3.074,3.074,3.07,3.0715,3.079,3.079,3.075,3.0765,13
2026-02-10 13:04:00,3.0725,3.078,3.072,3.078,3.0775,3.083,3.077,3.083,14
2026-02-10 13:05:00,3.077,3.077,3.066,3.069,3.082,3.082,3.071,3.074,36
2026-02-10 13:06:00,3.0695,3.0715,3.0695,3.0695,3.0745,3.0765,3.0745,3.0745,10
2026-02-10 13:07:00,3.07,3.074,3.07,3.074,3.075,3.079,3.075,3.079,13
2026-02-10 13:08:00,3.075,3.076,3.071,3.0755,3.08,3.081,3.076,3.0805,25
2026-02-10 13:09:00,3.076,3.0795,3.074,3.0775,3.081,3.0845,3.079,3.0825,20
2026-02-10 13:10:00,3.078,3.086,3.078,3.0845,3.083,3.091,3.083,3.0895,23
2026-02-10 13:11:00,3.084,3.086,3.0805,3.081,3.089,3.091,3.0855,3.086,16
2026-02-10 13:12:00,3.08,3.08,3.0735,3.077,3.085,3.085,3.0785,3.082,26
2026-02-10 13:13:00,3.0785,3.083,3.077,3.0825,3.0835,3.088,3.082,3.0875,13
2026-02-10 13:14:00,3.083,3.087,3.082,3.085,3.088,3.092,3.087,3.09,22
2026-02-10 13:15:00,3.087,3.092,3.08,3.08,3.092,3.097,3.085,3.085,43
2026-02-10 13:16:00,3.0795,3.0795,3.073,3.076,3.0845,3.0845,3.078,3.081,44
2026-02-10 13:17:00,3.075,3.0755,3.073,3.0755,3.08,3.0805,3.078,3.0805,10
2026-02-10 13:18:00,3.075,3.076,3.073,3.074,3.08,3.081,3.078,3.079,15
2026-02-10 13:19:00,3.073,3.083,3.073,3.082,3.078,3.088,3.078,3.087,19
2026-02-10 13:20:00,3.0815,3.083,3.081,3.082,3.0865,3.088,3.086,3.087,16
2026-02-10 13:21:00,3.083,3.084,3.079,3.083,3.088,3.089,3.084,3.088,15
2026-02-10 13:22:00,3.0835,3.09,3.0835,3.0855,3.0885,3.095,3.0885,3.0905,26
2026-02-10 13:23:00,3.085,3.0855,3.08,3.081,3.09,3.0905,3.085,3.086,22
2026-02-10 13:24:00,3.08,3.0825,3.0795,3.081,3.085,3.0875,3.0845,3.086,19
2026-02-10 13:25:00,3.0805,3.0815,3.0795,3.0805,3.0855,3.0865,3.0845,3.0855,13
2026-02-10 13:26:00,3.081,3.0835,3.078,3.078,3.086,3.0885,3.083,3.083,22
2026-02-10 13:27:00,3.077,3.0805,3.077,3.0805,3.082,3.0855,3.082,3.0855,16
2026-02-10 13:28:00,3.08,3.081,3.078,3.081,3.085,3.086,3.083,3.086,8
2026-02-10 13:29:00,3.082,3.083,3.0725,3.074,3.087,3.088,3.0775,3.079,22
2026-02-10 13:30:00,3.0745,3.0835,3.0735,3.0825,3.0795,3.0885,3.0785,3.0875,31
2026-02-10 13:31:00,3.0835,3.086,3.0725,3.0775,3.0885,3.091,3.0775,3.0825,39
2026-02-10 13:32:00,3.078,3.0815,3.0775,3.0815,3.083,3.0865,3.0825,3.0865,12
2026-02-10 13:33:00,3.082,3.0935,3.082,3.084,3.087,3.0985,3.087,3.089,49
2026-02-10 13:34:00,3.0835,3.0835,3.082,3.0825,3.0885,3.0885,3.087,3.0875,20
2026-02-10 13:35:00,3.082,3.083,3.081,3.0825,3.087,3.088,3.086,3.0875,6
2026-02-10 13:36:00,3.083,3.087,3.075,3.0755,3.088,3.092,3.08,3.0805,31
2026-02-10 13:37:00,3.075,3.081,3.0735,3.08,3.08,3.086,3.0785,3.085,23
2026-02-10 13:38:00,3.0805,3.082,3.079,3.08,3.0855,3.087,3.084,3.085,15
2026-02-10 13:39:00,3.0795,3.081,3.079,3.081,3.0845,3.086,3.084,3.086,6
2026-02-10 13:40:00,3.0815,3.083,3.08,3.083,3.0865,3.088,3.085,3.088,14
2026-02-10 13:41:00,3.081,3.081,3.077,3.0785,3.086,3.086,3.082,3.0835,32
2026-02-10 13:42:00,3.078,3.08,3.076,3.08,3.083,3.085,3.081,3.085,14
2026-02-10 13:43:00,3.079,3.082,3.078,3.078,3.084,3.087,3.083,3.083,20
2026-02-10 13:44:00,3.077,3.0795,3.0725,3.0755,3.082,3.0845,3.0775,3.0805,41
2026-02-10 13:45:00,3.075,3.0755,3.0715,3.073,3.08,3.0805,3.0765,3.078,32
2026-02-10 13:46:00,3.0725,3.0755,3.071,3.072,3.0775,3.0805,3.076,3.077,19
2026-02-10 13:47:00,3.0715,3.0735,3.069,3.071,3.0765,3.0785,3.074,3.076,21
2026-02-10 13:48:00,3.0725,3.074,3.0695,3.071,3.0775,3.079,3.0745,3.076,19
2026-02-10 13:49:00,3.0715,3.072,3.07,3.071,3.0765,3.077,3.075,3.076,9
2026-02-10 13:50:00,3.0715,3.076,3.0715,3.075,3.0765,3.081,3.0765,3.08,13
2026-02-10 13:51:00,3.0745,3.077,3.0745,3.0765,3.0795,3.082,3.0795,3.0815,16
2026-02-10 13:52:00,3.076,3.077,3.074,3.0745,3.081,3.082,3.079,3.0795,22
2026-02-10 13:53:00,3.074,3.074,3.0665,3.067,3.079,3.079,3.0715,3.072,22
2026-02-10 13:54:00,3.0675,3.0675,3.063,3.065,3.0725,3.0725,3.068,3.07,28
2026-02-10 13:55:00,3.066,3.07,3.06,3.061,3.071,3.075,3.065,3.066,32
2026-02-10 13:56:00,3.0615,3.0615,3.056,3.06,3.0665,3.0665,3.061,3.065,27
2026-02-10 13:57:00,3.059,3.061,3.057,3.059,3.064,3.066,3.062,3.064,17
2026-02-10 13:58:00,3.058,3.06,3.056,3.057,3.063,3.065,3.061,3.062,20
2026-02-10 13:59:00,3.058,3.058,3.046,3.0495,3.063,3.063,3.051,3.0545,48
2026-02-10 14:00:00,3.0505,3.0595,3.0505,3.0545,3.0555,3.0645,3.0555,3.0595,54
2026-02-10 14:01:00,3.053,3.057,3.053,3.0545,3.058,3.062,3.058,3.0595,19
2026-02-10 14:02:00,3.054,3.056,3.0515,3.056,3.059,3.061,3.0565,3.061,31
2026-02-10 14:03:00,3.0565,3.065,3.0565,3.061,3.0615,3.07,3.0615,3.066,25
2026-02-10 14:04:00,3.0605,3.063,3.054,3.055,3.0655,3.068,3.059,3.06,21
2026-02-10 14:05:00,3.0545,3.065,3.0545,3.062,3.0595,3.07,3.0595,3.067,38
2026-02-10 14:06:00,3.0625,3.0625,3.055,3.0575,3.0675,3.0675,3.06,3.0625,20
2026-02-10 14:07:00,3.058,3.062,3.057,3.058,3.063,3.067,3.062,3.063,19
2026-02-10 14:08:00,3.059,3.061,3.053,3.056,3.064,3.066,3.058,3.061,30
2026-02-10 14:09:00,3.057,3.062,3.0565,3.06,3.062,3.067,3.0615,3.065,31
2026-02-10 14:10:00,3.0605,3.066,3.0595,3.064,3.0655,3.071,3.0645,3.069,51
2026-02-10 14:11:00,3.0645,3.07,3.0645,3.0675,3.0695,3.075,3.0695,3.0725,34
2026-02-10 14:12:00,3.0685,3.073,3.067,3.0675,3.0735,3.078,3.072,3.0725,36
2026-02-10 14:13:00,3.0685,3.071,3.062,3.0635,3.0735,3.076,3.067,3.0685,41
2026-02-10 14:14:00,3.064,3.071,3.0625,3.071,3.069,3.076,3.0675,3.076,20
2026-02-10 14:15:00,3.07,3.074,3.063,3.064,3.075,3.079,3.068,3.069,36
2026-02-10 14:16:00,3.0645,3.068,3.0635,3.0645,3.0695,3.073,3.0685,3.0695,25
2026-02-10 14:17:00,3.064,3.067,3.051,3.055,3.069,3.072,3.056,3.06,68
2026-02-10 14:18:00,3.0545,3.0545,3.047,3.0475,3.0595,3.0595,3.052,3.0525,51
2026-02-10 14:19:00,3.0485,3.05,3.0405,3.047,3.0535,3.055,3.0455,3.052,58
2026-02-10 14:20:00,3.0465,3.048,3.042,3.0455,3.0515,3.053,3.047,3.0505,60
2026-02-10 14:21:00,3.046,3.053,3.0445,3.0525,3.051,3.058,3.0495,3.0575,36
2026-02-10 14:22:00,3.053,3.0585,3.052,3.055,3.058,3.0635,3.057,3.06,43
2026-02-10 14:23:00,3.0555,3.057,3.051,3.0515,3.0605,3.062,3.056,3.0565,26
2026-02-10 14:24:00,3.052,3.056,3.0515,3.053,3.057,3.061,3.0565,3.058,17
2026-02-10 14:25:00,3.054,3.061,3.0525,3.054,3.059,3.066,3.0575,3.059,42
2026-02-10 14:26:00,3.0535,3.059,3.051,3.0565,3.0585,3.064,3.056,3.0615,46
2026-02-10 14:27:00,3.057,3.06,3.049,3.06,3.062,3.065,3.054,3.065,33
2026-02-10 14:28:00,3.061,3.069,3.061,3.064,3.066,3.074,3.066,3.069,42
2026-02-10 14:29:00,3.066,3.068,3.0575,3.058,3.071,3.073,3.0625,3.063,33
2026-02-10 14:30:00,3.0585,3.0635,3.0545,3.0605,3.0635,3.0685,3.0595,3.0655,46
2026-02-10 14:31:00,3.0595,3.0605,3.0425,3.0495,3.0645,3.0655,3.0475,3.0545,142
2026-02-10 14:32:00,3.05,3.056,3.034,3.037,3.055,3.061,3.039,3.042,145
2026-02-10 14:33:00,3.038,3.052,3.036,3.052,3.043,3.057,3.041,3.057,95
2026-02-10 14:34:00,3.053,3.056,3.051,3.056,3.058,3.061,3.056,3.061,37
2026-02-10 14:35:00,3.0565,3.0715,3.0555,3.0665,3.0615,3.0765,3.0605,3.0715,76
2026-02-10 14:36:00,3.067,3.075,3.065,3.074,3.072,3.08,3.07,3.079,82
2026-02-10 14:37:00,3.0745,3.089,3.074,3.089,3.0795,3.094,3.079,3.094,76
2026-02-10 14:38:00,3.0895,3.091,3.082,3.09,3.0945,3.096,3.087,3.095,67
2026-02-10 14:39:00,3.0905,3.092,3.09,3.09,3.0955,3.097,3.095,3.095,28
2026-02-10 14:40:00,3.0895,3.092,3.083,3.083,3.0945,3.097,3.088,3.088,55
2026-02-10 14:41:00,3.084,3.089,3.0775,3.0865,3.089,3.094,3.0825,3.0915,48
2026-02-10 14:42:00,3.087,3.09,3.084,3.087,3.092,3.095,3.089,3.092,48
2026-02-10 14:43:00,3.086,3.091,3.086,3.09,3.091,3.096,3.091,3.095,32
2026-02-10 14:44:00,3.089,3.099,3.087,3.092,3.094,3.104,3.092,3.097,79
2026-02-10 14:45:00,3.093,3.093,3.089,3.09,3.098,3.098,3.094,3.095,35
2026-02-10 14:46:00,3.0895,3.094,3.084,3.093,3.0945,3.099,3.089,3.098,50
2026-02-10 14:47:00,3.0925,3.095,3.089,3.0895,3.0975,3.1,3.094,3.0945,27
2026-02-10 14:48:00,3.09,3.094,3.088,3.091,3.095,3.099,3.093,3.096,34
2026-02-10 14:49:00,3.092,3.1,3.091,3.097,3.097,3.105,3.096,3.102,48
2026-02-10 14:50:00,3.0975,3.1005,3.091,3.091,3.1025,3.1055,3.096,3.096,35
2026-02-10 14:51:00,3.0915,3.099,3.089,3.089,3.0965,3.104,3.094,3.094,46
2026-02-10 14:52:00,3.0895,3.091,3.084,3.089,3.0945,3.096,3.089,3.094,30
2026-02-10 14:53:00,3.09,3.093,3.089,3.089,3.095,3.098,3.094,3.094,22
2026-02-10 14:54:00,3.0885,3.095,3.0885,3.0945,3.0935,3.1,3.0935,3.0995,18
2026-02-10 14:55:00,3.095,3.0955,3.0875,3.092,3.1,3.1005,3.0925,3.097,33
2026-02-10 14:56:00,3.0915,3.097,3.0915,3.095,3.0965,3.102,3.0965,3.1,24
2026-02-10 14:57:00,3.096,3.097,3.0925,3.0955,3.101,3.102,3.0975,3.1005,20
2026-02-10 14:58:00,3.095,3.1005,3.095,3.1,3.1,3.1055,3.1,3.105,20
2026-02-10 14:59:00,3.1005,3.1025,3.097,3.1,3.1055,3.1075,3.102,3.105,47
2026-02-10 15:00:00,3.0995,3.0995,3.088,3.089,3.1045,3.1045,3.093,3.094,132
2026-02-10 15:01:00,3.09,3.094,3.085,3.085,3.095,3.099,3.09,3.09,139
2026-02-10 15:02:00,3.084,3.0855,3.077,3.081,3.089,3.0905,3.082,3.086,73
2026-02-10 15:03:00,3.08,3.081,3.065,3.0765,3.085,3.086,3.07,3.0815,107
2026-02-10 15:04:00,3.076,3.076,3.062,3.0665,3.081,3.081,3.067,3.0715,72
2026-02-10 15:05:00,3.064,3.068,3.06,3.068,3.069,3.073,3.065,3.073,35
2026-02-10 15:06:00,3.0685,3.069,3.063,3.065,3.0735,3.074,3.068,3.07,36
2026-02-10 15:07:00,3.0645,3.069,3.064,3.069,3.0695,3.074,3.069,3.074,29
2026-02-10 15:08:00,3.0695,3.0745,3.0685,3.0745,3.0745,3.0795,3.0735,3.0795,62
2026-02-10 15:09:00,3.074,3.08,3.073,3.078,3.079,3.085,3.078,3.083,38
2026-02-10 15:10:00,3.0785,3.079,3.075,3.075,3.0835,3.084,3.08,3.08,34
2026-02-10 15:11:00,3.0765,3.081,3.07,3.0805,3.0815,3.086,3.075,3.0855,63
2026-02-10 15:12:00,3.08,3.0955,3.078,3.092,3.085,3.1005,3.083,3.097,89
2026-02-10 15:13:00,3.0915,3.094,3.0905,3.0925,3.0965,3.099,3.0955,3.0975,27
2026-02-10 15:14:00,3.092,3.098,3.0885,3.097,3.097,3.103,3.0935,3.102,40
2026-02-10 15:15:00,3.098,3.103,3.0975,3.101,3.103,3.108,3.1025,3.106,58
2026-02-10 15:16:00,3.102,3.103,3.1,3.1,3.107,3.108,3.105,3.105,28
2026-02-10 15:17:00,3.1005,3.116,3.1005,3.109,3.1055,3.121,3.1055,3.114,83
2026-02-10 15:18:00,3.1095,3.111,3.1075,3.1085,3.1145,3.116,3.1125,3.1135,20
2026-02-10 15:19:00,3.108,3.109,3.105,3.1065,3.113,3.114,3.11,3.1115,32
2026-02-10 15:20:00,3.106,3.1065,3.102,3.103,3.111,3.1115,3.107,3.108,27
2026-02-10 15:21:00,3.1035,3.11,3.102,3.109,3.1085,3.115,3.107,3.114,40
2026-02-10 15:22:00,3.11,3.11,3.101,3.102,3.115,3.115,3.106,3.107,25
2026-02-10 15:23:00,3.101,3.1055,3.099,3.1055,3.106,3.1105,3.104,3.1105,32
2026-02-10 15:24:00,3.105,3.105,3.1,3.105,3.11,3.11,3.105,3.11,21
2026-02-10 15:25:00,3.1055,3.109,3.1025,3.109,3.1105,3.114,3.1075,3.114,26
2026-02-10 15:26:00,3.108,3.113,3.1055,3.106,3.113,3.118,3.1105,3.111,64
2026-02-10 15:27:00,3.1065,3.111,3.102,3.102,3.1115,3.116,3.107,3.107,35
2026-02-10 15:28:00,3.103,3.105,3.101,3.104,3.108,3.11,3.106,3.109,24
2026-02-10 15:29:00,3.105,3.11,3.102,3.109,3.11,3.115,3.107,3.114,45
2026-02-10 15:30:00,3.11,3.112,3.104,3.107,3.115,3.117,3.109,3.112,64
2026-02-10 15:31:00,3.1075,3.111,3.091,3.097,3.1125,3.116,3.096,3.102,111
2026-02-10 15:32:00,3.096,3.105,3.09,3.103,3.101,3.11,3.095,3.108,75
2026-02-10 15:33:00,3.104,3.11,3.101,3.106,3.109,3.115,3.106,3.111,50
2026-02-10 15:34:00,3.1055,3.106,3.101,3.1025,3.1105,3.111,3.106,3.1075,42
2026-02-10 15:35:00,3.102,3.104,3.0965,3.099,3.107,3.109,3.1015,3.104,44
2026-02-10 15:36:00,3.098,3.099,3.095,3.095,3.103,3.104,3.1,3.1,26
2026-02-10 15:37:00,3.096,3.106,3.095,3.104,3.101,3.111,3.1,3.109,69
2026-02-10 15:38:00,3.1035,3.107,3.103,3.107,3.1085,3.112,3.108,3.112,41
2026-02-10 15:39:00,3.108,3.108,3.0995,3.0995,3.113,3.113,3.1045,3.1045,28
2026-02-10 15:40:00,3.1005,3.104,3.093,3.0975,3.1055,3.109,3.098,3.1025,48
2026-02-10 15:41:00,3.097,3.103,3.096,3.097,3.102,3.108,3.101,3.102,34
2026-02-10 15:42:00,3.096,3.097,3.09,3.095,3.101,3.102,3.095,3.1,33
2026-02-10 15:43:00,3.094,3.0995,3.094,3.097,3.099,3.1045,3.099,3.102,33
2026-02-10 15:44:00,3.0965,3.097,3.09,3.097,3.1015,3.102,3.095,3.102,53
2026-02-10 15:45:00,3.098,3.0995,3.097,3.098,3.103,3.1045,3.102,3.103,44
2026-02-10 15:46:00,3.0985,3.102,3.0945,3.0945,3.1035,3.107,3.0995,3.0995,32
2026-02-10 15:47:00,3.095,3.097,3.0885,3.0905,3.1,3.102,3.0935,3.0955,63
2026-02-10 15:48:00,3.09,3.099,3.09,3.0965,3.095,3.104,3.095,3.1015,64
2026-02-10 15:49:00,3.096,3.107,3.095,3.107,3.101,3.112,3.1,3.112,52
2026-02-10 15:50:00,3.108,3.109,3.1,3.107,3.113,3.114,3.105,3.112,73
2026-02-10 15:51:00,3.106,3.11,3.106,3.107,3.111,3.115,3.111,3.112,56
2026-02-10 15:52:00,3.1065,3.109,3.103,3.105,3.1115,3.114,3.108,3.11,40
2026-02-10 15:53:00,3.106,3.109,3.104,3.105,3.111,3.114,3.109,3.11,24
2026-02-10 15:54:00,3.1045,3.106,3.103,3.1035,3.1095,3.111,3.108,3.1085,20
2026-02-10 15:55:00,3.104,3.104,3.098,3.101,3.109,3.109,3.103,3.106,23
2026-02-10 15:56:00,3.102,3.105,3.101,3.103,3.107,3.11,3.106,3.108,13
2026-02-10 15:57:00,3.1045,3.107,3.103,3.104,3.1095,3.112,3.108,3.109,19
2026-02-10 15:58:00,3.1045,3.105,3.101,3.103,3.1095,3.11,3.106,3.108,13
2026-02-10 15:59:00,3.102,3.108,3.102,3.1075,3.107,3.113,3.107,3.1125,24
2026-02-10 16:00:00,3.107,3.115,3.1045,3.1135,3.112,3.12,3.1095,3.1185,69
2026-02-10 16:01:00,3.114,3.116,3.1095,3.112,3.119,3.121,3.1145,3.117,50
2026-02-10 16:02:00,3.1125,3.1125,3.109,3.109,3.1175,3.1175,3.114,3.114,29
2026-02-10 16:03:00,3.1085,3.1185,3.1085,3.115,3.1135,3.1235,3.1135,3.12,44
2026-02-10 16:04:00,3.114,3.116,3.11,3.111,3.119,3.121,3.115,3.116,36
2026-02-10 16:05:00,3.1105,3.1105,3.098,3.099,3.1155,3.1155,3.103,3.104,79
2026-02-10 16:06:00,3.0995,3.1015,3.098,3.1005,3.1045,3.1065,3.103,3.1055,37
2026-02-10 16:07:00,3.1,3.101,3.097,3.097,3.105,3.106,3.102,3.102,17
2026-02-10 16:08:00,3.0965,3.0985,3.095,3.097,3.1015,3.1035,3.1,3.102,31
2026-02-10 16:09:00,3.0965,3.0965,3.093,3.095,3.1015,3.1015,3.098,3.1,29
2026-02-10 16:10:00,3.0955,3.099,3.095,3.0965,3.1005,3.104,3.1,3.1015,42
2026-02-10 16:11:00,3.097,3.102,3.097,3.1005,3.102,3.107,3.102,3.1055,39
2026-02-10 16:12:00,3.101,3.101,3.092,3.0975,3.106,3.106,3.097,3.1025,39
2026-02-10 16:13:00,3.097,3.098,3.091,3.092,3.102,3.103,3.096,3.097,27
2026-02-10 16:14:00,3.0925,3.1,3.092,3.097,3.0975,3.105,3.097,3.102,29
2026-02-10 16:15:00,3.0965,3.0965,3.0835,3.088,3.1015,3.1015,3.0885,3.093,52
2026-02-10 16:16:00,3.0885,3.0885,3.0815,3.0835,3.0935,3.0935,3.0865,3.0885,59
2026-02-10 16:17:00,3.084,3.096,3.082,3.094,3.089,3.101,3.087,3.099,38
2026-02-10 16:18:00,3.095,3.099,3.093,3.0975,3.1,3.104,3.098,3.1025,33
2026-02-10 16:19:00,3.0985,3.105,3.0975,3.1045,3.1035,3.11,3.1025,3.1095,38
2026-02-10 16:20:00,3.1035,3.1035,3.098,3.1005,3.1085,3.1085,3.103,3.1055,41
2026-02-10 16:21:00,3.1,3.103,3.0995,3.102,3.105,3.108,3.1045,3.107,39
2026-02-10 16:22:00,3.101,3.1045,3.101,3.1045,3.106,3.1095,3.106,3.1095,19
2026-02-10 16:23:00,3.104,3.1075,3.104,3.107,3.109,3.1125,3.109,3.112,23
2026-02-10 16:24:00,3.1075,3.1085,3.106,3.108,3.1125,3.1135,3.111,3.113,14
2026-02-10 16:25:00,3.109,3.112,3.1075,3.11,3.114,3.117,3.1125,3.115,28
2026-02-10 16:26:00,3.111,3.115,3.111,3.1115,3.116,3.12,3.116,3.1165,27
2026-02-10 16:27:00,3.113,3.115,3.112,3.114,3.118,3.12,3.117,3.119,36
2026-02-10 16:28:00,3.115,3.115,3.1115,3.112,3.12,3.12,3.1165,3.117,24
2026-02-10 16:29:00,3.1115,3.1125,3.109,3.111,3.1165,3.1175,3.114,3.116,24
2026-02-10 16:30:00,3.1115,3.1125,3.108,3.109,3.1165,3.1175,3.113,3.114,32
2026-02-10 16:31:00,3.105,3.105,3.099,3.1035,3.11,3.11,3.104,3.1085,67
2026-02-10 16:32:00,3.103,3.111,3.103,3.1085,3.108,3.116,3.108,3.1135,39
2026-02-10 16:33:00,3.108,3.109,3.106,3.108,3.113,3.114,3.111,3.113,23
2026-02-10 16:34:00,3.1085,3.115,3.105,3.113,3.1135,3.12,3.11,3.118,30
2026-02-10 16:35:00,3.1135,3.118,3.109,3.116,3.1185,3.123,3.114,3.121,27
2026-02-10 16:36:00,3.1155,3.1155,3.112,3.1135,3.1205,3.1205,3.117,3.1185,21
2026-02-10 16:37:00,3.114,3.116,3.1135,3.116,3.119,3.121,3.1185,3.121,23
2026-02-10 16:38:00,3.117,3.118,3.1155,3.1165,3.122,3.123,3.1205,3.1215,24
2026-02-10 16:39:00,3.116,3.117,3.115,3.116,3.121,3.122,3.12,3.121,10
2026-02-10 16:40:00,3.1165,3.12,3.115,3.119,3.1215,3.125,3.12,3.124,35
2026-02-10 16:41:00,3.1185,3.119,3.114,3.1175,3.1235,3.124,3.119,3.1225,46
2026-02-10 16:42:00,3.117,3.12,3.117,3.119,3.122,3.125,3.122,3.124,16
2026-02-10 16:43:00,3.1195,3.122,3.119,3.1195,3.1245,3.127,3.124,3.1245,25
2026-02-10 16:44:00,3.12,3.12,3.114,3.1155,3.125,3.125,3.119,3.1205,32
2026-02-10 16:45:00,3.115,3.119,3.114,3.115,3.12,3.124,3.119,3.12,24
2026-02-10 16:46:00,3.1145,3.118,3.114,3.115,3.1195,3.123,3.119,3.12,35
2026-02-10 16:47:00,3.116,3.118,3.116,3.118,3.121,3.123,3.121,3.123,13
2026-02-10 16:48:00,3.119,3.119,3.116,3.117,3.124,3.124,3.121,3.122,21
2026-02-10 16:49:00,3.116,3.119,3.116,3.1185,3.121,3.124,3.121,3.1235,15
2026-02-10 16:50:00,3.118,3.119,3.115,3.118,3.123,3.124,3.12,3.123,22
2026-02-10 16:51:00,3.1175,3.119,3.117,3.118,3.1225,3.124,3.122,3.123,11
2026-02-10 16:52:00,3.1175,3.118,3.112,3.1145,3.1225,3.123,3.117,3.1195,30
2026-02-10 16:53:00,3.114,3.115,3.113,3.115,3.119,3.12,3.118,3.12,20
2026-02-10 16:54:00,3.1135,3.114,3.11,3.114,3.1185,3.119,3.115,3.119,35
2026-02-10 16:55:00,3.1135,3.1135,3.106,3.108,3.1185,3.1185,3.111,3.113,21
2026-02-10 16:56:00,3.1085,3.109,3.106,3.106,3.1135,3.114,3.111,3.111,19
2026-02-10 16:57:00,3.107,3.108,3.103,3.105,3.112,3.113,3.108,3.11,20
2026-02-10 16:58:00,3.1045,3.1115,3.104,3.108,3.1095,3.1165,3.109,3.113,30
2026-02-10 16:59:00,3.109,3.11,3.107,3.109,3.114,3.115,3.112,3.114,16
2026-02-10 17:00:00,3.1085,3.1115,3.107,3.11,3.1135,3.1165,3.112,3.115,22
2026-02-10 17:01:00,3.109,3.113,3.108,3.112,3.114,3.118,3.113,3.117,20
2026-02-10 17:02:00,3.1115,3.1135,3.108,3.113,3.1165,3.1185,3.113,3.118,23
2026-02-10 17:03:00,3.1135,3.115,3.113,3.115,3.1185,3.12,3.118,3.12,10
2026-02-10 17:04:00,3.116,3.117,3.111,3.113,3.121,3.122,3.116,3.118,40
2026-02-10 17:05:00,3.1125,3.114,3.111,3.113,3.1175,3.119,3.116,3.118,33
2026-02-10 17:06:00,3.1135,3.115,3.113,3.113,3.1185,3.12,3.118,3.118,12
2026-02-10 17:07:00,3.1135,3.118,3.1125,3.118,3.1185,3.123,3.1175,3.123,32
2026-02-10 17:08:00,3.1175,3.1175,3.111,3.113,3.1225,3.1225,3.116,3.118,34
2026-02-10 17:09:00,3.1135,3.117,3.113,3.116,3.1185,3.122,3.118,3.121,22
2026-02-10 17:10:00,3.1155,3.126,3.114,3.125,3.1205,3.131,3.119,3.13,51
2026-02-10 17:11:00,3.1245,3.125,3.1205,3.1215,3.1295,3.13,3.1255,3.1265,38
2026-02-10 17:12:00,3.1205,3.1235,3.1185,3.122,3.1255,3.1285,3.1235,3.127,29
2026-02-10 17:13:00,3.1225,3.128,3.122,3.1245,3.1275,3.133,3.127,3.1295,70
2026-02-10 17:14:00,3.124,3.128,3.121,3.1225,3.129,3.133,3.126,3.1275,41
2026-02-10 17:15:00,3.122,3.1225,3.1145,3.115,3.127,3.1275,3.1195,3.12,39
2026-02-10 17:16:00,3.1155,3.125,3.1155,3.125,3.1205,3.13,3.1205,3.13,29
2026-02-10 17:17:00,3.1245,3.126,3.1235,3.124,3.1295,3.131,3.1285,3.129,17
2026-02-10 17:18:00,3.1235,3.126,3.122,3.123,3.1285,3.131,3.127,3.128,34
2026-02-10 17:19:00,3.1235,3.128,3.123,3.1265,3.1285,3.133,3.128,3.1315,34
2026-02-10 17:20:00,3.126,3.126,3.124,3.125,3.131,3.131,3.129,3.13,12
2026-02-10 17:21:00,3.1245,3.125,3.119,3.12,3.1295,3.13,3.124,3.125,24
2026-02-10 17:22:00,3.1205,3.122,3.117,3.121,3.1255,3.127,3.122,3.126,32
2026-02-10 17:23:00,3.1205,3.122,3.119,3.121,3.1255,3.127,3.124,3.126,36
2026-02-10 17:24:00,3.1215,3.13,3.1215,3.128,3.1265,3.135,3.1265,3.133,36
2026-02-10 17:25:00,3.127,3.129,3.1265,3.128,3.132,3.134,3.1315,3.133,18
2026-02-10 17:26:00,3.1275,3.129,3.1225,3.123,3.1325,3.134,3.1275,3.128,33
2026-02-10 17:27:00,3.1235,3.131,3.1235,3.1295,3.1285,3.136,3.1285,3.1345,26
2026-02-10 17:28:00,3.1285,3.13,3.1285,3.1295,3.1335,3.135,3.1335,3.1345,17
2026-02-10 17:29:00,3.13,3.134,3.129,3.134,3.135,3.139,3.134,3.139,28
2026-02-10 17:30:00,3.1335,3.135,3.131,3.1325,3.1385,3.14,3.136,3.1375,42
2026-02-10 17:31:00,3.133,3.135,3.127,3.128,3.138,3.14,3.132,3.133,40
2026-02-10 17:32:00,3.129,3.131,3.126,3.13,3.134,3.136,3.131,3.135,37
2026-02-10 17:33:00,3.129,3.13,3.117,3.118,3.134,3.135,3.122,3.123,58
2026-02-10 17:34:00,3.117,3.121,3.1155,3.118,3.122,3.126,3.1205,3.123,36
2026-02-10 17:35:00,3.117,3.117,3.115,3.1165,3.122,3.122,3.12,3.1215,12
2026-02-10 17:36:00,3.117,3.117,3.114,3.115,3.122,3.122,3.119,3.12,22
2026-02-10 17:37:00,3.1145,3.116,3.112,3.115,3.1195,3.121,3.117,3.12,34
2026-02-10 17:38:00,3.1155,3.123,3.1145,3.1215,3.1205,3.128,3.1195,3.1265,37
2026-02-10 17:39:00,3.122,3.124,3.121,3.123,3.127,3.129,3.126,3.128,20
2026-02-10 17:40:00,3.1225,3.123,3.113,3.116,3.1275,3.128,3.118,3.121,39
2026-02-10 17:41:00,3.1155,3.1155,3.109,3.1105,3.1205,3.1205,3.114,3.1155,38
2026-02-10 17:42:00,3.1115,3.115,3.1115,3.114,3.1165,3.12,3.1165,3.119,29
2026-02-10 17:43:00,3.1145,3.115,3.112,3.114,3.1195,3.12,3.117,3.119,20
2026-02-10 17:44:00,3.115,3.115,3.111,3.1135,3.12,3.12,3.116,3.1185,16
2026-02-10 17:45:00,3.114,3.116,3.113,3.115,3.119,3.121,3.118,3.12,24
2026-02-10 17:46:00,3.114,3.115,3.1125,3.114,3.119,3.12,3.1175,3.119,16
2026-02-10 17:47:00,3.113,3.114,3.105,3.106,3.118,3.119,3.11,3.111,47
2026-02-10 17:48:00,3.1055,3.106,3.101,3.105,3.1105,3.111,3.106,3.11,42
2026-02-10 17:49:00,3.1055,3.1055,3.104,3.1045,3.1105,3.1105,3.109,3.1095,8
2026-02-10 17:50:00,3.104,3.104,3.101,3.102,3.109,3.109,3.106,3.107,19
2026-02-10 17:51:00,3.1025,3.103,3.1015,3.102,3.1075,3.108,3.1065,3.107,14
2026-02-10 17:52:00,3.1025,3.1035,3.097,3.0975,3.1075,3.1085,3.102,3.1025,30
2026-02-10 17:53:00,3.098,3.1,3.097,3.0975,3.103,3.105,3.102,3.1025,22
2026-02-10 17:54:00,3.098,3.102,3.0975,3.101,3.103,3.107,3.1025,3.106,29
2026-02-10 17:55:00,3.1015,3.103,3.1,3.102,3.1065,3.108,3.105,3.107,28
2026-02-10 17:56:00,3.1025,3.104,3.1,3.102,3.1075,3.109,3.105,3.107,21
2026-02-10 17:57:00,3.103,3.109,3.1025,3.108,3.108,3.114,3.1075,3.113,27
2026-02-10 17:58:00,3.1085,3.11,3.1065,3.109,3.1135,3.115,3.1115,3.114,23
2026-02-10 17:59:00,3.108,3.108,3.105,3.106,3.113,3.113,3.11,3.111,10
2026-02-10 18:00:00,3.1055,3.108,3.104,3.1075,3.1105,3.113,3.109,3.1125,26
2026-02-10 18:01:00,3.107,3.111,3.105,3.105,3.112,3.116,3.11,3.11,27
2026-02-10 18:02:00,3.106,3.113,3.106,3.112,3.111,3.118,3.111,3.117,27
2026-02-10 18:03:00,3.1125,3.115,3.111,3.114,3.1175,3.12,3.116,3.119,24
2026-02-10 18:04:00,3.113,3.115,3.112,3.112,3.118,3.12,3.117,3.117,34
2026-02-10 18:05:00,3.111,3.115,3.111,3.114,3.116,3.12,3.116,3.119,27
2026-02-10 18:06:00,3.113,3.113,3.109,3.111,3.118,3.118,3.114,3.116,21
2026-02-10 18:07:00,3.1115,3.113,3.109,3.1095,3.1165,3.118,3.114,3.1145,32
2026-02-10 18:08:00,3.11,3.114,3.11,3.1135,3.115,3.119,3.115,3.1185,23
2026-02-10 18:09:00,3.114,3.114,3.1125,3.1135,3.119,3.119,3.1175,3.1185,15
2026-02-10 18:10:00,3.113,3.114,3.111,3.1125,3.118,3.119,3.116,3.1175,27
2026-02-10 18:11:00,3.113,3.123,3.1115,3.122,3.118,3.128,3.1165,3.127,44
2026-02-10 18:12:00,3.1225,3.1245,3.1215,3.1225,3.1275,3.1295,3.1265,3.1275,20
2026-02-10 18:13:00,3.123,3.124,3.1225,3.124,3.128,3.129,3.1275,3.129,19
2026-02-10 18:14:00,3.1235,3.124,3.121,3.121,3.1285,3.129,3.126,3.126,17
2026-02-10 18:15:00,3.122,3.126,3.122,3.122,3.127,3.131,3.127,3.127,38
2026-02-10 18:16:00,3.1225,3.1225,3.113,3.1135,3.1275,3.1275,3.118,3.1185,36
2026-02-10 18:17:00,3.113,3.1145,3.111,3.112,3.118,3.1195,3.116,3.117,18
2026-02-10 18:18:00,3.1125,3.1165,3.1125,3.1155,3.1175,3.1215,3.1175,3.1205,19
2026-02-10 18:19:00,3.116,3.117,3.115,3.116,3.121,3.122,3.12,3.121,10
2026-02-10 18:20:00,3.1165,3.12,3.1165,3.119,3.1215,3.125,3.1215,3.124,21
2026-02-10 18:21:00,3.1195,3.122,3.118,3.122,3.1245,3.127,3.123,3.127,17
2026-02-10 18:22:00,3.1225,3.1225,3.119,3.121,3.1275,3.1275,3.124,3.126,19
2026-02-10 18:23:00,3.1205,3.1295,3.12,3.129,3.1255,3.1345,3.125,3.134,42
2026-02-10 18:24:00,3.1285,3.129,3.124,3.1245,3.1335,3.134,3.129,3.1295,37
2026-02-10 18:25:00,3.125,3.13,3.1245,3.128,3.13,3.135,3.1295,3.133,25
2026-02-10 18:26:00,3.129,3.13,3.119,3.121,3.134,3.135,3.124,3.126,28
2026-02-10 18:27:00,3.1215,3.124,3.12,3.122,3.1265,3.129,3.125,3.127,16
2026-02-10 18:28:00,3.1225,3.123,3.116,3.1185,3.1275,3.128,3.121,3.1235,21
2026-02-10 18:29:00,3.118,3.125,3.118,3.122,3.123,3.13,3.123,3.127,26
2026-02-10 18:30:00,3.1225,3.1245,3.121,3.123,3.1275,3.1295,3.126,3.128,19
2026-02-10 18:31:00,3.122,3.124,3.122,3.122,3.127,3.129,3.127,3.127,9
2026-02-10 18:32:00,3.121,3.121,3.119,3.12,3.126,3.126,3.124,3.125,19
2026-02-10 18:33:00,3.1195,3.12,3.118,3.118,3.1245,3.125,3.123,3.123,12
2026-02-10 18:34:00,3.1185,3.124,3.1185,3.1215,3.1235,3.129,3.1235,3.1265,30
2026-02-10 18:35:00,3.122,3.122,3.119,3.12,3.127,3.127,3.124,3.125,12
2026-02-10 18:36:00,3.1195,3.12,3.118,3.118,3.1245,3.125,3.123,3.123,13
2026-02-10 18:37:00,3.1175,3.118,3.114,3.115,3.1225,3.123,3.119,3.12,24
2026-02-10 18:38:00,3.1155,3.1155,3.111,3.113,3.1205,3.1205,3.116,3.118,25
2026-02-10 18:39:00,3.112,3.114,3.112,3.112,3.117,3.119,3.117,3.117,10
2026-02-10 18:40:00,3.113,3.118,3.113,3.118,3.118,3.123,3.118,3.123,30
2026-02-10 18:41:00,3.117,3.118,3.114,3.116,3.122,3.123,3.119,3.121,27
2026-02-10 18:42:00,3.115,3.116,3.1125,3.1155,3.12,3.121,3.1175,3.1205,29
2026-02-10 18:43:00,3.115,3.116,3.114,3.115,3.12,3.121,3.119,3.12,14
2026-02-10 18:44:00,3.114,3.115,3.1125,3.114,3.119,3.12,3.1175,3.119,21
2026-02-10 18:45:00,3.1145,3.116,3.105,3.1075,3.1195,3.121,3.11,3.1125,68
2026-02-10 18:46:00,3.108,3.108,3.103,3.106,3.113,3.113,3.108,3.111,42
2026-02-10 18:47:00,3.1055,3.107,3.101,3.103,3.1105,3.112,3.106,3.108,66
2026-02-10 18:48:00,3.1035,3.1035,3.091,3.091,3.1085,3.1085,3.096,3.096,57
2026-02-10 18:49:00,3.092,3.0945,3.09,3.0935,3.097,3.0995,3.095,3.0985,48
2026-02-10 18:50:00,3.094,3.099,3.0935,3.099,3.099,3.104,3.0985,3.104,47
2026-02-10 18:51:00,3.1,3.101,3.096,3.096,3.105,3.106,3.101,3.101,26
2026-02-10 18:52:00,3.095,3.101,3.095,3.1,3.1,3.106,3.1,3.105,23
2026-02-10 18:53:00,3.101,3.1035,3.0955,3.096,3.106,3.1085,3.1005,3.101,48
2026-02-10 18:54:00,3.097,3.097,3.093,3.093,3.102,3.102,3.098,3.098,34
2026-02-10 18:55:00,3.0935,3.096,3.092,3.093,3.0985,3.101,3.097,3.098,19
2026-02-10 18:56:00,3.0925,3.095,3.0925,3.093,3.0975,3.1,3.0975,3.098,8
2026-02-10 18:57:00,3.092,3.095,3.092,3.094,3.097,3.1,3.097,3.099,12
2026-02-10 18:58:00,3.095,3.104,3.0915,3.1025,3.1,3.109,3.0965,3.1075,48
2026-02-10 18:59:00,3.102,3.107,3.102,3.1055,3.107,3.112,3.107,3.1105,22
2026-02-10 19:00:00,3.1065,3.108,3.0995,3.1045,3.1115,3.113,3.1045,3.1095,73
2026-02-10 19:01:00,3.104,3.1085,3.104,3.106,3.109,3.1135,3.109,3.111,23
2026-02-10 19:02:00,3.107,3.107,3.1015,3.102,3.112,3.112,3.1065,3.107,25
2026-02-10 19:03:00,3.1015,3.103,3.098,3.1,3.1065,3.108,3.103,3.105,23
2026-02-10 19:04:00,3.1005,3.1015,3.1,3.1,3.1055,3.1065,3.105,3.105,10
2026-02-10 19:05:00,3.0995,3.1,3.095,3.096,3.1045,3.105,3.1,3.101,20
2026-02-10 19:06:00,3.097,3.1,3.096,3.0975,3.102,3.105,3.101,3.1025,20
2026-02-10 19:07:00,3.099,3.1035,3.099,3.103,3.104,3.1085,3.104,3.108,42
2026-02-10 19:08:00,3.1025,3.103,3.098,3.099,3.1075,3.108,3.103,3.104,20
2026-02-10 19:09:00,3.0985,3.0985,3.094,3.096,3.1035,3.1035,3.099,3.101,25
2026-02-10 19:10:00,3.0955,3.0955,3.0925,3.0945,3.1005,3.1005,3.0975,3.0995,24
2026-02-10 19:11:00,3.094,3.102,3.094,3.1015,3.099,3.107,3.099,3.1065,28
2026-02-10 19:12:00,3.102,3.108,3.101,3.107,3.107,3.113,3.106,3.112,46
2026-02-10 19:13:00,3.1065,3.112,3.105,3.111,3.1115,3.117,3.11,3.116,34
2026-02-10 19:14:00,3.11,3.112,3.109,3.11,3.115,3.117,3.114,3.115,34
2026-02-10 19:15:00,3.1095,3.132,3.109,3.13,3.1145,3.137,3.114,3.135,79
2026-02-10 19:16:00,3.1295,3.1385,3.128,3.1375,3.1345,3.1435,3.133,3.1425,67
2026-02-10 19:17:00,3.139,3.149,3.135,3.1485,3.144,3.154,3.14,3.1535,75
2026-02-10 19:18:00,3.15,3.151,3.144,3.145,3.155,3.156,3.149,3.15,59
2026-02-10 19:19:00,3.1455,3.1455,3.133,3.135,3.1505,3.1505,3.138,3.14,63
2026-02-10 19:20:00,3.1355,3.141,3.132,3.132,3.1405,3.146,3.137,3.137,47
2026-02-10 19:21:00,3.1325,3.135,3.123,3.124,3.1375,3.14,3.128,3.129,57
2026-02-10 19:22:00,3.123,3.123,3.1145,3.1185,3.128,3.128,3.1195,3.1235,81
2026-02-10 19:23:00,3.118,3.118,3.109,3.11,3.123,3.123,3.114,3.115,65
2026-02-10 19:24:00,3.1105,3.113,3.105,3.1095,3.1155,3.118,3.11,3.1145,50
2026-02-10 19:25:00,3.11,3.113,3.109,3.111,3.115,3.118,3.114,3.116,22
2026-02-10 19:26:00,3.11,3.111,3.091,3.093,3.115,3.116,3.096,3.098,82
2026-02-10 19:27:00,3.092,3.096,3.092,3.092,3.097,3.101,3.097,3.097,43
2026-02-10 19:28:00,3.0915,3.094,3.085,3.089,3.0965,3.099,3.09,3.094,69
2026-02-10 19:29:00,3.0885,3.091,3.084,3.0845,3.0935,3.096,3.089,3.0895,49
2026-02-10 19:30:00,3.084,3.085,3.0725,3.074,3.089,3.09,3.0775,3.079,92
2026-02-10 19:31:00,3.0745,3.078,3.065,3.072,3.0795,3.083,3.07,3.077,99
2026-02-10 19:32:00,3.0725,3.076,3.066,3.0685,3.0775,3.081,3.071,3.0735,67
2026-02-10 19:33:00,3.069,3.072,3.0625,3.0635,3.074,3.077,3.0675,3.0685,59
2026-02-10 19:34:00,3.0645,3.065,3.057,3.058,3.0695,3.07,3.062,3.063,71
2026-02-10 19:35:00,3.0575,3.059,3.0495,3.053,3.0625,3.064,3.0545,3.058,61
2026-02-10 19:36:00,3.0535,3.058,3.053,3.058,3.0585,3.063,3.058,3.063,51
2026-02-10 19:37:00,3.057,3.065,3.0545,3.0585,3.062,3.07,3.0595,3.0635,67
2026-02-10 19:38:00,3.059,3.0625,3.059,3.062,3.064,3.0675,3.064,3.067,34
2026-02-10 19:39:00,3.0625,3.0655,3.0615,3.0645,3.0675,3.0705,3.0665,3.0695,46
2026-02-10 19:40:00,3.065,3.065,3.059,3.061,3.07,3.07,3.064,3.066,41
2026-02-10 19:41:00,3.0605,3.064,3.057,3.0615,3.0655,3.069,3.062,3.0665,40
2026-02-10 19:42:00,3.062,3.068,3.06,3.067,3.067,3.073,3.065,3.072,50
2026-02-10 19:43:00,3.0665,3.0715,3.065,3.069,3.0715,3.0765,3.07,3.074,31
2026-02-10 19:44:00,3.068,3.0685,3.062,3.065,3.073,3.0735,3.067,3.07,33
2026-02-10 19:45:00,3.064,3.066,3.062,3.0645,3.069,3.071,3.067,3.0695,30
2026-02-10 19:46:00,3.065,3.069,3.0635,3.0655,3.07,3.074,3.0685,3.0705,37
2026-02-10 19:47:00,3.066,3.068,3.061,3.0625,3.071,3.073,3.066,3.0675,30
2026-02-10 19:48:00,3.062,3.07,3.06,3.067,3.067,3.075,3.065,3.072,45
2026-02-10 19:49:00,3.0675,3.07,3.066,3.069,3.0725,3.075,3.071,3.074,35
2026-02-10 19:50:00,3.0695,3.0715,3.065,3.066,3.0745,3.0765,3.07,3.071,42
2026-02-10 19:51:00,3.0665,3.0665,3.063,3.065,3.0715,3.0715,3.068,3.07,25
2026-02-10 19:52:00,3.0645,3.065,3.062,3.062,3.0695,3.07,3.067,3.067,26
2026-02-10 19:53:00,3.0615,3.0635,3.059,3.0625,3.0665,3.0685,3.064,3.0675,21
2026-02-10 19:54:00,3.062,3.062,3.054,3.054,3.067,3.067,3.059,3.059,56
2026-02-10 19:55:00,3.055,3.07,3.054,3.064,3.06,3.075,3.059,3.069,77
2026-02-10 19:56:00,3.0635,3.069,3.062,3.068,3.0685,3.074,3.067,3.073,31
2026-02-10 19:57:00,3.0685,3.069,3.064,3.0685,3.0735,3.074,3.069,3.0735,35
2026-02-10 19:58:00,3.0695,3.072,3.069,3.0705,3.0745,3.077,3.074,3.0755,45
2026-02-10 19:59:00,3.07,3.074,3.065,3.0665,3.075,3.079,3.07,3.0715,61
2026-02-10 20:00:00,3.066,3.0675,3.0635,3.064,3.071,3.0725,3.0685,3.069,52
2026-02-10 20:01:00,3.0645,3.066,3.06,3.064,3.0695,3.071,3.065,3.069,49
2026-02-10 20:02:00,3.0645,3.068,3.061,3.0635,3.0695,3.073,3.066,3.0685,39
2026-02-10 20:03:00,3.063,3.066,3.063,3.0645,3.068,3.071,3.068,3.0695,29
2026-02-10 20:04:00,3.065,3.066,3.062,3.0625,3.07,3.071,3.067,3.0675,35
2026-02-10 20:05:00,3.063,3.0675,3.061,3.0645,3.068,3.0725,3.066,3.0695,28
2026-02-10 20:06:00,3.064,3.0645,3.06,3.061,3.069,3.0695,3.065,3.066,54
2026-02-10 20:07:00,3.062,3.07,3.062,3.063,3.067,3.075,3.067,3.068,41
2026-02-10 20:08:00,3.0625,3.065,3.061,3.063,3.0675,3.07,3.066,3.068,27
2026-02-10 20:09:00,3.064,3.065,3.062,3.064,3.069,3.07,3.067,3.069,18
2026-02-10 20:10:00,3.063,3.064,3.06,3.0615,3.068,3.069,3.065,3.0665,26
2026-02-10 20:11:00,3.061,3.061,3.0595,3.061,3.066,3.066,3.0645,3.066,13
2026-02-10 20:12:00,3.0615,3.0625,3.059,3.062,3.0665,3.0675,3.064,3.067,24
2026-02-10 20:13:00,3.061,3.061,3.06,3.061,3.066,3.066,3.065,3.066,12
2026-02-10 20:14:00,3.0605,3.062,3.058,3.0615,3.0655,3.067,3.063,3.0665,22
2026-02-10 20:15:00,3.061,3.061,3.0545,3.056,3.066,3.066,3.0595,3.061,25
2026-02-10 20:16:00,3.057,3.059,3.055,3.058,3.062,3.064,3.06,3.063,32
2026-02-10 20:17:00,3.0575,3.061,3.056,3.059,3.0625,3.066,3.061,3.064,23
2026-02-10 20:18:00,3.058,3.059,3.0565,3.059,3.063,3.064,3.0615,3.064,19
2026-02-10 20:19:00,3.0595,3.064,3.0575,3.063,3.0645,3.069,3.0625,3.068,27
2026-02-10 20:20:00,3.062,3.065,3.061,3.0635,3.067,3.07,3.066,3.0685,24
2026-02-10 20:21:00,3.064,3.065,3.063,3.065,3.069,3.07,3.068,3.07,8
2026-02-10 20:22:00,3.064,3.068,3.061,3.0655,3.069,3.073,3.066,3.0705,26
2026-02-10 20:23:00,3.066,3.066,3.058,3.063,3.071,3.071,3.063,3.068,46
2026-02-10 20:24:00,3.062,3.062,3.056,3.0565,3.067,3.067,3.061,3.0615,64
2026-02-10 20:25:00,3.056,3.06,3.0545,3.059,3.061,3.065,3.0595,3.064,62
2026-02-10 20:26:00,3.0595,3.06,3.056,3.057,3.0645,3.065,3.061,3.062,60
2026-02-10 20:27:00,3.0575,3.058,3.0555,3.056,3.0625,3.063,3.0605,3.061,46
2026-02-10 20:28:00,3.055,3.061,3.045,3.049,3.06,3.066,3.05,3.054,216
2026-02-10 20:29:00,3.048,3.058,3.048,3.057,3.053,3.063,3.053,3.062,85
2026-02-10 20:30:00,3.058,3.059,3.053,3.059,3.063,3.064,3.058,3.064,53
2026-02-10 20:31:00,3.058,3.058,3.055,3.056,3.063,3.063,3.06,3.061,24
2026-02-10 20:32:00,3.0555,3.06,3.0555,3.058,3.0605,3.065,3.0605,3.063,21
2026-02-10 20:33:00,3.0575,3.06,3.057,3.059,3.0625,3.065,3.062,3.064,8
2026-02-10 20:34:00,3.0575,3.0585,3.0545,3.0575,3.0625,3.0635,3.0595,3.0625,33
2026-02-10 20:35:00,3.057,3.057,3.056,3.0565,3.062,3.062,3.061,3.0615,16
2026-02-10 20:36:00,3.057,3.06,3.056,3.06,3.062,3.065,3.061,3.065,13
2026-02-10 20:37:00,3.059,3.06,3.056,3.057,3.064,3.065,3.061,3.062,39
2026-02-10 20:38:00,3.058,3.062,3.058,3.061,3.063,3.067,3.063,3.066,21
2026-02-10 20:39:00,3.0615,3.064,3.0595,3.064,3.0665,3.069,3.0645,3.069,22
2026-02-10 20:40:00,3.065,3.07,3.065,3.066,3.07,3.075,3.07,3.071,29
2026-02-10 20:41:00,3.0665,3.067,3.066,3.067,3.0715,3.072,3.071,3.072,6
2026-02-10 20:42:00,3.0675,3.07,3.0675,3.069,3.0725,3.075,3.0725,3.074,8
2026-02-10 20:43:00,3.0685,3.07,3.067,3.069,3.0735,3.075,3.072,3.074,20
2026-02-10 20:44:00,3.07,3.072,3.0685,3.0685,3.075,3.077,3.0735,3.0735,19
2026-02-10 20:45:00,3.069,3.069,3.066,3.0685,3.074,3.074,3.071,3.0735,17
2026-02-10 20:46:00,3.0675,3.07,3.066,3.068,3.0725,3.075,3.071,3.073,11
2026-02-10 20:47:00,3.0675,3.0685,3.0655,3.067,3.0725,3.0735,3.0705,3.072,15
2026-02-10 20:48:00,3.068,3.069,3.068,3.0685,3.073,3.074,3.073,3.0735,5
2026-02-10 20:49:00,3.068,3.069,3.061,3.0655,3.073,3.074,3.066,3.0705,41
2026-02-10 20:50:00,3.065,3.067,3.063,3.066,3.07,3.072,3.068,3.071,21
2026-02-10 20:51:00,3.0665,3.067,3.065,3.066,3.0715,3.072,3.07,3.071,7
2026-02-10 20:52:00,3.0665,3.0665,3.0645,3.0655,3.0715,3.0715,3.0695,3.0705,13
2026-02-10 20:53:00,3.066,3.067,3.0645,3.065,3.071,3.072,3.0695,3.07,9
2026-02-10 20:54:00,3.0645,3.0645,3.0625,3.064,3.0695,3.0695,3.0675,3.069,14
2026-02-10 20:55:00,3.0635,3.064,3.0605,3.061,3.0685,3.069,3.0655,3.066,8
2026-02-10 20:56:00,3.0605,3.063,3.0595,3.0615,3.0655,3.068,3.0645,3.0665,9
2026-02-10 20:57:00,3.062,3.0625,3.062,3.0625,3.067,3.0675,3.067,3.0675,2
2026-02-10 20:58:00,3.063,3.063,3.061,3.062,3.068,3.068,3.066,3.067,11
2026-02-10 20:59:00,3.061,3.064,3.061,3.064,3.066,3.069,3.066,3.069,9
2026-02-10 21:00:00,3.063,3.072,3.063,3.072,3.068,3.077,3.068,3.077,33
2026-02-10 21:01:00,3.071,3.0735,3.0685,3.069,3.076,3.0785,3.0735,3.074,22
2026-02-10 21:02:00,3.0685,3.07,3.066,3.066,3.0735,3.075,3.071,3.071,13
2026-02-10 21:03:00,3.067,3.067,3.0655,3.066,3.072,3.072,3.0705,3.071,9
2026-02-10 21:04:00,3.065,3.0655,3.0635,3.0635,3.07,3.0705,3.0685,3.0685,6
2026-02-10 21:05:00,3.064,3.065,3.063,3.0635,3.069,3.07,3.068,3.0685,9
2026-02-10 21:06:00,3.064,3.064,3.062,3.062,3.069,3.069,3.067,3.067,10
2026-02-10 21:07:00,3.0615,3.0615,3.0595,3.06,3.0665,3.0665,3.0645,3.065,4
2026-02-10 21:08:00,3.061,3.062,3.06,3.061,3.066,3.067,3.065,3.066,8
2026-02-10 21:09:00,3.0605,3.062,3.0605,3.062,3.0655,3.067,3.0655,3.067,15
2026-02-10 21:10:00,3.061,3.0615,3.061,3.061,3.066,3.0665,3.066,3.066,3
2026-02-10 21:11:00,3.06,3.062,3.058,3.061,3.065,3.067,3.063,3.066,17
2026-02-10 21:12:00,3.0605,3.0605,3.06,3.06,3.0655,3.0655,3.065,3.065,2
2026-02-10 21:13:00,3.0605,3.065,3.0605,3.0645,3.0655,3.07,3.0655,3.0695,7
2026-02-10 21:14:00,3.065,3.065,3.0625,3.0625,3.07,3.07,3.0675,3.0675,8
2026-02-10 21:15:00,3.062,3.065,3.062,3.065,3.067,3.07,3.067,3.07,9
2026-02-10 21:16:00,3.0645,3.065,3.063,3.064,3.0695,3.07,3.068,3.069,16
2026-02-10 21:17:00,3.0645,3.065,3.0645,3.065,3.0695,3.07,3.0695,3.07,4
2026-02-10 21:18:00,3.066,3.067,3.0655,3.066,3.071,3.072,3.0705,3.071,10
2026-02-10 21:19:00,3.0655,3.0675,3.0655,3.067,3.0705,3.0725,3.0705,3.072,13
2026-02-10 21:21:00,3.0665,3.0675,3.066,3.067,3.0715,3.0725,3.071,3.072,14
2026-02-10 21:22:00,3.0665,3.067,3.065,3.065,3.0715,3.072,3.07,3.07,13
2026-02-10 21:23:00,3.066,3.068,3.066,3.0675,3.071,3.073,3.071,3.0725,7
2026-02-10 21:24:00,3.068,3.0685,3.068,3.068,3.073,3.0735,3.073,3.073,3
2026-02-10 21:25:00,3.069,3.069,3.068,3.0685,3.074,3.074,3.073,3.0735,18
2026-02-10 21:26:00,3.068,3.068,3.0655,3.066,3.073,3.073,3.0705,3.071,6
2026-02-10 21:27:00,3.065,3.066,3.065,3.0655,3.07,3.071,3.07,3.0705,3
2026-02-10 21:28:00,3.065,3.067,3.065,3.0655,3.07,3.072,3.07,3.0705,14
2026-02-10 21:29:00,3.065,3.065,3.0595,3.06,3.07,3.07,3.0645,3.065,27
2026-02-10 21:30:00,3.0595,3.062,3.0595,3.062,3.0645,3.067,3.0645,3.067,9
2026-02-10 21:31:00,3.0615,3.0615,3.059,3.061,3.0665,3.0665,3.064,3.066,11
2026-02-10 21:32:00,3.06,3.0605,3.06,3.0605,3.065,3.0655,3.065,3.0655,4
2026-02-10 21:33:00,3.06,3.06,3.06,3.06,3.065,3.065,3.065,3.065,1
2026-02-10 21:34:00,3.0595,3.06,3.0545,3.055,3.0645,3.065,3.0595,3.06,20
2026-02-10 21:35:00,3.0545,3.057,3.053,3.0565,3.0595,3.062,3.058,3.0615,24
2026-02-10 21:36:00,3.056,3.056,3.055,3.0555,3.061,3.061,3.06,3.0605,14
2026-02-10 21:37:00,3.056,3.057,3.055,3.056,3.061,3.062,3.06,3.061,11
2026-02-10 21:38:00,3.0565,3.057,3.055,3.0555,3.0615,3.062,3.06,3.0605,11
2026-02-10 21:39:00,3.055,3.058,3.055,3.0575,3.06,3.063,3.06,3.0625,11
2026-02-10 21:40:00,3.057,3.059,3.057,3.059,3.062,3.064,3.062,3.064,12
2026-02-10 21:41:00,3.06,3.06,3.0575,3.058,3.065,3.065,3.0625,3.063,8
2026-02-10 21:42:00,3.0575,3.0575,3.056,3.0575,3.0625,3.0625,3.061,3.0625,13
2026-02-10 21:43:00,3.0585,3.059,3.058,3.059,3.0635,3.064,3.063,3.064,4
2026-02-10 21:44:00,3.0585,3.059,3.058,3.058,3.0635,3.064,3.063,3.063,3
2026-02-10 21:45:00,3.059,3.063,3.059,3.061,3.064,3.068,3.064,3.066,17
2026-02-10 21:46:00,3.0605,3.061,3.0605,3.061,3.0655,3.066,3.0655,3.066,2
2026-02-10 21:47:00,3.0615,3.0615,3.061,3.061,3.0665,3.0665,3.066,3.066,2
2026-02-10 21:48:00,3.0615,3.063,3.0615,3.0625,3.0665,3.068,3.0665,3.0675,7
2026-02-10 21:49:00,3.063,3.067,3.063,3.065,3.068,3.072,3.068,3.07,10
2026-02-10 21:50:00,3.0655,3.067,3.065,3.067,3.0705,3.072,3.07,3.072,10
2026-02-10 21:51:00,3.0665,3.068,3.066,3.0665,3.0715,3.073,3.071,3.0715,12
2026-02-10 21:52:00,3.066,3.066,3.065,3.065,3.071,3.071,3.07,3.07,4
2026-02-10 21:53:00,3.0655,3.066,3.063,3.064,3.0705,3.071,3.068,3.069,17
2026-02-10 21:54:00,3.0645,3.066,3.0645,3.0645,3.0695,3.071,3.0695,3.0695,5
2026-02-10 21:55:00,3.065,3.065,3.064,3.0645,3.07,3.07,3.069,3.0695,3
2026-02-10 21:56:00,3.065,3.066,3.0645,3.0655,3.07,3.071,3.0695,3.0705,8
2026-02-10 21:57:00,3.066,3.066,3.065,3.065,3.071,3.071,3.07,3.07,7
2026-02-10 21:58:00,3.0655,3.0655,3.0635,3.064,3.0705,3.0705,3.0685,3.069,13
2026-02-10 21:59:00,3.0645,3.0685,3.0645,3.066,3.0695,3.0735,3.0695,3.071,25
2026-02-10 22:00:00,3.065,3.066,3.064,3.064,3.07,3.071,3.069,3.069,7
2026-02-10 22:01:00,3.0645,3.068,3.064,3.068,3.0695,3.073,3.069,3.073,10
2026-02-10 22:02:00,3.0675,3.0675,3.065,3.065,3.0725,3.0725,3.07,3.07,7
2026-02-10 22:03:00,3.0645,3.067,3.0645,3.067,3.0695,3.072,3.0695,3.072,10
2026-02-10 22:04:00,3.0675,3.0675,3.0675,3.0675,3.0725,3.0725,3.0725,3.0725,1
2026-02-10 22:05:00,3.067,3.07,3.0665,3.069,3.072,3.075,3.0715,3.074,13
2026-02-10 22:06:00,3.0685,3.0685,3.068,3.0685,3.0735,3.0735,3.073,3.0735,5
2026-02-10 22:07:00,3.0675,3.068,3.0675,3.068,3.0725,3.073,3.0725,3.073,2
2026-02-10 22:08:00,3.0685,3.0685,3.0675,3.068,3.0735,3.0735,3.0725,3.073,3
2026-02-10 22:09:00,3.0685,3.069,3.0685,3.069,3.0735,3.074,3.0735,3.074,2
2026-02-10 22:10:00,3.0695,3.0735,3.069,3.0735,3.0745,3.0785,3.074,3.0785,9
2026-02-10 22:11:00,3.074,3.074,3.073,3.073,3.079,3.079,3.078,3.078,2
2026-02-10 22:12:00,3.0735,3.0735,3.072,3.0735,3.0785,3.0785,3.077,3.0785,5
2026-02-10 22:13:00,3.0745,3.077,3.0745,3.076,3.0795,3.082,3.0795,3.081,10
2026-02-10 22:14:00,3.077,3.077,3.074,3.0745,3.082,3.082,3.079,3.0795,7
2026-02-10 22:15:00,3.0735,3.0745,3.072,3.0725,3.0785,3.0795,3.077,3.0775,6
2026-02-10 22:16:00,3.072,3.0735,3.071,3.0735,3.077,3.0785,3.076,3.0785,10
2026-02-10 22:17:00,3.073,3.073,3.0725,3.073,3.078,3.078,3.0775,3.078,3
2026-02-10 22:18:00,3.0735,3.0735,3.0735,3.0735,3.0785,3.0785,3.0785,3.0785,1
2026-02-10 22:19:00,3.073,3.0735,3.073,3.0735,3.078,3.0785,3.078,3.0785,2
2026-02-10 22:20:00,3.074,3.0755,3.074,3.075,3.079,3.0805,3.079,3.08,6
2026-02-10 22:21:00,3.0745,3.077,3.074,3.0765,3.0795,3.082,3.079,3.0815,5
2026-02-10 22:22:00,3.076,3.076,3.075,3.075,3.081,3.081,3.08,3.08,2
2026-02-10 22:23:00,3.0755,3.076,3.0755,3.076,3.0805,3.081,3.0805,3.081,2
2026-02-10 22:24:00,3.077,3.077,3.077,3.077,3.082,3.082,3.082,3.082,1
2026-02-10 22:25:00,3.0765,3.0765,3.075,3.076,3.0815,3.0815,3.08,3.081,9
2026-02-10 22:26:00,3.0765,3.0765,3.0755,3.076,3.0815,3.0815,3.0805,3.081,6
2026-02-10 22:27:00,3.0765,3.077,3.0765,3.077,3.0815,3.082,3.0815,3.082,4
2026-02-10 22:28:00,3.076,3.077,3.075,3.077,3.081,3.082,3.08,3.082,8
2026-02-10 22:29:00,3.076,3.076,3.076,3.076,3.081,3.081,3.081,3.081,1
2026-02-10 22:30:00,3.0755,3.076,3.0735,3.0745,3.0805,3.081,3.0785,3.0795,6
2026-02-10 22:31:00,3.074,3.074,3.073,3.074,3.079,3.079,3.078,3.079,5
2026-02-10 22:32:00,3.0735,3.074,3.072,3.074,3.0785,3.079,3.077,3.079,4
2026-02-10 22:33:00,3.073,3.0765,3.072,3.073,3.078,3.0815,3.077,3.078,9
2026-02-10 22:34:00,3.0725,3.0725,3.07,3.071,3.0775,3.0775,3.075,3.076,10
2026-02-10 22:35:00,3.0705,3.073,3.0695,3.073,3.0755,3.078,3.0745,3.078,9
2026-02-10 22:36:00,3.0725,3.073,3.071,3.0715,3.0775,3.078,3.076,3.0765,9
2026-02-10 22:37:00,3.072,3.073,3.072,3.073,3.077,3.078,3.077,3.078,2
2026-02-10 22:38:00,3.072,3.073,3.0715,3.073,3.077,3.078,3.0765,3.078,4
2026-02-10 22:39:00,3.0735,3.0735,3.0735,3.0735,3.0785,3.0785,3.0785,3.0785,1
2026-02-10 22:40:00,3.074,3.074,3.074,3.074,3.079,3.079,3.079,3.079,1
2026-02-10 22:41:00,3.0745,3.08,3.0745,3.076,3.0795,3.085,3.0795,3.081,16
2026-02-10 22:42:00,3.0755,3.076,3.0755,3.076,3.0805,3.081,3.0805,3.081,2
2026-02-10 22:43:00,3.074,3.081,3.074,3.081,3.079,3.086,3.079,3.086,22
2026-02-10 22:44:00,3.0805,3.085,3.0805,3.084,3.0855,3.09,3.0855,3.089,11
2026-02-10 22:45:00,3.0835,3.0855,3.083,3.0855,3.0885,3.0905,3.088,3.0905,13
2026-02-10 22:46:00,3.085,3.0855,3.082,3.083,3.09,3.0905,3.087,3.088,14
2026-02-10 22:47:00,3.0825,3.083,3.0815,3.0825,3.0875,3.088,3.0865,3.0875,4
2026-02-10 22:48:00,3.082,3.0855,3.082,3.0845,3.087,3.0905,3.087,3.0895,26
2026-02-10 22:49:00,3.084,3.085,3.0835,3.085,3.089,3.09,3.0885,3.09,4
2026-02-10 22:50:00,3.086,3.0885,3.085,3.0875,3.091,3.0935,3.09,3.0925,14
2026-02-10 22:51:00,3.0865,3.0865,3.085,3.085,3.0915,3.0915,3.09,3.09,4
2026-02-10 22:52:00,3.0855,3.0915,3.0855,3.09,3.0905,3.0965,3.0905,3.095,14
2026-02-10 22:53:00,3.0905,3.0935,3.0905,3.091,3.0955,3.0985,3.0955,3.096,19
2026-02-10 22:54:00,3.09,3.091,3.088,3.0895,3.095,3.096,3.093,3.0945,11
2026-02-10 22:55:00,3.089,3.097,3.089,3.097,3.094,3.102,3.094,3.102,21
2026-02-10 22:56:00,3.096,3.096,3.093,3.094,3.101,3.101,3.098,3.099,11
2026-02-10 22:57:00,3.0935,3.097,3.093,3.096,3.0985,3.102,3.098,3.101,14
2026-02-10 22:58:00,3.0965,3.1,3.0965,3.098,3.1015,3.105,3.1015,3.103,13
2026-02-10 22:59:00,3.0975,3.1,3.095,3.0975,3.1025,3.105,3.1,3.1025,40
2026-02-11 00:00:00,3.0955,3.097,3.093,3.093,3.1005,3.102,3.098,3.098,9
2026-02-11 00:01:00,3.0915,3.0915,3.091,3.091,3.0965,3.0965,3.096,3.096,2
2026-02-11 00:02:00,3.0915,3.0915,3.0895,3.0895,3.0965,3.0965,3.0945,3.0945,3
2026-02-11 00:03:00,3.0905,3.0905,3.0905,3.0905,3.0955,3.0955,3.0955,3.0955,1
2026-02-11 00:04:00,3.0925,3.093,3.0925,3.093,3.0975,3.098,3.0975,3.098,2
2026-02-11 00:05:00,3.092,3.092,3.0905,3.0905,3.097,3.097,3.0955,3.0955,3
2026-02-11 00:06:00,3.091,3.091,3.091,3.091,3.096,3.096,3.096,3.096,1
2026-02-11 00:07:00,3.0915,3.0925,3.0915,3.0925,3.0965,3.0975,3.0965,3.0975,3
2026-02-11 00:08:00,3.092,3.094,3.092,3.094,3.097,3.099,3.097,3.099,4
2026-02-11 00:11:00,3.0945,3.097,3.0945,3.0965,3.0995,3.102,3.0995,3.1015,8
2026-02-11 00:12:00,3.097,3.0975,3.097,3.0975,3.102,3.1025,3.102,3.1025,2
2026-02-11 00:13:00,3.097,3.097,3.096,3.096,3.102,3.102,3.101,3.101,2
2026-02-11 00:14:00,3.0955,3.0955,3.0955,3.0955,3.1005,3.1005,3.1005,3.1005,1
2026-02-11 00:15:00,3.0935,3.0945,3.0915,3.0915,3.0985,3.0995,3.0965,3.0965,4
2026-02-11 00:16:00,3.0925,3.093,3.087,3.0875,3.0975,3.098,3.092,3.0925,8
2026-02-11 00:17:00,3.0885,3.089,3.087,3.087,3.0935,3.094,3.092,3.092,6
2026-02-11 00:18:00,3.0855,3.087,3.084,3.084,3.0905,3.092,3.089,3.089,7
2026-02-11 00:19:00,3.083,3.085,3.083,3.0845,3.088,3.09,3.088,3.0895,5
2026-02-11 00:20:00,3.084,3.085,3.084,3.085,3.089,3.09,3.089,3.09,2
2026-02-11 00:22:00,3.0865,3.0865,3.0855,3.086,3.0915,3.0915,3.0905,3.091,3
2026-02-11 00:23:00,3.0855,3.0865,3.085,3.0865,3.0905,3.0915,3.09,3.0915,4
2026-02-11 00:24:00,3.087,3.087,3.086,3.086,3.092,3.092,3.091,3.091,4
2026-02-11 00:25:00,3.0865,3.087,3.0865,3.087,3.0915,3.092,3.0915,3.092,2
2026-02-11 00:26:00,3.0865,3.088,3.0865,3.0875,3.0915,3.093,3.0915,3.0925,4
2026-02-11 00:27:00,3.087,3.087,3.0855,3.086,3.092,3.092,3.0905,3.091,4
2026-02-11 00:28:00,3.087,3.088,3.087,3.087,3.092,3.093,3.092,3.092,5
2026-02-11 00:29:00,3.088,3.088,3.088,3.088,3.093,3.093,3.093,3.093,1
2026-02-11 00:30:00,3.0885,3.0885,3.0865,3.0865,3.0935,3.0935,3.0915,3.0915,7
2026-02-11 00:31:00,3.086,3.087,3.086,3.0865,3.091,3.092,3.091,3.0915,5
2026-02-11 00:32:00,3.0875,3.0875,3.0865,3.0865,3.0925,3.0925,3.0915,3.0915,2
2026-02-11 00:33:00,3.087,3.088,3.087,3.088,3.092,3.093,3.092,3.093,2
2026-02-11 00:35:00,3.0875,3.089,3.0875,3.089,3.0925,3.094,3.0925,3.094,4
2026-02-11 00:37:00,3.0885,3.09,3.0885,3.09,3.0935,3.095,3.0935,3.095,3
2026-02-11 00:41:00,3.0895,3.0895,3.0895,3.0895,3.0945,3.0945,3.0945,3.0945,1
2026-02-11 00:42:00,3.089,3.089,3.089,3.089,3.094,3.094,3.094,3.094,1
2026-02-11 00:43:00,3.0895,3.0895,3.089,3.089,3.0945,3.0945,3.094,3.094,2
2026-02-11 00:44:00,3.0885,3.09,3.0885,3.09,3.0935,3.095,3.0935,3.095,2
2026-02-11 00:45:00,3.0905,3.093,3.0895,3.0895,3.0955,3.098,3.0945,3.0945,11
2026-02-11 00:47:00,3.0885,3.0885,3.086,3.0865,3.0935,3.0935,3.091,3.0915,5
2026-02-11 00:48:00,3.086,3.086,3.085,3.0855,3.091,3.091,3.09,3.0905,3
2026-02-11 00:50:00,3.086,3.086,3.086,3.086,3.091,3.091,3.091,3.091,1
2026-02-11 00:51:00,3.085,3.085,3.085,3.085,3.09,3.09,3.09,3.09,1
2026-02-11 00:54:00,3.0855,3.0855,3.0815,3.0855,3.0905,3.0905,3.0865,3.0905,9
2026-02-11 00:55:00,3.086,3.086,3.086,3.086,3.091,3.091,3.091,3.091,1
2026-02-11 00:56:00,3.0865,3.087,3.0865,3.087,3.0915,3.092,3.0915,3.092,2
2026-02-11 01:00:00,3.086,3.087,3.086,3.087,3.091,3.092,3.091,3.092,2
2026-02-11 01:01:00,3.0865,3.087,3.0845,3.0855,3.0915,3.092,3.0895,3.0905,6
2026-02-11 01:02:00,3.084,3.0855,3.082,3.085,3.089,3.0905,3.087,3.09,15
2026-02-11 01:03:00,3.0855,3.086,3.0855,3.086,3.0905,3.091,3.0905,3.091,4
2026-02-11 01:04:00,3.0855,3.086,3.0855,3.086,3.0905,3.091,3.0905,3.091,2
2026-02-11 01:05:00,3.0855,3.086,3.0855,3.086,3.0905,3.091,3.0905,3.091,2
2026-02-11 01:07:00,3.085,3.085,3.085,3.085,3.09,3.09,3.09,3.09,1
2026-02-11 01:08:00,3.0855,3.0855,3.0855,3.0855,3.0905,3.0905,3.0905,3.0905,1
2026-02-11 01:09:00,3.085,3.085,3.085,3.085,3.09,3.09,3.09,3.09,1
2026-02-11 01:12:00,3.0845,3.0845,3.0845,3.0845,3.0895,3.0895,3.0895,3.0895,1
2026-02-11 01:15:00,3.084,3.084,3.084,3.084,3.089,3.089,3.089,3.089,1
2026-02-11 01:16:00,3.0845,3.0845,3.084,3.084,3.0895,3.0895,3.089,3.089,2
2026-02-11 01:17:00,3.0845,3.0845,3.0845,3.0845,3.0895,3.0895,3.0895,3.0895,1
2026-02-11 01:20:00,3.0835,3.0845,3.0835,3.0845,3.0885,3.0895,3.0885,3.0895,2
2026-02-11 01:21:00,3.085,3.085,3.083,3.0835,3.09,3.09,3.088,3.0885,22
2026-02-11 01:22:00,3.0845,3.0845,3.0845,3.0845,3.0895,3.0895,3.0895,3.0895,1
2026-02-11 01:25:00,3.085,3.087,3.085,3.086,3.09,3.092,3.09,3.091,6
2026-02-11 01:26:00,3.085,3.085,3.085,3.085,3.09,3.09,3.09,3.09,1
2026-02-11 01:29:00,3.0845,3.0855,3.0845,3.0855,3.0895,3.0905,3.0895,3.0905,2
2026-02-11 01:30:00,3.086,3.0865,3.086,3.0865,3.091,3.0915,3.091,3.0915,2
2026-02-11 01:32:00,3.087,3.087,3.086,3.086,3.092,3.092,3.091,3.091,2
2026-02-11 01:33:00,3.0865,3.0875,3.0865,3.0875,3.0915,3.0925,3.0915,3.0925,2
2026-02-11 01:34:00,3.0885,3.0885,3.0885,3.0885,3.0935,3.0935,3.0935,3.0935,1
2026-02-11 01:35:00,3.089,3.089,3.089,3.089,3.094,3.094,3.094,3.094,1
2026-02-11 01:36:00,3.0885,3.0885,3.088,3.088,3.0935,3.0935,3.093,3.093,2
2026-02-11 01:37:00,3.0885,3.0885,3.0885,3.0885,3.0935,3.0935,3.0935,3.0935,1
2026-02-11 01:39:00,3.089,3.089,3.087,3.087,3.094,3.094,3.092,3.092,2
2026-02-11 01:40:00,3.0875,3.09,3.0875,3.09,3.0925,3.095,3.0925,3.095,5
2026-02-11 01:41:00,3.0905,3.0905,3.09,3.09,3.0955,3.0955,3.095,3.095,4
2026-02-11 01:42:00,3.0905,3.091,3.0905,3.0905,3.0955,3.096,3.0955,3.0955,3
2026-02-11 01:43:00,3.09,3.0905,3.09,3.09,3.095,3.0955,3.095,3.095,3
2026-02-11 01:45:00,3.0905,3.0905,3.089,3.0905,3.0955,3.0955,3.094,3.0955,8
2026-02-11 01:46:00,3.0915,3.0915,3.09,3.09,3.0965,3.0965,3.095,3.095,3
2026-02-11 01:47:00,3.0905,3.0905,3.0905,3.0905,3.0955,3.0955,3.0955,3.0955,1
2026-02-11 01:48:00,3.09,3.09,3.0865,3.0865,3.095,3.095,3.0915,3.0915,4
2026-02-11 01:49:00,3.087,3.0885,3.087,3.0885,3.092,3.0935,3.092,3.0935,3
2026-02-11 01:50:00,3.088,3.088,3.088,3.088,3.093,3.093,3.093,3.093,1
2026-02-11 01:51:00,3.0885,3.0895,3.0885,3.0895,3.0935,3.0945,3.0935,3.0945,2
2026-02-11 01:52:00,3.089,3.089,3.0865,3.0865,3.094,3.094,3.0915,3.0915,5
2026-02-11 01:53:00,3.0855,3.086,3.0855,3.0855,3.0905,3.091,3.0905,3.0905,3
2026-02-11 01:54:00,3.086,3.086,3.086,3.086,3.091,3.091,3.091,3.091,1
2026-02-11 01:55:00,3.0865,3.0865,3.086,3.086,3.0915,3.0915,3.091,3.091,2
2026-02-11 01:56:00,3.0845,3.086,3.0845,3.086,3.0895,3.091,3.0895,3.091,3
2026-02-11 01:57:00,3.0855,3.0865,3.0855,3.086,3.0905,3.0915,3.0905,3.091,5
2026-02-11 01:58:00,3.087,3.087,3.086,3.0865,3.092,3.092,3.091,3.0915,3
2026-02-11 01:59:00,3.087,3.087,3.087,3.087,3.092,3.092,3.092,3.092,1
2026-02-11 02:00:00,3.086,3.086,3.0765,3.079,3.091,3.091,3.0815,3.084,20
2026-02-11 02:01:00,3.0805,3.0805,3.0785,3.08,3.0855,3.0855,3.0835,3.085,5
2026-02-11 02:02:00,3.079,3.079,3.079,3.079,3.084,3.084,3.084,3.084,1
2026-02-11 02:04:00,3.0795,3.0805,3.0795,3.0805,3.0845,3.0855,3.0845,3.0855,3
2026-02-11 02:05:00,3.081,3.081,3.081,3.081,3.086,3.086,3.086,3.086,1
2026-02-11 02:06:00,3.082,3.082,3.0735,3.078,3.087,3.087,3.0785,3.083,10
2026-02-11 02:07:00,3.079,3.0805,3.079,3.08,3.084,3.0855,3.084,3.085,5
2026-02-11 02:08:00,3.0795,3.0795,3.0785,3.079,3.0845,3.0845,3.0835,3.084,4
2026-02-11 02:09:00,3.0785,3.0785,3.0775,3.0775,3.0835,3.0835,3.0825,3.0825,3
2026-02-11 02:10:00,3.0765,3.0765,3.075,3.0755,3.0815,3.0815,3.08,3.0805,4
2026-02-11 02:11:00,3.076,3.076,3.076,3.076,3.081,3.081,3.081,3.081,1
2026-02-11 02:12:00,3.0755,3.0755,3.0715,3.0725,3.0805,3.0805,3.0765,3.0775,10
2026-02-11 02:13:00,3.072,3.075,3.0715,3.075,3.077,3.08,3.0765,3.08,6
2026-02-11 02:14:00,3.0745,3.075,3.074,3.0745,3.0795,3.08,3.079,3.0795,4
2026-02-11 02:15:00,3.074,3.0745,3.074,3.0745,3.079,3.0795,3.079,3.0795,2
2026-02-11 02:16:00,3.074,3.0745,3.073,3.073,3.079,3.0795,3.078,3.078,6
2026-02-11 02:17:00,3.0735,3.0735,3.0735,3.0735,3.0785,3.0785,3.0785,3.0785,1
2026-02-11 02:18:00,3.073,3.0735,3.0725,3.0725,3.078,3.0785,3.0775,3.0775,4
2026-02-11 02:19:00,3.0715,3.074,3.0715,3.072,3.0765,3.079,3.0765,3.077,8
2026-02-11 02:20:00,3.0725,3.0745,3.0725,3.0745,3.0775,3.0795,3.0775,3.0795,3
2026-02-11 02:21:00,3.074,3.076,3.074,3.0745,3.079,3.081,3.079,3.0795,4
2026-02-11 02:22:00,3.074,3.074,3.0735,3.0735,3.079,3.079,3.0785,3.0785,2
2026-02-11 02:23:00,3.074,3.076,3.074,3.0755,3.079,3.081,3.079,3.0805,7
2026-02-11 02:24:00,3.076,3.0765,3.076,3.076,3.081,3.0815,3.081,3.081,3
2026-02-11 02:25:00,3.075,3.075,3.074,3.074,3.08,3.08,3.079,3.079,3
2026-02-11 02:26:00,3.0745,3.075,3.0745,3.075,3.0795,3.08,3.0795,3.08,2
2026-02-11 02:27:00,3.0745,3.076,3.0745,3.076,3.0795,3.081,3.0795,3.081,2
2026-02-11 02:28:00,3.0755,3.0755,3.0755,3.0755,3.0805,3.0805,3.0805,3.0805,1
2026-02-11 02:29:00,3.075,3.0765,3.075,3.0765,3.08,3.0815,3.08,3.0815,7
2026-02-11 02:30:00,3.076,3.076,3.076,3.076,3.081,3.081,3.081,3.081,1
2026-02-11 02:31:00,3.0755,3.0755,3.0725,3.075,3.0805,3.0805,3.0775,3.08,7
2026-02-11 02:32:00,3.0745,3.076,3.0745,3.076,3.0795,3.081,3.0795,3.081,3
2026-02-11 02:33:00,3.0755,3.0765,3.0755,3.076,3.0805,3.0815,3.0805,3.081,4
2026-02-11 02:34:00,3.0765,3.0785,3.0755,3.078,3.0815,3.0835,3.0805,3.083,15
2026-02-11 02:35:00,3.0785,3.08,3.0785,3.08,3.0835,3.085,3.0835,3.085,3
2026-02-11 02:36:00,3.0795,3.0795,3.079,3.079,3.0845,3.0845,3.084,3.084,2
2026-02-11 02:37:00,3.0785,3.0785,3.0785,3.0785,3.0835,3.0835,3.0835,3.0835,1
2026-02-11 02:38:00,3.079,3.08,3.0785,3.08,3.084,3.085,3.0835,3.085,5
2026-02-11 02:39:00,3.0795,3.0795,3.078,3.0785,3.0845,3.0845,3.083,3.0835,4
2026-02-11 02:40:00,3.079,3.079,3.078,3.078,3.084,3.084,3.083,3.083,2
2026-02-11 02:43:00,3.0775,3.0775,3.076,3.076,3.0825,3.0825,3.081,3.081,4
2026-02-11 02:44:00,3.0755,3.0755,3.075,3.075,3.0805,3.0805,3.08,3.08,2
2026-02-11 02:45:00,3.0745,3.077,3.0745,3.077,3.0795,3.082,3.0795,3.082,5
2026-02-11 02:46:00,3.0765,3.0765,3.076,3.076,3.0815,3.0815,3.081,3.081,2
2026-02-11 02:47:00,3.0755,3.0755,3.075,3.0755,3.0805,3.0805,3.08,3.0805,3
2026-02-11 02:48:00,3.076,3.076,3.0755,3.0755,3.081,3.081,3.0805,3.0805,2
2026-02-11 02:49:00,3.075,3.0755,3.074,3.075,3.08,3.0805,3.079,3.08,5
2026-02-11 02:53:00,3.0755,3.0755,3.075,3.075,3.0805,3.0805,3.08,3.08,2
2026-02-11 02:54:00,3.0745,3.0775,3.0745,3.076,3.0795,3.0825,3.0795,3.081,6
2026-02-11 02:57:00,3.075,3.075,3.075,3.075,3.08,3.08,3.08,3.08,1
2026-02-11 02:58:00,3.076,3.0775,3.075,3.075,3.081,3.0825,3.08,3.08,16
2026-02-11 02:59:00,3.0755,3.0755,3.0715,3.0715,3.0805,3.0805,3.0765,3.0765,9
2026-02-11 03:01:00,3.071,3.071,3.0615,3.064,3.076,3.076,3.0665,3.069,37
2026-02-11 03:02:00,3.0635,3.0635,3.0615,3.0625,3.0685,3.0685,3.0665,3.0675,9
2026-02-11 03:03:00,3.062,3.063,3.0615,3.0615,3.067,3.068,3.0665,3.0665,5
2026-02-11 03:04:00,3.062,3.063,3.0615,3.063,3.067,3.068,3.0665,3.068,4
2026-02-11 03:05:00,3.0635,3.064,3.0635,3.064,3.0685,3.069,3.0685,3.069,2
2026-02-11 03:06:00,3.065,3.065,3.065,3.065,3.07,3.07,3.07,3.07,1
2026-02-11 03:07:00,3.0655,3.066,3.0655,3.066,3.0705,3.071,3.0705,3.071,2
2026-02-11 03:08:00,3.065,3.066,3.065,3.065,3.07,3.071,3.07,3.07,4
2026-02-11 03:10:00,3.0645,3.066,3.0645,3.066,3.0695,3.071,3.0695,3.071,3
2026-02-11 03:11:00,3.068,3.068,3.0675,3.0675,3.073,3.073,3.0725,3.0725,2
2026-02-11 03:12:00,3.067,3.0695,3.067,3.0695,3.072,3.0745,3.072,3.0745,5
2026-02-11 03:13:00,3.0705,3.0705,3.07,3.07,3.0755,3.0755,3.075,3.075,2
2026-02-11 03:14:00,3.0695,3.0695,3.0685,3.0685,3.0745,3.0745,3.0735,3.0735,3
2026-02-11 03:15:00,3.0675,3.0685,3.0675,3.0685,3.0725,3.0735,3.0725,3.0735,2
2026-02-11 03:16:00,3.068,3.068,3.068,3.068,3.073,3.073,3.073,3.073,1
2026-02-11 03:17:00,3.0675,3.0675,3.067,3.067,3.0725,3.0725,3.072,3.072,2
2026-02-11 03:18:00,3.0665,3.0685,3.0665,3.0675,3.0715,3.0735,3.0715,3.0725,11
2026-02-11 03:19:00,3.0685,3.0705,3.0665,3.0705,3.0735,3.0755,3.0715,3.0755,7
2026-02-11 03:20:00,3.07,3.0705,3.07,3.07,3.075,3.0755,3.075,3.075,3
2026-02-11 03:22:00,3.0695,3.07,3.0695,3.07,3.0745,3.075,3.0745,3.075,2
2026-02-11 03:23:00,3.0695,3.0695,3.0695,3.0695,3.0745,3.0745,3.0745,3.0745,1
2026-02-11 03:24:00,3.0685,3.0685,3.0685,3.0685,3.0735,3.0735,3.0735,3.0735,1
2026-02-11 03:25:00,3.0695,3.0695,3.069,3.069,3.0745,3.0745,3.074,3.074,2
2026-02-11 03:27:00,3.0685,3.0695,3.0675,3.0685,3.0735,3.0745,3.0725,3.0735,7
2026-02-11 03:28:00,3.0695,3.07,3.069,3.0695,3.0745,3.075,3.074,3.0745,4
2026-02-11 03:29:00,3.069,3.0695,3.069,3.0695,3.074,3.0745,3.074,3.0745,2
2026-02-11 03:30:00,3.069,3.069,3.069,3.069,3.074,3.074,3.074,3.074,1
2026-02-11 03:31:00,3.0695,3.0715,3.0695,3.071,3.0745,3.0765,3.0745,3.076,4
2026-02-11 03:33:00,3.0705,3.0715,3.0705,3.0705,3.0755,3.0765,3.0755,3.0755,4
2026-02-11 03:34:00,3.071,3.071,3.07,3.0705,3.076,3.076,3.075,3.0755,4
2026-02-11 03:35:00,3.07,3.0705,3.07,3.07,3.075,3.0755,3.075,3.075,3
2026-02-11 03:36:00,3.0705,3.071,3.07,3.07,3.0755,3.076,3.075,3.075,4
2026-02-11 03:37:00,3.069,3.069,3.069,3.069,3.074,3.074,3.074,3.074,1
2026-02-11 03:38:00,3.0685,3.069,3.0685,3.069,3.0735,3.074,3.0735,3.074,2
2026-02-11 03:39:00,3.0695,3.0695,3.0665,3.067,3.0745,3.0745,3.0715,3.072,8
2026-02-11 03:40:00,3.0675,3.0705,3.0675,3.0705,3.0725,3.0755,3.0725,3.0755,9
2026-02-11 03:41:00,3.071,3.072,3.071,3.071,3.076,3.077,3.076,3.076,4
2026-02-11 03:42:00,3.072,3.072,3.072,3.072,3.077,3.077,3.077,3.077,1
2026-02-11 03:43:00,3.0715,3.0715,3.068,3.069,3.0765,3.0765,3.073,3.074,5
2026-02-11 03:44:00,3.0695,3.0695,3.0695,3.0695,3.0745,3.0745,3.0745,3.0745,1
2026-02-11 03:46:00,3.069,3.069,3.0665,3.0675,3.074,3.074,3.0715,3.0725,5
2026-02-11 03:47:00,3.068,3.068,3.068,3.068,3.073,3.073,3.073,3.073,1
2026-02-11 03:49:00,3.0675,3.068,3.067,3.067,3.0725,3.073,3.072,3.072,6
2026-02-11 03:50:00,3.0665,3.0665,3.0665,3.0665,3.0715,3.0715,3.0715,3.0715,1
2026-02-11 03:51:00,3.0675,3.0675,3.067,3.067,3.0725,3.0725,3.072,3.072,2
2026-02-11 03:53:00,3.0675,3.0675,3.067,3.067,3.0725,3.0725,3.072,3.072,2
2026-02-11 03:56:00,3.0675,3.0675,3.0665,3.0665,3.0725,3.0725,3.0715,3.0715,3
2026-02-11 03:57:00,3.0675,3.0675,3.0665,3.0665,3.0725,3.0725,3.0715,3.0715,4
2026-02-11 03:59:00,3.066,3.066,3.063,3.0645,3.071,3.071,3.068,3.0695,13
2026-02-11 04:00:00,3.064,3.064,3.0625,3.0635,3.069,3.069,3.0675,3.0685,5
2026-02-11 04:01:00,3.063,3.063,3.063,3.063,3.068,3.068,3.068,3.068,1
2026-02-11 04:02:00,3.0635,3.0645,3.063,3.0645,3.0685,3.0695,3.068,3.0695,7
2026-02-11 04:03:00,3.0635,3.064,3.0635,3.064,3.0685,3.069,3.0685,3.069,2
2026-02-11 04:04:00,3.0635,3.064,3.063,3.064,3.0685,3.069,3.068,3.069,3
2026-02-11 04:05:00,3.0635,3.0635,3.0635,3.0635,3.0685,3.0685,3.0685,3.0685,1
2026-02-11 04:06:00,3.064,3.064,3.064,3.064,3.069,3.069,3.069,3.069,1
2026-02-11 04:08:00,3.0645,3.0645,3.0625,3.0625,3.0695,3.0695,3.0675,3.0675,3
2026-02-11 04:09:00,3.062,3.063,3.062,3.063,3.067,3.068,3.067,3.068,2
2026-02-11 04:10:00,3.0635,3.0635,3.063,3.0635,3.0685,3.0685,3.068,3.0685,3
2026-02-11 04:11:00,3.063,3.063,3.0625,3.0625,3.068,3.068,3.0675,3.0675,2
2026-02-11 04:12:00,3.062,3.0625,3.062,3.062,3.067,3.0675,3.067,3.067,3
2026-02-11 04:13:00,3.061,3.061,3.061,3.061,3.066,3.066,3.066,3.066,1
2026-02-11 04:14:00,3.0615,3.0615,3.0595,3.0595,3.0665,3.0665,3.0645,3.0645,8
2026-02-11 04:15:00,3.0605,3.0605,3.0595,3.0595,3.0655,3.0655,3.0645,3.0645,3
2026-02-11 04:16:00,3.06,3.0625,3.06,3.0615,3.065,3.0675,3.065,3.0665,6
2026-02-11 04:17:00,3.061,3.061,3.061,3.061,3.066,3.066,3.066,3.066,1
2026-02-11 04:18:00,3.0605,3.0605,3.0595,3.06,3.0655,3.0655,3.0645,3.065,5
2026-02-11 04:19:00,3.0605,3.0605,3.0605,3.0605,3.0655,3.0655,3.0655,3.0655,1
2026-02-11 04:22:00,3.0615,3.0615,3.06,3.0605,3.0665,3.0665,3.065,3.0655,5
2026-02-11 04:23:00,3.061,3.0615,3.0595,3.0615,3.066,3.0665,3.0645,3.0665,13
2026-02-11 04:24:00,3.061,3.061,3.06,3.06,3.066,3.066,3.065,3.065,3
2026-02-11 04:25:00,3.0605,3.061,3.0605,3.061,3.0655,3.066,3.0655,3.066,2
2026-02-11 04:26:00,3.0605,3.0605,3.0605,3.0605,3.0655,3.0655,3.0655,3.0655,1
2026-02-11 04:27:00,3.06,3.0605,3.06,3.06,3.065,3.0655,3.065,3.065,3
2026-02-11 04:29:00,3.0605,3.0605,3.058,3.0585,3.0655,3.0655,3.063,3.0635,8
2026-02-11 04:30:00,3.0595,3.0655,3.0595,3.065,3.0645,3.0705,3.0645,3.07,19
2026-02-11 04:31:00,3.0645,3.0655,3.0645,3.0655,3.0695,3.0705,3.0695,3.0705,3
2026-02-11 04:32:00,3.066,3.066,3.062,3.063,3.071,3.071,3.067,3.068,16
2026-02-11 04:33:00,3.0625,3.064,3.0625,3.064,3.0675,3.069,3.0675,3.069,3
2026-02-11 04:34:00,3.0645,3.0645,3.0635,3.064,3.0695,3.0695,3.0685,3.069,3
2026-02-11 04:35:00,3.0645,3.0665,3.0645,3.065,3.0695,3.0715,3.0695,3.07,18
2026-02-11 04:36:00,3.0655,3.0655,3.063,3.065,3.0705,3.0705,3.068,3.07,6
2026-02-11 04:37:00,3.0645,3.07,3.0635,3.0695,3.0695,3.075,3.0685,3.0745,17
2026-02-11 04:38:00,3.07,3.07,3.0665,3.0675,3.075,3.075,3.0715,3.0725,14
2026-02-11 04:40:00,3.0685,3.071,3.0685,3.07,3.0735,3.076,3.0735,3.075,6
2026-02-11 04:41:00,3.068,3.068,3.066,3.067,3.073,3.073,3.071,3.072,4
2026-02-11 04:42:00,3.0665,3.0665,3.0635,3.0635,3.0715,3.0715,3.0685,3.0685,7
2026-02-11 04:43:00,3.064,3.065,3.063,3.0635,3.069,3.07,3.068,3.0685,6
2026-02-11 04:44:00,3.063,3.0635,3.063,3.063,3.068,3.0685,3.068,3.068,3
2026-02-11 04:46:00,3.0635,3.064,3.0635,3.064,3.0685,3.069,3.0685,3.069,4
2026-02-11 04:47:00,3.0645,3.0645,3.0645,3.0645,3.0695,3.0695,3.0695,3.0695,1
2026-02-11 04:48:00,3.064,3.065,3.064,3.065,3.069,3.07,3.069,3.07,3
2026-02-11 04:49:00,3.0655,3.0655,3.063,3.064,3.0705,3.0705,3.068,3.069,6
2026-02-11 04:50:00,3.0645,3.0645,3.063,3.064,3.0695,3.0695,3.068,3.069,5
2026-02-11 04:51:00,3.0645,3.0655,3.0645,3.065,3.0695,3.0705,3.0695,3.07,3
2026-02-11 04:52:00,3.0635,3.0635,3.0625,3.0635,3.0685,3.0685,3.0675,3.0685,4
2026-02-11 04:53:00,3.063,3.063,3.062,3.062,3.068,3.068,3.067,3.067,3
2026-02-11 04:54:00,3.063,3.063,3.062,3.062,3.068,3.068,3.067,3.067,2
2026-02-11 04:55:00,3.0625,3.063,3.062,3.063,3.0675,3.068,3.067,3.068,4
2026-02-11 04:56:00,3.0625,3.0625,3.0625,3.0625,3.0675,3.0675,3.0675,3.0675,1
2026-02-11 04:58:00,3.062,3.0625,3.062,3.0625,3.067,3.0675,3.067,3.0675,2
2026-02-11 04:59:00,3.063,3.063,3.062,3.0625,3.068,3.068,3.067,3.0675,3
2026-02-11 05:00:00,3.062,3.0625,3.062,3.0625,3.067,3.0675,3.067,3.0675,2
2026-02-11 05:01:00,3.062,3.064,3.0575,3.064,3.067,3.069,3.0625,3.069,17
2026-02-11 05:02:00,3.0645,3.0655,3.0625,3.0625,3.0695,3.0705,3.0675,3.0675,8
2026-02-11 05:03:00,3.062,3.062,3.0615,3.0615,3.067,3.067,3.0665,3.0665,2
2026-02-11 05:05:00,3.062,3.065,3.0615,3.065,3.067,3.07,3.0665,3.07,7
2026-02-11 05:06:00,3.0645,3.0655,3.0635,3.065,3.0695,3.0705,3.0685,3.07,5
2026-02-11 05:08:00,3.0635,3.064,3.0635,3.064,3.0685,3.069,3.0685,3.069,2
2026-02-11 05:10:00,3.0655,3.0655,3.064,3.064,3.0705,3.0705,3.069,3.069,4
2026-02-11 05:11:00,3.0645,3.065,3.062,3.062,3.0695,3.07,3.067,3.067,8
2026-02-11 05:12:00,3.0615,3.0615,3.06,3.06,3.0665,3.0665,3.065,3.065,2
2026-02-11 05:14:00,3.0605,3.061,3.0605,3.061,3.0655,3.066,3.0655,3.066,2
2026-02-11 05:15:00,3.0605,3.061,3.0605,3.061,3.0655,3.066,3.0655,3.066,2
2026-02-11 05:16:00,3.0605,3.0605,3.057,3.058,3.0655,3.0655,3.062,3.063,7
2026-02-11 05:18:00,3.0575,3.0595,3.055,3.0595,3.0625,3.0645,3.06,3.0645,13
2026-02-11 05:19:00,3.06,3.061,3.059,3.06,3.065,3.066,3.064,3.065,12
2026-02-11 05:20:00,3.0605,3.062,3.06,3.062,3.0655,3.067,3.065,3.067,4
2026-02-11 05:21:00,3.063,3.063,3.063,3.063,3.068,3.068,3.068,3.068,1
2026-02-11 05:22:00,3.0635,3.0675,3.0635,3.066,3.0685,3.0725,3.0685,3.071,14
2026-02-11 05:23:00,3.065,3.065,3.065,3.065,3.07,3.07,3.07,3.07,1
2026-02-11 05:24:00,3.0645,3.0645,3.064,3.064,3.0695,3.0695,3.069,3.069,2
2026-02-11 05:25:00,3.0645,3.065,3.0645,3.065,3.0695,3.07,3.0695,3.07,2
2026-02-11 05:26:00,3.0645,3.0645,3.0635,3.0635,3.0695,3.0695,3.0685,3.0685,4
2026-02-11 05:27:00,3.064,3.064,3.064,3.064,3.069,3.069,3.069,3.069,1
2026-02-11 05:28:00,3.0645,3.0645,3.063,3.063,3.0695,3.0695,3.068,3.068,3
2026-02-11 05:29:00,3.0625,3.063,3.0605,3.062,3.0675,3.068,3.0655,3.067,9
2026-02-11 05:30:00,3.0615,3.062,3.0615,3.062,3.0665,3.067,3.0665,3.067,2
2026-02-11 05:31:00,3.0615,3.0615,3.061,3.061,3.0665,3.0665,3.066,3.066,2
2026-02-11 05:34:00,3.062,3.062,3.062,3.062,3.067,3.067,3.067,3.067,1
2026-02-11 05:35:00,3.0615,3.0635,3.0615,3.0635,3.0665,3.0685,3.0665,3.0685,3
2026-02-11 05:36:00,3.062,3.063,3.0615,3.062,3.067,3.068,3.0665,3.067,5
2026-02-11 05:40:00,3.0615,3.065,3.061,3.063,3.0665,3.07,3.066,3.068,9
2026-02-11 05:41:00,3.0635,3.064,3.0625,3.063,3.0685,3.069,3.0675,3.068,5
2026-02-11 05:42:00,3.0635,3.0635,3.063,3.063,3.0685,3.0685,3.068,3.068,2
2026-02-11 05:45:00,3.0625,3.0635,3.0625,3.0635,3.0675,3.0685,3.0675,3.0685,5
2026-02-11 05:46:00,3.062,3.0625,3.0615,3.062,3.067,3.0675,3.0665,3.067,4
2026-02-11 05:47:00,3.0615,3.0615,3.06,3.06,3.0665,3.0665,3.065,3.065,2
2026-02-11 05:48:00,3.059,3.059,3.0565,3.058,3.064,3.064,3.0615,3.063,6
2026-02-11 05:49:00,3.0585,3.0585,3.0575,3.0575,3.0635,3.0635,3.0625,3.0625,3
2026-02-11 05:50:00,3.0585,3.0585,3.058,3.058,3.0635,3.0635,3.063,3.063,2
2026-02-11 05:51:00,3.059,3.059,3.0575,3.058,3.064,3.064,3.0625,3.063,3
2026-02-11 05:52:00,3.057,3.059,3.057,3.0585,3.062,3.064,3.062,3.0635,6
2026-02-11 05:53:00,3.0595,3.0605,3.059,3.059,3.0645,3.0655,3.064,3.064,5
2026-02-11 05:54:00,3.058,3.059,3.058,3.059,3.063,3.064,3.063,3.064,2
2026-02-11 05:56:00,3.0595,3.0595,3.0585,3.059,3.0645,3.0645,3.0635,3.064,3
2026-02-11 05:57:00,3.0585,3.0585,3.0575,3.0575,3.0635,3.0635,3.0625,3.0625,2
2026-02-11 05:58:00,3.058,3.0585,3.057,3.057,3.063,3.0635,3.062,3.062,11
2026-02-11 05:59:00,3.0565,3.0575,3.0555,3.057,3.0615,3.0625,3.0605,3.062,5
2026-02-11 06:00:00,3.0575,3.0575,3.0575,3.0575,3.0625,3.0625,3.0625,3.0625,1
2026-02-11 06:01:00,3.0565,3.058,3.0555,3.057,3.0615,3.063,3.0605,3.062,8
2026-02-11 06:02:00,3.0575,3.0575,3.056,3.0565,3.0625,3.0625,3.061,3.0615,7
2026-02-11 06:03:00,3.0575,3.058,3.0575,3.058,3.0625,3.063,3.0625,3.063,2
2026-02-11 06:04:00,3.0575,3.0585,3.0575,3.0585,3.0625,3.0635,3.0625,3.0635,2
2026-02-11 06:05:00,3.058,3.058,3.058,3.058,3.063,3.063,3.063,3.063,1
2026-02-11 06:06:00,3.0575,3.0575,3.0555,3.0555,3.0625,3.0625,3.0605,3.0605,6
2026-02-11 06:07:00,3.056,3.056,3.0545,3.0545,3.061,3.061,3.0595,3.0595,6
2026-02-11 06:08:00,3.055,3.0575,3.055,3.057,3.06,3.0625,3.06,3.062,7
2026-02-11 06:13:00,3.0575,3.0575,3.0575,3.0575,3.0625,3.0625,3.0625,3.0625,1
2026-02-11 06:14:00,3.057,3.057,3.057,3.057,3.062,3.062,3.062,3.062,1
2026-02-11 06:15:00,3.0575,3.0595,3.057,3.0585,3.0625,3.0645,3.062,3.0635,8
2026-02-11 06:16:00,3.059,3.059,3.057,3.057,3.064,3.064,3.062,3.062,4
2026-02-11 06:17:00,3.0555,3.057,3.0555,3.057,3.0605,3.062,3.0605,3.062,5
2026-02-11 06:18:00,3.0565,3.0565,3.056,3.0565,3.0615,3.0615,3.061,3.0615,3
2026-02-11 06:19:00,3.057,3.0595,3.057,3.0575,3.062,3.0645,3.062,3.0625,10
2026-02-11 06:20:00,3.057,3.058,3.057,3.0575,3.062,3.063,3.062,3.0625,4
2026-02-11 06:21:00,3.057,3.058,3.057,3.058,3.062,3.063,3.062,3.063,3
2026-02-11 06:22:00,3.0575,3.0575,3.0575,3.0575,3.0625,3.0625,3.0625,3.0625,1
2026-02-11 06:23:00,3.058,3.0585,3.0575,3.058,3.063,3.0635,3.0625,3.063,5
2026-02-11 06:24:00,3.0585,3.0585,3.058,3.058,3.0635,3.0635,3.063,3.063,2
2026-02-11 06:25:00,3.0585,3.061,3.0585,3.061,3.0635,3.066,3.0635,3.066,5
2026-02-11 06:26:00,3.0605,3.0605,3.0595,3.0595,3.0655,3.0655,3.0645,3.0645,2
2026-02-11 06:27:00,3.0585,3.0585,3.0585,3.0585,3.0635,3.0635,3.0635,3.0635,1
2026-02-11 06:28:00,3.059,3.0595,3.059,3.0595,3.064,3.0645,3.064,3.0645,2
2026-02-11 06:29:00,3.059,3.059,3.0585,3.0585,3.064,3.064,3.0635,3.0635,2
2026-02-11 06:30:00,3.06,3.0625,3.06,3.062,3.065,3.0675,3.065,3.067,6
2026-02-11 06:31:00,3.0615,3.0615,3.06,3.0605,3.0665,3.0665,3.065,3.0655,3
2026-02-11 06:32:00,3.06,3.06,3.0515,3.052,3.065,3.065,3.0565,3.057,11
2026-02-11 06:33:00,3.0525,3.0525,3.0505,3.0515,3.0575,3.0575,3.0555,3.0565,6
2026-02-11 06:35:00,3.0505,3.051,3.0505,3.0505,3.0555,3.056,3.0555,3.0555,3
2026-02-11 06:37:00,3.0495,3.0505,3.0495,3.0495,3.0545,3.0555,3.0545,3.0545,4
2026-02-11 06:39:00,3.0485,3.0485,3.0435,3.0435,3.0535,3.0535,3.0485,3.0485,11
2026-02-11 06:40:00,3.0445,3.0445,3.0395,3.0405,3.0495,3.0495,3.0445,3.0455,10
2026-02-11 06:41:00,3.0395,3.0395,3.0345,3.0375,3.0445,3.0445,3.0395,3.0425,16
2026-02-11 06:42:00,3.0365,3.0365,3.0355,3.0355,3.0415,3.0415,3.0405,3.0405,3
2026-02-11 06:43:00,3.036,3.036,3.0285,3.0295,3.041,3.041,3.0335,3.0345,11
2026-02-11 06:44:00,3.029,3.0345,3.029,3.0345,3.034,3.0395,3.034,3.0395,7
2026-02-11 06:45:00,3.0335,3.0335,3.032,3.0325,3.0385,3.0385,3.037,3.0375,6
2026-02-11 06:46:00,3.0315,3.0325,3.025,3.029,3.0365,3.0375,3.03,3.034,12
2026-02-11 06:47:00,3.0265,3.034,3.025,3.0325,3.0315,3.039,3.03,3.0375,33
2026-02-11 06:48:00,3.031,3.0315,3.0265,3.028,3.036,3.0365,3.0315,3.033,8
2026-02-11 06:49:00,3.0265,3.03,3.0265,3.028,3.0315,3.035,3.0315,3.033,13
2026-02-11 06:50:00,3.0285,3.033,3.025,3.033,3.0335,3.038,3.03,3.038,19
2026-02-11 06:51:00,3.0335,3.0335,3.0315,3.0335,3.0385,3.0385,3.0365,3.0385,10
2026-02-11 06:52:00,3.033,3.034,3.032,3.033,3.038,3.039,3.037,3.038,12
2026-02-11 06:53:00,3.032,3.032,3.0245,3.03,3.037,3.037,3.0295,3.035,23
2026-02-11 06:54:00,3.0305,3.0305,3.0285,3.0285,3.0355,3.0355,3.0335,3.0335,6
2026-02-11 06:55:00,3.028,3.0305,3.0275,3.03,3.033,3.0355,3.0325,3.035,11
2026-02-11 06:56:00,3.0285,3.0285,3.025,3.0265,3.0335,3.0335,3.03,3.0315,16
2026-02-11 06:57:00,3.026,3.026,3.0245,3.026,3.031,3.031,3.0295,3.031,7
2026-02-11 06:58:00,3.0255,3.026,3.025,3.025,3.0305,3.031,3.03,3.03,4
2026-02-11 06:59:00,3.0245,3.0285,3.0245,3.0285,3.0295,3.0335,3.0295,3.0335,10
2026-02-11 07:00:00,3.0275,3.032,3.0265,3.031,3.0325,3.037,3.0315,3.036,12
2026-02-11 07:01:00,3.0315,3.033,3.031,3.032,3.0365,3.038,3.036,3.037,14
2026-02-11 07:02:00,3.0335,3.036,3.0335,3.035,3.0385,3.041,3.0385,3.04,7
2026-02-11 07:03:00,3.0355,3.0355,3.035,3.035,3.0405,3.0405,3.04,3.04,2
2026-02-11 07:04:00,3.0355,3.0375,3.0355,3.037,3.0405,3.0425,3.0405,3.042,5
2026-02-11 07:05:00,3.0375,3.0375,3.0285,3.031,3.0425,3.0425,3.0335,3.036,16
2026-02-11 07:06:00,3.0305,3.0305,3.027,3.029,3.0355,3.0355,3.032,3.034,21
2026-02-11 07:07:00,3.028,3.0315,3.028,3.0315,3.033,3.0365,3.033,3.0365,8
2026-02-11 07:08:00,3.031,3.031,3.029,3.0305,3.036,3.036,3.034,3.0355,8
2026-02-11 07:09:00,3.03,3.03,3.0295,3.0295,3.035,3.035,3.0345,3.0345,4
2026-02-11 07:10:00,3.03,3.033,3.029,3.033,3.035,3.038,3.034,3.038,8
2026-02-11 07:11:00,3.0325,3.033,3.0325,3.033,3.0375,3.038,3.0375,3.038,2
2026-02-11 07:12:00,3.034,3.034,3.034,3.034,3.039,3.039,3.039,3.039,1
2026-02-11 07:13:00,3.0335,3.037,3.0335,3.0365,3.0385,3.042,3.0385,3.0415,7
2026-02-11 07:14:00,3.0355,3.0375,3.0355,3.0375,3.0405,3.0425,3.0405,3.0425,3
2026-02-11 07:15:00,3.0385,3.0385,3.038,3.0385,3.0435,3.0435,3.043,3.0435,3
2026-02-11 07:16:00,3.0395,3.0435,3.038,3.0395,3.0445,3.0485,3.043,3.0445,20
2026-02-11 07:18:00,3.039,3.039,3.0375,3.038,3.044,3.044,3.0425,3.043,3
2026-02-11 07:19:00,3.0375,3.046,3.037,3.0455,3.0425,3.051,3.042,3.0505,16
2026-02-11 07:20:00,3.047,3.0615,3.046,3.0555,3.052,3.0665,3.051,3.0605,44
2026-02-11 07:21:00,3.056,3.056,3.053,3.055,3.061,3.061,3.058,3.06,13
2026-02-11 07:22:00,3.0555,3.0555,3.0515,3.0515,3.0605,3.0605,3.0565,3.0565,18
2026-02-11 07:23:00,3.052,3.0545,3.052,3.0545,3.057,3.0595,3.057,3.0595,6
2026-02-11 07:24:00,3.055,3.0615,3.055,3.0615,3.06,3.0665,3.06,3.0665,18
2026-02-11 07:25:00,3.061,3.061,3.058,3.0595,3.066,3.066,3.063,3.0645,11
2026-02-11 07:26:00,3.06,3.0605,3.0595,3.0605,3.065,3.0655,3.0645,3.0655,3
2026-02-11 07:28:00,3.06,3.06,3.0585,3.0595,3.065,3.065,3.0635,3.0645,3
2026-02-11 07:29:00,3.06,3.06,3.055,3.0555,3.065,3.065,3.06,3.0605,15
2026-02-11 07:30:00,3.056,3.058,3.0545,3.058,3.061,3.063,3.0595,3.063,8
2026-02-11 07:31:00,3.0585,3.0595,3.055,3.055,3.0635,3.0645,3.06,3.06,7
2026-02-11 07:32:00,3.0545,3.0555,3.0545,3.0555,3.0595,3.0605,3.0595,3.0605,2
2026-02-11 07:33:00,3.055,3.0565,3.055,3.0565,3.06,3.0615,3.06,3.0615,4
2026-02-11 07:34:00,3.057,3.0595,3.057,3.0595,3.062,3.0645,3.062,3.0645,5
2026-02-11 07:35:00,3.059,3.059,3.0575,3.058,3.064,3.064,3.0625,3.063,5
2026-02-11 07:36:00,3.0575,3.0685,3.0565,3.0655,3.0625,3.0735,3.0615,3.0705,23
2026-02-11 07:37:00,3.065,3.0655,3.0625,3.0635,3.07,3.0705,3.0675,3.0685,10
2026-02-11 07:38:00,3.0645,3.0645,3.0635,3.0635,3.0695,3.0695,3.0685,3.0685,2
2026-02-11 07:39:00,3.0625,3.064,3.0625,3.0635,3.0675,3.069,3.0675,3.0685,5
2026-02-11 07:41:00,3.062,3.065,3.062,3.0645,3.067,3.07,3.067,3.0695,5
2026-02-11 07:42:00,3.0665,3.0735,3.066,3.073,3.0715,3.0785,3.071,3.078,17
2026-02-11 07:43:00,3.0725,3.077,3.0695,3.073,3.0775,3.082,3.0745,3.078,30
2026-02-11 07:44:00,3.074,3.077,3.073,3.0765,3.079,3.082,3.078,3.0815,18
2026-02-11 07:45:00,3.077,3.077,3.0745,3.0755,3.082,3.082,3.0795,3.0805,18
2026-02-11 07:46:00,3.076,3.0835,3.076,3.08,3.081,3.0885,3.081,3.085,35
2026-02-11 07:47:00,3.0815,3.082,3.0815,3.082,3.0865,3.087,3.0865,3.087,2
2026-02-11 07:48:00,3.083,3.083,3.079,3.079,3.088,3.088,3.084,3.084,7
2026-02-11 07:49:00,3.0785,3.0785,3.0755,3.0755,3.0835,3.0835,3.0805,3.0805,8
2026-02-11 07:50:00,3.075,3.0775,3.075,3.0755,3.08,3.0825,3.08,3.0805,6
2026-02-11 07:51:00,3.075,3.076,3.0745,3.076,3.08,3.081,3.0795,3.081,8
2026-02-11 07:52:00,3.0765,3.0785,3.0755,3.0775,3.0815,3.0835,3.0805,3.0825,7
2026-02-11 07:53:00,3.078,3.079,3.0775,3.0775,3.083,3.084,3.0825,3.0825,4
2026-02-11 07:54:00,3.0785,3.0785,3.0745,3.0745,3.0835,3.0835,3.0795,3.0795,11
2026-02-11 07:55:00,3.075,3.078,3.0745,3.078,3.08,3.083,3.0795,3.083,7
2026-02-11 07:56:00,3.0775,3.0775,3.077,3.077,3.0825,3.0825,3.082,3.082,2
2026-02-11 07:57:00,3.076,3.077,3.0755,3.0755,3.081,3.082,3.0805,3.0805,5
2026-02-11 07:58:00,3.076,3.076,3.076,3.076,3.081,3.081,3.081,3.081,1
2026-02-11 07:59:00,3.0755,3.076,3.0755,3.0755,3.0805,3.081,3.0805,3.0805,3
2026-02-11 08:00:00,3.0765,3.078,3.0725,3.074,3.0815,3.083,3.0775,3.079,17
2026-02-11 08:01:00,3.073,3.076,3.073,3.076,3.078,3.081,3.078,3.081,7
2026-02-11 08:02:00,3.075,3.075,3.071,3.0735,3.08,3.08,3.076,3.0785,10
2026-02-11 08:03:00,3.075,3.075,3.075,3.075,3.08,3.08,3.08,3.08,1
2026-02-11 08:04:00,3.0745,3.077,3.0735,3.0735,3.0795,3.082,3.0785,3.0785,9
2026-02-11 08:05:00,3.0725,3.076,3.072,3.0725,3.0775,3.081,3.077,3.0775,17
2026-02-11 08:06:00,3.072,3.0725,3.0695,3.0725,3.077,3.0775,3.0745,3.0775,19
2026-02-11 08:07:00,3.072,3.0735,3.0715,3.0735,3.077,3.0785,3.0765,3.0785,6
2026-02-11 08:08:00,3.0745,3.0755,3.0745,3.075,3.0795,3.0805,3.0795,3.08,3
2026-02-11 08:09:00,3.076,3.078,3.076,3.078,3.081,3.083,3.081,3.083,4
2026-02-11 08:10:00,3.0775,3.0785,3.0775,3.0785,3.0825,3.0835,3.0825,3.0835,3
2026-02-11 08:11:00,3.0775,3.0775,3.074,3.074,3.0825,3.0825,3.079,3.079,9
2026-02-11 08:12:00,3.0745,3.0755,3.0745,3.0755,3.0795,3.0805,3.0795,3.0805,3
2026-02-11 08:13:00,3.0765,3.0765,3.0765,3.0765,3.0815,3.0815,3.0815,3.0815,1
2026-02-11 08:14:00,3.0755,3.0775,3.0745,3.0765,3.0805,3.0825,3.0795,3.0815,8
2026-02-11 08:15:00,3.0755,3.0755,3.0755,3.0755,3.0805,3.0805,3.0805,3.0805,1
2026-02-11 08:16:00,3.0745,3.0745,3.0745,3.0745,3.0795,3.0795,3.0795,3.0795,1
2026-02-11 08:17:00,3.075,3.075,3.0735,3.075,3.08,3.08,3.0785,3.08,10
2026-02-11 08:18:00,3.0745,3.0755,3.074,3.074,3.0795,3.0805,3.079,3.079,3
2026-02-11 08:19:00,3.0745,3.075,3.0735,3.074,3.0795,3.08,3.0785,3.079,5
2026-02-11 08:20:00,3.0755,3.0755,3.074,3.0745,3.0805,3.0805,3.079,3.0795,3
2026-02-11 08:21:00,3.0755,3.0755,3.074,3.0745,3.0805,3.0805,3.079,3.0795,4
2026-02-11 08:22:00,3.074,3.0745,3.0715,3.0715,3.079,3.0795,3.0765,3.0765,5
2026-02-11 08:24:00,3.072,3.075,3.072,3.0745,3.077,3.08,3.077,3.0795,6
2026-02-11 08:25:00,3.074,3.074,3.0725,3.074,3.079,3.079,3.0775,3.079,4
2026-02-11 08:26:00,3.0745,3.0745,3.073,3.073,3.0795,3.0795,3.078,3.078,5
2026-02-11 08:27:00,3.0735,3.0735,3.071,3.073,3.0785,3.0785,3.076,3.078,10
2026-02-11 08:28:00,3.075,3.075,3.0735,3.0745,3.08,3.08,3.0785,3.0795,4
2026-02-11 08:29:00,3.074,3.074,3.0735,3.074,3.079,3.079,3.0785,3.079,5
2026-02-11 08:30:00,3.0745,3.0745,3.0745,3.0745,3.0795,3.0795,3.0795,3.0795,1
2026-02-11 08:31:00,3.074,3.074,3.0735,3.0735,3.079,3.079,3.0785,3.0785,2
2026-02-11 08:32:00,3.073,3.0775,3.073,3.0775,3.078,3.0825,3.078,3.0825,6
2026-02-11 08:33:00,3.078,3.079,3.076,3.079,3.083,3.084,3.081,3.084,8
2026-02-11 08:34:00,3.0785,3.079,3.0785,3.079,3.0835,3.084,3.0835,3.084,2
2026-02-11 08:35:00,3.0785,3.0785,3.0755,3.0765,3.0835,3.0835,3.0805,3.0815,8
2026-02-11 08:36:00,3.076,3.0765,3.0745,3.0755,3.081,3.0815,3.0795,3.0805,6
2026-02-11 08:37:00,3.0745,3.075,3.072,3.0735,3.0795,3.08,3.077,3.0785,8
2026-02-11 08:38:00,3.073,3.073,3.073,3.073,3.078,3.078,3.078,3.078,1
2026-02-11 08:40:00,3.0725,3.078,3.0725,3.0775,3.0775,3.083,3.0775,3.0825,5
2026-02-11 08:41:00,3.077,3.0775,3.075,3.076,3.082,3.0825,3.08,3.081,6
2026-02-11 08:43:00,3.0765,3.079,3.076,3.0785,3.0815,3.084,3.081,3.0835,6
2026-02-11 08:44:00,3.078,3.078,3.0765,3.0765,3.083,3.083,3.0815,3.0815,4
2026-02-11 08:45:00,3.0755,3.0755,3.0755,3.0755,3.0805,3.0805,3.0805,3.0805,1
2026-02-11 08:46:00,3.075,3.075,3.069,3.069,3.08,3.08,3.074,3.074,23
2026-02-11 08:47:00,3.0695,3.071,3.0665,3.07,3.0745,3.076,3.0715,3.075,18
2026-02-11 08:48:00,3.0705,3.0715,3.069,3.069,3.0755,3.0765,3.074,3.074,6
2026-02-11 08:49:00,3.0685,3.07,3.0685,3.07,3.0735,3.075,3.0735,3.075,3
2026-02-11 08:50:00,3.0705,3.0715,3.0695,3.07,3.0755,3.0765,3.0745,3.075,5
2026-02-11 08:51:00,3.0705,3.071,3.068,3.068,3.0755,3.076,3.073,3.073,6
2026-02-11 08:52:00,3.0675,3.0675,3.0655,3.0675,3.0725,3.0725,3.0705,3.0725,5
2026-02-11 08:53:00,3.0685,3.0685,3.0685,3.0685,3.0735,3.0735,3.0735,3.0735,1
2026-02-11 08:54:00,3.068,3.0695,3.068,3.0695,3.073,3.0745,3.073,3.0745,3
2026-02-11 08:56:00,3.07,3.0705,3.07,3.0705,3.075,3.0755,3.075,3.0755,2
2026-02-11 08:57:00,3.071,3.071,3.07,3.0705,3.076,3.076,3.075,3.0755,6
2026-02-11 08:58:00,3.0695,3.074,3.0695,3.0715,3.0745,3.079,3.0745,3.0765,15
2026-02-11 08:59:00,3.071,3.0725,3.0695,3.0715,3.076,3.0775,3.0745,3.0765,12
2026-02-11 09:00:00,3.072,3.0745,3.072,3.074,3.077,3.0795,3.077,3.079,9
2026-02-11 09:01:00,3.0725,3.0725,3.071,3.071,3.0775,3.0775,3.076,3.076,5
2026-02-11 09:02:00,3.0705,3.0715,3.0705,3.0705,3.0755,3.0765,3.0755,3.0755,5
2026-02-11 09:03:00,3.0695,3.073,3.0695,3.0725,3.0745,3.078,3.0745,3.0775,11
2026-02-11 09:04:00,3.072,3.0755,3.0685,3.0715,3.077,3.0805,3.0735,3.0765,19
2026-02-11 09:05:00,3.072,3.074,3.0715,3.0735,3.077,3.079,3.0765,3.0785,12
2026-02-11 09:06:00,3.073,3.0735,3.0705,3.071,3.078,3.0785,3.0755,3.076,8
2026-02-11 09:07:00,3.0705,3.071,3.0705,3.071,3.0755,3.076,3.0755,3.076,2
2026-02-11 09:08:00,3.07,3.07,3.0675,3.068,3.075,3.075,3.0725,3.073,5
2026-02-11 09:09:00,3.0685,3.0685,3.068,3.068,3.0735,3.0735,3.073,3.073,2
2026-02-11 09:10:00,3.0685,3.0695,3.0675,3.0675,3.0735,3.0745,3.0725,3.0725,4
2026-02-11 09:11:00,3.067,3.067,3.0625,3.0625,3.072,3.072,3.0675,3.0675,19
2026-02-11 09:12:00,3.063,3.063,3.063,3.063,3.068,3.068,3.068,3.068,1
2026-02-11 09:13:00,3.0625,3.063,3.0625,3.063,3.0675,3.068,3.0675,3.068,6
2026-02-11 09:14:00,3.062,3.0625,3.062,3.062,3.067,3.0675,3.067,3.067,3
2026-02-11 09:15:00,3.0615,3.062,3.0605,3.061,3.0665,3.067,3.0655,3.066,7
2026-02-11 09:16:00,3.0615,3.0635,3.0605,3.0605,3.0665,3.0685,3.0655,3.0655,11
2026-02-11 09:17:00,3.06,3.0655,3.06,3.0635,3.065,3.0705,3.065,3.0685,14
2026-02-11 09:18:00,3.063,3.0635,3.0615,3.062,3.068,3.0685,3.0665,3.067,6
2026-02-11 09:19:00,3.061,3.0615,3.06,3.061,3.066,3.0665,3.065,3.066,7
2026-02-11 09:20:00,3.0605,3.0645,3.06,3.0645,3.0655,3.0695,3.065,3.0695,6
2026-02-11 09:21:00,3.064,3.0675,3.0625,3.0625,3.069,3.0725,3.0675,3.0675,18
2026-02-11 09:22:00,3.0615,3.0625,3.06,3.061,3.0665,3.0675,3.065,3.066,17
2026-02-11 09:23:00,3.0615,3.0615,3.06,3.06,3.0665,3.0665,3.065,3.065,4
2026-02-11 09:24:00,3.0605,3.061,3.06,3.061,3.0655,3.066,3.065,3.066,4
2026-02-11 09:26:00,3.0605,3.0615,3.0605,3.0615,3.0655,3.0665,3.0655,3.0665,2
2026-02-11 09:27:00,3.0625,3.0625,3.0625,3.0625,3.0675,3.0675,3.0675,3.0675,1
2026-02-11 09:28:00,3.062,3.062,3.058,3.0605,3.067,3.067,3.063,3.0655,21
2026-02-11 09:29:00,3.06,3.0625,3.06,3.0625,3.065,3.0675,3.065,3.0675,13
2026-02-11 09:30:00,3.062,3.0635,3.0605,3.063,3.067,3.0685,3.0655,3.068,8
2026-02-11 09:31:00,3.0635,3.0635,3.0615,3.0625,3.0685,3.0685,3.0665,3.0675,8
2026-02-11 09:32:00,3.0615,3.0615,3.0595,3.0595,3.0665,3.0665,3.0645,3.0645,3
2026-02-11 09:33:00,3.0585,3.0595,3.058,3.0595,3.0635,3.0645,3.063,3.0645,4
2026-02-11 09:34:00,3.059,3.0595,3.0585,3.0595,3.064,3.0645,3.0635,3.0645,14
2026-02-11 09:36:00,3.0585,3.0585,3.0585,3.0585,3.0635,3.0635,3.0635,3.0635,1
2026-02-11 09:37:00,3.0575,3.06,3.0575,3.06,3.0625,3.065,3.0625,3.065,15
2026-02-11 09:38:00,3.0605,3.0605,3.0605,3.0605,3.0655,3.0655,3.0655,3.0655,1
2026-02-11 09:39:00,3.0595,3.0615,3.0595,3.0615,3.0645,3.0665,3.0645,3.0665,5
2026-02-11 09:40:00,3.062,3.062,3.0615,3.0615,3.067,3.067,3.0665,3.0665,2
2026-02-11 09:41:00,3.061,3.061,3.058,3.058,3.066,3.066,3.063,3.063,7
2026-02-11 09:42:00,3.0585,3.061,3.0585,3.0605,3.0635,3.066,3.0635,3.0655,9
2026-02-11 09:43:00,3.06,3.06,3.06,3.06,3.065,3.065,3.065,3.065,1
2026-02-11 09:44:00,3.0595,3.061,3.0595,3.061,3.0645,3.066,3.0645,3.066,3
2026-02-11 09:45:00,3.0605,3.0615,3.0605,3.0615,3.0655,3.0665,3.0655,3.0665,3
2026-02-11 09:46:00,3.0605,3.0605,3.059,3.059,3.0655,3.0655,3.064,3.064,3
2026-02-11 09:47:00,3.0585,3.0615,3.0585,3.0595,3.0635,3.0665,3.0635,3.0645,7
2026-02-11 09:48:00,3.06,3.0605,3.0595,3.0605,3.065,3.0655,3.0645,3.0655,3
2026-02-11 09:49:00,3.0595,3.0595,3.0585,3.0595,3.0645,3.0645,3.0635,3.0645,3
2026-02-11 09:50:00,3.06,3.0645,3.06,3.0645,3.065,3.0695,3.065,3.0695,9
2026-02-11 09:51:00,3.064,3.0655,3.0635,3.0655,3.069,3.0705,3.0685,3.0705,10
2026-02-11 09:52:00,3.065,3.0675,3.065,3.0655,3.07,3.0725,3.07,3.0705,13
2026-02-11 09:53:00,3.065,3.0655,3.0625,3.0625,3.07,3.0705,3.0675,3.0675,11
2026-02-11 09:54:00,3.063,3.063,3.0615,3.063,3.068,3.068,3.0665,3.068,6
2026-02-11 09:55:00,3.0635,3.064,3.0635,3.064,3.0685,3.069,3.0685,3.069,2
2026-02-11 09:56:00,3.0635,3.0645,3.0635,3.0635,3.0685,3.0695,3.0685,3.0685,17
2026-02-11 09:57:00,3.063,3.063,3.0625,3.0625,3.068,3.068,3.0675,3.0675,2
2026-02-11 09:58:00,3.062,3.0635,3.062,3.0625,3.067,3.0685,3.067,3.0675,6
2026-02-11 09:59:00,3.062,3.062,3.062,3.062,3.067,3.067,3.067,3.067,1
2026-02-11 10:00:00,3.061,3.061,3.0595,3.06,3.066,3.066,3.0645,3.065,4
2026-02-11 10:01:00,3.059,3.059,3.0585,3.059,3.064,3.064,3.0635,3.064,3
2026-02-11 10:02:00,3.0575,3.0595,3.055,3.0595,3.0625,3.0645,3.06,3.0645,12
2026-02-11 10:05:00,3.06,3.0665,3.0595,3.0665,3.065,3.0715,3.0645,3.0715,10
2026-02-11 10:06:00,3.0655,3.0655,3.0625,3.0635,3.0705,3.0705,3.0675,3.0685,11
2026-02-11 10:08:00,3.0625,3.063,3.062,3.062,3.0675,3.068,3.067,3.067,4
2026-02-11 10:09:00,3.0625,3.0625,3.0615,3.0625,3.0675,3.0675,3.0665,3.0675,3
2026-02-11 10:10:00,3.063,3.071,3.063,3.071,3.068,3.076,3.068,3.076,13
2026-02-11 10:11:00,3.0715,3.0715,3.0675,3.0695,3.0765,3.0765,3.0725,3.0745,9
2026-02-11 10:12:00,3.0685,3.0705,3.0685,3.0705,3.0735,3.0755,3.0735,3.0755,5
2026-02-11 10:13:00,3.071,3.0715,3.071,3.0715,3.076,3.0765,3.076,3.0765,2
2026-02-11 10:14:00,3.072,3.0745,3.072,3.0735,3.077,3.0795,3.077,3.0785,7
2026-02-11 10:15:00,3.0725,3.0745,3.0715,3.0745,3.0775,3.0795,3.0765,3.0795,6
2026-02-11 10:16:00,3.074,3.074,3.066,3.0675,3.079,3.079,3.071,3.0725,21
2026-02-11 10:17:00,3.067,3.068,3.0665,3.067,3.072,3.073,3.0715,3.072,8
2026-02-11 10:18:00,3.0675,3.0675,3.0675,3.0675,3.0725,3.0725,3.0725,3.0725,1
2026-02-11 10:19:00,3.068,3.0715,3.068,3.07,3.073,3.0765,3.073,3.075,15
2026-02-11 10:20:00,3.0715,3.0715,3.071,3.0715,3.0765,3.0765,3.076,3.0765,3
2026-02-11 10:21:00,3.071,3.071,3.07,3.07,3.076,3.076,3.075,3.075,3
2026-02-11 10:22:00,3.069,3.0695,3.0685,3.0685,3.074,3.0745,3.0735,3.0735,6
2026-02-11 10:23:00,3.068,3.068,3.068,3.068,3.073,3.073,3.073,3.073,1
2026-02-11 10:24:00,3.067,3.067,3.067,3.067,3.072,3.072,3.072,3.072,1
2026-02-11 10:25:00,3.0675,3.0675,3.0645,3.0645,3.0725,3.0725,3.0695,3.0695,8
2026-02-11 10:26:00,3.065,3.066,3.0645,3.065,3.07,3.071,3.0695,3.07,8
2026-02-11 10:27:00,3.0655,3.0655,3.0655,3.0655,3.0705,3.0705,3.0705,3.0705,1
2026-02-11 10:28:00,3.0645,3.0655,3.063,3.063,3.0695,3.0705,3.068,3.068,5
2026-02-11 10:29:00,3.0635,3.0635,3.0585,3.0595,3.0685,3.0685,3.0635,3.0645,6
2026-02-11 10:30:00,3.06,3.061,3.059,3.061,3.065,3.066,3.064,3.066,9
2026-02-11 10:31:00,3.0615,3.0615,3.0585,3.0585,3.0665,3.0665,3.0635,3.0635,6
2026-02-11 10:32:00,3.059,3.059,3.055,3.0555,3.064,3.064,3.06,3.0605,16
2026-02-11 10:33:00,3.056,3.057,3.056,3.057,3.061,3.062,3.061,3.062,3
2026-02-11 10:34:00,3.0565,3.0575,3.0565,3.0575,3.0615,3.0625,3.0615,3.0625,6
2026-02-11 10:35:00,3.058,3.058,3.057,3.057,3.063,3.063,3.062,3.062,3
2026-02-11 10:36:00,3.0565,3.0575,3.055,3.056,3.0615,3.0625,3.06,3.061,13
2026-02-11 10:37:00,3.0565,3.0575,3.055,3.055,3.0615,3.0625,3.06,3.06,6
2026-02-11 10:38:00,3.0565,3.058,3.0565,3.058,3.0615,3.063,3.0615,3.063,3
2026-02-11 10:39:00,3.0585,3.0625,3.0565,3.0615,3.0635,3.0675,3.0615,3.0665,11
2026-02-11 10:40:00,3.062,3.063,3.0575,3.0585,3.067,3.068,3.0625,3.0635,11
2026-02-11 10:41:00,3.059,3.06,3.0555,3.056,3.064,3.065,3.0605,3.061,9
2026-02-11 10:42:00,3.057,3.0575,3.056,3.056,3.062,3.0625,3.061,3.061,5
2026-02-11 10:43:00,3.0565,3.0575,3.0565,3.0575,3.0615,3.0625,3.0615,3.0625,5
2026-02-11 10:44:00,3.058,3.058,3.0565,3.057,3.063,3.063,3.0615,3.062,7
2026-02-11 10:45:00,3.0575,3.0585,3.0575,3.0585,3.0625,3.0635,3.0625,3.0635,2
2026-02-11 10:46:00,3.058,3.058,3.058,3.058,3.063,3.063,3.063,3.063,1
2026-02-11 10:47:00,3.0585,3.059,3.058,3.058,3.0635,3.064,3.063,3.063,5
2026-02-11 10:48:00,3.0575,3.0625,3.0575,3.062,3.0625,3.0675,3.0625,3.067,11
2026-02-11 10:49:00,3.0625,3.063,3.0605,3.062,3.0675,3.068,3.0655,3.067,10
2026-02-11 10:50:00,3.0615,3.0615,3.0585,3.0605,3.0665,3.0665,3.0635,3.0655,14
2026-02-11 10:51:00,3.06,3.061,3.0555,3.057,3.065,3.066,3.0605,3.062,30
2026-02-11 10:52:00,3.0575,3.0595,3.057,3.058,3.0625,3.0645,3.062,3.063,11
2026-02-11 10:53:00,3.0585,3.0615,3.0585,3.0615,3.0635,3.0665,3.0635,3.0665,10
2026-02-11 10:54:00,3.061,3.061,3.059,3.0605,3.066,3.066,3.064,3.0655,13
2026-02-11 10:55:00,3.06,3.0615,3.056,3.056,3.065,3.0665,3.061,3.061,13
2026-02-11 10:56:00,3.0565,3.0575,3.0565,3.0565,3.0615,3.0625,3.0615,3.0615,3
2026-02-11 10:57:00,3.057,3.057,3.042,3.0465,3.062,3.062,3.047,3.0515,41
2026-02-11 10:58:00,3.0455,3.048,3.0455,3.0465,3.0505,3.053,3.0505,3.0515,6
2026-02-11 10:59:00,3.046,3.0475,3.046,3.047,3.051,3.0525,3.051,3.052,9
2026-02-11 11:00:00,3.0475,3.0505,3.0475,3.049,3.0525,3.0555,3.0525,3.054,26
2026-02-11 11:01:00,3.0485,3.049,3.045,3.0485,3.0535,3.054,3.05,3.0535,17
2026-02-11 11:02:00,3.049,3.0495,3.0455,3.0475,3.054,3.0545,3.0505,3.0525,16
2026-02-11 11:03:00,3.0485,3.0485,3.045,3.046,3.0535,3.0535,3.05,3.051,15
2026-02-11 11:04:00,3.0465,3.0475,3.0455,3.046,3.0515,3.0525,3.0505,3.051,6
2026-02-11 11:05:00,3.0455,3.0455,3.0395,3.041,3.0505,3.0505,3.0445,3.046,18
2026-02-11 11:06:00,3.0405,3.0405,3.0385,3.0385,3.0455,3.0455,3.0435,3.0435,18
2026-02-11 11:07:00,3.039,3.039,3.036,3.037,3.044,3.044,3.041,3.042,15
2026-02-11 11:08:00,3.0375,3.0415,3.0375,3.04,3.0425,3.0465,3.0425,3.045,18
2026-02-11 11:09:00,3.0405,3.0415,3.04,3.0415,3.0455,3.0465,3.045,3.0465,11
2026-02-11 11:10:00,3.042,3.0445,3.0415,3.0435,3.047,3.0495,3.0465,3.0485,13
2026-02-11 11:11:00,3.042,3.042,3.0395,3.0395,3.047,3.047,3.0445,3.0445,16
2026-02-11 11:12:00,3.04,3.0405,3.0395,3.0395,3.045,3.0455,3.0445,3.0445,13
2026-02-11 11:13:00,3.04,3.04,3.0395,3.04,3.045,3.045,3.0445,3.045,3
2026-02-11 11:14:00,3.0395,3.0415,3.0395,3.041,3.0445,3.0465,3.0445,3.046,6
2026-02-11 11:15:00,3.0405,3.0445,3.0405,3.044,3.0455,3.0495,3.0455,3.049,12
2026-02-11 11:16:00,3.0425,3.0455,3.042,3.0455,3.0475,3.0505,3.047,3.0505,11
2026-02-11 11:17:00,3.045,3.0535,3.045,3.0505,3.05,3.0585,3.05,3.0555,37
2026-02-11 11:18:00,3.05,3.0545,3.0495,3.0545,3.055,3.0595,3.0545,3.0595,19
2026-02-11 11:19:00,3.055,3.055,3.053,3.053,3.06,3.06,3.058,3.058,7
2026-02-11 11:20:00,3.0525,3.053,3.0525,3.053,3.0575,3.058,3.0575,3.058,2
2026-02-11 11:21:00,3.052,3.0545,3.0515,3.053,3.057,3.0595,3.0565,3.058,11
2026-02-11 11:22:00,3.0535,3.0595,3.052,3.059,3.0585,3.0645,3.057,3.064,29
2026-02-11 11:23:00,3.0585,3.0595,3.0575,3.0595,3.0635,3.0645,3.0625,3.0645,8
2026-02-11 11:24:00,3.059,3.0595,3.0575,3.0575,3.064,3.0645,3.0625,3.0625,5
2026-02-11 11:25:00,3.057,3.0645,3.057,3.0615,3.062,3.0695,3.062,3.0665,18
2026-02-11 11:26:00,3.061,3.061,3.0585,3.0585,3.066,3.066,3.0635,3.0635,11
2026-02-11 11:27:00,3.0595,3.0595,3.0515,3.0525,3.0645,3.0645,3.0565,3.0575,20
2026-02-11 11:28:00,3.0515,3.0535,3.0505,3.0535,3.0565,3.0585,3.0555,3.0585,13
2026-02-11 11:29:00,3.054,3.0635,3.054,3.063,3.059,3.0685,3.059,3.068,29
2026-02-11 11:30:00,3.0645,3.0655,3.0625,3.0635,3.0695,3.0705,3.0675,3.0685,11
2026-02-11 11:31:00,3.064,3.0685,3.0635,3.0655,3.069,3.0735,3.0685,3.0705,23
2026-02-11 11:32:00,3.066,3.0685,3.066,3.068,3.071,3.0735,3.071,3.073,4
2026-02-11 11:33:00,3.067,3.0725,3.067,3.071,3.072,3.0775,3.072,3.076,22
2026-02-11 11:34:00,3.07,3.07,3.063,3.066,3.075,3.075,3.068,3.071,16
2026-02-11 11:35:00,3.0665,3.0665,3.0615,3.0615,3.0715,3.0715,3.0665,3.0665,16
2026-02-11 11:36:00,3.061,3.061,3.0585,3.0595,3.066,3.066,3.0635,3.0645,12
2026-02-11 11:37:00,3.059,3.0805,3.059,3.079,3.064,3.0855,3.064,3.084,27
2026-02-11 11:38:00,3.0795,3.0825,3.077,3.0795,3.0845,3.0875,3.082,3.0845,24
2026-02-11 11:39:00,3.079,3.079,3.076,3.076,3.084,3.084,3.081,3.081,7
2026-02-11 11:40:00,3.0765,3.0765,3.0745,3.075,3.0815,3.0815,3.0795,3.08,4
2026-02-11 11:41:00,3.0745,3.075,3.0705,3.0705,3.0795,3.08,3.0755,3.0755,13
2026-02-11 11:42:00,3.0695,3.0715,3.0665,3.0665,3.0745,3.0765,3.0715,3.0715,18
2026-02-11 11:43:00,3.066,3.0665,3.0635,3.0645,3.071,3.0715,3.0685,3.0695,9
2026-02-11 11:44:00,3.066,3.066,3.0645,3.0645,3.071,3.071,3.0695,3.0695,5
2026-02-11 11:45:00,3.066,3.066,3.065,3.065,3.071,3.071,3.07,3.07,4
2026-02-11 11:46:00,3.0655,3.0685,3.0655,3.0665,3.0705,3.0735,3.0705,3.0715,6
2026-02-11 11:47:00,3.066,3.0685,3.066,3.0685,3.071,3.0735,3.071,3.0735,5
2026-02-11 11:48:00,3.0695,3.0725,3.0695,3.0715,3.0745,3.0775,3.0745,3.0765,9
2026-02-11 11:49:00,3.071,3.074,3.0705,3.074,3.076,3.079,3.0755,3.079,9
2026-02-11 11:50:00,3.0735,3.0755,3.0675,3.0685,3.0785,3.0805,3.0725,3.0735,18
2026-02-11 11:51:00,3.0695,3.0775,3.0655,3.0765,3.0745,3.0825,3.0705,3.0815,32
2026-02-11 11:52:00,3.0755,3.0755,3.07,3.071,3.0805,3.0805,3.075,3.076,9
2026-02-11 11:53:00,3.07,3.0725,3.0675,3.0715,3.075,3.0775,3.0725,3.0765,12
2026-02-11 11:54:00,3.071,3.071,3.0705,3.0705,3.076,3.076,3.0755,3.0755,4
2026-02-11 11:55:00,3.0695,3.073,3.0695,3.0715,3.0745,3.078,3.0745,3.0765,13
2026-02-11 11:56:00,3.071,3.071,3.0675,3.0685,3.076,3.076,3.0725,3.0735,13
2026-02-11 11:57:00,3.068,3.073,3.068,3.071,3.073,3.078,3.073,3.076,10
2026-02-11 11:58:00,3.07,3.0705,3.0685,3.0685,3.075,3.0755,3.0735,3.0735,11
2026-02-11 11:59:00,3.069,3.069,3.063,3.063,3.074,3.074,3.068,3.068,13
2026-02-11 12:00:00,3.0625,3.0655,3.062,3.062,3.0675,3.0705,3.067,3.067,12
2026-02-11 12:01:00,3.061,3.0635,3.0605,3.0605,3.066,3.0685,3.0655,3.0655,11
2026-02-11 12:02:00,3.0615,3.062,3.0605,3.0605,3.0665,3.067,3.0655,3.0655,4
2026-02-11 12:03:00,3.0615,3.0635,3.058,3.0585,3.0665,3.0685,3.063,3.0635,19
2026-02-11 12:04:00,3.058,3.061,3.0565,3.0575,3.063,3.066,3.0615,3.0625,16
2026-02-11 12:05:00,3.057,3.057,3.0535,3.055,3.062,3.062,3.0585,3.06,10
2026-02-11 12:06:00,3.0555,3.06,3.0545,3.0585,3.0605,3.065,3.0595,3.0635,14
2026-02-11 12:07:00,3.059,3.0605,3.059,3.0595,3.064,3.0655,3.064,3.0645,3
2026-02-11 12:08:00,3.059,3.0595,3.059,3.0595,3.064,3.0645,3.064,3.0645,2
2026-02-11 12:09:00,3.0585,3.0585,3.0535,3.0535,3.0635,3.0635,3.0585,3.0585,10
2026-02-11 12:10:00,3.0525,3.053,3.0495,3.0525,3.0575,3.058,3.0545,3.0575,9
2026-02-11 12:11:00,3.0515,3.0525,3.0515,3.0515,3.0565,3.0575,3.0565,3.0565,6
2026-02-11 12:12:00,3.0505,3.0515,3.0505,3.0515,3.0555,3.0565,3.0555,3.0565,3
2026-02-11 12:13:00,3.051,3.0545,3.0495,3.0525,3.056,3.0595,3.0545,3.0575,16
2026-02-11 12:14:00,3.0535,3.0545,3.0525,3.0525,3.0585,3.0595,3.0575,3.0575,8
2026-02-11 12:15:00,3.0535,3.0555,3.052,3.0535,3.0585,3.0605,3.057,3.0585,21
2026-02-11 12:16:00,3.052,3.0525,3.05,3.0515,3.057,3.0575,3.055,3.0565,8
2026-02-11 12:17:00,3.051,3.052,3.051,3.0515,3.056,3.057,3.056,3.0565,4
2026-02-11 12:18:00,3.051,3.0515,3.0485,3.0485,3.056,3.0565,3.0535,3.0535,14
2026-02-11 12:19:00,3.0495,3.05,3.0475,3.05,3.0545,3.055,3.0525,3.055,9
2026-02-11 12:20:00,3.0505,3.053,3.0485,3.0505,3.0555,3.058,3.0535,3.0555,22
2026-02-11 12:21:00,3.0495,3.0515,3.0495,3.051,3.0545,3.0565,3.0545,3.056,8
2026-02-11 12:22:00,3.0505,3.0505,3.049,3.049,3.0555,3.0555,3.054,3.054,5
2026-02-11 12:23:00,3.0485,3.0495,3.048,3.049,3.0535,3.0545,3.053,3.054,9
2026-02-11 12:24:00,3.0485,3.0545,3.0485,3.0535,3.0535,3.0595,3.0535,3.0585,18
2026-02-11 12:25:00,3.053,3.053,3.0515,3.0515,3.058,3.058,3.0565,3.0565,3
2026-02-11 12:26:00,3.0525,3.0595,3.0525,3.0555,3.0575,3.0645,3.0575,3.0605,29
2026-02-11 12:27:00,3.0565,3.0575,3.0545,3.0565,3.0615,3.0625,3.0595,3.0615,14
2026-02-11 12:28:00,3.056,3.056,3.0535,3.054,3.061,3.061,3.0585,3.059,13
2026-02-11 12:29:00,3.0545,3.056,3.0545,3.0545,3.0595,3.061,3.0595,3.0595,4
2026-02-11 12:30:00,3.054,3.06,3.053,3.059,3.059,3.065,3.058,3.064,13
2026-02-11 12:31:00,3.0585,3.0585,3.0555,3.0565,3.0635,3.0635,3.0605,3.0615,11
2026-02-11 12:32:00,3.056,3.056,3.055,3.0555,3.061,3.061,3.06,3.0605,5
2026-02-11 12:33:00,3.0565,3.058,3.0555,3.0575,3.0615,3.063,3.0605,3.0625,9
2026-02-11 12:34:00,3.058,3.0675,3.0555,3.0665,3.063,3.0725,3.0605,3.0715,25
2026-02-11 12:35:00,3.067,3.0675,3.0665,3.0675,3.072,3.0725,3.0715,3.0725,12
2026-02-11 12:36:00,3.067,3.0695,3.067,3.0685,3.072,3.0745,3.072,3.0735,8
2026-02-11 12:37:00,3.068,3.068,3.064,3.0655,3.073,3.073,3.069,3.0705,9
2026-02-11 12:38:00,3.065,3.065,3.0645,3.0645,3.07,3.07,3.0695,3.0695,2
2026-02-11 12:39:00,3.0635,3.0675,3.0635,3.0655,3.0685,3.0725,3.0685,3.0705,9
2026-02-11 12:40:00,3.0645,3.0655,3.0645,3.0655,3.0695,3.0705,3.0695,3.0705,2
2026-02-11 12:41:00,3.0665,3.0685,3.0665,3.0685,3.0715,3.0735,3.0715,3.0735,6
2026-02-11 12:42:00,3.069,3.0705,3.0685,3.07,3.074,3.0755,3.0735,3.075,9
2026-02-11 12:43:00,3.072,3.083,3.072,3.083,3.077,3.088,3.077,3.088,27
2026-02-11 12:44:00,3.0835,3.0835,3.0715,3.0735,3.0885,3.0885,3.0765,3.0785,46
2026-02-11 12:45:00,3.0725,3.0725,3.059,3.0615,3.0775,3.0775,3.064,3.0665,57
2026-02-11 12:46:00,3.0605,3.062,3.0585,3.0585,3.0655,3.067,3.0635,3.0635,17
2026-02-11 12:47:00,3.0575,3.06,3.0575,3.0585,3.0625,3.065,3.0625,3.0635,25
2026-02-11 12:48:00,3.0595,3.067,3.0595,3.0665,3.0645,3.072,3.0645,3.0715,12
2026-02-11 12:49:00,3.067,3.067,3.0615,3.0625,3.072,3.072,3.0665,3.0675,13
2026-02-11 12:50:00,3.063,3.066,3.0625,3.063,3.068,3.071,3.0675,3.068,12
2026-02-11 12:51:00,3.0635,3.0635,3.054,3.0555,3.0685,3.0685,3.059,3.0605,29
2026-02-11 12:52:00,3.056,3.0605,3.056,3.058,3.061,3.0655,3.061,3.063,12
2026-02-11 12:53:00,3.0585,3.061,3.0585,3.061,3.0635,3.066,3.0635,3.066,4
2026-02-11 12:54:00,3.0605,3.0695,3.06,3.0685,3.0655,3.0745,3.065,3.0735,23
2026-02-11 12:55:00,3.0675,3.0705,3.0665,3.0705,3.0725,3.0755,3.0715,3.0755,15
2026-02-11 12:56:00,3.071,3.0735,3.07,3.073,3.076,3.0785,3.075,3.078,14
2026-02-11 12:57:00,3.074,3.0795,3.0685,3.0735,3.079,3.0845,3.0735,3.0785,26
2026-02-11 12:58:00,3.0745,3.076,3.0715,3.0725,3.0795,3.081,3.0765,3.0775,8
2026-02-11 12:59:00,3.072,3.082,3.072,3.0755,3.077,3.087,3.077,3.0805,28
2026-02-11 13:00:00,3.076,3.0785,3.0685,3.0685,3.081,3.0835,3.0735,3.0735,28
2026-02-11 13:01:00,3.069,3.07,3.0675,3.069,3.074,3.075,3.0725,3.074,20
2026-02-11 13:02:00,3.0685,3.0765,3.067,3.0715,3.0735,3.0815,3.072,3.0765,29
2026-02-11 13:03:00,3.0705,3.0795,3.0705,3.079,3.0755,3.0845,3.0755,3.084,24
2026-02-11 13:04:00,3.0795,3.0945,3.0785,3.0935,3.0845,3.0995,3.0835,3.0985,48
2026-02-11 13:05:00,3.094,3.0985,3.0925,3.0925,3.099,3.1035,3.0975,3.0975,26
2026-02-11 13:06:00,3.092,3.092,3.0845,3.086,3.097,3.097,3.0895,3.091,20
2026-02-11 13:07:00,3.0855,3.0865,3.0845,3.0855,3.0905,3.0915,3.0895,3.0905,13
2026-02-11 13:08:00,3.085,3.087,3.0835,3.087,3.09,3.092,3.0885,3.092,15
2026-02-11 13:09:00,3.0875,3.0875,3.082,3.082,3.0925,3.0925,3.087,3.087,17
2026-02-11 13:10:00,3.0815,3.0825,3.0805,3.0825,3.0865,3.0875,3.0855,3.0875,10
2026-02-11 13:11:00,3.0815,3.0865,3.0815,3.084,3.0865,3.0915,3.0865,3.089,23
2026-02-11 13:12:00,3.0835,3.085,3.0825,3.083,3.0885,3.09,3.0875,3.088,9
2026-02-11 13:13:00,3.0825,3.0835,3.0825,3.0825,3.0875,3.0885,3.0875,3.0875,4
2026-02-11 13:14:00,3.0835,3.0835,3.0825,3.083,3.0885,3.0885,3.0875,3.088,8
2026-02-11 13:15:00,3.0835,3.0835,3.0775,3.078,3.0885,3.0885,3.0825,3.083,15
2026-02-11 13:16:00,3.0775,3.0795,3.0765,3.0765,3.0825,3.0845,3.0815,3.0815,18
2026-02-11 13:17:00,3.076,3.076,3.0705,3.071,3.081,3.081,3.0755,3.076,22
2026-02-11 13:18:00,3.0715,3.073,3.0705,3.071,3.0765,3.078,3.0755,3.076,16
2026-02-11 13:19:00,3.0715,3.0805,3.0715,3.08,3.0765,3.0855,3.0765,3.085,21
2026-02-11 13:20:00,3.0795,3.0825,3.0775,3.0815,3.0845,3.0875,3.0825,3.0865,18
2026-02-11 13:21:00,3.082,3.083,3.0745,3.0795,3.087,3.088,3.0795,3.0845,35
2026-02-11 13:22:00,3.079,3.083,3.0785,3.081,3.084,3.088,3.0835,3.086,25
2026-02-11 13:23:00,3.0815,3.0815,3.0755,3.077,3.0865,3.0865,3.0805,3.082,16
2026-02-11 13:24:00,3.0775,3.0815,3.0745,3.078,3.0825,3.0865,3.0795,3.083,29
2026-02-11 13:25:00,3.0785,3.0785,3.0615,3.062,3.0835,3.0835,3.0665,3.067,42
2026-02-11 13:26:00,3.0615,3.064,3.0595,3.0635,3.0665,3.069,3.0645,3.0685,33
2026-02-11 13:27:00,3.063,3.063,3.06,3.0615,3.068,3.068,3.065,3.0665,22
2026-02-11 13:28:00,3.0605,3.0635,3.0585,3.0605,3.0655,3.0685,3.0635,3.0655,31
2026-02-11 13:29:00,3.06,3.0605,3.052,3.0545,3.065,3.0655,3.057,3.0595,35
2026-02-11 13:30:00,3.055,3.055,3.0485,3.0495,3.06,3.06,3.0535,3.0545,22
2026-02-11 13:31:00,3.049,3.053,3.0485,3.0495,3.054,3.058,3.0535,3.0545,29
2026-02-11 13:32:00,3.05,3.0515,3.0495,3.0505,3.055,3.0565,3.0545,3.0555,19
2026-02-11 13:33:00,3.05,3.0505,3.0395,3.0395,3.055,3.0555,3.0445,3.0445,34
2026-02-11 13:34:00,3.04,3.04,3.0355,3.037,3.045,3.045,3.0405,3.042,40
2026-02-11 13:35:00,3.0375,3.0375,3.0235,3.0245,3.0425,3.0425,3.0285,3.0295,72
2026-02-11 13:36:00,3.024,3.0245,3.0165,3.02,3.029,3.0295,3.0215,3.025,72
2026-02-11 13:37:00,3.0195,3.0245,3.0165,3.0235,3.0245,3.0295,3.0215,3.0285,82
2026-02-11 13:38:00,3.023,3.0235,3.0145,3.0205,3.028,3.0285,3.0195,3.0255,50
2026-02-11 13:39:00,3.0195,3.0265,3.0195,3.026,3.0245,3.0315,3.0245,3.031,34
2026-02-11 13:40:00,3.027,3.0285,3.014,3.0145,3.032,3.0335,3.019,3.0195,68
2026-02-11 13:41:00,3.014,3.015,3.009,3.0105,3.019,3.02,3.014,3.0155,60
2026-02-11 13:42:00,3.011,3.0175,3.0095,3.013,3.016,3.0225,3.0145,3.018,50
2026-02-11 13:43:00,3.012,3.0155,3.0105,3.0125,3.017,3.0205,3.0155,3.0175,43
2026-02-11 13:44:00,3.0115,3.0155,3.0105,3.0145,3.0165,3.0205,3.0155,3.0195,37
2026-02-11 13:45:00,3.013,3.0135,3.0085,3.0105,3.018,3.0185,3.0135,3.0155,38
2026-02-11 13:46:00,3.01,3.0105,3.0065,3.008,3.015,3.0155,3.0115,3.013,40
2026-02-11 13:47:00,3.0085,3.0165,3.008,3.0145,3.0135,3.0215,3.013,3.0195,22
2026-02-11 13:48:00,3.0135,3.0225,3.013,3.0215,3.0185,3.0275,3.018,3.0265,39
2026-02-11 13:49:00,3.0195,3.0235,3.0165,3.0165,3.0245,3.0285,3.0215,3.0215,38
2026-02-11 13:50:00,3.016,3.0175,3.0115,3.014,3.021,3.0225,3.0165,3.019,35
2026-02-11 13:51:00,3.0145,3.0145,3.0045,3.007,3.0195,3.0195,3.0095,3.012,40
2026-02-11 13:52:00,3.006,3.0095,3.0055,3.0095,3.011,3.0145,3.0105,3.0145,27
2026-02-11 13:53:00,3.01,3.0125,3.0015,3.0035,3.015,3.0175,3.0065,3.0085,47
2026-02-11 13:54:00,3.004,3.0065,3.0,3.0035,3.009,3.0115,3.005,3.0085,29
2026-02-11 13:55:00,3.004,3.0045,2.9915,2.9935,3.009,3.0095,2.9965,2.9985,57
2026-02-11 13:56:00,2.993,2.997,2.989,2.996,2.998,3.002,2.994,3.001,66
2026-02-11 13:57:00,2.9965,3.0065,2.9965,3.0025,3.0015,3.0115,3.0015,3.0075,58
2026-02-11 13:58:00,3.0035,3.0095,3.0015,3.004,3.0085,3.0145,3.0065,3.009,47
2026-02-11 13:59:00,3.0035,3.0075,2.9975,2.9995,3.0085,3.0125,3.0025,3.0045,61
2026-02-11 14:00:00,2.999,3.01,2.9965,3.0065,3.004,3.015,3.0015,3.0115,73
2026-02-11 14:01:00,3.006,3.0075,2.9985,3.005,3.011,3.0125,3.0035,3.01,69
2026-02-11 14:02:00,3.0045,3.0055,3.001,3.0025,3.0095,3.0105,3.006,3.0075,27
2026-02-11 14:03:00,3.002,3.0075,2.9995,3.0075,3.007,3.0125,3.0045,3.0125,39
2026-02-11 14:04:00,3.007,3.0125,3.007,3.0085,3.012,3.0175,3.012,3.0135,49
2026-02-11 14:05:00,3.0075,3.0085,3.004,3.0075,3.0125,3.0135,3.009,3.0125,26
2026-02-11 14:06:00,3.0085,3.01,3.0025,3.006,3.0135,3.015,3.0075,3.011,39
2026-02-11 14:07:00,3.0055,3.0145,3.002,3.0135,3.0105,3.0195,3.007,3.0185,52
2026-02-11 14:08:00,3.0145,3.0145,3.007,3.0085,3.0195,3.0195,3.012,3.0135,39
2026-02-11 14:09:00,3.009,3.0135,3.0085,3.0125,3.014,3.0185,3.0135,3.0175,30
2026-02-11 14:10:00,3.013,3.0165,3.0105,3.015,3.018,3.0215,3.0155,3.02,35
2026-02-11 14:11:00,3.0145,3.0145,3.0085,3.0135,3.0195,3.0195,3.0135,3.0185,40
2026-02-11 14:12:00,3.0145,3.0235,3.0145,3.0205,3.0195,3.0285,3.0195,3.0255,102
2026-02-11 14:13:00,3.02,3.0215,3.0135,3.018,3.025,3.0265,3.0185,3.023,65
2026-02-11 14:14:00,3.019,3.0255,3.0155,3.0165,3.024,3.0305,3.0205,3.0215,87
2026-02-11 14:15:00,3.016,3.0195,3.012,3.0145,3.021,3.0245,3.017,3.0195,46
2026-02-11 14:16:00,3.0155,3.02,3.0115,3.0145,3.0205,3.025,3.0165,3.0195,48
2026-02-11 14:17:00,3.015,3.0215,3.015,3.021,3.02,3.0265,3.02,3.026,52
2026-02-11 14:18:00,3.0205,3.022,3.017,3.02,3.0255,3.027,3.022,3.025,40
2026-02-11 14:19:00,3.019,3.0255,3.019,3.0205,3.024,3.0305,3.024,3.0255,43
2026-02-11 14:20:00,3.021,3.0255,3.0185,3.0205,3.026,3.0305,3.0235,3.0255,29
2026-02-11 14:21:00,3.02,3.0275,3.016,3.025,3.025,3.0325,3.021,3.03,41
2026-02-11 14:22:00,3.024,3.027,3.0195,3.0245,3.029,3.032,3.0245,3.0295,39
2026-02-11 14:23:00,3.025,3.0295,3.0235,3.025,3.03,3.0345,3.0285,3.03,43
2026-02-11 14:24:00,3.0245,3.0255,3.0215,3.025,3.0295,3.0305,3.0265,3.03,30
2026-02-11 14:25:00,3.0245,3.025,3.0125,3.0145,3.0295,3.03,3.0175,3.0195,44
2026-02-11 14:26:00,3.014,3.016,3.0135,3.015,3.019,3.021,3.0185,3.02,25
2026-02-11 14:27:00,3.0155,3.017,3.0135,3.015,3.0205,3.022,3.0185,3.02,30
2026-02-11 14:28:00,3.014,3.0145,3.0105,3.0145,3.019,3.0195,3.0155,3.0195,24
2026-02-11 14:29:00,3.0155,3.0235,3.0145,3.023,3.0205,3.0285,3.0195,3.028,26
2026-02-11 14:30:00,3.021,3.0225,3.016,3.017,3.026,3.0275,3.021,3.022,30
2026-02-11 14:31:00,3.0165,3.0255,3.0145,3.0255,3.0215,3.0305,3.0195,3.0305,56
2026-02-11 14:32:00,3.025,3.0285,3.0215,3.0225,3.03,3.0335,3.0265,3.0275,50
2026-02-11 14:33:00,3.023,3.0245,3.0155,3.017,3.028,3.0295,3.0205,3.022,30
2026-02-11 14:34:00,3.0165,3.0165,3.0105,3.0115,3.0215,3.0215,3.0155,3.0165,48
2026-02-11 14:35:00,3.0105,3.0165,3.0075,3.0155,3.0155,3.0215,3.0125,3.0205,42
2026-02-11 14:36:00,3.016,3.0215,3.016,3.0185,3.021,3.0265,3.021,3.0235,45
2026-02-11 14:37:00,3.018,3.019,3.014,3.014,3.023,3.024,3.019,3.019,36
2026-02-11 14:38:00,3.0135,3.0165,3.0105,3.011,3.0185,3.0215,3.0155,3.016,33
2026-02-11 14:39:00,3.0105,3.0155,3.0055,3.0125,3.0155,3.0205,3.0105,3.0175,52
2026-02-11 14:40:00,3.0135,3.0135,3.0025,3.0045,3.0185,3.0185,3.0075,3.0095,45
2026-02-11 14:41:00,3.005,3.0065,2.9985,2.9985,3.01,3.0115,3.0035,3.0035,46
2026-02-11 14:42:00,2.998,3.002,2.9935,2.9965,3.003,3.007,2.9985,3.0015,88
2026-02-11 14:43:00,2.9955,3.0025,2.9935,2.9975,3.0005,3.0075,2.9985,3.0025,67
2026-02-11 14:44:00,2.997,2.9995,2.9915,2.9955,3.002,3.0045,2.9965,3.0005,82
2026-02-11 14:45:00,2.995,3.0035,2.994,3.0035,3.0,3.0085,2.999,3.0085,56
2026-02-11 14:46:00,3.0045,3.0135,3.0045,3.0105,3.0095,3.0185,3.0095,3.0155,43
2026-02-11 14:47:00,3.01,3.0105,3.0055,3.0095,3.015,3.0155,3.0105,3.0145,22
2026-02-11 14:48:00,3.009,3.0095,3.0055,3.0065,3.014,3.0145,3.0105,3.0115,38
2026-02-11 14:49:00,3.007,3.0085,3.0055,3.008,3.012,3.0135,3.0105,3.013,22
2026-02-11 14:50:00,3.0065,3.0075,3.0035,3.007,3.0115,3.0125,3.0085,3.012,25
2026-02-11 14:51:00,3.0065,3.0085,3.0055,3.0055,3.0115,3.0135,3.0105,3.0105,30
2026-02-11 14:52:00,3.005,3.01,3.0045,3.01,3.01,3.015,3.0095,3.015,21
2026-02-11 14:53:00,3.009,3.0155,3.0075,3.0095,3.014,3.0205,3.0125,3.0145,48
2026-02-11 14:54:00,3.009,3.012,3.0085,3.0115,3.014,3.017,3.0135,3.0165,23
2026-02-11 14:55:00,3.011,3.02,3.0075,3.0165,3.016,3.025,3.0125,3.0215,62
2026-02-11 14:56:00,3.016,3.024,3.014,3.02,3.021,3.029,3.019,3.025,83
2026-02-11 14:57:00,3.0215,3.0245,3.0185,3.0245,3.0265,3.0295,3.0235,3.0295,51
2026-02-11 14:58:00,3.024,3.0255,3.019,3.024,3.029,3.0305,3.024,3.029,35
2026-02-11 14:59:00,3.0255,3.0255,3.0215,3.0255,3.0305,3.0305,3.0265,3.0305,39
2026-02-11 15:00:00,3.026,3.037,3.0165,3.0355,3.031,3.042,3.0215,3.0405,156
2026-02-11 15:01:00,3.0365,3.04,3.033,3.039,3.0415,3.045,3.038,3.044,100
2026-02-11 15:02:00,3.0385,3.0405,3.0255,3.0285,3.0435,3.0455,3.0305,3.0335,83
2026-02-11 15:03:00,3.029,3.0375,3.029,3.0365,3.034,3.0425,3.034,3.0415,37
2026-02-11 15:04:00,3.036,3.0395,3.0355,3.039,3.041,3.0445,3.0405,3.044,38
2026-02-11 15:05:00,3.0385,3.0425,3.0295,3.0315,3.0435,3.0475,3.0345,3.0365,78
2026-02-11 15:06:00,3.031,3.0355,3.031,3.0315,3.036,3.0405,3.036,3.0365,41
2026-02-11 15:07:00,3.031,3.0375,3.0275,3.0375,3.036,3.0425,3.0325,3.0425,35
2026-02-11 15:08:00,3.0365,3.0365,3.0325,3.0345,3.0415,3.0415,3.0375,3.0395,22
2026-02-11 15:09:00,3.0355,3.037,3.0325,3.033,3.0405,3.042,3.0375,3.038,31
2026-02-11 15:10:00,3.0325,3.0365,3.0305,3.0345,3.0375,3.0415,3.0355,3.0395,48
2026-02-11 15:11:00,3.035,3.0375,3.0345,3.0355,3.04,3.0425,3.0395,3.0405,27
2026-02-11 15:12:00,3.0345,3.0415,3.034,3.039,3.0395,3.0465,3.039,3.044,58
2026-02-11 15:13:00,3.0385,3.0395,3.0355,3.037,3.0435,3.0445,3.0405,3.042,14
2026-02-11 15:14:00,3.0365,3.0405,3.0365,3.0405,3.0415,3.0455,3.0415,3.0455,17
2026-02-11 15:15:00,3.0395,3.0415,3.0365,3.0385,3.0445,3.0465,3.0415,3.0435,25
2026-02-11 15:16:00,3.0395,3.0395,3.034,3.0355,3.0445,3.0445,3.039,3.0405,30
2026-02-11 15:17:00,3.035,3.0395,3.0345,3.0385,3.04,3.0445,3.0395,3.0435,13
2026-02-11 15:18:00,3.0395,3.0395,3.0365,3.0375,3.0445,3.0445,3.0415,3.0425,11
2026-02-11 15:19:00,3.0365,3.0375,3.0355,3.037,3.0415,3.0425,3.0405,3.042,8
2026-02-11 15:20:00,3.0365,3.0405,3.0365,3.038,3.0415,3.0455,3.0415,3.043,31
2026-02-11 15:21:00,3.0375,3.0375,3.0315,3.0355,3.0425,3.0425,3.0365,3.0405,37
2026-02-11 15:22:00,3.0365,3.0405,3.0365,3.0395,3.0415,3.0455,3.0415,3.0445,19
2026-02-11 15:23:00,3.0385,3.0405,3.032,3.0335,3.0435,3.0455,3.037,3.0385,37
2026-02-11 15:24:00,3.033,3.0415,3.0325,3.0405,3.038,3.0465,3.0375,3.0455,36
2026-02-11 15:25:00,3.04,3.0435,3.036,3.0375,3.045,3.0485,3.041,3.0425,75
2026-02-11 15:26:00,3.0365,3.0375,3.0315,3.0345,3.0415,3.0425,3.0365,3.0395,19
2026-02-11 15:27:00,3.0335,3.036,3.0305,3.0355,3.0385,3.041,3.0355,3.0405,24
2026-02-11 15:28:00,3.036,3.0505,3.0345,3.0415,3.041,3.0555,3.0395,3.0465,76
2026-02-11 15:29:00,3.0425,3.046,3.0395,3.0405,3.0475,3.051,3.0445,3.0455,49
2026-02-11 15:30:00,3.0415,3.0485,3.038,3.0395,3.0465,3.0535,3.043,3.0445,70
2026-02-11 15:31:00,3.04,3.0435,3.0345,3.0355,3.045,3.0485,3.0395,3.0405,33
2026-02-11 15:32:00,3.0345,3.056,3.0345,3.0555,3.0395,3.061,3.0395,3.0605,87
2026-02-11 15:33:00,3.055,3.0555,3.045,3.047,3.06,3.0605,3.05,3.052,40
2026-02-11 15:34:00,3.048,3.052,3.0475,3.052,3.053,3.057,3.0525,3.057,25
2026-02-11 15:35:00,3.0525,3.0545,3.05,3.0505,3.0575,3.0595,3.055,3.0555,30
2026-02-11 15:36:00,3.05,3.0515,3.049,3.0495,3.055,3.0565,3.054,3.0545,17
2026-02-11 15:37:00,3.05,3.0575,3.048,3.0555,3.055,3.0625,3.053,3.0605,40
2026-02-11 15:38:00,3.0565,3.0585,3.0535,3.0565,3.0615,3.0635,3.0585,3.0615,30
2026-02-11 15:39:00,3.0555,3.0585,3.0525,3.0555,3.0605,3.0635,3.0575,3.0605,24
2026-02-11 15:40:00,3.056,3.0685,3.056,3.065,3.061,3.0735,3.061,3.07,47
2026-02-11 15:41:00,3.0655,3.0655,3.0575,3.0575,3.0705,3.0705,3.0625,3.0625,31
2026-02-11 15:42:00,3.057,3.0625,3.0535,3.0625,3.062,3.0675,3.0585,3.0675,40
2026-02-11 15:43:00,3.063,3.066,3.0615,3.063,3.068,3.071,3.0665,3.068,40
2026-02-11 15:44:00,3.0635,3.0655,3.0625,3.0655,3.0685,3.0705,3.0675,3.0705,15
2026-02-11 15:45:00,3.0645,3.0675,3.0635,3.067,3.0695,3.0725,3.0685,3.072,25
2026-02-11 15:46:00,3.0675,3.0705,3.0655,3.069,3.0725,3.0755,3.0705,3.074,48
2026-02-11 15:47:00,3.0695,3.0695,3.0665,3.0665,3.0745,3.0745,3.0715,3.0715,12
2026-02-11 15:48:00,3.066,3.066,3.0575,3.0645,3.071,3.071,3.0625,3.0695,37
2026-02-11 15:49:00,3.0635,3.0635,3.058,3.0605,3.0685,3.0685,3.063,3.0655,29
2026-02-11 15:50:00,3.06,3.0685,3.0595,3.062,3.065,3.0735,3.0645,3.067,29
2026-02-11 15:51:00,3.0615,3.0645,3.0605,3.062,3.0665,3.0695,3.0655,3.067,35
2026-02-11 15:52:00,3.0615,3.0625,3.0565,3.0565,3.0665,3.0675,3.0615,3.0615,23
2026-02-11 15:53:00,3.057,3.0615,3.0565,3.0605,3.062,3.0665,3.0615,3.0655,29
2026-02-11 15:54:00,3.061,3.061,3.0545,3.0565,3.066,3.066,3.0595,3.0615,31
2026-02-11 15:55:00,3.057,3.0645,3.0545,3.0635,3.062,3.0695,3.0595,3.0685,42
2026-02-11 15:56:00,3.0625,3.0665,3.062,3.0625,3.0675,3.0715,3.067,3.0675,19
2026-02-11 15:57:00,3.062,3.0655,3.0615,3.0635,3.067,3.0705,3.0665,3.0685,13
2026-02-11 15:58:00,3.063,3.063,3.0575,3.059,3.068,3.068,3.0625,3.064,16
2026-02-11 15:59:00,3.0585,3.0625,3.0585,3.0615,3.0635,3.0675,3.0635,3.0665,19
2026-02-11 16:00:00,3.061,3.062,3.0575,3.0615,3.066,3.067,3.0625,3.0665,42
2026-02-11 16:01:00,3.0625,3.0705,3.0615,3.0675,3.0675,3.0755,3.0665,3.0725,38
2026-02-11 16:02:00,3.0665,3.0675,3.063,3.0665,3.0715,3.0725,3.068,3.0715,27
2026-02-11 16:03:00,3.066,3.069,3.0655,3.0685,3.071,3.074,3.0705,3.0735,25
2026-02-11 16:04:00,3.069,3.0775,3.069,3.0745,3.074,3.0825,3.074,3.0795,49
2026-02-11 16:05:00,3.0735,3.0745,3.0695,3.0715,3.0785,3.0795,3.0745,3.0765,34
2026-02-11 16:06:00,3.072,3.0725,3.0675,3.0725,3.077,3.0775,3.0725,3.0775,31
2026-02-11 16:07:00,3.0715,3.0785,3.0705,3.078,3.0765,3.0835,3.0755,3.083,37
2026-02-11 16:08:00,3.0775,3.0835,3.076,3.0805,3.0825,3.0885,3.081,3.0855,37
2026-02-11 16:09:00,3.0815,3.0855,3.0815,3.0825,3.0865,3.0905,3.0865,3.0875,34
2026-02-11 16:10:00,3.0815,3.084,3.0815,3.083,3.0865,3.089,3.0865,3.088,12
2026-02-11 16:11:00,3.0835,3.0865,3.0815,3.0855,3.0885,3.0915,3.0865,3.0905,31
2026-02-11 16:12:00,3.085,3.0955,3.0835,3.0955,3.09,3.1005,3.0885,3.1005,58
2026-02-11 16:13:00,3.0945,3.101,3.0945,3.098,3.0995,3.106,3.0995,3.103,67
2026-02-11 16:14:00,3.0975,3.0975,3.085,3.0855,3.1025,3.1025,3.09,3.0905,54
2026-02-11 16:15:00,3.085,3.091,3.08,3.0875,3.09,3.096,3.085,3.0925,56
2026-02-11 16:16:00,3.088,3.0895,3.086,3.089,3.093,3.0945,3.091,3.094,27
2026-02-11 16:17:00,3.09,3.092,3.0865,3.0885,3.095,3.097,3.0915,3.0935,24
2026-02-11 16:18:00,3.088,3.0895,3.0875,3.088,3.093,3.0945,3.0925,3.093,18
2026-02-11 16:19:00,3.0875,3.0875,3.0845,3.0855,3.0925,3.0925,3.0895,3.0905,29
2026-02-11 16:20:00,3.086,3.0865,3.082,3.0855,3.091,3.0915,3.087,3.0905,22
2026-02-11 16:21:00,3.085,3.0935,3.0845,3.0935,3.09,3.0985,3.0895,3.0985,46
2026-02-11 16:22:00,3.0945,3.0945,3.0925,3.0945,3.0995,3.0995,3.0975,3.0995,20
2026-02-11 16:23:00,3.096,3.0985,3.096,3.0965,3.101,3.1035,3.101,3.1015,25
2026-02-11 16:24:00,3.096,3.096,3.0905,3.092,3.101,3.101,3.0955,3.097,23
2026-02-11 16:25:00,3.0915,3.0955,3.0915,3.0935,3.0965,3.1005,3.0965,3.0985,28
2026-02-11 16:26:00,3.093,3.093,3.092,3.0925,3.098,3.098,3.097,3.0975,6
2026-02-11 16:27:00,3.092,3.092,3.089,3.091,3.097,3.097,3.094,3.096,20
2026-02-11 16:28:00,3.0905,3.092,3.0895,3.0895,3.0955,3.097,3.0945,3.0945,16
2026-02-11 16:29:00,3.089,3.09,3.0865,3.0895,3.094,3.095,3.0915,3.0945,31
2026-02-11 16:30:00,3.09,3.0905,3.084,3.0865,3.095,3.0955,3.089,3.0915,31
2026-02-11 16:31:00,3.087,3.0965,3.087,3.0955,3.092,3.1015,3.092,3.1005,31
2026-02-11 16:32:00,3.095,3.1025,3.0935,3.1025,3.1,3.1075,3.0985,3.1075,33
2026-02-11 16:33:00,3.103,3.114,3.1005,3.1055,3.108,3.119,3.1055,3.1105,78
2026-02-11 16:34:00,3.105,3.107,3.1015,3.1065,3.11,3.112,3.1065,3.1115,57
2026-02-11 16:35:00,3.106,3.1065,3.1005,3.103,3.111,3.1115,3.1055,3.108,31
2026-02-11 16:36:00,3.1035,3.1035,3.0945,3.0975,3.1085,3.1085,3.0995,3.1025,49
2026-02-11 16:37:00,3.097,3.0985,3.092,3.097,3.102,3.1035,3.097,3.102,36
2026-02-11 16:38:00,3.0965,3.0965,3.0815,3.0835,3.1015,3.1015,3.0865,3.0885,73
2026-02-11 16:39:00,3.084,3.085,3.081,3.0825,3.089,3.09,3.086,3.0875,35
2026-02-11 16:40:00,3.0835,3.091,3.0835,3.087,3.0885,3.096,3.0885,3.092,38
2026-02-11 16:41:00,3.0875,3.0895,3.086,3.087,3.0925,3.0945,3.091,3.092,26
2026-02-11 16:42:00,3.0865,3.0875,3.082,3.086,3.0915,3.0925,3.087,3.091,22
2026-02-11 16:43:00,3.0865,3.0865,3.0755,3.0755,3.0915,3.0915,3.0805,3.0805,48
2026-02-11 16:44:00,3.0765,3.0795,3.0735,3.0795,3.0815,3.0845,3.0785,3.0845,41
2026-02-11 16:45:00,3.079,3.081,3.079,3.0805,3.084,3.086,3.084,3.0855,12
2026-02-11 16:46:00,3.081,3.0825,3.0795,3.0815,3.086,3.0875,3.0845,3.0865,21
2026-02-11 16:47:00,3.0825,3.0855,3.0815,3.085,3.0875,3.0905,3.0865,3.09,24
2026-02-11 16:48:00,3.0855,3.0915,3.0855,3.0885,3.0905,3.0965,3.0905,3.0935,44
2026-02-11 16:49:00,3.0895,3.0905,3.0845,3.087,3.0945,3.0955,3.0895,3.092,30
2026-02-11 16:50:00,3.0865,3.088,3.0845,3.085,3.0915,3.093,3.0895,3.09,16
2026-02-11 16:51:00,3.085,3.0905,3.085,3.0875,3.09,3.0955,3.09,3.0925,27
2026-02-11 16:52:00,3.087,3.0885,3.0845,3.0865,3.092,3.0935,3.0895,3.0915,19
2026-02-11 16:53:00,3.086,3.0935,3.0845,3.093,3.091,3.0985,3.0895,3.098,42
2026-02-11 16:54:00,3.0935,3.0985,3.0905,3.0915,3.0985,3.1035,3.0955,3.0965,46
2026-02-11 16:55:00,3.0905,3.0935,3.0895,3.0925,3.0955,3.0985,3.0945,3.0975,39
2026-02-11 16:56:00,3.092,3.0925,3.0875,3.0885,3.097,3.0975,3.0925,3.0935,38
2026-02-11 16:57:00,3.089,3.0945,3.0885,3.0935,3.094,3.0995,3.0935,3.0985,25
2026-02-11 16:58:00,3.093,3.0965,3.091,3.0965,3.098,3.1015,3.096,3.1015,30
2026-02-11 16:59:00,3.096,3.096,3.0905,3.092,3.101,3.101,3.0955,3.097,27
2026-02-11 17:00:00,3.091,3.0915,3.0845,3.0875,3.096,3.0965,3.0895,3.0925,34
2026-02-11 17:01:00,3.0885,3.0965,3.0885,3.0955,3.0935,3.1015,3.0935,3.1005,25
2026-02-11 17:02:00,3.0945,3.0995,3.094,3.097,3.0995,3.1045,3.099,3.102,39
2026-02-11 17:03:00,3.0965,3.1,3.094,3.0985,3.1015,3.105,3.099,3.1035,25
2026-02-11 17:04:00,3.098,3.0985,3.0945,3.0965,3.103,3.1035,3.0995,3.1015,34
2026-02-11 17:05:00,3.0955,3.098,3.095,3.0955,3.1005,3.103,3.1,3.1005,29
2026-02-11 17:06:00,3.0945,3.0955,3.0905,3.0935,3.0995,3.1005,3.0955,3.0985,38
2026-02-11 17:07:00,3.0945,3.0955,3.091,3.0915,3.0995,3.1005,3.096,3.0965,20
2026-02-11 17:08:00,3.091,3.0915,3.0865,3.0885,3.096,3.0965,3.0915,3.0935,37
2026-02-11 17:09:00,3.0895,3.0895,3.0875,3.089,3.0945,3.0945,3.0925,3.094,20
2026-02-11 17:10:00,3.0885,3.0905,3.0865,3.0875,3.0935,3.0955,3.0915,3.0925,18
2026-02-11 17:11:00,3.0865,3.0905,3.0805,3.0855,3.0915,3.0955,3.0855,3.0905,63
2026-02-11 17:12:00,3.086,3.0965,3.086,3.0925,3.091,3.1015,3.091,3.0975,42
2026-02-11 17:13:00,3.0935,3.0955,3.0915,3.0935,3.0985,3.1005,3.0965,3.0985,26
2026-02-11 17:14:00,3.094,3.103,3.0915,3.1025,3.099,3.108,3.0965,3.1075,35
2026-02-11 17:15:00,3.102,3.1085,3.101,3.1085,3.107,3.1135,3.106,3.1135,61
2026-02-11 17:16:00,3.1095,3.1095,3.1045,3.1095,3.1145,3.1145,3.1095,3.1145,46
2026-02-11 17:17:00,3.109,3.1105,3.1025,3.1045,3.114,3.1155,3.1075,3.1095,41
2026-02-11 17:18:00,3.104,3.1055,3.1015,3.102,3.109,3.1105,3.1065,3.107,31
2026-02-11 17:19:00,3.1025,3.107,3.1015,3.1055,3.1075,3.112,3.1065,3.1105,24
2026-02-11 17:20:00,3.105,3.105,3.1005,3.101,3.11,3.11,3.1055,3.106,21
2026-02-11 17:21:00,3.1015,3.1045,3.101,3.1025,3.1065,3.1095,3.106,3.1075,20
2026-02-11 17:22:00,3.103,3.1055,3.102,3.1045,3.108,3.1105,3.107,3.1095,36
2026-02-11 17:23:00,3.104,3.105,3.103,3.105,3.109,3.11,3.108,3.11,15
2026-02-11 17:24:00,3.1055,3.1095,3.1055,3.1085,3.1105,3.1145,3.1105,3.1135,33
2026-02-11 17:25:00,3.1075,3.1115,3.1055,3.1055,3.1125,3.1165,3.1105,3.1105,31
2026-02-11 17:26:00,3.106,3.1095,3.1035,3.104,3.111,3.1145,3.1085,3.109,24
2026-02-11 17:27:00,3.1035,3.1035,3.0935,3.0955,3.1085,3.1085,3.0985,3.1005,44
2026-02-11 17:28:00,3.0965,3.0975,3.0905,3.0915,3.1015,3.1025,3.0955,3.0965,22
2026-02-11 17:29:00,3.092,3.0925,3.0905,3.092,3.097,3.0975,3.0955,3.097,24
2026-02-11 17:30:00,3.0925,3.106,3.0925,3.105,3.0975,3.111,3.0975,3.11,47
2026-02-11 17:31:00,3.106,3.1095,3.1045,3.1065,3.111,3.1145,3.1095,3.1115,55
2026-02-11 17:32:00,3.107,3.1105,3.1065,3.1105,3.112,3.1155,3.1115,3.1155,31
2026-02-11 17:33:00,3.1095,3.1175,3.1095,3.1145,3.1145,3.1225,3.1145,3.1195,53
2026-02-11 17:34:00,3.1155,3.1215,3.1145,3.1185,3.1205,3.1265,3.1195,3.1235,57
2026-02-11 17:35:00,3.119,3.1205,3.1145,3.115,3.124,3.1255,3.1195,3.12,72
2026-02-11 17:36:00,3.1155,3.1155,3.1105,3.113,3.1205,3.1205,3.1155,3.118,33
2026-02-11 17:37:00,3.1125,3.1145,3.1105,3.1135,3.1175,3.1195,3.1155,3.1185,21
2026-02-11 17:38:00,3.1145,3.116,3.1125,3.1135,3.1195,3.121,3.1175,3.1185,22
2026-02-11 17:39:00,3.113,3.1185,3.1095,3.117,3.118,3.1235,3.1145,3.122,54
2026-02-11 17:40:00,3.1175,3.1245,3.1175,3.1185,3.1225,3.1295,3.1225,3.1235,38
2026-02-11 17:41:00,3.1175,3.1175,3.1135,3.1145,3.1225,3.1225,3.1185,3.1195,27
2026-02-11 17:42:00,3.1135,3.1145,3.1115,3.1145,3.1185,3.1195,3.1165,3.1195,35
2026-02-11 17:43:00,3.1155,3.1155,3.1105,3.1125,3.1205,3.1205,3.1155,3.1175,24
2026-02-11 17:44:00,3.112,3.1145,3.1105,3.111,3.117,3.1195,3.1155,3.116,24
2026-02-11 17:45:00,3.1115,3.1175,3.1105,3.1175,3.1165,3.1225,3.1155,3.1225,42
2026-02-11 17:46:00,3.1165,3.1185,3.1155,3.1175,3.1215,3.1235,3.1205,3.1225,17
2026-02-11 17:47:00,3.1185,3.1205,3.1165,3.1175,3.1235,3.1255,3.1215,3.1225,30
2026-02-11 17:48:00,3.1185,3.1225,3.1185,3.1215,3.1235,3.1275,3.1235,3.1265,19
2026-02-11 17:49:00,3.1205,3.121,3.1195,3.1195,3.1255,3.126,3.1245,3.1245,23
2026-02-11 17:50:00,3.1205,3.121,3.1175,3.1185,3.1255,3.126,3.1225,3.1235,39
2026-02-11 17:51:00,3.119,3.1235,3.1185,3.1205,3.124,3.1285,3.1235,3.1255,24
2026-02-11 17:52:00,3.12,3.1265,3.12,3.1235,3.125,3.1315,3.125,3.1285,31
2026-02-11 17:53:00,3.124,3.124,3.1225,3.1225,3.129,3.129,3.1275,3.1275,5
2026-02-11 17:54:00,3.1215,3.1285,3.1215,3.1245,3.1265,3.1335,3.1265,3.1295,22
2026-02-11 17:55:00,3.1255,3.127,3.1215,3.1255,3.1305,3.132,3.1265,3.1305,26
2026-02-11 17:56:00,3.126,3.1265,3.1215,3.1235,3.131,3.1315,3.1265,3.1285,23
2026-02-11 17:57:00,3.124,3.124,3.1215,3.1215,3.129,3.129,3.1265,3.1265,28
2026-02-11 17:58:00,3.1205,3.1205,3.1185,3.1185,3.1255,3.1255,3.1235,3.1235,18
2026-02-11 17:59:00,3.118,3.1205,3.1145,3.1205,3.123,3.1255,3.1195,3.1255,24
2026-02-11 18:00:00,3.1195,3.1285,3.1195,3.1265,3.1245,3.1335,3.1245,3.1315,49
2026-02-11 18:01:00,3.126,3.135,3.1215,3.1335,3.131,3.14,3.1265,3.1385,45
2026-02-11 18:02:00,3.133,3.1335,3.129,3.1325,3.138,3.1385,3.134,3.1375,30
2026-02-11 18:03:00,3.1335,3.1335,3.12,3.1215,3.1385,3.1385,3.125,3.1265,47
2026-02-11 18:04:00,3.1225,3.124,3.1215,3.1235,3.1275,3.129,3.1265,3.1285,29
2026-02-11 18:05:00,3.1225,3.129,3.1225,3.1275,3.1275,3.134,3.1275,3.1325,24
2026-02-11 18:06:00,3.127,3.129,3.1245,3.125,3.132,3.134,3.1295,3.13,25
2026-02-11 18:07:00,3.1255,3.1275,3.1255,3.1275,3.1305,3.1325,3.1305,3.1325,8
2026-02-11 18:08:00,3.128,3.1315,3.1275,3.1315,3.133,3.1365,3.1325,3.1365,29
2026-02-11 18:09:00,3.132,3.1335,3.1315,3.1325,3.137,3.1385,3.1365,3.1375,23
2026-02-11 18:10:00,3.1335,3.134,3.1285,3.1315,3.1385,3.139,3.1335,3.1365,31
2026-02-11 18:11:00,3.1305,3.132,3.1285,3.1295,3.1355,3.137,3.1335,3.1345,19
2026-02-11 18:12:00,3.129,3.1295,3.1255,3.128,3.134,3.1345,3.1305,3.133,39
2026-02-11 18:13:00,3.1285,3.1305,3.1255,3.1285,3.1335,3.1355,3.1305,3.1335,21
2026-02-11 18:14:00,3.128,3.1305,3.127,3.1295,3.133,3.1355,3.132,3.1345,17
2026-02-11 18:15:00,3.1305,3.131,3.1265,3.1265,3.1355,3.136,3.1315,3.1315,26
2026-02-11 18:16:00,3.127,3.1285,3.1255,3.127,3.132,3.1335,3.1305,3.132,48
2026-02-11 18:17:00,3.1275,3.1295,3.1265,3.1275,3.1325,3.1345,3.1315,3.1325,28
2026-02-11 18:18:00,3.128,3.128,3.122,3.1245,3.133,3.133,3.127,3.1295,26
2026-02-11 18:19:00,3.124,3.127,3.1225,3.1265,3.129,3.132,3.1275,3.1315,34
2026-02-11 18:20:00,3.127,3.1355,3.1265,3.1335,3.132,3.1405,3.1315,3.1385,40
2026-02-11 18:21:00,3.133,3.133,3.1265,3.1265,3.138,3.138,3.1315,3.1315,48
2026-02-11 18:22:00,3.127,3.128,3.1195,3.1205,3.132,3.133,3.1245,3.1255,45
2026-02-11 18:23:00,3.1195,3.122,3.1175,3.1195,3.1245,3.127,3.1225,3.1245,50
2026-02-11 18:24:00,3.119,3.1285,3.1185,3.1285,3.124,3.1335,3.1235,3.1335,49
2026-02-11 18:25:00,3.129,3.129,3.1235,3.124,3.134,3.134,3.1285,3.129,30
2026-02-11 18:26:00,3.1245,3.1285,3.1235,3.1275,3.1295,3.1335,3.1285,3.1325,29
2026-02-11 18:27:00,3.128,3.1285,3.1195,3.1215,3.133,3.1335,3.1245,3.1265,42
2026-02-11 18:28:00,3.1225,3.1225,3.1065,3.108,3.1275,3.1275,3.1115,3.113,72
2026-02-11 18:29:00,3.1085,3.1105,3.1015,3.1035,3.1135,3.1155,3.1065,3.1085,55
2026-02-11 18:30:00,3.1045,3.1135,3.1045,3.113,3.1095,3.1185,3.1095,3.118,44
2026-02-11 18:31:00,3.1125,3.1185,3.1125,3.1175,3.1175,3.1235,3.1175,3.1225,56
2026-02-11 18:32:00,3.118,3.118,3.1115,3.1135,3.123,3.123,3.1165,3.1185,30
2026-02-11 18:33:00,3.114,3.1155,3.1125,3.1155,3.119,3.1205,3.1175,3.1205,19
2026-02-11 18:34:00,3.115,3.1155,3.113,3.114,3.12,3.1205,3.118,3.119,16
2026-02-11 18:35:00,3.1145,3.116,3.11,3.1125,3.1195,3.121,3.115,3.1175,22
2026-02-11 18:36:00,3.112,3.1145,3.1115,3.1145,3.117,3.1195,3.1165,3.1195,21
2026-02-11 18:37:00,3.1135,3.1135,3.1065,3.1095,3.1185,3.1185,3.1115,3.1145,24
2026-02-11 18:38:00,3.11,3.112,3.1085,3.11,3.115,3.117,3.1135,3.115,17
2026-02-11 18:39:00,3.1105,3.113,3.1105,3.1115,3.1155,3.118,3.1155,3.1165,28
2026-02-11 18:40:00,3.111,3.1115,3.103,3.1035,3.116,3.1165,3.108,3.1085,18
2026-02-11 18:41:00,3.1045,3.1065,3.1005,3.1015,3.1095,3.1115,3.1055,3.1065,33
2026-02-11 18:42:00,3.1025,3.1075,3.1015,3.1065,3.1075,3.1125,3.1065,3.1115,25
2026-02-11 18:43:00,3.107,3.1085,3.1065,3.1075,3.112,3.1135,3.1115,3.1125,23
2026-02-11 18:44:00,3.107,3.1125,3.103,3.106,3.112,3.1175,3.108,3.111,39
2026-02-11 18:45:00,3.1055,3.106,3.0995,3.1015,3.1105,3.111,3.1045,3.1065,41
2026-02-11 18:46:00,3.101,3.1015,3.0915,3.0935,3.106,3.1065,3.0965,3.0985,60
2026-02-11 18:47:00,3.0945,3.0965,3.0905,3.091,3.0995,3.1015,3.0955,3.096,42
2026-02-11 18:48:00,3.0915,3.0955,3.0895,3.0915,3.0965,3.1005,3.0945,3.0965,39
2026-02-11 18:49:00,3.092,3.0945,3.0905,3.0925,3.097,3.0995,3.0955,3.0975,35
2026-02-11 18:50:00,3.091,3.0975,3.0905,3.095,3.096,3.1025,3.0955,3.1,43
2026-02-11 18:51:00,3.0955,3.1065,3.0955,3.106,3.1005,3.1115,3.1005,3.111,51
2026-02-11 18:52:00,3.1065,3.1115,3.1055,3.1095,3.1115,3.1165,3.1105,3.1145,28
2026-02-11 18:53:00,3.1085,3.109,3.1025,3.1055,3.1135,3.114,3.1075,3.1105,35
2026-02-11 18:54:00,3.107,3.1075,3.104,3.106,3.112,3.1125,3.109,3.111,25
2026-02-11 18:55:00,3.1065,3.1085,3.1045,3.1045,3.1115,3.1135,3.1095,3.1095,26
2026-02-11 18:56:00,3.105,3.1075,3.1025,3.1065,3.11,3.1125,3.1075,3.1115,30
2026-02-11 18:57:00,3.1055,3.1075,3.1015,3.102,3.1105,3.1125,3.1065,3.107,24
2026-02-11 18:58:00,3.1015,3.1035,3.1015,3.1015,3.1065,3.1085,3.1065,3.1065,15
2026-02-11 18:59:00,3.102,3.1025,3.0995,3.1015,3.107,3.1075,3.1045,3.1065,20
2026-02-11 19:00:00,3.1025,3.1045,3.1015,3.1045,3.1075,3.1095,3.1065,3.1095,24
2026-02-11 19:01:00,3.105,3.1055,3.1015,3.1035,3.11,3.1105,3.1065,3.1085,23
2026-02-11 19:02:00,3.1045,3.1045,3.1015,3.1025,3.1095,3.1095,3.1065,3.1075,15
2026-02-11 19:03:00,3.1015,3.1025,3.1,3.1,3.1065,3.1075,3.105,3.105,17
2026-02-11 19:04:00,3.0995,3.1,3.0875,3.0885,3.1045,3.105,3.0925,3.0935,37
2026-02-11 19:05:00,3.089,3.0905,3.0855,3.0905,3.094,3.0955,3.0905,3.0955,39
2026-02-11 19:06:00,3.0915,3.0985,3.0895,3.0985,3.0965,3.1035,3.0945,3.1035,25
2026-02-11 19:07:00,3.0995,3.0995,3.095,3.0965,3.1045,3.1045,3.1,3.1015,34
2026-02-11 19:08:00,3.097,3.0985,3.0955,3.0965,3.102,3.1035,3.1005,3.1015,21
2026-02-11 19:09:00,3.0975,3.1035,3.0965,3.1025,3.1025,3.1085,3.1015,3.1075,23
2026-02-11 19:10:00,3.102,3.1045,3.1005,3.1045,3.107,3.1095,3.1055,3.1095,33
2026-02-11 19:11:00,3.104,3.109,3.1035,3.109,3.109,3.114,3.1085,3.114,21
2026-02-11 19:12:00,3.1095,3.1095,3.103,3.1065,3.1145,3.1145,3.108,3.1115,37
2026-02-11 19:13:00,3.1055,3.114,3.1055,3.1125,3.1105,3.119,3.1105,3.1175,34
2026-02-11 19:14:00,3.113,3.1175,3.1125,3.117,3.118,3.1225,3.1175,3.122,23
2026-02-11 19:15:00,3.1175,3.1185,3.1115,3.113,3.1225,3.1235,3.1165,3.118,27
2026-02-11 19:16:00,3.1135,3.1155,3.1115,3.1135,3.1185,3.1205,3.1165,3.1185,45
2026-02-11 19:17:00,3.1145,3.1155,3.106,3.108,3.1195,3.1205,3.111,3.113,40
2026-02-11 19:18:00,3.1075,3.1235,3.1075,3.1185,3.1125,3.1285,3.1125,3.1235,59
2026-02-11 19:19:00,3.118,3.122,3.1165,3.1175,3.123,3.127,3.1215,3.1225,35
2026-02-11 19:20:00,3.117,3.1175,3.1125,3.1135,3.122,3.1225,3.1175,3.1185,33
2026-02-11 19:21:00,3.114,3.1165,3.1075,3.111,3.119,3.1215,3.1125,3.116,24
2026-02-11 19:22:00,3.1105,3.114,3.1095,3.114,3.1155,3.119,3.1145,3.119,18
2026-02-11 19:23:00,3.1125,3.116,3.1105,3.1115,3.1175,3.121,3.1155,3.1165,26
2026-02-11 19:24:00,3.112,3.1135,3.1105,3.1115,3.117,3.1185,3.1155,3.1165,20
2026-02-11 19:25:00,3.1125,3.1155,3.1105,3.1135,3.1175,3.1205,3.1155,3.1185,35
2026-02-11 19:26:00,3.113,3.1145,3.1095,3.11,3.118,3.1195,3.1145,3.115,18
2026-02-11 19:27:00,3.1095,3.1125,3.1065,3.1075,3.1145,3.1175,3.1115,3.1125,31
2026-02-11 19:28:00,3.108,3.1085,3.106,3.106,3.113,3.1135,3.111,3.111,17
2026-02-11 19:29:00,3.1055,3.1085,3.0985,3.1045,3.1105,3.1135,3.1035,3.1095,56
2026-02-11 19:30:00,3.1035,3.1095,3.1035,3.1085,3.1085,3.1145,3.1085,3.1135,30
2026-02-11 19:31:00,3.108,3.108,3.1055,3.107,3.113,3.113,3.1105,3.112,33
2026-02-11 19:32:00,3.108,3.109,3.1035,3.1035,3.113,3.114,3.1085,3.1085,32
2026-02-11 19:33:00,3.103,3.1065,3.101,3.1015,3.108,3.1115,3.106,3.1065,32
2026-02-11 19:34:00,3.1005,3.101,3.0935,3.098,3.1055,3.106,3.0985,3.103,60
2026-02-11 19:35:00,3.0975,3.101,3.0975,3.0975,3.1025,3.106,3.1025,3.1025,34
2026-02-11 19:36:00,3.098,3.1005,3.096,3.0965,3.103,3.1055,3.101,3.1015,23
2026-02-11 19:37:00,3.096,3.0995,3.0955,3.0985,3.101,3.1045,3.1005,3.1035,34
2026-02-11 19:38:00,3.099,3.0995,3.0965,3.0975,3.104,3.1045,3.1015,3.1025,21
2026-02-11 19:39:00,3.098,3.0995,3.095,3.0955,3.103,3.1045,3.1,3.1005,21
2026-02-11 19:40:00,3.095,3.095,3.0885,3.0895,3.1,3.1,3.0935,3.0945,44
2026-02-11 19:41:00,3.089,3.091,3.086,3.087,3.094,3.096,3.091,3.092,36
2026-02-11 19:42:00,3.0875,3.0905,3.0855,3.0905,3.0925,3.0955,3.0905,3.0955,34
2026-02-11 19:43:00,3.09,3.0915,3.089,3.0895,3.095,3.0965,3.094,3.0945,13
2026-02-11 19:44:00,3.0885,3.0905,3.0885,3.0895,3.0935,3.0955,3.0935,3.0945,9
2026-02-11 19:45:00,3.0905,3.0925,3.0895,3.0915,3.0955,3.0975,3.0945,3.0965,17
2026-02-11 19:46:00,3.091,3.0925,3.0895,3.0925,3.096,3.0975,3.0945,3.0975,19
2026-02-11 19:47:00,3.093,3.0935,3.087,3.0885,3.098,3.0985,3.092,3.0935,21
2026-02-11 19:48:00,3.0875,3.0965,3.0875,3.0945,3.0925,3.1015,3.0925,3.0995,34
2026-02-11 19:49:00,3.095,3.0955,3.094,3.0945,3.1,3.1005,3.099,3.0995,13
2026-02-11 19:50:00,3.094,3.094,3.0905,3.0905,3.099,3.099,3.0955,3.0955,15
2026-02-11 19:51:00,3.091,3.0975,3.0895,3.093,3.096,3.1025,3.0945,3.098,49
2026-02-11 19:52:00,3.0925,3.0985,3.0925,3.0955,3.0975,3.1035,3.0975,3.1005,36
2026-02-11 19:53:00,3.095,3.0955,3.0895,3.092,3.1,3.1005,3.0945,3.097,22
2026-02-11 19:54:00,3.0925,3.0935,3.089,3.0915,3.0975,3.0985,3.094,3.0965,25
2026-02-11 19:55:00,3.091,3.092,3.0885,3.0905,3.096,3.097,3.0935,3.0955,20
2026-02-11 19:56:00,3.0895,3.0905,3.0875,3.0895,3.0945,3.0955,3.0925,3.0945,25
2026-02-11 19:57:00,3.09,3.0915,3.089,3.0905,3.095,3.0965,3.094,3.0955,20
2026-02-11 19:58:00,3.0895,3.0895,3.0875,3.0885,3.0945,3.0945,3.0925,3.0935,12
2026-02-11 19:59:00,3.0895,3.0915,3.0885,3.0915,3.0945,3.0965,3.0935,3.0965,22
2026-02-11 20:00:00,3.091,3.093,3.0895,3.092,3.096,3.098,3.0945,3.097,51
2026-02-11 20:01:00,3.0925,3.0995,3.092,3.0975,3.0975,3.1045,3.097,3.1025,40
2026-02-11 20:02:00,3.098,3.0995,3.0945,3.0985,3.103,3.1045,3.0995,3.1035,40
2026-02-11 20:03:00,3.0995,3.0995,3.098,3.0995,3.1045,3.1045,3.103,3.1045,17
2026-02-11 20:04:00,3.0985,3.1035,3.0985,3.1005,3.1035,3.1085,3.1035,3.1055,32
2026-02-11 20:05:00,3.101,3.1105,3.101,3.1035,3.106,3.1155,3.106,3.1085,42
2026-02-11 20:06:00,3.104,3.1045,3.0975,3.1025,3.109,3.1095,3.1025,3.1075,63
2026-02-11 20:07:00,3.102,3.1035,3.0945,3.0985,3.107,3.1085,3.0995,3.1035,47
2026-02-11 20:08:00,3.098,3.104,3.0955,3.097,3.103,3.109,3.1005,3.102,47
2026-02-11 20:09:00,3.0965,3.1015,3.096,3.1015,3.1015,3.1065,3.101,3.1065,33
2026-02-11 20:10:00,3.101,3.1085,3.1005,3.1075,3.106,3.1135,3.1055,3.1125,42
2026-02-11 20:11:00,3.107,3.1115,3.1045,3.1075,3.112,3.1165,3.1095,3.1125,40
2026-02-11 20:12:00,3.107,3.1075,3.1045,3.1065,3.112,3.1125,3.1095,3.1115,27
2026-02-11 20:13:00,3.106,3.1085,3.1045,3.105,3.111,3.1135,3.1095,3.11,34
2026-02-11 20:14:00,3.1055,3.106,3.0985,3.1005,3.1105,3.111,3.1035,3.1055,63
2026-02-11 20:15:00,3.101,3.1035,3.0985,3.1005,3.106,3.1085,3.1035,3.1055,36
2026-02-11 20:16:00,3.1,3.1005,3.0995,3.1005,3.105,3.1055,3.1045,3.1055,16
2026-02-11 20:17:00,3.1,3.1005,3.0945,3.0965,3.105,3.1055,3.0995,3.1015,36
2026-02-11 20:18:00,3.0975,3.0985,3.0965,3.0985,3.1025,3.1035,3.1015,3.1035,21
2026-02-11 20:19:00,3.0995,3.1025,3.0985,3.1025,3.1045,3.1075,3.1035,3.1075,36
2026-02-11 20:20:00,3.102,3.1055,3.1,3.1005,3.107,3.1105,3.105,3.1055,51
2026-02-11 20:21:00,3.1,3.1,3.0945,3.0965,3.105,3.105,3.0995,3.1015,20
2026-02-11 20:22:00,3.097,3.0995,3.0955,3.0975,3.102,3.1045,3.1005,3.1025,18
2026-02-11 20:23:00,3.098,3.1005,3.0965,3.0995,3.103,3.1055,3.1015,3.1045,27
2026-02-11 20:24:00,3.099,3.1085,3.0985,3.1075,3.104,3.1135,3.1035,3.1125,54
2026-02-11 20:25:00,3.1065,3.1085,3.0985,3.1005,3.1115,3.1135,3.1035,3.1055,74
2026-02-11 20:26:00,3.0995,3.1015,3.0985,3.1005,3.1045,3.1065,3.1035,3.1055,53
2026-02-11 20:27:00,3.1,3.1,3.0925,3.0935,3.105,3.105,3.0975,3.0985,49
2026-02-11 20:28:00,3.093,3.097,3.0885,3.0925,3.098,3.102,3.0935,3.0975,129
2026-02-11 20:29:00,3.0915,3.0945,3.0915,3.0945,3.0965,3.0995,3.0965,3.0995,26
2026-02-11 20:30:00,3.093,3.1075,3.0915,3.1075,3.098,3.1125,3.0965,3.1125,72
2026-02-11 20:31:00,3.108,3.1145,3.106,3.1125,3.113,3.1195,3.111,3.1175,59
2026-02-11 20:32:00,3.112,3.1125,3.108,3.1115,3.117,3.1175,3.113,3.1165,46
2026-02-11 20:33:00,3.111,3.1125,3.1105,3.111,3.116,3.1175,3.1155,3.116,24
2026-02-11 20:34:00,3.1105,3.1135,3.1105,3.113,3.1155,3.1185,3.1155,3.118,16
2026-02-11 20:35:00,3.1125,3.1145,3.1125,3.1135,3.1175,3.1195,3.1175,3.1185,15
2026-02-11 20:36:00,3.114,3.1165,3.113,3.114,3.119,3.1215,3.118,3.119,19
2026-02-11 20:37:00,3.1135,3.1155,3.113,3.1155,3.1185,3.1205,3.118,3.1205,8
2026-02-11 20:38:00,3.115,3.115,3.1095,3.1095,3.12,3.12,3.1145,3.1145,24
2026-02-11 20:39:00,3.109,3.11,3.1075,3.11,3.114,3.115,3.1125,3.115,9
2026-02-11 20:40:00,3.1105,3.1105,3.1085,3.109,3.1155,3.1155,3.1135,3.114,9
2026-02-11 20:41:00,3.1095,3.1095,3.109,3.1095,3.1145,3.1145,3.114,3.1145,3
2026-02-11 20:42:00,3.11,3.1105,3.109,3.1105,3.115,3.1155,3.114,3.1155,8
2026-02-11 20:43:00,3.111,3.1125,3.1095,3.111,3.116,3.1175,3.1145,3.116,12
2026-02-11 20:44:00,3.1115,3.1185,3.1115,3.1165,3.1165,3.1235,3.1165,3.1215,27
2026-02-11 20:45:00,3.1175,3.1185,3.1155,3.1155,3.1225,3.1235,3.1205,3.1205,17
2026-02-11 20:46:00,3.115,3.1165,3.1135,3.1155,3.12,3.1215,3.1185,3.1205,21
2026-02-11 20:47:00,3.1165,3.1165,3.1145,3.1155,3.1215,3.1215,3.1195,3.1205,10
2026-02-11 20:48:00,3.115,3.1165,3.115,3.115,3.12,3.1215,3.12,3.12,14
2026-02-11 20:49:00,3.1145,3.1155,3.1125,3.1155,3.1195,3.1205,3.1175,3.1205,16
2026-02-11 20:50:00,3.116,3.1165,3.1155,3.116,3.121,3.1215,3.1205,3.121,8
2026-02-11 20:51:00,3.1165,3.1175,3.114,3.1155,3.1215,3.1225,3.119,3.1205,18
2026-02-11 20:52:00,3.115,3.1175,3.1145,3.116,3.12,3.1225,3.1195,3.121,15
2026-02-11 20:53:00,3.1155,3.1175,3.115,3.115,3.1205,3.1225,3.12,3.12,11
2026-02-11 20:54:00,3.1145,3.1145,3.1135,3.1145,3.1195,3.1195,3.1185,3.1195,7
2026-02-11 20:55:00,3.113,3.1135,3.113,3.1135,3.118,3.1185,3.118,3.1185,2
2026-02-11 20:56:00,3.114,3.1165,3.114,3.114,3.119,3.1215,3.119,3.119,11
2026-02-11 20:57:00,3.1135,3.1135,3.1115,3.1125,3.1185,3.1185,3.1165,3.1175,11
2026-02-11 20:58:00,3.1135,3.1155,3.1125,3.1155,3.1185,3.1205,3.1175,3.1205,9
2026-02-11 20:59:00,3.1145,3.1155,3.1135,3.1155,3.1195,3.1205,3.1185,3.1205,7
2026-02-11 21:00:00,3.115,3.115,3.113,3.1145,3.12,3.12,3.118,3.1195,10
2026-02-11 21:01:00,3.1155,3.1165,3.1145,3.1155,3.1205,3.1215,3.1195,3.1205,13
2026-02-11 21:02:00,3.116,3.1165,3.1155,3.116,3.121,3.1215,3.1205,3.121,12
2026-02-11 21:03:00,3.1155,3.1155,3.1125,3.1135,3.1205,3.1205,3.1175,3.1185,9
2026-02-11 21:04:00,3.113,3.113,3.1125,3.1125,3.118,3.118,3.1175,3.1175,2
2026-02-11 21:05:00,3.1115,3.1115,3.1095,3.1095,3.1165,3.1165,3.1145,3.1145,8
2026-02-11 21:06:00,3.109,3.1095,3.1065,3.1095,3.114,3.1145,3.1115,3.1145,16
2026-02-11 21:07:00,3.1105,3.1105,3.1085,3.1095,3.1155,3.1155,3.1135,3.1145,4
2026-02-11 21:08:00,3.109,3.109,3.1085,3.1085,3.114,3.114,3.1135,3.1135,2
2026-02-11 21:09:00,3.1095,3.1105,3.109,3.11,3.1145,3.1155,3.114,3.115,8
2026-02-11 21:10:00,3.1095,3.1105,3.1095,3.1105,3.1145,3.1155,3.1145,3.1155,2
2026-02-11 21:11:00,3.1115,3.1115,3.1105,3.1115,3.1165,3.1165,3.1155,3.1165,4
2026-02-11 21:12:00,3.1125,3.1125,3.1115,3.1115,3.1175,3.1175,3.1165,3.1165,2
2026-02-11 21:14:00,3.1125,3.1135,3.1115,3.1125,3.1175,3.1185,3.1165,3.1175,15
2026-02-11 21:15:00,3.1135,3.1145,3.1115,3.1125,3.1185,3.1195,3.1165,3.1175,7
2026-02-11 21:16:00,3.1115,3.1135,3.1115,3.1125,3.1165,3.1185,3.1165,3.1175,10
2026-02-11 21:17:00,3.112,3.112,3.1115,3.1115,3.117,3.117,3.1165,3.1165,2
2026-02-11 21:18:00,3.112,3.1145,3.112,3.1135,3.117,3.1195,3.117,3.1185,9
2026-02-11 21:19:00,3.114,3.1145,3.1135,3.114,3.119,3.1195,3.1185,3.119,4
2026-02-11 21:20:00,3.1145,3.1145,3.1135,3.1135,3.1195,3.1195,3.1185,3.1185,3
2026-02-11 21:21:00,3.1145,3.1145,3.1135,3.1145,3.1195,3.1195,3.1185,3.1195,12
2026-02-11 21:22:00,3.114,3.1155,3.114,3.1155,3.119,3.1205,3.119,3.1205,3
2026-02-11 21:23:00,3.116,3.116,3.1145,3.1145,3.121,3.121,3.1195,3.1195,8
2026-02-11 21:24:00,3.1135,3.114,3.1115,3.1125,3.1185,3.119,3.1165,3.1175,8
2026-02-11 21:25:00,3.113,3.1135,3.1115,3.1125,3.118,3.1185,3.1165,3.1175,10
2026-02-11 21:26:00,3.113,3.1135,3.113,3.1135,3.118,3.1185,3.118,3.1185,4
2026-02-11 21:27:00,3.114,3.1145,3.1125,3.1125,3.119,3.1195,3.1175,3.1175,11
2026-02-11 21:28:00,3.1135,3.115,3.1125,3.1145,3.1185,3.12,3.1175,3.1195,7
2026-02-11 21:29:00,3.1155,3.1205,3.1145,3.1205,3.1205,3.1255,3.1195,3.1255,19
2026-02-11 21:30:00,3.12,3.1215,3.12,3.1215,3.125,3.1265,3.125,3.1265,8
2026-02-11 21:31:00,3.122,3.122,3.1195,3.1205,3.127,3.127,3.1245,3.1255,7
2026-02-11 21:32:00,3.12,3.12,3.118,3.119,3.125,3.125,3.123,3.124,6
2026-02-11 21:33:00,3.1195,3.1205,3.1195,3.1205,3.1245,3.1255,3.1245,3.1255,5
2026-02-11 21:34:00,3.1195,3.1235,3.1195,3.1225,3.1245,3.1285,3.1245,3.1275,22
2026-02-11 21:35:00,3.1215,3.1225,3.1215,3.1215,3.1265,3.1275,3.1265,3.1265,4
2026-02-11 21:36:00,3.1205,3.1235,3.1205,3.1215,3.1255,3.1285,3.1255,3.1265,13
2026-02-11 21:37:00,3.1205,3.1215,3.1205,3.1215,3.1255,3.1265,3.1255,3.1265,6
2026-02-11 21:38:00,3.121,3.1255,3.121,3.1245,3.126,3.1305,3.126,3.1295,14
2026-02-11 21:39:00,3.1235,3.1235,3.1205,3.121,3.1285,3.1285,3.1255,3.126,11
2026-02-11 21:40:00,3.1215,3.122,3.1215,3.1215,3.1265,3.127,3.1265,3.1265,5
2026-02-11 21:41:00,3.121,3.1215,3.1205,3.121,3.126,3.1265,3.1255,3.126,9
2026-02-11 21:43:00,3.1205,3.1215,3.1175,3.1185,3.1255,3.1265,3.1225,3.1235,13
2026-02-11 21:45:00,3.1175,3.1205,3.1175,3.1205,3.1225,3.1255,3.1225,3.1255,8
2026-02-11 21:46:00,3.1215,3.122,3.1205,3.1215,3.1265,3.127,3.1255,3.1265,5
2026-02-11 21:48:00,3.122,3.122,3.1205,3.1205,3.127,3.127,3.1255,3.1255,3
2026-02-11 21:49:00,3.12,3.12,3.1155,3.1185,3.125,3.125,3.1205,3.1235,12
2026-02-11 21:50:00,3.118,3.1205,3.118,3.119,3.123,3.1255,3.123,3.124,9
2026-02-11 21:51:00,3.1185,3.1185,3.1175,3.1185,3.1235,3.1235,3.1225,3.1235,6
2026-02-11 21:52:00,3.118,3.1185,3.1175,3.1185,3.123,3.1235,3.1225,3.1235,9
2026-02-11 21:53:00,3.118,3.1185,3.1175,3.1175,3.123,3.1235,3.1225,3.1225,3
2026-02-11 21:54:00,3.117,3.1175,3.1165,3.117,3.122,3.1225,3.1215,3.122,10
2026-02-11 21:55:00,3.1175,3.1175,3.1145,3.1145,3.1225,3.1225,3.1195,3.1195,7
2026-02-11 21:56:00,3.115,3.1155,3.1135,3.114,3.12,3.1205,3.1185,3.119,13
2026-02-11 21:57:00,3.1145,3.1155,3.1145,3.1155,3.1195,3.1205,3.1195,3.1205,8
2026-02-11 21:58:00,3.116,3.118,3.1145,3.1175,3.121,3.123,3.1195,3.1225,13
2026-02-11 21:59:00,3.118,3.119,3.1165,3.1165,3.123,3.124,3.1215,3.1215,20
2026-02-11 22:00:00,3.117,3.119,3.1165,3.1185,3.122,3.124,3.1215,3.1235,11
2026-02-11 22:01:00,3.118,3.118,3.117,3.117,3.123,3.123,3.122,3.122,7
2026-02-11 22:02:00,3.1165,3.1185,3.1165,3.118,3.1215,3.1235,3.1215,3.123,6
2026-02-11 22:03:00,3.1175,3.1185,3.1155,3.1155,3.1225,3.1235,3.1205,3.1205,7
2026-02-11 22:04:00,3.116,3.1165,3.116,3.1165,3.121,3.1215,3.121,3.1215,2
2026-02-11 22:05:00,3.117,3.118,3.117,3.1175,3.122,3.123,3.122,3.1225,6
2026-02-11 22:06:00,3.118,3.118,3.1175,3.1175,3.123,3.123,3.1225,3.1225,2
2026-02-11 22:07:00,3.118,3.1185,3.1175,3.118,3.123,3.1235,3.1225,3.123,10
2026-02-11 22:08:00,3.1185,3.1225,3.1185,3.1225,3.1235,3.1275,3.1235,3.1275,6
2026-02-11 22:09:00,3.123,3.1235,3.1215,3.123,3.128,3.1285,3.1265,3.128,13
2026-02-11 22:10:00,3.1225,3.132,3.1225,3.132,3.1275,3.137,3.1275,3.137,27
2026-02-11 22:11:00,3.1315,3.1335,3.1295,3.133,3.1365,3.1385,3.1345,3.138,15
2026-02-11 22:12:00,3.1325,3.1325,3.1305,3.1325,3.1375,3.1375,3.1355,3.1375,29
2026-02-11 22:13:00,3.1315,3.135,3.1315,3.1315,3.1365,3.14,3.1365,3.1365,20
2026-02-11 22:14:00,3.131,3.131,3.129,3.1295,3.136,3.136,3.134,3.1345,15
2026-02-11 22:15:00,3.1305,3.1305,3.129,3.1305,3.1355,3.1355,3.134,3.1355,5
2026-02-11 22:16:00,3.1315,3.1315,3.131,3.1315,3.1365,3.1365,3.136,3.1365,3
2026-02-11 22:17:00,3.132,3.132,3.1305,3.1315,3.137,3.137,3.1355,3.1365,5
2026-02-11 22:18:00,3.131,3.1335,3.131,3.133,3.136,3.1385,3.136,3.138,6
2026-02-11 22:19:00,3.1325,3.133,3.1315,3.1315,3.1375,3.138,3.1365,3.1365,4
2026-02-11 22:20:00,3.1325,3.1325,3.1325,3.1325,3.1375,3.1375,3.1375,3.1375,1
2026-02-11 22:21:00,3.1335,3.1335,3.1325,3.1325,3.1385,3.1385,3.1375,3.1375,3
2026-02-11 22:22:00,3.132,3.137,3.1315,3.137,3.137,3.142,3.1365,3.142,15
2026-02-11 22:23:00,3.136,3.1365,3.135,3.136,3.141,3.1415,3.14,3.141,19
2026-02-11 22:24:00,3.1355,3.1365,3.1355,3.1355,3.1405,3.1415,3.1405,3.1405,7
2026-02-11 22:25:00,3.136,3.1385,3.1355,3.1365,3.141,3.1435,3.1405,3.1415,12
2026-02-11 22:26:00,3.137,3.137,3.1345,3.1345,3.142,3.142,3.1395,3.1395,4
2026-02-11 22:27:00,3.1335,3.1345,3.1325,3.1345,3.1385,3.1395,3.1375,3.1395,14
2026-02-11 22:28:00,3.135,3.1375,3.135,3.1375,3.14,3.1425,3.14,3.1425,8
2026-02-11 22:29:00,3.1365,3.137,3.1355,3.1365,3.1415,3.142,3.1405,3.1415,14
2026-02-11 22:30:00,3.137,3.137,3.136,3.136,3.142,3.142,3.141,3.141,3
2026-02-11 22:31:00,3.1365,3.1445,3.1355,3.1435,3.1415,3.1495,3.1405,3.1485,18
2026-02-11 22:32:00,3.1425,3.1425,3.1425,3.1425,3.1475,3.1475,3.1475,3.1475,1
2026-02-11 22:33:00,3.1455,3.1465,3.1435,3.1455,3.1505,3.1515,3.1485,3.1505,11
2026-02-11 22:34:00,3.1445,3.1445,3.1425,3.143,3.1495,3.1495,3.1475,3.148,4
2026-02-11 22:35:00,3.1435,3.149,3.1435,3.148,3.1485,3.154,3.1485,3.153,10
2026-02-11 22:36:00,3.1475,3.1565,3.1475,3.1565,3.1525,3.1615,3.1525,3.1615,19
2026-02-11 22:37:00,3.157,3.159,3.155,3.1565,3.162,3.164,3.16,3.1615,18
2026-02-11 22:38:00,3.156,3.156,3.1535,3.1535,3.161,3.161,3.1585,3.1585,6
2026-02-11 22:39:00,3.154,3.1555,3.153,3.1555,3.159,3.1605,3.158,3.1605,7
2026-02-11 22:40:00,3.156,3.157,3.1555,3.157,3.161,3.162,3.1605,3.162,22
2026-02-11 22:41:00,3.1575,3.1595,3.157,3.1575,3.1625,3.1645,3.162,3.1625,20
2026-02-11 22:42:00,3.158,3.161,3.157,3.161,3.163,3.166,3.162,3.166,19
2026-02-11 22:43:00,3.1605,3.162,3.159,3.1615,3.1655,3.167,3.164,3.1665,25
2026-02-11 22:44:00,3.162,3.166,3.1615,3.165,3.167,3.171,3.1665,3.17,16
2026-02-11 22:45:00,3.1645,3.1685,3.1615,3.1675,3.1695,3.1735,3.1665,3.1725,27
2026-02-11 22:46:00,3.168,3.1695,3.1675,3.1685,3.173,3.1745,3.1725,3.1735,14
2026-02-11 22:47:00,3.1695,3.1725,3.1695,3.1715,3.1745,3.1775,3.1745,3.1765,19
2026-02-11 22:48:00,3.172,3.172,3.17,3.1705,3.177,3.177,3.175,3.1755,13
2026-02-11 22:49:00,3.1715,3.1715,3.1695,3.1705,3.1765,3.1765,3.1745,3.1755,15
2026-02-11 22:50:00,3.1695,3.175,3.1655,3.1735,3.1745,3.18,3.1705,3.1785,39
2026-02-11 22:51:00,3.174,3.174,3.1695,3.1725,3.179,3.179,3.1745,3.1775,31
2026-02-11 22:52:00,3.172,3.1725,3.1695,3.1715,3.177,3.1775,3.1745,3.1765,16
2026-02-11 22:53:00,3.1725,3.1785,3.172,3.1775,3.1775,3.1835,3.177,3.1825,31
2026-02-11 22:54:00,3.1765,3.1815,3.1765,3.1795,3.1815,3.1865,3.1815,3.1845,32
2026-02-11 22:55:00,3.18,3.18,3.1725,3.1755,3.185,3.185,3.1775,3.1805,25
2026-02-11 22:56:00,3.1745,3.1745,3.172,3.174,3.1795,3.1795,3.177,3.179,19
2026-02-11 22:57:00,3.172,3.1735,3.1665,3.1675,3.177,3.1785,3.1715,3.1725,29
2026-02-11 22:58:00,3.167,3.1695,3.1655,3.1665,3.172,3.1745,3.1705,3.1715,23
2026-02-11 22:59:00,3.1655,3.1698,3.1655,3.1693,3.1705,3.1748,3.1705,3.1743,40
2026-02-12 00:00:00,3.1623,3.1703,3.1578,3.1628,3.1673,3.1753,3.1628,3.1678,31
2026-02-12 00:01:00,3.1618,3.1633,3.1553,3.1633,3.1668,3.1683,3.1603,3.1683,19
2026-02-12 00:02:00,3.1638,3.1638,3.1593,3.1598,3.1688,3.1688,3.1643,3.1648,9
2026-02-12 00:03:00,3.1578,3.1578,3.1563,3.1568,3.1628,3.1628,3.1613,3.1618,5
2026-02-12 00:04:00,3.1573,3.1578,3.1558,3.1573,3.1623,3.1628,3.1608,3.1623,4
2026-02-12 00:05:00,3.1568,3.1568,3.1538,3.1538,3.1618,3.1618,3.1588,3.1588,4
2026-02-12 00:06:00,3.1533,3.1533,3.1528,3.1528,3.1583,3.1583,3.1578,3.1578,2
2026-02-12 00:07:00,3.1518,3.1518,3.1518,3.1518,3.1568,3.1568,3.1568,3.1568,1
2026-02-12 00:08:00,3.1508,3.1513,3.1478,3.1498,3.1558,3.1563,3.1528,3.1548,10
2026-02-12 00:09:00,3.1493,3.1528,3.1493,3.1528,3.1543,3.1578,3.1543,3.1578,4
2026-02-12 00:11:00,3.1538,3.1538,3.1518,3.1518,3.1588,3.1588,3.1568,3.1568,3
2026-02-12 00:12:00,3.1523,3.1543,3.1523,3.1543,3.1573,3.1593,3.1573,3.1593,2
2026-02-12 00:15:00,3.1533,3.1548,3.1518,3.1518,3.1583,3.1598,3.1568,3.1568,4
2026-02-12 00:16:00,3.1513,3.1513,3.1503,3.1503,3.1563,3.1563,3.1553,3.1553,2
2026-02-12 00:17:00,3.1508,3.1508,3.1483,3.1488,3.1558,3.1558,3.1533,3.1538,4
2026-02-12 00:18:00,3.1493,3.1493,3.1483,3.1483,3.1543,3.1543,3.1533,3.1533,3
2026-02-12 00:19:00,3.1498,3.1498,3.1493,3.1493,3.1548,3.1548,3.1543,3.1543,2
2026-02-12 00:22:00,3.1498,3.1498,3.1473,3.1473,3.1548,3.1548,3.1523,3.1523,3
2026-02-12 00:23:00,3.1468,3.1468,3.1468,3.1468,3.1518,3.1518,3.1518,3.1518,1
2026-02-12 00:24:00,3.1488,3.1493,3.1488,3.1493,3.1538,3.1543,3.1538,3.1543,2
2026-02-12 00:25:00,3.1488,3.1493,3.1463,3.1463,3.1538,3.1543,3.1513,3.1513,5
2026-02-12 00:28:00,3.1468,3.1468,3.1453,3.1453,3.1518,3.1518,3.1503,3.1503,4
2026-02-12 00:29:00,3.1458,3.1458,3.1458,3.1458,3.1508,3.1508,3.1508,3.1508,1
2026-02-12 00:30:00,3.1453,3.1453,3.1418,3.1418,3.1503,3.1503,3.1468,3.1468,6
2026-02-12 00:31:00,3.1433,3.1433,3.1423,3.1423,3.1483,3.1483,3.1473,3.1473,3
2026-02-12 00:32:00,3.1418,3.1418,3.1418,3.1418,3.1468,3.1468,3.1468,3.1468,1
2026-02-12 00:33:00,3.1428,3.1428,3.1428,3.1428,3.1478,3.1478,3.1478,3.1478,1
2026-02-12 00:35:00,3.1433,3.1433,3.1423,3.1428,3.1483,3.1483,3.1473,3.1478,3
2026-02-12 00:36:00,3.1438,3.1448,3.1433,3.1443,3.1488,3.1498,3.1483,3.1493,6
2026-02-12 00:39:00,3.1448,3.1483,3.1448,3.1483,3.1498,3.1533,3.1498,3.1533,4
2026-02-12 00:40:00,3.1473,3.1473,3.1458,3.1473,3.1523,3.1523,3.1508,3.1523,4
2026-02-12 00:42:00,3.1468,3.1468,3.1463,3.1463,3.1518,3.1518,3.1513,3.1513,2
2026-02-12 00:43:00,3.1458,3.1458,3.1453,3.1453,3.1508,3.1508,3.1503,3.1503,2
2026-02-12 00:44:00,3.1458,3.1458,3.1458,3.1458,3.1508,3.1508,3.1508,3.1508,1
2026-02-12 00:45:00,3.1463,3.1463,3.1463,3.1463,3.1513,3.1513,3.1513,3.1513,1
2026-02-12 00:46:00,3.1458,3.1458,3.1458,3.1458,3.1508,3.1508,3.1508,3.1508,1
2026-02-12 00:48:00,3.1463,3.1463,3.1463,3.1463,3.1513,3.1513,3.1513,3.1513,1
2026-02-12 00:50:00,3.1478,3.1478,3.1478,3.1478,3.1528,3.1528,3.1528,3.1528,1
2026-02-12 00:51:00,3.1488,3.1488,3.1488,3.1488,3.1538,3.1538,3.1538,3.1538,1
2026-02-12 00:52:00,3.1498,3.1498,3.1488,3.1498,3.1548,3.1548,3.1538,3.1548,4
2026-02-12 00:54:00,3.1493,3.1498,3.1493,3.1493,3.1543,3.1548,3.1543,3.1543,3
2026-02-12 00:55:00,3.1498,3.1498,3.1498,3.1498,3.1548,3.1548,3.1548,3.1548,1
2026-02-12 00:56:00,3.1493,3.1498,3.1488,3.1493,3.1543,3.1548,3.1538,3.1543,4
2026-02-12 00:58:00,3.1498,3.1498,3.1493,3.1493,3.1548,3.1548,3.1543,3.1543,2
2026-02-12 00:59:00,3.1483,3.1483,3.1483,3.1483,3.1533,3.1533,3.1533,3.1533,1
2026-02-12 01:00:00,3.1473,3.1478,3.1453,3.1453,3.1523,3.1528,3.1503,3.1503,5
2026-02-12 01:01:00,3.1448,3.1453,3.1413,3.1428,3.1498,3.1503,3.1463,3.1478,8
2026-02-12 01:02:00,3.1443,3.1453,3.1433,3.1453,3.1493,3.1503,3.1483,3.1503,6
2026-02-12 01:03:00,3.1443,3.1443,3.1438,3.1443,3.1493,3.1493,3.1488,3.1493,3
2026-02-12 01:04:00,3.1438,3.1438,3.1438,3.1438,3.1488,3.1488,3.1488,3.1488,1
2026-02-12 01:05:00,3.1443,3.1453,3.1443,3.1448,3.1493,3.1503,3.1493,3.1498,4
2026-02-12 01:08:00,3.1443,3.1443,3.1438,3.1438,3.1493,3.1493,3.1488,3.1488,2
2026-02-12 01:09:00,3.1433,3.1453,3.1433,3.1453,3.1483,3.1503,3.1483,3.1503,4
2026-02-12 01:11:00,3.1448,3.1458,3.1448,3.1448,3.1498,3.1508,3.1498,3.1498,3
2026-02-12 01:12:00,3.1453,3.1458,3.1448,3.1448,3.1503,3.1508,3.1498,3.1498,3
2026-02-12 01:13:00,3.1443,3.1443,3.1438,3.1438,3.1493,3.1493,3.1488,3.1488,2
2026-02-12 01:14:00,3.1443,3.1443,3.1443,3.1443,3.1493,3.1493,3.1493,3.1493,1
2026-02-12 01:15:00,3.1433,3.1433,3.1433,3.1433,3.1483,3.1483,3.1483,3.1483,1
2026-02-12 01:16:00,3.1438,3.1443,3.1438,3.1438,3.1488,3.1493,3.1488,3.1488,3
2026-02-12 01:17:00,3.1433,3.1438,3.1413,3.1413,3.1483,3.1488,3.1463,3.1463,6
2026-02-12 01:19:00,3.1403,3.1403,3.1403,3.1403,3.1453,3.1453,3.1453,3.1453,1
2026-02-12 01:20:00,3.1408,3.1423,3.1353,3.1353,3.1458,3.1473,3.1403,3.1403,13
2026-02-12 01:21:00,3.1348,3.1368,3.1348,3.1368,3.1398,3.1418,3.1398,3.1418,3
2026-02-12 01:22:00,3.1373,3.1383,3.1353,3.1383,3.1423,3.1433,3.1403,3.1433,8
2026-02-12 01:23:00,3.1373,3.1378,3.1373,3.1378,3.1423,3.1428,3.1423,3.1428,2
2026-02-12 01:24:00,3.1383,3.1388,3.1373,3.1373,3.1433,3.1438,3.1423,3.1423,8
2026-02-12 01:25:00,3.1378,3.1393,3.1368,3.1373,3.1428,3.1443,3.1418,3.1423,13
2026-02-12 01:26:00,3.1383,3.1383,3.1378,3.1383,3.1433,3.1433,3.1428,3.1433,3
2026-02-12 01:27:00,3.1388,3.1403,3.1388,3.1393,3.1438,3.1453,3.1438,3.1443,6
2026-02-12 01:30:00,3.1388,3.1398,3.1388,3.1398,3.1438,3.1448,3.1438,3.1448,2
2026-02-12 01:31:00,3.1403,3.1403,3.1393,3.1393,3.1453,3.1453,3.1443,3.1443,7
2026-02-12 01:32:00,3.1398,3.1403,3.1398,3.1403,3.1448,3.1453,3.1448,3.1453,2
2026-02-12 01:33:00,3.1398,3.1403,3.1398,3.1403,3.1448,3.1453,3.1448,3.1453,6
2026-02-12 01:34:00,3.1413,3.1413,3.1413,3.1413,3.1463,3.1463,3.1463,3.1463,1
2026-02-12 01:39:00,3.1408,3.1408,3.1408,3.1408,3.1458,3.1458,3.1458,3.1458,1
2026-02-12 01:40:00,3.1393,3.1463,3.1393,3.1453,3.1443,3.1513,3.1443,3.1503,10
2026-02-12 01:41:00,3.1448,3.1478,3.1438,3.1438,3.1498,3.1528,3.1488,3.1488,9
2026-02-12 01:42:00,3.1433,3.1433,3.1413,3.1413,3.1483,3.1483,3.1463,3.1463,6
2026-02-12 01:43:00,3.1403,3.1413,3.1403,3.1413,3.1453,3.1463,3.1453,3.1463,2
2026-02-12 01:44:00,3.1428,3.1438,3.1428,3.1433,3.1478,3.1488,3.1478,3.1483,3
2026-02-12 01:47:00,3.1438,3.1443,3.1433,3.1443,3.1488,3.1493,3.1483,3.1493,3
2026-02-12 01:48:00,3.1453,3.1453,3.1453,3.1453,3.1503,3.1503,3.1503,3.1503,1
2026-02-12 01:49:00,3.1458,3.1483,3.1453,3.1483,3.1508,3.1533,3.1503,3.1533,9
2026-02-12 01:50:00,3.1478,3.1503,3.1478,3.1503,3.1528,3.1553,3.1528,3.1553,9
2026-02-12 01:52:00,3.1488,3.1498,3.1463,3.1498,3.1538,3.1548,3.1513,3.1548,5
2026-02-12 01:53:00,3.1503,3.1508,3.1478,3.1508,3.1553,3.1558,3.1528,3.1558,8
2026-02-12 01:54:00,3.1523,3.1538,3.1523,3.1533,3.1573,3.1588,3.1573,3.1583,9
2026-02-12 01:55:00,3.1558,3.1588,3.1558,3.1568,3.1608,3.1638,3.1608,3.1618,13
2026-02-12 01:56:00,3.1573,3.1588,3.1563,3.1563,3.1623,3.1638,3.1613,3.1613,8
2026-02-12 01:57:00,3.1568,3.1568,3.1548,3.1548,3.1618,3.1618,3.1598,3.1598,8
2026-02-12 01:58:00,3.1553,3.1563,3.1553,3.1563,3.1603,3.1613,3.1603,3.1613,5
2026-02-12 01:59:00,3.1568,3.1623,3.1568,3.1618,3.1618,3.1673,3.1618,3.1668,10
2026-02-12 02:00:00,3.1613,3.1623,3.1583,3.1618,3.1663,3.1673,3.1633,3.1668,11
2026-02-12 02:01:00,3.1623,3.1683,3.1623,3.1643,3.1673,3.1733,3.1673,3.1693,19
2026-02-12 02:02:00,3.1648,3.1653,3.1638,3.1638,3.1698,3.1703,3.1688,3.1688,4
2026-02-12 02:03:00,3.1643,3.1658,3.1638,3.1653,3.1693,3.1708,3.1688,3.1703,8
2026-02-12 02:04:00,3.1638,3.1663,3.1633,3.1663,3.1688,3.1713,3.1683,3.1713,5
2026-02-12 02:06:00,3.1658,3.1658,3.1628,3.1628,3.1708,3.1708,3.1678,3.1678,5
2026-02-12 02:07:00,3.1623,3.1628,3.1618,3.1618,3.1673,3.1678,3.1668,3.1668,4
2026-02-12 02:08:00,3.1608,3.1643,3.1608,3.1638,3.1658,3.1693,3.1658,3.1688,11
2026-02-12 02:09:00,3.1628,3.1638,3.1603,3.1603,3.1678,3.1688,3.1653,3.1653,5
2026-02-12 02:10:00,3.1593,3.1603,3.1593,3.1603,3.1643,3.1653,3.1643,3.1653,2
2026-02-12 02:11:00,3.1618,3.1618,3.1613,3.1613,3.1668,3.1668,3.1663,3.1663,2
2026-02-12 02:12:00,3.1623,3.1623,3.1618,3.1623,3.1673,3.1673,3.1668,3.1673,3
2026-02-12 02:13:00,3.1618,3.1618,3.1618,3.1618,3.1668,3.1668,3.1668,3.1668,1
2026-02-12 02:14:00,3.1623,3.1623,3.1618,3.1618,3.1673,3.1673,3.1668,3.1668,4
2026-02-12 02:15:00,3.1613,3.1618,3.1613,3.1618,3.1663,3.1668,3.1663,3.1668,2
2026-02-12 02:16:00,3.1613,3.1613,3.1593,3.1593,3.1663,3.1663,3.1643,3.1643,2
2026-02-12 02:17:00,3.1588,3.1598,3.1578,3.1598,3.1638,3.1648,3.1628,3.1648,4
2026-02-12 02:18:00,3.1603,3.1628,3.1578,3.1623,3.1653,3.1678,3.1628,3.1673,9
2026-02-12 02:19:00,3.1618,3.1618,3.1613,3.1613,3.1668,3.1668,3.1663,3.1663,2
2026-02-12 02:20:00,3.1598,3.1618,3.1598,3.1613,3.1648,3.1668,3.1648,3.1663,4
2026-02-12 02:24:00,3.1603,3.1608,3.1528,3.1548,3.1653,3.1658,3.1578,3.1598,21
2026-02-12 02:25:00,3.1543,3.1548,3.1538,3.1548,3.1593,3.1598,3.1588,3.1598,4
2026-02-12 02:26:00,3.1533,3.1533,3.1528,3.1528,3.1583,3.1583,3.1578,3.1578,2
2026-02-12 02:27:00,3.1523,3.1558,3.1523,3.1533,3.1573,3.1608,3.1573,3.1583,7
2026-02-12 02:28:00,3.1543,3.1578,3.1543,3.1578,3.1593,3.1628,3.1593,3.1628,7
2026-02-12 02:29:00,3.1573,3.1573,3.1568,3.1573,3.1623,3.1623,3.1618,3.1623,3
2026-02-12 02:30:00,3.1578,3.1583,3.1558,3.1573,3.1628,3.1633,3.1608,3.1623,8
2026-02-12 02:31:00,3.1568,3.1598,3.1558,3.1568,3.1618,3.1648,3.1608,3.1618,12
2026-02-12 02:32:00,3.1578,3.1578,3.1573,3.1578,3.1628,3.1628,3.1623,3.1628,9
2026-02-12 02:33:00,3.1573,3.1578,3.1573,3.1578,3.1623,3.1628,3.1623,3.1628,2
2026-02-12 02:34:00,3.1573,3.1573,3.1563,3.1563,3.1623,3.1623,3.1613,3.1613,2
2026-02-12 02:35:00,3.1553,3.1563,3.1553,3.1563,3.1603,3.1613,3.1603,3.1613,2
2026-02-12 02:36:00,3.1568,3.1568,3.1568,3.1568,3.1618,3.1618,3.1618,3.1618,1
2026-02-12 02:37:00,3.1583,3.1688,3.1583,3.1678,3.1633,3.1738,3.1633,3.1728,22
2026-02-12 02:38:00,3.1668,3.1698,3.1608,3.1683,3.1718,3.1748,3.1658,3.1733,19
2026-02-12 02:39:00,3.1673,3.1673,3.1658,3.1658,3.1723,3.1723,3.1708,3.1708,3
2026-02-12 02:40:00,3.1653,3.1653,3.1638,3.1638,3.1703,3.1703,3.1688,3.1688,6
2026-02-12 02:41:00,3.1643,3.1643,3.1643,3.1643,3.1693,3.1693,3.1693,3.1693,1
2026-02-12 02:42:00,3.1653,3.1653,3.1653,3.1653,3.1703,3.1703,3.1703,3.1703,1
2026-02-12 02:43:00,3.1648,3.1683,3.1648,3.1653,3.1698,3.1733,3.1698,3.1703,7
2026-02-12 02:44:00,3.1648,3.1648,3.1643,3.1643,3.1698,3.1698,3.1693,3.1693,4
2026-02-12 02:45:00,3.1638,3.1643,3.1638,3.1643,3.1688,3.1693,3.1688,3.1693,2
2026-02-12 02:46:00,3.1633,3.1638,3.1623,3.1623,3.1683,3.1688,3.1673,3.1673,5
2026-02-12 02:47:00,3.1618,3.1623,3.1583,3.1593,3.1668,3.1673,3.1633,3.1643,14
2026-02-12 02:48:00,3.1588,3.1588,3.1583,3.1583,3.1638,3.1638,3.1633,3.1633,2
2026-02-12 02:49:00,3.1588,3.1618,3.1588,3.1613,3.1638,3.1668,3.1638,3.1663,4
2026-02-12 02:51:00,3.1603,3.1603,3.1593,3.1593,3.1653,3.1653,3.1643,3.1643,2
2026-02-12 02:52:00,3.1598,3.1598,3.1598,3.1598,3.1648,3.1648,3.1648,3.1648,1
2026-02-12 02:53:00,3.1593,3.1593,3.1593,3.1593,3.1643,3.1643,3.1643,3.1643,1
2026-02-12 02:54:00,3.1588,3.1593,3.1583,3.1583,3.1638,3.1643,3.1633,3.1633,4
2026-02-12 02:55:00,3.1578,3.1608,3.1568,3.1578,3.1628,3.1658,3.1618,3.1628,11
2026-02-12 02:56:00,3.1583,3.1583,3.1568,3.1568,3.1633,3.1633,3.1618,3.1618,5
2026-02-12 02:57:00,3.1573,3.1573,3.1573,3.1573,3.1623,3.1623,3.1623,3.1623,1
2026-02-12 02:58:00,3.1578,3.1578,3.1578,3.1578,3.1628,3.1628,3.1628,3.1628,1
2026-02-12 02:59:00,3.1573,3.1578,3.1573,3.1578,3.1623,3.1628,3.1623,3.1628,2
2026-02-12 03:00:00,3.1583,3.1588,3.1503,3.1513,3.1633,3.1638,3.1553,3.1563,20
2026-02-12 03:02:00,3.1518,3.1533,3.1503,3.1508,3.1568,3.1583,3.1553,3.1558,6
2026-02-12 03:03:00,3.1513,3.1548,3.1513,3.1548,3.1563,3.1598,3.1563,3.1598,4
2026-02-12 03:04:00,3.1553,3.1558,3.1553,3.1558,3.1603,3.1608,3.1603,3.1608,2
2026-02-12 03:05:00,3.1553,3.1558,3.1553,3.1558,3.1603,3.1608,3.1603,3.1608,2
2026-02-12 03:06:00,3.1553,3.1573,3.1543,3.1563,3.1603,3.1623,3.1593,3.1613,9
2026-02-12 03:07:00,3.1578,3.1578,3.1563,3.1573,3.1628,3.1628,3.1613,3.1623,3
2026-02-12 03:08:00,3.1568,3.1568,3.1568,3.1568,3.1618,3.1618,3.1618,3.1618,1
2026-02-12 03:09:00,3.1563,3.1563,3.1553,3.1553,3.1613,3.1613,3.1603,3.1603,2
2026-02-12 03:10:00,3.1558,3.1558,3.1558,3.1558,3.1608,3.1608,3.1608,3.1608,1
2026-02-12 03:11:00,3.1568,3.1568,3.1568,3.1568,3.1618,3.1618,3.1618,3.1618,1
2026-02-12 03:13:00,3.1558,3.1578,3.1558,3.1578,3.1608,3.1628,3.1608,3.1628,4
2026-02-12 03:14:00,3.1588,3.1588,3.1568,3.1578,3.1638,3.1638,3.1618,3.1628,6
2026-02-12 03:15:00,3.1573,3.1573,3.1573,3.1573,3.1623,3.1623,3.1623,3.1623,1
2026-02-12 03:16:00,3.1568,3.1568,3.1568,3.1568,3.1618,3.1618,3.1618,3.1618,1
2026-02-12 03:18:00,3.1573,3.1578,3.1573,3.1573,3.1623,3.1628,3.1623,3.1623,3
2026-02-12 03:19:00,3.1568,3.1568,3.1568,3.1568,3.1618,3.1618,3.1618,3.1618,1
2026-02-12 03:20:00,3.1563,3.1563,3.1563,3.1563,3.1613,3.1613,3.1613,3.1613,1
2026-02-12 03:22:00,3.1553,3.1558,3.1543,3.1543,3.1603,3.1608,3.1593,3.1593,3
2026-02-12 03:23:00,3.1548,3.1558,3.1543,3.1558,3.1598,3.1608,3.1593,3.1608,6
2026-02-12 03:24:00,3.1568,3.1573,3.1558,3.1573,3.1618,3.1623,3.1608,3.1623,6
2026-02-12 03:25:00,3.1568,3.1568,3.1568,3.1568,3.1618,3.1618,3.1618,3.1618,1
2026-02-12 03:26:00,3.1573,3.1578,3.1573,3.1578,3.1623,3.1628,3.1623,3.1628,2
2026-02-12 03:27:00,3.1583,3.1608,3.1578,3.1603,3.1633,3.1658,3.1628,3.1653,13
2026-02-12 03:28:00,3.1608,3.1648,3.1608,3.1643,3.1658,3.1698,3.1658,3.1693,18
2026-02-12 03:29:00,3.1648,3.1648,3.1648,3.1648,3.1698,3.1698,3.1698,3.1698,1
2026-02-12 03:30:00,3.1653,3.1653,3.1653,3.1653,3.1703,3.1703,3.1703,3.1703,1
2026-02-12 03:31:00,3.1648,3.1663,3.1643,3.1663,3.1698,3.1713,3.1693,3.1713,6
2026-02-12 03:32:00,3.1633,3.1663,3.1633,3.1663,3.1683,3.1713,3.1683,3.1713,6
2026-02-12 03:33:00,3.1658,3.1663,3.1643,3.1648,3.1708,3.1713,3.1693,3.1698,7
2026-02-12 03:34:00,3.1658,3.1658,3.1658,3.1658,3.1708,3.1708,3.1708,3.1708,1
2026-02-12 03:35:00,3.1653,3.1653,3.1648,3.1653,3.1703,3.1703,3.1698,3.1703,3
2026-02-12 03:36:00,3.1648,3.1698,3.1648,3.1683,3.1698,3.1748,3.1698,3.1733,8
2026-02-12 03:38:00,3.1678,3.1678,3.1663,3.1663,3.1728,3.1728,3.1713,3.1713,3
2026-02-12 03:39:00,3.1658,3.1673,3.1653,3.1668,3.1708,3.1723,3.1703,3.1718,6
2026-02-12 03:40:00,3.1673,3.1673,3.1673,3.1673,3.1723,3.1723,3.1723,3.1723,1
2026-02-12 03:42:00,3.1663,3.1663,3.1658,3.1663,3.1713,3.1713,3.1708,3.1713,3
2026-02-12 03:43:00,3.1658,3.1658,3.1628,3.1628,3.1708,3.1708,3.1678,3.1678,7
2026-02-12 03:44:00,3.1608,3.1608,3.1588,3.1598,3.1658,3.1658,3.1638,3.1648,10
2026-02-12 03:45:00,3.1588,3.1628,3.1578,3.1628,3.1638,3.1678,3.1628,3.1678,12
2026-02-12 03:47:00,3.1623,3.1623,3.1623,3.1623,3.1673,3.1673,3.1673,3.1673,1
2026-02-12 03:48:00,3.1618,3.1618,3.1603,3.1603,3.1668,3.1668,3.1653,3.1653,2
2026-02-12 03:51:00,3.1608,3.1608,3.1608,3.1608,3.1658,3.1658,3.1658,3.1658,1
2026-02-12 03:52:00,3.1603,3.1603,3.1598,3.1603,3.1653,3.1653,3.1648,3.1653,3
2026-02-12 03:53:00,3.1608,3.1663,3.1608,3.1628,3.1658,3.1713,3.1658,3.1678,12
2026-02-12 03:54:00,3.1623,3.1673,3.1623,3.1648,3.1673,3.1723,3.1673,3.1698,10
2026-02-12 03:55:00,3.1638,3.1648,3.1638,3.1648,3.1688,3.1698,3.1688,3.1698,2
2026-02-12 03:56:00,3.1643,3.1648,3.1633,3.1648,3.1693,3.1698,3.1683,3.1698,4
2026-02-12 03:57:00,3.1643,3.1643,3.1643,3.1643,3.1693,3.1693,3.1693,3.1693,1
2026-02-12 03:58:00,3.1638,3.1638,3.1638,3.1638,3.1688,3.1688,3.1688,3.1688,1
2026-02-12 03:59:00,3.1653,3.1653,3.1653,3.1653,3.1703,3.1703,3.1703,3.1703,1
2026-02-12 04:00:00,3.1648,3.1668,3.1603,3.1613,3.1698,3.1718,3.1653,3.1663,12
2026-02-12 04:01:00,3.1603,3.1613,3.1598,3.1613,3.1653,3.1663,3.1648,3.1663,4
2026-02-12 04:03:00,3.1618,3.1623,3.1618,3.1618,3.1668,3.1673,3.1668,3.1668,3
2026-02-12 04:04:00,3.1613,3.1613,3.1598,3.1598,3.1663,3.1663,3.1648,3.1648,3
2026-02-12 04:05:00,3.1608,3.1608,3.1593,3.1608,3.1658,3.1658,3.1643,3.1658,6
2026-02-12 04:06:00,3.1603,3.1633,3.1603,3.1633,3.1653,3.1683,3.1653,3.1683,4
2026-02-12 04:07:00,3.1653,3.1663,3.1653,3.1653,3.1703,3.1713,3.1703,3.1703,4
2026-02-12 04:08:00,3.1663,3.1663,3.1653,3.1653,3.1713,3.1713,3.1703,3.1703,2
2026-02-12 04:09:00,3.1648,3.1648,3.1643,3.1643,3.1698,3.1698,3.1693,3.1693,2
2026-02-12 04:11:00,3.1623,3.1648,3.1623,3.1648,3.1673,3.1698,3.1673,3.1698,5
2026-02-12 04:12:00,3.1643,3.1648,3.1638,3.1638,3.1693,3.1698,3.1688,3.1688,3
2026-02-12 04:13:00,3.1653,3.1658,3.1653,3.1653,3.1703,3.1708,3.1703,3.1703,3
2026-02-12 04:15:00,3.1663,3.1693,3.1663,3.1673,3.1713,3.1743,3.1713,3.1723,8
2026-02-12 04:16:00,3.1663,3.1693,3.1658,3.1693,3.1713,3.1743,3.1708,3.1743,6
2026-02-12 04:17:00,3.1688,3.1703,3.1688,3.1703,3.1738,3.1753,3.1738,3.1753,7
2026-02-12 04:18:00,3.1698,3.1698,3.1638,3.1638,3.1748,3.1748,3.1688,3.1688,6
2026-02-12 04:19:00,3.1643,3.1643,3.1643,3.1643,3.1693,3.1693,3.1693,3.1693,1
2026-02-12 04:20:00,3.1648,3.1648,3.1648,3.1648,3.1698,3.1698,3.1698,3.1698,1
2026-02-12 04:21:00,3.1653,3.1668,3.1648,3.1668,3.1703,3.1718,3.1698,3.1718,8
2026-02-12 04:22:00,3.1663,3.1663,3.1663,3.1663,3.1713,3.1713,3.1713,3.1713,1
2026-02-12 04:24:00,3.1658,3.1673,3.1638,3.1653,3.1708,3.1723,3.1688,3.1703,9
2026-02-12 04:25:00,3.1648,3.1648,3.1613,3.1613,3.1698,3.1698,3.1663,3.1663,4
2026-02-12 04:28:00,3.1618,3.1688,3.1618,3.1688,3.1668,3.1738,3.1668,3.1738,19
2026-02-12 04:29:00,3.1668,3.1693,3.1668,3.1673,3.1718,3.1743,3.1718,3.1723,6
2026-02-12 04:30:00,3.1668,3.1668,3.1618,3.1628,3.1718,3.1718,3.1668,3.1678,15
2026-02-12 04:31:00,3.1633,3.1638,3.1598,3.1608,3.1683,3.1688,3.1648,3.1658,10
2026-02-12 04:32:00,3.1603,3.1603,3.1568,3.1568,3.1653,3.1653,3.1618,3.1618,7
2026-02-12 04:33:00,3.1573,3.1573,3.1563,3.1573,3.1623,3.1623,3.1613,3.1623,6
2026-02-12 04:34:00,3.1578,3.1578,3.1563,3.1563,3.1628,3.1628,3.1613,3.1613,3
2026-02-12 04:35:00,3.1583,3.1608,3.1563,3.1593,3.1633,3.1658,3.1613,3.1643,12
2026-02-12 04:36:00,3.1583,3.1613,3.1583,3.1613,3.1633,3.1663,3.1633,3.1663,8
2026-02-12 04:37:00,3.1618,3.1628,3.1618,3.1628,3.1668,3.1678,3.1668,3.1678,5
2026-02-12 04:39:00,3.1623,3.1623,3.1623,3.1623,3.1673,3.1673,3.1673,3.1673,1
2026-02-12 04:40:00,3.1628,3.1663,3.1628,3.1643,3.1678,3.1713,3.1678,3.1693,9
2026-02-12 04:41:00,3.1648,3.1653,3.1648,3.1653,3.1698,3.1703,3.1698,3.1703,12
2026-02-12 04:44:00,3.1648,3.1648,3.1633,3.1648,3.1698,3.1698,3.1683,3.1698,7
2026-02-12 04:46:00,3.1653,3.1653,3.1623,3.1623,3.1703,3.1703,3.1673,3.1673,4
2026-02-12 04:47:00,3.1628,3.1633,3.1623,3.1623,3.1678,3.1683,3.1673,3.1673,4
2026-02-12 04:48:00,3.1618,3.1618,3.1608,3.1613,3.1668,3.1668,3.1658,3.1663,6
2026-02-12 04:49:00,3.1618,3.1628,3.1618,3.1628,3.1668,3.1678,3.1668,3.1678,2
2026-02-12 04:52:00,3.1653,3.1668,3.1628,3.1628,3.1703,3.1718,3.1678,3.1678,9
2026-02-12 04:53:00,3.1623,3.1638,3.1608,3.1633,3.1673,3.1688,3.1658,3.1683,9
2026-02-12 04:54:00,3.1623,3.1623,3.1623,3.1623,3.1673,3.1673,3.1673,3.1673,1
2026-02-12 04:55:00,3.1618,3.1618,3.1603,3.1603,3.1668,3.1668,3.1653,3.1653,6
2026-02-12 04:56:00,3.1598,3.1598,3.1598,3.1598,3.1648,3.1648,3.1648,3.1648,1
2026-02-12 04:57:00,3.1588,3.1598,3.1578,3.1593,3.1638,3.1648,3.1628,3.1643,10
2026-02-12 04:58:00,3.1598,3.1618,3.1593,3.1598,3.1648,3.1668,3.1643,3.1648,9
2026-02-12 04:59:00,3.1588,3.1593,3.1583,3.1588,3.1638,3.1643,3.1633,3.1638,11
2026-02-12 05:00:00,3.1593,3.1593,3.1583,3.1583,3.1643,3.1643,3.1633,3.1633,5
2026-02-12 05:01:00,3.1588,3.1588,3.1588,3.1588,3.1638,3.1638,3.1638,3.1638,1
2026-02-12 05:02:00,3.1603,3.1603,3.1598,3.1603,3.1653,3.1653,3.1648,3.1653,3
2026-02-12 05:04:00,3.1618,3.1628,3.1603,3.1618,3.1668,3.1678,3.1653,3.1668,6
2026-02-12 05:06:00,3.1608,3.1608,3.1588,3.1593,3.1658,3.1658,3.1638,3.1643,7
2026-02-12 05:07:00,3.1588,3.1593,3.1578,3.1578,3.1638,3.1643,3.1628,3.1628,6
2026-02-12 05:12:00,3.1588,3.1633,3.1588,3.1628,3.1638,3.1683,3.1638,3.1678,6
2026-02-12 05:13:00,3.1618,3.1618,3.1608,3.1608,3.1668,3.1668,3.1658,3.1658,3
2026-02-12 05:14:00,3.1613,3.1618,3.1608,3.1618,3.1663,3.1668,3.1658,3.1668,3
2026-02-12 05:15:00,3.1613,3.1613,3.1613,3.1613,3.1663,3.1663,3.1663,3.1663,1
2026-02-12 05:16:00,3.1608,3.1623,3.1598,3.1623,3.1658,3.1673,3.1648,3.1673,6
2026-02-12 05:17:00,3.1628,3.1628,3.1623,3.1623,3.1678,3.1678,3.1673,3.1673,2
2026-02-12 05:18:00,3.1618,3.1628,3.1618,3.1628,3.1668,3.1678,3.1668,3.1678,2
2026-02-12 05:21:00,3.1623,3.1623,3.1623,3.1623,3.1673,3.1673,3.1673,3.1673,1
2026-02-12 05:22:00,3.1633,3.1633,3.1633,3.1633,3.1683,3.1683,3.1683,3.1683,1
2026-02-12 05:23:00,3.1628,3.1628,3.1598,3.1598,3.1678,3.1678,3.1648,3.1648,4
2026-02-12 05:24:00,3.1608,3.1638,3.1608,3.1633,3.1658,3.1688,3.1658,3.1683,7
2026-02-12 05:25:00,3.1623,3.1623,3.1623,3.1623,3.1673,3.1673,3.1673,3.1673,1
2026-02-12 05:26:00,3.1618,3.1623,3.1618,3.1623,3.1668,3.1673,3.1668,3.1673,2
2026-02-12 05:27:00,3.1618,3.1623,3.1618,3.1623,3.1668,3.1673,3.1668,3.1673,2
2026-02-12 05:29:00,3.1618,3.1633,3.1603,3.1633,3.1668,3.1683,3.1653,3.1683,6
2026-02-12 05:30:00,3.1638,3.1653,3.1638,3.1638,3.1688,3.1703,3.1688,3.1688,6
2026-02-12 05:31:00,3.1648,3.1688,3.1643,3.1683,3.1698,3.1738,3.1693,3.1733,12
2026-02-12 05:32:00,3.1678,3.1688,3.1658,3.1658,3.1728,3.1738,3.1708,3.1708,8
2026-02-12 05:33:00,3.1663,3.1683,3.1663,3.1683,3.1713,3.1733,3.1713,3.1733,6
2026-02-12 05:34:00,3.1678,3.1678,3.1573,3.1613,3.1728,3.1728,3.1623,3.1663,35
2026-02-12 05:35:00,3.1608,3.1628,3.1593,3.1623,3.1658,3.1678,3.1643,3.1673,5
2026-02-12 05:37:00,3.1628,3.1658,3.1628,3.1658,3.1678,3.1708,3.1678,3.1708,5
2026-02-12 05:38:00,3.1668,3.1668,3.1653,3.1663,3.1718,3.1718,3.1703,3.1713,4
2026-02-12 05:40:00,3.1673,3.1673,3.1673,3.1673,3.1723,3.1723,3.1723,3.1723,1
2026-02-12 05:41:00,3.1688,3.1708,3.1683,3.1683,3.1738,3.1758,3.1733,3.1733,6
2026-02-12 05:42:00,3.1688,3.1688,3.1673,3.1673,3.1738,3.1738,3.1723,3.1723,3
2026-02-12 05:43:00,3.1678,3.1678,3.1678,3.1678,3.1728,3.1728,3.1728,3.1728,1
2026-02-12 05:44:00,3.1673,3.1673,3.1658,3.1668,3.1723,3.1723,3.1708,3.1718,4
2026-02-12 05:47:00,3.1673,3.1673,3.1648,3.1658,3.1723,3.1723,3.1698,3.1708,5
2026-02-12 05:48:00,3.1663,3.1663,3.1648,3.1648,3.1713,3.1713,3.1698,3.1698,5
2026-02-12 05:49:00,3.1638,3.1658,3.1638,3.1653,3.1688,3.1708,3.1688,3.1703,14
2026-02-12 05:50:00,3.1648,3.1648,3.1648,3.1648,3.1698,3.1698,3.1698,3.1698,1
2026-02-12 05:51:00,3.1653,3.1658,3.1653,3.1658,3.1703,3.1708,3.1703,3.1708,2
2026-02-12 05:52:00,3.1653,3.1658,3.1653,3.1653,3.1703,3.1708,3.1703,3.1703,3
2026-02-12 05:53:00,3.1658,3.1658,3.1653,3.1653,3.1708,3.1708,3.1703,3.1703,2
2026-02-12 05:55:00,3.1648,3.1658,3.1648,3.1658,3.1698,3.1708,3.1698,3.1708,2
2026-02-12 05:56:00,3.1663,3.1698,3.1663,3.1688,3.1713,3.1748,3.1713,3.1738,9
2026-02-12 05:57:00,3.1683,3.1703,3.1683,3.1693,3.1733,3.1753,3.1733,3.1743,3
2026-02-12 05:58:00,3.1698,3.1698,3.1658,3.1668,3.1748,3.1748,3.1708,3.1718,6
2026-02-12 05:59:00,3.1663,3.1663,3.1663,3.1663,3.1713,3.1713,3.1713,3.1713,1
2026-02-12 06:00:00,3.1658,3.1658,3.1653,3.1653,3.1708,3.1708,3.1703,3.1703,2
2026-02-12 06:01:00,3.1663,3.1668,3.1638,3.1638,3.1713,3.1718,3.1688,3.1688,13
2026-02-12 06:02:00,3.1643,3.1653,3.1643,3.1643,3.1693,3.1703,3.1693,3.1693,5
2026-02-12 06:07:00,3.1633,3.1648,3.1578,3.1583,3.1683,3.1698,3.1628,3.1633,18
2026-02-12 06:08:00,3.1598,3.1598,3.1558,3.1563,3.1648,3.1648,3.1608,3.1613,7
2026-02-12 06:09:00,3.1558,3.1558,3.1543,3.1543,3.1608,3.1608,3.1593,3.1593,4
2026-02-12 06:10:00,3.1553,3.1563,3.1553,3.1563,3.1603,3.1613,3.1603,3.1613,3
2026-02-12 06:11:00,3.1558,3.1558,3.1528,3.1553,3.1608,3.1608,3.1578,3.1603,11
2026-02-12 06:12:00,3.1548,3.1568,3.1548,3.1568,3.1598,3.1618,3.1598,3.1618,8
2026-02-12 06:13:00,3.1573,3.1573,3.1568,3.1573,3.1623,3.1623,3.1618,3.1623,3
2026-02-12 06:16:00,3.1578,3.1583,3.1578,3.1583,3.1628,3.1633,3.1628,3.1633,2
2026-02-12 06:17:00,3.1588,3.1603,3.1588,3.1603,3.1638,3.1653,3.1638,3.1653,3
2026-02-12 06:19:00,3.1618,3.1618,3.1618,3.1618,3.1668,3.1668,3.1668,3.1668,1
2026-02-12 06:20:00,3.1598,3.1598,3.1588,3.1588,3.1648,3.1648,3.1638,3.1638,4
2026-02-12 06:21:00,3.1593,3.1593,3.1593,3.1593,3.1643,3.1643,3.1643,3.1643,1
2026-02-12 06:22:00,3.1588,3.1588,3.1588,3.1588,3.1638,3.1638,3.1638,3.1638,1
2026-02-12 06:23:00,3.1598,3.1613,3.1598,3.1613,3.1648,3.1663,3.1648,3.1663,3
2026-02-12 06:25:00,3.1618,3.1628,3.1618,3.1618,3.1668,3.1678,3.1668,3.1668,3
2026-02-12 06:26:00,3.1638,3.1638,3.1628,3.1628,3.1688,3.1688,3.1678,3.1678,2
2026-02-12 06:28:00,3.1638,3.1638,3.1603,3.1628,3.1688,3.1688,3.1653,3.1678,7
2026-02-12 06:29:00,3.1623,3.1623,3.1613,3.1623,3.1673,3.1673,3.1663,3.1673,4
2026-02-12 06:30:00,3.1613,3.1613,3.1563,3.1563,3.1663,3.1663,3.1613,3.1613,5
2026-02-12 06:31:00,3.1553,3.1558,3.1553,3.1553,3.1603,3.1608,3.1603,3.1603,3
2026-02-12 06:32:00,3.1543,3.1633,3.1528,3.1563,3.1593,3.1683,3.1578,3.1613,40
2026-02-12 06:33:00,3.1558,3.1558,3.1538,3.1543,3.1608,3.1608,3.1588,3.1593,7
2026-02-12 06:34:00,3.1548,3.1653,3.1548,3.1633,3.1598,3.1703,3.1598,3.1683,11
2026-02-12 06:35:00,3.1628,3.1628,3.1588,3.1588,3.1678,3.1678,3.1638,3.1638,12
2026-02-12 06:36:00,3.1578,3.1653,3.1573,3.1633,3.1628,3.1703,3.1623,3.1683,9
2026-02-12 06:37:00,3.1618,3.1618,3.1608,3.1608,3.1668,3.1668,3.1658,3.1658,4
2026-02-12 06:38:00,3.1613,3.1623,3.1608,3.1618,3.1663,3.1673,3.1658,3.1668,5
2026-02-12 06:39:00,3.1613,3.1618,3.1613,3.1618,3.1663,3.1668,3.1663,3.1668,2
2026-02-12 06:40:00,3.1608,3.1608,3.1548,3.1558,3.1658,3.1658,3.1598,3.1608,10
2026-02-12 06:41:00,3.1553,3.1558,3.1548,3.1553,3.1603,3.1608,3.1598,3.1603,4
2026-02-12 06:42:00,3.1533,3.1533,3.1463,3.1463,3.1583,3.1583,3.1513,3.1513,20
2026-02-12 06:43:00,3.1458,3.1458,3.1363,3.1423,3.1508,3.1508,3.1413,3.1473,28
2026-02-12 06:44:00,3.1428,3.1508,3.1403,3.1498,3.1478,3.1558,3.1453,3.1548,16
2026-02-12 06:45:00,3.1488,3.1488,3.1438,3.1443,3.1538,3.1538,3.1488,3.1493,9
2026-02-12 06:46:00,3.1438,3.1458,3.1438,3.1458,3.1488,3.1508,3.1488,3.1508,9
2026-02-12 06:47:00,3.1453,3.1548,3.1433,3.1538,3.1503,3.1598,3.1483,3.1588,26
2026-02-12 06:48:00,3.1528,3.1593,3.1528,3.1538,3.1578,3.1643,3.1578,3.1588,23
2026-02-12 06:49:00,3.1543,3.1638,3.1543,3.1628,3.1593,3.1688,3.1593,3.1678,22
2026-02-12 06:50:00,3.1623,3.1623,3.1518,3.1528,3.1673,3.1673,3.1568,3.1578,12
2026-02-12 06:51:00,3.1543,3.1603,3.1543,3.1553,3.1593,3.1653,3.1593,3.1603,16
2026-02-12 06:52:00,3.1558,3.1558,3.1533,3.1538,3.1608,3.1608,3.1583,3.1588,6
2026-02-12 06:53:00,3.1533,3.1538,3.1523,3.1538,3.1583,3.1588,3.1573,3.1588,7
2026-02-12 06:54:00,3.1543,3.1548,3.1528,3.1528,3.1593,3.1598,3.1578,3.1578,6
2026-02-12 06:55:00,3.1523,3.1558,3.1518,3.1533,3.1573,3.1608,3.1568,3.1583,7
2026-02-12 06:56:00,3.1538,3.1548,3.1488,3.1493,3.1588,3.1598,3.1538,3.1543,13
2026-02-12 06:57:00,3.1478,3.1478,3.1448,3.1453,3.1528,3.1528,3.1498,3.1503,9
2026-02-12 06:58:00,3.1458,3.1458,3.1448,3.1453,3.1508,3.1508,3.1498,3.1503,5
2026-02-12 06:59:00,3.1458,3.1468,3.1458,3.1468,3.1508,3.1518,3.1508,3.1518,4
2026-02-12 07:00:00,3.1463,3.1498,3.1453,3.1453,3.1513,3.1548,3.1503,3.1503,15
2026-02-12 07:01:00,3.1448,3.1453,3.1418,3.1418,3.1498,3.1503,3.1468,3.1468,11
2026-02-12 07:02:00,3.1408,3.1413,3.1403,3.1403,3.1458,3.1463,3.1453,3.1453,4
2026-02-12 07:03:00,3.1398,3.1433,3.1398,3.1398,3.1448,3.1483,3.1448,3.1448,11
2026-02-12 07:04:00,3.1403,3.1448,3.1333,3.1368,3.1453,3.1498,3.1383,3.1418,35
2026-02-12 07:05:00,3.1358,3.1358,3.1353,3.1353,3.1408,3.1408,3.1403,3.1403,2
2026-02-12 07:06:00,3.1368,3.1448,3.1368,3.1433,3.1418,3.1498,3.1418,3.1483,15
2026-02-12 07:07:00,3.1413,3.1413,3.1378,3.1398,3.1463,3.1463,3.1428,3.1448,12
2026-02-12 07:08:00,3.1393,3.1393,3.1363,3.1388,3.1443,3.1443,3.1413,3.1438,10
2026-02-12 07:09:00,3.1398,3.1443,3.1383,3.1398,3.1448,3.1493,3.1433,3.1448,18
2026-02-12 07:10:00,3.1448,3.1448,3.1393,3.1393,3.1498,3.1498,3.1443,3.1443,10
2026-02-12 07:11:00,3.1388,3.1408,3.1383,3.1388,3.1438,3.1458,3.1433,3.1438,11
2026-02-12 07:12:00,3.1393,3.1398,3.1368,3.1373,3.1443,3.1448,3.1418,3.1423,10
2026-02-12 07:13:00,3.1378,3.1378,3.1323,3.1358,3.1428,3.1428,3.1373,3.1408,15
2026-02-12 07:14:00,3.1353,3.1363,3.1353,3.1353,3.1403,3.1413,3.1403,3.1403,4
2026-02-12 07:15:00,3.1338,3.1353,3.1313,3.1333,3.1388,3.1403,3.1363,3.1383,13
2026-02-12 07:16:00,3.1338,3.1348,3.1323,3.1333,3.1388,3.1398,3.1373,3.1383,9
2026-02-12 07:17:00,3.1328,3.1348,3.1318,3.1338,3.1378,3.1398,3.1368,3.1388,9
2026-02-12 07:18:00,3.1333,3.1338,3.1308,3.1323,3.1383,3.1388,3.1358,3.1373,16
2026-02-12 07:19:00,3.1318,3.1323,3.1283,3.1293,3.1368,3.1373,3.1333,3.1343,18
2026-02-12 07:20:00,3.1303,3.1308,3.1288,3.1298,3.1353,3.1358,3.1338,3.1348,12
2026-02-12 07:21:00,3.1318,3.1328,3.1293,3.1298,3.1368,3.1378,3.1343,3.1348,9
2026-02-12 07:22:00,3.1303,3.1303,3.1288,3.1293,3.1353,3.1353,3.1338,3.1343,5
2026-02-12 07:23:00,3.1288,3.1298,3.1268,3.1298,3.1338,3.1348,3.1318,3.1348,11
2026-02-12 07:24:00,3.1293,3.1313,3.1278,3.1308,3.1343,3.1363,3.1328,3.1358,15
2026-02-12 07:25:00,3.1298,3.1313,3.1288,3.1288,3.1348,3.1363,3.1338,3.1338,9
2026-02-12 07:26:00,3.1303,3.1318,3.1283,3.1308,3.1353,3.1368,3.1333,3.1358,8
2026-02-12 07:27:00,3.1303,3.1303,3.1283,3.1293,3.1353,3.1353,3.1333,3.1343,8
2026-02-12 07:28:00,3.1278,3.1278,3.1273,3.1278,3.1328,3.1328,3.1323,3.1328,3
2026-02-12 07:29:00,3.1288,3.1288,3.1273,3.1278,3.1338,3.1338,3.1323,3.1328,3
2026-02-12 07:30:00,3.1268,3.1288,3.1208,3.1248,3.1318,3.1338,3.1258,3.1298,30
2026-02-12 07:31:00,3.1253,3.1253,3.1228,3.1233,3.1303,3.1303,3.1278,3.1283,4
2026-02-12 07:32:00,3.1243,3.1278,3.1203,3.1228,3.1293,3.1328,3.1253,3.1278,25
2026-02-12 07:33:00,3.1233,3.1238,3.1233,3.1238,3.1283,3.1288,3.1283,3.1288,2
2026-02-12 07:34:00,3.1248,3.1283,3.1248,3.1283,3.1298,3.1333,3.1298,3.1333,7
2026-02-12 07:35:00,3.1278,3.1278,3.1238,3.1253,3.1328,3.1328,3.1288,3.1303,10
2026-02-12 07:36:00,3.1213,3.1213,3.1188,3.1208,3.1263,3.1263,3.1238,3.1258,6
2026-02-12 07:37:00,3.1213,3.1223,3.1213,3.1223,3.1263,3.1273,3.1263,3.1273,2
2026-02-12 07:38:00,3.1218,3.1223,3.1213,3.1223,3.1268,3.1273,3.1263,3.1273,3
2026-02-12 07:39:00,3.1218,3.1223,3.1218,3.1223,3.1268,3.1273,3.1268,3.1273,2
2026-02-12 07:40:00,3.1228,3.1248,3.1203,3.1208,3.1278,3.1298,3.1253,3.1258,8
2026-02-12 07:41:00,3.1203,3.1203,3.1203,3.1203,3.1253,3.1253,3.1253,3.1253,1
2026-02-12 07:42:00,3.1208,3.1228,3.1208,3.1228,3.1258,3.1278,3.1258,3.1278,4
2026-02-12 07:43:00,3.1218,3.1228,3.1218,3.1218,3.1268,3.1278,3.1268,3.1268,4
2026-02-12 07:44:00,3.1228,3.1248,3.1228,3.1233,3.1278,3.1298,3.1278,3.1283,5
2026-02-12 07:45:00,3.1223,3.1268,3.1223,3.1268,3.1273,3.1318,3.1273,3.1318,7
2026-02-12 07:46:00,3.1263,3.1288,3.1263,3.1273,3.1313,3.1338,3.1313,3.1323,10
2026-02-12 07:47:00,3.1268,3.1288,3.1268,3.1273,3.1318,3.1338,3.1318,3.1323,9
2026-02-12 07:48:00,3.1278,3.1288,3.1273,3.1288,3.1328,3.1338,3.1323,3.1338,5
2026-02-12 07:49:00,3.1283,3.1288,3.1248,3.1263,3.1333,3.1338,3.1298,3.1313,24
2026-02-12 07:50:00,3.1268,3.1283,3.1268,3.1273,3.1318,3.1333,3.1318,3.1323,4
2026-02-12 07:51:00,3.1278,3.1283,3.1278,3.1283,3.1328,3.1333,3.1328,3.1333,2
2026-02-12 07:52:00,3.1288,3.1288,3.1268,3.1283,3.1338,3.1338,3.1318,3.1333,12
2026-02-12 07:53:00,3.1288,3.1288,3.1243,3.1258,3.1338,3.1338,3.1293,3.1308,5
2026-02-12 07:54:00,3.1253,3.1263,3.1238,3.1263,3.1303,3.1313,3.1288,3.1313,5
2026-02-12 07:55:00,3.1238,3.1268,3.1233,3.1268,3.1288,3.1318,3.1283,3.1318,7
2026-02-12 07:56:00,3.1263,3.1278,3.1263,3.1273,3.1313,3.1328,3.1313,3.1323,4
2026-02-12 07:57:00,3.1268,3.1268,3.1218,3.1228,3.1318,3.1318,3.1268,3.1278,18
2026-02-12 07:58:00,3.1233,3.1253,3.1233,3.1253,3.1283,3.1303,3.1283,3.1303,8
2026-02-12 07:59:00,3.1248,3.1253,3.1223,3.1233,3.1298,3.1303,3.1273,3.1283,5
2026-02-12 08:00:00,3.1223,3.1228,3.1198,3.1228,3.1273,3.1278,3.1248,3.1278,16
2026-02-12 08:01:00,3.1238,3.1243,3.1208,3.1208,3.1288,3.1293,3.1258,3.1258,8
2026-02-12 08:02:00,3.1213,3.1238,3.1213,3.1223,3.1263,3.1288,3.1263,3.1273,8
2026-02-12 08:03:00,3.1228,3.1228,3.1218,3.1223,3.1278,3.1278,3.1268,3.1273,5
2026-02-12 08:04:00,3.1218,3.1233,3.1208,3.1213,3.1268,3.1283,3.1258,3.1263,9
2026-02-12 08:05:00,3.1208,3.1208,3.1158,3.1173,3.1258,3.1258,3.1208,3.1223,19
2026-02-12 08:06:00,3.1178,3.1203,3.1168,3.1203,3.1228,3.1253,3.1218,3.1253,10
2026-02-12 08:07:00,3.1208,3.1233,3.1203,3.1233,3.1258,3.1283,3.1253,3.1283,6
2026-02-12 08:08:00,3.1238,3.1263,3.1238,3.1253,3.1288,3.1313,3.1288,3.1303,8
2026-02-12 08:09:00,3.1248,3.1278,3.1248,3.1268,3.1298,3.1328,3.1298,3.1318,8
2026-02-12 08:10:00,3.1263,3.1263,3.1248,3.1258,3.1313,3.1313,3.1298,3.1308,8
2026-02-12 08:11:00,3.1248,3.1298,3.1248,3.1293,3.1298,3.1348,3.1298,3.1343,14
2026-02-12 08:12:00,3.1288,3.1318,3.1288,3.1298,3.1338,3.1368,3.1338,3.1348,9
2026-02-12 08:13:00,3.1308,3.1318,3.1278,3.1283,3.1358,3.1368,3.1328,3.1333,13
2026-02-12 08:14:00,3.1303,3.1303,3.1293,3.1298,3.1353,3.1353,3.1343,3.1348,4
2026-02-12 08:15:00,3.1303,3.1308,3.1293,3.1303,3.1353,3.1358,3.1343,3.1353,7
2026-02-12 08:16:00,3.1288,3.1288,3.1268,3.1278,3.1338,3.1338,3.1318,3.1328,3
2026-02-12 08:17:00,3.1283,3.1283,3.1283,3.1283,3.1333,3.1333,3.1333,3.1333,1
2026-02-12 08:18:00,3.1278,3.1288,3.1263,3.1288,3.1328,3.1338,3.1313,3.1338,5
2026-02-12 08:19:00,3.1293,3.1298,3.1283,3.1283,3.1343,3.1348,3.1333,3.1333,5
2026-02-12 08:21:00,3.1288,3.1308,3.1288,3.1298,3.1338,3.1358,3.1338,3.1348,4
2026-02-12 08:22:00,3.1293,3.1313,3.1293,3.1313,3.1343,3.1363,3.1343,3.1363,4
2026-02-12 08:23:00,3.1303,3.1303,3.1303,3.1303,3.1353,3.1353,3.1353,3.1353,1
2026-02-12 08:24:00,3.1308,3.1338,3.1308,3.1313,3.1358,3.1388,3.1358,3.1363,10
2026-02-12 08:25:00,3.1318,3.1318,3.1313,3.1313,3.1368,3.1368,3.1363,3.1363,4
2026-02-12 08:26:00,3.1308,3.1318,3.1303,3.1318,3.1358,3.1368,3.1353,3.1368,5
2026-02-12 08:27:00,3.1328,3.1328,3.1323,3.1323,3.1378,3.1378,3.1373,3.1373,2
2026-02-12 08:28:00,3.1328,3.1358,3.1328,3.1358,3.1378,3.1408,3.1378,3.1408,3
2026-02-12 08:29:00,3.1348,3.1358,3.1343,3.1348,3.1398,3.1408,3.1393,3.1398,11
2026-02-12 08:30:00,3.1343,3.1398,3.1343,3.1398,3.1393,3.1448,3.1393,3.1448,21
2026-02-12 08:31:00,3.1393,3.1428,3.1368,3.1428,3.1443,3.1478,3.1418,3.1478,27
2026-02-12 08:32:00,3.1423,3.1448,3.1418,3.1438,3.1473,3.1498,3.1468,3.1488,11
2026-02-12 08:33:00,3.1433,3.1438,3.1418,3.1428,3.1483,3.1488,3.1468,3.1478,9
2026-02-12 08:34:00,3.1433,3.1438,3.1428,3.1438,3.1483,3.1488,3.1478,3.1488,4
2026-02-12 08:35:00,3.1433,3.1438,3.1428,3.1428,3.1483,3.1488,3.1478,3.1478,5
2026-02-12 08:36:00,3.1433,3.1433,3.1358,3.1393,3.1483,3.1483,3.1408,3.1443,16
2026-02-12 08:37:00,3.1383,3.1383,3.1378,3.1378,3.1433,3.1433,3.1428,3.1428,2
2026-02-12 08:38:00,3.1373,3.1373,3.1323,3.1348,3.1423,3.1423,3.1373,3.1398,16
2026-02-12 08:39:00,3.1343,3.1343,3.1338,3.1338,3.1393,3.1393,3.1388,3.1388,2
2026-02-12 08:40:00,3.1343,3.1353,3.1333,3.1333,3.1393,3.1403,3.1383,3.1383,4
2026-02-12 08:41:00,3.1328,3.1408,3.1328,3.1353,3.1378,3.1458,3.1378,3.1403,23
2026-02-12 08:42:00,3.1358,3.1358,3.1308,3.1308,3.1408,3.1408,3.1358,3.1358,6
2026-02-12 08:43:00,3.1313,3.1338,3.1303,3.1313,3.1363,3.1388,3.1353,3.1363,12
2026-02-12 08:44:00,3.1308,3.1313,3.1278,3.1293,3.1358,3.1363,3.1328,3.1343,10
2026-02-12 08:46:00,3.1288,3.1308,3.1248,3.1278,3.1338,3.1358,3.1298,3.1328,14
2026-02-12 08:47:00,3.1283,3.1293,3.1268,3.1288,3.1333,3.1343,3.1318,3.1338,8
2026-02-12 08:48:00,3.1278,3.1328,3.1278,3.1308,3.1328,3.1378,3.1328,3.1358,11
2026-02-12 08:49:00,3.1313,3.1318,3.1308,3.1318,3.1363,3.1368,3.1358,3.1368,3
2026-02-12 08:50:00,3.1323,3.1323,3.1303,3.1303,3.1373,3.1373,3.1353,3.1353,6
2026-02-12 08:51:00,3.1308,3.1308,3.1303,3.1308,3.1358,3.1358,3.1353,3.1358,3
2026-02-12 08:52:00,3.1313,3.1318,3.1313,3.1313,3.1363,3.1368,3.1363,3.1363,3
2026-02-12 08:53:00,3.1298,3.1318,3.1283,3.1318,3.1348,3.1368,3.1333,3.1368,10
2026-02-12 08:54:00,3.1313,3.1318,3.1308,3.1308,3.1363,3.1368,3.1358,3.1358,4
2026-02-12 08:55:00,3.1313,3.1318,3.1313,3.1318,3.1363,3.1368,3.1363,3.1368,4
2026-02-12 08:56:00,3.1313,3.1323,3.1313,3.1323,3.1363,3.1373,3.1363,3.1373,3
2026-02-12 08:57:00,3.1318,3.1318,3.1313,3.1313,3.1368,3.1368,3.1363,3.1363,2
2026-02-12 08:58:00,3.1318,3.1318,3.1313,3.1313,3.1368,3.1368,3.1363,3.1363,2
2026-02-12 09:00:00,3.1318,3.1343,3.1278,3.1343,3.1368,3.1393,3.1328,3.1393,24
2026-02-12 09:01:00,3.1348,3.1358,3.1343,3.1348,3.1398,3.1408,3.1393,3.1398,6
2026-02-12 09:02:00,3.1343,3.1358,3.1343,3.1353,3.1393,3.1408,3.1393,3.1403,4
2026-02-12 09:03:00,3.1343,3.1343,3.1333,3.1338,3.1393,3.1393,3.1383,3.1388,4
2026-02-12 09:04:00,3.1343,3.1343,3.1343,3.1343,3.1393,3.1393,3.1393,3.1393,1
2026-02-12 09:05:00,3.1328,3.1343,3.1328,3.1343,3.1378,3.1393,3.1378,3.1393,5
2026-02-12 09:06:00,3.1348,3.1348,3.1348,3.1348,3.1398,3.1398,3.1398,3.1398,1
2026-02-12 09:07:00,3.1343,3.1348,3.1318,3.1343,3.1393,3.1398,3.1368,3.1393,13
2026-02-12 09:08:00,3.1338,3.1338,3.1323,3.1328,3.1388,3.1388,3.1373,3.1378,3
2026-02-12 09:09:00,3.1318,3.1318,3.1298,3.1308,3.1368,3.1368,3.1348,3.1358,6
2026-02-12 09:10:00,3.1313,3.1313,3.1293,3.1303,3.1363,3.1363,3.1343,3.1353,8
2026-02-12 09:11:00,3.1298,3.1303,3.1278,3.1303,3.1348,3.1353,3.1328,3.1353,5
2026-02-12 09:12:00,3.1313,3.1318,3.1268,3.1278,3.1363,3.1368,3.1318,3.1328,15
2026-02-12 09:13:00,3.1283,3.1288,3.1283,3.1288,3.1333,3.1338,3.1333,3.1338,2
2026-02-12 09:14:00,3.1278,3.1278,3.1203,3.1223,3.1328,3.1328,3.1253,3.1273,17
2026-02-12 09:15:00,3.1228,3.1233,3.1198,3.1198,3.1278,3.1283,3.1248,3.1248,12
2026-02-12 09:16:00,3.1203,3.1208,3.1198,3.1203,3.1253,3.1258,3.1248,3.1253,6
2026-02-12 09:17:00,3.1208,3.1218,3.1208,3.1213,3.1258,3.1268,3.1258,3.1263,4
2026-02-12 09:18:00,3.1208,3.1218,3.1198,3.1213,3.1258,3.1268,3.1248,3.1263,9
2026-02-12 09:19:00,3.1208,3.1223,3.1208,3.1223,3.1258,3.1273,3.1258,3.1273,5
2026-02-12 09:20:00,3.1228,3.1233,3.1228,3.1228,3.1278,3.1283,3.1278,3.1278,3
2026-02-12 09:21:00,3.1233,3.1248,3.1233,3.1238,3.1283,3.1298,3.1283,3.1288,6
2026-02-12 09:22:00,3.1243,3.1248,3.1233,3.1233,3.1293,3.1298,3.1283,3.1283,5
2026-02-12 09:23:00,3.1238,3.1258,3.1238,3.1253,3.1288,3.1308,3.1288,3.1303,8
2026-02-12 09:24:00,3.1258,3.1263,3.1253,3.1263,3.1308,3.1313,3.1303,3.1313,4
2026-02-12 09:25:00,3.1253,3.1268,3.1253,3.1253,3.1303,3.1318,3.1303,3.1303,9
2026-02-12 09:26:00,3.1243,3.1243,3.1233,3.1238,3.1293,3.1293,3.1283,3.1288,3
2026-02-12 09:27:00,3.1233,3.1233,3.1218,3.1223,3.1283,3.1283,3.1268,3.1273,5
2026-02-12 09:28:00,3.1238,3.1278,3.1238,3.1258,3.1288,3.1328,3.1288,3.1308,11
2026-02-12 09:29:00,3.1253,3.1253,3.1253,3.1253,3.1303,3.1303,3.1303,3.1303,1
2026-02-12 09:30:00,3.1248,3.1283,3.1248,3.1268,3.1298,3.1333,3.1298,3.1318,11
2026-02-12 09:31:00,3.1263,3.1263,3.1243,3.1253,3.1313,3.1313,3.1293,3.1303,6
2026-02-12 09:32:00,3.1248,3.1263,3.1218,3.1263,3.1298,3.1313,3.1268,3.1313,8
2026-02-12 09:33:00,3.1253,3.1263,3.1253,3.1263,3.1303,3.1313,3.1303,3.1313,9
2026-02-12 09:36:00,3.1243,3.1273,3.1243,3.1258,3.1293,3.1323,3.1293,3.1308,9
2026-02-12 09:37:00,3.1253,3.1253,3.1253,3.1253,3.1303,3.1303,3.1303,3.1303,1
2026-02-12 09:38:00,3.1248,3.1258,3.1238,3.1238,3.1298,3.1308,3.1288,3.1288,12
2026-02-12 09:39:00,3.1233,3.1243,3.1228,3.1243,3.1283,3.1293,3.1278,3.1293,6
2026-02-12 09:40:00,3.1233,3.1243,3.1233,3.1243,3.1283,3.1293,3.1283,3.1293,3
2026-02-12 09:41:00,3.1248,3.1333,3.1248,3.1303,3.1298,3.1383,3.1298,3.1353,23
2026-02-12 09:42:00,3.1298,3.1298,3.1283,3.1283,3.1348,3.1348,3.1333,3.1333,3
2026-02-12 09:43:00,3.1268,3.1268,3.1248,3.1258,3.1318,3.1318,3.1298,3.1308,5
2026-02-12 09:44:00,3.1263,3.1263,3.1263,3.1263,3.1313,3.1313,3.1313,3.1313,1
2026-02-12 09:45:00,3.1253,3.1298,3.1253,3.1288,3.1303,3.1348,3.1303,3.1338,8
2026-02-12 09:46:00,3.1293,3.1293,3.1273,3.1283,3.1343,3.1343,3.1323,3.1333,5
2026-02-12 09:47:00,3.1278,3.1308,3.1278,3.1303,3.1328,3.1358,3.1328,3.1353,7
2026-02-12 09:48:00,3.1308,3.1353,3.1308,3.1323,3.1358,3.1403,3.1358,3.1373,13
2026-02-12 09:49:00,3.1318,3.1338,3.1318,3.1328,3.1368,3.1388,3.1368,3.1378,5
2026-02-12 09:50:00,3.1323,3.1328,3.1298,3.1313,3.1373,3.1378,3.1348,3.1363,8
2026-02-12 09:51:00,3.1308,3.1328,3.1308,3.1318,3.1358,3.1378,3.1358,3.1368,8
2026-02-12 09:52:00,3.1323,3.1323,3.1313,3.1318,3.1373,3.1373,3.1363,3.1368,7
2026-02-12 09:53:00,3.1313,3.1323,3.1298,3.1313,3.1363,3.1373,3.1348,3.1363,6
2026-02-12 09:54:00,3.1318,3.1318,3.1313,3.1313,3.1368,3.1368,3.1363,3.1363,2
2026-02-12 09:55:00,3.1308,3.1313,3.1308,3.1313,3.1358,3.1363,3.1358,3.1363,2
2026-02-12 09:56:00,3.1318,3.1318,3.1293,3.1293,3.1368,3.1368,3.1343,3.1343,4
2026-02-12 09:58:00,3.1298,3.1303,3.1293,3.1298,3.1348,3.1353,3.1343,3.1348,5
2026-02-12 09:59:00,3.1303,3.1318,3.1298,3.1313,3.1353,3.1368,3.1348,3.1363,5
2026-02-12 10:00:00,3.1323,3.1338,3.1323,3.1338,3.1373,3.1388,3.1373,3.1388,14
2026-02-12 10:01:00,3.1333,3.1333,3.1293,3.1293,3.1383,3.1383,3.1343,3.1343,12
2026-02-12 10:02:00,3.1298,3.1308,3.1298,3.1298,3.1348,3.1358,3.1348,3.1348,4
2026-02-12 10:03:00,3.1293,3.1293,3.1293,3.1293,3.1343,3.1343,3.1343,3.1343,1
2026-02-12 10:04:00,3.1278,3.1293,3.1268,3.1273,3.1328,3.1343,3.1318,3.1323,13
2026-02-12 10:05:00,3.1278,3.1288,3.1278,3.1278,3.1328,3.1338,3.1328,3.1328,3
2026-02-12 10:06:00,3.1283,3.1288,3.1278,3.1278,3.1333,3.1338,3.1328,3.1328,4
2026-02-12 10:07:00,3.1288,3.1298,3.1288,3.1298,3.1338,3.1348,3.1338,3.1348,4
2026-02-12 10:08:00,3.1288,3.1293,3.1288,3.1293,3.1338,3.1343,3.1338,3.1343,2
2026-02-12 10:09:00,3.1288,3.1318,3.1288,3.1318,3.1338,3.1368,3.1338,3.1368,8
2026-02-12 10:10:00,3.1323,3.1328,3.1318,3.1328,3.1373,3.1378,3.1368,3.1378,5
2026-02-12 10:11:00,3.1338,3.1338,3.1328,3.1338,3.1388,3.1388,3.1378,3.1388,6
2026-02-12 10:12:00,3.1333,3.1338,3.1328,3.1338,3.1383,3.1388,3.1378,3.1388,3
2026-02-12 10:13:00,3.1333,3.1333,3.1328,3.1333,3.1383,3.1383,3.1378,3.1383,3
2026-02-12 10:14:00,3.1338,3.1358,3.1338,3.1353,3.1388,3.1408,3.1388,3.1403,6
2026-02-12 10:15:00,3.1343,3.1343,3.1323,3.1323,3.1393,3.1393,3.1373,3.1373,6
2026-02-12 10:16:00,3.1328,3.1328,3.1298,3.1308,3.1378,3.1378,3.1348,3.1358,6
2026-02-12 10:17:00,3.1303,3.1308,3.1303,3.1303,3.1353,3.1358,3.1353,3.1353,3
2026-02-12 10:18:00,3.1318,3.1318,3.1308,3.1318,3.1368,3.1368,3.1358,3.1368,9
2026-02-12 10:19:00,3.1303,3.1318,3.1303,3.1318,3.1353,3.1368,3.1353,3.1368,4
2026-02-12 10:20:00,3.1328,3.1353,3.1328,3.1353,3.1378,3.1403,3.1378,3.1403,9
2026-02-12 10:21:00,3.1348,3.1388,3.1343,3.1373,3.1398,3.1438,3.1393,3.1423,14
2026-02-12 10:22:00,3.1358,3.1373,3.1358,3.1373,3.1408,3.1423,3.1408,3.1423,7
2026-02-12 10:23:00,3.1368,3.1368,3.1368,3.1368,3.1418,3.1418,3.1418,3.1418,1
2026-02-12 10:24:00,3.1373,3.1413,3.1368,3.1408,3.1423,3.1463,3.1418,3.1458,10
2026-02-12 10:25:00,3.1413,3.1433,3.1363,3.1363,3.1463,3.1483,3.1413,3.1413,17
2026-02-12 10:26:00,3.1358,3.1378,3.1353,3.1373,3.1408,3.1428,3.1403,3.1423,13
2026-02-12 10:27:00,3.1378,3.1378,3.1358,3.1378,3.1428,3.1428,3.1408,3.1428,9
2026-02-12 10:28:00,3.1383,3.1393,3.1378,3.1393,3.1433,3.1443,3.1428,3.1443,8
2026-02-12 10:30:00,3.1398,3.1428,3.1398,3.1408,3.1448,3.1478,3.1448,3.1458,17
2026-02-12 10:31:00,3.1398,3.1408,3.1373,3.1383,3.1448,3.1458,3.1423,3.1433,10
2026-02-12 10:32:00,3.1388,3.1388,3.1358,3.1368,3.1438,3.1438,3.1408,3.1418,6
2026-02-12 10:34:00,3.1363,3.1363,3.1343,3.1343,3.1413,3.1413,3.1393,3.1393,6
2026-02-12 10:35:00,3.1348,3.1348,3.1318,3.1328,3.1398,3.1398,3.1368,3.1378,11
2026-02-12 10:36:00,3.1333,3.1333,3.1328,3.1328,3.1383,3.1383,3.1378,3.1378,2
2026-02-12 10:37:00,3.1338,3.1358,3.1338,3.1358,3.1388,3.1408,3.1388,3.1408,4
2026-02-12 10:38:00,3.1343,3.1353,3.1343,3.1353,3.1393,3.1403,3.1393,3.1403,4
2026-02-12 10:39:00,3.1343,3.1378,3.1343,3.1378,3.1393,3.1428,3.1393,3.1428,12
2026-02-12 10:40:00,3.1363,3.1363,3.1353,3.1353,3.1413,3.1413,3.1403,3.1403,2
2026-02-12 10:41:00,3.1363,3.1378,3.1353,3.1378,3.1413,3.1428,3.1403,3.1428,6
2026-02-12 10:43:00,3.1388,3.1398,3.1378,3.1398,3.1438,3.1448,3.1428,3.1448,8
2026-02-12 10:44:00,3.1388,3.1403,3.1388,3.1403,3.1438,3.1453,3.1438,3.1453,3
2026-02-12 10:45:00,3.1398,3.1398,3.1378,3.1393,3.1448,3.1448,3.1428,3.1443,6
2026-02-12 10:46:00,3.1388,3.1388,3.1368,3.1378,3.1438,3.1438,3.1418,3.1428,6
2026-02-12 10:47:00,3.1388,3.1398,3.1383,3.1383,3.1438,3.1448,3.1433,3.1433,5
2026-02-12 10:48:00,3.1388,3.1388,3.1388,3.1388,3.1438,3.1438,3.1438,3.1438,1
2026-02-12 10:49:00,3.1398,3.1398,3.1388,3.1398,3.1448,3.1448,3.1438,3.1448,7
2026-02-12 10:50:00,3.1403,3.1408,3.1398,3.1398,3.1453,3.1458,3.1448,3.1448,4
2026-02-12 10:51:00,3.1393,3.1423,3.1388,3.1393,3.1443,3.1473,3.1438,3.1443,10
2026-02-12 10:52:00,3.1388,3.1398,3.1373,3.1383,3.1438,3.1448,3.1423,3.1433,11
2026-02-12 10:53:00,3.1373,3.1383,3.1358,3.1373,3.1423,3.1433,3.1408,3.1423,16
2026-02-12 10:54:00,3.1383,3.1393,3.1378,3.1388,3.1433,3.1443,3.1428,3.1438,10
2026-02-12 10:55:00,3.1368,3.1448,3.1368,3.1433,3.1418,3.1498,3.1418,3.1483,13
2026-02-12 10:56:00,3.1428,3.1428,3.1418,3.1423,3.1478,3.1478,3.1468,3.1473,3
2026-02-12 10:58:00,3.1418,3.1418,3.1413,3.1418,3.1468,3.1468,3.1463,3.1468,13
2026-02-12 10:59:00,3.1413,3.1413,3.1403,3.1403,3.1463,3.1463,3.1453,3.1453,3
2026-02-12 11:00:00,3.1418,3.1428,3.1418,3.1428,3.1468,3.1478,3.1468,3.1478,5
2026-02-12 11:01:00,3.1423,3.1458,3.1423,3.1443,3.1473,3.1508,3.1473,3.1493,18
2026-02-12 11:02:00,3.1433,3.1478,3.1428,3.1453,3.1483,3.1528,3.1478,3.1503,12
2026-02-12 11:03:00,3.1458,3.1478,3.1453,3.1453,3.1508,3.1528,3.1503,3.1503,15
2026-02-12 11:04:00,3.1458,3.1458,3.1448,3.1458,3.1508,3.1508,3.1498,3.1508,9
2026-02-12 11:05:00,3.1463,3.1463,3.1428,3.1443,3.1513,3.1513,3.1478,3.1493,12
2026-02-12 11:06:00,3.1448,3.1528,3.1438,3.1518,3.1498,3.1578,3.1488,3.1568,18
2026-02-12 11:07:00,3.1528,3.1538,3.1518,3.1528,3.1578,3.1588,3.1568,3.1578,11
2026-02-12 11:08:00,3.1538,3.1538,3.1518,3.1523,3.1588,3.1588,3.1568,3.1573,12
2026-02-12 11:09:00,3.1528,3.1528,3.1503,3.1503,3.1578,3.1578,3.1553,3.1553,7
2026-02-12 11:10:00,3.1508,3.1508,3.1508,3.1508,3.1558,3.1558,3.1558,3.1558,1
2026-02-12 11:11:00,3.1503,3.1503,3.1473,3.1473,3.1553,3.1553,3.1523,3.1523,9
2026-02-12 11:12:00,3.1478,3.1478,3.1458,3.1458,3.1528,3.1528,3.1508,3.1508,6
2026-02-12 11:13:00,3.1453,3.1498,3.1453,3.1478,3.1503,3.1548,3.1503,3.1528,14
2026-02-12 11:15:00,3.1488,3.1508,3.1488,3.1508,3.1538,3.1558,3.1538,3.1558,6
2026-02-12 11:16:00,3.1513,3.1513,3.1503,3.1508,3.1563,3.1563,3.1553,3.1558,7
2026-02-12 11:17:00,3.1518,3.1518,3.1508,3.1518,3.1568,3.1568,3.1558,3.1568,4
2026-02-12 11:18:00,3.1513,3.1518,3.1508,3.1513,3.1563,3.1568,3.1558,3.1563,5
2026-02-12 11:19:00,3.1508,3.1508,3.1498,3.1508,3.1558,3.1558,3.1548,3.1558,3
2026-02-12 11:20:00,3.1518,3.1518,3.1498,3.1498,3.1568,3.1568,3.1548,3.1548,7
2026-02-12 11:21:00,3.1488,3.1553,3.1488,3.1533,3.1538,3.1603,3.1538,3.1583,18
2026-02-12 11:22:00,3.1538,3.1548,3.1523,3.1523,3.1588,3.1598,3.1573,3.1573,8
2026-02-12 11:23:00,3.1518,3.1528,3.1518,3.1518,3.1568,3.1578,3.1568,3.1568,5
2026-02-12 11:24:00,3.1508,3.1508,3.1488,3.1498,3.1558,3.1558,3.1538,3.1548,7
2026-02-12 11:25:00,3.1508,3.1508,3.1483,3.1488,3.1558,3.1558,3.1533,3.1538,8
2026-02-12 11:26:00,3.1493,3.1498,3.1478,3.1483,3.1543,3.1548,3.1528,3.1533,7
2026-02-12 11:27:00,3.1488,3.1488,3.1488,3.1488,3.1538,3.1538,3.1538,3.1538,1
2026-02-12 11:28:00,3.1478,3.1548,3.1478,3.1533,3.1528,3.1598,3.1528,3.1583,19
2026-02-12 11:29:00,3.1538,3.1588,3.1528,3.1583,3.1588,3.1638,3.1578,3.1633,25
2026-02-12 11:30:00,3.1578,3.1578,3.1568,3.1568,3.1628,3.1628,3.1618,3.1618,10
2026-02-12 11:31:00,3.1558,3.1568,3.1553,3.1558,3.1608,3.1618,3.1603,3.1608,12
2026-02-12 11:32:00,3.1553,3.1563,3.1538,3.1538,3.1603,3.1613,3.1588,3.1588,6
2026-02-12 11:34:00,3.1543,3.1573,3.1543,3.1573,3.1593,3.1623,3.1593,3.1623,8
2026-02-12 11:35:00,3.1568,3.1583,3.1568,3.1568,3.1618,3.1633,3.1618,3.1618,9
2026-02-12 11:36:00,3.1588,3.1598,3.1563,3.1563,3.1638,3.1648,3.1613,3.1613,8
2026-02-12 11:37:00,3.1558,3.1563,3.1548,3.1558,3.1608,3.1613,3.1598,3.1608,5
2026-02-12 11:38:00,3.1568,3.1578,3.1563,3.1568,3.1618,3.1628,3.1613,3.1618,11
2026-02-12 11:39:00,3.1563,3.1568,3.1463,3.1483,3.1613,3.1618,3.1513,3.1533,28
2026-02-12 11:40:00,3.1508,3.1528,3.1508,3.1528,3.1558,3.1578,3.1558,3.1578,11
2026-02-12 11:41:00,3.1533,3.1543,3.1533,3.1538,3.1583,3.1593,3.1583,3.1588,3
2026-02-12 11:42:00,3.1548,3.1548,3.1538,3.1538,3.1598,3.1598,3.1588,3.1588,3
2026-02-12 11:43:00,3.1543,3.1588,3.1538,3.1573,3.1593,3.1638,3.1588,3.1623,11
2026-02-12 11:44:00,3.1568,3.1593,3.1568,3.1593,3.1618,3.1643,3.1618,3.1643,17
2026-02-12 11:45:00,3.1613,3.1648,3.1608,3.1608,3.1663,3.1698,3.1658,3.1658,20
2026-02-12 11:46:00,3.1603,3.1638,3.1603,3.1633,3.1653,3.1688,3.1653,3.1683,10
2026-02-12 11:47:00,3.1628,3.1648,3.1628,3.1643,3.1678,3.1698,3.1678,3.1693,6
2026-02-12 11:48:00,3.1638,3.1638,3.1633,3.1638,3.1688,3.1688,3.1683,3.1688,5
2026-02-12 11:49:00,3.1643,3.1658,3.1643,3.1653,3.1693,3.1708,3.1693,3.1703,10
2026-02-12 11:50:00,3.1658,3.1798,3.1658,3.1788,3.1708,3.1848,3.1708,3.1838,45
2026-02-12 11:51:00,3.1783,3.1818,3.1778,3.1798,3.1833,3.1868,3.1828,3.1848,19
2026-02-12 11:52:00,3.1808,3.1808,3.1793,3.1803,3.1858,3.1858,3.1843,3.1853,17
2026-02-12 11:53:00,3.1798,3.1798,3.1788,3.1798,3.1848,3.1848,3.1838,3.1848,7
2026-02-12 11:54:00,3.1808,3.1848,3.1808,3.1838,3.1858,3.1898,3.1858,3.1888,21
2026-02-12 11:55:00,3.1843,3.1898,3.1833,3.1853,3.1893,3.1948,3.1883,3.1903,36
2026-02-12 11:56:00,3.1848,3.1848,3.1838,3.1838,3.1898,3.1898,3.1888,3.1888,8
2026-02-12 11:57:00,3.1833,3.1833,3.1798,3.1823,3.1883,3.1883,3.1848,3.1873,27
2026-02-12 11:58:00,3.1813,3.1848,3.1798,3.1848,3.1863,3.1898,3.1848,3.1898,30
2026-02-12 11:59:00,3.1838,3.1838,3.1818,3.1823,3.1888,3.1888,3.1868,3.1873,16
2026-02-12 12:00:00,3.1828,3.1878,3.1823,3.1833,3.1878,3.1928,3.1873,3.1883,35
2026-02-12 12:01:00,3.1818,3.1848,3.1818,3.1848,3.1868,3.1898,3.1868,3.1898,8
2026-02-12 12:02:00,3.1838,3.1903,3.1828,3.1828,3.1888,3.1953,3.1878,3.1878,33
2026-02-12 12:03:00,3.1838,3.1838,3.1748,3.1768,3.1888,3.1888,3.1798,3.1818,23
2026-02-12 12:04:00,3.1758,3.1828,3.1748,3.1808,3.1808,3.1878,3.1798,3.1858,25
2026-02-12 12:05:00,3.1798,3.1823,3.1783,3.1783,3.1848,3.1873,3.1833,3.1833,21
2026-02-12 12:06:00,3.1778,3.1783,3.1748,3.1768,3.1828,3.1833,3.1798,3.1818,14
2026-02-12 12:07:00,3.1758,3.1758,3.1743,3.1753,3.1808,3.1808,3.1793,3.1803,8
2026-02-12 12:08:00,3.1758,3.1768,3.1743,3.1753,3.1808,3.1818,3.1793,3.1803,14
2026-02-12 12:09:00,3.1748,3.1758,3.1738,3.1758,3.1798,3.1808,3.1788,3.1808,5
2026-02-12 12:10:00,3.1768,3.1793,3.1768,3.1793,3.1818,3.1843,3.1818,3.1843,6
2026-02-12 12:11:00,3.1788,3.1798,3.1773,3.1783,3.1838,3.1848,3.1823,3.1833,9
2026-02-12 12:12:00,3.1788,3.1808,3.1758,3.1773,3.1838,3.1858,3.1808,3.1823,17
2026-02-12 12:13:00,3.1768,3.1838,3.1768,3.1828,3.1818,3.1888,3.1818,3.1878,15
2026-02-12 12:14:00,3.1818,3.1823,3.1798,3.1798,3.1868,3.1873,3.1848,3.1848,12
2026-02-12 12:15:00,3.1808,3.1838,3.1808,3.1828,3.1858,3.1888,3.1858,3.1878,15
2026-02-12 12:16:00,3.1833,3.1853,3.1818,3.1823,3.1883,3.1903,3.1868,3.1873,11
2026-02-12 12:17:00,3.1818,3.1818,3.1798,3.1808,3.1868,3.1868,3.1848,3.1858,10
2026-02-12 12:18:00,3.1813,3.1883,3.1813,3.1873,3.1863,3.1933,3.1863,3.1923,26
2026-02-12 12:19:00,3.1868,3.1883,3.1838,3.1873,3.1918,3.1933,3.1888,3.1923,22
2026-02-12 12:20:00,3.1878,3.1888,3.1853,3.1878,3.1928,3.1938,3.1903,3.1928,12
2026-02-12 12:21:00,3.1883,3.1908,3.1878,3.1898,3.1933,3.1958,3.1928,3.1948,11
2026-02-12 12:22:00,3.1903,3.1908,3.1858,3.1908,3.1953,3.1958,3.1908,3.1958,18
2026-02-12 12:23:00,3.1918,3.1958,3.1898,3.1943,3.1968,3.2008,3.1948,3.1993,27
2026-02-12 12:24:00,3.1948,3.1958,3.1928,3.1948,3.1998,3.2008,3.1978,3.1998,15
2026-02-12 12:25:00,3.1953,3.2088,3.1953,3.2068,3.2003,3.2138,3.2003,3.2118,75
2026-02-12 12:26:00,3.2073,3.2098,3.2063,3.2088,3.2123,3.2148,3.2113,3.2138,14
2026-02-12 12:27:00,3.2083,3.2088,3.2038,3.2058,3.2133,3.2138,3.2088,3.2108,26
2026-02-12 12:28:00,3.2063,3.2078,3.2063,3.2073,3.2113,3.2128,3.2113,3.2123,9
2026-02-12 12:29:00,3.2068,3.2108,3.2068,3.2088,3.2118,3.2158,3.2118,3.2138,15
2026-02-12 12:30:00,3.2093,3.2098,3.2008,3.2038,3.2143,3.2148,3.2058,3.2088,35
2026-02-12 12:31:00,3.2033,3.2078,3.1998,3.2068,3.2083,3.2128,3.2048,3.2118,22
2026-02-12 12:32:00,3.2063,3.2118,3.2048,3.2118,3.2113,3.2168,3.2098,3.2168,22
2026-02-12 12:33:00,3.2128,3.2233,3.2128,3.2163,3.2178,3.2283,3.2178,3.2213,55
2026-02-12 12:34:00,3.2158,3.2208,3.2118,3.2128,3.2208,3.2258,3.2168,3.2178,36
2026-02-12 12:35:00,3.2123,3.2188,3.2123,3.2183,3.2173,3.2238,3.2173,3.2233,20
2026-02-12 12:36:00,3.2188,3.2223,3.2183,3.2193,3.2238,3.2273,3.2233,3.2243,17
2026-02-12 12:37:00,3.2203,3.2268,3.2203,3.2248,3.2253,3.2318,3.2253,3.2298,38
2026-02-12 12:38:00,3.2243,3.2243,3.2173,3.2173,3.2293,3.2293,3.2223,3.2223,21
2026-02-12 12:39:00,3.2168,3.2178,3.2108,3.2153,3.2218,3.2228,3.2158,3.2203,33
2026-02-12 12:40:00,3.2158,3.2158,3.2083,3.2088,3.2208,3.2208,3.2133,3.2138,33
2026-02-12 12:41:00,3.2098,3.2098,3.1978,3.2003,3.2148,3.2148,3.2028,3.2053,32
2026-02-12 12:42:00,3.1993,3.2038,3.1988,3.2033,3.2043,3.2088,3.2038,3.2083,15
2026-02-12 12:43:00,3.2023,3.2068,3.2023,3.2063,3.2073,3.2118,3.2073,3.2113,13
2026-02-12 12:44:00,3.2053,3.2053,3.2028,3.2028,3.2103,3.2103,3.2078,3.2078,9
2026-02-12 12:45:00,3.2023,3.2023,3.1968,3.2013,3.2073,3.2073,3.2018,3.2063,21
2026-02-12 12:46:00,3.2008,3.2023,3.1993,3.2013,3.2058,3.2073,3.2043,3.2063,13
2026-02-12 12:47:00,3.2018,3.2058,3.2013,3.2048,3.2068,3.2108,3.2063,3.2098,16
2026-02-12 12:48:00,3.2058,3.2073,3.2013,3.2018,3.2108,3.2123,3.2063,3.2068,14
2026-02-12 12:49:00,3.2013,3.2038,3.1978,3.2038,3.2063,3.2088,3.2028,3.2088,28
2026-02-12 12:50:00,3.2028,3.2048,3.1983,3.2038,3.2078,3.2098,3.2033,3.2088,41
2026-02-12 12:51:00,3.2043,3.2058,3.1928,3.1933,3.2093,3.2108,3.1978,3.1983,28
2026-02-12 12:52:00,3.1928,3.1968,3.1908,3.1918,3.1978,3.2018,3.1958,3.1968,30
2026-02-12 12:53:00,3.1933,3.1948,3.1838,3.1838,3.1983,3.1998,3.1888,3.1888,33
2026-02-12 12:54:00,3.1843,3.1878,3.1838,3.1868,3.1893,3.1928,3.1888,3.1918,24
2026-02-12 12:55:00,3.1873,3.1893,3.1858,3.1883,3.1923,3.1943,3.1908,3.1933,15
2026-02-12 12:56:00,3.1888,3.1918,3.1843,3.1848,3.1938,3.1968,3.1893,3.1898,33
2026-02-12 12:57:00,3.1838,3.1863,3.1838,3.1848,3.1888,3.1913,3.1888,3.1898,11
2026-02-12 12:58:00,3.1858,3.1918,3.1858,3.1898,3.1908,3.1968,3.1908,3.1948,18
2026-02-12 12:59:00,3.1893,3.1893,3.1818,3.1833,3.1943,3.1943,3.1868,3.1883,24
2026-02-12 13:00:00,3.1848,3.1868,3.1688,3.1738,3.1898,3.1918,3.1738,3.1788,103
2026-02-12 13:01:00,3.1728,3.1838,3.1713,3.1833,3.1778,3.1888,3.1763,3.1883,54
2026-02-12 13:02:00,3.1838,3.1848,3.1818,3.1833,3.1888,3.1898,3.1868,3.1883,23
2026-02-12 13:03:00,3.1823,3.1828,3.1783,3.1783,3.1873,3.1878,3.1833,3.1833,19
2026-02-12 13:04:00,3.1778,3.1778,3.1738,3.1768,3.1828,3.1828,3.1788,3.1818,33
2026-02-12 13:05:00,3.1758,3.1763,3.1728,3.1728,3.1808,3.1813,3.1778,3.1778,23
2026-02-12 13:06:00,3.1718,3.1748,3.1718,3.1733,3.1768,3.1798,3.1768,3.1783,20
2026-02-12 13:07:00,3.1738,3.1763,3.1728,3.1758,3.1788,3.1813,3.1778,3.1808,22
2026-02-12 13:08:00,3.1768,3.1833,3.1768,3.1808,3.1818,3.1883,3.1818,3.1858,14
2026-02-12 13:09:00,3.1803,3.1808,3.1663,3.1808,3.1853,3.1858,3.1713,3.1858,47
2026-02-12 13:10:00,3.1798,3.1798,3.1768,3.1778,3.1848,3.1848,3.1818,3.1828,17
2026-02-12 13:11:00,3.1783,3.1788,3.1763,3.1768,3.1833,3.1838,3.1813,3.1818,18
2026-02-12 13:12:00,3.1763,3.1768,3.1708,3.1738,3.1813,3.1818,3.1758,3.1788,25
2026-02-12 13:13:00,3.1733,3.1743,3.1708,3.1728,3.1783,3.1793,3.1758,3.1778,31
2026-02-12 13:14:00,3.1738,3.1768,3.1703,3.1758,3.1788,3.1818,3.1753,3.1808,20
2026-02-12 13:15:00,3.1748,3.1748,3.1693,3.1738,3.1798,3.1798,3.1743,3.1788,23
2026-02-12 13:16:00,3.1733,3.1778,3.1723,3.1778,3.1783,3.1828,3.1773,3.1828,16
2026-02-12 13:17:00,3.1788,3.1788,3.1753,3.1768,3.1838,3.1838,3.1803,3.1818,15
2026-02-12 13:18:00,3.1773,3.1773,3.1743,3.1743,3.1823,3.1823,3.1793,3.1793,7
2026-02-12 13:19:00,3.1728,3.1863,3.1728,3.1848,3.1778,3.1913,3.1778,3.1898,25
2026-02-12 13:20:00,3.1843,3.1883,3.1823,3.1848,3.1893,3.1933,3.1873,3.1898,28
2026-02-12 13:21:00,3.1853,3.1928,3.1853,3.1923,3.1903,3.1978,3.1903,3.1973,30
2026-02-12 13:22:00,3.1938,3.1938,3.1888,3.1888,3.1988,3.1988,3.1938,3.1938,17
2026-02-12 13:23:00,3.1878,3.1893,3.1873,3.1893,3.1928,3.1943,3.1923,3.1943,8
2026-02-12 13:24:00,3.1888,3.1888,3.1803,3.1803,3.1938,3.1938,3.1853,3.1853,24
2026-02-12 13:25:00,3.1808,3.1823,3.1728,3.1733,3.1858,3.1873,3.1778,3.1783,19
2026-02-12 13:26:00,3.1728,3.1808,3.1728,3.1808,3.1778,3.1858,3.1778,3.1858,15
2026-02-12 13:27:00,3.1818,3.1838,3.1773,3.1778,3.1868,3.1888,3.1823,3.1828,15
2026-02-12 13:28:00,3.1793,3.1873,3.1793,3.1853,3.1843,3.1923,3.1843,3.1903,29
2026-02-12 13:29:00,3.1858,3.1868,3.1818,3.1838,3.1908,3.1918,3.1868,3.1888,16
2026-02-12 13:30:00,3.1833,3.1868,3.1833,3.1853,3.1883,3.1918,3.1883,3.1903,6
2026-02-12 13:31:00,3.1858,3.1878,3.1838,3.1878,3.1908,3.1928,3.1888,3.1928,17
2026-02-12 13:32:00,3.1873,3.1888,3.1848,3.1863,3.1923,3.1938,3.1898,3.1913,27
2026-02-12 13:33:00,3.1858,3.1883,3.1843,3.1878,3.1908,3.1933,3.1893,3.1928,18
2026-02-12 13:34:00,3.1883,3.1883,3.1848,3.1883,3.1933,3.1933,3.1898,3.1933,8
2026-02-12 13:35:00,3.1888,3.1888,3.1868,3.1878,3.1938,3.1938,3.1918,3.1928,10
2026-02-12 13:36:00,3.1873,3.1908,3.1858,3.1868,3.1923,3.1958,3.1908,3.1918,27
2026-02-12 13:37:00,3.1863,3.1868,3.1813,3.1858,3.1913,3.1918,3.1863,3.1908,27
2026-02-12 13:38:00,3.1848,3.1858,3.1808,3.1848,3.1898,3.1908,3.1858,3.1898,24
2026-02-12 13:39:00,3.1858,3.1908,3.1858,3.1888,3.1908,3.1958,3.1908,3.1938,39
2026-02-12 13:40:00,3.1893,3.1903,3.1868,3.1903,3.1943,3.1953,3.1918,3.1953,32
2026-02-12 13:41:00,3.1898,3.1968,3.1898,3.1953,3.1948,3.2018,3.1948,3.2003,45
2026-02-12 13:42:00,3.1948,3.2008,3.1948,3.1983,3.1998,3.2058,3.1998,3.2033,31
2026-02-12 13:43:00,3.1988,3.2058,3.1958,3.2058,3.2038,3.2108,3.2008,3.2108,44
2026-02-12 13:44:00,3.2053,3.2108,3.2033,3.2073,3.2103,3.2158,3.2083,3.2123,32
2026-02-12 13:45:00,3.2068,3.2138,3.2058,3.2138,3.2118,3.2188,3.2108,3.2188,28
2026-02-12 13:46:00,3.2133,3.2133,3.2078,3.2098,3.2183,3.2183,3.2128,3.2148,28
2026-02-12 13:47:00,3.2108,3.2113,3.2078,3.2103,3.2158,3.2163,3.2128,3.2153,21
2026-02-12 13:48:00,3.2098,3.2118,3.2088,3.2108,3.2148,3.2168,3.2138,3.2158,19
2026-02-12 13:49:00,3.2103,3.2113,3.2088,3.2088,3.2153,3.2163,3.2138,3.2138,12
2026-02-12 13:50:00,3.2098,3.2098,3.2013,3.2058,3.2148,3.2148,3.2063,3.2108,16
2026-02-12 13:51:00,3.2053,3.2148,3.2048,3.2143,3.2103,3.2198,3.2098,3.2193,32
2026-02-12 13:52:00,3.2138,3.2138,3.2118,3.2138,3.2188,3.2188,3.2168,3.2188,17
2026-02-12 13:53:00,3.2133,3.2168,3.2068,3.2088,3.2183,3.2218,3.2118,3.2138,31
2026-02-12 13:54:00,3.2083,3.2133,3.2058,3.2133,3.2133,3.2183,3.2108,3.2183,26
2026-02-12 13:55:00,3.2138,3.2168,3.2113,3.2118,3.2188,3.2218,3.2163,3.2168,16
2026-02-12 13:56:00,3.2123,3.2143,3.2058,3.2073,3.2173,3.2193,3.2108,3.2123,42
2026-02-12 13:57:00,3.2078,3.2108,3.2058,3.2088,3.2128,3.2158,3.2108,3.2138,24
2026-02-12 13:58:00,3.2073,3.2078,3.1988,3.1993,3.2123,3.2128,3.2038,3.2043,29
2026-02-12 13:59:00,3.1998,3.2068,3.1968,3.2068,3.2048,3.2118,3.2018,3.2118,33
2026-02-12 14:00:00,3.2073,3.2098,3.2058,3.2073,3.2123,3.2148,3.2108,3.2123,36
2026-02-12 14:01:00,3.2083,3.2128,3.2058,3.2128,3.2133,3.2178,3.2108,3.2178,29
2026-02-12 14:02:00,3.2138,3.2158,3.2108,3.2143,3.2188,3.2208,3.2158,3.2193,28
2026-02-12 14:03:00,3.2153,3.2188,3.2128,3.2168,3.2203,3.2238,3.2178,3.2218,48
2026-02-12 14:04:00,3.2173,3.2173,3.2113,3.2123,3.2223,3.2223,3.2163,3.2173,37
2026-02-12 14:05:00,3.2118,3.2128,3.2078,3.2078,3.2168,3.2178,3.2128,3.2128,34
2026-02-12 14:06:00,3.2073,3.2168,3.2038,3.2138,3.2123,3.2218,3.2088,3.2188,50
2026-02-12 14:07:00,3.2128,3.2218,3.2128,3.2173,3.2178,3.2268,3.2178,3.2223,28
2026-02-12 14:08:00,3.2178,3.2203,3.2158,3.2188,3.2228,3.2253,3.2208,3.2238,30
2026-02-12 14:09:00,3.2183,3.2188,3.2133,3.2158,3.2233,3.2238,3.2183,3.2208,24
2026-02-12 14:10:00,3.2168,3.2203,3.2023,3.2033,3.2218,3.2253,3.2073,3.2083,85
2026-02-12 14:11:00,3.2038,3.2048,3.1988,3.2018,3.2088,3.2098,3.2038,3.2068,42
2026-02-12 14:12:00,3.2038,3.2108,3.2018,3.2073,3.2088,3.2158,3.2068,3.2123,67
2026-02-12 14:13:00,3.2078,3.2103,3.2068,3.2098,3.2128,3.2153,3.2118,3.2148,32
2026-02-12 14:14:00,3.2103,3.2138,3.2023,3.2043,3.2153,3.2188,3.2073,3.2093,46
2026-02-12 14:15:00,3.2048,3.2078,3.1948,3.1963,3.2098,3.2128,3.1998,3.2013,72
2026-02-12 14:16:00,3.1968,3.1968,3.1848,3.1948,3.2018,3.2018,3.1898,3.1998,76
2026-02-12 14:17:00,3.1953,3.1953,3.1868,3.1878,3.2003,3.2003,3.1918,3.1928,40
2026-02-12 14:18:00,3.1883,3.1968,3.1868,3.1968,3.1933,3.2018,3.1918,3.2018,40
2026-02-12 14:19:00,3.1973,3.1988,3.1933,3.1948,3.2023,3.2038,3.1983,3.1998,21
2026-02-12 14:20:00,3.1918,3.1923,3.1878,3.1903,3.1968,3.1973,3.1928,3.1953,25
2026-02-12 14:21:00,3.1898,3.1913,3.1858,3.1883,3.1948,3.1963,3.1908,3.1933,23
2026-02-12 14:22:00,3.1878,3.1973,3.1878,3.1953,3.1928,3.2023,3.1928,3.2003,33
2026-02-12 14:23:00,3.1958,3.2003,3.1948,3.1978,3.2008,3.2053,3.1998,3.2028,25
2026-02-12 14:24:00,3.1983,3.1998,3.1928,3.1928,3.2033,3.2048,3.1978,3.1978,32
2026-02-12 14:25:00,3.1923,3.2088,3.1918,3.2088,3.1973,3.2138,3.1968,3.2138,58
2026-02-12 14:26:00,3.2098,3.2138,3.2058,3.2083,3.2148,3.2188,3.2108,3.2133,54
2026-02-12 14:27:00,3.2078,3.2138,3.2078,3.2113,3.2128,3.2188,3.2128,3.2163,27
2026-02-12 14:28:00,3.2108,3.2123,3.2078,3.2093,3.2158,3.2173,3.2128,3.2143,21
2026-02-12 14:29:00,3.2098,3.2098,3.2068,3.2098,3.2148,3.2148,3.2118,3.2148,18
2026-02-12 14:30:00,3.2093,3.2128,3.2028,3.2073,3.2143,3.2178,3.2078,3.2123,37
2026-02-12 14:31:00,3.2078,3.2143,3.2078,3.2128,3.2128,3.2193,3.2128,3.2178,43
2026-02-12 14:32:00,3.2133,3.2208,3.2113,3.2123,3.2183,3.2258,3.2163,3.2173,82
2026-02-12 14:33:00,3.2128,3.2168,3.2108,3.2148,3.2178,3.2218,3.2158,3.2198,46
2026-02-12 14:34:00,3.2138,3.2143,3.2068,3.2068,3.2188,3.2193,3.2118,3.2118,37
2026-02-12 14:35:00,3.2063,3.2118,3.2048,3.2093,3.2113,3.2168,3.2098,3.2143,33
2026-02-12 14:36:00,3.2098,3.2128,3.2088,3.2123,3.2148,3.2178,3.2138,3.2173,34
2026-02-12 14:37:00,3.2128,3.2128,3.2103,3.2108,3.2178,3.2178,3.2153,3.2158,21
2026-02-12 14:38:00,3.2118,3.2148,3.2068,3.2093,3.2168,3.2198,3.2118,3.2143,45
2026-02-12 14:39:00,3.2088,3.2088,3.2038,3.2043,3.2138,3.2138,3.2088,3.2093,41
2026-02-12 14:40:00,3.2038,3.2068,3.2008,3.2048,3.2088,3.2118,3.2058,3.2098,25
2026-02-12 14:41:00,3.2053,3.2098,3.2018,3.2023,3.2103,3.2148,3.2068,3.2073,34
2026-02-12 14:42:00,3.2013,3.2013,3.1923,3.1958,3.2063,3.2063,3.1973,3.2008,54
2026-02-12 14:43:00,3.1953,3.1958,3.1908,3.1913,3.2003,3.2008,3.1958,3.1963,33
2026-02-12 14:44:00,3.1908,3.1978,3.1888,3.1968,3.1958,3.2028,3.1938,3.2018,40
2026-02-12 14:45:00,3.1963,3.1968,3.1948,3.1958,3.2013,3.2018,3.1998,3.2008,21
2026-02-12 14:46:00,3.1968,3.2023,3.1958,3.1998,3.2018,3.2073,3.2008,3.2048,39
2026-02-12 14:47:00,3.1988,3.1988,3.1968,3.1988,3.2038,3.2038,3.2018,3.2038,13
2026-02-12 14:48:00,3.1993,3.2188,3.1993,3.2113,3.2043,3.2238,3.2043,3.2163,119
2026-02-12 14:49:00,3.2108,3.2128,3.2068,3.2088,3.2158,3.2178,3.2118,3.2138,47
2026-02-12 14:50:00,3.2093,3.2128,3.2018,3.2028,3.2143,3.2178,3.2068,3.2078,44
2026-02-12 14:51:00,3.2023,3.2043,3.1988,3.2013,3.2073,3.2093,3.2038,3.2063,28
2026-02-12 14:52:00,3.2008,3.2043,3.1868,3.1893,3.2058,3.2093,3.1918,3.1943,75
2026-02-12 14:53:00,3.1898,3.1948,3.1858,3.1943,3.1948,3.1998,3.1908,3.1993,43
2026-02-12 14:54:00,3.1938,3.1938,3.1888,3.1918,3.1988,3.1988,3.1938,3.1968,46
2026-02-12 14:55:00,3.1913,3.1928,3.1858,3.1928,3.1963,3.1978,3.1908,3.1978,50
2026-02-12 14:56:00,3.1918,3.1978,3.1888,3.1958,3.1968,3.2028,3.1938,3.2008,43
2026-02-12 14:57:00,3.1953,3.1963,3.1933,3.1938,3.2003,3.2013,3.1983,3.1988,28
2026-02-12 14:58:00,3.1943,3.1948,3.1868,3.1893,3.1993,3.1998,3.1918,3.1943,44
2026-02-12 14:59:00,3.1888,3.1988,3.1883,3.1948,3.1938,3.2038,3.1933,3.1998,47
2026-02-12 15:00:00,3.1938,3.1963,3.1878,3.1908,3.1988,3.2013,3.1928,3.1958,112
2026-02-12 15:01:00,3.1898,3.1898,3.1798,3.1848,3.1948,3.1948,3.1848,3.1898,103
2026-02-12 15:02:00,3.1843,3.1848,3.1768,3.1788,3.1893,3.1898,3.1818,3.1838,71
2026-02-12 15:03:00,3.1783,3.1968,3.1723,3.1928,3.1833,3.2018,3.1773,3.1978,112
2026-02-12 15:04:00,3.1918,3.1928,3.1848,3.1868,3.1968,3.1978,3.1898,3.1918,68
2026-02-12 15:05:00,3.1853,3.2058,3.1838,3.2008,3.1903,3.2108,3.1888,3.2058,103
2026-02-12 15:06:00,3.2003,3.2018,3.1958,3.1983,3.2053,3.2068,3.2008,3.2033,44
2026-02-12 15:07:00,3.1988,3.2058,3.1988,3.2018,3.2038,3.2108,3.2038,3.2068,50
2026-02-12 15:08:00,3.2013,3.2038,3.1968,3.1983,3.2063,3.2088,3.2018,3.2033,43
2026-02-12 15:09:00,3.1988,3.2048,3.1938,3.2028,3.2038,3.2098,3.1988,3.2078,57
2026-02-12 15:10:00,3.2018,3.2038,3.1988,3.1993,3.2068,3.2088,3.2038,3.2043,32
2026-02-12 15:11:00,3.1998,3.2018,3.1938,3.1958,3.2048,3.2068,3.1988,3.2008,65
2026-02-12 15:12:00,3.1963,3.2098,3.1963,3.2048,3.2013,3.2148,3.2013,3.2098,58
2026-02-12 15:13:00,3.2053,3.2093,3.2038,3.2093,3.2103,3.2143,3.2088,3.2143,41
2026-02-12 15:14:00,3.2098,3.2148,3.2068,3.2133,3.2148,3.2198,3.2118,3.2183,49
2026-02-12 15:15:00,3.2138,3.2208,3.2123,3.2133,3.2188,3.2258,3.2173,3.2183,74
2026-02-12 15:16:00,3.2128,3.2128,3.2018,3.2063,3.2178,3.2178,3.2068,3.2113,67
2026-02-12 15:17:00,3.2073,3.2118,3.2018,3.2063,3.2123,3.2168,3.2068,3.2113,76
2026-02-12 15:18:00,3.2068,3.2078,3.1968,3.2038,3.2118,3.2128,3.2018,3.2088,61
2026-02-12 15:19:00,3.2028,3.2068,3.1988,3.2018,3.2078,3.2118,3.2038,3.2068,34
2026-02-12 15:20:00,3.2013,3.2033,3.1948,3.1968,3.2063,3.2083,3.1998,3.2018,40
2026-02-12 15:21:00,3.1973,3.1978,3.1928,3.1948,3.2023,3.2028,3.1978,3.1998,41
2026-02-12 15:22:00,3.1953,3.2068,3.1953,3.2028,3.2003,3.2118,3.2003,3.2078,34
2026-02-12 15:23:00,3.2033,3.2098,3.2033,3.2043,3.2083,3.2148,3.2083,3.2093,45
2026-02-12 15:24:00,3.2048,3.2093,3.2048,3.2088,3.2098,3.2143,3.2098,3.2138,31
2026-02-12 15:25:00,3.2098,3.2228,3.2098,3.2228,3.2148,3.2278,3.2148,3.2278,77
2026-02-12 15:26:00,3.2218,3.2233,3.2148,3.2228,3.2268,3.2283,3.2198,3.2278,51
2026-02-12 15:27:00,3.2218,3.2298,3.2218,3.2283,3.2268,3.2348,3.2268,3.2333,81
2026-02-12 15:28:00,3.2278,3.2338,3.2278,3.2313,3.2328,3.2388,3.2328,3.2363,58
2026-02-12 15:29:00,3.2323,3.2328,3.2288,3.2303,3.2373,3.2378,3.2338,3.2353,58
2026-02-12 15:30:00,3.2288,3.2348,3.2278,3.2323,3.2338,3.2398,3.2328,3.2373,76
2026-02-12 15:31:00,3.2328,3.2398,3.2318,3.2378,3.2378,3.2448,3.2368,3.2428,72
2026-02-12 15:32:00,3.2373,3.2468,3.2368,3.2378,3.2423,3.2518,3.2418,3.2428,91
2026-02-12 15:33:00,3.2373,3.2388,3.2308,3.2368,3.2423,3.2438,3.2358,3.2418,72
2026-02-12 15:34:00,3.2373,3.2438,3.2358,3.2408,3.2423,3.2488,3.2408,3.2458,69
2026-02-12 15:35:00,3.2413,3.2423,3.2368,3.2418,3.2463,3.2473,3.2418,3.2468,88
2026-02-12 15:36:00,3.2423,3.2488,3.2423,3.2478,3.2473,3.2538,3.2473,3.2528,56
2026-02-12 15:37:00,3.2448,3.2463,3.2398,3.2413,3.2498,3.2513,3.2448,3.2463,42
2026-02-12 15:38:00,3.2403,3.2428,3.2388,3.2408,3.2453,3.2478,3.2438,3.2458,33
2026-02-12 15:39:00,3.2418,3.2438,3.2368,3.2438,3.2468,3.2488,3.2418,3.2488,58
2026-02-12 15:40:00,3.2428,3.2438,3.2338,3.2363,3.2478,3.2488,3.2388,3.2413,41
2026-02-12 15:41:00,3.2378,3.2408,3.2348,3.2348,3.2428,3.2458,3.2398,3.2398,31
2026-02-12 15:42:00,3.2358,3.2418,3.2353,3.2418,3.2408,3.2468,3.2403,3.2468,31
2026-02-12 15:43:00,3.2428,3.2428,3.2358,3.2368,3.2478,3.2478,3.2408,3.2418,42
2026-02-12 15:44:00,3.2363,3.2373,3.2318,3.2338,3.2413,3.2423,3.2368,3.2388,37
2026-02-12 15:45:00,3.2333,3.2398,3.2333,3.2368,3.2383,3.2448,3.2383,3.2418,35
2026-02-12 15:46:00,3.2378,3.2393,3.2358,3.2378,3.2428,3.2443,3.2408,3.2428,40
2026-02-12 15:47:00,3.2383,3.2383,3.2348,3.2368,3.2433,3.2433,3.2398,3.2418,28
2026-02-12 15:48:00,3.2378,3.2418,3.2358,3.2418,3.2428,3.2468,3.2408,3.2468,44
2026-02-12 15:49:00,3.2428,3.2458,3.2408,3.2438,3.2478,3.2508,3.2458,3.2488,46
2026-02-12 15:50:00,3.2443,3.2478,3.2438,3.2468,3.2493,3.2528,3.2488,3.2518,40
2026-02-12 15:51:00,3.2463,3.2463,3.2423,3.2438,3.2513,3.2513,3.2473,3.2488,38
2026-02-12 15:52:00,3.2448,3.2448,3.2353,3.2408,3.2498,3.2498,3.2403,3.2458,60
2026-02-12 15:53:00,3.2403,3.2458,3.2403,3.2448,3.2453,3.2508,3.2453,3.2498,28
2026-02-12 15:54:00,3.2453,3.2463,3.2433,3.2458,3.2503,3.2513,3.2483,3.2508,24
2026-02-12 15:55:00,3.2453,3.2518,3.2448,3.2478,3.2503,3.2568,3.2498,3.2528,53
2026-02-12 15:56:00,3.2488,3.2508,3.2418,3.2428,3.2538,3.2558,3.2468,3.2478,47
2026-02-12 15:57:00,3.2418,3.2418,3.2358,3.2393,3.2468,3.2468,3.2408,3.2443,61
2026-02-12 15:58:00,3.2398,3.2398,3.2348,3.2363,3.2448,3.2448,3.2398,3.2413,44
2026-02-12 15:59:00,3.2368,3.2403,3.2353,3.2388,3.2418,3.2453,3.2403,3.2438,54
2026-02-12 16:00:00,3.2393,3.2418,3.2358,3.2368,3.2443,3.2468,3.2408,3.2418,33
2026-02-12 16:01:00,3.2363,3.2428,3.2318,3.2413,3.2413,3.2478,3.2368,3.2463,42
2026-02-12 16:02:00,3.2398,3.2398,3.2298,3.2338,3.2448,3.2448,3.2348,3.2388,63
2026-02-12 16:03:00,3.2343,3.2368,3.2328,3.2348,3.2393,3.2418,3.2378,3.2398,27
2026-02-12 16:04:00,3.2343,3.2343,3.2288,3.2298,3.2393,3.2393,3.2338,3.2348,46
2026-02-12 16:05:00,3.2313,3.2333,3.2288,3.2328,3.2363,3.2383,3.2338,3.2378,47
2026-02-12 16:06:00,3.2323,3.2348,3.2303,3.2348,3.2373,3.2398,3.2353,3.2398,32
2026-02-12 16:07:00,3.2338,3.2358,3.2328,3.2343,3.2388,3.2408,3.2378,3.2393,14
2026-02-12 16:08:00,3.2338,3.2338,3.2298,3.2308,3.2388,3.2388,3.2348,3.2358,30
2026-02-12 16:09:00,3.2303,3.2323,3.2288,3.2313,3.2353,3.2373,3.2338,3.2363,36
2026-02-12 16:10:00,3.2318,3.2353,3.2278,3.2288,3.2368,3.2403,3.2328,3.2338,33
2026-02-12 16:11:00,3.2283,3.2283,3.2208,3.2223,3.2333,3.2333,3.2258,3.2273,66
2026-02-12 16:12:00,3.2218,3.2243,3.2208,3.2233,3.2268,3.2293,3.2258,3.2283,42
2026-02-12 16:13:00,3.2238,3.2328,3.2228,3.2328,3.2288,3.2378,3.2278,3.2378,32
2026-02-12 16:14:00,3.2333,3.2358,3.2308,3.2328,3.2383,3.2408,3.2358,3.2378,48
2026-02-12 16:15:00,3.2323,3.2348,3.2293,3.2328,3.2373,3.2398,3.2343,3.2378,28
2026-02-12 16:16:00,3.2333,3.2348,3.2278,3.2303,3.2383,3.2398,3.2328,3.2353,54
2026-02-12 16:17:00,3.2298,3.2408,3.2298,3.2383,3.2348,3.2458,3.2348,3.2433,56
2026-02-12 16:18:00,3.2388,3.2403,3.2308,3.2308,3.2438,3.2453,3.2358,3.2358,25
2026-02-12 16:19:00,3.2313,3.2318,3.2223,3.2273,3.2363,3.2368,3.2273,3.2323,52
2026-02-12 16:20:00,3.2268,3.2323,3.2248,3.2263,3.2318,3.2373,3.2298,3.2313,51
2026-02-12 16:21:00,3.2268,3.2278,3.2213,3.2243,3.2318,3.2328,3.2263,3.2293,34
2026-02-12 16:22:00,3.2248,3.2248,3.2188,3.2208,3.2298,3.2298,3.2238,3.2258,25
2026-02-12 16:23:00,3.2198,3.2208,3.2163,3.2198,3.2248,3.2258,3.2213,3.2248,25
2026-02-12 16:24:00,3.2208,3.2248,3.2188,3.2208,3.2258,3.2298,3.2238,3.2258,35
2026-02-12 16:25:00,3.2213,3.2308,3.2213,3.2293,3.2263,3.2358,3.2263,3.2343,56
2026-02-12 16:26:00,3.2278,3.2278,3.2238,3.2253,3.2328,3.2328,3.2288,3.2303,31
2026-02-12 16:27:00,3.2258,3.2303,3.2223,3.2238,3.2308,3.2353,3.2273,3.2288,46
2026-02-12 16:28:00,3.2233,3.2238,3.2168,3.2218,3.2283,3.2288,3.2218,3.2268,62
2026-02-12 16:29:00,3.2208,3.2208,3.2108,3.2183,3.2258,3.2258,3.2158,3.2233,66
2026-02-12 16:30:00,3.2188,3.2188,3.1708,3.1773,3.2238,3.2238,3.1758,3.1823,400
2026-02-12 16:31:00,3.1758,3.1928,3.1743,3.1868,3.1808,3.1978,3.1793,3.1918,192
2026-02-12 16:32:00,3.1863,3.1898,3.1758,3.1768,3.1913,3.1948,3.1808,3.1818,108
2026-02-12 16:33:00,3.1778,3.1813,3.1608,3.1693,3.1828,3.1863,3.1658,3.1743,146
2026-02-12 16:34:00,3.1698,3.1778,3.1688,3.1718,3.1748,3.1828,3.1738,3.1768,106
2026-02-12 16:35:00,3.1713,3.1838,3.1688,3.1818,3.1763,3.1888,3.1738,3.1868,105
2026-02-12 16:36:00,3.1813,3.1853,3.1743,3.1778,3.1863,3.1903,3.1793,3.1828,96
2026-02-12 16:37:00,3.1773,3.1798,3.1698,3.1758,3.1823,3.1848,3.1748,3.1808,113
2026-02-12 16:38:00,3.1763,3.1783,3.1673,3.1763,3.1813,3.1833,3.1723,3.1813,109
2026-02-12 16:39:00,3.1748,3.1903,3.1743,3.1888,3.1798,3.1953,3.1793,3.1938,119
2026-02-12 16:40:00,3.1878,3.1898,3.1798,3.1848,3.1928,3.1948,3.1848,3.1898,74
2026-02-12 16:41:00,3.1843,3.1898,3.1838,3.1848,3.1893,3.1948,3.1888,3.1898,57
2026-02-12 16:42:00,3.1858,3.1878,3.1828,3.1858,3.1908,3.1928,3.1878,3.1908,61
2026-02-12 16:43:00,3.1863,3.1913,3.1853,3.1853,3.1913,3.1963,3.1903,3.1903,61
2026-02-12 16:44:00,3.1858,3.1868,3.1828,3.1838,3.1908,3.1918,3.1878,3.1888,32
2026-02-12 16:45:00,3.1833,3.1868,3.1818,3.1858,3.1883,3.1918,3.1868,3.1908,37
2026-02-12 16:46:00,3.1868,3.1868,3.1738,3.1748,3.1918,3.1918,3.1788,3.1798,55
2026-02-12 16:47:00,3.1758,3.1838,3.1718,3.1718,3.1808,3.1888,3.1768,3.1768,40
2026-02-12 16:48:00,3.1728,3.1728,3.1613,3.1613,3.1778,3.1778,3.1663,3.1663,83
2026-02-12 16:49:00,3.1618,3.1718,3.1618,3.1663,3.1668,3.1768,3.1668,3.1713,69
2026-02-12 16:50:00,3.1648,3.1658,3.1548,3.1558,3.1698,3.1708,3.1598,3.1608,91
2026-02-12 16:51:00,3.1553,3.1558,3.1468,3.1488,3.1603,3.1608,3.1518,3.1538,84
2026-02-12 16:52:00,3.1493,3.1518,3.1298,3.1343,3.1543,3.1568,3.1348,3.1393,106
2026-02-12 16:53:00,3.1338,3.1368,3.1308,3.1338,3.1388,3.1418,3.1358,3.1388,76
2026-02-12 16:54:00,3.1333,3.1398,3.1298,3.1368,3.1383,3.1448,3.1348,3.1418,112
2026-02-12 16:55:00,3.1358,3.1428,3.1343,3.1358,3.1408,3.1478,3.1393,3.1408,80
2026-02-12 16:56:00,3.1353,3.1358,3.1298,3.1298,3.1403,3.1408,3.1348,3.1348,69
2026-02-12 16:57:00,3.1303,3.1348,3.1278,3.1313,3.1353,3.1398,3.1328,3.1363,76
2026-02-12 16:58:00,3.1318,3.1373,3.1308,3.1358,3.1368,3.1423,3.1358,3.1408,63
2026-02-12 16:59:00,3.1348,3.1458,3.1338,3.1413,3.1398,3.1508,3.1388,3.1463,98
2026-02-12 17:00:00,3.1418,3.1563,3.1418,3.1508,3.1468,3.1613,3.1468,3.1558,77
2026-02-12 17:01:00,3.1503,3.1518,3.1458,3.1468,3.1553,3.1568,3.1508,3.1518,40
2026-02-12 17:02:00,3.1473,3.1593,3.1458,3.1593,3.1523,3.1643,3.1508,3.1643,65
2026-02-12 17:03:00,3.1583,3.1648,3.1578,3.1598,3.1633,3.1698,3.1628,3.1648,110
2026-02-12 17:04:00,3.1603,3.1648,3.1593,3.1638,3.1653,3.1698,3.1643,3.1688,52
2026-02-12 17:05:00,3.1643,3.1688,3.1618,3.1688,3.1693,3.1738,3.1668,3.1738,55
2026-02-12 17:06:00,3.1698,3.1798,3.1688,3.1788,3.1748,3.1848,3.1738,3.1838,80
2026-02-12 17:07:00,3.1778,3.1808,3.1743,3.1793,3.1828,3.1858,3.1793,3.1843,54
2026-02-12 17:08:00,3.1798,3.1843,3.1778,3.1798,3.1848,3.1893,3.1828,3.1848,39
2026-02-12 17:09:00,3.1803,3.1828,3.1768,3.1783,3.1853,3.1878,3.1818,3.1833,41
2026-02-12 17:10:00,3.1788,3.1803,3.1743,3.1788,3.1838,3.1853,3.1793,3.1838,70
2026-02-12 17:11:00,3.1783,3.1798,3.1768,3.1778,3.1833,3.1848,3.1818,3.1828,31
2026-02-12 17:12:00,3.1788,3.1798,3.1728,3.1758,3.1838,3.1848,3.1778,3.1808,35
2026-02-12 17:13:00,3.1753,3.1753,3.1718,3.1728,3.1803,3.1803,3.1768,3.1778,35
2026-02-12 17:14:00,3.1723,3.1728,3.1688,3.1708,3.1773,3.1778,3.1738,3.1758,31
2026-02-12 17:15:00,3.1713,3.1778,3.1698,3.1773,3.1763,3.1828,3.1748,3.1823,36
2026-02-12 17:16:00,3.1768,3.1768,3.1678,3.1678,3.1818,3.1818,3.1728,3.1728,27
2026-02-12 17:17:00,3.1683,3.1843,3.1683,3.1808,3.1733,3.1893,3.1733,3.1858,47
2026-02-12 17:18:00,3.1798,3.1858,3.1778,3.1838,3.1848,3.1908,3.1828,3.1888,42
2026-02-12 17:19:00,3.1828,3.1828,3.1773,3.1783,3.1878,3.1878,3.1823,3.1833,36
2026-02-12 17:20:00,3.1778,3.1798,3.1728,3.1738,3.1828,3.1848,3.1778,3.1788,39
2026-02-12 17:21:00,3.1733,3.1818,3.1733,3.1783,3.1783,3.1868,3.1783,3.1833,41
2026-02-12 17:22:00,3.1788,3.1803,3.1523,3.1528,3.1838,3.1853,3.1573,3.1578,109
2026-02-12 17:23:00,3.1523,3.1548,3.1408,3.1468,3.1573,3.1598,3.1458,3.1518,64
2026-02-12 17:24:00,3.1463,3.1483,3.1428,3.1483,3.1513,3.1533,3.1478,3.1533,68
2026-02-12 17:25:00,3.1488,3.1528,3.1488,3.1503,3.1538,3.1578,3.1538,3.1553,37
2026-02-12 17:26:00,3.1508,3.1508,3.1458,3.1468,3.1558,3.1558,3.1508,3.1518,31
2026-02-12 17:27:00,3.1463,3.1558,3.1458,3.1543,3.1513,3.1608,3.1508,3.1593,50
2026-02-12 17:28:00,3.1548,3.1553,3.1468,3.1478,3.1598,3.1603,3.1518,3.1528,31
2026-02-12 17:29:00,3.1473,3.1493,3.1453,3.1458,3.1523,3.1543,3.1503,3.1508,33
2026-02-12 17:30:00,3.1468,3.1578,3.1468,3.1578,3.1518,3.1628,3.1518,3.1628,60
2026-02-12 17:31:00,3.1583,3.1618,3.1528,3.1558,3.1633,3.1668,3.1578,3.1608,77
2026-02-12 17:32:00,3.1553,3.1598,3.1498,3.1518,3.1603,3.1648,3.1548,3.1568,71
2026-02-12 17:33:00,3.1508,3.1538,3.1488,3.1498,3.1558,3.1588,3.1538,3.1548,43
2026-02-12 17:34:00,3.1498,3.1513,3.1408,3.1498,3.1548,3.1563,3.1458,3.1548,67
2026-02-12 17:35:00,3.1488,3.1598,3.1483,3.1588,3.1538,3.1648,3.1533,3.1638,57
2026-02-12 17:36:00,3.1598,3.1623,3.1528,3.1598,3.1648,3.1673,3.1578,3.1648,62
2026-02-12 17:37:00,3.1618,3.1743,3.1598,3.1688,3.1668,3.1793,3.1648,3.1738,85
2026-02-12 17:38:00,3.1698,3.1718,3.1633,3.1698,3.1748,3.1768,3.1683,3.1748,54
2026-02-12 17:39:00,3.1683,3.1788,3.1648,3.1743,3.1733,3.1838,3.1698,3.1793,62
2026-02-12 17:40:00,3.1738,3.1768,3.1713,3.1738,3.1788,3.1818,3.1763,3.1788,45
2026-02-12 17:41:00,3.1743,3.1813,3.1743,3.1788,3.1793,3.1863,3.1793,3.1838,49
2026-02-12 17:42:00,3.1783,3.1898,3.1778,3.1878,3.1833,3.1948,3.1828,3.1928,103
2026-02-12 17:43:00,3.1873,3.2008,3.1873,3.1968,3.1923,3.2058,3.1923,3.2018,70
2026-02-12 17:44:00,3.1973,3.2028,3.1958,3.1978,3.2023,3.2078,3.2008,3.2028,70
2026-02-12 17:45:00,3.1973,3.2018,3.1938,3.1938,3.2023,3.2068,3.1988,3.1988,44
2026-02-12 17:46:00,3.1933,3.1943,3.1858,3.1868,3.1983,3.1993,3.1908,3.1918,54
2026-02-12 17:47:00,3.1873,3.1878,3.1828,3.1848,3.1923,3.1928,3.1878,3.1898,33
2026-02-12 17:48:00,3.1843,3.1868,3.1828,3.1838,3.1893,3.1918,3.1878,3.1888,48
2026-02-12 17:49:00,3.1843,3.1848,3.1748,3.1753,3.1893,3.1898,3.1798,3.1803,47
2026-02-12 17:50:00,3.1748,3.1813,3.1668,3.1668,3.1798,3.1863,3.1718,3.1718,58
2026-02-12 17:51:00,3.1678,3.1728,3.1638,3.1708,3.1728,3.1778,3.1688,3.1758,72
2026-02-12 17:52:00,3.1703,3.1703,3.1588,3.1598,3.1753,3.1753,3.1638,3.1648,41
2026-02-12 17:53:00,3.1593,3.1618,3.1578,3.1583,3.1643,3.1668,3.1628,3.1633,47
2026-02-12 17:54:00,3.1578,3.1628,3.1573,3.1598,3.1628,3.1678,3.1623,3.1648,68
2026-02-12 17:55:00,3.1608,3.1608,3.1563,3.1568,3.1658,3.1658,3.1613,3.1618,30
2026-02-12 17:56:00,3.1578,3.1578,3.1503,3.1513,3.1628,3.1628,3.1553,3.1563,32
2026-02-12 17:57:00,3.1503,3.1528,3.1498,3.1498,3.1553,3.1578,3.1548,3.1548,39
2026-02-12 17:58:00,3.1493,3.1523,3.1473,3.1523,3.1543,3.1573,3.1523,3.1573,37
2026-02-12 17:59:00,3.1528,3.1598,3.1528,3.1583,3.1578,3.1648,3.1578,3.1633,55
2026-02-12 18:00:00,3.1573,3.1618,3.1558,3.1558,3.1623,3.1668,3.1608,3.1608,44
2026-02-12 18:01:00,3.1553,3.1558,3.1488,3.1513,3.1603,3.1608,3.1538,3.1563,36
2026-02-12 18:02:00,3.1518,3.1568,3.1518,3.1548,3.1568,3.1618,3.1568,3.1598,35
2026-02-12 18:03:00,3.1538,3.1563,3.1518,3.1528,3.1588,3.1613,3.1568,3.1578,28
2026-02-12 18:04:00,3.1538,3.1573,3.1538,3.1568,3.1588,3.1623,3.1588,3.1618,27
2026-02-12 18:05:00,3.1558,3.1663,3.1538,3.1638,3.1608,3.1713,3.1588,3.1688,45
2026-02-12 18:06:00,3.1633,3.1718,3.1618,3.1678,3.1683,3.1768,3.1668,3.1728,46
2026-02-12 18:07:00,3.1688,3.1758,3.1668,3.1738,3.1738,3.1808,3.1718,3.1788,38
2026-02-12 18:08:00,3.1728,3.1748,3.1703,3.1728,3.1778,3.1798,3.1753,3.1778,39
2026-02-12 18:09:00,3.1718,3.1778,3.1718,3.1748,3.1768,3.1828,3.1768,3.1798,31
2026-02-12 18:10:00,3.1758,3.1768,3.1718,3.1728,3.1808,3.1818,3.1768,3.1778,24
2026-02-12 18:11:00,3.1738,3.1808,3.1738,3.1758,3.1788,3.1858,3.1788,3.1808,33
2026-02-12 18:12:00,3.1753,3.1753,3.1718,3.1733,3.1803,3.1803,3.1768,3.1783,27
2026-02-12 18:13:00,3.1738,3.1818,3.1713,3.1793,3.1788,3.1868,3.1763,3.1843,54
2026-02-12 18:14:00,3.1788,3.1798,3.1758,3.1768,3.1838,3.1848,3.1808,3.1818,30
2026-02-12 18:15:00,3.1773,3.1778,3.1728,3.1728,3.1823,3.1828,3.1778,3.1778,32
2026-02-12 18:16:00,3.1723,3.1858,3.1693,3.1858,3.1773,3.1908,3.1743,3.1908,69
2026-02-12 18:17:00,3.1863,3.1928,3.1838,3.1858,3.1913,3.1978,3.1888,3.1908,80
2026-02-12 18:18:00,3.1868,3.1883,3.1858,3.1868,3.1918,3.1933,3.1908,3.1918,25
2026-02-12 18:19:00,3.1858,3.1938,3.1838,3.1838,3.1908,3.1988,3.1888,3.1888,59
2026-02-12 18:20:00,3.1848,3.1868,3.1808,3.1863,3.1898,3.1918,3.1858,3.1913,33
2026-02-12 18:21:00,3.1858,3.2038,3.1858,3.1988,3.1908,3.2088,3.1908,3.2038,67
2026-02-12 18:22:00,3.1993,3.2128,3.1978,3.2108,3.2043,3.2178,3.2028,3.2158,69
2026-02-12 18:23:00,3.2103,3.2133,3.2068,3.2078,3.2153,3.2183,3.2118,3.2128,67
2026-02-12 18:24:00,3.2068,3.2238,3.2063,3.2203,3.2118,3.2288,3.2113,3.2253,93
2026-02-12 18:25:00,3.2198,3.2258,3.2148,3.2163,3.2248,3.2308,3.2198,3.2213,73
2026-02-12 18:26:00,3.2158,3.2173,3.2048,3.2088,3.2208,3.2223,3.2098,3.2138,85
2026-02-12 18:27:00,3.2093,3.2208,3.2093,3.2193,3.2143,3.2258,3.2143,3.2243,44
2026-02-12 18:28:00,3.2208,3.2258,3.2143,3.2233,3.2258,3.2308,3.2193,3.2283,89
2026-02-12 18:29:00,3.2238,3.2258,3.2158,3.2168,3.2288,3.2308,3.2208,3.2218,46
2026-02-12 18:30:00,3.2173,3.2183,3.2113,3.2148,3.2223,3.2233,3.2163,3.2198,59
2026-02-12 18:31:00,3.2153,3.2168,3.2118,3.2143,3.2203,3.2218,3.2168,3.2193,35
2026-02-12 18:32:00,3.2153,3.2163,3.2113,3.2118,3.2203,3.2213,3.2163,3.2168,26
2026-02-12 18:33:00,3.2128,3.2128,3.2008,3.2013,3.2178,3.2178,3.2058,3.2063,57
2026-02-12 18:34:00,3.2018,3.2168,3.2018,3.2103,3.2068,3.2218,3.2068,3.2153,55
2026-02-12 18:35:00,3.2108,3.2113,3.2028,3.2028,3.2158,3.2163,3.2078,3.2078,37
2026-02-12 18:36:00,3.2038,3.2068,3.2028,3.2028,3.2088,3.2118,3.2078,3.2078,20
2026-02-12 18:37:00,3.2023,3.2028,3.1988,3.1998,3.2073,3.2078,3.2038,3.2048,29
2026-02-12 18:38:00,3.1993,3.2013,3.1953,3.1968,3.2043,3.2063,3.2003,3.2018,45
2026-02-12 18:39:00,3.1963,3.2008,3.1963,3.1988,3.2013,3.2058,3.2013,3.2038,25
2026-02-12 18:40:00,3.1998,3.1998,3.1918,3.1933,3.2048,3.2048,3.1968,3.1983,35
2026-02-12 18:41:00,3.1943,3.2048,3.1928,3.2033,3.1993,3.2098,3.1978,3.2083,56
2026-02-12 18:42:00,3.2038,3.2078,3.2033,3.2078,3.2088,3.2128,3.2083,3.2128,22
2026-02-12 18:43:00,3.2083,3.2123,3.2018,3.2058,3.2133,3.2173,3.2068,3.2108,60
2026-02-12 18:44:00,3.2053,3.2168,3.2053,3.2138,3.2103,3.2218,3.2103,3.2188,64
2026-02-12 18:45:00,3.2128,3.2153,3.2108,3.2138,3.2178,3.2203,3.2158,3.2188,33
2026-02-12 18:46:00,3.2148,3.2148,3.2108,3.2128,3.2198,3.2198,3.2158,3.2178,34
2026-02-12 18:47:00,3.2133,3.2208,3.2128,3.2153,3.2183,3.2258,3.2178,3.2203,59
2026-02-12 18:48:00,3.2158,3.2158,3.2028,3.2053,3.2208,3.2208,3.2078,3.2103,52
2026-02-12 18:49:00,3.2048,3.2098,3.2048,3.2098,3.2098,3.2148,3.2098,3.2148,38
2026-02-12 18:50:00,3.2108,3.2168,3.2108,3.2158,3.2158,3.2218,3.2158,3.2208,48
2026-02-12 18:51:00,3.2148,3.2218,3.2123,3.2203,3.2198,3.2268,3.2173,3.2253,49
2026-02-12 18:52:00,3.2198,3.2208,3.2143,3.2158,3.2248,3.2258,3.2193,3.2208,43
2026-02-12 18:53:00,3.2168,3.2168,3.2108,3.2113,3.2218,3.2218,3.2158,3.2163,36
2026-02-12 18:54:00,3.2108,3.2108,3.1938,3.1978,3.2158,3.2158,3.1988,3.2028,70
2026-02-12 18:55:00,3.1968,3.1978,3.1898,3.1943,3.2018,3.2028,3.1948,3.1993,48
2026-02-12 18:56:00,3.1948,3.1958,3.1908,3.1918,3.1998,3.2008,3.1958,3.1968,39
2026-02-12 18:57:00,3.1928,3.1958,3.1908,3.1933,3.1978,3.2008,3.1958,3.1983,34
2026-02-12 18:58:00,3.1928,3.1953,3.1928,3.1938,3.1978,3.2003,3.1978,3.1988,22
2026-02-12 18:59:00,3.1943,3.1968,3.1923,3.1968,3.1993,3.2018,3.1973,3.2018,27
2026-02-12 19:00:00,3.1963,3.1963,3.1878,3.1908,3.2013,3.2013,3.1928,3.1958,48
2026-02-12 19:01:00,3.1918,3.1968,3.1888,3.1933,3.1968,3.2018,3.1938,3.1983,34
2026-02-12 19:02:00,3.1948,3.1958,3.1923,3.1958,3.1998,3.2008,3.1973,3.2008,22
2026-02-12 19:03:00,3.1953,3.1953,3.1913,3.1923,3.2003,3.2003,3.1963,3.1973,32
2026-02-12 19:04:00,3.1928,3.1948,3.1923,3.1933,3.1978,3.1998,3.1973,3.1983,24
2026-02-12 19:05:00,3.1928,3.2028,3.1928,3.1988,3.1978,3.2078,3.1978,3.2038,39
2026-02-12 19:06:00,3.1983,3.1993,3.1943,3.1968,3.2033,3.2043,3.1993,3.2018,18
2026-02-12 19:07:00,3.1973,3.1973,3.1918,3.1933,3.2023,3.2023,3.1968,3.1983,28
2026-02-12 19:08:00,3.1938,3.1953,3.1898,3.1898,3.1988,3.2003,3.1948,3.1948,35
2026-02-12 19:09:00,3.1913,3.1938,3.1908,3.1928,3.1963,3.1988,3.1958,3.1978,20
2026-02-12 19:10:00,3.1933,3.1933,3.1818,3.1828,3.1983,3.1983,3.1868,3.1878,25
2026-02-12 19:11:00,3.1818,3.1853,3.1778,3.1853,3.1868,3.1903,3.1828,3.1903,43
2026-02-12 19:12:00,3.1858,3.1858,3.1808,3.1848,3.1908,3.1908,3.1858,3.1898,24
2026-02-12 19:13:00,3.1843,3.1903,3.1843,3.1883,3.1893,3.1953,3.1893,3.1933,27
2026-02-12 19:14:00,3.1888,3.1918,3.1878,3.1918,3.1938,3.1968,3.1928,3.1968,23
2026-02-12 19:15:00,3.1933,3.1948,3.1668,3.1708,3.1983,3.1998,3.1718,3.1758,84
2026-02-12 19:16:00,3.1703,3.1738,3.1608,3.1698,3.1753,3.1788,3.1658,3.1748,88
2026-02-12 19:17:00,3.1693,3.1813,3.1693,3.1758,3.1743,3.1863,3.1743,3.1808,77
2026-02-12 19:18:00,3.1763,3.1873,3.1763,3.1798,3.1813,3.1923,3.1813,3.1848,77
2026-02-12 19:19:00,3.1803,3.1813,3.1648,3.1678,3.1853,3.1863,3.1698,3.1728,61
2026-02-12 19:20:00,3.1673,3.1723,3.1608,3.1718,3.1723,3.1773,3.1658,3.1768,67
2026-02-12 19:21:00,3.1713,3.1713,3.1643,3.1688,3.1763,3.1763,3.1693,3.1738,32
2026-02-12 19:22:00,3.1673,3.1708,3.1598,3.1613,3.1723,3.1758,3.1648,3.1663,58
2026-02-12 19:23:00,3.1618,3.1648,3.1598,3.1613,3.1668,3.1698,3.1648,3.1663,45
2026-02-12 19:24:00,3.1603,3.1678,3.1558,3.1603,3.1653,3.1728,3.1608,3.1653,68
2026-02-12 19:25:00,3.1598,3.1598,3.1518,3.1543,3.1648,3.1648,3.1568,3.1593,46
2026-02-12 19:26:00,3.1538,3.1548,3.1448,3.1498,3.1588,3.1598,3.1498,3.1548,78
2026-02-12 19:27:00,3.1513,3.1538,3.1438,3.1468,3.1563,3.1588,3.1488,3.1518,58
2026-02-12 19:28:00,3.1473,3.1483,3.1418,3.1458,3.1523,3.1533,3.1468,3.1508,38
2026-02-12 19:29:00,3.1453,3.1488,3.1448,3.1458,3.1503,3.1538,3.1498,3.1508,31
2026-02-12 19:30:00,3.1453,3.1458,3.1388,3.1458,3.1503,3.1508,3.1438,3.1508,44
2026-02-12 19:31:00,3.1453,3.1498,3.1438,3.1448,3.1503,3.1548,3.1488,3.1498,47
2026-02-12 19:32:00,3.1438,3.1478,3.1433,3.1458,3.1488,3.1528,3.1483,3.1508,25
2026-02-12 19:33:00,3.1463,3.1463,3.1378,3.1458,3.1513,3.1513,3.1428,3.1508,35
2026-02-12 19:34:00,3.1463,3.1478,3.1418,3.1448,3.1513,3.1528,3.1468,3.1498,29
2026-02-12 19:35:00,3.1453,3.1458,3.1418,3.1443,3.1503,3.1508,3.1468,3.1493,24
2026-02-12 19:36:00,3.1448,3.1448,3.1408,3.1408,3.1498,3.1498,3.1458,3.1458,17
2026-02-12 19:37:00,3.1398,3.1428,3.1368,3.1393,3.1448,3.1478,3.1418,3.1443,40
2026-02-12 19:38:00,3.1398,3.1398,3.1278,3.1298,3.1448,3.1448,3.1328,3.1348,38
2026-02-12 19:39:00,3.1288,3.1303,3.1238,3.1268,3.1338,3.1353,3.1288,3.1318,65
2026-02-12 19:40:00,3.1273,3.1293,3.1253,3.1268,3.1323,3.1343,3.1303,3.1318,22
2026-02-12 19:41:00,3.1258,3.1268,3.1248,3.1268,3.1308,3.1318,3.1298,3.1318,21
2026-02-12 19:42:00,3.1273,3.1333,3.1268,3.1328,3.1323,3.1383,3.1318,3.1378,61
2026-02-12 19:43:00,3.1318,3.1338,3.1303,3.1318,3.1368,3.1388,3.1353,3.1368,38
2026-02-12 19:44:00,3.1313,3.1333,3.1288,3.1298,3.1363,3.1383,3.1338,3.1348,35
2026-02-12 19:45:00,3.1303,3.1303,3.1258,3.1283,3.1353,3.1353,3.1308,3.1333,34
2026-02-12 19:46:00,3.1278,3.1308,3.1278,3.1303,3.1328,3.1358,3.1328,3.1353,26
2026-02-12 19:47:00,3.1318,3.1318,3.1288,3.1318,3.1368,3.1368,3.1338,3.1368,30
2026-02-12 19:48:00,3.1323,3.1448,3.1308,3.1448,3.1373,3.1498,3.1358,3.1498,57
2026-02-12 19:49:00,3.1438,3.1543,3.1438,3.1498,3.1488,3.1593,3.1488,3.1548,69
2026-02-12 19:50:00,3.1488,3.1488,3.1438,3.1468,3.1538,3.1538,3.1488,3.1518,40
2026-02-12 19:51:00,3.1473,3.1478,3.1438,3.1453,3.1523,3.1528,3.1488,3.1503,18
2026-02-12 19:52:00,3.1458,3.1498,3.1413,3.1438,3.1508,3.1548,3.1463,3.1488,33
2026-02-12 19:53:00,3.1443,3.1448,3.1418,3.1438,3.1493,3.1498,3.1468,3.1488,25
2026-02-12 19:54:00,3.1433,3.1438,3.1378,3.1428,3.1483,3.1488,3.1428,3.1478,34
2026-02-12 19:55:00,3.1423,3.1468,3.1368,3.1373,3.1473,3.1518,3.1418,3.1423,40
2026-02-12 19:56:00,3.1378,3.1398,3.1353,3.1383,3.1428,3.1448,3.1403,3.1433,45
2026-02-12 19:57:00,3.1388,3.1398,3.1348,3.1373,3.1438,3.1448,3.1398,3.1423,28
2026-02-12 19:58:00,3.1378,3.1378,3.1328,3.1343,3.1428,3.1428,3.1378,3.1393,35
2026-02-12 19:59:00,3.1348,3.1378,3.1328,3.1373,3.1398,3.1428,3.1378,3.1423,45
2026-02-12 20:00:00,3.1378,3.1528,3.1363,3.1498,3.1428,3.1578,3.1413,3.1548,69
2026-02-12 20:01:00,3.1493,3.1493,3.1418,3.1438,3.1543,3.1543,3.1468,3.1488,36
2026-02-12 20:02:00,3.1433,3.1458,3.1363,3.1368,3.1483,3.1508,3.1413,3.1418,32
2026-02-12 20:03:00,3.1363,3.1378,3.1328,3.1348,3.1413,3.1428,3.1378,3.1398,45
2026-02-12 20:04:00,3.1353,3.1368,3.1318,3.1358,3.1403,3.1418,3.1368,3.1408,44
2026-02-12 20:05:00,3.1348,3.1373,3.1338,3.1368,3.1398,3.1423,3.1388,3.1418,35
2026-02-12 20:06:00,3.1358,3.1398,3.1328,3.1348,3.1408,3.1448,3.1378,3.1398,35
2026-02-12 20:07:00,3.1343,3.1353,3.1333,3.1353,3.1393,3.1403,3.1383,3.1403,25
2026-02-12 20:08:00,3.1348,3.1368,3.1308,3.1318,3.1398,3.1418,3.1358,3.1368,53
2026-02-12 20:09:00,3.1313,3.1318,3.1278,3.1298,3.1363,3.1368,3.1328,3.1348,40
2026-02-12 20:10:00,3.1303,3.1353,3.1273,3.1338,3.1353,3.1403,3.1323,3.1388,33
2026-02-12 20:11:00,3.1328,3.1343,3.1288,3.1293,3.1378,3.1393,3.1338,3.1343,26
2026-02-12 20:12:00,3.1298,3.1328,3.1288,3.1293,3.1348,3.1378,3.1338,3.1343,21
2026-02-12 20:13:00,3.1298,3.1353,3.1298,3.1328,3.1348,3.1403,3.1348,3.1378,27
2026-02-12 20:14:00,3.1333,3.1368,3.1328,3.1348,3.1383,3.1418,3.1378,3.1398,22
2026-02-12 20:15:00,3.1353,3.1378,3.1333,3.1338,3.1403,3.1428,3.1383,3.1388,25
2026-02-12 20:16:00,3.1333,3.1373,3.1333,3.1338,3.1383,3.1423,3.1383,3.1388,33
2026-02-12 20:17:00,3.1343,3.1568,3.1343,3.1508,3.1393,3.1618,3.1393,3.1558,94
2026-02-12 20:18:00,3.1513,3.1513,3.1408,3.1408,3.1563,3.1563,3.1458,3.1458,57
2026-02-12 20:19:00,3.1403,3.1448,3.1403,3.1448,3.1453,3.1498,3.1453,3.1498,45
2026-02-12 20:20:00,3.1438,3.1438,3.1368,3.1373,3.1488,3.1488,3.1418,3.1423,53
2026-02-12 20:21:00,3.1363,3.1393,3.1328,3.1353,3.1413,3.1443,3.1378,3.1403,55
2026-02-12 20:22:00,3.1378,3.1428,3.1338,3.1368,3.1428,3.1478,3.1388,3.1418,68
2026-02-12 20:23:00,3.1373,3.1448,3.1368,3.1448,3.1423,3.1498,3.1418,3.1498,51
2026-02-12 20:24:00,3.1458,3.1513,3.1458,3.1488,3.1508,3.1563,3.1508,3.1538,62
2026-02-12 20:25:00,3.1508,3.1538,3.1468,3.1528,3.1558,3.1588,3.1518,3.1578,63
2026-02-12 20:26:00,3.1523,3.1548,3.1428,3.1443,3.1573,3.1598,3.1478,3.1493,67
2026-02-12 20:27:00,3.1448,3.1503,3.1433,3.1488,3.1498,3.1553,3.1483,3.1538,108
2026-02-12 20:28:00,3.1498,3.1528,3.1388,3.1518,3.1548,3.1578,3.1438,3.1568,171
2026-02-12 20:29:00,3.1528,3.1638,3.1518,3.1618,3.1578,3.1688,3.1568,3.1668,99
2026-02-12 20:30:00,3.1608,3.1628,3.1538,3.1568,3.1658,3.1678,3.1588,3.1618,82
2026-02-12 20:31:00,3.1558,3.1648,3.1558,3.1603,3.1608,3.1698,3.1608,3.1653,56
2026-02-12 20:32:00,3.1608,3.1648,3.1588,3.1628,3.1658,3.1698,3.1638,3.1678,25
2026-02-12 20:33:00,3.1623,3.1628,3.1608,3.1613,3.1673,3.1678,3.1658,3.1663,16
2026-02-12 20:34:00,3.1608,3.1608,3.1598,3.1608,3.1658,3.1658,3.1648,3.1658,7
2026-02-12 20:35:00,3.1598,3.1638,3.1598,3.1628,3.1648,3.1688,3.1648,3.1678,15
2026-02-12 20:36:00,3.1633,3.1643,3.1618,3.1633,3.1683,3.1693,3.1668,3.1683,18
2026-02-12 20:37:00,3.1638,3.1678,3.1628,3.1668,3.1688,3.1728,3.1678,3.1718,22
2026-02-12 20:38:00,3.1658,3.1728,3.1658,3.1718,3.1708,3.1778,3.1708,3.1768,36
2026-02-12 20:39:00,3.1713,3.1718,3.1668,3.1683,3.1763,3.1768,3.1718,3.1733,22
2026-02-12 20:40:00,3.1673,3.1743,3.1673,3.1738,3.1723,3.1793,3.1723,3.1788,16
2026-02-12 20:41:00,3.1743,3.1798,3.1733,3.1733,3.1793,3.1848,3.1783,3.1783,35
2026-02-12 20:42:00,3.1738,3.1738,3.1688,3.1708,3.1788,3.1788,3.1738,3.1758,16
2026-02-12 20:43:00,3.1718,3.1718,3.1698,3.1713,3.1768,3.1768,3.1748,3.1763,13
2026-02-12 20:44:00,3.1718,3.1718,3.1708,3.1708,3.1768,3.1768,3.1758,3.1758,7
2026-02-12 20:45:00,3.1718,3.1728,3.1718,3.1723,3.1768,3.1778,3.1768,3.1773,6
2026-02-12 20:46:00,3.1718,3.1728,3.1708,3.1713,3.1768,3.1778,3.1758,3.1763,6
2026-02-12 20:47:00,3.1708,3.1718,3.1708,3.1718,3.1758,3.1768,3.1758,3.1768,7
2026-02-12 20:48:00,3.1723,3.1723,3.1688,3.1698,3.1773,3.1773,3.1738,3.1748,15
2026-02-12 20:49:00,3.1693,3.1728,3.1678,3.1693,3.1743,3.1778,3.1728,3.1743,16
2026-02-12 20:50:00,3.1688,3.1693,3.1603,3.1658,3.1738,3.1743,3.1653,3.1708,48
2026-02-12 20:51:00,3.1658,3.1688,3.1658,3.1688,3.1708,3.1738,3.1708,3.1738,5
2026-02-12 20:52:00,3.1673,3.1678,3.1623,3.1623,3.1723,3.1728,3.1673,3.1673,18
2026-02-12 20:53:00,3.1618,3.1628,3.1598,3.1598,3.1668,3.1678,3.1648,3.1648,12
2026-02-12 20:54:00,3.1603,3.1603,3.1528,3.1558,3.1653,3.1653,3.1578,3.1608,24
2026-02-12 20:55:00,3.1553,3.1558,3.1518,3.1523,3.1603,3.1608,3.1568,3.1573,14
2026-02-12 20:56:00,3.1518,3.1523,3.1498,3.1498,3.1568,3.1573,3.1548,3.1548,11
2026-02-12 20:57:00,3.1503,3.1538,3.1503,3.1528,3.1553,3.1588,3.1553,3.1578,17
2026-02-12 20:58:00,3.1523,3.1578,3.1523,3.1548,3.1573,3.1628,3.1573,3.1598,27
2026-02-12 20:59:00,3.1553,3.1558,3.1538,3.1558,3.1603,3.1608,3.1588,3.1608,15
2026-02-12 21:00:00,3.1563,3.1583,3.1553,3.1578,3.1613,3.1633,3.1603,3.1628,18
2026-02-12 21:01:00,3.1568,3.1578,3.1553,3.1558,3.1618,3.1628,3.1603,3.1608,8
2026-02-12 21:02:00,3.1548,3.1583,3.1508,3.1578,3.1598,3.1633,3.1558,3.1628,28
2026-02-12 21:03:00,3.1573,3.1578,3.1548,3.1568,3.1623,3.1628,3.1598,3.1618,9
2026-02-12 21:04:00,3.1563,3.1563,3.1518,3.1543,3.1613,3.1613,3.1568,3.1593,19
2026-02-12 21:05:00,3.1538,3.1568,3.1538,3.1558,3.1588,3.1618,3.1588,3.1608,10
2026-02-12 21:06:00,3.1553,3.1573,3.1553,3.1558,3.1603,3.1623,3.1603,3.1608,11
2026-02-12 21:07:00,3.1553,3.1553,3.1538,3.1548,3.1603,3.1603,3.1588,3.1598,5
2026-02-12 21:08:00,3.1553,3.1553,3.1553,3.1553,3.1603,3.1603,3.1603,3.1603,1
2026-02-12 21:09:00,3.1548,3.1558,3.1528,3.1558,3.1598,3.1608,3.1578,3.1608,12
2026-02-12 21:10:00,3.1548,3.1553,3.1543,3.1548,3.1598,3.1603,3.1593,3.1598,4
2026-02-12 21:11:00,3.1553,3.1573,3.1553,3.1568,3.1603,3.1623,3.1603,3.1618,10
2026-02-12 21:12:00,3.1573,3.1583,3.1573,3.1583,3.1623,3.1633,3.1623,3.1633,5
2026-02-12 21:13:00,3.1578,3.1588,3.1568,3.1578,3.1628,3.1638,3.1618,3.1628,9
2026-02-12 21:14:00,3.1568,3.1578,3.1568,3.1573,3.1618,3.1628,3.1618,3.1623,6
2026-02-12 21:15:00,3.1563,3.1563,3.1508,3.1518,3.1613,3.1613,3.1558,3.1568,17
2026-02-12 21:16:00,3.1508,3.1513,3.1473,3.1473,3.1558,3.1563,3.1523,3.1523,8
2026-02-12 21:17:00,3.1468,3.1468,3.1418,3.1448,3.1518,3.1518,3.1468,3.1498,30
2026-02-12 21:18:00,3.1453,3.1463,3.1438,3.1463,3.1503,3.1513,3.1488,3.1513,10
2026-02-12 21:19:00,3.1468,3.1488,3.1458,3.1483,3.1518,3.1538,3.1508,3.1533,11
2026-02-12 21:20:00,3.1488,3.1488,3.1458,3.1458,3.1538,3.1538,3.1508,3.1508,6
2026-02-12 21:21:00,3.1463,3.1468,3.1453,3.1468,3.1513,3.1518,3.1503,3.1518,5
2026-02-12 21:22:00,3.1478,3.1518,3.1468,3.1483,3.1528,3.1568,3.1518,3.1533,20
2026-02-12 21:23:00,3.1498,3.1548,3.1488,3.1528,3.1548,3.1598,3.1538,3.1578,30
2026-02-12 21:24:00,3.1558,3.1558,3.1518,3.1523,3.1608,3.1608,3.1568,3.1573,27
2026-02-12 21:25:00,3.1528,3.1543,3.1528,3.1538,3.1578,3.1593,3.1578,3.1588,6
2026-02-12 21:26:00,3.1548,3.1558,3.1528,3.1528,3.1598,3.1608,3.1578,3.1578,12
2026-02-12 21:27:00,3.1533,3.1543,3.1528,3.1538,3.1583,3.1593,3.1578,3.1588,5
2026-02-12 21:28:00,3.1533,3.1548,3.1533,3.1548,3.1583,3.1598,3.1583,3.1598,6
2026-02-12 21:29:00,3.1543,3.1543,3.1518,3.1528,3.1593,3.1593,3.1568,3.1578,22
2026-02-12 21:30:00,3.1523,3.1528,3.1518,3.1518,3.1573,3.1578,3.1568,3.1568,7
2026-02-12 21:31:00,3.1528,3.1553,3.1518,3.1553,3.1578,3.1603,3.1568,3.1603,14
2026-02-12 21:32:00,3.1548,3.1548,3.1528,3.1528,3.1598,3.1598,3.1578,3.1578,10
2026-02-12 21:33:00,3.1523,3.1528,3.1523,3.1528,3.1573,3.1578,3.1573,3.1578,4
2026-02-12 21:34:00,3.1523,3.1523,3.1473,3.1478,3.1573,3.1573,3.1523,3.1528,15
2026-02-12 21:35:00,3.1473,3.1503,3.1468,3.1498,3.1523,3.1553,3.1518,3.1548,11
2026-02-12 21:36:00,3.1493,3.1503,3.1493,3.1493,3.1543,3.1553,3.1543,3.1543,4
2026-02-12 21:37:00,3.1488,3.1508,3.1478,3.1508,3.1538,3.1558,3.1528,3.1558,9
2026-02-12 21:38:00,3.1513,3.1513,3.1508,3.1513,3.1563,3.1563,3.1558,3.1563,3
2026-02-12 21:39:00,3.1508,3.1518,3.1503,3.1513,3.1558,3.1568,3.1553,3.1563,8
2026-02-12 21:40:00,3.1518,3.1568,3.1513,3.1543,3.1568,3.1618,3.1563,3.1593,13
2026-02-12 21:41:00,3.1538,3.1548,3.1538,3.1548,3.1588,3.1598,3.1588,3.1598,6
2026-02-12 21:42:00,3.1558,3.1558,3.1538,3.1548,3.1608,3.1608,3.1588,3.1598,4
2026-02-12 21:43:00,3.1543,3.1543,3.1543,3.1543,3.1593,3.1593,3.1593,3.1593,1
2026-02-12 21:44:00,3.1538,3.1548,3.1538,3.1548,3.1588,3.1598,3.1588,3.1598,5
2026-02-12 21:45:00,3.1553,3.1553,3.1528,3.1533,3.1603,3.1603,3.1578,3.1583,14
2026-02-12 21:46:00,3.1538,3.1548,3.1508,3.1518,3.1588,3.1598,3.1558,3.1568,19
2026-02-12 21:47:00,3.1523,3.1528,3.1488,3.1498,3.1573,3.1578,3.1538,3.1548,16
2026-02-12 21:48:00,3.1493,3.1498,3.1478,3.1478,3.1543,3.1548,3.1528,3.1528,7
2026-02-12 21:49:00,3.1483,3.1503,3.1473,3.1498,3.1533,3.1553,3.1523,3.1548,11
2026-02-12 21:50:00,3.1493,3.1518,3.1493,3.1493,3.1543,3.1568,3.1543,3.1543,10
2026-02-12 21:51:00,3.1488,3.1503,3.1483,3.1483,3.1538,3.1553,3.1533,3.1533,7
2026-02-12 21:52:00,3.1488,3.1488,3.1478,3.1483,3.1538,3.1538,3.1528,3.1533,3
2026-02-12 21:53:00,3.1488,3.1518,3.1488,3.1513,3.1538,3.1568,3.1538,3.1563,13
2026-02-12 21:54:00,3.1518,3.1528,3.1508,3.1523,3.1568,3.1578,3.1558,3.1573,12
2026-02-12 21:55:00,3.1518,3.1528,3.1508,3.1523,3.1568,3.1578,3.1558,3.1573,13
2026-02-12 21:56:00,3.1518,3.1518,3.1498,3.1498,3.1568,3.1568,3.1548,3.1548,10
2026-02-12 21:57:00,3.1508,3.1518,3.1508,3.1518,3.1558,3.1568,3.1558,3.1568,3
2026-02-12 21:58:00,3.1523,3.1528,3.1498,3.1498,3.1573,3.1578,3.1548,3.1548,6
2026-02-12 21:59:00,3.1488,3.1503,3.1488,3.1488,3.1538,3.1553,3.1538,3.1538,5
2026-02-12 22:00:00,3.1493,3.1508,3.1493,3.1503,3.1543,3.1558,3.1543,3.1553,6
2026-02-12 22:01:00,3.1498,3.1513,3.1498,3.1513,3.1548,3.1563,3.1548,3.1563,4
2026-02-12 22:02:00,3.1518,3.1528,3.1513,3.1518,3.1568,3.1578,3.1563,3.1568,11
2026-02-12 22:03:00,3.1523,3.1523,3.1508,3.1508,3.1573,3.1573,3.1558,3.1558,4
2026-02-12 22:04:00,3.1513,3.1513,3.1498,3.1498,3.1563,3.1563,3.1548,3.1548,5
2026-02-12 22:05:00,3.1503,3.1503,3.1438,3.1453,3.1553,3.1553,3.1488,3.1503,16
2026-02-12 22:06:00,3.1448,3.1458,3.1448,3.1458,3.1498,3.1508,3.1498,3.1508,8
2026-02-12 22:07:00,3.1463,3.1463,3.1438,3.1448,3.1513,3.1513,3.1488,3.1498,11
2026-02-12 22:08:00,3.1443,3.1453,3.1433,3.1438,3.1493,3.1503,3.1483,3.1488,15
2026-02-12 22:09:00,3.1443,3.1443,3.1408,3.1423,3.1493,3.1493,3.1458,3.1473,12
2026-02-12 22:10:00,3.1433,3.1433,3.1388,3.1428,3.1483,3.1483,3.1438,3.1478,22
2026-02-12 22:11:00,3.1423,3.1423,3.1398,3.1398,3.1473,3.1473,3.1448,3.1448,8
2026-02-12 22:12:00,3.1403,3.1408,3.1393,3.1393,3.1453,3.1458,3.1443,3.1443,13
2026-02-12 22:13:00,3.1398,3.1418,3.1368,3.1418,3.1448,3.1468,3.1418,3.1468,13
2026-02-12 22:14:00,3.1413,3.1423,3.1393,3.1398,3.1463,3.1473,3.1443,3.1448,16
2026-02-12 22:15:00,3.1408,3.1408,3.1398,3.1403,3.1458,3.1458,3.1448,3.1453,4
2026-02-12 22:16:00,3.1398,3.1398,3.1378,3.1383,3.1448,3.1448,3.1428,3.1433,10
2026-02-12 22:17:00,3.1388,3.1388,3.1388,3.1388,3.1438,3.1438,3.1438,3.1438,1
2026-02-12 22:18:00,3.1393,3.1393,3.1378,3.1388,3.1443,3.1443,3.1428,3.1438,6
2026-02-12 22:19:00,3.1408,3.1408,3.1388,3.1388,3.1458,3.1458,3.1438,3.1438,3
2026-02-12 22:20:00,3.1398,3.1423,3.1393,3.1423,3.1448,3.1473,3.1443,3.1473,7
2026-02-12 22:21:00,3.1413,3.1413,3.1408,3.1413,3.1463,3.1463,3.1458,3.1463,3
2026-02-12 22:22:00,3.1418,3.1418,3.1408,3.1418,3.1468,3.1468,3.1458,3.1468,5
2026-02-12 22:23:00,3.1423,3.1423,3.1418,3.1418,3.1473,3.1473,3.1468,3.1468,2
2026-02-12 22:24:00,3.1423,3.1423,3.1418,3.1418,3.1473,3.1473,3.1468,3.1468,2
2026-02-12 22:26:00,3.1408,3.1418,3.1408,3.1418,3.1458,3.1468,3.1458,3.1468,5
2026-02-12 22:27:00,3.1413,3.1413,3.1398,3.1408,3.1463,3.1463,3.1448,3.1458,4
2026-02-12 22:28:00,3.1413,3.1428,3.1413,3.1428,3.1463,3.1478,3.1463,3.1478,5
2026-02-12 22:29:00,3.1433,3.1448,3.1428,3.1438,3.1483,3.1498,3.1478,3.1488,9
2026-02-12 22:30:00,3.1433,3.1433,3.1418,3.1418,3.1483,3.1483,3.1468,3.1468,4
2026-02-12 22:31:00,3.1423,3.1423,3.1423,3.1423,3.1473,3.1473,3.1473,3.1473,1
2026-02-12 22:32:00,3.1428,3.1448,3.1428,3.1428,3.1478,3.1498,3.1478,3.1478,6
2026-02-12 22:33:00,3.1418,3.1418,3.1403,3.1408,3.1468,3.1468,3.1453,3.1458,6
2026-02-12 22:34:00,3.1413,3.1413,3.1413,3.1413,3.1463,3.1463,3.1463,3.1463,1
2026-02-12 22:35:00,3.1408,3.1413,3.1408,3.1413,3.1458,3.1463,3.1458,3.1463,2
2026-02-12 22:36:00,3.1408,3.1408,3.1403,3.1408,3.1458,3.1458,3.1453,3.1458,3
2026-02-12 22:37:00,3.1403,3.1403,3.1393,3.1393,3.1453,3.1453,3.1443,3.1443,3
2026-02-12 22:38:00,3.1398,3.1408,3.1398,3.1403,3.1448,3.1458,3.1448,3.1453,3
2026-02-12 22:39:00,3.1398,3.1398,3.1398,3.1398,3.1448,3.1448,3.1448,3.1448,1
2026-02-12 22:40:00,3.1393,3.1398,3.1393,3.1398,3.1443,3.1448,3.1443,3.1448,2
2026-02-12 22:41:00,3.1393,3.1393,3.1393,3.1393,3.1443,3.1443,3.1443,3.1443,1
2026-02-12 22:42:00,3.1398,3.1398,3.1393,3.1393,3.1448,3.1448,3.1443,3.1443,2
2026-02-12 22:43:00,3.1398,3.1408,3.1398,3.1408,3.1448,3.1458,3.1448,3.1458,4
2026-02-12 22:44:00,3.1403,3.1403,3.1403,3.1403,3.1453,3.1453,3.1453,3.1453,1
2026-02-12 22:45:00,3.1398,3.1463,3.1398,3.1448,3.1448,3.1513,3.1448,3.1498,24
2026-02-12 22:46:00,3.1453,3.1453,3.1438,3.1438,3.1503,3.1503,3.1488,3.1488,4
2026-02-12 22:47:00,3.1448,3.1458,3.1448,3.1458,3.1498,3.1508,3.1498,3.1508,5
2026-02-12 22:48:00,3.1468,3.1468,3.1458,3.1468,3.1518,3.1518,3.1508,3.1518,6
2026-02-12 22:49:00,3.1463,3.1463,3.1463,3.1463,3.1513,3.1513,3.1513,3.1513,1
2026-02-12 22:50:00,3.1468,3.1508,3.1453,3.1493,3.1518,3.1558,3.1503,3.1543,16
2026-02-12 22:51:00,3.1498,3.1558,3.1498,3.1553,3.1548,3.1608,3.1548,3.1603,16
2026-02-12 22:52:00,3.1543,3.1583,3.1543,3.1543,3.1593,3.1633,3.1593,3.1593,15
2026-02-12 22:53:00,3.1533,3.1533,3.1528,3.1528,3.1583,3.1583,3.1578,3.1578,2
2026-02-12 22:54:00,3.1533,3.1573,3.1533,3.1568,3.1583,3.1623,3.1583,3.1618,7
2026-02-12 22:55:00,3.1578,3.1628,3.1578,3.1618,3.1628,3.1678,3.1628,3.1668,17
2026-02-12 22:56:00,3.1613,3.1613,3.1583,3.1588,3.1663,3.1663,3.1633,3.1638,8
2026-02-12 22:57:00,3.1593,3.1608,3.1583,3.1588,3.1643,3.1658,3.1633,3.1638,10
2026-02-12 22:58:00,3.1603,3.1603,3.1578,3.1578,3.1653,3.1653,3.1628,3.1628,4
2026-02-12 22:59:00,3.1568,3.1603,3.1168,3.1188,3.1618,3.1653,3.1218,3.1238,24
2026-02-13 00:00:00,3.1158,3.1183,3.1063,3.1118,3.1208,3.1233,3.1113,3.1168,33
2026-02-13 00:01:00,3.1123,3.1233,3.1113,3.1213,3.1173,3.1283,3.1163,3.1263,24
2026-02-13 00:02:00,3.1208,3.1208,3.1173,3.1173,3.1258,3.1258,3.1223,3.1223,4
2026-02-13 00:03:00,3.1183,3.1183,3.1163,3.1163,3.1233,3.1233,3.1213,3.1213,3
2026-02-13 00:04:00,3.1168,3.1173,3.1158,3.1173,3.1218,3.1223,3.1208,3.1223,3
2026-02-13 00:05:00,3.1168,3.1168,3.1168,3.1168,3.1218,3.1218,3.1218,3.1218,1
2026-02-13 00:06:00,3.1183,3.1223,3.1183,3.1223,3.1233,3.1273,3.1233,3.1273,6
2026-02-13 00:07:00,3.1218,3.1233,3.1193,3.1193,3.1268,3.1283,3.1243,3.1243,7
2026-02-13 00:08:00,3.1198,3.1203,3.1188,3.1188,3.1248,3.1253,3.1238,3.1238,5
2026-02-13 00:10:00,3.1178,3.1183,3.1178,3.1183,3.1228,3.1233,3.1228,3.1233,2
2026-02-13 00:11:00,3.1178,3.1183,3.1153,3.1158,3.1228,3.1233,3.1203,3.1208,9
2026-02-13 00:12:00,3.1168,3.1178,3.1168,3.1178,3.1218,3.1228,3.1218,3.1228,2
2026-02-13 00:13:00,3.1168,3.1168,3.1163,3.1163,3.1218,3.1218,3.1213,3.1213,2
2026-02-13 00:14:00,3.1168,3.1168,3.1168,3.1168,3.1218,3.1218,3.1218,3.1218,1
2026-02-13 00:15:00,3.1173,3.1173,3.1158,3.1158,3.1223,3.1223,3.1208,3.1208,3
2026-02-13 00:16:00,3.1148,3.1168,3.1148,3.1168,3.1198,3.1218,3.1198,3.1218,3
2026-02-13 00:18:00,3.1163,3.1163,3.1163,3.1163,3.1213,3.1213,3.1213,3.1213,1
2026-02-13 00:20:00,3.1168,3.1173,3.1168,3.1173,3.1218,3.1223,3.1218,3.1223,2
2026-02-13 00:21:00,3.1168,3.1168,3.1168,3.1168,3.1218,3.1218,3.1218,3.1218,1
2026-02-13 00:22:00,3.1163,3.1168,3.1163,3.1168,3.1213,3.1218,3.1213,3.1218,2
2026-02-13 00:25:00,3.1173,3.1173,3.1128,3.1138,3.1223,3.1223,3.1178,3.1188,6
2026-02-13 00:26:00,3.1143,3.1143,3.1143,3.1143,3.1193,3.1193,3.1193,3.1193,1
2026-02-13 00:27:00,3.1128,3.1128,3.1123,3.1123,3.1178,3.1178,3.1173,3.1173,2
2026-02-13 00:28:00,3.1128,3.1128,3.1128,3.1128,3.1178,3.1178,3.1178,3.1178,1
2026-02-13 00:29:00,3.1133,3.1133,3.1133,3.1133,3.1183,3.1183,3.1183,3.1183,1
2026-02-13 00:30:00,3.1128,3.1128,3.1118,3.1118,3.1178,3.1178,3.1168,3.1168,2
2026-02-13 00:31:00,3.1113,3.1113,3.1108,3.1108,3.1163,3.1163,3.1158,3.1158,2
2026-02-13 00:33:00,3.1103,3.1103,3.1103,3.1103,3.1153,3.1153,3.1153,3.1153,1
2026-02-13 00:34:00,3.1098,3.1103,3.1093,3.1103,3.1148,3.1153,3.1143,3.1153,4
2026-02-13 00:36:00,3.1098,3.1098,3.1098,3.1098,3.1148,3.1148,3.1148,3.1148,1
2026-02-13 00:37:00,3.1103,3.1108,3.1103,3.1108,3.1153,3.1158,3.1153,3.1158,2
2026-02-13 00:39:00,3.1113,3.1113,3.1113,3.1113,3.1163,3.1163,3.1163,3.1163,1
2026-02-13 00:40:00,3.1108,3.1113,3.1108,3.1113,3.1158,3.1163,3.1158,3.1163,2
2026-02-13 00:41:00,3.1108,3.1108,3.1103,3.1103,3.1158,3.1158,3.1153,3.1153,2
2026-02-13 00:43:00,3.1098,3.1098,3.1098,3.1098,3.1148,3.1148,3.1148,3.1148,1
2026-02-13 00:45:00,3.1093,3.1093,3.1073,3.1073,3.1143,3.1143,3.1123,3.1123,7
2026-02-13 00:46:00,3.1078,3.1098,3.1078,3.1098,3.1128,3.1148,3.1128,3.1148,3
2026-02-13 00:47:00,3.1108,3.1108,3.1108,3.1108,3.1158,3.1158,3.1158,3.1158,1
2026-02-13 00:48:00,3.1113,3.1113,3.1113,3.1113,3.1163,3.1163,3.1163,3.1163,1
2026-02-13 00:50:00,3.1118,3.1128,3.1118,3.1128,3.1168,3.1178,3.1168,3.1178,3
2026-02-13 00:54:00,3.1133,3.1133,3.1133,3.1133,3.1183,3.1183,3.1183,3.1183,1
2026-02-13 00:56:00,3.1138,3.1198,3.1138,3.1193,3.1188,3.1248,3.1188,3.1243,7
2026-02-13 00:57:00,3.1198,3.1198,3.1193,3.1193,3.1248,3.1248,3.1243,3.1243,2
2026-02-13 00:58:00,3.1198,3.1198,3.1173,3.1178,3.1248,3.1248,3.1223,3.1228,4
2026-02-13 01:01:00,3.1173,3.1173,3.1173,3.1173,3.1223,3.1223,3.1223,3.1223,1
2026-02-13 01:02:00,3.1178,3.1183,3.1178,3.1178,3.1228,3.1233,3.1228,3.1228,3
2026-02-13 01:04:00,3.1188,3.1188,3.1188,3.1188,3.1238,3.1238,3.1238,3.1238,1
2026-02-13 01:05:00,3.1198,3.1198,3.1193,3.1193,3.1248,3.1248,3.1243,3.1243,2
2026-02-13 01:06:00,3.1178,3.1198,3.1178,3.1198,3.1228,3.1248,3.1228,3.1248,3
2026-02-13 01:07:00,3.1203,3.1263,3.1203,3.1258,3.1253,3.1313,3.1253,3.1308,9
2026-02-13 01:08:00,3.1263,3.1273,3.1248,3.1248,3.1313,3.1323,3.1298,3.1298,5
2026-02-13 01:09:00,3.1243,3.1243,3.1238,3.1238,3.1293,3.1293,3.1288,3.1288,2
2026-02-13 01:10:00,3.1228,3.1233,3.1228,3.1233,3.1278,3.1283,3.1278,3.1283,2
2026-02-13 01:11:00,3.1238,3.1248,3.1233,3.1233,3.1288,3.1298,3.1283,3.1283,5
2026-02-13 01:12:00,3.1223,3.1223,3.1208,3.1213,3.1273,3.1273,3.1258,3.1263,3
2026-02-13 01:13:00,3.1208,3.1233,3.1183,3.1233,3.1258,3.1283,3.1233,3.1283,8
2026-02-13 01:14:00,3.1243,3.1303,3.1243,3.1288,3.1293,3.1353,3.1293,3.1338,12
2026-02-13 01:15:00,3.1283,3.1293,3.1273,3.1273,3.1333,3.1343,3.1323,3.1323,5
2026-02-13 01:16:00,3.1278,3.1278,3.1253,3.1253,3.1328,3.1328,3.1303,3.1303,6
2026-02-13 01:17:00,3.1248,3.1258,3.1233,3.1233,3.1298,3.1308,3.1283,3.1283,5
2026-02-13 01:18:00,3.1228,3.1228,3.1208,3.1208,3.1278,3.1278,3.1258,3.1258,6
2026-02-13 01:19:00,3.1213,3.1213,3.1198,3.1198,3.1263,3.1263,3.1248,3.1248,3
2026-02-13 01:20:00,3.1188,3.1188,3.1188,3.1188,3.1238,3.1238,3.1238,3.1238,1
2026-02-13 01:21:00,3.1183,3.1183,3.1178,3.1183,3.1233,3.1233,3.1228,3.1233,3
2026-02-13 01:22:00,3.1198,3.1203,3.1198,3.1198,3.1248,3.1253,3.1248,3.1248,3
2026-02-13 01:25:00,3.1203,3.1208,3.1203,3.1208,3.1253,3.1258,3.1253,3.1258,2
2026-02-13 01:26:00,3.1213,3.1213,3.1213,3.1213,3.1263,3.1263,3.1263,3.1263,1
2026-02-13 01:27:00,3.1223,3.1228,3.1223,3.1228,3.1273,3.1278,3.1273,3.1278,2
2026-02-13 01:28:00,3.1223,3.1223,3.1208,3.1208,3.1273,3.1273,3.1258,3.1258,2
2026-02-13 01:29:00,3.1203,3.1203,3.1198,3.1198,3.1253,3.1253,3.1248,3.1248,2
2026-02-13 01:30:00,3.1203,3.1213,3.1188,3.1208,3.1253,3.1263,3.1238,3.1258,6
2026-02-13 01:31:00,3.1203,3.1213,3.1203,3.1208,3.1253,3.1263,3.1253,3.1258,4
2026-02-13 01:32:00,3.1218,3.1218,3.1208,3.1208,3.1268,3.1268,3.1258,3.1258,2
2026-02-13 01:33:00,3.1213,3.1213,3.1213,3.1213,3.1263,3.1263,3.1263,3.1263,1
2026-02-13 01:34:00,3.1203,3.1203,3.1178,3.1193,3.1253,3.1253,3.1228,3.1243,4
2026-02-13 01:36:00,3.1198,3.1198,3.1198,3.1198,3.1248,3.1248,3.1248,3.1248,1
2026-02-13 01:40:00,3.1203,3.1203,3.1163,3.1163,3.1253,3.1253,3.1213,3.1213,4
2026-02-13 01:41:00,3.1168,3.1183,3.1168,3.1183,3.1218,3.1233,3.1218,3.1233,4
2026-02-13 01:44:00,3.1173,3.1178,3.1163,3.1178,3.1223,3.1228,3.1213,3.1228,5
2026-02-13 01:45:00,3.1173,3.1173,3.1173,3.1173,3.1223,3.1223,3.1223,3.1223,1
2026-02-13 01:46:00,3.1178,3.1178,3.1178,3.1178,3.1228,3.1228,3.1228,3.1228,1
2026-02-13 01:48:00,3.1173,3.1173,3.1173,3.1173,3.1223,3.1223,3.1223,3.1223,1
2026-02-13 01:50:00,3.1178,3.1178,3.1108,3.1153,3.1228,3.1228,3.1158,3.1203,18
2026-02-13 01:51:00,3.1158,3.1173,3.1143,3.1173,3.1208,3.1223,3.1193,3.1223,7
2026-02-13 01:52:00,3.1178,3.1178,3.1163,3.1173,3.1228,3.1228,3.1213,3.1223,3
2026-02-13 01:53:00,3.1178,3.1178,3.1173,3.1178,3.1228,3.1228,3.1223,3.1228,3
2026-02-13 01:54:00,3.1168,3.1173,3.1168,3.1173,3.1218,3.1223,3.1218,3.1223,2
2026-02-13 01:56:00,3.1178,3.1183,3.1178,3.1183,3.1228,3.1233,3.1228,3.1233,2
2026-02-13 01:57:00,3.1188,3.1188,3.1168,3.1168,3.1238,3.1238,3.1218,3.1218,3
2026-02-13 01:58:00,3.1183,3.1203,3.1183,3.1203,3.1233,3.1253,3.1233,3.1253,3
2026-02-13 02:00:00,3.1193,3.1193,3.1123,3.1133,3.1243,3.1243,3.1173,3.1183,15
2026-02-13 02:01:00,3.1138,3.1158,3.1138,3.1158,3.1188,3.1208,3.1188,3.1208,7
2026-02-13 02:02:00,3.1153,3.1153,3.1133,3.1148,3.1203,3.1203,3.1183,3.1198,6
2026-02-13 02:04:00,3.1153,3.1153,3.1153,3.1153,3.1203,3.1203,3.1203,3.1203,1
2026-02-13 02:05:00,3.1158,3.1158,3.1158,3.1158,3.1208,3.1208,3.1208,3.1208,1
2026-02-13 02:06:00,3.1153,3.1158,3.1148,3.1158,3.1203,3.1208,3.1198,3.1208,4
2026-02-13 02:07:00,3.1163,3.1163,3.1143,3.1148,3.1213,3.1213,3.1193,3.1198,5
2026-02-13 02:08:00,3.1158,3.1158,3.1148,3.1148,3.1208,3.1208,3.1198,3.1198,3
2026-02-13 02:09:00,3.1153,3.1153,3.1153,3.1153,3.1203,3.1203,3.1203,3.1203,1
2026-02-13 02:10:00,3.1148,3.1153,3.1128,3.1138,3.1198,3.1203,3.1178,3.1188,10
2026-02-13 02:11:00,3.1143,3.1143,3.1128,3.1128,3.1193,3.1193,3.1178,3.1178,5
2026-02-13 02:13:00,3.1133,3.1133,3.1133,3.1133,3.1183,3.1183,3.1183,3.1183,1
2026-02-13 02:14:00,3.1138,3.1138,3.1128,3.1133,3.1188,3.1188,3.1178,3.1183,4
2026-02-13 02:15:00,3.1128,3.1128,3.1118,3.1118,3.1178,3.1178,3.1168,3.1168,5
2026-02-13 02:16:00,3.1123,3.1123,3.1108,3.1108,3.1173,3.1173,3.1158,3.1158,6
2026-02-13 02:18:00,3.1113,3.1123,3.1103,3.1103,3.1163,3.1173,3.1153,3.1153,4
2026-02-13 02:19:00,3.1098,3.1108,3.1093,3.1093,3.1148,3.1158,3.1143,3.1143,4
2026-02-13 02:20:00,3.1088,3.1093,3.1088,3.1093,3.1138,3.1143,3.1138,3.1143,4
2026-02-13 02:21:00,3.1083,3.1088,3.1083,3.1088,3.1133,3.1138,3.1133,3.1138,2
2026-02-13 02:22:00,3.1093,3.1113,3.1093,3.1108,3.1143,3.1163,3.1143,3.1158,9
2026-02-13 02:23:00,3.1118,3.1118,3.1118,3.1118,3.1168,3.1168,3.1168,3.1168,1
2026-02-13 02:24:00,3.1123,3.1133,3.1123,3.1133,3.1173,3.1183,3.1173,3.1183,2
2026-02-13 02:25:00,3.1118,3.1118,3.1118,3.1118,3.1168,3.1168,3.1168,3.1168,1
2026-02-13 02:28:00,3.1123,3.1128,3.1113,3.1113,3.1173,3.1178,3.1163,3.1163,8
2026-02-13 02:29:00,3.1118,3.1118,3.1113,3.1118,3.1168,3.1168,3.1163,3.1168,9
2026-02-13 02:31:00,3.1123,3.1123,3.1113,3.1118,3.1173,3.1173,3.1163,3.1168,3
2026-02-13 02:32:00,3.1103,3.1123,3.1103,3.1123,3.1153,3.1173,3.1153,3.1173,3
2026-02-13 02:33:00,3.1128,3.1143,3.1128,3.1143,3.1178,3.1193,3.1178,3.1193,3
2026-02-13 02:34:00,3.1133,3.1143,3.1093,3.1108,3.1183,3.1193,3.1143,3.1158,16
2026-02-13 02:36:00,3.1113,3.1113,3.1113,3.1113,3.1163,3.1163,3.1163,3.1163,1
2026-02-13 02:38:00,3.1098,3.1098,3.1043,3.1048,3.1148,3.1148,3.1093,3.1098,14
2026-02-13 02:39:00,3.1033,3.1073,3.1033,3.1058,3.1083,3.1123,3.1083,3.1108,15
2026-02-13 02:40:00,3.1063,3.1073,3.1063,3.1073,3.1113,3.1123,3.1113,3.1123,2
2026-02-13 02:41:00,3.1068,3.1068,3.1068,3.1068,3.1118,3.1118,3.1118,3.1118,1
2026-02-13 02:42:00,3.1063,3.1063,3.1043,3.1058,3.1113,3.1113,3.1093,3.1108,5
2026-02-13 02:43:00,3.1053,3.1053,3.1048,3.1048,3.1103,3.1103,3.1098,3.1098,2
2026-02-13 02:44:00,3.1033,3.1033,3.1003,3.1018,3.1083,3.1083,3.1053,3.1068,6
2026-02-13 02:45:00,3.1023,3.1023,3.1013,3.1013,3.1073,3.1073,3.1063,3.1063,9
2026-02-13 02:46:00,3.1018,3.1023,3.1018,3.1023,3.1068,3.1073,3.1068,3.1073,2
2026-02-13 02:48:00,3.1028,3.1048,3.1028,3.1038,3.1078,3.1098,3.1078,3.1088,7
2026-02-13 02:49:00,3.1043,3.1053,3.1028,3.1028,3.1093,3.1103,3.1078,3.1078,5
2026-02-13 02:50:00,3.1033,3.1043,3.1028,3.1038,3.1083,3.1093,3.1078,3.1088,6
2026-02-13 02:51:00,3.1033,3.1038,3.1033,3.1038,3.1083,3.1088,3.1083,3.1088,2
2026-02-13 02:53:00,3.1033,3.1033,3.1018,3.1023,3.1083,3.1083,3.1068,3.1073,3
2026-02-13 02:54:00,3.1033,3.1048,3.1033,3.1048,3.1083,3.1098,3.1083,3.1098,3
2026-02-13 02:56:00,3.1053,3.1068,3.1053,3.1068,3.1103,3.1118,3.1103,3.1118,3
2026-02-13 02:57:00,3.1073,3.1073,3.1063,3.1063,3.1123,3.1123,3.1113,3.1113,4
2026-02-13 02:58:00,3.1053,3.1053,3.1048,3.1048,3.1103,3.1103,3.1098,3.1098,2
2026-02-13 03:00:00,3.1043,3.1043,3.0918,3.0943,3.1093,3.1093,3.0968,3.0993,26
2026-02-13 03:01:00,3.0948,3.0948,3.0903,3.0923,3.0998,3.0998,3.0953,3.0973,21
2026-02-13 03:02:00,3.0918,3.0943,3.0903,3.0933,3.0968,3.0993,3.0953,3.0983,9
2026-02-13 03:03:00,3.0938,3.0938,3.0903,3.0923,3.0988,3.0988,3.0953,3.0973,10
2026-02-13 03:04:00,3.0913,3.0918,3.0913,3.0913,3.0963,3.0968,3.0963,3.0963,3
2026-02-13 03:05:00,3.0903,3.0958,3.0903,3.0958,3.0953,3.1008,3.0953,3.1008,8
2026-02-13 03:06:00,3.0953,3.0958,3.0953,3.0958,3.1003,3.1008,3.1003,3.1008,2
2026-02-13 03:07:00,3.0953,3.0958,3.0938,3.0948,3.1003,3.1008,3.0988,3.0998,6
2026-02-13 03:08:00,3.0958,3.0958,3.0958,3.0958,3.1008,3.1008,3.1008,3.1008,1
2026-02-13 03:10:00,3.0963,3.0963,3.0958,3.0958,3.1013,3.1013,3.1008,3.1008,2
2026-02-13 03:11:00,3.0963,3.1023,3.0963,3.0998,3.1013,3.1073,3.1013,3.1048,12
2026-02-13 03:12:00,3.1003,3.1033,3.0993,3.1013,3.1053,3.1083,3.1043,3.1063,14
2026-02-13 03:13:00,3.1003,3.1028,3.1003,3.1028,3.1053,3.1078,3.1053,3.1078,5
2026-02-13 03:14:00,3.1023,3.1028,3.1023,3.1028,3.1073,3.1078,3.1073,3.1078,2
2026-02-13 03:15:00,3.1023,3.1033,3.1018,3.1018,3.1073,3.1083,3.1068,3.1068,8
2026-02-13 03:16:00,3.1013,3.1013,3.1013,3.1013,3.1063,3.1063,3.1063,3.1063,1
2026-02-13 03:17:00,3.1023,3.1048,3.1023,3.1038,3.1073,3.1098,3.1073,3.1088,6
2026-02-13 03:18:00,3.1033,3.1033,3.0993,3.0993,3.1083,3.1083,3.1043,3.1043,10
2026-02-13 03:19:00,3.0988,3.1003,3.0988,3.0998,3.1038,3.1053,3.1038,3.1048,4
2026-02-13 03:20:00,3.0993,3.1008,3.0993,3.1008,3.1043,3.1058,3.1043,3.1058,2
2026-02-13 03:21:00,3.1028,3.1028,3.1013,3.1018,3.1078,3.1078,3.1063,3.1068,4
2026-02-13 03:22:00,3.1028,3.1028,3.1018,3.1018,3.1078,3.1078,3.1068,3.1068,2
2026-02-13 03:23:00,3.1013,3.1013,3.1013,3.1013,3.1063,3.1063,3.1063,3.1063,1
2026-02-13 03:25:00,3.1018,3.1018,3.1018,3.1018,3.1068,3.1068,3.1068,3.1068,1
2026-02-13 03:27:00,3.1028,3.1053,3.1018,3.1018,3.1078,3.1103,3.1068,3.1068,12
2026-02-13 03:28:00,3.1023,3.1023,3.1023,3.1023,3.1073,3.1073,3.1073,3.1073,1
2026-02-13 03:30:00,3.1018,3.1018,3.1018,3.1018,3.1068,3.1068,3.1068,3.1068,1
2026-02-13 03:31:00,3.1023,3.1023,3.0998,3.0998,3.1073,3.1073,3.1048,3.1048,3
2026-02-13 03:36:00,3.0983,3.0983,3.0983,3.0983,3.1033,3.1033,3.1033,3.1033,1
2026-02-13 03:37:00,3.0988,3.0988,3.0988,3.0988,3.1038,3.1038,3.1038,3.1038,1
2026-02-13 03:41:00,3.0973,3.0978,3.0913,3.0928,3.1023,3.1028,3.0963,3.0978,20
2026-02-13 03:42:00,3.0923,3.0928,3.0913,3.0928,3.0973,3.0978,3.0963,3.0978,4
2026-02-13 03:43:00,3.0923,3.0928,3.0923,3.0923,3.0973,3.0978,3.0973,3.0973,3
2026-02-13 03:44:00,3.0928,3.0933,3.0928,3.0933,3.0978,3.0983,3.0978,3.0983,2
2026-02-13 03:45:00,3.0938,3.0948,3.0938,3.0943,3.0988,3.0998,3.0988,3.0993,4
2026-02-13 03:46:00,3.0938,3.0938,3.0938,3.0938,3.0988,3.0988,3.0988,3.0988,1
2026-02-13 03:47:00,3.0943,3.0953,3.0943,3.0948,3.0993,3.1003,3.0993,3.0998,3
2026-02-13 03:48:00,3.0938,3.0943,3.0938,3.0943,3.0988,3.0993,3.0988,3.0993,2
2026-02-13 03:49:00,3.0938,3.0938,3.0938,3.0938,3.0988,3.0988,3.0988,3.0988,1
2026-02-13 03:51:00,3.0933,3.0943,3.0923,3.0923,3.0983,3.0993,3.0973,3.0973,8
2026-02-13 03:55:00,3.0928,3.0928,3.0928,3.0928,3.0978,3.0978,3.0978,3.0978,1
2026-02-13 03:56:00,3.0923,3.0943,3.0923,3.0933,3.0973,3.0993,3.0973,3.0983,5
2026-02-13 03:57:00,3.0928,3.0928,3.0888,3.0898,3.0978,3.0978,3.0938,3.0948,8
2026-02-13 03:59:00,3.0893,3.0893,3.0868,3.0873,3.0943,3.0943,3.0918,3.0923,5
2026-02-13 04:00:00,3.0878,3.0878,3.0873,3.0873,3.0928,3.0928,3.0923,3.0923,2
2026-02-13 04:01:00,3.0863,3.0863,3.0853,3.0858,3.0913,3.0913,3.0903,3.0908,5
2026-02-13 04:02:00,3.0853,3.0853,3.0833,3.0838,3.0903,3.0903,3.0883,3.0888,7
2026-02-13 04:03:00,3.0843,3.0843,3.0843,3.0843,3.0893,3.0893,3.0893,3.0893,1
2026-02-13 04:04:00,3.0838,3.0843,3.0813,3.0813,3.0888,3.0893,3.0863,3.0863,6
2026-02-13 04:05:00,3.0803,3.0823,3.0803,3.0808,3.0853,3.0873,3.0853,3.0858,13
2026-02-13 04:06:00,3.0803,3.0803,3.0793,3.0793,3.0853,3.0853,3.0843,3.0843,6
2026-02-13 04:07:00,3.0803,3.0803,3.0803,3.0803,3.0853,3.0853,3.0853,3.0853,1
2026-02-13 04:08:00,3.0813,3.0813,3.0803,3.0813,3.0863,3.0863,3.0853,3.0863,3
2026-02-13 04:09:00,3.0803,3.0808,3.0793,3.0793,3.0853,3.0858,3.0843,3.0843,6
2026-02-13 04:10:00,3.0798,3.0813,3.0798,3.0808,3.0848,3.0863,3.0848,3.0858,5
2026-02-13 04:11:00,3.0803,3.0813,3.0803,3.0813,3.0853,3.0863,3.0853,3.0863,3
2026-02-13 04:12:00,3.0818,3.0823,3.0818,3.0818,3.0868,3.0873,3.0868,3.0868,3
2026-02-13 04:13:00,3.0823,3.0823,3.0823,3.0823,3.0873,3.0873,3.0873,3.0873,1
2026-02-13 04:14:00,3.0818,3.0818,3.0818,3.0818,3.0868,3.0868,3.0868,3.0868,1
2026-02-13 04:16:00,3.0833,3.0853,3.0833,3.0848,3.0883,3.0903,3.0883,3.0898,4
2026-02-13 04:17:00,3.0853,3.0853,3.0843,3.0853,3.0903,3.0903,3.0893,3.0903,4
2026-02-13 04:18:00,3.0848,3.0848,3.0848,3.0848,3.0898,3.0898,3.0898,3.0898,1
2026-02-13 04:19:00,3.0843,3.0863,3.0828,3.0863,3.0893,3.0913,3.0878,3.0913,6
2026-02-13 04:20:00,3.0868,3.0868,3.0863,3.0868,3.0918,3.0918,3.0913,3.0918,3
2026-02-13 04:21:00,3.0863,3.0873,3.0818,3.0818,3.0913,3.0923,3.0868,3.0868,6
2026-02-13 04:22:00,3.0823,3.0828,3.0823,3.0828,3.0873,3.0878,3.0873,3.0878,2
2026-02-13 04:23:00,3.0833,3.0843,3.0833,3.0838,3.0883,3.0893,3.0883,3.0888,5
2026-02-13 04:24:00,3.0843,3.0848,3.0843,3.0848,3.0893,3.0898,3.0893,3.0898,2
2026-02-13 04:25:00,3.0843,3.0863,3.0828,3.0858,3.0893,3.0913,3.0878,3.0908,8
2026-02-13 04:26:00,3.0843,3.0848,3.0843,3.0843,3.0893,3.0898,3.0893,3.0893,3
2026-02-13 04:27:00,3.0848,3.0848,3.0848,3.0848,3.0898,3.0898,3.0898,3.0898,1
2026-02-13 04:28:00,3.0843,3.0843,3.0843,3.0843,3.0893,3.0893,3.0893,3.0893,1
2026-02-13 04:29:00,3.0838,3.0848,3.0803,3.0803,3.0888,3.0898,3.0853,3.0853,9
2026-02-13 04:30:00,3.0798,3.0888,3.0793,3.0888,3.0848,3.0938,3.0843,3.0938,28
2026-02-13 04:31:00,3.0893,3.0913,3.0888,3.0913,3.0943,3.0963,3.0938,3.0963,14
2026-02-13 04:32:00,3.0908,3.0923,3.0898,3.0918,3.0958,3.0973,3.0948,3.0968,17
2026-02-13 04:33:00,3.0913,3.0913,3.0888,3.0903,3.0963,3.0963,3.0938,3.0953,30
2026-02-13 04:34:00,3.0898,3.0908,3.0898,3.0908,3.0948,3.0958,3.0948,3.0958,2
2026-02-13 04:35:00,3.0913,3.0913,3.0908,3.0908,3.0963,3.0963,3.0958,3.0958,2
2026-02-13 04:36:00,3.0913,3.0913,3.0898,3.0898,3.0963,3.0963,3.0948,3.0948,9
2026-02-13 04:37:00,3.0893,3.0903,3.0888,3.0888,3.0943,3.0953,3.0938,3.0938,6
2026-02-13 04:39:00,3.0893,3.0908,3.0888,3.0908,3.0943,3.0958,3.0938,3.0958,5
2026-02-13 04:40:00,3.0898,3.0898,3.0888,3.0888,3.0948,3.0948,3.0938,3.0938,6
2026-02-13 04:41:00,3.0893,3.0893,3.0888,3.0888,3.0943,3.0943,3.0938,3.0938,2
2026-02-13 04:43:00,3.0883,3.0883,3.0868,3.0868,3.0933,3.0933,3.0918,3.0918,3
2026-02-13 04:44:00,3.0863,3.0863,3.0838,3.0838,3.0913,3.0913,3.0888,3.0888,6
2026-02-13 04:45:00,3.0848,3.0868,3.0848,3.0868,3.0898,3.0918,3.0898,3.0918,2
2026-02-13 04:46:00,3.0883,3.0883,3.0858,3.0858,3.0933,3.0933,3.0908,3.0908,6
2026-02-13 04:47:00,3.0863,3.0863,3.0858,3.0858,3.0913,3.0913,3.0908,3.0908,2
2026-02-13 04:48:00,3.0853,3.0858,3.0853,3.0858,3.0903,3.0908,3.0903,3.0908,2
2026-02-13 04:49:00,3.0863,3.0863,3.0853,3.0858,3.0913,3.0913,3.0903,3.0908,3
2026-02-13 04:50:00,3.0848,3.0848,3.0848,3.0848,3.0898,3.0898,3.0898,3.0898,1
2026-02-13 04:51:00,3.0853,3.0853,3.0848,3.0848,3.0903,3.0903,3.0898,3.0898,2
2026-02-13 04:52:00,3.0838,3.0838,3.0838,3.0838,3.0888,3.0888,3.0888,3.0888,1
2026-02-13 04:55:00,3.0833,3.0833,3.0783,3.0788,3.0883,3.0883,3.0833,3.0838,16
2026-02-13 04:56:00,3.0793,3.0798,3.0793,3.0793,3.0843,3.0848,3.0843,3.0843,3
2026-02-13 04:57:00,3.0803,3.0803,3.0793,3.0793,3.0853,3.0853,3.0843,3.0843,4
2026-02-13 04:58:00,3.0788,3.0793,3.0788,3.0793,3.0838,3.0843,3.0838,3.0843,4
2026-02-13 04:59:00,3.0788,3.0823,3.0788,3.0813,3.0838,3.0873,3.0838,3.0863,7
2026-02-13 05:00:00,3.0823,3.0873,3.0813,3.0873,3.0873,3.0923,3.0863,3.0923,19
2026-02-13 05:01:00,3.0868,3.0878,3.0863,3.0863,3.0918,3.0928,3.0913,3.0913,10
2026-02-13 05:02:00,3.0858,3.0868,3.0848,3.0848,3.0908,3.0918,3.0898,3.0898,4
2026-02-13 05:03:00,3.0843,3.0863,3.0833,3.0848,3.0893,3.0913,3.0883,3.0898,9
2026-02-13 05:04:00,3.0843,3.0843,3.0843,3.0843,3.0893,3.0893,3.0893,3.0893,1
2026-02-13 05:05:00,3.0848,3.0863,3.0848,3.0863,3.0898,3.0913,3.0898,3.0913,3
2026-02-13 05:06:00,3.0853,3.0858,3.0853,3.0858,3.0903,3.0908,3.0903,3.0908,2
2026-02-13 05:08:00,3.0853,3.0858,3.0853,3.0858,3.0903,3.0908,3.0903,3.0908,2
2026-02-13 05:10:00,3.0863,3.0868,3.0858,3.0868,3.0913,3.0918,3.0908,3.0918,3
2026-02-13 05:11:00,3.0873,3.0883,3.0863,3.0868,3.0923,3.0933,3.0913,3.0918,8
2026-02-13 05:12:00,3.0858,3.0863,3.0848,3.0848,3.0908,3.0913,3.0898,3.0898,4
2026-02-13 05:13:00,3.0838,3.0838,3.0838,3.0838,3.0888,3.0888,3.0888,3.0888,1
2026-02-13 05:14:00,3.0843,3.0853,3.0843,3.0848,3.0893,3.0903,3.0893,3.0898,3
2026-02-13 05:17:00,3.0843,3.0843,3.0828,3.0828,3.0893,3.0893,3.0878,3.0878,3
2026-02-13 05:18:00,3.0823,3.0823,3.0808,3.0808,3.0873,3.0873,3.0858,3.0858,4
2026-02-13 05:19:00,3.0813,3.0813,3.0813,3.0813,3.0863,3.0863,3.0863,3.0863,1
2026-02-13 05:20:00,3.0818,3.0833,3.0818,3.0833,3.0868,3.0883,3.0868,3.0883,6
2026-02-13 05:21:00,3.0843,3.0843,3.0838,3.0843,3.0893,3.0893,3.0888,3.0893,3
2026-02-13 05:22:00,3.0833,3.0833,3.0828,3.0828,3.0883,3.0883,3.0878,3.0878,2
2026-02-13 05:24:00,3.0833,3.0833,3.0833,3.0833,3.0883,3.0883,3.0883,3.0883,1
2026-02-13 05:26:00,3.0823,3.0833,3.0823,3.0833,3.0873,3.0883,3.0873,3.0883,2
2026-02-13 05:27:00,3.0828,3.0833,3.0828,3.0828,3.0878,3.0883,3.0878,3.0878,13
2026-02-13 05:28:00,3.0833,3.0833,3.0833,3.0833,3.0883,3.0883,3.0883,3.0883,1
2026-02-13 05:30:00,3.0843,3.0843,3.0843,3.0843,3.0893,3.0893,3.0893,3.0893,1
2026-02-13 05:31:00,3.0838,3.0838,3.0833,3.0833,3.0888,3.0888,3.0883,3.0883,2
2026-02-13 05:32:00,3.0828,3.0833,3.0818,3.0818,3.0878,3.0883,3.0868,3.0868,5
2026-02-13 05:33:00,3.0828,3.0838,3.0828,3.0838,3.0878,3.0888,3.0878,3.0888,3
2026-02-13 05:34:00,3.0843,3.0843,3.0843,3.0843,3.0893,3.0893,3.0893,3.0893,1
2026-02-13 05:36:00,3.0848,3.0848,3.0848,3.0848,3.0898,3.0898,3.0898,3.0898,1
2026-02-13 05:40:00,3.0853,3.0853,3.0843,3.0848,3.0903,3.0903,3.0893,3.0898,7
2026-02-13 05:42:00,3.0853,3.0943,3.0853,3.0913,3.0903,3.0993,3.0903,3.0963,19
2026-02-13 05:43:00,3.0908,3.0908,3.0898,3.0898,3.0958,3.0958,3.0948,3.0948,6
2026-02-13 05:44:00,3.0888,3.0888,3.0873,3.0873,3.0938,3.0938,3.0923,3.0923,3
2026-02-13 05:46:00,3.0868,3.0868,3.0868,3.0868,3.0918,3.0918,3.0918,3.0918,1
2026-02-13 05:47:00,3.0883,3.0883,3.0858,3.0863,3.0933,3.0933,3.0908,3.0913,4
2026-02-13 05:48:00,3.0853,3.0853,3.0848,3.0848,3.0903,3.0903,3.0898,3.0898,2
2026-02-13 05:49:00,3.0843,3.0843,3.0828,3.0828,3.0893,3.0893,3.0878,3.0878,3
2026-02-13 05:50:00,3.0833,3.0833,3.0833,3.0833,3.0883,3.0883,3.0883,3.0883,1
2026-02-13 05:51:00,3.0838,3.0838,3.0833,3.0833,3.0888,3.0888,3.0883,3.0883,2
2026-02-13 05:52:00,3.0838,3.0838,3.0828,3.0828,3.0888,3.0888,3.0878,3.0878,2
2026-02-13 05:53:00,3.0823,3.0823,3.0818,3.0818,3.0873,3.0873,3.0868,3.0868,2
2026-02-13 05:56:00,3.0828,3.0853,3.0793,3.0793,3.0878,3.0903,3.0843,3.0843,12
2026-02-13 05:57:00,3.0798,3.0803,3.0703,3.0733,3.0848,3.0853,3.0753,3.0783,18
2026-02-13 05:58:00,3.0738,3.0738,3.0423,3.0428,3.0788,3.0788,3.0473,3.0478,102
2026-02-13 05:59:00,3.0418,3.0478,3.0403,3.0463,3.0468,3.0528,3.0453,3.0513,24
2026-02-13 06:00:00,3.0458,3.0503,3.0443,3.0488,3.0508,3.0553,3.0493,3.0538,24
2026-02-13 06:01:00,3.0478,3.0478,3.0393,3.0398,3.0528,3.0528,3.0443,3.0448,24
2026-02-13 06:02:00,3.0393,3.0403,3.0318,3.0338,3.0443,3.0453,3.0368,3.0388,32
2026-02-13 06:03:00,3.0343,3.0348,3.0303,3.0333,3.0393,3.0398,3.0353,3.0383,13
2026-02-13 06:04:00,3.0348,3.0353,3.0328,3.0328,3.0398,3.0403,3.0378,3.0378,6
2026-02-13 06:05:00,3.0323,3.0343,3.0283,3.0343,3.0373,3.0393,3.0333,3.0393,24
2026-02-13 06:06:00,3.0338,3.0378,3.0338,3.0348,3.0388,3.0428,3.0388,3.0398,13
2026-02-13 06:07:00,3.0353,3.0353,3.0343,3.0353,3.0403,3.0403,3.0393,3.0403,7
2026-02-13 06:08:00,3.0348,3.0348,3.0318,3.0328,3.0398,3.0398,3.0368,3.0378,15
2026-02-13 06:09:00,3.0333,3.0333,3.0283,3.0298,3.0383,3.0383,3.0333,3.0348,11
2026-02-13 06:10:00,3.0293,3.0308,3.0273,3.0298,3.0343,3.0358,3.0323,3.0348,12
2026-02-13 06:11:00,3.0303,3.0313,3.0298,3.0298,3.0353,3.0363,3.0348,3.0348,4
2026-02-13 06:12:00,3.0313,3.0318,3.0303,3.0308,3.0363,3.0368,3.0353,3.0358,8
2026-02-13 06:13:00,3.0298,3.0313,3.0273,3.0308,3.0348,3.0363,3.0323,3.0358,13
2026-02-13 06:14:00,3.0303,3.0343,3.0303,3.0343,3.0353,3.0393,3.0353,3.0393,9
2026-02-13 06:15:00,3.0338,3.0343,3.0328,3.0328,3.0388,3.0393,3.0378,3.0378,4
2026-02-13 06:17:00,3.0333,3.0363,3.0333,3.0348,3.0383,3.0413,3.0383,3.0398,5
2026-02-13 06:18:00,3.0353,3.0353,3.0313,3.0323,3.0403,3.0403,3.0363,3.0373,7
2026-02-13 06:19:00,3.0318,3.0323,3.0308,3.0318,3.0368,3.0373,3.0358,3.0368,8
2026-02-13 06:20:00,3.0323,3.0333,3.0323,3.0333,3.0373,3.0383,3.0373,3.0383,3
2026-02-13 06:21:00,3.0348,3.0348,3.0348,3.0348,3.0398,3.0398,3.0398,3.0398,1
2026-02-13 06:22:00,3.0353,3.0373,3.0353,3.0373,3.0403,3.0423,3.0403,3.0423,4
2026-02-13 06:23:00,3.0388,3.0423,3.0383,3.0408,3.0438,3.0473,3.0433,3.0458,8
2026-02-13 06:24:00,3.0398,3.0398,3.0398,3.0398,3.0448,3.0448,3.0448,3.0448,1
2026-02-13 06:25:00,3.0403,3.0408,3.0398,3.0408,3.0453,3.0458,3.0448,3.0458,5
2026-02-13 06:26:00,3.0398,3.0398,3.0398,3.0398,3.0448,3.0448,3.0448,3.0448,1
2026-02-13 06:28:00,3.0393,3.0493,3.0393,3.0473,3.0443,3.0543,3.0443,3.0523,18
2026-02-13 06:29:00,3.0468,3.0473,3.0443,3.0468,3.0518,3.0523,3.0493,3.0518,8
2026-02-13 06:30:00,3.0463,3.0483,3.0393,3.0393,3.0513,3.0533,3.0443,3.0443,12
2026-02-13 06:31:00,3.0378,3.0423,3.0358,3.0418,3.0428,3.0473,3.0408,3.0468,20
2026-02-13 06:32:00,3.0423,3.0423,3.0398,3.0408,3.0473,3.0473,3.0448,3.0458,9
2026-02-13 06:33:00,3.0398,3.0398,3.0398,3.0398,3.0448,3.0448,3.0448,3.0448,1
2026-02-13 06:34:00,3.0403,3.0403,3.0398,3.0398,3.0453,3.0453,3.0448,3.0448,4
2026-02-13 06:35:00,3.0378,3.0378,3.0358,3.0358,3.0428,3.0428,3.0408,3.0408,3
2026-02-13 06:36:00,3.0368,3.0368,3.0363,3.0368,3.0418,3.0418,3.0413,3.0418,3
2026-02-13 06:37:00,3.0393,3.0438,3.0333,3.0353,3.0443,3.0488,3.0383,3.0403,17
2026-02-13 06:38:00,3.0348,3.0348,3.0338,3.0338,3.0398,3.0398,3.0388,3.0388,5
2026-02-13 06:39:00,3.0343,3.0343,3.0328,3.0343,3.0393,3.0393,3.0378,3.0393,6
2026-02-13 06:40:00,3.0353,3.0373,3.0253,3.0278,3.0403,3.0423,3.0303,3.0328,25
2026-02-13 06:41:00,3.0283,3.0293,3.0283,3.0293,3.0333,3.0343,3.0333,3.0343,4
2026-02-13 06:42:00,3.0273,3.0273,3.0263,3.0268,3.0323,3.0323,3.0313,3.0318,4
2026-02-13 06:43:00,3.0263,3.0273,3.0258,3.0273,3.0313,3.0323,3.0308,3.0323,8
2026-02-13 06:44:00,3.0268,3.0283,3.0253,3.0273,3.0318,3.0333,3.0303,3.0323,10
2026-02-13 06:45:00,3.0288,3.0288,3.0288,3.0288,3.0338,3.0338,3.0338,3.0338,1
2026-02-13 06:46:00,3.0283,3.0283,3.0258,3.0278,3.0333,3.0333,3.0308,3.0328,9
2026-02-13 06:47:00,3.0273,3.0273,3.0253,3.0253,3.0323,3.0323,3.0303,3.0303,7
2026-02-13 06:48:00,3.0263,3.0303,3.0263,3.0298,3.0313,3.0353,3.0313,3.0348,9
2026-02-13 06:49:00,3.0288,3.0303,3.0258,3.0263,3.0338,3.0353,3.0308,3.0313,14
2026-02-13 06:50:00,3.0273,3.0273,3.0253,3.0273,3.0323,3.0323,3.0303,3.0323,9
2026-02-13 06:51:00,3.0278,3.0278,3.0253,3.0258,3.0328,3.0328,3.0303,3.0308,5
2026-02-13 06:52:00,3.0263,3.0288,3.0263,3.0288,3.0313,3.0338,3.0313,3.0338,6
2026-02-13 06:53:00,3.0283,3.0298,3.0283,3.0298,3.0333,3.0348,3.0333,3.0348,4
2026-02-13 06:54:00,3.0283,3.0313,3.0283,3.0298,3.0333,3.0363,3.0333,3.0348,7
2026-02-13 06:55:00,3.0283,3.0283,3.0283,3.0283,3.0333,3.0333,3.0333,3.0333,1
2026-02-13 06:56:00,3.0293,3.0303,3.0293,3.0303,3.0343,3.0353,3.0343,3.0353,2
2026-02-13 06:57:00,3.0308,3.0323,3.0298,3.0303,3.0358,3.0373,3.0348,3.0353,9
2026-02-13 06:58:00,3.0313,3.0313,3.0313,3.0313,3.0363,3.0363,3.0363,3.0363,1
2026-02-13 06:59:00,3.0303,3.0308,3.0278,3.0278,3.0353,3.0358,3.0328,3.0328,8
2026-02-13 07:00:00,3.0273,3.0273,3.0258,3.0258,3.0323,3.0323,3.0308,3.0308,8
2026-02-13 07:01:00,3.0253,3.0253,3.0183,3.0233,3.0303,3.0303,3.0233,3.0283,22
2026-02-13 07:02:00,3.0238,3.0248,3.0238,3.0248,3.0288,3.0298,3.0288,3.0298,3
2026-02-13 07:03:00,3.0258,3.0303,3.0238,3.0263,3.0308,3.0353,3.0288,3.0313,16
2026-02-13 07:04:00,3.0268,3.0288,3.0238,3.0283,3.0318,3.0338,3.0288,3.0333,20
2026-02-13 07:05:00,3.0293,3.0293,3.0268,3.0268,3.0343,3.0343,3.0318,3.0318,8
2026-02-13 07:06:00,3.0263,3.0268,3.0253,3.0263,3.0313,3.0318,3.0303,3.0313,7
2026-02-13 07:07:00,3.0268,3.0283,3.0268,3.0283,3.0318,3.0333,3.0318,3.0333,8
2026-02-13 07:08:00,3.0278,3.0303,3.0223,3.0288,3.0328,3.0353,3.0273,3.0338,23
2026-02-13 07:09:00,3.0273,3.0273,3.0273,3.0273,3.0323,3.0323,3.0323,3.0323,1
2026-02-13 07:10:00,3.0253,3.0263,3.0238,3.0258,3.0303,3.0313,3.0288,3.0308,11
2026-02-13 07:11:00,3.0268,3.0273,3.0213,3.0218,3.0318,3.0323,3.0263,3.0268,12
2026-02-13 07:12:00,3.0228,3.0228,3.0168,3.0183,3.0278,3.0278,3.0218,3.0233,16
2026-02-13 07:13:00,3.0193,3.0223,3.0158,3.0218,3.0243,3.0273,3.0208,3.0268,20
2026-02-13 07:14:00,3.0213,3.0273,3.0213,3.0273,3.0263,3.0323,3.0263,3.0323,13
2026-02-13 07:15:00,3.0278,3.0308,3.0278,3.0303,3.0328,3.0358,3.0328,3.0353,11
2026-02-13 07:16:00,3.0298,3.0353,3.0298,3.0318,3.0348,3.0403,3.0348,3.0368,17
2026-02-13 07:17:00,3.0313,3.0313,3.0273,3.0288,3.0363,3.0363,3.0323,3.0338,17
2026-02-13 07:18:00,3.0293,3.0303,3.0293,3.0298,3.0343,3.0353,3.0343,3.0348,4
2026-02-13 07:20:00,3.0303,3.0373,3.0303,3.0363,3.0353,3.0423,3.0353,3.0413,17
2026-02-13 07:21:00,3.0373,3.0383,3.0358,3.0383,3.0423,3.0433,3.0408,3.0433,10
2026-02-13 07:22:00,3.0388,3.0413,3.0378,3.0413,3.0438,3.0463,3.0428,3.0463,13
2026-02-13 07:23:00,3.0423,3.0463,3.0423,3.0463,3.0473,3.0513,3.0473,3.0513,15
2026-02-13 07:24:00,3.0453,3.0453,3.0428,3.0428,3.0503,3.0503,3.0478,3.0478,5
2026-02-13 07:25:00,3.0433,3.0468,3.0428,3.0468,3.0483,3.0518,3.0478,3.0518,8
2026-02-13 07:26:00,3.0458,3.0493,3.0458,3.0488,3.0508,3.0543,3.0508,3.0538,19
2026-02-13 07:27:00,3.0493,3.0493,3.0468,3.0478,3.0543,3.0543,3.0518,3.0528,10
2026-02-13 07:28:00,3.0483,3.0483,3.0468,3.0468,3.0533,3.0533,3.0518,3.0518,7
2026-02-13 07:29:00,3.0473,3.0473,3.0468,3.0473,3.0523,3.0523,3.0518,3.0523,3
2026-02-13 07:31:00,3.0463,3.0463,3.0428,3.0448,3.0513,3.0513,3.0478,3.0498,9
2026-02-13 07:32:00,3.0438,3.0463,3.0423,3.0433,3.0488,3.0513,3.0473,3.0483,16
2026-02-13 07:33:00,3.0443,3.0448,3.0443,3.0448,3.0493,3.0498,3.0493,3.0498,2
2026-02-13 07:34:00,3.0438,3.0438,3.0408,3.0428,3.0488,3.0488,3.0458,3.0478,6
2026-02-13 07:35:00,3.0433,3.0433,3.0418,3.0428,3.0483,3.0483,3.0468,3.0478,4
2026-02-13 07:36:00,3.0433,3.0433,3.0393,3.0403,3.0483,3.0483,3.0443,3.0453,10
2026-02-13 07:37:00,3.0398,3.0403,3.0398,3.0403,3.0448,3.0453,3.0448,3.0453,2
2026-02-13 07:38:00,3.0398,3.0433,3.0398,3.0428,3.0448,3.0483,3.0448,3.0478,9
2026-02-13 07:39:00,3.0423,3.0423,3.0413,3.0413,3.0473,3.0473,3.0463,3.0463,2
2026-02-13 07:40:00,3.0408,3.0408,3.0398,3.0398,3.0458,3.0458,3.0448,3.0448,5
2026-02-13 07:41:00,3.0393,3.0393,3.0393,3.0393,3.0443,3.0443,3.0443,3.0443,1
2026-02-13 07:42:00,3.0388,3.0413,3.0383,3.0413,3.0438,3.0463,3.0433,3.0463,11
2026-02-13 07:43:00,3.0408,3.0408,3.0398,3.0398,3.0458,3.0458,3.0448,3.0448,2
2026-02-13 07:44:00,3.0393,3.0393,3.0383,3.0383,3.0443,3.0443,3.0433,3.0433,4
2026-02-13 07:45:00,3.0378,3.0413,3.0373,3.0373,3.0428,3.0463,3.0423,3.0423,15
2026-02-13 07:46:00,3.0383,3.0393,3.0373,3.0383,3.0433,3.0443,3.0423,3.0433,7
2026-02-13 07:47:00,3.0378,3.0403,3.0378,3.0393,3.0428,3.0453,3.0428,3.0443,7
2026-02-13 07:48:00,3.0388,3.0388,3.0388,3.0388,3.0438,3.0438,3.0438,3.0438,1
2026-02-13 07:49:00,3.0393,3.0393,3.0393,3.0393,3.0443,3.0443,3.0443,3.0443,1
2026-02-13 07:50:00,3.0388,3.0388,3.0388,3.0388,3.0438,3.0438,3.0438,3.0438,1
2026-02-13 07:51:00,3.0393,3.0393,3.0333,3.0333,3.0443,3.0443,3.0383,3.0383,12
2026-02-13 07:52:00,3.0328,3.0333,3.0328,3.0328,3.0378,3.0383,3.0378,3.0378,3
2026-02-13 07:53:00,3.0323,3.0353,3.0323,3.0343,3.0373,3.0403,3.0373,3.0393,11
2026-02-13 07:54:00,3.0353,3.0383,3.0333,3.0378,3.0403,3.0433,3.0383,3.0428,28
2026-02-13 07:55:00,3.0383,3.0383,3.0368,3.0368,3.0433,3.0433,3.0418,3.0418,4
2026-02-13 07:56:00,3.0373,3.0373,3.0348,3.0348,3.0423,3.0423,3.0398,3.0398,8
2026-02-13 07:57:00,3.0343,3.0343,3.0333,3.0343,3.0393,3.0393,3.0383,3.0393,4
2026-02-13 07:58:00,3.0333,3.0343,3.0328,3.0343,3.0383,3.0393,3.0378,3.0393,6
2026-02-13 07:59:00,3.0358,3.0373,3.0343,3.0363,3.0408,3.0423,3.0393,3.0413,18
2026-02-13 08:00:00,3.0368,3.0383,3.0358,3.0368,3.0418,3.0433,3.0408,3.0418,21
2026-02-13 08:01:00,3.0363,3.0378,3.0353,3.0368,3.0413,3.0428,3.0403,3.0418,14
2026-02-13 08:02:00,3.0358,3.0368,3.0358,3.0363,3.0408,3.0418,3.0408,3.0413,5
2026-02-13 08:03:00,3.0358,3.0363,3.0353,3.0363,3.0408,3.0413,3.0403,3.0413,5
2026-02-13 08:04:00,3.0348,3.0348,3.0323,3.0343,3.0398,3.0398,3.0373,3.0393,8
2026-02-13 08:05:00,3.0348,3.0348,3.0328,3.0333,3.0398,3.0398,3.0378,3.0383,6
2026-02-13 08:06:00,3.0338,3.0338,3.0333,3.0333,3.0388,3.0388,3.0383,3.0383,2
2026-02-13 08:07:00,3.0328,3.0328,3.0293,3.0303,3.0378,3.0378,3.0343,3.0353,11
2026-02-13 08:08:00,3.0313,3.0313,3.0298,3.0298,3.0363,3.0363,3.0348,3.0348,3
2026-02-13 08:09:00,3.0313,3.0333,3.0313,3.0333,3.0363,3.0383,3.0363,3.0383,5
2026-02-13 08:10:00,3.0328,3.0328,3.0298,3.0298,3.0378,3.0378,3.0348,3.0348,4
2026-02-13 08:11:00,3.0303,3.0313,3.0293,3.0308,3.0353,3.0363,3.0343,3.0358,6
2026-02-13 08:12:00,3.0303,3.0308,3.0303,3.0308,3.0353,3.0358,3.0353,3.0358,4
2026-02-13 08:13:00,3.0303,3.0308,3.0303,3.0308,3.0353,3.0358,3.0353,3.0358,2
2026-02-13 08:14:00,3.0318,3.0338,3.0318,3.0333,3.0368,3.0388,3.0368,3.0383,12
2026-02-13 08:15:00,3.0343,3.0343,3.0333,3.0333,3.0393,3.0393,3.0383,3.0383,5
2026-02-13 08:16:00,3.0343,3.0353,3.0343,3.0343,3.0393,3.0403,3.0393,3.0393,5
2026-02-13 08:17:00,3.0338,3.0353,3.0338,3.0348,3.0388,3.0403,3.0388,3.0398,4
2026-02-13 08:18:00,3.0353,3.0383,3.0343,3.0343,3.0403,3.0433,3.0393,3.0393,13
2026-02-13 08:19:00,3.0348,3.0373,3.0348,3.0368,3.0398,3.0423,3.0398,3.0418,10
2026-02-13 08:20:00,3.0363,3.0373,3.0363,3.0373,3.0413,3.0423,3.0413,3.0423,2
2026-02-13 08:21:00,3.0383,3.0408,3.0373,3.0383,3.0433,3.0458,3.0423,3.0433,13
2026-02-13 08:22:00,3.0373,3.0383,3.0343,3.0353,3.0423,3.0433,3.0393,3.0403,17
2026-02-13 08:23:00,3.0358,3.0368,3.0358,3.0368,3.0408,3.0418,3.0408,3.0418,8
2026-02-13 08:24:00,3.0373,3.0373,3.0373,3.0373,3.0423,3.0423,3.0423,3.0423,1
2026-02-13 08:25:00,3.0368,3.0378,3.0358,3.0378,3.0418,3.0428,3.0408,3.0428,9
2026-02-13 08:26:00,3.0383,3.0388,3.0378,3.0378,3.0433,3.0438,3.0428,3.0428,5
2026-02-13 08:27:00,3.0383,3.0383,3.0378,3.0378,3.0433,3.0433,3.0428,3.0428,2
2026-02-13 08:28:00,3.0368,3.0378,3.0368,3.0368,3.0418,3.0428,3.0418,3.0418,7
2026-02-13 08:29:00,3.0363,3.0363,3.0363,3.0363,3.0413,3.0413,3.0413,3.0413,1
2026-02-13 08:30:00,3.0368,3.0403,3.0363,3.0398,3.0418,3.0453,3.0413,3.0448,14
2026-02-13 08:31:00,3.0403,3.0403,3.0393,3.0403,3.0453,3.0453,3.0443,3.0453,3
2026-02-13 08:32:00,3.0398,3.0403,3.0383,3.0398,3.0448,3.0453,3.0433,3.0448,13
2026-02-13 08:33:00,3.0408,3.0423,3.0403,3.0423,3.0458,3.0473,3.0453,3.0473,7
2026-02-13 08:34:00,3.0418,3.0443,3.0418,3.0443,3.0468,3.0493,3.0468,3.0493,5
2026-02-13 08:35:00,3.0433,3.0433,3.0418,3.0418,3.0483,3.0483,3.0468,3.0468,3
2026-02-13 08:36:00,3.0423,3.0423,3.0408,3.0413,3.0473,3.0473,3.0458,3.0463,5
2026-02-13 08:37:00,3.0423,3.0438,3.0423,3.0428,3.0473,3.0488,3.0473,3.0478,10
2026-02-13 08:38:00,3.0423,3.0423,3.0423,3.0423,3.0473,3.0473,3.0473,3.0473,1
2026-02-13 08:39:00,3.0418,3.0423,3.0393,3.0398,3.0468,3.0473,3.0443,3.0448,9
2026-02-13 08:40:00,3.0393,3.0393,3.0368,3.0383,3.0443,3.0443,3.0418,3.0433,9
2026-02-13 08:41:00,3.0378,3.0383,3.0378,3.0383,3.0428,3.0433,3.0428,3.0433,2
2026-02-13 08:42:00,3.0393,3.0393,3.0383,3.0383,3.0443,3.0443,3.0433,3.0433,7
2026-02-13 08:43:00,3.0373,3.0383,3.0373,3.0378,3.0423,3.0433,3.0423,3.0428,4
2026-02-13 08:44:00,3.0373,3.0373,3.0373,3.0373,3.0423,3.0423,3.0423,3.0423,1
2026-02-13 08:45:00,3.0368,3.0368,3.0363,3.0363,3.0418,3.0418,3.0413,3.0413,2
2026-02-13 08:46:00,3.0373,3.0388,3.0373,3.0383,3.0423,3.0438,3.0423,3.0433,6
2026-02-13 08:47:00,3.0393,3.0413,3.0393,3.0403,3.0443,3.0463,3.0443,3.0453,4
2026-02-13 08:50:00,3.0388,3.0388,3.0388,3.0388,3.0438,3.0438,3.0438,3.0438,1
2026-02-13 08:51:00,3.0383,3.0383,3.0373,3.0378,3.0433,3.0433,3.0423,3.0428,5
2026-02-13 08:52:00,3.0383,3.0383,3.0353,3.0363,3.0433,3.0433,3.0403,3.0413,8
2026-02-13 08:53:00,3.0358,3.0393,3.0358,3.0393,3.0408,3.0443,3.0408,3.0443,5
2026-02-13 08:54:00,3.0388,3.0388,3.0383,3.0388,3.0438,3.0438,3.0433,3.0438,3
2026-02-13 08:55:00,3.0393,3.0393,3.0388,3.0388,3.0443,3.0443,3.0438,3.0438,2
2026-02-13 08:56:00,3.0383,3.0388,3.0383,3.0388,3.0433,3.0438,3.0433,3.0438,4
2026-02-13 08:57:00,3.0383,3.0423,3.0383,3.0423,3.0433,3.0473,3.0433,3.0473,11
2026-02-13 08:59:00,3.0413,3.0413,3.0403,3.0403,3.0463,3.0463,3.0453,3.0453,2
2026-02-13 09:00:00,3.0398,3.0403,3.0318,3.0393,3.0448,3.0453,3.0368,3.0443,29
2026-02-13 09:01:00,3.0383,3.0443,3.0328,3.0423,3.0433,3.0493,3.0378,3.0473,46
2026-02-13 09:02:00,3.0418,3.0418,3.0328,3.0328,3.0468,3.0468,3.0378,3.0378,20
2026-02-13 09:03:00,3.0333,3.0423,3.0328,3.0388,3.0383,3.0473,3.0378,3.0438,20
2026-02-13 09:04:00,3.0383,3.0383,3.0373,3.0378,3.0433,3.0433,3.0423,3.0428,5
2026-02-13 09:05:00,3.0373,3.0418,3.0373,3.0418,3.0423,3.0468,3.0423,3.0468,8
2026-02-13 09:06:00,3.0413,3.0413,3.0398,3.0408,3.0463,3.0463,3.0448,3.0458,5
2026-02-13 09:07:00,3.0403,3.0403,3.0373,3.0393,3.0453,3.0453,3.0423,3.0443,11
2026-02-13 09:08:00,3.0388,3.0388,3.0378,3.0378,3.0438,3.0438,3.0428,3.0428,6
2026-02-13 09:09:00,3.0368,3.0368,3.0358,3.0358,3.0418,3.0418,3.0408,3.0408,13
2026-02-13 09:10:00,3.0363,3.0368,3.0358,3.0363,3.0413,3.0418,3.0408,3.0413,10
2026-02-13 09:11:00,3.0368,3.0368,3.0358,3.0358,3.0418,3.0418,3.0408,3.0408,6
2026-02-13 09:12:00,3.0348,3.0348,3.0323,3.0338,3.0398,3.0398,3.0373,3.0388,10
2026-02-13 09:13:00,3.0333,3.0333,3.0273,3.0303,3.0383,3.0383,3.0323,3.0353,25
2026-02-13 09:14:00,3.0298,3.0303,3.0238,3.0278,3.0348,3.0353,3.0288,3.0328,35
2026-02-13 09:15:00,3.0283,3.0323,3.0283,3.0313,3.0333,3.0373,3.0333,3.0363,14
2026-02-13 09:16:00,3.0318,3.0328,3.0303,3.0303,3.0368,3.0378,3.0353,3.0353,12
2026-02-13 09:17:00,3.0308,3.0348,3.0308,3.0333,3.0358,3.0398,3.0358,3.0383,10
2026-02-13 09:18:00,3.0343,3.0343,3.0278,3.0323,3.0393,3.0393,3.0328,3.0373,23
2026-02-13 09:19:00,3.0333,3.0333,3.0308,3.0308,3.0383,3.0383,3.0358,3.0358,7
2026-02-13 09:20:00,3.0303,3.0313,3.0273,3.0298,3.0353,3.0363,3.0323,3.0348,15
2026-02-13 09:21:00,3.0303,3.0333,3.0263,3.0303,3.0353,3.0383,3.0313,3.0353,18
2026-02-13 09:22:00,3.0308,3.0368,3.0308,3.0323,3.0358,3.0418,3.0358,3.0373,18
2026-02-13 09:23:00,3.0318,3.0338,3.0318,3.0338,3.0368,3.0388,3.0368,3.0388,6
2026-02-13 09:24:00,3.0333,3.0343,3.0333,3.0343,3.0383,3.0393,3.0383,3.0393,4
2026-02-13 09:25:00,3.0353,3.0393,3.0353,3.0393,3.0403,3.0443,3.0403,3.0443,21
2026-02-13 09:26:00,3.0398,3.0478,3.0398,3.0448,3.0448,3.0528,3.0448,3.0498,25
2026-02-13 09:27:00,3.0458,3.0463,3.0438,3.0453,3.0508,3.0513,3.0488,3.0503,8
2026-02-13 09:28:00,3.0448,3.0448,3.0393,3.0393,3.0498,3.0498,3.0443,3.0443,11
2026-02-13 09:29:00,3.0388,3.0388,3.0388,3.0388,3.0438,3.0438,3.0438,3.0438,1
2026-02-13 09:30:00,3.0398,3.0418,3.0353,3.0358,3.0448,3.0468,3.0403,3.0408,34
2026-02-13 09:31:00,3.0353,3.0358,3.0353,3.0358,3.0403,3.0408,3.0403,3.0408,4
2026-02-13 09:32:00,3.0353,3.0363,3.0343,3.0343,3.0403,3.0413,3.0393,3.0393,10
2026-02-13 09:33:00,3.0333,3.0333,3.0308,3.0328,3.0383,3.0383,3.0358,3.0378,11
2026-02-13 09:34:00,3.0323,3.0333,3.0303,3.0313,3.0373,3.0383,3.0353,3.0363,7
2026-02-13 09:35:00,3.0308,3.0313,3.0303,3.0313,3.0358,3.0363,3.0353,3.0363,4
2026-02-13 09:36:00,3.0303,3.0303,3.0208,3.0208,3.0353,3.0353,3.0258,3.0258,36
2026-02-13 09:37:00,3.0213,3.0223,3.0183,3.0193,3.0263,3.0273,3.0233,3.0243,26
2026-02-13 09:38:00,3.0203,3.0223,3.0203,3.0213,3.0253,3.0273,3.0253,3.0263,10
2026-02-13 09:39:00,3.0208,3.0233,3.0208,3.0223,3.0258,3.0283,3.0258,3.0273,11
2026-02-13 09:40:00,3.0213,3.0228,3.0193,3.0193,3.0263,3.0278,3.0243,3.0243,12
2026-02-13 09:41:00,3.0203,3.0218,3.0203,3.0218,3.0253,3.0268,3.0253,3.0268,6
2026-02-13 09:42:00,3.0213,3.0233,3.0208,3.0228,3.0263,3.0283,3.0258,3.0278,8
2026-02-13 09:43:00,3.0223,3.0243,3.0203,3.0233,3.0273,3.0293,3.0253,3.0283,15
2026-02-13 09:44:00,3.0238,3.0243,3.0238,3.0238,3.0288,3.0293,3.0288,3.0288,3
2026-02-13 09:45:00,3.0243,3.0263,3.0243,3.0263,3.0293,3.0313,3.0293,3.0313,3
2026-02-13 09:46:00,3.0258,3.0293,3.0258,3.0293,3.0308,3.0343,3.0308,3.0343,19
2026-02-13 09:47:00,3.0288,3.0303,3.0273,3.0273,3.0338,3.0353,3.0323,3.0323,9
2026-02-13 09:48:00,3.0263,3.0263,3.0248,3.0258,3.0313,3.0313,3.0298,3.0308,5
2026-02-13 09:49:00,3.0248,3.0248,3.0243,3.0243,3.0298,3.0298,3.0293,3.0293,2
2026-02-13 09:50:00,3.0238,3.0258,3.0238,3.0248,3.0288,3.0308,3.0288,3.0298,8
2026-02-13 09:51:00,3.0253,3.0253,3.0248,3.0248,3.0303,3.0303,3.0298,3.0298,2
2026-02-13 09:52:00,3.0263,3.0263,3.0258,3.0263,3.0313,3.0313,3.0308,3.0313,5
2026-02-13 09:54:00,3.0253,3.0253,3.0233,3.0233,3.0303,3.0303,3.0283,3.0283,3
2026-02-13 09:55:00,3.0223,3.0253,3.0223,3.0253,3.0273,3.0303,3.0273,3.0303,12
2026-02-13 09:56:00,3.0263,3.0283,3.0263,3.0283,3.0313,3.0333,3.0313,3.0333,5
2026-02-13 09:57:00,3.0278,3.0288,3.0278,3.0288,3.0328,3.0338,3.0328,3.0338,2
2026-02-13 09:58:00,3.0293,3.0303,3.0283,3.0283,3.0343,3.0353,3.0333,3.0333,6
2026-02-13 10:00:00,3.0273,3.0293,3.0268,3.0268,3.0323,3.0343,3.0318,3.0318,9
2026-02-13 10:02:00,3.0273,3.0278,3.0263,3.0278,3.0323,3.0328,3.0313,3.0328,4
2026-02-13 10:03:00,3.0273,3.0288,3.0268,3.0288,3.0323,3.0338,3.0318,3.0338,6
2026-02-13 10:04:00,3.0283,3.0283,3.0273,3.0273,3.0333,3.0333,3.0323,3.0323,2
2026-02-13 10:05:00,3.0278,3.0278,3.0278,3.0278,3.0328,3.0328,3.0328,3.0328,1
2026-02-13 10:06:00,3.0268,3.0303,3.0263,3.0303,3.0318,3.0353,3.0313,3.0353,16
2026-02-13 10:07:00,3.0298,3.0298,3.0278,3.0278,3.0348,3.0348,3.0328,3.0328,4
2026-02-13 10:08:00,3.0283,3.0283,3.0283,3.0283,3.0333,3.0333,3.0333,3.0333,1
2026-02-13 10:09:00,3.0278,3.0278,3.0278,3.0278,3.0328,3.0328,3.0328,3.0328,1
2026-02-13 10:10:00,3.0273,3.0303,3.0273,3.0303,3.0323,3.0353,3.0323,3.0353,6
2026-02-13 10:11:00,3.0298,3.0303,3.0238,3.0258,3.0348,3.0353,3.0288,3.0308,19
2026-02-13 10:12:00,3.0263,3.0288,3.0258,3.0278,3.0313,3.0338,3.0308,3.0328,8
2026-02-13 10:13:00,3.0273,3.0293,3.0263,3.0283,3.0323,3.0343,3.0313,3.0333,7
2026-02-13 10:14:00,3.0288,3.0298,3.0288,3.0298,3.0338,3.0348,3.0338,3.0348,5
2026-02-13 10:15:00,3.0303,3.0333,3.0303,3.0323,3.0353,3.0383,3.0353,3.0373,11
2026-02-13 10:16:00,3.0318,3.0333,3.0313,3.0328,3.0368,3.0383,3.0363,3.0378,5
2026-02-13 10:17:00,3.0323,3.0323,3.0318,3.0318,3.0373,3.0373,3.0368,3.0368,4
2026-02-13 10:18:00,3.0323,3.0373,3.0323,3.0373,3.0373,3.0423,3.0373,3.0423,15
2026-02-13 10:19:00,3.0368,3.0373,3.0343,3.0373,3.0418,3.0423,3.0393,3.0423,12
2026-02-13 10:20:00,3.0383,3.0388,3.0368,3.0373,3.0433,3.0438,3.0418,3.0423,8
2026-02-13 10:21:00,3.0383,3.0403,3.0368,3.0403,3.0433,3.0453,3.0418,3.0453,6
2026-02-13 10:22:00,3.0408,3.0408,3.0383,3.0393,3.0458,3.0458,3.0433,3.0443,5
2026-02-13 10:23:00,3.0398,3.0413,3.0393,3.0393,3.0448,3.0463,3.0443,3.0443,7
2026-02-13 10:24:00,3.0388,3.0388,3.0388,3.0388,3.0438,3.0438,3.0438,3.0438,1
2026-02-13 10:25:00,3.0383,3.0398,3.0378,3.0398,3.0433,3.0448,3.0428,3.0448,5
2026-02-13 10:26:00,3.0403,3.0408,3.0393,3.0408,3.0453,3.0458,3.0443,3.0458,7
2026-02-13 10:27:00,3.0403,3.0448,3.0403,3.0433,3.0453,3.0498,3.0453,3.0483,12
2026-02-13 10:28:00,3.0438,3.0438,3.0428,3.0438,3.0488,3.0488,3.0478,3.0488,5
2026-02-13 10:29:00,3.0433,3.0433,3.0423,3.0433,3.0483,3.0483,3.0473,3.0483,6
2026-02-13 10:30:00,3.0428,3.0428,3.0373,3.0403,3.0478,3.0478,3.0423,3.0453,20
2026-02-13 10:31:00,3.0413,3.0423,3.0408,3.0423,3.0463,3.0473,3.0458,3.0473,3
2026-02-13 10:32:00,3.0428,3.0433,3.0418,3.0418,3.0478,3.0483,3.0468,3.0468,5
2026-02-13 10:33:00,3.0423,3.0448,3.0423,3.0448,3.0473,3.0498,3.0473,3.0498,8
2026-02-13 10:34:00,3.0453,3.0463,3.0438,3.0443,3.0503,3.0513,3.0488,3.0493,6
2026-02-13 10:35:00,3.0448,3.0453,3.0448,3.0453,3.0498,3.0503,3.0498,3.0503,4
2026-02-13 10:36:00,3.0448,3.0448,3.0433,3.0448,3.0498,3.0498,3.0483,3.0498,9
2026-02-13 10:37:00,3.0453,3.0458,3.0453,3.0458,3.0503,3.0508,3.0503,3.0508,2
2026-02-13 10:38:00,3.0453,3.0453,3.0428,3.0428,3.0503,3.0503,3.0478,3.0478,6
2026-02-13 10:39:00,3.0433,3.0438,3.0428,3.0428,3.0483,3.0488,3.0478,3.0478,5
2026-02-13 10:40:00,3.0433,3.0443,3.0433,3.0438,3.0483,3.0493,3.0483,3.0488,3
2026-02-13 10:41:00,3.0443,3.0443,3.0443,3.0443,3.0493,3.0493,3.0493,3.0493,1
2026-02-13 10:42:00,3.0438,3.0438,3.0413,3.0413,3.0488,3.0488,3.0463,3.0463,3
2026-02-13 10:43:00,3.0403,3.0413,3.0403,3.0408,3.0453,3.0463,3.0453,3.0458,6
2026-02-13 10:44:00,3.0403,3.0403,3.0393,3.0393,3.0453,3.0453,3.0443,3.0443,3
2026-02-13 10:45:00,3.0398,3.0403,3.0398,3.0403,3.0448,3.0453,3.0448,3.0453,4
2026-02-13 10:47:00,3.0393,3.0403,3.0353,3.0398,3.0443,3.0453,3.0403,3.0448,15
2026-02-13 10:49:00,3.0403,3.0403,3.0393,3.0403,3.0453,3.0453,3.0443,3.0453,5
2026-02-13 10:50:00,3.0393,3.0393,3.0393,3.0393,3.0443,3.0443,3.0443,3.0443,1
2026-02-13 10:51:00,3.0398,3.0413,3.0398,3.0408,3.0448,3.0463,3.0448,3.0458,4
2026-02-13 10:52:00,3.0403,3.0413,3.0393,3.0413,3.0453,3.0463,3.0443,3.0463,3
2026-02-13 10:53:00,3.0408,3.0443,3.0408,3.0443,3.0458,3.0493,3.0458,3.0493,7
2026-02-13 10:54:00,3.0438,3.0438,3.0403,3.0413,3.0488,3.0488,3.0453,3.0463,6
2026-02-13 10:55:00,3.0408,3.0413,3.0378,3.0383,3.0458,3.0463,3.0428,3.0433,18
2026-02-13 10:56:00,3.0378,3.0383,3.0368,3.0368,3.0428,3.0433,3.0418,3.0418,21
2026-02-13 10:57:00,3.0373,3.0413,3.0373,3.0413,3.0423,3.0463,3.0423,3.0463,12
2026-02-13 10:58:00,3.0423,3.0423,3.0413,3.0418,3.0473,3.0473,3.0463,3.0468,3
2026-02-13 11:00:00,3.0403,3.0418,3.0353,3.0408,3.0453,3.0468,3.0403,3.0458,28
2026-02-13 11:01:00,3.0398,3.0433,3.0398,3.0433,3.0448,3.0483,3.0448,3.0483,11
2026-02-13 11:02:00,3.0428,3.0483,3.0428,3.0483,3.0478,3.0533,3.0478,3.0533,11
2026-02-13 11:03:00,3.0473,3.0473,3.0443,3.0458,3.0523,3.0523,3.0493,3.0508,18
2026-02-13 11:04:00,3.0463,3.0463,3.0443,3.0463,3.0513,3.0513,3.0493,3.0513,8
2026-02-13 11:05:00,3.0453,3.0473,3.0443,3.0458,3.0503,3.0523,3.0493,3.0508,12
2026-02-13 11:06:00,3.0463,3.0463,3.0438,3.0448,3.0513,3.0513,3.0488,3.0498,15
2026-02-13 11:07:00,3.0453,3.0483,3.0453,3.0483,3.0503,3.0533,3.0503,3.0533,7
2026-02-13 11:08:00,3.0473,3.0473,3.0433,3.0433,3.0523,3.0523,3.0483,3.0483,8
2026-02-13 11:09:00,3.0423,3.0443,3.0408,3.0433,3.0473,3.0493,3.0458,3.0483,11
2026-02-13 11:10:00,3.0438,3.0438,3.0428,3.0428,3.0488,3.0488,3.0478,3.0478,3
2026-02-13 11:11:00,3.0433,3.0453,3.0428,3.0443,3.0483,3.0503,3.0478,3.0493,5
2026-02-13 11:12:00,3.0433,3.0473,3.0433,3.0473,3.0483,3.0523,3.0483,3.0523,12
2026-02-13 11:13:00,3.0483,3.0503,3.0483,3.0488,3.0533,3.0553,3.0533,3.0538,8
2026-02-13 11:14:00,3.0493,3.0518,3.0478,3.0493,3.0543,3.0568,3.0528,3.0543,15
2026-02-13 11:15:00,3.0498,3.0503,3.0488,3.0493,3.0548,3.0553,3.0538,3.0543,10
2026-02-13 11:16:00,3.0498,3.0498,3.0438,3.0468,3.0548,3.0548,3.0488,3.0518,23
2026-02-13 11:17:00,3.0473,3.0473,3.0458,3.0458,3.0523,3.0523,3.0508,3.0508,14
2026-02-13 11:18:00,3.0463,3.0463,3.0443,3.0443,3.0513,3.0513,3.0493,3.0493,3
2026-02-13 11:19:00,3.0448,3.0498,3.0448,3.0498,3.0498,3.0548,3.0498,3.0548,11
2026-02-13 11:20:00,3.0493,3.0498,3.0493,3.0493,3.0543,3.0548,3.0543,3.0543,3
2026-02-13 11:21:00,3.0483,3.0483,3.0463,3.0473,3.0533,3.0533,3.0513,3.0523,12
2026-02-13 11:22:00,3.0478,3.0478,3.0473,3.0473,3.0528,3.0528,3.0523,3.0523,2
2026-02-13 11:23:00,3.0478,3.0523,3.0473,3.0523,3.0528,3.0573,3.0523,3.0573,10
2026-02-13 11:24:00,3.0518,3.0523,3.0518,3.0523,3.0568,3.0573,3.0568,3.0573,2
2026-02-13 11:25:00,3.0533,3.0543,3.0513,3.0513,3.0583,3.0593,3.0563,3.0563,7
2026-02-13 11:26:00,3.0503,3.0513,3.0503,3.0513,3.0553,3.0563,3.0553,3.0563,2
2026-02-13 11:27:00,3.0503,3.0543,3.0503,3.0533,3.0553,3.0593,3.0553,3.0583,22
2026-02-13 11:28:00,3.0523,3.0543,3.0518,3.0523,3.0573,3.0593,3.0568,3.0573,11
2026-02-13 11:29:00,3.0533,3.0533,3.0498,3.0503,3.0583,3.0583,3.0548,3.0553,14
2026-02-13 11:30:00,3.0508,3.0523,3.0508,3.0523,3.0558,3.0573,3.0558,3.0573,4
2026-02-13 11:31:00,3.0518,3.0563,3.0518,3.0563,3.0568,3.0613,3.0568,3.0613,21
2026-02-13 11:32:00,3.0558,3.0583,3.0558,3.0583,3.0608,3.0633,3.0608,3.0633,8
2026-02-13 11:33:00,3.0573,3.0623,3.0573,3.0613,3.0623,3.0673,3.0623,3.0663,12
2026-02-13 11:34:00,3.0618,3.0628,3.0598,3.0613,3.0668,3.0678,3.0648,3.0663,13
2026-02-13 11:35:00,3.0618,3.0633,3.0593,3.0603,3.0668,3.0683,3.0643,3.0653,8
2026-02-13 11:36:00,3.0613,3.0628,3.0608,3.0623,3.0663,3.0678,3.0658,3.0673,8
2026-02-13 11:37:00,3.0618,3.0628,3.0608,3.0623,3.0668,3.0678,3.0658,3.0673,28
2026-02-13 11:38:00,3.0628,3.0663,3.0628,3.0653,3.0678,3.0713,3.0678,3.0703,15
2026-02-13 11:39:00,3.0663,3.0663,3.0633,3.0653,3.0713,3.0713,3.0683,3.0703,16
2026-02-13 11:40:00,3.0648,3.0653,3.0633,3.0633,3.0698,3.0703,3.0683,3.0683,6
2026-02-13 11:41:00,3.0628,3.0643,3.0628,3.0628,3.0678,3.0693,3.0678,3.0678,8
2026-02-13 11:42:00,3.0623,3.0638,3.0618,3.0638,3.0673,3.0688,3.0668,3.0688,9
2026-02-13 11:43:00,3.0633,3.0633,3.0603,3.0623,3.0683,3.0683,3.0653,3.0673,13
2026-02-13 11:44:00,3.0618,3.0648,3.0613,3.0648,3.0668,3.0698,3.0663,3.0698,8
2026-02-13 11:45:00,3.0653,3.0653,3.0648,3.0653,3.0703,3.0703,3.0698,3.0703,3
2026-02-13 11:46:00,3.0648,3.0663,3.0648,3.0663,3.0698,3.0713,3.0698,3.0713,5
2026-02-13 11:47:00,3.0658,3.0663,3.0653,3.0653,3.0708,3.0713,3.0703,3.0703,6
2026-02-13 11:48:00,3.0658,3.0693,3.0653,3.0693,3.0708,3.0743,3.0703,3.0743,8
2026-02-13 11:49:00,3.0698,3.0723,3.0698,3.0723,3.0748,3.0773,3.0748,3.0773,6
2026-02-13 11:50:00,3.0713,3.0723,3.0693,3.0698,3.0763,3.0773,3.0743,3.0748,14
2026-02-13 11:51:00,3.0693,3.0698,3.0683,3.0688,3.0743,3.0748,3.0733,3.0738,9
2026-02-13 11:52:00,3.0683,3.0688,3.0678,3.0678,3.0733,3.0738,3.0728,3.0728,3
2026-02-13 11:53:00,3.0683,3.0703,3.0673,3.0678,3.0733,3.0753,3.0723,3.0728,9
2026-02-13 11:54:00,3.0683,3.0693,3.0673,3.0673,3.0733,3.0743,3.0723,3.0723,11
2026-02-13 11:55:00,3.0663,3.0663,3.0663,3.0663,3.0713,3.0713,3.0713,3.0713,1
2026-02-13 11:56:00,3.0653,3.0653,3.0628,3.0653,3.0703,3.0703,3.0678,3.0703,13
2026-02-13 11:57:00,3.0648,3.0653,3.0648,3.0653,3.0698,3.0703,3.0698,3.0703,2
2026-02-13 11:58:00,3.0643,3.0648,3.0633,3.0648,3.0693,3.0698,3.0683,3.0698,4
2026-02-13 11:59:00,3.0653,3.0693,3.0653,3.0683,3.0703,3.0743,3.0703,3.0733,15
2026-02-13 12:00:00,3.0678,3.0693,3.0653,3.0658,3.0728,3.0743,3.0703,3.0708,14
2026-02-13 12:01:00,3.0643,3.0678,3.0633,3.0663,3.0693,3.0728,3.0683,3.0713,17
2026-02-13 12:02:00,3.0658,3.0673,3.0658,3.0673,3.0708,3.0723,3.0708,3.0723,4
2026-02-13 12:03:00,3.0683,3.0783,3.0673,3.0773,3.0733,3.0833,3.0723,3.0823,29
2026-02-13 12:04:00,3.0763,3.0803,3.0763,3.0783,3.0813,3.0853,3.0813,3.0833,23
2026-02-13 12:05:00,3.0778,3.0788,3.0763,3.0778,3.0828,3.0838,3.0813,3.0828,14
2026-02-13 12:06:00,3.0773,3.0783,3.0763,3.0763,3.0823,3.0833,3.0813,3.0813,5
2026-02-13 12:07:00,3.0758,3.0763,3.0738,3.0758,3.0808,3.0813,3.0788,3.0808,9
2026-02-13 12:08:00,3.0753,3.0753,3.0738,3.0748,3.0803,3.0803,3.0788,3.0798,11
2026-02-13 12:09:00,3.0743,3.0793,3.0743,3.0778,3.0793,3.0843,3.0793,3.0828,14
2026-02-13 12:10:00,3.0783,3.0793,3.0773,3.0793,3.0833,3.0843,3.0823,3.0843,8
2026-02-13 12:11:00,3.0783,3.0793,3.0778,3.0788,3.0833,3.0843,3.0828,3.0838,6
2026-02-13 12:12:00,3.0783,3.0798,3.0783,3.0793,3.0833,3.0848,3.0833,3.0843,11
2026-02-13 12:13:00,3.0798,3.0808,3.0783,3.0803,3.0848,3.0858,3.0833,3.0853,14
2026-02-13 12:14:00,3.0793,3.0803,3.0738,3.0763,3.0843,3.0853,3.0788,3.0813,19
2026-02-13 12:15:00,3.0748,3.0748,3.0713,3.0713,3.0798,3.0798,3.0763,3.0763,22
2026-02-13 12:16:00,3.0703,3.0738,3.0683,3.0738,3.0753,3.0788,3.0733,3.0788,12
2026-02-13 12:17:00,3.0733,3.0733,3.0643,3.0653,3.0783,3.0783,3.0693,3.0703,18
2026-02-13 12:18:00,3.0648,3.0673,3.0633,3.0648,3.0698,3.0723,3.0683,3.0698,15
2026-02-13 12:19:00,3.0643,3.0643,3.0593,3.0603,3.0693,3.0693,3.0643,3.0653,18
2026-02-13 12:20:00,3.0593,3.0598,3.0493,3.0503,3.0643,3.0648,3.0543,3.0553,39
2026-02-13 12:21:00,3.0508,3.0508,3.0428,3.0428,3.0558,3.0558,3.0478,3.0478,20
2026-02-13 12:22:00,3.0433,3.0458,3.0393,3.0393,3.0483,3.0508,3.0443,3.0443,19
2026-02-13 12:23:00,3.0388,3.0483,3.0368,3.0473,3.0438,3.0533,3.0418,3.0523,31
2026-02-13 12:24:00,3.0478,3.0478,3.0423,3.0433,3.0528,3.0528,3.0473,3.0483,21
2026-02-13 12:25:00,3.0443,3.0448,3.0403,3.0443,3.0493,3.0498,3.0453,3.0493,23
2026-02-13 12:26:00,3.0448,3.0488,3.0423,3.0453,3.0498,3.0538,3.0473,3.0503,34
2026-02-13 12:27:00,3.0458,3.0458,3.0403,3.0448,3.0508,3.0508,3.0453,3.0498,24
2026-02-13 12:28:00,3.0453,3.0458,3.0373,3.0383,3.0503,3.0508,3.0423,3.0433,33
2026-02-13 12:29:00,3.0388,3.0483,3.0383,3.0463,3.0438,3.0533,3.0433,3.0513,31
2026-02-13 12:30:00,3.0453,3.0453,3.0393,3.0433,3.0503,3.0503,3.0443,3.0483,18
2026-02-13 12:31:00,3.0428,3.0428,3.0373,3.0378,3.0478,3.0478,3.0423,3.0428,19
2026-02-13 12:32:00,3.0383,3.0403,3.0378,3.0393,3.0433,3.0453,3.0428,3.0443,16
2026-02-13 12:33:00,3.0398,3.0403,3.0383,3.0393,3.0448,3.0453,3.0433,3.0443,9
2026-02-13 12:34:00,3.0388,3.0413,3.0373,3.0403,3.0438,3.0463,3.0423,3.0453,19
2026-02-13 12:35:00,3.0398,3.0403,3.0393,3.0398,3.0448,3.0453,3.0443,3.0448,7
2026-02-13 12:36:00,3.0403,3.0403,3.0348,3.0353,3.0453,3.0453,3.0398,3.0403,25
2026-02-13 12:37:00,3.0348,3.0403,3.0343,3.0393,3.0398,3.0453,3.0393,3.0443,24
2026-02-13 12:38:00,3.0398,3.0398,3.0363,3.0393,3.0448,3.0448,3.0413,3.0443,15
2026-02-13 12:39:00,3.0383,3.0383,3.0373,3.0383,3.0433,3.0433,3.0423,3.0433,5
2026-02-13 12:40:00,3.0393,3.0403,3.0383,3.0398,3.0443,3.0453,3.0433,3.0448,14
2026-02-13 12:41:00,3.0403,3.0493,3.0403,3.0488,3.0453,3.0543,3.0453,3.0538,20
2026-02-13 12:42:00,3.0493,3.0553,3.0493,3.0543,3.0543,3.0603,3.0543,3.0593,21
2026-02-13 12:43:00,3.0538,3.0598,3.0538,3.0573,3.0588,3.0648,3.0588,3.0623,28
2026-02-13 12:44:00,3.0593,3.0593,3.0543,3.0578,3.0643,3.0643,3.0593,3.0628,30
2026-02-13 12:45:00,3.0573,3.0613,3.0573,3.0593,3.0623,3.0663,3.0623,3.0643,20
2026-02-13 12:46:00,3.0603,3.0633,3.0583,3.0588,3.0653,3.0683,3.0633,3.0638,25
2026-02-13 12:47:00,3.0583,3.0598,3.0558,3.0558,3.0633,3.0648,3.0608,3.0608,18
2026-02-13 12:48:00,3.0543,3.0553,3.0498,3.0503,3.0593,3.0603,3.0548,3.0553,19
2026-02-13 12:49:00,3.0508,3.0523,3.0503,3.0518,3.0558,3.0573,3.0553,3.0568,6
2026-02-13 12:50:00,3.0523,3.0538,3.0513,3.0533,3.0573,3.0588,3.0563,3.0583,12
2026-02-13 12:51:00,3.0543,3.0573,3.0543,3.0568,3.0593,3.0623,3.0593,3.0618,13
2026-02-13 12:52:00,3.0563,3.0598,3.0488,3.0508,3.0613,3.0648,3.0538,3.0558,26
2026-02-13 12:53:00,3.0513,3.0603,3.0513,3.0603,3.0563,3.0653,3.0563,3.0653,22
2026-02-13 12:54:00,3.0613,3.0613,3.0588,3.0613,3.0663,3.0663,3.0638,3.0663,15
2026-02-13 12:55:00,3.0608,3.0648,3.0593,3.0648,3.0658,3.0698,3.0643,3.0698,13
2026-02-13 12:56:00,3.0643,3.0673,3.0628,3.0638,3.0693,3.0723,3.0678,3.0688,23
2026-02-13 12:57:00,3.0633,3.0653,3.0633,3.0643,3.0683,3.0703,3.0683,3.0693,17
2026-02-13 12:58:00,3.0653,3.0653,3.0608,3.0633,3.0703,3.0703,3.0658,3.0683,20
2026-02-13 12:59:00,3.0623,3.0628,3.0598,3.0603,3.0673,3.0678,3.0648,3.0653,12
2026-02-13 13:00:00,3.0613,3.0713,3.0613,3.0673,3.0663,3.0763,3.0663,3.0723,50
2026-02-13 13:01:00,3.0668,3.0668,3.0618,3.0623,3.0718,3.0718,3.0668,3.0673,17
2026-02-13 13:02:00,3.0618,3.0618,3.0543,3.0543,3.0668,3.0668,3.0593,3.0593,25
2026-02-13 13:03:00,3.0548,3.0568,3.0523,3.0528,3.0598,3.0618,3.0573,3.0578,25
2026-02-13 13:04:00,3.0533,3.0553,3.0478,3.0503,3.0583,3.0603,3.0528,3.0553,33
2026-02-13 13:05:00,3.0493,3.0523,3.0473,3.0518,3.0543,3.0573,3.0523,3.0568,21
2026-02-13 13:06:00,3.0523,3.0523,3.0443,3.0463,3.0573,3.0573,3.0493,3.0513,19
2026-02-13 13:07:00,3.0453,3.0533,3.0403,3.0533,3.0503,3.0583,3.0453,3.0583,37
2026-02-13 13:08:00,3.0528,3.0538,3.0498,3.0503,3.0578,3.0588,3.0548,3.0553,23
2026-02-13 13:09:00,3.0498,3.0513,3.0473,3.0488,3.0548,3.0563,3.0523,3.0538,17
2026-02-13 13:10:00,3.0493,3.0513,3.0483,3.0498,3.0543,3.0563,3.0533,3.0548,17
2026-02-13 13:11:00,3.0493,3.0523,3.0478,3.0523,3.0543,3.0573,3.0528,3.0573,14
2026-02-13 13:12:00,3.0533,3.0563,3.0488,3.0558,3.0583,3.0613,3.0538,3.0608,29
2026-02-13 13:13:00,3.0563,3.0598,3.0558,3.0563,3.0613,3.0648,3.0608,3.0613,22
2026-02-13 13:14:00,3.0578,3.0658,3.0548,3.0553,3.0628,3.0708,3.0598,3.0603,34
2026-02-13 13:15:00,3.0548,3.0553,3.0478,3.0493,3.0598,3.0603,3.0528,3.0543,23
2026-02-13 13:16:00,3.0498,3.0503,3.0463,3.0473,3.0548,3.0553,3.0513,3.0523,12
2026-02-13 13:17:00,3.0468,3.0473,3.0443,3.0473,3.0518,3.0523,3.0493,3.0523,19
2026-02-13 13:18:00,3.0483,3.0488,3.0453,3.0453,3.0533,3.0538,3.0503,3.0503,11
2026-02-13 13:19:00,3.0443,3.0493,3.0443,3.0493,3.0493,3.0543,3.0493,3.0543,28
2026-02-13 13:20:00,3.0498,3.0513,3.0413,3.0443,3.0548,3.0563,3.0463,3.0493,45
2026-02-13 13:21:00,3.0433,3.0448,3.0403,3.0413,3.0483,3.0498,3.0453,3.0463,37
2026-02-13 13:22:00,3.0423,3.0523,3.0418,3.0523,3.0473,3.0573,3.0468,3.0573,39
2026-02-13 13:23:00,3.0513,3.0578,3.0493,3.0513,3.0563,3.0628,3.0543,3.0563,42
2026-02-13 13:24:00,3.0508,3.0533,3.0508,3.0533,3.0558,3.0583,3.0558,3.0583,10
2026-02-13 13:25:00,3.0538,3.0598,3.0538,3.0553,3.0588,3.0648,3.0588,3.0603,32
2026-02-13 13:26:00,3.0548,3.0593,3.0548,3.0573,3.0598,3.0643,3.0598,3.0623,24
2026-02-13 13:27:00,3.0568,3.0573,3.0553,3.0553,3.0618,3.0623,3.0603,3.0603,9
2026-02-13 13:28:00,3.0563,3.0633,3.0553,3.0593,3.0613,3.0683,3.0603,3.0643,31
2026-02-13 13:29:00,3.0588,3.0613,3.0588,3.0598,3.0638,3.0663,3.0638,3.0648,8
2026-02-13 13:30:00,3.0593,3.0593,3.0513,3.0523,3.0643,3.0643,3.0563,3.0573,13
2026-02-13 13:31:00,3.0533,3.0633,3.0523,3.0633,3.0583,3.0683,3.0573,3.0683,22
2026-02-13 13:32:00,3.0643,3.0693,3.0643,3.0653,3.0693,3.0743,3.0693,3.0703,30
2026-02-13 13:33:00,3.0663,3.0698,3.0658,3.0683,3.0713,3.0748,3.0708,3.0733,18
2026-02-13 13:34:00,3.0678,3.0713,3.0678,3.0698,3.0728,3.0763,3.0728,3.0748,7
2026-02-13 13:35:00,3.0693,3.0728,3.0568,3.0593,3.0743,3.0778,3.0618,3.0643,46
2026-02-13 13:36:00,3.0603,3.0603,3.0553,3.0563,3.0653,3.0653,3.0603,3.0613,12
2026-02-13 13:37:00,3.0558,3.0573,3.0543,3.0573,3.0608,3.0623,3.0593,3.0623,9
2026-02-13 13:38:00,3.0568,3.0568,3.0553,3.0558,3.0618,3.0618,3.0603,3.0608,7
2026-02-13 13:39:00,3.0563,3.0563,3.0518,3.0528,3.0613,3.0613,3.0568,3.0578,11
2026-02-13 13:40:00,3.0523,3.0523,3.0498,3.0513,3.0573,3.0573,3.0548,3.0563,11
2026-02-13 13:41:00,3.0508,3.0553,3.0508,3.0523,3.0558,3.0603,3.0558,3.0573,20
2026-02-13 13:42:00,3.0518,3.0528,3.0418,3.0423,3.0568,3.0578,3.0468,3.0473,37
2026-02-13 13:43:00,3.0418,3.0453,3.0393,3.0448,3.0468,3.0503,3.0443,3.0498,32
2026-02-13 13:44:00,3.0453,3.0553,3.0443,3.0553,3.0503,3.0603,3.0493,3.0603,30
2026-02-13 13:45:00,3.0558,3.0563,3.0428,3.0438,3.0608,3.0613,3.0478,3.0488,33
2026-02-13 13:46:00,3.0433,3.0438,3.0313,3.0343,3.0483,3.0488,3.0363,3.0393,55
2026-02-13 13:47:00,3.0348,3.0428,3.0328,3.0398,3.0398,3.0478,3.0378,3.0448,31
2026-02-13 13:48:00,3.0408,3.0408,3.0353,3.0388,3.0458,3.0458,3.0403,3.0438,19
2026-02-13 13:49:00,3.0378,3.0458,3.0378,3.0453,3.0428,3.0508,3.0428,3.0503,19
2026-02-13 13:50:00,3.0463,3.0513,3.0418,3.0428,3.0513,3.0563,3.0468,3.0478,41
2026-02-13 13:51:00,3.0423,3.0423,3.0388,3.0393,3.0473,3.0473,3.0438,3.0443,14
2026-02-13 13:52:00,3.0388,3.0393,3.0223,3.0233,3.0438,3.0443,3.0273,3.0283,63
2026-02-13 13:53:00,3.0243,3.0303,3.0203,3.0278,3.0293,3.0353,3.0253,3.0328,44
2026-02-13 13:54:00,3.0283,3.0333,3.0283,3.0328,3.0333,3.0383,3.0333,3.0378,27
2026-02-13 13:55:00,3.0333,3.0333,3.0248,3.0268,3.0383,3.0383,3.0298,3.0318,14
2026-02-13 13:56:00,3.0283,3.0293,3.0233,3.0233,3.0333,3.0343,3.0283,3.0283,35
2026-02-13 13:57:00,3.0243,3.0323,3.0243,3.0318,3.0293,3.0373,3.0293,3.0368,27
2026-02-13 13:58:00,3.0313,3.0393,3.0313,3.0373,3.0363,3.0443,3.0363,3.0423,43
2026-02-13 13:59:00,3.0383,3.0403,3.0338,3.0338,3.0433,3.0453,3.0388,3.0388,36
2026-02-13 14:00:00,3.0333,3.0368,3.0263,3.0278,3.0383,3.0418,3.0313,3.0328,64
2026-02-13 14:01:00,3.0283,3.0348,3.0283,3.0303,3.0333,3.0398,3.0333,3.0353,51
2026-02-13 14:02:00,3.0313,3.0393,3.0313,3.0363,3.0363,3.0443,3.0363,3.0413,41
2026-02-13 14:03:00,3.0368,3.0403,3.0343,3.0383,3.0418,3.0453,3.0393,3.0433,35
2026-02-13 14:04:00,3.0373,3.0383,3.0353,3.0363,3.0423,3.0433,3.0403,3.0413,19
2026-02-13 14:05:00,3.0368,3.0368,3.0353,3.0368,3.0418,3.0418,3.0403,3.0418,26
2026-02-13 14:06:00,3.0388,3.0433,3.0373,3.0423,3.0438,3.0483,3.0423,3.0473,21
2026-02-13 14:07:00,3.0428,3.0433,3.0393,3.0428,3.0478,3.0483,3.0443,3.0478,24
2026-02-13 14:08:00,3.0423,3.0423,3.0403,3.0403,3.0473,3.0473,3.0453,3.0453,14
2026-02-13 14:09:00,3.0413,3.0493,3.0413,3.0453,3.0463,3.0543,3.0463,3.0503,31
2026-02-13 14:10:00,3.0458,3.0478,3.0433,3.0438,3.0508,3.0528,3.0483,3.0488,19
2026-02-13 14:11:00,3.0443,3.0443,3.0418,3.0438,3.0493,3.0493,3.0468,3.0488,25
2026-02-13 14:12:00,3.0443,3.0468,3.0443,3.0453,3.0493,3.0518,3.0493,3.0503,16
2026-02-13 14:13:00,3.0443,3.0488,3.0443,3.0483,3.0493,3.0538,3.0493,3.0533,14
2026-02-13 14:14:00,3.0493,3.0513,3.0423,3.0423,3.0543,3.0563,3.0473,3.0473,32
2026-02-13 14:15:00,3.0428,3.0453,3.0423,3.0453,3.0478,3.0503,3.0473,3.0503,20
2026-02-13 14:16:00,3.0458,3.0483,3.0458,3.0473,3.0508,3.0533,3.0508,3.0523,14
2026-02-13 14:17:00,3.0468,3.0473,3.0448,3.0458,3.0518,3.0523,3.0498,3.0508,16
2026-02-13 14:18:00,3.0463,3.0533,3.0463,3.0503,3.0513,3.0583,3.0513,3.0553,34
2026-02-13 14:19:00,3.0508,3.0518,3.0498,3.0503,3.0558,3.0568,3.0548,3.0553,18
2026-02-13 14:20:00,3.0518,3.0553,3.0503,3.0533,3.0568,3.0603,3.0553,3.0583,36
2026-02-13 14:21:00,3.0538,3.0578,3.0533,3.0553,3.0588,3.0628,3.0583,3.0603,36
2026-02-13 14:22:00,3.0543,3.0573,3.0533,3.0538,3.0593,3.0623,3.0583,3.0588,21
2026-02-13 14:23:00,3.0543,3.0548,3.0503,3.0548,3.0593,3.0598,3.0553,3.0598,21
2026-02-13 14:24:00,3.0563,3.0593,3.0548,3.0583,3.0613,3.0643,3.0598,3.0633,29
2026-02-13 14:25:00,3.0573,3.0683,3.0573,3.0638,3.0623,3.0733,3.0623,3.0688,62
2026-02-13 14:26:00,3.0633,3.0673,3.0523,3.0573,3.0683,3.0723,3.0573,3.0623,52
2026-02-13 14:27:00,3.0578,3.0603,3.0578,3.0598,3.0628,3.0653,3.0628,3.0648,14
2026-02-13 14:28:00,3.0603,3.0603,3.0528,3.0533,3.0653,3.0653,3.0578,3.0583,38
2026-02-13 14:29:00,3.0538,3.0553,3.0513,3.0523,3.0588,3.0603,3.0563,3.0573,29
2026-02-13 14:30:00,3.0513,3.0553,3.0468,3.0528,3.0563,3.0603,3.0518,3.0578,45
2026-02-13 14:31:00,3.0543,3.0558,3.0538,3.0553,3.0593,3.0608,3.0588,3.0603,12
2026-02-13 14:32:00,3.0543,3.0628,3.0538,3.0623,3.0593,3.0678,3.0588,3.0673,26
2026-02-13 14:33:00,3.0628,3.0658,3.0593,3.0603,3.0678,3.0708,3.0643,3.0653,34
2026-02-13 14:34:00,3.0593,3.0608,3.0573,3.0583,3.0643,3.0658,3.0623,3.0633,22
2026-02-13 14:35:00,3.0578,3.0608,3.0533,3.0588,3.0628,3.0658,3.0583,3.0638,37
2026-02-13 14:36:00,3.0593,3.0593,3.0483,3.0498,3.0643,3.0643,3.0533,3.0548,32
2026-02-13 14:37:00,3.0493,3.0563,3.0493,3.0533,3.0543,3.0613,3.0543,3.0583,23
2026-02-13 14:38:00,3.0538,3.0543,3.0523,3.0523,3.0588,3.0593,3.0573,3.0573,6
2026-02-13 14:39:00,3.0513,3.0523,3.0493,3.0513,3.0563,3.0573,3.0543,3.0563,16
2026-02-13 14:40:00,3.0518,3.0518,3.0453,3.0483,3.0568,3.0568,3.0503,3.0533,35
2026-02-13 14:41:00,3.0488,3.0528,3.0483,3.0503,3.0538,3.0578,3.0533,3.0553,18
2026-02-13 14:42:00,3.0513,3.0513,3.0433,3.0443,3.0563,3.0563,3.0483,3.0493,15
2026-02-13 14:43:00,3.0448,3.0453,3.0373,3.0413,3.0498,3.0503,3.0423,3.0463,39
2026-02-13 14:44:00,3.0408,3.0408,3.0383,3.0393,3.0458,3.0458,3.0433,3.0443,15
2026-02-13 14:45:00,3.0403,3.0408,3.0323,3.0378,3.0453,3.0458,3.0373,3.0428,47
2026-02-13 14:46:00,3.0383,3.0413,3.0323,3.0328,3.0433,3.0463,3.0373,3.0378,38
2026-02-13 14:47:00,3.0323,3.0343,3.0253,3.0283,3.0373,3.0393,3.0303,3.0333,61
2026-02-13 14:48:00,3.0278,3.0303,3.0253,3.0283,3.0328,3.0353,3.0303,3.0333,29
2026-02-13 14:49:00,3.0278,3.0333,3.0278,3.0298,3.0328,3.0383,3.0328,3.0348,39
2026-02-13 14:50:00,3.0293,3.0353,3.0283,3.0313,3.0343,3.0403,3.0333,3.0363,40
2026-02-13 14:51:00,3.0318,3.0323,3.0283,3.0288,3.0368,3.0373,3.0333,3.0338,30
2026-02-13 14:52:00,3.0278,3.0283,3.0213,3.0228,3.0328,3.0333,3.0263,3.0278,62
2026-02-13 14:53:00,3.0223,3.0233,3.0103,3.0193,3.0273,3.0283,3.0153,3.0243,116
2026-02-13 14:54:00,3.0198,3.0203,3.0138,3.0158,3.0248,3.0253,3.0188,3.0208,44
2026-02-13 14:55:00,3.0168,3.0203,3.0133,3.0198,3.0218,3.0253,3.0183,3.0248,52
2026-02-13 14:56:00,3.0203,3.0243,3.0203,3.0213,3.0253,3.0293,3.0253,3.0263,53
2026-02-13 14:57:00,3.0208,3.0283,3.0183,3.0278,3.0258,3.0333,3.0233,3.0328,57
2026-02-13 14:58:00,3.0273,3.0278,3.0248,3.0278,3.0323,3.0328,3.0298,3.0328,41
2026-02-13 14:59:00,3.0273,3.0293,3.0243,3.0258,3.0323,3.0343,3.0293,3.0308,38
2026-02-13 15:00:00,3.0268,3.0383,3.0243,3.0363,3.0318,3.0433,3.0293,3.0413,126
2026-02-13 15:01:00,3.0368,3.0453,3.0368,3.0438,3.0418,3.0503,3.0418,3.0488,71
2026-02-13 15:02:00,3.0428,3.0463,3.0408,3.0443,3.0478,3.0513,3.0458,3.0493,72
2026-02-13 15:03:00,3.0448,3.0513,3.0443,3.0488,3.0498,3.0563,3.0493,3.0538,52
2026-02-13 15:04:00,3.0493,3.0533,3.0443,3.0468,3.0543,3.0583,3.0493,3.0518,72
2026-02-13 15:05:00,3.0473,3.0523,3.0443,3.0443,3.0523,3.0573,3.0493,3.0493,44
2026-02-13 15:06:00,3.0453,3.0453,3.0383,3.0413,3.0503,3.0503,3.0433,3.0463,41
2026-02-13 15:07:00,3.0403,3.0483,3.0393,3.0443,3.0453,3.0533,3.0443,3.0493,37
2026-02-13 15:08:00,3.0433,3.0453,3.0383,3.0418,3.0483,3.0503,3.0433,3.0468,56
2026-02-13 15:09:00,3.0423,3.0453,3.0423,3.0443,3.0473,3.0503,3.0473,3.0493,28
2026-02-13 15:10:00,3.0448,3.0453,3.0433,3.0443,3.0498,3.0503,3.0483,3.0493,19
2026-02-13 15:11:00,3.0438,3.0443,3.0343,3.0373,3.0488,3.0493,3.0393,3.0423,46
2026-02-13 15:12:00,3.0363,3.0423,3.0363,3.0418,3.0413,3.0473,3.0413,3.0468,27
2026-02-13 15:13:00,3.0413,3.0418,3.0383,3.0393,3.0463,3.0468,3.0433,3.0443,14
2026-02-13 15:14:00,3.0398,3.0493,3.0393,3.0433,3.0448,3.0543,3.0443,3.0483,58
2026-02-13 15:15:00,3.0428,3.0523,3.0413,3.0493,3.0478,3.0573,3.0463,3.0543,50
2026-02-13 15:16:00,3.0483,3.0533,3.0483,3.0498,3.0533,3.0583,3.0533,3.0548,28
2026-02-13 15:17:00,3.0503,3.0513,3.0443,3.0453,3.0553,3.0563,3.0493,3.0503,36
2026-02-13 15:18:00,3.0463,3.0483,3.0413,3.0423,3.0513,3.0533,3.0463,3.0473,35
2026-02-13 15:19:00,3.0428,3.0448,3.0388,3.0403,3.0478,3.0498,3.0438,3.0453,22
2026-02-13 15:20:00,3.0413,3.0443,3.0383,3.0408,3.0463,3.0493,3.0433,3.0458,33
2026-02-13 15:21:00,3.0418,3.0453,3.0403,3.0438,3.0468,3.0503,3.0453,3.0488,34
2026-02-13 15:22:00,3.0433,3.0463,3.0418,3.0428,3.0483,3.0513,3.0468,3.0478,34
2026-02-13 15:23:00,3.0423,3.0433,3.0343,3.0413,3.0473,3.0483,3.0393,3.0463,40
2026-02-13 15:24:00,3.0418,3.0443,3.0418,3.0433,3.0468,3.0493,3.0468,3.0483,15
2026-02-13 15:25:00,3.0443,3.0473,3.0443,3.0463,3.0493,3.0523,3.0493,3.0513,22
2026-02-13 15:26:00,3.0468,3.0553,3.0468,3.0538,3.0518,3.0603,3.0518,3.0588,60
2026-02-13 15:27:00,3.0543,3.0553,3.0513,3.0543,3.0593,3.0603,3.0563,3.0593,35
2026-02-13 15:28:00,3.0553,3.0553,3.0513,3.0513,3.0603,3.0603,3.0563,3.0563,22
2026-02-13 15:29:00,3.0508,3.0528,3.0483,3.0513,3.0558,3.0578,3.0533,3.0563,35
2026-02-13 15:30:00,3.0528,3.0633,3.0528,3.0593,3.0578,3.0683,3.0578,3.0643,91
2026-02-13 15:31:00,3.0598,3.0773,3.0598,3.0763,3.0648,3.0823,3.0648,3.0813,95
2026-02-13 15:32:00,3.0753,3.0868,3.0713,3.0868,3.0803,3.0918,3.0763,3.0918,108
2026-02-13 15:33:00,3.0883,3.0883,3.0803,3.0873,3.0933,3.0933,3.0853,3.0923,69
2026-02-13 15:34:00,3.0878,3.0883,3.0803,3.0813,3.0928,3.0933,3.0853,3.0863,45
2026-02-13 15:35:00,3.0813,3.0813,3.0663,3.0673,3.0863,3.0863,3.0713,3.0723,76
2026-02-13 15:36:00,3.0678,3.0763,3.0663,3.0678,3.0728,3.0813,3.0713,3.0728,57
2026-02-13 15:37:00,3.0678,3.0693,3.0648,3.0673,3.0728,3.0743,3.0698,3.0723,43
2026-02-13 15:38:00,3.0663,3.0728,3.0663,3.0693,3.0713,3.0778,3.0713,3.0743,46
2026-02-13 15:39:00,3.0683,3.0723,3.0633,3.0663,3.0733,3.0773,3.0683,3.0713,55
2026-02-13 15:40:00,3.0668,3.0743,3.0613,3.0728,3.0718,3.0793,3.0663,3.0778,62
2026-02-13 15:41:00,3.0733,3.0733,3.0648,3.0648,3.0783,3.0783,3.0698,3.0698,58
2026-02-13 15:42:00,3.0653,3.0703,3.0613,3.0653,3.0703,3.0753,3.0663,3.0703,51
2026-02-13 15:43:00,3.0658,3.0658,3.0618,3.0653,3.0708,3.0708,3.0668,3.0703,38
2026-02-13 15:44:00,3.0658,3.0693,3.0633,3.0643,3.0708,3.0743,3.0683,3.0693,41
2026-02-13 15:45:00,3.0653,3.0703,3.0623,3.0638,3.0703,3.0753,3.0673,3.0688,37
2026-02-13 15:46:00,3.0633,3.0743,3.0623,3.0713,3.0683,3.0793,3.0673,3.0763,50
2026-02-13 15:47:00,3.0703,3.0758,3.0683,3.0753,3.0753,3.0808,3.0733,3.0803,35
2026-02-13 15:48:00,3.0758,3.0803,3.0743,3.0753,3.0808,3.0853,3.0793,3.0803,55
2026-02-13 15:49:00,3.0748,3.0748,3.0648,3.0653,3.0798,3.0798,3.0698,3.0703,49
2026-02-13 15:50:00,3.0663,3.0783,3.0653,3.0773,3.0713,3.0833,3.0703,3.0823,63
2026-02-13 15:51:00,3.0768,3.0813,3.0763,3.0813,3.0818,3.0863,3.0813,3.0863,35
2026-02-13 15:52:00,3.0823,3.0823,3.0743,3.0758,3.0873,3.0873,3.0793,3.0808,51
2026-02-13 15:53:00,3.0763,3.0798,3.0743,3.0743,3.0813,3.0848,3.0793,3.0793,38
2026-02-13 15:54:00,3.0753,3.0813,3.0743,3.0788,3.0803,3.0863,3.0793,3.0838,41
2026-02-13 15:55:00,3.0783,3.0833,3.0783,3.0823,3.0833,3.0883,3.0833,3.0873,36
2026-02-13 15:56:00,3.0818,3.0858,3.0813,3.0813,3.0868,3.0908,3.0863,3.0863,33
2026-02-13 15:57:00,3.0818,3.0818,3.0763,3.0773,3.0868,3.0868,3.0813,3.0823,42
2026-02-13 15:58:00,3.0778,3.0813,3.0778,3.0813,3.0828,3.0863,3.0828,3.0863,25
2026-02-13 15:59:00,3.0803,3.0818,3.0788,3.0793,3.0853,3.0868,3.0838,3.0843,32
2026-02-13 16:00:00,3.0798,3.0813,3.0678,3.0693,3.0848,3.0863,3.0728,3.0743,49
2026-02-13 16:01:00,3.0688,3.0773,3.0663,3.0723,3.0738,3.0823,3.0713,3.0773,44
2026-02-13 16:02:00,3.0713,3.0733,3.0638,3.0723,3.0763,3.0783,3.0688,3.0773,24
2026-02-13 16:03:00,3.0708,3.0708,3.0693,3.0703,3.0758,3.0758,3.0743,3.0753,8
2026-02-13 16:04:00,3.0698,3.0703,3.0633,3.0643,3.0748,3.0753,3.0683,3.0693,30
2026-02-13 16:05:00,3.0648,3.0648,3.0568,3.0568,3.0698,3.0698,3.0618,3.0618,49
2026-02-13 16:06:00,3.0563,3.0613,3.0563,3.0613,3.0613,3.0663,3.0613,3.0663,33
2026-02-13 16:07:00,3.0608,3.0653,3.0598,3.0623,3.0658,3.0703,3.0648,3.0673,42
2026-02-13 16:08:00,3.0633,3.0673,3.0583,3.0668,3.0683,3.0723,3.0633,3.0718,44
2026-02-13 16:09:00,3.0663,3.0683,3.0618,3.0633,3.0713,3.0733,3.0668,3.0683,41
2026-02-13 16:10:00,3.0638,3.0683,3.0638,3.0663,3.0688,3.0733,3.0688,3.0713,39
2026-02-13 16:11:00,3.0668,3.0678,3.0653,3.0663,3.0718,3.0728,3.0703,3.0713,19
2026-02-13 16:12:00,3.0653,3.0653,3.0573,3.0593,3.0703,3.0703,3.0623,3.0643,32
2026-02-13 16:13:00,3.0578,3.0613,3.0553,3.0573,3.0628,3.0663,3.0603,3.0623,37
2026-02-13 16:14:00,3.0563,3.0563,3.0523,3.0538,3.0613,3.0613,3.0573,3.0588,28
2026-02-13 16:15:00,3.0533,3.0583,3.0518,3.0578,3.0583,3.0633,3.0568,3.0628,39
2026-02-13 16:16:00,3.0573,3.0578,3.0553,3.0558,3.0623,3.0628,3.0603,3.0608,22
2026-02-13 16:17:00,3.0563,3.0583,3.0553,3.0583,3.0613,3.0633,3.0603,3.0633,17
2026-02-13 16:18:00,3.0578,3.0613,3.0573,3.0603,3.0628,3.0663,3.0623,3.0653,21
2026-02-13 16:19:00,3.0593,3.0683,3.0583,3.0683,3.0643,3.0733,3.0633,3.0733,41
2026-02-13 16:20:00,3.0673,3.0723,3.0663,3.0693,3.0723,3.0773,3.0713,3.0743,29
2026-02-13 16:21:00,3.0688,3.0693,3.0653,3.0653,3.0738,3.0743,3.0703,3.0703,17
2026-02-13 16:22:00,3.0653,3.0678,3.0628,3.0633,3.0703,3.0728,3.0678,3.0683,26
2026-02-13 16:23:00,3.0638,3.0653,3.0623,3.0643,3.0688,3.0703,3.0673,3.0693,29
2026-02-13 16:24:00,3.0648,3.0713,3.0648,3.0678,3.0698,3.0763,3.0698,3.0728,30
2026-02-13 16:25:00,3.0683,3.0723,3.0673,3.0698,3.0733,3.0773,3.0723,3.0748,27
2026-02-13 16:26:00,3.0703,3.0773,3.0703,3.0763,3.0753,3.0823,3.0753,3.0813,17
2026-02-13 16:27:00,3.0768,3.0768,3.0708,3.0708,3.0818,3.0818,3.0758,3.0758,16
2026-02-13 16:28:00,3.0698,3.0703,3.0693,3.0693,3.0748,3.0753,3.0743,3.0743,12
2026-02-13 16:29:00,3.0688,3.0688,3.0653,3.0678,3.0738,3.0738,3.0703,3.0728,25
2026-02-13 16:30:00,3.0673,3.0688,3.0603,3.0643,3.0723,3.0738,3.0653,3.0693,47
2026-02-13 16:31:00,3.0638,3.0663,3.0613,3.0663,3.0688,3.0713,3.0663,3.0713,22
2026-02-13 16:32:00,3.0653,3.0713,3.0633,3.0698,3.0703,3.0763,3.0683,3.0748,26
2026-02-13 16:33:00,3.0703,3.0718,3.0663,3.0663,3.0753,3.0768,3.0713,3.0713,43
2026-02-13 16:34:00,3.0668,3.0673,3.0643,3.0653,3.0718,3.0723,3.0693,3.0703,31
2026-02-13 16:35:00,3.0658,3.0693,3.0623,3.0693,3.0708,3.0743,3.0673,3.0743,25
2026-02-13 16:36:00,3.0698,3.0753,3.0698,3.0738,3.0748,3.0803,3.0748,3.0788,38
2026-02-13 16:37:00,3.0733,3.0848,3.0733,3.0848,3.0783,3.0898,3.0783,3.0898,61
2026-02-13 16:38:00,3.0858,3.0893,3.0853,3.0863,3.0908,3.0943,3.0903,3.0913,50
2026-02-13 16:39:00,3.0873,3.0888,3.0853,3.0888,3.0923,3.0938,3.0903,3.0938,28
2026-02-13 16:40:00,3.0898,3.0943,3.0898,3.0918,3.0948,3.0993,3.0948,3.0968,42
2026-02-13 16:41:00,3.0923,3.0998,3.0923,3.0953,3.0973,3.1048,3.0973,3.1003,49
2026-02-13 16:42:00,3.0963,3.1033,3.0953,3.0983,3.1013,3.1083,3.1003,3.1033,55
2026-02-13 16:43:00,3.0988,3.1083,3.0973,3.1063,3.1038,3.1133,3.1023,3.1113,77
2026-02-13 16:44:00,3.1058,3.1078,3.0993,3.1063,3.1108,3.1128,3.1043,3.1113,97
2026-02-13 16:45:00,3.1043,3.1073,3.1023,3.1053,3.1093,3.1123,3.1073,3.1103,53
2026-02-13 16:46:00,3.1043,3.1083,3.1033,3.1033,3.1093,3.1133,3.1083,3.1083,45
2026-02-13 16:47:00,3.1038,3.1043,3.0993,3.1023,3.1088,3.1093,3.1043,3.1073,34
2026-02-13 16:48:00,3.1028,3.1048,3.0983,3.0988,3.1078,3.1098,3.1033,3.1038,29
2026-02-13 16:49:00,3.0983,3.1053,3.0943,3.1003,3.1033,3.1103,3.0993,3.1053,51
2026-02-13 16:50:00,3.0998,3.1013,3.0993,3.1003,3.1048,3.1063,3.1043,3.1053,22
2026-02-13 16:51:00,3.1023,3.1033,3.0968,3.1028,3.1073,3.1083,3.1018,3.1078,42
2026-02-13 16:52:00,3.1033,3.1053,3.1013,3.1023,3.1083,3.1103,3.1063,3.1073,22
2026-02-13 16:53:00,3.1033,3.1033,3.0973,3.0983,3.1083,3.1083,3.1023,3.1033,44
2026-02-13 16:54:00,3.0973,3.1003,3.0963,3.1003,3.1023,3.1053,3.1013,3.1053,27
2026-02-13 16:55:00,3.1008,3.1013,3.0983,3.0993,3.1058,3.1063,3.1033,3.1043,16
2026-02-13 16:56:00,3.0973,3.1023,3.0963,3.1013,3.1023,3.1073,3.1013,3.1063,24
2026-02-13 16:57:00,3.1018,3.1103,3.1013,3.1098,3.1068,3.1153,3.1063,3.1148,35
2026-02-13 16:58:00,3.1103,3.1158,3.1083,3.1153,3.1153,3.1208,3.1133,3.1203,52
2026-02-13 16:59:00,3.1148,3.1263,3.1148,3.1193,3.1198,3.1313,3.1198,3.1243,70
2026-02-13 17:00:00,3.1183,3.1253,3.1163,3.1163,3.1233,3.1303,3.1213,3.1213,78
2026-02-13 17:01:00,3.1158,3.1203,3.1148,3.1188,3.1208,3.1253,3.1198,3.1238,26
2026-02-13 17:02:00,3.1183,3.1203,3.1173,3.1183,3.1233,3.1253,3.1223,3.1233,29
2026-02-13 17:03:00,3.1188,3.1253,3.1138,3.1253,3.1238,3.1303,3.1188,3.1303,52
2026-02-13 17:04:00,3.1243,3.1303,3.1243,3.1253,3.1293,3.1353,3.1293,3.1303,40
2026-02-13 17:05:00,3.1263,3.1278,3.1208,3.1208,3.1313,3.1328,3.1258,3.1258,27
2026-02-13 17:06:00,3.1198,3.1203,3.1128,3.1128,3.1248,3.1253,3.1178,3.1178,25
2026-02-13 17:07:00,3.1123,3.1123,3.1023,3.1028,3.1173,3.1173,3.1073,3.1078,38
2026-02-13 17:08:00,3.1048,3.1063,3.1013,3.1028,3.1098,3.1113,3.1063,3.1078,30
2026-02-13 17:09:00,3.1033,3.1043,3.0993,3.1023,3.1083,3.1093,3.1043,3.1073,40
2026-02-13 17:10:00,3.1018,3.1023,3.0993,3.1003,3.1068,3.1073,3.1043,3.1053,28
2026-02-13 17:11:00,3.0998,3.0998,3.0968,3.0983,3.1048,3.1048,3.1018,3.1033,10
2026-02-13 17:12:00,3.0978,3.1003,3.0978,3.0993,3.1028,3.1053,3.1028,3.1043,16
2026-02-13 17:13:00,3.0998,3.0998,3.0963,3.0993,3.1048,3.1048,3.1013,3.1043,18
2026-02-13 17:14:00,3.0983,3.1003,3.0973,3.0983,3.1033,3.1053,3.1023,3.1033,32
2026-02-13 17:15:00,3.0978,3.1073,3.0963,3.1053,3.1028,3.1123,3.1013,3.1103,41
2026-02-13 17:16:00,3.1063,3.1123,3.1063,3.1103,3.1113,3.1173,3.1113,3.1153,33
2026-02-13 17:17:00,3.1113,3.1113,3.1083,3.1098,3.1163,3.1163,3.1133,3.1148,11
2026-02-13 17:18:00,3.1093,3.1113,3.1063,3.1083,3.1143,3.1163,3.1113,3.1133,32
2026-02-13 17:19:00,3.1088,3.1123,3.1073,3.1093,3.1138,3.1173,3.1123,3.1143,27
2026-02-13 17:20:00,3.1088,3.1103,3.1063,3.1083,3.1138,3.1153,3.1113,3.1133,24
2026-02-13 17:21:00,3.1088,3.1113,3.1083,3.1108,3.1138,3.1163,3.1133,3.1158,27
2026-02-13 17:22:00,3.1113,3.1138,3.1063,3.1138,3.1163,3.1188,3.1113,3.1188,47
2026-02-13 17:23:00,3.1133,3.1163,3.1083,3.1083,3.1183,3.1213,3.1133,3.1133,22
2026-02-13 17:24:00,3.1088,3.1213,3.1083,3.1213,3.1138,3.1263,3.1133,3.1263,56
2026-02-13 17:25:00,3.1203,3.1283,3.1163,3.1273,3.1253,3.1333,3.1213,3.1323,56
2026-02-13 17:26:00,3.1278,3.1343,3.1263,3.1333,3.1328,3.1393,3.1313,3.1383,31
2026-02-13 17:27:00,3.1348,3.1373,3.1273,3.1303,3.1398,3.1423,3.1323,3.1353,44
2026-02-13 17:28:00,3.1308,3.1333,3.1283,3.1323,3.1358,3.1383,3.1333,3.1373,41
2026-02-13 17:29:00,3.1328,3.1373,3.1323,3.1363,3.1378,3.1423,3.1373,3.1413,31
2026-02-13 17:30:00,3.1353,3.1393,3.1283,3.1378,3.1403,3.1443,3.1333,3.1428,63
2026-02-13 17:31:00,3.1383,3.1393,3.1313,3.1343,3.1433,3.1443,3.1363,3.1393,47
2026-02-13 17:32:00,3.1323,3.1323,3.1173,3.1223,3.1373,3.1373,3.1223,3.1273,52
2026-02-13 17:33:00,3.1213,3.1238,3.1133,3.1133,3.1263,3.1288,3.1183,3.1183,43
2026-02-13 17:34:00,3.1138,3.1163,3.1113,3.1143,3.1188,3.1213,3.1163,3.1193,33
2026-02-13 17:35:00,3.1148,3.1183,3.1128,3.1173,3.1198,3.1233,3.1178,3.1223,25
2026-02-13 17:36:00,3.1163,3.1193,3.1153,3.1188,3.1213,3.1243,3.1203,3.1238,23
2026-02-13 17:37:00,3.1193,3.1193,3.1158,3.1163,3.1243,3.1243,3.1208,3.1213,17
2026-02-13 17:38:00,3.1153,3.1153,3.1083,3.1093,3.1203,3.1203,3.1133,3.1143,42
2026-02-13 17:39:00,3.1098,3.1128,3.1063,3.1128,3.1148,3.1178,3.1113,3.1178,24
2026-02-13 17:40:00,3.1133,3.1153,3.1133,3.1143,3.1183,3.1203,3.1183,3.1193,12
2026-02-13 17:41:00,3.1153,3.1153,3.1128,3.1143,3.1203,3.1203,3.1178,3.1193,14
2026-02-13 17:42:00,3.1153,3.1168,3.1143,3.1153,3.1203,3.1218,3.1193,3.1203,27
2026-02-13 17:43:00,3.1148,3.1163,3.1128,3.1153,3.1198,3.1213,3.1178,3.1203,17
2026-02-13 17:44:00,3.1148,3.1183,3.1143,3.1173,3.1198,3.1233,3.1193,3.1223,15
2026-02-13 17:45:00,3.1183,3.1203,3.1153,3.1188,3.1233,3.1253,3.1203,3.1238,19
2026-02-13 17:46:00,3.1193,3.1208,3.1183,3.1183,3.1243,3.1258,3.1233,3.1233,19
2026-02-13 17:47:00,3.1188,3.1208,3.1173,3.1193,3.1238,3.1258,3.1223,3.1243,18
2026-02-13 17:48:00,3.1203,3.1203,3.1158,3.1163,3.1253,3.1253,3.1208,3.1213,15
2026-02-13 17:49:00,3.1158,3.1163,3.1153,3.1158,3.1208,3.1213,3.1203,3.1208,13
2026-02-13 17:50:00,3.1163,3.1173,3.1158,3.1173,3.1213,3.1223,3.1208,3.1223,7
2026-02-13 17:51:00,3.1168,3.1168,3.1133,3.1143,3.1218,3.1218,3.1183,3.1193,17
2026-02-13 17:52:00,3.1148,3.1168,3.1143,3.1163,3.1198,3.1218,3.1193,3.1213,11
2026-02-13 17:53:00,3.1158,3.1158,3.1143,3.1143,3.1208,3.1208,3.1193,3.1193,12
2026-02-13 17:54:00,3.1148,3.1168,3.1143,3.1168,3.1198,3.1218,3.1193,3.1218,6
2026-02-13 17:55:00,3.1173,3.1173,3.1143,3.1158,3.1223,3.1223,3.1193,3.1208,15
2026-02-13 17:56:00,3.1163,3.1173,3.1143,3.1153,3.1213,3.1223,3.1193,3.1203,18
2026-02-13 17:57:00,3.1163,3.1163,3.1143,3.1163,3.1213,3.1213,3.1193,3.1213,10
2026-02-13 17:58:00,3.1158,3.1173,3.1153,3.1163,3.1208,3.1223,3.1203,3.1213,20
2026-02-13 17:59:00,3.1168,3.1173,3.1143,3.1153,3.1218,3.1223,3.1193,3.1203,11
2026-02-13 18:00:00,3.1163,3.1193,3.1148,3.1188,3.1213,3.1243,3.1198,3.1238,36
2026-02-13 18:01:00,3.1183,3.1213,3.1143,3.1153,3.1233,3.1263,3.1193,3.1203,22
2026-02-13 18:02:00,3.1148,3.1153,3.1113,3.1133,3.1198,3.1203,3.1163,3.1183,28
2026-02-13 18:03:00,3.1143,3.1173,3.1118,3.1118,3.1193,3.1223,3.1168,3.1168,39
2026-02-13 18:04:00,3.1128,3.1183,3.1123,3.1153,3.1178,3.1233,3.1173,3.1203,29
2026-02-13 18:05:00,3.1158,3.1163,3.1123,3.1123,3.1208,3.1213,3.1173,3.1173,13
2026-02-13 18:06:00,3.1113,3.1123,3.1013,3.1023,3.1163,3.1173,3.1063,3.1073,48
2026-02-13 18:07:00,3.1028,3.1033,3.0978,3.1003,3.1078,3.1083,3.1028,3.1053,25
2026-02-13 18:08:00,3.1008,3.1063,3.1003,3.1058,3.1058,3.1113,3.1053,3.1108,47
2026-02-13 18:09:00,3.1053,3.1053,3.1008,3.1043,3.1103,3.1103,3.1058,3.1093,38
2026-02-13 18:10:00,3.1048,3.1053,3.1043,3.1048,3.1098,3.1103,3.1093,3.1098,17
2026-02-13 18:11:00,3.1053,3.1093,3.1053,3.1088,3.1103,3.1143,3.1103,3.1138,17
2026-02-13 18:12:00,3.1093,3.1123,3.1083,3.1103,3.1143,3.1173,3.1133,3.1153,13
2026-02-13 18:13:00,3.1113,3.1153,3.1103,3.1138,3.1163,3.1203,3.1153,3.1188,17
2026-02-13 18:14:00,3.1128,3.1153,3.1113,3.1153,3.1178,3.1203,3.1163,3.1203,28
2026-02-13 18:15:00,3.1148,3.1183,3.1133,3.1183,3.1198,3.1233,3.1183,3.1233,20
2026-02-13 18:16:00,3.1188,3.1213,3.1173,3.1188,3.1238,3.1263,3.1223,3.1238,24
2026-02-13 18:17:00,3.1183,3.1228,3.1183,3.1213,3.1233,3.1278,3.1233,3.1263,34
2026-02-13 18:18:00,3.1218,3.1268,3.1213,3.1268,3.1268,3.1318,3.1263,3.1318,29
2026-02-13 18:19:00,3.1263,3.1333,3.1263,3.1303,3.1313,3.1383,3.1313,3.1353,25
2026-02-13 18:20:00,3.1313,3.1323,3.1263,3.1283,3.1363,3.1373,3.1313,3.1333,25
2026-02-13 18:21:00,3.1273,3.1323,3.1273,3.1313,3.1323,3.1373,3.1323,3.1363,26
2026-02-13 18:22:00,3.1318,3.1363,3.1288,3.1333,3.1368,3.1413,3.1338,3.1383,51
2026-02-13 18:23:00,3.1343,3.1343,3.1303,3.1333,3.1393,3.1393,3.1353,3.1383,31
2026-02-13 18:24:00,3.1343,3.1353,3.1258,3.1293,3.1393,3.1403,3.1308,3.1343,32
2026-02-13 18:25:00,3.1298,3.1318,3.1263,3.1298,3.1348,3.1368,3.1313,3.1348,32
2026-02-13 18:26:00,3.1293,3.1298,3.1223,3.1238,3.1343,3.1348,3.1273,3.1288,33
2026-02-13 18:27:00,3.1243,3.1303,3.1213,3.1283,3.1293,3.1353,3.1263,3.1333,28
2026-02-13 18:28:00,3.1273,3.1293,3.1273,3.1273,3.1323,3.1343,3.1323,3.1323,17
2026-02-13 18:29:00,3.1268,3.1268,3.1193,3.1248,3.1318,3.1318,3.1243,3.1298,35
2026-02-13 18:30:00,3.1253,3.1303,3.1238,3.1303,3.1303,3.1353,3.1288,3.1353,37
2026-02-13 18:31:00,3.1298,3.1298,3.1243,3.1273,3.1348,3.1348,3.1293,3.1323,29
2026-02-13 18:32:00,3.1278,3.1303,3.1273,3.1293,3.1328,3.1353,3.1323,3.1343,27
2026-02-13 18:33:00,3.1298,3.1298,3.1273,3.1293,3.1348,3.1348,3.1323,3.1343,13
2026-02-13 18:34:00,3.1283,3.1313,3.1273,3.1293,3.1333,3.1363,3.1323,3.1343,18
2026-02-13 18:35:00,3.1288,3.1288,3.1243,3.1253,3.1338,3.1338,3.1293,3.1303,31
2026-02-13 18:36:00,3.1258,3.1273,3.1193,3.1218,3.1308,3.1323,3.1243,3.1268,26
2026-02-13 18:37:00,3.1228,3.1238,3.1218,3.1223,3.1278,3.1288,3.1268,3.1273,14
2026-02-13 18:38:00,3.1228,3.1243,3.1223,3.1243,3.1278,3.1293,3.1273,3.1293,13
2026-02-13 18:39:00,3.1238,3.1263,3.1228,3.1233,3.1288,3.1313,3.1278,3.1283,27
2026-02-13 18:40:00,3.1238,3.1333,3.1233,3.1313,3.1288,3.1383,3.1283,3.1363,39
2026-02-13 18:41:00,3.1308,3.1363,3.1303,3.1363,3.1358,3.1413,3.1353,3.1413,37
2026-02-13 18:42:00,3.1358,3.1363,3.1343,3.1353,3.1408,3.1413,3.1393,3.1403,19
2026-02-13 18:43:00,3.1363,3.1373,3.1343,3.1363,3.1413,3.1423,3.1393,3.1413,25
2026-02-13 18:44:00,3.1373,3.1393,3.1333,3.1338,3.1423,3.1443,3.1383,3.1388,25
2026-02-13 18:45:00,3.1343,3.1353,3.1293,3.1313,3.1393,3.1403,3.1343,3.1363,46
2026-02-13 18:46:00,3.1318,3.1318,3.1263,3.1278,3.1368,3.1368,3.1313,3.1328,35
2026-02-13 18:47:00,3.1273,3.1288,3.1213,3.1218,3.1323,3.1338,3.1263,3.1268,33
2026-02-13 18:48:00,3.1223,3.1223,3.1203,3.1213,3.1273,3.1273,3.1253,3.1263,11
2026-02-13 18:49:00,3.1218,3.1268,3.1208,3.1258,3.1268,3.1318,3.1258,3.1308,30
2026-02-13 18:50:00,3.1253,3.1268,3.1233,3.1263,3.1303,3.1318,3.1283,3.1313,15
2026-02-13 18:51:00,3.1258,3.1263,3.1163,3.1178,3.1308,3.1313,3.1213,3.1228,30
2026-02-13 18:52:00,3.1173,3.1173,3.1103,3.1148,3.1223,3.1223,3.1153,3.1198,39
2026-02-13 18:53:00,3.1143,3.1158,3.1123,3.1133,3.1193,3.1208,3.1173,3.1183,11
2026-02-13 18:54:00,3.1128,3.1148,3.1123,3.1128,3.1178,3.1198,3.1173,3.1178,31
2026-02-13 18:55:00,3.1138,3.1223,3.1133,3.1193,3.1188,3.1273,3.1183,3.1243,28
2026-02-13 18:56:00,3.1203,3.1213,3.1153,3.1178,3.1253,3.1263,3.1203,3.1228,25
2026-02-13 18:57:00,3.1173,3.1213,3.1173,3.1208,3.1223,3.1263,3.1223,3.1258,20
2026-02-13 18:58:00,3.1213,3.1223,3.1208,3.1213,3.1263,3.1273,3.1258,3.1263,14
2026-02-13 18:59:00,3.1208,3.1208,3.1193,3.1198,3.1258,3.1258,3.1243,3.1248,8
2026-02-13 19:00:00,3.1203,3.1213,3.1163,3.1178,3.1253,3.1263,3.1213,3.1228,46
2026-02-13 19:01:00,3.1183,3.1183,3.0993,3.0993,3.1233,3.1233,3.1043,3.1043,73
2026-02-13 19:02:00,3.0998,3.1093,3.0998,3.1083,3.1048,3.1143,3.1048,3.1133,42
2026-02-13 19:03:00,3.1078,3.1083,3.1063,3.1083,3.1128,3.1133,3.1113,3.1133,13
2026-02-13 19:04:00,3.1073,3.1078,3.1043,3.1053,3.1123,3.1128,3.1093,3.1103,23
2026-02-13 19:05:00,3.1063,3.1063,3.1048,3.1063,3.1113,3.1113,3.1098,3.1113,6
2026-02-13 19:06:00,3.1053,3.1063,3.1033,3.1063,3.1103,3.1113,3.1083,3.1113,21
2026-02-13 19:07:00,3.1048,3.1103,3.1028,3.1073,3.1098,3.1153,3.1078,3.1123,29
2026-02-13 19:08:00,3.1068,3.1108,3.1043,3.1103,3.1118,3.1158,3.1093,3.1153,27
2026-02-13 19:09:00,3.1108,3.1293,3.1108,3.1293,3.1158,3.1343,3.1158,3.1343,66
2026-02-13 19:10:00,3.1288,3.1293,3.1238,3.1243,3.1338,3.1343,3.1288,3.1293,21
2026-02-13 19:11:00,3.1248,3.1373,3.1233,3.1353,3.1298,3.1423,3.1283,3.1403,66
2026-02-13 19:12:00,3.1348,3.1368,3.1313,3.1368,3.1398,3.1418,3.1363,3.1418,22
2026-02-13 19:13:00,3.1378,3.1453,3.1378,3.1398,3.1428,3.1503,3.1428,3.1448,59
2026-02-13 19:14:00,3.1393,3.1453,3.1383,3.1448,3.1443,3.1503,3.1433,3.1498,36
2026-02-13 19:15:00,3.1443,3.1458,3.1378,3.1458,3.1493,3.1508,3.1428,3.1508,41
2026-02-13 19:16:00,3.1463,3.1563,3.1463,3.1523,3.1513,3.1613,3.1513,3.1573,64
2026-02-13 19:17:00,3.1518,3.1558,3.1408,3.1533,3.1568,3.1608,3.1458,3.1583,79
2026-02-13 19:18:00,3.1538,3.1633,3.1528,3.1618,3.1588,3.1683,3.1578,3.1668,61
2026-02-13 19:19:00,3.1613,3.1623,3.1528,3.1563,3.1663,3.1673,3.1578,3.1613,73
2026-02-13 19:20:00,3.1558,3.1593,3.1558,3.1578,3.1608,3.1643,3.1608,3.1628,22
2026-02-13 19:21:00,3.1563,3.1573,3.1543,3.1543,3.1613,3.1623,3.1593,3.1593,28
2026-02-13 19:22:00,3.1553,3.1673,3.1543,3.1633,3.1603,3.1723,3.1593,3.1683,74
2026-02-13 19:23:00,3.1623,3.1713,3.1618,3.1683,3.1673,3.1763,3.1668,3.1733,67
2026-02-13 19:24:00,3.1698,3.1713,3.1623,3.1653,3.1748,3.1763,3.1673,3.1703,52
2026-02-13 19:25:00,3.1663,3.1683,3.1583,3.1603,3.1713,3.1733,3.1633,3.1653,42
2026-02-13 19:26:00,3.1618,3.1633,3.1523,3.1528,3.1668,3.1683,3.1573,3.1578,48
2026-02-13 19:27:00,3.1533,3.1573,3.1503,3.1543,3.1583,3.1623,3.1553,3.1593,36
2026-02-13 19:28:00,3.1553,3.1558,3.1523,3.1533,3.1603,3.1608,3.1573,3.1583,29
2026-02-13 19:29:00,3.1528,3.1548,3.1508,3.1548,3.1578,3.1598,3.1558,3.1598,29
2026-02-13 19:30:00,3.1558,3.1563,3.1533,3.1543,3.1608,3.1613,3.1583,3.1593,23
2026-02-13 19:31:00,3.1538,3.1603,3.1533,3.1598,3.1588,3.1653,3.1583,3.1648,19
2026-02-13 19:32:00,3.1593,3.1603,3.1578,3.1593,3.1643,3.1653,3.1628,3.1643,17
2026-02-13 19:33:00,3.1588,3.1623,3.1583,3.1613,3.1638,3.1673,3.1633,3.1663,24
2026-02-13 19:34:00,3.1608,3.1608,3.1568,3.1588,3.1658,3.1658,3.1618,3.1638,25
2026-02-13 19:35:00,3.1598,3.1613,3.1588,3.1613,3.1648,3.1663,3.1638,3.1663,18
2026-02-13 19:36:00,3.1603,3.1673,3.1543,3.1633,3.1653,3.1723,3.1593,3.1683,66
2026-02-13 19:37:00,3.1628,3.1668,3.1563,3.1608,3.1678,3.1718,3.1613,3.1658,65
2026-02-13 19:38:00,3.1613,3.1628,3.1573,3.1583,3.1663,3.1678,3.1623,3.1633,30
2026-02-13 19:39:00,3.1573,3.1583,3.1558,3.1563,3.1623,3.1633,3.1608,3.1613,18
2026-02-13 19:40:00,3.1568,3.1618,3.1563,3.1608,3.1618,3.1668,3.1613,3.1658,31
2026-02-13 19:41:00,3.1613,3.1643,3.1513,3.1513,3.1663,3.1693,3.1563,3.1563,54
2026-02-13 19:42:00,3.1518,3.1578,3.1508,3.1563,3.1568,3.1628,3.1558,3.1613,39
2026-02-13 19:43:00,3.1573,3.1593,3.1558,3.1578,3.1623,3.1643,3.1608,3.1628,24
2026-02-13 19:44:00,3.1583,3.1583,3.1548,3.1583,3.1633,3.1633,3.1598,3.1633,27
2026-02-13 19:45:00,3.1593,3.1593,3.1558,3.1563,3.1643,3.1643,3.1608,3.1613,39
2026-02-13 19:46:00,3.1558,3.1583,3.1523,3.1573,3.1608,3.1633,3.1573,3.1623,29
2026-02-13 19:47:00,3.1568,3.1593,3.1563,3.1578,3.1618,3.1643,3.1613,3.1628,16
2026-02-13 19:48:00,3.1563,3.1563,3.1528,3.1538,3.1613,3.1613,3.1578,3.1588,28
2026-02-13 19:49:00,3.1533,3.1623,3.1533,3.1588,3.1583,3.1673,3.1583,3.1638,36
2026-02-13 19:50:00,3.1603,3.1653,3.1583,3.1623,3.1653,3.1703,3.1633,3.1673,42
2026-02-13 19:51:00,3.1628,3.1633,3.1588,3.1593,3.1678,3.1683,3.1638,3.1643,41
2026-02-13 19:52:00,3.1603,3.1668,3.1593,3.1653,3.1653,3.1718,3.1643,3.1703,24
2026-02-13 19:53:00,3.1643,3.1648,3.1583,3.1588,3.1693,3.1698,3.1633,3.1638,38
2026-02-13 19:54:00,3.1593,3.1613,3.1553,3.1598,3.1643,3.1663,3.1603,3.1648,33
2026-02-13 19:55:00,3.1603,3.1603,3.1513,3.1533,3.1653,3.1653,3.1563,3.1583,37
2026-02-13 19:56:00,3.1538,3.1553,3.1523,3.1533,3.1588,3.1603,3.1573,3.1583,26
2026-02-13 19:57:00,3.1528,3.1528,3.1493,3.1523,3.1578,3.1578,3.1543,3.1573,33
2026-02-13 19:58:00,3.1528,3.1528,3.1493,3.1503,3.1578,3.1578,3.1543,3.1553,21
2026-02-13 19:59:00,3.1508,3.1513,3.1473,3.1503,3.1558,3.1563,3.1523,3.1553,17
2026-02-13 20:00:00,3.1498,3.1573,3.1483,3.1563,3.1548,3.1623,3.1533,3.1613,34
2026-02-13 20:01:00,3.1558,3.1583,3.1493,3.1513,3.1608,3.1633,3.1543,3.1563,33
2026-02-13 20:02:00,3.1518,3.1633,3.1518,3.1593,3.1568,3.1683,3.1568,3.1643,44
2026-02-13 20:03:00,3.1603,3.1613,3.1553,3.1583,3.1653,3.1663,3.1603,3.1633,42
2026-02-13 20:04:00,3.1593,3.1593,3.1558,3.1573,3.1643,3.1643,3.1608,3.1623,21
2026-02-13 20:05:00,3.1578,3.1578,3.1543,3.1558,3.1628,3.1628,3.1593,3.1608,26
2026-02-13 20:06:00,3.1568,3.1593,3.1533,3.1573,3.1618,3.1643,3.1583,3.1623,38
2026-02-13 20:07:00,3.1578,3.1583,3.1533,3.1548,3.1628,3.1633,3.1583,3.1598,31
2026-02-13 20:08:00,3.1538,3.1583,3.1513,3.1528,3.1588,3.1633,3.1563,3.1578,43
2026-02-13 20:09:00,3.1523,3.1533,3.1493,3.1503,3.1573,3.1583,3.1543,3.1553,38
2026-02-13 20:10:00,3.1513,3.1523,3.1483,3.1493,3.1563,3.1573,3.1533,3.1543,39
2026-02-13 20:11:00,3.1503,3.1513,3.1483,3.1493,3.1553,3.1563,3.1533,3.1543,27
2026-02-13 20:12:00,3.1483,3.1503,3.1468,3.1493,3.1533,3.1553,3.1518,3.1543,26
2026-02-13 20:13:00,3.1503,3.1518,3.1493,3.1503,3.1553,3.1568,3.1543,3.1553,20
2026-02-13 20:14:00,3.1483,3.1523,3.1473,3.1503,3.1533,3.1573,3.1523,3.1553,27
2026-02-13 20:15:00,3.1508,3.1508,3.1448,3.1453,3.1558,3.1558,3.1498,3.1503,43
2026-02-13 20:16:00,3.1463,3.1473,3.1443,3.1443,3.1513,3.1523,3.1493,3.1493,28
2026-02-13 20:17:00,3.1448,3.1493,3.1448,3.1493,3.1498,3.1543,3.1498,3.1543,26
2026-02-13 20:18:00,3.1488,3.1503,3.1463,3.1473,3.1538,3.1553,3.1513,3.1523,25
2026-02-13 20:19:00,3.1468,3.1473,3.1453,3.1453,3.1518,3.1523,3.1503,3.1503,18
2026-02-13 20:20:00,3.1463,3.1468,3.1413,3.1433,3.1513,3.1518,3.1463,3.1483,40
2026-02-13 20:21:00,3.1428,3.1463,3.1423,3.1448,3.1478,3.1513,3.1473,3.1498,42
2026-02-13 20:22:00,3.1453,3.1493,3.1448,3.1473,3.1503,3.1543,3.1498,3.1523,29
2026-02-13 20:23:00,3.1483,3.1503,3.1453,3.1493,3.1533,3.1553,3.1503,3.1543,42
2026-02-13 20:24:00,3.1498,3.1523,3.1478,3.1478,3.1548,3.1573,3.1528,3.1528,47
2026-02-13 20:25:00,3.1483,3.1493,3.1463,3.1473,3.1533,3.1543,3.1513,3.1523,37
2026-02-13 20:26:00,3.1478,3.1483,3.1463,3.1483,3.1528,3.1533,3.1513,3.1533,17
2026-02-13 20:27:00,3.1493,3.1493,3.1453,3.1483,3.1543,3.1543,3.1503,3.1533,25
2026-02-13 20:28:00,3.1478,3.1478,3.1333,3.1363,3.1528,3.1528,3.1383,3.1413,178
2026-02-13 20:29:00,3.1358,3.1383,3.1343,3.1363,3.1408,3.1433,3.1393,3.1413,68
2026-02-13 20:30:00,3.1373,3.1383,3.1353,3.1368,3.1423,3.1433,3.1403,3.1418,30
2026-02-13 20:31:00,3.1358,3.1393,3.1358,3.1383,3.1408,3.1443,3.1408,3.1433,18
2026-02-13 20:32:00,3.1378,3.1383,3.1308,3.1308,3.1428,3.1433,3.1358,3.1358,17
2026-02-13 20:33:00,3.1313,3.1383,3.1313,3.1363,3.1363,3.1433,3.1363,3.1413,27
2026-02-13 20:34:00,3.1373,3.1383,3.1363,3.1373,3.1423,3.1433,3.1413,3.1423,20
2026-02-13 20:35:00,3.1378,3.1383,3.1358,3.1363,3.1428,3.1433,3.1408,3.1413,13
2026-02-13 20:36:00,3.1353,3.1363,3.1338,3.1338,3.1403,3.1413,3.1388,3.1388,12
2026-02-13 20:37:00,3.1343,3.1353,3.1298,3.1298,3.1393,3.1403,3.1348,3.1348,17
2026-02-13 20:38:00,3.1303,3.1323,3.1293,3.1293,3.1353,3.1373,3.1343,3.1343,22
2026-02-13 20:39:00,3.1298,3.1323,3.1253,3.1258,3.1348,3.1373,3.1303,3.1308,28
2026-02-13 20:40:00,3.1253,3.1273,3.1233,3.1243,3.1303,3.1323,3.1283,3.1293,17
2026-02-13 20:41:00,3.1238,3.1253,3.1238,3.1243,3.1288,3.1303,3.1288,3.1293,11
2026-02-13 20:42:00,3.1248,3.1263,3.1238,3.1243,3.1298,3.1313,3.1288,3.1293,12
2026-02-13 20:43:00,3.1238,3.1243,3.1223,3.1238,3.1288,3.1293,3.1273,3.1288,9
2026-02-13 20:44:00,3.1233,3.1233,3.1223,3.1228,3.1283,3.1283,3.1273,3.1278,7
2026-02-13 20:45:00,3.1223,3.1283,3.1223,3.1273,3.1273,3.1333,3.1273,3.1323,15
2026-02-13 20:46:00,3.1263,3.1278,3.1253,3.1263,3.1313,3.1328,3.1303,3.1313,13
2026-02-13 20:47:00,3.1258,3.1263,3.1213,3.1223,3.1308,3.1313,3.1263,3.1273,17
2026-02-13 20:48:00,3.1228,3.1233,3.1228,3.1233,3.1278,3.1283,3.1278,3.1283,2
2026-02-13 20:49:00,3.1243,3.1263,3.1233,3.1258,3.1293,3.1313,3.1283,3.1308,8
2026-02-13 20:50:00,3.1263,3.1293,3.1263,3.1283,3.1313,3.1343,3.1313,3.1333,13
2026-02-13 20:51:00,3.1288,3.1293,3.1273,3.1288,3.1338,3.1343,3.1323,3.1338,14
2026-02-13 20:52:00,3.1293,3.1343,3.1263,3.1333,3.1343,3.1393,3.1313,3.1383,27
2026-02-13 20:53:00,3.1323,3.1353,3.1303,3.1333,3.1373,3.1403,3.1353,3.1383,16
2026-02-13 20:54:00,3.1323,3.1343,3.1318,3.1323,3.1373,3.1393,3.1368,3.1373,7
2026-02-13 20:55:00,3.1318,3.1333,3.1308,3.1308,3.1368,3.1383,3.1358,3.1358,19
2026-02-13 20:56:00,3.1313,3.1313,3.1293,3.1303,3.1363,3.1363,3.1343,3.1353,6
2026-02-13 20:57:00,3.1298,3.1298,3.1283,3.1288,3.1348,3.1348,3.1333,3.1338,6
2026-02-13 20:58:00,3.1293,3.1308,3.1288,3.1303,3.1343,3.1358,3.1338,3.1353,6
2026-02-13 20:59:00,3.1313,3.1323,3.1313,3.1318,3.1363,3.1373,3.1363,3.1368,3
2026-02-13 21:00:00,3.1323,3.1333,3.1323,3.1323,3.1373,3.1383,3.1373,3.1373,6
2026-02-13 21:01:00,3.1328,3.1343,3.1323,3.1333,3.1378,3.1393,3.1373,3.1383,13
2026-02-13 21:02:00,3.1323,3.1323,3.1318,3.1323,3.1373,3.1373,3.1368,3.1373,5
2026-02-13 21:03:00,3.1318,3.1318,3.1298,3.1308,3.1368,3.1368,3.1348,3.1358,16
2026-02-13 21:04:00,3.1313,3.1313,3.1308,3.1308,3.1363,3.1363,3.1358,3.1358,2
2026-02-13 21:05:00,3.1313,3.1328,3.1313,3.1313,3.1363,3.1378,3.1363,3.1363,8
2026-02-13 21:06:00,3.1308,3.1328,3.1283,3.1293,3.1358,3.1378,3.1333,3.1343,24
2026-02-13 21:07:00,3.1283,3.1283,3.1263,3.1263,3.1333,3.1333,3.1313,3.1313,11
2026-02-13 21:08:00,3.1253,3.1273,3.1243,3.1273,3.1303,3.1323,3.1293,3.1323,27
2026-02-13 21:09:00,3.1263,3.1273,3.1258,3.1258,3.1313,3.1323,3.1308,3.1308,10
2026-02-13 21:10:00,3.1253,3.1263,3.1243,3.1263,3.1303,3.1313,3.1293,3.1313,8
2026-02-13 21:11:00,3.1258,3.1263,3.1238,3.1258,3.1308,3.1313,3.1288,3.1308,12
2026-02-13 21:12:00,3.1253,3.1263,3.1248,3.1253,3.1303,3.1313,3.1298,3.1303,6
2026-02-13 21:13:00,3.1243,3.1253,3.1243,3.1253,3.1293,3.1303,3.1293,3.1303,5
2026-02-13 21:14:00,3.1248,3.1253,3.1248,3.1248,3.1298,3.1303,3.1298,3.1298,3
2026-02-13 21:15:00,3.1243,3.1243,3.1223,3.1228,3.1293,3.1293,3.1273,3.1278,10
2026-02-13 21:16:00,3.1223,3.1238,3.1213,3.1238,3.1273,3.1288,3.1263,3.1288,11
2026-02-13 21:17:00,3.1233,3.1253,3.1233,3.1238,3.1283,3.1303,3.1283,3.1288,5
2026-02-13 21:18:00,3.1243,3.1243,3.1233,3.1238,3.1293,3.1293,3.1283,3.1288,7
2026-02-13 21:20:00,3.1243,3.1243,3.1238,3.1238,3.1293,3.1293,3.1288,3.1288,4
2026-02-13 21:21:00,3.1243,3.1268,3.1243,3.1268,3.1293,3.1318,3.1293,3.1318,10
2026-02-13 21:22:00,3.1263,3.1263,3.1253,3.1253,3.1313,3.1313,3.1303,3.1303,9
2026-02-13 21:23:00,3.1248,3.1253,3.1233,3.1233,3.1298,3.1303,3.1283,3.1283,6
2026-02-13 21:24:00,3.1223,3.1233,3.1223,3.1223,3.1273,3.1283,3.1273,3.1273,8
2026-02-13 21:25:00,3.1218,3.1223,3.1213,3.1213,3.1268,3.1273,3.1263,3.1263,6
2026-02-13 21:26:00,3.1223,3.1233,3.1203,3.1213,3.1273,3.1283,3.1253,3.1263,19
2026-02-13 21:27:00,3.1208,3.1218,3.1183,3.1188,3.1258,3.1268,3.1233,3.1238,25
2026-02-13 21:28:00,3.1193,3.1223,3.1193,3.1218,3.1243,3.1273,3.1243,3.1268,15
2026-02-13 21:29:00,3.1213,3.1233,3.1213,3.1233,3.1263,3.1283,3.1263,3.1283,8
2026-02-13 21:30:00,3.1228,3.1233,3.1218,3.1218,3.1278,3.1283,3.1268,3.1268,13
2026-02-13 21:31:00,3.1233,3.1233,3.1203,3.1208,3.1283,3.1283,3.1253,3.1258,11
2026-02-13 21:32:00,3.1213,3.1228,3.1213,3.1223,3.1263,3.1278,3.1263,3.1273,4
2026-02-13 21:33:00,3.1228,3.1228,3.1223,3.1223,3.1278,3.1278,3.1273,3.1273,2
2026-02-13 21:35:00,3.1218,3.1218,3.1213,3.1213,3.1268,3.1268,3.1263,3.1263,2
2026-02-13 21:36:00,3.1218,3.1223,3.1218,3.1223,3.1268,3.1273,3.1268,3.1273,4
2026-02-13 21:37:00,3.1218,3.1233,3.1213,3.1218,3.1268,3.1283,3.1263,3.1268,8
2026-02-13 21:38:00,3.1223,3.1233,3.1218,3.1218,3.1273,3.1283,3.1268,3.1268,8
2026-02-13 21:39:00,3.1223,3.1223,3.1223,3.1223,3.1273,3.1273,3.1273,3.1273,1
2026-02-13 21:41:00,3.1213,3.1213,3.1203,3.1208,3.1263,3.1263,3.1253,3.1258,8
2026-02-13 21:42:00,3.1203,3.1203,3.1153,3.1178,3.1253,3.1253,3.1203,3.1228,14
2026-02-13 21:43:00,3.1173,3.1173,3.1143,3.1143,3.1223,3.1223,3.1193,3.1193,16
2026-02-13 21:44:00,3.1133,3.1143,3.1078,3.1083,3.1183,3.1193,3.1128,3.1133,14
2026-02-13 21:45:00,3.1078,3.1083,3.1073,3.1078,3.1128,3.1133,3.1123,3.1128,8
2026-02-13 21:46:00,3.1083,3.1103,3.1063,3.1093,3.1133,3.1153,3.1113,3.1143,21
2026-02-13 21:47:00,3.1088,3.1108,3.1083,3.1088,3.1138,3.1158,3.1133,3.1138,15
2026-02-13 21:48:00,3.1083,3.1098,3.1073,3.1083,3.1133,3.1148,3.1123,3.1133,12
2026-02-13 21:49:00,3.1073,3.1083,3.1053,3.1063,3.1123,3.1133,3.1103,3.1113,15
2026-02-13 21:50:00,3.1053,3.1063,3.1043,3.1048,3.1103,3.1113,3.1093,3.1098,8
2026-02-13 21:51:00,3.1043,3.1063,3.1043,3.1053,3.1093,3.1113,3.1093,3.1103,11
2026-02-13 21:53:00,3.1053,3.1053,3.1033,3.1038,3.1103,3.1103,3.1083,3.1088,10
2026-02-13 21:54:00,3.1043,3.1048,3.1028,3.1048,3.1093,3.1098,3.1078,3.1098,18
2026-02-13 21:55:00,3.1053,3.1073,3.1043,3.1043,3.1103,3.1123,3.1093,3.1093,10
2026-02-13 21:56:00,3.1048,3.1063,3.1048,3.1063,3.1098,3.1113,3.1098,3.1113,16
2026-02-13 21:57:00,3.1058,3.1068,3.1053,3.1063,3.1108,3.1118,3.1103,3.1113,11
2026-02-13 21:58:00,3.1058,3.1073,3.1058,3.1073,3.1108,3.1123,3.1108,3.1123,32
2026-02-13 21:59:00,3.1068,3.1093,3.1063,3.1093,3.1118,3.1143,3.1113,3.1143,21
2026-02-13 22:00:00,3.1098,3.1123,3.1093,3.1103,3.1148,3.1173,3.1143,3.1153,26
2026-02-13 22:01:00,3.1108,3.1123,3.1093,3.1123,3.1158,3.1173,3.1143,3.1173,21
2026-02-13 22:02:00,3.1113,3.1113,3.1113,3.1113,3.1163,3.1163,3.1163,3.1163,1
2026-02-13 22:03:00,3.1118,3.1133,3.1118,3.1133,3.1168,3.1183,3.1168,3.1183,6
2026-02-13 22:04:00,3.1123,3.1133,3.1123,3.1133,3.1173,3.1183,3.1173,3.1183,7
2026-02-13 22:05:00,3.1143,3.1193,3.1143,3.1163,3.1193,3.1243,3.1193,3.1213,19
2026-02-13 22:06:00,3.1173,3.1198,3.1173,3.1198,3.1223,3.1248,3.1223,3.1248,19
2026-02-13 22:07:00,3.1193,3.1213,3.1193,3.1213,3.1243,3.1263,3.1243,3.1263,17
2026-02-13 22:08:00,3.1218,3.1258,3.1213,3.1253,3.1268,3.1308,3.1263,3.1303,16
2026-02-13 22:09:00,3.1248,3.1248,3.1183,3.1183,3.1298,3.1298,3.1233,3.1233,15
2026-02-13 22:10:00,3.1178,3.1178,3.1173,3.1178,3.1228,3.1228,3.1223,3.1228,3
2026-02-13 22:11:00,3.1168,3.1173,3.1168,3.1173,3.1218,3.1223,3.1218,3.1223,2
2026-02-13 22:12:00,3.1168,3.1173,3.1143,3.1153,3.1218,3.1223,3.1193,3.1203,10
2026-02-13 22:13:00,3.1148,3.1213,3.1148,3.1188,3.1198,3.1263,3.1198,3.1238,11
2026-02-13 22:14:00,3.1193,3.1193,3.1153,3.1153,3.1243,3.1243,3.1203,3.1203,7
2026-02-13 22:15:00,3.1158,3.1168,3.1158,3.1168,3.1208,3.1218,3.1208,3.1218,47
2026-02-13 22:16:00,3.1163,3.1193,3.1163,3.1193,3.1213,3.1243,3.1213,3.1243,10
2026-02-13 22:17:00,3.1188,3.1188,3.1133,3.1143,3.1238,3.1238,3.1183,3.1193,8
2026-02-13 22:19:00,3.1138,3.1153,3.1133,3.1133,3.1188,3.1203,3.1183,3.1183,9
2026-02-13 22:20:00,3.1148,3.1168,3.1133,3.1143,3.1198,3.1218,3.1183,3.1193,12
2026-02-13 22:21:00,3.1148,3.1148,3.1123,3.1123,3.1198,3.1198,3.1173,3.1173,10
2026-02-13 22:22:00,3.1113,3.1113,3.1083,3.1098,3.1163,3.1163,3.1133,3.1148,7
2026-02-13 22:23:00,3.1093,3.1093,3.1073,3.1078,3.1143,3.1143,3.1123,3.1128,6
2026-02-13 22:24:00,3.1073,3.1073,3.1073,3.1073,3.1123,3.1123,3.1123,3.1123,1
2026-02-13 22:25:00,3.1078,3.1078,3.1063,3.1063,3.1128,3.1128,3.1113,3.1113,4
2026-02-13 22:26:00,3.1058,3.1058,3.1033,3.1033,3.1108,3.1108,3.1083,3.1083,7
2026-02-13 22:27:00,3.1038,3.1043,3.1013,3.1033,3.1088,3.1093,3.1063,3.1083,16
2026-02-13 22:28:00,3.1028,3.1048,3.1018,3.1043,3.1078,3.1098,3.1068,3.1093,13
2026-02-13 22:29:00,3.1038,3.1043,3.1023,3.1033,3.1088,3.1093,3.1073,3.1083,15
2026-02-13 22:30:00,3.1028,3.1033,3.1028,3.1028,3.1078,3.1083,3.1078,3.1078,5
2026-02-13 22:31:00,3.1013,3.1013,3.0948,3.0973,3.1063,3.1063,3.0998,3.1023,19
2026-02-13 22:32:00,3.0978,3.0978,3.0963,3.0973,3.1028,3.1028,3.1013,3.1023,9
2026-02-13 22:33:00,3.0983,3.0993,3.0983,3.0983,3.1033,3.1043,3.1033,3.1033,3
2026-02-13 22:34:00,3.0988,3.0993,3.0983,3.0983,3.1038,3.1043,3.1033,3.1033,4
2026-02-13 22:35:00,3.0988,3.0993,3.0983,3.0983,3.1038,3.1043,3.1033,3.1033,4
2026-02-13 22:36:00,3.0973,3.0973,3.0943,3.0948,3.1023,3.1023,3.0993,3.0998,10
2026-02-13 22:37:00,3.0943,3.0978,3.0943,3.0978,3.0993,3.1028,3.0993,3.1028,5
2026-02-13 22:38:00,3.0973,3.0973,3.0963,3.0963,3.1023,3.1023,3.1013,3.1013,3
2026-02-13 22:39:00,3.0968,3.0983,3.0968,3.0983,3.1018,3.1033,3.1018,3.1033,6
2026-02-13 22:40:00,3.0973,3.0973,3.0943,3.0943,3.1023,3.1023,3.0993,3.0993,4
2026-02-13 22:41:00,3.0953,3.0953,3.0943,3.0943,3.1003,3.1003,3.0993,3.0993,2
2026-02-13 22:42:00,3.0938,3.0938,3.0888,3.0908,3.0988,3.0988,3.0938,3.0958,9
2026-02-13 22:43:00,3.0903,3.0903,3.0893,3.0898,3.0953,3.0953,3.0943,3.0948,5
2026-02-13 22:44:00,3.0903,3.0913,3.0903,3.0908,3.0953,3.0963,3.0953,3.0958,5
2026-02-13 22:45:00,3.0913,3.0918,3.0913,3.0918,3.0963,3.0968,3.0963,3.0968,2
2026-02-13 22:46:00,3.0923,3.0943,3.0923,3.0938,3.0973,3.0993,3.0973,3.0988,5
2026-02-13 22:47:00,3.0953,3.0968,3.0953,3.0953,3.1003,3.1018,3.1003,3.1003,5
2026-02-13 22:48:00,3.0943,3.0963,3.0943,3.0963,3.0993,3.1013,3.0993,3.1013,13
2026-02-13 22:49:00,3.0968,3.0968,3.0953,3.0953,3.1018,3.1018,3.1003,3.1003,3
2026-02-13 22:50:00,3.0948,3.0983,3.0943,3.0983,3.0998,3.1033,3.0993,3.1033,13
2026-02-13 22:51:00,3.0978,3.0978,3.0918,3.0938,3.1028,3.1028,3.0968,3.0988,17
2026-02-13 22:52:00,3.0913,3.0923,3.0853,3.0863,3.0963,3.0973,3.0903,3.0913,19
2026-02-13 22:53:00,3.0873,3.0883,3.0873,3.0878,3.0923,3.0933,3.0923,3.0928,6
2026-02-13 22:54:00,3.0873,3.0953,3.0873,3.0938,3.0923,3.1003,3.0923,3.0988,15
2026-02-13 22:55:00,3.0943,3.0948,3.0933,3.0943,3.0993,3.0998,3.0983,3.0993,6
2026-02-13 22:56:00,3.0948,3.0968,3.0948,3.0958,3.0998,3.1018,3.0998,3.1008,10
2026-02-13 22:57:00,3.0953,3.0973,3.0943,3.0943,3.1003,3.1023,3.0993,3.0993,17
2026-02-13 22:58:00,3.0953,3.0958,3.0943,3.0953,3.1003,3.1008,3.0993,3.1003,18
2026-02-13 22:59:00,3.0948,3.0948,3.0824,3.0829,3.0998,3.0998,3.0874,3.0879,40
2026-02-16 00:00:00,2.9114,2.9224,2.9099,2.9184,2.9164,2.9274,2.9149,2.9234,43
2026-02-16 00:01:00,2.9174,2.9179,2.9149,2.9169,2.9224,2.9229,2.9199,2.9219,10
2026-02-16 00:02:00,2.8954,2.9004,2.8939,2.9004,2.9004,2.9054,2.8989,2.9054,28
2026-02-16 00:03:00,2.9014,2.9069,2.8969,2.9034,2.9064,2.9119,2.9019,2.9084,40
2026-02-16 00:04:00,2.9039,2.9039,2.8944,2.8969,2.9089,2.9089,2.8994,2.9019,12
2026-02-16 00:05:00,2.8974,2.9019,2.8944,2.9004,2.9024,2.9069,2.8994,2.9054,16
2026-02-16 00:06:00,2.9009,2.9104,2.9009,2.9084,2.9059,2.9154,2.9059,2.9134,24
2026-02-16 00:07:00,2.9104,2.9229,2.9104,2.9209,2.9154,2.9279,2.9154,2.9259,41
2026-02-16 00:08:00,2.9204,2.9214,2.9179,2.9194,2.9254,2.9264,2.9229,2.9244,24
2026-02-16 00:09:00,2.9189,2.9209,2.9189,2.9194,2.9239,2.9259,2.9239,2.9244,9
2026-02-16 00:10:00,2.9189,2.9209,2.9169,2.9209,2.9239,2.9259,2.9219,2.9259,13
2026-02-16 00:11:00,2.9214,2.9214,2.9194,2.9199,2.9264,2.9264,2.9244,2.9249,6
2026-02-16 00:12:00,2.9144,2.9144,2.9014,2.9049,2.9194,2.9194,2.9064,2.9099,30
2026-02-16 00:13:00,2.9044,2.9049,2.9029,2.9029,2.9094,2.9099,2.9079,2.9079,11
2026-02-16 00:14:00,2.9034,2.9039,2.9019,2.9029,2.9084,2.9089,2.9069,2.9079,13
2026-02-16 00:15:00,2.9039,2.9049,2.9024,2.9044,2.9089,2.9099,2.9074,2.9094,12
2026-02-16 00:16:00,2.9049,2.9209,2.9049,2.9199,2.9099,2.9259,2.9099,2.9249,43
2026-02-16 00:17:00,2.9204,2.9209,2.9149,2.9169,2.9254,2.9259,2.9199,2.9219,16
2026-02-16 00:18:00,2.9174,2.9179,2.9154,2.9154,2.9224,2.9229,2.9204,2.9204,10
2026-02-16 00:19:00,2.9149,2.9149,2.9119,2.9119,2.9199,2.9199,2.9169,2.9169,13
2026-02-16 00:20:00,2.9114,2.9119,2.9104,2.9114,2.9164,2.9169,2.9154,2.9164,6
2026-02-16 00:21:00,2.9109,2.9114,2.9109,2.9114,2.9159,2.9164,2.9159,2.9164,2
2026-02-16 00:22:00,2.9124,2.9144,2.9114,2.9134,2.9174,2.9194,2.9164,2.9184,16
2026-02-16 00:23:00,2.9139,2.9139,2.9109,2.9139,2.9189,2.9189,2.9159,2.9189,14
2026-02-16 00:24:00,2.9134,2.9169,2.9134,2.9159,2.9184,2.9219,2.9184,2.9209,10
2026-02-16 00:25:00,2.9164,2.9179,2.9164,2.9169,2.9214,2.9229,2.9214,2.9219,4
2026-02-16 00:26:00,2.9164,2.9164,2.9159,2.9159,2.9214,2.9214,2.9209,2.9209,2
2026-02-16 00:27:00,2.9144,2.9169,2.9139,2.9139,2.9194,2.9219,2.9189,2.9189,8
2026-02-16 00:28:00,2.9134,2.9159,2.9134,2.9149,2.9184,2.9209,2.9184,2.9199,11
2026-02-16 00:29:00,2.9154,2.9169,2.9139,2.9159,2.9204,2.9219,2.9189,2.9209,14
2026-02-16 00:30:00,2.9154,2.9169,2.9149,2.9169,2.9204,2.9219,2.9199,2.9219,5
2026-02-16 00:31:00,2.9159,2.9159,2.9129,2.9129,2.9209,2.9209,2.9179,2.9179,7
2026-02-16 00:32:00,2.9134,2.9169,2.9134,2.9159,2.9184,2.9219,2.9184,2.9209,10
2026-02-16 00:33:00,2.9164,2.9174,2.9164,2.9174,2.9214,2.9224,2.9214,2.9224,3
2026-02-16 00:34:00,2.9179,2.9199,2.9154,2.9154,2.9229,2.9249,2.9204,2.9204,24
2026-02-16 00:35:00,2.9159,2.9169,2.9154,2.9154,2.9209,2.9219,2.9204,2.9204,10
2026-02-16 00:36:00,2.9159,2.9159,2.9149,2.9149,2.9209,2.9209,2.9199,2.9199,5
2026-02-16 00:37:00,2.9144,2.9154,2.9134,2.9144,2.9194,2.9204,2.9184,2.9194,10
2026-02-16 00:38:00,2.9139,2.9139,2.9139,2.9139,2.9189,2.9189,2.9189,2.9189,1
2026-02-16 00:39:00,2.9134,2.9144,2.9134,2.9139,2.9184,2.9194,2.9184,2.9189,6
2026-02-16 00:40:00,2.9144,2.9159,2.9144,2.9149,2.9194,2.9209,2.9194,2.9199,3
2026-02-16 00:41:00,2.9144,2.9149,2.9114,2.9119,2.9194,2.9199,2.9164,2.9169,15
2026-02-16 00:42:00,2.9129,2.9149,2.9109,2.9109,2.9179,2.9199,2.9159,2.9159,8
2026-02-16 00:43:00,2.9099,2.9109,2.9019,2.9024,2.9149,2.9159,2.9069,2.9074,21
2026-02-16 00:44:00,2.9014,2.9049,2.9009,2.9044,2.9064,2.9099,2.9059,2.9094,19
2026-02-16 00:45:00,2.9049,2.9109,2.9049,2.9089,2.9099,2.9159,2.9099,2.9139,14
2026-02-16 00:46:00,2.9094,2.9099,2.9039,2.9074,2.9144,2.9149,2.9089,2.9124,23
2026-02-16 00:47:00,2.9079,2.9089,2.9064,2.9064,2.9129,2.9139,2.9114,2.9114,19
2026-02-16 00:48:00,2.9069,2.9079,2.9064,2.9064,2.9119,2.9129,2.9114,2.9114,5
2026-02-16 00:49:00,2.9074,2.9134,2.9074,2.9109,2.9124,2.9184,2.9124,2.9159,16
2026-02-16 00:50:00,2.9094,2.9109,2.9084,2.9089,2.9144,2.9159,2.9134,2.9139,6
2026-02-16 00:51:00,2.9104,2.9129,2.9094,2.9109,2.9154,2.9179,2.9144,2.9159,13
2026-02-16 00:52:00,2.9099,2.9144,2.9089,2.9124,2.9149,2.9194,2.9139,2.9174,12
2026-02-16 00:53:00,2.9104,2.9129,2.9099,2.9124,2.9154,2.9179,2.9149,2.9174,12
2026-02-16 00:56:00,2.9119,2.9129,2.9104,2.9124,2.9169,2.9179,2.9154,2.9174,12
2026-02-16 00:59:00,2.9119,2.9119,2.9119,2.9119,2.9169,2.9169,2.9169,2.9169,1
2026-02-16 01:00:00,2.9109,2.9124,2.9109,2.9119,2.9159,2.9174,2.9159,2.9169,4
2026-02-16 01:01:00,2.9114,2.9119,2.9114,2.9119,2.9164,2.9169,2.9164,2.9169,4
2026-02-16 01:02:00,2.9129,2.9129,2.9124,2.9124,2.9179,2.9179,2.9174,2.9174,2
2026-02-16 01:03:00,2.9109,2.9109,2.9109,2.9109,2.9159,2.9159,2.9159,2.9159,1
2026-02-16 01:04:00,2.9119,2.9149,2.9119,2.9144,2.9169,2.9199,2.9169,2.9194,9
2026-02-16 01:05:00,2.9134,2.9149,2.9134,2.9134,2.9184,2.9199,2.9184,2.9184,10
2026-02-16 01:06:00,2.9124,2.9139,2.9124,2.9139,2.9174,2.9189,2.9174,2.9189,7
2026-02-16 01:07:00,2.9129,2.9139,2.9104,2.9104,2.9179,2.9189,2.9154,2.9154,8
2026-02-16 01:08:00,2.9099,2.9099,2.9079,2.9094,2.9149,2.9149,2.9129,2.9144,7
2026-02-16 01:09:00,2.9099,2.9104,2.9089,2.9099,2.9149,2.9154,2.9139,2.9149,8
2026-02-16 01:10:00,2.9089,2.9104,2.9089,2.9104,2.9139,2.9154,2.9139,2.9154,3
2026-02-16 01:13:00,2.9109,2.9114,2.9109,2.9114,2.9159,2.9164,2.9159,2.9164,2
2026-02-16 01:14:00,2.9104,2.9119,2.9104,2.9104,2.9154,2.9169,2.9154,2.9154,6
2026-02-16 01:16:00,2.9109,2.9114,2.9109,2.9109,2.9159,2.9164,2.9159,2.9159,3
2026-02-16 01:18:00,2.9114,2.9124,2.9109,2.9119,2.9164,2.9174,2.9159,2.9169,8
2026-02-16 01:19:00,2.9124,2.9124,2.9124,2.9124,2.9174,2.9174,2.9174,2.9174,1
2026-02-16 01:20:00,2.9129,2.9144,2.9129,2.9134,2.9179,2.9194,2.9179,2.9184,3
2026-02-16 01:21:00,2.9139,2.9139,2.9134,2.9134,2.9189,2.9189,2.9184,2.9184,4
2026-02-16 01:22:00,2.9139,2.9149,2.9124,2.9124,2.9189,2.9199,2.9174,2.9174,6
2026-02-16 01:23:00,2.9129,2.9139,2.9124,2.9134,2.9179,2.9189,2.9174,2.9184,7
2026-02-16 01:24:00,2.9139,2.9139,2.9129,2.9129,2.9189,2.9189,2.9179,2.9179,3
2026-02-16 01:25:00,2.9139,2.9149,2.9134,2.9149,2.9189,2.9199,2.9184,2.9199,7
2026-02-16 01:26:00,2.9139,2.9144,2.9134,2.9139,2.9189,2.9194,2.9184,2.9189,5
2026-02-16 01:27:00,2.9129,2.9139,2.9124,2.9134,2.9179,2.9189,2.9174,2.9184,7
2026-02-16 01:28:00,2.9144,2.9144,2.9134,2.9134,2.9194,2.9194,2.9184,2.9184,2
2026-02-16 01:29:00,2.9124,2.9124,2.9119,2.9119,2.9174,2.9174,2.9169,2.9169,2
2026-02-16 01:30:00,2.9129,2.9139,2.9129,2.9139,2.9179,2.9189,2.9179,2.9189,2
2026-02-16 01:32:00,2.9134,2.9134,2.9134,2.9134,2.9184,2.9184,2.9184,2.9184,1
2026-02-16 01:33:00,2.9129,2.9129,2.9124,2.9124,2.9179,2.9179,2.9174,2.9174,2
2026-02-16 01:34:00,2.9119,2.9129,2.9119,2.9119,2.9169,2.9179,2.9169,2.9169,3
2026-02-16 01:39:00,2.9134,2.9134,2.9119,2.9119,2.9184,2.9184,2.9169,2.9169,3
2026-02-16 01:44:00,2.9109,2.9109,2.8989,2.8989,2.9159,2.9159,2.9039,2.9039,25
2026-02-16 01:45:00,2.8984,2.8984,2.8949,2.8954,2.9034,2.9034,2.8999,2.9004,18
2026-02-16 01:46:00,2.8949,2.8949,2.8854,2.8879,2.8999,2.8999,2.8904,2.8929,24
2026-02-16 01:47:00,2.8889,2.8919,2.8884,2.8884,2.8939,2.8969,2.8934,2.8934,14
2026-02-16 01:48:00,2.8874,2.8879,2.8844,2.8844,2.8924,2.8929,2.8894,2.8894,8
2026-02-16 01:49:00,2.8849,2.8849,2.8789,2.8799,2.8899,2.8899,2.8839,2.8849,14
2026-02-16 01:50:00,2.8804,2.8829,2.8799,2.8829,2.8854,2.8879,2.8849,2.8879,7
2026-02-16 01:51:00,2.8834,2.8894,2.8834,2.8894,2.8884,2.8944,2.8884,2.8944,10
2026-02-16 01:52:00,2.8884,2.8884,2.8814,2.8814,2.8934,2.8934,2.8864,2.8864,10
2026-02-16 01:53:00,2.8819,2.8884,2.8819,2.8874,2.8869,2.8934,2.8869,2.8924,15
2026-02-16 01:54:00,2.8869,2.8889,2.8859,2.8874,2.8919,2.8939,2.8909,2.8924,9
2026-02-16 01:55:00,2.8884,2.8949,2.8884,2.8884,2.8934,2.8999,2.8934,2.8934,12
2026-02-16 01:56:00,2.8889,2.8904,2.8889,2.8904,2.8939,2.8954,2.8939,2.8954,4
2026-02-16 01:57:00,2.8919,2.8929,2.8919,2.8929,2.8969,2.8979,2.8969,2.8979,3
2026-02-16 01:58:00,2.8924,2.8924,2.8904,2.8904,2.8974,2.8974,2.8954,2.8954,3
2026-02-16 01:59:00,2.8909,2.8909,2.8904,2.8904,2.8959,2.8959,2.8954,2.8954,2
2026-02-16 02:00:00,2.8909,2.8924,2.8904,2.8924,2.8959,2.8974,2.8954,2.8974,3
2026-02-16 02:01:00,2.8929,2.8949,2.8899,2.8944,2.8979,2.8999,2.8949,2.8994,12
2026-02-16 02:03:00,2.8939,2.8939,2.8934,2.8934,2.8989,2.8989,2.8984,2.8984,2
2026-02-16 02:04:00,2.8929,2.8969,2.8929,2.8959,2.8979,2.9019,2.8979,2.9009,6
2026-02-16 02:06:00,2.8954,2.8954,2.8954,2.8954,2.9004,2.9004,2.9004,2.9004,1
2026-02-16 02:07:00,2.8959,2.8969,2.8954,2.8969,2.9009,2.9019,2.9004,2.9019,9
2026-02-16 02:08:00,2.8964,2.9009,2.8954,2.9004,2.9014,2.9059,2.9004,2.9054,8
2026-02-16 02:09:00,2.8994,2.9009,2.8989,2.8989,2.9044,2.9059,2.9039,2.9039,6
2026-02-16 02:10:00,2.8974,2.9009,2.8974,2.8989,2.9024,2.9059,2.9024,2.9039,16
2026-02-16 02:13:00,2.8994,2.8994,2.8994,2.8994,2.9044,2.9044,2.9044,2.9044,1
2026-02-16 02:15:00,2.8989,2.8989,2.8989,2.8989,2.9039,2.9039,2.9039,2.9039,1
2026-02-16 02:17:00,2.8994,2.8994,2.8989,2.8989,2.9044,2.9044,2.9039,2.9039,2
2026-02-16 02:20:00,2.8999,2.8999,2.8994,2.8994,2.9049,2.9049,2.9044,2.9044,2
2026-02-16 02:21:00,2.8979,2.8979,2.8944,2.8954,2.9029,2.9029,2.8994,2.9004,10
2026-02-16 02:22:00,2.8959,2.8959,2.8954,2.8954,2.9009,2.9009,2.9004,2.9004,2
2026-02-16 02:23:00,2.8959,2.8959,2.8959,2.8959,2.9009,2.9009,2.9009,2.9009,1
2026-02-16 02:24:00,2.8954,2.8959,2.8954,2.8954,2.9004,2.9009,2.9004,2.9004,3
2026-02-16 02:27:00,2.8964,2.8999,2.8929,2.8944,2.9014,2.9049,2.8979,2.8994,17
2026-02-16 02:28:00,2.8929,2.8944,2.8929,2.8939,2.8979,2.8994,2.8979,2.8989,4
2026-02-16 02:29:00,2.8934,2.8934,2.8934,2.8934,2.8984,2.8984,2.8984,2.8984,1
2026-02-16 02:30:00,2.8929,2.8929,2.8909,2.8909,2.8979,2.8979,2.8959,2.8959,7
2026-02-16 02:31:00,2.8914,2.8929,2.8914,2.8919,2.8964,2.8979,2.8964,2.8969,7
2026-02-16 02:33:00,2.8929,2.8934,2.8929,2.8934,2.8979,2.8984,2.8979,2.8984,2
2026-02-16 02:34:00,2.8944,2.8944,2.8934,2.8934,2.8994,2.8994,2.8984,2.8984,3
2026-02-16 02:35:00,2.8939,2.8954,2.8939,2.8954,2.8989,2.9004,2.8989,2.9004,3
2026-02-16 02:36:00,2.8959,2.8959,2.8959,2.8959,2.9009,2.9009,2.9009,2.9009,1
2026-02-16 02:37:00,2.8944,2.8949,2.8939,2.8939,2.8994,2.8999,2.8989,2.8989,4
2026-02-16 02:38:00,2.8934,2.8944,2.8934,2.8944,2.8984,2.8994,2.8984,2.8994,3
2026-02-16 02:39:00,2.8939,2.8939,2.8919,2.8919,2.8989,2.8989,2.8969,2.8969,5
2026-02-16 02:40:00,2.8909,2.8909,2.8894,2.8909,2.8959,2.8959,2.8944,2.8959,5
2026-02-16 02:41:00,2.8914,2.8919,2.8914,2.8919,2.8964,2.8969,2.8964,2.8969,2
2026-02-16 02:44:00,2.8914,2.8914,2.8899,2.8899,2.8964,2.8964,2.8949,2.8949,3
2026-02-16 02:45:00,2.8914,2.8919,2.8914,2.8919,2.8964,2.8969,2.8964,2.8969,2
2026-02-16 02:47:00,2.8904,2.8914,2.8904,2.8914,2.8954,2.8964,2.8954,2.8964,3
2026-02-16 02:49:00,2.8909,2.8919,2.8904,2.8919,2.8959,2.8969,2.8954,2.8969,6
2026-02-16 02:50:00,2.8924,2.8939,2.8924,2.8939,2.8974,2.8989,2.8974,2.8989,2
2026-02-16 02:51:00,2.8934,2.8944,2.8934,2.8944,2.8984,2.8994,2.8984,2.8994,3
2026-02-16 02:53:00,2.8934,2.8934,2.8934,2.8934,2.8984,2.8984,2.8984,2.8984,1
2026-02-16 02:54:00,2.8929,2.8929,2.8924,2.8924,2.8979,2.8979,2.8974,2.8974,2
2026-02-16 02:55:00,2.8919,2.8929,2.8919,2.8929,2.8969,2.8979,2.8969,2.8979,2
2026-02-16 02:56:00,2.8919,2.8919,2.8894,2.8899,2.8969,2.8969,2.8944,2.8949,4
2026-02-16 02:57:00,2.8904,2.8904,2.8869,2.8879,2.8954,2.8954,2.8919,2.8929,6
2026-02-16 02:58:00,2.8884,2.8889,2.8869,2.8874,2.8934,2.8939,2.8919,2.8924,7
2026-02-16 02:59:00,2.8869,2.8889,2.8869,2.8884,2.8919,2.8939,2.8919,2.8934,5
2026-02-16 03:00:00,2.8889,2.8889,2.8834,2.8849,2.8939,2.8939,2.8884,2.8899,10
2026-02-16 03:01:00,2.8854,2.8854,2.8819,2.8839,2.8904,2.8904,2.8869,2.8889,11
2026-02-16 03:02:00,2.8829,2.8849,2.8824,2.8844,2.8879,2.8899,2.8874,2.8894,8
2026-02-16 03:03:00,2.8839,2.8854,2.8839,2.8849,2.8889,2.8904,2.8889,2.8899,4
2026-02-16 03:04:00,2.8844,2.8844,2.8834,2.8834,2.8894,2.8894,2.8884,2.8884,2
2026-02-16 03:05:00,2.8844,2.8844,2.8779,2.8789,2.8894,2.8894,2.8829,2.8839,12
2026-02-16 03:06:00,2.8799,2.8839,2.8799,2.8829,2.8849,2.8889,2.8849,2.8879,7
2026-02-16 03:07:00,2.8824,2.8829,2.8814,2.8829,2.8874,2.8879,2.8864,2.8879,7
2026-02-16 03:08:00,2.8824,2.8824,2.8794,2.8794,2.8874,2.8874,2.8844,2.8844,7
2026-02-16 03:09:00,2.8789,2.8789,2.8759,2.8774,2.8839,2.8839,2.8809,2.8824,11
2026-02-16 03:10:00,2.8779,2.8799,2.8774,2.8799,2.8829,2.8849,2.8824,2.8849,5
2026-02-16 03:11:00,2.8794,2.8799,2.8794,2.8799,2.8844,2.8849,2.8844,2.8849,2
2026-02-16 03:12:00,2.8809,2.8824,2.8794,2.8824,2.8859,2.8874,2.8844,2.8874,6
2026-02-16 03:13:00,2.8829,2.8829,2.8824,2.8824,2.8879,2.8879,2.8874,2.8874,2
2026-02-16 03:16:00,2.8829,2.8829,2.8829,2.8829,2.8879,2.8879,2.8879,2.8879,1
2026-02-16 03:17:00,2.8839,2.8854,2.8829,2.8854,2.8889,2.8904,2.8879,2.8904,8
2026-02-16 03:18:00,2.8849,2.8849,2.8844,2.8844,2.8899,2.8899,2.8894,2.8894,2
2026-02-16 03:19:00,2.8849,2.8854,2.8844,2.8844,2.8899,2.8904,2.8894,2.8894,4
2026-02-16 03:20:00,2.8839,2.8854,2.8839,2.8854,2.8889,2.8904,2.8889,2.8904,3
2026-02-16 03:21:00,2.8859,2.8864,2.8854,2.8854,2.8909,2.8914,2.8904,2.8904,3
2026-02-16 03:22:00,2.8869,2.8889,2.8859,2.8889,2.8919,2.8939,2.8909,2.8939,6
2026-02-16 03:23:00,2.8894,2.8894,2.8894,2.8894,2.8944,2.8944,2.8944,2.8944,1
2026-02-16 03:24:00,2.8889,2.8889,2.8884,2.8884,2.8939,2.8939,2.8934,2.8934,2
2026-02-16 03:26:00,2.8889,2.8889,2.8874,2.8879,2.8939,2.8939,2.8924,2.8929,3
2026-02-16 03:27:00,2.8874,2.8874,2.8854,2.8854,2.8924,2.8924,2.8904,2.8904,5
2026-02-16 03:28:00,2.8859,2.8864,2.8859,2.8864,2.8909,2.8914,2.8909,2.8914,2
2026-02-16 03:29:00,2.8869,2.8869,2.8869,2.8869,2.8919,2.8919,2.8919,2.8919,1
2026-02-16 03:30:00,2.8864,2.8864,2.8864,2.8864,2.8914,2.8914,2.8914,2.8914,1
2026-02-16 03:31:00,2.8849,2.8859,2.8849,2.8859,2.8899,2.8909,2.8899,2.8909,3
2026-02-16 03:32:00,2.8864,2.8869,2.8864,2.8869,2.8914,2.8919,2.8914,2.8919,2
2026-02-16 03:34:00,2.8874,2.8909,2.8874,2.8894,2.8924,2.8959,2.8924,2.8944,5
2026-02-16 03:37:00,2.8899,2.8899,2.8899,2.8899,2.8949,2.8949,2.8949,2.8949,1
2026-02-16 03:38:00,2.8904,2.8904,2.8904,2.8904,2.8954,2.8954,2.8954,2.8954,1
2026-02-16 03:39:00,2.8899,2.8904,2.8899,2.8904,2.8949,2.8954,2.8949,2.8954,2
2026-02-16 03:40:00,2.8909,2.8909,2.8909,2.8909,2.8959,2.8959,2.8959,2.8959,1
2026-02-16 03:43:00,2.8914,2.8914,2.8909,2.8909,2.8964,2.8964,2.8959,2.8959,2
2026-02-16 03:44:00,2.8904,2.8904,2.8884,2.8884,2.8954,2.8954,2.8934,2.8934,4
2026-02-16 03:46:00,2.8889,2.8919,2.8889,2.8914,2.8939,2.8969,2.8939,2.8964,7
2026-02-16 03:47:00,2.8924,2.8924,2.8919,2.8924,2.8974,2.8974,2.8969,2.8974,3
2026-02-16 03:48:00,2.8929,2.8929,2.8924,2.8924,2.8979,2.8979,2.8974,2.8974,2
2026-02-16 03:49:00,2.8914,2.8914,2.8894,2.8894,2.8964,2.8964,2.8944,2.8944,3
2026-02-16 03:51:00,2.8899,2.8899,2.8874,2.8874,2.8949,2.8949,2.8924,2.8924,9
2026-02-16 03:52:00,2.8879,2.8879,2.8874,2.8874,2.8929,2.8929,2.8924,2.8924,2
2026-02-16 03:54:00,2.8869,2.8869,2.8869,2.8869,2.8919,2.8919,2.8919,2.8919,1
2026-02-16 03:55:00,2.8874,2.8874,2.8874,2.8874,2.8924,2.8924,2.8924,2.8924,1
2026-02-16 03:56:00,2.8879,2.8879,2.8869,2.8869,2.8929,2.8929,2.8919,2.8919,2
2026-02-16 03:57:00,2.8874,2.8879,2.8844,2.8849,2.8924,2.8929,2.8894,2.8899,7
2026-02-16 03:58:00,2.8844,2.8844,2.8844,2.8844,2.8894,2.8894,2.8894,2.8894,1
2026-02-16 03:59:00,2.8854,2.8859,2.8839,2.8844,2.8904,2.8909,2.8889,2.8894,8
2026-02-16 04:00:00,2.8849,2.8849,2.8839,2.8839,2.8899,2.8899,2.8889,2.8889,3
2026-02-16 04:01:00,2.8834,2.8859,2.8829,2.8859,2.8884,2.8909,2.8879,2.8909,8
2026-02-16 04:02:00,2.8854,2.8869,2.8854,2.8864,2.8904,2.8919,2.8904,2.8914,4
2026-02-16 04:03:00,2.8854,2.8854,2.8854,2.8854,2.8904,2.8904,2.8904,2.8904,1
2026-02-16 04:04:00,2.8859,2.8874,2.8859,2.8874,2.8909,2.8924,2.8909,2.8924,3
2026-02-16 04:05:00,2.8879,2.8899,2.8879,2.8899,2.8929,2.8949,2.8929,2.8949,5
2026-02-16 04:06:00,2.8904,2.8904,2.8904,2.8904,2.8954,2.8954,2.8954,2.8954,1
2026-02-16 04:07:00,2.8899,2.8909,2.8889,2.8899,2.8949,2.8959,2.8939,2.8949,6
2026-02-16 04:08:00,2.8894,2.8894,2.8894,2.8894,2.8944,2.8944,2.8944,2.8944,1
2026-02-16 04:10:00,2.8899,2.8904,2.8899,2.8904,2.8949,2.8954,2.8949,2.8954,2
2026-02-16 04:11:00,2.8909,2.8909,2.8894,2.8904,2.8959,2.8959,2.8944,2.8954,5
2026-02-16 04:13:00,2.8909,2.8909,2.8909,2.8909,2.8959,2.8959,2.8959,2.8959,1
2026-02-16 04:14:00,2.8914,2.8924,2.8904,2.8904,2.8964,2.8974,2.8954,2.8954,5
2026-02-16 04:15:00,2.8914,2.8914,2.8894,2.8904,2.8964,2.8964,2.8944,2.8954,10
2026-02-16 04:16:00,2.8909,2.8909,2.8899,2.8899,2.8959,2.8959,2.8949,2.8949,3
2026-02-16 04:17:00,2.8894,2.8899,2.8894,2.8899,2.8944,2.8949,2.8944,2.8949,2
2026-02-16 04:18:00,2.8894,2.8909,2.8854,2.8854,2.8944,2.8959,2.8904,2.8904,14
2026-02-16 04:19:00,2.8859,2.8859,2.8859,2.8859,2.8909,2.8909,2.8909,2.8909,1
2026-02-16 04:20:00,2.8864,2.8864,2.8864,2.8864,2.8914,2.8914,2.8914,2.8914,1
2026-02-16 04:23:00,2.8869,2.8869,2.8869,2.8869,2.8919,2.8919,2.8919,2.8919,1
2026-02-16 04:26:00,2.8874,2.8899,2.8874,2.8874,2.8924,2.8949,2.8924,2.8924,10
2026-02-16 04:27:00,2.8879,2.8879,2.8874,2.8874,2.8929,2.8929,2.8924,2.8924,2
2026-02-16 04:28:00,2.8879,2.8914,2.8879,2.8914,2.8929,2.8964,2.8929,2.8964,5
2026-02-16 04:29:00,2.8924,2.8924,2.8924,2.8924,2.8974,2.8974,2.8974,2.8974,1
2026-02-16 04:30:00,2.8939,2.8999,2.8929,2.8989,2.8989,2.9049,2.8979,2.9039,47
2026-02-16 04:31:00,2.8984,2.8989,2.8934,2.8934,2.9034,2.9039,2.8984,2.8984,65
2026-02-16 04:32:00,2.8949,2.8969,2.8929,2.8969,2.8999,2.9019,2.8979,2.9019,44
2026-02-16 04:33:00,2.8964,2.8974,2.8959,2.8974,2.9014,2.9024,2.9009,2.9024,8
2026-02-16 04:34:00,2.8969,2.8979,2.8949,2.8969,2.9019,2.9029,2.8999,2.9019,21
2026-02-16 04:35:00,2.8964,2.8969,2.8954,2.8969,2.9014,2.9019,2.9004,2.9019,9
2026-02-16 04:36:00,2.8964,2.8969,2.8954,2.8959,2.9014,2.9019,2.9004,2.9009,18
2026-02-16 04:37:00,2.8954,2.8969,2.8949,2.8969,2.9004,2.9019,2.8999,2.9019,13
2026-02-16 04:38:00,2.8964,2.8969,2.8929,2.8939,2.9014,2.9019,2.8979,2.8989,26
2026-02-16 04:39:00,2.8929,2.8929,2.8919,2.8919,2.8979,2.8979,2.8969,2.8969,4
2026-02-16 04:40:00,2.8929,2.8929,2.8924,2.8924,2.8979,2.8979,2.8974,2.8974,6
2026-02-16 04:41:00,2.8929,2.8929,2.8929,2.8929,2.8979,2.8979,2.8979,2.8979,1
2026-02-16 04:42:00,2.8924,2.8924,2.8909,2.8914,2.8974,2.8974,2.8959,2.8964,6
2026-02-16 04:43:00,2.8919,2.8919,2.8904,2.8919,2.8969,2.8969,2.8954,2.8969,9
2026-02-16 04:44:00,2.8924,2.8924,2.8919,2.8924,2.8974,2.8974,2.8969,2.8974,5
2026-02-16 04:45:00,2.8929,2.8949,2.8924,2.8944,2.8979,2.8999,2.8974,2.8994,9
2026-02-16 04:46:00,2.8949,2.8979,2.8944,2.8979,2.8999,2.9029,2.8994,2.9029,13
2026-02-16 04:47:00,2.8974,2.8989,2.8974,2.8989,2.9024,2.9039,2.9024,2.9039,3
2026-02-16 04:48:00,2.8984,2.8989,2.8979,2.8979,2.9034,2.9039,2.9029,2.9029,3
2026-02-16 04:49:00,2.8984,2.8994,2.8984,2.8994,2.9034,2.9044,2.9034,2.9044,3
2026-02-16 04:50:00,2.8989,2.8989,2.8974,2.8979,2.9039,2.9039,2.9024,2.9029,6
2026-02-16 04:51:00,2.8974,2.8979,2.8974,2.8979,2.9024,2.9029,2.9024,2.9029,2
2026-02-16 04:53:00,2.8969,2.8979,2.8969,2.8974,2.9019,2.9029,2.9019,2.9024,4
2026-02-16 04:54:00,2.8969,2.8969,2.8954,2.8954,2.9019,2.9019,2.9004,2.9004,5
2026-02-16 04:55:00,2.8959,2.8959,2.8954,2.8959,2.9009,2.9009,2.9004,2.9009,3
2026-02-16 04:56:00,2.8964,2.8964,2.8929,2.8949,2.9014,2.9014,2.8979,2.8999,7
2026-02-16 04:57:00,2.8939,2.8949,2.8919,2.8949,2.8989,2.8999,2.8969,2.8999,6
2026-02-16 04:59:00,2.8944,2.8959,2.8944,2.8954,2.8994,2.9009,2.8994,2.9004,4
2026-02-16 05:00:00,2.8959,2.8964,2.8959,2.8964,2.9009,2.9014,2.9009,2.9014,2
2026-02-16 05:01:00,2.8969,2.8969,2.8969,2.8969,2.9019,2.9019,2.9019,2.9019,1
2026-02-16 05:02:00,2.8964,2.8964,2.8954,2.8954,2.9014,2.9014,2.9004,2.9004,3
2026-02-16 05:05:00,2.8959,2.8984,2.8959,2.8984,2.9009,2.9034,2.9009,2.9034,4
2026-02-16 05:06:00,2.8979,2.8979,2.8959,2.8959,2.9029,2.9029,2.9009,2.9009,3
2026-02-16 05:07:00,2.8954,2.8969,2.8954,2.8964,2.9004,2.9019,2.9004,2.9014,5
2026-02-16 05:08:00,2.8969,2.8969,2.8959,2.8964,2.9019,2.9019,2.9009,2.9014,7
2026-02-16 05:09:00,2.8969,2.8969,2.8964,2.8964,2.9019,2.9019,2.9014,2.9014,2
2026-02-16 05:10:00,2.8969,2.8969,2.8969,2.8969,2.9019,2.9019,2.9019,2.9019,1
2026-02-16 05:11:00,2.8979,2.8979,2.8969,2.8979,2.9029,2.9029,2.9019,2.9029,6
2026-02-16 05:12:00,2.8974,2.8989,2.8974,2.8979,2.9024,2.9039,2.9024,2.9029,6
2026-02-16 05:13:00,2.8964,2.8964,2.8889,2.8914,2.9014,2.9014,2.8939,2.8964,18
2026-02-16 05:14:00,2.8919,2.8919,2.8909,2.8914,2.8969,2.8969,2.8959,2.8964,6
2026-02-16 05:15:00,2.8924,2.8934,2.8924,2.8934,2.8974,2.8984,2.8974,2.8984,3
2026-02-16 05:16:00,2.8939,2.8939,2.8934,2.8939,2.8989,2.8989,2.8984,2.8989,5
2026-02-16 05:17:00,2.8944,2.8949,2.8944,2.8949,2.8994,2.8999,2.8994,2.8999,4
2026-02-16 05:18:00,2.8939,2.8939,2.8914,2.8919,2.8989,2.8989,2.8964,2.8969,5
2026-02-16 05:19:00,2.8924,2.8924,2.8924,2.8924,2.8974,2.8974,2.8974,2.8974,1
2026-02-16 05:20:00,2.8919,2.8924,2.8919,2.8924,2.8969,2.8974,2.8969,2.8974,2
2026-02-16 05:21:00,2.8914,2.8914,2.8894,2.8894,2.8964,2.8964,2.8944,2.8944,6
2026-02-16 05:22:00,2.8899,2.8899,2.8894,2.8894,2.8949,2.8949,2.8944,2.8944,2
2026-02-16 05:23:00,2.8889,2.8909,2.8884,2.8884,2.8939,2.8959,2.8934,2.8934,6
2026-02-16 05:24:00,2.8889,2.8909,2.8889,2.8904,2.8939,2.8959,2.8939,2.8954,5
2026-02-16 05:25:00,2.8894,2.8894,2.8864,2.8894,2.8944,2.8944,2.8914,2.8944,10
2026-02-16 05:26:00,2.8899,2.8899,2.8894,2.8894,2.8949,2.8949,2.8944,2.8944,4
2026-02-16 05:28:00,2.8899,2.8909,2.8899,2.8904,2.8949,2.8959,2.8949,2.8954,3
2026-02-16 05:30:00,2.8909,2.8914,2.8909,2.8914,2.8959,2.8964,2.8959,2.8964,2
2026-02-16 05:32:00,2.8919,2.8929,2.8909,2.8914,2.8969,2.8979,2.8959,2.8964,5
2026-02-16 05:33:00,2.8919,2.8924,2.8914,2.8914,2.8969,2.8974,2.8964,2.8964,3
2026-02-16 05:34:00,2.8919,2.8924,2.8909,2.8924,2.8969,2.8974,2.8959,2.8974,5
2026-02-16 05:35:00,2.8919,2.8929,2.8914,2.8929,2.8969,2.8979,2.8964,2.8979,6
2026-02-16 05:36:00,2.8924,2.8934,2.8924,2.8929,2.8974,2.8984,2.8974,2.8979,5
2026-02-16 05:37:00,2.8919,2.8924,2.8919,2.8924,2.8969,2.8974,2.8969,2.8974,2
2026-02-16 05:40:00,2.8919,2.8919,2.8894,2.8894,2.8969,2.8969,2.8944,2.8944,7
2026-02-16 05:41:00,2.8889,2.8889,2.8859,2.8874,2.8939,2.8939,2.8909,2.8924,9
2026-02-16 05:42:00,2.8884,2.8884,2.8874,2.8874,2.8934,2.8934,2.8924,2.8924,2
2026-02-16 05:44:00,2.8879,2.8879,2.8879,2.8879,2.8929,2.8929,2.8929,2.8929,1
2026-02-16 05:46:00,2.8884,2.8884,2.8874,2.8874,2.8934,2.8934,2.8924,2.8924,2
2026-02-16 05:48:00,2.8879,2.8879,2.8879,2.8879,2.8929,2.8929,2.8929,2.8929,1
2026-02-16 05:49:00,2.8894,2.8899,2.8874,2.8884,2.8944,2.8949,2.8924,2.8934,6
2026-02-16 05:50:00,2.8889,2.8899,2.8884,2.8899,2.8939,2.8949,2.8934,2.8949,7
2026-02-16 05:51:00,2.8894,2.8909,2.8884,2.8899,2.8944,2.8959,2.8934,2.8949,7
2026-02-16 05:52:00,2.8879,2.8879,2.8689,2.8714,2.8929,2.8929,2.8739,2.8764,73
2026-02-16 05:53:00,2.8709,2.8729,2.8704,2.8724,2.8759,2.8779,2.8754,2.8774,28
2026-02-16 05:54:00,2.8729,2.8729,2.8704,2.8729,2.8779,2.8779,2.8754,2.8779,16
2026-02-16 05:55:00,2.8734,2.8844,2.8734,2.8844,2.8784,2.8894,2.8784,2.8894,35
2026-02-16 05:56:00,2.8854,2.8889,2.8834,2.8884,2.8904,2.8939,2.8884,2.8934,19
2026-02-16 05:57:00,2.8889,2.8899,2.8869,2.8884,2.8939,2.8949,2.8919,2.8934,23
2026-02-16 05:58:00,2.8889,2.8929,2.8889,2.8914,2.8939,2.8979,2.8939,2.8964,26
2026-02-16 05:59:00,2.8919,2.8924,2.8894,2.8924,2.8969,2.8974,2.8944,2.8974,10
2026-02-16 06:00:00,2.8914,2.8924,2.8819,2.8819,2.8964,2.8974,2.8869,2.8869,22
2026-02-16 06:01:00,2.8829,2.8839,2.8829,2.8829,2.8879,2.8889,2.8879,2.8879,4
2026-02-16 06:02:00,2.8834,2.8874,2.8834,2.8839,2.8884,2.8924,2.8884,2.8889,15
2026-02-16 06:03:00,2.8834,2.8859,2.8834,2.8854,2.8884,2.8909,2.8884,2.8904,4
2026-02-16 06:05:00,2.8859,2.8874,2.8859,2.8874,2.8909,2.8924,2.8909,2.8924,6
2026-02-16 06:07:00,2.8869,2.8869,2.8859,2.8859,2.8919,2.8919,2.8909,2.8909,3
2026-02-16 06:08:00,2.8854,2.8854,2.8849,2.8849,2.8904,2.8904,2.8899,2.8899,2
2026-02-16 06:09:00,2.8854,2.8864,2.8854,2.8864,2.8904,2.8914,2.8904,2.8914,3
2026-02-16 06:10:00,2.8859,2.8874,2.8854,2.8874,2.8909,2.8924,2.8904,2.8924,4
2026-02-16 06:11:00,2.8879,2.8879,2.8849,2.8849,2.8929,2.8929,2.8899,2.8899,5
2026-02-16 06:12:00,2.8864,2.8874,2.8864,2.8874,2.8914,2.8924,2.8914,2.8924,2
2026-02-16 06:13:00,2.8869,2.8874,2.8869,2.8874,2.8919,2.8924,2.8919,2.8924,4
2026-02-16 06:14:00,2.8869,2.8884,2.8869,2.8884,2.8919,2.8934,2.8919,2.8934,3
2026-02-16 06:15:00,2.8879,2.8879,2.8874,2.8874,2.8929,2.8929,2.8924,2.8924,2
2026-02-16 06:16:00,2.8884,2.8909,2.8884,2.8909,2.8934,2.8959,2.8934,2.8959,9
2026-02-16 06:17:00,2.8899,2.8909,2.8899,2.8899,2.8949,2.8959,2.8949,2.8949,3
2026-02-16 06:18:00,2.8894,2.8894,2.8894,2.8894,2.8944,2.8944,2.8944,2.8944,1
2026-02-16 06:19:00,2.8889,2.8904,2.8884,2.8904,2.8939,2.8954,2.8934,2.8954,3
2026-02-16 06:21:00,2.8899,2.8904,2.8889,2.8899,2.8949,2.8954,2.8939,2.8949,6
2026-02-16 06:22:00,2.8909,2.8919,2.8909,2.8919,2.8959,2.8969,2.8959,2.8969,6
2026-02-16 06:23:00,2.8924,2.8939,2.8914,2.8929,2.8974,2.8989,2.8964,2.8979,10
2026-02-16 06:24:00,2.8919,2.8939,2.8914,2.8939,2.8969,2.8989,2.8964,2.8989,6
2026-02-16 06:25:00,2.8929,2.8929,2.8929,2.8929,2.8979,2.8979,2.8979,2.8979,1
2026-02-16 06:26:00,2.8924,2.8924,2.8924,2.8924,2.8974,2.8974,2.8974,2.8974,1
2026-02-16 06:27:00,2.8919,2.8924,2.8919,2.8924,2.8969,2.8974,2.8969,2.8974,2
2026-02-16 06:29:00,2.8919,2.8924,2.8919,2.8924,2.8969,2.8974,2.8969,2.8974,2
2026-02-16 06:30:00,2.8919,2.8939,2.8919,2.8929,2.8969,2.8989,2.8969,2.8979,6
2026-02-16 06:31:00,2.8934,2.8934,2.8929,2.8929,2.8984,2.8984,2.8979,2.8979,2
2026-02-16 06:32:00,2.8934,2.8934,2.8934,2.8934,2.8984,2.8984,2.8984,2.8984,1
2026-02-16 06:33:00,2.8939,2.8939,2.8934,2.8934,2.8989,2.8989,2.8984,2.8984,2
2026-02-16 06:34:00,2.8939,2.8939,2.8909,2.8924,2.8989,2.8989,2.8959,2.8974,11
2026-02-16 06:35:00,2.8929,2.8939,2.8929,2.8939,2.8979,2.8989,2.8979,2.8989,3
2026-02-16 06:36:00,2.8934,2.8939,2.8929,2.8929,2.8984,2.8989,2.8979,2.8979,3
2026-02-16 06:37:00,2.8934,2.8939,2.8929,2.8939,2.8984,2.8989,2.8979,2.8989,4
2026-02-16 06:38:00,2.8934,2.8994,2.8929,2.8984,2.8984,2.9044,2.8979,2.9034,13
2026-02-16 06:39:00,2.8989,2.9029,2.8989,2.9019,2.9039,2.9079,2.9039,2.9069,14
2026-02-16 06:40:00,2.9009,2.9009,2.8994,2.8994,2.9059,2.9059,2.9044,2.9044,6
2026-02-16 06:41:00,2.8999,2.9009,2.8989,2.8999,2.9049,2.9059,2.9039,2.9049,12
2026-02-16 06:42:00,2.8994,2.8999,2.8994,2.8999,2.9044,2.9049,2.9044,2.9049,2
2026-02-16 06:43:00,2.9004,2.9004,2.8999,2.8999,2.9054,2.9054,2.9049,2.9049,2
2026-02-16 06:44:00,2.9004,2.9004,2.9004,2.9004,2.9054,2.9054,2.9054,2.9054,1
2026-02-16 06:45:00,2.9009,2.9019,2.9009,2.9014,2.9059,2.9069,2.9059,2.9064,5
2026-02-16 06:46:00,2.9009,2.9014,2.9009,2.9009,2.9059,2.9064,2.9059,2.9059,3
2026-02-16 06:47:00,2.9014,2.9014,2.8999,2.8999,2.9064,2.9064,2.9049,2.9049,5
2026-02-16 06:48:00,2.9004,2.9004,2.8989,2.8989,2.9054,2.9054,2.9039,2.9039,3
2026-02-16 06:49:00,2.8979,2.8979,2.8904,2.8904,2.9029,2.9029,2.8954,2.8954,14
2026-02-16 06:50:00,2.8909,2.8949,2.8909,2.8919,2.8959,2.8999,2.8959,2.8969,10
2026-02-16 06:51:00,2.8924,2.8924,2.8909,2.8919,2.8974,2.8974,2.8959,2.8969,7
2026-02-16 06:52:00,2.8924,2.8924,2.8919,2.8919,2.8974,2.8974,2.8969,2.8969,2
2026-02-16 06:53:00,2.8924,2.8924,2.8894,2.8894,2.8974,2.8974,2.8944,2.8944,5
2026-02-16 06:54:00,2.8879,2.8879,2.8789,2.8839,2.8929,2.8929,2.8839,2.8889,18
2026-02-16 06:55:00,2.8844,2.8849,2.8749,2.8789,2.8894,2.8899,2.8799,2.8839,16
2026-02-16 06:56:00,2.8779,2.8794,2.8764,2.8794,2.8829,2.8844,2.8814,2.8844,9
2026-02-16 06:57:00,2.8799,2.8799,2.8719,2.8744,2.8849,2.8849,2.8769,2.8794,16
2026-02-16 06:58:00,2.8749,2.8764,2.8744,2.8764,2.8799,2.8814,2.8794,2.8814,7
2026-02-16 06:59:00,2.8749,2.8779,2.8704,2.8749,2.8799,2.8829,2.8754,2.8799,15
2026-02-16 07:00:00,2.8739,2.8739,2.8729,2.8739,2.8789,2.8789,2.8779,2.8789,8
2026-02-16 07:01:00,2.8734,2.8744,2.8704,2.8744,2.8784,2.8794,2.8754,2.8794,18
2026-02-16 07:02:00,2.8749,2.8759,2.8729,2.8759,2.8799,2.8809,2.8779,2.8809,18
2026-02-16 07:03:00,2.8754,2.8794,2.8754,2.8764,2.8804,2.8844,2.8804,2.8814,21
2026-02-16 07:04:00,2.8754,2.8774,2.8754,2.8774,2.8804,2.8824,2.8804,2.8824,7
2026-02-16 07:05:00,2.8779,2.8799,2.8759,2.8774,2.8829,2.8849,2.8809,2.8824,15
2026-02-16 07:06:00,2.8769,2.8879,2.8759,2.8869,2.8819,2.8929,2.8809,2.8919,15
2026-02-16 07:07:00,2.8874,2.8889,2.8864,2.8884,2.8924,2.8939,2.8914,2.8934,22
2026-02-16 07:08:00,2.8894,2.8894,2.8769,2.8809,2.8944,2.8944,2.8819,2.8859,26
2026-02-16 07:09:00,2.8779,2.8809,2.8779,2.8799,2.8829,2.8859,2.8829,2.8849,7
2026-02-16 07:10:00,2.8804,2.8819,2.8774,2.8819,2.8854,2.8869,2.8824,2.8869,11
2026-02-16 07:11:00,2.8809,2.8809,2.8709,2.8764,2.8859,2.8859,2.8759,2.8814,30
2026-02-16 07:12:00,2.8729,2.8759,2.8704,2.8749,2.8779,2.8809,2.8754,2.8799,21
2026-02-16 07:13:00,2.8744,2.8779,2.8734,2.8764,2.8794,2.8829,2.8784,2.8814,13
2026-02-16 07:14:00,2.8759,2.8784,2.8759,2.8784,2.8809,2.8834,2.8809,2.8834,4
2026-02-16 07:15:00,2.8774,2.8794,2.8774,2.8789,2.8824,2.8844,2.8824,2.8839,8
2026-02-16 07:16:00,2.8784,2.8809,2.8784,2.8809,2.8834,2.8859,2.8834,2.8859,6
2026-02-16 07:17:00,2.8814,2.8859,2.8814,2.8839,2.8864,2.8909,2.8864,2.8889,14
2026-02-16 07:18:00,2.8834,2.8839,2.8814,2.8819,2.8884,2.8889,2.8864,2.8869,9
2026-02-16 07:19:00,2.8814,2.8814,2.8729,2.8754,2.8864,2.8864,2.8779,2.8804,27
2026-02-16 07:20:00,2.8764,2.8769,2.8749,2.8759,2.8814,2.8819,2.8799,2.8809,10
2026-02-16 07:21:00,2.8764,2.8774,2.8729,2.8744,2.8814,2.8824,2.8779,2.8794,12
2026-02-16 07:22:00,2.8734,2.8739,2.8639,2.8684,2.8784,2.8789,2.8689,2.8734,33
2026-02-16 07:23:00,2.8694,2.8709,2.8674,2.8709,2.8744,2.8759,2.8724,2.8759,15
2026-02-16 07:24:00,2.8704,2.8714,2.8689,2.8709,2.8754,2.8764,2.8739,2.8759,12
2026-02-16 07:25:00,2.8714,2.8714,2.8709,2.8709,2.8764,2.8764,2.8759,2.8759,2
2026-02-16 07:26:00,2.8704,2.8709,2.8674,2.8694,2.8754,2.8759,2.8724,2.8744,9
2026-02-16 07:27:00,2.8689,2.8699,2.8674,2.8699,2.8739,2.8749,2.8724,2.8749,9
2026-02-16 07:28:00,2.8704,2.8704,2.8694,2.8699,2.8754,2.8754,2.8744,2.8749,4
2026-02-16 07:29:00,2.8704,2.8709,2.8609,2.8624,2.8754,2.8759,2.8659,2.8674,22
2026-02-16 07:30:00,2.8639,2.8664,2.8634,2.8654,2.8689,2.8714,2.8684,2.8704,8
2026-02-16 07:31:00,2.8659,2.8659,2.8634,2.8639,2.8709,2.8709,2.8684,2.8689,7
2026-02-16 07:32:00,2.8634,2.8639,2.8624,2.8624,2.8684,2.8689,2.8674,2.8674,8
2026-02-16 07:33:00,2.8634,2.8634,2.8619,2.8634,2.8684,2.8684,2.8669,2.8684,8
2026-02-16 07:34:00,2.8644,2.8644,2.8634,2.8639,2.8694,2.8694,2.8684,2.8689,6
2026-02-16 07:35:00,2.8634,2.8634,2.8569,2.8584,2.8684,2.8684,2.8619,2.8634,11
2026-02-16 07:36:00,2.8579,2.8589,2.8564,2.8564,2.8629,2.8639,2.8614,2.8614,10
2026-02-16 07:37:00,2.8574,2.8604,2.8574,2.8604,2.8624,2.8654,2.8624,2.8654,11
2026-02-16 07:38:00,2.8609,2.8609,2.8579,2.8594,2.8659,2.8659,2.8629,2.8644,10
2026-02-16 07:39:00,2.8589,2.8619,2.8589,2.8619,2.8639,2.8669,2.8639,2.8669,9
2026-02-16 07:40:00,2.8624,2.8629,2.8624,2.8629,2.8674,2.8679,2.8674,2.8679,4
2026-02-16 07:41:00,2.8624,2.8629,2.8569,2.8574,2.8674,2.8679,2.8619,2.8624,15
2026-02-16 07:42:00,2.8579,2.8609,2.8579,2.8604,2.8629,2.8659,2.8629,2.8654,6
2026-02-16 07:43:00,2.8599,2.8599,2.8584,2.8589,2.8649,2.8649,2.8634,2.8639,6
2026-02-16 07:44:00,2.8584,2.8589,2.8584,2.8589,2.8634,2.8639,2.8634,2.8639,2
2026-02-16 07:45:00,2.8584,2.8589,2.8584,2.8589,2.8634,2.8639,2.8634,2.8639,4
2026-02-16 07:46:00,2.8584,2.8599,2.8584,2.8599,2.8634,2.8649,2.8634,2.8649,4
2026-02-16 07:47:00,2.8604,2.8609,2.8594,2.8599,2.8654,2.8659,2.8644,2.8649,5
2026-02-16 07:48:00,2.8604,2.8604,2.8589,2.8594,2.8654,2.8654,2.8639,2.8644,8
2026-02-16 07:49:00,2.8599,2.8599,2.8574,2.8584,2.8649,2.8649,2.8624,2.8634,11
2026-02-16 07:50:00,2.8579,2.8579,2.8539,2.8564,2.8629,2.8629,2.8589,2.8614,15
2026-02-16 07:51:00,2.8559,2.8559,2.8554,2.8554,2.8609,2.8609,2.8604,2.8604,4
2026-02-16 07:52:00,2.8564,2.8564,2.8539,2.8554,2.8614,2.8614,2.8589,2.8604,10
2026-02-16 07:53:00,2.8564,2.8564,2.8564,2.8564,2.8614,2.8614,2.8614,2.8614,1
2026-02-16 07:54:00,2.8569,2.8569,2.8549,2.8549,2.8619,2.8619,2.8599,2.8599,6
2026-02-16 07:56:00,2.8564,2.8564,2.8559,2.8564,2.8614,2.8614,2.8609,2.8614,3
2026-02-16 07:57:00,2.8569,2.8569,2.8569,2.8569,2.8619,2.8619,2.8619,2.8619,1
2026-02-16 07:59:00,2.8564,2.8564,2.8529,2.8529,2.8614,2.8614,2.8579,2.8579,5
2026-02-16 08:00:00,2.8524,2.8539,2.8509,2.8539,2.8574,2.8589,2.8559,2.8589,13
2026-02-16 08:01:00,2.8529,2.8529,2.8494,2.8499,2.8579,2.8579,2.8544,2.8549,10
2026-02-16 08:02:00,2.8489,2.8554,2.8464,2.8549,2.8539,2.8604,2.8514,2.8599,37
2026-02-16 08:03:00,2.8559,2.8559,2.8519,2.8524,2.8609,2.8609,2.8569,2.8574,14
2026-02-16 08:04:00,2.8529,2.8529,2.8519,2.8524,2.8579,2.8579,2.8569,2.8574,5
2026-02-16 08:05:00,2.8514,2.8529,2.8494,2.8494,2.8564,2.8579,2.8544,2.8544,21
2026-02-16 08:06:00,2.8499,2.8504,2.8484,2.8484,2.8549,2.8554,2.8534,2.8534,4
2026-02-16 08:07:00,2.8489,2.8489,2.8474,2.8479,2.8539,2.8539,2.8524,2.8529,17
2026-02-16 08:08:00,2.8484,2.8484,2.8454,2.8459,2.8534,2.8534,2.8504,2.8509,12
2026-02-16 08:09:00,2.8464,2.8479,2.8449,2.8459,2.8514,2.8529,2.8499,2.8509,11
2026-02-16 08:10:00,2.8449,2.8459,2.8414,2.8434,2.8499,2.8509,2.8464,2.8484,19
2026-02-16 08:11:00,2.8439,2.8439,2.8424,2.8434,2.8489,2.8489,2.8474,2.8484,6
2026-02-16 08:12:00,2.8439,2.8459,2.8439,2.8459,2.8489,2.8509,2.8489,2.8509,7
2026-02-16 08:13:00,2.8474,2.8474,2.8459,2.8474,2.8524,2.8524,2.8509,2.8524,6
2026-02-16 08:14:00,2.8479,2.8479,2.8474,2.8479,2.8529,2.8529,2.8524,2.8529,5
2026-02-16 08:15:00,2.8474,2.8479,2.8474,2.8479,2.8524,2.8529,2.8524,2.8529,4
2026-02-16 08:16:00,2.8469,2.8479,2.8469,2.8474,2.8519,2.8529,2.8519,2.8524,9
2026-02-16 08:17:00,2.8479,2.8479,2.8469,2.8469,2.8529,2.8529,2.8519,2.8519,8
2026-02-16 08:18:00,2.8474,2.8474,2.8474,2.8474,2.8524,2.8524,2.8524,2.8524,1
2026-02-16 08:19:00,2.8479,2.8479,2.8469,2.8469,2.8529,2.8529,2.8519,2.8519,4
2026-02-16 08:20:00,2.8474,2.8479,2.8459,2.8474,2.8524,2.8529,2.8509,2.8524,9
2026-02-16 08:21:00,2.8469,2.8469,2.8459,2.8459,2.8519,2.8519,2.8509,2.8509,5
2026-02-16 08:22:00,2.8469,2.8474,2.8459,2.8459,2.8519,2.8524,2.8509,2.8509,5
2026-02-16 08:23:00,2.8454,2.8459,2.8449,2.8459,2.8504,2.8509,2.8499,2.8509,10
2026-02-16 08:24:00,2.8454,2.8469,2.8449,2.8464,2.8504,2.8519,2.8499,2.8514,15
2026-02-16 08:25:00,2.8469,2.8469,2.8469,2.8469,2.8519,2.8519,2.8519,2.8519,1
2026-02-16 08:26:00,2.8474,2.8479,2.8459,2.8474,2.8524,2.8529,2.8509,2.8524,12
2026-02-16 08:27:00,2.8469,2.8474,2.8459,2.8459,2.8519,2.8524,2.8509,2.8509,7
2026-02-16 08:28:00,2.8469,2.8474,2.8459,2.8459,2.8519,2.8524,2.8509,2.8509,3
2026-02-16 08:29:00,2.8449,2.8454,2.8439,2.8439,2.8499,2.8504,2.8489,2.8489,9
2026-02-16 08:30:00,2.8429,2.8439,2.8429,2.8434,2.8479,2.8489,2.8479,2.8484,9
2026-02-16 08:31:00,2.8439,2.8459,2.8434,2.8454,2.8489,2.8509,2.8484,2.8504,10
2026-02-16 08:32:00,2.8459,2.8459,2.8459,2.8459,2.8509,2.8509,2.8509,2.8509,1
2026-02-16 08:36:00,2.8464,2.8489,2.8459,2.8464,2.8514,2.8539,2.8509,2.8514,11
2026-02-16 08:37:00,2.8469,2.8489,2.8459,2.8489,2.8519,2.8539,2.8509,2.8539,20
2026-02-16 08:38:00,2.8484,2.8529,2.8484,2.8519,2.8534,2.8579,2.8534,2.8569,22
2026-02-16 08:39:00,2.8509,2.8509,2.8499,2.8509,2.8559,2.8559,2.8549,2.8559,6
2026-02-16 08:40:00,2.8514,2.8514,2.8499,2.8509,2.8564,2.8564,2.8549,2.8559,6
2026-02-16 08:41:00,2.8514,2.8514,2.8514,2.8514,2.8564,2.8564,2.8564,2.8564,1
2026-02-16 08:42:00,2.8509,2.8519,2.8509,2.8519,2.8559,2.8569,2.8559,2.8569,6
2026-02-16 08:43:00,2.8529,2.8529,2.8509,2.8524,2.8579,2.8579,2.8559,2.8574,12
2026-02-16 08:44:00,2.8519,2.8529,2.8499,2.8499,2.8569,2.8579,2.8549,2.8549,13
2026-02-16 08:45:00,2.8494,2.8494,2.8469,2.8479,2.8544,2.8544,2.8519,2.8529,7
2026-02-16 08:46:00,2.8484,2.8489,2.8484,2.8484,2.8534,2.8539,2.8534,2.8534,5
2026-02-16 08:47:00,2.8489,2.8499,2.8484,2.8499,2.8539,2.8549,2.8534,2.8549,7
2026-02-16 08:48:00,2.8489,2.8499,2.8489,2.8499,2.8539,2.8549,2.8539,2.8549,2
2026-02-16 08:49:00,2.8494,2.8499,2.8489,2.8499,2.8544,2.8549,2.8539,2.8549,4
2026-02-16 08:50:00,2.8504,2.8509,2.8499,2.8509,2.8554,2.8559,2.8549,2.8559,3
2026-02-16 08:53:00,2.8514,2.8519,2.8514,2.8519,2.8564,2.8569,2.8564,2.8569,2
2026-02-16 08:54:00,2.8514,2.8519,2.8509,2.8519,2.8564,2.8569,2.8559,2.8569,8
2026-02-16 08:55:00,2.8514,2.8519,2.8489,2.8509,2.8564,2.8569,2.8539,2.8559,15
2026-02-16 08:57:00,2.8514,2.8514,2.8509,2.8514,2.8564,2.8564,2.8559,2.8564,5
2026-02-16 08:58:00,2.8509,2.8529,2.8509,2.8529,2.8559,2.8579,2.8559,2.8579,5
2026-02-16 08:59:00,2.8524,2.8524,2.8499,2.8504,2.8574,2.8574,2.8549,2.8554,17
2026-02-16 09:00:00,2.8509,2.8529,2.8499,2.8514,2.8559,2.8579,2.8549,2.8564,12
2026-02-16 09:01:00,2.8519,2.8524,2.8509,2.8509,2.8569,2.8574,2.8559,2.8559,5
2026-02-16 09:02:00,2.8514,2.8519,2.8499,2.8499,2.8564,2.8569,2.8549,2.8549,10
2026-02-16 09:03:00,2.8504,2.8514,2.8499,2.8514,2.8554,2.8564,2.8549,2.8564,9
2026-02-16 09:04:00,2.8519,2.8519,2.8499,2.8499,2.8569,2.8569,2.8549,2.8549,26
2026-02-16 09:05:00,2.8494,2.8499,2.8484,2.8494,2.8544,2.8549,2.8534,2.8544,7
2026-02-16 09:06:00,2.8489,2.8494,2.8489,2.8489,2.8539,2.8544,2.8539,2.8539,3
2026-02-16 09:07:00,2.8499,2.8519,2.8499,2.8519,2.8549,2.8569,2.8549,2.8569,7
2026-02-16 09:08:00,2.8524,2.8524,2.8519,2.8519,2.8574,2.8574,2.8569,2.8569,2
2026-02-16 09:09:00,2.8509,2.8519,2.8509,2.8514,2.8559,2.8569,2.8559,2.8564,8
2026-02-16 09:10:00,2.8509,2.8524,2.8504,2.8519,2.8559,2.8574,2.8554,2.8569,8
2026-02-16 09:11:00,2.8514,2.8529,2.8509,2.8509,2.8564,2.8579,2.8559,2.8559,12
2026-02-16 09:12:00,2.8514,2.8519,2.8514,2.8514,2.8564,2.8569,2.8564,2.8564,3
2026-02-16 09:13:00,2.8504,2.8504,2.8499,2.8499,2.8554,2.8554,2.8549,2.8549,2
2026-02-16 09:14:00,2.8504,2.8529,2.8504,2.8514,2.8554,2.8579,2.8554,2.8564,6
2026-02-16 09:15:00,2.8524,2.8604,2.8524,2.8599,2.8574,2.8654,2.8574,2.8649,19
2026-02-16 09:16:00,2.8594,2.8609,2.8579,2.8584,2.8644,2.8659,2.8629,2.8634,20
2026-02-16 09:17:00,2.8579,2.8594,2.8574,2.8589,2.8629,2.8644,2.8624,2.8639,17
2026-02-16 09:18:00,2.8594,2.8619,2.8579,2.8619,2.8644,2.8669,2.8629,2.8669,20
2026-02-16 09:19:00,2.8624,2.8629,2.8614,2.8629,2.8674,2.8679,2.8664,2.8679,14
2026-02-16 09:20:00,2.8634,2.8669,2.8629,2.8659,2.8684,2.8719,2.8679,2.8709,23
2026-02-16 09:21:00,2.8664,2.8684,2.8654,2.8674,2.8714,2.8734,2.8704,2.8724,21
2026-02-16 09:22:00,2.8669,2.8669,2.8649,2.8649,2.8719,2.8719,2.8699,2.8699,4
2026-02-16 09:23:00,2.8654,2.8669,2.8644,2.8669,2.8704,2.8719,2.8694,2.8719,12
2026-02-16 09:24:00,2.8679,2.8679,2.8669,2.8669,2.8729,2.8729,2.8719,2.8719,3
2026-02-16 09:25:00,2.8664,2.8679,2.8659,2.8679,2.8714,2.8729,2.8709,2.8729,20
2026-02-16 09:26:00,2.8684,2.8689,2.8659,2.8689,2.8734,2.8739,2.8709,2.8739,16
2026-02-16 09:27:00,2.8694,2.8719,2.8674,2.8699,2.8744,2.8769,2.8724,2.8749,26
2026-02-16 09:28:00,2.8694,2.8699,2.8669,2.8684,2.8744,2.8749,2.8719,2.8734,16
2026-02-16 09:29:00,2.8679,2.8704,2.8679,2.8689,2.8729,2.8754,2.8729,2.8739,11
2026-02-16 09:30:00,2.8694,2.8724,2.8679,2.8709,2.8744,2.8774,2.8729,2.8759,22
2026-02-16 09:31:00,2.8714,2.8714,2.8684,2.8694,2.8764,2.8764,2.8734,2.8744,7
2026-02-16 09:32:00,2.8689,2.8704,2.8669,2.8699,2.8739,2.8754,2.8719,2.8749,21
2026-02-16 09:33:00,2.8704,2.8704,2.8679,2.8684,2.8754,2.8754,2.8729,2.8734,11
2026-02-16 09:34:00,2.8669,2.8669,2.8649,2.8649,2.8719,2.8719,2.8699,2.8699,13
2026-02-16 09:35:00,2.8639,2.8649,2.8624,2.8649,2.8689,2.8699,2.8674,2.8699,13
2026-02-16 09:36:00,2.8644,2.8659,2.8644,2.8654,2.8694,2.8709,2.8694,2.8704,7
2026-02-16 09:37:00,2.8659,2.8659,2.8639,2.8644,2.8709,2.8709,2.8689,2.8694,6
2026-02-16 09:38:00,2.8639,2.8639,2.8619,2.8619,2.8689,2.8689,2.8669,2.8669,18
2026-02-16 09:39:00,2.8629,2.8629,2.8619,2.8619,2.8679,2.8679,2.8669,2.8669,5
2026-02-16 09:40:00,2.8624,2.8624,2.8619,2.8624,2.8674,2.8674,2.8669,2.8674,5
2026-02-16 09:41:00,2.8619,2.8619,2.8614,2.8619,2.8669,2.8669,2.8664,2.8669,3
2026-02-16 09:43:00,2.8614,2.8619,2.8594,2.8594,2.8664,2.8669,2.8644,2.8644,10
2026-02-16 09:44:00,2.8599,2.8599,2.8599,2.8599,2.8649,2.8649,2.8649,2.8649,1
2026-02-16 09:45:00,2.8594,2.8594,2.8549,2.8589,2.8644,2.8644,2.8599,2.8639,15
2026-02-16 09:46:00,2.8594,2.8624,2.8594,2.8614,2.8644,2.8674,2.8644,2.8664,19
2026-02-16 09:47:00,2.8619,2.8619,2.8594,2.8619,2.8669,2.8669,2.8644,2.8669,10
2026-02-16 09:48:00,2.8609,2.8639,2.8609,2.8634,2.8659,2.8689,2.8659,2.8684,8
2026-02-16 09:50:00,2.8639,2.8669,2.8639,2.8659,2.8689,2.8719,2.8689,2.8709,8
2026-02-16 09:51:00,2.8649,2.8669,2.8649,2.8664,2.8699,2.8719,2.8699,2.8714,7
2026-02-16 09:52:00,2.8659,2.8659,2.8644,2.8644,2.8709,2.8709,2.8694,2.8694,3
2026-02-16 09:53:00,2.8639,2.8669,2.8629,2.8644,2.8689,2.8719,2.8679,2.8694,10
2026-02-16 09:54:00,2.8639,2.8659,2.8629,2.8659,2.8689,2.8709,2.8679,2.8709,13
2026-02-16 09:55:00,2.8649,2.8679,2.8644,2.8674,2.8699,2.8729,2.8694,2.8724,10
2026-02-16 09:56:00,2.8679,2.8684,2.8669,2.8679,2.8729,2.8734,2.8719,2.8729,8
2026-02-16 09:57:00,2.8664,2.8689,2.8664,2.8689,2.8714,2.8739,2.8714,2.8739,5
2026-02-16 09:58:00,2.8699,2.8699,2.8659,2.8664,2.8749,2.8749,2.8709,2.8714,8
2026-02-16 09:59:00,2.8659,2.8659,2.8639,2.8649,2.8709,2.8709,2.8689,2.8699,7
2026-02-16 10:00:00,2.8644,2.8644,2.8634,2.8644,2.8694,2.8694,2.8684,2.8694,4
2026-02-16 10:01:00,2.8639,2.8639,2.8619,2.8629,2.8689,2.8689,2.8669,2.8679,15
2026-02-16 10:02:00,2.8624,2.8629,2.8619,2.8624,2.8674,2.8679,2.8669,2.8674,7
2026-02-16 10:03:00,2.8629,2.8639,2.8619,2.8629,2.8679,2.8689,2.8669,2.8679,5
2026-02-16 10:04:00,2.8634,2.8634,2.8634,2.8634,2.8684,2.8684,2.8684,2.8684,1
2026-02-16 10:05:00,2.8639,2.8639,2.8634,2.8639,2.8689,2.8689,2.8684,2.8689,3
2026-02-16 10:06:00,2.8634,2.8664,2.8634,2.8654,2.8684,2.8714,2.8684,2.8704,8
2026-02-16 10:07:00,2.8649,2.8649,2.8639,2.8644,2.8699,2.8699,2.8689,2.8694,6
2026-02-16 10:08:00,2.8649,2.8659,2.8649,2.8659,2.8699,2.8709,2.8699,2.8709,4
2026-02-16 10:09:00,2.8664,2.8664,2.8634,2.8644,2.8714,2.8714,2.8684,2.8694,7
2026-02-16 10:10:00,2.8639,2.8639,2.8634,2.8639,2.8689,2.8689,2.8684,2.8689,5
2026-02-16 10:11:00,2.8634,2.8634,2.8624,2.8624,2.8684,2.8684,2.8674,2.8674,6
2026-02-16 10:12:00,2.8614,2.8614,2.8589,2.8609,2.8664,2.8664,2.8639,2.8659,9
2026-02-16 10:13:00,2.8604,2.8629,2.8604,2.8629,2.8654,2.8679,2.8654,2.8679,6
2026-02-16 10:14:00,2.8634,2.8639,2.8634,2.8634,2.8684,2.8689,2.8684,2.8684,3
2026-02-16 10:15:00,2.8639,2.8639,2.8634,2.8639,2.8689,2.8689,2.8684,2.8689,3
2026-02-16 10:17:00,2.8649,2.8659,2.8649,2.8654,2.8699,2.8709,2.8699,2.8704,3
2026-02-16 10:18:00,2.8659,2.8689,2.8659,2.8664,2.8709,2.8739,2.8709,2.8714,9
2026-02-16 10:19:00,2.8669,2.8669,2.8664,2.8669,2.8719,2.8719,2.8714,2.8719,5
2026-02-16 10:20:00,2.8674,2.8679,2.8654,2.8654,2.8724,2.8729,2.8704,2.8704,6
2026-02-16 10:21:00,2.8659,2.8659,2.8654,2.8654,2.8709,2.8709,2.8704,2.8704,2
2026-02-16 10:22:00,2.8659,2.8659,2.8659,2.8659,2.8709,2.8709,2.8709,2.8709,1
2026-02-16 10:23:00,2.8654,2.8654,2.8649,2.8649,2.8704,2.8704,2.8699,2.8699,2
2026-02-16 10:24:00,2.8654,2.8659,2.8649,2.8659,2.8704,2.8709,2.8699,2.8709,4
2026-02-16 10:25:00,2.8669,2.8669,2.8669,2.8669,2.8719,2.8719,2.8719,2.8719,1
2026-02-16 10:26:00,2.8664,2.8664,2.8664,2.8664,2.8714,2.8714,2.8714,2.8714,1
2026-02-16 10:27:00,2.8669,2.8669,2.8654,2.8654,2.8719,2.8719,2.8704,2.8704,7
2026-02-16 10:28:00,2.8649,2.8664,2.8649,2.8659,2.8699,2.8714,2.8699,2.8709,6
2026-02-16 10:29:00,2.8654,2.8679,2.8649,2.8669,2.8704,2.8729,2.8699,2.8719,8
2026-02-16 10:30:00,2.8664,2.8669,2.8629,2.8639,2.8714,2.8719,2.8679,2.8689,15
2026-02-16 10:31:00,2.8634,2.8634,2.8624,2.8634,2.8684,2.8684,2.8674,2.8684,9
2026-02-16 10:32:00,2.8629,2.8629,2.8629,2.8629,2.8679,2.8679,2.8679,2.8679,1
2026-02-16 10:33:00,2.8624,2.8624,2.8619,2.8624,2.8674,2.8674,2.8669,2.8674,3
2026-02-16 10:34:00,2.8619,2.8629,2.8619,2.8629,2.8669,2.8679,2.8669,2.8679,5
2026-02-16 10:35:00,2.8619,2.8619,2.8609,2.8614,2.8669,2.8669,2.8659,2.8664,3
2026-02-16 10:36:00,2.8609,2.8619,2.8604,2.8604,2.8659,2.8669,2.8654,2.8654,7
2026-02-16 10:37:00,2.8599,2.8599,2.8599,2.8599,2.8649,2.8649,2.8649,2.8649,1
2026-02-16 10:38:00,2.8589,2.8599,2.8589,2.8589,2.8639,2.8649,2.8639,2.8639,8
2026-02-16 10:39:00,2.8599,2.8599,2.8579,2.8579,2.8649,2.8649,2.8629,2.8629,6
2026-02-16 10:40:00,2.8589,2.8594,2.8579,2.8589,2.8639,2.8644,2.8629,2.8639,10
2026-02-16 10:41:00,2.8594,2.8599,2.8594,2.8599,2.8644,2.8649,2.8644,2.8649,4
2026-02-16 10:42:00,2.8604,2.8604,2.8589,2.8594,2.8654,2.8654,2.8639,2.8644,4
2026-02-16 10:43:00,2.8589,2.8589,2.8579,2.8584,2.8639,2.8639,2.8629,2.8634,5
2026-02-16 10:44:00,2.8589,2.8619,2.8589,2.8609,2.8639,2.8669,2.8639,2.8659,11
2026-02-16 10:45:00,2.8604,2.8619,2.8599,2.8614,2.8654,2.8669,2.8649,2.8664,10
2026-02-16 10:46:00,2.8609,2.8619,2.8604,2.8619,2.8659,2.8669,2.8654,2.8669,7
2026-02-16 10:47:00,2.8614,2.8639,2.8609,2.8629,2.8664,2.8689,2.8659,2.8679,8
2026-02-16 10:48:00,2.8624,2.8624,2.8614,2.8624,2.8674,2.8674,2.8664,2.8674,5
2026-02-16 10:49:00,2.8629,2.8639,2.8629,2.8629,2.8679,2.8689,2.8679,2.8679,4
2026-02-16 10:50:00,2.8624,2.8634,2.8624,2.8634,2.8674,2.8684,2.8674,2.8684,6
2026-02-16 10:51:00,2.8639,2.8639,2.8619,2.8629,2.8689,2.8689,2.8669,2.8679,8
2026-02-16 10:52:00,2.8634,2.8644,2.8629,2.8644,2.8684,2.8694,2.8679,2.8694,12
2026-02-16 10:53:00,2.8649,2.8649,2.8644,2.8644,2.8699,2.8699,2.8694,2.8694,2
2026-02-16 10:54:00,2.8649,2.8679,2.8644,2.8674,2.8699,2.8729,2.8694,2.8724,14
2026-02-16 10:55:00,2.8679,2.8679,2.8669,2.8669,2.8729,2.8729,2.8719,2.8719,3
2026-02-16 10:56:00,2.8659,2.8659,2.8634,2.8644,2.8709,2.8709,2.8684,2.8694,8
2026-02-16 10:57:00,2.8649,2.8659,2.8639,2.8654,2.8699,2.8709,2.8689,2.8704,6
2026-02-16 10:58:00,2.8659,2.8659,2.8649,2.8659,2.8709,2.8709,2.8699,2.8709,4
2026-02-16 10:59:00,2.8664,2.8664,2.8659,2.8659,2.8714,2.8714,2.8709,2.8709,2
2026-02-16 11:00:00,2.8649,2.8649,2.8599,2.8634,2.8699,2.8699,2.8649,2.8684,24
2026-02-16 11:01:00,2.8639,2.8654,2.8634,2.8644,2.8689,2.8704,2.8684,2.8694,8
2026-02-16 11:02:00,2.8649,2.8679,2.8644,2.8679,2.8699,2.8729,2.8694,2.8729,9
2026-02-16 11:03:00,2.8674,2.8689,2.8674,2.8689,2.8724,2.8739,2.8724,2.8739,9
2026-02-16 11:04:00,2.8684,2.8689,2.8684,2.8689,2.8734,2.8739,2.8734,2.8739,2
2026-02-16 11:05:00,2.8694,2.8749,2.8689,2.8729,2.8744,2.8799,2.8739,2.8779,17
2026-02-16 11:06:00,2.8734,2.8749,2.8719,2.8719,2.8784,2.8799,2.8769,2.8769,15
2026-02-16 11:07:00,2.8724,2.8734,2.8719,2.8729,2.8774,2.8784,2.8769,2.8779,12
2026-02-16 11:08:00,2.8734,2.8744,2.8734,2.8744,2.8784,2.8794,2.8784,2.8794,7
2026-02-16 11:09:00,2.8749,2.8749,2.8719,2.8719,2.8799,2.8799,2.8769,2.8769,8
2026-02-16 11:10:00,2.8729,2.8729,2.8724,2.8724,2.8779,2.8779,2.8774,2.8774,2
2026-02-16 11:11:00,2.8719,2.8739,2.8714,2.8739,2.8769,2.8789,2.8764,2.8789,7
2026-02-16 11:12:00,2.8749,2.8789,2.8739,2.8774,2.8799,2.8839,2.8789,2.8824,11
2026-02-16 11:13:00,2.8769,2.8769,2.8759,2.8759,2.8819,2.8819,2.8809,2.8809,7
2026-02-16 11:14:00,2.8764,2.8764,2.8759,2.8764,2.8814,2.8814,2.8809,2.8814,3
2026-02-16 11:15:00,2.8779,2.8799,2.8779,2.8799,2.8829,2.8849,2.8829,2.8849,8
2026-02-16 11:16:00,2.8794,2.8799,2.8789,2.8799,2.8844,2.8849,2.8839,2.8849,4
2026-02-16 11:17:00,2.8794,2.8799,2.8794,2.8794,2.8844,2.8849,2.8844,2.8844,3
2026-02-16 11:18:00,2.8799,2.8809,2.8779,2.8779,2.8849,2.8859,2.8829,2.8829,5
2026-02-16 11:20:00,2.8789,2.8789,2.8739,2.8749,2.8839,2.8839,2.8789,2.8799,8
2026-02-16 11:21:00,2.8744,2.8749,2.8739,2.8749,2.8794,2.8799,2.8789,2.8799,5
2026-02-16 11:22:00,2.8754,2.8759,2.8754,2.8759,2.8804,2.8809,2.8804,2.8809,2
2026-02-16 11:23:00,2.8769,2.8784,2.8769,2.8784,2.8819,2.8834,2.8819,2.8834,6
2026-02-16 11:24:00,2.8789,2.8789,2.8769,2.8774,2.8839,2.8839,2.8819,2.8824,6
2026-02-16 11:25:00,2.8779,2.8779,2.8759,2.8759,2.8829,2.8829,2.8809,2.8809,3
2026-02-16 11:26:00,2.8764,2.8779,2.8759,2.8769,2.8814,2.8829,2.8809,2.8819,5
2026-02-16 11:27:00,2.8759,2.8779,2.8759,2.8779,2.8809,2.8829,2.8809,2.8829,4
2026-02-16 11:30:00,2.8784,2.8789,2.8784,2.8789,2.8834,2.8839,2.8834,2.8839,2
2026-02-16 11:31:00,2.8794,2.8799,2.8734,2.8734,2.8844,2.8849,2.8784,2.8784,21
2026-02-16 11:32:00,2.8739,2.8739,2.8704,2.8719,2.8789,2.8789,2.8754,2.8769,12
2026-02-16 11:33:00,2.8724,2.8729,2.8724,2.8729,2.8774,2.8779,2.8774,2.8779,2
2026-02-16 11:35:00,2.8739,2.8739,2.8729,2.8734,2.8789,2.8789,2.8779,2.8784,4
2026-02-16 11:36:00,2.8739,2.8744,2.8734,2.8744,2.8789,2.8794,2.8784,2.8794,4
2026-02-16 11:37:00,2.8739,2.8769,2.8739,2.8749,2.8789,2.8819,2.8789,2.8799,9
2026-02-16 11:38:00,2.8734,2.8734,2.8734,2.8734,2.8784,2.8784,2.8784,2.8784,1
2026-02-16 11:39:00,2.8739,2.8744,2.8729,2.8729,2.8789,2.8794,2.8779,2.8779,5
2026-02-16 11:40:00,2.8734,2.8749,2.8714,2.8749,2.8784,2.8799,2.8764,2.8799,8
2026-02-16 11:41:00,2.8754,2.8754,2.8754,2.8754,2.8804,2.8804,2.8804,2.8804,1
2026-02-16 11:42:00,2.8749,2.8779,2.8749,2.8779,2.8799,2.8829,2.8799,2.8829,8
2026-02-16 11:43:00,2.8774,2.8774,2.8774,2.8774,2.8824,2.8824,2.8824,2.8824,1
2026-02-16 11:44:00,2.8769,2.8784,2.8769,2.8784,2.8819,2.8834,2.8819,2.8834,3
2026-02-16 11:45:00,2.8779,2.8789,2.8769,2.8769,2.8829,2.8839,2.8819,2.8819,9
2026-02-16 11:46:00,2.8774,2.8799,2.8769,2.8799,2.8824,2.8849,2.8819,2.8849,9
2026-02-16 11:47:00,2.8794,2.8794,2.8794,2.8794,2.8844,2.8844,2.8844,2.8844,1
2026-02-16 11:48:00,2.8789,2.8799,2.8779,2.8784,2.8839,2.8849,2.8829,2.8834,9
2026-02-16 11:49:00,2.8789,2.8809,2.8789,2.8804,2.8839,2.8859,2.8839,2.8854,5
2026-02-16 11:50:00,2.8814,2.8824,2.8779,2.8779,2.8864,2.8874,2.8829,2.8829,11
2026-02-16 11:51:00,2.8789,2.8799,2.8789,2.8799,2.8839,2.8849,2.8839,2.8849,4
2026-02-16 11:52:00,2.8794,2.8794,2.8754,2.8764,2.8844,2.8844,2.8804,2.8814,9
2026-02-16 11:53:00,2.8759,2.8764,2.8749,2.8749,2.8809,2.8814,2.8799,2.8799,9
2026-02-16 11:54:00,2.8754,2.8754,2.8754,2.8754,2.8804,2.8804,2.8804,2.8804,1
2026-02-16 11:55:00,2.8759,2.8769,2.8754,2.8764,2.8809,2.8819,2.8804,2.8814,6
2026-02-16 11:56:00,2.8754,2.8779,2.8754,2.8774,2.8804,2.8829,2.8804,2.8824,6
2026-02-16 11:57:00,2.8779,2.8839,2.8774,2.8834,2.8829,2.8889,2.8824,2.8884,22
2026-02-16 11:58:00,2.8824,2.8829,2.8809,2.8824,2.8874,2.8879,2.8859,2.8874,13
2026-02-16 11:59:00,2.8829,2.8859,2.8824,2.8839,2.8879,2.8909,2.8874,2.8889,11
2026-02-16 12:00:00,2.8834,2.8834,2.8824,2.8824,2.8884,2.8884,2.8874,2.8874,5
2026-02-16 12:01:00,2.8819,2.8819,2.8804,2.8804,2.8869,2.8869,2.8854,2.8854,5
2026-02-16 12:02:00,2.8799,2.8809,2.8759,2.8764,2.8849,2.8859,2.8809,2.8814,10
2026-02-16 12:03:00,2.8759,2.8769,2.8759,2.8769,2.8809,2.8819,2.8809,2.8819,2
2026-02-16 12:04:00,2.8764,2.8769,2.8759,2.8764,2.8814,2.8819,2.8809,2.8814,7
2026-02-16 12:05:00,2.8774,2.8774,2.8719,2.8734,2.8824,2.8824,2.8769,2.8784,10
2026-02-16 12:06:00,2.8729,2.8734,2.8719,2.8734,2.8779,2.8784,2.8769,2.8784,5
2026-02-16 12:07:00,2.8729,2.8729,2.8709,2.8709,2.8779,2.8779,2.8759,2.8759,6
2026-02-16 12:08:00,2.8714,2.8719,2.8714,2.8719,2.8764,2.8769,2.8764,2.8769,2
2026-02-16 12:09:00,2.8729,2.8729,2.8684,2.8694,2.8779,2.8779,2.8734,2.8744,12
2026-02-16 12:10:00,2.8699,2.8719,2.8659,2.8719,2.8749,2.8769,2.8709,2.8769,15
2026-02-16 12:11:00,2.8724,2.8739,2.8719,2.8729,2.8774,2.8789,2.8769,2.8779,7
2026-02-16 12:12:00,2.8724,2.8744,2.8714,2.8744,2.8774,2.8794,2.8764,2.8794,11
2026-02-16 12:13:00,2.8749,2.8769,2.8734,2.8744,2.8799,2.8819,2.8784,2.8794,13
2026-02-16 12:14:00,2.8729,2.8729,2.8719,2.8724,2.8779,2.8779,2.8769,2.8774,3
2026-02-16 12:15:00,2.8719,2.8734,2.8714,2.8734,2.8769,2.8784,2.8764,2.8784,5
2026-02-16 12:16:00,2.8729,2.8729,2.8714,2.8724,2.8779,2.8779,2.8764,2.8774,4
2026-02-16 12:17:00,2.8719,2.8729,2.8699,2.8714,2.8769,2.8779,2.8749,2.8764,14
2026-02-16 12:18:00,2.8719,2.8719,2.8674,2.8674,2.8769,2.8769,2.8724,2.8724,11
2026-02-16 12:19:00,2.8669,2.8679,2.8664,2.8664,2.8719,2.8729,2.8714,2.8714,7
2026-02-16 12:20:00,2.8659,2.8679,2.8654,2.8669,2.8709,2.8729,2.8704,2.8719,11
2026-02-16 12:21:00,2.8664,2.8679,2.8659,2.8664,2.8714,2.8729,2.8709,2.8714,8
2026-02-16 12:23:00,2.8669,2.8674,2.8664,2.8669,2.8719,2.8724,2.8714,2.8719,4
2026-02-16 12:24:00,2.8674,2.8699,2.8674,2.8674,2.8724,2.8749,2.8724,2.8724,11
2026-02-16 12:25:00,2.8654,2.8659,2.8644,2.8654,2.8704,2.8709,2.8694,2.8704,6
2026-02-16 12:26:00,2.8659,2.8664,2.8659,2.8664,2.8709,2.8714,2.8709,2.8714,2
2026-02-16 12:27:00,2.8659,2.8659,2.8619,2.8624,2.8709,2.8709,2.8669,2.8674,11
2026-02-16 12:28:00,2.8629,2.8674,2.8624,2.8659,2.8679,2.8724,2.8674,2.8709,19
2026-02-16 12:29:00,2.8654,2.8654,2.8629,2.8634,2.8704,2.8704,2.8679,2.8684,5
2026-02-16 12:30:00,2.8639,2.8649,2.8624,2.8634,2.8689,2.8699,2.8674,2.8684,7
2026-02-16 12:31:00,2.8624,2.8624,2.8624,2.8624,2.8674,2.8674,2.8674,2.8674,1
2026-02-16 12:32:00,2.8604,2.8624,2.8604,2.8614,2.8654,2.8674,2.8654,2.8664,7
2026-02-16 12:33:00,2.8609,2.8659,2.8609,2.8644,2.8659,2.8709,2.8659,2.8694,12
2026-02-16 12:34:00,2.8639,2.8639,2.8624,2.8624,2.8689,2.8689,2.8674,2.8674,3
2026-02-16 12:35:00,2.8614,2.8624,2.8609,2.8614,2.8664,2.8674,2.8659,2.8664,9
2026-02-16 12:36:00,2.8609,2.8644,2.8609,2.8634,2.8659,2.8694,2.8659,2.8684,5
2026-02-16 12:37:00,2.8624,2.8644,2.8624,2.8644,2.8674,2.8694,2.8674,2.8694,3
2026-02-16 12:38:00,2.8619,2.8674,2.8609,2.8664,2.8669,2.8724,2.8659,2.8714,13
2026-02-16 12:39:00,2.8669,2.8679,2.8664,2.8664,2.8719,2.8729,2.8714,2.8714,5
2026-02-16 12:40:00,2.8669,2.8674,2.8654,2.8654,2.8719,2.8724,2.8704,2.8704,12
2026-02-16 12:41:00,2.8659,2.8684,2.8659,2.8674,2.8709,2.8734,2.8709,2.8724,9
2026-02-16 12:42:00,2.8679,2.8689,2.8659,2.8679,2.8729,2.8739,2.8709,2.8729,16
2026-02-16 12:43:00,2.8674,2.8689,2.8669,2.8679,2.8724,2.8739,2.8719,2.8729,7
2026-02-16 12:44:00,2.8674,2.8674,2.8674,2.8674,2.8724,2.8724,2.8724,2.8724,1
2026-02-16 12:45:00,2.8679,2.8679,2.8654,2.8669,2.8729,2.8729,2.8704,2.8719,7
2026-02-16 12:46:00,2.8664,2.8669,2.8664,2.8664,2.8714,2.8719,2.8714,2.8714,3
2026-02-16 12:47:00,2.8659,2.8684,2.8659,2.8684,2.8709,2.8734,2.8709,2.8734,7
2026-02-16 12:48:00,2.8699,2.8739,2.8699,2.8739,2.8749,2.8789,2.8749,2.8789,6
2026-02-16 12:49:00,2.8734,2.8734,2.8719,2.8734,2.8784,2.8784,2.8769,2.8784,8
2026-02-16 12:50:00,2.8729,2.8754,2.8729,2.8749,2.8779,2.8804,2.8779,2.8799,14
2026-02-16 12:51:00,2.8754,2.8759,2.8734,2.8739,2.8804,2.8809,2.8784,2.8789,5
2026-02-16 12:52:00,2.8734,2.8734,2.8709,2.8719,2.8784,2.8784,2.8759,2.8769,7
2026-02-16 12:53:00,2.8709,2.8709,2.8699,2.8709,2.8759,2.8759,2.8749,2.8759,4
2026-02-16 12:54:00,2.8714,2.8714,2.8704,2.8704,2.8764,2.8764,2.8754,2.8754,4
2026-02-16 12:55:00,2.8709,2.8709,2.8704,2.8704,2.8759,2.8759,2.8754,2.8754,2
2026-02-16 12:56:00,2.8699,2.8704,2.8679,2.8684,2.8749,2.8754,2.8729,2.8734,4
2026-02-16 12:57:00,2.8689,2.8709,2.8689,2.8704,2.8739,2.8759,2.8739,2.8754,5
2026-02-16 12:58:00,2.8699,2.8699,2.8689,2.8694,2.8749,2.8749,2.8739,2.8744,3
2026-02-16 12:59:00,2.8684,2.8684,2.8659,2.8664,2.8734,2.8734,2.8709,2.8714,8
2026-02-16 13:00:00,2.8669,2.8764,2.8669,2.8754,2.8719,2.8814,2.8719,2.8804,19
2026-02-16 13:01:00,2.8759,2.8759,2.8759,2.8759,2.8809,2.8809,2.8809,2.8809,1
2026-02-16 13:02:00,2.8764,2.8769,2.8749,2.8749,2.8814,2.8819,2.8799,2.8799,5
2026-02-16 13:03:00,2.8754,2.8759,2.8739,2.8739,2.8804,2.8809,2.8789,2.8789,7
2026-02-16 13:04:00,2.8744,2.8744,2.8719,2.8724,2.8794,2.8794,2.8769,2.8774,7
2026-02-16 13:05:00,2.8734,2.8779,2.8734,2.8774,2.8784,2.8829,2.8784,2.8824,10
2026-02-16 13:06:00,2.8769,2.8769,2.8759,2.8764,2.8819,2.8819,2.8809,2.8814,4
2026-02-16 13:07:00,2.8759,2.8784,2.8759,2.8774,2.8809,2.8834,2.8809,2.8824,5
2026-02-16 13:08:00,2.8779,2.8779,2.8774,2.8774,2.8829,2.8829,2.8824,2.8824,2
2026-02-16 13:09:00,2.8769,2.8769,2.8709,2.8714,2.8819,2.8819,2.8759,2.8764,9
2026-02-16 13:10:00,2.8709,2.8709,2.8644,2.8654,2.8759,2.8759,2.8694,2.8704,12
2026-02-16 13:11:00,2.8649,2.8664,2.8629,2.8634,2.8699,2.8714,2.8679,2.8684,12
2026-02-16 13:12:00,2.8629,2.8659,2.8624,2.8649,2.8679,2.8709,2.8674,2.8699,9
2026-02-16 13:13:00,2.8654,2.8669,2.8634,2.8659,2.8704,2.8719,2.8684,2.8709,14
2026-02-16 13:14:00,2.8664,2.8664,2.8609,2.8614,2.8714,2.8714,2.8659,2.8664,13
2026-02-16 13:15:00,2.8619,2.8654,2.8614,2.8619,2.8669,2.8704,2.8664,2.8669,12
2026-02-16 13:16:00,2.8629,2.8659,2.8624,2.8639,2.8679,2.8709,2.8674,2.8689,9
2026-02-16 13:17:00,2.8634,2.8649,2.8634,2.8639,2.8684,2.8699,2.8684,2.8689,5
2026-02-16 13:18:00,2.8644,2.8759,2.8644,2.8759,2.8694,2.8809,2.8694,2.8809,24
2026-02-16 13:19:00,2.8754,2.8764,2.8744,2.8764,2.8804,2.8814,2.8794,2.8814,8
2026-02-16 13:20:00,2.8754,2.8754,2.8714,2.8714,2.8804,2.8804,2.8764,2.8764,13
2026-02-16 13:21:00,2.8719,2.8734,2.8704,2.8704,2.8769,2.8784,2.8754,2.8754,10
2026-02-16 13:22:00,2.8699,2.8699,2.8659,2.8674,2.8749,2.8749,2.8709,2.8724,15
2026-02-16 13:23:00,2.8669,2.8669,2.8534,2.8604,2.8719,2.8719,2.8584,2.8654,40
2026-02-16 13:24:00,2.8589,2.8589,2.8539,2.8564,2.8639,2.8639,2.8589,2.8614,21
2026-02-16 13:25:00,2.8569,2.8579,2.8559,2.8559,2.8619,2.8629,2.8609,2.8609,5
2026-02-16 13:26:00,2.8564,2.8619,2.8564,2.8594,2.8614,2.8669,2.8614,2.8644,11
2026-02-16 13:27:00,2.8599,2.8599,2.8594,2.8599,2.8649,2.8649,2.8644,2.8649,3
2026-02-16 13:28:00,2.8604,2.8604,2.8599,2.8599,2.8654,2.8654,2.8649,2.8649,2
2026-02-16 13:29:00,2.8604,2.8619,2.8599,2.8614,2.8654,2.8669,2.8649,2.8664,6
2026-02-16 13:30:00,2.8609,2.8614,2.8599,2.8614,2.8659,2.8664,2.8649,2.8664,6
2026-02-16 13:31:00,2.8609,2.8609,2.8589,2.8604,2.8659,2.8659,2.8639,2.8654,5
2026-02-16 13:32:00,2.8609,2.8649,2.8594,2.8644,2.8659,2.8699,2.8644,2.8694,18
2026-02-16 13:33:00,2.8649,2.8664,2.8644,2.8659,2.8699,2.8714,2.8694,2.8709,12
2026-02-16 13:34:00,2.8664,2.8689,2.8659,2.8689,2.8714,2.8739,2.8709,2.8739,6
2026-02-16 13:35:00,2.8684,2.8689,2.8619,2.8659,2.8734,2.8739,2.8669,2.8709,24
2026-02-16 13:36:00,2.8664,2.8724,2.8664,2.8709,2.8714,2.8774,2.8714,2.8759,14
2026-02-16 13:37:00,2.8719,2.8724,2.8709,2.8714,2.8769,2.8774,2.8759,2.8764,7
2026-02-16 13:38:00,2.8719,2.8729,2.8719,2.8719,2.8769,2.8779,2.8769,2.8769,4
2026-02-16 13:39:00,2.8714,2.8749,2.8714,2.8719,2.8764,2.8799,2.8764,2.8769,25
2026-02-16 13:40:00,2.8714,2.8714,2.8654,2.8674,2.8764,2.8764,2.8704,2.8724,16
2026-02-16 13:41:00,2.8669,2.8689,2.8664,2.8689,2.8719,2.8739,2.8714,2.8739,7
2026-02-16 13:42:00,2.8684,2.8684,2.8654,2.8669,2.8734,2.8734,2.8704,2.8719,8
2026-02-16 13:43:00,2.8664,2.8684,2.8664,2.8674,2.8714,2.8734,2.8714,2.8724,7
2026-02-16 13:44:00,2.8669,2.8669,2.8564,2.8589,2.8719,2.8719,2.8614,2.8639,27
2026-02-16 13:45:00,2.8594,2.8644,2.8584,2.8634,2.8644,2.8694,2.8634,2.8684,26
2026-02-16 13:46:00,2.8649,2.8679,2.8634,2.8654,2.8699,2.8729,2.8684,2.8704,14
2026-02-16 13:47:00,2.8659,2.8679,2.8659,2.8679,2.8709,2.8729,2.8709,2.8729,4
2026-02-16 13:48:00,2.8674,2.8684,2.8674,2.8684,2.8724,2.8734,2.8724,2.8734,3
2026-02-16 13:49:00,2.8689,2.8709,2.8669,2.8704,2.8739,2.8759,2.8719,2.8754,21
2026-02-16 13:50:00,2.8719,2.8754,2.8719,2.8754,2.8769,2.8804,2.8769,2.8804,19
2026-02-16 13:51:00,2.8749,2.8764,2.8719,2.8724,2.8799,2.8814,2.8769,2.8774,14
2026-02-16 13:52:00,2.8719,2.8859,2.8704,2.8819,2.8769,2.8909,2.8754,2.8869,45
2026-02-16 13:53:00,2.8814,2.8839,2.8774,2.8794,2.8864,2.8889,2.8824,2.8844,19
2026-02-16 13:54:00,2.8809,2.8809,2.8804,2.8809,2.8859,2.8859,2.8854,2.8859,3
2026-02-16 13:55:00,2.8814,2.8829,2.8794,2.8799,2.8864,2.8879,2.8844,2.8849,13
2026-02-16 13:56:00,2.8794,2.8804,2.8794,2.8804,2.8844,2.8854,2.8844,2.8854,3
2026-02-16 13:57:00,2.8794,2.8799,2.8789,2.8794,2.8844,2.8849,2.8839,2.8844,6
2026-02-16 13:58:00,2.8789,2.8814,2.8739,2.8784,2.8839,2.8864,2.8789,2.8834,15
2026-02-16 13:59:00,2.8794,2.8794,2.8779,2.8789,2.8844,2.8844,2.8829,2.8839,7
2026-02-16 14:00:00,2.8794,2.8839,2.8759,2.8759,2.8844,2.8889,2.8809,2.8809,26
2026-02-16 14:01:00,2.8764,2.8764,2.8749,2.8754,2.8814,2.8814,2.8799,2.8804,5
2026-02-16 14:02:00,2.8764,2.8809,2.8764,2.8779,2.8814,2.8859,2.8814,2.8829,21
2026-02-16 14:03:00,2.8789,2.8839,2.8789,2.8794,2.8839,2.8889,2.8839,2.8844,23
2026-02-16 14:04:00,2.8804,2.8809,2.8784,2.8784,2.8854,2.8859,2.8834,2.8834,15
2026-02-16 14:05:00,2.8789,2.8789,2.8779,2.8789,2.8839,2.8839,2.8829,2.8839,3
2026-02-16 14:06:00,2.8799,2.8814,2.8789,2.8789,2.8849,2.8864,2.8839,2.8839,12
2026-02-16 14:07:00,2.8799,2.8804,2.8799,2.8804,2.8849,2.8854,2.8849,2.8854,2
2026-02-16 14:08:00,2.8809,2.8819,2.8804,2.8819,2.8859,2.8869,2.8854,2.8869,9
2026-02-16 14:09:00,2.8829,2.8859,2.8779,2.8809,2.8879,2.8909,2.8829,2.8859,18
2026-02-16 14:10:00,2.8804,2.8819,2.8784,2.8784,2.8854,2.8869,2.8834,2.8834,24
2026-02-16 14:11:00,2.8794,2.8904,2.8794,2.8864,2.8844,2.8954,2.8844,2.8914,54
2026-02-16 14:12:00,2.8869,2.8894,2.8869,2.8874,2.8919,2.8944,2.8919,2.8924,8
2026-02-16 14:13:00,2.8869,2.8879,2.8844,2.8854,2.8919,2.8929,2.8894,2.8904,12
2026-02-16 14:14:00,2.8849,2.8919,2.8849,2.8869,2.8899,2.8969,2.8899,2.8919,34
2026-02-16 14:15:00,2.8874,2.8884,2.8859,2.8869,2.8924,2.8934,2.8909,2.8919,11
2026-02-16 14:16:00,2.8879,2.8879,2.8859,2.8869,2.8929,2.8929,2.8909,2.8919,9
2026-02-16 14:17:00,2.8874,2.8879,2.8859,2.8869,2.8924,2.8929,2.8909,2.8919,7
2026-02-16 14:18:00,2.8874,2.8899,2.8869,2.8889,2.8924,2.8949,2.8919,2.8939,12
2026-02-16 14:19:00,2.8884,2.8889,2.8859,2.8859,2.8934,2.8939,2.8909,2.8909,12
2026-02-16 14:20:00,2.8869,2.8869,2.8849,2.8859,2.8919,2.8919,2.8899,2.8909,9
2026-02-16 14:21:00,2.8864,2.8869,2.8849,2.8849,2.8914,2.8919,2.8899,2.8899,9
2026-02-16 14:22:00,2.8854,2.8889,2.8849,2.8879,2.8904,2.8939,2.8899,2.8929,18
2026-02-16 14:23:00,2.8874,2.8889,2.8874,2.8889,2.8924,2.8939,2.8924,2.8939,9
2026-02-16 14:24:00,2.8894,2.9034,2.8894,2.9019,2.8944,2.9084,2.8944,2.9069,50
2026-02-16 14:25:00,2.9014,2.9019,2.8964,2.8974,2.9064,2.9069,2.9014,2.9024,34
2026-02-16 14:26:00,2.8969,2.8969,2.8919,2.8949,2.9019,2.9019,2.8969,2.8999,29
2026-02-16 14:27:00,2.8954,2.8954,2.8919,2.8949,2.9004,2.9004,2.8969,2.8999,18
2026-02-16 14:28:00,2.8944,2.8979,2.8944,2.8974,2.8994,2.9029,2.8994,2.9024,8
2026-02-16 14:29:00,2.8979,2.8999,2.8969,2.8984,2.9029,2.9049,2.9019,2.9034,22
2026-02-16 14:30:00,2.8989,2.8989,2.8929,2.8969,2.9039,2.9039,2.8979,2.9019,15
2026-02-16 14:31:00,2.8979,2.8979,2.8929,2.8944,2.9029,2.9029,2.8979,2.8994,10
2026-02-16 14:32:00,2.8949,2.8959,2.8934,2.8949,2.8999,2.9009,2.8984,2.8999,7
2026-02-16 14:33:00,2.8939,2.8939,2.8889,2.8914,2.8989,2.8989,2.8939,2.8964,10
2026-02-16 14:34:00,2.8919,2.8929,2.8899,2.8909,2.8969,2.8979,2.8949,2.8959,9
2026-02-16 14:35:00,2.8914,2.8914,2.8839,2.8844,2.8964,2.8964,2.8889,2.8894,19
2026-02-16 14:36:00,2.8839,2.8854,2.8809,2.8814,2.8889,2.8904,2.8859,2.8864,25
2026-02-16 14:37:00,2.8819,2.8829,2.8819,2.8824,2.8869,2.8879,2.8869,2.8874,5
2026-02-16 14:38:00,2.8819,2.8834,2.8789,2.8809,2.8869,2.8884,2.8839,2.8859,20
2026-02-16 14:39:00,2.8814,2.8819,2.8809,2.8814,2.8864,2.8869,2.8859,2.8864,7
2026-02-16 14:40:00,2.8824,2.8859,2.8824,2.8844,2.8874,2.8909,2.8874,2.8894,17
2026-02-16 14:41:00,2.8839,2.8874,2.8789,2.8864,2.8889,2.8924,2.8839,2.8914,22
2026-02-16 14:42:00,2.8859,2.8869,2.8844,2.8844,2.8909,2.8919,2.8894,2.8894,7
2026-02-16 14:43:00,2.8849,2.8859,2.8844,2.8844,2.8899,2.8909,2.8894,2.8894,9
2026-02-16 14:44:00,2.8839,2.8874,2.8839,2.8864,2.8889,2.8924,2.8889,2.8914,14
2026-02-16 14:45:00,2.8869,2.8879,2.8844,2.8844,2.8919,2.8929,2.8894,2.8894,12
2026-02-16 14:47:00,2.8834,2.8834,2.8814,2.8824,2.8884,2.8884,2.8864,2.8874,7
2026-02-16 14:48:00,2.8839,2.8889,2.8839,2.8864,2.8889,2.8939,2.8889,2.8914,20
2026-02-16 14:49:00,2.8869,2.8909,2.8869,2.8869,2.8919,2.8959,2.8919,2.8919,24
2026-02-16 14:50:00,2.8864,2.8929,2.8864,2.8914,2.8914,2.8979,2.8914,2.8964,19
2026-02-16 14:51:00,2.8909,2.8939,2.8899,2.8924,2.8959,2.8989,2.8949,2.8974,19
2026-02-16 14:52:00,2.8929,2.8929,2.8879,2.8924,2.8979,2.8979,2.8929,2.8974,20
2026-02-16 14:53:00,2.8919,2.8924,2.8899,2.8904,2.8969,2.8974,2.8949,2.8954,10
2026-02-16 14:54:00,2.8894,2.8914,2.8889,2.8904,2.8944,2.8964,2.8939,2.8954,11
2026-02-16 14:55:00,2.8909,2.8924,2.8869,2.8904,2.8959,2.8974,2.8919,2.8954,25
2026-02-16 14:56:00,2.8894,2.8909,2.8869,2.8904,2.8944,2.8959,2.8919,2.8954,18
2026-02-16 14:57:00,2.8899,2.9004,2.8884,2.8994,2.8949,2.9054,2.8934,2.9044,28
2026-02-16 14:58:00,2.8999,2.8999,2.8969,2.8989,2.9049,2.9049,2.9019,2.9039,22
2026-02-16 14:59:00,2.8984,2.9004,2.8974,2.9004,2.9034,2.9054,2.9024,2.9054,15
2026-02-16 15:00:00,2.8999,2.9069,2.8979,2.9044,2.9049,2.9119,2.9029,2.9094,55
2026-02-16 15:01:00,2.9039,2.9049,2.9009,2.9049,2.9089,2.9099,2.9059,2.9099,32
2026-02-16 15:02:00,2.9039,2.9054,2.9019,2.9054,2.9089,2.9104,2.9069,2.9104,18
2026-02-16 15:03:00,2.9059,2.9149,2.9059,2.9089,2.9109,2.9199,2.9109,2.9139,45
2026-02-16 15:04:00,2.9084,2.9099,2.9069,2.9084,2.9134,2.9149,2.9119,2.9134,23
2026-02-16 15:05:00,2.9079,2.9089,2.9069,2.9089,2.9129,2.9139,2.9119,2.9139,13
2026-02-16 15:06:00,2.9084,2.9109,2.9079,2.9084,2.9134,2.9159,2.9129,2.9134,16
2026-02-16 15:07:00,2.9079,2.9084,2.9039,2.9039,2.9129,2.9134,2.9089,2.9089,14
2026-02-16 15:08:00,2.9044,2.9044,2.8999,2.9029,2.9094,2.9094,2.9049,2.9079,26
2026-02-16 15:09:00,2.9034,2.9044,2.8999,2.9019,2.9084,2.9094,2.9049,2.9069,22
2026-02-16 15:10:00,2.9014,2.9054,2.8999,2.9044,2.9064,2.9104,2.9049,2.9094,29
2026-02-16 15:11:00,2.9039,2.9059,2.9004,2.9059,2.9089,2.9109,2.9054,2.9109,24
2026-02-16 15:12:00,2.9064,2.9069,2.9059,2.9059,2.9114,2.9119,2.9109,2.9109,8
2026-02-16 15:13:00,2.9064,2.9074,2.9059,2.9069,2.9114,2.9124,2.9109,2.9119,8
2026-02-16 15:14:00,2.9064,2.9099,2.9049,2.9094,2.9114,2.9149,2.9099,2.9144,22
2026-02-16 15:15:00,2.9084,2.9144,2.9079,2.9139,2.9134,2.9194,2.9129,2.9189,23
2026-02-16 15:16:00,2.9129,2.9129,2.9099,2.9099,2.9179,2.9179,2.9149,2.9149,14
2026-02-16 15:17:00,2.9094,2.9129,2.9094,2.9129,2.9144,2.9179,2.9144,2.9179,12
2026-02-16 15:18:00,2.9124,2.9139,2.9079,2.9119,2.9174,2.9189,2.9129,2.9169,23
2026-02-16 15:19:00,2.9129,2.9139,2.9119,2.9124,2.9179,2.9189,2.9169,2.9174,11
2026-02-16 15:20:00,2.9129,2.9149,2.9109,2.9124,2.9179,2.9199,2.9159,2.9174,17
2026-02-16 15:21:00,2.9129,2.9139,2.9099,2.9104,2.9179,2.9189,2.9149,2.9154,27
2026-02-16 15:22:00,2.9109,2.9119,2.9099,2.9119,2.9159,2.9169,2.9149,2.9169,7
2026-02-16 15:23:00,2.9124,2.9129,2.9119,2.9119,2.9174,2.9179,2.9169,2.9169,8
2026-02-16 15:24:00,2.9109,2.9179,2.9109,2.9169,2.9159,2.9229,2.9159,2.9219,13
2026-02-16 15:25:00,2.9164,2.9179,2.9139,2.9149,2.9214,2.9229,2.9189,2.9199,19
2026-02-16 15:26:00,2.9144,2.9149,2.9144,2.9149,2.9194,2.9199,2.9194,2.9199,4
2026-02-16 15:27:00,2.9144,2.9149,2.9119,2.9124,2.9194,2.9199,2.9169,2.9174,18
2026-02-16 15:28:00,2.9129,2.9129,2.9079,2.9109,2.9179,2.9179,2.9129,2.9159,28
2026-02-16 15:29:00,2.9099,2.9114,2.9094,2.9109,2.9149,2.9164,2.9144,2.9159,14
2026-02-16 15:30:00,2.9114,2.9129,2.9114,2.9119,2.9164,2.9179,2.9164,2.9169,12
2026-02-16 15:31:00,2.9114,2.9114,2.9069,2.9089,2.9164,2.9164,2.9119,2.9139,22
2026-02-16 15:32:00,2.9084,2.9109,2.9084,2.9099,2.9134,2.9159,2.9134,2.9149,9
2026-02-16 15:33:00,2.9094,2.9119,2.9079,2.9119,2.9144,2.9169,2.9129,2.9169,13
2026-02-16 15:34:00,2.9124,2.9149,2.9119,2.9149,2.9174,2.9199,2.9169,2.9199,15
2026-02-16 15:35:00,2.9154,2.9209,2.9154,2.9194,2.9204,2.9259,2.9204,2.9244,32
2026-02-16 15:36:00,2.9189,2.9194,2.9174,2.9189,2.9239,2.9244,2.9224,2.9239,18
2026-02-16 15:37:00,2.9184,2.9189,2.9179,2.9179,2.9234,2.9239,2.9229,2.9229,9
2026-02-16 15:38:00,2.9184,2.9204,2.9169,2.9169,2.9234,2.9254,2.9219,2.9219,23
2026-02-16 15:39:00,2.9164,2.9164,2.9149,2.9164,2.9214,2.9214,2.9199,2.9214,13
2026-02-16 15:40:00,2.9169,2.9179,2.9149,2.9149,2.9219,2.9229,2.9199,2.9199,22
2026-02-16 15:41:00,2.9154,2.9164,2.9134,2.9134,2.9204,2.9214,2.9184,2.9184,26
2026-02-16 15:42:00,2.9139,2.9144,2.9124,2.9129,2.9189,2.9194,2.9174,2.9179,13
2026-02-16 15:43:00,2.9124,2.9149,2.9104,2.9134,2.9174,2.9199,2.9154,2.9184,27
2026-02-16 15:44:00,2.9139,2.9144,2.9124,2.9139,2.9189,2.9194,2.9174,2.9189,9
2026-02-16 15:45:00,2.9144,2.9144,2.9089,2.9109,2.9194,2.9194,2.9139,2.9159,22
2026-02-16 15:46:00,2.9099,2.9124,2.9099,2.9114,2.9149,2.9174,2.9149,2.9164,14
2026-02-16 15:47:00,2.9119,2.9119,2.9114,2.9119,2.9169,2.9169,2.9164,2.9169,3
2026-02-16 15:48:00,2.9129,2.9149,2.9109,2.9144,2.9179,2.9199,2.9159,2.9194,25
2026-02-16 15:49:00,2.9149,2.9194,2.9149,2.9184,2.9199,2.9244,2.9199,2.9234,17
2026-02-16 15:50:00,2.9179,2.9204,2.9179,2.9189,2.9229,2.9254,2.9229,2.9239,13
2026-02-16 15:51:00,2.9194,2.9199,2.9184,2.9184,2.9244,2.9249,2.9234,2.9234,9
2026-02-16 15:52:00,2.9179,2.9189,2.9169,2.9169,2.9229,2.9239,2.9219,2.9219,6
2026-02-16 15:53:00,2.9159,2.9164,2.9139,2.9154,2.9209,2.9214,2.9189,2.9204,11
2026-02-16 15:54:00,2.9164,2.9179,2.9154,2.9174,2.9214,2.9229,2.9204,2.9224,13
2026-02-16 15:55:00,2.9164,2.9179,2.9134,2.9139,2.9214,2.9229,2.9184,2.9189,16
2026-02-16 15:56:00,2.9144,2.9144,2.9119,2.9124,2.9194,2.9194,2.9169,2.9174,8
2026-02-16 15:57:00,2.9129,2.9129,2.9124,2.9129,2.9179,2.9179,2.9174,2.9179,5
2026-02-16 15:58:00,2.9139,2.9149,2.9129,2.9149,2.9189,2.9199,2.9179,2.9199,12
2026-02-16 15:59:00,2.9139,2.9144,2.9134,2.9144,2.9189,2.9194,2.9184,2.9194,3
2026-02-16 16:00:00,2.9149,2.9199,2.9124,2.9139,2.9199,2.9249,2.9174,2.9189,30
2026-02-16 16:01:00,2.9134,2.9139,2.9089,2.9139,2.9184,2.9189,2.9139,2.9189,16
2026-02-16 16:02:00,2.9149,2.9179,2.9149,2.9174,2.9199,2.9229,2.9199,2.9224,19
2026-02-16 16:03:00,2.9169,2.9169,2.9129,2.9134,2.9219,2.9219,2.9179,2.9184,13
2026-02-16 16:04:00,2.9129,2.9159,2.9124,2.9144,2.9179,2.9209,2.9174,2.9194,18
2026-02-16 16:05:00,2.9149,2.9149,2.9089,2.9099,2.9199,2.9199,2.9139,2.9149,14
2026-02-16 16:06:00,2.9094,2.9099,2.9079,2.9099,2.9144,2.9149,2.9129,2.9149,8
2026-02-16 16:07:00,2.9104,2.9129,2.9089,2.9104,2.9154,2.9179,2.9139,2.9154,16
2026-02-16 16:08:00,2.9099,2.9099,2.9079,2.9089,2.9149,2.9149,2.9129,2.9139,15
2026-02-16 16:09:00,2.9094,2.9114,2.9089,2.9114,2.9144,2.9164,2.9139,2.9164,13
2026-02-16 16:10:00,2.9119,2.9149,2.9079,2.9089,2.9169,2.9199,2.9129,2.9139,20
2026-02-16 16:11:00,2.9094,2.9109,2.9094,2.9099,2.9144,2.9159,2.9144,2.9149,7
2026-02-16 16:12:00,2.9109,2.9129,2.9109,2.9124,2.9159,2.9179,2.9159,2.9174,7
2026-02-16 16:13:00,2.9114,2.9149,2.9114,2.9149,2.9164,2.9199,2.9164,2.9199,8
2026-02-16 16:14:00,2.9139,2.9159,2.9139,2.9149,2.9189,2.9209,2.9189,2.9199,12
2026-02-16 16:15:00,2.9154,2.9154,2.9109,2.9114,2.9204,2.9204,2.9159,2.9164,14
2026-02-16 16:16:00,2.9119,2.9129,2.9109,2.9114,2.9169,2.9179,2.9159,2.9164,6
2026-02-16 16:17:00,2.9099,2.9109,2.9049,2.9054,2.9149,2.9159,2.9099,2.9104,26
2026-02-16 16:18:00,2.9059,2.9074,2.9044,2.9049,2.9109,2.9124,2.9094,2.9099,14
2026-02-16 16:19:00,2.9054,2.9099,2.9044,2.9089,2.9104,2.9149,2.9094,2.9139,16
2026-02-16 16:20:00,2.9084,2.9089,2.9059,2.9084,2.9134,2.9139,2.9109,2.9134,17
2026-02-16 16:21:00,2.9089,2.9099,2.9089,2.9099,2.9139,2.9149,2.9139,2.9149,6
2026-02-16 16:22:00,2.9094,2.9099,2.9084,2.9084,2.9144,2.9149,2.9134,2.9134,5
2026-02-16 16:23:00,2.9099,2.9099,2.9094,2.9094,2.9149,2.9149,2.9144,2.9144,2
2026-02-16 16:24:00,2.9099,2.9119,2.9089,2.9104,2.9149,2.9169,2.9139,2.9154,12
2026-02-16 16:25:00,2.9099,2.9099,2.9074,2.9084,2.9149,2.9149,2.9124,2.9134,17
2026-02-16 16:26:00,2.9089,2.9099,2.9054,2.9059,2.9139,2.9149,2.9104,2.9109,15
2026-02-16 16:27:00,2.9054,2.9054,2.9029,2.9039,2.9104,2.9104,2.9079,2.9089,15
2026-02-16 16:28:00,2.9049,2.9049,2.9044,2.9044,2.9099,2.9099,2.9094,2.9094,2
2026-02-16 16:29:00,2.9049,2.9069,2.9049,2.9059,2.9099,2.9119,2.9099,2.9109,10
2026-02-16 16:30:00,2.9054,2.9064,2.9029,2.9039,2.9104,2.9114,2.9079,2.9089,11
2026-02-16 16:31:00,2.9034,2.9049,2.9029,2.9029,2.9084,2.9099,2.9079,2.9079,14
2026-02-16 16:32:00,2.9034,2.9049,2.9029,2.9044,2.9084,2.9099,2.9079,2.9094,6
2026-02-16 16:33:00,2.9049,2.9049,2.9039,2.9044,2.9099,2.9099,2.9089,2.9094,3
2026-02-16 16:34:00,2.9034,2.9054,2.9024,2.9054,2.9084,2.9104,2.9074,2.9104,9
2026-02-16 16:35:00,2.9049,2.9049,2.9029,2.9039,2.9099,2.9099,2.9079,2.9089,10
2026-02-16 16:36:00,2.9029,2.9069,2.9029,2.9069,2.9079,2.9119,2.9079,2.9119,13
2026-02-16 16:37:00,2.9064,2.9089,2.9059,2.9089,2.9114,2.9139,2.9109,2.9139,11
2026-02-16 16:38:00,2.9094,2.9094,2.9059,2.9069,2.9144,2.9144,2.9109,2.9119,11
2026-02-16 16:39:00,2.9074,2.9074,2.9064,2.9069,2.9124,2.9124,2.9114,2.9119,4
2026-02-16 16:40:00,2.9059,2.9059,2.9039,2.9054,2.9109,2.9109,2.9089,2.9104,12
2026-02-16 16:41:00,2.9064,2.9079,2.9049,2.9069,2.9114,2.9129,2.9099,2.9119,11
2026-02-16 16:42:00,2.9074,2.9089,2.9059,2.9089,2.9124,2.9139,2.9109,2.9139,9
2026-02-16 16:43:00,2.9094,2.9094,2.9069,2.9079,2.9144,2.9144,2.9119,2.9129,8
2026-02-16 16:44:00,2.9084,2.9084,2.9079,2.9084,2.9134,2.9134,2.9129,2.9134,3
2026-02-16 16:45:00,2.9079,2.9079,2.9039,2.9074,2.9129,2.9129,2.9089,2.9124,20
2026-02-16 16:46:00,2.9079,2.9099,2.9069,2.9094,2.9129,2.9149,2.9119,2.9144,17
2026-02-16 16:47:00,2.9099,2.9099,2.9099,2.9099,2.9149,2.9149,2.9149,2.9149,1
2026-02-16 16:48:00,2.9094,2.9104,2.9069,2.9084,2.9144,2.9154,2.9119,2.9134,15
2026-02-16 16:49:00,2.9079,2.9109,2.9074,2.9099,2.9129,2.9159,2.9124,2.9149,12
2026-02-16 16:50:00,2.9094,2.9094,2.9059,2.9059,2.9144,2.9144,2.9109,2.9109,10
2026-02-16 16:51:00,2.9049,2.9059,2.9049,2.9059,2.9099,2.9109,2.9099,2.9109,3
2026-02-16 16:52:00,2.9054,2.9064,2.9049,2.9054,2.9104,2.9114,2.9099,2.9104,8
2026-02-16 16:53:00,2.9059,2.9059,2.9019,2.9029,2.9109,2.9109,2.9069,2.9079,12
2026-02-16 16:54:00,2.9039,2.9039,2.8999,2.9009,2.9089,2.9089,2.9049,2.9059,14
2026-02-16 16:55:00,2.9004,2.9014,2.8999,2.9009,2.9054,2.9064,2.9049,2.9059,5
2026-02-16 16:56:00,2.9019,2.9019,2.9004,2.9004,2.9069,2.9069,2.9054,2.9054,5
2026-02-16 16:57:00,2.9009,2.9009,2.8959,2.8964,2.9059,2.9059,2.9009,2.9014,20
2026-02-16 16:58:00,2.8969,2.8969,2.8939,2.8954,2.9019,2.9019,2.8989,2.9004,9
2026-02-16 16:59:00,2.8949,2.8969,2.8939,2.8969,2.8999,2.9019,2.8989,2.9019,10
2026-02-16 17:00:00,2.8979,2.8989,2.8959,2.8974,2.9029,2.9039,2.9009,2.9024,24
2026-02-16 17:01:00,2.8969,2.8969,2.8949,2.8954,2.9019,2.9019,2.8999,2.9004,7
2026-02-16 17:02:00,2.8959,2.8969,2.8954,2.8969,2.9009,2.9019,2.9004,2.9019,4
2026-02-16 17:03:00,2.8994,2.9129,2.8994,2.9129,2.9044,2.9179,2.9044,2.9179,52
2026-02-16 17:04:00,2.9124,2.9144,2.9114,2.9119,2.9174,2.9194,2.9164,2.9169,15
2026-02-16 17:05:00,2.9109,2.9119,2.9089,2.9104,2.9159,2.9169,2.9139,2.9154,19
2026-02-16 17:06:00,2.9109,2.9119,2.9089,2.9089,2.9159,2.9169,2.9139,2.9139,10
2026-02-16 17:07:00,2.9094,2.9094,2.8989,2.8999,2.9144,2.9144,2.9039,2.9049,21
2026-02-16 17:08:00,2.9009,2.9049,2.9009,2.9029,2.9059,2.9099,2.9059,2.9079,17
2026-02-16 17:09:00,2.9034,2.9034,2.9019,2.9019,2.9084,2.9084,2.9069,2.9069,6
2026-02-16 17:10:00,2.9024,2.9024,2.8989,2.9024,2.9074,2.9074,2.9039,2.9074,12
2026-02-16 17:11:00,2.9029,2.9049,2.9019,2.9024,2.9079,2.9099,2.9069,2.9074,12
2026-02-16 17:12:00,2.9029,2.9034,2.8994,2.9014,2.9079,2.9084,2.9044,2.9064,18
2026-02-16 17:13:00,2.9009,2.9009,2.8994,2.8999,2.9059,2.9059,2.9044,2.9049,6
2026-02-16 17:14:00,2.9009,2.9019,2.8974,2.8984,2.9059,2.9069,2.9024,2.9034,20
2026-02-16 17:15:00,2.8989,2.9009,2.8979,2.8984,2.9039,2.9059,2.9029,2.9034,15
2026-02-16 17:16:00,2.8989,2.9029,2.8929,2.8929,2.9039,2.9079,2.8979,2.8979,31
2026-02-16 17:17:00,2.8939,2.8974,2.8939,2.8949,2.8989,2.9024,2.8989,2.8999,12
2026-02-16 17:18:00,2.8954,2.8969,2.8919,2.8969,2.9004,2.9019,2.8969,2.9019,21
2026-02-16 17:19:00,2.8974,2.9009,2.8974,2.8999,2.9024,2.9059,2.9024,2.9049,20
2026-02-16 17:20:00,2.8994,2.9019,2.8989,2.8994,2.9044,2.9069,2.9039,2.9044,18
2026-02-16 17:21:00,2.8984,2.9019,2.8979,2.9009,2.9034,2.9069,2.9029,2.9059,14
2026-02-16 17:22:00,2.9004,2.9004,2.8974,2.8974,2.9054,2.9054,2.9024,2.9024,10
2026-02-16 17:23:00,2.8989,2.9004,2.8974,2.9004,2.9039,2.9054,2.9024,2.9054,12
2026-02-16 17:24:00,2.8999,2.9034,2.8999,2.9029,2.9049,2.9084,2.9049,2.9079,12
2026-02-16 17:25:00,2.9024,2.9084,2.9019,2.9084,2.9074,2.9134,2.9069,2.9134,28
2026-02-16 17:26:00,2.9089,2.9124,2.9089,2.9099,2.9139,2.9174,2.9139,2.9149,19
2026-02-16 17:27:00,2.9109,2.9119,2.9109,2.9119,2.9159,2.9169,2.9159,2.9169,3
2026-02-16 17:28:00,2.9109,2.9139,2.9109,2.9139,2.9159,2.9189,2.9159,2.9189,16
2026-02-16 17:29:00,2.9129,2.9139,2.9119,2.9134,2.9179,2.9189,2.9169,2.9184,17
2026-02-16 17:30:00,2.9139,2.9139,2.9124,2.9129,2.9189,2.9189,2.9174,2.9179,8
2026-02-16 17:31:00,2.9124,2.9209,2.9124,2.9189,2.9174,2.9259,2.9174,2.9239,41
2026-02-16 17:32:00,2.9179,2.9199,2.9169,2.9169,2.9229,2.9249,2.9219,2.9219,25
2026-02-16 17:33:00,2.9159,2.9249,2.9159,2.9234,2.9209,2.9299,2.9209,2.9284,24
2026-02-16 17:34:00,2.9239,2.9239,2.9219,2.9229,2.9289,2.9289,2.9269,2.9279,14
2026-02-16 17:35:00,2.9224,2.9239,2.9179,2.9199,2.9274,2.9289,2.9229,2.9249,31
2026-02-16 17:36:00,2.9194,2.9209,2.9194,2.9199,2.9244,2.9259,2.9244,2.9249,7
2026-02-16 17:37:00,2.9209,2.9209,2.9184,2.9199,2.9259,2.9259,2.9234,2.9249,9
2026-02-16 17:38:00,2.9194,2.9199,2.9184,2.9199,2.9244,2.9249,2.9234,2.9249,12
2026-02-16 17:39:00,2.9209,2.9229,2.9204,2.9204,2.9259,2.9279,2.9254,2.9254,25
2026-02-16 17:40:00,2.9199,2.9199,2.9189,2.9189,2.9249,2.9249,2.9239,2.9239,6
2026-02-16 17:41:00,2.9194,2.9194,2.9169,2.9169,2.9244,2.9244,2.9219,2.9219,13
2026-02-16 17:42:00,2.9179,2.9199,2.9179,2.9189,2.9229,2.9249,2.9229,2.9239,14
2026-02-16 17:43:00,2.9179,2.9179,2.9119,2.9159,2.9229,2.9229,2.9169,2.9209,25
2026-02-16 17:44:00,2.9149,2.9154,2.9149,2.9154,2.9199,2.9204,2.9199,2.9204,2
2026-02-16 17:45:00,2.9149,2.9174,2.9139,2.9169,2.9199,2.9224,2.9189,2.9219,12
2026-02-16 17:46:00,2.9174,2.9174,2.9129,2.9129,2.9224,2.9224,2.9179,2.9179,7
2026-02-16 17:47:00,2.9134,2.9134,2.9094,2.9104,2.9184,2.9184,2.9144,2.9154,21
2026-02-16 17:48:00,2.9114,2.9139,2.9109,2.9119,2.9164,2.9189,2.9159,2.9169,12
2026-02-16 17:49:00,2.9109,2.9114,2.9079,2.9089,2.9159,2.9164,2.9129,2.9139,12
2026-02-16 17:50:00,2.9084,2.9084,2.9049,2.9069,2.9134,2.9134,2.9099,2.9119,11
2026-02-16 17:51:00,2.9074,2.9079,2.9049,2.9069,2.9124,2.9129,2.9099,2.9119,11
2026-02-16 17:52:00,2.9074,2.9079,2.9069,2.9079,2.9124,2.9129,2.9119,2.9129,6
2026-02-16 17:53:00,2.9084,2.9119,2.9084,2.9099,2.9134,2.9169,2.9134,2.9149,8
2026-02-16 17:54:00,2.9094,2.9109,2.9089,2.9104,2.9144,2.9159,2.9139,2.9154,12
2026-02-16 17:55:00,2.9089,2.9104,2.9084,2.9099,2.9139,2.9154,2.9134,2.9149,19
2026-02-16 17:56:00,2.9094,2.9139,2.9094,2.9119,2.9144,2.9189,2.9144,2.9169,17
2026-02-16 17:57:00,2.9114,2.9154,2.9109,2.9149,2.9164,2.9204,2.9159,2.9199,16
2026-02-16 17:58:00,2.9144,2.9144,2.9119,2.9124,2.9194,2.9194,2.9169,2.9174,13
2026-02-16 17:59:00,2.9129,2.9129,2.9089,2.9099,2.9179,2.9179,2.9139,2.9149,9
2026-02-16 18:00:00,2.9109,2.9119,2.9099,2.9104,2.9159,2.9169,2.9149,2.9154,10
2026-02-16 18:01:00,2.9094,2.9099,2.9074,2.9099,2.9144,2.9149,2.9124,2.9149,19
2026-02-16 18:02:00,2.9094,2.9094,2.9074,2.9074,2.9144,2.9144,2.9124,2.9124,5
2026-02-16 18:03:00,2.9079,2.9079,2.9074,2.9079,2.9129,2.9129,2.9124,2.9129,3
2026-02-16 18:04:00,2.9074,2.9104,2.9069,2.9074,2.9124,2.9154,2.9119,2.9124,13
2026-02-16 18:05:00,2.9079,2.9094,2.9079,2.9089,2.9129,2.9144,2.9129,2.9139,10
2026-02-16 18:06:00,2.9084,2.9099,2.9084,2.9099,2.9134,2.9149,2.9134,2.9149,4
2026-02-16 18:07:00,2.9094,2.9104,2.9094,2.9099,2.9144,2.9154,2.9144,2.9149,4
2026-02-16 18:08:00,2.9104,2.9144,2.9104,2.9144,2.9154,2.9194,2.9154,2.9194,20
2026-02-16 18:09:00,2.9149,2.9159,2.9139,2.9144,2.9199,2.9209,2.9189,2.9194,7
2026-02-16 18:10:00,2.9149,2.9149,2.9144,2.9149,2.9199,2.9199,2.9194,2.9199,3
2026-02-16 18:11:00,2.9154,2.9164,2.9154,2.9164,2.9204,2.9214,2.9204,2.9214,3
2026-02-16 18:12:00,2.9169,2.9169,2.9124,2.9134,2.9219,2.9219,2.9174,2.9184,8
2026-02-16 18:13:00,2.9129,2.9149,2.9129,2.9149,2.9179,2.9199,2.9179,2.9199,5
2026-02-16 18:14:00,2.9159,2.9169,2.9149,2.9159,2.9209,2.9219,2.9199,2.9209,9
2026-02-16 18:15:00,2.9164,2.9179,2.9159,2.9169,2.9214,2.9229,2.9209,2.9219,7
2026-02-16 18:16:00,2.9164,2.9169,2.9149,2.9149,2.9214,2.9219,2.9199,2.9199,5
2026-02-16 18:17:00,2.9159,2.9164,2.9139,2.9164,2.9209,2.9214,2.9189,2.9214,9
2026-02-16 18:18:00,2.9159,2.9159,2.9149,2.9149,2.9209,2.9209,2.9199,2.9199,7
2026-02-16 18:19:00,2.9154,2.9154,2.9154,2.9154,2.9204,2.9204,2.9204,2.9204,1
2026-02-16 18:20:00,2.9149,2.9164,2.9149,2.9164,2.9199,2.9214,2.9199,2.9214,3
2026-02-16 18:21:00,2.9169,2.9169,2.9154,2.9154,2.9219,2.9219,2.9204,2.9204,4
2026-02-16 18:22:00,2.9144,2.9159,2.9139,2.9159,2.9194,2.9209,2.9189,2.9209,9
2026-02-16 18:23:00,2.9154,2.9154,2.9129,2.9129,2.9204,2.9204,2.9179,2.9179,8
2026-02-16 18:24:00,2.9134,2.9154,2.9129,2.9129,2.9184,2.9204,2.9179,2.9179,16
2026-02-16 18:25:00,2.9134,2.9139,2.9129,2.9134,2.9184,2.9189,2.9179,2.9184,6
2026-02-16 18:26:00,2.9139,2.9149,2.9139,2.9149,2.9189,2.9199,2.9189,2.9199,3
2026-02-16 18:27:00,2.9144,2.9169,2.9139,2.9159,2.9194,2.9219,2.9189,2.9209,12
2026-02-16 18:28:00,2.9154,2.9189,2.9139,2.9189,2.9204,2.9239,2.9189,2.9239,16
2026-02-16 18:29:00,2.9179,2.9189,2.9159,2.9189,2.9229,2.9239,2.9209,2.9239,14
2026-02-16 18:30:00,2.9194,2.9204,2.9164,2.9164,2.9244,2.9254,2.9214,2.9214,21
2026-02-16 18:31:00,2.9159,2.9159,2.9154,2.9154,2.9209,2.9209,2.9204,2.9204,2
2026-02-16 18:32:00,2.9149,2.9149,2.9104,2.9129,2.9199,2.9199,2.9154,2.9179,14
2026-02-16 18:33:00,2.9139,2.9139,2.9089,2.9099,2.9189,2.9189,2.9139,2.9149,14
2026-02-16 18:34:00,2.9089,2.9089,2.9069,2.9079,2.9139,2.9139,2.9119,2.9129,4
2026-02-16 18:35:00,2.9074,2.9079,2.9044,2.9064,2.9124,2.9129,2.9094,2.9114,25
2026-02-16 18:36:00,2.9069,2.9089,2.9059,2.9084,2.9119,2.9139,2.9109,2.9134,13
2026-02-16 18:37:00,2.9079,2.9084,2.9079,2.9084,2.9129,2.9134,2.9129,2.9134,4
2026-02-16 18:38:00,2.9089,2.9109,2.9089,2.9104,2.9139,2.9159,2.9139,2.9154,6
2026-02-16 18:39:00,2.9094,2.9099,2.9079,2.9084,2.9144,2.9149,2.9129,2.9134,6
2026-02-16 18:40:00,2.9089,2.9119,2.9079,2.9084,2.9139,2.9169,2.9129,2.9134,14
2026-02-16 18:41:00,2.9094,2.9109,2.9094,2.9104,2.9144,2.9159,2.9144,2.9154,4
2026-02-16 18:42:00,2.9109,2.9129,2.9109,2.9129,2.9159,2.9179,2.9159,2.9179,3
2026-02-16 18:43:00,2.9139,2.9154,2.9134,2.9149,2.9189,2.9204,2.9184,2.9199,8
2026-02-16 18:44:00,2.9159,2.9184,2.9159,2.9174,2.9209,2.9234,2.9209,2.9224,10
2026-02-16 18:45:00,2.9189,2.9194,2.9169,2.9194,2.9239,2.9244,2.9219,2.9244,10
2026-02-16 18:46:00,2.9199,2.9289,2.9199,2.9244,2.9249,2.9339,2.9249,2.9294,32
2026-02-16 18:47:00,2.9249,2.9289,2.9239,2.9279,2.9299,2.9339,2.9289,2.9329,11
2026-02-16 18:48:00,2.9284,2.9304,2.9239,2.9289,2.9334,2.9354,2.9289,2.9339,36
2026-02-16 18:49:00,2.9299,2.9319,2.9289,2.9304,2.9349,2.9369,2.9339,2.9354,11
2026-02-16 18:50:00,2.9309,2.9364,2.9299,2.9344,2.9359,2.9414,2.9349,2.9394,37
2026-02-16 18:51:00,2.9329,2.9359,2.9259,2.9339,2.9379,2.9409,2.9309,2.9389,64
2026-02-16 18:52:00,2.9344,2.9359,2.9329,2.9339,2.9394,2.9409,2.9379,2.9389,31
2026-02-16 18:53:00,2.9349,2.9374,2.9349,2.9359,2.9399,2.9424,2.9399,2.9409,6
2026-02-16 18:54:00,2.9364,2.9409,2.9359,2.9379,2.9414,2.9459,2.9409,2.9429,32
2026-02-16 18:55:00,2.9389,2.9399,2.9379,2.9394,2.9439,2.9449,2.9429,2.9444,17
2026-02-16 18:56:00,2.9389,2.9394,2.9369,2.9369,2.9439,2.9444,2.9419,2.9419,13
2026-02-16 18:57:00,2.9374,2.9409,2.9374,2.9409,2.9424,2.9459,2.9424,2.9459,19
2026-02-16 18:58:00,2.9419,2.9429,2.9389,2.9389,2.9469,2.9479,2.9439,2.9439,19
2026-02-16 18:59:00,2.9394,2.9419,2.9379,2.9404,2.9444,2.9469,2.9429,2.9454,24
2026-02-16 19:00:00,2.9409,2.9414,2.9384,2.9384,2.9459,2.9464,2.9434,2.9434,27
2026-02-16 19:01:00,2.9389,2.9419,2.9389,2.9399,2.9439,2.9469,2.9439,2.9449,27
2026-02-16 19:02:00,2.9404,2.9414,2.9404,2.9414,2.9454,2.9464,2.9454,2.9464,3
2026-02-16 19:03:00,2.9419,2.9419,2.9399,2.9399,2.9469,2.9469,2.9449,2.9449,13
2026-02-16 19:04:00,2.9404,2.9429,2.9394,2.9424,2.9454,2.9479,2.9444,2.9474,11
2026-02-16 19:05:00,2.9419,2.9424,2.9369,2.9384,2.9469,2.9474,2.9419,2.9434,24
2026-02-16 19:06:00,2.9374,2.9389,2.9374,2.9384,2.9424,2.9439,2.9424,2.9434,10
2026-02-16 19:07:00,2.9379,2.9404,2.9379,2.9404,2.9429,2.9454,2.9429,2.9454,9
2026-02-16 19:08:00,2.9399,2.9529,2.9389,2.9474,2.9449,2.9579,2.9439,2.9524,76
2026-02-16 19:09:00,2.9469,2.9519,2.9459,2.9464,2.9519,2.9569,2.9509,2.9514,33
2026-02-16 19:10:00,2.9459,2.9489,2.9434,2.9479,2.9509,2.9539,2.9484,2.9529,34
2026-02-16 19:11:00,2.9489,2.9504,2.9439,2.9469,2.9539,2.9554,2.9489,2.9519,27
2026-02-16 19:12:00,2.9489,2.9494,2.9489,2.9489,2.9539,2.9544,2.9539,2.9539,9
2026-02-16 19:13:00,2.9479,2.9499,2.9459,2.9489,2.9529,2.9549,2.9509,2.9539,25
2026-02-16 19:14:00,2.9494,2.9494,2.9479,2.9489,2.9544,2.9544,2.9529,2.9539,20
2026-02-16 19:15:00,2.9484,2.9499,2.9484,2.9494,2.9534,2.9549,2.9534,2.9544,9
2026-02-16 19:16:00,2.9504,2.9509,2.9494,2.9499,2.9554,2.9559,2.9544,2.9549,11
2026-02-16 19:17:00,2.9494,2.9509,2.9429,2.9494,2.9544,2.9559,2.9479,2.9544,29
2026-02-16 19:18:00,2.9479,2.9549,2.9479,2.9524,2.9529,2.9599,2.9529,2.9574,40
2026-02-16 19:19:00,2.9549,2.9549,2.9519,2.9524,2.9599,2.9599,2.9569,2.9574,18
2026-02-16 19:20:00,2.9529,2.9549,2.9509,2.9524,2.9579,2.9599,2.9559,2.9574,24
2026-02-16 19:21:00,2.9519,2.9519,2.9509,2.9519,2.9569,2.9569,2.9559,2.9569,4
2026-02-16 19:22:00,2.9524,2.9554,2.9524,2.9549,2.9574,2.9604,2.9574,2.9599,11
2026-02-16 19:23:00,2.9559,2.9579,2.9559,2.9569,2.9609,2.9629,2.9609,2.9619,11
2026-02-16 19:24:00,2.9579,2.9624,2.9559,2.9619,2.9629,2.9674,2.9609,2.9669,19
2026-02-16 19:25:00,2.9629,2.9629,2.9589,2.9589,2.9679,2.9679,2.9639,2.9639,18
2026-02-16 19:26:00,2.9594,2.9609,2.9579,2.9594,2.9644,2.9659,2.9629,2.9644,13
2026-02-16 19:27:00,2.9599,2.9644,2.9564,2.9644,2.9649,2.9694,2.9614,2.9694,11
2026-02-16 19:28:00,2.9639,2.9659,2.9609,2.9609,2.9689,2.9709,2.9659,2.9659,17
2026-02-16 19:29:00,2.9599,2.9619,2.9579,2.9614,2.9649,2.9669,2.9629,2.9664,14
2026-02-16 19:30:00,2.9609,2.9654,2.9609,2.9654,2.9659,2.9704,2.9659,2.9704,5
2026-02-16 19:31:00,2.9669,2.9669,2.9619,2.9624,2.9719,2.9719,2.9669,2.9674,20
2026-02-16 19:32:00,2.9619,2.9634,2.9609,2.9634,2.9669,2.9684,2.9659,2.9684,10
2026-02-16 19:33:00,2.9649,2.9649,2.9619,2.9619,2.9699,2.9699,2.9669,2.9669,9
2026-02-16 19:34:00,2.9624,2.9624,2.9609,2.9609,2.9674,2.9674,2.9659,2.9659,6
2026-02-16 19:35:00,2.9614,2.9614,2.9569,2.9569,2.9664,2.9664,2.9619,2.9619,19
2026-02-16 19:36:00,2.9574,2.9599,2.9574,2.9584,2.9624,2.9649,2.9624,2.9634,16
2026-02-16 19:37:00,2.9579,2.9584,2.9579,2.9579,2.9629,2.9634,2.9629,2.9629,3
2026-02-16 19:38:00,2.9574,2.9574,2.9549,2.9569,2.9624,2.9624,2.9599,2.9619,6
2026-02-16 19:39:00,2.9564,2.9564,2.9539,2.9554,2.9614,2.9614,2.9589,2.9604,8
2026-02-16 19:40:00,2.9549,2.9574,2.9549,2.9574,2.9599,2.9624,2.9599,2.9624,6
2026-02-16 19:41:00,2.9579,2.9589,2.9574,2.9584,2.9629,2.9639,2.9624,2.9634,5
2026-02-16 19:42:00,2.9574,2.9574,2.9574,2.9574,2.9624,2.9624,2.9624,2.9624,1
2026-02-16 19:43:00,2.9579,2.9579,2.9574,2.9574,2.9629,2.9629,2.9624,2.9624,4
2026-02-16 19:44:00,2.9569,2.9584,2.9569,2.9584,2.9619,2.9634,2.9619,2.9634,4
2026-02-16 19:45:00,2.9589,2.9589,2.9589,2.9589,2.9639,2.9639,2.9639,2.9639,1
2026-02-16 19:46:00,2.9584,2.9604,2.9584,2.9594,2.9634,2.9654,2.9634,2.9644,5
2026-02-16 19:47:00,2.9599,2.9599,2.9569,2.9569,2.9649,2.9649,2.9619,2.9619,4
2026-02-16 19:48:00,2.9559,2.9614,2.9559,2.9614,2.9609,2.9664,2.9609,2.9664,8
2026-02-16 19:49:00,2.9619,2.9624,2.9599,2.9624,2.9669,2.9674,2.9649,2.9674,8
2026-02-16 19:50:00,2.9629,2.9659,2.9629,2.9649,2.9679,2.9709,2.9679,2.9699,9
2026-02-16 19:51:00,2.9654,2.9654,2.9644,2.9644,2.9704,2.9704,2.9694,2.9694,9
2026-02-16 19:52:00,2.9649,2.9649,2.9639,2.9649,2.9699,2.9699,2.9689,2.9699,7
2026-02-16 19:53:00,2.9654,2.9659,2.9639,2.9654,2.9704,2.9709,2.9689,2.9704,40
2026-02-16 19:54:00,2.9659,2.9699,2.9659,2.9694,2.9709,2.9749,2.9709,2.9744,16
2026-02-16 19:55:00,2.9699,2.9714,2.9694,2.9714,2.9749,2.9764,2.9744,2.9764,34
2026-02-16 19:56:00,2.9709,2.9714,2.9694,2.9714,2.9759,2.9764,2.9744,2.9764,16
2026-02-16 19:57:00,2.9719,2.9719,2.9709,2.9709,2.9769,2.9769,2.9759,2.9759,3
2026-02-16 19:58:00,2.9714,2.9724,2.9694,2.9719,2.9764,2.9774,2.9744,2.9769,11
2026-02-16 19:59:00,2.9714,2.9724,2.9709,2.9714,2.9764,2.9774,2.9759,2.9764,10
2026-02-16 20:00:00,2.9719,2.9729,2.9699,2.9724,2.9769,2.9779,2.9749,2.9774,13
2026-02-16 20:01:00,2.9734,2.9739,2.9719,2.9729,2.9784,2.9789,2.9769,2.9779,13
2026-02-16 20:02:00,2.9739,2.9759,2.9729,2.9759,2.9789,2.9809,2.9779,2.9809,16
2026-02-16 20:03:00,2.9764,2.9769,2.9754,2.9764,2.9814,2.9819,2.9804,2.9814,12
2026-02-16 20:04:00,2.9759,2.9769,2.9729,2.9729,2.9809,2.9819,2.9779,2.9779,18
2026-02-16 20:05:00,2.9724,2.9724,2.9699,2.9704,2.9774,2.9774,2.9749,2.9754,8
2026-02-16 20:06:00,2.9709,2.9714,2.9709,2.9709,2.9759,2.9764,2.9759,2.9759,5
2026-02-16 20:07:00,2.9714,2.9719,2.9699,2.9714,2.9764,2.9769,2.9749,2.9764,7
2026-02-16 20:08:00,2.9719,2.9739,2.9719,2.9719,2.9769,2.9789,2.9769,2.9769,11
2026-02-16 20:09:00,2.9709,2.9719,2.9709,2.9719,2.9759,2.9769,2.9759,2.9769,3
2026-02-16 20:10:00,2.9724,2.9724,2.9699,2.9714,2.9774,2.9774,2.9749,2.9764,7
2026-02-16 20:11:00,2.9709,2.9714,2.9704,2.9704,2.9759,2.9764,2.9754,2.9754,7
2026-02-16 20:12:00,2.9709,2.9714,2.9704,2.9714,2.9759,2.9764,2.9754,2.9764,6
2026-02-16 20:13:00,2.9719,2.9729,2.9719,2.9724,2.9769,2.9779,2.9769,2.9774,6
2026-02-16 20:14:00,2.9714,2.9729,2.9709,2.9714,2.9764,2.9779,2.9759,2.9764,8
2026-02-16 20:15:00,2.9709,2.9729,2.9709,2.9714,2.9759,2.9779,2.9759,2.9764,10
2026-02-16 20:16:00,2.9719,2.9719,2.9719,2.9719,2.9769,2.9769,2.9769,2.9769,1
2026-02-16 20:18:00,2.9729,2.9729,2.9709,2.9709,2.9779,2.9779,2.9759,2.9759,4
2026-02-16 20:19:00,2.9704,2.9709,2.9694,2.9694,2.9754,2.9759,2.9744,2.9744,5
2026-02-16 20:20:00,2.9699,2.9724,2.9699,2.9714,2.9749,2.9774,2.9749,2.9764,11
2026-02-16 20:21:00,2.9709,2.9719,2.9669,2.9704,2.9759,2.9769,2.9719,2.9754,34
2026-02-16 20:22:00,2.9709,2.9709,2.9699,2.9709,2.9759,2.9759,2.9749,2.9759,16
2026-02-16 20:23:00,2.9699,2.9709,2.9689,2.9689,2.9749,2.9759,2.9739,2.9739,7
2026-02-16 20:24:00,2.9694,2.9709,2.9694,2.9709,2.9744,2.9759,2.9744,2.9759,3
2026-02-16 20:25:00,2.9704,2.9709,2.9684,2.9699,2.9754,2.9759,2.9734,2.9749,15
2026-02-16 20:26:00,2.9709,2.9719,2.9704,2.9709,2.9759,2.9769,2.9754,2.9759,11
2026-02-16 20:27:00,2.9714,2.9724,2.9699,2.9709,2.9764,2.9774,2.9749,2.9759,16
2026-02-16 20:28:00,2.9704,2.9724,2.9704,2.9724,2.9754,2.9774,2.9754,2.9774,16
2026-02-16 20:29:00,2.9719,2.9729,2.9704,2.9714,2.9769,2.9779,2.9754,2.9764,17
2026-02-17 00:00:00,2.9635,2.973,2.963,2.973,2.9685,2.978,2.968,2.978,27
2026-02-17 00:01:00,2.9735,2.974,2.9705,2.9705,2.9785,2.979,2.9755,2.9755,12
2026-02-17 00:02:00,2.97,2.97,2.9615,2.962,2.975,2.975,2.9665,2.967,16
2026-02-17 00:03:00,2.9615,2.9615,2.9585,2.9585,2.9665,2.9665,2.9635,2.9635,6
2026-02-17 00:04:00,2.959,2.959,2.9575,2.958,2.964,2.964,2.9625,2.963,7
2026-02-17 00:05:00,2.9585,2.9655,2.9585,2.9655,2.9635,2.9705,2.9635,2.9705,10
2026-02-17 00:06:00,2.966,2.966,2.966,2.966,2.971,2.971,2.971,2.971,1
2026-02-17 00:07:00,2.9655,2.966,2.9615,2.9615,2.9705,2.971,2.9665,2.9665,10
2026-02-17 00:08:00,2.961,2.961,2.961,2.961,2.966,2.966,2.966,2.966,1
2026-02-17 00:09:00,2.9605,2.9655,2.9605,2.964,2.9655,2.9705,2.9655,2.969,8
2026-02-17 00:10:00,2.9645,2.9645,2.9645,2.9645,2.9695,2.9695,2.9695,2.9695,1
2026-02-17 00:11:00,2.965,2.966,2.965,2.9655,2.97,2.971,2.97,2.9705,3
2026-02-17 00:12:00,2.966,2.966,2.965,2.965,2.971,2.971,2.97,2.97,3
2026-02-17 00:13:00,2.9645,2.9655,2.9645,2.965,2.9695,2.9705,2.9695,2.97,3
2026-02-17 00:14:00,2.9645,2.9645,2.9645,2.9645,2.9695,2.9695,2.9695,2.9695,1
2026-02-17 00:16:00,2.965,2.9665,2.965,2.966,2.97,2.9715,2.97,2.971,3
2026-02-17 00:17:00,2.965,2.965,2.964,2.964,2.97,2.97,2.969,2.969,3
2026-02-17 00:18:00,2.9635,2.9635,2.963,2.963,2.9685,2.9685,2.968,2.968,2
2026-02-17 00:19:00,2.9635,2.964,2.9635,2.9635,2.9685,2.969,2.9685,2.9685,3
2026-02-17 00:20:00,2.963,2.963,2.963,2.963,2.968,2.968,2.968,2.968,1
2026-02-17 00:21:00,2.9635,2.9635,2.962,2.962,2.9685,2.9685,2.967,2.967,3
2026-02-17 00:22:00,2.963,2.9635,2.963,2.9635,2.968,2.9685,2.968,2.9685,2
2026-02-17 00:23:00,2.963,2.963,2.9625,2.9625,2.968,2.968,2.9675,2.9675,2
2026-02-17 00:24:00,2.963,2.963,2.963,2.963,2.968,2.968,2.968,2.968,1
2026-02-17 00:25:00,2.962,2.964,2.9615,2.962,2.967,2.969,2.9665,2.967,10
2026-02-17 00:26:00,2.9615,2.962,2.9615,2.962,2.9665,2.967,2.9665,2.967,4
2026-02-17 00:27:00,2.9625,2.9625,2.9625,2.9625,2.9675,2.9675,2.9675,2.9675,1
2026-02-17 00:29:00,2.961,2.961,2.9605,2.9605,2.966,2.966,2.9655,2.9655,2
2026-02-17 00:30:00,2.961,2.961,2.9595,2.96,2.966,2.966,2.9645,2.965,6
2026-02-17 00:31:00,2.959,2.9605,2.958,2.96,2.964,2.9655,2.963,2.965,7
2026-02-17 00:32:00,2.9595,2.9645,2.9595,2.9645,2.9645,2.9695,2.9645,2.9695,8
2026-02-17 00:33:00,2.9635,2.9635,2.962,2.962,2.9685,2.9685,2.967,2.967,3
2026-02-17 00:34:00,2.9635,2.9635,2.962,2.9635,2.9685,2.9685,2.967,2.9685,6
2026-02-17 00:36:00,2.963,2.9635,2.9615,2.9615,2.968,2.9685,2.9665,2.9665,5
2026-02-17 00:37:00,2.962,2.9645,2.962,2.964,2.967,2.9695,2.967,2.969,5
2026-02-17 00:38:00,2.963,2.963,2.9625,2.9625,2.968,2.968,2.9675,2.9675,2
2026-02-17 00:39:00,2.962,2.9625,2.962,2.9625,2.967,2.9675,2.967,2.9675,2
2026-02-17 00:40:00,2.963,2.963,2.963,2.963,2.968,2.968,2.968,2.968,1
2026-02-17 00:41:00,2.9625,2.9625,2.9625,2.9625,2.9675,2.9675,2.9675,2.9675,1
2026-02-17 00:43:00,2.961,2.9665,2.961,2.966,2.966,2.9715,2.966,2.971,9
2026-02-17 00:44:00,2.9655,2.9655,2.9655,2.9655,2.9705,2.9705,2.9705,2.9705,1
2026-02-17 00:45:00,2.9645,2.9655,2.963,2.964,2.9695,2.9705,2.968,2.969,7
2026-02-17 00:46:00,2.9635,2.964,2.961,2.961,2.9685,2.969,2.966,2.966,8
2026-02-17 00:47:00,2.9605,2.9605,2.9605,2.9605,2.9655,2.9655,2.9655,2.9655,1
2026-02-17 00:48:00,2.96,2.9645,2.96,2.964,2.965,2.9695,2.965,2.969,10
2026-02-17 00:49:00,2.9635,2.9635,2.962,2.962,2.9685,2.9685,2.967,2.967,4
2026-02-17 00:52:00,2.9625,2.963,2.9625,2.963,2.9675,2.968,2.9675,2.968,2
2026-02-17 00:53:00,2.9635,2.9645,2.9635,2.9635,2.9685,2.9695,2.9685,2.9685,4
2026-02-17 00:56:00,2.963,2.963,2.963,2.963,2.968,2.968,2.968,2.968,1
2026-02-17 01:05:00,2.9625,2.9625,2.9625,2.9625,2.9675,2.9675,2.9675,2.9675,1
2026-02-17 01:06:00,2.962,2.962,2.961,2.961,2.967,2.967,2.966,2.966,2
2026-02-17 01:07:00,2.9605,2.9605,2.954,2.954,2.9655,2.9655,2.959,2.959,8
2026-02-17 01:08:00,2.953,2.9575,2.953,2.9575,2.958,2.9625,2.958,2.9625,7
2026-02-17 01:09:00,2.957,2.957,2.9545,2.956,2.962,2.962,2.9595,2.961,6
2026-02-17 01:10:00,2.9555,2.9555,2.9555,2.9555,2.9605,2.9605,2.9605,2.9605,1
2026-02-17 01:11:00,2.955,2.955,2.9545,2.9545,2.96,2.96,2.9595,2.9595,2
2026-02-17 01:12:00,2.954,2.954,2.954,2.954,2.959,2.959,2.959,2.959,1
2026-02-17 01:13:00,2.9545,2.9545,2.9545,2.9545,2.9595,2.9595,2.9595,2.9595,1
2026-02-17 01:14:00,2.954,2.954,2.954,2.954,2.959,2.959,2.959,2.959,1
2026-02-17 01:15:00,2.9545,2.9545,2.9545,2.9545,2.9595,2.9595,2.9595,2.9595,1
2026-02-17 01:16:00,2.955,2.955,2.955,2.955,2.96,2.96,2.96,2.96,1
2026-02-17 01:17:00,2.957,2.9575,2.956,2.956,2.962,2.9625,2.961,2.961,3
2026-02-17 01:18:00,2.9555,2.9555,2.9555,2.9555,2.9605,2.9605,2.9605,2.9605,1
2026-02-17 01:19:00,2.955,2.9555,2.955,2.9555,2.96,2.9605,2.96,2.9605,2
2026-02-17 01:22:00,2.9565,2.9565,2.9565,2.9565,2.9615,2.9615,2.9615,2.9615,1
2026-02-17 01:25:00,2.957,2.9575,2.957,2.9575,2.962,2.9625,2.962,2.9625,2
2026-02-17 01:28:00,2.957,2.959,2.957,2.959,2.962,2.964,2.962,2.964,4
2026-02-17 01:29:00,2.9585,2.96,2.9575,2.958,2.9635,2.965,2.9625,2.963,15
2026-02-17 01:30:00,2.9585,2.9585,2.9585,2.9585,2.9635,2.9635,2.9635,2.9635,1
2026-02-17 01:32:00,2.958,2.959,2.958,2.958,2.963,2.964,2.963,2.963,3
2026-02-17 01:33:00,2.9575,2.9575,2.9575,2.9575,2.9625,2.9625,2.9625,2.9625,1
2026-02-17 01:35:00,2.959,2.96,2.959,2.9595,2.964,2.965,2.964,2.9645,3
2026-02-17 01:36:00,2.959,2.959,2.9585,2.9585,2.964,2.964,2.9635,2.9635,2
2026-02-17 01:38:00,2.958,2.96,2.958,2.959,2.963,2.965,2.963,2.964,3
2026-02-17 01:39:00,2.9585,2.9585,2.958,2.958,2.9635,2.9635,2.963,2.963,2
2026-02-17 01:40:00,2.9575,2.958,2.9575,2.958,2.9625,2.963,2.9625,2.963,2
2026-02-17 01:41:00,2.9565,2.96,2.9565,2.9595,2.9615,2.965,2.9615,2.9645,6
2026-02-17 01:42:00,2.96,2.96,2.959,2.9595,2.965,2.965,2.964,2.9645,7
2026-02-17 01:43:00,2.959,2.959,2.959,2.959,2.964,2.964,2.964,2.964,1
2026-02-17 01:44:00,2.9585,2.9585,2.958,2.9585,2.9635,2.9635,2.963,2.9635,3
2026-02-17 01:45:00,2.958,2.958,2.958,2.958,2.963,2.963,2.963,2.963,1
2026-02-17 01:46:00,2.957,2.957,2.957,2.957,2.962,2.962,2.962,2.962,1
2026-02-17 01:47:00,2.958,2.958,2.958,2.958,2.963,2.963,2.963,2.963,1
2026-02-17 01:48:00,2.9575,2.958,2.9575,2.958,2.9625,2.963,2.9625,2.963,2
2026-02-17 01:49:00,2.9575,2.959,2.957,2.959,2.9625,2.964,2.962,2.964,4
2026-02-17 01:50:00,2.96,2.962,2.958,2.9585,2.965,2.967,2.963,2.9635,12
2026-02-17 01:51:00,2.958,2.958,2.958,2.958,2.963,2.963,2.963,2.963,1
2026-02-17 01:52:00,2.9585,2.9585,2.9585,2.9585,2.9635,2.9635,2.9635,2.9635,1
2026-02-17 01:54:00,2.959,2.959,2.9575,2.9575,2.964,2.964,2.9625,2.9625,4
2026-02-17 01:56:00,2.956,2.956,2.955,2.9555,2.961,2.961,2.96,2.9605,3
2026-02-17 01:57:00,2.954,2.954,2.953,2.954,2.959,2.959,2.958,2.959,7
2026-02-17 01:58:00,2.9535,2.954,2.953,2.954,2.9585,2.959,2.958,2.959,4
2026-02-17 01:59:00,2.953,2.953,2.953,2.953,2.958,2.958,2.958,2.958,1
2026-02-17 02:00:00,2.9545,2.963,2.9545,2.96,2.9595,2.968,2.9595,2.965,24
2026-02-17 02:01:00,2.9605,2.9625,2.9605,2.962,2.9655,2.9675,2.9655,2.967,13
2026-02-17 02:02:00,2.9615,2.964,2.96,2.9615,2.9665,2.969,2.965,2.9665,13
2026-02-17 02:03:00,2.961,2.964,2.961,2.9625,2.966,2.969,2.966,2.9675,16
2026-02-17 02:04:00,2.9635,2.9635,2.963,2.9635,2.9685,2.9685,2.968,2.9685,3
2026-02-17 02:05:00,2.964,2.964,2.9615,2.9635,2.969,2.969,2.9665,2.9685,7
2026-02-17 02:06:00,2.964,2.964,2.9635,2.9635,2.969,2.969,2.9685,2.9685,2
2026-02-17 02:07:00,2.963,2.967,2.963,2.9645,2.968,2.972,2.968,2.9695,11
2026-02-17 02:08:00,2.965,2.968,2.965,2.9675,2.97,2.973,2.97,2.9725,5
2026-02-17 02:09:00,2.968,2.968,2.965,2.965,2.973,2.973,2.97,2.97,16
2026-02-17 02:10:00,2.9645,2.965,2.964,2.9645,2.9695,2.97,2.969,2.9695,6
2026-02-17 02:12:00,2.965,2.965,2.964,2.965,2.97,2.97,2.969,2.97,4
2026-02-17 02:13:00,2.9645,2.965,2.963,2.963,2.9695,2.97,2.968,2.968,8
2026-02-17 02:14:00,2.964,2.964,2.9635,2.9635,2.969,2.969,2.9685,2.9685,2
2026-02-17 02:15:00,2.964,2.964,2.9615,2.9615,2.969,2.969,2.9665,2.9665,4
2026-02-17 02:16:00,2.962,2.962,2.9545,2.9555,2.967,2.967,2.9595,2.9605,15
2026-02-17 02:17:00,2.956,2.957,2.9545,2.956,2.961,2.962,2.9595,2.961,9
2026-02-17 02:18:00,2.9565,2.958,2.9565,2.9575,2.9615,2.963,2.9615,2.9625,5
2026-02-17 02:19:00,2.957,2.958,2.957,2.9575,2.962,2.963,2.962,2.9625,3
2026-02-17 02:20:00,2.958,2.9585,2.9575,2.9575,2.963,2.9635,2.9625,2.9625,3
2026-02-17 02:22:00,2.958,2.958,2.956,2.956,2.963,2.963,2.961,2.961,3
2026-02-17 02:23:00,2.9575,2.9575,2.9575,2.9575,2.9625,2.9625,2.9625,2.9625,1
2026-02-17 02:24:00,2.9585,2.9585,2.9555,2.9555,2.9635,2.9635,2.9605,2.9605,8
2026-02-17 02:25:00,2.9545,2.957,2.9545,2.9555,2.9595,2.962,2.9595,2.9605,8
2026-02-17 02:26:00,2.956,2.957,2.9545,2.9545,2.961,2.962,2.9595,2.9595,5
2026-02-17 02:28:00,2.954,2.96,2.954,2.9575,2.959,2.965,2.959,2.9625,12
2026-02-17 02:29:00,2.958,2.958,2.9575,2.958,2.963,2.963,2.9625,2.963,3
2026-02-17 02:30:00,2.9575,2.96,2.9575,2.96,2.9625,2.965,2.9625,2.965,7
2026-02-17 02:31:00,2.9595,2.9605,2.9595,2.9605,2.9645,2.9655,2.9645,2.9655,3
2026-02-17 02:32:00,2.96,2.9605,2.9595,2.9595,2.965,2.9655,2.9645,2.9645,4
2026-02-17 02:33:00,2.959,2.96,2.9555,2.9565,2.964,2.965,2.9605,2.9615,16
2026-02-17 02:34:00,2.957,2.958,2.9565,2.9575,2.962,2.963,2.9615,2.9625,6
2026-02-17 02:36:00,2.956,2.956,2.954,2.955,2.961,2.961,2.959,2.96,5
2026-02-17 02:37:00,2.954,2.9545,2.952,2.952,2.959,2.9595,2.957,2.957,6
2026-02-17 02:38:00,2.9525,2.953,2.9515,2.9525,2.9575,2.958,2.9565,2.9575,5
2026-02-17 02:39:00,2.953,2.953,2.952,2.952,2.958,2.958,2.957,2.957,3
2026-02-17 02:40:00,2.9515,2.953,2.948,2.953,2.9565,2.958,2.953,2.958,13
2026-02-17 02:41:00,2.9525,2.957,2.9525,2.9545,2.9575,2.962,2.9575,2.9595,11
2026-02-17 02:42:00,2.955,2.9585,2.9545,2.9565,2.96,2.9635,2.9595,2.9615,12
2026-02-17 02:43:00,2.956,2.956,2.9555,2.9555,2.961,2.961,2.9605,2.9605,2
2026-02-17 02:44:00,2.955,2.956,2.955,2.956,2.96,2.961,2.96,2.961,3
2026-02-17 02:45:00,2.9565,2.9565,2.953,2.953,2.9615,2.9615,2.958,2.958,7
2026-02-17 02:46:00,2.9525,2.9525,2.951,2.951,2.9575,2.9575,2.956,2.956,3
2026-02-17 02:47:00,2.9515,2.9535,2.951,2.9525,2.9565,2.9585,2.956,2.9575,6
2026-02-17 02:49:00,2.9515,2.9525,2.9515,2.9525,2.9565,2.9575,2.9565,2.9575,2
2026-02-17 02:51:00,2.9515,2.9525,2.9515,2.9525,2.9565,2.9575,2.9565,2.9575,2
2026-02-17 02:52:00,2.9515,2.952,2.949,2.9495,2.9565,2.957,2.954,2.9545,10
2026-02-17 02:53:00,2.95,2.95,2.949,2.95,2.955,2.955,2.954,2.955,6
2026-02-17 02:54:00,2.9495,2.95,2.9495,2.95,2.9545,2.955,2.9545,2.955,2
2026-02-17 02:55:00,2.9495,2.9495,2.9495,2.9495,2.9545,2.9545,2.9545,2.9545,1
2026-02-17 02:56:00,2.95,2.95,2.95,2.95,2.955,2.955,2.955,2.955,1
2026-02-17 02:57:00,2.949,2.9495,2.948,2.9495,2.954,2.9545,2.953,2.9545,10
2026-02-17 02:58:00,2.949,2.95,2.949,2.9495,2.954,2.955,2.954,2.9545,4
2026-02-17 02:59:00,2.949,2.949,2.947,2.949,2.954,2.954,2.952,2.954,7
2026-02-17 03:00:00,2.9495,2.9505,2.9495,2.9495,2.9545,2.9555,2.9545,2.9545,3
2026-02-17 03:01:00,2.9505,2.9505,2.947,2.949,2.9555,2.9555,2.952,2.954,11
2026-02-17 03:02:00,2.9475,2.949,2.947,2.9485,2.9525,2.954,2.952,2.9535,16
2026-02-17 03:03:00,2.948,2.948,2.9475,2.9475,2.953,2.953,2.9525,2.9525,2
2026-02-17 03:04:00,2.948,2.954,2.948,2.9525,2.953,2.959,2.953,2.9575,11
2026-02-17 03:05:00,2.953,2.953,2.9525,2.953,2.958,2.958,2.9575,2.958,3
2026-02-17 03:06:00,2.9535,2.9575,2.9535,2.9575,2.9585,2.9625,2.9585,2.9625,9
2026-02-17 03:07:00,2.958,2.958,2.9575,2.9575,2.963,2.963,2.9625,2.9625,2
2026-02-17 03:08:00,2.958,2.958,2.957,2.957,2.963,2.963,2.962,2.962,3
2026-02-17 03:10:00,2.958,2.958,2.9575,2.958,2.963,2.963,2.9625,2.963,3
2026-02-17 03:11:00,2.9575,2.9575,2.9575,2.9575,2.9625,2.9625,2.9625,2.9625,1
2026-02-17 03:12:00,2.958,2.958,2.957,2.958,2.963,2.963,2.962,2.963,3
2026-02-17 03:14:00,2.9575,2.9575,2.9575,2.9575,2.9625,2.9625,2.9625,2.9625,1
2026-02-17 03:15:00,2.958,2.9585,2.957,2.958,2.963,2.9635,2.962,2.963,6
2026-02-17 03:16:00,2.9585,2.9585,2.958,2.958,2.9635,2.9635,2.963,2.963,2
2026-02-17 03:17:00,2.9575,2.9575,2.9575,2.9575,2.9625,2.9625,2.9625,2.9625,1
2026-02-17 03:18:00,2.958,2.959,2.958,2.958,2.963,2.964,2.963,2.963,5
2026-02-17 03:19:00,2.9575,2.9575,2.9575,2.9575,2.9625,2.9625,2.9625,2.9625,1
2026-02-17 03:20:00,2.957,2.9575,2.957,2.9575,2.962,2.9625,2.962,2.9625,2
2026-02-17 03:21:00,2.958,2.958,2.958,2.958,2.963,2.963,2.963,2.963,1
2026-02-17 03:23:00,2.959,2.96,2.957,2.9575,2.964,2.965,2.962,2.9625,9
2026-02-17 03:27:00,2.958,2.9585,2.9565,2.9575,2.963,2.9635,2.9615,2.9625,7
2026-02-17 03:28:00,2.958,2.958,2.958,2.958,2.963,2.963,2.963,2.963,1
2026-02-17 03:31:00,2.9565,2.957,2.9565,2.957,2.9615,2.962,2.9615,2.962,2
2026-02-17 03:32:00,2.9575,2.9575,2.957,2.957,2.9625,2.9625,2.962,2.962,2
2026-02-17 03:33:00,2.9565,2.9565,2.9565,2.9565,2.9615,2.9615,2.9615,2.9615,1
2026-02-17 03:34:00,2.956,2.956,2.953,2.9535,2.961,2.961,2.958,2.9585,11
2026-02-17 03:35:00,2.954,2.9545,2.954,2.9545,2.959,2.9595,2.959,2.9595,2
2026-02-17 03:36:00,2.955,2.957,2.955,2.957,2.96,2.962,2.96,2.962,3
2026-02-17 03:37:00,2.9565,2.957,2.9545,2.955,2.9615,2.962,2.9595,2.96,6
2026-02-17 03:39:00,2.956,2.956,2.956,2.956,2.961,2.961,2.961,2.961,1
2026-02-17 03:40:00,2.957,2.957,2.9565,2.957,2.962,2.962,2.9615,2.962,3
2026-02-17 03:41:00,2.9565,2.9565,2.9565,2.9565,2.9615,2.9615,2.9615,2.9615,1
2026-02-17 03:49:00,2.956,2.956,2.9555,2.9555,2.961,2.961,2.9605,2.9605,2
2026-02-17 03:50:00,2.956,2.956,2.9555,2.9555,2.961,2.961,2.9605,2.9605,2
2026-02-17 03:54:00,2.955,2.955,2.952,2.953,2.96,2.96,2.957,2.958,9
2026-02-17 03:55:00,2.9535,2.9535,2.9535,2.9535,2.9585,2.9585,2.9585,2.9585,1
2026-02-17 03:58:00,2.952,2.952,2.951,2.952,2.957,2.957,2.956,2.957,3
2026-02-17 03:59:00,2.951,2.952,2.95,2.952,2.956,2.957,2.955,2.957,4
2026-02-17 04:00:00,2.9515,2.953,2.9515,2.953,2.9565,2.958,2.9565,2.958,7
2026-02-17 04:01:00,2.9525,2.9525,2.9525,2.9525,2.9575,2.9575,2.9575,2.9575,1
2026-02-17 04:03:00,2.953,2.953,2.952,2.952,2.958,2.958,2.957,2.957,2
2026-02-17 04:04:00,2.9525,2.9525,2.952,2.952,2.9575,2.9575,2.957,2.957,2
2026-02-17 04:06:00,2.95,2.95,2.948,2.95,2.955,2.955,2.953,2.955,8
2026-02-17 04:07:00,2.9495,2.95,2.947,2.9495,2.9545,2.955,2.952,2.9545,11
2026-02-17 04:08:00,2.95,2.95,2.95,2.95,2.955,2.955,2.955,2.955,1
2026-02-17 04:10:00,2.9505,2.9505,2.9505,2.9505,2.9555,2.9555,2.9555,2.9555,1
2026-02-17 04:12:00,2.952,2.952,2.952,2.952,2.957,2.957,2.957,2.957,1
2026-02-17 04:14:00,2.951,2.951,2.949,2.95,2.956,2.956,2.954,2.955,5
2026-02-17 04:15:00,2.9495,2.9505,2.9495,2.9505,2.9545,2.9555,2.9545,2.9555,2
2026-02-17 04:16:00,2.9485,2.9485,2.942,2.943,2.9535,2.9535,2.947,2.948,15
2026-02-17 04:17:00,2.944,2.945,2.9435,2.9445,2.949,2.95,2.9485,2.9495,4
2026-02-17 04:18:00,2.945,2.947,2.945,2.947,2.95,2.952,2.95,2.952,4
2026-02-17 04:19:00,2.9475,2.9485,2.946,2.948,2.9525,2.9535,2.951,2.953,7
2026-02-17 04:20:00,2.949,2.951,2.949,2.9495,2.954,2.956,2.954,2.9545,6
2026-02-17 04:21:00,2.949,2.9505,2.949,2.9505,2.954,2.9555,2.954,2.9555,3
2026-02-17 04:24:00,2.9495,2.9495,2.9485,2.949,2.9545,2.9545,2.9535,2.954,8
2026-02-17 04:25:00,2.9495,2.9495,2.949,2.949,2.9545,2.9545,2.954,2.954,2
2026-02-17 04:26:00,2.9485,2.949,2.9485,2.949,2.9535,2.954,2.9535,2.954,2
2026-02-17 04:27:00,2.9485,2.9485,2.946,2.946,2.9535,2.9535,2.951,2.951,5
2026-02-17 04:28:00,2.947,2.9475,2.945,2.945,2.952,2.9525,2.95,2.95,4
2026-02-17 04:29:00,2.9445,2.9445,2.9445,2.9445,2.9495,2.9495,2.9495,2.9495,1
2026-02-17 04:30:00,2.946,2.946,2.9375,2.9415,2.951,2.951,2.9425,2.9465,45
2026-02-17 04:31:00,2.942,2.946,2.942,2.9425,2.947,2.951,2.947,2.9475,20
2026-02-17 04:32:00,2.943,2.9445,2.942,2.9445,2.948,2.9495,2.947,2.9495,7
2026-02-17 04:33:00,2.9455,2.9455,2.9445,2.9445,2.9505,2.9505,2.9495,2.9495,5
2026-02-17 04:34:00,2.945,2.945,2.944,2.945,2.95,2.95,2.949,2.95,4
2026-02-17 04:35:00,2.946,2.947,2.944,2.9465,2.951,2.952,2.949,2.9515,12
2026-02-17 04:36:00,2.947,2.9545,2.947,2.954,2.952,2.9595,2.952,2.959,24
2026-02-17 04:37:00,2.9535,2.9595,2.9515,2.959,2.9585,2.9645,2.9565,2.964,33
2026-02-17 04:38:00,2.9595,2.9685,2.9595,2.968,2.9645,2.9735,2.9645,2.973,50
2026-02-17 04:39:00,2.9685,2.974,2.9685,2.972,2.9735,2.979,2.9735,2.977,39
2026-02-17 04:40:00,2.973,2.977,2.9695,2.9705,2.978,2.982,2.9745,2.9755,31
2026-02-17 04:41:00,2.97,2.971,2.9675,2.97,2.975,2.976,2.9725,2.975,28
2026-02-17 04:42:00,2.9705,2.973,2.97,2.9705,2.9755,2.978,2.975,2.9755,27
2026-02-17 04:43:00,2.9695,2.9735,2.9695,2.972,2.9745,2.9785,2.9745,2.977,24
2026-02-17 04:44:00,2.9725,2.973,2.9695,2.97,2.9775,2.978,2.9745,2.975,9
2026-02-17 04:45:00,2.971,2.9735,2.97,2.97,2.976,2.9785,2.975,2.975,12
2026-02-17 04:47:00,2.969,2.969,2.9675,2.9685,2.974,2.974,2.9725,2.9735,6
2026-02-17 04:48:00,2.968,2.9685,2.9665,2.9685,2.973,2.9735,2.9715,2.9735,6
2026-02-17 04:49:00,2.969,2.971,2.969,2.9705,2.974,2.976,2.974,2.9755,7
2026-02-17 04:50:00,2.971,2.971,2.9695,2.971,2.976,2.976,2.9745,2.976,8
2026-02-17 04:51:00,2.9715,2.973,2.9685,2.971,2.9765,2.978,2.9735,2.976,19
2026-02-17 04:52:00,2.9715,2.9715,2.969,2.969,2.9765,2.9765,2.974,2.974,5
2026-02-17 04:53:00,2.9695,2.97,2.9695,2.97,2.9745,2.975,2.9745,2.975,2
2026-02-17 04:54:00,2.969,2.969,2.969,2.969,2.974,2.974,2.974,2.974,1
2026-02-17 04:55:00,2.97,2.9715,2.97,2.9705,2.975,2.9765,2.975,2.9755,5
2026-02-17 04:56:00,2.9715,2.972,2.97,2.9715,2.9765,2.977,2.975,2.9765,8
2026-02-17 04:57:00,2.972,2.9725,2.9715,2.9725,2.977,2.9775,2.9765,2.9775,4
2026-02-17 04:58:00,2.973,2.9765,2.973,2.9735,2.978,2.9815,2.978,2.9785,8
2026-02-17 04:59:00,2.974,2.974,2.973,2.974,2.979,2.979,2.978,2.979,3
2026-02-17 05:00:00,2.9745,2.977,2.9745,2.9755,2.9795,2.982,2.9795,2.9805,13
2026-02-17 05:01:00,2.975,2.9765,2.975,2.9765,2.98,2.9815,2.98,2.9815,5
2026-02-17 05:02:00,2.977,2.985,2.977,2.982,2.982,2.99,2.982,2.987,36
2026-02-17 05:03:00,2.9815,2.985,2.9815,2.9845,2.9865,2.99,2.9865,2.9895,23
2026-02-17 05:04:00,2.985,2.985,2.9785,2.9785,2.99,2.99,2.9835,2.9835,16
2026-02-17 05:05:00,2.979,2.9805,2.9785,2.9785,2.984,2.9855,2.9835,2.9835,12
2026-02-17 05:06:00,2.979,2.979,2.9755,2.9775,2.984,2.984,2.9805,2.9825,14
2026-02-17 05:07:00,2.978,2.9825,2.978,2.9815,2.983,2.9875,2.983,2.9865,16
2026-02-17 05:08:00,2.982,2.982,2.9805,2.9805,2.987,2.987,2.9855,2.9855,4
2026-02-17 05:09:00,2.98,2.982,2.98,2.9805,2.985,2.987,2.985,2.9855,10
2026-02-17 05:10:00,2.981,2.981,2.981,2.981,2.986,2.986,2.986,2.986,1
2026-02-17 05:11:00,2.98,2.98,2.98,2.98,2.985,2.985,2.985,2.985,1
2026-02-17 05:13:00,2.9795,2.98,2.9765,2.978,2.9845,2.985,2.9815,2.983,7
2026-02-17 05:14:00,2.9765,2.9765,2.972,2.9725,2.9815,2.9815,2.977,2.9775,12
2026-02-17 05:15:00,2.973,2.9745,2.973,2.9735,2.978,2.9795,2.978,2.9785,5
2026-02-17 05:16:00,2.9745,2.9745,2.9745,2.9745,2.9795,2.9795,2.9795,2.9795,1
2026-02-17 05:17:00,2.9735,2.9735,2.9735,2.9735,2.9785,2.9785,2.9785,2.9785,1
2026-02-17 05:18:00,2.9745,2.976,2.9745,2.975,2.9795,2.981,2.9795,2.98,4
2026-02-17 05:20:00,2.9735,2.9735,2.9735,2.9735,2.9785,2.9785,2.9785,2.9785,1
2026-02-17 05:21:00,2.9745,2.9765,2.9745,2.9765,2.9795,2.9815,2.9795,2.9815,4
2026-02-17 05:22:00,2.977,2.978,2.9765,2.9765,2.982,2.983,2.9815,2.9815,6
2026-02-17 05:23:00,2.977,2.977,2.9755,2.9755,2.982,2.982,2.9805,2.9805,8
2026-02-17 05:25:00,2.976,2.976,2.9755,2.976,2.981,2.981,2.9805,2.981,3
2026-02-17 05:26:00,2.9755,2.9755,2.9745,2.975,2.9805,2.9805,2.9795,2.98,4
2026-02-17 05:27:00,2.9745,2.9745,2.971,2.9735,2.9795,2.9795,2.976,2.9785,8
2026-02-17 05:28:00,2.9745,2.9745,2.9745,2.9745,2.9795,2.9795,2.9795,2.9795,1
2026-02-17 05:30:00,2.974,2.974,2.972,2.972,2.979,2.979,2.977,2.977,3
2026-02-17 05:31:00,2.9715,2.9715,2.969,2.971,2.9765,2.9765,2.974,2.976,8
2026-02-17 05:32:00,2.9705,2.971,2.9705,2.9705,2.9755,2.976,2.9755,2.9755,3
2026-02-17 05:33:00,2.971,2.9715,2.971,2.971,2.976,2.9765,2.976,2.976,3
2026-02-17 05:34:00,2.9705,2.9705,2.9695,2.97,2.9755,2.9755,2.9745,2.975,3
2026-02-17 05:35:00,2.9695,2.9715,2.9695,2.9715,2.9745,2.9765,2.9745,2.9765,4
2026-02-17 05:36:00,2.972,2.972,2.9715,2.9715,2.977,2.977,2.9765,2.9765,2
2026-02-17 05:37:00,2.972,2.9745,2.972,2.974,2.977,2.9795,2.977,2.979,7
2026-02-17 05:38:00,2.9745,2.9745,2.9735,2.9735,2.9795,2.9795,2.9785,2.9785,3
2026-02-17 05:39:00,2.974,2.974,2.973,2.973,2.979,2.979,2.978,2.978,2
2026-02-17 05:41:00,2.9735,2.9735,2.9735,2.9735,2.9785,2.9785,2.9785,2.9785,1
2026-02-17 05:42:00,2.973,2.9745,2.973,2.974,2.978,2.9795,2.978,2.979,4
2026-02-17 05:43:00,2.9745,2.9765,2.9735,2.9755,2.9795,2.9815,2.9785,2.9805,8
2026-02-17 05:44:00,2.975,2.975,2.9745,2.9745,2.98,2.98,2.9795,2.9795,4
2026-02-17 05:45:00,2.975,2.975,2.974,2.974,2.98,2.98,2.979,2.979,8
2026-02-17 05:46:00,2.9735,2.9735,2.9725,2.9725,2.9785,2.9785,2.9775,2.9775,4
2026-02-17 05:47:00,2.972,2.972,2.972,2.972,2.977,2.977,2.977,2.977,1
2026-02-17 05:48:00,2.9715,2.9715,2.9715,2.9715,2.9765,2.9765,2.9765,2.9765,1
2026-02-17 05:49:00,2.971,2.972,2.971,2.972,2.976,2.977,2.976,2.977,2
2026-02-17 05:50:00,2.9725,2.973,2.9725,2.9725,2.9775,2.978,2.9775,2.9775,3
2026-02-17 05:52:00,2.973,2.9745,2.973,2.9745,2.978,2.9795,2.978,2.9795,3
2026-02-17 05:53:00,2.975,2.976,2.975,2.9755,2.98,2.981,2.98,2.9805,6
2026-02-17 05:54:00,2.975,2.975,2.9735,2.9735,2.98,2.98,2.9785,2.9785,3
2026-02-17 05:56:00,2.974,2.974,2.974,2.974,2.979,2.979,2.979,2.979,1
2026-02-17 05:57:00,2.975,2.975,2.9735,2.9735,2.98,2.98,2.9785,2.9785,10
2026-02-17 05:58:00,2.974,2.974,2.9695,2.9715,2.979,2.979,2.9745,2.9765,8
2026-02-17 05:59:00,2.973,2.973,2.9715,2.9725,2.978,2.978,2.9765,2.9775,3
2026-02-17 06:01:00,2.9745,2.9745,2.974,2.974,2.9795,2.9795,2.979,2.979,2
2026-02-17 06:02:00,2.9735,2.974,2.9735,2.974,2.9785,2.979,2.9785,2.979,2
2026-02-17 06:03:00,2.9745,2.9755,2.9745,2.9755,2.9795,2.9805,2.9795,2.9805,3
2026-02-17 06:04:00,2.9745,2.9745,2.9745,2.9745,2.9795,2.9795,2.9795,2.9795,1
2026-02-17 06:05:00,2.975,2.975,2.972,2.972,2.98,2.98,2.977,2.977,5
2026-02-17 06:06:00,2.9725,2.973,2.9725,2.973,2.9775,2.978,2.9775,2.978,2
2026-02-17 06:07:00,2.9735,2.974,2.9735,2.974,2.9785,2.979,2.9785,2.979,2
2026-02-17 06:08:00,2.973,2.974,2.973,2.974,2.978,2.979,2.978,2.979,6
2026-02-17 06:09:00,2.9745,2.9745,2.9745,2.9745,2.9795,2.9795,2.9795,2.9795,1
2026-02-17 06:10:00,2.9735,2.9735,2.9705,2.972,2.9785,2.9785,2.9755,2.977,6
2026-02-17 06:11:00,2.9715,2.9735,2.9715,2.9735,2.9765,2.9785,2.9765,2.9785,4
2026-02-17 06:12:00,2.974,2.9745,2.972,2.9745,2.979,2.9795,2.977,2.9795,14
2026-02-17 06:14:00,2.975,2.982,2.975,2.982,2.98,2.987,2.98,2.987,24
2026-02-17 06:15:00,2.9815,2.9825,2.981,2.981,2.9865,2.9875,2.986,2.986,6
2026-02-17 06:16:00,2.9805,2.9805,2.976,2.9785,2.9855,2.9855,2.981,2.9835,9
2026-02-17 06:17:00,2.978,2.978,2.977,2.978,2.983,2.983,2.982,2.983,5
2026-02-17 06:18:00,2.979,2.979,2.9765,2.9765,2.984,2.984,2.9815,2.9815,8
2026-02-17 06:20:00,2.976,2.976,2.9745,2.9745,2.981,2.981,2.9795,2.9795,4
2026-02-17 06:21:00,2.974,2.974,2.9735,2.9735,2.979,2.979,2.9785,2.9785,2
2026-02-17 06:22:00,2.973,2.9765,2.973,2.9765,2.978,2.9815,2.978,2.9815,5
2026-02-17 06:23:00,2.976,2.978,2.976,2.9775,2.981,2.983,2.981,2.9825,5
2026-02-17 06:24:00,2.976,2.976,2.9735,2.9745,2.981,2.981,2.9785,2.9795,6
2026-02-17 06:25:00,2.975,2.976,2.9745,2.9745,2.98,2.981,2.9795,2.9795,4
2026-02-17 06:26:00,2.974,2.974,2.9735,2.9735,2.979,2.979,2.9785,2.9785,2
2026-02-17 06:27:00,2.973,2.9745,2.973,2.9745,2.978,2.9795,2.978,2.9795,2
2026-02-17 06:28:00,2.975,2.975,2.9745,2.9745,2.98,2.98,2.9795,2.9795,2
2026-02-17 06:29:00,2.975,2.977,2.974,2.974,2.98,2.982,2.979,2.979,7
2026-02-17 06:30:00,2.9735,2.975,2.972,2.975,2.9785,2.98,2.977,2.98,6
2026-02-17 06:31:00,2.9755,2.9775,2.9755,2.9775,2.9805,2.9825,2.9805,2.9825,3
2026-02-17 06:32:00,2.9785,2.9785,2.976,2.9785,2.9835,2.9835,2.981,2.9835,7
2026-02-17 06:33:00,2.979,2.979,2.979,2.979,2.984,2.984,2.984,2.984,1
2026-02-17 06:34:00,2.9785,2.9785,2.9785,2.9785,2.9835,2.9835,2.9835,2.9835,1
2026-02-17 06:35:00,2.979,2.9805,2.979,2.98,2.984,2.9855,2.984,2.985,9
2026-02-17 06:36:00,2.9805,2.982,2.9805,2.9815,2.9855,2.987,2.9855,2.9865,6
2026-02-17 06:37:00,2.982,2.989,2.98,2.9855,2.987,2.994,2.985,2.9905,21
2026-02-17 06:38:00,2.985,2.9865,2.985,2.985,2.99,2.9915,2.99,2.99,4
2026-02-17 06:39:00,2.9845,2.987,2.984,2.987,2.9895,2.992,2.989,2.992,4
2026-02-17 06:40:00,2.9865,2.9865,2.9795,2.98,2.9915,2.9915,2.9845,2.985,11
2026-02-17 06:41:00,2.979,2.979,2.9775,2.9775,2.984,2.984,2.9825,2.9825,6
2026-02-17 06:42:00,2.977,2.978,2.975,2.975,2.982,2.983,2.98,2.98,10
2026-02-17 06:43:00,2.974,2.975,2.972,2.9725,2.979,2.98,2.977,2.9775,8
2026-02-17 06:44:00,2.972,2.973,2.9535,2.958,2.977,2.978,2.9585,2.963,63
2026-02-17 06:45:00,2.9575,2.9575,2.9545,2.9545,2.9625,2.9625,2.9595,2.9595,13
2026-02-17 06:46:00,2.954,2.9565,2.9535,2.9565,2.959,2.9615,2.9585,2.9615,6
2026-02-17 06:47:00,2.9575,2.9575,2.9575,2.9575,2.9625,2.9625,2.9625,2.9625,1
2026-02-17 06:48:00,2.957,2.958,2.955,2.9555,2.962,2.963,2.96,2.9605,11
2026-02-17 06:49:00,2.9565,2.9565,2.956,2.956,2.9615,2.9615,2.961,2.961,2
2026-02-17 06:50:00,2.9545,2.957,2.9545,2.957,2.9595,2.962,2.9595,2.962,6
2026-02-17 06:51:00,2.9575,2.958,2.9575,2.958,2.9625,2.963,2.9625,2.963,2
2026-02-17 06:53:00,2.9575,2.968,2.9575,2.9655,2.9625,2.973,2.9625,2.9705,17
2026-02-17 06:54:00,2.966,2.9695,2.966,2.9675,2.971,2.9745,2.971,2.9725,12
2026-02-17 06:55:00,2.968,2.9765,2.968,2.975,2.973,2.9815,2.973,2.98,26
2026-02-17 06:56:00,2.9745,2.9745,2.968,2.9705,2.9795,2.9795,2.973,2.9755,12
2026-02-17 06:57:00,2.969,2.9695,2.969,2.969,2.974,2.9745,2.974,2.974,3
2026-02-17 06:58:00,2.97,2.9705,2.97,2.9705,2.975,2.9755,2.975,2.9755,2
2026-02-17 06:59:00,2.9685,2.9695,2.967,2.9695,2.9735,2.9745,2.972,2.9745,6
2026-02-17 07:00:00,2.97,2.9705,2.9685,2.97,2.975,2.9755,2.9735,2.975,10
2026-02-17 07:01:00,2.9705,2.974,2.9705,2.9735,2.9755,2.979,2.9755,2.9785,10
2026-02-17 07:03:00,2.973,2.9735,2.973,2.9735,2.978,2.9785,2.978,2.9785,2
2026-02-17 07:04:00,2.973,2.974,2.9725,2.9725,2.978,2.979,2.9775,2.9775,4
2026-02-17 07:05:00,2.973,2.973,2.9715,2.9725,2.978,2.978,2.9765,2.9775,3
2026-02-17 07:06:00,2.972,2.974,2.972,2.973,2.977,2.979,2.977,2.978,10
2026-02-17 07:07:00,2.9735,2.9735,2.972,2.972,2.9785,2.9785,2.977,2.977,4
2026-02-17 07:08:00,2.9725,2.973,2.9655,2.9695,2.9775,2.978,2.9705,2.9745,29
2026-02-17 07:09:00,2.9685,2.97,2.9685,2.97,2.9735,2.975,2.9735,2.975,4
2026-02-17 07:10:00,2.9705,2.9705,2.969,2.9695,2.9755,2.9755,2.974,2.9745,4
2026-02-17 07:11:00,2.969,2.972,2.9675,2.972,2.974,2.977,2.9725,2.977,9
2026-02-17 07:12:00,2.9725,2.973,2.972,2.973,2.9775,2.978,2.977,2.978,3
2026-02-17 07:13:00,2.9735,2.9735,2.9715,2.9735,2.9785,2.9785,2.9765,2.9785,4
2026-02-17 07:14:00,2.9725,2.9735,2.968,2.9735,2.9775,2.9785,2.973,2.9785,11
2026-02-17 07:15:00,2.972,2.9735,2.971,2.9725,2.977,2.9785,2.976,2.9775,10
2026-02-17 07:16:00,2.9735,2.974,2.973,2.974,2.9785,2.979,2.978,2.979,4
2026-02-17 07:17:00,2.9745,2.9865,2.9745,2.986,2.9795,2.9915,2.9795,2.991,38
2026-02-17 07:18:00,2.9855,2.986,2.9825,2.9825,2.9905,2.991,2.9875,2.9875,6
2026-02-17 07:19:00,2.9805,2.9805,2.9675,2.9765,2.9855,2.9855,2.9725,2.9815,27
2026-02-17 07:20:00,2.976,2.976,2.9735,2.9735,2.981,2.981,2.9785,2.9785,5
2026-02-17 07:21:00,2.97,2.974,2.969,2.9735,2.975,2.979,2.974,2.9785,11
2026-02-17 07:22:00,2.974,2.987,2.971,2.983,2.979,2.992,2.976,2.988,22
2026-02-17 07:23:00,2.9835,2.9835,2.977,2.977,2.9885,2.9885,2.982,2.982,9
2026-02-17 07:24:00,2.9755,2.9765,2.9755,2.9765,2.9805,2.9815,2.9805,2.9815,3
2026-02-17 07:25:00,2.977,2.978,2.9735,2.974,2.982,2.983,2.9785,2.979,19
2026-02-17 07:26:00,2.9745,2.9745,2.9745,2.9745,2.9795,2.9795,2.9795,2.9795,1
2026-02-17 07:27:00,2.975,2.975,2.974,2.974,2.98,2.98,2.979,2.979,3
2026-02-17 07:28:00,2.973,2.974,2.97,2.9725,2.978,2.979,2.975,2.9775,16
2026-02-17 07:29:00,2.972,2.972,2.9705,2.9705,2.977,2.977,2.9755,2.9755,3
2026-02-17 07:30:00,2.971,2.971,2.9675,2.971,2.976,2.976,2.9725,2.976,12
2026-02-17 07:31:00,2.9705,2.974,2.9705,2.9715,2.9755,2.979,2.9755,2.9765,7
2026-02-17 07:32:00,2.9725,2.9725,2.9725,2.9725,2.9775,2.9775,2.9775,2.9775,1
2026-02-17 07:33:00,2.973,2.973,2.9715,2.9715,2.978,2.978,2.9765,2.9765,3
2026-02-17 07:34:00,2.9705,2.974,2.97,2.974,2.9755,2.979,2.975,2.979,6
2026-02-17 07:35:00,2.9745,2.9745,2.971,2.971,2.9795,2.9795,2.976,2.976,3
2026-02-17 07:36:00,2.972,2.9725,2.9705,2.971,2.977,2.9775,2.9755,2.976,4
2026-02-17 07:37:00,2.9715,2.9715,2.9715,2.9715,2.9765,2.9765,2.9765,2.9765,1
2026-02-17 07:39:00,2.972,2.9725,2.972,2.9725,2.977,2.9775,2.977,2.9775,2
2026-02-17 07:40:00,2.9715,2.9715,2.9715,2.9715,2.9765,2.9765,2.9765,2.9765,1
2026-02-17 07:42:00,2.9705,2.9705,2.9665,2.9695,2.9755,2.9755,2.9715,2.9745,9
2026-02-17 07:43:00,2.969,2.969,2.9675,2.968,2.974,2.974,2.9725,2.973,4
2026-02-17 07:44:00,2.9685,2.969,2.9685,2.969,2.9735,2.974,2.9735,2.974,2
2026-02-17 07:45:00,2.9685,2.97,2.9685,2.9695,2.9735,2.975,2.9735,2.9745,4
2026-02-17 07:46:00,2.969,2.969,2.967,2.9685,2.974,2.974,2.972,2.9735,10
2026-02-17 07:47:00,2.968,2.9685,2.968,2.9685,2.973,2.9735,2.973,2.9735,2
2026-02-17 07:48:00,2.968,2.969,2.968,2.969,2.973,2.974,2.973,2.974,3
2026-02-17 07:50:00,2.97,2.97,2.968,2.968,2.975,2.975,2.973,2.973,3
2026-02-17 07:51:00,2.966,2.966,2.9655,2.966,2.971,2.971,2.9705,2.971,3
2026-02-17 07:52:00,2.967,2.967,2.967,2.967,2.972,2.972,2.972,2.972,1
2026-02-17 07:53:00,2.968,2.968,2.9665,2.9665,2.973,2.973,2.9715,2.9715,3
2026-02-17 07:54:00,2.9655,2.9665,2.9655,2.9665,2.9705,2.9715,2.9705,2.9715,4
2026-02-17 07:55:00,2.967,2.9675,2.9655,2.9655,2.972,2.9725,2.9705,2.9705,5
2026-02-17 07:56:00,2.9645,2.9655,2.964,2.9655,2.9695,2.9705,2.969,2.9705,3
2026-02-17 07:58:00,2.966,2.9665,2.966,2.9665,2.971,2.9715,2.971,2.9715,2
2026-02-17 07:59:00,2.9675,2.9675,2.965,2.965,2.9725,2.9725,2.97,2.97,18
2026-02-17 08:00:00,2.964,2.9645,2.9605,2.9615,2.969,2.9695,2.9655,2.9665,17
2026-02-17 08:01:00,2.962,2.963,2.9595,2.9595,2.967,2.968,2.9645,2.9645,15
2026-02-17 08:02:00,2.96,2.96,2.9595,2.9595,2.965,2.965,2.9645,2.9645,2
2026-02-17 08:03:00,2.96,2.961,2.9575,2.958,2.965,2.966,2.9625,2.963,17
2026-02-17 08:04:00,2.9575,2.9575,2.956,2.9575,2.9625,2.9625,2.961,2.9625,8
2026-02-17 08:05:00,2.957,2.958,2.956,2.957,2.962,2.963,2.961,2.962,8
2026-02-17 08:06:00,2.9575,2.9575,2.955,2.956,2.9625,2.9625,2.96,2.961,12
2026-02-17 08:07:00,2.9555,2.9565,2.9545,2.956,2.9605,2.9615,2.9595,2.961,7
2026-02-17 08:08:00,2.9555,2.9575,2.9555,2.9565,2.9605,2.9625,2.9605,2.9615,3
2026-02-17 08:09:00,2.957,2.9575,2.9565,2.957,2.962,2.9625,2.9615,2.962,8
2026-02-17 08:10:00,2.958,2.959,2.9535,2.955,2.963,2.964,2.9585,2.96,20
2026-02-17 08:11:00,2.956,2.9615,2.956,2.957,2.961,2.9665,2.961,2.962,13
2026-02-17 08:12:00,2.9575,2.9595,2.955,2.9585,2.9625,2.9645,2.96,2.9635,20
2026-02-17 08:13:00,2.958,2.9605,2.958,2.9605,2.963,2.9655,2.963,2.9655,15
2026-02-17 08:14:00,2.96,2.963,2.96,2.962,2.965,2.968,2.965,2.967,11
2026-02-17 08:15:00,2.9615,2.963,2.9615,2.963,2.9665,2.968,2.9665,2.968,4
2026-02-17 08:16:00,2.962,2.964,2.962,2.9635,2.967,2.969,2.967,2.9685,8
2026-02-17 08:17:00,2.964,2.964,2.9625,2.963,2.969,2.969,2.9675,2.968,5
2026-02-17 08:18:00,2.9635,2.9635,2.9635,2.9635,2.9685,2.9685,2.9685,2.9685,1
2026-02-17 08:19:00,2.964,2.967,2.964,2.965,2.969,2.972,2.969,2.97,11
2026-02-17 08:20:00,2.9655,2.966,2.9655,2.9655,2.9705,2.971,2.9705,2.9705,3
2026-02-17 08:21:00,2.9665,2.9695,2.9665,2.969,2.9715,2.9745,2.9715,2.974,7
2026-02-17 08:22:00,2.97,2.9715,2.969,2.9705,2.975,2.9765,2.974,2.9755,15
2026-02-17 08:23:00,2.971,2.9715,2.9705,2.9715,2.976,2.9765,2.9755,2.9765,3
2026-02-17 08:24:00,2.9705,2.9715,2.9695,2.9695,2.9755,2.9765,2.9745,2.9745,10
2026-02-17 08:25:00,2.97,2.9745,2.97,2.9725,2.975,2.9795,2.975,2.9775,18
2026-02-17 08:26:00,2.973,2.9735,2.9725,2.973,2.978,2.9785,2.9775,2.978,5
2026-02-17 08:27:00,2.9735,2.977,2.9735,2.9745,2.9785,2.982,2.9785,2.9795,15
2026-02-17 08:28:00,2.974,2.9745,2.9735,2.974,2.979,2.9795,2.9785,2.979,11
2026-02-17 08:29:00,2.9745,2.9745,2.972,2.9735,2.9795,2.9795,2.977,2.9785,6
2026-02-17 08:30:00,2.9745,2.9745,2.972,2.9735,2.9795,2.9795,2.977,2.9785,8
2026-02-17 08:31:00,2.973,2.974,2.9725,2.9735,2.978,2.979,2.9775,2.9785,5
2026-02-17 08:32:00,2.973,2.9735,2.969,2.9735,2.978,2.9785,2.974,2.9785,13
2026-02-17 08:33:00,2.973,2.973,2.973,2.973,2.978,2.978,2.978,2.978,1
2026-02-17 08:34:00,2.9725,2.977,2.9715,2.977,2.9775,2.982,2.9765,2.982,12
2026-02-17 08:35:00,2.9765,2.9775,2.975,2.9755,2.9815,2.9825,2.98,2.9805,10
2026-02-17 08:36:00,2.9765,2.9775,2.9765,2.9765,2.9815,2.9825,2.9815,2.9815,4
2026-02-17 08:37:00,2.9785,2.9785,2.976,2.9765,2.9835,2.9835,2.981,2.9815,11
2026-02-17 08:38:00,2.9775,2.9775,2.9775,2.9775,2.9825,2.9825,2.9825,2.9825,1
2026-02-17 08:39:00,2.978,2.978,2.977,2.9775,2.983,2.983,2.982,2.9825,8
2026-02-17 08:40:00,2.978,2.9825,2.9775,2.981,2.983,2.9875,2.9825,2.986,15
2026-02-17 08:41:00,2.982,2.989,2.982,2.9885,2.987,2.994,2.987,2.9935,30
2026-02-17 08:42:00,2.989,2.99,2.9815,2.9815,2.994,2.995,2.9865,2.9865,32
2026-02-17 08:43:00,2.981,2.983,2.981,2.9825,2.986,2.988,2.986,2.9875,5
2026-02-17 08:44:00,2.982,2.982,2.981,2.981,2.987,2.987,2.986,2.986,4
2026-02-17 08:45:00,2.9805,2.9815,2.979,2.981,2.9855,2.9865,2.984,2.986,7
2026-02-17 08:46:00,2.982,2.9825,2.981,2.982,2.987,2.9875,2.986,2.987,7
2026-02-17 08:47:00,2.9825,2.986,2.9825,2.9835,2.9875,2.991,2.9875,2.9885,18
2026-02-17 08:48:00,2.983,2.9845,2.983,2.9835,2.988,2.9895,2.988,2.9885,12
2026-02-17 08:49:00,2.9845,2.9855,2.983,2.9845,2.9895,2.9905,2.988,2.9895,9
2026-02-17 08:50:00,2.9835,2.9835,2.983,2.9835,2.9885,2.9885,2.988,2.9885,3
2026-02-17 08:52:00,2.983,2.983,2.9815,2.9815,2.988,2.988,2.9865,2.9865,6
2026-02-17 08:53:00,2.981,2.982,2.978,2.979,2.986,2.987,2.983,2.984,8
2026-02-17 08:54:00,2.98,2.982,2.98,2.981,2.985,2.987,2.985,2.986,11
2026-02-17 08:55:00,2.9815,2.9815,2.9795,2.9795,2.9865,2.9865,2.9845,2.9845,7
2026-02-17 08:56:00,2.979,2.979,2.9785,2.9785,2.984,2.984,2.9835,2.9835,2
2026-02-17 08:57:00,2.979,2.981,2.979,2.98,2.984,2.986,2.984,2.985,6
2026-02-17 08:58:00,2.981,2.982,2.981,2.9815,2.986,2.987,2.986,2.9865,3
2026-02-17 08:59:00,2.981,2.981,2.975,2.976,2.986,2.986,2.98,2.981,13
2026-02-17 09:00:00,2.9755,2.9775,2.9715,2.9775,2.9805,2.9825,2.9765,2.9825,43
2026-02-17 09:01:00,2.9785,2.9785,2.967,2.9695,2.9835,2.9835,2.972,2.9745,20
2026-02-17 09:02:00,2.97,2.974,2.97,2.974,2.975,2.979,2.975,2.979,9
2026-02-17 09:03:00,2.9725,2.973,2.972,2.972,2.9775,2.978,2.977,2.977,5
2026-02-17 09:04:00,2.971,2.971,2.9665,2.967,2.976,2.976,2.9715,2.972,11
2026-02-17 09:05:00,2.968,2.969,2.968,2.968,2.973,2.974,2.973,2.973,4
2026-02-17 09:06:00,2.9685,2.9685,2.9685,2.9685,2.9735,2.9735,2.9735,2.9735,1
2026-02-17 09:07:00,2.969,2.969,2.959,2.9595,2.974,2.974,2.964,2.9645,28
2026-02-17 09:08:00,2.96,2.963,2.9595,2.962,2.965,2.968,2.9645,2.967,10
2026-02-17 09:09:00,2.9625,2.963,2.9625,2.9625,2.9675,2.968,2.9675,2.9675,5
2026-02-17 09:10:00,2.963,2.9635,2.962,2.9635,2.968,2.9685,2.967,2.9685,9
2026-02-17 09:11:00,2.964,2.966,2.963,2.9655,2.969,2.971,2.968,2.9705,15
2026-02-17 09:12:00,2.966,2.968,2.9645,2.968,2.971,2.973,2.9695,2.973,8
2026-02-17 09:13:00,2.97,2.97,2.963,2.9645,2.975,2.975,2.968,2.9695,18
2026-02-17 09:14:00,2.963,2.963,2.958,2.96,2.968,2.968,2.963,2.965,13
2026-02-17 09:15:00,2.9595,2.9595,2.9565,2.9575,2.9645,2.9645,2.9615,2.9625,12
2026-02-17 09:16:00,2.957,2.957,2.953,2.9545,2.962,2.962,2.958,2.9595,26
2026-02-17 09:17:00,2.954,2.9545,2.951,2.9525,2.959,2.9595,2.956,2.9575,12
2026-02-17 09:18:00,2.952,2.955,2.952,2.955,2.957,2.96,2.957,2.96,8
2026-02-17 09:19:00,2.9545,2.961,2.9545,2.9595,2.9595,2.966,2.9595,2.9645,17
2026-02-17 09:20:00,2.96,2.96,2.9585,2.96,2.965,2.965,2.9635,2.965,7
2026-02-17 09:21:00,2.9605,2.9635,2.96,2.96,2.9655,2.9685,2.965,2.965,14
2026-02-17 09:22:00,2.9595,2.9595,2.957,2.957,2.9645,2.9645,2.962,2.962,5
2026-02-17 09:23:00,2.958,2.963,2.958,2.963,2.963,2.968,2.963,2.968,11
2026-02-17 09:24:00,2.962,2.962,2.9605,2.9605,2.967,2.967,2.9655,2.9655,3
2026-02-17 09:25:00,2.961,2.961,2.9565,2.957,2.966,2.966,2.9615,2.962,14
2026-02-17 09:26:00,2.9565,2.9575,2.953,2.9555,2.9615,2.9625,2.958,2.9605,13
2026-02-17 09:27:00,2.956,2.956,2.954,2.954,2.961,2.961,2.959,2.959,4
2026-02-17 09:28:00,2.953,2.953,2.95,2.95,2.958,2.958,2.955,2.955,21
2026-02-17 09:29:00,2.9505,2.952,2.9505,2.952,2.9555,2.957,2.9555,2.957,9
2026-02-17 09:30:00,2.9515,2.953,2.95,2.9515,2.9565,2.958,2.955,2.9565,10
2026-02-17 09:31:00,2.952,2.9565,2.952,2.9545,2.957,2.9615,2.957,2.9595,15
2026-02-17 09:32:00,2.955,2.959,2.9545,2.9575,2.96,2.964,2.9595,2.9625,19
2026-02-17 09:33:00,2.957,2.958,2.957,2.9575,2.962,2.963,2.962,2.9625,4
2026-02-17 09:34:00,2.958,2.959,2.956,2.956,2.963,2.964,2.961,2.961,19
2026-02-17 09:35:00,2.9565,2.9585,2.955,2.9575,2.9615,2.9635,2.96,2.9625,12
2026-02-17 09:36:00,2.957,2.959,2.956,2.958,2.962,2.964,2.961,2.963,12
2026-02-17 09:37:00,2.9585,2.96,2.9585,2.9595,2.9635,2.965,2.9635,2.9645,7
2026-02-17 09:38:00,2.959,2.961,2.958,2.9595,2.964,2.966,2.963,2.9645,15
2026-02-17 09:39:00,2.958,2.958,2.9555,2.9555,2.963,2.963,2.9605,2.9605,8
2026-02-17 09:40:00,2.956,2.956,2.9545,2.955,2.961,2.961,2.9595,2.96,4
2026-02-17 09:41:00,2.954,2.954,2.9515,2.9515,2.959,2.959,2.9565,2.9565,6
2026-02-17 09:42:00,2.952,2.953,2.952,2.953,2.957,2.958,2.957,2.958,3
2026-02-17 09:43:00,2.9535,2.954,2.9535,2.9535,2.9585,2.959,2.9585,2.9585,5
2026-02-17 09:44:00,2.953,2.953,2.9525,2.9525,2.958,2.958,2.9575,2.9575,4
2026-02-17 09:45:00,2.953,2.9555,2.953,2.955,2.958,2.9605,2.958,2.96,5
2026-02-17 09:46:00,2.956,2.957,2.9545,2.9545,2.961,2.962,2.9595,2.9595,7
2026-02-17 09:47:00,2.954,2.955,2.953,2.955,2.959,2.96,2.958,2.96,14
2026-02-17 09:48:00,2.9555,2.957,2.9555,2.9555,2.9605,2.962,2.9605,2.9605,9
2026-02-17 09:49:00,2.956,2.958,2.956,2.9575,2.961,2.963,2.961,2.9625,5
2026-02-17 09:50:00,2.958,2.958,2.9545,2.9555,2.963,2.963,2.9595,2.9605,8
2026-02-17 09:51:00,2.956,2.956,2.9555,2.9555,2.961,2.961,2.9605,2.9605,2
2026-02-17 09:52:00,2.955,2.956,2.955,2.956,2.96,2.961,2.96,2.961,3
2026-02-17 09:53:00,2.9565,2.9565,2.956,2.956,2.9615,2.9615,2.961,2.961,2
2026-02-17 09:54:00,2.9555,2.96,2.955,2.9585,2.9605,2.965,2.96,2.9635,17
2026-02-17 09:55:00,2.957,2.957,2.955,2.955,2.962,2.962,2.96,2.96,6
2026-02-17 09:56:00,2.9555,2.9555,2.9555,2.9555,2.9605,2.9605,2.9605,2.9605,1
2026-02-17 09:57:00,2.956,2.959,2.9555,2.958,2.961,2.964,2.9605,2.963,9
2026-02-17 09:58:00,2.9585,2.9585,2.958,2.9585,2.9635,2.9635,2.963,2.9635,3
2026-02-17 09:59:00,2.959,2.961,2.959,2.9605,2.964,2.966,2.964,2.9655,12
2026-02-17 10:00:00,2.961,2.9635,2.9605,2.962,2.966,2.9685,2.9655,2.967,13
2026-02-17 10:01:00,2.9625,2.9625,2.962,2.9625,2.9675,2.9675,2.967,2.9675,3
2026-02-17 10:02:00,2.963,2.9645,2.9605,2.962,2.968,2.9695,2.9655,2.967,9
2026-02-17 10:03:00,2.9625,2.9625,2.9625,2.9625,2.9675,2.9675,2.9675,2.9675,1
2026-02-17 10:04:00,2.962,2.962,2.9575,2.959,2.967,2.967,2.9625,2.964,11
2026-02-17 10:05:00,2.9595,2.962,2.959,2.962,2.9645,2.967,2.964,2.967,7
2026-02-17 10:06:00,2.9625,2.9635,2.9625,2.9635,2.9675,2.9685,2.9675,2.9685,2
2026-02-17 10:07:00,2.964,2.964,2.961,2.964,2.969,2.969,2.966,2.969,14
2026-02-17 10:08:00,2.9635,2.964,2.961,2.962,2.9685,2.969,2.966,2.967,9
2026-02-17 10:09:00,2.9625,2.964,2.9585,2.9585,2.9675,2.969,2.9635,2.9635,13
2026-02-17 10:10:00,2.958,2.9585,2.9575,2.9575,2.963,2.9635,2.9625,2.9625,3
2026-02-17 10:11:00,2.957,2.958,2.957,2.957,2.962,2.963,2.962,2.962,4
2026-02-17 10:12:00,2.9565,2.9565,2.955,2.956,2.9615,2.9615,2.96,2.961,7
2026-02-17 10:13:00,2.957,2.957,2.953,2.956,2.962,2.962,2.958,2.961,15
2026-02-17 10:14:00,2.957,2.961,2.956,2.9605,2.962,2.966,2.961,2.9655,11
2026-02-17 10:15:00,2.961,2.962,2.96,2.9615,2.966,2.967,2.965,2.9665,7
2026-02-17 10:16:00,2.961,2.961,2.9585,2.959,2.966,2.966,2.9635,2.964,6
2026-02-17 10:17:00,2.96,2.9635,2.9595,2.9635,2.965,2.9685,2.9645,2.9685,8
2026-02-17 10:18:00,2.964,2.964,2.9625,2.964,2.969,2.969,2.9675,2.969,6
2026-02-17 10:19:00,2.965,2.968,2.965,2.9675,2.97,2.973,2.97,2.9725,16
2026-02-17 10:20:00,2.967,2.967,2.9635,2.965,2.972,2.972,2.9685,2.97,10
2026-02-17 10:21:00,2.966,2.966,2.964,2.966,2.971,2.971,2.969,2.971,9
2026-02-17 10:22:00,2.9665,2.967,2.9665,2.967,2.9715,2.972,2.9715,2.972,2
2026-02-17 10:23:00,2.9675,2.9705,2.967,2.9705,2.9725,2.9755,2.972,2.9755,13
2026-02-17 10:24:00,2.971,2.975,2.97,2.973,2.976,2.98,2.975,2.978,18
2026-02-17 10:25:00,2.9725,2.9735,2.97,2.9735,2.9775,2.9785,2.975,2.9785,12
2026-02-17 10:26:00,2.974,2.975,2.971,2.971,2.979,2.98,2.976,2.976,18
2026-02-17 10:27:00,2.9705,2.974,2.9705,2.9735,2.9755,2.979,2.9755,2.9785,13
2026-02-17 10:28:00,2.973,2.973,2.969,2.969,2.978,2.978,2.974,2.974,7
2026-02-17 10:29:00,2.968,2.968,2.963,2.964,2.973,2.973,2.968,2.969,15
2026-02-17 10:30:00,2.9645,2.9645,2.962,2.9625,2.9695,2.9695,2.967,2.9675,20
2026-02-17 10:31:00,2.962,2.963,2.962,2.962,2.967,2.968,2.967,2.967,7
2026-02-17 10:32:00,2.9625,2.964,2.9625,2.964,2.9675,2.969,2.9675,2.969,3
2026-02-17 10:33:00,2.965,2.965,2.9645,2.9645,2.97,2.97,2.9695,2.9695,2
2026-02-17 10:34:00,2.965,2.965,2.9625,2.9635,2.97,2.97,2.9675,2.9685,7
2026-02-17 10:35:00,2.963,2.963,2.961,2.962,2.968,2.968,2.966,2.967,9
2026-02-17 10:36:00,2.9625,2.965,2.962,2.965,2.9675,2.97,2.967,2.97,9
2026-02-17 10:37:00,2.966,2.966,2.9655,2.9655,2.971,2.971,2.9705,2.9705,2
2026-02-17 10:38:00,2.965,2.967,2.9625,2.9635,2.97,2.972,2.9675,2.9685,19
2026-02-17 10:39:00,2.963,2.963,2.9625,2.9625,2.968,2.968,2.9675,2.9675,2
2026-02-17 10:40:00,2.963,2.9645,2.963,2.9645,2.968,2.9695,2.968,2.9695,4
2026-02-17 10:41:00,2.964,2.964,2.961,2.9615,2.969,2.969,2.966,2.9665,6
2026-02-17 10:42:00,2.961,2.962,2.961,2.962,2.966,2.967,2.966,2.967,7
2026-02-17 10:44:00,2.9625,2.9635,2.9625,2.963,2.9675,2.9685,2.9675,2.968,12
2026-02-17 10:45:00,2.9635,2.964,2.963,2.964,2.9685,2.969,2.968,2.969,3
2026-02-17 10:46:00,2.9645,2.966,2.9645,2.966,2.9695,2.971,2.9695,2.971,3
2026-02-17 10:47:00,2.9665,2.967,2.966,2.967,2.9715,2.972,2.971,2.972,4
2026-02-17 10:48:00,2.9685,2.9725,2.968,2.972,2.9735,2.9775,2.973,2.977,16
2026-02-17 10:49:00,2.9715,2.9715,2.9715,2.9715,2.9765,2.9765,2.9765,2.9765,1
2026-02-17 10:50:00,2.972,2.973,2.9715,2.9725,2.977,2.978,2.9765,2.9775,12
2026-02-17 10:51:00,2.972,2.972,2.9665,2.969,2.977,2.977,2.9715,2.974,16
2026-02-17 10:52:00,2.9685,2.969,2.9675,2.9675,2.9735,2.974,2.9725,2.9725,8
2026-02-17 10:53:00,2.968,2.971,2.968,2.97,2.973,2.976,2.973,2.975,16
2026-02-17 10:54:00,2.9705,2.9715,2.9705,2.9715,2.9755,2.9765,2.9755,2.9765,2
2026-02-17 10:55:00,2.9725,2.9725,2.971,2.9715,2.9775,2.9775,2.976,2.9765,4
2026-02-17 10:56:00,2.972,2.974,2.9705,2.974,2.977,2.979,2.9755,2.979,10
2026-02-17 10:57:00,2.9745,2.9745,2.972,2.973,2.9795,2.9795,2.977,2.978,10
2026-02-17 10:58:00,2.9725,2.9745,2.971,2.972,2.9775,2.9795,2.976,2.977,18
2026-02-17 10:59:00,2.9725,2.9725,2.9715,2.9725,2.9775,2.9775,2.9765,2.9775,5
2026-02-17 11:00:00,2.973,2.976,2.973,2.974,2.978,2.981,2.978,2.979,11
2026-02-17 11:01:00,2.9745,2.976,2.974,2.9755,2.9795,2.981,2.979,2.9805,11
2026-02-17 11:02:00,2.976,2.978,2.9755,2.978,2.981,2.983,2.9805,2.983,15
2026-02-17 11:03:00,2.977,2.978,2.977,2.977,2.982,2.983,2.982,2.982,7
2026-02-17 11:04:00,2.9775,2.9795,2.977,2.977,2.9825,2.9845,2.982,2.982,19
2026-02-17 11:05:00,2.9775,2.982,2.9775,2.9795,2.9825,2.987,2.9825,2.9845,18
2026-02-17 11:06:00,2.9805,2.9805,2.98,2.98,2.9855,2.9855,2.985,2.985,2
2026-02-17 11:07:00,2.9795,2.9815,2.9795,2.981,2.9845,2.9865,2.9845,2.986,8
2026-02-17 11:08:00,2.9805,2.9805,2.978,2.9785,2.9855,2.9855,2.983,2.9835,6
2026-02-17 11:10:00,2.978,2.978,2.974,2.975,2.983,2.983,2.979,2.98,11
2026-02-17 11:11:00,2.9755,2.976,2.975,2.9755,2.9805,2.981,2.98,2.9805,4
2026-02-17 11:12:00,2.975,2.9755,2.9745,2.9755,2.98,2.9805,2.9795,2.9805,4
2026-02-17 11:13:00,2.976,2.9795,2.973,2.9765,2.981,2.9845,2.978,2.9815,19
2026-02-17 11:14:00,2.9775,2.979,2.9775,2.9785,2.9825,2.984,2.9825,2.9835,5
2026-02-17 11:15:00,2.979,2.982,2.979,2.9815,2.984,2.987,2.984,2.9865,7
2026-02-17 11:16:00,2.982,2.9825,2.98,2.9805,2.987,2.9875,2.985,2.9855,12
2026-02-17 11:17:00,2.98,2.9845,2.979,2.9815,2.985,2.9895,2.984,2.9865,21
2026-02-17 11:18:00,2.9825,2.9855,2.9825,2.985,2.9875,2.9905,2.9875,2.99,10
2026-02-17 11:19:00,2.984,2.986,2.984,2.9855,2.989,2.991,2.989,2.9905,10
2026-02-17 11:20:00,2.986,2.986,2.984,2.9845,2.991,2.991,2.989,2.9895,6
2026-02-17 11:21:00,2.984,2.987,2.984,2.987,2.989,2.992,2.989,2.992,11
2026-02-17 11:22:00,2.9875,2.9875,2.987,2.987,2.9925,2.9925,2.992,2.992,4
2026-02-17 11:23:00,2.988,2.99,2.988,2.9895,2.993,2.995,2.993,2.9945,14
2026-02-17 11:24:00,2.99,2.9925,2.989,2.992,2.995,2.9975,2.994,2.997,19
2026-02-17 11:25:00,2.9925,2.998,2.9925,2.9975,2.9975,3.003,2.9975,3.0025,24
2026-02-17 11:26:00,2.996,2.9975,2.9945,2.995,3.001,3.0025,2.9995,3.0,15
2026-02-17 11:27:00,2.996,2.9965,2.995,2.9965,3.001,3.0015,3.0,3.0015,7
2026-02-17 11:28:00,2.997,2.997,2.997,2.997,3.002,3.002,3.002,3.002,1
2026-02-17 11:29:00,2.9975,3.002,2.996,2.9995,3.0025,3.007,3.001,3.0045,18
2026-02-17 11:30:00,3.0,3.001,2.9995,3.001,3.005,3.006,3.0045,3.006,4
2026-02-17 11:31:00,3.002,3.005,3.002,3.0025,3.007,3.01,3.007,3.0075,10
2026-02-17 11:32:00,3.003,3.004,3.0005,3.002,3.008,3.009,3.0055,3.007,13
2026-02-17 11:33:00,3.001,3.001,2.999,3.0,3.006,3.006,3.004,3.005,8
2026-02-17 11:34:00,2.9995,2.9995,2.995,2.997,3.0045,3.0045,3.0,3.002,16
2026-02-17 11:35:00,2.996,2.996,2.9905,2.993,3.001,3.001,2.9955,2.998,16
2026-02-17 11:36:00,2.9925,2.993,2.9915,2.9925,2.9975,2.998,2.9965,2.9975,9
2026-02-17 11:37:00,2.991,2.991,2.9865,2.988,2.996,2.996,2.9915,2.993,11
2026-02-17 11:38:00,2.987,2.989,2.987,2.987,2.992,2.994,2.992,2.992,6
2026-02-17 11:39:00,2.988,2.99,2.9875,2.99,2.993,2.995,2.9925,2.995,7
2026-02-17 11:40:00,2.9905,2.994,2.99,2.993,2.9955,2.999,2.995,2.998,13
2026-02-17 11:41:00,2.9935,2.995,2.9935,2.9945,2.9985,3.0,2.9985,2.9995,5
2026-02-17 11:42:00,2.994,2.9945,2.992,2.993,2.999,2.9995,2.997,2.998,14
2026-02-17 11:43:00,2.992,2.996,2.9915,2.996,2.997,3.001,2.9965,3.001,12
2026-02-17 11:44:00,2.9955,2.998,2.9955,2.997,3.0005,3.003,3.0005,3.002,9
2026-02-17 11:45:00,2.9965,2.9975,2.9955,2.996,3.0015,3.0025,3.0005,3.001,8
2026-02-17 11:46:00,2.9965,2.9965,2.994,2.9945,3.0015,3.0015,2.999,2.9995,5
2026-02-17 11:47:00,2.995,2.997,2.995,2.997,3.0,3.002,3.0,3.002,8
2026-02-17 11:48:00,2.996,2.9965,2.995,2.9965,3.001,3.0015,3.0,3.0015,4
2026-02-17 11:49:00,2.997,2.997,2.9955,2.9965,3.002,3.002,3.0005,3.0015,5
2026-02-17 11:50:00,2.997,3.0,2.997,2.998,3.002,3.005,3.002,3.003,15
2026-02-17 11:51:00,2.9975,2.9995,2.9975,2.999,3.0025,3.0045,3.0025,3.004,9
2026-02-17 11:52:00,2.998,2.998,2.9945,2.9945,3.003,3.003,2.9995,2.9995,18
2026-02-17 11:53:00,2.994,2.994,2.993,2.993,2.999,2.999,2.998,2.998,3
2026-02-17 11:54:00,2.9935,2.9975,2.993,2.9965,2.9985,3.0025,2.998,3.0015,20
2026-02-17 11:55:00,2.998,2.9985,2.996,2.996,3.003,3.0035,3.001,3.001,9
2026-02-17 11:56:00,2.997,2.9975,2.995,2.995,3.002,3.0025,3.0,3.0,7
2026-02-17 11:57:00,2.9955,2.9965,2.995,2.9965,3.0005,3.0015,3.0,3.0015,8
2026-02-17 11:58:00,2.997,2.997,2.9965,2.997,3.002,3.002,3.0015,3.002,3
2026-02-17 11:59:00,2.9965,3.0015,2.9965,3.0005,3.0015,3.0065,3.0015,3.0055,11
2026-02-17 12:00:00,3.001,3.009,3.001,3.0085,3.006,3.014,3.006,3.0135,29
2026-02-17 12:01:00,3.0095,3.011,3.0055,3.0055,3.0145,3.016,3.0105,3.0105,22
2026-02-17 12:02:00,3.005,3.005,2.996,2.9995,3.01,3.01,3.001,3.0045,20
2026-02-17 12:03:00,2.9985,3.0,2.997,3.0,3.0035,3.005,3.002,3.005,12
2026-02-17 12:04:00,2.999,3.0025,2.999,3.002,3.004,3.0075,3.004,3.007,10
2026-02-17 12:05:00,3.003,3.0035,2.999,3.001,3.008,3.0085,3.004,3.006,18
2026-02-17 12:06:00,3.0005,3.003,3.0,3.0005,3.0055,3.008,3.005,3.0055,14
2026-02-17 12:07:00,3.0,3.0,2.9995,3.0,3.005,3.005,3.0045,3.005,3
2026-02-17 12:08:00,2.9995,3.004,2.999,3.003,3.0045,3.009,3.004,3.008,10
2026-02-17 12:09:00,3.0035,3.0035,3.003,3.003,3.0085,3.0085,3.008,3.008,4
2026-02-17 12:10:00,3.0035,3.0045,3.001,3.003,3.0085,3.0095,3.006,3.008,20
2026-02-17 12:11:00,3.0045,3.005,3.003,3.004,3.0095,3.01,3.008,3.009,6
2026-02-17 12:12:00,3.0045,3.0045,3.0035,3.004,3.0095,3.0095,3.0085,3.009,14
2026-02-17 12:13:00,3.0045,3.007,3.0045,3.007,3.0095,3.012,3.0095,3.012,5
2026-02-17 12:14:00,3.0065,3.009,3.006,3.0065,3.0115,3.014,3.011,3.0115,10
2026-02-17 12:15:00,3.007,3.0105,3.007,3.0105,3.012,3.0155,3.012,3.0155,12
2026-02-17 12:16:00,3.011,3.0275,3.011,3.0265,3.016,3.0325,3.016,3.0315,41
2026-02-17 12:17:00,3.027,3.028,3.025,3.0275,3.032,3.033,3.03,3.0325,32
2026-02-17 12:18:00,3.027,3.027,3.023,3.025,3.032,3.032,3.028,3.03,19
2026-02-17 12:19:00,3.0245,3.029,3.021,3.029,3.0295,3.034,3.026,3.034,22
2026-02-17 12:20:00,3.0295,3.03,3.029,3.0295,3.0345,3.035,3.034,3.0345,10
2026-02-17 12:21:00,3.03,3.03,3.022,3.022,3.035,3.035,3.027,3.027,25
2026-02-17 12:22:00,3.023,3.0255,3.023,3.0245,3.028,3.0305,3.028,3.0295,21
2026-02-17 12:23:00,3.024,3.0245,3.015,3.015,3.029,3.0295,3.02,3.02,22
2026-02-17 12:24:00,3.0155,3.0165,3.013,3.0145,3.0205,3.0215,3.018,3.0195,14
2026-02-17 12:25:00,3.014,3.017,3.013,3.014,3.019,3.022,3.018,3.019,19
2026-02-17 12:26:00,3.015,3.017,3.013,3.016,3.02,3.022,3.018,3.021,14
2026-02-17 12:27:00,3.015,3.027,3.015,3.025,3.02,3.032,3.02,3.03,32
2026-02-17 12:28:00,3.0245,3.028,3.0245,3.027,3.0295,3.033,3.0295,3.032,17
2026-02-17 12:29:00,3.026,3.026,3.0155,3.0195,3.031,3.031,3.0205,3.0245,46
2026-02-17 12:30:00,3.02,3.022,3.017,3.0185,3.025,3.027,3.022,3.0235,18
2026-02-17 12:31:00,3.018,3.018,3.0135,3.0145,3.023,3.023,3.0185,3.0195,24
2026-02-17 12:32:00,3.015,3.018,3.0145,3.017,3.02,3.023,3.0195,3.022,19
2026-02-17 12:33:00,3.0165,3.0165,3.015,3.016,3.0215,3.0215,3.02,3.021,5
2026-02-17 12:34:00,3.017,3.017,3.013,3.016,3.022,3.022,3.018,3.021,18
2026-02-17 12:35:00,3.017,3.017,3.014,3.016,3.022,3.022,3.019,3.021,11
2026-02-17 12:36:00,3.0145,3.0145,3.009,3.009,3.0195,3.0195,3.014,3.014,21
2026-02-17 12:37:00,3.0075,3.0075,3.0015,3.0015,3.0125,3.0125,3.0065,3.0065,27
2026-02-17 12:38:00,3.0025,3.0055,3.0025,3.005,3.0075,3.0105,3.0075,3.01,10
2026-02-17 12:39:00,3.0045,3.0075,3.002,3.0075,3.0095,3.0125,3.007,3.0125,16
2026-02-17 12:40:00,3.008,3.01,3.004,3.005,3.013,3.015,3.009,3.01,29
2026-02-17 12:41:00,3.0045,3.0165,3.0045,3.016,3.0095,3.0215,3.0095,3.021,23
2026-02-17 12:42:00,3.0145,3.0145,3.0075,3.0075,3.0195,3.0195,3.0125,3.0125,10
2026-02-17 12:43:00,3.007,3.0085,3.007,3.0085,3.012,3.0135,3.012,3.0135,7
2026-02-17 12:44:00,3.009,3.0245,3.006,3.024,3.014,3.0295,3.011,3.029,32
2026-02-17 12:45:00,3.0245,3.031,3.0245,3.0305,3.0295,3.036,3.0295,3.0355,37
2026-02-17 12:46:00,3.0295,3.033,3.027,3.028,3.0345,3.038,3.032,3.033,18
2026-02-17 12:47:00,3.0275,3.0305,3.0245,3.0245,3.0325,3.0355,3.0295,3.0295,14
2026-02-17 12:48:00,3.025,3.0275,3.025,3.026,3.03,3.0325,3.03,3.031,13
2026-02-17 12:49:00,3.0265,3.0265,3.0245,3.0245,3.0315,3.0315,3.0295,3.0295,7
2026-02-17 12:50:00,3.024,3.0295,3.024,3.0275,3.029,3.0345,3.029,3.0325,19
2026-02-17 12:51:00,3.0265,3.029,3.0265,3.029,3.0315,3.034,3.0315,3.034,9
2026-02-17 12:52:00,3.0295,3.036,3.0295,3.035,3.0345,3.041,3.0345,3.04,43
2026-02-17 12:53:00,3.034,3.0395,3.0335,3.035,3.039,3.0445,3.0385,3.04,32
2026-02-17 12:54:00,3.0345,3.0345,3.027,3.028,3.0395,3.0395,3.032,3.033,22
2026-02-17 12:55:00,3.0285,3.0285,3.0285,3.0285,3.0335,3.0335,3.0335,3.0335,1
2026-02-17 12:56:00,3.028,3.0285,3.022,3.022,3.033,3.0335,3.027,3.027,28
2026-02-17 12:57:00,3.0215,3.022,3.015,3.0175,3.0265,3.027,3.02,3.0225,22
2026-02-17 12:58:00,3.017,3.0185,3.0165,3.0165,3.022,3.0235,3.0215,3.0215,12
2026-02-17 12:59:00,3.016,3.016,3.0065,3.009,3.021,3.021,3.0115,3.014,33
2026-02-17 13:00:00,3.0105,3.0135,3.0085,3.009,3.0155,3.0185,3.0135,3.014,29
2026-02-17 13:01:00,3.0085,3.0105,3.0045,3.0105,3.0135,3.0155,3.0095,3.0155,11
2026-02-17 13:02:00,3.011,3.0125,3.0105,3.0125,3.016,3.0175,3.0155,3.0175,8
2026-02-17 13:03:00,3.013,3.017,3.011,3.0115,3.018,3.022,3.016,3.0165,24
2026-02-17 13:04:00,3.011,3.0125,3.009,3.01,3.016,3.0175,3.014,3.015,15
2026-02-17 13:05:00,3.0105,3.011,3.0075,3.009,3.0155,3.016,3.0125,3.014,13
2026-02-17 13:06:00,3.0085,3.0095,3.0055,3.0065,3.0135,3.0145,3.0105,3.0115,8
2026-02-17 13:07:00,3.008,3.0095,3.007,3.0095,3.013,3.0145,3.012,3.0145,12
2026-02-17 13:08:00,3.01,3.015,3.01,3.014,3.015,3.02,3.015,3.019,12
2026-02-17 13:09:00,3.0145,3.015,3.009,3.0105,3.0195,3.02,3.014,3.0155,14
2026-02-17 13:10:00,3.01,3.01,3.0045,3.008,3.015,3.015,3.0095,3.013,26
2026-02-17 13:11:00,3.009,3.013,3.008,3.012,3.014,3.018,3.013,3.017,20
2026-02-17 13:12:00,3.011,3.012,3.01,3.0105,3.016,3.017,3.015,3.0155,10
2026-02-17 13:13:00,3.01,3.01,3.003,3.0045,3.015,3.015,3.008,3.0095,21
2026-02-17 13:14:00,3.005,3.0085,3.005,3.0075,3.01,3.0135,3.01,3.0125,9
2026-02-17 13:15:00,3.007,3.007,3.005,3.006,3.012,3.012,3.01,3.011,9
2026-02-17 13:16:00,3.0065,3.011,3.0065,3.011,3.0115,3.016,3.0115,3.016,10
2026-02-17 13:17:00,3.0115,3.014,3.0065,3.0065,3.0165,3.019,3.0115,3.0115,21
2026-02-17 13:18:00,3.006,3.007,3.006,3.007,3.011,3.012,3.011,3.012,2
2026-02-17 13:19:00,3.006,3.0065,3.001,3.0065,3.011,3.0115,3.006,3.0115,30
2026-02-17 13:20:00,3.0055,3.007,3.004,3.0045,3.0105,3.012,3.009,3.0095,10
2026-02-17 13:21:00,3.004,3.0045,2.998,3.0,3.009,3.0095,3.003,3.005,14
2026-02-17 13:22:00,2.999,2.9995,2.9975,2.9995,3.004,3.0045,3.0025,3.0045,13
2026-02-17 13:23:00,3.0005,3.0005,2.9995,2.9995,3.0055,3.0055,3.0045,3.0045,2
2026-02-17 13:24:00,3.0,3.002,2.996,2.998,3.005,3.007,3.001,3.003,31
2026-02-17 13:25:00,2.9985,3.003,2.996,2.9975,3.0035,3.008,3.001,3.0025,28
2026-02-17 13:26:00,2.996,2.998,2.996,2.998,3.001,3.003,3.001,3.003,12
2026-02-17 13:27:00,2.9985,2.9995,2.998,2.9995,3.0035,3.0045,3.003,3.0045,10
2026-02-17 13:28:00,2.999,2.999,2.9965,2.9975,3.004,3.004,3.0015,3.0025,15
2026-02-17 13:29:00,2.998,2.998,2.9965,2.9965,3.003,3.003,3.0015,3.0015,4
2026-02-17 13:30:00,2.997,3.002,2.996,3.0,3.002,3.007,3.001,3.005,23
2026-02-17 13:31:00,3.0005,3.005,3.0005,3.005,3.0055,3.01,3.0055,3.01,20
2026-02-17 13:32:00,3.004,3.005,3.0005,3.0025,3.009,3.01,3.0055,3.0075,46
2026-02-17 13:33:00,3.002,3.0055,3.001,3.005,3.007,3.0105,3.006,3.01,16
2026-02-17 13:34:00,3.0045,3.0045,2.9995,3.001,3.0095,3.0095,3.0045,3.006,31
2026-02-17 13:35:00,3.0,3.001,2.994,2.9995,3.005,3.006,2.999,3.0045,39
2026-02-17 13:36:00,3.0,3.0035,2.996,3.0,3.005,3.0085,3.001,3.005,32
2026-02-17 13:37:00,2.9985,3.0055,2.9985,3.0055,3.0035,3.0105,3.0035,3.0105,16
2026-02-17 13:38:00,3.005,3.009,3.0035,3.0055,3.01,3.014,3.0085,3.0105,21
2026-02-17 13:39:00,3.006,3.022,3.006,3.0205,3.011,3.027,3.011,3.0255,53
2026-02-17 13:40:00,3.02,3.0205,3.0115,3.012,3.025,3.0255,3.0165,3.017,23
2026-02-17 13:41:00,3.0115,3.0155,3.007,3.0085,3.0165,3.0205,3.012,3.0135,33
2026-02-17 13:42:00,3.0075,3.009,3.006,3.008,3.0125,3.014,3.011,3.013,18
2026-02-17 13:43:00,3.0085,3.0085,3.0035,3.005,3.0135,3.0135,3.0085,3.01,15
2026-02-17 13:44:00,3.0045,3.006,3.0045,3.005,3.0095,3.011,3.0095,3.01,5
2026-02-17 13:45:00,3.0045,3.0045,2.999,3.0005,3.0095,3.0095,3.004,3.0055,27
2026-02-17 13:46:00,2.999,3.003,2.994,3.0,3.004,3.008,2.999,3.005,31
2026-02-17 13:47:00,3.0005,3.0025,2.998,3.0005,3.0055,3.0075,3.003,3.0055,19
2026-02-17 13:48:00,3.001,3.002,2.998,2.9985,3.006,3.007,3.003,3.0035,24
2026-02-17 13:49:00,2.9995,2.9995,2.981,2.9835,3.0045,3.0045,2.986,2.9885,67
2026-02-17 13:50:00,2.984,2.9995,2.9815,2.9995,2.989,3.0045,2.9865,3.0045,38
2026-02-17 13:51:00,3.0,3.002,2.993,2.998,3.005,3.007,2.998,3.003,24
2026-02-17 13:52:00,2.997,2.997,2.985,2.985,3.002,3.002,2.99,2.99,41
2026-02-17 13:53:00,2.9855,2.9915,2.985,2.987,2.9905,2.9965,2.99,2.992,23
2026-02-17 13:54:00,2.988,2.9885,2.9865,2.988,2.993,2.9935,2.9915,2.993,17
2026-02-17 13:55:00,2.987,2.988,2.984,2.9865,2.992,2.993,2.989,2.9915,25
2026-02-17 13:56:00,2.987,2.995,2.987,2.9935,2.992,3.0,2.992,2.9985,22
2026-02-17 13:57:00,2.995,2.9995,2.992,2.9965,3.0,3.0045,2.997,3.0015,31
2026-02-17 13:58:00,2.997,2.999,2.996,2.998,3.002,3.004,3.001,3.003,7
2026-02-17 13:59:00,2.9975,2.998,2.9935,2.994,3.0025,3.003,2.9985,2.999,21
2026-02-17 14:00:00,2.993,2.994,2.989,2.991,2.998,2.999,2.994,2.996,35
2026-02-17 14:01:00,2.9905,2.9905,2.983,2.9865,2.9955,2.9955,2.988,2.9915,38
2026-02-17 14:02:00,2.9875,2.989,2.984,2.987,2.9925,2.994,2.989,2.992,24
2026-02-17 14:03:00,2.988,2.995,2.9875,2.994,2.993,3.0,2.9925,2.999,33
2026-02-17 14:04:00,2.9935,2.996,2.9915,2.996,2.9985,3.001,2.9965,3.001,14
2026-02-17 14:05:00,2.9965,2.997,2.975,2.9755,3.0015,3.002,2.98,2.9805,86
2026-02-17 14:06:00,2.975,2.978,2.9725,2.9745,2.98,2.983,2.9775,2.9795,51
2026-02-17 14:07:00,2.9735,2.975,2.9715,2.9735,2.9785,2.98,2.9765,2.9785,29
2026-02-17 14:08:00,2.9745,2.977,2.964,2.967,2.9795,2.982,2.969,2.972,39
2026-02-17 14:09:00,2.9655,2.967,2.964,2.967,2.9705,2.972,2.969,2.972,21
2026-02-17 14:10:00,2.966,2.9665,2.96,2.961,2.971,2.9715,2.965,2.966,42
2026-02-17 14:11:00,2.9595,2.9635,2.9525,2.96,2.9645,2.9685,2.9575,2.965,53
2026-02-17 14:12:00,2.9605,2.972,2.9585,2.971,2.9655,2.977,2.9635,2.976,54
2026-02-17 14:13:00,2.9705,2.973,2.964,2.965,2.9755,2.978,2.969,2.97,40
2026-02-17 14:14:00,2.9655,2.97,2.965,2.9695,2.9705,2.975,2.97,2.9745,25
2026-02-17 14:15:00,2.969,2.969,2.9575,2.96,2.974,2.974,2.9625,2.965,33
2026-02-17 14:16:00,2.959,2.961,2.959,2.961,2.964,2.966,2.964,2.966,21
2026-02-17 14:17:00,2.962,2.971,2.961,2.9685,2.967,2.976,2.966,2.9735,38
2026-02-17 14:18:00,2.968,2.9695,2.958,2.9625,2.973,2.9745,2.963,2.9675,35
2026-02-17 14:19:00,2.962,2.962,2.956,2.9595,2.967,2.967,2.961,2.9645,49
2026-02-17 14:20:00,2.96,2.964,2.9585,2.9635,2.965,2.969,2.9635,2.9685,33
2026-02-17 14:21:00,2.964,2.972,2.964,2.9695,2.969,2.977,2.969,2.9745,38
2026-02-17 14:22:00,2.969,2.9815,2.9685,2.98,2.974,2.9865,2.9735,2.985,36
2026-02-17 14:23:00,2.9795,2.9825,2.974,2.9755,2.9845,2.9875,2.979,2.9805,38
2026-02-17 14:24:00,2.9765,2.98,2.9755,2.98,2.9815,2.985,2.9805,2.985,29
2026-02-17 14:25:00,2.9795,2.98,2.974,2.9755,2.9845,2.985,2.979,2.9805,25
2026-02-17 14:26:00,2.976,2.978,2.976,2.977,2.981,2.983,2.981,2.982,11
2026-02-17 14:27:00,2.978,2.9785,2.976,2.977,2.983,2.9835,2.981,2.982,7
2026-02-17 14:28:00,2.9785,2.98,2.974,2.9755,2.9835,2.985,2.979,2.9805,26
2026-02-17 14:29:00,2.976,2.981,2.976,2.978,2.981,2.986,2.981,2.983,18
2026-02-17 14:30:00,2.979,2.985,2.97,2.97,2.984,2.99,2.975,2.975,49
2026-02-17 14:31:00,2.969,2.973,2.9675,2.971,2.974,2.978,2.9725,2.976,29
2026-02-17 14:32:00,2.973,2.9755,2.967,2.97,2.978,2.9805,2.972,2.975,34
2026-02-17 14:33:00,2.971,2.971,2.96,2.963,2.976,2.976,2.965,2.968,46
2026-02-17 14:34:00,2.9625,2.969,2.962,2.965,2.9675,2.974,2.967,2.97,30
2026-02-17 14:35:00,2.966,2.9685,2.961,2.9635,2.971,2.9735,2.966,2.9685,40
2026-02-17 14:36:00,2.963,2.969,2.963,2.968,2.968,2.974,2.968,2.973,28
2026-02-17 14:37:00,2.967,2.968,2.9625,2.9625,2.972,2.973,2.9675,2.9675,26
2026-02-17 14:38:00,2.962,2.964,2.955,2.964,2.967,2.969,2.96,2.969,34
2026-02-17 14:39:00,2.9635,2.9665,2.9595,2.966,2.9685,2.9715,2.9645,2.971,53
2026-02-17 14:40:00,2.965,2.972,2.963,2.972,2.97,2.977,2.968,2.977,35
2026-02-17 14:41:00,2.971,2.975,2.9685,2.974,2.976,2.98,2.9735,2.979,27
2026-02-17 14:42:00,2.973,2.976,2.9705,2.9745,2.978,2.981,2.9755,2.9795,21
2026-02-17 14:43:00,2.974,2.975,2.9705,2.972,2.979,2.98,2.9755,2.977,23
2026-02-17 14:44:00,2.9715,2.973,2.964,2.971,2.9765,2.978,2.969,2.976,26
2026-02-17 14:45:00,2.9705,2.9745,2.9665,2.9695,2.9755,2.9795,2.9715,2.9745,33
2026-02-17 14:46:00,2.97,2.975,2.951,2.953,2.975,2.98,2.956,2.958,119
2026-02-17 14:47:00,2.951,2.959,2.948,2.959,2.956,2.964,2.953,2.964,71
2026-02-17 14:48:00,2.957,2.959,2.943,2.946,2.962,2.964,2.948,2.951,113
2026-02-17 14:49:00,2.944,2.9525,2.944,2.949,2.949,2.9575,2.949,2.954,39
2026-02-17 14:50:00,2.9485,2.952,2.944,2.9445,2.9535,2.957,2.949,2.9495,49
2026-02-17 14:51:00,2.945,2.952,2.938,2.9405,2.95,2.957,2.943,2.9455,46
2026-02-17 14:52:00,2.94,2.9435,2.938,2.9415,2.945,2.9485,2.943,2.9465,51
2026-02-17 14:53:00,2.941,2.953,2.94,2.95,2.946,2.958,2.945,2.955,43
2026-02-17 14:54:00,2.949,2.9515,2.9465,2.9505,2.954,2.9565,2.9515,2.9555,27
2026-02-17 14:55:00,2.9515,2.953,2.947,2.949,2.9565,2.958,2.952,2.954,29
2026-02-17 14:56:00,2.948,2.955,2.947,2.951,2.953,2.96,2.952,2.956,74
2026-02-17 14:57:00,2.952,2.952,2.944,2.9445,2.957,2.957,2.949,2.9495,29
2026-02-17 14:58:00,2.944,2.9505,2.943,2.9465,2.949,2.9555,2.948,2.9515,57
2026-02-17 14:59:00,2.947,2.9505,2.942,2.9505,2.952,2.9555,2.947,2.9555,34
2026-02-17 15:00:00,2.95,2.951,2.9415,2.946,2.955,2.956,2.9465,2.951,133
2026-02-17 15:01:00,2.9465,2.949,2.937,2.943,2.9515,2.954,2.942,2.948,72
2026-02-17 15:02:00,2.9415,2.947,2.931,2.9365,2.9465,2.952,2.936,2.9415,97
2026-02-17 15:03:00,2.936,2.946,2.936,2.94,2.941,2.951,2.941,2.945,54
2026-02-17 15:04:00,2.9395,2.9395,2.929,2.933,2.9445,2.9445,2.934,2.938,60
2026-02-17 15:05:00,2.932,2.937,2.929,2.932,2.937,2.942,2.934,2.937,58
2026-02-17 15:06:00,2.9315,2.94,2.93,2.938,2.9365,2.945,2.935,2.943,60
2026-02-17 15:07:00,2.9375,2.938,2.9305,2.9305,2.9425,2.943,2.9355,2.9355,34
2026-02-17 15:08:00,2.931,2.934,2.929,2.9315,2.936,2.939,2.934,2.9365,48
2026-02-17 15:09:00,2.9305,2.932,2.925,2.931,2.9355,2.937,2.93,2.936,55
2026-02-17 15:10:00,2.932,2.932,2.911,2.917,2.937,2.937,2.916,2.922,108
2026-02-17 15:11:00,2.9155,2.92,2.9085,2.9085,2.9205,2.925,2.9135,2.9135,74
2026-02-17 15:12:00,2.908,2.915,2.907,2.9115,2.913,2.92,2.912,2.9165,59
2026-02-17 15:13:00,2.911,2.911,2.9065,2.9065,2.916,2.916,2.9115,2.9115,43
2026-02-17 15:14:00,2.908,2.9135,2.907,2.911,2.913,2.9185,2.912,2.916,46
2026-02-17 15:15:00,2.9105,2.914,2.908,2.913,2.9155,2.919,2.913,2.918,45
2026-02-17 15:16:00,2.9125,2.918,2.9095,2.915,2.9175,2.923,2.9145,2.92,65
2026-02-17 15:17:00,2.9145,2.9225,2.913,2.922,2.9195,2.9275,2.918,2.927,48
2026-02-17 15:18:00,2.921,2.93,2.918,2.919,2.926,2.935,2.923,2.924,70
2026-02-17 15:19:00,2.9185,2.919,2.909,2.9095,2.9235,2.924,2.914,2.9145,46
2026-02-17 15:20:00,2.91,2.917,2.9095,2.916,2.915,2.922,2.9145,2.921,42
2026-02-17 15:21:00,2.9155,2.9155,2.911,2.912,2.9205,2.9205,2.916,2.917,26
2026-02-17 15:22:00,2.911,2.919,2.91,2.917,2.916,2.924,2.915,2.922,42
2026-02-17 15:23:00,2.9165,2.921,2.9145,2.919,2.9215,2.926,2.9195,2.924,53
2026-02-17 15:24:00,2.9185,2.919,2.914,2.914,2.9235,2.924,2.919,2.919,35
2026-02-17 15:25:00,2.9145,2.917,2.913,2.9145,2.9195,2.922,2.918,2.9195,34
2026-02-17 15:26:00,2.915,2.918,2.914,2.9175,2.92,2.923,2.919,2.9225,43
2026-02-17 15:27:00,2.917,2.9255,2.917,2.924,2.922,2.9305,2.922,2.929,56
2026-02-17 15:28:00,2.9235,2.924,2.92,2.924,2.9285,2.929,2.925,2.929,24
2026-02-17 15:29:00,2.9245,2.926,2.916,2.92,2.9295,2.931,2.921,2.925,57
2026-02-17 15:30:00,2.9205,2.927,2.915,2.915,2.9255,2.932,2.92,2.92,103
2026-02-17 15:31:00,2.914,2.922,2.912,2.916,2.919,2.927,2.917,2.921,68
2026-02-17 15:32:00,2.9155,2.918,2.9115,2.9145,2.9205,2.923,2.9165,2.9195,73
2026-02-17 15:33:00,2.913,2.917,2.911,2.9115,2.918,2.922,2.916,2.9165,51
2026-02-17 15:34:00,2.911,2.9155,2.911,2.9145,2.916,2.9205,2.916,2.9195,43
2026-02-17 15:35:00,2.914,2.927,2.914,2.926,2.919,2.932,2.919,2.931,62
2026-02-17 15:36:00,2.9255,2.928,2.916,2.918,2.9305,2.933,2.921,2.923,79
2026-02-17 15:37:00,2.9185,2.922,2.915,2.921,2.9235,2.927,2.92,2.926,37
2026-02-17 15:38:00,2.9205,2.922,2.916,2.92,2.9255,2.927,2.921,2.925,48
2026-02-17 15:39:00,2.9205,2.9265,2.92,2.923,2.9255,2.9315,2.925,2.928,42
2026-02-17 15:40:00,2.924,2.926,2.9215,2.924,2.929,2.931,2.9265,2.929,28
2026-02-17 15:41:00,2.9245,2.932,2.9235,2.929,2.9295,2.937,2.9285,2.934,60
2026-02-17 15:42:00,2.928,2.932,2.927,2.931,2.933,2.937,2.932,2.936,48
2026-02-17 15:43:00,2.93,2.935,2.9285,2.933,2.935,2.94,2.9335,2.938,32
2026-02-17 15:44:00,2.9325,2.9335,2.93,2.9315,2.9375,2.9385,2.935,2.9365,21
2026-02-17 15:45:00,2.931,2.931,2.927,2.927,2.936,2.936,2.932,2.932,32
2026-02-17 15:46:00,2.928,2.93,2.924,2.927,2.933,2.935,2.929,2.932,46
2026-02-17 15:47:00,2.9275,2.931,2.926,2.9265,2.9325,2.936,2.931,2.9315,24
2026-02-17 15:48:00,2.9285,2.929,2.926,2.9285,2.9335,2.934,2.931,2.9335,28
2026-02-17 15:49:00,2.9275,2.9315,2.927,2.9295,2.9325,2.9365,2.932,2.9345,36
2026-02-17 15:50:00,2.93,2.936,2.927,2.9285,2.935,2.941,2.932,2.9335,44
2026-02-17 15:51:00,2.929,2.929,2.927,2.929,2.934,2.934,2.932,2.934,23
2026-02-17 15:52:00,2.9285,2.929,2.926,2.928,2.9335,2.934,2.931,2.933,20
2026-02-17 15:53:00,2.927,2.927,2.916,2.9185,2.932,2.932,2.921,2.9235,55
2026-02-17 15:54:00,2.918,2.9225,2.916,2.921,2.923,2.9275,2.921,2.926,39
2026-02-17 15:55:00,2.922,2.923,2.919,2.92,2.927,2.928,2.924,2.925,42
2026-02-17 15:56:00,2.9205,2.927,2.918,2.9265,2.9255,2.932,2.923,2.9315,38
2026-02-17 15:57:00,2.926,2.926,2.9195,2.9195,2.931,2.931,2.9245,2.9245,38
2026-02-17 15:58:00,2.9185,2.9185,2.9135,2.916,2.9235,2.9235,2.9185,2.921,26
2026-02-17 15:59:00,2.915,2.92,2.915,2.917,2.92,2.925,2.92,2.922,27
2026-02-17 16:00:00,2.916,2.922,2.915,2.918,2.921,2.927,2.92,2.923,29
2026-02-17 16:01:00,2.917,2.9215,2.917,2.921,2.922,2.9265,2.922,2.926,26
2026-02-17 16:02:00,2.92,2.925,2.9195,2.924,2.925,2.93,2.9245,2.929,19
2026-02-17 16:03:00,2.9235,2.9235,2.921,2.9215,2.9285,2.9285,2.926,2.9265,14
2026-02-17 16:04:00,2.9215,2.928,2.921,2.928,2.9265,2.933,2.926,2.933,23
2026-02-17 16:05:00,2.9285,2.9285,2.925,2.926,2.9335,2.9335,2.93,2.931,20
2026-02-17 16:06:00,2.9255,2.928,2.925,2.927,2.9305,2.933,2.93,2.932,23
2026-02-17 16:07:00,2.9265,2.928,2.924,2.9245,2.9315,2.933,2.929,2.9295,19
2026-02-17 16:08:00,2.925,2.936,2.925,2.936,2.93,2.941,2.93,2.941,36
2026-02-17 16:09:00,2.937,2.941,2.9365,2.9395,2.942,2.946,2.9415,2.9445,33
2026-02-17 16:10:00,2.9405,2.944,2.94,2.944,2.9455,2.949,2.945,2.949,36
2026-02-17 16:11:00,2.9435,2.947,2.943,2.945,2.9485,2.952,2.948,2.95,31
2026-02-17 16:12:00,2.9455,2.949,2.945,2.9465,2.9505,2.954,2.95,2.9515,25
2026-02-17 16:13:00,2.945,2.946,2.942,2.945,2.95,2.951,2.947,2.95,30
2026-02-17 16:14:00,2.9445,2.957,2.9445,2.9555,2.9495,2.962,2.9495,2.9605,57
2026-02-17 16:15:00,2.955,2.9555,2.948,2.949,2.96,2.9605,2.953,2.954,55
2026-02-17 16:16:00,2.948,2.953,2.948,2.952,2.953,2.958,2.953,2.957,25
2026-02-17 16:17:00,2.953,2.954,2.951,2.953,2.958,2.959,2.956,2.958,20
2026-02-17 16:18:00,2.9535,2.955,2.948,2.9495,2.9585,2.96,2.953,2.9545,29
2026-02-17 16:19:00,2.949,2.9495,2.944,2.9465,2.954,2.9545,2.949,2.9515,36
2026-02-17 16:20:00,2.9475,2.9495,2.946,2.949,2.9525,2.9545,2.951,2.954,11
2026-02-17 16:21:00,2.947,2.948,2.944,2.945,2.952,2.953,2.949,2.95,19
2026-02-17 16:22:00,2.9445,2.945,2.9295,2.9295,2.9495,2.95,2.9345,2.9345,62
2026-02-17 16:23:00,2.93,2.937,2.928,2.9335,2.935,2.942,2.933,2.9385,42
2026-02-17 16:24:00,2.933,2.937,2.929,2.9305,2.938,2.942,2.934,2.9355,30
2026-02-17 16:25:00,2.93,2.932,2.919,2.919,2.935,2.937,2.924,2.924,43
2026-02-17 16:26:00,2.9195,2.924,2.917,2.924,2.9245,2.929,2.922,2.929,31
2026-02-17 16:27:00,2.925,2.927,2.922,2.927,2.93,2.932,2.927,2.932,28
2026-02-17 16:28:00,2.926,2.926,2.918,2.924,2.931,2.931,2.923,2.929,36
2026-02-17 16:29:00,2.9235,2.9235,2.918,2.921,2.9285,2.9285,2.923,2.926,24
2026-02-17 16:30:00,2.924,2.924,2.92,2.922,2.929,2.929,2.925,2.927,27
2026-02-17 16:31:00,2.9215,2.925,2.921,2.924,2.9265,2.93,2.926,2.929,18
2026-02-17 16:32:00,2.9235,2.925,2.92,2.925,2.9285,2.93,2.925,2.93,21
2026-02-17 16:33:00,2.924,2.927,2.924,2.926,2.929,2.932,2.929,2.931,23
2026-02-17 16:34:00,2.927,2.93,2.9265,2.93,2.932,2.935,2.9315,2.935,15
2026-02-17 16:35:00,2.9295,2.9345,2.9285,2.933,2.9345,2.9395,2.9335,2.938,43
2026-02-17 16:36:00,2.9335,2.937,2.931,2.9335,2.9385,2.942,2.936,2.9385,33
2026-02-17 16:37:00,2.933,2.9395,2.933,2.938,2.938,2.9445,2.938,2.943,51
2026-02-17 16:38:00,2.9375,2.941,2.937,2.94,2.9425,2.946,2.942,2.945,34
2026-02-17 16:39:00,2.9395,2.9405,2.931,2.9315,2.9445,2.9455,2.936,2.9365,31
2026-02-17 16:40:00,2.931,2.931,2.929,2.93,2.936,2.936,2.934,2.935,28
2026-02-17 16:41:00,2.929,2.9305,2.9235,2.925,2.934,2.9355,2.9285,2.93,38
2026-02-17 16:42:00,2.9245,2.9265,2.923,2.924,2.9295,2.9315,2.928,2.929,30
2026-02-17 16:43:00,2.9235,2.925,2.92,2.925,2.9285,2.93,2.925,2.93,30
2026-02-17 16:44:00,2.9245,2.926,2.923,2.924,2.9295,2.931,2.928,2.929,20
2026-02-17 16:45:00,2.923,2.925,2.92,2.922,2.928,2.93,2.925,2.927,30
2026-02-17 16:46:00,2.9215,2.922,2.92,2.9205,2.9265,2.927,2.925,2.9255,22
2026-02-17 16:47:00,2.92,2.926,2.92,2.925,2.925,2.931,2.925,2.93,43
2026-02-17 16:48:00,2.9255,2.931,2.9235,2.9235,2.9305,2.936,2.9285,2.9285,34
2026-02-17 16:49:00,2.9245,2.932,2.9245,2.9315,2.9295,2.937,2.9295,2.9365,24
2026-02-17 16:50:00,2.93,2.9345,2.927,2.929,2.935,2.9395,2.932,2.934,40
2026-02-17 16:51:00,2.9285,2.929,2.925,2.925,2.9335,2.934,2.93,2.93,24
2026-02-17 16:52:00,2.9255,2.9255,2.9235,2.925,2.9305,2.9305,2.9285,2.93,16
2026-02-17 16:53:00,2.9245,2.925,2.924,2.9245,2.9295,2.93,2.929,2.9295,7
2026-02-17 16:54:00,2.924,2.927,2.924,2.925,2.929,2.932,2.929,2.93,19
2026-02-17 16:55:00,2.926,2.928,2.925,2.9265,2.931,2.933,2.93,2.9315,17
2026-02-17 16:56:00,2.926,2.928,2.925,2.925,2.931,2.933,2.93,2.93,6
2026-02-17 16:57:00,2.9245,2.929,2.924,2.928,2.9295,2.934,2.929,2.933,21
2026-02-17 16:58:00,2.929,2.93,2.926,2.9265,2.934,2.935,2.931,2.9315,20
2026-02-17 16:59:00,2.927,2.927,2.919,2.9265,2.932,2.932,2.924,2.9315,52
2026-02-17 17:00:00,2.926,2.93,2.9235,2.925,2.931,2.935,2.9285,2.93,41
2026-02-17 17:01:00,2.9245,2.928,2.9245,2.9255,2.9295,2.933,2.9295,2.9305,27
2026-02-17 17:02:00,2.926,2.927,2.9245,2.926,2.931,2.932,2.9295,2.931,21
2026-02-17 17:03:00,2.9255,2.9255,2.916,2.917,2.9305,2.9305,2.921,2.922,33
2026-02-17 17:04:00,2.916,2.916,2.913,2.915,2.921,2.921,2.918,2.92,39
2026-02-17 17:05:00,2.914,2.917,2.912,2.912,2.919,2.922,2.917,2.917,35
2026-02-17 17:06:00,2.9115,2.914,2.911,2.9125,2.9165,2.919,2.916,2.9175,15
2026-02-17 17:07:00,2.913,2.914,2.911,2.913,2.918,2.919,2.916,2.918,27
2026-02-17 17:08:00,2.9125,2.919,2.9125,2.917,2.9175,2.924,2.9175,2.922,28
2026-02-17 17:09:00,2.9165,2.922,2.916,2.921,2.9215,2.927,2.921,2.926,40
2026-02-17 17:10:00,2.922,2.922,2.917,2.917,2.927,2.927,2.922,2.922,10
2026-02-17 17:11:00,2.918,2.923,2.918,2.922,2.923,2.928,2.923,2.927,31
2026-02-17 17:12:00,2.9215,2.9215,2.918,2.918,2.9265,2.9265,2.923,2.923,18
2026-02-17 17:13:00,2.9185,2.921,2.9185,2.919,2.9235,2.926,2.9235,2.924,14
2026-02-17 17:14:00,2.92,2.92,2.917,2.919,2.925,2.925,2.922,2.924,18
2026-02-17 17:15:00,2.918,2.92,2.9175,2.92,2.923,2.925,2.9225,2.925,11
2026-02-17 17:16:00,2.919,2.919,2.917,2.918,2.924,2.924,2.922,2.923,15
2026-02-17 17:17:00,2.917,2.92,2.917,2.919,2.922,2.925,2.922,2.924,9
2026-02-17 17:18:00,2.9185,2.9185,2.918,2.918,2.9235,2.9235,2.923,2.923,2
2026-02-17 17:19:00,2.9175,2.925,2.9175,2.925,2.9225,2.93,2.9225,2.93,51
2026-02-17 17:20:00,2.924,2.9305,2.924,2.9285,2.929,2.9355,2.929,2.9335,28
2026-02-17 17:21:00,2.928,2.929,2.926,2.926,2.933,2.934,2.931,2.931,14
2026-02-17 17:22:00,2.927,2.932,2.926,2.932,2.932,2.937,2.931,2.937,37
2026-02-17 17:23:00,2.9315,2.936,2.9315,2.9355,2.9365,2.941,2.9365,2.9405,39
2026-02-17 17:24:00,2.936,2.936,2.934,2.936,2.941,2.941,2.939,2.941,19
2026-02-17 17:25:00,2.9355,2.936,2.932,2.935,2.9405,2.941,2.937,2.94,26
2026-02-17 17:26:00,2.936,2.941,2.936,2.9395,2.941,2.946,2.941,2.9445,42
2026-02-17 17:27:00,2.94,2.944,2.9365,2.941,2.945,2.949,2.9415,2.946,37
2026-02-17 17:28:00,2.9405,2.943,2.9395,2.94,2.9455,2.948,2.9445,2.945,24
2026-02-17 17:29:00,2.9405,2.946,2.9405,2.945,2.9455,2.951,2.9455,2.95,22
2026-02-17 17:30:00,2.9445,2.953,2.944,2.952,2.9495,2.958,2.949,2.957,38
2026-02-17 17:31:00,2.9515,2.954,2.944,2.944,2.9565,2.959,2.949,2.949,45
2026-02-17 17:32:00,2.945,2.951,2.944,2.95,2.95,2.956,2.949,2.955,28
2026-02-17 17:33:00,2.9495,2.95,2.949,2.95,2.9545,2.955,2.954,2.955,22
2026-02-17 17:34:00,2.949,2.9525,2.949,2.9525,2.954,2.9575,2.954,2.9575,26
2026-02-17 17:35:00,2.952,2.956,2.952,2.955,2.957,2.961,2.957,2.96,37
2026-02-17 17:36:00,2.9545,2.956,2.9505,2.9505,2.9595,2.961,2.9555,2.9555,33
2026-02-17 17:37:00,2.9515,2.952,2.949,2.952,2.9565,2.957,2.954,2.957,35
2026-02-17 17:38:00,2.951,2.954,2.951,2.954,2.956,2.959,2.956,2.959,15
2026-02-17 17:39:00,2.9545,2.956,2.9545,2.9545,2.9595,2.961,2.9595,2.9595,16
2026-02-17 17:40:00,2.954,2.956,2.952,2.9525,2.959,2.961,2.957,2.9575,33
2026-02-17 17:41:00,2.952,2.952,2.941,2.9415,2.957,2.957,2.946,2.9465,29
2026-02-17 17:42:00,2.941,2.9415,2.939,2.9395,2.946,2.9465,2.944,2.9445,15
2026-02-17 17:43:00,2.94,2.943,2.939,2.939,2.945,2.948,2.944,2.944,19
2026-02-17 17:44:00,2.9395,2.9425,2.936,2.942,2.9445,2.9475,2.941,2.947,42
2026-02-17 17:45:00,2.941,2.948,2.941,2.9465,2.946,2.953,2.946,2.9515,41
2026-02-17 17:46:00,2.947,2.947,2.944,2.945,2.952,2.952,2.949,2.95,25
2026-02-17 17:47:00,2.9455,2.9475,2.945,2.947,2.9505,2.9525,2.95,2.952,12
2026-02-17 17:48:00,2.948,2.948,2.945,2.946,2.953,2.953,2.95,2.951,18
2026-02-17 17:49:00,2.9465,2.9495,2.946,2.946,2.9515,2.9545,2.951,2.951,29
2026-02-17 17:50:00,2.9465,2.949,2.946,2.9475,2.9515,2.954,2.951,2.9525,25
2026-02-17 17:51:00,2.947,2.948,2.9465,2.947,2.952,2.953,2.9515,2.952,13
2026-02-17 17:52:00,2.9465,2.949,2.945,2.948,2.9515,2.954,2.95,2.953,21
2026-02-17 17:53:00,2.9475,2.9475,2.944,2.9455,2.9525,2.9525,2.949,2.9505,17
2026-02-17 17:54:00,2.945,2.9455,2.941,2.9455,2.95,2.9505,2.946,2.9505,37
2026-02-17 17:55:00,2.946,2.949,2.943,2.946,2.951,2.954,2.948,2.951,52
2026-02-17 17:56:00,2.9465,2.949,2.945,2.946,2.9515,2.954,2.95,2.951,24
2026-02-17 17:57:00,2.9455,2.9465,2.943,2.944,2.9505,2.9515,2.948,2.949,24
2026-02-17 17:58:00,2.945,2.949,2.945,2.9455,2.95,2.954,2.95,2.9505,19
2026-02-17 17:59:00,2.945,2.946,2.942,2.943,2.95,2.951,2.947,2.948,34
2026-02-17 18:00:00,2.9425,2.945,2.942,2.9435,2.9475,2.95,2.947,2.9485,19
2026-02-17 18:01:00,2.943,2.944,2.941,2.9415,2.948,2.949,2.946,2.9465,28
2026-02-17 18:02:00,2.942,2.942,2.937,2.941,2.947,2.947,2.942,2.946,28
2026-02-17 18:03:00,2.9405,2.942,2.9385,2.942,2.9455,2.947,2.9435,2.947,23
2026-02-17 18:04:00,2.9415,2.9415,2.938,2.9385,2.9465,2.9465,2.943,2.9435,22
2026-02-17 18:05:00,2.9375,2.95,2.937,2.948,2.9425,2.955,2.942,2.953,47
2026-02-17 18:06:00,2.9475,2.948,2.946,2.948,2.9525,2.953,2.951,2.953,21
2026-02-17 18:07:00,2.947,2.9475,2.946,2.9465,2.952,2.9525,2.951,2.9515,14
2026-02-17 18:08:00,2.946,2.9475,2.946,2.9465,2.951,2.9525,2.951,2.9515,13
2026-02-17 18:09:00,2.949,2.952,2.944,2.946,2.954,2.957,2.949,2.951,33
2026-02-17 18:10:00,2.9455,2.946,2.942,2.942,2.9505,2.951,2.947,2.947,27
2026-02-17 18:11:00,2.9425,2.944,2.9395,2.9395,2.9475,2.949,2.9445,2.9445,19
2026-02-17 18:12:00,2.94,2.943,2.939,2.9425,2.945,2.948,2.944,2.9475,12
2026-02-17 18:13:00,2.942,2.943,2.9395,2.9395,2.947,2.948,2.9445,2.9445,21
2026-02-17 18:14:00,2.939,2.939,2.9325,2.9335,2.944,2.944,2.9375,2.9385,43
2026-02-17 18:15:00,2.933,2.935,2.931,2.9325,2.938,2.94,2.936,2.9375,16
2026-02-17 18:16:00,2.932,2.933,2.93,2.932,2.937,2.938,2.935,2.937,30
2026-02-17 18:17:00,2.931,2.932,2.931,2.9315,2.936,2.937,2.936,2.9365,8
2026-02-17 18:18:00,2.931,2.932,2.93,2.931,2.936,2.937,2.935,2.936,13
2026-02-17 18:19:00,2.9305,2.931,2.92,2.922,2.9355,2.936,2.925,2.927,50
2026-02-17 18:20:00,2.9225,2.9245,2.9195,2.924,2.9275,2.9295,2.9245,2.929,43
2026-02-17 18:21:00,2.9235,2.9365,2.9225,2.9365,2.9285,2.9415,2.9275,2.9415,64
2026-02-17 18:22:00,2.936,2.95,2.936,2.9455,2.941,2.955,2.941,2.9505,77
2026-02-17 18:23:00,2.945,2.945,2.938,2.9385,2.95,2.95,2.943,2.9435,33
2026-02-17 18:24:00,2.938,2.9385,2.934,2.9365,2.943,2.9435,2.939,2.9415,33
2026-02-17 18:25:00,2.936,2.937,2.9345,2.936,2.941,2.942,2.9395,2.941,18
2026-02-17 18:26:00,2.9365,2.944,2.934,2.944,2.9415,2.949,2.939,2.949,53
2026-02-17 18:27:00,2.9435,2.9445,2.9375,2.938,2.9485,2.9495,2.9425,2.943,20
2026-02-17 18:28:00,2.9395,2.95,2.9395,2.947,2.9445,2.955,2.9445,2.952,37
2026-02-17 18:29:00,2.9465,2.948,2.9435,2.945,2.9515,2.953,2.9485,2.95,33
2026-02-17 18:30:00,2.9455,2.949,2.939,2.94,2.9505,2.954,2.944,2.945,40
2026-02-17 18:31:00,2.942,2.943,2.9395,2.941,2.947,2.948,2.9445,2.946,22
2026-02-17 18:32:00,2.9405,2.941,2.936,2.9365,2.9455,2.946,2.941,2.9415,19
2026-02-17 18:33:00,2.936,2.937,2.935,2.935,2.941,2.942,2.94,2.94,19
2026-02-17 18:34:00,2.9345,2.939,2.9345,2.937,2.9395,2.944,2.9395,2.942,25
2026-02-17 18:35:00,2.936,2.936,2.934,2.9345,2.941,2.941,2.939,2.9395,19
2026-02-17 18:36:00,2.934,2.935,2.93,2.9315,2.939,2.94,2.935,2.9365,31
2026-02-17 18:37:00,2.931,2.933,2.931,2.932,2.936,2.938,2.936,2.937,33
2026-02-17 18:38:00,2.9315,2.934,2.93,2.931,2.9365,2.939,2.935,2.936,21
2026-02-17 18:39:00,2.9305,2.931,2.928,2.929,2.9355,2.936,2.933,2.934,21
2026-02-17 18:40:00,2.9285,2.93,2.928,2.929,2.9335,2.935,2.933,2.934,15
2026-02-17 18:41:00,2.9285,2.929,2.927,2.9275,2.9335,2.934,2.932,2.9325,27
2026-02-17 18:42:00,2.927,2.9285,2.927,2.928,2.932,2.9335,2.932,2.933,14
2026-02-17 18:43:00,2.926,2.926,2.9205,2.9225,2.931,2.931,2.9255,2.9275,31
2026-02-17 18:44:00,2.922,2.9265,2.922,2.9255,2.927,2.9315,2.927,2.9305,26
2026-02-17 18:45:00,2.925,2.928,2.9245,2.9255,2.93,2.933,2.9295,2.9305,31
2026-02-17 18:46:00,2.925,2.926,2.922,2.923,2.93,2.931,2.927,2.928,11
2026-02-17 18:47:00,2.9225,2.9225,2.917,2.92,2.9275,2.9275,2.922,2.925,39
2026-02-17 18:48:00,2.9195,2.9205,2.9175,2.9175,2.9245,2.9255,2.9225,2.9225,28
2026-02-17 18:49:00,2.9185,2.919,2.916,2.9185,2.9235,2.924,2.921,2.9235,46
2026-02-17 18:50:00,2.919,2.921,2.918,2.918,2.924,2.926,2.923,2.923,22
2026-02-17 18:51:00,2.917,2.925,2.9155,2.924,2.922,2.93,2.9205,2.929,38
2026-02-17 18:52:00,2.9235,2.924,2.92,2.9225,2.9285,2.929,2.925,2.9275,28
2026-02-17 18:53:00,2.923,2.923,2.917,2.9185,2.928,2.928,2.922,2.9235,29
2026-02-17 18:54:00,2.918,2.919,2.917,2.917,2.923,2.924,2.922,2.922,21
2026-02-17 18:55:00,2.9175,2.919,2.916,2.918,2.9225,2.924,2.921,2.923,22
2026-02-17 18:56:00,2.9175,2.918,2.915,2.915,2.9225,2.923,2.92,2.92,15
2026-02-17 18:57:00,2.914,2.915,2.912,2.914,2.919,2.92,2.917,2.919,21
2026-02-17 18:58:00,2.9145,2.915,2.912,2.912,2.9195,2.92,2.917,2.917,17
2026-02-17 18:59:00,2.913,2.915,2.912,2.912,2.918,2.92,2.917,2.917,20
2026-02-17 19:00:00,2.9115,2.912,2.9095,2.911,2.9165,2.917,2.9145,2.916,22
2026-02-17 19:01:00,2.91,2.913,2.9095,2.913,2.915,2.918,2.9145,2.918,14
2026-02-17 19:02:00,2.912,2.913,2.909,2.9095,2.917,2.918,2.914,2.9145,14
2026-02-17 19:03:00,2.908,2.909,2.907,2.908,2.913,2.914,2.912,2.913,17
2026-02-17 19:04:00,2.9085,2.909,2.907,2.908,2.9135,2.914,2.912,2.913,24
2026-02-17 19:05:00,2.9075,2.908,2.905,2.907,2.9125,2.913,2.91,2.912,21
2026-02-17 19:06:00,2.9065,2.907,2.904,2.904,2.9115,2.912,2.909,2.909,13
2026-02-17 19:07:00,2.9045,2.905,2.904,2.904,2.9095,2.91,2.909,2.909,5
2026-02-17 19:08:00,2.905,2.905,2.8995,2.8995,2.91,2.91,2.9045,2.9045,28
2026-02-17 19:09:00,2.8985,2.9,2.897,2.899,2.9035,2.905,2.902,2.904,23
2026-02-17 19:10:00,2.8985,2.899,2.897,2.898,2.9035,2.904,2.902,2.903,22
2026-02-17 19:11:00,2.897,2.899,2.896,2.898,2.902,2.904,2.901,2.903,17
2026-02-17 19:12:00,2.899,2.899,2.894,2.897,2.904,2.904,2.899,2.902,29
2026-02-17 19:13:00,2.896,2.898,2.894,2.897,2.901,2.903,2.899,2.902,20
2026-02-17 19:14:00,2.898,2.901,2.897,2.898,2.903,2.906,2.902,2.903,18
2026-02-17 19:15:00,2.8975,2.898,2.895,2.8955,2.9025,2.903,2.9,2.9005,24
2026-02-17 19:16:00,2.895,2.899,2.894,2.8955,2.9,2.904,2.899,2.9005,30
2026-02-17 19:17:00,2.896,2.896,2.892,2.893,2.901,2.901,2.897,2.898,20
2026-02-17 19:18:00,2.894,2.894,2.8845,2.886,2.899,2.899,2.8895,2.891,53
2026-02-17 19:19:00,2.8865,2.895,2.8865,2.8935,2.8915,2.9,2.8915,2.8985,53
2026-02-17 19:20:00,2.893,2.901,2.891,2.901,2.898,2.906,2.896,2.906,42
2026-02-17 19:21:00,2.9,2.905,2.9,2.901,2.905,2.91,2.905,2.906,40
2026-02-17 19:22:00,2.902,2.9165,2.9,2.91,2.907,2.9215,2.905,2.915,70
2026-02-17 19:23:00,2.9105,2.9105,2.9045,2.9065,2.9155,2.9155,2.9095,2.9115,26
2026-02-17 19:24:00,2.906,2.9105,2.906,2.908,2.911,2.9155,2.911,2.913,27
2026-02-17 19:25:00,2.9075,2.911,2.904,2.911,2.9125,2.916,2.909,2.916,28
2026-02-17 19:26:00,2.91,2.912,2.905,2.906,2.915,2.917,2.91,2.911,33
2026-02-17 19:27:00,2.905,2.906,2.902,2.906,2.91,2.911,2.907,2.911,20
2026-02-17 19:28:00,2.9065,2.909,2.905,2.907,2.9115,2.914,2.91,2.912,21
2026-02-17 19:29:00,2.906,2.906,2.902,2.904,2.911,2.911,2.907,2.909,27
2026-02-17 19:30:00,2.905,2.911,2.904,2.91,2.91,2.916,2.909,2.915,20
2026-02-17 19:31:00,2.9095,2.9095,2.907,2.908,2.9145,2.9145,2.912,2.913,16
2026-02-17 19:32:00,2.907,2.908,2.906,2.906,2.912,2.913,2.911,2.911,15
2026-02-17 19:33:00,2.9065,2.909,2.905,2.906,2.9115,2.914,2.91,2.911,15
2026-02-17 19:34:00,2.907,2.913,2.907,2.9125,2.912,2.918,2.912,2.9175,29
2026-02-17 19:35:00,2.913,2.9175,2.913,2.914,2.918,2.9225,2.918,2.919,37
2026-02-17 19:36:00,2.915,2.915,2.9115,2.914,2.92,2.92,2.9165,2.919,22
2026-02-17 19:37:00,2.9135,2.916,2.913,2.915,2.9185,2.921,2.918,2.92,16
2026-02-17 19:38:00,2.9145,2.915,2.9065,2.9065,2.9195,2.92,2.9115,2.9115,32
2026-02-17 19:39:00,2.907,2.912,2.906,2.9105,2.912,2.917,2.911,2.9155,27
2026-02-17 19:40:00,2.91,2.9105,2.907,2.908,2.915,2.9155,2.912,2.913,23
2026-02-17 19:41:00,2.907,2.908,2.906,2.907,2.912,2.913,2.911,2.912,27
2026-02-17 19:42:00,2.908,2.9115,2.908,2.911,2.913,2.9165,2.913,2.916,17
2026-02-17 19:43:00,2.9105,2.917,2.91,2.917,2.9155,2.922,2.915,2.922,24
2026-02-17 19:44:00,2.9165,2.919,2.915,2.916,2.9215,2.924,2.92,2.921,41
2026-02-17 19:45:00,2.917,2.917,2.915,2.916,2.922,2.922,2.92,2.921,26
2026-02-17 19:46:00,2.915,2.9175,2.9125,2.9125,2.92,2.9225,2.9175,2.9175,31
2026-02-17 19:47:00,2.912,2.917,2.911,2.917,2.917,2.922,2.916,2.922,29
2026-02-17 19:48:00,2.918,2.921,2.913,2.914,2.923,2.926,2.918,2.919,44
2026-02-17 19:49:00,2.9135,2.915,2.913,2.913,2.9185,2.92,2.918,2.918,16
2026-02-17 19:50:00,2.9135,2.9145,2.9115,2.913,2.9185,2.9195,2.9165,2.918,24
2026-02-17 19:51:00,2.9135,2.915,2.9115,2.914,2.9185,2.92,2.9165,2.919,16
2026-02-17 19:52:00,2.913,2.914,2.9115,2.913,2.918,2.919,2.9165,2.918,26
2026-02-17 19:53:00,2.914,2.914,2.91,2.912,2.919,2.919,2.915,2.917,21
2026-02-17 19:54:00,2.9125,2.916,2.9125,2.913,2.9175,2.921,2.9175,2.918,19
2026-02-17 19:55:00,2.9125,2.913,2.9055,2.908,2.9175,2.918,2.9105,2.913,38
2026-02-17 19:56:00,2.909,2.913,2.9065,2.9075,2.914,2.918,2.9115,2.9125,50
2026-02-17 19:57:00,2.907,2.908,2.904,2.906,2.912,2.913,2.909,2.911,24
2026-02-17 19:58:00,2.9065,2.91,2.906,2.909,2.9115,2.915,2.911,2.914,24
2026-02-17 19:59:00,2.9085,2.9105,2.906,2.9065,2.9135,2.9155,2.911,2.9115,27
2026-02-17 20:00:00,2.906,2.907,2.9045,2.906,2.911,2.912,2.9095,2.911,30
2026-02-17 20:01:00,2.907,2.912,2.9055,2.908,2.912,2.917,2.9105,2.913,33
2026-02-17 20:02:00,2.9075,2.9075,2.9055,2.906,2.9125,2.9125,2.9105,2.911,12
2026-02-17 20:03:00,2.9055,2.9055,2.901,2.901,2.9105,2.9105,2.906,2.906,21
2026-02-17 20:04:00,2.9005,2.903,2.9,2.9025,2.9055,2.908,2.905,2.9075,24
2026-02-17 20:05:00,2.902,2.904,2.896,2.903,2.907,2.909,2.901,2.908,57
2026-02-17 20:06:00,2.9025,2.904,2.901,2.901,2.9075,2.909,2.906,2.906,32
2026-02-17 20:07:00,2.9015,2.9035,2.9,2.902,2.9065,2.9085,2.905,2.907,33
2026-02-17 20:08:00,2.901,2.903,2.9005,2.903,2.906,2.908,2.9055,2.908,17
2026-02-17 20:09:00,2.904,2.906,2.901,2.9015,2.909,2.911,2.906,2.9065,33
2026-02-17 20:10:00,2.9025,2.9035,2.9,2.902,2.9075,2.9085,2.905,2.907,29
2026-02-17 20:11:00,2.901,2.9015,2.897,2.8985,2.906,2.9065,2.902,2.9035,31
2026-02-17 20:12:00,2.898,2.9,2.896,2.8995,2.903,2.905,2.901,2.9045,24
2026-02-17 20:13:00,2.899,2.9,2.8965,2.899,2.904,2.905,2.9015,2.904,24
2026-02-17 20:14:00,2.8995,2.901,2.899,2.901,2.9045,2.906,2.904,2.906,23
2026-02-17 20:15:00,2.9005,2.903,2.897,2.8995,2.9055,2.908,2.902,2.9045,27
2026-02-17 20:16:00,2.899,2.902,2.899,2.9,2.904,2.907,2.904,2.905,23
2026-02-17 20:17:00,2.9005,2.9005,2.897,2.899,2.9055,2.9055,2.902,2.904,32
2026-02-17 20:18:00,2.8985,2.8985,2.897,2.897,2.9035,2.9035,2.902,2.902,12
2026-02-17 20:19:00,2.8965,2.898,2.895,2.8965,2.9015,2.903,2.9,2.9015,30
2026-02-17 20:20:00,2.897,2.897,2.894,2.894,2.902,2.902,2.899,2.899,15
2026-02-17 20:21:00,2.8935,2.898,2.893,2.897,2.8985,2.903,2.898,2.902,41
2026-02-17 20:22:00,2.8975,2.902,2.896,2.898,2.9025,2.907,2.901,2.903,39
2026-02-17 20:23:00,2.8985,2.8995,2.893,2.893,2.9035,2.9045,2.898,2.898,32
2026-02-17 20:24:00,2.8925,2.893,2.8895,2.892,2.8975,2.898,2.8945,2.897,39
2026-02-17 20:25:00,2.8925,2.8965,2.892,2.896,2.8975,2.9015,2.897,2.901,31
2026-02-17 20:26:00,2.895,2.899,2.895,2.8965,2.9,2.904,2.9,2.9015,41
2026-02-17 20:27:00,2.8975,2.903,2.897,2.902,2.9025,2.908,2.902,2.907,48
2026-02-17 20:28:00,2.901,2.905,2.895,2.8965,2.906,2.91,2.9,2.9015,99
2026-02-17 20:29:00,2.897,2.904,2.896,2.901,2.902,2.909,2.901,2.906,84
2026-02-17 20:30:00,2.9015,2.9015,2.897,2.899,2.9065,2.9065,2.902,2.904,24
2026-02-17 20:31:00,2.8995,2.902,2.899,2.9015,2.9045,2.907,2.904,2.9065,22
2026-02-17 20:32:00,2.902,2.905,2.9,2.9,2.907,2.91,2.905,2.905,26
2026-02-17 20:33:00,2.899,2.899,2.896,2.8985,2.904,2.904,2.901,2.9035,23
2026-02-17 20:34:00,2.898,2.8985,2.897,2.897,2.903,2.9035,2.902,2.902,3
2026-02-17 20:35:00,2.898,2.9,2.897,2.8995,2.903,2.905,2.902,2.9045,18
2026-02-17 20:36:00,2.899,2.902,2.899,2.901,2.904,2.907,2.904,2.906,17
2026-02-17 20:37:00,2.9015,2.902,2.8995,2.9,2.9065,2.907,2.9045,2.905,17
2026-02-17 20:38:00,2.9005,2.901,2.897,2.897,2.9055,2.906,2.902,2.902,17
2026-02-17 20:39:00,2.8965,2.8975,2.896,2.8975,2.9015,2.9025,2.901,2.9025,11
2026-02-17 20:40:00,2.898,2.9025,2.897,2.901,2.903,2.9075,2.902,2.906,24
2026-02-17 20:41:00,2.9015,2.903,2.9,2.9015,2.9065,2.908,2.905,2.9065,19
2026-02-17 20:42:00,2.902,2.904,2.902,2.903,2.907,2.909,2.907,2.908,17
2026-02-17 20:43:00,2.902,2.9045,2.9015,2.9025,2.907,2.9095,2.9065,2.9075,18
2026-02-17 20:44:00,2.902,2.905,2.902,2.904,2.907,2.91,2.907,2.909,22
2026-02-17 20:45:00,2.9035,2.909,2.903,2.908,2.9085,2.914,2.908,2.913,15
2026-02-17 20:46:00,2.909,2.911,2.908,2.91,2.914,2.916,2.913,2.915,29
2026-02-17 20:47:00,2.909,2.9125,2.909,2.912,2.914,2.9175,2.914,2.917,21
2026-02-17 20:48:00,2.913,2.913,2.908,2.91,2.918,2.918,2.913,2.915,27
2026-02-17 20:49:00,2.9095,2.911,2.9095,2.911,2.9145,2.916,2.9145,2.916,4
2026-02-17 20:50:00,2.9115,2.912,2.91,2.911,2.9165,2.917,2.915,2.916,14
2026-02-17 20:51:00,2.9105,2.9105,2.91,2.91,2.9155,2.9155,2.915,2.915,6
2026-02-17 20:52:00,2.9105,2.9105,2.9105,2.9105,2.9155,2.9155,2.9155,2.9155,1
2026-02-17 20:53:00,2.9115,2.9115,2.91,2.911,2.9165,2.9165,2.915,2.916,9
2026-02-17 20:54:00,2.9105,2.915,2.9105,2.9125,2.9155,2.92,2.9155,2.9175,16
2026-02-17 20:55:00,2.912,2.912,2.911,2.9115,2.917,2.917,2.916,2.9165,4
2026-02-17 20:56:00,2.911,2.914,2.911,2.912,2.916,2.919,2.916,2.917,8
2026-02-17 20:57:00,2.9125,2.914,2.9125,2.9125,2.9175,2.919,2.9175,2.9175,7
2026-02-17 20:58:00,2.913,2.9145,2.912,2.9135,2.918,2.9195,2.917,2.9185,10
2026-02-17 20:59:00,2.914,2.914,2.913,2.914,2.919,2.919,2.918,2.919,5
2026-02-17 21:00:00,2.9135,2.914,2.911,2.912,2.9185,2.919,2.916,2.917,12
2026-02-17 21:01:00,2.9125,2.9125,2.9105,2.9115,2.9175,2.9175,2.9155,2.9165,20
2026-02-17 21:02:00,2.912,2.912,2.91,2.91,2.917,2.917,2.915,2.915,9
2026-02-17 21:03:00,2.9105,2.9105,2.909,2.9095,2.9155,2.9155,2.914,2.9145,16
2026-02-17 21:04:00,2.91,2.91,2.908,2.909,2.915,2.915,2.913,2.914,7
2026-02-17 21:05:00,2.9095,2.91,2.909,2.9095,2.9145,2.915,2.914,2.9145,7
2026-02-17 21:06:00,2.909,2.909,2.9065,2.907,2.914,2.914,2.9115,2.912,7
2026-02-17 21:07:00,2.9065,2.91,2.9065,2.909,2.9115,2.915,2.9115,2.914,8
2026-02-17 21:08:00,2.91,2.91,2.907,2.907,2.915,2.915,2.912,2.912,9
2026-02-17 21:09:00,2.9065,2.908,2.906,2.907,2.9115,2.913,2.911,2.912,8
2026-02-17 21:10:00,2.906,2.908,2.905,2.905,2.911,2.913,2.91,2.91,11
2026-02-17 21:11:00,2.904,2.905,2.904,2.905,2.909,2.91,2.909,2.91,9
2026-02-17 21:12:00,2.9045,2.906,2.904,2.9045,2.9095,2.911,2.909,2.9095,10
2026-02-17 21:13:00,2.904,2.905,2.903,2.905,2.909,2.91,2.908,2.91,11
2026-02-17 21:14:00,2.906,2.906,2.905,2.905,2.911,2.911,2.91,2.91,3
2026-02-17 21:15:00,2.906,2.906,2.905,2.9055,2.911,2.911,2.91,2.9105,5
2026-02-17 21:16:00,2.905,2.909,2.905,2.909,2.91,2.914,2.91,2.914,9
2026-02-17 21:17:00,2.91,2.91,2.907,2.9075,2.915,2.915,2.912,2.9125,7
2026-02-17 21:18:00,2.907,2.907,2.906,2.907,2.912,2.912,2.911,2.912,6
2026-02-17 21:19:00,2.9065,2.9065,2.905,2.905,2.9115,2.9115,2.91,2.91,3
2026-02-17 21:20:00,2.9055,2.906,2.905,2.905,2.9105,2.911,2.91,2.91,4
2026-02-17 21:21:00,2.9045,2.9045,2.903,2.904,2.9095,2.9095,2.908,2.909,4
2026-02-17 21:22:00,2.903,2.9035,2.901,2.901,2.908,2.9085,2.906,2.906,13
2026-02-17 21:23:00,2.9015,2.902,2.901,2.902,2.9065,2.907,2.906,2.907,15
2026-02-17 21:25:00,2.901,2.902,2.899,2.8995,2.906,2.907,2.904,2.9045,16
2026-02-17 21:26:00,2.9,2.9,2.899,2.899,2.905,2.905,2.904,2.904,5
2026-02-17 21:27:00,2.898,2.899,2.898,2.899,2.903,2.904,2.903,2.904,3
2026-02-17 21:28:00,2.8995,2.9,2.899,2.899,2.9045,2.905,2.904,2.904,4
2026-02-17 21:29:00,2.8995,2.8995,2.899,2.899,2.9045,2.9045,2.904,2.904,2
2026-02-17 21:30:00,2.9,2.906,2.9,2.903,2.905,2.911,2.905,2.908,26
2026-02-17 21:31:00,2.9035,2.9035,2.9025,2.9025,2.9085,2.9085,2.9075,2.9075,3
2026-02-17 21:32:00,2.902,2.903,2.902,2.9025,2.907,2.908,2.907,2.9075,6
2026-02-17 21:33:00,2.903,2.903,2.902,2.902,2.908,2.908,2.907,2.907,5
2026-02-17 21:34:00,2.9025,2.903,2.901,2.903,2.9075,2.908,2.906,2.908,8
2026-02-17 21:35:00,2.9025,2.9025,2.9,2.901,2.9075,2.9075,2.905,2.906,13
2026-02-17 21:36:00,2.9015,2.902,2.9,2.901,2.9065,2.907,2.905,2.906,12
2026-02-17 21:37:00,2.9,2.9025,2.9,2.902,2.905,2.9075,2.905,2.907,6
2026-02-17 21:38:00,2.9025,2.903,2.901,2.902,2.9075,2.908,2.906,2.907,17
2026-02-17 21:39:00,2.9025,2.904,2.9025,2.904,2.9075,2.909,2.9075,2.909,6
2026-02-17 21:40:00,2.9035,2.905,2.903,2.9045,2.9085,2.91,2.908,2.9095,10
2026-02-17 21:41:00,2.904,2.9045,2.904,2.904,2.909,2.9095,2.909,2.909,3
2026-02-17 21:42:00,2.9045,2.905,2.904,2.905,2.9095,2.91,2.909,2.91,4
2026-02-17 21:43:00,2.9045,2.9045,2.904,2.904,2.9095,2.9095,2.909,2.909,4
2026-02-17 21:44:00,2.905,2.906,2.905,2.906,2.91,2.911,2.91,2.911,2
2026-02-17 21:45:00,2.9055,2.907,2.905,2.9065,2.9105,2.912,2.91,2.9115,14
2026-02-17 21:46:00,2.907,2.908,2.907,2.908,2.912,2.913,2.912,2.913,2
2026-02-17 21:47:00,2.9085,2.9085,2.908,2.908,2.9135,2.9135,2.913,2.913,4
2026-02-17 21:48:00,2.909,2.91,2.908,2.909,2.914,2.915,2.913,2.914,13
2026-02-17 21:49:00,2.9085,2.911,2.9085,2.91,2.9135,2.916,2.9135,2.915,12
2026-02-17 21:50:00,2.9105,2.914,2.9105,2.913,2.9155,2.919,2.9155,2.918,17
2026-02-17 21:51:00,2.9125,2.913,2.912,2.912,2.9175,2.918,2.917,2.917,6
2026-02-17 21:52:00,2.913,2.914,2.913,2.914,2.918,2.919,2.918,2.919,2
2026-02-17 21:53:00,2.915,2.916,2.914,2.915,2.92,2.921,2.919,2.92,13
2026-02-17 21:54:00,2.9155,2.921,2.9155,2.9195,2.9205,2.926,2.9205,2.9245,45
2026-02-17 21:55:00,2.92,2.92,2.917,2.918,2.925,2.925,2.922,2.923,12
2026-02-17 21:56:00,2.9185,2.921,2.9185,2.92,2.9235,2.926,2.9235,2.925,21
2026-02-17 21:57:00,2.9195,2.921,2.919,2.92,2.9245,2.926,2.924,2.925,12
2026-02-17 21:58:00,2.9205,2.9205,2.919,2.919,2.9255,2.9255,2.924,2.924,15
2026-02-17 21:59:00,2.9195,2.9205,2.919,2.92,2.9245,2.9255,2.924,2.925,17
2026-02-17 22:00:00,2.9205,2.923,2.92,2.921,2.9255,2.928,2.925,2.926,11
2026-02-17 22:01:00,2.922,2.923,2.922,2.9225,2.927,2.928,2.927,2.9275,4
2026-02-17 22:02:00,2.923,2.925,2.923,2.924,2.928,2.93,2.928,2.929,14
2026-02-17 22:03:00,2.9245,2.9265,2.924,2.9265,2.9295,2.9315,2.929,2.9315,5
2026-02-17 22:04:00,2.927,2.927,2.9235,2.9245,2.932,2.932,2.9285,2.9295,13
2026-02-17 22:05:00,2.924,2.925,2.924,2.925,2.929,2.93,2.929,2.93,2
2026-02-17 22:06:00,2.924,2.926,2.924,2.9255,2.929,2.931,2.929,2.9305,6
2026-02-17 22:07:00,2.925,2.925,2.922,2.923,2.93,2.93,2.927,2.928,9
2026-02-17 22:08:00,2.922,2.922,2.9205,2.9205,2.927,2.927,2.9255,2.9255,5
2026-02-17 22:09:00,2.921,2.925,2.921,2.924,2.926,2.93,2.926,2.929,12
2026-02-17 22:10:00,2.9235,2.925,2.923,2.923,2.9285,2.93,2.928,2.928,7
2026-02-17 22:11:00,2.924,2.926,2.924,2.925,2.929,2.931,2.929,2.93,11
2026-02-17 22:12:00,2.9255,2.927,2.924,2.9255,2.9305,2.932,2.929,2.9305,14
2026-02-17 22:13:00,2.926,2.928,2.926,2.9265,2.931,2.933,2.931,2.9315,9
2026-02-17 22:14:00,2.926,2.9265,2.9255,2.9255,2.931,2.9315,2.9305,2.9305,4
2026-02-17 22:15:00,2.925,2.925,2.9225,2.9225,2.93,2.93,2.9275,2.9275,11
2026-02-17 22:16:00,2.9215,2.9225,2.9215,2.922,2.9265,2.9275,2.9265,2.927,11
2026-02-17 22:17:00,2.9225,2.9225,2.9205,2.9205,2.9275,2.9275,2.9255,2.9255,7
2026-02-17 22:18:00,2.92,2.92,2.918,2.918,2.925,2.925,2.923,2.923,8
2026-02-17 22:19:00,2.9185,2.919,2.9175,2.9175,2.9235,2.924,2.9225,2.9225,8
2026-02-17 22:20:00,2.9165,2.9175,2.909,2.91,2.9215,2.9225,2.914,2.915,21
2026-02-17 22:21:00,2.9105,2.914,2.91,2.9115,2.9155,2.919,2.915,2.9165,15
2026-02-17 22:22:00,2.9105,2.912,2.9105,2.9115,2.9155,2.917,2.9155,2.9165,4
2026-02-17 22:23:00,2.911,2.911,2.909,2.909,2.916,2.916,2.914,2.914,4
2026-02-17 22:24:00,2.9105,2.9105,2.9095,2.9095,2.9155,2.9155,2.9145,2.9145,4
2026-02-17 22:25:00,2.9105,2.9105,2.9105,2.9105,2.9155,2.9155,2.9155,2.9155,1
2026-02-17 22:26:00,2.91,2.911,2.91,2.91,2.915,2.916,2.915,2.915,9
2026-02-17 22:27:00,2.9105,2.911,2.9105,2.911,2.9155,2.916,2.9155,2.916,2
2026-02-17 22:28:00,2.91,2.911,2.91,2.9105,2.915,2.916,2.915,2.9155,4
2026-02-17 22:29:00,2.911,2.9115,2.911,2.911,2.916,2.9165,2.916,2.916,3
2026-02-17 22:30:00,2.9105,2.9115,2.91,2.9115,2.9155,2.9165,2.915,2.9165,6
2026-02-17 22:32:00,2.912,2.912,2.9115,2.9115,2.917,2.917,2.9165,2.9165,2
2026-02-17 22:33:00,2.912,2.912,2.91,2.91,2.917,2.917,2.915,2.915,17
2026-02-17 22:35:00,2.9095,2.9095,2.908,2.908,2.9145,2.9145,2.913,2.913,6
2026-02-17 22:36:00,2.909,2.909,2.908,2.908,2.914,2.914,2.913,2.913,5
2026-02-17 22:37:00,2.909,2.91,2.9085,2.9095,2.914,2.915,2.9135,2.9145,8
2026-02-17 22:38:00,2.91,2.911,2.91,2.911,2.915,2.916,2.915,2.916,3
2026-02-17 22:40:00,2.9115,2.914,2.9115,2.914,2.9165,2.919,2.9165,2.919,5
2026-02-17 22:42:00,2.9145,2.915,2.914,2.9145,2.9195,2.92,2.919,2.9195,6
2026-02-17 22:43:00,2.915,2.9165,2.914,2.9145,2.92,2.9215,2.919,2.9195,10
2026-02-17 22:44:00,2.915,2.915,2.9145,2.9145,2.92,2.92,2.9195,2.9195,2
2026-02-17 22:46:00,2.915,2.9165,2.915,2.9165,2.92,2.9215,2.92,2.9215,5
2026-02-17 22:47:00,2.916,2.9175,2.916,2.9175,2.921,2.9225,2.921,2.9225,4
2026-02-17 22:48:00,2.917,2.917,2.9155,2.9155,2.922,2.922,2.9205,2.9205,3
2026-02-17 22:49:00,2.915,2.917,2.915,2.9165,2.92,2.922,2.92,2.9215,5
2026-02-17 22:50:00,2.917,2.919,2.916,2.919,2.922,2.924,2.921,2.924,19
2026-02-17 22:51:00,2.9185,2.919,2.9175,2.919,2.9235,2.924,2.9225,2.924,8
2026-02-17 22:52:00,2.9185,2.919,2.918,2.9185,2.9235,2.924,2.923,2.9235,5
2026-02-17 22:53:00,2.918,2.9185,2.918,2.9185,2.923,2.9235,2.923,2.9235,2
2026-02-17 22:54:00,2.918,2.918,2.9165,2.917,2.923,2.923,2.9215,2.922,4
2026-02-17 22:55:00,2.918,2.918,2.917,2.918,2.923,2.923,2.922,2.923,8
2026-02-17 22:56:00,2.919,2.922,2.919,2.9195,2.924,2.927,2.924,2.9245,11
2026-02-17 22:57:00,2.919,2.92,2.9185,2.9195,2.924,2.925,2.9235,2.9245,5
2026-02-17 22:58:00,2.92,2.921,2.9185,2.9185,2.925,2.926,2.9235,2.9235,10
2026-02-17 22:59:00,2.9175,2.9589,2.9175,2.9589,2.9225,2.9639,2.9225,2.9639,20
2026-02-18 00:00:00,2.9584,2.9604,2.9544,2.9554,2.9634,2.9654,2.9594,2.9604,18
2026-02-18 00:02:00,2.9534,2.9534,2.9519,2.9524,2.9584,2.9584,2.9569,2.9574,6
2026-02-18 00:03:00,2.9529,2.9554,2.9529,2.9539,2.9579,2.9604,2.9579,2.9589,4
2026-02-18 00:04:00,2.9549,2.9554,2.9544,2.9544,2.9599,2.9604,2.9594,2.9594,4
2026-02-18 00:05:00,2.9539,2.9539,2.9539,2.9539,2.9589,2.9589,2.9589,2.9589,1
2026-02-18 00:06:00,2.9554,2.9574,2.9554,2.9574,2.9604,2.9624,2.9604,2.9624,3
2026-02-18 00:07:00,2.9594,2.9594,2.9569,2.9569,2.9644,2.9644,2.9619,2.9619,2
2026-02-18 00:08:00,2.9564,2.9574,2.9564,2.9574,2.9614,2.9624,2.9614,2.9624,2
2026-02-18 00:09:00,2.9579,2.9579,2.9574,2.9574,2.9629,2.9629,2.9624,2.9624,2
2026-02-18 00:10:00,2.9579,2.9594,2.9579,2.9594,2.9629,2.9644,2.9629,2.9644,3
2026-02-18 00:11:00,2.9589,2.9589,2.9579,2.9579,2.9639,2.9639,2.9629,2.9629,2
2026-02-18 00:12:00,2.9569,2.9569,2.9569,2.9569,2.9619,2.9619,2.9619,2.9619,1
2026-02-18 00:13:00,2.9564,2.9569,2.9564,2.9569,2.9614,2.9619,2.9614,2.9619,2
2026-02-18 00:14:00,2.9564,2.9564,2.9564,2.9564,2.9614,2.9614,2.9614,2.9614,1
2026-02-18 00:15:00,2.9569,2.9569,2.9569,2.9569,2.9619,2.9619,2.9619,2.9619,1
2026-02-18 00:16:00,2.9564,2.9564,2.9554,2.9554,2.9614,2.9614,2.9604,2.9604,4
2026-02-18 00:21:00,2.9564,2.9589,2.9564,2.9579,2.9614,2.9639,2.9614,2.9629,6
2026-02-18 00:22:00,2.9574,2.9574,2.9574,2.9574,2.9624,2.9624,2.9624,2.9624,1
2026-02-18 00:24:00,2.9579,2.9579,2.9579,2.9579,2.9629,2.9629,2.9629,2.9629,1
2026-02-18 00:26:00,2.9574,2.9574,2.9574,2.9574,2.9624,2.9624,2.9624,2.9624,1
2026-02-18 00:27:00,2.9564,2.9574,2.9564,2.9574,2.9614,2.9624,2.9614,2.9624,2
2026-02-18 00:29:00,2.9569,2.9569,2.9569,2.9569,2.9619,2.9619,2.9619,2.9619,1
2026-02-18 00:31:00,2.9574,2.9574,2.9564,2.9564,2.9624,2.9624,2.9614,2.9614,3
2026-02-18 00:32:00,2.9554,2.9564,2.9554,2.9564,2.9604,2.9614,2.9604,2.9614,3
2026-02-18 00:34:00,2.9554,2.9554,2.9554,2.9554,2.9604,2.9604,2.9604,2.9604,1
2026-02-18 00:37:00,2.9564,2.9574,2.9564,2.9569,2.9614,2.9624,2.9614,2.9619,4
2026-02-18 00:38:00,2.9564,2.9564,2.9559,2.9559,2.9614,2.9614,2.9609,2.9609,2
2026-02-18 00:40:00,2.9554,2.9554,2.9554,2.9554,2.9604,2.9604,2.9604,2.9604,1
2026-02-18 00:41:00,2.9564,2.9564,2.9564,2.9564,2.9614,2.9614,2.9614,2.9614,1
2026-02-18 00:42:00,2.9554,2.9564,2.9554,2.9564,2.9604,2.9614,2.9604,2.9614,2
2026-02-18 00:44:00,2.9569,2.9574,2.9569,2.9574,2.9619,2.9624,2.9619,2.9624,2
2026-02-18 00:46:00,2.9564,2.9569,2.9564,2.9569,2.9614,2.9619,2.9614,2.9619,2
2026-02-18 00:47:00,2.9574,2.9574,2.9574,2.9574,2.9624,2.9624,2.9624,2.9624,1
2026-02-18 00:48:00,2.9569,2.9569,2.9564,2.9564,2.9619,2.9619,2.9614,2.9614,2
2026-02-18 00:49:00,2.9559,2.9564,2.9559,2.9564,2.9609,2.9614,2.9609,2.9614,2
2026-02-18 00:50:00,2.9559,2.9559,2.9559,2.9559,2.9609,2.9609,2.9609,2.9609,1
2026-02-18 00:52:00,2.9564,2.9564,2.9554,2.9564,2.9614,2.9614,2.9604,2.9614,3
2026-02-18 00:54:00,2.9554,2.9554,2.9554,2.9554,2.9604,2.9604,2.9604,2.9604,1
2026-02-18 00:55:00,2.9559,2.9564,2.9559,2.9564,2.9609,2.9614,2.9609,2.9614,2
2026-02-18 00:56:00,2.9559,2.9564,2.9554,2.9554,2.9609,2.9614,2.9604,2.9604,3
2026-02-18 00:57:00,2.9559,2.9559,2.9559,2.9559,2.9609,2.9609,2.9609,2.9609,1
2026-02-18 00:59:00,2.9554,2.9559,2.9554,2.9559,2.9604,2.9609,2.9604,2.9609,2
2026-02-18 01:01:00,2.9554,2.9574,2.9554,2.9564,2.9604,2.9624,2.9604,2.9614,4
2026-02-18 01:03:00,2.9554,2.9564,2.9554,2.9564,2.9604,2.9614,2.9604,2.9614,2
2026-02-18 01:05:00,2.9559,2.9559,2.9559,2.9559,2.9609,2.9609,2.9609,2.9609,1
2026-02-18 01:06:00,2.9564,2.9569,2.9564,2.9569,2.9614,2.9619,2.9614,2.9619,2
2026-02-18 01:07:00,2.9559,2.9559,2.9559,2.9559,2.9609,2.9609,2.9609,2.9609,1
2026-02-18 01:08:00,2.9554,2.9564,2.9554,2.9564,2.9604,2.9614,2.9604,2.9614,2
2026-02-18 01:09:00,2.9559,2.9559,2.9554,2.9554,2.9609,2.9609,2.9604,2.9604,2
2026-02-18 01:13:00,2.9559,2.9569,2.9554,2.9554,2.9609,2.9619,2.9604,2.9604,5
2026-02-18 01:14:00,2.9564,2.9574,2.9564,2.9569,2.9614,2.9624,2.9614,2.9619,3
2026-02-18 01:15:00,2.9559,2.9559,2.9554,2.9559,2.9609,2.9609,2.9604,2.9609,3
2026-02-18 01:16:00,2.9564,2.9574,2.9564,2.9574,2.9614,2.9624,2.9614,2.9624,3
2026-02-18 01:20:00,2.9564,2.9564,2.9564,2.9564,2.9614,2.9614,2.9614,2.9614,1
2026-02-18 01:21:00,2.9554,2.9554,2.9554,2.9554,2.9604,2.9604,2.9604,2.9604,1
2026-02-18 01:24:00,2.9559,2.9559,2.9559,2.9559,2.9609,2.9609,2.9609,2.9609,1
2026-02-18 01:25:00,2.9549,2.9549,2.9504,2.9514,2.9599,2.9599,2.9554,2.9564,8
2026-02-18 01:26:00,2.9519,2.9524,2.9509,2.9519,2.9569,2.9574,2.9559,2.9569,7
2026-02-18 01:28:00,2.9524,2.9539,2.9524,2.9534,2.9574,2.9589,2.9574,2.9584,3
2026-02-18 01:29:00,2.9544,2.9549,2.9544,2.9549,2.9594,2.9599,2.9594,2.9599,2
2026-02-18 01:32:00,2.9544,2.9564,2.9544,2.9554,2.9594,2.9614,2.9594,2.9604,6
2026-02-18 01:33:00,2.9544,2.9544,2.9544,2.9544,2.9594,2.9594,2.9594,2.9594,1
2026-02-18 01:34:00,2.9534,2.9534,2.9454,2.9464,2.9584,2.9584,2.9504,2.9514,25
2026-02-18 01:35:00,2.9459,2.9474,2.9454,2.9464,2.9509,2.9524,2.9504,2.9514,12
2026-02-18 01:36:00,2.9469,2.9494,2.9469,2.9494,2.9519,2.9544,2.9519,2.9544,4
2026-02-18 01:39:00,2.9504,2.9524,2.9504,2.9504,2.9554,2.9574,2.9554,2.9554,5
2026-02-18 01:41:00,2.9519,2.9524,2.9514,2.9514,2.9569,2.9574,2.9564,2.9564,5
2026-02-18 01:42:00,2.9524,2.9524,2.9504,2.9504,2.9574,2.9574,2.9554,2.9554,4
2026-02-18 01:45:00,2.9494,2.9504,2.9484,2.9494,2.9544,2.9554,2.9534,2.9544,6
2026-02-18 01:46:00,2.9504,2.9509,2.9504,2.9504,2.9554,2.9559,2.9554,2.9554,3
2026-02-18 01:47:00,2.9499,2.9499,2.9489,2.9489,2.9549,2.9549,2.9539,2.9539,3
2026-02-18 01:48:00,2.9484,2.9494,2.9484,2.9494,2.9534,2.9544,2.9534,2.9544,2
2026-02-18 01:49:00,2.9489,2.9494,2.9489,2.9494,2.9539,2.9544,2.9539,2.9544,4
2026-02-18 01:50:00,2.9509,2.9509,2.9494,2.9494,2.9559,2.9559,2.9544,2.9544,5
2026-02-18 01:53:00,2.9484,2.9484,2.9464,2.9474,2.9534,2.9534,2.9514,2.9524,6
2026-02-18 01:54:00,2.9469,2.9474,2.9454,2.9464,2.9519,2.9524,2.9504,2.9514,7
2026-02-18 01:55:00,2.9454,2.9454,2.9434,2.9444,2.9504,2.9504,2.9484,2.9494,9
2026-02-18 01:56:00,2.9449,2.9454,2.9384,2.9409,2.9499,2.9504,2.9434,2.9459,12
2026-02-18 01:57:00,2.9414,2.9419,2.9394,2.9419,2.9464,2.9469,2.9444,2.9469,6
2026-02-18 02:00:00,2.9429,2.9469,2.9429,2.9464,2.9479,2.9519,2.9479,2.9514,6
2026-02-18 02:01:00,2.9474,2.9484,2.9474,2.9474,2.9524,2.9534,2.9524,2.9524,3
2026-02-18 02:02:00,2.9469,2.9469,2.9469,2.9469,2.9519,2.9519,2.9519,2.9519,1
2026-02-18 02:03:00,2.9474,2.9474,2.9474,2.9474,2.9524,2.9524,2.9524,2.9524,1
2026-02-18 02:04:00,2.9469,2.9469,2.9459,2.9459,2.9519,2.9519,2.9509,2.9509,3
2026-02-18 02:05:00,2.9464,2.9484,2.9464,2.9469,2.9514,2.9534,2.9514,2.9519,6
2026-02-18 02:06:00,2.9474,2.9474,2.9459,2.9459,2.9524,2.9524,2.9509,2.9509,3
2026-02-18 02:07:00,2.9469,2.9469,2.9449,2.9469,2.9519,2.9519,2.9499,2.9519,4
2026-02-18 02:08:00,2.9459,2.9459,2.9459,2.9459,2.9509,2.9509,2.9509,2.9509,1
2026-02-18 02:09:00,2.9464,2.9464,2.9454,2.9454,2.9514,2.9514,2.9504,2.9504,2
2026-02-18 02:10:00,2.9459,2.9459,2.9444,2.9454,2.9509,2.9509,2.9494,2.9504,5
2026-02-18 02:11:00,2.9459,2.9469,2.9459,2.9459,2.9509,2.9519,2.9509,2.9509,5
2026-02-18 02:12:00,2.9454,2.9454,2.9454,2.9454,2.9504,2.9504,2.9504,2.9504,1
2026-02-18 02:14:00,2.9449,2.9454,2.9439,2.9454,2.9499,2.9504,2.9489,2.9504,6
2026-02-18 02:15:00,2.9449,2.9449,2.9449,2.9449,2.9499,2.9499,2.9499,2.9499,1
2026-02-18 02:17:00,2.9454,2.9454,2.9434,2.9444,2.9504,2.9504,2.9484,2.9494,9
2026-02-18 02:18:00,2.9449,2.9449,2.9449,2.9449,2.9499,2.9499,2.9499,2.9499,1
2026-02-18 02:19:00,2.9444,2.9444,2.9444,2.9444,2.9494,2.9494,2.9494,2.9494,1
2026-02-18 02:20:00,2.9439,2.9444,2.9439,2.9444,2.9489,2.9494,2.9489,2.9494,2
2026-02-18 02:21:00,2.9439,2.9444,2.9434,2.9439,2.9489,2.9494,2.9484,2.9489,4
2026-02-18 02:23:00,2.9444,2.9444,2.9434,2.9434,2.9494,2.9494,2.9484,2.9484,3
2026-02-18 02:24:00,2.9439,2.9439,2.9424,2.9424,2.9489,2.9489,2.9474,2.9474,5
2026-02-18 02:25:00,2.9429,2.9429,2.9409,2.9409,2.9479,2.9479,2.9459,2.9459,3
2026-02-18 02:27:00,2.9404,2.9414,2.9404,2.9414,2.9454,2.9464,2.9454,2.9464,2
2026-02-18 02:29:00,2.9409,2.9424,2.9404,2.9419,2.9459,2.9474,2.9454,2.9469,5
2026-02-18 02:30:00,2.9424,2.9424,2.9419,2.9419,2.9474,2.9474,2.9469,2.9469,2
2026-02-18 02:31:00,2.9414,2.9434,2.9414,2.9429,2.9464,2.9484,2.9464,2.9479,6
2026-02-18 02:32:00,2.9424,2.9439,2.9424,2.9429,2.9474,2.9489,2.9474,2.9479,5
2026-02-18 02:33:00,2.9419,2.9429,2.9404,2.9404,2.9469,2.9479,2.9454,2.9454,5
2026-02-18 02:34:00,2.9399,2.9409,2.9394,2.9409,2.9449,2.9459,2.9444,2.9459,3
2026-02-18 02:36:00,2.9414,2.9414,2.9409,2.9409,2.9464,2.9464,2.9459,2.9459,2
2026-02-18 02:37:00,2.9404,2.9404,2.9404,2.9404,2.9454,2.9454,2.9454,2.9454,1
2026-02-18 02:39:00,2.9394,2.9394,2.9389,2.9389,2.9444,2.9444,2.9439,2.9439,2
2026-02-18 02:41:00,2.9394,2.9394,2.9394,2.9394,2.9444,2.9444,2.9444,2.9444,1
2026-02-18 02:42:00,2.9389,2.9389,2.9379,2.9379,2.9439,2.9439,2.9429,2.9429,3
2026-02-18 02:43:00,2.9384,2.9384,2.9374,2.9374,2.9434,2.9434,2.9424,2.9424,5
2026-02-18 02:44:00,2.9369,2.9379,2.9364,2.9369,2.9419,2.9429,2.9414,2.9419,6
2026-02-18 02:46:00,2.9364,2.9364,2.9364,2.9364,2.9414,2.9414,2.9414,2.9414,1
2026-02-18 02:47:00,2.9369,2.9379,2.9369,2.9379,2.9419,2.9429,2.9419,2.9429,3
2026-02-18 02:48:00,2.9384,2.9394,2.9369,2.9369,2.9434,2.9444,2.9419,2.9419,5
2026-02-18 02:49:00,2.9374,2.9379,2.9374,2.9379,2.9424,2.9429,2.9424,2.9429,2
2026-02-18 02:50:00,2.9384,2.9389,2.9384,2.9389,2.9434,2.9439,2.9434,2.9439,2
2026-02-18 02:53:00,2.9384,2.9384,2.9374,2.9379,2.9434,2.9434,2.9424,2.9429,3
2026-02-18 02:57:00,2.9384,2.9384,2.9384,2.9384,2.9434,2.9434,2.9434,2.9434,1
2026-02-18 02:58:00,2.9389,2.9394,2.9384,2.9384,2.9439,2.9444,2.9434,2.9434,3
2026-02-18 03:01:00,2.9374,2.9374,2.9334,2.9359,2.9424,2.9424,2.9384,2.9409,10
2026-02-18 03:02:00,2.9364,2.9364,2.9359,2.9359,2.9414,2.9414,2.9409,2.9409,2
2026-02-18 03:03:00,2.9364,2.9364,2.9359,2.9359,2.9414,2.9414,2.9409,2.9409,2
2026-02-18 03:05:00,2.9354,2.9359,2.9334,2.9359,2.9404,2.9409,2.9384,2.9409,4
2026-02-18 03:08:00,2.9349,2.9354,2.9329,2.9329,2.9399,2.9404,2.9379,2.9379,4
2026-02-18 03:10:00,2.9334,2.9334,2.9324,2.9324,2.9384,2.9384,2.9374,2.9374,2
2026-02-18 03:11:00,2.9319,2.9319,2.9304,2.9314,2.9369,2.9369,2.9354,2.9364,5
2026-02-18 03:12:00,2.9309,2.9309,2.9309,2.9309,2.9359,2.9359,2.9359,2.9359,1
2026-02-18 03:16:00,2.9319,2.9324,2.9319,2.9319,2.9369,2.9374,2.9369,2.9369,3
2026-02-18 03:17:00,2.9314,2.9319,2.9309,2.9309,2.9364,2.9369,2.9359,2.9359,4
2026-02-18 03:18:00,2.9304,2.9304,2.9294,2.9299,2.9354,2.9354,2.9344,2.9349,6
2026-02-18 03:19:00,2.9294,2.9294,2.9284,2.9289,2.9344,2.9344,2.9334,2.9339,7
2026-02-18 03:20:00,2.9294,2.9294,2.9294,2.9294,2.9344,2.9344,2.9344,2.9344,1
2026-02-18 03:21:00,2.9299,2.9304,2.9294,2.9299,2.9349,2.9354,2.9344,2.9349,4
2026-02-18 03:23:00,2.9304,2.9304,2.9299,2.9299,2.9354,2.9354,2.9349,2.9349,2
2026-02-18 03:24:00,2.9304,2.9304,2.9289,2.9289,2.9354,2.9354,2.9339,2.9339,3
2026-02-18 03:27:00,2.9294,2.9294,2.9294,2.9294,2.9344,2.9344,2.9344,2.9344,1
2026-02-18 03:28:00,2.9289,2.9289,2.9289,2.9289,2.9339,2.9339,2.9339,2.9339,1
2026-02-18 03:29:00,2.9284,2.9294,2.9279,2.9294,2.9334,2.9344,2.9329,2.9344,6
2026-02-18 03:30:00,2.9304,2.9344,2.9304,2.9334,2.9354,2.9394,2.9354,2.9384,5
2026-02-18 03:31:00,2.9329,2.9339,2.9324,2.9339,2.9379,2.9389,2.9374,2.9389,4
2026-02-18 03:34:00,2.9344,2.9359,2.9344,2.9359,2.9394,2.9409,2.9394,2.9409,3
2026-02-18 03:35:00,2.9349,2.9349,2.9349,2.9349,2.9399,2.9399,2.9399,2.9399,1
2026-02-18 03:37:00,2.9344,2.9349,2.9344,2.9349,2.9394,2.9399,2.9394,2.9399,2
2026-02-18 03:40:00,2.9344,2.9344,2.9344,2.9344,2.9394,2.9394,2.9394,2.9394,1
2026-02-18 03:41:00,2.9354,2.9359,2.9354,2.9359,2.9404,2.9409,2.9404,2.9409,2
2026-02-18 03:42:00,2.9354,2.9354,2.9354,2.9354,2.9404,2.9404,2.9404,2.9404,1
2026-02-18 03:43:00,2.9359,2.9359,2.9359,2.9359,2.9409,2.9409,2.9409,2.9409,1
2026-02-18 03:44:00,2.9349,2.9349,2.9349,2.9349,2.9399,2.9399,2.9399,2.9399,1
2026-02-18 03:46:00,2.9344,2.9344,2.9344,2.9344,2.9394,2.9394,2.9394,2.9394,1
2026-02-18 03:47:00,2.9354,2.9359,2.9344,2.9344,2.9404,2.9409,2.9394,2.9394,5
2026-02-18 03:48:00,2.9349,2.9349,2.9349,2.9349,2.9399,2.9399,2.9399,2.9399,1
2026-02-18 03:49:00,2.9354,2.9354,2.9354,2.9354,2.9404,2.9404,2.9404,2.9404,1
2026-02-18 03:50:00,2.9349,2.9359,2.9349,2.9359,2.9399,2.9409,2.9399,2.9409,3
2026-02-18 03:52:00,2.9344,2.9344,2.9304,2.9314,2.9394,2.9394,2.9354,2.9364,7
2026-02-18 03:54:00,2.9304,2.9304,2.9299,2.9299,2.9354,2.9354,2.9349,2.9349,2
2026-02-18 03:56:00,2.9294,2.9304,2.9294,2.9299,2.9344,2.9354,2.9344,2.9349,4
2026-02-18 03:58:00,2.9294,2.9299,2.9294,2.9299,2.9344,2.9349,2.9344,2.9349,4
2026-02-18 04:01:00,2.9309,2.9329,2.9309,2.9324,2.9359,2.9379,2.9359,2.9374,4
2026-02-18 04:03:00,2.9314,2.9334,2.9304,2.9329,2.9364,2.9384,2.9354,2.9379,7
2026-02-18 04:04:00,2.9319,2.9319,2.9314,2.9314,2.9369,2.9369,2.9364,2.9364,2
2026-02-18 04:05:00,2.9309,2.9309,2.9309,2.9309,2.9359,2.9359,2.9359,2.9359,1
2026-02-18 04:07:00,2.9314,2.9314,2.9309,2.9309,2.9364,2.9364,2.9359,2.9359,2
2026-02-18 04:09:00,2.9304,2.9309,2.9304,2.9309,2.9354,2.9359,2.9354,2.9359,2
2026-02-18 04:11:00,2.9314,2.9314,2.9309,2.9309,2.9364,2.9364,2.9359,2.9359,2
2026-02-18 04:13:00,2.9319,2.9324,2.9314,2.9324,2.9369,2.9374,2.9364,2.9374,3
2026-02-18 04:14:00,2.9319,2.9324,2.9309,2.9319,2.9369,2.9374,2.9359,2.9369,5
2026-02-18 04:15:00,2.9314,2.9324,2.9314,2.9319,2.9364,2.9374,2.9364,2.9369,4
2026-02-18 04:17:00,2.9314,2.9314,2.9314,2.9314,2.9364,2.9364,2.9364,2.9364,1
2026-02-18 04:18:00,2.9324,2.9339,2.9324,2.9339,2.9374,2.9389,2.9374,2.9389,6
2026-02-18 04:19:00,2.9329,2.9329,2.9329,2.9329,2.9379,2.9379,2.9379,2.9379,1
2026-02-18 04:20:00,2.9324,2.9329,2.9324,2.9329,2.9374,2.9379,2.9374,2.9379,2
2026-02-18 04:21:00,2.9334,2.9334,2.9334,2.9334,2.9384,2.9384,2.9384,2.9384,1
2026-02-18 04:23:00,2.9329,2.9329,2.9329,2.9329,2.9379,2.9379,2.9379,2.9379,1
2026-02-18 04:24:00,2.9324,2.9334,2.9324,2.9324,2.9374,2.9384,2.9374,2.9374,5
2026-02-18 04:25:00,2.9334,2.9334,2.9334,2.9334,2.9384,2.9384,2.9384,2.9384,1
2026-02-18 04:27:00,2.9329,2.9329,2.9324,2.9324,2.9379,2.9379,2.9374,2.9374,2
2026-02-18 04:28:00,2.9319,2.9319,2.9319,2.9319,2.9369,2.9369,2.9369,2.9369,1
2026-02-18 04:30:00,2.9324,2.9349,2.9324,2.9349,2.9374,2.9399,2.9374,2.9399,10
2026-02-18 04:31:00,2.9339,2.9384,2.9329,2.9384,2.9389,2.9434,2.9379,2.9434,21
2026-02-18 04:32:00,2.9379,2.9384,2.9349,2.9369,2.9429,2.9434,2.9399,2.9419,19
2026-02-18 04:33:00,2.9374,2.9374,2.9349,2.9349,2.9424,2.9424,2.9399,2.9399,3
2026-02-18 04:34:00,2.9339,2.9349,2.9339,2.9349,2.9389,2.9399,2.9389,2.9399,3
2026-02-18 04:35:00,2.9359,2.9364,2.9359,2.9364,2.9409,2.9414,2.9409,2.9414,4
2026-02-18 04:36:00,2.9354,2.9364,2.9349,2.9354,2.9404,2.9414,2.9399,2.9404,11
2026-02-18 04:37:00,2.9344,2.9354,2.9344,2.9349,2.9394,2.9404,2.9394,2.9399,6
2026-02-18 04:38:00,2.9344,2.9344,2.9339,2.9339,2.9394,2.9394,2.9389,2.9389,2
2026-02-18 04:39:00,2.9344,2.9344,2.9339,2.9339,2.9394,2.9394,2.9389,2.9389,6
2026-02-18 04:41:00,2.9344,2.9349,2.9339,2.9344,2.9394,2.9399,2.9389,2.9394,7
2026-02-18 04:42:00,2.9349,2.9354,2.9349,2.9349,2.9399,2.9404,2.9399,2.9399,5
2026-02-18 04:43:00,2.9354,2.9359,2.9339,2.9339,2.9404,2.9409,2.9389,2.9389,6
2026-02-18 04:44:00,2.9344,2.9344,2.9334,2.9334,2.9394,2.9394,2.9384,2.9384,2
2026-02-18 04:45:00,2.9324,2.9329,2.9319,2.9319,2.9374,2.9379,2.9369,2.9369,6
2026-02-18 04:46:00,2.9304,2.9314,2.9304,2.9314,2.9354,2.9364,2.9354,2.9364,5
2026-02-18 04:47:00,2.9309,2.9324,2.9309,2.9319,2.9359,2.9374,2.9359,2.9369,7
2026-02-18 04:49:00,2.9324,2.9329,2.9319,2.9319,2.9374,2.9379,2.9369,2.9369,4
2026-02-18 04:52:00,2.9309,2.9334,2.9309,2.9329,2.9359,2.9384,2.9359,2.9379,10
2026-02-18 04:53:00,2.9334,2.9364,2.9329,2.9359,2.9384,2.9414,2.9379,2.9409,16
2026-02-18 04:54:00,2.9349,2.9364,2.9349,2.9359,2.9399,2.9414,2.9399,2.9409,10
2026-02-18 04:55:00,2.9364,2.9374,2.9359,2.9369,2.9414,2.9424,2.9409,2.9419,5
2026-02-18 04:56:00,2.9364,2.9364,2.9364,2.9364,2.9414,2.9414,2.9414,2.9414,1
2026-02-18 04:57:00,2.9359,2.9359,2.9359,2.9359,2.9409,2.9409,2.9409,2.9409,1
2026-02-18 04:58:00,2.9374,2.9379,2.9374,2.9374,2.9424,2.9429,2.9424,2.9424,3
2026-02-18 04:59:00,2.9364,2.9364,2.9349,2.9349,2.9414,2.9414,2.9399,2.9399,2
2026-02-18 05:00:00,2.9359,2.9379,2.9359,2.9364,2.9409,2.9429,2.9409,2.9414,15
2026-02-18 05:01:00,2.9359,2.9359,2.9359,2.9359,2.9409,2.9409,2.9409,2.9409,1
2026-02-18 05:02:00,2.9364,2.9364,2.9364,2.9364,2.9414,2.9414,2.9414,2.9414,1
2026-02-18 05:05:00,2.9354,2.9354,2.9354,2.9354,2.9404,2.9404,2.9404,2.9404,1
2026-02-18 05:07:00,2.9359,2.9359,2.9359,2.9359,2.9409,2.9409,2.9409,2.9409,1
2026-02-18 05:08:00,2.9364,2.9374,2.9364,2.9374,2.9414,2.9424,2.9414,2.9424,3
2026-02-18 05:09:00,2.9379,2.9379,2.9369,2.9369,2.9429,2.9429,2.9419,2.9419,2
2026-02-18 05:11:00,2.9379,2.9379,2.9379,2.9379,2.9429,2.9429,2.9429,2.9429,1
2026-02-18 05:12:00,2.9369,2.9369,2.9369,2.9369,2.9419,2.9419,2.9419,2.9419,1
2026-02-18 05:13:00,2.9379,2.9379,2.9374,2.9374,2.9429,2.9429,2.9424,2.9424,2
2026-02-18 05:14:00,2.9369,2.9369,2.9369,2.9369,2.9419,2.9419,2.9419,2.9419,1
2026-02-18 05:16:00,2.9364,2.9364,2.9359,2.9359,2.9414,2.9414,2.9409,2.9409,2
2026-02-18 05:17:00,2.9364,2.9364,2.9364,2.9364,2.9414,2.9414,2.9414,2.9414,1
2026-02-18 05:19:00,2.9374,2.9374,2.9374,2.9374,2.9424,2.9424,2.9424,2.9424,1
2026-02-18 05:20:00,2.9379,2.9384,2.9374,2.9374,2.9429,2.9434,2.9424,2.9424,4
2026-02-18 05:21:00,2.9379,2.9379,2.9379,2.9379,2.9429,2.9429,2.9429,2.9429,1
2026-02-18 05:22:00,2.9384,2.9384,2.9349,2.9354,2.9434,2.9434,2.9399,2.9404,6
2026-02-18 05:23:00,2.9344,2.9344,2.9339,2.9344,2.9394,2.9394,2.9389,2.9394,5
2026-02-18 05:25:00,2.9329,2.9344,2.9329,2.9334,2.9379,2.9394,2.9379,2.9384,11
2026-02-18 05:26:00,2.9339,2.9339,2.9329,2.9329,2.9389,2.9389,2.9379,2.9379,3
2026-02-18 05:27:00,2.9334,2.9334,2.9289,2.9289,2.9384,2.9384,2.9339,2.9339,7
2026-02-18 05:29:00,2.9294,2.9294,2.9294,2.9294,2.9344,2.9344,2.9344,2.9344,1
2026-02-18 05:30:00,2.9289,2.9294,2.9289,2.9294,2.9339,2.9344,2.9339,2.9344,2
2026-02-18 05:32:00,2.9299,2.9304,2.9299,2.9304,2.9349,2.9354,2.9349,2.9354,2
2026-02-18 05:33:00,2.9274,2.9274,2.9199,2.9219,2.9324,2.9324,2.9249,2.9269,24
2026-02-18 05:34:00,2.9214,2.9214,2.9159,2.9164,2.9264,2.9264,2.9209,2.9214,12
2026-02-18 05:35:00,2.9174,2.9189,2.9174,2.9189,2.9224,2.9239,2.9224,2.9239,6
2026-02-18 05:36:00,2.9184,2.9189,2.9184,2.9189,2.9234,2.9239,2.9234,2.9239,2
2026-02-18 05:37:00,2.9204,2.9204,2.9204,2.9204,2.9254,2.9254,2.9254,2.9254,1
2026-02-18 05:38:00,2.9209,2.9219,2.9209,2.9219,2.9259,2.9269,2.9259,2.9269,4
2026-02-18 05:39:00,2.9209,2.9209,2.9164,2.9189,2.9259,2.9259,2.9214,2.9239,4
2026-02-18 05:40:00,2.9199,2.9199,2.9199,2.9199,2.9249,2.9249,2.9249,2.9249,1
2026-02-18 05:44:00,2.9204,2.9204,2.9189,2.9189,2.9254,2.9254,2.9239,2.9239,4
2026-02-18 05:45:00,2.9184,2.9204,2.9184,2.9204,2.9234,2.9254,2.9234,2.9254,3
2026-02-18 05:46:00,2.9199,2.9214,2.9189,2.9189,2.9249,2.9264,2.9239,2.9239,6
2026-02-18 05:47:00,2.9184,2.9194,2.9169,2.9169,2.9234,2.9244,2.9219,2.9219,9
2026-02-18 05:48:00,2.9179,2.9179,2.9164,2.9164,2.9229,2.9229,2.9214,2.9214,5
2026-02-18 05:50:00,2.9174,2.9174,2.9159,2.9159,2.9224,2.9224,2.9209,2.9209,4
2026-02-18 05:51:00,2.9154,2.9154,2.9154,2.9154,2.9204,2.9204,2.9204,2.9204,1
2026-02-18 05:52:00,2.9159,2.9164,2.9159,2.9164,2.9209,2.9214,2.9209,2.9214,2
2026-02-18 05:53:00,2.9174,2.9204,2.9174,2.9184,2.9224,2.9254,2.9224,2.9234,4
2026-02-18 05:54:00,2.9179,2.9189,2.9179,2.9179,2.9229,2.9239,2.9229,2.9229,3
2026-02-18 05:55:00,2.9184,2.9189,2.9184,2.9189,2.9234,2.9239,2.9234,2.9239,2
2026-02-18 05:56:00,2.9194,2.9199,2.9194,2.9199,2.9244,2.9249,2.9244,2.9249,2
2026-02-18 05:57:00,2.9204,2.9204,2.9189,2.9189,2.9254,2.9254,2.9239,2.9239,3
2026-02-18 05:58:00,2.9194,2.9194,2.9189,2.9189,2.9244,2.9244,2.9239,2.9239,2
2026-02-18 05:59:00,2.9194,2.9214,2.9194,2.9199,2.9244,2.9264,2.9244,2.9249,7
2026-02-18 06:01:00,2.9204,2.9219,2.9199,2.9214,2.9254,2.9269,2.9249,2.9264,9
2026-02-18 06:02:00,2.9219,2.9224,2.9214,2.9219,2.9269,2.9274,2.9264,2.9269,6
2026-02-18 06:03:00,2.9214,2.9224,2.9214,2.9224,2.9264,2.9274,2.9264,2.9274,3
2026-02-18 06:04:00,2.9219,2.9219,2.9214,2.9219,2.9269,2.9269,2.9264,2.9269,5
2026-02-18 06:05:00,2.9214,2.9214,2.9214,2.9214,2.9264,2.9264,2.9264,2.9264,1
2026-02-18 06:06:00,2.9219,2.9219,2.9219,2.9219,2.9269,2.9269,2.9269,2.9269,1
2026-02-18 06:07:00,2.9214,2.9219,2.9209,2.9209,2.9264,2.9269,2.9259,2.9259,4
2026-02-18 06:08:00,2.9204,2.9204,2.9204,2.9204,2.9254,2.9254,2.9254,2.9254,1
2026-02-18 06:09:00,2.9209,2.9209,2.9209,2.9209,2.9259,2.9259,2.9259,2.9259,1
2026-02-18 06:10:00,2.9204,2.9204,2.9204,2.9204,2.9254,2.9254,2.9254,2.9254,1
2026-02-18 06:11:00,2.9184,2.9184,2.9169,2.9169,2.9234,2.9234,2.9219,2.9219,2
2026-02-18 06:12:00,2.9164,2.9164,2.9159,2.9159,2.9214,2.9214,2.9209,2.9209,2
2026-02-18 06:15:00,2.9164,2.9164,2.9164,2.9164,2.9214,2.9214,2.9214,2.9214,1
2026-02-18 06:16:00,2.9169,2.9174,2.9164,2.9174,2.9219,2.9224,2.9214,2.9224,4
2026-02-18 06:17:00,2.9179,2.9179,2.9179,2.9179,2.9229,2.9229,2.9229,2.9229,1
2026-02-18 06:18:00,2.9174,2.9189,2.9164,2.9189,2.9224,2.9239,2.9214,2.9239,6
2026-02-18 06:19:00,2.9184,2.9184,2.9184,2.9184,2.9234,2.9234,2.9234,2.9234,1
2026-02-18 06:20:00,2.9174,2.9179,2.9174,2.9179,2.9224,2.9229,2.9224,2.9229,2
2026-02-18 06:21:00,2.9174,2.9179,2.9174,2.9174,2.9224,2.9229,2.9224,2.9224,3
2026-02-18 06:22:00,2.9179,2.9184,2.9179,2.9184,2.9229,2.9234,2.9229,2.9234,2
2026-02-18 06:24:00,2.9194,2.9199,2.9189,2.9199,2.9244,2.9249,2.9239,2.9249,4
2026-02-18 06:25:00,2.9204,2.9204,2.9204,2.9204,2.9254,2.9254,2.9254,2.9254,1
2026-02-18 06:30:00,2.9199,2.9199,2.9194,2.9194,2.9249,2.9249,2.9244,2.9244,2
2026-02-18 06:37:00,2.9199,2.9199,2.9194,2.9194,2.9249,2.9249,2.9244,2.9244,2
2026-02-18 06:38:00,2.9199,2.9204,2.9199,2.9204,2.9249,2.9254,2.9249,2.9254,2
2026-02-18 06:39:00,2.9214,2.9214,2.9204,2.9209,2.9264,2.9264,2.9254,2.9259,4
2026-02-18 06:40:00,2.9214,2.9239,2.9209,2.9234,2.9264,2.9289,2.9259,2.9284,9
2026-02-18 06:41:00,2.9239,2.9239,2.9239,2.9239,2.9289,2.9289,2.9289,2.9289,1
2026-02-18 06:42:00,2.9244,2.9244,2.9244,2.9244,2.9294,2.9294,2.9294,2.9294,1
2026-02-18 06:43:00,2.9234,2.9234,2.9224,2.9229,2.9284,2.9284,2.9274,2.9279,3
2026-02-18 06:44:00,2.9214,2.9214,2.9204,2.9209,2.9264,2.9264,2.9254,2.9259,4
2026-02-18 06:45:00,2.9214,2.9229,2.9209,2.9214,2.9264,2.9279,2.9259,2.9264,9
2026-02-18 06:46:00,2.9219,2.9219,2.9219,2.9219,2.9269,2.9269,2.9269,2.9269,1
2026-02-18 06:47:00,2.9224,2.9224,2.9219,2.9224,2.9274,2.9274,2.9269,2.9274,3
2026-02-18 06:48:00,2.9229,2.9239,2.9229,2.9239,2.9279,2.9289,2.9279,2.9289,2
2026-02-18 06:49:00,2.9249,2.9254,2.9244,2.9244,2.9299,2.9304,2.9294,2.9294,3
2026-02-18 06:50:00,2.9249,2.9254,2.9239,2.9244,2.9299,2.9304,2.9289,2.9294,6
2026-02-18 06:51:00,2.9249,2.9249,2.9249,2.9249,2.9299,2.9299,2.9299,2.9299,1
2026-02-18 06:52:00,2.9244,2.9259,2.9244,2.9254,2.9294,2.9309,2.9294,2.9304,6
2026-02-18 06:53:00,2.9259,2.9264,2.9254,2.9254,2.9309,2.9314,2.9304,2.9304,8
2026-02-18 06:54:00,2.9259,2.9269,2.9259,2.9269,2.9309,2.9319,2.9309,2.9319,3
2026-02-18 06:55:00,2.9264,2.9284,2.9254,2.9279,2.9314,2.9334,2.9304,2.9329,13
2026-02-18 06:56:00,2.9274,2.9274,2.9254,2.9264,2.9324,2.9324,2.9304,2.9314,4
2026-02-18 06:57:00,2.9269,2.9274,2.9269,2.9274,2.9319,2.9324,2.9319,2.9324,2
2026-02-18 06:58:00,2.9269,2.9269,2.9259,2.9259,2.9319,2.9319,2.9309,2.9309,6
2026-02-18 06:59:00,2.9254,2.9254,2.9244,2.9249,2.9304,2.9304,2.9294,2.9299,5
2026-02-18 07:00:00,2.9244,2.9244,2.9234,2.9239,2.9294,2.9294,2.9284,2.9289,4
2026-02-18 07:01:00,2.9234,2.9244,2.9219,2.9224,2.9284,2.9294,2.9269,2.9274,7
2026-02-18 07:02:00,2.9229,2.9234,2.9224,2.9229,2.9279,2.9284,2.9274,2.9279,8
2026-02-18 07:03:00,2.9234,2.9249,2.9229,2.9249,2.9284,2.9299,2.9279,2.9299,5
2026-02-18 07:05:00,2.9254,2.9254,2.9204,2.9224,2.9304,2.9304,2.9254,2.9274,12
2026-02-18 07:06:00,2.9219,2.9234,2.9219,2.9234,2.9269,2.9284,2.9269,2.9284,4
2026-02-18 07:07:00,2.9239,2.9239,2.9229,2.9229,2.9289,2.9289,2.9279,2.9279,3
2026-02-18 07:08:00,2.9234,2.9239,2.9234,2.9239,2.9284,2.9289,2.9284,2.9289,4
2026-02-18 07:09:00,2.9244,2.9259,2.9244,2.9259,2.9294,2.9309,2.9294,2.9309,4
2026-02-18 07:10:00,2.9264,2.9274,2.9224,2.9239,2.9314,2.9324,2.9274,2.9289,12
2026-02-18 07:11:00,2.9244,2.9244,2.9239,2.9239,2.9294,2.9294,2.9289,2.9289,2
2026-02-18 07:14:00,2.9234,2.9234,2.9139,2.9174,2.9284,2.9284,2.9189,2.9224,24
2026-02-18 07:15:00,2.9169,2.9214,2.9164,2.9214,2.9219,2.9264,2.9214,2.9264,10
2026-02-18 07:16:00,2.9219,2.9224,2.9219,2.9224,2.9269,2.9274,2.9269,2.9274,2
2026-02-18 07:17:00,2.9249,2.9279,2.9249,2.9269,2.9299,2.9329,2.9299,2.9319,8
2026-02-18 07:18:00,2.9264,2.9264,2.9254,2.9259,2.9314,2.9314,2.9304,2.9309,4
2026-02-18 07:19:00,2.9254,2.9254,2.9239,2.9239,2.9304,2.9304,2.9289,2.9289,2
2026-02-18 07:20:00,2.9244,2.9249,2.9244,2.9244,2.9294,2.9299,2.9294,2.9294,3
2026-02-18 07:21:00,2.9249,2.9254,2.9249,2.9249,2.9299,2.9304,2.9299,2.9299,3
2026-02-18 07:22:00,2.9244,2.9259,2.9244,2.9249,2.9294,2.9309,2.9294,2.9299,7
2026-02-18 07:23:00,2.9254,2.9259,2.9254,2.9259,2.9304,2.9309,2.9304,2.9309,2
2026-02-18 07:25:00,2.9254,2.9314,2.9239,2.9299,2.9304,2.9364,2.9289,2.9349,18
2026-02-18 07:26:00,2.9294,2.9294,2.9294,2.9294,2.9344,2.9344,2.9344,2.9344,1
2026-02-18 07:27:00,2.9299,2.9299,2.9294,2.9294,2.9349,2.9349,2.9344,2.9344,2
2026-02-18 07:28:00,2.9299,2.9299,2.9299,2.9299,2.9349,2.9349,2.9349,2.9349,1
2026-02-18 07:30:00,2.9294,2.9294,2.9294,2.9294,2.9344,2.9344,2.9344,2.9344,1
2026-02-18 07:31:00,2.9299,2.9314,2.9294,2.9299,2.9349,2.9364,2.9344,2.9349,8
2026-02-18 07:32:00,2.9304,2.9324,2.9304,2.9324,2.9354,2.9374,2.9354,2.9374,4
2026-02-18 07:33:00,2.9314,2.9314,2.9309,2.9314,2.9364,2.9364,2.9359,2.9364,3
2026-02-18 07:34:00,2.9319,2.9319,2.9294,2.9304,2.9369,2.9369,2.9344,2.9354,7
2026-02-18 07:35:00,2.9314,2.9314,2.9309,2.9314,2.9364,2.9364,2.9359,2.9364,5
2026-02-18 07:36:00,2.9319,2.9319,2.9309,2.9314,2.9369,2.9369,2.9359,2.9364,4
2026-02-18 07:37:00,2.9309,2.9309,2.9294,2.9299,2.9359,2.9359,2.9344,2.9349,5
2026-02-18 07:38:00,2.9304,2.9304,2.9304,2.9304,2.9354,2.9354,2.9354,2.9354,1
2026-02-18 07:39:00,2.9314,2.9314,2.9309,2.9314,2.9364,2.9364,2.9359,2.9364,3
2026-02-18 07:41:00,2.9319,2.9319,2.9314,2.9314,2.9369,2.9369,2.9364,2.9364,2
2026-02-18 07:43:00,2.9319,2.9319,2.9319,2.9319,2.9369,2.9369,2.9369,2.9369,1
2026-02-18 07:44:00,2.9314,2.9314,2.9314,2.9314,2.9364,2.9364,2.9364,2.9364,1
2026-02-18 07:45:00,2.9304,2.9319,2.9304,2.9319,2.9354,2.9369,2.9354,2.9369,3
2026-02-18 07:47:00,2.9304,2.9314,2.9304,2.9314,2.9354,2.9364,2.9354,2.9364,5
2026-02-18 07:48:00,2.9304,2.9304,2.9299,2.9304,2.9354,2.9354,2.9349,2.9354,3
2026-02-18 07:51:00,2.9309,2.9319,2.9309,2.9319,2.9359,2.9369,2.9359,2.9369,3
2026-02-18 07:52:00,2.9314,2.9314,2.9304,2.9304,2.9364,2.9364,2.9354,2.9354,4
2026-02-18 07:53:00,2.9294,2.9294,2.9264,2.9264,2.9344,2.9344,2.9314,2.9314,6
2026-02-18 07:54:00,2.9259,2.9264,2.9254,2.9264,2.9309,2.9314,2.9304,2.9314,3
2026-02-18 07:56:00,2.9259,2.9264,2.9259,2.9259,2.9309,2.9314,2.9309,2.9309,3
2026-02-18 07:58:00,2.9264,2.9269,2.9264,2.9269,2.9314,2.9319,2.9314,2.9319,2
2026-02-18 08:01:00,2.9259,2.9259,2.9259,2.9259,2.9309,2.9309,2.9309,2.9309,1
2026-02-18 08:02:00,2.9249,2.9249,2.9249,2.9249,2.9299,2.9299,2.9299,2.9299,1
2026-02-18 08:03:00,2.9254,2.9274,2.9244,2.9254,2.9304,2.9324,2.9294,2.9304,10
2026-02-18 08:04:00,2.9244,2.9244,2.9224,2.9229,2.9294,2.9294,2.9274,2.9279,5
2026-02-18 08:05:00,2.9224,2.9229,2.9214,2.9214,2.9274,2.9279,2.9264,2.9264,5
2026-02-18 08:06:00,2.9209,2.9234,2.9209,2.9219,2.9259,2.9284,2.9259,2.9269,11
2026-02-18 08:07:00,2.9224,2.9234,2.9209,2.9209,2.9274,2.9284,2.9259,2.9259,10
2026-02-18 08:08:00,2.9214,2.9219,2.9209,2.9214,2.9264,2.9269,2.9259,2.9264,4
2026-02-18 08:09:00,2.9219,2.9234,2.9219,2.9229,2.9269,2.9284,2.9269,2.9279,3
2026-02-18 08:10:00,2.9234,2.9264,2.9234,2.9264,2.9284,2.9314,2.9284,2.9314,6
2026-02-18 08:11:00,2.9259,2.9274,2.9249,2.9269,2.9309,2.9324,2.9299,2.9319,10
2026-02-18 08:12:00,2.9264,2.9264,2.9259,2.9259,2.9314,2.9314,2.9309,2.9309,2
2026-02-18 08:13:00,2.9264,2.9264,2.9264,2.9264,2.9314,2.9314,2.9314,2.9314,1
2026-02-18 08:15:00,2.9259,2.9259,2.9234,2.9234,2.9309,2.9309,2.9284,2.9284,10
2026-02-18 08:16:00,2.9229,2.9229,2.9224,2.9224,2.9279,2.9279,2.9274,2.9274,2
2026-02-18 08:17:00,2.9219,2.9234,2.9209,2.9214,2.9269,2.9284,2.9259,2.9264,10
2026-02-18 08:18:00,2.9219,2.9219,2.9219,2.9219,2.9269,2.9269,2.9269,2.9269,1
2026-02-18 08:19:00,2.9214,2.9219,2.9114,2.9119,2.9264,2.9269,2.9164,2.9169,21
2026-02-18 08:20:00,2.9124,2.9144,2.9124,2.9139,2.9174,2.9194,2.9174,2.9189,17
2026-02-18 08:21:00,2.9144,2.9169,2.9144,2.9169,2.9194,2.9219,2.9194,2.9219,14
2026-02-18 08:22:00,2.9174,2.9184,2.9174,2.9179,2.9224,2.9234,2.9224,2.9229,7
2026-02-18 08:23:00,2.9184,2.9209,2.9179,2.9209,2.9234,2.9259,2.9229,2.9259,10
2026-02-18 08:25:00,2.9219,2.9224,2.9214,2.9224,2.9269,2.9274,2.9264,2.9274,8
2026-02-18 08:26:00,2.9229,2.9269,2.9224,2.9269,2.9279,2.9319,2.9274,2.9319,13
2026-02-18 08:27:00,2.9264,2.9264,2.9254,2.9254,2.9314,2.9314,2.9304,2.9304,5
2026-02-18 08:28:00,2.9259,2.9284,2.9259,2.9274,2.9309,2.9334,2.9309,2.9324,8
2026-02-18 08:29:00,2.9284,2.9284,2.9279,2.9279,2.9334,2.9334,2.9329,2.9329,2
2026-02-18 08:30:00,2.9269,2.9274,2.9264,2.9274,2.9319,2.9324,2.9314,2.9324,4
2026-02-18 08:31:00,2.9264,2.9269,2.9264,2.9269,2.9314,2.9319,2.9314,2.9319,2
2026-02-18 08:32:00,2.9274,2.9274,2.9264,2.9274,2.9324,2.9324,2.9314,2.9324,3
2026-02-18 08:33:00,2.9269,2.9269,2.9269,2.9269,2.9319,2.9319,2.9319,2.9319,1
2026-02-18 08:34:00,2.9264,2.9264,2.9244,2.9244,2.9314,2.9314,2.9294,2.9294,7
2026-02-18 08:35:00,2.9239,2.9239,2.9239,2.9239,2.9289,2.9289,2.9289,2.9289,1
2026-02-18 08:36:00,2.9234,2.9239,2.9234,2.9239,2.9284,2.9289,2.9284,2.9289,2
2026-02-18 08:37:00,2.9229,2.9229,2.9209,2.9214,2.9279,2.9279,2.9259,2.9264,7
2026-02-18 08:38:00,2.9224,2.9224,2.9214,2.9214,2.9274,2.9274,2.9264,2.9264,4
2026-02-18 08:39:00,2.9209,2.9209,2.9209,2.9209,2.9259,2.9259,2.9259,2.9259,1
2026-02-18 08:40:00,2.9219,2.9224,2.9219,2.9219,2.9269,2.9274,2.9269,2.9269,3
2026-02-18 08:41:00,2.9224,2.9249,2.9219,2.9244,2.9274,2.9299,2.9269,2.9294,9
2026-02-18 08:42:00,2.9239,2.9244,2.9234,2.9244,2.9289,2.9294,2.9284,2.9294,4
2026-02-18 08:43:00,2.9239,2.9239,2.9239,2.9239,2.9289,2.9289,2.9289,2.9289,1
2026-02-18 08:44:00,2.9244,2.9244,2.9244,2.9244,2.9294,2.9294,2.9294,2.9294,1
2026-02-18 08:45:00,2.9239,2.9239,2.9219,2.9219,2.9289,2.9289,2.9269,2.9269,2
2026-02-18 08:46:00,2.9214,2.9214,2.9204,2.9204,2.9264,2.9264,2.9254,2.9254,6
2026-02-18 08:47:00,2.9199,2.9209,2.9194,2.9199,2.9249,2.9259,2.9244,2.9249,9
2026-02-18 08:48:00,2.9204,2.9204,2.9199,2.9199,2.9254,2.9254,2.9249,2.9249,2
2026-02-18 08:49:00,2.9204,2.9214,2.9199,2.9214,2.9254,2.9264,2.9249,2.9264,4
2026-02-18 08:50:00,2.9219,2.9224,2.9214,2.9224,2.9269,2.9274,2.9264,2.9274,3
2026-02-18 08:51:00,2.9219,2.9219,2.9219,2.9219,2.9269,2.9269,2.9269,2.9269,1
2026-02-18 08:52:00,2.9224,2.9224,2.9194,2.9194,2.9274,2.9274,2.9244,2.9244,5
2026-02-18 08:53:00,2.9184,2.9214,2.9184,2.9189,2.9234,2.9264,2.9234,2.9239,11
2026-02-18 08:55:00,2.9194,2.9194,2.9194,2.9194,2.9244,2.9244,2.9244,2.9244,1
2026-02-18 08:56:00,2.9189,2.9189,2.9174,2.9179,2.9239,2.9239,2.9224,2.9229,4
2026-02-18 08:57:00,2.9184,2.9199,2.9184,2.9189,2.9234,2.9249,2.9234,2.9239,5
2026-02-18 08:58:00,2.9194,2.9209,2.9184,2.9194,2.9244,2.9259,2.9234,2.9244,9
2026-02-18 08:59:00,2.9184,2.9189,2.9184,2.9189,2.9234,2.9239,2.9234,2.9239,2
2026-02-18 09:00:00,2.9199,2.9209,2.9189,2.9209,2.9249,2.9259,2.9239,2.9259,8
2026-02-18 09:01:00,2.9214,2.9219,2.9194,2.9194,2.9264,2.9269,2.9244,2.9244,9
2026-02-18 09:02:00,2.9189,2.9204,2.9189,2.9199,2.9239,2.9254,2.9239,2.9249,4
2026-02-18 09:04:00,2.9194,2.9214,2.9184,2.9209,2.9244,2.9264,2.9234,2.9259,13
2026-02-18 09:05:00,2.9204,2.9224,2.9204,2.9214,2.9254,2.9274,2.9254,2.9264,5
2026-02-18 09:06:00,2.9204,2.9209,2.9204,2.9209,2.9254,2.9259,2.9254,2.9259,2
2026-02-18 09:07:00,2.9204,2.9209,2.9204,2.9209,2.9254,2.9259,2.9254,2.9259,2
2026-02-18 09:09:00,2.9204,2.9234,2.9194,2.9199,2.9254,2.9284,2.9244,2.9249,15
2026-02-18 09:10:00,2.9204,2.9224,2.9204,2.9214,2.9254,2.9274,2.9254,2.9264,7
2026-02-18 09:11:00,2.9219,2.9219,2.9214,2.9219,2.9269,2.9269,2.9264,2.9269,5
2026-02-18 09:13:00,2.9214,2.9214,2.9204,2.9204,2.9264,2.9264,2.9254,2.9254,3
2026-02-18 09:14:00,2.9209,2.9219,2.9209,2.9214,2.9259,2.9269,2.9259,2.9264,3
2026-02-18 09:15:00,2.9224,2.9229,2.9224,2.9229,2.9274,2.9279,2.9274,2.9279,2
2026-02-18 09:16:00,2.9224,2.9239,2.9214,2.9224,2.9274,2.9289,2.9264,2.9274,9
2026-02-18 09:17:00,2.9214,2.9224,2.9194,2.9194,2.9264,2.9274,2.9244,2.9244,7
2026-02-18 09:18:00,2.9199,2.9204,2.9194,2.9204,2.9249,2.9254,2.9244,2.9254,4
2026-02-18 09:19:00,2.9209,2.9219,2.9209,2.9219,2.9259,2.9269,2.9259,2.9269,10
2026-02-18 09:20:00,2.9224,2.9264,2.9224,2.9249,2.9274,2.9314,2.9274,2.9299,8
2026-02-18 09:21:00,2.9254,2.9254,2.9244,2.9249,2.9304,2.9304,2.9294,2.9299,3
2026-02-18 09:22:00,2.9254,2.9274,2.9239,2.9239,2.9304,2.9324,2.9289,2.9289,9
2026-02-18 09:23:00,2.9254,2.9259,2.9254,2.9254,2.9304,2.9309,2.9304,2.9304,5
2026-02-18 09:24:00,2.9249,2.9254,2.9244,2.9249,2.9299,2.9304,2.9294,2.9299,4
2026-02-18 09:25:00,2.9254,2.9254,2.9249,2.9249,2.9304,2.9304,2.9299,2.9299,2
2026-02-18 09:26:00,2.9254,2.9254,2.9244,2.9254,2.9304,2.9304,2.9294,2.9304,5
2026-02-18 09:27:00,2.9249,2.9254,2.9249,2.9249,2.9299,2.9304,2.9299,2.9299,3
2026-02-18 09:28:00,2.9254,2.9264,2.9234,2.9239,2.9304,2.9314,2.9284,2.9289,9
2026-02-18 09:29:00,2.9234,2.9234,2.9234,2.9234,2.9284,2.9284,2.9284,2.9284,1
2026-02-18 09:30:00,2.9239,2.9239,2.9189,2.9189,2.9289,2.9289,2.9239,2.9239,12
2026-02-18 09:31:00,2.9164,2.9179,2.9164,2.9169,2.9214,2.9229,2.9214,2.9219,7
2026-02-18 09:32:00,2.9174,2.9204,2.9164,2.9179,2.9224,2.9254,2.9214,2.9229,14
2026-02-18 09:33:00,2.9174,2.9179,2.9174,2.9179,2.9224,2.9229,2.9224,2.9229,2
2026-02-18 09:34:00,2.9169,2.9169,2.9169,2.9169,2.9219,2.9219,2.9219,2.9219,1
2026-02-18 09:35:00,2.9164,2.9164,2.9154,2.9159,2.9214,2.9214,2.9204,2.9209,4
2026-02-18 09:36:00,2.9154,2.9159,2.9139,2.9149,2.9204,2.9209,2.9189,2.9199,9
2026-02-18 09:37:00,2.9154,2.9184,2.9154,2.9169,2.9204,2.9234,2.9204,2.9219,10
2026-02-18 09:38:00,2.9164,2.9164,2.9134,2.9159,2.9214,2.9214,2.9184,2.9209,17
2026-02-18 09:39:00,2.9164,2.9164,2.9154,2.9154,2.9214,2.9214,2.9204,2.9204,3
2026-02-18 09:40:00,2.9159,2.9159,2.9154,2.9154,2.9209,2.9209,2.9204,2.9204,2
2026-02-18 09:41:00,2.9159,2.9169,2.9149,2.9159,2.9209,2.9219,2.9199,2.9209,9
2026-02-18 09:42:00,2.9154,2.9169,2.9154,2.9159,2.9204,2.9219,2.9204,2.9209,7
2026-02-18 09:43:00,2.9149,2.9174,2.9149,2.9169,2.9199,2.9224,2.9199,2.9219,8
2026-02-18 09:44:00,2.9164,2.9174,2.9149,2.9169,2.9214,2.9224,2.9199,2.9219,9
2026-02-18 09:45:00,2.9164,2.9174,2.9164,2.9174,2.9214,2.9224,2.9214,2.9224,4
2026-02-18 09:46:00,2.9164,2.9184,2.9164,2.9184,2.9214,2.9234,2.9214,2.9234,4
2026-02-18 09:47:00,2.9189,2.9219,2.9189,2.9219,2.9239,2.9269,2.9239,2.9269,7
2026-02-18 09:48:00,2.9229,2.9229,2.9189,2.9189,2.9279,2.9279,2.9239,2.9239,13
2026-02-18 09:49:00,2.9204,2.9204,2.9199,2.9199,2.9254,2.9254,2.9249,2.9249,2
2026-02-18 09:51:00,2.9194,2.9204,2.9194,2.9204,2.9244,2.9254,2.9244,2.9254,3
2026-02-18 09:52:00,2.9209,2.9209,2.9209,2.9209,2.9259,2.9259,2.9259,2.9259,1
2026-02-18 09:53:00,2.9199,2.9204,2.9194,2.9199,2.9249,2.9254,2.9244,2.9249,5
2026-02-18 09:54:00,2.9194,2.9204,2.9179,2.9189,2.9244,2.9254,2.9229,2.9239,14
2026-02-18 09:55:00,2.9199,2.9204,2.9199,2.9204,2.9249,2.9254,2.9249,2.9254,2
2026-02-18 09:56:00,2.9199,2.9199,2.9194,2.9194,2.9249,2.9249,2.9244,2.9244,2
2026-02-18 09:57:00,2.9199,2.9199,2.9199,2.9199,2.9249,2.9249,2.9249,2.9249,1
2026-02-18 09:58:00,2.9194,2.9194,2.9189,2.9189,2.9244,2.9244,2.9239,2.9239,2
2026-02-18 09:59:00,2.9179,2.9189,2.9179,2.9179,2.9229,2.9239,2.9229,2.9229,4
2026-02-18 10:00:00,2.9189,2.9189,2.9169,2.9189,2.9239,2.9239,2.9219,2.9239,6
2026-02-18 10:01:00,2.9194,2.9204,2.9169,2.9169,2.9244,2.9254,2.9219,2.9219,10
2026-02-18 10:02:00,2.9164,2.9184,2.9159,2.9179,2.9214,2.9234,2.9209,2.9229,8
2026-02-18 10:03:00,2.9169,2.9169,2.9104,2.9124,2.9219,2.9219,2.9154,2.9174,15
2026-02-18 10:04:00,2.9119,2.9119,2.9119,2.9119,2.9169,2.9169,2.9169,2.9169,1
2026-02-18 10:05:00,2.9114,2.9139,2.9114,2.9129,2.9164,2.9189,2.9164,2.9179,8
2026-02-18 10:06:00,2.9134,2.9144,2.9129,2.9144,2.9184,2.9194,2.9179,2.9194,5
2026-02-18 10:07:00,2.9149,2.9159,2.9144,2.9159,2.9199,2.9209,2.9194,2.9209,5
2026-02-18 10:08:00,2.9149,2.9154,2.9139,2.9139,2.9199,2.9204,2.9189,2.9189,8
2026-02-18 10:09:00,2.9144,2.9154,2.9144,2.9154,2.9194,2.9204,2.9194,2.9204,3
2026-02-18 10:10:00,2.9149,2.9149,2.9134,2.9139,2.9199,2.9199,2.9184,2.9189,7
2026-02-18 10:11:00,2.9134,2.9134,2.9129,2.9129,2.9184,2.9184,2.9179,2.9179,4
2026-02-18 10:12:00,2.9134,2.9144,2.9134,2.9134,2.9184,2.9194,2.9184,2.9184,6
2026-02-18 10:13:00,2.9129,2.9129,2.9129,2.9129,2.9179,2.9179,2.9179,2.9179,1
2026-02-18 10:14:00,2.9134,2.9134,2.9114,2.9119,2.9184,2.9184,2.9164,2.9169,10
2026-02-18 10:15:00,2.9124,2.9129,2.9114,2.9119,2.9174,2.9179,2.9164,2.9169,10
2026-02-18 10:16:00,2.9114,2.9114,2.9084,2.9114,2.9164,2.9164,2.9134,2.9164,21
2026-02-18 10:17:00,2.9119,2.9119,2.9119,2.9119,2.9169,2.9169,2.9169,2.9169,1
2026-02-18 10:18:00,2.9124,2.9134,2.9124,2.9129,2.9174,2.9184,2.9174,2.9179,4
2026-02-18 10:19:00,2.9134,2.9144,2.9134,2.9144,2.9184,2.9194,2.9184,2.9194,6
2026-02-18 10:20:00,2.9154,2.9154,2.9134,2.9139,2.9204,2.9204,2.9184,2.9189,5
2026-02-18 10:21:00,2.9144,2.9154,2.9144,2.9144,2.9194,2.9204,2.9194,2.9194,12
2026-02-18 10:22:00,2.9139,2.9154,2.9139,2.9144,2.9189,2.9204,2.9189,2.9194,8
2026-02-18 10:23:00,2.9154,2.9154,2.9139,2.9144,2.9204,2.9204,2.9189,2.9194,11
2026-02-18 10:24:00,2.9154,2.9164,2.9154,2.9159,2.9204,2.9214,2.9204,2.9209,5
2026-02-18 10:25:00,2.9154,2.9204,2.9154,2.9194,2.9204,2.9254,2.9204,2.9244,14
2026-02-18 10:26:00,2.9189,2.9189,2.9179,2.9179,2.9239,2.9239,2.9229,2.9229,6
2026-02-18 10:27:00,2.9184,2.9184,2.9154,2.9154,2.9234,2.9234,2.9204,2.9204,7
2026-02-18 10:28:00,2.9149,2.9159,2.9149,2.9159,2.9199,2.9209,2.9199,2.9209,3
2026-02-18 10:30:00,2.9149,2.9154,2.9134,2.9144,2.9199,2.9204,2.9184,2.9194,8
2026-02-18 10:31:00,2.9149,2.9154,2.9149,2.9154,2.9199,2.9204,2.9199,2.9204,2
2026-02-18 10:32:00,2.9149,2.9149,2.9149,2.9149,2.9199,2.9199,2.9199,2.9199,1
2026-02-18 10:33:00,2.9144,2.9154,2.9134,2.9139,2.9194,2.9204,2.9184,2.9189,11
2026-02-18 10:34:00,2.9144,2.9149,2.9144,2.9149,2.9194,2.9199,2.9194,2.9199,2
2026-02-18 10:35:00,2.9154,2.9159,2.9144,2.9144,2.9204,2.9209,2.9194,2.9194,11
2026-02-18 10:36:00,2.9149,2.9149,2.9124,2.9134,2.9199,2.9199,2.9174,2.9184,8
2026-02-18 10:37:00,2.9129,2.9144,2.9129,2.9139,2.9179,2.9194,2.9179,2.9189,4
2026-02-18 10:38:00,2.9129,2.9149,2.9129,2.9149,2.9179,2.9199,2.9179,2.9199,8
2026-02-18 10:39:00,2.9139,2.9149,2.9134,2.9134,2.9189,2.9199,2.9184,2.9184,9
2026-02-18 10:40:00,2.9139,2.9149,2.9139,2.9149,2.9189,2.9199,2.9189,2.9199,7
2026-02-18 10:41:00,2.9154,2.9154,2.9139,2.9149,2.9204,2.9204,2.9189,2.9199,6
2026-02-18 10:42:00,2.9154,2.9159,2.9144,2.9154,2.9204,2.9209,2.9194,2.9204,11
2026-02-18 10:43:00,2.9149,2.9164,2.9129,2.9154,2.9199,2.9214,2.9179,2.9204,12
2026-02-18 10:44:00,2.9159,2.9169,2.9159,2.9169,2.9209,2.9219,2.9209,2.9219,3
2026-02-18 10:45:00,2.9174,2.9179,2.9174,2.9179,2.9224,2.9229,2.9224,2.9229,2
2026-02-18 10:46:00,2.9169,2.9184,2.9169,2.9174,2.9219,2.9234,2.9219,2.9224,16
2026-02-18 10:47:00,2.9179,2.9199,2.9179,2.9199,2.9229,2.9249,2.9229,2.9249,8
2026-02-18 10:48:00,2.9204,2.9209,2.9184,2.9194,2.9254,2.9259,2.9234,2.9244,10
2026-02-18 10:49:00,2.9189,2.9189,2.9179,2.9189,2.9239,2.9239,2.9229,2.9239,6
2026-02-18 10:50:00,2.9194,2.9194,2.9179,2.9189,2.9244,2.9244,2.9229,2.9239,6
2026-02-18 10:51:00,2.9179,2.9189,2.9179,2.9189,2.9229,2.9239,2.9229,2.9239,5
2026-02-18 10:52:00,2.9184,2.9194,2.9184,2.9189,2.9234,2.9244,2.9234,2.9239,5
2026-02-18 10:53:00,2.9184,2.9184,2.9169,2.9174,2.9234,2.9234,2.9219,2.9224,10
2026-02-18 10:54:00,2.9179,2.9194,2.9174,2.9184,2.9229,2.9244,2.9224,2.9234,16
2026-02-18 10:55:00,2.9194,2.9194,2.9184,2.9184,2.9244,2.9244,2.9234,2.9234,2
2026-02-18 10:56:00,2.9174,2.9194,2.9174,2.9194,2.9224,2.9244,2.9224,2.9244,6
2026-02-18 10:57:00,2.9199,2.9239,2.9199,2.9229,2.9249,2.9289,2.9249,2.9279,15
2026-02-18 10:58:00,2.9234,2.9254,2.9234,2.9244,2.9284,2.9304,2.9284,2.9294,9
2026-02-18 10:59:00,2.9249,2.9254,2.9229,2.9239,2.9299,2.9304,2.9279,2.9289,16
2026-02-18 11:00:00,2.9234,2.9234,2.9219,2.9229,2.9284,2.9284,2.9269,2.9279,15
2026-02-18 11:02:00,2.9234,2.9234,2.9154,2.9159,2.9284,2.9284,2.9204,2.9209,20
2026-02-18 11:03:00,2.9164,2.9164,2.9149,2.9159,2.9214,2.9214,2.9199,2.9209,15
2026-02-18 11:04:00,2.9154,2.9164,2.9154,2.9159,2.9204,2.9214,2.9204,2.9209,8
2026-02-18 11:05:00,2.9154,2.9169,2.9154,2.9169,2.9204,2.9219,2.9204,2.9219,3
2026-02-18 11:06:00,2.9159,2.9159,2.9149,2.9154,2.9209,2.9209,2.9199,2.9204,5
2026-02-18 11:07:00,2.9159,2.9164,2.9154,2.9154,2.9209,2.9214,2.9204,2.9204,5
2026-02-18 11:08:00,2.9164,2.9169,2.9159,2.9169,2.9214,2.9219,2.9209,2.9219,4
2026-02-18 11:09:00,2.9174,2.9199,2.9174,2.9199,2.9224,2.9249,2.9224,2.9249,5
2026-02-18 11:10:00,2.9204,2.9214,2.9204,2.9214,2.9254,2.9264,2.9254,2.9264,7
2026-02-18 11:11:00,2.9219,2.9219,2.9214,2.9214,2.9269,2.9269,2.9264,2.9264,4
2026-02-18 11:12:00,2.9204,2.9209,2.9194,2.9199,2.9254,2.9259,2.9244,2.9249,5
2026-02-18 11:14:00,2.9194,2.9204,2.9194,2.9199,2.9244,2.9254,2.9244,2.9249,4
2026-02-18 11:15:00,2.9194,2.9194,2.9184,2.9189,2.9244,2.9244,2.9234,2.9239,3
2026-02-18 11:16:00,2.9194,2.9209,2.9194,2.9209,2.9244,2.9259,2.9244,2.9259,9
2026-02-18 11:18:00,2.9204,2.9214,2.9194,2.9214,2.9254,2.9264,2.9244,2.9264,11
2026-02-18 11:19:00,2.9224,2.9224,2.9209,2.9209,2.9274,2.9274,2.9259,2.9259,5
2026-02-18 11:20:00,2.9214,2.9214,2.9209,2.9214,2.9264,2.9264,2.9259,2.9264,3
2026-02-18 11:21:00,2.9209,2.9209,2.9199,2.9199,2.9259,2.9259,2.9249,2.9249,11
2026-02-18 11:22:00,2.9194,2.9204,2.9194,2.9199,2.9244,2.9254,2.9244,2.9249,4
2026-02-18 11:23:00,2.9204,2.9204,2.9199,2.9204,2.9254,2.9254,2.9249,2.9254,7
2026-02-18 11:24:00,2.9199,2.9199,2.9199,2.9199,2.9249,2.9249,2.9249,2.9249,1
2026-02-18 11:25:00,2.9204,2.9209,2.9194,2.9199,2.9254,2.9259,2.9244,2.9249,8
2026-02-18 11:26:00,2.9204,2.9214,2.9199,2.9209,2.9254,2.9264,2.9249,2.9259,12
2026-02-18 11:27:00,2.9199,2.9224,2.9194,2.9219,2.9249,2.9274,2.9244,2.9269,11
2026-02-18 11:28:00,2.9224,2.9299,2.9224,2.9284,2.9274,2.9349,2.9274,2.9334,18
2026-02-18 11:29:00,2.9279,2.9279,2.9264,2.9264,2.9329,2.9329,2.9314,2.9314,3
2026-02-18 11:30:00,2.9259,2.9264,2.9254,2.9259,2.9309,2.9314,2.9304,2.9309,6
2026-02-18 11:31:00,2.9264,2.9294,2.9264,2.9289,2.9314,2.9344,2.9314,2.9339,7
2026-02-18 11:32:00,2.9294,2.9334,2.9289,2.9324,2.9344,2.9384,2.9339,2.9374,15
2026-02-18 11:33:00,2.9329,2.9354,2.9324,2.9344,2.9379,2.9404,2.9374,2.9394,17
2026-02-18 11:34:00,2.9339,2.9344,2.9334,2.9339,2.9389,2.9394,2.9384,2.9389,6
2026-02-18 11:35:00,2.9324,2.9324,2.9294,2.9309,2.9374,2.9374,2.9344,2.9359,13
2026-02-18 11:36:00,2.9304,2.9304,2.9274,2.9284,2.9354,2.9354,2.9324,2.9334,8
2026-02-18 11:37:00,2.9274,2.9314,2.9274,2.9314,2.9324,2.9364,2.9324,2.9364,10
2026-02-18 11:38:00,2.9304,2.9304,2.9264,2.9279,2.9354,2.9354,2.9314,2.9329,10
2026-02-18 11:39:00,2.9274,2.9279,2.9264,2.9269,2.9324,2.9329,2.9314,2.9319,6
2026-02-18 11:40:00,2.9264,2.9319,2.9244,2.9309,2.9314,2.9369,2.9294,2.9359,31
2026-02-18 11:41:00,2.9304,2.9314,2.9289,2.9289,2.9354,2.9364,2.9339,2.9339,13
2026-02-18 11:42:00,2.9284,2.9304,2.9284,2.9299,2.9334,2.9354,2.9334,2.9349,12
2026-02-18 11:43:00,2.9304,2.9304,2.9304,2.9304,2.9354,2.9354,2.9354,2.9354,1
2026-02-18 11:44:00,2.9299,2.9304,2.9204,2.9209,2.9349,2.9354,2.9254,2.9259,29
2026-02-18 11:45:00,2.9214,2.9214,2.9204,2.9209,2.9264,2.9264,2.9254,2.9259,8
2026-02-18 11:46:00,2.9214,2.9224,2.9209,2.9214,2.9264,2.9274,2.9259,2.9264,7
2026-02-18 11:47:00,2.9219,2.9229,2.9209,2.9219,2.9269,2.9279,2.9259,2.9269,8
2026-02-18 11:48:00,2.9224,2.9224,2.9214,2.9219,2.9274,2.9274,2.9264,2.9269,7
2026-02-18 11:49:00,2.9224,2.9229,2.9224,2.9229,2.9274,2.9279,2.9274,2.9279,2
2026-02-18 11:50:00,2.9214,2.9254,2.9214,2.9244,2.9264,2.9304,2.9264,2.9294,6
2026-02-18 11:51:00,2.9249,2.9249,2.9234,2.9239,2.9299,2.9299,2.9284,2.9289,12
2026-02-18 11:52:00,2.9244,2.9244,2.9239,2.9239,2.9294,2.9294,2.9289,2.9289,2
2026-02-18 11:53:00,2.9224,2.9284,2.9224,2.9264,2.9274,2.9334,2.9274,2.9314,14
2026-02-18 11:54:00,2.9269,2.9274,2.9259,2.9264,2.9319,2.9324,2.9309,2.9314,5
2026-02-18 11:55:00,2.9284,2.9294,2.9284,2.9284,2.9334,2.9344,2.9334,2.9334,5
2026-02-18 11:56:00,2.9289,2.9314,2.9269,2.9314,2.9339,2.9364,2.9319,2.9364,11
2026-02-18 11:57:00,2.9319,2.9319,2.9294,2.9304,2.9369,2.9369,2.9344,2.9354,8
2026-02-18 11:59:00,2.9299,2.9299,2.9269,2.9269,2.9349,2.9349,2.9319,2.9319,6
2026-02-18 12:00:00,2.9264,2.9274,2.9259,2.9274,2.9314,2.9324,2.9309,2.9324,8
2026-02-18 12:01:00,2.9269,2.9284,2.9264,2.9264,2.9319,2.9334,2.9314,2.9314,6
2026-02-18 12:02:00,2.9259,2.9259,2.9199,2.9244,2.9309,2.9309,2.9249,2.9294,14
2026-02-18 12:03:00,2.9234,2.9254,2.9234,2.9254,2.9284,2.9304,2.9284,2.9304,4
2026-02-18 12:04:00,2.9264,2.9264,2.9244,2.9244,2.9314,2.9314,2.9294,2.9294,7
2026-02-18 12:05:00,2.9249,2.9264,2.9239,2.9264,2.9299,2.9314,2.9289,2.9314,7
2026-02-18 12:06:00,2.9254,2.9254,2.9244,2.9249,2.9304,2.9304,2.9294,2.9299,3
2026-02-18 12:07:00,2.9239,2.9264,2.9239,2.9259,2.9289,2.9314,2.9289,2.9309,8
2026-02-18 12:08:00,2.9254,2.9259,2.9239,2.9244,2.9304,2.9309,2.9289,2.9294,11
2026-02-18 12:09:00,2.9234,2.9234,2.9209,2.9219,2.9284,2.9284,2.9259,2.9269,6
2026-02-18 12:10:00,2.9224,2.9249,2.9224,2.9249,2.9274,2.9299,2.9274,2.9299,10
2026-02-18 12:11:00,2.9244,2.9254,2.9244,2.9254,2.9294,2.9304,2.9294,2.9304,3
2026-02-18 12:12:00,2.9264,2.9274,2.9254,2.9254,2.9314,2.9324,2.9304,2.9304,15
2026-02-18 12:14:00,2.9264,2.9274,2.9244,2.9244,2.9314,2.9324,2.9294,2.9294,13
2026-02-18 12:15:00,2.9239,2.9254,2.9234,2.9249,2.9289,2.9304,2.9284,2.9299,7
2026-02-18 12:16:00,2.9244,2.9274,2.9244,2.9264,2.9294,2.9324,2.9294,2.9314,12
2026-02-18 12:17:00,2.9269,2.9269,2.9249,2.9249,2.9319,2.9319,2.9299,2.9299,3
2026-02-18 12:18:00,2.9244,2.9259,2.9244,2.9254,2.9294,2.9309,2.9294,2.9304,4
2026-02-18 12:19:00,2.9259,2.9259,2.9239,2.9244,2.9309,2.9309,2.9289,2.9294,6
2026-02-18 12:20:00,2.9249,2.9254,2.9249,2.9254,2.9299,2.9304,2.9299,2.9304,2
2026-02-18 12:21:00,2.9259,2.9259,2.9259,2.9259,2.9309,2.9309,2.9309,2.9309,1
2026-02-18 12:22:00,2.9264,2.9264,2.9264,2.9264,2.9314,2.9314,2.9314,2.9314,1
2026-02-18 12:23:00,2.9259,2.9259,2.9259,2.9259,2.9309,2.9309,2.9309,2.9309,1
2026-02-18 12:24:00,2.9269,2.9329,2.9269,2.9324,2.9319,2.9379,2.9319,2.9374,19
2026-02-18 12:25:00,2.9334,2.9344,2.9334,2.9344,2.9384,2.9394,2.9384,2.9394,3
2026-02-18 12:26:00,2.9339,2.9354,2.9324,2.9329,2.9389,2.9404,2.9374,2.9379,16
2026-02-18 12:27:00,2.9324,2.9324,2.9284,2.9289,2.9374,2.9374,2.9334,2.9339,18
2026-02-18 12:28:00,2.9284,2.9294,2.9284,2.9289,2.9334,2.9344,2.9334,2.9339,6
2026-02-18 12:29:00,2.9274,2.9274,2.9264,2.9264,2.9324,2.9324,2.9314,2.9314,6
2026-02-18 12:30:00,2.9249,2.9294,2.9249,2.9294,2.9299,2.9344,2.9299,2.9344,10
2026-02-18 12:31:00,2.9289,2.9304,2.9289,2.9304,2.9339,2.9354,2.9339,2.9354,3
2026-02-18 12:32:00,2.9299,2.9299,2.9289,2.9289,2.9349,2.9349,2.9339,2.9339,5
2026-02-18 12:33:00,2.9284,2.9299,2.9274,2.9299,2.9334,2.9349,2.9324,2.9349,6
2026-02-18 12:34:00,2.9304,2.9364,2.9304,2.9354,2.9354,2.9414,2.9354,2.9404,13
2026-02-18 12:35:00,2.9359,2.9359,2.9334,2.9339,2.9409,2.9409,2.9384,2.9389,7
2026-02-18 12:36:00,2.9334,2.9334,2.9319,2.9319,2.9384,2.9384,2.9369,2.9369,7
2026-02-18 12:37:00,2.9309,2.9309,2.9309,2.9309,2.9359,2.9359,2.9359,2.9359,1
2026-02-18 12:38:00,2.9314,2.9354,2.9314,2.9354,2.9364,2.9404,2.9364,2.9404,6
2026-02-18 12:39:00,2.9344,2.9354,2.9329,2.9329,2.9394,2.9404,2.9379,2.9379,10
2026-02-18 12:40:00,2.9334,2.9369,2.9324,2.9329,2.9384,2.9419,2.9374,2.9379,12
2026-02-18 12:41:00,2.9324,2.9334,2.9324,2.9334,2.9374,2.9384,2.9374,2.9384,3
2026-02-18 12:42:00,2.9344,2.9364,2.9339,2.9354,2.9394,2.9414,2.9389,2.9404,10
2026-02-18 12:43:00,2.9359,2.9359,2.9354,2.9354,2.9409,2.9409,2.9404,2.9404,2
2026-02-18 12:44:00,2.9359,2.9364,2.9349,2.9354,2.9409,2.9414,2.9399,2.9404,8
2026-02-18 12:45:00,2.9364,2.9364,2.9344,2.9344,2.9414,2.9414,2.9394,2.9394,4
2026-02-18 12:46:00,2.9354,2.9374,2.9354,2.9359,2.9404,2.9424,2.9404,2.9409,11
2026-02-18 12:47:00,2.9369,2.9424,2.9364,2.9399,2.9419,2.9474,2.9414,2.9449,16
2026-02-18 12:48:00,2.9404,2.9414,2.9404,2.9414,2.9454,2.9464,2.9454,2.9464,6
2026-02-18 12:49:00,2.9419,2.9454,2.9419,2.9454,2.9469,2.9504,2.9469,2.9504,18
2026-02-18 12:50:00,2.9449,2.9464,2.9434,2.9454,2.9499,2.9514,2.9484,2.9504,24
2026-02-18 12:51:00,2.9464,2.9474,2.9444,2.9454,2.9514,2.9524,2.9494,2.9504,11
2026-02-18 12:52:00,2.9459,2.9464,2.9444,2.9444,2.9509,2.9514,2.9494,2.9494,8
2026-02-18 12:53:00,2.9429,2.9429,2.9404,2.9424,2.9479,2.9479,2.9454,2.9474,12
2026-02-18 12:54:00,2.9414,2.9424,2.9339,2.9364,2.9464,2.9474,2.9389,2.9414,17
2026-02-18 12:55:00,2.9369,2.9369,2.9339,2.9354,2.9419,2.9419,2.9389,2.9404,20
2026-02-18 12:56:00,2.9344,2.9374,2.9339,2.9369,2.9394,2.9424,2.9389,2.9419,10
2026-02-18 12:57:00,2.9364,2.9369,2.9359,2.9369,2.9414,2.9419,2.9409,2.9419,4
2026-02-18 12:58:00,2.9374,2.9384,2.9374,2.9379,2.9424,2.9434,2.9424,2.9429,7
2026-02-18 12:59:00,2.9369,2.9379,2.9354,2.9364,2.9419,2.9429,2.9404,2.9414,8
2026-02-18 13:00:00,2.9359,2.9359,2.9224,2.9244,2.9409,2.9409,2.9274,2.9294,54
2026-02-18 13:01:00,2.9239,2.9244,2.9154,2.9169,2.9289,2.9294,2.9204,2.9219,40
2026-02-18 13:02:00,2.9174,2.9204,2.9174,2.9189,2.9224,2.9254,2.9224,2.9239,31
2026-02-18 13:03:00,2.9194,2.9199,2.9149,2.9199,2.9244,2.9249,2.9199,2.9249,27
2026-02-18 13:04:00,2.9209,2.9224,2.9179,2.9219,2.9259,2.9274,2.9229,2.9269,24
2026-02-18 13:05:00,2.9214,2.9224,2.9194,2.9219,2.9264,2.9274,2.9244,2.9269,14
2026-02-18 13:06:00,2.9214,2.9229,2.9214,2.9229,2.9264,2.9279,2.9264,2.9279,4
2026-02-18 13:07:00,2.9234,2.9234,2.9204,2.9204,2.9284,2.9284,2.9254,2.9254,5
2026-02-18 13:08:00,2.9209,2.9214,2.9189,2.9189,2.9259,2.9264,2.9239,2.9239,11
2026-02-18 13:09:00,2.9199,2.9199,2.9199,2.9199,2.9249,2.9249,2.9249,2.9249,1
2026-02-18 13:10:00,2.9204,2.9214,2.9139,2.9194,2.9254,2.9264,2.9189,2.9244,29
2026-02-18 13:11:00,2.9184,2.9204,2.9174,2.9199,2.9234,2.9254,2.9224,2.9249,12
2026-02-18 13:12:00,2.9189,2.9194,2.9164,2.9169,2.9239,2.9244,2.9214,2.9219,15
2026-02-18 13:13:00,2.9174,2.9204,2.9174,2.9194,2.9224,2.9254,2.9224,2.9244,9
2026-02-18 13:14:00,2.9189,2.9194,2.9174,2.9189,2.9239,2.9244,2.9224,2.9239,5
2026-02-18 13:15:00,2.9184,2.9189,2.9134,2.9139,2.9234,2.9239,2.9184,2.9189,17
2026-02-18 13:16:00,2.9134,2.9134,2.9099,2.9114,2.9184,2.9184,2.9149,2.9164,33
2026-02-18 13:17:00,2.9109,2.9149,2.9109,2.9139,2.9159,2.9199,2.9159,2.9189,23
2026-02-18 13:18:00,2.9144,2.9154,2.9134,2.9144,2.9194,2.9204,2.9184,2.9194,13
2026-02-18 13:19:00,2.9134,2.9134,2.9109,2.9114,2.9184,2.9184,2.9159,2.9164,16
2026-02-18 13:20:00,2.9104,2.9114,2.9049,2.9059,2.9154,2.9164,2.9099,2.9109,25
2026-02-18 13:21:00,2.9054,2.9084,2.8999,2.9084,2.9104,2.9134,2.9049,2.9134,44
2026-02-18 13:22:00,2.9079,2.9154,2.9079,2.9154,2.9129,2.9204,2.9129,2.9204,18
2026-02-18 13:23:00,2.9144,2.9144,2.9109,2.9124,2.9194,2.9194,2.9159,2.9174,8
2026-02-18 13:24:00,2.9129,2.9134,2.9094,2.9109,2.9179,2.9184,2.9144,2.9159,18
2026-02-18 13:25:00,2.9119,2.9134,2.9084,2.9099,2.9169,2.9184,2.9134,2.9149,20
2026-02-18 13:26:00,2.9104,2.9114,2.9069,2.9079,2.9154,2.9164,2.9119,2.9129,12
2026-02-18 13:27:00,2.9064,2.9084,2.9064,2.9079,2.9114,2.9134,2.9114,2.9129,10
2026-02-18 13:28:00,2.9084,2.9099,2.9054,2.9079,2.9134,2.9149,2.9104,2.9129,15
2026-02-18 13:29:00,2.9084,2.9124,2.9084,2.9114,2.9134,2.9174,2.9134,2.9164,14
2026-02-18 13:30:00,2.9109,2.9109,2.9019,2.9044,2.9159,2.9159,2.9069,2.9094,24
2026-02-18 13:31:00,2.9049,2.9074,2.9049,2.9049,2.9099,2.9124,2.9099,2.9099,11
2026-02-18 13:32:00,2.9039,2.9054,2.8949,2.8994,2.9089,2.9104,2.8999,2.9044,38
2026-02-18 13:33:00,2.8999,2.9019,2.8984,2.9009,2.9049,2.9069,2.9034,2.9059,14
2026-02-18 13:34:00,2.9004,2.9034,2.9004,2.9009,2.9054,2.9084,2.9054,2.9059,11
2026-02-18 13:35:00,2.8999,2.9034,2.8999,2.9019,2.9049,2.9084,2.9049,2.9069,15
2026-02-18 13:36:00,2.9009,2.9009,2.8984,2.8989,2.9059,2.9059,2.9034,2.9039,16
2026-02-18 13:37:00,2.8984,2.9024,2.8984,2.9004,2.9034,2.9074,2.9034,2.9054,14
2026-02-18 13:38:00,2.8999,2.9004,2.8954,2.8984,2.9049,2.9054,2.9004,2.9034,19
2026-02-18 13:39:00,2.8994,2.9044,2.8969,2.8999,2.9044,2.9094,2.9019,2.9049,27
2026-02-18 13:40:00,2.9004,2.9004,2.8979,2.8989,2.9054,2.9054,2.9029,2.9039,7
2026-02-18 13:41:00,2.8984,2.8984,2.8954,2.8974,2.9034,2.9034,2.9004,2.9024,20
2026-02-18 13:42:00,2.8969,2.9014,2.8969,2.8989,2.9019,2.9064,2.9019,2.9039,26
2026-02-18 13:43:00,2.8994,2.9034,2.8994,2.9014,2.9044,2.9084,2.9044,2.9064,23
2026-02-18 13:44:00,2.9019,2.9024,2.9009,2.9019,2.9069,2.9074,2.9059,2.9069,11
2026-02-18 13:45:00,2.9014,2.9024,2.8989,2.8989,2.9064,2.9074,2.9039,2.9039,15
2026-02-18 13:46:00,2.8994,2.8999,2.8934,2.8959,2.9044,2.9049,2.8984,2.9009,29
2026-02-18 13:47:00,2.8954,2.8974,2.8944,2.8964,2.9004,2.9024,2.8994,2.9014,23
2026-02-18 13:48:00,2.8969,2.9014,2.8944,2.8999,2.9019,2.9064,2.8994,2.9049,24
2026-02-18 13:49:00,2.8989,2.8989,2.8944,2.8959,2.9039,2.9039,2.8994,2.9009,20
2026-02-18 13:50:00,2.8964,2.8984,2.8954,2.8979,2.9014,2.9034,2.9004,2.9029,23
2026-02-18 13:51:00,2.8974,2.8979,2.8944,2.8979,2.9024,2.9029,2.8994,2.9029,24
2026-02-18 13:52:00,2.8984,2.8999,2.8974,2.8974,2.9034,2.9049,2.9024,2.9024,12
2026-02-18 13:53:00,2.8969,2.8969,2.8934,2.8939,2.9019,2.9019,2.8984,2.8989,17
2026-02-18 13:54:00,2.8904,2.8934,2.8849,2.8849,2.8954,2.8984,2.8899,2.8899,42
2026-02-18 13:55:00,2.8859,2.8859,2.8804,2.8834,2.8909,2.8909,2.8854,2.8884,36
2026-02-18 13:56:00,2.8839,2.8844,2.8704,2.8714,2.8889,2.8894,2.8754,2.8764,58
2026-02-18 13:57:00,2.8704,2.8739,2.8679,2.8734,2.8754,2.8789,2.8729,2.8784,38
2026-02-18 13:58:00,2.8739,2.8744,2.8724,2.8734,2.8789,2.8794,2.8774,2.8784,20
2026-02-18 13:59:00,2.8729,2.8809,2.8724,2.8799,2.8779,2.8859,2.8774,2.8849,34
2026-02-18 14:00:00,2.8794,2.8814,2.8754,2.8799,2.8844,2.8864,2.8804,2.8849,33
2026-02-18 14:01:00,2.8794,2.8804,2.8734,2.8734,2.8844,2.8854,2.8784,2.8784,22
2026-02-18 14:02:00,2.8729,2.8784,2.8704,2.8784,2.8779,2.8834,2.8754,2.8834,25
2026-02-18 14:03:00,2.8774,2.8774,2.8759,2.8759,2.8824,2.8824,2.8809,2.8809,11
2026-02-18 14:04:00,2.8764,2.8784,2.8749,2.8759,2.8814,2.8834,2.8799,2.8809,21
2026-02-18 14:05:00,2.8764,2.8784,2.8729,2.8729,2.8814,2.8834,2.8779,2.8779,26
2026-02-18 14:06:00,2.8734,2.8774,2.8734,2.8774,2.8784,2.8824,2.8784,2.8824,18
2026-02-18 14:07:00,2.8779,2.8849,2.8779,2.8849,2.8829,2.8899,2.8829,2.8899,29
2026-02-18 14:08:00,2.8854,2.8894,2.8854,2.8884,2.8904,2.8944,2.8904,2.8934,21
2026-02-18 14:09:00,2.8889,2.8939,2.8884,2.8929,2.8939,2.8989,2.8934,2.8979,29
2026-02-18 14:10:00,2.8924,2.9009,2.8924,2.8984,2.8974,2.9059,2.8974,2.9034,34
2026-02-18 14:11:00,2.8979,2.8994,2.8964,2.8979,2.9029,2.9044,2.9014,2.9029,24
2026-02-18 14:12:00,2.8974,2.8994,2.8954,2.8989,2.9024,2.9044,2.9004,2.9039,14
2026-02-18 14:13:00,2.8994,2.9059,2.8984,2.9034,2.9044,2.9109,2.9034,2.9084,50
2026-02-18 14:14:00,2.9044,2.9044,2.8994,2.9034,2.9094,2.9094,2.9044,2.9084,32
2026-02-18 14:15:00,2.9029,2.9044,2.9024,2.9029,2.9079,2.9094,2.9074,2.9079,15
2026-02-18 14:16:00,2.9024,2.9114,2.9024,2.9064,2.9074,2.9164,2.9074,2.9114,53
2026-02-18 14:17:00,2.9049,2.9134,2.9049,2.9109,2.9099,2.9184,2.9099,2.9159,40
2026-02-18 14:18:00,2.9099,2.9099,2.9049,2.9064,2.9149,2.9149,2.9099,2.9114,25
2026-02-18 14:19:00,2.9039,2.9064,2.8999,2.9059,2.9089,2.9114,2.9049,2.9109,50
2026-02-18 14:20:00,2.9054,2.9134,2.9044,2.9124,2.9104,2.9184,2.9094,2.9174,50
2026-02-18 14:21:00,2.9134,2.9174,2.9124,2.9154,2.9184,2.9224,2.9174,2.9204,41
2026-02-18 14:22:00,2.9159,2.9204,2.9154,2.9174,2.9209,2.9254,2.9204,2.9224,39
2026-02-18 14:23:00,2.9164,2.9164,2.9084,2.9099,2.9214,2.9214,2.9134,2.9149,26
2026-02-18 14:24:00,2.9094,2.9104,2.9034,2.9049,2.9144,2.9154,2.9084,2.9099,30
2026-02-18 14:25:00,2.9069,2.9134,2.9034,2.9054,2.9119,2.9184,2.9084,2.9104,33
2026-02-18 14:26:00,2.9059,2.9064,2.9034,2.9064,2.9109,2.9114,2.9084,2.9114,21
2026-02-18 14:27:00,2.9069,2.9094,2.9054,2.9074,2.9119,2.9144,2.9104,2.9124,29
2026-02-18 14:28:00,2.9079,2.9079,2.9029,2.9064,2.9129,2.9129,2.9079,2.9114,19
2026-02-18 14:29:00,2.9069,2.9134,2.9069,2.9094,2.9119,2.9184,2.9119,2.9144,57
2026-02-18 14:30:00,2.9099,2.9124,2.9029,2.9044,2.9149,2.9174,2.9079,2.9094,37
2026-02-18 14:31:00,2.9049,2.9084,2.9044,2.9079,2.9099,2.9134,2.9094,2.9129,23
2026-02-18 14:32:00,2.9074,2.9084,2.9004,2.9004,2.9124,2.9134,2.9054,2.9054,22
2026-02-18 14:33:00,2.8999,2.9014,2.8914,2.8924,2.9049,2.9064,2.8964,2.8974,39
2026-02-18 14:34:00,2.8934,2.8959,2.8854,2.8864,2.8984,2.9009,2.8904,2.8914,46
2026-02-18 14:35:00,2.8869,2.8894,2.8744,2.8749,2.8919,2.8944,2.8794,2.8799,75
2026-02-18 14:36:00,2.8744,2.8789,2.8634,2.8779,2.8794,2.8839,2.8684,2.8829,104
2026-02-18 14:37:00,2.8774,2.8794,2.8724,2.8744,2.8824,2.8844,2.8774,2.8794,49
2026-02-18 14:38:00,2.8754,2.8849,2.8744,2.8844,2.8804,2.8899,2.8794,2.8894,56
2026-02-18 14:39:00,2.8849,2.8849,2.8794,2.8849,2.8899,2.8899,2.8844,2.8899,33
2026-02-18 14:40:00,2.8854,2.8874,2.8784,2.8799,2.8904,2.8924,2.8834,2.8849,29
2026-02-18 14:41:00,2.8804,2.8924,2.8804,2.8884,2.8854,2.8974,2.8854,2.8934,34
2026-02-18 14:42:00,2.8889,2.8914,2.8869,2.8874,2.8939,2.8964,2.8919,2.8924,26
2026-02-18 14:43:00,2.8869,2.8879,2.8854,2.8859,2.8919,2.8929,2.8904,2.8909,21
2026-02-18 14:44:00,2.8864,2.8869,2.8804,2.8859,2.8914,2.8919,2.8854,2.8909,29
2026-02-18 14:45:00,2.8864,2.8924,2.8864,2.8914,2.8914,2.8974,2.8914,2.8964,35
2026-02-18 14:46:00,2.8924,2.8924,2.8884,2.8914,2.8974,2.8974,2.8934,2.8964,23
2026-02-18 14:47:00,2.8884,2.8979,2.8869,2.8974,2.8934,2.9029,2.8919,2.9024,45
2026-02-18 14:48:00,2.8979,2.9024,2.8864,2.8969,2.9029,2.9074,2.8914,2.9019,68
2026-02-18 14:49:00,2.8964,2.9024,2.8939,2.9014,2.9014,2.9074,2.8989,2.9064,45
2026-02-18 14:50:00,2.9019,2.9064,2.9019,2.9044,2.9069,2.9114,2.9069,2.9094,27
2026-02-18 14:51:00,2.9054,2.9064,2.8984,2.9019,2.9104,2.9114,2.9034,2.9069,44
2026-02-18 14:52:00,2.9024,2.9114,2.9024,2.9079,2.9074,2.9164,2.9074,2.9129,53
2026-02-18 14:53:00,2.9084,2.9144,2.9069,2.9129,2.9134,2.9194,2.9119,2.9179,50
2026-02-18 14:54:00,2.9124,2.9249,2.9124,2.9244,2.9174,2.9299,2.9174,2.9294,80
2026-02-18 14:55:00,2.9234,2.9234,2.9144,2.9169,2.9284,2.9284,2.9194,2.9219,38
2026-02-18 14:56:00,2.9164,2.9199,2.9144,2.9199,2.9214,2.9249,2.9194,2.9249,36
2026-02-18 14:57:00,2.9194,2.9234,2.9194,2.9214,2.9244,2.9284,2.9244,2.9264,40
2026-02-18 14:58:00,2.9224,2.9244,2.9204,2.9204,2.9274,2.9294,2.9254,2.9254,32
2026-02-18 14:59:00,2.9199,2.9199,2.9079,2.9124,2.9249,2.9249,2.9129,2.9174,59
2026-02-18 15:00:00,2.9114,2.9154,2.9004,2.9014,2.9164,2.9204,2.9054,2.9064,113
2026-02-18 15:01:00,2.9019,2.9109,2.9019,2.9059,2.9069,2.9159,2.9069,2.9109,69
2026-02-18 15:02:00,2.9054,2.9084,2.9004,2.9004,2.9104,2.9134,2.9054,2.9054,66
2026-02-18 15:03:00,2.9014,2.9024,2.8924,2.8964,2.9064,2.9074,2.8974,2.9014,74
2026-02-18 15:04:00,2.8969,2.9024,2.8964,2.9014,2.9019,2.9074,2.9014,2.9064,40
2026-02-18 15:05:00,2.8994,2.9074,2.8974,2.9054,2.9044,2.9124,2.9024,2.9104,45
2026-02-18 15:06:00,2.9064,2.9214,2.9054,2.9189,2.9114,2.9264,2.9104,2.9239,70
2026-02-18 15:07:00,2.9194,2.9194,2.9154,2.9184,2.9244,2.9244,2.9204,2.9234,28
2026-02-18 15:08:00,2.9179,2.9199,2.9119,2.9189,2.9229,2.9249,2.9169,2.9239,41
2026-02-18 15:09:00,2.9199,2.9199,2.9119,2.9169,2.9249,2.9249,2.9169,2.9219,31
2026-02-18 15:10:00,2.9159,2.9229,2.9139,2.9149,2.9209,2.9279,2.9189,2.9199,58
2026-02-18 15:11:00,2.9144,2.9174,2.9124,2.9159,2.9194,2.9224,2.9174,2.9209,25
2026-02-18 15:12:00,2.9154,2.9194,2.9144,2.9149,2.9204,2.9244,2.9194,2.9199,49
2026-02-18 15:13:00,2.9154,2.9189,2.9144,2.9179,2.9204,2.9239,2.9194,2.9229,28
2026-02-18 15:14:00,2.9174,2.9179,2.9094,2.9094,2.9224,2.9229,2.9144,2.9144,69
2026-02-18 15:15:00,2.9099,2.9099,2.9019,2.9034,2.9149,2.9149,2.9069,2.9084,39
2026-02-18 15:16:00,2.9014,2.9059,2.9004,2.9034,2.9064,2.9109,2.9054,2.9084,46
2026-02-18 15:17:00,2.9039,2.9044,2.8989,2.9004,2.9089,2.9094,2.9039,2.9054,37
2026-02-18 15:18:00,2.8999,2.9094,2.8999,2.9079,2.9049,2.9144,2.9049,2.9129,37
2026-02-18 15:19:00,2.9084,2.9094,2.9044,2.9064,2.9134,2.9144,2.9094,2.9114,29
2026-02-18 15:20:00,2.9069,2.9104,2.9059,2.9079,2.9119,2.9154,2.9109,2.9129,27
2026-02-18 15:21:00,2.9084,2.9159,2.9074,2.9159,2.9134,2.9209,2.9124,2.9209,40
2026-02-18 15:22:00,2.9164,2.9204,2.9144,2.9204,2.9214,2.9254,2.9194,2.9254,46
2026-02-18 15:23:00,2.9199,2.9199,2.9134,2.9144,2.9249,2.9249,2.9184,2.9194,21
2026-02-18 15:24:00,2.9149,2.9154,2.9114,2.9134,2.9199,2.9204,2.9164,2.9184,22
2026-02-18 15:25:00,2.9144,2.9174,2.9124,2.9144,2.9194,2.9224,2.9174,2.9194,34
2026-02-18 15:26:00,2.9134,2.9174,2.9134,2.9169,2.9184,2.9224,2.9184,2.9219,27
2026-02-18 15:27:00,2.9174,2.9174,2.9104,2.9124,2.9224,2.9224,2.9154,2.9174,33
2026-02-18 15:28:00,2.9119,2.9164,2.9099,2.9159,2.9169,2.9214,2.9149,2.9209,41
2026-02-18 15:29:00,2.9164,2.9179,2.9094,2.9154,2.9214,2.9229,2.9144,2.9204,45
2026-02-18 15:30:00,2.9154,2.9174,2.9074,2.9114,2.9204,2.9224,2.9124,2.9164,50
2026-02-18 15:31:00,2.9104,2.9104,2.9004,2.9019,2.9154,2.9154,2.9054,2.9069,80
2026-02-18 15:32:00,2.9014,2.9029,2.8934,2.8994,2.9064,2.9079,2.8984,2.9044,83
2026-02-18 15:33:00,2.8999,2.9044,2.8924,2.9034,2.9049,2.9094,2.8974,2.9084,74
2026-02-18 15:34:00,2.9029,2.9134,2.9029,2.9079,2.9079,2.9184,2.9079,2.9129,49
2026-02-18 15:35:00,2.9074,2.9079,2.9034,2.9044,2.9124,2.9129,2.9084,2.9094,35
2026-02-18 15:36:00,2.9049,2.9059,2.8924,2.8924,2.9099,2.9109,2.8974,2.8974,52
2026-02-18 15:37:00,2.8934,2.8989,2.8934,2.8969,2.8984,2.9039,2.8984,2.9019,50
2026-02-18 15:38:00,2.8964,2.9114,2.8959,2.9084,2.9014,2.9164,2.9009,2.9134,44
2026-02-18 15:39:00,2.9074,2.9134,2.9054,2.9129,2.9124,2.9184,2.9104,2.9179,29
2026-02-18 15:40:00,2.9134,2.9169,2.9114,2.9119,2.9184,2.9219,2.9164,2.9169,27
2026-02-18 15:41:00,2.9114,2.9114,2.9094,2.9099,2.9164,2.9164,2.9144,2.9149,11
2026-02-18 15:42:00,2.9089,2.9154,2.9089,2.9144,2.9139,2.9204,2.9139,2.9194,30
2026-02-18 15:43:00,2.9139,2.9149,2.9054,2.9094,2.9189,2.9199,2.9104,2.9144,30
2026-02-18 15:44:00,2.9104,2.9159,2.9099,2.9159,2.9154,2.9209,2.9149,2.9209,30
2026-02-18 15:45:00,2.9164,2.9164,2.9109,2.9124,2.9214,2.9214,2.9159,2.9174,23
2026-02-18 15:46:00,2.9114,2.9154,2.9064,2.9114,2.9164,2.9204,2.9114,2.9164,36
2026-02-18 15:47:00,2.9109,2.9154,2.9104,2.9144,2.9159,2.9204,2.9154,2.9194,29
2026-02-18 15:48:00,2.9149,2.9194,2.9149,2.9174,2.9199,2.9244,2.9199,2.9224,31
2026-02-18 15:49:00,2.9169,2.9184,2.9144,2.9154,2.9219,2.9234,2.9194,2.9204,21
2026-02-18 15:50:00,2.9164,2.9184,2.9134,2.9144,2.9214,2.9234,2.9184,2.9194,24
2026-02-18 15:51:00,2.9134,2.9144,2.9084,2.9104,2.9184,2.9194,2.9134,2.9154,20
2026-02-18 15:52:00,2.9099,2.9129,2.9099,2.9104,2.9149,2.9179,2.9149,2.9154,15
2026-02-18 15:53:00,2.9099,2.9099,2.8994,2.9034,2.9149,2.9149,2.9044,2.9084,47
2026-02-18 15:54:00,2.9044,2.9074,2.9029,2.9064,2.9094,2.9124,2.9079,2.9114,29
2026-02-18 15:55:00,2.9069,2.9074,2.9044,2.9064,2.9119,2.9124,2.9094,2.9114,31
2026-02-18 15:56:00,2.9074,2.9114,2.9074,2.9084,2.9124,2.9164,2.9124,2.9134,23
2026-02-18 15:57:00,2.9079,2.9164,2.9079,2.9139,2.9129,2.9214,2.9129,2.9189,35
2026-02-18 15:58:00,2.9144,2.9184,2.9124,2.9164,2.9194,2.9234,2.9174,2.9214,33
2026-02-18 15:59:00,2.9169,2.9234,2.9069,2.9094,2.9219,2.9284,2.9119,2.9144,81
2026-02-18 16:00:00,2.9099,2.9099,2.9034,2.9034,2.9149,2.9149,2.9084,2.9084,41
2026-02-18 16:01:00,2.9039,2.9059,2.9034,2.9044,2.9089,2.9109,2.9084,2.9094,27
2026-02-18 16:02:00,2.9054,2.9124,2.9054,2.9124,2.9104,2.9174,2.9104,2.9174,18
2026-02-18 16:03:00,2.9114,2.9119,2.9069,2.9069,2.9164,2.9169,2.9119,2.9119,20
2026-02-18 16:04:00,2.9074,2.9094,2.9074,2.9089,2.9124,2.9144,2.9124,2.9139,22
2026-02-18 16:05:00,2.9074,2.9204,2.9064,2.9189,2.9124,2.9254,2.9114,2.9239,45
2026-02-18 16:06:00,2.9194,2.9244,2.9174,2.9204,2.9244,2.9294,2.9224,2.9254,47
2026-02-18 16:07:00,2.9214,2.9264,2.9174,2.9259,2.9264,2.9314,2.9224,2.9309,37
2026-02-18 16:08:00,2.9254,2.9334,2.9244,2.9314,2.9304,2.9384,2.9294,2.9364,67
2026-02-18 16:09:00,2.9309,2.9349,2.9224,2.9244,2.9359,2.9399,2.9274,2.9294,50
2026-02-18 16:10:00,2.9239,2.9239,2.9134,2.9149,2.9289,2.9289,2.9184,2.9199,71
2026-02-18 16:11:00,2.9144,2.9164,2.9114,2.9124,2.9194,2.9214,2.9164,2.9174,42
2026-02-18 16:12:00,2.9129,2.9164,2.9124,2.9154,2.9179,2.9214,2.9174,2.9204,28
2026-02-18 16:13:00,2.9144,2.9149,2.9104,2.9109,2.9194,2.9199,2.9154,2.9159,42
2026-02-18 16:14:00,2.9104,2.9119,2.9064,2.9074,2.9154,2.9169,2.9114,2.9124,30
2026-02-18 16:15:00,2.9084,2.9114,2.9064,2.9084,2.9134,2.9164,2.9114,2.9134,34
2026-02-18 16:16:00,2.9079,2.9084,2.9044,2.9044,2.9129,2.9134,2.9094,2.9094,32
2026-02-18 16:17:00,2.9039,2.9064,2.9024,2.9024,2.9089,2.9114,2.9074,2.9074,25
2026-02-18 16:18:00,2.9034,2.9069,2.9024,2.9064,2.9084,2.9119,2.9074,2.9114,48
2026-02-18 16:19:00,2.9069,2.9104,2.9034,2.9049,2.9119,2.9154,2.9084,2.9099,40
2026-02-18 16:20:00,2.9054,2.9094,2.9024,2.9034,2.9104,2.9144,2.9074,2.9084,43
2026-02-18 16:21:00,2.9039,2.9044,2.9014,2.9019,2.9089,2.9094,2.9064,2.9069,29
2026-02-18 16:22:00,2.9024,2.9059,2.9014,2.9044,2.9074,2.9109,2.9064,2.9094,26
2026-02-18 16:23:00,2.9054,2.9054,2.9014,2.9029,2.9104,2.9104,2.9064,2.9079,24
2026-02-18 16:24:00,2.9034,2.9049,2.9014,2.9034,2.9084,2.9099,2.9064,2.9084,28
2026-02-18 16:25:00,2.9029,2.9034,2.8914,2.8944,2.9079,2.9084,2.8964,2.8994,84
2026-02-18 16:26:00,2.8954,2.8979,2.8914,2.8974,2.9004,2.9029,2.8964,2.9024,43
2026-02-18 16:27:00,2.8979,2.9009,2.8954,2.8999,2.9029,2.9059,2.9004,2.9049,31
2026-02-18 16:28:00,2.8994,2.9014,2.8964,2.8994,2.9044,2.9064,2.9014,2.9044,37
2026-02-18 16:29:00,2.8979,2.8994,2.8964,2.8979,2.9029,2.9044,2.9014,2.9029,20
2026-02-18 16:30:00,2.8974,2.8974,2.8934,2.8939,2.9024,2.9024,2.8984,2.8989,18
2026-02-18 16:31:00,2.8934,2.8939,2.8909,2.8929,2.8984,2.8989,2.8959,2.8979,22
2026-02-18 16:32:00,2.8924,2.8924,2.8844,2.8919,2.8974,2.8974,2.8894,2.8969,45
2026-02-18 16:33:00,2.8924,2.8959,2.8919,2.8954,2.8974,2.9009,2.8969,2.9004,27
2026-02-18 16:34:00,2.8944,2.8949,2.8894,2.8899,2.8994,2.8999,2.8944,2.8949,23
2026-02-18 16:35:00,2.8894,2.8914,2.8889,2.8889,2.8944,2.8964,2.8939,2.8939,21
2026-02-18 16:36:00,2.8894,2.8894,2.8834,2.8854,2.8944,2.8944,2.8884,2.8904,50
2026-02-18 16:37:00,2.8859,2.8874,2.8814,2.8814,2.8909,2.8924,2.8864,2.8864,47
2026-02-18 16:38:00,2.8809,2.8834,2.8764,2.8824,2.8859,2.8884,2.8814,2.8874,62
2026-02-18 16:39:00,2.8834,2.8849,2.8824,2.8839,2.8884,2.8899,2.8874,2.8889,29
2026-02-18 16:40:00,2.8844,2.8874,2.8804,2.8819,2.8894,2.8924,2.8854,2.8869,44
2026-02-18 16:41:00,2.8814,2.8849,2.8814,2.8844,2.8864,2.8899,2.8864,2.8894,19
2026-02-18 16:42:00,2.8839,2.8844,2.8804,2.8814,2.8889,2.8894,2.8854,2.8864,25
2026-02-18 16:43:00,2.8819,2.8834,2.8809,2.8824,2.8869,2.8884,2.8859,2.8874,28
2026-02-18 16:44:00,2.8814,2.8814,2.8794,2.8804,2.8864,2.8864,2.8844,2.8854,23
2026-02-18 16:45:00,2.8799,2.8814,2.8764,2.8814,2.8849,2.8864,2.8814,2.8864,42
2026-02-18 16:46:00,2.8804,2.8834,2.8794,2.8834,2.8854,2.8884,2.8844,2.8884,32
2026-02-18 16:47:00,2.8829,2.8894,2.8829,2.8869,2.8879,2.8944,2.8879,2.8919,54
2026-02-18 16:48:00,2.8864,2.8879,2.8844,2.8859,2.8914,2.8929,2.8894,2.8909,34
2026-02-18 16:49:00,2.8854,2.8854,2.8844,2.8844,2.8904,2.8904,2.8894,2.8894,11
2026-02-18 16:50:00,2.8854,2.8854,2.8804,2.8819,2.8904,2.8904,2.8854,2.8869,23
2026-02-18 16:51:00,2.8814,2.8814,2.8759,2.8774,2.8864,2.8864,2.8809,2.8824,38
2026-02-18 16:52:00,2.8784,2.8794,2.8744,2.8754,2.8834,2.8844,2.8794,2.8804,18
2026-02-18 16:53:00,2.8759,2.8759,2.8699,2.8714,2.8809,2.8809,2.8749,2.8764,30
2026-02-18 16:54:00,2.8704,2.8734,2.8704,2.8714,2.8754,2.8784,2.8754,2.8764,24
2026-02-18 16:55:00,2.8704,2.8729,2.8694,2.8729,2.8754,2.8779,2.8744,2.8779,26
2026-02-18 16:56:00,2.8734,2.8764,2.8724,2.8734,2.8784,2.8814,2.8774,2.8784,36
2026-02-18 16:57:00,2.8724,2.8829,2.8714,2.8824,2.8774,2.8879,2.8764,2.8874,47
2026-02-18 16:58:00,2.8829,2.8864,2.8829,2.8839,2.8879,2.8914,2.8879,2.8889,35
2026-02-18 16:59:00,2.8844,2.8844,2.8809,2.8824,2.8894,2.8894,2.8859,2.8874,26
2026-02-18 17:00:00,2.8819,2.8869,2.8799,2.8799,2.8869,2.8919,2.8849,2.8849,45
2026-02-18 17:01:00,2.8794,2.8844,2.8794,2.8819,2.8844,2.8894,2.8844,2.8869,29
2026-02-18 17:02:00,2.8814,2.8834,2.8804,2.8834,2.8864,2.8884,2.8854,2.8884,12
2026-02-18 17:03:00,2.8839,2.8984,2.8799,2.8969,2.8889,2.9034,2.8849,2.9019,83
2026-02-18 17:04:00,2.8964,2.9004,2.8944,2.8984,2.9014,2.9054,2.8994,2.9034,45
2026-02-18 17:05:00,2.8989,2.8989,2.8919,2.8919,2.9039,2.9039,2.8969,2.8969,45
2026-02-18 17:06:00,2.8914,2.8914,2.8884,2.8884,2.8964,2.8964,2.8934,2.8934,23
2026-02-18 17:07:00,2.8889,2.8904,2.8874,2.8894,2.8939,2.8954,2.8924,2.8944,21
2026-02-18 17:08:00,2.8889,2.8889,2.8849,2.8849,2.8939,2.8939,2.8899,2.8899,26
2026-02-18 17:09:00,2.8854,2.8854,2.8824,2.8824,2.8904,2.8904,2.8874,2.8874,16
2026-02-18 17:10:00,2.8834,2.8864,2.8794,2.8864,2.8884,2.8914,2.8844,2.8914,38
2026-02-18 17:11:00,2.8854,2.8879,2.8824,2.8824,2.8904,2.8929,2.8874,2.8874,20
2026-02-18 17:12:00,2.8814,2.8829,2.8789,2.8794,2.8864,2.8879,2.8839,2.8844,23
2026-02-18 17:13:00,2.8799,2.8869,2.8794,2.8839,2.8849,2.8919,2.8844,2.8889,32
2026-02-18 17:14:00,2.8834,2.8884,2.8834,2.8854,2.8884,2.8934,2.8884,2.8904,22
2026-02-18 17:15:00,2.8849,2.8899,2.8839,2.8884,2.8899,2.8949,2.8889,2.8934,26
2026-02-18 17:16:00,2.8889,2.8904,2.8844,2.8844,2.8939,2.8954,2.8894,2.8894,14
2026-02-18 17:17:00,2.8839,2.8854,2.8824,2.8839,2.8889,2.8904,2.8874,2.8889,25
2026-02-18 17:18:00,2.8834,2.8859,2.8754,2.8774,2.8884,2.8909,2.8804,2.8824,39
2026-02-18 17:19:00,2.8769,2.8814,2.8759,2.8789,2.8819,2.8864,2.8809,2.8839,47
2026-02-18 17:20:00,2.8784,2.8834,2.8764,2.8824,2.8834,2.8884,2.8814,2.8874,31
2026-02-18 17:21:00,2.8814,2.8834,2.8809,2.8824,2.8864,2.8884,2.8859,2.8874,15
2026-02-18 17:22:00,2.8814,2.8884,2.8814,2.8874,2.8864,2.8934,2.8864,2.8924,33
2026-02-18 17:23:00,2.8869,2.8879,2.8804,2.8804,2.8919,2.8929,2.8854,2.8854,36
2026-02-18 17:24:00,2.8814,2.8824,2.8794,2.8804,2.8864,2.8874,2.8844,2.8854,26
2026-02-18 17:25:00,2.8809,2.8834,2.8774,2.8784,2.8859,2.8884,2.8824,2.8834,27
2026-02-18 17:26:00,2.8789,2.8814,2.8774,2.8784,2.8839,2.8864,2.8824,2.8834,22
2026-02-18 17:27:00,2.8789,2.8794,2.8764,2.8784,2.8839,2.8844,2.8814,2.8834,30
2026-02-18 17:28:00,2.8794,2.8819,2.8754,2.8784,2.8844,2.8869,2.8804,2.8834,33
2026-02-18 17:29:00,2.8779,2.8804,2.8774,2.8784,2.8829,2.8854,2.8824,2.8834,37
2026-02-18 17:30:00,2.8779,2.8794,2.8759,2.8784,2.8829,2.8844,2.8809,2.8834,31
2026-02-18 17:31:00,2.8789,2.8799,2.8739,2.8794,2.8839,2.8849,2.8789,2.8844,33
2026-02-18 17:32:00,2.8784,2.8829,2.8784,2.8804,2.8834,2.8879,2.8834,2.8854,23
2026-02-18 17:33:00,2.8809,2.8834,2.8774,2.8794,2.8859,2.8884,2.8824,2.8844,28
2026-02-18 17:34:00,2.8804,2.8804,2.8779,2.8789,2.8854,2.8854,2.8829,2.8839,21
2026-02-18 17:35:00,2.8794,2.8814,2.8774,2.8779,2.8844,2.8864,2.8824,2.8829,36
2026-02-18 17:36:00,2.8774,2.8789,2.8764,2.8789,2.8824,2.8839,2.8814,2.8839,11
2026-02-18 17:37:00,2.8784,2.8814,2.8774,2.8804,2.8834,2.8864,2.8824,2.8854,14
2026-02-18 17:38:00,2.8809,2.8809,2.8794,2.8799,2.8859,2.8859,2.8844,2.8849,10
2026-02-18 17:39:00,2.8804,2.8804,2.8769,2.8774,2.8854,2.8854,2.8819,2.8824,19
2026-02-18 17:40:00,2.8779,2.8854,2.8774,2.8854,2.8829,2.8904,2.8824,2.8904,27
2026-02-18 17:41:00,2.8864,2.8894,2.8844,2.8874,2.8914,2.8944,2.8894,2.8924,32
2026-02-18 17:42:00,2.8864,2.8864,2.8799,2.8824,2.8914,2.8914,2.8849,2.8874,33
2026-02-18 17:43:00,2.8829,2.8844,2.8814,2.8839,2.8879,2.8894,2.8864,2.8889,12
2026-02-18 17:44:00,2.8834,2.8834,2.8794,2.8799,2.8884,2.8884,2.8844,2.8849,20
2026-02-18 17:45:00,2.8804,2.8844,2.8804,2.8819,2.8854,2.8894,2.8854,2.8869,19
2026-02-18 17:46:00,2.8809,2.8814,2.8754,2.8764,2.8859,2.8864,2.8804,2.8814,22
2026-02-18 17:47:00,2.8769,2.8769,2.8714,2.8734,2.8819,2.8819,2.8764,2.8784,27
2026-02-18 17:48:00,2.8729,2.8729,2.8694,2.8714,2.8779,2.8779,2.8744,2.8764,51
2026-02-18 17:49:00,2.8719,2.8774,2.8714,2.8749,2.8769,2.8824,2.8764,2.8799,39
2026-02-18 17:50:00,2.8744,2.8749,2.8699,2.8744,2.8794,2.8799,2.8749,2.8794,28
2026-02-18 17:51:00,2.8734,2.8734,2.8709,2.8709,2.8784,2.8784,2.8759,2.8759,29
2026-02-18 17:52:00,2.8704,2.8729,2.8694,2.8724,2.8754,2.8779,2.8744,2.8774,19
2026-02-18 17:53:00,2.8729,2.8729,2.8684,2.8709,2.8779,2.8779,2.8734,2.8759,22
2026-02-18 17:54:00,2.8714,2.8714,2.8694,2.8704,2.8764,2.8764,2.8744,2.8754,19
2026-02-18 17:55:00,2.8709,2.8714,2.8684,2.8689,2.8759,2.8764,2.8734,2.8739,21
2026-02-18 17:56:00,2.8684,2.8684,2.8554,2.8604,2.8734,2.8734,2.8604,2.8654,104
2026-02-18 17:57:00,2.8594,2.8634,2.8554,2.8609,2.8644,2.8684,2.8604,2.8659,72
2026-02-18 17:58:00,2.8604,2.8614,2.8584,2.8599,2.8654,2.8664,2.8634,2.8649,42
2026-02-18 17:59:00,2.8594,2.8594,2.8564,2.8569,2.8644,2.8644,2.8614,2.8619,23
2026-02-18 18:00:00,2.8564,2.8604,2.8559,2.8559,2.8614,2.8654,2.8609,2.8609,30
2026-02-18 18:01:00,2.8554,2.8554,2.8524,2.8534,2.8604,2.8604,2.8574,2.8584,36
2026-02-18 18:02:00,2.8529,2.8574,2.8519,2.8544,2.8579,2.8624,2.8569,2.8594,31
2026-02-18 18:03:00,2.8539,2.8544,2.8514,2.8534,2.8589,2.8594,2.8564,2.8584,28
2026-02-18 18:04:00,2.8539,2.8594,2.8539,2.8569,2.8589,2.8644,2.8589,2.8619,27
2026-02-18 18:05:00,2.8564,2.8594,2.8554,2.8554,2.8614,2.8644,2.8604,2.8604,28
2026-02-18 18:06:00,2.8549,2.8594,2.8544,2.8594,2.8599,2.8644,2.8594,2.8644,19
2026-02-18 18:07:00,2.8599,2.8624,2.8584,2.8614,2.8649,2.8674,2.8634,2.8664,29
2026-02-18 18:08:00,2.8609,2.8624,2.8584,2.8599,2.8659,2.8674,2.8634,2.8649,29
2026-02-18 18:09:00,2.8594,2.8614,2.8579,2.8609,2.8644,2.8664,2.8629,2.8659,19
2026-02-18 18:10:00,2.8604,2.8624,2.8584,2.8594,2.8654,2.8674,2.8634,2.8644,30
2026-02-18 18:11:00,2.8604,2.8654,2.8584,2.8624,2.8654,2.8704,2.8634,2.8674,46
2026-02-18 18:12:00,2.8619,2.8624,2.8614,2.8624,2.8669,2.8674,2.8664,2.8674,6
2026-02-18 18:13:00,2.8619,2.8674,2.8614,2.8644,2.8669,2.8724,2.8664,2.8694,29
2026-02-18 18:14:00,2.8639,2.8674,2.8624,2.8644,2.8689,2.8724,2.8674,2.8694,26
2026-02-18 18:15:00,2.8654,2.8654,2.8614,2.8619,2.8704,2.8704,2.8664,2.8669,17
2026-02-18 18:16:00,2.8614,2.8644,2.8594,2.8604,2.8664,2.8694,2.8644,2.8654,27
2026-02-18 18:17:00,2.8614,2.8624,2.8584,2.8594,2.8664,2.8674,2.8634,2.8644,30
2026-02-18 18:18:00,2.8599,2.8634,2.8599,2.8614,2.8649,2.8684,2.8649,2.8664,22
2026-02-18 18:19:00,2.8609,2.8659,2.8609,2.8654,2.8659,2.8709,2.8659,2.8704,18
2026-02-18 18:20:00,2.8649,2.8649,2.8574,2.8574,2.8699,2.8699,2.8624,2.8624,25
2026-02-18 18:21:00,2.8579,2.8584,2.8564,2.8584,2.8629,2.8634,2.8614,2.8634,27
2026-02-18 18:22:00,2.8579,2.8604,2.8574,2.8589,2.8629,2.8654,2.8624,2.8639,26
2026-02-18 18:23:00,2.8584,2.8584,2.8524,2.8524,2.8634,2.8634,2.8574,2.8574,32
2026-02-18 18:24:00,2.8514,2.8549,2.8514,2.8534,2.8564,2.8599,2.8564,2.8584,30
2026-02-18 18:25:00,2.8539,2.8539,2.8424,2.8459,2.8589,2.8589,2.8474,2.8509,76
2026-02-18 18:26:00,2.8454,2.8469,2.8454,2.8454,2.8504,2.8519,2.8504,2.8504,21
2026-02-18 18:27:00,2.8449,2.8454,2.8424,2.8434,2.8499,2.8504,2.8474,2.8484,40
2026-02-18 18:28:00,2.8429,2.8444,2.8404,2.8434,2.8479,2.8494,2.8454,2.8484,31
2026-02-18 18:29:00,2.8439,2.8474,2.8434,2.8474,2.8489,2.8524,2.8484,2.8524,25
2026-02-18 18:30:00,2.8469,2.8494,2.8464,2.8494,2.8519,2.8544,2.8514,2.8544,15
2026-02-18 18:31:00,2.8484,2.8494,2.8459,2.8464,2.8534,2.8544,2.8509,2.8514,25
2026-02-18 18:32:00,2.8459,2.8464,2.8434,2.8434,2.8509,2.8514,2.8484,2.8484,11
2026-02-18 18:33:00,2.8439,2.8449,2.8429,2.8449,2.8489,2.8499,2.8479,2.8499,14
2026-02-18 18:34:00,2.8454,2.8454,2.8394,2.8394,2.8504,2.8504,2.8444,2.8444,25
2026-02-18 18:35:00,2.8399,2.8399,2.8354,2.8359,2.8449,2.8449,2.8404,2.8409,40
2026-02-18 18:36:00,2.8354,2.8369,2.8334,2.8364,2.8404,2.8419,2.8384,2.8414,24
2026-02-18 18:37:00,2.8369,2.8394,2.8364,2.8384,2.8419,2.8444,2.8414,2.8434,17
2026-02-18 18:38:00,2.8389,2.8394,2.8324,2.8334,2.8439,2.8444,2.8374,2.8384,16
2026-02-18 18:39:00,2.8329,2.8334,2.8324,2.8329,2.8379,2.8384,2.8374,2.8379,18
2026-02-18 18:40:00,2.8334,2.8354,2.8304,2.8344,2.8384,2.8404,2.8354,2.8394,42
2026-02-18 18:41:00,2.8339,2.8394,2.8334,2.8374,2.8389,2.8444,2.8384,2.8424,24
2026-02-18 18:42:00,2.8364,2.8394,2.8344,2.8374,2.8414,2.8444,2.8394,2.8424,37
2026-02-18 18:43:00,2.8369,2.8374,2.8344,2.8349,2.8419,2.8424,2.8394,2.8399,27
2026-02-18 18:44:00,2.8344,2.8374,2.8344,2.8364,2.8394,2.8424,2.8394,2.8414,26
2026-02-18 18:45:00,2.8359,2.8394,2.8359,2.8394,2.8409,2.8444,2.8409,2.8444,23
2026-02-18 18:46:00,2.8384,2.8394,2.8374,2.8379,2.8434,2.8444,2.8424,2.8429,22
2026-02-18 18:47:00,2.8369,2.8394,2.8364,2.8384,2.8419,2.8444,2.8414,2.8434,27
2026-02-18 18:48:00,2.8379,2.8384,2.8344,2.8344,2.8429,2.8434,2.8394,2.8394,40
2026-02-18 18:49:00,2.8354,2.8354,2.8334,2.8344,2.8404,2.8404,2.8384,2.8394,14
2026-02-18 18:50:00,2.8349,2.8394,2.8349,2.8394,2.8399,2.8444,2.8399,2.8444,24
2026-02-18 18:51:00,2.8384,2.8414,2.8364,2.8404,2.8434,2.8464,2.8414,2.8454,29
2026-02-18 18:52:00,2.8399,2.8454,2.8394,2.8444,2.8449,2.8504,2.8444,2.8494,24
2026-02-18 18:53:00,2.8434,2.8454,2.8434,2.8454,2.8484,2.8504,2.8484,2.8504,21
2026-02-18 18:54:00,2.8464,2.8474,2.8434,2.8444,2.8514,2.8524,2.8484,2.8494,23
2026-02-18 18:55:00,2.8439,2.8514,2.8424,2.8514,2.8489,2.8564,2.8474,2.8564,42
2026-02-18 18:56:00,2.8504,2.8514,2.8454,2.8464,2.8554,2.8564,2.8504,2.8514,29
2026-02-18 18:57:00,2.8469,2.8469,2.8454,2.8459,2.8519,2.8519,2.8504,2.8509,10
2026-02-18 18:58:00,2.8454,2.8454,2.8414,2.8434,2.8504,2.8504,2.8464,2.8484,13
2026-02-18 18:59:00,2.8429,2.8514,2.8424,2.8514,2.8479,2.8564,2.8474,2.8564,33
2026-02-18 19:00:00,2.8509,2.8554,2.8464,2.8524,2.8559,2.8604,2.8514,2.8574,57
2026-02-18 19:01:00,2.8504,2.8514,2.8484,2.8514,2.8554,2.8564,2.8534,2.8564,25
2026-02-18 19:02:00,2.8504,2.8524,2.8494,2.8519,2.8554,2.8574,2.8544,2.8569,16
2026-02-18 19:03:00,2.8514,2.8544,2.8514,2.8514,2.8564,2.8594,2.8564,2.8564,15
2026-02-18 19:04:00,2.8509,2.8534,2.8504,2.8529,2.8559,2.8584,2.8554,2.8579,16
2026-02-18 19:05:00,2.8524,2.8549,2.8504,2.8519,2.8574,2.8599,2.8554,2.8569,23
2026-02-18 19:06:00,2.8524,2.8549,2.8509,2.8539,2.8574,2.8599,2.8559,2.8589,17
2026-02-18 19:07:00,2.8544,2.8544,2.8524,2.8544,2.8594,2.8594,2.8574,2.8594,10
2026-02-18 19:08:00,2.8529,2.8529,2.8494,2.8504,2.8579,2.8579,2.8544,2.8554,26
2026-02-18 19:09:00,2.8514,2.8519,2.8494,2.8514,2.8564,2.8569,2.8544,2.8564,15
2026-02-18 19:10:00,2.8504,2.8534,2.8504,2.8514,2.8554,2.8584,2.8554,2.8564,31
2026-02-18 19:11:00,2.8509,2.8524,2.8504,2.8519,2.8559,2.8574,2.8554,2.8569,16
2026-02-18 19:12:00,2.8524,2.8554,2.8519,2.8544,2.8574,2.8604,2.8569,2.8594,27
2026-02-18 19:13:00,2.8549,2.8564,2.8549,2.8564,2.8599,2.8614,2.8599,2.8614,19
2026-02-18 19:14:00,2.8574,2.8584,2.8564,2.8584,2.8624,2.8634,2.8614,2.8634,17
2026-02-18 19:15:00,2.8589,2.8624,2.8574,2.8609,2.8639,2.8674,2.8624,2.8659,45
2026-02-18 19:16:00,2.8614,2.8654,2.8614,2.8624,2.8664,2.8704,2.8664,2.8674,63
2026-02-18 19:17:00,2.8634,2.8659,2.8614,2.8659,2.8684,2.8709,2.8664,2.8709,37
2026-02-18 19:18:00,2.8664,2.8689,2.8599,2.8599,2.8714,2.8739,2.8649,2.8649,59
2026-02-18 19:19:00,2.8594,2.8634,2.8574,2.8614,2.8644,2.8684,2.8624,2.8664,39
2026-02-18 19:20:00,2.8604,2.8669,2.8604,2.8649,2.8654,2.8719,2.8654,2.8699,43
2026-02-18 19:21:00,2.8644,2.8694,2.8629,2.8674,2.8694,2.8744,2.8679,2.8724,51
2026-02-18 19:22:00,2.8684,2.8734,2.8674,2.8699,2.8734,2.8784,2.8724,2.8749,41
2026-02-18 19:23:00,2.8694,2.8909,2.8684,2.8834,2.8744,2.8959,2.8734,2.8884,141
2026-02-18 19:24:00,2.8829,2.9014,2.8824,2.8994,2.8879,2.9064,2.8874,2.9044,122
2026-02-18 19:25:00,2.8984,2.9049,2.8884,2.8909,2.9034,2.9099,2.8934,2.8959,65
2026-02-18 19:26:00,2.8904,2.9044,2.8904,2.9024,2.8954,2.9094,2.8954,2.9074,50
2026-02-18 19:27:00,2.9019,2.9064,2.8994,2.9029,2.9069,2.9114,2.9044,2.9079,51
2026-02-18 19:28:00,2.9024,2.9114,2.9019,2.9104,2.9074,2.9164,2.9069,2.9154,68
2026-02-18 19:29:00,2.9114,2.9139,2.8964,2.9009,2.9164,2.9189,2.9014,2.9059,62
2026-02-18 19:30:00,2.9004,2.9084,2.9004,2.9029,2.9054,2.9134,2.9054,2.9079,41
2026-02-18 19:31:00,2.9024,2.9094,2.9014,2.9074,2.9074,2.9144,2.9064,2.9124,37
2026-02-18 19:32:00,2.9069,2.9084,2.9024,2.9079,2.9119,2.9134,2.9074,2.9129,36
2026-02-18 19:33:00,2.9074,2.9114,2.9054,2.9054,2.9124,2.9164,2.9104,2.9104,43
2026-02-18 19:34:00,2.9049,2.9134,2.9049,2.9124,2.9099,2.9184,2.9099,2.9174,43
2026-02-18 19:35:00,2.9129,2.9224,2.9129,2.9169,2.9179,2.9274,2.9179,2.9219,53
2026-02-18 19:36:00,2.9174,2.9239,2.9144,2.9209,2.9224,2.9289,2.9194,2.9259,47
2026-02-18 19:37:00,2.9214,2.9264,2.9214,2.9244,2.9264,2.9314,2.9264,2.9294,64
2026-02-18 19:38:00,2.9249,2.9334,2.9224,2.9314,2.9299,2.9384,2.9274,2.9364,65
2026-02-18 19:39:00,2.9319,2.9354,2.9274,2.9284,2.9369,2.9404,2.9324,2.9334,73
2026-02-18 19:40:00,2.9274,2.9394,2.9274,2.9389,2.9324,2.9444,2.9324,2.9439,80
2026-02-18 19:41:00,2.9394,2.9404,2.9374,2.9374,2.9444,2.9454,2.9424,2.9424,44
2026-02-18 19:42:00,2.9379,2.9414,2.9304,2.9324,2.9429,2.9464,2.9354,2.9374,48
2026-02-18 19:43:00,2.9319,2.9364,2.9309,2.9354,2.9369,2.9414,2.9359,2.9404,33
2026-02-18 19:44:00,2.9349,2.9404,2.9324,2.9334,2.9399,2.9454,2.9374,2.9384,33
2026-02-18 19:45:00,2.9344,2.9414,2.9344,2.9389,2.9394,2.9464,2.9394,2.9439,37
2026-02-18 19:46:00,2.9384,2.9384,2.9324,2.9359,2.9434,2.9434,2.9374,2.9409,36
2026-02-18 19:47:00,2.9364,2.9374,2.9324,2.9364,2.9414,2.9424,2.9374,2.9414,24
2026-02-18 19:48:00,2.9369,2.9374,2.9344,2.9374,2.9419,2.9424,2.9394,2.9424,25
2026-02-18 19:49:00,2.9369,2.9369,2.9274,2.9274,2.9419,2.9419,2.9324,2.9324,40
2026-02-18 19:50:00,2.9269,2.9269,2.9204,2.9204,2.9319,2.9319,2.9254,2.9254,45
2026-02-18 19:51:00,2.9209,2.9244,2.9204,2.9224,2.9259,2.9294,2.9254,2.9274,25
2026-02-18 19:52:00,2.9219,2.9274,2.9214,2.9214,2.9269,2.9324,2.9264,2.9264,36
2026-02-18 19:53:00,2.9209,2.9334,2.9209,2.9324,2.9259,2.9384,2.9259,2.9374,37
2026-02-18 19:54:00,2.9329,2.9354,2.9314,2.9314,2.9379,2.9404,2.9364,2.9364,30
2026-02-18 19:55:00,2.9324,2.9324,2.9264,2.9284,2.9374,2.9374,2.9314,2.9334,33
2026-02-18 19:56:00,2.9279,2.9284,2.9234,2.9249,2.9329,2.9334,2.9284,2.9299,33
2026-02-18 19:57:00,2.9244,2.9254,2.9204,2.9234,2.9294,2.9304,2.9254,2.9284,21
2026-02-18 19:58:00,2.9229,2.9274,2.9214,2.9254,2.9279,2.9324,2.9264,2.9304,27
2026-02-18 19:59:00,2.9249,2.9264,2.9229,2.9239,2.9299,2.9314,2.9279,2.9289,14
2026-02-18 20:00:00,2.9244,2.9249,2.9194,2.9214,2.9294,2.9299,2.9244,2.9264,49
2026-02-18 20:01:00,2.9224,2.9229,2.9154,2.9154,2.9274,2.9279,2.9204,2.9204,43
2026-02-18 20:02:00,2.9159,2.9174,2.9154,2.9154,2.9209,2.9224,2.9204,2.9204,21
2026-02-18 20:03:00,2.9159,2.9224,2.9144,2.9184,2.9209,2.9274,2.9194,2.9234,45
2026-02-18 20:04:00,2.9179,2.9184,2.9114,2.9114,2.9229,2.9234,2.9164,2.9164,58
2026-02-18 20:05:00,2.9124,2.9179,2.9104,2.9154,2.9174,2.9229,2.9154,2.9204,36
2026-02-18 20:06:00,2.9149,2.9164,2.9124,2.9134,2.9199,2.9214,2.9174,2.9184,27
2026-02-18 20:07:00,2.9139,2.9174,2.9134,2.9174,2.9189,2.9224,2.9184,2.9224,57
2026-02-18 20:08:00,2.9184,2.9184,2.9134,2.9134,2.9234,2.9234,2.9184,2.9184,27
2026-02-18 20:09:00,2.9124,2.9144,2.9069,2.9084,2.9174,2.9194,2.9119,2.9134,26
2026-02-18 20:10:00,2.9079,2.9084,2.9014,2.9044,2.9129,2.9134,2.9064,2.9094,33
2026-02-18 20:11:00,2.9054,2.9054,2.8974,2.8974,2.9104,2.9104,2.9024,2.9024,31
2026-02-18 20:12:00,2.8979,2.8979,2.8924,2.8959,2.9029,2.9029,2.8974,2.9009,41
2026-02-18 20:13:00,2.8954,2.9014,2.8944,2.8994,2.9004,2.9064,2.8994,2.9044,57
2026-02-18 20:14:00,2.8989,2.8989,2.8934,2.8949,2.9039,2.9039,2.8984,2.8999,41
2026-02-18 20:15:00,2.8944,2.9009,2.8934,2.8934,2.8994,2.9059,2.8984,2.8984,43
2026-02-18 20:16:00,2.8944,2.8994,2.8944,2.8974,2.8994,2.9044,2.8994,2.9024,31
2026-02-18 20:17:00,2.8964,2.9049,2.8934,2.9024,2.9014,2.9099,2.8984,2.9074,57
2026-02-18 20:18:00,2.9019,2.9054,2.9004,2.9009,2.9069,2.9104,2.9054,2.9059,37
2026-02-18 20:19:00,2.9014,2.9054,2.9009,2.9044,2.9064,2.9104,2.9059,2.9094,38
2026-02-18 20:20:00,2.9084,2.9124,2.9069,2.9124,2.9134,2.9174,2.9119,2.9174,47
2026-02-18 20:21:00,2.9119,2.9124,2.9054,2.9059,2.9169,2.9174,2.9104,2.9109,30
2026-02-18 20:22:00,2.9064,2.9064,2.8999,2.9044,2.9114,2.9114,2.9049,2.9094,30
2026-02-18 20:23:00,2.9034,2.9094,2.9024,2.9094,2.9084,2.9144,2.9074,2.9144,47
2026-02-18 20:24:00,2.9084,2.9114,2.9054,2.9084,2.9134,2.9164,2.9104,2.9134,42
2026-02-18 20:25:00,2.9099,2.9124,2.9044,2.9064,2.9149,2.9174,2.9094,2.9114,47
2026-02-18 20:26:00,2.9059,2.9124,2.9059,2.9084,2.9109,2.9174,2.9109,2.9134,52
2026-02-18 20:27:00,2.9094,2.9134,2.9094,2.9094,2.9144,2.9184,2.9144,2.9144,75
2026-02-18 20:28:00,2.9099,2.9204,2.9099,2.9189,2.9149,2.9254,2.9149,2.9239,181
2026-02-18 20:29:00,2.9194,2.9254,2.9189,2.9219,2.9244,2.9304,2.9239,2.9269,49
2026-02-18 20:30:00,2.9224,2.9294,2.9224,2.9284,2.9274,2.9344,2.9274,2.9334,45
2026-02-18 20:31:00,2.9279,2.9294,2.9234,2.9234,2.9329,2.9344,2.9284,2.9284,21
2026-02-18 20:32:00,2.9239,2.9254,2.9239,2.9244,2.9289,2.9304,2.9289,2.9294,8
2026-02-18 20:33:00,2.9249,2.9259,2.9234,2.9234,2.9299,2.9309,2.9284,2.9284,26
2026-02-18 20:34:00,2.9239,2.9254,2.9214,2.9249,2.9289,2.9304,2.9264,2.9299,16
2026-02-18 20:35:00,2.9244,2.9294,2.9234,2.9269,2.9294,2.9344,2.9284,2.9319,17
2026-02-18 20:36:00,2.9274,2.9284,2.9254,2.9254,2.9324,2.9334,2.9304,2.9304,16
2026-02-18 20:37:00,2.9259,2.9259,2.9234,2.9244,2.9309,2.9309,2.9284,2.9294,11
2026-02-18 20:38:00,2.9249,2.9254,2.9244,2.9244,2.9299,2.9304,2.9294,2.9294,3
2026-02-18 20:39:00,2.9249,2.9304,2.9244,2.9304,2.9299,2.9354,2.9294,2.9354,17
2026-02-18 20:40:00,2.9314,2.9354,2.9314,2.9354,2.9364,2.9404,2.9364,2.9404,24
2026-02-18 20:41:00,2.9349,2.9364,2.9334,2.9334,2.9399,2.9414,2.9384,2.9384,12
2026-02-18 20:42:00,2.9339,2.9354,2.9329,2.9334,2.9389,2.9404,2.9379,2.9384,9
2026-02-18 20:43:00,2.9339,2.9354,2.9329,2.9339,2.9389,2.9404,2.9379,2.9389,14
2026-02-18 20:44:00,2.9344,2.9384,2.9344,2.9384,2.9394,2.9434,2.9394,2.9434,10
2026-02-18 20:45:00,2.9379,2.9384,2.9349,2.9354,2.9429,2.9434,2.9399,2.9404,10
2026-02-18 20:46:00,2.9349,2.9349,2.9329,2.9334,2.9399,2.9399,2.9379,2.9384,10
2026-02-18 20:47:00,2.9329,2.9359,2.9329,2.9359,2.9379,2.9409,2.9379,2.9409,11
2026-02-18 20:48:00,2.9369,2.9384,2.9349,2.9379,2.9419,2.9434,2.9399,2.9429,13
2026-02-18 20:49:00,2.9374,2.9404,2.9374,2.9389,2.9424,2.9454,2.9424,2.9439,9
2026-02-18 20:50:00,2.9394,2.9404,2.9394,2.9399,2.9444,2.9454,2.9444,2.9449,7
2026-02-18 20:51:00,2.9394,2.9404,2.9374,2.9374,2.9444,2.9454,2.9424,2.9424,10
2026-02-18 20:52:00,2.9364,2.9374,2.9354,2.9354,2.9414,2.9424,2.9404,2.9404,12
2026-02-18 20:53:00,2.9359,2.9359,2.9334,2.9334,2.9409,2.9409,2.9384,2.9384,15
2026-02-18 20:54:00,2.9339,2.9354,2.9319,2.9339,2.9389,2.9404,2.9369,2.9389,28
2026-02-18 20:55:00,2.9344,2.9354,2.9324,2.9344,2.9394,2.9404,2.9374,2.9394,10
2026-02-18 20:56:00,2.9349,2.9364,2.9349,2.9364,2.9399,2.9414,2.9399,2.9414,3
2026-02-18 20:57:00,2.9349,2.9349,2.9344,2.9349,2.9399,2.9399,2.9394,2.9399,5
2026-02-18 20:58:00,2.9354,2.9354,2.9334,2.9349,2.9404,2.9404,2.9384,2.9399,6
2026-02-18 20:59:00,2.9354,2.9404,2.9344,2.9404,2.9404,2.9454,2.9394,2.9454,13
2026-02-18 21:00:00,2.9414,2.9434,2.9394,2.9394,2.9464,2.9484,2.9444,2.9444,18
2026-02-18 21:01:00,2.9399,2.9404,2.9384,2.9389,2.9449,2.9454,2.9434,2.9439,15
2026-02-18 21:02:00,2.9394,2.9414,2.9384,2.9389,2.9444,2.9464,2.9434,2.9439,14
2026-02-18 21:03:00,2.9394,2.9429,2.9394,2.9424,2.9444,2.9479,2.9444,2.9474,7
2026-02-18 21:04:00,2.9419,2.9419,2.9404,2.9409,2.9469,2.9469,2.9454,2.9459,12
2026-02-18 21:05:00,2.9404,2.9409,2.9399,2.9404,2.9454,2.9459,2.9449,2.9454,4
2026-02-18 21:06:00,2.9409,2.9409,2.9364,2.9379,2.9459,2.9459,2.9414,2.9429,15
2026-02-18 21:07:00,2.9384,2.9399,2.9379,2.9394,2.9434,2.9449,2.9429,2.9444,8
2026-02-18 21:08:00,2.9399,2.9414,2.9394,2.9404,2.9449,2.9464,2.9444,2.9454,6
2026-02-18 21:09:00,2.9394,2.9404,2.9394,2.9394,2.9444,2.9454,2.9444,2.9444,5
2026-02-18 21:10:00,2.9399,2.9424,2.9394,2.9419,2.9449,2.9474,2.9444,2.9469,15
2026-02-18 21:11:00,2.9424,2.9434,2.9419,2.9424,2.9474,2.9484,2.9469,2.9474,9
2026-02-18 21:12:00,2.9434,2.9434,2.9424,2.9424,2.9484,2.9484,2.9474,2.9474,2
2026-02-18 21:13:00,2.9429,2.9444,2.9429,2.9444,2.9479,2.9494,2.9479,2.9494,3
2026-02-18 21:14:00,2.9454,2.9464,2.9444,2.9459,2.9504,2.9514,2.9494,2.9509,14
2026-02-18 21:15:00,2.9454,2.9459,2.9449,2.9449,2.9504,2.9509,2.9499,2.9499,6
2026-02-18 21:16:00,2.9439,2.9479,2.9439,2.9474,2.9489,2.9529,2.9489,2.9524,13
2026-02-18 21:17:00,2.9469,2.9469,2.9434,2.9444,2.9519,2.9519,2.9484,2.9494,12
2026-02-18 21:18:00,2.9454,2.9464,2.9454,2.9464,2.9504,2.9514,2.9504,2.9514,3
2026-02-18 21:19:00,2.9454,2.9459,2.9444,2.9444,2.9504,2.9509,2.9494,2.9494,6
2026-02-18 21:20:00,2.9454,2.9464,2.9454,2.9464,2.9504,2.9514,2.9504,2.9514,3
2026-02-18 21:21:00,2.9474,2.9484,2.9419,2.9424,2.9524,2.9534,2.9469,2.9474,20
2026-02-18 21:22:00,2.9434,2.9454,2.9434,2.9449,2.9484,2.9504,2.9484,2.9499,8
2026-02-18 21:23:00,2.9444,2.9474,2.9444,2.9464,2.9494,2.9524,2.9494,2.9514,11
2026-02-18 21:24:00,2.9459,2.9459,2.9454,2.9459,2.9509,2.9509,2.9504,2.9509,5
2026-02-18 21:25:00,2.9454,2.9454,2.9454,2.9454,2.9504,2.9504,2.9504,2.9504,1
2026-02-18 21:26:00,2.9449,2.9454,2.9424,2.9424,2.9499,2.9504,2.9474,2.9474,16
2026-02-18 21:27:00,2.9429,2.9429,2.9419,2.9424,2.9479,2.9479,2.9469,2.9474,7
2026-02-18 21:28:00,2.9414,2.9434,2.9414,2.9434,2.9464,2.9484,2.9464,2.9484,6
2026-02-18 21:29:00,2.9439,2.9439,2.9424,2.9424,2.9489,2.9489,2.9474,2.9474,4
2026-02-18 21:30:00,2.9414,2.9434,2.9414,2.9434,2.9464,2.9484,2.9464,2.9484,8
2026-02-18 21:31:00,2.9439,2.9454,2.9434,2.9444,2.9489,2.9504,2.9484,2.9494,8
2026-02-18 21:32:00,2.9449,2.9454,2.9434,2.9444,2.9499,2.9504,2.9484,2.9494,9
2026-02-18 21:34:00,2.9449,2.9449,2.9444,2.9444,2.9499,2.9499,2.9494,2.9494,2
2026-02-18 21:35:00,2.9449,2.9454,2.9444,2.9449,2.9499,2.9504,2.9494,2.9499,5
2026-02-18 21:36:00,2.9444,2.9454,2.9444,2.9449,2.9494,2.9504,2.9494,2.9499,6
2026-02-18 21:37:00,2.9459,2.9459,2.9434,2.9434,2.9509,2.9509,2.9484,2.9484,11
2026-02-18 21:38:00,2.9424,2.9454,2.9424,2.9444,2.9474,2.9504,2.9474,2.9494,6
2026-02-18 21:39:00,2.9449,2.9454,2.9444,2.9444,2.9499,2.9504,2.9494,2.9494,3
2026-02-18 21:40:00,2.9454,2.9474,2.9454,2.9459,2.9504,2.9524,2.9504,2.9509,11
2026-02-18 21:41:00,2.9454,2.9459,2.9444,2.9459,2.9504,2.9509,2.9494,2.9509,4
2026-02-18 21:42:00,2.9454,2.9464,2.9444,2.9454,2.9504,2.9514,2.9494,2.9504,11
2026-02-18 21:43:00,2.9459,2.9464,2.9459,2.9464,2.9509,2.9514,2.9509,2.9514,2
2026-02-18 21:44:00,2.9454,2.9459,2.9424,2.9429,2.9504,2.9509,2.9474,2.9479,16
2026-02-18 21:45:00,2.9414,2.9419,2.9384,2.9404,2.9464,2.9469,2.9434,2.9454,15
2026-02-18 21:46:00,2.9414,2.9424,2.9394,2.9409,2.9464,2.9474,2.9444,2.9459,7
2026-02-18 21:47:00,2.9404,2.9409,2.9404,2.9409,2.9454,2.9459,2.9454,2.9459,2
2026-02-18 21:49:00,2.9414,2.9419,2.9414,2.9419,2.9464,2.9469,2.9464,2.9469,2
2026-02-18 21:50:00,2.9424,2.9444,2.9419,2.9439,2.9474,2.9494,2.9469,2.9489,9
2026-02-18 21:51:00,2.9444,2.9444,2.9434,2.9434,2.9494,2.9494,2.9484,2.9484,2
2026-02-18 21:52:00,2.9439,2.9459,2.9439,2.9444,2.9489,2.9509,2.9489,2.9494,11
2026-02-18 21:53:00,2.9434,2.9454,2.9424,2.9434,2.9484,2.9504,2.9474,2.9484,15
2026-02-18 21:54:00,2.9444,2.9444,2.9424,2.9424,2.9494,2.9494,2.9474,2.9474,7
2026-02-18 21:55:00,2.9414,2.9419,2.9384,2.9419,2.9464,2.9469,2.9434,2.9469,15
2026-02-18 21:56:00,2.9414,2.9414,2.9394,2.9394,2.9464,2.9464,2.9444,2.9444,8
2026-02-18 21:57:00,2.9389,2.9414,2.9389,2.9399,2.9439,2.9464,2.9439,2.9449,9
2026-02-18 21:58:00,2.9404,2.9414,2.9399,2.9399,2.9454,2.9464,2.9449,2.9449,14
2026-02-18 21:59:00,2.9404,2.9404,2.9399,2.9404,2.9454,2.9454,2.9449,2.9454,5
2026-02-18 22:00:00,2.9409,2.9424,2.9409,2.9414,2.9459,2.9474,2.9459,2.9464,6
2026-02-18 22:01:00,2.9409,2.9409,2.9389,2.9399,2.9459,2.9459,2.9439,2.9449,7
2026-02-18 22:02:00,2.9404,2.9404,2.9359,2.9359,2.9454,2.9454,2.9409,2.9409,10
2026-02-18 22:03:00,2.9364,2.9374,2.9354,2.9374,2.9414,2.9424,2.9404,2.9424,7
2026-02-18 22:04:00,2.9379,2.9384,2.9374,2.9374,2.9429,2.9434,2.9424,2.9424,4
2026-02-18 22:05:00,2.9364,2.9364,2.9359,2.9359,2.9414,2.9414,2.9409,2.9409,2
2026-02-18 22:06:00,2.9364,2.9374,2.9364,2.9364,2.9414,2.9424,2.9414,2.9414,4
2026-02-18 22:07:00,2.9374,2.9389,2.9374,2.9389,2.9424,2.9439,2.9424,2.9439,3
2026-02-18 22:08:00,2.9394,2.9394,2.9394,2.9394,2.9444,2.9444,2.9444,2.9444,1
2026-02-18 22:09:00,2.9399,2.9399,2.9379,2.9379,2.9449,2.9449,2.9429,2.9429,7
2026-02-18 22:10:00,2.9374,2.9384,2.9359,2.9369,2.9424,2.9434,2.9409,2.9419,13
2026-02-18 22:11:00,2.9374,2.9374,2.9369,2.9374,2.9424,2.9424,2.9419,2.9424,3
2026-02-18 22:12:00,2.9369,2.9374,2.9364,2.9374,2.9419,2.9424,2.9414,2.9424,4
2026-02-18 22:13:00,2.9379,2.9394,2.9379,2.9394,2.9429,2.9444,2.9429,2.9444,6
2026-02-18 22:14:00,2.9389,2.9389,2.9339,2.9344,2.9439,2.9439,2.9389,2.9394,13
2026-02-18 22:15:00,2.9349,2.9349,2.9334,2.9339,2.9399,2.9399,2.9384,2.9389,4
2026-02-18 22:16:00,2.9344,2.9349,2.9344,2.9349,2.9394,2.9399,2.9394,2.9399,2
2026-02-18 22:17:00,2.9339,2.9339,2.9284,2.9299,2.9389,2.9389,2.9334,2.9349,6
2026-02-18 22:18:00,2.9304,2.9314,2.9304,2.9309,2.9354,2.9364,2.9354,2.9359,5
2026-02-18 22:19:00,2.9314,2.9314,2.9314,2.9314,2.9364,2.9364,2.9364,2.9364,1
2026-02-18 22:20:00,2.9304,2.9304,2.9279,2.9294,2.9354,2.9354,2.9329,2.9344,17
2026-02-18 22:21:00,2.9299,2.9299,2.9254,2.9274,2.9349,2.9349,2.9304,2.9324,13
2026-02-18 22:22:00,2.9279,2.9284,2.9274,2.9274,2.9329,2.9334,2.9324,2.9324,4
2026-02-18 22:23:00,2.9279,2.9284,2.9279,2.9284,2.9329,2.9334,2.9329,2.9334,2
2026-02-18 22:24:00,2.9289,2.9289,2.9284,2.9284,2.9339,2.9339,2.9334,2.9334,2
2026-02-18 22:25:00,2.9289,2.9314,2.9289,2.9299,2.9339,2.9364,2.9339,2.9349,10
2026-02-18 22:27:00,2.9304,2.9329,2.9289,2.9294,2.9354,2.9379,2.9339,2.9344,9
2026-02-18 22:28:00,2.9289,2.9299,2.9289,2.9299,2.9339,2.9349,2.9339,2.9349,3
2026-02-18 22:29:00,2.9304,2.9314,2.9304,2.9314,2.9354,2.9364,2.9354,2.9364,5
2026-02-18 22:30:00,2.9309,2.9309,2.9299,2.9309,2.9359,2.9359,2.9349,2.9359,5
2026-02-18 22:31:00,2.9304,2.9339,2.9304,2.9329,2.9354,2.9389,2.9354,2.9379,7
2026-02-18 22:32:00,2.9324,2.9334,2.9309,2.9309,2.9374,2.9384,2.9359,2.9359,5
2026-02-18 22:33:00,2.9299,2.9299,2.9279,2.9284,2.9349,2.9349,2.9329,2.9334,6
2026-02-18 22:34:00,2.9279,2.9299,2.9274,2.9299,2.9329,2.9349,2.9324,2.9349,7
2026-02-18 22:35:00,2.9294,2.9294,2.9254,2.9279,2.9344,2.9344,2.9304,2.9329,12
2026-02-18 22:36:00,2.9274,2.9274,2.9259,2.9264,2.9324,2.9324,2.9309,2.9314,9
2026-02-18 22:37:00,2.9274,2.9279,2.9274,2.9279,2.9334,2.9339,2.9334,2.9339,2
2026-02-18 22:39:00,2.9284,2.9289,2.9284,2.9289,2.9344,2.9349,2.9344,2.9349,2
2026-02-18 22:40:00,2.9294,2.9299,2.9294,2.9299,2.9374,2.9374,2.9324,2.9334,2
2026-02-18 22:41:00,2.9324,2.9324,2.9274,2.9284,2.9329,2.9334,2.9309,2.9309,13
2026-02-18 22:42:00,2.9279,2.9284,2.9259,2.9259,2.9314,2.9324,2.9314,2.9324,9
2026-02-18 22:43:00,2.9264,2.9274,2.9264,2.9274,2.9319,2.9324,2.9319,2.9324,3
2026-02-18 22:44:00,2.9269,2.9274,2.9269,2.9274,2.9319,2.9319,2.9274,2.9304,4
2026-02-18 22:45:00,2.9269,2.9269,2.9224,2.9254,2.9299,2.9309,2.9289,2.9299,10
2026-02-18 22:46:00,2.9249,2.9259,2.9239,2.9249,2.9304,2.9314,2.9294,2.9309,5
2026-02-18 22:47:00,2.9254,2.9264,2.9244,2.9259,2.9304,2.9304,2.9269,2.9269,13
2026-02-18 22:48:00,2.9254,2.9254,2.9219,2.9219,2.9274,2.9294,2.9274,2.9284,9
2026-02-18 22:49:00,2.9224,2.9244,2.9224,2.9234,2.9289,2.9324,2.9289,2.9324,6
2026-02-18 22:50:00,2.9239,2.9274,2.9239,2.9274,2.9329,2.9329,2.9304,2.9304,5
2026-02-18 22:51:00,2.9279,2.9279,2.9254,2.9254,2.9299,2.9334,2.9299,2.9334,4
2026-02-18 22:52:00,2.9249,2.9284,2.9249,2.9284,2.9324,2.9349,2.9294,2.9339,10
2026-02-18 22:53:00,2.9274,2.9299,2.9244,2.9289,2.9344,2.9374,2.9344,2.9369,18
2026-02-18 22:54:00,2.9294,2.9324,2.9294,2.9319,2.9374,2.9374,2.9354,2.9369,6
2026-02-18 22:55:00,2.9324,2.9324,2.9304,2.9319,2.9364,2.9364,2.9354,2.9364,8
2026-02-18 22:56:00,2.9314,2.9314,2.9304,2.9314,2.9374,2.9374,2.9359,2.9364,7
2026-02-18 22:57:00,2.9324,2.9324,2.9309,2.9314,2.9359,2.9364,2.9359,2.9359,8
2026-02-18 22:58:00,2.9309,2.9314,2.9309,2.9309,2.9354,2.941,2.9334,2.941,3
2026-02-18 22:59:00,2.9304,2.936,2.9284,2.936,2.945,2.945,2.9405,2.941,11
2026-02-19 00:00:00,2.94,2.94,2.9355,2.936,2.9415,2.9435,2.941,2.941,8
2026-02-19 00:01:00,2.9365,2.9385,2.936,2.936,2.9415,2.9475,2.9415,2.946,8
2026-02-19 00:02:00,2.9365,2.9425,2.9365,2.941,2.9445,2.9445,2.9435,2.9435,11
2026-02-19 00:04:00,2.9395,2.9395,2.9385,2.9385,2.943,2.943,2.943,2.943,2
2026-02-19 00:05:00,2.938,2.938,2.938,2.938,2.9425,2.9425,2.942,2.942,1
2026-02-19 00:06:00,2.9375,2.9375,2.937,2.937,2.943,2.9435,2.9415,2.9435,2
2026-02-19 00:07:00,2.938,2.9385,2.9365,2.9385,2.9445,2.947,2.9445,2.947,4
2026-02-19 00:08:00,2.9395,2.942,2.9395,2.942,2.9465,2.949,2.946,2.946,3
2026-02-19 00:09:00,2.9415,2.944,2.941,2.941,2.9465,2.948,2.9465,2.947,12
2026-02-19 00:10:00,2.9415,2.943,2.9415,2.942,2.9465,2.9465,2.9465,2.9465,5
2026-02-19 00:11:00,2.9415,2.9415,2.9415,2.9415,2.946,2.9465,2.945,2.9465,1
2026-02-19 00:12:00,2.941,2.9415,2.94,2.9415,2.947,2.947,2.9455,2.946,5
2026-02-19 00:13:00,2.942,2.942,2.9405,2.941,2.9455,2.9485,2.9455,2.948,3
2026-02-19 00:14:00,2.9405,2.9435,2.9405,2.943,2.9475,2.9485,2.9475,2.9485,9
2026-02-19 00:15:00,2.9425,2.9435,2.9425,2.9435,2.948,2.948,2.9465,2.9465,3
2026-02-19 00:16:00,2.943,2.943,2.9415,2.9415,2.947,2.9475,2.9465,2.9465,3
2026-02-19 00:17:00,2.942,2.9425,2.9415,2.9415,2.9455,2.9455,2.9445,2.9445,3
2026-02-19 00:18:00,2.9405,2.9405,2.9395,2.9395,2.945,2.947,2.945,2.9455,2
2026-02-19 00:19:00,2.94,2.942,2.94,2.9405,2.945,2.945,2.944,2.945,3
2026-02-19 00:20:00,2.94,2.94,2.939,2.94,2.9455,2.9455,2.944,2.944,4
2026-02-19 00:24:00,2.9405,2.9405,2.939,2.939,2.945,2.945,2.945,2.945,3
2026-02-19 00:25:00,2.94,2.94,2.94,2.94,2.9455,2.9455,2.943,2.9435,1
2026-02-19 00:26:00,2.9405,2.9405,2.938,2.9385,2.943,2.944,2.943,2.9435,4
2026-02-19 00:27:00,2.938,2.939,2.938,2.9385,2.943,2.9435,2.943,2.9435,3
2026-02-19 00:30:00,2.938,2.9385,2.938,2.9385,2.944,2.944,2.944,2.944,2
2026-02-19 00:32:00,2.939,2.939,2.939,2.939,2.9445,2.9445,2.9435,2.9435,1
2026-02-19 00:36:00,2.9395,2.9395,2.9385,2.9385,2.9445,2.9445,2.9435,2.9435,2
2026-02-19 00:37:00,2.939,2.94,2.939,2.9395,2.944,2.945,2.944,2.9445,3
2026-02-19 00:38:00,2.9385,2.9395,2.938,2.938,2.9435,2.9445,2.943,2.943,5
2026-02-19 00:39:00,2.9385,2.939,2.938,2.938,2.9435,2.944,2.943,2.943,7
2026-02-19 00:40:00,2.9385,2.9385,2.933,2.9335,2.9435,2.9435,2.938,2.9385,9
2026-02-19 00:41:00,2.934,2.935,2.934,2.935,2.939,2.94,2.939,2.94,3
2026-02-19 00:42:00,2.9355,2.936,2.9355,2.936,2.9405,2.941,2.9405,2.941,2
2026-02-19 00:43:00,2.935,2.935,2.935,2.935,2.94,2.94,2.94,2.94,1
2026-02-19 00:44:00,2.9355,2.936,2.9355,2.9355,2.9405,2.941,2.9405,2.9405,3
2026-02-19 00:45:00,2.936,2.9365,2.936,2.9365,2.941,2.9415,2.941,2.9415,2
2026-02-19 00:46:00,2.937,2.937,2.937,2.937,2.942,2.942,2.942,2.942,1
2026-02-19 00:47:00,2.9365,2.937,2.9365,2.9365,2.9415,2.942,2.9415,2.9415,3
2026-02-19 00:48:00,2.938,2.938,2.938,2.938,2.943,2.943,2.943,2.943,1
2026-02-19 00:49:00,2.937,2.937,2.9365,2.9365,2.942,2.942,2.9415,2.9415,2
2026-02-19 00:50:00,2.937,2.937,2.9365,2.9365,2.942,2.942,2.9415,2.9415,2
2026-02-19 00:52:00,2.936,2.936,2.936,2.936,2.941,2.941,2.941,2.941,1
2026-02-19 00:53:00,2.9365,2.9365,2.9365,2.9365,2.9415,2.9415,2.9415,2.9415,1
2026-02-19 00:54:00,2.936,2.9365,2.9355,2.9355,2.941,2.9415,2.9405,2.9405,4
2026-02-19 00:55:00,2.936,2.938,2.936,2.9375,2.941,2.943,2.941,2.9425,4
2026-02-19 00:56:00,2.938,2.938,2.938,2.938,2.943,2.943,2.943,2.943,1
2026-02-19 00:57:00,2.939,2.944,2.939,2.9425,2.944,2.949,2.944,2.9475,7
2026-02-19 00:58:00,2.9415,2.9415,2.94,2.94,2.9465,2.9465,2.945,2.945,2
2026-02-19 01:00:00,2.941,2.9515,2.941,2.946,2.946,2.9565,2.946,2.951,31
2026-02-19 01:01:00,2.947,2.9505,2.947,2.9495,2.952,2.9555,2.952,2.9545,9
2026-02-19 01:02:00,2.95,2.954,2.9465,2.952,2.955,2.959,2.9515,2.957,19
2026-02-19 01:03:00,2.9525,2.955,2.952,2.9545,2.9575,2.96,2.957,2.9595,9
2026-02-19 01:04:00,2.952,2.9545,2.951,2.9535,2.957,2.9595,2.956,2.9585,15
2026-02-19 01:05:00,2.953,2.9565,2.953,2.955,2.958,2.9615,2.958,2.96,10
2026-02-19 01:06:00,2.9555,2.9605,2.9555,2.9585,2.9605,2.9655,2.9605,2.9635,16
2026-02-19 01:07:00,2.9565,2.9605,2.9565,2.96,2.9615,2.9655,2.9615,2.965,9
2026-02-19 01:08:00,2.961,2.972,2.961,2.97,2.966,2.977,2.966,2.975,31
2026-02-19 01:09:00,2.9685,2.971,2.9685,2.9685,2.9735,2.976,2.9735,2.9735,10
2026-02-19 01:10:00,2.968,2.9705,2.966,2.97,2.973,2.9755,2.971,2.975,14
2026-02-19 01:11:00,2.9695,2.971,2.9685,2.97,2.9745,2.976,2.9735,2.975,23
2026-02-19 01:12:00,2.969,2.969,2.9675,2.9675,2.974,2.974,2.9725,2.9725,3
2026-02-19 01:13:00,2.968,2.971,2.968,2.9695,2.973,2.976,2.973,2.9745,8
2026-02-19 01:14:00,2.968,2.9705,2.9655,2.9705,2.973,2.9755,2.9705,2.9755,12
2026-02-19 01:15:00,2.97,2.9715,2.9695,2.9695,2.975,2.9765,2.9745,2.9745,4
2026-02-19 01:16:00,2.97,2.97,2.97,2.97,2.975,2.975,2.975,2.975,1
2026-02-19 01:17:00,2.971,2.973,2.9695,2.9725,2.976,2.978,2.9745,2.9775,11
2026-02-19 01:18:00,2.972,2.9755,2.972,2.9755,2.977,2.9805,2.977,2.9805,11
2026-02-19 01:19:00,2.977,2.977,2.9755,2.9755,2.982,2.982,2.9805,2.9805,2
2026-02-19 01:20:00,2.976,2.976,2.9735,2.975,2.981,2.981,2.9785,2.98,10
2026-02-19 01:21:00,2.9745,2.977,2.9745,2.975,2.9795,2.982,2.9795,2.98,5
2026-02-19 01:22:00,2.9745,2.9745,2.974,2.9745,2.9795,2.9795,2.979,2.9795,3
2026-02-19 01:23:00,2.9755,2.9755,2.9755,2.9755,2.9805,2.9805,2.9805,2.9805,1
2026-02-19 01:24:00,2.9745,2.9765,2.9745,2.976,2.9795,2.9815,2.9795,2.981,8
2026-02-19 01:25:00,2.9755,2.976,2.975,2.976,2.9805,2.981,2.98,2.981,4
2026-02-19 01:26:00,2.9765,2.979,2.9765,2.979,2.9815,2.984,2.9815,2.984,11
2026-02-19 01:27:00,2.9785,2.9785,2.974,2.9745,2.9835,2.9835,2.979,2.9795,7
2026-02-19 01:28:00,2.975,2.975,2.969,2.969,2.98,2.98,2.974,2.974,7
2026-02-19 01:29:00,2.9685,2.9735,2.967,2.972,2.9735,2.9785,2.972,2.977,15
2026-02-19 01:30:00,2.973,2.975,2.973,2.975,2.978,2.98,2.978,2.98,5
2026-02-19 01:31:00,2.9755,2.977,2.974,2.977,2.9805,2.982,2.979,2.982,12
2026-02-19 01:32:00,2.9775,2.9775,2.977,2.977,2.9825,2.9825,2.982,2.982,2
2026-02-19 01:33:00,2.9775,2.978,2.977,2.977,2.9825,2.983,2.982,2.982,6
2026-02-19 01:34:00,2.976,2.977,2.976,2.977,2.981,2.982,2.981,2.982,2
2026-02-19 01:35:00,2.9765,2.9765,2.9765,2.9765,2.9815,2.9815,2.9815,2.9815,1
2026-02-19 01:36:00,2.976,2.976,2.975,2.976,2.981,2.981,2.98,2.981,5
2026-02-19 01:37:00,2.9765,2.978,2.9765,2.9775,2.9815,2.983,2.9815,2.9825,4
2026-02-19 01:38:00,2.9765,2.9795,2.975,2.978,2.9815,2.9845,2.98,2.983,14
2026-02-19 01:40:00,2.9775,2.978,2.977,2.978,2.9825,2.983,2.982,2.983,6
2026-02-19 01:41:00,2.9785,2.9785,2.977,2.9785,2.9835,2.9835,2.982,2.9835,5
2026-02-19 01:42:00,2.978,2.978,2.9775,2.9775,2.983,2.983,2.9825,2.9825,2
2026-02-19 01:43:00,2.9785,2.9785,2.9765,2.978,2.9835,2.9835,2.9815,2.983,5
2026-02-19 01:44:00,2.9785,2.9785,2.977,2.9775,2.9835,2.9835,2.982,2.9825,5
2026-02-19 01:45:00,2.9785,2.9785,2.977,2.9775,2.9835,2.9835,2.982,2.9825,4
2026-02-19 01:46:00,2.977,2.9775,2.977,2.9775,2.982,2.9825,2.982,2.9825,2
2026-02-19 01:47:00,2.976,2.9775,2.976,2.977,2.981,2.9825,2.981,2.982,4
2026-02-19 01:48:00,2.9765,2.9765,2.976,2.9765,2.9815,2.9815,2.981,2.9815,5
2026-02-19 01:50:00,2.976,2.981,2.9745,2.978,2.981,2.986,2.9795,2.983,19
2026-02-19 01:51:00,2.9785,2.984,2.9785,2.983,2.9835,2.989,2.9835,2.988,15
2026-02-19 01:52:00,2.9845,2.989,2.984,2.9875,2.9895,2.994,2.989,2.9925,11
2026-02-19 01:53:00,2.9885,2.9885,2.984,2.9885,2.9935,2.9935,2.989,2.9935,15
2026-02-19 01:54:00,2.988,2.9885,2.988,2.9885,2.993,2.9935,2.993,2.9935,2
2026-02-19 01:55:00,2.989,2.9915,2.989,2.9915,2.994,2.9965,2.994,2.9965,8
2026-02-19 01:56:00,2.99,2.9905,2.986,2.987,2.995,2.9955,2.991,2.992,16
2026-02-19 01:57:00,2.988,2.988,2.9855,2.9855,2.993,2.993,2.9905,2.9905,4
2026-02-19 01:58:00,2.985,2.9855,2.985,2.9855,2.99,2.9905,2.99,2.9905,6
2026-02-19 01:59:00,2.986,2.9865,2.986,2.986,2.991,2.9915,2.991,2.991,3
2026-02-19 02:00:00,2.9855,2.989,2.9855,2.9875,2.9905,2.994,2.9905,2.9925,12
2026-02-19 02:01:00,2.988,2.9905,2.988,2.9895,2.993,2.9955,2.993,2.9945,6
2026-02-19 02:02:00,2.99,2.9905,2.9865,2.9875,2.995,2.9955,2.9915,2.9925,9
2026-02-19 02:03:00,2.987,2.9875,2.985,2.986,2.992,2.9925,2.99,2.991,6
2026-02-19 02:04:00,2.9865,2.9885,2.984,2.9885,2.9915,2.9935,2.989,2.9935,10
2026-02-19 02:05:00,2.988,2.9885,2.9875,2.9875,2.993,2.9935,2.9925,2.9925,3
2026-02-19 02:06:00,2.9865,2.987,2.986,2.9865,2.9915,2.992,2.991,2.9915,4
2026-02-19 02:07:00,2.9875,2.9875,2.9865,2.987,2.9925,2.9925,2.9915,2.992,7
2026-02-19 02:08:00,2.986,2.988,2.986,2.986,2.991,2.993,2.991,2.991,4
2026-02-19 02:09:00,2.9865,2.9865,2.986,2.986,2.9915,2.9915,2.991,2.991,2
2026-02-19 02:10:00,2.9855,2.986,2.984,2.985,2.9905,2.991,2.989,2.99,6
2026-02-19 02:11:00,2.9855,2.9875,2.9835,2.984,2.9905,2.9925,2.9885,2.989,9
2026-02-19 02:12:00,2.9835,2.9855,2.9835,2.985,2.9885,2.9905,2.9885,2.99,5
2026-02-19 02:13:00,2.984,2.984,2.981,2.9815,2.989,2.989,2.986,2.9865,5
2026-02-19 02:14:00,2.98,2.981,2.98,2.981,2.985,2.986,2.985,2.986,3
2026-02-19 02:15:00,2.9805,2.981,2.9805,2.9805,2.9855,2.986,2.9855,2.9855,3
2026-02-19 02:17:00,2.981,2.9855,2.9805,2.984,2.986,2.9905,2.9855,2.989,8
2026-02-19 02:18:00,2.9845,2.9855,2.9845,2.985,2.9895,2.9905,2.9895,2.99,6
2026-02-19 02:19:00,2.9855,2.9855,2.9855,2.9855,2.9905,2.9905,2.9905,2.9905,1
2026-02-19 02:20:00,2.986,2.988,2.985,2.9875,2.991,2.993,2.99,2.9925,15
2026-02-19 02:21:00,2.987,2.987,2.9855,2.9865,2.992,2.992,2.9905,2.9915,3
2026-02-19 02:23:00,2.987,2.987,2.986,2.987,2.992,2.992,2.991,2.992,3
2026-02-19 02:24:00,2.986,2.986,2.986,2.986,2.991,2.991,2.991,2.991,1
2026-02-19 02:25:00,2.9855,2.9865,2.9855,2.9865,2.9905,2.9915,2.9905,2.9915,3
2026-02-19 02:26:00,2.986,2.9875,2.986,2.9875,2.991,2.9925,2.991,2.9925,3
2026-02-19 02:27:00,2.987,2.9885,2.986,2.9865,2.992,2.9935,2.991,2.9915,9
2026-02-19 02:29:00,2.987,2.987,2.987,2.987,2.992,2.992,2.992,2.992,1
2026-02-19 02:30:00,2.9865,2.987,2.986,2.987,2.9915,2.992,2.991,2.992,3
2026-02-19 02:33:00,2.9865,2.987,2.9865,2.9865,2.9915,2.992,2.9915,2.9915,3
2026-02-19 02:35:00,2.987,2.987,2.987,2.987,2.992,2.992,2.992,2.992,1
2026-02-19 02:36:00,2.9875,2.9875,2.9825,2.984,2.9925,2.9925,2.9875,2.989,9
2026-02-19 02:38:00,2.983,2.983,2.983,2.983,2.988,2.988,2.988,2.988,1
2026-02-19 02:39:00,2.9835,2.985,2.983,2.984,2.9885,2.99,2.988,2.989,7
2026-02-19 02:40:00,2.985,2.9855,2.985,2.985,2.99,2.9905,2.99,2.99,3
2026-02-19 02:41:00,2.9855,2.9855,2.985,2.985,2.9905,2.9905,2.99,2.99,2
2026-02-19 02:42:00,2.984,2.984,2.984,2.984,2.989,2.989,2.989,2.989,1
2026-02-19 02:43:00,2.983,2.9855,2.983,2.9855,2.988,2.9905,2.988,2.9905,7
2026-02-19 02:44:00,2.985,2.9855,2.985,2.985,2.99,2.9905,2.99,2.99,3
2026-02-19 02:45:00,2.9845,2.985,2.9825,2.983,2.9895,2.99,2.9875,2.988,5
2026-02-19 02:46:00,2.9825,2.9825,2.9825,2.9825,2.9875,2.9875,2.9875,2.9875,1
2026-02-19 02:47:00,2.983,2.983,2.982,2.982,2.988,2.988,2.987,2.987,2
2026-02-19 02:48:00,2.9825,2.9825,2.982,2.9825,2.9875,2.9875,2.987,2.9875,3
2026-02-19 02:49:00,2.9835,2.9835,2.9785,2.9785,2.9885,2.9885,2.9835,2.9835,7
2026-02-19 02:50:00,2.9795,2.9795,2.9795,2.9795,2.9845,2.9845,2.9845,2.9845,1
2026-02-19 02:53:00,2.98,2.98,2.98,2.98,2.985,2.985,2.985,2.985,1
2026-02-19 02:54:00,2.9815,2.9815,2.9815,2.9815,2.9865,2.9865,2.9865,2.9865,1
2026-02-19 02:55:00,2.9825,2.9825,2.9825,2.9825,2.9875,2.9875,2.9875,2.9875,1
2026-02-19 02:56:00,2.983,2.983,2.9815,2.9815,2.988,2.988,2.9865,2.9865,3
2026-02-19 02:57:00,2.981,2.981,2.981,2.981,2.986,2.986,2.986,2.986,1
2026-02-19 02:58:00,2.9795,2.9795,2.9765,2.9785,2.9845,2.9845,2.9815,2.9835,14
2026-02-19 02:59:00,2.978,2.9785,2.977,2.9785,2.983,2.9835,2.982,2.9835,6
2026-02-19 03:00:00,2.978,2.978,2.9755,2.976,2.983,2.983,2.9805,2.981,10
2026-02-19 03:01:00,2.9755,2.976,2.973,2.9745,2.9805,2.981,2.978,2.9795,8
2026-02-19 03:02:00,2.975,2.975,2.973,2.9735,2.98,2.98,2.978,2.9785,8
2026-02-19 03:03:00,2.9745,2.975,2.973,2.9745,2.9795,2.98,2.978,2.9795,6
2026-02-19 03:04:00,2.9755,2.976,2.9755,2.976,2.9805,2.981,2.9805,2.981,2
2026-02-19 03:05:00,2.9765,2.9765,2.9765,2.9765,2.9815,2.9815,2.9815,2.9815,1
2026-02-19 03:06:00,2.977,2.977,2.9765,2.9765,2.982,2.982,2.9815,2.9815,2
2026-02-19 03:07:00,2.977,2.978,2.976,2.9765,2.982,2.983,2.981,2.9815,7
2026-02-19 03:08:00,2.977,2.977,2.977,2.977,2.982,2.982,2.982,2.982,1
2026-02-19 03:09:00,2.9775,2.9775,2.9775,2.9775,2.9825,2.9825,2.9825,2.9825,1
2026-02-19 03:10:00,2.976,2.9775,2.976,2.9775,2.981,2.9825,2.981,2.9825,2
2026-02-19 03:11:00,2.977,2.978,2.976,2.976,2.982,2.983,2.981,2.981,4
2026-02-19 03:12:00,2.9745,2.9755,2.9745,2.9755,2.9795,2.9805,2.9795,2.9805,3
2026-02-19 03:13:00,2.975,2.975,2.974,2.974,2.98,2.98,2.979,2.979,2
2026-02-19 03:14:00,2.9745,2.9745,2.973,2.9745,2.9795,2.9795,2.978,2.9795,5
2026-02-19 03:15:00,2.9755,2.976,2.9755,2.9755,2.9805,2.981,2.9805,2.9805,3
2026-02-19 03:16:00,2.9745,2.9745,2.974,2.9745,2.9795,2.9795,2.979,2.9795,3
2026-02-19 03:17:00,2.9735,2.9755,2.9735,2.975,2.9785,2.9805,2.9785,2.98,6
2026-02-19 03:18:00,2.9755,2.9755,2.9755,2.9755,2.9805,2.9805,2.9805,2.9805,1
2026-02-19 03:19:00,2.975,2.976,2.975,2.9755,2.98,2.981,2.98,2.9805,3
2026-02-19 03:21:00,2.975,2.9755,2.975,2.9755,2.98,2.9805,2.98,2.9805,2
2026-02-19 03:22:00,2.9765,2.9775,2.9755,2.976,2.9815,2.9825,2.9805,2.981,6
2026-02-19 03:23:00,2.9765,2.977,2.9765,2.977,2.9815,2.982,2.9815,2.982,2
2026-02-19 03:24:00,2.9765,2.978,2.9765,2.978,2.9815,2.983,2.9815,2.983,4
2026-02-19 03:26:00,2.9775,2.9785,2.977,2.9785,2.9825,2.9835,2.982,2.9835,4
2026-02-19 03:27:00,2.978,2.9785,2.977,2.977,2.983,2.9835,2.982,2.982,3
2026-02-19 03:29:00,2.9765,2.9775,2.9765,2.9775,2.9815,2.9825,2.9815,2.9825,3
2026-02-19 03:30:00,2.978,2.978,2.9775,2.978,2.983,2.983,2.9825,2.983,3
2026-02-19 03:31:00,2.9785,2.9785,2.9785,2.9785,2.9835,2.9835,2.9835,2.9835,1
2026-02-19 03:32:00,2.978,2.9785,2.978,2.9785,2.983,2.9835,2.983,2.9835,2
2026-02-19 03:34:00,2.9775,2.9785,2.977,2.9785,2.9825,2.9835,2.982,2.9835,4
2026-02-19 03:35:00,2.978,2.9785,2.978,2.978,2.983,2.9835,2.983,2.983,3
2026-02-19 03:36:00,2.9775,2.9775,2.9775,2.9775,2.9825,2.9825,2.9825,2.9825,1
2026-02-19 03:37:00,2.978,2.98,2.978,2.98,2.983,2.985,2.983,2.985,3
2026-02-19 03:39:00,2.9795,2.9795,2.9795,2.9795,2.9845,2.9845,2.9845,2.9845,1
2026-02-19 03:41:00,2.98,2.98,2.98,2.98,2.985,2.985,2.985,2.985,1
2026-02-19 03:42:00,2.979,2.979,2.9785,2.9785,2.984,2.984,2.9835,2.9835,2
2026-02-19 03:43:00,2.977,2.977,2.977,2.977,2.982,2.982,2.982,2.982,1
2026-02-19 03:45:00,2.9775,2.9775,2.977,2.977,2.9825,2.9825,2.982,2.982,2
2026-02-19 03:46:00,2.9765,2.9775,2.9765,2.9775,2.9815,2.9825,2.9815,2.9825,2
2026-02-19 03:47:00,2.976,2.9765,2.976,2.9765,2.981,2.9815,2.981,2.9815,2
2026-02-19 03:48:00,2.977,2.977,2.9765,2.9765,2.982,2.982,2.9815,2.9815,2
2026-02-19 03:50:00,2.976,2.976,2.9755,2.9755,2.981,2.981,2.9805,2.9805,2
2026-02-19 03:53:00,2.975,2.975,2.9725,2.9735,2.98,2.98,2.9775,2.9785,10
2026-02-19 03:54:00,2.972,2.9735,2.9705,2.972,2.977,2.9785,2.9755,2.977,7
2026-02-19 03:55:00,2.9725,2.9735,2.9725,2.9735,2.9775,2.9785,2.9775,2.9785,2
2026-02-19 03:57:00,2.974,2.974,2.973,2.973,2.979,2.979,2.978,2.978,2
2026-02-19 03:58:00,2.9725,2.9735,2.9725,2.9735,2.9775,2.9785,2.9775,2.9785,3
2026-02-19 03:59:00,2.973,2.974,2.973,2.974,2.978,2.979,2.978,2.979,2
2026-02-19 04:00:00,2.9745,2.9745,2.972,2.972,2.9795,2.9795,2.977,2.977,8
2026-02-19 04:01:00,2.9715,2.9715,2.966,2.9675,2.9765,2.9765,2.971,2.9725,22
2026-02-19 04:02:00,2.968,2.968,2.965,2.9655,2.973,2.973,2.97,2.9705,16
2026-02-19 04:03:00,2.9665,2.967,2.9655,2.9665,2.9715,2.972,2.9705,2.9715,11
2026-02-19 04:04:00,2.968,2.968,2.968,2.968,2.973,2.973,2.973,2.973,1
2026-02-19 04:05:00,2.9685,2.97,2.9685,2.9695,2.9735,2.975,2.9735,2.9745,5
2026-02-19 04:06:00,2.971,2.971,2.9705,2.971,2.976,2.976,2.9755,2.976,3
2026-02-19 04:07:00,2.97,2.972,2.97,2.972,2.975,2.977,2.975,2.977,3
2026-02-19 04:08:00,2.9715,2.972,2.9715,2.972,2.9765,2.977,2.9765,2.977,2
2026-02-19 04:09:00,2.9715,2.9715,2.9715,2.9715,2.9765,2.9765,2.9765,2.9765,1
2026-02-19 04:10:00,2.971,2.971,2.969,2.97,2.976,2.976,2.974,2.975,6
2026-02-19 04:11:00,2.9705,2.9705,2.969,2.969,2.9755,2.9755,2.974,2.974,5
2026-02-19 04:12:00,2.9705,2.9705,2.97,2.97,2.9755,2.9755,2.975,2.975,2
2026-02-19 04:13:00,2.971,2.9715,2.97,2.9715,2.976,2.9765,2.975,2.9765,4
2026-02-19 04:14:00,2.972,2.972,2.9715,2.9715,2.977,2.977,2.9765,2.9765,2
2026-02-19 04:15:00,2.971,2.971,2.9705,2.9705,2.976,2.976,2.9755,2.9755,2
2026-02-19 04:17:00,2.971,2.971,2.97,2.971,2.976,2.976,2.975,2.976,3
2026-02-19 04:19:00,2.9715,2.9715,2.97,2.9715,2.9765,2.9765,2.975,2.9765,4
2026-02-19 04:20:00,2.971,2.971,2.9705,2.9705,2.976,2.976,2.9755,2.9755,2
2026-02-19 04:21:00,2.9685,2.969,2.967,2.969,2.9735,2.974,2.972,2.974,7
2026-02-19 04:22:00,2.9685,2.9685,2.9685,2.9685,2.9735,2.9735,2.9735,2.9735,1
2026-02-19 04:24:00,2.9675,2.9675,2.966,2.966,2.9725,2.9725,2.971,2.971,3
2026-02-19 04:26:00,2.9655,2.9655,2.9655,2.9655,2.9705,2.9705,2.9705,2.9705,1
2026-02-19 04:27:00,2.965,2.965,2.9625,2.9645,2.97,2.97,2.9675,2.9695,6
2026-02-19 04:28:00,2.964,2.964,2.964,2.964,2.969,2.969,2.969,2.969,1
2026-02-19 04:29:00,2.9645,2.966,2.962,2.9655,2.9695,2.971,2.967,2.9705,10
2026-02-19 04:30:00,2.965,2.965,2.947,2.948,2.97,2.97,2.952,2.953,110
2026-02-19 04:31:00,2.9485,2.9525,2.946,2.9465,2.9535,2.9575,2.951,2.9515,65
2026-02-19 04:32:00,2.947,2.9475,2.939,2.939,2.952,2.9525,2.944,2.944,45
2026-02-19 04:33:00,2.9395,2.9455,2.9395,2.942,2.9445,2.9505,2.9445,2.947,26
2026-02-19 04:34:00,2.9415,2.9455,2.941,2.942,2.9465,2.9505,2.946,2.947,18
2026-02-19 04:35:00,2.9425,2.946,2.9425,2.944,2.9475,2.951,2.9475,2.949,18
2026-02-19 04:36:00,2.9435,2.945,2.943,2.9435,2.9485,2.95,2.948,2.9485,10
2026-02-19 04:37:00,2.944,2.9465,2.943,2.9455,2.949,2.9515,2.948,2.9505,12
2026-02-19 04:38:00,2.9445,2.946,2.9425,2.9445,2.9495,2.951,2.9475,2.9495,15
2026-02-19 04:39:00,2.945,2.9455,2.9435,2.9455,2.95,2.9505,2.9485,2.9505,9
2026-02-19 04:40:00,2.9465,2.9465,2.9445,2.945,2.9515,2.9515,2.9495,2.95,9
2026-02-19 04:41:00,2.9445,2.9465,2.9425,2.946,2.9495,2.9515,2.9475,2.951,11
2026-02-19 04:42:00,2.947,2.947,2.9435,2.9435,2.952,2.952,2.9485,2.9485,10
2026-02-19 04:43:00,2.944,2.9465,2.944,2.9465,2.949,2.9515,2.949,2.9515,4
2026-02-19 04:44:00,2.946,2.9465,2.944,2.945,2.951,2.9515,2.949,2.95,6
2026-02-19 04:45:00,2.9455,2.948,2.9455,2.946,2.9505,2.953,2.9505,2.951,17
2026-02-19 04:46:00,2.945,2.9455,2.944,2.9445,2.95,2.9505,2.949,2.9495,12
2026-02-19 04:47:00,2.944,2.9445,2.9435,2.944,2.949,2.9495,2.9485,2.949,4
2026-02-19 04:48:00,2.9445,2.9465,2.9445,2.9465,2.9495,2.9515,2.9495,2.9515,11
2026-02-19 04:49:00,2.9455,2.947,2.945,2.9455,2.9505,2.952,2.95,2.9505,6
2026-02-19 04:50:00,2.946,2.948,2.946,2.9475,2.951,2.953,2.951,2.9525,10
2026-02-19 04:51:00,2.9485,2.949,2.9465,2.947,2.9535,2.954,2.9515,2.952,20
2026-02-19 04:52:00,2.9465,2.9465,2.9465,2.9465,2.9515,2.9515,2.9515,2.9515,1
2026-02-19 04:53:00,2.946,2.9475,2.946,2.9465,2.951,2.9525,2.951,2.9515,5
2026-02-19 04:54:00,2.946,2.946,2.946,2.946,2.951,2.951,2.951,2.951,1
2026-02-19 04:55:00,2.947,2.9475,2.9465,2.947,2.952,2.9525,2.9515,2.952,5
2026-02-19 04:56:00,2.9465,2.9485,2.946,2.9485,2.9515,2.9535,2.951,2.9535,7
2026-02-19 04:57:00,2.948,2.948,2.947,2.9475,2.953,2.953,2.952,2.9525,3
2026-02-19 04:58:00,2.947,2.947,2.945,2.945,2.952,2.952,2.95,2.95,5
2026-02-19 04:59:00,2.9445,2.945,2.944,2.9445,2.9495,2.95,2.949,2.9495,7
2026-02-19 05:00:00,2.945,2.9455,2.942,2.9425,2.95,2.9505,2.947,2.9475,13
2026-02-19 05:01:00,2.942,2.9425,2.9395,2.9405,2.947,2.9475,2.9445,2.9455,13
2026-02-19 05:02:00,2.94,2.943,2.94,2.942,2.945,2.948,2.945,2.947,7
2026-02-19 05:03:00,2.941,2.9415,2.941,2.9415,2.946,2.9465,2.946,2.9465,4
2026-02-19 05:04:00,2.942,2.944,2.942,2.942,2.947,2.949,2.947,2.947,11
2026-02-19 05:05:00,2.9425,2.9435,2.9425,2.9435,2.9475,2.9485,2.9475,2.9485,3
2026-02-19 05:06:00,2.943,2.943,2.941,2.941,2.948,2.948,2.946,2.946,6
2026-02-19 05:07:00,2.9415,2.943,2.9415,2.942,2.9465,2.948,2.9465,2.947,7
2026-02-19 05:08:00,2.9415,2.9415,2.94,2.9405,2.9465,2.9465,2.945,2.9455,6
2026-02-19 05:09:00,2.94,2.9445,2.9395,2.9435,2.945,2.9495,2.9445,2.9485,19
2026-02-19 05:10:00,2.943,2.943,2.9425,2.943,2.948,2.948,2.9475,2.948,3
2026-02-19 05:12:00,2.9435,2.9435,2.942,2.9425,2.9485,2.9485,2.947,2.9475,25
2026-02-19 05:13:00,2.943,2.943,2.938,2.94,2.948,2.948,2.943,2.945,25
2026-02-19 05:14:00,2.9405,2.9405,2.938,2.9395,2.9455,2.9455,2.943,2.9445,5
2026-02-19 05:15:00,2.9385,2.939,2.9385,2.9385,2.9435,2.944,2.9435,2.9435,3
2026-02-19 05:17:00,2.938,2.94,2.938,2.9395,2.943,2.945,2.943,2.9445,9
2026-02-19 05:18:00,2.94,2.941,2.9395,2.9395,2.945,2.946,2.9445,2.9445,17
2026-02-19 05:19:00,2.939,2.9395,2.939,2.939,2.944,2.9445,2.944,2.944,5
2026-02-19 05:20:00,2.9395,2.942,2.9395,2.941,2.9445,2.947,2.9445,2.946,11
2026-02-19 05:21:00,2.9405,2.9405,2.94,2.94,2.9455,2.9455,2.945,2.945,4
2026-02-19 05:22:00,2.9405,2.9425,2.9405,2.9415,2.9455,2.9475,2.9455,2.9465,6
2026-02-19 05:23:00,2.941,2.941,2.9405,2.941,2.946,2.946,2.9455,2.946,5
2026-02-19 05:24:00,2.94,2.9425,2.94,2.9415,2.945,2.9475,2.945,2.9465,10
2026-02-19 05:25:00,2.942,2.944,2.942,2.9435,2.947,2.949,2.947,2.9485,6
2026-02-19 05:26:00,2.943,2.943,2.9415,2.9425,2.948,2.948,2.9465,2.9475,5
2026-02-19 05:27:00,2.942,2.942,2.9415,2.9415,2.947,2.947,2.9465,2.9465,2
2026-02-19 05:28:00,2.9425,2.944,2.9425,2.9435,2.9475,2.949,2.9475,2.9485,4
2026-02-19 05:29:00,2.943,2.9445,2.942,2.943,2.948,2.9495,2.947,2.948,8
2026-02-19 05:30:00,2.9435,2.945,2.9435,2.945,2.9485,2.95,2.9485,2.95,4
2026-02-19 05:31:00,2.9445,2.9445,2.944,2.944,2.9495,2.9495,2.949,2.949,2
2026-02-19 05:32:00,2.945,2.945,2.944,2.945,2.95,2.95,2.949,2.95,4
2026-02-19 05:33:00,2.9445,2.9455,2.9445,2.9445,2.9495,2.9505,2.9495,2.9495,4
2026-02-19 05:35:00,2.946,2.9485,2.946,2.9485,2.951,2.9535,2.951,2.9535,7
2026-02-19 05:36:00,2.948,2.948,2.9465,2.9465,2.953,2.953,2.9515,2.9515,3
2026-02-19 05:37:00,2.9455,2.9455,2.9415,2.9425,2.9505,2.9505,2.9465,2.9475,5
2026-02-19 05:39:00,2.9445,2.9445,2.9435,2.9435,2.9495,2.9495,2.9485,2.9485,2
2026-02-19 05:40:00,2.943,2.9435,2.9425,2.9435,2.948,2.9485,2.9475,2.9485,3
2026-02-19 05:41:00,2.944,2.9445,2.9435,2.9445,2.949,2.9495,2.9485,2.9495,4
2026-02-19 05:43:00,2.945,2.945,2.945,2.945,2.95,2.95,2.95,2.95,1
2026-02-19 05:44:00,2.9455,2.949,2.945,2.948,2.9505,2.954,2.95,2.953,12
2026-02-19 05:45:00,2.9475,2.9475,2.9475,2.9475,2.9525,2.9525,2.9525,2.9525,1
2026-02-19 05:47:00,2.947,2.947,2.947,2.947,2.952,2.952,2.952,2.952,1
2026-02-19 05:48:00,2.9465,2.9465,2.9455,2.9455,2.9515,2.9515,2.9505,2.9505,2
2026-02-19 05:49:00,2.946,2.947,2.946,2.947,2.951,2.952,2.951,2.952,2
2026-02-19 05:50:00,2.9465,2.9465,2.942,2.9435,2.9515,2.9515,2.947,2.9485,19
2026-02-19 05:51:00,2.9425,2.9445,2.9425,2.9445,2.9475,2.9495,2.9475,2.9495,5
2026-02-19 05:52:00,2.944,2.944,2.944,2.944,2.949,2.949,2.949,2.949,1
2026-02-19 05:53:00,2.9445,2.945,2.944,2.945,2.9495,2.95,2.949,2.95,4
2026-02-19 05:54:00,2.946,2.9465,2.946,2.9465,2.951,2.9515,2.951,2.9515,2
2026-02-19 05:55:00,2.947,2.947,2.945,2.945,2.952,2.952,2.95,2.95,2
2026-02-19 05:56:00,2.9445,2.945,2.9445,2.945,2.9495,2.95,2.9495,2.95,2
2026-02-19 05:57:00,2.9455,2.948,2.9455,2.948,2.9505,2.953,2.9505,2.953,4
2026-02-19 05:58:00,2.9465,2.9475,2.946,2.9475,2.9515,2.9525,2.951,2.9525,7
2026-02-19 05:59:00,2.947,2.9475,2.947,2.9475,2.952,2.9525,2.952,2.9525,2
2026-02-19 06:00:00,2.948,2.948,2.9465,2.9475,2.953,2.953,2.9515,2.9525,10
2026-02-19 06:01:00,2.9485,2.9485,2.9475,2.9475,2.9535,2.9535,2.9525,2.9525,3
2026-02-19 06:02:00,2.947,2.9475,2.947,2.9475,2.952,2.9525,2.952,2.9525,2
2026-02-19 06:03:00,2.948,2.9495,2.948,2.9495,2.953,2.9545,2.953,2.9545,4
2026-02-19 06:04:00,2.949,2.949,2.949,2.949,2.954,2.954,2.954,2.954,1
2026-02-19 06:05:00,2.9495,2.9495,2.948,2.949,2.9545,2.9545,2.953,2.954,5
2026-02-19 06:06:00,2.9495,2.9495,2.948,2.948,2.9545,2.9545,2.953,2.953,5
2026-02-19 06:07:00,2.9485,2.9485,2.9485,2.9485,2.9535,2.9535,2.9535,2.9535,1
2026-02-19 06:08:00,2.947,2.947,2.9465,2.9465,2.952,2.952,2.9515,2.9515,2
2026-02-19 06:09:00,2.947,2.947,2.946,2.946,2.952,2.952,2.951,2.951,3
2026-02-19 06:10:00,2.9455,2.9465,2.9455,2.946,2.9505,2.9515,2.9505,2.951,3
2026-02-19 06:11:00,2.9455,2.9465,2.9455,2.9465,2.9505,2.9515,2.9505,2.9515,3
2026-02-19 06:13:00,2.946,2.946,2.9455,2.9455,2.951,2.951,2.9505,2.9505,2
2026-02-19 06:14:00,2.946,2.9465,2.946,2.9465,2.951,2.9515,2.951,2.9515,2
2026-02-19 06:15:00,2.946,2.947,2.946,2.9465,2.951,2.952,2.951,2.9515,8
2026-02-19 06:16:00,2.947,2.947,2.947,2.947,2.952,2.952,2.952,2.952,1
2026-02-19 06:17:00,2.9465,2.9465,2.9465,2.9465,2.9515,2.9515,2.9515,2.9515,1
2026-02-19 06:18:00,2.9455,2.9475,2.9455,2.9475,2.9505,2.9525,2.9505,2.9525,4
2026-02-19 06:19:00,2.947,2.947,2.9465,2.9465,2.952,2.952,2.9515,2.9515,2
2026-02-19 06:20:00,2.946,2.946,2.9455,2.9455,2.951,2.951,2.9505,2.9505,2
2026-02-19 06:21:00,2.946,2.946,2.945,2.946,2.951,2.951,2.95,2.951,4
2026-02-19 06:22:00,2.9465,2.9465,2.944,2.945,2.9515,2.9515,2.949,2.95,4
2026-02-19 06:23:00,2.9455,2.9455,2.9455,2.9455,2.9505,2.9505,2.9505,2.9505,1
2026-02-19 06:26:00,2.944,2.944,2.9435,2.9435,2.949,2.949,2.9485,2.9485,2
2026-02-19 06:27:00,2.944,2.944,2.944,2.944,2.949,2.949,2.949,2.949,1
2026-02-19 06:28:00,2.9445,2.9465,2.9445,2.9465,2.9495,2.9515,2.9495,2.9515,3
2026-02-19 06:30:00,2.9455,2.9455,2.943,2.9445,2.9505,2.9505,2.948,2.9495,8
2026-02-19 06:31:00,2.9455,2.9455,2.945,2.9455,2.9505,2.9505,2.95,2.9505,3
2026-02-19 06:32:00,2.945,2.945,2.945,2.945,2.95,2.95,2.95,2.95,1
2026-02-19 06:35:00,2.9445,2.9445,2.944,2.944,2.9495,2.9495,2.949,2.949,2
2026-02-19 06:36:00,2.9445,2.9455,2.9445,2.9455,2.9495,2.9505,2.9495,2.9505,2
2026-02-19 06:37:00,2.945,2.945,2.944,2.944,2.95,2.95,2.949,2.949,5
2026-02-19 06:39:00,2.9445,2.947,2.9445,2.9465,2.9495,2.952,2.9495,2.9515,5
2026-02-19 06:40:00,2.9475,2.949,2.9475,2.949,2.9525,2.954,2.9525,2.954,2
2026-02-19 06:41:00,2.948,2.9485,2.9475,2.9475,2.953,2.9535,2.9525,2.9525,3
2026-02-19 06:42:00,2.9485,2.9485,2.9465,2.947,2.9535,2.9535,2.9515,2.952,4
2026-02-19 06:43:00,2.946,2.946,2.9455,2.9455,2.951,2.951,2.9505,2.9505,2
2026-02-19 06:45:00,2.946,2.946,2.946,2.946,2.951,2.951,2.951,2.951,1
2026-02-19 06:46:00,2.9455,2.9465,2.9395,2.942,2.9505,2.9515,2.9445,2.947,18
2026-02-19 06:47:00,2.9425,2.943,2.9385,2.9385,2.9475,2.948,2.9435,2.9435,15
2026-02-19 06:48:00,2.939,2.942,2.939,2.9395,2.944,2.947,2.944,2.9445,9
2026-02-19 06:49:00,2.94,2.94,2.94,2.94,2.945,2.945,2.945,2.945,1
2026-02-19 06:50:00,2.9405,2.9405,2.9375,2.938,2.9455,2.9455,2.9425,2.943,8
2026-02-19 06:51:00,2.9385,2.94,2.9375,2.9385,2.9435,2.945,2.9425,2.9435,7
2026-02-19 06:52:00,2.939,2.94,2.9385,2.94,2.944,2.945,2.9435,2.945,4
2026-02-19 06:53:00,2.9405,2.9405,2.9405,2.9405,2.9455,2.9455,2.9455,2.9455,1
2026-02-19 06:55:00,2.939,2.94,2.9385,2.9395,2.944,2.945,2.9435,2.9445,5
2026-02-19 06:56:00,2.9385,2.9385,2.9385,2.9385,2.9435,2.9435,2.9435,2.9435,1
2026-02-19 06:57:00,2.938,2.9385,2.938,2.9385,2.943,2.9435,2.943,2.9435,2
2026-02-19 06:59:00,2.938,2.9425,2.938,2.94,2.943,2.9475,2.943,2.945,19
2026-02-19 07:00:00,2.941,2.9425,2.9335,2.9355,2.946,2.9475,2.9385,2.9405,17
2026-02-19 07:01:00,2.936,2.937,2.931,2.933,2.941,2.942,2.936,2.938,22
2026-02-19 07:02:00,2.9345,2.9365,2.931,2.9315,2.9395,2.9415,2.936,2.9365,26
2026-02-19 07:03:00,2.931,2.932,2.9275,2.93,2.936,2.937,2.9325,2.935,14
2026-02-19 07:04:00,2.929,2.931,2.929,2.9305,2.934,2.936,2.934,2.9355,9
2026-02-19 07:05:00,2.9295,2.9295,2.9285,2.9285,2.9345,2.9345,2.9335,2.9335,2
2026-02-19 07:06:00,2.929,2.929,2.925,2.928,2.934,2.934,2.93,2.933,13
2026-02-19 07:07:00,2.9285,2.932,2.9285,2.932,2.9335,2.937,2.9335,2.937,5
2026-02-19 07:08:00,2.9325,2.9375,2.9325,2.937,2.9375,2.9425,2.9375,2.942,17
2026-02-19 07:09:00,2.9365,2.941,2.936,2.94,2.9415,2.946,2.941,2.945,20
2026-02-19 07:10:00,2.9395,2.9455,2.9395,2.9435,2.9445,2.9505,2.9445,2.9485,28
2026-02-19 07:11:00,2.943,2.9445,2.9405,2.944,2.948,2.9495,2.9455,2.949,17
2026-02-19 07:12:00,2.9435,2.944,2.9385,2.9385,2.9485,2.949,2.9435,2.9435,20
2026-02-19 07:13:00,2.939,2.94,2.938,2.94,2.944,2.945,2.943,2.945,6
2026-02-19 07:14:00,2.9395,2.9405,2.9395,2.9395,2.9445,2.9455,2.9445,2.9445,3
2026-02-19 07:15:00,2.939,2.941,2.9385,2.939,2.944,2.946,2.9435,2.944,12
2026-02-19 07:16:00,2.9385,2.9385,2.9375,2.938,2.9435,2.9435,2.9425,2.943,4
2026-02-19 07:17:00,2.9385,2.94,2.936,2.9365,2.9435,2.945,2.941,2.9415,32
2026-02-19 07:18:00,2.936,2.9375,2.936,2.9365,2.941,2.9425,2.941,2.9415,3
2026-02-19 07:19:00,2.937,2.9395,2.937,2.939,2.942,2.9445,2.942,2.944,6
2026-02-19 07:20:00,2.9385,2.94,2.9385,2.94,2.9435,2.945,2.9435,2.945,6
2026-02-19 07:21:00,2.9405,2.947,2.9395,2.9435,2.9455,2.952,2.9445,2.9485,35
2026-02-19 07:22:00,2.944,2.9475,2.943,2.9465,2.949,2.9525,2.948,2.9515,17
2026-02-19 07:23:00,2.946,2.948,2.9385,2.9395,2.951,2.953,2.9435,2.9445,13
2026-02-19 07:24:00,2.939,2.9395,2.9385,2.9385,2.944,2.9445,2.9435,2.9435,5
2026-02-19 07:25:00,2.939,2.943,2.939,2.9415,2.944,2.948,2.944,2.9465,10
2026-02-19 07:26:00,2.942,2.9475,2.942,2.9445,2.947,2.9525,2.947,2.9495,20
2026-02-19 07:27:00,2.944,2.945,2.9425,2.944,2.949,2.95,2.9475,2.949,17
2026-02-19 07:28:00,2.9435,2.945,2.943,2.945,2.9485,2.95,2.948,2.95,12
2026-02-19 07:29:00,2.9445,2.945,2.944,2.944,2.9495,2.95,2.949,2.949,4
2026-02-19 07:30:00,2.945,2.945,2.943,2.944,2.95,2.95,2.948,2.949,4
2026-02-19 07:31:00,2.9445,2.9475,2.9445,2.9475,2.9495,2.9525,2.9495,2.9525,8
2026-02-19 07:32:00,2.947,2.9475,2.945,2.9475,2.952,2.9525,2.95,2.9525,8
2026-02-19 07:33:00,2.9465,2.951,2.9465,2.9485,2.9515,2.956,2.9515,2.9535,22
2026-02-19 07:34:00,2.9495,2.9495,2.945,2.9465,2.9545,2.9545,2.95,2.9515,14
2026-02-19 07:35:00,2.9455,2.947,2.9455,2.946,2.9505,2.952,2.9505,2.951,3
2026-02-19 07:36:00,2.9475,2.9485,2.946,2.9465,2.9525,2.9535,2.951,2.9515,8
2026-02-19 07:37:00,2.9475,2.948,2.9475,2.948,2.9525,2.953,2.9525,2.953,2
2026-02-19 07:38:00,2.9485,2.95,2.9485,2.95,2.9535,2.955,2.9535,2.955,6
2026-02-19 07:39:00,2.9495,2.951,2.948,2.9495,2.9545,2.956,2.953,2.9545,13
2026-02-19 07:40:00,2.949,2.951,2.949,2.949,2.954,2.956,2.954,2.954,11
2026-02-19 07:41:00,2.9485,2.95,2.948,2.949,2.9535,2.955,2.953,2.954,13
2026-02-19 07:42:00,2.95,2.95,2.9465,2.9465,2.955,2.955,2.9515,2.9515,7
2026-02-19 07:43:00,2.947,2.947,2.947,2.947,2.952,2.952,2.952,2.952,1
2026-02-19 07:44:00,2.9475,2.9495,2.9475,2.9485,2.9525,2.9545,2.9525,2.9535,10
2026-02-19 07:45:00,2.948,2.949,2.948,2.9485,2.953,2.954,2.953,2.9535,4
2026-02-19 07:46:00,2.949,2.949,2.9465,2.947,2.954,2.954,2.9515,2.952,7
2026-02-19 07:47:00,2.948,2.948,2.945,2.945,2.953,2.953,2.95,2.95,11
2026-02-19 07:48:00,2.9445,2.9445,2.9445,2.9445,2.9495,2.9495,2.9495,2.9495,1
2026-02-19 07:49:00,2.945,2.945,2.9445,2.9445,2.95,2.95,2.9495,2.9495,2
2026-02-19 07:50:00,2.945,2.9475,2.945,2.9465,2.95,2.9525,2.95,2.9515,10
2026-02-19 07:51:00,2.946,2.9465,2.9455,2.9465,2.951,2.9515,2.9505,2.9515,4
2026-02-19 07:52:00,2.946,2.946,2.9445,2.9445,2.951,2.951,2.9495,2.9495,3
2026-02-19 07:53:00,2.945,2.9485,2.945,2.947,2.95,2.9535,2.95,2.952,10
2026-02-19 07:54:00,2.9475,2.951,2.9475,2.9505,2.9525,2.956,2.9525,2.9555,16
2026-02-19 07:55:00,2.951,2.951,2.9495,2.95,2.956,2.956,2.9545,2.955,6
2026-02-19 07:56:00,2.9485,2.951,2.9485,2.95,2.9535,2.956,2.9535,2.955,11
2026-02-19 07:57:00,2.949,2.9505,2.949,2.95,2.954,2.9555,2.954,2.955,5
2026-02-19 07:58:00,2.9505,2.951,2.95,2.9505,2.9555,2.956,2.955,2.9555,5
2026-02-19 07:59:00,2.95,2.95,2.9475,2.9475,2.955,2.955,2.9525,2.9525,6
2026-02-19 08:00:00,2.947,2.9485,2.947,2.9485,2.952,2.9535,2.952,2.9535,6
2026-02-19 08:01:00,2.95,2.952,2.949,2.9515,2.955,2.957,2.954,2.9565,8
2026-02-19 08:02:00,2.9505,2.954,2.9505,2.953,2.9555,2.959,2.9555,2.958,9
2026-02-19 08:03:00,2.9535,2.955,2.952,2.9525,2.9585,2.96,2.957,2.9575,14
2026-02-19 08:04:00,2.952,2.952,2.9495,2.95,2.957,2.957,2.9545,2.955,6
2026-02-19 08:05:00,2.949,2.949,2.946,2.9485,2.954,2.954,2.951,2.9535,10
2026-02-19 08:06:00,2.949,2.95,2.949,2.949,2.954,2.955,2.954,2.954,7
2026-02-19 08:07:00,2.9495,2.9505,2.949,2.9505,2.9545,2.9555,2.954,2.9555,4
2026-02-19 08:08:00,2.951,2.9515,2.951,2.9515,2.956,2.9565,2.956,2.9565,2
2026-02-19 08:09:00,2.952,2.953,2.952,2.953,2.957,2.958,2.957,2.958,3
2026-02-19 08:10:00,2.952,2.9535,2.9505,2.9505,2.957,2.9585,2.9555,2.9555,9
2026-02-19 08:11:00,2.951,2.953,2.951,2.9525,2.956,2.958,2.956,2.9575,7
2026-02-19 08:12:00,2.953,2.953,2.9515,2.952,2.958,2.958,2.9565,2.957,4
2026-02-19 08:13:00,2.9525,2.9535,2.952,2.9535,2.9575,2.9585,2.957,2.9585,5
2026-02-19 08:14:00,2.954,2.954,2.953,2.9535,2.959,2.959,2.958,2.9585,5
2026-02-19 08:15:00,2.954,2.954,2.953,2.953,2.959,2.959,2.958,2.958,5
2026-02-19 08:16:00,2.9535,2.9535,2.952,2.952,2.9585,2.9585,2.957,2.957,3
2026-02-19 08:18:00,2.951,2.951,2.9495,2.95,2.956,2.956,2.9545,2.955,7
2026-02-19 08:19:00,2.9495,2.952,2.949,2.952,2.9545,2.957,2.954,2.957,8
2026-02-19 08:20:00,2.9515,2.954,2.951,2.9535,2.9565,2.959,2.956,2.9585,10
2026-02-19 08:21:00,2.954,2.955,2.954,2.9545,2.959,2.96,2.959,2.9595,3
2026-02-19 08:22:00,2.9535,2.954,2.9535,2.9535,2.9585,2.959,2.9585,2.9585,3
2026-02-19 08:23:00,2.953,2.953,2.9525,2.9525,2.958,2.958,2.9575,2.9575,2
2026-02-19 08:24:00,2.952,2.955,2.952,2.9545,2.957,2.96,2.957,2.9595,9
2026-02-19 08:25:00,2.955,2.955,2.955,2.955,2.96,2.96,2.96,2.96,1
2026-02-19 08:26:00,2.956,2.956,2.9545,2.9545,2.961,2.961,2.9595,2.9595,6
2026-02-19 08:27:00,2.955,2.955,2.9535,2.9535,2.96,2.96,2.9585,2.9585,3
2026-02-19 08:28:00,2.953,2.953,2.9525,2.9525,2.958,2.958,2.9575,2.9575,2
2026-02-19 08:29:00,2.953,2.9545,2.953,2.9545,2.958,2.9595,2.958,2.9595,7
2026-02-19 08:30:00,2.9525,2.9525,2.952,2.9525,2.9575,2.9575,2.957,2.9575,5
2026-02-19 08:31:00,2.953,2.953,2.952,2.9525,2.958,2.958,2.957,2.9575,4
2026-02-19 08:33:00,2.9515,2.9515,2.949,2.949,2.9565,2.9565,2.954,2.954,7
2026-02-19 08:34:00,2.9485,2.949,2.948,2.9485,2.9535,2.954,2.953,2.9535,5
2026-02-19 08:35:00,2.949,2.952,2.949,2.952,2.954,2.957,2.954,2.957,5
2026-02-19 08:36:00,2.9525,2.9525,2.9515,2.9515,2.9575,2.9575,2.9565,2.9565,2
2026-02-19 08:38:00,2.951,2.9515,2.95,2.9515,2.956,2.9565,2.955,2.9565,6
2026-02-19 08:39:00,2.951,2.951,2.9475,2.9475,2.956,2.956,2.9525,2.9525,8
2026-02-19 08:42:00,2.948,2.948,2.947,2.9475,2.953,2.953,2.952,2.9525,3
2026-02-19 08:43:00,2.947,2.9475,2.9455,2.9475,2.952,2.9525,2.9505,2.9525,7
2026-02-19 08:44:00,2.948,2.9535,2.948,2.9515,2.953,2.9585,2.953,2.9565,13
2026-02-19 08:45:00,2.9525,2.9525,2.949,2.9495,2.9575,2.9575,2.954,2.9545,14
2026-02-19 08:47:00,2.95,2.95,2.95,2.95,2.955,2.955,2.955,2.955,1
2026-02-19 08:48:00,2.9495,2.95,2.9455,2.9455,2.9545,2.955,2.9505,2.9505,10
2026-02-19 08:50:00,2.945,2.9455,2.945,2.945,2.95,2.9505,2.95,2.95,3
2026-02-19 08:51:00,2.9455,2.946,2.9455,2.946,2.9505,2.951,2.9505,2.951,4
2026-02-19 08:53:00,2.947,2.9485,2.947,2.948,2.952,2.9535,2.952,2.953,4
2026-02-19 08:54:00,2.9485,2.951,2.948,2.9485,2.9535,2.956,2.953,2.9535,11
2026-02-19 08:55:00,2.948,2.948,2.948,2.948,2.953,2.953,2.953,2.953,1
2026-02-19 08:56:00,2.9475,2.9475,2.9465,2.947,2.9525,2.9525,2.9515,2.952,7
2026-02-19 08:57:00,2.9465,2.948,2.9465,2.948,2.9515,2.953,2.9515,2.953,3
2026-02-19 08:58:00,2.9485,2.949,2.9475,2.9475,2.9535,2.954,2.9525,2.9525,5
2026-02-19 08:59:00,2.9465,2.9475,2.9465,2.9475,2.9515,2.9525,2.9515,2.9525,7
2026-02-19 09:00:00,2.948,2.948,2.946,2.946,2.953,2.953,2.951,2.951,7
2026-02-19 09:01:00,2.947,2.948,2.9455,2.946,2.952,2.953,2.9505,2.951,9
2026-02-19 09:02:00,2.9455,2.9455,2.944,2.944,2.9505,2.9505,2.949,2.949,6
2026-02-19 09:03:00,2.9445,2.9445,2.9435,2.9435,2.9495,2.9495,2.9485,2.9485,5
2026-02-19 09:04:00,2.944,2.944,2.944,2.944,2.949,2.949,2.949,2.949,1
2026-02-19 09:05:00,2.9445,2.9445,2.941,2.942,2.9495,2.9495,2.946,2.947,6
2026-02-19 09:06:00,2.9415,2.945,2.9415,2.9445,2.9465,2.95,2.9465,2.9495,13
2026-02-19 09:07:00,2.945,2.946,2.9435,2.9435,2.95,2.951,2.9485,2.9485,8
2026-02-19 09:08:00,2.944,2.944,2.941,2.9415,2.949,2.949,2.946,2.9465,12
2026-02-19 09:09:00,2.941,2.941,2.939,2.94,2.946,2.946,2.944,2.945,11
2026-02-19 09:10:00,2.9395,2.9405,2.9395,2.9405,2.9445,2.9455,2.9445,2.9455,4
2026-02-19 09:11:00,2.94,2.941,2.94,2.941,2.945,2.946,2.945,2.946,2
2026-02-19 09:12:00,2.9415,2.9415,2.94,2.94,2.9465,2.9465,2.945,2.945,2
2026-02-19 09:13:00,2.9405,2.9405,2.9395,2.9405,2.9455,2.9455,2.9445,2.9455,7
2026-02-19 09:14:00,2.941,2.941,2.9405,2.941,2.946,2.946,2.9455,2.946,3
2026-02-19 09:15:00,2.9405,2.9415,2.9405,2.941,2.9455,2.9465,2.9455,2.946,4
2026-02-19 09:16:00,2.9405,2.943,2.9405,2.9425,2.9455,2.948,2.9455,2.9475,7
2026-02-19 09:17:00,2.942,2.9425,2.9415,2.9425,2.947,2.9475,2.9465,2.9475,4
2026-02-19 09:18:00,2.942,2.9445,2.942,2.9445,2.947,2.9495,2.947,2.9495,4
2026-02-19 09:19:00,2.9455,2.9455,2.944,2.944,2.9505,2.9505,2.949,2.949,4
2026-02-19 09:20:00,2.9435,2.9445,2.9435,2.9445,2.9485,2.9495,2.9485,2.9495,5
2026-02-19 09:21:00,2.9435,2.944,2.9425,2.9425,2.9485,2.949,2.9475,2.9475,5
2026-02-19 09:22:00,2.943,2.943,2.943,2.943,2.948,2.948,2.948,2.948,1
2026-02-19 09:23:00,2.9425,2.9425,2.9405,2.941,2.9475,2.9475,2.9455,2.946,9
2026-02-19 09:24:00,2.9415,2.9425,2.9415,2.9415,2.9465,2.9475,2.9465,2.9465,6
2026-02-19 09:25:00,2.941,2.942,2.941,2.9415,2.946,2.947,2.946,2.9465,3
2026-02-19 09:26:00,2.941,2.942,2.94,2.9405,2.946,2.947,2.945,2.9455,11
2026-02-19 09:27:00,2.941,2.943,2.941,2.942,2.946,2.948,2.946,2.947,6
2026-02-19 09:28:00,2.9425,2.944,2.9415,2.9415,2.9475,2.949,2.9465,2.9465,10
2026-02-19 09:29:00,2.942,2.9445,2.942,2.9445,2.947,2.9495,2.947,2.9495,8
2026-02-19 09:30:00,2.9435,2.9435,2.9425,2.943,2.9485,2.9485,2.9475,2.948,4
2026-02-19 09:31:00,2.9425,2.944,2.9425,2.9435,2.9475,2.949,2.9475,2.9485,5
2026-02-19 09:32:00,2.943,2.9445,2.943,2.9445,2.948,2.9495,2.948,2.9495,3
2026-02-19 09:33:00,2.9435,2.9445,2.9435,2.9445,2.9485,2.9495,2.9485,2.9495,3
2026-02-19 09:34:00,2.9435,2.9435,2.943,2.9435,2.9485,2.9485,2.948,2.9485,3
2026-02-19 09:35:00,2.943,2.943,2.9425,2.9425,2.948,2.948,2.9475,2.9475,2
2026-02-19 09:36:00,2.943,2.943,2.9425,2.9425,2.948,2.948,2.9475,2.9475,2
2026-02-19 09:38:00,2.942,2.9445,2.942,2.9435,2.947,2.9495,2.947,2.9485,6
2026-02-19 09:39:00,2.944,2.949,2.944,2.9475,2.949,2.954,2.949,2.9525,16
2026-02-19 09:40:00,2.9485,2.95,2.948,2.949,2.9535,2.955,2.953,2.954,12
2026-02-19 09:41:00,2.9495,2.9495,2.9455,2.948,2.9545,2.9545,2.9505,2.953,11
2026-02-19 09:42:00,2.9485,2.9515,2.9475,2.9515,2.9535,2.9565,2.9525,2.9565,9
2026-02-19 09:43:00,2.951,2.952,2.95,2.952,2.956,2.957,2.955,2.957,5
2026-02-19 09:44:00,2.9515,2.953,2.9485,2.949,2.9565,2.958,2.9535,2.954,14
2026-02-19 09:45:00,2.9495,2.9495,2.9485,2.9485,2.9545,2.9545,2.9535,2.9535,6
2026-02-19 09:46:00,2.949,2.949,2.945,2.945,2.954,2.954,2.95,2.95,8
2026-02-19 09:47:00,2.9445,2.947,2.9445,2.945,2.9495,2.952,2.9495,2.95,10
2026-02-19 09:48:00,2.946,2.9475,2.9445,2.9445,2.951,2.9525,2.9495,2.9495,8
2026-02-19 09:49:00,2.944,2.946,2.944,2.9445,2.949,2.951,2.949,2.9495,7
2026-02-19 09:50:00,2.9455,2.9455,2.9455,2.9455,2.9505,2.9505,2.9505,2.9505,1
2026-02-19 09:51:00,2.945,2.946,2.944,2.945,2.95,2.951,2.949,2.95,5
2026-02-19 09:52:00,2.9455,2.9455,2.9445,2.9455,2.9505,2.9505,2.9495,2.9505,6
2026-02-19 09:53:00,2.945,2.945,2.9445,2.9445,2.95,2.95,2.9495,2.9495,2
2026-02-19 09:54:00,2.9435,2.946,2.942,2.9455,2.9485,2.951,2.947,2.9505,9
2026-02-19 09:55:00,2.946,2.946,2.9455,2.9455,2.951,2.951,2.9505,2.9505,2
2026-02-19 09:57:00,2.946,2.95,2.946,2.9485,2.951,2.955,2.951,2.9535,22
2026-02-19 09:58:00,2.949,2.9495,2.9455,2.9455,2.954,2.9545,2.9505,2.9505,5
2026-02-19 09:59:00,2.946,2.9475,2.9445,2.9455,2.951,2.9525,2.9495,2.9505,8
2026-02-19 10:00:00,2.945,2.945,2.943,2.9445,2.95,2.95,2.948,2.9495,15
2026-02-19 10:01:00,2.944,2.9455,2.9435,2.9455,2.949,2.9505,2.9485,2.9505,10
2026-02-19 10:02:00,2.945,2.945,2.943,2.944,2.95,2.95,2.948,2.949,8
2026-02-19 10:03:00,2.9435,2.9465,2.943,2.946,2.9485,2.9515,2.948,2.951,12
2026-02-19 10:04:00,2.945,2.945,2.944,2.9445,2.95,2.95,2.949,2.9495,5
2026-02-19 10:05:00,2.9435,2.9435,2.9435,2.9435,2.9485,2.9485,2.9485,2.9485,1
2026-02-19 10:06:00,2.944,2.944,2.942,2.943,2.949,2.949,2.947,2.948,8
2026-02-19 10:07:00,2.9425,2.943,2.941,2.943,2.9475,2.948,2.946,2.948,11
2026-02-19 10:08:00,2.942,2.9425,2.938,2.9395,2.947,2.9475,2.943,2.9445,13
2026-02-19 10:09:00,2.939,2.94,2.9385,2.94,2.944,2.945,2.9435,2.945,7
2026-02-19 10:10:00,2.9395,2.9395,2.938,2.9395,2.9445,2.9445,2.943,2.9445,5
2026-02-19 10:11:00,2.94,2.94,2.94,2.94,2.945,2.945,2.945,2.945,1
2026-02-19 10:12:00,2.941,2.941,2.934,2.934,2.946,2.946,2.939,2.939,18
2026-02-19 10:13:00,2.9345,2.9345,2.9335,2.9345,2.9395,2.9395,2.9385,2.9395,18
2026-02-19 10:14:00,2.935,2.935,2.9295,2.933,2.94,2.94,2.9345,2.938,17
2026-02-19 10:15:00,2.9325,2.935,2.9325,2.9345,2.9375,2.94,2.9375,2.9395,8
2026-02-19 10:16:00,2.934,2.934,2.931,2.931,2.939,2.939,2.936,2.936,16
2026-02-19 10:17:00,2.9315,2.9325,2.931,2.9315,2.9365,2.9375,2.936,2.9365,5
2026-02-19 10:18:00,2.931,2.931,2.9285,2.93,2.936,2.936,2.9335,2.935,13
2026-02-19 10:19:00,2.9295,2.93,2.929,2.929,2.9345,2.935,2.934,2.934,9
2026-02-19 10:20:00,2.928,2.929,2.928,2.929,2.933,2.934,2.933,2.934,5
2026-02-19 10:21:00,2.93,2.93,2.928,2.929,2.935,2.935,2.933,2.934,7
2026-02-19 10:22:00,2.928,2.93,2.928,2.9295,2.933,2.935,2.933,2.9345,11
2026-02-19 10:23:00,2.93,2.932,2.93,2.932,2.935,2.937,2.935,2.937,4
2026-02-19 10:24:00,2.9315,2.932,2.9315,2.9315,2.9365,2.937,2.9365,2.9365,5
2026-02-19 10:25:00,2.932,2.9325,2.931,2.9325,2.937,2.9375,2.936,2.9375,6
2026-02-19 10:26:00,2.933,2.933,2.9325,2.9325,2.938,2.938,2.9375,2.9375,2
2026-02-19 10:27:00,2.932,2.9335,2.9315,2.9315,2.937,2.9385,2.9365,2.9365,6
2026-02-19 10:28:00,2.932,2.9325,2.9315,2.9315,2.937,2.9375,2.9365,2.9365,5
2026-02-19 10:29:00,2.933,2.933,2.932,2.932,2.938,2.938,2.937,2.937,3
2026-02-19 10:30:00,2.931,2.9335,2.931,2.933,2.936,2.9385,2.936,2.938,8
2026-02-19 10:31:00,2.9325,2.9355,2.9325,2.9355,2.9375,2.9405,2.9375,2.9405,11
2026-02-19 10:32:00,2.936,2.936,2.9355,2.9355,2.941,2.941,2.9405,2.9405,4
2026-02-19 10:33:00,2.9335,2.9345,2.9335,2.9345,2.9385,2.9395,2.9385,2.9395,2
2026-02-19 10:34:00,2.934,2.94,2.9335,2.936,2.939,2.945,2.9385,2.941,21
2026-02-19 10:35:00,2.9355,2.9355,2.9315,2.9315,2.9405,2.9405,2.9365,2.9365,5
2026-02-19 10:36:00,2.932,2.932,2.931,2.9315,2.937,2.937,2.936,2.9365,5
2026-02-19 10:37:00,2.9305,2.9305,2.9295,2.9295,2.9355,2.9355,2.9345,2.9345,3
2026-02-19 10:38:00,2.93,2.9315,2.929,2.9305,2.935,2.9365,2.934,2.9355,12
2026-02-19 10:39:00,2.931,2.9315,2.9305,2.9315,2.936,2.9365,2.9355,2.9365,3
2026-02-19 10:40:00,2.9305,2.9305,2.9305,2.9305,2.9355,2.9355,2.9355,2.9355,1
2026-02-19 10:41:00,2.93,2.932,2.9295,2.932,2.935,2.937,2.9345,2.937,5
2026-02-19 10:42:00,2.9315,2.9315,2.9315,2.9315,2.9365,2.9365,2.9365,2.9365,1
2026-02-19 10:43:00,2.932,2.932,2.9305,2.9305,2.937,2.937,2.9355,2.9355,3
2026-02-19 10:44:00,2.93,2.9305,2.929,2.9295,2.935,2.9355,2.934,2.9345,8
2026-02-19 10:45:00,2.929,2.9295,2.928,2.9285,2.934,2.9345,2.933,2.9335,6
2026-02-19 10:46:00,2.928,2.9285,2.9275,2.928,2.933,2.9335,2.9325,2.933,7
2026-02-19 10:48:00,2.9275,2.928,2.9275,2.928,2.9325,2.933,2.9325,2.933,4
2026-02-19 10:49:00,2.9275,2.9275,2.9255,2.926,2.9325,2.9325,2.9305,2.931,5
2026-02-19 10:50:00,2.927,2.927,2.9265,2.9265,2.932,2.932,2.9315,2.9315,2
2026-02-19 10:51:00,2.927,2.927,2.9265,2.9265,2.932,2.932,2.9315,2.9315,2
2026-02-19 10:52:00,2.927,2.927,2.926,2.9265,2.932,2.932,2.931,2.9315,6
2026-02-19 10:53:00,2.927,2.928,2.9265,2.9275,2.932,2.933,2.9315,2.9325,10
2026-02-19 10:54:00,2.928,2.93,2.928,2.9295,2.933,2.935,2.933,2.9345,10
2026-02-19 10:55:00,2.93,2.931,2.93,2.931,2.935,2.936,2.935,2.936,3
2026-02-19 10:56:00,2.93,2.931,2.927,2.928,2.935,2.936,2.932,2.933,12
2026-02-19 10:57:00,2.9275,2.9275,2.926,2.927,2.9325,2.9325,2.931,2.932,7
2026-02-19 10:58:00,2.9275,2.9275,2.925,2.9255,2.9325,2.9325,2.93,2.9305,6
2026-02-19 10:59:00,2.926,2.927,2.9255,2.927,2.931,2.932,2.9305,2.932,4
2026-02-19 11:00:00,2.928,2.9315,2.928,2.9305,2.933,2.9365,2.933,2.9355,7
2026-02-19 11:01:00,2.931,2.932,2.9295,2.931,2.936,2.937,2.9345,2.936,13
2026-02-19 11:02:00,2.9315,2.9315,2.929,2.9295,2.9365,2.9365,2.934,2.9345,8
2026-02-19 11:03:00,2.928,2.9285,2.927,2.9285,2.933,2.9335,2.932,2.9335,4
2026-02-19 11:04:00,2.9275,2.936,2.9275,2.935,2.9325,2.941,2.9325,2.94,14
2026-02-19 11:05:00,2.9345,2.939,2.9345,2.9385,2.9395,2.944,2.9395,2.9435,9
2026-02-19 11:06:00,2.938,2.939,2.936,2.939,2.943,2.944,2.941,2.944,7
2026-02-19 11:07:00,2.9385,2.946,2.9385,2.9445,2.9435,2.951,2.9435,2.9495,28
2026-02-19 11:08:00,2.945,2.948,2.945,2.946,2.95,2.953,2.95,2.951,13
2026-02-19 11:09:00,2.947,2.9495,2.947,2.9485,2.952,2.9545,2.952,2.9535,12
2026-02-19 11:10:00,2.949,2.952,2.9485,2.9485,2.954,2.957,2.9535,2.9535,15
2026-02-19 11:11:00,2.948,2.948,2.9465,2.9465,2.953,2.953,2.9515,2.9515,9
2026-02-19 11:12:00,2.946,2.9475,2.946,2.9465,2.951,2.9525,2.951,2.9515,27
2026-02-19 11:13:00,2.947,2.9485,2.946,2.9485,2.952,2.9535,2.951,2.9535,7
2026-02-19 11:14:00,2.948,2.948,2.9475,2.9475,2.953,2.953,2.9525,2.9525,6
2026-02-19 11:15:00,2.948,2.9495,2.9465,2.9475,2.953,2.9545,2.9515,2.9525,14
2026-02-19 11:16:00,2.947,2.949,2.9465,2.9465,2.952,2.954,2.9515,2.9515,7
2026-02-19 11:17:00,2.945,2.945,2.9445,2.9445,2.95,2.95,2.9495,2.9495,2
2026-02-19 11:18:00,2.944,2.945,2.944,2.9445,2.949,2.95,2.949,2.9495,3
2026-02-19 11:20:00,2.946,2.9475,2.945,2.947,2.951,2.9525,2.95,2.952,10
2026-02-19 11:21:00,2.9465,2.947,2.945,2.947,2.9515,2.952,2.95,2.952,8
2026-02-19 11:22:00,2.9475,2.9485,2.9475,2.9485,2.9525,2.9535,2.9525,2.9535,5
2026-02-19 11:23:00,2.948,2.948,2.947,2.9475,2.953,2.953,2.952,2.9525,4
2026-02-19 11:24:00,2.947,2.948,2.947,2.948,2.952,2.953,2.952,2.953,10
2026-02-19 11:25:00,2.9485,2.949,2.9485,2.9485,2.9535,2.954,2.9535,2.9535,3
2026-02-19 11:26:00,2.948,2.948,2.9465,2.9465,2.953,2.953,2.9515,2.9515,8
2026-02-19 11:27:00,2.947,2.956,2.945,2.955,2.952,2.961,2.95,2.96,45
2026-02-19 11:28:00,2.9555,2.957,2.951,2.9515,2.9605,2.962,2.956,2.9565,18
2026-02-19 11:29:00,2.952,2.954,2.952,2.952,2.957,2.959,2.957,2.957,8
2026-02-19 11:30:00,2.953,2.9555,2.9525,2.9555,2.958,2.9605,2.9575,2.9605,6
2026-02-19 11:31:00,2.9545,2.9555,2.954,2.954,2.9595,2.9605,2.959,2.959,5
2026-02-19 11:32:00,2.9545,2.9565,2.9545,2.9555,2.9595,2.9615,2.9595,2.9605,8
2026-02-19 11:33:00,2.956,2.9565,2.9545,2.956,2.961,2.9615,2.9595,2.961,12
2026-02-19 11:34:00,2.9565,2.9565,2.955,2.956,2.9615,2.9615,2.96,2.961,11
2026-02-19 11:35:00,2.9555,2.961,2.9555,2.959,2.9605,2.966,2.9605,2.964,16
2026-02-19 11:36:00,2.96,2.962,2.9585,2.9585,2.965,2.967,2.9635,2.9635,15
2026-02-19 11:37:00,2.9595,2.961,2.9595,2.961,2.9645,2.966,2.9645,2.966,5
2026-02-19 11:38:00,2.9615,2.965,2.9605,2.964,2.9665,2.97,2.9655,2.969,14
2026-02-19 11:39:00,2.9645,2.965,2.962,2.962,2.9695,2.97,2.967,2.967,7
2026-02-19 11:40:00,2.9625,2.967,2.962,2.967,2.9675,2.972,2.967,2.972,21
2026-02-19 11:41:00,2.968,2.97,2.966,2.97,2.973,2.975,2.971,2.975,35
2026-02-19 11:42:00,2.9695,2.97,2.968,2.969,2.9745,2.975,2.973,2.974,19
2026-02-19 11:43:00,2.9685,2.972,2.967,2.97,2.9735,2.977,2.972,2.975,17
2026-02-19 11:44:00,2.9705,2.972,2.9705,2.972,2.9755,2.977,2.9755,2.977,10
2026-02-19 11:45:00,2.9715,2.975,2.971,2.972,2.9765,2.98,2.976,2.977,22
2026-02-19 11:46:00,2.973,2.975,2.9725,2.974,2.978,2.98,2.9775,2.979,13
2026-02-19 11:47:00,2.973,2.974,2.969,2.969,2.978,2.979,2.974,2.974,16
2026-02-19 11:48:00,2.97,2.97,2.966,2.967,2.975,2.975,2.971,2.972,17
2026-02-19 11:49:00,2.9665,2.967,2.965,2.966,2.9715,2.972,2.97,2.971,13
2026-02-19 11:50:00,2.965,2.966,2.964,2.9645,2.97,2.971,2.969,2.9695,12
2026-02-19 11:51:00,2.965,2.965,2.962,2.964,2.97,2.97,2.967,2.969,15
2026-02-19 11:52:00,2.9635,2.9635,2.962,2.963,2.9685,2.9685,2.967,2.968,8
2026-02-19 11:53:00,2.9635,2.966,2.9635,2.966,2.9685,2.971,2.9685,2.971,11
2026-02-19 11:54:00,2.9655,2.9685,2.9645,2.9655,2.9705,2.9735,2.9695,2.9705,20
2026-02-19 11:55:00,2.965,2.9655,2.964,2.965,2.97,2.9705,2.969,2.97,6
2026-02-19 11:56:00,2.9645,2.968,2.964,2.9675,2.9695,2.973,2.969,2.9725,10
2026-02-19 11:57:00,2.967,2.967,2.966,2.9665,2.972,2.972,2.971,2.9715,4
2026-02-19 11:58:00,2.966,2.967,2.966,2.967,2.971,2.972,2.971,2.972,2
2026-02-19 11:59:00,2.9675,2.9675,2.967,2.967,2.9725,2.9725,2.972,2.972,2
2026-02-19 12:00:00,2.9675,2.9715,2.9675,2.9715,2.9725,2.9765,2.9725,2.9765,13
2026-02-19 12:01:00,2.971,2.973,2.971,2.971,2.976,2.978,2.976,2.976,12
2026-02-19 12:02:00,2.9705,2.974,2.9705,2.973,2.9755,2.979,2.9755,2.978,12
2026-02-19 12:03:00,2.9735,2.974,2.972,2.9735,2.9785,2.979,2.977,2.9785,9
2026-02-19 12:04:00,2.974,2.975,2.974,2.974,2.979,2.98,2.979,2.979,9
2026-02-19 12:05:00,2.973,2.973,2.9725,2.973,2.978,2.978,2.9775,2.978,3
2026-02-19 12:06:00,2.9725,2.973,2.971,2.971,2.9775,2.978,2.976,2.976,12
2026-02-19 12:07:00,2.97,2.973,2.97,2.9725,2.975,2.978,2.975,2.9775,7
2026-02-19 12:08:00,2.972,2.972,2.972,2.972,2.977,2.977,2.977,2.977,1
2026-02-19 12:09:00,2.971,2.973,2.971,2.973,2.976,2.978,2.976,2.978,9
2026-02-19 12:10:00,2.9725,2.973,2.9715,2.9725,2.9775,2.978,2.9765,2.9775,10
2026-02-19 12:11:00,2.972,2.974,2.972,2.9735,2.977,2.979,2.977,2.9785,7
2026-02-19 12:12:00,2.973,2.9735,2.972,2.973,2.978,2.9785,2.977,2.978,9
2026-02-19 12:13:00,2.9735,2.976,2.9735,2.9755,2.9785,2.981,2.9785,2.9805,15
2026-02-19 12:14:00,2.975,2.978,2.973,2.977,2.98,2.983,2.978,2.982,23
2026-02-19 12:15:00,2.9765,2.978,2.975,2.977,2.9815,2.983,2.98,2.982,15
2026-02-19 12:16:00,2.978,2.981,2.978,2.98,2.983,2.986,2.983,2.985,9
2026-02-19 12:17:00,2.9805,2.9805,2.979,2.9795,2.9855,2.9855,2.984,2.9845,9
2026-02-19 12:18:00,2.98,2.98,2.971,2.972,2.985,2.985,2.976,2.977,26
2026-02-19 12:19:00,2.9715,2.975,2.9715,2.973,2.9765,2.98,2.9765,2.978,13
2026-02-19 12:20:00,2.9725,2.974,2.972,2.974,2.9775,2.979,2.977,2.979,6
2026-02-19 12:21:00,2.9745,2.9745,2.972,2.973,2.9795,2.9795,2.977,2.978,13
2026-02-19 12:22:00,2.9725,2.973,2.972,2.973,2.9775,2.978,2.977,2.978,8
2026-02-19 12:23:00,2.974,2.974,2.972,2.974,2.979,2.979,2.977,2.979,11
2026-02-19 12:24:00,2.9745,2.98,2.974,2.978,2.9795,2.985,2.979,2.983,15
2026-02-19 12:25:00,2.9785,2.981,2.9775,2.9805,2.9835,2.986,2.9825,2.9855,15
2026-02-19 12:26:00,2.98,2.981,2.98,2.981,2.985,2.986,2.985,2.986,5
2026-02-19 12:27:00,2.9805,2.9825,2.98,2.982,2.9855,2.9875,2.985,2.987,19
2026-02-19 12:28:00,2.9825,2.984,2.981,2.982,2.9875,2.989,2.986,2.987,18
2026-02-19 12:29:00,2.981,2.984,2.98,2.983,2.986,2.989,2.985,2.988,15
2026-02-19 12:30:00,2.984,2.985,2.983,2.9845,2.989,2.99,2.988,2.9895,19
2026-02-19 12:31:00,2.984,2.985,2.9805,2.9805,2.989,2.99,2.9855,2.9855,18
2026-02-19 12:32:00,2.98,2.9845,2.98,2.9845,2.985,2.9895,2.985,2.9895,16
2026-02-19 12:33:00,2.985,2.9865,2.9825,2.9825,2.99,2.9915,2.9875,2.9875,21
2026-02-19 12:34:00,2.982,2.982,2.978,2.979,2.987,2.987,2.983,2.984,8
2026-02-19 12:35:00,2.98,2.981,2.971,2.972,2.985,2.986,2.976,2.977,27
2026-02-19 12:36:00,2.9715,2.9715,2.968,2.9705,2.9765,2.9765,2.973,2.9755,17
2026-02-19 12:37:00,2.97,2.976,2.969,2.975,2.975,2.981,2.974,2.98,26
2026-02-19 12:38:00,2.9745,2.977,2.974,2.9745,2.9795,2.982,2.979,2.9795,15
2026-02-19 12:39:00,2.974,2.974,2.9715,2.9735,2.979,2.979,2.9765,2.9785,10
2026-02-19 12:40:00,2.974,2.977,2.9735,2.977,2.979,2.982,2.9785,2.982,16
2026-02-19 12:41:00,2.9765,2.9765,2.971,2.973,2.9815,2.9815,2.976,2.978,14
2026-02-19 12:42:00,2.9735,2.975,2.973,2.9745,2.9785,2.98,2.978,2.9795,9
2026-02-19 12:43:00,2.975,2.975,2.9725,2.974,2.98,2.98,2.9775,2.979,11
2026-02-19 12:44:00,2.975,2.977,2.975,2.975,2.98,2.982,2.98,2.98,10
2026-02-19 12:45:00,2.9755,2.978,2.973,2.977,2.9805,2.983,2.978,2.982,19
2026-02-19 12:46:00,2.976,2.9795,2.9745,2.9785,2.981,2.9845,2.9795,2.9835,15
2026-02-19 12:47:00,2.979,2.979,2.977,2.977,2.984,2.984,2.982,2.982,14
2026-02-19 12:48:00,2.976,2.979,2.976,2.9785,2.981,2.984,2.981,2.9835,8
2026-02-19 12:49:00,2.978,2.978,2.976,2.976,2.983,2.983,2.981,2.981,4
2026-02-19 12:50:00,2.9765,2.9765,2.974,2.976,2.9815,2.9815,2.979,2.981,8
2026-02-19 12:51:00,2.9765,2.977,2.976,2.977,2.9815,2.982,2.981,2.982,5
2026-02-19 12:52:00,2.9765,2.9795,2.9765,2.9785,2.9815,2.9845,2.9815,2.9835,12
2026-02-19 12:53:00,2.978,2.979,2.971,2.972,2.983,2.984,2.976,2.977,32
2026-02-19 12:54:00,2.971,2.973,2.97,2.97,2.976,2.978,2.975,2.975,19
2026-02-19 12:55:00,2.9695,2.973,2.969,2.9715,2.9745,2.978,2.974,2.9765,17
2026-02-19 12:56:00,2.971,2.972,2.9705,2.971,2.976,2.977,2.9755,2.976,7
2026-02-19 12:57:00,2.9715,2.972,2.9715,2.972,2.9765,2.977,2.9765,2.977,4
2026-02-19 12:58:00,2.9715,2.9725,2.97,2.972,2.9765,2.9775,2.975,2.977,9
2026-02-19 12:59:00,2.971,2.9745,2.971,2.974,2.976,2.9795,2.976,2.979,10
2026-02-19 13:00:00,2.973,2.975,2.971,2.9715,2.978,2.98,2.976,2.9765,27
2026-02-19 13:01:00,2.972,2.973,2.971,2.9715,2.977,2.978,2.976,2.9765,10
2026-02-19 13:02:00,2.972,2.973,2.971,2.972,2.977,2.978,2.976,2.977,19
2026-02-19 13:03:00,2.9715,2.974,2.9705,2.9735,2.9765,2.979,2.9755,2.9785,15
2026-02-19 13:04:00,2.973,2.977,2.9725,2.9755,2.978,2.982,2.9775,2.9805,18
2026-02-19 13:05:00,2.976,2.98,2.9745,2.9795,2.981,2.985,2.9795,2.9845,16
2026-02-19 13:06:00,2.979,2.9795,2.9775,2.978,2.984,2.9845,2.9825,2.983,5
2026-02-19 13:07:00,2.9775,2.9775,2.975,2.9755,2.9825,2.9825,2.98,2.9805,12
2026-02-19 13:08:00,2.975,2.975,2.9745,2.9745,2.98,2.98,2.9795,2.9795,2
2026-02-19 13:09:00,2.974,2.976,2.974,2.975,2.979,2.981,2.979,2.98,11
2026-02-19 13:10:00,2.9755,2.9765,2.9745,2.9765,2.9805,2.9815,2.9795,2.9815,11
2026-02-19 13:11:00,2.976,2.98,2.976,2.979,2.981,2.985,2.981,2.984,9
2026-02-19 13:12:00,2.98,2.981,2.979,2.979,2.985,2.986,2.984,2.984,5
2026-02-19 13:13:00,2.9795,2.984,2.979,2.979,2.9845,2.989,2.984,2.984,19
2026-02-19 13:14:00,2.9795,2.9795,2.977,2.9785,2.9845,2.9845,2.982,2.9835,19
2026-02-19 13:15:00,2.979,2.9835,2.977,2.981,2.984,2.9885,2.982,2.986,22
2026-02-19 13:16:00,2.9805,2.981,2.9775,2.98,2.9855,2.986,2.9825,2.985,16
2026-02-19 13:17:00,2.9795,2.986,2.979,2.985,2.9845,2.991,2.984,2.99,15
2026-02-19 13:18:00,2.9845,2.9875,2.982,2.986,2.9895,2.9925,2.987,2.991,21
2026-02-19 13:19:00,2.9855,2.9855,2.98,2.98,2.9905,2.9905,2.985,2.985,30
2026-02-19 13:20:00,2.981,2.982,2.9785,2.9805,2.986,2.987,2.9835,2.9855,19
2026-02-19 13:21:00,2.98,2.98,2.9755,2.9755,2.985,2.985,2.9805,2.9805,10
2026-02-19 13:22:00,2.974,2.977,2.974,2.975,2.979,2.982,2.979,2.98,23
2026-02-19 13:23:00,2.974,2.976,2.971,2.975,2.979,2.981,2.976,2.98,17
2026-02-19 13:24:00,2.9755,2.976,2.973,2.974,2.9805,2.981,2.978,2.979,11
2026-02-19 13:25:00,2.9735,2.974,2.9675,2.9685,2.9785,2.979,2.9725,2.9735,42
2026-02-19 13:26:00,2.969,2.969,2.966,2.969,2.974,2.974,2.971,2.974,24
2026-02-19 13:27:00,2.9695,2.9695,2.966,2.967,2.9745,2.9745,2.971,2.972,10
2026-02-19 13:28:00,2.9675,2.9685,2.965,2.9665,2.9725,2.9735,2.97,2.9715,25
2026-02-19 13:29:00,2.967,2.97,2.967,2.967,2.972,2.975,2.972,2.972,23
2026-02-19 13:30:00,2.9685,2.9685,2.967,2.9675,2.9735,2.9735,2.972,2.9725,7
2026-02-19 13:31:00,2.967,2.974,2.966,2.972,2.972,2.979,2.971,2.977,25
2026-02-19 13:32:00,2.973,2.973,2.968,2.969,2.978,2.978,2.973,2.974,20
2026-02-19 13:33:00,2.9695,2.973,2.965,2.9725,2.9745,2.978,2.97,2.9775,30
2026-02-19 13:34:00,2.973,2.974,2.9705,2.9735,2.978,2.979,2.9755,2.9785,12
2026-02-19 13:35:00,2.973,2.974,2.972,2.974,2.978,2.979,2.977,2.979,6
2026-02-19 13:36:00,2.973,2.973,2.969,2.971,2.978,2.978,2.974,2.976,19
2026-02-19 13:37:00,2.9715,2.973,2.969,2.97,2.9765,2.978,2.974,2.975,15
2026-02-19 13:38:00,2.9695,2.9735,2.967,2.9735,2.9745,2.9785,2.972,2.9785,29
2026-02-19 13:39:00,2.972,2.974,2.971,2.974,2.977,2.979,2.976,2.979,10
2026-02-19 13:40:00,2.973,2.979,2.972,2.975,2.978,2.984,2.977,2.98,20
2026-02-19 13:41:00,2.9745,2.975,2.971,2.9715,2.9795,2.98,2.976,2.9765,15
2026-02-19 13:42:00,2.972,2.9725,2.9695,2.972,2.977,2.9775,2.9745,2.977,17
2026-02-19 13:43:00,2.971,2.972,2.971,2.972,2.976,2.977,2.976,2.977,4
2026-02-19 13:44:00,2.9715,2.9715,2.969,2.9695,2.9765,2.9765,2.974,2.9745,9
2026-02-19 13:45:00,2.97,2.971,2.968,2.971,2.975,2.976,2.973,2.976,12
2026-02-19 13:46:00,2.972,2.972,2.971,2.971,2.977,2.977,2.976,2.976,7
2026-02-19 13:47:00,2.9715,2.973,2.9705,2.973,2.9765,2.978,2.9755,2.978,17
2026-02-19 13:48:00,2.9735,2.9735,2.9715,2.972,2.9785,2.9785,2.9765,2.977,4
2026-02-19 13:49:00,2.973,2.975,2.971,2.9735,2.978,2.98,2.976,2.9785,21
2026-02-19 13:50:00,2.973,2.975,2.973,2.973,2.978,2.98,2.978,2.978,6
2026-02-19 13:51:00,2.972,2.974,2.972,2.973,2.977,2.979,2.977,2.978,13
2026-02-19 13:52:00,2.9735,2.975,2.9735,2.975,2.9785,2.98,2.9785,2.98,6
2026-02-19 13:53:00,2.9755,2.976,2.972,2.9735,2.9805,2.981,2.977,2.9785,40
2026-02-19 13:54:00,2.973,2.974,2.972,2.9735,2.978,2.979,2.977,2.9785,14
2026-02-19 13:55:00,2.973,2.981,2.971,2.976,2.978,2.986,2.976,2.981,55
2026-02-19 13:56:00,2.975,2.977,2.974,2.977,2.98,2.982,2.979,2.982,13
2026-02-19 13:57:00,2.9765,2.982,2.9765,2.9815,2.9815,2.987,2.9815,2.9865,14
2026-02-19 13:58:00,2.982,2.984,2.981,2.9815,2.987,2.989,2.986,2.9865,12
2026-02-19 13:59:00,2.981,2.9825,2.98,2.9815,2.986,2.9875,2.985,2.9865,11
2026-02-19 14:00:00,2.982,2.987,2.981,2.984,2.987,2.992,2.986,2.989,35
2026-02-19 14:01:00,2.9845,2.9845,2.98,2.982,2.9895,2.9895,2.985,2.987,28
2026-02-19 14:02:00,2.9825,2.9855,2.9795,2.9795,2.9875,2.9905,2.9845,2.9845,34
2026-02-19 14:03:00,2.9785,2.979,2.9755,2.977,2.9835,2.984,2.9805,2.982,23
2026-02-19 14:04:00,2.978,2.978,2.9755,2.977,2.983,2.983,2.9805,2.982,6
2026-02-19 14:05:00,2.9775,2.979,2.971,2.972,2.9825,2.984,2.976,2.977,30
2026-02-19 14:06:00,2.973,2.975,2.972,2.972,2.978,2.98,2.977,2.977,13
2026-02-19 14:07:00,2.9725,2.9735,2.9715,2.973,2.9775,2.9785,2.9765,2.978,9
2026-02-19 14:08:00,2.974,2.9745,2.973,2.9745,2.979,2.9795,2.978,2.9795,10
2026-02-19 14:09:00,2.974,2.977,2.972,2.976,2.979,2.982,2.977,2.981,28
2026-02-19 14:10:00,2.9765,2.977,2.971,2.975,2.9815,2.982,2.976,2.98,29
2026-02-19 14:11:00,2.974,2.976,2.974,2.975,2.979,2.981,2.979,2.98,26
2026-02-19 14:12:00,2.9745,2.976,2.966,2.9685,2.9795,2.981,2.971,2.9735,31
2026-02-19 14:13:00,2.969,2.9715,2.968,2.971,2.974,2.9765,2.973,2.976,21
2026-02-19 14:14:00,2.9705,2.976,2.9705,2.9745,2.9755,2.981,2.9755,2.9795,19
2026-02-19 14:15:00,2.975,2.975,2.974,2.974,2.98,2.98,2.979,2.979,13
2026-02-19 14:16:00,2.9745,2.98,2.974,2.9795,2.9795,2.985,2.979,2.9845,49
2026-02-19 14:17:00,2.979,2.983,2.979,2.982,2.984,2.988,2.984,2.987,24
2026-02-19 14:18:00,2.9825,2.983,2.98,2.9815,2.9875,2.988,2.985,2.9865,32
2026-02-19 14:19:00,2.981,2.981,2.977,2.9785,2.986,2.986,2.982,2.9835,24
2026-02-19 14:20:00,2.9795,2.983,2.9785,2.9805,2.9845,2.988,2.9835,2.9855,25
2026-02-19 14:21:00,2.981,2.981,2.971,2.972,2.986,2.986,2.976,2.977,34
2026-02-19 14:22:00,2.9725,2.9755,2.971,2.9735,2.9775,2.9805,2.976,2.9785,37
2026-02-19 14:23:00,2.973,2.9735,2.971,2.971,2.978,2.9785,2.976,2.976,21
2026-02-19 14:24:00,2.9715,2.9745,2.9705,2.9745,2.9765,2.9795,2.9755,2.9795,14
2026-02-19 14:25:00,2.974,2.9745,2.971,2.9715,2.979,2.9795,2.976,2.9765,15
2026-02-19 14:26:00,2.971,2.978,2.9685,2.978,2.976,2.983,2.9735,2.983,28
2026-02-19 14:27:00,2.9775,2.9775,2.97,2.9735,2.9825,2.9825,2.975,2.9785,30
2026-02-19 14:28:00,2.973,2.9735,2.968,2.968,2.978,2.9785,2.973,2.973,47
2026-02-19 14:29:00,2.969,2.973,2.968,2.971,2.974,2.978,2.973,2.976,26
2026-02-19 14:30:00,2.9695,2.971,2.968,2.9695,2.9745,2.976,2.973,2.9745,21
2026-02-19 14:31:00,2.968,2.97,2.968,2.97,2.973,2.975,2.973,2.975,8
2026-02-19 14:32:00,2.9705,2.972,2.9705,2.9715,2.9755,2.977,2.9755,2.9765,10
2026-02-19 14:33:00,2.972,2.974,2.971,2.9735,2.977,2.979,2.976,2.9785,7
2026-02-19 14:34:00,2.974,2.976,2.973,2.9735,2.979,2.981,2.978,2.9785,31
2026-02-19 14:35:00,2.974,2.979,2.973,2.977,2.979,2.984,2.978,2.982,27
2026-02-19 14:36:00,2.9765,2.9765,2.974,2.975,2.9815,2.9815,2.979,2.98,9
2026-02-19 14:37:00,2.9755,2.9755,2.973,2.9735,2.9805,2.9805,2.978,2.9785,20
2026-02-19 14:38:00,2.973,2.9785,2.973,2.9745,2.978,2.9835,2.978,2.9795,23
2026-02-19 14:39:00,2.974,2.979,2.968,2.978,2.979,2.984,2.973,2.983,66
2026-02-19 14:40:00,2.9785,2.984,2.975,2.98,2.9835,2.989,2.98,2.985,53
2026-02-19 14:41:00,2.9795,2.98,2.972,2.977,2.9845,2.985,2.977,2.982,27
2026-02-19 14:42:00,2.976,2.9795,2.974,2.9785,2.981,2.9845,2.979,2.9835,24
2026-02-19 14:43:00,2.978,2.978,2.972,2.972,2.983,2.983,2.977,2.977,31
2026-02-19 14:44:00,2.9725,2.976,2.9705,2.9715,2.9775,2.981,2.9755,2.9765,35
2026-02-19 14:45:00,2.971,2.9735,2.968,2.973,2.976,2.9785,2.973,2.978,32
2026-02-19 14:46:00,2.9725,2.978,2.9705,2.9765,2.9775,2.983,2.9755,2.9815,25
2026-02-19 14:47:00,2.977,2.984,2.9765,2.984,2.982,2.989,2.9815,2.989,54
2026-02-19 14:48:00,2.983,2.985,2.98,2.98,2.988,2.99,2.985,2.985,69
2026-02-19 14:49:00,2.9805,2.981,2.978,2.98,2.9855,2.986,2.983,2.985,22
2026-02-19 14:50:00,2.9795,2.981,2.9785,2.9805,2.9845,2.986,2.9835,2.9855,25
2026-02-19 14:51:00,2.98,2.982,2.975,2.975,2.985,2.987,2.98,2.98,28
2026-02-19 14:52:00,2.9745,2.978,2.972,2.9765,2.9795,2.983,2.977,2.9815,27
2026-02-19 14:53:00,2.976,2.9775,2.9735,2.9775,2.981,2.9825,2.9785,2.9825,25
2026-02-19 14:54:00,2.977,2.986,2.9765,2.9825,2.982,2.991,2.9815,2.9875,47
2026-02-19 14:55:00,2.982,2.9865,2.982,2.983,2.987,2.9915,2.987,2.988,28
2026-02-19 14:56:00,2.9835,2.986,2.982,2.9835,2.9885,2.991,2.987,2.9885,31
2026-02-19 14:57:00,2.982,2.9835,2.981,2.982,2.987,2.9885,2.986,2.987,16
2026-02-19 14:58:00,2.981,2.986,2.98,2.981,2.986,2.991,2.985,2.986,30
2026-02-19 14:59:00,2.982,2.9835,2.981,2.982,2.987,2.9885,2.986,2.987,17
2026-02-19 15:00:00,2.981,2.983,2.977,2.983,2.986,2.988,2.982,2.988,75
2026-02-19 15:01:00,2.9835,2.988,2.981,2.9815,2.9885,2.993,2.986,2.9865,66
2026-02-19 15:02:00,2.982,2.985,2.977,2.978,2.987,2.99,2.982,2.983,46
2026-02-19 15:03:00,2.9775,2.9785,2.974,2.975,2.9825,2.9835,2.979,2.98,50
2026-02-19 15:04:00,2.9745,2.984,2.9735,2.983,2.9795,2.989,2.9785,2.988,42
2026-02-19 15:05:00,2.9825,2.984,2.9765,2.982,2.9875,2.989,2.9815,2.987,40
2026-02-19 15:06:00,2.9815,2.982,2.979,2.979,2.9865,2.987,2.984,2.984,15
2026-02-19 15:07:00,2.978,2.9785,2.977,2.978,2.983,2.9835,2.982,2.983,10
2026-02-19 15:08:00,2.9775,2.978,2.974,2.975,2.9825,2.983,2.979,2.98,25
2026-02-19 15:09:00,2.974,2.976,2.972,2.975,2.979,2.981,2.977,2.98,17
2026-02-19 15:10:00,2.9755,2.9805,2.975,2.977,2.9805,2.9855,2.98,2.982,30
2026-02-19 15:11:00,2.978,2.978,2.975,2.975,2.983,2.983,2.98,2.98,14
2026-02-19 15:12:00,2.9755,2.978,2.975,2.978,2.9805,2.983,2.98,2.983,24
2026-02-19 15:13:00,2.9785,2.981,2.9785,2.9795,2.9835,2.986,2.9835,2.9845,15
2026-02-19 15:14:00,2.979,2.982,2.979,2.981,2.984,2.987,2.984,2.986,9
2026-02-19 15:15:00,2.982,2.982,2.981,2.981,2.987,2.987,2.986,2.986,14
2026-02-19 15:16:00,2.98,2.982,2.9785,2.9795,2.985,2.987,2.9835,2.9845,16
2026-02-19 15:17:00,2.98,2.982,2.98,2.9815,2.985,2.987,2.985,2.9865,11
2026-02-19 15:18:00,2.981,2.988,2.981,2.9875,2.986,2.993,2.986,2.9925,23
2026-02-19 15:19:00,2.988,2.997,2.988,2.996,2.993,3.002,2.993,3.001,55
2026-02-19 15:20:00,2.995,3.0,2.995,2.999,3.0,3.005,3.0,3.004,42
2026-02-19 15:21:00,2.9995,3.003,2.995,2.997,3.0045,3.008,3.0,3.002,28
2026-02-19 15:22:00,2.996,2.9995,2.996,2.998,3.001,3.0045,3.001,3.003,16
2026-02-19 15:23:00,2.997,3.001,2.997,3.0,3.002,3.006,3.002,3.005,15
2026-02-19 15:24:00,3.0005,3.001,3.0,3.001,3.0055,3.006,3.005,3.006,18
2026-02-19 15:25:00,3.0015,3.003,2.999,3.002,3.0065,3.008,3.004,3.007,20
2026-02-19 15:26:00,3.0025,3.004,2.998,2.9985,3.0075,3.009,3.003,3.0035,39
2026-02-19 15:27:00,2.998,2.998,2.9945,2.996,3.003,3.003,2.9995,3.001,32
2026-02-19 15:28:00,2.997,2.998,2.9955,2.9955,3.002,3.003,3.0005,3.0005,20
2026-02-19 15:29:00,2.995,2.996,2.993,2.995,3.0,3.001,2.998,3.0,30
2026-02-19 15:30:00,2.9945,2.999,2.983,2.984,2.9995,3.004,2.988,2.989,70
2026-02-19 15:31:00,2.9845,2.987,2.982,2.983,2.9895,2.992,2.987,2.988,39
2026-02-19 15:32:00,2.9825,2.9825,2.974,2.977,2.9875,2.9875,2.979,2.982,52
2026-02-19 15:33:00,2.9775,2.978,2.973,2.973,2.9825,2.983,2.978,2.978,40
2026-02-19 15:34:00,2.9735,2.982,2.973,2.981,2.9785,2.987,2.978,2.986,34
2026-02-19 15:35:00,2.9815,2.985,2.9795,2.9825,2.9865,2.99,2.9845,2.9875,41
2026-02-19 15:36:00,2.983,2.987,2.982,2.986,2.988,2.992,2.987,2.991,25
2026-02-19 15:37:00,2.987,2.988,2.9845,2.986,2.992,2.993,2.9895,2.991,16
2026-02-19 15:38:00,2.987,2.99,2.987,2.99,2.992,2.995,2.992,2.995,10
2026-02-19 15:39:00,2.991,2.995,2.989,2.9895,2.996,3.0,2.994,2.9945,46
2026-02-19 15:40:00,2.99,2.9935,2.9895,2.992,2.995,2.9985,2.9945,2.997,24
2026-02-19 15:41:00,2.991,2.993,2.9895,2.992,2.996,2.998,2.9945,2.997,15
2026-02-19 15:42:00,2.9925,2.994,2.991,2.9925,2.9975,2.999,2.996,2.9975,21
2026-02-19 15:43:00,2.992,2.994,2.99,2.993,2.997,2.999,2.995,2.998,22
2026-02-19 15:44:00,2.9935,2.995,2.99,2.992,2.9985,3.0,2.995,2.997,33
2026-02-19 15:45:00,2.9925,2.993,2.9905,2.991,2.9975,2.998,2.9955,2.996,22
2026-02-19 15:46:00,2.9915,2.995,2.991,2.995,2.9965,3.0,2.996,3.0,23
2026-02-19 15:47:00,2.9955,3.0,2.992,2.997,3.0005,3.005,2.997,3.002,57
2026-02-19 15:48:00,2.9975,2.9995,2.9955,2.997,3.0025,3.0045,3.0005,3.002,35
2026-02-19 15:49:00,2.9975,3.001,2.997,2.998,3.0025,3.006,3.002,3.003,27
2026-02-19 15:50:00,2.9975,2.9975,2.995,2.9965,3.0025,3.0025,3.0,3.0015,23
2026-02-19 15:51:00,2.997,2.999,2.993,2.993,3.002,3.004,2.998,2.998,23
2026-02-19 15:52:00,2.9925,2.9925,2.987,2.988,2.9975,2.9975,2.992,2.993,23
2026-02-19 15:53:00,2.989,2.991,2.9885,2.9905,2.994,2.996,2.9935,2.9955,21
2026-02-19 15:54:00,2.991,2.993,2.988,2.993,2.996,2.998,2.993,2.998,27
2026-02-19 15:55:00,2.9925,2.995,2.991,2.995,2.9975,3.0,2.996,3.0,27
2026-02-19 15:56:00,2.996,2.997,2.9945,2.996,3.001,3.002,2.9995,3.001,20
2026-02-19 15:57:00,2.995,2.997,2.993,2.994,3.0,3.002,2.998,2.999,26
2026-02-19 15:58:00,2.9945,2.996,2.989,2.992,2.9995,3.001,2.994,2.997,22
2026-02-19 15:59:00,2.9925,2.9925,2.991,2.992,2.9975,2.9975,2.996,2.997,7
2026-02-19 16:00:00,2.9925,2.996,2.988,2.9895,2.9975,3.001,2.993,2.9945,51
2026-02-19 16:01:00,2.989,2.9915,2.988,2.9895,2.994,2.9965,2.993,2.9945,36
2026-02-19 16:02:00,2.99,2.991,2.986,2.987,2.995,2.996,2.991,2.992,46
2026-02-19 16:03:00,2.9875,2.988,2.98,2.9815,2.9925,2.993,2.985,2.9865,38
2026-02-19 16:04:00,2.982,2.984,2.981,2.982,2.987,2.989,2.986,2.987,32
2026-02-19 16:05:00,2.9825,2.9875,2.982,2.987,2.9875,2.9925,2.987,2.992,28
2026-02-19 16:06:00,2.988,2.9895,2.9855,2.988,2.993,2.9945,2.9905,2.993,36
2026-02-19 16:07:00,2.987,2.992,2.9845,2.99,2.992,2.997,2.9895,2.995,32
2026-02-19 16:08:00,2.991,2.993,2.988,2.989,2.996,2.998,2.993,2.994,30
2026-02-19 16:09:00,2.9885,2.9915,2.9875,2.9915,2.9935,2.9965,2.9925,2.9965,16
2026-02-19 16:10:00,2.992,2.9935,2.992,2.993,2.997,2.9985,2.997,2.998,12
2026-02-19 16:11:00,2.9935,2.998,2.993,2.997,2.9985,3.003,2.998,3.002,37
2026-02-19 16:12:00,2.9975,2.999,2.992,2.993,3.0025,3.004,2.997,2.998,26
2026-02-19 16:13:00,2.9935,2.994,2.992,2.992,2.9985,2.999,2.997,2.997,21
2026-02-19 16:14:00,2.9915,2.992,2.99,2.991,2.9965,2.997,2.995,2.996,13
2026-02-19 16:15:00,2.99,2.993,2.989,2.992,2.995,2.998,2.994,2.997,20
2026-02-19 16:16:00,2.9925,2.9935,2.992,2.993,2.9975,2.9985,2.997,2.998,12
2026-02-19 16:17:00,2.9925,2.9925,2.991,2.9925,2.9975,2.9975,2.996,2.9975,12
2026-02-19 16:18:00,2.993,2.996,2.992,2.9955,2.998,3.001,2.997,3.0005,30
2026-02-19 16:19:00,2.996,2.997,2.995,2.995,3.001,3.002,3.0,3.0,20
2026-02-19 16:20:00,2.9955,2.996,2.9935,2.9935,3.0005,3.001,2.9985,2.9985,19
2026-02-19 16:21:00,2.993,2.997,2.993,2.996,2.998,3.002,2.998,3.001,27
2026-02-19 16:22:00,2.9965,2.9965,2.993,2.9945,3.0015,3.0015,2.998,2.9995,26
2026-02-19 16:23:00,2.995,2.999,2.995,2.999,3.0,3.004,3.0,3.004,13
2026-02-19 16:24:00,2.9985,2.999,2.997,2.997,3.0035,3.004,3.002,3.002,19
2026-02-19 16:25:00,2.9975,2.9995,2.997,2.9975,3.0025,3.0045,3.002,3.0025,27
2026-02-19 16:26:00,2.999,3.001,2.995,2.9985,3.004,3.006,3.0,3.0035,28
2026-02-19 16:27:00,2.998,2.998,2.996,2.997,3.003,3.003,3.001,3.002,15
2026-02-19 16:28:00,2.9975,2.998,2.9925,2.993,3.0025,3.003,2.9975,2.998,12
2026-02-19 16:29:00,2.9935,2.994,2.9905,2.9915,2.9985,2.999,2.9955,2.9965,52
2026-02-19 16:30:00,2.991,2.9915,2.937,2.9505,2.996,2.9965,2.942,2.9555,401
2026-02-19 16:31:00,2.9525,2.957,2.944,2.95,2.9575,2.962,2.949,2.955,141
2026-02-19 16:32:00,2.9495,2.953,2.948,2.9495,2.9545,2.958,2.953,2.9545,93
2026-02-19 16:33:00,2.949,2.957,2.9465,2.9555,2.954,2.962,2.9515,2.9605,94
2026-02-19 16:34:00,2.957,2.957,2.95,2.9525,2.962,2.962,2.955,2.9575,57
2026-02-19 16:35:00,2.952,2.954,2.938,2.941,2.957,2.959,2.943,2.946,125
2026-02-19 16:36:00,2.9405,2.941,2.937,2.941,2.9455,2.946,2.942,2.946,65
2026-02-19 16:37:00,2.942,2.9495,2.9405,2.949,2.947,2.9545,2.9455,2.954,55
2026-02-19 16:38:00,2.948,2.951,2.945,2.951,2.953,2.956,2.95,2.956,53
2026-02-19 16:39:00,2.95,2.955,2.947,2.952,2.955,2.96,2.952,2.957,83
2026-02-19 16:40:00,2.951,2.965,2.948,2.965,2.956,2.97,2.953,2.97,70
2026-02-19 16:41:00,2.9645,2.966,2.955,2.958,2.9695,2.971,2.96,2.963,55
2026-02-19 16:42:00,2.9585,2.964,2.956,2.9635,2.9635,2.969,2.961,2.9685,39
2026-02-19 16:43:00,2.964,2.965,2.958,2.963,2.969,2.97,2.963,2.968,56
2026-02-19 16:44:00,2.9625,2.964,2.954,2.954,2.9675,2.969,2.959,2.959,39
2026-02-19 16:45:00,2.9545,2.957,2.949,2.957,2.9595,2.962,2.954,2.962,39
2026-02-19 16:46:00,2.9565,2.9565,2.941,2.9415,2.9615,2.9615,2.946,2.9465,56
2026-02-19 16:47:00,2.941,2.941,2.934,2.936,2.946,2.946,2.939,2.941,64
2026-02-19 16:48:00,2.9365,2.939,2.932,2.937,2.9415,2.944,2.937,2.942,67
2026-02-19 16:49:00,2.9375,2.9425,2.9365,2.941,2.9425,2.9475,2.9415,2.946,50
2026-02-19 16:50:00,2.9415,2.942,2.935,2.937,2.9465,2.947,2.94,2.942,31
2026-02-19 16:51:00,2.9375,2.942,2.9365,2.9395,2.9425,2.947,2.9415,2.9445,22
2026-02-19 16:52:00,2.939,2.942,2.938,2.9405,2.944,2.947,2.943,2.9455,27
2026-02-19 16:53:00,2.94,2.944,2.94,2.942,2.945,2.949,2.945,2.947,21
2026-02-19 16:54:00,2.9415,2.942,2.939,2.9405,2.9465,2.947,2.944,2.9455,45
2026-02-19 16:55:00,2.94,2.9425,2.9395,2.9405,2.945,2.9475,2.9445,2.9455,30
2026-02-19 16:56:00,2.941,2.943,2.9395,2.94,2.946,2.948,2.9445,2.945,33
2026-02-19 16:57:00,2.9405,2.942,2.9365,2.938,2.9455,2.947,2.9415,2.943,25
2026-02-19 16:58:00,2.9385,2.949,2.9385,2.948,2.9435,2.954,2.9435,2.953,37
2026-02-19 16:59:00,2.949,2.949,2.945,2.947,2.954,2.954,2.95,2.952,27
2026-02-19 17:00:00,2.9475,2.951,2.947,2.9485,2.9525,2.956,2.952,2.9535,32
2026-02-19 17:01:00,2.949,2.955,2.947,2.9525,2.954,2.96,2.952,2.9575,60
2026-02-19 17:02:00,2.952,2.954,2.947,2.95,2.957,2.959,2.952,2.955,33
2026-02-19 17:03:00,2.9495,2.951,2.9475,2.948,2.9545,2.956,2.9525,2.953,19
2026-02-19 17:04:00,2.9485,2.952,2.948,2.9505,2.9535,2.957,2.953,2.9555,23
2026-02-19 17:05:00,2.95,2.953,2.947,2.95,2.955,2.958,2.952,2.955,38
2026-02-19 17:06:00,2.9495,2.953,2.9485,2.9515,2.9545,2.958,2.9535,2.9565,23
2026-02-19 17:07:00,2.951,2.952,2.95,2.95,2.956,2.957,2.955,2.955,16
2026-02-19 17:08:00,2.9495,2.953,2.9495,2.9525,2.9545,2.958,2.9545,2.9575,21
2026-02-19 17:09:00,2.953,2.959,2.953,2.959,2.958,2.964,2.958,2.964,30
2026-02-19 17:10:00,2.9585,2.96,2.956,2.96,2.9635,2.965,2.961,2.965,25
2026-02-19 17:11:00,2.962,2.963,2.9605,2.962,2.967,2.968,2.9655,2.967,30
2026-02-19 17:12:00,2.9615,2.962,2.953,2.954,2.9665,2.967,2.958,2.959,50
2026-02-19 17:13:00,2.9535,2.954,2.949,2.9525,2.9585,2.959,2.954,2.9575,43
2026-02-19 17:14:00,2.952,2.953,2.938,2.9395,2.957,2.958,2.943,2.9445,68
2026-02-19 17:15:00,2.94,2.9425,2.9365,2.9375,2.945,2.9475,2.9415,2.9425,35
2026-02-19 17:16:00,2.937,2.944,2.937,2.944,2.942,2.949,2.942,2.949,24
2026-02-19 17:17:00,2.9435,2.944,2.939,2.944,2.9485,2.949,2.944,2.949,32
2026-02-19 17:18:00,2.9445,2.946,2.944,2.9445,2.9495,2.951,2.949,2.9495,17
2026-02-19 17:19:00,2.944,2.946,2.941,2.946,2.949,2.951,2.946,2.951,25
2026-02-19 17:20:00,2.947,2.952,2.9455,2.951,2.952,2.957,2.9505,2.956,46
2026-02-19 17:21:00,2.95,2.9515,2.949,2.951,2.955,2.9565,2.954,2.956,16
2026-02-19 17:22:00,2.9515,2.953,2.9465,2.9475,2.9565,2.958,2.9515,2.9525,24
2026-02-19 17:23:00,2.948,2.95,2.945,2.945,2.953,2.955,2.95,2.95,23
2026-02-19 17:24:00,2.9455,2.948,2.944,2.948,2.9505,2.953,2.949,2.953,19
2026-02-19 17:25:00,2.9485,2.95,2.943,2.943,2.9535,2.955,2.948,2.948,26
2026-02-19 17:26:00,2.942,2.942,2.9385,2.941,2.947,2.947,2.9435,2.946,23
2026-02-19 17:27:00,2.94,2.942,2.935,2.936,2.945,2.947,2.94,2.941,36
2026-02-19 17:28:00,2.9365,2.937,2.933,2.935,2.9415,2.942,2.938,2.94,30
2026-02-19 17:29:00,2.9355,2.9355,2.9315,2.932,2.9405,2.9405,2.9365,2.937,45
2026-02-19 17:30:00,2.9325,2.9335,2.928,2.9335,2.9375,2.9385,2.933,2.9385,41
2026-02-19 17:31:00,2.933,2.937,2.933,2.937,2.938,2.942,2.938,2.942,15
2026-02-19 17:32:00,2.936,2.943,2.936,2.942,2.941,2.948,2.941,2.947,27
2026-02-19 17:33:00,2.9415,2.9445,2.941,2.941,2.9465,2.9495,2.946,2.946,18
2026-02-19 17:34:00,2.942,2.9425,2.936,2.9385,2.947,2.9475,2.941,2.9435,28
2026-02-19 17:35:00,2.938,2.942,2.937,2.9405,2.943,2.947,2.942,2.9455,35
2026-02-19 17:36:00,2.94,2.941,2.9385,2.941,2.945,2.946,2.9435,2.946,19
2026-02-19 17:37:00,2.9405,2.944,2.939,2.943,2.9455,2.949,2.944,2.948,21
2026-02-19 17:38:00,2.9435,2.9455,2.943,2.9455,2.9485,2.9505,2.948,2.9505,24
2026-02-19 17:39:00,2.946,2.948,2.946,2.948,2.951,2.953,2.951,2.953,15
2026-02-19 17:40:00,2.947,2.947,2.9445,2.9465,2.952,2.952,2.9495,2.9515,14
2026-02-19 17:41:00,2.946,2.951,2.944,2.951,2.951,2.956,2.949,2.956,44
2026-02-19 17:42:00,2.9515,2.952,2.949,2.95,2.9565,2.957,2.954,2.955,40
2026-02-19 17:43:00,2.9495,2.9525,2.948,2.95,2.9545,2.9575,2.953,2.955,23
2026-02-19 17:44:00,2.9505,2.953,2.9505,2.9505,2.9555,2.958,2.9555,2.9555,23
2026-02-19 17:45:00,2.95,2.952,2.949,2.951,2.955,2.957,2.954,2.956,19
2026-02-19 17:46:00,2.9515,2.9525,2.9505,2.9525,2.9565,2.9575,2.9555,2.9575,10
2026-02-19 17:47:00,2.953,2.954,2.9525,2.953,2.958,2.959,2.9575,2.958,11
2026-02-19 17:48:00,2.9535,2.954,2.95,2.95,2.9585,2.959,2.955,2.955,12
2026-02-19 17:49:00,2.9505,2.955,2.9505,2.955,2.9555,2.96,2.9555,2.96,14
2026-02-19 17:50:00,2.9545,2.955,2.954,2.955,2.9595,2.96,2.959,2.96,9
2026-02-19 17:51:00,2.9555,2.959,2.9555,2.957,2.9605,2.964,2.9605,2.962,22
2026-02-19 17:52:00,2.958,2.961,2.958,2.958,2.963,2.966,2.963,2.963,26
2026-02-19 17:53:00,2.959,2.9605,2.958,2.9605,2.964,2.9655,2.963,2.9655,12
2026-02-19 17:54:00,2.961,2.965,2.96,2.965,2.966,2.97,2.965,2.97,30
2026-02-19 17:55:00,2.9655,2.974,2.9655,2.9725,2.9705,2.979,2.9705,2.9775,70
2026-02-19 17:56:00,2.972,2.973,2.971,2.973,2.977,2.978,2.976,2.978,18
2026-02-19 17:57:00,2.9725,2.9725,2.961,2.965,2.9775,2.9775,2.966,2.97,47
2026-02-19 17:58:00,2.9655,2.9655,2.9585,2.959,2.9705,2.9705,2.9635,2.964,31
2026-02-19 17:59:00,2.96,2.966,2.958,2.9625,2.965,2.971,2.963,2.9675,36
2026-02-19 18:00:00,2.9615,2.962,2.958,2.962,2.9665,2.967,2.963,2.967,28
2026-02-19 18:01:00,2.963,2.965,2.9615,2.962,2.968,2.97,2.9665,2.967,26
2026-02-19 18:02:00,2.9625,2.965,2.961,2.963,2.9675,2.97,2.966,2.968,22
2026-02-19 18:03:00,2.961,2.964,2.9605,2.964,2.966,2.969,2.9655,2.969,16
2026-02-19 18:04:00,2.9635,2.965,2.96,2.9625,2.9685,2.97,2.965,2.9675,30
2026-02-19 18:05:00,2.963,2.966,2.9605,2.965,2.968,2.971,2.9655,2.97,24
2026-02-19 18:06:00,2.9645,2.9645,2.958,2.9605,2.9695,2.9695,2.963,2.9655,27
2026-02-19 18:07:00,2.96,2.962,2.959,2.962,2.965,2.967,2.964,2.967,29
2026-02-19 18:08:00,2.9615,2.9665,2.9595,2.966,2.9665,2.9715,2.9645,2.971,50
2026-02-19 18:09:00,2.9655,2.967,2.965,2.966,2.9705,2.972,2.97,2.971,21
2026-02-19 18:10:00,2.9655,2.9705,2.965,2.967,2.9705,2.9755,2.97,2.972,33
2026-02-19 18:11:00,2.966,2.966,2.963,2.9645,2.971,2.971,2.968,2.9695,30
2026-02-19 18:12:00,2.964,2.966,2.963,2.966,2.969,2.971,2.968,2.971,22
2026-02-19 18:13:00,2.9655,2.968,2.965,2.967,2.9705,2.973,2.97,2.972,25
2026-02-19 18:14:00,2.9675,2.971,2.9675,2.9695,2.9725,2.976,2.9725,2.9745,20
2026-02-19 18:15:00,2.969,2.971,2.968,2.968,2.974,2.976,2.973,2.973,17
2026-02-19 18:16:00,2.9675,2.969,2.963,2.963,2.9725,2.974,2.968,2.968,23
2026-02-19 18:17:00,2.9625,2.9635,2.961,2.962,2.9675,2.9685,2.966,2.967,19
2026-02-19 18:18:00,2.9625,2.968,2.961,2.968,2.9675,2.973,2.966,2.973,17
2026-02-19 18:19:00,2.9675,2.97,2.966,2.969,2.9725,2.975,2.971,2.974,30
2026-02-19 18:20:00,2.97,2.97,2.967,2.967,2.975,2.975,2.972,2.972,26
2026-02-19 18:21:00,2.968,2.9695,2.967,2.9695,2.973,2.9745,2.972,2.9745,23
2026-02-19 18:22:00,2.97,2.9705,2.969,2.97,2.975,2.9755,2.974,2.975,16
2026-02-19 18:23:00,2.9695,2.97,2.958,2.96,2.9745,2.975,2.963,2.965,44
2026-02-19 18:24:00,2.9605,2.963,2.957,2.959,2.9655,2.968,2.962,2.964,24
2026-02-19 18:25:00,2.9595,2.9595,2.944,2.9485,2.9645,2.9645,2.949,2.9535,60
2026-02-19 18:26:00,2.949,2.951,2.947,2.951,2.954,2.956,2.952,2.956,29
2026-02-19 18:27:00,2.9515,2.952,2.948,2.952,2.9565,2.957,2.953,2.957,33
2026-02-19 18:28:00,2.951,2.951,2.947,2.949,2.956,2.956,2.952,2.954,37
2026-02-19 18:29:00,2.9495,2.953,2.9495,2.953,2.9545,2.958,2.9545,2.958,18
2026-02-19 18:30:00,2.954,2.955,2.954,2.9545,2.959,2.96,2.959,2.9595,17
2026-02-19 18:31:00,2.954,2.955,2.9505,2.953,2.959,2.96,2.9555,2.958,23
2026-02-19 18:32:00,2.9535,2.958,2.9535,2.955,2.9585,2.963,2.9585,2.96,26
2026-02-19 18:33:00,2.954,2.9565,2.954,2.956,2.959,2.9615,2.959,2.961,14
2026-02-19 18:34:00,2.9565,2.957,2.951,2.951,2.9615,2.962,2.956,2.956,16
2026-02-19 18:35:00,2.9515,2.952,2.9455,2.947,2.9565,2.957,2.9505,2.952,15
2026-02-19 18:36:00,2.948,2.95,2.946,2.949,2.953,2.955,2.951,2.954,16
2026-02-19 18:37:00,2.9495,2.955,2.949,2.955,2.9545,2.96,2.954,2.96,18
2026-02-19 18:38:00,2.9545,2.955,2.953,2.9535,2.9595,2.96,2.958,2.9585,14
2026-02-19 18:39:00,2.953,2.9545,2.953,2.9545,2.958,2.9595,2.958,2.9595,16
2026-02-19 18:40:00,2.954,2.9555,2.9525,2.9525,2.959,2.9605,2.9575,2.9575,13
2026-02-19 18:41:00,2.953,2.955,2.953,2.955,2.958,2.96,2.958,2.96,11
2026-02-19 18:42:00,2.956,2.956,2.954,2.956,2.961,2.961,2.959,2.961,10
2026-02-19 18:43:00,2.955,2.957,2.9545,2.957,2.96,2.962,2.9595,2.962,23
2026-02-19 18:44:00,2.9575,2.958,2.9555,2.957,2.9625,2.963,2.9605,2.962,17
2026-02-19 18:45:00,2.956,2.959,2.956,2.9565,2.961,2.964,2.961,2.9615,28
2026-02-19 18:46:00,2.956,2.956,2.953,2.956,2.961,2.961,2.958,2.961,21
2026-02-19 18:47:00,2.9565,2.96,2.9565,2.9575,2.9615,2.965,2.9615,2.9625,28
2026-02-19 18:48:00,2.958,2.963,2.957,2.961,2.963,2.968,2.962,2.966,18
2026-02-19 18:49:00,2.9615,2.9615,2.959,2.959,2.9665,2.9665,2.964,2.964,18
2026-02-19 18:50:00,2.9595,2.9645,2.958,2.964,2.9645,2.9695,2.963,2.969,23
2026-02-19 18:51:00,2.9635,2.965,2.9615,2.964,2.9685,2.97,2.9665,2.969,13
2026-02-19 18:52:00,2.9635,2.965,2.9585,2.9615,2.9685,2.97,2.9635,2.9665,38
2026-02-19 18:53:00,2.962,2.963,2.958,2.959,2.967,2.968,2.963,2.964,31
2026-02-19 18:54:00,2.96,2.9625,2.958,2.96,2.965,2.9675,2.963,2.965,20
2026-02-19 18:55:00,2.9605,2.963,2.9595,2.9595,2.9655,2.968,2.9645,2.9645,31
2026-02-19 18:56:00,2.959,2.9625,2.959,2.962,2.964,2.9675,2.964,2.967,14
2026-02-19 18:57:00,2.9625,2.966,2.962,2.965,2.9675,2.971,2.967,2.97,19
2026-02-19 18:58:00,2.9655,2.9655,2.962,2.964,2.9705,2.9705,2.967,2.969,33
2026-02-19 18:59:00,2.9635,2.969,2.9635,2.967,2.9685,2.974,2.9685,2.972,47
2026-02-19 19:00:00,2.966,2.9665,2.9635,2.9635,2.971,2.9715,2.9685,2.9685,17
2026-02-19 19:01:00,2.964,2.966,2.9625,2.9625,2.969,2.971,2.9675,2.9675,13
2026-02-19 19:02:00,2.962,2.9655,2.962,2.964,2.967,2.9705,2.967,2.969,14
2026-02-19 19:03:00,2.9645,2.9655,2.9605,2.962,2.9695,2.9705,2.9655,2.967,31
2026-02-19 19:04:00,2.963,2.963,2.9605,2.961,2.968,2.968,2.9655,2.966,21
2026-02-19 19:05:00,2.962,2.964,2.962,2.963,2.967,2.969,2.967,2.968,14
2026-02-19 19:06:00,2.9635,2.9665,2.963,2.966,2.9685,2.9715,2.968,2.971,29
2026-02-19 19:07:00,2.965,2.968,2.964,2.9675,2.97,2.973,2.969,2.9725,16
2026-02-19 19:08:00,2.968,2.972,2.967,2.972,2.973,2.977,2.972,2.977,18
2026-02-19 19:09:00,2.9725,2.975,2.9695,2.971,2.9775,2.98,2.9745,2.976,49
2026-02-19 19:10:00,2.972,2.974,2.969,2.97,2.977,2.979,2.974,2.975,27
2026-02-19 19:11:00,2.969,2.9705,2.966,2.9675,2.974,2.9755,2.971,2.9725,32
2026-02-19 19:12:00,2.9685,2.971,2.965,2.971,2.9735,2.976,2.97,2.976,29
2026-02-19 19:13:00,2.9705,2.971,2.965,2.967,2.9755,2.976,2.97,2.972,22
2026-02-19 19:14:00,2.968,2.969,2.966,2.966,2.973,2.974,2.971,2.971,20
2026-02-19 19:15:00,2.9665,2.9695,2.966,2.968,2.9715,2.9745,2.971,2.973,30
2026-02-19 19:16:00,2.969,2.97,2.964,2.9645,2.974,2.975,2.969,2.9695,31
2026-02-19 19:17:00,2.965,2.9675,2.964,2.965,2.97,2.9725,2.969,2.97,23
2026-02-19 19:18:00,2.9655,2.967,2.962,2.965,2.9705,2.972,2.967,2.97,40
2026-02-19 19:19:00,2.9655,2.9685,2.965,2.9655,2.9705,2.9735,2.97,2.9705,30
2026-02-19 19:20:00,2.966,2.9665,2.959,2.961,2.971,2.9715,2.964,2.966,56
2026-02-19 19:21:00,2.9615,2.962,2.957,2.958,2.9665,2.967,2.962,2.963,37
2026-02-19 19:22:00,2.9575,2.958,2.957,2.957,2.9625,2.963,2.962,2.962,20
2026-02-19 19:23:00,2.9575,2.958,2.956,2.957,2.9625,2.963,2.961,2.962,22
2026-02-19 19:24:00,2.9575,2.9575,2.953,2.9545,2.9625,2.9625,2.958,2.9595,35
2026-02-19 19:25:00,2.954,2.958,2.954,2.9545,2.959,2.963,2.959,2.9595,30
2026-02-19 19:26:00,2.955,2.957,2.953,2.956,2.96,2.962,2.958,2.961,15
2026-02-19 19:27:00,2.9565,2.96,2.9565,2.958,2.9615,2.965,2.9615,2.963,26
2026-02-19 19:28:00,2.9575,2.9585,2.956,2.957,2.9625,2.9635,2.961,2.962,16
2026-02-19 19:29:00,2.9565,2.957,2.947,2.9475,2.9615,2.962,2.952,2.9525,34
2026-02-19 19:30:00,2.948,2.953,2.945,2.9525,2.953,2.958,2.95,2.9575,43
2026-02-19 19:31:00,2.953,2.956,2.949,2.9495,2.958,2.961,2.954,2.9545,40
2026-02-19 19:32:00,2.95,2.9505,2.9475,2.948,2.955,2.9555,2.9525,2.953,23
2026-02-19 19:33:00,2.9475,2.9485,2.945,2.945,2.9525,2.9535,2.95,2.95,21
2026-02-19 19:34:00,2.9445,2.946,2.942,2.9425,2.9495,2.951,2.947,2.9475,36
2026-02-19 19:35:00,2.942,2.944,2.942,2.944,2.947,2.949,2.947,2.949,17
2026-02-19 19:36:00,2.9445,2.947,2.944,2.947,2.9495,2.952,2.949,2.952,18
2026-02-19 19:37:00,2.9465,2.9505,2.9465,2.95,2.9515,2.9555,2.9515,2.955,17
2026-02-19 19:38:00,2.9505,2.954,2.9475,2.9485,2.9555,2.959,2.9525,2.9535,25
2026-02-19 19:39:00,2.949,2.9505,2.949,2.95,2.954,2.9555,2.954,2.955,8
2026-02-19 19:40:00,2.9495,2.9525,2.949,2.95,2.9545,2.9575,2.954,2.955,39
2026-02-19 19:41:00,2.951,2.954,2.951,2.953,2.956,2.959,2.956,2.958,17
2026-02-19 19:42:00,2.9535,2.9545,2.9505,2.952,2.9585,2.9595,2.9555,2.957,22
2026-02-19 19:43:00,2.9515,2.953,2.951,2.952,2.9565,2.958,2.956,2.957,19
2026-02-19 19:44:00,2.9525,2.953,2.95,2.952,2.9575,2.958,2.955,2.957,14
2026-02-19 19:45:00,2.9515,2.9525,2.9515,2.9515,2.9565,2.9575,2.9565,2.9565,7
2026-02-19 19:46:00,2.951,2.951,2.948,2.949,2.956,2.956,2.953,2.954,22
2026-02-19 19:47:00,2.9495,2.952,2.9495,2.9515,2.9545,2.957,2.9545,2.9565,9
2026-02-19 19:48:00,2.951,2.951,2.951,2.951,2.956,2.956,2.956,2.956,1
2026-02-19 19:49:00,2.9505,2.952,2.948,2.949,2.9555,2.957,2.953,2.954,23
2026-02-19 19:50:00,2.9485,2.949,2.9465,2.9465,2.9535,2.954,2.9515,2.9515,17
2026-02-19 19:51:00,2.946,2.9465,2.943,2.945,2.951,2.9515,2.948,2.95,15
2026-02-19 19:52:00,2.944,2.946,2.942,2.945,2.949,2.951,2.947,2.95,21
2026-02-19 19:53:00,2.944,2.947,2.944,2.947,2.949,2.952,2.949,2.952,9
2026-02-19 19:54:00,2.9465,2.95,2.946,2.95,2.9515,2.955,2.951,2.955,10
2026-02-19 19:55:00,2.9495,2.95,2.9475,2.948,2.9545,2.955,2.9525,2.953,13
2026-02-19 19:56:00,2.9475,2.9485,2.946,2.947,2.9525,2.9535,2.951,2.952,28
2026-02-19 19:57:00,2.9475,2.948,2.947,2.947,2.9525,2.953,2.952,2.952,6
2026-02-19 19:58:00,2.946,2.948,2.945,2.947,2.951,2.953,2.95,2.952,9
2026-02-19 19:59:00,2.9475,2.9475,2.945,2.945,2.9525,2.9525,2.95,2.95,13
2026-02-19 20:00:00,2.9445,2.946,2.9445,2.946,2.9495,2.951,2.9495,2.951,15
2026-02-19 20:01:00,2.9465,2.947,2.946,2.947,2.9515,2.952,2.951,2.952,7
2026-02-19 20:02:00,2.946,2.9465,2.945,2.9465,2.951,2.9515,2.95,2.9515,15
2026-02-19 20:03:00,2.946,2.949,2.9455,2.948,2.951,2.954,2.9505,2.953,23
2026-02-19 20:04:00,2.947,2.947,2.946,2.947,2.952,2.952,2.951,2.952,3
2026-02-19 20:05:00,2.946,2.948,2.9455,2.948,2.951,2.953,2.9505,2.953,11
2026-02-19 20:06:00,2.9475,2.954,2.947,2.953,2.9525,2.959,2.952,2.958,30
2026-02-19 20:07:00,2.954,2.9545,2.9525,2.954,2.959,2.9595,2.9575,2.959,17
2026-02-19 20:08:00,2.955,2.955,2.951,2.954,2.96,2.96,2.956,2.959,18
2026-02-19 20:09:00,2.9545,2.9545,2.952,2.952,2.9595,2.9595,2.957,2.957,20
2026-02-19 20:10:00,2.953,2.956,2.953,2.955,2.958,2.961,2.958,2.96,11
2026-02-19 20:11:00,2.956,2.9585,2.956,2.957,2.961,2.9635,2.961,2.962,21
2026-02-19 20:12:00,2.9575,2.959,2.955,2.955,2.9625,2.964,2.96,2.96,24
2026-02-19 20:13:00,2.9545,2.955,2.949,2.95,2.9595,2.96,2.954,2.955,20
2026-02-19 20:14:00,2.9505,2.951,2.949,2.95,2.9555,2.956,2.954,2.955,20
2026-02-19 20:15:00,2.951,2.954,2.951,2.952,2.956,2.959,2.956,2.957,13
2026-02-19 20:16:00,2.9505,2.951,2.947,2.951,2.9555,2.956,2.952,2.956,14
2026-02-19 20:17:00,2.952,2.953,2.951,2.952,2.957,2.958,2.956,2.957,7
2026-02-19 20:18:00,2.953,2.9555,2.953,2.954,2.958,2.9605,2.958,2.959,21
2026-02-19 20:19:00,2.9545,2.956,2.9535,2.9545,2.9595,2.961,2.9585,2.9595,12
2026-02-19 20:20:00,2.9535,2.9535,2.951,2.951,2.9585,2.9585,2.956,2.956,16
2026-02-19 20:21:00,2.9505,2.953,2.95,2.953,2.9555,2.958,2.955,2.958,25
2026-02-19 20:22:00,2.9535,2.954,2.953,2.9535,2.9585,2.959,2.958,2.9585,6
2026-02-19 20:23:00,2.953,2.954,2.953,2.953,2.958,2.959,2.958,2.958,8
2026-02-19 20:24:00,2.9535,2.954,2.952,2.9535,2.9585,2.959,2.957,2.9585,23
2026-02-19 20:25:00,2.954,2.954,2.948,2.9495,2.959,2.959,2.953,2.9545,37
2026-02-19 20:26:00,2.95,2.9505,2.947,2.9485,2.955,2.9555,2.952,2.9535,30
2026-02-19 20:27:00,2.948,2.948,2.948,2.948,2.953,2.953,2.953,2.953,1
2026-02-19 20:28:00,2.947,2.948,2.938,2.943,2.952,2.953,2.943,2.948,98
2026-02-19 20:29:00,2.942,2.948,2.942,2.947,2.947,2.953,2.947,2.952,38
2026-02-19 20:30:00,2.948,2.949,2.942,2.944,2.953,2.954,2.947,2.949,43
2026-02-19 20:31:00,2.9435,2.944,2.942,2.942,2.9485,2.949,2.947,2.947,27
2026-02-19 20:32:00,2.9425,2.943,2.9415,2.9415,2.9475,2.948,2.9465,2.9465,7
2026-02-19 20:33:00,2.942,2.942,2.9395,2.94,2.947,2.947,2.9445,2.945,19
2026-02-19 20:34:00,2.9405,2.942,2.94,2.9415,2.9455,2.947,2.945,2.9465,11
2026-02-19 20:35:00,2.941,2.943,2.941,2.941,2.946,2.948,2.946,2.946,14
2026-02-19 20:36:00,2.9405,2.9405,2.938,2.9395,2.9455,2.9455,2.943,2.9445,21
2026-02-19 20:37:00,2.94,2.94,2.936,2.936,2.945,2.945,2.941,2.941,24
2026-02-19 20:38:00,2.937,2.938,2.9365,2.938,2.942,2.943,2.9415,2.943,12
2026-02-19 20:39:00,2.937,2.938,2.936,2.9375,2.942,2.943,2.941,2.9425,7
2026-02-19 20:40:00,2.938,2.939,2.936,2.937,2.943,2.944,2.941,2.942,15
2026-02-19 20:41:00,2.9375,2.939,2.937,2.9385,2.9425,2.944,2.942,2.9435,8
2026-02-19 20:42:00,2.938,2.94,2.937,2.937,2.943,2.945,2.942,2.942,8
2026-02-19 20:43:00,2.936,2.937,2.9355,2.936,2.941,2.942,2.9405,2.941,11
2026-02-19 20:44:00,2.937,2.937,2.936,2.937,2.942,2.942,2.941,2.942,9
2026-02-19 20:45:00,2.938,2.94,2.938,2.939,2.943,2.945,2.943,2.944,5
2026-02-19 20:46:00,2.9385,2.939,2.938,2.938,2.9435,2.944,2.943,2.943,7
2026-02-19 20:47:00,2.9375,2.938,2.937,2.9375,2.9425,2.943,2.942,2.9425,14
2026-02-19 20:48:00,2.937,2.94,2.937,2.938,2.942,2.945,2.942,2.943,14
2026-02-19 20:49:00,2.9375,2.938,2.9375,2.938,2.9425,2.943,2.9425,2.943,8
2026-02-19 20:50:00,2.9385,2.939,2.937,2.937,2.9435,2.944,2.942,2.942,12
2026-02-19 20:51:00,2.9365,2.938,2.9365,2.938,2.9415,2.943,2.9415,2.943,3
2026-02-19 20:52:00,2.9385,2.9385,2.9365,2.937,2.9435,2.9435,2.9415,2.942,10
2026-02-19 20:53:00,2.9375,2.938,2.937,2.937,2.9425,2.943,2.942,2.942,5
2026-02-19 20:54:00,2.9375,2.938,2.937,2.9375,2.9425,2.943,2.942,2.9425,5
2026-02-19 20:55:00,2.937,2.938,2.937,2.9375,2.942,2.943,2.942,2.9425,7
2026-02-19 20:56:00,2.937,2.938,2.937,2.938,2.942,2.943,2.942,2.943,3
2026-02-19 20:57:00,2.9385,2.9385,2.938,2.938,2.9435,2.9435,2.943,2.943,4
2026-02-19 20:58:00,2.937,2.938,2.937,2.938,2.942,2.943,2.942,2.943,4
2026-02-19 20:59:00,2.937,2.937,2.936,2.936,2.942,2.942,2.941,2.941,4
2026-02-19 21:00:00,2.935,2.936,2.933,2.933,2.94,2.941,2.938,2.938,11
2026-02-19 21:01:00,2.9325,2.934,2.9325,2.933,2.9375,2.939,2.9375,2.938,8
2026-02-19 21:02:00,2.932,2.9335,2.931,2.931,2.937,2.9385,2.936,2.936,8
2026-02-19 21:03:00,2.9315,2.932,2.93,2.931,2.9365,2.937,2.935,2.936,6
2026-02-19 21:04:00,2.9305,2.931,2.9245,2.928,2.9355,2.936,2.9295,2.933,27
2026-02-19 21:05:00,2.9285,2.929,2.926,2.929,2.9335,2.934,2.931,2.934,9
2026-02-19 21:06:00,2.93,2.931,2.929,2.93,2.935,2.936,2.934,2.935,18
2026-02-19 21:07:00,2.931,2.933,2.9305,2.933,2.936,2.938,2.9355,2.938,28
2026-02-19 21:08:00,2.932,2.933,2.932,2.932,2.937,2.938,2.937,2.937,10
2026-02-19 21:09:00,2.931,2.933,2.929,2.93,2.936,2.938,2.934,2.935,20
2026-02-19 21:10:00,2.9295,2.9305,2.928,2.93,2.9345,2.9355,2.933,2.935,13
2026-02-19 21:11:00,2.929,2.93,2.928,2.9285,2.934,2.935,2.933,2.9335,15
2026-02-19 21:12:00,2.929,2.93,2.929,2.93,2.934,2.935,2.934,2.935,5
2026-02-19 21:13:00,2.9295,2.9295,2.929,2.929,2.9345,2.9345,2.934,2.934,4
2026-02-19 21:14:00,2.9295,2.93,2.929,2.929,2.9345,2.935,2.934,2.934,7
2026-02-19 21:15:00,2.9295,2.931,2.9295,2.931,2.9345,2.936,2.9345,2.936,3
2026-02-19 21:16:00,2.93,2.931,2.93,2.931,2.935,2.936,2.935,2.936,3
2026-02-19 21:17:00,2.93,2.931,2.929,2.931,2.935,2.936,2.934,2.936,4
2026-02-19 21:18:00,2.9305,2.931,2.93,2.931,2.9355,2.936,2.935,2.936,4
2026-02-19 21:19:00,2.93,2.931,2.9295,2.93,2.935,2.936,2.9345,2.935,6
2026-02-19 21:20:00,2.931,2.931,2.9295,2.93,2.936,2.936,2.9345,2.935,5
2026-02-19 21:21:00,2.9295,2.93,2.9295,2.93,2.9345,2.935,2.9345,2.935,2
2026-02-19 21:22:00,2.929,2.93,2.929,2.9295,2.934,2.935,2.934,2.9345,3
2026-02-19 21:23:00,2.929,2.929,2.928,2.928,2.934,2.934,2.933,2.933,4
2026-02-19 21:24:00,2.9285,2.931,2.928,2.93,2.9335,2.936,2.933,2.935,9
2026-02-19 21:25:00,2.9305,2.9305,2.929,2.929,2.9355,2.9355,2.934,2.934,12
2026-02-19 21:26:00,2.9285,2.929,2.9285,2.929,2.9335,2.934,2.9335,2.934,2
2026-02-19 21:27:00,2.9285,2.929,2.9275,2.928,2.9335,2.934,2.9325,2.933,7
2026-02-19 21:28:00,2.9285,2.9285,2.928,2.9285,2.9335,2.9335,2.933,2.9335,5
2026-02-19 21:29:00,2.928,2.9285,2.9275,2.928,2.933,2.9335,2.9325,2.933,9
2026-02-19 21:30:00,2.9275,2.929,2.926,2.928,2.9325,2.934,2.931,2.933,33
2026-02-19 21:31:00,2.927,2.932,2.927,2.931,2.932,2.937,2.932,2.936,14
2026-02-19 21:32:00,2.9315,2.932,2.93,2.931,2.9365,2.937,2.935,2.936,7
2026-02-19 21:33:00,2.932,2.932,2.931,2.931,2.937,2.937,2.936,2.936,8
2026-02-19 21:34:00,2.932,2.9325,2.931,2.9325,2.937,2.9375,2.936,2.9375,5
2026-02-19 21:35:00,2.933,2.935,2.9325,2.935,2.938,2.94,2.9375,2.94,8
2026-02-19 21:36:00,2.9345,2.935,2.934,2.935,2.9395,2.94,2.939,2.94,8
2026-02-19 21:37:00,2.9345,2.9355,2.9335,2.9335,2.9395,2.9405,2.9385,2.9385,8
2026-02-19 21:38:00,2.9345,2.9345,2.933,2.934,2.9395,2.9395,2.938,2.939,4
2026-02-19 21:39:00,2.9345,2.936,2.9345,2.9355,2.9395,2.941,2.9395,2.9405,9
2026-02-19 21:40:00,2.936,2.936,2.935,2.935,2.941,2.941,2.94,2.94,8
2026-02-19 21:41:00,2.934,2.935,2.934,2.935,2.939,2.94,2.939,2.94,3
2026-02-19 21:43:00,2.934,2.934,2.9325,2.9325,2.939,2.939,2.9375,2.9375,9
2026-02-19 21:44:00,2.932,2.9335,2.932,2.9335,2.937,2.9385,2.937,2.9385,5
2026-02-19 21:45:00,2.933,2.9335,2.933,2.9335,2.938,2.9385,2.938,2.9385,2
2026-02-19 21:46:00,2.934,2.934,2.932,2.932,2.939,2.939,2.937,2.937,6
2026-02-19 21:47:00,2.9325,2.9325,2.929,2.93,2.9375,2.9375,2.934,2.935,15
2026-02-19 21:48:00,2.9295,2.931,2.9295,2.93,2.9345,2.936,2.9345,2.935,5
2026-02-19 21:49:00,2.9295,2.93,2.9295,2.93,2.9345,2.935,2.9345,2.935,2
2026-02-19 21:50:00,2.929,2.93,2.929,2.929,2.934,2.935,2.934,2.934,8
2026-02-19 21:51:00,2.928,2.929,2.928,2.928,2.933,2.934,2.933,2.933,5
2026-02-19 21:52:00,2.9285,2.929,2.928,2.929,2.9335,2.934,2.933,2.934,6
2026-02-19 21:53:00,2.93,2.93,2.929,2.929,2.935,2.935,2.934,2.934,5
2026-02-19 21:54:00,2.93,2.93,2.93,2.93,2.935,2.935,2.935,2.935,1
2026-02-19 21:55:00,2.931,2.932,2.931,2.931,2.936,2.937,2.936,2.936,8
2026-02-19 21:56:00,2.9315,2.933,2.931,2.933,2.9365,2.938,2.936,2.938,7
2026-02-19 21:57:00,2.9325,2.9325,2.931,2.931,2.9375,2.9375,2.936,2.936,5
2026-02-19 21:58:00,2.9305,2.931,2.9305,2.931,2.9355,2.936,2.9355,2.936,2
2026-02-19 21:59:00,2.932,2.932,2.931,2.932,2.937,2.937,2.936,2.937,8
2026-02-19 22:00:00,2.9315,2.9315,2.9315,2.9315,2.9365,2.9365,2.9365,2.9365,1
2026-02-19 22:01:00,2.931,2.931,2.93,2.9305,2.936,2.936,2.935,2.9355,3
2026-02-19 22:02:00,2.9295,2.9295,2.9215,2.9235,2.9345,2.9345,2.9265,2.9285,35
2026-02-19 22:03:00,2.923,2.9265,2.923,2.926,2.928,2.9315,2.928,2.931,17
2026-02-19 22:04:00,2.928,2.928,2.926,2.927,2.933,2.933,2.931,2.932,7
2026-02-19 22:05:00,2.928,2.928,2.924,2.925,2.933,2.933,2.929,2.93,12
2026-02-19 22:06:00,2.9255,2.927,2.9255,2.927,2.9305,2.932,2.9305,2.932,3
2026-02-19 22:07:00,2.926,2.927,2.926,2.927,2.931,2.932,2.931,2.932,7
2026-02-19 22:08:00,2.9255,2.926,2.924,2.9255,2.9305,2.931,2.929,2.9305,12
2026-02-19 22:09:00,2.9245,2.9245,2.9225,2.9235,2.9295,2.9295,2.9275,2.9285,14
2026-02-19 22:10:00,2.923,2.924,2.9215,2.923,2.928,2.929,2.9265,2.928,18
2026-02-19 22:11:00,2.9225,2.923,2.921,2.923,2.9275,2.928,2.926,2.928,18
2026-02-19 22:12:00,2.9225,2.923,2.921,2.9215,2.9275,2.928,2.926,2.9265,22
2026-02-19 22:13:00,2.9225,2.9225,2.9195,2.922,2.9275,2.9275,2.9245,2.927,12
2026-02-19 22:14:00,2.923,2.924,2.9205,2.921,2.928,2.929,2.9255,2.926,12
2026-02-19 22:15:00,2.9215,2.923,2.9215,2.9225,2.9265,2.928,2.9265,2.9275,4
2026-02-19 22:16:00,2.923,2.9235,2.9215,2.9215,2.928,2.9285,2.9265,2.9265,5
2026-02-19 22:17:00,2.922,2.922,2.92,2.92,2.927,2.927,2.925,2.925,8
2026-02-19 22:18:00,2.9205,2.921,2.916,2.916,2.9255,2.926,2.921,2.921,17
2026-02-19 22:19:00,2.9155,2.9165,2.9155,2.916,2.9205,2.9215,2.9205,2.921,4
2026-02-19 22:20:00,2.9165,2.917,2.915,2.9155,2.9215,2.922,2.92,2.9205,11
2026-02-19 22:21:00,2.916,2.917,2.914,2.914,2.921,2.922,2.919,2.919,6
2026-02-19 22:22:00,2.9135,2.9135,2.907,2.908,2.9185,2.9185,2.912,2.913,30
2026-02-19 22:23:00,2.909,2.911,2.909,2.911,2.914,2.916,2.914,2.916,6
2026-02-19 22:24:00,2.9105,2.912,2.91,2.9115,2.9155,2.917,2.915,2.9165,8
2026-02-19 22:25:00,2.912,2.913,2.9115,2.912,2.917,2.918,2.9165,2.917,16
2026-02-19 22:26:00,2.9125,2.9135,2.9125,2.9135,2.9175,2.9185,2.9175,2.9185,3
2026-02-19 22:27:00,2.913,2.913,2.9115,2.9115,2.918,2.918,2.9165,2.9165,5
2026-02-19 22:28:00,2.9105,2.9115,2.91,2.9115,2.9155,2.9165,2.915,2.9165,5
2026-02-19 22:29:00,2.912,2.912,2.91,2.91,2.917,2.917,2.915,2.915,8
2026-02-19 22:30:00,2.9105,2.9105,2.9075,2.9085,2.9155,2.9155,2.9125,2.9135,13
2026-02-19 22:31:00,2.909,2.9125,2.9085,2.9125,2.914,2.9175,2.9135,2.9175,7
2026-02-19 22:32:00,2.913,2.9135,2.913,2.913,2.918,2.9185,2.918,2.918,3
2026-02-19 22:33:00,2.912,2.912,2.9105,2.9105,2.917,2.917,2.9155,2.9155,7
2026-02-19 22:34:00,2.911,2.912,2.9105,2.912,2.916,2.917,2.9155,2.917,4
2026-02-19 22:35:00,2.9115,2.9115,2.91,2.91,2.9165,2.9165,2.915,2.915,3
2026-02-19 22:36:00,2.909,2.9105,2.909,2.91,2.914,2.9155,2.914,2.915,3
2026-02-19 22:37:00,2.911,2.911,2.9085,2.9095,2.916,2.916,2.9135,2.9145,10
2026-02-19 22:38:00,2.91,2.9105,2.9095,2.91,2.915,2.9155,2.9145,2.915,4
2026-02-19 22:39:00,2.9105,2.911,2.9105,2.9105,2.9155,2.916,2.9155,2.9155,5
2026-02-19 22:40:00,2.911,2.912,2.911,2.912,2.916,2.917,2.916,2.917,2
2026-02-19 22:41:00,2.9115,2.9115,2.911,2.911,2.9165,2.9165,2.916,2.916,2
2026-02-19 22:42:00,2.912,2.917,2.912,2.915,2.917,2.922,2.917,2.92,12
2026-02-19 22:43:00,2.9145,2.9145,2.914,2.9145,2.9195,2.9195,2.919,2.9195,5
2026-02-19 22:44:00,2.915,2.917,2.915,2.9155,2.92,2.922,2.92,2.9205,9
2026-02-19 22:45:00,2.916,2.917,2.9155,2.9165,2.921,2.922,2.9205,2.9215,7
2026-02-19 22:46:00,2.917,2.918,2.9155,2.916,2.922,2.923,2.9205,2.921,7
2026-02-19 22:47:00,2.9155,2.9155,2.915,2.915,2.9205,2.9205,2.92,2.92,2
2026-02-19 22:48:00,2.9155,2.9165,2.9155,2.9165,2.9205,2.9215,2.9205,2.9215,5
2026-02-19 22:49:00,2.917,2.917,2.9155,2.916,2.922,2.922,2.9205,2.921,11
2026-02-19 22:50:00,2.9165,2.919,2.9165,2.919,2.9215,2.924,2.9215,2.924,9
2026-02-19 22:52:00,2.92,2.92,2.92,2.92,2.925,2.925,2.925,2.925,1
2026-02-19 22:53:00,2.9185,2.921,2.9185,2.9195,2.9235,2.926,2.9235,2.9245,14
2026-02-19 22:54:00,2.92,2.926,2.92,2.9225,2.925,2.931,2.925,2.9275,23
2026-02-19 22:55:00,2.922,2.923,2.922,2.923,2.927,2.928,2.927,2.928,11
2026-02-19 22:56:00,2.9235,2.9235,2.9215,2.9215,2.9285,2.9285,2.9265,2.9265,4
2026-02-19 22:57:00,2.921,2.921,2.92,2.9205,2.926,2.926,2.925,2.9255,4
2026-02-19 22:58:00,2.921,2.922,2.921,2.9215,2.926,2.927,2.926,2.9265,9
2026-02-19 22:59:00,2.922,2.923,2.9208,2.9223,2.927,2.928,2.9258,2.9273,8
2026-02-20 00:00:00,2.9218,2.9223,2.9148,2.9183,2.9268,2.9273,2.9198,2.9233,35
2026-02-20 00:01:00,2.9193,2.9198,2.9148,2.9148,2.9243,2.9248,2.9198,2.9198,18
2026-02-20 00:02:00,2.9138,2.9173,2.9138,2.9168,2.9188,2.9223,2.9188,2.9218,7
2026-02-20 00:03:00,2.9163,2.9173,2.9118,2.9148,2.9213,2.9223,2.9168,2.9198,5
2026-02-20 00:04:00,2.9153,2.9158,2.9148,2.9148,2.9203,2.9208,2.9198,2.9198,5
2026-02-20 00:05:00,2.9153,2.9168,2.9148,2.9168,2.9203,2.9218,2.9198,2.9218,5
2026-02-20 00:06:00,2.9173,2.9243,2.9173,2.9188,2.9223,2.9293,2.9223,2.9238,16
2026-02-20 00:07:00,2.9198,2.9198,2.9198,2.9198,2.9248,2.9248,2.9248,2.9248,1
2026-02-20 00:08:00,2.9203,2.9203,2.9183,2.9188,2.9253,2.9253,2.9233,2.9238,4
2026-02-20 00:09:00,2.9193,2.9228,2.9193,2.9218,2.9243,2.9278,2.9243,2.9268,9
2026-02-20 00:10:00,2.9213,2.9218,2.9178,2.9213,2.9263,2.9268,2.9228,2.9263,18
2026-02-20 00:11:00,2.9203,2.9223,2.9178,2.9178,2.9253,2.9273,2.9228,2.9228,9
2026-02-20 00:13:00,2.9188,2.9203,2.9188,2.9193,2.9238,2.9253,2.9238,2.9243,3
2026-02-20 00:14:00,2.9198,2.9208,2.9198,2.9208,2.9248,2.9258,2.9248,2.9258,3
2026-02-20 00:15:00,2.9213,2.9213,2.9188,2.9188,2.9263,2.9263,2.9238,2.9238,5
2026-02-20 00:16:00,2.9183,2.9188,2.9183,2.9188,2.9233,2.9238,2.9233,2.9238,2
2026-02-20 00:17:00,2.9193,2.9193,2.9193,2.9193,2.9243,2.9243,2.9243,2.9243,1
2026-02-20 00:18:00,2.9198,2.9198,2.9198,2.9198,2.9248,2.9248,2.9248,2.9248,1
2026-02-20 00:19:00,2.9203,2.9203,2.9203,2.9203,2.9253,2.9253,2.9253,2.9253,1
2026-02-20 00:20:00,2.9208,2.9213,2.9208,2.9213,2.9258,2.9263,2.9258,2.9263,2
2026-02-20 00:23:00,2.9208,2.9208,2.9203,2.9203,2.9258,2.9258,2.9253,2.9253,2
2026-02-20 00:24:00,2.9218,2.9288,2.9213,2.9248,2.9268,2.9338,2.9263,2.9298,21
2026-02-20 00:25:00,2.9258,2.9283,2.9223,2.9258,2.9308,2.9333,2.9273,2.9308,18
2026-02-20 00:26:00,2.9253,2.9258,2.9218,2.9248,2.9303,2.9308,2.9268,2.9298,11
2026-02-20 00:27:00,2.9258,2.9283,2.9258,2.9283,2.9308,2.9333,2.9308,2.9333,3
2026-02-20 00:28:00,2.9298,2.9298,2.9253,2.9253,2.9348,2.9348,2.9303,2.9303,7
2026-02-20 00:29:00,2.9258,2.9273,2.9258,2.9273,2.9308,2.9323,2.9308,2.9323,2
2026-02-20 00:30:00,2.9263,2.9263,2.9233,2.9233,2.9313,2.9313,2.9283,2.9283,5
2026-02-20 00:31:00,2.9238,2.9243,2.9238,2.9243,2.9288,2.9293,2.9288,2.9293,2
2026-02-20 00:32:00,2.9223,2.9223,2.9218,2.9218,2.9273,2.9273,2.9268,2.9268,2
2026-02-20 00:33:00,2.9228,2.9233,2.9223,2.9233,2.9278,2.9283,2.9273,2.9283,3
2026-02-20 00:34:00,2.9228,2.9228,2.9188,2.9223,2.9278,2.9278,2.9238,2.9273,8
2026-02-20 00:35:00,2.9233,2.9233,2.9233,2.9233,2.9283,2.9283,2.9283,2.9283,1
2026-02-20 00:36:00,2.9238,2.9238,2.9238,2.9238,2.9288,2.9288,2.9288,2.9288,1
2026-02-20 00:37:00,2.9233,2.9233,2.9233,2.9233,2.9283,2.9283,2.9283,2.9283,1
2026-02-20 00:38:00,2.9238,2.9258,2.9238,2.9258,2.9288,2.9308,2.9288,2.9308,3
2026-02-20 00:39:00,2.9263,2.9263,2.9253,2.9253,2.9313,2.9313,2.9303,2.9303,2
2026-02-20 00:42:00,2.9263,2.9263,2.9263,2.9263,2.9313,2.9313,2.9313,2.9313,1
2026-02-20 00:44:00,2.9258,2.9258,2.9253,2.9253,2.9308,2.9308,2.9303,2.9303,2
2026-02-20 00:45:00,2.9268,2.9278,2.9248,2.9253,2.9318,2.9328,2.9298,2.9303,5
2026-02-20 00:46:00,2.9258,2.9283,2.9248,2.9273,2.9308,2.9333,2.9298,2.9323,5
2026-02-20 00:47:00,2.9278,2.9278,2.9273,2.9273,2.9328,2.9328,2.9323,2.9323,2
2026-02-20 00:48:00,2.9263,2.9263,2.9253,2.9253,2.9313,2.9313,2.9303,2.9303,3
2026-02-20 00:49:00,2.9258,2.9258,2.9258,2.9258,2.9308,2.9308,2.9308,2.9308,1
2026-02-20 00:51:00,2.9263,2.9263,2.9263,2.9263,2.9313,2.9313,2.9313,2.9313,1
2026-02-20 00:53:00,2.9268,2.9268,2.9258,2.9263,2.9318,2.9318,2.9308,2.9313,3
2026-02-20 00:55:00,2.9253,2.9253,2.9253,2.9253,2.9303,2.9303,2.9303,2.9303,1
2026-02-20 00:56:00,2.9248,2.9248,2.9238,2.9248,2.9298,2.9298,2.9288,2.9298,3
2026-02-20 00:57:00,2.9253,2.9253,2.9253,2.9253,2.9303,2.9303,2.9303,2.9303,1
2026-02-20 00:58:00,2.9248,2.9253,2.9248,2.9253,2.9298,2.9303,2.9298,2.9303,2
2026-02-20 01:00:00,2.9248,2.9258,2.9248,2.9258,2.9298,2.9308,2.9298,2.9308,3
2026-02-20 01:01:00,2.9253,2.9258,2.9253,2.9253,2.9303,2.9308,2.9303,2.9303,3
2026-02-20 01:02:00,2.9263,2.9278,2.9258,2.9273,2.9313,2.9328,2.9308,2.9323,7
2026-02-20 01:04:00,2.9278,2.9278,2.9273,2.9273,2.9328,2.9328,2.9323,2.9323,4
2026-02-20 01:05:00,2.9278,2.9278,2.9278,2.9278,2.9328,2.9328,2.9328,2.9328,1
2026-02-20 01:06:00,2.9283,2.9293,2.9283,2.9293,2.9333,2.9343,2.9333,2.9343,5
2026-02-20 01:07:00,2.9298,2.9298,2.9283,2.9288,2.9348,2.9348,2.9333,2.9338,7
2026-02-20 01:08:00,2.9293,2.9303,2.9283,2.9288,2.9343,2.9353,2.9333,2.9338,8
2026-02-20 01:09:00,2.9283,2.9288,2.9278,2.9278,2.9333,2.9338,2.9328,2.9328,4
2026-02-20 01:10:00,2.9283,2.9293,2.9283,2.9293,2.9333,2.9343,2.9333,2.9343,3
2026-02-20 01:11:00,2.9288,2.9303,2.9288,2.9303,2.9338,2.9353,2.9338,2.9353,4
2026-02-20 01:13:00,2.9298,2.9298,2.9288,2.9293,2.9348,2.9348,2.9338,2.9343,3
2026-02-20 01:14:00,2.9298,2.9298,2.9293,2.9293,2.9348,2.9348,2.9343,2.9343,2
2026-02-20 01:15:00,2.9298,2.9323,2.9298,2.9323,2.9348,2.9373,2.9348,2.9373,4
2026-02-20 01:16:00,2.9313,2.9338,2.9308,2.9338,2.9363,2.9388,2.9358,2.9388,15
2026-02-20 01:17:00,2.9333,2.9348,2.9333,2.9348,2.9383,2.9398,2.9383,2.9398,6
2026-02-20 01:18:00,2.9338,2.9338,2.9328,2.9333,2.9388,2.9388,2.9378,2.9383,5
2026-02-20 01:19:00,2.9323,2.9338,2.9323,2.9338,2.9373,2.9388,2.9373,2.9388,4
2026-02-20 01:20:00,2.9328,2.9328,2.9308,2.9318,2.9378,2.9378,2.9358,2.9368,5
2026-02-20 01:21:00,2.9313,2.9313,2.9308,2.9313,2.9363,2.9363,2.9358,2.9363,3
2026-02-20 01:22:00,2.9308,2.9318,2.9308,2.9318,2.9358,2.9368,2.9358,2.9368,2
2026-02-20 01:25:00,2.9313,2.9323,2.9298,2.9318,2.9363,2.9373,2.9348,2.9368,8
2026-02-20 01:26:00,2.9323,2.9323,2.9318,2.9323,2.9373,2.9373,2.9368,2.9373,3
2026-02-20 01:27:00,2.9328,2.9328,2.9328,2.9328,2.9378,2.9378,2.9378,2.9378,1
2026-02-20 01:29:00,2.9338,2.9338,2.9333,2.9333,2.9388,2.9388,2.9383,2.9383,2
2026-02-20 01:30:00,2.9328,2.9338,2.9328,2.9338,2.9378,2.9388,2.9378,2.9388,3
2026-02-20 01:31:00,2.9343,2.9343,2.9343,2.9343,2.9393,2.9393,2.9393,2.9393,1
2026-02-20 01:32:00,2.9348,2.9348,2.9348,2.9348,2.9398,2.9398,2.9398,2.9398,1
2026-02-20 01:33:00,2.9343,2.9358,2.9338,2.9358,2.9393,2.9408,2.9388,2.9408,5
2026-02-20 01:34:00,2.9353,2.9353,2.9353,2.9353,2.9403,2.9403,2.9403,2.9403,1
2026-02-20 01:35:00,2.9358,2.9378,2.9358,2.9368,2.9408,2.9428,2.9408,2.9418,10
2026-02-20 01:36:00,2.9378,2.9383,2.9378,2.9383,2.9428,2.9433,2.9428,2.9433,2
2026-02-20 01:37:00,2.9378,2.9388,2.9378,2.9388,2.9428,2.9438,2.9428,2.9438,3
2026-02-20 01:38:00,2.9383,2.9388,2.9383,2.9388,2.9433,2.9438,2.9433,2.9438,2
2026-02-20 01:39:00,2.9398,2.9398,2.9388,2.9388,2.9448,2.9448,2.9438,2.9438,2
2026-02-20 01:40:00,2.9393,2.9408,2.9393,2.9398,2.9443,2.9458,2.9443,2.9448,4
2026-02-20 01:41:00,2.9408,2.9408,2.9388,2.9388,2.9458,2.9458,2.9438,2.9438,7
2026-02-20 01:43:00,2.9398,2.9398,2.9393,2.9393,2.9448,2.9448,2.9443,2.9443,2
2026-02-20 01:44:00,2.9388,2.9388,2.9388,2.9388,2.9438,2.9438,2.9438,2.9438,1
2026-02-20 01:46:00,2.9378,2.9378,2.9378,2.9378,2.9428,2.9428,2.9428,2.9428,1
2026-02-20 01:47:00,2.9383,2.9383,2.9383,2.9383,2.9433,2.9433,2.9433,2.9433,1
2026-02-20 01:48:00,2.9373,2.9383,2.9368,2.9383,2.9423,2.9433,2.9418,2.9433,6
2026-02-20 01:50:00,2.9388,2.9388,2.9383,2.9383,2.9438,2.9438,2.9433,2.9433,2
2026-02-20 01:52:00,2.9378,2.9383,2.9378,2.9383,2.9428,2.9433,2.9428,2.9433,2
2026-02-20 01:53:00,2.9378,2.9383,2.9378,2.9383,2.9428,2.9433,2.9428,2.9433,2
2026-02-20 01:54:00,2.9373,2.9388,2.9373,2.9388,2.9423,2.9438,2.9423,2.9438,2
2026-02-20 01:55:00,2.9378,2.9378,2.9368,2.9368,2.9428,2.9428,2.9418,2.9418,2
2026-02-20 01:56:00,2.9363,2.9373,2.9363,2.9368,2.9413,2.9423,2.9413,2.9418,3
2026-02-20 01:57:00,2.9358,2.9358,2.9358,2.9358,2.9408,2.9408,2.9408,2.9408,1
2026-02-20 01:58:00,2.9363,2.9368,2.9348,2.9363,2.9413,2.9418,2.9398,2.9413,7
2026-02-20 01:59:00,2.9358,2.9358,2.9338,2.9343,2.9408,2.9408,2.9388,2.9393,4
2026-02-20 02:00:00,2.9338,2.9343,2.9308,2.9313,2.9388,2.9393,2.9358,2.9363,8
2026-02-20 02:01:00,2.9308,2.9333,2.9288,2.9333,2.9358,2.9383,2.9338,2.9383,16
2026-02-20 02:02:00,2.9338,2.9348,2.9328,2.9348,2.9388,2.9398,2.9378,2.9398,5
2026-02-20 02:03:00,2.9343,2.9343,2.9343,2.9343,2.9393,2.9393,2.9393,2.9393,1
2026-02-20 02:05:00,2.9338,2.9338,2.9333,2.9338,2.9388,2.9388,2.9383,2.9388,3
2026-02-20 02:06:00,2.9343,2.9353,2.9343,2.9348,2.9393,2.9403,2.9393,2.9398,4
2026-02-20 02:09:00,2.9338,2.9343,2.9338,2.9343,2.9388,2.9393,2.9388,2.9393,2
2026-02-20 02:10:00,2.9333,2.9338,2.9333,2.9338,2.9383,2.9388,2.9383,2.9388,2
2026-02-20 02:11:00,2.9333,2.9333,2.9333,2.9333,2.9383,2.9383,2.9383,2.9383,1
2026-02-20 02:12:00,2.9338,2.9343,2.9338,2.9343,2.9388,2.9393,2.9388,2.9393,2
2026-02-20 02:13:00,2.9348,2.9348,2.9348,2.9348,2.9398,2.9398,2.9398,2.9398,1
2026-02-20 02:14:00,2.9343,2.9343,2.9333,2.9333,2.9393,2.9393,2.9383,2.9383,2
2026-02-20 02:15:00,2.9328,2.9333,2.9328,2.9333,2.9378,2.9383,2.9378,2.9383,2
2026-02-20 02:16:00,2.9343,2.9343,2.9343,2.9343,2.9393,2.9393,2.9393,2.9393,1
2026-02-20 02:19:00,2.9348,2.9348,2.9328,2.9328,2.9398,2.9398,2.9378,2.9378,3
2026-02-20 02:20:00,2.9333,2.9333,2.9333,2.9333,2.9383,2.9383,2.9383,2.9383,1
2026-02-20 02:21:00,2.9328,2.9328,2.9328,2.9328,2.9378,2.9378,2.9378,2.9378,1
2026-02-20 02:22:00,2.9333,2.9333,2.9328,2.9333,2.9383,2.9383,2.9378,2.9383,3
2026-02-20 02:25:00,2.9328,2.9333,2.9328,2.9328,2.9378,2.9383,2.9378,2.9378,3
2026-02-20 02:26:00,2.9333,2.9338,2.9333,2.9338,2.9383,2.9388,2.9383,2.9388,2
2026-02-20 02:27:00,2.9333,2.9343,2.9333,2.9343,2.9383,2.9393,2.9383,2.9393,2
2026-02-20 02:28:00,2.9348,2.9358,2.9348,2.9353,2.9398,2.9408,2.9398,2.9403,3
2026-02-20 02:29:00,2.9338,2.9348,2.9318,2.9333,2.9388,2.9398,2.9368,2.9383,10
2026-02-20 02:32:00,2.9323,2.9323,2.9323,2.9323,2.9373,2.9373,2.9373,2.9373,1
2026-02-20 02:33:00,2.9318,2.9318,2.9293,2.9303,2.9368,2.9368,2.9343,2.9353,4
2026-02-20 02:34:00,2.9298,2.9323,2.9298,2.9308,2.9348,2.9373,2.9348,2.9358,6
2026-02-20 02:35:00,2.9313,2.9313,2.9308,2.9308,2.9363,2.9363,2.9358,2.9358,4
2026-02-20 02:36:00,2.9313,2.9338,2.9303,2.9338,2.9363,2.9388,2.9353,2.9388,7
2026-02-20 02:37:00,2.9343,2.9348,2.9318,2.9318,2.9393,2.9398,2.9368,2.9368,6
2026-02-20 02:38:00,2.9323,2.9323,2.9323,2.9323,2.9373,2.9373,2.9373,2.9373,1
2026-02-20 02:39:00,2.9318,2.9318,2.9318,2.9318,2.9368,2.9368,2.9368,2.9368,1
2026-02-20 02:40:00,2.9323,2.9323,2.9323,2.9323,2.9373,2.9373,2.9373,2.9373,1
2026-02-20 02:43:00,2.9333,2.9333,2.9333,2.9333,2.9383,2.9383,2.9383,2.9383,1
2026-02-20 02:44:00,2.9328,2.9343,2.9323,2.9333,2.9378,2.9393,2.9373,2.9383,5
2026-02-20 02:46:00,2.9343,2.9353,2.9343,2.9353,2.9393,2.9403,2.9393,2.9403,2
2026-02-20 02:47:00,2.9348,2.9373,2.9348,2.9363,2.9398,2.9423,2.9398,2.9413,8
2026-02-20 02:48:00,2.9378,2.9378,2.9373,2.9373,2.9428,2.9428,2.9423,2.9423,2
2026-02-20 02:50:00,2.9368,2.9378,2.9368,2.9378,2.9418,2.9428,2.9418,2.9428,3
2026-02-20 02:51:00,2.9373,2.9373,2.9373,2.9373,2.9423,2.9423,2.9423,2.9423,1
2026-02-20 02:52:00,2.9383,2.9383,2.9383,2.9383,2.9433,2.9433,2.9433,2.9433,1
2026-02-20 02:55:00,2.9378,2.9378,2.9378,2.9378,2.9428,2.9428,2.9428,2.9428,1
2026-02-20 02:56:00,2.9388,2.9398,2.9388,2.9388,2.9438,2.9448,2.9438,2.9438,5
2026-02-20 02:57:00,2.9403,2.9403,2.9383,2.9383,2.9453,2.9453,2.9433,2.9433,4
2026-02-20 02:58:00,2.9373,2.9373,2.9358,2.9363,2.9423,2.9423,2.9408,2.9413,5
2026-02-20 03:00:00,2.9348,2.9353,2.9348,2.9353,2.9398,2.9403,2.9398,2.9403,2
2026-02-20 03:01:00,2.9333,2.9333,2.9293,2.9323,2.9383,2.9383,2.9343,2.9373,8
2026-02-20 03:02:00,2.9333,2.9343,2.9328,2.9343,2.9383,2.9393,2.9378,2.9393,4
2026-02-20 03:03:00,2.9353,2.9353,2.9353,2.9353,2.9403,2.9403,2.9403,2.9403,1
2026-02-20 03:04:00,2.9358,2.9358,2.9358,2.9358,2.9408,2.9408,2.9408,2.9408,1
2026-02-20 03:05:00,2.9363,2.9363,2.9363,2.9363,2.9413,2.9413,2.9413,2.9413,1
2026-02-20 03:06:00,2.9368,2.9378,2.9363,2.9363,2.9418,2.9428,2.9413,2.9413,8
2026-02-20 03:08:00,2.9368,2.9383,2.9368,2.9383,2.9418,2.9433,2.9418,2.9433,6
2026-02-20 03:09:00,2.9378,2.9378,2.9378,2.9378,2.9428,2.9428,2.9428,2.9428,1
2026-02-20 03:10:00,2.9383,2.9388,2.9383,2.9383,2.9433,2.9438,2.9433,2.9433,3
2026-02-20 03:12:00,2.9388,2.9398,2.9388,2.9388,2.9438,2.9448,2.9438,2.9438,3
2026-02-20 03:13:00,2.9383,2.9388,2.9383,2.9388,2.9433,2.9438,2.9433,2.9438,2
2026-02-20 03:14:00,2.9383,2.9383,2.9383,2.9383,2.9433,2.9433,2.9433,2.9433,1
2026-02-20 03:15:00,2.9393,2.9398,2.9373,2.9373,2.9443,2.9448,2.9423,2.9423,4
2026-02-20 03:16:00,2.9388,2.9388,2.9378,2.9378,2.9438,2.9438,2.9428,2.9428,3
2026-02-20 03:17:00,2.9383,2.9383,2.9383,2.9383,2.9433,2.9433,2.9433,2.9433,1
2026-02-20 03:18:00,2.9393,2.9393,2.9393,2.9393,2.9443,2.9443,2.9443,2.9443,1
2026-02-20 03:19:00,2.9398,2.9408,2.9398,2.9408,2.9448,2.9458,2.9448,2.9458,2
2026-02-20 03:20:00,2.9403,2.9408,2.9403,2.9403,2.9453,2.9458,2.9453,2.9453,3
2026-02-20 03:21:00,2.9413,2.9413,2.9403,2.9403,2.9463,2.9463,2.9453,2.9453,2
2026-02-20 03:22:00,2.9398,2.9398,2.9388,2.9388,2.9448,2.9448,2.9438,2.9438,3
2026-02-20 03:23:00,2.9393,2.9403,2.9393,2.9403,2.9443,2.9453,2.9443,2.9453,3
2026-02-20 03:25:00,2.9398,2.9408,2.9398,2.9403,2.9448,2.9458,2.9448,2.9453,4
2026-02-20 03:27:00,2.9413,2.9418,2.9403,2.9413,2.9463,2.9468,2.9453,2.9463,6
2026-02-20 03:28:00,2.9408,2.9418,2.9408,2.9418,2.9458,2.9468,2.9458,2.9468,2
2026-02-20 03:29:00,2.9408,2.9418,2.9403,2.9418,2.9458,2.9468,2.9453,2.9468,4
2026-02-20 03:30:00,2.9423,2.9423,2.9413,2.9413,2.9473,2.9473,2.9463,2.9463,3
2026-02-20 03:31:00,2.9403,2.9408,2.9403,2.9408,2.9453,2.9458,2.9453,2.9458,2
2026-02-20 03:32:00,2.9413,2.9413,2.9413,2.9413,2.9463,2.9463,2.9463,2.9463,1
2026-02-20 03:35:00,2.9408,2.9408,2.9403,2.9403,2.9458,2.9458,2.9453,2.9453,2
2026-02-20 03:36:00,2.9408,2.9408,2.9408,2.9408,2.9458,2.9458,2.9458,2.9458,1
2026-02-20 03:39:00,2.9398,2.9398,2.9388,2.9398,2.9448,2.9448,2.9438,2.9448,3
2026-02-20 03:40:00,2.9408,2.9413,2.9408,2.9413,2.9458,2.9463,2.9458,2.9463,2
2026-02-20 03:42:00,2.9408,2.9408,2.9408,2.9408,2.9458,2.9458,2.9458,2.9458,1
2026-02-20 03:43:00,2.9398,2.9408,2.9398,2.9403,2.9448,2.9458,2.9448,2.9453,6
2026-02-20 03:44:00,2.9398,2.9398,2.9388,2.9393,2.9448,2.9448,2.9438,2.9443,4
2026-02-20 03:45:00,2.9398,2.9398,2.9398,2.9398,2.9448,2.9448,2.9448,2.9448,1
2026-02-20 03:48:00,2.9393,2.9393,2.9388,2.9388,2.9443,2.9443,2.9438,2.9438,2
2026-02-20 03:49:00,2.9383,2.9388,2.9378,2.9378,2.9433,2.9438,2.9428,2.9428,6
2026-02-20 03:51:00,2.9383,2.9388,2.9378,2.9383,2.9433,2.9438,2.9428,2.9433,4
2026-02-20 03:52:00,2.9388,2.9388,2.9383,2.9383,2.9438,2.9438,2.9433,2.9433,2
2026-02-20 03:53:00,2.9378,2.9378,2.9368,2.9368,2.9428,2.9428,2.9418,2.9418,2
2026-02-20 03:54:00,2.9373,2.9378,2.9368,2.9368,2.9423,2.9428,2.9418,2.9418,3
2026-02-20 03:55:00,2.9373,2.9373,2.9373,2.9373,2.9423,2.9423,2.9423,2.9423,1
2026-02-20 03:57:00,2.9368,2.9378,2.9368,2.9368,2.9418,2.9428,2.9418,2.9418,4
2026-02-20 04:00:00,2.9378,2.9383,2.9378,2.9378,2.9428,2.9433,2.9428,2.9428,3
2026-02-20 04:01:00,2.9383,2.9383,2.9368,2.9373,2.9433,2.9433,2.9418,2.9423,3
2026-02-20 04:02:00,2.9368,2.9398,2.9368,2.9378,2.9418,2.9448,2.9418,2.9428,9
2026-02-20 04:03:00,2.9383,2.9388,2.9383,2.9383,2.9433,2.9438,2.9433,2.9433,3
2026-02-20 04:04:00,2.9378,2.9378,2.9378,2.9378,2.9428,2.9428,2.9428,2.9428,1
2026-02-20 04:06:00,2.9373,2.9373,2.9368,2.9368,2.9423,2.9423,2.9418,2.9418,2
2026-02-20 04:09:00,2.9373,2.9373,2.9373,2.9373,2.9423,2.9423,2.9423,2.9423,1
2026-02-20 04:10:00,2.9378,2.9378,2.9378,2.9378,2.9428,2.9428,2.9428,2.9428,1
2026-02-20 04:11:00,2.9393,2.9398,2.9388,2.9388,2.9443,2.9448,2.9438,2.9438,4
2026-02-20 04:12:00,2.9378,2.9388,2.9378,2.9383,2.9428,2.9438,2.9428,2.9433,5
2026-02-20 04:13:00,2.9388,2.9398,2.9383,2.9398,2.9438,2.9448,2.9433,2.9448,6
2026-02-20 04:14:00,2.9403,2.9403,2.9403,2.9403,2.9453,2.9453,2.9453,2.9453,1
2026-02-20 04:15:00,2.9398,2.9398,2.9393,2.9393,2.9448,2.9448,2.9443,2.9443,2
2026-02-20 04:16:00,2.9388,2.9388,2.9383,2.9383,2.9438,2.9438,2.9433,2.9433,2
2026-02-20 04:17:00,2.9378,2.9378,2.9378,2.9378,2.9428,2.9428,2.9428,2.9428,1
2026-02-20 04:18:00,2.9383,2.9383,2.9383,2.9383,2.9433,2.9433,2.9433,2.9433,1
2026-02-20 04:20:00,2.9388,2.9388,2.9388,2.9388,2.9438,2.9438,2.9438,2.9438,1
2026-02-20 04:21:00,2.9383,2.9383,2.9378,2.9378,2.9433,2.9433,2.9428,2.9428,2
2026-02-20 04:22:00,2.9383,2.9383,2.9378,2.9383,2.9433,2.9433,2.9428,2.9433,3
2026-02-20 04:24:00,2.9388,2.9388,2.9388,2.9388,2.9438,2.9438,2.9438,2.9438,1
2026-02-20 04:25:00,2.9383,2.9383,2.9383,2.9383,2.9433,2.9433,2.9433,2.9433,1
2026-02-20 04:26:00,2.9388,2.9388,2.9388,2.9388,2.9438,2.9438,2.9438,2.9438,1
2026-02-20 04:27:00,2.9398,2.9398,2.9398,2.9398,2.9448,2.9448,2.9448,2.9448,1
2026-02-20 04:29:00,2.9393,2.9393,2.9393,2.9393,2.9443,2.9443,2.9443,2.9443,1
2026-02-20 04:30:00,2.9388,2.9418,2.9383,2.9408,2.9438,2.9468,2.9433,2.9458,19
2026-02-20 04:31:00,2.9403,2.9418,2.9403,2.9418,2.9453,2.9468,2.9453,2.9468,6
2026-02-20 04:32:00,2.9413,2.9413,2.9403,2.9403,2.9463,2.9463,2.9453,2.9453,4
2026-02-20 04:33:00,2.9408,2.9408,2.9393,2.9393,2.9458,2.9458,2.9443,2.9443,5
2026-02-20 04:34:00,2.9398,2.9398,2.9393,2.9398,2.9448,2.9448,2.9443,2.9448,3
2026-02-20 04:35:00,2.9388,2.9398,2.9378,2.9398,2.9438,2.9448,2.9428,2.9448,5
2026-02-20 04:36:00,2.9393,2.9403,2.9393,2.9393,2.9443,2.9453,2.9443,2.9443,3
2026-02-20 04:37:00,2.9398,2.9398,2.9398,2.9398,2.9448,2.9448,2.9448,2.9448,1
2026-02-20 04:38:00,2.9393,2.9393,2.9383,2.9383,2.9443,2.9443,2.9433,2.9433,3
2026-02-20 04:40:00,2.9378,2.9378,2.9368,2.9368,2.9428,2.9428,2.9418,2.9418,2
2026-02-20 04:41:00,2.9373,2.9388,2.9373,2.9383,2.9423,2.9438,2.9423,2.9433,5
2026-02-20 04:42:00,2.9393,2.9393,2.9393,2.9393,2.9443,2.9443,2.9443,2.9443,1
2026-02-20 04:44:00,2.9388,2.9418,2.9388,2.9413,2.9438,2.9468,2.9438,2.9463,6
2026-02-20 04:45:00,2.9418,2.9418,2.9408,2.9408,2.9468,2.9468,2.9458,2.9458,4
2026-02-20 04:46:00,2.9413,2.9413,2.9403,2.9413,2.9463,2.9463,2.9453,2.9463,5
2026-02-20 04:47:00,2.9418,2.9418,2.9393,2.9398,2.9468,2.9468,2.9443,2.9448,4
2026-02-20 04:48:00,2.9393,2.9393,2.9383,2.9383,2.9443,2.9443,2.9433,2.9433,3
2026-02-20 04:49:00,2.9378,2.9383,2.9368,2.9368,2.9428,2.9433,2.9418,2.9418,8
2026-02-20 04:50:00,2.9383,2.9383,2.9368,2.9368,2.9433,2.9433,2.9418,2.9418,3
2026-02-20 04:51:00,2.9373,2.9373,2.9308,2.9323,2.9423,2.9423,2.9358,2.9373,13
2026-02-20 04:52:00,2.9328,2.9328,2.9328,2.9328,2.9378,2.9378,2.9378,2.9378,1
2026-02-20 04:53:00,2.9333,2.9333,2.9333,2.9333,2.9383,2.9383,2.9383,2.9383,1
2026-02-20 04:55:00,2.9338,2.9338,2.9328,2.9328,2.9388,2.9388,2.9378,2.9378,3
2026-02-20 04:56:00,2.9318,2.9333,2.9318,2.9333,2.9368,2.9383,2.9368,2.9383,3
2026-02-20 04:57:00,2.9338,2.9338,2.9338,2.9338,2.9388,2.9388,2.9388,2.9388,1
2026-02-20 04:58:00,2.9343,2.9343,2.9343,2.9343,2.9393,2.9393,2.9393,2.9393,1
2026-02-20 04:59:00,2.9353,2.9363,2.9353,2.9358,2.9403,2.9413,2.9403,2.9408,6
2026-02-20 05:00:00,2.9363,2.9363,2.9353,2.9353,2.9413,2.9413,2.9403,2.9403,3
2026-02-20 05:01:00,2.9358,2.9358,2.9358,2.9358,2.9408,2.9408,2.9408,2.9408,1
2026-02-20 05:03:00,2.9363,2.9363,2.9363,2.9363,2.9413,2.9413,2.9413,2.9413,1
2026-02-20 05:05:00,2.9368,2.9378,2.9368,2.9373,2.9418,2.9428,2.9418,2.9423,5
2026-02-20 05:07:00,2.9388,2.9418,2.9388,2.9413,2.9438,2.9468,2.9438,2.9463,7
2026-02-20 05:09:00,2.9418,2.9418,2.9413,2.9413,2.9468,2.9468,2.9463,2.9463,2
2026-02-20 05:10:00,2.9418,2.9418,2.9403,2.9413,2.9468,2.9468,2.9453,2.9463,7
2026-02-20 05:11:00,2.9418,2.9418,2.9418,2.9418,2.9468,2.9468,2.9468,2.9468,1
2026-02-20 05:14:00,2.9408,2.9418,2.9408,2.9418,2.9458,2.9468,2.9458,2.9468,3
2026-02-20 05:16:00,2.9413,2.9413,2.9413,2.9413,2.9463,2.9463,2.9463,2.9463,1
2026-02-20 05:19:00,2.9418,2.9418,2.9418,2.9418,2.9468,2.9468,2.9468,2.9468,1
2026-02-20 05:20:00,2.9423,2.9423,2.9418,2.9418,2.9473,2.9473,2.9468,2.9468,2
2026-02-20 05:22:00,2.9428,2.9468,2.9428,2.9453,2.9478,2.9518,2.9478,2.9503,18
2026-02-20 05:23:00,2.9448,2.9453,2.9443,2.9453,2.9498,2.9503,2.9493,2.9503,4
2026-02-20 05:24:00,2.9448,2.9458,2.9443,2.9443,2.9498,2.9508,2.9493,2.9493,4
2026-02-20 05:25:00,2.9448,2.9458,2.9443,2.9453,2.9498,2.9508,2.9493,2.9503,6
2026-02-20 05:26:00,2.9458,2.9458,2.9453,2.9453,2.9508,2.9508,2.9503,2.9503,4
2026-02-20 05:27:00,2.9458,2.9468,2.9458,2.9468,2.9508,2.9518,2.9508,2.9518,3
2026-02-20 05:28:00,2.9478,2.9508,2.9478,2.9498,2.9528,2.9558,2.9528,2.9548,8
2026-02-20 05:30:00,2.9493,2.9493,2.9478,2.9478,2.9543,2.9543,2.9528,2.9528,3
2026-02-20 05:31:00,2.9473,2.9478,2.9473,2.9473,2.9523,2.9528,2.9523,2.9523,3
2026-02-20 05:34:00,2.9478,2.9483,2.9478,2.9478,2.9528,2.9533,2.9528,2.9528,3
2026-02-20 05:35:00,2.9488,2.9493,2.9468,2.9468,2.9538,2.9543,2.9518,2.9518,5
2026-02-20 05:36:00,2.9473,2.9473,2.9473,2.9473,2.9523,2.9523,2.9523,2.9523,1
2026-02-20 05:37:00,2.9478,2.9478,2.9468,2.9468,2.9528,2.9528,2.9518,2.9518,4
2026-02-20 05:38:00,2.9473,2.9473,2.9473,2.9473,2.9523,2.9523,2.9523,2.9523,1
2026-02-20 05:39:00,2.9468,2.9468,2.9468,2.9468,2.9518,2.9518,2.9518,2.9518,1
2026-02-20 05:40:00,2.9473,2.9473,2.9473,2.9473,2.9523,2.9523,2.9523,2.9523,1
2026-02-20 05:41:00,2.9468,2.9468,2.9448,2.9453,2.9518,2.9518,2.9498,2.9503,11
2026-02-20 05:42:00,2.9458,2.9458,2.9458,2.9458,2.9508,2.9508,2.9508,2.9508,1
2026-02-20 05:43:00,2.9473,2.9478,2.9468,2.9473,2.9523,2.9528,2.9518,2.9523,6
2026-02-20 05:44:00,2.9468,2.9468,2.9463,2.9463,2.9518,2.9518,2.9513,2.9513,2
2026-02-20 05:45:00,2.9458,2.9458,2.9458,2.9458,2.9508,2.9508,2.9508,2.9508,1
2026-02-20 05:46:00,2.9463,2.9468,2.9463,2.9468,2.9513,2.9518,2.9513,2.9518,2
2026-02-20 05:47:00,2.9463,2.9468,2.9448,2.9453,2.9513,2.9518,2.9498,2.9503,5
2026-02-20 05:48:00,2.9448,2.9448,2.9443,2.9443,2.9498,2.9498,2.9493,2.9493,2
2026-02-20 05:49:00,2.9438,2.9448,2.9433,2.9448,2.9488,2.9498,2.9483,2.9498,3
2026-02-20 05:50:00,2.9443,2.9443,2.9438,2.9443,2.9493,2.9493,2.9488,2.9493,3
2026-02-20 05:51:00,2.9438,2.9443,2.9438,2.9438,2.9488,2.9493,2.9488,2.9488,3
2026-02-20 05:52:00,2.9433,2.9433,2.9433,2.9433,2.9483,2.9483,2.9483,2.9483,1
2026-02-20 05:56:00,2.9428,2.9433,2.9408,2.9423,2.9478,2.9483,2.9458,2.9473,14
2026-02-20 05:57:00,2.9428,2.9433,2.9408,2.9428,2.9478,2.9483,2.9458,2.9478,11
2026-02-20 05:58:00,2.9423,2.9423,2.9418,2.9423,2.9473,2.9473,2.9468,2.9473,3
2026-02-20 05:59:00,2.9418,2.9438,2.9418,2.9438,2.9468,2.9488,2.9468,2.9488,3
2026-02-20 06:01:00,2.9433,2.9438,2.9428,2.9438,2.9483,2.9488,2.9478,2.9488,3
2026-02-20 06:02:00,2.9443,2.9478,2.9443,2.9473,2.9493,2.9528,2.9493,2.9523,12
2026-02-20 06:03:00,2.9468,2.9468,2.9448,2.9463,2.9518,2.9518,2.9498,2.9513,6
2026-02-20 06:06:00,2.9473,2.9473,2.9473,2.9473,2.9523,2.9523,2.9523,2.9523,1
2026-02-20 06:07:00,2.9478,2.9493,2.9478,2.9493,2.9528,2.9543,2.9528,2.9543,3
2026-02-20 06:08:00,2.9488,2.9488,2.9488,2.9488,2.9538,2.9538,2.9538,2.9538,1
2026-02-20 06:09:00,2.9483,2.9483,2.9473,2.9473,2.9533,2.9533,2.9523,2.9523,2
2026-02-20 06:11:00,2.9468,2.9468,2.9438,2.9453,2.9518,2.9518,2.9488,2.9503,5
2026-02-20 06:12:00,2.9448,2.9448,2.9438,2.9443,2.9498,2.9498,2.9488,2.9493,5
2026-02-20 06:13:00,2.9458,2.9458,2.9448,2.9458,2.9508,2.9508,2.9498,2.9508,4
2026-02-20 06:14:00,2.9453,2.9453,2.9403,2.9423,2.9503,2.9503,2.9453,2.9473,23
2026-02-20 06:15:00,2.9418,2.9418,2.9398,2.9403,2.9468,2.9468,2.9448,2.9453,10
2026-02-20 06:16:00,2.9398,2.9398,2.9378,2.9393,2.9448,2.9448,2.9428,2.9443,14
2026-02-20 06:17:00,2.9398,2.9403,2.9388,2.9388,2.9448,2.9453,2.9438,2.9438,5
2026-02-20 06:18:00,2.9393,2.9393,2.9388,2.9393,2.9443,2.9443,2.9438,2.9443,3
2026-02-20 06:19:00,2.9388,2.9388,2.9373,2.9373,2.9438,2.9438,2.9423,2.9423,4
2026-02-20 06:20:00,2.9378,2.9388,2.9368,2.9388,2.9428,2.9438,2.9418,2.9438,8
2026-02-20 06:21:00,2.9393,2.9393,2.9383,2.9388,2.9443,2.9443,2.9433,2.9438,8
2026-02-20 06:23:00,2.9378,2.9388,2.9378,2.9388,2.9428,2.9438,2.9428,2.9438,3
2026-02-20 06:25:00,2.9383,2.9388,2.9383,2.9383,2.9433,2.9438,2.9433,2.9433,3
2026-02-20 06:26:00,2.9378,2.9378,2.9348,2.9353,2.9428,2.9428,2.9398,2.9403,9
2026-02-20 06:27:00,2.9358,2.9358,2.9323,2.9333,2.9408,2.9408,2.9373,2.9383,8
2026-02-20 06:28:00,2.9328,2.9353,2.9328,2.9328,2.9378,2.9403,2.9378,2.9378,9
2026-02-20 06:29:00,2.9333,2.9333,2.9323,2.9333,2.9383,2.9383,2.9373,2.9383,5
2026-02-20 06:30:00,2.9328,2.9333,2.9328,2.9333,2.9378,2.9383,2.9378,2.9383,2
2026-02-20 06:31:00,2.9343,2.9343,2.9343,2.9343,2.9393,2.9393,2.9393,2.9393,1
2026-02-20 06:32:00,2.9348,2.9363,2.9348,2.9363,2.9398,2.9413,2.9398,2.9413,5
2026-02-20 06:33:00,2.9368,2.9368,2.9338,2.9363,2.9418,2.9418,2.9388,2.9413,10
2026-02-20 06:34:00,2.9368,2.9368,2.9368,2.9368,2.9418,2.9418,2.9418,2.9418,1
2026-02-20 06:35:00,2.9363,2.9363,2.9363,2.9363,2.9413,2.9413,2.9413,2.9413,1
2026-02-20 06:37:00,2.9358,2.9358,2.9353,2.9353,2.9408,2.9408,2.9403,2.9403,2
2026-02-20 06:39:00,2.9348,2.9393,2.9348,2.9373,2.9398,2.9443,2.9398,2.9423,7
2026-02-20 06:40:00,2.9363,2.9368,2.9363,2.9368,2.9413,2.9418,2.9413,2.9418,2
2026-02-20 06:41:00,2.9363,2.9378,2.9363,2.9368,2.9413,2.9428,2.9413,2.9418,4
2026-02-20 06:42:00,2.9358,2.9363,2.9353,2.9363,2.9408,2.9413,2.9403,2.9413,3
2026-02-20 06:43:00,2.9353,2.9353,2.9333,2.9343,2.9403,2.9403,2.9383,2.9393,6
2026-02-20 06:44:00,2.9338,2.9338,2.9338,2.9338,2.9388,2.9388,2.9388,2.9388,1
2026-02-20 06:45:00,2.9333,2.9333,2.9333,2.9333,2.9383,2.9383,2.9383,2.9383,1
2026-02-20 06:47:00,2.9338,2.9338,2.9318,2.9318,2.9388,2.9388,2.9368,2.9368,6
2026-02-20 06:48:00,2.9323,2.9328,2.9323,2.9328,2.9373,2.9378,2.9373,2.9378,2
2026-02-20 06:49:00,2.9338,2.9338,2.9258,2.9288,2.9388,2.9388,2.9308,2.9338,18
2026-02-20 06:50:00,2.9283,2.9283,2.9283,2.9283,2.9333,2.9333,2.9333,2.9333,1
2026-02-20 06:51:00,2.9288,2.9288,2.9283,2.9283,2.9338,2.9338,2.9333,2.9333,2
2026-02-20 06:52:00,2.9278,2.9278,2.9273,2.9273,2.9328,2.9328,2.9323,2.9323,2
2026-02-20 06:56:00,2.9268,2.9283,2.9258,2.9283,2.9318,2.9333,2.9308,2.9333,9
2026-02-20 06:57:00,2.9288,2.9288,2.9258,2.9258,2.9338,2.9338,2.9308,2.9308,7
2026-02-20 06:58:00,2.9263,2.9263,2.9258,2.9258,2.9313,2.9313,2.9308,2.9308,2
2026-02-20 06:59:00,2.9268,2.9268,2.9263,2.9263,2.9318,2.9318,2.9313,2.9313,2
2026-02-20 07:00:00,2.9268,2.9358,2.9268,2.9353,2.9318,2.9408,2.9318,2.9403,12
2026-02-20 07:01:00,2.9348,2.9378,2.9348,2.9363,2.9398,2.9428,2.9398,2.9413,12
2026-02-20 07:02:00,2.9373,2.9373,2.9353,2.9353,2.9423,2.9423,2.9403,2.9403,4
2026-02-20 07:03:00,2.9363,2.9363,2.9363,2.9363,2.9413,2.9413,2.9413,2.9413,1
2026-02-20 07:04:00,2.9368,2.9368,2.9343,2.9353,2.9418,2.9418,2.9393,2.9403,5
2026-02-20 07:05:00,2.9363,2.9363,2.9353,2.9363,2.9413,2.9413,2.9403,2.9413,3
2026-02-20 07:06:00,2.9358,2.9358,2.9328,2.9343,2.9408,2.9408,2.9378,2.9393,5
2026-02-20 07:07:00,2.9338,2.9338,2.9338,2.9338,2.9388,2.9388,2.9388,2.9388,1
2026-02-20 07:08:00,2.9343,2.9348,2.9343,2.9348,2.9393,2.9398,2.9393,2.9398,2
2026-02-20 07:09:00,2.9343,2.9343,2.9303,2.9313,2.9393,2.9393,2.9353,2.9363,11
2026-02-20 07:10:00,2.9323,2.9323,2.9243,2.9263,2.9373,2.9373,2.9293,2.9313,12
2026-02-20 07:11:00,2.9268,2.9283,2.9268,2.9283,2.9318,2.9333,2.9318,2.9333,4
2026-02-20 07:12:00,2.9278,2.9288,2.9263,2.9268,2.9328,2.9338,2.9313,2.9318,11
2026-02-20 07:13:00,2.9263,2.9288,2.9263,2.9288,2.9313,2.9338,2.9313,2.9338,9
2026-02-20 07:14:00,2.9283,2.9288,2.9273,2.9273,2.9333,2.9338,2.9323,2.9323,6
2026-02-20 07:15:00,2.9278,2.9288,2.9268,2.9268,2.9328,2.9338,2.9318,2.9318,5
2026-02-20 07:16:00,2.9273,2.9278,2.9258,2.9263,2.9323,2.9328,2.9308,2.9313,5
2026-02-20 07:17:00,2.9268,2.9268,2.9248,2.9268,2.9318,2.9318,2.9298,2.9318,9
2026-02-20 07:18:00,2.9273,2.9298,2.9273,2.9293,2.9323,2.9348,2.9323,2.9343,6
2026-02-20 07:19:00,2.9288,2.9293,2.9288,2.9293,2.9338,2.9343,2.9338,2.9343,2
2026-02-20 07:20:00,2.9298,2.9298,2.9298,2.9298,2.9348,2.9348,2.9348,2.9348,1
2026-02-20 07:21:00,2.9293,2.9293,2.9273,2.9273,2.9343,2.9343,2.9323,2.9323,3
2026-02-20 07:22:00,2.9278,2.9278,2.9273,2.9273,2.9328,2.9328,2.9323,2.9323,2
2026-02-20 07:23:00,2.9278,2.9278,2.9273,2.9273,2.9328,2.9328,2.9323,2.9323,2
2026-02-20 07:24:00,2.9268,2.9268,2.9253,2.9253,2.9318,2.9318,2.9303,2.9303,6
2026-02-20 07:25:00,2.9263,2.9268,2.9263,2.9268,2.9313,2.9318,2.9313,2.9318,2
2026-02-20 07:26:00,2.9273,2.9333,2.9273,2.9308,2.9323,2.9383,2.9323,2.9358,12
2026-02-20 07:27:00,2.9303,2.9303,2.9283,2.9283,2.9353,2.9353,2.9333,2.9333,4
2026-02-20 07:28:00,2.9293,2.9303,2.9293,2.9303,2.9343,2.9353,2.9343,2.9353,3
2026-02-20 07:29:00,2.9308,2.9328,2.9308,2.9323,2.9358,2.9378,2.9358,2.9373,6
2026-02-20 07:30:00,2.9328,2.9358,2.9328,2.9358,2.9378,2.9408,2.9378,2.9408,13
2026-02-20 07:31:00,2.9363,2.9368,2.9358,2.9368,2.9413,2.9418,2.9408,2.9418,3
2026-02-20 07:32:00,2.9373,2.9373,2.9368,2.9368,2.9423,2.9423,2.9418,2.9418,2
2026-02-20 07:33:00,2.9358,2.9368,2.9348,2.9363,2.9408,2.9418,2.9398,2.9413,16
2026-02-20 07:34:00,2.9368,2.9438,2.9353,2.9428,2.9418,2.9488,2.9403,2.9478,19
2026-02-20 07:35:00,2.9418,2.9423,2.9418,2.9423,2.9468,2.9473,2.9468,2.9473,2
2026-02-20 07:36:00,2.9413,2.9428,2.9413,2.9428,2.9463,2.9478,2.9463,2.9478,4
2026-02-20 07:37:00,2.9423,2.9423,2.9403,2.9418,2.9473,2.9473,2.9453,2.9468,7
2026-02-20 07:38:00,2.9423,2.9423,2.9403,2.9403,2.9473,2.9473,2.9453,2.9453,4
2026-02-20 07:39:00,2.9398,2.9398,2.9393,2.9393,2.9448,2.9448,2.9443,2.9443,2
2026-02-20 07:40:00,2.9398,2.9408,2.9398,2.9408,2.9448,2.9458,2.9448,2.9458,3
2026-02-20 07:41:00,2.9413,2.9413,2.9413,2.9413,2.9463,2.9463,2.9463,2.9463,1
2026-02-20 07:42:00,2.9418,2.9418,2.9398,2.9403,2.9468,2.9468,2.9448,2.9453,5
2026-02-20 07:43:00,2.9398,2.9398,2.9378,2.9393,2.9448,2.9448,2.9428,2.9443,10
2026-02-20 07:44:00,2.9388,2.9398,2.9368,2.9368,2.9438,2.9448,2.9418,2.9418,9
2026-02-20 07:45:00,2.9373,2.9373,2.9363,2.9363,2.9423,2.9423,2.9413,2.9413,3
2026-02-20 07:46:00,2.9368,2.9378,2.9368,2.9373,2.9418,2.9428,2.9418,2.9423,3
2026-02-20 07:47:00,2.9363,2.9403,2.9353,2.9398,2.9413,2.9453,2.9403,2.9448,14
2026-02-20 07:48:00,2.9393,2.9423,2.9393,2.9423,2.9443,2.9473,2.9443,2.9473,6
2026-02-20 07:49:00,2.9418,2.9453,2.9408,2.9433,2.9468,2.9503,2.9458,2.9483,16
2026-02-20 07:50:00,2.9428,2.9433,2.9428,2.9433,2.9478,2.9483,2.9478,2.9483,12
2026-02-20 07:51:00,2.9428,2.9428,2.9413,2.9423,2.9478,2.9478,2.9463,2.9473,13
2026-02-20 07:52:00,2.9418,2.9418,2.9413,2.9413,2.9468,2.9468,2.9463,2.9463,2
2026-02-20 07:53:00,2.9403,2.9403,2.9393,2.9398,2.9453,2.9453,2.9443,2.9448,3
2026-02-20 07:54:00,2.9393,2.9413,2.9393,2.9408,2.9443,2.9463,2.9443,2.9458,4
2026-02-20 07:55:00,2.9403,2.9403,2.9398,2.9403,2.9453,2.9453,2.9448,2.9453,3
2026-02-20 07:56:00,2.9398,2.9408,2.9398,2.9408,2.9448,2.9458,2.9448,2.9458,2
2026-02-20 07:57:00,2.9403,2.9403,2.9398,2.9403,2.9453,2.9453,2.9448,2.9453,3
2026-02-20 07:58:00,2.9398,2.9408,2.9398,2.9403,2.9448,2.9458,2.9448,2.9453,7
2026-02-20 07:59:00,2.9408,2.9408,2.9408,2.9408,2.9458,2.9458,2.9458,2.9458,1
2026-02-20 08:00:00,2.9403,2.9408,2.9403,2.9408,2.9453,2.9458,2.9453,2.9458,2
2026-02-20 08:01:00,2.9413,2.9428,2.9413,2.9423,2.9463,2.9478,2.9463,2.9473,8
2026-02-20 08:02:00,2.9418,2.9418,2.9378,2.9383,2.9468,2.9468,2.9428,2.9433,10
2026-02-20 08:03:00,2.9388,2.9428,2.9388,2.9428,2.9438,2.9478,2.9438,2.9478,11
2026-02-20 08:04:00,2.9413,2.9418,2.9408,2.9418,2.9463,2.9468,2.9458,2.9468,6
2026-02-20 08:05:00,2.9413,2.9413,2.9403,2.9403,2.9463,2.9463,2.9453,2.9453,2
2026-02-20 08:06:00,2.9408,2.9413,2.9408,2.9413,2.9458,2.9463,2.9458,2.9463,6
2026-02-20 08:07:00,2.9418,2.9418,2.9413,2.9413,2.9468,2.9468,2.9463,2.9463,2
2026-02-20 08:08:00,2.9408,2.9408,2.9408,2.9408,2.9458,2.9458,2.9458,2.9458,1
2026-02-20 08:09:00,2.9403,2.9403,2.9388,2.9393,2.9453,2.9453,2.9438,2.9443,7
2026-02-20 08:10:00,2.9398,2.9408,2.9398,2.9408,2.9448,2.9458,2.9448,2.9458,2
2026-02-20 08:11:00,2.9418,2.9418,2.9418,2.9418,2.9468,2.9468,2.9468,2.9468,1
2026-02-20 08:12:00,2.9413,2.9418,2.9403,2.9408,2.9463,2.9468,2.9453,2.9458,7
2026-02-20 08:13:00,2.9413,2.9418,2.9413,2.9413,2.9463,2.9468,2.9463,2.9463,3
2026-02-20 08:14:00,2.9408,2.9418,2.9408,2.9418,2.9458,2.9468,2.9458,2.9468,2
2026-02-20 08:15:00,2.9428,2.9428,2.9418,2.9428,2.9478,2.9478,2.9468,2.9478,4
2026-02-20 08:16:00,2.9423,2.9428,2.9423,2.9423,2.9473,2.9478,2.9473,2.9473,3
2026-02-20 08:17:00,2.9418,2.9433,2.9418,2.9433,2.9468,2.9483,2.9468,2.9483,5
2026-02-20 08:19:00,2.9428,2.9438,2.9423,2.9438,2.9478,2.9488,2.9473,2.9488,4
2026-02-20 08:20:00,2.9448,2.9448,2.9438,2.9438,2.9498,2.9498,2.9488,2.9488,2
2026-02-20 08:21:00,2.9443,2.9448,2.9443,2.9448,2.9493,2.9498,2.9493,2.9498,2
2026-02-20 08:22:00,2.9443,2.9448,2.9438,2.9448,2.9493,2.9498,2.9488,2.9498,4
2026-02-20 08:23:00,2.9443,2.9443,2.9443,2.9443,2.9493,2.9493,2.9493,2.9493,1
2026-02-20 08:24:00,2.9448,2.9448,2.9443,2.9443,2.9498,2.9498,2.9493,2.9493,2
2026-02-20 08:25:00,2.9438,2.9443,2.9428,2.9433,2.9488,2.9493,2.9478,2.9483,5
2026-02-20 08:26:00,2.9428,2.9428,2.9423,2.9423,2.9478,2.9478,2.9473,2.9473,2
2026-02-20 08:27:00,2.9418,2.9423,2.9418,2.9423,2.9468,2.9473,2.9468,2.9473,2
2026-02-20 08:28:00,2.9418,2.9423,2.9418,2.9423,2.9468,2.9473,2.9468,2.9473,2
2026-02-20 08:29:00,2.9428,2.9428,2.9418,2.9418,2.9478,2.9478,2.9468,2.9468,2
2026-02-20 08:30:00,2.9423,2.9428,2.9423,2.9423,2.9473,2.9478,2.9473,2.9473,3
2026-02-20 08:31:00,2.9418,2.9418,2.9418,2.9418,2.9468,2.9468,2.9468,2.9468,1
2026-02-20 08:35:00,2.9423,2.9438,2.9418,2.9423,2.9473,2.9488,2.9468,2.9473,10
2026-02-20 08:36:00,2.9418,2.9423,2.9408,2.9418,2.9468,2.9473,2.9458,2.9468,5
2026-02-20 08:37:00,2.9423,2.9428,2.9423,2.9428,2.9473,2.9478,2.9473,2.9478,2
2026-02-20 08:38:00,2.9423,2.9423,2.9423,2.9423,2.9473,2.9473,2.9473,2.9473,1
2026-02-20 08:39:00,2.9418,2.9418,2.9418,2.9418,2.9468,2.9468,2.9468,2.9468,1
2026-02-20 08:40:00,2.9423,2.9428,2.9408,2.9408,2.9473,2.9478,2.9458,2.9458,4
2026-02-20 08:41:00,2.9403,2.9403,2.9378,2.9378,2.9453,2.9453,2.9428,2.9428,6
2026-02-20 08:42:00,2.9368,2.9368,2.9348,2.9363,2.9418,2.9418,2.9398,2.9413,7
2026-02-20 08:43:00,2.9368,2.9373,2.9368,2.9373,2.9418,2.9423,2.9418,2.9423,2
2026-02-20 08:44:00,2.9378,2.9383,2.9378,2.9383,2.9428,2.9433,2.9428,2.9433,2
2026-02-20 08:45:00,2.9378,2.9378,2.9358,2.9358,2.9428,2.9428,2.9408,2.9408,3
2026-02-20 08:46:00,2.9373,2.9378,2.9358,2.9358,2.9423,2.9428,2.9408,2.9408,5
2026-02-20 08:47:00,2.9353,2.9358,2.9343,2.9358,2.9403,2.9408,2.9393,2.9408,4
2026-02-20 08:48:00,2.9363,2.9368,2.9363,2.9368,2.9413,2.9418,2.9413,2.9418,2
2026-02-20 08:50:00,2.9383,2.9388,2.9383,2.9388,2.9433,2.9438,2.9433,2.9438,2
2026-02-20 08:52:00,2.9383,2.9383,2.9383,2.9383,2.9433,2.9433,2.9433,2.9433,1
2026-02-20 08:54:00,2.9388,2.9388,2.9388,2.9388,2.9438,2.9438,2.9438,2.9438,1
2026-02-20 08:55:00,2.9393,2.9398,2.9393,2.9398,2.9443,2.9448,2.9443,2.9448,2
2026-02-20 08:56:00,2.9393,2.9398,2.9393,2.9398,2.9443,2.9448,2.9443,2.9448,2
2026-02-20 08:57:00,2.9393,2.9408,2.9388,2.9398,2.9443,2.9458,2.9438,2.9448,7
2026-02-20 08:58:00,2.9428,2.9443,2.9428,2.9428,2.9478,2.9493,2.9478,2.9478,6
2026-02-20 08:59:00,2.9418,2.9418,2.9413,2.9418,2.9468,2.9468,2.9463,2.9468,5
2026-02-20 09:00:00,2.9423,2.9428,2.9418,2.9418,2.9473,2.9478,2.9468,2.9468,4
2026-02-20 09:01:00,2.9413,2.9413,2.9398,2.9408,2.9463,2.9463,2.9448,2.9458,4
2026-02-20 09:02:00,2.9403,2.9408,2.9398,2.9398,2.9453,2.9458,2.9448,2.9448,4
2026-02-20 09:03:00,2.9403,2.9403,2.9388,2.9388,2.9453,2.9453,2.9438,2.9438,4
2026-02-20 09:04:00,2.9383,2.9383,2.9368,2.9373,2.9433,2.9433,2.9418,2.9423,4
2026-02-20 09:05:00,2.9368,2.9373,2.9363,2.9363,2.9418,2.9423,2.9413,2.9413,4
2026-02-20 09:06:00,2.9368,2.9368,2.9343,2.9348,2.9418,2.9418,2.9393,2.9398,10
2026-02-20 09:07:00,2.9338,2.9388,2.9338,2.9363,2.9388,2.9438,2.9388,2.9413,18
2026-02-20 09:08:00,2.9368,2.9368,2.9358,2.9363,2.9418,2.9418,2.9408,2.9413,4
2026-02-20 09:10:00,2.9358,2.9358,2.9348,2.9353,2.9408,2.9408,2.9398,2.9403,4
2026-02-20 09:11:00,2.9348,2.9353,2.9343,2.9343,2.9398,2.9403,2.9393,2.9393,6
2026-02-20 09:12:00,2.9348,2.9363,2.9348,2.9363,2.9398,2.9413,2.9398,2.9413,5
2026-02-20 09:13:00,2.9378,2.9398,2.9368,2.9368,2.9428,2.9448,2.9418,2.9418,13
2026-02-20 09:14:00,2.9378,2.9388,2.9373,2.9388,2.9428,2.9438,2.9423,2.9438,5
2026-02-20 09:15:00,2.9383,2.9383,2.9378,2.9383,2.9433,2.9433,2.9428,2.9433,5
2026-02-20 09:16:00,2.9378,2.9378,2.9363,2.9363,2.9428,2.9428,2.9413,2.9413,5
2026-02-20 09:17:00,2.9368,2.9368,2.9368,2.9368,2.9418,2.9418,2.9418,2.9418,1
2026-02-20 09:18:00,2.9363,2.9373,2.9363,2.9373,2.9413,2.9423,2.9413,2.9423,3
2026-02-20 09:19:00,2.9378,2.9388,2.9373,2.9383,2.9428,2.9438,2.9423,2.9433,7
2026-02-20 09:20:00,2.9378,2.9378,2.9378,2.9378,2.9428,2.9428,2.9428,2.9428,1
2026-02-20 09:21:00,2.9373,2.9373,2.9368,2.9368,2.9423,2.9423,2.9418,2.9418,2
2026-02-20 09:22:00,2.9363,2.9363,2.9358,2.9358,2.9413,2.9413,2.9408,2.9408,2
2026-02-20 09:23:00,2.9353,2.9358,2.9338,2.9358,2.9403,2.9408,2.9388,2.9408,11
2026-02-20 09:24:00,2.9368,2.9368,2.9348,2.9358,2.9418,2.9418,2.9398,2.9408,8
2026-02-20 09:25:00,2.9353,2.9363,2.9353,2.9363,2.9403,2.9413,2.9403,2.9413,7
2026-02-20 09:26:00,2.9358,2.9358,2.9358,2.9358,2.9408,2.9408,2.9408,2.9408,1
2026-02-20 09:27:00,2.9348,2.9378,2.9348,2.9373,2.9398,2.9428,2.9398,2.9423,5
2026-02-20 09:28:00,2.9368,2.9368,2.9363,2.9363,2.9418,2.9418,2.9413,2.9413,2
2026-02-20 09:29:00,2.9358,2.9358,2.9333,2.9353,2.9408,2.9408,2.9383,2.9403,9
2026-02-20 09:30:00,2.9358,2.9358,2.9358,2.9358,2.9408,2.9408,2.9408,2.9408,1
2026-02-20 09:31:00,2.9363,2.9373,2.9358,2.9373,2.9413,2.9423,2.9408,2.9423,4
2026-02-20 09:32:00,2.9368,2.9378,2.9353,2.9353,2.9418,2.9428,2.9403,2.9403,6
2026-02-20 09:33:00,2.9348,2.9348,2.9338,2.9343,2.9398,2.9398,2.9388,2.9393,6
2026-02-20 09:35:00,2.9338,2.9348,2.9323,2.9328,2.9388,2.9398,2.9373,2.9378,7
2026-02-20 09:36:00,2.9333,2.9333,2.9328,2.9328,2.9383,2.9383,2.9378,2.9378,2
2026-02-20 09:37:00,2.9333,2.9338,2.9328,2.9338,2.9383,2.9388,2.9378,2.9388,4
2026-02-20 09:38:00,2.9333,2.9333,2.9308,2.9313,2.9383,2.9383,2.9358,2.9363,6
2026-02-20 09:39:00,2.9308,2.9308,2.9308,2.9308,2.9358,2.9358,2.9358,2.9358,1
2026-02-20 09:40:00,2.9313,2.9313,2.9288,2.9308,2.9363,2.9363,2.9338,2.9358,9
2026-02-20 09:41:00,2.9318,2.9318,2.9313,2.9318,2.9368,2.9368,2.9363,2.9368,3
2026-02-20 09:42:00,2.9313,2.9328,2.9313,2.9328,2.9363,2.9378,2.9363,2.9378,3
2026-02-20 09:43:00,2.9333,2.9338,2.9328,2.9328,2.9383,2.9388,2.9378,2.9378,4
2026-02-20 09:44:00,2.9323,2.9328,2.9308,2.9308,2.9373,2.9378,2.9358,2.9358,4
2026-02-20 09:45:00,2.9313,2.9318,2.9313,2.9313,2.9363,2.9368,2.9363,2.9363,3
2026-02-20 09:46:00,2.9323,2.9328,2.9318,2.9318,2.9373,2.9378,2.9368,2.9368,3
2026-02-20 09:47:00,2.9313,2.9313,2.9288,2.9308,2.9363,2.9363,2.9338,2.9358,11
2026-02-20 09:48:00,2.9303,2.9328,2.9303,2.9328,2.9353,2.9378,2.9353,2.9378,4
2026-02-20 09:49:00,2.9333,2.9338,2.9323,2.9323,2.9383,2.9388,2.9373,2.9373,5
2026-02-20 09:50:00,2.9328,2.9328,2.9323,2.9328,2.9378,2.9378,2.9373,2.9378,3
2026-02-20 09:51:00,2.9338,2.9338,2.9338,2.9338,2.9388,2.9388,2.9388,2.9388,1
2026-02-20 09:53:00,2.9343,2.9348,2.9343,2.9343,2.9393,2.9398,2.9393,2.9393,3
2026-02-20 09:54:00,2.9348,2.9348,2.9343,2.9343,2.9398,2.9398,2.9393,2.9393,4
2026-02-20 09:55:00,2.9348,2.9348,2.9343,2.9348,2.9398,2.9398,2.9393,2.9398,5
2026-02-20 09:56:00,2.9343,2.9343,2.9328,2.9333,2.9393,2.9393,2.9378,2.9383,5
2026-02-20 09:57:00,2.9328,2.9328,2.9328,2.9328,2.9378,2.9378,2.9378,2.9378,1
2026-02-20 09:58:00,2.9338,2.9338,2.9298,2.9298,2.9388,2.9388,2.9348,2.9348,7
2026-02-20 10:00:00,2.9303,2.9318,2.9303,2.9313,2.9353,2.9368,2.9353,2.9363,6
2026-02-20 10:01:00,2.9318,2.9348,2.9318,2.9348,2.9368,2.9398,2.9368,2.9398,7
2026-02-20 10:02:00,2.9353,2.9358,2.9338,2.9338,2.9403,2.9408,2.9388,2.9388,6
2026-02-20 10:03:00,2.9348,2.9348,2.9343,2.9348,2.9398,2.9398,2.9393,2.9398,3
2026-02-20 10:05:00,2.9338,2.9348,2.9333,2.9343,2.9388,2.9398,2.9383,2.9393,8
2026-02-20 10:06:00,2.9338,2.9348,2.9338,2.9338,2.9388,2.9398,2.9388,2.9388,4
2026-02-20 10:07:00,2.9343,2.9343,2.9343,2.9343,2.9393,2.9393,2.9393,2.9393,1
2026-02-20 10:08:00,2.9348,2.9358,2.9333,2.9333,2.9398,2.9408,2.9383,2.9383,10
2026-02-20 10:09:00,2.9328,2.9343,2.9323,2.9338,2.9378,2.9393,2.9373,2.9388,8
2026-02-20 10:10:00,2.9333,2.9333,2.9333,2.9333,2.9383,2.9383,2.9383,2.9383,1
2026-02-20 10:11:00,2.9338,2.9338,2.9338,2.9338,2.9388,2.9388,2.9388,2.9388,1
2026-02-20 10:12:00,2.9348,2.9353,2.9348,2.9353,2.9398,2.9403,2.9398,2.9403,2
2026-02-20 10:13:00,2.9358,2.9358,2.9358,2.9358,2.9408,2.9408,2.9408,2.9408,1
2026-02-20 10:14:00,2.9363,2.9363,2.9358,2.9363,2.9413,2.9413,2.9408,2.9413,5
2026-02-20 10:15:00,2.9368,2.9378,2.9358,2.9358,2.9418,2.9428,2.9408,2.9408,11
2026-02-20 10:16:00,2.9353,2.9358,2.9353,2.9358,2.9403,2.9408,2.9403,2.9408,4
2026-02-20 10:18:00,2.9363,2.9368,2.9363,2.9368,2.9413,2.9418,2.9413,2.9418,2
2026-02-20 10:19:00,2.9358,2.9358,2.9353,2.9353,2.9408,2.9408,2.9403,2.9403,2
2026-02-20 10:20:00,2.9348,2.9348,2.9338,2.9338,2.9398,2.9398,2.9388,2.9388,3
2026-02-20 10:21:00,2.9328,2.9338,2.9328,2.9338,2.9378,2.9388,2.9378,2.9388,4
2026-02-20 10:23:00,2.9343,2.9343,2.9328,2.9328,2.9393,2.9393,2.9378,2.9378,4
2026-02-20 10:24:00,2.9323,2.9338,2.9323,2.9338,2.9373,2.9388,2.9373,2.9388,4
2026-02-20 10:25:00,2.9348,2.9348,2.9338,2.9343,2.9398,2.9398,2.9388,2.9393,6
2026-02-20 10:26:00,2.9348,2.9348,2.9343,2.9343,2.9398,2.9398,2.9393,2.9393,2
2026-02-20 10:27:00,2.9338,2.9338,2.9338,2.9338,2.9388,2.9388,2.9388,2.9388,1
2026-02-20 10:28:00,2.9343,2.9343,2.9343,2.9343,2.9393,2.9393,2.9393,2.9393,1
2026-02-20 10:29:00,2.9338,2.9338,2.9338,2.9338,2.9388,2.9388,2.9388,2.9388,1
2026-02-20 10:30:00,2.9333,2.9358,2.9328,2.9338,2.9383,2.9408,2.9378,2.9388,9
2026-02-20 10:31:00,2.9343,2.9418,2.9343,2.9398,2.9393,2.9468,2.9393,2.9448,17
2026-02-20 10:32:00,2.9403,2.9428,2.9398,2.9398,2.9453,2.9478,2.9448,2.9448,20
2026-02-20 10:33:00,2.9403,2.9403,2.9388,2.9388,2.9453,2.9453,2.9438,2.9438,5
2026-02-20 10:34:00,2.9393,2.9393,2.9388,2.9393,2.9443,2.9443,2.9438,2.9443,3
2026-02-20 10:36:00,2.9398,2.9398,2.9398,2.9398,2.9448,2.9448,2.9448,2.9448,1
2026-02-20 10:38:00,2.9393,2.9393,2.9393,2.9393,2.9443,2.9443,2.9443,2.9443,1
2026-02-20 10:39:00,2.9398,2.9408,2.9398,2.9398,2.9448,2.9458,2.9448,2.9448,3
2026-02-20 10:40:00,2.9403,2.9403,2.9398,2.9398,2.9453,2.9453,2.9448,2.9448,2
2026-02-20 10:41:00,2.9403,2.9408,2.9368,2.9408,2.9453,2.9458,2.9418,2.9458,12
2026-02-20 10:42:00,2.9418,2.9448,2.9418,2.9438,2.9468,2.9498,2.9468,2.9488,10
2026-02-20 10:43:00,2.9443,2.9468,2.9438,2.9448,2.9493,2.9518,2.9488,2.9498,20
2026-02-20 10:44:00,2.9453,2.9458,2.9448,2.9448,2.9503,2.9508,2.9498,2.9498,3
2026-02-20 10:45:00,2.9443,2.9443,2.9433,2.9438,2.9493,2.9493,2.9483,2.9488,3
2026-02-20 10:46:00,2.9448,2.9448,2.9418,2.9438,2.9498,2.9498,2.9468,2.9488,10
2026-02-20 10:47:00,2.9433,2.9433,2.9428,2.9428,2.9483,2.9483,2.9478,2.9478,2
2026-02-20 10:48:00,2.9433,2.9433,2.9418,2.9423,2.9483,2.9483,2.9468,2.9473,6
2026-02-20 10:49:00,2.9428,2.9433,2.9413,2.9413,2.9478,2.9483,2.9463,2.9463,9
2026-02-20 10:50:00,2.9408,2.9408,2.9403,2.9403,2.9458,2.9458,2.9453,2.9453,2
2026-02-20 10:51:00,2.9393,2.9393,2.9378,2.9378,2.9443,2.9443,2.9428,2.9428,9
2026-02-20 10:52:00,2.9373,2.9378,2.9368,2.9373,2.9423,2.9428,2.9418,2.9423,8
2026-02-20 10:53:00,2.9378,2.9378,2.9353,2.9353,2.9428,2.9428,2.9403,2.9403,13
2026-02-20 10:54:00,2.9358,2.9358,2.9338,2.9338,2.9408,2.9408,2.9388,2.9388,14
2026-02-20 10:56:00,2.9343,2.9348,2.9338,2.9338,2.9393,2.9398,2.9388,2.9388,5
2026-02-20 10:57:00,2.9333,2.9333,2.9318,2.9318,2.9383,2.9383,2.9368,2.9368,5
2026-02-20 10:58:00,2.9323,2.9328,2.9293,2.9303,2.9373,2.9378,2.9343,2.9353,10
2026-02-20 10:59:00,2.9308,2.9313,2.9283,2.9283,2.9358,2.9363,2.9333,2.9333,13
2026-02-20 11:00:00,2.9288,2.9293,2.9258,2.9258,2.9338,2.9343,2.9308,2.9308,10
2026-02-20 11:01:00,2.9263,2.9268,2.9253,2.9258,2.9313,2.9318,2.9303,2.9308,12
2026-02-20 11:02:00,2.9263,2.9278,2.9263,2.9273,2.9313,2.9328,2.9313,2.9323,6
2026-02-20 11:03:00,2.9278,2.9283,2.9278,2.9283,2.9328,2.9333,2.9328,2.9333,2
2026-02-20 11:04:00,2.9278,2.9283,2.9268,2.9278,2.9328,2.9333,2.9318,2.9328,8
2026-02-20 11:05:00,2.9273,2.9288,2.9273,2.9273,2.9323,2.9338,2.9323,2.9323,9
2026-02-20 11:06:00,2.9268,2.9268,2.9243,2.9263,2.9318,2.9318,2.9293,2.9313,15
2026-02-20 11:07:00,2.9258,2.9258,2.9253,2.9253,2.9308,2.9308,2.9303,2.9303,2
2026-02-20 11:08:00,2.9248,2.9253,2.9248,2.9253,2.9298,2.9303,2.9298,2.9303,2
2026-02-20 11:09:00,2.9248,2.9248,2.9238,2.9248,2.9298,2.9298,2.9288,2.9298,3
2026-02-20 11:10:00,2.9253,2.9268,2.9238,2.9268,2.9303,2.9318,2.9288,2.9318,13
2026-02-20 11:11:00,2.9273,2.9273,2.9263,2.9268,2.9323,2.9323,2.9313,2.9318,4
2026-02-20 11:12:00,2.9263,2.9268,2.9263,2.9268,2.9313,2.9318,2.9313,2.9318,6
2026-02-20 11:13:00,2.9263,2.9288,2.9263,2.9278,2.9313,2.9338,2.9313,2.9328,6
2026-02-20 11:14:00,2.9273,2.9298,2.9273,2.9288,2.9323,2.9348,2.9323,2.9338,7
2026-02-20 11:15:00,2.9293,2.9328,2.9288,2.9318,2.9343,2.9378,2.9338,2.9368,11
2026-02-20 11:16:00,2.9328,2.9348,2.9328,2.9328,2.9378,2.9398,2.9378,2.9378,8
2026-02-20 11:17:00,2.9323,2.9333,2.9313,2.9318,2.9373,2.9383,2.9363,2.9368,16
2026-02-20 11:18:00,2.9323,2.9323,2.9303,2.9313,2.9373,2.9373,2.9353,2.9363,5
2026-02-20 11:19:00,2.9318,2.9318,2.9263,2.9263,2.9368,2.9368,2.9313,2.9313,6
2026-02-20 11:20:00,2.9268,2.9278,2.9258,2.9258,2.9318,2.9328,2.9308,2.9308,17
2026-02-20 11:21:00,2.9248,2.9263,2.9248,2.9263,2.9298,2.9313,2.9298,2.9313,5
2026-02-20 11:22:00,2.9268,2.9278,2.9263,2.9268,2.9318,2.9328,2.9313,2.9318,6
2026-02-20 11:23:00,2.9263,2.9263,2.9263,2.9263,2.9313,2.9313,2.9313,2.9313,1
2026-02-20 11:24:00,2.9268,2.9308,2.9268,2.9288,2.9318,2.9358,2.9318,2.9338,16
2026-02-20 11:25:00,2.9298,2.9308,2.9298,2.9303,2.9348,2.9358,2.9348,2.9353,4
2026-02-20 11:27:00,2.9293,2.9298,2.9293,2.9293,2.9343,2.9348,2.9343,2.9343,3
2026-02-20 11:28:00,2.9288,2.9298,2.9263,2.9263,2.9338,2.9348,2.9313,2.9313,10
2026-02-20 11:29:00,2.9268,2.9293,2.9258,2.9283,2.9318,2.9343,2.9308,2.9333,12
2026-02-20 11:30:00,2.9288,2.9298,2.9288,2.9298,2.9338,2.9348,2.9338,2.9348,2
2026-02-20 11:31:00,2.9293,2.9298,2.9293,2.9298,2.9343,2.9348,2.9343,2.9348,2
2026-02-20 11:32:00,2.9303,2.9303,2.9273,2.9273,2.9353,2.9353,2.9323,2.9323,12
2026-02-20 11:33:00,2.9268,2.9273,2.9248,2.9253,2.9318,2.9323,2.9298,2.9303,14
2026-02-20 11:34:00,2.9248,2.9253,2.9248,2.9248,2.9298,2.9303,2.9298,2.9298,3
2026-02-20 11:35:00,2.9243,2.9253,2.9238,2.9253,2.9293,2.9303,2.9288,2.9303,12
2026-02-20 11:36:00,2.9243,2.9258,2.9243,2.9253,2.9293,2.9308,2.9293,2.9303,4
2026-02-20 11:37:00,2.9258,2.9258,2.9248,2.9248,2.9308,2.9308,2.9298,2.9298,2
2026-02-20 11:38:00,2.9258,2.9258,2.9238,2.9243,2.9308,2.9308,2.9288,2.9293,8
2026-02-20 11:39:00,2.9248,2.9248,2.9218,2.9218,2.9298,2.9298,2.9268,2.9268,14
2026-02-20 11:40:00,2.9208,2.9228,2.9208,2.9213,2.9258,2.9278,2.9258,2.9263,7
2026-02-20 11:41:00,2.9218,2.9218,2.9208,2.9208,2.9268,2.9268,2.9258,2.9258,3
2026-02-20 11:42:00,2.9203,2.9203,2.9198,2.9203,2.9253,2.9253,2.9248,2.9253,5
2026-02-20 11:43:00,2.9198,2.9203,2.9178,2.9188,2.9248,2.9253,2.9228,2.9238,12
2026-02-20 11:44:00,2.9178,2.9178,2.9163,2.9178,2.9228,2.9228,2.9213,2.9228,12
2026-02-20 11:45:00,2.9183,2.9188,2.9138,2.9153,2.9233,2.9238,2.9188,2.9203,22
2026-02-20 11:46:00,2.9163,2.9168,2.9163,2.9163,2.9213,2.9218,2.9213,2.9213,5
2026-02-20 11:47:00,2.9168,2.9168,2.9158,2.9158,2.9218,2.9218,2.9208,2.9208,3
2026-02-20 11:48:00,2.9163,2.9178,2.9158,2.9168,2.9213,2.9228,2.9208,2.9218,9
2026-02-20 11:49:00,2.9178,2.9178,2.9098,2.9118,2.9228,2.9228,2.9148,2.9168,21
2026-02-20 11:50:00,2.9123,2.9128,2.9113,2.9128,2.9173,2.9178,2.9163,2.9178,10
2026-02-20 11:51:00,2.9118,2.9128,2.9118,2.9128,2.9168,2.9178,2.9168,2.9178,10
2026-02-20 11:52:00,2.9133,2.9178,2.9128,2.9173,2.9183,2.9228,2.9178,2.9223,16
2026-02-20 11:53:00,2.9168,2.9188,2.9158,2.9173,2.9218,2.9238,2.9208,2.9223,16
2026-02-20 11:54:00,2.9178,2.9218,2.9178,2.9208,2.9228,2.9268,2.9228,2.9258,17
2026-02-20 11:55:00,2.9213,2.9228,2.9208,2.9208,2.9263,2.9278,2.9258,2.9258,6
2026-02-20 11:56:00,2.9198,2.9198,2.9193,2.9193,2.9248,2.9248,2.9243,2.9243,4
2026-02-20 11:57:00,2.9178,2.9178,2.9148,2.9163,2.9228,2.9228,2.9198,2.9213,7
2026-02-20 11:58:00,2.9153,2.9153,2.9153,2.9153,2.9203,2.9203,2.9203,2.9203,1
2026-02-20 11:59:00,2.9148,2.9208,2.9148,2.9198,2.9198,2.9258,2.9198,2.9248,12
2026-02-20 12:00:00,2.9203,2.9203,2.9188,2.9198,2.9253,2.9253,2.9238,2.9248,6
2026-02-20 12:01:00,2.9193,2.9193,2.9168,2.9173,2.9243,2.9243,2.9218,2.9223,10
2026-02-20 12:02:00,2.9168,2.9168,2.9158,2.9163,2.9218,2.9218,2.9208,2.9213,6
2026-02-20 12:04:00,2.9158,2.9233,2.9158,2.9223,2.9208,2.9283,2.9208,2.9273,23
2026-02-20 12:05:00,2.9218,2.9228,2.9213,2.9218,2.9268,2.9278,2.9263,2.9268,7
2026-02-20 12:06:00,2.9213,2.9238,2.9213,2.9233,2.9263,2.9288,2.9263,2.9283,5
2026-02-20 12:07:00,2.9228,2.9258,2.9228,2.9258,2.9278,2.9308,2.9278,2.9308,5
2026-02-20 12:08:00,2.9263,2.9278,2.9258,2.9258,2.9313,2.9328,2.9308,2.9308,8
2026-02-20 12:09:00,2.9248,2.9273,2.9238,2.9248,2.9298,2.9323,2.9288,2.9298,18
2026-02-20 12:10:00,2.9253,2.9288,2.9253,2.9278,2.9303,2.9338,2.9303,2.9328,11
2026-02-20 12:11:00,2.9288,2.9288,2.9258,2.9258,2.9338,2.9338,2.9308,2.9308,4
2026-02-20 12:12:00,2.9253,2.9258,2.9248,2.9248,2.9303,2.9308,2.9298,2.9298,3
2026-02-20 12:13:00,2.9243,2.9243,2.9163,2.9168,2.9293,2.9293,2.9213,2.9218,23
2026-02-20 12:14:00,2.9178,2.9178,2.9173,2.9173,2.9228,2.9228,2.9223,2.9223,2
2026-02-20 12:15:00,2.9178,2.9178,2.9148,2.9158,2.9228,2.9228,2.9198,2.9208,8
2026-02-20 12:16:00,2.9163,2.9173,2.9163,2.9163,2.9213,2.9223,2.9213,2.9213,11
2026-02-20 12:17:00,2.9168,2.9183,2.9168,2.9168,2.9218,2.9233,2.9218,2.9218,6
2026-02-20 12:18:00,2.9178,2.9178,2.9178,2.9178,2.9228,2.9228,2.9228,2.9228,1
2026-02-20 12:19:00,2.9173,2.9193,2.9173,2.9178,2.9223,2.9243,2.9223,2.9228,10
2026-02-20 12:20:00,2.9168,2.9168,2.9158,2.9168,2.9218,2.9218,2.9208,2.9218,4
2026-02-20 12:21:00,2.9178,2.9188,2.9178,2.9188,2.9228,2.9238,2.9228,2.9238,5
2026-02-20 12:22:00,2.9183,2.9183,2.9163,2.9163,2.9233,2.9233,2.9213,2.9213,12
2026-02-20 12:24:00,2.9158,2.9188,2.9158,2.9173,2.9208,2.9238,2.9208,2.9223,5
2026-02-20 12:25:00,2.9168,2.9168,2.9168,2.9168,2.9218,2.9218,2.9218,2.9218,1
2026-02-20 12:26:00,2.9178,2.9178,2.9138,2.9148,2.9228,2.9228,2.9188,2.9198,18
2026-02-20 12:27:00,2.9143,2.9153,2.9128,2.9128,2.9193,2.9203,2.9178,2.9178,8
2026-02-20 12:28:00,2.9133,2.9133,2.9108,2.9108,2.9183,2.9183,2.9158,2.9158,5
2026-02-20 12:29:00,2.9103,2.9128,2.9088,2.9118,2.9153,2.9178,2.9138,2.9168,17
2026-02-20 12:30:00,2.9128,2.9128,2.9128,2.9128,2.9178,2.9178,2.9178,2.9178,1
2026-02-20 12:31:00,2.9138,2.9138,2.9118,2.9118,2.9188,2.9188,2.9168,2.9168,5
2026-02-20 12:32:00,2.9123,2.9148,2.9123,2.9148,2.9173,2.9198,2.9173,2.9198,6
2026-02-20 12:33:00,2.9158,2.9178,2.9158,2.9178,2.9208,2.9228,2.9208,2.9228,4
2026-02-20 12:34:00,2.9173,2.9173,2.9148,2.9148,2.9223,2.9223,2.9198,2.9198,5
2026-02-20 12:35:00,2.9153,2.9173,2.9148,2.9173,2.9203,2.9223,2.9198,2.9223,10
2026-02-20 12:36:00,2.9168,2.9178,2.9158,2.9178,2.9218,2.9228,2.9208,2.9228,4
2026-02-20 12:37:00,2.9183,2.9188,2.9168,2.9178,2.9233,2.9238,2.9218,2.9228,8
2026-02-20 12:38:00,2.9168,2.9178,2.9158,2.9158,2.9218,2.9228,2.9208,2.9208,8
2026-02-20 12:39:00,2.9153,2.9153,2.9118,2.9118,2.9203,2.9203,2.9168,2.9168,9
2026-02-20 12:40:00,2.9113,2.9143,2.9113,2.9143,2.9163,2.9193,2.9163,2.9193,6
2026-02-20 12:41:00,2.9148,2.9148,2.9123,2.9133,2.9198,2.9198,2.9173,2.9183,9
2026-02-20 12:42:00,2.9128,2.9148,2.9128,2.9143,2.9178,2.9198,2.9178,2.9193,4
2026-02-20 12:43:00,2.9148,2.9158,2.9138,2.9138,2.9198,2.9208,2.9188,2.9188,4
2026-02-20 12:44:00,2.9148,2.9153,2.9148,2.9148,2.9198,2.9203,2.9198,2.9198,5
2026-02-20 12:45:00,2.9143,2.9168,2.9138,2.9158,2.9193,2.9218,2.9188,2.9208,9
2026-02-20 12:46:00,2.9153,2.9158,2.9148,2.9153,2.9203,2.9208,2.9198,2.9203,4
2026-02-20 12:47:00,2.9158,2.9168,2.9148,2.9148,2.9208,2.9218,2.9198,2.9198,8
2026-02-20 12:48:00,2.9153,2.9168,2.9153,2.9168,2.9203,2.9218,2.9203,2.9218,4
2026-02-20 12:49:00,2.9163,2.9163,2.9133,2.9133,2.9213,2.9213,2.9183,2.9183,5
2026-02-20 12:50:00,2.9138,2.9168,2.9128,2.9158,2.9188,2.9218,2.9178,2.9208,11
2026-02-20 12:51:00,2.9148,2.9158,2.9148,2.9158,2.9198,2.9208,2.9198,2.9208,5
2026-02-20 12:52:00,2.9168,2.9168,2.9158,2.9158,2.9218,2.9218,2.9208,2.9208,5
2026-02-20 12:53:00,2.9168,2.9168,2.9148,2.9148,2.9218,2.9218,2.9198,2.9198,7
2026-02-20 12:54:00,2.9153,2.9168,2.9153,2.9168,2.9203,2.9218,2.9203,2.9218,4
2026-02-20 12:55:00,2.9158,2.9163,2.9128,2.9143,2.9208,2.9213,2.9178,2.9193,14
2026-02-20 12:56:00,2.9148,2.9148,2.9128,2.9133,2.9198,2.9198,2.9178,2.9183,10
2026-02-20 12:57:00,2.9138,2.9138,2.9128,2.9138,2.9188,2.9188,2.9178,2.9188,9
2026-02-20 12:58:00,2.9133,2.9168,2.9128,2.9153,2.9183,2.9218,2.9178,2.9203,9
2026-02-20 12:59:00,2.9158,2.9168,2.9158,2.9168,2.9208,2.9218,2.9208,2.9218,5
2026-02-20 13:00:00,2.9158,2.9163,2.9148,2.9158,2.9208,2.9213,2.9198,2.9208,7
2026-02-20 13:01:00,2.9153,2.9163,2.9113,2.9158,2.9203,2.9213,2.9163,2.9208,19
2026-02-20 13:02:00,2.9163,2.9293,2.9163,2.9268,2.9213,2.9343,2.9213,2.9318,37
2026-02-20 13:03:00,2.9263,2.9273,2.9243,2.9253,2.9313,2.9323,2.9293,2.9303,12
2026-02-20 13:04:00,2.9258,2.9308,2.9258,2.9303,2.9308,2.9358,2.9308,2.9353,12
2026-02-20 13:05:00,2.9298,2.9298,2.9258,2.9273,2.9348,2.9348,2.9308,2.9323,24
2026-02-20 13:06:00,2.9268,2.9298,2.9243,2.9293,2.9318,2.9348,2.9293,2.9343,14
2026-02-20 13:07:00,2.9288,2.9308,2.9288,2.9308,2.9338,2.9358,2.9338,2.9358,5
2026-02-20 13:08:00,2.9303,2.9333,2.9288,2.9323,2.9353,2.9383,2.9338,2.9373,12
2026-02-20 13:09:00,2.9318,2.9328,2.9318,2.9323,2.9368,2.9378,2.9368,2.9373,5
2026-02-20 13:10:00,2.9318,2.9318,2.9288,2.9298,2.9368,2.9368,2.9338,2.9348,15
2026-02-20 13:11:00,2.9303,2.9318,2.9258,2.9258,2.9353,2.9368,2.9308,2.9308,14
2026-02-20 13:12:00,2.9263,2.9283,2.9258,2.9258,2.9313,2.9333,2.9308,2.9308,11
2026-02-20 13:13:00,2.9268,2.9308,2.9268,2.9308,2.9318,2.9358,2.9318,2.9358,5
2026-02-20 13:14:00,2.9313,2.9348,2.9308,2.9323,2.9363,2.9398,2.9358,2.9373,14
2026-02-20 13:15:00,2.9318,2.9358,2.9318,2.9338,2.9368,2.9408,2.9368,2.9388,16
2026-02-20 13:16:00,2.9343,2.9358,2.9328,2.9328,2.9393,2.9408,2.9378,2.9378,6
2026-02-20 13:17:00,2.9333,2.9348,2.9318,2.9328,2.9383,2.9398,2.9368,2.9378,14
2026-02-20 13:19:00,2.9318,2.9338,2.9273,2.9283,2.9368,2.9388,2.9323,2.9333,19
2026-02-20 13:20:00,2.9273,2.9303,2.9258,2.9298,2.9323,2.9353,2.9308,2.9348,16
2026-02-20 13:21:00,2.9293,2.9298,2.9243,2.9258,2.9343,2.9348,2.9293,2.9308,19
2026-02-20 13:22:00,2.9253,2.9268,2.9223,2.9258,2.9303,2.9318,2.9273,2.9308,22
2026-02-20 13:23:00,2.9253,2.9308,2.9243,2.9298,2.9303,2.9358,2.9293,2.9348,19
2026-02-20 13:24:00,2.9288,2.9308,2.9238,2.9238,2.9338,2.9358,2.9288,2.9288,23
2026-02-20 13:25:00,2.9243,2.9248,2.9213,2.9213,2.9293,2.9298,2.9263,2.9263,18
2026-02-20 13:26:00,2.9208,2.9253,2.9208,2.9248,2.9258,2.9303,2.9258,2.9298,15
2026-02-20 13:27:00,2.9243,2.9243,2.9208,2.9228,2.9293,2.9293,2.9258,2.9278,9
2026-02-20 13:28:00,2.9243,2.9288,2.9243,2.9278,2.9293,2.9338,2.9293,2.9328,8
2026-02-20 13:29:00,2.9273,2.9288,2.9258,2.9268,2.9323,2.9338,2.9308,2.9318,14
2026-02-20 13:30:00,2.9278,2.9318,2.9278,2.9303,2.9328,2.9368,2.9328,2.9353,13
2026-02-20 13:31:00,2.9308,2.9318,2.9298,2.9308,2.9358,2.9368,2.9348,2.9358,13
2026-02-20 13:32:00,2.9303,2.9308,2.9288,2.9308,2.9353,2.9358,2.9338,2.9358,12
2026-02-20 13:33:00,2.9313,2.9313,2.9278,2.9283,2.9363,2.9363,2.9328,2.9333,10
2026-02-20 13:34:00,2.9288,2.9298,2.9283,2.9293,2.9338,2.9348,2.9333,2.9343,8
2026-02-20 13:35:00,2.9303,2.9318,2.9263,2.9268,2.9353,2.9368,2.9313,2.9318,22
2026-02-20 13:36:00,2.9278,2.9278,2.9248,2.9248,2.9328,2.9328,2.9298,2.9298,7
2026-02-20 13:37:00,2.9253,2.9283,2.9253,2.9268,2.9303,2.9333,2.9303,2.9318,7
2026-02-20 13:38:00,2.9253,2.9268,2.9248,2.9263,2.9303,2.9318,2.9298,2.9313,5
2026-02-20 13:39:00,2.9258,2.9258,2.9243,2.9248,2.9308,2.9308,2.9293,2.9298,6
2026-02-20 13:40:00,2.9243,2.9258,2.9238,2.9258,2.9293,2.9308,2.9288,2.9308,9
2026-02-20 13:41:00,2.9268,2.9318,2.9263,2.9298,2.9318,2.9368,2.9313,2.9348,21
2026-02-20 13:42:00,2.9308,2.9338,2.9283,2.9308,2.9358,2.9388,2.9333,2.9358,20
2026-02-20 13:43:00,2.9318,2.9363,2.9308,2.9323,2.9368,2.9413,2.9358,2.9373,22
2026-02-20 13:44:00,2.9328,2.9338,2.9318,2.9338,2.9378,2.9388,2.9368,2.9388,5
2026-02-20 13:45:00,2.9343,2.9343,2.9298,2.9318,2.9393,2.9393,2.9348,2.9368,12
2026-02-20 13:46:00,2.9313,2.9328,2.9278,2.9298,2.9363,2.9378,2.9328,2.9348,16
2026-02-20 13:47:00,2.9303,2.9318,2.9298,2.9308,2.9353,2.9368,2.9348,2.9358,6
2026-02-20 13:48:00,2.9303,2.9303,2.9243,2.9278,2.9353,2.9353,2.9293,2.9328,17
2026-02-20 13:49:00,2.9288,2.9288,2.9278,2.9288,2.9338,2.9338,2.9328,2.9338,7
2026-02-20 13:50:00,2.9298,2.9298,2.9248,2.9298,2.9348,2.9348,2.9298,2.9348,19
2026-02-20 13:51:00,2.9288,2.9288,2.9238,2.9258,2.9338,2.9338,2.9288,2.9308,15
2026-02-20 13:52:00,2.9263,2.9298,2.9258,2.9258,2.9313,2.9348,2.9308,2.9308,13
2026-02-20 13:53:00,2.9263,2.9263,2.9228,2.9228,2.9313,2.9313,2.9278,2.9278,8
2026-02-20 13:54:00,2.9238,2.9243,2.9238,2.9238,2.9288,2.9293,2.9288,2.9288,3
2026-02-20 13:55:00,2.9228,2.9268,2.9228,2.9263,2.9278,2.9318,2.9278,2.9313,8
2026-02-20 13:56:00,2.9268,2.9288,2.9263,2.9283,2.9318,2.9338,2.9313,2.9333,11
2026-02-20 13:57:00,2.9278,2.9278,2.9258,2.9258,2.9328,2.9328,2.9308,2.9308,9
2026-02-20 13:58:00,2.9268,2.9283,2.9243,2.9278,2.9318,2.9333,2.9293,2.9328,16
2026-02-20 13:59:00,2.9283,2.9283,2.9263,2.9263,2.9333,2.9333,2.9313,2.9313,10
2026-02-20 14:00:00,2.9268,2.9293,2.9263,2.9263,2.9318,2.9343,2.9313,2.9313,14
2026-02-20 14:01:00,2.9268,2.9288,2.9243,2.9268,2.9318,2.9338,2.9293,2.9318,20
2026-02-20 14:02:00,2.9278,2.9283,2.9263,2.9283,2.9328,2.9333,2.9313,2.9333,16
2026-02-20 14:03:00,2.9288,2.9338,2.9273,2.9288,2.9338,2.9388,2.9323,2.9338,51
2026-02-20 14:04:00,2.9283,2.9318,2.9253,2.9263,2.9333,2.9368,2.9303,2.9313,26
2026-02-20 14:05:00,2.9268,2.9268,2.9243,2.9253,2.9318,2.9318,2.9293,2.9303,16
2026-02-20 14:06:00,2.9268,2.9278,2.9253,2.9278,2.9318,2.9328,2.9303,2.9328,8
2026-02-20 14:07:00,2.9283,2.9318,2.9283,2.9318,2.9333,2.9368,2.9333,2.9368,14
2026-02-20 14:08:00,2.9308,2.9328,2.9308,2.9328,2.9358,2.9378,2.9358,2.9378,6
2026-02-20 14:09:00,2.9333,2.9338,2.9318,2.9328,2.9383,2.9388,2.9368,2.9378,6
2026-02-20 14:10:00,2.9323,2.9358,2.9318,2.9328,2.9373,2.9408,2.9368,2.9378,17
2026-02-20 14:11:00,2.9333,2.9398,2.9333,2.9383,2.9383,2.9448,2.9383,2.9433,35
2026-02-20 14:12:00,2.9378,2.9398,2.9348,2.9398,2.9428,2.9448,2.9398,2.9448,12
2026-02-20 14:13:00,2.9403,2.9418,2.9388,2.9413,2.9453,2.9468,2.9438,2.9463,25
2026-02-20 14:14:00,2.9408,2.9418,2.9398,2.9403,2.9458,2.9468,2.9448,2.9453,13
2026-02-20 14:15:00,2.9408,2.9408,2.9378,2.9378,2.9458,2.9458,2.9428,2.9428,8
2026-02-20 14:16:00,2.9368,2.9368,2.9333,2.9338,2.9418,2.9418,2.9383,2.9388,17
2026-02-20 14:17:00,2.9348,2.9363,2.9343,2.9358,2.9398,2.9413,2.9393,2.9408,7
2026-02-20 14:18:00,2.9368,2.9368,2.9348,2.9348,2.9418,2.9418,2.9398,2.9398,10
2026-02-20 14:19:00,2.9353,2.9363,2.9328,2.9348,2.9403,2.9413,2.9378,2.9398,41
2026-02-20 14:20:00,2.9353,2.9358,2.9338,2.9338,2.9403,2.9408,2.9388,2.9388,13
2026-02-20 14:21:00,2.9328,2.9363,2.9318,2.9343,2.9378,2.9413,2.9368,2.9393,32
2026-02-20 14:22:00,2.9348,2.9383,2.9348,2.9378,2.9398,2.9433,2.9398,2.9428,13
2026-02-20 14:23:00,2.9388,2.9418,2.9388,2.9408,2.9438,2.9468,2.9438,2.9458,14
2026-02-20 14:24:00,2.9398,2.9398,2.9368,2.9393,2.9448,2.9448,2.9418,2.9443,19
2026-02-20 14:25:00,2.9398,2.9488,2.9398,2.9488,2.9448,2.9538,2.9448,2.9538,24
2026-02-20 14:26:00,2.9498,2.9558,2.9478,2.9518,2.9548,2.9608,2.9528,2.9568,45
2026-02-20 14:27:00,2.9528,2.9573,2.9503,2.9523,2.9578,2.9623,2.9553,2.9573,34
2026-02-20 14:28:00,2.9528,2.9633,2.9513,2.9628,2.9578,2.9683,2.9563,2.9678,62
2026-02-20 14:29:00,2.9623,2.9633,2.9573,2.9573,2.9673,2.9683,2.9623,2.9623,33
2026-02-20 14:30:00,2.9578,2.9648,2.9568,2.9568,2.9628,2.9698,2.9618,2.9618,38
2026-02-20 14:31:00,2.9573,2.9578,2.9508,2.9523,2.9623,2.9628,2.9558,2.9573,33
2026-02-20 14:32:00,2.9518,2.9518,2.9433,2.9433,2.9568,2.9568,2.9483,2.9483,22
2026-02-20 14:33:00,2.9443,2.9488,2.9443,2.9488,2.9493,2.9538,2.9493,2.9538,21
2026-02-20 14:34:00,2.9483,2.9488,2.9443,2.9468,2.9533,2.9538,2.9493,2.9518,24
2026-02-20 14:35:00,2.9458,2.9463,2.9418,2.9438,2.9508,2.9513,2.9468,2.9488,17
2026-02-20 14:36:00,2.9443,2.9498,2.9443,2.9478,2.9493,2.9548,2.9493,2.9528,21
2026-02-20 14:37:00,2.9473,2.9528,2.9473,2.9513,2.9523,2.9578,2.9523,2.9563,39
2026-02-20 14:38:00,2.9518,2.9518,2.9478,2.9478,2.9568,2.9568,2.9528,2.9528,14
2026-02-20 14:39:00,2.9473,2.9518,2.9468,2.9518,2.9523,2.9568,2.9518,2.9568,35
2026-02-20 14:40:00,2.9513,2.9518,2.9468,2.9473,2.9563,2.9568,2.9518,2.9523,18
2026-02-20 14:41:00,2.9478,2.9478,2.9403,2.9443,2.9528,2.9528,2.9453,2.9493,39
2026-02-20 14:42:00,2.9448,2.9448,2.9378,2.9403,2.9498,2.9498,2.9428,2.9453,32
2026-02-20 14:43:00,2.9408,2.9458,2.9398,2.9443,2.9458,2.9508,2.9448,2.9493,26
2026-02-20 14:44:00,2.9438,2.9498,2.9438,2.9488,2.9488,2.9548,2.9488,2.9538,22
2026-02-20 14:45:00,2.9498,2.9498,2.9458,2.9468,2.9548,2.9548,2.9508,2.9518,23
2026-02-20 14:46:00,2.9473,2.9503,2.9463,2.9498,2.9523,2.9553,2.9513,2.9548,22
2026-02-20 14:47:00,2.9503,2.9528,2.9493,2.9493,2.9553,2.9578,2.9543,2.9543,19
2026-02-20 14:48:00,2.9498,2.9498,2.9448,2.9488,2.9548,2.9548,2.9498,2.9538,32
2026-02-20 14:49:00,2.9478,2.9508,2.9478,2.9508,2.9528,2.9558,2.9528,2.9558,14
2026-02-20 14:50:00,2.9518,2.9548,2.9513,2.9543,2.9568,2.9598,2.9563,2.9593,13
2026-02-20 14:51:00,2.9538,2.9538,2.9493,2.9493,2.9588,2.9588,2.9543,2.9543,10
2026-02-20 14:52:00,2.9488,2.9508,2.9468,2.9508,2.9538,2.9558,2.9518,2.9558,13
2026-02-20 14:53:00,2.9518,2.9518,2.9488,2.9493,2.9568,2.9568,2.9538,2.9543,14
2026-02-20 14:54:00,2.9498,2.9508,2.9478,2.9498,2.9548,2.9558,2.9528,2.9548,24
2026-02-20 14:55:00,2.9503,2.9518,2.9498,2.9518,2.9553,2.9568,2.9548,2.9568,9
2026-02-20 14:56:00,2.9508,2.9588,2.9508,2.9578,2.9558,2.9638,2.9558,2.9628,26
2026-02-20 14:57:00,2.9573,2.9598,2.9563,2.9578,2.9623,2.9648,2.9613,2.9628,18
2026-02-20 14:58:00,2.9573,2.9588,2.9563,2.9568,2.9623,2.9638,2.9613,2.9618,24
2026-02-20 14:59:00,2.9558,2.9598,2.9523,2.9598,2.9608,2.9648,2.9573,2.9648,22
2026-02-20 15:00:00,2.9593,2.9638,2.9563,2.9578,2.9643,2.9688,2.9613,2.9628,88
2026-02-20 15:01:00,2.9573,2.9618,2.9558,2.9568,2.9623,2.9668,2.9608,2.9618,70
2026-02-20 15:02:00,2.9563,2.9578,2.9503,2.9508,2.9613,2.9628,2.9553,2.9558,58
2026-02-20 15:03:00,2.9513,2.9518,2.9488,2.9488,2.9563,2.9568,2.9538,2.9538,16
2026-02-20 15:04:00,2.9493,2.9538,2.9488,2.9493,2.9543,2.9588,2.9538,2.9543,22
2026-02-20 15:05:00,2.9478,2.9488,2.9438,2.9438,2.9528,2.9538,2.9488,2.9488,18
2026-02-20 15:06:00,2.9443,2.9468,2.9408,2.9458,2.9493,2.9518,2.9458,2.9508,32
2026-02-20 15:07:00,2.9453,2.9508,2.9438,2.9498,2.9503,2.9558,2.9488,2.9548,26
2026-02-20 15:08:00,2.9508,2.9528,2.9488,2.9488,2.9558,2.9578,2.9538,2.9538,19
2026-02-20 15:09:00,2.9483,2.9493,2.9468,2.9493,2.9533,2.9543,2.9518,2.9543,19
2026-02-20 15:10:00,2.9488,2.9568,2.9483,2.9558,2.9538,2.9618,2.9533,2.9608,34
2026-02-20 15:11:00,2.9548,2.9553,2.9518,2.9528,2.9598,2.9603,2.9568,2.9578,21
2026-02-20 15:12:00,2.9538,2.9568,2.9538,2.9553,2.9588,2.9618,2.9588,2.9603,28
2026-02-20 15:13:00,2.9568,2.9573,2.9538,2.9538,2.9618,2.9623,2.9588,2.9588,23
2026-02-20 15:14:00,2.9533,2.9658,2.9518,2.9653,2.9583,2.9708,2.9568,2.9703,44
2026-02-20 15:15:00,2.9648,2.9668,2.9603,2.9608,2.9698,2.9718,2.9653,2.9658,47
2026-02-20 15:16:00,2.9613,2.9613,2.9568,2.9578,2.9663,2.9663,2.9618,2.9628,23
2026-02-20 15:17:00,2.9568,2.9588,2.9558,2.9568,2.9618,2.9638,2.9608,2.9618,9
2026-02-20 15:18:00,2.9573,2.9603,2.9568,2.9578,2.9623,2.9653,2.9618,2.9628,23
2026-02-20 15:19:00,2.9588,2.9648,2.9588,2.9608,2.9638,2.9698,2.9638,2.9658,43
2026-02-20 15:20:00,2.9613,2.9678,2.9613,2.9638,2.9663,2.9728,2.9663,2.9688,29
2026-02-20 15:21:00,2.9633,2.9718,2.9618,2.9648,2.9683,2.9768,2.9668,2.9698,50
2026-02-20 15:22:00,2.9643,2.9648,2.9598,2.9603,2.9693,2.9698,2.9648,2.9653,31
2026-02-20 15:23:00,2.9593,2.9648,2.9558,2.9633,2.9643,2.9698,2.9608,2.9683,39
2026-02-20 15:24:00,2.9638,2.9648,2.9588,2.9593,2.9688,2.9698,2.9638,2.9643,17
2026-02-20 15:25:00,2.9588,2.9588,2.9528,2.9553,2.9638,2.9638,2.9578,2.9603,28
2026-02-20 15:26:00,2.9548,2.9548,2.9483,2.9498,2.9598,2.9598,2.9533,2.9548,39
2026-02-20 15:27:00,2.9493,2.9518,2.9488,2.9498,2.9543,2.9568,2.9538,2.9548,25
2026-02-20 15:28:00,2.9503,2.9518,2.9498,2.9498,2.9553,2.9568,2.9548,2.9548,18
2026-02-20 15:29:00,2.9503,2.9508,2.9478,2.9493,2.9553,2.9558,2.9528,2.9543,18
2026-02-20 15:30:00,2.9488,2.9513,2.9468,2.9498,2.9538,2.9563,2.9518,2.9548,34
2026-02-20 15:31:00,2.9508,2.9548,2.9488,2.9528,2.9558,2.9598,2.9538,2.9578,51
2026-02-20 15:32:00,2.9518,2.9558,2.9518,2.9538,2.9568,2.9608,2.9568,2.9588,22
2026-02-20 15:33:00,2.9548,2.9558,2.9518,2.9533,2.9598,2.9608,2.9568,2.9583,22
2026-02-20 15:34:00,2.9538,2.9558,2.9528,2.9543,2.9588,2.9608,2.9578,2.9593,18
2026-02-20 15:35:00,2.9548,2.9558,2.9528,2.9538,2.9598,2.9608,2.9578,2.9588,20
2026-02-20 15:36:00,2.9528,2.9528,2.9448,2.9468,2.9578,2.9578,2.9498,2.9518,41
2026-02-20 15:37:00,2.9458,2.9458,2.9388,2.9413,2.9508,2.9508,2.9438,2.9463,51
2026-02-20 15:38:00,2.9403,2.9428,2.9398,2.9398,2.9453,2.9478,2.9448,2.9448,29
2026-02-20 15:39:00,2.9408,2.9498,2.9408,2.9498,2.9458,2.9548,2.9458,2.9548,29
2026-02-20 15:40:00,2.9503,2.9538,2.9488,2.9498,2.9553,2.9588,2.9538,2.9548,42
2026-02-20 15:41:00,2.9493,2.9498,2.9478,2.9493,2.9543,2.9548,2.9528,2.9543,25
2026-02-20 15:42:00,2.9488,2.9528,2.9488,2.9513,2.9538,2.9578,2.9538,2.9563,33
2026-02-20 15:43:00,2.9508,2.9508,2.9488,2.9493,2.9558,2.9558,2.9538,2.9543,13
2026-02-20 15:44:00,2.9488,2.9508,2.9478,2.9483,2.9538,2.9558,2.9528,2.9533,21
2026-02-20 15:45:00,2.9468,2.9538,2.9468,2.9513,2.9518,2.9588,2.9518,2.9563,68
2026-02-20 15:46:00,2.9508,2.9538,2.9498,2.9533,2.9558,2.9588,2.9548,2.9583,21
2026-02-20 15:47:00,2.9538,2.9618,2.9538,2.9618,2.9588,2.9668,2.9588,2.9668,26
2026-02-20 15:48:00,2.9628,2.9673,2.9568,2.9578,2.9678,2.9723,2.9618,2.9628,61
2026-02-20 15:49:00,2.9568,2.9568,2.9498,2.9538,2.9618,2.9618,2.9548,2.9588,47
2026-02-20 15:50:00,2.9543,2.9578,2.9528,2.9578,2.9593,2.9628,2.9578,2.9628,24
2026-02-20 15:51:00,2.9568,2.9568,2.9538,2.9558,2.9618,2.9618,2.9588,2.9608,16
2026-02-20 15:52:00,2.9563,2.9578,2.9538,2.9538,2.9613,2.9628,2.9588,2.9588,26
2026-02-20 15:53:00,2.9543,2.9568,2.9518,2.9568,2.9593,2.9618,2.9568,2.9618,23
2026-02-20 15:54:00,2.9563,2.9578,2.9548,2.9563,2.9613,2.9628,2.9598,2.9613,24
2026-02-20 15:55:00,2.9558,2.9568,2.9538,2.9548,2.9608,2.9618,2.9588,2.9598,9
2026-02-20 15:56:00,2.9538,2.9573,2.9528,2.9568,2.9588,2.9623,2.9578,2.9618,16
2026-02-20 15:57:00,2.9563,2.9588,2.9558,2.9568,2.9613,2.9638,2.9608,2.9618,15
2026-02-20 15:58:00,2.9578,2.9608,2.9568,2.9593,2.9628,2.9658,2.9618,2.9643,20
2026-02-20 15:59:00,2.9588,2.9613,2.9583,2.9593,2.9638,2.9663,2.9633,2.9643,16
2026-02-20 16:00:00,2.9598,2.9608,2.9548,2.9588,2.9648,2.9658,2.9598,2.9638,31
2026-02-20 16:01:00,2.9578,2.9598,2.9558,2.9568,2.9628,2.9648,2.9608,2.9618,23
2026-02-20 16:02:00,2.9588,2.9628,2.9578,2.9628,2.9638,2.9678,2.9628,2.9678,19
2026-02-20 16:03:00,2.9623,2.9628,2.9583,2.9588,2.9673,2.9678,2.9633,2.9638,22
2026-02-20 16:04:00,2.9583,2.9628,2.9568,2.9613,2.9633,2.9678,2.9618,2.9663,26
2026-02-20 16:05:00,2.9618,2.9618,2.9568,2.9578,2.9668,2.9668,2.9618,2.9628,19
2026-02-20 16:06:00,2.9573,2.9598,2.9573,2.9598,2.9623,2.9648,2.9623,2.9648,13
2026-02-20 16:07:00,2.9593,2.9618,2.9568,2.9578,2.9643,2.9668,2.9618,2.9628,33
2026-02-20 16:08:00,2.9568,2.9588,2.9558,2.9578,2.9618,2.9638,2.9608,2.9628,32
2026-02-20 16:09:00,2.9583,2.9618,2.9578,2.9613,2.9633,2.9668,2.9628,2.9663,38
2026-02-20 16:10:00,2.9608,2.9678,2.9608,2.9668,2.9658,2.9728,2.9658,2.9718,49
2026-02-20 16:11:00,2.9663,2.9678,2.9648,2.9658,2.9713,2.9728,2.9698,2.9708,21
2026-02-20 16:12:00,2.9663,2.9678,2.9638,2.9648,2.9713,2.9728,2.9688,2.9698,39
2026-02-20 16:13:00,2.9653,2.9668,2.9638,2.9653,2.9703,2.9718,2.9688,2.9703,31
2026-02-20 16:14:00,2.9648,2.9678,2.9648,2.9658,2.9698,2.9728,2.9698,2.9708,49
2026-02-20 16:15:00,2.9668,2.9698,2.9648,2.9658,2.9718,2.9748,2.9698,2.9708,46
2026-02-20 16:16:00,2.9653,2.9658,2.9648,2.9658,2.9703,2.9708,2.9698,2.9708,12
2026-02-20 16:17:00,2.9653,2.9663,2.9653,2.9658,2.9703,2.9713,2.9703,2.9708,4
2026-02-20 16:18:00,2.9663,2.9668,2.9648,2.9648,2.9713,2.9718,2.9698,2.9698,12
2026-02-20 16:19:00,2.9653,2.9658,2.9648,2.9658,2.9703,2.9708,2.9698,2.9708,9
2026-02-20 16:20:00,2.9653,2.9658,2.9648,2.9658,2.9703,2.9708,2.9698,2.9708,19
2026-02-20 16:21:00,2.9668,2.9678,2.9648,2.9663,2.9718,2.9728,2.9698,2.9713,16
2026-02-20 16:22:00,2.9658,2.9668,2.9648,2.9658,2.9708,2.9718,2.9698,2.9708,11
2026-02-20 16:23:00,2.9653,2.9738,2.9648,2.9728,2.9703,2.9788,2.9698,2.9778,35
2026-02-20 16:24:00,2.9723,2.9758,2.9678,2.9708,2.9773,2.9808,2.9728,2.9758,61
2026-02-20 16:25:00,2.9703,2.9718,2.9668,2.9688,2.9753,2.9768,2.9718,2.9738,44
2026-02-20 16:26:00,2.9683,2.9688,2.9668,2.9673,2.9733,2.9738,2.9718,2.9723,24
2026-02-20 16:27:00,2.9678,2.9678,2.9638,2.9658,2.9728,2.9728,2.9688,2.9708,30
2026-02-20 16:28:00,2.9663,2.9688,2.9628,2.9638,2.9713,2.9738,2.9678,2.9688,28
2026-02-20 16:29:00,2.9643,2.9668,2.9628,2.9638,2.9693,2.9718,2.9678,2.9688,30
2026-02-20 16:30:00,2.9643,2.9653,2.9498,2.9518,2.9693,2.9703,2.9548,2.9568,96
2026-02-20 16:31:00,2.9513,2.9513,2.9478,2.9478,2.9563,2.9563,2.9528,2.9528,69
2026-02-20 16:32:00,2.9483,2.9488,2.9388,2.9398,2.9533,2.9538,2.9438,2.9448,52
2026-02-20 16:33:00,2.9403,2.9428,2.9388,2.9403,2.9453,2.9478,2.9438,2.9453,59
2026-02-20 16:34:00,2.9388,2.9428,2.9353,2.9408,2.9438,2.9478,2.9403,2.9458,58
2026-02-20 16:35:00,2.9418,2.9438,2.9398,2.9438,2.9468,2.9488,2.9448,2.9488,26
2026-02-20 16:36:00,2.9433,2.9518,2.9428,2.9468,2.9483,2.9568,2.9478,2.9518,56
2026-02-20 16:37:00,2.9458,2.9478,2.9428,2.9433,2.9508,2.9528,2.9478,2.9483,21
2026-02-20 16:38:00,2.9438,2.9438,2.9408,2.9413,2.9488,2.9488,2.9458,2.9463,39
2026-02-20 16:39:00,2.9418,2.9428,2.9368,2.9388,2.9468,2.9478,2.9418,2.9438,32
2026-02-20 16:40:00,2.9393,2.9393,2.9338,2.9368,2.9443,2.9443,2.9388,2.9418,44
2026-02-20 16:41:00,2.9378,2.9428,2.9378,2.9408,2.9428,2.9478,2.9428,2.9458,34
2026-02-20 16:42:00,2.9403,2.9448,2.9398,2.9443,2.9453,2.9498,2.9448,2.9493,36
2026-02-20 16:43:00,2.9438,2.9488,2.9418,2.9418,2.9488,2.9538,2.9468,2.9468,54
2026-02-20 16:44:00,2.9413,2.9468,2.9403,2.9443,2.9463,2.9518,2.9453,2.9493,42
2026-02-20 16:45:00,2.9438,2.9458,2.9438,2.9448,2.9488,2.9508,2.9488,2.9498,7
2026-02-20 16:46:00,2.9443,2.9568,2.9443,2.9518,2.9493,2.9618,2.9493,2.9568,38
2026-02-20 16:47:00,2.9513,2.9578,2.9498,2.9568,2.9563,2.9628,2.9548,2.9618,38
2026-02-20 16:48:00,2.9563,2.9593,2.9563,2.9573,2.9613,2.9643,2.9613,2.9623,32
2026-02-20 16:49:00,2.9578,2.9578,2.9538,2.9538,2.9628,2.9628,2.9588,2.9588,23
2026-02-20 16:50:00,2.9543,2.9548,2.9518,2.9538,2.9593,2.9598,2.9568,2.9588,25
2026-02-20 16:51:00,2.9548,2.9578,2.9518,2.9538,2.9598,2.9628,2.9568,2.9588,28
2026-02-20 16:52:00,2.9548,2.9603,2.9548,2.9563,2.9598,2.9653,2.9598,2.9613,34
2026-02-20 16:53:00,2.9558,2.9558,2.9518,2.9543,2.9608,2.9608,2.9568,2.9593,19
2026-02-20 16:54:00,2.9533,2.9588,2.9528,2.9568,2.9583,2.9638,2.9578,2.9618,33
2026-02-20 16:55:00,2.9573,2.9628,2.9573,2.9598,2.9623,2.9678,2.9623,2.9648,37
2026-02-20 16:56:00,2.9588,2.9658,2.9588,2.9648,2.9638,2.9708,2.9638,2.9698,31
2026-02-20 16:57:00,2.9653,2.9658,2.9618,2.9643,2.9703,2.9708,2.9668,2.9693,38
2026-02-20 16:58:00,2.9638,2.9638,2.9598,2.9613,2.9688,2.9688,2.9648,2.9663,27
2026-02-20 16:59:00,2.9618,2.9618,2.9568,2.9588,2.9668,2.9668,2.9618,2.9638,36
2026-02-20 17:00:00,2.9583,2.9628,2.9578,2.9618,2.9633,2.9678,2.9628,2.9668,40
2026-02-20 17:01:00,2.9608,2.9648,2.9603,2.9613,2.9658,2.9698,2.9653,2.9663,23
2026-02-20 17:02:00,2.9608,2.9618,2.9558,2.9558,2.9658,2.9668,2.9608,2.9608,25
2026-02-20 17:03:00,2.9553,2.9618,2.9548,2.9588,2.9603,2.9668,2.9598,2.9638,38
2026-02-20 17:04:00,2.9583,2.9588,2.9568,2.9573,2.9633,2.9638,2.9618,2.9623,17
2026-02-20 17:05:00,2.9568,2.9598,2.9548,2.9588,2.9618,2.9648,2.9598,2.9638,29
2026-02-20 17:06:00,2.9593,2.9658,2.9593,2.9638,2.9643,2.9708,2.9643,2.9688,37
2026-02-20 17:07:00,2.9633,2.9703,2.9628,2.9683,2.9683,2.9753,2.9678,2.9733,28
2026-02-20 17:08:00,2.9678,2.9698,2.9658,2.9698,2.9728,2.9748,2.9708,2.9748,23
2026-02-20 17:09:00,2.9688,2.9758,2.9688,2.9728,2.9738,2.9808,2.9738,2.9778,90
2026-02-20 17:10:00,2.9723,2.9723,2.9688,2.9718,2.9773,2.9773,2.9738,2.9768,36
2026-02-20 17:11:00,2.9713,2.9748,2.9698,2.9718,2.9763,2.9798,2.9748,2.9768,25
2026-02-20 17:12:00,2.9723,2.9728,2.9688,2.9718,2.9773,2.9778,2.9738,2.9768,21
2026-02-20 17:13:00,2.9723,2.9728,2.9683,2.9688,2.9773,2.9778,2.9733,2.9738,20
2026-02-20 17:14:00,2.9693,2.9698,2.9678,2.9698,2.9743,2.9748,2.9728,2.9748,18
2026-02-20 17:15:00,2.9703,2.9808,2.9688,2.9788,2.9753,2.9858,2.9738,2.9838,87
2026-02-20 17:16:00,2.9798,2.9848,2.9788,2.9833,2.9848,2.9898,2.9838,2.9883,74
2026-02-20 17:17:00,2.9828,2.9863,2.9808,2.9833,2.9878,2.9913,2.9858,2.9883,28
2026-02-20 17:18:00,2.9838,2.9928,2.9838,2.9913,2.9888,2.9978,2.9888,2.9963,71
2026-02-20 17:19:00,2.9898,2.9923,2.9888,2.9908,2.9948,2.9973,2.9938,2.9958,34
2026-02-20 17:20:00,2.9903,2.9903,2.9843,2.9863,2.9953,2.9953,2.9893,2.9913,34
2026-02-20 17:21:00,2.9858,2.9928,2.9848,2.9888,2.9908,2.9978,2.9898,2.9938,43
2026-02-20 17:22:00,2.9893,2.9943,2.9893,2.9933,2.9943,2.9993,2.9943,2.9983,30
2026-02-20 17:23:00,2.9928,2.9998,2.9928,2.9963,2.9978,3.0048,2.9978,3.0013,92
2026-02-20 17:24:00,2.9958,2.9998,2.9948,2.9993,3.0008,3.0048,2.9998,3.0043,50
2026-02-20 17:25:00,2.9988,3.0088,2.9973,3.0043,3.0038,3.0138,3.0023,3.0093,82
2026-02-20 17:26:00,3.0048,3.0138,3.0038,3.0128,3.0098,3.0188,3.0088,3.0178,65
2026-02-20 17:27:00,3.0118,3.0158,3.0103,3.0148,3.0168,3.0208,3.0153,3.0198,94
2026-02-20 17:28:00,3.0158,3.0198,3.0118,3.0188,3.0208,3.0248,3.0168,3.0238,124
2026-02-20 17:29:00,3.0183,3.0198,3.0123,3.0123,3.0233,3.0248,3.0173,3.0173,102
2026-02-20 17:30:00,3.0133,3.0243,3.0123,3.0228,3.0183,3.0293,3.0173,3.0278,92
2026-02-20 17:31:00,3.0233,3.0258,3.0213,3.0253,3.0283,3.0308,3.0263,3.0303,74
2026-02-20 17:32:00,3.0238,3.0278,3.0198,3.0278,3.0288,3.0328,3.0248,3.0328,58
2026-02-20 17:33:00,3.0283,3.0293,3.0248,3.0268,3.0333,3.0343,3.0298,3.0318,44
2026-02-20 17:34:00,3.0263,3.0268,3.0218,3.0243,3.0313,3.0318,3.0268,3.0293,65
2026-02-20 17:35:00,3.0238,3.0268,3.0208,3.0243,3.0288,3.0318,3.0258,3.0293,64
2026-02-20 17:36:00,3.0238,3.0338,3.0238,3.0328,3.0288,3.0388,3.0288,3.0378,61
2026-02-20 17:37:00,3.0318,3.0338,3.0288,3.0328,3.0368,3.0388,3.0338,3.0378,61
2026-02-20 17:38:00,3.0318,3.0388,3.0313,3.0383,3.0368,3.0438,3.0363,3.0433,78
2026-02-20 17:39:00,3.0378,3.0398,3.0348,3.0383,3.0428,3.0448,3.0398,3.0433,59
2026-02-20 17:40:00,3.0378,3.0393,3.0358,3.0368,3.0428,3.0443,3.0408,3.0418,36
2026-02-20 17:41:00,3.0378,3.0398,3.0278,3.0293,3.0428,3.0448,3.0328,3.0343,80
2026-02-20 17:42:00,3.0303,3.0328,3.0278,3.0323,3.0353,3.0378,3.0328,3.0373,46
2026-02-20 17:43:00,3.0333,3.0358,3.0308,3.0333,3.0383,3.0408,3.0358,3.0383,47
2026-02-20 17:44:00,3.0338,3.0368,3.0318,3.0358,3.0388,3.0418,3.0368,3.0408,36
2026-02-20 17:45:00,3.0348,3.0438,3.0348,3.0378,3.0398,3.0488,3.0398,3.0428,63
2026-02-20 17:46:00,3.0383,3.0408,3.0333,3.0353,3.0433,3.0458,3.0383,3.0403,72
2026-02-20 17:47:00,3.0358,3.0418,3.0358,3.0408,3.0408,3.0468,3.0408,3.0458,35
2026-02-20 17:48:00,3.0403,3.0438,3.0378,3.0423,3.0453,3.0488,3.0428,3.0473,42
2026-02-20 17:49:00,3.0433,3.0448,3.0388,3.0428,3.0483,3.0498,3.0438,3.0478,86
2026-02-20 17:50:00,3.0438,3.0493,3.0418,3.0483,3.0488,3.0543,3.0468,3.0533,86
2026-02-20 17:51:00,3.0478,3.0488,3.0428,3.0453,3.0528,3.0538,3.0478,3.0503,31
2026-02-20 17:52:00,3.0463,3.0538,3.0458,3.0508,3.0513,3.0588,3.0508,3.0558,46
2026-02-20 17:53:00,3.0513,3.0548,3.0488,3.0528,3.0563,3.0598,3.0538,3.0578,42
2026-02-20 17:54:00,3.0523,3.0538,3.0473,3.0473,3.0573,3.0588,3.0523,3.0523,30
2026-02-20 17:55:00,3.0468,3.0518,3.0418,3.0498,3.0518,3.0568,3.0468,3.0548,75
2026-02-20 17:56:00,3.0503,3.0518,3.0488,3.0513,3.0553,3.0568,3.0538,3.0563,32
2026-02-20 17:57:00,3.0518,3.0518,3.0458,3.0468,3.0568,3.0568,3.0508,3.0518,56
2026-02-20 17:58:00,3.0473,3.0518,3.0468,3.0498,3.0523,3.0568,3.0518,3.0548,38
2026-02-20 17:59:00,3.0488,3.0528,3.0483,3.0503,3.0538,3.0578,3.0533,3.0553,46
2026-02-20 18:00:00,3.0508,3.0518,3.0488,3.0498,3.0558,3.0568,3.0538,3.0548,24
2026-02-20 18:01:00,3.0493,3.0498,3.0438,3.0478,3.0543,3.0548,3.0488,3.0528,47
2026-02-20 18:02:00,3.0483,3.0498,3.0473,3.0488,3.0533,3.0548,3.0523,3.0538,22
2026-02-20 18:03:00,3.0493,3.0493,3.0443,3.0443,3.0543,3.0543,3.0493,3.0493,29
2026-02-20 18:04:00,3.0438,3.0493,3.0433,3.0453,3.0488,3.0543,3.0483,3.0503,52
2026-02-20 18:05:00,3.0458,3.0518,3.0448,3.0463,3.0508,3.0568,3.0498,3.0513,72
2026-02-20 18:06:00,3.0458,3.0498,3.0458,3.0478,3.0508,3.0548,3.0508,3.0528,31
2026-02-20 18:07:00,3.0473,3.0483,3.0438,3.0468,3.0523,3.0533,3.0488,3.0518,53
2026-02-20 18:08:00,3.0478,3.0518,3.0478,3.0508,3.0528,3.0568,3.0528,3.0558,64
2026-02-20 18:09:00,3.0503,3.0578,3.0493,3.0548,3.0553,3.0628,3.0543,3.0598,83
2026-02-20 18:10:00,3.0558,3.0588,3.0553,3.0583,3.0608,3.0638,3.0603,3.0633,48
2026-02-20 18:11:00,3.0588,3.0588,3.0558,3.0578,3.0638,3.0638,3.0608,3.0628,51
2026-02-20 18:12:00,3.0573,3.0573,3.0453,3.0453,3.0623,3.0623,3.0503,3.0503,41
2026-02-20 18:13:00,3.0448,3.0508,3.0443,3.0488,3.0498,3.0558,3.0493,3.0538,37
2026-02-20 18:14:00,3.0493,3.0548,3.0488,3.0523,3.0543,3.0598,3.0538,3.0573,38
2026-02-20 18:15:00,3.0528,3.0538,3.0448,3.0468,3.0578,3.0588,3.0498,3.0518,34
2026-02-20 18:16:00,3.0463,3.0518,3.0448,3.0488,3.0513,3.0568,3.0498,3.0538,59
2026-02-20 18:17:00,3.0493,3.0533,3.0468,3.0518,3.0543,3.0583,3.0518,3.0568,40
2026-02-20 18:18:00,3.0523,3.0523,3.0468,3.0478,3.0573,3.0573,3.0518,3.0528,20
2026-02-20 18:19:00,3.0483,3.0513,3.0468,3.0478,3.0533,3.0563,3.0518,3.0528,32
2026-02-20 18:20:00,3.0468,3.0558,3.0468,3.0548,3.0518,3.0608,3.0518,3.0598,38
2026-02-20 18:21:00,3.0553,3.0648,3.0553,3.0638,3.0603,3.0698,3.0603,3.0688,103
2026-02-20 18:22:00,3.0628,3.0658,3.0608,3.0628,3.0678,3.0708,3.0658,3.0678,40
2026-02-20 18:23:00,3.0643,3.0668,3.0618,3.0618,3.0693,3.0718,3.0668,3.0668,56
2026-02-20 18:24:00,3.0608,3.0658,3.0588,3.0638,3.0658,3.0708,3.0638,3.0688,32
2026-02-20 18:25:00,3.0643,3.0658,3.0603,3.0613,3.0693,3.0708,3.0653,3.0663,30
2026-02-20 18:26:00,3.0618,3.0628,3.0558,3.0623,3.0668,3.0678,3.0608,3.0673,46
2026-02-20 18:27:00,3.0628,3.0658,3.0613,3.0633,3.0678,3.0708,3.0663,3.0683,40
2026-02-20 18:28:00,3.0618,3.0638,3.0578,3.0588,3.0668,3.0688,3.0628,3.0638,37
2026-02-20 18:29:00,3.0598,3.0648,3.0598,3.0638,3.0648,3.0698,3.0648,3.0688,24
2026-02-20 18:30:00,3.0628,3.0728,3.0628,3.0708,3.0678,3.0778,3.0678,3.0758,84
2026-02-20 18:31:00,3.0713,3.0738,3.0688,3.0698,3.0763,3.0788,3.0738,3.0748,46
2026-02-20 18:32:00,3.0703,3.0718,3.0683,3.0718,3.0753,3.0768,3.0733,3.0768,21
2026-02-20 18:33:00,3.0713,3.0738,3.0688,3.0718,3.0763,3.0788,3.0738,3.0768,56
2026-02-20 18:34:00,3.0708,3.0723,3.0688,3.0688,3.0758,3.0773,3.0738,3.0738,33
2026-02-20 18:35:00,3.0693,3.0698,3.0668,3.0678,3.0743,3.0748,3.0718,3.0728,32
2026-02-20 18:36:00,3.0683,3.0738,3.0683,3.0733,3.0733,3.0788,3.0733,3.0783,34
2026-02-20 18:37:00,3.0738,3.0748,3.0708,3.0708,3.0788,3.0798,3.0758,3.0758,31
2026-02-20 18:38:00,3.0713,3.0718,3.0678,3.0698,3.0763,3.0768,3.0728,3.0748,23
2026-02-20 18:39:00,3.0693,3.0703,3.0658,3.0658,3.0743,3.0753,3.0708,3.0708,20
2026-02-20 18:40:00,3.0663,3.0688,3.0658,3.0683,3.0713,3.0738,3.0708,3.0733,33
2026-02-20 18:41:00,3.0678,3.0688,3.0628,3.0658,3.0728,3.0738,3.0678,3.0708,38
2026-02-20 18:42:00,3.0668,3.0718,3.0663,3.0668,3.0718,3.0768,3.0713,3.0718,30
2026-02-20 18:43:00,3.0678,3.0678,3.0628,3.0633,3.0728,3.0728,3.0678,3.0683,42
2026-02-20 18:44:00,3.0638,3.0638,3.0598,3.0598,3.0688,3.0688,3.0648,3.0648,51
2026-02-20 18:45:00,3.0603,3.0623,3.0548,3.0548,3.0653,3.0673,3.0598,3.0598,32
2026-02-20 18:46:00,3.0558,3.0568,3.0518,3.0553,3.0608,3.0618,3.0568,3.0603,42
2026-02-20 18:47:00,3.0558,3.0598,3.0548,3.0598,3.0608,3.0648,3.0598,3.0648,39
2026-02-20 18:48:00,3.0593,3.0598,3.0523,3.0523,3.0643,3.0648,3.0573,3.0573,34
2026-02-20 18:49:00,3.0528,3.0538,3.0498,3.0508,3.0578,3.0588,3.0548,3.0558,50
2026-02-20 18:50:00,3.0513,3.0548,3.0488,3.0488,3.0563,3.0598,3.0538,3.0538,55
2026-02-20 18:51:00,3.0493,3.0518,3.0488,3.0508,3.0543,3.0568,3.0538,3.0558,30
2026-02-20 18:52:00,3.0513,3.0528,3.0428,3.0438,3.0563,3.0578,3.0478,3.0488,66
2026-02-20 18:53:00,3.0433,3.0478,3.0398,3.0468,3.0483,3.0528,3.0448,3.0518,57
2026-02-20 18:54:00,3.0463,3.0508,3.0458,3.0468,3.0513,3.0558,3.0508,3.0518,50
2026-02-20 18:55:00,3.0463,3.0508,3.0458,3.0508,3.0513,3.0558,3.0508,3.0558,43
2026-02-20 18:56:00,3.0498,3.0518,3.0478,3.0503,3.0548,3.0568,3.0528,3.0553,40
2026-02-20 18:57:00,3.0508,3.0543,3.0508,3.0518,3.0558,3.0593,3.0558,3.0568,17
2026-02-20 18:58:00,3.0523,3.0568,3.0513,3.0558,3.0573,3.0618,3.0563,3.0608,22
2026-02-20 18:59:00,3.0563,3.0598,3.0563,3.0588,3.0613,3.0648,3.0613,3.0638,20
2026-02-20 19:00:00,3.0593,3.0628,3.0588,3.0618,3.0643,3.0678,3.0638,3.0668,39
2026-02-20 19:01:00,3.0613,3.0618,3.0578,3.0613,3.0663,3.0668,3.0628,3.0663,24
2026-02-20 19:02:00,3.0608,3.0633,3.0608,3.0633,3.0658,3.0683,3.0658,3.0683,17
2026-02-20 19:03:00,3.0638,3.0658,3.0598,3.0638,3.0688,3.0708,3.0648,3.0688,38
2026-02-20 19:04:00,3.0633,3.0688,3.0633,3.0658,3.0683,3.0738,3.0683,3.0708,32
2026-02-20 19:05:00,3.0648,3.0673,3.0638,3.0648,3.0698,3.0723,3.0688,3.0698,25
2026-02-20 19:06:00,3.0653,3.0688,3.0648,3.0688,3.0703,3.0738,3.0698,3.0738,27
2026-02-20 19:07:00,3.0698,3.0698,3.0678,3.0678,3.0748,3.0748,3.0728,3.0728,12
2026-02-20 19:08:00,3.0673,3.0708,3.0603,3.0623,3.0723,3.0758,3.0653,3.0673,56
2026-02-20 19:09:00,3.0628,3.0658,3.0608,3.0648,3.0678,3.0708,3.0658,3.0698,31
2026-02-20 19:10:00,3.0633,3.0648,3.0608,3.0648,3.0683,3.0698,3.0658,3.0698,29
2026-02-20 19:11:00,3.0658,3.0703,3.0658,3.0683,3.0708,3.0753,3.0708,3.0733,36
2026-02-20 19:12:00,3.0673,3.0698,3.0673,3.0698,3.0723,3.0748,3.0723,3.0748,18
2026-02-20 19:13:00,3.0688,3.0708,3.0648,3.0658,3.0738,3.0758,3.0698,3.0708,41
2026-02-20 19:14:00,3.0653,3.0678,3.0573,3.0583,3.0703,3.0728,3.0623,3.0633,52
2026-02-20 19:15:00,3.0588,3.0593,3.0288,3.0323,3.0638,3.0643,3.0338,3.0373,148
2026-02-20 19:16:00,3.0328,3.0393,3.0298,3.0333,3.0378,3.0443,3.0348,3.0383,89
2026-02-20 19:17:00,3.0338,3.0343,3.0248,3.0253,3.0388,3.0393,3.0298,3.0303,74
2026-02-20 19:18:00,3.0248,3.0328,3.0238,3.0253,3.0298,3.0378,3.0288,3.0303,43
2026-02-20 19:19:00,3.0258,3.0318,3.0228,3.0238,3.0308,3.0368,3.0278,3.0288,71
2026-02-20 19:20:00,3.0243,3.0268,3.0213,3.0268,3.0293,3.0318,3.0263,3.0318,54
2026-02-20 19:21:00,3.0273,3.0273,2.9983,3.0098,3.0323,3.0323,3.0033,3.0148,81
2026-02-20 19:22:00,3.0103,3.0103,3.0038,3.0058,3.0153,3.0153,3.0088,3.0108,89
2026-02-20 19:23:00,3.0068,3.0123,3.0038,3.0103,3.0118,3.0173,3.0088,3.0153,61
2026-02-20 19:24:00,3.0108,3.0113,3.0028,3.0038,3.0158,3.0163,3.0078,3.0088,48
2026-02-20 19:25:00,3.0028,3.0048,2.9988,3.0028,3.0078,3.0098,3.0038,3.0078,50
2026-02-20 19:26:00,3.0033,3.0078,2.9998,3.0068,3.0083,3.0128,3.0048,3.0118,55
2026-02-20 19:27:00,3.0078,3.0108,3.0018,3.0028,3.0128,3.0158,3.0068,3.0078,49
2026-02-20 19:28:00,3.0018,3.0053,3.0003,3.0053,3.0068,3.0103,3.0053,3.0103,37
2026-02-20 19:29:00,3.0058,3.0073,3.0038,3.0058,3.0108,3.0123,3.0088,3.0108,24
2026-02-20 19:30:00,3.0063,3.0158,3.0063,3.0098,3.0113,3.0208,3.0113,3.0148,44
2026-02-20 19:31:00,3.0093,3.0143,3.0058,3.0068,3.0143,3.0193,3.0108,3.0118,35
2026-02-20 19:32:00,3.0058,3.0118,3.0058,3.0103,3.0108,3.0168,3.0108,3.0153,35
2026-02-20 19:33:00,3.0098,3.0158,3.0093,3.0148,3.0148,3.0208,3.0143,3.0198,46
2026-02-20 19:34:00,3.0143,3.0168,3.0108,3.0163,3.0193,3.0218,3.0158,3.0213,34
2026-02-20 19:35:00,3.0158,3.0168,3.0088,3.0103,3.0208,3.0218,3.0138,3.0153,32
2026-02-20 19:36:00,3.0098,3.0123,3.0068,3.0073,3.0148,3.0173,3.0118,3.0123,56
2026-02-20 19:37:00,3.0083,3.0118,3.0058,3.0118,3.0133,3.0168,3.0108,3.0168,31
2026-02-20 19:38:00,3.0123,3.0128,3.0068,3.0078,3.0173,3.0178,3.0118,3.0128,39
2026-02-20 19:39:00,3.0073,3.0108,3.0038,3.0058,3.0123,3.0158,3.0088,3.0108,41
2026-02-20 19:40:00,3.0068,3.0088,3.0038,3.0068,3.0118,3.0138,3.0088,3.0118,31
2026-02-20 19:41:00,3.0078,3.0088,3.0028,3.0053,3.0128,3.0138,3.0078,3.0103,43
2026-02-20 19:42:00,3.0058,3.0088,3.0043,3.0058,3.0108,3.0138,3.0093,3.0108,43
2026-02-20 19:43:00,3.0053,3.0088,3.0028,3.0088,3.0103,3.0138,3.0078,3.0138,19
2026-02-20 19:44:00,3.0083,3.0098,3.0058,3.0068,3.0133,3.0148,3.0108,3.0118,21
2026-02-20 19:45:00,3.0063,3.0093,3.0028,3.0038,3.0113,3.0143,3.0078,3.0088,32
2026-02-20 19:46:00,3.0043,3.0078,3.0038,3.0043,3.0093,3.0128,3.0088,3.0093,23
2026-02-20 19:47:00,3.0038,3.0048,3.0023,3.0038,3.0088,3.0098,3.0073,3.0088,18
2026-02-20 19:48:00,3.0048,3.0058,3.0028,3.0058,3.0098,3.0108,3.0078,3.0108,20
2026-02-20 19:49:00,3.0063,3.0073,3.0008,3.0023,3.0113,3.0123,3.0058,3.0073,36
2026-02-20 19:50:00,3.0028,3.0038,2.9968,2.9998,3.0078,3.0088,3.0018,3.0048,47
2026-02-20 19:51:00,2.9988,3.0003,2.9978,2.9988,3.0038,3.0053,3.0028,3.0038,21
2026-02-20 19:52:00,2.9978,2.9978,2.9888,2.9913,3.0028,3.0028,2.9938,2.9963,52
2026-02-20 19:53:00,2.9908,2.9908,2.9848,2.9878,2.9958,2.9958,2.9898,2.9928,53
2026-02-20 19:54:00,2.9873,2.9873,2.9818,2.9858,2.9923,2.9923,2.9868,2.9908,35
2026-02-20 19:55:00,2.9853,2.9858,2.9803,2.9828,2.9903,2.9908,2.9853,2.9878,33
2026-02-20 19:56:00,2.9833,2.9868,2.9833,2.9853,2.9883,2.9918,2.9883,2.9903,16
2026-02-20 19:57:00,2.9858,2.9868,2.9828,2.9863,2.9908,2.9918,2.9878,2.9913,19
2026-02-20 19:58:00,2.9858,2.9888,2.9838,2.9888,2.9908,2.9938,2.9888,2.9938,12
2026-02-20 19:59:00,2.9883,2.9883,2.9848,2.9853,2.9933,2.9933,2.9898,2.9903,19
2026-02-20 20:00:00,2.9858,2.9868,2.9838,2.9843,2.9908,2.9918,2.9888,2.9893,27
2026-02-20 20:01:00,2.9848,2.9888,2.9848,2.9868,2.9898,2.9938,2.9898,2.9918,23
2026-02-20 20:02:00,2.9873,2.9908,2.9868,2.9888,2.9923,2.9958,2.9918,2.9938,27
2026-02-20 20:03:00,2.9893,2.9898,2.9858,2.9863,2.9943,2.9948,2.9908,2.9913,24
2026-02-20 20:04:00,2.9868,2.9868,2.9828,2.9868,2.9918,2.9918,2.9878,2.9918,37
2026-02-20 20:05:00,2.9878,2.9918,2.9868,2.9913,2.9928,2.9968,2.9918,2.9963,22
2026-02-20 20:06:00,2.9908,2.9968,2.9908,2.9958,2.9958,3.0018,2.9958,3.0008,26
2026-02-20 20:07:00,2.9963,2.9978,2.9938,2.9953,3.0013,3.0028,2.9988,3.0003,26
2026-02-20 20:08:00,2.9958,2.9978,2.9898,2.9963,3.0008,3.0028,2.9948,3.0013,33
2026-02-20 20:09:00,2.9958,2.9968,2.9938,2.9958,3.0008,3.0018,2.9988,3.0008,16
2026-02-20 20:10:00,2.9953,2.9958,2.9908,2.9928,3.0003,3.0008,2.9958,2.9978,33
2026-02-20 20:11:00,2.9923,2.9938,2.9908,2.9928,2.9973,2.9988,2.9958,2.9978,13
2026-02-20 20:12:00,2.9933,2.9968,2.9928,2.9938,2.9983,3.0018,2.9978,2.9988,31
2026-02-20 20:13:00,2.9943,2.9948,2.9898,2.9898,2.9993,2.9998,2.9948,2.9948,21
2026-02-20 20:14:00,2.9908,2.9943,2.9898,2.9923,2.9958,2.9993,2.9948,2.9973,26
2026-02-20 20:15:00,2.9913,2.9918,2.9888,2.9913,2.9963,2.9968,2.9938,2.9963,29
2026-02-20 20:16:00,2.9908,2.9918,2.9893,2.9903,2.9958,2.9968,2.9943,2.9953,17
2026-02-20 20:17:00,2.9908,2.9928,2.9898,2.9908,2.9958,2.9978,2.9948,2.9958,37
2026-02-20 20:18:00,2.9913,2.9928,2.9908,2.9918,2.9963,2.9978,2.9958,2.9968,24
2026-02-20 20:19:00,2.9923,2.9948,2.9913,2.9928,2.9973,2.9998,2.9963,2.9978,18
2026-02-20 20:20:00,2.9933,2.9938,2.9858,2.9863,2.9983,2.9988,2.9908,2.9913,30
2026-02-20 20:21:00,2.9858,2.9868,2.9798,2.9818,2.9908,2.9918,2.9848,2.9868,51
2026-02-20 20:22:00,2.9808,2.9868,2.9803,2.9863,2.9858,2.9918,2.9853,2.9913,27
2026-02-20 20:23:00,2.9858,2.9923,2.9858,2.9913,2.9908,2.9973,2.9908,2.9963,24
2026-02-20 20:24:00,2.9898,2.9918,2.9848,2.9868,2.9948,2.9968,2.9898,2.9918,32
2026-02-20 20:25:00,2.9873,2.9913,2.9873,2.9878,2.9923,2.9963,2.9923,2.9928,47
2026-02-20 20:26:00,2.9883,2.9928,2.9868,2.9908,2.9933,2.9978,2.9918,2.9958,40
2026-02-20 20:27:00,2.9913,2.9948,2.9888,2.9888,2.9963,2.9998,2.9938,2.9938,45
2026-02-20 20:28:00,2.9878,2.9878,2.9783,2.9823,2.9928,2.9928,2.9833,2.9873,139
2026-02-20 20:29:00,2.9828,2.9848,2.9798,2.9803,2.9878,2.9898,2.9848,2.9853,72
2026-02-20 20:30:00,2.9798,2.9803,2.9768,2.9788,2.9848,2.9853,2.9818,2.9838,22
2026-02-20 20:31:00,2.9793,2.9793,2.9768,2.9778,2.9843,2.9843,2.9818,2.9828,7
2026-02-20 20:32:00,2.9773,2.9773,2.9738,2.9753,2.9823,2.9823,2.9788,2.9803,22
2026-02-20 20:33:00,2.9748,2.9748,2.9733,2.9743,2.9798,2.9798,2.9783,2.9793,15
2026-02-20 20:34:00,2.9738,2.9758,2.9718,2.9748,2.9788,2.9808,2.9768,2.9798,20
2026-02-20 20:35:00,2.9743,2.9768,2.9738,2.9753,2.9793,2.9818,2.9788,2.9803,19
2026-02-20 20:36:00,2.9748,2.9768,2.9748,2.9768,2.9798,2.9818,2.9798,2.9818,8
2026-02-20 20:37:00,2.9778,2.9793,2.9768,2.9788,2.9828,2.9843,2.9818,2.9838,8
2026-02-20 20:38:00,2.9793,2.9818,2.9793,2.9818,2.9843,2.9868,2.9843,2.9868,8
2026-02-20 20:39:00,2.9808,2.9818,2.9788,2.9798,2.9858,2.9868,2.9838,2.9848,18
2026-02-20 20:40:00,2.9793,2.9798,2.9783,2.9783,2.9843,2.9848,2.9833,2.9833,14
2026-02-20 20:41:00,2.9778,2.9798,2.9778,2.9798,2.9828,2.9848,2.9828,2.9848,11
2026-02-20 20:42:00,2.9803,2.9803,2.9788,2.9788,2.9853,2.9853,2.9838,2.9838,5
2026-02-20 20:43:00,2.9798,2.9798,2.9788,2.9793,2.9848,2.9848,2.9838,2.9843,5
2026-02-20 20:44:00,2.9798,2.9803,2.9778,2.9788,2.9848,2.9853,2.9828,2.9838,13
2026-02-20 20:45:00,2.9783,2.9808,2.9783,2.9808,2.9833,2.9858,2.9833,2.9858,8
2026-02-20 20:46:00,2.9813,2.9818,2.9788,2.9798,2.9863,2.9868,2.9838,2.9848,23
2026-02-20 20:47:00,2.9803,2.9808,2.9788,2.9808,2.9853,2.9858,2.9838,2.9858,11
2026-02-20 20:48:00,2.9798,2.9808,2.9798,2.9808,2.9848,2.9858,2.9848,2.9858,3
2026-02-20 20:49:00,2.9803,2.9833,2.9803,2.9808,2.9853,2.9883,2.9853,2.9858,10
2026-02-20 20:50:00,2.9803,2.9808,2.9798,2.9808,2.9853,2.9858,2.9848,2.9858,15
2026-02-20 20:51:00,2.9818,2.9868,2.9808,2.9853,2.9868,2.9918,2.9858,2.9903,16
2026-02-20 20:52:00,2.9858,2.9858,2.9838,2.9838,2.9908,2.9908,2.9888,2.9888,7
2026-02-20 20:53:00,2.9833,2.9833,2.9808,2.9813,2.9883,2.9883,2.9858,2.9863,6
2026-02-20 20:54:00,2.9818,2.9838,2.9818,2.9828,2.9868,2.9888,2.9868,2.9878,7
2026-02-20 20:55:00,2.9823,2.9823,2.9788,2.9803,2.9873,2.9873,2.9838,2.9853,15
2026-02-20 20:56:00,2.9798,2.9798,2.9788,2.9788,2.9848,2.9848,2.9838,2.9838,9
2026-02-20 20:57:00,2.9793,2.9813,2.9788,2.9813,2.9843,2.9863,2.9838,2.9863,16
2026-02-20 20:58:00,2.9828,2.9853,2.9828,2.9848,2.9878,2.9903,2.9878,2.9898,10
2026-02-20 20:59:00,2.9853,2.9868,2.9828,2.9863,2.9903,2.9918,2.9878,2.9913,12
2026-02-20 21:00:00,2.9858,2.9858,2.9838,2.9848,2.9908,2.9908,2.9888,2.9898,9
2026-02-20 21:01:00,2.9843,2.9843,2.9808,2.9818,2.9893,2.9893,2.9858,2.9868,9
2026-02-20 21:02:00,2.9823,2.9823,2.9803,2.9808,2.9873,2.9873,2.9853,2.9858,8
2026-02-20 21:03:00,2.9803,2.9808,2.9778,2.9798,2.9853,2.9858,2.9828,2.9848,12
2026-02-20 21:04:00,2.9788,2.9798,2.9788,2.9798,2.9838,2.9848,2.9838,2.9848,8
2026-02-20 21:05:00,2.9793,2.9798,2.9788,2.9798,2.9843,2.9848,2.9838,2.9848,3
2026-02-20 21:06:00,2.9793,2.9793,2.9788,2.9788,2.9843,2.9843,2.9838,2.9838,2
2026-02-20 21:07:00,2.9793,2.9793,2.9783,2.9788,2.9843,2.9843,2.9833,2.9838,6
2026-02-20 21:08:00,2.9783,2.9788,2.9778,2.9778,2.9833,2.9838,2.9828,2.9828,5
2026-02-20 21:09:00,2.9768,2.9768,2.9738,2.9748,2.9818,2.9818,2.9788,2.9798,16
2026-02-20 21:10:00,2.9743,2.9758,2.9713,2.9718,2.9793,2.9808,2.9763,2.9768,31
2026-02-20 21:11:00,2.9713,2.9718,2.9708,2.9708,2.9763,2.9768,2.9758,2.9758,8
2026-02-20 21:12:00,2.9703,2.9708,2.9698,2.9698,2.9753,2.9758,2.9748,2.9748,4
2026-02-20 21:13:00,2.9708,2.9718,2.9693,2.9698,2.9758,2.9768,2.9743,2.9748,11
2026-02-20 21:14:00,2.9693,2.9713,2.9693,2.9708,2.9743,2.9763,2.9743,2.9758,7
2026-02-20 21:15:00,2.9713,2.9748,2.9713,2.9738,2.9763,2.9798,2.9763,2.9788,10
2026-02-20 21:16:00,2.9743,2.9748,2.9738,2.9738,2.9793,2.9798,2.9788,2.9788,7
2026-02-20 21:17:00,2.9728,2.9733,2.9718,2.9718,2.9778,2.9783,2.9768,2.9768,5
2026-02-20 21:18:00,2.9723,2.9728,2.9718,2.9728,2.9773,2.9778,2.9768,2.9778,8
2026-02-20 21:20:00,2.9733,2.9743,2.9708,2.9708,2.9783,2.9793,2.9758,2.9758,14
2026-02-20 21:21:00,2.9703,2.9708,2.9698,2.9708,2.9753,2.9758,2.9748,2.9758,7
2026-02-20 21:22:00,2.9703,2.9703,2.9673,2.9688,2.9753,2.9753,2.9723,2.9738,13
2026-02-20 21:23:00,2.9698,2.9698,2.9688,2.9688,2.9748,2.9748,2.9738,2.9738,2
2026-02-20 21:24:00,2.9693,2.9703,2.9693,2.9703,2.9743,2.9753,2.9743,2.9753,9
2026-02-20 21:25:00,2.9698,2.9728,2.9698,2.9708,2.9748,2.9778,2.9748,2.9758,13
2026-02-20 21:26:00,2.9718,2.9718,2.9668,2.9678,2.9768,2.9768,2.9718,2.9728,11
2026-02-20 21:28:00,2.9673,2.9688,2.9668,2.9688,2.9723,2.9738,2.9718,2.9738,9
2026-02-20 21:29:00,2.9703,2.9708,2.9703,2.9708,2.9753,2.9758,2.9753,2.9758,2
2026-02-20 21:30:00,2.9713,2.9713,2.9688,2.9698,2.9763,2.9763,2.9738,2.9748,11
2026-02-20 21:31:00,2.9718,2.9728,2.9708,2.9728,2.9768,2.9778,2.9758,2.9778,7
2026-02-20 21:32:00,2.9713,2.9718,2.9703,2.9718,2.9763,2.9768,2.9753,2.9768,6
2026-02-20 21:33:00,2.9728,2.9728,2.9718,2.9723,2.9778,2.9778,2.9768,2.9773,5
2026-02-20 21:34:00,2.9728,2.9798,2.9728,2.9788,2.9778,2.9848,2.9778,2.9838,22
2026-02-20 21:35:00,2.9783,2.9798,2.9783,2.9798,2.9833,2.9848,2.9833,2.9848,4
2026-02-20 21:36:00,2.9788,2.9838,2.9788,2.9823,2.9838,2.9888,2.9838,2.9873,9
2026-02-20 21:37:00,2.9818,2.9828,2.9808,2.9818,2.9868,2.9878,2.9858,2.9868,6
2026-02-20 21:38:00,2.9813,2.9813,2.9798,2.9798,2.9863,2.9863,2.9848,2.9848,8
2026-02-20 21:39:00,2.9793,2.9828,2.9793,2.9828,2.9843,2.9878,2.9843,2.9878,7
2026-02-20 21:40:00,2.9823,2.9823,2.9803,2.9808,2.9873,2.9873,2.9853,2.9858,6
2026-02-20 21:41:00,2.9803,2.9813,2.9803,2.9808,2.9853,2.9863,2.9853,2.9858,4
2026-02-20 21:42:00,2.9813,2.9813,2.9808,2.9808,2.9863,2.9863,2.9858,2.9858,2
2026-02-20 21:43:00,2.9803,2.9803,2.9768,2.9778,2.9853,2.9853,2.9818,2.9828,9
2026-02-20 21:44:00,2.9783,2.9788,2.9778,2.9778,2.9833,2.9838,2.9828,2.9828,5
2026-02-20 21:45:00,2.9768,2.9778,2.9768,2.9773,2.9818,2.9828,2.9818,2.9823,13
2026-02-20 21:46:00,2.9768,2.9778,2.9768,2.9768,2.9818,2.9828,2.9818,2.9818,3
2026-02-20 21:48:00,2.9773,2.9778,2.9748,2.9758,2.9823,2.9828,2.9798,2.9808,12
2026-02-20 21:49:00,2.9753,2.9778,2.9753,2.9768,2.9803,2.9828,2.9803,2.9818,5
2026-02-20 21:50:00,2.9773,2.9808,2.9768,2.9798,2.9823,2.9858,2.9818,2.9848,13
2026-02-20 21:51:00,2.9793,2.9793,2.9788,2.9788,2.9843,2.9843,2.9838,2.9838,6
2026-02-20 21:52:00,2.9778,2.9798,2.9778,2.9793,2.9828,2.9848,2.9828,2.9843,13
2026-02-20 21:53:00,2.9798,2.9808,2.9793,2.9798,2.9848,2.9858,2.9843,2.9848,10
2026-02-20 21:54:00,2.9808,2.9808,2.9808,2.9808,2.9858,2.9858,2.9858,2.9858,1
2026-02-20 21:55:00,2.9798,2.9798,2.9778,2.9788,2.9848,2.9848,2.9828,2.9838,10
2026-02-20 21:56:00,2.9793,2.9798,2.9788,2.9798,2.9843,2.9848,2.9838,2.9848,4
2026-02-20 21:57:00,2.9808,2.9838,2.9808,2.9838,2.9858,2.9888,2.9858,2.9888,11
2026-02-20 21:58:00,2.9833,2.9833,2.9803,2.9813,2.9883,2.9883,2.9853,2.9863,20
2026-02-20 21:59:00,2.9818,2.9833,2.9818,2.9818,2.9868,2.9883,2.9868,2.9868,10
2026-02-20 22:00:00,2.9813,2.9828,2.9813,2.9828,2.9863,2.9878,2.9863,2.9878,9
2026-02-20 22:01:00,2.9833,2.9838,2.9808,2.9818,2.9883,2.9888,2.9858,2.9868,7
2026-02-20 22:02:00,2.9823,2.9828,2.9808,2.9808,2.9873,2.9878,2.9858,2.9858,7
2026-02-20 22:03:00,2.9813,2.9818,2.9808,2.9818,2.9863,2.9868,2.9858,2.9868,4
2026-02-20 22:04:00,2.9808,2.9818,2.9808,2.9813,2.9858,2.9868,2.9858,2.9863,6
2026-02-20 22:05:00,2.9818,2.9823,2.9818,2.9823,2.9868,2.9873,2.9868,2.9873,2
2026-02-20 22:06:00,2.9828,2.9828,2.9808,2.9813,2.9878,2.9878,2.9858,2.9863,5
2026-02-20 22:07:00,2.9823,2.9828,2.9818,2.9823,2.9873,2.9878,2.9868,2.9873,8
2026-02-20 22:08:00,2.9818,2.9823,2.9818,2.9818,2.9868,2.9873,2.9868,2.9868,5
2026-02-20 22:09:00,2.9813,2.9813,2.9808,2.9808,2.9863,2.9863,2.9858,2.9858,4
2026-02-20 22:10:00,2.9803,2.9808,2.9803,2.9803,2.9853,2.9858,2.9853,2.9853,5
2026-02-20 22:11:00,2.9798,2.9808,2.9798,2.9808,2.9848,2.9858,2.9848,2.9858,2
2026-02-20 22:12:00,2.9803,2.9808,2.9803,2.9803,2.9853,2.9858,2.9853,2.9853,3
2026-02-20 22:13:00,2.9808,2.9813,2.9808,2.9813,2.9858,2.9863,2.9858,2.9863,2
2026-02-20 22:14:00,2.9818,2.9818,2.9778,2.9778,2.9868,2.9868,2.9828,2.9828,7
2026-02-20 22:15:00,2.9783,2.9783,2.9758,2.9778,2.9833,2.9833,2.9808,2.9828,13
2026-02-20 22:16:00,2.9773,2.9773,2.9758,2.9758,2.9823,2.9823,2.9808,2.9808,3
2026-02-20 22:17:00,2.9763,2.9778,2.9758,2.9778,2.9813,2.9828,2.9808,2.9828,5
2026-02-20 22:18:00,2.9773,2.9778,2.9773,2.9773,2.9823,2.9828,2.9823,2.9823,3
2026-02-20 22:19:00,2.9778,2.9778,2.9778,2.9778,2.9828,2.9828,2.9828,2.9828,1
2026-02-20 22:21:00,2.9773,2.9773,2.9773,2.9773,2.9823,2.9823,2.9823,2.9823,1
2026-02-20 22:22:00,2.9778,2.9808,2.9778,2.9803,2.9828,2.9858,2.9828,2.9853,8
2026-02-20 22:23:00,2.9793,2.9803,2.9793,2.9803,2.9843,2.9853,2.9843,2.9853,3
2026-02-20 22:24:00,2.9808,2.9818,2.9808,2.9813,2.9858,2.9868,2.9858,2.9863,7
2026-02-20 22:25:00,2.9818,2.9823,2.9813,2.9813,2.9868,2.9873,2.9863,2.9863,4
2026-02-20 22:26:00,2.9828,2.9828,2.9813,2.9818,2.9878,2.9878,2.9863,2.9868,7
2026-02-20 22:27:00,2.9823,2.9828,2.9823,2.9823,2.9873,2.9878,2.9873,2.9873,3
2026-02-20 22:29:00,2.9818,2.9818,2.9818,2.9818,2.9868,2.9868,2.9868,2.9868,1
2026-02-20 22:30:00,2.9813,2.9813,2.9798,2.9808,2.9863,2.9863,2.9848,2.9858,6
2026-02-20 22:31:00,2.9813,2.9813,2.9808,2.9813,2.9863,2.9863,2.9858,2.9863,3
2026-02-20 22:32:00,2.9803,2.9813,2.9803,2.9808,2.9853,2.9863,2.9853,2.9858,4
2026-02-20 22:33:00,2.9818,2.9818,2.9818,2.9818,2.9868,2.9868,2.9868,2.9868,1
2026-02-20 22:34:00,2.9808,2.9818,2.9808,2.9818,2.9858,2.9868,2.9858,2.9868,2
2026-02-20 22:35:00,2.9823,2.9838,2.9823,2.9838,2.9873,2.9888,2.9873,2.9888,2
2026-02-20 22:36:00,2.9833,2.9833,2.9828,2.9828,2.9883,2.9883,2.9878,2.9878,2
2026-02-20 22:37:00,2.9833,2.9833,2.9828,2.9833,2.9883,2.9883,2.9878,2.9883,3
2026-02-20 22:38:00,2.9838,2.9863,2.9838,2.9863,2.9888,2.9913,2.9888,2.9913,6
2026-02-20 22:39:00,2.9868,2.9868,2.9868,2.9868,2.9918,2.9918,2.9918,2.9918,1
2026-02-20 22:40:00,2.9863,2.9873,2.9863,2.9873,2.9913,2.9923,2.9913,2.9923,2
2026-02-20 22:41:00,2.9868,2.9878,2.9868,2.9873,2.9918,2.9928,2.9918,2.9923,4
2026-02-20 22:42:00,2.9883,2.9908,2.9883,2.9908,2.9933,2.9958,2.9933,2.9958,6
2026-02-20 22:43:00,2.9918,2.9948,2.9918,2.9938,2.9968,2.9998,2.9968,2.9988,7
2026-02-20 22:44:00,2.9933,2.9938,2.9928,2.9928,2.9983,2.9988,2.9978,2.9978,7
2026-02-20 22:45:00,2.9933,2.9933,2.9913,2.9913,2.9983,2.9983,2.9963,2.9963,6
2026-02-20 22:46:00,2.9908,2.9908,2.9868,2.9868,2.9958,2.9958,2.9918,2.9918,7
2026-02-20 22:47:00,2.9863,2.9878,2.9858,2.9863,2.9913,2.9928,2.9908,2.9913,9
2026-02-20 22:48:00,2.9853,2.9858,2.9853,2.9858,2.9903,2.9908,2.9903,2.9908,4
2026-02-20 22:49:00,2.9863,2.9863,2.9848,2.9853,2.9913,2.9913,2.9898,2.9903,4
2026-02-20 22:50:00,2.9848,2.9848,2.9828,2.9833,2.9898,2.9898,2.9878,2.9883,6
2026-02-20 22:51:00,2.9828,2.9838,2.9823,2.9833,2.9878,2.9888,2.9873,2.9883,6
2026-02-20 22:52:00,2.9823,2.9823,2.9768,2.9793,2.9873,2.9873,2.9818,2.9843,21
2026-02-20 22:53:00,2.9798,2.9818,2.9793,2.9808,2.9848,2.9868,2.9843,2.9858,10
2026-02-20 22:54:00,2.9813,2.9818,2.9808,2.9818,2.9863,2.9868,2.9858,2.9868,3
2026-02-20 22:55:00,2.9828,2.9878,2.9828,2.9868,2.9878,2.9928,2.9878,2.9918,14
2026-02-20 22:56:00,2.9873,2.9893,2.9873,2.9888,2.9923,2.9943,2.9923,2.9938,13
2026-02-20 22:57:00,2.9898,2.9938,2.9893,2.9933,2.9948,2.9988,2.9943,2.9983,22
2026-02-20 22:58:00,2.9928,2.9943,2.9923,2.9928,2.9978,2.9993,2.9973,2.9978,16
2026-02-20 22:59:00,2.9933,2.9943,2.9898,2.9924,2.9983,2.9993,2.9948,2.9974,22
2026-02-23 00:00:00,3.1392,3.1417,3.1297,3.1382,3.1442,3.1467,3.1347,3.1432,86
2026-02-23 00:01:00,3.1377,3.1382,3.1377,3.1382,3.1427,3.1432,3.1427,3.1432,2
2026-02-23 00:02:00,3.1327,3.1332,3.1292,3.1307,3.1377,3.1382,3.1342,3.1357,23
2026-02-23 00:03:00,3.1302,3.1342,3.1287,3.1297,3.1352,3.1392,3.1337,3.1347,26
2026-02-23 00:04:00,3.1287,3.1397,3.1287,3.1382,3.1337,3.1447,3.1337,3.1432,28
2026-02-23 00:05:00,3.1372,3.1372,3.1282,3.1327,3.1422,3.1422,3.1332,3.1377,38
2026-02-23 00:06:00,3.1317,3.1337,3.1302,3.1327,3.1367,3.1387,3.1352,3.1377,31
2026-02-23 00:07:00,3.1317,3.1317,3.1197,3.1207,3.1367,3.1367,3.1247,3.1257,24
2026-02-23 00:08:00,3.1217,3.1252,3.1147,3.1162,3.1267,3.1302,3.1197,3.1212,38
2026-02-23 00:09:00,3.1132,3.1212,3.1132,3.1177,3.1182,3.1262,3.1182,3.1227,33
2026-02-23 00:10:00,3.1172,3.1222,3.1167,3.1167,3.1222,3.1272,3.1217,3.1217,19
2026-02-23 00:11:00,3.1162,3.1162,3.1072,3.1072,3.1212,3.1212,3.1122,3.1122,24
2026-02-23 00:12:00,3.1077,3.1102,3.1027,3.1077,3.1127,3.1152,3.1077,3.1127,41
2026-02-23 00:13:00,3.1082,3.1087,3.0962,3.0972,3.1132,3.1137,3.1012,3.1022,39
2026-02-23 00:14:00,3.0967,3.1082,3.0957,3.1027,3.1017,3.1132,3.1007,3.1077,31
2026-02-23 00:15:00,3.1042,3.1077,3.1007,3.1077,3.1092,3.1127,3.1057,3.1127,19
2026-02-23 00:16:00,3.1072,3.1087,3.1072,3.1087,3.1122,3.1137,3.1122,3.1137,6
2026-02-23 00:17:00,3.1077,3.1087,3.1072,3.1077,3.1127,3.1137,3.1122,3.1127,4
2026-02-23 00:18:00,3.1087,3.1122,3.1082,3.1122,3.1137,3.1172,3.1132,3.1172,7
2026-02-23 00:19:00,3.1117,3.1187,3.1117,3.1172,3.1167,3.1237,3.1167,3.1222,17
2026-02-23 00:20:00,3.1157,3.1157,3.1097,3.1102,3.1207,3.1207,3.1147,3.1152,15
2026-02-23 00:21:00,3.1097,3.1102,3.1007,3.1047,3.1147,3.1152,3.1057,3.1097,12
2026-02-23 00:22:00,3.1032,3.1037,3.1017,3.1027,3.1082,3.1087,3.1067,3.1077,9
2026-02-23 00:23:00,3.1032,3.1052,3.0967,3.0982,3.1082,3.1102,3.1017,3.1032,15
2026-02-23 00:24:00,3.0987,3.1007,3.0972,3.1007,3.1037,3.1057,3.1022,3.1057,12
2026-02-23 00:25:00,3.1012,3.1022,3.1002,3.1002,3.1062,3.1072,3.1052,3.1052,5
2026-02-23 00:26:00,3.0997,3.1052,3.0987,3.1037,3.1047,3.1102,3.1037,3.1087,12
2026-02-23 00:27:00,3.1032,3.1037,3.1012,3.1012,3.1082,3.1087,3.1062,3.1062,5
2026-02-23 00:28:00,3.1017,3.1027,3.0992,3.0992,3.1067,3.1077,3.1042,3.1042,12
2026-02-23 00:29:00,3.0987,3.1017,3.0987,3.1017,3.1037,3.1067,3.1037,3.1067,12
2026-02-23 00:30:00,3.1022,3.1057,3.1007,3.1037,3.1072,3.1107,3.1057,3.1087,13
2026-02-23 00:31:00,3.1032,3.1062,3.1032,3.1062,3.1082,3.1112,3.1082,3.1112,5
2026-02-23 00:32:00,3.1052,3.1052,3.1042,3.1042,3.1102,3.1102,3.1092,3.1092,6
2026-02-23 00:33:00,3.1052,3.1067,3.1052,3.1057,3.1102,3.1117,3.1102,3.1107,5
2026-02-23 00:34:00,3.1062,3.1077,3.1042,3.1042,3.1112,3.1127,3.1092,3.1092,8
2026-02-23 00:35:00,3.1052,3.1057,3.1047,3.1052,3.1102,3.1107,3.1097,3.1102,5
2026-02-23 00:36:00,3.1047,3.1072,3.1037,3.1052,3.1097,3.1122,3.1087,3.1102,8
2026-02-23 00:37:00,3.1057,3.1062,3.1037,3.1062,3.1107,3.1112,3.1087,3.1112,5
2026-02-23 00:38:00,3.1067,3.1077,3.1067,3.1077,3.1117,3.1127,3.1117,3.1127,6
2026-02-23 00:39:00,3.1082,3.1082,3.1067,3.1072,3.1132,3.1132,3.1117,3.1122,6
2026-02-23 00:40:00,3.1067,3.1072,3.1057,3.1067,3.1117,3.1122,3.1107,3.1117,7
2026-02-23 00:41:00,3.1057,3.1142,3.1047,3.1132,3.1107,3.1192,3.1097,3.1182,13
2026-02-23 00:42:00,3.1127,3.1197,3.1127,3.1187,3.1177,3.1247,3.1177,3.1237,10
2026-02-23 00:44:00,3.1177,3.1177,3.1172,3.1172,3.1227,3.1227,3.1222,3.1222,2
2026-02-23 00:45:00,3.1167,3.1167,3.1117,3.1152,3.1217,3.1217,3.1167,3.1202,18
2026-02-23 00:46:00,3.1147,3.1172,3.1137,3.1172,3.1197,3.1222,3.1187,3.1222,12
2026-02-23 00:47:00,3.1177,3.1177,3.1177,3.1177,3.1227,3.1227,3.1227,3.1227,1
2026-02-23 00:48:00,3.1182,3.1182,3.1172,3.1182,3.1232,3.1232,3.1222,3.1232,4
2026-02-23 00:49:00,3.1172,3.1177,3.1157,3.1157,3.1222,3.1227,3.1207,3.1207,6
2026-02-23 00:50:00,3.1162,3.1162,3.1152,3.1157,3.1212,3.1212,3.1202,3.1207,3
2026-02-23 00:51:00,3.1162,3.1177,3.1162,3.1177,3.1212,3.1227,3.1212,3.1227,4
2026-02-23 00:52:00,3.1167,3.1172,3.1157,3.1172,3.1217,3.1222,3.1207,3.1222,8
2026-02-23 00:53:00,3.1167,3.1167,3.1142,3.1142,3.1217,3.1217,3.1192,3.1192,4
2026-02-23 00:54:00,3.1137,3.1137,3.1122,3.1127,3.1187,3.1187,3.1172,3.1177,7
2026-02-23 00:55:00,3.1117,3.1132,3.1117,3.1117,3.1167,3.1182,3.1167,3.1167,6
2026-02-23 00:56:00,3.1112,3.1117,3.1102,3.1117,3.1162,3.1167,3.1152,3.1167,7
2026-02-23 00:57:00,3.1122,3.1132,3.1122,3.1132,3.1172,3.1182,3.1172,3.1182,3
2026-02-23 00:58:00,3.1127,3.1132,3.1117,3.1132,3.1177,3.1182,3.1167,3.1182,7
2026-02-23 00:59:00,3.1127,3.1127,3.1127,3.1127,3.1177,3.1177,3.1177,3.1177,1
2026-02-23 01:00:00,3.1132,3.1132,3.1127,3.1127,3.1182,3.1182,3.1177,3.1177,2
2026-02-23 01:01:00,3.1132,3.1147,3.1127,3.1137,3.1182,3.1197,3.1177,3.1187,12
2026-02-23 01:02:00,3.1132,3.1132,3.1042,3.1052,3.1182,3.1182,3.1092,3.1102,24
2026-02-23 01:03:00,3.1057,3.1057,3.1037,3.1042,3.1107,3.1107,3.1087,3.1092,13
2026-02-23 01:04:00,3.1047,3.1117,3.1047,3.1107,3.1097,3.1167,3.1097,3.1157,23
2026-02-23 01:05:00,3.1102,3.1102,3.1062,3.1062,3.1152,3.1152,3.1112,3.1112,7
2026-02-23 01:06:00,3.1057,3.1057,3.1037,3.1037,3.1107,3.1107,3.1087,3.1087,7
2026-02-23 01:07:00,3.1052,3.1087,3.1052,3.1052,3.1102,3.1137,3.1102,3.1102,7
2026-02-23 01:08:00,3.1057,3.1087,3.1057,3.1082,3.1107,3.1137,3.1107,3.1132,4
2026-02-23 01:10:00,3.1072,3.1072,3.1057,3.1072,3.1122,3.1122,3.1107,3.1122,4
2026-02-23 01:11:00,3.1077,3.1077,3.1077,3.1077,3.1127,3.1127,3.1127,3.1127,1
2026-02-23 01:12:00,3.1082,3.1082,3.1082,3.1082,3.1132,3.1132,3.1132,3.1132,1
2026-02-23 01:13:00,3.1077,3.1087,3.1057,3.1077,3.1127,3.1137,3.1107,3.1127,10
2026-02-23 01:14:00,3.1087,3.1087,3.1057,3.1057,3.1137,3.1137,3.1107,3.1107,7
2026-02-23 01:15:00,3.1052,3.1052,3.1037,3.1047,3.1102,3.1102,3.1087,3.1097,9
2026-02-23 01:16:00,3.1062,3.1062,3.1057,3.1057,3.1112,3.1112,3.1107,3.1107,2
2026-02-23 01:17:00,3.1052,3.1057,3.1052,3.1052,3.1102,3.1107,3.1102,3.1102,3
2026-02-23 01:19:00,3.1057,3.1062,3.1057,3.1062,3.1107,3.1112,3.1107,3.1112,4
2026-02-23 01:20:00,3.1067,3.1077,3.1057,3.1057,3.1117,3.1127,3.1107,3.1107,5
2026-02-23 01:22:00,3.1047,3.1067,3.1047,3.1057,3.1097,3.1117,3.1097,3.1107,4
2026-02-23 01:23:00,3.1052,3.1052,3.1037,3.1047,3.1102,3.1102,3.1087,3.1097,4
2026-02-23 01:24:00,3.1042,3.1052,3.1042,3.1047,3.1092,3.1102,3.1092,3.1097,4
2026-02-23 01:25:00,3.1042,3.1047,3.1027,3.1027,3.1092,3.1097,3.1077,3.1077,5
2026-02-23 01:26:00,3.1032,3.1032,3.1027,3.1027,3.1082,3.1082,3.1077,3.1077,4
2026-02-23 01:27:00,3.1022,3.1037,3.1007,3.1037,3.1072,3.1087,3.1057,3.1087,10
2026-02-23 01:28:00,3.1047,3.1067,3.1047,3.1057,3.1097,3.1117,3.1097,3.1107,7
2026-02-23 01:29:00,3.1052,3.1052,3.1042,3.1042,3.1102,3.1102,3.1092,3.1092,5
2026-02-23 01:30:00,3.1047,3.1057,3.1047,3.1052,3.1097,3.1107,3.1097,3.1102,4
2026-02-23 01:31:00,3.1047,3.1047,3.1042,3.1042,3.1097,3.1097,3.1092,3.1092,2
2026-02-23 01:32:00,3.1047,3.1047,3.1047,3.1047,3.1097,3.1097,3.1097,3.1097,1
2026-02-23 01:34:00,3.1052,3.1052,3.1037,3.1037,3.1102,3.1102,3.1087,3.1087,3
2026-02-23 01:35:00,3.1032,3.1032,3.1007,3.1017,3.1082,3.1082,3.1057,3.1067,7
2026-02-23 01:36:00,3.1022,3.1037,3.1017,3.1027,3.1072,3.1087,3.1067,3.1077,6
2026-02-23 01:37:00,3.1017,3.1027,3.1017,3.1027,3.1067,3.1077,3.1067,3.1077,3
2026-02-23 01:38:00,3.1037,3.1037,3.1027,3.1037,3.1087,3.1087,3.1077,3.1087,3
2026-02-23 01:39:00,3.1027,3.1027,3.1007,3.1012,3.1077,3.1077,3.1057,3.1062,6
2026-02-23 01:40:00,3.1022,3.1022,3.1017,3.1017,3.1072,3.1072,3.1067,3.1067,2
2026-02-23 01:41:00,3.1012,3.1017,3.0992,3.1002,3.1062,3.1067,3.1042,3.1052,9
2026-02-23 01:42:00,3.0997,3.1002,3.0992,3.0997,3.1047,3.1052,3.1042,3.1047,4
2026-02-23 01:43:00,3.1002,3.1012,3.0992,3.1007,3.1052,3.1062,3.1042,3.1057,6
2026-02-23 01:44:00,3.1002,3.1007,3.1002,3.1007,3.1052,3.1057,3.1052,3.1057,2
2026-02-23 01:45:00,3.1002,3.1002,3.0972,3.0987,3.1052,3.1052,3.1022,3.1037,14
2026-02-23 01:46:00,3.0997,3.0997,3.0987,3.0997,3.1047,3.1047,3.1037,3.1047,4
2026-02-23 01:47:00,3.0992,3.1017,3.0992,3.1007,3.1042,3.1067,3.1042,3.1057,8
2026-02-23 01:48:00,3.1012,3.1012,3.1007,3.1007,3.1062,3.1062,3.1057,3.1057,2
2026-02-23 01:49:00,3.1012,3.1047,3.1012,3.1037,3.1062,3.1097,3.1062,3.1087,9
2026-02-23 01:50:00,3.1032,3.1047,3.1032,3.1037,3.1082,3.1097,3.1082,3.1087,6
2026-02-23 01:51:00,3.1042,3.1047,3.1037,3.1047,3.1092,3.1097,3.1087,3.1097,4
2026-02-23 01:52:00,3.1042,3.1047,3.1032,3.1042,3.1092,3.1097,3.1082,3.1092,7
2026-02-23 01:53:00,3.1047,3.1057,3.1047,3.1057,3.1097,3.1107,3.1097,3.1107,5
2026-02-23 01:54:00,3.1062,3.1062,3.1057,3.1057,3.1112,3.1112,3.1107,3.1107,2
2026-02-23 01:55:00,3.1062,3.1062,3.1057,3.1057,3.1112,3.1112,3.1107,3.1107,2
2026-02-23 01:56:00,3.1067,3.1067,3.1067,3.1067,3.1117,3.1117,3.1117,3.1117,1
2026-02-23 01:59:00,3.1057,3.1057,3.1047,3.1047,3.1107,3.1107,3.1097,3.1097,5
2026-02-23 02:00:00,3.1037,3.1037,3.0987,3.0997,3.1087,3.1087,3.1037,3.1047,16
2026-02-23 02:01:00,3.1012,3.1017,3.0997,3.0997,3.1062,3.1067,3.1047,3.1047,5
2026-02-23 02:02:00,3.0992,3.0997,3.0977,3.0982,3.1042,3.1047,3.1027,3.1032,6
2026-02-23 02:03:00,3.0977,3.0977,3.0962,3.0962,3.1027,3.1027,3.1012,3.1012,4
2026-02-23 02:04:00,3.0977,3.0987,3.0977,3.0982,3.1027,3.1037,3.1027,3.1032,3
2026-02-23 02:05:00,3.0977,3.0977,3.0942,3.0942,3.1027,3.1027,3.0992,3.0992,11
2026-02-23 02:06:00,3.0937,3.0952,3.0937,3.0947,3.0987,3.1002,3.0987,3.0997,4
2026-02-23 02:07:00,3.0942,3.0942,3.0912,3.0917,3.0992,3.0992,3.0962,3.0967,7
2026-02-23 02:08:00,3.0927,3.0937,3.0922,3.0927,3.0977,3.0987,3.0972,3.0977,7
2026-02-23 02:09:00,3.0922,3.0927,3.0922,3.0927,3.0972,3.0977,3.0972,3.0977,2
2026-02-23 02:10:00,3.0937,3.0947,3.0927,3.0932,3.0987,3.0997,3.0977,3.0982,11
2026-02-23 02:11:00,3.0937,3.0937,3.0937,3.0937,3.0987,3.0987,3.0987,3.0987,1
2026-02-23 02:12:00,3.0942,3.0942,3.0927,3.0932,3.0992,3.0992,3.0977,3.0982,4
2026-02-23 02:13:00,3.0927,3.0927,3.0912,3.0912,3.0977,3.0977,3.0962,3.0962,5
2026-02-23 02:14:00,3.0907,3.0917,3.0902,3.0907,3.0957,3.0967,3.0952,3.0957,6
2026-02-23 02:15:00,3.0912,3.0927,3.0907,3.0927,3.0962,3.0977,3.0957,3.0977,10
2026-02-23 02:16:00,3.0917,3.0942,3.0917,3.0942,3.0967,3.0992,3.0967,3.0992,5
2026-02-23 02:17:00,3.0947,3.0947,3.0942,3.0942,3.0997,3.0997,3.0992,3.0992,2
2026-02-23 02:18:00,3.0932,3.0937,3.0932,3.0937,3.0982,3.0987,3.0982,3.0987,2
2026-02-23 02:19:00,3.0947,3.0947,3.0927,3.0927,3.0997,3.0997,3.0977,3.0977,7
2026-02-23 02:20:00,3.0932,3.0947,3.0932,3.0947,3.0982,3.0997,3.0982,3.0997,7
2026-02-23 02:21:00,3.0942,3.0947,3.0927,3.0927,3.0992,3.0997,3.0977,3.0977,5
2026-02-23 02:22:00,3.0932,3.0932,3.0932,3.0932,3.0982,3.0982,3.0982,3.0982,1
2026-02-23 02:23:00,3.0927,3.0932,3.0927,3.0932,3.0977,3.0982,3.0977,3.0982,2
2026-02-23 02:24:00,3.0937,3.0957,3.0937,3.0957,3.0987,3.1007,3.0987,3.1007,5
2026-02-23 02:25:00,3.0952,3.0952,3.0937,3.0947,3.1002,3.1002,3.0987,3.0997,4
2026-02-23 02:26:00,3.0957,3.0957,3.0957,3.0957,3.1007,3.1007,3.1007,3.1007,1
2026-02-23 02:27:00,3.0947,3.0947,3.0937,3.0937,3.0997,3.0997,3.0987,3.0987,3
2026-02-23 02:28:00,3.0932,3.0937,3.0927,3.0927,3.0982,3.0987,3.0977,3.0977,4
2026-02-23 02:29:00,3.0917,3.0982,3.0917,3.0952,3.0967,3.1032,3.0967,3.1002,24
2026-02-23 02:30:00,3.0947,3.0997,3.0937,3.0977,3.0997,3.1047,3.0987,3.1027,20
2026-02-23 02:31:00,3.0987,3.0997,3.0977,3.0987,3.1037,3.1047,3.1027,3.1037,9
2026-02-23 02:32:00,3.0992,3.0997,3.0982,3.0987,3.1042,3.1047,3.1032,3.1037,9
2026-02-23 02:33:00,3.0992,3.0997,3.0977,3.0982,3.1042,3.1047,3.1027,3.1032,8
2026-02-23 02:34:00,3.0977,3.0977,3.0977,3.0977,3.1027,3.1027,3.1027,3.1027,1
2026-02-23 02:36:00,3.0982,3.0982,3.0972,3.0972,3.1032,3.1032,3.1022,3.1022,3
2026-02-23 02:37:00,3.0967,3.0977,3.0947,3.0957,3.1017,3.1027,3.0997,3.1007,7
2026-02-23 02:38:00,3.0947,3.0957,3.0942,3.0942,3.0997,3.1007,3.0992,3.0992,7
2026-02-23 02:39:00,3.0937,3.0937,3.0937,3.0937,3.0987,3.0987,3.0987,3.0987,1
2026-02-23 02:40:00,3.0927,3.0952,3.0927,3.0932,3.0977,3.1002,3.0977,3.0982,11
2026-02-23 02:42:00,3.0937,3.0937,3.0927,3.0927,3.0987,3.0987,3.0977,3.0977,2
2026-02-23 02:43:00,3.0922,3.0922,3.0917,3.0922,3.0972,3.0972,3.0967,3.0972,5
2026-02-23 02:44:00,3.0912,3.0922,3.0912,3.0917,3.0962,3.0972,3.0962,3.0967,4
2026-02-23 02:45:00,3.0927,3.0927,3.0927,3.0927,3.0977,3.0977,3.0977,3.0977,1
2026-02-23 02:46:00,3.0917,3.0917,3.0917,3.0917,3.0967,3.0967,3.0967,3.0967,1
2026-02-23 02:47:00,3.0907,3.0907,3.0887,3.0887,3.0957,3.0957,3.0937,3.0937,3
2026-02-23 02:48:00,3.0877,3.0897,3.0877,3.0897,3.0927,3.0947,3.0927,3.0947,3
2026-02-23 02:49:00,3.0907,3.0907,3.0902,3.0902,3.0957,3.0957,3.0952,3.0952,2
2026-02-23 02:50:00,3.0897,3.0897,3.0897,3.0897,3.0947,3.0947,3.0947,3.0947,1
2026-02-23 02:52:00,3.0907,3.0922,3.0907,3.0922,3.0957,3.0972,3.0957,3.0972,4
2026-02-23 02:54:00,3.0912,3.0917,3.0912,3.0917,3.0962,3.0967,3.0962,3.0967,2
2026-02-23 02:55:00,3.0912,3.0912,3.0877,3.0897,3.0962,3.0962,3.0927,3.0947,16
2026-02-23 02:56:00,3.0902,3.0922,3.0902,3.0917,3.0952,3.0972,3.0952,3.0967,7
2026-02-23 02:57:00,3.0912,3.0917,3.0897,3.0897,3.0962,3.0967,3.0947,3.0947,8
2026-02-23 02:58:00,3.0887,3.0887,3.0877,3.0877,3.0937,3.0937,3.0927,3.0927,6
2026-02-23 02:59:00,3.0882,3.0897,3.0877,3.0887,3.0932,3.0947,3.0927,3.0937,5
2026-02-23 03:00:00,3.0877,3.0907,3.0852,3.0852,3.0927,3.0957,3.0902,3.0902,16
2026-02-23 03:01:00,3.0862,3.0867,3.0842,3.0842,3.0912,3.0917,3.0892,3.0892,11
2026-02-23 03:02:00,3.0837,3.0867,3.0827,3.0867,3.0887,3.0917,3.0877,3.0917,10
2026-02-23 03:03:00,3.0862,3.0867,3.0857,3.0862,3.0912,3.0917,3.0907,3.0912,5
2026-02-23 03:04:00,3.0867,3.0872,3.0857,3.0867,3.0917,3.0922,3.0907,3.0917,6
2026-02-23 03:05:00,3.0862,3.0867,3.0862,3.0867,3.0912,3.0917,3.0912,3.0917,2
2026-02-23 03:06:00,3.0872,3.0872,3.0867,3.0867,3.0922,3.0922,3.0917,3.0917,4
2026-02-23 03:07:00,3.0872,3.0882,3.0867,3.0872,3.0922,3.0932,3.0917,3.0922,4
2026-02-23 03:08:00,3.0877,3.0927,3.0877,3.0917,3.0927,3.0977,3.0927,3.0967,12
2026-02-23 03:09:00,3.0907,3.0907,3.0907,3.0907,3.0957,3.0957,3.0957,3.0957,1
2026-02-23 03:11:00,3.0912,3.0912,3.0907,3.0907,3.0962,3.0962,3.0957,3.0957,2
2026-02-23 03:13:00,3.0902,3.0907,3.0882,3.0907,3.0952,3.0957,3.0932,3.0957,8
2026-02-23 03:14:00,3.0912,3.0912,3.0912,3.0912,3.0962,3.0962,3.0962,3.0962,1
2026-02-23 03:15:00,3.0917,3.0917,3.0907,3.0907,3.0967,3.0967,3.0957,3.0957,2
2026-02-23 03:16:00,3.0912,3.0912,3.0907,3.0907,3.0962,3.0962,3.0957,3.0957,2
2026-02-23 03:17:00,3.0912,3.0917,3.0912,3.0917,3.0962,3.0967,3.0962,3.0967,2
2026-02-23 03:18:00,3.0927,3.0927,3.0917,3.0917,3.0977,3.0977,3.0967,3.0967,2
2026-02-23 03:21:00,3.0922,3.0922,3.0917,3.0917,3.0972,3.0972,3.0967,3.0967,2
2026-02-23 03:22:00,3.0927,3.0927,3.0927,3.0927,3.0977,3.0977,3.0977,3.0977,1
2026-02-23 03:26:00,3.0922,3.0927,3.0922,3.0927,3.0972,3.0977,3.0972,3.0977,2
2026-02-23 03:28:00,3.0937,3.0967,3.0937,3.0967,3.0987,3.1017,3.0987,3.1017,6
2026-02-23 03:29:00,3.0972,3.0972,3.0957,3.0967,3.1022,3.1022,3.1007,3.1017,9
2026-02-23 03:30:00,3.0957,3.0957,3.0947,3.0957,3.1007,3.1007,3.0997,3.1007,3
2026-02-23 03:32:00,3.0962,3.0962,3.0957,3.0957,3.1012,3.1012,3.1007,3.1007,2
2026-02-23 03:33:00,3.0962,3.0962,3.0962,3.0962,3.1012,3.1012,3.1012,3.1012,1
2026-02-23 03:34:00,3.0967,3.0967,3.0937,3.0942,3.1017,3.1017,3.0987,3.0992,7
2026-02-23 03:35:00,3.0937,3.0937,3.0937,3.0937,3.0987,3.0987,3.0987,3.0987,1
2026-02-23 03:39:00,3.0947,3.0982,3.0942,3.0967,3.0997,3.1032,3.0992,3.1017,14
2026-02-23 03:40:00,3.0962,3.0962,3.0952,3.0957,3.1012,3.1012,3.1002,3.1007,3
2026-02-23 03:41:00,3.0962,3.0962,3.0897,3.0897,3.1012,3.1012,3.0947,3.0947,8
2026-02-23 03:42:00,3.0892,3.0902,3.0892,3.0902,3.0942,3.0952,3.0942,3.0952,3
2026-02-23 03:44:00,3.0897,3.0897,3.0867,3.0867,3.0947,3.0947,3.0917,3.0917,11
2026-02-23 03:45:00,3.0872,3.0892,3.0872,3.0887,3.0922,3.0942,3.0922,3.0937,4
2026-02-23 03:46:00,3.0892,3.0897,3.0887,3.0897,3.0942,3.0947,3.0937,3.0947,4
2026-02-23 03:47:00,3.0887,3.0892,3.0887,3.0892,3.0937,3.0942,3.0937,3.0942,4
2026-02-23 03:49:00,3.0897,3.0907,3.0897,3.0907,3.0947,3.0957,3.0947,3.0957,3
2026-02-23 03:51:00,3.0897,3.0907,3.0897,3.0907,3.0947,3.0957,3.0947,3.0957,2
2026-02-23 03:56:00,3.0897,3.0902,3.0897,3.0897,3.0947,3.0952,3.0947,3.0947,3
2026-02-23 03:59:00,3.0902,3.0907,3.0902,3.0907,3.0952,3.0957,3.0952,3.0957,2
2026-02-23 04:00:00,3.0897,3.0897,3.0897,3.0897,3.0947,3.0947,3.0947,3.0947,1
2026-02-23 04:02:00,3.0887,3.0887,3.0887,3.0887,3.0937,3.0937,3.0937,3.0937,1
2026-02-23 04:03:00,3.0897,3.0907,3.0897,3.0897,3.0947,3.0957,3.0947,3.0947,3
2026-02-23 04:04:00,3.0902,3.0902,3.0902,3.0902,3.0952,3.0952,3.0952,3.0952,1
2026-02-23 04:05:00,3.0907,3.0907,3.0907,3.0907,3.0957,3.0957,3.0957,3.0957,1
2026-02-23 04:06:00,3.0912,3.0912,3.0907,3.0907,3.0962,3.0962,3.0957,3.0957,2
2026-02-23 04:09:00,3.0902,3.0902,3.0887,3.0897,3.0952,3.0952,3.0937,3.0947,5
2026-02-23 04:12:00,3.0887,3.0887,3.0877,3.0877,3.0937,3.0937,3.0927,3.0927,4
2026-02-23 04:13:00,3.0882,3.0887,3.0867,3.0872,3.0932,3.0937,3.0917,3.0922,8
2026-02-23 04:14:00,3.0867,3.0877,3.0867,3.0867,3.0917,3.0927,3.0917,3.0917,5
2026-02-23 04:15:00,3.0862,3.0867,3.0852,3.0852,3.0912,3.0917,3.0902,3.0902,4
2026-02-23 04:16:00,3.0857,3.0857,3.0857,3.0857,3.0907,3.0907,3.0907,3.0907,1
2026-02-23 04:17:00,3.0867,3.0872,3.0867,3.0872,3.0917,3.0922,3.0917,3.0922,2
2026-02-23 04:18:00,3.0867,3.0877,3.0867,3.0877,3.0917,3.0927,3.0917,3.0927,8
2026-02-23 04:20:00,3.0872,3.0872,3.0867,3.0867,3.0922,3.0922,3.0917,3.0917,2
2026-02-23 04:21:00,3.0862,3.0862,3.0842,3.0857,3.0912,3.0912,3.0892,3.0907,6
2026-02-23 04:22:00,3.0847,3.0847,3.0837,3.0842,3.0897,3.0897,3.0887,3.0892,3
2026-02-23 04:23:00,3.0837,3.0857,3.0837,3.0852,3.0887,3.0907,3.0887,3.0902,4
2026-02-23 04:24:00,3.0857,3.0862,3.0852,3.0862,3.0907,3.0912,3.0902,3.0912,4
2026-02-23 04:25:00,3.0867,3.0872,3.0867,3.0867,3.0917,3.0922,3.0917,3.0917,3
2026-02-23 04:26:00,3.0862,3.0872,3.0862,3.0872,3.0912,3.0922,3.0912,3.0922,3
2026-02-23 04:27:00,3.0862,3.0862,3.0857,3.0862,3.0912,3.0912,3.0907,3.0912,5
2026-02-23 04:28:00,3.0857,3.0862,3.0857,3.0857,3.0907,3.0912,3.0907,3.0907,3
2026-02-23 04:30:00,3.0867,3.0882,3.0842,3.0847,3.0917,3.0932,3.0892,3.0897,13
2026-02-23 04:31:00,3.0842,3.0867,3.0842,3.0862,3.0892,3.0917,3.0892,3.0912,9
2026-02-23 04:32:00,3.0867,3.0887,3.0867,3.0872,3.0917,3.0937,3.0917,3.0922,7
2026-02-23 04:33:00,3.0877,3.0877,3.0867,3.0867,3.0927,3.0927,3.0917,3.0917,3
2026-02-23 04:34:00,3.0872,3.0872,3.0872,3.0872,3.0922,3.0922,3.0922,3.0922,1
2026-02-23 04:35:00,3.0877,3.0877,3.0867,3.0872,3.0927,3.0927,3.0917,3.0922,4
2026-02-23 04:36:00,3.0877,3.0877,3.0872,3.0872,3.0927,3.0927,3.0922,3.0922,2
2026-02-23 04:37:00,3.0877,3.0877,3.0867,3.0867,3.0927,3.0927,3.0917,3.0917,2
2026-02-23 04:38:00,3.0872,3.0877,3.0872,3.0877,3.0922,3.0927,3.0922,3.0927,4
2026-02-23 04:39:00,3.0887,3.0887,3.0877,3.0877,3.0937,3.0937,3.0927,3.0927,3
2026-02-23 04:40:00,3.0867,3.0882,3.0867,3.0877,3.0917,3.0932,3.0917,3.0927,4
2026-02-23 04:41:00,3.0882,3.0882,3.0867,3.0867,3.0932,3.0932,3.0917,3.0917,3
2026-02-23 04:42:00,3.0862,3.0862,3.0857,3.0857,3.0912,3.0912,3.0907,3.0907,2
2026-02-23 04:43:00,3.0842,3.0852,3.0842,3.0847,3.0892,3.0902,3.0892,3.0897,3
2026-02-23 04:44:00,3.0852,3.0852,3.0847,3.0852,3.0902,3.0902,3.0897,3.0902,3
2026-02-23 04:45:00,3.0847,3.0847,3.0847,3.0847,3.0897,3.0897,3.0897,3.0897,1
2026-02-23 04:46:00,3.0852,3.0852,3.0847,3.0847,3.0902,3.0902,3.0897,3.0897,2
2026-02-23 04:47:00,3.0852,3.0852,3.0847,3.0852,3.0902,3.0902,3.0897,3.0902,3
2026-02-23 04:48:00,3.0847,3.0852,3.0827,3.0852,3.0897,3.0902,3.0877,3.0902,4
2026-02-23 04:49:00,3.0857,3.0857,3.0857,3.0857,3.0907,3.0907,3.0907,3.0907,1
2026-02-23 04:50:00,3.0867,3.0867,3.0857,3.0857,3.0917,3.0917,3.0907,3.0907,5
2026-02-23 04:52:00,3.0862,3.0862,3.0862,3.0862,3.0912,3.0912,3.0912,3.0912,1
2026-02-23 04:53:00,3.0857,3.0867,3.0857,3.0862,3.0907,3.0917,3.0907,3.0912,4
2026-02-23 04:54:00,3.0857,3.0867,3.0857,3.0867,3.0907,3.0917,3.0907,3.0917,3
2026-02-23 04:55:00,3.0872,3.0887,3.0872,3.0882,3.0922,3.0937,3.0922,3.0932,3
2026-02-23 04:56:00,3.0887,3.0887,3.0887,3.0887,3.0937,3.0937,3.0937,3.0937,1
2026-02-23 04:57:00,3.0877,3.0877,3.0877,3.0877,3.0927,3.0927,3.0927,3.0927,1
2026-02-23 04:58:00,3.0887,3.0912,3.0887,3.0912,3.0937,3.0962,3.0937,3.0962,7
2026-02-23 04:59:00,3.0907,3.0912,3.0907,3.0912,3.0957,3.0962,3.0957,3.0962,2
2026-02-23 05:00:00,3.0907,3.0907,3.0862,3.0862,3.0957,3.0957,3.0912,3.0912,6
2026-02-23 05:01:00,3.0857,3.0867,3.0852,3.0867,3.0907,3.0917,3.0902,3.0917,4
2026-02-23 05:02:00,3.0872,3.0887,3.0872,3.0877,3.0922,3.0937,3.0922,3.0927,6
2026-02-23 05:03:00,3.0882,3.0882,3.0867,3.0867,3.0932,3.0932,3.0917,3.0917,3
2026-02-23 05:04:00,3.0862,3.0867,3.0862,3.0867,3.0912,3.0917,3.0912,3.0917,2
2026-02-23 05:06:00,3.0872,3.0872,3.0842,3.0852,3.0922,3.0922,3.0892,3.0902,5
2026-02-23 05:07:00,3.0847,3.0852,3.0842,3.0852,3.0897,3.0902,3.0892,3.0902,4
2026-02-23 05:08:00,3.0842,3.0842,3.0812,3.0827,3.0892,3.0892,3.0862,3.0877,11
2026-02-23 05:09:00,3.0832,3.0832,3.0827,3.0827,3.0882,3.0882,3.0877,3.0877,2
2026-02-23 05:10:00,3.0832,3.0837,3.0832,3.0837,3.0882,3.0887,3.0882,3.0887,2
2026-02-23 05:11:00,3.0842,3.0867,3.0842,3.0862,3.0892,3.0917,3.0892,3.0912,5
2026-02-23 05:12:00,3.0857,3.0857,3.0847,3.0847,3.0907,3.0907,3.0897,3.0897,2
2026-02-23 05:16:00,3.0842,3.0842,3.0842,3.0842,3.0892,3.0892,3.0892,3.0892,1
2026-02-23 05:17:00,3.0837,3.0837,3.0827,3.0827,3.0887,3.0887,3.0877,3.0877,3
2026-02-23 05:21:00,3.0832,3.0857,3.0832,3.0857,3.0882,3.0907,3.0882,3.0907,5
2026-02-23 05:22:00,3.0842,3.0857,3.0842,3.0857,3.0892,3.0907,3.0892,3.0907,3
2026-02-23 05:23:00,3.0852,3.0852,3.0842,3.0842,3.0902,3.0902,3.0892,3.0892,3
2026-02-23 05:24:00,3.0857,3.0867,3.0857,3.0862,3.0907,3.0917,3.0907,3.0912,3
2026-02-23 05:25:00,3.0867,3.0867,3.0867,3.0867,3.0917,3.0917,3.0917,3.0917,1
2026-02-23 05:26:00,3.0872,3.0877,3.0872,3.0877,3.0922,3.0927,3.0922,3.0927,2
2026-02-23 05:29:00,3.0882,3.0887,3.0877,3.0887,3.0932,3.0937,3.0927,3.0937,3
2026-02-23 05:30:00,3.0892,3.0892,3.0887,3.0887,3.0942,3.0942,3.0937,3.0937,2
2026-02-23 05:32:00,3.0892,3.0892,3.0892,3.0892,3.0942,3.0942,3.0942,3.0942,1
2026-02-23 05:33:00,3.0897,3.0927,3.0897,3.0917,3.0947,3.0977,3.0947,3.0967,10
2026-02-23 05:34:00,3.0912,3.0917,3.0912,3.0912,3.0962,3.0967,3.0962,3.0962,3
2026-02-23 05:35:00,3.0907,3.0917,3.0887,3.0917,3.0957,3.0967,3.0937,3.0967,8
2026-02-23 05:36:00,3.0912,3.0912,3.0897,3.0897,3.0962,3.0962,3.0947,3.0947,3
2026-02-23 05:37:00,3.0887,3.0887,3.0887,3.0887,3.0937,3.0937,3.0937,3.0937,1
2026-02-23 05:39:00,3.0892,3.0897,3.0877,3.0897,3.0942,3.0947,3.0927,3.0947,8
2026-02-23 05:40:00,3.0892,3.0892,3.0877,3.0877,3.0942,3.0942,3.0927,3.0927,4
2026-02-23 05:41:00,3.0882,3.0892,3.0882,3.0887,3.0932,3.0942,3.0932,3.0937,4
2026-02-23 05:42:00,3.0882,3.0882,3.0877,3.0877,3.0932,3.0932,3.0927,3.0927,2
2026-02-23 05:43:00,3.0887,3.0887,3.0877,3.0877,3.0937,3.0937,3.0927,3.0927,2
2026-02-23 05:44:00,3.0882,3.0887,3.0882,3.0882,3.0932,3.0937,3.0932,3.0932,3
2026-02-23 05:45:00,3.0887,3.0897,3.0887,3.0887,3.0937,3.0947,3.0937,3.0937,3
2026-02-23 05:46:00,3.0892,3.0892,3.0877,3.0882,3.0942,3.0942,3.0927,3.0932,6
2026-02-23 05:49:00,3.0887,3.0887,3.0877,3.0882,3.0937,3.0937,3.0927,3.0932,6
2026-02-23 05:50:00,3.0887,3.0897,3.0862,3.0862,3.0937,3.0947,3.0912,3.0912,6
2026-02-23 05:51:00,3.0852,3.0852,3.0842,3.0847,3.0902,3.0902,3.0892,3.0897,4
2026-02-23 05:52:00,3.0852,3.0852,3.0852,3.0852,3.0902,3.0902,3.0902,3.0902,1
2026-02-23 05:53:00,3.0857,3.0867,3.0857,3.0862,3.0907,3.0917,3.0907,3.0912,3
2026-02-23 05:55:00,3.0852,3.0857,3.0852,3.0857,3.0902,3.0907,3.0902,3.0907,2
2026-02-23 05:57:00,3.0852,3.0857,3.0852,3.0857,3.0902,3.0907,3.0902,3.0907,2
2026-02-23 05:58:00,3.0862,3.0862,3.0862,3.0862,3.0912,3.0912,3.0912,3.0912,1
2026-02-23 06:03:00,3.0867,3.0872,3.0862,3.0862,3.0917,3.0922,3.0912,3.0912,3
2026-02-23 06:04:00,3.0857,3.0867,3.0857,3.0867,3.0907,3.0917,3.0907,3.0917,2
2026-02-23 06:05:00,3.0862,3.0862,3.0862,3.0862,3.0912,3.0912,3.0912,3.0912,1
2026-02-23 06:06:00,3.0867,3.0872,3.0867,3.0872,3.0917,3.0922,3.0917,3.0922,2
2026-02-23 06:07:00,3.0867,3.0887,3.0867,3.0887,3.0917,3.0937,3.0917,3.0937,3
2026-02-23 06:08:00,3.0892,3.0892,3.0892,3.0892,3.0942,3.0942,3.0942,3.0942,1
2026-02-23 06:09:00,3.0887,3.0907,3.0887,3.0907,3.0937,3.0957,3.0937,3.0957,6
2026-02-23 06:10:00,3.0902,3.0907,3.0897,3.0897,3.0952,3.0957,3.0947,3.0947,3
2026-02-23 06:11:00,3.0907,3.0907,3.0907,3.0907,3.0957,3.0957,3.0957,3.0957,1
2026-02-23 06:14:00,3.0912,3.0922,3.0912,3.0922,3.0962,3.0972,3.0962,3.0972,3
2026-02-23 06:16:00,3.0937,3.0937,3.0922,3.0922,3.0987,3.0987,3.0972,3.0972,3
2026-02-23 06:17:00,3.0927,3.0937,3.0927,3.0932,3.0977,3.0987,3.0977,3.0982,3
2026-02-23 06:18:00,3.0927,3.0932,3.0927,3.0927,3.0977,3.0982,3.0977,3.0977,3
2026-02-23 06:19:00,3.0932,3.0932,3.0927,3.0927,3.0982,3.0982,3.0977,3.0977,2
2026-02-23 06:22:00,3.0932,3.0942,3.0932,3.0942,3.0982,3.0992,3.0982,3.0992,3
2026-02-23 06:23:00,3.0937,3.0947,3.0937,3.0942,3.0987,3.0997,3.0987,3.0992,3
2026-02-23 06:24:00,3.0937,3.0937,3.0917,3.0917,3.0987,3.0987,3.0967,3.0967,3
2026-02-23 06:25:00,3.0927,3.0927,3.0912,3.0912,3.0977,3.0977,3.0962,3.0962,2
2026-02-23 06:26:00,3.0907,3.0907,3.0872,3.0872,3.0957,3.0957,3.0922,3.0922,5
2026-02-23 06:27:00,3.0877,3.0877,3.0872,3.0877,3.0927,3.0927,3.0922,3.0927,3
2026-02-23 06:29:00,3.0872,3.0872,3.0862,3.0862,3.0922,3.0922,3.0912,3.0912,2
2026-02-23 06:30:00,3.0857,3.0857,3.0847,3.0857,3.0907,3.0907,3.0897,3.0907,6
2026-02-23 06:32:00,3.0852,3.0857,3.0847,3.0857,3.0902,3.0907,3.0897,3.0907,5
2026-02-23 06:33:00,3.0867,3.0877,3.0842,3.0842,3.0917,3.0927,3.0892,3.0892,6
2026-02-23 06:34:00,3.0847,3.0857,3.0847,3.0857,3.0897,3.0907,3.0897,3.0907,3
2026-02-23 06:35:00,3.0852,3.0852,3.0852,3.0852,3.0902,3.0902,3.0902,3.0902,1
2026-02-23 06:36:00,3.0847,3.0847,3.0832,3.0837,3.0897,3.0897,3.0882,3.0887,5
2026-02-23 06:37:00,3.0832,3.0837,3.0827,3.0837,3.0882,3.0887,3.0877,3.0887,5
2026-02-23 06:38:00,3.0842,3.0847,3.0842,3.0842,3.0892,3.0897,3.0892,3.0892,3
2026-02-23 06:40:00,3.0837,3.0837,3.0832,3.0832,3.0887,3.0887,3.0882,3.0882,2
2026-02-23 06:41:00,3.0827,3.0842,3.0827,3.0827,3.0877,3.0892,3.0877,3.0877,7
2026-02-23 06:42:00,3.0837,3.0867,3.0837,3.0857,3.0887,3.0917,3.0887,3.0907,6
2026-02-23 06:43:00,3.0852,3.0857,3.0847,3.0857,3.0902,3.0907,3.0897,3.0907,3
2026-02-23 06:44:00,3.0852,3.0852,3.0852,3.0852,3.0902,3.0902,3.0902,3.0902,1
2026-02-23 06:45:00,3.0847,3.0847,3.0832,3.0832,3.0897,3.0897,3.0882,3.0882,4
2026-02-23 06:46:00,3.0837,3.0837,3.0837,3.0837,3.0887,3.0887,3.0887,3.0887,1
2026-02-23 06:47:00,3.0832,3.0842,3.0832,3.0832,3.0882,3.0892,3.0882,3.0882,4
2026-02-23 06:48:00,3.0822,3.0822,3.0807,3.0807,3.0872,3.0872,3.0857,3.0857,4
2026-02-23 06:49:00,3.0812,3.0812,3.0757,3.0757,3.0862,3.0862,3.0807,3.0807,9
2026-02-23 06:50:00,3.0767,3.0767,3.0767,3.0767,3.0817,3.0817,3.0817,3.0817,1
2026-02-23 06:51:00,3.0757,3.0772,3.0712,3.0727,3.0807,3.0822,3.0762,3.0777,13
2026-02-23 06:52:00,3.0717,3.0717,3.0707,3.0712,3.0767,3.0767,3.0757,3.0762,5
2026-02-23 06:53:00,3.0707,3.0712,3.0702,3.0707,3.0757,3.0762,3.0752,3.0757,6
2026-02-23 06:54:00,3.0702,3.0717,3.0692,3.0717,3.0752,3.0767,3.0742,3.0767,8
2026-02-23 06:55:00,3.0712,3.0717,3.0617,3.0627,3.0762,3.0767,3.0667,3.0677,31
2026-02-23 06:56:00,3.0617,3.0627,3.0592,3.0602,3.0667,3.0677,3.0642,3.0652,10
2026-02-23 06:57:00,3.0597,3.0617,3.0592,3.0607,3.0647,3.0667,3.0642,3.0657,15
2026-02-23 06:58:00,3.0602,3.0607,3.0507,3.0527,3.0652,3.0657,3.0557,3.0577,40
2026-02-23 06:59:00,3.0522,3.0547,3.0522,3.0527,3.0572,3.0597,3.0572,3.0577,9
2026-02-23 07:00:00,3.0512,3.0512,3.0457,3.0472,3.0562,3.0562,3.0507,3.0522,21
2026-02-23 07:01:00,3.0482,3.0522,3.0472,3.0507,3.0532,3.0572,3.0522,3.0557,19
2026-02-23 07:02:00,3.0512,3.0512,3.0492,3.0492,3.0562,3.0562,3.0542,3.0542,3
2026-02-23 07:03:00,3.0497,3.0497,3.0492,3.0492,3.0547,3.0547,3.0542,3.0542,2
2026-02-23 07:04:00,3.0497,3.0522,3.0497,3.0517,3.0547,3.0572,3.0547,3.0567,4
2026-02-23 07:05:00,3.0512,3.0512,3.0512,3.0512,3.0562,3.0562,3.0562,3.0562,1
2026-02-23 07:06:00,3.0487,3.0487,3.0457,3.0472,3.0537,3.0537,3.0507,3.0522,6
2026-02-23 07:07:00,3.0467,3.0477,3.0467,3.0477,3.0517,3.0527,3.0517,3.0527,5
2026-02-23 07:08:00,3.0472,3.0472,3.0427,3.0442,3.0522,3.0522,3.0477,3.0492,7
2026-02-23 07:09:00,3.0447,3.0462,3.0427,3.0442,3.0497,3.0512,3.0477,3.0492,15
2026-02-23 07:10:00,3.0447,3.0492,3.0447,3.0487,3.0497,3.0542,3.0497,3.0537,8
2026-02-23 07:11:00,3.0497,3.0517,3.0497,3.0512,3.0547,3.0567,3.0547,3.0562,5
2026-02-23 07:12:00,3.0517,3.0537,3.0472,3.0472,3.0567,3.0587,3.0522,3.0522,12
2026-02-23 07:13:00,3.0477,3.0477,3.0377,3.0417,3.0527,3.0527,3.0427,3.0467,22
2026-02-23 07:14:00,3.0427,3.0462,3.0427,3.0462,3.0477,3.0512,3.0477,3.0512,11
2026-02-23 07:15:00,3.0457,3.0457,3.0337,3.0387,3.0507,3.0507,3.0387,3.0437,15
2026-02-23 07:16:00,3.0382,3.0407,3.0382,3.0407,3.0432,3.0457,3.0432,3.0457,9
2026-02-23 07:17:00,3.0397,3.0412,3.0397,3.0412,3.0447,3.0462,3.0447,3.0462,4
2026-02-23 07:18:00,3.0402,3.0402,3.0357,3.0372,3.0452,3.0452,3.0407,3.0422,11
2026-02-23 07:19:00,3.0387,3.0417,3.0387,3.0417,3.0437,3.0467,3.0437,3.0467,7
2026-02-23 07:20:00,3.0407,3.0407,3.0297,3.0327,3.0457,3.0457,3.0347,3.0377,17
2026-02-23 07:21:00,3.0322,3.0357,3.0297,3.0357,3.0372,3.0407,3.0347,3.0407,15
2026-02-23 07:22:00,3.0352,3.0357,3.0332,3.0342,3.0402,3.0407,3.0382,3.0392,9
2026-02-23 07:23:00,3.0337,3.0337,3.0247,3.0272,3.0387,3.0387,3.0297,3.0322,36
2026-02-23 07:24:00,3.0277,3.0277,3.0252,3.0252,3.0327,3.0327,3.0302,3.0302,4
2026-02-23 07:25:00,3.0242,3.0272,3.0207,3.0262,3.0292,3.0322,3.0257,3.0312,23
2026-02-23 07:26:00,3.0267,3.0277,3.0252,3.0252,3.0317,3.0327,3.0302,3.0302,7
2026-02-23 07:27:00,3.0267,3.0292,3.0267,3.0292,3.0317,3.0342,3.0317,3.0342,6
2026-02-23 07:28:00,3.0297,3.0297,3.0277,3.0277,3.0347,3.0347,3.0327,3.0327,3
2026-02-23 07:29:00,3.0287,3.0297,3.0287,3.0292,3.0337,3.0347,3.0337,3.0342,5
2026-02-23 07:30:00,3.0297,3.0297,3.0282,3.0282,3.0347,3.0347,3.0332,3.0332,3
2026-02-23 07:32:00,3.0277,3.0322,3.0277,3.0312,3.0327,3.0372,3.0327,3.0362,8
2026-02-23 07:33:00,3.0302,3.0307,3.0287,3.0292,3.0352,3.0357,3.0337,3.0342,5
2026-02-23 07:34:00,3.0297,3.0307,3.0287,3.0307,3.0347,3.0357,3.0337,3.0357,6
2026-02-23 07:35:00,3.0312,3.0377,3.0307,3.0362,3.0362,3.0427,3.0357,3.0412,28
2026-02-23 07:36:00,3.0357,3.0372,3.0347,3.0367,3.0407,3.0422,3.0397,3.0417,9
2026-02-23 07:37:00,3.0377,3.0377,3.0322,3.0327,3.0427,3.0427,3.0372,3.0377,14
2026-02-23 07:38:00,3.0357,3.0357,3.0342,3.0342,3.0407,3.0407,3.0392,3.0392,2
2026-02-23 07:39:00,3.0347,3.0377,3.0347,3.0372,3.0397,3.0427,3.0397,3.0422,7
2026-02-23 07:40:00,3.0367,3.0377,3.0362,3.0367,3.0417,3.0427,3.0412,3.0417,5
2026-02-23 07:41:00,3.0372,3.0372,3.0277,3.0282,3.0422,3.0422,3.0327,3.0332,11
2026-02-23 07:42:00,3.0267,3.0282,3.0262,3.0282,3.0317,3.0332,3.0312,3.0332,3
2026-02-23 07:43:00,3.0272,3.0272,3.0267,3.0267,3.0322,3.0322,3.0317,3.0317,2
2026-02-23 07:44:00,3.0277,3.0277,3.0232,3.0242,3.0327,3.0327,3.0282,3.0292,11
2026-02-23 07:45:00,3.0237,3.0262,3.0237,3.0237,3.0287,3.0312,3.0287,3.0287,7
2026-02-23 07:46:00,3.0242,3.0272,3.0242,3.0262,3.0292,3.0322,3.0292,3.0312,6
2026-02-23 07:47:00,3.0267,3.0272,3.0252,3.0272,3.0317,3.0322,3.0302,3.0322,11
2026-02-23 07:48:00,3.0267,3.0267,3.0257,3.0257,3.0317,3.0317,3.0307,3.0307,2
2026-02-23 07:49:00,3.0247,3.0252,3.0242,3.0247,3.0297,3.0302,3.0292,3.0297,6
2026-02-23 07:50:00,3.0242,3.0327,3.0242,3.0322,3.0292,3.0377,3.0292,3.0372,23
2026-02-23 07:51:00,3.0317,3.0317,3.0292,3.0292,3.0367,3.0367,3.0342,3.0342,6
2026-02-23 07:52:00,3.0282,3.0282,3.0237,3.0247,3.0332,3.0332,3.0287,3.0297,11
2026-02-23 07:53:00,3.0242,3.0242,3.0232,3.0242,3.0292,3.0292,3.0282,3.0292,6
2026-02-23 07:54:00,3.0247,3.0262,3.0227,3.0242,3.0297,3.0312,3.0277,3.0292,11
2026-02-23 07:55:00,3.0292,3.0292,3.0262,3.0267,3.0342,3.0342,3.0312,3.0317,16
2026-02-23 07:56:00,3.0262,3.0272,3.0252,3.0252,3.0312,3.0322,3.0302,3.0302,11
2026-02-23 07:57:00,3.0247,3.0247,3.0207,3.0207,3.0297,3.0297,3.0257,3.0257,18
2026-02-23 07:58:00,3.0217,3.0237,3.0197,3.0227,3.0267,3.0287,3.0247,3.0277,25
2026-02-23 07:59:00,3.0217,3.0307,3.0212,3.0297,3.0267,3.0357,3.0262,3.0347,17
2026-02-23 08:00:00,3.0292,3.0302,3.0287,3.0302,3.0342,3.0352,3.0337,3.0352,15
2026-02-23 08:01:00,3.0297,3.0297,3.0287,3.0287,3.0347,3.0347,3.0337,3.0337,4
2026-02-23 08:02:00,3.0292,3.0302,3.0287,3.0297,3.0342,3.0352,3.0337,3.0347,7
2026-02-23 08:03:00,3.0302,3.0317,3.0302,3.0307,3.0352,3.0367,3.0352,3.0357,5
2026-02-23 08:04:00,3.0342,3.0362,3.0292,3.0307,3.0392,3.0412,3.0342,3.0357,25
2026-02-23 08:05:00,3.0302,3.0317,3.0302,3.0312,3.0352,3.0367,3.0352,3.0362,4
2026-02-23 08:06:00,3.0327,3.0337,3.0307,3.0322,3.0377,3.0387,3.0357,3.0372,6
2026-02-23 08:07:00,3.0312,3.0402,3.0312,3.0342,3.0362,3.0452,3.0362,3.0392,30
2026-02-23 08:08:00,3.0347,3.0347,3.0332,3.0342,3.0397,3.0397,3.0382,3.0392,10
2026-02-23 08:09:00,3.0347,3.0347,3.0317,3.0327,3.0397,3.0397,3.0367,3.0377,7
2026-02-23 08:10:00,3.0337,3.0337,3.0297,3.0302,3.0387,3.0387,3.0347,3.0352,11
2026-02-23 08:11:00,3.0307,3.0332,3.0307,3.0332,3.0357,3.0382,3.0357,3.0382,5
2026-02-23 08:12:00,3.0367,3.0367,3.0337,3.0352,3.0417,3.0417,3.0387,3.0402,17
2026-02-23 08:13:00,3.0357,3.0367,3.0322,3.0337,3.0407,3.0417,3.0372,3.0387,9
2026-02-23 08:14:00,3.0347,3.0367,3.0347,3.0362,3.0397,3.0417,3.0397,3.0412,9
2026-02-23 08:15:00,3.0367,3.0382,3.0367,3.0372,3.0417,3.0432,3.0417,3.0422,8
2026-02-23 08:16:00,3.0382,3.0407,3.0382,3.0387,3.0432,3.0457,3.0432,3.0437,9
2026-02-23 08:17:00,3.0382,3.0382,3.0372,3.0372,3.0432,3.0432,3.0422,3.0422,4
2026-02-23 08:18:00,3.0377,3.0377,3.0357,3.0357,3.0427,3.0427,3.0407,3.0407,10
2026-02-23 08:19:00,3.0367,3.0372,3.0332,3.0342,3.0417,3.0422,3.0382,3.0392,16
2026-02-23 08:20:00,3.0337,3.0362,3.0337,3.0352,3.0387,3.0412,3.0387,3.0402,6
2026-02-23 08:21:00,3.0347,3.0347,3.0332,3.0337,3.0397,3.0397,3.0382,3.0387,7
2026-02-23 08:22:00,3.0332,3.0342,3.0332,3.0342,3.0382,3.0392,3.0382,3.0392,2
2026-02-23 08:23:00,3.0332,3.0342,3.0317,3.0327,3.0382,3.0392,3.0367,3.0377,9
2026-02-23 08:24:00,3.0322,3.0332,3.0322,3.0332,3.0372,3.0382,3.0372,3.0382,7
2026-02-23 08:25:00,3.0342,3.0357,3.0302,3.0302,3.0392,3.0407,3.0352,3.0352,10
2026-02-23 08:26:00,3.0307,3.0312,3.0297,3.0297,3.0357,3.0362,3.0347,3.0347,13
2026-02-23 08:27:00,3.0302,3.0332,3.0287,3.0297,3.0352,3.0382,3.0337,3.0347,18
2026-02-23 08:28:00,3.0307,3.0347,3.0297,3.0347,3.0357,3.0397,3.0347,3.0397,17
2026-02-23 08:29:00,3.0352,3.0437,3.0352,3.0437,3.0402,3.0487,3.0402,3.0487,28
2026-02-23 08:30:00,3.0427,3.0427,3.0417,3.0427,3.0477,3.0477,3.0467,3.0477,13
2026-02-23 08:31:00,3.0432,3.0437,3.0357,3.0372,3.0482,3.0487,3.0407,3.0422,28
2026-02-23 08:32:00,3.0377,3.0377,3.0367,3.0367,3.0427,3.0427,3.0417,3.0417,3
2026-02-23 08:33:00,3.0372,3.0417,3.0372,3.0417,3.0422,3.0467,3.0422,3.0467,18
2026-02-23 08:34:00,3.0407,3.0427,3.0397,3.0407,3.0457,3.0477,3.0447,3.0457,8
2026-02-23 08:35:00,3.0397,3.0417,3.0377,3.0412,3.0447,3.0467,3.0427,3.0462,10
2026-02-23 08:36:00,3.0407,3.0412,3.0407,3.0412,3.0457,3.0462,3.0457,3.0462,2
2026-02-23 08:38:00,3.0407,3.0412,3.0367,3.0377,3.0457,3.0462,3.0417,3.0427,9
2026-02-23 08:39:00,3.0382,3.0392,3.0372,3.0392,3.0432,3.0442,3.0422,3.0442,9
2026-02-23 08:41:00,3.0387,3.0392,3.0382,3.0392,3.0437,3.0442,3.0432,3.0442,4
2026-02-23 08:42:00,3.0387,3.0397,3.0387,3.0392,3.0437,3.0447,3.0437,3.0442,3
2026-02-23 08:43:00,3.0387,3.0392,3.0387,3.0392,3.0437,3.0442,3.0437,3.0442,4
2026-02-23 08:45:00,3.0397,3.0397,3.0382,3.0382,3.0447,3.0447,3.0432,3.0432,3
2026-02-23 08:46:00,3.0387,3.0397,3.0387,3.0397,3.0437,3.0447,3.0437,3.0447,3
2026-02-23 08:47:00,3.0407,3.0417,3.0407,3.0412,3.0457,3.0467,3.0457,3.0462,7
2026-02-23 08:49:00,3.0417,3.0417,3.0397,3.0397,3.0467,3.0467,3.0447,3.0447,6
2026-02-23 08:50:00,3.0402,3.0407,3.0402,3.0402,3.0452,3.0457,3.0452,3.0452,3
2026-02-23 08:51:00,3.0397,3.0427,3.0397,3.0422,3.0447,3.0477,3.0447,3.0472,5
2026-02-23 08:52:00,3.0427,3.0437,3.0427,3.0427,3.0477,3.0487,3.0477,3.0477,6
2026-02-23 08:53:00,3.0417,3.0447,3.0417,3.0432,3.0467,3.0497,3.0467,3.0482,5
2026-02-23 08:54:00,3.0427,3.0427,3.0412,3.0417,3.0477,3.0477,3.0462,3.0467,5
2026-02-23 08:55:00,3.0412,3.0427,3.0412,3.0427,3.0462,3.0477,3.0462,3.0477,4
2026-02-23 08:56:00,3.0422,3.0427,3.0422,3.0427,3.0472,3.0477,3.0472,3.0477,2
2026-02-23 08:57:00,3.0422,3.0422,3.0412,3.0412,3.0472,3.0472,3.0462,3.0462,2
2026-02-23 08:58:00,3.0417,3.0417,3.0417,3.0417,3.0467,3.0467,3.0467,3.0467,1
2026-02-23 08:59:00,3.0422,3.0422,3.0422,3.0422,3.0472,3.0472,3.0472,3.0472,1
2026-02-23 09:00:00,3.0437,3.0437,3.0432,3.0432,3.0487,3.0487,3.0482,3.0482,2
2026-02-23 09:01:00,3.0427,3.0557,3.0427,3.0547,3.0477,3.0607,3.0477,3.0597,44
2026-02-23 09:02:00,3.0537,3.0537,3.0512,3.0532,3.0587,3.0587,3.0562,3.0582,9
2026-02-23 09:03:00,3.0537,3.0542,3.0522,3.0522,3.0587,3.0592,3.0572,3.0572,8
2026-02-23 09:04:00,3.0517,3.0527,3.0517,3.0522,3.0567,3.0577,3.0567,3.0572,5
2026-02-23 09:05:00,3.0527,3.0537,3.0482,3.0482,3.0577,3.0587,3.0532,3.0532,16
2026-02-23 09:06:00,3.0492,3.0497,3.0492,3.0497,3.0542,3.0547,3.0542,3.0547,2
2026-02-23 09:07:00,3.0512,3.0532,3.0507,3.0532,3.0562,3.0582,3.0557,3.0582,6
2026-02-23 09:08:00,3.0537,3.0537,3.0527,3.0532,3.0587,3.0587,3.0577,3.0582,4
2026-02-23 09:09:00,3.0527,3.0527,3.0517,3.0522,3.0577,3.0577,3.0567,3.0572,4
2026-02-23 09:10:00,3.0517,3.0517,3.0502,3.0502,3.0567,3.0567,3.0552,3.0552,4
2026-02-23 09:11:00,3.0497,3.0502,3.0497,3.0502,3.0547,3.0552,3.0547,3.0552,2
2026-02-23 09:12:00,3.0497,3.0497,3.0487,3.0497,3.0547,3.0547,3.0537,3.0547,5
2026-02-23 09:13:00,3.0502,3.0507,3.0497,3.0507,3.0552,3.0557,3.0547,3.0557,4
2026-02-23 09:14:00,3.0497,3.0502,3.0477,3.0492,3.0547,3.0552,3.0527,3.0542,8
2026-02-23 09:15:00,3.0487,3.0487,3.0477,3.0477,3.0537,3.0537,3.0527,3.0527,9
2026-02-23 09:16:00,3.0472,3.0492,3.0472,3.0492,3.0522,3.0542,3.0522,3.0542,8
2026-02-23 09:17:00,3.0497,3.0497,3.0497,3.0497,3.0547,3.0547,3.0547,3.0547,1
2026-02-23 09:18:00,3.0492,3.0492,3.0492,3.0492,3.0542,3.0542,3.0542,3.0542,1
2026-02-23 09:19:00,3.0497,3.0502,3.0497,3.0497,3.0547,3.0552,3.0547,3.0547,3
2026-02-23 09:20:00,3.0507,3.0512,3.0467,3.0477,3.0557,3.0562,3.0517,3.0527,17
2026-02-23 09:21:00,3.0482,3.0487,3.0482,3.0487,3.0532,3.0537,3.0532,3.0537,6
2026-02-23 09:22:00,3.0482,3.0487,3.0477,3.0477,3.0532,3.0537,3.0527,3.0527,4
2026-02-23 09:23:00,3.0472,3.0472,3.0472,3.0472,3.0522,3.0522,3.0522,3.0522,1
2026-02-23 09:24:00,3.0467,3.0487,3.0457,3.0467,3.0517,3.0537,3.0507,3.0517,11
2026-02-23 09:25:00,3.0472,3.0487,3.0472,3.0472,3.0522,3.0537,3.0522,3.0522,6
2026-02-23 09:26:00,3.0462,3.0482,3.0457,3.0482,3.0512,3.0532,3.0507,3.0532,5
2026-02-23 09:27:00,3.0477,3.0477,3.0467,3.0467,3.0527,3.0527,3.0517,3.0517,4
2026-02-23 09:28:00,3.0457,3.0462,3.0457,3.0462,3.0507,3.0512,3.0507,3.0512,2
2026-02-23 09:29:00,3.0457,3.0467,3.0447,3.0467,3.0507,3.0517,3.0497,3.0517,5
2026-02-23 09:30:00,3.0462,3.0462,3.0437,3.0442,3.0512,3.0512,3.0487,3.0492,5
2026-02-23 09:31:00,3.0447,3.0462,3.0442,3.0462,3.0497,3.0512,3.0492,3.0512,9
2026-02-23 09:34:00,3.0452,3.0452,3.0442,3.0442,3.0502,3.0502,3.0492,3.0492,3
2026-02-23 09:35:00,3.0452,3.0452,3.0432,3.0432,3.0502,3.0502,3.0482,3.0482,4
2026-02-23 09:36:00,3.0427,3.0427,3.0407,3.0407,3.0477,3.0477,3.0457,3.0457,11
2026-02-23 09:37:00,3.0412,3.0412,3.0412,3.0412,3.0462,3.0462,3.0462,3.0462,1
2026-02-23 09:38:00,3.0407,3.0457,3.0407,3.0447,3.0457,3.0507,3.0457,3.0497,14
2026-02-23 09:39:00,3.0452,3.0452,3.0417,3.0432,3.0502,3.0502,3.0467,3.0482,7
2026-02-23 09:40:00,3.0427,3.0432,3.0427,3.0432,3.0477,3.0482,3.0477,3.0482,2
2026-02-23 09:41:00,3.0427,3.0427,3.0417,3.0417,3.0477,3.0477,3.0467,3.0467,4
2026-02-23 09:42:00,3.0412,3.0432,3.0397,3.0397,3.0462,3.0482,3.0447,3.0447,8
2026-02-23 09:43:00,3.0392,3.0392,3.0367,3.0377,3.0442,3.0442,3.0417,3.0427,14
2026-02-23 09:44:00,3.0372,3.0372,3.0362,3.0362,3.0422,3.0422,3.0412,3.0412,3
2026-02-23 09:45:00,3.0372,3.0372,3.0357,3.0357,3.0422,3.0422,3.0407,3.0407,3
2026-02-23 09:46:00,3.0367,3.0387,3.0367,3.0382,3.0417,3.0437,3.0417,3.0432,5
2026-02-23 09:47:00,3.0377,3.0387,3.0377,3.0382,3.0427,3.0437,3.0427,3.0432,9
2026-02-23 09:48:00,3.0387,3.0387,3.0387,3.0387,3.0437,3.0437,3.0437,3.0437,1
2026-02-23 09:49:00,3.0382,3.0382,3.0372,3.0372,3.0432,3.0432,3.0422,3.0422,3
2026-02-23 09:50:00,3.0367,3.0367,3.0357,3.0362,3.0417,3.0417,3.0407,3.0412,3
2026-02-23 09:51:00,3.0367,3.0367,3.0307,3.0352,3.0417,3.0417,3.0357,3.0402,17
2026-02-23 09:52:00,3.0357,3.0367,3.0357,3.0367,3.0407,3.0417,3.0407,3.0417,6
2026-02-23 09:53:00,3.0362,3.0362,3.0362,3.0362,3.0412,3.0412,3.0412,3.0412,1
2026-02-23 09:54:00,3.0367,3.0377,3.0367,3.0372,3.0417,3.0427,3.0417,3.0422,4
2026-02-23 09:55:00,3.0367,3.0372,3.0367,3.0372,3.0417,3.0422,3.0417,3.0422,2
2026-02-23 09:56:00,3.0387,3.0407,3.0387,3.0407,3.0437,3.0457,3.0437,3.0457,10
2026-02-23 09:57:00,3.0397,3.0407,3.0397,3.0402,3.0447,3.0457,3.0447,3.0452,8
2026-02-23 09:58:00,3.0397,3.0397,3.0387,3.0387,3.0447,3.0447,3.0437,3.0437,4
2026-02-23 09:59:00,3.0392,3.0397,3.0392,3.0397,3.0442,3.0447,3.0442,3.0447,2
2026-02-23 10:00:00,3.0387,3.0387,3.0377,3.0377,3.0437,3.0437,3.0427,3.0427,2
2026-02-23 10:01:00,3.0372,3.0372,3.0367,3.0367,3.0422,3.0422,3.0417,3.0417,4
2026-02-23 10:02:00,3.0357,3.0377,3.0357,3.0367,3.0407,3.0427,3.0407,3.0417,4
2026-02-23 10:03:00,3.0372,3.0382,3.0372,3.0377,3.0422,3.0432,3.0422,3.0427,4
2026-02-23 10:04:00,3.0382,3.0387,3.0377,3.0387,3.0432,3.0437,3.0427,3.0437,6
2026-02-23 10:05:00,3.0397,3.0397,3.0342,3.0367,3.0447,3.0447,3.0392,3.0417,11
2026-02-23 10:06:00,3.0372,3.0392,3.0372,3.0392,3.0422,3.0442,3.0422,3.0442,3
2026-02-23 10:07:00,3.0397,3.0422,3.0397,3.0402,3.0447,3.0472,3.0447,3.0452,8
2026-02-23 10:08:00,3.0407,3.0427,3.0407,3.0422,3.0457,3.0477,3.0457,3.0472,7
2026-02-23 10:09:00,3.0417,3.0422,3.0417,3.0417,3.0467,3.0472,3.0467,3.0467,3
2026-02-23 10:10:00,3.0407,3.0407,3.0392,3.0392,3.0457,3.0457,3.0442,3.0442,6
2026-02-23 10:11:00,3.0397,3.0412,3.0397,3.0412,3.0447,3.0462,3.0447,3.0462,5
2026-02-23 10:12:00,3.0407,3.0412,3.0407,3.0407,3.0457,3.0462,3.0457,3.0457,3
2026-02-23 10:13:00,3.0412,3.0417,3.0412,3.0417,3.0462,3.0467,3.0462,3.0467,2
2026-02-23 10:14:00,3.0407,3.0417,3.0407,3.0412,3.0457,3.0467,3.0457,3.0462,4
2026-02-23 10:15:00,3.0417,3.0417,3.0407,3.0407,3.0467,3.0467,3.0457,3.0457,6
2026-02-23 10:16:00,3.0412,3.0417,3.0412,3.0417,3.0462,3.0467,3.0462,3.0467,4
2026-02-23 10:17:00,3.0422,3.0437,3.0422,3.0422,3.0472,3.0487,3.0472,3.0472,4
2026-02-23 10:18:00,3.0417,3.0422,3.0417,3.0422,3.0467,3.0472,3.0467,3.0472,2
2026-02-23 10:19:00,3.0427,3.0427,3.0427,3.0427,3.0477,3.0477,3.0477,3.0477,1
2026-02-23 10:20:00,3.0417,3.0437,3.0417,3.0432,3.0467,3.0487,3.0467,3.0482,5
2026-02-23 10:21:00,3.0437,3.0437,3.0432,3.0432,3.0487,3.0487,3.0482,3.0482,4
2026-02-23 10:22:00,3.0427,3.0457,3.0427,3.0452,3.0477,3.0507,3.0477,3.0502,28
2026-02-23 10:23:00,3.0447,3.0457,3.0447,3.0452,3.0497,3.0507,3.0497,3.0502,4
2026-02-23 10:24:00,3.0457,3.0457,3.0417,3.0422,3.0507,3.0507,3.0467,3.0472,6
2026-02-23 10:25:00,3.0427,3.0432,3.0422,3.0427,3.0477,3.0482,3.0472,3.0477,4
2026-02-23 10:26:00,3.0432,3.0437,3.0417,3.0417,3.0482,3.0487,3.0467,3.0467,12
2026-02-23 10:28:00,3.0427,3.0427,3.0422,3.0422,3.0477,3.0477,3.0472,3.0472,2
2026-02-23 10:30:00,3.0417,3.0427,3.0417,3.0427,3.0467,3.0477,3.0467,3.0477,5
2026-02-23 10:31:00,3.0422,3.0422,3.0417,3.0417,3.0472,3.0472,3.0467,3.0467,2
2026-02-23 10:32:00,3.0412,3.0412,3.0387,3.0407,3.0462,3.0462,3.0437,3.0457,10
2026-02-23 10:33:00,3.0412,3.0417,3.0407,3.0417,3.0462,3.0467,3.0457,3.0467,3
2026-02-23 10:34:00,3.0407,3.0407,3.0327,3.0332,3.0457,3.0457,3.0377,3.0382,24
2026-02-23 10:35:00,3.0337,3.0337,3.0267,3.0272,3.0387,3.0387,3.0317,3.0322,14
2026-02-23 10:36:00,3.0267,3.0277,3.0257,3.0267,3.0317,3.0327,3.0307,3.0317,11
2026-02-23 10:37:00,3.0277,3.0327,3.0277,3.0327,3.0327,3.0377,3.0327,3.0377,11
2026-02-23 10:38:00,3.0332,3.0332,3.0287,3.0307,3.0382,3.0382,3.0337,3.0357,20
2026-02-23 10:39:00,3.0297,3.0307,3.0282,3.0282,3.0347,3.0357,3.0332,3.0332,8
2026-02-23 10:40:00,3.0287,3.0287,3.0287,3.0287,3.0337,3.0337,3.0337,3.0337,1
2026-02-23 10:41:00,3.0297,3.0307,3.0297,3.0307,3.0347,3.0357,3.0347,3.0357,4
2026-02-23 10:42:00,3.0302,3.0317,3.0302,3.0312,3.0352,3.0367,3.0352,3.0362,5
2026-02-23 10:44:00,3.0307,3.0317,3.0292,3.0317,3.0357,3.0367,3.0342,3.0367,7
2026-02-23 10:45:00,3.0322,3.0347,3.0322,3.0332,3.0372,3.0397,3.0372,3.0382,12
2026-02-23 10:46:00,3.0337,3.0337,3.0302,3.0322,3.0387,3.0387,3.0352,3.0372,15
2026-02-23 10:47:00,3.0327,3.0347,3.0327,3.0347,3.0377,3.0397,3.0377,3.0397,3
2026-02-23 10:48:00,3.0342,3.0347,3.0342,3.0347,3.0392,3.0397,3.0392,3.0397,2
2026-02-23 10:49:00,3.0342,3.0347,3.0342,3.0347,3.0392,3.0397,3.0392,3.0397,2
2026-02-23 10:50:00,3.0342,3.0342,3.0322,3.0337,3.0392,3.0392,3.0372,3.0387,10
2026-02-23 10:51:00,3.0347,3.0347,3.0337,3.0347,3.0397,3.0397,3.0387,3.0397,6
2026-02-23 10:52:00,3.0352,3.0362,3.0347,3.0347,3.0402,3.0412,3.0397,3.0397,11
2026-02-23 10:53:00,3.0342,3.0357,3.0342,3.0342,3.0392,3.0407,3.0392,3.0392,5
2026-02-23 10:54:00,3.0347,3.0347,3.0337,3.0347,3.0397,3.0397,3.0387,3.0397,6
2026-02-23 10:55:00,3.0342,3.0347,3.0342,3.0347,3.0392,3.0397,3.0392,3.0397,8
2026-02-23 10:56:00,3.0337,3.0347,3.0337,3.0347,3.0387,3.0397,3.0387,3.0397,5
2026-02-23 10:57:00,3.0342,3.0342,3.0342,3.0342,3.0392,3.0392,3.0392,3.0392,1
2026-02-23 10:58:00,3.0347,3.0397,3.0347,3.0387,3.0397,3.0447,3.0397,3.0437,15
2026-02-23 10:59:00,3.0392,3.0397,3.0372,3.0377,3.0442,3.0447,3.0422,3.0427,7
2026-02-23 11:00:00,3.0382,3.0382,3.0362,3.0367,3.0432,3.0432,3.0412,3.0417,14
2026-02-23 11:01:00,3.0362,3.0367,3.0362,3.0367,3.0412,3.0417,3.0412,3.0417,2
2026-02-23 11:02:00,3.0362,3.0367,3.0357,3.0357,3.0412,3.0417,3.0407,3.0407,3
2026-02-23 11:03:00,3.0352,3.0357,3.0317,3.0327,3.0402,3.0407,3.0367,3.0377,19
2026-02-23 11:04:00,3.0322,3.0327,3.0317,3.0317,3.0372,3.0377,3.0367,3.0367,3
2026-02-23 11:05:00,3.0307,3.0322,3.0307,3.0322,3.0357,3.0372,3.0357,3.0372,7
2026-02-23 11:06:00,3.0327,3.0357,3.0327,3.0357,3.0377,3.0407,3.0377,3.0407,10
2026-02-23 11:07:00,3.0352,3.0352,3.0337,3.0342,3.0402,3.0402,3.0387,3.0392,6
2026-02-23 11:08:00,3.0347,3.0347,3.0317,3.0332,3.0397,3.0397,3.0367,3.0382,7
2026-02-23 11:09:00,3.0337,3.0337,3.0327,3.0332,3.0387,3.0387,3.0377,3.0382,5
2026-02-23 11:10:00,3.0337,3.0337,3.0327,3.0327,3.0387,3.0387,3.0377,3.0377,6
2026-02-23 11:11:00,3.0337,3.0337,3.0337,3.0337,3.0387,3.0387,3.0387,3.0387,1
2026-02-23 11:12:00,3.0347,3.0377,3.0347,3.0377,3.0397,3.0427,3.0397,3.0427,8
2026-02-23 11:13:00,3.0367,3.0377,3.0367,3.0372,3.0417,3.0427,3.0417,3.0422,4
2026-02-23 11:14:00,3.0367,3.0372,3.0357,3.0372,3.0417,3.0422,3.0407,3.0422,9
2026-02-23 11:15:00,3.0367,3.0367,3.0362,3.0362,3.0417,3.0417,3.0412,3.0412,2
2026-02-23 11:16:00,3.0357,3.0362,3.0347,3.0352,3.0407,3.0412,3.0397,3.0402,6
2026-02-23 11:17:00,3.0347,3.0377,3.0347,3.0372,3.0397,3.0427,3.0397,3.0422,9
2026-02-23 11:18:00,3.0367,3.0377,3.0367,3.0377,3.0417,3.0427,3.0417,3.0427,5
2026-02-23 11:19:00,3.0372,3.0377,3.0372,3.0377,3.0422,3.0427,3.0422,3.0427,2
2026-02-23 11:20:00,3.0367,3.0367,3.0367,3.0367,3.0417,3.0417,3.0417,3.0417,1
2026-02-23 11:21:00,3.0372,3.0372,3.0367,3.0372,3.0422,3.0422,3.0417,3.0422,5
2026-02-23 11:22:00,3.0382,3.0387,3.0382,3.0387,3.0432,3.0437,3.0432,3.0437,4
2026-02-23 11:23:00,3.0392,3.0397,3.0392,3.0397,3.0442,3.0447,3.0442,3.0447,2
2026-02-23 11:24:00,3.0392,3.0422,3.0392,3.0402,3.0442,3.0472,3.0442,3.0452,14
2026-02-23 11:25:00,3.0407,3.0407,3.0377,3.0377,3.0457,3.0457,3.0427,3.0427,10
2026-02-23 11:26:00,3.0372,3.0382,3.0357,3.0372,3.0422,3.0432,3.0407,3.0422,11
2026-02-23 11:27:00,3.0367,3.0372,3.0357,3.0357,3.0417,3.0422,3.0407,3.0407,8
2026-02-23 11:28:00,3.0362,3.0362,3.0347,3.0357,3.0412,3.0412,3.0397,3.0407,11
2026-02-23 11:29:00,3.0362,3.0362,3.0342,3.0342,3.0412,3.0412,3.0392,3.0392,4
2026-02-23 11:30:00,3.0337,3.0347,3.0332,3.0347,3.0387,3.0397,3.0382,3.0397,8
2026-02-23 11:31:00,3.0337,3.0352,3.0317,3.0317,3.0387,3.0402,3.0367,3.0367,13
2026-02-23 11:32:00,3.0322,3.0327,3.0317,3.0322,3.0372,3.0377,3.0367,3.0372,7
2026-02-23 11:33:00,3.0317,3.0342,3.0307,3.0342,3.0367,3.0392,3.0357,3.0392,11
2026-02-23 11:34:00,3.0337,3.0347,3.0332,3.0337,3.0387,3.0397,3.0382,3.0387,5
2026-02-23 11:35:00,3.0327,3.0332,3.0327,3.0332,3.0377,3.0382,3.0377,3.0382,2
2026-02-23 11:36:00,3.0337,3.0377,3.0332,3.0367,3.0387,3.0427,3.0382,3.0417,15
2026-02-23 11:37:00,3.0372,3.0407,3.0372,3.0402,3.0422,3.0457,3.0422,3.0452,8
2026-02-23 11:38:00,3.0397,3.0417,3.0397,3.0417,3.0447,3.0467,3.0447,3.0467,7
2026-02-23 11:39:00,3.0422,3.0462,3.0422,3.0447,3.0472,3.0512,3.0472,3.0497,19
2026-02-23 11:40:00,3.0452,3.0487,3.0437,3.0447,3.0502,3.0537,3.0487,3.0497,18
2026-02-23 11:41:00,3.0442,3.0442,3.0382,3.0417,3.0492,3.0492,3.0432,3.0467,20
2026-02-23 11:42:00,3.0412,3.0437,3.0407,3.0437,3.0462,3.0487,3.0457,3.0487,6
2026-02-23 11:43:00,3.0452,3.0472,3.0452,3.0472,3.0502,3.0522,3.0502,3.0522,7
2026-02-23 11:44:00,3.0467,3.0472,3.0457,3.0467,3.0517,3.0522,3.0507,3.0517,5
2026-02-23 11:45:00,3.0462,3.0467,3.0447,3.0467,3.0512,3.0517,3.0497,3.0517,11
2026-02-23 11:46:00,3.0462,3.0472,3.0442,3.0447,3.0512,3.0522,3.0492,3.0497,9
2026-02-23 11:47:00,3.0452,3.0477,3.0452,3.0477,3.0502,3.0527,3.0502,3.0527,5
2026-02-23 11:48:00,3.0472,3.0477,3.0457,3.0472,3.0522,3.0527,3.0507,3.0522,5
2026-02-23 11:49:00,3.0477,3.0477,3.0457,3.0477,3.0527,3.0527,3.0507,3.0527,6
2026-02-23 11:50:00,3.0472,3.0482,3.0462,3.0462,3.0522,3.0532,3.0512,3.0512,7
2026-02-23 11:51:00,3.0472,3.0472,3.0472,3.0472,3.0522,3.0522,3.0522,3.0522,1
2026-02-23 11:52:00,3.0477,3.0487,3.0477,3.0477,3.0527,3.0537,3.0527,3.0527,5
2026-02-23 11:53:00,3.0482,3.0507,3.0477,3.0482,3.0532,3.0557,3.0527,3.0532,15
2026-02-23 11:54:00,3.0477,3.0477,3.0467,3.0472,3.0527,3.0527,3.0517,3.0522,4
2026-02-23 11:55:00,3.0467,3.0467,3.0452,3.0452,3.0517,3.0517,3.0502,3.0502,4
2026-02-23 11:56:00,3.0457,3.0467,3.0457,3.0467,3.0507,3.0517,3.0507,3.0517,2
2026-02-23 11:57:00,3.0472,3.0472,3.0462,3.0462,3.0522,3.0522,3.0512,3.0512,9
2026-02-23 11:58:00,3.0467,3.0472,3.0467,3.0472,3.0517,3.0522,3.0517,3.0522,4
2026-02-23 11:59:00,3.0467,3.0477,3.0457,3.0477,3.0517,3.0527,3.0507,3.0527,4
2026-02-23 12:00:00,3.0467,3.0467,3.0367,3.0407,3.0517,3.0517,3.0417,3.0457,33
2026-02-23 12:01:00,3.0397,3.0412,3.0382,3.0412,3.0447,3.0462,3.0432,3.0462,13
2026-02-23 12:02:00,3.0417,3.0417,3.0377,3.0377,3.0467,3.0467,3.0427,3.0427,5
2026-02-23 12:03:00,3.0382,3.0387,3.0367,3.0387,3.0432,3.0437,3.0417,3.0437,10
2026-02-23 12:04:00,3.0392,3.0397,3.0382,3.0387,3.0442,3.0447,3.0432,3.0437,5
2026-02-23 12:05:00,3.0382,3.0397,3.0367,3.0372,3.0432,3.0447,3.0417,3.0422,12
2026-02-23 12:06:00,3.0382,3.0407,3.0382,3.0397,3.0432,3.0457,3.0432,3.0447,10
2026-02-23 12:07:00,3.0392,3.0392,3.0372,3.0377,3.0442,3.0442,3.0422,3.0427,4
2026-02-23 12:08:00,3.0387,3.0387,3.0377,3.0387,3.0437,3.0437,3.0427,3.0437,3
2026-02-23 12:09:00,3.0377,3.0447,3.0377,3.0437,3.0427,3.0497,3.0427,3.0487,15
2026-02-23 12:10:00,3.0442,3.0447,3.0442,3.0447,3.0492,3.0497,3.0492,3.0497,2
2026-02-23 12:11:00,3.0437,3.0447,3.0437,3.0447,3.0487,3.0497,3.0487,3.0497,4
2026-02-23 12:12:00,3.0442,3.0442,3.0427,3.0437,3.0492,3.0492,3.0477,3.0487,7
2026-02-23 12:13:00,3.0442,3.0447,3.0407,3.0417,3.0492,3.0497,3.0457,3.0467,12
2026-02-23 12:14:00,3.0407,3.0417,3.0382,3.0382,3.0457,3.0467,3.0432,3.0432,9
2026-02-23 12:15:00,3.0377,3.0377,3.0352,3.0372,3.0427,3.0427,3.0402,3.0422,21
2026-02-23 12:16:00,3.0367,3.0382,3.0367,3.0377,3.0417,3.0432,3.0417,3.0427,5
2026-02-23 12:17:00,3.0382,3.0382,3.0327,3.0337,3.0432,3.0432,3.0377,3.0387,13
2026-02-23 12:18:00,3.0342,3.0392,3.0342,3.0392,3.0392,3.0442,3.0392,3.0442,10
2026-02-23 12:19:00,3.0397,3.0397,3.0382,3.0392,3.0447,3.0447,3.0432,3.0442,4
2026-02-23 12:20:00,3.0387,3.0387,3.0377,3.0387,3.0437,3.0437,3.0427,3.0437,6
2026-02-23 12:21:00,3.0392,3.0392,3.0392,3.0392,3.0442,3.0442,3.0442,3.0442,1
2026-02-23 12:22:00,3.0382,3.0382,3.0382,3.0382,3.0432,3.0432,3.0432,3.0432,1
2026-02-23 12:23:00,3.0387,3.0387,3.0387,3.0387,3.0437,3.0437,3.0437,3.0437,1
2026-02-23 12:24:00,3.0382,3.0417,3.0377,3.0417,3.0432,3.0467,3.0427,3.0467,9
2026-02-23 12:26:00,3.0427,3.0427,3.0417,3.0417,3.0477,3.0477,3.0467,3.0467,3
2026-02-23 12:27:00,3.0407,3.0427,3.0407,3.0417,3.0457,3.0477,3.0457,3.0467,10
2026-02-23 12:28:00,3.0427,3.0437,3.0427,3.0437,3.0477,3.0487,3.0477,3.0487,6
2026-02-23 12:29:00,3.0427,3.0437,3.0427,3.0437,3.0477,3.0487,3.0477,3.0487,2
2026-02-23 12:30:00,3.0432,3.0437,3.0427,3.0437,3.0482,3.0487,3.0477,3.0487,4
2026-02-23 12:31:00,3.0427,3.0427,3.0427,3.0427,3.0477,3.0477,3.0477,3.0477,1
2026-02-23 12:32:00,3.0432,3.0452,3.0432,3.0447,3.0482,3.0502,3.0482,3.0497,5
2026-02-23 12:33:00,3.0452,3.0472,3.0447,3.0452,3.0502,3.0522,3.0497,3.0502,11
2026-02-23 12:34:00,3.0447,3.0452,3.0437,3.0442,3.0497,3.0502,3.0487,3.0492,6
2026-02-23 12:35:00,3.0437,3.0462,3.0437,3.0462,3.0487,3.0512,3.0487,3.0512,5
2026-02-23 12:36:00,3.0457,3.0462,3.0417,3.0447,3.0507,3.0512,3.0467,3.0497,9
2026-02-23 12:37:00,3.0457,3.0462,3.0457,3.0462,3.0507,3.0512,3.0507,3.0512,2
2026-02-23 12:39:00,3.0467,3.0467,3.0447,3.0462,3.0517,3.0517,3.0497,3.0512,5
2026-02-23 12:40:00,3.0457,3.0462,3.0457,3.0462,3.0507,3.0512,3.0507,3.0512,2
2026-02-23 12:41:00,3.0467,3.0562,3.0467,3.0557,3.0517,3.0612,3.0517,3.0607,25
2026-02-23 12:42:00,3.0562,3.0577,3.0547,3.0577,3.0612,3.0627,3.0597,3.0627,12
2026-02-23 12:43:00,3.0582,3.0597,3.0582,3.0587,3.0632,3.0647,3.0632,3.0637,6
2026-02-23 12:44:00,3.0577,3.0577,3.0547,3.0557,3.0627,3.0627,3.0597,3.0607,10
2026-02-23 12:45:00,3.0552,3.0552,3.0537,3.0542,3.0602,3.0602,3.0587,3.0592,7
2026-02-23 12:46:00,3.0537,3.0537,3.0497,3.0502,3.0587,3.0587,3.0547,3.0552,7
2026-02-23 12:47:00,3.0507,3.0527,3.0497,3.0527,3.0557,3.0577,3.0547,3.0577,10
2026-02-23 12:48:00,3.0522,3.0542,3.0517,3.0542,3.0572,3.0592,3.0567,3.0592,5
2026-02-23 12:49:00,3.0537,3.0537,3.0487,3.0492,3.0587,3.0587,3.0537,3.0542,12
2026-02-23 12:50:00,3.0497,3.0537,3.0482,3.0537,3.0547,3.0587,3.0532,3.0587,25
2026-02-23 12:51:00,3.0542,3.0552,3.0542,3.0552,3.0592,3.0602,3.0592,3.0602,7
2026-02-23 12:52:00,3.0557,3.0577,3.0547,3.0577,3.0607,3.0627,3.0597,3.0627,7
2026-02-23 12:53:00,3.0587,3.0587,3.0567,3.0572,3.0637,3.0637,3.0617,3.0622,7
2026-02-23 12:54:00,3.0577,3.0582,3.0572,3.0582,3.0627,3.0632,3.0622,3.0632,6
2026-02-23 12:55:00,3.0592,3.0597,3.0572,3.0592,3.0642,3.0647,3.0622,3.0642,8
2026-02-23 12:56:00,3.0577,3.0582,3.0567,3.0582,3.0627,3.0632,3.0617,3.0632,4
2026-02-23 12:57:00,3.0577,3.0607,3.0577,3.0607,3.0627,3.0657,3.0627,3.0657,14
2026-02-23 12:58:00,3.0597,3.0597,3.0557,3.0572,3.0647,3.0647,3.0607,3.0622,20
2026-02-23 12:59:00,3.0567,3.0577,3.0537,3.0562,3.0617,3.0627,3.0587,3.0612,16
2026-02-23 13:00:00,3.0567,3.0582,3.0547,3.0577,3.0617,3.0632,3.0597,3.0627,23
2026-02-23 13:01:00,3.0582,3.0617,3.0572,3.0617,3.0632,3.0667,3.0622,3.0667,16
2026-02-23 13:02:00,3.0622,3.0637,3.0617,3.0637,3.0672,3.0687,3.0667,3.0687,9
2026-02-23 13:03:00,3.0642,3.0642,3.0617,3.0627,3.0692,3.0692,3.0667,3.0677,7
2026-02-23 13:04:00,3.0622,3.0632,3.0617,3.0632,3.0672,3.0682,3.0667,3.0682,4
2026-02-23 13:05:00,3.0627,3.0637,3.0607,3.0632,3.0677,3.0687,3.0657,3.0682,11
2026-02-23 13:06:00,3.0627,3.0637,3.0592,3.0637,3.0677,3.0687,3.0642,3.0687,14
2026-02-23 13:07:00,3.0627,3.0637,3.0627,3.0632,3.0677,3.0687,3.0677,3.0682,10
2026-02-23 13:08:00,3.0637,3.0702,3.0627,3.0697,3.0687,3.0752,3.0677,3.0747,15
2026-02-23 13:09:00,3.0687,3.0707,3.0687,3.0697,3.0737,3.0757,3.0737,3.0747,18
2026-02-23 13:10:00,3.0702,3.0707,3.0667,3.0677,3.0752,3.0757,3.0717,3.0727,19
2026-02-23 13:11:00,3.0672,3.0672,3.0627,3.0642,3.0722,3.0722,3.0677,3.0692,15
2026-02-23 13:12:00,3.0637,3.0642,3.0607,3.0637,3.0687,3.0692,3.0657,3.0687,12
2026-02-23 13:13:00,3.0642,3.0652,3.0607,3.0647,3.0692,3.0702,3.0657,3.0697,29
2026-02-23 13:14:00,3.0637,3.0677,3.0637,3.0667,3.0687,3.0727,3.0687,3.0717,11
2026-02-23 13:15:00,3.0672,3.0697,3.0672,3.0677,3.0722,3.0747,3.0722,3.0727,18
2026-02-23 13:16:00,3.0672,3.0797,3.0657,3.0787,3.0722,3.0847,3.0707,3.0837,53
2026-02-23 13:17:00,3.0792,3.0797,3.0757,3.0767,3.0842,3.0847,3.0807,3.0817,24
2026-02-23 13:18:00,3.0762,3.0777,3.0752,3.0767,3.0812,3.0827,3.0802,3.0817,13
2026-02-23 13:19:00,3.0762,3.0797,3.0757,3.0792,3.0812,3.0847,3.0807,3.0842,29
2026-02-23 13:20:00,3.0787,3.0787,3.0737,3.0737,3.0837,3.0837,3.0787,3.0787,20
2026-02-23 13:21:00,3.0727,3.0727,3.0607,3.0652,3.0777,3.0777,3.0657,3.0702,54
2026-02-23 13:22:00,3.0647,3.0647,3.0607,3.0622,3.0697,3.0697,3.0657,3.0672,16
2026-02-23 13:23:00,3.0627,3.0662,3.0577,3.0647,3.0677,3.0712,3.0627,3.0697,27
2026-02-23 13:24:00,3.0637,3.0697,3.0637,3.0697,3.0687,3.0747,3.0687,3.0747,28
2026-02-23 13:25:00,3.0692,3.0697,3.0657,3.0687,3.0742,3.0747,3.0707,3.0737,16
2026-02-23 13:26:00,3.0682,3.0692,3.0627,3.0642,3.0732,3.0742,3.0677,3.0692,25
2026-02-23 13:27:00,3.0637,3.0637,3.0607,3.0627,3.0687,3.0687,3.0657,3.0677,13
2026-02-23 13:28:00,3.0617,3.0677,3.0617,3.0677,3.0667,3.0727,3.0667,3.0727,19
2026-02-23 13:29:00,3.0682,3.0712,3.0682,3.0707,3.0732,3.0762,3.0732,3.0757,10
2026-02-23 13:30:00,3.0702,3.0702,3.0667,3.0667,3.0752,3.0752,3.0717,3.0717,14
2026-02-23 13:31:00,3.0657,3.0682,3.0647,3.0652,3.0707,3.0732,3.0697,3.0702,31
2026-02-23 13:32:00,3.0647,3.0677,3.0637,3.0652,3.0697,3.0727,3.0687,3.0702,17
2026-02-23 13:33:00,3.0657,3.0687,3.0647,3.0677,3.0707,3.0737,3.0697,3.0727,13
2026-02-23 13:34:00,3.0672,3.0697,3.0667,3.0687,3.0722,3.0747,3.0717,3.0737,14
2026-02-23 13:35:00,3.0692,3.0707,3.0687,3.0707,3.0742,3.0757,3.0737,3.0757,6
2026-02-23 13:36:00,3.0697,3.0697,3.0662,3.0677,3.0747,3.0747,3.0712,3.0727,7
2026-02-23 13:37:00,3.0687,3.0717,3.0667,3.0667,3.0737,3.0767,3.0717,3.0717,20
2026-02-23 13:38:00,3.0672,3.0672,3.0622,3.0637,3.0722,3.0722,3.0672,3.0687,18
2026-02-23 13:39:00,3.0647,3.0682,3.0637,3.0682,3.0697,3.0732,3.0687,3.0732,20
2026-02-23 13:40:00,3.0687,3.0687,3.0667,3.0667,3.0737,3.0737,3.0717,3.0717,10
2026-02-23 13:41:00,3.0677,3.0677,3.0607,3.0627,3.0727,3.0727,3.0657,3.0677,15
2026-02-23 13:42:00,3.0617,3.0627,3.0547,3.0582,3.0667,3.0677,3.0597,3.0632,30
2026-02-23 13:43:00,3.0577,3.0577,3.0467,3.0487,3.0627,3.0627,3.0517,3.0537,44
2026-02-23 13:44:00,3.0492,3.0517,3.0477,3.0487,3.0542,3.0567,3.0527,3.0537,13
2026-02-23 13:45:00,3.0482,3.0517,3.0457,3.0512,3.0532,3.0567,3.0507,3.0562,29
2026-02-23 13:46:00,3.0517,3.0527,3.0487,3.0497,3.0567,3.0577,3.0537,3.0547,9
2026-02-23 13:47:00,3.0507,3.0512,3.0497,3.0502,3.0557,3.0562,3.0547,3.0552,6
2026-02-23 13:48:00,3.0507,3.0507,3.0487,3.0492,3.0557,3.0557,3.0537,3.0542,4
2026-02-23 13:49:00,3.0497,3.0507,3.0412,3.0417,3.0547,3.0557,3.0462,3.0467,19
2026-02-23 13:50:00,3.0427,3.0447,3.0417,3.0437,3.0477,3.0497,3.0467,3.0487,8
2026-02-23 13:51:00,3.0442,3.0442,3.0412,3.0437,3.0492,3.0492,3.0462,3.0487,10
2026-02-23 13:52:00,3.0442,3.0477,3.0427,3.0467,3.0492,3.0527,3.0477,3.0517,14
2026-02-23 13:53:00,3.0472,3.0497,3.0447,3.0492,3.0522,3.0547,3.0497,3.0542,19
2026-02-23 13:54:00,3.0482,3.0487,3.0462,3.0467,3.0532,3.0537,3.0512,3.0517,12
2026-02-23 13:55:00,3.0462,3.0467,3.0457,3.0467,3.0512,3.0517,3.0507,3.0517,7
2026-02-23 13:56:00,3.0462,3.0522,3.0457,3.0487,3.0512,3.0572,3.0507,3.0537,17
2026-02-23 13:57:00,3.0492,3.0507,3.0477,3.0507,3.0542,3.0557,3.0527,3.0557,23
2026-02-23 13:58:00,3.0502,3.0537,3.0497,3.0517,3.0552,3.0587,3.0547,3.0567,8
2026-02-23 13:59:00,3.0522,3.0537,3.0502,3.0502,3.0572,3.0587,3.0552,3.0552,17
2026-02-23 14:00:00,3.0497,3.0542,3.0462,3.0542,3.0547,3.0592,3.0512,3.0592,39
2026-02-23 14:01:00,3.0552,3.0557,3.0517,3.0557,3.0602,3.0607,3.0567,3.0607,29
2026-02-23 14:02:00,3.0567,3.0642,3.0547,3.0637,3.0617,3.0692,3.0597,3.0687,33
2026-02-23 14:03:00,3.0627,3.0642,3.0492,3.0522,3.0677,3.0692,3.0542,3.0572,46
2026-02-23 14:04:00,3.0517,3.0517,3.0487,3.0507,3.0567,3.0567,3.0537,3.0557,12
2026-02-23 14:05:00,3.0517,3.0577,3.0517,3.0577,3.0567,3.0627,3.0567,3.0627,22
2026-02-23 14:06:00,3.0567,3.0617,3.0547,3.0617,3.0617,3.0667,3.0597,3.0667,31
2026-02-23 14:07:00,3.0622,3.0637,3.0612,3.0612,3.0672,3.0687,3.0662,3.0662,13
2026-02-23 14:08:00,3.0607,3.0632,3.0572,3.0582,3.0657,3.0682,3.0622,3.0632,19
2026-02-23 14:09:00,3.0587,3.0617,3.0577,3.0607,3.0637,3.0667,3.0627,3.0657,20
2026-02-23 14:10:00,3.0617,3.0647,3.0617,3.0637,3.0667,3.0697,3.0667,3.0687,13
2026-02-23 14:11:00,3.0632,3.0632,3.0607,3.0627,3.0682,3.0682,3.0657,3.0677,9
2026-02-23 14:12:00,3.0632,3.0637,3.0587,3.0632,3.0682,3.0687,3.0637,3.0682,21
2026-02-23 14:13:00,3.0627,3.0627,3.0537,3.0557,3.0677,3.0677,3.0587,3.0607,31
2026-02-23 14:14:00,3.0552,3.0567,3.0537,3.0537,3.0602,3.0617,3.0587,3.0587,21
2026-02-23 14:15:00,3.0552,3.0572,3.0547,3.0552,3.0602,3.0622,3.0597,3.0602,20
2026-02-23 14:16:00,3.0547,3.0572,3.0537,3.0572,3.0597,3.0622,3.0587,3.0622,28
2026-02-23 14:17:00,3.0577,3.0577,3.0537,3.0537,3.0627,3.0627,3.0587,3.0587,26
2026-02-23 14:18:00,3.0532,3.0582,3.0532,3.0572,3.0582,3.0632,3.0582,3.0622,18
2026-02-23 14:19:00,3.0552,3.0552,3.0457,3.0462,3.0602,3.0602,3.0507,3.0512,29
2026-02-23 14:20:00,3.0467,3.0527,3.0447,3.0527,3.0517,3.0577,3.0497,3.0577,29
2026-02-23 14:21:00,3.0522,3.0607,3.0522,3.0587,3.0572,3.0657,3.0572,3.0637,22
2026-02-23 14:22:00,3.0577,3.0607,3.0577,3.0582,3.0627,3.0657,3.0627,3.0632,10
2026-02-23 14:23:00,3.0587,3.0687,3.0562,3.0612,3.0637,3.0737,3.0612,3.0662,46
2026-02-23 14:24:00,3.0617,3.0662,3.0572,3.0597,3.0667,3.0712,3.0622,3.0647,27
2026-02-23 14:25:00,3.0602,3.0627,3.0587,3.0607,3.0652,3.0677,3.0637,3.0657,21
2026-02-23 14:26:00,3.0602,3.0627,3.0597,3.0597,3.0652,3.0677,3.0647,3.0647,9
2026-02-23 14:27:00,3.0587,3.0607,3.0497,3.0517,3.0637,3.0657,3.0547,3.0567,33
2026-02-23 14:28:00,3.0507,3.0517,3.0467,3.0472,3.0557,3.0567,3.0517,3.0522,30
2026-02-23 14:29:00,3.0467,3.0527,3.0442,3.0507,3.0517,3.0577,3.0492,3.0557,31
2026-02-23 14:30:00,3.0512,3.0532,3.0477,3.0477,3.0562,3.0582,3.0527,3.0527,28
2026-02-23 14:31:00,3.0482,3.0482,3.0357,3.0367,3.0532,3.0532,3.0407,3.0417,54
2026-02-23 14:32:00,3.0372,3.0397,3.0372,3.0392,3.0422,3.0447,3.0422,3.0442,15
2026-02-23 14:33:00,3.0387,3.0397,3.0367,3.0377,3.0437,3.0447,3.0417,3.0427,24
2026-02-23 14:34:00,3.0382,3.0387,3.0287,3.0302,3.0432,3.0437,3.0337,3.0352,39
2026-02-23 14:35:00,3.0312,3.0342,3.0287,3.0297,3.0362,3.0392,3.0337,3.0347,46
2026-02-23 14:36:00,3.0287,3.0317,3.0167,3.0177,3.0337,3.0367,3.0217,3.0227,59
2026-02-23 14:37:00,3.0172,3.0207,3.0167,3.0172,3.0222,3.0257,3.0217,3.0222,32
2026-02-23 14:38:00,3.0177,3.0217,3.0172,3.0182,3.0227,3.0267,3.0222,3.0232,42
2026-02-23 14:39:00,3.0187,3.0217,3.0177,3.0207,3.0237,3.0267,3.0227,3.0257,30
2026-02-23 14:40:00,3.0202,3.0207,3.0177,3.0187,3.0252,3.0257,3.0227,3.0237,43
2026-02-23 14:41:00,3.0192,3.0197,3.0152,3.0157,3.0242,3.0247,3.0202,3.0207,44
2026-02-23 14:42:00,3.0152,3.0152,3.0117,3.0127,3.0202,3.0202,3.0167,3.0177,20
2026-02-23 14:43:00,3.0117,3.0202,3.0117,3.0157,3.0167,3.0252,3.0167,3.0207,43
2026-02-23 14:44:00,3.0147,3.0182,3.0147,3.0177,3.0197,3.0232,3.0197,3.0227,26
2026-02-23 14:45:00,3.0167,3.0222,3.0167,3.0222,3.0217,3.0272,3.0217,3.0272,21
2026-02-23 14:46:00,3.0217,3.0227,3.0187,3.0202,3.0267,3.0277,3.0237,3.0252,26
2026-02-23 14:47:00,3.0197,3.0202,3.0157,3.0177,3.0247,3.0252,3.0207,3.0227,23
2026-02-23 14:48:00,3.0187,3.0197,3.0167,3.0177,3.0237,3.0247,3.0217,3.0227,26
2026-02-23 14:49:00,3.0172,3.0187,3.0167,3.0177,3.0222,3.0237,3.0217,3.0227,16
2026-02-23 14:50:00,3.0172,3.0197,3.0167,3.0167,3.0222,3.0247,3.0217,3.0217,31
2026-02-23 14:51:00,3.0177,3.0177,3.0147,3.0167,3.0227,3.0227,3.0197,3.0217,10
2026-02-23 14:52:00,3.0157,3.0187,3.0147,3.0152,3.0207,3.0237,3.0197,3.0202,36
2026-02-23 14:53:00,3.0157,3.0257,3.0157,3.0237,3.0207,3.0307,3.0207,3.0287,27
2026-02-23 14:54:00,3.0242,3.0302,3.0237,3.0287,3.0292,3.0352,3.0287,3.0337,69
2026-02-23 14:55:00,3.0297,3.0297,3.0227,3.0242,3.0347,3.0347,3.0277,3.0292,50
2026-02-23 14:56:00,3.0237,3.0257,3.0207,3.0227,3.0287,3.0307,3.0257,3.0277,26
2026-02-23 14:57:00,3.0222,3.0232,3.0177,3.0202,3.0272,3.0282,3.0227,3.0252,37
2026-02-23 14:58:00,3.0207,3.0207,3.0187,3.0187,3.0257,3.0257,3.0237,3.0237,16
2026-02-23 14:59:00,3.0182,3.0182,3.0087,3.0092,3.0232,3.0232,3.0137,3.0142,24
2026-02-23 15:00:00,3.0102,3.0197,3.0067,3.0087,3.0152,3.0247,3.0117,3.0137,85
2026-02-23 15:01:00,3.0077,3.0077,3.0017,3.0032,3.0127,3.0127,3.0067,3.0082,42
2026-02-23 15:02:00,3.0037,3.0042,2.9997,3.0027,3.0087,3.0092,3.0047,3.0077,30
2026-02-23 15:03:00,3.0037,3.0117,3.0037,3.0107,3.0087,3.0167,3.0087,3.0157,48
2026-02-23 15:04:00,3.0102,3.0147,3.0102,3.0147,3.0152,3.0197,3.0152,3.0197,22
2026-02-23 15:05:00,3.0137,3.0277,3.0077,3.0252,3.0187,3.0327,3.0127,3.0302,70
2026-02-23 15:06:00,3.0257,3.0357,3.0257,3.0357,3.0307,3.0407,3.0307,3.0407,46
2026-02-23 15:07:00,3.0362,3.0387,3.0352,3.0377,3.0412,3.0437,3.0402,3.0427,22
2026-02-23 15:08:00,3.0367,3.0397,3.0317,3.0317,3.0417,3.0447,3.0367,3.0367,34
2026-02-23 15:09:00,3.0312,3.0347,3.0287,3.0332,3.0362,3.0397,3.0337,3.0382,39
2026-02-23 15:10:00,3.0322,3.0322,3.0187,3.0197,3.0372,3.0372,3.0237,3.0247,50
2026-02-23 15:11:00,3.0187,3.0197,3.0137,3.0147,3.0237,3.0247,3.0187,3.0197,24
2026-02-23 15:12:00,3.0137,3.0147,3.0082,3.0087,3.0187,3.0197,3.0132,3.0137,48
2026-02-23 15:13:00,3.0097,3.0097,3.0017,3.0027,3.0147,3.0147,3.0067,3.0077,41
2026-02-23 15:14:00,3.0022,3.0027,2.9967,2.9992,3.0072,3.0077,3.0017,3.0042,42
2026-02-23 15:15:00,2.9997,3.0117,2.9997,3.0117,3.0047,3.0167,3.0047,3.0167,34
2026-02-23 15:16:00,3.0112,3.0137,3.0067,3.0072,3.0162,3.0187,3.0117,3.0122,33
2026-02-23 15:17:00,3.0067,3.0097,3.0062,3.0092,3.0117,3.0147,3.0112,3.0142,26
2026-02-23 15:18:00,3.0087,3.0087,2.9997,3.0007,3.0137,3.0137,3.0047,3.0057,25
2026-02-23 15:19:00,3.0002,3.0047,2.9982,2.9997,3.0052,3.0097,3.0032,3.0047,65
2026-02-23 15:20:00,3.0007,3.0042,2.9987,3.0042,3.0057,3.0092,3.0037,3.0092,32
2026-02-23 15:21:00,3.0047,3.0057,2.9997,3.0002,3.0097,3.0107,3.0047,3.0052,30
2026-02-23 15:22:00,2.9997,3.0017,2.9982,3.0017,3.0047,3.0067,3.0032,3.0067,21
2026-02-23 15:23:00,3.0012,3.0037,2.9997,3.0017,3.0062,3.0087,3.0047,3.0067,29
2026-02-23 15:24:00,3.0027,3.0097,3.0022,3.0062,3.0077,3.0147,3.0072,3.0112,35
2026-02-23 15:25:00,3.0067,3.0067,2.9957,2.9972,3.0117,3.0117,3.0007,3.0022,62
2026-02-23 15:26:00,2.9967,2.9987,2.9927,2.9947,3.0017,3.0037,2.9977,2.9997,39
2026-02-23 15:27:00,2.9957,3.0007,2.9942,3.0007,3.0007,3.0057,2.9992,3.0057,27
2026-02-23 15:28:00,3.0012,3.0077,3.0012,3.0067,3.0062,3.0127,3.0062,3.0117,20
2026-02-23 15:29:00,3.0062,3.0067,2.9997,3.0032,3.0112,3.0117,3.0047,3.0082,57
2026-02-23 15:30:00,3.0037,3.0072,3.0012,3.0037,3.0087,3.0122,3.0062,3.0087,44
2026-02-23 15:31:00,3.0042,3.0077,3.0017,3.0077,3.0092,3.0127,3.0067,3.0127,42
2026-02-23 15:32:00,3.0082,3.0127,3.0077,3.0087,3.0132,3.0177,3.0127,3.0137,63
2026-02-23 15:33:00,3.0097,3.0097,2.9967,2.9977,3.0147,3.0147,3.0017,3.0027,50
2026-02-23 15:34:00,2.9982,3.0012,2.9942,2.9977,3.0032,3.0062,2.9992,3.0027,80
2026-02-23 15:35:00,2.9982,3.0027,2.9917,2.9927,3.0032,3.0077,2.9967,2.9977,57
2026-02-23 15:36:00,2.9937,2.9977,2.9922,2.9957,2.9987,3.0027,2.9972,3.0007,40
2026-02-23 15:37:00,2.9947,2.9967,2.9937,2.9942,2.9997,3.0017,2.9987,2.9992,36
2026-02-23 15:38:00,2.9937,2.9967,2.9927,2.9957,2.9987,3.0017,2.9977,3.0007,25
2026-02-23 15:39:00,2.9962,2.9977,2.9937,2.9957,3.0012,3.0027,2.9987,3.0007,29
2026-02-23 15:40:00,2.9962,3.0047,2.9947,3.0037,3.0012,3.0097,2.9997,3.0087,43
2026-02-23 15:41:00,3.0032,3.0067,3.0017,3.0047,3.0082,3.0117,3.0067,3.0097,47
2026-02-23 15:42:00,3.0052,3.0067,3.0007,3.0027,3.0102,3.0117,3.0057,3.0077,40
2026-02-23 15:43:00,3.0037,3.0047,3.0007,3.0042,3.0087,3.0097,3.0057,3.0092,25
2026-02-23 15:44:00,3.0032,3.0047,3.0007,3.0037,3.0082,3.0097,3.0057,3.0087,25
2026-02-23 15:45:00,3.0027,3.0047,2.9997,3.0037,3.0077,3.0097,3.0047,3.0087,29
2026-02-23 15:46:00,3.0032,3.0087,3.0027,3.0077,3.0082,3.0137,3.0077,3.0127,51
2026-02-23 15:47:00,3.0082,3.0087,3.0067,3.0087,3.0132,3.0137,3.0117,3.0137,27
2026-02-23 15:48:00,3.0082,3.0132,2.9997,3.0047,3.0132,3.0182,3.0047,3.0097,69
2026-02-23 15:49:00,3.0037,3.0072,3.0017,3.0047,3.0087,3.0122,3.0067,3.0097,33
2026-02-23 15:50:00,3.0042,3.0137,3.0017,3.0127,3.0092,3.0187,3.0067,3.0177,61
2026-02-23 15:51:00,3.0132,3.0147,3.0087,3.0087,3.0182,3.0197,3.0137,3.0137,27
2026-02-23 15:52:00,3.0077,3.0082,3.0042,3.0047,3.0127,3.0132,3.0092,3.0097,46
2026-02-23 15:53:00,3.0052,3.0077,3.0037,3.0067,3.0102,3.0127,3.0087,3.0117,26
2026-02-23 15:54:00,3.0057,3.0107,3.0042,3.0097,3.0107,3.0157,3.0092,3.0147,34
2026-02-23 15:55:00,3.0092,3.0092,3.0067,3.0087,3.0142,3.0142,3.0117,3.0137,7
2026-02-23 15:56:00,3.0092,3.0117,3.0077,3.0107,3.0142,3.0167,3.0127,3.0157,21
2026-02-23 15:57:00,3.0097,3.0137,3.0092,3.0102,3.0147,3.0187,3.0142,3.0152,30
2026-02-23 15:58:00,3.0107,3.0147,3.0107,3.0117,3.0157,3.0197,3.0157,3.0167,21
2026-02-23 15:59:00,3.0112,3.0142,3.0107,3.0132,3.0162,3.0192,3.0157,3.0182,15
2026-02-23 16:00:00,3.0127,3.0137,3.0097,3.0097,3.0177,3.0187,3.0147,3.0147,40
2026-02-23 16:01:00,3.0102,3.0122,3.0027,3.0042,3.0152,3.0172,3.0077,3.0092,37
2026-02-23 16:02:00,3.0037,3.0067,3.0007,3.0057,3.0087,3.0117,3.0057,3.0107,20
2026-02-23 16:03:00,3.0052,3.0052,3.0007,3.0007,3.0102,3.0102,3.0057,3.0057,30
2026-02-23 16:04:00,3.0012,3.0027,2.9992,2.9997,3.0062,3.0077,3.0042,3.0047,29
2026-02-23 16:05:00,2.9987,3.0027,2.9977,3.0027,3.0037,3.0077,3.0027,3.0077,28
2026-02-23 16:06:00,3.0022,3.0037,3.0017,3.0027,3.0072,3.0087,3.0067,3.0077,14
2026-02-23 16:07:00,3.0037,3.0077,3.0017,3.0072,3.0087,3.0127,3.0067,3.0122,15
2026-02-23 16:08:00,3.0067,3.0177,3.0057,3.0177,3.0117,3.0227,3.0107,3.0227,32
2026-02-23 16:09:00,3.0182,3.0187,3.0167,3.0167,3.0232,3.0237,3.0217,3.0217,10
2026-02-23 16:10:00,3.0177,3.0177,3.0107,3.0107,3.0227,3.0227,3.0157,3.0157,24
2026-02-23 16:11:00,3.0117,3.0117,3.0077,3.0077,3.0167,3.0167,3.0127,3.0127,10
2026-02-23 16:12:00,3.0082,3.0087,3.0057,3.0072,3.0132,3.0137,3.0107,3.0122,11
2026-02-23 16:13:00,3.0067,3.0067,3.0037,3.0042,3.0117,3.0117,3.0087,3.0092,18
2026-02-23 16:14:00,3.0047,3.0047,3.0017,3.0037,3.0097,3.0097,3.0067,3.0087,24
2026-02-23 16:15:00,3.0042,3.0077,3.0032,3.0032,3.0092,3.0127,3.0082,3.0082,36
2026-02-23 16:16:00,3.0027,3.0027,2.9947,2.9947,3.0077,3.0077,2.9997,2.9997,53
2026-02-23 16:17:00,2.9942,2.9942,2.9847,2.9847,2.9992,2.9992,2.9897,2.9897,41
2026-02-23 16:18:00,2.9837,2.9887,2.9827,2.9862,2.9887,2.9937,2.9877,2.9912,39
2026-02-23 16:19:00,2.9857,2.9907,2.9847,2.9887,2.9907,2.9957,2.9897,2.9937,27
2026-02-23 16:20:00,2.9897,2.9917,2.9877,2.9917,2.9947,2.9967,2.9927,2.9967,22
2026-02-23 16:21:00,2.9912,2.9947,2.9887,2.9897,2.9962,2.9997,2.9937,2.9947,24
2026-02-23 16:22:00,2.9902,2.9912,2.9877,2.9897,2.9952,2.9962,2.9927,2.9947,22
2026-02-23 16:23:00,2.9902,2.9967,2.9902,2.9962,2.9952,3.0017,2.9952,3.0012,18
2026-02-23 16:24:00,2.9967,2.9997,2.9927,2.9967,3.0017,3.0047,2.9977,3.0017,42
2026-02-23 16:25:00,2.9972,3.0017,2.9967,3.0007,3.0022,3.0067,3.0017,3.0057,27
2026-02-23 16:26:00,3.0012,3.0137,3.0012,3.0117,3.0062,3.0187,3.0062,3.0167,60
2026-02-23 16:27:00,3.0112,3.0157,3.0112,3.0152,3.0162,3.0207,3.0162,3.0202,24
2026-02-23 16:28:00,3.0147,3.0202,3.0147,3.0157,3.0197,3.0252,3.0197,3.0207,30
2026-02-23 16:29:00,3.0152,3.0187,3.0137,3.0177,3.0202,3.0237,3.0187,3.0227,23
2026-02-23 16:30:00,3.0182,3.0197,3.0107,3.0117,3.0232,3.0247,3.0157,3.0167,33
2026-02-23 16:31:00,3.0112,3.0112,3.0067,3.0087,3.0162,3.0162,3.0117,3.0137,19
2026-02-23 16:32:00,3.0097,3.0107,3.0017,3.0057,3.0147,3.0157,3.0067,3.0107,43
2026-02-23 16:33:00,3.0052,3.0067,3.0007,3.0017,3.0102,3.0117,3.0057,3.0067,34
2026-02-23 16:34:00,3.0027,3.0057,3.0007,3.0037,3.0077,3.0107,3.0057,3.0087,28
2026-02-23 16:35:00,3.0032,3.0087,3.0027,3.0077,3.0082,3.0137,3.0077,3.0127,18
2026-02-23 16:36:00,3.0082,3.0112,3.0057,3.0067,3.0132,3.0162,3.0107,3.0117,27
2026-02-23 16:37:00,3.0057,3.0057,3.0012,3.0027,3.0107,3.0107,3.0062,3.0077,16
2026-02-23 16:38:00,3.0037,3.0077,3.0027,3.0037,3.0087,3.0127,3.0077,3.0087,29
2026-02-23 16:39:00,3.0042,3.0087,3.0042,3.0047,3.0092,3.0137,3.0092,3.0097,21
2026-02-23 16:40:00,3.0042,3.0047,2.9937,2.9987,3.0092,3.0097,2.9987,3.0037,37
2026-02-23 16:41:00,2.9997,3.0047,2.9977,3.0042,3.0047,3.0097,3.0027,3.0092,28
2026-02-23 16:42:00,3.0047,3.0077,2.9997,3.0007,3.0097,3.0127,3.0047,3.0057,37
2026-02-23 16:43:00,3.0017,3.0027,2.9927,2.9947,3.0067,3.0077,2.9977,2.9997,17
2026-02-23 16:44:00,2.9952,2.9962,2.9917,2.9917,3.0002,3.0012,2.9967,2.9967,22
2026-02-23 16:45:00,2.9922,2.9927,2.9847,2.9857,2.9972,2.9977,2.9897,2.9907,46
2026-02-23 16:46:00,2.9862,2.9867,2.9782,2.9797,2.9912,2.9917,2.9832,2.9847,54
2026-02-23 16:47:00,2.9792,2.9817,2.9767,2.9767,2.9842,2.9867,2.9817,2.9817,38
2026-02-23 16:48:00,2.9757,2.9797,2.9747,2.9797,2.9807,2.9847,2.9797,2.9847,31
2026-02-23 16:49:00,2.9792,2.9812,2.9787,2.9792,2.9842,2.9862,2.9837,2.9842,34
2026-02-23 16:50:00,2.9797,2.9857,2.9777,2.9857,2.9847,2.9907,2.9827,2.9907,33
2026-02-23 16:51:00,2.9867,2.9867,2.9837,2.9837,2.9917,2.9917,2.9887,2.9887,22
2026-02-23 16:52:00,2.9842,2.9847,2.9717,2.9767,2.9892,2.9897,2.9767,2.9817,58
2026-02-23 16:53:00,2.9777,2.9797,2.9767,2.9777,2.9827,2.9847,2.9817,2.9827,25
2026-02-23 16:54:00,2.9772,2.9807,2.9767,2.9807,2.9822,2.9857,2.9817,2.9857,15
2026-02-23 16:55:00,2.9812,2.9842,2.9797,2.9812,2.9862,2.9892,2.9847,2.9862,27
2026-02-23 16:56:00,2.9822,2.9892,2.9782,2.9867,2.9872,2.9942,2.9832,2.9917,41
2026-02-23 16:57:00,2.9862,2.9862,2.9822,2.9847,2.9912,2.9912,2.9872,2.9897,48
2026-02-23 16:58:00,2.9877,2.9887,2.9867,2.9867,2.9927,2.9937,2.9917,2.9917,20
2026-02-23 16:59:00,2.9862,2.9867,2.9837,2.9837,2.9912,2.9917,2.9887,2.9887,27
2026-02-23 17:00:00,2.9832,2.9937,2.9832,2.9927,2.9882,2.9987,2.9882,2.9977,38
2026-02-23 17:01:00,2.9922,2.9922,2.9857,2.9857,2.9972,2.9972,2.9907,2.9907,31
2026-02-23 17:02:00,2.9852,2.9887,2.9837,2.9877,2.9902,2.9937,2.9887,2.9927,32
2026-02-23 17:03:00,2.9872,2.9877,2.9842,2.9842,2.9922,2.9927,2.9892,2.9892,20
2026-02-23 17:04:00,2.9837,2.9867,2.9827,2.9842,2.9887,2.9917,2.9877,2.9892,20
2026-02-23 17:05:00,2.9837,2.9857,2.9807,2.9857,2.9887,2.9907,2.9857,2.9907,17
2026-02-23 17:06:00,2.9867,2.9877,2.9837,2.9847,2.9917,2.9927,2.9887,2.9897,18
2026-02-23 17:07:00,2.9842,2.9857,2.9812,2.9812,2.9892,2.9907,2.9862,2.9862,17
2026-02-23 17:08:00,2.9817,2.9827,2.9797,2.9817,2.9867,2.9877,2.9847,2.9867,18
2026-02-23 17:09:00,2.9812,2.9817,2.9757,2.9772,2.9862,2.9867,2.9807,2.9822,19
2026-02-23 17:10:00,2.9777,2.9817,2.9772,2.9817,2.9827,2.9867,2.9822,2.9867,25
2026-02-23 17:11:00,2.9807,2.9837,2.9802,2.9802,2.9857,2.9887,2.9852,2.9852,13
2026-02-23 17:12:00,2.9797,2.9797,2.9772,2.9777,2.9847,2.9847,2.9822,2.9827,7
2026-02-23 17:13:00,2.9772,2.9797,2.9767,2.9767,2.9822,2.9847,2.9817,2.9817,17
2026-02-23 17:14:00,2.9772,2.9787,2.9772,2.9787,2.9822,2.9837,2.9822,2.9837,5
2026-02-23 17:15:00,2.9792,2.9807,2.9752,2.9767,2.9842,2.9857,2.9802,2.9817,38
2026-02-23 17:16:00,2.9757,2.9807,2.9757,2.9797,2.9807,2.9857,2.9807,2.9847,20
2026-02-23 17:17:00,2.9807,2.9837,2.9787,2.9827,2.9857,2.9887,2.9837,2.9877,18
2026-02-23 17:18:00,2.9832,2.9877,2.9832,2.9857,2.9882,2.9927,2.9882,2.9907,33
2026-02-23 17:19:00,2.9847,2.9857,2.9822,2.9857,2.9897,2.9907,2.9872,2.9907,13
2026-02-23 17:20:00,2.9867,2.9887,2.9857,2.9887,2.9917,2.9937,2.9907,2.9937,46
2026-02-23 17:21:00,2.9892,2.9932,2.9887,2.9897,2.9942,2.9982,2.9937,2.9947,26
2026-02-23 17:22:00,2.9892,2.9897,2.9807,2.9807,2.9942,2.9947,2.9857,2.9857,29
2026-02-23 17:23:00,2.9817,2.9852,2.9797,2.9837,2.9867,2.9902,2.9847,2.9887,33
2026-02-23 17:24:00,2.9842,2.9867,2.9827,2.9857,2.9892,2.9917,2.9877,2.9907,33
2026-02-23 17:25:00,2.9852,2.9907,2.9842,2.9907,2.9902,2.9957,2.9892,2.9957,39
2026-02-23 17:26:00,2.9897,2.9897,2.9827,2.9847,2.9947,2.9947,2.9877,2.9897,30
2026-02-23 17:27:00,2.9852,2.9852,2.9817,2.9827,2.9902,2.9902,2.9867,2.9877,24
2026-02-23 17:28:00,2.9832,2.9832,2.9802,2.9802,2.9882,2.9882,2.9852,2.9852,12
2026-02-23 17:29:00,2.9807,2.9807,2.9627,2.9627,2.9857,2.9857,2.9677,2.9677,81
2026-02-23 17:30:00,2.9617,2.9647,2.9562,2.9577,2.9667,2.9697,2.9612,2.9627,61
2026-02-23 17:31:00,2.9587,2.9592,2.9537,2.9567,2.9637,2.9642,2.9587,2.9617,51
2026-02-23 17:32:00,2.9572,2.9577,2.9537,2.9552,2.9622,2.9627,2.9587,2.9602,32
2026-02-23 17:33:00,2.9547,2.9597,2.9537,2.9587,2.9597,2.9647,2.9587,2.9637,26
2026-02-23 17:34:00,2.9592,2.9647,2.9587,2.9647,2.9642,2.9697,2.9637,2.9697,37
2026-02-23 17:35:00,2.9637,2.9657,2.9617,2.9647,2.9687,2.9707,2.9667,2.9697,47
2026-02-23 17:36:00,2.9657,2.9687,2.9597,2.9637,2.9707,2.9737,2.9647,2.9687,36
2026-02-23 17:37:00,2.9647,2.9667,2.9627,2.9657,2.9697,2.9717,2.9677,2.9707,27
2026-02-23 17:38:00,2.9652,2.9652,2.9632,2.9647,2.9702,2.9702,2.9682,2.9697,12
2026-02-23 17:39:00,2.9642,2.9657,2.9637,2.9647,2.9692,2.9707,2.9687,2.9697,14
2026-02-23 17:40:00,2.9642,2.9652,2.9567,2.9587,2.9692,2.9702,2.9617,2.9637,36
2026-02-23 17:41:00,2.9582,2.9597,2.9572,2.9587,2.9632,2.9647,2.9622,2.9637,14
2026-02-23 17:42:00,2.9597,2.9597,2.9567,2.9577,2.9647,2.9647,2.9617,2.9627,11
2026-02-23 17:43:00,2.9572,2.9577,2.9537,2.9557,2.9622,2.9627,2.9587,2.9607,22
2026-02-23 17:44:00,2.9552,2.9557,2.9497,2.9542,2.9602,2.9607,2.9547,2.9592,38
2026-02-23 17:45:00,2.9532,2.9532,2.9507,2.9517,2.9582,2.9582,2.9557,2.9567,34
2026-02-23 17:46:00,2.9512,2.9592,2.9512,2.9587,2.9562,2.9642,2.9562,2.9637,23
2026-02-23 17:47:00,2.9582,2.9582,2.9567,2.9577,2.9632,2.9632,2.9617,2.9627,10
2026-02-23 17:48:00,2.9587,2.9587,2.9567,2.9577,2.9637,2.9637,2.9617,2.9627,9
2026-02-23 17:49:00,2.9572,2.9592,2.9567,2.9567,2.9622,2.9642,2.9617,2.9617,14
2026-02-23 17:50:00,2.9557,2.9597,2.9557,2.9587,2.9607,2.9647,2.9607,2.9637,15
2026-02-23 17:51:00,2.9582,2.9582,2.9557,2.9562,2.9632,2.9632,2.9607,2.9612,16
2026-02-23 17:52:00,2.9557,2.9567,2.9542,2.9567,2.9607,2.9617,2.9592,2.9617,16
2026-02-23 17:53:00,2.9572,2.9607,2.9572,2.9587,2.9622,2.9657,2.9622,2.9637,17
2026-02-23 17:54:00,2.9577,2.9612,2.9562,2.9567,2.9627,2.9662,2.9612,2.9617,21
2026-02-23 17:55:00,2.9562,2.9567,2.9562,2.9567,2.9612,2.9617,2.9612,2.9617,4
2026-02-23 17:56:00,2.9577,2.9587,2.9567,2.9577,2.9627,2.9637,2.9617,2.9627,18
2026-02-23 17:57:00,2.9592,2.9607,2.9567,2.9567,2.9642,2.9657,2.9617,2.9617,16
2026-02-23 17:58:00,2.9557,2.9567,2.9537,2.9557,2.9607,2.9617,2.9587,2.9607,15
2026-02-23 17:59:00,2.9562,2.9587,2.9542,2.9557,2.9612,2.9637,2.9592,2.9607,15
2026-02-23 18:00:00,2.9552,2.9597,2.9552,2.9587,2.9602,2.9647,2.9602,2.9637,21
2026-02-23 18:01:00,2.9582,2.9627,2.9582,2.9627,2.9632,2.9677,2.9632,2.9677,16
2026-02-23 18:02:00,2.9622,2.9622,2.9572,2.9597,2.9672,2.9672,2.9622,2.9647,20
2026-02-23 18:03:00,2.9547,2.9567,2.9537,2.9562,2.9597,2.9617,2.9587,2.9612,14
2026-02-23 18:04:00,2.9557,2.9597,2.9557,2.9587,2.9607,2.9647,2.9607,2.9637,16
2026-02-23 18:05:00,2.9582,2.9582,2.9542,2.9567,2.9632,2.9632,2.9592,2.9617,26
2026-02-23 18:06:00,2.9557,2.9567,2.9547,2.9557,2.9607,2.9617,2.9597,2.9607,19
2026-02-23 18:07:00,2.9547,2.9557,2.9537,2.9537,2.9597,2.9607,2.9587,2.9587,10
2026-02-23 18:08:00,2.9527,2.9582,2.9527,2.9567,2.9577,2.9632,2.9577,2.9617,25
2026-02-23 18:09:00,2.9572,2.9587,2.9567,2.9587,2.9622,2.9637,2.9617,2.9637,14
2026-02-23 18:10:00,2.9592,2.9652,2.9592,2.9627,2.9642,2.9702,2.9642,2.9677,26
2026-02-23 18:11:00,2.9617,2.9627,2.9612,2.9627,2.9667,2.9677,2.9662,2.9677,8
2026-02-23 18:12:00,2.9632,2.9657,2.9607,2.9607,2.9682,2.9707,2.9657,2.9657,18
2026-02-23 18:13:00,2.9602,2.9627,2.9597,2.9627,2.9652,2.9677,2.9647,2.9677,11
2026-02-23 18:14:00,2.9637,2.9687,2.9637,2.9672,2.9687,2.9737,2.9687,2.9722,24
2026-02-23 18:15:00,2.9667,2.9692,2.9667,2.9677,2.9717,2.9742,2.9717,2.9727,18
2026-02-23 18:16:00,2.9672,2.9672,2.9627,2.9637,2.9722,2.9722,2.9677,2.9687,36
2026-02-23 18:17:00,2.9632,2.9637,2.9617,2.9627,2.9682,2.9687,2.9667,2.9677,15
2026-02-23 18:18:00,2.9632,2.9637,2.9577,2.9577,2.9682,2.9687,2.9627,2.9627,15
2026-02-23 18:19:00,2.9572,2.9572,2.9537,2.9542,2.9622,2.9622,2.9587,2.9592,14
2026-02-23 18:20:00,2.9547,2.9587,2.9547,2.9567,2.9597,2.9637,2.9597,2.9617,12
2026-02-23 18:21:00,2.9577,2.9577,2.9567,2.9577,2.9627,2.9627,2.9617,2.9627,4
2026-02-23 18:22:00,2.9582,2.9587,2.9577,2.9587,2.9632,2.9637,2.9627,2.9637,12
2026-02-23 18:23:00,2.9577,2.9577,2.9497,2.9497,2.9627,2.9627,2.9547,2.9547,21
2026-02-23 18:24:00,2.9487,2.9557,2.9487,2.9537,2.9537,2.9607,2.9537,2.9587,21
2026-02-23 18:25:00,2.9532,2.9567,2.9527,2.9547,2.9582,2.9617,2.9577,2.9597,24
2026-02-23 18:26:00,2.9542,2.9542,2.9512,2.9517,2.9592,2.9592,2.9562,2.9567,14
2026-02-23 18:27:00,2.9507,2.9507,2.9452,2.9482,2.9557,2.9557,2.9502,2.9532,33
2026-02-23 18:28:00,2.9472,2.9497,2.9472,2.9497,2.9522,2.9547,2.9522,2.9547,14
2026-02-23 18:29:00,2.9492,2.9517,2.9487,2.9507,2.9542,2.9567,2.9537,2.9557,12
2026-02-23 18:30:00,2.9512,2.9537,2.9507,2.9532,2.9562,2.9587,2.9557,2.9582,21
2026-02-23 18:31:00,2.9527,2.9537,2.9512,2.9537,2.9577,2.9587,2.9562,2.9587,10
2026-02-23 18:32:00,2.9547,2.9577,2.9527,2.9527,2.9597,2.9627,2.9577,2.9577,15
2026-02-23 18:33:00,2.9537,2.9542,2.9527,2.9537,2.9587,2.9592,2.9577,2.9587,5
2026-02-23 18:34:00,2.9532,2.9537,2.9507,2.9507,2.9582,2.9587,2.9557,2.9557,8
2026-02-23 18:35:00,2.9497,2.9507,2.9487,2.9507,2.9547,2.9557,2.9537,2.9557,19
2026-02-23 18:36:00,2.9512,2.9527,2.9507,2.9517,2.9562,2.9577,2.9557,2.9567,13
2026-02-23 18:37:00,2.9522,2.9537,2.9517,2.9537,2.9572,2.9587,2.9567,2.9587,10
2026-02-23 18:38:00,2.9542,2.9557,2.9527,2.9527,2.9592,2.9607,2.9577,2.9577,12
2026-02-23 18:39:00,2.9537,2.9542,2.9527,2.9537,2.9587,2.9592,2.9577,2.9587,11
2026-02-23 18:40:00,2.9532,2.9537,2.9527,2.9537,2.9582,2.9587,2.9577,2.9587,12
2026-02-23 18:41:00,2.9527,2.9537,2.9517,2.9532,2.9577,2.9587,2.9567,2.9582,6
2026-02-23 18:42:00,2.9527,2.9547,2.9512,2.9512,2.9577,2.9597,2.9562,2.9562,27
2026-02-23 18:43:00,2.9517,2.9517,2.9467,2.9482,2.9567,2.9567,2.9517,2.9532,30
2026-02-23 18:44:00,2.9477,2.9487,2.9467,2.9482,2.9527,2.9537,2.9517,2.9532,11
2026-02-23 18:45:00,2.9487,2.9527,2.9477,2.9507,2.9537,2.9577,2.9527,2.9557,38
2026-02-23 18:46:00,2.9502,2.9527,2.9477,2.9487,2.9552,2.9577,2.9527,2.9537,34
2026-02-23 18:47:00,2.9477,2.9487,2.9467,2.9487,2.9527,2.9537,2.9517,2.9537,31
2026-02-23 18:48:00,2.9497,2.9547,2.9477,2.9517,2.9547,2.9597,2.9527,2.9567,30
2026-02-23 18:49:00,2.9512,2.9512,2.9437,2.9452,2.9562,2.9562,2.9487,2.9502,21
2026-02-23 18:50:00,2.9442,2.9497,2.9437,2.9477,2.9492,2.9547,2.9487,2.9527,24
2026-02-23 18:51:00,2.9482,2.9487,2.9482,2.9487,2.9532,2.9537,2.9532,2.9537,2
2026-02-23 18:52:00,2.9482,2.9542,2.9467,2.9542,2.9532,2.9592,2.9517,2.9592,26
2026-02-23 18:53:00,2.9547,2.9567,2.9527,2.9537,2.9597,2.9617,2.9577,2.9587,22
2026-02-23 18:54:00,2.9527,2.9557,2.9497,2.9507,2.9577,2.9607,2.9547,2.9557,26
2026-02-23 18:55:00,2.9512,2.9517,2.9477,2.9487,2.9562,2.9567,2.9527,2.9537,13
2026-02-23 18:56:00,2.9467,2.9477,2.9392,2.9422,2.9517,2.9527,2.9442,2.9472,60
2026-02-23 18:57:00,2.9417,2.9447,2.9417,2.9437,2.9467,2.9497,2.9467,2.9487,15
2026-02-23 18:58:00,2.9447,2.9457,2.9387,2.9397,2.9497,2.9507,2.9437,2.9447,20
2026-02-23 18:59:00,2.9402,2.9427,2.9387,2.9412,2.9452,2.9477,2.9437,2.9462,19
2026-02-23 19:00:00,2.9407,2.9407,2.9337,2.9342,2.9457,2.9457,2.9387,2.9392,48
2026-02-23 19:01:00,2.9347,2.9367,2.9317,2.9347,2.9397,2.9417,2.9367,2.9397,39
2026-02-23 19:02:00,2.9342,2.9387,2.9327,2.9352,2.9392,2.9437,2.9377,2.9402,25
2026-02-23 19:03:00,2.9362,2.9367,2.9322,2.9347,2.9412,2.9417,2.9372,2.9397,40
2026-02-23 19:04:00,2.9352,2.9387,2.9347,2.9377,2.9402,2.9437,2.9397,2.9427,12
2026-02-23 19:05:00,2.9367,2.9372,2.9312,2.9327,2.9417,2.9422,2.9362,2.9377,44
2026-02-23 19:06:00,2.9317,2.9367,2.9307,2.9367,2.9367,2.9417,2.9357,2.9417,26
2026-02-23 19:07:00,2.9372,2.9382,2.9317,2.9317,2.9422,2.9432,2.9367,2.9367,21
2026-02-23 19:08:00,2.9322,2.9327,2.9297,2.9317,2.9372,2.9377,2.9347,2.9367,18
2026-02-23 19:09:00,2.9307,2.9317,2.9257,2.9277,2.9357,2.9367,2.9307,2.9327,42
2026-02-23 19:10:00,2.9282,2.9297,2.9267,2.9267,2.9332,2.9347,2.9317,2.9317,14
2026-02-23 19:11:00,2.9272,2.9287,2.9272,2.9277,2.9322,2.9337,2.9322,2.9327,11
2026-02-23 19:12:00,2.9287,2.9292,2.9267,2.9277,2.9337,2.9342,2.9317,2.9327,12
2026-02-23 19:13:00,2.9272,2.9337,2.9257,2.9327,2.9322,2.9387,2.9307,2.9377,23
2026-02-23 19:14:00,2.9322,2.9332,2.9292,2.9307,2.9372,2.9382,2.9342,2.9357,16
2026-02-23 19:15:00,2.9312,2.9322,2.9227,2.9242,2.9362,2.9372,2.9277,2.9292,25
2026-02-23 19:16:00,2.9247,2.9287,2.9242,2.9277,2.9297,2.9337,2.9292,2.9327,30
2026-02-23 19:17:00,2.9282,2.9287,2.9237,2.9257,2.9332,2.9337,2.9287,2.9307,25
2026-02-23 19:18:00,2.9262,2.9327,2.9257,2.9302,2.9312,2.9377,2.9307,2.9352,40
2026-02-23 19:19:00,2.9307,2.9307,2.9277,2.9297,2.9357,2.9357,2.9327,2.9347,10
2026-02-23 19:20:00,2.9292,2.9327,2.9292,2.9307,2.9342,2.9377,2.9342,2.9357,15
2026-02-23 19:21:00,2.9302,2.9322,2.9262,2.9267,2.9352,2.9372,2.9312,2.9317,27
2026-02-23 19:22:00,2.9277,2.9287,2.9272,2.9277,2.9327,2.9337,2.9322,2.9327,10
2026-02-23 19:23:00,2.9247,2.9247,2.9197,2.9217,2.9297,2.9297,2.9247,2.9267,25
2026-02-23 19:24:00,2.9222,2.9247,2.9222,2.9237,2.9272,2.9297,2.9272,2.9287,24
2026-02-23 19:25:00,2.9227,2.9247,2.9217,2.9247,2.9277,2.9297,2.9267,2.9297,17
2026-02-23 19:26:00,2.9252,2.9267,2.9237,2.9252,2.9302,2.9317,2.9287,2.9302,25
2026-02-23 19:27:00,2.9257,2.9332,2.9247,2.9322,2.9307,2.9382,2.9297,2.9372,24
2026-02-23 19:28:00,2.9327,2.9337,2.9297,2.9297,2.9377,2.9387,2.9347,2.9347,17
2026-02-23 19:29:00,2.9292,2.9332,2.9282,2.9282,2.9342,2.9382,2.9332,2.9332,18
2026-02-23 19:30:00,2.9277,2.9292,2.9247,2.9287,2.9327,2.9342,2.9297,2.9337,34
2026-02-23 19:31:00,2.9297,2.9307,2.9287,2.9297,2.9347,2.9357,2.9337,2.9347,19
2026-02-23 19:32:00,2.9292,2.9307,2.9247,2.9267,2.9342,2.9357,2.9297,2.9317,33
2026-02-23 19:33:00,2.9257,2.9267,2.9237,2.9267,2.9307,2.9317,2.9287,2.9317,32
2026-02-23 19:34:00,2.9257,2.9277,2.9247,2.9257,2.9307,2.9327,2.9297,2.9307,12
2026-02-23 19:35:00,2.9247,2.9277,2.9227,2.9227,2.9297,2.9327,2.9277,2.9277,30
2026-02-23 19:36:00,2.9232,2.9247,2.9227,2.9237,2.9282,2.9297,2.9277,2.9287,38
2026-02-23 19:37:00,2.9247,2.9257,2.9242,2.9247,2.9297,2.9307,2.9292,2.9297,7
2026-02-23 19:38:00,2.9257,2.9257,2.9227,2.9247,2.9307,2.9307,2.9277,2.9297,15
2026-02-23 19:39:00,2.9257,2.9277,2.9247,2.9272,2.9307,2.9327,2.9297,2.9322,12
2026-02-23 19:40:00,2.9277,2.9322,2.9247,2.9282,2.9327,2.9372,2.9297,2.9332,36
2026-02-23 19:41:00,2.9277,2.9277,2.9217,2.9227,2.9327,2.9327,2.9267,2.9277,22
2026-02-23 19:42:00,2.9217,2.9227,2.9187,2.9207,2.9267,2.9277,2.9237,2.9257,32
2026-02-23 19:43:00,2.9212,2.9217,2.9187,2.9212,2.9262,2.9267,2.9237,2.9262,27
2026-02-23 19:44:00,2.9217,2.9227,2.9197,2.9222,2.9267,2.9277,2.9247,2.9272,14
2026-02-23 19:45:00,2.9227,2.9227,2.9187,2.9187,2.9277,2.9277,2.9237,2.9237,23
2026-02-23 19:46:00,2.9197,2.9222,2.9197,2.9197,2.9247,2.9272,2.9247,2.9247,23
2026-02-23 19:47:00,2.9207,2.9207,2.9197,2.9202,2.9257,2.9257,2.9247,2.9252,12
2026-02-23 19:48:00,2.9207,2.9207,2.9197,2.9207,2.9257,2.9257,2.9247,2.9257,9
2026-02-23 19:49:00,2.9212,2.9217,2.9192,2.9192,2.9262,2.9267,2.9242,2.9242,7
2026-02-23 19:50:00,2.9197,2.9207,2.9187,2.9207,2.9247,2.9257,2.9237,2.9257,13
2026-02-23 19:51:00,2.9197,2.9207,2.9192,2.9197,2.9247,2.9257,2.9242,2.9247,15
2026-02-23 19:52:00,2.9187,2.9227,2.9187,2.9207,2.9237,2.9277,2.9237,2.9257,17
2026-02-23 19:53:00,2.9202,2.9217,2.9197,2.9207,2.9252,2.9267,2.9247,2.9257,22
2026-02-23 19:54:00,2.9202,2.9207,2.9187,2.9192,2.9252,2.9257,2.9237,2.9242,9
2026-02-23 19:55:00,2.9197,2.9197,2.9182,2.9187,2.9247,2.9247,2.9232,2.9237,7
2026-02-23 19:56:00,2.9182,2.9227,2.9182,2.9217,2.9232,2.9277,2.9232,2.9267,20
2026-02-23 19:57:00,2.9212,2.9217,2.9177,2.9177,2.9262,2.9267,2.9227,2.9227,19
2026-02-23 19:58:00,2.9182,2.9187,2.9167,2.9177,2.9232,2.9237,2.9217,2.9227,13
2026-02-23 19:59:00,2.9172,2.9177,2.9167,2.9177,2.9222,2.9227,2.9217,2.9227,9
2026-02-23 20:00:00,2.9167,2.9237,2.9167,2.9227,2.9217,2.9287,2.9217,2.9277,23
2026-02-23 20:01:00,2.9222,2.9227,2.9177,2.9177,2.9272,2.9277,2.9227,2.9227,15
2026-02-23 20:02:00,2.9167,2.9187,2.9162,2.9187,2.9217,2.9237,2.9212,2.9237,8
2026-02-23 20:03:00,2.9182,2.9227,2.9177,2.9207,2.9232,2.9277,2.9227,2.9257,22
2026-02-23 20:04:00,2.9202,2.9202,2.9192,2.9197,2.9252,2.9252,2.9242,2.9247,4
2026-02-23 20:05:00,2.9187,2.9187,2.9167,2.9177,2.9237,2.9237,2.9217,2.9227,13
2026-02-23 20:06:00,2.9187,2.9217,2.9177,2.9207,2.9237,2.9267,2.9227,2.9257,12
2026-02-23 20:07:00,2.9197,2.9227,2.9197,2.9217,2.9247,2.9277,2.9247,2.9267,14
2026-02-23 20:08:00,2.9207,2.9222,2.9202,2.9207,2.9257,2.9272,2.9252,2.9257,13
2026-02-23 20:09:00,2.9217,2.9217,2.9187,2.9197,2.9267,2.9267,2.9237,2.9247,10
2026-02-23 20:10:00,2.9202,2.9207,2.9192,2.9197,2.9252,2.9257,2.9242,2.9247,5
2026-02-23 20:11:00,2.9207,2.9237,2.9207,2.9237,2.9257,2.9287,2.9257,2.9287,9
2026-02-23 20:12:00,2.9232,2.9267,2.9227,2.9267,2.9282,2.9317,2.9277,2.9317,7
2026-02-23 20:13:00,2.9277,2.9292,2.9267,2.9277,2.9327,2.9342,2.9317,2.9327,12
2026-02-23 20:14:00,2.9272,2.9277,2.9267,2.9272,2.9322,2.9327,2.9317,2.9322,12
2026-02-23 20:15:00,2.9262,2.9287,2.9262,2.9277,2.9312,2.9337,2.9312,2.9327,21
2026-02-23 20:16:00,2.9282,2.9287,2.9257,2.9257,2.9332,2.9337,2.9307,2.9307,15
2026-02-23 20:17:00,2.9252,2.9252,2.9227,2.9232,2.9302,2.9302,2.9277,2.9282,9
2026-02-23 20:18:00,2.9227,2.9237,2.9227,2.9227,2.9277,2.9287,2.9277,2.9277,12
2026-02-23 20:19:00,2.9222,2.9222,2.9202,2.9202,2.9272,2.9272,2.9252,2.9252,7
2026-02-23 20:20:00,2.9207,2.9207,2.9177,2.9192,2.9257,2.9257,2.9227,2.9242,23
2026-02-23 20:21:00,2.9187,2.9197,2.9167,2.9182,2.9237,2.9247,2.9217,2.9232,22
2026-02-23 20:22:00,2.9187,2.9197,2.9167,2.9177,2.9237,2.9247,2.9217,2.9227,32
2026-02-23 20:23:00,2.9187,2.9217,2.9187,2.9187,2.9237,2.9267,2.9237,2.9237,11
2026-02-23 20:24:00,2.9192,2.9227,2.9192,2.9192,2.9242,2.9277,2.9242,2.9242,13
2026-02-23 20:25:00,2.9207,2.9212,2.9177,2.9182,2.9257,2.9262,2.9227,2.9232,22
2026-02-23 20:26:00,2.9187,2.9247,2.9182,2.9227,2.9237,2.9297,2.9232,2.9277,24
2026-02-23 20:27:00,2.9222,2.9257,2.9222,2.9257,2.9272,2.9307,2.9272,2.9307,19
2026-02-23 20:28:00,2.9262,2.9267,2.9177,2.9207,2.9312,2.9317,2.9227,2.9257,106
2026-02-23 20:29:00,2.9212,2.9267,2.9197,2.9267,2.9262,2.9317,2.9247,2.9317,43
2026-02-23 20:30:00,2.9257,2.9287,2.9247,2.9287,2.9307,2.9337,2.9297,2.9337,28
2026-02-23 20:31:00,2.9297,2.9297,2.9257,2.9287,2.9347,2.9347,2.9307,2.9337,14
2026-02-23 20:32:00,2.9282,2.9287,2.9277,2.9287,2.9332,2.9337,2.9327,2.9337,5
2026-02-23 20:33:00,2.9277,2.9287,2.9257,2.9267,2.9327,2.9337,2.9307,2.9317,11
2026-02-23 20:34:00,2.9272,2.9277,2.9267,2.9277,2.9322,2.9327,2.9317,2.9327,12
2026-02-23 20:35:00,2.9267,2.9277,2.9257,2.9267,2.9317,2.9327,2.9307,2.9317,24
2026-02-23 20:36:00,2.9277,2.9277,2.9262,2.9267,2.9327,2.9327,2.9312,2.9317,15
2026-02-23 20:37:00,2.9257,2.9287,2.9257,2.9277,2.9307,2.9337,2.9307,2.9327,16
2026-02-23 20:38:00,2.9282,2.9287,2.9267,2.9272,2.9332,2.9337,2.9317,2.9322,11
2026-02-23 20:39:00,2.9267,2.9267,2.9237,2.9237,2.9317,2.9317,2.9287,2.9287,26
2026-02-23 20:40:00,2.9232,2.9257,2.9227,2.9247,2.9282,2.9307,2.9277,2.9297,14
2026-02-23 20:41:00,2.9237,2.9277,2.9227,2.9257,2.9287,2.9327,2.9277,2.9307,21
2026-02-23 20:42:00,2.9252,2.9267,2.9247,2.9267,2.9302,2.9317,2.9297,2.9317,15
2026-02-23 20:43:00,2.9272,2.9272,2.9272,2.9272,2.9322,2.9322,2.9322,2.9322,1
2026-02-23 20:44:00,2.9267,2.9277,2.9262,2.9267,2.9317,2.9327,2.9312,2.9317,10
2026-02-23 20:45:00,2.9262,2.9267,2.9257,2.9267,2.9312,2.9317,2.9307,2.9317,5
2026-02-23 20:46:00,2.9262,2.9277,2.9257,2.9277,2.9312,2.9327,2.9307,2.9327,7
2026-02-23 20:47:00,2.9282,2.9287,2.9277,2.9277,2.9332,2.9337,2.9327,2.9327,12
2026-02-23 20:48:00,2.9272,2.9277,2.9257,2.9277,2.9322,2.9327,2.9307,2.9327,7
2026-02-23 20:50:00,2.9282,2.9287,2.9277,2.9277,2.9332,2.9337,2.9327,2.9327,8
2026-02-23 20:51:00,2.9272,2.9287,2.9272,2.9277,2.9322,2.9337,2.9322,2.9327,15
2026-02-23 20:52:00,2.9282,2.9287,2.9277,2.9277,2.9332,2.9337,2.9327,2.9327,18
2026-02-23 20:53:00,2.9287,2.9302,2.9277,2.9287,2.9337,2.9352,2.9327,2.9337,19
2026-02-23 20:54:00,2.9277,2.9287,2.9277,2.9282,2.9327,2.9337,2.9327,2.9332,5
2026-02-23 20:55:00,2.9277,2.9282,2.9267,2.9267,2.9327,2.9332,2.9317,2.9317,4
2026-02-23 20:56:00,2.9257,2.9267,2.9257,2.9267,2.9307,2.9317,2.9307,2.9317,6
2026-02-23 20:57:00,2.9262,2.9277,2.9257,2.9267,2.9312,2.9327,2.9307,2.9317,22
2026-02-23 20:58:00,2.9262,2.9272,2.9262,2.9267,2.9312,2.9322,2.9312,2.9317,6
2026-02-23 20:59:00,2.9272,2.9272,2.9267,2.9267,2.9322,2.9322,2.9317,2.9317,2
2026-02-23 21:00:00,2.9262,2.9277,2.9237,2.9277,2.9312,2.9327,2.9287,2.9327,21
2026-02-23 21:01:00,2.9267,2.9267,2.9267,2.9267,2.9317,2.9317,2.9317,2.9317,1
2026-02-23 21:02:00,2.9262,2.9267,2.9247,2.9257,2.9312,2.9317,2.9297,2.9307,10
2026-02-23 21:03:00,2.9247,2.9257,2.9247,2.9247,2.9297,2.9307,2.9297,2.9297,8
2026-02-23 21:04:00,2.9257,2.9257,2.9227,2.9237,2.9307,2.9307,2.9277,2.9287,12
2026-02-23 21:05:00,2.9242,2.9257,2.9237,2.9247,2.9292,2.9307,2.9287,2.9297,7
2026-02-23 21:06:00,2.9257,2.9277,2.9257,2.9267,2.9307,2.9327,2.9307,2.9317,4
2026-02-23 21:07:00,2.9262,2.9262,2.9247,2.9257,2.9312,2.9312,2.9297,2.9307,5
2026-02-23 21:08:00,2.9262,2.9267,2.9247,2.9257,2.9312,2.9317,2.9297,2.9307,7
2026-02-23 21:09:00,2.9267,2.9267,2.9257,2.9257,2.9317,2.9317,2.9307,2.9307,3
2026-02-23 21:10:00,2.9262,2.9267,2.9257,2.9267,2.9312,2.9317,2.9307,2.9317,6
2026-02-23 21:11:00,2.9262,2.9267,2.9237,2.9247,2.9312,2.9317,2.9287,2.9297,14
2026-02-23 21:12:00,2.9242,2.9247,2.9242,2.9247,2.9292,2.9297,2.9292,2.9297,4
2026-02-23 21:13:00,2.9237,2.9247,2.9237,2.9247,2.9287,2.9297,2.9287,2.9297,2
2026-02-23 21:15:00,2.9242,2.9242,2.9217,2.9237,2.9292,2.9292,2.9267,2.9287,11
2026-02-23 21:16:00,2.9232,2.9247,2.9227,2.9247,2.9282,2.9297,2.9277,2.9297,11
2026-02-23 21:17:00,2.9242,2.9247,2.9242,2.9247,2.9292,2.9297,2.9292,2.9297,4
2026-02-23 21:18:00,2.9242,2.9242,2.9207,2.9207,2.9292,2.9292,2.9257,2.9257,7
2026-02-23 21:19:00,2.9212,2.9227,2.9207,2.9217,2.9262,2.9277,2.9257,2.9267,10
2026-02-23 21:20:00,2.9212,2.9227,2.9212,2.9217,2.9262,2.9277,2.9262,2.9267,8
2026-02-23 21:21:00,2.9222,2.9227,2.9217,2.9217,2.9272,2.9277,2.9267,2.9267,5
2026-02-23 21:22:00,2.9207,2.9217,2.9207,2.9212,2.9257,2.9267,2.9257,2.9262,3
2026-02-23 21:23:00,2.9217,2.9227,2.9217,2.9227,2.9267,2.9277,2.9267,2.9277,4
2026-02-23 21:25:00,2.9237,2.9237,2.9217,2.9217,2.9287,2.9287,2.9267,2.9267,6
2026-02-23 21:26:00,2.9207,2.9207,2.9187,2.9187,2.9257,2.9257,2.9237,2.9237,10
2026-02-23 21:27:00,2.9182,2.9187,2.9182,2.9187,2.9232,2.9237,2.9232,2.9237,2
2026-02-23 21:28:00,2.9182,2.9187,2.9177,2.9187,2.9232,2.9237,2.9227,2.9237,3
2026-02-23 21:29:00,2.9197,2.9207,2.9187,2.9197,2.9247,2.9257,2.9237,2.9247,11
2026-02-23 21:30:00,2.9192,2.9207,2.9192,2.9207,2.9242,2.9257,2.9242,2.9257,6
2026-02-23 21:31:00,2.9202,2.9222,2.9197,2.9217,2.9252,2.9272,2.9247,2.9267,6
2026-02-23 21:33:00,2.9227,2.9237,2.9212,2.9222,2.9277,2.9287,2.9262,2.9272,15
2026-02-23 21:34:00,2.9212,2.9237,2.9212,2.9237,2.9262,2.9287,2.9262,2.9287,9
2026-02-23 21:35:00,2.9232,2.9232,2.9217,2.9217,2.9282,2.9282,2.9267,2.9267,8
2026-02-23 21:36:00,2.9212,2.9217,2.9207,2.9207,2.9262,2.9267,2.9257,2.9257,4
2026-02-23 21:37:00,2.9202,2.9207,2.9187,2.9197,2.9252,2.9257,2.9237,2.9247,8
2026-02-23 21:38:00,2.9192,2.9192,2.9182,2.9182,2.9242,2.9242,2.9232,2.9232,4
2026-02-23 21:39:00,2.9177,2.9187,2.9177,2.9187,2.9227,2.9237,2.9227,2.9237,9
2026-02-23 21:40:00,2.9192,2.9192,2.9177,2.9187,2.9242,2.9242,2.9227,2.9237,5
2026-02-23 21:41:00,2.9182,2.9182,2.9182,2.9182,2.9232,2.9232,2.9232,2.9232,1
2026-02-23 21:42:00,2.9177,2.9177,2.9177,2.9177,2.9227,2.9227,2.9227,2.9227,1
2026-02-23 21:43:00,2.9172,2.9177,2.9167,2.9177,2.9222,2.9227,2.9217,2.9227,4
2026-02-23 21:44:00,2.9182,2.9182,2.9167,2.9167,2.9232,2.9232,2.9217,2.9217,7
2026-02-23 21:47:00,2.9162,2.9167,2.9157,2.9167,2.9212,2.9217,2.9207,2.9217,3
2026-02-23 21:50:00,2.9177,2.9177,2.9177,2.9177,2.9227,2.9227,2.9227,2.9227,1
2026-02-23 21:51:00,2.9182,2.9187,2.9182,2.9187,2.9232,2.9237,2.9232,2.9237,6
2026-02-23 21:53:00,2.9177,2.9187,2.9177,2.9177,2.9227,2.9237,2.9227,2.9227,3
2026-02-23 21:55:00,2.9182,2.9187,2.9177,2.9177,2.9232,2.9237,2.9227,2.9227,15
2026-02-23 21:56:00,2.9172,2.9172,2.9167,2.9167,2.9222,2.9222,2.9217,2.9217,2
2026-02-23 21:57:00,2.9172,2.9172,2.9157,2.9167,2.9222,2.9222,2.9207,2.9217,19
2026-02-23 21:58:00,2.9162,2.9167,2.9157,2.9162,2.9212,2.9217,2.9207,2.9212,5
2026-02-23 21:59:00,2.9167,2.9177,2.9167,2.9177,2.9217,2.9227,2.9217,2.9227,2
2026-02-23 22:00:00,2.9172,2.9172,2.9167,2.9167,2.9222,2.9222,2.9217,2.9217,2
2026-02-23 22:01:00,2.9177,2.9197,2.9177,2.9192,2.9227,2.9247,2.9227,2.9242,7
2026-02-23 22:02:00,2.9197,2.9197,2.9197,2.9197,2.9247,2.9247,2.9247,2.9247,1
2026-02-23 22:05:00,2.9202,2.9237,2.9202,2.9227,2.9252,2.9287,2.9252,2.9277,7
2026-02-23 22:06:00,2.9237,2.9237,2.9222,2.9227,2.9287,2.9287,2.9272,2.9277,14
2026-02-23 22:08:00,2.9222,2.9222,2.9222,2.9222,2.9272,2.9272,2.9272,2.9272,1
2026-02-23 22:09:00,2.9217,2.9227,2.9202,2.9202,2.9267,2.9277,2.9252,2.9252,12
2026-02-23 22:10:00,2.9197,2.9197,2.9192,2.9192,2.9247,2.9247,2.9242,2.9242,4
2026-02-23 22:11:00,2.9197,2.9197,2.9167,2.9167,2.9247,2.9247,2.9217,2.9217,10
2026-02-23 22:12:00,2.9172,2.9172,2.9147,2.9152,2.9222,2.9222,2.9197,2.9202,13
2026-02-23 22:13:00,2.9147,2.9147,2.9137,2.9147,2.9197,2.9197,2.9187,2.9197,10
2026-02-23 22:14:00,2.9157,2.9177,2.9147,2.9177,2.9207,2.9227,2.9197,2.9227,8
2026-02-23 22:15:00,2.9172,2.9172,2.9167,2.9167,2.9222,2.9222,2.9217,2.9217,2
2026-02-23 22:16:00,2.9172,2.9172,2.9167,2.9167,2.9222,2.9222,2.9217,2.9217,2
2026-02-23 22:17:00,2.9177,2.9177,2.9167,2.9167,2.9227,2.9227,2.9217,2.9217,6
2026-02-23 22:18:00,2.9172,2.9172,2.9167,2.9167,2.9222,2.9222,2.9217,2.9217,2
2026-02-23 22:19:00,2.9177,2.9177,2.9167,2.9167,2.9227,2.9227,2.9217,2.9217,6
2026-02-23 22:20:00,2.9172,2.9177,2.9167,2.9172,2.9222,2.9227,2.9217,2.9222,8
2026-02-23 22:21:00,2.9167,2.9177,2.9167,2.9167,2.9217,2.9227,2.9217,2.9217,6
2026-02-23 22:23:00,2.9157,2.9157,2.9157,2.9157,2.9207,2.9207,2.9207,2.9207,1
2026-02-23 22:24:00,2.9152,2.9157,2.9142,2.9147,2.9202,2.9207,2.9192,2.9197,6
2026-02-23 22:25:00,2.9152,2.9157,2.9147,2.9147,2.9202,2.9207,2.9197,2.9197,7
2026-02-23 22:26:00,2.9142,2.9147,2.9142,2.9147,2.9192,2.9197,2.9192,2.9197,2
2026-02-23 22:27:00,2.9137,2.9147,2.9137,2.9147,2.9187,2.9197,2.9187,2.9197,2
2026-02-23 22:28:00,2.9157,2.9157,2.9137,2.9147,2.9207,2.9207,2.9187,2.9197,5
2026-02-23 22:29:00,2.9157,2.9157,2.9142,2.9142,2.9207,2.9207,2.9192,2.9192,5
2026-02-23 22:30:00,2.9147,2.9147,2.9147,2.9147,2.9197,2.9197,2.9197,2.9197,1
2026-02-23 22:31:00,2.9137,2.9137,2.9137,2.9137,2.9187,2.9187,2.9187,2.9187,1
2026-02-23 22:33:00,2.9142,2.9147,2.9137,2.9147,2.9192,2.9197,2.9187,2.9197,6
2026-02-23 22:35:00,2.9157,2.9157,2.9147,2.9147,2.9207,2.9207,2.9197,2.9197,5
2026-02-23 22:36:00,2.9142,2.9142,2.9142,2.9142,2.9192,2.9192,2.9192,2.9192,1
2026-02-23 22:37:00,2.9147,2.9147,2.9137,2.9147,2.9197,2.9197,2.9187,2.9197,5
2026-02-23 22:38:00,2.9152,2.9157,2.9152,2.9157,2.9202,2.9207,2.9202,2.9207,4
2026-02-23 22:39:00,2.9167,2.9167,2.9157,2.9157,2.9217,2.9217,2.9207,2.9207,2
2026-02-23 22:40:00,2.9162,2.9177,2.9157,2.9157,2.9212,2.9227,2.9207,2.9207,4
2026-02-23 22:41:00,2.9147,2.9147,2.9137,2.9142,2.9197,2.9197,2.9187,2.9192,4
2026-02-23 22:42:00,2.9147,2.9147,2.9142,2.9147,2.9197,2.9197,2.9192,2.9197,3
2026-02-23 22:44:00,2.9142,2.9147,2.9137,2.9137,2.9192,2.9197,2.9187,2.9187,4
2026-02-23 22:45:00,2.9147,2.9147,2.9147,2.9147,2.9197,2.9197,2.9197,2.9197,1
2026-02-23 22:46:00,2.9142,2.9142,2.9142,2.9142,2.9192,2.9192,2.9192,2.9192,1
2026-02-23 22:47:00,2.9147,2.9147,2.9137,2.9137,2.9197,2.9197,2.9187,2.9187,5
2026-02-23 22:48:00,2.9147,2.9147,2.9147,2.9147,2.9197,2.9197,2.9197,2.9197,1
2026-02-23 22:49:00,2.9157,2.9157,2.9147,2.9147,2.9207,2.9207,2.9197,2.9197,2
2026-02-23 22:52:00,2.9142,2.9157,2.9142,2.9147,2.9192,2.9207,2.9192,2.9197,9
2026-02-23 22:53:00,2.9142,2.9147,2.9142,2.9147,2.9192,2.9197,2.9192,2.9197,2
2026-02-23 22:54:00,2.9152,2.9152,2.9137,2.9142,2.9202,2.9202,2.9187,2.9192,5
2026-02-23 22:55:00,2.9137,2.9157,2.9137,2.9152,2.9187,2.9207,2.9187,2.9202,9
2026-02-23 22:56:00,2.9157,2.9157,2.9137,2.9142,2.9207,2.9207,2.9187,2.9192,9
2026-02-23 22:57:00,2.9137,2.9142,2.9127,2.9137,2.9187,2.9192,2.9177,2.9187,11
2026-02-23 22:58:00,2.9142,2.9142,2.9117,2.9132,2.9192,2.9192,2.9167,2.9182,11
2026-02-23 22:59:00,2.9127,2.9157,2.9117,2.9157,2.9177,2.9207,2.9167,2.9207,27
2026-02-24 00:00:00,2.9202,2.9207,2.9167,2.9177,2.9252,2.9257,2.9217,2.9227,9
2026-02-24 00:01:00,2.9167,2.9187,2.9162,2.9187,2.9217,2.9237,2.9212,2.9237,7
2026-02-24 00:02:00,2.9192,2.9197,2.9177,2.9182,2.9242,2.9247,2.9227,2.9232,9
2026-02-24 00:03:00,2.9187,2.9197,2.9182,2.9197,2.9237,2.9247,2.9232,2.9247,5
2026-02-24 00:04:00,2.9202,2.9207,2.9197,2.9202,2.9252,2.9257,2.9247,2.9252,5
2026-02-24 00:05:00,2.9197,2.9222,2.9177,2.9222,2.9247,2.9272,2.9227,2.9272,11
2026-02-24 00:06:00,2.9227,2.9227,2.9227,2.9227,2.9277,2.9277,2.9277,2.9277,1
2026-02-24 00:07:00,2.9217,2.9217,2.9212,2.9212,2.9267,2.9267,2.9262,2.9262,2
2026-02-24 00:08:00,2.9207,2.9217,2.9207,2.9217,2.9257,2.9267,2.9257,2.9267,2
2026-02-24 00:10:00,2.9207,2.9262,2.9207,2.9242,2.9257,2.9312,2.9257,2.9292,14
2026-02-24 00:11:00,2.9247,2.9247,2.9247,2.9247,2.9297,2.9297,2.9297,2.9297,1
2026-02-24 00:12:00,2.9237,2.9237,2.9237,2.9237,2.9287,2.9287,2.9287,2.9287,1
2026-02-24 00:13:00,2.9247,2.9247,2.9237,2.9237,2.9297,2.9297,2.9287,2.9287,3
2026-02-24 00:14:00,2.9227,2.9227,2.9227,2.9227,2.9277,2.9277,2.9277,2.9277,1
2026-02-24 00:15:00,2.9232,2.9237,2.9217,2.9217,2.9282,2.9287,2.9267,2.9267,7
2026-02-24 00:17:00,2.9207,2.9207,2.9207,2.9207,2.9257,2.9257,2.9257,2.9257,1
2026-02-24 00:18:00,2.9217,2.9217,2.9207,2.9207,2.9267,2.9267,2.9257,2.9257,2
2026-02-24 00:19:00,2.9212,2.9212,2.9212,2.9212,2.9262,2.9262,2.9262,2.9262,1
2026-02-24 00:20:00,2.9202,2.9217,2.9202,2.9217,2.9252,2.9267,2.9252,2.9267,2
2026-02-24 00:21:00,2.9212,2.9237,2.9212,2.9237,2.9262,2.9287,2.9262,2.9287,4
2026-02-24 00:22:00,2.9232,2.9252,2.9227,2.9252,2.9282,2.9302,2.9277,2.9302,4
2026-02-24 00:23:00,2.9257,2.9257,2.9257,2.9257,2.9307,2.9307,2.9307,2.9307,1
2026-02-24 00:24:00,2.9252,2.9252,2.9252,2.9252,2.9302,2.9302,2.9302,2.9302,1
2026-02-24 00:25:00,2.9257,2.9257,2.9242,2.9247,2.9307,2.9307,2.9292,2.9297,6
2026-02-24 00:26:00,2.9242,2.9257,2.9237,2.9242,2.9292,2.9307,2.9287,2.9292,9
2026-02-24 00:27:00,2.9267,2.9277,2.9247,2.9252,2.9317,2.9327,2.9297,2.9302,5
2026-02-24 00:28:00,2.9247,2.9247,2.9242,2.9242,2.9297,2.9297,2.9292,2.9292,2
2026-02-24 00:29:00,2.9237,2.9237,2.9237,2.9237,2.9287,2.9287,2.9287,2.9287,1
2026-02-24 00:30:00,2.9242,2.9242,2.9232,2.9232,2.9292,2.9292,2.9282,2.9282,3
2026-02-24 00:31:00,2.9237,2.9242,2.9237,2.9242,2.9287,2.9292,2.9287,2.9292,2
2026-02-24 00:32:00,2.9247,2.9247,2.9247,2.9247,2.9297,2.9297,2.9297,2.9297,1
2026-02-24 00:36:00,2.9252,2.9257,2.9252,2.9257,2.9302,2.9307,2.9302,2.9307,2
2026-02-24 00:38:00,2.9252,2.9252,2.9252,2.9252,2.9302,2.9302,2.9302,2.9302,1
2026-02-24 00:40:00,2.9257,2.9262,2.9257,2.9262,2.9307,2.9312,2.9307,2.9312,2
2026-02-24 00:41:00,2.9257,2.9257,2.9257,2.9257,2.9307,2.9307,2.9307,2.9307,1
2026-02-24 00:42:00,2.9252,2.9267,2.9247,2.9257,2.9302,2.9317,2.9297,2.9307,7
2026-02-24 00:43:00,2.9247,2.9252,2.9247,2.9252,2.9297,2.9302,2.9297,2.9302,2
2026-02-24 00:44:00,2.9262,2.9287,2.9262,2.9282,2.9312,2.9337,2.9312,2.9332,8
2026-02-24 00:45:00,2.9287,2.9287,2.9287,2.9287,2.9337,2.9337,2.9337,2.9337,1
2026-02-24 00:46:00,2.9292,2.9297,2.9287,2.9297,2.9342,2.9347,2.9337,2.9347,3
2026-02-24 00:47:00,2.9292,2.9297,2.9277,2.9282,2.9342,2.9347,2.9327,2.9332,8
2026-02-24 00:48:00,2.9287,2.9292,2.9282,2.9287,2.9337,2.9342,2.9332,2.9337,5
2026-02-24 00:49:00,2.9282,2.9282,2.9267,2.9272,2.9332,2.9332,2.9317,2.9322,4
2026-02-24 00:50:00,2.9267,2.9267,2.9247,2.9247,2.9317,2.9317,2.9297,2.9297,4
2026-02-24 00:51:00,2.9257,2.9257,2.9247,2.9252,2.9307,2.9307,2.9297,2.9302,3
2026-02-24 00:52:00,2.9247,2.9247,2.9222,2.9222,2.9297,2.9297,2.9272,2.9272,5
2026-02-24 00:53:00,2.9227,2.9237,2.9222,2.9237,2.9277,2.9287,2.9272,2.9287,4
2026-02-24 00:56:00,2.9242,2.9247,2.9232,2.9242,2.9292,2.9297,2.9282,2.9292,5
2026-02-24 00:58:00,2.9247,2.9247,2.9232,2.9237,2.9297,2.9297,2.9282,2.9287,5
2026-02-24 00:59:00,2.9232,2.9237,2.9227,2.9237,2.9282,2.9287,2.9277,2.9287,3
2026-02-24 01:00:00,2.9242,2.9287,2.9242,2.9277,2.9292,2.9337,2.9292,2.9327,16
2026-02-24 01:01:00,2.9282,2.9292,2.9282,2.9292,2.9332,2.9342,2.9332,2.9342,2
2026-02-24 01:02:00,2.9287,2.9297,2.9267,2.9277,2.9337,2.9347,2.9317,2.9327,9
2026-02-24 01:03:00,2.9272,2.9277,2.9272,2.9272,2.9322,2.9327,2.9322,2.9322,5
2026-02-24 01:06:00,2.9287,2.9307,2.9287,2.9297,2.9337,2.9357,2.9337,2.9347,7
2026-02-24 01:07:00,2.9292,2.9297,2.9282,2.9292,2.9342,2.9347,2.9332,2.9342,5
2026-02-24 01:08:00,2.9297,2.9297,2.9287,2.9287,2.9347,2.9347,2.9337,2.9337,2
2026-02-24 01:10:00,2.9282,2.9287,2.9282,2.9282,2.9332,2.9337,2.9332,2.9332,3
2026-02-24 01:11:00,2.9287,2.9297,2.9287,2.9297,2.9337,2.9347,2.9337,2.9347,2
2026-02-24 01:12:00,2.9292,2.9292,2.9267,2.9272,2.9342,2.9342,2.9317,2.9322,6
2026-02-24 01:13:00,2.9277,2.9287,2.9277,2.9287,2.9327,2.9337,2.9327,2.9337,2
2026-02-24 01:14:00,2.9277,2.9287,2.9277,2.9277,2.9327,2.9337,2.9327,2.9327,3
2026-02-24 01:15:00,2.9272,2.9272,2.9272,2.9272,2.9322,2.9322,2.9322,2.9322,1
2026-02-24 01:16:00,2.9267,2.9287,2.9267,2.9287,2.9317,2.9337,2.9317,2.9337,5
2026-02-24 01:17:00,2.9277,2.9277,2.9267,2.9272,2.9327,2.9327,2.9317,2.9322,3
2026-02-24 01:18:00,2.9277,2.9277,2.9277,2.9277,2.9327,2.9327,2.9327,2.9327,1
2026-02-24 01:19:00,2.9272,2.9287,2.9257,2.9287,2.9322,2.9337,2.9307,2.9337,7
2026-02-24 01:20:00,2.9282,2.9282,2.9257,2.9267,2.9332,2.9332,2.9307,2.9317,9
2026-02-24 01:21:00,2.9272,2.9277,2.9267,2.9277,2.9322,2.9327,2.9317,2.9327,3
2026-02-24 01:24:00,2.9282,2.9312,2.9282,2.9312,2.9332,2.9362,2.9332,2.9362,6
2026-02-24 01:25:00,2.9302,2.9307,2.9302,2.9307,2.9352,2.9357,2.9352,2.9357,2
2026-02-24 01:28:00,2.9292,2.9297,2.9287,2.9287,2.9342,2.9347,2.9337,2.9337,5
2026-02-24 01:29:00,2.9292,2.9292,2.9292,2.9292,2.9342,2.9342,2.9342,2.9342,1
2026-02-24 01:30:00,2.9287,2.9287,2.9287,2.9287,2.9337,2.9337,2.9337,2.9337,1
2026-02-24 01:32:00,2.9292,2.9292,2.9292,2.9292,2.9342,2.9342,2.9342,2.9342,1
2026-02-24 01:33:00,2.9297,2.9297,2.9297,2.9297,2.9347,2.9347,2.9347,2.9347,1
2026-02-24 01:35:00,2.9307,2.9307,2.9297,2.9307,2.9357,2.9357,2.9347,2.9357,5
2026-02-24 01:36:00,2.9312,2.9312,2.9297,2.9307,2.9362,2.9362,2.9347,2.9357,5
2026-02-24 01:38:00,2.9297,2.9307,2.9297,2.9307,2.9347,2.9357,2.9347,2.9357,2
2026-02-24 01:40:00,2.9312,2.9312,2.9312,2.9312,2.9362,2.9362,2.9362,2.9362,1
2026-02-24 01:41:00,2.9317,2.9317,2.9312,2.9312,2.9367,2.9367,2.9362,2.9362,2
2026-02-24 01:42:00,2.9307,2.9317,2.9262,2.9287,2.9357,2.9367,2.9312,2.9337,16
2026-02-24 01:43:00,2.9282,2.9282,2.9267,2.9277,2.9332,2.9332,2.9317,2.9327,5
2026-02-24 01:45:00,2.9287,2.9287,2.9287,2.9287,2.9337,2.9337,2.9337,2.9337,1
2026-02-24 01:46:00,2.9297,2.9297,2.9297,2.9297,2.9347,2.9347,2.9347,2.9347,1
2026-02-24 01:50:00,2.9292,2.9292,2.9247,2.9257,2.9342,2.9342,2.9297,2.9307,14
2026-02-24 01:51:00,2.9262,2.9307,2.9262,2.9267,2.9312,2.9357,2.9312,2.9317,21
2026-02-24 01:52:00,2.9277,2.9287,2.9277,2.9282,2.9327,2.9337,2.9327,2.9332,4
2026-02-24 01:53:00,2.9272,2.9277,2.9272,2.9272,2.9322,2.9327,2.9322,2.9322,3
2026-02-24 01:55:00,2.9277,2.9287,2.9277,2.9282,2.9327,2.9337,2.9327,2.9332,5
2026-02-24 01:56:00,2.9287,2.9297,2.9262,2.9262,2.9337,2.9347,2.9312,2.9312,10
2026-02-24 01:57:00,2.9257,2.9267,2.9257,2.9257,2.9307,2.9317,2.9307,2.9307,6
2026-02-24 01:58:00,2.9262,2.9262,2.9252,2.9257,2.9312,2.9312,2.9302,2.9307,4
2026-02-24 02:00:00,2.9252,2.9252,2.9227,2.9237,2.9302,2.9302,2.9277,2.9287,9
2026-02-24 02:01:00,2.9242,2.9257,2.9242,2.9252,2.9292,2.9307,2.9292,2.9302,4
2026-02-24 02:02:00,2.9257,2.9277,2.9257,2.9277,2.9307,2.9327,2.9307,2.9327,3
2026-02-24 02:03:00,2.9287,2.9302,2.9277,2.9297,2.9337,2.9352,2.9327,2.9347,8
2026-02-24 02:04:00,2.9292,2.9312,2.9287,2.9312,2.9342,2.9362,2.9337,2.9362,8
2026-02-24 02:05:00,2.9307,2.9317,2.9297,2.9297,2.9357,2.9367,2.9347,2.9347,10
2026-02-24 02:06:00,2.9287,2.9287,2.9257,2.9257,2.9337,2.9337,2.9307,2.9307,6
2026-02-24 02:07:00,2.9252,2.9262,2.9247,2.9252,2.9302,2.9312,2.9297,2.9302,5
2026-02-24 02:08:00,2.9257,2.9267,2.9242,2.9257,2.9307,2.9317,2.9292,2.9307,8
2026-02-24 02:09:00,2.9252,2.9257,2.9247,2.9252,2.9302,2.9307,2.9297,2.9302,5
2026-02-24 02:10:00,2.9247,2.9257,2.9242,2.9252,2.9297,2.9307,2.9292,2.9302,5
2026-02-24 02:11:00,2.9257,2.9257,2.9232,2.9247,2.9307,2.9307,2.9282,2.9297,9
2026-02-24 02:12:00,2.9242,2.9257,2.9242,2.9252,2.9292,2.9307,2.9292,2.9302,3
2026-02-24 02:13:00,2.9242,2.9252,2.9242,2.9252,2.9292,2.9302,2.9292,2.9302,3
2026-02-24 02:14:00,2.9247,2.9247,2.9247,2.9247,2.9297,2.9297,2.9297,2.9297,1
2026-02-24 02:15:00,2.9252,2.9252,2.9247,2.9247,2.9302,2.9302,2.9297,2.9297,2
2026-02-24 02:16:00,2.9242,2.9257,2.9237,2.9257,2.9292,2.9307,2.9287,2.9307,4
2026-02-24 02:17:00,2.9262,2.9267,2.9262,2.9267,2.9312,2.9317,2.9312,2.9317,2
2026-02-24 02:18:00,2.9277,2.9302,2.9277,2.9297,2.9327,2.9352,2.9327,2.9347,4
2026-02-24 02:19:00,2.9302,2.9302,2.9302,2.9302,2.9352,2.9352,2.9352,2.9352,1
2026-02-24 02:20:00,2.9307,2.9307,2.9307,2.9307,2.9357,2.9357,2.9357,2.9357,1
2026-02-24 02:21:00,2.9312,2.9312,2.9312,2.9312,2.9362,2.9362,2.9362,2.9362,1
2026-02-24 02:22:00,2.9317,2.9317,2.9307,2.9312,2.9367,2.9367,2.9357,2.9362,3
2026-02-24 02:23:00,2.9307,2.9312,2.9297,2.9302,2.9357,2.9362,2.9347,2.9352,5
2026-02-24 02:24:00,2.9297,2.9297,2.9297,2.9297,2.9347,2.9347,2.9347,2.9347,1
2026-02-24 02:25:00,2.9302,2.9337,2.9302,2.9302,2.9352,2.9387,2.9352,2.9352,11
2026-02-24 02:27:00,2.9297,2.9297,2.9272,2.9272,2.9347,2.9347,2.9322,2.9322,7
2026-02-24 02:28:00,2.9267,2.9287,2.9267,2.9287,2.9317,2.9337,2.9317,2.9337,3
2026-02-24 02:29:00,2.9282,2.9287,2.9282,2.9287,2.9332,2.9337,2.9332,2.9337,2
2026-02-24 02:30:00,2.9282,2.9282,2.9277,2.9277,2.9332,2.9332,2.9327,2.9327,2
2026-02-24 02:31:00,2.9272,2.9272,2.9267,2.9272,2.9322,2.9322,2.9317,2.9322,3
2026-02-24 02:32:00,2.9277,2.9277,2.9277,2.9277,2.9327,2.9327,2.9327,2.9327,1
2026-02-24 02:33:00,2.9282,2.9297,2.9282,2.9282,2.9332,2.9347,2.9332,2.9332,4
2026-02-24 02:34:00,2.9277,2.9282,2.9277,2.9282,2.9327,2.9332,2.9327,2.9332,2
2026-02-24 02:35:00,2.9277,2.9277,2.9242,2.9242,2.9327,2.9327,2.9292,2.9292,5
2026-02-24 02:36:00,2.9247,2.9257,2.9237,2.9257,2.9297,2.9307,2.9287,2.9307,6
2026-02-24 02:37:00,2.9247,2.9252,2.9247,2.9252,2.9297,2.9302,2.9297,2.9302,2
2026-02-24 02:38:00,2.9257,2.9257,2.9247,2.9252,2.9307,2.9307,2.9297,2.9302,5
2026-02-24 02:39:00,2.9257,2.9257,2.9252,2.9252,2.9307,2.9307,2.9302,2.9302,2
2026-02-24 02:42:00,2.9257,2.9272,2.9257,2.9272,2.9307,2.9322,2.9307,2.9322,2
2026-02-24 02:43:00,2.9267,2.9267,2.9262,2.9267,2.9317,2.9317,2.9312,2.9317,3
2026-02-24 02:45:00,2.9262,2.9262,2.9257,2.9257,2.9312,2.9312,2.9307,2.9307,2
2026-02-24 02:46:00,2.9262,2.9272,2.9262,2.9272,2.9312,2.9322,2.9312,2.9322,4
2026-02-24 02:48:00,2.9262,2.9292,2.9262,2.9292,2.9312,2.9342,2.9312,2.9342,6
2026-02-24 02:51:00,2.9302,2.9302,2.9302,2.9302,2.9352,2.9352,2.9352,2.9352,1
2026-02-24 02:52:00,2.9292,2.9292,2.9292,2.9292,2.9342,2.9342,2.9342,2.9342,1
2026-02-24 02:53:00,2.9287,2.9287,2.9287,2.9287,2.9337,2.9337,2.9337,2.9337,1
2026-02-24 02:54:00,2.9292,2.9292,2.9292,2.9292,2.9342,2.9342,2.9342,2.9342,1
2026-02-24 02:56:00,2.9302,2.9302,2.9292,2.9292,2.9352,2.9352,2.9342,2.9342,2
2026-02-24 02:57:00,2.9297,2.9297,2.9292,2.9292,2.9347,2.9347,2.9342,2.9342,2
2026-02-24 02:58:00,2.9287,2.9297,2.9287,2.9292,2.9337,2.9347,2.9337,2.9342,3
2026-02-24 02:59:00,2.9287,2.9292,2.9287,2.9287,2.9337,2.9342,2.9337,2.9337,3
2026-02-24 03:00:00,2.9292,2.9352,2.9292,2.9337,2.9342,2.9402,2.9342,2.9387,15
2026-02-24 03:01:00,2.9332,2.9332,2.9287,2.9287,2.9382,2.9382,2.9337,2.9337,11
2026-02-24 03:02:00,2.9297,2.9297,2.9297,2.9297,2.9347,2.9347,2.9347,2.9347,1
2026-02-24 03:03:00,2.9292,2.9297,2.9287,2.9287,2.9342,2.9347,2.9337,2.9337,5
2026-02-24 03:04:00,2.9292,2.9312,2.9277,2.9312,2.9342,2.9362,2.9327,2.9362,9
2026-02-24 03:07:00,2.9317,2.9317,2.9317,2.9317,2.9367,2.9367,2.9367,2.9367,1
2026-02-24 03:08:00,2.9322,2.9332,2.9322,2.9332,2.9372,2.9382,2.9372,2.9382,3
2026-02-24 03:10:00,2.9337,2.9347,2.9327,2.9327,2.9387,2.9397,2.9377,2.9377,4
2026-02-24 03:11:00,2.9322,2.9327,2.9317,2.9322,2.9372,2.9377,2.9367,2.9372,5
2026-02-24 03:12:00,2.9327,2.9332,2.9327,2.9332,2.9377,2.9382,2.9377,2.9382,2
2026-02-24 03:13:00,2.9327,2.9327,2.9317,2.9322,2.9377,2.9377,2.9367,2.9372,4
2026-02-24 03:16:00,2.9312,2.9312,2.9292,2.9292,2.9362,2.9362,2.9342,2.9342,4
2026-02-24 03:18:00,2.9302,2.9302,2.9302,2.9302,2.9352,2.9352,2.9352,2.9352,1
2026-02-24 03:20:00,2.9307,2.9317,2.9307,2.9312,2.9357,2.9367,2.9357,2.9362,4
2026-02-24 03:21:00,2.9302,2.9302,2.9302,2.9302,2.9352,2.9352,2.9352,2.9352,1
2026-02-24 03:23:00,2.9307,2.9307,2.9307,2.9307,2.9357,2.9357,2.9357,2.9357,1
2026-02-24 03:24:00,2.9302,2.9302,2.9292,2.9292,2.9352,2.9352,2.9342,2.9342,2
2026-02-24 03:25:00,2.9287,2.9287,2.9282,2.9282,2.9337,2.9337,2.9332,2.9332,2
2026-02-24 03:26:00,2.9287,2.9287,2.9257,2.9262,2.9337,2.9337,2.9307,2.9312,10
2026-02-24 03:27:00,2.9267,2.9297,2.9262,2.9282,2.9317,2.9347,2.9312,2.9332,7
2026-02-24 03:28:00,2.9287,2.9307,2.9287,2.9307,2.9337,2.9357,2.9337,2.9357,4
2026-02-24 03:29:00,2.9302,2.9302,2.9282,2.9287,2.9352,2.9352,2.9332,2.9337,6
2026-02-24 03:30:00,2.9282,2.9282,2.9282,2.9282,2.9332,2.9332,2.9332,2.9332,1
2026-02-24 03:34:00,2.9287,2.9292,2.9287,2.9292,2.9337,2.9342,2.9337,2.9342,2
2026-02-24 03:36:00,2.9282,2.9287,2.9282,2.9282,2.9332,2.9337,2.9332,2.9332,3
2026-02-24 03:37:00,2.9272,2.9272,2.9247,2.9247,2.9322,2.9322,2.9297,2.9297,6
2026-02-24 03:38:00,2.9242,2.9257,2.9237,2.9237,2.9292,2.9307,2.9287,2.9287,9
2026-02-24 03:39:00,2.9242,2.9242,2.9217,2.9222,2.9292,2.9292,2.9267,2.9272,5
2026-02-24 03:40:00,2.9227,2.9277,2.9227,2.9272,2.9277,2.9327,2.9277,2.9322,9
2026-02-24 03:41:00,2.9267,2.9267,2.9252,2.9252,2.9317,2.9317,2.9302,2.9302,2
2026-02-24 03:42:00,2.9257,2.9262,2.9252,2.9262,2.9307,2.9312,2.9302,2.9312,4
2026-02-24 03:43:00,2.9257,2.9257,2.9252,2.9252,2.9307,2.9307,2.9302,2.9302,2
2026-02-24 03:44:00,2.9257,2.9257,2.9257,2.9257,2.9307,2.9307,2.9307,2.9307,1
2026-02-24 03:45:00,2.9262,2.9267,2.9262,2.9262,2.9312,2.9317,2.9312,2.9312,3
2026-02-24 03:49:00,2.9257,2.9262,2.9257,2.9262,2.9307,2.9312,2.9307,2.9312,2
2026-02-24 03:50:00,2.9272,2.9277,2.9242,2.9242,2.9322,2.9327,2.9292,2.9292,4
2026-02-24 03:51:00,2.9237,2.9247,2.9237,2.9242,2.9287,2.9297,2.9287,2.9292,4
2026-02-24 03:52:00,2.9237,2.9237,2.9227,2.9232,2.9287,2.9287,2.9277,2.9282,3
2026-02-24 03:53:00,2.9227,2.9237,2.9227,2.9232,2.9277,2.9287,2.9277,2.9282,3
2026-02-24 03:54:00,2.9227,2.9227,2.9222,2.9227,2.9277,2.9277,2.9272,2.9277,3
2026-02-24 03:55:00,2.9237,2.9257,2.9227,2.9232,2.9287,2.9307,2.9277,2.9282,7
2026-02-24 03:56:00,2.9227,2.9237,2.9227,2.9227,2.9277,2.9287,2.9277,2.9277,6
2026-02-24 03:57:00,2.9237,2.9237,2.9197,2.9207,2.9287,2.9287,2.9247,2.9257,10
2026-02-24 03:58:00,2.9212,2.9217,2.9197,2.9217,2.9262,2.9267,2.9247,2.9267,9
2026-02-24 03:59:00,2.9212,2.9212,2.9197,2.9197,2.9262,2.9262,2.9247,2.9247,8
2026-02-24 04:00:00,2.9207,2.9222,2.9207,2.9217,2.9257,2.9272,2.9257,2.9267,6
2026-02-24 04:01:00,2.9222,2.9222,2.9222,2.9222,2.9272,2.9272,2.9272,2.9272,1
2026-02-24 04:02:00,2.9227,2.9227,2.9217,2.9217,2.9277,2.9277,2.9267,2.9267,2
2026-02-24 04:04:00,2.9222,2.9222,2.9207,2.9207,2.9272,2.9272,2.9257,2.9257,3
2026-02-24 04:05:00,2.9197,2.9197,2.9167,2.9177,2.9247,2.9247,2.9217,2.9227,12
2026-02-24 04:06:00,2.9182,2.9212,2.9182,2.9212,2.9232,2.9262,2.9232,2.9262,6
2026-02-24 04:07:00,2.9197,2.9212,2.9197,2.9197,2.9247,2.9262,2.9247,2.9247,4
2026-02-24 04:08:00,2.9192,2.9202,2.9192,2.9202,2.9242,2.9252,2.9242,2.9252,3
2026-02-24 04:09:00,2.9207,2.9207,2.9202,2.9202,2.9257,2.9257,2.9252,2.9252,2
2026-02-24 04:11:00,2.9207,2.9212,2.9197,2.9197,2.9257,2.9262,2.9247,2.9247,4
2026-02-24 04:12:00,2.9202,2.9207,2.9197,2.9202,2.9252,2.9257,2.9247,2.9252,5
2026-02-24 04:13:00,2.9207,2.9207,2.9182,2.9182,2.9257,2.9257,2.9232,2.9232,6
2026-02-24 04:14:00,2.9187,2.9187,2.9182,2.9182,2.9237,2.9237,2.9232,2.9232,2
2026-02-24 04:15:00,2.9187,2.9202,2.9187,2.9197,2.9237,2.9252,2.9237,2.9247,5
2026-02-24 04:16:00,2.9202,2.9202,2.9202,2.9202,2.9252,2.9252,2.9252,2.9252,1
2026-02-24 04:20:00,2.9207,2.9207,2.9207,2.9207,2.9257,2.9257,2.9257,2.9257,1
2026-02-24 04:21:00,2.9217,2.9272,2.9217,2.9257,2.9267,2.9322,2.9267,2.9307,16
2026-02-24 04:22:00,2.9252,2.9257,2.9252,2.9252,2.9302,2.9307,2.9302,2.9302,5
2026-02-24 04:24:00,2.9257,2.9257,2.9252,2.9257,2.9307,2.9307,2.9302,2.9307,3
2026-02-24 04:25:00,2.9262,2.9262,2.9247,2.9252,2.9312,2.9312,2.9297,2.9302,5
2026-02-24 04:26:00,2.9247,2.9262,2.9247,2.9247,2.9297,2.9312,2.9297,2.9297,3
2026-02-24 04:27:00,2.9257,2.9257,2.9237,2.9237,2.9307,2.9307,2.9287,2.9287,5
2026-02-24 04:30:00,2.9242,2.9257,2.9242,2.9242,2.9292,2.9307,2.9292,2.9292,12
2026-02-24 04:31:00,2.9237,2.9257,2.9237,2.9257,2.9287,2.9307,2.9287,2.9307,8
2026-02-24 04:32:00,2.9262,2.9262,2.9237,2.9237,2.9312,2.9312,2.9287,2.9287,6
2026-02-24 04:33:00,2.9232,2.9232,2.9217,2.9217,2.9282,2.9282,2.9267,2.9267,2
2026-02-24 04:34:00,2.9212,2.9217,2.9207,2.9212,2.9262,2.9267,2.9257,2.9262,5
2026-02-24 04:35:00,2.9217,2.9217,2.9192,2.9192,2.9267,2.9267,2.9242,2.9242,5
2026-02-24 04:36:00,2.9197,2.9197,2.9187,2.9187,2.9247,2.9247,2.9237,2.9237,2
2026-02-24 04:37:00,2.9197,2.9197,2.9197,2.9197,2.9247,2.9247,2.9247,2.9247,1
2026-02-24 04:38:00,2.9192,2.9192,2.9187,2.9187,2.9242,2.9242,2.9237,2.9237,2
2026-02-24 04:39:00,2.9192,2.9192,2.9192,2.9192,2.9242,2.9242,2.9242,2.9242,1
2026-02-24 04:40:00,2.9197,2.9197,2.9197,2.9197,2.9247,2.9247,2.9247,2.9247,1
2026-02-24 04:43:00,2.9202,2.9207,2.9197,2.9197,2.9252,2.9257,2.9247,2.9247,5
2026-02-24 04:44:00,2.9202,2.9207,2.9197,2.9197,2.9252,2.9257,2.9247,2.9247,6
2026-02-24 04:51:00,2.9202,2.9212,2.9187,2.9187,2.9252,2.9262,2.9237,2.9237,7
2026-02-24 04:52:00,2.9197,2.9197,2.9177,2.9177,2.9247,2.9247,2.9227,2.9227,6
2026-02-24 04:53:00,2.9187,2.9197,2.9167,2.9197,2.9237,2.9247,2.9217,2.9247,6
2026-02-24 04:54:00,2.9202,2.9207,2.9177,2.9187,2.9252,2.9257,2.9227,2.9237,14
2026-02-24 04:55:00,2.9177,2.9182,2.9177,2.9177,2.9227,2.9232,2.9227,2.9227,3
2026-02-24 04:56:00,2.9167,2.9192,2.9167,2.9177,2.9217,2.9242,2.9217,2.9227,10
2026-02-24 04:57:00,2.9182,2.9187,2.9162,2.9162,2.9232,2.9237,2.9212,2.9212,5
2026-02-24 04:58:00,2.9167,2.9167,2.9167,2.9167,2.9217,2.9217,2.9217,2.9217,1
2026-02-24 04:59:00,2.9172,2.9172,2.9167,2.9167,2.9222,2.9222,2.9217,2.9217,6
2026-02-24 05:00:00,2.9172,2.9172,2.9167,2.9167,2.9222,2.9222,2.9217,2.9217,2
2026-02-24 05:01:00,2.9172,2.9177,2.9152,2.9152,2.9222,2.9227,2.9202,2.9202,11
2026-02-24 05:02:00,2.9147,2.9152,2.9147,2.9147,2.9197,2.9202,2.9197,2.9197,3
2026-02-24 05:03:00,2.9152,2.9152,2.9137,2.9137,2.9202,2.9202,2.9187,2.9187,5
2026-02-24 05:04:00,2.9142,2.9142,2.9132,2.9132,2.9192,2.9192,2.9182,2.9182,7
2026-02-24 05:05:00,2.9127,2.9137,2.9032,2.9082,2.9177,2.9187,2.9082,2.9132,28
2026-02-24 05:06:00,2.9097,2.9167,2.9092,2.9157,2.9147,2.9217,2.9142,2.9207,18
2026-02-24 05:07:00,2.9162,2.9217,2.9162,2.9207,2.9212,2.9267,2.9212,2.9257,14
2026-02-24 05:08:00,2.9212,2.9252,2.9212,2.9237,2.9262,2.9302,2.9262,2.9287,9
2026-02-24 05:09:00,2.9222,2.9252,2.9222,2.9247,2.9272,2.9302,2.9272,2.9297,10
2026-02-24 05:10:00,2.9242,2.9242,2.9237,2.9237,2.9292,2.9292,2.9287,2.9287,2
2026-02-24 05:11:00,2.9242,2.9252,2.9227,2.9227,2.9292,2.9302,2.9277,2.9277,4
2026-02-24 05:12:00,2.9222,2.9242,2.9222,2.9232,2.9272,2.9292,2.9272,2.9282,6
2026-02-24 05:13:00,2.9242,2.9257,2.9232,2.9232,2.9292,2.9307,2.9282,2.9282,8
2026-02-24 05:14:00,2.9222,2.9237,2.9222,2.9232,2.9272,2.9287,2.9272,2.9282,4
2026-02-24 05:15:00,2.9237,2.9247,2.9232,2.9237,2.9287,2.9297,2.9282,2.9287,6
2026-02-24 05:16:00,2.9232,2.9237,2.9212,2.9212,2.9282,2.9287,2.9262,2.9262,5
2026-02-24 05:17:00,2.9207,2.9207,2.9202,2.9207,2.9257,2.9257,2.9252,2.9257,3
2026-02-24 05:18:00,2.9202,2.9202,2.9172,2.9172,2.9252,2.9252,2.9222,2.9222,7
2026-02-24 05:19:00,2.9177,2.9177,2.9167,2.9167,2.9227,2.9227,2.9217,2.9217,5
2026-02-24 05:20:00,2.9162,2.9162,2.9162,2.9162,2.9212,2.9212,2.9212,2.9212,1
2026-02-24 05:21:00,2.9157,2.9157,2.9157,2.9157,2.9207,2.9207,2.9207,2.9207,1
2026-02-24 05:22:00,2.9172,2.9172,2.9172,2.9172,2.9222,2.9222,2.9222,2.9222,1
2026-02-24 05:23:00,2.9162,2.9162,2.9162,2.9162,2.9212,2.9212,2.9212,2.9212,1
2026-02-24 05:24:00,2.9167,2.9187,2.9167,2.9177,2.9217,2.9237,2.9217,2.9227,4
2026-02-24 05:25:00,2.9172,2.9172,2.9172,2.9172,2.9222,2.9222,2.9222,2.9222,1
2026-02-24 05:26:00,2.9167,2.9167,2.9142,2.9142,2.9217,2.9217,2.9192,2.9192,8
2026-02-24 05:27:00,2.9147,2.9157,2.9147,2.9152,2.9197,2.9207,2.9197,2.9202,3
2026-02-24 05:28:00,2.9157,2.9157,2.9157,2.9157,2.9207,2.9207,2.9207,2.9207,1
2026-02-24 05:30:00,2.9152,2.9167,2.9147,2.9167,2.9202,2.9217,2.9197,2.9217,9
2026-02-24 05:31:00,2.9162,2.9167,2.9162,2.9167,2.9212,2.9217,2.9212,2.9217,2
2026-02-24 05:33:00,2.9172,2.9172,2.9172,2.9172,2.9222,2.9222,2.9222,2.9222,1
2026-02-24 05:34:00,2.9167,2.9167,2.9152,2.9152,2.9217,2.9217,2.9202,2.9202,3
2026-02-24 05:35:00,2.9157,2.9157,2.9152,2.9152,2.9207,2.9207,2.9202,2.9202,2
2026-02-24 05:37:00,2.9147,2.9147,2.9137,2.9147,2.9197,2.9197,2.9187,2.9197,5
2026-02-24 05:38:00,2.9137,2.9137,2.9117,2.9117,2.9187,2.9187,2.9167,2.9167,4
2026-02-24 05:39:00,2.9122,2.9127,2.9122,2.9127,2.9172,2.9177,2.9172,2.9177,2
2026-02-24 05:40:00,2.9132,2.9157,2.9132,2.9142,2.9182,2.9207,2.9182,2.9192,6
2026-02-24 05:41:00,2.9147,2.9147,2.9147,2.9147,2.9197,2.9197,2.9197,2.9197,1
2026-02-24 05:42:00,2.9142,2.9142,2.9142,2.9142,2.9192,2.9192,2.9192,2.9192,1
2026-02-24 05:43:00,2.9147,2.9147,2.9147,2.9147,2.9197,2.9197,2.9197,2.9197,1
2026-02-24 05:48:00,2.9142,2.9162,2.9142,2.9157,2.9192,2.9212,2.9192,2.9207,5
2026-02-24 05:49:00,2.9162,2.9162,2.9162,2.9162,2.9212,2.9212,2.9212,2.9212,1
2026-02-24 05:51:00,2.9177,2.9177,2.9157,2.9157,2.9227,2.9227,2.9207,2.9207,4
2026-02-24 05:52:00,2.9162,2.9177,2.9162,2.9177,2.9212,2.9227,2.9212,2.9227,4
2026-02-24 05:53:00,2.9172,2.9197,2.9167,2.9177,2.9222,2.9247,2.9217,2.9227,12
2026-02-24 05:54:00,2.9167,2.9167,2.9167,2.9167,2.9217,2.9217,2.9217,2.9217,1
2026-02-24 05:55:00,2.9177,2.9187,2.9172,2.9187,2.9227,2.9237,2.9222,2.9237,6
2026-02-24 05:56:00,2.9192,2.9192,2.9182,2.9187,2.9242,2.9242,2.9232,2.9237,3
2026-02-24 05:57:00,2.9192,2.9192,2.9192,2.9192,2.9242,2.9242,2.9242,2.9242,1
2026-02-24 05:58:00,2.9202,2.9207,2.9197,2.9207,2.9252,2.9257,2.9247,2.9257,6
2026-02-24 05:59:00,2.9212,2.9217,2.9212,2.9217,2.9262,2.9267,2.9262,2.9267,2
2026-02-24 06:01:00,2.9207,2.9217,2.9207,2.9217,2.9257,2.9267,2.9257,2.9267,2
2026-02-24 06:02:00,2.9212,2.9267,2.9212,2.9252,2.9262,2.9317,2.9262,2.9302,14
2026-02-24 06:03:00,2.9257,2.9267,2.9257,2.9257,2.9307,2.9317,2.9307,2.9307,3
2026-02-24 06:04:00,2.9252,2.9257,2.9247,2.9257,2.9302,2.9307,2.9297,2.9307,10
2026-02-24 06:05:00,2.9272,2.9277,2.9262,2.9262,2.9322,2.9327,2.9312,2.9312,9
2026-02-24 06:06:00,2.9257,2.9262,2.9257,2.9262,2.9307,2.9312,2.9307,2.9312,2
2026-02-24 06:07:00,2.9267,2.9287,2.9262,2.9282,2.9317,2.9337,2.9312,2.9332,7
2026-02-24 06:09:00,2.9277,2.9302,2.9277,2.9292,2.9327,2.9352,2.9327,2.9342,7
2026-02-24 06:10:00,2.9297,2.9307,2.9297,2.9307,2.9347,2.9357,2.9347,2.9357,3
2026-02-24 06:11:00,2.9302,2.9307,2.9292,2.9297,2.9352,2.9357,2.9342,2.9347,10
2026-02-24 06:12:00,2.9302,2.9307,2.9302,2.9307,2.9352,2.9357,2.9352,2.9357,2
2026-02-24 06:13:00,2.9312,2.9312,2.9282,2.9302,2.9362,2.9362,2.9332,2.9352,11
2026-02-24 06:14:00,2.9307,2.9307,2.9282,2.9287,2.9357,2.9357,2.9332,2.9337,6
2026-02-24 06:15:00,2.9282,2.9292,2.9282,2.9287,2.9332,2.9342,2.9332,2.9337,4
2026-02-24 06:16:00,2.9277,2.9287,2.9277,2.9287,2.9327,2.9337,2.9327,2.9337,2
2026-02-24 06:17:00,2.9277,2.9277,2.9257,2.9262,2.9327,2.9327,2.9307,2.9312,7
2026-02-24 06:18:00,2.9257,2.9262,2.9247,2.9252,2.9307,2.9312,2.9297,2.9302,7
2026-02-24 06:19:00,2.9257,2.9287,2.9257,2.9277,2.9307,2.9337,2.9307,2.9327,14
2026-02-24 06:20:00,2.9287,2.9292,2.9287,2.9287,2.9337,2.9342,2.9337,2.9337,3
2026-02-24 06:21:00,2.9282,2.9282,2.9267,2.9272,2.9332,2.9332,2.9317,2.9322,7
2026-02-24 06:22:00,2.9282,2.9287,2.9282,2.9282,2.9332,2.9337,2.9332,2.9332,3
2026-02-24 06:24:00,2.9287,2.9287,2.9277,2.9277,2.9337,2.9337,2.9327,2.9327,4
2026-02-24 06:25:00,2.9267,2.9267,2.9252,2.9257,2.9317,2.9317,2.9302,2.9307,4
2026-02-24 06:26:00,2.9262,2.9267,2.9257,2.9267,2.9312,2.9317,2.9307,2.9317,4
2026-02-24 06:27:00,2.9262,2.9262,2.9262,2.9262,2.9312,2.9312,2.9312,2.9312,1
2026-02-24 06:28:00,2.9257,2.9257,2.9237,2.9237,2.9307,2.9307,2.9287,2.9287,4
2026-02-24 06:29:00,2.9242,2.9247,2.9237,2.9247,2.9292,2.9297,2.9287,2.9297,3
2026-02-24 06:30:00,2.9237,2.9237,2.9222,2.9222,2.9287,2.9287,2.9272,2.9272,3
2026-02-24 06:33:00,2.9227,2.9227,2.9222,2.9222,2.9277,2.9277,2.9272,2.9272,2
2026-02-24 06:34:00,2.9217,2.9217,2.9117,2.9122,2.9267,2.9267,2.9167,2.9172,12
2026-02-24 06:35:00,2.9132,2.9132,2.9117,2.9117,2.9182,2.9182,2.9167,2.9167,15
2026-02-24 06:36:00,2.9122,2.9127,2.9097,2.9112,2.9172,2.9177,2.9147,2.9162,10
2026-02-24 06:37:00,2.9117,2.9117,2.9112,2.9117,2.9167,2.9167,2.9162,2.9167,5
2026-02-24 06:38:00,2.9112,2.9112,2.9107,2.9107,2.9162,2.9162,2.9157,2.9157,2
2026-02-24 06:39:00,2.9097,2.9107,2.9097,2.9097,2.9147,2.9157,2.9147,2.9147,4
2026-02-24 06:40:00,2.9087,2.9097,2.9067,2.9092,2.9137,2.9147,2.9117,2.9142,11
2026-02-24 06:41:00,2.9097,2.9097,2.9092,2.9092,2.9147,2.9147,2.9142,2.9142,4
2026-02-24 06:42:00,2.9117,2.9117,2.9117,2.9117,2.9167,2.9167,2.9167,2.9167,1
2026-02-24 06:43:00,2.9132,2.9202,2.9132,2.9202,2.9182,2.9252,2.9182,2.9252,17
2026-02-24 06:44:00,2.9197,2.9197,2.9182,2.9187,2.9247,2.9247,2.9232,2.9237,6
2026-02-24 06:45:00,2.9182,2.9182,2.9147,2.9147,2.9232,2.9232,2.9197,2.9197,5
2026-02-24 06:46:00,2.9157,2.9167,2.9137,2.9137,2.9207,2.9217,2.9187,2.9187,7
2026-02-24 06:47:00,2.9127,2.9162,2.9127,2.9152,2.9177,2.9212,2.9177,2.9202,15
2026-02-24 06:48:00,2.9157,2.9157,2.9142,2.9142,2.9207,2.9207,2.9192,2.9192,5
2026-02-24 06:49:00,2.9137,2.9137,2.9137,2.9137,2.9187,2.9187,2.9187,2.9187,1
2026-02-24 06:50:00,2.9132,2.9192,2.9132,2.9192,2.9182,2.9242,2.9182,2.9242,17
2026-02-24 06:51:00,2.9197,2.9237,2.9197,2.9212,2.9247,2.9287,2.9247,2.9262,11
2026-02-24 06:52:00,2.9207,2.9217,2.9207,2.9212,2.9257,2.9267,2.9257,2.9262,5
2026-02-24 06:53:00,2.9202,2.9242,2.9202,2.9242,2.9252,2.9292,2.9252,2.9292,8
2026-02-24 06:54:00,2.9232,2.9232,2.9202,2.9202,2.9282,2.9282,2.9252,2.9252,6
2026-02-24 06:55:00,2.9207,2.9262,2.9197,2.9242,2.9257,2.9312,2.9247,2.9292,12
2026-02-24 06:56:00,2.9247,2.9257,2.9247,2.9257,2.9297,2.9307,2.9297,2.9307,7
2026-02-24 06:57:00,2.9247,2.9252,2.9197,2.9212,2.9297,2.9302,2.9247,2.9262,13
2026-02-24 06:58:00,2.9217,2.9222,2.9217,2.9217,2.9267,2.9272,2.9267,2.9267,3
2026-02-24 06:59:00,2.9207,2.9207,2.9187,2.9187,2.9257,2.9257,2.9237,2.9237,7
2026-02-24 07:00:00,2.9177,2.9222,2.9177,2.9212,2.9227,2.9272,2.9227,2.9262,22
2026-02-24 07:01:00,2.9217,2.9227,2.9197,2.9227,2.9267,2.9277,2.9247,2.9277,9
2026-02-24 07:02:00,2.9232,2.9272,2.9232,2.9272,2.9282,2.9322,2.9282,2.9322,16
2026-02-24 07:03:00,2.9262,2.9307,2.9262,2.9307,2.9312,2.9357,2.9312,2.9357,15
2026-02-24 07:04:00,2.9297,2.9327,2.9287,2.9307,2.9347,2.9377,2.9337,2.9357,14
2026-02-24 07:05:00,2.9312,2.9327,2.9307,2.9322,2.9362,2.9377,2.9357,2.9372,9
2026-02-24 07:06:00,2.9317,2.9322,2.9302,2.9317,2.9367,2.9372,2.9352,2.9367,6
2026-02-24 07:07:00,2.9312,2.9327,2.9302,2.9322,2.9362,2.9377,2.9352,2.9372,11
2026-02-24 07:09:00,2.9327,2.9337,2.9302,2.9327,2.9377,2.9387,2.9352,2.9377,9
2026-02-24 07:10:00,2.9332,2.9332,2.9317,2.9332,2.9382,2.9382,2.9367,2.9382,8
2026-02-24 07:11:00,2.9327,2.9347,2.9322,2.9327,2.9377,2.9397,2.9372,2.9377,7
2026-02-24 07:12:00,2.9317,2.9327,2.9317,2.9317,2.9367,2.9377,2.9367,2.9367,5
2026-02-24 07:13:00,2.9312,2.9322,2.9312,2.9322,2.9362,2.9372,2.9362,2.9372,3
2026-02-24 07:15:00,2.9317,2.9342,2.9317,2.9342,2.9367,2.9392,2.9367,2.9392,4
2026-02-24 07:16:00,2.9337,2.9347,2.9317,2.9322,2.9387,2.9397,2.9367,2.9372,7
2026-02-24 07:17:00,2.9327,2.9342,2.9317,2.9342,2.9377,2.9392,2.9367,2.9392,9
2026-02-24 07:18:00,2.9337,2.9337,2.9327,2.9327,2.9387,2.9387,2.9377,2.9377,4
2026-02-24 07:19:00,2.9332,2.9332,2.9322,2.9322,2.9382,2.9382,2.9372,2.9372,7
2026-02-24 07:20:00,2.9317,2.9317,2.9302,2.9302,2.9367,2.9367,2.9352,2.9352,6
2026-02-24 07:21:00,2.9307,2.9332,2.9307,2.9322,2.9357,2.9382,2.9357,2.9372,35
2026-02-24 07:22:00,2.9312,2.9312,2.9297,2.9307,2.9362,2.9362,2.9347,2.9357,9
2026-02-24 07:23:00,2.9312,2.9312,2.9312,2.9312,2.9362,2.9362,2.9362,2.9362,1
2026-02-24 07:26:00,2.9317,2.9322,2.9312,2.9322,2.9367,2.9372,2.9362,2.9372,4
2026-02-24 07:27:00,2.9327,2.9327,2.9307,2.9307,2.9377,2.9377,2.9357,2.9357,7
2026-02-24 07:30:00,2.9297,2.9332,2.9297,2.9327,2.9347,2.9382,2.9347,2.9377,11
2026-02-24 07:31:00,2.9322,2.9322,2.9292,2.9292,2.9372,2.9372,2.9342,2.9342,8
2026-02-24 07:32:00,2.9287,2.9302,2.9277,2.9282,2.9337,2.9352,2.9327,2.9332,12
2026-02-24 07:33:00,2.9277,2.9287,2.9277,2.9277,2.9327,2.9337,2.9327,2.9327,5
2026-02-24 07:34:00,2.9272,2.9272,2.9252,2.9262,2.9322,2.9322,2.9302,2.9312,16
2026-02-24 07:35:00,2.9267,2.9267,2.9247,2.9247,2.9317,2.9317,2.9297,2.9297,44
2026-02-24 07:36:00,2.9252,2.9257,2.9252,2.9252,2.9302,2.9307,2.9302,2.9302,3
2026-02-24 07:37:00,2.9257,2.9257,2.9257,2.9257,2.9307,2.9307,2.9307,2.9307,1
2026-02-24 07:38:00,2.9252,2.9257,2.9247,2.9257,2.9302,2.9307,2.9297,2.9307,4
2026-02-24 07:39:00,2.9252,2.9267,2.9242,2.9242,2.9302,2.9317,2.9292,2.9292,8
2026-02-24 07:40:00,2.9237,2.9237,2.9237,2.9237,2.9287,2.9287,2.9287,2.9287,1
2026-02-24 07:41:00,2.9227,2.9237,2.9227,2.9227,2.9277,2.9287,2.9277,2.9277,4
2026-02-24 07:42:00,2.9232,2.9232,2.9227,2.9227,2.9282,2.9282,2.9277,2.9277,2
2026-02-24 07:43:00,2.9222,2.9222,2.9217,2.9217,2.9272,2.9272,2.9267,2.9267,2
2026-02-24 07:44:00,2.9197,2.9217,2.9197,2.9212,2.9247,2.9267,2.9247,2.9262,3
2026-02-24 07:45:00,2.9217,2.9232,2.9207,2.9227,2.9267,2.9282,2.9257,2.9277,5
2026-02-24 07:48:00,2.9217,2.9242,2.9212,2.9232,2.9267,2.9292,2.9262,2.9282,10
2026-02-24 07:50:00,2.9227,2.9227,2.9222,2.9222,2.9277,2.9277,2.9272,2.9272,2
2026-02-24 07:51:00,2.9227,2.9232,2.9212,2.9217,2.9277,2.9282,2.9262,2.9267,5
2026-02-24 07:52:00,2.9212,2.9212,2.9212,2.9212,2.9262,2.9262,2.9262,2.9262,1
2026-02-24 07:53:00,2.9207,2.9207,2.9202,2.9202,2.9257,2.9257,2.9252,2.9252,2
2026-02-24 07:54:00,2.9197,2.9197,2.9192,2.9192,2.9247,2.9247,2.9242,2.9242,4
2026-02-24 07:55:00,2.9197,2.9222,2.9187,2.9222,2.9247,2.9272,2.9237,2.9272,7
2026-02-24 07:56:00,2.9232,2.9237,2.9232,2.9232,2.9282,2.9287,2.9282,2.9282,3
2026-02-24 07:57:00,2.9227,2.9227,2.9222,2.9222,2.9277,2.9277,2.9272,2.9272,2
2026-02-24 07:58:00,2.9217,2.9252,2.9212,2.9252,2.9267,2.9302,2.9262,2.9302,6
2026-02-24 07:59:00,2.9247,2.9247,2.9237,2.9237,2.9297,2.9297,2.9287,2.9287,2
2026-02-24 08:00:00,2.9242,2.9242,2.9242,2.9242,2.9292,2.9292,2.9292,2.9292,1
2026-02-24 08:01:00,2.9247,2.9247,2.9237,2.9237,2.9297,2.9297,2.9287,2.9287,3
2026-02-24 08:02:00,2.9242,2.9247,2.9242,2.9247,2.9292,2.9297,2.9292,2.9297,2
2026-02-24 08:03:00,2.9252,2.9252,2.9252,2.9252,2.9302,2.9302,2.9302,2.9302,1
2026-02-24 08:04:00,2.9257,2.9282,2.9242,2.9277,2.9307,2.9332,2.9292,2.9327,24
2026-02-24 08:05:00,2.9282,2.9282,2.9277,2.9277,2.9332,2.9332,2.9327,2.9327,2
2026-02-24 08:06:00,2.9272,2.9272,2.9252,2.9257,2.9322,2.9322,2.9302,2.9307,5
2026-02-24 08:07:00,2.9277,2.9277,2.9242,2.9242,2.9327,2.9327,2.9292,2.9292,6
2026-02-24 08:08:00,2.9247,2.9267,2.9242,2.9262,2.9297,2.9317,2.9292,2.9312,8
2026-02-24 08:10:00,2.9257,2.9277,2.9257,2.9277,2.9307,2.9327,2.9307,2.9327,4
2026-02-24 08:12:00,2.9257,2.9272,2.9252,2.9257,2.9307,2.9322,2.9302,2.9307,8
2026-02-24 08:14:00,2.9252,2.9257,2.9252,2.9252,2.9302,2.9307,2.9302,2.9302,5
2026-02-24 08:15:00,2.9257,2.9267,2.9257,2.9257,2.9307,2.9317,2.9307,2.9307,6
2026-02-24 08:16:00,2.9252,2.9267,2.9247,2.9257,2.9302,2.9317,2.9297,2.9307,10
2026-02-24 08:17:00,2.9252,2.9257,2.9242,2.9257,2.9302,2.9307,2.9292,2.9307,7
2026-02-24 08:20:00,2.9247,2.9247,2.9182,2.9217,2.9297,2.9297,2.9232,2.9267,22
2026-02-24 08:21:00,2.9222,2.9227,2.9217,2.9217,2.9272,2.9277,2.9267,2.9267,4
2026-02-24 08:22:00,2.9222,2.9237,2.9222,2.9232,2.9272,2.9287,2.9272,2.9282,5
2026-02-24 08:23:00,2.9227,2.9227,2.9222,2.9227,2.9277,2.9277,2.9272,2.9277,3
2026-02-24 08:24:00,2.9232,2.9262,2.9232,2.9252,2.9282,2.9312,2.9282,2.9302,9
2026-02-24 08:25:00,2.9247,2.9257,2.9232,2.9237,2.9297,2.9307,2.9282,2.9287,9
2026-02-24 08:26:00,2.9247,2.9247,2.9217,2.9227,2.9297,2.9297,2.9267,2.9277,9
2026-02-24 08:27:00,2.9217,2.9217,2.9202,2.9207,2.9267,2.9267,2.9252,2.9257,5
2026-02-24 08:28:00,2.9217,2.9217,2.9207,2.9207,2.9267,2.9267,2.9257,2.9257,2
2026-02-24 08:29:00,2.9197,2.9202,2.9177,2.9177,2.9247,2.9252,2.9227,2.9227,11
2026-02-24 08:30:00,2.9172,2.9182,2.9172,2.9177,2.9222,2.9232,2.9222,2.9227,6
2026-02-24 08:31:00,2.9192,2.9197,2.9192,2.9197,2.9242,2.9247,2.9242,2.9247,2
2026-02-24 08:32:00,2.9192,2.9192,2.9177,2.9177,2.9242,2.9242,2.9227,2.9227,3
2026-02-24 08:35:00,2.9172,2.9187,2.9137,2.9147,2.9222,2.9237,2.9187,2.9197,21
2026-02-24 08:36:00,2.9152,2.9157,2.9152,2.9152,2.9202,2.9207,2.9202,2.9202,3
2026-02-24 08:37:00,2.9157,2.9167,2.9157,2.9162,2.9207,2.9217,2.9207,2.9212,3
2026-02-24 08:38:00,2.9167,2.9167,2.9142,2.9147,2.9217,2.9217,2.9192,2.9197,9
2026-02-24 08:39:00,2.9137,2.9152,2.9137,2.9142,2.9187,2.9202,2.9187,2.9192,8
2026-02-24 08:40:00,2.9147,2.9152,2.9147,2.9152,2.9197,2.9202,2.9197,2.9202,2
2026-02-24 08:41:00,2.9147,2.9147,2.9127,2.9127,2.9197,2.9197,2.9177,2.9177,6
2026-02-24 08:42:00,2.9132,2.9137,2.9132,2.9132,2.9182,2.9187,2.9182,2.9182,3
2026-02-24 08:43:00,2.9137,2.9137,2.9117,2.9117,2.9187,2.9187,2.9167,2.9167,5
2026-02-24 08:44:00,2.9127,2.9137,2.9127,2.9127,2.9177,2.9187,2.9177,2.9177,3
2026-02-24 08:45:00,2.9137,2.9157,2.9132,2.9152,2.9187,2.9207,2.9182,2.9202,15
2026-02-24 08:46:00,2.9142,2.9147,2.9142,2.9142,2.9192,2.9197,2.9192,2.9192,3
2026-02-24 08:47:00,2.9152,2.9167,2.9147,2.9152,2.9202,2.9217,2.9197,2.9202,9
2026-02-24 08:48:00,2.9147,2.9177,2.9147,2.9167,2.9197,2.9227,2.9197,2.9217,7
2026-02-24 08:49:00,2.9172,2.9172,2.9162,2.9167,2.9222,2.9222,2.9212,2.9217,5
2026-02-24 08:50:00,2.9172,2.9172,2.9172,2.9172,2.9222,2.9222,2.9222,2.9222,1
2026-02-24 08:51:00,2.9167,2.9192,2.9167,2.9187,2.9217,2.9242,2.9217,2.9237,9
2026-02-24 08:52:00,2.9182,2.9192,2.9182,2.9182,2.9232,2.9242,2.9232,2.9232,3
2026-02-24 08:53:00,2.9187,2.9187,2.9182,2.9182,2.9237,2.9237,2.9232,2.9232,2
2026-02-24 08:54:00,2.9177,2.9177,2.9157,2.9177,2.9227,2.9227,2.9207,2.9227,11
2026-02-24 08:55:00,2.9182,2.9182,2.9167,2.9167,2.9232,2.9232,2.9217,2.9217,4
2026-02-24 08:56:00,2.9162,2.9202,2.9162,2.9202,2.9212,2.9252,2.9212,2.9252,11
2026-02-24 08:57:00,2.9197,2.9197,2.9177,2.9177,2.9247,2.9247,2.9227,2.9227,8
2026-02-24 08:58:00,2.9172,2.9172,2.9147,2.9157,2.9222,2.9222,2.9197,2.9207,10
2026-02-24 08:59:00,2.9147,2.9162,2.9137,2.9147,2.9197,2.9212,2.9187,2.9197,6
2026-02-24 09:00:00,2.9142,2.9147,2.9127,2.9147,2.9192,2.9197,2.9177,2.9197,7
2026-02-24 09:01:00,2.9137,2.9152,2.9137,2.9147,2.9187,2.9202,2.9187,2.9197,6
2026-02-24 09:02:00,2.9152,2.9167,2.9137,2.9152,2.9202,2.9217,2.9187,2.9202,11
2026-02-24 09:04:00,2.9157,2.9167,2.9157,2.9162,2.9207,2.9217,2.9207,2.9212,6
2026-02-24 09:05:00,2.9167,2.9177,2.9157,2.9157,2.9217,2.9227,2.9207,2.9207,6
2026-02-24 09:06:00,2.9152,2.9177,2.9147,2.9167,2.9202,2.9227,2.9197,2.9217,10
2026-02-24 09:07:00,2.9172,2.9207,2.9172,2.9192,2.9222,2.9257,2.9222,2.9242,10
2026-02-24 09:08:00,2.9197,2.9202,2.9197,2.9197,2.9247,2.9252,2.9247,2.9247,3
2026-02-24 09:09:00,2.9202,2.9227,2.9202,2.9212,2.9252,2.9277,2.9252,2.9262,9
2026-02-24 09:10:00,2.9217,2.9227,2.9212,2.9212,2.9267,2.9277,2.9262,2.9262,6
2026-02-24 09:11:00,2.9207,2.9222,2.9207,2.9222,2.9257,2.9272,2.9257,2.9272,4
2026-02-24 09:12:00,2.9212,2.9212,2.9182,2.9197,2.9262,2.9262,2.9232,2.9247,6
2026-02-24 09:13:00,2.9202,2.9202,2.9182,2.9202,2.9252,2.9252,2.9232,2.9252,6
2026-02-24 09:14:00,2.9207,2.9222,2.9207,2.9222,2.9257,2.9272,2.9257,2.9272,3
2026-02-24 09:15:00,2.9217,2.9217,2.9212,2.9212,2.9267,2.9267,2.9262,2.9262,2
2026-02-24 09:16:00,2.9222,2.9232,2.9222,2.9222,2.9272,2.9282,2.9272,2.9272,4
2026-02-24 09:17:00,2.9217,2.9247,2.9207,2.9237,2.9267,2.9297,2.9257,2.9287,17
2026-02-24 09:18:00,2.9232,2.9237,2.9212,2.9212,2.9282,2.9287,2.9262,2.9262,7
2026-02-24 09:19:00,2.9207,2.9212,2.9197,2.9212,2.9257,2.9262,2.9247,2.9262,5
2026-02-24 09:22:00,2.9202,2.9217,2.9197,2.9212,2.9252,2.9267,2.9247,2.9262,7
2026-02-24 09:23:00,2.9222,2.9222,2.9222,2.9222,2.9272,2.9272,2.9272,2.9272,1
2026-02-24 09:24:00,2.9227,2.9257,2.9222,2.9247,2.9277,2.9307,2.9272,2.9297,9
2026-02-24 09:25:00,2.9252,2.9292,2.9252,2.9292,2.9302,2.9342,2.9302,2.9342,7
2026-02-24 09:26:00,2.9287,2.9312,2.9277,2.9302,2.9337,2.9362,2.9327,2.9352,24
2026-02-24 09:27:00,2.9297,2.9297,2.9277,2.9282,2.9347,2.9347,2.9327,2.9332,7
2026-02-24 09:28:00,2.9277,2.9277,2.9257,2.9267,2.9327,2.9327,2.9307,2.9317,5
2026-02-24 09:29:00,2.9252,2.9267,2.9252,2.9267,2.9302,2.9317,2.9302,2.9317,3
2026-02-24 09:30:00,2.9262,2.9262,2.9247,2.9247,2.9312,2.9312,2.9297,2.9297,5
2026-02-24 09:31:00,2.9252,2.9257,2.9252,2.9252,2.9302,2.9307,2.9302,2.9302,3
2026-02-24 09:32:00,2.9257,2.9257,2.9242,2.9242,2.9307,2.9307,2.9292,2.9292,3
2026-02-24 09:33:00,2.9257,2.9267,2.9257,2.9267,2.9307,2.9317,2.9307,2.9317,2
2026-02-24 09:34:00,2.9277,2.9277,2.9267,2.9272,2.9327,2.9327,2.9317,2.9322,3
2026-02-24 09:35:00,2.9262,2.9262,2.9237,2.9257,2.9312,2.9312,2.9287,2.9307,5
2026-02-24 09:36:00,2.9247,2.9252,2.9247,2.9247,2.9297,2.9302,2.9297,2.9297,5
2026-02-24 09:37:00,2.9252,2.9262,2.9252,2.9262,2.9302,2.9312,2.9302,2.9312,3
2026-02-24 09:38:00,2.9267,2.9277,2.9262,2.9267,2.9317,2.9327,2.9312,2.9317,5
2026-02-24 09:39:00,2.9272,2.9272,2.9267,2.9272,2.9322,2.9322,2.9317,2.9322,5
2026-02-24 09:40:00,2.9277,2.9277,2.9267,2.9267,2.9327,2.9327,2.9317,2.9317,3
2026-02-24 09:41:00,2.9262,2.9262,2.9257,2.9262,2.9312,2.9312,2.9307,2.9312,3
2026-02-24 09:42:00,2.9272,2.9272,2.9262,2.9262,2.9322,2.9322,2.9312,2.9312,2
2026-02-24 09:43:00,2.9267,2.9267,2.9257,2.9257,2.9317,2.9317,2.9307,2.9307,3
2026-02-24 09:44:00,2.9252,2.9252,2.9247,2.9252,2.9302,2.9302,2.9297,2.9302,3
2026-02-24 09:46:00,2.9247,2.9252,2.9237,2.9237,2.9297,2.9302,2.9287,2.9287,4
2026-02-24 09:47:00,2.9242,2.9257,2.9242,2.9257,2.9292,2.9307,2.9292,2.9307,4
2026-02-24 09:48:00,2.9262,2.9267,2.9247,2.9247,2.9312,2.9317,2.9297,2.9297,8
2026-02-24 09:49:00,2.9237,2.9237,2.9237,2.9237,2.9287,2.9287,2.9287,2.9287,1
2026-02-24 09:51:00,2.9232,2.9232,2.9222,2.9232,2.9282,2.9282,2.9272,2.9282,5
2026-02-24 09:52:00,2.9227,2.9247,2.9227,2.9242,2.9277,2.9297,2.9277,2.9292,5
2026-02-24 09:53:00,2.9247,2.9247,2.9237,2.9237,2.9297,2.9297,2.9287,2.9287,4
2026-02-24 09:54:00,2.9232,2.9237,2.9227,2.9227,2.9282,2.9287,2.9277,2.9277,4
2026-02-24 09:55:00,2.9222,2.9222,2.9222,2.9222,2.9272,2.9272,2.9272,2.9272,1
2026-02-24 10:00:00,2.9237,2.9237,2.9217,2.9222,2.9287,2.9287,2.9267,2.9272,23
2026-02-24 10:01:00,2.9217,2.9227,2.9217,2.9227,2.9267,2.9277,2.9267,2.9277,7
2026-02-24 10:02:00,2.9237,2.9247,2.9237,2.9237,2.9287,2.9297,2.9287,2.9287,4
2026-02-24 10:03:00,2.9242,2.9247,2.9242,2.9242,2.9292,2.9297,2.9292,2.9292,3
2026-02-24 10:04:00,2.9237,2.9247,2.9237,2.9247,2.9287,2.9297,2.9287,2.9297,2
2026-02-24 10:05:00,2.9252,2.9252,2.9247,2.9252,2.9302,2.9302,2.9297,2.9302,3
2026-02-24 10:06:00,2.9247,2.9247,2.9242,2.9242,2.9297,2.9297,2.9292,2.9292,2
2026-02-24 10:07:00,2.9247,2.9247,2.9247,2.9247,2.9297,2.9297,2.9297,2.9297,1
2026-02-24 10:08:00,2.9242,2.9242,2.9232,2.9232,2.9292,2.9292,2.9282,2.9282,2
2026-02-24 10:09:00,2.9237,2.9237,2.9212,2.9212,2.9287,2.9287,2.9262,2.9262,7
2026-02-24 10:10:00,2.9207,2.9207,2.9187,2.9192,2.9257,2.9257,2.9237,2.9242,8
2026-02-24 10:11:00,2.9202,2.9217,2.9192,2.9192,2.9252,2.9267,2.9242,2.9242,11
2026-02-24 10:12:00,2.9197,2.9197,2.9187,2.9192,2.9247,2.9247,2.9237,2.9242,6
2026-02-24 10:13:00,2.9187,2.9187,2.9187,2.9187,2.9237,2.9237,2.9237,2.9237,1
2026-02-24 10:14:00,2.9192,2.9192,2.9182,2.9182,2.9242,2.9242,2.9232,2.9232,2
2026-02-24 10:16:00,2.9177,2.9187,2.9167,2.9172,2.9227,2.9237,2.9217,2.9222,9
2026-02-24 10:18:00,2.9177,2.9187,2.9177,2.9187,2.9227,2.9237,2.9227,2.9237,6
2026-02-24 10:22:00,2.9182,2.9182,2.9182,2.9182,2.9232,2.9232,2.9232,2.9232,1
2026-02-24 10:23:00,2.9172,2.9182,2.9167,2.9182,2.9222,2.9232,2.9217,2.9232,3
2026-02-24 10:24:00,2.9187,2.9187,2.9182,2.9182,2.9237,2.9237,2.9232,2.9232,2
2026-02-24 10:25:00,2.9187,2.9187,2.9177,2.9177,2.9237,2.9237,2.9227,2.9227,2
2026-02-24 10:26:00,2.9172,2.9172,2.9147,2.9157,2.9222,2.9222,2.9197,2.9207,9
2026-02-24 10:27:00,2.9137,2.9147,2.9127,2.9147,2.9187,2.9197,2.9177,2.9197,5
2026-02-24 10:28:00,2.9157,2.9177,2.9157,2.9177,2.9207,2.9227,2.9207,2.9227,3
2026-02-24 10:29:00,2.9182,2.9182,2.9182,2.9182,2.9232,2.9232,2.9232,2.9232,1
2026-02-24 10:30:00,2.9177,2.9187,2.9172,2.9177,2.9227,2.9237,2.9222,2.9227,6
2026-02-24 10:31:00,2.9182,2.9187,2.9182,2.9182,2.9232,2.9237,2.9232,2.9232,5
2026-02-24 10:32:00,2.9187,2.9192,2.9177,2.9192,2.9237,2.9242,2.9227,2.9242,4
2026-02-24 10:33:00,2.9187,2.9187,2.9182,2.9182,2.9237,2.9237,2.9232,2.9232,2
2026-02-24 10:34:00,2.9187,2.9187,2.9172,2.9172,2.9237,2.9237,2.9222,2.9222,6
2026-02-24 10:35:00,2.9177,2.9207,2.9172,2.9197,2.9227,2.9257,2.9222,2.9247,8
2026-02-24 10:36:00,2.9192,2.9202,2.9192,2.9202,2.9242,2.9252,2.9242,2.9252,2
2026-02-24 10:37:00,2.9192,2.9192,2.9177,2.9177,2.9242,2.9242,2.9227,2.9227,3
2026-02-24 10:38:00,2.9182,2.9182,2.9182,2.9182,2.9232,2.9232,2.9232,2.9232,1
2026-02-24 10:39:00,2.9187,2.9197,2.9187,2.9197,2.9237,2.9247,2.9237,2.9247,3
2026-02-24 10:40:00,2.9192,2.9192,2.9177,2.9177,2.9242,2.9242,2.9227,2.9227,5
2026-02-24 10:41:00,2.9182,2.9182,2.9177,2.9177,2.9232,2.9232,2.9227,2.9227,2
2026-02-24 10:42:00,2.9182,2.9182,2.9177,2.9177,2.9232,2.9232,2.9227,2.9227,4
2026-02-24 10:43:00,2.9182,2.9182,2.9137,2.9137,2.9232,2.9232,2.9187,2.9187,8
2026-02-24 10:44:00,2.9127,2.9137,2.9127,2.9137,2.9177,2.9187,2.9177,2.9187,2
2026-02-24 10:45:00,2.9142,2.9142,2.9127,2.9127,2.9192,2.9192,2.9177,2.9177,3
2026-02-24 10:46:00,2.9122,2.9122,2.9122,2.9122,2.9172,2.9172,2.9172,2.9172,1
2026-02-24 10:47:00,2.9117,2.9122,2.9117,2.9122,2.9167,2.9172,2.9167,2.9172,2
2026-02-24 10:48:00,2.9117,2.9127,2.9117,2.9122,2.9167,2.9177,2.9167,2.9172,5
2026-02-24 10:49:00,2.9127,2.9137,2.9117,2.9137,2.9177,2.9187,2.9167,2.9187,17
2026-02-24 10:50:00,2.9132,2.9132,2.9132,2.9132,2.9182,2.9182,2.9182,2.9182,1
2026-02-24 10:51:00,2.9142,2.9157,2.9137,2.9157,2.9192,2.9207,2.9187,2.9207,6
2026-02-24 10:52:00,2.9152,2.9182,2.9152,2.9182,2.9202,2.9232,2.9202,2.9232,9
2026-02-24 10:53:00,2.9177,2.9177,2.9177,2.9177,2.9227,2.9227,2.9227,2.9227,1
2026-02-24 10:54:00,2.9182,2.9182,2.9182,2.9182,2.9232,2.9232,2.9232,2.9232,1
2026-02-24 10:55:00,2.9167,2.9167,2.9167,2.9167,2.9217,2.9217,2.9217,2.9217,1
2026-02-24 10:56:00,2.9172,2.9172,2.9172,2.9172,2.9222,2.9222,2.9222,2.9222,1
2026-02-24 10:57:00,2.9177,2.9177,2.9167,2.9172,2.9227,2.9227,2.9217,2.9222,5
2026-02-24 10:58:00,2.9167,2.9167,2.9147,2.9152,2.9217,2.9217,2.9197,2.9202,6
2026-02-24 10:59:00,2.9157,2.9167,2.9157,2.9162,2.9207,2.9217,2.9207,2.9212,6
2026-02-24 11:00:00,2.9157,2.9167,2.9152,2.9152,2.9207,2.9217,2.9202,2.9202,8
2026-02-24 11:01:00,2.9157,2.9157,2.9157,2.9157,2.9207,2.9207,2.9207,2.9207,1
2026-02-24 11:02:00,2.9167,2.9167,2.9147,2.9147,2.9217,2.9217,2.9197,2.9197,3
2026-02-24 11:03:00,2.9152,2.9152,2.9147,2.9147,2.9202,2.9202,2.9197,2.9197,4
2026-02-24 11:04:00,2.9157,2.9157,2.9157,2.9157,2.9207,2.9207,2.9207,2.9207,1
2026-02-24 11:05:00,2.9167,2.9167,2.9152,2.9157,2.9217,2.9217,2.9202,2.9207,5
2026-02-24 11:06:00,2.9162,2.9167,2.9147,2.9157,2.9212,2.9217,2.9197,2.9207,6
2026-02-24 11:07:00,2.9152,2.9157,2.9152,2.9157,2.9202,2.9207,2.9202,2.9207,2
2026-02-24 11:08:00,2.9152,2.9152,2.9152,2.9152,2.9202,2.9202,2.9202,2.9202,1
2026-02-24 11:09:00,2.9147,2.9147,2.9122,2.9137,2.9197,2.9197,2.9172,2.9187,12
2026-02-24 11:10:00,2.9132,2.9137,2.9122,2.9127,2.9182,2.9187,2.9172,2.9177,6
2026-02-24 11:11:00,2.9137,2.9137,2.9097,2.9112,2.9187,2.9187,2.9147,2.9162,11
2026-02-24 11:12:00,2.9107,2.9107,2.9087,2.9087,2.9157,2.9157,2.9137,2.9137,8
2026-02-24 11:13:00,2.9097,2.9097,2.9087,2.9087,2.9147,2.9147,2.9137,2.9137,4
2026-02-24 11:14:00,2.9092,2.9097,2.9087,2.9092,2.9142,2.9147,2.9137,2.9142,8
2026-02-24 11:15:00,2.9087,2.9097,2.9082,2.9092,2.9137,2.9147,2.9132,2.9142,7
2026-02-24 11:16:00,2.9087,2.9102,2.9087,2.9102,2.9137,2.9152,2.9137,2.9152,3
2026-02-24 11:17:00,2.9097,2.9097,2.9097,2.9097,2.9147,2.9147,2.9147,2.9147,1
2026-02-24 11:18:00,2.9107,2.9117,2.9107,2.9112,2.9157,2.9167,2.9157,2.9162,4
2026-02-24 11:19:00,2.9117,2.9127,2.9112,2.9112,2.9167,2.9177,2.9162,2.9162,11
2026-02-24 11:20:00,2.9117,2.9117,2.9117,2.9117,2.9167,2.9167,2.9167,2.9167,1
2026-02-24 11:21:00,2.9112,2.9117,2.9112,2.9117,2.9162,2.9167,2.9162,2.9167,2
2026-02-24 11:27:00,2.9107,2.9117,2.9087,2.9087,2.9157,2.9167,2.9137,2.9137,7
2026-02-24 11:28:00,2.9092,2.9092,2.9057,2.9057,2.9142,2.9142,2.9107,2.9107,10
2026-02-24 11:29:00,2.9062,2.9062,2.9062,2.9062,2.9112,2.9112,2.9112,2.9112,1
2026-02-24 11:30:00,2.9072,2.9087,2.9072,2.9087,2.9122,2.9137,2.9122,2.9137,10
2026-02-24 11:31:00,2.9082,2.9087,2.9082,2.9087,2.9132,2.9137,2.9132,2.9137,4
2026-02-24 11:32:00,2.9092,2.9092,2.9092,2.9092,2.9142,2.9142,2.9142,2.9142,1
2026-02-24 11:33:00,2.9097,2.9102,2.9097,2.9097,2.9147,2.9152,2.9147,2.9147,3
2026-02-24 11:34:00,2.9102,2.9102,2.9102,2.9102,2.9152,2.9152,2.9152,2.9152,1
2026-02-24 11:35:00,2.9097,2.9107,2.9067,2.9067,2.9147,2.9157,2.9117,2.9117,8
2026-02-24 11:36:00,2.9072,2.9077,2.9062,2.9062,2.9122,2.9127,2.9112,2.9112,4
2026-02-24 11:37:00,2.9057,2.9057,2.9047,2.9047,2.9107,2.9107,2.9097,2.9097,4
2026-02-24 11:38:00,2.9052,2.9052,2.9027,2.9027,2.9102,2.9102,2.9077,2.9077,8
2026-02-24 11:39:00,2.9032,2.9032,2.9027,2.9027,2.9082,2.9082,2.9077,2.9077,4
2026-02-24 11:41:00,2.9017,2.9017,2.8937,2.8952,2.9067,2.9067,2.8987,2.9002,33
2026-02-24 11:42:00,2.8957,2.8977,2.8927,2.8977,2.9007,2.9027,2.8977,2.9027,16
2026-02-24 11:43:00,2.8967,2.8967,2.8957,2.8957,2.9017,2.9017,2.9007,2.9007,13
2026-02-24 11:44:00,2.8942,2.8957,2.8942,2.8957,2.8992,2.9007,2.8992,2.9007,9
2026-02-24 11:45:00,2.8952,2.8962,2.8937,2.8947,2.9002,2.9012,2.8987,2.8997,12
2026-02-24 11:46:00,2.8937,2.8947,2.8927,2.8942,2.8987,2.8997,2.8977,2.8992,6
2026-02-24 11:47:00,2.8947,2.8947,2.8932,2.8937,2.8997,2.8997,2.8982,2.8987,8
2026-02-24 11:48:00,2.8932,2.8952,2.8927,2.8952,2.8982,2.9002,2.8977,2.9002,9
2026-02-24 11:49:00,2.8947,2.8977,2.8947,2.8972,2.8997,2.9027,2.8997,2.9022,9
2026-02-24 11:50:00,2.8967,2.8967,2.8947,2.8947,2.9017,2.9017,2.8997,2.8997,8
2026-02-24 11:51:00,2.8942,2.8942,2.8927,2.8942,2.8992,2.8992,2.8977,2.8992,8
2026-02-24 11:53:00,2.8952,2.8952,2.8932,2.8932,2.9002,2.9002,2.8982,2.8982,7
2026-02-24 11:54:00,2.8947,2.8947,2.8947,2.8947,2.8997,2.8997,2.8997,2.8997,1
2026-02-24 11:55:00,2.8952,2.8957,2.8947,2.8947,2.9002,2.9007,2.8997,2.8997,9
2026-02-24 11:57:00,2.8952,2.8962,2.8947,2.8957,2.9002,2.9012,2.8997,2.9007,9
2026-02-24 11:58:00,2.8962,2.8962,2.8957,2.8957,2.9012,2.9012,2.9007,2.9007,2
2026-02-24 11:59:00,2.8952,2.8952,2.8927,2.8927,2.9002,2.9002,2.8977,2.8977,8
2026-02-24 12:00:00,2.8922,2.8952,2.8922,2.8922,2.8972,2.9002,2.8972,2.8972,20
2026-02-24 12:01:00,2.8927,2.8937,2.8922,2.8922,2.8977,2.8987,2.8972,2.8972,7
2026-02-24 12:02:00,2.8927,2.8967,2.8927,2.8967,2.8977,2.9017,2.8977,2.9017,10
2026-02-24 12:03:00,2.8972,2.8972,2.8927,2.8927,2.9022,2.9022,2.8977,2.8977,6
2026-02-24 12:04:00,2.8937,2.8937,2.8777,2.8797,2.8987,2.8987,2.8827,2.8847,53
2026-02-24 12:05:00,2.8802,2.8827,2.8797,2.8817,2.8852,2.8877,2.8847,2.8867,22
2026-02-24 12:06:00,2.8807,2.8837,2.8792,2.8832,2.8857,2.8887,2.8842,2.8882,16
2026-02-24 12:07:00,2.8837,2.8837,2.8822,2.8822,2.8887,2.8887,2.8872,2.8872,4
2026-02-24 12:08:00,2.8817,2.8827,2.8812,2.8822,2.8867,2.8877,2.8862,2.8872,18
2026-02-24 12:09:00,2.8827,2.8847,2.8812,2.8812,2.8877,2.8897,2.8862,2.8862,15
2026-02-24 12:10:00,2.8807,2.8807,2.8767,2.8777,2.8857,2.8857,2.8817,2.8827,12
2026-02-24 12:11:00,2.8772,2.8777,2.8767,2.8777,2.8822,2.8827,2.8817,2.8827,11
2026-02-24 12:12:00,2.8767,2.8797,2.8757,2.8787,2.8817,2.8847,2.8807,2.8837,23
2026-02-24 12:13:00,2.8782,2.8797,2.8777,2.8782,2.8832,2.8847,2.8827,2.8832,11
2026-02-24 12:14:00,2.8787,2.8792,2.8782,2.8792,2.8837,2.8842,2.8832,2.8842,4
2026-02-24 12:15:00,2.8797,2.8797,2.8777,2.8787,2.8847,2.8847,2.8827,2.8837,7
2026-02-24 12:16:00,2.8797,2.8802,2.8782,2.8782,2.8847,2.8852,2.8832,2.8832,11
2026-02-24 12:17:00,2.8787,2.8797,2.8787,2.8792,2.8837,2.8847,2.8837,2.8842,13
2026-02-24 12:18:00,2.8797,2.8837,2.8797,2.8837,2.8847,2.8887,2.8847,2.8887,13
2026-02-24 12:19:00,2.8832,2.8837,2.8817,2.8832,2.8882,2.8887,2.8867,2.8882,12
2026-02-24 12:20:00,2.8837,2.8837,2.8787,2.8792,2.8887,2.8887,2.8837,2.8842,17
2026-02-24 12:21:00,2.8787,2.8792,2.8777,2.8782,2.8837,2.8842,2.8827,2.8832,12
2026-02-24 12:22:00,2.8787,2.8787,2.8777,2.8787,2.8837,2.8837,2.8827,2.8837,6
2026-02-24 12:23:00,2.8782,2.8787,2.8747,2.8762,2.8832,2.8837,2.8797,2.8812,20
2026-02-24 12:24:00,2.8757,2.8762,2.8717,2.8747,2.8807,2.8812,2.8767,2.8797,17
2026-02-24 12:25:00,2.8737,2.8742,2.8727,2.8732,2.8787,2.8792,2.8777,2.8782,12
2026-02-24 12:26:00,2.8727,2.8732,2.8717,2.8717,2.8777,2.8782,2.8767,2.8767,9
2026-02-24 12:27:00,2.8707,2.8727,2.8697,2.8697,2.8757,2.8777,2.8747,2.8747,13
2026-02-24 12:28:00,2.8692,2.8697,2.8692,2.8697,2.8742,2.8747,2.8742,2.8747,2
2026-02-24 12:29:00,2.8707,2.8717,2.8692,2.8692,2.8757,2.8767,2.8742,2.8742,10
2026-02-24 12:30:00,2.8682,2.8737,2.8672,2.8727,2.8732,2.8787,2.8722,2.8777,30
2026-02-24 12:31:00,2.8732,2.8732,2.8667,2.8667,2.8782,2.8782,2.8717,2.8717,20
2026-02-24 12:32:00,2.8662,2.8672,2.8637,2.8652,2.8712,2.8722,2.8687,2.8702,15
2026-02-24 12:33:00,2.8647,2.8662,2.8637,2.8652,2.8697,2.8712,2.8687,2.8702,20
2026-02-24 12:34:00,2.8657,2.8667,2.8637,2.8657,2.8707,2.8717,2.8687,2.8707,9
2026-02-24 12:35:00,2.8662,2.8662,2.8642,2.8642,2.8712,2.8712,2.8692,2.8692,12
2026-02-24 12:36:00,2.8637,2.8637,2.8627,2.8632,2.8687,2.8687,2.8677,2.8682,8
2026-02-24 12:37:00,2.8617,2.8642,2.8617,2.8627,2.8667,2.8692,2.8667,2.8677,10
2026-02-24 12:38:00,2.8622,2.8622,2.8607,2.8607,2.8672,2.8672,2.8657,2.8657,15
2026-02-24 12:39:00,2.8597,2.8617,2.8587,2.8607,2.8647,2.8667,2.8637,2.8657,18
2026-02-24 12:40:00,2.8612,2.8647,2.8612,2.8642,2.8662,2.8697,2.8662,2.8692,32
2026-02-24 12:41:00,2.8637,2.8657,2.8637,2.8642,2.8687,2.8707,2.8687,2.8692,6
2026-02-24 12:42:00,2.8647,2.8677,2.8642,2.8672,2.8697,2.8727,2.8692,2.8722,15
2026-02-24 12:43:00,2.8667,2.8687,2.8657,2.8677,2.8717,2.8737,2.8707,2.8727,16
2026-02-24 12:44:00,2.8687,2.8687,2.8652,2.8657,2.8737,2.8737,2.8702,2.8707,14
2026-02-24 12:45:00,2.8642,2.8662,2.8612,2.8612,2.8692,2.8712,2.8662,2.8662,12
2026-02-24 12:46:00,2.8602,2.8612,2.8587,2.8612,2.8652,2.8662,2.8637,2.8662,16
2026-02-24 12:47:00,2.8607,2.8632,2.8607,2.8622,2.8657,2.8682,2.8657,2.8672,18
2026-02-24 12:48:00,2.8627,2.8637,2.8617,2.8627,2.8677,2.8687,2.8667,2.8677,11
2026-02-24 12:49:00,2.8637,2.8722,2.8637,2.8712,2.8687,2.8772,2.8687,2.8762,28
2026-02-24 12:50:00,2.8722,2.8737,2.8717,2.8727,2.8772,2.8787,2.8767,2.8777,22
2026-02-24 12:51:00,2.8732,2.8737,2.8707,2.8707,2.8782,2.8787,2.8757,2.8757,17
2026-02-24 12:52:00,2.8712,2.8732,2.8687,2.8697,2.8762,2.8782,2.8737,2.8747,18
2026-02-24 12:53:00,2.8707,2.8707,2.8687,2.8687,2.8757,2.8757,2.8737,2.8737,9
2026-02-24 12:54:00,2.8682,2.8687,2.8667,2.8682,2.8732,2.8737,2.8717,2.8732,19
2026-02-24 12:55:00,2.8687,2.8687,2.8652,2.8652,2.8737,2.8737,2.8702,2.8702,13
2026-02-24 12:56:00,2.8657,2.8657,2.8647,2.8652,2.8707,2.8707,2.8697,2.8702,4
2026-02-24 12:57:00,2.8647,2.8677,2.8637,2.8667,2.8697,2.8727,2.8687,2.8717,19
2026-02-24 12:58:00,2.8672,2.8687,2.8672,2.8682,2.8722,2.8737,2.8722,2.8732,10
2026-02-24 12:59:00,2.8677,2.8682,2.8677,2.8682,2.8727,2.8732,2.8727,2.8732,4
2026-02-24 13:00:00,2.8687,2.8732,2.8677,2.8732,2.8737,2.8782,2.8727,2.8782,24
2026-02-24 13:01:00,2.8727,2.8737,2.8692,2.8697,2.8777,2.8787,2.8742,2.8747,22
2026-02-24 13:02:00,2.8687,2.8707,2.8667,2.8702,2.8737,2.8757,2.8717,2.8752,19
2026-02-24 13:03:00,2.8707,2.8707,2.8697,2.8707,2.8757,2.8757,2.8747,2.8757,4
2026-02-24 13:04:00,2.8717,2.8717,2.8702,2.8707,2.8767,2.8767,2.8752,2.8757,14
2026-02-24 13:05:00,2.8697,2.8707,2.8697,2.8707,2.8747,2.8757,2.8747,2.8757,6
2026-02-24 13:06:00,2.8717,2.8737,2.8707,2.8727,2.8767,2.8787,2.8757,2.8777,17
2026-02-24 13:07:00,2.8737,2.8737,2.8677,2.8682,2.8787,2.8787,2.8727,2.8732,21
2026-02-24 13:08:00,2.8687,2.8687,2.8667,2.8672,2.8737,2.8737,2.8717,2.8722,42
2026-02-24 13:09:00,2.8677,2.8677,2.8667,2.8677,2.8727,2.8727,2.8717,2.8727,9
2026-02-24 13:10:00,2.8682,2.8727,2.8682,2.8707,2.8732,2.8777,2.8732,2.8757,23
2026-02-24 13:11:00,2.8712,2.8727,2.8712,2.8717,2.8762,2.8777,2.8762,2.8767,11
2026-02-24 13:12:00,2.8722,2.8727,2.8707,2.8712,2.8772,2.8777,2.8757,2.8762,9
2026-02-24 13:13:00,2.8717,2.8717,2.8697,2.8717,2.8767,2.8767,2.8747,2.8767,9
2026-02-24 13:14:00,2.8712,2.8712,2.8657,2.8667,2.8762,2.8762,2.8707,2.8717,33
2026-02-24 13:15:00,2.8677,2.8687,2.8657,2.8687,2.8727,2.8737,2.8707,2.8737,22
2026-02-24 13:16:00,2.8692,2.8692,2.8657,2.8682,2.8742,2.8742,2.8707,2.8732,19
2026-02-24 13:17:00,2.8687,2.8687,2.8677,2.8687,2.8737,2.8737,2.8727,2.8737,8
2026-02-24 13:18:00,2.8677,2.8682,2.8652,2.8657,2.8727,2.8732,2.8702,2.8707,15
2026-02-24 13:19:00,2.8647,2.8647,2.8582,2.8597,2.8697,2.8697,2.8632,2.8647,24
2026-02-24 13:20:00,2.8592,2.8622,2.8532,2.8537,2.8642,2.8672,2.8582,2.8587,30
2026-02-24 13:21:00,2.8542,2.8577,2.8537,2.8577,2.8592,2.8627,2.8587,2.8627,15
2026-02-24 13:22:00,2.8572,2.8587,2.8567,2.8587,2.8622,2.8637,2.8617,2.8637,12
2026-02-24 13:23:00,2.8582,2.8597,2.8552,2.8597,2.8632,2.8647,2.8602,2.8647,14
2026-02-24 13:24:00,2.8607,2.8607,2.8597,2.8602,2.8657,2.8657,2.8647,2.8652,4
2026-02-24 13:25:00,2.8597,2.8597,2.8572,2.8582,2.8647,2.8647,2.8622,2.8632,12
2026-02-24 13:26:00,2.8587,2.8617,2.8547,2.8607,2.8637,2.8667,2.8597,2.8657,27
2026-02-24 13:27:00,2.8617,2.8617,2.8592,2.8597,2.8667,2.8667,2.8642,2.8647,5
2026-02-24 13:28:00,2.8602,2.8672,2.8602,2.8667,2.8652,2.8722,2.8652,2.8717,30
2026-02-24 13:29:00,2.8662,2.8662,2.8627,2.8627,2.8712,2.8712,2.8677,2.8677,13
2026-02-24 13:30:00,2.8642,2.8657,2.8577,2.8597,2.8692,2.8707,2.8627,2.8647,34
2026-02-24 13:31:00,2.8602,2.8607,2.8587,2.8587,2.8652,2.8657,2.8637,2.8637,11
2026-02-24 13:32:00,2.8592,2.8667,2.8592,2.8642,2.8642,2.8717,2.8642,2.8692,27
2026-02-24 13:33:00,2.8637,2.8647,2.8617,2.8647,2.8687,2.8697,2.8667,2.8697,13
2026-02-24 13:34:00,2.8642,2.8657,2.8627,2.8637,2.8692,2.8707,2.8677,2.8687,12
2026-02-24 13:35:00,2.8627,2.8672,2.8627,2.8667,2.8677,2.8722,2.8677,2.8717,11
2026-02-24 13:36:00,2.8662,2.8722,2.8662,2.8712,2.8712,2.8772,2.8712,2.8762,27
2026-02-24 13:37:00,2.8717,2.8717,2.8682,2.8692,2.8767,2.8767,2.8732,2.8742,18
2026-02-24 13:38:00,2.8687,2.8687,2.8637,2.8682,2.8737,2.8737,2.8687,2.8732,21
2026-02-24 13:39:00,2.8677,2.8727,2.8667,2.8722,2.8727,2.8777,2.8717,2.8772,16
2026-02-24 13:40:00,2.8717,2.8727,2.8717,2.8722,2.8767,2.8777,2.8767,2.8772,7
2026-02-24 13:41:00,2.8717,2.8717,2.8657,2.8657,2.8767,2.8767,2.8707,2.8707,12
2026-02-24 13:42:00,2.8662,2.8662,2.8652,2.8657,2.8712,2.8712,2.8702,2.8707,3
2026-02-24 13:43:00,2.8647,2.8647,2.8617,2.8637,2.8697,2.8697,2.8667,2.8687,23
2026-02-24 13:44:00,2.8647,2.8657,2.8627,2.8647,2.8697,2.8707,2.8677,2.8697,16
2026-02-24 13:45:00,2.8642,2.8642,2.8622,2.8632,2.8692,2.8692,2.8672,2.8682,10
2026-02-24 13:46:00,2.8637,2.8647,2.8617,2.8622,2.8687,2.8697,2.8667,2.8672,7
2026-02-24 13:47:00,2.8627,2.8647,2.8622,2.8627,2.8677,2.8697,2.8672,2.8677,9
2026-02-24 13:48:00,2.8622,2.8637,2.8617,2.8622,2.8672,2.8687,2.8667,2.8672,11
2026-02-24 13:49:00,2.8617,2.8617,2.8577,2.8587,2.8667,2.8667,2.8627,2.8637,35
2026-02-24 13:50:00,2.8582,2.8607,2.8547,2.8587,2.8632,2.8657,2.8597,2.8637,40
2026-02-24 13:51:00,2.8592,2.8617,2.8592,2.8607,2.8642,2.8667,2.8642,2.8657,11
2026-02-24 13:52:00,2.8602,2.8627,2.8597,2.8627,2.8652,2.8677,2.8647,2.8677,21
2026-02-24 13:53:00,2.8622,2.8632,2.8572,2.8587,2.8672,2.8682,2.8622,2.8637,29
2026-02-24 13:54:00,2.8592,2.8632,2.8562,2.8612,2.8642,2.8682,2.8612,2.8662,19
2026-02-24 13:55:00,2.8617,2.8627,2.8577,2.8607,2.8667,2.8677,2.8627,2.8657,19
2026-02-24 13:56:00,2.8602,2.8637,2.8597,2.8627,2.8652,2.8687,2.8647,2.8677,12
2026-02-24 13:57:00,2.8637,2.8637,2.8597,2.8597,2.8687,2.8687,2.8647,2.8647,15
2026-02-24 13:58:00,2.8602,2.8607,2.8592,2.8607,2.8652,2.8657,2.8642,2.8657,15
2026-02-24 13:59:00,2.8612,2.8627,2.8612,2.8622,2.8662,2.8677,2.8662,2.8672,12
2026-02-24 14:00:00,2.8617,2.8657,2.8587,2.8597,2.8667,2.8707,2.8637,2.8647,46
2026-02-24 14:01:00,2.8602,2.8767,2.8602,2.8747,2.8652,2.8817,2.8652,2.8797,64
2026-02-24 14:02:00,2.8757,2.8777,2.8727,2.8737,2.8807,2.8827,2.8777,2.8787,38
2026-02-24 14:03:00,2.8742,2.8747,2.8727,2.8747,2.8792,2.8797,2.8777,2.8797,12
2026-02-24 14:04:00,2.8727,2.8757,2.8702,2.8757,2.8777,2.8807,2.8752,2.8807,24
2026-02-24 14:05:00,2.8752,2.8797,2.8732,2.8797,2.8802,2.8847,2.8782,2.8847,44
2026-02-24 14:06:00,2.8802,2.8847,2.8797,2.8807,2.8852,2.8897,2.8847,2.8857,39
2026-02-24 14:07:00,2.8802,2.8887,2.8797,2.8887,2.8852,2.8937,2.8847,2.8937,25
2026-02-24 14:08:00,2.8882,2.8907,2.8852,2.8857,2.8932,2.8957,2.8902,2.8907,42
2026-02-24 14:09:00,2.8867,2.8872,2.8782,2.8792,2.8917,2.8922,2.8832,2.8842,28
2026-02-24 14:10:00,2.8787,2.8822,2.8777,2.8817,2.8837,2.8872,2.8827,2.8867,19
2026-02-24 14:11:00,2.8827,2.8837,2.8727,2.8812,2.8877,2.8887,2.8777,2.8862,35
2026-02-24 14:12:00,2.8817,2.8837,2.8782,2.8837,2.8867,2.8887,2.8832,2.8887,35
2026-02-24 14:13:00,2.8832,2.8832,2.8767,2.8777,2.8882,2.8882,2.8817,2.8827,41
2026-02-24 14:14:00,2.8782,2.8807,2.8782,2.8802,2.8832,2.8857,2.8832,2.8852,13
2026-02-24 14:15:00,2.8807,2.8827,2.8792,2.8812,2.8857,2.8877,2.8842,2.8862,25
2026-02-24 14:16:00,2.8807,2.8837,2.8797,2.8827,2.8857,2.8887,2.8847,2.8877,13
2026-02-24 14:17:00,2.8822,2.8857,2.8817,2.8827,2.8872,2.8907,2.8867,2.8877,21
2026-02-24 14:18:00,2.8832,2.8847,2.8817,2.8842,2.8882,2.8897,2.8867,2.8892,13
2026-02-24 14:19:00,2.8857,2.8882,2.8847,2.8867,2.8907,2.8932,2.8897,2.8917,17
2026-02-24 14:20:00,2.8862,2.8897,2.8847,2.8877,2.8912,2.8947,2.8897,2.8927,32
2026-02-24 14:21:00,2.8882,2.8952,2.8867,2.8937,2.8932,2.9002,2.8917,2.8987,37
2026-02-24 14:22:00,2.8932,2.8937,2.8867,2.8872,2.8982,2.8987,2.8917,2.8922,23
2026-02-24 14:23:00,2.8877,2.8912,2.8877,2.8907,2.8927,2.8962,2.8927,2.8957,10
2026-02-24 14:24:00,2.8912,2.8972,2.8902,2.8957,2.8962,2.9022,2.8952,2.9007,35
2026-02-24 14:25:00,2.8962,2.8972,2.8897,2.8897,2.9012,2.9022,2.8947,2.8947,30
2026-02-24 14:26:00,2.8907,2.8967,2.8892,2.8937,2.8957,2.9017,2.8942,2.8987,35
2026-02-24 14:27:00,2.8942,2.8972,2.8927,2.8972,2.8992,2.9022,2.8977,2.9022,9
2026-02-24 14:28:00,2.8962,2.8982,2.8952,2.8972,2.9012,2.9032,2.9002,2.9022,24
2026-02-24 14:29:00,2.8977,2.9002,2.8962,2.8967,2.9027,2.9052,2.9012,2.9017,24
2026-02-24 14:30:00,2.8972,2.8977,2.8877,2.8877,2.9022,2.9027,2.8927,2.8927,39
2026-02-24 14:31:00,2.8872,2.8922,2.8867,2.8887,2.8922,2.8972,2.8917,2.8937,28
2026-02-24 14:32:00,2.8882,2.8882,2.8787,2.8797,2.8932,2.8932,2.8837,2.8847,23
2026-02-24 14:33:00,2.8802,2.8807,2.8797,2.8797,2.8852,2.8857,2.8847,2.8847,9
2026-02-24 14:34:00,2.8787,2.8837,2.8777,2.8812,2.8837,2.8887,2.8827,2.8862,41
2026-02-24 14:35:00,2.8817,2.8827,2.8797,2.8817,2.8867,2.8877,2.8847,2.8867,18
2026-02-24 14:36:00,2.8827,2.8847,2.8817,2.8847,2.8877,2.8897,2.8867,2.8897,16
2026-02-24 14:37:00,2.8842,2.8897,2.8837,2.8857,2.8892,2.8947,2.8887,2.8907,19
2026-02-24 14:38:00,2.8852,2.8867,2.8837,2.8867,2.8902,2.8917,2.8887,2.8917,15
2026-02-24 14:39:00,2.8862,2.8947,2.8862,2.8937,2.8912,2.8997,2.8912,2.8987,25
2026-02-24 14:40:00,2.8942,2.8997,2.8917,2.8927,2.8992,2.9047,2.8967,2.8977,29
2026-02-24 14:41:00,2.8932,2.8957,2.8917,2.8947,2.8982,2.9007,2.8967,2.8997,31
2026-02-24 14:42:00,2.8952,2.8957,2.8907,2.8922,2.9002,2.9007,2.8957,2.8972,33
2026-02-24 14:43:00,2.8917,2.8927,2.8872,2.8872,2.8967,2.8977,2.8922,2.8922,17
2026-02-24 14:44:00,2.8862,2.8937,2.8832,2.8912,2.8912,2.8987,2.8882,2.8962,39
2026-02-24 14:45:00,2.8907,2.8932,2.8887,2.8917,2.8957,2.8982,2.8937,2.8967,19
2026-02-24 14:46:00,2.8922,2.8932,2.8897,2.8917,2.8972,2.8982,2.8947,2.8967,21
2026-02-24 14:47:00,2.8922,2.8937,2.8922,2.8927,2.8972,2.8987,2.8972,2.8977,15
2026-02-24 14:48:00,2.8937,2.8947,2.8922,2.8937,2.8987,2.8997,2.8972,2.8987,16
2026-02-24 14:49:00,2.8932,2.8932,2.8892,2.8897,2.8982,2.8982,2.8942,2.8947,14
2026-02-24 14:50:00,2.8902,2.8917,2.8902,2.8907,2.8952,2.8967,2.8952,2.8957,9
2026-02-24 14:51:00,2.8917,2.8932,2.8817,2.8832,2.8967,2.8982,2.8867,2.8882,43
2026-02-24 14:52:00,2.8827,2.8827,2.8782,2.8817,2.8877,2.8877,2.8832,2.8867,33
2026-02-24 14:53:00,2.8822,2.8832,2.8802,2.8807,2.8872,2.8882,2.8852,2.8857,15
2026-02-24 14:54:00,2.8812,2.8827,2.8777,2.8787,2.8862,2.8877,2.8827,2.8837,32
2026-02-24 14:55:00,2.8782,2.8792,2.8722,2.8737,2.8832,2.8842,2.8772,2.8787,31
2026-02-24 14:56:00,2.8742,2.8747,2.8727,2.8747,2.8792,2.8797,2.8777,2.8797,35
2026-02-24 14:57:00,2.8737,2.8787,2.8727,2.8727,2.8787,2.8837,2.8777,2.8777,38
2026-02-24 14:58:00,2.8722,2.8727,2.8697,2.8707,2.8772,2.8777,2.8747,2.8757,26
2026-02-24 14:59:00,2.8702,2.8707,2.8632,2.8682,2.8752,2.8757,2.8682,2.8732,43
2026-02-24 15:00:00,2.8687,2.8687,2.8607,2.8617,2.8737,2.8737,2.8657,2.8667,80
2026-02-24 15:01:00,2.8627,2.8642,2.8577,2.8597,2.8677,2.8692,2.8627,2.8647,47
2026-02-24 15:02:00,2.8607,2.8637,2.8597,2.8627,2.8657,2.8687,2.8647,2.8677,29
2026-02-24 15:03:00,2.8617,2.8762,2.8617,2.8757,2.8667,2.8812,2.8667,2.8807,70
2026-02-24 15:04:00,2.8752,2.8762,2.8717,2.8737,2.8802,2.8812,2.8767,2.8787,29
2026-02-24 15:05:00,2.8747,2.8787,2.8737,2.8747,2.8797,2.8837,2.8787,2.8797,34
2026-02-24 15:06:00,2.8752,2.8767,2.8697,2.8697,2.8802,2.8817,2.8747,2.8747,52
2026-02-24 15:07:00,2.8692,2.8732,2.8687,2.8707,2.8742,2.8782,2.8737,2.8757,30
2026-02-24 15:08:00,2.8702,2.8727,2.8667,2.8712,2.8752,2.8777,2.8717,2.8762,37
2026-02-24 15:09:00,2.8707,2.8767,2.8707,2.8727,2.8757,2.8817,2.8757,2.8777,37
2026-02-24 15:10:00,2.8722,2.8732,2.8647,2.8652,2.8772,2.8782,2.8697,2.8702,36
2026-02-24 15:11:00,2.8647,2.8697,2.8612,2.8627,2.8697,2.8747,2.8662,2.8677,36
2026-02-24 15:12:00,2.8622,2.8647,2.8607,2.8637,2.8672,2.8697,2.8657,2.8687,22
2026-02-24 15:13:00,2.8632,2.8697,2.8632,2.8682,2.8682,2.8747,2.8682,2.8732,17
2026-02-24 15:14:00,2.8687,2.8707,2.8687,2.8697,2.8737,2.8757,2.8737,2.8747,19
2026-02-24 15:15:00,2.8687,2.8687,2.8632,2.8637,2.8737,2.8737,2.8682,2.8687,22
2026-02-24 15:16:00,2.8632,2.8647,2.8622,2.8622,2.8682,2.8697,2.8672,2.8672,42
2026-02-24 15:17:00,2.8627,2.8657,2.8617,2.8637,2.8677,2.8707,2.8667,2.8687,28
2026-02-24 15:18:00,2.8647,2.8737,2.8647,2.8727,2.8697,2.8787,2.8697,2.8777,43
2026-02-24 15:19:00,2.8722,2.8747,2.8717,2.8737,2.8772,2.8797,2.8767,2.8787,36
2026-02-24 15:20:00,2.8732,2.8812,2.8717,2.8812,2.8782,2.8862,2.8767,2.8862,24
2026-02-24 15:21:00,2.8807,2.8862,2.8807,2.8862,2.8857,2.8912,2.8857,2.8912,49
2026-02-24 15:22:00,2.8857,2.8872,2.8772,2.8777,2.8907,2.8922,2.8822,2.8827,30
2026-02-24 15:23:00,2.8782,2.8782,2.8707,2.8717,2.8832,2.8832,2.8757,2.8767,27
2026-02-24 15:24:00,2.8707,2.8737,2.8707,2.8727,2.8757,2.8787,2.8757,2.8777,22
2026-02-24 15:25:00,2.8747,2.8787,2.8717,2.8767,2.8797,2.8837,2.8767,2.8817,19
2026-02-24 15:26:00,2.8777,2.8777,2.8697,2.8727,2.8827,2.8827,2.8747,2.8777,34
2026-02-24 15:27:00,2.8737,2.8777,2.8737,2.8762,2.8787,2.8827,2.8787,2.8812,27
2026-02-24 15:28:00,2.8757,2.8877,2.8747,2.8832,2.8807,2.8927,2.8797,2.8882,43
2026-02-24 15:29:00,2.8827,2.8857,2.8817,2.8837,2.8877,2.8907,2.8867,2.8887,26
2026-02-24 15:30:00,2.8847,2.8862,2.8752,2.8757,2.8897,2.8912,2.8802,2.8807,42
2026-02-24 15:31:00,2.8767,2.8807,2.8747,2.8782,2.8817,2.8857,2.8797,2.8832,38
2026-02-24 15:32:00,2.8772,2.8847,2.8757,2.8837,2.8822,2.8897,2.8807,2.8887,39
2026-02-24 15:33:00,2.8847,2.8877,2.8767,2.8807,2.8897,2.8927,2.8817,2.8857,39
2026-02-24 15:34:00,2.8817,2.8847,2.8797,2.8802,2.8867,2.8897,2.8847,2.8852,53
2026-02-24 15:35:00,2.8797,2.8817,2.8757,2.8797,2.8847,2.8867,2.8807,2.8847,67
2026-02-24 15:36:00,2.8792,2.8802,2.8747,2.8757,2.8842,2.8852,2.8797,2.8807,23
2026-02-24 15:37:00,2.8762,2.8762,2.8727,2.8732,2.8812,2.8812,2.8777,2.8782,25
2026-02-24 15:38:00,2.8737,2.8742,2.8727,2.8737,2.8787,2.8792,2.8777,2.8787,20
2026-02-24 15:39:00,2.8727,2.8767,2.8727,2.8747,2.8777,2.8817,2.8777,2.8797,30
2026-02-24 15:40:00,2.8752,2.8767,2.8737,2.8757,2.8802,2.8817,2.8787,2.8807,8
2026-02-24 15:41:00,2.8767,2.8777,2.8747,2.8767,2.8817,2.8827,2.8797,2.8817,33
2026-02-24 15:42:00,2.8777,2.8782,2.8757,2.8767,2.8827,2.8832,2.8807,2.8817,22
2026-02-24 15:43:00,2.8777,2.8787,2.8757,2.8777,2.8827,2.8837,2.8807,2.8827,19
2026-02-24 15:44:00,2.8787,2.8817,2.8777,2.8807,2.8837,2.8867,2.8827,2.8857,21
2026-02-24 15:45:00,2.8817,2.8847,2.8807,2.8817,2.8867,2.8897,2.8857,2.8867,39
2026-02-24 15:46:00,2.8807,2.8817,2.8782,2.8792,2.8857,2.8867,2.8832,2.8842,19
2026-02-24 15:47:00,2.8802,2.8832,2.8802,2.8827,2.8852,2.8882,2.8852,2.8877,25
2026-02-24 15:48:00,2.8832,2.8857,2.8832,2.8847,2.8882,2.8907,2.8882,2.8897,15
2026-02-24 15:49:00,2.8837,2.8847,2.8807,2.8817,2.8887,2.8897,2.8857,2.8867,35
2026-02-24 15:50:00,2.8812,2.8812,2.8767,2.8787,2.8862,2.8862,2.8817,2.8837,27
2026-02-24 15:51:00,2.8792,2.8827,2.8777,2.8817,2.8842,2.8877,2.8827,2.8867,18
2026-02-24 15:52:00,2.8822,2.8837,2.8817,2.8817,2.8872,2.8887,2.8867,2.8867,16
2026-02-24 15:53:00,2.8807,2.8817,2.8787,2.8802,2.8857,2.8867,2.8837,2.8852,24
2026-02-24 15:54:00,2.8807,2.8807,2.8747,2.8777,2.8857,2.8857,2.8797,2.8827,49
2026-02-24 15:55:00,2.8772,2.8792,2.8767,2.8782,2.8822,2.8842,2.8817,2.8832,19
2026-02-24 15:56:00,2.8787,2.8787,2.8747,2.8777,2.8837,2.8837,2.8797,2.8827,15
2026-02-24 15:57:00,2.8772,2.8867,2.8772,2.8847,2.8822,2.8917,2.8822,2.8897,25
2026-02-24 15:58:00,2.8837,2.8837,2.8827,2.8827,2.8887,2.8887,2.8877,2.8877,10
2026-02-24 15:59:00,2.8832,2.8852,2.8812,2.8847,2.8882,2.8902,2.8862,2.8897,29
2026-02-24 16:00:00,2.8842,2.8842,2.8787,2.8787,2.8892,2.8892,2.8837,2.8837,25
2026-02-24 16:01:00,2.8797,2.8812,2.8787,2.8807,2.8847,2.8862,2.8837,2.8857,19
2026-02-24 16:02:00,2.8817,2.8817,2.8797,2.8797,2.8867,2.8867,2.8847,2.8847,17
2026-02-24 16:03:00,2.8807,2.8902,2.8797,2.8887,2.8857,2.8952,2.8847,2.8937,28
2026-02-24 16:04:00,2.8882,2.8907,2.8827,2.8832,2.8932,2.8957,2.8877,2.8882,35
2026-02-24 16:05:00,2.8837,2.8847,2.8837,2.8837,2.8887,2.8897,2.8887,2.8887,18
2026-02-24 16:06:00,2.8847,2.8847,2.8817,2.8817,2.8897,2.8897,2.8867,2.8867,7
2026-02-24 16:07:00,2.8807,2.8817,2.8797,2.8797,2.8857,2.8867,2.8847,2.8847,9
2026-02-24 16:08:00,2.8802,2.8827,2.8792,2.8797,2.8852,2.8877,2.8842,2.8847,24
2026-02-24 16:09:00,2.8787,2.8827,2.8777,2.8787,2.8837,2.8877,2.8827,2.8837,32
2026-02-24 16:10:00,2.8782,2.8807,2.8767,2.8792,2.8832,2.8857,2.8817,2.8842,25
2026-02-24 16:11:00,2.8797,2.8797,2.8777,2.8787,2.8847,2.8847,2.8827,2.8837,9
2026-02-24 16:12:00,2.8777,2.8827,2.8757,2.8817,2.8827,2.8877,2.8807,2.8867,23
2026-02-24 16:13:00,2.8822,2.8842,2.8802,2.8832,2.8872,2.8892,2.8852,2.8882,34
2026-02-24 16:14:00,2.8827,2.8827,2.8807,2.8827,2.8877,2.8877,2.8857,2.8877,14
2026-02-24 16:15:00,2.8837,2.8897,2.8837,2.8887,2.8887,2.8947,2.8887,2.8937,23
2026-02-24 16:16:00,2.8892,2.8897,2.8867,2.8887,2.8942,2.8947,2.8917,2.8937,26
2026-02-24 16:17:00,2.8897,2.8907,2.8867,2.8897,2.8947,2.8957,2.8917,2.8947,21
2026-02-24 16:18:00,2.8887,2.8907,2.8887,2.8902,2.8937,2.8957,2.8937,2.8952,10
2026-02-24 16:19:00,2.8907,2.8947,2.8897,2.8927,2.8957,2.8997,2.8947,2.8977,22
2026-02-24 16:20:00,2.8932,2.8937,2.8907,2.8917,2.8982,2.8987,2.8957,2.8967,13
2026-02-24 16:21:00,2.8922,2.8937,2.8917,2.8922,2.8972,2.8987,2.8967,2.8972,12
2026-02-24 16:22:00,2.8917,2.8947,2.8907,2.8937,2.8967,2.8997,2.8957,2.8987,23
2026-02-24 16:23:00,2.8932,2.8932,2.8907,2.8917,2.8982,2.8982,2.8957,2.8967,9
2026-02-24 16:24:00,2.8927,2.8957,2.8867,2.8877,2.8977,2.9007,2.8917,2.8927,29
2026-02-24 16:25:00,2.8857,2.8907,2.8837,2.8897,2.8907,2.8957,2.8887,2.8947,35
2026-02-24 16:26:00,2.8902,2.8907,2.8877,2.8892,2.8952,2.8957,2.8927,2.8942,19
2026-02-24 16:27:00,2.8887,2.8887,2.8847,2.8867,2.8937,2.8937,2.8897,2.8917,30
2026-02-24 16:28:00,2.8872,2.8877,2.8847,2.8857,2.8922,2.8927,2.8897,2.8907,28
2026-02-24 16:29:00,2.8867,2.8867,2.8817,2.8827,2.8917,2.8917,2.8867,2.8877,27
2026-02-24 16:30:00,2.8822,2.8827,2.8777,2.8792,2.8872,2.8877,2.8827,2.8842,49
2026-02-24 16:31:00,2.8787,2.8807,2.8767,2.8767,2.8837,2.8857,2.8817,2.8817,40
2026-02-24 16:32:00,2.8772,2.8807,2.8767,2.8787,2.8822,2.8857,2.8817,2.8837,30
2026-02-24 16:33:00,2.8782,2.8782,2.8757,2.8767,2.8832,2.8832,2.8807,2.8817,19
2026-02-24 16:34:00,2.8777,2.8792,2.8767,2.8777,2.8827,2.8842,2.8817,2.8827,15
2026-02-24 16:35:00,2.8772,2.8787,2.8747,2.8787,2.8822,2.8837,2.8797,2.8837,22
2026-02-24 16:36:00,2.8782,2.8797,2.8777,2.8777,2.8832,2.8847,2.8827,2.8827,20
2026-02-24 16:37:00,2.8767,2.8797,2.8747,2.8797,2.8817,2.8847,2.8797,2.8847,15
2026-02-24 16:38:00,2.8787,2.8797,2.8777,2.8797,2.8837,2.8847,2.8827,2.8847,14
2026-02-24 16:39:00,2.8802,2.8807,2.8767,2.8777,2.8852,2.8857,2.8817,2.8827,23
2026-02-24 16:40:00,2.8787,2.8807,2.8767,2.8777,2.8837,2.8857,2.8817,2.8827,16
2026-02-24 16:41:00,2.8782,2.8797,2.8777,2.8787,2.8832,2.8847,2.8827,2.8837,11
2026-02-24 16:42:00,2.8797,2.8827,2.8777,2.8802,2.8847,2.8877,2.8827,2.8852,19
2026-02-24 16:43:00,2.8807,2.8867,2.8792,2.8827,2.8857,2.8917,2.8842,2.8877,45
2026-02-24 16:44:00,2.8832,2.8867,2.8787,2.8797,2.8882,2.8917,2.8837,2.8847,32
2026-02-24 16:45:00,2.8792,2.8797,2.8752,2.8787,2.8842,2.8847,2.8802,2.8837,64
2026-02-24 16:46:00,2.8797,2.8802,2.8782,2.8797,2.8847,2.8852,2.8832,2.8847,17
2026-02-24 16:47:00,2.8802,2.8877,2.8802,2.8877,2.8852,2.8927,2.8852,2.8927,24
2026-02-24 16:48:00,2.8872,2.8917,2.8867,2.8907,2.8922,2.8967,2.8917,2.8957,41
2026-02-24 16:49:00,2.8912,2.8977,2.8912,2.8977,2.8962,2.9027,2.8962,2.9027,43
2026-02-24 16:50:00,2.8972,2.9017,2.8967,2.8982,2.9022,2.9067,2.9017,2.9032,26
2026-02-24 16:51:00,2.8977,2.9007,2.8967,2.9002,2.9027,2.9057,2.9017,2.9052,29
2026-02-24 16:52:00,2.8997,2.9007,2.8997,2.9007,2.9047,2.9057,2.9047,2.9057,13
2026-02-24 16:53:00,2.9012,2.9017,2.8947,2.8947,2.9062,2.9067,2.8997,2.8997,29
2026-02-24 16:54:00,2.8942,2.8947,2.8907,2.8917,2.8992,2.8997,2.8957,2.8967,28
2026-02-24 16:55:00,2.8922,2.8932,2.8897,2.8907,2.8972,2.8982,2.8947,2.8957,28
2026-02-24 16:56:00,2.8917,2.8927,2.8897,2.8907,2.8967,2.8977,2.8947,2.8957,19
2026-02-24 16:57:00,2.8917,2.8917,2.8867,2.8867,2.8967,2.8967,2.8917,2.8917,20
2026-02-24 16:58:00,2.8857,2.8857,2.8817,2.8837,2.8907,2.8907,2.8867,2.8887,23
2026-02-24 16:59:00,2.8827,2.8852,2.8817,2.8847,2.8877,2.8902,2.8867,2.8897,22
2026-02-24 17:00:00,2.8837,2.8837,2.8782,2.8822,2.8887,2.8887,2.8832,2.8872,34
2026-02-24 17:01:00,2.8832,2.8877,2.8832,2.8872,2.8882,2.8927,2.8882,2.8922,20
2026-02-24 17:02:00,2.8867,2.8877,2.8847,2.8877,2.8917,2.8927,2.8897,2.8927,23
2026-02-24 17:03:00,2.8872,2.8897,2.8867,2.8892,2.8922,2.8947,2.8917,2.8942,12
2026-02-24 17:04:00,2.8887,2.8887,2.8862,2.8862,2.8937,2.8937,2.8912,2.8912,5
2026-02-24 17:05:00,2.8867,2.8867,2.8837,2.8847,2.8917,2.8917,2.8887,2.8897,27
2026-02-24 17:06:00,2.8857,2.8862,2.8842,2.8847,2.8907,2.8912,2.8892,2.8897,6
2026-02-24 17:07:00,2.8842,2.8867,2.8827,2.8837,2.8892,2.8917,2.8877,2.8887,18
2026-02-24 17:08:00,2.8827,2.8847,2.8797,2.8807,2.8877,2.8897,2.8847,2.8857,33
2026-02-24 17:09:00,2.8812,2.8817,2.8797,2.8807,2.8862,2.8867,2.8847,2.8857,24
2026-02-24 17:10:00,2.8797,2.8827,2.8797,2.8827,2.8847,2.8877,2.8847,2.8877,12
2026-02-24 17:11:00,2.8817,2.8832,2.8797,2.8807,2.8867,2.8882,2.8847,2.8857,32
2026-02-24 17:12:00,2.8812,2.8837,2.8812,2.8812,2.8862,2.8887,2.8862,2.8862,24
2026-02-24 17:13:00,2.8807,2.8817,2.8787,2.8812,2.8857,2.8867,2.8837,2.8862,17
2026-02-24 17:14:00,2.8807,2.8817,2.8787,2.8817,2.8857,2.8867,2.8837,2.8867,28
2026-02-24 17:15:00,2.8827,2.8867,2.8822,2.8857,2.8877,2.8917,2.8872,2.8907,18
2026-02-24 17:16:00,2.8862,2.8887,2.8847,2.8867,2.8912,2.8937,2.8897,2.8917,29
2026-02-24 17:17:00,2.8877,2.8877,2.8837,2.8847,2.8927,2.8927,2.8887,2.8897,17
2026-02-24 17:18:00,2.8837,2.8857,2.8817,2.8817,2.8887,2.8907,2.8867,2.8867,19
2026-02-24 17:19:00,2.8812,2.8817,2.8807,2.8817,2.8862,2.8867,2.8857,2.8867,3
2026-02-24 17:20:00,2.8812,2.8857,2.8807,2.8817,2.8862,2.8907,2.8857,2.8867,23
2026-02-24 17:21:00,2.8812,2.8827,2.8812,2.8812,2.8862,2.8877,2.8862,2.8862,22
2026-02-24 17:22:00,2.8807,2.8847,2.8807,2.8847,2.8857,2.8897,2.8857,2.8897,24
2026-02-24 17:23:00,2.8852,2.8867,2.8827,2.8837,2.8902,2.8917,2.8877,2.8887,18
2026-02-24 17:24:00,2.8832,2.8857,2.8832,2.8842,2.8882,2.8907,2.8882,2.8892,18
2026-02-24 17:25:00,2.8847,2.8847,2.8827,2.8827,2.8897,2.8897,2.8877,2.8877,15
2026-02-24 17:26:00,2.8817,2.8837,2.8817,2.8817,2.8867,2.8887,2.8867,2.8867,12
2026-02-24 17:27:00,2.8822,2.8822,2.8797,2.8807,2.8872,2.8872,2.8847,2.8857,29
2026-02-24 17:28:00,2.8812,2.8847,2.8807,2.8807,2.8862,2.8897,2.8857,2.8857,21
2026-02-24 17:29:00,2.8822,2.8897,2.8822,2.8892,2.8872,2.8947,2.8872,2.8942,28
2026-02-24 17:30:00,2.8882,2.8947,2.8882,2.8897,2.8932,2.8997,2.8932,2.8947,47
2026-02-24 17:31:00,2.8902,2.8967,2.8897,2.8947,2.8952,2.9017,2.8947,2.8997,42
2026-02-24 17:32:00,2.8957,2.9047,2.8947,2.9007,2.9007,2.9097,2.8997,2.9057,50
2026-02-24 17:33:00,2.8997,2.9042,2.8887,2.8887,2.9047,2.9092,2.8937,2.8937,66
2026-02-24 17:34:00,2.8892,2.8907,2.8857,2.8887,2.8942,2.8957,2.8907,2.8937,30
2026-02-24 17:35:00,2.8877,2.8897,2.8872,2.8897,2.8927,2.8947,2.8922,2.8947,22
2026-02-24 17:36:00,2.8902,2.8902,2.8832,2.8842,2.8952,2.8952,2.8882,2.8892,25
2026-02-24 17:37:00,2.8837,2.8837,2.8817,2.8817,2.8887,2.8887,2.8867,2.8867,25
2026-02-24 17:38:00,2.8822,2.8867,2.8817,2.8867,2.8872,2.8917,2.8867,2.8917,20
2026-02-24 17:39:00,2.8877,2.8887,2.8827,2.8837,2.8927,2.8937,2.8877,2.8887,23
2026-02-24 17:40:00,2.8827,2.8847,2.8817,2.8847,2.8877,2.8897,2.8867,2.8897,20
2026-02-24 17:41:00,2.8857,2.8877,2.8837,2.8837,2.8907,2.8927,2.8887,2.8887,14
2026-02-24 17:42:00,2.8832,2.8832,2.8797,2.8812,2.8882,2.8882,2.8847,2.8862,20
2026-02-24 17:43:00,2.8817,2.8837,2.8812,2.8827,2.8867,2.8887,2.8862,2.8877,7
2026-02-24 17:44:00,2.8822,2.8827,2.8817,2.8817,2.8872,2.8877,2.8867,2.8867,8
2026-02-24 17:45:00,2.8822,2.8862,2.8817,2.8862,2.8872,2.8912,2.8867,2.8912,17
2026-02-24 17:46:00,2.8867,2.8867,2.8847,2.8847,2.8917,2.8917,2.8897,2.8897,3
2026-02-24 17:47:00,2.8842,2.8847,2.8822,2.8847,2.8892,2.8897,2.8872,2.8897,20
2026-02-24 17:48:00,2.8852,2.8862,2.8847,2.8857,2.8902,2.8912,2.8897,2.8907,12
2026-02-24 17:49:00,2.8862,2.8877,2.8857,2.8867,2.8912,2.8927,2.8907,2.8917,14
2026-02-24 17:50:00,2.8872,2.8887,2.8872,2.8887,2.8922,2.8937,2.8922,2.8937,10
2026-02-24 17:51:00,2.8877,2.8877,2.8847,2.8857,2.8927,2.8927,2.8897,2.8907,16
2026-02-24 17:52:00,2.8862,2.8862,2.8842,2.8852,2.8912,2.8912,2.8892,2.8902,13
2026-02-24 17:53:00,2.8847,2.8862,2.8817,2.8822,2.8897,2.8912,2.8867,2.8872,13
2026-02-24 17:54:00,2.8817,2.8817,2.8787,2.8807,2.8867,2.8867,2.8837,2.8857,28
2026-02-24 17:55:00,2.8802,2.8827,2.8797,2.8817,2.8852,2.8877,2.8847,2.8867,11
2026-02-24 17:56:00,2.8822,2.8837,2.8817,2.8827,2.8872,2.8887,2.8867,2.8877,12
2026-02-24 17:57:00,2.8822,2.8822,2.8807,2.8807,2.8872,2.8872,2.8857,2.8857,5
2026-02-24 17:58:00,2.8802,2.8822,2.8797,2.8817,2.8852,2.8872,2.8847,2.8867,8
2026-02-24 17:59:00,2.8807,2.8847,2.8797,2.8817,2.8857,2.8897,2.8847,2.8867,20
2026-02-24 18:00:00,2.8827,2.8857,2.8827,2.8847,2.8877,2.8907,2.8877,2.8897,9
2026-02-24 18:01:00,2.8842,2.8847,2.8817,2.8827,2.8892,2.8897,2.8867,2.8877,20
2026-02-24 18:02:00,2.8817,2.8867,2.8817,2.8847,2.8867,2.8917,2.8867,2.8897,15
2026-02-24 18:03:00,2.8842,2.8847,2.8827,2.8837,2.8892,2.8897,2.8877,2.8887,8
2026-02-24 18:04:00,2.8847,2.8847,2.8827,2.8837,2.8897,2.8897,2.8877,2.8887,13
2026-02-24 18:05:00,2.8847,2.8862,2.8842,2.8857,2.8897,2.8912,2.8892,2.8907,15
2026-02-24 18:06:00,2.8852,2.8857,2.8827,2.8847,2.8902,2.8907,2.8877,2.8897,16
2026-02-24 18:07:00,2.8852,2.8872,2.8847,2.8857,2.8902,2.8922,2.8897,2.8907,11
2026-02-24 18:08:00,2.8852,2.8887,2.8837,2.8862,2.8902,2.8937,2.8887,2.8912,27
2026-02-24 18:09:00,2.8867,2.8887,2.8867,2.8877,2.8917,2.8937,2.8917,2.8927,16
2026-02-24 18:10:00,2.8872,2.8887,2.8867,2.8877,2.8922,2.8937,2.8917,2.8927,17
2026-02-24 18:11:00,2.8887,2.8917,2.8877,2.8897,2.8937,2.8967,2.8927,2.8947,23
2026-02-24 18:12:00,2.8907,2.8907,2.8877,2.8897,2.8957,2.8957,2.8927,2.8947,22
2026-02-24 18:13:00,2.8907,2.8947,2.8897,2.8942,2.8957,2.8997,2.8947,2.8992,23
2026-02-24 18:14:00,2.8937,2.8967,2.8932,2.8957,2.8987,2.9017,2.8982,2.9007,23
2026-02-24 18:15:00,2.8962,2.8997,2.8957,2.8987,2.9012,2.9047,2.9007,2.9037,33
2026-02-24 18:16:00,2.8992,2.9027,2.8977,2.8987,2.9042,2.9077,2.9027,2.9037,31
2026-02-24 18:17:00,2.9002,2.9077,2.9002,2.9057,2.9052,2.9127,2.9052,2.9107,20
2026-02-24 18:18:00,2.9047,2.9057,2.9047,2.9052,2.9097,2.9107,2.9097,2.9102,5
2026-02-24 18:19:00,2.9057,2.9057,2.9002,2.9017,2.9107,2.9107,2.9052,2.9067,19
2026-02-24 18:20:00,2.9027,2.9077,2.9017,2.9067,2.9077,2.9127,2.9067,2.9117,22
2026-02-24 18:21:00,2.9072,2.9077,2.9017,2.9057,2.9122,2.9127,2.9067,2.9107,27
2026-02-24 18:22:00,2.9062,2.9082,2.9057,2.9077,2.9112,2.9132,2.9107,2.9127,18
2026-02-24 18:23:00,2.9087,2.9087,2.9067,2.9077,2.9137,2.9137,2.9117,2.9127,11
2026-02-24 18:24:00,2.9072,2.9077,2.9037,2.9037,2.9122,2.9127,2.9087,2.9087,22
2026-02-24 18:25:00,2.9032,2.9047,2.9032,2.9047,2.9082,2.9097,2.9082,2.9097,4
2026-02-24 18:26:00,2.9052,2.9077,2.9052,2.9077,2.9102,2.9127,2.9102,2.9127,12
2026-02-24 18:27:00,2.9087,2.9087,2.9057,2.9067,2.9137,2.9137,2.9107,2.9117,14
2026-02-24 18:28:00,2.9077,2.9087,2.9067,2.9077,2.9127,2.9137,2.9117,2.9127,27
2026-02-24 18:29:00,2.9087,2.9087,2.9057,2.9067,2.9137,2.9137,2.9107,2.9117,18
2026-02-24 18:30:00,2.9072,2.9077,2.8967,2.8977,2.9122,2.9127,2.9017,2.9027,32
2026-02-24 18:31:00,2.8982,2.8982,2.8942,2.8947,2.9032,2.9032,2.8992,2.8997,25
2026-02-24 18:32:00,2.8952,2.8962,2.8947,2.8947,2.9002,2.9012,2.8997,2.8997,13
2026-02-24 18:33:00,2.8942,2.8942,2.8927,2.8927,2.8992,2.8992,2.8977,2.8977,5
2026-02-24 18:34:00,2.8917,2.8917,2.8867,2.8877,2.8967,2.8967,2.8917,2.8927,44
2026-02-24 18:35:00,2.8867,2.8927,2.8857,2.8887,2.8917,2.8977,2.8907,2.8937,30
2026-02-24 18:36:00,2.8882,2.8887,2.8877,2.8887,2.8932,2.8937,2.8927,2.8937,20
2026-02-24 18:37:00,2.8882,2.8882,2.8827,2.8837,2.8932,2.8932,2.8877,2.8887,19
2026-02-24 18:38:00,2.8842,2.8847,2.8832,2.8847,2.8892,2.8897,2.8882,2.8897,10
2026-02-24 18:39:00,2.8837,2.8887,2.8837,2.8887,2.8887,2.8937,2.8887,2.8937,12
2026-02-24 18:40:00,2.8897,2.8922,2.8892,2.8907,2.8947,2.8972,2.8942,2.8957,20
2026-02-24 18:41:00,2.8917,2.8917,2.8877,2.8887,2.8967,2.8967,2.8927,2.8937,11
2026-02-24 18:42:00,2.8882,2.8882,2.8847,2.8857,2.8932,2.8932,2.8897,2.8907,21
2026-02-24 18:43:00,2.8847,2.8862,2.8847,2.8862,2.8897,2.8912,2.8897,2.8912,5
2026-02-24 18:44:00,2.8857,2.8877,2.8857,2.8872,2.8907,2.8927,2.8907,2.8922,7
2026-02-24 18:45:00,2.8867,2.8867,2.8817,2.8837,2.8917,2.8917,2.8867,2.8887,12
2026-02-24 18:46:00,2.8847,2.8857,2.8847,2.8847,2.8897,2.8907,2.8897,2.8897,15
2026-02-24 18:47:00,2.8837,2.8837,2.8817,2.8837,2.8887,2.8887,2.8867,2.8887,17
2026-02-24 18:48:00,2.8842,2.8857,2.8842,2.8847,2.8892,2.8907,2.8892,2.8897,5
2026-02-24 18:49:00,2.8842,2.8867,2.8827,2.8837,2.8892,2.8917,2.8877,2.8887,26
2026-02-24 18:50:00,2.8847,2.8857,2.8837,2.8847,2.8897,2.8907,2.8887,2.8897,30
2026-02-24 18:51:00,2.8837,2.8847,2.8817,2.8817,2.8887,2.8897,2.8867,2.8867,14
2026-02-24 18:52:00,2.8822,2.8827,2.8807,2.8817,2.8872,2.8877,2.8857,2.8867,9
2026-02-24 18:53:00,2.8822,2.8832,2.8797,2.8807,2.8872,2.8882,2.8847,2.8857,15
2026-02-24 18:54:00,2.8817,2.8817,2.8772,2.8777,2.8867,2.8867,2.8822,2.8827,13
2026-02-24 18:55:00,2.8767,2.8817,2.8767,2.8807,2.8817,2.8867,2.8817,2.8857,19
2026-02-24 18:56:00,2.8812,2.8817,2.8767,2.8772,2.8862,2.8867,2.8817,2.8822,25
2026-02-24 18:57:00,2.8767,2.8767,2.8737,2.8742,2.8817,2.8817,2.8787,2.8792,21
2026-02-24 18:58:00,2.8727,2.8757,2.8727,2.8737,2.8777,2.8807,2.8777,2.8787,20
2026-02-24 18:59:00,2.8742,2.8747,2.8687,2.8727,2.8792,2.8797,2.8737,2.8777,45
2026-02-24 19:00:00,2.8732,2.8787,2.8717,2.8717,2.8782,2.8837,2.8767,2.8767,38
2026-02-24 19:01:00,2.8727,2.8757,2.8727,2.8727,2.8777,2.8807,2.8777,2.8777,18
2026-02-24 19:02:00,2.8712,2.8717,2.8687,2.8717,2.8762,2.8767,2.8737,2.8767,22
2026-02-24 19:03:00,2.8712,2.8737,2.8712,2.8737,2.8762,2.8787,2.8762,2.8787,23
2026-02-24 19:04:00,2.8727,2.8737,2.8667,2.8692,2.8777,2.8787,2.8717,2.8742,25
2026-02-24 19:05:00,2.8687,2.8707,2.8657,2.8677,2.8737,2.8757,2.8707,2.8727,39
2026-02-24 19:06:00,2.8682,2.8707,2.8682,2.8692,2.8732,2.8757,2.8732,2.8742,16
2026-02-24 19:07:00,2.8697,2.8697,2.8687,2.8687,2.8747,2.8747,2.8737,2.8737,3
2026-02-24 19:08:00,2.8677,2.8707,2.8667,2.8667,2.8727,2.8757,2.8717,2.8717,29
2026-02-24 19:09:00,2.8662,2.8677,2.8652,2.8662,2.8712,2.8727,2.8702,2.8712,25
2026-02-24 19:10:00,2.8657,2.8667,2.8647,2.8657,2.8707,2.8717,2.8697,2.8707,19
2026-02-24 19:11:00,2.8667,2.8677,2.8652,2.8657,2.8717,2.8727,2.8702,2.8707,16
2026-02-24 19:12:00,2.8652,2.8652,2.8627,2.8637,2.8702,2.8702,2.8677,2.8687,35
2026-02-24 19:13:00,2.8632,2.8657,2.8632,2.8657,2.8682,2.8707,2.8682,2.8707,22
2026-02-24 19:14:00,2.8667,2.8697,2.8667,2.8692,2.8717,2.8747,2.8717,2.8742,25
2026-02-24 19:15:00,2.8687,2.8687,2.8667,2.8677,2.8737,2.8737,2.8717,2.8727,16
2026-02-24 19:16:00,2.8687,2.8697,2.8657,2.8677,2.8737,2.8747,2.8707,2.8727,22
2026-02-24 19:17:00,2.8687,2.8717,2.8677,2.8697,2.8737,2.8767,2.8727,2.8747,32
2026-02-24 19:18:00,2.8707,2.8727,2.8697,2.8702,2.8757,2.8777,2.8747,2.8752,14
2026-02-24 19:19:00,2.8707,2.8707,2.8687,2.8697,2.8757,2.8757,2.8737,2.8747,14
2026-02-24 19:20:00,2.8707,2.8712,2.8697,2.8707,2.8757,2.8762,2.8747,2.8757,18
2026-02-24 19:21:00,2.8712,2.8717,2.8692,2.8712,2.8762,2.8767,2.8742,2.8762,21
2026-02-24 19:22:00,2.8717,2.8717,2.8677,2.8677,2.8767,2.8767,2.8727,2.8727,19
2026-02-24 19:23:00,2.8672,2.8672,2.8657,2.8657,2.8722,2.8722,2.8707,2.8707,4
2026-02-24 19:24:00,2.8662,2.8667,2.8647,2.8657,2.8712,2.8717,2.8697,2.8707,11
2026-02-24 19:25:00,2.8652,2.8677,2.8647,2.8667,2.8702,2.8727,2.8697,2.8717,18
2026-02-24 19:26:00,2.8662,2.8662,2.8652,2.8652,2.8712,2.8712,2.8702,2.8702,9
2026-02-24 19:27:00,2.8647,2.8657,2.8617,2.8637,2.8697,2.8707,2.8667,2.8687,31
2026-02-24 19:28:00,2.8642,2.8647,2.8627,2.8627,2.8692,2.8697,2.8677,2.8677,17
2026-02-24 19:29:00,2.8622,2.8647,2.8622,2.8627,2.8672,2.8697,2.8672,2.8677,6
2026-02-24 19:30:00,2.8622,2.8622,2.8602,2.8602,2.8672,2.8672,2.8652,2.8652,19
2026-02-24 19:31:00,2.8607,2.8627,2.8607,2.8627,2.8657,2.8677,2.8657,2.8677,21
2026-02-24 19:32:00,2.8632,2.8637,2.8617,2.8617,2.8682,2.8687,2.8667,2.8667,19
2026-02-24 19:33:00,2.8627,2.8627,2.8597,2.8617,2.8677,2.8677,2.8647,2.8667,18
2026-02-24 19:34:00,2.8627,2.8627,2.8587,2.8597,2.8677,2.8677,2.8637,2.8647,22
2026-02-24 19:35:00,2.8602,2.8617,2.8597,2.8617,2.8652,2.8667,2.8647,2.8667,16
2026-02-24 19:36:00,2.8622,2.8627,2.8607,2.8617,2.8672,2.8677,2.8657,2.8667,15
2026-02-24 19:37:00,2.8612,2.8657,2.8612,2.8652,2.8662,2.8707,2.8662,2.8702,29
2026-02-24 19:38:00,2.8647,2.8657,2.8637,2.8657,2.8697,2.8707,2.8687,2.8707,17
2026-02-24 19:39:00,2.8652,2.8652,2.8627,2.8627,2.8702,2.8702,2.8677,2.8677,11
2026-02-24 19:40:00,2.8617,2.8637,2.8607,2.8612,2.8667,2.8687,2.8657,2.8662,18
2026-02-24 19:41:00,2.8607,2.8627,2.8602,2.8627,2.8657,2.8677,2.8652,2.8677,11
2026-02-24 19:42:00,2.8617,2.8627,2.8607,2.8627,2.8667,2.8677,2.8657,2.8677,12
2026-02-24 19:43:00,2.8617,2.8617,2.8602,2.8607,2.8667,2.8667,2.8652,2.8657,15
2026-02-24 19:44:00,2.8617,2.8627,2.8607,2.8607,2.8667,2.8677,2.8657,2.8657,22
2026-02-24 19:45:00,2.8617,2.8652,2.8617,2.8647,2.8667,2.8702,2.8667,2.8697,25
2026-02-24 19:46:00,2.8642,2.8657,2.8627,2.8647,2.8692,2.8707,2.8677,2.8697,21
2026-02-24 19:47:00,2.8652,2.8667,2.8622,2.8637,2.8702,2.8717,2.8672,2.8687,24
2026-02-24 19:48:00,2.8627,2.8642,2.8607,2.8617,2.8677,2.8692,2.8657,2.8667,33
2026-02-24 19:49:00,2.8612,2.8617,2.8597,2.8607,2.8662,2.8667,2.8647,2.8657,14
2026-02-24 19:50:00,2.8612,2.8632,2.8607,2.8617,2.8662,2.8682,2.8657,2.8667,18
2026-02-24 19:51:00,2.8612,2.8612,2.8587,2.8587,2.8662,2.8662,2.8637,2.8637,43
2026-02-24 19:52:00,2.8592,2.8597,2.8587,2.8597,2.8642,2.8647,2.8637,2.8647,7
2026-02-24 19:53:00,2.8607,2.8607,2.8592,2.8607,2.8657,2.8657,2.8642,2.8657,17
2026-02-24 19:54:00,2.8602,2.8607,2.8587,2.8597,2.8652,2.8657,2.8637,2.8647,34
2026-02-24 19:55:00,2.8592,2.8597,2.8497,2.8502,2.8642,2.8647,2.8547,2.8552,60
2026-02-24 19:56:00,2.8507,2.8507,2.8477,2.8487,2.8557,2.8557,2.8527,2.8537,36
2026-02-24 19:57:00,2.8482,2.8497,2.8477,2.8497,2.8532,2.8547,2.8527,2.8547,16
2026-02-24 19:58:00,2.8502,2.8512,2.8487,2.8507,2.8552,2.8562,2.8537,2.8557,14
2026-02-24 19:59:00,2.8517,2.8527,2.8492,2.8497,2.8567,2.8577,2.8542,2.8547,17
2026-02-24 20:00:00,2.8492,2.8532,2.8487,2.8527,2.8542,2.8582,2.8537,2.8577,34
2026-02-24 20:01:00,2.8522,2.8527,2.8477,2.8487,2.8572,2.8577,2.8527,2.8537,24
2026-02-24 20:02:00,2.8492,2.8527,2.8492,2.8502,2.8542,2.8577,2.8542,2.8552,23
2026-02-24 20:03:00,2.8497,2.8517,2.8487,2.8507,2.8547,2.8567,2.8537,2.8557,28
2026-02-24 20:04:00,2.8497,2.8507,2.8477,2.8487,2.8547,2.8557,2.8527,2.8537,25
2026-02-24 20:05:00,2.8482,2.8497,2.8477,2.8497,2.8532,2.8547,2.8527,2.8547,17
2026-02-24 20:06:00,2.8492,2.8507,2.8487,2.8497,2.8542,2.8557,2.8537,2.8547,32
2026-02-24 20:07:00,2.8502,2.8547,2.8502,2.8527,2.8552,2.8597,2.8552,2.8577,27
2026-02-24 20:08:00,2.8522,2.8527,2.8517,2.8517,2.8572,2.8577,2.8567,2.8567,19
2026-02-24 20:09:00,2.8527,2.8552,2.8517,2.8542,2.8577,2.8602,2.8567,2.8592,41
2026-02-24 20:10:00,2.8547,2.8547,2.8487,2.8497,2.8597,2.8597,2.8537,2.8547,47
2026-02-24 20:11:00,2.8492,2.8512,2.8487,2.8507,2.8542,2.8562,2.8537,2.8557,29
2026-02-24 20:12:00,2.8497,2.8497,2.8477,2.8497,2.8547,2.8547,2.8527,2.8547,25
2026-02-24 20:13:00,2.8487,2.8497,2.8467,2.8467,2.8537,2.8547,2.8517,2.8517,34
2026-02-24 20:14:00,2.8472,2.8472,2.8437,2.8452,2.8522,2.8522,2.8487,2.8502,39
2026-02-24 20:15:00,2.8447,2.8457,2.8432,2.8437,2.8497,2.8507,2.8482,2.8487,28
2026-02-24 20:16:00,2.8432,2.8447,2.8417,2.8417,2.8482,2.8497,2.8467,2.8467,31
2026-02-24 20:17:00,2.8412,2.8417,2.8377,2.8392,2.8462,2.8467,2.8427,2.8442,54
2026-02-24 20:18:00,2.8382,2.8392,2.8367,2.8377,2.8432,2.8442,2.8417,2.8427,39
2026-02-24 20:19:00,2.8367,2.8377,2.8297,2.8312,2.8417,2.8427,2.8347,2.8362,54
2026-02-24 20:20:00,2.8317,2.8327,2.8297,2.8317,2.8367,2.8377,2.8347,2.8367,44
2026-02-24 20:21:00,2.8322,2.8387,2.8302,2.8367,2.8372,2.8437,2.8352,2.8417,48
2026-02-24 20:22:00,2.8362,2.8407,2.8347,2.8377,2.8412,2.8457,2.8397,2.8427,48
2026-02-24 20:23:00,2.8387,2.8397,2.8347,2.8347,2.8437,2.8447,2.8397,2.8397,43
2026-02-24 20:24:00,2.8357,2.8387,2.8327,2.8327,2.8407,2.8437,2.8377,2.8377,35
2026-02-24 20:25:00,2.8332,2.8362,2.8317,2.8337,2.8382,2.8412,2.8367,2.8387,39
2026-02-24 20:26:00,2.8327,2.8337,2.8287,2.8317,2.8377,2.8387,2.8337,2.8367,57
2026-02-24 20:27:00,2.8327,2.8357,2.8282,2.8297,2.8377,2.8407,2.8332,2.8347,98
2026-02-24 20:28:00,2.8307,2.8337,2.8277,2.8317,2.8357,2.8387,2.8327,2.8367,212
2026-02-24 20:29:00,2.8312,2.8367,2.8297,2.8362,2.8362,2.8417,2.8347,2.8412,105
2026-02-24 20:30:00,2.8357,2.8417,2.8357,2.8397,2.8407,2.8467,2.8407,2.8447,61
2026-02-24 20:31:00,2.8407,2.8407,2.8377,2.8387,2.8457,2.8457,2.8427,2.8437,8
2026-02-24 20:32:00,2.8397,2.8397,2.8377,2.8397,2.8447,2.8447,2.8427,2.8447,18
2026-02-24 20:33:00,2.8387,2.8417,2.8357,2.8417,2.8437,2.8467,2.8407,2.8467,28
2026-02-24 20:34:00,2.8422,2.8437,2.8407,2.8422,2.8472,2.8487,2.8457,2.8472,24
2026-02-24 20:35:00,2.8427,2.8427,2.8397,2.8417,2.8477,2.8477,2.8447,2.8467,32
2026-02-24 20:36:00,2.8407,2.8417,2.8397,2.8407,2.8457,2.8467,2.8447,2.8457,13
2026-02-24 20:37:00,2.8397,2.8407,2.8397,2.8397,2.8447,2.8457,2.8447,2.8447,5
2026-02-24 20:38:00,2.8402,2.8407,2.8397,2.8407,2.8452,2.8457,2.8447,2.8457,8
2026-02-24 20:39:00,2.8397,2.8407,2.8397,2.8397,2.8447,2.8457,2.8447,2.8447,3
2026-02-24 20:40:00,2.8387,2.8412,2.8387,2.8412,2.8437,2.8462,2.8437,2.8462,7
2026-02-24 20:41:00,2.8417,2.8417,2.8407,2.8412,2.8467,2.8467,2.8457,2.8462,14
2026-02-24 20:42:00,2.8417,2.8427,2.8412,2.8427,2.8467,2.8477,2.8462,2.8477,10
2026-02-24 20:43:00,2.8417,2.8427,2.8417,2.8417,2.8467,2.8477,2.8467,2.8467,7
2026-02-24 20:44:00,2.8422,2.8422,2.8392,2.8392,2.8472,2.8472,2.8442,2.8442,16
2026-02-24 20:45:00,2.8397,2.8437,2.8387,2.8427,2.8447,2.8487,2.8437,2.8477,20
2026-02-24 20:46:00,2.8432,2.8437,2.8417,2.8432,2.8482,2.8487,2.8467,2.8482,20
2026-02-24 20:47:00,2.8437,2.8437,2.8412,2.8412,2.8487,2.8487,2.8462,2.8462,21
2026-02-24 20:48:00,2.8407,2.8427,2.8407,2.8422,2.8457,2.8477,2.8457,2.8472,8
2026-02-24 20:49:00,2.8417,2.8437,2.8417,2.8427,2.8467,2.8487,2.8467,2.8477,12
2026-02-24 20:50:00,2.8437,2.8442,2.8427,2.8442,2.8487,2.8492,2.8477,2.8492,9
2026-02-24 20:51:00,2.8462,2.8487,2.8462,2.8487,2.8512,2.8537,2.8512,2.8537,17
2026-02-24 20:52:00,2.8482,2.8482,2.8467,2.8467,2.8532,2.8532,2.8517,2.8517,8
2026-02-24 20:53:00,2.8457,2.8467,2.8452,2.8457,2.8507,2.8517,2.8502,2.8507,7
2026-02-24 20:54:00,2.8452,2.8477,2.8447,2.8467,2.8502,2.8527,2.8497,2.8517,13
2026-02-24 20:56:00,2.8457,2.8457,2.8447,2.8452,2.8507,2.8507,2.8497,2.8502,11
2026-02-24 20:57:00,2.8457,2.8457,2.8447,2.8447,2.8507,2.8507,2.8497,2.8497,11
2026-02-24 20:58:00,2.8457,2.8457,2.8432,2.8437,2.8507,2.8507,2.8482,2.8487,13
2026-02-24 20:59:00,2.8442,2.8447,2.8437,2.8437,2.8492,2.8497,2.8487,2.8487,6
2026-02-24 21:00:00,2.8442,2.8467,2.8442,2.8452,2.8492,2.8517,2.8492,2.8502,11
2026-02-24 21:01:00,2.8457,2.8457,2.8447,2.8447,2.8507,2.8507,2.8497,2.8497,5
2026-02-24 21:02:00,2.8452,2.8457,2.8447,2.8457,2.8502,2.8507,2.8497,2.8507,4
2026-02-24 21:03:00,2.8452,2.8462,2.8437,2.8442,2.8502,2.8512,2.8487,2.8492,14
2026-02-24 21:04:00,2.8447,2.8447,2.8417,2.8417,2.8497,2.8497,2.8467,2.8467,14
2026-02-24 21:05:00,2.8412,2.8417,2.8412,2.8417,2.8462,2.8467,2.8462,2.8467,2
2026-02-24 21:06:00,2.8407,2.8417,2.8392,2.8397,2.8457,2.8467,2.8442,2.8447,15
2026-02-24 21:07:00,2.8392,2.8407,2.8392,2.8407,2.8442,2.8457,2.8442,2.8457,3
2026-02-24 21:08:00,2.8402,2.8417,2.8397,2.8417,2.8452,2.8467,2.8447,2.8467,11
2026-02-24 21:09:00,2.8407,2.8452,2.8407,2.8447,2.8457,2.8502,2.8457,2.8497,12
2026-02-24 21:10:00,2.8452,2.8467,2.8447,2.8467,2.8502,2.8517,2.8497,2.8517,11
2026-02-24 21:11:00,2.8457,2.8467,2.8457,2.8457,2.8507,2.8517,2.8507,2.8507,9
2026-02-24 21:12:00,2.8452,2.8452,2.8447,2.8447,2.8502,2.8502,2.8497,2.8497,2
2026-02-24 21:13:00,2.8452,2.8452,2.8437,2.8442,2.8502,2.8502,2.8487,2.8492,5
2026-02-24 21:14:00,2.8452,2.8457,2.8447,2.8457,2.8502,2.8507,2.8497,2.8507,3
2026-02-24 21:15:00,2.8447,2.8447,2.8437,2.8437,2.8497,2.8497,2.8487,2.8487,6
2026-02-24 21:16:00,2.8442,2.8447,2.8437,2.8447,2.8492,2.8497,2.8487,2.8497,6
2026-02-24 21:17:00,2.8437,2.8447,2.8437,2.8447,2.8487,2.8497,2.8487,2.8497,3
2026-02-24 21:18:00,2.8457,2.8477,2.8447,2.8477,2.8507,2.8527,2.8497,2.8527,13
2026-02-24 21:19:00,2.8482,2.8497,2.8482,2.8487,2.8532,2.8547,2.8532,2.8537,6
2026-02-24 21:20:00,2.8492,2.8502,2.8487,2.8497,2.8542,2.8552,2.8537,2.8547,13
2026-02-24 21:21:00,2.8507,2.8537,2.8507,2.8527,2.8557,2.8587,2.8557,2.8577,18
2026-02-24 21:23:00,2.8532,2.8552,2.8532,2.8537,2.8582,2.8602,2.8582,2.8587,8
2026-02-24 21:24:00,2.8547,2.8552,2.8537,2.8547,2.8597,2.8602,2.8587,2.8597,7
2026-02-24 21:25:00,2.8557,2.8567,2.8547,2.8547,2.8607,2.8617,2.8597,2.8597,18
2026-02-24 21:26:00,2.8557,2.8557,2.8547,2.8557,2.8607,2.8607,2.8597,2.8607,4
2026-02-24 21:27:00,2.8552,2.8557,2.8547,2.8552,2.8602,2.8607,2.8597,2.8602,9
2026-02-24 21:28:00,2.8557,2.8557,2.8542,2.8552,2.8607,2.8607,2.8592,2.8602,5
2026-02-24 21:29:00,2.8557,2.8557,2.8547,2.8547,2.8607,2.8607,2.8597,2.8597,4
2026-02-24 21:30:00,2.8552,2.8552,2.8532,2.8537,2.8602,2.8602,2.8582,2.8587,5
2026-02-24 21:31:00,2.8532,2.8537,2.8522,2.8527,2.8582,2.8587,2.8572,2.8577,6
2026-02-24 21:32:00,2.8517,2.8527,2.8512,2.8517,2.8567,2.8577,2.8562,2.8567,8
2026-02-24 21:33:00,2.8522,2.8527,2.8517,2.8522,2.8572,2.8577,2.8567,2.8572,6
2026-02-24 21:34:00,2.8527,2.8527,2.8517,2.8517,2.8577,2.8577,2.8567,2.8567,3
2026-02-24 21:35:00,2.8527,2.8532,2.8507,2.8512,2.8577,2.8582,2.8557,2.8562,10
2026-02-24 21:36:00,2.8507,2.8517,2.8502,2.8502,2.8557,2.8567,2.8552,2.8552,6
2026-02-24 21:37:00,2.8507,2.8517,2.8487,2.8487,2.8557,2.8567,2.8537,2.8537,7
2026-02-24 21:38:00,2.8497,2.8497,2.8452,2.8452,2.8547,2.8547,2.8502,2.8502,28
2026-02-24 21:39:00,2.8457,2.8462,2.8447,2.8457,2.8507,2.8512,2.8497,2.8507,11
2026-02-24 21:40:00,2.8462,2.8467,2.8447,2.8462,2.8512,2.8517,2.8497,2.8512,14
2026-02-24 21:41:00,2.8457,2.8467,2.8447,2.8452,2.8507,2.8517,2.8497,2.8502,15
2026-02-24 21:42:00,2.8457,2.8467,2.8457,2.8457,2.8507,2.8517,2.8507,2.8507,4
2026-02-24 21:43:00,2.8467,2.8467,2.8457,2.8457,2.8517,2.8517,2.8507,2.8507,7
2026-02-24 21:44:00,2.8462,2.8467,2.8462,2.8467,2.8512,2.8517,2.8512,2.8517,2
2026-02-24 21:45:00,2.8462,2.8467,2.8462,2.8467,2.8512,2.8517,2.8512,2.8517,2
2026-02-24 21:46:00,2.8472,2.8477,2.8472,2.8472,2.8522,2.8527,2.8522,2.8522,5
2026-02-24 21:47:00,2.8467,2.8477,2.8467,2.8477,2.8517,2.8527,2.8517,2.8527,7
2026-02-24 21:48:00,2.8482,2.8487,2.8477,2.8477,2.8532,2.8537,2.8527,2.8527,7
2026-02-24 21:49:00,2.8472,2.8477,2.8467,2.8477,2.8522,2.8527,2.8517,2.8527,8
2026-02-24 21:50:00,2.8472,2.8487,2.8467,2.8487,2.8522,2.8537,2.8517,2.8537,5
2026-02-24 21:51:00,2.8477,2.8477,2.8462,2.8467,2.8527,2.8527,2.8512,2.8517,9
2026-02-24 21:52:00,2.8472,2.8487,2.8472,2.8482,2.8522,2.8537,2.8522,2.8532,6
2026-02-24 21:53:00,2.8477,2.8487,2.8472,2.8477,2.8527,2.8537,2.8522,2.8527,7
2026-02-24 21:54:00,2.8467,2.8482,2.8467,2.8477,2.8517,2.8532,2.8517,2.8527,9
2026-02-24 21:55:00,2.8472,2.8487,2.8472,2.8487,2.8522,2.8537,2.8522,2.8537,5
2026-02-24 21:56:00,2.8497,2.8497,2.8477,2.8487,2.8547,2.8547,2.8527,2.8537,5
2026-02-24 21:57:00,2.8492,2.8497,2.8492,2.8497,2.8542,2.8547,2.8542,2.8547,2
2026-02-24 21:58:00,2.8492,2.8492,2.8477,2.8482,2.8542,2.8542,2.8527,2.8532,13
2026-02-24 21:59:00,2.8477,2.8497,2.8477,2.8492,2.8527,2.8547,2.8527,2.8542,13
2026-02-24 22:00:00,2.8497,2.8507,2.8492,2.8497,2.8547,2.8557,2.8542,2.8547,5
2026-02-24 22:01:00,2.8487,2.8497,2.8477,2.8492,2.8537,2.8547,2.8527,2.8542,7
2026-02-24 22:03:00,2.8487,2.8487,2.8487,2.8487,2.8537,2.8537,2.8537,2.8537,1
2026-02-24 22:04:00,2.8482,2.8487,2.8482,2.8487,2.8532,2.8537,2.8532,2.8537,6
2026-02-24 22:05:00,2.8482,2.8492,2.8482,2.8487,2.8532,2.8542,2.8532,2.8537,4
2026-02-24 22:06:00,2.8492,2.8492,2.8487,2.8487,2.8542,2.8542,2.8537,2.8537,4
2026-02-24 22:07:00,2.8492,2.8492,2.8467,2.8467,2.8542,2.8542,2.8517,2.8517,9
2026-02-24 22:08:00,2.8462,2.8467,2.8457,2.8462,2.8512,2.8517,2.8507,2.8512,7
2026-02-24 22:09:00,2.8467,2.8472,2.8457,2.8457,2.8517,2.8522,2.8507,2.8507,22
2026-02-24 22:10:00,2.8467,2.8467,2.8457,2.8457,2.8517,2.8517,2.8507,2.8507,4
2026-02-24 22:11:00,2.8452,2.8457,2.8447,2.8457,2.8502,2.8507,2.8497,2.8507,7
2026-02-24 22:12:00,2.8452,2.8462,2.8452,2.8462,2.8502,2.8512,2.8502,2.8512,5
2026-02-24 22:13:00,2.8457,2.8467,2.8457,2.8462,2.8507,2.8517,2.8507,2.8512,5
2026-02-24 22:14:00,2.8457,2.8457,2.8457,2.8457,2.8507,2.8507,2.8507,2.8507,1
2026-02-24 22:15:00,2.8462,2.8462,2.8462,2.8462,2.8512,2.8512,2.8512,2.8512,1
2026-02-24 22:16:00,2.8457,2.8457,2.8447,2.8447,2.8507,2.8507,2.8497,2.8497,4
2026-02-24 22:17:00,2.8452,2.8457,2.8437,2.8442,2.8502,2.8507,2.8487,2.8492,7
2026-02-24 22:18:00,2.8447,2.8452,2.8442,2.8447,2.8497,2.8502,2.8492,2.8497,4
2026-02-24 22:19:00,2.8452,2.8452,2.8447,2.8447,2.8502,2.8502,2.8497,2.8497,4
2026-02-24 22:20:00,2.8452,2.8452,2.8417,2.8432,2.8502,2.8502,2.8467,2.8482,10
2026-02-24 22:21:00,2.8427,2.8437,2.8427,2.8432,2.8477,2.8487,2.8477,2.8482,8
2026-02-24 22:22:00,2.8437,2.8447,2.8427,2.8447,2.8487,2.8497,2.8477,2.8497,5
2026-02-24 22:24:00,2.8437,2.8437,2.8427,2.8427,2.8487,2.8487,2.8477,2.8477,2
2026-02-24 22:25:00,2.8422,2.8422,2.8422,2.8422,2.8472,2.8472,2.8472,2.8472,1
2026-02-24 22:26:00,2.8417,2.8422,2.8397,2.8407,2.8467,2.8472,2.8447,2.8457,20
2026-02-24 22:27:00,2.8417,2.8417,2.8407,2.8412,2.8467,2.8467,2.8457,2.8462,3
2026-02-24 22:28:00,2.8417,2.8417,2.8407,2.8407,2.8467,2.8467,2.8457,2.8457,2
2026-02-24 22:32:00,2.8402,2.8407,2.8397,2.8397,2.8452,2.8457,2.8447,2.8447,5
2026-02-24 22:33:00,2.8402,2.8407,2.8397,2.8397,2.8452,2.8457,2.8447,2.8447,5
2026-02-24 22:34:00,2.8402,2.8402,2.8402,2.8402,2.8452,2.8452,2.8452,2.8452,1
2026-02-24 22:35:00,2.8397,2.8407,2.8397,2.8397,2.8447,2.8457,2.8447,2.8447,4
2026-02-24 22:36:00,2.8392,2.8392,2.8377,2.8377,2.8442,2.8442,2.8427,2.8427,3
2026-02-24 22:37:00,2.8382,2.8382,2.8382,2.8382,2.8432,2.8432,2.8432,2.8432,1
2026-02-24 22:38:00,2.8377,2.8377,2.8377,2.8377,2.8427,2.8427,2.8427,2.8427,1
2026-02-24 22:39:00,2.8367,2.8367,2.8367,2.8367,2.8417,2.8417,2.8417,2.8417,1
2026-02-24 22:40:00,2.8372,2.8372,2.8367,2.8367,2.8422,2.8422,2.8417,2.8417,2
2026-02-24 22:41:00,2.8362,2.8362,2.8347,2.8347,2.8412,2.8412,2.8397,2.8397,5
2026-02-24 22:42:00,2.8342,2.8347,2.8342,2.8342,2.8392,2.8397,2.8392,2.8392,3
2026-02-24 22:43:00,2.8332,2.8347,2.8332,2.8337,2.8382,2.8397,2.8382,2.8387,9
2026-02-24 22:45:00,2.8342,2.8377,2.8342,2.8357,2.8392,2.8427,2.8392,2.8407,20
2026-02-24 22:47:00,2.8367,2.8367,2.8337,2.8347,2.8417,2.8417,2.8387,2.8397,6
2026-02-24 22:48:00,2.8352,2.8357,2.8352,2.8357,2.8402,2.8407,2.8402,2.8407,2
2026-02-24 22:49:00,2.8352,2.8352,2.8347,2.8347,2.8402,2.8402,2.8397,2.8397,2
2026-02-24 22:51:00,2.8342,2.8342,2.8337,2.8337,2.8392,2.8392,2.8387,2.8387,2
2026-02-24 22:53:00,2.8342,2.8342,2.8327,2.8327,2.8392,2.8392,2.8377,2.8377,2
2026-02-24 22:54:00,2.8337,2.8342,2.8332,2.8337,2.8387,2.8392,2.8382,2.8387,5
2026-02-24 22:55:00,2.8332,2.8332,2.8327,2.8327,2.8382,2.8382,2.8377,2.8377,2
2026-02-24 22:56:00,2.8337,2.8337,2.8337,2.8337,2.8387,2.8387,2.8387,2.8387,1
2026-02-24 22:57:00,2.8342,2.8347,2.8342,2.8347,2.8392,2.8397,2.8392,2.8397,2
2026-02-24 22:58:00,2.8337,2.8342,2.8337,2.8337,2.8387,2.8392,2.8387,2.8387,3
2026-02-24 22:59:00,2.8342,2.8369,2.8327,2.8369,2.8392,2.8419,2.8377,2.8419,25
2026-02-25 00:00:00,2.8359,2.8409,2.8349,2.8404,2.8409,2.8459,2.8399,2.8454,35
2026-02-25 00:01:00,2.8399,2.8434,2.8354,2.8434,2.8449,2.8484,2.8404,2.8484,7
2026-02-25 00:02:00,2.8444,2.8444,2.8439,2.8439,2.8494,2.8494,2.8489,2.8489,2
2026-02-25 00:03:00,2.8434,2.8434,2.8429,2.8429,2.8484,2.8484,2.8479,2.8479,2
2026-02-25 00:04:00,2.8434,2.8434,2.8434,2.8434,2.8484,2.8484,2.8484,2.8484,1
2026-02-25 00:05:00,2.8439,2.8464,2.8439,2.8464,2.8489,2.8514,2.8489,2.8514,5
2026-02-25 00:06:00,2.8459,2.8464,2.8429,2.8429,2.8509,2.8514,2.8479,2.8479,13
2026-02-25 00:09:00,2.8434,2.8469,2.8434,2.8459,2.8484,2.8519,2.8484,2.8509,7
2026-02-25 00:10:00,2.8454,2.8454,2.8424,2.8424,2.8504,2.8504,2.8474,2.8474,8
2026-02-25 00:11:00,2.8414,2.8434,2.8404,2.8404,2.8464,2.8484,2.8454,2.8454,5
2026-02-25 00:12:00,2.8394,2.8394,2.8379,2.8379,2.8444,2.8444,2.8429,2.8429,7
2026-02-25 00:13:00,2.8384,2.8384,2.8364,2.8374,2.8434,2.8434,2.8414,2.8424,4
2026-02-25 00:14:00,2.8384,2.8399,2.8384,2.8394,2.8434,2.8449,2.8434,2.8444,4
2026-02-25 00:15:00,2.8399,2.8404,2.8394,2.8394,2.8449,2.8454,2.8444,2.8444,6
2026-02-25 00:18:00,2.8404,2.8404,2.8389,2.8389,2.8454,2.8454,2.8439,2.8439,3
2026-02-25 00:19:00,2.8394,2.8424,2.8394,2.8424,2.8444,2.8474,2.8444,2.8474,3
2026-02-25 00:20:00,2.8419,2.8419,2.8419,2.8419,2.8469,2.8469,2.8469,2.8469,1
2026-02-25 00:21:00,2.8424,2.8434,2.8424,2.8424,2.8474,2.8484,2.8474,2.8474,4
2026-02-25 00:22:00,2.8429,2.8429,2.8429,2.8429,2.8479,2.8479,2.8479,2.8479,1
2026-02-25 00:24:00,2.8434,2.8434,2.8434,2.8434,2.8484,2.8484,2.8484,2.8484,1
2026-02-25 00:25:00,2.8444,2.8454,2.8429,2.8434,2.8494,2.8504,2.8479,2.8484,6
2026-02-25 00:28:00,2.8439,2.8439,2.8439,2.8439,2.8489,2.8489,2.8489,2.8489,1
2026-02-25 00:29:00,2.8434,2.8444,2.8434,2.8444,2.8484,2.8494,2.8484,2.8494,3
2026-02-25 00:30:00,2.8439,2.8454,2.8439,2.8449,2.8489,2.8504,2.8489,2.8499,4
2026-02-25 00:31:00,2.8454,2.8454,2.8444,2.8454,2.8504,2.8504,2.8494,2.8504,5
2026-02-25 00:32:00,2.8464,2.8499,2.8464,2.8494,2.8514,2.8549,2.8514,2.8544,7
2026-02-25 00:33:00,2.8489,2.8494,2.8474,2.8474,2.8539,2.8544,2.8524,2.8524,5
2026-02-25 00:34:00,2.8484,2.8484,2.8484,2.8484,2.8534,2.8534,2.8534,2.8534,1
2026-02-25 00:35:00,2.8489,2.8489,2.8489,2.8489,2.8539,2.8539,2.8539,2.8539,1
2026-02-25 00:36:00,2.8494,2.8504,2.8484,2.8484,2.8544,2.8554,2.8534,2.8534,5
2026-02-25 00:39:00,2.8489,2.8489,2.8489,2.8489,2.8539,2.8539,2.8539,2.8539,1
2026-02-25 00:40:00,2.8499,2.8499,2.8494,2.8499,2.8549,2.8549,2.8544,2.8549,3
2026-02-25 00:41:00,2.8489,2.8489,2.8489,2.8489,2.8539,2.8539,2.8539,2.8539,1
2026-02-25 00:42:00,2.8494,2.8494,2.8494,2.8494,2.8544,2.8544,2.8544,2.8544,1
2026-02-25 00:43:00,2.8484,2.8484,2.8469,2.8479,2.8534,2.8534,2.8519,2.8529,5
2026-02-25 00:46:00,2.8474,2.8474,2.8469,2.8469,2.8524,2.8524,2.8519,2.8519,2
2026-02-25 00:47:00,2.8464,2.8464,2.8459,2.8459,2.8514,2.8514,2.8509,2.8509,2
2026-02-25 00:48:00,2.8454,2.8459,2.8454,2.8459,2.8504,2.8509,2.8504,2.8509,2
2026-02-25 00:49:00,2.8454,2.8464,2.8454,2.8464,2.8504,2.8514,2.8504,2.8514,2
2026-02-25 00:50:00,2.8449,2.8449,2.8439,2.8439,2.8499,2.8499,2.8489,2.8489,5
2026-02-25 00:51:00,2.8444,2.8464,2.8444,2.8459,2.8494,2.8514,2.8494,2.8509,3
2026-02-25 00:52:00,2.8444,2.8444,2.8444,2.8444,2.8494,2.8494,2.8494,2.8494,1
2026-02-25 00:53:00,2.8454,2.8454,2.8454,2.8454,2.8504,2.8504,2.8504,2.8504,1
2026-02-25 00:59:00,2.8449,2.8449,2.8449,2.8449,2.8499,2.8499,2.8499,2.8499,1
2026-02-25 01:00:00,2.8454,2.8474,2.8449,2.8464,2.8504,2.8524,2.8499,2.8514,12
2026-02-25 01:01:00,2.8459,2.8459,2.8444,2.8454,2.8509,2.8509,2.8494,2.8504,6
2026-02-25 01:02:00,2.8459,2.8484,2.8459,2.8474,2.8509,2.8534,2.8509,2.8524,9
2026-02-25 01:03:00,2.8479,2.8484,2.8479,2.8479,2.8529,2.8534,2.8529,2.8529,3
2026-02-25 01:04:00,2.8469,2.8469,2.8464,2.8464,2.8519,2.8519,2.8514,2.8514,2
2026-02-25 01:05:00,2.8469,2.8484,2.8464,2.8484,2.8519,2.8534,2.8514,2.8534,6
2026-02-25 01:06:00,2.8494,2.8494,2.8489,2.8494,2.8544,2.8544,2.8539,2.8544,3
2026-02-25 01:07:00,2.8499,2.8504,2.8494,2.8499,2.8549,2.8554,2.8544,2.8549,11
2026-02-25 01:08:00,2.8494,2.8499,2.8494,2.8499,2.8544,2.8549,2.8544,2.8549,2
2026-02-25 01:09:00,2.8494,2.8499,2.8494,2.8499,2.8544,2.8549,2.8544,2.8549,4
2026-02-25 01:10:00,2.8504,2.8504,2.8499,2.8499,2.8554,2.8554,2.8549,2.8549,6
2026-02-25 01:12:00,2.8489,2.8499,2.8489,2.8499,2.8539,2.8549,2.8539,2.8549,3
2026-02-25 01:13:00,2.8494,2.8494,2.8494,2.8494,2.8544,2.8544,2.8544,2.8544,1
2026-02-25 01:14:00,2.8504,2.8514,2.8499,2.8509,2.8554,2.8564,2.8549,2.8559,6
2026-02-25 01:15:00,2.8504,2.8514,2.8494,2.8514,2.8554,2.8564,2.8544,2.8564,6
2026-02-25 01:16:00,2.8509,2.8509,2.8504,2.8504,2.8559,2.8559,2.8554,2.8554,2
2026-02-25 01:17:00,2.8499,2.8504,2.8499,2.8504,2.8549,2.8554,2.8549,2.8554,2
2026-02-25 01:19:00,2.8509,2.8509,2.8509,2.8509,2.8559,2.8559,2.8559,2.8559,1
2026-02-25 01:20:00,2.8514,2.8514,2.8514,2.8514,2.8564,2.8564,2.8564,2.8564,1
2026-02-25 01:21:00,2.8504,2.8519,2.8504,2.8519,2.8554,2.8569,2.8554,2.8569,7
2026-02-25 01:22:00,2.8514,2.8514,2.8514,2.8514,2.8564,2.8564,2.8564,2.8564,1
2026-02-25 01:23:00,2.8509,2.8509,2.8504,2.8509,2.8559,2.8559,2.8554,2.8559,3
2026-02-25 01:24:00,2.8504,2.8504,2.8504,2.8504,2.8554,2.8554,2.8554,2.8554,1
2026-02-25 01:26:00,2.8509,2.8509,2.8509,2.8509,2.8559,2.8559,2.8559,2.8559,1
2026-02-25 01:28:00,2.8514,2.8514,2.8514,2.8514,2.8564,2.8564,2.8564,2.8564,1
2026-02-25 01:29:00,2.8524,2.8549,2.8524,2.8544,2.8574,2.8599,2.8574,2.8594,9
2026-02-25 01:30:00,2.8539,2.8539,2.8524,2.8529,2.8589,2.8589,2.8574,2.8579,5
2026-02-25 01:32:00,2.8534,2.8534,2.8524,2.8524,2.8584,2.8584,2.8574,2.8574,3
2026-02-25 01:33:00,2.8519,2.8519,2.8519,2.8519,2.8569,2.8569,2.8569,2.8569,1
2026-02-25 01:34:00,2.8534,2.8574,2.8534,2.8559,2.8584,2.8624,2.8584,2.8609,13
2026-02-25 01:35:00,2.8564,2.8564,2.8544,2.8554,2.8614,2.8614,2.8594,2.8604,8
2026-02-25 01:36:00,2.8549,2.8549,2.8544,2.8544,2.8599,2.8599,2.8594,2.8594,2
2026-02-25 01:37:00,2.8554,2.8554,2.8554,2.8554,2.8604,2.8604,2.8604,2.8604,1
2026-02-25 01:38:00,2.8544,2.8544,2.8544,2.8544,2.8594,2.8594,2.8594,2.8594,1
2026-02-25 01:41:00,2.8539,2.8539,2.8539,2.8539,2.8589,2.8589,2.8589,2.8589,1
2026-02-25 01:42:00,2.8534,2.8534,2.8524,2.8524,2.8584,2.8584,2.8574,2.8574,3
2026-02-25 01:43:00,2.8534,2.8534,2.8534,2.8534,2.8584,2.8584,2.8584,2.8584,1
2026-02-25 01:44:00,2.8529,2.8534,2.8529,2.8534,2.8579,2.8584,2.8579,2.8584,4
2026-02-25 01:45:00,2.8539,2.8539,2.8539,2.8539,2.8589,2.8589,2.8589,2.8589,1
2026-02-25 01:46:00,2.8534,2.8534,2.8534,2.8534,2.8584,2.8584,2.8584,2.8584,1
2026-02-25 01:47:00,2.8539,2.8554,2.8539,2.8544,2.8589,2.8604,2.8589,2.8594,5
2026-02-25 01:48:00,2.8549,2.8554,2.8539,2.8539,2.8599,2.8604,2.8589,2.8589,6
2026-02-25 01:49:00,2.8534,2.8534,2.8534,2.8534,2.8584,2.8584,2.8584,2.8584,1
2026-02-25 01:50:00,2.8539,2.8539,2.8474,2.8504,2.8589,2.8589,2.8524,2.8554,24
2026-02-25 01:51:00,2.8514,2.8514,2.8504,2.8514,2.8564,2.8564,2.8554,2.8564,4
2026-02-25 01:52:00,2.8524,2.8524,2.8494,2.8509,2.8574,2.8574,2.8544,2.8559,9
2026-02-25 01:53:00,2.8514,2.8514,2.8504,2.8509,2.8564,2.8564,2.8554,2.8559,5
2026-02-25 01:54:00,2.8514,2.8514,2.8509,2.8509,2.8564,2.8564,2.8559,2.8559,2
2026-02-25 01:55:00,2.8514,2.8514,2.8509,2.8514,2.8564,2.8564,2.8559,2.8564,3
2026-02-25 01:56:00,2.8509,2.8509,2.8509,2.8509,2.8559,2.8559,2.8559,2.8559,1
2026-02-25 01:57:00,2.8514,2.8514,2.8509,2.8509,2.8564,2.8564,2.8559,2.8559,2
2026-02-25 01:58:00,2.8504,2.8504,2.8504,2.8504,2.8554,2.8554,2.8554,2.8554,1
2026-02-25 01:59:00,2.8514,2.8514,2.8514,2.8514,2.8564,2.8564,2.8564,2.8564,1
2026-02-25 02:00:00,2.8504,2.8504,2.8474,2.8474,2.8554,2.8554,2.8524,2.8524,6
2026-02-25 02:01:00,2.8464,2.8534,2.8459,2.8514,2.8514,2.8584,2.8509,2.8564,26
2026-02-25 02:02:00,2.8504,2.8504,2.8499,2.8499,2.8554,2.8554,2.8549,2.8549,4
2026-02-25 02:03:00,2.8504,2.8504,2.8504,2.8504,2.8554,2.8554,2.8554,2.8554,1
2026-02-25 02:04:00,2.8499,2.8499,2.8499,2.8499,2.8549,2.8549,2.8549,2.8549,1
2026-02-25 02:06:00,2.8494,2.8499,2.8484,2.8489,2.8544,2.8549,2.8534,2.8539,6
2026-02-25 02:07:00,2.8484,2.8484,2.8484,2.8484,2.8534,2.8534,2.8534,2.8534,1
2026-02-25 02:08:00,2.8489,2.8489,2.8489,2.8489,2.8539,2.8539,2.8539,2.8539,1
2026-02-25 02:09:00,2.8484,2.8494,2.8474,2.8484,2.8534,2.8544,2.8524,2.8534,8
2026-02-25 02:10:00,2.8494,2.8499,2.8494,2.8499,2.8544,2.8549,2.8544,2.8549,2
2026-02-25 02:13:00,2.8504,2.8509,2.8489,2.8509,2.8554,2.8559,2.8539,2.8559,5
2026-02-25 02:14:00,2.8504,2.8514,2.8504,2.8514,2.8554,2.8564,2.8554,2.8564,2
2026-02-25 02:15:00,2.8509,2.8539,2.8509,2.8529,2.8559,2.8589,2.8559,2.8579,7
2026-02-25 02:17:00,2.8524,2.8544,2.8514,2.8534,2.8574,2.8594,2.8564,2.8584,10
2026-02-25 02:18:00,2.8529,2.8529,2.8529,2.8529,2.8579,2.8579,2.8579,2.8579,1
2026-02-25 02:19:00,2.8524,2.8529,2.8519,2.8529,2.8574,2.8579,2.8569,2.8579,6
2026-02-25 02:20:00,2.8534,2.8544,2.8524,2.8539,2.8584,2.8594,2.8574,2.8589,7
2026-02-25 02:21:00,2.8544,2.8549,2.8544,2.8549,2.8594,2.8599,2.8594,2.8599,2
2026-02-25 02:22:00,2.8544,2.8544,2.8519,2.8519,2.8594,2.8594,2.8569,2.8569,10
2026-02-25 02:23:00,2.8514,2.8514,2.8509,2.8509,2.8564,2.8564,2.8559,2.8559,2
2026-02-25 02:25:00,2.8514,2.8514,2.8514,2.8514,2.8564,2.8564,2.8564,2.8564,1
2026-02-25 02:26:00,2.8504,2.8504,2.8469,2.8469,2.8554,2.8554,2.8519,2.8519,11
2026-02-25 02:28:00,2.8474,2.8474,2.8474,2.8474,2.8524,2.8524,2.8524,2.8524,1
2026-02-25 02:29:00,2.8464,2.8464,2.8444,2.8464,2.8514,2.8514,2.8494,2.8514,6
2026-02-25 02:30:00,2.8474,2.8474,2.8459,2.8464,2.8524,2.8524,2.8509,2.8514,11
2026-02-25 02:31:00,2.8469,2.8474,2.8464,2.8474,2.8519,2.8524,2.8514,2.8524,3
2026-02-25 02:32:00,2.8484,2.8484,2.8464,2.8464,2.8534,2.8534,2.8514,2.8514,6
2026-02-25 02:33:00,2.8469,2.8469,2.8424,2.8459,2.8519,2.8519,2.8474,2.8509,21
2026-02-25 02:34:00,2.8454,2.8454,2.8444,2.8444,2.8504,2.8504,2.8494,2.8494,4
2026-02-25 02:35:00,2.8439,2.8444,2.8439,2.8439,2.8489,2.8494,2.8489,2.8489,3
2026-02-25 02:36:00,2.8444,2.8444,2.8439,2.8444,2.8494,2.8494,2.8489,2.8494,3
2026-02-25 02:37:00,2.8439,2.8439,2.8439,2.8439,2.8489,2.8489,2.8489,2.8489,1
2026-02-25 02:38:00,2.8444,2.8449,2.8439,2.8449,2.8494,2.8499,2.8489,2.8499,3
2026-02-25 02:40:00,2.8444,2.8444,2.8439,2.8439,2.8494,2.8494,2.8489,2.8489,2
2026-02-25 02:41:00,2.8444,2.8474,2.8444,2.8469,2.8494,2.8524,2.8494,2.8519,10
2026-02-25 02:44:00,2.8474,2.8474,2.8469,2.8469,2.8524,2.8524,2.8519,2.8519,2
2026-02-25 02:45:00,2.8449,2.8464,2.8429,2.8439,2.8499,2.8514,2.8479,2.8489,11
2026-02-25 02:46:00,2.8444,2.8444,2.8444,2.8444,2.8494,2.8494,2.8494,2.8494,1
2026-02-25 02:47:00,2.8439,2.8439,2.8424,2.8424,2.8489,2.8489,2.8474,2.8474,7
2026-02-25 02:48:00,2.8429,2.8434,2.8429,2.8434,2.8479,2.8484,2.8479,2.8484,2
2026-02-25 02:49:00,2.8439,2.8444,2.8439,2.8444,2.8489,2.8494,2.8489,2.8494,2
2026-02-25 02:51:00,2.8454,2.8454,2.8444,2.8454,2.8504,2.8504,2.8494,2.8504,4
2026-02-25 02:52:00,2.8459,2.8459,2.8454,2.8454,2.8509,2.8509,2.8504,2.8504,2
2026-02-25 02:53:00,2.8444,2.8444,2.8439,2.8439,2.8494,2.8494,2.8489,2.8489,2
2026-02-25 02:54:00,2.8434,2.8444,2.8434,2.8444,2.8484,2.8494,2.8484,2.8494,2
2026-02-25 02:57:00,2.8439,2.8444,2.8439,2.8444,2.8489,2.8494,2.8489,2.8494,2
2026-02-25 02:58:00,2.8434,2.8439,2.8429,2.8439,2.8484,2.8489,2.8479,2.8489,6
2026-02-25 03:00:00,2.8434,2.8439,2.8414,2.8414,2.8484,2.8489,2.8464,2.8464,8
2026-02-25 03:01:00,2.8419,2.8424,2.8409,2.8424,2.8469,2.8474,2.8459,2.8474,4
2026-02-25 03:02:00,2.8419,2.8429,2.8419,2.8429,2.8469,2.8479,2.8469,2.8479,2
2026-02-25 03:05:00,2.8419,2.8419,2.8414,2.8419,2.8469,2.8469,2.8464,2.8469,3
2026-02-25 03:06:00,2.8424,2.8424,2.8424,2.8424,2.8474,2.8474,2.8474,2.8474,1
2026-02-25 03:07:00,2.8419,2.8424,2.8414,2.8414,2.8469,2.8474,2.8464,2.8464,4
2026-02-25 03:08:00,2.8409,2.8419,2.8409,2.8419,2.8459,2.8469,2.8459,2.8469,2
2026-02-25 03:10:00,2.8424,2.8424,2.8424,2.8424,2.8474,2.8474,2.8474,2.8474,1
2026-02-25 03:11:00,2.8434,2.8434,2.8404,2.8424,2.8484,2.8484,2.8454,2.8474,7
2026-02-25 03:12:00,2.8429,2.8434,2.8429,2.8434,2.8479,2.8484,2.8479,2.8484,2
2026-02-25 03:13:00,2.8439,2.8439,2.8429,2.8429,2.8489,2.8489,2.8479,2.8479,3
2026-02-25 03:15:00,2.8424,2.8434,2.8424,2.8429,2.8474,2.8484,2.8474,2.8479,4
2026-02-25 03:16:00,2.8439,2.8439,2.8429,2.8429,2.8489,2.8489,2.8479,2.8479,2
2026-02-25 03:17:00,2.8414,2.8419,2.8414,2.8419,2.8464,2.8469,2.8464,2.8469,2
2026-02-25 03:18:00,2.8414,2.8419,2.8414,2.8419,2.8464,2.8469,2.8464,2.8469,4
2026-02-25 03:19:00,2.8424,2.8424,2.8419,2.8419,2.8474,2.8474,2.8469,2.8469,2
2026-02-25 03:21:00,2.8424,2.8424,2.8414,2.8424,2.8474,2.8474,2.8464,2.8474,6
2026-02-25 03:22:00,2.8434,2.8434,2.8409,2.8414,2.8484,2.8484,2.8459,2.8464,6
2026-02-25 03:23:00,2.8409,2.8409,2.8394,2.8394,2.8459,2.8459,2.8444,2.8444,5
2026-02-25 03:24:00,2.8404,2.8414,2.8399,2.8414,2.8454,2.8464,2.8449,2.8464,7
2026-02-25 03:25:00,2.8404,2.8414,2.8404,2.8404,2.8454,2.8464,2.8454,2.8454,5
2026-02-25 03:26:00,2.8414,2.8414,2.8414,2.8414,2.8464,2.8464,2.8464,2.8464,1
2026-02-25 03:27:00,2.8419,2.8424,2.8419,2.8424,2.8469,2.8474,2.8469,2.8474,2
2026-02-25 03:30:00,2.8429,2.8434,2.8429,2.8429,2.8479,2.8484,2.8479,2.8479,3
2026-02-25 03:31:00,2.8434,2.8434,2.8429,2.8429,2.8484,2.8484,2.8479,2.8479,2
2026-02-25 03:32:00,2.8434,2.8434,2.8434,2.8434,2.8484,2.8484,2.8484,2.8484,1
2026-02-25 03:33:00,2.8439,2.8439,2.8429,2.8434,2.8489,2.8489,2.8479,2.8484,3
2026-02-25 03:34:00,2.8439,2.8439,2.8434,2.8434,2.8489,2.8489,2.8484,2.8484,4
2026-02-25 03:35:00,2.8429,2.8434,2.8429,2.8429,2.8479,2.8484,2.8479,2.8479,3
2026-02-25 03:36:00,2.8434,2.8434,2.8429,2.8429,2.8484,2.8484,2.8479,2.8479,2
2026-02-25 03:38:00,2.8414,2.8414,2.8399,2.8414,2.8464,2.8464,2.8449,2.8464,11
2026-02-25 03:39:00,2.8419,2.8424,2.8414,2.8419,2.8469,2.8474,2.8464,2.8469,5
2026-02-25 03:41:00,2.8424,2.8424,2.8424,2.8424,2.8474,2.8474,2.8474,2.8474,1
2026-02-25 03:44:00,2.8419,2.8419,2.8419,2.8419,2.8469,2.8469,2.8469,2.8469,1
2026-02-25 03:46:00,2.8414,2.8414,2.8404,2.8409,2.8464,2.8464,2.8454,2.8459,6
2026-02-25 03:47:00,2.8414,2.8414,2.8404,2.8409,2.8464,2.8464,2.8454,2.8459,3
2026-02-25 03:48:00,2.8404,2.8404,2.8404,2.8404,2.8454,2.8454,2.8454,2.8454,1
2026-02-25 03:49:00,2.8399,2.8404,2.8394,2.8404,2.8449,2.8454,2.8444,2.8454,4
2026-02-25 03:50:00,2.8399,2.8399,2.8394,2.8394,2.8449,2.8449,2.8444,2.8444,2
2026-02-25 03:51:00,2.8389,2.8399,2.8374,2.8399,2.8439,2.8449,2.8424,2.8449,8
2026-02-25 03:53:00,2.8394,2.8394,2.8389,2.8389,2.8444,2.8444,2.8439,2.8439,2
2026-02-25 03:54:00,2.8394,2.8399,2.8394,2.8399,2.8444,2.8449,2.8444,2.8449,2
2026-02-25 03:59:00,2.8404,2.8404,2.8399,2.8399,2.8454,2.8454,2.8449,2.8449,2
2026-02-25 04:00:00,2.8404,2.8404,2.8404,2.8404,2.8454,2.8454,2.8454,2.8454,1
2026-02-25 04:01:00,2.8409,2.8409,2.8409,2.8409,2.8459,2.8459,2.8459,2.8459,1
2026-02-25 04:02:00,2.8414,2.8414,2.8409,2.8409,2.8464,2.8464,2.8459,2.8459,2
2026-02-25 04:05:00,2.8404,2.8404,2.8394,2.8399,2.8454,2.8454,2.8444,2.8449,3
2026-02-25 04:06:00,2.8394,2.8414,2.8394,2.8409,2.8444,2.8464,2.8444,2.8459,6
2026-02-25 04:07:00,2.8414,2.8419,2.8414,2.8419,2.8464,2.8469,2.8464,2.8469,2
2026-02-25 04:08:00,2.8409,2.8409,2.8409,2.8409,2.8459,2.8459,2.8459,2.8459,1
2026-02-25 04:10:00,2.8404,2.8404,2.8394,2.8394,2.8454,2.8454,2.8444,2.8444,3
2026-02-25 04:11:00,2.8399,2.8399,2.8399,2.8399,2.8449,2.8449,2.8449,2.8449,1
2026-02-25 04:14:00,2.8404,2.8414,2.8394,2.8409,2.8454,2.8464,2.8444,2.8459,7
2026-02-25 04:15:00,2.8424,2.8424,2.8414,2.8414,2.8474,2.8474,2.8464,2.8464,2
2026-02-25 04:16:00,2.8409,2.8409,2.8409,2.8409,2.8459,2.8459,2.8459,2.8459,1
2026-02-25 04:17:00,2.8404,2.8404,2.8364,2.8369,2.8454,2.8454,2.8414,2.8419,8
2026-02-25 04:18:00,2.8364,2.8374,2.8354,2.8374,2.8414,2.8424,2.8404,2.8424,8
2026-02-25 04:19:00,2.8369,2.8374,2.8369,2.8369,2.8419,2.8424,2.8419,2.8419,3
2026-02-25 04:20:00,2.8374,2.8379,2.8374,2.8379,2.8424,2.8429,2.8424,2.8429,2
2026-02-25 04:21:00,2.8369,2.8374,2.8369,2.8369,2.8419,2.8424,2.8419,2.8419,3
2026-02-25 04:22:00,2.8374,2.8394,2.8374,2.8389,2.8424,2.8444,2.8424,2.8439,5
2026-02-25 04:24:00,2.8384,2.8384,2.8374,2.8374,2.8434,2.8434,2.8424,2.8424,3
2026-02-25 04:25:00,2.8384,2.8384,2.8369,2.8369,2.8434,2.8434,2.8419,2.8419,3
2026-02-25 04:26:00,2.8364,2.8374,2.8364,2.8369,2.8414,2.8424,2.8414,2.8419,3
2026-02-25 04:27:00,2.8374,2.8374,2.8374,2.8374,2.8424,2.8424,2.8424,2.8424,1
2026-02-25 04:28:00,2.8364,2.8379,2.8364,2.8379,2.8414,2.8429,2.8414,2.8429,9
2026-02-25 04:29:00,2.8384,2.8384,2.8369,2.8369,2.8434,2.8434,2.8419,2.8419,4
2026-02-25 04:30:00,2.8364,2.8389,2.8364,2.8389,2.8414,2.8439,2.8414,2.8439,12
2026-02-25 04:31:00,2.8404,2.8424,2.8394,2.8414,2.8454,2.8474,2.8444,2.8464,20
2026-02-25 04:32:00,2.8419,2.8434,2.8419,2.8424,2.8469,2.8484,2.8469,2.8474,10
2026-02-25 04:33:00,2.8414,2.8424,2.8389,2.8389,2.8464,2.8474,2.8439,2.8439,6
2026-02-25 04:34:00,2.8384,2.8389,2.8374,2.8379,2.8434,2.8439,2.8424,2.8429,5
2026-02-25 04:35:00,2.8364,2.8364,2.8354,2.8354,2.8414,2.8414,2.8404,2.8404,9
2026-02-25 04:36:00,2.8344,2.8359,2.8344,2.8349,2.8394,2.8409,2.8394,2.8399,9
2026-02-25 04:37:00,2.8344,2.8369,2.8344,2.8364,2.8394,2.8419,2.8394,2.8414,9
2026-02-25 04:38:00,2.8354,2.8354,2.8354,2.8354,2.8404,2.8404,2.8404,2.8404,1
2026-02-25 04:39:00,2.8364,2.8364,2.8354,2.8364,2.8414,2.8414,2.8404,2.8414,5
2026-02-25 04:40:00,2.8359,2.8359,2.8359,2.8359,2.8409,2.8409,2.8409,2.8409,1
2026-02-25 04:41:00,2.8364,2.8364,2.8359,2.8359,2.8414,2.8414,2.8409,2.8409,2
2026-02-25 04:42:00,2.8364,2.8364,2.8364,2.8364,2.8414,2.8414,2.8414,2.8414,1
2026-02-25 04:43:00,2.8359,2.8359,2.8354,2.8354,2.8409,2.8409,2.8404,2.8404,2
2026-02-25 04:44:00,2.8359,2.8364,2.8359,2.8364,2.8409,2.8414,2.8409,2.8414,2
2026-02-25 04:45:00,2.8369,2.8374,2.8364,2.8374,2.8419,2.8424,2.8414,2.8424,3
2026-02-25 04:46:00,2.8379,2.8379,2.8374,2.8374,2.8429,2.8429,2.8424,2.8424,2
2026-02-25 04:47:00,2.8379,2.8384,2.8374,2.8379,2.8429,2.8434,2.8424,2.8429,4
2026-02-25 04:48:00,2.8384,2.8389,2.8384,2.8384,2.8434,2.8439,2.8434,2.8434,3
2026-02-25 04:52:00,2.8379,2.8379,2.8374,2.8374,2.8429,2.8429,2.8424,2.8424,2
2026-02-25 04:53:00,2.8379,2.8379,2.8374,2.8374,2.8429,2.8429,2.8424,2.8424,4
2026-02-25 04:56:00,2.8384,2.8384,2.8374,2.8374,2.8434,2.8434,2.8424,2.8424,2
2026-02-25 04:57:00,2.8364,2.8369,2.8364,2.8369,2.8414,2.8419,2.8414,2.8419,2
2026-02-25 04:58:00,2.8364,2.8374,2.8364,2.8374,2.8414,2.8424,2.8414,2.8424,6
2026-02-25 04:59:00,2.8364,2.8369,2.8364,2.8364,2.8414,2.8419,2.8414,2.8414,11
2026-02-25 05:00:00,2.8369,2.8369,2.8364,2.8364,2.8419,2.8419,2.8414,2.8414,4
2026-02-25 05:01:00,2.8369,2.8374,2.8359,2.8364,2.8419,2.8424,2.8409,2.8414,12
2026-02-25 05:03:00,2.8354,2.8359,2.8354,2.8359,2.8404,2.8409,2.8404,2.8409,2
2026-02-25 05:04:00,2.8364,2.8364,2.8359,2.8359,2.8414,2.8414,2.8409,2.8409,2
2026-02-25 05:05:00,2.8364,2.8364,2.8359,2.8359,2.8414,2.8414,2.8409,2.8409,2
2026-02-25 05:06:00,2.8364,2.8374,2.8359,2.8374,2.8414,2.8424,2.8409,2.8424,3
2026-02-25 05:07:00,2.8364,2.8364,2.8354,2.8354,2.8414,2.8414,2.8404,2.8404,5
2026-02-25 05:08:00,2.8359,2.8364,2.8359,2.8359,2.8409,2.8414,2.8409,2.8409,3
2026-02-25 05:09:00,2.8354,2.8359,2.8354,2.8359,2.8404,2.8409,2.8404,2.8409,2
2026-02-25 05:10:00,2.8364,2.8364,2.8364,2.8364,2.8414,2.8414,2.8414,2.8414,1
2026-02-25 05:11:00,2.8359,2.8359,2.8349,2.8349,2.8409,2.8409,2.8399,2.8399,3
2026-02-25 05:12:00,2.8354,2.8354,2.8349,2.8349,2.8404,2.8404,2.8399,2.8399,4
2026-02-25 05:13:00,2.8344,2.8354,2.8344,2.8349,2.8394,2.8404,2.8394,2.8399,4
2026-02-25 05:14:00,2.8344,2.8344,2.8344,2.8344,2.8394,2.8394,2.8394,2.8394,1
2026-02-25 05:15:00,2.8354,2.8354,2.8344,2.8344,2.8404,2.8404,2.8394,2.8394,2
2026-02-25 05:16:00,2.8359,2.8409,2.8359,2.8404,2.8409,2.8459,2.8409,2.8454,16
2026-02-25 05:17:00,2.8394,2.8394,2.8384,2.8384,2.8444,2.8444,2.8434,2.8434,2
2026-02-25 05:19:00,2.8394,2.8394,2.8384,2.8384,2.8444,2.8444,2.8434,2.8434,3
2026-02-25 05:20:00,2.8379,2.8384,2.8369,2.8384,2.8429,2.8434,2.8419,2.8434,6
2026-02-25 05:21:00,2.8394,2.8394,2.8394,2.8394,2.8444,2.8444,2.8444,2.8444,1
2026-02-25 05:22:00,2.8389,2.8419,2.8389,2.8414,2.8439,2.8469,2.8439,2.8464,5
2026-02-25 05:23:00,2.8409,2.8409,2.8404,2.8404,2.8459,2.8459,2.8454,2.8454,2
2026-02-25 05:24:00,2.8409,2.8409,2.8409,2.8409,2.8459,2.8459,2.8459,2.8459,1
2026-02-25 05:25:00,2.8414,2.8414,2.8414,2.8414,2.8464,2.8464,2.8464,2.8464,1
2026-02-25 05:26:00,2.8419,2.8424,2.8409,2.8414,2.8469,2.8474,2.8459,2.8464,5
2026-02-25 05:27:00,2.8409,2.8414,2.8409,2.8414,2.8459,2.8464,2.8459,2.8464,2
2026-02-25 05:28:00,2.8409,2.8414,2.8409,2.8414,2.8459,2.8464,2.8459,2.8464,2
2026-02-25 05:29:00,2.8409,2.8409,2.8409,2.8409,2.8459,2.8459,2.8459,2.8459,1
2026-02-25 05:30:00,2.8414,2.8414,2.8414,2.8414,2.8464,2.8464,2.8464,2.8464,1
2026-02-25 05:31:00,2.8419,2.8434,2.8419,2.8424,2.8469,2.8484,2.8469,2.8474,3
2026-02-25 05:32:00,2.8429,2.8434,2.8429,2.8434,2.8479,2.8484,2.8479,2.8484,4
2026-02-25 05:33:00,2.8444,2.8459,2.8444,2.8459,2.8494,2.8509,2.8494,2.8509,3
2026-02-25 05:34:00,2.8464,2.8464,2.8454,2.8464,2.8514,2.8514,2.8504,2.8514,5
2026-02-25 05:35:00,2.8474,2.8474,2.8464,2.8464,2.8524,2.8524,2.8514,2.8514,2
2026-02-25 05:36:00,2.8459,2.8474,2.8454,2.8464,2.8509,2.8524,2.8504,2.8514,6
2026-02-25 05:37:00,2.8459,2.8474,2.8454,2.8454,2.8509,2.8524,2.8504,2.8504,8
2026-02-25 05:38:00,2.8444,2.8444,2.8444,2.8444,2.8494,2.8494,2.8494,2.8494,1
2026-02-25 05:40:00,2.8434,2.8434,2.8434,2.8434,2.8484,2.8484,2.8484,2.8484,1
2026-02-25 05:42:00,2.8439,2.8439,2.8439,2.8439,2.8489,2.8489,2.8489,2.8489,1
2026-02-25 05:43:00,2.8434,2.8434,2.8414,2.8414,2.8484,2.8484,2.8464,2.8464,4
2026-02-25 05:44:00,2.8419,2.8424,2.8404,2.8424,2.8469,2.8474,2.8454,2.8474,5
2026-02-25 05:45:00,2.8414,2.8414,2.8414,2.8414,2.8464,2.8464,2.8464,2.8464,1
2026-02-25 05:46:00,2.8404,2.8424,2.8404,2.8424,2.8454,2.8474,2.8454,2.8474,3
2026-02-25 05:49:00,2.8429,2.8439,2.8429,2.8434,2.8479,2.8489,2.8479,2.8484,4
2026-02-25 05:50:00,2.8439,2.8459,2.8439,2.8459,2.8489,2.8509,2.8489,2.8509,6
2026-02-25 05:51:00,2.8464,2.8464,2.8464,2.8464,2.8514,2.8514,2.8514,2.8514,1
2026-02-25 05:52:00,2.8459,2.8464,2.8454,2.8464,2.8509,2.8514,2.8504,2.8514,5
2026-02-25 05:53:00,2.8469,2.8484,2.8469,2.8484,2.8519,2.8534,2.8519,2.8534,3
2026-02-25 05:54:00,2.8479,2.8479,2.8464,2.8464,2.8529,2.8529,2.8514,2.8514,3
2026-02-25 05:55:00,2.8469,2.8469,2.8464,2.8469,2.8519,2.8519,2.8514,2.8519,3
2026-02-25 05:56:00,2.8474,2.8474,2.8454,2.8459,2.8524,2.8524,2.8504,2.8509,8
2026-02-25 05:58:00,2.8454,2.8464,2.8454,2.8464,2.8504,2.8514,2.8504,2.8514,2
2026-02-25 05:59:00,2.8459,2.8464,2.8454,2.8464,2.8509,2.8514,2.8504,2.8514,3
2026-02-25 06:00:00,2.8474,2.8474,2.8469,2.8469,2.8524,2.8524,2.8519,2.8519,2
2026-02-25 06:01:00,2.8464,2.8474,2.8464,2.8474,2.8514,2.8524,2.8514,2.8524,3
2026-02-25 06:02:00,2.8464,2.8464,2.8454,2.8454,2.8514,2.8514,2.8504,2.8504,5
2026-02-25 06:03:00,2.8444,2.8444,2.8444,2.8444,2.8494,2.8494,2.8494,2.8494,1
2026-02-25 06:06:00,2.8454,2.8499,2.8454,2.8499,2.8504,2.8549,2.8504,2.8549,7
2026-02-25 06:07:00,2.8504,2.8504,2.8494,2.8494,2.8554,2.8554,2.8544,2.8544,6
2026-02-25 06:09:00,2.8504,2.8504,2.8504,2.8504,2.8554,2.8554,2.8554,2.8554,1
2026-02-25 06:10:00,2.8514,2.8514,2.8494,2.8494,2.8564,2.8564,2.8544,2.8544,7
2026-02-25 06:14:00,2.8489,2.8494,2.8489,2.8494,2.8539,2.8544,2.8539,2.8544,2
2026-02-25 06:16:00,2.8504,2.8514,2.8504,2.8504,2.8554,2.8564,2.8554,2.8554,8
2026-02-25 06:17:00,2.8499,2.8499,2.8499,2.8499,2.8549,2.8549,2.8549,2.8549,1
2026-02-25 06:18:00,2.8504,2.8504,2.8504,2.8504,2.8554,2.8554,2.8554,2.8554,1
2026-02-25 06:19:00,2.8494,2.8504,2.8494,2.8504,2.8544,2.8554,2.8544,2.8554,2
2026-02-25 06:20:00,2.8509,2.8509,2.8504,2.8504,2.8559,2.8559,2.8554,2.8554,2
2026-02-25 06:21:00,2.8494,2.8509,2.8494,2.8509,2.8544,2.8559,2.8544,2.8559,8
2026-02-25 06:22:00,2.8514,2.8514,2.8504,2.8504,2.8564,2.8564,2.8554,2.8554,2
2026-02-25 06:23:00,2.8499,2.8504,2.8494,2.8504,2.8549,2.8554,2.8544,2.8554,3
2026-02-25 06:24:00,2.8494,2.8519,2.8494,2.8514,2.8544,2.8569,2.8544,2.8564,10
2026-02-25 06:25:00,2.8504,2.8514,2.8504,2.8514,2.8554,2.8564,2.8554,2.8564,2
2026-02-25 06:26:00,2.8504,2.8504,2.8494,2.8499,2.8554,2.8554,2.8544,2.8549,5
2026-02-25 06:27:00,2.8504,2.8524,2.8504,2.8514,2.8554,2.8574,2.8554,2.8564,9
2026-02-25 06:30:00,2.8519,2.8529,2.8519,2.8529,2.8569,2.8579,2.8569,2.8579,2
2026-02-25 06:31:00,2.8524,2.8554,2.8524,2.8544,2.8574,2.8604,2.8574,2.8594,8
2026-02-25 06:32:00,2.8539,2.8544,2.8534,2.8539,2.8589,2.8594,2.8584,2.8589,7
2026-02-25 06:33:00,2.8534,2.8534,2.8534,2.8534,2.8584,2.8584,2.8584,2.8584,1
2026-02-25 06:34:00,2.8539,2.8539,2.8539,2.8539,2.8589,2.8589,2.8589,2.8589,1
2026-02-25 06:35:00,2.8534,2.8539,2.8534,2.8539,2.8584,2.8589,2.8584,2.8589,2
2026-02-25 06:39:00,2.8544,2.8544,2.8514,2.8514,2.8594,2.8594,2.8564,2.8564,6
2026-02-25 06:40:00,2.8519,2.8529,2.8514,2.8524,2.8569,2.8579,2.8564,2.8574,5
2026-02-25 06:41:00,2.8514,2.8514,2.8499,2.8499,2.8564,2.8564,2.8549,2.8549,3
2026-02-25 06:42:00,2.8489,2.8494,2.8484,2.8494,2.8539,2.8544,2.8534,2.8544,3
2026-02-25 06:43:00,2.8504,2.8504,2.8494,2.8494,2.8554,2.8554,2.8544,2.8544,6
2026-02-25 06:44:00,2.8504,2.8509,2.8474,2.8484,2.8554,2.8559,2.8524,2.8534,11
2026-02-25 06:45:00,2.8479,2.8484,2.8474,2.8484,2.8529,2.8534,2.8524,2.8534,4
2026-02-25 06:46:00,2.8489,2.8499,2.8489,2.8499,2.8539,2.8549,2.8539,2.8549,5
2026-02-25 06:48:00,2.8494,2.8509,2.8494,2.8509,2.8544,2.8559,2.8544,2.8559,4
2026-02-25 06:49:00,2.8504,2.8504,2.8484,2.8504,2.8554,2.8554,2.8534,2.8554,6
2026-02-25 06:50:00,2.8509,2.8529,2.8509,2.8529,2.8559,2.8579,2.8559,2.8579,7
2026-02-25 06:51:00,2.8524,2.8529,2.8514,2.8519,2.8574,2.8579,2.8564,2.8569,6
2026-02-25 06:52:00,2.8514,2.8514,2.8499,2.8499,2.8564,2.8564,2.8549,2.8549,3
2026-02-25 06:53:00,2.8504,2.8509,2.8484,2.8484,2.8554,2.8559,2.8534,2.8534,4
2026-02-25 06:54:00,2.8494,2.8514,2.8494,2.8514,2.8544,2.8564,2.8544,2.8564,8
2026-02-25 06:55:00,2.8519,2.8529,2.8514,2.8529,2.8569,2.8579,2.8564,2.8579,4
2026-02-25 06:56:00,2.8524,2.8524,2.8504,2.8504,2.8574,2.8574,2.8554,2.8554,5
2026-02-25 06:57:00,2.8499,2.8499,2.8499,2.8499,2.8549,2.8549,2.8549,2.8549,1
2026-02-25 06:58:00,2.8494,2.8499,2.8489,2.8499,2.8544,2.8549,2.8539,2.8549,5
2026-02-25 06:59:00,2.8504,2.8509,2.8504,2.8504,2.8554,2.8559,2.8554,2.8554,5
2026-02-25 07:00:00,2.8499,2.8509,2.8464,2.8474,2.8549,2.8559,2.8514,2.8524,17
2026-02-25 07:01:00,2.8479,2.8489,2.8479,2.8489,2.8529,2.8539,2.8529,2.8539,2
2026-02-25 07:02:00,2.8484,2.8484,2.8454,2.8454,2.8534,2.8534,2.8504,2.8504,9
2026-02-25 07:03:00,2.8464,2.8464,2.8444,2.8454,2.8514,2.8514,2.8494,2.8504,17
2026-02-25 07:04:00,2.8459,2.8464,2.8414,2.8424,2.8509,2.8514,2.8464,2.8474,9
2026-02-25 07:05:00,2.8434,2.8439,2.8424,2.8424,2.8484,2.8489,2.8474,2.8474,9
2026-02-25 07:06:00,2.8414,2.8439,2.8414,2.8434,2.8464,2.8489,2.8464,2.8484,7
2026-02-25 07:07:00,2.8439,2.8439,2.8414,2.8424,2.8489,2.8489,2.8464,2.8474,6
2026-02-25 07:08:00,2.8429,2.8429,2.8424,2.8424,2.8479,2.8479,2.8474,2.8474,10
2026-02-25 07:09:00,2.8414,2.8419,2.8384,2.8399,2.8464,2.8469,2.8434,2.8449,16
2026-02-25 07:10:00,2.8404,2.8419,2.8399,2.8419,2.8454,2.8469,2.8449,2.8469,10
2026-02-25 07:11:00,2.8424,2.8424,2.8424,2.8424,2.8474,2.8474,2.8474,2.8474,1
2026-02-25 07:12:00,2.8429,2.8429,2.8404,2.8414,2.8479,2.8479,2.8454,2.8464,12
2026-02-25 07:13:00,2.8404,2.8424,2.8394,2.8424,2.8454,2.8474,2.8444,2.8474,9
2026-02-25 07:14:00,2.8429,2.8429,2.8409,2.8414,2.8479,2.8479,2.8459,2.8464,12
2026-02-25 07:15:00,2.8419,2.8434,2.8404,2.8409,2.8469,2.8484,2.8454,2.8459,10
2026-02-25 07:16:00,2.8404,2.8419,2.8399,2.8399,2.8454,2.8469,2.8449,2.8449,8
2026-02-25 07:17:00,2.8409,2.8424,2.8394,2.8404,2.8459,2.8474,2.8444,2.8454,10
2026-02-25 07:18:00,2.8399,2.8409,2.8374,2.8389,2.8449,2.8459,2.8424,2.8439,20
2026-02-25 07:19:00,2.8384,2.8399,2.8384,2.8389,2.8434,2.8449,2.8434,2.8439,16
2026-02-25 07:20:00,2.8394,2.8464,2.8394,2.8454,2.8444,2.8514,2.8444,2.8504,10
2026-02-25 07:21:00,2.8474,2.8474,2.8469,2.8469,2.8524,2.8524,2.8519,2.8519,2
2026-02-25 07:22:00,2.8474,2.8474,2.8469,2.8469,2.8524,2.8524,2.8519,2.8519,2
2026-02-25 07:24:00,2.8454,2.8469,2.8424,2.8424,2.8504,2.8519,2.8474,2.8474,7
2026-02-25 07:25:00,2.8414,2.8444,2.8414,2.8429,2.8464,2.8494,2.8464,2.8479,8
2026-02-25 07:26:00,2.8434,2.8459,2.8434,2.8444,2.8484,2.8509,2.8484,2.8494,5
2026-02-25 07:27:00,2.8439,2.8439,2.8439,2.8439,2.8489,2.8489,2.8489,2.8489,1
2026-02-25 07:28:00,2.8444,2.8444,2.8439,2.8439,2.8494,2.8494,2.8489,2.8489,2
2026-02-25 07:29:00,2.8449,2.8459,2.8434,2.8434,2.8499,2.8509,2.8484,2.8484,4
2026-02-25 07:30:00,2.8439,2.8454,2.8429,2.8429,2.8489,2.8504,2.8479,2.8479,9
2026-02-25 07:31:00,2.8434,2.8439,2.8384,2.8389,2.8484,2.8489,2.8434,2.8439,7
2026-02-25 07:32:00,2.8384,2.8389,2.8374,2.8379,2.8434,2.8439,2.8424,2.8429,5
2026-02-25 07:33:00,2.8389,2.8389,2.8389,2.8389,2.8439,2.8439,2.8439,2.8439,1
2026-02-25 07:34:00,2.8374,2.8374,2.8294,2.8309,2.8424,2.8424,2.8344,2.8359,13
2026-02-25 07:35:00,2.8314,2.8369,2.8314,2.8369,2.8364,2.8419,2.8364,2.8419,7
2026-02-25 07:36:00,2.8374,2.8374,2.8374,2.8374,2.8424,2.8424,2.8424,2.8424,1
2026-02-25 07:37:00,2.8379,2.8379,2.8379,2.8379,2.8429,2.8429,2.8429,2.8429,1
2026-02-25 07:38:00,2.8374,2.8379,2.8339,2.8349,2.8424,2.8429,2.8389,2.8399,8
2026-02-25 07:39:00,2.8339,2.8359,2.8334,2.8354,2.8389,2.8409,2.8384,2.8404,10
2026-02-25 07:40:00,2.8359,2.8364,2.8359,2.8359,2.8409,2.8414,2.8409,2.8409,3
2026-02-25 07:41:00,2.8354,2.8354,2.8349,2.8349,2.8404,2.8404,2.8399,2.8399,2
2026-02-25 07:42:00,2.8354,2.8354,2.8349,2.8349,2.8404,2.8404,2.8399,2.8399,2
2026-02-25 07:43:00,2.8344,2.8344,2.8314,2.8344,2.8394,2.8394,2.8364,2.8394,8
2026-02-25 07:44:00,2.8339,2.8339,2.8339,2.8339,2.8389,2.8389,2.8389,2.8389,1
2026-02-25 07:45:00,2.8344,2.8344,2.8334,2.8339,2.8394,2.8394,2.8384,2.8389,7
2026-02-25 07:46:00,2.8334,2.8334,2.8314,2.8334,2.8384,2.8384,2.8364,2.8384,7
2026-02-25 07:47:00,2.8329,2.8339,2.8329,2.8339,2.8379,2.8389,2.8379,2.8389,3
2026-02-25 07:48:00,2.8344,2.8344,2.8334,2.8339,2.8394,2.8394,2.8384,2.8389,5
2026-02-25 07:49:00,2.8344,2.8344,2.8314,2.8334,2.8394,2.8394,2.8364,2.8384,10
2026-02-25 07:50:00,2.8344,2.8344,2.8324,2.8329,2.8394,2.8394,2.8374,2.8379,7
2026-02-25 07:51:00,2.8334,2.8334,2.8324,2.8324,2.8384,2.8384,2.8374,2.8374,4
2026-02-25 07:52:00,2.8329,2.8334,2.8329,2.8329,2.8379,2.8384,2.8379,2.8379,3
2026-02-25 07:53:00,2.8334,2.8334,2.8269,2.8299,2.8384,2.8384,2.8319,2.8349,19
2026-02-25 07:54:00,2.8304,2.8304,2.8289,2.8294,2.8354,2.8354,2.8339,2.8344,4
2026-02-25 07:56:00,2.8284,2.8284,2.8284,2.8284,2.8334,2.8334,2.8334,2.8334,1
2026-02-25 07:58:00,2.8274,2.8284,2.8274,2.8284,2.8324,2.8334,2.8324,2.8334,4
2026-02-25 08:00:00,2.8279,2.8284,2.8274,2.8279,2.8329,2.8334,2.8324,2.8329,6
2026-02-25 08:01:00,2.8284,2.8284,2.8279,2.8284,2.8334,2.8334,2.8329,2.8334,3
2026-02-25 08:02:00,2.8279,2.8284,2.8279,2.8284,2.8329,2.8334,2.8329,2.8334,4
2026-02-25 08:04:00,2.8279,2.8284,2.8279,2.8284,2.8329,2.8334,2.8329,2.8334,2
2026-02-25 08:05:00,2.8279,2.8284,2.8254,2.8264,2.8329,2.8334,2.8304,2.8314,20
2026-02-25 08:06:00,2.8259,2.8284,2.8259,2.8264,2.8309,2.8334,2.8309,2.8314,9
2026-02-25 08:07:00,2.8259,2.8264,2.8259,2.8264,2.8309,2.8314,2.8309,2.8314,4
2026-02-25 08:08:00,2.8274,2.8274,2.8264,2.8269,2.8324,2.8324,2.8314,2.8319,3
2026-02-25 08:09:00,2.8274,2.8274,2.8264,2.8269,2.8324,2.8324,2.8314,2.8319,4
2026-02-25 08:10:00,2.8274,2.8274,2.8259,2.8259,2.8324,2.8324,2.8309,2.8309,3
2026-02-25 08:11:00,2.8254,2.8254,2.8234,2.8244,2.8304,2.8304,2.8284,2.8294,5
2026-02-25 08:12:00,2.8249,2.8249,2.8249,2.8249,2.8299,2.8299,2.8299,2.8299,1
2026-02-25 08:13:00,2.8244,2.8244,2.8244,2.8244,2.8294,2.8294,2.8294,2.8294,1
2026-02-25 08:14:00,2.8234,2.8254,2.8234,2.8254,2.8284,2.8304,2.8284,2.8304,3
2026-02-25 08:15:00,2.8244,2.8244,2.8244,2.8244,2.8294,2.8294,2.8294,2.8294,1
2026-02-25 08:17:00,2.8239,2.8244,2.8234,2.8244,2.8289,2.8294,2.8284,2.8294,5
2026-02-25 08:25:00,2.8249,2.8274,2.8244,2.8264,2.8299,2.8324,2.8294,2.8314,16
2026-02-25 08:26:00,2.8259,2.8259,2.8254,2.8254,2.8309,2.8309,2.8304,2.8304,2
2026-02-25 08:27:00,2.8244,2.8244,2.8244,2.8244,2.8294,2.8294,2.8294,2.8294,1
2026-02-25 08:28:00,2.8249,2.8249,2.8244,2.8244,2.8299,2.8299,2.8294,2.8294,2
2026-02-25 08:29:00,2.8239,2.8239,2.8224,2.8224,2.8289,2.8289,2.8274,2.8274,2
2026-02-25 08:30:00,2.8214,2.8224,2.8214,2.8224,2.8264,2.8274,2.8264,2.8274,2
2026-02-25 08:31:00,2.8214,2.8214,2.8214,2.8214,2.8264,2.8264,2.8264,2.8264,1
2026-02-25 08:33:00,2.8224,2.8224,2.8224,2.8224,2.8274,2.8274,2.8274,2.8274,1
2026-02-25 08:35:00,2.8229,2.8259,2.8229,2.8259,2.8279,2.8309,2.8279,2.8309,11
2026-02-25 08:36:00,2.8274,2.8274,2.8254,2.8264,2.8324,2.8324,2.8304,2.8314,9
2026-02-25 08:37:00,2.8259,2.8274,2.8259,2.8264,2.8309,2.8324,2.8309,2.8314,3
2026-02-25 08:38:00,2.8259,2.8264,2.8259,2.8264,2.8309,2.8314,2.8309,2.8314,2
2026-02-25 08:39:00,2.8269,2.8274,2.8259,2.8264,2.8319,2.8324,2.8309,2.8314,6
2026-02-25 08:40:00,2.8269,2.8274,2.8264,2.8274,2.8319,2.8324,2.8314,2.8324,3
2026-02-25 08:42:00,2.8269,2.8269,2.8269,2.8269,2.8319,2.8319,2.8319,2.8319,1
2026-02-25 08:43:00,2.8274,2.8274,2.8274,2.8274,2.8324,2.8324,2.8324,2.8324,1
2026-02-25 08:45:00,2.8284,2.8334,2.8284,2.8334,2.8334,2.8384,2.8334,2.8384,10
2026-02-25 08:46:00,2.8324,2.8329,2.8324,2.8324,2.8374,2.8379,2.8374,2.8374,3
2026-02-25 08:47:00,2.8334,2.8334,2.8284,2.8284,2.8384,2.8384,2.8334,2.8334,6
2026-02-25 08:48:00,2.8289,2.8289,2.8274,2.8284,2.8339,2.8339,2.8324,2.8334,4
2026-02-25 08:49:00,2.8279,2.8294,2.8279,2.8294,2.8329,2.8344,2.8329,2.8344,4
2026-02-25 08:50:00,2.8289,2.8294,2.8289,2.8294,2.8339,2.8344,2.8339,2.8344,4
2026-02-25 08:51:00,2.8299,2.8299,2.8284,2.8284,2.8349,2.8349,2.8334,2.8334,6
2026-02-25 08:52:00,2.8289,2.8294,2.8284,2.8284,2.8339,2.8344,2.8334,2.8334,6
2026-02-25 08:53:00,2.8279,2.8289,2.8279,2.8289,2.8329,2.8339,2.8329,2.8339,5
2026-02-25 08:55:00,2.8299,2.8304,2.8299,2.8304,2.8349,2.8354,2.8349,2.8354,4
2026-02-25 08:56:00,2.8299,2.8304,2.8294,2.8294,2.8349,2.8354,2.8344,2.8344,4
2026-02-25 08:57:00,2.8284,2.8284,2.8284,2.8284,2.8334,2.8334,2.8334,2.8334,1
2026-02-25 08:58:00,2.8289,2.8289,2.8284,2.8284,2.8339,2.8339,2.8334,2.8334,2
2026-02-25 08:59:00,2.8289,2.8294,2.8284,2.8284,2.8339,2.8344,2.8334,2.8334,3
2026-02-25 09:00:00,2.8289,2.8294,2.8284,2.8294,2.8339,2.8344,2.8334,2.8344,5
2026-02-25 09:01:00,2.8289,2.8309,2.8284,2.8309,2.8339,2.8359,2.8334,2.8359,7
2026-02-25 09:02:00,2.8304,2.8304,2.8284,2.8284,2.8354,2.8354,2.8334,2.8334,7
2026-02-25 09:03:00,2.8289,2.8289,2.8289,2.8289,2.8339,2.8339,2.8339,2.8339,1
2026-02-25 09:04:00,2.8294,2.8294,2.8284,2.8284,2.8344,2.8344,2.8334,2.8334,3
2026-02-25 09:05:00,2.8289,2.8294,2.8289,2.8294,2.8339,2.8344,2.8339,2.8344,2
2026-02-25 09:06:00,2.8299,2.8304,2.8299,2.8304,2.8349,2.8354,2.8349,2.8354,2
2026-02-25 09:07:00,2.8294,2.8304,2.8284,2.8294,2.8344,2.8354,2.8334,2.8344,9
2026-02-25 09:08:00,2.8304,2.8304,2.8294,2.8304,2.8354,2.8354,2.8344,2.8354,3
2026-02-25 09:09:00,2.8294,2.8294,2.8274,2.8294,2.8344,2.8344,2.8324,2.8344,9
2026-02-25 09:10:00,2.8284,2.8284,2.8264,2.8269,2.8334,2.8334,2.8314,2.8319,6
2026-02-25 09:11:00,2.8264,2.8274,2.8264,2.8274,2.8314,2.8324,2.8314,2.8324,3
2026-02-25 09:13:00,2.8264,2.8274,2.8234,2.8234,2.8314,2.8324,2.8284,2.8284,16
2026-02-25 09:14:00,2.8239,2.8264,2.8239,2.8264,2.8289,2.8314,2.8289,2.8314,7
2026-02-25 09:15:00,2.8254,2.8254,2.8254,2.8254,2.8304,2.8304,2.8304,2.8304,1
2026-02-25 09:17:00,2.8244,2.8244,2.8239,2.8244,2.8294,2.8294,2.8289,2.8294,3
2026-02-25 09:18:00,2.8254,2.8264,2.8254,2.8254,2.8304,2.8314,2.8304,2.8304,5
2026-02-25 09:19:00,2.8249,2.8254,2.8249,2.8254,2.8299,2.8304,2.8299,2.8304,6
2026-02-25 09:20:00,2.8249,2.8254,2.8249,2.8254,2.8299,2.8304,2.8299,2.8304,2
2026-02-25 09:21:00,2.8244,2.8244,2.8234,2.8239,2.8294,2.8294,2.8284,2.8289,5
2026-02-25 09:22:00,2.8234,2.8239,2.8234,2.8239,2.8284,2.8289,2.8284,2.8289,4
2026-02-25 09:24:00,2.8234,2.8234,2.8234,2.8234,2.8284,2.8284,2.8284,2.8284,1
2026-02-25 09:26:00,2.8244,2.8264,2.8244,2.8259,2.8294,2.8314,2.8294,2.8309,12
2026-02-25 09:27:00,2.8254,2.8254,2.8244,2.8254,2.8304,2.8304,2.8294,2.8304,4
2026-02-25 09:30:00,2.8264,2.8274,2.8254,2.8254,2.8314,2.8324,2.8304,2.8304,8
2026-02-25 09:31:00,2.8259,2.8259,2.8234,2.8234,2.8309,2.8309,2.8284,2.8284,4
2026-02-25 09:32:00,2.8229,2.8239,2.8229,2.8239,2.8279,2.8289,2.8279,2.8289,4
2026-02-25 09:33:00,2.8244,2.8244,2.8244,2.8244,2.8294,2.8294,2.8294,2.8294,1
2026-02-25 09:34:00,2.8234,2.8234,2.8214,2.8214,2.8284,2.8284,2.8264,2.8264,10
2026-02-25 09:35:00,2.8219,2.8234,2.8214,2.8234,2.8269,2.8284,2.8264,2.8284,11
2026-02-25 09:36:00,2.8244,2.8254,2.8244,2.8254,2.8294,2.8304,2.8294,2.8304,3
2026-02-25 09:37:00,2.8249,2.8249,2.8239,2.8244,2.8299,2.8299,2.8289,2.8294,6
2026-02-25 09:38:00,2.8249,2.8254,2.8249,2.8254,2.8299,2.8304,2.8299,2.8304,2
2026-02-25 09:39:00,2.8264,2.8299,2.8264,2.8299,2.8314,2.8349,2.8314,2.8349,9
2026-02-25 09:40:00,2.8304,2.8314,2.8304,2.8304,2.8354,2.8364,2.8354,2.8354,4
2026-02-25 09:41:00,2.8299,2.8304,2.8284,2.8294,2.8349,2.8354,2.8334,2.8344,10
2026-02-25 09:42:00,2.8299,2.8304,2.8294,2.8304,2.8349,2.8354,2.8344,2.8354,4
2026-02-25 09:43:00,2.8294,2.8294,2.8294,2.8294,2.8344,2.8344,2.8344,2.8344,1
2026-02-25 09:44:00,2.8289,2.8294,2.8284,2.8294,2.8339,2.8344,2.8334,2.8344,6
2026-02-25 09:45:00,2.8304,2.8314,2.8294,2.8304,2.8354,2.8364,2.8344,2.8354,8
2026-02-25 09:46:00,2.8314,2.8314,2.8304,2.8304,2.8364,2.8364,2.8354,2.8354,2
2026-02-25 09:47:00,2.8294,2.8304,2.8294,2.8304,2.8344,2.8354,2.8344,2.8354,3
2026-02-25 09:48:00,2.8309,2.8309,2.8309,2.8309,2.8359,2.8359,2.8359,2.8359,1
2026-02-25 09:49:00,2.8314,2.8314,2.8304,2.8304,2.8364,2.8364,2.8354,2.8354,3
2026-02-25 09:50:00,2.8309,2.8309,2.8309,2.8309,2.8359,2.8359,2.8359,2.8359,1
2026-02-25 09:51:00,2.8304,2.8304,2.8294,2.8299,2.8354,2.8354,2.8344,2.8349,4
2026-02-25 09:52:00,2.8304,2.8304,2.8304,2.8304,2.8354,2.8354,2.8354,2.8354,1
2026-02-25 09:53:00,2.8314,2.8314,2.8309,2.8314,2.8364,2.8364,2.8359,2.8364,3
2026-02-25 09:54:00,2.8319,2.8324,2.8314,2.8314,2.8369,2.8374,2.8364,2.8364,6
2026-02-25 09:55:00,2.8319,2.8334,2.8314,2.8324,2.8369,2.8384,2.8364,2.8374,12
2026-02-25 09:56:00,2.8319,2.8319,2.8309,2.8314,2.8369,2.8369,2.8359,2.8364,4
2026-02-25 09:57:00,2.8304,2.8304,2.8304,2.8304,2.8354,2.8354,2.8354,2.8354,1
2026-02-25 09:58:00,2.8299,2.8304,2.8289,2.8304,2.8349,2.8354,2.8339,2.8354,6
2026-02-25 09:59:00,2.8314,2.8314,2.8314,2.8314,2.8364,2.8364,2.8364,2.8364,1
2026-02-25 10:01:00,2.8309,2.8314,2.8304,2.8309,2.8359,2.8364,2.8354,2.8359,4
2026-02-25 10:02:00,2.8304,2.8364,2.8284,2.8354,2.8354,2.8414,2.8334,2.8404,18
2026-02-25 10:03:00,2.8344,2.8344,2.8339,2.8339,2.8394,2.8394,2.8389,2.8389,2
2026-02-25 10:04:00,2.8354,2.8364,2.8344,2.8344,2.8404,2.8414,2.8394,2.8394,13
2026-02-25 10:05:00,2.8354,2.8364,2.8354,2.8364,2.8404,2.8414,2.8404,2.8414,3
2026-02-25 10:07:00,2.8374,2.8374,2.8314,2.8314,2.8424,2.8424,2.8364,2.8364,15
2026-02-25 10:08:00,2.8309,2.8314,2.8309,2.8314,2.8359,2.8364,2.8359,2.8364,2
2026-02-25 10:09:00,2.8309,2.8314,2.8309,2.8314,2.8359,2.8364,2.8359,2.8364,4
2026-02-25 10:10:00,2.8309,2.8339,2.8309,2.8339,2.8359,2.8389,2.8359,2.8389,5
2026-02-25 10:11:00,2.8334,2.8334,2.8324,2.8324,2.8384,2.8384,2.8374,2.8374,3
2026-02-25 10:12:00,2.8319,2.8319,2.8319,2.8319,2.8369,2.8369,2.8369,2.8369,1
2026-02-25 10:13:00,2.8324,2.8324,2.8314,2.8319,2.8374,2.8374,2.8364,2.8369,4
2026-02-25 10:14:00,2.8314,2.8319,2.8294,2.8294,2.8364,2.8369,2.8344,2.8344,9
2026-02-25 10:16:00,2.8284,2.8284,2.8284,2.8284,2.8334,2.8334,2.8334,2.8334,1
2026-02-25 10:18:00,2.8274,2.8304,2.8274,2.8289,2.8324,2.8354,2.8324,2.8339,7
2026-02-25 10:19:00,2.8294,2.8294,2.8289,2.8294,2.8344,2.8344,2.8339,2.8344,3
2026-02-25 10:20:00,2.8289,2.8304,2.8289,2.8304,2.8339,2.8354,2.8339,2.8354,3
2026-02-25 10:21:00,2.8314,2.8314,2.8304,2.8304,2.8364,2.8364,2.8354,2.8354,2
2026-02-25 10:23:00,2.8294,2.8294,2.8294,2.8294,2.8344,2.8344,2.8344,2.8344,1
2026-02-25 10:24:00,2.8304,2.8304,2.8304,2.8304,2.8354,2.8354,2.8354,2.8354,1
2026-02-25 10:25:00,2.8294,2.8294,2.8284,2.8284,2.8344,2.8344,2.8334,2.8334,3
2026-02-25 10:26:00,2.8279,2.8304,2.8279,2.8299,2.8329,2.8354,2.8329,2.8349,8
2026-02-25 10:27:00,2.8304,2.8304,2.8304,2.8304,2.8354,2.8354,2.8354,2.8354,1
2026-02-25 10:28:00,2.8294,2.8294,2.8284,2.8284,2.8344,2.8344,2.8334,2.8334,4
2026-02-25 10:29:00,2.8289,2.8294,2.8289,2.8289,2.8339,2.8344,2.8339,2.8339,3
2026-02-25 10:30:00,2.8294,2.8294,2.8289,2.8289,2.8344,2.8344,2.8339,2.8339,2
2026-02-25 10:31:00,2.8294,2.8294,2.8284,2.8289,2.8344,2.8344,2.8334,2.8339,4
2026-02-25 10:32:00,2.8284,2.8284,2.8249,2.8254,2.8334,2.8334,2.8299,2.8304,9
2026-02-25 10:33:00,2.8259,2.8274,2.8259,2.8274,2.8309,2.8324,2.8309,2.8324,3
2026-02-25 10:34:00,2.8284,2.8284,2.8274,2.8274,2.8334,2.8334,2.8324,2.8324,3
2026-02-25 10:35:00,2.8269,2.8274,2.8264,2.8264,2.8319,2.8324,2.8314,2.8314,6
2026-02-25 10:36:00,2.8274,2.8274,2.8274,2.8274,2.8324,2.8324,2.8324,2.8324,1
2026-02-25 10:37:00,2.8269,2.8274,2.8254,2.8254,2.8319,2.8324,2.8304,2.8304,8
2026-02-25 10:38:00,2.8264,2.8264,2.8254,2.8254,2.8314,2.8314,2.8304,2.8304,2
2026-02-25 10:39:00,2.8264,2.8264,2.8254,2.8254,2.8314,2.8314,2.8304,2.8304,3
2026-02-25 10:40:00,2.8244,2.8244,2.8244,2.8244,2.8294,2.8294,2.8294,2.8294,1
2026-02-25 10:41:00,2.8234,2.8234,2.8214,2.8234,2.8284,2.8284,2.8264,2.8284,8
2026-02-25 10:42:00,2.8229,2.8244,2.8229,2.8244,2.8279,2.8294,2.8279,2.8294,4
2026-02-25 10:43:00,2.8239,2.8239,2.8214,2.8234,2.8289,2.8289,2.8264,2.8284,12
2026-02-25 10:44:00,2.8229,2.8249,2.8229,2.8249,2.8279,2.8299,2.8279,2.8299,10
2026-02-25 10:45:00,2.8244,2.8244,2.8244,2.8244,2.8294,2.8294,2.8294,2.8294,1
2026-02-25 10:46:00,2.8254,2.8254,2.8244,2.8254,2.8304,2.8304,2.8294,2.8304,3
2026-02-25 10:47:00,2.8249,2.8254,2.8249,2.8254,2.8299,2.8304,2.8299,2.8304,4
2026-02-25 10:48:00,2.8249,2.8249,2.8244,2.8244,2.8299,2.8299,2.8294,2.8294,2
2026-02-25 10:49:00,2.8239,2.8249,2.8239,2.8249,2.8289,2.8299,2.8289,2.8299,3
2026-02-25 10:50:00,2.8244,2.8259,2.8244,2.8254,2.8294,2.8309,2.8294,2.8304,8
2026-02-25 10:51:00,2.8249,2.8249,2.8219,2.8234,2.8299,2.8299,2.8269,2.8284,7
2026-02-25 10:52:00,2.8244,2.8259,2.8244,2.8254,2.8294,2.8309,2.8294,2.8304,8
2026-02-25 10:53:00,2.8249,2.8254,2.8239,2.8249,2.8299,2.8304,2.8289,2.8299,11
2026-02-25 10:54:00,2.8244,2.8244,2.8224,2.8244,2.8294,2.8294,2.8274,2.8294,7
2026-02-25 10:55:00,2.8254,2.8254,2.8229,2.8229,2.8304,2.8304,2.8279,2.8279,11
2026-02-25 10:56:00,2.8224,2.8234,2.8224,2.8234,2.8274,2.8284,2.8274,2.8284,3
2026-02-25 10:58:00,2.8239,2.8244,2.8234,2.8234,2.8289,2.8294,2.8284,2.8284,4
2026-02-25 10:59:00,2.8239,2.8254,2.8239,2.8254,2.8289,2.8304,2.8289,2.8304,6
2026-02-25 11:01:00,2.8244,2.8289,2.8244,2.8274,2.8294,2.8339,2.8294,2.8324,11
2026-02-25 11:02:00,2.8279,2.8284,2.8269,2.8274,2.8329,2.8334,2.8319,2.8324,9
2026-02-25 11:03:00,2.8269,2.8274,2.8264,2.8264,2.8319,2.8324,2.8314,2.8314,11
2026-02-25 11:04:00,2.8269,2.8269,2.8264,2.8264,2.8319,2.8319,2.8314,2.8314,2
2026-02-25 11:05:00,2.8269,2.8274,2.8269,2.8274,2.8319,2.8324,2.8319,2.8324,2
2026-02-25 11:06:00,2.8284,2.8284,2.8274,2.8274,2.8334,2.8334,2.8324,2.8324,3
2026-02-25 11:08:00,2.8269,2.8274,2.8254,2.8274,2.8319,2.8324,2.8304,2.8324,8
2026-02-25 11:09:00,2.8264,2.8264,2.8249,2.8264,2.8314,2.8314,2.8299,2.8314,6
2026-02-25 11:10:00,2.8269,2.8269,2.8264,2.8264,2.8319,2.8319,2.8314,2.8314,2
2026-02-25 11:11:00,2.8269,2.8269,2.8264,2.8269,2.8319,2.8319,2.8314,2.8319,3
2026-02-25 11:12:00,2.8264,2.8284,2.8264,2.8269,2.8314,2.8334,2.8314,2.8319,9
2026-02-25 11:13:00,2.8264,2.8264,2.8244,2.8259,2.8314,2.8314,2.8294,2.8309,8
2026-02-25 11:14:00,2.8254,2.8259,2.8254,2.8259,2.8304,2.8309,2.8304,2.8309,2
2026-02-25 11:15:00,2.8264,2.8284,2.8264,2.8274,2.8314,2.8334,2.8314,2.8324,4
2026-02-25 11:16:00,2.8279,2.8279,2.8264,2.8264,2.8329,2.8329,2.8314,2.8314,2
2026-02-25 11:17:00,2.8274,2.8294,2.8274,2.8294,2.8324,2.8344,2.8324,2.8344,2
2026-02-25 11:18:00,2.8284,2.8294,2.8284,2.8289,2.8334,2.8344,2.8334,2.8339,6
2026-02-25 11:19:00,2.8284,2.8294,2.8284,2.8284,2.8334,2.8344,2.8334,2.8334,4
2026-02-25 11:20:00,2.8289,2.8304,2.8289,2.8294,2.8339,2.8354,2.8339,2.8344,12
2026-02-25 11:21:00,2.8289,2.8289,2.8284,2.8284,2.8339,2.8339,2.8334,2.8334,2
2026-02-25 11:24:00,2.8274,2.8274,2.8259,2.8274,2.8324,2.8324,2.8309,2.8324,8
2026-02-25 11:26:00,2.8279,2.8279,2.8269,2.8274,2.8329,2.8329,2.8319,2.8324,5
2026-02-25 11:27:00,2.8264,2.8274,2.8264,2.8274,2.8314,2.8324,2.8314,2.8324,2
2026-02-25 11:28:00,2.8279,2.8284,2.8279,2.8284,2.8329,2.8334,2.8329,2.8334,2
2026-02-25 11:29:00,2.8289,2.8294,2.8284,2.8294,2.8339,2.8344,2.8334,2.8344,3
2026-02-25 11:30:00,2.8299,2.8299,2.8294,2.8294,2.8349,2.8349,2.8344,2.8344,2
2026-02-25 11:31:00,2.8289,2.8289,2.8279,2.8279,2.8339,2.8339,2.8329,2.8329,5
2026-02-25 11:32:00,2.8264,2.8264,2.8254,2.8254,2.8314,2.8314,2.8304,2.8304,4
2026-02-25 11:33:00,2.8259,2.8259,2.8254,2.8259,2.8309,2.8309,2.8304,2.8309,3
2026-02-25 11:34:00,2.8254,2.8259,2.8254,2.8259,2.8304,2.8309,2.8304,2.8309,2
2026-02-25 11:35:00,2.8264,2.8274,2.8264,2.8269,2.8314,2.8324,2.8314,2.8319,3
2026-02-25 11:36:00,2.8274,2.8274,2.8259,2.8259,2.8324,2.8324,2.8309,2.8309,3
2026-02-25 11:37:00,2.8254,2.8254,2.8244,2.8244,2.8304,2.8304,2.8294,2.8294,3
2026-02-25 11:38:00,2.8249,2.8279,2.8234,2.8279,2.8299,2.8329,2.8284,2.8329,12
2026-02-25 11:39:00,2.8269,2.8274,2.8269,2.8269,2.8319,2.8324,2.8319,2.8319,3
2026-02-25 11:40:00,2.8264,2.8264,2.8264,2.8264,2.8314,2.8314,2.8314,2.8314,1
2026-02-25 11:42:00,2.8259,2.8259,2.8259,2.8259,2.8309,2.8309,2.8309,2.8309,1
2026-02-25 11:43:00,2.8254,2.8254,2.8249,2.8249,2.8304,2.8304,2.8299,2.8299,2
2026-02-25 11:45:00,2.8254,2.8264,2.8254,2.8264,2.8304,2.8314,2.8304,2.8314,2
2026-02-25 11:46:00,2.8254,2.8254,2.8244,2.8249,2.8304,2.8304,2.8294,2.8299,4
2026-02-25 11:47:00,2.8244,2.8244,2.8244,2.8244,2.8294,2.8294,2.8294,2.8294,1
2026-02-25 11:48:00,2.8249,2.8264,2.8244,2.8259,2.8299,2.8314,2.8294,2.8309,5
2026-02-25 11:49:00,2.8269,2.8284,2.8269,2.8284,2.8319,2.8334,2.8319,2.8334,4
2026-02-25 11:50:00,2.8289,2.8314,2.8284,2.8309,2.8339,2.8364,2.8334,2.8359,9
2026-02-25 11:51:00,2.8304,2.8314,2.8304,2.8309,2.8354,2.8364,2.8354,2.8359,5
2026-02-25 11:52:00,2.8314,2.8314,2.8294,2.8294,2.8364,2.8364,2.8344,2.8344,9
2026-02-25 11:53:00,2.8299,2.8324,2.8299,2.8314,2.8349,2.8374,2.8349,2.8364,7
2026-02-25 11:54:00,2.8319,2.8319,2.8309,2.8314,2.8369,2.8369,2.8359,2.8364,4
2026-02-25 11:55:00,2.8309,2.8314,2.8304,2.8304,2.8359,2.8364,2.8354,2.8354,4
2026-02-25 11:56:00,2.8314,2.8344,2.8314,2.8334,2.8364,2.8394,2.8364,2.8384,13
2026-02-25 11:57:00,2.8339,2.8344,2.8314,2.8314,2.8389,2.8394,2.8364,2.8364,18
2026-02-25 11:58:00,2.8309,2.8334,2.8304,2.8304,2.8359,2.8384,2.8354,2.8354,9
2026-02-25 11:59:00,2.8294,2.8294,2.8294,2.8294,2.8344,2.8344,2.8344,2.8344,1
2026-02-25 12:00:00,2.8284,2.8284,2.8274,2.8284,2.8334,2.8334,2.8324,2.8334,5
2026-02-25 12:01:00,2.8289,2.8344,2.8289,2.8334,2.8339,2.8394,2.8339,2.8384,7
2026-02-25 12:02:00,2.8339,2.8354,2.8294,2.8304,2.8389,2.8404,2.8344,2.8354,15
2026-02-25 12:03:00,2.8294,2.8324,2.8294,2.8324,2.8344,2.8374,2.8344,2.8374,5
2026-02-25 12:04:00,2.8329,2.8334,2.8314,2.8314,2.8379,2.8384,2.8364,2.8364,5
2026-02-25 12:05:00,2.8319,2.8334,2.8314,2.8329,2.8369,2.8384,2.8364,2.8379,10
2026-02-25 12:06:00,2.8319,2.8334,2.8319,2.8334,2.8369,2.8384,2.8369,2.8384,7
2026-02-25 12:07:00,2.8329,2.8344,2.8324,2.8334,2.8379,2.8394,2.8374,2.8384,9
2026-02-25 12:08:00,2.8314,2.8339,2.8314,2.8319,2.8364,2.8389,2.8364,2.8369,12
2026-02-25 12:09:00,2.8314,2.8314,2.8304,2.8304,2.8364,2.8364,2.8354,2.8354,2
2026-02-25 12:10:00,2.8294,2.8309,2.8294,2.8309,2.8344,2.8359,2.8344,2.8359,3
2026-02-25 12:11:00,2.8314,2.8314,2.8299,2.8309,2.8364,2.8364,2.8349,2.8359,9
2026-02-25 12:12:00,2.8304,2.8304,2.8294,2.8304,2.8354,2.8354,2.8344,2.8354,6
2026-02-25 12:13:00,2.8314,2.8324,2.8314,2.8324,2.8364,2.8374,2.8364,2.8374,2
2026-02-25 12:14:00,2.8314,2.8314,2.8314,2.8314,2.8364,2.8364,2.8364,2.8364,1
2026-02-25 12:15:00,2.8319,2.8324,2.8314,2.8324,2.8369,2.8374,2.8364,2.8374,4
2026-02-25 12:16:00,2.8314,2.8314,2.8314,2.8314,2.8364,2.8364,2.8364,2.8364,1
2026-02-25 12:17:00,2.8304,2.8309,2.8304,2.8309,2.8354,2.8359,2.8354,2.8359,2
2026-02-25 12:18:00,2.8304,2.8314,2.8304,2.8314,2.8354,2.8364,2.8354,2.8364,3
2026-02-25 12:19:00,2.8324,2.8334,2.8324,2.8324,2.8374,2.8384,2.8374,2.8374,6
2026-02-25 12:20:00,2.8329,2.8334,2.8324,2.8324,2.8379,2.8384,2.8374,2.8374,4
2026-02-25 12:21:00,2.8314,2.8344,2.8314,2.8344,2.8364,2.8394,2.8364,2.8394,7
2026-02-25 12:22:00,2.8354,2.8384,2.8354,2.8384,2.8404,2.8434,2.8404,2.8434,15
2026-02-25 12:24:00,2.8374,2.8404,2.8374,2.8374,2.8424,2.8454,2.8424,2.8424,11
2026-02-25 12:25:00,2.8379,2.8379,2.8354,2.8369,2.8429,2.8429,2.8404,2.8419,12
2026-02-25 12:26:00,2.8364,2.8374,2.8354,2.8364,2.8414,2.8424,2.8404,2.8414,8
2026-02-25 12:27:00,2.8369,2.8369,2.8329,2.8334,2.8419,2.8419,2.8379,2.8384,9
2026-02-25 12:28:00,2.8339,2.8364,2.8324,2.8354,2.8389,2.8414,2.8374,2.8404,14
2026-02-25 12:29:00,2.8359,2.8359,2.8359,2.8359,2.8409,2.8409,2.8409,2.8409,1
2026-02-25 12:30:00,2.8354,2.8364,2.8354,2.8364,2.8404,2.8414,2.8404,2.8414,5
2026-02-25 12:31:00,2.8354,2.8374,2.8354,2.8374,2.8404,2.8424,2.8404,2.8424,11
2026-02-25 12:32:00,2.8379,2.8379,2.8374,2.8374,2.8429,2.8429,2.8424,2.8424,2
2026-02-25 12:33:00,2.8364,2.8444,2.8364,2.8404,2.8414,2.8494,2.8414,2.8454,28
2026-02-25 12:34:00,2.8399,2.8404,2.8384,2.8394,2.8449,2.8454,2.8434,2.8444,9
2026-02-25 12:35:00,2.8399,2.8424,2.8399,2.8419,2.8449,2.8474,2.8449,2.8469,9
2026-02-25 12:36:00,2.8414,2.8424,2.8404,2.8409,2.8464,2.8474,2.8454,2.8459,17
2026-02-25 12:37:00,2.8404,2.8409,2.8404,2.8409,2.8454,2.8459,2.8454,2.8459,2
2026-02-25 12:39:00,2.8414,2.8414,2.8364,2.8374,2.8464,2.8464,2.8414,2.8424,11
2026-02-25 12:40:00,2.8379,2.8379,2.8379,2.8379,2.8429,2.8429,2.8429,2.8429,1
2026-02-25 12:41:00,2.8354,2.8354,2.8329,2.8334,2.8404,2.8404,2.8379,2.8384,8
2026-02-25 12:42:00,2.8344,2.8354,2.8344,2.8354,2.8394,2.8404,2.8394,2.8404,5
2026-02-25 12:43:00,2.8364,2.8384,2.8364,2.8384,2.8414,2.8434,2.8414,2.8434,5
2026-02-25 12:44:00,2.8389,2.8399,2.8379,2.8384,2.8439,2.8449,2.8429,2.8434,16
2026-02-25 12:46:00,2.8394,2.8394,2.8374,2.8379,2.8444,2.8444,2.8424,2.8429,7
2026-02-25 12:47:00,2.8369,2.8369,2.8359,2.8359,2.8419,2.8419,2.8409,2.8409,3
2026-02-25 12:48:00,2.8339,2.8339,2.8299,2.8334,2.8389,2.8389,2.8349,2.8384,21
2026-02-25 12:49:00,2.8339,2.8344,2.8334,2.8334,2.8389,2.8394,2.8384,2.8384,3
2026-02-25 12:50:00,2.8329,2.8329,2.8309,2.8324,2.8379,2.8379,2.8359,2.8374,8
2026-02-25 12:51:00,2.8329,2.8344,2.8329,2.8339,2.8379,2.8394,2.8379,2.8389,4
2026-02-25 12:52:00,2.8334,2.8334,2.8304,2.8304,2.8384,2.8384,2.8354,2.8354,7
2026-02-25 12:53:00,2.8299,2.8314,2.8299,2.8314,2.8349,2.8364,2.8349,2.8364,4
2026-02-25 12:54:00,2.8304,2.8314,2.8304,2.8314,2.8354,2.8364,2.8354,2.8364,2
2026-02-25 12:55:00,2.8309,2.8309,2.8304,2.8304,2.8359,2.8359,2.8354,2.8354,4
2026-02-25 12:56:00,2.8314,2.8354,2.8314,2.8354,2.8364,2.8404,2.8364,2.8404,13
2026-02-25 12:58:00,2.8344,2.8354,2.8334,2.8354,2.8394,2.8404,2.8384,2.8404,6
2026-02-25 12:59:00,2.8364,2.8384,2.8354,2.8369,2.8414,2.8434,2.8404,2.8419,9
2026-02-25 13:00:00,2.8354,2.8404,2.8354,2.8404,2.8404,2.8454,2.8404,2.8454,21
2026-02-25 13:01:00,2.8409,2.8414,2.8394,2.8404,2.8459,2.8464,2.8444,2.8454,10
2026-02-25 13:02:00,2.8414,2.8414,2.8384,2.8384,2.8464,2.8464,2.8434,2.8434,6
2026-02-25 13:03:00,2.8389,2.8414,2.8389,2.8399,2.8439,2.8464,2.8439,2.8449,13
2026-02-25 13:04:00,2.8404,2.8404,2.8394,2.8394,2.8454,2.8454,2.8444,2.8444,3
2026-02-25 13:05:00,2.8389,2.8389,2.8364,2.8379,2.8439,2.8439,2.8414,2.8429,9
2026-02-25 13:06:00,2.8374,2.8374,2.8374,2.8374,2.8424,2.8424,2.8424,2.8424,1
2026-02-25 13:08:00,2.8364,2.8409,2.8354,2.8404,2.8414,2.8459,2.8404,2.8454,13
2026-02-25 13:09:00,2.8409,2.8409,2.8379,2.8394,2.8459,2.8459,2.8429,2.8444,8
2026-02-25 13:10:00,2.8399,2.8414,2.8379,2.8384,2.8449,2.8464,2.8429,2.8434,12
2026-02-25 13:11:00,2.8379,2.8409,2.8379,2.8404,2.8429,2.8459,2.8429,2.8454,7
2026-02-25 13:12:00,2.8409,2.8409,2.8409,2.8409,2.8459,2.8459,2.8459,2.8459,1
2026-02-25 13:13:00,2.8414,2.8424,2.8394,2.8399,2.8464,2.8474,2.8444,2.8449,13
2026-02-25 13:14:00,2.8404,2.8404,2.8369,2.8369,2.8454,2.8454,2.8419,2.8419,6
2026-02-25 13:15:00,2.8374,2.8404,2.8364,2.8374,2.8424,2.8454,2.8414,2.8424,21
2026-02-25 13:16:00,2.8369,2.8399,2.8369,2.8389,2.8419,2.8449,2.8419,2.8439,14
2026-02-25 13:17:00,2.8384,2.8384,2.8354,2.8374,2.8434,2.8434,2.8404,2.8424,9
2026-02-25 13:18:00,2.8384,2.8384,2.8349,2.8349,2.8434,2.8434,2.8399,2.8399,12
2026-02-25 13:19:00,2.8354,2.8379,2.8344,2.8359,2.8404,2.8429,2.8394,2.8409,13
2026-02-25 13:20:00,2.8354,2.8494,2.8349,2.8494,2.8404,2.8544,2.8399,2.8544,30
2026-02-25 13:21:00,2.8489,2.8534,2.8484,2.8514,2.8539,2.8584,2.8534,2.8564,19
2026-02-25 13:22:00,2.8524,2.8664,2.8504,2.8664,2.8574,2.8714,2.8554,2.8714,71
2026-02-25 13:23:00,2.8659,2.8694,2.8624,2.8634,2.8709,2.8744,2.8674,2.8684,41
2026-02-25 13:24:00,2.8639,2.8709,2.8634,2.8709,2.8689,2.8759,2.8684,2.8759,22
2026-02-25 13:25:00,2.8714,2.8734,2.8704,2.8724,2.8764,2.8784,2.8754,2.8774,29
2026-02-25 13:26:00,2.8734,2.8754,2.8664,2.8679,2.8784,2.8804,2.8714,2.8729,45
2026-02-25 13:27:00,2.8694,2.8694,2.8654,2.8664,2.8744,2.8744,2.8704,2.8714,11
2026-02-25 13:28:00,2.8654,2.8679,2.8654,2.8679,2.8704,2.8729,2.8704,2.8729,15
2026-02-25 13:29:00,2.8684,2.8694,2.8679,2.8684,2.8734,2.8744,2.8729,2.8734,8
2026-02-25 13:30:00,2.8689,2.8754,2.8689,2.8744,2.8739,2.8804,2.8739,2.8794,23
2026-02-25 13:31:00,2.8734,2.8759,2.8734,2.8754,2.8784,2.8809,2.8784,2.8804,20
2026-02-25 13:32:00,2.8744,2.8779,2.8744,2.8764,2.8794,2.8829,2.8794,2.8814,10
2026-02-25 13:33:00,2.8754,2.8764,2.8704,2.8734,2.8804,2.8814,2.8754,2.8784,29
2026-02-25 13:34:00,2.8724,2.8764,2.8724,2.8764,2.8774,2.8814,2.8774,2.8814,14
2026-02-25 13:35:00,2.8759,2.8759,2.8724,2.8734,2.8809,2.8809,2.8774,2.8784,15
2026-02-25 13:36:00,2.8744,2.8794,2.8744,2.8774,2.8794,2.8844,2.8794,2.8824,22
2026-02-25 13:37:00,2.8769,2.8824,2.8764,2.8824,2.8819,2.8874,2.8814,2.8874,17
2026-02-25 13:38:00,2.8819,2.8834,2.8804,2.8814,2.8869,2.8884,2.8854,2.8864,34
2026-02-25 13:39:00,2.8819,2.8839,2.8794,2.8794,2.8869,2.8889,2.8844,2.8844,20
2026-02-25 13:40:00,2.8784,2.8804,2.8774,2.8804,2.8834,2.8854,2.8824,2.8854,14
2026-02-25 13:41:00,2.8799,2.8799,2.8764,2.8764,2.8849,2.8849,2.8814,2.8814,6
2026-02-25 13:42:00,2.8759,2.8759,2.8704,2.8714,2.8809,2.8809,2.8754,2.8764,19
2026-02-25 13:43:00,2.8719,2.8744,2.8719,2.8739,2.8769,2.8794,2.8769,2.8789,13
2026-02-25 13:44:00,2.8744,2.8754,2.8684,2.8734,2.8794,2.8804,2.8734,2.8784,25
2026-02-25 13:45:00,2.8739,2.8814,2.8739,2.8804,2.8789,2.8864,2.8789,2.8854,21
2026-02-25 13:46:00,2.8809,2.8824,2.8779,2.8784,2.8859,2.8874,2.8829,2.8834,12
2026-02-25 13:47:00,2.8794,2.8814,2.8794,2.8804,2.8844,2.8864,2.8844,2.8854,15
2026-02-25 13:48:00,2.8774,2.8784,2.8759,2.8774,2.8824,2.8834,2.8809,2.8824,19
2026-02-25 13:49:00,2.8784,2.8789,2.8764,2.8764,2.8834,2.8839,2.8814,2.8814,16
2026-02-25 13:50:00,2.8769,2.8784,2.8764,2.8784,2.8819,2.8834,2.8814,2.8834,6
2026-02-25 13:51:00,2.8774,2.8794,2.8739,2.8769,2.8824,2.8844,2.8789,2.8819,25
2026-02-25 13:52:00,2.8764,2.8779,2.8734,2.8759,2.8814,2.8829,2.8784,2.8809,17
2026-02-25 13:53:00,2.8749,2.8774,2.8749,2.8754,2.8799,2.8824,2.8799,2.8804,9
2026-02-25 13:54:00,2.8749,2.8764,2.8739,2.8744,2.8799,2.8814,2.8789,2.8794,11
2026-02-25 13:55:00,2.8739,2.8764,2.8699,2.8699,2.8789,2.8814,2.8749,2.8749,17
2026-02-25 13:56:00,2.8704,2.8754,2.8694,2.8724,2.8754,2.8804,2.8744,2.8774,15
2026-02-25 13:57:00,2.8734,2.8734,2.8704,2.8709,2.8784,2.8784,2.8754,2.8759,10
2026-02-25 13:58:00,2.8714,2.8749,2.8684,2.8714,2.8764,2.8799,2.8734,2.8764,27
2026-02-25 13:59:00,2.8704,2.8744,2.8704,2.8739,2.8754,2.8794,2.8754,2.8789,19
2026-02-25 14:00:00,2.8744,2.8814,2.8744,2.8799,2.8794,2.8864,2.8794,2.8849,37
2026-02-25 14:01:00,2.8794,2.8824,2.8784,2.8794,2.8844,2.8874,2.8834,2.8844,21
2026-02-25 14:02:00,2.8799,2.8814,2.8779,2.8814,2.8849,2.8864,2.8829,2.8864,17
2026-02-25 14:03:00,2.8804,2.8864,2.8794,2.8834,2.8854,2.8914,2.8844,2.8884,41
2026-02-25 14:04:00,2.8824,2.8834,2.8794,2.8824,2.8874,2.8884,2.8844,2.8874,29
2026-02-25 14:05:00,2.8834,2.8854,2.8784,2.8794,2.8884,2.8904,2.8834,2.8844,28
2026-02-25 14:06:00,2.8784,2.8824,2.8714,2.8724,2.8834,2.8874,2.8764,2.8774,41
2026-02-25 14:07:00,2.8719,2.8794,2.8719,2.8769,2.8769,2.8844,2.8769,2.8819,26
2026-02-25 14:08:00,2.8774,2.8854,2.8764,2.8824,2.8824,2.8904,2.8814,2.8874,19
2026-02-25 14:09:00,2.8829,2.8844,2.8819,2.8829,2.8879,2.8894,2.8869,2.8879,11
2026-02-25 14:10:00,2.8824,2.8854,2.8814,2.8834,2.8874,2.8904,2.8864,2.8884,21
2026-02-25 14:11:00,2.8829,2.8834,2.8794,2.8824,2.8879,2.8884,2.8844,2.8874,15
2026-02-25 14:12:00,2.8834,2.8834,2.8794,2.8809,2.8884,2.8884,2.8844,2.8859,16
2026-02-25 14:13:00,2.8804,2.8804,2.8764,2.8774,2.8854,2.8854,2.8814,2.8824,27
2026-02-25 14:14:00,2.8779,2.8794,2.8744,2.8769,2.8829,2.8844,2.8794,2.8819,24
2026-02-25 14:15:00,2.8774,2.8779,2.8754,2.8769,2.8824,2.8829,2.8804,2.8819,11
2026-02-25 14:16:00,2.8774,2.8804,2.8764,2.8794,2.8824,2.8854,2.8814,2.8844,20
2026-02-25 14:17:00,2.8799,2.8804,2.8784,2.8794,2.8849,2.8854,2.8834,2.8844,9
2026-02-25 14:18:00,2.8799,2.8804,2.8744,2.8754,2.8849,2.8854,2.8794,2.8804,27
2026-02-25 14:19:00,2.8759,2.8764,2.8704,2.8764,2.8809,2.8814,2.8754,2.8814,41
2026-02-25 14:20:00,2.8774,2.8784,2.8664,2.8674,2.8824,2.8834,2.8714,2.8724,48
2026-02-25 14:21:00,2.8684,2.8734,2.8684,2.8704,2.8734,2.8784,2.8734,2.8754,18
2026-02-25 14:22:00,2.8709,2.8769,2.8699,2.8769,2.8759,2.8819,2.8749,2.8819,30
2026-02-25 14:23:00,2.8774,2.8824,2.8754,2.8764,2.8824,2.8874,2.8804,2.8814,34
2026-02-25 14:24:00,2.8769,2.8784,2.8749,2.8754,2.8819,2.8834,2.8799,2.8804,22
2026-02-25 14:25:00,2.8764,2.8764,2.8744,2.8744,2.8814,2.8814,2.8794,2.8794,8
2026-02-25 14:26:00,2.8734,2.8834,2.8734,2.8829,2.8784,2.8884,2.8784,2.8879,24
2026-02-25 14:27:00,2.8824,2.8869,2.8814,2.8859,2.8874,2.8919,2.8864,2.8909,29
2026-02-25 14:28:00,2.8864,2.8924,2.8854,2.8884,2.8914,2.8974,2.8904,2.8934,29
2026-02-25 14:29:00,2.8889,2.8914,2.8884,2.8884,2.8939,2.8964,2.8934,2.8934,20
2026-02-25 14:30:00,2.8874,2.8874,2.8854,2.8854,2.8924,2.8924,2.8904,2.8904,15
2026-02-25 14:31:00,2.8859,2.8869,2.8829,2.8829,2.8909,2.8919,2.8879,2.8879,24
2026-02-25 14:32:00,2.8834,2.8874,2.8824,2.8864,2.8884,2.8924,2.8874,2.8914,49
2026-02-25 14:33:00,2.8854,2.8874,2.8844,2.8864,2.8904,2.8924,2.8894,2.8914,20
2026-02-25 14:34:00,2.8859,2.8859,2.8829,2.8839,2.8909,2.8909,2.8879,2.8889,16
2026-02-25 14:35:00,2.8829,2.8834,2.8804,2.8819,2.8879,2.8884,2.8854,2.8869,29
2026-02-25 14:36:00,2.8814,2.8814,2.8734,2.8734,2.8864,2.8864,2.8784,2.8784,35
2026-02-25 14:37:00,2.8744,2.8764,2.8724,2.8754,2.8794,2.8814,2.8774,2.8804,30
2026-02-25 14:38:00,2.8744,2.8744,2.8644,2.8659,2.8794,2.8794,2.8694,2.8709,57
2026-02-25 14:39:00,2.8654,2.8684,2.8624,2.8674,2.8704,2.8734,2.8674,2.8724,64
2026-02-25 14:40:00,2.8664,2.8694,2.8644,2.8679,2.8714,2.8744,2.8694,2.8729,39
2026-02-25 14:41:00,2.8669,2.8694,2.8644,2.8674,2.8719,2.8744,2.8694,2.8724,43
2026-02-25 14:42:00,2.8679,2.8689,2.8644,2.8679,2.8729,2.8739,2.8694,2.8729,36
2026-02-25 14:43:00,2.8674,2.8674,2.8624,2.8624,2.8724,2.8724,2.8674,2.8674,25
2026-02-25 14:44:00,2.8629,2.8634,2.8584,2.8584,2.8679,2.8684,2.8634,2.8634,31
2026-02-25 14:45:00,2.8589,2.8589,2.8534,2.8534,2.8639,2.8639,2.8584,2.8584,44
2026-02-25 14:46:00,2.8529,2.8594,2.8514,2.8584,2.8579,2.8644,2.8564,2.8634,52
2026-02-25 14:47:00,2.8589,2.8614,2.8584,2.8614,2.8639,2.8664,2.8634,2.8664,19
2026-02-25 14:48:00,2.8619,2.8694,2.8594,2.8684,2.8669,2.8744,2.8644,2.8734,36
2026-02-25 14:49:00,2.8694,2.8764,2.8649,2.8699,2.8744,2.8814,2.8699,2.8749,57
2026-02-25 14:50:00,2.8694,2.8764,2.8694,2.8754,2.8744,2.8814,2.8744,2.8804,39
2026-02-25 14:51:00,2.8749,2.8764,2.8724,2.8734,2.8799,2.8814,2.8774,2.8784,18
2026-02-25 14:52:00,2.8739,2.8814,2.8739,2.8809,2.8789,2.8864,2.8789,2.8859,37
2026-02-25 14:53:00,2.8814,2.8834,2.8804,2.8804,2.8864,2.8884,2.8854,2.8854,18
2026-02-25 14:54:00,2.8814,2.8824,2.8799,2.8824,2.8864,2.8874,2.8849,2.8874,11
2026-02-25 14:55:00,2.8834,2.8884,2.8834,2.8884,2.8884,2.8934,2.8884,2.8934,14
2026-02-25 14:56:00,2.8879,2.8904,2.8854,2.8894,2.8929,2.8954,2.8904,2.8944,26
2026-02-25 14:57:00,2.8884,2.8904,2.8864,2.8864,2.8934,2.8954,2.8914,2.8914,14
2026-02-25 14:58:00,2.8859,2.8884,2.8844,2.8854,2.8909,2.8934,2.8894,2.8904,15
2026-02-25 14:59:00,2.8844,2.8894,2.8844,2.8894,2.8894,2.8944,2.8894,2.8944,16
2026-02-25 15:00:00,2.8884,2.8904,2.8839,2.8874,2.8934,2.8954,2.8889,2.8924,66
2026-02-25 15:01:00,2.8879,2.8909,2.8784,2.8784,2.8929,2.8959,2.8834,2.8834,81
2026-02-25 15:02:00,2.8794,2.8884,2.8784,2.8874,2.8844,2.8934,2.8834,2.8924,61
2026-02-25 15:03:00,2.8879,2.8894,2.8814,2.8839,2.8929,2.8944,2.8864,2.8889,34
2026-02-25 15:04:00,2.8834,2.8889,2.8804,2.8884,2.8884,2.8939,2.8854,2.8934,35
2026-02-25 15:05:00,2.8879,2.8904,2.8854,2.8904,2.8929,2.8954,2.8904,2.8954,45
2026-02-25 15:06:00,2.8914,2.8954,2.8884,2.8884,2.8964,2.9004,2.8934,2.8934,32
2026-02-25 15:07:00,2.8879,2.8894,2.8844,2.8854,2.8929,2.8944,2.8894,2.8904,28
2026-02-25 15:08:00,2.8864,2.8864,2.8819,2.8824,2.8914,2.8914,2.8869,2.8874,20
2026-02-25 15:09:00,2.8819,2.8904,2.8809,2.8894,2.8869,2.8954,2.8859,2.8944,40
2026-02-25 15:10:00,2.8904,2.8934,2.8854,2.8894,2.8954,2.8984,2.8904,2.8944,41
2026-02-25 15:11:00,2.8904,2.8914,2.8894,2.8914,2.8954,2.8964,2.8944,2.8964,25
2026-02-25 15:12:00,2.8904,2.8914,2.8854,2.8854,2.8954,2.8964,2.8904,2.8904,34
2026-02-25 15:13:00,2.8844,2.8934,2.8844,2.8874,2.8894,2.8984,2.8894,2.8924,47
2026-02-25 15:14:00,2.8884,2.8884,2.8864,2.8874,2.8934,2.8934,2.8914,2.8924,17
2026-02-25 15:15:00,2.8864,2.8884,2.8804,2.8859,2.8914,2.8934,2.8854,2.8909,46
2026-02-25 15:16:00,2.8864,2.8889,2.8824,2.8884,2.8914,2.8939,2.8874,2.8934,42
2026-02-25 15:17:00,2.8894,2.8894,2.8844,2.8884,2.8944,2.8944,2.8894,2.8934,24
2026-02-25 15:18:00,2.8894,2.8894,2.8854,2.8854,2.8944,2.8944,2.8904,2.8904,13
2026-02-25 15:19:00,2.8864,2.8894,2.8864,2.8884,2.8914,2.8944,2.8914,2.8934,17
2026-02-25 15:20:00,2.8889,2.8914,2.8884,2.8914,2.8939,2.8964,2.8934,2.8964,29
2026-02-25 15:21:00,2.8909,2.8934,2.8854,2.8854,2.8959,2.8984,2.8904,2.8904,22
2026-02-25 15:22:00,2.8859,2.8874,2.8849,2.8854,2.8909,2.8924,2.8899,2.8904,13
2026-02-25 15:23:00,2.8844,2.8844,2.8789,2.8809,2.8894,2.8894,2.8839,2.8859,22
2026-02-25 15:24:00,2.8814,2.8814,2.8784,2.8814,2.8864,2.8864,2.8834,2.8864,15
2026-02-25 15:25:00,2.8824,2.8904,2.8814,2.8894,2.8874,2.8954,2.8864,2.8944,40
2026-02-25 15:26:00,2.8899,2.8904,2.8864,2.8864,2.8949,2.8954,2.8914,2.8914,38
2026-02-25 15:27:00,2.8874,2.8924,2.8874,2.8914,2.8924,2.8974,2.8924,2.8964,35
2026-02-25 15:28:00,2.8909,2.8924,2.8894,2.8899,2.8959,2.8974,2.8944,2.8949,26
2026-02-25 15:29:00,2.8904,2.8974,2.8899,2.8969,2.8954,2.9024,2.8949,2.9019,67
2026-02-25 15:30:00,2.8959,2.8959,2.8864,2.8944,2.9009,2.9009,2.8914,2.8994,89
2026-02-25 15:31:00,2.8939,2.8964,2.8904,2.8914,2.8989,2.9014,2.8954,2.8964,43
2026-02-25 15:32:00,2.8924,2.8969,2.8914,2.8959,2.8974,2.9019,2.8964,2.9009,44
2026-02-25 15:33:00,2.8949,2.8974,2.8934,2.8954,2.8999,2.9024,2.8984,2.9004,37
2026-02-25 15:34:00,2.8949,2.8974,2.8909,2.8959,2.8999,2.9024,2.8959,2.9009,50
2026-02-25 15:35:00,2.8964,2.8969,2.8934,2.8944,2.9014,2.9019,2.8984,2.8994,32
2026-02-25 15:36:00,2.8949,2.8964,2.8939,2.8954,2.8999,2.9014,2.8989,2.9004,15
2026-02-25 15:37:00,2.8964,2.8974,2.8944,2.8949,2.9014,2.9024,2.8994,2.8999,29
2026-02-25 15:38:00,2.8954,2.8954,2.8884,2.8884,2.9004,2.9004,2.8934,2.8934,29
2026-02-25 15:39:00,2.8879,2.8914,2.8834,2.8904,2.8929,2.8964,2.8884,2.8954,55
2026-02-25 15:40:00,2.8909,2.8909,2.8894,2.8904,2.8959,2.8959,2.8944,2.8954,7
2026-02-25 15:41:00,2.8899,2.8914,2.8849,2.8904,2.8949,2.8964,2.8899,2.8954,23
2026-02-25 15:42:00,2.8894,2.8934,2.8874,2.8919,2.8944,2.8984,2.8924,2.8969,39
2026-02-25 15:43:00,2.8914,2.8944,2.8884,2.8944,2.8964,2.8994,2.8934,2.8994,13
2026-02-25 15:44:00,2.8939,2.8994,2.8939,2.8964,2.8989,2.9044,2.8989,2.9014,29
2026-02-25 15:45:00,2.8969,2.8969,2.8939,2.8944,2.9019,2.9019,2.8989,2.8994,9
2026-02-25 15:46:00,2.8934,2.8994,2.8934,2.8984,2.8984,2.9044,2.8984,2.9034,17
2026-02-25 15:47:00,2.8989,2.9054,2.8984,2.9034,2.9039,2.9104,2.9034,2.9084,33
2026-02-25 15:48:00,2.9024,2.9064,2.9024,2.9024,2.9074,2.9114,2.9074,2.9074,34
2026-02-25 15:49:00,2.9029,2.9044,2.9004,2.9029,2.9079,2.9094,2.9054,2.9079,26
2026-02-25 15:50:00,2.9039,2.9039,2.8954,2.8954,2.9089,2.9089,2.9004,2.9004,26
2026-02-25 15:51:00,2.8964,2.8989,2.8924,2.8974,2.9014,2.9039,2.8974,2.9024,29
2026-02-25 15:52:00,2.8979,2.8984,2.8939,2.8974,2.9029,2.9034,2.8989,2.9024,22
2026-02-25 15:53:00,2.8959,2.8964,2.8924,2.8924,2.9009,2.9014,2.8974,2.8974,16
2026-02-25 15:54:00,2.8914,2.8924,2.8914,2.8914,2.8964,2.8974,2.8964,2.8964,10
2026-02-25 15:55:00,2.8919,2.8944,2.8894,2.8914,2.8969,2.8994,2.8944,2.8964,33
2026-02-25 15:56:00,2.8919,2.8954,2.8919,2.8939,2.8969,2.9004,2.8969,2.8989,29
2026-02-25 15:57:00,2.8949,2.8994,2.8934,2.8984,2.8999,2.9044,2.8984,2.9034,26
2026-02-25 15:58:00,2.8989,2.8994,2.8944,2.8974,2.9039,2.9044,2.8994,2.9024,20
2026-02-25 15:59:00,2.8969,2.8969,2.8929,2.8954,2.9019,2.9019,2.8979,2.9004,15
2026-02-25 16:00:00,2.8959,2.8984,2.8934,2.8974,2.9009,2.9034,2.8984,2.9024,30
2026-02-25 16:01:00,2.8979,2.8984,2.8959,2.8984,2.9029,2.9034,2.9009,2.9034,8
2026-02-25 16:02:00,2.8979,2.9014,2.8954,2.9014,2.9029,2.9064,2.9004,2.9064,36
2026-02-25 16:03:00,2.9009,2.9014,2.8984,2.8989,2.9059,2.9064,2.9034,2.9039,24
2026-02-25 16:04:00,2.8984,2.9004,2.8974,2.8974,2.9034,2.9054,2.9024,2.9024,14
2026-02-25 16:05:00,2.8979,2.8994,2.8954,2.8994,2.9029,2.9044,2.9004,2.9044,28
2026-02-25 16:06:00,2.8984,2.8984,2.8964,2.8974,2.9034,2.9034,2.9014,2.9024,5
2026-02-25 16:07:00,2.8969,2.8969,2.8954,2.8969,2.9019,2.9019,2.9004,2.9019,10
2026-02-25 16:08:00,2.8974,2.8974,2.8954,2.8974,2.9024,2.9024,2.9004,2.9024,9
2026-02-25 16:09:00,2.8964,2.8984,2.8964,2.8974,2.9014,2.9034,2.9014,2.9024,7
2026-02-25 16:10:00,2.8979,2.8994,2.8969,2.8974,2.9029,2.9044,2.9019,2.9024,7
2026-02-25 16:11:00,2.8979,2.9014,2.8964,2.9014,2.9029,2.9064,2.9014,2.9064,23
2026-02-25 16:12:00,2.9024,2.9064,2.9024,2.9044,2.9074,2.9114,2.9074,2.9094,35
2026-02-25 16:13:00,2.9049,2.9049,2.9004,2.9029,2.9099,2.9099,2.9054,2.9079,22
2026-02-25 16:14:00,2.9024,2.9024,2.9004,2.9004,2.9074,2.9074,2.9054,2.9054,11
2026-02-25 16:15:00,2.8999,2.9004,2.8989,2.8999,2.9049,2.9054,2.9039,2.9049,11
2026-02-25 16:16:00,2.9009,2.9024,2.8999,2.9014,2.9059,2.9074,2.9049,2.9064,16
2026-02-25 16:17:00,2.9019,2.9044,2.9019,2.9024,2.9069,2.9094,2.9069,2.9074,9
2026-02-25 16:18:00,2.9029,2.9034,2.9024,2.9034,2.9079,2.9084,2.9074,2.9084,4
2026-02-25 16:19:00,2.9039,2.9049,2.9024,2.9044,2.9089,2.9099,2.9074,2.9094,17
2026-02-25 16:20:00,2.9034,2.9054,2.9014,2.9044,2.9084,2.9104,2.9064,2.9094,19
2026-02-25 16:21:00,2.9034,2.9094,2.9034,2.9079,2.9084,2.9144,2.9084,2.9129,51
2026-02-25 16:22:00,2.9084,2.9094,2.9074,2.9084,2.9134,2.9144,2.9124,2.9134,17
2026-02-25 16:23:00,2.9094,2.9094,2.9054,2.9064,2.9144,2.9144,2.9104,2.9114,28
2026-02-25 16:24:00,2.9069,2.9094,2.9064,2.9094,2.9119,2.9144,2.9114,2.9144,17
2026-02-25 16:25:00,2.9089,2.9094,2.9084,2.9084,2.9139,2.9144,2.9134,2.9134,10
2026-02-25 16:26:00,2.9094,2.9164,2.9094,2.9159,2.9144,2.9214,2.9144,2.9209,62
2026-02-25 16:27:00,2.9154,2.9194,2.9144,2.9164,2.9204,2.9244,2.9194,2.9214,47
2026-02-25 16:28:00,2.9159,2.9164,2.9154,2.9154,2.9209,2.9214,2.9204,2.9204,9
2026-02-25 16:29:00,2.9144,2.9149,2.9104,2.9104,2.9194,2.9199,2.9154,2.9154,16
2026-02-25 16:30:00,2.9094,2.9144,2.9084,2.9094,2.9144,2.9194,2.9134,2.9144,49
2026-02-25 16:31:00,2.9104,2.9114,2.9094,2.9104,2.9154,2.9164,2.9144,2.9154,29
2026-02-25 16:32:00,2.9114,2.9114,2.9084,2.9104,2.9164,2.9164,2.9134,2.9154,15
2026-02-25 16:33:00,2.9109,2.9114,2.9054,2.9069,2.9159,2.9164,2.9104,2.9119,25
2026-02-25 16:34:00,2.9074,2.9074,2.9044,2.9054,2.9124,2.9124,2.9094,2.9104,21
2026-02-25 16:35:00,2.9059,2.9064,2.9004,2.9014,2.9109,2.9114,2.9054,2.9064,23
2026-02-25 16:36:00,2.9009,2.9024,2.8989,2.8999,2.9059,2.9074,2.9039,2.9049,27
2026-02-25 16:37:00,2.9004,2.9034,2.9004,2.9024,2.9054,2.9084,2.9054,2.9074,20
2026-02-25 16:38:00,2.9029,2.9074,2.9014,2.9064,2.9079,2.9124,2.9064,2.9114,33
2026-02-25 16:39:00,2.9054,2.9074,2.9054,2.9054,2.9104,2.9124,2.9104,2.9104,24
2026-02-25 16:40:00,2.9059,2.9074,2.9034,2.9064,2.9109,2.9124,2.9084,2.9114,30
2026-02-25 16:41:00,2.9054,2.9064,2.9034,2.9044,2.9104,2.9114,2.9084,2.9094,15
2026-02-25 16:42:00,2.9049,2.9069,2.9049,2.9064,2.9099,2.9119,2.9099,2.9114,4
2026-02-25 16:43:00,2.9054,2.9079,2.9044,2.9054,2.9104,2.9129,2.9094,2.9104,12
2026-02-25 16:44:00,2.9059,2.9064,2.9034,2.9034,2.9109,2.9114,2.9084,2.9084,12
2026-02-25 16:45:00,2.9024,2.9054,2.9024,2.9034,2.9074,2.9104,2.9074,2.9084,10
2026-02-25 16:46:00,2.9029,2.9054,2.9029,2.9054,2.9079,2.9104,2.9079,2.9104,19
2026-02-25 16:47:00,2.9064,2.9064,2.9044,2.9044,2.9114,2.9114,2.9094,2.9094,13
2026-02-25 16:48:00,2.9054,2.9054,2.9034,2.9034,2.9104,2.9104,2.9084,2.9084,11
2026-02-25 16:49:00,2.9044,2.9054,2.9034,2.9044,2.9094,2.9104,2.9084,2.9094,12
2026-02-25 16:50:00,2.9039,2.9054,2.9034,2.9034,2.9089,2.9104,2.9084,2.9084,15
2026-02-25 16:51:00,2.9029,2.9034,2.8979,2.8994,2.9079,2.9084,2.9029,2.9044,30
2026-02-25 16:52:00,2.9004,2.9024,2.8999,2.9014,2.9054,2.9074,2.9049,2.9064,11
2026-02-25 16:53:00,2.9024,2.9064,2.9024,2.9054,2.9074,2.9114,2.9074,2.9104,15
2026-02-25 16:54:00,2.9044,2.9054,2.9034,2.9054,2.9094,2.9104,2.9084,2.9104,9
2026-02-25 16:55:00,2.9049,2.9054,2.9044,2.9044,2.9099,2.9104,2.9094,2.9094,12
2026-02-25 16:56:00,2.9054,2.9074,2.9049,2.9054,2.9104,2.9124,2.9099,2.9104,11
2026-02-25 16:57:00,2.9049,2.9054,2.9044,2.9054,2.9099,2.9104,2.9094,2.9104,3
2026-02-25 16:58:00,2.9064,2.9094,2.9064,2.9084,2.9114,2.9144,2.9114,2.9134,27
2026-02-25 16:59:00,2.9089,2.9114,2.9089,2.9114,2.9139,2.9164,2.9139,2.9164,28
2026-02-25 17:00:00,2.9104,2.9114,2.9064,2.9079,2.9154,2.9164,2.9114,2.9129,45
2026-02-25 17:01:00,2.9069,2.9119,2.9069,2.9074,2.9119,2.9169,2.9119,2.9124,19
2026-02-25 17:02:00,2.9084,2.9084,2.9064,2.9079,2.9134,2.9134,2.9114,2.9129,14
2026-02-25 17:03:00,2.9074,2.9074,2.9054,2.9054,2.9124,2.9124,2.9104,2.9104,9
2026-02-25 17:04:00,2.9044,2.9044,2.9004,2.9019,2.9094,2.9094,2.9054,2.9069,17
2026-02-25 17:05:00,2.9029,2.9054,2.9014,2.9044,2.9079,2.9104,2.9064,2.9094,20
2026-02-25 17:06:00,2.9064,2.9064,2.9034,2.9044,2.9114,2.9114,2.9084,2.9094,15
2026-02-25 17:07:00,2.9039,2.9044,2.9024,2.9034,2.9089,2.9094,2.9074,2.9084,23
2026-02-25 17:08:00,2.9039,2.9084,2.9039,2.9074,2.9089,2.9134,2.9089,2.9124,13
2026-02-25 17:09:00,2.9079,2.9094,2.9044,2.9054,2.9129,2.9144,2.9094,2.9104,34
2026-02-25 17:10:00,2.9054,2.9064,2.9054,2.9064,2.9104,2.9114,2.9104,2.9114,9
2026-02-25 17:11:00,2.9074,2.9094,2.9064,2.9094,2.9124,2.9144,2.9114,2.9144,26
2026-02-25 17:12:00,2.9084,2.9094,2.9064,2.9069,2.9134,2.9144,2.9114,2.9119,11
2026-02-25 17:13:00,2.9074,2.9094,2.9054,2.9054,2.9124,2.9144,2.9104,2.9104,20
2026-02-25 17:14:00,2.9064,2.9069,2.9034,2.9054,2.9114,2.9119,2.9084,2.9104,36
2026-02-25 17:15:00,2.9059,2.9089,2.9044,2.9074,2.9109,2.9139,2.9094,2.9124,38
2026-02-25 17:16:00,2.9084,2.9109,2.9074,2.9094,2.9134,2.9159,2.9124,2.9144,18
2026-02-25 17:17:00,2.9084,2.9114,2.9084,2.9104,2.9134,2.9164,2.9134,2.9154,19
2026-02-25 17:18:00,2.9114,2.9149,2.9104,2.9134,2.9164,2.9199,2.9154,2.9184,29
2026-02-25 17:19:00,2.9129,2.9129,2.9104,2.9114,2.9179,2.9179,2.9154,2.9164,22
2026-02-25 17:20:00,2.9109,2.9184,2.9109,2.9174,2.9159,2.9234,2.9159,2.9224,37
2026-02-25 17:21:00,2.9169,2.9204,2.9164,2.9184,2.9219,2.9254,2.9214,2.9234,30
2026-02-25 17:22:00,2.9194,2.9234,2.9194,2.9204,2.9244,2.9284,2.9244,2.9254,41
2026-02-25 17:23:00,2.9199,2.9214,2.9184,2.9199,2.9249,2.9264,2.9234,2.9249,29
2026-02-25 17:24:00,2.9194,2.9209,2.9184,2.9204,2.9244,2.9259,2.9234,2.9254,18
2026-02-25 17:25:00,2.9199,2.9199,2.9154,2.9189,2.9249,2.9249,2.9204,2.9239,22
2026-02-25 17:26:00,2.9199,2.9224,2.9199,2.9214,2.9249,2.9274,2.9249,2.9264,19
2026-02-25 17:27:00,2.9219,2.9224,2.9194,2.9214,2.9269,2.9274,2.9244,2.9264,21
2026-02-25 17:28:00,2.9209,2.9214,2.9204,2.9214,2.9259,2.9264,2.9254,2.9264,10
2026-02-25 17:29:00,2.9209,2.9209,2.9164,2.9184,2.9259,2.9259,2.9214,2.9234,21
2026-02-25 17:30:00,2.9189,2.9194,2.9174,2.9184,2.9239,2.9244,2.9224,2.9234,14
2026-02-25 17:31:00,2.9174,2.9174,2.9149,2.9154,2.9224,2.9224,2.9199,2.9204,13
2026-02-25 17:32:00,2.9149,2.9149,2.9134,2.9144,2.9199,2.9199,2.9184,2.9194,9
2026-02-25 17:33:00,2.9134,2.9134,2.9094,2.9124,2.9184,2.9184,2.9144,2.9174,13
2026-02-25 17:34:00,2.9134,2.9144,2.9104,2.9109,2.9184,2.9194,2.9154,2.9159,18
2026-02-25 17:35:00,2.9104,2.9114,2.9094,2.9104,2.9154,2.9164,2.9144,2.9154,15
2026-02-25 17:36:00,2.9109,2.9174,2.9109,2.9169,2.9159,2.9224,2.9159,2.9219,24
2026-02-25 17:37:00,2.9164,2.9214,2.9164,2.9214,2.9214,2.9264,2.9214,2.9264,23
2026-02-25 17:38:00,2.9209,2.9214,2.9184,2.9184,2.9259,2.9264,2.9234,2.9234,14
2026-02-25 17:39:00,2.9194,2.9204,2.9179,2.9204,2.9244,2.9254,2.9229,2.9254,8
2026-02-25 17:40:00,2.9209,2.9284,2.9209,2.9259,2.9259,2.9334,2.9259,2.9309,62
2026-02-25 17:41:00,2.9254,2.9259,2.9224,2.9244,2.9304,2.9309,2.9274,2.9294,36
2026-02-25 17:42:00,2.9239,2.9244,2.9214,2.9244,2.9289,2.9294,2.9264,2.9294,16
2026-02-25 17:43:00,2.9249,2.9264,2.9244,2.9254,2.9299,2.9314,2.9294,2.9304,13
2026-02-25 17:44:00,2.9249,2.9259,2.9224,2.9254,2.9299,2.9309,2.9274,2.9304,24
2026-02-25 17:45:00,2.9259,2.9284,2.9234,2.9234,2.9309,2.9334,2.9284,2.9284,38
2026-02-25 17:46:00,2.9229,2.9274,2.9224,2.9274,2.9279,2.9324,2.9274,2.9324,23
2026-02-25 17:47:00,2.9264,2.9289,2.9254,2.9284,2.9314,2.9339,2.9304,2.9334,40
2026-02-25 17:48:00,2.9289,2.9314,2.9269,2.9294,2.9339,2.9364,2.9319,2.9344,25
2026-02-25 17:49:00,2.9289,2.9294,2.9274,2.9284,2.9339,2.9344,2.9324,2.9334,13
2026-02-25 17:50:00,2.9294,2.9294,2.9234,2.9244,2.9344,2.9344,2.9284,2.9294,23
2026-02-25 17:51:00,2.9249,2.9254,2.9224,2.9244,2.9299,2.9304,2.9274,2.9294,26
2026-02-25 17:52:00,2.9239,2.9244,2.9214,2.9229,2.9289,2.9294,2.9264,2.9279,18
2026-02-25 17:53:00,2.9224,2.9224,2.9174,2.9174,2.9274,2.9274,2.9224,2.9224,21
2026-02-25 17:54:00,2.9164,2.9204,2.9164,2.9204,2.9214,2.9254,2.9214,2.9254,21
2026-02-25 17:55:00,2.9199,2.9224,2.9194,2.9214,2.9249,2.9274,2.9244,2.9264,26
2026-02-25 17:56:00,2.9209,2.9214,2.9194,2.9209,2.9259,2.9264,2.9244,2.9259,8
2026-02-25 17:57:00,2.9204,2.9224,2.9194,2.9214,2.9254,2.9274,2.9244,2.9264,15
2026-02-25 17:58:00,2.9219,2.9234,2.9219,2.9224,2.9269,2.9284,2.9269,2.9274,8
2026-02-25 17:59:00,2.9214,2.9244,2.9194,2.9244,2.9264,2.9294,2.9244,2.9294,24
2026-02-25 18:00:00,2.9239,2.9249,2.9234,2.9244,2.9289,2.9299,2.9284,2.9294,20
2026-02-25 18:01:00,2.9249,2.9254,2.9239,2.9239,2.9299,2.9304,2.9289,2.9289,13
2026-02-25 18:02:00,2.9224,2.9244,2.9224,2.9234,2.9274,2.9294,2.9274,2.9284,16
2026-02-25 18:03:00,2.9224,2.9234,2.9214,2.9224,2.9274,2.9284,2.9264,2.9274,8
2026-02-25 18:04:00,2.9234,2.9234,2.9219,2.9234,2.9284,2.9284,2.9269,2.9284,13
2026-02-25 18:05:00,2.9229,2.9244,2.9229,2.9234,2.9279,2.9294,2.9279,2.9284,9
2026-02-25 18:06:00,2.9224,2.9224,2.9204,2.9214,2.9274,2.9274,2.9254,2.9264,7
2026-02-25 18:07:00,2.9204,2.9224,2.9204,2.9214,2.9254,2.9274,2.9254,2.9264,13
2026-02-25 18:08:00,2.9219,2.9224,2.9214,2.9214,2.9269,2.9274,2.9264,2.9264,9
2026-02-25 18:09:00,2.9219,2.9224,2.9214,2.9214,2.9269,2.9274,2.9264,2.9264,4
2026-02-25 18:10:00,2.9224,2.9224,2.9224,2.9224,2.9274,2.9274,2.9274,2.9274,1
2026-02-25 18:11:00,2.9234,2.9244,2.9229,2.9234,2.9284,2.9294,2.9279,2.9284,5
2026-02-25 18:12:00,2.9224,2.9244,2.9224,2.9234,2.9274,2.9294,2.9274,2.9284,6
2026-02-25 18:13:00,2.9244,2.9244,2.9234,2.9234,2.9294,2.9294,2.9284,2.9284,3
2026-02-25 18:14:00,2.9224,2.9234,2.9224,2.9224,2.9274,2.9284,2.9274,2.9274,5
2026-02-25 18:15:00,2.9229,2.9264,2.9224,2.9244,2.9279,2.9314,2.9274,2.9294,22
2026-02-25 18:16:00,2.9234,2.9234,2.9194,2.9204,2.9284,2.9284,2.9244,2.9254,13
2026-02-25 18:17:00,2.9214,2.9214,2.9194,2.9204,2.9264,2.9264,2.9244,2.9254,11
2026-02-25 18:18:00,2.9209,2.9234,2.9209,2.9234,2.9259,2.9284,2.9259,2.9284,4
2026-02-25 18:19:00,2.9229,2.9264,2.9214,2.9244,2.9279,2.9314,2.9264,2.9294,17
2026-02-25 18:20:00,2.9239,2.9244,2.9214,2.9234,2.9289,2.9294,2.9264,2.9284,15
2026-02-25 18:21:00,2.9229,2.9244,2.9229,2.9244,2.9279,2.9294,2.9279,2.9294,7
2026-02-25 18:22:00,2.9254,2.9264,2.9244,2.9254,2.9304,2.9314,2.9294,2.9304,13
2026-02-25 18:23:00,2.9259,2.9274,2.9254,2.9264,2.9309,2.9324,2.9304,2.9314,20
2026-02-25 18:24:00,2.9259,2.9264,2.9254,2.9264,2.9309,2.9314,2.9304,2.9314,6
2026-02-25 18:25:00,2.9274,2.9314,2.9274,2.9314,2.9324,2.9364,2.9324,2.9364,11
2026-02-25 18:27:00,2.9304,2.9304,2.9294,2.9294,2.9354,2.9354,2.9344,2.9344,13
2026-02-25 18:28:00,2.9289,2.9294,2.9264,2.9279,2.9339,2.9344,2.9314,2.9329,9
2026-02-25 18:29:00,2.9284,2.9304,2.9284,2.9304,2.9334,2.9354,2.9334,2.9354,5
2026-02-25 18:30:00,2.9309,2.9309,2.9274,2.9284,2.9359,2.9359,2.9324,2.9334,9
2026-02-25 18:31:00,2.9279,2.9279,2.9244,2.9254,2.9329,2.9329,2.9294,2.9304,22
2026-02-25 18:32:00,2.9259,2.9264,2.9234,2.9234,2.9309,2.9314,2.9284,2.9284,12
2026-02-25 18:33:00,2.9229,2.9234,2.9204,2.9204,2.9279,2.9284,2.9254,2.9254,9
2026-02-25 18:34:00,2.9209,2.9209,2.9114,2.9114,2.9259,2.9259,2.9164,2.9164,35
2026-02-25 18:35:00,2.9119,2.9134,2.9074,2.9099,2.9169,2.9184,2.9124,2.9149,28
2026-02-25 18:36:00,2.9104,2.9134,2.9094,2.9124,2.9154,2.9184,2.9144,2.9174,22
2026-02-25 18:37:00,2.9114,2.9144,2.9114,2.9144,2.9164,2.9194,2.9164,2.9194,23
2026-02-25 18:38:00,2.9139,2.9139,2.9104,2.9114,2.9189,2.9189,2.9154,2.9164,12
2026-02-25 18:39:00,2.9119,2.9144,2.9094,2.9094,2.9169,2.9194,2.9144,2.9144,18
2026-02-25 18:40:00,2.9099,2.9109,2.9094,2.9104,2.9149,2.9159,2.9144,2.9154,9
2026-02-25 18:41:00,2.9109,2.9114,2.9094,2.9114,2.9159,2.9164,2.9144,2.9164,12
2026-02-25 18:42:00,2.9109,2.9124,2.9094,2.9094,2.9159,2.9174,2.9144,2.9144,28
2026-02-25 18:43:00,2.9084,2.9084,2.9024,2.9034,2.9134,2.9134,2.9074,2.9084,26
2026-02-25 18:44:00,2.9039,2.9054,2.9034,2.9044,2.9089,2.9104,2.9084,2.9094,22
2026-02-25 18:45:00,2.9054,2.9054,2.9014,2.9014,2.9104,2.9104,2.9064,2.9064,13
2026-02-25 18:46:00,2.9009,2.9009,2.8954,2.8964,2.9059,2.9059,2.9004,2.9014,24
2026-02-25 18:47:00,2.8969,2.8994,2.8954,2.8974,2.9019,2.9044,2.9004,2.9024,34
2026-02-25 18:48:00,2.8984,2.8999,2.8974,2.8984,2.9034,2.9049,2.9024,2.9034,15
2026-02-25 18:49:00,2.8979,2.9049,2.8974,2.9024,2.9029,2.9099,2.9024,2.9074,18
2026-02-25 18:50:00,2.9034,2.9074,2.9034,2.9064,2.9084,2.9124,2.9084,2.9114,14
2026-02-25 18:51:00,2.9069,2.9084,2.9034,2.9044,2.9119,2.9134,2.9084,2.9094,16
2026-02-25 18:52:00,2.9039,2.9054,2.9024,2.9044,2.9089,2.9104,2.9074,2.9094,8
2026-02-25 18:53:00,2.9034,2.9034,2.9004,2.9014,2.9084,2.9084,2.9054,2.9064,20
2026-02-25 18:54:00,2.9004,2.9044,2.8974,2.9034,2.9054,2.9094,2.9024,2.9084,20
2026-02-25 18:55:00,2.9039,2.9044,2.9004,2.9004,2.9089,2.9094,2.9054,2.9054,17
2026-02-25 18:56:00,2.9014,2.9014,2.8994,2.9014,2.9064,2.9064,2.9044,2.9064,18
2026-02-25 18:57:00,2.9004,2.9044,2.9004,2.9034,2.9054,2.9094,2.9054,2.9084,12
2026-02-25 18:58:00,2.9024,2.9034,2.9019,2.9034,2.9074,2.9084,2.9069,2.9084,6
2026-02-25 18:59:00,2.9039,2.9044,2.9019,2.9019,2.9089,2.9094,2.9069,2.9069,8
2026-02-25 19:00:00,2.9024,2.9024,2.9004,2.9009,2.9074,2.9074,2.9054,2.9059,6
2026-02-25 19:50:00,2.8739,2.8964,2.8714,2.8934,2.8789,2.9014,2.8764,2.8984,152
2026-02-25 19:51:00,2.8919,2.8994,2.8869,2.8984,2.8969,2.9044,2.8919,2.9034,65
2026-02-25 19:52:00,2.8994,2.9029,2.8979,2.8979,2.9044,2.9079,2.9029,2.9029,32
2026-02-25 19:53:00,2.8974,2.8999,2.8944,2.8984,2.9024,2.9049,2.8994,2.9034,33
2026-02-25 19:54:00,2.8989,2.9004,2.8924,2.8984,2.9039,2.9054,2.8974,2.9034,36
2026-02-25 19:55:00,2.8974,2.8974,2.8804,2.8879,2.9024,2.9024,2.8854,2.8929,57
2026-02-25 19:56:00,2.8874,2.8934,2.8844,2.8879,2.8924,2.8984,2.8894,2.8929,36
2026-02-25 19:57:00,2.8874,2.8879,2.8824,2.8824,2.8924,2.8929,2.8874,2.8874,52
2026-02-25 19:58:00,2.8829,2.8864,2.8739,2.8844,2.8879,2.8914,2.8789,2.8894,98
2026-02-25 19:59:00,2.8839,2.8864,2.8794,2.8804,2.8889,2.8914,2.8844,2.8854,49
2026-02-25 20:00:00,2.8774,2.8964,2.8774,2.8899,2.8824,2.9014,2.8824,2.8949,78
2026-02-25 20:01:00,2.8884,2.8884,2.8734,2.8764,2.8934,2.8934,2.8784,2.8814,75
2026-02-25 20:02:00,2.8769,2.8894,2.8769,2.8874,2.8819,2.8944,2.8819,2.8924,75
2026-02-25 20:03:00,2.8879,2.8884,2.8774,2.8784,2.8929,2.8934,2.8824,2.8834,52
2026-02-25 20:04:00,2.8779,2.8799,2.8744,2.8784,2.8829,2.8849,2.8794,2.8834,62
2026-02-25 20:05:00,2.8779,2.8859,2.8764,2.8844,2.8829,2.8909,2.8814,2.8894,67
2026-02-25 20:06:00,2.8849,2.8894,2.8844,2.8849,2.8899,2.8944,2.8894,2.8899,53
2026-02-25 20:07:00,2.8869,2.8974,2.8854,2.8924,2.8919,2.9024,2.8904,2.8974,83
2026-02-25 20:08:00,2.8944,2.8949,2.8884,2.8919,2.8994,2.8999,2.8934,2.8969,48
2026-02-25 20:09:00,2.8914,2.8914,2.8884,2.8899,2.8964,2.8964,2.8934,2.8949,36
2026-02-25 20:10:00,2.8894,2.8904,2.8844,2.8859,2.8944,2.8954,2.8894,2.8909,45
2026-02-25 20:11:00,2.8854,2.8894,2.8839,2.8859,2.8904,2.8944,2.8889,2.8909,41
2026-02-25 20:12:00,2.8864,2.8894,2.8814,2.8869,2.8914,2.8944,2.8864,2.8919,54
2026-02-25 20:13:00,2.8854,2.8904,2.8844,2.8844,2.8904,2.8954,2.8894,2.8894,32
2026-02-25 20:14:00,2.8854,2.8884,2.8844,2.8859,2.8904,2.8934,2.8894,2.8909,50
2026-02-25 20:15:00,2.8854,2.8929,2.8849,2.8914,2.8904,2.8979,2.8899,2.8964,39
2026-02-25 20:16:00,2.8924,2.8969,2.8924,2.8969,2.8974,2.9019,2.8974,2.9019,38
2026-02-25 20:17:00,2.8964,2.8994,2.8949,2.8984,2.9014,2.9044,2.8999,2.9034,37
2026-02-25 20:18:00,2.8974,2.9014,2.8974,2.8989,2.9024,2.9064,2.9024,2.9039,38
2026-02-25 20:19:00,2.8999,2.9004,2.8924,2.8984,2.9049,2.9054,2.8974,2.9034,42
2026-02-25 20:20:00,2.8974,2.8974,2.8894,2.8914,2.9024,2.9024,2.8944,2.8964,53
2026-02-25 20:21:00,2.8904,2.8919,2.8874,2.8899,2.8954,2.8969,2.8924,2.8949,49
2026-02-25 20:22:00,2.8894,2.8904,2.8829,2.8854,2.8944,2.8954,2.8879,2.8904,33
2026-02-25 20:23:00,2.8849,2.8849,2.8779,2.8779,2.8899,2.8899,2.8829,2.8829,51
2026-02-25 20:24:00,2.8789,2.8804,2.8764,2.8774,2.8839,2.8854,2.8814,2.8824,52
2026-02-25 20:25:00,2.8764,2.8824,2.8764,2.8814,2.8814,2.8874,2.8814,2.8864,56
2026-02-25 20:26:00,2.8804,2.8814,2.8724,2.8734,2.8854,2.8864,2.8774,2.8784,62
2026-02-25 20:27:00,2.8729,2.8764,2.8704,2.8754,2.8779,2.8814,2.8754,2.8804,74
2026-02-25 20:28:00,2.8749,2.8749,2.8634,2.8729,2.8799,2.8799,2.8684,2.8779,152
2026-02-25 20:29:00,2.8714,2.8744,2.8704,2.8744,2.8764,2.8794,2.8754,2.8794,81
2026-02-25 20:30:00,2.8739,2.8774,2.8734,2.8749,2.8789,2.8824,2.8784,2.8799,52
2026-02-25 20:31:00,2.8739,2.8739,2.8704,2.8724,2.8789,2.8789,2.8754,2.8774,26
2026-02-25 20:32:00,2.8729,2.8774,2.8729,2.8774,2.8779,2.8824,2.8779,2.8824,35
2026-02-25 20:33:00,2.8769,2.8774,2.8734,2.8734,2.8819,2.8824,2.8784,2.8784,17
2026-02-25 20:34:00,2.8739,2.8739,2.8704,2.8704,2.8789,2.8789,2.8754,2.8754,18
2026-02-25 20:35:00,2.8714,2.8744,2.8704,2.8734,2.8764,2.8794,2.8754,2.8784,21
2026-02-25 20:36:00,2.8724,2.8734,2.8714,2.8724,2.8774,2.8784,2.8764,2.8774,15
2026-02-25 20:37:00,2.8729,2.8754,2.8724,2.8744,2.8779,2.8804,2.8774,2.8794,19
2026-02-25 20:38:00,2.8739,2.8739,2.8734,2.8734,2.8789,2.8789,2.8784,2.8784,2
2026-02-25 20:39:00,2.8724,2.8794,2.8724,2.8794,2.8774,2.8844,2.8774,2.8844,16
2026-02-25 20:40:00,2.8789,2.8804,2.8784,2.8804,2.8839,2.8854,2.8834,2.8854,13
2026-02-25 20:41:00,2.8809,2.8809,2.8784,2.8799,2.8859,2.8859,2.8834,2.8849,9
2026-02-25 20:42:00,2.8804,2.8804,2.8794,2.8804,2.8854,2.8854,2.8844,2.8854,9
2026-02-25 20:43:00,2.8794,2.8804,2.8794,2.8799,2.8844,2.8854,2.8844,2.8849,6
2026-02-25 20:44:00,2.8804,2.8804,2.8794,2.8804,2.8854,2.8854,2.8844,2.8854,6
2026-02-25 20:45:00,2.8799,2.8814,2.8799,2.8814,2.8849,2.8864,2.8849,2.8864,9
2026-02-25 20:46:00,2.8819,2.8854,2.8819,2.8849,2.8869,2.8904,2.8869,2.8899,17
2026-02-25 20:47:00,2.8854,2.8874,2.8849,2.8854,2.8904,2.8924,2.8899,2.8904,13
2026-02-25 20:48:00,2.8849,2.8854,2.8844,2.8849,2.8899,2.8904,2.8894,2.8899,5
2026-02-25 20:49:00,2.8844,2.8884,2.8844,2.8879,2.8894,2.8934,2.8894,2.8929,15
2026-02-25 20:50:00,2.8884,2.8884,2.8874,2.8884,2.8934,2.8934,2.8924,2.8934,5
2026-02-25 20:51:00,2.8879,2.8889,2.8854,2.8854,2.8929,2.8939,2.8904,2.8904,8
2026-02-25 20:52:00,2.8864,2.8874,2.8844,2.8874,2.8914,2.8924,2.8894,2.8924,11
2026-02-25 20:53:00,2.8869,2.8874,2.8844,2.8844,2.8919,2.8924,2.8894,2.8894,10
2026-02-25 20:54:00,2.8864,2.8874,2.8854,2.8864,2.8914,2.8924,2.8904,2.8914,11
2026-02-25 20:55:00,2.8859,2.8869,2.8854,2.8869,2.8909,2.8919,2.8904,2.8919,7
2026-02-25 20:56:00,2.8864,2.8864,2.8859,2.8859,2.8914,2.8914,2.8909,2.8909,2
2026-02-25 20:57:00,2.8849,2.8874,2.8849,2.8864,2.8899,2.8924,2.8899,2.8914,20
2026-02-25 20:58:00,2.8869,2.8874,2.8864,2.8864,2.8919,2.8924,2.8914,2.8914,6
2026-02-25 20:59:00,2.8874,2.8874,2.8844,2.8844,2.8924,2.8924,2.8894,2.8894,12
2026-02-25 21:00:00,2.8839,2.8844,2.8794,2.8799,2.8889,2.8894,2.8844,2.8849,21
2026-02-25 21:01:00,2.8809,2.8809,2.8794,2.8804,2.8859,2.8859,2.8844,2.8854,16
2026-02-25 21:02:00,2.8799,2.8804,2.8794,2.8799,2.8849,2.8854,2.8844,2.8849,12
2026-02-25 21:03:00,2.8804,2.8824,2.8804,2.8814,2.8854,2.8874,2.8854,2.8864,7
2026-02-25 21:04:00,2.8804,2.8844,2.8804,2.8844,2.8854,2.8894,2.8854,2.8894,18
2026-02-25 21:05:00,2.8849,2.8849,2.8834,2.8844,2.8899,2.8899,2.8884,2.8894,16
2026-02-25 21:06:00,2.8849,2.8859,2.8834,2.8854,2.8899,2.8909,2.8884,2.8904,24
2026-02-25 21:07:00,2.8844,2.8854,2.8844,2.8854,2.8894,2.8904,2.8894,2.8904,8
2026-02-25 21:08:00,2.8844,2.8844,2.8809,2.8809,2.8894,2.8894,2.8859,2.8859,10
2026-02-25 21:09:00,2.8799,2.8819,2.8799,2.8819,2.8849,2.8869,2.8849,2.8869,10
2026-02-25 21:10:00,2.8824,2.8844,2.8784,2.8804,2.8874,2.8894,2.8834,2.8854,24
2026-02-25 21:11:00,2.8794,2.8804,2.8794,2.8799,2.8844,2.8854,2.8844,2.8849,5
2026-02-25 21:13:00,2.8774,2.8804,2.8774,2.8784,2.8824,2.8854,2.8824,2.8834,31
2026-02-25 21:14:00,2.8779,2.8794,2.8774,2.8794,2.8829,2.8844,2.8824,2.8844,7
2026-02-25 21:15:00,2.8799,2.8844,2.8799,2.8844,2.8849,2.8894,2.8849,2.8894,10
2026-02-25 21:16:00,2.8854,2.8874,2.8854,2.8864,2.8904,2.8924,2.8904,2.8914,4
2026-02-25 21:17:00,2.8874,2.8874,2.8864,2.8864,2.8924,2.8924,2.8914,2.8914,15
2026-02-25 21:18:00,2.8874,2.8874,2.8874,2.8874,2.8924,2.8924,2.8924,2.8924,1
2026-02-25 21:19:00,2.8869,2.8904,2.8869,2.8904,2.8919,2.8954,2.8919,2.8954,10
2026-02-25 21:20:00,2.8894,2.8894,2.8864,2.8874,2.8944,2.8944,2.8914,2.8924,10
2026-02-25 21:21:00,2.8869,2.8869,2.8854,2.8854,2.8919,2.8919,2.8904,2.8904,9
2026-02-25 21:22:00,2.8849,2.8854,2.8844,2.8844,2.8899,2.8904,2.8894,2.8894,5
2026-02-25 21:23:00,2.8834,2.8854,2.8834,2.8854,2.8884,2.8904,2.8884,2.8904,10
2026-02-25 21:24:00,2.8849,2.8854,2.8844,2.8854,2.8899,2.8904,2.8894,2.8904,7
2026-02-25 21:25:00,2.8859,2.8859,2.8844,2.8844,2.8909,2.8909,2.8894,2.8894,4
2026-02-25 21:26:00,2.8854,2.8869,2.8844,2.8854,2.8904,2.8919,2.8894,2.8904,10
2026-02-25 21:27:00,2.8844,2.8884,2.8844,2.8864,2.8894,2.8934,2.8894,2.8914,12
2026-02-25 21:28:00,2.8854,2.8854,2.8854,2.8854,2.8904,2.8904,2.8904,2.8904,1
2026-02-25 21:29:00,2.8864,2.8869,2.8854,2.8864,2.8914,2.8919,2.8904,2.8914,9
2026-02-25 21:30:00,2.8854,2.8874,2.8854,2.8864,2.8904,2.8924,2.8904,2.8914,6
2026-02-25 21:31:00,2.8854,2.8864,2.8854,2.8854,2.8904,2.8914,2.8904,2.8904,3
2026-02-25 21:32:00,2.8844,2.8854,2.8844,2.8854,2.8894,2.8904,2.8894,2.8904,6
2026-02-25 21:33:00,2.8849,2.8864,2.8844,2.8854,2.8899,2.8914,2.8894,2.8904,11
2026-02-25 21:35:00,2.8864,2.8884,2.8864,2.8874,2.8914,2.8934,2.8914,2.8924,14
2026-02-25 21:37:00,2.8864,2.8864,2.8864,2.8864,2.8914,2.8914,2.8914,2.8914,1
2026-02-25 21:38:00,2.8859,2.8859,2.8844,2.8844,2.8909,2.8909,2.8894,2.8894,3
2026-02-25 21:39:00,2.8834,2.8854,2.8834,2.8854,2.8884,2.8904,2.8884,2.8904,3
2026-02-25 21:40:00,2.8864,2.8884,2.8864,2.8864,2.8914,2.8934,2.8914,2.8914,9
2026-02-25 21:41:00,2.8869,2.8869,2.8859,2.8864,2.8919,2.8919,2.8909,2.8914,4
2026-02-25 21:42:00,2.8859,2.8859,2.8844,2.8859,2.8909,2.8909,2.8894,2.8909,5
2026-02-25 21:43:00,2.8854,2.8854,2.8854,2.8854,2.8904,2.8904,2.8904,2.8904,1
2026-02-25 21:45:00,2.8849,2.8854,2.8844,2.8854,2.8899,2.8904,2.8894,2.8904,7
2026-02-25 21:46:00,2.8859,2.8859,2.8854,2.8854,2.8909,2.8909,2.8904,2.8904,6
2026-02-25 21:47:00,2.8859,2.8859,2.8854,2.8854,2.8909,2.8909,2.8904,2.8904,2
2026-02-25 21:48:00,2.8844,2.8859,2.8844,2.8854,2.8894,2.8909,2.8894,2.8904,9
2026-02-25 21:49:00,2.8859,2.8859,2.8854,2.8854,2.8909,2.8909,2.8904,2.8904,2
2026-02-25 21:51:00,2.8844,2.8859,2.8844,2.8854,2.8894,2.8909,2.8894,2.8904,4
2026-02-25 21:52:00,2.8859,2.8864,2.8859,2.8864,2.8909,2.8914,2.8909,2.8914,2
2026-02-25 21:54:00,2.8859,2.8874,2.8859,2.8864,2.8909,2.8924,2.8909,2.8914,7
2026-02-25 21:55:00,2.8854,2.8874,2.8849,2.8874,2.8904,2.8924,2.8899,2.8924,14
2026-02-25 21:56:00,2.8864,2.8874,2.8864,2.8874,2.8914,2.8924,2.8914,2.8924,4
2026-02-25 21:58:00,2.8869,2.8869,2.8864,2.8864,2.8919,2.8919,2.8914,2.8914,2
2026-02-25 21:59:00,2.8854,2.8864,2.8854,2.8864,2.8904,2.8914,2.8904,2.8914,4
2026-02-25 22:00:00,2.8859,2.8864,2.8854,2.8864,2.8909,2.8914,2.8904,2.8914,6
2026-02-25 22:02:00,2.8859,2.8874,2.8854,2.8859,2.8909,2.8924,2.8904,2.8909,5
2026-02-25 22:03:00,2.8864,2.8864,2.8854,2.8854,2.8914,2.8914,2.8904,2.8904,2
2026-02-25 22:04:00,2.8864,2.8864,2.8864,2.8864,2.8914,2.8914,2.8914,2.8914,1
2026-02-25 22:05:00,2.8859,2.8864,2.8859,2.8864,2.8909,2.8914,2.8909,2.8914,2
2026-02-25 22:06:00,2.8859,2.8859,2.8854,2.8854,2.8909,2.8909,2.8904,2.8904,2
2026-02-25 22:07:00,2.8864,2.8869,2.8859,2.8864,2.8914,2.8919,2.8909,2.8914,4
2026-02-25 22:08:00,2.8869,2.8904,2.8869,2.8894,2.8919,2.8954,2.8919,2.8944,8
2026-02-25 22:09:00,2.8904,2.8954,2.8904,2.8944,2.8954,2.9004,2.8954,2.8994,22
2026-02-25 22:10:00,2.8939,2.8954,2.8939,2.8949,2.8989,2.9004,2.8989,2.8999,11
2026-02-25 22:11:00,2.8944,2.8949,2.8939,2.8949,2.8994,2.8999,2.8989,2.8999,5
2026-02-25 22:12:00,2.8954,2.8964,2.8939,2.8939,2.9004,2.9014,2.8989,2.8989,17
2026-02-25 22:13:00,2.8924,2.8924,2.8894,2.8909,2.8974,2.8974,2.8944,2.8959,12
2026-02-25 22:14:00,2.8904,2.8919,2.8904,2.8909,2.8954,2.8969,2.8954,2.8959,5
2026-02-25 22:15:00,2.8914,2.8914,2.8914,2.8914,2.8964,2.8964,2.8964,2.8964,1
2026-02-25 22:16:00,2.8919,2.8924,2.8909,2.8909,2.8969,2.8974,2.8959,2.8959,6
2026-02-25 22:17:00,2.8919,2.8919,2.8919,2.8919,2.8969,2.8969,2.8969,2.8969,1
2026-02-25 22:18:00,2.8914,2.8914,2.8914,2.8914,2.8964,2.8964,2.8964,2.8964,1
2026-02-25 22:19:00,2.8909,2.8914,2.8909,2.8914,2.8959,2.8964,2.8959,2.8964,2
2026-02-25 22:20:00,2.8919,2.8919,2.8919,2.8919,2.8969,2.8969,2.8969,2.8969,1
2026-02-25 22:22:00,2.8924,2.8924,2.8924,2.8924,2.8974,2.8974,2.8974,2.8974,1
2026-02-25 22:23:00,2.8919,2.8919,2.8899,2.8899,2.8969,2.8969,2.8949,2.8949,4
2026-02-25 22:24:00,2.8904,2.8904,2.8894,2.8894,2.8954,2.8954,2.8944,2.8944,3
2026-02-25 22:25:00,2.8899,2.8899,2.8894,2.8894,2.8949,2.8949,2.8944,2.8944,2
2026-02-25 22:26:00,2.8889,2.8889,2.8889,2.8889,2.8939,2.8939,2.8939,2.8939,1
2026-02-25 22:27:00,2.8894,2.8894,2.8894,2.8894,2.8944,2.8944,2.8944,2.8944,1
2026-02-25 22:28:00,2.8884,2.8894,2.8884,2.8894,2.8934,2.8944,2.8934,2.8944,2
2026-02-25 22:29:00,2.8889,2.8904,2.8889,2.8894,2.8939,2.8954,2.8939,2.8944,5
2026-02-25 22:30:00,2.8884,2.8884,2.8874,2.8884,2.8934,2.8934,2.8924,2.8934,3
2026-02-25 22:31:00,2.8889,2.8894,2.8874,2.8874,2.8939,2.8944,2.8924,2.8924,4
2026-02-25 22:32:00,2.8879,2.8934,2.8879,2.8929,2.8929,2.8984,2.8929,2.8979,9
2026-02-25 22:33:00,2.8924,2.8924,2.8914,2.8914,2.8974,2.8974,2.8964,2.8964,2
2026-02-25 22:35:00,2.8904,2.8904,2.8904,2.8904,2.8954,2.8954,2.8954,2.8954,1
2026-02-25 22:36:00,2.8894,2.8894,2.8894,2.8894,2.8944,2.8944,2.8944,2.8944,1
2026-02-25 22:37:00,2.8904,2.8904,2.8864,2.8864,2.8954,2.8954,2.8914,2.8914,7
2026-02-25 22:38:00,2.8854,2.8889,2.8854,2.8884,2.8904,2.8939,2.8904,2.8934,8
2026-02-25 22:39:00,2.8894,2.8894,2.8894,2.8894,2.8944,2.8944,2.8944,2.8944,1
2026-02-25 22:40:00,2.8884,2.8899,2.8884,2.8899,2.8934,2.8949,2.8934,2.8949,3
2026-02-25 22:42:00,2.8904,2.8909,2.8899,2.8909,2.8954,2.8959,2.8949,2.8959,4
2026-02-25 22:43:00,2.8904,2.8904,2.8904,2.8904,2.8954,2.8954,2.8954,2.8954,1
2026-02-25 22:44:00,2.8909,2.8909,2.8904,2.8904,2.8959,2.8959,2.8954,2.8954,2
2026-02-25 22:45:00,2.8894,2.8899,2.8884,2.8894,2.8944,2.8949,2.8934,2.8944,10
2026-02-25 22:46:00,2.8879,2.8884,2.8874,2.8884,2.8929,2.8934,2.8924,2.8934,4
2026-02-25 22:47:00,2.8894,2.8894,2.8889,2.8889,2.8944,2.8944,2.8939,2.8939,2
2026-02-25 22:48:00,2.8894,2.8899,2.8894,2.8899,2.8944,2.8949,2.8944,2.8949,2
2026-02-25 22:49:00,2.8884,2.8884,2.8884,2.8884,2.8934,2.8934,2.8934,2.8934,1
2026-02-25 22:50:00,2.8874,2.8884,2.8874,2.8884,2.8924,2.8934,2.8924,2.8934,3
2026-02-25 22:53:00,2.8894,2.8909,2.8894,2.8904,2.8944,2.8959,2.8944,2.8954,6
2026-02-25 22:54:00,2.8894,2.8904,2.8894,2.8904,2.8944,2.8954,2.8944,2.8954,2
2026-02-25 22:55:00,2.8914,2.8934,2.8914,2.8934,2.8964,2.8984,2.8964,2.8984,7
2026-02-25 22:56:00,2.8944,2.8944,2.8939,2.8944,2.8994,2.8994,2.8989,2.8994,3
2026-02-25 22:57:00,2.8939,2.8939,2.8924,2.8929,2.8989,2.8989,2.8974,2.8979,4
2026-02-25 22:58:00,2.8924,2.8934,2.8894,2.8904,2.8974,2.8984,2.8944,2.8954,47
2026-02-25 22:59:00,2.8909,2.8925,2.8884,2.892,2.8959,2.8975,2.8934,2.897,27
2026-02-26 00:00:00,2.892,2.893,2.885,2.892,2.897,2.898,2.89,2.897,28
2026-02-26 00:01:00,2.8925,2.8925,2.8885,2.889,2.8975,2.8975,2.8935,2.894,14
2026-02-26 00:02:00,2.8885,2.8885,2.8875,2.8875,2.8935,2.8935,2.8925,2.8925,4
2026-02-26 00:03:00,2.887,2.887,2.8855,2.8855,2.892,2.892,2.8905,2.8905,7
2026-02-26 00:04:00,2.886,2.887,2.886,2.887,2.891,2.892,2.891,2.892,3
2026-02-26 00:07:00,2.8875,2.8875,2.8875,2.8875,2.8925,2.8925,2.8925,2.8925,1
2026-02-26 00:10:00,2.8865,2.8865,2.8845,2.8855,2.8915,2.8915,2.8895,2.8905,4
2026-02-26 00:11:00,2.885,2.885,2.8845,2.8845,2.89,2.89,2.8895,2.8895,2
2026-02-26 00:12:00,2.8865,2.8875,2.886,2.886,2.8915,2.8925,2.891,2.891,3
2026-02-26 00:13:00,2.8865,2.8875,2.8865,2.8875,2.8915,2.8925,2.8915,2.8925,2
2026-02-26 00:14:00,2.887,2.8875,2.887,2.8875,2.892,2.8925,2.892,2.8925,2
2026-02-26 00:15:00,2.8885,2.8885,2.888,2.888,2.8935,2.8935,2.893,2.893,2
2026-02-26 00:17:00,2.8885,2.889,2.8885,2.889,2.8935,2.894,2.8935,2.894,2
2026-02-26 00:18:00,2.89,2.89,2.8885,2.8885,2.895,2.895,2.8935,2.8935,5
2026-02-26 00:19:00,2.888,2.8895,2.888,2.8885,2.893,2.8945,2.893,2.8935,4
2026-02-26 00:20:00,2.889,2.889,2.889,2.889,2.894,2.894,2.894,2.894,1
2026-02-26 00:21:00,2.8885,2.8885,2.8885,2.8885,2.8935,2.8935,2.8935,2.8935,1
2026-02-26 00:22:00,2.888,2.888,2.887,2.887,2.893,2.893,2.892,2.892,4
2026-02-26 00:23:00,2.8875,2.8875,2.887,2.887,2.8925,2.8925,2.892,2.892,2
2026-02-26 00:24:00,2.8865,2.8865,2.8865,2.8865,2.8915,2.8915,2.8915,2.8915,1
2026-02-26 00:25:00,2.887,2.887,2.887,2.887,2.892,2.892,2.892,2.892,1
2026-02-26 00:27:00,2.888,2.888,2.888,2.888,2.893,2.893,2.893,2.893,1
2026-02-26 00:30:00,2.8875,2.8875,2.886,2.8865,2.8925,2.8925,2.891,2.8915,4
2026-02-26 00:31:00,2.887,2.887,2.887,2.887,2.892,2.892,2.892,2.892,1
2026-02-26 00:32:00,2.8865,2.8865,2.886,2.886,2.8915,2.8915,2.891,2.891,2
2026-02-26 00:33:00,2.887,2.887,2.887,2.887,2.892,2.892,2.892,2.892,1
2026-02-26 00:34:00,2.888,2.8885,2.8865,2.8865,2.893,2.8935,2.8915,2.8915,5
2026-02-26 00:36:00,2.8855,2.886,2.8855,2.886,2.8905,2.891,2.8905,2.891,2
2026-02-26 00:38:00,2.8845,2.8845,2.8845,2.8845,2.8895,2.8895,2.8895,2.8895,1
2026-02-26 00:39:00,2.885,2.885,2.885,2.885,2.89,2.89,2.89,2.89,1
2026-02-26 00:41:00,2.8855,2.8855,2.8845,2.8845,2.8905,2.8905,2.8895,2.8895,3
2026-02-26 00:43:00,2.885,2.885,2.8845,2.8845,2.89,2.89,2.8895,2.8895,2
2026-02-26 00:44:00,2.885,2.885,2.885,2.885,2.89,2.89,2.89,2.89,1
2026-02-26 00:45:00,2.8855,2.887,2.8855,2.887,2.8905,2.892,2.8905,2.892,2
2026-02-26 00:46:00,2.8875,2.8875,2.8865,2.887,2.8925,2.8925,2.8915,2.892,3
2026-02-26 00:47:00,2.8875,2.8875,2.8875,2.8875,2.8925,2.8925,2.8925,2.8925,1
2026-02-26 00:48:00,2.888,2.888,2.888,2.888,2.893,2.893,2.893,2.893,1
2026-02-26 00:49:00,2.887,2.887,2.887,2.887,2.892,2.892,2.892,2.892,1
2026-02-26 00:50:00,2.8865,2.8865,2.8865,2.8865,2.8915,2.8915,2.8915,2.8915,1
2026-02-26 00:51:00,2.887,2.887,2.887,2.887,2.892,2.892,2.892,2.892,1
2026-02-26 00:52:00,2.8865,2.8865,2.8865,2.8865,2.8915,2.8915,2.8915,2.8915,1
2026-02-26 00:53:00,2.8875,2.8875,2.887,2.887,2.8925,2.8925,2.892,2.892,2
2026-02-26 00:54:00,2.8875,2.8885,2.887,2.888,2.8925,2.8935,2.892,2.893,6
2026-02-26 00:55:00,2.887,2.887,2.887,2.887,2.892,2.892,2.892,2.892,1
2026-02-26 00:59:00,2.8875,2.8885,2.8875,2.8885,2.8925,2.8935,2.8925,2.8935,2
2026-02-26 01:00:00,2.889,2.8915,2.8865,2.887,2.894,2.8965,2.8915,2.892,21
2026-02-26 01:01:00,2.8865,2.887,2.8825,2.8825,2.8915,2.892,2.8875,2.8875,9
2026-02-26 01:02:00,2.8815,2.882,2.8805,2.882,2.8865,2.887,2.8855,2.887,6
2026-02-26 01:03:00,2.883,2.8875,2.883,2.8865,2.888,2.8925,2.888,2.8915,7
2026-02-26 01:04:00,2.886,2.8875,2.8845,2.8875,2.891,2.8925,2.8895,2.8925,6
2026-02-26 01:05:00,2.8865,2.887,2.8865,2.887,2.8915,2.892,2.8915,2.892,2
2026-02-26 01:09:00,2.8865,2.887,2.8865,2.887,2.8915,2.892,2.8915,2.892,2
2026-02-26 01:10:00,2.8865,2.887,2.8865,2.887,2.8915,2.892,2.8915,2.892,2
2026-02-26 01:11:00,2.8865,2.8865,2.886,2.886,2.8915,2.8915,2.891,2.891,2
2026-02-26 01:12:00,2.8865,2.8875,2.8865,2.887,2.8915,2.8925,2.8915,2.892,5
2026-02-26 01:13:00,2.8875,2.8895,2.8875,2.8895,2.8925,2.8945,2.8925,2.8945,8
2026-02-26 01:14:00,2.8885,2.8885,2.8875,2.888,2.8935,2.8935,2.8925,2.893,3
2026-02-26 01:15:00,2.8875,2.888,2.8875,2.888,2.8925,2.893,2.8925,2.893,2
2026-02-26 01:16:00,2.8875,2.8875,2.8845,2.886,2.8925,2.8925,2.8895,2.891,6
2026-02-26 01:17:00,2.8875,2.8875,2.886,2.8865,2.8925,2.8925,2.891,2.8915,5
2026-02-26 01:18:00,2.887,2.8885,2.887,2.8885,2.892,2.8935,2.892,2.8935,3
2026-02-26 01:19:00,2.888,2.888,2.888,2.888,2.893,2.893,2.893,2.893,1
2026-02-26 01:20:00,2.889,2.889,2.889,2.889,2.894,2.894,2.894,2.894,1
2026-02-26 01:22:00,2.8885,2.8895,2.8885,2.889,2.8935,2.8945,2.8935,2.894,3
2026-02-26 01:23:00,2.8885,2.889,2.8875,2.889,2.8935,2.894,2.8925,2.894,4
2026-02-26 01:24:00,2.8885,2.8885,2.888,2.888,2.8935,2.8935,2.893,2.893,2
2026-02-26 01:25:00,2.889,2.889,2.889,2.889,2.894,2.894,2.894,2.894,1
2026-02-26 01:26:00,2.8885,2.8885,2.8885,2.8885,2.8935,2.8935,2.8935,2.8935,1
2026-02-26 01:27:00,2.889,2.889,2.889,2.889,2.894,2.894,2.894,2.894,1
2026-02-26 01:29:00,2.8895,2.8895,2.887,2.887,2.8945,2.8945,2.892,2.892,4
2026-02-26 01:30:00,2.8865,2.8875,2.8865,2.8865,2.8915,2.8925,2.8915,2.8915,8
2026-02-26 01:31:00,2.886,2.887,2.886,2.887,2.891,2.892,2.891,2.892,4
2026-02-26 01:41:00,2.8865,2.8865,2.8825,2.883,2.8915,2.8915,2.8875,2.888,18
2026-02-26 01:42:00,2.8825,2.883,2.8825,2.883,2.8875,2.888,2.8875,2.888,2
2026-02-26 01:43:00,2.8845,2.8845,2.8845,2.8845,2.8895,2.8895,2.8895,2.8895,1
2026-02-26 01:44:00,2.885,2.885,2.885,2.885,2.89,2.89,2.89,2.89,1
2026-02-26 01:45:00,2.8855,2.886,2.8855,2.886,2.8905,2.891,2.8905,2.891,2
2026-02-26 01:47:00,2.8845,2.887,2.884,2.887,2.8895,2.892,2.889,2.892,9
2026-02-26 01:51:00,2.8875,2.8885,2.8875,2.8885,2.8925,2.8935,2.8925,2.8935,2
2026-02-26 01:52:00,2.888,2.888,2.888,2.888,2.893,2.893,2.893,2.893,1
2026-02-26 01:53:00,2.889,2.889,2.889,2.889,2.894,2.894,2.894,2.894,1
2026-02-26 01:57:00,2.8905,2.8905,2.8895,2.89,2.8955,2.8955,2.8945,2.895,7
2026-02-26 01:59:00,2.8895,2.8915,2.888,2.888,2.8945,2.8965,2.893,2.893,7
2026-02-26 02:00:00,2.886,2.886,2.8845,2.885,2.891,2.891,2.8895,2.89,4
2026-02-26 02:01:00,2.8855,2.8865,2.8785,2.8815,2.8905,2.8915,2.8835,2.8865,17
2026-02-26 02:02:00,2.882,2.8835,2.882,2.8835,2.887,2.8885,2.887,2.8885,3
2026-02-26 02:03:00,2.883,2.8835,2.8825,2.8825,2.888,2.8885,2.8875,2.8875,3
2026-02-26 02:04:00,2.882,2.882,2.8815,2.8815,2.887,2.887,2.8865,2.8865,2
2026-02-26 02:05:00,2.881,2.8815,2.881,2.881,2.886,2.8865,2.886,2.886,3
2026-02-26 02:07:00,2.8825,2.8825,2.8815,2.882,2.8875,2.8875,2.8865,2.887,4
2026-02-26 02:08:00,2.8815,2.8815,2.881,2.881,2.8865,2.8865,2.886,2.886,2
2026-02-26 02:09:00,2.8815,2.8815,2.881,2.881,2.8865,2.8865,2.886,2.886,2
2026-02-26 02:10:00,2.8815,2.8815,2.88,2.88,2.8865,2.8865,2.885,2.885,7
2026-02-26 02:11:00,2.879,2.8795,2.8785,2.8795,2.884,2.8845,2.8835,2.8845,5
2026-02-26 02:12:00,2.879,2.8795,2.879,2.879,2.884,2.8845,2.884,2.884,3
2026-02-26 02:13:00,2.8795,2.8805,2.8795,2.8805,2.8845,2.8855,2.8845,2.8855,3
2026-02-26 02:14:00,2.881,2.8815,2.879,2.879,2.886,2.8865,2.884,2.884,7
2026-02-26 02:15:00,2.8785,2.879,2.8785,2.879,2.8835,2.884,2.8835,2.884,2
2026-02-26 02:16:00,2.8795,2.8795,2.879,2.879,2.8845,2.8845,2.884,2.884,2
2026-02-26 02:17:00,2.8795,2.8795,2.8795,2.8795,2.8845,2.8845,2.8845,2.8845,1
2026-02-26 02:18:00,2.879,2.879,2.879,2.879,2.884,2.884,2.884,2.884,1
2026-02-26 02:21:00,2.8785,2.8785,2.8775,2.878,2.8835,2.8835,2.8825,2.883,4
2026-02-26 02:22:00,2.8765,2.8775,2.874,2.874,2.8815,2.8825,2.879,2.879,14
2026-02-26 02:23:00,2.8745,2.877,2.8745,2.877,2.8795,2.882,2.8795,2.882,4
2026-02-26 02:24:00,2.8775,2.8775,2.875,2.875,2.8825,2.8825,2.88,2.88,3
2026-02-26 02:26:00,2.876,2.876,2.876,2.876,2.881,2.881,2.881,2.881,1
2026-02-26 02:34:00,2.877,2.878,2.877,2.878,2.882,2.883,2.882,2.883,2
2026-02-26 02:37:00,2.8775,2.878,2.8775,2.878,2.8825,2.883,2.8825,2.883,2
2026-02-26 02:39:00,2.8765,2.8765,2.876,2.876,2.8815,2.8815,2.881,2.881,2
2026-02-26 02:40:00,2.8765,2.8775,2.876,2.876,2.8815,2.8825,2.881,2.881,4
2026-02-26 02:41:00,2.8765,2.8765,2.876,2.876,2.8815,2.8815,2.881,2.881,2
2026-02-26 02:45:00,2.8765,2.8775,2.8755,2.8755,2.8815,2.8825,2.8805,2.8805,4
2026-02-26 02:46:00,2.875,2.875,2.875,2.875,2.88,2.88,2.88,2.88,1
2026-02-26 02:47:00,2.8745,2.875,2.8745,2.875,2.8795,2.88,2.8795,2.88,2
2026-02-26 02:48:00,2.8755,2.876,2.8735,2.8735,2.8805,2.881,2.8785,2.8785,7
2026-02-26 02:50:00,2.873,2.873,2.873,2.873,2.878,2.878,2.878,2.878,1
2026-02-26 02:51:00,2.8725,2.8725,2.8725,2.8725,2.8775,2.8775,2.8775,2.8775,1
2026-02-26 02:52:00,2.8735,2.8735,2.8725,2.873,2.8785,2.8785,2.8775,2.878,5
2026-02-26 02:55:00,2.8745,2.8745,2.873,2.873,2.8795,2.8795,2.878,2.878,2
2026-02-26 02:56:00,2.874,2.876,2.874,2.876,2.879,2.881,2.879,2.881,2
2026-02-26 02:57:00,2.8755,2.8755,2.874,2.874,2.8805,2.8805,2.879,2.879,4
2026-02-26 02:58:00,2.8745,2.8745,2.8735,2.8745,2.8795,2.8795,2.8785,2.8795,4
2026-02-26 02:59:00,2.875,2.875,2.875,2.875,2.88,2.88,2.88,2.88,1
2026-02-26 03:01:00,2.8745,2.8745,2.874,2.874,2.8795,2.8795,2.879,2.879,2
2026-02-26 03:03:00,2.8745,2.8745,2.872,2.872,2.8795,2.8795,2.877,2.877,5
2026-02-26 03:04:00,2.8715,2.8715,2.8675,2.87,2.8765,2.8765,2.8725,2.875,10
2026-02-26 03:05:00,2.8695,2.8695,2.8675,2.868,2.8745,2.8745,2.8725,2.873,7
2026-02-26 03:06:00,2.8675,2.8685,2.8665,2.8665,2.8725,2.8735,2.8715,2.8715,6
2026-02-26 03:07:00,2.867,2.868,2.867,2.868,2.872,2.873,2.872,2.873,3
2026-02-26 03:08:00,2.867,2.8675,2.8665,2.8675,2.872,2.8725,2.8715,2.8725,5
2026-02-26 03:09:00,2.867,2.8685,2.867,2.8685,2.872,2.8735,2.872,2.8735,3
2026-02-26 03:10:00,2.8675,2.8675,2.8675,2.8675,2.8725,2.8725,2.8725,2.8725,1
2026-02-26 03:11:00,2.868,2.868,2.867,2.867,2.873,2.873,2.872,2.872,3
2026-02-26 03:12:00,2.8665,2.8665,2.866,2.866,2.8715,2.8715,2.871,2.871,2
2026-02-26 03:13:00,2.8665,2.867,2.8665,2.867,2.8715,2.872,2.8715,2.872,2
2026-02-26 03:14:00,2.8675,2.8675,2.867,2.867,2.8725,2.8725,2.872,2.872,2
2026-02-26 03:15:00,2.8675,2.8675,2.866,2.866,2.8725,2.8725,2.871,2.871,3
2026-02-26 03:16:00,2.8665,2.867,2.8665,2.867,2.8715,2.872,2.8715,2.872,2
2026-02-26 03:18:00,2.8675,2.8685,2.864,2.864,2.8725,2.8735,2.869,2.869,7
2026-02-26 03:19:00,2.8635,2.864,2.8635,2.864,2.8685,2.869,2.8685,2.869,2
2026-02-26 03:20:00,2.8645,2.8645,2.863,2.8635,2.8695,2.8695,2.868,2.8685,5
2026-02-26 03:21:00,2.863,2.863,2.863,2.863,2.868,2.868,2.868,2.868,1
2026-02-26 03:22:00,2.8645,2.8645,2.864,2.864,2.8695,2.8695,2.869,2.869,2
2026-02-26 03:23:00,2.8645,2.8645,2.8605,2.861,2.8695,2.8695,2.8655,2.866,7
2026-02-26 03:24:00,2.8605,2.8615,2.8595,2.8605,2.8655,2.8665,2.8645,2.8655,7
2026-02-26 03:25:00,2.861,2.861,2.8605,2.8605,2.866,2.866,2.8655,2.8655,2
2026-02-26 03:26:00,2.861,2.8625,2.8605,2.8625,2.866,2.8675,2.8655,2.8675,6
2026-02-26 03:27:00,2.863,2.863,2.8615,2.862,2.868,2.868,2.8665,2.867,7
2026-02-26 03:28:00,2.8625,2.8625,2.8625,2.8625,2.8675,2.8675,2.8675,2.8675,1
2026-02-26 03:29:00,2.863,2.863,2.8605,2.861,2.868,2.868,2.8655,2.866,7
2026-02-26 03:30:00,2.8615,2.8615,2.861,2.861,2.8665,2.8665,2.866,2.866,2
2026-02-26 03:31:00,2.8615,2.862,2.8615,2.862,2.8665,2.867,2.8665,2.867,2
2026-02-26 03:35:00,2.8615,2.8615,2.861,2.8615,2.8665,2.8665,2.866,2.8665,3
2026-02-26 03:36:00,2.861,2.863,2.86,2.8615,2.866,2.868,2.865,2.8665,10
2026-02-26 03:37:00,2.862,2.8625,2.862,2.8625,2.867,2.8675,2.867,2.8675,2
2026-02-26 03:38:00,2.862,2.8645,2.862,2.8645,2.867,2.8695,2.867,2.8695,7
2026-02-26 03:39:00,2.8635,2.8645,2.8635,2.8645,2.8685,2.8695,2.8685,2.8695,3
2026-02-26 03:40:00,2.8655,2.8655,2.8635,2.864,2.8705,2.8705,2.8685,2.869,6
2026-02-26 03:41:00,2.8635,2.8645,2.862,2.8625,2.8685,2.8695,2.867,2.8675,9
2026-02-26 03:42:00,2.8615,2.862,2.8615,2.862,2.8665,2.867,2.8665,2.867,2
2026-02-26 03:45:00,2.8625,2.8635,2.862,2.8625,2.8675,2.8685,2.867,2.8675,5
2026-02-26 03:46:00,2.8635,2.8635,2.862,2.863,2.8685,2.8685,2.867,2.868,5
2026-02-26 03:51:00,2.8625,2.8625,2.862,2.862,2.8675,2.8675,2.867,2.867,2
2026-02-26 03:52:00,2.8625,2.8635,2.862,2.8635,2.8675,2.8685,2.867,2.8685,8
2026-02-26 03:53:00,2.863,2.863,2.863,2.863,2.868,2.868,2.868,2.868,1
2026-02-26 03:54:00,2.862,2.863,2.862,2.863,2.867,2.868,2.867,2.868,3
2026-02-26 03:56:00,2.8635,2.8665,2.8635,2.8665,2.8685,2.8715,2.8685,2.8715,5
2026-02-26 03:57:00,2.866,2.8665,2.866,2.8665,2.871,2.8715,2.871,2.8715,4
2026-02-26 03:58:00,2.8675,2.8695,2.8665,2.8695,2.8725,2.8745,2.8715,2.8745,16
2026-02-26 03:59:00,2.869,2.8695,2.868,2.868,2.874,2.8745,2.873,2.873,5
2026-02-26 04:01:00,2.867,2.8675,2.867,2.867,2.872,2.8725,2.872,2.872,5
2026-02-26 04:03:00,2.866,2.8665,2.866,2.8665,2.871,2.8715,2.871,2.8715,4
2026-02-26 04:04:00,2.866,2.866,2.866,2.866,2.871,2.871,2.871,2.871,1
2026-02-26 04:05:00,2.8665,2.8675,2.8655,2.867,2.8715,2.8725,2.8705,2.872,7
2026-02-26 04:07:00,2.8675,2.8675,2.8675,2.8675,2.8725,2.8725,2.8725,2.8725,1
2026-02-26 04:08:00,2.867,2.867,2.864,2.8645,2.872,2.872,2.869,2.8695,10
2026-02-26 04:09:00,2.8635,2.8645,2.8625,2.8625,2.8685,2.8695,2.8675,2.8675,5
2026-02-26 04:10:00,2.863,2.863,2.8625,2.8625,2.868,2.868,2.8675,2.8675,2
2026-02-26 04:11:00,2.8615,2.8615,2.8605,2.861,2.8665,2.8665,2.8655,2.866,4
2026-02-26 04:12:00,2.8615,2.8615,2.861,2.861,2.8665,2.8665,2.866,2.866,2
2026-02-26 04:14:00,2.8615,2.8615,2.861,2.861,2.8665,2.8665,2.866,2.866,2
2026-02-26 04:15:00,2.8615,2.8625,2.861,2.8615,2.8665,2.8675,2.866,2.8665,5
2026-02-26 04:19:00,2.862,2.862,2.862,2.862,2.867,2.867,2.867,2.867,1
2026-02-26 04:21:00,2.8625,2.863,2.862,2.863,2.8675,2.868,2.867,2.868,4
2026-02-26 04:23:00,2.864,2.8645,2.8625,2.8625,2.869,2.8695,2.8675,2.8675,5
2026-02-26 04:24:00,2.8615,2.8615,2.8615,2.8615,2.8665,2.8665,2.8665,2.8665,1
2026-02-26 04:25:00,2.862,2.862,2.862,2.862,2.867,2.867,2.867,2.867,1
2026-02-26 04:27:00,2.8625,2.8635,2.8625,2.8635,2.8675,2.8685,2.8675,2.8685,2
2026-02-26 04:28:00,2.864,2.864,2.864,2.864,2.869,2.869,2.869,2.869,1
2026-02-26 04:29:00,2.8645,2.8645,2.864,2.864,2.8695,2.8695,2.869,2.869,2
2026-02-26 04:30:00,2.8635,2.866,2.8635,2.866,2.8685,2.871,2.8685,2.871,13
2026-02-26 04:31:00,2.8665,2.8695,2.866,2.869,2.8715,2.8745,2.871,2.874,14
2026-02-26 04:32:00,2.8695,2.8695,2.869,2.8695,2.8745,2.8745,2.874,2.8745,7
2026-02-26 04:33:00,2.8685,2.8685,2.868,2.8685,2.8735,2.8735,2.873,2.8735,3
2026-02-26 04:34:00,2.868,2.8685,2.867,2.8675,2.873,2.8735,2.872,2.8725,6
2026-02-26 04:36:00,2.868,2.8685,2.868,2.8685,2.873,2.8735,2.873,2.8735,2
2026-02-26 04:37:00,2.8695,2.8695,2.8685,2.8685,2.8745,2.8745,2.8735,2.8735,3
2026-02-26 04:38:00,2.8695,2.87,2.8695,2.87,2.8745,2.875,2.8745,2.875,4
2026-02-26 04:39:00,2.8695,2.8695,2.869,2.8695,2.8745,2.8745,2.874,2.8745,3
2026-02-26 04:41:00,2.869,2.8695,2.8685,2.8695,2.874,2.8745,2.8735,2.8745,9
2026-02-26 04:42:00,2.869,2.8695,2.8675,2.869,2.874,2.8745,2.8725,2.874,8
2026-02-26 04:44:00,2.8685,2.8685,2.8685,2.8685,2.8735,2.8735,2.8735,2.8735,1
2026-02-26 04:45:00,2.869,2.869,2.869,2.869,2.874,2.874,2.874,2.874,1
2026-02-26 04:46:00,2.8695,2.8705,2.8695,2.8705,2.8745,2.8755,2.8745,2.8755,5
2026-02-26 04:47:00,2.8715,2.8735,2.871,2.8735,2.8765,2.8785,2.876,2.8785,11
2026-02-26 04:48:00,2.873,2.8745,2.873,2.8735,2.878,2.8795,2.878,2.8785,6
2026-02-26 04:49:00,2.873,2.873,2.871,2.8715,2.878,2.878,2.876,2.8765,9
2026-02-26 04:50:00,2.872,2.8725,2.872,2.8725,2.877,2.8775,2.877,2.8775,2
2026-02-26 04:51:00,2.872,2.872,2.8715,2.8715,2.877,2.877,2.8765,2.8765,2
2026-02-26 04:53:00,2.871,2.8715,2.871,2.8715,2.876,2.8765,2.876,2.8765,2
2026-02-26 04:54:00,2.871,2.8715,2.871,2.8715,2.876,2.8765,2.876,2.8765,2
2026-02-26 04:55:00,2.871,2.871,2.87,2.8705,2.876,2.876,2.875,2.8755,5
2026-02-26 04:56:00,2.87,2.8705,2.87,2.8705,2.875,2.8755,2.875,2.8755,2
2026-02-26 04:57:00,2.87,2.87,2.8685,2.8685,2.875,2.875,2.8735,2.8735,3
2026-02-26 05:00:00,2.8695,2.872,2.869,2.8695,2.8745,2.877,2.874,2.8745,7
2026-02-26 05:01:00,2.8685,2.8685,2.867,2.867,2.8735,2.8735,2.872,2.872,5
2026-02-26 05:02:00,2.8655,2.8655,2.8645,2.865,2.8705,2.8705,2.8695,2.87,3
2026-02-26 05:03:00,2.8655,2.8655,2.8655,2.8655,2.8705,2.8705,2.8705,2.8705,1
2026-02-26 05:04:00,2.8665,2.8665,2.8665,2.8665,2.8715,2.8715,2.8715,2.8715,1
2026-02-26 05:05:00,2.866,2.8675,2.8645,2.8675,2.871,2.8725,2.8695,2.8725,8
2026-02-26 05:06:00,2.8665,2.867,2.8665,2.867,2.8715,2.872,2.8715,2.872,2
2026-02-26 05:07:00,2.8675,2.8675,2.8665,2.8675,2.8725,2.8725,2.8715,2.8725,11
2026-02-26 05:08:00,2.867,2.867,2.867,2.867,2.872,2.872,2.872,2.872,1
2026-02-26 05:09:00,2.866,2.8665,2.866,2.8665,2.871,2.8715,2.871,2.8715,2
2026-02-26 05:11:00,2.866,2.866,2.866,2.866,2.871,2.871,2.871,2.871,1
2026-02-26 05:12:00,2.8665,2.8665,2.866,2.8665,2.8715,2.8715,2.871,2.8715,3
2026-02-26 05:13:00,2.867,2.8675,2.867,2.8675,2.872,2.8725,2.872,2.8725,2
2026-02-26 05:15:00,2.8685,2.8685,2.867,2.8675,2.8735,2.8735,2.872,2.8725,4
2026-02-26 05:16:00,2.866,2.8665,2.8655,2.8665,2.871,2.8715,2.8705,2.8715,3
2026-02-26 05:18:00,2.867,2.8675,2.867,2.8675,2.872,2.8725,2.872,2.8725,4
2026-02-26 05:19:00,2.867,2.867,2.865,2.865,2.872,2.872,2.87,2.87,6
2026-02-26 05:20:00,2.8645,2.8645,2.8635,2.8635,2.8695,2.8695,2.8685,2.8685,2
2026-02-26 05:21:00,2.864,2.8645,2.863,2.8635,2.869,2.8695,2.868,2.8685,9
2026-02-26 05:22:00,2.863,2.8635,2.863,2.8635,2.868,2.8685,2.868,2.8685,2
2026-02-26 05:23:00,2.865,2.8655,2.864,2.8645,2.87,2.8705,2.869,2.8695,8
2026-02-26 05:25:00,2.865,2.866,2.8645,2.8645,2.87,2.871,2.8695,2.8695,4
2026-02-26 05:27:00,2.864,2.864,2.8615,2.8625,2.869,2.869,2.8665,2.8675,5
2026-02-26 05:28:00,2.8615,2.8625,2.8615,2.862,2.8665,2.8675,2.8665,2.867,3
2026-02-26 05:29:00,2.8625,2.8625,2.862,2.862,2.8675,2.8675,2.867,2.867,2
2026-02-26 05:30:00,2.8625,2.8625,2.862,2.862,2.8675,2.8675,2.867,2.867,2
2026-02-26 05:32:00,2.8615,2.8615,2.8615,2.8615,2.8665,2.8665,2.8665,2.8665,1
2026-02-26 05:36:00,2.8605,2.8615,2.8605,2.8615,2.8655,2.8665,2.8655,2.8665,2
2026-02-26 05:37:00,2.861,2.861,2.8595,2.86,2.866,2.866,2.8645,2.865,8
2026-02-26 05:38:00,2.8605,2.8605,2.86,2.86,2.8655,2.8655,2.865,2.865,2
2026-02-26 05:39:00,2.8595,2.8605,2.8595,2.86,2.8645,2.8655,2.8645,2.865,4
2026-02-26 05:40:00,2.8595,2.8605,2.859,2.8605,2.8645,2.8655,2.864,2.8655,8
2026-02-26 05:41:00,2.86,2.8605,2.86,2.8605,2.865,2.8655,2.865,2.8655,2
2026-02-26 05:42:00,2.8615,2.8615,2.86,2.8605,2.8665,2.8665,2.865,2.8655,4
2026-02-26 05:43:00,2.8595,2.8595,2.8585,2.859,2.8645,2.8645,2.8635,2.864,4
2026-02-26 05:44:00,2.8595,2.8595,2.8595,2.8595,2.8645,2.8645,2.8645,2.8645,1
2026-02-26 05:48:00,2.8605,2.8605,2.8595,2.8595,2.8655,2.8655,2.8645,2.8645,2
2026-02-26 05:49:00,2.8605,2.8605,2.86,2.86,2.8655,2.8655,2.865,2.865,2
2026-02-26 05:51:00,2.859,2.859,2.859,2.859,2.864,2.864,2.864,2.864,1
2026-02-26 05:52:00,2.8595,2.8595,2.8595,2.8595,2.8645,2.8645,2.8645,2.8645,1
2026-02-26 05:53:00,2.859,2.859,2.859,2.859,2.864,2.864,2.864,2.864,1
2026-02-26 05:54:00,2.8595,2.8595,2.8585,2.8585,2.8645,2.8645,2.8635,2.8635,3
2026-02-26 05:55:00,2.858,2.8585,2.8565,2.8585,2.863,2.8635,2.8615,2.8635,7
2026-02-26 05:56:00,2.858,2.8585,2.858,2.858,2.863,2.8635,2.863,2.863,3
2026-02-26 05:58:00,2.8585,2.8585,2.8585,2.8585,2.8635,2.8635,2.8635,2.8635,1
2026-02-26 05:59:00,2.8575,2.8585,2.8575,2.8585,2.8625,2.8635,2.8625,2.8635,6
2026-02-26 06:00:00,2.8575,2.858,2.8575,2.858,2.8625,2.863,2.8625,2.863,4
2026-02-26 06:01:00,2.8575,2.858,2.8575,2.858,2.8625,2.863,2.8625,2.863,2
2026-02-26 06:02:00,2.8575,2.8595,2.8575,2.8595,2.8625,2.8645,2.8625,2.8645,5
2026-02-26 06:04:00,2.8605,2.8605,2.8595,2.8595,2.8655,2.8655,2.8645,2.8645,2
2026-02-26 06:05:00,2.861,2.8635,2.861,2.8635,2.866,2.8685,2.866,2.8685,8
2026-02-26 06:06:00,2.864,2.864,2.8635,2.8635,2.869,2.869,2.8685,2.8685,2
2026-02-26 06:07:00,2.862,2.862,2.8605,2.8615,2.867,2.867,2.8655,2.8665,3
2026-02-26 06:08:00,2.861,2.8615,2.861,2.8615,2.866,2.8665,2.866,2.8665,4
2026-02-26 06:10:00,2.8625,2.8625,2.8605,2.8625,2.8675,2.8675,2.8655,2.8675,9
2026-02-26 06:11:00,2.8635,2.8645,2.8635,2.8645,2.8685,2.8695,2.8685,2.8695,11
2026-02-26 06:15:00,2.8655,2.8655,2.8635,2.864,2.8705,2.8705,2.8685,2.869,9
2026-02-26 06:16:00,2.862,2.8635,2.861,2.8625,2.867,2.8685,2.866,2.8675,11
2026-02-26 06:17:00,2.862,2.862,2.8615,2.8615,2.867,2.867,2.8665,2.8665,2
2026-02-26 06:18:00,2.861,2.861,2.86,2.86,2.866,2.866,2.865,2.865,2
2026-02-26 06:19:00,2.8605,2.8615,2.8605,2.8615,2.8655,2.8665,2.8655,2.8665,2
2026-02-26 06:20:00,2.861,2.861,2.86,2.86,2.866,2.866,2.865,2.865,3
2026-02-26 06:22:00,2.859,2.859,2.8575,2.858,2.864,2.864,2.8625,2.863,4
2026-02-26 06:23:00,2.8575,2.8575,2.8525,2.854,2.8625,2.8625,2.8575,2.859,15
2026-02-26 06:24:00,2.8535,2.8535,2.8525,2.8525,2.8585,2.8585,2.8575,2.8575,7
2026-02-26 06:25:00,2.8535,2.8535,2.8525,2.8525,2.8585,2.8585,2.8575,2.8575,2
2026-02-26 06:26:00,2.852,2.8525,2.8515,2.852,2.857,2.8575,2.8565,2.857,7
2026-02-26 06:27:00,2.8515,2.8525,2.8515,2.8525,2.8565,2.8575,2.8565,2.8575,4
2026-02-26 06:28:00,2.8535,2.8535,2.853,2.853,2.8585,2.8585,2.858,2.858,2
2026-02-26 06:29:00,2.8525,2.8525,2.852,2.852,2.8575,2.8575,2.857,2.857,2
2026-02-26 06:30:00,2.8525,2.8535,2.8515,2.8535,2.8575,2.8585,2.8565,2.8585,5
2026-02-26 06:31:00,2.8525,2.8525,2.8515,2.8515,2.8575,2.8575,2.8565,2.8565,7
2026-02-26 06:32:00,2.852,2.852,2.8515,2.8515,2.857,2.857,2.8565,2.8565,2
2026-02-26 06:33:00,2.8505,2.851,2.8435,2.8445,2.8555,2.856,2.8485,2.8495,26
2026-02-26 06:34:00,2.8435,2.8445,2.8415,2.8415,2.8485,2.8495,2.8465,2.8465,11
2026-02-26 06:35:00,2.842,2.8445,2.8415,2.8445,2.847,2.8495,2.8465,2.8495,9
2026-02-26 06:36:00,2.8435,2.8435,2.8415,2.8415,2.8485,2.8485,2.8465,2.8465,11
2026-02-26 06:37:00,2.8425,2.8435,2.8425,2.843,2.8475,2.8485,2.8475,2.848,7
2026-02-26 06:38:00,2.8435,2.8435,2.8395,2.8395,2.8485,2.8485,2.8445,2.8445,8
2026-02-26 06:39:00,2.839,2.8405,2.8375,2.839,2.844,2.8455,2.8425,2.844,13
2026-02-26 06:40:00,2.8395,2.8405,2.8395,2.8395,2.8445,2.8455,2.8445,2.8445,4
2026-02-26 06:41:00,2.839,2.843,2.835,2.8425,2.844,2.848,2.84,2.8475,18
2026-02-26 06:42:00,2.843,2.8455,2.8425,2.8435,2.848,2.8505,2.8475,2.8485,16
2026-02-26 06:43:00,2.8445,2.8495,2.8445,2.8485,2.8495,2.8545,2.8495,2.8535,10
2026-02-26 06:44:00,2.8475,2.848,2.8455,2.848,2.8525,2.853,2.8505,2.853,11
2026-02-26 06:45:00,2.8465,2.8475,2.8465,2.8475,2.8515,2.8525,2.8515,2.8525,4
2026-02-26 06:46:00,2.847,2.847,2.8435,2.8455,2.852,2.852,2.8485,2.8505,9
2026-02-26 06:47:00,2.845,2.8475,2.845,2.8465,2.85,2.8525,2.85,2.8515,7
2026-02-26 06:48:00,2.846,2.8465,2.845,2.846,2.851,2.8515,2.85,2.851,10
2026-02-26 06:49:00,2.8455,2.8455,2.8455,2.8455,2.8505,2.8505,2.8505,2.8505,1
2026-02-26 06:50:00,2.846,2.847,2.842,2.8425,2.851,2.852,2.847,2.8475,21
2026-02-26 06:51:00,2.843,2.8455,2.843,2.8435,2.848,2.8505,2.848,2.8485,10
2026-02-26 06:52:00,2.844,2.847,2.839,2.8405,2.849,2.852,2.844,2.8455,32
2026-02-26 06:53:00,2.8415,2.842,2.8405,2.8415,2.8465,2.847,2.8455,2.8465,10
2026-02-26 06:54:00,2.841,2.8415,2.8375,2.838,2.846,2.8465,2.8425,2.843,16
2026-02-26 06:55:00,2.8385,2.8385,2.8365,2.837,2.8435,2.8435,2.8415,2.842,10
2026-02-26 06:56:00,2.8365,2.837,2.8355,2.8355,2.8415,2.842,2.8405,2.8405,19
2026-02-26 06:57:00,2.836,2.8365,2.8325,2.8335,2.841,2.8415,2.8375,2.8385,13
2026-02-26 06:58:00,2.833,2.8345,2.8315,2.8325,2.838,2.8395,2.8365,2.8375,10
2026-02-26 06:59:00,2.8315,2.8335,2.8315,2.8335,2.8365,2.8385,2.8365,2.8385,7
2026-02-26 07:00:00,2.833,2.833,2.8285,2.831,2.838,2.838,2.8335,2.836,29
2026-02-26 07:01:00,2.8315,2.8315,2.829,2.831,2.8365,2.8365,2.834,2.836,15
2026-02-26 07:02:00,2.8305,2.836,2.8305,2.836,2.8355,2.841,2.8355,2.841,8
2026-02-26 07:03:00,2.8365,2.8365,2.834,2.835,2.8415,2.8415,2.839,2.84,10
2026-02-26 07:04:00,2.8355,2.8385,2.8355,2.8385,2.8405,2.8435,2.8405,2.8435,17
2026-02-26 07:05:00,2.838,2.8395,2.8365,2.838,2.843,2.8445,2.8415,2.843,20
2026-02-26 07:06:00,2.8375,2.8375,2.8365,2.8365,2.8425,2.8425,2.8415,2.8415,5
2026-02-26 07:07:00,2.837,2.837,2.834,2.834,2.842,2.842,2.839,2.839,10
2026-02-26 07:08:00,2.835,2.8355,2.8335,2.835,2.84,2.8405,2.8385,2.84,10
2026-02-26 07:09:00,2.8355,2.838,2.8355,2.838,2.8405,2.843,2.8405,2.843,6
2026-02-26 07:10:00,2.837,2.8375,2.8335,2.8345,2.842,2.8425,2.8385,2.8395,11
2026-02-26 07:11:00,2.835,2.835,2.833,2.8345,2.84,2.84,2.838,2.8395,6
2026-02-26 07:12:00,2.8355,2.8365,2.8335,2.8355,2.8405,2.8415,2.8385,2.8405,8
2026-02-26 07:13:00,2.836,2.8365,2.836,2.8365,2.841,2.8415,2.841,2.8415,2
2026-02-26 07:14:00,2.836,2.8375,2.836,2.836,2.841,2.8425,2.841,2.841,4
2026-02-26 07:15:00,2.8365,2.8365,2.835,2.835,2.8415,2.8415,2.84,2.84,5
2026-02-26 07:16:00,2.8345,2.8375,2.8345,2.836,2.8395,2.8425,2.8395,2.841,12
2026-02-26 07:17:00,2.8355,2.8355,2.8325,2.835,2.8405,2.8405,2.8375,2.84,11
2026-02-26 07:18:00,2.8355,2.8355,2.8225,2.8255,2.8405,2.8405,2.8275,2.8305,26
2026-02-26 07:19:00,2.826,2.8275,2.8235,2.8275,2.831,2.8325,2.8285,2.8325,31
2026-02-26 07:20:00,2.828,2.828,2.8235,2.8265,2.833,2.833,2.8285,2.8315,20
2026-02-26 07:21:00,2.826,2.827,2.825,2.826,2.831,2.832,2.83,2.831,13
2026-02-26 07:22:00,2.8265,2.8265,2.8235,2.8265,2.8315,2.8315,2.8285,2.8315,12
2026-02-26 07:23:00,2.826,2.8265,2.826,2.826,2.831,2.8315,2.831,2.831,3
2026-02-26 07:24:00,2.825,2.825,2.824,2.824,2.83,2.83,2.829,2.829,5
2026-02-26 07:25:00,2.825,2.825,2.8185,2.8225,2.83,2.83,2.8235,2.8275,31
2026-02-26 07:26:00,2.823,2.823,2.8215,2.8215,2.828,2.828,2.8265,2.8265,9
2026-02-26 07:27:00,2.822,2.822,2.8215,2.822,2.827,2.827,2.8265,2.827,3
2026-02-26 07:28:00,2.8225,2.8225,2.822,2.8225,2.8275,2.8275,2.827,2.8275,3
2026-02-26 07:29:00,2.822,2.822,2.8205,2.8215,2.827,2.827,2.8255,2.8265,8
2026-02-26 07:30:00,2.821,2.8225,2.82,2.8215,2.826,2.8275,2.825,2.8265,16
2026-02-26 07:31:00,2.822,2.822,2.8195,2.8205,2.827,2.827,2.8245,2.8255,8
2026-02-26 07:32:00,2.8195,2.8205,2.8195,2.82,2.8245,2.8255,2.8245,2.825,3
2026-02-26 07:33:00,2.8195,2.8205,2.8195,2.8205,2.8245,2.8255,2.8245,2.8255,5
2026-02-26 07:34:00,2.82,2.8215,2.82,2.82,2.825,2.8265,2.825,2.825,5
2026-02-26 07:35:00,2.8195,2.8205,2.8195,2.8205,2.8245,2.8255,2.8245,2.8255,8
2026-02-26 07:36:00,2.821,2.8215,2.8205,2.8215,2.826,2.8265,2.8255,2.8265,4
2026-02-26 07:37:00,2.822,2.822,2.8195,2.8205,2.827,2.827,2.8245,2.8255,9
2026-02-26 07:38:00,2.8195,2.82,2.8195,2.82,2.8245,2.825,2.8245,2.825,2
2026-02-26 07:39:00,2.8205,2.8205,2.8205,2.8205,2.8255,2.8255,2.8255,2.8255,1
2026-02-26 07:40:00,2.821,2.821,2.821,2.821,2.826,2.826,2.826,2.826,1
2026-02-26 07:41:00,2.8215,2.8215,2.8205,2.8205,2.8265,2.8265,2.8255,2.8255,3
2026-02-26 07:42:00,2.82,2.82,2.82,2.82,2.825,2.825,2.825,2.825,1
2026-02-26 07:43:00,2.8205,2.8205,2.82,2.82,2.8255,2.8255,2.825,2.825,2
2026-02-26 07:44:00,2.8205,2.8215,2.8205,2.8215,2.8255,2.8265,2.8255,2.8265,4
2026-02-26 07:45:00,2.8205,2.821,2.8185,2.821,2.8255,2.826,2.8235,2.826,8
2026-02-26 07:46:00,2.8215,2.824,2.8215,2.8235,2.8265,2.829,2.8265,2.8285,9
2026-02-26 07:47:00,2.8225,2.8235,2.821,2.821,2.8275,2.8285,2.826,2.826,11
2026-02-26 07:48:00,2.8215,2.8215,2.82,2.82,2.8265,2.8265,2.825,2.825,6
2026-02-26 07:49:00,2.8205,2.821,2.8205,2.8205,2.8255,2.826,2.8255,2.8255,3
2026-02-26 07:51:00,2.8215,2.8225,2.8205,2.822,2.8265,2.8275,2.8255,2.827,6
2026-02-26 07:52:00,2.8215,2.8215,2.8205,2.8205,2.8265,2.8265,2.8255,2.8255,5
2026-02-26 07:53:00,2.821,2.8215,2.821,2.8215,2.826,2.8265,2.826,2.8265,2
2026-02-26 07:54:00,2.822,2.822,2.8185,2.8195,2.827,2.827,2.8235,2.8245,10
2026-02-26 07:55:00,2.8205,2.8205,2.82,2.82,2.8255,2.8255,2.825,2.825,2
2026-02-26 07:56:00,2.8205,2.8205,2.82,2.82,2.8255,2.8255,2.825,2.825,2
2026-02-26 07:57:00,2.8205,2.821,2.8195,2.8205,2.8255,2.826,2.8245,2.8255,5
2026-02-26 07:58:00,2.82,2.8205,2.82,2.82,2.825,2.8255,2.825,2.825,7
2026-02-26 07:59:00,2.8215,2.8215,2.8205,2.8205,2.8265,2.8265,2.8255,2.8255,2
2026-02-26 08:00:00,2.82,2.8205,2.8145,2.8155,2.825,2.8255,2.8195,2.8205,15
2026-02-26 08:01:00,2.816,2.8165,2.8155,2.8155,2.821,2.8215,2.8205,2.8205,11
2026-02-26 08:02:00,2.815,2.8185,2.815,2.816,2.82,2.8235,2.82,2.821,17
2026-02-26 08:03:00,2.8165,2.8165,2.815,2.815,2.8215,2.8215,2.82,2.82,3
2026-02-26 08:04:00,2.8165,2.8165,2.8135,2.815,2.8215,2.8215,2.8185,2.82,10
2026-02-26 08:05:00,2.814,2.8155,2.814,2.814,2.819,2.8205,2.819,2.819,7
2026-02-26 08:06:00,2.8115,2.8115,2.8075,2.8075,2.8165,2.8165,2.8125,2.8125,22
2026-02-26 08:07:00,2.807,2.8095,2.8065,2.8095,2.812,2.8145,2.8115,2.8145,20
2026-02-26 08:08:00,2.809,2.8115,2.808,2.8115,2.814,2.8165,2.813,2.8165,13
2026-02-26 08:09:00,2.8105,2.8145,2.8105,2.8135,2.8155,2.8195,2.8155,2.8185,10
2026-02-26 08:10:00,2.814,2.814,2.8135,2.8135,2.819,2.819,2.8185,2.8185,2
2026-02-26 08:11:00,2.814,2.814,2.814,2.814,2.819,2.819,2.819,2.819,1
2026-02-26 08:12:00,2.8145,2.8195,2.8145,2.8175,2.8195,2.8245,2.8195,2.8225,12
2026-02-26 08:13:00,2.818,2.8185,2.8155,2.8155,2.823,2.8235,2.8205,2.8205,10
2026-02-26 08:14:00,2.8145,2.8145,2.814,2.8145,2.8195,2.8195,2.819,2.8195,9
2026-02-26 08:15:00,2.814,2.8145,2.814,2.8145,2.819,2.8195,2.819,2.8195,2
2026-02-26 08:16:00,2.8155,2.8155,2.8155,2.8155,2.8205,2.8205,2.8205,2.8205,1
2026-02-26 08:17:00,2.8165,2.818,2.816,2.818,2.8215,2.823,2.821,2.823,8
2026-02-26 08:18:00,2.8175,2.8185,2.8165,2.8175,2.8225,2.8235,2.8215,2.8225,10
2026-02-26 08:19:00,2.8185,2.8185,2.8155,2.816,2.8235,2.8235,2.8205,2.821,7
2026-02-26 08:20:00,2.8175,2.8185,2.816,2.816,2.8225,2.8235,2.821,2.821,7
2026-02-26 08:21:00,2.8165,2.8165,2.8165,2.8165,2.8215,2.8215,2.8215,2.8215,1
2026-02-26 08:22:00,2.8155,2.818,2.8155,2.818,2.8205,2.823,2.8205,2.823,8
2026-02-26 08:23:00,2.8175,2.8175,2.8165,2.8175,2.8225,2.8225,2.8215,2.8225,4
2026-02-26 08:24:00,2.817,2.8175,2.8155,2.816,2.822,2.8225,2.8205,2.821,8
2026-02-26 08:25:00,2.8175,2.8175,2.8145,2.816,2.8225,2.8225,2.8195,2.821,11
2026-02-26 08:26:00,2.815,2.815,2.8145,2.8145,2.82,2.82,2.8195,2.8195,2
2026-02-26 08:27:00,2.815,2.815,2.8135,2.8135,2.82,2.82,2.8185,2.8185,3
2026-02-26 08:28:00,2.813,2.813,2.813,2.813,2.818,2.818,2.818,2.818,1
2026-02-26 08:29:00,2.8135,2.8145,2.812,2.812,2.8185,2.8195,2.817,2.817,9
2026-02-26 08:30:00,2.8115,2.8115,2.8075,2.811,2.8165,2.8165,2.8125,2.816,11
2026-02-26 08:31:00,2.8105,2.8125,2.8105,2.8125,2.8155,2.8175,2.8155,2.8175,11
2026-02-26 08:32:00,2.813,2.814,2.8125,2.814,2.818,2.819,2.8175,2.819,10
2026-02-26 08:33:00,2.8135,2.8135,2.8135,2.8135,2.8185,2.8185,2.8185,2.8185,1
2026-02-26 08:34:00,2.814,2.814,2.8115,2.812,2.819,2.819,2.8165,2.817,7
2026-02-26 08:36:00,2.8125,2.8145,2.8125,2.8135,2.8175,2.8195,2.8175,2.8185,9
2026-02-26 08:37:00,2.8125,2.8135,2.8125,2.8135,2.8175,2.8185,2.8175,2.8185,3
2026-02-26 08:38:00,2.8125,2.8125,2.8115,2.8115,2.8175,2.8175,2.8165,2.8165,2
2026-02-26 08:39:00,2.811,2.8125,2.811,2.8115,2.816,2.8175,2.816,2.8165,4
2026-02-26 08:40:00,2.812,2.8125,2.8115,2.8125,2.817,2.8175,2.8165,2.8175,3
2026-02-26 08:41:00,2.813,2.8135,2.8125,2.8125,2.818,2.8185,2.8175,2.8175,5
2026-02-26 08:42:00,2.813,2.813,2.813,2.813,2.818,2.818,2.818,2.818,1
2026-02-26 08:43:00,2.8125,2.8125,2.8125,2.8125,2.8175,2.8175,2.8175,2.8175,1
2026-02-26 08:44:00,2.8135,2.8135,2.812,2.812,2.8185,2.8185,2.817,2.817,4
2026-02-26 08:45:00,2.8125,2.8125,2.8115,2.8115,2.8175,2.8175,2.8165,2.8165,4
2026-02-26 08:46:00,2.812,2.812,2.8115,2.8115,2.817,2.817,2.8165,2.8165,2
2026-02-26 08:47:00,2.8105,2.8115,2.8105,2.8115,2.8155,2.8165,2.8155,2.8165,2
2026-02-26 08:48:00,2.8125,2.8125,2.812,2.812,2.8175,2.8175,2.817,2.817,2
2026-02-26 08:49:00,2.8115,2.8135,2.8115,2.8135,2.8165,2.8185,2.8165,2.8185,4
2026-02-26 08:50:00,2.813,2.8135,2.811,2.8115,2.818,2.8185,2.816,2.8165,6
2026-02-26 08:51:00,2.811,2.8115,2.8105,2.8115,2.816,2.8165,2.8155,2.8165,4
2026-02-26 08:52:00,2.8105,2.8105,2.8055,2.8065,2.8155,2.8155,2.8105,2.8115,27
2026-02-26 08:53:00,2.807,2.811,2.807,2.8105,2.812,2.816,2.812,2.8155,13
2026-02-26 08:54:00,2.81,2.8115,2.8095,2.8095,2.815,2.8165,2.8145,2.8145,8
2026-02-26 08:55:00,2.809,2.81,2.809,2.8095,2.814,2.815,2.814,2.8145,3
2026-02-26 08:56:00,2.809,2.8095,2.809,2.8095,2.814,2.8145,2.814,2.8145,6
2026-02-26 08:58:00,2.809,2.81,2.809,2.81,2.814,2.815,2.814,2.815,3
2026-02-26 08:59:00,2.8085,2.8095,2.8085,2.8085,2.8135,2.8145,2.8135,2.8135,4
2026-02-26 09:00:00,2.808,2.8105,2.8065,2.8085,2.813,2.8155,2.8115,2.8135,18
2026-02-26 09:01:00,2.808,2.808,2.8055,2.8065,2.813,2.813,2.8105,2.8115,11
2026-02-26 09:02:00,2.806,2.806,2.8055,2.8055,2.811,2.811,2.8105,2.8105,2
2026-02-26 09:03:00,2.8045,2.8055,2.8035,2.805,2.8095,2.8105,2.8085,2.81,9
2026-02-26 09:04:00,2.8055,2.8065,2.8055,2.8065,2.8105,2.8115,2.8105,2.8115,3
2026-02-26 09:05:00,2.806,2.8065,2.806,2.8065,2.811,2.8115,2.811,2.8115,2
2026-02-26 09:06:00,2.8075,2.8075,2.806,2.8065,2.8125,2.8125,2.811,2.8115,4
2026-02-26 09:07:00,2.807,2.808,2.806,2.8065,2.812,2.813,2.811,2.8115,7
2026-02-26 09:08:00,2.806,2.8075,2.806,2.8075,2.811,2.8125,2.811,2.8125,6
2026-02-26 09:09:00,2.807,2.808,2.807,2.808,2.812,2.813,2.812,2.813,3
2026-02-26 09:10:00,2.8075,2.809,2.8075,2.8085,2.8125,2.814,2.8125,2.8135,7
2026-02-26 09:11:00,2.808,2.809,2.808,2.809,2.813,2.814,2.813,2.814,2
2026-02-26 09:12:00,2.8085,2.809,2.808,2.8085,2.8135,2.814,2.813,2.8135,5
2026-02-26 09:13:00,2.8075,2.8075,2.8075,2.8075,2.8125,2.8125,2.8125,2.8125,1
2026-02-26 09:14:00,2.808,2.8105,2.808,2.8105,2.813,2.8155,2.813,2.8155,4
2026-02-26 09:15:00,2.81,2.81,2.809,2.8095,2.815,2.815,2.814,2.8145,4
2026-02-26 09:16:00,2.809,2.809,2.8085,2.8085,2.814,2.814,2.8135,2.8135,2
2026-02-26 09:17:00,2.809,2.809,2.8085,2.8085,2.814,2.814,2.8135,2.8135,2
2026-02-26 09:18:00,2.809,2.809,2.809,2.809,2.814,2.814,2.814,2.814,1
2026-02-26 09:19:00,2.8095,2.81,2.8095,2.81,2.8145,2.815,2.8145,2.815,2
2026-02-26 09:20:00,2.8095,2.81,2.8085,2.8085,2.8145,2.815,2.8135,2.8135,4
2026-02-26 09:21:00,2.8095,2.8095,2.809,2.809,2.8145,2.8145,2.814,2.814,2
2026-02-26 09:22:00,2.8095,2.8095,2.8095,2.8095,2.8145,2.8145,2.8145,2.8145,1
2026-02-26 09:23:00,2.81,2.812,2.8085,2.81,2.815,2.817,2.8135,2.815,11
2026-02-26 09:24:00,2.8095,2.8105,2.8095,2.81,2.8145,2.8155,2.8145,2.815,9
2026-02-26 09:25:00,2.809,2.8115,2.809,2.8105,2.814,2.8165,2.814,2.8155,6
2026-02-26 09:26:00,2.8095,2.8095,2.8075,2.808,2.8145,2.8145,2.8125,2.813,10
2026-02-26 09:27:00,2.8085,2.8085,2.8085,2.8085,2.8135,2.8135,2.8135,2.8135,1
2026-02-26 09:28:00,2.8095,2.8095,2.8075,2.8085,2.8145,2.8145,2.8125,2.8135,6
2026-02-26 09:31:00,2.808,2.8095,2.808,2.8095,2.813,2.8145,2.813,2.8145,3
2026-02-26 09:32:00,2.8085,2.8085,2.8085,2.8085,2.8135,2.8135,2.8135,2.8135,1
2026-02-26 09:33:00,2.8075,2.8085,2.8075,2.8075,2.8125,2.8135,2.8125,2.8125,9
2026-02-26 09:34:00,2.8085,2.8085,2.806,2.8065,2.8135,2.8135,2.811,2.8115,5
2026-02-26 09:35:00,2.8075,2.8075,2.807,2.807,2.8125,2.8125,2.812,2.812,2
2026-02-26 09:36:00,2.8075,2.8075,2.8075,2.8075,2.8125,2.8125,2.8125,2.8125,1
2026-02-26 09:37:00,2.807,2.807,2.807,2.807,2.812,2.812,2.812,2.812,1
2026-02-26 09:38:00,2.8075,2.8075,2.806,2.8065,2.8125,2.8125,2.811,2.8115,5
2026-02-26 09:39:00,2.807,2.8075,2.8065,2.8065,2.812,2.8125,2.8115,2.8115,6
2026-02-26 09:41:00,2.806,2.8075,2.806,2.8065,2.811,2.8125,2.811,2.8115,6
2026-02-26 09:42:00,2.807,2.8075,2.807,2.8075,2.812,2.8125,2.812,2.8125,4
2026-02-26 09:43:00,2.807,2.807,2.806,2.8065,2.812,2.812,2.811,2.8115,3
2026-02-26 09:44:00,2.806,2.806,2.8045,2.8055,2.811,2.811,2.8095,2.8105,6
2026-02-26 09:45:00,2.8065,2.8065,2.8055,2.806,2.8115,2.8115,2.8105,2.811,3
2026-02-26 09:46:00,2.8055,2.8055,2.8055,2.8055,2.8105,2.8105,2.8105,2.8105,1
2026-02-26 09:47:00,2.806,2.8065,2.806,2.8065,2.811,2.8115,2.811,2.8115,2
2026-02-26 09:48:00,2.807,2.808,2.8065,2.8065,2.812,2.813,2.8115,2.8115,9
2026-02-26 09:49:00,2.8075,2.8075,2.8055,2.8055,2.8125,2.8125,2.8105,2.8105,6
2026-02-26 09:50:00,2.806,2.8075,2.806,2.807,2.811,2.8125,2.811,2.812,6
2026-02-26 09:51:00,2.8065,2.8065,2.805,2.805,2.8115,2.8115,2.81,2.81,4
2026-02-26 09:52:00,2.8045,2.806,2.8045,2.8055,2.8095,2.811,2.8095,2.8105,5
2026-02-26 09:53:00,2.806,2.806,2.8055,2.8055,2.811,2.811,2.8105,2.8105,2
2026-02-26 09:54:00,2.806,2.806,2.8055,2.8055,2.811,2.811,2.8105,2.8105,2
2026-02-26 09:55:00,2.806,2.806,2.8045,2.8045,2.811,2.811,2.8095,2.8095,3
2026-02-26 09:56:00,2.804,2.8045,2.804,2.804,2.809,2.8095,2.809,2.809,3
2026-02-26 09:57:00,2.8035,2.804,2.8035,2.804,2.8085,2.809,2.8085,2.809,2
2026-02-26 09:58:00,2.8045,2.8045,2.8035,2.8045,2.8095,2.8095,2.8085,2.8095,8
2026-02-26 09:59:00,2.8035,2.8035,2.7975,2.799,2.8085,2.8085,2.8025,2.804,39
2026-02-26 10:00:00,2.7995,2.803,2.7995,2.8015,2.8045,2.808,2.8045,2.8065,36
2026-02-26 10:01:00,2.801,2.801,2.7975,2.8005,2.806,2.806,2.8025,2.8055,10
2026-02-26 10:02:00,2.8,2.801,2.7985,2.801,2.805,2.806,2.8035,2.806,7
2026-02-26 10:03:00,2.8015,2.8015,2.8005,2.801,2.8065,2.8065,2.8055,2.806,6
2026-02-26 10:04:00,2.8005,2.8005,2.8,2.8005,2.8055,2.8055,2.805,2.8055,7
2026-02-26 10:05:00,2.801,2.8015,2.7985,2.8005,2.806,2.8065,2.8035,2.8055,11
2026-02-26 10:06:00,2.8015,2.802,2.8,2.802,2.8065,2.807,2.805,2.807,9
2026-02-26 10:07:00,2.8025,2.8025,2.8015,2.8015,2.8075,2.8075,2.8065,2.8065,3
2026-02-26 10:08:00,2.8005,2.8035,2.8005,2.8035,2.8055,2.8085,2.8055,2.8085,5
2026-02-26 10:09:00,2.803,2.805,2.803,2.804,2.808,2.81,2.808,2.809,8
2026-02-26 10:10:00,2.8035,2.8045,2.8025,2.8025,2.8085,2.8095,2.8075,2.8075,7
2026-02-26 10:11:00,2.803,2.803,2.8005,2.8015,2.808,2.808,2.8055,2.8065,7
2026-02-26 10:12:00,2.802,2.8025,2.802,2.8025,2.807,2.8075,2.807,2.8075,2
2026-02-26 10:13:00,2.802,2.8025,2.8015,2.8025,2.807,2.8075,2.8065,2.8075,5
2026-02-26 10:14:00,2.802,2.8025,2.801,2.8015,2.807,2.8075,2.806,2.8065,8
2026-02-26 10:15:00,2.802,2.8035,2.802,2.803,2.807,2.8085,2.807,2.808,8
2026-02-26 10:16:00,2.8035,2.8045,2.8035,2.804,2.8085,2.8095,2.8085,2.809,3
2026-02-26 10:17:00,2.803,2.803,2.8015,2.8025,2.808,2.808,2.8065,2.8075,11
2026-02-26 10:18:00,2.803,2.803,2.803,2.803,2.808,2.808,2.808,2.808,1
2026-02-26 10:19:00,2.8025,2.8025,2.8015,2.8025,2.8075,2.8075,2.8065,2.8075,6
2026-02-26 10:20:00,2.803,2.803,2.8015,2.802,2.808,2.808,2.8065,2.807,4
2026-02-26 10:21:00,2.8015,2.802,2.8015,2.802,2.8065,2.807,2.8065,2.807,2
2026-02-26 10:22:00,2.8025,2.803,2.8025,2.803,2.8075,2.808,2.8075,2.808,2
2026-02-26 10:23:00,2.8035,2.8035,2.8005,2.802,2.8085,2.8085,2.8055,2.807,10
2026-02-26 10:24:00,2.8015,2.802,2.8015,2.8015,2.8065,2.807,2.8065,2.8065,5
2026-02-26 10:25:00,2.801,2.8015,2.801,2.801,2.806,2.8065,2.806,2.806,5
2026-02-26 10:26:00,2.802,2.8025,2.8015,2.8025,2.807,2.8075,2.8065,2.8075,6
2026-02-26 10:27:00,2.803,2.8045,2.803,2.8045,2.808,2.8095,2.808,2.8095,7
2026-02-26 10:28:00,2.805,2.8055,2.8035,2.8035,2.81,2.8105,2.8085,2.8085,4
2026-02-26 10:29:00,2.804,2.804,2.8025,2.804,2.809,2.809,2.8075,2.809,7
2026-02-26 10:30:00,2.8045,2.8045,2.803,2.8045,2.8095,2.8095,2.808,2.8095,6
2026-02-26 10:31:00,2.8035,2.805,2.8035,2.8045,2.8085,2.81,2.8085,2.8095,7
2026-02-26 10:32:00,2.8055,2.8065,2.8045,2.8055,2.8105,2.8115,2.8095,2.8105,10
2026-02-26 10:33:00,2.805,2.8055,2.8035,2.8035,2.81,2.8105,2.8085,2.8085,10
2026-02-26 10:34:00,2.804,2.804,2.8025,2.8025,2.809,2.809,2.8075,2.8075,3
2026-02-26 10:35:00,2.803,2.8035,2.8025,2.8025,2.808,2.8085,2.8075,2.8075,3
2026-02-26 10:36:00,2.803,2.8035,2.803,2.8035,2.808,2.8085,2.808,2.8085,2
2026-02-26 10:37:00,2.803,2.803,2.8025,2.8025,2.808,2.808,2.8075,2.8075,2
2026-02-26 10:38:00,2.803,2.8045,2.803,2.8035,2.808,2.8095,2.808,2.8085,9
2026-02-26 10:39:00,2.803,2.8035,2.8025,2.8025,2.808,2.8085,2.8075,2.8075,8
2026-02-26 10:40:00,2.803,2.8045,2.8025,2.8045,2.808,2.8095,2.8075,2.8095,7
2026-02-26 10:41:00,2.804,2.8045,2.8035,2.8035,2.809,2.8095,2.8085,2.8085,5
2026-02-26 10:42:00,2.804,2.8055,2.8035,2.8055,2.809,2.8105,2.8085,2.8105,10
2026-02-26 10:43:00,2.805,2.805,2.8035,2.804,2.81,2.81,2.8085,2.809,5
2026-02-26 10:44:00,2.8045,2.8045,2.803,2.8045,2.8095,2.8095,2.808,2.8095,8
2026-02-26 10:45:00,2.805,2.8055,2.8045,2.8055,2.81,2.8105,2.8095,2.8105,6
2026-02-26 10:46:00,2.8065,2.8065,2.8045,2.8045,2.8115,2.8115,2.8095,2.8095,8
2026-02-26 10:47:00,2.8035,2.8045,2.8035,2.8045,2.8085,2.8095,2.8085,2.8095,5
2026-02-26 10:48:00,2.805,2.8055,2.804,2.8045,2.81,2.8105,2.809,2.8095,9
2026-02-26 10:49:00,2.804,2.8055,2.804,2.805,2.809,2.8105,2.809,2.81,6
2026-02-26 10:50:00,2.8045,2.8045,2.8035,2.8045,2.8095,2.8095,2.8085,2.8095,10
2026-02-26 10:52:00,2.804,2.8045,2.8035,2.8035,2.809,2.8095,2.8085,2.8085,4
2026-02-26 10:53:00,2.8025,2.8035,2.8025,2.8035,2.8075,2.8085,2.8075,2.8085,2
2026-02-26 10:56:00,2.803,2.8035,2.8025,2.8035,2.808,2.8085,2.8075,2.8085,12
2026-02-26 10:57:00,2.804,2.8055,2.804,2.8045,2.809,2.8105,2.809,2.8095,6
2026-02-26 10:58:00,2.8035,2.8055,2.8035,2.8045,2.8085,2.8105,2.8085,2.8095,9
2026-02-26 10:59:00,2.804,2.804,2.8025,2.8025,2.809,2.809,2.8075,2.8075,3
2026-02-26 11:00:00,2.803,2.8055,2.803,2.8045,2.808,2.8105,2.808,2.8095,6
2026-02-26 11:01:00,2.8035,2.8045,2.8035,2.8035,2.8085,2.8095,2.8085,2.8085,3
2026-02-26 11:02:00,2.803,2.8035,2.7995,2.8015,2.808,2.8085,2.8045,2.8065,17
2026-02-26 11:03:00,2.801,2.8025,2.801,2.802,2.806,2.8075,2.806,2.807,8
2026-02-26 11:04:00,2.8025,2.8025,2.8025,2.8025,2.8075,2.8075,2.8075,2.8075,1
2026-02-26 11:06:00,2.802,2.8045,2.802,2.8035,2.807,2.8095,2.807,2.8085,6
2026-02-26 11:08:00,2.8025,2.8025,2.8015,2.8015,2.8075,2.8075,2.8065,2.8065,3
2026-02-26 11:09:00,2.8025,2.8025,2.8015,2.8015,2.8075,2.8075,2.8065,2.8065,12
2026-02-26 11:10:00,2.801,2.8015,2.8005,2.8015,2.806,2.8065,2.8055,2.8065,5
2026-02-26 11:11:00,2.801,2.801,2.8005,2.801,2.806,2.806,2.8055,2.806,3
2026-02-26 11:12:00,2.8015,2.8025,2.8015,2.802,2.8065,2.8075,2.8065,2.807,11
2026-02-26 11:13:00,2.8025,2.8025,2.8015,2.8015,2.8075,2.8075,2.8065,2.8065,3
2026-02-26 11:15:00,2.802,2.8025,2.802,2.8025,2.807,2.8075,2.807,2.8075,2
2026-02-26 11:20:00,2.8015,2.8015,2.7995,2.8005,2.8065,2.8065,2.8045,2.8055,10
2026-02-26 11:21:00,2.8015,2.8015,2.8015,2.8015,2.8065,2.8065,2.8065,2.8065,1
2026-02-26 11:22:00,2.801,2.8015,2.7995,2.8005,2.806,2.8065,2.8045,2.8055,5
2026-02-26 11:23:00,2.8,2.8005,2.7995,2.7995,2.805,2.8055,2.8045,2.8045,8
2026-02-26 11:24:00,2.799,2.8005,2.7985,2.8,2.804,2.8055,2.8035,2.805,11
2026-02-26 11:25:00,2.801,2.8015,2.8,2.8005,2.806,2.8065,2.805,2.8055,5
2026-02-26 11:26:00,2.8,2.8,2.799,2.799,2.805,2.805,2.804,2.804,3
2026-02-26 11:27:00,2.798,2.798,2.7975,2.7975,2.803,2.803,2.8025,2.8025,2
2026-02-26 11:28:00,2.7985,2.7985,2.7985,2.7985,2.8035,2.8035,2.8035,2.8035,1
2026-02-26 11:29:00,2.7995,2.7995,2.7975,2.7985,2.8045,2.8045,2.8025,2.8035,9
2026-02-26 11:30:00,2.7975,2.7975,2.7945,2.7955,2.8025,2.8025,2.7995,2.8005,9
2026-02-26 11:31:00,2.795,2.7955,2.795,2.7955,2.8,2.8005,2.8,2.8005,2
2026-02-26 11:32:00,2.795,2.7955,2.795,2.795,2.8,2.8005,2.8,2.8,3
2026-02-26 11:33:00,2.7945,2.798,2.7945,2.7975,2.7995,2.803,2.7995,2.8025,5
2026-02-26 11:34:00,2.7985,2.7985,2.7965,2.797,2.8035,2.8035,2.8015,2.802,5
2026-02-26 11:35:00,2.7975,2.7975,2.797,2.7975,2.8025,2.8025,2.802,2.8025,3
2026-02-26 11:36:00,2.798,2.798,2.798,2.798,2.803,2.803,2.803,2.803,1
2026-02-26 11:37:00,2.7985,2.7995,2.798,2.7985,2.8035,2.8045,2.803,2.8035,5
2026-02-26 11:38:00,2.799,2.799,2.7965,2.7985,2.804,2.804,2.8015,2.8035,7
2026-02-26 11:39:00,2.7965,2.799,2.7965,2.799,2.8015,2.804,2.8015,2.804,5
2026-02-26 11:40:00,2.7995,2.802,2.7985,2.8005,2.8045,2.807,2.8035,2.8055,10
2026-02-26 11:41:00,2.7995,2.8005,2.7985,2.7995,2.8045,2.8055,2.8035,2.8045,9
2026-02-26 11:42:00,2.8005,2.8005,2.799,2.799,2.8055,2.8055,2.804,2.804,5
2026-02-26 11:44:00,2.7985,2.7995,2.798,2.7985,2.8035,2.8045,2.803,2.8035,7
2026-02-26 11:45:00,2.7975,2.7975,2.796,2.796,2.8025,2.8025,2.801,2.801,3
2026-02-26 11:46:00,2.7965,2.7975,2.7965,2.7975,2.8015,2.8025,2.8015,2.8025,12
2026-02-26 11:47:00,2.7985,2.7985,2.7975,2.7975,2.8035,2.8035,2.8025,2.8025,5
2026-02-26 11:48:00,2.798,2.8005,2.798,2.798,2.803,2.8055,2.803,2.803,14
2026-02-26 11:49:00,2.7975,2.7985,2.797,2.7975,2.8025,2.8035,2.802,2.8025,7
2026-02-26 11:50:00,2.7965,2.7965,2.7945,2.7955,2.8015,2.8015,2.7995,2.8005,13
2026-02-26 11:51:00,2.7965,2.7965,2.7965,2.7965,2.8015,2.8015,2.8015,2.8015,1
2026-02-26 11:52:00,2.7955,2.7955,2.7955,2.7955,2.8005,2.8005,2.8005,2.8005,1
2026-02-26 11:53:00,2.795,2.796,2.7945,2.7955,2.8,2.801,2.7995,2.8005,9
2026-02-26 11:55:00,2.796,2.7965,2.7955,2.7965,2.801,2.8015,2.8005,2.8015,4
2026-02-26 11:56:00,2.796,2.7965,2.795,2.7955,2.801,2.8015,2.8,2.8005,8
2026-02-26 11:57:00,2.795,2.7955,2.7945,2.7945,2.8,2.8005,2.7995,2.7995,3
2026-02-26 11:58:00,2.7935,2.7935,2.7895,2.7925,2.7985,2.7985,2.7945,2.7975,12
2026-02-26 11:59:00,2.7935,2.7935,2.7915,2.7915,2.7985,2.7985,2.7965,2.7965,6
2026-02-26 12:00:00,2.7905,2.7915,2.7885,2.7885,2.7955,2.7965,2.7935,2.7935,13
2026-02-26 12:01:00,2.7895,2.7915,2.7885,2.7885,2.7945,2.7965,2.7935,2.7935,10
2026-02-26 12:02:00,2.788,2.79,2.7875,2.79,2.793,2.795,2.7925,2.795,8
2026-02-26 12:03:00,2.7885,2.7905,2.7885,2.79,2.7935,2.7955,2.7935,2.795,8
2026-02-26 12:04:00,2.7905,2.7905,2.7855,2.7855,2.7955,2.7955,2.7905,2.7905,9
2026-02-26 12:05:00,2.7865,2.7875,2.7845,2.787,2.7915,2.7925,2.7895,2.792,15
2026-02-26 12:06:00,2.7875,2.7905,2.787,2.79,2.7925,2.7955,2.792,2.795,11
2026-02-26 12:07:00,2.7905,2.7905,2.79,2.79,2.7955,2.7955,2.795,2.795,4
2026-02-26 12:08:00,2.7905,2.7905,2.7895,2.7895,2.7955,2.7955,2.7945,2.7945,3
2026-02-26 12:09:00,2.7905,2.7915,2.7895,2.791,2.7955,2.7965,2.7945,2.796,8
2026-02-26 12:10:00,2.7915,2.7915,2.7905,2.7915,2.7965,2.7965,2.7955,2.7965,6
2026-02-26 12:11:00,2.791,2.7915,2.7905,2.791,2.796,2.7965,2.7955,2.796,6
2026-02-26 12:12:00,2.7915,2.7915,2.7905,2.791,2.7965,2.7965,2.7955,2.796,3
2026-02-26 12:13:00,2.7915,2.7945,2.7905,2.7925,2.7965,2.7995,2.7955,2.7975,19
2026-02-26 12:14:00,2.793,2.793,2.7905,2.7905,2.798,2.798,2.7955,2.7955,8
2026-02-26 12:15:00,2.7915,2.7915,2.79,2.79,2.7965,2.7965,2.795,2.795,5
2026-02-26 12:16:00,2.7895,2.7895,2.7885,2.7885,2.7945,2.7945,2.7935,2.7935,2
2026-02-26 12:17:00,2.7895,2.7895,2.789,2.789,2.7945,2.7945,2.794,2.794,4
2026-02-26 12:18:00,2.7895,2.7895,2.7855,2.7875,2.7945,2.7945,2.7905,2.7925,7
2026-02-26 12:19:00,2.788,2.79,2.788,2.7895,2.793,2.795,2.793,2.7945,9
2026-02-26 12:20:00,2.789,2.7895,2.789,2.7895,2.794,2.7945,2.794,2.7945,2
2026-02-26 12:21:00,2.789,2.789,2.7885,2.7885,2.794,2.794,2.7935,2.7935,2
2026-02-26 12:22:00,2.7895,2.7895,2.7885,2.7885,2.7945,2.7945,2.7935,2.7935,4
2026-02-26 12:23:00,2.789,2.7895,2.7865,2.7885,2.794,2.7945,2.7915,2.7935,12
2026-02-26 12:24:00,2.7875,2.7875,2.7855,2.786,2.7925,2.7925,2.7905,2.791,11
2026-02-26 12:25:00,2.7865,2.787,2.7855,2.7865,2.7915,2.792,2.7905,2.7915,5
2026-02-26 12:26:00,2.787,2.7875,2.7865,2.7865,2.792,2.7925,2.7915,2.7915,5
2026-02-26 12:27:00,2.7855,2.7865,2.7855,2.7865,2.7905,2.7915,2.7905,2.7915,3
2026-02-26 12:28:00,2.786,2.7865,2.7845,2.7865,2.791,2.7915,2.7895,2.7915,7
2026-02-26 12:29:00,2.787,2.7885,2.787,2.7885,2.792,2.7935,2.792,2.7935,5
2026-02-26 12:30:00,2.789,2.789,2.7875,2.7875,2.794,2.794,2.7925,2.7925,5
2026-02-26 12:31:00,2.788,2.7885,2.7845,2.7855,2.793,2.7935,2.7895,2.7905,7
2026-02-26 12:32:00,2.786,2.7865,2.786,2.7865,2.791,2.7915,2.791,2.7915,6
2026-02-26 12:33:00,2.7845,2.786,2.7845,2.786,2.7895,2.791,2.7895,2.791,3
2026-02-26 12:34:00,2.7875,2.788,2.787,2.7875,2.7925,2.793,2.792,2.7925,7
2026-02-26 12:35:00,2.787,2.787,2.7835,2.7835,2.792,2.792,2.7885,2.7885,5
2026-02-26 12:36:00,2.783,2.7835,2.7815,2.7835,2.788,2.7885,2.7865,2.7885,17
2026-02-26 12:37:00,2.784,2.7845,2.7835,2.7845,2.789,2.7895,2.7885,2.7895,9
2026-02-26 12:38:00,2.785,2.7865,2.7835,2.7845,2.79,2.7915,2.7885,2.7895,12
2026-02-26 12:39:00,2.784,2.784,2.7835,2.7835,2.789,2.789,2.7885,2.7885,2
2026-02-26 12:40:00,2.7845,2.7845,2.784,2.784,2.7895,2.7895,2.789,2.789,4
2026-02-26 12:41:00,2.7845,2.7865,2.7845,2.7855,2.7895,2.7915,2.7895,2.7905,5
2026-02-26 12:42:00,2.785,2.786,2.785,2.786,2.79,2.791,2.79,2.791,5
2026-02-26 12:43:00,2.7865,2.7875,2.7865,2.787,2.7915,2.7925,2.7915,2.792,4
2026-02-26 12:44:00,2.786,2.786,2.786,2.786,2.791,2.791,2.791,2.791,1
2026-02-26 12:45:00,2.7855,2.7855,2.784,2.7845,2.7905,2.7905,2.789,2.7895,8
2026-02-26 12:46:00,2.785,2.7855,2.7845,2.785,2.79,2.7905,2.7895,2.79,7
2026-02-26 12:47:00,2.7855,2.7865,2.785,2.786,2.7905,2.7915,2.79,2.791,7
2026-02-26 12:48:00,2.7865,2.7895,2.7855,2.7865,2.7915,2.7945,2.7905,2.7915,21
2026-02-26 12:49:00,2.786,2.786,2.7815,2.782,2.791,2.791,2.7865,2.787,15
2026-02-26 12:50:00,2.7825,2.7855,2.7825,2.785,2.7875,2.7905,2.7875,2.79,11
2026-02-26 12:51:00,2.7855,2.7865,2.7855,2.786,2.7905,2.7915,2.7905,2.791,9
2026-02-26 12:52:00,2.7855,2.786,2.7855,2.786,2.7905,2.791,2.7905,2.791,2
2026-02-26 12:53:00,2.7855,2.7865,2.7855,2.786,2.7905,2.7915,2.7905,2.791,4
2026-02-26 12:54:00,2.7865,2.7875,2.7845,2.7855,2.7915,2.7925,2.7895,2.7905,11
2026-02-26 12:55:00,2.785,2.7855,2.7845,2.785,2.79,2.7905,2.7895,2.79,4
2026-02-26 12:56:00,2.7845,2.7855,2.784,2.784,2.7895,2.7905,2.789,2.789,5
2026-02-26 12:57:00,2.7845,2.7845,2.7835,2.7835,2.7895,2.7895,2.7885,2.7885,5
2026-02-26 12:58:00,2.784,2.7855,2.784,2.784,2.789,2.7905,2.789,2.789,9
2026-02-26 12:59:00,2.7845,2.7845,2.783,2.784,2.7895,2.7895,2.788,2.789,6
2026-02-26 13:00:00,2.7845,2.7865,2.7835,2.785,2.7895,2.7915,2.7885,2.79,36
2026-02-26 13:01:00,2.7855,2.7935,2.785,2.7935,2.7905,2.7985,2.79,2.7985,29
2026-02-26 13:02:00,2.793,2.7945,2.793,2.7945,2.798,2.7995,2.798,2.7995,8
2026-02-26 13:03:00,2.7935,2.7985,2.7915,2.7975,2.7985,2.8035,2.7965,2.8025,56
2026-02-26 13:04:00,2.797,2.8005,2.7965,2.799,2.802,2.8055,2.8015,2.804,27
2026-02-26 13:05:00,2.7985,2.7995,2.7965,2.7985,2.8035,2.8045,2.8015,2.8035,16
2026-02-26 13:06:00,2.799,2.7995,2.7975,2.7995,2.804,2.8045,2.8025,2.8045,20
2026-02-26 13:07:00,2.799,2.8055,2.796,2.804,2.804,2.8105,2.801,2.809,33
2026-02-26 13:08:00,2.8035,2.8045,2.8015,2.802,2.8085,2.8095,2.8065,2.807,28
2026-02-26 13:09:00,2.8025,2.8055,2.8015,2.803,2.8075,2.8105,2.8065,2.808,32
2026-02-26 13:10:00,2.8035,2.8035,2.8025,2.8035,2.8085,2.8085,2.8075,2.8085,13
2026-02-26 13:11:00,2.8045,2.8045,2.801,2.801,2.8095,2.8095,2.806,2.806,13
2026-02-26 13:12:00,2.8015,2.8025,2.8005,2.802,2.8065,2.8075,2.8055,2.807,15
2026-02-26 13:13:00,2.8015,2.8015,2.7965,2.797,2.8065,2.8065,2.8015,2.802,15
2026-02-26 13:14:00,2.796,2.8015,2.7955,2.8015,2.801,2.8065,2.8005,2.8065,11
2026-02-26 13:15:00,2.801,2.8015,2.8,2.8005,2.806,2.8065,2.805,2.8055,15
2026-02-26 13:16:00,2.801,2.801,2.793,2.7945,2.806,2.806,2.798,2.7995,34
2026-02-26 13:17:00,2.794,2.7945,2.7935,2.7945,2.799,2.7995,2.7985,2.7995,9
2026-02-26 13:18:00,2.7955,2.7965,2.7935,2.7965,2.8005,2.8015,2.7985,2.8015,14
2026-02-26 13:19:00,2.796,2.7975,2.796,2.797,2.801,2.8025,2.801,2.802,13
2026-02-26 13:20:00,2.7975,2.7975,2.7845,2.7855,2.8025,2.8025,2.7895,2.7905,57
2026-02-26 13:21:00,2.786,2.7865,2.7835,2.7855,2.791,2.7915,2.7885,2.7905,23
2026-02-26 13:22:00,2.786,2.7895,2.7835,2.788,2.791,2.7945,2.7885,2.793,22
2026-02-26 13:23:00,2.7885,2.7895,2.7855,2.7885,2.7935,2.7945,2.7905,2.7935,13
2026-02-26 13:24:00,2.789,2.789,2.7845,2.785,2.794,2.794,2.7895,2.79,12
2026-02-26 13:25:00,2.7845,2.7865,2.7835,2.7855,2.7895,2.7915,2.7885,2.7905,24
2026-02-26 13:26:00,2.785,2.7885,2.7845,2.788,2.79,2.7935,2.7895,2.793,12
2026-02-26 13:27:00,2.7875,2.7885,2.787,2.7885,2.7925,2.7935,2.792,2.7935,7
2026-02-26 13:28:00,2.7875,2.7885,2.7855,2.787,2.7925,2.7935,2.7905,2.792,15
2026-02-26 13:29:00,2.7865,2.788,2.786,2.786,2.7915,2.793,2.791,2.791,10
2026-02-26 13:30:00,2.7855,2.787,2.7855,2.7865,2.7905,2.792,2.7905,2.7915,5
2026-02-26 13:31:00,2.7875,2.7875,2.7855,2.787,2.7925,2.7925,2.7905,2.792,16
2026-02-26 13:32:00,2.786,2.7875,2.7855,2.7875,2.791,2.7925,2.7905,2.7925,13
2026-02-26 13:33:00,2.788,2.7915,2.788,2.7915,2.793,2.7965,2.793,2.7965,15
2026-02-26 13:34:00,2.791,2.791,2.7855,2.7865,2.796,2.796,2.7905,2.7915,18
2026-02-26 13:35:00,2.787,2.7875,2.7865,2.787,2.792,2.7925,2.7915,2.792,5
2026-02-26 13:36:00,2.7865,2.7885,2.7865,2.788,2.7915,2.7935,2.7915,2.793,6
2026-02-26 13:37:00,2.7875,2.7885,2.7875,2.788,2.7925,2.7935,2.7925,2.793,7
2026-02-26 13:38:00,2.7885,2.7885,2.7855,2.7865,2.7935,2.7935,2.7905,2.7915,11
2026-02-26 13:39:00,2.786,2.7875,2.786,2.787,2.791,2.7925,2.791,2.792,15
2026-02-26 13:40:00,2.7865,2.7875,2.7855,2.7855,2.7915,2.7925,2.7905,2.7905,10
2026-02-26 13:41:00,2.7845,2.7865,2.7845,2.786,2.7895,2.7915,2.7895,2.791,18
2026-02-26 13:42:00,2.7865,2.7875,2.7865,2.7865,2.7915,2.7925,2.7915,2.7915,5
2026-02-26 13:43:00,2.787,2.788,2.7865,2.7875,2.792,2.793,2.7915,2.7925,6
2026-02-26 13:44:00,2.7865,2.7875,2.7865,2.7875,2.7915,2.7925,2.7915,2.7925,3
2026-02-26 13:45:00,2.788,2.7935,2.788,2.7925,2.793,2.7985,2.793,2.7975,14
2026-02-26 13:46:00,2.7935,2.794,2.7915,2.793,2.7985,2.799,2.7965,2.798,13
2026-02-26 13:47:00,2.7925,2.796,2.7925,2.794,2.7975,2.801,2.7975,2.799,18
2026-02-26 13:48:00,2.7945,2.7955,2.794,2.7955,2.7995,2.8005,2.799,2.8005,5
2026-02-26 13:49:00,2.7975,2.7995,2.7955,2.7955,2.8025,2.8045,2.8005,2.8005,27
2026-02-26 13:50:00,2.795,2.7965,2.7905,2.7925,2.8,2.8015,2.7955,2.7975,25
2026-02-26 13:51:00,2.793,2.793,2.793,2.793,2.798,2.798,2.798,2.798,1
2026-02-26 13:52:00,2.7935,2.7935,2.793,2.7935,2.7985,2.7985,2.798,2.7985,5
2026-02-26 13:53:00,2.794,2.7975,2.7935,2.7975,2.799,2.8025,2.7985,2.8025,12
2026-02-26 13:54:00,2.798,2.7995,2.7975,2.7985,2.803,2.8045,2.8025,2.8035,17
2026-02-26 13:55:00,2.799,2.7995,2.7915,2.7925,2.804,2.8045,2.7965,2.7975,23
2026-02-26 13:56:00,2.7935,2.797,2.7935,2.7965,2.7985,2.802,2.7985,2.8015,11
2026-02-26 13:57:00,2.796,2.796,2.7905,2.791,2.801,2.801,2.7955,2.796,15
2026-02-26 13:58:00,2.7905,2.7925,2.7895,2.7895,2.7955,2.7975,2.7945,2.7945,19
2026-02-26 13:59:00,2.7905,2.792,2.7895,2.792,2.7955,2.797,2.7945,2.797,7
2026-02-26 14:00:00,2.7925,2.7925,2.7865,2.7905,2.7975,2.7975,2.7915,2.7955,50
2026-02-26 14:01:00,2.7915,2.7975,2.7915,2.7935,2.7965,2.8025,2.7965,2.7985,44
2026-02-26 14:02:00,2.794,2.7945,2.7905,2.7945,2.799,2.7995,2.7955,2.7995,19
2026-02-26 14:03:00,2.795,2.7955,2.7895,2.7915,2.8,2.8005,2.7945,2.7965,25
2026-02-26 14:04:00,2.792,2.8015,2.792,2.7995,2.797,2.8065,2.797,2.8045,45
2026-02-26 14:05:00,2.8,2.8005,2.7945,2.799,2.805,2.8055,2.7995,2.804,31
2026-02-26 14:06:00,2.7995,2.7995,2.7955,2.7985,2.8045,2.8045,2.8005,2.8035,35
2026-02-26 14:07:00,2.798,2.798,2.7925,2.7925,2.803,2.803,2.7975,2.7975,24
2026-02-26 14:08:00,2.793,2.7975,2.793,2.7965,2.798,2.8025,2.798,2.8015,17
2026-02-26 14:09:00,2.797,2.8015,2.7955,2.8015,2.802,2.8065,2.8005,2.8065,22
2026-02-26 14:10:00,2.8025,2.8035,2.801,2.801,2.8075,2.8085,2.806,2.806,14
2026-02-26 14:11:00,2.8015,2.8065,2.8015,2.8055,2.8065,2.8115,2.8065,2.8105,40
2026-02-26 14:12:00,2.8045,2.8105,2.8005,2.8055,2.8095,2.8155,2.8055,2.8105,56
2026-02-26 14:13:00,2.806,2.807,2.8005,2.8015,2.811,2.812,2.8055,2.8065,47
2026-02-26 14:14:00,2.801,2.801,2.7975,2.798,2.806,2.806,2.8025,2.803,23
2026-02-26 14:15:00,2.7985,2.7985,2.796,2.797,2.8035,2.8035,2.801,2.802,20
2026-02-26 14:16:00,2.7975,2.7975,2.7935,2.7965,2.8025,2.8025,2.7985,2.8015,23
2026-02-26 14:17:00,2.7975,2.7975,2.7915,2.7945,2.8025,2.8025,2.7965,2.7995,43
2026-02-26 14:18:00,2.795,2.795,2.7925,2.7935,2.8,2.8,2.7975,2.7985,15
2026-02-26 14:19:00,2.794,2.794,2.7865,2.787,2.799,2.799,2.7915,2.792,35
2026-02-26 14:20:00,2.786,2.7895,2.786,2.7895,2.791,2.7945,2.791,2.7945,12
2026-02-26 14:21:00,2.79,2.7915,2.7885,2.7905,2.795,2.7965,2.7935,2.7955,23
2026-02-26 14:22:00,2.791,2.7915,2.7885,2.791,2.796,2.7965,2.7935,2.796,16
2026-02-26 14:23:00,2.792,2.7965,2.7915,2.7955,2.797,2.8015,2.7965,2.8005,28
2026-02-26 14:24:00,2.795,2.7955,2.7905,2.7945,2.8,2.8005,2.7955,2.7995,17
2026-02-26 14:25:00,2.7955,2.7995,2.7925,2.7995,2.8005,2.8045,2.7975,2.8045,51
2026-02-26 14:26:00,2.8005,2.8005,2.7965,2.799,2.8055,2.8055,2.8015,2.804,16
2026-02-26 14:27:00,2.7995,2.8015,2.7975,2.7995,2.8045,2.8065,2.8025,2.8045,22
2026-02-26 14:28:00,2.799,2.8015,2.799,2.7995,2.804,2.8065,2.804,2.8045,17
2026-02-26 14:29:00,2.8,2.8025,2.7985,2.802,2.805,2.8075,2.8035,2.807,19
2026-02-26 14:30:00,2.8015,2.8015,2.7965,2.8005,2.8065,2.8065,2.8015,2.8055,16
2026-02-26 14:31:00,2.8,2.8005,2.7985,2.8005,2.805,2.8055,2.8035,2.8055,15
2026-02-26 14:32:00,2.8,2.8025,2.7955,2.7955,2.805,2.8075,2.8005,2.8005,19
2026-02-26 14:33:00,2.796,2.798,2.7955,2.7965,2.801,2.803,2.8005,2.8015,9
2026-02-26 14:34:00,2.796,2.7965,2.7935,2.7945,2.801,2.8015,2.7985,2.7995,18
2026-02-26 14:35:00,2.795,2.7955,2.7915,2.7945,2.8,2.8005,2.7965,2.7995,26
2026-02-26 14:36:00,2.795,2.7955,2.7905,2.791,2.8,2.8005,2.7955,2.796,24
2026-02-26 14:37:00,2.7905,2.791,2.7885,2.7895,2.7955,2.796,2.7935,2.7945,10
2026-02-26 14:38:00,2.789,2.79,2.7875,2.7885,2.794,2.795,2.7925,2.7935,11
2026-02-26 14:39:00,2.7905,2.7945,2.7895,2.7945,2.7955,2.7995,2.7945,2.7995,19
2026-02-26 14:40:00,2.794,2.7945,2.7915,2.7935,2.799,2.7995,2.7965,2.7985,16
2026-02-26 14:41:00,2.793,2.7945,2.7925,2.7945,2.798,2.7995,2.7975,2.7995,14
2026-02-26 14:42:00,2.795,2.7975,2.7945,2.7965,2.8,2.8025,2.7995,2.8015,14
2026-02-26 14:43:00,2.7955,2.7965,2.7935,2.7955,2.8005,2.8015,2.7985,2.8005,18
2026-02-26 14:44:00,2.7965,2.7965,2.7935,2.795,2.8015,2.8015,2.7985,2.8,13
2026-02-26 14:45:00,2.7945,2.7975,2.7935,2.7965,2.7995,2.8025,2.7985,2.8015,15
2026-02-26 14:46:00,2.797,2.8005,2.7965,2.7985,2.802,2.8055,2.8015,2.8035,13
2026-02-26 14:47:00,2.7995,2.8005,2.7995,2.7995,2.8045,2.8055,2.8045,2.8045,3
2026-02-26 14:48:00,2.8,2.8045,2.7995,2.7995,2.805,2.8095,2.8045,2.8045,16
2026-02-26 14:49:00,2.8,2.802,2.7995,2.8015,2.805,2.807,2.8045,2.8065,9
2026-02-26 14:50:00,2.803,2.8055,2.8015,2.8015,2.808,2.8105,2.8065,2.8065,23
2026-02-26 14:51:00,2.8005,2.802,2.7955,2.796,2.8055,2.807,2.8005,2.801,31
2026-02-26 14:52:00,2.795,2.7985,2.795,2.798,2.8,2.8035,2.8,2.803,14
2026-02-26 14:53:00,2.7985,2.7995,2.7985,2.7995,2.8035,2.8045,2.8035,2.8045,6
2026-02-26 14:54:00,2.799,2.8005,2.7985,2.8005,2.804,2.8055,2.8035,2.8055,13
2026-02-26 14:55:00,2.7995,2.7995,2.7985,2.7985,2.8045,2.8045,2.8035,2.8035,5
2026-02-26 14:56:00,2.799,2.8005,2.7975,2.8005,2.804,2.8055,2.8025,2.8055,12
2026-02-26 14:57:00,2.8,2.8,2.7965,2.7985,2.805,2.805,2.8015,2.8035,8
2026-02-26 14:58:00,2.7995,2.801,2.799,2.8,2.8045,2.806,2.804,2.805,14
2026-02-26 14:59:00,2.8005,2.8035,2.799,2.8015,2.8055,2.8085,2.804,2.8065,32
2026-02-26 15:00:00,2.801,2.802,2.79,2.791,2.806,2.807,2.795,2.796,107
2026-02-26 15:01:00,2.7905,2.7925,2.7835,2.7845,2.7955,2.7975,2.7885,2.7895,66
2026-02-26 15:02:00,2.7835,2.7935,2.7805,2.7935,2.7885,2.7985,2.7855,2.7985,52
2026-02-26 15:03:00,2.7945,2.7995,2.7935,2.7965,2.7995,2.8045,2.7985,2.8015,34
2026-02-26 15:04:00,2.796,2.796,2.7885,2.7925,2.801,2.801,2.7935,2.7975,28
2026-02-26 15:05:00,2.7915,2.7955,2.7915,2.7925,2.7965,2.8005,2.7965,2.7975,28
2026-02-26 15:06:00,2.793,2.7995,2.7925,2.7985,2.798,2.8045,2.7975,2.8035,36
2026-02-26 15:07:00,2.7975,2.7975,2.7945,2.7955,2.8025,2.8025,2.7995,2.8005,21
2026-02-26 15:08:00,2.796,2.8005,2.7955,2.7975,2.801,2.8055,2.8005,2.8025,21
2026-02-26 15:09:00,2.7965,2.8005,2.796,2.7995,2.8015,2.8055,2.801,2.8045,21
2026-02-26 15:10:00,2.7985,2.7995,2.7965,2.798,2.8035,2.8045,2.8015,2.803,25
2026-02-26 15:11:00,2.7985,2.799,2.7965,2.7975,2.8035,2.804,2.8015,2.8025,17
2026-02-26 15:12:00,2.7965,2.7975,2.7935,2.7945,2.8015,2.8025,2.7985,2.7995,26
2026-02-26 15:13:00,2.7955,2.7955,2.793,2.7935,2.8005,2.8005,2.798,2.7985,11
2026-02-26 15:14:00,2.7925,2.7935,2.7915,2.7925,2.7975,2.7985,2.7965,2.7975,16
2026-02-26 15:15:00,2.793,2.7945,2.7915,2.793,2.798,2.7995,2.7965,2.798,21
2026-02-26 15:16:00,2.7925,2.7925,2.7875,2.7915,2.7975,2.7975,2.7925,2.7965,25
2026-02-26 15:17:00,2.7925,2.794,2.7915,2.7935,2.7975,2.799,2.7965,2.7985,19
2026-02-26 15:18:00,2.793,2.7935,2.7905,2.7905,2.798,2.7985,2.7955,2.7955,16
2026-02-26 15:19:00,2.79,2.7935,2.79,2.793,2.795,2.7985,2.795,2.798,21
2026-02-26 15:20:00,2.7925,2.8005,2.7925,2.7995,2.7975,2.8055,2.7975,2.8045,22
2026-02-26 15:21:00,2.8005,2.8055,2.7995,2.8035,2.8055,2.8105,2.8045,2.8085,37
2026-02-26 15:22:00,2.8045,2.8075,2.8025,2.8055,2.8095,2.8125,2.8075,2.8105,41
2026-02-26 15:23:00,2.806,2.8075,2.8035,2.8065,2.811,2.8125,2.8085,2.8115,18
2026-02-26 15:24:00,2.806,2.8105,2.806,2.8075,2.811,2.8155,2.811,2.8125,34
2026-02-26 15:25:00,2.8095,2.81,2.8075,2.8085,2.8145,2.815,2.8125,2.8135,22
2026-02-26 15:26:00,2.809,2.8205,2.8075,2.814,2.814,2.8255,2.8125,2.819,68
2026-02-26 15:27:00,2.8125,2.8145,2.8095,2.814,2.8175,2.8195,2.8145,2.819,30
2026-02-26 15:28:00,2.813,2.8145,2.8115,2.8115,2.818,2.8195,2.8165,2.8165,22
2026-02-26 15:29:00,2.8125,2.8125,2.8085,2.8085,2.8175,2.8175,2.8135,2.8135,19
2026-02-26 15:30:00,2.8095,2.8145,2.8085,2.8095,2.8145,2.8195,2.8135,2.8145,67
2026-02-26 15:31:00,2.8095,2.8115,2.8085,2.8095,2.8145,2.8165,2.8135,2.8145,39
2026-02-26 15:32:00,2.8105,2.8115,2.8075,2.8085,2.8155,2.8165,2.8125,2.8135,29
2026-02-26 15:33:00,2.8095,2.81,2.802,2.8035,2.8145,2.815,2.807,2.8085,39
2026-02-26 15:34:00,2.803,2.804,2.7915,2.793,2.808,2.809,2.7965,2.798,51
2026-02-26 15:35:00,2.7945,2.7985,2.7945,2.7955,2.7995,2.8035,2.7995,2.8005,33
2026-02-26 15:36:00,2.7965,2.8015,2.7955,2.7995,2.8015,2.8065,2.8005,2.8045,20
2026-02-26 15:37:00,2.8,2.8,2.7955,2.7985,2.805,2.805,2.8005,2.8035,16
2026-02-26 15:38:00,2.799,2.8015,2.7985,2.7985,2.804,2.8065,2.8035,2.8035,15
2026-02-26 15:39:00,2.7995,2.8025,2.7995,2.801,2.8045,2.8075,2.8045,2.806,24
2026-02-26 15:40:00,2.8005,2.8015,2.7985,2.7995,2.8055,2.8065,2.8035,2.8045,24
2026-02-26 15:41:00,2.7995,2.8015,2.7995,2.8005,2.8045,2.8065,2.8045,2.8055,12
2026-02-26 15:42:00,2.8,2.8005,2.7985,2.7995,2.805,2.8055,2.8035,2.8045,27
2026-02-26 15:43:00,2.8,2.802,2.8,2.8005,2.805,2.807,2.805,2.8055,11
2026-02-26 15:44:00,2.8,2.802,2.799,2.802,2.805,2.807,2.804,2.807,10
2026-02-26 15:45:00,2.8025,2.8035,2.8005,2.8035,2.8075,2.8085,2.8055,2.8085,21
2026-02-26 15:46:00,2.804,2.8045,2.8015,2.8035,2.809,2.8095,2.8065,2.8085,23
2026-02-26 15:47:00,2.804,2.8055,2.8025,2.8035,2.809,2.8105,2.8075,2.8085,15
2026-02-26 15:48:00,2.803,2.8035,2.8015,2.8035,2.808,2.8085,2.8065,2.8085,14
2026-02-26 15:49:00,2.8025,2.8025,2.7985,2.8005,2.8075,2.8075,2.8035,2.8055,19
2026-02-26 15:50:00,2.801,2.801,2.7985,2.7995,2.806,2.806,2.8035,2.8045,24
2026-02-26 15:51:00,2.8,2.8005,2.7965,2.7985,2.805,2.8055,2.8015,2.8035,40
2026-02-26 15:52:00,2.799,2.8015,2.799,2.7995,2.804,2.8065,2.804,2.8045,30
2026-02-26 15:53:00,2.8,2.8025,2.7985,2.801,2.805,2.8075,2.8035,2.806,23
2026-02-26 15:54:00,2.8005,2.8035,2.7995,2.8035,2.8055,2.8085,2.8045,2.8085,32
2026-02-26 15:55:00,2.8025,2.8025,2.801,2.8015,2.8075,2.8075,2.806,2.8065,19
2026-02-26 15:56:00,2.802,2.8045,2.801,2.8025,2.807,2.8095,2.806,2.8075,19
2026-02-26 15:57:00,2.802,2.8025,2.801,2.801,2.807,2.8075,2.806,2.806,13
2026-02-26 15:58:00,2.8015,2.8025,2.8005,2.8015,2.8065,2.8075,2.8055,2.8065,13
2026-02-26 15:59:00,2.801,2.8045,2.801,2.8015,2.806,2.8095,2.806,2.8065,14
2026-02-26 16:00:00,2.801,2.8015,2.7955,2.7955,2.806,2.8065,2.8005,2.8005,39
2026-02-26 16:01:00,2.7945,2.7955,2.7875,2.7875,2.7995,2.8005,2.7925,2.7925,44
2026-02-26 16:02:00,2.7885,2.79,2.7835,2.7865,2.7935,2.795,2.7885,2.7915,44
2026-02-26 16:03:00,2.787,2.7895,2.7865,2.7875,2.792,2.7945,2.7915,2.7925,25
2026-02-26 16:04:00,2.7865,2.7905,2.785,2.7895,2.7915,2.7955,2.79,2.7945,34
2026-02-26 16:05:00,2.7885,2.7895,2.787,2.787,2.7935,2.7945,2.792,2.792,24
2026-02-26 16:06:00,2.7875,2.7895,2.7865,2.7885,2.7925,2.7945,2.7915,2.7935,27
2026-02-26 16:07:00,2.788,2.788,2.7865,2.787,2.793,2.793,2.7915,2.792,12
2026-02-26 16:08:00,2.7875,2.7875,2.7825,2.7825,2.7925,2.7925,2.7875,2.7875,63
2026-02-26 16:09:00,2.784,2.785,2.7805,2.7815,2.789,2.79,2.7855,2.7865,33
2026-02-26 16:10:00,2.7805,2.7825,2.7785,2.782,2.7855,2.7875,2.7835,2.787,35
2026-02-26 16:11:00,2.7815,2.7835,2.7785,2.7805,2.7865,2.7885,2.7835,2.7855,33
2026-02-26 16:12:00,2.781,2.7835,2.7805,2.7825,2.786,2.7885,2.7855,2.7875,21
2026-02-26 16:13:00,2.7815,2.7835,2.7815,2.7835,2.7865,2.7885,2.7865,2.7885,18
2026-02-26 16:14:00,2.784,2.7885,2.7835,2.787,2.789,2.7935,2.7885,2.792,19
2026-02-26 16:15:00,2.7875,2.7885,2.7855,2.788,2.7925,2.7935,2.7905,2.793,26
2026-02-26 16:16:00,2.7875,2.79,2.7855,2.7875,2.7925,2.795,2.7905,2.7925,24
2026-02-26 16:17:00,2.7865,2.7875,2.7855,2.7865,2.7915,2.7925,2.7905,2.7915,16
2026-02-26 16:18:00,2.787,2.79,2.787,2.7895,2.792,2.795,2.792,2.7945,25
2026-02-26 16:19:00,2.79,2.7915,2.7885,2.7895,2.795,2.7965,2.7935,2.7945,20
2026-02-26 16:20:00,2.789,2.7915,2.7865,2.7875,2.794,2.7965,2.7915,2.7925,23
2026-02-26 16:21:00,2.7865,2.7895,2.7865,2.7885,2.7915,2.7945,2.7915,2.7935,14
2026-02-26 16:22:00,2.7905,2.7905,2.7885,2.7895,2.7955,2.7955,2.7935,2.7945,11
2026-02-26 16:23:00,2.789,2.7915,2.7885,2.791,2.794,2.7965,2.7935,2.796,16
2026-02-26 16:24:00,2.7915,2.7915,2.7895,2.7905,2.7965,2.7965,2.7945,2.7955,10
2026-02-26 16:25:00,2.7905,2.7935,2.7905,2.7905,2.7955,2.7985,2.7955,2.7955,25
2026-02-26 16:26:00,2.7895,2.7905,2.7885,2.7895,2.7945,2.7955,2.7935,2.7945,18
2026-02-26 16:27:00,2.7915,2.7935,2.7895,2.791,2.7965,2.7985,2.7945,2.796,43
2026-02-26 16:28:00,2.792,2.793,2.7865,2.7875,2.797,2.798,2.7915,2.7925,43
2026-02-26 16:29:00,2.788,2.788,2.784,2.786,2.793,2.793,2.789,2.791,46
2026-02-26 16:30:00,2.7855,2.8165,2.7785,2.8135,2.7905,2.8215,2.7835,2.8185,332
2026-02-26 16:31:00,2.8125,2.8225,2.8115,2.8205,2.8175,2.8275,2.8165,2.8255,230
2026-02-26 16:32:00,2.8195,2.829,2.8155,2.828,2.8245,2.834,2.8205,2.833,124
2026-02-26 16:33:00,2.8295,2.836,2.8275,2.8275,2.8345,2.841,2.8325,2.8325,83
2026-02-26 16:34:00,2.828,2.8295,2.8205,2.8225,2.833,2.8345,2.8255,2.8275,102
2026-02-26 16:35:00,2.823,2.8245,2.8105,2.823,2.828,2.8295,2.8155,2.828,113
2026-02-26 16:36:00,2.8225,2.8295,2.8225,2.826,2.8275,2.8345,2.8275,2.831,74
2026-02-26 16:37:00,2.8255,2.8275,2.8215,2.8215,2.8305,2.8325,2.8265,2.8265,33
2026-02-26 16:38:00,2.8225,2.823,2.817,2.8175,2.8275,2.828,2.822,2.8225,44
2026-02-26 16:39:00,2.8165,2.8205,2.814,2.8175,2.8215,2.8255,2.819,2.8225,48
2026-02-26 16:40:00,2.8165,2.8185,2.8155,2.817,2.8215,2.8235,2.8205,2.822,30
2026-02-26 16:41:00,2.8175,2.8205,2.816,2.8205,2.8225,2.8255,2.821,2.8255,57
2026-02-26 16:42:00,2.8215,2.8215,2.817,2.8175,2.8265,2.8265,2.822,2.8225,23
2026-02-26 16:43:00,2.817,2.8185,2.8155,2.8185,2.822,2.8235,2.8205,2.8235,27
2026-02-26 16:44:00,2.8195,2.8195,2.8135,2.815,2.8245,2.8245,2.8185,2.82,20
2026-02-26 16:45:00,2.8155,2.8195,2.8145,2.8185,2.8205,2.8245,2.8195,2.8235,19
2026-02-26 16:46:00,2.819,2.8195,2.817,2.8175,2.824,2.8245,2.822,2.8225,19
2026-02-26 16:47:00,2.817,2.817,2.8075,2.8125,2.822,2.822,2.8125,2.8175,43
2026-02-26 16:48:00,2.813,2.8175,2.8115,2.8175,2.818,2.8225,2.8165,2.8225,21
2026-02-26 16:49:00,2.8165,2.8225,2.815,2.8215,2.8215,2.8275,2.82,2.8265,37
2026-02-26 16:50:00,2.822,2.8225,2.8195,2.8195,2.827,2.8275,2.8245,2.8245,16
2026-02-26 16:51:00,2.8185,2.8195,2.8165,2.8195,2.8235,2.8245,2.8215,2.8245,31
2026-02-26 16:52:00,2.82,2.8345,2.82,2.8335,2.825,2.8395,2.825,2.8385,60
2026-02-26 16:53:00,2.8345,2.8355,2.8305,2.8325,2.8395,2.8405,2.8355,2.8375,57
2026-02-26 16:54:00,2.8315,2.8345,2.8315,2.8315,2.8365,2.8395,2.8365,2.8365,31
2026-02-26 16:55:00,2.8325,2.833,2.83,2.831,2.8375,2.838,2.835,2.836,23
2026-02-26 16:56:00,2.8315,2.8325,2.8305,2.8315,2.8365,2.8375,2.8355,2.8365,11
2026-02-26 16:57:00,2.8325,2.8345,2.8285,2.8295,2.8375,2.8395,2.8335,2.8345,33
2026-02-26 16:58:00,2.829,2.8315,2.8275,2.8285,2.834,2.8365,2.8325,2.8335,31
2026-02-26 16:59:00,2.828,2.8325,2.827,2.8275,2.833,2.8375,2.832,2.8325,54
2026-02-26 17:00:00,2.828,2.8295,2.8265,2.8285,2.833,2.8345,2.8315,2.8335,21
2026-02-26 17:01:00,2.828,2.8305,2.8265,2.8285,2.833,2.8355,2.8315,2.8335,29
2026-02-26 17:02:00,2.828,2.8305,2.8275,2.829,2.833,2.8355,2.8325,2.834,24
2026-02-26 17:03:00,2.8295,2.83,2.8285,2.8295,2.8345,2.835,2.8335,2.8345,12
2026-02-26 17:04:00,2.83,2.8315,2.83,2.8305,2.835,2.8365,2.835,2.8355,14
2026-02-26 17:05:00,2.8295,2.8315,2.828,2.829,2.8345,2.8365,2.833,2.834,32
2026-02-26 17:06:00,2.828,2.8285,2.8265,2.828,2.833,2.8335,2.8315,2.833,20
2026-02-26 17:07:00,2.8285,2.83,2.8195,2.8205,2.8335,2.835,2.8245,2.8255,38
2026-02-26 17:08:00,2.821,2.8225,2.8185,2.8215,2.826,2.8275,2.8235,2.8265,22
2026-02-26 17:09:00,2.8225,2.8225,2.8195,2.82,2.8275,2.8275,2.8245,2.825,21
2026-02-26 17:10:00,2.8195,2.8205,2.8175,2.8185,2.8245,2.8255,2.8225,2.8235,22
2026-02-26 17:11:00,2.818,2.8205,2.8165,2.8185,2.823,2.8255,2.8215,2.8235,24
2026-02-26 17:12:00,2.8175,2.8175,2.812,2.8125,2.8225,2.8225,2.817,2.8175,34
2026-02-26 17:13:00,2.812,2.8175,2.8115,2.8175,2.817,2.8225,2.8165,2.8225,35
2026-02-26 17:14:00,2.8185,2.8185,2.816,2.8175,2.8235,2.8235,2.821,2.8225,16
2026-02-26 17:15:00,2.817,2.8185,2.814,2.8185,2.822,2.8235,2.819,2.8235,17
2026-02-26 17:16:00,2.8175,2.8215,2.8175,2.8185,2.8225,2.8265,2.8225,2.8235,26
2026-02-26 17:17:00,2.818,2.822,2.8165,2.8205,2.823,2.827,2.8215,2.8255,28
2026-02-26 17:18:00,2.8195,2.8225,2.8175,2.8195,2.8245,2.8275,2.8225,2.8245,25
2026-02-26 17:19:00,2.82,2.8205,2.8195,2.8195,2.825,2.8255,2.8245,2.8245,4
2026-02-26 17:20:00,2.819,2.819,2.8155,2.8165,2.824,2.824,2.8205,2.8215,26
2026-02-26 17:21:00,2.8175,2.8185,2.8165,2.818,2.8225,2.8235,2.8215,2.823,10
2026-02-26 17:22:00,2.819,2.8235,2.8185,2.8225,2.824,2.8285,2.8235,2.8275,15
2026-02-26 17:23:00,2.822,2.822,2.8195,2.82,2.827,2.827,2.8245,2.825,20
2026-02-26 17:24:00,2.8195,2.8205,2.8185,2.8185,2.8245,2.8255,2.8235,2.8235,12
2026-02-26 17:25:00,2.818,2.8195,2.8175,2.8175,2.823,2.8245,2.8225,2.8225,20
2026-02-26 17:26:00,2.8185,2.8195,2.815,2.8165,2.8235,2.8245,2.82,2.8215,18
2026-02-26 17:27:00,2.8155,2.8155,2.8075,2.8085,2.8205,2.8205,2.8125,2.8135,21
2026-02-26 17:28:00,2.808,2.8085,2.7995,2.8005,2.813,2.8135,2.8045,2.8055,51
2026-02-26 17:29:00,2.7995,2.7995,2.7935,2.7955,2.8045,2.8045,2.7985,2.8005,42
2026-02-26 17:30:00,2.7945,2.7985,2.7925,2.798,2.7995,2.8035,2.7975,2.803,45
2026-02-26 17:31:00,2.7985,2.799,2.7945,2.7965,2.8035,2.804,2.7995,2.8015,50
2026-02-26 17:32:00,2.798,2.7995,2.7945,2.7975,2.803,2.8045,2.7995,2.8025,55
2026-02-26 17:33:00,2.797,2.8015,2.7965,2.8015,2.802,2.8065,2.8015,2.8065,32
2026-02-26 17:34:00,2.801,2.802,2.7995,2.8015,2.806,2.807,2.8045,2.8065,28
2026-02-26 17:35:00,2.801,2.8085,2.8005,2.8035,2.806,2.8135,2.8055,2.8085,29
2026-02-26 17:36:00,2.8045,2.8045,2.8025,2.8035,2.8095,2.8095,2.8075,2.8085,17
2026-02-26 17:37:00,2.8025,2.8025,2.798,2.801,2.8075,2.8075,2.803,2.806,18
2026-02-26 17:38:00,2.8015,2.8015,2.799,2.799,2.8065,2.8065,2.804,2.804,13
2026-02-26 17:39:00,2.7995,2.7995,2.7965,2.7965,2.8045,2.8045,2.8015,2.8015,14
2026-02-26 17:40:00,2.7975,2.7985,2.796,2.7975,2.8025,2.8035,2.801,2.8025,15
2026-02-26 17:41:00,2.798,2.8005,2.798,2.7995,2.803,2.8055,2.803,2.8045,10
2026-02-26 17:42:00,2.8,2.8005,2.7985,2.799,2.805,2.8055,2.8035,2.804,14
2026-02-26 17:43:00,2.7995,2.7995,2.7965,2.7965,2.8045,2.8045,2.8015,2.8015,9
2026-02-26 17:44:00,2.7975,2.8005,2.7965,2.7995,2.8025,2.8055,2.8015,2.8045,24
2026-02-26 17:45:00,2.7985,2.8005,2.7985,2.7995,2.8035,2.8055,2.8035,2.8045,13
2026-02-26 17:46:00,2.8,2.801,2.798,2.7995,2.805,2.806,2.803,2.8045,14
2026-02-26 17:47:00,2.8005,2.8005,2.7975,2.7985,2.8055,2.8055,2.8025,2.8035,7
2026-02-26 17:48:00,2.799,2.7995,2.7985,2.7995,2.804,2.8045,2.8035,2.8045,6
2026-02-26 17:49:00,2.799,2.799,2.795,2.7955,2.804,2.804,2.8,2.8005,10
2026-02-26 17:50:00,2.7945,2.7945,2.7905,2.791,2.7995,2.7995,2.7955,2.796,28
2026-02-26 17:51:00,2.7905,2.7955,2.7905,2.7955,2.7955,2.8005,2.7955,2.8005,27
2026-02-26 17:52:00,2.7965,2.7965,2.7925,2.7945,2.8015,2.8015,2.7975,2.7995,8
2026-02-26 17:53:00,2.7935,2.794,2.7925,2.7935,2.7985,2.799,2.7975,2.7985,7
2026-02-26 17:54:00,2.793,2.7975,2.7925,2.7955,2.798,2.8025,2.7975,2.8005,16
2026-02-26 17:55:00,2.795,2.7955,2.793,2.7955,2.8,2.8005,2.798,2.8005,18
2026-02-26 17:56:00,2.795,2.795,2.7915,2.7915,2.8,2.8,2.7965,2.7965,14
2026-02-26 17:57:00,2.791,2.794,2.7905,2.7935,2.796,2.799,2.7955,2.7985,12
2026-02-26 17:58:00,2.793,2.7995,2.793,2.7945,2.798,2.8045,2.798,2.7995,17
2026-02-26 17:59:00,2.7955,2.7975,2.7955,2.7975,2.8005,2.8025,2.8005,2.8025,5
2026-02-26 18:00:00,2.797,2.7975,2.7955,2.7965,2.802,2.8025,2.8005,2.8015,9
2026-02-26 18:01:00,2.7975,2.7985,2.7975,2.7975,2.8025,2.8035,2.8025,2.8025,4
2026-02-26 18:02:00,2.7965,2.7975,2.7965,2.7965,2.8015,2.8025,2.8015,2.8015,3
2026-02-26 18:03:00,2.797,2.797,2.7935,2.7935,2.802,2.802,2.7985,2.7985,10
2026-02-26 18:04:00,2.793,2.7935,2.7915,2.7925,2.798,2.7985,2.7965,2.7975,11
2026-02-26 18:05:00,2.792,2.7955,2.792,2.7945,2.797,2.8005,2.797,2.7995,12
2026-02-26 18:06:00,2.7935,2.798,2.7935,2.7965,2.7985,2.803,2.7985,2.8015,20
2026-02-26 18:07:00,2.797,2.8015,2.797,2.8015,2.802,2.8065,2.802,2.8065,12
2026-02-26 18:08:00,2.8025,2.8035,2.8015,2.8015,2.8075,2.8085,2.8065,2.8065,11
2026-02-26 18:10:00,2.802,2.804,2.801,2.801,2.807,2.809,2.806,2.806,21
2026-02-26 18:11:00,2.8015,2.8015,2.8,2.8015,2.8065,2.8065,2.805,2.8065,10
2026-02-26 18:12:00,2.8005,2.8015,2.7995,2.8,2.8055,2.8065,2.8045,2.805,8
2026-02-26 18:13:00,2.8005,2.8005,2.7985,2.7985,2.8055,2.8055,2.8035,2.8035,14
2026-02-26 18:14:00,2.798,2.798,2.7975,2.7975,2.803,2.803,2.8025,2.8025,2
2026-02-26 18:15:00,2.7985,2.7985,2.7975,2.7975,2.8035,2.8035,2.8025,2.8025,2
2026-02-26 18:16:00,2.7965,2.7965,2.7945,2.7955,2.8015,2.8015,2.7995,2.8005,14
2026-02-26 18:17:00,2.7965,2.7995,2.7965,2.7995,2.8015,2.8045,2.8015,2.8045,8
2026-02-26 18:18:00,2.7985,2.7985,2.7965,2.7965,2.8035,2.8035,2.8015,2.8015,7
2026-02-26 18:19:00,2.797,2.797,2.7965,2.7965,2.802,2.802,2.8015,2.8015,2
2026-02-26 18:20:00,2.7955,2.7965,2.7935,2.796,2.8005,2.8015,2.7985,2.801,21
2026-02-26 18:21:00,2.7955,2.7965,2.7955,2.7965,2.8005,2.8015,2.8005,2.8015,12
2026-02-26 18:22:00,2.797,2.7995,2.7965,2.7985,2.802,2.8045,2.8015,2.8035,15
2026-02-26 18:23:00,2.798,2.7985,2.7965,2.7985,2.803,2.8035,2.8015,2.8035,7
2026-02-26 18:24:00,2.799,2.7995,2.7955,2.7965,2.804,2.8045,2.8005,2.8015,14
2026-02-26 18:25:00,2.796,2.7985,2.796,2.7975,2.801,2.8035,2.801,2.8025,10
2026-02-26 18:26:00,2.7965,2.7995,2.7955,2.7985,2.8015,2.8045,2.8005,2.8035,29
2026-02-26 18:27:00,2.7975,2.7985,2.7965,2.798,2.8025,2.8035,2.8015,2.803,10
2026-02-26 18:28:00,2.7975,2.7985,2.797,2.7985,2.8025,2.8035,2.802,2.8035,10
2026-02-26 18:29:00,2.798,2.7985,2.7965,2.7975,2.803,2.8035,2.8015,2.8025,8
2026-02-26 18:30:00,2.797,2.8005,2.7955,2.7985,2.802,2.8055,2.8005,2.8035,28
2026-02-26 18:31:00,2.798,2.7985,2.798,2.7985,2.803,2.8035,2.803,2.8035,2
2026-02-26 18:32:00,2.7975,2.7995,2.7975,2.7995,2.8025,2.8045,2.8025,2.8045,3
2026-02-26 18:33:00,2.8005,2.8025,2.8005,2.8025,2.8055,2.8075,2.8055,2.8075,5
2026-02-26 18:34:00,2.803,2.8065,2.803,2.8055,2.808,2.8115,2.808,2.8105,21
2026-02-26 18:35:00,2.805,2.8055,2.8015,2.8035,2.81,2.8105,2.8065,2.8085,15
2026-02-26 18:36:00,2.803,2.8095,2.803,2.8095,2.808,2.8145,2.808,2.8145,22
2026-02-26 18:37:00,2.81,2.8115,2.8095,2.8095,2.815,2.8165,2.8145,2.8145,24
2026-02-26 18:38:00,2.809,2.8095,2.8065,2.809,2.814,2.8145,2.8115,2.814,13
2026-02-26 18:39:00,2.808,2.808,2.8045,2.8045,2.813,2.813,2.8095,2.8095,11
2026-02-26 18:40:00,2.804,2.8045,2.8035,2.8035,2.809,2.8095,2.8085,2.8085,6
2026-02-26 18:41:00,2.804,2.8065,2.8035,2.8035,2.809,2.8115,2.8085,2.8085,14
2026-02-26 18:42:00,2.8025,2.8055,2.8025,2.8035,2.8075,2.8105,2.8075,2.8085,6
2026-02-26 18:43:00,2.803,2.8055,2.8025,2.8045,2.808,2.8105,2.8075,2.8095,9
2026-02-26 18:44:00,2.805,2.8055,2.8045,2.8045,2.81,2.8105,2.8095,2.8095,5
2026-02-26 18:45:00,2.804,2.804,2.8005,2.8025,2.809,2.809,2.8055,2.8075,11
2026-02-26 18:46:00,2.802,2.8045,2.8015,2.8045,2.807,2.8095,2.8065,2.8095,22
2026-02-26 18:47:00,2.8055,2.8095,2.8045,2.8075,2.8105,2.8145,2.8095,2.8125,18
2026-02-26 18:48:00,2.808,2.8085,2.8065,2.8075,2.813,2.8135,2.8115,2.8125,12
2026-02-26 18:49:00,2.8085,2.8085,2.8065,2.8065,2.8135,2.8135,2.8115,2.8115,7
2026-02-26 18:50:00,2.806,2.8065,2.8035,2.8045,2.811,2.8115,2.8085,2.8095,12
2026-02-26 18:51:00,2.8035,2.8055,2.8035,2.804,2.8085,2.8105,2.8085,2.809,8
2026-02-26 18:52:00,2.803,2.803,2.8005,2.8015,2.808,2.808,2.8055,2.8065,10
2026-02-26 18:53:00,2.802,2.8025,2.8015,2.8025,2.807,2.8075,2.8065,2.8075,8
2026-02-26 18:54:00,2.8035,2.8055,2.8025,2.8045,2.8085,2.8105,2.8075,2.8095,8
2026-02-26 18:55:00,2.804,2.8115,2.804,2.8115,2.809,2.8165,2.809,2.8165,25
2026-02-26 18:56:00,2.811,2.8125,2.8095,2.8105,2.816,2.8175,2.8145,2.8155,17
2026-02-26 18:57:00,2.81,2.8105,2.8095,2.8105,2.815,2.8155,2.8145,2.8155,12
2026-02-26 18:58:00,2.81,2.8145,2.81,2.8125,2.815,2.8195,2.815,2.8175,21
2026-02-26 18:59:00,2.812,2.812,2.8095,2.8095,2.817,2.817,2.8145,2.8145,13
2026-02-26 19:00:00,2.809,2.8125,2.8085,2.811,2.814,2.8175,2.8135,2.816,17
2026-02-26 19:01:00,2.8105,2.8105,2.8085,2.8105,2.8155,2.8155,2.8135,2.8155,10
2026-02-26 19:02:00,2.81,2.81,2.807,2.8085,2.815,2.815,2.812,2.8135,10
2026-02-26 19:03:00,2.8075,2.8115,2.8065,2.8115,2.8125,2.8165,2.8115,2.8165,20
2026-02-26 19:04:00,2.8125,2.8145,2.8105,2.814,2.8175,2.8195,2.8155,2.819,19
2026-02-26 19:05:00,2.8135,2.8135,2.8105,2.8105,2.8185,2.8185,2.8155,2.8155,10
2026-02-26 19:06:00,2.811,2.8145,2.8105,2.8115,2.816,2.8195,2.8155,2.8165,14
2026-02-26 19:07:00,2.8125,2.815,2.8105,2.814,2.8175,2.82,2.8155,2.819,10
2026-02-26 19:08:00,2.8135,2.8225,2.8135,2.817,2.8185,2.8275,2.8185,2.822,49
2026-02-26 19:09:00,2.818,2.8185,2.8165,2.8165,2.823,2.8235,2.8215,2.8215,10
2026-02-26 19:10:00,2.817,2.8175,2.8135,2.8145,2.822,2.8225,2.8185,2.8195,12
2026-02-26 19:11:00,2.8155,2.818,2.8145,2.8175,2.8205,2.823,2.8195,2.8225,17
2026-02-26 19:12:00,2.818,2.819,2.8155,2.816,2.823,2.824,2.8205,2.821,13
2026-02-26 19:13:00,2.8165,2.8185,2.8145,2.818,2.8215,2.8235,2.8195,2.823,20
2026-02-26 19:14:00,2.8185,2.8185,2.8165,2.8165,2.8235,2.8235,2.8215,2.8215,11
2026-02-26 19:15:00,2.816,2.8185,2.8155,2.817,2.821,2.8235,2.8205,2.822,17
2026-02-26 19:16:00,2.8165,2.8175,2.8125,2.8125,2.8215,2.8225,2.8175,2.8175,25
2026-02-26 19:17:00,2.813,2.8145,2.811,2.8115,2.818,2.8195,2.816,2.8165,9
2026-02-26 19:18:00,2.8105,2.8145,2.8105,2.812,2.8155,2.8195,2.8155,2.817,17
2026-02-26 19:19:00,2.8125,2.815,2.8125,2.8145,2.8175,2.82,2.8175,2.8195,15
2026-02-26 19:20:00,2.8135,2.8185,2.8135,2.8185,2.8185,2.8235,2.8185,2.8235,13
2026-02-26 19:21:00,2.8175,2.8185,2.8155,2.8165,2.8225,2.8235,2.8205,2.8215,8
2026-02-26 19:22:00,2.817,2.821,2.817,2.8175,2.822,2.826,2.822,2.8225,26
2026-02-26 19:23:00,2.817,2.817,2.8145,2.8165,2.822,2.822,2.8195,2.8215,12
2026-02-26 19:24:00,2.8155,2.817,2.815,2.8165,2.8205,2.822,2.82,2.8215,8
2026-02-26 19:25:00,2.816,2.8165,2.8155,2.8165,2.821,2.8215,2.8205,2.8215,6
2026-02-26 19:26:00,2.8175,2.8205,2.8175,2.8195,2.8225,2.8255,2.8225,2.8245,9
2026-02-26 19:27:00,2.8205,2.8225,2.8185,2.8195,2.8255,2.8275,2.8235,2.8245,17
2026-02-26 19:28:00,2.82,2.82,2.8175,2.8195,2.825,2.825,2.8225,2.8245,9
2026-02-26 19:29:00,2.8185,2.8185,2.8145,2.8155,2.8235,2.8235,2.8195,2.8205,15
2026-02-26 19:30:00,2.816,2.8195,2.816,2.8175,2.821,2.8245,2.821,2.8225,16
2026-02-26 19:31:00,2.8185,2.821,2.8185,2.821,2.8235,2.826,2.8235,2.826,6
2026-02-26 19:32:00,2.8215,2.8245,2.8215,2.8235,2.8265,2.8295,2.8265,2.8285,11
2026-02-26 19:33:00,2.823,2.8245,2.82,2.82,2.828,2.8295,2.825,2.825,13
2026-02-26 19:34:00,2.8195,2.8195,2.8135,2.8135,2.8245,2.8245,2.8185,2.8185,18
2026-02-26 19:35:00,2.8125,2.8175,2.8125,2.8165,2.8175,2.8225,2.8175,2.8215,34
2026-02-26 19:36:00,2.817,2.8215,2.8155,2.8185,2.822,2.8265,2.8205,2.8235,31
2026-02-26 19:37:00,2.8205,2.8225,2.8165,2.8195,2.8255,2.8275,2.8215,2.8245,31
2026-02-26 19:38:00,2.82,2.8215,2.8175,2.8195,2.825,2.8265,2.8225,2.8245,30
2026-02-26 19:39:00,2.819,2.8195,2.8155,2.8155,2.824,2.8245,2.8205,2.8205,32
2026-02-26 19:40:00,2.8145,2.8215,2.8145,2.82,2.8195,2.8265,2.8195,2.825,26
2026-02-26 19:41:00,2.8215,2.8215,2.8165,2.8215,2.8265,2.8265,2.8215,2.8265,24
2026-02-26 19:42:00,2.8225,2.8225,2.8205,2.8205,2.8275,2.8275,2.8255,2.8255,16
2026-02-26 19:43:00,2.8215,2.8295,2.8215,2.827,2.8265,2.8345,2.8265,2.832,20
2026-02-26 19:44:00,2.826,2.8265,2.8235,2.8235,2.831,2.8315,2.8285,2.8285,13
2026-02-26 19:45:00,2.8225,2.8235,2.8215,2.8225,2.8275,2.8285,2.8265,2.8275,9
2026-02-26 19:46:00,2.8215,2.8235,2.8215,2.8225,2.8265,2.8285,2.8265,2.8275,10
2026-02-26 19:47:00,2.823,2.8245,2.8225,2.8245,2.828,2.8295,2.8275,2.8295,11
2026-02-26 19:48:00,2.8255,2.8255,2.8235,2.8235,2.8305,2.8305,2.8285,2.8285,10
2026-02-26 19:49:00,2.8245,2.8245,2.8205,2.8235,2.8295,2.8295,2.8255,2.8285,18
2026-02-26 19:50:00,2.8225,2.8235,2.8215,2.8235,2.8275,2.8285,2.8265,2.8285,7
2026-02-26 19:51:00,2.8225,2.823,2.8205,2.8205,2.8275,2.828,2.8255,2.8255,6
2026-02-26 19:52:00,2.821,2.8235,2.821,2.8215,2.826,2.8285,2.826,2.8265,12
2026-02-26 19:53:00,2.8205,2.8205,2.8205,2.8205,2.8255,2.8255,2.8255,2.8255,1
2026-02-26 19:54:00,2.8215,2.8225,2.8205,2.8205,2.8265,2.8275,2.8255,2.8255,6
2026-02-26 19:55:00,2.821,2.8245,2.821,2.823,2.826,2.8295,2.826,2.828,8
2026-02-26 19:56:00,2.8225,2.8245,2.8215,2.8245,2.8275,2.8295,2.8265,2.8295,11
2026-02-26 19:57:00,2.8255,2.8265,2.8245,2.8265,2.8305,2.8315,2.8295,2.8315,10
2026-02-26 19:58:00,2.8275,2.8285,2.8265,2.8265,2.8325,2.8335,2.8315,2.8315,7
2026-02-26 19:59:00,2.8255,2.8275,2.825,2.8255,2.8305,2.8325,2.83,2.8305,13
2026-02-26 20:00:00,2.825,2.831,2.8245,2.8305,2.83,2.836,2.8295,2.8355,32
2026-02-26 20:01:00,2.83,2.8305,2.826,2.826,2.835,2.8355,2.831,2.831,20
2026-02-26 20:02:00,2.8255,2.8265,2.8205,2.8215,2.8305,2.8315,2.8255,2.8265,33
2026-02-26 20:03:00,2.821,2.823,2.8195,2.8215,2.826,2.828,2.8245,2.8265,18
2026-02-26 20:04:00,2.821,2.8225,2.8185,2.8185,2.826,2.8275,2.8235,2.8235,20
2026-02-26 20:05:00,2.8195,2.82,2.8175,2.8185,2.8245,2.825,2.8225,2.8235,21
2026-02-26 20:06:00,2.819,2.822,2.8165,2.8215,2.824,2.827,2.8215,2.8265,22
2026-02-26 20:07:00,2.821,2.8225,2.8175,2.8175,2.826,2.8275,2.8225,2.8225,20
2026-02-26 20:08:00,2.817,2.8195,2.8155,2.8155,2.822,2.8245,2.8205,2.8205,30
2026-02-26 20:09:00,2.815,2.8185,2.8145,2.817,2.82,2.8235,2.8195,2.822,19
2026-02-26 20:10:00,2.8165,2.82,2.8165,2.819,2.8215,2.825,2.8215,2.824,12
2026-02-26 20:11:00,2.8185,2.821,2.8185,2.8205,2.8235,2.826,2.8235,2.8255,14
2026-02-26 20:12:00,2.821,2.8245,2.8205,2.8245,2.826,2.8295,2.8255,2.8295,10
2026-02-26 20:13:00,2.824,2.8255,2.823,2.8245,2.829,2.8305,2.828,2.8295,20
2026-02-26 20:14:00,2.8235,2.8245,2.8225,2.823,2.8285,2.8295,2.8275,2.828,10
2026-02-26 20:15:00,2.8225,2.8245,2.8225,2.8235,2.8275,2.8295,2.8275,2.8285,18
2026-02-26 20:16:00,2.8245,2.8295,2.8245,2.8295,2.8295,2.8345,2.8295,2.8345,15
2026-02-26 20:17:00,2.8285,2.8325,2.8285,2.8295,2.8335,2.8375,2.8335,2.8345,9
2026-02-26 20:18:00,2.8305,2.8305,2.8285,2.8285,2.8355,2.8355,2.8335,2.8335,22
2026-02-26 20:19:00,2.8275,2.8295,2.8275,2.8275,2.8325,2.8345,2.8325,2.8325,14
2026-02-26 20:20:00,2.827,2.827,2.8255,2.8265,2.832,2.832,2.8305,2.8315,4
2026-02-26 20:21:00,2.8255,2.8265,2.8245,2.8265,2.8305,2.8315,2.8295,2.8315,18
2026-02-26 20:22:00,2.826,2.828,2.8255,2.8275,2.831,2.833,2.8305,2.8325,13
2026-02-26 20:23:00,2.8265,2.8275,2.8245,2.826,2.8315,2.8325,2.8295,2.831,32
2026-02-26 20:24:00,2.8255,2.8275,2.8255,2.8265,2.8305,2.8325,2.8305,2.8315,30
2026-02-26 20:25:00,2.8275,2.8275,2.8205,2.8205,2.8325,2.8325,2.8255,2.8255,40
2026-02-26 20:26:00,2.82,2.822,2.819,2.8215,2.825,2.827,2.824,2.8265,20
2026-02-26 20:27:00,2.821,2.8245,2.821,2.8225,2.826,2.8295,2.826,2.8275,21
2026-02-26 20:28:00,2.8235,2.8305,2.819,2.8295,2.8285,2.8355,2.824,2.8345,98
2026-02-26 20:29:00,2.83,2.8335,2.8285,2.8315,2.835,2.8385,2.8335,2.8365,75
2026-02-26 20:30:00,2.8335,2.8355,2.8325,2.8355,2.8385,2.8405,2.8375,2.8405,30
2026-02-26 20:31:00,2.836,2.8405,2.8345,2.8395,2.841,2.8455,2.8395,2.8445,21
2026-02-26 20:32:00,2.8385,2.8395,2.8375,2.8395,2.8435,2.8445,2.8425,2.8445,13
2026-02-26 20:33:00,2.8405,2.8405,2.8385,2.8385,2.8455,2.8455,2.8435,2.8435,4
2026-02-26 20:34:00,2.8395,2.8395,2.8385,2.8385,2.8445,2.8445,2.8435,2.8435,6
2026-02-26 20:35:00,2.8375,2.8375,2.836,2.836,2.8425,2.8425,2.841,2.841,9
2026-02-26 20:36:00,2.8345,2.835,2.831,2.8325,2.8395,2.84,2.836,2.8375,23
2026-02-26 20:37:00,2.832,2.8325,2.8305,2.8315,2.837,2.8375,2.8355,2.8365,15
2026-02-26 20:38:00,2.8305,2.8325,2.8295,2.8305,2.8355,2.8375,2.8345,2.8355,12
2026-02-26 20:39:00,2.831,2.8315,2.8295,2.8295,2.836,2.8365,2.8345,2.8345,10
2026-02-26 20:40:00,2.8305,2.8315,2.8295,2.8315,2.8355,2.8365,2.8345,2.8365,8
2026-02-26 20:41:00,2.8305,2.8315,2.8305,2.8305,2.8355,2.8365,2.8355,2.8355,5
2026-02-26 20:42:00,2.83,2.8305,2.8295,2.83,2.835,2.8355,2.8345,2.835,5
2026-02-26 20:43:00,2.8295,2.83,2.8285,2.8295,2.8345,2.835,2.8335,2.8345,7
2026-02-26 20:44:00,2.829,2.83,2.8285,2.8295,2.834,2.835,2.8335,2.8345,11
2026-02-26 20:46:00,2.8285,2.8295,2.8285,2.8295,2.8335,2.8345,2.8335,2.8345,2
2026-02-26 20:47:00,2.83,2.83,2.8285,2.8285,2.835,2.835,2.8335,2.8335,11
2026-02-26 20:48:00,2.8295,2.8295,2.8285,2.8285,2.8345,2.8345,2.8335,2.8335,4
2026-02-26 20:49:00,2.829,2.8295,2.8285,2.8285,2.834,2.8345,2.8335,2.8335,5
2026-02-26 20:50:00,2.829,2.8315,2.8285,2.8315,2.834,2.8365,2.8335,2.8365,12
2026-02-26 20:51:00,2.8325,2.8325,2.8315,2.8325,2.8375,2.8375,2.8365,2.8375,6
2026-02-26 20:52:00,2.8315,2.8325,2.8285,2.8285,2.8365,2.8375,2.8335,2.8335,12
2026-02-26 20:53:00,2.8275,2.8275,2.8275,2.8275,2.8325,2.8325,2.8325,2.8325,1
2026-02-26 20:54:00,2.827,2.827,2.8255,2.8255,2.832,2.832,2.8305,2.8305,9
2026-02-26 20:55:00,2.8245,2.8265,2.8235,2.8265,2.8295,2.8315,2.8285,2.8315,11
2026-02-26 20:56:00,2.827,2.8315,2.827,2.8305,2.832,2.8365,2.832,2.8355,12
2026-02-26 20:57:00,2.831,2.8315,2.8295,2.8305,2.836,2.8365,2.8345,2.8355,5
2026-02-26 20:58:00,2.83,2.83,2.8285,2.829,2.835,2.835,2.8335,2.834,9
2026-02-26 20:59:00,2.8295,2.8305,2.8295,2.8305,2.8345,2.8355,2.8345,2.8355,2
2026-02-26 21:00:00,2.831,2.831,2.8295,2.8305,2.836,2.836,2.8345,2.8355,8
2026-02-26 21:02:00,2.8315,2.8315,2.8305,2.8315,2.8365,2.8365,2.8355,2.8365,5
2026-02-26 21:04:00,2.832,2.8325,2.8315,2.8325,2.837,2.8375,2.8365,2.8375,6
2026-02-26 21:05:00,2.832,2.8325,2.8315,2.8325,2.837,2.8375,2.8365,2.8375,5
2026-02-26 21:06:00,2.832,2.832,2.8305,2.8315,2.837,2.837,2.8355,2.8365,8
2026-02-26 21:07:00,2.832,2.8345,2.832,2.8335,2.837,2.8395,2.837,2.8385,10
2026-02-26 21:08:00,2.833,2.8335,2.8305,2.8305,2.838,2.8385,2.8355,2.8355,5
2026-02-26 21:09:00,2.8315,2.8325,2.8305,2.8315,2.8365,2.8375,2.8355,2.8365,8
2026-02-26 21:10:00,2.831,2.831,2.83,2.8305,2.836,2.836,2.835,2.8355,3
2026-02-26 21:11:00,2.83,2.83,2.8295,2.8295,2.835,2.835,2.8345,2.8345,2
2026-02-26 21:12:00,2.83,2.8315,2.83,2.8305,2.835,2.8365,2.835,2.8355,4
2026-02-26 21:13:00,2.831,2.8345,2.8305,2.8345,2.836,2.8395,2.8355,2.8395,7
2026-02-26 21:14:00,2.8355,2.8355,2.835,2.8355,2.8405,2.8405,2.84,2.8405,3
2026-02-26 21:15:00,2.8365,2.8365,2.8355,2.8355,2.8415,2.8415,2.8405,2.8405,2
2026-02-26 21:16:00,2.8365,2.8375,2.8355,2.8355,2.8415,2.8425,2.8405,2.8405,6
2026-02-26 21:17:00,2.836,2.836,2.836,2.836,2.841,2.841,2.841,2.841,1
2026-02-26 21:18:00,2.8345,2.8365,2.8345,2.8355,2.8395,2.8415,2.8395,2.8405,6
2026-02-26 21:20:00,2.8345,2.8355,2.8335,2.8355,2.8395,2.8405,2.8385,2.8405,6
2026-02-26 21:21:00,2.835,2.835,2.8335,2.8335,2.84,2.84,2.8385,2.8385,6
2026-02-26 21:23:00,2.8325,2.8325,2.8315,2.8315,2.8375,2.8375,2.8365,2.8365,5
2026-02-26 21:24:00,2.8305,2.8305,2.8295,2.8305,2.8355,2.8355,2.8345,2.8355,3
2026-02-26 21:25:00,2.83,2.8305,2.8285,2.8305,2.835,2.8355,2.8335,2.8355,13
2026-02-26 21:26:00,2.831,2.831,2.8275,2.8275,2.836,2.836,2.8325,2.8325,9
2026-02-26 21:27:00,2.828,2.8285,2.8275,2.8275,2.833,2.8335,2.8325,2.8325,4
2026-02-26 21:28:00,2.828,2.8295,2.828,2.8285,2.833,2.8345,2.833,2.8335,6
2026-02-26 21:29:00,2.829,2.8295,2.8285,2.8295,2.834,2.8345,2.8335,2.8345,4
2026-02-26 21:30:00,2.829,2.8295,2.8285,2.8285,2.834,2.8345,2.8335,2.8335,5
2026-02-26 21:31:00,2.829,2.829,2.8285,2.829,2.834,2.834,2.8335,2.834,5
2026-02-26 21:32:00,2.8285,2.8285,2.8285,2.8285,2.8335,2.8335,2.8335,2.8335,1
2026-02-26 21:33:00,2.8295,2.8295,2.8295,2.8295,2.8345,2.8345,2.8345,2.8345,1
2026-02-26 21:34:00,2.8285,2.8285,2.8285,2.8285,2.8335,2.8335,2.8335,2.8335,1
2026-02-26 21:35:00,2.8295,2.8315,2.8285,2.8295,2.8345,2.8365,2.8335,2.8345,13
2026-02-26 21:36:00,2.829,2.8295,2.8275,2.8275,2.834,2.8345,2.8325,2.8325,8
2026-02-26 21:37:00,2.828,2.8295,2.8275,2.8285,2.833,2.8345,2.8325,2.8335,8
2026-02-26 21:38:00,2.828,2.828,2.8275,2.828,2.833,2.833,2.8325,2.833,5
2026-02-26 21:39:00,2.8285,2.8285,2.828,2.828,2.8335,2.8335,2.833,2.833,2
2026-02-26 21:40:00,2.8275,2.8285,2.8275,2.8285,2.8325,2.8335,2.8325,2.8335,3
2026-02-26 21:41:00,2.8275,2.828,2.827,2.8275,2.8325,2.833,2.832,2.8325,7
2026-02-26 21:42:00,2.828,2.828,2.8275,2.8275,2.833,2.833,2.8325,2.8325,2
2026-02-26 21:43:00,2.8265,2.8265,2.8255,2.8255,2.8315,2.8315,2.8305,2.8305,3
2026-02-26 21:44:00,2.8265,2.8275,2.8265,2.8265,2.8315,2.8325,2.8315,2.8315,3
2026-02-26 21:45:00,2.8255,2.826,2.825,2.8255,2.8305,2.831,2.83,2.8305,5
2026-02-26 21:46:00,2.8265,2.8265,2.825,2.8255,2.8315,2.8315,2.83,2.8305,5
2026-02-26 21:47:00,2.825,2.825,2.8245,2.8245,2.83,2.83,2.8295,2.8295,2
2026-02-26 21:48:00,2.8255,2.8255,2.825,2.8255,2.8305,2.8305,2.83,2.8305,5
2026-02-26 21:49:00,2.8265,2.8285,2.825,2.8275,2.8315,2.8335,2.83,2.8325,11
2026-02-26 21:50:00,2.8285,2.8295,2.8285,2.829,2.8335,2.8345,2.8335,2.834,4
2026-02-26 21:51:00,2.8285,2.8285,2.8285,2.8285,2.8335,2.8335,2.8335,2.8335,1
2026-02-26 21:52:00,2.829,2.8295,2.8285,2.8295,2.834,2.8345,2.8335,2.8345,4
2026-02-26 21:53:00,2.829,2.8295,2.8275,2.8285,2.834,2.8345,2.8325,2.8335,14
2026-02-26 21:54:00,2.829,2.8305,2.829,2.8305,2.834,2.8355,2.834,2.8355,6
2026-02-26 21:55:00,2.8295,2.8295,2.8295,2.8295,2.8345,2.8345,2.8345,2.8345,1
2026-02-26 21:57:00,2.829,2.8305,2.829,2.8305,2.834,2.8355,2.834,2.8355,5
2026-02-26 21:58:00,2.8295,2.8295,2.829,2.8295,2.8345,2.8345,2.834,2.8345,7
2026-02-26 21:59:00,2.829,2.8295,2.8275,2.8275,2.834,2.8345,2.8325,2.8325,14
2026-02-26 22:00:00,2.8275,2.8285,2.8275,2.8285,2.8325,2.8335,2.8325,2.8335,2
2026-02-26 22:01:00,2.8295,2.8325,2.8295,2.8325,2.8345,2.8375,2.8345,2.8375,8
2026-02-26 22:02:00,2.832,2.8325,2.8315,2.8315,2.837,2.8375,2.8365,2.8365,3
2026-02-26 22:03:00,2.8305,2.8305,2.8305,2.8305,2.8355,2.8355,2.8355,2.8355,1
2026-02-26 22:04:00,2.831,2.8315,2.8295,2.8315,2.836,2.8365,2.8345,2.8365,8
2026-02-26 22:05:00,2.832,2.832,2.8315,2.8315,2.837,2.837,2.8365,2.8365,6
2026-02-26 22:06:00,2.8325,2.8325,2.832,2.8325,2.8375,2.8375,2.837,2.8375,5
2026-02-26 22:07:00,2.8335,2.8345,2.8335,2.8335,2.8385,2.8395,2.8385,2.8385,7
2026-02-26 22:08:00,2.834,2.8345,2.8335,2.8345,2.839,2.8395,2.8385,2.8395,4
2026-02-26 22:09:00,2.8335,2.8355,2.8335,2.8355,2.8385,2.8405,2.8385,2.8405,8
2026-02-26 22:10:00,2.835,2.836,2.835,2.8355,2.84,2.841,2.84,2.8405,4
2026-02-26 22:12:00,2.836,2.836,2.834,2.8345,2.841,2.841,2.839,2.8395,5
2026-02-26 22:13:00,2.835,2.836,2.8345,2.8345,2.84,2.841,2.8395,2.8395,7
2026-02-26 22:14:00,2.834,2.834,2.833,2.833,2.839,2.839,2.838,2.838,3
2026-02-26 22:15:00,2.8325,2.8325,2.8315,2.8325,2.8375,2.8375,2.8365,2.8375,3
2026-02-26 22:16:00,2.832,2.8345,2.832,2.8335,2.837,2.8395,2.837,2.8385,4
2026-02-26 22:17:00,2.833,2.8355,2.833,2.8335,2.838,2.8405,2.838,2.8385,6
2026-02-26 22:18:00,2.834,2.834,2.8325,2.8325,2.839,2.839,2.8375,2.8375,5
2026-02-26 22:19:00,2.832,2.8335,2.832,2.833,2.837,2.8385,2.837,2.838,7
2026-02-26 22:20:00,2.8325,2.8335,2.8325,2.833,2.8375,2.8385,2.8375,2.838,3
2026-02-26 22:21:00,2.8325,2.8335,2.8325,2.8335,2.8375,2.8385,2.8375,2.8385,3
2026-02-26 22:22:00,2.833,2.833,2.833,2.833,2.838,2.838,2.838,2.838,1
2026-02-26 22:23:00,2.8325,2.833,2.8325,2.833,2.8375,2.838,2.8375,2.838,2
2026-02-26 22:24:00,2.8325,2.8325,2.8315,2.8315,2.8375,2.8375,2.8365,2.8365,2
2026-02-26 22:25:00,2.832,2.8325,2.832,2.832,2.837,2.8375,2.837,2.837,3
2026-02-26 22:26:00,2.8325,2.8325,2.832,2.8325,2.8375,2.8375,2.837,2.8375,3
2026-02-26 22:27:00,2.832,2.8325,2.832,2.8325,2.837,2.8375,2.837,2.8375,2
2026-02-26 22:29:00,2.832,2.832,2.832,2.832,2.837,2.837,2.837,2.837,1
2026-02-26 22:30:00,2.8325,2.8325,2.8315,2.8315,2.8375,2.8375,2.8365,2.8365,2
2026-02-26 22:31:00,2.832,2.8335,2.832,2.8325,2.837,2.8385,2.837,2.8375,3
2026-02-26 22:32:00,2.8335,2.8335,2.8325,2.8325,2.8385,2.8385,2.8375,2.8375,2
2026-02-26 22:34:00,2.8315,2.8315,2.8315,2.8315,2.8365,2.8365,2.8365,2.8365,1
2026-02-26 22:35:00,2.832,2.833,2.832,2.833,2.837,2.838,2.837,2.838,5
2026-02-26 22:36:00,2.8325,2.8355,2.8325,2.8355,2.8375,2.8405,2.8375,2.8405,12
2026-02-26 22:37:00,2.835,2.8355,2.834,2.8345,2.84,2.8405,2.839,2.8395,5
2026-02-26 22:39:00,2.835,2.8355,2.8345,2.8355,2.84,2.8405,2.8395,2.8405,4
2026-02-26 22:40:00,2.835,2.8355,2.835,2.835,2.84,2.8405,2.84,2.84,3
2026-02-26 22:41:00,2.8345,2.8345,2.8345,2.8345,2.8395,2.8395,2.8395,2.8395,1
2026-02-26 22:42:00,2.834,2.8345,2.8335,2.8345,2.839,2.8395,2.8385,2.8395,3
2026-02-26 22:43:00,2.833,2.8335,2.8325,2.833,2.838,2.8385,2.8375,2.838,6
2026-02-26 22:44:00,2.8335,2.8335,2.8325,2.8325,2.8385,2.8385,2.8375,2.8375,4
2026-02-26 22:46:00,2.833,2.8335,2.8325,2.8335,2.838,2.8385,2.8375,2.8385,3
2026-02-26 22:48:00,2.834,2.834,2.8335,2.8335,2.839,2.839,2.8385,2.8385,2
2026-02-26 22:49:00,2.834,2.8345,2.8335,2.8345,2.839,2.8395,2.8385,2.8395,3
2026-02-26 22:50:00,2.835,2.8365,2.8345,2.836,2.84,2.8415,2.8395,2.841,10
2026-02-26 22:51:00,2.8365,2.8375,2.8355,2.8365,2.8415,2.8425,2.8405,2.8415,7
2026-02-26 22:52:00,2.8355,2.836,2.8355,2.836,2.8405,2.841,2.8405,2.841,2
2026-02-26 22:53:00,2.8375,2.8385,2.8365,2.8385,2.8425,2.8435,2.8415,2.8435,8
2026-02-26 22:54:00,2.8375,2.8405,2.8375,2.8405,2.8425,2.8455,2.8425,2.8455,7
2026-02-26 22:55:00,2.8415,2.8415,2.838,2.838,2.8465,2.8465,2.843,2.843,15
2026-02-26 22:56:00,2.8385,2.8385,2.8375,2.838,2.8435,2.8435,2.8425,2.843,4
2026-02-26 22:57:00,2.8385,2.8385,2.8385,2.8385,2.8435,2.8435,2.8435,2.8435,1
2026-02-26 22:58:00,2.838,2.838,2.8375,2.8375,2.843,2.843,2.8425,2.8425,2
2026-02-26 22:59:00,2.8385,2.8417,2.8385,2.8412,2.8435,2.8467,2.8435,2.8462,14
2026-02-27 00:00:00,2.8357,2.8357,2.8287,2.8297,2.8407,2.8407,2.8337,2.8347,24
2026-02-27 00:01:00,2.8307,2.8332,2.8307,2.8332,2.8357,2.8382,2.8357,2.8382,3
2026-02-27 00:02:00,2.8337,2.8337,2.8317,2.8317,2.8387,2.8387,2.8367,2.8367,7
2026-02-27 00:03:00,2.8312,2.8312,2.8287,2.8292,2.8362,2.8362,2.8337,2.8342,6
2026-02-27 00:04:00,2.8282,2.8292,2.8282,2.8292,2.8332,2.8342,2.8332,2.8342,2
2026-02-27 00:05:00,2.8297,2.8322,2.8297,2.8322,2.8347,2.8372,2.8347,2.8372,5
2026-02-27 00:06:00,2.8327,2.8327,2.8302,2.8302,2.8377,2.8377,2.8352,2.8352,8
2026-02-27 00:07:00,2.8297,2.8312,2.8297,2.8297,2.8347,2.8362,2.8347,2.8347,4
2026-02-27 00:08:00,2.8292,2.8292,2.8282,2.8287,2.8342,2.8342,2.8332,2.8337,3
2026-02-27 00:09:00,2.8282,2.8287,2.8282,2.8287,2.8332,2.8337,2.8332,2.8337,2
2026-02-27 00:11:00,2.8297,2.8312,2.8292,2.8302,2.8347,2.8362,2.8342,2.8352,6
2026-02-27 00:12:00,2.8297,2.8297,2.8292,2.8297,2.8347,2.8347,2.8342,2.8347,3
2026-02-27 00:13:00,2.8292,2.8292,2.8292,2.8292,2.8342,2.8342,2.8342,2.8342,1
2026-02-27 00:15:00,2.8262,2.8272,2.8252,2.8272,2.8312,2.8322,2.8302,2.8322,3
2026-02-27 00:16:00,2.8277,2.8277,2.8277,2.8277,2.8327,2.8327,2.8327,2.8327,1
2026-02-27 00:17:00,2.8242,2.8252,2.8232,2.8242,2.8292,2.8302,2.8282,2.8292,7
2026-02-27 00:18:00,2.8237,2.8247,2.8237,2.8247,2.8287,2.8297,2.8287,2.8297,2
2026-02-27 00:20:00,2.8242,2.8262,2.8242,2.8262,2.8292,2.8312,2.8292,2.8312,5
2026-02-27 00:21:00,2.8267,2.8277,2.8267,2.8267,2.8317,2.8327,2.8317,2.8317,5
2026-02-27 00:24:00,2.8272,2.8272,2.8272,2.8272,2.8322,2.8322,2.8322,2.8322,1
2026-02-27 00:31:00,2.8277,2.8277,2.8272,2.8272,2.8327,2.8327,2.8322,2.8322,2
2026-02-27 00:34:00,2.8277,2.8277,2.8277,2.8277,2.8327,2.8327,2.8327,2.8327,1
2026-02-27 00:35:00,2.8292,2.8292,2.8292,2.8292,2.8342,2.8342,2.8342,2.8342,1
2026-02-27 00:36:00,2.8287,2.8287,2.8277,2.8277,2.8337,2.8337,2.8327,2.8327,4
2026-02-27 00:38:00,2.8282,2.8282,2.8272,2.8282,2.8332,2.8332,2.8322,2.8332,3
2026-02-27 00:40:00,2.8277,2.8277,2.8277,2.8277,2.8327,2.8327,2.8327,2.8327,1
2026-02-27 00:43:00,2.8272,2.8272,2.8272,2.8272,2.8322,2.8322,2.8322,2.8322,1
2026-02-27 00:44:00,2.8267,2.8267,2.8267,2.8267,2.8317,2.8317,2.8317,2.8317,1
2026-02-27 00:46:00,2.8277,2.8277,2.8277,2.8277,2.8327,2.8327,2.8327,2.8327,1
2026-02-27 00:48:00,2.8272,2.8282,2.8272,2.8282,2.8322,2.8332,2.8322,2.8332,3
2026-02-27 00:50:00,2.8277,2.8277,2.8272,2.8272,2.8327,2.8327,2.8322,2.8322,2
2026-02-27 00:51:00,2.8277,2.8277,2.8277,2.8277,2.8327,2.8327,2.8327,2.8327,1
2026-02-27 00:55:00,2.8282,2.8282,2.8272,2.8277,2.8332,2.8332,2.8322,2.8327,3
2026-02-27 00:57:00,2.8272,2.8272,2.8272,2.8272,2.8322,2.8322,2.8322,2.8322,1
2026-02-27 00:58:00,2.8267,2.8272,2.8267,2.8272,2.8317,2.8322,2.8317,2.8322,2
2026-02-27 01:01:00,2.8277,2.8277,2.8277,2.8277,2.8327,2.8327,2.8327,2.8327,1
2026-02-27 01:02:00,2.8282,2.8282,2.8282,2.8282,2.8332,2.8332,2.8332,2.8332,1
2026-02-27 01:03:00,2.8292,2.8307,2.8292,2.8302,2.8342,2.8357,2.8342,2.8352,4
2026-02-27 01:05:00,2.8292,2.8297,2.8292,2.8297,2.8342,2.8347,2.8342,2.8347,2
2026-02-27 01:06:00,2.8307,2.8322,2.8307,2.8307,2.8357,2.8372,2.8357,2.8357,4
2026-02-27 01:07:00,2.8302,2.8302,2.8297,2.8297,2.8352,2.8352,2.8347,2.8347,2
2026-02-27 01:08:00,2.8302,2.8312,2.8297,2.8297,2.8352,2.8362,2.8347,2.8347,5
2026-02-27 01:09:00,2.8287,2.8287,2.8272,2.8272,2.8337,2.8337,2.8322,2.8322,4
2026-02-27 01:10:00,2.8277,2.8277,2.8272,2.8272,2.8327,2.8327,2.8322,2.8322,4
2026-02-27 01:12:00,2.8277,2.8277,2.8272,2.8277,2.8327,2.8327,2.8322,2.8327,3
2026-02-27 01:17:00,2.8272,2.8272,2.8267,2.8272,2.8322,2.8322,2.8317,2.8322,3
2026-02-27 01:18:00,2.8267,2.8267,2.8257,2.8267,2.8317,2.8317,2.8307,2.8317,4
2026-02-27 01:21:00,2.8272,2.8277,2.8267,2.8267,2.8322,2.8327,2.8317,2.8317,6
2026-02-27 01:22:00,2.8272,2.8282,2.8272,2.8282,2.8322,2.8332,2.8322,2.8332,3
2026-02-27 01:23:00,2.8292,2.8292,2.8292,2.8292,2.8342,2.8342,2.8342,2.8342,1
2026-02-27 01:24:00,2.8282,2.8282,2.8282,2.8282,2.8332,2.8332,2.8332,2.8332,1
2026-02-27 01:25:00,2.8277,2.8287,2.8277,2.8282,2.8327,2.8337,2.8327,2.8332,4
2026-02-27 01:27:00,2.8287,2.8287,2.8287,2.8287,2.8337,2.8337,2.8337,2.8337,1
2026-02-27 01:28:00,2.8282,2.8292,2.8282,2.8292,2.8332,2.8342,2.8332,2.8342,3
2026-02-27 01:29:00,2.8302,2.8302,2.8287,2.8287,2.8352,2.8352,2.8337,2.8337,3
2026-02-27 01:30:00,2.8292,2.8297,2.8292,2.8297,2.8342,2.8347,2.8342,2.8347,2
2026-02-27 01:31:00,2.8292,2.8302,2.8282,2.8297,2.8342,2.8352,2.8332,2.8347,5
2026-02-27 01:33:00,2.8292,2.8292,2.8287,2.8287,2.8342,2.8342,2.8337,2.8337,2
2026-02-27 01:34:00,2.8282,2.8282,2.8282,2.8282,2.8332,2.8332,2.8332,2.8332,1
2026-02-27 01:35:00,2.8287,2.8292,2.8287,2.8292,2.8337,2.8342,2.8337,2.8342,2
2026-02-27 01:36:00,2.8297,2.8297,2.8297,2.8297,2.8347,2.8347,2.8347,2.8347,1
2026-02-27 01:37:00,2.8287,2.8287,2.8287,2.8287,2.8337,2.8337,2.8337,2.8337,1
2026-02-27 01:41:00,2.8282,2.8287,2.8282,2.8287,2.8332,2.8337,2.8332,2.8337,2
2026-02-27 01:43:00,2.8302,2.8317,2.8302,2.8317,2.8352,2.8367,2.8352,2.8367,5
2026-02-27 01:44:00,2.8312,2.8317,2.8312,2.8317,2.8362,2.8367,2.8362,2.8367,4
2026-02-27 01:45:00,2.8322,2.8327,2.8312,2.8327,2.8372,2.8377,2.8362,2.8377,5
2026-02-27 01:46:00,2.8332,2.8332,2.8332,2.8332,2.8382,2.8382,2.8382,2.8382,1
2026-02-27 01:47:00,2.8337,2.8362,2.8337,2.8342,2.8387,2.8412,2.8387,2.8392,8
2026-02-27 01:48:00,2.8337,2.8342,2.8332,2.8337,2.8387,2.8392,2.8382,2.8387,8
2026-02-27 01:50:00,2.8332,2.8332,2.8322,2.8322,2.8382,2.8382,2.8372,2.8372,2
2026-02-27 01:51:00,2.8327,2.8337,2.8327,2.8337,2.8377,2.8387,2.8377,2.8387,2
2026-02-27 01:52:00,2.8362,2.8362,2.8347,2.8352,2.8412,2.8412,2.8397,2.8402,3
2026-02-27 01:53:00,2.8332,2.8337,2.8332,2.8337,2.8382,2.8387,2.8382,2.8387,2
2026-02-27 01:54:00,2.8332,2.8332,2.8332,2.8332,2.8382,2.8382,2.8382,2.8382,1
2026-02-27 01:55:00,2.8337,2.8337,2.8337,2.8337,2.8387,2.8387,2.8387,2.8387,1
2026-02-27 01:56:00,2.8342,2.8342,2.8342,2.8342,2.8392,2.8392,2.8392,2.8392,1
2026-02-27 01:57:00,2.8347,2.8357,2.8347,2.8357,2.8397,2.8407,2.8397,2.8407,3
2026-02-27 01:58:00,2.8352,2.8352,2.8352,2.8352,2.8402,2.8402,2.8402,2.8402,1
2026-02-27 02:00:00,2.8347,2.8362,2.8332,2.8332,2.8397,2.8412,2.8382,2.8382,7
2026-02-27 02:01:00,2.8337,2.8337,2.8322,2.8332,2.8387,2.8387,2.8372,2.8382,11
2026-02-27 02:02:00,2.8337,2.8337,2.8337,2.8337,2.8387,2.8387,2.8387,2.8387,1
2026-02-27 02:05:00,2.8342,2.8352,2.8342,2.8352,2.8392,2.8402,2.8392,2.8402,3
2026-02-27 02:06:00,2.8347,2.8347,2.8347,2.8347,2.8397,2.8397,2.8397,2.8397,1
2026-02-27 02:07:00,2.8342,2.8347,2.8342,2.8347,2.8392,2.8397,2.8392,2.8397,2
2026-02-27 02:10:00,2.8342,2.8342,2.8342,2.8342,2.8392,2.8392,2.8392,2.8392,1
2026-02-27 02:11:00,2.8347,2.8347,2.8347,2.8347,2.8397,2.8397,2.8397,2.8397,1
2026-02-27 02:12:00,2.8357,2.8357,2.8352,2.8357,2.8407,2.8407,2.8402,2.8407,5
2026-02-27 02:13:00,2.8352,2.8352,2.8332,2.8352,2.8402,2.8402,2.8382,2.8402,10
2026-02-27 02:14:00,2.8347,2.8352,2.8342,2.8342,2.8397,2.8402,2.8392,2.8392,4
2026-02-27 02:15:00,2.8337,2.8337,2.8332,2.8332,2.8387,2.8387,2.8382,2.8382,2
2026-02-27 02:16:00,2.8337,2.8337,2.8337,2.8337,2.8387,2.8387,2.8387,2.8387,1
2026-02-27 02:18:00,2.8342,2.8352,2.8342,2.8352,2.8392,2.8402,2.8392,2.8402,2
2026-02-27 02:19:00,2.8362,2.8382,2.8362,2.8382,2.8412,2.8432,2.8412,2.8432,3
2026-02-27 02:20:00,2.8387,2.8397,2.8382,2.8397,2.8437,2.8447,2.8432,2.8447,5
2026-02-27 02:21:00,2.8402,2.8402,2.8372,2.8372,2.8452,2.8452,2.8422,2.8422,4
2026-02-27 02:22:00,2.8362,2.8362,2.8362,2.8362,2.8412,2.8412,2.8412,2.8412,1
2026-02-27 02:24:00,2.8372,2.8372,2.8367,2.8367,2.8422,2.8422,2.8417,2.8417,2
2026-02-27 02:25:00,2.8372,2.8382,2.8372,2.8382,2.8422,2.8432,2.8422,2.8432,2
2026-02-27 02:27:00,2.8372,2.8372,2.8367,2.8372,2.8422,2.8422,2.8417,2.8422,3
2026-02-27 02:28:00,2.8367,2.8367,2.8352,2.8362,2.8417,2.8417,2.8402,2.8412,4
2026-02-27 02:31:00,2.8367,2.8367,2.8352,2.8357,2.8417,2.8417,2.8402,2.8407,4
2026-02-27 02:32:00,2.8342,2.8357,2.8342,2.8352,2.8392,2.8407,2.8392,2.8402,5
2026-02-27 02:33:00,2.8342,2.8347,2.8342,2.8347,2.8392,2.8397,2.8392,2.8397,2
2026-02-27 02:34:00,2.8352,2.8352,2.8352,2.8352,2.8402,2.8402,2.8402,2.8402,1
2026-02-27 02:36:00,2.8357,2.8357,2.8357,2.8357,2.8407,2.8407,2.8407,2.8407,1
2026-02-27 02:39:00,2.8352,2.8357,2.8352,2.8357,2.8402,2.8407,2.8402,2.8407,2
2026-02-27 02:40:00,2.8362,2.8362,2.8352,2.8362,2.8412,2.8412,2.8402,2.8412,4
2026-02-27 02:45:00,2.8352,2.8362,2.8352,2.8362,2.8402,2.8412,2.8402,2.8412,3
2026-02-27 02:49:00,2.8372,2.8382,2.8362,2.8362,2.8422,2.8432,2.8412,2.8412,4
2026-02-27 02:50:00,2.8372,2.8372,2.8372,2.8372,2.8422,2.8422,2.8422,2.8422,1
2026-02-27 02:51:00,2.8367,2.8372,2.8367,2.8367,2.8417,2.8422,2.8417,2.8417,3
2026-02-27 02:52:00,2.8362,2.8382,2.8362,2.8377,2.8412,2.8432,2.8412,2.8427,4
2026-02-27 02:53:00,2.8372,2.8372,2.8372,2.8372,2.8422,2.8422,2.8422,2.8422,1
2026-02-27 02:54:00,2.8377,2.8382,2.8377,2.8382,2.8427,2.8432,2.8427,2.8432,2
2026-02-27 02:57:00,2.8387,2.8407,2.8382,2.8402,2.8437,2.8457,2.8432,2.8452,6
2026-02-27 02:58:00,2.8397,2.8407,2.8397,2.8407,2.8447,2.8457,2.8447,2.8457,5
2026-02-27 02:59:00,2.8402,2.8422,2.8402,2.8402,2.8452,2.8472,2.8452,2.8452,9
2026-02-27 03:00:00,2.8392,2.8432,2.8392,2.8412,2.8442,2.8482,2.8442,2.8462,9
2026-02-27 03:01:00,2.8402,2.8402,2.8392,2.8392,2.8452,2.8452,2.8442,2.8442,3
2026-02-27 03:02:00,2.8397,2.8397,2.8397,2.8397,2.8447,2.8447,2.8447,2.8447,1
2026-02-27 03:04:00,2.8422,2.8422,2.8412,2.8417,2.8472,2.8472,2.8462,2.8467,3
2026-02-27 03:05:00,2.8422,2.8422,2.8412,2.8417,2.8472,2.8472,2.8462,2.8467,4
2026-02-27 03:06:00,2.8422,2.8422,2.8422,2.8422,2.8472,2.8472,2.8472,2.8472,1
2026-02-27 03:07:00,2.8427,2.8427,2.8412,2.8412,2.8477,2.8477,2.8462,2.8462,3
2026-02-27 03:08:00,2.8402,2.8402,2.8402,2.8402,2.8452,2.8452,2.8452,2.8452,1
2026-02-27 03:09:00,2.8397,2.8397,2.8397,2.8397,2.8447,2.8447,2.8447,2.8447,1
2026-02-27 03:11:00,2.8392,2.8392,2.8342,2.8357,2.8442,2.8442,2.8392,2.8407,15
2026-02-27 03:12:00,2.8347,2.8362,2.8347,2.8362,2.8397,2.8412,2.8397,2.8412,3
2026-02-27 03:13:00,2.8367,2.8367,2.8367,2.8367,2.8417,2.8417,2.8417,2.8417,1
2026-02-27 03:14:00,2.8352,2.8352,2.8332,2.8332,2.8402,2.8402,2.8382,2.8382,6
2026-02-27 03:15:00,2.8317,2.8327,2.8317,2.8327,2.8367,2.8377,2.8367,2.8377,4
2026-02-27 03:19:00,2.8322,2.8352,2.8302,2.8332,2.8372,2.8402,2.8352,2.8382,17
2026-02-27 03:20:00,2.8327,2.8332,2.8327,2.8332,2.8377,2.8382,2.8377,2.8382,2
2026-02-27 03:21:00,2.8342,2.8352,2.8342,2.8347,2.8392,2.8402,2.8392,2.8397,5
2026-02-27 03:22:00,2.8352,2.8352,2.8347,2.8347,2.8402,2.8402,2.8397,2.8397,2
2026-02-27 03:24:00,2.8337,2.8337,2.8337,2.8337,2.8387,2.8387,2.8387,2.8387,1
2026-02-27 03:25:00,2.8332,2.8332,2.8322,2.8322,2.8382,2.8382,2.8372,2.8372,3
2026-02-27 03:26:00,2.8327,2.8327,2.8327,2.8327,2.8377,2.8377,2.8377,2.8377,1
2026-02-27 03:27:00,2.8322,2.8322,2.8312,2.8312,2.8372,2.8372,2.8362,2.8362,2
2026-02-27 03:28:00,2.8307,2.8307,2.8292,2.8302,2.8357,2.8357,2.8342,2.8352,7
2026-02-27 03:29:00,2.8297,2.8307,2.8292,2.8307,2.8347,2.8357,2.8342,2.8357,7
2026-02-27 03:30:00,2.8312,2.8312,2.8307,2.8307,2.8362,2.8362,2.8357,2.8357,4
2026-02-27 03:31:00,2.8312,2.8312,2.8312,2.8312,2.8362,2.8362,2.8362,2.8362,1
2026-02-27 03:32:00,2.8317,2.8332,2.8317,2.8332,2.8367,2.8382,2.8367,2.8382,4
2026-02-27 03:33:00,2.8327,2.8332,2.8322,2.8332,2.8377,2.8382,2.8372,2.8382,4
2026-02-27 03:36:00,2.8342,2.8347,2.8337,2.8347,2.8392,2.8397,2.8387,2.8397,7
2026-02-27 03:38:00,2.8357,2.8357,2.8357,2.8357,2.8407,2.8407,2.8407,2.8407,1
2026-02-27 03:39:00,2.8352,2.8352,2.8352,2.8352,2.8402,2.8402,2.8402,2.8402,1
2026-02-27 03:40:00,2.8357,2.8362,2.8342,2.8347,2.8407,2.8412,2.8392,2.8397,6
2026-02-27 03:41:00,2.8352,2.8352,2.8347,2.8352,2.8402,2.8402,2.8397,2.8402,3
2026-02-27 03:43:00,2.8357,2.8362,2.8352,2.8352,2.8407,2.8412,2.8402,2.8402,3
2026-02-27 03:44:00,2.8347,2.8347,2.8342,2.8347,2.8397,2.8397,2.8392,2.8397,3
2026-02-27 03:45:00,2.8352,2.8372,2.8352,2.8362,2.8402,2.8422,2.8402,2.8412,5
2026-02-27 03:46:00,2.8357,2.8362,2.8352,2.8362,2.8407,2.8412,2.8402,2.8412,3
2026-02-27 03:48:00,2.8352,2.8352,2.8342,2.8347,2.8402,2.8402,2.8392,2.8397,4
2026-02-27 03:49:00,2.8352,2.8352,2.8347,2.8347,2.8402,2.8402,2.8397,2.8397,2
2026-02-27 03:51:00,2.8342,2.8342,2.8342,2.8342,2.8392,2.8392,2.8392,2.8392,1
2026-02-27 03:56:00,2.8347,2.8352,2.8347,2.8352,2.8397,2.8402,2.8397,2.8402,4
2026-02-27 03:57:00,2.8357,2.8357,2.8352,2.8357,2.8407,2.8407,2.8402,2.8407,3
2026-02-27 03:58:00,2.8352,2.8367,2.8352,2.8367,2.8402,2.8417,2.8402,2.8417,3
2026-02-27 04:00:00,2.8362,2.8362,2.8352,2.8352,2.8412,2.8412,2.8402,2.8402,2
2026-02-27 04:01:00,2.8347,2.8347,2.8342,2.8347,2.8397,2.8397,2.8392,2.8397,3
2026-02-27 04:02:00,2.8342,2.8342,2.8342,2.8342,2.8392,2.8392,2.8392,2.8392,1
2026-02-27 04:03:00,2.8347,2.8362,2.8347,2.8357,2.8397,2.8412,2.8397,2.8407,4
2026-02-27 04:06:00,2.8352,2.8352,2.8352,2.8352,2.8402,2.8402,2.8402,2.8402,1
2026-02-27 04:08:00,2.8357,2.8357,2.8357,2.8357,2.8407,2.8407,2.8407,2.8407,1
2026-02-27 04:11:00,2.8362,2.8367,2.8362,2.8367,2.8412,2.8417,2.8412,2.8417,2
2026-02-27 04:16:00,2.8362,2.8362,2.8362,2.8362,2.8412,2.8412,2.8412,2.8412,1
2026-02-27 04:21:00,2.8367,2.8367,2.8367,2.8367,2.8417,2.8417,2.8417,2.8417,1
2026-02-27 04:22:00,2.8372,2.8372,2.8372,2.8372,2.8422,2.8422,2.8422,2.8422,1
2026-02-27 04:25:00,2.8382,2.8382,2.8372,2.8377,2.8432,2.8432,2.8422,2.8427,3
2026-02-27 04:29:00,2.8372,2.8372,2.8352,2.8352,2.8422,2.8422,2.8402,2.8402,5
2026-02-27 04:30:00,2.8347,2.8352,2.8312,2.8317,2.8397,2.8402,2.8362,2.8367,19
2026-02-27 04:31:00,2.8322,2.8332,2.8302,2.8307,2.8372,2.8382,2.8352,2.8357,15
2026-02-27 04:32:00,2.8302,2.8317,2.8302,2.8317,2.8352,2.8367,2.8352,2.8367,6
2026-02-27 04:33:00,2.8322,2.8332,2.8322,2.8332,2.8372,2.8382,2.8372,2.8382,2
2026-02-27 04:34:00,2.8337,2.8347,2.8337,2.8342,2.8387,2.8397,2.8387,2.8392,3
2026-02-27 04:35:00,2.8347,2.8357,2.8347,2.8352,2.8397,2.8407,2.8397,2.8402,3
2026-02-27 04:36:00,2.8357,2.8362,2.8347,2.8347,2.8407,2.8412,2.8397,2.8397,3
2026-02-27 04:37:00,2.8342,2.8342,2.8342,2.8342,2.8392,2.8392,2.8392,2.8392,1
2026-02-27 04:39:00,2.8352,2.8352,2.8352,2.8352,2.8402,2.8402,2.8402,2.8402,1
2026-02-27 04:40:00,2.8342,2.8342,2.8342,2.8342,2.8392,2.8392,2.8392,2.8392,1
2026-02-27 04:41:00,2.8337,2.8337,2.8322,2.8322,2.8387,2.8387,2.8372,2.8372,5
2026-02-27 04:42:00,2.8317,2.8317,2.8312,2.8312,2.8367,2.8367,2.8362,2.8362,2
2026-02-27 04:43:00,2.8317,2.8317,2.8312,2.8312,2.8367,2.8367,2.8362,2.8362,2
2026-02-27 04:44:00,2.8307,2.8312,2.8297,2.8297,2.8357,2.8362,2.8347,2.8347,9
2026-02-27 04:45:00,2.8302,2.8302,2.8297,2.8297,2.8352,2.8352,2.8347,2.8347,2
2026-02-27 04:46:00,2.8292,2.8302,2.8282,2.8292,2.8342,2.8352,2.8332,2.8342,9
2026-02-27 04:49:00,2.8297,2.8317,2.8292,2.8317,2.8347,2.8367,2.8342,2.8367,15
2026-02-27 04:50:00,2.8312,2.8312,2.8312,2.8312,2.8362,2.8362,2.8362,2.8362,1
2026-02-27 04:53:00,2.8307,2.8332,2.8307,2.8312,2.8357,2.8382,2.8357,2.8362,9
2026-02-27 04:55:00,2.8317,2.8322,2.8317,2.8322,2.8367,2.8372,2.8367,2.8372,2
2026-02-27 04:56:00,2.8317,2.8317,2.8312,2.8312,2.8367,2.8367,2.8362,2.8362,4
2026-02-27 04:57:00,2.8302,2.8312,2.8292,2.8302,2.8352,2.8362,2.8342,2.8352,9
2026-02-27 04:58:00,2.8297,2.8302,2.8292,2.8292,2.8347,2.8352,2.8342,2.8342,11
2026-02-27 05:00:00,2.8307,2.8307,2.8272,2.8272,2.8357,2.8357,2.8322,2.8322,3
2026-02-27 05:01:00,2.8277,2.8312,2.8272,2.8302,2.8327,2.8362,2.8322,2.8352,14
2026-02-27 05:02:00,2.8297,2.8297,2.8297,2.8297,2.8347,2.8347,2.8347,2.8347,1
2026-02-27 05:05:00,2.8302,2.8342,2.8302,2.8332,2.8352,2.8392,2.8352,2.8382,10
2026-02-27 05:06:00,2.8327,2.8337,2.8327,2.8337,2.8377,2.8387,2.8377,2.8387,3
2026-02-27 05:07:00,2.8332,2.8332,2.8327,2.8327,2.8382,2.8382,2.8377,2.8377,2
2026-02-27 05:08:00,2.8342,2.8362,2.8342,2.8352,2.8392,2.8412,2.8392,2.8402,7
2026-02-27 05:09:00,2.8357,2.8357,2.8332,2.8332,2.8407,2.8407,2.8382,2.8382,5
2026-02-27 05:10:00,2.8322,2.8327,2.8322,2.8322,2.8372,2.8377,2.8372,2.8372,3
2026-02-27 05:11:00,2.8327,2.8327,2.8322,2.8322,2.8377,2.8377,2.8372,2.8372,2
2026-02-27 05:13:00,2.8312,2.8312,2.8312,2.8312,2.8362,2.8362,2.8362,2.8362,1
2026-02-27 05:15:00,2.8322,2.8322,2.8302,2.8312,2.8372,2.8372,2.8352,2.8362,5
2026-02-27 05:17:00,2.8307,2.8312,2.8302,2.8302,2.8357,2.8362,2.8352,2.8352,4
2026-02-27 05:18:00,2.8312,2.8312,2.8312,2.8312,2.8362,2.8362,2.8362,2.8362,1
2026-02-27 05:20:00,2.8322,2.8332,2.8322,2.8332,2.8372,2.8382,2.8372,2.8382,5
2026-02-27 05:21:00,2.8322,2.8322,2.8322,2.8322,2.8372,2.8372,2.8372,2.8372,1
2026-02-27 05:22:00,2.8312,2.8317,2.8297,2.8302,2.8362,2.8367,2.8347,2.8352,5
2026-02-27 05:23:00,2.8297,2.8302,2.8297,2.8302,2.8347,2.8352,2.8347,2.8352,6
2026-02-27 05:24:00,2.8297,2.8302,2.8297,2.8297,2.8347,2.8352,2.8347,2.8347,3
2026-02-27 05:25:00,2.8302,2.8317,2.8282,2.8292,2.8352,2.8367,2.8332,2.8342,20
2026-02-27 05:26:00,2.8302,2.8307,2.8302,2.8307,2.8352,2.8357,2.8352,2.8357,4
2026-02-27 05:27:00,2.8312,2.8312,2.8302,2.8312,2.8362,2.8362,2.8352,2.8362,6
2026-02-27 05:29:00,2.8317,2.8322,2.8312,2.8317,2.8367,2.8372,2.8362,2.8367,9
2026-02-27 05:30:00,2.8322,2.8322,2.8317,2.8317,2.8372,2.8372,2.8367,2.8367,2
2026-02-27 05:31:00,2.8322,2.8342,2.8322,2.8342,2.8372,2.8392,2.8372,2.8392,7
2026-02-27 05:32:00,2.8337,2.8337,2.8332,2.8332,2.8387,2.8387,2.8382,2.8382,2
2026-02-27 05:33:00,2.8337,2.8337,2.8332,2.8332,2.8387,2.8387,2.8382,2.8382,2
2026-02-27 05:35:00,2.8337,2.8337,2.8302,2.8302,2.8387,2.8387,2.8352,2.8352,6
2026-02-27 05:36:00,2.8307,2.8307,2.8302,2.8302,2.8357,2.8357,2.8352,2.8352,2
2026-02-27 05:37:00,2.8307,2.8307,2.8307,2.8307,2.8357,2.8357,2.8357,2.8357,1
2026-02-27 05:38:00,2.8312,2.8312,2.8307,2.8307,2.8362,2.8362,2.8357,2.8357,2
2026-02-27 05:39:00,2.8302,2.8302,2.8292,2.8297,2.8352,2.8352,2.8342,2.8347,4
2026-02-27 05:40:00,2.8277,2.8292,2.8272,2.8292,2.8327,2.8342,2.8322,2.8342,4
2026-02-27 05:41:00,2.8287,2.8287,2.8277,2.8277,2.8337,2.8337,2.8327,2.8327,5
2026-02-27 05:42:00,2.8282,2.8282,2.8282,2.8282,2.8332,2.8332,2.8332,2.8332,1
2026-02-27 05:43:00,2.8292,2.8292,2.8282,2.8287,2.8342,2.8342,2.8332,2.8337,6
2026-02-27 05:45:00,2.8282,2.8282,2.8272,2.8272,2.8332,2.8332,2.8322,2.8322,3
2026-02-27 05:47:00,2.8262,2.8272,2.8262,2.8272,2.8312,2.8322,2.8312,2.8322,2
2026-02-27 05:48:00,2.8267,2.8277,2.8267,2.8277,2.8317,2.8327,2.8317,2.8327,5
2026-02-27 05:49:00,2.8282,2.8297,2.8282,2.8282,2.8332,2.8347,2.8332,2.8332,5
2026-02-27 05:50:00,2.8272,2.8282,2.8272,2.8282,2.8322,2.8332,2.8322,2.8332,2
2026-02-27 05:54:00,2.8287,2.8287,2.8282,2.8282,2.8337,2.8337,2.8332,2.8332,2
2026-02-27 05:55:00,2.8277,2.8277,2.8277,2.8277,2.8327,2.8327,2.8327,2.8327,1
2026-02-27 05:56:00,2.8272,2.8292,2.8272,2.8287,2.8322,2.8342,2.8322,2.8337,7
2026-02-27 05:57:00,2.8292,2.8292,2.8282,2.8292,2.8342,2.8342,2.8332,2.8342,5
2026-02-27 05:58:00,2.8287,2.8287,2.8287,2.8287,2.8337,2.8337,2.8337,2.8337,1
2026-02-27 05:59:00,2.8282,2.8292,2.8282,2.8292,2.8332,2.8342,2.8332,2.8342,3
2026-02-27 06:00:00,2.8297,2.8312,2.8297,2.8312,2.8347,2.8362,2.8347,2.8362,2
2026-02-27 06:01:00,2.8322,2.8322,2.8297,2.8297,2.8372,2.8372,2.8347,2.8347,4
2026-02-27 06:02:00,2.8302,2.8302,2.8302,2.8302,2.8352,2.8352,2.8352,2.8352,1
2026-02-27 06:03:00,2.8312,2.8312,2.8312,2.8312,2.8362,2.8362,2.8362,2.8362,1
2026-02-27 06:04:00,2.8307,2.8307,2.8307,2.8307,2.8357,2.8357,2.8357,2.8357,1
2026-02-27 06:05:00,2.8322,2.8327,2.8312,2.8312,2.8372,2.8377,2.8362,2.8362,8
2026-02-27 06:06:00,2.8317,2.8317,2.8302,2.8312,2.8367,2.8367,2.8352,2.8362,7
2026-02-27 06:07:00,2.8317,2.8322,2.8312,2.8317,2.8367,2.8372,2.8362,2.8367,5
2026-02-27 06:09:00,2.8322,2.8327,2.8322,2.8322,2.8372,2.8377,2.8372,2.8372,3
2026-02-27 06:10:00,2.8327,2.8332,2.8327,2.8327,2.8377,2.8382,2.8377,2.8377,3
2026-02-27 06:11:00,2.8317,2.8317,2.8307,2.8307,2.8367,2.8367,2.8357,2.8357,3
2026-02-27 06:12:00,2.8312,2.8327,2.8312,2.8327,2.8362,2.8377,2.8362,2.8377,4
2026-02-27 06:13:00,2.8322,2.8322,2.8322,2.8322,2.8372,2.8372,2.8372,2.8372,1
2026-02-27 06:14:00,2.8327,2.8327,2.8317,2.8317,2.8377,2.8377,2.8367,2.8367,3
2026-02-27 06:16:00,2.8312,2.8312,2.8302,2.8302,2.8362,2.8362,2.8352,2.8352,2
2026-02-27 06:17:00,2.8307,2.8307,2.8302,2.8302,2.8357,2.8357,2.8352,2.8352,2
2026-02-27 06:18:00,2.8312,2.8312,2.8312,2.8312,2.8362,2.8362,2.8362,2.8362,1
2026-02-27 06:19:00,2.8317,2.8317,2.8317,2.8317,2.8367,2.8367,2.8367,2.8367,1
2026-02-27 06:20:00,2.8327,2.8327,2.8317,2.8317,2.8377,2.8377,2.8367,2.8367,5
2026-02-27 06:21:00,2.8312,2.8322,2.8312,2.8317,2.8362,2.8372,2.8362,2.8367,4
2026-02-27 06:22:00,2.8312,2.8312,2.8307,2.8312,2.8362,2.8362,2.8357,2.8362,3
2026-02-27 06:24:00,2.8307,2.8327,2.8307,2.8317,2.8357,2.8377,2.8357,2.8367,4
2026-02-27 06:25:00,2.8307,2.8317,2.8307,2.8317,2.8357,2.8367,2.8357,2.8367,3
2026-02-27 06:27:00,2.8312,2.8312,2.8312,2.8312,2.8362,2.8362,2.8362,2.8362,1
2026-02-27 06:28:00,2.8317,2.8317,2.8307,2.8307,2.8367,2.8367,2.8357,2.8357,2
2026-02-27 06:29:00,2.8302,2.8327,2.8302,2.8327,2.8352,2.8377,2.8352,2.8377,3
2026-02-27 06:30:00,2.8332,2.8337,2.8332,2.8337,2.8382,2.8387,2.8382,2.8387,4
2026-02-27 06:32:00,2.8342,2.8347,2.8342,2.8347,2.8392,2.8397,2.8392,2.8397,4
2026-02-27 06:33:00,2.8342,2.8352,2.8342,2.8347,2.8392,2.8402,2.8392,2.8397,5
2026-02-27 06:35:00,2.8352,2.8352,2.8352,2.8352,2.8402,2.8402,2.8402,2.8402,1
2026-02-27 06:36:00,2.8332,2.8337,2.8317,2.8322,2.8382,2.8387,2.8367,2.8372,6
2026-02-27 06:37:00,2.8317,2.8317,2.8312,2.8317,2.8367,2.8367,2.8362,2.8367,3
2026-02-27 06:38:00,2.8312,2.8322,2.8312,2.8317,2.8362,2.8372,2.8362,2.8367,4
2026-02-27 06:41:00,2.8322,2.8322,2.8317,2.8317,2.8372,2.8372,2.8367,2.8367,2
2026-02-27 06:42:00,2.8322,2.8322,2.8317,2.8317,2.8372,2.8372,2.8367,2.8367,2
2026-02-27 06:43:00,2.8322,2.8322,2.8317,2.8322,2.8372,2.8372,2.8367,2.8372,3
2026-02-27 06:46:00,2.8317,2.8317,2.8312,2.8317,2.8367,2.8367,2.8362,2.8367,3
2026-02-27 06:47:00,2.8322,2.8322,2.8322,2.8322,2.8372,2.8372,2.8372,2.8372,1
2026-02-27 06:48:00,2.8332,2.8352,2.8332,2.8337,2.8382,2.8402,2.8382,2.8387,6
2026-02-27 06:51:00,2.8332,2.8332,2.8332,2.8332,2.8382,2.8382,2.8382,2.8382,1
2026-02-27 06:52:00,2.8337,2.8352,2.8337,2.8352,2.8387,2.8402,2.8387,2.8402,5
2026-02-27 06:53:00,2.8347,2.8347,2.8347,2.8347,2.8397,2.8397,2.8397,2.8397,1
2026-02-27 06:54:00,2.8352,2.8382,2.8352,2.8382,2.8402,2.8432,2.8402,2.8432,6
2026-02-27 06:55:00,2.8377,2.8382,2.8352,2.8372,2.8427,2.8432,2.8402,2.8422,9
2026-02-27 06:56:00,2.8377,2.8377,2.8377,2.8377,2.8427,2.8427,2.8427,2.8427,1
2026-02-27 06:58:00,2.8382,2.8382,2.8377,2.8377,2.8432,2.8432,2.8427,2.8427,2
2026-02-27 06:59:00,2.8382,2.8392,2.8382,2.8387,2.8432,2.8442,2.8432,2.8437,5
2026-02-27 07:00:00,2.8392,2.8407,2.8382,2.8402,2.8442,2.8457,2.8432,2.8452,8
2026-02-27 07:01:00,2.8412,2.8432,2.8407,2.8422,2.8462,2.8482,2.8457,2.8472,4
2026-02-27 07:02:00,2.8432,2.8432,2.8422,2.8427,2.8482,2.8482,2.8472,2.8477,4
2026-02-27 07:03:00,2.8422,2.8427,2.8422,2.8422,2.8472,2.8477,2.8472,2.8472,3
2026-02-27 07:04:00,2.8427,2.8432,2.8427,2.8432,2.8477,2.8482,2.8477,2.8482,2
2026-02-27 07:05:00,2.8427,2.8427,2.8407,2.8417,2.8477,2.8477,2.8457,2.8467,5
2026-02-27 07:06:00,2.8422,2.8437,2.8422,2.8437,2.8472,2.8487,2.8472,2.8487,4
2026-02-27 07:07:00,2.8442,2.8492,2.8442,2.8472,2.8492,2.8542,2.8492,2.8522,11
2026-02-27 07:08:00,2.8477,2.8487,2.8472,2.8472,2.8527,2.8537,2.8522,2.8522,9
2026-02-27 07:09:00,2.8477,2.8482,2.8452,2.8452,2.8527,2.8532,2.8502,2.8502,5
2026-02-27 07:10:00,2.8457,2.8457,2.8457,2.8457,2.8507,2.8507,2.8507,2.8507,1
2026-02-27 07:11:00,2.8452,2.8452,2.8402,2.8407,2.8502,2.8502,2.8452,2.8457,16
2026-02-27 07:12:00,2.8412,2.8442,2.8412,2.8437,2.8462,2.8492,2.8462,2.8487,10
2026-02-27 07:13:00,2.8432,2.8432,2.8412,2.8427,2.8482,2.8482,2.8462,2.8477,9
2026-02-27 07:14:00,2.8422,2.8422,2.8422,2.8422,2.8472,2.8472,2.8472,2.8472,1
2026-02-27 07:15:00,2.8427,2.8437,2.8422,2.8427,2.8477,2.8487,2.8472,2.8477,5
2026-02-27 07:16:00,2.8422,2.8427,2.8417,2.8427,2.8472,2.8477,2.8467,2.8477,4
2026-02-27 07:17:00,2.8422,2.8437,2.8422,2.8437,2.8472,2.8487,2.8472,2.8487,3
2026-02-27 07:18:00,2.8442,2.8442,2.8422,2.8432,2.8492,2.8492,2.8472,2.8482,7
2026-02-27 07:19:00,2.8442,2.8462,2.8442,2.8447,2.8492,2.8512,2.8492,2.8497,9
2026-02-27 07:20:00,2.8457,2.8467,2.8452,2.8452,2.8507,2.8517,2.8502,2.8502,4
2026-02-27 07:21:00,2.8447,2.8452,2.8432,2.8432,2.8497,2.8502,2.8482,2.8482,3
2026-02-27 07:22:00,2.8427,2.8447,2.8427,2.8447,2.8477,2.8497,2.8477,2.8497,3
2026-02-27 07:23:00,2.8457,2.8457,2.8457,2.8457,2.8507,2.8507,2.8507,2.8507,1
2026-02-27 07:24:00,2.8462,2.8462,2.8462,2.8462,2.8512,2.8512,2.8512,2.8512,1
2026-02-27 07:25:00,2.8457,2.8462,2.8457,2.8457,2.8507,2.8512,2.8507,2.8507,3
2026-02-27 07:26:00,2.8447,2.8447,2.8442,2.8442,2.8497,2.8497,2.8492,2.8492,2
2026-02-27 07:27:00,2.8437,2.8442,2.8437,2.8442,2.8487,2.8492,2.8487,2.8492,2
2026-02-27 07:28:00,2.8437,2.8437,2.8417,2.8417,2.8487,2.8487,2.8467,2.8467,8
2026-02-27 07:29:00,2.8412,2.8412,2.8412,2.8412,2.8462,2.8462,2.8462,2.8462,1
2026-02-27 07:30:00,2.8422,2.8422,2.8412,2.8412,2.8472,2.8472,2.8462,2.8462,2
2026-02-27 07:31:00,2.8407,2.8412,2.8392,2.8407,2.8457,2.8462,2.8442,2.8457,14
2026-02-27 07:32:00,2.8402,2.8402,2.8392,2.8392,2.8452,2.8452,2.8442,2.8442,3
2026-02-27 07:33:00,2.8397,2.8397,2.8392,2.8392,2.8447,2.8447,2.8442,2.8442,2
2026-02-27 07:35:00,2.8382,2.8387,2.8382,2.8387,2.8432,2.8437,2.8432,2.8437,2
2026-02-27 07:36:00,2.8382,2.8392,2.8382,2.8382,2.8432,2.8442,2.8432,2.8432,6
2026-02-27 07:37:00,2.8387,2.8392,2.8382,2.8382,2.8437,2.8442,2.8432,2.8432,3
2026-02-27 07:39:00,2.8377,2.8377,2.8367,2.8372,2.8427,2.8427,2.8417,2.8422,3
2026-02-27 07:42:00,2.8367,2.8367,2.8342,2.8342,2.8417,2.8417,2.8392,2.8392,5
2026-02-27 07:43:00,2.8332,2.8382,2.8332,2.8377,2.8382,2.8432,2.8382,2.8427,17
2026-02-27 07:44:00,2.8387,2.8387,2.8387,2.8387,2.8437,2.8437,2.8437,2.8437,1
2026-02-27 07:45:00,2.8382,2.8382,2.8347,2.8362,2.8432,2.8432,2.8397,2.8412,6
2026-02-27 07:46:00,2.8357,2.8357,2.8357,2.8357,2.8407,2.8407,2.8407,2.8407,1
2026-02-27 07:47:00,2.8372,2.8372,2.8362,2.8367,2.8422,2.8422,2.8412,2.8417,3
2026-02-27 07:50:00,2.8362,2.8367,2.8362,2.8367,2.8412,2.8417,2.8412,2.8417,2
2026-02-27 07:51:00,2.8362,2.8362,2.8362,2.8362,2.8412,2.8412,2.8412,2.8412,1
2026-02-27 07:52:00,2.8367,2.8377,2.8367,2.8367,2.8417,2.8427,2.8417,2.8417,3
2026-02-27 07:53:00,2.8362,2.8362,2.8342,2.8357,2.8412,2.8412,2.8392,2.8407,8
2026-02-27 07:54:00,2.8362,2.8387,2.8362,2.8387,2.8412,2.8437,2.8412,2.8437,3
2026-02-27 07:55:00,2.8392,2.8402,2.8392,2.8397,2.8442,2.8452,2.8442,2.8447,3
2026-02-27 07:57:00,2.8407,2.8427,2.8407,2.8427,2.8457,2.8477,2.8457,2.8477,6
2026-02-27 07:58:00,2.8432,2.8447,2.8432,2.8437,2.8482,2.8497,2.8482,2.8487,5
2026-02-27 07:59:00,2.8432,2.8472,2.8432,2.8462,2.8482,2.8522,2.8482,2.8512,11
2026-02-27 08:00:00,2.8467,2.8467,2.8432,2.8432,2.8517,2.8517,2.8482,2.8482,7
2026-02-27 08:01:00,2.8437,2.8437,2.8432,2.8432,2.8487,2.8487,2.8482,2.8482,6
2026-02-27 08:02:00,2.8442,2.8452,2.8442,2.8442,2.8492,2.8502,2.8492,2.8492,4
2026-02-27 08:04:00,2.8452,2.8452,2.8452,2.8452,2.8502,2.8502,2.8502,2.8502,1
2026-02-27 08:05:00,2.8447,2.8462,2.8447,2.8452,2.8497,2.8512,2.8497,2.8502,9
2026-02-27 08:06:00,2.8442,2.8442,2.8442,2.8442,2.8492,2.8492,2.8492,2.8492,1
2026-02-27 08:07:00,2.8432,2.8437,2.8432,2.8437,2.8482,2.8487,2.8482,2.8487,2
2026-02-27 08:08:00,2.8432,2.8437,2.8417,2.8437,2.8482,2.8487,2.8467,2.8487,5
2026-02-27 08:10:00,2.8427,2.8427,2.8392,2.8412,2.8477,2.8477,2.8442,2.8462,14
2026-02-27 08:11:00,2.8422,2.8422,2.8407,2.8417,2.8472,2.8472,2.8457,2.8467,5
2026-02-27 08:13:00,2.8412,2.8417,2.8412,2.8417,2.8462,2.8467,2.8462,2.8467,2
2026-02-27 08:14:00,2.8412,2.8412,2.8392,2.8392,2.8462,2.8462,2.8442,2.8442,3
2026-02-27 08:15:00,2.8387,2.8392,2.8387,2.8392,2.8437,2.8442,2.8437,2.8442,2
2026-02-27 08:16:00,2.8387,2.8392,2.8382,2.8382,2.8437,2.8442,2.8432,2.8432,3
2026-02-27 08:17:00,2.8392,2.8427,2.8392,2.8427,2.8442,2.8477,2.8442,2.8477,5
2026-02-27 08:18:00,2.8432,2.8442,2.8417,2.8417,2.8482,2.8492,2.8467,2.8467,5
2026-02-27 08:19:00,2.8422,2.8422,2.8422,2.8422,2.8472,2.8472,2.8472,2.8472,1
2026-02-27 08:20:00,2.8417,2.8422,2.8417,2.8422,2.8467,2.8472,2.8467,2.8472,2
2026-02-27 08:21:00,2.8427,2.8432,2.8427,2.8432,2.8477,2.8482,2.8477,2.8482,2
2026-02-27 08:22:00,2.8442,2.8442,2.8422,2.8422,2.8492,2.8492,2.8472,2.8472,5
2026-02-27 08:24:00,2.8432,2.8432,2.8432,2.8432,2.8482,2.8482,2.8482,2.8482,1
2026-02-27 08:25:00,2.8422,2.8422,2.8397,2.8402,2.8472,2.8472,2.8447,2.8452,5
2026-02-27 08:26:00,2.8422,2.8422,2.8422,2.8422,2.8472,2.8472,2.8472,2.8472,1
2026-02-27 08:28:00,2.8417,2.8422,2.8412,2.8412,2.8467,2.8472,2.8462,2.8462,3
2026-02-27 08:29:00,2.8417,2.8417,2.8417,2.8417,2.8467,2.8467,2.8467,2.8467,1
2026-02-27 08:30:00,2.8422,2.8422,2.8362,2.8362,2.8472,2.8472,2.8412,2.8412,12
2026-02-27 08:31:00,2.8357,2.8362,2.8347,2.8362,2.8407,2.8412,2.8397,2.8412,10
2026-02-27 08:32:00,2.8372,2.8372,2.8362,2.8367,2.8422,2.8422,2.8412,2.8417,3
2026-02-27 08:33:00,2.8372,2.8377,2.8372,2.8377,2.8422,2.8427,2.8422,2.8427,2
2026-02-27 08:34:00,2.8382,2.8382,2.8382,2.8382,2.8432,2.8432,2.8432,2.8432,1
2026-02-27 08:35:00,2.8387,2.8387,2.8372,2.8372,2.8437,2.8437,2.8422,2.8422,3
2026-02-27 08:36:00,2.8367,2.8367,2.8342,2.8347,2.8417,2.8417,2.8392,2.8397,5
2026-02-27 08:37:00,2.8352,2.8362,2.8352,2.8362,2.8402,2.8412,2.8402,2.8412,3
2026-02-27 08:38:00,2.8367,2.8367,2.8367,2.8367,2.8417,2.8417,2.8417,2.8417,1
2026-02-27 08:39:00,2.8372,2.8382,2.8372,2.8382,2.8422,2.8432,2.8422,2.8432,4
2026-02-27 08:40:00,2.8387,2.8387,2.8372,2.8372,2.8437,2.8437,2.8422,2.8422,5
2026-02-27 08:41:00,2.8377,2.8377,2.8377,2.8377,2.8427,2.8427,2.8427,2.8427,1
2026-02-27 08:42:00,2.8372,2.8372,2.8372,2.8372,2.8422,2.8422,2.8422,2.8422,1
2026-02-27 08:43:00,2.8367,2.8367,2.8362,2.8362,2.8417,2.8417,2.8412,2.8412,2
2026-02-27 08:44:00,2.8367,2.8367,2.8367,2.8367,2.8417,2.8417,2.8417,2.8417,1
2026-02-27 08:45:00,2.8357,2.8362,2.8357,2.8362,2.8407,2.8412,2.8407,2.8412,2
2026-02-27 08:46:00,2.8367,2.8372,2.8367,2.8372,2.8417,2.8422,2.8417,2.8422,2
2026-02-27 08:48:00,2.8377,2.8392,2.8367,2.8392,2.8427,2.8442,2.8417,2.8442,5
2026-02-27 08:49:00,2.8397,2.8397,2.8382,2.8382,2.8447,2.8447,2.8432,2.8432,6
2026-02-27 08:50:00,2.8387,2.8387,2.8387,2.8387,2.8437,2.8437,2.8437,2.8437,1
2026-02-27 08:51:00,2.8382,2.8382,2.8382,2.8382,2.8432,2.8432,2.8432,2.8432,1
2026-02-27 08:52:00,2.8387,2.8387,2.8387,2.8387,2.8437,2.8437,2.8437,2.8437,1
2026-02-27 08:55:00,2.8402,2.8432,2.8402,2.8422,2.8452,2.8482,2.8452,2.8472,5
2026-02-27 08:56:00,2.8417,2.8422,2.8417,2.8422,2.8467,2.8472,2.8467,2.8472,2
2026-02-27 08:57:00,2.8417,2.8422,2.8407,2.8412,2.8467,2.8472,2.8457,2.8462,5
2026-02-27 08:58:00,2.8422,2.8442,2.8412,2.8432,2.8472,2.8492,2.8462,2.8482,9
2026-02-27 08:59:00,2.8427,2.8427,2.8422,2.8422,2.8477,2.8477,2.8472,2.8472,2
2026-02-27 09:00:00,2.8427,2.8427,2.8352,2.8422,2.8477,2.8477,2.8402,2.8472,22
2026-02-27 09:01:00,2.8417,2.8422,2.8402,2.8407,2.8467,2.8472,2.8452,2.8457,5
2026-02-27 09:02:00,2.8412,2.8417,2.8372,2.8372,2.8462,2.8467,2.8422,2.8422,8
2026-02-27 09:03:00,2.8367,2.8397,2.8367,2.8387,2.8417,2.8447,2.8417,2.8437,11
2026-02-27 09:04:00,2.8377,2.8382,2.8377,2.8382,2.8427,2.8432,2.8427,2.8432,2
2026-02-27 09:05:00,2.8387,2.8387,2.8387,2.8387,2.8437,2.8437,2.8437,2.8437,1
2026-02-27 09:07:00,2.8382,2.8397,2.8367,2.8397,2.8432,2.8447,2.8417,2.8447,11
2026-02-27 09:08:00,2.8402,2.8402,2.8402,2.8402,2.8452,2.8452,2.8452,2.8452,1
2026-02-27 09:09:00,2.8397,2.8397,2.8397,2.8397,2.8447,2.8447,2.8447,2.8447,1
2026-02-27 09:10:00,2.8387,2.8387,2.8382,2.8387,2.8437,2.8437,2.8432,2.8437,3
2026-02-27 09:11:00,2.8397,2.8402,2.8387,2.8387,2.8447,2.8452,2.8437,2.8437,3
2026-02-27 09:12:00,2.8392,2.8397,2.8392,2.8397,2.8442,2.8447,2.8442,2.8447,2
2026-02-27 09:13:00,2.8392,2.8392,2.8362,2.8377,2.8442,2.8442,2.8412,2.8427,6
2026-02-27 09:15:00,2.8382,2.8382,2.8362,2.8362,2.8432,2.8432,2.8412,2.8412,4
2026-02-27 09:16:00,2.8352,2.8367,2.8352,2.8367,2.8402,2.8417,2.8402,2.8417,7
2026-02-27 09:17:00,2.8372,2.8392,2.8372,2.8387,2.8422,2.8442,2.8422,2.8437,4
2026-02-27 09:19:00,2.8392,2.8397,2.8377,2.8377,2.8442,2.8447,2.8427,2.8427,6
2026-02-27 09:20:00,2.8382,2.8382,2.8377,2.8377,2.8432,2.8432,2.8427,2.8427,2
2026-02-27 09:22:00,2.8382,2.8382,2.8377,2.8377,2.8432,2.8432,2.8427,2.8427,2
2026-02-27 09:23:00,2.8367,2.8372,2.8367,2.8367,2.8417,2.8422,2.8417,2.8417,3
2026-02-27 09:24:00,2.8372,2.8377,2.8372,2.8377,2.8422,2.8427,2.8422,2.8427,2
2026-02-27 09:25:00,2.8367,2.8367,2.8362,2.8362,2.8417,2.8417,2.8412,2.8412,2
2026-02-27 09:26:00,2.8352,2.8362,2.8352,2.8357,2.8402,2.8412,2.8402,2.8407,5
2026-02-27 09:27:00,2.8352,2.8367,2.8342,2.8367,2.8402,2.8417,2.8392,2.8417,6
2026-02-27 09:28:00,2.8362,2.8392,2.8362,2.8387,2.8412,2.8442,2.8412,2.8437,6
2026-02-27 09:29:00,2.8382,2.8392,2.8382,2.8382,2.8432,2.8442,2.8432,2.8432,6
2026-02-27 09:30:00,2.8377,2.8402,2.8367,2.8397,2.8427,2.8452,2.8417,2.8447,7
2026-02-27 09:31:00,2.8402,2.8402,2.8392,2.8392,2.8452,2.8452,2.8442,2.8442,3
2026-02-27 09:32:00,2.8387,2.8387,2.8367,2.8372,2.8437,2.8437,2.8417,2.8422,4
2026-02-27 09:33:00,2.8382,2.8382,2.8377,2.8377,2.8432,2.8432,2.8427,2.8427,2
2026-02-27 09:34:00,2.8372,2.8372,2.8362,2.8367,2.8422,2.8422,2.8412,2.8417,3
2026-02-27 09:35:00,2.8372,2.8372,2.8367,2.8367,2.8422,2.8422,2.8417,2.8417,4
2026-02-27 09:37:00,2.8372,2.8372,2.8372,2.8372,2.8422,2.8422,2.8422,2.8422,1
2026-02-27 09:38:00,2.8367,2.8367,2.8347,2.8347,2.8417,2.8417,2.8397,2.8397,6
2026-02-27 09:39:00,2.8342,2.8362,2.8342,2.8362,2.8392,2.8412,2.8392,2.8412,7
2026-02-27 09:40:00,2.8357,2.8362,2.8357,2.8357,2.8407,2.8412,2.8407,2.8407,3
2026-02-27 09:41:00,2.8362,2.8362,2.8357,2.8362,2.8412,2.8412,2.8407,2.8412,3
2026-02-27 09:42:00,2.8357,2.8362,2.8347,2.8352,2.8407,2.8412,2.8397,2.8402,9
2026-02-27 09:43:00,2.8347,2.8357,2.8347,2.8347,2.8397,2.8407,2.8397,2.8397,5
2026-02-27 09:44:00,2.8352,2.8352,2.8347,2.8352,2.8402,2.8402,2.8397,2.8402,3
2026-02-27 09:45:00,2.8347,2.8352,2.8342,2.8342,2.8397,2.8402,2.8392,2.8392,5
2026-02-27 09:46:00,2.8337,2.8362,2.8337,2.8362,2.8387,2.8412,2.8387,2.8412,5
2026-02-27 09:47:00,2.8357,2.8392,2.8357,2.8392,2.8407,2.8442,2.8407,2.8442,6
2026-02-27 09:48:00,2.8382,2.8382,2.8377,2.8377,2.8432,2.8432,2.8427,2.8427,2
2026-02-27 09:49:00,2.8367,2.8377,2.8367,2.8377,2.8417,2.8427,2.8417,2.8427,4
2026-02-27 09:50:00,2.8367,2.8367,2.8367,2.8367,2.8417,2.8417,2.8417,2.8417,1
2026-02-27 09:51:00,2.8372,2.8372,2.8362,2.8362,2.8422,2.8422,2.8412,2.8412,2
2026-02-27 09:52:00,2.8367,2.8367,2.8367,2.8367,2.8417,2.8417,2.8417,2.8417,1
2026-02-27 09:53:00,2.8362,2.8362,2.8352,2.8352,2.8412,2.8412,2.8402,2.8402,3
2026-02-27 09:55:00,2.8362,2.8362,2.8352,2.8352,2.8412,2.8412,2.8402,2.8402,3
2026-02-27 09:56:00,2.8362,2.8407,2.8352,2.8407,2.8412,2.8457,2.8402,2.8457,29
2026-02-27 09:57:00,2.8422,2.8442,2.8392,2.8407,2.8472,2.8492,2.8442,2.8457,22
2026-02-27 09:58:00,2.8402,2.8402,2.8397,2.8397,2.8452,2.8452,2.8447,2.8447,2
2026-02-27 10:00:00,2.8392,2.8392,2.8367,2.8372,2.8442,2.8442,2.8417,2.8422,4
2026-02-27 10:01:00,2.8382,2.8382,2.8382,2.8382,2.8432,2.8432,2.8432,2.8432,1
2026-02-27 10:03:00,2.8392,2.8397,2.8392,2.8397,2.8442,2.8447,2.8442,2.8447,2
2026-02-27 10:04:00,2.8387,2.8392,2.8382,2.8387,2.8437,2.8442,2.8432,2.8437,5
2026-02-27 10:05:00,2.8382,2.8382,2.8382,2.8382,2.8432,2.8432,2.8432,2.8432,1
2026-02-27 10:06:00,2.8387,2.8387,2.8372,2.8387,2.8437,2.8437,2.8422,2.8437,8
2026-02-27 10:07:00,2.8382,2.8392,2.8382,2.8392,2.8432,2.8442,2.8432,2.8442,3
2026-02-27 10:08:00,2.8382,2.8387,2.8382,2.8382,2.8432,2.8437,2.8432,2.8432,3
2026-02-27 10:11:00,2.8387,2.8392,2.8387,2.8392,2.8437,2.8442,2.8437,2.8442,2
2026-02-27 10:12:00,2.8397,2.8407,2.8392,2.8392,2.8447,2.8457,2.8442,2.8442,6
2026-02-27 10:13:00,2.8382,2.8382,2.8362,2.8367,2.8432,2.8432,2.8412,2.8417,5
2026-02-27 10:15:00,2.8372,2.8372,2.8362,2.8362,2.8422,2.8422,2.8412,2.8412,3
2026-02-27 10:17:00,2.8357,2.8357,2.8352,2.8352,2.8407,2.8407,2.8402,2.8402,2
2026-02-27 10:18:00,2.8347,2.8347,2.8342,2.8342,2.8397,2.8397,2.8392,2.8392,2
2026-02-27 10:19:00,2.8332,2.8332,2.8282,2.8282,2.8382,2.8382,2.8332,2.8332,20
2026-02-27 10:20:00,2.8262,2.8272,2.8262,2.8272,2.8312,2.8322,2.8312,2.8322,4
2026-02-27 10:21:00,2.8277,2.8282,2.8272,2.8272,2.8327,2.8332,2.8322,2.8322,4
2026-02-27 10:22:00,2.8277,2.8312,2.8277,2.8312,2.8327,2.8362,2.8327,2.8362,6
2026-02-27 10:23:00,2.8322,2.8332,2.8322,2.8327,2.8372,2.8382,2.8372,2.8377,3
2026-02-27 10:24:00,2.8332,2.8357,2.8327,2.8342,2.8382,2.8407,2.8377,2.8392,8
2026-02-27 10:25:00,2.8347,2.8362,2.8347,2.8362,2.8397,2.8412,2.8397,2.8412,4
2026-02-27 10:26:00,2.8367,2.8392,2.8367,2.8392,2.8417,2.8442,2.8417,2.8442,9
2026-02-27 10:27:00,2.8397,2.8407,2.8392,2.8397,2.8447,2.8457,2.8442,2.8447,9
2026-02-27 10:28:00,2.8392,2.8392,2.8377,2.8382,2.8442,2.8442,2.8427,2.8432,6
2026-02-27 10:29:00,2.8377,2.8382,2.8377,2.8382,2.8427,2.8432,2.8427,2.8432,4
2026-02-27 10:31:00,2.8387,2.8397,2.8372,2.8397,2.8437,2.8447,2.8422,2.8447,11
2026-02-27 10:32:00,2.8407,2.8412,2.8407,2.8412,2.8457,2.8462,2.8457,2.8462,2
2026-02-27 10:36:00,2.8407,2.8412,2.8407,2.8412,2.8457,2.8462,2.8457,2.8462,2
2026-02-27 10:37:00,2.8407,2.8407,2.8382,2.8382,2.8457,2.8457,2.8432,2.8432,8
2026-02-27 10:38:00,2.8372,2.8397,2.8372,2.8397,2.8422,2.8447,2.8422,2.8447,5
2026-02-27 10:39:00,2.8392,2.8392,2.8382,2.8382,2.8442,2.8442,2.8432,2.8432,3
2026-02-27 10:40:00,2.8387,2.8402,2.8387,2.8397,2.8437,2.8452,2.8437,2.8447,5
2026-02-27 10:41:00,2.8392,2.8402,2.8392,2.8402,2.8442,2.8452,2.8442,2.8452,2
2026-02-27 10:43:00,2.8412,2.8427,2.8412,2.8422,2.8462,2.8477,2.8462,2.8472,4
2026-02-27 10:44:00,2.8427,2.8442,2.8422,2.8432,2.8477,2.8492,2.8472,2.8482,9
2026-02-27 10:45:00,2.8442,2.8442,2.8422,2.8422,2.8492,2.8492,2.8472,2.8472,4
2026-02-27 10:47:00,2.8417,2.8422,2.8417,2.8422,2.8467,2.8472,2.8467,2.8472,2
2026-02-27 10:48:00,2.8427,2.8427,2.8392,2.8402,2.8477,2.8477,2.8442,2.8452,9
2026-02-27 10:49:00,2.8407,2.8407,2.8397,2.8397,2.8457,2.8457,2.8447,2.8447,3
2026-02-27 10:50:00,2.8392,2.8397,2.8387,2.8387,2.8442,2.8447,2.8437,2.8437,4
2026-02-27 10:51:00,2.8382,2.8387,2.8382,2.8387,2.8432,2.8437,2.8432,2.8437,2
2026-02-27 10:52:00,2.8392,2.8407,2.8392,2.8402,2.8442,2.8457,2.8442,2.8452,6
2026-02-27 10:53:00,2.8392,2.8392,2.8392,2.8392,2.8442,2.8442,2.8442,2.8442,1
2026-02-27 10:54:00,2.8382,2.8407,2.8382,2.8402,2.8432,2.8457,2.8432,2.8452,9
2026-02-27 10:55:00,2.8407,2.8432,2.8407,2.8432,2.8457,2.8482,2.8457,2.8482,8
2026-02-27 10:56:00,2.8422,2.8432,2.8422,2.8432,2.8472,2.8482,2.8472,2.8482,2
2026-02-27 10:57:00,2.8437,2.8462,2.8432,2.8452,2.8487,2.8512,2.8482,2.8502,8
2026-02-27 10:58:00,2.8462,2.8462,2.8457,2.8462,2.8512,2.8512,2.8507,2.8512,5
2026-02-27 10:59:00,2.8457,2.8462,2.8457,2.8462,2.8507,2.8512,2.8507,2.8512,2
2026-02-27 11:00:00,2.8467,2.8472,2.8442,2.8442,2.8517,2.8522,2.8492,2.8492,8
2026-02-27 11:01:00,2.8437,2.8452,2.8437,2.8452,2.8487,2.8502,2.8487,2.8502,3
2026-02-27 11:02:00,2.8462,2.8482,2.8452,2.8482,2.8512,2.8532,2.8502,2.8532,11
2026-02-27 11:04:00,2.8492,2.8492,2.8477,2.8482,2.8542,2.8542,2.8527,2.8532,6
2026-02-27 11:05:00,2.8472,2.8492,2.8472,2.8482,2.8522,2.8542,2.8522,2.8532,5
2026-02-27 11:06:00,2.8492,2.8537,2.8492,2.8527,2.8542,2.8587,2.8542,2.8577,10
2026-02-27 11:07:00,2.8517,2.8522,2.8512,2.8522,2.8567,2.8572,2.8562,2.8572,10
2026-02-27 11:08:00,2.8527,2.8542,2.8527,2.8527,2.8577,2.8592,2.8577,2.8577,9
2026-02-27 11:09:00,2.8532,2.8542,2.8532,2.8532,2.8582,2.8592,2.8582,2.8582,4
2026-02-27 11:10:00,2.8537,2.8542,2.8537,2.8542,2.8587,2.8592,2.8587,2.8592,2
2026-02-27 11:11:00,2.8552,2.8612,2.8552,2.8597,2.8602,2.8662,2.8602,2.8647,27
2026-02-27 11:12:00,2.8602,2.8612,2.8592,2.8592,2.8652,2.8662,2.8642,2.8642,12
2026-02-27 11:13:00,2.8582,2.8582,2.8577,2.8582,2.8632,2.8632,2.8627,2.8632,5
2026-02-27 11:14:00,2.8577,2.8592,2.8577,2.8592,2.8627,2.8642,2.8627,2.8642,3
2026-02-27 11:15:00,2.8587,2.8592,2.8577,2.8582,2.8637,2.8642,2.8627,2.8632,8
2026-02-27 11:16:00,2.8542,2.8557,2.8512,2.8547,2.8592,2.8607,2.8562,2.8597,25
2026-02-27 11:17:00,2.8527,2.8532,2.8492,2.8522,2.8577,2.8582,2.8542,2.8572,19
2026-02-27 11:18:00,2.8517,2.8542,2.8517,2.8542,2.8567,2.8592,2.8567,2.8592,6
2026-02-27 11:19:00,2.8537,2.8537,2.8507,2.8507,2.8587,2.8587,2.8557,2.8557,5
2026-02-27 11:20:00,2.8512,2.8542,2.8512,2.8522,2.8562,2.8592,2.8562,2.8572,8
2026-02-27 11:21:00,2.8532,2.8542,2.8517,2.8537,2.8582,2.8592,2.8567,2.8587,11
2026-02-27 11:22:00,2.8542,2.8542,2.8532,2.8542,2.8592,2.8592,2.8582,2.8592,10
2026-02-27 11:24:00,2.8552,2.8562,2.8542,2.8552,2.8602,2.8612,2.8592,2.8602,9
2026-02-27 11:25:00,2.8547,2.8547,2.8522,2.8532,2.8597,2.8597,2.8572,2.8582,9
2026-02-27 11:26:00,2.8527,2.8527,2.8507,2.8507,2.8577,2.8577,2.8557,2.8557,4
2026-02-27 11:27:00,2.8502,2.8507,2.8492,2.8502,2.8552,2.8557,2.8542,2.8552,8
2026-02-27 11:28:00,2.8492,2.8532,2.8492,2.8532,2.8542,2.8582,2.8542,2.8582,6
2026-02-27 11:29:00,2.8527,2.8542,2.8517,2.8542,2.8577,2.8592,2.8567,2.8592,8
2026-02-27 11:30:00,2.8537,2.8542,2.8532,2.8537,2.8587,2.8592,2.8582,2.8587,4
2026-02-27 11:31:00,2.8532,2.8552,2.8527,2.8547,2.8582,2.8602,2.8577,2.8597,9
2026-02-27 11:32:00,2.8542,2.8542,2.8512,2.8512,2.8592,2.8592,2.8562,2.8562,4
2026-02-27 11:33:00,2.8507,2.8507,2.8492,2.8497,2.8557,2.8557,2.8542,2.8547,6
2026-02-27 11:34:00,2.8502,2.8502,2.8492,2.8497,2.8552,2.8552,2.8542,2.8547,5
2026-02-27 11:35:00,2.8492,2.8502,2.8462,2.8462,2.8542,2.8552,2.8512,2.8512,7
2026-02-27 11:36:00,2.8457,2.8502,2.8452,2.8497,2.8507,2.8552,2.8502,2.8547,9
2026-02-27 11:37:00,2.8492,2.8507,2.8492,2.8502,2.8542,2.8557,2.8542,2.8552,3
2026-02-27 11:38:00,2.8507,2.8542,2.8507,2.8537,2.8557,2.8592,2.8557,2.8587,10
2026-02-27 11:40:00,2.8532,2.8542,2.8527,2.8542,2.8582,2.8592,2.8577,2.8592,4
2026-02-27 11:41:00,2.8537,2.8537,2.8502,2.8522,2.8587,2.8587,2.8552,2.8572,9
2026-02-27 11:43:00,2.8532,2.8532,2.8512,2.8522,2.8582,2.8582,2.8562,2.8572,6
2026-02-27 11:44:00,2.8527,2.8527,2.8517,2.8517,2.8577,2.8577,2.8567,2.8567,3
2026-02-27 11:45:00,2.8527,2.8527,2.8527,2.8527,2.8577,2.8577,2.8577,2.8577,1
2026-02-27 11:46:00,2.8512,2.8537,2.8512,2.8532,2.8562,2.8587,2.8562,2.8582,6
2026-02-27 11:47:00,2.8537,2.8542,2.8537,2.8542,2.8587,2.8592,2.8587,2.8592,2
2026-02-27 11:48:00,2.8547,2.8552,2.8542,2.8552,2.8597,2.8602,2.8592,2.8602,4
2026-02-27 11:49:00,2.8542,2.8572,2.8542,2.8542,2.8592,2.8622,2.8592,2.8592,10
2026-02-27 11:50:00,2.8552,2.8562,2.8482,2.8482,2.8602,2.8612,2.8532,2.8532,19
2026-02-27 11:51:00,2.8472,2.8512,2.8452,2.8507,2.8522,2.8562,2.8502,2.8557,20
2026-02-27 11:52:00,2.8502,2.8502,2.8502,2.8502,2.8552,2.8552,2.8552,2.8552,1
2026-02-27 11:53:00,2.8497,2.8512,2.8497,2.8512,2.8547,2.8562,2.8547,2.8562,3
2026-02-27 11:54:00,2.8522,2.8522,2.8507,2.8507,2.8572,2.8572,2.8557,2.8557,8
2026-02-27 11:55:00,2.8512,2.8522,2.8512,2.8522,2.8562,2.8572,2.8562,2.8572,2
2026-02-27 11:56:00,2.8532,2.8542,2.8532,2.8532,2.8582,2.8592,2.8582,2.8582,3
2026-02-27 11:57:00,2.8527,2.8532,2.8522,2.8532,2.8577,2.8582,2.8572,2.8582,4
2026-02-27 11:58:00,2.8547,2.8562,2.8542,2.8547,2.8597,2.8612,2.8592,2.8597,6
2026-02-27 11:59:00,2.8542,2.8542,2.8532,2.8542,2.8592,2.8592,2.8582,2.8592,4
2026-02-27 12:00:00,2.8537,2.8572,2.8537,2.8552,2.8587,2.8622,2.8587,2.8602,11
2026-02-27 12:01:00,2.8547,2.8547,2.8542,2.8542,2.8597,2.8597,2.8592,2.8592,2
2026-02-27 12:02:00,2.8532,2.8542,2.8532,2.8542,2.8582,2.8592,2.8582,2.8592,2
2026-02-27 12:03:00,2.8537,2.8537,2.8532,2.8537,2.8587,2.8587,2.8582,2.8587,3
2026-02-27 12:04:00,2.8532,2.8532,2.8532,2.8532,2.8582,2.8582,2.8582,2.8582,1
2026-02-27 12:05:00,2.8542,2.8542,2.8512,2.8512,2.8592,2.8592,2.8562,2.8562,8
2026-02-27 12:06:00,2.8522,2.8532,2.8517,2.8522,2.8572,2.8582,2.8567,2.8572,7
2026-02-27 12:07:00,2.8527,2.8527,2.8522,2.8522,2.8577,2.8577,2.8572,2.8572,2
2026-02-27 12:08:00,2.8517,2.8522,2.8517,2.8522,2.8567,2.8572,2.8567,2.8572,2
2026-02-27 12:09:00,2.8512,2.8522,2.8512,2.8512,2.8562,2.8572,2.8562,2.8562,3
2026-02-27 12:10:00,2.8507,2.8512,2.8492,2.8502,2.8557,2.8562,2.8542,2.8552,6
2026-02-27 12:11:00,2.8512,2.8527,2.8512,2.8527,2.8562,2.8577,2.8562,2.8577,6
2026-02-27 12:12:00,2.8537,2.8537,2.8532,2.8532,2.8587,2.8587,2.8582,2.8582,2
2026-02-27 12:13:00,2.8537,2.8537,2.8537,2.8537,2.8587,2.8587,2.8587,2.8587,1
2026-02-27 12:14:00,2.8532,2.8542,2.8512,2.8512,2.8582,2.8592,2.8562,2.8562,10
2026-02-27 12:15:00,2.8507,2.8507,2.8502,2.8502,2.8557,2.8557,2.8552,2.8552,2
2026-02-27 12:16:00,2.8512,2.8512,2.8497,2.8502,2.8562,2.8562,2.8547,2.8552,4
2026-02-27 12:17:00,2.8497,2.8502,2.8497,2.8502,2.8547,2.8552,2.8547,2.8552,2
2026-02-27 12:18:00,2.8497,2.8497,2.8492,2.8492,2.8547,2.8547,2.8542,2.8542,2
2026-02-27 12:19:00,2.8482,2.8502,2.8482,2.8492,2.8532,2.8552,2.8532,2.8542,4
2026-02-27 12:21:00,2.8482,2.8482,2.8457,2.8472,2.8532,2.8532,2.8507,2.8522,9
2026-02-27 12:22:00,2.8482,2.8482,2.8472,2.8472,2.8532,2.8532,2.8522,2.8522,4
2026-02-27 12:23:00,2.8462,2.8472,2.8452,2.8452,2.8512,2.8522,2.8502,2.8502,10
2026-02-27 12:24:00,2.8457,2.8477,2.8452,2.8452,2.8507,2.8527,2.8502,2.8502,6
2026-02-27 12:25:00,2.8457,2.8472,2.8457,2.8472,2.8507,2.8522,2.8507,2.8522,2
2026-02-27 12:26:00,2.8477,2.8482,2.8472,2.8472,2.8527,2.8532,2.8522,2.8522,10
2026-02-27 12:28:00,2.8462,2.8472,2.8452,2.8462,2.8512,2.8522,2.8502,2.8512,8
2026-02-27 12:29:00,2.8452,2.8452,2.8402,2.8427,2.8502,2.8502,2.8452,2.8477,17
2026-02-27 12:30:00,2.8432,2.8517,2.8427,2.8512,2.8482,2.8567,2.8477,2.8562,16
2026-02-27 12:31:00,2.8502,2.8502,2.8492,2.8492,2.8552,2.8552,2.8542,2.8542,2
2026-02-27 12:32:00,2.8487,2.8487,2.8462,2.8462,2.8537,2.8537,2.8512,2.8512,4
2026-02-27 12:33:00,2.8467,2.8482,2.8442,2.8452,2.8517,2.8532,2.8492,2.8502,13
2026-02-27 12:35:00,2.8462,2.8492,2.8462,2.8482,2.8512,2.8542,2.8512,2.8532,15
2026-02-27 12:36:00,2.8477,2.8477,2.8472,2.8472,2.8527,2.8527,2.8522,2.8522,2
2026-02-27 12:37:00,2.8477,2.8492,2.8462,2.8462,2.8527,2.8542,2.8512,2.8512,9
2026-02-27 12:38:00,2.8457,2.8492,2.8432,2.8467,2.8507,2.8542,2.8482,2.8517,18
2026-02-27 12:39:00,2.8457,2.8467,2.8447,2.8462,2.8507,2.8517,2.8497,2.8512,8
2026-02-27 12:40:00,2.8457,2.8457,2.8442,2.8442,2.8507,2.8507,2.8492,2.8492,11
2026-02-27 12:41:00,2.8432,2.8442,2.8432,2.8442,2.8482,2.8492,2.8482,2.8492,4
2026-02-27 12:42:00,2.8437,2.8452,2.8437,2.8452,2.8487,2.8502,2.8487,2.8502,4
2026-02-27 12:43:00,2.8442,2.8442,2.8437,2.8437,2.8492,2.8492,2.8487,2.8487,2
2026-02-27 12:44:00,2.8432,2.8442,2.8427,2.8437,2.8482,2.8492,2.8477,2.8487,4
2026-02-27 12:45:00,2.8442,2.8477,2.8442,2.8477,2.8492,2.8527,2.8492,2.8527,4
2026-02-27 12:46:00,2.8472,2.8472,2.8457,2.8457,2.8522,2.8522,2.8507,2.8507,4
2026-02-27 12:47:00,2.8462,2.8472,2.8452,2.8472,2.8512,2.8522,2.8502,2.8522,9
2026-02-27 12:48:00,2.8482,2.8482,2.8457,2.8482,2.8532,2.8532,2.8507,2.8532,7
2026-02-27 12:49:00,2.8487,2.8507,2.8487,2.8492,2.8537,2.8557,2.8537,2.8542,6
2026-02-27 12:50:00,2.8487,2.8502,2.8462,2.8482,2.8537,2.8552,2.8512,2.8532,19
2026-02-27 12:51:00,2.8487,2.8492,2.8482,2.8487,2.8537,2.8542,2.8532,2.8537,9
2026-02-27 12:52:00,2.8482,2.8482,2.8477,2.8477,2.8532,2.8532,2.8527,2.8527,6
2026-02-27 12:53:00,2.8462,2.8462,2.8432,2.8452,2.8512,2.8512,2.8482,2.8502,19
2026-02-27 12:54:00,2.8462,2.8472,2.8437,2.8472,2.8512,2.8522,2.8487,2.8522,10
2026-02-27 12:55:00,2.8482,2.8482,2.8472,2.8472,2.8532,2.8532,2.8522,2.8522,7
2026-02-27 12:56:00,2.8467,2.8482,2.8467,2.8482,2.8517,2.8532,2.8517,2.8532,3
2026-02-27 12:57:00,2.8477,2.8492,2.8467,2.8482,2.8527,2.8542,2.8517,2.8532,9
2026-02-27 12:58:00,2.8487,2.8517,2.8487,2.8512,2.8537,2.8567,2.8537,2.8562,15
2026-02-27 12:59:00,2.8517,2.8522,2.8482,2.8482,2.8567,2.8572,2.8532,2.8532,19
2026-02-27 13:00:00,2.8472,2.8472,2.8442,2.8462,2.8522,2.8522,2.8492,2.8512,19
2026-02-27 13:01:00,2.8452,2.8482,2.8447,2.8482,2.8502,2.8532,2.8497,2.8532,10
2026-02-27 13:02:00,2.8487,2.8492,2.8462,2.8462,2.8537,2.8542,2.8512,2.8512,12
2026-02-27 13:03:00,2.8457,2.8482,2.8452,2.8477,2.8507,2.8532,2.8502,2.8527,9
2026-02-27 13:04:00,2.8482,2.8492,2.8472,2.8492,2.8532,2.8542,2.8522,2.8542,9
2026-02-27 13:05:00,2.8487,2.8492,2.8472,2.8482,2.8537,2.8542,2.8522,2.8532,12
2026-02-27 13:06:00,2.8472,2.8482,2.8452,2.8477,2.8522,2.8532,2.8502,2.8527,10
2026-02-27 13:07:00,2.8487,2.8542,2.8487,2.8542,2.8537,2.8592,2.8537,2.8592,18
2026-02-27 13:08:00,2.8532,2.8542,2.8527,2.8542,2.8582,2.8592,2.8577,2.8592,4
2026-02-27 13:09:00,2.8532,2.8552,2.8522,2.8542,2.8582,2.8602,2.8572,2.8592,10
2026-02-27 13:10:00,2.8552,2.8572,2.8522,2.8522,2.8602,2.8622,2.8572,2.8572,17
2026-02-27 13:11:00,2.8527,2.8527,2.8512,2.8512,2.8577,2.8577,2.8562,2.8562,7
2026-02-27 13:12:00,2.8502,2.8512,2.8502,2.8507,2.8552,2.8562,2.8552,2.8557,6
2026-02-27 13:13:00,2.8502,2.8532,2.8502,2.8527,2.8552,2.8582,2.8552,2.8577,11
2026-02-27 13:14:00,2.8512,2.8522,2.8512,2.8522,2.8562,2.8572,2.8562,2.8572,7
2026-02-27 13:15:00,2.8517,2.8542,2.8512,2.8542,2.8567,2.8592,2.8562,2.8592,10
2026-02-27 13:16:00,2.8547,2.8557,2.8532,2.8557,2.8597,2.8607,2.8582,2.8607,7
2026-02-27 13:17:00,2.8562,2.8562,2.8552,2.8562,2.8612,2.8612,2.8602,2.8612,10
2026-02-27 13:18:00,2.8557,2.8592,2.8542,2.8587,2.8607,2.8642,2.8592,2.8637,20
2026-02-27 13:19:00,2.8582,2.8687,2.8572,2.8687,2.8632,2.8737,2.8622,2.8737,42
2026-02-27 13:20:00,2.8682,2.8692,2.8622,2.8637,2.8732,2.8742,2.8672,2.8687,29
2026-02-27 13:21:00,2.8632,2.8682,2.8622,2.8682,2.8682,2.8732,2.8672,2.8732,28
2026-02-27 13:22:00,2.8687,2.8702,2.8642,2.8692,2.8737,2.8752,2.8692,2.8742,44
2026-02-27 13:23:00,2.8687,2.8722,2.8682,2.8717,2.8737,2.8772,2.8732,2.8767,30
2026-02-27 13:24:00,2.8722,2.8742,2.8712,2.8732,2.8772,2.8792,2.8762,2.8782,14
2026-02-27 13:25:00,2.8737,2.8742,2.8702,2.8722,2.8787,2.8792,2.8752,2.8772,34
2026-02-27 13:26:00,2.8712,2.8742,2.8712,2.8737,2.8762,2.8792,2.8762,2.8787,21
2026-02-27 13:27:00,2.8732,2.8742,2.8622,2.8632,2.8782,2.8792,2.8672,2.8682,38
2026-02-27 13:28:00,2.8622,2.8662,2.8612,2.8662,2.8672,2.8712,2.8662,2.8712,23
2026-02-27 13:29:00,2.8657,2.8692,2.8657,2.8692,2.8707,2.8742,2.8707,2.8742,11
2026-02-27 13:30:00,2.8707,2.8732,2.8707,2.8732,2.8757,2.8782,2.8757,2.8782,7
2026-02-27 13:31:00,2.8722,2.8782,2.8712,2.8782,2.8772,2.8832,2.8762,2.8832,15
2026-02-27 13:32:00,2.8792,2.8797,2.8752,2.8752,2.8842,2.8847,2.8802,2.8802,29
2026-02-27 13:33:00,2.8757,2.8772,2.8752,2.8762,2.8807,2.8822,2.8802,2.8812,9
2026-02-27 13:34:00,2.8767,2.8777,2.8752,2.8752,2.8817,2.8827,2.8802,2.8802,7
2026-02-27 13:35:00,2.8762,2.8772,2.8742,2.8742,2.8812,2.8822,2.8792,2.8792,7
2026-02-27 13:36:00,2.8737,2.8762,2.8737,2.8742,2.8787,2.8812,2.8787,2.8792,10
2026-02-27 13:37:00,2.8752,2.8762,2.8732,2.8762,2.8802,2.8812,2.8782,2.8812,12
2026-02-27 13:38:00,2.8767,2.8792,2.8752,2.8792,2.8817,2.8842,2.8802,2.8842,10
2026-02-27 13:39:00,2.8782,2.8802,2.8777,2.8802,2.8832,2.8852,2.8827,2.8852,16
2026-02-27 13:40:00,2.8797,2.8802,2.8762,2.8762,2.8847,2.8852,2.8812,2.8812,12
2026-02-27 13:41:00,2.8757,2.8757,2.8732,2.8732,2.8807,2.8807,2.8782,2.8782,9
2026-02-27 13:42:00,2.8727,2.8752,2.8727,2.8742,2.8777,2.8802,2.8777,2.8792,6
2026-02-27 13:43:00,2.8752,2.8752,2.8732,2.8732,2.8802,2.8802,2.8782,2.8782,3
2026-02-27 13:44:00,2.8742,2.8742,2.8702,2.8722,2.8792,2.8792,2.8752,2.8772,14
2026-02-27 13:45:00,2.8712,2.8722,2.8702,2.8702,2.8762,2.8772,2.8752,2.8752,8
2026-02-27 13:46:00,2.8712,2.8732,2.8707,2.8732,2.8762,2.8782,2.8757,2.8782,14
2026-02-27 13:47:00,2.8727,2.8742,2.8717,2.8722,2.8777,2.8792,2.8767,2.8772,11
2026-02-27 13:48:00,2.8732,2.8772,2.8732,2.8762,2.8782,2.8822,2.8782,2.8812,17
2026-02-27 13:49:00,2.8752,2.8762,2.8747,2.8752,2.8802,2.8812,2.8797,2.8802,8
2026-02-27 13:50:00,2.8772,2.8772,2.8747,2.8772,2.8822,2.8822,2.8797,2.8822,13
2026-02-27 13:51:00,2.8767,2.8772,2.8737,2.8752,2.8817,2.8822,2.8787,2.8802,8
2026-02-27 13:52:00,2.8747,2.8767,2.8747,2.8752,2.8797,2.8817,2.8797,2.8802,14
2026-02-27 13:53:00,2.8757,2.8787,2.8742,2.8772,2.8807,2.8837,2.8792,2.8822,11
2026-02-27 13:54:00,2.8782,2.8792,2.8777,2.8777,2.8832,2.8842,2.8827,2.8827,8
2026-02-27 13:55:00,2.8767,2.8792,2.8752,2.8772,2.8817,2.8842,2.8802,2.8822,15
2026-02-27 13:56:00,2.8787,2.8787,2.8757,2.8772,2.8837,2.8837,2.8807,2.8822,19
2026-02-27 13:57:00,2.8777,2.8802,2.8777,2.8782,2.8827,2.8852,2.8827,2.8832,9
2026-02-27 13:58:00,2.8787,2.8802,2.8762,2.8792,2.8837,2.8852,2.8812,2.8842,16
2026-02-27 13:59:00,2.8782,2.8817,2.8777,2.8812,2.8832,2.8867,2.8827,2.8862,23
2026-02-27 14:00:00,2.8822,2.8842,2.8747,2.8792,2.8872,2.8892,2.8797,2.8842,52
2026-02-27 14:01:00,2.8802,2.8817,2.8792,2.8812,2.8852,2.8867,2.8842,2.8862,18
2026-02-27 14:02:00,2.8822,2.8827,2.8812,2.8822,2.8872,2.8877,2.8862,2.8872,14
2026-02-27 14:03:00,2.8817,2.8822,2.8782,2.8812,2.8867,2.8872,2.8832,2.8862,20
2026-02-27 14:04:00,2.8817,2.8832,2.8812,2.8822,2.8867,2.8882,2.8862,2.8872,10
2026-02-27 14:05:00,2.8827,2.8842,2.8777,2.8777,2.8877,2.8892,2.8827,2.8827,19
2026-02-27 14:06:00,2.8772,2.8772,2.8722,2.8732,2.8822,2.8822,2.8772,2.8782,32
2026-02-27 14:07:00,2.8742,2.8817,2.8712,2.8802,2.8792,2.8867,2.8762,2.8852,37
2026-02-27 14:08:00,2.8807,2.8812,2.8782,2.8792,2.8857,2.8862,2.8832,2.8842,21
2026-02-27 14:09:00,2.8797,2.8842,2.8792,2.8822,2.8847,2.8892,2.8842,2.8872,16
2026-02-27 14:10:00,2.8827,2.8827,2.8767,2.8782,2.8877,2.8877,2.8817,2.8832,26
2026-02-27 14:11:00,2.8787,2.8802,2.8752,2.8767,2.8837,2.8852,2.8802,2.8817,28
2026-02-27 14:12:00,2.8762,2.8812,2.8762,2.8807,2.8812,2.8862,2.8812,2.8857,8
2026-02-27 14:13:00,2.8802,2.8812,2.8782,2.8792,2.8852,2.8862,2.8832,2.8842,10
2026-02-27 14:14:00,2.8797,2.8827,2.8797,2.8812,2.8847,2.8877,2.8847,2.8862,11
2026-02-27 14:15:00,2.8807,2.8842,2.8802,2.8832,2.8857,2.8892,2.8852,2.8882,19
2026-02-27 14:16:00,2.8827,2.8862,2.8822,2.8852,2.8877,2.8912,2.8872,2.8902,55
2026-02-27 14:17:00,2.8862,2.8952,2.8852,2.8942,2.8912,2.9002,2.8902,2.8992,42
2026-02-27 14:18:00,2.8937,2.8942,2.8902,2.8912,2.8987,2.8992,2.8952,2.8962,18
2026-02-27 14:19:00,2.8917,2.8927,2.8892,2.8892,2.8967,2.8977,2.8942,2.8942,13
2026-02-27 14:20:00,2.8902,2.8902,2.8842,2.8872,2.8952,2.8952,2.8892,2.8922,30
2026-02-27 14:21:00,2.8877,2.8922,2.8852,2.8912,2.8927,2.8972,2.8902,2.8962,34
2026-02-27 14:22:00,2.8917,2.8982,2.8912,2.8962,2.8967,2.9032,2.8962,2.9012,48
2026-02-27 14:23:00,2.8952,2.8962,2.8912,2.8922,2.9002,2.9012,2.8962,2.8972,14
2026-02-27 14:24:00,2.8927,2.8942,2.8922,2.8927,2.8977,2.8992,2.8972,2.8977,10
2026-02-27 14:25:00,2.8922,2.8922,2.8882,2.8882,2.8972,2.8972,2.8932,2.8932,25
2026-02-27 14:26:00,2.8892,2.8912,2.8877,2.8892,2.8942,2.8962,2.8927,2.8942,25
2026-02-27 14:27:00,2.8902,2.8912,2.8892,2.8912,2.8952,2.8962,2.8942,2.8962,8
2026-02-27 14:28:00,2.8917,2.8917,2.8872,2.8892,2.8967,2.8967,2.8922,2.8942,20
2026-02-27 14:29:00,2.8897,2.8912,2.8852,2.8862,2.8947,2.8962,2.8902,2.8912,20
2026-02-27 14:30:00,2.8867,2.8897,2.8852,2.8892,2.8917,2.8947,2.8902,2.8942,21
2026-02-27 14:31:00,2.8887,2.8887,2.8822,2.8832,2.8937,2.8937,2.8872,2.8882,14
2026-02-27 14:32:00,2.8827,2.8832,2.8807,2.8832,2.8877,2.8882,2.8857,2.8882,14
2026-02-27 14:33:00,2.8822,2.8832,2.8812,2.8812,2.8872,2.8882,2.8862,2.8862,12
2026-02-27 14:34:00,2.8802,2.8822,2.8802,2.8812,2.8852,2.8872,2.8852,2.8862,10
2026-02-27 14:35:00,2.8807,2.8817,2.8792,2.8802,2.8857,2.8867,2.8842,2.8852,10
2026-02-27 14:36:00,2.8792,2.8792,2.8762,2.8762,2.8842,2.8842,2.8812,2.8812,17
2026-02-27 14:37:00,2.8772,2.8792,2.8762,2.8792,2.8822,2.8842,2.8812,2.8842,17
2026-02-27 14:38:00,2.8797,2.8812,2.8777,2.8777,2.8847,2.8862,2.8827,2.8827,9
2026-02-27 14:39:00,2.8782,2.8792,2.8777,2.8792,2.8832,2.8842,2.8827,2.8842,4
2026-02-27 14:40:00,2.8787,2.8792,2.8732,2.8737,2.8837,2.8842,2.8782,2.8787,28
2026-02-27 14:41:00,2.8742,2.8742,2.8722,2.8727,2.8792,2.8792,2.8772,2.8777,17
2026-02-27 14:42:00,2.8732,2.8732,2.8702,2.8712,2.8782,2.8782,2.8752,2.8762,10
2026-02-27 14:43:00,2.8722,2.8782,2.8722,2.8782,2.8772,2.8832,2.8772,2.8832,23
2026-02-27 14:44:00,2.8787,2.8842,2.8762,2.8762,2.8837,2.8892,2.8812,2.8812,26
2026-02-27 14:45:00,2.8752,2.8752,2.8702,2.8702,2.8802,2.8802,2.8752,2.8752,33
2026-02-27 14:46:00,2.8712,2.8712,2.8692,2.8702,2.8762,2.8762,2.8742,2.8752,9
2026-02-27 14:47:00,2.8697,2.8772,2.8692,2.8762,2.8747,2.8822,2.8742,2.8812,26
2026-02-27 14:48:00,2.8757,2.8757,2.8722,2.8732,2.8807,2.8807,2.8772,2.8782,18
2026-02-27 14:49:00,2.8737,2.8767,2.8737,2.8762,2.8787,2.8817,2.8787,2.8812,24
2026-02-27 14:50:00,2.8772,2.8802,2.8757,2.8792,2.8822,2.8852,2.8807,2.8842,22
2026-02-27 14:51:00,2.8787,2.8842,2.8782,2.8832,2.8837,2.8892,2.8832,2.8882,34
2026-02-27 14:52:00,2.8822,2.8827,2.8822,2.8822,2.8872,2.8877,2.8872,2.8872,3
2026-02-27 14:53:00,2.8812,2.8812,2.8807,2.8812,2.8862,2.8862,2.8857,2.8862,3
2026-02-27 14:54:00,2.8807,2.8832,2.8807,2.8822,2.8857,2.8882,2.8857,2.8872,9
2026-02-27 14:55:00,2.8817,2.8852,2.8792,2.8832,2.8867,2.8902,2.8842,2.8882,20
2026-02-27 14:56:00,2.8837,2.8852,2.8837,2.8842,2.8887,2.8902,2.8887,2.8892,6
2026-02-27 14:57:00,2.8837,2.8862,2.8832,2.8852,2.8887,2.8912,2.8882,2.8902,13
2026-02-27 14:58:00,2.8862,2.8862,2.8832,2.8842,2.8912,2.8912,2.8882,2.8892,8
2026-02-27 14:59:00,2.8837,2.8842,2.8832,2.8832,2.8887,2.8892,2.8882,2.8882,6
2026-02-27 15:00:00,2.8827,2.8832,2.8782,2.8802,2.8877,2.8882,2.8832,2.8852,59
2026-02-27 15:01:00,2.8807,2.8862,2.8762,2.8787,2.8857,2.8912,2.8812,2.8837,45
2026-02-27 15:02:00,2.8782,2.8792,2.8742,2.8782,2.8832,2.8842,2.8792,2.8832,36
2026-02-27 15:03:00,2.8787,2.8842,2.8787,2.8822,2.8837,2.8892,2.8837,2.8872,35
2026-02-27 15:04:00,2.8817,2.8822,2.8792,2.8797,2.8867,2.8872,2.8842,2.8847,11
2026-02-27 15:05:00,2.8792,2.8822,2.8782,2.8812,2.8842,2.8872,2.8832,2.8862,23
2026-02-27 15:06:00,2.8822,2.8822,2.8802,2.8802,2.8872,2.8872,2.8852,2.8852,3
2026-02-27 15:07:00,2.8807,2.8872,2.8807,2.8842,2.8857,2.8922,2.8857,2.8892,40
2026-02-27 15:08:00,2.8832,2.8832,2.8782,2.8782,2.8882,2.8882,2.8832,2.8832,22
2026-02-27 15:09:00,2.8787,2.8802,2.8782,2.8802,2.8837,2.8852,2.8832,2.8852,8
2026-02-27 15:10:00,2.8792,2.8802,2.8762,2.8792,2.8842,2.8852,2.8812,2.8842,18
2026-02-27 15:11:00,2.8782,2.8802,2.8762,2.8792,2.8832,2.8852,2.8812,2.8842,17
2026-02-27 15:12:00,2.8802,2.8802,2.8782,2.8792,2.8852,2.8852,2.8832,2.8842,9
2026-02-27 15:13:00,2.8797,2.8852,2.8797,2.8852,2.8847,2.8902,2.8847,2.8902,29
2026-02-27 15:14:00,2.8847,2.8872,2.8802,2.8842,2.8897,2.8922,2.8852,2.8892,46
2026-02-27 15:15:00,2.8832,2.8862,2.8807,2.8832,2.8882,2.8912,2.8857,2.8882,19
2026-02-27 15:16:00,2.8822,2.8842,2.8732,2.8752,2.8872,2.8892,2.8782,2.8802,38
2026-02-27 15:17:00,2.8762,2.8812,2.8762,2.8812,2.8812,2.8862,2.8812,2.8862,12
2026-02-27 15:18:00,2.8822,2.8822,2.8822,2.8822,2.8872,2.8872,2.8872,2.8872,1
2026-02-27 15:19:00,2.8832,2.8832,2.8812,2.8812,2.8882,2.8882,2.8862,2.8862,6
2026-02-27 15:20:00,2.8817,2.8852,2.8782,2.8782,2.8867,2.8902,2.8832,2.8832,17
2026-02-27 15:21:00,2.8772,2.8812,2.8772,2.8802,2.8822,2.8862,2.8822,2.8852,11
2026-02-27 15:22:00,2.8787,2.8832,2.8772,2.8822,2.8837,2.8882,2.8822,2.8872,32
2026-02-27 15:23:00,2.8832,2.8872,2.8832,2.8852,2.8882,2.8922,2.8882,2.8902,37
2026-02-27 15:24:00,2.8842,2.8862,2.8802,2.8812,2.8892,2.8912,2.8852,2.8862,20
2026-02-27 15:25:00,2.8822,2.8827,2.8802,2.8812,2.8872,2.8877,2.8852,2.8862,25
2026-02-27 15:26:00,2.8802,2.8812,2.8742,2.8742,2.8852,2.8862,2.8792,2.8792,18
2026-02-27 15:27:00,2.8737,2.8742,2.8662,2.8662,2.8787,2.8792,2.8712,2.8712,46
2026-02-27 15:28:00,2.8667,2.8682,2.8642,2.8672,2.8717,2.8732,2.8692,2.8722,37
2026-02-27 15:29:00,2.8662,2.8672,2.8602,2.8612,2.8712,2.8722,2.8652,2.8662,33
2026-02-27 15:30:00,2.8617,2.8647,2.8602,2.8602,2.8667,2.8697,2.8652,2.8652,44
2026-02-27 15:31:00,2.8597,2.8642,2.8542,2.8542,2.8647,2.8692,2.8592,2.8592,59
2026-02-27 15:32:00,2.8537,2.8567,2.8512,2.8542,2.8587,2.8617,2.8562,2.8592,35
2026-02-27 15:33:00,2.8537,2.8542,2.8507,2.8512,2.8587,2.8592,2.8557,2.8562,33
2026-02-27 15:34:00,2.8502,2.8522,2.8462,2.8487,2.8552,2.8572,2.8512,2.8537,30
2026-02-27 15:35:00,2.8497,2.8517,2.8462,2.8482,2.8547,2.8567,2.8512,2.8532,47
2026-02-27 15:36:00,2.8472,2.8542,2.8467,2.8527,2.8522,2.8592,2.8517,2.8577,31
2026-02-27 15:37:00,2.8522,2.8552,2.8502,2.8552,2.8572,2.8602,2.8552,2.8602,23
2026-02-27 15:38:00,2.8542,2.8552,2.8522,2.8522,2.8592,2.8602,2.8572,2.8572,12
2026-02-27 15:39:00,2.8517,2.8522,2.8512,2.8522,2.8567,2.8572,2.8562,2.8572,9
2026-02-27 15:40:00,2.8517,2.8522,2.8472,2.8492,2.8567,2.8572,2.8522,2.8542,39
2026-02-27 15:41:00,2.8487,2.8502,2.8472,2.8492,2.8537,2.8552,2.8522,2.8542,23
2026-02-27 15:42:00,2.8482,2.8482,2.8417,2.8422,2.8532,2.8532,2.8467,2.8472,35
2026-02-27 15:43:00,2.8432,2.8442,2.8397,2.8397,2.8482,2.8492,2.8447,2.8447,25
2026-02-27 15:44:00,2.8392,2.8432,2.8392,2.8412,2.8442,2.8482,2.8442,2.8462,28
2026-02-27 15:45:00,2.8402,2.8472,2.8402,2.8432,2.8452,2.8522,2.8452,2.8482,31
2026-02-27 15:46:00,2.8422,2.8462,2.8412,2.8412,2.8472,2.8512,2.8462,2.8462,16
2026-02-27 15:47:00,2.8407,2.8427,2.8362,2.8362,2.8457,2.8477,2.8412,2.8412,27
2026-02-27 15:48:00,2.8357,2.8357,2.8312,2.8322,2.8407,2.8407,2.8362,2.8372,34
2026-02-27 15:49:00,2.8312,2.8387,2.8302,2.8362,2.8362,2.8437,2.8352,2.8412,47
2026-02-27 15:50:00,2.8352,2.8412,2.8352,2.8382,2.8402,2.8462,2.8402,2.8432,58
2026-02-27 15:51:00,2.8372,2.8422,2.8362,2.8412,2.8422,2.8472,2.8412,2.8462,25
2026-02-27 15:52:00,2.8407,2.8432,2.8392,2.8432,2.8457,2.8482,2.8442,2.8482,19
2026-02-27 15:53:00,2.8442,2.8457,2.8427,2.8432,2.8492,2.8507,2.8477,2.8482,19
2026-02-27 15:54:00,2.8422,2.8422,2.8417,2.8422,2.8472,2.8472,2.8467,2.8472,3
2026-02-27 15:55:00,2.8427,2.8427,2.8422,2.8422,2.8477,2.8477,2.8472,2.8472,3
2026-02-27 15:56:00,2.8432,2.8472,2.8417,2.8457,2.8482,2.8522,2.8467,2.8507,18
2026-02-27 15:57:00,2.8472,2.8472,2.8452,2.8452,2.8522,2.8522,2.8502,2.8502,4
2026-02-27 15:58:00,2.8447,2.8482,2.8432,2.8452,2.8497,2.8532,2.8482,2.8502,22
2026-02-27 15:59:00,2.8447,2.8452,2.8442,2.8452,2.8497,2.8502,2.8492,2.8502,3
2026-02-27 16:00:00,2.8462,2.8472,2.8457,2.8462,2.8512,2.8522,2.8507,2.8512,6
2026-02-27 16:01:00,2.8467,2.8502,2.8462,2.8472,2.8517,2.8552,2.8512,2.8522,46
2026-02-27 16:02:00,2.8477,2.8512,2.8477,2.8492,2.8527,2.8562,2.8527,2.8542,52
2026-02-27 16:03:00,2.8502,2.8522,2.8502,2.8507,2.8552,2.8572,2.8552,2.8557,30
2026-02-27 16:04:00,2.8502,2.8512,2.8472,2.8472,2.8552,2.8562,2.8522,2.8522,26
2026-02-27 16:05:00,2.8462,2.8507,2.8462,2.8502,2.8512,2.8557,2.8512,2.8552,34
2026-02-27 16:06:00,2.8492,2.8507,2.8492,2.8507,2.8542,2.8557,2.8542,2.8557,12
2026-02-27 16:07:00,2.8502,2.8512,2.8482,2.8502,2.8552,2.8562,2.8532,2.8552,40
2026-02-27 16:08:00,2.8507,2.8532,2.8502,2.8532,2.8557,2.8582,2.8552,2.8582,48
2026-02-27 16:09:00,2.8527,2.8532,2.8502,2.8512,2.8577,2.8582,2.8552,2.8562,18
2026-02-27 16:10:00,2.8517,2.8562,2.8512,2.8542,2.8567,2.8612,2.8562,2.8592,19
2026-02-27 16:11:00,2.8557,2.8562,2.8542,2.8552,2.8607,2.8612,2.8592,2.8602,5
2026-02-27 16:12:00,2.8557,2.8602,2.8557,2.8577,2.8607,2.8652,2.8607,2.8627,20
2026-02-27 16:13:00,2.8572,2.8592,2.8572,2.8582,2.8622,2.8642,2.8622,2.8632,12
2026-02-27 16:14:00,2.8577,2.8677,2.8577,2.8672,2.8627,2.8727,2.8627,2.8722,30
2026-02-27 16:15:00,2.8667,2.8722,2.8667,2.8712,2.8717,2.8772,2.8717,2.8762,33
2026-02-27 16:17:00,2.8732,2.8742,2.8702,2.8712,2.8782,2.8792,2.8752,2.8762,8
2026-02-27 16:18:00,2.8702,2.8722,2.8702,2.8702,2.8752,2.8772,2.8752,2.8752,7
2026-02-27 16:19:00,2.8697,2.8697,2.8627,2.8637,2.8747,2.8747,2.8677,2.8687,37
2026-02-27 16:20:00,2.8632,2.8642,2.8592,2.8602,2.8682,2.8692,2.8642,2.8652,29
2026-02-27 16:21:00,2.8607,2.8622,2.8572,2.8617,2.8657,2.8672,2.8622,2.8667,28
2026-02-27 16:22:00,2.8612,2.8672,2.8612,2.8662,2.8662,2.8722,2.8662,2.8712,24
2026-02-27 16:23:00,2.8667,2.8682,2.8627,2.8632,2.8717,2.8732,2.8677,2.8682,22
2026-02-27 16:24:00,2.8637,2.8652,2.8637,2.8652,2.8687,2.8702,2.8687,2.8702,3
2026-02-27 16:25:00,2.8667,2.8672,2.8632,2.8652,2.8717,2.8722,2.8682,2.8702,17
2026-02-27 16:26:00,2.8647,2.8647,2.8587,2.8602,2.8697,2.8697,2.8637,2.8652,20
2026-02-27 16:27:00,2.8597,2.8602,2.8592,2.8602,2.8647,2.8652,2.8642,2.8652,6
2026-02-27 16:28:00,2.8607,2.8612,2.8542,2.8542,2.8657,2.8662,2.8592,2.8592,21
2026-02-27 16:29:00,2.8537,2.8537,2.8522,2.8522,2.8587,2.8587,2.8572,2.8572,8
2026-02-27 16:30:00,2.8517,2.8522,2.8482,2.8502,2.8567,2.8572,2.8532,2.8552,22
2026-02-27 16:31:00,2.8507,2.8522,2.8462,2.8477,2.8557,2.8572,2.8512,2.8527,28
2026-02-27 16:32:00,2.8482,2.8482,2.8472,2.8482,2.8532,2.8532,2.8522,2.8532,5
2026-02-27 16:33:00,2.8472,2.8512,2.8472,2.8492,2.8522,2.8562,2.8522,2.8542,16
2026-02-27 16:34:00,2.8497,2.8532,2.8497,2.8522,2.8547,2.8582,2.8547,2.8572,18
2026-02-27 16:35:00,2.8527,2.8537,2.8512,2.8522,2.8577,2.8587,2.8562,2.8572,24
2026-02-27 16:36:00,2.8527,2.8527,2.8482,2.8512,2.8577,2.8577,2.8532,2.8562,25
2026-02-27 16:37:00,2.8507,2.8512,2.8497,2.8502,2.8557,2.8562,2.8547,2.8552,9
2026-02-27 16:38:00,2.8492,2.8512,2.8432,2.8432,2.8542,2.8562,2.8482,2.8482,27
2026-02-27 16:39:00,2.8442,2.8457,2.8432,2.8452,2.8492,2.8507,2.8482,2.8502,14
2026-02-27 16:40:00,2.8462,2.8492,2.8427,2.8462,2.8512,2.8542,2.8477,2.8512,37
2026-02-27 16:41:00,2.8452,2.8462,2.8432,2.8457,2.8502,2.8512,2.8482,2.8507,18
2026-02-27 16:42:00,2.8452,2.8477,2.8442,2.8472,2.8502,2.8527,2.8492,2.8522,19
2026-02-27 16:43:00,2.8477,2.8487,2.8452,2.8452,2.8527,2.8537,2.8502,2.8502,24
2026-02-27 16:44:00,2.8442,2.8492,2.8442,2.8492,2.8492,2.8542,2.8492,2.8542,15
2026-02-27 16:45:00,2.8487,2.8502,2.8472,2.8482,2.8537,2.8552,2.8522,2.8532,17
2026-02-27 16:46:00,2.8472,2.8507,2.8462,2.8507,2.8522,2.8557,2.8512,2.8557,28
2026-02-27 16:47:00,2.8502,2.8512,2.8492,2.8512,2.8552,2.8562,2.8542,2.8562,12
2026-02-27 16:48:00,2.8522,2.8572,2.8522,2.8567,2.8572,2.8622,2.8572,2.8617,30
2026-02-27 16:49:00,2.8572,2.8592,2.8562,2.8582,2.8622,2.8642,2.8612,2.8632,15
2026-02-27 16:50:00,2.8577,2.8577,2.8512,2.8512,2.8627,2.8627,2.8562,2.8562,17
2026-02-27 16:51:00,2.8527,2.8542,2.8527,2.8542,2.8577,2.8592,2.8577,2.8592,8
2026-02-27 16:52:00,2.8547,2.8547,2.8497,2.8507,2.8597,2.8597,2.8547,2.8557,13
2026-02-27 16:53:00,2.8512,2.8537,2.8502,2.8537,2.8562,2.8587,2.8552,2.8587,9
2026-02-27 16:54:00,2.8542,2.8542,2.8512,2.8542,2.8592,2.8592,2.8562,2.8592,18
2026-02-27 16:55:00,2.8547,2.8562,2.8532,2.8542,2.8597,2.8612,2.8582,2.8592,18
2026-02-27 16:56:00,2.8552,2.8562,2.8542,2.8552,2.8602,2.8612,2.8592,2.8602,9
2026-02-27 16:57:00,2.8557,2.8572,2.8542,2.8552,2.8607,2.8622,2.8592,2.8602,18
2026-02-27 16:58:00,2.8562,2.8572,2.8512,2.8512,2.8612,2.8622,2.8562,2.8562,21
2026-02-27 16:59:00,2.8502,2.8502,2.8412,2.8422,2.8552,2.8552,2.8462,2.8472,31
2026-02-27 17:00:00,2.8417,2.8452,2.8412,2.8447,2.8467,2.8502,2.8462,2.8497,12
2026-02-27 17:01:00,2.8442,2.8442,2.8382,2.8397,2.8492,2.8492,2.8432,2.8447,40
2026-02-27 17:02:00,2.8402,2.8402,2.8377,2.8392,2.8452,2.8452,2.8427,2.8442,23
2026-02-27 17:03:00,2.8382,2.8482,2.8382,2.8477,2.8432,2.8532,2.8432,2.8527,18
2026-02-27 17:04:00,2.8492,2.8522,2.8472,2.8522,2.8542,2.8572,2.8522,2.8572,21
2026-02-27 17:05:00,2.8532,2.8602,2.8512,2.8572,2.8582,2.8652,2.8562,2.8622,47
2026-02-27 17:06:00,2.8577,2.8677,2.8577,2.8657,2.8627,2.8727,2.8627,2.8707,32
2026-02-27 17:07:00,2.8662,2.8662,2.8612,2.8612,2.8712,2.8712,2.8662,2.8662,25
2026-02-27 17:08:00,2.8617,2.8632,2.8617,2.8632,2.8667,2.8682,2.8667,2.8682,10
2026-02-27 17:09:00,2.8642,2.8642,2.8627,2.8642,2.8692,2.8692,2.8677,2.8692,11
2026-02-27 17:10:00,2.8647,2.8647,2.8577,2.8582,2.8697,2.8697,2.8627,2.8632,23
2026-02-27 17:11:00,2.8572,2.8592,2.8572,2.8582,2.8622,2.8642,2.8622,2.8632,12
2026-02-27 17:12:00,2.8572,2.8602,2.8542,2.8562,2.8622,2.8652,2.8592,2.8612,42
2026-02-27 17:13:00,2.8552,2.8562,2.8532,2.8542,2.8602,2.8612,2.8582,2.8592,16
2026-02-27 17:14:00,2.8537,2.8572,2.8537,2.8562,2.8587,2.8622,2.8587,2.8612,11
2026-02-27 17:15:00,2.8567,2.8582,2.8562,2.8562,2.8617,2.8632,2.8612,2.8612,6
2026-02-27 17:16:00,2.8572,2.8572,2.8562,2.8572,2.8622,2.8622,2.8612,2.8622,7
2026-02-27 17:17:00,2.8562,2.8587,2.8562,2.8572,2.8612,2.8637,2.8612,2.8622,15
2026-02-27 17:18:00,2.8562,2.8572,2.8552,2.8562,2.8612,2.8622,2.8602,2.8612,10
2026-02-27 17:19:00,2.8567,2.8572,2.8562,2.8562,2.8617,2.8622,2.8612,2.8612,5
2026-02-27 17:20:00,2.8572,2.8582,2.8562,2.8562,2.8622,2.8632,2.8612,2.8612,17
2026-02-27 17:21:00,2.8557,2.8582,2.8547,2.8572,2.8607,2.8632,2.8597,2.8622,10
2026-02-27 17:22:00,2.8577,2.8582,2.8562,2.8582,2.8627,2.8632,2.8612,2.8632,12
2026-02-27 17:23:00,2.8592,2.8612,2.8582,2.8582,2.8642,2.8662,2.8632,2.8632,6
2026-02-27 17:24:00,2.8572,2.8582,2.8572,2.8582,2.8622,2.8632,2.8622,2.8632,7
2026-02-27 17:25:00,2.8577,2.8612,2.8577,2.8607,2.8627,2.8662,2.8627,2.8657,15
2026-02-27 17:26:00,2.8612,2.8737,2.8612,2.8722,2.8662,2.8787,2.8662,2.8772,58
2026-02-27 17:27:00,2.8737,2.8782,2.8702,2.8762,2.8787,2.8832,2.8752,2.8812,62
2026-02-27 17:28:00,2.8757,2.8822,2.8732,2.8792,2.8807,2.8872,2.8782,2.8842,55
2026-02-27 17:29:00,2.8787,2.8812,2.8777,2.8777,2.8837,2.8862,2.8827,2.8827,47
2026-02-27 17:30:00,2.8762,2.8827,2.8742,2.8827,2.8812,2.8877,2.8792,2.8877,33
2026-02-27 17:31:00,2.8822,2.8842,2.8812,2.8822,2.8872,2.8892,2.8862,2.8872,42
2026-02-27 17:32:00,2.8832,2.8882,2.8822,2.8872,2.8882,2.8932,2.8872,2.8922,38
2026-02-27 17:33:00,2.8862,2.8867,2.8827,2.8827,2.8912,2.8917,2.8877,2.8877,18
2026-02-27 17:34:00,2.8822,2.8832,2.8792,2.8792,2.8872,2.8882,2.8842,2.8842,20
2026-02-27 17:35:00,2.8782,2.8802,2.8777,2.8777,2.8832,2.8852,2.8827,2.8827,24
2026-02-27 17:36:00,2.8772,2.8772,2.8692,2.8697,2.8822,2.8822,2.8742,2.8747,23
2026-02-27 17:37:00,2.8692,2.8697,2.8672,2.8692,2.8742,2.8747,2.8722,2.8742,10
2026-02-27 17:38:00,2.8687,2.8687,2.8652,2.8657,2.8737,2.8737,2.8702,2.8707,18
2026-02-27 17:39:00,2.8652,2.8692,2.8652,2.8687,2.8702,2.8742,2.8702,2.8737,20
2026-02-27 17:40:00,2.8677,2.8692,2.8672,2.8687,2.8727,2.8742,2.8722,2.8737,14
2026-02-27 17:41:00,2.8682,2.8727,2.8672,2.8712,2.8732,2.8777,2.8722,2.8762,20
2026-02-27 17:42:00,2.8702,2.8707,2.8672,2.8702,2.8752,2.8757,2.8722,2.8752,21
2026-02-27 17:43:00,2.8707,2.8712,2.8702,2.8702,2.8757,2.8762,2.8752,2.8752,9
2026-02-27 17:44:00,2.8697,2.8712,2.8682,2.8702,2.8747,2.8762,2.8732,2.8752,25
2026-02-27 17:45:00,2.8707,2.8727,2.8687,2.8697,2.8757,2.8777,2.8737,2.8747,14
2026-02-27 17:46:00,2.8692,2.8712,2.8692,2.8702,2.8742,2.8762,2.8742,2.8752,16
2026-02-27 17:47:00,2.8692,2.8712,2.8692,2.8707,2.8742,2.8762,2.8742,2.8757,10
2026-02-27 17:48:00,2.8702,2.8732,2.8702,2.8712,2.8752,2.8782,2.8752,2.8762,10
2026-02-27 17:49:00,2.8722,2.8772,2.8702,2.8767,2.8772,2.8822,2.8752,2.8817,14
2026-02-27 17:50:00,2.8752,2.8782,2.8742,2.8752,2.8802,2.8832,2.8792,2.8802,23
2026-02-27 17:51:00,2.8762,2.8772,2.8752,2.8772,2.8812,2.8822,2.8802,2.8822,9
2026-02-27 17:52:00,2.8767,2.8792,2.8762,2.8782,2.8817,2.8842,2.8812,2.8832,16
2026-02-27 17:53:00,2.8772,2.8782,2.8712,2.8712,2.8822,2.8832,2.8762,2.8762,27
2026-02-27 17:54:00,2.8702,2.8702,2.8677,2.8692,2.8752,2.8752,2.8727,2.8742,10
2026-02-27 17:55:00,2.8697,2.8712,2.8692,2.8692,2.8747,2.8762,2.8742,2.8742,21
2026-02-27 17:56:00,2.8697,2.8712,2.8692,2.8712,2.8747,2.8762,2.8742,2.8762,10
2026-02-27 17:57:00,2.8707,2.8707,2.8677,2.8682,2.8757,2.8757,2.8727,2.8732,8
2026-02-27 17:58:00,2.8687,2.8697,2.8667,2.8667,2.8737,2.8747,2.8717,2.8717,7
2026-02-27 17:59:00,2.8662,2.8692,2.8662,2.8692,2.8712,2.8742,2.8712,2.8742,13
2026-02-27 18:00:00,2.8697,2.8742,2.8697,2.8722,2.8747,2.8792,2.8747,2.8772,21
2026-02-27 18:01:00,2.8732,2.8762,2.8722,2.8722,2.8782,2.8812,2.8772,2.8772,20
2026-02-27 18:02:00,2.8717,2.8722,2.8682,2.8707,2.8767,2.8772,2.8732,2.8757,16
2026-02-27 18:03:00,2.8712,2.8722,2.8702,2.8712,2.8762,2.8772,2.8752,2.8762,5
2026-02-27 18:04:00,2.8722,2.8772,2.8722,2.8752,2.8772,2.8822,2.8772,2.8802,21
2026-02-27 18:05:00,2.8762,2.8782,2.8732,2.8742,2.8812,2.8832,2.8782,2.8792,19
2026-02-27 18:06:00,2.8732,2.8732,2.8712,2.8712,2.8782,2.8782,2.8762,2.8762,9
2026-02-27 18:07:00,2.8702,2.8732,2.8702,2.8712,2.8752,2.8782,2.8752,2.8762,9
2026-02-27 18:08:00,2.8717,2.8722,2.8717,2.8722,2.8767,2.8772,2.8767,2.8772,2
2026-02-27 18:09:00,2.8717,2.8742,2.8712,2.8742,2.8767,2.8792,2.8762,2.8792,6
2026-02-27 18:10:00,2.8752,2.8762,2.8742,2.8742,2.8802,2.8812,2.8792,2.8792,12
2026-02-27 18:11:00,2.8752,2.8762,2.8742,2.8762,2.8802,2.8812,2.8792,2.8812,4
2026-02-27 18:12:00,2.8752,2.8752,2.8732,2.8742,2.8802,2.8802,2.8782,2.8792,5
2026-02-27 18:13:00,2.8727,2.8732,2.8712,2.8722,2.8777,2.8782,2.8762,2.8772,7
2026-02-27 18:14:00,2.8732,2.8732,2.8682,2.8702,2.8782,2.8782,2.8732,2.8752,18
2026-02-27 18:15:00,2.8712,2.8732,2.8702,2.8702,2.8762,2.8782,2.8752,2.8752,13
2026-02-27 18:16:00,2.8692,2.8747,2.8692,2.8722,2.8742,2.8797,2.8742,2.8772,23
2026-02-27 18:17:00,2.8732,2.8732,2.8712,2.8732,2.8782,2.8782,2.8762,2.8782,7
2026-02-27 18:18:00,2.8737,2.8762,2.8702,2.8712,2.8787,2.8812,2.8752,2.8762,11
2026-02-27 18:19:00,2.8707,2.8707,2.8682,2.8687,2.8757,2.8757,2.8732,2.8737,7
2026-02-27 18:20:00,2.8682,2.8682,2.8622,2.8632,2.8732,2.8732,2.8672,2.8682,15
2026-02-27 18:21:00,2.8627,2.8632,2.8577,2.8602,2.8677,2.8682,2.8627,2.8652,23
2026-02-27 18:22:00,2.8592,2.8622,2.8577,2.8602,2.8642,2.8672,2.8627,2.8652,19
2026-02-27 18:23:00,2.8612,2.8632,2.8612,2.8622,2.8662,2.8682,2.8662,2.8672,5
2026-02-27 18:24:00,2.8617,2.8622,2.8602,2.8602,2.8667,2.8672,2.8652,2.8652,6
2026-02-27 18:25:00,2.8592,2.8602,2.8562,2.8602,2.8642,2.8652,2.8612,2.8652,14
2026-02-27 18:26:00,2.8612,2.8632,2.8612,2.8632,2.8662,2.8682,2.8662,2.8682,6
2026-02-27 18:27:00,2.8642,2.8642,2.8622,2.8622,2.8692,2.8692,2.8672,2.8672,13
2026-02-27 18:28:00,2.8617,2.8662,2.8617,2.8662,2.8667,2.8712,2.8667,2.8712,10
2026-02-27 18:29:00,2.8672,2.8677,2.8662,2.8662,2.8722,2.8727,2.8712,2.8712,10
2026-02-27 18:30:00,2.8672,2.8712,2.8652,2.8702,2.8722,2.8762,2.8702,2.8752,22
2026-02-27 18:31:00,2.8697,2.8732,2.8697,2.8702,2.8747,2.8782,2.8747,2.8752,30
2026-02-27 18:32:00,2.8707,2.8722,2.8687,2.8702,2.8757,2.8772,2.8737,2.8752,27
2026-02-27 18:33:00,2.8707,2.8732,2.8687,2.8702,2.8757,2.8782,2.8737,2.8752,20
2026-02-27 18:34:00,2.8712,2.8722,2.8672,2.8692,2.8762,2.8772,2.8722,2.8742,21
2026-02-27 18:35:00,2.8697,2.8712,2.8662,2.8672,2.8747,2.8762,2.8712,2.8722,14
2026-02-27 18:36:00,2.8677,2.8752,2.8662,2.8727,2.8727,2.8802,2.8712,2.8777,30
2026-02-27 18:37:00,2.8722,2.8742,2.8707,2.8732,2.8772,2.8792,2.8757,2.8782,14
2026-02-27 18:38:00,2.8727,2.8762,2.8722,2.8752,2.8777,2.8812,2.8772,2.8802,10
2026-02-27 18:39:00,2.8742,2.8752,2.8722,2.8722,2.8792,2.8802,2.8772,2.8772,9
2026-02-27 18:40:00,2.8717,2.8722,2.8682,2.8682,2.8767,2.8772,2.8732,2.8732,23
2026-02-27 18:41:00,2.8687,2.8712,2.8682,2.8692,2.8737,2.8762,2.8732,2.8742,21
2026-02-27 18:42:00,2.8702,2.8712,2.8627,2.8632,2.8752,2.8762,2.8677,2.8682,39
2026-02-27 18:43:00,2.8622,2.8632,2.8592,2.8622,2.8672,2.8682,2.8642,2.8672,34
2026-02-27 18:44:00,2.8627,2.8642,2.8622,2.8642,2.8677,2.8692,2.8672,2.8692,6
2026-02-27 18:45:00,2.8632,2.8652,2.8617,2.8642,2.8682,2.8702,2.8667,2.8692,15
2026-02-27 18:46:00,2.8637,2.8637,2.8562,2.8562,2.8687,2.8687,2.8612,2.8612,28
2026-02-27 18:47:00,2.8572,2.8582,2.8532,2.8532,2.8622,2.8632,2.8582,2.8582,21
2026-02-27 18:48:00,2.8537,2.8552,2.8537,2.8552,2.8587,2.8602,2.8587,2.8602,12
2026-02-27 18:49:00,2.8562,2.8597,2.8557,2.8592,2.8612,2.8647,2.8607,2.8642,29
2026-02-27 18:50:00,2.8597,2.8597,2.8577,2.8582,2.8647,2.8647,2.8627,2.8632,5
2026-02-27 18:51:00,2.8592,2.8617,2.8582,2.8602,2.8642,2.8667,2.8632,2.8652,17
2026-02-27 18:52:00,2.8592,2.8622,2.8592,2.8607,2.8642,2.8672,2.8642,2.8657,11
2026-02-27 18:53:00,2.8612,2.8622,2.8612,2.8612,2.8662,2.8672,2.8662,2.8662,5
2026-02-27 18:54:00,2.8617,2.8722,2.8617,2.8692,2.8667,2.8772,2.8667,2.8742,37
2026-02-27 18:55:00,2.8697,2.8722,2.8682,2.8702,2.8747,2.8772,2.8732,2.8752,14
2026-02-27 18:56:00,2.8692,2.8692,2.8672,2.8682,2.8742,2.8742,2.8722,2.8732,14
2026-02-27 18:57:00,2.8692,2.8712,2.8682,2.8692,2.8742,2.8762,2.8732,2.8742,16
2026-02-27 18:58:00,2.8687,2.8712,2.8672,2.8682,2.8737,2.8762,2.8722,2.8732,17
2026-02-27 18:59:00,2.8692,2.8692,2.8682,2.8692,2.8742,2.8742,2.8732,2.8742,5
2026-02-27 19:00:00,2.8682,2.8712,2.8672,2.8687,2.8732,2.8762,2.8722,2.8737,24
2026-02-27 19:01:00,2.8682,2.8692,2.8642,2.8642,2.8732,2.8742,2.8692,2.8692,30
2026-02-27 19:02:00,2.8637,2.8672,2.8632,2.8662,2.8687,2.8722,2.8682,2.8712,18
2026-02-27 19:03:00,2.8672,2.8682,2.8632,2.8632,2.8722,2.8732,2.8682,2.8682,26
2026-02-27 19:04:00,2.8622,2.8632,2.8602,2.8632,2.8672,2.8682,2.8652,2.8682,21
2026-02-27 19:05:00,2.8637,2.8652,2.8622,2.8637,2.8687,2.8702,2.8672,2.8687,17
2026-02-27 19:06:00,2.8642,2.8672,2.8632,2.8672,2.8692,2.8722,2.8682,2.8722,21
2026-02-27 19:07:00,2.8682,2.8732,2.8682,2.8712,2.8732,2.8782,2.8732,2.8762,24
2026-02-27 19:08:00,2.8722,2.8742,2.8722,2.8732,2.8772,2.8792,2.8772,2.8782,25
2026-02-27 19:09:00,2.8727,2.8747,2.8707,2.8712,2.8777,2.8797,2.8757,2.8762,8
2026-02-27 19:10:00,2.8717,2.8762,2.8712,2.8752,2.8767,2.8812,2.8762,2.8802,21
2026-02-27 19:11:00,2.8747,2.8762,2.8742,2.8762,2.8797,2.8812,2.8792,2.8812,18
2026-02-27 19:12:00,2.8752,2.8802,2.8752,2.8792,2.8802,2.8852,2.8802,2.8842,36
2026-02-27 19:13:00,2.8797,2.8812,2.8782,2.8792,2.8847,2.8862,2.8832,2.8842,22
2026-02-27 19:14:00,2.8782,2.8782,2.8747,2.8747,2.8832,2.8832,2.8797,2.8797,15
2026-02-27 19:15:00,2.8742,2.8752,2.8722,2.8722,2.8792,2.8802,2.8772,2.8772,21
2026-02-27 19:16:00,2.8727,2.8792,2.8712,2.8777,2.8777,2.8842,2.8762,2.8827,37
2026-02-27 19:17:00,2.8772,2.8777,2.8752,2.8762,2.8822,2.8827,2.8802,2.8812,20
2026-02-27 19:18:00,2.8757,2.8872,2.8752,2.8852,2.8807,2.8922,2.8802,2.8902,64
2026-02-27 19:19:00,2.8847,2.8847,2.8772,2.8782,2.8897,2.8897,2.8822,2.8832,28
2026-02-27 19:20:00,2.8777,2.8782,2.8762,2.8762,2.8827,2.8832,2.8812,2.8812,14
2026-02-27 19:21:00,2.8772,2.8787,2.8737,2.8782,2.8822,2.8837,2.8787,2.8832,15
2026-02-27 19:22:00,2.8792,2.8797,2.8742,2.8742,2.8842,2.8847,2.8792,2.8792,44
2026-02-27 19:23:00,2.8747,2.8762,2.8692,2.8722,2.8797,2.8812,2.8742,2.8772,40
2026-02-27 19:24:00,2.8717,2.8752,2.8717,2.8752,2.8767,2.8802,2.8767,2.8802,16
2026-02-27 19:25:00,2.8747,2.8752,2.8692,2.8712,2.8797,2.8802,2.8742,2.8762,26
2026-02-27 19:26:00,2.8707,2.8707,2.8662,2.8677,2.8757,2.8757,2.8712,2.8727,27
2026-02-27 19:27:00,2.8682,2.8687,2.8652,2.8672,2.8732,2.8737,2.8702,2.8722,26
2026-02-27 19:28:00,2.8662,2.8667,2.8602,2.8602,2.8712,2.8717,2.8652,2.8652,23
2026-02-27 19:29:00,2.8597,2.8612,2.8587,2.8612,2.8647,2.8662,2.8637,2.8662,16
2026-02-27 19:30:00,2.8622,2.8642,2.8612,2.8632,2.8672,2.8692,2.8662,2.8682,13
2026-02-27 19:31:00,2.8637,2.8652,2.8602,2.8602,2.8687,2.8702,2.8652,2.8652,15
2026-02-27 19:32:00,2.8607,2.8622,2.8602,2.8602,2.8657,2.8672,2.8652,2.8652,13
2026-02-27 19:33:00,2.8597,2.8602,2.8582,2.8602,2.8647,2.8652,2.8632,2.8652,17
2026-02-27 19:34:00,2.8592,2.8592,2.8562,2.8582,2.8642,2.8642,2.8612,2.8632,10
2026-02-27 19:35:00,2.8587,2.8612,2.8577,2.8582,2.8637,2.8662,2.8627,2.8632,22
2026-02-27 19:36:00,2.8587,2.8592,2.8542,2.8572,2.8637,2.8642,2.8592,2.8622,26
2026-02-27 19:37:00,2.8562,2.8567,2.8532,2.8567,2.8612,2.8617,2.8582,2.8617,20
2026-02-27 19:38:00,2.8562,2.8562,2.8532,2.8542,2.8612,2.8612,2.8582,2.8592,18
2026-02-27 19:39:00,2.8532,2.8572,2.8522,2.8552,2.8582,2.8622,2.8572,2.8602,18
2026-02-27 19:40:00,2.8547,2.8552,2.8522,2.8552,2.8597,2.8602,2.8572,2.8602,17
2026-02-27 19:41:00,2.8562,2.8592,2.8562,2.8572,2.8612,2.8642,2.8612,2.8622,18
2026-02-27 19:42:00,2.8582,2.8582,2.8582,2.8582,2.8632,2.8632,2.8632,2.8632,1
2026-02-27 19:43:00,2.8592,2.8592,2.8572,2.8582,2.8642,2.8642,2.8622,2.8632,8
2026-02-27 19:44:00,2.8577,2.8582,2.8562,2.8572,2.8627,2.8632,2.8612,2.8622,7
2026-02-27 19:45:00,2.8567,2.8572,2.8557,2.8572,2.8617,2.8622,2.8607,2.8622,7
2026-02-27 19:46:00,2.8577,2.8577,2.8572,2.8572,2.8627,2.8627,2.8622,2.8622,2
2026-02-27 19:47:00,2.8577,2.8592,2.8562,2.8562,2.8627,2.8642,2.8612,2.8612,7
2026-02-27 19:48:00,2.8572,2.8592,2.8572,2.8582,2.8622,2.8642,2.8622,2.8632,12
2026-02-27 19:49:00,2.8592,2.8612,2.8592,2.8592,2.8642,2.8662,2.8642,2.8642,7
2026-02-27 19:50:00,2.8597,2.8617,2.8597,2.8612,2.8647,2.8667,2.8647,2.8662,7
2026-02-27 19:51:00,2.8602,2.8602,2.8592,2.8592,2.8652,2.8652,2.8642,2.8642,10
2026-02-27 19:52:00,2.8582,2.8592,2.8572,2.8592,2.8632,2.8642,2.8622,2.8642,4
2026-02-27 19:53:00,2.8582,2.8582,2.8492,2.8522,2.8632,2.8632,2.8542,2.8572,41
2026-02-27 19:54:00,2.8527,2.8537,2.8512,2.8532,2.8577,2.8587,2.8562,2.8582,15
2026-02-27 19:55:00,2.8522,2.8522,2.8492,2.8512,2.8572,2.8572,2.8542,2.8562,21
2026-02-27 19:56:00,2.8522,2.8542,2.8522,2.8542,2.8572,2.8592,2.8572,2.8592,14
2026-02-27 19:57:00,2.8537,2.8562,2.8532,2.8562,2.8587,2.8612,2.8582,2.8612,8
2026-02-27 19:58:00,2.8557,2.8592,2.8552,2.8577,2.8607,2.8642,2.8602,2.8627,19
2026-02-27 19:59:00,2.8582,2.8592,2.8572,2.8592,2.8632,2.8642,2.8622,2.8642,4
2026-02-27 20:00:00,2.8587,2.8587,2.8572,2.8572,2.8637,2.8637,2.8622,2.8622,8
2026-02-27 20:01:00,2.8577,2.8587,2.8572,2.8572,2.8627,2.8637,2.8622,2.8622,8
2026-02-27 20:02:00,2.8582,2.8592,2.8572,2.8587,2.8632,2.8642,2.8622,2.8637,23
2026-02-27 20:03:00,2.8592,2.8602,2.8582,2.8582,2.8642,2.8652,2.8632,2.8632,11
2026-02-27 20:04:00,2.8587,2.8587,2.8587,2.8587,2.8637,2.8637,2.8637,2.8637,1
2026-02-27 20:05:00,2.8592,2.8607,2.8542,2.8557,2.8642,2.8657,2.8592,2.8607,20
2026-02-27 20:06:00,2.8562,2.8562,2.8562,2.8562,2.8612,2.8612,2.8612,2.8612,1
2026-02-27 20:07:00,2.8557,2.8562,2.8552,2.8557,2.8607,2.8612,2.8602,2.8607,6
2026-02-27 20:08:00,2.8567,2.8567,2.8542,2.8552,2.8617,2.8617,2.8592,2.8602,9
2026-02-27 20:09:00,2.8542,2.8552,2.8532,2.8532,2.8592,2.8602,2.8582,2.8582,8
2026-02-27 20:10:00,2.8522,2.8532,2.8502,2.8502,2.8572,2.8582,2.8552,2.8552,10
2026-02-27 20:11:00,2.8497,2.8522,2.8497,2.8522,2.8547,2.8572,2.8547,2.8572,5
2026-02-27 20:12:00,2.8512,2.8552,2.8512,2.8552,2.8562,2.8602,2.8562,2.8602,6
2026-02-27 20:13:00,2.8557,2.8562,2.8552,2.8552,2.8607,2.8612,2.8602,2.8602,5
2026-02-27 20:14:00,2.8562,2.8562,2.8562,2.8562,2.8612,2.8612,2.8612,2.8612,1
2026-02-27 20:15:00,2.8552,2.8562,2.8537,2.8537,2.8602,2.8612,2.8587,2.8587,29
2026-02-27 20:16:00,2.8552,2.8572,2.8552,2.8552,2.8602,2.8622,2.8602,2.8602,12
2026-02-27 20:18:00,2.8542,2.8577,2.8542,2.8552,2.8592,2.8627,2.8592,2.8602,19
2026-02-27 20:19:00,2.8557,2.8582,2.8552,2.8582,2.8607,2.8632,2.8602,2.8632,12
2026-02-27 20:20:00,2.8587,2.8602,2.8577,2.8582,2.8637,2.8652,2.8627,2.8632,17
2026-02-27 20:21:00,2.8592,2.8612,2.8577,2.8587,2.8642,2.8662,2.8627,2.8637,19
2026-02-27 20:22:00,2.8592,2.8602,2.8572,2.8572,2.8642,2.8652,2.8622,2.8622,10
2026-02-27 20:23:00,2.8562,2.8602,2.8552,2.8592,2.8612,2.8652,2.8602,2.8642,22
2026-02-27 20:24:00,2.8587,2.8587,2.8552,2.8562,2.8637,2.8637,2.8602,2.8612,12
2026-02-27 20:25:00,2.8567,2.8567,2.8502,2.8507,2.8617,2.8617,2.8552,2.8557,20
2026-02-27 20:26:00,2.8512,2.8567,2.8502,2.8552,2.8562,2.8617,2.8552,2.8602,25
2026-02-27 20:27:00,2.8547,2.8547,2.8522,2.8537,2.8597,2.8597,2.8572,2.8587,40
2026-02-27 20:28:00,2.8522,2.8687,2.8522,2.8687,2.8572,2.8737,2.8572,2.8737,85
2026-02-27 20:29:00,2.8682,2.8697,2.8657,2.8682,2.8732,2.8747,2.8707,2.8732,46
2026-02-27 20:30:00,2.8692,2.8702,2.8622,2.8642,2.8742,2.8752,2.8672,2.8692,38
2026-02-27 20:31:00,2.8632,2.8652,2.8607,2.8607,2.8682,2.8702,2.8657,2.8657,22
2026-02-27 20:32:00,2.8612,2.8632,2.8612,2.8632,2.8662,2.8682,2.8662,2.8682,20
2026-02-27 20:33:00,2.8622,2.8642,2.8622,2.8642,2.8672,2.8692,2.8672,2.8692,13
2026-02-27 20:34:00,2.8632,2.8642,2.8632,2.8632,2.8682,2.8692,2.8682,2.8682,6
2026-02-27 20:35:00,2.8642,2.8652,2.8632,2.8642,2.8692,2.8702,2.8682,2.8692,8
2026-02-27 20:36:00,2.8632,2.8632,2.8612,2.8622,2.8682,2.8682,2.8662,2.8672,5
2026-02-27 20:37:00,2.8612,2.8632,2.8602,2.8622,2.8662,2.8682,2.8652,2.8672,11
2026-02-27 20:38:00,2.8632,2.8632,2.8612,2.8617,2.8682,2.8682,2.8662,2.8667,9
2026-02-27 20:39:00,2.8612,2.8612,2.8612,2.8612,2.8662,2.8662,2.8662,2.8662,1
2026-02-27 20:40:00,2.8602,2.8612,2.8602,2.8602,2.8652,2.8662,2.8652,2.8652,3
2026-02-27 20:41:00,2.8592,2.8592,2.8592,2.8592,2.8642,2.8642,2.8642,2.8642,1
2026-02-27 20:42:00,2.8597,2.8602,2.8592,2.8592,2.8647,2.8652,2.8642,2.8642,8
2026-02-27 20:43:00,2.8597,2.8612,2.8592,2.8607,2.8647,2.8662,2.8642,2.8657,11
2026-02-27 20:44:00,2.8602,2.8622,2.8602,2.8612,2.8652,2.8672,2.8652,2.8662,4
2026-02-27 20:45:00,2.8617,2.8622,2.8617,2.8622,2.8667,2.8672,2.8667,2.8672,4
2026-02-27 20:46:00,2.8612,2.8622,2.8612,2.8612,2.8662,2.8672,2.8662,2.8662,5
2026-02-27 20:47:00,2.8602,2.8612,2.8592,2.8602,2.8652,2.8662,2.8642,2.8652,14
2026-02-27 20:48:00,2.8597,2.8612,2.8592,2.8602,2.8647,2.8662,2.8642,2.8652,7
2026-02-27 20:49:00,2.8592,2.8602,2.8592,2.8602,2.8642,2.8652,2.8642,2.8652,3
2026-02-27 20:50:00,2.8597,2.8597,2.8562,2.8562,2.8647,2.8647,2.8612,2.8612,9
2026-02-27 20:51:00,2.8572,2.8582,2.8567,2.8582,2.8622,2.8632,2.8617,2.8632,4
2026-02-27 20:52:00,2.8572,2.8582,2.8572,2.8572,2.8622,2.8632,2.8622,2.8622,4
2026-02-27 20:53:00,2.8567,2.8567,2.8562,2.8562,2.8617,2.8617,2.8612,2.8612,2
2026-02-27 20:54:00,2.8552,2.8552,2.8532,2.8542,2.8602,2.8602,2.8582,2.8592,8
2026-02-27 20:55:00,2.8547,2.8572,2.8547,2.8572,2.8597,2.8622,2.8597,2.8622,5
2026-02-27 20:56:00,2.8567,2.8572,2.8562,2.8562,2.8617,2.8622,2.8612,2.8612,5
2026-02-27 20:57:00,2.8567,2.8567,2.8562,2.8567,2.8617,2.8617,2.8612,2.8617,3
2026-02-27 20:58:00,2.8562,2.8562,2.8552,2.8552,2.8612,2.8612,2.8602,2.8602,2
2026-02-27 20:59:00,2.8547,2.8552,2.8502,2.8512,2.8597,2.8602,2.8552,2.8562,22
2026-02-27 21:00:00,2.8507,2.8512,2.8502,2.8502,2.8557,2.8562,2.8552,2.8552,9
2026-02-27 21:01:00,2.8507,2.8512,2.8492,2.8502,2.8557,2.8562,2.8542,2.8552,9
2026-02-27 21:02:00,2.8507,2.8542,2.8492,2.8532,2.8557,2.8592,2.8542,2.8582,13
2026-02-27 21:03:00,2.8517,2.8522,2.8482,2.8492,2.8567,2.8572,2.8532,2.8542,13
2026-02-27 21:04:00,2.8502,2.8512,2.8492,2.8502,2.8552,2.8562,2.8542,2.8552,6
2026-02-27 21:05:00,2.8512,2.8522,2.8512,2.8522,2.8562,2.8572,2.8562,2.8572,7
2026-02-27 21:06:00,2.8517,2.8517,2.8512,2.8512,2.8567,2.8567,2.8562,2.8562,2
2026-02-27 21:08:00,2.8517,2.8517,2.8512,2.8512,2.8567,2.8567,2.8562,2.8562,6
2026-02-27 21:10:00,2.8507,2.8537,2.8507,2.8537,2.8557,2.8587,2.8557,2.8587,9
2026-02-27 21:11:00,2.8532,2.8572,2.8532,2.8572,2.8582,2.8622,2.8582,2.8622,6
2026-02-27 21:12:00,2.8567,2.8572,2.8542,2.8542,2.8617,2.8622,2.8592,2.8592,12
2026-02-27 21:13:00,2.8547,2.8552,2.8542,2.8552,2.8597,2.8602,2.8592,2.8602,4
2026-02-27 21:15:00,2.8562,2.8562,2.8557,2.8557,2.8612,2.8612,2.8607,2.8607,4
2026-02-27 21:16:00,2.8562,2.8562,2.8557,2.8562,2.8612,2.8612,2.8607,2.8612,3
2026-02-27 21:17:00,2.8557,2.8557,2.8552,2.8552,2.8607,2.8607,2.8602,2.8602,2
2026-02-27 21:20:00,2.8547,2.8547,2.8542,2.8542,2.8597,2.8597,2.8592,2.8592,2
2026-02-27 21:21:00,2.8547,2.8572,2.8547,2.8572,2.8597,2.8622,2.8597,2.8622,8
2026-02-27 21:22:00,2.8567,2.8572,2.8562,2.8572,2.8617,2.8622,2.8612,2.8622,6
2026-02-27 21:23:00,2.8582,2.8582,2.8572,2.8572,2.8632,2.8632,2.8622,2.8622,2
2026-02-27 21:24:00,2.8562,2.8572,2.8562,2.8572,2.8612,2.8622,2.8612,2.8622,6
2026-02-27 21:26:00,2.8562,2.8562,2.8552,2.8562,2.8612,2.8612,2.8602,2.8612,4
2026-02-27 21:27:00,2.8557,2.8557,2.8552,2.8557,2.8607,2.8607,2.8602,2.8607,3
2026-02-27 21:28:00,2.8552,2.8562,2.8552,2.8562,2.8602,2.8612,2.8602,2.8612,3
2026-02-27 21:29:00,2.8552,2.8552,2.8552,2.8552,2.8602,2.8602,2.8602,2.8602,1
2026-02-27 21:30:00,2.8557,2.8562,2.8552,2.8552,2.8607,2.8612,2.8602,2.8602,6
2026-02-27 21:31:00,2.8532,2.8542,2.8522,2.8532,2.8582,2.8592,2.8572,2.8582,9
2026-02-27 21:32:00,2.8542,2.8542,2.8532,2.8532,2.8592,2.8592,2.8582,2.8582,2
2026-02-27 21:33:00,2.8522,2.8532,2.8507,2.8522,2.8572,2.8582,2.8557,2.8572,9
2026-02-27 21:34:00,2.8512,2.8522,2.8502,2.8512,2.8562,2.8572,2.8552,2.8562,7
2026-02-27 21:35:00,2.8517,2.8522,2.8502,2.8512,2.8567,2.8572,2.8552,2.8562,12
2026-02-27 21:36:00,2.8507,2.8507,2.8497,2.8502,2.8557,2.8557,2.8547,2.8552,3
2026-02-27 21:37:00,2.8492,2.8502,2.8492,2.8492,2.8542,2.8552,2.8542,2.8542,3
2026-02-27 21:38:00,2.8502,2.8522,2.8502,2.8522,2.8552,2.8572,2.8552,2.8572,7
2026-02-27 21:39:00,2.8527,2.8527,2.8512,2.8522,2.8577,2.8577,2.8562,2.8572,4
2026-02-27 21:40:00,2.8512,2.8542,2.8512,2.8542,2.8562,2.8592,2.8562,2.8592,8
2026-02-27 21:41:00,2.8537,2.8542,2.8522,2.8542,2.8587,2.8592,2.8572,2.8592,8
2026-02-27 21:42:00,2.8552,2.8552,2.8542,2.8552,2.8602,2.8602,2.8592,2.8602,3
2026-02-27 21:43:00,2.8557,2.8572,2.8557,2.8572,2.8607,2.8622,2.8607,2.8622,8
2026-02-27 21:44:00,2.8562,2.8582,2.8562,2.8582,2.8612,2.8632,2.8612,2.8632,7
2026-02-27 21:45:00,2.8572,2.8617,2.8572,2.8617,2.8622,2.8667,2.8622,2.8667,9
2026-02-27 21:46:00,2.8622,2.8652,2.8622,2.8642,2.8672,2.8702,2.8672,2.8692,8
2026-02-27 21:47:00,2.8647,2.8652,2.8642,2.8652,2.8697,2.8702,2.8692,2.8702,9
2026-02-27 21:48:00,2.8662,2.8662,2.8657,2.8662,2.8712,2.8712,2.8707,2.8712,3
2026-02-27 21:49:00,2.8667,2.8672,2.8662,2.8662,2.8717,2.8722,2.8712,2.8712,4
2026-02-27 21:50:00,2.8667,2.8667,2.8667,2.8667,2.8717,2.8717,2.8717,2.8717,1
2026-02-27 21:51:00,2.8662,2.8662,2.8652,2.8662,2.8712,2.8712,2.8702,2.8712,4
2026-02-27 21:52:00,2.8667,2.8667,2.8632,2.8637,2.8717,2.8717,2.8682,2.8687,11
2026-02-27 21:53:00,2.8652,2.8657,2.8622,2.8652,2.8702,2.8707,2.8672,2.8702,16
2026-02-27 21:54:00,2.8662,2.8682,2.8642,2.8682,2.8712,2.8732,2.8692,2.8732,12
2026-02-27 21:55:00,2.8677,2.8692,2.8672,2.8682,2.8727,2.8742,2.8722,2.8732,10
2026-02-27 21:56:00,2.8672,2.8672,2.8672,2.8672,2.8722,2.8722,2.8722,2.8722,1
2026-02-27 21:57:00,2.8677,2.8682,2.8672,2.8672,2.8727,2.8732,2.8722,2.8722,4
2026-02-27 21:58:00,2.8677,2.8682,2.8672,2.8682,2.8727,2.8732,2.8722,2.8732,5
2026-02-27 21:59:00,2.8677,2.8682,2.8677,2.8682,2.8727,2.8732,2.8727,2.8732,2
2026-02-27 22:00:00,2.8677,2.8692,2.8672,2.8682,2.8727,2.8742,2.8722,2.8732,9
2026-02-27 22:01:00,2.8687,2.8692,2.8672,2.8692,2.8737,2.8742,2.8722,2.8742,9
2026-02-27 22:02:00,2.8687,2.8687,2.8682,2.8682,2.8737,2.8737,2.8732,2.8732,2
2026-02-27 22:03:00,2.8687,2.8687,2.8642,2.8652,2.8737,2.8737,2.8692,2.8702,11
2026-02-27 22:04:00,2.8657,2.8662,2.8642,2.8642,2.8707,2.8712,2.8692,2.8692,15
2026-02-27 22:05:00,2.8647,2.8652,2.8642,2.8652,2.8697,2.8702,2.8692,2.8702,7
2026-02-27 22:06:00,2.8642,2.8652,2.8622,2.8622,2.8692,2.8702,2.8672,2.8672,5
2026-02-27 22:07:00,2.8617,2.8632,2.8617,2.8632,2.8667,2.8682,2.8667,2.8682,5
2026-02-27 22:08:00,2.8637,2.8637,2.8632,2.8632,2.8687,2.8687,2.8682,2.8682,2
2026-02-27 22:09:00,2.8637,2.8642,2.8622,2.8622,2.8687,2.8692,2.8672,2.8672,5
2026-02-27 22:10:00,2.8632,2.8632,2.8617,2.8632,2.8682,2.8682,2.8667,2.8682,10
2026-02-27 22:11:00,2.8622,2.8637,2.8622,2.8637,2.8672,2.8687,2.8672,2.8687,5
2026-02-27 22:12:00,2.8632,2.8642,2.8612,2.8622,2.8682,2.8692,2.8662,2.8672,12
2026-02-27 22:13:00,2.8612,2.8622,2.8607,2.8622,2.8662,2.8672,2.8657,2.8672,4
2026-02-27 22:14:00,2.8617,2.8632,2.8612,2.8627,2.8667,2.8682,2.8662,2.8677,8
2026-02-27 22:15:00,2.8622,2.8622,2.8622,2.8622,2.8672,2.8672,2.8672,2.8672,1
2026-02-27 22:16:00,2.8627,2.8632,2.8622,2.8627,2.8677,2.8682,2.8672,2.8677,8
2026-02-27 22:17:00,2.8632,2.8642,2.8612,2.8622,2.8682,2.8692,2.8662,2.8672,12
2026-02-27 22:18:00,2.8627,2.8632,2.8622,2.8622,2.8677,2.8682,2.8672,2.8672,6
2026-02-27 22:19:00,2.8632,2.8632,2.8592,2.8602,2.8682,2.8682,2.8642,2.8652,16
2026-02-27 22:20:00,2.8592,2.8602,2.8592,2.8602,2.8642,2.8652,2.8642,2.8652,2
2026-02-27 22:21:00,2.8612,2.8622,2.8612,2.8612,2.8662,2.8672,2.8662,2.8662,3
2026-02-27 22:22:00,2.8617,2.8637,2.8617,2.8632,2.8667,2.8687,2.8667,2.8682,6
2026-02-27 22:23:00,2.8627,2.8632,2.8622,2.8632,2.8677,2.8682,2.8672,2.8682,4
2026-02-27 22:24:00,2.8617,2.8617,2.8602,2.8602,2.8667,2.8667,2.8652,2.8652,17
2026-02-27 22:25:00,2.8607,2.8612,2.8582,2.8592,2.8657,2.8662,2.8632,2.8642,10
2026-02-27 22:26:00,2.8582,2.8592,2.8572,2.8582,2.8632,2.8642,2.8622,2.8632,14
2026-02-27 22:27:00,2.8577,2.8602,2.8577,2.8592,2.8627,2.8652,2.8627,2.8642,11
2026-02-27 22:28:00,2.8602,2.8602,2.8592,2.8592,2.8652,2.8652,2.8642,2.8642,8
2026-02-27 22:29:00,2.8582,2.8592,2.8572,2.8582,2.8632,2.8642,2.8622,2.8632,11
2026-02-27 22:30:00,2.8577,2.8592,2.8572,2.8592,2.8627,2.8642,2.8622,2.8642,10
2026-02-27 22:31:00,2.8597,2.8597,2.8582,2.8587,2.8647,2.8647,2.8632,2.8637,3
2026-02-27 22:32:00,2.8592,2.8592,2.8582,2.8592,2.8642,2.8642,2.8632,2.8642,4
2026-02-27 22:33:00,2.8577,2.8587,2.8572,2.8587,2.8627,2.8637,2.8622,2.8637,7
2026-02-27 22:34:00,2.8592,2.8592,2.8572,2.8572,2.8642,2.8642,2.8622,2.8622,6
2026-02-27 22:35:00,2.8582,2.8582,2.8572,2.8572,2.8632,2.8632,2.8622,2.8622,2
2026-02-27 22:36:00,2.8567,2.8572,2.8552,2.8552,2.8617,2.8622,2.8602,2.8602,7
2026-02-27 22:37:00,2.8542,2.8562,2.8542,2.8562,2.8592,2.8612,2.8592,2.8612,9
2026-02-27 22:38:00,2.8552,2.8557,2.8552,2.8557,2.8602,2.8607,2.8602,2.8607,2
2026-02-27 22:39:00,2.8552,2.8552,2.8542,2.8542,2.8602,2.8602,2.8592,2.8592,2
2026-02-27 22:40:00,2.8547,2.8557,2.8542,2.8552,2.8597,2.8607,2.8592,2.8602,9
2026-02-27 22:41:00,2.8557,2.8562,2.8552,2.8557,2.8607,2.8612,2.8602,2.8607,5
2026-02-27 22:42:00,2.8552,2.8592,2.8552,2.8562,2.8602,2.8642,2.8602,2.8612,16
2026-02-27 22:43:00,2.8552,2.8562,2.8552,2.8552,2.8602,2.8612,2.8602,2.8602,5
2026-02-27 22:44:00,2.8547,2.8562,2.8542,2.8562,2.8597,2.8612,2.8592,2.8612,5
2026-02-27 22:45:00,2.8552,2.8582,2.8552,2.8572,2.8602,2.8632,2.8602,2.8622,13
2026-02-27 22:46:00,2.8577,2.8607,2.8577,2.8602,2.8627,2.8657,2.8627,2.8652,8
2026-02-27 22:47:00,2.8597,2.8632,2.8597,2.8627,2.8647,2.8682,2.8647,2.8677,15
2026-02-27 22:48:00,2.8632,2.8632,2.8622,2.8632,2.8682,2.8682,2.8672,2.8682,5
2026-02-27 22:49:00,2.8642,2.8642,2.8632,2.8632,2.8692,2.8692,2.8682,2.8682,4
2026-02-27 22:50:00,2.8627,2.8642,2.8627,2.8627,2.8677,2.8692,2.8677,2.8677,4
2026-02-27 22:51:00,2.8632,2.8632,2.8627,2.8632,2.8682,2.8682,2.8677,2.8682,3
2026-02-27 22:52:00,2.8627,2.8632,2.8607,2.8622,2.8677,2.8682,2.8657,2.8672,15
2026-02-27 22:53:00,2.8612,2.8632,2.8612,2.8632,2.8662,2.8682,2.8662,2.8682,11
2026-02-27 22:54:00,2.8617,2.8627,2.8617,2.8617,2.8667,2.8677,2.8667,2.8667,5
2026-02-27 22:55:00,2.8622,2.8622,2.8612,2.8612,2.8672,2.8672,2.8662,2.8662,5
2026-02-27 22:56:00,2.8617,2.8632,2.8612,2.8627,2.8667,2.8682,2.8662,2.8677,11
2026-02-27 22:57:00,2.8632,2.8632,2.8622,2.8622,2.8682,2.8682,2.8672,2.8672,2
2026-02-27 22:58:00,2.8632,2.8632,2.8622,2.8627,2.8682,2.8682,2.8672,2.8677,8
2026-02-27 22:59:00,2.8632,2.8632,2.8612,2.8617,2.8682,2.8682,2.8662,2.8666,22
2026-03-02 00:00:00,2.9081,2.9436,2.9056,2.9246,2.9131,2.9486,2.9106,2.9296,108
2026-03-02 00:01:00,2.9261,2.9291,2.9256,2.9286,2.9311,2.9341,2.9306,2.9336,14
2026-03-02 00:02:00,2.9081,2.9176,2.9041,2.9086,2.9131,2.9226,2.9091,2.9136,27
2026-03-02 00:03:00,2.9076,2.9111,2.8966,2.8991,2.9126,2.9161,2.9016,2.9041,34
2026-03-02 00:04:00,2.8996,2.9151,2.8996,2.9116,2.9046,2.9201,2.9046,2.9166,49
2026-03-02 00:05:00,2.9121,2.9121,2.9071,2.9091,2.9171,2.9171,2.9121,2.9141,20
2026-03-02 00:06:00,2.9096,2.9161,2.9086,2.9096,2.9146,2.9211,2.9136,2.9146,29
2026-03-02 00:07:00,2.9101,2.9101,2.9001,2.9051,2.9151,2.9151,2.9051,2.9101,31
2026-03-02 00:08:00,2.9046,2.9131,2.9046,2.9056,2.9096,2.9181,2.9096,2.9106,36
2026-03-02 00:09:00,2.9061,2.9061,2.9016,2.9041,2.9111,2.9111,2.9066,2.9091,18
2026-03-02 00:10:00,2.9036,2.9061,2.9021,2.9061,2.9086,2.9111,2.9071,2.9111,23
2026-03-02 00:11:00,2.9056,2.9056,2.8976,2.9011,2.9106,2.9106,2.9026,2.9061,25
2026-03-02 00:12:00,2.9021,2.9021,2.8981,2.8991,2.9071,2.9071,2.9031,2.9041,17
2026-03-02 00:13:00,2.8996,2.9071,2.8986,2.9071,2.9046,2.9121,2.9036,2.9121,32
2026-03-02 00:14:00,2.9066,2.9101,2.9066,2.9091,2.9116,2.9151,2.9116,2.9141,25
2026-03-02 00:15:00,2.9101,2.9151,2.9091,2.9141,2.9151,2.9201,2.9141,2.9191,21
2026-03-02 00:16:00,2.9146,2.9241,2.9141,2.9241,2.9196,2.9291,2.9191,2.9291,19
2026-03-02 00:17:00,2.9246,2.9341,2.9246,2.9291,2.9296,2.9391,2.9296,2.9341,30
2026-03-02 00:18:00,2.9301,2.9301,2.9266,2.9276,2.9351,2.9351,2.9316,2.9326,34
2026-03-02 00:19:00,2.9286,2.9301,2.9106,2.9111,2.9336,2.9351,2.9156,2.9161,44
2026-03-02 00:20:00,2.9106,2.9111,2.9051,2.9051,2.9156,2.9161,2.9101,2.9101,26
2026-03-02 00:21:00,2.9056,2.9061,2.9001,2.9036,2.9106,2.9111,2.9051,2.9086,20
2026-03-02 00:22:00,2.9001,2.9086,2.9001,2.9081,2.9051,2.9136,2.9051,2.9131,21
2026-03-02 00:23:00,2.9086,2.9096,2.9081,2.9086,2.9136,2.9146,2.9131,2.9136,6
2026-03-02 00:24:00,2.9076,2.9076,2.9071,2.9071,2.9126,2.9126,2.9121,2.9121,2
2026-03-02 00:25:00,2.9076,2.9091,2.9021,2.9021,2.9126,2.9141,2.9071,2.9071,12
2026-03-02 00:26:00,2.8996,2.9056,2.8996,2.9021,2.9046,2.9106,2.9046,2.9071,21
2026-03-02 00:27:00,2.9011,2.9031,2.8991,2.9031,2.9061,2.9081,2.9041,2.9081,10
2026-03-02 00:28:00,2.9041,2.9041,2.8911,2.8926,2.9091,2.9091,2.8961,2.8976,31
2026-03-02 00:29:00,2.8901,2.8996,2.8901,2.8996,2.8951,2.9046,2.8951,2.9046,19
2026-03-02 00:30:00,2.8991,2.9011,2.8941,2.8946,2.9041,2.9061,2.8991,2.8996,22
2026-03-02 00:31:00,2.8956,2.8971,2.8931,2.8936,2.9006,2.9021,2.8981,2.8986,13
2026-03-02 00:32:00,2.8941,2.8961,2.8916,2.8951,2.8991,2.9011,2.8966,2.9001,9
2026-03-02 00:33:00,2.8946,2.8951,2.8926,2.8951,2.8996,2.9001,2.8976,2.9001,6
2026-03-02 00:34:00,2.8941,2.8941,2.8921,2.8931,2.8991,2.8991,2.8971,2.8981,8
2026-03-02 00:35:00,2.8921,2.8921,2.8911,2.8921,2.8971,2.8971,2.8961,2.8971,5
2026-03-02 00:36:00,2.8916,2.8921,2.8851,2.8851,2.8966,2.8971,2.8901,2.8901,23
2026-03-02 00:37:00,2.8856,2.8856,2.8811,2.8811,2.8906,2.8906,2.8861,2.8861,19
2026-03-02 00:38:00,2.8786,2.8786,2.8721,2.8736,2.8836,2.8836,2.8771,2.8786,24
2026-03-02 00:39:00,2.8741,2.8816,2.8741,2.8756,2.8791,2.8866,2.8791,2.8806,24
2026-03-02 00:40:00,2.8751,2.8781,2.8741,2.8761,2.8801,2.8831,2.8791,2.8811,17
2026-03-02 00:41:00,2.8771,2.8781,2.8736,2.8736,2.8821,2.8831,2.8786,2.8786,10
2026-03-02 00:42:00,2.8746,2.8796,2.8746,2.8776,2.8796,2.8846,2.8796,2.8826,12
2026-03-02 00:43:00,2.8771,2.8821,2.8771,2.8816,2.8821,2.8871,2.8821,2.8866,15
2026-03-02 00:44:00,2.8821,2.8841,2.8816,2.8816,2.8871,2.8891,2.8866,2.8866,15
2026-03-02 00:45:00,2.8826,2.8836,2.8821,2.8836,2.8876,2.8886,2.8871,2.8886,5
2026-03-02 00:46:00,2.8841,2.8871,2.8841,2.8866,2.8891,2.8921,2.8891,2.8916,13
2026-03-02 00:47:00,2.8871,2.8886,2.8836,2.8856,2.8921,2.8936,2.8886,2.8906,13
2026-03-02 00:48:00,2.8851,2.8851,2.8821,2.8836,2.8901,2.8901,2.8871,2.8886,9
2026-03-02 00:49:00,2.8841,2.8861,2.8841,2.8851,2.8891,2.8911,2.8891,2.8901,5
2026-03-02 00:50:00,2.8836,2.8861,2.8821,2.8846,2.8886,2.8911,2.8871,2.8896,11
2026-03-02 00:51:00,2.8851,2.8851,2.8846,2.8846,2.8901,2.8901,2.8896,2.8896,2
2026-03-02 00:52:00,2.8851,2.8886,2.8841,2.8841,2.8901,2.8936,2.8891,2.8891,12
2026-03-02 00:53:00,2.8836,2.8851,2.8826,2.8851,2.8886,2.8901,2.8876,2.8901,9
2026-03-02 00:54:00,2.8841,2.8846,2.8836,2.8836,2.8891,2.8896,2.8886,2.8886,5
2026-03-02 00:55:00,2.8821,2.8821,2.8816,2.8816,2.8871,2.8871,2.8866,2.8866,2
2026-03-02 00:56:00,2.8811,2.8821,2.8771,2.8821,2.8861,2.8871,2.8821,2.8871,14
2026-03-02 00:57:00,2.8826,2.8831,2.8801,2.8801,2.8876,2.8881,2.8851,2.8851,7
2026-03-02 00:58:00,2.8831,2.8836,2.8816,2.8816,2.8881,2.8886,2.8866,2.8866,7
2026-03-02 00:59:00,2.8821,2.8821,2.8821,2.8821,2.8871,2.8871,2.8871,2.8871,1
2026-03-02 01:00:00,2.8816,2.8831,2.8816,2.8821,2.8866,2.8881,2.8866,2.8871,5
2026-03-02 01:01:00,2.8811,2.8811,2.8811,2.8811,2.8861,2.8861,2.8861,2.8861,1
2026-03-02 01:02:00,2.8806,2.8826,2.8806,2.8826,2.8856,2.8876,2.8856,2.8876,5
2026-03-02 01:03:00,2.8831,2.8841,2.8831,2.8831,2.8881,2.8891,2.8881,2.8881,11
2026-03-02 01:04:00,2.8826,2.8831,2.8826,2.8831,2.8876,2.8881,2.8876,2.8881,2
2026-03-02 01:05:00,2.8836,2.8896,2.8836,2.8886,2.8886,2.8946,2.8886,2.8936,13
2026-03-02 01:06:00,2.8891,2.8906,2.8876,2.8876,2.8941,2.8956,2.8926,2.8926,11
2026-03-02 01:07:00,2.8881,2.8881,2.8836,2.8836,2.8931,2.8931,2.8886,2.8886,9
2026-03-02 01:08:00,2.8841,2.8841,2.8826,2.8826,2.8891,2.8891,2.8876,2.8876,4
2026-03-02 01:09:00,2.8831,2.8831,2.8776,2.8781,2.8881,2.8881,2.8826,2.8831,12
2026-03-02 01:10:00,2.8786,2.8801,2.8786,2.8791,2.8836,2.8851,2.8836,2.8841,10
2026-03-02 01:11:00,2.8796,2.8806,2.8796,2.8801,2.8846,2.8856,2.8846,2.8851,3
2026-03-02 01:12:00,2.8806,2.8821,2.8806,2.8816,2.8856,2.8871,2.8856,2.8866,6
2026-03-02 01:13:00,2.8821,2.8821,2.8811,2.8811,2.8871,2.8871,2.8861,2.8861,4
2026-03-02 01:14:00,2.8806,2.8811,2.8806,2.8811,2.8856,2.8861,2.8856,2.8861,2
2026-03-02 01:15:00,2.8816,2.8826,2.8816,2.8826,2.8866,2.8876,2.8866,2.8876,2
2026-03-02 01:16:00,2.8841,2.8856,2.8821,2.8856,2.8891,2.8906,2.8871,2.8906,8
2026-03-02 01:17:00,2.8851,2.8856,2.8831,2.8856,2.8901,2.8906,2.8881,2.8906,8
2026-03-02 01:18:00,2.8851,2.8851,2.8846,2.8851,2.8901,2.8901,2.8896,2.8901,3
2026-03-02 01:19:00,2.8856,2.8861,2.8856,2.8861,2.8906,2.8911,2.8906,2.8911,2
2026-03-02 01:20:00,2.8866,2.8886,2.8856,2.8866,2.8916,2.8936,2.8906,2.8916,6
2026-03-02 01:21:00,2.8871,2.8921,2.8871,2.8921,2.8921,2.8971,2.8921,2.8971,11
2026-03-02 01:22:00,2.8911,2.8931,2.8901,2.8921,2.8961,2.8981,2.8951,2.8971,9
2026-03-02 01:23:00,2.8911,2.8926,2.8901,2.8921,2.8961,2.8976,2.8951,2.8971,10
2026-03-02 01:24:00,2.8926,2.8926,2.8906,2.8921,2.8976,2.8976,2.8956,2.8971,5
2026-03-02 01:25:00,2.8926,2.8936,2.8891,2.8936,2.8976,2.8986,2.8941,2.8986,11
2026-03-02 01:26:00,2.8926,2.8941,2.8926,2.8941,2.8976,2.8991,2.8976,2.8991,3
2026-03-02 01:27:00,2.8951,2.8971,2.8951,2.8956,2.9001,2.9021,2.9001,2.9006,8
2026-03-02 01:28:00,2.8941,2.8941,2.8931,2.8931,2.8991,2.8991,2.8981,2.8981,5
2026-03-02 01:29:00,2.8946,2.9011,2.8946,2.9001,2.8996,2.9061,2.8996,2.9051,15
2026-03-02 01:30:00,2.8996,2.8996,2.8971,2.8981,2.9046,2.9046,2.9021,2.9031,6
2026-03-02 01:31:00,2.8986,2.9001,2.8971,2.8991,2.9036,2.9051,2.9021,2.9041,6
2026-03-02 01:32:00,2.8996,2.9001,2.8991,2.8991,2.9046,2.9051,2.9041,2.9041,4
2026-03-02 01:33:00,2.8996,2.9001,2.8991,2.9001,2.9046,2.9051,2.9041,2.9051,10
2026-03-02 01:34:00,2.8991,2.9011,2.8991,2.9006,2.9041,2.9061,2.9041,2.9056,10
2026-03-02 01:35:00,2.9011,2.9016,2.9011,2.9016,2.9061,2.9066,2.9061,2.9066,4
2026-03-02 01:36:00,2.9026,2.9041,2.9026,2.9031,2.9076,2.9091,2.9076,2.9081,3
2026-03-02 01:37:00,2.9036,2.9041,2.9036,2.9036,2.9086,2.9091,2.9086,2.9086,3
2026-03-02 01:38:00,2.9031,2.9031,2.8991,2.8991,2.9081,2.9081,2.9041,2.9041,11
2026-03-02 01:39:00,2.8996,2.9016,2.8996,2.9011,2.9046,2.9066,2.9046,2.9061,5
2026-03-02 01:40:00,2.9016,2.9026,2.9016,2.9026,2.9066,2.9076,2.9066,2.9076,3
2026-03-02 01:41:00,2.9036,2.9041,2.9031,2.9036,2.9086,2.9091,2.9081,2.9086,6
2026-03-02 01:42:00,2.9041,2.9041,2.9031,2.9041,2.9091,2.9091,2.9081,2.9091,4
2026-03-02 01:43:00,2.9051,2.9061,2.9031,2.9031,2.9101,2.9111,2.9081,2.9081,13
2026-03-02 01:44:00,2.9021,2.9026,2.9006,2.9021,2.9071,2.9076,2.9056,2.9071,6
2026-03-02 01:45:00,2.9026,2.9036,2.9026,2.9036,2.9076,2.9086,2.9076,2.9086,4
2026-03-02 01:46:00,2.9041,2.9041,2.9021,2.9026,2.9091,2.9091,2.9071,2.9076,7
2026-03-02 01:47:00,2.9031,2.9036,2.9031,2.9036,2.9081,2.9086,2.9081,2.9086,2
2026-03-02 01:48:00,2.9031,2.9051,2.9031,2.9046,2.9081,2.9101,2.9081,2.9096,5
2026-03-02 01:49:00,2.9041,2.9041,2.9006,2.9026,2.9091,2.9091,2.9056,2.9076,9
2026-03-02 01:50:00,2.9021,2.9021,2.9021,2.9021,2.9071,2.9071,2.9071,2.9071,1
2026-03-02 01:51:00,2.9026,2.9026,2.9006,2.9011,2.9076,2.9076,2.9056,2.9061,7
2026-03-02 01:52:00,2.9006,2.9011,2.8996,2.8996,2.9056,2.9061,2.9046,2.9046,3
2026-03-02 01:53:00,2.9001,2.9001,2.8996,2.9001,2.9051,2.9051,2.9046,2.9051,3
2026-03-02 01:54:00,2.9006,2.9016,2.9006,2.9016,2.9056,2.9066,2.9056,2.9066,5
2026-03-02 01:55:00,2.9011,2.9016,2.9011,2.9016,2.9061,2.9066,2.9061,2.9066,4
2026-03-02 01:57:00,2.9021,2.9051,2.9021,2.9046,2.9071,2.9101,2.9071,2.9096,6
2026-03-02 01:58:00,2.9056,2.9061,2.9056,2.9061,2.9106,2.9111,2.9106,2.9111,2
2026-03-02 01:59:00,2.9056,2.9061,2.9056,2.9056,2.9106,2.9111,2.9106,2.9106,3
2026-03-02 02:00:00,2.9061,2.9061,2.9051,2.9056,2.9111,2.9111,2.9101,2.9106,5
2026-03-02 02:01:00,2.9061,2.9101,2.9056,2.9081,2.9111,2.9151,2.9106,2.9131,25
2026-03-02 02:02:00,2.9076,2.9076,2.9031,2.9041,2.9126,2.9126,2.9081,2.9091,12
2026-03-02 02:03:00,2.9031,2.9066,2.9021,2.9051,2.9081,2.9116,2.9071,2.9101,7
2026-03-02 02:04:00,2.9041,2.9061,2.8971,2.8981,2.9091,2.9111,2.9021,2.9031,17
2026-03-02 02:05:00,2.8986,2.8996,2.8971,2.8981,2.9036,2.9046,2.9021,2.9031,15
2026-03-02 02:06:00,2.8986,2.9006,2.8986,2.9001,2.9036,2.9056,2.9036,2.9051,6
2026-03-02 02:07:00,2.9006,2.9021,2.9001,2.9021,2.9056,2.9071,2.9051,2.9071,4
2026-03-02 02:08:00,2.9016,2.9041,2.8996,2.9031,2.9066,2.9091,2.9046,2.9081,17
2026-03-02 02:09:00,2.9036,2.9041,2.9026,2.9026,2.9086,2.9091,2.9076,2.9076,5
2026-03-02 02:10:00,2.9031,2.9036,2.9016,2.9031,2.9081,2.9086,2.9066,2.9081,5
2026-03-02 02:11:00,2.9041,2.9046,2.9041,2.9046,2.9091,2.9096,2.9091,2.9096,2
2026-03-02 02:12:00,2.9041,2.9051,2.9041,2.9051,2.9091,2.9101,2.9091,2.9101,3
2026-03-02 02:13:00,2.9056,2.9086,2.9056,2.9071,2.9106,2.9136,2.9106,2.9121,8
2026-03-02 02:14:00,2.9076,2.9081,2.9071,2.9076,2.9126,2.9131,2.9121,2.9126,6
2026-03-02 02:15:00,2.9081,2.9081,2.9071,2.9076,2.9131,2.9131,2.9121,2.9126,6
2026-03-02 02:16:00,2.9081,2.9081,2.9061,2.9061,2.9131,2.9131,2.9111,2.9111,9
2026-03-02 02:17:00,2.9071,2.9071,2.9071,2.9071,2.9121,2.9121,2.9121,2.9121,1
2026-03-02 02:18:00,2.9066,2.9071,2.9066,2.9066,2.9116,2.9121,2.9116,2.9116,3
2026-03-02 02:19:00,2.9061,2.9066,2.9051,2.9066,2.9111,2.9116,2.9101,2.9116,5
2026-03-02 02:20:00,2.9061,2.9071,2.9056,2.9056,2.9111,2.9121,2.9106,2.9106,8
2026-03-02 02:21:00,2.9051,2.9061,2.9051,2.9061,2.9101,2.9111,2.9101,2.9111,3
2026-03-02 02:22:00,2.9046,2.9046,2.9016,2.9046,2.9096,2.9096,2.9066,2.9096,7
2026-03-02 02:23:00,2.9036,2.9036,2.9006,2.9006,2.9086,2.9086,2.9056,2.9056,8
2026-03-02 02:24:00,2.9011,2.9011,2.8976,2.8981,2.9061,2.9061,2.9026,2.9031,7
2026-03-02 02:25:00,2.8976,2.8976,2.8941,2.8951,2.9026,2.9026,2.8991,2.9001,14
2026-03-02 02:26:00,2.8961,2.8971,2.8961,2.8966,2.9011,2.9021,2.9011,2.9016,3
2026-03-02 02:27:00,2.8956,2.8981,2.8951,2.8961,2.9006,2.9031,2.9001,2.9011,8
2026-03-02 02:28:00,2.8941,2.8956,2.8901,2.8921,2.8991,2.9006,2.8951,2.8971,16
2026-03-02 02:29:00,2.8911,2.8921,2.8901,2.8901,2.8961,2.8971,2.8951,2.8951,9
2026-03-02 02:30:00,2.8911,2.8941,2.8911,2.8936,2.8961,2.8991,2.8961,2.8986,5
2026-03-02 02:31:00,2.8941,2.8941,2.8941,2.8941,2.8991,2.8991,2.8991,2.8991,1
2026-03-02 02:32:00,2.8931,2.8946,2.8931,2.8946,2.8981,2.8996,2.8981,2.8996,5
2026-03-02 02:33:00,2.8956,2.8956,2.8931,2.8936,2.9006,2.9006,2.8981,2.8986,5
2026-03-02 02:34:00,2.8941,2.8946,2.8916,2.8946,2.8991,2.8996,2.8966,2.8996,6
2026-03-02 02:35:00,2.8941,2.8946,2.8931,2.8941,2.8991,2.8996,2.8981,2.8991,4
2026-03-02 02:36:00,2.8936,2.8936,2.8916,2.8936,2.8986,2.8986,2.8966,2.8986,10
2026-03-02 02:37:00,2.8941,2.8941,2.8901,2.8901,2.8991,2.8991,2.8951,2.8951,6
2026-03-02 02:38:00,2.8911,2.8936,2.8911,2.8936,2.8961,2.8986,2.8961,2.8986,5
2026-03-02 02:39:00,2.8941,2.8946,2.8936,2.8946,2.8991,2.8996,2.8986,2.8996,4
2026-03-02 02:40:00,2.8951,2.8951,2.8936,2.8946,2.9001,2.9001,2.8986,2.8996,4
2026-03-02 02:41:00,2.8941,2.8946,2.8941,2.8941,2.8991,2.8996,2.8991,2.8991,3
2026-03-02 02:42:00,2.8951,2.8951,2.8946,2.8946,2.9001,2.9001,2.8996,2.8996,2
2026-03-02 02:43:00,2.8941,2.8941,2.8926,2.8926,2.8991,2.8991,2.8976,2.8976,5
2026-03-02 02:44:00,2.8941,2.8946,2.8901,2.8901,2.8991,2.8996,2.8951,2.8951,7
2026-03-02 02:45:00,2.8896,2.8906,2.8886,2.8886,2.8946,2.8956,2.8936,2.8936,10
2026-03-02 02:46:00,2.8881,2.8881,2.8851,2.8866,2.8931,2.8931,2.8901,2.8916,10
2026-03-02 02:47:00,2.8876,2.8876,2.8861,2.8871,2.8926,2.8926,2.8911,2.8921,6
2026-03-02 02:48:00,2.8876,2.8971,2.8876,2.8956,2.8926,2.9021,2.8926,2.9006,17
2026-03-02 02:49:00,2.8971,2.8991,2.8961,2.8961,2.9021,2.9041,2.9011,2.9011,7
2026-03-02 02:50:00,2.8966,2.8976,2.8961,2.8976,2.9016,2.9026,2.9011,2.9026,3
2026-03-02 02:51:00,2.8971,2.8976,2.8971,2.8976,2.9021,2.9026,2.9021,2.9026,2
2026-03-02 02:52:00,2.8986,2.9001,2.8981,2.8986,2.9036,2.9051,2.9031,2.9036,8
2026-03-02 02:55:00,2.8981,2.8981,2.8981,2.8981,2.9031,2.9031,2.9031,2.9031,1
2026-03-02 02:56:00,2.8971,2.8971,2.8961,2.8961,2.9021,2.9021,2.9011,2.9011,2
2026-03-02 02:57:00,2.8956,2.8956,2.8956,2.8956,2.9006,2.9006,2.9006,2.9006,1
2026-03-02 02:59:00,2.8961,2.8981,2.8916,2.8931,2.9011,2.9031,2.8966,2.8981,14
2026-03-02 03:00:00,2.8941,2.8941,2.8921,2.8926,2.8991,2.8991,2.8971,2.8976,5
2026-03-02 03:01:00,2.8931,2.8931,2.8901,2.8901,2.8981,2.8981,2.8951,2.8951,7
2026-03-02 03:02:00,2.8896,2.8926,2.8896,2.8911,2.8946,2.8976,2.8946,2.8961,7
2026-03-02 03:03:00,2.8916,2.8916,2.8901,2.8916,2.8966,2.8966,2.8951,2.8966,6
2026-03-02 03:04:00,2.8926,2.8931,2.8921,2.8921,2.8976,2.8981,2.8971,2.8971,3
2026-03-02 03:05:00,2.8926,2.8941,2.8926,2.8936,2.8976,2.8991,2.8976,2.8986,4
2026-03-02 03:06:00,2.8951,2.8961,2.8951,2.8956,2.9001,2.9011,2.9001,2.9006,3
2026-03-02 03:07:00,2.8951,2.8951,2.8941,2.8946,2.9001,2.9001,2.8991,2.8996,3
2026-03-02 03:08:00,2.8936,2.8981,2.8936,2.8981,2.8986,2.9031,2.8986,2.9031,6
2026-03-02 03:09:00,2.8986,2.8986,2.8961,2.8966,2.9036,2.9036,2.9011,2.9016,5
2026-03-02 03:10:00,2.8971,2.8971,2.8956,2.8956,2.9021,2.9021,2.9006,2.9006,5
2026-03-02 03:11:00,2.8961,2.8961,2.8961,2.8961,2.9011,2.9011,2.9011,2.9011,1
2026-03-02 03:12:00,2.8966,2.8966,2.8966,2.8966,2.9016,2.9016,2.9016,2.9016,1
2026-03-02 03:14:00,2.8961,2.8961,2.8951,2.8951,2.9011,2.9011,2.9001,2.9001,3
2026-03-02 03:16:00,2.8956,2.8956,2.8956,2.8956,2.9006,2.9006,2.9006,2.9006,1
2026-03-02 03:17:00,2.8961,2.8981,2.8961,2.8981,2.9011,2.9031,2.9011,2.9031,3
2026-03-02 03:18:00,2.8986,2.9011,2.8986,2.9001,2.9036,2.9061,2.9036,2.9051,5
2026-03-02 03:19:00,2.8996,2.8996,2.8946,2.8946,2.9046,2.9046,2.8996,2.8996,8
2026-03-02 03:20:00,2.8951,2.8966,2.8951,2.8961,2.9001,2.9016,2.9001,2.9011,8
2026-03-02 03:22:00,2.8971,2.8976,2.8971,2.8976,2.9021,2.9026,2.9021,2.9026,2
2026-03-02 03:23:00,2.8971,2.8971,2.8971,2.8971,2.9021,2.9021,2.9021,2.9021,1
2026-03-02 03:24:00,2.8981,2.8981,2.8976,2.8981,2.9031,2.9031,2.9026,2.9031,3
2026-03-02 03:26:00,2.8976,2.8981,2.8976,2.8981,2.9026,2.9031,2.9026,2.9031,2
2026-03-02 03:27:00,2.8976,2.8976,2.8976,2.8976,2.9026,2.9026,2.9026,2.9026,1
2026-03-02 03:28:00,2.8981,2.8991,2.8981,2.8991,2.9031,2.9041,2.9031,2.9041,2
2026-03-02 03:29:00,2.8981,2.8981,2.8976,2.8976,2.9031,2.9031,2.9026,2.9026,2
2026-03-02 03:30:00,2.8956,2.8981,2.8956,2.8966,2.9006,2.9031,2.9006,2.9016,7
2026-03-02 03:31:00,2.8971,2.8981,2.8971,2.8976,2.9021,2.9031,2.9021,2.9026,3
2026-03-02 03:33:00,2.8981,2.8981,2.8981,2.8981,2.9031,2.9031,2.9031,2.9031,1
2026-03-02 03:34:00,2.8976,2.8981,2.8966,2.8981,2.9026,2.9031,2.9016,2.9031,3
2026-03-02 03:35:00,2.8976,2.8976,2.8976,2.8976,2.9026,2.9026,2.9026,2.9026,1
2026-03-02 03:36:00,2.8986,2.8986,2.8976,2.8976,2.9036,2.9036,2.9026,2.9026,3
2026-03-02 03:37:00,2.8966,2.8986,2.8966,2.8986,2.9016,2.9036,2.9016,2.9036,6
2026-03-02 03:38:00,2.8981,2.8981,2.8981,2.8981,2.9031,2.9031,2.9031,2.9031,1
2026-03-02 03:39:00,2.8976,2.8981,2.8976,2.8981,2.9026,2.9031,2.9026,2.9031,2
2026-03-02 03:40:00,2.8986,2.8991,2.8986,2.8991,2.9036,2.9041,2.9036,2.9041,2
2026-03-02 03:41:00,2.8986,2.8986,2.8986,2.8986,2.9036,2.9036,2.9036,2.9036,1
2026-03-02 03:42:00,2.8991,2.8991,2.8981,2.8981,2.9041,2.9041,2.9031,2.9031,2
2026-03-02 03:43:00,2.8986,2.8986,2.8986,2.8986,2.9036,2.9036,2.9036,2.9036,1
2026-03-02 03:45:00,2.8991,2.8991,2.8981,2.8986,2.9041,2.9041,2.9031,2.9036,4
2026-03-02 03:50:00,2.8991,2.9021,2.8991,2.9011,2.9041,2.9071,2.9041,2.9061,5
2026-03-02 03:51:00,2.9021,2.9046,2.9021,2.9041,2.9071,2.9096,2.9071,2.9091,9
2026-03-02 03:52:00,2.9046,2.9046,2.9046,2.9046,2.9096,2.9096,2.9096,2.9096,1
2026-03-02 03:53:00,2.9051,2.9051,2.9031,2.9041,2.9101,2.9101,2.9081,2.9091,5
2026-03-02 03:55:00,2.9046,2.9046,2.9041,2.9041,2.9096,2.9096,2.9091,2.9091,2
2026-03-02 03:56:00,2.9046,2.9051,2.9041,2.9041,2.9096,2.9101,2.9091,2.9091,7
2026-03-02 03:57:00,2.9046,2.9071,2.9046,2.9071,2.9096,2.9121,2.9096,2.9121,6
2026-03-02 03:58:00,2.9066,2.9066,2.9066,2.9066,2.9116,2.9116,2.9116,2.9116,1
2026-03-02 03:59:00,2.9061,2.9061,2.9041,2.9051,2.9111,2.9111,2.9091,2.9101,5
2026-03-02 04:00:00,2.9046,2.9061,2.9041,2.9041,2.9096,2.9111,2.9091,2.9091,10
2026-03-02 04:01:00,2.9036,2.9046,2.9036,2.9046,2.9086,2.9096,2.9086,2.9096,2
2026-03-02 04:02:00,2.9041,2.9071,2.9041,2.9071,2.9091,2.9121,2.9091,2.9121,4
2026-03-02 04:03:00,2.9061,2.9071,2.9061,2.9066,2.9111,2.9121,2.9111,2.9116,3
2026-03-02 04:04:00,2.9071,2.9071,2.9071,2.9071,2.9121,2.9121,2.9121,2.9121,1
2026-03-02 04:05:00,2.9076,2.9076,2.9071,2.9071,2.9126,2.9126,2.9121,2.9121,2
2026-03-02 04:06:00,2.9066,2.9071,2.9066,2.9071,2.9116,2.9121,2.9116,2.9121,2
2026-03-02 04:07:00,2.9076,2.9076,2.9066,2.9066,2.9126,2.9126,2.9116,2.9116,3
2026-03-02 04:08:00,2.9061,2.9066,2.9061,2.9061,2.9111,2.9116,2.9111,2.9111,3
2026-03-02 04:09:00,2.9066,2.9071,2.9046,2.9046,2.9116,2.9121,2.9096,2.9096,4
2026-03-02 04:10:00,2.9061,2.9071,2.9061,2.9071,2.9111,2.9121,2.9111,2.9121,3
2026-03-02 04:11:00,2.9066,2.9101,2.9066,2.9081,2.9116,2.9151,2.9116,2.9131,5
2026-03-02 04:13:00,2.9076,2.9076,2.9076,2.9076,2.9126,2.9126,2.9126,2.9126,1
2026-03-02 04:14:00,2.9071,2.9071,2.9071,2.9071,2.9121,2.9121,2.9121,2.9121,1
2026-03-02 04:16:00,2.9081,2.9081,2.9061,2.9061,2.9131,2.9131,2.9111,2.9111,3
2026-03-02 04:17:00,2.9081,2.9121,2.9081,2.9111,2.9131,2.9171,2.9131,2.9161,7
2026-03-02 04:18:00,2.9106,2.9106,2.9101,2.9106,2.9156,2.9156,2.9151,2.9156,3
2026-03-02 04:19:00,2.9091,2.9091,2.9086,2.9091,2.9141,2.9141,2.9136,2.9141,3
2026-03-02 04:20:00,2.9096,2.9096,2.9081,2.9091,2.9146,2.9146,2.9131,2.9141,5
2026-03-02 04:21:00,2.9096,2.9101,2.9086,2.9086,2.9146,2.9151,2.9136,2.9136,6
2026-03-02 04:22:00,2.9091,2.9091,2.9086,2.9086,2.9141,2.9141,2.9136,2.9136,8
2026-03-02 04:23:00,2.9091,2.9096,2.9091,2.9091,2.9141,2.9146,2.9141,2.9141,3
2026-03-02 04:26:00,2.9081,2.9091,2.9081,2.9091,2.9131,2.9141,2.9131,2.9141,2
2026-03-02 04:27:00,2.9096,2.9111,2.9096,2.9111,2.9146,2.9161,2.9146,2.9161,3
2026-03-02 04:30:00,2.9116,2.9171,2.9116,2.9161,2.9166,2.9221,2.9166,2.9211,18
2026-03-02 04:31:00,2.9171,2.9201,2.9171,2.9191,2.9221,2.9251,2.9221,2.9241,26
2026-03-02 04:32:00,2.9201,2.9261,2.9196,2.9251,2.9251,2.9311,2.9246,2.9301,23
2026-03-02 04:33:00,2.9256,2.9271,2.9236,2.9241,2.9306,2.9321,2.9286,2.9291,31
2026-03-02 04:34:00,2.9231,2.9251,2.9231,2.9241,2.9281,2.9301,2.9281,2.9291,11
2026-03-02 04:35:00,2.9251,2.9251,2.9251,2.9251,2.9301,2.9301,2.9301,2.9301,1
2026-03-02 04:36:00,2.9246,2.9246,2.9221,2.9241,2.9296,2.9296,2.9271,2.9291,7
2026-03-02 04:37:00,2.9251,2.9251,2.9241,2.9251,2.9301,2.9301,2.9291,2.9301,7
2026-03-02 04:38:00,2.9246,2.9246,2.9226,2.9226,2.9296,2.9296,2.9276,2.9276,3
2026-03-02 04:39:00,2.9231,2.9231,2.9226,2.9226,2.9281,2.9281,2.9276,2.9276,2
2026-03-02 04:40:00,2.9231,2.9246,2.9231,2.9246,2.9281,2.9296,2.9281,2.9296,4
2026-03-02 04:41:00,2.9251,2.9251,2.9211,2.9211,2.9301,2.9301,2.9261,2.9261,7
2026-03-02 04:44:00,2.9216,2.9236,2.9216,2.9236,2.9266,2.9286,2.9266,2.9286,4
2026-03-02 04:45:00,2.9231,2.9236,2.9211,2.9211,2.9281,2.9286,2.9261,2.9261,5
2026-03-02 04:46:00,2.9216,2.9241,2.9211,2.9211,2.9266,2.9291,2.9261,2.9261,7
2026-03-02 04:47:00,2.9216,2.9241,2.9211,2.9211,2.9266,2.9291,2.9261,2.9261,16
2026-03-02 04:49:00,2.9201,2.9211,2.9201,2.9211,2.9251,2.9261,2.9251,2.9261,2
2026-03-02 04:51:00,2.9221,2.9221,2.9201,2.9201,2.9271,2.9271,2.9251,2.9251,3
2026-03-02 04:52:00,2.9206,2.9206,2.9201,2.9201,2.9256,2.9256,2.9251,2.9251,2
2026-03-02 04:53:00,2.9211,2.9211,2.9211,2.9211,2.9261,2.9261,2.9261,2.9261,1
2026-03-02 04:54:00,2.9201,2.9201,2.9201,2.9201,2.9251,2.9251,2.9251,2.9251,1
2026-03-02 04:55:00,2.9206,2.9231,2.9206,2.9231,2.9256,2.9281,2.9256,2.9281,8
2026-03-02 04:56:00,2.9221,2.9221,2.9201,2.9201,2.9271,2.9271,2.9251,2.9251,4
2026-03-02 04:57:00,2.9191,2.9191,2.9186,2.9186,2.9241,2.9241,2.9236,2.9236,2
2026-03-02 04:58:00,2.9191,2.9191,2.9191,2.9191,2.9241,2.9241,2.9241,2.9241,1
2026-03-02 04:59:00,2.9181,2.9181,2.9171,2.9171,2.9231,2.9231,2.9221,2.9221,2
2026-03-02 05:00:00,2.9176,2.9176,2.9171,2.9171,2.9226,2.9226,2.9221,2.9221,4
2026-03-02 05:03:00,2.9181,2.9196,2.9181,2.9191,2.9231,2.9246,2.9231,2.9241,4
2026-03-02 05:04:00,2.9196,2.9196,2.9191,2.9191,2.9246,2.9246,2.9241,2.9241,2
2026-03-02 05:05:00,2.9181,2.9201,2.9181,2.9201,2.9231,2.9251,2.9231,2.9251,3
2026-03-02 05:06:00,2.9206,2.9206,2.9201,2.9201,2.9256,2.9256,2.9251,2.9251,2
2026-03-02 05:07:00,2.9196,2.9196,2.9186,2.9191,2.9246,2.9246,2.9236,2.9241,3
2026-03-02 05:08:00,2.9181,2.9196,2.9181,2.9196,2.9231,2.9246,2.9231,2.9246,5
2026-03-02 05:09:00,2.9191,2.9191,2.9191,2.9191,2.9241,2.9241,2.9241,2.9241,1
2026-03-02 05:10:00,2.9201,2.9201,2.9201,2.9201,2.9251,2.9251,2.9251,2.9251,1
2026-03-02 05:14:00,2.9191,2.9191,2.9161,2.9176,2.9241,2.9241,2.9211,2.9226,6
2026-03-02 05:15:00,2.9181,2.9181,2.9181,2.9181,2.9231,2.9231,2.9231,2.9231,1
2026-03-02 05:16:00,2.9191,2.9191,2.9171,2.9171,2.9241,2.9241,2.9221,2.9221,4
2026-03-02 05:18:00,2.9176,2.9181,2.9171,2.9181,2.9226,2.9231,2.9221,2.9231,3
2026-03-02 05:19:00,2.9171,2.9206,2.9161,2.9201,2.9221,2.9256,2.9211,2.9251,8
2026-03-02 05:20:00,2.9206,2.9226,2.9201,2.9216,2.9256,2.9276,2.9251,2.9266,13
2026-03-02 05:21:00,2.9211,2.9216,2.9211,2.9211,2.9261,2.9266,2.9261,2.9261,3
2026-03-02 05:23:00,2.9221,2.9221,2.9221,2.9221,2.9271,2.9271,2.9271,2.9271,1
2026-03-02 05:24:00,2.9211,2.9211,2.9196,2.9196,2.9261,2.9261,2.9246,2.9246,9
2026-03-02 05:25:00,2.9191,2.9201,2.9186,2.9201,2.9241,2.9251,2.9236,2.9251,6
2026-03-02 05:26:00,2.9191,2.9191,2.9191,2.9191,2.9241,2.9241,2.9241,2.9241,1
2026-03-02 05:27:00,2.9181,2.9181,2.9181,2.9181,2.9231,2.9231,2.9231,2.9231,1
2026-03-02 05:28:00,2.9176,2.9176,2.9166,2.9166,2.9226,2.9226,2.9216,2.9216,3
2026-03-02 05:29:00,2.9161,2.9161,2.9131,2.9151,2.9211,2.9211,2.9181,2.9201,13
2026-03-02 05:30:00,2.9141,2.9141,2.9116,2.9116,2.9191,2.9191,2.9166,2.9166,6
2026-03-02 05:31:00,2.9121,2.9121,2.9116,2.9116,2.9171,2.9171,2.9166,2.9166,2
2026-03-02 05:32:00,2.9121,2.9131,2.9121,2.9131,2.9171,2.9181,2.9171,2.9181,4
2026-03-02 05:33:00,2.9121,2.9121,2.9121,2.9121,2.9171,2.9171,2.9171,2.9171,1
2026-03-02 05:34:00,2.9111,2.9111,2.9111,2.9111,2.9161,2.9161,2.9161,2.9161,1
2026-03-02 05:39:00,2.9116,2.9116,2.9111,2.9111,2.9166,2.9166,2.9161,2.9161,2
2026-03-02 05:41:00,2.9101,2.9111,2.9091,2.9111,2.9151,2.9161,2.9141,2.9161,6
2026-03-02 05:42:00,2.9116,2.9116,2.9111,2.9111,2.9166,2.9166,2.9161,2.9161,2
2026-03-02 05:43:00,2.9101,2.9106,2.9091,2.9091,2.9151,2.9156,2.9141,2.9141,4
2026-03-02 05:44:00,2.9096,2.9106,2.9096,2.9101,2.9146,2.9156,2.9146,2.9151,4
2026-03-02 05:45:00,2.9111,2.9121,2.9101,2.9101,2.9161,2.9171,2.9151,2.9151,4
2026-03-02 05:46:00,2.9096,2.9096,2.9091,2.9091,2.9146,2.9146,2.9141,2.9141,8
2026-03-02 05:47:00,2.9096,2.9096,2.9091,2.9091,2.9146,2.9146,2.9141,2.9141,4
2026-03-02 05:49:00,2.9101,2.9111,2.9101,2.9101,2.9151,2.9161,2.9151,2.9151,3
2026-03-02 05:50:00,2.9111,2.9111,2.9101,2.9101,2.9161,2.9161,2.9151,2.9151,2
2026-03-02 05:51:00,2.9111,2.9111,2.9081,2.9081,2.9161,2.9161,2.9131,2.9131,5
2026-03-02 05:52:00,2.9086,2.9086,2.9081,2.9086,2.9136,2.9136,2.9131,2.9136,3
2026-03-02 05:53:00,2.9081,2.9081,2.9061,2.9061,2.9131,2.9131,2.9111,2.9111,5
2026-03-02 05:54:00,2.9066,2.9081,2.9066,2.9071,2.9116,2.9131,2.9116,2.9121,5
2026-03-02 05:55:00,2.9076,2.9086,2.9076,2.9081,2.9126,2.9136,2.9126,2.9131,4
2026-03-02 05:56:00,2.9071,2.9071,2.9061,2.9071,2.9121,2.9121,2.9111,2.9121,4
2026-03-02 05:57:00,2.9061,2.9071,2.9011,2.9011,2.9111,2.9121,2.9061,2.9061,15
2026-03-02 05:58:00,2.9001,2.9011,2.8991,2.9001,2.9051,2.9061,2.9041,2.9051,11
2026-03-02 05:59:00,2.9011,2.9011,2.8976,2.8976,2.9061,2.9061,2.9026,2.9026,10
2026-03-02 06:00:00,2.8981,2.8981,2.8951,2.8961,2.9031,2.9031,2.9001,2.9011,12
2026-03-02 06:01:00,2.8956,2.8961,2.8951,2.8951,2.9006,2.9011,2.9001,2.9001,4
2026-03-02 06:02:00,2.8941,2.8956,2.8931,2.8956,2.8991,2.9006,2.8981,2.9006,6
2026-03-02 06:03:00,2.8961,2.8961,2.8931,2.8941,2.9011,2.9011,2.8981,2.8991,5
2026-03-02 06:04:00,2.8936,2.8956,2.8936,2.8951,2.8986,2.9006,2.8986,2.9001,7
2026-03-02 06:06:00,2.8946,2.8946,2.8931,2.8931,2.8996,2.8996,2.8981,2.8981,3
2026-03-02 06:07:00,2.8936,2.8951,2.8931,2.8951,2.8986,2.9001,2.8981,2.9001,7
2026-03-02 06:08:00,2.8956,2.8956,2.8936,2.8936,2.9006,2.9006,2.8986,2.8986,6
2026-03-02 06:09:00,2.8941,2.8941,2.8941,2.8941,2.8991,2.8991,2.8991,2.8991,1
2026-03-02 06:11:00,2.8946,2.8971,2.8946,2.8966,2.8996,2.9021,2.8996,2.9016,11
2026-03-02 06:12:00,2.8971,2.8991,2.8966,2.8991,2.9021,2.9041,2.9016,2.9041,9
2026-03-02 06:13:00,2.8986,2.8986,2.8981,2.8981,2.9036,2.9036,2.9031,2.9031,2
2026-03-02 06:14:00,2.8971,2.8971,2.8966,2.8966,2.9021,2.9021,2.9016,2.9016,4
2026-03-02 06:15:00,2.8971,2.8981,2.8971,2.8971,2.9021,2.9031,2.9021,2.9021,4
2026-03-02 06:16:00,2.8976,2.8981,2.8976,2.8981,2.9026,2.9031,2.9026,2.9031,4
2026-03-02 06:17:00,2.8976,2.8981,2.8956,2.8976,2.9026,2.9031,2.9006,2.9026,8
2026-03-02 06:18:00,2.8981,2.9006,2.8981,2.9006,2.9031,2.9056,2.9031,2.9056,7
2026-03-02 06:19:00,2.9011,2.9031,2.9011,2.9026,2.9061,2.9081,2.9061,2.9076,13
2026-03-02 06:21:00,2.9031,2.9051,2.9031,2.9051,2.9081,2.9101,2.9081,2.9101,10
2026-03-02 06:22:00,2.9046,2.9051,2.9021,2.9031,2.9096,2.9101,2.9071,2.9081,7
2026-03-02 06:23:00,2.9036,2.9036,2.9016,2.9026,2.9086,2.9086,2.9066,2.9076,8
2026-03-02 06:24:00,2.9031,2.9041,2.9031,2.9041,2.9081,2.9091,2.9081,2.9091,6
2026-03-02 06:25:00,2.9036,2.9051,2.9036,2.9041,2.9086,2.9101,2.9086,2.9091,4
2026-03-02 06:26:00,2.9046,2.9051,2.9046,2.9051,2.9096,2.9101,2.9096,2.9101,2
2026-03-02 06:27:00,2.9046,2.9051,2.9046,2.9046,2.9096,2.9101,2.9096,2.9096,3
2026-03-02 06:28:00,2.9051,2.9051,2.9026,2.9026,2.9101,2.9101,2.9076,2.9076,8
2026-03-02 06:29:00,2.9031,2.9046,2.9031,2.9046,2.9081,2.9096,2.9081,2.9096,6
2026-03-02 06:30:00,2.9041,2.9051,2.9026,2.9026,2.9091,2.9101,2.9076,2.9076,7
2026-03-02 06:31:00,2.9031,2.9031,2.9026,2.9031,2.9081,2.9081,2.9076,2.9081,3
2026-03-02 06:32:00,2.9041,2.9051,2.9041,2.9046,2.9091,2.9101,2.9091,2.9096,3
2026-03-02 06:33:00,2.9051,2.9051,2.9031,2.9041,2.9101,2.9101,2.9081,2.9091,7
2026-03-02 06:34:00,2.9051,2.9051,2.9021,2.9021,2.9101,2.9101,2.9071,2.9071,5
2026-03-02 06:35:00,2.9011,2.9016,2.8996,2.9001,2.9061,2.9066,2.9046,2.9051,13
2026-03-02 06:36:00,2.8996,2.8996,2.8976,2.8991,2.9046,2.9046,2.9026,2.9041,6
2026-03-02 06:37:00,2.8981,2.8986,2.8956,2.8961,2.9031,2.9036,2.9006,2.9011,11
2026-03-02 06:39:00,2.8966,2.8976,2.8966,2.8976,2.9016,2.9026,2.9016,2.9026,3
2026-03-02 06:40:00,2.8971,2.8971,2.8966,2.8966,2.9021,2.9021,2.9016,2.9016,2
2026-03-02 06:41:00,2.8961,2.8981,2.8961,2.8981,2.9011,2.9031,2.9011,2.9031,4
2026-03-02 06:42:00,2.8996,2.9006,2.8991,2.9006,2.9046,2.9056,2.9041,2.9056,4
2026-03-02 06:43:00,2.9001,2.9051,2.9001,2.9051,2.9051,2.9101,2.9051,2.9101,12
2026-03-02 06:44:00,2.9046,2.9051,2.9026,2.9051,2.9096,2.9101,2.9076,2.9101,7
2026-03-02 06:45:00,2.9041,2.9046,2.9041,2.9046,2.9091,2.9096,2.9091,2.9096,2
2026-03-02 06:47:00,2.9051,2.9051,2.9041,2.9041,2.9101,2.9101,2.9091,2.9091,3
2026-03-02 06:48:00,2.9036,2.9046,2.9036,2.9046,2.9086,2.9096,2.9086,2.9096,3
2026-03-02 06:49:00,2.9041,2.9141,2.9041,2.9136,2.9091,2.9191,2.9091,2.9186,13
2026-03-02 06:50:00,2.9131,2.9131,2.9111,2.9116,2.9181,2.9181,2.9161,2.9166,11
2026-03-02 06:51:00,2.9111,2.9116,2.9111,2.9111,2.9161,2.9166,2.9161,2.9161,5
2026-03-02 06:53:00,2.9116,2.9131,2.9116,2.9121,2.9166,2.9181,2.9166,2.9171,3
2026-03-02 06:54:00,2.9116,2.9136,2.9116,2.9136,2.9166,2.9186,2.9166,2.9186,3
2026-03-02 06:55:00,2.9131,2.9151,2.9131,2.9141,2.9181,2.9201,2.9181,2.9191,7
2026-03-02 06:56:00,2.9131,2.9131,2.9106,2.9106,2.9181,2.9181,2.9156,2.9156,7
2026-03-02 06:57:00,2.9091,2.9091,2.9061,2.9066,2.9141,2.9141,2.9111,2.9116,4
2026-03-02 06:58:00,2.9056,2.9086,2.9056,2.9086,2.9106,2.9136,2.9106,2.9136,6
2026-03-02 06:59:00,2.9096,2.9106,2.9091,2.9096,2.9146,2.9156,2.9141,2.9146,7
2026-03-02 07:00:00,2.9111,2.9181,2.9101,2.9131,2.9161,2.9231,2.9151,2.9181,55
2026-03-02 07:01:00,2.9136,2.9186,2.9131,2.9186,2.9186,2.9236,2.9181,2.9236,34
2026-03-02 07:02:00,2.9191,2.9196,2.9161,2.9176,2.9241,2.9246,2.9211,2.9226,16
2026-03-02 07:03:00,2.9181,2.9196,2.9156,2.9171,2.9231,2.9246,2.9206,2.9221,25
2026-03-02 07:04:00,2.9176,2.9201,2.9171,2.9201,2.9226,2.9251,2.9221,2.9251,6
2026-03-02 07:05:00,2.9206,2.9226,2.9206,2.9221,2.9256,2.9276,2.9256,2.9271,12
2026-03-02 07:06:00,2.9216,2.9216,2.9216,2.9216,2.9266,2.9266,2.9266,2.9266,1
2026-03-02 07:07:00,2.9201,2.9211,2.9201,2.9206,2.9251,2.9261,2.9251,2.9256,7
2026-03-02 07:08:00,2.9211,2.9251,2.9211,2.9241,2.9261,2.9301,2.9261,2.9291,19
2026-03-02 07:09:00,2.9246,2.9251,2.9231,2.9251,2.9296,2.9301,2.9281,2.9301,19
2026-03-02 07:10:00,2.9241,2.9251,2.9241,2.9251,2.9291,2.9301,2.9291,2.9301,2
2026-03-02 07:11:00,2.9256,2.9321,2.9256,2.9311,2.9306,2.9371,2.9306,2.9361,28
2026-03-02 07:12:00,2.9316,2.9341,2.9316,2.9331,2.9366,2.9391,2.9366,2.9381,25
2026-03-02 07:13:00,2.9336,2.9341,2.9331,2.9331,2.9386,2.9391,2.9381,2.9381,7
2026-03-02 07:14:00,2.9341,2.9351,2.9331,2.9346,2.9391,2.9401,2.9381,2.9396,5
2026-03-02 07:15:00,2.9341,2.9486,2.9341,2.9441,2.9391,2.9536,2.9391,2.9491,62
2026-03-02 07:16:00,2.9446,2.9541,2.9446,2.9521,2.9496,2.9591,2.9496,2.9571,46
2026-03-02 07:17:00,2.9531,2.9601,2.9531,2.9601,2.9581,2.9651,2.9581,2.9651,44
2026-03-02 07:18:00,2.9596,2.9601,2.9521,2.9536,2.9646,2.9651,2.9571,2.9586,21
2026-03-02 07:19:00,2.9541,2.9601,2.9526,2.9596,2.9591,2.9651,2.9576,2.9646,28
2026-03-02 07:20:00,2.9601,2.9636,2.9586,2.9631,2.9651,2.9686,2.9636,2.9681,25
2026-03-02 07:21:00,2.9626,2.9641,2.9611,2.9611,2.9676,2.9691,2.9661,2.9661,19
2026-03-02 07:22:00,2.9601,2.9661,2.9601,2.9661,2.9651,2.9711,2.9651,2.9711,18
2026-03-02 07:23:00,2.9646,2.9656,2.9631,2.9651,2.9696,2.9706,2.9681,2.9701,13
2026-03-02 07:24:00,2.9656,2.9701,2.9656,2.9671,2.9706,2.9751,2.9706,2.9721,23
2026-03-02 07:25:00,2.9676,2.9681,2.9641,2.9681,2.9726,2.9731,2.9691,2.9731,13
2026-03-02 07:26:00,2.9686,2.9691,2.9621,2.9621,2.9736,2.9741,2.9671,2.9671,16
2026-03-02 07:27:00,2.9631,2.9641,2.9611,2.9626,2.9681,2.9691,2.9661,2.9676,13
2026-03-02 07:28:00,2.9601,2.9621,2.9581,2.9621,2.9651,2.9671,2.9631,2.9671,16
2026-03-02 07:29:00,2.9631,2.9681,2.9631,2.9646,2.9681,2.9731,2.9681,2.9696,25
2026-03-02 07:30:00,2.9636,2.9646,2.9631,2.9641,2.9686,2.9696,2.9681,2.9691,8
2026-03-02 07:31:00,2.9646,2.9666,2.9641,2.9641,2.9696,2.9716,2.9691,2.9691,10
2026-03-02 07:32:00,2.9636,2.9661,2.9626,2.9661,2.9686,2.9711,2.9676,2.9711,14
2026-03-02 07:33:00,2.9671,2.9726,2.9671,2.9711,2.9721,2.9776,2.9721,2.9761,18
2026-03-02 07:34:00,2.9721,2.9741,2.9716,2.9731,2.9771,2.9791,2.9766,2.9781,12
2026-03-02 07:35:00,2.9721,2.9731,2.9711,2.9721,2.9771,2.9781,2.9761,2.9771,8
2026-03-02 07:36:00,2.9726,2.9771,2.9711,2.9771,2.9776,2.9821,2.9761,2.9821,17
2026-03-02 07:37:00,2.9766,2.9781,2.9741,2.9741,2.9816,2.9831,2.9791,2.9791,10
2026-03-02 07:38:00,2.9736,2.9741,2.9721,2.9741,2.9786,2.9791,2.9771,2.9791,11
2026-03-02 07:39:00,2.9731,2.9731,2.9701,2.9716,2.9781,2.9781,2.9751,2.9766,12
2026-03-02 07:40:00,2.9711,2.9736,2.9711,2.9736,2.9761,2.9786,2.9761,2.9786,7
2026-03-02 07:41:00,2.9731,2.9736,2.9726,2.9731,2.9781,2.9786,2.9776,2.9781,5
2026-03-02 07:42:00,2.9726,2.9741,2.9726,2.9741,2.9776,2.9791,2.9776,2.9791,3
2026-03-02 07:43:00,2.9736,2.9771,2.9731,2.9771,2.9786,2.9821,2.9781,2.9821,9
2026-03-02 07:44:00,2.9766,2.9766,2.9731,2.9741,2.9816,2.9816,2.9781,2.9791,10
2026-03-02 07:45:00,2.9746,2.9751,2.9676,2.9681,2.9796,2.9801,2.9726,2.9731,24
2026-03-02 07:46:00,2.9686,2.9696,2.9681,2.9691,2.9736,2.9746,2.9731,2.9741,12
2026-03-02 07:47:00,2.9696,2.9696,2.9671,2.9671,2.9746,2.9746,2.9721,2.9721,5
2026-03-02 07:48:00,2.9681,2.9701,2.9651,2.9691,2.9731,2.9751,2.9701,2.9741,21
2026-03-02 07:49:00,2.9686,2.9686,2.9661,2.9671,2.9736,2.9736,2.9711,2.9721,7
2026-03-02 07:50:00,2.9676,2.9686,2.9661,2.9661,2.9726,2.9736,2.9711,2.9711,9
2026-03-02 07:51:00,2.9666,2.9671,2.9666,2.9671,2.9716,2.9721,2.9716,2.9721,2
2026-03-02 07:52:00,2.9676,2.9711,2.9676,2.9696,2.9726,2.9761,2.9726,2.9746,13
2026-03-02 07:53:00,2.9686,2.9686,2.9661,2.9661,2.9736,2.9736,2.9711,2.9711,10
2026-03-02 07:54:00,2.9671,2.9726,2.9671,2.9716,2.9721,2.9776,2.9721,2.9766,11
2026-03-02 07:55:00,2.9721,2.9721,2.9706,2.9706,2.9771,2.9771,2.9756,2.9756,3
2026-03-02 07:56:00,2.9701,2.9701,2.9691,2.9691,2.9751,2.9751,2.9741,2.9741,4
2026-03-02 07:57:00,2.9681,2.9681,2.9681,2.9681,2.9731,2.9731,2.9731,2.9731,1
2026-03-02 07:58:00,2.9676,2.9681,2.9651,2.9671,2.9726,2.9731,2.9701,2.9721,10
2026-03-02 07:59:00,2.9691,2.9701,2.9686,2.9686,2.9741,2.9751,2.9736,2.9736,6
2026-03-02 08:00:00,2.9691,2.9716,2.9666,2.9711,2.9741,2.9766,2.9716,2.9761,19
2026-03-02 08:01:00,2.9721,2.9741,2.9706,2.9721,2.9771,2.9791,2.9756,2.9771,20
2026-03-02 08:02:00,2.9731,2.9741,2.9711,2.9726,2.9781,2.9791,2.9761,2.9776,11
2026-03-02 08:03:00,2.9721,2.9741,2.9721,2.9741,2.9771,2.9791,2.9771,2.9791,7
2026-03-02 08:04:00,2.9736,2.9741,2.9701,2.9711,2.9786,2.9791,2.9751,2.9761,22
2026-03-02 08:05:00,2.9716,2.9726,2.9701,2.9711,2.9766,2.9776,2.9751,2.9761,7
2026-03-02 08:06:00,2.9716,2.9721,2.9716,2.9716,2.9766,2.9771,2.9766,2.9766,3
2026-03-02 08:07:00,2.9721,2.9741,2.9721,2.9741,2.9771,2.9791,2.9771,2.9791,3
2026-03-02 08:08:00,2.9736,2.9781,2.9736,2.9771,2.9786,2.9831,2.9786,2.9821,17
2026-03-02 08:09:00,2.9781,2.9841,2.9756,2.9841,2.9831,2.9891,2.9806,2.9891,24
2026-03-02 08:10:00,2.9836,2.9861,2.9831,2.9851,2.9886,2.9911,2.9881,2.9901,17
2026-03-02 08:11:00,2.9846,2.9856,2.9821,2.9831,2.9896,2.9906,2.9871,2.9881,26
2026-03-02 08:12:00,2.9826,2.9866,2.9821,2.9866,2.9876,2.9916,2.9871,2.9916,18
2026-03-02 08:13:00,2.9876,2.9901,2.9876,2.9901,2.9926,2.9951,2.9926,2.9951,25
2026-03-02 08:14:00,2.9896,2.9911,2.9871,2.9871,2.9946,2.9961,2.9921,2.9921,20
2026-03-02 08:15:00,2.9876,2.9901,2.9861,2.9861,2.9926,2.9951,2.9911,2.9911,25
2026-03-02 08:16:00,2.9851,2.9886,2.9841,2.9881,2.9901,2.9936,2.9891,2.9931,23
2026-03-02 08:17:00,2.9876,2.9891,2.9861,2.9891,2.9926,2.9941,2.9911,2.9941,20
2026-03-02 08:18:00,2.9886,2.9886,2.9876,2.9881,2.9936,2.9936,2.9926,2.9931,4
2026-03-02 08:19:00,2.9901,2.9921,2.9901,2.9921,2.9951,2.9971,2.9951,2.9971,14
2026-03-02 08:20:00,2.9916,2.9921,2.9901,2.9916,2.9966,2.9971,2.9951,2.9966,10
2026-03-02 08:21:00,2.9911,2.9941,2.9911,2.9936,2.9961,2.9991,2.9961,2.9986,11
2026-03-02 08:22:00,2.9931,2.9931,2.9901,2.9911,2.9981,2.9981,2.9951,2.9961,15
2026-03-02 08:23:00,2.9916,2.9931,2.9891,2.9911,2.9966,2.9981,2.9941,2.9961,17
2026-03-02 08:24:00,2.9916,2.9931,2.9911,2.9931,2.9966,2.9981,2.9961,2.9981,4
2026-03-02 08:25:00,2.9936,2.9941,2.9921,2.9921,2.9986,2.9991,2.9971,2.9971,9
2026-03-02 08:26:00,2.9931,2.9951,2.9931,2.9951,2.9981,3.0001,2.9981,3.0001,9
2026-03-02 08:27:00,2.9946,2.9951,2.9921,2.9941,2.9996,3.0001,2.9971,2.9991,16
2026-03-02 08:28:00,2.9946,2.9961,2.9941,2.9941,2.9996,3.0011,2.9991,2.9991,13
2026-03-02 08:29:00,2.9946,2.9946,2.9931,2.9936,2.9996,2.9996,2.9981,2.9986,9
2026-03-02 08:30:00,2.9921,2.9921,2.9861,2.9881,2.9971,2.9971,2.9911,2.9931,28
2026-03-02 08:31:00,2.9886,2.9926,2.9851,2.9851,2.9936,2.9976,2.9901,2.9901,19
2026-03-02 08:32:00,2.9856,2.9871,2.9851,2.9861,2.9906,2.9921,2.9901,2.9911,16
2026-03-02 08:33:00,2.9856,2.9926,2.9841,2.9926,2.9906,2.9976,2.9891,2.9976,18
2026-03-02 08:34:00,2.9921,2.9921,2.9886,2.9886,2.9971,2.9971,2.9936,2.9936,8
2026-03-02 08:35:00,2.9901,2.9926,2.9861,2.9861,2.9951,2.9976,2.9911,2.9911,15
2026-03-02 08:36:00,2.9856,2.9861,2.9851,2.9856,2.9906,2.9911,2.9901,2.9906,7
2026-03-02 08:37:00,2.9851,2.9856,2.9831,2.9831,2.9901,2.9906,2.9881,2.9881,6
2026-03-02 08:38:00,2.9836,2.9851,2.9836,2.9851,2.9886,2.9901,2.9886,2.9901,11
2026-03-02 08:39:00,2.9856,2.9891,2.9856,2.9871,2.9906,2.9941,2.9906,2.9921,13
2026-03-02 08:40:00,2.9856,2.9886,2.9856,2.9871,2.9906,2.9936,2.9906,2.9921,16
2026-03-02 08:41:00,2.9881,2.9916,2.9881,2.9906,2.9931,2.9966,2.9931,2.9956,9
2026-03-02 08:42:00,2.9901,2.9911,2.9871,2.9881,2.9951,2.9961,2.9921,2.9931,8
2026-03-02 08:43:00,2.9901,2.9906,2.9881,2.9881,2.9951,2.9956,2.9931,2.9931,6
2026-03-02 08:44:00,2.9886,2.9886,2.9876,2.9881,2.9936,2.9936,2.9926,2.9931,4
2026-03-02 08:46:00,2.9891,2.9921,2.9891,2.9906,2.9941,2.9971,2.9941,2.9956,12
2026-03-02 08:47:00,2.9911,2.9916,2.9901,2.9906,2.9961,2.9966,2.9951,2.9956,5
2026-03-02 08:48:00,2.9901,2.9931,2.9901,2.9931,2.9951,2.9981,2.9951,2.9981,10
2026-03-02 08:49:00,2.9921,2.9941,2.9921,2.9941,2.9971,2.9991,2.9971,2.9991,5
2026-03-02 08:50:00,2.9946,3.0041,2.9946,3.0041,2.9996,3.0091,2.9996,3.0091,40
2026-03-02 08:51:00,3.0036,3.0041,3.0026,3.0031,3.0086,3.0091,3.0076,3.0081,9
2026-03-02 08:52:00,3.0036,3.0041,2.9971,2.9971,3.0086,3.0091,3.0021,3.0021,25
2026-03-02 08:53:00,2.9981,3.0001,2.9951,2.9961,3.0031,3.0051,3.0001,3.0011,20
2026-03-02 08:54:00,2.9976,3.0031,2.9976,3.0011,3.0026,3.0081,3.0026,3.0061,13
2026-03-02 08:55:00,3.0001,3.0011,3.0001,3.0011,3.0051,3.0061,3.0051,3.0061,5
2026-03-02 08:56:00,3.0006,3.0006,2.9991,2.9991,3.0056,3.0056,3.0041,3.0041,3
2026-03-02 08:57:00,2.9996,3.0021,2.9991,3.0011,3.0046,3.0071,3.0041,3.0061,10
2026-03-02 08:58:00,3.0021,3.0041,3.0011,3.0041,3.0071,3.0091,3.0061,3.0091,9
2026-03-02 08:59:00,3.0051,3.0101,3.0041,3.0096,3.0101,3.0151,3.0091,3.0146,17
2026-03-02 09:00:00,3.0091,3.0091,3.0016,3.0071,3.0141,3.0141,3.0066,3.0121,31
2026-03-02 09:01:00,3.0061,3.0091,3.0061,3.0066,3.0111,3.0141,3.0111,3.0116,32
2026-03-02 09:02:00,3.0071,3.0111,3.0071,3.0091,3.0121,3.0161,3.0121,3.0141,23
2026-03-02 09:03:00,3.0096,3.0111,3.0081,3.0091,3.0146,3.0161,3.0131,3.0141,11
2026-03-02 09:04:00,3.0096,3.0096,3.0081,3.0086,3.0146,3.0146,3.0131,3.0136,8
2026-03-02 09:05:00,3.0091,3.0131,3.0061,3.0071,3.0141,3.0181,3.0111,3.0121,37
2026-03-02 09:06:00,3.0061,3.0071,3.0051,3.0066,3.0111,3.0121,3.0101,3.0116,32
2026-03-02 09:07:00,3.0076,3.0101,3.0051,3.0071,3.0126,3.0151,3.0101,3.0121,21
2026-03-02 09:08:00,3.0061,3.0081,3.0056,3.0056,3.0111,3.0131,3.0106,3.0106,18
2026-03-02 09:09:00,3.0061,3.0066,3.0011,3.0031,3.0111,3.0116,3.0061,3.0081,15
2026-03-02 09:10:00,3.0026,3.0046,3.0026,3.0046,3.0076,3.0096,3.0076,3.0096,6
2026-03-02 09:11:00,3.0041,3.0081,3.0041,3.0061,3.0091,3.0131,3.0091,3.0111,12
2026-03-02 09:12:00,3.0066,3.0091,3.0066,3.0081,3.0116,3.0141,3.0116,3.0131,16
2026-03-02 09:13:00,3.0096,3.0111,3.0091,3.0101,3.0146,3.0161,3.0141,3.0151,4
2026-03-02 09:14:00,3.0111,3.0156,3.0111,3.0111,3.0161,3.0206,3.0161,3.0161,32
2026-03-02 09:15:00,3.0121,3.0121,3.0056,3.0091,3.0171,3.0171,3.0106,3.0141,34
2026-03-02 09:16:00,3.0081,3.0096,3.0051,3.0061,3.0131,3.0146,3.0101,3.0111,13
2026-03-02 09:17:00,3.0066,3.0066,3.0046,3.0051,3.0116,3.0116,3.0096,3.0101,12
2026-03-02 09:18:00,3.0041,3.0061,3.0031,3.0061,3.0091,3.0111,3.0081,3.0111,11
2026-03-02 09:19:00,3.0051,3.0071,3.0051,3.0061,3.0101,3.0121,3.0101,3.0111,8
2026-03-02 09:20:00,3.0071,3.0101,3.0051,3.0096,3.0121,3.0151,3.0101,3.0146,18
2026-03-02 09:21:00,3.0086,3.0146,3.0086,3.0146,3.0136,3.0196,3.0136,3.0196,12
2026-03-02 09:22:00,3.0151,3.0206,3.0151,3.0191,3.0201,3.0256,3.0201,3.0241,22
2026-03-02 09:23:00,3.0181,3.0211,3.0176,3.0201,3.0231,3.0261,3.0226,3.0251,17
2026-03-02 09:24:00,3.0206,3.0236,3.0201,3.0216,3.0256,3.0286,3.0251,3.0266,22
2026-03-02 09:25:00,3.0206,3.0211,3.0151,3.0156,3.0256,3.0261,3.0201,3.0206,19
2026-03-02 09:26:00,3.0151,3.0161,3.0131,3.0151,3.0201,3.0211,3.0181,3.0201,10
2026-03-02 09:27:00,3.0146,3.0146,3.0101,3.0116,3.0196,3.0196,3.0151,3.0166,14
2026-03-02 09:28:00,3.0111,3.0141,3.0111,3.0131,3.0161,3.0191,3.0161,3.0181,9
2026-03-02 09:29:00,3.0136,3.0206,3.0131,3.0206,3.0186,3.0256,3.0181,3.0256,20
2026-03-02 09:30:00,3.0196,3.0211,3.0166,3.0171,3.0246,3.0261,3.0216,3.0221,21
2026-03-02 09:31:00,3.0166,3.0191,3.0151,3.0151,3.0216,3.0241,3.0201,3.0201,21
2026-03-02 09:32:00,3.0146,3.0251,3.0121,3.0226,3.0196,3.0301,3.0171,3.0276,30
2026-03-02 09:33:00,3.0236,3.0256,3.0236,3.0256,3.0286,3.0306,3.0286,3.0306,6
2026-03-02 09:34:00,3.0251,3.0251,3.0221,3.0226,3.0301,3.0301,3.0271,3.0276,10
2026-03-02 09:35:00,3.0231,3.0306,3.0231,3.0286,3.0281,3.0356,3.0281,3.0336,23
2026-03-02 09:36:00,3.0281,3.0286,3.0261,3.0271,3.0331,3.0336,3.0311,3.0321,18
2026-03-02 09:37:00,3.0266,3.0271,3.0221,3.0221,3.0316,3.0321,3.0271,3.0271,11
2026-03-02 09:38:00,3.0216,3.0226,3.0191,3.0211,3.0266,3.0276,3.0241,3.0261,15
2026-03-02 09:39:00,3.0201,3.0206,3.0186,3.0201,3.0251,3.0256,3.0236,3.0251,15
2026-03-02 09:40:00,3.0191,3.0241,3.0186,3.0231,3.0241,3.0291,3.0236,3.0281,12
2026-03-02 09:41:00,3.0226,3.0296,3.0226,3.0281,3.0276,3.0346,3.0276,3.0331,26
2026-03-02 09:42:00,3.0271,3.0291,3.0271,3.0276,3.0321,3.0341,3.0321,3.0326,8
2026-03-02 09:43:00,3.0281,3.0291,3.0261,3.0271,3.0331,3.0341,3.0311,3.0321,9
2026-03-02 09:44:00,3.0276,3.0291,3.0261,3.0281,3.0326,3.0341,3.0311,3.0331,18
2026-03-02 09:45:00,3.0271,3.0291,3.0271,3.0281,3.0321,3.0341,3.0321,3.0331,10
2026-03-02 09:46:00,3.0286,3.0346,3.0281,3.0321,3.0336,3.0396,3.0331,3.0371,22
2026-03-02 09:47:00,3.0331,3.0341,3.0331,3.0341,3.0381,3.0391,3.0381,3.0391,5
2026-03-02 09:48:00,3.0331,3.0361,3.0331,3.0346,3.0381,3.0411,3.0381,3.0396,18
2026-03-02 09:49:00,3.0351,3.0421,3.0346,3.0411,3.0401,3.0471,3.0396,3.0461,31
2026-03-02 09:50:00,3.0406,3.0411,3.0371,3.0376,3.0456,3.0461,3.0421,3.0426,14
2026-03-02 09:51:00,3.0371,3.0371,3.0331,3.0336,3.0421,3.0421,3.0381,3.0386,24
2026-03-02 09:52:00,3.0341,3.0341,3.0291,3.0326,3.0391,3.0391,3.0341,3.0376,24
2026-03-02 09:53:00,3.0331,3.0381,3.0331,3.0381,3.0381,3.0431,3.0381,3.0431,12
2026-03-02 09:54:00,3.0386,3.0386,3.0336,3.0351,3.0436,3.0436,3.0386,3.0401,14
2026-03-02 09:55:00,3.0356,3.0371,3.0356,3.0371,3.0406,3.0421,3.0406,3.0421,6
2026-03-02 09:56:00,3.0381,3.0381,3.0336,3.0361,3.0431,3.0431,3.0386,3.0411,17
2026-03-02 09:57:00,3.0356,3.0361,3.0331,3.0356,3.0406,3.0411,3.0381,3.0406,15
2026-03-02 09:58:00,3.0351,3.0351,3.0311,3.0341,3.0401,3.0401,3.0361,3.0391,13
2026-03-02 09:59:00,3.0346,3.0351,3.0326,3.0331,3.0396,3.0401,3.0376,3.0381,13
2026-03-02 10:00:00,3.0326,3.0331,3.0261,3.0321,3.0376,3.0381,3.0311,3.0371,53
2026-03-02 10:01:00,3.0331,3.0371,3.0331,3.0371,3.0381,3.0421,3.0381,3.0421,21
2026-03-02 10:02:00,3.0376,3.0376,3.0341,3.0351,3.0426,3.0426,3.0391,3.0401,12
2026-03-02 10:03:00,3.0356,3.0356,3.0311,3.0326,3.0406,3.0406,3.0361,3.0376,19
2026-03-02 10:04:00,3.0331,3.0351,3.0306,3.0306,3.0381,3.0401,3.0356,3.0356,17
2026-03-02 10:05:00,3.0311,3.0316,3.0261,3.0271,3.0361,3.0366,3.0311,3.0321,18
2026-03-02 10:06:00,3.0261,3.0281,3.0221,3.0241,3.0311,3.0331,3.0271,3.0291,29
2026-03-02 10:07:00,3.0246,3.0286,3.0246,3.0286,3.0296,3.0336,3.0296,3.0336,10
2026-03-02 10:08:00,3.0291,3.0311,3.0291,3.0306,3.0341,3.0361,3.0341,3.0356,6
2026-03-02 10:09:00,3.0311,3.0311,3.0281,3.0291,3.0361,3.0361,3.0331,3.0341,13
2026-03-02 10:10:00,3.0301,3.0301,3.0241,3.0251,3.0351,3.0351,3.0291,3.0301,34
2026-03-02 10:11:00,3.0241,3.0241,3.0141,3.0141,3.0291,3.0291,3.0191,3.0191,34
2026-03-02 10:12:00,3.0131,3.0171,3.0131,3.0171,3.0181,3.0221,3.0181,3.0221,18
2026-03-02 10:13:00,3.0176,3.0221,3.0171,3.0211,3.0226,3.0271,3.0221,3.0261,15
2026-03-02 10:14:00,3.0206,3.0226,3.0196,3.0221,3.0256,3.0276,3.0246,3.0271,17
2026-03-02 10:15:00,3.0226,3.0226,3.0191,3.0196,3.0276,3.0276,3.0241,3.0246,10
2026-03-02 10:16:00,3.0191,3.0211,3.0171,3.0196,3.0241,3.0261,3.0221,3.0246,25
2026-03-02 10:17:00,3.0191,3.0196,3.0191,3.0196,3.0241,3.0246,3.0241,3.0246,2
2026-03-02 10:18:00,3.0201,3.0241,3.0201,3.0221,3.0251,3.0291,3.0251,3.0271,16
2026-03-02 10:19:00,3.0226,3.0226,3.0216,3.0221,3.0276,3.0276,3.0266,3.0271,6
2026-03-02 10:20:00,3.0226,3.0226,3.0211,3.0211,3.0276,3.0276,3.0261,3.0261,6
2026-03-02 10:21:00,3.0216,3.0226,3.0206,3.0211,3.0266,3.0276,3.0256,3.0261,8
2026-03-02 10:22:00,3.0216,3.0221,3.0196,3.0211,3.0266,3.0271,3.0246,3.0261,18
2026-03-02 10:23:00,3.0216,3.0216,3.0181,3.0191,3.0266,3.0266,3.0231,3.0241,6
2026-03-02 10:24:00,3.0186,3.0211,3.0186,3.0201,3.0236,3.0261,3.0236,3.0251,8
2026-03-02 10:25:00,3.0196,3.0206,3.0196,3.0196,3.0246,3.0256,3.0246,3.0246,6
2026-03-02 10:26:00,3.0201,3.0201,3.0181,3.0186,3.0251,3.0251,3.0231,3.0236,9
2026-03-02 10:27:00,3.0166,3.0166,3.0136,3.0161,3.0216,3.0216,3.0186,3.0211,9
2026-03-02 10:28:00,3.0166,3.0171,3.0141,3.0161,3.0216,3.0221,3.0191,3.0211,15
2026-03-02 10:29:00,3.0151,3.0171,3.0151,3.0151,3.0201,3.0221,3.0201,3.0201,13
2026-03-02 10:30:00,3.0156,3.0156,3.0086,3.0096,3.0206,3.0206,3.0136,3.0146,20
2026-03-02 10:31:00,3.0081,3.0141,3.0081,3.0141,3.0131,3.0191,3.0131,3.0191,24
2026-03-02 10:32:00,3.0146,3.0146,3.0096,3.0106,3.0196,3.0196,3.0146,3.0156,16
2026-03-02 10:33:00,3.0091,3.0126,3.0091,3.0121,3.0141,3.0176,3.0141,3.0171,9
2026-03-02 10:34:00,3.0111,3.0126,3.0111,3.0121,3.0161,3.0176,3.0161,3.0171,12
2026-03-02 10:35:00,3.0126,3.0141,3.0126,3.0131,3.0176,3.0191,3.0176,3.0181,4
2026-03-02 10:36:00,3.0126,3.0131,3.0126,3.0131,3.0176,3.0181,3.0176,3.0181,2
2026-03-02 10:37:00,3.0136,3.0151,3.0131,3.0151,3.0186,3.0201,3.0181,3.0201,6
2026-03-02 10:38:00,3.0146,3.0151,3.0111,3.0111,3.0196,3.0201,3.0161,3.0161,6
2026-03-02 10:39:00,3.0101,3.0171,3.0101,3.0171,3.0151,3.0221,3.0151,3.0221,24
2026-03-02 10:40:00,3.0166,3.0171,3.0166,3.0171,3.0216,3.0221,3.0216,3.0221,2
2026-03-02 10:41:00,3.0166,3.0191,3.0151,3.0151,3.0216,3.0241,3.0201,3.0201,18
2026-03-02 10:42:00,3.0161,3.0161,3.0141,3.0141,3.0211,3.0211,3.0191,3.0191,3
2026-03-02 10:43:00,3.0136,3.0146,3.0131,3.0146,3.0186,3.0196,3.0181,3.0196,5
2026-03-02 10:44:00,3.0151,3.0171,3.0151,3.0161,3.0201,3.0221,3.0201,3.0211,13
2026-03-02 10:45:00,3.0151,3.0161,3.0146,3.0151,3.0201,3.0211,3.0196,3.0201,6
2026-03-02 10:46:00,3.0146,3.0151,3.0141,3.0151,3.0196,3.0201,3.0191,3.0201,7
2026-03-02 10:47:00,3.0146,3.0151,3.0136,3.0136,3.0196,3.0201,3.0186,3.0186,6
2026-03-02 10:48:00,3.0141,3.0141,3.0131,3.0141,3.0191,3.0191,3.0181,3.0191,4
2026-03-02 10:49:00,3.0136,3.0136,3.0111,3.0121,3.0186,3.0186,3.0161,3.0171,6
2026-03-02 10:50:00,3.0116,3.0171,3.0091,3.0096,3.0166,3.0221,3.0141,3.0146,16
2026-03-02 10:51:00,3.0091,3.0106,3.0091,3.0106,3.0141,3.0156,3.0141,3.0156,12
2026-03-02 10:52:00,3.0111,3.0131,3.0111,3.0126,3.0161,3.0181,3.0161,3.0176,9
2026-03-02 10:53:00,3.0131,3.0151,3.0131,3.0146,3.0181,3.0201,3.0181,3.0196,4
2026-03-02 10:54:00,3.0141,3.0141,3.0091,3.0101,3.0191,3.0191,3.0141,3.0151,14
2026-03-02 10:55:00,3.0111,3.0111,3.0101,3.0111,3.0161,3.0161,3.0151,3.0161,5
2026-03-02 10:56:00,3.0106,3.0111,3.0106,3.0111,3.0156,3.0161,3.0156,3.0161,2
2026-03-02 10:57:00,3.0096,3.0096,3.0071,3.0081,3.0146,3.0146,3.0121,3.0131,9
2026-03-02 10:58:00,3.0076,3.0076,3.0021,3.0041,3.0126,3.0126,3.0071,3.0091,21
2026-03-02 10:59:00,3.0051,3.0071,3.0051,3.0066,3.0101,3.0121,3.0101,3.0116,8
2026-03-02 11:00:00,3.0071,3.0071,3.0026,3.0026,3.0121,3.0121,3.0076,3.0076,28
2026-03-02 11:01:00,3.0021,3.0051,3.0021,3.0021,3.0071,3.0101,3.0071,3.0071,14
2026-03-02 11:02:00,3.0031,3.0051,2.9991,3.0021,3.0081,3.0101,3.0041,3.0071,25
2026-03-02 11:03:00,3.0031,3.0066,3.0016,3.0036,3.0081,3.0116,3.0066,3.0086,13
2026-03-02 11:04:00,3.0031,3.0031,3.0001,3.0011,3.0081,3.0081,3.0051,3.0061,6
2026-03-02 11:05:00,3.0016,3.0021,2.9991,2.9991,3.0066,3.0071,3.0041,3.0041,10
2026-03-02 11:06:00,2.9996,3.0011,2.9971,3.0006,3.0046,3.0061,3.0021,3.0056,18
2026-03-02 11:07:00,3.0011,3.0036,3.0011,3.0021,3.0061,3.0086,3.0061,3.0071,8
2026-03-02 11:08:00,3.0016,3.0041,3.0016,3.0021,3.0066,3.0091,3.0066,3.0071,11
2026-03-02 11:09:00,3.0026,3.0031,3.0021,3.0021,3.0076,3.0081,3.0071,3.0071,3
2026-03-02 11:10:00,3.0026,3.0041,3.0026,3.0031,3.0076,3.0091,3.0076,3.0081,7
2026-03-02 11:11:00,3.0036,3.0046,3.0031,3.0046,3.0086,3.0096,3.0081,3.0096,7
2026-03-02 11:12:00,3.0051,3.0051,3.0031,3.0031,3.0101,3.0101,3.0081,3.0081,6
2026-03-02 11:13:00,3.0026,3.0041,3.0026,3.0031,3.0076,3.0091,3.0076,3.0081,6
2026-03-02 11:14:00,3.0021,3.0031,3.0021,3.0031,3.0071,3.0081,3.0071,3.0081,4
2026-03-02 11:15:00,3.0026,3.0036,3.0026,3.0036,3.0076,3.0086,3.0076,3.0086,3
2026-03-02 11:16:00,3.0041,3.0041,3.0031,3.0031,3.0091,3.0091,3.0081,3.0081,4
2026-03-02 11:17:00,3.0026,3.0041,3.0021,3.0031,3.0076,3.0091,3.0071,3.0081,11
2026-03-02 11:18:00,3.0021,3.0031,3.0021,3.0031,3.0071,3.0081,3.0071,3.0081,2
2026-03-02 11:19:00,3.0041,3.0061,3.0031,3.0051,3.0091,3.0111,3.0081,3.0101,15
2026-03-02 11:20:00,3.0056,3.0071,3.0041,3.0061,3.0106,3.0121,3.0091,3.0111,20
2026-03-02 11:21:00,3.0056,3.0061,3.0036,3.0036,3.0106,3.0111,3.0086,3.0086,11
2026-03-02 11:22:00,3.0021,3.0026,2.9966,2.9971,3.0071,3.0076,3.0016,3.0021,17
2026-03-02 11:23:00,2.9961,2.9971,2.9961,2.9971,3.0011,3.0021,3.0011,3.0021,11
2026-03-02 11:24:00,2.9966,2.9966,2.9931,2.9951,3.0016,3.0016,2.9981,3.0001,8
2026-03-02 11:25:00,2.9941,2.9941,2.9911,2.9911,2.9991,2.9991,2.9961,2.9961,18
2026-03-02 11:26:00,2.9906,2.9906,2.9791,2.9801,2.9956,2.9956,2.9841,2.9851,30
2026-03-02 11:27:00,2.9811,2.9836,2.9796,2.9796,2.9861,2.9886,2.9846,2.9846,11
2026-03-02 11:28:00,2.9791,2.9801,2.9731,2.9741,2.9841,2.9851,2.9781,2.9791,18
2026-03-02 11:29:00,2.9746,2.9751,2.9696,2.9721,2.9796,2.9801,2.9746,2.9771,24
2026-03-02 11:30:00,2.9731,2.9781,2.9721,2.9721,2.9781,2.9831,2.9771,2.9771,32
2026-03-02 11:31:00,2.9726,2.9726,2.9631,2.9666,2.9776,2.9776,2.9681,2.9716,41
2026-03-02 11:32:00,2.9671,2.9686,2.9661,2.9686,2.9721,2.9736,2.9711,2.9736,13
2026-03-02 11:33:00,2.9691,2.9741,2.9681,2.9736,2.9741,2.9791,2.9731,2.9786,25
2026-03-02 11:34:00,2.9741,2.9751,2.9721,2.9731,2.9791,2.9801,2.9771,2.9781,19
2026-03-02 11:35:00,2.9726,2.9811,2.9726,2.9811,2.9776,2.9861,2.9776,2.9861,26
2026-03-02 11:36:00,2.9806,2.9806,2.9746,2.9751,2.9856,2.9856,2.9796,2.9801,22
2026-03-02 11:37:00,2.9756,2.9776,2.9756,2.9771,2.9806,2.9826,2.9806,2.9821,16
2026-03-02 11:38:00,2.9761,2.9781,2.9761,2.9781,2.9811,2.9831,2.9811,2.9831,5
2026-03-02 11:39:00,2.9776,2.9806,2.9771,2.9801,2.9826,2.9856,2.9821,2.9851,16
2026-03-02 11:40:00,2.9796,2.9806,2.9786,2.9806,2.9846,2.9856,2.9836,2.9856,9
2026-03-02 11:41:00,2.9811,2.9831,2.9796,2.9816,2.9861,2.9881,2.9846,2.9866,17
2026-03-02 11:42:00,2.9821,2.9831,2.9731,2.9761,2.9871,2.9881,2.9781,2.9811,32
2026-03-02 11:43:00,2.9766,2.9806,2.9761,2.9801,2.9816,2.9856,2.9811,2.9851,19
2026-03-02 11:44:00,2.9811,2.9821,2.9796,2.9801,2.9861,2.9871,2.9846,2.9851,10
2026-03-02 11:45:00,2.9806,2.9816,2.9801,2.9816,2.9856,2.9866,2.9851,2.9866,7
2026-03-02 11:46:00,2.9811,2.9821,2.9806,2.9821,2.9861,2.9871,2.9856,2.9871,4
2026-03-02 11:47:00,2.9816,2.9851,2.9811,2.9841,2.9866,2.9901,2.9861,2.9891,11
2026-03-02 11:48:00,2.9836,2.9851,2.9836,2.9851,2.9886,2.9901,2.9886,2.9901,6
2026-03-02 11:49:00,2.9856,2.9881,2.9831,2.9881,2.9906,2.9931,2.9881,2.9931,32
2026-03-02 11:50:00,2.9876,2.9891,2.9861,2.9871,2.9926,2.9941,2.9911,2.9921,14
2026-03-02 11:51:00,2.9866,2.9881,2.9856,2.9881,2.9916,2.9931,2.9906,2.9931,14
2026-03-02 11:52:00,2.9886,2.9901,2.9881,2.9901,2.9936,2.9951,2.9931,2.9951,10
2026-03-02 11:53:00,2.9896,2.9901,2.9861,2.9871,2.9946,2.9951,2.9911,2.9921,26
2026-03-02 11:54:00,2.9881,2.9901,2.9881,2.9891,2.9931,2.9951,2.9931,2.9941,9
2026-03-02 11:55:00,2.9901,2.9931,2.9901,2.9911,2.9951,2.9981,2.9951,2.9961,10
2026-03-02 11:56:00,2.9906,2.9906,2.9881,2.9881,2.9956,2.9956,2.9931,2.9931,7
2026-03-02 11:57:00,2.9876,2.9876,2.9831,2.9866,2.9926,2.9926,2.9881,2.9916,15
2026-03-02 11:58:00,2.9871,2.9891,2.9871,2.9881,2.9921,2.9941,2.9921,2.9931,12
2026-03-02 11:59:00,2.9876,2.9901,2.9876,2.9886,2.9926,2.9951,2.9926,2.9936,8
2026-03-02 12:00:00,2.9891,2.9916,2.9881,2.9901,2.9941,2.9966,2.9931,2.9951,13
2026-03-02 12:01:00,2.9891,2.9891,2.9891,2.9891,2.9941,2.9941,2.9941,2.9941,1
2026-03-02 12:02:00,2.9881,2.9906,2.9871,2.9906,2.9931,2.9956,2.9921,2.9956,7
2026-03-02 12:03:00,2.9911,2.9941,2.9911,2.9916,2.9961,2.9991,2.9961,2.9966,7
2026-03-02 12:04:00,2.9911,2.9916,2.9891,2.9901,2.9961,2.9966,2.9941,2.9951,9
2026-03-02 12:05:00,2.9906,2.9921,2.9906,2.9921,2.9956,2.9971,2.9956,2.9971,9
2026-03-02 12:06:00,2.9911,2.9916,2.9901,2.9911,2.9961,2.9966,2.9951,2.9961,4
2026-03-02 12:07:00,2.9931,2.9941,2.9921,2.9936,2.9981,2.9991,2.9971,2.9986,10
2026-03-02 12:08:00,2.9931,2.9941,2.9871,2.9871,2.9981,2.9991,2.9921,2.9921,12
2026-03-02 12:09:00,2.9876,2.9876,2.9831,2.9846,2.9926,2.9926,2.9881,2.9896,14
2026-03-02 12:10:00,2.9831,2.9831,2.9761,2.9786,2.9881,2.9881,2.9811,2.9836,26
2026-03-02 12:11:00,2.9791,2.9871,2.9791,2.9866,2.9841,2.9921,2.9841,2.9916,19
2026-03-02 12:12:00,2.9876,2.9881,2.9866,2.9876,2.9926,2.9931,2.9916,2.9926,8
2026-03-02 12:13:00,2.9871,2.9876,2.9836,2.9871,2.9921,2.9926,2.9886,2.9921,14
2026-03-02 12:14:00,2.9856,2.9891,2.9851,2.9886,2.9906,2.9941,2.9901,2.9936,12
2026-03-02 12:15:00,2.9896,2.9951,2.9891,2.9901,2.9946,3.0001,2.9941,2.9951,21
2026-03-02 12:16:00,2.9896,2.9911,2.9886,2.9896,2.9946,2.9961,2.9936,2.9946,7
2026-03-02 12:17:00,2.9891,2.9911,2.9861,2.9881,2.9941,2.9961,2.9911,2.9931,16
2026-03-02 12:18:00,2.9876,2.9891,2.9806,2.9826,2.9926,2.9941,2.9856,2.9876,20
2026-03-02 12:19:00,2.9821,2.9936,2.9821,2.9921,2.9871,2.9986,2.9871,2.9971,26
2026-03-02 12:20:00,2.9931,2.9931,2.9901,2.9926,2.9981,2.9981,2.9951,2.9976,13
2026-03-02 12:21:00,2.9921,2.9921,2.9861,2.9866,2.9971,2.9971,2.9911,2.9916,17
2026-03-02 12:22:00,2.9861,2.9861,2.9811,2.9841,2.9911,2.9911,2.9861,2.9891,24
2026-03-02 12:23:00,2.9831,2.9831,2.9776,2.9781,2.9881,2.9881,2.9826,2.9831,12
2026-03-02 12:24:00,2.9776,2.9831,2.9776,2.9791,2.9826,2.9881,2.9826,2.9841,14
2026-03-02 12:25:00,2.9771,2.9901,2.9771,2.9886,2.9821,2.9951,2.9821,2.9936,34
2026-03-02 12:26:00,2.9891,2.9891,2.9841,2.9841,2.9941,2.9941,2.9891,2.9891,14
2026-03-02 12:27:00,2.9851,2.9861,2.9841,2.9851,2.9901,2.9911,2.9891,2.9901,11
2026-03-02 12:28:00,2.9846,2.9891,2.9841,2.9891,2.9896,2.9941,2.9891,2.9941,11
2026-03-02 12:29:00,2.9881,2.9881,2.9781,2.9796,2.9931,2.9931,2.9831,2.9846,17
2026-03-02 12:30:00,2.9791,2.9796,2.9741,2.9766,2.9841,2.9846,2.9791,2.9816,22
2026-03-02 12:31:00,2.9771,2.9771,2.9711,2.9731,2.9821,2.9821,2.9761,2.9781,15
2026-03-02 12:32:00,2.9726,2.9771,2.9726,2.9736,2.9776,2.9821,2.9776,2.9786,23
2026-03-02 12:33:00,2.9731,2.9761,2.9731,2.9761,2.9781,2.9811,2.9781,2.9811,4
2026-03-02 12:34:00,2.9771,2.9776,2.9711,2.9721,2.9821,2.9826,2.9761,2.9771,16
2026-03-02 12:35:00,2.9716,2.9721,2.9646,2.9671,2.9766,2.9771,2.9696,2.9721,27
2026-03-02 12:36:00,2.9666,2.9671,2.9661,2.9661,2.9716,2.9721,2.9711,2.9711,5
2026-03-02 12:37:00,2.9656,2.9671,2.9631,2.9631,2.9706,2.9721,2.9681,2.9681,18
2026-03-02 12:38:00,2.9626,2.9631,2.9571,2.9606,2.9676,2.9681,2.9621,2.9656,34
2026-03-02 12:39:00,2.9591,2.9621,2.9576,2.9591,2.9641,2.9671,2.9626,2.9641,19
2026-03-02 12:40:00,2.9596,2.9621,2.9586,2.9606,2.9646,2.9671,2.9636,2.9656,12
2026-03-02 12:41:00,2.9601,2.9601,2.9561,2.9586,2.9651,2.9651,2.9611,2.9636,24
2026-03-02 12:42:00,2.9591,2.9611,2.9581,2.9581,2.9641,2.9661,2.9631,2.9631,17
2026-03-02 12:43:00,2.9576,2.9651,2.9576,2.9636,2.9626,2.9701,2.9626,2.9686,24
2026-03-02 12:44:00,2.9641,2.9641,2.9611,2.9621,2.9691,2.9691,2.9661,2.9671,13
2026-03-02 12:45:00,2.9626,2.9626,2.9571,2.9586,2.9676,2.9676,2.9621,2.9636,11
2026-03-02 12:46:00,2.9581,2.9581,2.9521,2.9536,2.9631,2.9631,2.9571,2.9586,23
2026-03-02 12:47:00,2.9531,2.9531,2.9491,2.9516,2.9581,2.9581,2.9541,2.9566,18
2026-03-02 12:48:00,2.9521,2.9531,2.9511,2.9526,2.9571,2.9581,2.9561,2.9576,17
2026-03-02 12:49:00,2.9521,2.9551,2.9481,2.9506,2.9571,2.9601,2.9531,2.9556,23
2026-03-02 12:50:00,2.9501,2.9611,2.9501,2.9591,2.9551,2.9661,2.9551,2.9641,21
2026-03-02 12:51:00,2.9586,2.9706,2.9541,2.9676,2.9636,2.9756,2.9591,2.9726,55
2026-03-02 12:52:00,2.9671,2.9726,2.9601,2.9726,2.9721,2.9776,2.9651,2.9776,55
2026-03-02 12:53:00,2.9721,2.9806,2.9696,2.9796,2.9771,2.9856,2.9746,2.9846,47
2026-03-02 12:54:00,2.9791,2.9866,2.9776,2.9841,2.9841,2.9916,2.9826,2.9891,50
2026-03-02 12:55:00,2.9831,2.9896,2.9826,2.9881,2.9881,2.9946,2.9876,2.9931,34
2026-03-02 12:56:00,2.9876,2.9911,2.9711,2.9761,2.9926,2.9961,2.9761,2.9811,58
2026-03-02 12:57:00,2.9771,2.9791,2.9751,2.9751,2.9821,2.9841,2.9801,2.9801,21
2026-03-02 12:58:00,2.9766,2.9801,2.9751,2.9776,2.9816,2.9851,2.9801,2.9826,20
2026-03-02 12:59:00,2.9771,2.9801,2.9771,2.9796,2.9821,2.9851,2.9821,2.9846,15
2026-03-02 13:00:00,2.9801,2.9876,2.9801,2.9871,2.9851,2.9926,2.9851,2.9921,52
2026-03-02 13:01:00,2.9866,2.9871,2.9826,2.9861,2.9916,2.9921,2.9876,2.9911,22
2026-03-02 13:02:00,2.9871,2.9931,2.9866,2.9896,2.9921,2.9981,2.9916,2.9946,27
2026-03-02 13:03:00,2.9891,2.9941,2.9871,2.9881,2.9941,2.9991,2.9921,2.9931,24
2026-03-02 13:04:00,2.9871,2.9896,2.9871,2.9886,2.9921,2.9946,2.9921,2.9936,22
2026-03-02 13:05:00,2.9881,2.9961,2.9881,2.9951,2.9931,3.0011,2.9931,3.0001,24
2026-03-02 13:06:00,2.9946,2.9996,2.9936,2.9941,2.9996,3.0046,2.9986,2.9991,38
2026-03-02 13:07:00,2.9956,2.9971,2.9931,2.9936,3.0006,3.0021,2.9981,2.9986,20
2026-03-02 13:08:00,2.9941,2.9991,2.9941,2.9991,2.9991,3.0041,2.9991,3.0041,17
2026-03-02 13:09:00,3.0001,3.0041,2.9991,3.0001,3.0051,3.0091,3.0041,3.0051,25
2026-03-02 13:10:00,2.9996,3.0041,2.9981,2.9991,3.0046,3.0091,3.0031,3.0041,38
2026-03-02 13:11:00,2.9996,3.0051,2.9991,3.0036,3.0046,3.0101,3.0041,3.0086,33
2026-03-02 13:12:00,3.0041,3.0046,2.9966,3.0001,3.0091,3.0096,3.0016,3.0051,37
2026-03-02 13:13:00,3.0011,3.0051,3.0001,3.0026,3.0061,3.0101,3.0051,3.0076,23
2026-03-02 13:14:00,3.0021,3.0086,2.9956,2.9981,3.0071,3.0136,3.0006,3.0031,48
2026-03-02 13:15:00,2.9976,2.9991,2.9946,2.9946,3.0026,3.0041,2.9996,2.9996,16
2026-03-02 13:16:00,2.9951,2.9996,2.9931,2.9966,3.0001,3.0046,2.9981,3.0016,18
2026-03-02 13:17:00,2.9971,3.0051,2.9971,3.0021,3.0021,3.0101,3.0021,3.0071,35
2026-03-02 13:18:00,3.0011,3.0051,3.0011,3.0046,3.0061,3.0101,3.0061,3.0096,17
2026-03-02 13:19:00,3.0051,3.0091,3.0051,3.0071,3.0101,3.0141,3.0101,3.0121,35
2026-03-02 13:20:00,3.0066,3.0081,3.0031,3.0066,3.0116,3.0131,3.0081,3.0116,31
2026-03-02 13:21:00,3.0056,3.0121,3.0021,3.0026,3.0106,3.0171,3.0071,3.0076,38
2026-03-02 13:22:00,3.0041,3.0111,3.0041,3.0111,3.0091,3.0161,3.0091,3.0161,16
2026-03-02 13:23:00,3.0106,3.0106,3.0066,3.0071,3.0156,3.0156,3.0116,3.0121,24
2026-03-02 13:24:00,3.0076,3.0131,3.0066,3.0116,3.0126,3.0181,3.0116,3.0166,17
2026-03-02 13:25:00,3.0106,3.0151,3.0091,3.0101,3.0156,3.0201,3.0141,3.0151,21
2026-03-02 13:26:00,3.0091,3.0151,3.0091,3.0141,3.0141,3.0201,3.0141,3.0191,40
2026-03-02 13:27:00,3.0146,3.0196,3.0141,3.0156,3.0196,3.0246,3.0191,3.0206,33
2026-03-02 13:28:00,3.0161,3.0186,3.0161,3.0171,3.0211,3.0236,3.0211,3.0221,16
2026-03-02 13:29:00,3.0166,3.0171,3.0101,3.0166,3.0216,3.0221,3.0151,3.0216,48
2026-03-02 13:30:00,3.0171,3.0211,3.0156,3.0166,3.0221,3.0261,3.0206,3.0216,25
2026-03-02 13:31:00,3.0171,3.0206,3.0141,3.0151,3.0221,3.0256,3.0191,3.0201,37
2026-03-02 13:32:00,3.0156,3.0251,3.0151,3.0241,3.0206,3.0301,3.0201,3.0291,54
2026-03-02 13:33:00,3.0251,3.0261,3.0231,3.0241,3.0301,3.0311,3.0281,3.0291,28
2026-03-02 13:34:00,3.0246,3.0271,3.0221,3.0231,3.0296,3.0321,3.0271,3.0281,19
2026-03-02 13:35:00,3.0246,3.0256,3.0221,3.0231,3.0296,3.0306,3.0271,3.0281,28
2026-03-02 13:36:00,3.0236,3.0281,3.0236,3.0276,3.0286,3.0331,3.0286,3.0326,35
2026-03-02 13:37:00,3.0281,3.0281,3.0246,3.0246,3.0331,3.0331,3.0296,3.0296,16
2026-03-02 13:38:00,3.0251,3.0266,3.0231,3.0241,3.0301,3.0316,3.0281,3.0291,21
2026-03-02 13:39:00,3.0236,3.0261,3.0211,3.0226,3.0286,3.0311,3.0261,3.0276,27
2026-03-02 13:40:00,3.0231,3.0261,3.0231,3.0256,3.0281,3.0311,3.0281,3.0306,15
2026-03-02 13:41:00,3.0261,3.0321,3.0261,3.0281,3.0311,3.0371,3.0311,3.0331,32
2026-03-02 13:42:00,3.0301,3.0351,3.0301,3.0341,3.0351,3.0401,3.0351,3.0391,52
2026-03-02 13:43:00,3.0346,3.0356,3.0321,3.0331,3.0396,3.0406,3.0371,3.0381,52
2026-03-02 13:44:00,3.0341,3.0461,3.0331,3.0431,3.0391,3.0511,3.0381,3.0481,63
2026-03-02 13:45:00,3.0421,3.0471,3.0401,3.0436,3.0471,3.0521,3.0451,3.0486,54
2026-03-02 13:46:00,3.0431,3.0491,3.0401,3.0491,3.0481,3.0541,3.0451,3.0541,35
2026-03-02 13:47:00,3.0481,3.0541,3.0481,3.0531,3.0531,3.0591,3.0531,3.0581,49
2026-03-02 13:48:00,3.0536,3.0606,3.0511,3.0556,3.0586,3.0656,3.0561,3.0606,55
2026-03-02 13:49:00,3.0561,3.0621,3.0561,3.0611,3.0611,3.0671,3.0611,3.0661,55
2026-03-02 13:50:00,3.0591,3.0621,3.0581,3.0606,3.0641,3.0671,3.0631,3.0656,37
2026-03-02 13:51:00,3.0596,3.0596,3.0441,3.0461,3.0646,3.0646,3.0491,3.0511,64
2026-03-02 13:52:00,3.0456,3.0471,3.0441,3.0471,3.0506,3.0521,3.0491,3.0521,29
2026-03-02 13:53:00,3.0481,3.0491,3.0436,3.0481,3.0531,3.0541,3.0486,3.0531,35
2026-03-02 13:54:00,3.0471,3.0481,3.0421,3.0441,3.0521,3.0531,3.0471,3.0491,37
2026-03-02 13:55:00,3.0446,3.0451,3.0381,3.0391,3.0496,3.0501,3.0431,3.0441,34
2026-03-02 13:56:00,3.0371,3.0441,3.0341,3.0351,3.0421,3.0491,3.0391,3.0401,38
2026-03-02 13:57:00,3.0361,3.0451,3.0341,3.0436,3.0411,3.0501,3.0391,3.0486,52
2026-03-02 13:58:00,3.0441,3.0476,3.0431,3.0431,3.0491,3.0526,3.0481,3.0481,14
2026-03-02 13:59:00,3.0421,3.0456,3.0421,3.0451,3.0471,3.0506,3.0471,3.0501,27
2026-03-02 14:00:00,3.0446,3.0461,3.0386,3.0461,3.0496,3.0511,3.0436,3.0511,50
2026-03-02 14:01:00,3.0466,3.0466,3.0341,3.0411,3.0516,3.0516,3.0391,3.0461,44
2026-03-02 14:02:00,3.0406,3.0496,3.0366,3.0486,3.0456,3.0546,3.0416,3.0536,67
2026-03-02 14:03:00,3.0481,3.0551,3.0466,3.0546,3.0531,3.0601,3.0516,3.0596,54
2026-03-02 14:04:00,3.0541,3.0651,3.0501,3.0616,3.0591,3.0701,3.0551,3.0666,87
2026-03-02 14:05:00,3.0621,3.0741,3.0611,3.0706,3.0671,3.0791,3.0661,3.0756,102
2026-03-02 14:06:00,3.0716,3.0716,3.0631,3.0701,3.0766,3.0766,3.0681,3.0751,76
2026-03-02 14:07:00,3.0696,3.0731,3.0661,3.0676,3.0746,3.0781,3.0711,3.0726,67
2026-03-02 14:08:00,3.0686,3.0711,3.0671,3.0696,3.0736,3.0761,3.0721,3.0746,43
2026-03-02 14:09:00,3.0701,3.0741,3.0681,3.0711,3.0751,3.0791,3.0731,3.0761,46
2026-03-02 14:10:00,3.0716,3.0721,3.0621,3.0661,3.0766,3.0771,3.0671,3.0711,54
2026-03-02 14:11:00,3.0671,3.0691,3.0661,3.0671,3.0721,3.0741,3.0711,3.0721,45
2026-03-02 14:12:00,3.0676,3.0681,3.0556,3.0576,3.0726,3.0731,3.0606,3.0626,39
2026-03-02 14:13:00,3.0586,3.0601,3.0511,3.0516,3.0636,3.0651,3.0561,3.0566,34
2026-03-02 14:14:00,3.0511,3.0511,3.0461,3.0476,3.0561,3.0561,3.0511,3.0526,47
2026-03-02 14:15:00,3.0491,3.0501,3.0371,3.0391,3.0541,3.0551,3.0421,3.0441,61
2026-03-02 14:16:00,3.0386,3.0451,3.0321,3.0331,3.0436,3.0501,3.0371,3.0381,66
2026-03-02 14:17:00,3.0336,3.0341,3.0271,3.0271,3.0386,3.0391,3.0321,3.0321,87
2026-03-02 14:18:00,3.0281,3.0291,3.0251,3.0271,3.0331,3.0341,3.0301,3.0321,43
2026-03-02 14:19:00,3.0266,3.0271,3.0201,3.0211,3.0316,3.0321,3.0251,3.0261,44
2026-03-02 14:20:00,3.0206,3.0206,3.0131,3.0171,3.0256,3.0256,3.0181,3.0221,49
2026-03-02 14:21:00,3.0166,3.0236,3.0151,3.0231,3.0216,3.0286,3.0201,3.0281,60
2026-03-02 14:22:00,3.0226,3.0241,3.0201,3.0241,3.0276,3.0291,3.0251,3.0291,43
2026-03-02 14:23:00,3.0231,3.0261,3.0161,3.0241,3.0281,3.0311,3.0211,3.0291,58
2026-03-02 14:24:00,3.0231,3.0331,3.0231,3.0321,3.0281,3.0381,3.0281,3.0371,44
2026-03-02 14:25:00,3.0331,3.0381,3.0326,3.0336,3.0381,3.0431,3.0376,3.0386,58
2026-03-02 14:26:00,3.0346,3.0381,3.0321,3.0321,3.0396,3.0431,3.0371,3.0371,47
2026-03-02 14:27:00,3.0331,3.0331,3.0286,3.0286,3.0381,3.0381,3.0336,3.0336,30
2026-03-02 14:28:00,3.0291,3.0301,3.0271,3.0276,3.0341,3.0351,3.0321,3.0326,33
2026-03-02 14:29:00,3.0281,3.0311,3.0271,3.0286,3.0331,3.0361,3.0321,3.0336,38
2026-03-02 14:30:00,3.0291,3.0326,3.0261,3.0291,3.0341,3.0376,3.0311,3.0341,53
2026-03-02 14:31:00,3.0301,3.0361,3.0291,3.0351,3.0351,3.0411,3.0341,3.0401,55
2026-03-02 14:32:00,3.0346,3.0431,3.0341,3.0426,3.0396,3.0481,3.0391,3.0476,51
2026-03-02 14:33:00,3.0431,3.0471,3.0421,3.0451,3.0481,3.0521,3.0471,3.0501,25
2026-03-02 14:34:00,3.0446,3.0481,3.0431,3.0441,3.0496,3.0531,3.0481,3.0491,37
2026-03-02 14:35:00,3.0436,3.0491,3.0391,3.0486,3.0486,3.0541,3.0441,3.0536,36
2026-03-02 14:36:00,3.0491,3.0511,3.0441,3.0461,3.0541,3.0561,3.0491,3.0511,31
2026-03-02 14:37:00,3.0466,3.0496,3.0436,3.0456,3.0516,3.0546,3.0486,3.0506,26
2026-03-02 14:38:00,3.0451,3.0471,3.0411,3.0421,3.0501,3.0521,3.0461,3.0471,28
2026-03-02 14:39:00,3.0411,3.0451,3.0406,3.0441,3.0461,3.0501,3.0456,3.0491,22
2026-03-02 14:40:00,3.0431,3.0441,3.0371,3.0401,3.0481,3.0491,3.0421,3.0451,32
2026-03-02 14:41:00,3.0396,3.0471,3.0361,3.0471,3.0446,3.0521,3.0411,3.0521,37
2026-03-02 14:42:00,3.0466,3.0481,3.0421,3.0431,3.0516,3.0531,3.0471,3.0481,22
2026-03-02 14:43:00,3.0436,3.0456,3.0371,3.0391,3.0486,3.0506,3.0421,3.0441,40
2026-03-02 14:44:00,3.0381,3.0451,3.0381,3.0426,3.0431,3.0501,3.0431,3.0476,45
2026-03-02 14:45:00,3.0411,3.0461,3.0401,3.0441,3.0461,3.0511,3.0451,3.0491,26
2026-03-02 14:46:00,3.0436,3.0441,3.0356,3.0381,3.0486,3.0491,3.0406,3.0431,41
2026-03-02 14:47:00,3.0371,3.0371,3.0311,3.0336,3.0421,3.0421,3.0361,3.0386,41
2026-03-02 14:48:00,3.0341,3.0371,3.0341,3.0351,3.0391,3.0421,3.0391,3.0401,34
2026-03-02 14:49:00,3.0361,3.0401,3.0361,3.0371,3.0411,3.0451,3.0411,3.0421,24
2026-03-02 14:50:00,3.0381,3.0381,3.0306,3.0321,3.0431,3.0431,3.0356,3.0371,28
2026-03-02 14:51:00,3.0331,3.0331,3.0241,3.0256,3.0381,3.0381,3.0291,3.0306,29
2026-03-02 14:52:00,3.0271,3.0356,3.0271,3.0351,3.0321,3.0406,3.0321,3.0401,27
2026-03-02 14:53:00,3.0346,3.0371,3.0321,3.0341,3.0396,3.0421,3.0371,3.0391,25
2026-03-02 14:54:00,3.0346,3.0361,3.0271,3.0321,3.0396,3.0411,3.0321,3.0371,42
2026-03-02 14:55:00,3.0331,3.0366,3.0241,3.0271,3.0381,3.0416,3.0291,3.0321,50
2026-03-02 14:56:00,3.0261,3.0271,3.0181,3.0181,3.0311,3.0321,3.0231,3.0231,50
2026-03-02 14:57:00,3.0171,3.0171,3.0111,3.0111,3.0221,3.0221,3.0161,3.0161,57
2026-03-02 14:58:00,3.0106,3.0106,2.9951,3.0031,3.0156,3.0156,3.0001,3.0081,131
2026-03-02 14:59:00,3.0026,3.0111,3.0021,3.0091,3.0076,3.0161,3.0071,3.0141,54
2026-03-02 15:00:00,3.0096,3.0131,2.9996,2.9996,3.0146,3.0181,3.0046,3.0046,156
2026-03-02 15:01:00,3.0006,3.0091,2.9981,3.0071,3.0056,3.0141,3.0031,3.0121,79
2026-03-02 15:02:00,3.0076,3.0146,3.0056,3.0126,3.0126,3.0196,3.0106,3.0176,60
2026-03-02 15:03:00,3.0131,3.0141,3.0056,3.0056,3.0181,3.0191,3.0106,3.0106,63
2026-03-02 15:04:00,3.0051,3.0071,2.9961,2.9996,3.0101,3.0121,3.0011,3.0046,75
2026-03-02 15:05:00,2.9981,3.0021,2.9931,2.9946,3.0031,3.0071,2.9981,2.9996,91
2026-03-02 15:06:00,2.9951,2.9966,2.9891,2.9941,3.0001,3.0016,2.9941,2.9991,80
2026-03-02 15:07:00,2.9946,2.9961,2.9901,2.9911,2.9996,3.0011,2.9951,2.9961,52
2026-03-02 15:08:00,2.9916,2.9941,2.9891,2.9931,2.9966,2.9991,2.9941,2.9981,58
2026-03-02 15:09:00,2.9926,2.9936,2.9826,2.9826,2.9976,2.9986,2.9876,2.9876,59
2026-03-02 15:10:00,2.9836,2.9836,2.9771,2.9821,2.9886,2.9886,2.9821,2.9871,77
2026-03-02 15:11:00,2.9831,2.9891,2.9751,2.9876,2.9881,2.9941,2.9801,2.9926,85
2026-03-02 15:12:00,2.9881,2.9891,2.9761,2.9761,2.9931,2.9941,2.9811,2.9811,54
2026-03-02 15:13:00,2.9771,2.9781,2.9681,2.9731,2.9821,2.9831,2.9731,2.9781,96
2026-03-02 15:14:00,2.9736,2.9771,2.9711,2.9751,2.9786,2.9821,2.9761,2.9801,52
2026-03-02 15:15:00,2.9741,2.9771,2.9681,2.9701,2.9791,2.9821,2.9731,2.9751,62
2026-03-02 15:16:00,2.9706,2.9721,2.9681,2.9721,2.9756,2.9771,2.9731,2.9771,38
2026-03-02 15:17:00,2.9716,2.9766,2.9716,2.9761,2.9766,2.9816,2.9766,2.9811,34
2026-03-02 15:18:00,2.9771,2.9881,2.9771,2.9861,2.9821,2.9931,2.9821,2.9911,48
2026-03-02 15:19:00,2.9856,2.9916,2.9856,2.9891,2.9906,2.9966,2.9906,2.9941,42
2026-03-02 15:20:00,2.9896,2.9921,2.9861,2.9871,2.9946,2.9971,2.9911,2.9921,41
2026-03-02 15:21:00,2.9876,2.9876,2.9721,2.9741,2.9926,2.9926,2.9771,2.9791,52
2026-03-02 15:22:00,2.9746,2.9801,2.9741,2.9776,2.9796,2.9851,2.9791,2.9826,49
2026-03-02 15:23:00,2.9781,2.9791,2.9631,2.9676,2.9831,2.9841,2.9681,2.9726,70
2026-03-02 15:24:00,2.9681,2.9721,2.9681,2.9711,2.9731,2.9771,2.9731,2.9761,44
2026-03-02 15:25:00,2.9701,2.9701,2.9631,2.9636,2.9751,2.9751,2.9681,2.9686,81
2026-03-02 15:26:00,2.9641,2.9651,2.9576,2.9601,2.9691,2.9701,2.9626,2.9651,76
2026-03-02 15:27:00,2.9611,2.9641,2.9586,2.9636,2.9661,2.9691,2.9636,2.9686,37
2026-03-02 15:28:00,2.9631,2.9681,2.9631,2.9666,2.9681,2.9731,2.9681,2.9716,30
2026-03-02 15:29:00,2.9661,2.9676,2.9631,2.9646,2.9711,2.9726,2.9681,2.9696,34
2026-03-02 15:30:00,2.9651,2.9671,2.9631,2.9661,2.9701,2.9721,2.9681,2.9711,56
2026-03-02 15:31:00,2.9666,2.9781,2.9641,2.9781,2.9716,2.9831,2.9691,2.9831,57
2026-03-02 15:32:00,2.9776,2.9786,2.9711,2.9731,2.9826,2.9836,2.9761,2.9781,59
2026-03-02 15:33:00,2.9741,2.9786,2.9706,2.9771,2.9791,2.9836,2.9756,2.9821,62
2026-03-02 15:34:00,2.9781,2.9781,2.9691,2.9751,2.9831,2.9831,2.9741,2.9801,77
2026-03-02 15:35:00,2.9756,2.9756,2.9701,2.9731,2.9806,2.9806,2.9751,2.9781,65
2026-03-02 15:36:00,2.9741,2.9781,2.9716,2.9776,2.9791,2.9831,2.9766,2.9826,55
2026-03-02 15:37:00,2.9786,2.9786,2.9731,2.9756,2.9836,2.9836,2.9781,2.9806,47
2026-03-02 15:38:00,2.9741,2.9771,2.9741,2.9761,2.9791,2.9821,2.9791,2.9811,36
2026-03-02 15:39:00,2.9766,2.9776,2.9741,2.9771,2.9816,2.9826,2.9791,2.9821,26
2026-03-02 15:40:00,2.9781,2.9821,2.9761,2.9806,2.9831,2.9871,2.9811,2.9856,40
2026-03-02 15:41:00,2.9811,2.9931,2.9806,2.9926,2.9861,2.9981,2.9856,2.9976,48
2026-03-02 15:42:00,2.9916,2.9931,2.9886,2.9901,2.9966,2.9981,2.9936,2.9951,39
2026-03-02 15:43:00,2.9891,2.9911,2.9861,2.9861,2.9941,2.9961,2.9911,2.9911,34
2026-03-02 15:44:00,2.9871,2.9871,2.9821,2.9826,2.9921,2.9921,2.9871,2.9876,44
2026-03-02 15:45:00,2.9821,2.9871,2.9801,2.9841,2.9871,2.9921,2.9851,2.9891,42
2026-03-02 15:46:00,2.9836,2.9866,2.9761,2.9861,2.9886,2.9916,2.9811,2.9911,59
2026-03-02 15:47:00,2.9866,2.9866,2.9806,2.9831,2.9916,2.9916,2.9856,2.9881,28
2026-03-02 15:48:00,2.9836,2.9841,2.9811,2.9816,2.9886,2.9891,2.9861,2.9866,31
2026-03-02 15:49:00,2.9811,2.9811,2.9691,2.9691,2.9861,2.9861,2.9741,2.9741,42
2026-03-02 15:50:00,2.9686,2.9711,2.9581,2.9586,2.9736,2.9761,2.9631,2.9636,82
2026-03-02 15:51:00,2.9601,2.9601,2.9481,2.9521,2.9651,2.9651,2.9531,2.9571,58
2026-03-02 15:52:00,2.9516,2.9531,2.9376,2.9381,2.9566,2.9581,2.9426,2.9431,82
2026-03-02 15:53:00,2.9386,2.9401,2.9201,2.9201,2.9436,2.9451,2.9251,2.9251,149
2026-03-02 15:54:00,2.9211,2.9286,2.9191,2.9281,2.9261,2.9336,2.9241,2.9331,106
2026-03-02 15:55:00,2.9271,2.9301,2.9251,2.9291,2.9321,2.9351,2.9301,2.9341,62
2026-03-02 15:56:00,2.9311,2.9341,2.9306,2.9331,2.9361,2.9391,2.9356,2.9381,47
2026-03-02 15:57:00,2.9336,2.9351,2.9301,2.9341,2.9386,2.9401,2.9351,2.9391,58
2026-03-02 15:58:00,2.9346,2.9346,2.9296,2.9341,2.9396,2.9396,2.9346,2.9391,44
2026-03-02 15:59:00,2.9336,2.9351,2.9276,2.9291,2.9386,2.9401,2.9326,2.9341,52
2026-03-02 16:00:00,2.9306,2.9306,2.9201,2.9256,2.9356,2.9356,2.9251,2.9306,71
2026-03-02 16:01:00,2.9261,2.9351,2.9231,2.9336,2.9311,2.9401,2.9281,2.9386,80
2026-03-02 16:02:00,2.9341,2.9461,2.9321,2.9461,2.9391,2.9511,2.9371,2.9511,57
2026-03-02 16:03:00,2.9456,2.9481,2.9421,2.9461,2.9506,2.9531,2.9471,2.9511,47
2026-03-02 16:04:00,2.9466,2.9511,2.9466,2.9481,2.9516,2.9561,2.9516,2.9531,44
2026-03-02 16:05:00,2.9476,2.9511,2.9451,2.9476,2.9526,2.9561,2.9501,2.9526,44
2026-03-02 16:06:00,2.9461,2.9471,2.9381,2.9441,2.9511,2.9521,2.9431,2.9491,55
2026-03-02 16:07:00,2.9446,2.9581,2.9446,2.9581,2.9496,2.9631,2.9496,2.9631,58
2026-03-02 16:08:00,2.9576,2.9586,2.9541,2.9576,2.9626,2.9636,2.9591,2.9626,37
2026-03-02 16:09:00,2.9571,2.9586,2.9541,2.9561,2.9621,2.9636,2.9591,2.9611,27
2026-03-02 16:10:00,2.9566,2.9661,2.9566,2.9646,2.9616,2.9711,2.9616,2.9696,53
2026-03-02 16:11:00,2.9641,2.9651,2.9591,2.9626,2.9691,2.9701,2.9641,2.9676,16
2026-03-02 16:12:00,2.9636,2.9661,2.9631,2.9656,2.9686,2.9711,2.9681,2.9706,35
2026-03-02 16:13:00,2.9651,2.9651,2.9571,2.9571,2.9701,2.9701,2.9621,2.9621,27
2026-03-02 16:14:00,2.9576,2.9591,2.9471,2.9551,2.9626,2.9641,2.9521,2.9601,79
2026-03-02 16:15:00,2.9556,2.9601,2.9556,2.9591,2.9606,2.9651,2.9606,2.9641,35
2026-03-02 16:16:00,2.9596,2.9671,2.9581,2.9671,2.9646,2.9721,2.9631,2.9721,32
2026-03-02 16:17:00,2.9676,2.9676,2.9591,2.9601,2.9726,2.9726,2.9641,2.9651,16
2026-03-02 16:18:00,2.9596,2.9611,2.9481,2.9506,2.9646,2.9661,2.9531,2.9556,47
2026-03-02 16:19:00,2.9521,2.9556,2.9506,2.9531,2.9571,2.9606,2.9556,2.9581,30
2026-03-02 16:20:00,2.9536,2.9646,2.9536,2.9636,2.9586,2.9696,2.9586,2.9686,50
2026-03-02 16:21:00,2.9631,2.9671,2.9621,2.9666,2.9681,2.9721,2.9671,2.9716,43
2026-03-02 16:22:00,2.9671,2.9671,2.9641,2.9651,2.9721,2.9721,2.9691,2.9701,11
2026-03-02 16:23:00,2.9656,2.9691,2.9656,2.9681,2.9706,2.9741,2.9706,2.9731,13
2026-03-02 16:24:00,2.9686,2.9721,2.9621,2.9711,2.9736,2.9771,2.9671,2.9761,39
2026-03-02 16:25:00,2.9706,2.9751,2.9691,2.9721,2.9756,2.9801,2.9741,2.9771,49
2026-03-02 16:26:00,2.9731,2.9741,2.9701,2.9711,2.9781,2.9791,2.9751,2.9761,20
2026-03-02 16:27:00,2.9701,2.9751,2.9701,2.9741,2.9751,2.9801,2.9751,2.9791,20
2026-03-02 16:28:00,2.9751,2.9751,2.9701,2.9711,2.9801,2.9801,2.9751,2.9761,19
2026-03-02 16:29:00,2.9701,2.9711,2.9621,2.9626,2.9751,2.9761,2.9671,2.9676,40
2026-03-02 16:30:00,2.9631,2.9686,2.9611,2.9686,2.9681,2.9736,2.9661,2.9736,51
2026-03-02 16:31:00,2.9681,2.9696,2.9641,2.9646,2.9731,2.9746,2.9691,2.9696,33
2026-03-02 16:32:00,2.9656,2.9691,2.9611,2.9686,2.9706,2.9741,2.9661,2.9736,41
2026-03-02 16:33:00,2.9681,2.9746,2.9671,2.9711,2.9731,2.9796,2.9721,2.9761,55
2026-03-02 16:34:00,2.9716,2.9741,2.9671,2.9731,2.9766,2.9791,2.9721,2.9781,42
2026-03-02 16:35:00,2.9736,2.9761,2.9701,2.9751,2.9786,2.9811,2.9751,2.9801,36
2026-03-02 16:36:00,2.9741,2.9781,2.9721,2.9771,2.9791,2.9831,2.9771,2.9821,26
2026-03-02 16:37:00,2.9776,2.9781,2.9731,2.9741,2.9826,2.9831,2.9781,2.9791,25
2026-03-02 16:38:00,2.9746,2.9771,2.9746,2.9751,2.9796,2.9821,2.9796,2.9801,9
2026-03-02 16:39:00,2.9746,2.9751,2.9716,2.9731,2.9796,2.9801,2.9766,2.9781,31
2026-03-02 16:40:00,2.9721,2.9736,2.9681,2.9731,2.9771,2.9786,2.9731,2.9781,16
2026-03-02 16:41:00,2.9736,2.9741,2.9701,2.9731,2.9786,2.9791,2.9751,2.9781,31
2026-03-02 16:42:00,2.9736,2.9746,2.9711,2.9746,2.9786,2.9796,2.9761,2.9796,10
2026-03-02 16:43:00,2.9736,2.9741,2.9701,2.9731,2.9786,2.9791,2.9751,2.9781,33
2026-03-02 16:44:00,2.9721,2.9741,2.9691,2.9731,2.9771,2.9791,2.9741,2.9781,23
2026-03-02 16:45:00,2.9736,2.9741,2.9681,2.9696,2.9786,2.9791,2.9731,2.9746,44
2026-03-02 16:46:00,2.9691,2.9721,2.9666,2.9666,2.9741,2.9771,2.9716,2.9716,27
2026-03-02 16:47:00,2.9671,2.9711,2.9651,2.9711,2.9721,2.9761,2.9701,2.9761,27
2026-03-02 16:48:00,2.9706,2.9721,2.9701,2.9711,2.9756,2.9771,2.9751,2.9761,21
2026-03-02 16:49:00,2.9716,2.9721,2.9691,2.9721,2.9766,2.9771,2.9741,2.9771,23
2026-03-02 16:50:00,2.9726,2.9731,2.9711,2.9711,2.9776,2.9781,2.9761,2.9761,25
2026-03-02 16:51:00,2.9721,2.9731,2.9676,2.9681,2.9771,2.9781,2.9726,2.9731,12
2026-03-02 16:52:00,2.9691,2.9691,2.9651,2.9651,2.9741,2.9741,2.9701,2.9701,20
2026-03-02 16:53:00,2.9646,2.9651,2.9531,2.9561,2.9696,2.9701,2.9581,2.9611,44
2026-03-02 16:54:00,2.9571,2.9586,2.9541,2.9541,2.9621,2.9636,2.9591,2.9591,29
2026-03-02 16:55:00,2.9551,2.9591,2.9516,2.9586,2.9601,2.9641,2.9566,2.9636,30
2026-03-02 16:56:00,2.9581,2.9601,2.9566,2.9571,2.9631,2.9651,2.9616,2.9621,20
2026-03-02 16:57:00,2.9561,2.9601,2.9541,2.9571,2.9611,2.9651,2.9591,2.9621,35
2026-03-02 16:58:00,2.9566,2.9601,2.9546,2.9561,2.9616,2.9651,2.9596,2.9611,26
2026-03-02 16:59:00,2.9551,2.9601,2.9551,2.9601,2.9601,2.9651,2.9601,2.9651,24
2026-03-02 17:00:00,2.9596,2.9626,2.9481,2.9486,2.9646,2.9676,2.9531,2.9536,53
2026-03-02 17:01:00,2.9481,2.9556,2.9471,2.9551,2.9531,2.9606,2.9521,2.9601,41
2026-03-02 17:02:00,2.9556,2.9571,2.9501,2.9501,2.9606,2.9621,2.9551,2.9551,41
2026-03-02 17:03:00,2.9491,2.9531,2.9481,2.9521,2.9541,2.9581,2.9531,2.9571,25
2026-03-02 17:04:00,2.9511,2.9511,2.9426,2.9451,2.9561,2.9561,2.9476,2.9501,28
2026-03-02 17:05:00,2.9456,2.9491,2.9401,2.9491,2.9506,2.9541,2.9451,2.9541,39
2026-03-02 17:06:00,2.9481,2.9551,2.9476,2.9511,2.9531,2.9601,2.9526,2.9561,33
2026-03-02 17:07:00,2.9506,2.9521,2.9471,2.9481,2.9556,2.9571,2.9521,2.9531,22
2026-03-02 17:08:00,2.9471,2.9511,2.9461,2.9501,2.9521,2.9561,2.9511,2.9551,20
2026-03-02 17:09:00,2.9511,2.9511,2.9481,2.9491,2.9561,2.9561,2.9531,2.9541,22
2026-03-02 17:10:00,2.9481,2.9506,2.9481,2.9506,2.9531,2.9556,2.9531,2.9556,24
2026-03-02 17:11:00,2.9501,2.9501,2.9471,2.9481,2.9551,2.9551,2.9521,2.9531,13
2026-03-02 17:12:00,2.9461,2.9581,2.9461,2.9561,2.9511,2.9631,2.9511,2.9611,46
2026-03-02 17:13:00,2.9571,2.9576,2.9561,2.9566,2.9621,2.9626,2.9611,2.9616,14
2026-03-02 17:14:00,2.9571,2.9571,2.9521,2.9551,2.9621,2.9621,2.9571,2.9601,27
2026-03-02 17:15:00,2.9541,2.9601,2.9541,2.9581,2.9591,2.9651,2.9591,2.9631,37
2026-03-02 17:16:00,2.9576,2.9581,2.9551,2.9571,2.9626,2.9631,2.9601,2.9621,15
2026-03-02 17:17:00,2.9566,2.9576,2.9511,2.9521,2.9616,2.9626,2.9561,2.9571,30
2026-03-02 17:18:00,2.9516,2.9521,2.9471,2.9481,2.9566,2.9571,2.9521,2.9531,23
2026-03-02 17:19:00,2.9491,2.9516,2.9441,2.9481,2.9541,2.9566,2.9491,2.9531,31
2026-03-02 17:20:00,2.9476,2.9561,2.9476,2.9531,2.9526,2.9611,2.9526,2.9581,27
2026-03-02 17:21:00,2.9526,2.9526,2.9451,2.9461,2.9576,2.9576,2.9501,2.9511,33
2026-03-02 17:22:00,2.9471,2.9491,2.9431,2.9481,2.9521,2.9541,2.9481,2.9531,43
2026-03-02 17:23:00,2.9486,2.9511,2.9471,2.9481,2.9536,2.9561,2.9521,2.9531,22
2026-03-02 17:24:00,2.9476,2.9521,2.9451,2.9511,2.9526,2.9571,2.9501,2.9561,43
2026-03-02 17:25:00,2.9501,2.9511,2.9421,2.9461,2.9551,2.9561,2.9471,2.9511,78
2026-03-02 17:26:00,2.9451,2.9501,2.9441,2.9501,2.9501,2.9551,2.9491,2.9551,25
2026-03-02 17:27:00,2.9491,2.9491,2.9401,2.9421,2.9541,2.9541,2.9451,2.9471,46
2026-03-02 17:28:00,2.9411,2.9436,2.9341,2.9386,2.9461,2.9486,2.9391,2.9436,45
2026-03-02 17:29:00,2.9391,2.9441,2.9371,2.9421,2.9441,2.9491,2.9421,2.9471,43
2026-03-02 17:30:00,2.9416,2.9421,2.9341,2.9396,2.9466,2.9471,2.9391,2.9446,68
2026-03-02 17:31:00,2.9391,2.9446,2.9371,2.9441,2.9441,2.9496,2.9421,2.9491,31
2026-03-02 17:32:00,2.9431,2.9451,2.9406,2.9426,2.9481,2.9501,2.9456,2.9476,36
2026-03-02 17:33:00,2.9421,2.9441,2.9411,2.9431,2.9471,2.9491,2.9461,2.9481,28
2026-03-02 17:34:00,2.9441,2.9441,2.9361,2.9391,2.9491,2.9491,2.9411,2.9441,49
2026-03-02 17:35:00,2.9396,2.9491,2.9396,2.9476,2.9446,2.9541,2.9446,2.9526,64
2026-03-02 17:36:00,2.9481,2.9481,2.9406,2.9411,2.9531,2.9531,2.9456,2.9461,52
2026-03-02 17:37:00,2.9421,2.9431,2.9376,2.9421,2.9471,2.9481,2.9426,2.9471,29
2026-03-02 17:38:00,2.9411,2.9431,2.9351,2.9381,2.9461,2.9481,2.9401,2.9431,38
2026-03-02 17:39:00,2.9391,2.9396,2.9371,2.9386,2.9441,2.9446,2.9421,2.9436,23
2026-03-02 17:40:00,2.9381,2.9381,2.9311,2.9331,2.9431,2.9431,2.9361,2.9381,59
2026-03-02 17:41:00,2.9336,2.9341,2.9316,2.9331,2.9386,2.9391,2.9366,2.9381,46
2026-03-02 17:42:00,2.9321,2.9331,2.9281,2.9301,2.9371,2.9381,2.9331,2.9351,30
2026-03-02 17:43:00,2.9311,2.9331,2.9271,2.9331,2.9361,2.9381,2.9321,2.9381,47
2026-03-02 17:44:00,2.9336,2.9341,2.9281,2.9291,2.9386,2.9391,2.9331,2.9341,20
2026-03-02 17:45:00,2.9281,2.9281,2.9221,2.9241,2.9331,2.9331,2.9271,2.9291,44
2026-03-02 17:46:00,2.9231,2.9271,2.9196,2.9271,2.9281,2.9321,2.9246,2.9321,46
2026-03-02 17:47:00,2.9281,2.9291,2.9261,2.9276,2.9331,2.9341,2.9311,2.9326,24
2026-03-02 17:48:00,2.9271,2.9311,2.9261,2.9291,2.9321,2.9361,2.9311,2.9341,26
2026-03-02 17:49:00,2.9281,2.9331,2.9241,2.9321,2.9331,2.9381,2.9291,2.9371,29
2026-03-02 17:50:00,2.9331,2.9441,2.9331,2.9411,2.9381,2.9491,2.9381,2.9461,38
2026-03-02 17:51:00,2.9406,2.9406,2.9361,2.9361,2.9456,2.9456,2.9411,2.9411,19
2026-03-02 17:52:00,2.9371,2.9381,2.9351,2.9361,2.9421,2.9431,2.9401,2.9411,18
2026-03-02 17:53:00,2.9356,2.9366,2.9351,2.9361,2.9406,2.9416,2.9401,2.9411,12
2026-03-02 17:54:00,2.9356,2.9401,2.9351,2.9391,2.9406,2.9451,2.9401,2.9441,26
2026-03-02 17:55:00,2.9401,2.9411,2.9381,2.9401,2.9451,2.9461,2.9431,2.9451,15
2026-03-02 17:56:00,2.9391,2.9401,2.9331,2.9351,2.9441,2.9451,2.9381,2.9401,37
2026-03-02 17:57:00,2.9356,2.9356,2.9321,2.9331,2.9406,2.9406,2.9371,2.9381,18
2026-03-02 17:58:00,2.9326,2.9346,2.9301,2.9301,2.9376,2.9396,2.9351,2.9351,13
2026-03-02 17:59:00,2.9311,2.9311,2.9271,2.9301,2.9361,2.9361,2.9321,2.9351,14
2026-03-02 18:00:00,2.9311,2.9341,2.9306,2.9311,2.9361,2.9391,2.9356,2.9361,18
2026-03-02 18:01:00,2.9306,2.9321,2.9291,2.9291,2.9356,2.9371,2.9341,2.9341,15
2026-03-02 18:02:00,2.9286,2.9311,2.9281,2.9301,2.9336,2.9361,2.9331,2.9351,21
2026-03-02 18:03:00,2.9306,2.9326,2.9271,2.9321,2.9356,2.9376,2.9321,2.9371,33
2026-03-02 18:04:00,2.9316,2.9326,2.9291,2.9311,2.9366,2.9376,2.9341,2.9361,17
2026-03-02 18:05:00,2.9321,2.9331,2.9301,2.9301,2.9371,2.9381,2.9351,2.9351,12
2026-03-02 18:06:00,2.9296,2.9381,2.9296,2.9371,2.9346,2.9431,2.9346,2.9421,37
2026-03-02 18:07:00,2.9381,2.9391,2.9361,2.9361,2.9431,2.9441,2.9411,2.9411,12
2026-03-02 18:08:00,2.9371,2.9371,2.9301,2.9331,2.9421,2.9421,2.9351,2.9381,14
2026-03-02 18:09:00,2.9321,2.9321,2.9281,2.9296,2.9371,2.9371,2.9331,2.9346,27
2026-03-02 18:10:00,2.9291,2.9321,2.9291,2.9291,2.9341,2.9371,2.9341,2.9341,13
2026-03-02 18:11:00,2.9301,2.9331,2.9281,2.9281,2.9351,2.9381,2.9331,2.9331,20
2026-03-02 18:12:00,2.9286,2.9311,2.9261,2.9301,2.9336,2.9361,2.9311,2.9351,18
2026-03-02 18:13:00,2.9311,2.9331,2.9301,2.9331,2.9361,2.9381,2.9351,2.9381,11
2026-03-02 18:14:00,2.9341,2.9351,2.9331,2.9341,2.9391,2.9401,2.9381,2.9391,10
2026-03-02 18:15:00,2.9346,2.9381,2.9346,2.9356,2.9396,2.9431,2.9396,2.9406,29
2026-03-02 18:16:00,2.9346,2.9371,2.9331,2.9371,2.9396,2.9421,2.9381,2.9421,24
2026-03-02 18:17:00,2.9366,2.9366,2.9331,2.9351,2.9416,2.9416,2.9381,2.9401,16
2026-03-02 18:18:00,2.9341,2.9361,2.9336,2.9361,2.9391,2.9411,2.9386,2.9411,9
2026-03-02 18:19:00,2.9371,2.9371,2.9326,2.9351,2.9421,2.9421,2.9376,2.9401,14
2026-03-02 18:20:00,2.9356,2.9381,2.9291,2.9321,2.9406,2.9431,2.9341,2.9371,33
2026-03-02 18:21:00,2.9311,2.9321,2.9291,2.9291,2.9361,2.9371,2.9341,2.9341,15
2026-03-02 18:22:00,2.9286,2.9291,2.9276,2.9281,2.9336,2.9341,2.9326,2.9331,12
2026-03-02 18:23:00,2.9271,2.9301,2.9271,2.9301,2.9321,2.9351,2.9321,2.9351,16
2026-03-02 18:24:00,2.9296,2.9301,2.9281,2.9281,2.9346,2.9351,2.9331,2.9331,18
2026-03-02 18:25:00,2.9291,2.9301,2.9271,2.9281,2.9341,2.9351,2.9321,2.9331,16
2026-03-02 18:26:00,2.9286,2.9361,2.9286,2.9351,2.9336,2.9411,2.9336,2.9401,35
2026-03-02 18:27:00,2.9341,2.9371,2.9331,2.9371,2.9391,2.9421,2.9381,2.9421,21
2026-03-02 18:28:00,2.9351,2.9386,2.9341,2.9386,2.9401,2.9436,2.9391,2.9436,16
2026-03-02 18:29:00,2.9401,2.9431,2.9396,2.9431,2.9451,2.9481,2.9446,2.9481,29
2026-03-02 18:30:00,2.9426,2.9426,2.9381,2.9391,2.9476,2.9476,2.9431,2.9441,30
2026-03-02 18:31:00,2.9396,2.9401,2.9371,2.9396,2.9446,2.9451,2.9421,2.9446,21
2026-03-02 18:32:00,2.9401,2.9441,2.9396,2.9441,2.9451,2.9491,2.9446,2.9491,13
2026-03-02 18:33:00,2.9451,2.9511,2.9441,2.9501,2.9501,2.9561,2.9491,2.9551,25
2026-03-02 18:34:00,2.9511,2.9521,2.9491,2.9501,2.9561,2.9571,2.9541,2.9551,11
2026-03-02 18:35:00,2.9496,2.9546,2.9491,2.9541,2.9546,2.9596,2.9541,2.9591,23
2026-03-02 18:36:00,2.9531,2.9551,2.9526,2.9531,2.9581,2.9601,2.9576,2.9581,20
2026-03-02 18:37:00,2.9541,2.9591,2.9541,2.9581,2.9591,2.9641,2.9591,2.9631,32
2026-03-02 18:38:00,2.9586,2.9611,2.9566,2.9591,2.9636,2.9661,2.9616,2.9641,24
2026-03-02 18:39:00,2.9581,2.9616,2.9566,2.9586,2.9631,2.9666,2.9616,2.9636,25
2026-03-02 18:40:00,2.9591,2.9596,2.9536,2.9541,2.9641,2.9646,2.9586,2.9591,24
2026-03-02 18:41:00,2.9536,2.9536,2.9471,2.9471,2.9586,2.9586,2.9521,2.9521,26
2026-03-02 18:42:00,2.9481,2.9491,2.9451,2.9451,2.9531,2.9541,2.9501,2.9501,25
2026-03-02 18:43:00,2.9441,2.9491,2.9441,2.9476,2.9491,2.9541,2.9491,2.9526,31
2026-03-02 18:44:00,2.9471,2.9496,2.9471,2.9471,2.9521,2.9546,2.9521,2.9521,11
2026-03-02 18:45:00,2.9481,2.9501,2.9476,2.9491,2.9531,2.9551,2.9526,2.9541,15
2026-03-02 18:46:00,2.9496,2.9501,2.9461,2.9481,2.9546,2.9551,2.9511,2.9531,24
2026-03-02 18:47:00,2.9496,2.9501,2.9491,2.9491,2.9546,2.9551,2.9541,2.9541,20
2026-03-02 18:48:00,2.9496,2.9531,2.9431,2.9431,2.9546,2.9581,2.9481,2.9481,36
2026-03-02 18:49:00,2.9441,2.9476,2.9431,2.9461,2.9491,2.9526,2.9481,2.9511,22
2026-03-02 18:50:00,2.9451,2.9516,2.9441,2.9511,2.9501,2.9566,2.9491,2.9561,33
2026-03-02 18:51:00,2.9516,2.9536,2.9511,2.9531,2.9566,2.9586,2.9561,2.9581,19
2026-03-02 18:52:00,2.9536,2.9561,2.9531,2.9546,2.9586,2.9611,2.9581,2.9596,15
2026-03-02 18:53:00,2.9541,2.9561,2.9531,2.9561,2.9591,2.9611,2.9581,2.9611,16
2026-03-02 18:54:00,2.9571,2.9571,2.9541,2.9551,2.9621,2.9621,2.9591,2.9601,17
2026-03-02 18:55:00,2.9561,2.9616,2.9561,2.9601,2.9611,2.9666,2.9611,2.9651,22
2026-03-02 18:56:00,2.9596,2.9651,2.9591,2.9641,2.9646,2.9701,2.9641,2.9691,33
2026-03-02 18:57:00,2.9651,2.9651,2.9581,2.9581,2.9701,2.9701,2.9631,2.9631,23
2026-03-02 18:58:00,2.9571,2.9581,2.9561,2.9571,2.9621,2.9631,2.9611,2.9621,16
2026-03-02 18:59:00,2.9561,2.9561,2.9501,2.9501,2.9611,2.9611,2.9551,2.9551,25
2026-03-02 19:00:00,2.9491,2.9506,2.9456,2.9456,2.9541,2.9556,2.9506,2.9506,17
2026-03-02 19:01:00,2.9461,2.9461,2.9411,2.9421,2.9511,2.9511,2.9461,2.9471,24
2026-03-02 19:02:00,2.9416,2.9501,2.9416,2.9491,2.9466,2.9551,2.9466,2.9541,21
2026-03-02 19:03:00,2.9481,2.9501,2.9461,2.9486,2.9531,2.9551,2.9511,2.9536,20
2026-03-02 19:04:00,2.9481,2.9501,2.9481,2.9501,2.9531,2.9551,2.9531,2.9551,12
2026-03-02 19:05:00,2.9511,2.9571,2.9496,2.9501,2.9561,2.9621,2.9546,2.9551,38
2026-03-02 19:06:00,2.9506,2.9531,2.9491,2.9521,2.9556,2.9581,2.9541,2.9571,17
2026-03-02 19:07:00,2.9526,2.9526,2.9501,2.9511,2.9576,2.9576,2.9551,2.9561,13
2026-03-02 19:08:00,2.9516,2.9521,2.9461,2.9481,2.9566,2.9571,2.9511,2.9531,25
2026-03-02 19:09:00,2.9486,2.9486,2.9426,2.9441,2.9536,2.9536,2.9476,2.9491,14
2026-03-02 19:10:00,2.9451,2.9521,2.9451,2.9481,2.9501,2.9571,2.9501,2.9531,25
2026-03-02 19:11:00,2.9476,2.9521,2.9476,2.9506,2.9526,2.9571,2.9526,2.9556,23
2026-03-02 19:12:00,2.9491,2.9561,2.9491,2.9546,2.9541,2.9611,2.9541,2.9596,23
2026-03-02 19:13:00,2.9556,2.9576,2.9551,2.9571,2.9606,2.9626,2.9601,2.9621,18
2026-03-02 19:14:00,2.9576,2.9581,2.9541,2.9571,2.9626,2.9631,2.9591,2.9621,17
2026-03-02 19:15:00,2.9566,2.9606,2.9556,2.9601,2.9616,2.9656,2.9606,2.9651,27
2026-03-02 19:16:00,2.9606,2.9631,2.9591,2.9611,2.9656,2.9681,2.9641,2.9661,22
2026-03-02 19:17:00,2.9606,2.9651,2.9601,2.9631,2.9656,2.9701,2.9651,2.9681,30
2026-03-02 19:18:00,2.9641,2.9651,2.9616,2.9621,2.9691,2.9701,2.9666,2.9671,14
2026-03-02 19:19:00,2.9626,2.9641,2.9601,2.9601,2.9676,2.9691,2.9651,2.9651,16
2026-03-02 19:20:00,2.9611,2.9626,2.9531,2.9536,2.9661,2.9676,2.9581,2.9586,32
2026-03-02 19:21:00,2.9541,2.9551,2.9481,2.9506,2.9591,2.9601,2.9531,2.9556,39
2026-03-02 19:22:00,2.9501,2.9561,2.9501,2.9556,2.9551,2.9611,2.9551,2.9606,25
2026-03-02 19:23:00,2.9546,2.9561,2.9531,2.9536,2.9596,2.9611,2.9581,2.9586,12
2026-03-02 19:24:00,2.9531,2.9571,2.9531,2.9561,2.9581,2.9621,2.9581,2.9611,17
2026-03-02 19:25:00,2.9571,2.9611,2.9566,2.9606,2.9621,2.9661,2.9616,2.9656,11
2026-03-02 19:26:00,2.9611,2.9646,2.9601,2.9646,2.9661,2.9696,2.9651,2.9696,16
2026-03-02 19:27:00,2.9651,2.9651,2.9626,2.9626,2.9701,2.9701,2.9676,2.9676,14
2026-03-02 19:28:00,2.9621,2.9666,2.9616,2.9666,2.9671,2.9716,2.9666,2.9716,26
2026-03-02 19:29:00,2.9661,2.9676,2.9636,2.9666,2.9711,2.9726,2.9686,2.9716,21
2026-03-02 19:30:00,2.9671,2.9701,2.9671,2.9686,2.9721,2.9751,2.9721,2.9736,17
2026-03-02 19:31:00,2.9691,2.9731,2.9681,2.9726,2.9741,2.9781,2.9731,2.9776,17
2026-03-02 19:32:00,2.9721,2.9731,2.9691,2.9706,2.9771,2.9781,2.9741,2.9756,12
2026-03-02 19:33:00,2.9701,2.9711,2.9681,2.9691,2.9751,2.9761,2.9731,2.9741,15
2026-03-02 19:34:00,2.9686,2.9686,2.9621,2.9666,2.9736,2.9736,2.9671,2.9716,26
2026-03-02 19:35:00,2.9661,2.9731,2.9661,2.9711,2.9711,2.9781,2.9711,2.9761,17
2026-03-02 19:36:00,2.9716,2.9721,2.9711,2.9721,2.9766,2.9771,2.9761,2.9771,8
2026-03-02 19:37:00,2.9731,2.9751,2.9701,2.9726,2.9781,2.9801,2.9751,2.9776,19
2026-03-02 19:38:00,2.9731,2.9751,2.9691,2.9691,2.9781,2.9801,2.9741,2.9741,19
2026-03-02 19:39:00,2.9696,2.9701,2.9621,2.9651,2.9746,2.9751,2.9671,2.9701,28
2026-03-02 19:40:00,2.9656,2.9666,2.9641,2.9666,2.9706,2.9716,2.9691,2.9716,15
2026-03-02 19:41:00,2.9671,2.9681,2.9581,2.9601,2.9721,2.9731,2.9631,2.9651,46
2026-03-02 19:42:00,2.9596,2.9596,2.9521,2.9581,2.9646,2.9646,2.9571,2.9631,39
2026-03-02 19:43:00,2.9591,2.9631,2.9581,2.9596,2.9641,2.9681,2.9631,2.9646,29
2026-03-02 19:44:00,2.9591,2.9611,2.9581,2.9591,2.9641,2.9661,2.9631,2.9641,18
2026-03-02 19:45:00,2.9586,2.9601,2.9571,2.9581,2.9636,2.9651,2.9621,2.9631,14
2026-03-02 19:46:00,2.9586,2.9591,2.9541,2.9556,2.9636,2.9641,2.9591,2.9606,27
2026-03-02 19:47:00,2.9551,2.9611,2.9541,2.9601,2.9601,2.9661,2.9591,2.9651,31
2026-03-02 19:48:00,2.9596,2.9596,2.9551,2.9591,2.9646,2.9646,2.9601,2.9641,37
2026-03-02 19:49:00,2.9596,2.9626,2.9561,2.9581,2.9646,2.9676,2.9611,2.9631,27
2026-03-02 19:50:00,2.9586,2.9591,2.9566,2.9586,2.9636,2.9641,2.9616,2.9636,16
2026-03-02 19:51:00,2.9591,2.9591,2.9551,2.9551,2.9641,2.9641,2.9601,2.9601,22
2026-03-02 19:52:00,2.9541,2.9561,2.9531,2.9561,2.9591,2.9611,2.9581,2.9611,9
2026-03-02 19:53:00,2.9551,2.9561,2.9531,2.9536,2.9601,2.9611,2.9581,2.9586,6
2026-03-02 19:54:00,2.9541,2.9546,2.9521,2.9531,2.9591,2.9596,2.9571,2.9581,17
2026-03-02 19:55:00,2.9536,2.9551,2.9531,2.9536,2.9586,2.9601,2.9581,2.9586,11
2026-03-02 19:56:00,2.9526,2.9571,2.9511,2.9521,2.9576,2.9621,2.9561,2.9571,25
2026-03-02 19:57:00,2.9531,2.9571,2.9511,2.9571,2.9581,2.9621,2.9561,2.9621,25
2026-03-02 19:58:00,2.9576,2.9576,2.9566,2.9571,2.9626,2.9626,2.9616,2.9621,4
2026-03-02 19:59:00,2.9581,2.9621,2.9581,2.9611,2.9631,2.9671,2.9631,2.9661,17
2026-03-02 20:00:00,2.9616,2.9661,2.9616,2.9636,2.9666,2.9711,2.9666,2.9686,22
2026-03-02 20:01:00,2.9631,2.9641,2.9581,2.9596,2.9681,2.9691,2.9631,2.9646,22
2026-03-02 20:02:00,2.9601,2.9601,2.9566,2.9586,2.9651,2.9651,2.9616,2.9636,22
2026-03-02 20:03:00,2.9581,2.9601,2.9576,2.9591,2.9631,2.9651,2.9626,2.9641,14
2026-03-02 20:04:00,2.9586,2.9626,2.9586,2.9616,2.9636,2.9676,2.9636,2.9666,10
2026-03-02 20:05:00,2.9626,2.9641,2.9571,2.9576,2.9676,2.9691,2.9621,2.9626,25
2026-03-02 20:06:00,2.9581,2.9591,2.9571,2.9571,2.9631,2.9641,2.9621,2.9621,13
2026-03-02 20:07:00,2.9581,2.9621,2.9581,2.9611,2.9631,2.9671,2.9631,2.9661,19
2026-03-02 20:08:00,2.9616,2.9631,2.9581,2.9581,2.9666,2.9681,2.9631,2.9631,23
2026-03-02 20:09:00,2.9591,2.9631,2.9571,2.9631,2.9641,2.9681,2.9621,2.9681,33
2026-03-02 20:10:00,2.9626,2.9651,2.9621,2.9631,2.9676,2.9701,2.9671,2.9681,27
2026-03-02 20:11:00,2.9636,2.9646,2.9631,2.9631,2.9686,2.9696,2.9681,2.9681,13
2026-03-02 20:12:00,2.9641,2.9741,2.9641,2.9731,2.9691,2.9791,2.9691,2.9781,47
2026-03-02 20:13:00,2.9726,2.9751,2.9721,2.9731,2.9776,2.9801,2.9771,2.9781,21
2026-03-02 20:14:00,2.9721,2.9741,2.9696,2.9696,2.9771,2.9791,2.9746,2.9746,19
2026-03-02 20:15:00,2.9701,2.9736,2.9691,2.9726,2.9751,2.9786,2.9741,2.9776,36
2026-03-02 20:16:00,2.9721,2.9731,2.9691,2.9721,2.9771,2.9781,2.9741,2.9771,26
2026-03-02 20:17:00,2.9731,2.9741,2.9701,2.9726,2.9781,2.9791,2.9751,2.9776,21
2026-03-02 20:18:00,2.9721,2.9741,2.9721,2.9726,2.9771,2.9791,2.9771,2.9776,24
2026-03-02 20:19:00,2.9731,2.9741,2.9701,2.9731,2.9781,2.9791,2.9751,2.9781,33
2026-03-02 20:20:00,2.9736,2.9786,2.9731,2.9761,2.9786,2.9836,2.9781,2.9811,42
2026-03-02 20:21:00,2.9756,2.9781,2.9711,2.9756,2.9806,2.9831,2.9761,2.9806,31
2026-03-02 20:22:00,2.9761,2.9761,2.9721,2.9731,2.9811,2.9811,2.9771,2.9781,14
2026-03-02 20:23:00,2.9726,2.9741,2.9701,2.9721,2.9776,2.9791,2.9751,2.9771,24
2026-03-02 20:24:00,2.9716,2.9721,2.9661,2.9701,2.9766,2.9771,2.9711,2.9751,24
2026-03-02 20:25:00,2.9711,2.9736,2.9691,2.9701,2.9761,2.9786,2.9741,2.9751,30
2026-03-02 20:26:00,2.9691,2.9721,2.9691,2.9721,2.9741,2.9771,2.9741,2.9771,19
2026-03-02 20:27:00,2.9711,2.9761,2.9701,2.9731,2.9761,2.9811,2.9751,2.9781,53
2026-03-02 20:28:00,2.9726,2.9726,2.9591,2.9656,2.9776,2.9776,2.9641,2.9706,149
2026-03-02 20:29:00,2.9651,2.9711,2.9621,2.9701,2.9701,2.9761,2.9671,2.9751,56
2026-03-02 20:30:00,2.9706,2.9731,2.9676,2.9691,2.9756,2.9781,2.9726,2.9741,36
2026-03-02 20:31:00,2.9681,2.9711,2.9641,2.9641,2.9731,2.9761,2.9691,2.9691,25
2026-03-02 20:32:00,2.9631,2.9681,2.9601,2.9621,2.9681,2.9731,2.9651,2.9671,34
2026-03-02 20:33:00,2.9616,2.9631,2.9611,2.9611,2.9666,2.9681,2.9661,2.9661,12
2026-03-02 20:34:00,2.9606,2.9621,2.9591,2.9601,2.9656,2.9671,2.9641,2.9651,18
2026-03-02 20:35:00,2.9596,2.9611,2.9571,2.9571,2.9646,2.9661,2.9621,2.9621,23
2026-03-02 20:36:00,2.9566,2.9591,2.9566,2.9591,2.9616,2.9641,2.9616,2.9641,7
2026-03-02 20:37:00,2.9601,2.9611,2.9581,2.9591,2.9651,2.9661,2.9631,2.9641,9
2026-03-02 20:38:00,2.9601,2.9606,2.9581,2.9601,2.9651,2.9656,2.9631,2.9651,16
2026-03-02 20:39:00,2.9611,2.9611,2.9581,2.9611,2.9661,2.9661,2.9631,2.9661,10
2026-03-02 20:40:00,2.9616,2.9651,2.9611,2.9626,2.9666,2.9701,2.9661,2.9676,17
2026-03-02 20:41:00,2.9631,2.9661,2.9631,2.9651,2.9681,2.9711,2.9681,2.9701,14
2026-03-02 20:42:00,2.9641,2.9651,2.9641,2.9651,2.9691,2.9701,2.9691,2.9701,4
2026-03-02 20:43:00,2.9656,2.9671,2.9651,2.9651,2.9706,2.9721,2.9701,2.9701,12
2026-03-02 20:44:00,2.9671,2.9711,2.9671,2.9691,2.9721,2.9761,2.9721,2.9741,14
2026-03-02 20:45:00,2.9696,2.9701,2.9651,2.9671,2.9746,2.9751,2.9701,2.9721,13
2026-03-02 20:46:00,2.9661,2.9661,2.9631,2.9651,2.9711,2.9711,2.9681,2.9701,15
2026-03-02 20:47:00,2.9641,2.9661,2.9631,2.9636,2.9691,2.9711,2.9681,2.9686,9
2026-03-02 20:48:00,2.9631,2.9641,2.9631,2.9631,2.9681,2.9691,2.9681,2.9681,9
2026-03-02 20:50:00,2.9636,2.9641,2.9621,2.9626,2.9686,2.9691,2.9671,2.9676,8
2026-03-02 20:51:00,2.9621,2.9641,2.9601,2.9601,2.9671,2.9691,2.9651,2.9651,10
2026-03-02 20:52:00,2.9606,2.9611,2.9601,2.9601,2.9656,2.9661,2.9651,2.9651,5
2026-03-02 20:53:00,2.9611,2.9611,2.9591,2.9601,2.9661,2.9661,2.9641,2.9651,13
2026-03-02 20:54:00,2.9606,2.9641,2.9606,2.9621,2.9656,2.9691,2.9656,2.9671,15
2026-03-02 20:55:00,2.9626,2.9641,2.9626,2.9641,2.9676,2.9691,2.9676,2.9691,4
2026-03-02 20:56:00,2.9651,2.9666,2.9641,2.9641,2.9701,2.9716,2.9691,2.9691,22
2026-03-02 20:57:00,2.9646,2.9651,2.9631,2.9631,2.9696,2.9701,2.9681,2.9681,8
2026-03-02 20:58:00,2.9636,2.9641,2.9621,2.9631,2.9686,2.9691,2.9671,2.9681,7
2026-03-02 20:59:00,2.9636,2.9636,2.9606,2.9611,2.9686,2.9686,2.9656,2.9661,13
2026-03-02 21:00:00,2.9601,2.9626,2.9601,2.9621,2.9651,2.9676,2.9651,2.9671,12
2026-03-02 21:01:00,2.9631,2.9641,2.9591,2.9601,2.9681,2.9691,2.9641,2.9651,11
2026-03-02 21:02:00,2.9596,2.9596,2.9591,2.9596,2.9646,2.9646,2.9641,2.9646,5
2026-03-02 21:03:00,2.9591,2.9591,2.9571,2.9581,2.9641,2.9641,2.9621,2.9631,11
2026-03-02 21:04:00,2.9591,2.9601,2.9581,2.9591,2.9641,2.9651,2.9631,2.9641,16
2026-03-02 21:05:00,2.9596,2.9611,2.9581,2.9611,2.9646,2.9661,2.9631,2.9661,9
2026-03-02 21:06:00,2.9616,2.9641,2.9601,2.9611,2.9666,2.9691,2.9651,2.9661,23
2026-03-02 21:07:00,2.9616,2.9681,2.9611,2.9661,2.9666,2.9731,2.9661,2.9711,26
2026-03-02 21:08:00,2.9671,2.9681,2.9641,2.9651,2.9721,2.9731,2.9691,2.9701,19
2026-03-02 21:09:00,2.9656,2.9671,2.9651,2.9661,2.9706,2.9721,2.9701,2.9711,12
2026-03-02 21:10:00,2.9666,2.9706,2.9661,2.9701,2.9716,2.9756,2.9711,2.9751,19
2026-03-02 21:11:00,2.9696,2.9711,2.9671,2.9701,2.9746,2.9761,2.9721,2.9751,23
2026-03-02 21:12:00,2.9716,2.9741,2.9711,2.9731,2.9766,2.9791,2.9761,2.9781,13
2026-03-02 21:13:00,2.9741,2.9741,2.9711,2.9731,2.9791,2.9791,2.9761,2.9781,20
2026-03-02 21:14:00,2.9736,2.9781,2.9731,2.9776,2.9786,2.9831,2.9781,2.9826,29
2026-03-02 21:15:00,2.9781,2.9791,2.9781,2.9786,2.9831,2.9841,2.9831,2.9836,19
2026-03-02 21:16:00,2.9791,2.9806,2.9761,2.9791,2.9841,2.9856,2.9811,2.9841,24
2026-03-02 21:17:00,2.9801,2.9801,2.9781,2.9791,2.9851,2.9851,2.9831,2.9841,7
2026-03-02 21:18:00,2.9796,2.9806,2.9771,2.9781,2.9846,2.9856,2.9821,2.9831,18
2026-03-02 21:19:00,2.9786,2.9806,2.9781,2.9801,2.9836,2.9856,2.9831,2.9851,21
2026-03-02 21:20:00,2.9806,2.9841,2.9806,2.9836,2.9856,2.9891,2.9856,2.9886,23
2026-03-02 21:21:00,2.9846,2.9861,2.9841,2.9841,2.9896,2.9911,2.9891,2.9891,26
2026-03-02 21:22:00,2.9851,2.9856,2.9836,2.9841,2.9901,2.9906,2.9886,2.9891,10
2026-03-02 21:23:00,2.9846,2.9901,2.9841,2.9891,2.9896,2.9951,2.9891,2.9941,21
2026-03-02 21:24:00,2.9896,2.9921,2.9861,2.9861,2.9946,2.9971,2.9911,2.9911,28
2026-03-02 21:25:00,2.9866,2.9891,2.9866,2.9881,2.9916,2.9941,2.9916,2.9931,12
2026-03-02 21:26:00,2.9886,2.9911,2.9881,2.9901,2.9936,2.9961,2.9931,2.9951,20
2026-03-02 21:27:00,2.9921,2.9931,2.9901,2.9916,2.9971,2.9981,2.9951,2.9966,22
2026-03-02 21:28:00,2.9921,2.9921,2.9891,2.9891,2.9971,2.9971,2.9941,2.9941,9
2026-03-02 21:29:00,2.9896,2.9911,2.9891,2.9891,2.9946,2.9961,2.9941,2.9941,13
2026-03-02 21:30:00,2.9901,2.9911,2.9871,2.9881,2.9951,2.9961,2.9921,2.9931,17
2026-03-02 21:31:00,2.9886,2.9896,2.9861,2.9886,2.9936,2.9946,2.9911,2.9936,21
2026-03-02 21:32:00,2.9891,2.9901,2.9881,2.9881,2.9941,2.9951,2.9931,2.9931,11
2026-03-02 21:33:00,2.9876,2.9881,2.9861,2.9861,2.9926,2.9931,2.9911,2.9911,21
2026-03-02 21:34:00,2.9866,2.9871,2.9851,2.9861,2.9916,2.9921,2.9901,2.9911,15
2026-03-02 21:35:00,2.9866,2.9871,2.9836,2.9846,2.9916,2.9921,2.9886,2.9896,11
2026-03-02 21:36:00,2.9841,2.9891,2.9841,2.9881,2.9891,2.9941,2.9891,2.9931,14
2026-03-02 21:37:00,2.9886,2.9901,2.9886,2.9891,2.9936,2.9951,2.9936,2.9941,10
2026-03-02 21:38:00,2.9881,2.9891,2.9861,2.9861,2.9931,2.9941,2.9911,2.9911,21
2026-03-02 21:39:00,2.9866,2.9871,2.9841,2.9871,2.9916,2.9921,2.9891,2.9921,14
2026-03-02 21:40:00,2.9866,2.9886,2.9866,2.9881,2.9916,2.9936,2.9916,2.9931,11
2026-03-02 21:41:00,2.9891,2.9911,2.9891,2.9891,2.9941,2.9961,2.9941,2.9941,7
2026-03-02 21:42:00,2.9881,2.9901,2.9881,2.9901,2.9931,2.9951,2.9931,2.9951,16
2026-03-02 21:43:00,2.9906,2.9906,2.9871,2.9881,2.9956,2.9956,2.9921,2.9931,11
2026-03-02 21:44:00,2.9891,2.9901,2.9886,2.9891,2.9941,2.9951,2.9936,2.9941,15
2026-03-02 21:45:00,2.9896,2.9901,2.9876,2.9886,2.9946,2.9951,2.9926,2.9936,9
2026-03-02 21:46:00,2.9881,2.9891,2.9871,2.9881,2.9931,2.9941,2.9921,2.9931,17
2026-03-02 21:47:00,2.9876,2.9881,2.9861,2.9876,2.9926,2.9931,2.9911,2.9926,15
2026-03-02 21:48:00,2.9871,2.9871,2.9851,2.9871,2.9921,2.9921,2.9901,2.9921,11
2026-03-02 21:49:00,2.9861,2.9891,2.9861,2.9886,2.9911,2.9941,2.9911,2.9936,9
2026-03-02 21:50:00,2.9881,2.9886,2.9866,2.9871,2.9931,2.9936,2.9916,2.9921,17
2026-03-02 21:51:00,2.9881,2.9931,2.9866,2.9921,2.9931,2.9981,2.9916,2.9971,32
2026-03-02 21:52:00,2.9911,2.9971,2.9911,2.9916,2.9961,3.0021,2.9961,2.9966,47
2026-03-02 21:53:00,2.9911,2.9931,2.9901,2.9921,2.9961,2.9981,2.9951,2.9971,10
2026-03-02 21:54:00,2.9926,2.9941,2.9911,2.9921,2.9976,2.9991,2.9961,2.9971,14
2026-03-02 21:55:00,2.9931,2.9931,2.9891,2.9916,2.9981,2.9981,2.9941,2.9966,16
2026-03-02 21:56:00,2.9911,2.9921,2.9901,2.9901,2.9961,2.9971,2.9951,2.9951,11
2026-03-02 21:57:00,2.9896,2.9916,2.9891,2.9906,2.9946,2.9966,2.9941,2.9956,7
2026-03-02 21:58:00,2.9916,2.9921,2.9891,2.9896,2.9966,2.9971,2.9941,2.9946,16
2026-03-02 21:59:00,2.9891,2.9901,2.9871,2.9886,2.9941,2.9951,2.9921,2.9936,15
2026-03-02 22:00:00,2.9891,2.9901,2.9871,2.9901,2.9941,2.9951,2.9921,2.9951,22
2026-03-02 22:01:00,2.9911,2.9921,2.9891,2.9901,2.9961,2.9971,2.9941,2.9951,13
2026-03-02 22:02:00,2.9906,2.9906,2.9861,2.9886,2.9956,2.9956,2.9911,2.9936,15
2026-03-02 22:03:00,2.9881,2.9931,2.9871,2.9931,2.9931,2.9981,2.9921,2.9981,19
2026-03-02 22:04:00,2.9926,2.9931,2.9921,2.9931,2.9976,2.9981,2.9971,2.9981,10
2026-03-02 22:05:00,2.9941,2.9941,2.9921,2.9921,2.9991,2.9991,2.9971,2.9971,7
2026-03-02 22:06:00,2.9936,2.9951,2.9936,2.9951,2.9986,3.0001,2.9986,3.0001,7
2026-03-02 22:07:00,2.9941,2.9941,2.9906,2.9911,2.9991,2.9991,2.9956,2.9961,14
2026-03-02 22:08:00,2.9921,2.9961,2.9916,2.9951,2.9971,3.0011,2.9966,3.0001,14
2026-03-02 22:09:00,2.9956,2.9971,2.9951,2.9971,3.0006,3.0021,3.0001,3.0021,6
2026-03-02 22:10:00,2.9981,3.0031,2.9981,3.0031,3.0031,3.0081,3.0031,3.0081,20
2026-03-02 22:11:00,3.0026,3.0036,3.0021,3.0031,3.0076,3.0086,3.0071,3.0081,11
2026-03-02 22:12:00,3.0036,3.0041,3.0021,3.0021,3.0086,3.0091,3.0071,3.0071,12
2026-03-02 22:13:00,3.0016,3.0031,3.0011,3.0021,3.0066,3.0081,3.0061,3.0071,19
2026-03-02 22:14:00,3.0026,3.0026,2.9971,3.0006,3.0076,3.0076,3.0021,3.0056,18
2026-03-02 22:15:00,3.0001,3.0011,3.0001,3.0011,3.0051,3.0061,3.0051,3.0061,3
2026-03-02 22:16:00,3.0016,3.0021,2.9976,2.9981,3.0066,3.0071,3.0026,3.0031,15
2026-03-02 22:17:00,2.9971,3.0001,2.9966,2.9976,3.0021,3.0051,3.0016,3.0026,11
2026-03-02 22:18:00,2.9961,2.9961,2.9951,2.9961,3.0011,3.0011,3.0001,3.0011,9
2026-03-02 22:19:00,2.9951,2.9966,2.9931,2.9956,3.0001,3.0016,2.9981,3.0006,17
2026-03-02 22:20:00,2.9946,2.9966,2.9941,2.9956,2.9996,3.0016,2.9991,3.0006,6
2026-03-02 22:21:00,2.9951,2.9951,2.9931,2.9936,3.0001,3.0001,2.9981,2.9986,9
2026-03-02 22:22:00,2.9941,2.9961,2.9921,2.9961,2.9991,3.0011,2.9971,3.0011,14
2026-03-02 22:23:00,2.9951,2.9951,2.9931,2.9941,3.0001,3.0001,2.9981,2.9991,15
2026-03-02 22:24:00,2.9936,2.9941,2.9921,2.9936,2.9986,2.9991,2.9971,2.9986,13
2026-03-02 22:25:00,2.9921,2.9921,2.9911,2.9911,2.9971,2.9971,2.9961,2.9961,6
2026-03-02 22:26:00,2.9916,2.9931,2.9916,2.9926,2.9966,2.9981,2.9966,2.9976,10
2026-03-02 22:27:00,2.9931,2.9931,2.9921,2.9931,2.9981,2.9981,2.9971,2.9981,4
2026-03-02 22:28:00,2.9926,2.9926,2.9901,2.9926,2.9976,2.9976,2.9951,2.9976,10
2026-03-02 22:29:00,2.9921,2.9921,2.9891,2.9896,2.9971,2.9971,2.9941,2.9946,9
2026-03-02 22:30:00,2.9901,2.9906,2.9891,2.9896,2.9951,2.9956,2.9941,2.9946,9
2026-03-02 22:31:00,2.9901,2.9906,2.9896,2.9896,2.9951,2.9956,2.9946,2.9946,3
2026-03-02 22:32:00,2.9891,2.9901,2.9891,2.9901,2.9941,2.9951,2.9941,2.9951,3
2026-03-02 22:33:00,2.9906,2.9906,2.9896,2.9906,2.9956,2.9956,2.9946,2.9956,5
2026-03-02 22:34:00,2.9911,2.9931,2.9911,2.9921,2.9961,2.9981,2.9961,2.9971,6
2026-03-02 22:35:00,2.9926,2.9926,2.9886,2.9886,2.9976,2.9976,2.9936,2.9936,13
2026-03-02 22:36:00,2.9881,2.9891,2.9871,2.9886,2.9931,2.9941,2.9921,2.9936,8
2026-03-02 22:37:00,2.9891,2.9891,2.9881,2.9891,2.9941,2.9941,2.9931,2.9941,4
2026-03-02 22:38:00,2.9901,2.9911,2.9891,2.9901,2.9951,2.9961,2.9941,2.9951,13
2026-03-02 22:39:00,2.9906,2.9986,2.9906,2.9951,2.9956,3.0036,2.9956,3.0001,44
2026-03-02 22:40:00,2.9946,2.9961,2.9936,2.9956,2.9996,3.0011,2.9986,3.0006,13
2026-03-02 22:41:00,2.9946,2.9976,2.9946,2.9971,2.9996,3.0026,2.9996,3.0021,13
2026-03-02 22:42:00,2.9976,2.9981,2.9961,2.9961,3.0026,3.0031,3.0011,3.0011,8
2026-03-02 22:43:00,2.9951,2.9951,2.9931,2.9936,3.0001,3.0001,2.9981,2.9986,7
2026-03-02 22:44:00,2.9941,2.9941,2.9906,2.9931,2.9991,2.9991,2.9956,2.9981,12
2026-03-02 22:45:00,2.9936,2.9936,2.9936,2.9936,2.9986,2.9986,2.9986,2.9986,1
2026-03-02 22:46:00,2.9941,2.9941,2.9916,2.9916,2.9991,2.9991,2.9966,2.9966,10
2026-03-02 22:47:00,2.9926,2.9931,2.9921,2.9921,2.9976,2.9981,2.9971,2.9971,7
2026-03-02 22:49:00,2.9911,2.9911,2.9891,2.9901,2.9961,2.9961,2.9941,2.9951,4
2026-03-02 22:50:00,2.9896,2.9896,2.9891,2.9891,2.9946,2.9946,2.9941,2.9941,2
2026-03-02 22:52:00,2.9881,2.9886,2.9881,2.9886,2.9931,2.9936,2.9931,2.9936,4
2026-03-02 22:53:00,2.9881,2.9886,2.9881,2.9881,2.9931,2.9936,2.9931,2.9931,3
2026-03-02 22:54:00,2.9891,2.9901,2.9891,2.9896,2.9941,2.9951,2.9941,2.9946,8
2026-03-02 22:55:00,2.9886,2.9886,2.9871,2.9871,2.9936,2.9936,2.9921,2.9921,7
2026-03-02 22:56:00,2.9866,2.9881,2.9866,2.9871,2.9916,2.9931,2.9916,2.9921,4
2026-03-02 22:57:00,2.9876,2.9881,2.9871,2.9881,2.9926,2.9931,2.9921,2.9931,8
2026-03-02 22:58:00,2.9891,2.9896,2.9876,2.9896,2.9941,2.9946,2.9926,2.9946,16
2026-03-02 22:59:00,2.9881,2.99,2.9861,2.99,2.9931,2.9941,2.991,2.991,23
2026-03-03 00:00:00,2.988,2.9935,2.9845,2.9895,2.993,2.9985,2.9895,2.9945,28
2026-03-03 00:01:00,2.988,2.9925,2.988,2.9925,2.993,2.9975,2.993,2.9975,18
2026-03-03 00:02:00,2.9935,2.9935,2.991,2.9925,2.9985,2.9985,2.996,2.9975,11
2026-03-03 00:03:00,2.993,2.995,2.993,2.995,2.998,3.0,2.998,3.0,5
2026-03-03 00:04:00,2.9945,2.9945,2.989,2.989,2.9995,2.9995,2.994,2.994,6
2026-03-03 00:05:00,2.9885,2.9895,2.9875,2.989,2.9935,2.9945,2.9925,2.994,6
2026-03-03 00:06:00,2.9895,2.9925,2.9895,2.9925,2.9945,2.9975,2.9945,2.9975,4
2026-03-03 00:07:00,2.9915,2.9915,2.9895,2.991,2.9965,2.9965,2.9945,2.996,5
2026-03-03 00:08:00,2.9905,2.992,2.99,2.991,2.9955,2.997,2.995,2.996,9
2026-03-03 00:09:00,2.9905,2.991,2.9895,2.99,2.9955,2.996,2.9945,2.995,9
2026-03-03 00:10:00,2.9905,2.9905,2.9905,2.9905,2.9955,2.9955,2.9955,2.9955,1
2026-03-03 00:11:00,2.99,2.99,2.9895,2.99,2.995,2.995,2.9945,2.995,3
2026-03-03 00:12:00,2.991,2.993,2.991,2.993,2.996,2.998,2.996,2.998,4
2026-03-03 00:13:00,2.9935,2.9945,2.9935,2.9935,2.9985,2.9995,2.9985,2.9985,3
2026-03-03 00:14:00,2.993,2.993,2.991,2.991,2.998,2.998,2.996,2.996,3
2026-03-03 00:19:00,2.9905,2.9905,2.9905,2.9905,2.9955,2.9955,2.9955,2.9955,1
2026-03-03 00:20:00,2.989,2.989,2.9875,2.988,2.994,2.994,2.9925,2.993,6
2026-03-03 00:21:00,2.9875,2.9875,2.9855,2.9855,2.9925,2.9925,2.9905,2.9905,4
2026-03-03 00:22:00,2.985,2.986,2.9835,2.985,2.99,2.991,2.9885,2.99,6
2026-03-03 00:23:00,2.9855,2.986,2.9855,2.986,2.9905,2.991,2.9905,2.991,2
2026-03-03 00:24:00,2.985,2.985,2.9825,2.983,2.99,2.99,2.9875,2.988,5
2026-03-03 00:25:00,2.9835,2.984,2.982,2.982,2.9885,2.989,2.987,2.987,6
2026-03-03 00:26:00,2.9815,2.982,2.981,2.982,2.9865,2.987,2.986,2.987,3
2026-03-03 00:27:00,2.9825,2.9835,2.9825,2.9835,2.9875,2.9885,2.9875,2.9885,3
2026-03-03 00:28:00,2.983,2.983,2.981,2.982,2.988,2.988,2.986,2.987,4
2026-03-03 00:29:00,2.9815,2.9815,2.981,2.981,2.9865,2.9865,2.986,2.986,2
2026-03-03 00:31:00,2.982,2.986,2.982,2.985,2.987,2.991,2.987,2.99,5
2026-03-03 00:32:00,2.9845,2.988,2.984,2.988,2.9895,2.993,2.989,2.993,7
2026-03-03 00:33:00,2.987,2.988,2.9865,2.9875,2.992,2.993,2.9915,2.9925,5
2026-03-03 00:34:00,2.988,2.99,2.988,2.99,2.993,2.995,2.993,2.995,3
2026-03-03 00:35:00,2.989,2.989,2.988,2.988,2.994,2.994,2.993,2.993,2
2026-03-03 00:36:00,2.989,2.991,2.989,2.9905,2.994,2.996,2.994,2.9955,7
2026-03-03 00:37:00,2.99,2.99,2.9895,2.9895,2.995,2.995,2.9945,2.9945,2
2026-03-03 00:38:00,2.989,2.992,2.9875,2.991,2.994,2.997,2.9925,2.996,5
2026-03-03 00:39:00,2.9905,2.9905,2.9905,2.9905,2.9955,2.9955,2.9955,2.9955,1
2026-03-03 00:40:00,2.991,2.991,2.991,2.991,2.996,2.996,2.996,2.996,1
2026-03-03 00:41:00,2.9905,2.9905,2.99,2.9905,2.9955,2.9955,2.995,2.9955,3
2026-03-03 00:42:00,2.99,2.99,2.99,2.99,2.995,2.995,2.995,2.995,1
2026-03-03 00:43:00,2.991,2.9915,2.991,2.9915,2.996,2.9965,2.996,2.9965,2
2026-03-03 00:44:00,2.992,2.992,2.9905,2.9905,2.997,2.997,2.9955,2.9955,3
2026-03-03 00:45:00,2.9895,2.992,2.9895,2.991,2.9945,2.997,2.9945,2.996,4
2026-03-03 00:46:00,2.9915,2.9915,2.991,2.991,2.9965,2.9965,2.996,2.996,2
2026-03-03 00:47:00,2.9915,2.9915,2.9905,2.9905,2.9965,2.9965,2.9955,2.9955,3
2026-03-03 00:48:00,2.9895,2.9895,2.9895,2.9895,2.9945,2.9945,2.9945,2.9945,1
2026-03-03 00:49:00,2.99,2.99,2.9895,2.9895,2.995,2.995,2.9945,2.9945,2
2026-03-03 00:50:00,2.989,2.989,2.9885,2.989,2.994,2.994,2.9935,2.994,3
2026-03-03 00:51:00,2.988,2.99,2.988,2.99,2.993,2.995,2.993,2.995,3
2026-03-03 00:52:00,2.9895,2.9895,2.989,2.989,2.9945,2.9945,2.994,2.994,2
2026-03-03 00:53:00,2.9885,2.9885,2.9885,2.9885,2.9935,2.9935,2.9935,2.9935,1
2026-03-03 00:54:00,2.99,2.99,2.9895,2.9895,2.995,2.995,2.9945,2.9945,2
2026-03-03 00:56:00,2.9885,2.9885,2.986,2.9885,2.9935,2.9935,2.991,2.9935,9
2026-03-03 00:57:00,2.988,2.9895,2.988,2.9895,2.993,2.9945,2.993,2.9945,4
2026-03-03 00:58:00,2.9885,2.99,2.9885,2.99,2.9935,2.995,2.9935,2.995,5
2026-03-03 00:59:00,2.9895,2.9895,2.988,2.988,2.9945,2.9945,2.993,2.993,3
2026-03-03 01:00:00,2.9885,2.995,2.9885,2.9945,2.9935,3.0,2.9935,2.9995,23
2026-03-03 01:01:00,2.995,2.9965,2.995,2.9965,3.0,3.0015,3.0,3.0015,5
2026-03-03 01:02:00,2.996,2.996,2.9925,2.9925,3.001,3.001,2.9975,2.9975,19
2026-03-03 01:03:00,2.993,2.9945,2.9925,2.9935,2.998,2.9995,2.9975,2.9985,11
2026-03-03 01:04:00,2.994,2.995,2.9925,2.993,2.999,3.0,2.9975,2.998,9
2026-03-03 01:05:00,2.9925,2.9925,2.9925,2.9925,2.9975,2.9975,2.9975,2.9975,1
2026-03-03 01:06:00,2.992,2.9935,2.992,2.9935,2.997,2.9985,2.997,2.9985,6
2026-03-03 01:07:00,2.9945,2.9945,2.9935,2.994,2.9995,2.9995,2.9985,2.999,3
2026-03-03 01:08:00,2.9935,2.994,2.9925,2.9935,2.9985,2.999,2.9975,2.9985,7
2026-03-03 01:09:00,2.993,2.9935,2.993,2.9935,2.998,2.9985,2.998,2.9985,2
2026-03-03 01:12:00,2.9925,2.993,2.9915,2.993,2.9975,2.998,2.9965,2.998,4
2026-03-03 01:13:00,2.9935,2.9935,2.9925,2.9925,2.9985,2.9985,2.9975,2.9975,5
2026-03-03 01:14:00,2.993,2.993,2.993,2.993,2.998,2.998,2.998,2.998,1
2026-03-03 01:15:00,2.992,2.993,2.992,2.993,2.997,2.998,2.997,2.998,3
2026-03-03 01:16:00,2.994,2.994,2.993,2.9935,2.999,2.999,2.998,2.9985,4
2026-03-03 01:17:00,2.9925,2.9925,2.991,2.9925,2.9975,2.9975,2.996,2.9975,6
2026-03-03 01:18:00,2.9935,2.994,2.9925,2.994,2.9985,2.999,2.9975,2.999,5
2026-03-03 01:19:00,2.9935,2.9935,2.9935,2.9935,2.9985,2.9985,2.9985,2.9985,1
2026-03-03 01:20:00,2.9945,2.995,2.9945,2.9945,2.9995,3.0,2.9995,2.9995,3
2026-03-03 01:21:00,2.995,2.995,2.995,2.995,3.0,3.0,3.0,3.0,1
2026-03-03 01:22:00,2.994,2.995,2.994,2.995,2.999,3.0,2.999,3.0,2
2026-03-03 01:24:00,2.9945,2.996,2.9945,2.995,2.9995,3.001,2.9995,3.0,3
2026-03-03 01:26:00,2.994,2.9945,2.994,2.9945,2.999,2.9995,2.999,2.9995,2
2026-03-03 01:27:00,2.995,2.995,2.994,2.994,3.0,3.0,2.999,2.999,2
2026-03-03 01:28:00,2.9945,2.9945,2.994,2.994,2.9995,2.9995,2.999,2.999,2
2026-03-03 01:29:00,2.9955,2.996,2.995,2.9955,3.0005,3.001,3.0,3.0005,9
2026-03-03 01:30:00,2.996,2.998,2.996,2.9965,3.001,3.003,3.001,3.0015,12
2026-03-03 01:31:00,2.997,2.9985,2.997,2.9985,3.002,3.0035,3.002,3.0035,5
2026-03-03 01:32:00,2.999,2.999,2.998,2.999,3.004,3.004,3.003,3.004,3
2026-03-03 01:33:00,2.9985,3.0,2.9985,3.0,3.0035,3.005,3.0035,3.005,4
2026-03-03 01:34:00,3.0005,3.0005,2.999,3.0,3.0055,3.0055,3.004,3.005,5
2026-03-03 01:35:00,3.0005,3.0005,2.9985,2.9985,3.0055,3.0055,3.0035,3.0035,4
2026-03-03 01:36:00,2.999,3.0,2.9965,2.9965,3.004,3.005,3.0015,3.0015,7
2026-03-03 01:37:00,2.997,2.997,2.997,2.997,3.002,3.002,3.002,3.002,1
2026-03-03 01:38:00,2.9965,2.9965,2.9965,2.9965,3.0015,3.0015,3.0015,3.0015,1
2026-03-03 01:39:00,2.998,2.998,2.997,2.998,3.003,3.003,3.002,3.003,4
2026-03-03 01:40:00,2.9975,2.998,2.9965,2.9965,3.0025,3.003,3.0015,3.0015,4
2026-03-03 01:41:00,2.997,2.997,2.9965,2.997,3.002,3.002,3.0015,3.002,3
2026-03-03 01:43:00,2.9975,2.9975,2.9975,2.9975,3.0025,3.0025,3.0025,3.0025,1
2026-03-03 01:44:00,2.998,2.998,2.998,2.998,3.003,3.003,3.003,3.003,1
2026-03-03 01:45:00,2.997,2.9975,2.997,2.9975,3.002,3.0025,3.002,3.0025,4
2026-03-03 01:46:00,2.997,2.998,2.996,2.996,3.002,3.003,3.001,3.001,4
2026-03-03 01:47:00,2.995,2.996,2.9945,2.9955,3.0,3.001,2.9995,3.0005,7
2026-03-03 01:48:00,2.995,2.995,2.9935,2.994,3.0,3.0,2.9985,2.999,4
2026-03-03 01:49:00,2.993,2.995,2.993,2.9945,2.998,3.0,2.998,2.9995,6
2026-03-03 01:50:00,2.994,2.995,2.994,2.994,2.999,3.0,2.999,2.999,4
2026-03-03 01:51:00,2.995,2.9965,2.995,2.9965,3.0,3.0015,3.0,3.0015,4
2026-03-03 01:52:00,2.9955,2.9975,2.9955,2.9975,3.0005,3.0025,3.0005,3.0025,4
2026-03-03 01:53:00,2.998,2.998,2.998,2.998,3.003,3.003,3.003,3.003,1
2026-03-03 01:54:00,2.9975,2.999,2.9975,2.998,3.0025,3.004,3.0025,3.003,5
2026-03-03 01:55:00,2.997,2.9975,2.997,2.9975,3.002,3.0025,3.002,3.0025,2
2026-03-03 01:56:00,2.998,2.999,2.998,2.999,3.003,3.004,3.003,3.004,4
2026-03-03 01:57:00,2.9985,2.999,2.997,2.997,3.0035,3.004,3.002,3.002,4
2026-03-03 01:59:00,2.996,2.996,2.9935,2.9935,3.001,3.001,2.9985,2.9985,12
2026-03-03 02:00:00,2.993,2.9985,2.991,2.9985,2.998,3.0035,2.996,3.0035,14
2026-03-03 02:01:00,2.998,2.998,2.9945,2.9945,3.003,3.003,2.9995,2.9995,10
2026-03-03 02:02:00,2.9935,2.997,2.993,2.997,2.9985,3.002,2.998,3.002,8
2026-03-03 02:03:00,2.9985,2.9985,2.9985,2.9985,3.0035,3.0035,3.0035,3.0035,1
2026-03-03 02:04:00,2.998,2.999,2.997,2.999,3.003,3.004,3.002,3.004,7
2026-03-03 02:05:00,2.9985,2.9985,2.9985,2.9985,3.0035,3.0035,3.0035,3.0035,1
2026-03-03 02:06:00,2.998,2.998,2.998,2.998,3.003,3.003,3.003,3.003,1
2026-03-03 02:07:00,2.999,2.999,2.997,2.997,3.004,3.004,3.002,3.002,4
2026-03-03 02:08:00,2.9965,2.998,2.9965,2.997,3.0015,3.003,3.0015,3.002,7
2026-03-03 02:09:00,2.9965,2.9975,2.9965,2.9965,3.0015,3.0025,3.0015,3.0015,4
2026-03-03 02:10:00,2.997,2.9975,2.9965,2.997,3.002,3.0025,3.0015,3.002,9
2026-03-03 02:11:00,2.9975,3.0015,2.9975,3.001,3.0025,3.0065,3.0025,3.006,12
2026-03-03 02:12:00,3.0005,3.0005,3.0,3.0,3.0055,3.0055,3.005,3.005,2
2026-03-03 02:13:00,3.0005,3.0005,2.999,2.999,3.0055,3.0055,3.004,3.004,3
2026-03-03 02:14:00,2.9995,3.0005,2.9995,3.0005,3.0045,3.0055,3.0045,3.0055,3
2026-03-03 02:15:00,3.0,3.0,2.998,2.9995,3.005,3.005,3.003,3.0045,5
2026-03-03 02:17:00,3.0,3.0,3.0,3.0,3.005,3.005,3.005,3.005,1
2026-03-03 02:18:00,3.0005,3.001,3.0,3.0005,3.0055,3.006,3.005,3.0055,7
2026-03-03 02:19:00,3.0,3.0015,3.0,3.0015,3.005,3.0065,3.005,3.0065,4
2026-03-03 02:20:00,3.001,3.0015,3.001,3.0015,3.006,3.0065,3.006,3.0065,2
2026-03-03 02:21:00,3.0005,3.0065,3.0,3.005,3.0055,3.0115,3.005,3.01,27
2026-03-03 02:22:00,3.0055,3.007,3.005,3.006,3.0105,3.012,3.01,3.011,10
2026-03-03 02:23:00,3.0055,3.0065,3.0055,3.006,3.0105,3.0115,3.0105,3.011,4
2026-03-03 02:24:00,3.0065,3.007,3.0065,3.007,3.0115,3.012,3.0115,3.012,2
2026-03-03 02:26:00,3.006,3.006,3.006,3.006,3.011,3.011,3.011,3.011,1
2026-03-03 02:27:00,3.007,3.007,3.0065,3.007,3.012,3.012,3.0115,3.012,7
2026-03-03 02:29:00,3.0065,3.0065,3.003,3.0035,3.0115,3.0115,3.008,3.0085,9
2026-03-03 02:30:00,3.004,3.004,3.002,3.0035,3.009,3.009,3.007,3.0085,7
2026-03-03 02:31:00,3.004,3.004,3.0025,3.0025,3.009,3.009,3.0075,3.0075,6
2026-03-03 02:32:00,3.0035,3.006,3.0035,3.006,3.0085,3.011,3.0085,3.011,4
2026-03-03 02:33:00,3.0065,3.007,3.006,3.006,3.0115,3.012,3.011,3.011,3
2026-03-03 02:34:00,3.0065,3.007,3.0065,3.007,3.0115,3.012,3.0115,3.012,2
2026-03-03 02:35:00,3.006,3.006,3.0055,3.0055,3.011,3.011,3.0105,3.0105,2
2026-03-03 02:36:00,3.006,3.0105,3.006,3.0105,3.011,3.0155,3.011,3.0155,12
2026-03-03 02:37:00,3.01,3.013,3.01,3.013,3.015,3.018,3.015,3.018,10
2026-03-03 02:39:00,3.014,3.014,3.014,3.014,3.019,3.019,3.019,3.019,1
2026-03-03 02:40:00,3.013,3.013,3.012,3.0125,3.018,3.018,3.017,3.0175,3
2026-03-03 02:41:00,3.013,3.014,3.0115,3.012,3.018,3.019,3.0165,3.017,9
2026-03-03 02:42:00,3.0115,3.0125,3.0115,3.0125,3.0165,3.0175,3.0165,3.0175,3
2026-03-03 02:43:00,3.012,3.012,3.0105,3.0105,3.017,3.017,3.0155,3.0155,4
2026-03-03 02:44:00,3.011,3.0115,3.0085,3.0085,3.016,3.0165,3.0135,3.0135,7
2026-03-03 02:45:00,3.0095,3.0095,3.0095,3.0095,3.0145,3.0145,3.0145,3.0145,1
2026-03-03 02:46:00,3.01,3.01,3.009,3.009,3.015,3.015,3.014,3.014,3
2026-03-03 02:47:00,3.0085,3.011,3.0085,3.011,3.0135,3.016,3.0135,3.016,4
2026-03-03 02:48:00,3.0115,3.012,3.0095,3.012,3.0165,3.017,3.0145,3.017,8
2026-03-03 02:49:00,3.0125,3.0125,3.0125,3.0125,3.0175,3.0175,3.0175,3.0175,1
2026-03-03 02:50:00,3.011,3.012,3.009,3.0115,3.016,3.017,3.014,3.0165,9
2026-03-03 02:51:00,3.0125,3.0125,3.011,3.011,3.0175,3.0175,3.016,3.016,2
2026-03-03 02:52:00,3.0105,3.0115,3.0105,3.011,3.0155,3.0165,3.0155,3.016,3
2026-03-03 02:53:00,3.0115,3.012,3.0115,3.012,3.0165,3.017,3.0165,3.017,2
2026-03-03 02:54:00,3.0115,3.0125,3.0115,3.012,3.0165,3.0175,3.0165,3.017,6
2026-03-03 02:55:00,3.0115,3.0115,3.0085,3.009,3.0165,3.0165,3.0135,3.014,7
2026-03-03 02:56:00,3.0095,3.0095,3.0075,3.0075,3.0145,3.0145,3.0125,3.0125,5
2026-03-03 02:57:00,3.0065,3.0065,3.004,3.004,3.0115,3.0115,3.009,3.009,3
2026-03-03 02:58:00,3.005,3.007,3.005,3.0065,3.01,3.012,3.01,3.0115,8
2026-03-03 02:59:00,3.006,3.008,3.0045,3.0075,3.011,3.013,3.0095,3.0125,8
2026-03-03 03:00:00,3.0085,3.0085,3.0045,3.0045,3.0135,3.0135,3.0095,3.0095,8
2026-03-03 03:01:00,3.004,3.0045,3.004,3.0045,3.009,3.0095,3.009,3.0095,4
2026-03-03 03:02:00,3.004,3.006,3.003,3.0045,3.009,3.011,3.008,3.0095,16
2026-03-03 03:03:00,3.004,3.0045,3.004,3.0045,3.009,3.0095,3.009,3.0095,20
2026-03-03 03:04:00,3.0035,3.005,3.0035,3.005,3.0085,3.01,3.0085,3.01,4
2026-03-03 03:05:00,3.0055,3.007,3.003,3.007,3.0105,3.012,3.008,3.012,11
2026-03-03 03:06:00,3.0075,3.0075,3.006,3.0065,3.0125,3.0125,3.011,3.0115,12
2026-03-03 03:07:00,3.006,3.006,3.006,3.006,3.011,3.011,3.011,3.011,1
2026-03-03 03:08:00,3.0065,3.007,3.005,3.005,3.0115,3.012,3.01,3.01,5
2026-03-03 03:09:00,3.004,3.004,3.002,3.003,3.009,3.009,3.007,3.008,7
2026-03-03 03:10:00,3.0025,3.0025,2.999,3.002,3.0075,3.0075,3.004,3.007,19
2026-03-03 03:11:00,3.003,3.003,3.001,3.001,3.008,3.008,3.006,3.006,3
2026-03-03 03:12:00,3.0015,3.0055,3.001,3.0045,3.0065,3.0105,3.006,3.0095,9
2026-03-03 03:14:00,3.005,3.006,3.005,3.006,3.01,3.011,3.01,3.011,4
2026-03-03 03:15:00,3.0055,3.0055,3.0045,3.0045,3.0105,3.0105,3.0095,3.0095,3
2026-03-03 03:16:00,3.0055,3.0055,3.0045,3.0045,3.0105,3.0105,3.0095,3.0095,3
2026-03-03 03:18:00,3.004,3.005,3.004,3.005,3.009,3.01,3.009,3.01,2
2026-03-03 03:19:00,3.0055,3.0055,3.0055,3.0055,3.0105,3.0105,3.0105,3.0105,1
2026-03-03 03:20:00,3.006,3.0115,3.005,3.011,3.011,3.0165,3.01,3.016,17
2026-03-03 03:21:00,3.0115,3.019,3.0115,3.017,3.0165,3.024,3.0165,3.022,23
2026-03-03 03:22:00,3.0175,3.025,3.0175,3.025,3.0225,3.03,3.0225,3.03,35
2026-03-03 03:23:00,3.0245,3.0245,3.0225,3.0225,3.0295,3.0295,3.0275,3.0275,9
2026-03-03 03:24:00,3.023,3.025,3.0205,3.0205,3.028,3.03,3.0255,3.0255,10
2026-03-03 03:25:00,3.022,3.0225,3.022,3.0225,3.027,3.0275,3.027,3.0275,2
2026-03-03 03:26:00,3.022,3.0225,3.022,3.022,3.027,3.0275,3.027,3.027,3
2026-03-03 03:27:00,3.023,3.023,3.0205,3.021,3.028,3.028,3.0255,3.026,7
2026-03-03 03:28:00,3.0215,3.0225,3.0205,3.0225,3.0265,3.0275,3.0255,3.0275,14
2026-03-03 03:29:00,3.0215,3.0225,3.0215,3.0225,3.0265,3.0275,3.0265,3.0275,13
2026-03-03 03:30:00,3.022,3.0225,3.0205,3.0205,3.027,3.0275,3.0255,3.0255,10
2026-03-03 03:31:00,3.0215,3.0215,3.0145,3.015,3.0265,3.0265,3.0195,3.02,17
2026-03-03 03:32:00,3.0145,3.0155,3.014,3.015,3.0195,3.0205,3.019,3.02,27
2026-03-03 03:33:00,3.0155,3.0155,3.015,3.0155,3.0205,3.0205,3.02,3.0205,5
2026-03-03 03:34:00,3.015,3.0155,3.012,3.013,3.02,3.0205,3.017,3.018,12
2026-03-03 03:35:00,3.0125,3.0125,3.0125,3.0125,3.0175,3.0175,3.0175,3.0175,1
2026-03-03 03:36:00,3.0105,3.013,3.0095,3.012,3.0155,3.018,3.0145,3.017,9
2026-03-03 03:37:00,3.0115,3.0155,3.0115,3.0155,3.0165,3.0205,3.0165,3.0205,16
2026-03-03 03:38:00,3.015,3.0155,3.015,3.0155,3.02,3.0205,3.02,3.0205,2
2026-03-03 03:39:00,3.0145,3.017,3.0135,3.0145,3.0195,3.022,3.0185,3.0195,9
2026-03-03 03:40:00,3.015,3.016,3.014,3.014,3.02,3.021,3.019,3.019,5
2026-03-03 03:41:00,3.0135,3.0135,3.0125,3.0125,3.0185,3.0185,3.0175,3.0175,5
2026-03-03 03:42:00,3.012,3.0125,3.0115,3.0115,3.017,3.0175,3.0165,3.0165,6
2026-03-03 03:43:00,3.012,3.0125,3.0115,3.0125,3.017,3.0175,3.0165,3.0175,8
2026-03-03 03:44:00,3.012,3.0135,3.012,3.0135,3.017,3.0185,3.017,3.0185,3
2026-03-03 03:45:00,3.013,3.013,3.012,3.012,3.018,3.018,3.017,3.017,4
2026-03-03 03:46:00,3.0125,3.0125,3.012,3.012,3.0175,3.0175,3.017,3.017,2
2026-03-03 03:47:00,3.0125,3.0125,3.0085,3.0095,3.0175,3.0175,3.0135,3.0145,8
2026-03-03 03:48:00,3.0105,3.0105,3.0105,3.0105,3.0155,3.0155,3.0155,3.0155,1
2026-03-03 03:49:00,3.011,3.011,3.0105,3.0105,3.016,3.016,3.0155,3.0155,2
2026-03-03 03:50:00,3.011,3.011,3.0105,3.0105,3.016,3.016,3.0155,3.0155,2
2026-03-03 03:51:00,3.011,3.011,3.0095,3.0095,3.016,3.016,3.0145,3.0145,3
2026-03-03 03:52:00,3.009,3.0095,3.008,3.0095,3.014,3.0145,3.013,3.0145,6
2026-03-03 03:53:00,3.01,3.01,3.01,3.01,3.015,3.015,3.015,3.015,1
2026-03-03 03:55:00,3.011,3.011,3.009,3.01,3.016,3.016,3.014,3.015,7
2026-03-03 03:56:00,3.011,3.011,3.01,3.01,3.016,3.016,3.015,3.015,2
2026-03-03 03:57:00,3.0105,3.0115,3.0105,3.0115,3.0155,3.0165,3.0155,3.0165,5
2026-03-03 03:58:00,3.012,3.012,3.0105,3.011,3.017,3.017,3.0155,3.016,7
2026-03-03 03:59:00,3.0115,3.012,3.01,3.01,3.0165,3.017,3.015,3.015,3
2026-03-03 04:00:00,3.0095,3.0095,3.008,3.009,3.0145,3.0145,3.013,3.014,11
2026-03-03 04:01:00,3.0095,3.0095,3.0095,3.0095,3.0145,3.0145,3.0145,3.0145,1
2026-03-03 04:02:00,3.01,3.011,3.01,3.0105,3.015,3.016,3.015,3.0155,3
2026-03-03 04:04:00,3.0115,3.012,3.0115,3.012,3.0165,3.017,3.0165,3.017,2
2026-03-03 04:05:00,3.011,3.011,3.009,3.0095,3.016,3.016,3.014,3.0145,5
2026-03-03 04:06:00,3.009,3.009,3.008,3.008,3.014,3.014,3.013,3.013,5
2026-03-03 04:07:00,3.0085,3.01,3.0085,3.0085,3.0135,3.015,3.0135,3.0135,5
2026-03-03 04:08:00,3.008,3.008,3.006,3.007,3.013,3.013,3.011,3.012,5
2026-03-03 04:09:00,3.0075,3.009,3.007,3.0075,3.0125,3.014,3.012,3.0125,7
2026-03-03 04:10:00,3.007,3.008,3.0065,3.008,3.012,3.013,3.0115,3.013,7
2026-03-03 04:11:00,3.0075,3.0085,3.0075,3.008,3.0125,3.0135,3.0125,3.013,4
2026-03-03 04:12:00,3.0085,3.009,3.0085,3.009,3.0135,3.014,3.0135,3.014,2
2026-03-03 04:13:00,3.01,3.011,3.0095,3.0105,3.015,3.016,3.0145,3.0155,7
2026-03-03 04:14:00,3.01,3.01,3.008,3.008,3.015,3.015,3.013,3.013,3
2026-03-03 04:15:00,3.009,3.009,3.009,3.009,3.014,3.014,3.014,3.014,1
2026-03-03 04:16:00,3.0095,3.0095,3.0085,3.0085,3.0145,3.0145,3.0135,3.0135,3
2026-03-03 04:17:00,3.0095,3.0095,3.0085,3.0085,3.0145,3.0145,3.0135,3.0135,2
2026-03-03 04:18:00,3.0095,3.0095,3.008,3.0095,3.0145,3.0145,3.013,3.0145,4
2026-03-03 04:20:00,3.0105,3.0105,3.0095,3.0095,3.0155,3.0155,3.0145,3.0145,7
2026-03-03 04:21:00,3.0105,3.0105,3.008,3.009,3.0155,3.0155,3.013,3.014,6
2026-03-03 04:22:00,3.0095,3.0105,3.0095,3.0105,3.0145,3.0155,3.0145,3.0155,2
2026-03-03 04:23:00,3.011,3.0115,3.011,3.0115,3.016,3.0165,3.016,3.0165,2
2026-03-03 04:24:00,3.01,3.01,3.008,3.008,3.015,3.015,3.013,3.013,5
2026-03-03 04:25:00,3.0095,3.0105,3.0095,3.0105,3.0145,3.0155,3.0145,3.0155,2
2026-03-03 04:26:00,3.01,3.01,3.01,3.01,3.015,3.015,3.015,3.015,1
2026-03-03 04:28:00,3.0095,3.01,3.008,3.0085,3.0145,3.015,3.013,3.0135,5
2026-03-03 04:29:00,3.007,3.008,3.007,3.008,3.012,3.013,3.012,3.013,4
2026-03-03 04:30:00,3.0075,3.009,3.0075,3.009,3.0125,3.014,3.0125,3.014,7
2026-03-03 04:31:00,3.0095,3.0095,3.0095,3.0095,3.0145,3.0145,3.0145,3.0145,1
2026-03-03 04:32:00,3.0085,3.0095,3.0085,3.0095,3.0135,3.0145,3.0135,3.0145,5
2026-03-03 04:33:00,3.009,3.0105,3.009,3.0105,3.014,3.0155,3.014,3.0155,5
2026-03-03 04:34:00,3.011,3.0115,3.0105,3.0105,3.016,3.0165,3.0155,3.0155,4
2026-03-03 04:35:00,3.011,3.011,3.01,3.0105,3.016,3.016,3.015,3.0155,11
2026-03-03 04:38:00,3.012,3.017,3.012,3.017,3.017,3.022,3.017,3.022,10
2026-03-03 04:39:00,3.016,3.016,3.0155,3.016,3.021,3.021,3.0205,3.021,3
2026-03-03 04:40:00,3.017,3.019,3.015,3.019,3.022,3.024,3.02,3.024,21
2026-03-03 04:41:00,3.0185,3.0185,3.017,3.0185,3.0235,3.0235,3.022,3.0235,6
2026-03-03 04:42:00,3.019,3.019,3.0185,3.019,3.024,3.024,3.0235,3.024,3
2026-03-03 04:43:00,3.0185,3.019,3.0185,3.019,3.0235,3.024,3.0235,3.024,2
2026-03-03 04:44:00,3.0195,3.02,3.018,3.02,3.0245,3.025,3.023,3.025,8
2026-03-03 04:45:00,3.0195,3.0195,3.019,3.019,3.0245,3.0245,3.024,3.024,4
2026-03-03 04:46:00,3.0195,3.021,3.019,3.0205,3.0245,3.026,3.024,3.0255,9
2026-03-03 04:47:00,3.02,3.02,3.02,3.02,3.025,3.025,3.025,3.025,1
2026-03-03 04:48:00,3.0195,3.0195,3.018,3.019,3.0245,3.0245,3.023,3.024,8
2026-03-03 04:49:00,3.0195,3.02,3.0195,3.02,3.0245,3.025,3.0245,3.025,2
2026-03-03 04:50:00,3.0195,3.02,3.0185,3.0195,3.0245,3.025,3.0235,3.0245,7
2026-03-03 04:51:00,3.019,3.019,3.019,3.019,3.024,3.024,3.024,3.024,1
2026-03-03 04:52:00,3.0195,3.023,3.0195,3.023,3.0245,3.028,3.0245,3.028,8
2026-03-03 04:53:00,3.022,3.022,3.021,3.022,3.027,3.027,3.026,3.027,4
2026-03-03 04:54:00,3.023,3.0235,3.023,3.0235,3.028,3.0285,3.028,3.0285,2
2026-03-03 04:55:00,3.024,3.024,3.023,3.0235,3.029,3.029,3.028,3.0285,3
2026-03-03 04:56:00,3.024,3.0245,3.024,3.024,3.029,3.0295,3.029,3.029,7
2026-03-03 04:57:00,3.0245,3.0245,3.022,3.022,3.0295,3.0295,3.027,3.027,4
2026-03-03 05:00:00,3.0235,3.0255,3.0235,3.0255,3.0285,3.0305,3.0285,3.0305,6
2026-03-03 05:02:00,3.025,3.026,3.024,3.0255,3.03,3.031,3.029,3.0305,6
2026-03-03 05:03:00,3.025,3.025,3.024,3.0245,3.03,3.03,3.029,3.0295,4
2026-03-03 05:04:00,3.024,3.024,3.024,3.024,3.029,3.029,3.029,3.029,1
2026-03-03 05:05:00,3.0245,3.0245,3.023,3.023,3.0295,3.0295,3.028,3.028,3
2026-03-03 05:06:00,3.0225,3.0225,3.022,3.022,3.0275,3.0275,3.027,3.027,6
2026-03-03 05:07:00,3.0225,3.028,3.0225,3.028,3.0275,3.033,3.0275,3.033,10
2026-03-03 05:08:00,3.0265,3.0285,3.0265,3.0285,3.0315,3.0335,3.0315,3.0335,4
2026-03-03 05:09:00,3.028,3.028,3.026,3.027,3.033,3.033,3.031,3.032,8
2026-03-03 05:10:00,3.0275,3.031,3.0275,3.03,3.0325,3.036,3.0325,3.035,11
2026-03-03 05:11:00,3.0305,3.031,3.0285,3.0285,3.0355,3.036,3.0335,3.0335,7
2026-03-03 05:12:00,3.029,3.029,3.0275,3.028,3.034,3.034,3.0325,3.033,5
2026-03-03 05:13:00,3.0275,3.0275,3.0265,3.0265,3.0325,3.0325,3.0315,3.0315,3
2026-03-03 05:14:00,3.026,3.0275,3.0245,3.026,3.031,3.0325,3.0295,3.031,11
2026-03-03 05:15:00,3.0255,3.0255,3.025,3.025,3.0305,3.0305,3.03,3.03,2
2026-03-03 05:16:00,3.0245,3.0245,3.0225,3.0225,3.0295,3.0295,3.0275,3.0275,6
2026-03-03 05:17:00,3.022,3.0225,3.021,3.0225,3.027,3.0275,3.026,3.0275,5
2026-03-03 05:18:00,3.0235,3.0235,3.0225,3.0225,3.0285,3.0285,3.0275,3.0275,2
2026-03-03 05:19:00,3.023,3.024,3.023,3.0235,3.028,3.029,3.028,3.0285,5
2026-03-03 05:20:00,3.023,3.024,3.023,3.024,3.028,3.029,3.028,3.029,3
2026-03-03 05:21:00,3.0245,3.0245,3.0245,3.0245,3.0295,3.0295,3.0295,3.0295,1
2026-03-03 05:22:00,3.024,3.024,3.023,3.024,3.029,3.029,3.028,3.029,4
2026-03-03 05:23:00,3.0235,3.0235,3.0235,3.0235,3.0285,3.0285,3.0285,3.0285,1
2026-03-03 05:24:00,3.0245,3.0255,3.024,3.0255,3.0295,3.0305,3.029,3.0305,10
2026-03-03 05:25:00,3.025,3.025,3.0245,3.025,3.03,3.03,3.0295,3.03,3
2026-03-03 05:26:00,3.0245,3.0245,3.0245,3.0245,3.0295,3.0295,3.0295,3.0295,1
2026-03-03 05:27:00,3.026,3.027,3.026,3.0265,3.031,3.032,3.031,3.0315,3
2026-03-03 05:28:00,3.027,3.0285,3.027,3.0285,3.032,3.0335,3.032,3.0335,4
2026-03-03 05:29:00,3.0295,3.03,3.028,3.028,3.0345,3.035,3.033,3.033,10
2026-03-03 05:30:00,3.0285,3.0285,3.028,3.0285,3.0335,3.0335,3.033,3.0335,3
2026-03-03 05:31:00,3.029,3.029,3.029,3.029,3.034,3.034,3.034,3.034,1
2026-03-03 05:32:00,3.03,3.031,3.027,3.0285,3.035,3.036,3.032,3.0335,15
2026-03-03 05:33:00,3.0275,3.0275,3.0265,3.0265,3.0325,3.0325,3.0315,3.0315,5
2026-03-03 05:35:00,3.026,3.0265,3.026,3.0265,3.031,3.0315,3.031,3.0315,2
2026-03-03 05:37:00,3.027,3.0285,3.027,3.0285,3.032,3.0335,3.032,3.0335,3
2026-03-03 05:38:00,3.029,3.0295,3.029,3.0295,3.034,3.0345,3.034,3.0345,2
2026-03-03 05:40:00,3.029,3.0295,3.029,3.0295,3.034,3.0345,3.034,3.0345,2
2026-03-03 05:41:00,3.0305,3.0305,3.0305,3.0305,3.0355,3.0355,3.0355,3.0355,1
2026-03-03 05:42:00,3.031,3.031,3.0305,3.031,3.036,3.036,3.0355,3.036,3
2026-03-03 05:43:00,3.0315,3.032,3.0315,3.032,3.0365,3.037,3.0365,3.037,2
2026-03-03 05:44:00,3.0315,3.0345,3.0315,3.032,3.0365,3.0395,3.0365,3.037,11
2026-03-03 05:45:00,3.0325,3.0325,3.0325,3.0325,3.0375,3.0375,3.0375,3.0375,1
2026-03-03 05:46:00,3.033,3.036,3.032,3.036,3.038,3.041,3.037,3.041,12
2026-03-03 05:47:00,3.0355,3.0355,3.035,3.035,3.0405,3.0405,3.04,3.04,2
2026-03-03 05:48:00,3.0355,3.036,3.0355,3.036,3.0405,3.041,3.0405,3.041,4
2026-03-03 05:50:00,3.035,3.035,3.034,3.0345,3.04,3.04,3.039,3.0395,3
2026-03-03 05:51:00,3.035,3.036,3.035,3.035,3.04,3.041,3.04,3.04,5
2026-03-03 05:52:00,3.0355,3.0355,3.032,3.0345,3.0405,3.0405,3.037,3.0395,8
2026-03-03 05:53:00,3.034,3.035,3.034,3.0345,3.039,3.04,3.039,3.0395,3
2026-03-03 05:54:00,3.034,3.035,3.034,3.035,3.039,3.04,3.039,3.04,3
2026-03-03 05:56:00,3.036,3.036,3.035,3.035,3.041,3.041,3.04,3.04,2
2026-03-03 05:57:00,3.0355,3.036,3.035,3.036,3.0405,3.041,3.04,3.041,3
2026-03-03 05:58:00,3.037,3.039,3.037,3.0375,3.042,3.044,3.042,3.0425,5
2026-03-03 05:59:00,3.037,3.038,3.037,3.038,3.042,3.043,3.042,3.043,5
2026-03-03 06:00:00,3.0385,3.039,3.0385,3.039,3.0435,3.044,3.0435,3.044,4
2026-03-03 06:01:00,3.0395,3.041,3.0385,3.041,3.0445,3.046,3.0435,3.046,7
2026-03-03 06:02:00,3.04,3.043,3.04,3.043,3.045,3.048,3.045,3.048,6
2026-03-03 06:03:00,3.042,3.043,3.0405,3.0415,3.047,3.048,3.0455,3.0465,13
2026-03-03 06:04:00,3.041,3.0435,3.0385,3.043,3.046,3.0485,3.0435,3.048,11
2026-03-03 06:05:00,3.042,3.044,3.042,3.044,3.047,3.049,3.047,3.049,10
2026-03-03 06:06:00,3.043,3.0435,3.041,3.0415,3.048,3.0485,3.046,3.0465,12
2026-03-03 06:07:00,3.042,3.042,3.04,3.042,3.047,3.047,3.045,3.047,7
2026-03-03 06:09:00,3.043,3.043,3.0365,3.038,3.048,3.048,3.0415,3.043,9
2026-03-03 06:10:00,3.036,3.036,3.035,3.035,3.041,3.041,3.04,3.04,4
2026-03-03 06:11:00,3.0355,3.0365,3.0355,3.0355,3.0405,3.0415,3.0405,3.0405,6
2026-03-03 06:12:00,3.036,3.037,3.036,3.0365,3.041,3.042,3.041,3.0415,3
2026-03-03 06:13:00,3.0355,3.0355,3.0345,3.0355,3.0405,3.0405,3.0395,3.0405,6
2026-03-03 06:14:00,3.0365,3.0365,3.0345,3.0345,3.0415,3.0415,3.0395,3.0395,6
2026-03-03 06:15:00,3.035,3.035,3.034,3.0345,3.04,3.04,3.039,3.0395,3
2026-03-03 06:16:00,3.035,3.035,3.032,3.033,3.04,3.04,3.037,3.038,7
2026-03-03 06:17:00,3.0325,3.0335,3.0325,3.0335,3.0375,3.0385,3.0375,3.0385,2
2026-03-03 06:18:00,3.032,3.033,3.03,3.0315,3.037,3.038,3.035,3.0365,9
2026-03-03 06:19:00,3.031,3.0325,3.031,3.0325,3.036,3.0375,3.036,3.0375,3
2026-03-03 06:20:00,3.032,3.0325,3.032,3.0325,3.037,3.0375,3.037,3.0375,2
2026-03-03 06:22:00,3.0335,3.0355,3.0335,3.0355,3.0385,3.0405,3.0385,3.0405,5
2026-03-03 06:23:00,3.036,3.036,3.0345,3.035,3.041,3.041,3.0395,3.04,9
2026-03-03 06:24:00,3.0355,3.0365,3.0355,3.0365,3.0405,3.0415,3.0405,3.0415,5
2026-03-03 06:25:00,3.036,3.037,3.036,3.037,3.041,3.042,3.041,3.042,3
2026-03-03 06:26:00,3.0375,3.038,3.0375,3.038,3.0425,3.043,3.0425,3.043,2
2026-03-03 06:27:00,3.0385,3.0385,3.0385,3.0385,3.0435,3.0435,3.0435,3.0435,1
2026-03-03 06:28:00,3.038,3.0385,3.038,3.0385,3.043,3.0435,3.043,3.0435,2
2026-03-03 06:29:00,3.039,3.0425,3.039,3.042,3.044,3.0475,3.044,3.047,11
2026-03-03 06:30:00,3.041,3.0425,3.041,3.0425,3.046,3.0475,3.046,3.0475,6
2026-03-03 06:32:00,3.042,3.043,3.042,3.043,3.047,3.048,3.047,3.048,2
2026-03-03 06:33:00,3.044,3.044,3.0435,3.0435,3.049,3.049,3.0485,3.0485,2
2026-03-03 06:34:00,3.044,3.045,3.0435,3.0435,3.049,3.05,3.0485,3.0485,9
2026-03-03 06:35:00,3.043,3.047,3.042,3.047,3.048,3.052,3.047,3.052,8
2026-03-03 06:36:00,3.0455,3.0455,3.044,3.0445,3.0505,3.0505,3.049,3.0495,7
2026-03-03 06:37:00,3.0435,3.045,3.043,3.045,3.0485,3.05,3.048,3.05,7
2026-03-03 06:38:00,3.0465,3.0465,3.0445,3.0445,3.0515,3.0515,3.0495,3.0495,4
2026-03-03 06:39:00,3.0455,3.0455,3.045,3.045,3.0505,3.0505,3.05,3.05,2
2026-03-03 06:40:00,3.0455,3.046,3.044,3.045,3.0505,3.051,3.049,3.05,6
2026-03-03 06:41:00,3.0455,3.0455,3.045,3.0455,3.0505,3.0505,3.05,3.0505,5
2026-03-03 06:42:00,3.0465,3.0465,3.046,3.0465,3.0515,3.0515,3.051,3.0515,3
2026-03-03 06:43:00,3.046,3.047,3.046,3.0465,3.051,3.052,3.051,3.0515,6
2026-03-03 06:44:00,3.046,3.046,3.044,3.0445,3.051,3.051,3.049,3.0495,4
2026-03-03 06:45:00,3.045,3.046,3.045,3.046,3.05,3.051,3.05,3.051,3
2026-03-03 06:46:00,3.0465,3.047,3.046,3.046,3.0515,3.052,3.051,3.051,5
2026-03-03 06:47:00,3.045,3.0465,3.045,3.0465,3.05,3.0515,3.05,3.0515,4
2026-03-03 06:48:00,3.046,3.046,3.04,3.0405,3.051,3.051,3.045,3.0455,7
2026-03-03 06:49:00,3.041,3.044,3.041,3.043,3.046,3.049,3.046,3.048,12
2026-03-03 06:50:00,3.0425,3.0425,3.037,3.039,3.0475,3.0475,3.042,3.044,8
2026-03-03 06:51:00,3.038,3.04,3.036,3.036,3.043,3.045,3.041,3.041,7
2026-03-03 06:52:00,3.0365,3.0375,3.036,3.0375,3.0415,3.0425,3.041,3.0425,6
2026-03-03 06:53:00,3.037,3.037,3.035,3.035,3.042,3.042,3.04,3.04,4
2026-03-03 06:54:00,3.0355,3.036,3.033,3.0345,3.0405,3.041,3.038,3.0395,17
2026-03-03 06:55:00,3.034,3.034,3.029,3.033,3.039,3.039,3.034,3.038,27
2026-03-03 06:56:00,3.0335,3.0345,3.033,3.033,3.0385,3.0395,3.038,3.038,9
2026-03-03 06:57:00,3.0335,3.04,3.033,3.04,3.0385,3.045,3.038,3.045,11
2026-03-03 06:58:00,3.0395,3.044,3.0395,3.043,3.0445,3.049,3.0445,3.048,14
2026-03-03 06:59:00,3.042,3.0445,3.04,3.0445,3.047,3.0495,3.045,3.0495,8
2026-03-03 07:00:00,3.045,3.045,3.041,3.041,3.05,3.05,3.046,3.046,17
2026-03-03 07:01:00,3.0415,3.0435,3.041,3.042,3.0465,3.0485,3.046,3.047,19
2026-03-03 07:02:00,3.0415,3.043,3.038,3.043,3.0465,3.048,3.043,3.048,15
2026-03-03 07:03:00,3.0425,3.0445,3.0385,3.0385,3.0475,3.0495,3.0435,3.0435,15
2026-03-03 07:04:00,3.039,3.0395,3.0335,3.0335,3.044,3.0445,3.0385,3.0385,23
2026-03-03 07:05:00,3.034,3.036,3.034,3.035,3.039,3.041,3.039,3.04,14
2026-03-03 07:06:00,3.0345,3.0425,3.0335,3.0375,3.0395,3.0475,3.0385,3.0425,38
2026-03-03 07:07:00,3.038,3.04,3.038,3.039,3.043,3.045,3.043,3.044,9
2026-03-03 07:08:00,3.0395,3.0405,3.039,3.0395,3.0445,3.0455,3.044,3.0445,9
2026-03-03 07:09:00,3.04,3.04,3.0355,3.037,3.045,3.045,3.0405,3.042,16
2026-03-03 07:10:00,3.0385,3.0425,3.0375,3.0425,3.0435,3.0475,3.0425,3.0475,18
2026-03-03 07:11:00,3.0435,3.047,3.0405,3.041,3.0485,3.052,3.0455,3.046,20
2026-03-03 07:12:00,3.0405,3.043,3.04,3.043,3.0455,3.048,3.045,3.048,10
2026-03-03 07:13:00,3.0425,3.0425,3.039,3.0415,3.0475,3.0475,3.044,3.0465,17
2026-03-03 07:14:00,3.0405,3.0415,3.04,3.04,3.0455,3.0465,3.045,3.045,6
2026-03-03 07:15:00,3.0395,3.043,3.039,3.0415,3.0445,3.048,3.044,3.0465,12
2026-03-03 07:16:00,3.0405,3.0405,3.0395,3.0395,3.0455,3.0455,3.0445,3.0445,9
2026-03-03 07:17:00,3.0385,3.0385,3.038,3.038,3.0435,3.0435,3.043,3.043,4
2026-03-03 07:18:00,3.0385,3.041,3.0385,3.0395,3.0435,3.046,3.0435,3.0445,10
2026-03-03 07:19:00,3.04,3.0455,3.04,3.045,3.045,3.0505,3.045,3.05,17
2026-03-03 07:20:00,3.0455,3.047,3.044,3.044,3.0505,3.052,3.049,3.049,7
2026-03-03 07:21:00,3.0445,3.0465,3.0405,3.0465,3.0495,3.0515,3.0455,3.0515,12
2026-03-03 07:22:00,3.046,3.046,3.044,3.0455,3.051,3.051,3.049,3.0505,12
2026-03-03 07:23:00,3.0465,3.06,3.046,3.06,3.0515,3.065,3.051,3.065,42
2026-03-03 07:24:00,3.0605,3.063,3.058,3.061,3.0655,3.068,3.063,3.066,21
2026-03-03 07:25:00,3.0615,3.062,3.058,3.0605,3.0665,3.067,3.063,3.0655,13
2026-03-03 07:26:00,3.0595,3.061,3.0585,3.059,3.0645,3.066,3.0635,3.064,10
2026-03-03 07:27:00,3.06,3.062,3.058,3.06,3.065,3.067,3.063,3.065,19
2026-03-03 07:28:00,3.061,3.0615,3.0585,3.059,3.066,3.0665,3.0635,3.064,11
2026-03-03 07:29:00,3.06,3.0615,3.059,3.0605,3.065,3.0665,3.064,3.0655,24
2026-03-03 07:30:00,3.061,3.062,3.0585,3.0615,3.066,3.067,3.0635,3.0665,19
2026-03-03 07:31:00,3.061,3.066,3.061,3.063,3.066,3.071,3.066,3.068,28
2026-03-03 07:32:00,3.0625,3.063,3.0615,3.063,3.0675,3.068,3.0665,3.068,13
2026-03-03 07:33:00,3.062,3.0625,3.0615,3.062,3.067,3.0675,3.0665,3.067,7
2026-03-03 07:34:00,3.063,3.064,3.0625,3.0625,3.068,3.069,3.0675,3.0675,11
2026-03-03 07:35:00,3.0615,3.0615,3.056,3.056,3.0665,3.0665,3.061,3.061,12
2026-03-03 07:36:00,3.057,3.0575,3.0545,3.055,3.062,3.0625,3.0595,3.06,13
2026-03-03 07:37:00,3.054,3.0545,3.051,3.0545,3.059,3.0595,3.056,3.0595,22
2026-03-03 07:38:00,3.0555,3.061,3.0555,3.06,3.0605,3.066,3.0605,3.065,14
2026-03-03 07:39:00,3.0605,3.061,3.058,3.06,3.0655,3.066,3.063,3.065,11
2026-03-03 07:40:00,3.0605,3.062,3.0605,3.061,3.0655,3.067,3.0655,3.066,9
2026-03-03 07:41:00,3.0615,3.0625,3.0605,3.062,3.0665,3.0675,3.0655,3.067,12
2026-03-03 07:42:00,3.0625,3.063,3.061,3.061,3.0675,3.068,3.066,3.066,20
2026-03-03 07:43:00,3.06,3.0615,3.0595,3.06,3.065,3.0665,3.0645,3.065,7
2026-03-03 07:44:00,3.0595,3.0595,3.0565,3.0565,3.0645,3.0645,3.0615,3.0615,13
2026-03-03 07:45:00,3.056,3.057,3.0545,3.056,3.061,3.062,3.0595,3.061,25
2026-03-03 07:46:00,3.055,3.057,3.054,3.057,3.06,3.062,3.059,3.062,23
2026-03-03 07:47:00,3.0575,3.061,3.0565,3.061,3.0625,3.066,3.0615,3.066,23
2026-03-03 07:48:00,3.0615,3.062,3.048,3.0495,3.0665,3.067,3.053,3.0545,32
2026-03-03 07:49:00,3.05,3.051,3.0465,3.051,3.055,3.056,3.0515,3.056,10
2026-03-03 07:50:00,3.0505,3.0585,3.0505,3.057,3.0555,3.0635,3.0555,3.062,11
2026-03-03 07:51:00,3.0565,3.0565,3.052,3.052,3.0615,3.0615,3.057,3.057,11
2026-03-03 07:52:00,3.0505,3.0505,3.049,3.0505,3.0555,3.0555,3.054,3.0555,6
2026-03-03 07:53:00,3.0495,3.0495,3.0495,3.0495,3.0545,3.0545,3.0545,3.0545,1
2026-03-03 07:54:00,3.0485,3.0505,3.0485,3.0505,3.0535,3.0555,3.0535,3.0555,4
2026-03-03 07:55:00,3.05,3.053,3.0495,3.05,3.055,3.058,3.0545,3.055,20
2026-03-03 07:56:00,3.0505,3.0535,3.05,3.0535,3.0555,3.0585,3.055,3.0585,10
2026-03-03 07:58:00,3.0525,3.0525,3.0515,3.0525,3.0575,3.0575,3.0565,3.0575,4
2026-03-03 07:59:00,3.0515,3.0555,3.0515,3.0545,3.0565,3.0605,3.0565,3.0595,11
2026-03-03 08:00:00,3.054,3.0605,3.054,3.0595,3.059,3.0655,3.059,3.0645,18
2026-03-03 08:01:00,3.059,3.0655,3.059,3.0655,3.064,3.0705,3.064,3.0705,43
2026-03-03 08:02:00,3.067,3.0685,3.064,3.065,3.072,3.0735,3.069,3.07,26
2026-03-03 08:03:00,3.0655,3.072,3.0645,3.0715,3.0705,3.077,3.0695,3.0765,15
2026-03-03 08:04:00,3.072,3.083,3.072,3.0785,3.077,3.088,3.077,3.0835,50
2026-03-03 08:05:00,3.077,3.082,3.077,3.0815,3.082,3.087,3.082,3.0865,34
2026-03-03 08:06:00,3.082,3.0845,3.0795,3.0845,3.087,3.0895,3.0845,3.0895,31
2026-03-03 08:07:00,3.0855,3.088,3.0835,3.0855,3.0905,3.093,3.0885,3.0905,24
2026-03-03 08:08:00,3.085,3.086,3.082,3.085,3.09,3.091,3.087,3.09,22
2026-03-03 08:09:00,3.0845,3.09,3.0815,3.0895,3.0895,3.095,3.0865,3.0945,34
2026-03-03 08:10:00,3.09,3.0905,3.0875,3.089,3.095,3.0955,3.0925,3.094,25
2026-03-03 08:11:00,3.0895,3.095,3.088,3.094,3.0945,3.1,3.093,3.099,45
2026-03-03 08:12:00,3.0935,3.095,3.0895,3.092,3.0985,3.1,3.0945,3.097,24
2026-03-03 08:13:00,3.0925,3.093,3.09,3.0915,3.0975,3.098,3.095,3.0965,10
2026-03-03 08:14:00,3.092,3.092,3.085,3.085,3.097,3.097,3.09,3.09,23
2026-03-03 08:15:00,3.0845,3.086,3.084,3.0855,3.0895,3.091,3.089,3.0905,10
2026-03-03 08:16:00,3.086,3.086,3.083,3.083,3.091,3.091,3.088,3.088,14
2026-03-03 08:17:00,3.0835,3.0855,3.077,3.079,3.0885,3.0905,3.082,3.084,30
2026-03-03 08:18:00,3.0795,3.085,3.0795,3.085,3.0845,3.09,3.0845,3.09,19
2026-03-03 08:19:00,3.0855,3.087,3.085,3.086,3.0905,3.092,3.09,3.091,16
2026-03-03 08:20:00,3.0865,3.087,3.083,3.085,3.0915,3.092,3.088,3.09,18
2026-03-03 08:21:00,3.0845,3.089,3.084,3.089,3.0895,3.094,3.089,3.094,13
2026-03-03 08:22:00,3.09,3.0905,3.088,3.0905,3.095,3.0955,3.093,3.0955,21
2026-03-03 08:23:00,3.091,3.092,3.0895,3.0905,3.096,3.097,3.0945,3.0955,14
2026-03-03 08:24:00,3.0895,3.0915,3.0895,3.0905,3.0945,3.0965,3.0945,3.0955,14
2026-03-03 08:25:00,3.09,3.0915,3.0885,3.091,3.095,3.0965,3.0935,3.096,13
2026-03-03 08:26:00,3.09,3.091,3.09,3.091,3.095,3.096,3.095,3.096,2
2026-03-03 08:27:00,3.09,3.092,3.087,3.0915,3.095,3.097,3.092,3.0965,22
2026-03-03 08:28:00,3.091,3.095,3.091,3.091,3.096,3.1,3.096,3.096,31
2026-03-03 08:29:00,3.0905,3.091,3.0895,3.091,3.0955,3.096,3.0945,3.096,14
2026-03-03 08:30:00,3.092,3.093,3.088,3.0885,3.097,3.098,3.093,3.0935,26
2026-03-03 08:31:00,3.093,3.103,3.093,3.094,3.098,3.108,3.098,3.099,38
2026-03-03 08:32:00,3.095,3.095,3.092,3.094,3.1,3.1,3.097,3.099,20
2026-03-03 08:33:00,3.0935,3.0975,3.091,3.0935,3.0985,3.1025,3.096,3.0985,30
2026-03-03 08:34:00,3.093,3.093,3.092,3.092,3.098,3.098,3.097,3.097,8
2026-03-03 08:35:00,3.0915,3.0915,3.08,3.085,3.0965,3.0965,3.085,3.09,54
2026-03-03 08:36:00,3.0855,3.089,3.0845,3.088,3.0905,3.094,3.0895,3.093,15
2026-03-03 08:37:00,3.087,3.093,3.087,3.0905,3.092,3.098,3.092,3.0955,18
2026-03-03 08:38:00,3.0915,3.092,3.0885,3.0915,3.0965,3.097,3.0935,3.0965,11
2026-03-03 08:39:00,3.092,3.099,3.092,3.0975,3.097,3.104,3.097,3.1025,35
2026-03-03 08:40:00,3.098,3.102,3.0975,3.101,3.103,3.107,3.1025,3.106,15
2026-03-03 08:41:00,3.1005,3.1005,3.098,3.099,3.1055,3.1055,3.103,3.104,15
2026-03-03 08:42:00,3.0995,3.0995,3.096,3.0965,3.1045,3.1045,3.101,3.1015,14
2026-03-03 08:43:00,3.097,3.099,3.097,3.099,3.102,3.104,3.102,3.104,3
2026-03-03 08:44:00,3.0975,3.1,3.095,3.0975,3.1025,3.105,3.1,3.1025,22
2026-03-03 08:45:00,3.098,3.1,3.093,3.096,3.103,3.105,3.098,3.101,24
2026-03-03 08:46:00,3.0965,3.0985,3.096,3.0985,3.1015,3.1035,3.101,3.1035,15
2026-03-03 08:47:00,3.0995,3.0995,3.098,3.098,3.1045,3.1045,3.103,3.103,4
2026-03-03 08:48:00,3.0975,3.0975,3.097,3.097,3.1025,3.1025,3.102,3.102,4
2026-03-03 08:49:00,3.0975,3.103,3.0975,3.1005,3.1025,3.108,3.1025,3.1055,13
2026-03-03 08:50:00,3.101,3.101,3.093,3.097,3.106,3.106,3.098,3.102,23
2026-03-03 08:51:00,3.096,3.096,3.093,3.0935,3.101,3.101,3.098,3.0985,25
2026-03-03 08:52:00,3.094,3.104,3.0935,3.1035,3.099,3.109,3.0985,3.1085,35
2026-03-03 08:53:00,3.1025,3.106,3.101,3.1035,3.1075,3.111,3.106,3.1085,37
2026-03-03 08:54:00,3.105,3.1095,3.104,3.107,3.11,3.1145,3.109,3.112,22
2026-03-03 08:55:00,3.1065,3.11,3.1055,3.1065,3.1115,3.115,3.1105,3.1115,19
2026-03-03 08:56:00,3.106,3.11,3.106,3.11,3.111,3.115,3.111,3.115,17
2026-03-03 08:57:00,3.111,3.1125,3.106,3.106,3.116,3.1175,3.111,3.111,29
2026-03-03 08:58:00,3.1055,3.1055,3.102,3.102,3.1105,3.1105,3.107,3.107,17
2026-03-03 08:59:00,3.1025,3.106,3.1025,3.106,3.1075,3.111,3.1075,3.111,19
2026-03-03 09:00:00,3.105,3.1135,3.1045,3.1135,3.11,3.1185,3.1095,3.1185,33
2026-03-03 09:01:00,3.1145,3.121,3.113,3.12,3.1195,3.126,3.118,3.125,33
2026-03-03 09:02:00,3.121,3.125,3.118,3.124,3.126,3.13,3.123,3.129,40
2026-03-03 09:03:00,3.1245,3.127,3.122,3.127,3.1295,3.132,3.127,3.132,32
2026-03-03 09:04:00,3.128,3.132,3.126,3.126,3.133,3.137,3.131,3.131,29
2026-03-03 09:05:00,3.1265,3.133,3.126,3.1305,3.1315,3.138,3.131,3.1355,32
2026-03-03 09:06:00,3.1315,3.1315,3.126,3.126,3.1365,3.1365,3.131,3.131,11
2026-03-03 09:07:00,3.127,3.1295,3.124,3.1255,3.132,3.1345,3.129,3.1305,27
2026-03-03 09:08:00,3.125,3.1265,3.114,3.115,3.13,3.1315,3.119,3.12,44
2026-03-03 09:09:00,3.1145,3.116,3.1135,3.1145,3.1195,3.121,3.1185,3.1195,25
2026-03-03 09:10:00,3.114,3.116,3.113,3.1155,3.119,3.121,3.118,3.1205,23
2026-03-03 09:11:00,3.116,3.121,3.114,3.1195,3.121,3.126,3.119,3.1245,26
2026-03-03 09:12:00,3.12,3.121,3.115,3.117,3.125,3.126,3.12,3.122,24
2026-03-03 09:13:00,3.118,3.119,3.115,3.115,3.123,3.124,3.12,3.12,18
2026-03-03 09:14:00,3.1155,3.119,3.114,3.118,3.1205,3.124,3.119,3.123,17
2026-03-03 09:15:00,3.117,3.117,3.1165,3.1165,3.122,3.122,3.1215,3.1215,4
2026-03-03 09:16:00,3.117,3.121,3.115,3.121,3.122,3.126,3.12,3.126,22
2026-03-03 09:17:00,3.122,3.125,3.1205,3.1225,3.127,3.13,3.1255,3.1275,24
2026-03-03 09:18:00,3.121,3.124,3.121,3.122,3.126,3.129,3.126,3.127,15
2026-03-03 09:19:00,3.121,3.129,3.1205,3.1255,3.126,3.134,3.1255,3.1305,20
2026-03-03 09:20:00,3.126,3.1285,3.124,3.1255,3.131,3.1335,3.129,3.1305,23
2026-03-03 09:21:00,3.125,3.125,3.1205,3.1235,3.13,3.13,3.1255,3.1285,24
2026-03-03 09:22:00,3.124,3.1265,3.123,3.123,3.129,3.1315,3.128,3.128,16
2026-03-03 09:23:00,3.124,3.1275,3.123,3.124,3.129,3.1325,3.128,3.129,16
2026-03-03 09:24:00,3.1235,3.124,3.116,3.117,3.1285,3.129,3.121,3.122,20
2026-03-03 09:25:00,3.1165,3.1165,3.109,3.11,3.1215,3.1215,3.114,3.115,35
2026-03-03 09:26:00,3.1105,3.1145,3.1105,3.1145,3.1155,3.1195,3.1155,3.1195,22
2026-03-03 09:27:00,3.115,3.1215,3.115,3.1215,3.12,3.1265,3.12,3.1265,18
2026-03-03 09:28:00,3.121,3.124,3.1205,3.1225,3.126,3.129,3.1255,3.1275,18
2026-03-03 09:29:00,3.122,3.1235,3.1185,3.119,3.127,3.1285,3.1235,3.124,24
2026-03-03 09:30:00,3.12,3.131,3.12,3.1285,3.125,3.136,3.125,3.1335,32
2026-03-03 09:31:00,3.129,3.129,3.12,3.12,3.134,3.134,3.125,3.125,32
2026-03-03 09:32:00,3.1205,3.1205,3.113,3.1135,3.1255,3.1255,3.118,3.1185,16
2026-03-03 09:33:00,3.1125,3.1125,3.1025,3.104,3.1175,3.1175,3.1075,3.109,46
2026-03-03 09:34:00,3.105,3.107,3.104,3.1045,3.11,3.112,3.109,3.1095,21
2026-03-03 09:35:00,3.105,3.1065,3.1015,3.1035,3.11,3.1115,3.1065,3.1085,27
2026-03-03 09:36:00,3.103,3.106,3.101,3.1015,3.108,3.111,3.106,3.1065,31
2026-03-03 09:37:00,3.102,3.109,3.102,3.109,3.107,3.114,3.107,3.114,22
2026-03-03 09:38:00,3.1095,3.113,3.106,3.112,3.1145,3.118,3.111,3.117,30
2026-03-03 09:39:00,3.1115,3.116,3.109,3.1115,3.1165,3.121,3.114,3.1165,23
2026-03-03 09:40:00,3.111,3.1135,3.109,3.113,3.116,3.1185,3.114,3.118,21
2026-03-03 09:41:00,3.1135,3.1145,3.112,3.1135,3.1185,3.1195,3.117,3.1185,13
2026-03-03 09:42:00,3.114,3.116,3.113,3.115,3.119,3.121,3.118,3.12,14
2026-03-03 09:43:00,3.114,3.116,3.114,3.115,3.119,3.121,3.119,3.12,6
2026-03-03 09:44:00,3.1145,3.116,3.1145,3.116,3.1195,3.121,3.1195,3.121,5
2026-03-03 09:45:00,3.117,3.118,3.116,3.118,3.122,3.123,3.121,3.123,22
2026-03-03 09:46:00,3.119,3.123,3.115,3.123,3.124,3.128,3.12,3.128,25
2026-03-03 09:47:00,3.122,3.1255,3.119,3.1195,3.127,3.1305,3.124,3.1245,26
2026-03-03 09:48:00,3.119,3.121,3.118,3.121,3.124,3.126,3.123,3.126,8
2026-03-03 09:49:00,3.1215,3.1255,3.1215,3.1255,3.1265,3.1305,3.1265,3.1305,18
2026-03-03 09:50:00,3.125,3.129,3.124,3.129,3.13,3.134,3.129,3.134,27
2026-03-03 09:51:00,3.1285,3.1325,3.124,3.129,3.1335,3.1375,3.129,3.134,33
2026-03-03 09:52:00,3.1295,3.133,3.128,3.1325,3.1345,3.138,3.133,3.1375,29
2026-03-03 09:53:00,3.134,3.1345,3.1245,3.1245,3.139,3.1395,3.1295,3.1295,28
2026-03-03 09:54:00,3.124,3.128,3.1215,3.124,3.129,3.133,3.1265,3.129,14
2026-03-03 09:55:00,3.123,3.1245,3.122,3.122,3.128,3.1295,3.127,3.127,14
2026-03-03 09:56:00,3.121,3.128,3.121,3.126,3.126,3.133,3.126,3.131,19
2026-03-03 09:57:00,3.125,3.125,3.123,3.123,3.13,3.13,3.128,3.128,8
2026-03-03 09:58:00,3.1225,3.1235,3.122,3.123,3.1275,3.1285,3.127,3.128,10
2026-03-03 09:59:00,3.124,3.125,3.123,3.125,3.129,3.13,3.128,3.13,4
2026-03-03 10:00:00,3.123,3.124,3.12,3.123,3.128,3.129,3.125,3.128,21
2026-03-03 10:01:00,3.1235,3.126,3.1235,3.125,3.1285,3.131,3.1285,3.13,12
2026-03-03 10:02:00,3.1255,3.128,3.1235,3.124,3.1305,3.133,3.1285,3.129,22
2026-03-03 10:03:00,3.1235,3.124,3.116,3.121,3.1285,3.129,3.121,3.126,29
2026-03-03 10:04:00,3.122,3.125,3.1215,3.1245,3.127,3.13,3.1265,3.1295,18
2026-03-03 10:05:00,3.125,3.1255,3.117,3.1175,3.13,3.1305,3.122,3.1225,19
2026-03-03 10:06:00,3.117,3.125,3.117,3.124,3.122,3.13,3.122,3.129,31
2026-03-03 10:07:00,3.1245,3.1355,3.1245,3.129,3.1295,3.1405,3.1295,3.134,36
2026-03-03 10:08:00,3.1295,3.136,3.1295,3.136,3.1345,3.141,3.1345,3.141,19
2026-03-03 10:09:00,3.1355,3.139,3.1355,3.1375,3.1405,3.144,3.1405,3.1425,22
2026-03-03 10:10:00,3.137,3.138,3.1325,3.136,3.142,3.143,3.1375,3.141,38
2026-03-03 10:11:00,3.1365,3.137,3.1345,3.1345,3.1415,3.142,3.1395,3.1395,14
2026-03-03 10:12:00,3.1355,3.136,3.132,3.1345,3.1405,3.141,3.137,3.1395,18
2026-03-03 10:13:00,3.135,3.139,3.135,3.1385,3.14,3.144,3.14,3.1435,17
2026-03-03 10:14:00,3.139,3.147,3.139,3.1425,3.144,3.152,3.144,3.1475,41
2026-03-03 10:15:00,3.142,3.146,3.142,3.144,3.147,3.151,3.147,3.149,21
2026-03-03 10:16:00,3.145,3.1465,3.143,3.145,3.15,3.1515,3.148,3.15,23
2026-03-03 10:17:00,3.146,3.15,3.146,3.149,3.151,3.155,3.151,3.154,17
2026-03-03 10:18:00,3.148,3.151,3.148,3.15,3.153,3.156,3.153,3.155,20
2026-03-03 10:19:00,3.1505,3.1505,3.149,3.1495,3.1555,3.1555,3.154,3.1545,12
2026-03-03 10:20:00,3.1505,3.1505,3.141,3.1435,3.1555,3.1555,3.146,3.1485,36
2026-03-03 10:21:00,3.144,3.1465,3.138,3.1425,3.149,3.1515,3.143,3.1475,16
2026-03-03 10:22:00,3.143,3.146,3.142,3.145,3.148,3.151,3.147,3.15,7
2026-03-03 10:23:00,3.146,3.146,3.145,3.146,3.151,3.151,3.15,3.151,5
2026-03-03 10:24:00,3.145,3.147,3.144,3.146,3.15,3.152,3.149,3.151,15
2026-03-03 10:25:00,3.1455,3.148,3.1455,3.1475,3.1505,3.153,3.1505,3.1525,12
2026-03-03 10:26:00,3.147,3.147,3.145,3.146,3.152,3.152,3.15,3.151,4
2026-03-03 10:27:00,3.147,3.147,3.142,3.144,3.152,3.152,3.147,3.149,18
2026-03-03 10:28:00,3.1435,3.1445,3.1425,3.144,3.1485,3.1495,3.1475,3.149,6
2026-03-03 10:29:00,3.1435,3.144,3.143,3.1435,3.1485,3.149,3.148,3.1485,9
2026-03-03 10:30:00,3.143,3.1445,3.142,3.144,3.148,3.1495,3.147,3.149,22
2026-03-03 10:31:00,3.1445,3.145,3.143,3.1445,3.1495,3.15,3.148,3.1495,8
2026-03-03 10:32:00,3.144,3.151,3.144,3.151,3.149,3.156,3.149,3.156,28
2026-03-03 10:33:00,3.1505,3.159,3.1505,3.159,3.1555,3.164,3.1555,3.164,37
2026-03-03 10:34:00,3.1585,3.1615,3.157,3.161,3.1635,3.1665,3.162,3.166,35
2026-03-03 10:35:00,3.1605,3.162,3.1585,3.161,3.1655,3.167,3.1635,3.166,30
2026-03-03 10:36:00,3.16,3.163,3.158,3.163,3.165,3.168,3.163,3.168,19
2026-03-03 10:37:00,3.1625,3.1755,3.162,3.173,3.1675,3.1805,3.167,3.178,64
2026-03-03 10:38:00,3.1725,3.183,3.172,3.182,3.1775,3.188,3.177,3.187,49
2026-03-03 10:39:00,3.1815,3.1865,3.171,3.172,3.1865,3.1915,3.176,3.177,70
2026-03-03 10:40:00,3.1725,3.175,3.171,3.174,3.1775,3.18,3.176,3.179,34
2026-03-03 10:41:00,3.1745,3.176,3.168,3.169,3.1795,3.181,3.173,3.174,27
2026-03-03 10:42:00,3.168,3.168,3.157,3.159,3.173,3.173,3.162,3.164,73
2026-03-03 10:43:00,3.1595,3.1665,3.1565,3.1585,3.1645,3.1715,3.1615,3.1635,45
2026-03-03 10:44:00,3.1595,3.1645,3.155,3.161,3.1645,3.1695,3.16,3.166,37
2026-03-03 10:45:00,3.1605,3.1625,3.157,3.161,3.1655,3.1675,3.162,3.166,42
2026-03-03 10:46:00,3.1605,3.161,3.1465,3.1535,3.1655,3.166,3.1515,3.1585,63
2026-03-03 10:47:00,3.153,3.162,3.153,3.1565,3.158,3.167,3.158,3.1615,33
2026-03-03 10:48:00,3.157,3.161,3.157,3.158,3.162,3.166,3.162,3.163,22
2026-03-03 10:49:00,3.157,3.1625,3.155,3.162,3.162,3.1675,3.16,3.167,22
2026-03-03 10:50:00,3.161,3.167,3.16,3.161,3.166,3.172,3.165,3.166,35
2026-03-03 10:51:00,3.162,3.167,3.162,3.166,3.167,3.172,3.167,3.171,11
2026-03-03 10:52:00,3.167,3.172,3.1665,3.172,3.172,3.177,3.1715,3.177,16
2026-03-03 10:53:00,3.1725,3.173,3.168,3.172,3.1775,3.178,3.173,3.177,29
2026-03-03 10:54:00,3.1725,3.177,3.171,3.176,3.1775,3.182,3.176,3.181,38
2026-03-03 10:55:00,3.1765,3.178,3.174,3.176,3.1815,3.183,3.179,3.181,26
2026-03-03 10:56:00,3.1775,3.1805,3.174,3.174,3.1825,3.1855,3.179,3.179,20
2026-03-03 10:57:00,3.1735,3.1755,3.165,3.166,3.1785,3.1805,3.17,3.171,27
2026-03-03 10:58:00,3.1665,3.167,3.164,3.165,3.1715,3.172,3.169,3.17,15
2026-03-03 10:59:00,3.166,3.1705,3.163,3.1705,3.171,3.1755,3.168,3.1755,30
2026-03-03 11:00:00,3.171,3.171,3.164,3.1655,3.176,3.176,3.169,3.1705,25
2026-03-03 11:01:00,3.166,3.167,3.163,3.164,3.171,3.172,3.168,3.169,15
2026-03-03 11:02:00,3.1645,3.166,3.158,3.16,3.1695,3.171,3.163,3.165,25
2026-03-03 11:03:00,3.159,3.16,3.1585,3.16,3.164,3.165,3.1635,3.165,10
2026-03-03 11:04:00,3.1595,3.163,3.158,3.162,3.1645,3.168,3.163,3.167,12
2026-03-03 11:05:00,3.1615,3.163,3.1585,3.1585,3.1665,3.168,3.1635,3.1635,27
2026-03-03 11:06:00,3.158,3.1595,3.158,3.159,3.163,3.1645,3.163,3.164,10
2026-03-03 11:07:00,3.158,3.1615,3.158,3.16,3.163,3.1665,3.163,3.165,17
2026-03-03 11:08:00,3.159,3.159,3.148,3.149,3.164,3.164,3.153,3.154,29
2026-03-03 11:09:00,3.15,3.152,3.1495,3.1515,3.155,3.157,3.1545,3.1565,18
2026-03-03 11:10:00,3.152,3.154,3.147,3.148,3.157,3.159,3.152,3.153,29
2026-03-03 11:11:00,3.149,3.149,3.1375,3.145,3.154,3.154,3.1425,3.15,48
2026-03-03 11:12:00,3.1455,3.158,3.145,3.1565,3.1505,3.163,3.15,3.1615,30
2026-03-03 11:13:00,3.156,3.1585,3.152,3.153,3.161,3.1635,3.157,3.158,22
2026-03-03 11:14:00,3.1525,3.155,3.1505,3.1505,3.1575,3.16,3.1555,3.1555,23
2026-03-03 11:15:00,3.15,3.151,3.1485,3.1495,3.155,3.156,3.1535,3.1545,18
2026-03-03 11:16:00,3.149,3.149,3.146,3.149,3.154,3.154,3.151,3.154,12
2026-03-03 11:17:00,3.148,3.149,3.145,3.1465,3.153,3.154,3.15,3.1515,19
2026-03-03 11:18:00,3.147,3.152,3.1465,3.1515,3.152,3.157,3.1515,3.1565,12
2026-03-03 11:19:00,3.151,3.153,3.1455,3.15,3.156,3.158,3.1505,3.155,23
2026-03-03 11:20:00,3.149,3.151,3.147,3.148,3.154,3.156,3.152,3.153,17
2026-03-03 11:21:00,3.1485,3.152,3.1485,3.152,3.1535,3.157,3.1535,3.157,9
2026-03-03 11:22:00,3.151,3.152,3.15,3.15,3.156,3.157,3.155,3.155,8
2026-03-03 11:23:00,3.151,3.152,3.146,3.1475,3.156,3.157,3.151,3.1525,16
2026-03-03 11:24:00,3.1465,3.147,3.1435,3.147,3.1515,3.152,3.1485,3.152,13
2026-03-03 11:25:00,3.1465,3.154,3.146,3.154,3.1515,3.159,3.151,3.159,21
2026-03-03 11:26:00,3.1535,3.1535,3.1515,3.1525,3.1585,3.1585,3.1565,3.1575,6
2026-03-03 11:27:00,3.1535,3.1535,3.1525,3.1535,3.1585,3.1585,3.1575,3.1585,6
2026-03-03 11:28:00,3.154,3.164,3.1535,3.163,3.159,3.169,3.1585,3.168,21
2026-03-03 11:29:00,3.162,3.162,3.157,3.162,3.167,3.167,3.162,3.167,14
2026-03-03 11:30:00,3.1615,3.1615,3.156,3.156,3.1665,3.1665,3.161,3.161,24
2026-03-03 11:31:00,3.1565,3.1565,3.1515,3.156,3.1615,3.1615,3.1565,3.161,41
2026-03-03 11:32:00,3.1555,3.156,3.1515,3.152,3.1605,3.161,3.1565,3.157,17
2026-03-03 11:33:00,3.151,3.153,3.148,3.153,3.156,3.158,3.153,3.158,21
2026-03-03 11:34:00,3.1535,3.162,3.153,3.1605,3.1585,3.167,3.158,3.1655,29
2026-03-03 11:35:00,3.16,3.163,3.1595,3.1625,3.165,3.168,3.1645,3.1675,18
2026-03-03 11:36:00,3.163,3.171,3.163,3.169,3.168,3.176,3.168,3.174,41
2026-03-03 11:37:00,3.1685,3.171,3.167,3.1675,3.1735,3.176,3.172,3.1725,29
2026-03-03 11:38:00,3.167,3.17,3.166,3.1695,3.172,3.175,3.171,3.1745,25
2026-03-03 11:39:00,3.169,3.17,3.165,3.1655,3.174,3.175,3.17,3.1705,23
2026-03-03 11:40:00,3.165,3.17,3.165,3.17,3.17,3.175,3.17,3.175,21
2026-03-03 11:41:00,3.1695,3.17,3.165,3.167,3.1745,3.175,3.17,3.172,24
2026-03-03 11:42:00,3.1675,3.1675,3.166,3.166,3.1725,3.1725,3.171,3.171,12
2026-03-03 11:43:00,3.165,3.1685,3.1635,3.164,3.17,3.1735,3.1685,3.169,23
2026-03-03 11:44:00,3.1645,3.165,3.159,3.159,3.1695,3.17,3.164,3.164,29
2026-03-03 11:45:00,3.16,3.1615,3.1555,3.156,3.165,3.1665,3.1605,3.161,35
2026-03-03 11:46:00,3.1555,3.159,3.155,3.1555,3.1605,3.164,3.16,3.1605,22
2026-03-03 11:47:00,3.156,3.1595,3.155,3.157,3.161,3.1645,3.16,3.162,17
2026-03-03 11:48:00,3.1575,3.161,3.1575,3.1595,3.1625,3.166,3.1625,3.1645,14
2026-03-03 11:49:00,3.16,3.169,3.16,3.167,3.165,3.174,3.165,3.172,24
2026-03-03 11:50:00,3.1675,3.17,3.166,3.1665,3.1725,3.175,3.171,3.1715,31
2026-03-03 11:51:00,3.168,3.177,3.168,3.175,3.173,3.182,3.173,3.18,29
2026-03-03 11:52:00,3.1745,3.18,3.17,3.1795,3.1795,3.185,3.175,3.1845,33
2026-03-03 11:53:00,3.179,3.1795,3.164,3.1675,3.184,3.1845,3.169,3.1725,38
2026-03-03 11:54:00,3.1665,3.1665,3.161,3.1645,3.1715,3.1715,3.166,3.1695,21
2026-03-03 11:55:00,3.165,3.1695,3.1635,3.167,3.17,3.1745,3.1685,3.172,18
2026-03-03 11:56:00,3.168,3.1695,3.164,3.1695,3.173,3.1745,3.169,3.1745,38
2026-03-03 11:57:00,3.1685,3.172,3.1665,3.1715,3.1735,3.177,3.1715,3.1765,22
2026-03-03 11:58:00,3.171,3.172,3.168,3.1685,3.176,3.177,3.173,3.1735,17
2026-03-03 11:59:00,3.17,3.172,3.164,3.165,3.175,3.177,3.169,3.17,52
2026-03-03 12:00:00,3.1645,3.1705,3.162,3.17,3.1695,3.1755,3.167,3.175,31
2026-03-03 12:01:00,3.1695,3.18,3.169,3.18,3.1745,3.185,3.174,3.185,21
2026-03-03 12:02:00,3.181,3.181,3.162,3.164,3.186,3.186,3.167,3.169,90
2026-03-03 12:03:00,3.1645,3.168,3.152,3.154,3.1695,3.173,3.157,3.159,56
2026-03-03 12:04:00,3.1535,3.1535,3.148,3.149,3.1585,3.1585,3.153,3.154,52
2026-03-03 12:05:00,3.148,3.149,3.142,3.146,3.153,3.154,3.147,3.151,41
2026-03-03 12:06:00,3.145,3.1465,3.1395,3.1455,3.15,3.1515,3.1445,3.1505,40
2026-03-03 12:07:00,3.145,3.147,3.144,3.146,3.15,3.152,3.149,3.151,47
2026-03-03 12:08:00,3.1465,3.147,3.142,3.146,3.1515,3.152,3.147,3.151,34
2026-03-03 12:09:00,3.1455,3.149,3.145,3.147,3.1505,3.154,3.15,3.152,33
2026-03-03 12:10:00,3.148,3.1605,3.148,3.16,3.153,3.1655,3.153,3.165,29
2026-03-03 12:11:00,3.159,3.16,3.151,3.1535,3.164,3.165,3.156,3.1585,61
2026-03-03 12:12:00,3.154,3.1545,3.15,3.151,3.159,3.1595,3.155,3.156,26
2026-03-03 12:13:00,3.1505,3.1505,3.146,3.148,3.1555,3.1555,3.151,3.153,21
2026-03-03 12:14:00,3.149,3.158,3.149,3.158,3.154,3.163,3.154,3.163,55
2026-03-03 12:15:00,3.1575,3.16,3.154,3.154,3.1625,3.165,3.159,3.159,24
2026-03-03 12:16:00,3.1535,3.162,3.153,3.1615,3.1585,3.167,3.158,3.1665,23
2026-03-03 12:17:00,3.161,3.168,3.159,3.1595,3.166,3.173,3.164,3.1645,35
2026-03-03 12:18:00,3.1605,3.163,3.1535,3.154,3.1655,3.168,3.1585,3.159,32
2026-03-03 12:19:00,3.1535,3.156,3.148,3.149,3.1585,3.161,3.153,3.154,24
2026-03-03 12:20:00,3.1495,3.153,3.148,3.151,3.1545,3.158,3.153,3.156,28
2026-03-03 12:21:00,3.1505,3.1505,3.146,3.148,3.1555,3.1555,3.151,3.153,35
2026-03-03 12:22:00,3.1475,3.149,3.1455,3.147,3.1525,3.154,3.1505,3.152,24
2026-03-03 12:23:00,3.1465,3.1515,3.1455,3.1505,3.1515,3.1565,3.1505,3.1555,24
2026-03-03 12:24:00,3.1495,3.153,3.1485,3.15,3.1545,3.158,3.1535,3.155,22
2026-03-03 12:25:00,3.1495,3.158,3.146,3.154,3.1545,3.163,3.151,3.159,47
2026-03-03 12:26:00,3.1535,3.16,3.152,3.16,3.1585,3.165,3.157,3.165,53
2026-03-03 12:27:00,3.1605,3.161,3.1555,3.159,3.1655,3.166,3.1605,3.164,23
2026-03-03 12:28:00,3.1585,3.159,3.1545,3.156,3.1635,3.164,3.1595,3.161,26
2026-03-03 12:29:00,3.1565,3.1585,3.1505,3.1515,3.1615,3.1635,3.1555,3.1565,39
2026-03-03 12:30:00,3.1505,3.1505,3.136,3.139,3.1555,3.1555,3.141,3.144,114
2026-03-03 12:31:00,3.1385,3.139,3.125,3.127,3.1435,3.144,3.13,3.132,68
2026-03-03 12:32:00,3.1275,3.1305,3.12,3.13,3.1325,3.1355,3.125,3.135,76
2026-03-03 12:33:00,3.131,3.131,3.1195,3.12,3.136,3.136,3.1245,3.125,75
2026-03-03 12:34:00,3.1205,3.121,3.1135,3.1135,3.1255,3.126,3.1185,3.1185,64
2026-03-03 12:35:00,3.1145,3.115,3.102,3.103,3.1195,3.12,3.107,3.108,80
2026-03-03 12:36:00,3.104,3.106,3.1,3.1015,3.109,3.111,3.105,3.1065,90
2026-03-03 12:37:00,3.101,3.102,3.092,3.095,3.106,3.107,3.097,3.1,114
2026-03-03 12:38:00,3.0955,3.098,3.092,3.094,3.1005,3.103,3.097,3.099,83
2026-03-03 12:39:00,3.0945,3.1085,3.094,3.1085,3.0995,3.1135,3.099,3.1135,86
2026-03-03 12:40:00,3.108,3.11,3.101,3.101,3.113,3.115,3.106,3.106,54
2026-03-03 12:41:00,3.1015,3.1035,3.096,3.097,3.1065,3.1085,3.101,3.102,36
2026-03-03 12:42:00,3.0965,3.1,3.088,3.0905,3.1015,3.105,3.093,3.0955,74
2026-03-03 12:43:00,3.091,3.092,3.087,3.091,3.096,3.097,3.092,3.096,52
2026-03-03 12:44:00,3.0915,3.095,3.086,3.0905,3.0965,3.1,3.091,3.0955,73
2026-03-03 12:45:00,3.09,3.096,3.087,3.094,3.095,3.101,3.092,3.099,39
2026-03-03 12:46:00,3.0935,3.099,3.092,3.096,3.0985,3.104,3.097,3.101,53
2026-03-03 12:47:00,3.095,3.1025,3.095,3.097,3.1,3.1075,3.1,3.102,41
2026-03-03 12:48:00,3.096,3.1075,3.096,3.107,3.101,3.1125,3.101,3.112,44
2026-03-03 12:49:00,3.1075,3.108,3.1035,3.1055,3.1125,3.113,3.1085,3.1105,47
2026-03-03 12:50:00,3.105,3.11,3.1025,3.1055,3.11,3.115,3.1075,3.1105,64
2026-03-03 12:51:00,3.105,3.114,3.104,3.1135,3.11,3.119,3.109,3.1185,96
2026-03-03 12:52:00,3.1145,3.119,3.113,3.118,3.1195,3.124,3.118,3.123,32
2026-03-03 12:53:00,3.117,3.119,3.115,3.119,3.122,3.124,3.12,3.124,31
2026-03-03 12:54:00,3.12,3.1245,3.119,3.1245,3.125,3.1295,3.124,3.1295,38
2026-03-03 12:55:00,3.124,3.126,3.1195,3.1195,3.129,3.131,3.1245,3.1245,53
2026-03-03 12:56:00,3.12,3.124,3.119,3.124,3.125,3.129,3.124,3.129,38
2026-03-03 12:57:00,3.123,3.1295,3.122,3.129,3.128,3.1345,3.127,3.134,56
2026-03-03 12:58:00,3.1295,3.137,3.1295,3.136,3.1345,3.142,3.1345,3.141,36
2026-03-03 12:59:00,3.1365,3.142,3.133,3.139,3.1415,3.147,3.138,3.144,43
2026-03-03 13:00:00,3.1385,3.1485,3.1325,3.1465,3.1435,3.1535,3.1375,3.1515,87
2026-03-03 13:01:00,3.146,3.15,3.144,3.15,3.151,3.155,3.149,3.155,48
2026-03-03 13:02:00,3.1495,3.15,3.1395,3.15,3.1545,3.155,3.1445,3.155,85
2026-03-03 13:03:00,3.149,3.154,3.149,3.154,3.154,3.159,3.154,3.159,28
2026-03-03 13:04:00,3.1535,3.157,3.1505,3.1565,3.1585,3.162,3.1555,3.1615,37
2026-03-03 13:05:00,3.156,3.156,3.151,3.153,3.161,3.161,3.156,3.158,39
2026-03-03 13:06:00,3.152,3.153,3.1415,3.142,3.157,3.158,3.1465,3.147,52
2026-03-03 13:07:00,3.1415,3.149,3.139,3.149,3.1465,3.154,3.144,3.154,45
2026-03-03 13:08:00,3.148,3.148,3.128,3.128,3.153,3.153,3.133,3.133,61
2026-03-03 13:09:00,3.1275,3.1275,3.122,3.1235,3.1325,3.1325,3.127,3.1285,76
2026-03-03 13:10:00,3.124,3.128,3.1215,3.128,3.129,3.133,3.1265,3.133,39
2026-03-03 13:11:00,3.1275,3.136,3.1275,3.135,3.1325,3.141,3.1325,3.14,47
2026-03-03 13:12:00,3.1355,3.1355,3.125,3.131,3.1405,3.1405,3.13,3.136,65
2026-03-03 13:13:00,3.1305,3.1345,3.126,3.129,3.1355,3.1395,3.131,3.134,45
2026-03-03 13:14:00,3.1285,3.1285,3.114,3.1165,3.1335,3.1335,3.119,3.1215,63
2026-03-03 13:15:00,3.1175,3.1265,3.116,3.117,3.1225,3.1315,3.121,3.122,65
2026-03-03 13:16:00,3.1165,3.12,3.111,3.12,3.1215,3.125,3.116,3.125,53
2026-03-03 13:17:00,3.121,3.123,3.115,3.115,3.126,3.128,3.12,3.12,50
2026-03-03 13:18:00,3.1155,3.1155,3.109,3.111,3.1205,3.1205,3.114,3.116,45
2026-03-03 13:19:00,3.112,3.112,3.104,3.1075,3.117,3.117,3.109,3.1125,62
2026-03-03 13:20:00,3.1085,3.1115,3.1055,3.107,3.1135,3.1165,3.1105,3.112,38
2026-03-03 13:21:00,3.106,3.1115,3.0985,3.107,3.111,3.1165,3.1035,3.112,75
2026-03-03 13:22:00,3.1065,3.107,3.1,3.105,3.1115,3.112,3.105,3.11,55
2026-03-03 13:23:00,3.1045,3.112,3.1045,3.112,3.1095,3.117,3.1095,3.117,23
2026-03-03 13:24:00,3.1115,3.115,3.106,3.1145,3.1165,3.12,3.111,3.1195,49
2026-03-03 13:25:00,3.1135,3.119,3.1105,3.117,3.1185,3.124,3.1155,3.122,47
2026-03-03 13:26:00,3.1165,3.1175,3.111,3.116,3.1215,3.1225,3.116,3.121,59
2026-03-03 13:27:00,3.1155,3.1155,3.103,3.108,3.1205,3.1205,3.108,3.113,36
2026-03-03 13:28:00,3.1075,3.11,3.098,3.105,3.1125,3.115,3.103,3.11,68
2026-03-03 13:29:00,3.1045,3.105,3.095,3.095,3.1095,3.11,3.1,3.1,49
2026-03-03 13:30:00,3.0945,3.106,3.0945,3.098,3.0995,3.111,3.0995,3.103,51
2026-03-03 13:31:00,3.097,3.098,3.093,3.095,3.102,3.103,3.098,3.1,66
2026-03-03 13:32:00,3.0955,3.107,3.094,3.106,3.1005,3.112,3.099,3.111,61
2026-03-03 13:33:00,3.105,3.106,3.1,3.1025,3.11,3.111,3.105,3.1075,29
2026-03-03 13:34:00,3.102,3.104,3.097,3.1015,3.107,3.109,3.102,3.1065,48
2026-03-03 13:35:00,3.102,3.1035,3.098,3.099,3.107,3.1085,3.103,3.104,48
2026-03-03 13:36:00,3.0995,3.1,3.097,3.098,3.1045,3.105,3.102,3.103,42
2026-03-03 13:37:00,3.0985,3.0995,3.094,3.095,3.1035,3.1045,3.099,3.1,42
2026-03-03 13:38:00,3.094,3.0985,3.0895,3.095,3.099,3.1035,3.0945,3.1,66
2026-03-03 13:39:00,3.094,3.105,3.094,3.101,3.099,3.11,3.099,3.106,60
2026-03-03 13:40:00,3.102,3.102,3.092,3.098,3.107,3.107,3.097,3.103,52
2026-03-03 13:41:00,3.099,3.1,3.095,3.098,3.104,3.105,3.1,3.103,27
2026-03-03 13:42:00,3.0975,3.1035,3.097,3.1,3.1025,3.1085,3.102,3.105,52
2026-03-03 13:43:00,3.0995,3.1015,3.095,3.1015,3.1045,3.1065,3.1,3.1065,40
2026-03-03 13:44:00,3.101,3.1035,3.1,3.101,3.106,3.1085,3.105,3.106,19
2026-03-03 13:45:00,3.1005,3.104,3.099,3.103,3.1055,3.109,3.104,3.108,53
2026-03-03 13:46:00,3.102,3.103,3.094,3.096,3.107,3.108,3.099,3.101,40
2026-03-03 13:47:00,3.097,3.097,3.0925,3.0945,3.102,3.102,3.0975,3.0995,32
2026-03-03 13:48:00,3.094,3.099,3.085,3.085,3.099,3.104,3.09,3.09,82
2026-03-03 13:49:00,3.086,3.106,3.082,3.103,3.091,3.111,3.087,3.108,93
2026-03-03 13:50:00,3.1035,3.105,3.0945,3.1,3.1085,3.11,3.0995,3.105,61
2026-03-03 13:51:00,3.1015,3.1175,3.1,3.11,3.1065,3.1225,3.105,3.115,75
2026-03-03 13:52:00,3.109,3.116,3.1075,3.112,3.114,3.121,3.1125,3.117,44
2026-03-03 13:53:00,3.113,3.113,3.107,3.107,3.118,3.118,3.112,3.112,34
2026-03-03 13:54:00,3.108,3.1085,3.102,3.105,3.113,3.1135,3.107,3.11,45
2026-03-03 13:55:00,3.1045,3.1045,3.0945,3.0945,3.1095,3.1095,3.0995,3.0995,34
2026-03-03 13:56:00,3.0955,3.098,3.089,3.09,3.1005,3.103,3.094,3.095,71
2026-03-03 13:57:00,3.0905,3.091,3.079,3.087,3.0955,3.096,3.084,3.092,72
2026-03-03 13:58:00,3.0875,3.0925,3.084,3.088,3.0925,3.0975,3.089,3.093,81
2026-03-03 13:59:00,3.0875,3.089,3.084,3.0875,3.0925,3.094,3.089,3.0925,60
2026-03-03 14:00:00,3.087,3.095,3.0865,3.091,3.092,3.1,3.0915,3.096,82
2026-03-03 14:01:00,3.0915,3.093,3.085,3.092,3.0965,3.098,3.09,3.097,80
2026-03-03 14:02:00,3.0925,3.102,3.0905,3.099,3.0975,3.107,3.0955,3.104,88
2026-03-03 14:03:00,3.1,3.1025,3.094,3.099,3.105,3.1075,3.099,3.104,61
2026-03-03 14:04:00,3.0995,3.1035,3.091,3.098,3.1045,3.1085,3.096,3.103,64
2026-03-03 14:05:00,3.0985,3.105,3.091,3.103,3.1035,3.11,3.096,3.108,78
2026-03-03 14:06:00,3.104,3.1065,3.0985,3.1065,3.109,3.1115,3.1035,3.1115,39
2026-03-03 14:07:00,3.107,3.112,3.105,3.11,3.112,3.117,3.11,3.115,56
2026-03-03 14:08:00,3.1105,3.1115,3.102,3.11,3.1155,3.1165,3.107,3.115,68
2026-03-03 14:09:00,3.1105,3.1105,3.1025,3.104,3.1155,3.1155,3.1075,3.109,53
2026-03-03 14:10:00,3.1045,3.1075,3.098,3.098,3.1095,3.1125,3.103,3.103,56
2026-03-03 14:11:00,3.099,3.103,3.096,3.1005,3.104,3.108,3.101,3.1055,47
2026-03-03 14:12:00,3.0995,3.0995,3.088,3.091,3.1045,3.1045,3.093,3.096,43
2026-03-03 14:13:00,3.092,3.1,3.086,3.098,3.097,3.105,3.091,3.103,63
2026-03-03 14:14:00,3.099,3.11,3.098,3.1085,3.104,3.115,3.103,3.1135,57
2026-03-03 14:15:00,3.108,3.11,3.107,3.109,3.113,3.115,3.112,3.114,22
2026-03-03 14:16:00,3.1095,3.114,3.109,3.109,3.1145,3.119,3.114,3.114,48
2026-03-03 14:17:00,3.1095,3.112,3.1055,3.1105,3.1145,3.117,3.1105,3.1155,48
2026-03-03 14:18:00,3.111,3.112,3.106,3.1085,3.116,3.117,3.111,3.1135,35
2026-03-03 14:19:00,3.108,3.116,3.102,3.108,3.113,3.121,3.107,3.113,86
2026-03-03 14:20:00,3.1075,3.11,3.1,3.1005,3.1125,3.115,3.105,3.1055,39
2026-03-03 14:21:00,3.101,3.1035,3.0945,3.097,3.106,3.1085,3.0995,3.102,42
2026-03-03 14:22:00,3.0975,3.106,3.097,3.0985,3.1025,3.111,3.102,3.1035,50
2026-03-03 14:23:00,3.099,3.1,3.095,3.1,3.104,3.105,3.1,3.105,46
2026-03-03 14:24:00,3.101,3.11,3.097,3.11,3.106,3.115,3.102,3.115,51
2026-03-03 14:25:00,3.111,3.115,3.107,3.115,3.116,3.12,3.112,3.12,42
2026-03-03 14:26:00,3.116,3.1195,3.114,3.118,3.121,3.1245,3.119,3.123,51
2026-03-03 14:27:00,3.117,3.124,3.117,3.121,3.122,3.129,3.122,3.126,26
2026-03-03 14:28:00,3.1215,3.123,3.1155,3.118,3.1265,3.128,3.1205,3.123,35
2026-03-03 14:29:00,3.1185,3.1185,3.1085,3.109,3.1235,3.1235,3.1135,3.114,38
2026-03-03 14:30:00,3.1095,3.1165,3.108,3.114,3.1145,3.1215,3.113,3.119,46
2026-03-03 14:31:00,3.113,3.115,3.1115,3.1145,3.118,3.12,3.1165,3.1195,28
2026-03-03 14:32:00,3.1135,3.12,3.111,3.1195,3.1185,3.125,3.116,3.1245,45
2026-03-03 14:33:00,3.119,3.127,3.115,3.1255,3.124,3.132,3.12,3.1305,100
2026-03-03 14:34:00,3.127,3.14,3.126,3.135,3.132,3.145,3.131,3.14,105
2026-03-03 14:35:00,3.134,3.139,3.1295,3.13,3.139,3.144,3.1345,3.135,84
2026-03-03 14:36:00,3.129,3.134,3.127,3.133,3.134,3.139,3.132,3.138,55
2026-03-03 14:37:00,3.132,3.139,3.131,3.134,3.137,3.144,3.136,3.139,47
2026-03-03 14:38:00,3.1345,3.137,3.13,3.1325,3.1395,3.142,3.135,3.1375,53
2026-03-03 14:39:00,3.134,3.135,3.121,3.125,3.139,3.14,3.126,3.13,75
2026-03-03 14:40:00,3.126,3.128,3.124,3.127,3.131,3.133,3.129,3.132,27
2026-03-03 14:41:00,3.1265,3.127,3.1225,3.125,3.1315,3.132,3.1275,3.13,34
2026-03-03 14:42:00,3.1255,3.1275,3.121,3.124,3.1305,3.1325,3.126,3.129,59
2026-03-03 14:43:00,3.123,3.1255,3.12,3.1215,3.128,3.1305,3.125,3.1265,55
2026-03-03 14:44:00,3.122,3.127,3.12,3.126,3.127,3.132,3.125,3.131,51
2026-03-03 14:45:00,3.1255,3.128,3.123,3.1245,3.1305,3.133,3.128,3.1295,53
2026-03-03 14:46:00,3.124,3.128,3.122,3.127,3.129,3.133,3.127,3.132,32
2026-03-03 14:47:00,3.126,3.127,3.119,3.1225,3.131,3.132,3.124,3.1275,68
2026-03-03 14:48:00,3.1215,3.131,3.119,3.1305,3.1265,3.136,3.124,3.1355,61
2026-03-03 14:49:00,3.131,3.134,3.125,3.129,3.136,3.139,3.13,3.134,73
2026-03-03 14:50:00,3.13,3.1395,3.13,3.136,3.135,3.1445,3.135,3.141,65
2026-03-03 14:51:00,3.1355,3.137,3.133,3.136,3.1405,3.142,3.138,3.141,39
2026-03-03 14:52:00,3.1365,3.142,3.1365,3.1395,3.1415,3.147,3.1415,3.1445,37
2026-03-03 14:53:00,3.14,3.145,3.1395,3.144,3.145,3.15,3.1445,3.149,47
2026-03-03 14:54:00,3.145,3.145,3.1405,3.142,3.15,3.15,3.1455,3.147,45
2026-03-03 14:55:00,3.1415,3.143,3.132,3.133,3.1465,3.148,3.137,3.138,52
2026-03-03 14:56:00,3.1335,3.137,3.1325,3.133,3.1385,3.142,3.1375,3.138,33
2026-03-03 14:57:00,3.132,3.1355,3.129,3.134,3.137,3.1405,3.134,3.139,41
2026-03-03 14:58:00,3.1335,3.14,3.132,3.1385,3.1385,3.145,3.137,3.1435,78
2026-03-03 14:59:00,3.139,3.1395,3.131,3.134,3.144,3.1445,3.136,3.139,64
2026-03-03 15:00:00,3.1355,3.143,3.134,3.1405,3.1405,3.148,3.139,3.1455,140
2026-03-03 15:01:00,3.14,3.148,3.133,3.145,3.145,3.153,3.138,3.15,117
2026-03-03 15:02:00,3.1445,3.147,3.14,3.142,3.1495,3.152,3.145,3.147,71
2026-03-03 15:03:00,3.1425,3.146,3.141,3.1445,3.1475,3.151,3.146,3.1495,59
2026-03-03 15:04:00,3.143,3.154,3.142,3.15,3.148,3.159,3.147,3.155,58
2026-03-03 15:05:00,3.1505,3.155,3.15,3.154,3.1555,3.16,3.155,3.159,58
2026-03-03 15:06:00,3.155,3.16,3.152,3.1555,3.16,3.165,3.157,3.1605,91
2026-03-03 15:07:00,3.155,3.158,3.1505,3.151,3.16,3.163,3.1555,3.156,58
2026-03-03 15:08:00,3.1515,3.1515,3.143,3.144,3.1565,3.1565,3.148,3.149,44
2026-03-03 15:09:00,3.143,3.15,3.143,3.148,3.148,3.155,3.148,3.153,23
2026-03-03 15:10:00,3.149,3.1535,3.148,3.1535,3.154,3.1585,3.153,3.1585,30
2026-03-03 15:11:00,3.155,3.155,3.148,3.149,3.16,3.16,3.153,3.154,37
2026-03-03 15:12:00,3.1485,3.154,3.1485,3.154,3.1535,3.159,3.1535,3.159,32
2026-03-03 15:13:00,3.1545,3.155,3.15,3.15,3.1595,3.16,3.155,3.155,45
2026-03-03 15:14:00,3.1505,3.157,3.1505,3.155,3.1555,3.162,3.1555,3.16,44
2026-03-03 15:15:00,3.154,3.166,3.154,3.1635,3.159,3.171,3.159,3.1685,95
2026-03-03 15:16:00,3.164,3.164,3.152,3.152,3.169,3.169,3.157,3.157,66
2026-03-03 15:17:00,3.151,3.161,3.15,3.1595,3.156,3.166,3.155,3.1645,58
2026-03-03 15:18:00,3.1605,3.1775,3.16,3.1775,3.1655,3.1825,3.165,3.1825,104
2026-03-03 15:19:00,3.1785,3.1785,3.173,3.178,3.1835,3.1835,3.178,3.183,70
2026-03-03 15:20:00,3.179,3.179,3.175,3.178,3.184,3.184,3.18,3.183,79
2026-03-03 15:21:00,3.179,3.18,3.175,3.175,3.184,3.185,3.18,3.18,80
2026-03-03 15:22:00,3.1755,3.177,3.171,3.1725,3.1805,3.182,3.176,3.1775,87
2026-03-03 15:23:00,3.172,3.178,3.171,3.178,3.177,3.183,3.176,3.183,58
2026-03-03 15:24:00,3.179,3.18,3.176,3.179,3.184,3.185,3.181,3.184,71
2026-03-03 15:25:00,3.1785,3.182,3.177,3.181,3.1835,3.187,3.182,3.186,52
2026-03-03 15:26:00,3.18,3.183,3.176,3.18,3.185,3.188,3.181,3.185,66
2026-03-03 15:27:00,3.1795,3.182,3.177,3.179,3.1845,3.187,3.182,3.184,48
2026-03-03 15:28:00,3.1795,3.183,3.178,3.179,3.1845,3.188,3.183,3.184,49
2026-03-03 15:29:00,3.18,3.1865,3.1795,3.185,3.185,3.1915,3.1845,3.19,44
2026-03-03 15:30:00,3.1845,3.195,3.18,3.1925,3.1895,3.2,3.185,3.1975,88
2026-03-03 15:31:00,3.192,3.193,3.177,3.177,3.197,3.198,3.182,3.182,118
2026-03-03 15:32:00,3.1775,3.18,3.165,3.166,3.1825,3.185,3.17,3.171,118
2026-03-03 15:33:00,3.1665,3.1665,3.148,3.1485,3.1715,3.1715,3.153,3.1535,110
2026-03-03 15:34:00,3.1475,3.148,3.1345,3.142,3.1525,3.153,3.1395,3.147,128
2026-03-03 15:35:00,3.1415,3.149,3.135,3.139,3.1465,3.154,3.14,3.144,141
2026-03-03 15:36:00,3.1395,3.1495,3.135,3.148,3.1445,3.1545,3.14,3.153,126
2026-03-03 15:37:00,3.1485,3.155,3.147,3.153,3.1535,3.16,3.152,3.158,69
2026-03-03 15:38:00,3.1525,3.153,3.149,3.1505,3.1575,3.158,3.154,3.1555,56
2026-03-03 15:39:00,3.1495,3.153,3.149,3.1515,3.1545,3.158,3.154,3.1565,35
2026-03-03 15:40:00,3.153,3.155,3.152,3.1535,3.158,3.16,3.157,3.1585,30
2026-03-03 15:41:00,3.1525,3.154,3.1455,3.1455,3.1575,3.159,3.1505,3.1505,70
2026-03-03 15:42:00,3.146,3.152,3.146,3.15,3.151,3.157,3.151,3.155,25
2026-03-03 15:43:00,3.1495,3.152,3.1475,3.1505,3.1545,3.157,3.1525,3.1555,38
2026-03-03 15:44:00,3.151,3.151,3.146,3.148,3.156,3.156,3.151,3.153,39
2026-03-03 15:45:00,3.1485,3.1515,3.1425,3.144,3.1535,3.1565,3.1475,3.149,61
2026-03-03 15:46:00,3.1445,3.149,3.1425,3.147,3.1495,3.154,3.1475,3.152,48
2026-03-03 15:47:00,3.1465,3.1505,3.1435,3.149,3.1515,3.1555,3.1485,3.154,46
2026-03-03 15:48:00,3.15,3.151,3.145,3.146,3.155,3.156,3.15,3.151,24
2026-03-03 15:49:00,3.147,3.147,3.142,3.145,3.152,3.152,3.147,3.15,39
2026-03-03 15:50:00,3.1455,3.16,3.145,3.16,3.1505,3.165,3.15,3.165,89
2026-03-03 15:51:00,3.161,3.1615,3.154,3.154,3.166,3.1665,3.159,3.159,57
2026-03-03 15:52:00,3.1545,3.159,3.141,3.142,3.1595,3.164,3.146,3.147,88
2026-03-03 15:53:00,3.143,3.1515,3.136,3.1515,3.148,3.1565,3.141,3.1565,107
2026-03-03 15:54:00,3.152,3.1525,3.142,3.149,3.157,3.1575,3.147,3.154,59
2026-03-03 15:55:00,3.1495,3.1515,3.1395,3.1455,3.1545,3.1565,3.1445,3.1505,62
2026-03-03 15:56:00,3.145,3.15,3.1425,3.147,3.15,3.155,3.1475,3.152,66
2026-03-03 15:57:00,3.146,3.151,3.146,3.146,3.151,3.156,3.151,3.151,44
2026-03-03 15:58:00,3.1455,3.149,3.141,3.147,3.1505,3.154,3.146,3.152,67
2026-03-03 15:59:00,3.1475,3.148,3.14,3.145,3.1525,3.153,3.145,3.15,72
2026-03-03 16:00:00,3.146,3.15,3.1415,3.148,3.151,3.155,3.1465,3.153,76
2026-03-03 16:01:00,3.1485,3.153,3.147,3.149,3.1535,3.158,3.152,3.154,49
2026-03-03 16:02:00,3.1485,3.152,3.144,3.146,3.1535,3.157,3.149,3.151,40
2026-03-03 16:03:00,3.1445,3.155,3.144,3.153,3.1495,3.16,3.149,3.158,78
2026-03-03 16:04:00,3.1535,3.154,3.143,3.147,3.1585,3.159,3.148,3.152,60
2026-03-03 16:05:00,3.148,3.148,3.1405,3.1435,3.153,3.153,3.1455,3.1485,35
2026-03-03 16:06:00,3.1445,3.1465,3.142,3.142,3.1495,3.1515,3.147,3.147,43
2026-03-03 16:07:00,3.143,3.148,3.1425,3.1425,3.148,3.153,3.1475,3.1475,37
2026-03-03 16:08:00,3.143,3.143,3.132,3.133,3.148,3.148,3.137,3.138,57
2026-03-03 16:09:00,3.1335,3.139,3.133,3.138,3.1385,3.144,3.138,3.143,54
2026-03-03 16:10:00,3.1385,3.144,3.133,3.134,3.1435,3.149,3.138,3.139,54
2026-03-03 16:11:00,3.133,3.133,3.123,3.1325,3.138,3.138,3.128,3.1375,96
2026-03-03 16:12:00,3.133,3.136,3.127,3.1325,3.138,3.141,3.132,3.1375,48
2026-03-03 16:13:00,3.132,3.134,3.128,3.131,3.137,3.139,3.133,3.136,42
2026-03-03 16:14:00,3.13,3.134,3.13,3.13,3.135,3.139,3.135,3.135,25
2026-03-03 16:15:00,3.1305,3.131,3.128,3.1305,3.1355,3.136,3.133,3.1355,22
2026-03-03 16:16:00,3.1315,3.132,3.12,3.125,3.1365,3.137,3.125,3.13,95
2026-03-03 16:17:00,3.1245,3.1245,3.118,3.121,3.1295,3.1295,3.123,3.126,80
2026-03-03 16:18:00,3.1215,3.127,3.118,3.121,3.1265,3.132,3.123,3.126,69
2026-03-03 16:19:00,3.122,3.129,3.121,3.127,3.127,3.134,3.126,3.132,48
2026-03-03 16:20:00,3.128,3.128,3.123,3.125,3.133,3.133,3.128,3.13,49
2026-03-03 16:21:00,3.127,3.13,3.126,3.128,3.132,3.135,3.131,3.133,34
2026-03-03 16:22:00,3.1275,3.1275,3.1165,3.119,3.1325,3.1325,3.1215,3.124,45
2026-03-03 16:23:00,3.1185,3.121,3.116,3.119,3.1235,3.126,3.121,3.124,49
2026-03-03 16:24:00,3.1195,3.121,3.117,3.119,3.1245,3.126,3.122,3.124,33
2026-03-03 16:25:00,3.1195,3.123,3.1185,3.12,3.1245,3.128,3.1235,3.125,28
2026-03-03 16:26:00,3.1205,3.121,3.114,3.114,3.1255,3.126,3.119,3.119,32
2026-03-03 16:27:00,3.1145,3.1145,3.107,3.112,3.1195,3.1195,3.112,3.117,51
2026-03-03 16:28:00,3.1125,3.124,3.112,3.124,3.1175,3.129,3.117,3.129,89
2026-03-03 16:29:00,3.1235,3.1235,3.112,3.113,3.1285,3.1285,3.117,3.118,71
2026-03-03 16:30:00,3.1145,3.1205,3.112,3.112,3.1195,3.1255,3.117,3.117,62
2026-03-03 16:31:00,3.113,3.1305,3.112,3.126,3.118,3.1355,3.117,3.131,94
2026-03-03 16:32:00,3.127,3.1375,3.127,3.1375,3.132,3.1425,3.132,3.1425,61
2026-03-03 16:33:00,3.137,3.138,3.132,3.1355,3.142,3.143,3.137,3.1405,42
2026-03-03 16:34:00,3.135,3.1425,3.1345,3.141,3.14,3.1475,3.1395,3.146,51
2026-03-03 16:35:00,3.1405,3.142,3.128,3.129,3.1455,3.147,3.133,3.134,74
2026-03-03 16:36:00,3.1285,3.131,3.126,3.1275,3.1335,3.136,3.131,3.1325,54
2026-03-03 16:37:00,3.128,3.134,3.125,3.131,3.133,3.139,3.13,3.136,46
2026-03-03 16:38:00,3.1315,3.1325,3.128,3.129,3.1365,3.1375,3.133,3.134,32
2026-03-03 16:39:00,3.1285,3.132,3.128,3.129,3.1335,3.137,3.133,3.134,46
2026-03-03 16:40:00,3.128,3.133,3.128,3.1295,3.133,3.138,3.133,3.1345,65
2026-03-03 16:41:00,3.13,3.133,3.13,3.132,3.135,3.138,3.135,3.137,20
2026-03-03 16:42:00,3.1325,3.133,3.128,3.13,3.1375,3.138,3.133,3.135,21
2026-03-03 16:43:00,3.1305,3.134,3.127,3.131,3.1355,3.139,3.132,3.136,27
2026-03-03 16:44:00,3.1315,3.134,3.13,3.131,3.1365,3.139,3.135,3.136,30
2026-03-03 16:45:00,3.1305,3.1305,3.124,3.126,3.1355,3.1355,3.129,3.131,74
2026-03-03 16:46:00,3.1255,3.13,3.124,3.125,3.1305,3.135,3.129,3.13,49
2026-03-03 16:47:00,3.1255,3.126,3.12,3.123,3.1305,3.131,3.125,3.128,37
2026-03-03 16:48:00,3.1225,3.126,3.122,3.124,3.1275,3.131,3.127,3.129,32
2026-03-03 16:49:00,3.1245,3.128,3.1215,3.126,3.1295,3.133,3.1265,3.131,38
2026-03-03 16:50:00,3.1265,3.137,3.126,3.137,3.1315,3.142,3.131,3.142,45
2026-03-03 16:51:00,3.1375,3.139,3.133,3.135,3.1425,3.144,3.138,3.14,48
2026-03-03 16:52:00,3.1345,3.135,3.108,3.1095,3.1395,3.14,3.113,3.1145,118
2026-03-03 16:53:00,3.11,3.1115,3.105,3.106,3.115,3.1165,3.11,3.111,91
2026-03-03 16:54:00,3.1065,3.1085,3.0975,3.1065,3.1115,3.1135,3.1025,3.1115,86
2026-03-03 16:55:00,3.106,3.112,3.104,3.11,3.111,3.117,3.109,3.115,54
2026-03-03 16:56:00,3.109,3.114,3.109,3.112,3.114,3.119,3.114,3.117,32
2026-03-03 16:57:00,3.111,3.112,3.104,3.11,3.116,3.117,3.109,3.115,62
2026-03-03 16:58:00,3.1095,3.11,3.104,3.1095,3.1145,3.115,3.109,3.1145,37
2026-03-03 16:59:00,3.1105,3.115,3.1095,3.114,3.1155,3.12,3.1145,3.119,33
2026-03-03 17:00:00,3.112,3.12,3.112,3.1195,3.117,3.125,3.117,3.1245,45
2026-03-03 17:01:00,3.121,3.124,3.119,3.124,3.126,3.129,3.124,3.129,16
2026-03-03 17:02:00,3.125,3.127,3.123,3.123,3.13,3.132,3.128,3.128,25
2026-03-03 17:03:00,3.1225,3.129,3.1225,3.123,3.1275,3.134,3.1275,3.128,32
2026-03-03 17:04:00,3.124,3.129,3.123,3.129,3.129,3.134,3.128,3.134,59
2026-03-03 17:05:00,3.13,3.132,3.129,3.1295,3.135,3.137,3.134,3.1345,20
2026-03-03 17:06:00,3.1305,3.134,3.13,3.132,3.1355,3.139,3.135,3.137,23
2026-03-03 17:07:00,3.133,3.134,3.1265,3.132,3.138,3.139,3.1315,3.137,42
2026-03-03 17:08:00,3.1325,3.133,3.13,3.132,3.1375,3.138,3.135,3.137,25
2026-03-03 17:09:00,3.1315,3.137,3.1305,3.137,3.1365,3.142,3.1355,3.142,22
2026-03-03 17:10:00,3.1365,3.139,3.135,3.137,3.1415,3.144,3.14,3.142,33
2026-03-03 17:11:00,3.138,3.139,3.135,3.136,3.143,3.144,3.14,3.141,33
2026-03-03 17:12:00,3.1355,3.137,3.134,3.137,3.1405,3.142,3.139,3.142,41
2026-03-03 17:13:00,3.1365,3.142,3.136,3.14,3.1415,3.147,3.141,3.145,32
2026-03-03 17:14:00,3.1405,3.142,3.139,3.1395,3.1455,3.147,3.144,3.1445,29
2026-03-03 17:15:00,3.14,3.144,3.14,3.1425,3.145,3.149,3.145,3.1475,38
2026-03-03 17:16:00,3.142,3.142,3.136,3.138,3.147,3.147,3.141,3.143,46
2026-03-03 17:17:00,3.1385,3.142,3.137,3.141,3.1435,3.147,3.142,3.146,37
2026-03-03 17:18:00,3.1415,3.1435,3.139,3.141,3.1465,3.1485,3.144,3.146,28
2026-03-03 17:19:00,3.1415,3.1455,3.141,3.145,3.1465,3.1505,3.146,3.15,31
2026-03-03 17:20:00,3.146,3.153,3.145,3.148,3.151,3.158,3.15,3.153,73
2026-03-03 17:21:00,3.1475,3.149,3.139,3.139,3.1525,3.154,3.144,3.144,43
2026-03-03 17:22:00,3.14,3.145,3.139,3.143,3.145,3.15,3.144,3.148,35
2026-03-03 17:23:00,3.144,3.1455,3.137,3.1385,3.149,3.1505,3.142,3.1435,34
2026-03-03 17:24:00,3.139,3.145,3.138,3.1425,3.144,3.15,3.143,3.1475,35
2026-03-03 17:25:00,3.142,3.144,3.141,3.143,3.147,3.149,3.146,3.148,14
2026-03-03 17:26:00,3.1425,3.148,3.1425,3.1465,3.1475,3.153,3.1475,3.1515,16
2026-03-03 17:27:00,3.147,3.148,3.142,3.1435,3.152,3.153,3.147,3.1485,29
2026-03-03 17:28:00,3.145,3.147,3.144,3.146,3.15,3.152,3.149,3.151,24
2026-03-03 17:29:00,3.1465,3.147,3.1445,3.147,3.1515,3.152,3.1495,3.152,23
2026-03-03 17:30:00,3.148,3.153,3.146,3.146,3.153,3.158,3.151,3.151,65
2026-03-03 17:31:00,3.1455,3.1455,3.1345,3.1375,3.1505,3.1505,3.1395,3.1425,63
2026-03-03 17:32:00,3.136,3.137,3.13,3.136,3.141,3.142,3.135,3.141,48
2026-03-03 17:33:00,3.1365,3.14,3.1355,3.139,3.1415,3.145,3.1405,3.144,23
2026-03-03 17:34:00,3.138,3.1405,3.138,3.14,3.143,3.1455,3.143,3.145,16
2026-03-03 17:35:00,3.139,3.148,3.139,3.146,3.144,3.153,3.144,3.151,30
2026-03-03 17:36:00,3.1465,3.147,3.137,3.139,3.1515,3.152,3.142,3.144,45
2026-03-03 17:37:00,3.138,3.1415,3.133,3.136,3.143,3.1465,3.138,3.141,42
2026-03-03 17:38:00,3.1365,3.141,3.1365,3.1395,3.1415,3.146,3.1415,3.1445,24
2026-03-03 17:39:00,3.139,3.1425,3.139,3.14,3.144,3.1475,3.144,3.145,15
2026-03-03 17:40:00,3.1405,3.1425,3.1395,3.14,3.1455,3.1475,3.1445,3.145,25
2026-03-03 17:41:00,3.1395,3.142,3.1345,3.142,3.1445,3.147,3.1395,3.147,25
2026-03-03 17:42:00,3.141,3.1425,3.141,3.141,3.146,3.1475,3.146,3.146,15
2026-03-03 17:43:00,3.1405,3.143,3.138,3.139,3.1455,3.148,3.143,3.144,47
2026-03-03 17:44:00,3.1395,3.14,3.124,3.126,3.1445,3.145,3.129,3.131,93
2026-03-03 17:45:00,3.1255,3.127,3.112,3.113,3.1305,3.132,3.117,3.118,116
2026-03-03 17:46:00,3.112,3.117,3.1005,3.103,3.117,3.122,3.1055,3.108,117
2026-03-03 17:47:00,3.1035,3.1135,3.101,3.113,3.1085,3.1185,3.106,3.118,81
2026-03-03 17:48:00,3.114,3.124,3.113,3.124,3.119,3.129,3.118,3.129,49
2026-03-03 17:49:00,3.1235,3.124,3.12,3.121,3.1285,3.129,3.125,3.126,33
2026-03-03 17:50:00,3.1205,3.123,3.11,3.117,3.1255,3.128,3.115,3.122,86
2026-03-03 17:51:00,3.1175,3.119,3.113,3.1135,3.1225,3.124,3.118,3.1185,26
2026-03-03 17:52:00,3.1145,3.116,3.113,3.1145,3.1195,3.121,3.118,3.1195,43
2026-03-03 17:53:00,3.115,3.118,3.114,3.116,3.12,3.123,3.119,3.121,34
2026-03-03 17:54:00,3.117,3.117,3.1105,3.1115,3.122,3.122,3.1155,3.1165,26
2026-03-03 17:55:00,3.111,3.119,3.111,3.116,3.116,3.124,3.116,3.121,50
2026-03-03 17:56:00,3.117,3.121,3.1115,3.119,3.122,3.126,3.1165,3.124,64
2026-03-03 17:57:00,3.118,3.119,3.113,3.114,3.123,3.124,3.118,3.119,74
2026-03-03 17:58:00,3.115,3.126,3.115,3.125,3.12,3.131,3.12,3.13,59
2026-03-03 17:59:00,3.1255,3.126,3.115,3.116,3.1305,3.131,3.12,3.121,95
2026-03-03 18:00:00,3.115,3.119,3.109,3.111,3.12,3.124,3.114,3.116,61
2026-03-03 18:01:00,3.1115,3.117,3.109,3.112,3.1165,3.122,3.114,3.117,63
2026-03-03 18:02:00,3.111,3.12,3.11,3.118,3.116,3.125,3.115,3.123,40
2026-03-03 18:03:00,3.1175,3.12,3.116,3.1195,3.1225,3.125,3.121,3.1245,42
2026-03-03 18:04:00,3.12,3.127,3.1195,3.126,3.125,3.132,3.1245,3.131,46
2026-03-03 18:05:00,3.1255,3.127,3.121,3.124,3.1305,3.132,3.126,3.129,36
2026-03-03 18:06:00,3.123,3.123,3.12,3.12,3.128,3.128,3.125,3.125,21
2026-03-03 18:07:00,3.1195,3.12,3.113,3.1185,3.1245,3.125,3.118,3.1235,60
2026-03-03 18:08:00,3.117,3.128,3.117,3.1275,3.122,3.133,3.122,3.1325,49
2026-03-03 18:09:00,3.127,3.132,3.127,3.129,3.132,3.137,3.132,3.134,35
2026-03-03 18:10:00,3.1295,3.135,3.129,3.135,3.1345,3.14,3.134,3.14,48
2026-03-03 18:11:00,3.134,3.137,3.134,3.135,3.139,3.142,3.139,3.14,29
2026-03-03 18:12:00,3.1345,3.14,3.134,3.139,3.1395,3.145,3.139,3.144,56
2026-03-03 18:13:00,3.138,3.141,3.138,3.14,3.143,3.146,3.143,3.145,21
2026-03-03 18:14:00,3.139,3.147,3.139,3.147,3.144,3.152,3.144,3.152,28
2026-03-03 18:15:00,3.146,3.148,3.144,3.144,3.151,3.153,3.149,3.149,18
2026-03-03 18:16:00,3.1445,3.1465,3.144,3.1465,3.1495,3.1515,3.149,3.1515,16
2026-03-03 18:17:00,3.146,3.147,3.144,3.145,3.151,3.152,3.149,3.15,22
2026-03-03 18:18:00,3.146,3.148,3.1455,3.147,3.151,3.153,3.1505,3.152,32
2026-03-03 18:19:00,3.1475,3.149,3.147,3.148,3.1525,3.154,3.152,3.153,14
2026-03-03 18:20:00,3.1485,3.149,3.141,3.1425,3.1535,3.154,3.146,3.1475,41
2026-03-03 18:21:00,3.143,3.1465,3.143,3.146,3.148,3.1515,3.148,3.151,11
2026-03-03 18:22:00,3.145,3.1495,3.145,3.148,3.15,3.1545,3.15,3.153,20
2026-03-03 18:23:00,3.147,3.148,3.145,3.146,3.152,3.153,3.15,3.151,31
2026-03-03 18:24:00,3.145,3.145,3.142,3.144,3.15,3.15,3.147,3.149,19
2026-03-03 18:25:00,3.142,3.146,3.142,3.145,3.147,3.151,3.147,3.15,24
2026-03-03 18:26:00,3.1455,3.148,3.144,3.145,3.1505,3.153,3.149,3.15,17
2026-03-03 18:27:00,3.1445,3.1445,3.139,3.139,3.1495,3.1495,3.144,3.144,33
2026-03-03 18:28:00,3.14,3.146,3.14,3.146,3.145,3.151,3.145,3.151,17
2026-03-03 18:29:00,3.1465,3.149,3.146,3.147,3.1515,3.154,3.151,3.152,24
2026-03-03 18:30:00,3.148,3.15,3.147,3.148,3.153,3.155,3.152,3.153,16
2026-03-03 18:31:00,3.1485,3.151,3.148,3.15,3.1535,3.156,3.153,3.155,15
2026-03-03 18:32:00,3.151,3.154,3.15,3.154,3.156,3.159,3.155,3.159,27
2026-03-03 18:33:00,3.1535,3.1535,3.152,3.152,3.1585,3.1585,3.157,3.157,9
2026-03-03 18:34:00,3.153,3.155,3.152,3.153,3.158,3.16,3.157,3.158,21
2026-03-03 18:35:00,3.1535,3.156,3.152,3.1535,3.1585,3.161,3.157,3.1585,36
2026-03-03 18:36:00,3.154,3.156,3.15,3.155,3.159,3.161,3.155,3.16,28
2026-03-03 18:37:00,3.154,3.1545,3.151,3.152,3.159,3.1595,3.156,3.157,32
2026-03-03 18:38:00,3.1525,3.154,3.145,3.1455,3.1575,3.159,3.15,3.1505,38
2026-03-03 18:39:00,3.146,3.152,3.145,3.152,3.151,3.157,3.15,3.157,30
2026-03-03 18:40:00,3.1515,3.155,3.1515,3.1545,3.1565,3.16,3.1565,3.1595,17
2026-03-03 18:41:00,3.154,3.155,3.151,3.152,3.159,3.16,3.156,3.157,25
2026-03-03 18:42:00,3.151,3.155,3.151,3.155,3.156,3.16,3.156,3.16,19
2026-03-03 18:43:00,3.1545,3.1545,3.15,3.153,3.1595,3.1595,3.155,3.158,32
2026-03-03 18:44:00,3.154,3.154,3.146,3.148,3.159,3.159,3.151,3.153,30
2026-03-03 18:45:00,3.1485,3.1515,3.1485,3.1515,3.1535,3.1565,3.1535,3.1565,27
2026-03-03 18:46:00,3.151,3.152,3.145,3.145,3.156,3.157,3.15,3.15,31
2026-03-03 18:47:00,3.144,3.148,3.1435,3.147,3.149,3.153,3.1485,3.152,13
2026-03-03 18:48:00,3.1465,3.1505,3.146,3.1505,3.1515,3.1555,3.151,3.1555,25
2026-03-03 18:49:00,3.15,3.15,3.146,3.148,3.155,3.155,3.151,3.153,14
2026-03-03 18:50:00,3.1485,3.154,3.147,3.1485,3.1535,3.159,3.152,3.1535,41
2026-03-03 18:51:00,3.149,3.149,3.14,3.1405,3.154,3.154,3.145,3.1455,23
2026-03-03 18:52:00,3.14,3.141,3.137,3.141,3.145,3.146,3.142,3.146,18
2026-03-03 18:53:00,3.1415,3.144,3.1405,3.1405,3.1465,3.149,3.1455,3.1455,15
2026-03-03 18:54:00,3.1415,3.142,3.132,3.136,3.1465,3.147,3.137,3.141,32
2026-03-03 18:55:00,3.135,3.141,3.135,3.141,3.14,3.146,3.14,3.146,17
2026-03-03 18:56:00,3.142,3.143,3.141,3.1415,3.147,3.148,3.146,3.1465,20
2026-03-03 18:57:00,3.142,3.1435,3.141,3.143,3.147,3.1485,3.146,3.148,8
2026-03-03 18:58:00,3.142,3.142,3.138,3.138,3.147,3.147,3.143,3.143,11
2026-03-03 18:59:00,3.1375,3.138,3.133,3.134,3.1425,3.143,3.138,3.139,16
2026-03-03 19:00:00,3.1345,3.135,3.129,3.132,3.1395,3.14,3.134,3.137,26
2026-03-03 19:01:00,3.1325,3.1385,3.1325,3.1355,3.1375,3.1435,3.1375,3.1405,17
2026-03-03 19:02:00,3.135,3.135,3.129,3.133,3.14,3.14,3.134,3.138,29
2026-03-03 19:03:00,3.132,3.134,3.131,3.134,3.137,3.139,3.136,3.139,5
2026-03-03 19:04:00,3.133,3.134,3.132,3.133,3.138,3.139,3.137,3.138,17
2026-03-03 19:05:00,3.1335,3.136,3.1325,3.1325,3.1385,3.141,3.1375,3.1375,17
2026-03-03 19:06:00,3.1315,3.1315,3.126,3.127,3.1365,3.1365,3.131,3.132,26
2026-03-03 19:07:00,3.128,3.128,3.118,3.123,3.133,3.133,3.123,3.128,55
2026-03-03 19:08:00,3.124,3.126,3.123,3.125,3.129,3.131,3.128,3.13,20
2026-03-03 19:09:00,3.126,3.126,3.125,3.126,3.131,3.131,3.13,3.131,12
2026-03-03 19:10:00,3.125,3.131,3.125,3.131,3.13,3.136,3.13,3.136,17
2026-03-03 19:11:00,3.1305,3.132,3.123,3.124,3.1355,3.137,3.128,3.129,27
2026-03-03 19:12:00,3.123,3.127,3.12,3.122,3.128,3.132,3.125,3.127,36
2026-03-03 19:13:00,3.123,3.1235,3.121,3.123,3.128,3.1285,3.126,3.128,7
2026-03-03 19:14:00,3.1235,3.126,3.123,3.124,3.1285,3.131,3.128,3.129,30
2026-03-03 19:15:00,3.1255,3.128,3.1255,3.1275,3.1305,3.133,3.1305,3.1325,14
2026-03-03 19:16:00,3.127,3.129,3.12,3.1205,3.132,3.134,3.125,3.1255,24
2026-03-03 19:17:00,3.121,3.123,3.12,3.123,3.126,3.128,3.125,3.128,32
2026-03-03 19:18:00,3.124,3.124,3.119,3.12,3.129,3.129,3.124,3.125,32
2026-03-03 19:19:00,3.119,3.119,3.113,3.114,3.124,3.124,3.118,3.119,39
2026-03-03 19:20:00,3.115,3.115,3.1105,3.1105,3.12,3.12,3.1155,3.1155,42
2026-03-03 19:21:00,3.109,3.1105,3.105,3.106,3.114,3.1155,3.11,3.111,48
2026-03-03 19:22:00,3.1055,3.112,3.1055,3.111,3.1105,3.117,3.1105,3.116,18
2026-03-03 19:23:00,3.112,3.1175,3.111,3.117,3.117,3.1225,3.116,3.122,30
2026-03-03 19:24:00,3.1175,3.1185,3.114,3.117,3.1225,3.1235,3.119,3.122,27
2026-03-03 19:25:00,3.118,3.119,3.114,3.118,3.123,3.124,3.119,3.123,32
2026-03-03 19:26:00,3.1185,3.119,3.115,3.116,3.1235,3.124,3.12,3.121,15
2026-03-03 19:27:00,3.1165,3.117,3.115,3.116,3.1215,3.122,3.12,3.121,14
2026-03-03 19:28:00,3.1165,3.122,3.116,3.122,3.1215,3.127,3.121,3.127,28
2026-03-03 19:29:00,3.1215,3.124,3.119,3.1215,3.1265,3.129,3.124,3.1265,31
2026-03-03 19:30:00,3.1225,3.125,3.118,3.118,3.1275,3.13,3.123,3.123,36
2026-03-03 19:31:00,3.1185,3.119,3.114,3.114,3.1235,3.124,3.119,3.119,15
2026-03-03 19:32:00,3.115,3.116,3.106,3.108,3.12,3.121,3.111,3.113,38
2026-03-03 19:33:00,3.107,3.1085,3.099,3.1,3.112,3.1135,3.104,3.105,37
2026-03-03 19:34:00,3.101,3.102,3.09,3.0935,3.106,3.107,3.095,3.0985,84
2026-03-03 19:35:00,3.0945,3.095,3.09,3.091,3.0995,3.1,3.095,3.096,38
2026-03-03 19:36:00,3.092,3.1,3.092,3.099,3.097,3.105,3.097,3.104,37
2026-03-03 19:37:00,3.096,3.096,3.08,3.08,3.101,3.101,3.085,3.085,53
2026-03-03 19:38:00,3.081,3.082,3.073,3.078,3.086,3.087,3.078,3.083,56
2026-03-03 19:39:00,3.079,3.083,3.076,3.0825,3.084,3.088,3.081,3.0875,37
2026-03-03 19:40:00,3.082,3.0855,3.0785,3.085,3.087,3.0905,3.0835,3.09,49
2026-03-03 19:41:00,3.0855,3.086,3.078,3.0785,3.0905,3.091,3.083,3.0835,27
2026-03-03 19:42:00,3.078,3.079,3.074,3.074,3.083,3.084,3.079,3.079,47
2026-03-03 19:43:00,3.0735,3.079,3.073,3.076,3.0785,3.084,3.078,3.081,46
2026-03-03 19:44:00,3.0765,3.084,3.076,3.0825,3.0815,3.089,3.081,3.0875,43
2026-03-03 19:45:00,3.083,3.087,3.082,3.084,3.088,3.092,3.087,3.089,30
2026-03-03 19:46:00,3.085,3.0855,3.081,3.082,3.09,3.0905,3.086,3.087,21
2026-03-03 19:47:00,3.0815,3.082,3.078,3.081,3.0865,3.087,3.083,3.086,27
2026-03-03 19:48:00,3.0815,3.086,3.0815,3.084,3.0865,3.091,3.0865,3.089,18
2026-03-03 19:49:00,3.085,3.085,3.077,3.078,3.09,3.09,3.082,3.083,26
2026-03-03 19:50:00,3.077,3.081,3.074,3.074,3.082,3.086,3.079,3.079,39
2026-03-03 19:51:00,3.0735,3.074,3.068,3.0715,3.0785,3.079,3.073,3.0765,70
2026-03-03 19:52:00,3.072,3.078,3.072,3.075,3.077,3.083,3.077,3.08,47
2026-03-03 19:53:00,3.0755,3.081,3.075,3.08,3.0805,3.086,3.08,3.085,28
2026-03-03 19:54:00,3.0805,3.092,3.08,3.089,3.0855,3.097,3.085,3.094,40
2026-03-03 19:55:00,3.09,3.094,3.09,3.093,3.095,3.099,3.095,3.098,35
2026-03-03 19:56:00,3.0935,3.0945,3.089,3.089,3.0985,3.0995,3.094,3.094,38
2026-03-03 19:57:00,3.09,3.0905,3.089,3.0905,3.095,3.0955,3.094,3.0955,10
2026-03-03 19:58:00,3.091,3.094,3.0895,3.091,3.096,3.099,3.0945,3.096,24
2026-03-03 19:59:00,3.0915,3.093,3.0895,3.09,3.0965,3.098,3.0945,3.095,21
2026-03-03 20:00:00,3.0895,3.0895,3.081,3.082,3.0945,3.0945,3.086,3.087,49
2026-03-03 20:01:00,3.0825,3.086,3.079,3.0855,3.0875,3.091,3.084,3.0905,29
2026-03-03 20:02:00,3.085,3.086,3.0815,3.082,3.09,3.091,3.0865,3.087,22
2026-03-03 20:03:00,3.0825,3.087,3.0825,3.0845,3.0875,3.092,3.0875,3.0895,19
2026-03-03 20:04:00,3.084,3.084,3.081,3.082,3.089,3.089,3.086,3.087,37
2026-03-03 20:05:00,3.0825,3.084,3.0735,3.076,3.0875,3.089,3.0785,3.081,63
2026-03-03 20:06:00,3.0765,3.08,3.075,3.076,3.0815,3.085,3.08,3.081,42
2026-03-03 20:07:00,3.0755,3.0765,3.071,3.072,3.0805,3.0815,3.076,3.077,31
2026-03-03 20:08:00,3.0715,3.072,3.067,3.069,3.0765,3.077,3.072,3.074,35
2026-03-03 20:09:00,3.0695,3.071,3.066,3.0685,3.0745,3.076,3.071,3.0735,40
2026-03-03 20:10:00,3.069,3.0715,3.066,3.068,3.074,3.0765,3.071,3.073,52
2026-03-03 20:11:00,3.0675,3.068,3.0625,3.066,3.0725,3.073,3.0675,3.071,55
2026-03-03 20:12:00,3.065,3.0655,3.057,3.063,3.07,3.0705,3.062,3.068,77
2026-03-03 20:13:00,3.0625,3.072,3.0625,3.0715,3.0675,3.077,3.0675,3.0765,73
2026-03-03 20:14:00,3.07,3.07,3.065,3.067,3.075,3.075,3.07,3.072,27
2026-03-03 20:15:00,3.0675,3.072,3.0655,3.0655,3.0725,3.077,3.0705,3.0705,48
2026-03-03 20:16:00,3.067,3.074,3.065,3.07,3.072,3.079,3.07,3.075,40
2026-03-03 20:17:00,3.071,3.075,3.071,3.0745,3.076,3.08,3.076,3.0795,40
2026-03-03 20:18:00,3.074,3.079,3.072,3.079,3.079,3.084,3.077,3.084,36
2026-03-03 20:19:00,3.078,3.079,3.072,3.073,3.083,3.084,3.077,3.078,37
2026-03-03 20:20:00,3.072,3.073,3.07,3.071,3.077,3.078,3.075,3.076,38
2026-03-03 20:21:00,3.0705,3.071,3.064,3.066,3.0755,3.076,3.069,3.071,41
2026-03-03 20:22:00,3.065,3.068,3.064,3.068,3.07,3.073,3.069,3.073,19
2026-03-03 20:23:00,3.067,3.0675,3.063,3.064,3.072,3.0725,3.068,3.069,21
2026-03-03 20:24:00,3.0635,3.065,3.057,3.058,3.0685,3.07,3.062,3.063,39
2026-03-03 20:25:00,3.0585,3.063,3.0555,3.063,3.0635,3.068,3.0605,3.068,57
2026-03-03 20:26:00,3.0625,3.064,3.06,3.061,3.0675,3.069,3.065,3.066,46
2026-03-03 20:27:00,3.0605,3.0685,3.0605,3.0685,3.0655,3.0735,3.0655,3.0735,32
2026-03-03 20:28:00,3.067,3.07,3.05,3.0655,3.072,3.075,3.055,3.0705,212
2026-03-03 20:29:00,3.065,3.068,3.061,3.0655,3.07,3.073,3.066,3.0705,85
2026-03-03 20:30:00,3.0645,3.065,3.061,3.0645,3.0695,3.07,3.066,3.0695,62
2026-03-03 20:31:00,3.065,3.067,3.065,3.065,3.07,3.072,3.07,3.07,27
2026-03-03 20:32:00,3.063,3.067,3.063,3.0655,3.068,3.072,3.068,3.0705,29
2026-03-03 20:33:00,3.065,3.07,3.065,3.07,3.07,3.075,3.07,3.075,30
2026-03-03 20:34:00,3.071,3.078,3.07,3.0765,3.076,3.083,3.075,3.0815,36
2026-03-03 20:35:00,3.076,3.078,3.074,3.0765,3.081,3.083,3.079,3.0815,19
2026-03-03 20:36:00,3.076,3.079,3.076,3.078,3.081,3.084,3.081,3.083,14
2026-03-03 20:37:00,3.0785,3.079,3.07,3.0715,3.0835,3.084,3.075,3.0765,59
2026-03-03 20:38:00,3.07,3.08,3.07,3.078,3.075,3.085,3.075,3.083,51
2026-03-03 20:39:00,3.077,3.0775,3.07,3.0715,3.082,3.0825,3.075,3.0765,68
2026-03-03 20:40:00,3.071,3.072,3.065,3.0655,3.076,3.077,3.07,3.0705,42
2026-03-03 20:41:00,3.064,3.065,3.046,3.048,3.069,3.07,3.051,3.053,106
2026-03-03 20:42:00,3.047,3.051,3.027,3.0275,3.052,3.056,3.032,3.0325,101
2026-03-03 20:43:00,3.027,3.0295,2.999,3.0055,3.032,3.0345,3.004,3.0105,293
2026-03-03 20:44:00,3.006,3.013,3.0015,3.0105,3.011,3.018,3.0065,3.0155,113
2026-03-03 20:45:00,3.01,3.016,3.0,3.0085,3.015,3.021,3.005,3.0135,150
2026-03-03 20:46:00,3.008,3.01,2.9965,3.0065,3.013,3.015,3.0015,3.0115,102
2026-03-03 20:47:00,3.007,3.0255,3.005,3.0245,3.012,3.0305,3.01,3.0295,107
2026-03-03 20:48:00,3.025,3.03,3.0185,3.026,3.03,3.035,3.0235,3.031,83
2026-03-03 20:49:00,3.0255,3.031,3.024,3.0265,3.0305,3.036,3.029,3.0315,43
2026-03-03 20:50:00,3.025,3.032,3.025,3.026,3.03,3.037,3.03,3.031,40
2026-03-03 20:51:00,3.0255,3.03,3.024,3.03,3.0305,3.035,3.029,3.035,55
2026-03-03 20:52:00,3.0305,3.036,3.03,3.0335,3.0355,3.041,3.035,3.0385,37
2026-03-03 20:53:00,3.034,3.042,3.034,3.04,3.039,3.047,3.039,3.045,46
2026-03-03 20:54:00,3.0405,3.041,3.031,3.033,3.0455,3.046,3.036,3.038,51
2026-03-03 20:55:00,3.034,3.038,3.031,3.031,3.039,3.043,3.036,3.036,42
2026-03-03 20:56:00,3.032,3.0385,3.031,3.0345,3.037,3.0435,3.036,3.0395,66
2026-03-03 20:57:00,3.035,3.039,3.034,3.0375,3.04,3.044,3.039,3.0425,66
2026-03-03 20:58:00,3.0365,3.04,3.0365,3.0395,3.0415,3.045,3.0415,3.0445,29
2026-03-03 20:59:00,3.041,3.053,3.041,3.0515,3.046,3.058,3.046,3.0565,73
2026-03-03 21:00:00,3.051,3.052,3.048,3.052,3.056,3.057,3.053,3.057,48
2026-03-03 21:01:00,3.053,3.056,3.051,3.054,3.058,3.061,3.056,3.059,40
2026-03-03 21:02:00,3.0535,3.056,3.051,3.053,3.0585,3.061,3.056,3.058,37
2026-03-03 21:03:00,3.0525,3.055,3.048,3.048,3.0575,3.06,3.053,3.053,26
2026-03-03 21:04:00,3.0485,3.056,3.0475,3.054,3.0535,3.061,3.0525,3.059,54
2026-03-03 21:05:00,3.0545,3.055,3.051,3.051,3.0595,3.06,3.056,3.056,36
2026-03-03 21:06:00,3.0505,3.0505,3.043,3.049,3.0555,3.0555,3.048,3.054,39
2026-03-03 21:07:00,3.0495,3.0495,3.044,3.045,3.0545,3.0545,3.049,3.05,40
2026-03-03 21:08:00,3.0455,3.047,3.0445,3.0465,3.0505,3.052,3.0495,3.0515,21
2026-03-03 21:09:00,3.046,3.053,3.046,3.0525,3.051,3.058,3.051,3.0575,57
2026-03-03 21:10:00,3.0515,3.053,3.0455,3.0485,3.0565,3.058,3.0505,3.0535,39
2026-03-03 21:11:00,3.049,3.05,3.048,3.0485,3.054,3.055,3.053,3.0535,16
2026-03-03 21:12:00,3.048,3.048,3.042,3.043,3.053,3.053,3.047,3.048,30
2026-03-03 21:13:00,3.0435,3.046,3.042,3.045,3.0485,3.051,3.047,3.05,19
2026-03-03 21:14:00,3.0455,3.0455,3.042,3.0425,3.0505,3.0505,3.047,3.0475,12
2026-03-03 21:15:00,3.043,3.0465,3.043,3.0455,3.048,3.0515,3.048,3.0505,14
2026-03-03 21:16:00,3.046,3.051,3.045,3.0465,3.051,3.056,3.05,3.0515,38
2026-03-03 21:17:00,3.0455,3.047,3.0445,3.047,3.0505,3.052,3.0495,3.052,17
2026-03-03 21:18:00,3.0465,3.048,3.0465,3.0465,3.0515,3.053,3.0515,3.0515,8
2026-03-03 21:19:00,3.047,3.049,3.0465,3.049,3.052,3.054,3.0515,3.054,9
2026-03-03 21:20:00,3.0495,3.05,3.0475,3.0485,3.0545,3.055,3.0525,3.0535,12
2026-03-03 21:21:00,3.048,3.05,3.0475,3.049,3.053,3.055,3.0525,3.054,10
2026-03-03 21:22:00,3.05,3.051,3.049,3.049,3.055,3.056,3.054,3.054,12
2026-03-03 21:23:00,3.0485,3.0535,3.048,3.053,3.0535,3.0585,3.053,3.058,15
2026-03-03 21:24:00,3.0535,3.059,3.053,3.058,3.0585,3.064,3.058,3.063,39
2026-03-03 21:25:00,3.0575,3.0675,3.0575,3.0665,3.0625,3.0725,3.0625,3.0715,49
2026-03-03 21:26:00,3.066,3.0675,3.0635,3.0635,3.071,3.0725,3.0685,3.0685,29
2026-03-03 21:27:00,3.064,3.065,3.062,3.0635,3.069,3.07,3.067,3.0685,34
2026-03-03 21:28:00,3.0645,3.071,3.062,3.0675,3.0695,3.076,3.067,3.0725,45
2026-03-03 21:29:00,3.067,3.0695,3.065,3.065,3.072,3.0745,3.07,3.07,24
2026-03-03 21:30:00,3.0645,3.0685,3.0625,3.066,3.0695,3.0735,3.0675,3.071,33
2026-03-03 21:31:00,3.065,3.065,3.059,3.06,3.07,3.07,3.064,3.065,29
2026-03-03 21:32:00,3.0605,3.063,3.0605,3.062,3.0655,3.068,3.0655,3.067,17
2026-03-03 21:33:00,3.0625,3.063,3.061,3.0615,3.0675,3.068,3.066,3.0665,10
2026-03-03 21:34:00,3.062,3.062,3.06,3.06,3.067,3.067,3.065,3.065,9
2026-03-03 21:35:00,3.0595,3.061,3.059,3.0595,3.0645,3.066,3.064,3.0645,27
2026-03-03 21:36:00,3.06,3.06,3.058,3.0595,3.065,3.065,3.063,3.0645,12
2026-03-03 21:37:00,3.06,3.0605,3.059,3.059,3.065,3.0655,3.064,3.064,10
2026-03-03 21:38:00,3.0585,3.063,3.0585,3.06,3.0635,3.068,3.0635,3.065,21
2026-03-03 21:39:00,3.0595,3.0625,3.0595,3.0625,3.0645,3.0675,3.0645,3.0675,10
2026-03-03 21:40:00,3.063,3.065,3.062,3.0625,3.068,3.07,3.067,3.0675,21
2026-03-03 21:41:00,3.062,3.07,3.06,3.062,3.067,3.075,3.065,3.067,32
2026-03-03 21:42:00,3.0615,3.062,3.0605,3.0615,3.0665,3.067,3.0655,3.0665,15
2026-03-03 21:43:00,3.061,3.062,3.06,3.0605,3.066,3.067,3.065,3.0655,14
2026-03-03 21:44:00,3.06,3.0605,3.055,3.058,3.065,3.0655,3.06,3.063,23
2026-03-03 21:45:00,3.0585,3.061,3.0585,3.0595,3.0635,3.066,3.0635,3.0645,12
2026-03-03 21:46:00,3.06,3.062,3.06,3.062,3.065,3.067,3.065,3.067,14
2026-03-03 21:47:00,3.061,3.061,3.059,3.0605,3.066,3.066,3.064,3.0655,7
2026-03-03 21:48:00,3.061,3.0615,3.0585,3.0585,3.066,3.0665,3.0635,3.0635,19
2026-03-03 21:49:00,3.059,3.0615,3.059,3.0595,3.064,3.0665,3.064,3.0645,17
2026-03-03 21:50:00,3.06,3.0605,3.0595,3.06,3.065,3.0655,3.0645,3.065,11
2026-03-03 21:51:00,3.0595,3.06,3.058,3.06,3.0645,3.065,3.063,3.065,9
2026-03-03 21:52:00,3.0605,3.0615,3.057,3.057,3.0655,3.0665,3.062,3.062,11
2026-03-03 21:53:00,3.0575,3.058,3.057,3.058,3.0625,3.063,3.062,3.063,3
2026-03-03 21:54:00,3.059,3.06,3.059,3.0595,3.064,3.065,3.064,3.0645,5
2026-03-03 21:55:00,3.059,3.062,3.059,3.059,3.064,3.067,3.064,3.064,20
2026-03-03 21:56:00,3.0595,3.0615,3.059,3.059,3.0645,3.0665,3.064,3.064,19
2026-03-03 21:57:00,3.058,3.0605,3.057,3.057,3.063,3.0655,3.062,3.062,20
2026-03-03 21:58:00,3.058,3.061,3.058,3.059,3.063,3.066,3.063,3.064,14
2026-03-03 21:59:00,3.0585,3.062,3.057,3.0575,3.0635,3.067,3.062,3.0625,30
2026-03-03 22:00:00,3.0585,3.06,3.056,3.0595,3.0635,3.065,3.061,3.0645,29
2026-03-03 22:01:00,3.059,3.0605,3.059,3.0605,3.064,3.0655,3.064,3.0655,6
2026-03-03 22:02:00,3.06,3.06,3.056,3.0565,3.065,3.065,3.061,3.0615,14
2026-03-03 22:03:00,3.055,3.057,3.055,3.0565,3.06,3.062,3.06,3.0615,8
2026-03-03 22:04:00,3.057,3.057,3.0555,3.0555,3.062,3.062,3.0605,3.0605,31
2026-03-03 22:05:00,3.056,3.057,3.053,3.053,3.061,3.062,3.058,3.058,47
2026-03-03 22:06:00,3.054,3.055,3.053,3.0535,3.059,3.06,3.058,3.0585,8
2026-03-03 22:07:00,3.054,3.054,3.051,3.051,3.059,3.059,3.056,3.056,9
2026-03-03 22:08:00,3.05,3.051,3.05,3.051,3.055,3.056,3.055,3.056,10
2026-03-03 22:09:00,3.0515,3.052,3.048,3.048,3.0565,3.057,3.053,3.053,19
2026-03-03 22:10:00,3.047,3.051,3.046,3.05,3.052,3.056,3.051,3.055,15
2026-03-03 22:11:00,3.0495,3.056,3.048,3.056,3.0545,3.061,3.053,3.061,37
2026-03-03 22:12:00,3.055,3.06,3.0525,3.057,3.06,3.065,3.0575,3.062,36
2026-03-03 22:13:00,3.0575,3.058,3.0565,3.0565,3.0625,3.063,3.0615,3.0615,5
2026-03-03 22:14:00,3.056,3.057,3.0555,3.057,3.061,3.062,3.0605,3.062,12
2026-03-03 22:15:00,3.0575,3.058,3.057,3.0575,3.0625,3.063,3.062,3.0625,11
2026-03-03 22:16:00,3.058,3.058,3.055,3.0575,3.063,3.063,3.06,3.0625,9
2026-03-03 22:17:00,3.058,3.061,3.058,3.0585,3.063,3.066,3.063,3.0635,11
2026-03-03 22:18:00,3.06,3.065,3.059,3.0645,3.065,3.07,3.064,3.0695,18
2026-03-03 22:19:00,3.065,3.065,3.061,3.063,3.07,3.07,3.066,3.068,9
2026-03-03 22:20:00,3.0625,3.0645,3.06,3.064,3.0675,3.0695,3.065,3.069,25
2026-03-03 22:21:00,3.0635,3.065,3.061,3.0635,3.0685,3.07,3.066,3.0685,28
2026-03-03 22:22:00,3.064,3.065,3.0625,3.0625,3.069,3.07,3.0675,3.0675,16
2026-03-03 22:23:00,3.062,3.062,3.059,3.0595,3.067,3.067,3.064,3.0645,10
2026-03-03 22:24:00,3.059,3.0605,3.059,3.06,3.064,3.0655,3.064,3.065,9
2026-03-03 22:25:00,3.0595,3.06,3.0585,3.059,3.0645,3.065,3.0635,3.064,7
2026-03-03 22:26:00,3.058,3.058,3.056,3.056,3.063,3.063,3.061,3.061,4
2026-03-03 22:27:00,3.055,3.0585,3.055,3.0575,3.06,3.0635,3.06,3.0625,43
2026-03-03 22:28:00,3.0585,3.0585,3.057,3.057,3.0635,3.0635,3.062,3.062,17
2026-03-03 22:29:00,3.056,3.056,3.0555,3.056,3.061,3.061,3.0605,3.061,3
2026-03-03 22:30:00,3.0555,3.0555,3.055,3.0555,3.0605,3.0605,3.06,3.0605,7
2026-03-03 22:31:00,3.056,3.059,3.056,3.0575,3.061,3.064,3.061,3.0625,8
2026-03-03 22:33:00,3.058,3.058,3.056,3.0575,3.063,3.063,3.061,3.0625,13
2026-03-03 22:34:00,3.0565,3.057,3.054,3.054,3.0615,3.062,3.059,3.059,7
2026-03-03 22:35:00,3.053,3.053,3.052,3.0525,3.058,3.058,3.057,3.0575,16
2026-03-03 22:36:00,3.053,3.053,3.045,3.047,3.058,3.058,3.05,3.052,29
2026-03-03 22:37:00,3.046,3.046,3.044,3.045,3.051,3.051,3.049,3.05,14
2026-03-03 22:38:00,3.0455,3.0465,3.044,3.046,3.0505,3.0515,3.049,3.051,23
2026-03-03 22:39:00,3.0455,3.047,3.045,3.047,3.0505,3.052,3.05,3.052,15
2026-03-03 22:40:00,3.046,3.047,3.045,3.047,3.051,3.052,3.05,3.052,12
2026-03-03 22:41:00,3.0465,3.0465,3.0395,3.0395,3.0515,3.0515,3.0445,3.0445,17
2026-03-03 22:42:00,3.041,3.044,3.039,3.043,3.046,3.049,3.044,3.048,25
2026-03-03 22:43:00,3.0435,3.046,3.0435,3.045,3.0485,3.051,3.0485,3.05,14
2026-03-03 22:44:00,3.0455,3.0465,3.045,3.046,3.0505,3.0515,3.05,3.051,12
2026-03-03 22:45:00,3.0465,3.049,3.0445,3.049,3.0515,3.054,3.0495,3.054,24
2026-03-03 22:46:00,3.0485,3.049,3.048,3.049,3.0535,3.054,3.053,3.054,3
2026-03-03 22:47:00,3.0495,3.055,3.0495,3.0535,3.0545,3.06,3.0545,3.0585,28
2026-03-03 22:48:00,3.054,3.0545,3.05,3.0515,3.059,3.0595,3.055,3.0565,15
2026-03-03 22:49:00,3.052,3.052,3.051,3.052,3.057,3.057,3.056,3.057,8
2026-03-03 22:50:00,3.0515,3.052,3.051,3.0515,3.0565,3.057,3.056,3.0565,6
2026-03-03 22:51:00,3.051,3.052,3.048,3.0485,3.056,3.057,3.053,3.0535,10
2026-03-03 22:52:00,3.05,3.051,3.046,3.0475,3.055,3.056,3.051,3.0525,8
2026-03-03 22:53:00,3.047,3.051,3.0465,3.049,3.052,3.056,3.0515,3.054,13
2026-03-03 22:54:00,3.0495,3.0505,3.0485,3.049,3.0545,3.0555,3.0535,3.054,6
2026-03-03 22:55:00,3.0495,3.051,3.047,3.049,3.0545,3.056,3.052,3.054,22
2026-03-03 22:56:00,3.0485,3.049,3.0465,3.049,3.0535,3.054,3.0515,3.054,9
2026-03-03 22:57:00,3.0485,3.0485,3.046,3.0465,3.0535,3.0535,3.051,3.0515,7
2026-03-03 22:58:00,3.046,3.0475,3.045,3.045,3.051,3.0525,3.05,3.05,23
2026-03-03 22:59:00,3.044,3.05,3.044,3.0466,3.049,3.055,3.049,3.0516,22
2026-03-03 23:00:00,3.0501,3.0501,3.0501,3.0501,3.0511,3.0511,3.0511,3.0511,1
2026-03-04 00:00:00,3.0501,3.0521,3.0476,3.0491,3.0551,3.0571,3.0526,3.0541,14
2026-03-04 00:01:00,3.0496,3.0506,3.0491,3.0501,3.0546,3.0556,3.0541,3.0551,6
2026-03-04 00:02:00,3.0496,3.0496,3.0461,3.0481,3.0546,3.0546,3.0511,3.0531,7
2026-03-04 00:03:00,3.0476,3.0481,3.0476,3.0481,3.0526,3.0531,3.0526,3.0531,2
2026-03-04 00:04:00,3.0476,3.0501,3.0461,3.0501,3.0526,3.0551,3.0511,3.0551,9
2026-03-04 00:05:00,3.0511,3.0541,3.0511,3.0526,3.0561,3.0591,3.0561,3.0576,11
2026-03-04 00:06:00,3.0511,3.0541,3.0501,3.0541,3.0561,3.0591,3.0551,3.0591,8
2026-03-04 00:07:00,3.0531,3.0531,3.0501,3.0501,3.0581,3.0581,3.0551,3.0551,7
2026-03-04 00:08:00,3.0491,3.0501,3.0471,3.0486,3.0541,3.0551,3.0521,3.0536,8
2026-03-04 00:09:00,3.0491,3.0491,3.0461,3.0461,3.0541,3.0541,3.0511,3.0511,9
2026-03-04 00:10:00,3.0466,3.0491,3.0461,3.0486,3.0516,3.0541,3.0511,3.0536,5
2026-03-04 00:11:00,3.0491,3.0501,3.0491,3.0501,3.0541,3.0551,3.0541,3.0551,4
2026-03-04 00:12:00,3.0506,3.0511,3.0506,3.0511,3.0556,3.0561,3.0556,3.0561,2
2026-03-04 00:13:00,3.0521,3.0526,3.0521,3.0526,3.0571,3.0576,3.0571,3.0576,2
2026-03-04 00:14:00,3.0541,3.0541,3.0526,3.0526,3.0591,3.0591,3.0576,3.0576,3
2026-03-04 00:15:00,3.0516,3.0526,3.0491,3.0491,3.0566,3.0576,3.0541,3.0541,6
2026-03-04 00:16:00,3.0486,3.0486,3.0436,3.0451,3.0536,3.0536,3.0486,3.0501,12
2026-03-04 00:17:00,3.0441,3.0466,3.0431,3.0466,3.0491,3.0516,3.0481,3.0516,5
2026-03-04 00:18:00,3.0456,3.0531,3.0456,3.0531,3.0506,3.0581,3.0506,3.0581,7
2026-03-04 00:19:00,3.0516,3.0541,3.0516,3.0516,3.0566,3.0591,3.0566,3.0566,7
2026-03-04 00:20:00,3.0531,3.0551,3.0511,3.0511,3.0581,3.0601,3.0561,3.0561,8
2026-03-04 00:21:00,3.0501,3.0546,3.0496,3.0546,3.0551,3.0596,3.0546,3.0596,4
2026-03-04 00:22:00,3.0561,3.0561,3.0551,3.0551,3.0611,3.0611,3.0601,3.0601,2
2026-03-04 00:23:00,3.0556,3.0571,3.0556,3.0571,3.0606,3.0621,3.0606,3.0621,3
2026-03-04 00:25:00,3.0581,3.0586,3.0581,3.0581,3.0631,3.0636,3.0631,3.0631,3
2026-03-04 00:26:00,3.0571,3.0581,3.0571,3.0581,3.0621,3.0631,3.0621,3.0631,2
2026-03-04 00:27:00,3.0586,3.0606,3.0581,3.0591,3.0636,3.0656,3.0631,3.0641,9
2026-03-04 00:28:00,3.0601,3.0621,3.0601,3.0616,3.0651,3.0671,3.0651,3.0666,4
2026-03-04 00:29:00,3.0611,3.0611,3.0601,3.0606,3.0661,3.0661,3.0651,3.0656,6
2026-03-04 00:30:00,3.0611,3.0646,3.0611,3.0646,3.0661,3.0696,3.0661,3.0696,12
2026-03-04 00:31:00,3.0641,3.0646,3.0641,3.0646,3.0691,3.0696,3.0691,3.0696,2
2026-03-04 00:32:00,3.0651,3.0656,3.0651,3.0656,3.0701,3.0706,3.0701,3.0706,2
2026-03-04 00:33:00,3.0651,3.0686,3.0631,3.0686,3.0701,3.0736,3.0681,3.0736,16
2026-03-04 00:34:00,3.0681,3.0681,3.0651,3.0656,3.0731,3.0731,3.0701,3.0706,8
2026-03-04 00:35:00,3.0646,3.0646,3.0646,3.0646,3.0696,3.0696,3.0696,3.0696,1
2026-03-04 00:36:00,3.0641,3.0641,3.0606,3.0606,3.0691,3.0691,3.0656,3.0656,4
2026-03-04 00:37:00,3.0601,3.0601,3.0601,3.0601,3.0651,3.0651,3.0651,3.0651,1
2026-03-04 00:38:00,3.0596,3.0596,3.0576,3.0591,3.0646,3.0646,3.0626,3.0641,4
2026-03-04 00:39:00,3.0596,3.0611,3.0596,3.0611,3.0646,3.0661,3.0646,3.0661,3
2026-03-04 00:40:00,3.0601,3.0606,3.0576,3.0576,3.0651,3.0656,3.0626,3.0626,6
2026-03-04 00:41:00,3.0581,3.0581,3.0571,3.0571,3.0631,3.0631,3.0621,3.0621,3
2026-03-04 00:42:00,3.0566,3.0581,3.0566,3.0581,3.0616,3.0631,3.0616,3.0631,3
2026-03-04 00:43:00,3.0576,3.0576,3.0571,3.0571,3.0626,3.0626,3.0621,3.0621,2
2026-03-04 00:44:00,3.0556,3.0556,3.0516,3.0541,3.0606,3.0606,3.0566,3.0591,10
2026-03-04 00:45:00,3.0536,3.0551,3.0536,3.0551,3.0586,3.0601,3.0586,3.0601,3
2026-03-04 00:46:00,3.0556,3.0576,3.0556,3.0576,3.0606,3.0626,3.0606,3.0626,4
2026-03-04 00:47:00,3.0571,3.0571,3.0571,3.0571,3.0621,3.0621,3.0621,3.0621,1
2026-03-04 00:48:00,3.0576,3.0581,3.0576,3.0581,3.0626,3.0631,3.0626,3.0631,2
2026-03-04 00:49:00,3.0576,3.0581,3.0576,3.0581,3.0626,3.0631,3.0626,3.0631,2
2026-03-04 00:50:00,3.0576,3.0581,3.0576,3.0581,3.0626,3.0631,3.0626,3.0631,2
2026-03-04 00:53:00,3.0571,3.0571,3.0551,3.0551,3.0621,3.0621,3.0601,3.0601,7
2026-03-04 00:54:00,3.0556,3.0556,3.0556,3.0556,3.0606,3.0606,3.0606,3.0606,1
2026-03-04 00:55:00,3.0551,3.0551,3.0536,3.0551,3.0601,3.0601,3.0586,3.0601,5
2026-03-04 00:56:00,3.0546,3.0546,3.0521,3.0521,3.0596,3.0596,3.0571,3.0571,4
2026-03-04 00:57:00,3.0511,3.0516,3.0511,3.0516,3.0561,3.0566,3.0561,3.0566,2
2026-03-04 00:58:00,3.0521,3.0526,3.0506,3.0506,3.0571,3.0576,3.0556,3.0556,6
2026-03-04 00:59:00,3.0511,3.0511,3.0511,3.0511,3.0561,3.0561,3.0561,3.0561,1
2026-03-04 01:00:00,3.0521,3.0551,3.0521,3.0546,3.0571,3.0601,3.0571,3.0596,14
2026-03-04 01:01:00,3.0541,3.0541,3.0506,3.0506,3.0591,3.0591,3.0556,3.0556,6
2026-03-04 01:02:00,3.0521,3.0521,3.0501,3.0506,3.0571,3.0571,3.0551,3.0556,9
2026-03-04 01:03:00,3.0501,3.0516,3.0501,3.0516,3.0551,3.0566,3.0551,3.0566,4
2026-03-04 01:04:00,3.0521,3.0541,3.0521,3.0531,3.0571,3.0591,3.0571,3.0581,7
2026-03-04 01:05:00,3.0541,3.0551,3.0481,3.0486,3.0591,3.0601,3.0531,3.0536,14
2026-03-04 01:06:00,3.0481,3.0481,3.0476,3.0476,3.0531,3.0531,3.0526,3.0526,2
2026-03-04 01:07:00,3.0471,3.0491,3.0471,3.0476,3.0521,3.0541,3.0521,3.0526,8
2026-03-04 01:08:00,3.0461,3.0476,3.0461,3.0476,3.0511,3.0526,3.0511,3.0526,2
2026-03-04 01:09:00,3.0471,3.0496,3.0471,3.0496,3.0521,3.0546,3.0521,3.0546,3
2026-03-04 01:10:00,3.0486,3.0486,3.0486,3.0486,3.0536,3.0536,3.0536,3.0536,1
2026-03-04 01:11:00,3.0481,3.0481,3.0481,3.0481,3.0531,3.0531,3.0531,3.0531,1
2026-03-04 01:12:00,3.0486,3.0491,3.0486,3.0491,3.0536,3.0541,3.0536,3.0541,2
2026-03-04 01:13:00,3.0481,3.0481,3.0471,3.0471,3.0531,3.0531,3.0521,3.0521,2
2026-03-04 01:14:00,3.0466,3.0466,3.0466,3.0466,3.0516,3.0516,3.0516,3.0516,1
2026-03-04 01:15:00,3.0456,3.0461,3.0441,3.0461,3.0506,3.0511,3.0491,3.0511,5
2026-03-04 01:16:00,3.0471,3.0471,3.0401,3.0401,3.0521,3.0521,3.0451,3.0451,8
2026-03-04 01:17:00,3.0396,3.0401,3.0381,3.0391,3.0446,3.0451,3.0431,3.0441,13
2026-03-04 01:18:00,3.0386,3.0386,3.0386,3.0386,3.0436,3.0436,3.0436,3.0436,1
2026-03-04 01:19:00,3.0391,3.0391,3.0331,3.0351,3.0441,3.0441,3.0381,3.0401,15
2026-03-04 01:20:00,3.0361,3.0381,3.0341,3.0361,3.0411,3.0431,3.0391,3.0411,13
2026-03-04 01:21:00,3.0351,3.0361,3.0311,3.0356,3.0401,3.0411,3.0361,3.0406,18
2026-03-04 01:22:00,3.0351,3.0366,3.0311,3.0366,3.0401,3.0416,3.0361,3.0416,15
2026-03-04 01:23:00,3.0361,3.0361,3.0336,3.0336,3.0411,3.0411,3.0386,3.0386,3
2026-03-04 01:24:00,3.0351,3.0351,3.0331,3.0336,3.0401,3.0401,3.0381,3.0386,8
2026-03-04 01:25:00,3.0331,3.0341,3.0331,3.0341,3.0381,3.0391,3.0381,3.0391,2
2026-03-04 01:26:00,3.0346,3.0366,3.0321,3.0356,3.0396,3.0416,3.0371,3.0406,14
2026-03-04 01:27:00,3.0361,3.0361,3.0356,3.0356,3.0411,3.0411,3.0406,3.0406,2
2026-03-04 01:28:00,3.0336,3.0351,3.0331,3.0351,3.0386,3.0401,3.0381,3.0401,8
2026-03-04 01:29:00,3.0356,3.0371,3.0346,3.0346,3.0406,3.0421,3.0396,3.0396,8
2026-03-04 01:30:00,3.0341,3.0341,3.0301,3.0306,3.0391,3.0391,3.0351,3.0356,11
2026-03-04 01:31:00,3.0311,3.0331,3.0301,3.0316,3.0361,3.0381,3.0351,3.0366,9
2026-03-04 01:32:00,3.0306,3.0336,3.0306,3.0331,3.0356,3.0386,3.0356,3.0381,7
2026-03-04 01:33:00,3.0326,3.0331,3.0326,3.0331,3.0376,3.0381,3.0376,3.0381,4
2026-03-04 01:34:00,3.0321,3.0321,3.0321,3.0321,3.0371,3.0371,3.0371,3.0371,1
2026-03-04 01:35:00,3.0326,3.0341,3.0321,3.0326,3.0376,3.0391,3.0371,3.0376,8
2026-03-04 01:36:00,3.0331,3.0381,3.0321,3.0381,3.0381,3.0431,3.0371,3.0431,12
2026-03-04 01:37:00,3.0376,3.0391,3.0376,3.0391,3.0426,3.0441,3.0426,3.0441,6
2026-03-04 01:38:00,3.0381,3.0391,3.0381,3.0386,3.0431,3.0441,3.0431,3.0436,5
2026-03-04 01:39:00,3.0376,3.0376,3.0346,3.0346,3.0426,3.0426,3.0396,3.0396,4
2026-03-04 01:40:00,3.0351,3.0376,3.0331,3.0341,3.0401,3.0426,3.0381,3.0391,12
2026-03-04 01:41:00,3.0351,3.0356,3.0346,3.0346,3.0401,3.0406,3.0396,3.0396,3
2026-03-04 01:42:00,3.0351,3.0406,3.0346,3.0376,3.0401,3.0456,3.0396,3.0426,12
2026-03-04 01:43:00,3.0381,3.0381,3.0346,3.0346,3.0431,3.0431,3.0396,3.0396,5
2026-03-04 01:45:00,3.0336,3.0346,3.0336,3.0336,3.0386,3.0396,3.0386,3.0386,4
2026-03-04 01:46:00,3.0341,3.0366,3.0341,3.0366,3.0391,3.0416,3.0391,3.0416,6
2026-03-04 01:48:00,3.0371,3.0371,3.0356,3.0361,3.0421,3.0421,3.0406,3.0411,3
2026-03-04 01:49:00,3.0356,3.0356,3.0351,3.0356,3.0406,3.0406,3.0401,3.0406,3
2026-03-04 01:50:00,3.0361,3.0381,3.0346,3.0356,3.0411,3.0431,3.0396,3.0406,6
2026-03-04 01:51:00,3.0361,3.0361,3.0351,3.0351,3.0411,3.0411,3.0401,3.0401,3
2026-03-04 01:52:00,3.0356,3.0376,3.0356,3.0376,3.0406,3.0426,3.0406,3.0426,4
2026-03-04 01:53:00,3.0371,3.0371,3.0351,3.0351,3.0421,3.0421,3.0401,3.0401,7
2026-03-04 01:54:00,3.0346,3.0381,3.0346,3.0371,3.0396,3.0431,3.0396,3.0421,8
2026-03-04 01:55:00,3.0376,3.0376,3.0366,3.0371,3.0426,3.0426,3.0416,3.0421,4
2026-03-04 01:56:00,3.0366,3.0371,3.0366,3.0371,3.0416,3.0421,3.0416,3.0421,2
2026-03-04 01:58:00,3.0376,3.0406,3.0376,3.0406,3.0426,3.0456,3.0426,3.0456,4
2026-03-04 01:59:00,3.0401,3.0406,3.0401,3.0406,3.0451,3.0456,3.0451,3.0456,2
2026-03-04 02:00:00,3.0411,3.0411,3.0356,3.0356,3.0461,3.0461,3.0406,3.0406,16
2026-03-04 02:01:00,3.0351,3.0366,3.0341,3.0366,3.0401,3.0416,3.0391,3.0416,6
2026-03-04 02:02:00,3.0361,3.0381,3.0356,3.0366,3.0411,3.0431,3.0406,3.0416,5
2026-03-04 02:03:00,3.0361,3.0371,3.0361,3.0366,3.0411,3.0421,3.0411,3.0416,3
2026-03-04 02:04:00,3.0361,3.0361,3.0361,3.0361,3.0411,3.0411,3.0411,3.0411,1
2026-03-04 02:05:00,3.0356,3.0366,3.0356,3.0366,3.0406,3.0416,3.0406,3.0416,2
2026-03-04 02:06:00,3.0376,3.0381,3.0366,3.0366,3.0426,3.0431,3.0416,3.0416,5
2026-03-04 02:07:00,3.0356,3.0361,3.0356,3.0361,3.0406,3.0411,3.0406,3.0411,2
2026-03-04 02:08:00,3.0356,3.0356,3.0351,3.0356,3.0406,3.0406,3.0401,3.0406,3
2026-03-04 02:09:00,3.0361,3.0386,3.0356,3.0386,3.0411,3.0436,3.0406,3.0436,6
2026-03-04 02:10:00,3.0391,3.0416,3.0381,3.0416,3.0441,3.0466,3.0431,3.0466,7
2026-03-04 02:11:00,3.0421,3.0421,3.0411,3.0416,3.0471,3.0471,3.0461,3.0466,5
2026-03-04 02:12:00,3.0421,3.0441,3.0421,3.0441,3.0471,3.0491,3.0471,3.0491,5
2026-03-04 02:13:00,3.0436,3.0436,3.0416,3.0421,3.0486,3.0486,3.0466,3.0471,5
2026-03-04 02:14:00,3.0416,3.0426,3.0416,3.0426,3.0466,3.0476,3.0466,3.0476,2
2026-03-04 02:15:00,3.0431,3.0431,3.0426,3.0426,3.0481,3.0481,3.0476,3.0476,2
2026-03-04 02:16:00,3.0421,3.0481,3.0416,3.0476,3.0471,3.0531,3.0466,3.0526,17
2026-03-04 02:17:00,3.0471,3.0481,3.0466,3.0466,3.0521,3.0531,3.0516,3.0516,3
2026-03-04 02:19:00,3.0456,3.0466,3.0456,3.0466,3.0506,3.0516,3.0506,3.0516,3
2026-03-04 02:20:00,3.0471,3.0481,3.0471,3.0471,3.0521,3.0531,3.0521,3.0521,4
2026-03-04 02:21:00,3.0466,3.0476,3.0446,3.0476,3.0516,3.0526,3.0496,3.0526,7
2026-03-04 02:23:00,3.0481,3.0491,3.0481,3.0486,3.0531,3.0541,3.0531,3.0536,3
2026-03-04 02:24:00,3.0481,3.0481,3.0481,3.0481,3.0531,3.0531,3.0531,3.0531,1
2026-03-04 02:25:00,3.0486,3.0486,3.0486,3.0486,3.0536,3.0536,3.0536,3.0536,1
2026-03-04 02:26:00,3.0491,3.0491,3.0471,3.0476,3.0541,3.0541,3.0521,3.0526,6
2026-03-04 02:27:00,3.0481,3.0481,3.0481,3.0481,3.0531,3.0531,3.0531,3.0531,1
2026-03-04 02:28:00,3.0486,3.0531,3.0486,3.0521,3.0536,3.0581,3.0536,3.0571,9
2026-03-04 02:29:00,3.0526,3.0531,3.0506,3.0516,3.0576,3.0581,3.0556,3.0566,10
2026-03-04 02:30:00,3.0511,3.0511,3.0501,3.0501,3.0561,3.0561,3.0551,3.0551,3
2026-03-04 02:31:00,3.0506,3.0531,3.0506,3.0521,3.0556,3.0581,3.0556,3.0571,7
2026-03-04 02:32:00,3.0526,3.0541,3.0526,3.0541,3.0576,3.0591,3.0576,3.0591,3
2026-03-04 02:33:00,3.0551,3.0551,3.0536,3.0536,3.0601,3.0601,3.0586,3.0586,3
2026-03-04 02:34:00,3.0531,3.0531,3.0526,3.0531,3.0581,3.0581,3.0576,3.0581,3
2026-03-04 02:35:00,3.0521,3.0536,3.0521,3.0536,3.0571,3.0586,3.0571,3.0586,5
2026-03-04 02:36:00,3.0546,3.0546,3.0541,3.0541,3.0596,3.0596,3.0591,3.0591,2
2026-03-04 02:37:00,3.0551,3.0551,3.0551,3.0551,3.0601,3.0601,3.0601,3.0601,1
2026-03-04 02:40:00,3.0541,3.0541,3.0541,3.0541,3.0591,3.0591,3.0591,3.0591,1
2026-03-04 02:41:00,3.0536,3.0541,3.0536,3.0541,3.0586,3.0591,3.0586,3.0591,4
2026-03-04 02:42:00,3.0546,3.0546,3.0546,3.0546,3.0596,3.0596,3.0596,3.0596,1
2026-03-04 02:43:00,3.0541,3.0541,3.0541,3.0541,3.0591,3.0591,3.0591,3.0591,1
2026-03-04 02:44:00,3.0551,3.0551,3.0551,3.0551,3.0601,3.0601,3.0601,3.0601,1
2026-03-04 02:45:00,3.0541,3.0551,3.0541,3.0551,3.0591,3.0601,3.0591,3.0601,3
2026-03-04 02:46:00,3.0546,3.0551,3.0541,3.0551,3.0596,3.0601,3.0591,3.0601,4
2026-03-04 02:47:00,3.0546,3.0611,3.0546,3.0581,3.0596,3.0661,3.0596,3.0631,13
2026-03-04 02:48:00,3.0576,3.0576,3.0551,3.0551,3.0626,3.0626,3.0601,3.0601,5
2026-03-04 02:49:00,3.0546,3.0566,3.0516,3.0516,3.0596,3.0616,3.0566,3.0566,13
2026-03-04 02:50:00,3.0511,3.0546,3.0511,3.0546,3.0561,3.0596,3.0561,3.0596,6
2026-03-04 02:51:00,3.0551,3.0551,3.0536,3.0536,3.0601,3.0601,3.0586,3.0586,4
2026-03-04 02:52:00,3.0531,3.0541,3.0501,3.0531,3.0581,3.0591,3.0551,3.0581,12
2026-03-04 02:53:00,3.0526,3.0526,3.0526,3.0526,3.0576,3.0576,3.0576,3.0576,1
2026-03-04 02:54:00,3.0521,3.0521,3.0391,3.0416,3.0571,3.0571,3.0441,3.0466,30
2026-03-04 02:55:00,3.0431,3.0436,3.0231,3.0266,3.0481,3.0486,3.0281,3.0316,73
2026-03-04 02:56:00,3.0276,3.0301,3.0211,3.0211,3.0326,3.0351,3.0261,3.0261,28
2026-03-04 02:57:00,3.0216,3.0261,3.0171,3.0191,3.0266,3.0311,3.0221,3.0241,41
2026-03-04 02:58:00,3.0211,3.0221,3.0151,3.0176,3.0261,3.0271,3.0201,3.0226,35
2026-03-04 02:59:00,3.0161,3.0161,3.0081,3.0096,3.0211,3.0211,3.0131,3.0146,30
2026-03-04 03:00:00,3.0106,3.0161,3.0101,3.0161,3.0156,3.0211,3.0151,3.0211,23
2026-03-04 03:01:00,3.0146,3.0231,3.0131,3.0206,3.0196,3.0281,3.0181,3.0256,29
2026-03-04 03:02:00,3.0201,3.0201,3.0026,3.0046,3.0251,3.0251,3.0076,3.0096,39
2026-03-04 03:03:00,3.0051,3.0076,3.0036,3.0066,3.0101,3.0126,3.0086,3.0116,21
2026-03-04 03:04:00,3.0071,3.0146,3.0061,3.0071,3.0121,3.0196,3.0111,3.0121,20
2026-03-04 03:05:00,3.0066,3.0096,3.0061,3.0091,3.0116,3.0146,3.0111,3.0141,16
2026-03-04 03:06:00,3.0101,3.0166,3.0101,3.0156,3.0151,3.0216,3.0151,3.0206,17
2026-03-04 03:07:00,3.0151,3.0161,3.0136,3.0146,3.0201,3.0211,3.0186,3.0196,8
2026-03-04 03:08:00,3.0161,3.0191,3.0146,3.0181,3.0211,3.0241,3.0196,3.0231,14
2026-03-04 03:09:00,3.0166,3.0166,3.0126,3.0166,3.0216,3.0216,3.0176,3.0216,8
2026-03-04 03:10:00,3.0171,3.0216,3.0151,3.0186,3.0221,3.0266,3.0201,3.0236,18
2026-03-04 03:11:00,3.0196,3.0291,3.0181,3.0291,3.0246,3.0341,3.0231,3.0341,23
2026-03-04 03:12:00,3.0276,3.0311,3.0276,3.0291,3.0326,3.0361,3.0326,3.0341,10
2026-03-04 03:13:00,3.0281,3.0286,3.0271,3.0281,3.0331,3.0336,3.0321,3.0331,5
2026-03-04 03:14:00,3.0261,3.0296,3.0241,3.0296,3.0311,3.0346,3.0291,3.0346,14
2026-03-04 03:15:00,3.0291,3.0291,3.0216,3.0216,3.0341,3.0341,3.0266,3.0266,14
2026-03-04 03:16:00,3.0221,3.0221,3.0201,3.0211,3.0271,3.0271,3.0251,3.0261,4
2026-03-04 03:17:00,3.0191,3.0201,3.0191,3.0191,3.0241,3.0251,3.0241,3.0241,4
2026-03-04 03:18:00,3.0201,3.0201,3.0201,3.0201,3.0251,3.0251,3.0251,3.0251,1
2026-03-04 03:19:00,3.0206,3.0256,3.0206,3.0246,3.0256,3.0306,3.0256,3.0296,9
2026-03-04 03:20:00,3.0241,3.0251,3.0241,3.0241,3.0291,3.0301,3.0291,3.0291,6
2026-03-04 03:21:00,3.0236,3.0241,3.0211,3.0221,3.0286,3.0291,3.0261,3.0271,9
2026-03-04 03:22:00,3.0216,3.0226,3.0181,3.0181,3.0266,3.0276,3.0231,3.0231,12
2026-03-04 03:23:00,3.0186,3.0251,3.0181,3.0231,3.0236,3.0301,3.0231,3.0281,18
2026-03-04 03:24:00,3.0196,3.0196,3.0136,3.0171,3.0246,3.0246,3.0186,3.0221,12
2026-03-04 03:25:00,3.0181,3.0206,3.0181,3.0196,3.0231,3.0256,3.0231,3.0246,7
2026-03-04 03:27:00,3.0206,3.0226,3.0206,3.0226,3.0256,3.0276,3.0256,3.0276,3
2026-03-04 03:28:00,3.0231,3.0231,3.0231,3.0231,3.0281,3.0281,3.0281,3.0281,1
2026-03-04 03:30:00,3.0226,3.0241,3.0191,3.0236,3.0276,3.0291,3.0241,3.0286,10
2026-03-04 03:31:00,3.0241,3.0246,3.0241,3.0246,3.0291,3.0296,3.0291,3.0296,2
2026-03-04 03:32:00,3.0241,3.0241,3.0241,3.0241,3.0291,3.0291,3.0291,3.0291,1
2026-03-04 03:33:00,3.0246,3.0266,3.0246,3.0256,3.0296,3.0316,3.0296,3.0306,5
2026-03-04 03:34:00,3.0261,3.0261,3.0241,3.0251,3.0311,3.0311,3.0291,3.0301,6
2026-03-04 03:35:00,3.0256,3.0261,3.0256,3.0261,3.0306,3.0311,3.0306,3.0311,4
2026-03-04 03:36:00,3.0271,3.0286,3.0266,3.0281,3.0321,3.0336,3.0316,3.0331,8
2026-03-04 03:37:00,3.0276,3.0276,3.0261,3.0261,3.0326,3.0326,3.0311,3.0311,5
2026-03-04 03:38:00,3.0271,3.0296,3.0271,3.0276,3.0321,3.0346,3.0321,3.0326,8
2026-03-04 03:39:00,3.0271,3.0271,3.0261,3.0266,3.0321,3.0321,3.0311,3.0316,5
2026-03-04 03:40:00,3.0276,3.0276,3.0271,3.0276,3.0326,3.0326,3.0321,3.0326,3
2026-03-04 03:41:00,3.0281,3.0281,3.0281,3.0281,3.0331,3.0331,3.0331,3.0331,1
2026-03-04 03:42:00,3.0291,3.0301,3.0291,3.0296,3.0341,3.0351,3.0341,3.0346,4
2026-03-04 03:43:00,3.0301,3.0311,3.0301,3.0311,3.0351,3.0361,3.0351,3.0361,2
2026-03-04 03:44:00,3.0306,3.0311,3.0301,3.0311,3.0356,3.0361,3.0351,3.0361,3
2026-03-04 03:45:00,3.0316,3.0321,3.0311,3.0321,3.0366,3.0371,3.0361,3.0371,4
2026-03-04 03:46:00,3.0326,3.0336,3.0316,3.0321,3.0376,3.0386,3.0366,3.0371,8
2026-03-04 03:47:00,3.0331,3.0351,3.0331,3.0336,3.0381,3.0401,3.0381,3.0386,12
2026-03-04 03:48:00,3.0351,3.0351,3.0331,3.0341,3.0401,3.0401,3.0381,3.0391,9
2026-03-04 03:49:00,3.0351,3.0361,3.0351,3.0351,3.0401,3.0411,3.0401,3.0401,4
2026-03-04 03:50:00,3.0341,3.0361,3.0341,3.0351,3.0391,3.0411,3.0391,3.0401,5
2026-03-04 03:51:00,3.0356,3.0356,3.0341,3.0341,3.0406,3.0406,3.0391,3.0391,3
2026-03-04 03:52:00,3.0346,3.0356,3.0346,3.0351,3.0396,3.0406,3.0396,3.0401,4
2026-03-04 03:53:00,3.0346,3.0356,3.0341,3.0356,3.0396,3.0406,3.0391,3.0406,5
2026-03-04 03:54:00,3.0361,3.0361,3.0336,3.0336,3.0411,3.0411,3.0386,3.0386,6
2026-03-04 03:55:00,3.0341,3.0341,3.0341,3.0341,3.0391,3.0391,3.0391,3.0391,1
2026-03-04 03:56:00,3.0331,3.0351,3.0331,3.0351,3.0381,3.0401,3.0381,3.0401,6
2026-03-04 03:57:00,3.0341,3.0341,3.0336,3.0336,3.0391,3.0391,3.0386,3.0386,6
2026-03-04 03:58:00,3.0341,3.0341,3.0341,3.0341,3.0391,3.0391,3.0391,3.0391,1
2026-03-04 03:59:00,3.0331,3.0341,3.0331,3.0341,3.0381,3.0391,3.0381,3.0391,2
2026-03-04 04:00:00,3.0336,3.0361,3.0321,3.0346,3.0386,3.0411,3.0371,3.0396,10
2026-03-04 04:01:00,3.0341,3.0341,3.0326,3.0331,3.0391,3.0391,3.0376,3.0381,4
2026-03-04 04:02:00,3.0326,3.0326,3.0276,3.0276,3.0376,3.0376,3.0326,3.0326,7
2026-03-04 04:03:00,3.0281,3.0286,3.0241,3.0241,3.0331,3.0336,3.0291,3.0291,7
2026-03-04 04:04:00,3.0236,3.0246,3.0221,3.0241,3.0286,3.0296,3.0271,3.0291,9
2026-03-04 04:05:00,3.0236,3.0251,3.0236,3.0241,3.0286,3.0301,3.0286,3.0291,4
2026-03-04 04:06:00,3.0236,3.0236,3.0236,3.0236,3.0286,3.0286,3.0286,3.0286,1
2026-03-04 04:07:00,3.0241,3.0271,3.0241,3.0246,3.0291,3.0321,3.0291,3.0296,6
2026-03-04 04:08:00,3.0251,3.0291,3.0251,3.0291,3.0301,3.0341,3.0301,3.0341,7
2026-03-04 04:09:00,3.0281,3.0326,3.0271,3.0326,3.0331,3.0376,3.0321,3.0376,14
2026-03-04 04:10:00,3.0331,3.0331,3.0301,3.0316,3.0381,3.0381,3.0351,3.0366,8
2026-03-04 04:11:00,3.0311,3.0326,3.0311,3.0326,3.0361,3.0376,3.0361,3.0376,7
2026-03-04 04:13:00,3.0331,3.0331,3.0331,3.0331,3.0381,3.0381,3.0381,3.0381,1
2026-03-04 04:14:00,3.0336,3.0336,3.0301,3.0306,3.0386,3.0386,3.0351,3.0356,5
2026-03-04 04:15:00,3.0311,3.0351,3.0311,3.0346,3.0361,3.0401,3.0361,3.0396,9
2026-03-04 04:16:00,3.0336,3.0336,3.0336,3.0336,3.0386,3.0386,3.0386,3.0386,1
2026-03-04 04:17:00,3.0341,3.0346,3.0341,3.0346,3.0391,3.0396,3.0391,3.0396,2
2026-03-04 04:18:00,3.0341,3.0356,3.0341,3.0356,3.0391,3.0406,3.0391,3.0406,4
2026-03-04 04:19:00,3.0351,3.0371,3.0331,3.0356,3.0401,3.0421,3.0381,3.0406,13
2026-03-04 04:20:00,3.0351,3.0351,3.0351,3.0351,3.0401,3.0401,3.0401,3.0401,1
2026-03-04 04:21:00,3.0346,3.0356,3.0346,3.0351,3.0396,3.0406,3.0396,3.0401,3
2026-03-04 04:23:00,3.0356,3.0356,3.0356,3.0356,3.0406,3.0406,3.0406,3.0406,1
2026-03-04 04:24:00,3.0351,3.0351,3.0331,3.0336,3.0401,3.0401,3.0381,3.0386,8
2026-03-04 04:25:00,3.0331,3.0361,3.0321,3.0336,3.0381,3.0411,3.0371,3.0386,12
2026-03-04 04:26:00,3.0331,3.0346,3.0331,3.0346,3.0381,3.0396,3.0381,3.0396,4
2026-03-04 04:27:00,3.0341,3.0341,3.0316,3.0326,3.0391,3.0391,3.0366,3.0376,6
2026-03-04 04:28:00,3.0321,3.0321,3.0316,3.0321,3.0371,3.0371,3.0366,3.0371,3
2026-03-04 04:29:00,3.0316,3.0356,3.0316,3.0351,3.0366,3.0406,3.0366,3.0401,7
2026-03-04 04:30:00,3.0361,3.0411,3.0356,3.0401,3.0411,3.0461,3.0406,3.0451,27
2026-03-04 04:31:00,3.0411,3.0451,3.0381,3.0446,3.0461,3.0501,3.0431,3.0496,47
2026-03-04 04:32:00,3.0451,3.0451,3.0411,3.0431,3.0501,3.0501,3.0461,3.0481,24
2026-03-04 04:33:00,3.0426,3.0451,3.0416,3.0431,3.0476,3.0501,3.0466,3.0481,23
2026-03-04 04:34:00,3.0436,3.0441,3.0426,3.0431,3.0486,3.0491,3.0476,3.0481,7
2026-03-04 04:35:00,3.0426,3.0426,3.0396,3.0401,3.0476,3.0476,3.0446,3.0451,10
2026-03-04 04:36:00,3.0396,3.0396,3.0371,3.0381,3.0446,3.0446,3.0421,3.0431,9
2026-03-04 04:37:00,3.0376,3.0391,3.0371,3.0386,3.0426,3.0441,3.0421,3.0436,5
2026-03-04 04:38:00,3.0391,3.0411,3.0391,3.0396,3.0441,3.0461,3.0441,3.0446,8
2026-03-04 04:39:00,3.0401,3.0401,3.0381,3.0386,3.0451,3.0451,3.0431,3.0436,7
2026-03-04 04:40:00,3.0381,3.0381,3.0341,3.0341,3.0431,3.0431,3.0391,3.0391,6
2026-03-04 04:41:00,3.0351,3.0351,3.0341,3.0346,3.0401,3.0401,3.0391,3.0396,5
2026-03-04 04:42:00,3.0341,3.0341,3.0301,3.0311,3.0391,3.0391,3.0351,3.0361,14
2026-03-04 04:43:00,3.0306,3.0306,3.0301,3.0301,3.0356,3.0356,3.0351,3.0351,2
2026-03-04 04:44:00,3.0306,3.0311,3.0306,3.0311,3.0356,3.0361,3.0356,3.0361,2
2026-03-04 04:46:00,3.0291,3.0291,3.0276,3.0281,3.0341,3.0341,3.0326,3.0331,8
2026-03-04 04:47:00,3.0271,3.0271,3.0256,3.0256,3.0321,3.0321,3.0306,3.0306,8
2026-03-04 04:48:00,3.0251,3.0251,3.0221,3.0231,3.0301,3.0301,3.0271,3.0281,10
2026-03-04 04:49:00,3.0236,3.0236,3.0226,3.0231,3.0286,3.0286,3.0276,3.0281,4
2026-03-04 04:50:00,3.0236,3.0236,3.0191,3.0191,3.0286,3.0286,3.0241,3.0241,11
2026-03-04 04:51:00,3.0196,3.0211,3.0186,3.0211,3.0246,3.0261,3.0236,3.0261,6
2026-03-04 04:52:00,3.0216,3.0246,3.0211,3.0241,3.0266,3.0296,3.0261,3.0291,11
2026-03-04 04:53:00,3.0231,3.0236,3.0221,3.0231,3.0281,3.0286,3.0271,3.0281,8
2026-03-04 04:54:00,3.0221,3.0226,3.0216,3.0216,3.0271,3.0276,3.0266,3.0266,6
2026-03-04 04:55:00,3.0221,3.0226,3.0211,3.0221,3.0271,3.0276,3.0261,3.0271,6
2026-03-04 04:56:00,3.0231,3.0246,3.0211,3.0216,3.0281,3.0296,3.0261,3.0266,12
2026-03-04 04:57:00,3.0211,3.0241,3.0211,3.0241,3.0261,3.0291,3.0261,3.0291,4
2026-03-04 04:58:00,3.0251,3.0251,3.0231,3.0231,3.0301,3.0301,3.0281,3.0281,4
2026-03-04 04:59:00,3.0236,3.0236,3.0231,3.0231,3.0286,3.0286,3.0281,3.0281,2
2026-03-04 05:00:00,3.0221,3.0226,3.0211,3.0211,3.0271,3.0276,3.0261,3.0261,5
2026-03-04 05:01:00,3.0201,3.0201,3.0181,3.0201,3.0251,3.0251,3.0231,3.0251,10
2026-03-04 05:03:00,3.0206,3.0206,3.0201,3.0201,3.0256,3.0256,3.0251,3.0251,2
2026-03-04 05:04:00,3.0191,3.0191,3.0171,3.0176,3.0241,3.0241,3.0221,3.0226,7
2026-03-04 05:05:00,3.0181,3.0186,3.0176,3.0181,3.0231,3.0236,3.0226,3.0231,7
2026-03-04 05:06:00,3.0196,3.0211,3.0176,3.0176,3.0246,3.0261,3.0226,3.0226,9
2026-03-04 05:07:00,3.0181,3.0181,3.0181,3.0181,3.0231,3.0231,3.0231,3.0231,1
2026-03-04 05:08:00,3.0186,3.0191,3.0176,3.0176,3.0236,3.0241,3.0226,3.0226,7
2026-03-04 05:09:00,3.0181,3.0191,3.0171,3.0171,3.0231,3.0241,3.0221,3.0221,8
2026-03-04 05:10:00,3.0181,3.0186,3.0161,3.0176,3.0231,3.0236,3.0211,3.0226,9
2026-03-04 05:11:00,3.0166,3.0171,3.0166,3.0171,3.0216,3.0221,3.0216,3.0221,2
2026-03-04 05:12:00,3.0166,3.0171,3.0166,3.0166,3.0216,3.0221,3.0216,3.0216,3
2026-03-04 05:13:00,3.0161,3.0171,3.0161,3.0171,3.0211,3.0221,3.0211,3.0221,3
2026-03-04 05:14:00,3.0176,3.0176,3.0171,3.0171,3.0226,3.0226,3.0221,3.0221,2
2026-03-04 05:16:00,3.0161,3.0161,3.0151,3.0156,3.0211,3.0211,3.0201,3.0206,3
2026-03-04 05:17:00,3.0161,3.0221,3.0156,3.0216,3.0211,3.0271,3.0206,3.0266,10
2026-03-04 05:18:00,3.0211,3.0241,3.0211,3.0241,3.0261,3.0291,3.0261,3.0291,5
2026-03-04 05:19:00,3.0236,3.0236,3.0221,3.0226,3.0286,3.0286,3.0271,3.0276,4
2026-03-04 05:20:00,3.0236,3.0251,3.0236,3.0251,3.0286,3.0301,3.0286,3.0301,4
2026-03-04 05:21:00,3.0261,3.0271,3.0261,3.0266,3.0311,3.0321,3.0311,3.0316,4
2026-03-04 05:22:00,3.0271,3.0281,3.0271,3.0281,3.0321,3.0331,3.0321,3.0331,3
2026-03-04 05:23:00,3.0291,3.0291,3.0246,3.0251,3.0341,3.0341,3.0296,3.0301,9
2026-03-04 05:24:00,3.0246,3.0251,3.0231,3.0241,3.0296,3.0301,3.0281,3.0291,14
2026-03-04 05:25:00,3.0246,3.0281,3.0246,3.0281,3.0296,3.0331,3.0296,3.0331,5
2026-03-04 05:26:00,3.0286,3.0341,3.0286,3.0321,3.0336,3.0391,3.0336,3.0371,13
2026-03-04 05:27:00,3.0326,3.0341,3.0326,3.0336,3.0376,3.0391,3.0376,3.0386,10
2026-03-04 05:28:00,3.0341,3.0351,3.0341,3.0351,3.0391,3.0401,3.0391,3.0401,2
2026-03-04 05:29:00,3.0361,3.0361,3.0331,3.0351,3.0411,3.0411,3.0381,3.0401,11
2026-03-04 05:30:00,3.0346,3.0351,3.0346,3.0346,3.0396,3.0401,3.0396,3.0396,3
2026-03-04 05:31:00,3.0341,3.0341,3.0296,3.0296,3.0391,3.0391,3.0346,3.0346,6
2026-03-04 05:32:00,3.0301,3.0321,3.0301,3.0301,3.0351,3.0371,3.0351,3.0351,5
2026-03-04 05:33:00,3.0291,3.0326,3.0291,3.0326,3.0341,3.0376,3.0341,3.0376,6
2026-03-04 05:34:00,3.0316,3.0351,3.0316,3.0346,3.0366,3.0401,3.0366,3.0396,16
2026-03-04 05:35:00,3.0351,3.0356,3.0331,3.0356,3.0401,3.0406,3.0381,3.0406,9
2026-03-04 05:36:00,3.0346,3.0356,3.0346,3.0356,3.0396,3.0406,3.0396,3.0406,5
2026-03-04 05:38:00,3.0351,3.0351,3.0336,3.0336,3.0401,3.0401,3.0386,3.0386,2
2026-03-04 05:39:00,3.0341,3.0341,3.0341,3.0341,3.0391,3.0391,3.0391,3.0391,1
2026-03-04 05:40:00,3.0336,3.0351,3.0336,3.0351,3.0386,3.0401,3.0386,3.0401,2
2026-03-04 05:42:00,3.0356,3.0361,3.0356,3.0361,3.0406,3.0411,3.0406,3.0411,2
2026-03-04 05:43:00,3.0371,3.0381,3.0331,3.0366,3.0421,3.0431,3.0381,3.0416,13
2026-03-04 05:44:00,3.0371,3.0371,3.0371,3.0371,3.0421,3.0421,3.0421,3.0421,1
2026-03-04 05:46:00,3.0366,3.0366,3.0366,3.0366,3.0416,3.0416,3.0416,3.0416,1
2026-03-04 05:47:00,3.0361,3.0366,3.0361,3.0361,3.0411,3.0416,3.0411,3.0411,5
2026-03-04 05:50:00,3.0351,3.0351,3.0296,3.0306,3.0401,3.0401,3.0346,3.0356,12
2026-03-04 05:51:00,3.0301,3.0321,3.0281,3.0321,3.0351,3.0371,3.0331,3.0371,12
2026-03-04 05:52:00,3.0326,3.0341,3.0326,3.0341,3.0376,3.0391,3.0376,3.0391,3
2026-03-04 05:53:00,3.0346,3.0346,3.0341,3.0346,3.0396,3.0396,3.0391,3.0396,5
2026-03-04 05:54:00,3.0341,3.0351,3.0341,3.0346,3.0391,3.0401,3.0391,3.0396,4
2026-03-04 05:55:00,3.0351,3.0361,3.0351,3.0361,3.0401,3.0411,3.0401,3.0411,3
2026-03-04 05:56:00,3.0356,3.0356,3.0336,3.0336,3.0406,3.0406,3.0386,3.0386,5
2026-03-04 05:57:00,3.0341,3.0341,3.0336,3.0341,3.0391,3.0391,3.0386,3.0391,3
2026-03-04 06:00:00,3.0331,3.0331,3.0311,3.0321,3.0381,3.0381,3.0361,3.0371,5
2026-03-04 06:01:00,3.0326,3.0366,3.0326,3.0351,3.0376,3.0416,3.0376,3.0401,13
2026-03-04 06:02:00,3.0346,3.0346,3.0306,3.0311,3.0396,3.0396,3.0356,3.0361,12
2026-03-04 06:03:00,3.0306,3.0311,3.0306,3.0311,3.0356,3.0361,3.0356,3.0361,14
2026-03-04 06:04:00,3.0306,3.0331,3.0301,3.0321,3.0356,3.0381,3.0351,3.0371,9
2026-03-04 06:05:00,3.0316,3.0316,3.0316,3.0316,3.0366,3.0366,3.0366,3.0366,1
2026-03-04 06:06:00,3.0306,3.0346,3.0306,3.0346,3.0356,3.0396,3.0356,3.0396,5
2026-03-04 06:07:00,3.0351,3.0391,3.0351,3.0381,3.0401,3.0441,3.0401,3.0431,8
2026-03-04 06:08:00,3.0386,3.0386,3.0371,3.0381,3.0436,3.0436,3.0421,3.0431,5
2026-03-04 06:09:00,3.0391,3.0391,3.0371,3.0381,3.0441,3.0441,3.0421,3.0431,6
2026-03-04 06:10:00,3.0386,3.0386,3.0386,3.0386,3.0436,3.0436,3.0436,3.0436,1
2026-03-04 06:12:00,3.0391,3.0396,3.0391,3.0396,3.0441,3.0446,3.0441,3.0446,2
2026-03-04 06:13:00,3.0401,3.0411,3.0401,3.0406,3.0451,3.0461,3.0451,3.0456,3
2026-03-04 06:14:00,3.0396,3.0401,3.0396,3.0401,3.0446,3.0451,3.0446,3.0451,2
2026-03-04 06:15:00,3.0411,3.0421,3.0411,3.0421,3.0461,3.0471,3.0461,3.0471,4
2026-03-04 06:16:00,3.0431,3.0431,3.0411,3.0411,3.0481,3.0481,3.0461,3.0461,4
2026-03-04 06:17:00,3.0416,3.0421,3.0411,3.0416,3.0466,3.0471,3.0461,3.0466,4
2026-03-04 06:18:00,3.0411,3.0421,3.0406,3.0411,3.0461,3.0471,3.0456,3.0461,12
2026-03-04 06:19:00,3.0416,3.0431,3.0416,3.0431,3.0466,3.0481,3.0466,3.0481,3
2026-03-04 06:20:00,3.0426,3.0481,3.0426,3.0471,3.0476,3.0531,3.0476,3.0521,16
2026-03-04 06:21:00,3.0466,3.0471,3.0451,3.0456,3.0516,3.0521,3.0501,3.0506,7
2026-03-04 06:22:00,3.0441,3.0451,3.0441,3.0451,3.0491,3.0501,3.0491,3.0501,5
2026-03-04 06:23:00,3.0456,3.0461,3.0456,3.0461,3.0506,3.0511,3.0506,3.0511,2
2026-03-04 06:24:00,3.0466,3.0481,3.0456,3.0471,3.0516,3.0531,3.0506,3.0521,10
2026-03-04 06:25:00,3.0481,3.0531,3.0481,3.0526,3.0531,3.0581,3.0531,3.0576,15
2026-03-04 06:26:00,3.0531,3.0531,3.0501,3.0526,3.0581,3.0581,3.0551,3.0576,9
2026-03-04 06:27:00,3.0536,3.0551,3.0531,3.0551,3.0586,3.0601,3.0581,3.0601,11
2026-03-04 06:28:00,3.0546,3.0561,3.0521,3.0521,3.0596,3.0611,3.0571,3.0571,10
2026-03-04 06:29:00,3.0516,3.0561,3.0516,3.0556,3.0566,3.0611,3.0566,3.0606,8
2026-03-04 06:30:00,3.0561,3.0581,3.0546,3.0546,3.0611,3.0631,3.0596,3.0596,17
2026-03-04 06:31:00,3.0541,3.0541,3.0531,3.0531,3.0591,3.0591,3.0581,3.0581,2
2026-03-04 06:32:00,3.0521,3.0531,3.0511,3.0531,3.0571,3.0581,3.0561,3.0581,9
2026-03-04 06:33:00,3.0516,3.0526,3.0511,3.0526,3.0566,3.0576,3.0561,3.0576,4
2026-03-04 06:34:00,3.0531,3.0561,3.0521,3.0536,3.0581,3.0611,3.0571,3.0586,13
2026-03-04 06:35:00,3.0531,3.0531,3.0531,3.0531,3.0581,3.0581,3.0581,3.0581,1
2026-03-04 06:36:00,3.0526,3.0526,3.0496,3.0496,3.0576,3.0576,3.0546,3.0546,6
2026-03-04 06:37:00,3.0501,3.0511,3.0501,3.0511,3.0551,3.0561,3.0551,3.0561,4
2026-03-04 06:38:00,3.0506,3.0531,3.0501,3.0531,3.0556,3.0581,3.0551,3.0581,4
2026-03-04 06:39:00,3.0536,3.0536,3.0536,3.0536,3.0586,3.0586,3.0586,3.0586,1
2026-03-04 06:40:00,3.0546,3.0576,3.0546,3.0571,3.0596,3.0626,3.0596,3.0621,7
2026-03-04 06:41:00,3.0576,3.0581,3.0556,3.0556,3.0626,3.0631,3.0606,3.0606,6
2026-03-04 06:42:00,3.0551,3.0591,3.0541,3.0591,3.0601,3.0641,3.0591,3.0641,15
2026-03-04 06:43:00,3.0581,3.0646,3.0576,3.0621,3.0631,3.0696,3.0626,3.0671,24
2026-03-04 06:44:00,3.0616,3.0641,3.0601,3.0636,3.0666,3.0691,3.0651,3.0686,9
2026-03-04 06:45:00,3.0641,3.0656,3.0611,3.0656,3.0691,3.0706,3.0661,3.0706,11
2026-03-04 06:46:00,3.0646,3.0651,3.0631,3.0636,3.0696,3.0701,3.0681,3.0686,8
2026-03-04 06:47:00,3.0641,3.0651,3.0631,3.0651,3.0691,3.0701,3.0681,3.0701,9
2026-03-04 06:48:00,3.0661,3.0661,3.0641,3.0646,3.0711,3.0711,3.0691,3.0696,5
2026-03-04 06:49:00,3.0641,3.0661,3.0636,3.0646,3.0691,3.0711,3.0686,3.0696,11
2026-03-04 06:50:00,3.0641,3.0711,3.0641,3.0706,3.0691,3.0761,3.0691,3.0756,19
2026-03-04 06:51:00,3.0701,3.0716,3.0691,3.0716,3.0751,3.0766,3.0741,3.0766,16
2026-03-04 06:52:00,3.0731,3.0816,3.0716,3.0796,3.0781,3.0866,3.0766,3.0846,28
2026-03-04 06:53:00,3.0811,3.0826,3.0771,3.0816,3.0861,3.0876,3.0821,3.0866,22
2026-03-04 06:54:00,3.0811,3.0816,3.0791,3.0791,3.0861,3.0866,3.0841,3.0841,7
2026-03-04 06:55:00,3.0781,3.0781,3.0686,3.0686,3.0831,3.0831,3.0736,3.0736,19
2026-03-04 06:56:00,3.0691,3.0756,3.0691,3.0756,3.0741,3.0806,3.0741,3.0806,14
2026-03-04 06:57:00,3.0761,3.0781,3.0696,3.0706,3.0811,3.0831,3.0746,3.0756,23
2026-03-04 06:58:00,3.0696,3.0706,3.0621,3.0641,3.0746,3.0756,3.0671,3.0691,18
2026-03-04 06:59:00,3.0646,3.0691,3.0636,3.0691,3.0696,3.0741,3.0686,3.0741,13
2026-03-04 07:00:00,3.0686,3.0686,3.0631,3.0641,3.0736,3.0736,3.0681,3.0691,12
2026-03-04 07:01:00,3.0651,3.0671,3.0631,3.0671,3.0701,3.0721,3.0681,3.0721,9
2026-03-04 07:02:00,3.0656,3.0666,3.0631,3.0641,3.0706,3.0716,3.0681,3.0691,10
2026-03-04 07:03:00,3.0626,3.0641,3.0616,3.0641,3.0676,3.0691,3.0666,3.0691,17
2026-03-04 07:04:00,3.0651,3.0671,3.0636,3.0671,3.0701,3.0721,3.0686,3.0721,9
2026-03-04 07:05:00,3.0676,3.0706,3.0676,3.0706,3.0726,3.0756,3.0726,3.0756,4
2026-03-04 07:06:00,3.0701,3.0701,3.0676,3.0681,3.0751,3.0751,3.0726,3.0731,15
2026-03-04 07:07:00,3.0686,3.0731,3.0686,3.0731,3.0736,3.0781,3.0736,3.0781,8
2026-03-04 07:08:00,3.0726,3.0736,3.0701,3.0706,3.0776,3.0786,3.0751,3.0756,18
2026-03-04 07:09:00,3.0711,3.0736,3.0711,3.0736,3.0761,3.0786,3.0761,3.0786,6
2026-03-04 07:10:00,3.0741,3.0751,3.0716,3.0741,3.0791,3.0801,3.0766,3.0791,11
2026-03-04 07:11:00,3.0736,3.0751,3.0711,3.0741,3.0786,3.0801,3.0761,3.0791,12
2026-03-04 07:12:00,3.0731,3.0776,3.0731,3.0771,3.0781,3.0826,3.0781,3.0821,9
2026-03-04 07:13:00,3.0776,3.0796,3.0746,3.0761,3.0826,3.0846,3.0796,3.0811,13
2026-03-04 07:14:00,3.0756,3.0761,3.0696,3.0716,3.0806,3.0811,3.0746,3.0766,12
2026-03-04 07:15:00,3.0711,3.0721,3.0696,3.0701,3.0761,3.0771,3.0746,3.0751,10
2026-03-04 07:16:00,3.0691,3.0711,3.0671,3.0711,3.0741,3.0761,3.0721,3.0761,7
2026-03-04 07:17:00,3.0716,3.0716,3.0676,3.0681,3.0766,3.0766,3.0726,3.0731,12
2026-03-04 07:18:00,3.0671,3.0671,3.0621,3.0636,3.0721,3.0721,3.0671,3.0686,9
2026-03-04 07:19:00,3.0626,3.0636,3.0611,3.0616,3.0676,3.0686,3.0661,3.0666,6
2026-03-04 07:20:00,3.0621,3.0621,3.0596,3.0606,3.0671,3.0671,3.0646,3.0656,7
2026-03-04 07:21:00,3.0611,3.0621,3.0606,3.0616,3.0661,3.0671,3.0656,3.0666,8
2026-03-04 07:22:00,3.0621,3.0631,3.0621,3.0631,3.0671,3.0681,3.0671,3.0681,4
2026-03-04 07:23:00,3.0641,3.0641,3.0601,3.0626,3.0691,3.0691,3.0651,3.0676,8
2026-03-04 07:24:00,3.0631,3.0636,3.0591,3.0616,3.0681,3.0686,3.0641,3.0666,10
2026-03-04 07:25:00,3.0611,3.0616,3.0591,3.0606,3.0661,3.0666,3.0641,3.0656,10
2026-03-04 07:26:00,3.0601,3.0606,3.0486,3.0496,3.0651,3.0656,3.0536,3.0546,33
2026-03-04 07:27:00,3.0486,3.0501,3.0461,3.0491,3.0536,3.0551,3.0511,3.0541,18
2026-03-04 07:28:00,3.0481,3.0521,3.0481,3.0521,3.0531,3.0571,3.0531,3.0571,14
2026-03-04 07:29:00,3.0526,3.0531,3.0491,3.0531,3.0576,3.0581,3.0541,3.0581,12
2026-03-04 07:30:00,3.0536,3.0561,3.0531,3.0561,3.0586,3.0611,3.0581,3.0611,8
2026-03-04 07:31:00,3.0556,3.0561,3.0526,3.0561,3.0606,3.0611,3.0576,3.0611,9
2026-03-04 07:32:00,3.0546,3.0556,3.0511,3.0511,3.0596,3.0606,3.0561,3.0561,10
2026-03-04 07:33:00,3.0516,3.0571,3.0511,3.0546,3.0566,3.0621,3.0561,3.0596,13
2026-03-04 07:34:00,3.0551,3.0566,3.0541,3.0566,3.0601,3.0616,3.0591,3.0616,5
2026-03-04 07:35:00,3.0561,3.0566,3.0561,3.0566,3.0611,3.0616,3.0611,3.0616,4
2026-03-04 07:36:00,3.0571,3.0576,3.0566,3.0576,3.0621,3.0626,3.0616,3.0626,3
2026-03-04 07:37:00,3.0581,3.0591,3.0566,3.0586,3.0631,3.0641,3.0616,3.0636,8
2026-03-04 07:38:00,3.0576,3.0576,3.0551,3.0576,3.0626,3.0626,3.0601,3.0626,10
2026-03-04 07:39:00,3.0586,3.0601,3.0576,3.0601,3.0636,3.0651,3.0626,3.0651,5
2026-03-04 07:40:00,3.0616,3.0621,3.0616,3.0621,3.0666,3.0671,3.0666,3.0671,8
2026-03-04 07:41:00,3.0641,3.0651,3.0626,3.0626,3.0691,3.0701,3.0676,3.0676,5
2026-03-04 07:42:00,3.0616,3.0616,3.0601,3.0611,3.0666,3.0666,3.0651,3.0661,6
2026-03-04 07:44:00,3.0606,3.0606,3.0581,3.0596,3.0656,3.0656,3.0631,3.0646,6
2026-03-04 07:45:00,3.0586,3.0591,3.0551,3.0566,3.0636,3.0641,3.0601,3.0616,12
2026-03-04 07:46:00,3.0556,3.0556,3.0536,3.0546,3.0606,3.0606,3.0586,3.0596,4
2026-03-04 07:47:00,3.0551,3.0566,3.0546,3.0546,3.0601,3.0616,3.0596,3.0596,12
2026-03-04 07:48:00,3.0561,3.0571,3.0541,3.0541,3.0611,3.0621,3.0591,3.0591,13
2026-03-04 07:49:00,3.0531,3.0576,3.0531,3.0576,3.0581,3.0626,3.0581,3.0626,8
2026-03-04 07:50:00,3.0581,3.0601,3.0571,3.0596,3.0631,3.0651,3.0621,3.0646,5
2026-03-04 07:51:00,3.0601,3.0621,3.0586,3.0586,3.0651,3.0671,3.0636,3.0636,7
2026-03-04 07:52:00,3.0591,3.0601,3.0576,3.0591,3.0641,3.0651,3.0626,3.0641,9
2026-03-04 07:53:00,3.0601,3.0621,3.0596,3.0621,3.0651,3.0671,3.0646,3.0671,9
2026-03-04 07:54:00,3.0626,3.0641,3.0626,3.0636,3.0676,3.0691,3.0676,3.0686,4
2026-03-04 07:55:00,3.0641,3.0641,3.0576,3.0596,3.0691,3.0691,3.0626,3.0646,8
2026-03-04 07:56:00,3.0601,3.0716,3.0601,3.0661,3.0651,3.0766,3.0651,3.0711,22
2026-03-04 07:57:00,3.0656,3.0671,3.0606,3.0606,3.0706,3.0721,3.0656,3.0656,19
2026-03-04 07:58:00,3.0611,3.0641,3.0611,3.0626,3.0661,3.0691,3.0661,3.0676,8
2026-03-04 07:59:00,3.0616,3.0646,3.0606,3.0631,3.0666,3.0696,3.0656,3.0681,10
2026-03-04 08:00:00,3.0626,3.0651,3.0591,3.0651,3.0676,3.0701,3.0641,3.0701,12
2026-03-04 08:01:00,3.0661,3.0676,3.0616,3.0651,3.0711,3.0726,3.0666,3.0701,33
2026-03-04 08:02:00,3.0646,3.0656,3.0596,3.0646,3.0696,3.0706,3.0646,3.0696,19
2026-03-04 08:03:00,3.0641,3.0661,3.0626,3.0656,3.0691,3.0711,3.0676,3.0706,12
2026-03-04 08:04:00,3.0671,3.0726,3.0666,3.0726,3.0721,3.0776,3.0716,3.0776,18
2026-03-04 08:05:00,3.0721,3.0761,3.0721,3.0741,3.0771,3.0811,3.0771,3.0791,10
2026-03-04 08:06:00,3.0746,3.0756,3.0691,3.0696,3.0796,3.0806,3.0741,3.0746,22
2026-03-04 08:07:00,3.0691,3.0706,3.0671,3.0686,3.0741,3.0756,3.0721,3.0736,20
2026-03-04 08:08:00,3.0691,3.0706,3.0651,3.0666,3.0741,3.0756,3.0701,3.0716,14
2026-03-04 08:09:00,3.0656,3.0661,3.0646,3.0646,3.0706,3.0711,3.0696,3.0696,5
2026-03-04 08:10:00,3.0641,3.0661,3.0641,3.0661,3.0691,3.0711,3.0691,3.0711,9
2026-03-04 08:11:00,3.0656,3.0706,3.0651,3.0706,3.0706,3.0756,3.0701,3.0756,15
2026-03-04 08:12:00,3.0736,3.0756,3.0706,3.0706,3.0786,3.0806,3.0756,3.0756,12
2026-03-04 08:13:00,3.0701,3.0701,3.0671,3.0671,3.0751,3.0751,3.0721,3.0721,4
2026-03-04 08:14:00,3.0666,3.0671,3.0656,3.0666,3.0716,3.0721,3.0706,3.0716,18
2026-03-04 08:15:00,3.0656,3.0686,3.0656,3.0681,3.0706,3.0736,3.0706,3.0731,6
2026-03-04 08:16:00,3.0676,3.0691,3.0666,3.0691,3.0726,3.0741,3.0716,3.0741,9
2026-03-04 08:17:00,3.0681,3.0701,3.0631,3.0631,3.0731,3.0751,3.0681,3.0681,17
2026-03-04 08:18:00,3.0641,3.0666,3.0611,3.0626,3.0691,3.0716,3.0661,3.0676,17
2026-03-04 08:19:00,3.0621,3.0621,3.0571,3.0576,3.0671,3.0671,3.0621,3.0626,21
2026-03-04 08:20:00,3.0581,3.0596,3.0581,3.0596,3.0631,3.0646,3.0631,3.0646,6
2026-03-04 08:21:00,3.0586,3.0621,3.0581,3.0616,3.0636,3.0671,3.0631,3.0666,8
2026-03-04 08:22:00,3.0621,3.0646,3.0621,3.0646,3.0671,3.0696,3.0671,3.0696,3
2026-03-04 08:23:00,3.0651,3.0651,3.0621,3.0641,3.0701,3.0701,3.0671,3.0691,6
2026-03-04 08:24:00,3.0631,3.0631,3.0566,3.0566,3.0681,3.0681,3.0616,3.0616,11
2026-03-04 08:25:00,3.0561,3.0581,3.0551,3.0566,3.0611,3.0631,3.0601,3.0616,11
2026-03-04 08:26:00,3.0576,3.0591,3.0551,3.0551,3.0626,3.0641,3.0601,3.0601,5
2026-03-04 08:27:00,3.0566,3.0581,3.0556,3.0561,3.0616,3.0631,3.0606,3.0611,6
2026-03-04 08:28:00,3.0571,3.0571,3.0566,3.0566,3.0621,3.0621,3.0616,3.0616,2
2026-03-04 08:29:00,3.0571,3.0581,3.0571,3.0581,3.0621,3.0631,3.0621,3.0631,3
2026-03-04 08:30:00,3.0586,3.0586,3.0551,3.0556,3.0636,3.0636,3.0601,3.0606,7
2026-03-04 08:31:00,3.0551,3.0556,3.0531,3.0536,3.0601,3.0606,3.0581,3.0586,10
2026-03-04 08:32:00,3.0546,3.0561,3.0491,3.0506,3.0596,3.0611,3.0541,3.0556,20
2026-03-04 08:33:00,3.0501,3.0511,3.0441,3.0441,3.0551,3.0561,3.0491,3.0491,21
2026-03-04 08:34:00,3.0446,3.0481,3.0431,3.0476,3.0496,3.0531,3.0481,3.0526,15
2026-03-04 08:35:00,3.0471,3.0471,3.0406,3.0411,3.0521,3.0521,3.0456,3.0461,9
2026-03-04 08:36:00,3.0421,3.0501,3.0421,3.0486,3.0471,3.0551,3.0471,3.0536,14
2026-03-04 08:37:00,3.0491,3.0491,3.0491,3.0491,3.0541,3.0541,3.0541,3.0541,1
2026-03-04 08:38:00,3.0506,3.0531,3.0496,3.0531,3.0556,3.0581,3.0546,3.0581,12
2026-03-04 08:39:00,3.0526,3.0546,3.0501,3.0541,3.0576,3.0596,3.0551,3.0591,16
2026-03-04 08:40:00,3.0536,3.0546,3.0501,3.0546,3.0586,3.0596,3.0551,3.0596,15
2026-03-04 08:41:00,3.0551,3.0551,3.0521,3.0521,3.0601,3.0601,3.0571,3.0571,5
2026-03-04 08:42:00,3.0516,3.0531,3.0501,3.0531,3.0566,3.0581,3.0551,3.0581,10
2026-03-04 08:43:00,3.0526,3.0551,3.0526,3.0546,3.0576,3.0601,3.0576,3.0596,6
2026-03-04 08:44:00,3.0536,3.0541,3.0526,3.0536,3.0586,3.0591,3.0576,3.0586,4
2026-03-04 08:45:00,3.0541,3.0551,3.0521,3.0531,3.0591,3.0601,3.0571,3.0581,9
2026-03-04 08:46:00,3.0526,3.0531,3.0491,3.0526,3.0576,3.0581,3.0541,3.0576,19
2026-03-04 08:47:00,3.0531,3.0621,3.0531,3.0591,3.0581,3.0671,3.0581,3.0641,16
2026-03-04 08:48:00,3.0586,3.0591,3.0536,3.0536,3.0636,3.0641,3.0586,3.0586,9
2026-03-04 08:49:00,3.0531,3.0531,3.0511,3.0511,3.0581,3.0581,3.0561,3.0561,6
2026-03-04 08:50:00,3.0516,3.0526,3.0516,3.0516,3.0566,3.0576,3.0566,3.0566,5
2026-03-04 08:51:00,3.0521,3.0521,3.0511,3.0511,3.0571,3.0571,3.0561,3.0561,3
2026-03-04 08:52:00,3.0501,3.0511,3.0486,3.0486,3.0551,3.0561,3.0536,3.0536,16
2026-03-04 08:53:00,3.0481,3.0491,3.0471,3.0491,3.0531,3.0541,3.0521,3.0541,6
2026-03-04 08:54:00,3.0496,3.0536,3.0496,3.0526,3.0546,3.0586,3.0546,3.0576,10
2026-03-04 08:55:00,3.0516,3.0516,3.0496,3.0496,3.0566,3.0566,3.0546,3.0546,6
2026-03-04 08:56:00,3.0486,3.0536,3.0486,3.0531,3.0536,3.0586,3.0536,3.0581,7
2026-03-04 08:57:00,3.0526,3.0526,3.0501,3.0506,3.0576,3.0576,3.0551,3.0556,6
2026-03-04 08:58:00,3.0511,3.0511,3.0491,3.0496,3.0561,3.0561,3.0541,3.0546,6
2026-03-04 08:59:00,3.0501,3.0506,3.0501,3.0501,3.0551,3.0556,3.0551,3.0551,3
2026-03-04 09:00:00,3.0496,3.0516,3.0436,3.0456,3.0546,3.0566,3.0486,3.0506,41
2026-03-04 09:01:00,3.0451,3.0521,3.0451,3.0521,3.0501,3.0571,3.0501,3.0571,8
2026-03-04 09:02:00,3.0526,3.0526,3.0466,3.0506,3.0576,3.0576,3.0516,3.0556,19
2026-03-04 09:03:00,3.0501,3.0501,3.0461,3.0471,3.0551,3.0551,3.0511,3.0521,10
2026-03-04 09:04:00,3.0466,3.0486,3.0466,3.0476,3.0516,3.0536,3.0516,3.0526,6
2026-03-04 09:05:00,3.0481,3.0501,3.0481,3.0501,3.0531,3.0551,3.0531,3.0551,4
2026-03-04 09:06:00,3.0496,3.0536,3.0496,3.0536,3.0546,3.0586,3.0546,3.0586,5
2026-03-04 09:07:00,3.0541,3.0551,3.0526,3.0541,3.0591,3.0601,3.0576,3.0591,10
2026-03-04 09:08:00,3.0531,3.0541,3.0511,3.0541,3.0581,3.0591,3.0561,3.0591,10
2026-03-04 09:09:00,3.0546,3.0551,3.0516,3.0526,3.0596,3.0601,3.0566,3.0576,14
2026-03-04 09:10:00,3.0531,3.0536,3.0491,3.0516,3.0581,3.0586,3.0541,3.0566,16
2026-03-04 09:11:00,3.0526,3.0551,3.0516,3.0526,3.0576,3.0601,3.0566,3.0576,11
2026-03-04 09:12:00,3.0531,3.0536,3.0526,3.0536,3.0581,3.0586,3.0576,3.0586,4
2026-03-04 09:13:00,3.0541,3.0571,3.0526,3.0561,3.0591,3.0621,3.0576,3.0611,15
2026-03-04 09:14:00,3.0551,3.0556,3.0546,3.0556,3.0601,3.0606,3.0596,3.0606,7
2026-03-04 09:15:00,3.0561,3.0566,3.0551,3.0566,3.0611,3.0616,3.0601,3.0616,5
2026-03-04 09:16:00,3.0561,3.0561,3.0551,3.0561,3.0611,3.0611,3.0601,3.0611,4
2026-03-04 09:17:00,3.0556,3.0591,3.0546,3.0591,3.0606,3.0641,3.0596,3.0641,16
2026-03-04 09:18:00,3.0581,3.0591,3.0561,3.0586,3.0631,3.0641,3.0611,3.0636,12
2026-03-04 09:19:00,3.0581,3.0606,3.0571,3.0596,3.0631,3.0656,3.0621,3.0646,9
2026-03-04 09:20:00,3.0581,3.0621,3.0581,3.0606,3.0631,3.0671,3.0631,3.0656,17
2026-03-04 09:21:00,3.0601,3.0611,3.0596,3.0606,3.0651,3.0661,3.0646,3.0656,8
2026-03-04 09:22:00,3.0596,3.0596,3.0551,3.0576,3.0646,3.0646,3.0601,3.0626,21
2026-03-04 09:23:00,3.0591,3.0691,3.0591,3.0641,3.0641,3.0741,3.0641,3.0691,42
2026-03-04 09:24:00,3.0631,3.0656,3.0601,3.0606,3.0681,3.0706,3.0651,3.0656,21
2026-03-04 09:25:00,3.0611,3.0641,3.0606,3.0606,3.0661,3.0691,3.0656,3.0656,9
2026-03-04 09:26:00,3.0601,3.0606,3.0596,3.0596,3.0651,3.0656,3.0646,3.0646,5
2026-03-04 09:28:00,3.0586,3.0586,3.0571,3.0576,3.0636,3.0636,3.0621,3.0626,8
2026-03-04 09:29:00,3.0571,3.0571,3.0561,3.0566,3.0621,3.0621,3.0611,3.0616,7
2026-03-04 09:30:00,3.0561,3.0576,3.0536,3.0556,3.0611,3.0626,3.0586,3.0606,15
2026-03-04 09:31:00,3.0561,3.0681,3.0561,3.0681,3.0611,3.0731,3.0611,3.0731,25
2026-03-04 09:32:00,3.0691,3.0701,3.0641,3.0651,3.0741,3.0751,3.0691,3.0701,13
2026-03-04 09:33:00,3.0661,3.0701,3.0661,3.0691,3.0711,3.0751,3.0711,3.0741,12
2026-03-04 09:34:00,3.0696,3.0741,3.0696,3.0731,3.0746,3.0791,3.0746,3.0781,14
2026-03-04 09:35:00,3.0726,3.0741,3.0721,3.0721,3.0776,3.0791,3.0771,3.0771,11
2026-03-04 09:36:00,3.0731,3.0731,3.0696,3.0696,3.0781,3.0781,3.0746,3.0746,8
2026-03-04 09:37:00,3.0691,3.0691,3.0671,3.0686,3.0741,3.0741,3.0721,3.0736,7
2026-03-04 09:38:00,3.0691,3.0711,3.0691,3.0706,3.0741,3.0761,3.0741,3.0756,4
2026-03-04 09:39:00,3.0711,3.0771,3.0711,3.0761,3.0761,3.0821,3.0761,3.0811,15
2026-03-04 09:40:00,3.0751,3.0766,3.0726,3.0731,3.0801,3.0816,3.0776,3.0781,8
2026-03-04 09:41:00,3.0736,3.0746,3.0701,3.0711,3.0786,3.0796,3.0751,3.0761,16
2026-03-04 09:42:00,3.0716,3.0716,3.0681,3.0691,3.0766,3.0766,3.0731,3.0741,7
2026-03-04 09:43:00,3.0686,3.0701,3.0686,3.0696,3.0736,3.0751,3.0736,3.0746,7
2026-03-04 09:44:00,3.0701,3.0711,3.0701,3.0701,3.0751,3.0761,3.0751,3.0751,6
2026-03-04 09:45:00,3.0691,3.0696,3.0656,3.0661,3.0741,3.0746,3.0706,3.0711,15
2026-03-04 09:46:00,3.0656,3.0661,3.0641,3.0646,3.0706,3.0711,3.0691,3.0696,13
2026-03-04 09:47:00,3.0641,3.0676,3.0621,3.0641,3.0691,3.0726,3.0671,3.0691,21
2026-03-04 09:48:00,3.0646,3.0656,3.0641,3.0641,3.0696,3.0706,3.0691,3.0691,7
2026-03-04 09:49:00,3.0646,3.0686,3.0646,3.0686,3.0696,3.0736,3.0696,3.0736,7
2026-03-04 09:50:00,3.0681,3.0681,3.0646,3.0656,3.0731,3.0731,3.0696,3.0706,15
2026-03-04 09:51:00,3.0651,3.0686,3.0631,3.0661,3.0701,3.0736,3.0681,3.0711,14
2026-03-04 09:52:00,3.0656,3.0681,3.0651,3.0681,3.0706,3.0731,3.0701,3.0731,5
2026-03-04 09:53:00,3.0686,3.0686,3.0671,3.0671,3.0736,3.0736,3.0721,3.0721,8
2026-03-04 09:54:00,3.0661,3.0661,3.0661,3.0661,3.0711,3.0711,3.0711,3.0711,1
2026-03-04 09:55:00,3.0651,3.0651,3.0631,3.0636,3.0701,3.0701,3.0681,3.0686,7
2026-03-04 09:56:00,3.0641,3.0671,3.0641,3.0656,3.0691,3.0721,3.0691,3.0706,17
2026-03-04 09:57:00,3.0671,3.0731,3.0671,3.0721,3.0721,3.0781,3.0721,3.0771,14
2026-03-04 09:59:00,3.0731,3.0741,3.0721,3.0726,3.0781,3.0791,3.0771,3.0776,11
2026-03-04 10:00:00,3.0721,3.0731,3.0721,3.0721,3.0771,3.0781,3.0771,3.0771,3
2026-03-04 10:01:00,3.0716,3.0716,3.0601,3.0606,3.0766,3.0766,3.0651,3.0656,29
2026-03-04 10:02:00,3.0596,3.0601,3.0541,3.0546,3.0646,3.0651,3.0591,3.0596,29
2026-03-04 10:03:00,3.0541,3.0561,3.0536,3.0541,3.0591,3.0611,3.0586,3.0591,14
2026-03-04 10:04:00,3.0536,3.0561,3.0531,3.0541,3.0586,3.0611,3.0581,3.0591,17
2026-03-04 10:05:00,3.0546,3.0546,3.0476,3.0486,3.0596,3.0596,3.0526,3.0536,15
2026-03-04 10:06:00,3.0491,3.0521,3.0486,3.0511,3.0541,3.0571,3.0536,3.0561,17
2026-03-04 10:07:00,3.0501,3.0581,3.0501,3.0581,3.0551,3.0631,3.0551,3.0631,15
2026-03-04 10:08:00,3.0596,3.0661,3.0596,3.0661,3.0646,3.0711,3.0646,3.0711,25
2026-03-04 10:09:00,3.0656,3.0676,3.0651,3.0671,3.0706,3.0726,3.0701,3.0721,12
2026-03-04 10:10:00,3.0676,3.0711,3.0671,3.0701,3.0726,3.0761,3.0721,3.0751,13
2026-03-04 10:11:00,3.0696,3.0696,3.0676,3.0681,3.0746,3.0746,3.0726,3.0731,7
2026-03-04 10:12:00,3.0691,3.0696,3.0666,3.0666,3.0741,3.0746,3.0716,3.0716,9
2026-03-04 10:13:00,3.0661,3.0671,3.0661,3.0666,3.0711,3.0721,3.0711,3.0716,4
2026-03-04 10:14:00,3.0656,3.0661,3.0641,3.0656,3.0706,3.0711,3.0691,3.0706,7
2026-03-04 10:15:00,3.0651,3.0651,3.0581,3.0581,3.0701,3.0701,3.0631,3.0631,16
2026-03-04 10:16:00,3.0586,3.0611,3.0581,3.0611,3.0636,3.0661,3.0631,3.0661,10
2026-03-04 10:17:00,3.0601,3.0601,3.0581,3.0581,3.0651,3.0651,3.0631,3.0631,4
2026-03-04 10:18:00,3.0571,3.0591,3.0561,3.0571,3.0621,3.0641,3.0611,3.0621,8
2026-03-04 10:19:00,3.0581,3.0601,3.0581,3.0596,3.0631,3.0651,3.0631,3.0646,9
2026-03-04 10:20:00,3.0591,3.0601,3.0561,3.0576,3.0641,3.0651,3.0611,3.0626,17
2026-03-04 10:21:00,3.0571,3.0616,3.0571,3.0616,3.0621,3.0666,3.0621,3.0666,8
2026-03-04 10:22:00,3.0621,3.0631,3.0611,3.0621,3.0671,3.0681,3.0661,3.0671,10
2026-03-04 10:23:00,3.0616,3.0626,3.0611,3.0626,3.0666,3.0676,3.0661,3.0676,9
2026-03-04 10:24:00,3.0631,3.0641,3.0626,3.0641,3.0681,3.0691,3.0676,3.0691,7
2026-03-04 10:25:00,3.0636,3.0641,3.0616,3.0641,3.0686,3.0691,3.0666,3.0691,8
2026-03-04 10:26:00,3.0636,3.0641,3.0636,3.0641,3.0686,3.0691,3.0686,3.0691,4
2026-03-04 10:27:00,3.0636,3.0651,3.0616,3.0616,3.0686,3.0701,3.0666,3.0666,11
2026-03-04 10:28:00,3.0611,3.0611,3.0601,3.0601,3.0661,3.0661,3.0651,3.0651,2
2026-03-04 10:29:00,3.0596,3.0596,3.0561,3.0561,3.0646,3.0646,3.0611,3.0611,6
2026-03-04 10:30:00,3.0566,3.0571,3.0546,3.0561,3.0616,3.0621,3.0596,3.0611,11
2026-03-04 10:31:00,3.0566,3.0616,3.0566,3.0606,3.0616,3.0666,3.0616,3.0656,19
2026-03-04 10:32:00,3.0601,3.0611,3.0571,3.0571,3.0651,3.0661,3.0621,3.0621,13
2026-03-04 10:33:00,3.0566,3.0566,3.0556,3.0561,3.0616,3.0616,3.0606,3.0611,4
2026-03-04 10:34:00,3.0556,3.0601,3.0556,3.0601,3.0606,3.0651,3.0606,3.0651,7
2026-03-04 10:35:00,3.0581,3.0586,3.0576,3.0576,3.0631,3.0636,3.0626,3.0626,4
2026-03-04 10:36:00,3.0581,3.0601,3.0581,3.0596,3.0631,3.0651,3.0631,3.0646,7
2026-03-04 10:37:00,3.0601,3.0601,3.0586,3.0591,3.0651,3.0651,3.0636,3.0641,7
2026-03-04 10:38:00,3.0586,3.0621,3.0576,3.0601,3.0636,3.0671,3.0626,3.0651,12
2026-03-04 10:39:00,3.0606,3.0611,3.0606,3.0611,3.0656,3.0661,3.0656,3.0661,2
2026-03-04 10:40:00,3.0606,3.0606,3.0606,3.0606,3.0656,3.0656,3.0656,3.0656,1
2026-03-04 10:41:00,3.0601,3.0601,3.0601,3.0601,3.0651,3.0651,3.0651,3.0651,1
2026-03-04 10:42:00,3.0606,3.0631,3.0606,3.0631,3.0656,3.0681,3.0656,3.0681,10
2026-03-04 10:43:00,3.0646,3.0666,3.0631,3.0651,3.0696,3.0716,3.0681,3.0701,13
2026-03-04 10:44:00,3.0656,3.0661,3.0626,3.0631,3.0706,3.0711,3.0676,3.0681,9
2026-03-04 10:45:00,3.0626,3.0646,3.0606,3.0646,3.0676,3.0696,3.0656,3.0696,14
2026-03-04 10:46:00,3.0651,3.0656,3.0621,3.0646,3.0701,3.0706,3.0671,3.0696,13
2026-03-04 10:47:00,3.0651,3.0661,3.0606,3.0626,3.0701,3.0711,3.0656,3.0676,17
2026-03-04 10:48:00,3.0631,3.0631,3.0616,3.0616,3.0681,3.0681,3.0666,3.0666,4
2026-03-04 10:49:00,3.0611,3.0641,3.0606,3.0616,3.0661,3.0691,3.0656,3.0666,23
2026-03-04 10:50:00,3.0611,3.0636,3.0611,3.0631,3.0661,3.0686,3.0661,3.0681,14
2026-03-04 10:51:00,3.0636,3.0646,3.0626,3.0636,3.0686,3.0696,3.0676,3.0686,10
2026-03-04 10:52:00,3.0646,3.0646,3.0631,3.0641,3.0696,3.0696,3.0681,3.0691,7
2026-03-04 10:53:00,3.0636,3.0636,3.0631,3.0636,3.0686,3.0686,3.0681,3.0686,3
2026-03-04 10:54:00,3.0631,3.0656,3.0621,3.0646,3.0681,3.0706,3.0671,3.0696,14
2026-03-04 10:55:00,3.0641,3.0671,3.0621,3.0631,3.0691,3.0721,3.0671,3.0681,14
2026-03-04 10:56:00,3.0636,3.0671,3.0636,3.0656,3.0686,3.0721,3.0686,3.0706,14
2026-03-04 10:57:00,3.0661,3.0751,3.0656,3.0711,3.0711,3.0801,3.0706,3.0761,31
2026-03-04 10:58:00,3.0721,3.0731,3.0696,3.0721,3.0771,3.0781,3.0746,3.0771,11
2026-03-04 10:59:00,3.0716,3.0716,3.0711,3.0711,3.0766,3.0766,3.0761,3.0761,2
2026-03-04 11:00:00,3.0701,3.0726,3.0686,3.0701,3.0751,3.0776,3.0736,3.0751,15
2026-03-04 11:01:00,3.0681,3.0711,3.0651,3.0701,3.0731,3.0761,3.0701,3.0751,25
2026-03-04 11:02:00,3.0706,3.0726,3.0701,3.0711,3.0756,3.0776,3.0751,3.0761,18
2026-03-04 11:03:00,3.0716,3.0751,3.0716,3.0731,3.0766,3.0801,3.0766,3.0781,14
2026-03-04 11:04:00,3.0736,3.0741,3.0721,3.0741,3.0786,3.0791,3.0771,3.0791,5
2026-03-04 11:05:00,3.0751,3.0751,3.0731,3.0731,3.0801,3.0801,3.0781,3.0781,9
2026-03-04 11:06:00,3.0736,3.0751,3.0721,3.0721,3.0786,3.0801,3.0771,3.0771,11
2026-03-04 11:07:00,3.0726,3.0736,3.0696,3.0706,3.0776,3.0786,3.0746,3.0756,15
2026-03-04 11:08:00,3.0711,3.0721,3.0661,3.0671,3.0761,3.0771,3.0711,3.0721,33
2026-03-04 11:09:00,3.0656,3.0656,3.0601,3.0601,3.0706,3.0706,3.0651,3.0651,30
2026-03-04 11:10:00,3.0606,3.0606,3.0521,3.0546,3.0656,3.0656,3.0571,3.0596,43
2026-03-04 11:11:00,3.0556,3.0556,3.0481,3.0481,3.0606,3.0606,3.0531,3.0531,32
2026-03-04 11:12:00,3.0476,3.0476,3.0361,3.0406,3.0526,3.0526,3.0411,3.0456,59
2026-03-04 11:13:00,3.0411,3.0461,3.0411,3.0446,3.0461,3.0511,3.0461,3.0496,28
2026-03-04 11:14:00,3.0436,3.0441,3.0391,3.0401,3.0486,3.0491,3.0441,3.0451,25
2026-03-04 11:15:00,3.0396,3.0426,3.0371,3.0426,3.0446,3.0476,3.0421,3.0476,34
2026-03-04 11:16:00,3.0431,3.0531,3.0431,3.0496,3.0481,3.0581,3.0481,3.0546,35
2026-03-04 11:17:00,3.0491,3.0496,3.0466,3.0466,3.0541,3.0546,3.0516,3.0516,12
2026-03-04 11:18:00,3.0481,3.0481,3.0451,3.0456,3.0531,3.0531,3.0501,3.0506,9
2026-03-04 11:19:00,3.0446,3.0491,3.0431,3.0456,3.0496,3.0541,3.0481,3.0506,20
2026-03-04 11:20:00,3.0461,3.0461,3.0431,3.0446,3.0511,3.0511,3.0481,3.0496,18
2026-03-04 11:21:00,3.0431,3.0431,3.0391,3.0391,3.0481,3.0481,3.0441,3.0441,19
2026-03-04 11:22:00,3.0396,3.0401,3.0356,3.0376,3.0446,3.0451,3.0406,3.0426,21
2026-03-04 11:23:00,3.0386,3.0386,3.0341,3.0341,3.0436,3.0436,3.0391,3.0391,14
2026-03-04 11:24:00,3.0331,3.0351,3.0241,3.0241,3.0381,3.0401,3.0291,3.0291,50
2026-03-04 11:25:00,3.0236,3.0261,3.0221,3.0251,3.0286,3.0311,3.0271,3.0301,33
2026-03-04 11:26:00,3.0256,3.0291,3.0241,3.0271,3.0306,3.0341,3.0291,3.0321,19
2026-03-04 11:27:00,3.0266,3.0286,3.0246,3.0276,3.0316,3.0336,3.0296,3.0326,13
2026-03-04 11:28:00,3.0286,3.0316,3.0286,3.0316,3.0336,3.0366,3.0336,3.0366,11
2026-03-04 11:29:00,3.0311,3.0331,3.0296,3.0311,3.0361,3.0381,3.0346,3.0361,17
2026-03-04 11:30:00,3.0321,3.0321,3.0301,3.0311,3.0371,3.0371,3.0351,3.0361,16
2026-03-04 11:31:00,3.0306,3.0311,3.0291,3.0311,3.0356,3.0361,3.0341,3.0361,7
2026-03-04 11:32:00,3.0306,3.0371,3.0306,3.0361,3.0356,3.0421,3.0356,3.0411,29
2026-03-04 11:33:00,3.0356,3.0371,3.0346,3.0371,3.0406,3.0421,3.0396,3.0421,9
2026-03-04 11:34:00,3.0376,3.0381,3.0341,3.0351,3.0426,3.0431,3.0391,3.0401,17
2026-03-04 11:35:00,3.0356,3.0361,3.0321,3.0341,3.0406,3.0411,3.0371,3.0391,9
2026-03-04 11:36:00,3.0331,3.0356,3.0331,3.0331,3.0381,3.0406,3.0381,3.0381,14
2026-03-04 11:37:00,3.0321,3.0321,3.0271,3.0286,3.0371,3.0371,3.0321,3.0336,20
2026-03-04 11:38:00,3.0291,3.0291,3.0241,3.0241,3.0341,3.0341,3.0291,3.0291,26
2026-03-04 11:39:00,3.0246,3.0261,3.0226,3.0226,3.0296,3.0311,3.0276,3.0276,23
2026-03-04 11:40:00,3.0221,3.0256,3.0201,3.0211,3.0271,3.0306,3.0251,3.0261,23
2026-03-04 11:41:00,3.0216,3.0221,3.0171,3.0191,3.0266,3.0271,3.0221,3.0241,26
2026-03-04 11:42:00,3.0196,3.0211,3.0121,3.0121,3.0246,3.0261,3.0171,3.0171,22
2026-03-04 11:43:00,3.0116,3.0121,3.0031,3.0051,3.0166,3.0171,3.0081,3.0101,34
2026-03-04 11:44:00,3.0041,3.0061,3.0021,3.0041,3.0091,3.0111,3.0071,3.0091,27
2026-03-04 11:45:00,3.0046,3.0071,3.0016,3.0026,3.0096,3.0121,3.0066,3.0076,22
2026-03-04 11:46:00,3.0031,3.0091,3.0006,3.0051,3.0081,3.0141,3.0056,3.0101,37
2026-03-04 11:47:00,3.0071,3.0161,3.0041,3.0146,3.0121,3.0211,3.0091,3.0196,43
2026-03-04 11:48:00,3.0136,3.0166,3.0116,3.0151,3.0186,3.0216,3.0166,3.0201,19
2026-03-04 11:49:00,3.0161,3.0161,3.0071,3.0076,3.0211,3.0211,3.0121,3.0126,28
2026-03-04 11:50:00,3.0081,3.0116,3.0081,3.0086,3.0131,3.0166,3.0131,3.0136,17
2026-03-04 11:51:00,3.0081,3.0106,3.0081,3.0101,3.0131,3.0156,3.0131,3.0151,15
2026-03-04 11:52:00,3.0106,3.0126,3.0091,3.0101,3.0156,3.0176,3.0141,3.0151,19
2026-03-04 11:53:00,3.0106,3.0161,3.0101,3.0141,3.0156,3.0211,3.0151,3.0191,14
2026-03-04 11:54:00,3.0146,3.0161,3.0121,3.0146,3.0196,3.0211,3.0171,3.0196,10
2026-03-04 11:55:00,3.0161,3.0206,3.0156,3.0206,3.0211,3.0256,3.0206,3.0256,14
2026-03-04 11:56:00,3.0211,3.0231,3.0206,3.0221,3.0261,3.0281,3.0256,3.0271,12
2026-03-04 11:57:00,3.0216,3.0216,3.0166,3.0166,3.0266,3.0266,3.0216,3.0216,9
2026-03-04 11:58:00,3.0171,3.0206,3.0171,3.0176,3.0221,3.0256,3.0221,3.0226,9
2026-03-04 11:59:00,3.0181,3.0181,3.0166,3.0171,3.0231,3.0231,3.0216,3.0221,8
2026-03-04 12:00:00,3.0161,3.0181,3.0141,3.0161,3.0211,3.0231,3.0191,3.0211,20
2026-03-04 12:01:00,3.0156,3.0166,3.0141,3.0146,3.0206,3.0216,3.0191,3.0196,9
2026-03-04 12:02:00,3.0156,3.0156,3.0131,3.0131,3.0206,3.0206,3.0181,3.0181,14
2026-03-04 12:03:00,3.0121,3.0121,3.0081,3.0111,3.0171,3.0171,3.0131,3.0161,20
2026-03-04 12:04:00,3.0116,3.0151,3.0061,3.0071,3.0166,3.0201,3.0111,3.0121,26
2026-03-04 12:05:00,3.0076,3.0096,3.0066,3.0086,3.0126,3.0146,3.0116,3.0136,14
2026-03-04 12:06:00,3.0096,3.0096,3.0041,3.0056,3.0146,3.0146,3.0091,3.0106,13
2026-03-04 12:07:00,3.0051,3.0071,3.0041,3.0061,3.0101,3.0121,3.0091,3.0111,8
2026-03-04 12:08:00,3.0071,3.0081,3.0011,3.0021,3.0121,3.0131,3.0061,3.0071,27
2026-03-04 12:09:00,3.0016,3.0076,3.0011,3.0061,3.0066,3.0126,3.0061,3.0111,19
2026-03-04 12:10:00,3.0056,3.0056,3.0021,3.0036,3.0106,3.0106,3.0071,3.0086,9
2026-03-04 12:11:00,3.0046,3.0076,3.0036,3.0066,3.0096,3.0126,3.0086,3.0116,14
2026-03-04 12:12:00,3.0071,3.0126,3.0071,3.0101,3.0121,3.0176,3.0121,3.0151,15
2026-03-04 12:13:00,3.0096,3.0111,3.0071,3.0081,3.0146,3.0161,3.0121,3.0131,13
2026-03-04 12:14:00,3.0076,3.0091,3.0071,3.0091,3.0126,3.0141,3.0121,3.0141,11
2026-03-04 12:15:00,3.0086,3.0091,3.0036,3.0036,3.0136,3.0141,3.0086,3.0086,26
2026-03-04 12:16:00,3.0026,3.0026,2.9981,2.9996,3.0076,3.0076,3.0031,3.0046,17
2026-03-04 12:17:00,3.0001,3.0001,2.9921,2.9931,3.0051,3.0051,2.9971,2.9981,46
2026-03-04 12:18:00,2.9921,2.9941,2.9881,2.9886,2.9971,2.9991,2.9931,2.9936,30
2026-03-04 12:19:00,2.9896,2.9911,2.9871,2.9911,2.9946,2.9961,2.9921,2.9961,18
2026-03-04 12:20:00,2.9901,2.9901,2.9851,2.9861,2.9951,2.9951,2.9901,2.9911,21
2026-03-04 12:21:00,2.9866,2.9901,2.9861,2.9876,2.9916,2.9951,2.9911,2.9926,15
2026-03-04 12:22:00,2.9871,2.9901,2.9861,2.9896,2.9921,2.9951,2.9911,2.9946,14
2026-03-04 12:23:00,2.9906,2.9941,2.9906,2.9926,2.9956,2.9991,2.9956,2.9976,14
2026-03-04 12:24:00,2.9916,2.9926,2.9896,2.9911,2.9966,2.9976,2.9946,2.9961,13
2026-03-04 12:25:00,2.9906,2.9916,2.9901,2.9901,2.9956,2.9966,2.9951,2.9951,11
2026-03-04 12:26:00,2.9906,2.9966,2.9891,2.9921,2.9956,3.0016,2.9941,2.9971,17
2026-03-04 12:27:00,2.9926,2.9951,2.9901,2.9936,2.9976,3.0001,2.9951,2.9986,17
2026-03-04 12:28:00,2.9921,2.9931,2.9911,2.9921,2.9971,2.9981,2.9961,2.9971,5
2026-03-04 12:29:00,2.9931,2.9946,2.9931,2.9936,2.9981,2.9996,2.9981,2.9986,7
2026-03-04 12:30:00,2.9931,2.9931,2.9881,2.9901,2.9981,2.9981,2.9931,2.9951,19
2026-03-04 12:31:00,2.9891,2.9931,2.9891,2.9916,2.9941,2.9981,2.9941,2.9966,10
2026-03-04 12:32:00,2.9926,2.9961,2.9926,2.9961,2.9976,3.0011,2.9976,3.0011,6
2026-03-04 12:33:00,2.9956,2.9961,2.9926,2.9931,3.0006,3.0011,2.9976,2.9981,11
2026-03-04 12:34:00,2.9926,2.9961,2.9911,2.9951,2.9976,3.0011,2.9961,3.0001,14
2026-03-04 12:35:00,2.9956,2.9961,2.9941,2.9941,3.0006,3.0011,2.9991,2.9991,19
2026-03-04 12:36:00,2.9936,3.0001,2.9936,2.9956,2.9986,3.0051,2.9986,3.0006,28
2026-03-04 12:37:00,2.9961,2.9966,2.9941,2.9951,3.0011,3.0016,2.9991,3.0001,16
2026-03-04 12:38:00,2.9941,2.9981,2.9941,2.9951,2.9991,3.0031,2.9991,3.0001,13
2026-03-04 12:39:00,2.9956,2.9981,2.9956,2.9981,3.0006,3.0031,3.0006,3.0031,10
2026-03-04 12:40:00,2.9976,2.9981,2.9956,2.9976,3.0026,3.0031,3.0006,3.0026,20
2026-03-04 12:41:00,2.9971,2.9991,2.9961,2.9981,3.0021,3.0041,3.0011,3.0031,9
2026-03-04 12:42:00,2.9976,3.0011,2.9956,3.0001,3.0026,3.0061,3.0006,3.0051,28
2026-03-04 12:43:00,3.0006,3.0051,3.0001,3.0041,3.0056,3.0101,3.0051,3.0091,20
2026-03-04 12:44:00,3.0036,3.0046,3.0016,3.0031,3.0086,3.0096,3.0066,3.0081,16
2026-03-04 12:45:00,3.0036,3.0101,3.0036,3.0096,3.0086,3.0151,3.0086,3.0146,15
2026-03-04 12:46:00,3.0091,3.0091,3.0051,3.0051,3.0141,3.0141,3.0101,3.0101,17
2026-03-04 12:47:00,3.0056,3.0116,3.0046,3.0116,3.0106,3.0166,3.0096,3.0166,26
2026-03-04 12:48:00,3.0111,3.0131,3.0101,3.0126,3.0161,3.0181,3.0151,3.0176,20
2026-03-04 12:49:00,3.0131,3.0171,3.0131,3.0151,3.0181,3.0221,3.0181,3.0201,16
2026-03-04 12:50:00,3.0146,3.0161,3.0116,3.0156,3.0196,3.0211,3.0166,3.0206,24
2026-03-04 12:51:00,3.0151,3.0166,3.0126,3.0141,3.0201,3.0216,3.0176,3.0191,20
2026-03-04 12:52:00,3.0136,3.0141,3.0131,3.0131,3.0186,3.0191,3.0181,3.0181,12
2026-03-04 12:53:00,3.0126,3.0141,3.0121,3.0121,3.0176,3.0191,3.0171,3.0171,13
2026-03-04 12:54:00,3.0111,3.0116,3.0091,3.0111,3.0161,3.0166,3.0141,3.0161,13
2026-03-04 12:55:00,3.0106,3.0111,3.0071,3.0081,3.0156,3.0161,3.0121,3.0131,10
2026-03-04 12:56:00,3.0076,3.0101,3.0076,3.0086,3.0126,3.0151,3.0126,3.0136,9
2026-03-04 12:57:00,3.0091,3.0121,3.0091,3.0111,3.0141,3.0171,3.0141,3.0161,12
2026-03-04 12:58:00,3.0106,3.0116,3.0091,3.0101,3.0156,3.0166,3.0141,3.0151,17
2026-03-04 12:59:00,3.0096,3.0106,3.0026,3.0066,3.0146,3.0156,3.0076,3.0116,23
2026-03-04 13:00:00,3.0071,3.0261,3.0071,3.0261,3.0121,3.0311,3.0121,3.0311,65
2026-03-04 13:01:00,3.0251,3.0256,3.0136,3.0141,3.0301,3.0306,3.0186,3.0191,40
2026-03-04 13:02:00,3.0146,3.0171,3.0131,3.0131,3.0196,3.0221,3.0181,3.0181,21
2026-03-04 13:03:00,3.0141,3.0176,3.0101,3.0116,3.0191,3.0226,3.0151,3.0166,30
2026-03-04 13:04:00,3.0121,3.0196,3.0091,3.0181,3.0171,3.0246,3.0141,3.0231,35
2026-03-04 13:05:00,3.0176,3.0206,3.0171,3.0206,3.0226,3.0256,3.0221,3.0256,29
2026-03-04 13:06:00,3.0211,3.0211,3.0171,3.0181,3.0261,3.0261,3.0221,3.0231,17
2026-03-04 13:07:00,3.0171,3.0251,3.0151,3.0231,3.0221,3.0301,3.0201,3.0281,27
2026-03-04 13:08:00,3.0241,3.0261,3.0231,3.0246,3.0291,3.0311,3.0281,3.0296,14
2026-03-04 13:09:00,3.0241,3.0251,3.0201,3.0221,3.0291,3.0301,3.0251,3.0271,20
2026-03-04 13:10:00,3.0231,3.0236,3.0156,3.0166,3.0281,3.0286,3.0206,3.0216,28
2026-03-04 13:11:00,3.0156,3.0231,3.0151,3.0226,3.0206,3.0281,3.0201,3.0276,18
2026-03-04 13:12:00,3.0216,3.0241,3.0201,3.0211,3.0266,3.0291,3.0251,3.0261,14
2026-03-04 13:13:00,3.0216,3.0221,3.0201,3.0221,3.0266,3.0271,3.0251,3.0271,9
2026-03-04 13:14:00,3.0211,3.0221,3.0196,3.0201,3.0261,3.0271,3.0246,3.0251,18
2026-03-04 13:15:00,3.0191,3.0191,3.0101,3.0116,3.0241,3.0241,3.0151,3.0166,31
2026-03-04 13:16:00,3.0111,3.0126,3.0081,3.0081,3.0161,3.0176,3.0131,3.0131,17
2026-03-04 13:17:00,3.0091,3.0151,3.0091,3.0131,3.0141,3.0201,3.0141,3.0181,25
2026-03-04 13:18:00,3.0141,3.0211,3.0141,3.0211,3.0191,3.0261,3.0191,3.0261,22
2026-03-04 13:19:00,3.0206,3.0226,3.0176,3.0221,3.0256,3.0276,3.0226,3.0271,31
2026-03-04 13:20:00,3.0231,3.0301,3.0211,3.0281,3.0281,3.0351,3.0261,3.0331,34
2026-03-04 13:21:00,3.0276,3.0276,3.0071,3.0116,3.0326,3.0326,3.0121,3.0166,59
2026-03-04 13:22:00,3.0111,3.0111,3.0041,3.0051,3.0161,3.0161,3.0091,3.0101,38
2026-03-04 13:23:00,3.0061,3.0071,3.0051,3.0071,3.0111,3.0121,3.0101,3.0121,14
2026-03-04 13:24:00,3.0066,3.0081,3.0051,3.0061,3.0116,3.0131,3.0101,3.0111,20
2026-03-04 13:25:00,3.0056,3.0121,3.0021,3.0061,3.0106,3.0171,3.0071,3.0111,53
2026-03-04 13:26:00,3.0056,3.0081,3.0001,3.0001,3.0106,3.0131,3.0051,3.0051,38
2026-03-04 13:27:00,2.9996,3.0061,2.9986,3.0016,3.0046,3.0111,3.0036,3.0066,35
2026-03-04 13:28:00,3.0021,3.0111,3.0021,3.0096,3.0071,3.0161,3.0071,3.0146,28
2026-03-04 13:29:00,3.0086,3.0111,3.0071,3.0101,3.0136,3.0161,3.0121,3.0151,29
2026-03-04 13:30:00,3.0111,3.0161,3.0101,3.0151,3.0161,3.0211,3.0151,3.0201,13
2026-03-04 13:31:00,3.0141,3.0141,3.0081,3.0116,3.0191,3.0191,3.0131,3.0166,43
2026-03-04 13:32:00,3.0106,3.0111,3.0071,3.0091,3.0156,3.0161,3.0121,3.0141,29
2026-03-04 13:33:00,3.0096,3.0126,3.0071,3.0121,3.0146,3.0176,3.0121,3.0171,22
2026-03-04 13:34:00,3.0111,3.0111,3.0071,3.0071,3.0161,3.0161,3.0121,3.0121,18
2026-03-04 13:35:00,3.0061,3.0061,3.0011,3.0051,3.0111,3.0111,3.0061,3.0101,23
2026-03-04 13:36:00,3.0046,3.0051,2.9956,2.9981,3.0096,3.0101,3.0006,3.0031,32
2026-03-04 13:37:00,2.9976,2.9976,2.9936,2.9936,3.0026,3.0026,2.9986,2.9986,13
2026-03-04 13:38:00,2.9941,2.9951,2.9896,2.9951,2.9991,3.0001,2.9946,3.0001,25
2026-03-04 13:39:00,2.9941,2.9971,2.9931,2.9961,2.9991,3.0021,2.9981,3.0011,24
2026-03-04 13:40:00,2.9956,2.9961,2.9941,2.9951,3.0006,3.0011,2.9991,3.0001,12
2026-03-04 13:41:00,2.9946,2.9981,2.9921,2.9971,2.9996,3.0031,2.9971,3.0021,28
2026-03-04 13:42:00,2.9961,3.0041,2.9921,3.0016,3.0011,3.0091,2.9971,3.0066,52
2026-03-04 13:43:00,3.0011,3.0101,3.0006,3.0091,3.0061,3.0151,3.0056,3.0141,32
2026-03-04 13:44:00,3.0081,3.0136,3.0076,3.0111,3.0131,3.0186,3.0126,3.0161,32
2026-03-04 13:45:00,3.0106,3.0141,3.0091,3.0126,3.0156,3.0191,3.0141,3.0176,28
2026-03-04 13:46:00,3.0131,3.0221,3.0091,3.0211,3.0181,3.0271,3.0141,3.0261,44
2026-03-04 13:47:00,3.0216,3.0266,3.0191,3.0216,3.0266,3.0316,3.0241,3.0266,41
2026-03-04 13:48:00,3.0211,3.0261,3.0201,3.0251,3.0261,3.0311,3.0251,3.0301,33
2026-03-04 13:49:00,3.0241,3.0321,3.0221,3.0311,3.0291,3.0371,3.0271,3.0361,31
2026-03-04 13:50:00,3.0316,3.0371,3.0301,3.0331,3.0366,3.0421,3.0351,3.0381,38
2026-03-04 13:51:00,3.0341,3.0341,3.0311,3.0326,3.0391,3.0391,3.0361,3.0376,15
2026-03-04 13:52:00,3.0321,3.0371,3.0321,3.0341,3.0371,3.0421,3.0371,3.0391,30
2026-03-04 13:53:00,3.0346,3.0411,3.0331,3.0371,3.0396,3.0461,3.0381,3.0421,35
2026-03-04 13:54:00,3.0381,3.0391,3.0361,3.0391,3.0431,3.0441,3.0411,3.0441,15
2026-03-04 13:55:00,3.0386,3.0411,3.0331,3.0341,3.0436,3.0461,3.0381,3.0391,40
2026-03-04 13:56:00,3.0336,3.0351,3.0321,3.0341,3.0386,3.0401,3.0371,3.0391,32
2026-03-04 13:57:00,3.0331,3.0406,3.0331,3.0371,3.0381,3.0456,3.0381,3.0421,28
2026-03-04 13:58:00,3.0391,3.0406,3.0361,3.0371,3.0441,3.0456,3.0411,3.0421,31
2026-03-04 13:59:00,3.0376,3.0376,3.0336,3.0341,3.0426,3.0426,3.0386,3.0391,35
2026-03-04 14:00:00,3.0356,3.0386,3.0261,3.0281,3.0406,3.0436,3.0311,3.0331,70
2026-03-04 14:01:00,3.0276,3.0381,3.0251,3.0341,3.0326,3.0431,3.0301,3.0391,63
2026-03-04 14:02:00,3.0336,3.0351,3.0181,3.0201,3.0386,3.0401,3.0231,3.0251,67
2026-03-04 14:03:00,3.0206,3.0206,3.0106,3.0116,3.0256,3.0256,3.0156,3.0166,65
2026-03-04 14:04:00,3.0111,3.0221,3.0086,3.0126,3.0161,3.0271,3.0136,3.0176,69
2026-03-04 14:05:00,3.0116,3.0131,3.0071,3.0106,3.0166,3.0181,3.0121,3.0156,43
2026-03-04 14:06:00,3.0101,3.0141,3.0081,3.0116,3.0151,3.0191,3.0131,3.0166,49
2026-03-04 14:07:00,3.0111,3.0161,3.0091,3.0141,3.0161,3.0211,3.0141,3.0191,40
2026-03-04 14:08:00,3.0146,3.0191,3.0121,3.0151,3.0196,3.0241,3.0171,3.0201,38
2026-03-04 14:09:00,3.0146,3.0211,3.0146,3.0181,3.0196,3.0261,3.0196,3.0231,38
2026-03-04 14:10:00,3.0176,3.0181,3.0011,3.0021,3.0226,3.0231,3.0061,3.0071,53
2026-03-04 14:11:00,3.0026,3.0051,3.0011,3.0031,3.0076,3.0101,3.0061,3.0081,29
2026-03-04 14:12:00,3.0021,3.0091,3.0021,3.0076,3.0071,3.0141,3.0071,3.0126,37
2026-03-04 14:13:00,3.0081,3.0121,3.0071,3.0071,3.0131,3.0171,3.0121,3.0121,34
2026-03-04 14:14:00,3.0066,3.0066,3.0006,3.0016,3.0116,3.0116,3.0056,3.0066,20
2026-03-04 14:15:00,3.0006,3.0071,2.9946,2.9961,3.0056,3.0121,2.9996,3.0011,50
2026-03-04 14:16:00,2.9956,2.9966,2.9901,2.9906,3.0006,3.0016,2.9951,2.9956,30
2026-03-04 14:17:00,2.9896,2.9941,2.9801,2.9826,2.9946,2.9991,2.9851,2.9876,100
2026-03-04 14:18:00,2.9831,2.9861,2.9801,2.9826,2.9881,2.9911,2.9851,2.9876,49
2026-03-04 14:19:00,2.9831,2.9906,2.9796,2.9886,2.9881,2.9956,2.9846,2.9936,41
2026-03-04 14:20:00,2.9881,2.9891,2.9806,2.9821,2.9931,2.9941,2.9856,2.9871,53
2026-03-04 14:21:00,2.9826,2.9881,2.9736,2.9746,2.9876,2.9931,2.9786,2.9796,62
2026-03-04 14:22:00,2.9736,2.9781,2.9711,2.9771,2.9786,2.9831,2.9761,2.9821,60
2026-03-04 14:23:00,2.9776,2.9776,2.9571,2.9686,2.9826,2.9826,2.9621,2.9736,89
2026-03-04 14:24:00,2.9681,2.9691,2.9601,2.9621,2.9731,2.9741,2.9651,2.9671,62
2026-03-04 14:25:00,2.9631,2.9641,2.9551,2.9561,2.9681,2.9691,2.9601,2.9611,75
2026-03-04 14:26:00,2.9551,2.9611,2.9521,2.9596,2.9601,2.9661,2.9571,2.9646,56
2026-03-04 14:27:00,2.9591,2.9601,2.9491,2.9511,2.9641,2.9651,2.9541,2.9561,57
2026-03-04 14:28:00,2.9506,2.9516,2.9341,2.9421,2.9556,2.9566,2.9391,2.9471,109
2026-03-04 14:29:00,2.9426,2.9461,2.9356,2.9381,2.9476,2.9511,2.9406,2.9431,63
2026-03-04 14:30:00,2.9391,2.9491,2.9361,2.9446,2.9441,2.9541,2.9411,2.9496,88
2026-03-04 14:31:00,2.9441,2.9441,2.9331,2.9341,2.9491,2.9491,2.9381,2.9391,68
2026-03-04 14:32:00,2.9351,2.9361,2.9246,2.9296,2.9401,2.9411,2.9296,2.9346,103
2026-03-04 14:33:00,2.9301,2.9361,2.9296,2.9341,2.9351,2.9411,2.9346,2.9391,64
2026-03-04 14:34:00,2.9336,2.9376,2.9291,2.9371,2.9386,2.9426,2.9341,2.9421,51
2026-03-04 14:35:00,2.9366,2.9371,2.9221,2.9231,2.9416,2.9421,2.9271,2.9281,72
2026-03-04 14:36:00,2.9236,2.9301,2.9236,2.9261,2.9286,2.9351,2.9286,2.9311,74
2026-03-04 14:37:00,2.9251,2.9276,2.9191,2.9241,2.9301,2.9326,2.9241,2.9291,78
2026-03-04 14:38:00,2.9256,2.9301,2.9241,2.9301,2.9306,2.9351,2.9291,2.9351,48
2026-03-04 14:39:00,2.9306,2.9316,2.9281,2.9296,2.9356,2.9366,2.9331,2.9346,43
2026-03-04 14:40:00,2.9291,2.9301,2.9251,2.9281,2.9341,2.9351,2.9301,2.9331,49
2026-03-04 14:41:00,2.9291,2.9381,2.9281,2.9371,2.9341,2.9431,2.9331,2.9421,70
2026-03-04 14:42:00,2.9366,2.9381,2.9331,2.9381,2.9416,2.9431,2.9381,2.9431,45
2026-03-04 14:43:00,2.9376,2.9381,2.9321,2.9331,2.9426,2.9431,2.9371,2.9381,24
2026-03-04 14:44:00,2.9326,2.9346,2.9221,2.9251,2.9376,2.9396,2.9271,2.9301,55
2026-03-04 14:45:00,2.9256,2.9351,2.9251,2.9331,2.9306,2.9401,2.9301,2.9381,59
2026-03-04 14:46:00,2.9321,2.9331,2.9281,2.9311,2.9371,2.9381,2.9331,2.9361,46
2026-03-04 14:47:00,2.9306,2.9351,2.9291,2.9351,2.9356,2.9401,2.9341,2.9401,34
2026-03-04 14:48:00,2.9346,2.9351,2.9321,2.9321,2.9396,2.9401,2.9371,2.9371,25
2026-03-04 14:49:00,2.9331,2.9331,2.9256,2.9276,2.9381,2.9381,2.9306,2.9326,51
2026-03-04 14:50:00,2.9271,2.9311,2.9261,2.9266,2.9321,2.9361,2.9311,2.9316,39
2026-03-04 14:51:00,2.9276,2.9286,2.9231,2.9281,2.9326,2.9336,2.9281,2.9331,42
2026-03-04 14:52:00,2.9271,2.9356,2.9221,2.9341,2.9321,2.9406,2.9271,2.9391,72
2026-03-04 14:53:00,2.9331,2.9401,2.9321,2.9381,2.9381,2.9451,2.9371,2.9431,59
2026-03-04 14:54:00,2.9391,2.9501,2.9391,2.9481,2.9441,2.9551,2.9441,2.9531,77
2026-03-04 14:55:00,2.9491,2.9521,2.9441,2.9471,2.9541,2.9571,2.9491,2.9521,75
2026-03-04 14:56:00,2.9461,2.9711,2.9451,2.9666,2.9511,2.9761,2.9501,2.9716,179
2026-03-04 14:57:00,2.9661,2.9731,2.9646,2.9711,2.9711,2.9781,2.9696,2.9761,80
2026-03-04 14:58:00,2.9701,2.9716,2.9601,2.9716,2.9751,2.9766,2.9651,2.9766,64
2026-03-04 14:59:00,2.9721,2.9766,2.9661,2.9666,2.9771,2.9816,2.9711,2.9716,71
2026-03-04 15:00:00,2.9656,2.9761,2.9576,2.9751,2.9706,2.9811,2.9626,2.9801,138
2026-03-04 15:01:00,2.9756,2.9781,2.9581,2.9581,2.9806,2.9831,2.9631,2.9631,82
2026-03-04 15:02:00,2.9591,2.9691,2.9581,2.9691,2.9641,2.9741,2.9631,2.9741,82
2026-03-04 15:03:00,2.9681,2.9691,2.9631,2.9681,2.9731,2.9741,2.9681,2.9731,59
2026-03-04 15:04:00,2.9671,2.9671,2.9561,2.9616,2.9721,2.9721,2.9611,2.9666,75
2026-03-04 15:05:00,2.9611,2.9711,2.9581,2.9711,2.9661,2.9761,2.9631,2.9761,63
2026-03-04 15:06:00,2.9701,2.9701,2.9571,2.9571,2.9751,2.9751,2.9621,2.9621,47
2026-03-04 15:07:00,2.9576,2.9651,2.9571,2.9591,2.9626,2.9701,2.9621,2.9641,76
2026-03-04 15:08:00,2.9586,2.9691,2.9581,2.9681,2.9636,2.9741,2.9631,2.9731,55
2026-03-04 15:09:00,2.9676,2.9686,2.9631,2.9641,2.9726,2.9736,2.9681,2.9691,28
2026-03-04 15:10:00,2.9636,2.9671,2.9621,2.9651,2.9686,2.9721,2.9671,2.9701,39
2026-03-04 15:11:00,2.9641,2.9711,2.9631,2.9691,2.9691,2.9761,2.9681,2.9741,52
2026-03-04 15:12:00,2.9686,2.9721,2.9671,2.9711,2.9736,2.9771,2.9721,2.9761,50
2026-03-04 15:13:00,2.9706,2.9706,2.9581,2.9581,2.9756,2.9756,2.9631,2.9631,60
2026-03-04 15:14:00,2.9571,2.9601,2.9501,2.9536,2.9621,2.9651,2.9551,2.9586,49
2026-03-04 15:15:00,2.9521,2.9551,2.9481,2.9496,2.9571,2.9601,2.9531,2.9546,47
2026-03-04 15:16:00,2.9501,2.9531,2.9431,2.9436,2.9551,2.9581,2.9481,2.9486,67
2026-03-04 15:17:00,2.9431,2.9481,2.9411,2.9416,2.9481,2.9531,2.9461,2.9466,85
2026-03-04 15:18:00,2.9411,2.9421,2.9341,2.9351,2.9461,2.9471,2.9391,2.9401,45
2026-03-04 15:19:00,2.9361,2.9371,2.9321,2.9361,2.9411,2.9421,2.9371,2.9411,38
2026-03-04 15:20:00,2.9356,2.9411,2.9341,2.9371,2.9406,2.9461,2.9391,2.9421,48
2026-03-04 15:21:00,2.9361,2.9431,2.9331,2.9431,2.9411,2.9481,2.9381,2.9481,36
2026-03-04 15:22:00,2.9421,2.9501,2.9381,2.9501,2.9471,2.9551,2.9431,2.9551,33
2026-03-04 15:23:00,2.9491,2.9521,2.9441,2.9441,2.9541,2.9571,2.9491,2.9491,39
2026-03-04 15:24:00,2.9451,2.9531,2.9446,2.9491,2.9501,2.9581,2.9496,2.9541,46
2026-03-04 15:25:00,2.9481,2.9501,2.9446,2.9456,2.9531,2.9551,2.9496,2.9506,43
2026-03-04 15:26:00,2.9466,2.9501,2.9441,2.9456,2.9516,2.9551,2.9491,2.9506,32
2026-03-04 15:27:00,2.9451,2.9476,2.9441,2.9461,2.9501,2.9526,2.9491,2.9511,32
2026-03-04 15:28:00,2.9456,2.9521,2.9446,2.9491,2.9506,2.9571,2.9496,2.9541,49
2026-03-04 15:29:00,2.9501,2.9501,2.9461,2.9481,2.9551,2.9551,2.9511,2.9531,33
2026-03-04 15:30:00,2.9486,2.9591,2.9486,2.9556,2.9536,2.9641,2.9536,2.9606,81
2026-03-04 15:31:00,2.9561,2.9591,2.9511,2.9531,2.9611,2.9641,2.9561,2.9581,54
2026-03-04 15:32:00,2.9526,2.9631,2.9526,2.9616,2.9576,2.9681,2.9576,2.9666,53
2026-03-04 15:33:00,2.9611,2.9611,2.9566,2.9581,2.9661,2.9661,2.9616,2.9631,43
2026-03-04 15:34:00,2.9576,2.9611,2.9541,2.9566,2.9626,2.9661,2.9591,2.9616,51
2026-03-04 15:35:00,2.9571,2.9721,2.9531,2.9711,2.9621,2.9771,2.9581,2.9761,122
2026-03-04 15:36:00,2.9716,2.9731,2.9651,2.9681,2.9766,2.9781,2.9701,2.9731,60
2026-03-04 15:37:00,2.9671,2.9701,2.9631,2.9641,2.9721,2.9751,2.9681,2.9691,43
2026-03-04 15:38:00,2.9636,2.9636,2.9591,2.9616,2.9686,2.9686,2.9641,2.9666,50
2026-03-04 15:39:00,2.9621,2.9641,2.9611,2.9621,2.9671,2.9691,2.9661,2.9671,32
2026-03-04 15:40:00,2.9616,2.9651,2.9571,2.9646,2.9666,2.9701,2.9621,2.9696,49
2026-03-04 15:41:00,2.9661,2.9671,2.9601,2.9621,2.9711,2.9721,2.9651,2.9671,36
2026-03-04 15:42:00,2.9616,2.9641,2.9606,2.9621,2.9666,2.9691,2.9656,2.9671,31
2026-03-04 15:43:00,2.9626,2.9691,2.9616,2.9686,2.9676,2.9741,2.9666,2.9736,32
2026-03-04 15:44:00,2.9681,2.9691,2.9636,2.9636,2.9731,2.9741,2.9686,2.9686,27
2026-03-04 15:45:00,2.9626,2.9671,2.9601,2.9656,2.9676,2.9721,2.9651,2.9706,57
2026-03-04 15:46:00,2.9651,2.9731,2.9621,2.9631,2.9701,2.9781,2.9671,2.9681,59
2026-03-04 15:47:00,2.9626,2.9666,2.9611,2.9646,2.9676,2.9716,2.9661,2.9696,37
2026-03-04 15:48:00,2.9641,2.9641,2.9581,2.9606,2.9691,2.9691,2.9631,2.9656,33
2026-03-04 15:49:00,2.9601,2.9601,2.9521,2.9531,2.9651,2.9651,2.9571,2.9581,38
2026-03-04 15:50:00,2.9521,2.9551,2.9521,2.9536,2.9571,2.9601,2.9571,2.9586,39
2026-03-04 15:51:00,2.9526,2.9571,2.9521,2.9556,2.9576,2.9621,2.9571,2.9606,26
2026-03-04 15:52:00,2.9551,2.9556,2.9471,2.9491,2.9601,2.9606,2.9521,2.9541,38
2026-03-04 15:53:00,2.9496,2.9571,2.9481,2.9556,2.9546,2.9621,2.9531,2.9606,42
2026-03-04 15:54:00,2.9551,2.9561,2.9381,2.9411,2.9601,2.9611,2.9431,2.9461,65
2026-03-04 15:55:00,2.9406,2.9421,2.9376,2.9401,2.9456,2.9471,2.9426,2.9451,38
2026-03-04 15:56:00,2.9406,2.9421,2.9336,2.9341,2.9456,2.9471,2.9386,2.9391,38
2026-03-04 15:57:00,2.9331,2.9341,2.9276,2.9301,2.9381,2.9391,2.9326,2.9351,24
2026-03-04 15:58:00,2.9296,2.9321,2.9281,2.9316,2.9346,2.9371,2.9331,2.9366,35
2026-03-04 15:59:00,2.9311,2.9341,2.9301,2.9316,2.9361,2.9391,2.9351,2.9366,39
2026-03-04 16:00:00,2.9301,2.9331,2.9281,2.9291,2.9351,2.9381,2.9331,2.9341,39
2026-03-04 16:01:00,2.9281,2.9301,2.9251,2.9281,2.9331,2.9351,2.9301,2.9331,43
2026-03-04 16:02:00,2.9286,2.9316,2.9286,2.9311,2.9336,2.9366,2.9336,2.9361,34
2026-03-04 16:03:00,2.9316,2.9351,2.9301,2.9301,2.9366,2.9401,2.9351,2.9351,31
2026-03-04 16:04:00,2.9311,2.9321,2.9291,2.9291,2.9361,2.9371,2.9341,2.9341,21
2026-03-04 16:05:00,2.9286,2.9301,2.9251,2.9261,2.9336,2.9351,2.9301,2.9311,30
2026-03-04 16:06:00,2.9271,2.9291,2.9251,2.9271,2.9321,2.9341,2.9301,2.9321,28
2026-03-04 16:07:00,2.9266,2.9351,2.9266,2.9351,2.9316,2.9401,2.9316,2.9401,35
2026-03-04 16:08:00,2.9356,2.9401,2.9346,2.9376,2.9406,2.9451,2.9396,2.9426,41
2026-03-04 16:09:00,2.9381,2.9411,2.9371,2.9401,2.9431,2.9461,2.9421,2.9451,18
2026-03-04 16:10:00,2.9396,2.9396,2.9331,2.9341,2.9446,2.9446,2.9381,2.9391,30
2026-03-04 16:11:00,2.9336,2.9336,2.9291,2.9301,2.9386,2.9386,2.9341,2.9351,25
2026-03-04 16:12:00,2.9291,2.9321,2.9291,2.9311,2.9341,2.9371,2.9341,2.9361,23
2026-03-04 16:13:00,2.9301,2.9326,2.9291,2.9316,2.9351,2.9376,2.9341,2.9366,20
2026-03-04 16:14:00,2.9311,2.9331,2.9271,2.9291,2.9361,2.9381,2.9321,2.9341,23
2026-03-04 16:15:00,2.9286,2.9301,2.9271,2.9291,2.9336,2.9351,2.9321,2.9341,16
2026-03-04 16:16:00,2.9301,2.9311,2.9281,2.9301,2.9351,2.9361,2.9331,2.9351,35
2026-03-04 16:17:00,2.9296,2.9301,2.9271,2.9291,2.9346,2.9351,2.9321,2.9341,17
2026-03-04 16:18:00,2.9301,2.9311,2.9271,2.9281,2.9351,2.9361,2.9321,2.9331,33
2026-03-04 16:19:00,2.9286,2.9331,2.9281,2.9281,2.9336,2.9381,2.9331,2.9331,31
2026-03-04 16:20:00,2.9276,2.9276,2.9241,2.9251,2.9326,2.9326,2.9291,2.9301,42
2026-03-04 16:21:00,2.9261,2.9286,2.9256,2.9271,2.9311,2.9336,2.9306,2.9321,26
2026-03-04 16:22:00,2.9266,2.9311,2.9266,2.9281,2.9316,2.9361,2.9316,2.9331,28
2026-03-04 16:23:00,2.9276,2.9296,2.9271,2.9291,2.9326,2.9346,2.9321,2.9341,23
2026-03-04 16:24:00,2.9281,2.9286,2.9241,2.9261,2.9331,2.9336,2.9291,2.9311,21
2026-03-04 16:25:00,2.9256,2.9276,2.9251,2.9266,2.9306,2.9326,2.9301,2.9316,24
2026-03-04 16:26:00,2.9261,2.9261,2.9221,2.9231,2.9311,2.9311,2.9271,2.9281,27
2026-03-04 16:27:00,2.9226,2.9241,2.9221,2.9231,2.9276,2.9291,2.9271,2.9281,20
2026-03-04 16:28:00,2.9226,2.9241,2.9191,2.9241,2.9276,2.9291,2.9241,2.9291,24
2026-03-04 16:29:00,2.9251,2.9271,2.9241,2.9251,2.9301,2.9321,2.9291,2.9301,26
2026-03-04 16:30:00,2.9241,2.9241,2.9216,2.9236,2.9291,2.9291,2.9266,2.9286,30
2026-03-04 16:31:00,2.9241,2.9311,2.9241,2.9251,2.9291,2.9361,2.9291,2.9301,27
2026-03-04 16:32:00,2.9261,2.9321,2.9261,2.9301,2.9311,2.9371,2.9311,2.9351,37
2026-03-04 16:33:00,2.9296,2.9351,2.9291,2.9316,2.9346,2.9401,2.9341,2.9366,37
2026-03-04 16:34:00,2.9326,2.9361,2.9291,2.9351,2.9376,2.9411,2.9341,2.9401,22
2026-03-04 16:35:00,2.9341,2.9351,2.9321,2.9351,2.9391,2.9401,2.9371,2.9401,26
2026-03-04 16:36:00,2.9341,2.9341,2.9251,2.9261,2.9391,2.9391,2.9301,2.9311,37
2026-03-04 16:37:00,2.9266,2.9271,2.9241,2.9251,2.9316,2.9321,2.9291,2.9301,16
2026-03-04 16:38:00,2.9256,2.9301,2.9256,2.9291,2.9306,2.9351,2.9306,2.9341,37
2026-03-04 16:39:00,2.9301,2.9331,2.9296,2.9311,2.9351,2.9381,2.9346,2.9361,31
2026-03-04 16:40:00,2.9306,2.9306,2.9291,2.9291,2.9356,2.9356,2.9341,2.9341,9
2026-03-04 16:41:00,2.9286,2.9311,2.9271,2.9296,2.9336,2.9361,2.9321,2.9346,17
2026-03-04 16:42:00,2.9291,2.9301,2.9291,2.9301,2.9341,2.9351,2.9341,2.9351,9
2026-03-04 16:43:00,2.9306,2.9311,2.9251,2.9261,2.9356,2.9361,2.9301,2.9311,28
2026-03-04 16:44:00,2.9256,2.9261,2.9241,2.9261,2.9306,2.9311,2.9291,2.9311,17
2026-03-04 16:45:00,2.9256,2.9271,2.9231,2.9231,2.9306,2.9321,2.9281,2.9281,23
2026-03-04 16:46:00,2.9241,2.9241,2.9131,2.9141,2.9291,2.9291,2.9181,2.9191,54
2026-03-04 16:47:00,2.9131,2.9141,2.9111,2.9141,2.9181,2.9191,2.9161,2.9191,25
2026-03-04 16:48:00,2.9136,2.9151,2.9101,2.9111,2.9186,2.9201,2.9151,2.9161,25
2026-03-04 16:49:00,2.9101,2.9116,2.9101,2.9111,2.9151,2.9166,2.9151,2.9161,4
2026-03-04 16:50:00,2.9116,2.9131,2.9111,2.9121,2.9166,2.9181,2.9161,2.9171,22
2026-03-04 16:51:00,2.9116,2.9121,2.9101,2.9121,2.9166,2.9171,2.9151,2.9171,13
2026-03-04 16:52:00,2.9111,2.9121,2.9031,2.9041,2.9161,2.9171,2.9081,2.9091,33
2026-03-04 16:53:00,2.9031,2.9056,2.9011,2.9011,2.9081,2.9106,2.9061,2.9061,50
2026-03-04 16:54:00,2.9016,2.9081,2.9001,2.9051,2.9066,2.9131,2.9051,2.9101,48
2026-03-04 16:55:00,2.9046,2.9061,2.9011,2.9021,2.9096,2.9111,2.9061,2.9071,27
2026-03-04 16:56:00,2.9031,2.9056,2.9021,2.9051,2.9081,2.9106,2.9071,2.9101,23
2026-03-04 16:57:00,2.9061,2.9101,2.9051,2.9081,2.9111,2.9151,2.9101,2.9131,28
2026-03-04 16:58:00,2.9076,2.9086,2.9031,2.9056,2.9126,2.9136,2.9081,2.9106,32
2026-03-04 16:59:00,2.9046,2.9046,2.8981,2.9031,2.9096,2.9096,2.9031,2.9081,47
2026-03-04 17:00:00,2.9041,2.9101,2.9031,2.9091,2.9091,2.9151,2.9081,2.9141,45
2026-03-04 17:01:00,2.9101,2.9131,2.9091,2.9121,2.9151,2.9181,2.9141,2.9171,32
2026-03-04 17:02:00,2.9116,2.9131,2.9101,2.9111,2.9166,2.9181,2.9151,2.9161,13
2026-03-04 17:03:00,2.9116,2.9161,2.9111,2.9156,2.9166,2.9211,2.9161,2.9206,37
2026-03-04 17:04:00,2.9151,2.9261,2.9141,2.9251,2.9201,2.9311,2.9191,2.9301,46
2026-03-04 17:05:00,2.9246,2.9266,2.9231,2.9251,2.9296,2.9316,2.9281,2.9301,34
2026-03-04 17:06:00,2.9241,2.9291,2.9241,2.9271,2.9291,2.9341,2.9291,2.9321,49
2026-03-04 17:07:00,2.9261,2.9271,2.9251,2.9271,2.9311,2.9321,2.9301,2.9321,16
2026-03-04 17:08:00,2.9281,2.9301,2.9251,2.9291,2.9331,2.9351,2.9301,2.9341,24
2026-03-04 17:09:00,2.9296,2.9296,2.9251,2.9271,2.9346,2.9346,2.9301,2.9321,23
2026-03-04 17:10:00,2.9261,2.9291,2.9261,2.9281,2.9311,2.9341,2.9311,2.9331,18
2026-03-04 17:11:00,2.9286,2.9291,2.9251,2.9281,2.9336,2.9341,2.9301,2.9331,29
2026-03-04 17:12:00,2.9276,2.9331,2.9271,2.9321,2.9326,2.9381,2.9321,2.9371,14
2026-03-04 17:13:00,2.9331,2.9371,2.9301,2.9361,2.9381,2.9421,2.9351,2.9411,28
2026-03-04 17:14:00,2.9366,2.9391,2.9341,2.9381,2.9416,2.9441,2.9391,2.9431,35
2026-03-04 17:15:00,2.9386,2.9406,2.9361,2.9391,2.9436,2.9456,2.9411,2.9441,54
2026-03-04 17:16:00,2.9386,2.9391,2.9351,2.9371,2.9436,2.9441,2.9401,2.9421,41
2026-03-04 17:17:00,2.9381,2.9381,2.9271,2.9281,2.9431,2.9431,2.9321,2.9331,38
2026-03-04 17:18:00,2.9291,2.9291,2.9171,2.9206,2.9341,2.9341,2.9221,2.9256,68
2026-03-04 17:19:00,2.9211,2.9276,2.9201,2.9271,2.9261,2.9326,2.9251,2.9321,16
2026-03-04 17:20:00,2.9266,2.9266,2.9216,2.9221,2.9316,2.9316,2.9266,2.9271,16
2026-03-04 17:21:00,2.9216,2.9216,2.9161,2.9196,2.9266,2.9266,2.9211,2.9246,25
2026-03-04 17:22:00,2.9201,2.9211,2.9161,2.9171,2.9251,2.9261,2.9211,2.9221,21
2026-03-04 17:23:00,2.9181,2.9201,2.9171,2.9181,2.9231,2.9251,2.9221,2.9231,19
2026-03-04 17:24:00,2.9176,2.9181,2.9156,2.9171,2.9226,2.9231,2.9206,2.9221,13
2026-03-04 17:25:00,2.9161,2.9191,2.9151,2.9181,2.9211,2.9241,2.9201,2.9231,19
2026-03-04 17:26:00,2.9186,2.9221,2.9186,2.9191,2.9236,2.9271,2.9236,2.9241,22
2026-03-04 17:27:00,2.9186,2.9216,2.9171,2.9211,2.9236,2.9266,2.9221,2.9261,27
2026-03-04 17:28:00,2.9206,2.9241,2.9201,2.9231,2.9256,2.9291,2.9251,2.9281,24
2026-03-04 17:29:00,2.9221,2.9231,2.9181,2.9191,2.9271,2.9281,2.9231,2.9241,17
2026-03-04 17:30:00,2.9201,2.9296,2.9201,2.9241,2.9251,2.9346,2.9251,2.9291,39
2026-03-04 17:31:00,2.9236,2.9251,2.9231,2.9241,2.9286,2.9301,2.9281,2.9291,9
2026-03-04 17:32:00,2.9231,2.9231,2.9206,2.9231,2.9281,2.9281,2.9256,2.9281,14
2026-03-04 17:33:00,2.9226,2.9261,2.9221,2.9261,2.9276,2.9311,2.9271,2.9311,15
2026-03-04 17:34:00,2.9271,2.9281,2.9241,2.9261,2.9321,2.9331,2.9291,2.9311,20
2026-03-04 17:35:00,2.9266,2.9281,2.9251,2.9271,2.9316,2.9331,2.9301,2.9321,25
2026-03-04 17:36:00,2.9276,2.9296,2.9271,2.9276,2.9326,2.9346,2.9321,2.9326,19
2026-03-04 17:37:00,2.9281,2.9281,2.9241,2.9246,2.9331,2.9331,2.9291,2.9296,32
2026-03-04 17:38:00,2.9241,2.9241,2.9181,2.9191,2.9291,2.9291,2.9231,2.9241,31
2026-03-04 17:39:00,2.9201,2.9251,2.9171,2.9251,2.9251,2.9301,2.9221,2.9301,22
2026-03-04 17:40:00,2.9246,2.9251,2.9221,2.9231,2.9296,2.9301,2.9271,2.9281,12
2026-03-04 17:41:00,2.9241,2.9331,2.9241,2.9331,2.9291,2.9381,2.9291,2.9381,25
2026-03-04 17:42:00,2.9336,2.9391,2.9336,2.9381,2.9386,2.9441,2.9386,2.9431,34
2026-03-04 17:43:00,2.9386,2.9406,2.9351,2.9351,2.9436,2.9456,2.9401,2.9401,47
2026-03-04 17:44:00,2.9346,2.9346,2.9301,2.9331,2.9396,2.9396,2.9351,2.9381,31
2026-03-04 17:45:00,2.9336,2.9351,2.9321,2.9321,2.9386,2.9401,2.9371,2.9371,15
2026-03-04 17:46:00,2.9316,2.9336,2.9311,2.9321,2.9366,2.9386,2.9361,2.9371,18
2026-03-04 17:47:00,2.9311,2.9321,2.9236,2.9236,2.9361,2.9371,2.9286,2.9286,36
2026-03-04 17:48:00,2.9241,2.9251,2.9221,2.9236,2.9291,2.9301,2.9271,2.9286,24
2026-03-04 17:49:00,2.9231,2.9261,2.9231,2.9246,2.9281,2.9311,2.9281,2.9296,24
2026-03-04 17:50:00,2.9241,2.9261,2.9231,2.9251,2.9291,2.9311,2.9281,2.9301,14
2026-03-04 17:51:00,2.9246,2.9251,2.9241,2.9241,2.9296,2.9301,2.9291,2.9291,3
2026-03-04 17:52:00,2.9251,2.9301,2.9251,2.9296,2.9301,2.9351,2.9301,2.9346,12
2026-03-04 17:53:00,2.9291,2.9301,2.9276,2.9281,2.9341,2.9351,2.9326,2.9331,17
2026-03-04 17:54:00,2.9286,2.9291,2.9271,2.9281,2.9336,2.9341,2.9321,2.9331,14
2026-03-04 17:55:00,2.9271,2.9291,2.9251,2.9261,2.9321,2.9341,2.9301,2.9311,20
2026-03-04 17:56:00,2.9271,2.9271,2.9241,2.9246,2.9321,2.9321,2.9291,2.9296,14
2026-03-04 17:57:00,2.9241,2.9241,2.9171,2.9191,2.9291,2.9291,2.9221,2.9241,24
2026-03-04 17:58:00,2.9201,2.9211,2.9171,2.9186,2.9251,2.9261,2.9221,2.9236,22
2026-03-04 17:59:00,2.9181,2.9201,2.9171,2.9186,2.9231,2.9251,2.9221,2.9236,20
2026-03-04 18:00:00,2.9191,2.9201,2.9171,2.9186,2.9241,2.9251,2.9221,2.9236,22
2026-03-04 18:01:00,2.9191,2.9201,2.9181,2.9191,2.9241,2.9251,2.9231,2.9241,13
2026-03-04 18:02:00,2.9196,2.9231,2.9191,2.9196,2.9246,2.9281,2.9241,2.9246,28
2026-03-04 18:03:00,2.9201,2.9211,2.9191,2.9191,2.9251,2.9261,2.9241,2.9241,18
2026-03-04 18:04:00,2.9181,2.9211,2.9181,2.9201,2.9231,2.9261,2.9231,2.9251,10
2026-03-04 18:05:00,2.9191,2.9221,2.9181,2.9211,2.9241,2.9271,2.9231,2.9261,15
2026-03-04 18:06:00,2.9216,2.9236,2.9216,2.9231,2.9266,2.9286,2.9266,2.9281,10
2026-03-04 18:07:00,2.9241,2.9251,2.9221,2.9231,2.9291,2.9301,2.9271,2.9281,23
2026-03-04 18:08:00,2.9236,2.9281,2.9231,2.9261,2.9286,2.9331,2.9281,2.9311,18
2026-03-04 18:09:00,2.9266,2.9281,2.9251,2.9271,2.9316,2.9331,2.9301,2.9321,22
2026-03-04 18:10:00,2.9266,2.9271,2.9246,2.9261,2.9316,2.9321,2.9296,2.9311,12
2026-03-04 18:11:00,2.9251,2.9251,2.9211,2.9231,2.9301,2.9301,2.9261,2.9281,22
2026-03-04 18:12:00,2.9226,2.9226,2.9191,2.9206,2.9276,2.9276,2.9241,2.9256,18
2026-03-04 18:13:00,2.9201,2.9231,2.9201,2.9231,2.9251,2.9281,2.9251,2.9281,14
2026-03-04 18:14:00,2.9241,2.9261,2.9231,2.9261,2.9291,2.9311,2.9281,2.9311,17
2026-03-04 18:15:00,2.9266,2.9341,2.9266,2.9341,2.9316,2.9391,2.9316,2.9391,41
2026-03-04 18:16:00,2.9331,2.9361,2.9301,2.9311,2.9381,2.9411,2.9351,2.9361,23
2026-03-04 18:17:00,2.9321,2.9321,2.9261,2.9261,2.9371,2.9371,2.9311,2.9311,12
2026-03-04 18:18:00,2.9256,2.9261,2.9251,2.9261,2.9306,2.9311,2.9301,2.9311,6
2026-03-04 18:19:00,2.9271,2.9301,2.9271,2.9291,2.9321,2.9351,2.9321,2.9341,19
2026-03-04 18:20:00,2.9286,2.9301,2.9271,2.9271,2.9336,2.9351,2.9321,2.9321,14
2026-03-04 18:21:00,2.9281,2.9296,2.9271,2.9271,2.9331,2.9346,2.9321,2.9321,19
2026-03-04 18:22:00,2.9266,2.9281,2.9261,2.9281,2.9316,2.9331,2.9311,2.9331,10
2026-03-04 18:23:00,2.9271,2.9311,2.9271,2.9311,2.9321,2.9361,2.9321,2.9361,10
2026-03-04 18:24:00,2.9321,2.9371,2.9321,2.9371,2.9371,2.9421,2.9371,2.9421,33
2026-03-04 18:25:00,2.9381,2.9436,2.9371,2.9411,2.9431,2.9486,2.9421,2.9461,30
2026-03-04 18:26:00,2.9416,2.9481,2.9406,2.9471,2.9466,2.9531,2.9456,2.9521,42
2026-03-04 18:27:00,2.9461,2.9481,2.9431,2.9441,2.9511,2.9531,2.9481,2.9491,18
2026-03-04 18:28:00,2.9436,2.9451,2.9411,2.9441,2.9486,2.9501,2.9461,2.9491,34
2026-03-04 18:29:00,2.9431,2.9431,2.9371,2.9371,2.9481,2.9481,2.9421,2.9421,19
2026-03-04 18:30:00,2.9361,2.9361,2.9291,2.9291,2.9411,2.9411,2.9341,2.9341,27
2026-03-04 18:31:00,2.9296,2.9296,2.9191,2.9206,2.9346,2.9346,2.9241,2.9256,34
2026-03-04 18:32:00,2.9211,2.9221,2.9201,2.9211,2.9261,2.9271,2.9251,2.9261,21
2026-03-04 18:33:00,2.9206,2.9241,2.9206,2.9241,2.9256,2.9291,2.9256,2.9291,12
2026-03-04 18:34:00,2.9251,2.9291,2.9251,2.9281,2.9301,2.9341,2.9301,2.9331,21
2026-03-04 18:35:00,2.9286,2.9331,2.9281,2.9306,2.9336,2.9381,2.9331,2.9356,29
2026-03-04 18:36:00,2.9311,2.9331,2.9306,2.9331,2.9361,2.9381,2.9356,2.9381,9
2026-03-04 18:37:00,2.9321,2.9371,2.9321,2.9351,2.9371,2.9421,2.9371,2.9401,20
2026-03-04 18:38:00,2.9346,2.9391,2.9341,2.9371,2.9396,2.9441,2.9391,2.9421,26
2026-03-04 18:39:00,2.9376,2.9476,2.9351,2.9466,2.9426,2.9526,2.9401,2.9516,34
2026-03-04 18:40:00,2.9471,2.9511,2.9451,2.9481,2.9521,2.9561,2.9501,2.9531,43
2026-03-04 18:41:00,2.9471,2.9506,2.9451,2.9506,2.9521,2.9556,2.9501,2.9556,28
2026-03-04 18:42:00,2.9501,2.9571,2.9501,2.9536,2.9551,2.9621,2.9551,2.9586,48
2026-03-04 18:43:00,2.9541,2.9571,2.9511,2.9561,2.9591,2.9621,2.9561,2.9611,41
2026-03-04 18:44:00,2.9566,2.9566,2.9511,2.9511,2.9616,2.9616,2.9561,2.9561,30
2026-03-04 18:45:00,2.9516,2.9541,2.9516,2.9521,2.9566,2.9591,2.9566,2.9571,29
2026-03-04 18:46:00,2.9516,2.9516,2.9451,2.9451,2.9566,2.9566,2.9501,2.9501,35
2026-03-04 18:47:00,2.9461,2.9461,2.9416,2.9436,2.9511,2.9511,2.9466,2.9486,32
2026-03-04 18:48:00,2.9441,2.9461,2.9411,2.9411,2.9491,2.9511,2.9461,2.9461,21
2026-03-04 18:49:00,2.9421,2.9461,2.9401,2.9451,2.9471,2.9511,2.9451,2.9501,28
2026-03-04 18:50:00,2.9456,2.9471,2.9431,2.9446,2.9506,2.9521,2.9481,2.9496,19
2026-03-04 18:51:00,2.9451,2.9521,2.9421,2.9421,2.9501,2.9571,2.9471,2.9471,37
2026-03-04 18:52:00,2.9426,2.9621,2.9421,2.9561,2.9476,2.9671,2.9471,2.9611,57
2026-03-04 18:53:00,2.9556,2.9621,2.9551,2.9581,2.9606,2.9671,2.9601,2.9631,40
2026-03-04 18:54:00,2.9586,2.9601,2.9551,2.9561,2.9636,2.9651,2.9601,2.9611,23
2026-03-04 18:55:00,2.9551,2.9561,2.9536,2.9561,2.9601,2.9611,2.9586,2.9611,12
2026-03-04 18:56:00,2.9566,2.9591,2.9556,2.9591,2.9616,2.9641,2.9606,2.9641,33
2026-03-04 18:57:00,2.9601,2.9601,2.9541,2.9551,2.9651,2.9651,2.9591,2.9601,19
2026-03-04 18:58:00,2.9546,2.9561,2.9536,2.9561,2.9596,2.9611,2.9586,2.9611,25
2026-03-04 18:59:00,2.9566,2.9581,2.9541,2.9551,2.9616,2.9631,2.9591,2.9601,24
2026-03-04 19:00:00,2.9546,2.9581,2.9541,2.9566,2.9596,2.9631,2.9591,2.9616,22
2026-03-04 19:01:00,2.9561,2.9581,2.9541,2.9566,2.9611,2.9631,2.9591,2.9616,24
2026-03-04 19:02:00,2.9571,2.9571,2.9551,2.9551,2.9621,2.9621,2.9601,2.9601,16
2026-03-04 19:03:00,2.9556,2.9566,2.9541,2.9561,2.9606,2.9616,2.9591,2.9611,10
2026-03-04 19:04:00,2.9566,2.9571,2.9551,2.9561,2.9616,2.9621,2.9601,2.9611,10
2026-03-04 19:05:00,2.9571,2.9571,2.9451,2.9461,2.9621,2.9621,2.9501,2.9511,38
2026-03-04 19:06:00,2.9451,2.9461,2.9401,2.9401,2.9501,2.9511,2.9451,2.9451,26
2026-03-04 19:07:00,2.9411,2.9421,2.9391,2.9401,2.9461,2.9471,2.9441,2.9451,20
2026-03-04 19:08:00,2.9406,2.9411,2.9391,2.9401,2.9456,2.9461,2.9441,2.9451,12
2026-03-04 19:09:00,2.9406,2.9436,2.9401,2.9406,2.9456,2.9486,2.9451,2.9456,26
2026-03-04 19:10:00,2.9411,2.9436,2.9341,2.9401,2.9461,2.9486,2.9391,2.9451,47
2026-03-04 19:11:00,2.9411,2.9421,2.9386,2.9391,2.9461,2.9471,2.9436,2.9441,19
2026-03-04 19:12:00,2.9386,2.9391,2.9366,2.9381,2.9436,2.9441,2.9416,2.9431,27
2026-03-04 19:13:00,2.9391,2.9406,2.9381,2.9401,2.9441,2.9456,2.9431,2.9451,11
2026-03-04 19:14:00,2.9411,2.9421,2.9391,2.9406,2.9461,2.9471,2.9441,2.9456,11
2026-03-04 19:15:00,2.9411,2.9431,2.9401,2.9421,2.9461,2.9481,2.9451,2.9471,21
2026-03-04 19:16:00,2.9416,2.9426,2.9411,2.9421,2.9466,2.9476,2.9461,2.9471,11
2026-03-04 19:17:00,2.9426,2.9461,2.9421,2.9421,2.9476,2.9511,2.9471,2.9471,34
2026-03-04 19:18:00,2.9426,2.9471,2.9426,2.9451,2.9476,2.9521,2.9476,2.9501,16
2026-03-04 19:19:00,2.9441,2.9451,2.9396,2.9396,2.9491,2.9501,2.9446,2.9446,28
2026-03-04 19:20:00,2.9401,2.9421,2.9396,2.9416,2.9451,2.9471,2.9446,2.9466,24
2026-03-04 19:21:00,2.9421,2.9421,2.9251,2.9261,2.9471,2.9471,2.9301,2.9311,56
2026-03-04 19:22:00,2.9251,2.9261,2.9241,2.9251,2.9301,2.9311,2.9291,2.9301,35
2026-03-04 19:23:00,2.9261,2.9281,2.9231,2.9241,2.9311,2.9331,2.9281,2.9291,31
2026-03-04 19:24:00,2.9251,2.9271,2.9191,2.9231,2.9301,2.9321,2.9241,2.9281,48
2026-03-04 19:25:00,2.9236,2.9261,2.9221,2.9236,2.9286,2.9311,2.9271,2.9286,34
2026-03-04 19:26:00,2.9251,2.9251,2.9211,2.9221,2.9301,2.9301,2.9261,2.9271,22
2026-03-04 19:27:00,2.9216,2.9236,2.9211,2.9221,2.9266,2.9286,2.9261,2.9271,16
2026-03-04 19:28:00,2.9226,2.9241,2.9211,2.9221,2.9276,2.9291,2.9261,2.9271,30
2026-03-04 19:29:00,2.9226,2.9246,2.9211,2.9211,2.9276,2.9296,2.9261,2.9261,22
2026-03-04 19:30:00,2.9206,2.9211,2.9176,2.9191,2.9256,2.9261,2.9226,2.9241,36
2026-03-04 19:31:00,2.9186,2.9221,2.9181,2.9191,2.9236,2.9271,2.9231,2.9241,29
2026-03-04 19:32:00,2.9201,2.9221,2.9191,2.9221,2.9251,2.9271,2.9241,2.9271,14
2026-03-04 19:33:00,2.9216,2.9216,2.9206,2.9211,2.9266,2.9266,2.9256,2.9261,3
2026-03-04 19:34:00,2.9206,2.9241,2.9206,2.9241,2.9256,2.9291,2.9256,2.9291,9
2026-03-04 19:35:00,2.9251,2.9291,2.9236,2.9281,2.9301,2.9341,2.9286,2.9331,18
2026-03-04 19:36:00,2.9276,2.9281,2.9251,2.9266,2.9326,2.9331,2.9301,2.9316,15
2026-03-04 19:37:00,2.9261,2.9331,2.9261,2.9291,2.9311,2.9381,2.9311,2.9341,21
2026-03-04 19:38:00,2.9281,2.9301,2.9281,2.9291,2.9331,2.9351,2.9331,2.9341,12
2026-03-04 19:39:00,2.9286,2.9286,2.9211,2.9221,2.9336,2.9336,2.9261,2.9271,31
2026-03-04 19:40:00,2.9226,2.9261,2.9226,2.9261,2.9276,2.9311,2.9276,2.9311,7
2026-03-04 19:41:00,2.9271,2.9276,2.9261,2.9261,2.9321,2.9326,2.9311,2.9311,8
2026-03-04 19:42:00,2.9271,2.9311,2.9261,2.9311,2.9321,2.9361,2.9311,2.9361,13
2026-03-04 19:43:00,2.9301,2.9321,2.9291,2.9291,2.9351,2.9371,2.9341,2.9341,16
2026-03-04 19:44:00,2.9301,2.9311,2.9291,2.9311,2.9351,2.9361,2.9341,2.9361,5
2026-03-04 19:45:00,2.9306,2.9311,2.9301,2.9311,2.9356,2.9361,2.9351,2.9361,10
2026-03-04 19:46:00,2.9321,2.9331,2.9311,2.9331,2.9371,2.9381,2.9361,2.9381,10
2026-03-04 19:47:00,2.9341,2.9351,2.9331,2.9331,2.9391,2.9401,2.9381,2.9381,5
2026-03-04 19:48:00,2.9341,2.9371,2.9331,2.9341,2.9391,2.9421,2.9381,2.9391,12
2026-03-04 19:49:00,2.9331,2.9331,2.9291,2.9301,2.9381,2.9381,2.9341,2.9351,13
2026-03-04 19:50:00,2.9291,2.9321,2.9281,2.9311,2.9341,2.9371,2.9331,2.9361,21
2026-03-04 19:51:00,2.9306,2.9311,2.9281,2.9281,2.9356,2.9361,2.9331,2.9331,11
2026-03-04 19:52:00,2.9276,2.9281,2.9261,2.9271,2.9326,2.9331,2.9311,2.9321,13
2026-03-04 19:53:00,2.9261,2.9261,2.9226,2.9251,2.9311,2.9311,2.9276,2.9301,20
2026-03-04 19:54:00,2.9256,2.9261,2.9221,2.9231,2.9306,2.9311,2.9271,2.9281,24
2026-03-04 19:55:00,2.9241,2.9246,2.9241,2.9241,2.9291,2.9296,2.9291,2.9291,3
2026-03-04 19:56:00,2.9236,2.9251,2.9236,2.9251,2.9286,2.9301,2.9286,2.9301,9
2026-03-04 19:57:00,2.9241,2.9271,2.9241,2.9246,2.9291,2.9321,2.9291,2.9296,21
2026-03-04 19:58:00,2.9256,2.9291,2.9251,2.9276,2.9306,2.9341,2.9301,2.9326,21
2026-03-04 19:59:00,2.9271,2.9301,2.9266,2.9271,2.9321,2.9351,2.9316,2.9321,16
2026-03-04 20:00:00,2.9266,2.9271,2.9231,2.9231,2.9316,2.9321,2.9281,2.9281,19
2026-03-04 20:01:00,2.9221,2.9251,2.9221,2.9251,2.9271,2.9301,2.9271,2.9301,12
2026-03-04 20:02:00,2.9241,2.9261,2.9236,2.9241,2.9291,2.9311,2.9286,2.9291,10
2026-03-04 20:03:00,2.9246,2.9261,2.9236,2.9241,2.9296,2.9311,2.9286,2.9291,16
2026-03-04 20:04:00,2.9236,2.9241,2.9201,2.9231,2.9286,2.9291,2.9251,2.9281,18
2026-03-04 20:05:00,2.9226,2.9231,2.9171,2.9181,2.9276,2.9281,2.9221,2.9231,29
2026-03-04 20:06:00,2.9171,2.9221,2.9151,2.9191,2.9221,2.9271,2.9201,2.9241,47
2026-03-04 20:07:00,2.9186,2.9201,2.9171,2.9181,2.9236,2.9251,2.9221,2.9231,36
2026-03-04 20:08:00,2.9186,2.9191,2.9171,2.9181,2.9236,2.9241,2.9221,2.9231,16
2026-03-04 20:09:00,2.9171,2.9196,2.9171,2.9191,2.9221,2.9246,2.9221,2.9241,21
2026-03-04 20:10:00,2.9201,2.9201,2.9156,2.9166,2.9251,2.9251,2.9206,2.9216,20
2026-03-04 20:11:00,2.9171,2.9191,2.9151,2.9191,2.9221,2.9241,2.9201,2.9241,21
2026-03-04 20:12:00,2.9201,2.9211,2.9191,2.9211,2.9251,2.9261,2.9241,2.9261,19
2026-03-04 20:13:00,2.9206,2.9221,2.9191,2.9221,2.9256,2.9271,2.9241,2.9271,25
2026-03-04 20:14:00,2.9216,2.9221,2.9206,2.9211,2.9266,2.9271,2.9256,2.9261,11
2026-03-04 20:15:00,2.9216,2.9221,2.9186,2.9211,2.9266,2.9271,2.9236,2.9261,19
2026-03-04 20:16:00,2.9221,2.9251,2.9221,2.9231,2.9271,2.9301,2.9271,2.9281,24
2026-03-04 20:17:00,2.9226,2.9231,2.9196,2.9196,2.9276,2.9281,2.9246,2.9246,15
2026-03-04 20:18:00,2.9201,2.9201,2.9141,2.9156,2.9251,2.9251,2.9191,2.9206,33
2026-03-04 20:19:00,2.9161,2.9181,2.9141,2.9161,2.9211,2.9231,2.9191,2.9211,20
2026-03-04 20:20:00,2.9166,2.9171,2.9141,2.9161,2.9216,2.9221,2.9191,2.9211,26
2026-03-04 20:21:00,2.9166,2.9196,2.9166,2.9196,2.9216,2.9246,2.9216,2.9246,25
2026-03-04 20:22:00,2.9211,2.9221,2.9201,2.9221,2.9261,2.9271,2.9251,2.9271,17
2026-03-04 20:23:00,2.9216,2.9216,2.9176,2.9201,2.9266,2.9266,2.9226,2.9251,17
2026-03-04 20:24:00,2.9196,2.9196,2.9181,2.9191,2.9246,2.9246,2.9231,2.9241,11
2026-03-04 20:25:00,2.9196,2.9261,2.9191,2.9241,2.9246,2.9311,2.9241,2.9291,35
2026-03-04 20:26:00,2.9231,2.9231,2.9191,2.9191,2.9281,2.9281,2.9241,2.9241,16
2026-03-04 20:27:00,2.9181,2.9191,2.9161,2.9171,2.9231,2.9241,2.9211,2.9221,53
2026-03-04 20:28:00,2.9166,2.9276,2.9141,2.9276,2.9216,2.9326,2.9191,2.9326,139
2026-03-04 20:29:00,2.9271,2.9276,2.9236,2.9276,2.9321,2.9326,2.9286,2.9326,73
2026-03-04 20:30:00,2.9286,2.9301,2.9271,2.9301,2.9336,2.9351,2.9321,2.9351,31
2026-03-04 20:31:00,2.9291,2.9291,2.9221,2.9221,2.9341,2.9341,2.9271,2.9271,14
2026-03-04 20:32:00,2.9211,2.9211,2.9171,2.9176,2.9261,2.9261,2.9221,2.9226,24
2026-03-04 20:33:00,2.9171,2.9261,2.9171,2.9201,2.9221,2.9311,2.9221,2.9251,30
2026-03-04 20:34:00,2.9196,2.9196,2.9141,2.9141,2.9246,2.9246,2.9191,2.9191,19
2026-03-04 20:35:00,2.9151,2.9161,2.9151,2.9161,2.9201,2.9211,2.9201,2.9211,11
2026-03-04 20:36:00,2.9166,2.9181,2.9146,2.9151,2.9216,2.9231,2.9196,2.9201,16
2026-03-04 20:37:00,2.9156,2.9161,2.9151,2.9161,2.9206,2.9211,2.9201,2.9211,11
2026-03-04 20:38:00,2.9151,2.9151,2.9151,2.9151,2.9201,2.9201,2.9201,2.9201,1
2026-03-04 20:39:00,2.9161,2.9161,2.9136,2.9151,2.9211,2.9211,2.9186,2.9201,25
2026-03-04 20:40:00,2.9156,2.9161,2.9151,2.9151,2.9206,2.9211,2.9201,2.9201,6
2026-03-04 20:41:00,2.9161,2.9161,2.9121,2.9131,2.9211,2.9211,2.9171,2.9181,26
2026-03-04 20:42:00,2.9141,2.9161,2.9141,2.9141,2.9191,2.9211,2.9191,2.9191,8
2026-03-04 20:43:00,2.9146,2.9171,2.9146,2.9166,2.9196,2.9221,2.9196,2.9216,15
2026-03-04 20:44:00,2.9156,2.9176,2.9151,2.9171,2.9206,2.9226,2.9201,2.9221,6
2026-03-04 20:45:00,2.9161,2.9171,2.9161,2.9171,2.9211,2.9221,2.9211,2.9221,6
2026-03-04 20:46:00,2.9166,2.9191,2.9156,2.9186,2.9216,2.9241,2.9206,2.9236,15
2026-03-04 20:47:00,2.9191,2.9196,2.9181,2.9181,2.9241,2.9246,2.9231,2.9231,6
2026-03-04 20:48:00,2.9176,2.9191,2.9171,2.9171,2.9226,2.9241,2.9221,2.9221,11
2026-03-04 20:49:00,2.9176,2.9181,2.9171,2.9176,2.9226,2.9231,2.9221,2.9226,4
2026-03-04 20:50:00,2.9171,2.9181,2.9171,2.9181,2.9221,2.9231,2.9221,2.9231,3
2026-03-04 20:51:00,2.9176,2.9181,2.9161,2.9171,2.9226,2.9231,2.9211,2.9221,16
2026-03-04 20:52:00,2.9161,2.9171,2.9161,2.9161,2.9211,2.9221,2.9211,2.9211,7
2026-03-04 20:53:00,2.9166,2.9171,2.9161,2.9166,2.9216,2.9221,2.9211,2.9216,10
2026-03-04 20:54:00,2.9171,2.9171,2.9166,2.9166,2.9221,2.9221,2.9216,2.9216,2
2026-03-04 20:55:00,2.9171,2.9171,2.9161,2.9166,2.9221,2.9221,2.9211,2.9216,6
2026-03-04 20:56:00,2.9161,2.9171,2.9161,2.9171,2.9211,2.9221,2.9211,2.9221,9
2026-03-04 20:57:00,2.9156,2.9156,2.9151,2.9151,2.9206,2.9206,2.9201,2.9201,2
2026-03-04 20:58:00,2.9156,2.9161,2.9156,2.9161,2.9206,2.9211,2.9206,2.9211,2
2026-03-04 20:59:00,2.9156,2.9171,2.9151,2.9171,2.9206,2.9221,2.9201,2.9221,5
2026-03-04 21:00:00,2.9161,2.9171,2.9156,2.9161,2.9211,2.9221,2.9206,2.9211,9
2026-03-04 21:01:00,2.9171,2.9171,2.9161,2.9161,2.9221,2.9221,2.9211,2.9211,2
2026-03-04 21:02:00,2.9151,2.9151,2.9141,2.9141,2.9201,2.9201,2.9191,2.9191,2
2026-03-04 21:03:00,2.9136,2.9151,2.9131,2.9151,2.9186,2.9201,2.9181,2.9201,6
2026-03-04 21:04:00,2.9156,2.9161,2.9156,2.9156,2.9206,2.9211,2.9206,2.9206,3
2026-03-04 21:05:00,2.9151,2.9161,2.9146,2.9151,2.9201,2.9211,2.9196,2.9201,12
2026-03-04 21:06:00,2.9146,2.9151,2.9141,2.9141,2.9196,2.9201,2.9191,2.9191,7
2026-03-04 21:07:00,2.9151,2.9151,2.9136,2.9141,2.9201,2.9201,2.9186,2.9191,8
2026-03-04 21:08:00,2.9136,2.9141,2.9131,2.9131,2.9186,2.9191,2.9181,2.9181,4
2026-03-04 21:09:00,2.9126,2.9141,2.9126,2.9141,2.9176,2.9191,2.9176,2.9191,7
2026-03-04 21:10:00,2.9136,2.9156,2.9131,2.9156,2.9186,2.9206,2.9181,2.9206,8
2026-03-04 21:11:00,2.9161,2.9161,2.9151,2.9151,2.9211,2.9211,2.9201,2.9201,2
2026-03-04 21:12:00,2.9156,2.9186,2.9156,2.9181,2.9206,2.9236,2.9206,2.9231,6
2026-03-04 21:13:00,2.9191,2.9191,2.9181,2.9181,2.9241,2.9241,2.9231,2.9231,8
2026-03-04 21:14:00,2.9171,2.9171,2.9161,2.9161,2.9221,2.9221,2.9211,2.9211,3
2026-03-04 21:15:00,2.9156,2.9171,2.9156,2.9161,2.9206,2.9221,2.9206,2.9211,10
2026-03-04 21:16:00,2.9156,2.9191,2.9156,2.9171,2.9206,2.9241,2.9206,2.9221,13
2026-03-04 21:17:00,2.9176,2.9211,2.9176,2.9181,2.9226,2.9261,2.9226,2.9231,17
2026-03-04 21:18:00,2.9186,2.9186,2.9161,2.9171,2.9236,2.9236,2.9211,2.9221,10
2026-03-04 21:19:00,2.9181,2.9201,2.9171,2.9181,2.9231,2.9251,2.9221,2.9231,16
2026-03-04 21:20:00,2.9176,2.9181,2.9161,2.9181,2.9226,2.9231,2.9211,2.9231,7
2026-03-04 21:21:00,2.9186,2.9201,2.9186,2.9201,2.9236,2.9251,2.9236,2.9251,8
2026-03-04 21:22:00,2.9206,2.9211,2.9201,2.9201,2.9256,2.9261,2.9251,2.9251,3
2026-03-04 21:23:00,2.9206,2.9211,2.9186,2.9191,2.9256,2.9261,2.9236,2.9241,9
2026-03-04 21:24:00,2.9181,2.9196,2.9181,2.9191,2.9231,2.9246,2.9231,2.9241,15
2026-03-04 21:25:00,2.9186,2.9191,2.9181,2.9191,2.9236,2.9241,2.9231,2.9241,5
2026-03-04 21:26:00,2.9186,2.9191,2.9181,2.9191,2.9236,2.9241,2.9231,2.9241,6
2026-03-04 21:27:00,2.9196,2.9196,2.9181,2.9191,2.9246,2.9246,2.9231,2.9241,9
2026-03-04 21:28:00,2.9196,2.9201,2.9181,2.9191,2.9246,2.9251,2.9231,2.9241,12
2026-03-04 21:29:00,2.9196,2.9201,2.9186,2.9191,2.9246,2.9251,2.9236,2.9241,5
2026-03-04 21:30:00,2.9196,2.9201,2.9171,2.9171,2.9246,2.9251,2.9221,2.9221,15
2026-03-04 21:31:00,2.9176,2.9181,2.9176,2.9181,2.9226,2.9231,2.9226,2.9231,2
2026-03-04 21:32:00,2.9186,2.9231,2.9181,2.9231,2.9236,2.9281,2.9231,2.9281,13
2026-03-04 21:33:00,2.9241,2.9241,2.9211,2.9216,2.9291,2.9291,2.9261,2.9266,11
2026-03-04 21:34:00,2.9211,2.9241,2.9211,2.9241,2.9261,2.9291,2.9261,2.9291,7
2026-03-04 21:35:00,2.9251,2.9251,2.9246,2.9251,2.9301,2.9301,2.9296,2.9301,3
2026-03-04 21:36:00,2.9261,2.9261,2.9246,2.9251,2.9311,2.9311,2.9296,2.9301,5
2026-03-04 21:37:00,2.9241,2.9241,2.9241,2.9241,2.9291,2.9291,2.9291,2.9291,1
2026-03-04 21:38:00,2.9246,2.9251,2.9246,2.9251,2.9296,2.9301,2.9296,2.9301,2
2026-03-04 21:39:00,2.9241,2.9241,2.9221,2.9241,2.9291,2.9291,2.9271,2.9291,11
2026-03-04 21:40:00,2.9251,2.9251,2.9251,2.9251,2.9301,2.9301,2.9301,2.9301,1
2026-03-04 21:41:00,2.9311,2.9381,2.9286,2.9371,2.9361,2.9431,2.9336,2.9421,46
2026-03-04 21:42:00,2.9376,2.9381,2.9341,2.9351,2.9426,2.9431,2.9391,2.9401,9
2026-03-04 21:43:00,2.9346,2.9421,2.9341,2.9401,2.9396,2.9471,2.9391,2.9451,20
2026-03-04 21:44:00,2.9396,2.9401,2.9381,2.9381,2.9446,2.9451,2.9431,2.9431,10
2026-03-04 21:45:00,2.9371,2.9371,2.9351,2.9361,2.9421,2.9421,2.9401,2.9411,7
2026-03-04 21:46:00,2.9356,2.9361,2.9351,2.9361,2.9406,2.9411,2.9401,2.9411,8
2026-03-04 21:47:00,2.9356,2.9361,2.9311,2.9331,2.9406,2.9411,2.9361,2.9381,20
2026-03-04 21:48:00,2.9341,2.9361,2.9331,2.9351,2.9391,2.9411,2.9381,2.9401,9
2026-03-04 21:49:00,2.9346,2.9361,2.9346,2.9346,2.9396,2.9411,2.9396,2.9396,7
2026-03-04 21:50:00,2.9341,2.9341,2.9311,2.9316,2.9391,2.9391,2.9361,2.9366,8
2026-03-04 21:51:00,2.9311,2.9341,2.9311,2.9331,2.9361,2.9391,2.9361,2.9381,10
2026-03-04 21:52:00,2.9321,2.9321,2.9301,2.9301,2.9371,2.9371,2.9351,2.9351,6
2026-03-04 21:53:00,2.9291,2.9291,2.9281,2.9291,2.9341,2.9341,2.9331,2.9341,5
2026-03-04 21:54:00,2.9296,2.9301,2.9281,2.9291,2.9346,2.9351,2.9331,2.9341,8
2026-03-04 21:55:00,2.9296,2.9296,2.9291,2.9296,2.9346,2.9346,2.9341,2.9346,3
2026-03-04 21:56:00,2.9306,2.9311,2.9291,2.9291,2.9356,2.9361,2.9341,2.9341,5
2026-03-04 21:57:00,2.9296,2.9311,2.9296,2.9301,2.9346,2.9361,2.9346,2.9351,6
2026-03-04 21:58:00,2.9291,2.9321,2.9291,2.9311,2.9341,2.9371,2.9341,2.9361,15
2026-03-04 21:59:00,2.9301,2.9321,2.9281,2.9321,2.9351,2.9371,2.9331,2.9371,18
2026-03-04 22:00:00,2.9331,2.9331,2.9321,2.9321,2.9381,2.9381,2.9371,2.9371,2
2026-03-04 22:01:00,2.9331,2.9331,2.9321,2.9321,2.9381,2.9381,2.9371,2.9371,2
2026-03-04 22:02:00,2.9326,2.9326,2.9286,2.9301,2.9376,2.9376,2.9336,2.9351,9
2026-03-04 22:03:00,2.9296,2.9296,2.9281,2.9281,2.9346,2.9346,2.9331,2.9331,3
2026-03-04 22:04:00,2.9286,2.9301,2.9281,2.9291,2.9336,2.9351,2.9331,2.9341,8
2026-03-04 22:05:00,2.9296,2.9326,2.9291,2.9326,2.9346,2.9376,2.9341,2.9376,9
2026-03-04 22:06:00,2.9331,2.9331,2.9311,2.9321,2.9381,2.9381,2.9361,2.9371,5
2026-03-04 22:07:00,2.9311,2.9311,2.9301,2.9301,2.9361,2.9361,2.9351,2.9351,3
2026-03-04 22:08:00,2.9296,2.9296,2.9296,2.9296,2.9346,2.9346,2.9346,2.9346,1
2026-03-04 22:09:00,2.9301,2.9306,2.9301,2.9306,2.9351,2.9356,2.9351,2.9356,8
2026-03-04 22:10:00,2.9301,2.9301,2.9296,2.9296,2.9351,2.9351,2.9346,2.9346,6
2026-03-04 22:11:00,2.9291,2.9296,2.9291,2.9296,2.9341,2.9346,2.9341,2.9346,2
2026-03-04 22:12:00,2.9281,2.9281,2.9271,2.9271,2.9331,2.9331,2.9321,2.9321,9
2026-03-04 22:13:00,2.9261,2.9266,2.9261,2.9266,2.9311,2.9316,2.9311,2.9316,2
2026-03-04 22:14:00,2.9261,2.9291,2.9261,2.9276,2.9311,2.9341,2.9311,2.9326,7
2026-03-04 22:15:00,2.9271,2.9301,2.9271,2.9301,2.9321,2.9351,2.9321,2.9351,5
2026-03-04 22:16:00,2.9306,2.9306,2.9296,2.9306,2.9356,2.9356,2.9346,2.9356,4
2026-03-04 22:17:00,2.9301,2.9301,2.9301,2.9301,2.9351,2.9351,2.9351,2.9351,1
2026-03-04 22:18:00,2.9291,2.9291,2.9281,2.9291,2.9341,2.9341,2.9331,2.9341,6
2026-03-04 22:19:00,2.9296,2.9296,2.9296,2.9296,2.9346,2.9346,2.9346,2.9346,1
2026-03-04 22:20:00,2.9311,2.9321,2.9311,2.9311,2.9361,2.9371,2.9361,2.9361,4
2026-03-04 22:21:00,2.9306,2.9306,2.9301,2.9306,2.9356,2.9356,2.9351,2.9356,3
2026-03-04 22:22:00,2.9311,2.9311,2.9291,2.9296,2.9361,2.9361,2.9341,2.9346,9
2026-03-04 22:23:00,2.9301,2.9306,2.9301,2.9306,2.9351,2.9356,2.9351,2.9356,2
2026-03-04 22:24:00,2.9311,2.9351,2.9311,2.9346,2.9361,2.9401,2.9361,2.9396,8
2026-03-04 22:25:00,2.9341,2.9356,2.9341,2.9356,2.9391,2.9406,2.9391,2.9406,6
2026-03-04 22:26:00,2.9361,2.9361,2.9351,2.9356,2.9411,2.9411,2.9401,2.9406,4
2026-03-04 22:27:00,2.9351,2.9371,2.9351,2.9356,2.9401,2.9421,2.9401,2.9406,6
2026-03-04 22:28:00,2.9371,2.9376,2.9361,2.9361,2.9421,2.9426,2.9411,2.9411,6
2026-03-04 22:29:00,2.9366,2.9376,2.9351,2.9361,2.9416,2.9426,2.9401,2.9411,4
2026-03-04 22:30:00,2.9371,2.9371,2.9341,2.9351,2.9421,2.9421,2.9391,2.9401,7
2026-03-04 22:31:00,2.9346,2.9366,2.9346,2.9361,2.9396,2.9416,2.9396,2.9411,8
2026-03-04 22:32:00,2.9356,2.9376,2.9356,2.9361,2.9406,2.9426,2.9406,2.9411,6
2026-03-04 22:33:00,2.9356,2.9376,2.9356,2.9371,2.9406,2.9426,2.9406,2.9421,7
2026-03-04 22:34:00,2.9361,2.9366,2.9361,2.9361,2.9411,2.9416,2.9411,2.9411,3
2026-03-04 22:35:00,2.9366,2.9366,2.9361,2.9361,2.9416,2.9416,2.9411,2.9411,2
2026-03-04 22:36:00,2.9356,2.9356,2.9351,2.9351,2.9406,2.9406,2.9401,2.9401,2
2026-03-04 22:37:00,2.9346,2.9346,2.9316,2.9321,2.9396,2.9396,2.9366,2.9371,5
2026-03-04 22:38:00,2.9311,2.9341,2.9311,2.9341,2.9361,2.9391,2.9361,2.9391,6
2026-03-04 22:39:00,2.9346,2.9346,2.9341,2.9341,2.9396,2.9396,2.9391,2.9391,2
2026-03-04 22:40:00,2.9346,2.9346,2.9341,2.9341,2.9396,2.9396,2.9391,2.9391,2
2026-03-04 22:41:00,2.9336,2.9341,2.9336,2.9341,2.9386,2.9391,2.9386,2.9391,6
2026-03-04 22:42:00,2.9346,2.9351,2.9341,2.9341,2.9396,2.9401,2.9391,2.9391,4
2026-03-04 22:43:00,2.9331,2.9331,2.9311,2.9321,2.9381,2.9381,2.9361,2.9371,6
2026-03-04 22:44:00,2.9316,2.9321,2.9311,2.9321,2.9366,2.9371,2.9361,2.9371,4
2026-03-04 22:45:00,2.9326,2.9326,2.9321,2.9321,2.9376,2.9376,2.9371,2.9371,6
2026-03-04 22:46:00,2.9326,2.9326,2.9321,2.9321,2.9376,2.9376,2.9371,2.9371,2
2026-03-04 22:47:00,2.9316,2.9321,2.9311,2.9316,2.9366,2.9371,2.9361,2.9366,5
2026-03-04 22:48:00,2.9321,2.9321,2.9311,2.9321,2.9371,2.9371,2.9361,2.9371,5
2026-03-04 22:49:00,2.9331,2.9336,2.9321,2.9326,2.9381,2.9386,2.9371,2.9376,8
2026-03-04 22:50:00,2.9336,2.9371,2.9336,2.9361,2.9386,2.9421,2.9386,2.9411,9
2026-03-04 22:51:00,2.9356,2.9356,2.9351,2.9356,2.9406,2.9406,2.9401,2.9406,5
2026-03-04 22:52:00,2.9361,2.9361,2.9356,2.9356,2.9411,2.9411,2.9406,2.9406,6
2026-03-04 22:53:00,2.9346,2.9376,2.9346,2.9351,2.9396,2.9426,2.9396,2.9401,19
2026-03-04 22:54:00,2.9356,2.9376,2.9341,2.9376,2.9406,2.9426,2.9391,2.9426,10
2026-03-04 22:55:00,2.9381,2.9421,2.9381,2.9396,2.9431,2.9471,2.9431,2.9446,21
2026-03-04 22:56:00,2.9386,2.9401,2.9381,2.9396,2.9436,2.9451,2.9431,2.9446,11
2026-03-04 22:57:00,2.9401,2.9411,2.9391,2.9411,2.9451,2.9461,2.9441,2.9461,9
2026-03-04 22:58:00,2.9406,2.9421,2.9391,2.9411,2.9456,2.9471,2.9441,2.9461,14
2026-03-04 22:59:00,2.9406,2.9427,2.9401,2.9413,2.9456,2.9468,2.9451,2.9463,10
2026-03-05 00:00:00,2.9418,2.9488,2.9413,2.9428,2.9468,2.9538,2.9463,2.9478,34
2026-03-05 00:01:00,2.9418,2.9418,2.9408,2.9413,2.9468,2.9468,2.9458,2.9463,3
2026-03-05 00:02:00,2.9403,2.9408,2.9403,2.9403,2.9453,2.9458,2.9453,2.9453,5
2026-03-05 00:03:00,2.9398,2.9438,2.9398,2.9438,2.9448,2.9488,2.9448,2.9488,7
2026-03-05 00:05:00,2.9458,2.9478,2.9458,2.9478,2.9508,2.9528,2.9508,2.9528,3
2026-03-05 00:06:00,2.9488,2.9493,2.9458,2.9463,2.9538,2.9543,2.9508,2.9513,7
2026-03-05 00:07:00,2.9458,2.9458,2.9458,2.9458,2.9508,2.9508,2.9508,2.9508,1
2026-03-05 00:08:00,2.9468,2.9483,2.9468,2.9473,2.9518,2.9533,2.9518,2.9523,4
2026-03-05 00:09:00,2.9493,2.9493,2.9493,2.9493,2.9543,2.9543,2.9543,2.9543,1
2026-03-05 00:10:00,2.9488,2.9493,2.9488,2.9493,2.9538,2.9543,2.9538,2.9543,4
2026-03-05 00:11:00,2.9498,2.9513,2.9493,2.9508,2.9548,2.9563,2.9543,2.9558,11
2026-03-05 00:12:00,2.9513,2.9518,2.9508,2.9518,2.9563,2.9568,2.9558,2.9568,7
2026-03-05 00:13:00,2.9528,2.9528,2.9518,2.9523,2.9578,2.9578,2.9568,2.9573,6
2026-03-05 00:14:00,2.9518,2.9528,2.9518,2.9518,2.9568,2.9578,2.9568,2.9568,4
2026-03-05 00:15:00,2.9523,2.9523,2.9523,2.9523,2.9573,2.9573,2.9573,2.9573,1
2026-03-05 00:16:00,2.9528,2.9528,2.9518,2.9523,2.9578,2.9578,2.9568,2.9573,4
2026-03-05 00:17:00,2.9518,2.9538,2.9518,2.9538,2.9568,2.9588,2.9568,2.9588,6
2026-03-05 00:18:00,2.9548,2.9548,2.9528,2.9548,2.9598,2.9598,2.9578,2.9598,7
2026-03-05 00:19:00,2.9538,2.9543,2.9528,2.9528,2.9588,2.9593,2.9578,2.9578,3
2026-03-05 00:20:00,2.9523,2.9523,2.9508,2.9518,2.9573,2.9573,2.9558,2.9568,4
2026-03-05 00:22:00,2.9508,2.9523,2.9508,2.9518,2.9558,2.9573,2.9558,2.9568,7
2026-03-05 00:23:00,2.9528,2.9528,2.9528,2.9528,2.9578,2.9578,2.9578,2.9578,1
2026-03-05 00:24:00,2.9518,2.9518,2.9513,2.9513,2.9568,2.9568,2.9563,2.9563,4
2026-03-05 00:25:00,2.9518,2.9523,2.9518,2.9523,2.9568,2.9573,2.9568,2.9573,2
2026-03-05 00:26:00,2.9528,2.9548,2.9528,2.9543,2.9578,2.9598,2.9578,2.9593,4
2026-03-05 00:27:00,2.9538,2.9543,2.9538,2.9543,2.9588,2.9593,2.9588,2.9593,2
2026-03-05 00:28:00,2.9548,2.9568,2.9543,2.9568,2.9598,2.9618,2.9593,2.9618,4
2026-03-05 00:29:00,2.9578,2.9623,2.9578,2.9618,2.9628,2.9673,2.9628,2.9668,6
2026-03-05 00:30:00,2.9608,2.9618,2.9608,2.9608,2.9658,2.9668,2.9658,2.9658,5
2026-03-05 00:31:00,2.9598,2.9618,2.9583,2.9608,2.9648,2.9668,2.9633,2.9658,8
2026-03-05 00:32:00,2.9613,2.9618,2.9593,2.9593,2.9663,2.9668,2.9643,2.9643,5
2026-03-05 00:33:00,2.9588,2.9588,2.9553,2.9573,2.9638,2.9638,2.9603,2.9623,7
2026-03-05 00:34:00,2.9568,2.9568,2.9553,2.9563,2.9618,2.9618,2.9603,2.9613,4
2026-03-05 00:35:00,2.9568,2.9588,2.9568,2.9588,2.9618,2.9638,2.9618,2.9638,4
2026-03-05 00:36:00,2.9598,2.9608,2.9593,2.9593,2.9648,2.9658,2.9643,2.9643,4
2026-03-05 00:37:00,2.9588,2.9588,2.9588,2.9588,2.9638,2.9638,2.9638,2.9638,1
2026-03-05 00:38:00,2.9583,2.9588,2.9578,2.9588,2.9633,2.9638,2.9628,2.9638,3
2026-03-05 00:39:00,2.9583,2.9583,2.9583,2.9583,2.9633,2.9633,2.9633,2.9633,1
2026-03-05 00:40:00,2.9593,2.9593,2.9588,2.9588,2.9643,2.9643,2.9638,2.9638,4
2026-03-05 00:42:00,2.9593,2.9593,2.9588,2.9593,2.9643,2.9643,2.9638,2.9643,3
2026-03-05 00:43:00,2.9598,2.9598,2.9588,2.9588,2.9648,2.9648,2.9638,2.9638,3
2026-03-05 00:44:00,2.9593,2.9593,2.9588,2.9588,2.9643,2.9643,2.9638,2.9638,4
2026-03-05 00:45:00,2.9593,2.9598,2.9593,2.9598,2.9643,2.9648,2.9643,2.9648,4
2026-03-05 00:46:00,2.9593,2.9598,2.9593,2.9598,2.9643,2.9648,2.9643,2.9648,2
2026-03-05 00:47:00,2.9593,2.9593,2.9583,2.9583,2.9643,2.9643,2.9633,2.9633,3
2026-03-05 00:48:00,2.9578,2.9588,2.9578,2.9578,2.9628,2.9638,2.9628,2.9628,3
2026-03-05 00:49:00,2.9573,2.9583,2.9573,2.9583,2.9623,2.9633,2.9623,2.9633,2
2026-03-05 00:50:00,2.9588,2.9603,2.9588,2.9603,2.9638,2.9653,2.9638,2.9653,5
2026-03-05 00:51:00,2.9608,2.9608,2.9593,2.9603,2.9658,2.9658,2.9643,2.9653,7
2026-03-05 00:52:00,2.9608,2.9613,2.9563,2.9563,2.9658,2.9663,2.9613,2.9613,6
2026-03-05 00:53:00,2.9558,2.9598,2.9558,2.9588,2.9608,2.9648,2.9608,2.9638,5
2026-03-05 00:54:00,2.9593,2.9593,2.9563,2.9563,2.9643,2.9643,2.9613,2.9613,5
2026-03-05 00:55:00,2.9558,2.9583,2.9558,2.9583,2.9608,2.9633,2.9608,2.9633,3
2026-03-05 00:56:00,2.9588,2.9588,2.9588,2.9588,2.9638,2.9638,2.9638,2.9638,1
2026-03-05 00:57:00,2.9583,2.9588,2.9578,2.9588,2.9633,2.9638,2.9628,2.9638,3
2026-03-05 00:58:00,2.9583,2.9583,2.9578,2.9578,2.9633,2.9633,2.9628,2.9628,2
2026-03-05 00:59:00,2.9583,2.9588,2.9563,2.9573,2.9633,2.9638,2.9613,2.9623,6
2026-03-05 01:00:00,2.9578,2.9583,2.9573,2.9573,2.9628,2.9633,2.9623,2.9623,5
2026-03-05 01:01:00,2.9578,2.9583,2.9538,2.9543,2.9628,2.9633,2.9588,2.9593,11
2026-03-05 01:02:00,2.9538,2.9548,2.9508,2.9533,2.9588,2.9598,2.9558,2.9583,14
2026-03-05 01:03:00,2.9543,2.9543,2.9538,2.9543,2.9593,2.9593,2.9588,2.9593,3
2026-03-05 01:04:00,2.9548,2.9548,2.9543,2.9548,2.9598,2.9598,2.9593,2.9598,3
2026-03-05 01:05:00,2.9543,2.9548,2.9538,2.9548,2.9593,2.9598,2.9588,2.9598,3
2026-03-05 01:06:00,2.9553,2.9553,2.9548,2.9553,2.9603,2.9603,2.9598,2.9603,3
2026-03-05 01:07:00,2.9538,2.9543,2.9518,2.9543,2.9588,2.9593,2.9568,2.9593,7
2026-03-05 01:08:00,2.9538,2.9553,2.9538,2.9553,2.9588,2.9603,2.9588,2.9603,3
2026-03-05 01:10:00,2.9568,2.9573,2.9563,2.9573,2.9618,2.9623,2.9613,2.9623,4
2026-03-05 01:11:00,2.9568,2.9578,2.9568,2.9578,2.9618,2.9628,2.9618,2.9628,2
2026-03-05 01:12:00,2.9588,2.9608,2.9588,2.9593,2.9638,2.9658,2.9638,2.9643,6
2026-03-05 01:13:00,2.9598,2.9608,2.9593,2.9593,2.9648,2.9658,2.9643,2.9643,4
2026-03-05 01:14:00,2.9588,2.9588,2.9568,2.9568,2.9638,2.9638,2.9618,2.9618,4
2026-03-05 01:20:00,2.9573,2.9588,2.9573,2.9588,2.9623,2.9638,2.9623,2.9638,2
2026-03-05 01:21:00,2.9593,2.9598,2.9593,2.9593,2.9643,2.9648,2.9643,2.9643,3
2026-03-05 01:22:00,2.9598,2.9603,2.9578,2.9598,2.9648,2.9653,2.9628,2.9648,6
2026-03-05 01:23:00,2.9603,2.9603,2.9583,2.9593,2.9653,2.9653,2.9633,2.9643,4
2026-03-05 01:24:00,2.9598,2.9603,2.9598,2.9603,2.9648,2.9653,2.9648,2.9653,2
2026-03-05 01:25:00,2.9608,2.9618,2.9608,2.9618,2.9658,2.9668,2.9658,2.9668,2
2026-03-05 01:26:00,2.9623,2.9623,2.9623,2.9623,2.9673,2.9673,2.9673,2.9673,1
2026-03-05 01:28:00,2.9618,2.9623,2.9618,2.9623,2.9668,2.9673,2.9668,2.9673,2
2026-03-05 01:29:00,2.9628,2.9628,2.9623,2.9628,2.9678,2.9678,2.9673,2.9678,9
2026-03-05 01:30:00,2.9623,2.9623,2.9608,2.9618,2.9673,2.9673,2.9658,2.9668,4
2026-03-05 01:31:00,2.9623,2.9633,2.9623,2.9633,2.9673,2.9683,2.9673,2.9683,3
2026-03-05 01:32:00,2.9628,2.9628,2.9628,2.9628,2.9678,2.9678,2.9678,2.9678,1
2026-03-05 01:36:00,2.9633,2.9638,2.9633,2.9638,2.9683,2.9688,2.9683,2.9688,2
2026-03-05 01:37:00,2.9628,2.9628,2.9623,2.9623,2.9678,2.9678,2.9673,2.9673,2
2026-03-05 01:38:00,2.9618,2.9623,2.9618,2.9618,2.9668,2.9673,2.9668,2.9668,3
2026-03-05 01:40:00,2.9623,2.9628,2.9603,2.9608,2.9673,2.9678,2.9653,2.9658,6
2026-03-05 01:41:00,2.9603,2.9608,2.9598,2.9603,2.9653,2.9658,2.9648,2.9653,4
2026-03-05 01:42:00,2.9598,2.9598,2.9598,2.9598,2.9648,2.9648,2.9648,2.9648,1
2026-03-05 01:43:00,2.9603,2.9603,2.9598,2.9598,2.9653,2.9653,2.9648,2.9648,2
2026-03-05 01:44:00,2.9593,2.9593,2.9578,2.9578,2.9643,2.9643,2.9628,2.9628,3
2026-03-05 01:45:00,2.9583,2.9598,2.9583,2.9598,2.9633,2.9648,2.9633,2.9648,2
2026-03-05 01:46:00,2.9603,2.9603,2.9603,2.9603,2.9653,2.9653,2.9653,2.9653,1
2026-03-05 01:47:00,2.9598,2.9603,2.9598,2.9603,2.9648,2.9653,2.9648,2.9653,2
2026-03-05 01:48:00,2.9598,2.9608,2.9598,2.9608,2.9648,2.9658,2.9648,2.9658,3
2026-03-05 01:49:00,2.9613,2.9628,2.9608,2.9608,2.9663,2.9678,2.9658,2.9658,6
2026-03-05 01:50:00,2.9613,2.9613,2.9593,2.9603,2.9663,2.9663,2.9643,2.9653,4
2026-03-05 01:51:00,2.9598,2.9603,2.9598,2.9603,2.9648,2.9653,2.9648,2.9653,2
2026-03-05 01:53:00,2.9613,2.9638,2.9608,2.9618,2.9663,2.9688,2.9658,2.9668,15
2026-03-05 01:54:00,2.9623,2.9628,2.9618,2.9623,2.9673,2.9678,2.9668,2.9673,4
2026-03-05 01:55:00,2.9618,2.9618,2.9598,2.9603,2.9668,2.9668,2.9648,2.9653,4
2026-03-05 01:56:00,2.9608,2.9613,2.9608,2.9613,2.9658,2.9663,2.9658,2.9663,2
2026-03-05 01:57:00,2.9608,2.9608,2.9608,2.9608,2.9658,2.9658,2.9658,2.9658,1
2026-03-05 01:58:00,2.9613,2.9613,2.9613,2.9613,2.9663,2.9663,2.9663,2.9663,1
2026-03-05 01:59:00,2.9628,2.9628,2.9603,2.9618,2.9678,2.9678,2.9653,2.9668,10
2026-03-05 02:00:00,2.9623,2.9638,2.9623,2.9638,2.9673,2.9688,2.9673,2.9688,6
2026-03-05 02:01:00,2.9648,2.9663,2.9648,2.9663,2.9698,2.9713,2.9698,2.9713,5
2026-03-05 02:02:00,2.9668,2.9708,2.9663,2.9698,2.9718,2.9758,2.9713,2.9748,21
2026-03-05 02:03:00,2.9703,2.9703,2.9653,2.9658,2.9753,2.9753,2.9703,2.9708,6
2026-03-05 02:04:00,2.9663,2.9678,2.9648,2.9658,2.9713,2.9728,2.9698,2.9708,12
2026-03-05 02:05:00,2.9663,2.9708,2.9663,2.9703,2.9713,2.9758,2.9713,2.9753,10
2026-03-05 02:06:00,2.9708,2.9718,2.9688,2.9708,2.9758,2.9768,2.9738,2.9758,11
2026-03-05 02:07:00,2.9718,2.9718,2.9688,2.9713,2.9768,2.9768,2.9738,2.9763,11
2026-03-05 02:08:00,2.9708,2.9708,2.9688,2.9708,2.9758,2.9758,2.9738,2.9758,5
2026-03-05 02:10:00,2.9713,2.9718,2.9708,2.9713,2.9763,2.9768,2.9758,2.9763,4
2026-03-05 02:11:00,2.9708,2.9708,2.9708,2.9708,2.9758,2.9758,2.9758,2.9758,1
2026-03-05 02:12:00,2.9713,2.9713,2.9708,2.9708,2.9763,2.9763,2.9758,2.9758,2
2026-03-05 02:14:00,2.9703,2.9703,2.9673,2.9688,2.9753,2.9753,2.9723,2.9738,9
2026-03-05 02:15:00,2.9678,2.9708,2.9678,2.9708,2.9728,2.9758,2.9728,2.9758,3
2026-03-05 02:16:00,2.9698,2.9708,2.9698,2.9703,2.9748,2.9758,2.9748,2.9753,5
2026-03-05 02:17:00,2.9708,2.9758,2.9708,2.9758,2.9758,2.9808,2.9758,2.9808,6
2026-03-05 02:18:00,2.9773,2.9808,2.9758,2.9798,2.9823,2.9858,2.9808,2.9848,14
2026-03-05 02:19:00,2.9788,2.9793,2.9718,2.9728,2.9838,2.9843,2.9768,2.9778,13
2026-03-05 02:20:00,2.9723,2.9738,2.9723,2.9733,2.9773,2.9788,2.9773,2.9783,3
2026-03-05 02:21:00,2.9738,2.9748,2.9738,2.9748,2.9788,2.9798,2.9788,2.9798,3
2026-03-05 02:22:00,2.9753,2.9758,2.9748,2.9758,2.9803,2.9808,2.9798,2.9808,5
2026-03-05 02:23:00,2.9753,2.9753,2.9748,2.9753,2.9803,2.9803,2.9798,2.9803,3
2026-03-05 02:24:00,2.9758,2.9758,2.9758,2.9758,2.9808,2.9808,2.9808,2.9808,1
2026-03-05 02:27:00,2.9763,2.9778,2.9758,2.9768,2.9813,2.9828,2.9808,2.9818,7
2026-03-05 02:28:00,2.9758,2.9758,2.9758,2.9758,2.9808,2.9808,2.9808,2.9808,1
2026-03-05 02:29:00,2.9763,2.9763,2.9763,2.9763,2.9813,2.9813,2.9813,2.9813,1
2026-03-05 02:30:00,2.9753,2.9753,2.9738,2.9738,2.9803,2.9803,2.9788,2.9788,6
2026-03-05 02:31:00,2.9723,2.9743,2.9718,2.9733,2.9773,2.9793,2.9768,2.9783,5
2026-03-05 02:32:00,2.9723,2.9723,2.9703,2.9718,2.9773,2.9773,2.9753,2.9768,4
2026-03-05 02:33:00,2.9713,2.9713,2.9713,2.9713,2.9763,2.9763,2.9763,2.9763,1
2026-03-05 02:34:00,2.9703,2.9708,2.9703,2.9708,2.9753,2.9758,2.9753,2.9758,2
2026-03-05 02:35:00,2.9703,2.9703,2.9678,2.9678,2.9753,2.9753,2.9728,2.9728,8
2026-03-05 02:36:00,2.9683,2.9703,2.9678,2.9703,2.9733,2.9753,2.9728,2.9753,16
2026-03-05 02:37:00,2.9698,2.9698,2.9698,2.9698,2.9748,2.9748,2.9748,2.9748,1
2026-03-05 02:38:00,2.9703,2.9703,2.9693,2.9703,2.9753,2.9753,2.9743,2.9753,3
2026-03-05 02:39:00,2.9698,2.9698,2.9698,2.9698,2.9748,2.9748,2.9748,2.9748,1
2026-03-05 02:40:00,2.9693,2.9703,2.9693,2.9693,2.9743,2.9753,2.9743,2.9743,4
2026-03-05 02:41:00,2.9698,2.9703,2.9698,2.9698,2.9748,2.9753,2.9748,2.9748,3
2026-03-05 02:43:00,2.9703,2.9703,2.9698,2.9703,2.9753,2.9753,2.9748,2.9753,3
2026-03-05 02:45:00,2.9708,2.9708,2.9708,2.9708,2.9758,2.9758,2.9758,2.9758,1
2026-03-05 02:46:00,2.9713,2.9723,2.9713,2.9723,2.9763,2.9773,2.9763,2.9773,3
2026-03-05 02:47:00,2.9718,2.9718,2.9693,2.9708,2.9768,2.9768,2.9743,2.9758,10
2026-03-05 02:48:00,2.9703,2.9703,2.9703,2.9703,2.9753,2.9753,2.9753,2.9753,1
2026-03-05 02:49:00,2.9693,2.9703,2.9688,2.9703,2.9743,2.9753,2.9738,2.9753,4
2026-03-05 02:50:00,2.9708,2.9708,2.9703,2.9708,2.9758,2.9758,2.9753,2.9758,3
2026-03-05 02:51:00,2.9703,2.9748,2.9703,2.9743,2.9753,2.9798,2.9753,2.9793,16
2026-03-05 02:53:00,2.9748,2.9748,2.9748,2.9748,2.9798,2.9798,2.9798,2.9798,1
2026-03-05 02:54:00,2.9753,2.9838,2.9753,2.9828,2.9803,2.9888,2.9803,2.9878,20
2026-03-05 02:55:00,2.9823,2.9868,2.9793,2.9838,2.9873,2.9918,2.9843,2.9888,20
2026-03-05 02:56:00,2.9828,2.9833,2.9793,2.9793,2.9878,2.9883,2.9843,2.9843,12
2026-03-05 02:57:00,2.9788,2.9818,2.9788,2.9813,2.9838,2.9868,2.9838,2.9863,8
2026-03-05 02:58:00,2.9808,2.9813,2.9808,2.9808,2.9858,2.9863,2.9858,2.9858,3
2026-03-05 02:59:00,2.9788,2.9808,2.9768,2.9783,2.9838,2.9858,2.9818,2.9833,26
2026-03-05 03:00:00,2.9788,2.9813,2.9788,2.9813,2.9838,2.9863,2.9838,2.9863,10
2026-03-05 03:01:00,2.9818,2.9818,2.9813,2.9813,2.9868,2.9868,2.9863,2.9863,2
2026-03-05 03:02:00,2.9798,2.9818,2.9798,2.9818,2.9848,2.9868,2.9848,2.9868,3
2026-03-05 03:03:00,2.9828,2.9828,2.9808,2.9813,2.9878,2.9878,2.9858,2.9863,4
2026-03-05 03:04:00,2.9818,2.9833,2.9818,2.9833,2.9868,2.9883,2.9868,2.9883,3
2026-03-05 03:05:00,2.9828,2.9843,2.9828,2.9838,2.9878,2.9893,2.9878,2.9888,6
2026-03-05 03:06:00,2.9843,2.9868,2.9843,2.9853,2.9893,2.9918,2.9893,2.9903,5
2026-03-05 03:07:00,2.9848,2.9853,2.9843,2.9843,2.9898,2.9903,2.9893,2.9893,4
2026-03-05 03:08:00,2.9838,2.9843,2.9838,2.9838,2.9888,2.9893,2.9888,2.9888,3
2026-03-05 03:09:00,2.9843,2.9843,2.9843,2.9843,2.9893,2.9893,2.9893,2.9893,1
2026-03-05 03:10:00,2.9833,2.9838,2.9833,2.9833,2.9883,2.9888,2.9883,2.9883,3
2026-03-05 03:11:00,2.9828,2.9833,2.9818,2.9818,2.9878,2.9883,2.9868,2.9868,6
2026-03-05 03:12:00,2.9823,2.9823,2.9823,2.9823,2.9873,2.9873,2.9873,2.9873,1
2026-03-05 03:14:00,2.9808,2.9813,2.9808,2.9813,2.9858,2.9863,2.9858,2.9863,2
2026-03-05 03:15:00,2.9823,2.9828,2.9813,2.9818,2.9873,2.9878,2.9863,2.9868,7
2026-03-05 03:16:00,2.9813,2.9818,2.9798,2.9813,2.9863,2.9868,2.9848,2.9863,6
2026-03-05 03:17:00,2.9803,2.9823,2.9798,2.9823,2.9853,2.9873,2.9848,2.9873,6
2026-03-05 03:18:00,2.9818,2.9818,2.9813,2.9813,2.9868,2.9868,2.9863,2.9863,2
2026-03-05 03:19:00,2.9823,2.9823,2.9813,2.9823,2.9873,2.9873,2.9863,2.9873,4
2026-03-05 03:21:00,2.9828,2.9828,2.9798,2.9823,2.9878,2.9878,2.9848,2.9873,7
2026-03-05 03:22:00,2.9828,2.9828,2.9828,2.9828,2.9878,2.9878,2.9878,2.9878,1
2026-03-05 03:23:00,2.9833,2.9853,2.9818,2.9833,2.9883,2.9903,2.9868,2.9883,10
2026-03-05 03:24:00,2.9838,2.9838,2.9823,2.9833,2.9888,2.9888,2.9873,2.9883,4
2026-03-05 03:25:00,2.9828,2.9833,2.9828,2.9833,2.9878,2.9883,2.9878,2.9883,2
2026-03-05 03:26:00,2.9828,2.9828,2.9828,2.9828,2.9878,2.9878,2.9878,2.9878,1
2026-03-05 03:27:00,2.9833,2.9838,2.9833,2.9833,2.9883,2.9888,2.9883,2.9883,3
2026-03-05 03:28:00,2.9838,2.9838,2.9833,2.9838,2.9888,2.9888,2.9883,2.9888,3
2026-03-05 03:29:00,2.9833,2.9833,2.9818,2.9818,2.9883,2.9883,2.9868,2.9868,7
2026-03-05 03:30:00,2.9823,2.9848,2.9823,2.9848,2.9873,2.9898,2.9873,2.9898,15
2026-03-05 03:31:00,2.9853,2.9868,2.9853,2.9868,2.9903,2.9918,2.9903,2.9918,3
2026-03-05 03:32:00,2.9878,2.9878,2.9868,2.9873,2.9928,2.9928,2.9918,2.9923,5
2026-03-05 03:33:00,2.9883,2.9908,2.9878,2.9888,2.9933,2.9958,2.9928,2.9938,9
2026-03-05 03:34:00,2.9893,2.9933,2.9893,2.9933,2.9943,2.9983,2.9943,2.9983,10
2026-03-05 03:35:00,2.9938,3.0013,2.9918,2.9998,2.9988,3.0063,2.9968,3.0048,28
2026-03-05 03:36:00,2.9993,3.0028,2.9988,3.0008,3.0043,3.0078,3.0038,3.0058,21
2026-03-05 03:37:00,3.0013,3.0028,3.0003,3.0013,3.0063,3.0078,3.0053,3.0063,14
2026-03-05 03:38:00,3.0008,3.0018,3.0008,3.0008,3.0058,3.0068,3.0058,3.0058,7
2026-03-05 03:39:00,2.9988,3.0023,2.9988,3.0023,3.0038,3.0073,3.0038,3.0073,7
2026-03-05 03:40:00,3.0013,3.0053,2.9998,3.0053,3.0063,3.0103,3.0048,3.0103,21
2026-03-05 03:41:00,3.0048,3.0063,3.0018,3.0018,3.0098,3.0113,3.0068,3.0068,15
2026-03-05 03:42:00,3.0008,3.0008,2.9983,2.9993,3.0058,3.0058,3.0033,3.0043,9
2026-03-05 03:43:00,2.9988,2.9993,2.9978,2.9988,3.0038,3.0043,3.0028,3.0038,8
2026-03-05 03:44:00,2.9983,2.9988,2.9983,2.9988,3.0033,3.0038,3.0033,3.0038,2
2026-03-05 03:45:00,2.9983,2.9988,2.9968,2.9968,3.0033,3.0038,3.0018,3.0018,4
2026-03-05 03:46:00,2.9958,2.9978,2.9928,2.9933,3.0008,3.0028,2.9978,2.9983,12
2026-03-05 03:47:00,2.9928,2.9928,2.9908,2.9918,2.9978,2.9978,2.9958,2.9968,12
2026-03-05 03:48:00,2.9913,2.9948,2.9913,2.9928,2.9963,2.9998,2.9963,2.9978,10
2026-03-05 03:50:00,2.9923,2.9923,2.9908,2.9918,2.9973,2.9973,2.9958,2.9968,5
2026-03-05 03:51:00,2.9913,2.9918,2.9913,2.9918,2.9963,2.9968,2.9963,2.9968,2
2026-03-05 03:52:00,2.9928,2.9948,2.9923,2.9948,2.9978,2.9998,2.9973,2.9998,8
2026-03-05 03:53:00,2.9958,2.9968,2.9958,2.9958,3.0008,3.0018,3.0008,3.0008,3
2026-03-05 03:54:00,2.9963,2.9963,2.9958,2.9958,3.0013,3.0013,3.0008,3.0008,4
2026-03-05 03:55:00,2.9968,2.9968,2.9928,2.9933,3.0018,3.0018,2.9978,2.9983,6
2026-03-05 03:56:00,2.9948,2.9948,2.9943,2.9948,2.9998,2.9998,2.9993,2.9998,3
2026-03-05 03:57:00,2.9943,2.9953,2.9943,2.9943,2.9993,3.0003,2.9993,2.9993,6
2026-03-05 03:58:00,2.9933,2.9943,2.9933,2.9943,2.9983,2.9993,2.9983,2.9993,3
2026-03-05 03:59:00,2.9938,2.9943,2.9938,2.9943,2.9988,2.9993,2.9988,2.9993,2
2026-03-05 04:00:00,2.9948,3.0018,2.9928,2.9988,2.9998,3.0068,2.9978,3.0038,18
2026-03-05 04:01:00,2.9983,2.9998,2.9978,2.9998,3.0033,3.0048,3.0028,3.0048,7
2026-03-05 04:02:00,2.9993,2.9998,2.9928,2.9928,3.0043,3.0048,2.9978,2.9978,11
2026-03-05 04:03:00,2.9918,2.9948,2.9918,2.9948,2.9968,2.9998,2.9968,2.9998,3
2026-03-05 04:04:00,2.9953,2.9968,2.9953,2.9968,3.0003,3.0018,3.0003,3.0018,4
2026-03-05 04:05:00,2.9973,2.9978,2.9973,2.9978,3.0023,3.0028,3.0023,3.0028,4
2026-03-05 04:06:00,2.9968,2.9968,2.9968,2.9968,3.0018,3.0018,3.0018,3.0018,1
2026-03-05 04:07:00,2.9973,2.9973,2.9948,2.9963,3.0023,3.0023,2.9998,3.0013,5
2026-03-05 04:08:00,2.9953,2.9968,2.9948,2.9968,3.0003,3.0018,2.9998,3.0018,7
2026-03-05 04:09:00,2.9973,2.9973,2.9968,2.9973,3.0023,3.0023,3.0018,3.0023,3
2026-03-05 04:10:00,2.9978,2.9978,2.9973,2.9973,3.0028,3.0028,3.0023,3.0023,2
2026-03-05 04:11:00,2.9978,2.9983,2.9968,2.9968,3.0028,3.0033,3.0018,3.0018,4
2026-03-05 04:12:00,2.9963,2.9973,2.9958,2.9958,3.0013,3.0023,3.0008,3.0008,4
2026-03-05 04:13:00,2.9963,2.9963,2.9933,2.9933,3.0013,3.0013,2.9983,2.9983,5
2026-03-05 04:14:00,2.9943,2.9953,2.9943,2.9953,2.9993,3.0003,2.9993,3.0003,4
2026-03-05 04:15:00,2.9948,2.9948,2.9948,2.9948,2.9998,2.9998,2.9998,2.9998,1
2026-03-05 04:16:00,2.9953,2.9953,2.9948,2.9948,3.0003,3.0003,2.9998,2.9998,2
2026-03-05 04:17:00,2.9943,2.9948,2.9933,2.9933,2.9993,2.9998,2.9983,2.9983,4
2026-03-05 04:18:00,2.9928,2.9933,2.9928,2.9933,2.9978,2.9983,2.9978,2.9983,2
2026-03-05 04:19:00,2.9938,2.9938,2.9938,2.9938,2.9988,2.9988,2.9988,2.9988,1
2026-03-05 04:20:00,2.9943,2.9943,2.9943,2.9943,2.9993,2.9993,2.9993,2.9993,1
2026-03-05 04:21:00,2.9948,2.9948,2.9943,2.9943,2.9998,2.9998,2.9993,2.9993,4
2026-03-05 04:22:00,2.9938,2.9943,2.9928,2.9933,2.9988,2.9993,2.9978,2.9983,4
2026-03-05 04:23:00,2.9938,2.9943,2.9928,2.9943,2.9988,2.9993,2.9978,2.9993,5
2026-03-05 04:24:00,2.9938,2.9953,2.9918,2.9923,2.9988,3.0003,2.9968,2.9973,8
2026-03-05 04:25:00,2.9913,2.9923,2.9908,2.9923,2.9963,2.9973,2.9958,2.9973,14
2026-03-05 04:26:00,2.9918,2.9918,2.9908,2.9908,2.9968,2.9968,2.9958,2.9958,4
2026-03-05 04:27:00,2.9913,2.9913,2.9893,2.9893,2.9963,2.9963,2.9943,2.9943,7
2026-03-05 04:28:00,2.9898,2.9913,2.9898,2.9903,2.9948,2.9963,2.9948,2.9953,5
2026-03-05 04:29:00,2.9898,2.9898,2.9863,2.9888,2.9948,2.9948,2.9913,2.9938,15
2026-03-05 04:30:00,2.9893,2.9928,2.9893,2.9923,2.9943,2.9978,2.9943,2.9973,16
2026-03-05 04:31:00,2.9918,2.9928,2.9843,2.9858,2.9968,2.9978,2.9893,2.9908,27
2026-03-05 04:32:00,2.9863,2.9883,2.9853,2.9853,2.9913,2.9933,2.9903,2.9903,16
2026-03-05 04:33:00,2.9858,2.9868,2.9843,2.9843,2.9908,2.9918,2.9893,2.9893,5
2026-03-05 04:34:00,2.9848,2.9858,2.9838,2.9853,2.9898,2.9908,2.9888,2.9903,8
2026-03-05 04:35:00,2.9868,2.9868,2.9848,2.9868,2.9918,2.9918,2.9898,2.9918,10
2026-03-05 04:36:00,2.9878,2.9883,2.9878,2.9883,2.9928,2.9933,2.9928,2.9933,2
2026-03-05 04:37:00,2.9888,2.9888,2.9888,2.9888,2.9938,2.9938,2.9938,2.9938,1
2026-03-05 04:38:00,2.9903,2.9923,2.9898,2.9908,2.9953,2.9973,2.9948,2.9958,11
2026-03-05 04:39:00,2.9913,2.9928,2.9903,2.9928,2.9963,2.9978,2.9953,2.9978,6
2026-03-05 04:40:00,2.9918,2.9928,2.9908,2.9918,2.9968,2.9978,2.9958,2.9968,11
2026-03-05 04:41:00,2.9923,2.9923,2.9913,2.9918,2.9973,2.9973,2.9963,2.9968,4
2026-03-05 04:42:00,2.9908,2.9913,2.9903,2.9903,2.9958,2.9963,2.9953,2.9953,11
2026-03-05 04:43:00,2.9908,2.9928,2.9903,2.9923,2.9958,2.9978,2.9953,2.9973,6
2026-03-05 04:44:00,2.9918,2.9928,2.9908,2.9908,2.9968,2.9978,2.9958,2.9958,5
2026-03-05 04:45:00,2.9898,2.9913,2.9878,2.9888,2.9948,2.9963,2.9928,2.9938,13
2026-03-05 04:46:00,2.9883,2.9913,2.9878,2.9908,2.9933,2.9963,2.9928,2.9958,8
2026-03-05 04:47:00,2.9913,2.9918,2.9908,2.9908,2.9963,2.9968,2.9958,2.9958,5
2026-03-05 04:49:00,2.9913,2.9913,2.9888,2.9898,2.9963,2.9963,2.9938,2.9948,6
2026-03-05 04:50:00,2.9903,2.9908,2.9898,2.9903,2.9953,2.9958,2.9948,2.9953,5
2026-03-05 04:51:00,2.9898,2.9913,2.9898,2.9908,2.9948,2.9963,2.9948,2.9958,4
2026-03-05 04:52:00,2.9918,2.9918,2.9908,2.9908,2.9968,2.9968,2.9958,2.9958,6
2026-03-05 04:53:00,2.9913,2.9923,2.9908,2.9908,2.9963,2.9973,2.9958,2.9958,5
2026-03-05 04:54:00,2.9903,2.9913,2.9898,2.9908,2.9953,2.9963,2.9948,2.9958,5
2026-03-05 04:55:00,2.9918,2.9933,2.9918,2.9928,2.9968,2.9983,2.9968,2.9978,4
2026-03-05 04:56:00,2.9933,2.9933,2.9918,2.9918,2.9983,2.9983,2.9968,2.9968,7
2026-03-05 04:57:00,2.9908,2.9908,2.9908,2.9908,2.9958,2.9958,2.9958,2.9958,1
2026-03-05 04:58:00,2.9898,2.9898,2.9863,2.9863,2.9948,2.9948,2.9913,2.9913,9
2026-03-05 04:59:00,2.9873,2.9878,2.9848,2.9848,2.9923,2.9928,2.9898,2.9898,9
2026-03-05 05:00:00,2.9853,2.9853,2.9838,2.9843,2.9903,2.9903,2.9888,2.9893,5
2026-03-05 05:01:00,2.9838,2.9843,2.9838,2.9843,2.9888,2.9893,2.9888,2.9893,6
2026-03-05 05:02:00,2.9848,2.9868,2.9848,2.9858,2.9898,2.9918,2.9898,2.9908,7
2026-03-05 05:03:00,2.9863,2.9863,2.9863,2.9863,2.9913,2.9913,2.9913,2.9913,1
2026-03-05 05:04:00,2.9868,2.9868,2.9853,2.9853,2.9918,2.9918,2.9903,2.9903,3
2026-03-05 05:06:00,2.9858,2.9888,2.9858,2.9878,2.9908,2.9938,2.9908,2.9928,5
2026-03-05 05:07:00,2.9883,2.9888,2.9858,2.9858,2.9933,2.9938,2.9908,2.9908,9
2026-03-05 05:08:00,2.9873,2.9878,2.9828,2.9838,2.9923,2.9928,2.9878,2.9888,11
2026-03-05 05:09:00,2.9848,2.9853,2.9813,2.9823,2.9898,2.9903,2.9863,2.9873,21
2026-03-05 05:10:00,2.9833,2.9833,2.9818,2.9818,2.9883,2.9883,2.9868,2.9868,3
2026-03-05 05:11:00,2.9823,2.9848,2.9823,2.9843,2.9873,2.9898,2.9873,2.9893,7
2026-03-05 05:12:00,2.9848,2.9858,2.9843,2.9848,2.9898,2.9908,2.9893,2.9898,8
2026-03-05 05:13:00,2.9843,2.9858,2.9843,2.9848,2.9893,2.9908,2.9893,2.9898,6
2026-03-05 05:14:00,2.9853,2.9858,2.9843,2.9858,2.9903,2.9908,2.9893,2.9908,4
2026-03-05 05:15:00,2.9873,2.9898,2.9873,2.9888,2.9923,2.9948,2.9923,2.9938,7
2026-03-05 05:16:00,2.9893,2.9893,2.9873,2.9873,2.9943,2.9943,2.9923,2.9923,9
2026-03-05 05:17:00,2.9883,2.9908,2.9883,2.9908,2.9933,2.9958,2.9933,2.9958,6
2026-03-05 05:18:00,2.9913,2.9918,2.9908,2.9913,2.9963,2.9968,2.9958,2.9963,5
2026-03-05 05:19:00,2.9898,2.9908,2.9898,2.9908,2.9948,2.9958,2.9948,2.9958,3
2026-03-05 05:20:00,2.9923,2.9948,2.9913,2.9948,2.9973,2.9998,2.9963,2.9998,11
2026-03-05 05:21:00,2.9943,2.9958,2.9943,2.9943,2.9993,3.0008,2.9993,2.9993,15
2026-03-05 05:22:00,2.9948,2.9948,2.9938,2.9938,2.9998,2.9998,2.9988,2.9988,4
2026-03-05 05:23:00,2.9943,2.9958,2.9943,2.9943,2.9993,3.0008,2.9993,2.9993,12
2026-03-05 05:24:00,2.9948,2.9958,2.9933,2.9953,2.9998,3.0008,2.9983,3.0003,8
2026-03-05 05:25:00,2.9958,2.9958,2.9948,2.9948,3.0008,3.0008,2.9998,2.9998,2
2026-03-05 05:26:00,2.9943,2.9943,2.9943,2.9943,2.9993,2.9993,2.9993,2.9993,1
2026-03-05 05:27:00,2.9948,2.9953,2.9938,2.9938,2.9998,3.0003,2.9988,2.9988,8
2026-03-05 05:28:00,2.9943,2.9943,2.9923,2.9923,2.9993,2.9993,2.9973,2.9973,5
2026-03-05 05:29:00,2.9928,2.9953,2.9928,2.9953,2.9978,3.0003,2.9978,3.0003,6
2026-03-05 05:30:00,2.9958,2.9958,2.9958,2.9958,3.0008,3.0008,3.0008,3.0008,1
2026-03-05 05:31:00,2.9948,2.9948,2.9913,2.9913,2.9998,2.9998,2.9963,2.9963,17
2026-03-05 05:32:00,2.9918,2.9928,2.9918,2.9918,2.9968,2.9978,2.9968,2.9968,13
2026-03-05 05:33:00,2.9908,2.9913,2.9908,2.9913,2.9958,2.9963,2.9958,2.9963,2
2026-03-05 05:34:00,2.9918,2.9928,2.9918,2.9918,2.9968,2.9978,2.9968,2.9968,5
2026-03-05 05:35:00,2.9928,2.9928,2.9888,2.9888,2.9978,2.9978,2.9938,2.9938,7
2026-03-05 05:36:00,2.9898,2.9913,2.9893,2.9913,2.9948,2.9963,2.9943,2.9963,11
2026-03-05 05:38:00,2.9918,2.9918,2.9898,2.9903,2.9968,2.9968,2.9948,2.9953,7
2026-03-05 05:39:00,2.9898,2.9918,2.9898,2.9908,2.9948,2.9968,2.9948,2.9958,6
2026-03-05 05:40:00,2.9933,3.0018,2.9928,2.9958,2.9983,3.0068,2.9978,3.0008,33
2026-03-05 05:41:00,2.9948,2.9948,2.9928,2.9928,2.9998,2.9998,2.9978,2.9978,6
2026-03-05 05:42:00,2.9938,2.9953,2.9938,2.9943,2.9988,3.0003,2.9988,2.9993,12
2026-03-05 05:44:00,2.9948,2.9948,2.9943,2.9943,2.9998,2.9998,2.9993,2.9993,2
2026-03-05 05:45:00,2.9928,2.9958,2.9928,2.9958,2.9978,3.0008,2.9978,3.0008,17
2026-03-05 05:46:00,2.9938,2.9953,2.9933,2.9938,2.9988,3.0003,2.9983,2.9988,6
2026-03-05 05:47:00,2.9943,2.9978,2.9943,2.9978,2.9993,3.0028,2.9993,3.0028,8
2026-03-05 05:48:00,2.9983,2.9983,2.9983,2.9983,3.0033,3.0033,3.0033,3.0033,1
2026-03-05 05:49:00,2.9998,2.9998,2.9978,2.9978,3.0048,3.0048,3.0028,3.0028,4
2026-03-05 05:50:00,2.9983,2.9983,2.9983,2.9983,3.0033,3.0033,3.0033,3.0033,1
2026-03-05 05:51:00,2.9978,2.9978,2.9943,2.9943,3.0028,3.0028,2.9993,2.9993,4
2026-03-05 05:52:00,2.9953,2.9968,2.9953,2.9968,3.0003,3.0018,3.0003,3.0018,4
2026-03-05 05:53:00,2.9973,2.9993,2.9973,2.9988,3.0023,3.0043,3.0023,3.0038,7
2026-03-05 05:54:00,2.9983,2.9993,2.9983,2.9993,3.0033,3.0043,3.0033,3.0043,2
2026-03-05 05:55:00,3.0003,3.0003,3.0003,3.0003,3.0053,3.0053,3.0053,3.0053,1
2026-03-05 05:56:00,2.9998,2.9998,2.9983,2.9993,3.0048,3.0048,3.0033,3.0043,3
2026-03-05 05:57:00,2.9998,3.0008,2.9998,2.9998,3.0048,3.0058,3.0048,3.0048,5
2026-03-05 05:58:00,3.0008,3.0008,3.0003,3.0003,3.0058,3.0058,3.0053,3.0053,2
2026-03-05 05:59:00,3.0008,3.0008,2.9983,2.9993,3.0058,3.0058,3.0033,3.0043,10
2026-03-05 06:00:00,2.9983,2.9998,2.9968,2.9978,3.0033,3.0048,3.0018,3.0028,16
2026-03-05 06:01:00,2.9968,2.9998,2.9948,2.9983,3.0018,3.0048,2.9998,3.0033,14
2026-03-05 06:02:00,2.9973,2.9998,2.9958,2.9998,3.0023,3.0048,3.0008,3.0048,10
2026-03-05 06:03:00,2.9988,3.0003,2.9978,2.9998,3.0038,3.0053,3.0028,3.0048,10
2026-03-05 06:05:00,2.9993,2.9998,2.9988,2.9998,3.0043,3.0048,3.0038,3.0048,11
2026-03-05 06:06:00,3.0003,3.0003,3.0003,3.0003,3.0053,3.0053,3.0053,3.0053,1
2026-03-05 06:07:00,2.9993,2.9993,2.9993,2.9993,3.0043,3.0043,3.0043,3.0043,1
2026-03-05 06:08:00,2.9988,2.9988,2.9978,2.9978,3.0038,3.0038,3.0028,3.0028,4
2026-03-05 06:09:00,2.9973,2.9978,2.9973,2.9973,3.0023,3.0028,3.0023,3.0023,3
2026-03-05 06:10:00,2.9978,2.9988,2.9963,2.9963,3.0028,3.0038,3.0013,3.0013,14
2026-03-05 06:11:00,2.9968,3.0018,2.9963,3.0003,3.0018,3.0068,3.0013,3.0053,11
2026-03-05 06:12:00,3.0008,3.0028,3.0008,3.0028,3.0058,3.0078,3.0058,3.0078,7
2026-03-05 06:13:00,3.0023,3.0023,3.0003,3.0013,3.0073,3.0073,3.0053,3.0063,6
2026-03-05 06:15:00,3.0003,3.0168,2.9993,3.0108,3.0053,3.0218,3.0043,3.0158,35
2026-03-05 06:16:00,3.0118,3.0123,3.0108,3.0108,3.0168,3.0173,3.0158,3.0158,6
2026-03-05 06:17:00,3.0113,3.0128,3.0108,3.0118,3.0163,3.0178,3.0158,3.0168,12
2026-03-05 06:18:00,3.0128,3.0133,3.0128,3.0133,3.0178,3.0183,3.0178,3.0183,2
2026-03-05 06:19:00,3.0138,3.0148,3.0118,3.0148,3.0188,3.0198,3.0168,3.0198,8
2026-03-05 06:20:00,3.0158,3.0158,3.0103,3.0103,3.0208,3.0208,3.0153,3.0153,9
2026-03-05 06:21:00,3.0098,3.0098,3.0068,3.0068,3.0148,3.0148,3.0118,3.0118,11
2026-03-05 06:22:00,3.0058,3.0118,3.0058,3.0113,3.0108,3.0168,3.0108,3.0163,11
2026-03-05 06:23:00,3.0123,3.0178,3.0123,3.0158,3.0173,3.0228,3.0173,3.0208,6
2026-03-05 06:24:00,3.0153,3.0153,3.0133,3.0133,3.0203,3.0203,3.0183,3.0183,5
2026-03-05 06:25:00,3.0138,3.0138,3.0138,3.0138,3.0188,3.0188,3.0188,3.0188,1
2026-03-05 06:26:00,3.0148,3.0153,3.0128,3.0138,3.0198,3.0203,3.0178,3.0188,10
2026-03-05 06:27:00,3.0133,3.0133,3.0108,3.0108,3.0183,3.0183,3.0158,3.0158,5
2026-03-05 06:28:00,3.0103,3.0138,3.0078,3.0128,3.0153,3.0188,3.0128,3.0178,9
2026-03-05 06:29:00,3.0133,3.0138,3.0098,3.0108,3.0183,3.0188,3.0148,3.0158,13
2026-03-05 06:30:00,3.0098,3.0118,3.0093,3.0098,3.0148,3.0168,3.0143,3.0148,9
2026-03-05 06:31:00,3.0093,3.0093,3.0093,3.0093,3.0143,3.0143,3.0143,3.0143,1
2026-03-05 06:32:00,3.0098,3.0113,3.0098,3.0108,3.0148,3.0163,3.0148,3.0158,4
2026-03-05 06:33:00,3.0103,3.0103,3.0088,3.0088,3.0153,3.0153,3.0138,3.0138,3
2026-03-05 06:34:00,3.0078,3.0083,3.0078,3.0078,3.0128,3.0133,3.0128,3.0128,3
2026-03-05 06:35:00,3.0073,3.0078,3.0058,3.0078,3.0123,3.0128,3.0108,3.0128,8
2026-03-05 06:36:00,3.0068,3.0103,3.0068,3.0103,3.0118,3.0153,3.0118,3.0153,6
2026-03-05 06:37:00,3.0108,3.0108,3.0078,3.0078,3.0158,3.0158,3.0128,3.0128,6
2026-03-05 06:38:00,3.0088,3.0098,3.0088,3.0098,3.0138,3.0148,3.0138,3.0148,3
2026-03-05 06:39:00,3.0093,3.0093,3.0068,3.0088,3.0143,3.0143,3.0118,3.0138,7
2026-03-05 06:40:00,3.0098,3.0133,3.0088,3.0118,3.0148,3.0183,3.0138,3.0168,13
2026-03-05 06:41:00,3.0113,3.0168,3.0113,3.0143,3.0163,3.0218,3.0163,3.0193,19
2026-03-05 06:42:00,3.0128,3.0138,3.0128,3.0138,3.0178,3.0188,3.0178,3.0188,6
2026-03-05 06:43:00,3.0133,3.0133,3.0113,3.0118,3.0183,3.0183,3.0163,3.0168,8
2026-03-05 06:44:00,3.0113,3.0113,3.0103,3.0103,3.0163,3.0163,3.0153,3.0153,2
2026-03-05 06:45:00,3.0093,3.0098,3.0088,3.0098,3.0143,3.0148,3.0138,3.0148,5
2026-03-05 06:46:00,3.0103,3.0118,3.0093,3.0093,3.0153,3.0168,3.0143,3.0143,9
2026-03-05 06:47:00,3.0083,3.0088,3.0028,3.0038,3.0133,3.0138,3.0078,3.0088,11
2026-03-05 06:48:00,3.0028,3.0073,3.0028,3.0073,3.0078,3.0123,3.0078,3.0123,10
2026-03-05 06:49:00,3.0093,3.0133,3.0083,3.0108,3.0143,3.0183,3.0133,3.0158,13
2026-03-05 06:50:00,3.0103,3.0108,3.0103,3.0103,3.0153,3.0158,3.0153,3.0153,3
2026-03-05 06:51:00,3.0098,3.0113,3.0048,3.0083,3.0148,3.0163,3.0098,3.0133,17
2026-03-05 06:52:00,3.0088,3.0088,3.0068,3.0073,3.0138,3.0138,3.0118,3.0123,6
2026-03-05 06:53:00,3.0068,3.0068,3.0053,3.0058,3.0118,3.0118,3.0103,3.0108,4
2026-03-05 06:54:00,3.0078,3.0108,3.0003,3.0028,3.0128,3.0158,3.0053,3.0078,24
2026-03-05 06:55:00,3.0018,3.0078,3.0018,3.0073,3.0068,3.0128,3.0068,3.0123,17
2026-03-05 06:57:00,3.0068,3.0078,3.0068,3.0078,3.0118,3.0128,3.0118,3.0128,2
2026-03-05 06:58:00,3.0073,3.0073,3.0038,3.0038,3.0123,3.0123,3.0088,3.0088,7
2026-03-05 06:59:00,3.0048,3.0053,3.0008,3.0028,3.0098,3.0103,3.0058,3.0078,11
2026-03-05 07:00:00,3.0033,3.0033,2.9973,2.9988,3.0083,3.0083,3.0023,3.0038,25
2026-03-05 07:01:00,2.9983,2.9983,2.9898,2.9958,3.0033,3.0033,2.9948,3.0008,51
2026-03-05 07:02:00,2.9953,3.0018,2.9953,3.0018,3.0003,3.0068,3.0003,3.0068,13
2026-03-05 07:03:00,3.0013,3.0028,2.9978,2.9983,3.0063,3.0078,3.0028,3.0033,23
2026-03-05 07:04:00,2.9988,2.9988,2.9978,2.9988,3.0038,3.0038,3.0028,3.0038,3
2026-03-05 07:05:00,2.9993,2.9993,2.9968,2.9968,3.0043,3.0043,3.0018,3.0018,6
2026-03-05 07:06:00,2.9978,2.9978,2.9938,2.9938,3.0028,3.0028,2.9988,2.9988,7
2026-03-05 07:07:00,2.9953,2.9953,2.9903,2.9943,3.0003,3.0003,2.9953,2.9993,20
2026-03-05 07:08:00,2.9948,2.9948,2.9908,2.9908,2.9998,2.9998,2.9958,2.9958,7
2026-03-05 07:09:00,2.9903,2.9913,2.9878,2.9893,2.9953,2.9963,2.9928,2.9943,18
2026-03-05 07:10:00,2.9888,2.9893,2.9818,2.9828,2.9938,2.9943,2.9868,2.9878,28
2026-03-05 07:11:00,2.9818,2.9843,2.9783,2.9783,2.9868,2.9893,2.9833,2.9833,22
2026-03-05 07:12:00,2.9788,2.9803,2.9748,2.9773,2.9838,2.9853,2.9798,2.9823,21
2026-03-05 07:13:00,2.9768,2.9808,2.9763,2.9778,2.9818,2.9858,2.9813,2.9828,24
2026-03-05 07:14:00,2.9768,2.9768,2.9758,2.9758,2.9818,2.9818,2.9808,2.9808,6
2026-03-05 07:15:00,2.9763,2.9768,2.9763,2.9763,2.9813,2.9818,2.9813,2.9813,3
2026-03-05 07:16:00,2.9758,2.9788,2.9738,2.9748,2.9808,2.9838,2.9788,2.9798,17
2026-03-05 07:17:00,2.9753,2.9773,2.9693,2.9773,2.9803,2.9823,2.9743,2.9823,38
2026-03-05 07:18:00,2.9768,2.9838,2.9753,2.9823,2.9818,2.9888,2.9803,2.9873,27
2026-03-05 07:19:00,2.9838,2.9853,2.9838,2.9843,2.9888,2.9903,2.9888,2.9893,10
2026-03-05 07:20:00,2.9848,2.9978,2.9848,2.9908,2.9898,3.0028,2.9898,2.9958,19
2026-03-05 07:21:00,2.9898,2.9908,2.9883,2.9888,2.9948,2.9958,2.9933,2.9938,7
2026-03-05 07:22:00,2.9883,2.9898,2.9848,2.9853,2.9933,2.9948,2.9898,2.9903,16
2026-03-05 07:23:00,2.9848,2.9848,2.9818,2.9828,2.9898,2.9898,2.9868,2.9878,12
2026-03-05 07:24:00,2.9833,2.9838,2.9823,2.9823,2.9883,2.9888,2.9873,2.9873,4
2026-03-05 07:25:00,2.9813,2.9838,2.9813,2.9833,2.9863,2.9888,2.9863,2.9883,8
2026-03-05 07:26:00,2.9838,2.9868,2.9838,2.9868,2.9888,2.9918,2.9888,2.9918,6
2026-03-05 07:27:00,2.9848,2.9848,2.9803,2.9818,2.9898,2.9898,2.9853,2.9868,12
2026-03-05 07:28:00,2.9813,2.9838,2.9813,2.9833,2.9863,2.9888,2.9863,2.9883,4
2026-03-05 07:29:00,2.9838,2.9843,2.9828,2.9838,2.9888,2.9893,2.9878,2.9888,4
2026-03-05 07:30:00,2.9843,2.9878,2.9843,2.9858,2.9893,2.9928,2.9893,2.9908,8
2026-03-05 07:31:00,2.9863,2.9878,2.9863,2.9878,2.9913,2.9928,2.9913,2.9928,5
2026-03-05 07:32:00,2.9883,2.9903,2.9883,2.9888,2.9933,2.9953,2.9933,2.9938,7
2026-03-05 07:33:00,2.9873,2.9898,2.9873,2.9893,2.9923,2.9948,2.9923,2.9943,5
2026-03-05 07:34:00,2.9898,2.9908,2.9888,2.9908,2.9948,2.9958,2.9938,2.9958,5
2026-03-05 07:35:00,2.9898,2.9908,2.9898,2.9908,2.9948,2.9958,2.9948,2.9958,3
2026-03-05 07:36:00,2.9903,2.9903,2.9878,2.9878,2.9953,2.9953,2.9928,2.9928,4
2026-03-05 07:37:00,2.9868,2.9868,2.9863,2.9863,2.9918,2.9918,2.9913,2.9913,2
2026-03-05 07:38:00,2.9853,2.9858,2.9843,2.9848,2.9903,2.9908,2.9893,2.9898,4
2026-03-05 07:39:00,2.9858,2.9888,2.9828,2.9828,2.9908,2.9938,2.9878,2.9878,10
2026-03-05 07:40:00,2.9843,2.9848,2.9833,2.9838,2.9893,2.9898,2.9883,2.9888,9
2026-03-05 07:41:00,2.9843,2.9848,2.9843,2.9843,2.9893,2.9898,2.9893,2.9893,3
2026-03-05 07:42:00,2.9833,2.9838,2.9823,2.9823,2.9883,2.9888,2.9873,2.9873,4
2026-03-05 07:43:00,2.9818,2.9843,2.9818,2.9828,2.9868,2.9893,2.9868,2.9878,16
2026-03-05 07:44:00,2.9838,2.9868,2.9838,2.9853,2.9888,2.9918,2.9888,2.9903,6
2026-03-05 07:45:00,2.9858,2.9878,2.9858,2.9873,2.9908,2.9928,2.9908,2.9923,6
2026-03-05 07:46:00,2.9878,2.9893,2.9878,2.9893,2.9928,2.9943,2.9928,2.9943,8
2026-03-05 07:47:00,2.9888,2.9903,2.9888,2.9903,2.9938,2.9953,2.9938,2.9953,3
2026-03-05 07:49:00,2.9898,2.9898,2.9868,2.9873,2.9948,2.9948,2.9918,2.9923,12
2026-03-05 07:50:00,2.9863,2.9868,2.9798,2.9813,2.9913,2.9918,2.9848,2.9863,15
2026-03-05 07:51:00,2.9808,2.9818,2.9763,2.9788,2.9858,2.9868,2.9813,2.9838,21
2026-03-05 07:52:00,2.9798,2.9838,2.9798,2.9813,2.9848,2.9888,2.9848,2.9863,12
2026-03-05 07:53:00,2.9808,2.9808,2.9728,2.9728,2.9858,2.9858,2.9778,2.9778,16
2026-03-05 07:54:00,2.9718,2.9768,2.9718,2.9768,2.9768,2.9818,2.9768,2.9818,25
2026-03-05 07:55:00,2.9778,2.9778,2.9738,2.9748,2.9828,2.9828,2.9788,2.9798,14
2026-03-05 07:56:00,2.9753,2.9808,2.9753,2.9808,2.9803,2.9858,2.9803,2.9858,25
2026-03-05 07:57:00,2.9798,2.9828,2.9798,2.9828,2.9848,2.9878,2.9848,2.9878,14
2026-03-05 07:58:00,2.9823,2.9838,2.9798,2.9798,2.9873,2.9888,2.9848,2.9848,16
2026-03-05 07:59:00,2.9788,2.9793,2.9788,2.9793,2.9838,2.9843,2.9838,2.9843,4
2026-03-05 08:00:00,2.9798,2.9823,2.9778,2.9798,2.9848,2.9873,2.9828,2.9848,11
2026-03-05 08:01:00,2.9808,2.9828,2.9783,2.9808,2.9858,2.9878,2.9833,2.9858,16
2026-03-05 08:02:00,2.9813,2.9818,2.9798,2.9808,2.9863,2.9868,2.9848,2.9858,7
2026-03-05 08:03:00,2.9788,2.9798,2.9788,2.9793,2.9838,2.9848,2.9838,2.9843,6
2026-03-05 08:04:00,2.9798,2.9818,2.9798,2.9808,2.9848,2.9868,2.9848,2.9858,8
2026-03-05 08:05:00,2.9813,2.9828,2.9813,2.9823,2.9863,2.9878,2.9863,2.9873,4
2026-03-05 08:06:00,2.9828,2.9828,2.9793,2.9793,2.9878,2.9878,2.9843,2.9843,5
2026-03-05 08:07:00,2.9803,2.9823,2.9803,2.9818,2.9853,2.9873,2.9853,2.9868,12
2026-03-05 08:08:00,2.9813,2.9828,2.9813,2.9828,2.9863,2.9878,2.9863,2.9878,3
2026-03-05 08:09:00,2.9818,2.9838,2.9818,2.9833,2.9868,2.9888,2.9868,2.9883,6
2026-03-05 08:10:00,2.9823,2.9823,2.9798,2.9808,2.9873,2.9873,2.9848,2.9858,7
2026-03-05 08:11:00,2.9813,2.9818,2.9803,2.9803,2.9863,2.9868,2.9853,2.9853,7
2026-03-05 08:12:00,2.9798,2.9798,2.9793,2.9793,2.9848,2.9848,2.9843,2.9843,4
2026-03-05 08:13:00,2.9803,2.9818,2.9783,2.9808,2.9853,2.9868,2.9833,2.9858,13
2026-03-05 08:14:00,2.9813,2.9813,2.9788,2.9803,2.9863,2.9863,2.9838,2.9853,7
2026-03-05 08:15:00,2.9813,2.9818,2.9808,2.9813,2.9863,2.9868,2.9858,2.9863,4
2026-03-05 08:16:00,2.9808,2.9808,2.9768,2.9778,2.9858,2.9858,2.9818,2.9828,15
2026-03-05 08:17:00,2.9783,2.9818,2.9778,2.9808,2.9833,2.9868,2.9828,2.9858,10
2026-03-05 08:18:00,2.9813,2.9823,2.9783,2.9803,2.9863,2.9873,2.9833,2.9853,14
2026-03-05 08:19:00,2.9813,2.9813,2.9798,2.9798,2.9863,2.9863,2.9848,2.9848,4
2026-03-05 08:20:00,2.9803,2.9823,2.9803,2.9818,2.9853,2.9873,2.9853,2.9868,9
2026-03-05 08:21:00,2.9813,2.9813,2.9783,2.9793,2.9863,2.9863,2.9833,2.9843,5
2026-03-05 08:23:00,2.9788,2.9793,2.9763,2.9788,2.9838,2.9843,2.9813,2.9838,11
2026-03-05 08:24:00,2.9768,2.9783,2.9758,2.9758,2.9818,2.9833,2.9808,2.9808,9
2026-03-05 08:25:00,2.9753,2.9763,2.9728,2.9733,2.9803,2.9813,2.9778,2.9783,12
2026-03-05 08:26:00,2.9743,2.9743,2.9733,2.9733,2.9793,2.9793,2.9783,2.9783,5
2026-03-05 08:27:00,2.9728,2.9728,2.9678,2.9713,2.9778,2.9778,2.9728,2.9763,23
2026-03-05 08:28:00,2.9708,2.9793,2.9708,2.9778,2.9758,2.9843,2.9758,2.9828,23
2026-03-05 08:29:00,2.9773,2.9853,2.9773,2.9828,2.9823,2.9903,2.9823,2.9878,29
2026-03-05 08:30:00,2.9823,2.9868,2.9818,2.9838,2.9873,2.9918,2.9868,2.9888,22
2026-03-05 08:31:00,2.9833,2.9838,2.9768,2.9833,2.9883,2.9888,2.9818,2.9883,22
2026-03-05 08:32:00,2.9838,2.9903,2.9838,2.9838,2.9888,2.9953,2.9888,2.9888,26
2026-03-05 08:33:00,2.9848,2.9848,2.9793,2.9798,2.9898,2.9898,2.9843,2.9848,10
2026-03-05 08:34:00,2.9793,2.9793,2.9788,2.9793,2.9843,2.9843,2.9838,2.9843,3
2026-03-05 08:35:00,2.9798,2.9803,2.9798,2.9803,2.9848,2.9853,2.9848,2.9853,2
2026-03-05 08:36:00,2.9808,2.9808,2.9798,2.9798,2.9858,2.9858,2.9848,2.9848,2
2026-03-05 08:37:00,2.9793,2.9798,2.9793,2.9798,2.9843,2.9848,2.9843,2.9848,2
2026-03-05 08:38:00,2.9803,2.9818,2.9788,2.9813,2.9853,2.9868,2.9838,2.9863,9
2026-03-05 08:39:00,2.9823,2.9823,2.9798,2.9808,2.9873,2.9873,2.9848,2.9858,6
2026-03-05 08:40:00,2.9798,2.9823,2.9798,2.9813,2.9848,2.9873,2.9848,2.9863,14
2026-03-05 08:41:00,2.9818,2.9818,2.9778,2.9783,2.9868,2.9868,2.9828,2.9833,7
2026-03-05 08:42:00,2.9793,2.9793,2.9783,2.9788,2.9843,2.9843,2.9833,2.9838,4
2026-03-05 08:43:00,2.9783,2.9813,2.9783,2.9803,2.9833,2.9863,2.9833,2.9853,6
2026-03-05 08:44:00,2.9813,2.9818,2.9813,2.9818,2.9863,2.9868,2.9863,2.9868,6
2026-03-05 08:45:00,2.9823,2.9888,2.9823,2.9878,2.9873,2.9938,2.9873,2.9928,19
2026-03-05 08:46:00,2.9873,2.9888,2.9848,2.9853,2.9923,2.9938,2.9898,2.9903,11
2026-03-05 08:47:00,2.9848,2.9883,2.9848,2.9883,2.9898,2.9933,2.9898,2.9933,9
2026-03-05 08:48:00,2.9888,2.9888,2.9853,2.9853,2.9938,2.9938,2.9903,2.9903,6
2026-03-05 08:49:00,2.9858,2.9873,2.9858,2.9873,2.9908,2.9923,2.9908,2.9923,3
2026-03-05 08:50:00,2.9863,2.9863,2.9838,2.9838,2.9913,2.9913,2.9888,2.9888,6
2026-03-05 08:51:00,2.9833,2.9843,2.9833,2.9843,2.9883,2.9893,2.9883,2.9893,3
2026-03-05 08:52:00,2.9848,2.9848,2.9818,2.9818,2.9898,2.9898,2.9868,2.9868,6
2026-03-05 08:53:00,2.9823,2.9828,2.9823,2.9823,2.9873,2.9878,2.9873,2.9873,3
2026-03-05 08:54:00,2.9828,2.9833,2.9828,2.9833,2.9878,2.9883,2.9878,2.9883,2
2026-03-05 08:55:00,2.9838,2.9858,2.9808,2.9813,2.9888,2.9908,2.9858,2.9863,13
2026-03-05 08:56:00,2.9818,2.9838,2.9818,2.9833,2.9868,2.9888,2.9868,2.9883,6
2026-03-05 08:57:00,2.9848,2.9853,2.9833,2.9848,2.9898,2.9903,2.9883,2.9898,9
2026-03-05 08:58:00,2.9838,2.9858,2.9818,2.9823,2.9888,2.9908,2.9868,2.9873,19
2026-03-05 08:59:00,2.9828,2.9838,2.9828,2.9838,2.9878,2.9888,2.9878,2.9888,3
2026-03-05 09:00:00,2.9843,2.9888,2.9843,2.9878,2.9893,2.9938,2.9893,2.9928,9
2026-03-05 09:01:00,2.9858,2.9868,2.9818,2.9823,2.9908,2.9918,2.9868,2.9873,22
2026-03-05 09:02:00,2.9813,2.9838,2.9813,2.9823,2.9863,2.9888,2.9863,2.9873,10
2026-03-05 09:03:00,2.9813,2.9823,2.9813,2.9823,2.9863,2.9873,2.9863,2.9873,2
2026-03-05 09:04:00,2.9818,2.9853,2.9818,2.9853,2.9868,2.9903,2.9868,2.9903,11
2026-03-05 09:05:00,2.9858,2.9888,2.9858,2.9878,2.9908,2.9938,2.9908,2.9928,11
2026-03-05 09:06:00,2.9888,2.9898,2.9883,2.9893,2.9938,2.9948,2.9933,2.9943,6
2026-03-05 09:07:00,2.9898,2.9928,2.9898,2.9918,2.9948,2.9978,2.9948,2.9968,15
2026-03-05 09:08:00,2.9923,2.9963,2.9923,2.9948,2.9973,3.0013,2.9973,2.9998,21
2026-03-05 09:09:00,2.9953,2.9953,2.9923,2.9943,3.0003,3.0003,2.9973,2.9993,17
2026-03-05 09:10:00,2.9948,2.9978,2.9948,2.9968,2.9998,3.0028,2.9998,3.0018,15
2026-03-05 09:11:00,2.9958,2.9958,2.9908,2.9913,3.0008,3.0008,2.9958,2.9963,20
2026-03-05 09:12:00,2.9908,2.9948,2.9908,2.9928,2.9958,2.9998,2.9958,2.9978,12
2026-03-05 09:13:00,2.9933,2.9933,2.9928,2.9933,2.9983,2.9983,2.9978,2.9983,3
2026-03-05 09:14:00,2.9928,2.9928,2.9908,2.9918,2.9978,2.9978,2.9958,2.9968,14
2026-03-05 09:15:00,2.9923,2.9928,2.9918,2.9918,2.9973,2.9978,2.9968,2.9968,4
2026-03-05 09:16:00,2.9913,2.9923,2.9893,2.9908,2.9963,2.9973,2.9943,2.9958,14
2026-03-05 09:17:00,2.9903,2.9903,2.9898,2.9898,2.9953,2.9953,2.9948,2.9948,4
2026-03-05 09:18:00,2.9903,2.9923,2.9898,2.9923,2.9953,2.9973,2.9948,2.9973,7
2026-03-05 09:20:00,2.9918,2.9918,2.9913,2.9913,2.9968,2.9968,2.9963,2.9963,2
2026-03-05 09:21:00,2.9918,2.9948,2.9913,2.9943,2.9968,2.9998,2.9963,2.9993,10
2026-03-05 09:22:00,2.9953,2.9953,2.9943,2.9943,3.0003,3.0003,2.9993,2.9993,2
2026-03-05 09:23:00,2.9938,2.9948,2.9938,2.9943,2.9988,2.9998,2.9988,2.9993,3
2026-03-05 09:24:00,2.9938,2.9973,2.9923,2.9963,2.9988,3.0023,2.9973,3.0013,19
2026-03-05 09:25:00,2.9968,2.9993,2.9953,2.9953,3.0018,3.0043,3.0003,3.0003,17
2026-03-05 09:26:00,2.9958,2.9963,2.9948,2.9953,3.0008,3.0013,2.9998,3.0003,7
2026-03-05 09:27:00,2.9948,2.9978,2.9948,2.9973,2.9998,3.0028,2.9998,3.0023,9
2026-03-05 09:28:00,2.9978,2.9978,2.9958,2.9963,3.0028,3.0028,3.0008,3.0013,8
2026-03-05 09:29:00,2.9968,2.9978,2.9953,2.9973,3.0018,3.0028,3.0003,3.0023,15
2026-03-05 09:30:00,2.9988,3.0003,2.9933,2.9948,3.0038,3.0053,2.9983,2.9998,31
2026-03-05 09:31:00,2.9943,2.9948,2.9933,2.9933,2.9993,2.9998,2.9983,2.9983,4
2026-03-05 09:32:00,2.9928,2.9928,2.9853,2.9873,2.9978,2.9978,2.9903,2.9923,30
2026-03-05 09:33:00,2.9868,2.9923,2.9863,2.9923,2.9918,2.9973,2.9913,2.9973,17
2026-03-05 09:34:00,2.9928,2.9948,2.9923,2.9933,2.9978,2.9998,2.9973,2.9983,19
2026-03-05 09:35:00,2.9928,2.9933,2.9893,2.9913,2.9978,2.9983,2.9943,2.9963,23
2026-03-05 09:36:00,2.9918,2.9923,2.9878,2.9893,2.9968,2.9973,2.9928,2.9943,14
2026-03-05 09:37:00,2.9888,2.9888,2.9863,2.9868,2.9938,2.9938,2.9913,2.9918,19
2026-03-05 09:38:00,2.9863,2.9863,2.9828,2.9828,2.9913,2.9913,2.9878,2.9878,21
2026-03-05 09:39:00,2.9838,2.9863,2.9828,2.9843,2.9888,2.9913,2.9878,2.9893,17
2026-03-05 09:40:00,2.9848,2.9853,2.9848,2.9848,2.9898,2.9903,2.9898,2.9898,5
2026-03-05 09:41:00,2.9853,2.9883,2.9848,2.9883,2.9903,2.9933,2.9898,2.9933,10
2026-03-05 09:42:00,2.9878,2.9883,2.9878,2.9883,2.9928,2.9933,2.9928,2.9933,2
2026-03-05 09:43:00,2.9868,2.9868,2.9868,2.9868,2.9918,2.9918,2.9918,2.9918,1
2026-03-05 09:44:00,2.9863,2.9868,2.9843,2.9848,2.9913,2.9918,2.9893,2.9898,6
2026-03-05 09:45:00,2.9843,2.9903,2.9843,2.9898,2.9893,2.9953,2.9893,2.9948,17
2026-03-05 09:46:00,2.9903,2.9908,2.9903,2.9908,2.9953,2.9958,2.9953,2.9958,4
2026-03-05 09:47:00,2.9913,2.9913,2.9903,2.9908,2.9963,2.9963,2.9953,2.9958,4
2026-03-05 09:49:00,2.9903,2.9908,2.9898,2.9908,2.9953,2.9958,2.9948,2.9958,6
2026-03-05 09:50:00,2.9903,2.9908,2.9898,2.9908,2.9953,2.9958,2.9948,2.9958,6
2026-03-05 09:51:00,2.9898,2.9923,2.9898,2.9913,2.9948,2.9973,2.9948,2.9963,8
2026-03-05 09:52:00,2.9908,2.9913,2.9888,2.9888,2.9958,2.9963,2.9938,2.9938,8
2026-03-05 09:53:00,2.9883,2.9888,2.9878,2.9888,2.9933,2.9938,2.9928,2.9938,3
2026-03-05 09:54:00,2.9893,2.9893,2.9878,2.9883,2.9943,2.9943,2.9928,2.9933,5
2026-03-05 09:55:00,2.9878,2.9888,2.9868,2.9883,2.9928,2.9938,2.9918,2.9933,8
2026-03-05 09:56:00,2.9888,2.9913,2.9883,2.9908,2.9938,2.9963,2.9933,2.9958,8
2026-03-05 09:57:00,2.9903,2.9903,2.9883,2.9883,2.9953,2.9953,2.9933,2.9933,6
2026-03-05 09:58:00,2.9888,2.9903,2.9828,2.9853,2.9938,2.9953,2.9878,2.9903,26
2026-03-05 09:59:00,2.9848,2.9878,2.9848,2.9873,2.9898,2.9928,2.9898,2.9923,18
2026-03-05 10:00:00,2.9868,2.9868,2.9818,2.9828,2.9918,2.9918,2.9868,2.9878,13
2026-03-05 10:01:00,2.9833,2.9898,2.9828,2.9883,2.9883,2.9948,2.9878,2.9933,15
2026-03-05 10:02:00,2.9878,2.9878,2.9823,2.9823,2.9928,2.9928,2.9873,2.9873,8
2026-03-05 10:03:00,2.9808,2.9818,2.9788,2.9793,2.9858,2.9868,2.9838,2.9843,17
2026-03-05 10:04:00,2.9788,2.9848,2.9758,2.9828,2.9838,2.9898,2.9808,2.9878,34
2026-03-05 10:05:00,2.9823,2.9828,2.9713,2.9713,2.9873,2.9878,2.9763,2.9763,23
2026-03-05 10:06:00,2.9708,2.9718,2.9683,2.9683,2.9758,2.9768,2.9733,2.9733,37
2026-03-05 10:07:00,2.9678,2.9678,2.9638,2.9673,2.9728,2.9728,2.9688,2.9723,30
2026-03-05 10:08:00,2.9668,2.9698,2.9653,2.9678,2.9718,2.9748,2.9703,2.9728,25
2026-03-05 10:09:00,2.9688,2.9743,2.9678,2.9738,2.9738,2.9793,2.9728,2.9788,17
2026-03-05 10:10:00,2.9723,2.9728,2.9658,2.9658,2.9773,2.9778,2.9708,2.9708,37
2026-03-05 10:11:00,2.9663,2.9728,2.9658,2.9713,2.9713,2.9778,2.9708,2.9763,28
2026-03-05 10:12:00,2.9703,2.9718,2.9673,2.9673,2.9753,2.9768,2.9723,2.9723,15
2026-03-05 10:13:00,2.9668,2.9678,2.9653,2.9653,2.9718,2.9728,2.9703,2.9703,16
2026-03-05 10:14:00,2.9663,2.9678,2.9658,2.9658,2.9713,2.9728,2.9708,2.9708,7
2026-03-05 10:15:00,2.9668,2.9718,2.9668,2.9708,2.9718,2.9768,2.9718,2.9758,19
2026-03-05 10:16:00,2.9713,2.9738,2.9708,2.9718,2.9763,2.9788,2.9758,2.9768,17
2026-03-05 10:17:00,2.9713,2.9713,2.9678,2.9683,2.9763,2.9763,2.9728,2.9733,15
2026-03-05 10:18:00,2.9678,2.9718,2.9678,2.9708,2.9728,2.9768,2.9728,2.9758,17
2026-03-05 10:19:00,2.9698,2.9698,2.9598,2.9598,2.9748,2.9748,2.9648,2.9648,45
2026-03-05 10:20:00,2.9608,2.9653,2.9583,2.9588,2.9658,2.9703,2.9633,2.9638,31
2026-03-05 10:21:00,2.9578,2.9578,2.9458,2.9518,2.9628,2.9628,2.9508,2.9568,52
2026-03-05 10:22:00,2.9513,2.9518,2.9423,2.9473,2.9563,2.9568,2.9473,2.9523,42
2026-03-05 10:23:00,2.9478,2.9513,2.9458,2.9473,2.9528,2.9563,2.9508,2.9523,27
2026-03-05 10:24:00,2.9468,2.9473,2.9428,2.9428,2.9518,2.9523,2.9478,2.9478,30
2026-03-05 10:25:00,2.9423,2.9478,2.9418,2.9478,2.9473,2.9528,2.9468,2.9528,28
2026-03-05 10:26:00,2.9468,2.9518,2.9468,2.9468,2.9518,2.9568,2.9518,2.9518,17
2026-03-05 10:27:00,2.9483,2.9503,2.9478,2.9488,2.9533,2.9553,2.9528,2.9538,19
2026-03-05 10:28:00,2.9483,2.9538,2.9483,2.9538,2.9533,2.9588,2.9533,2.9588,24
2026-03-05 10:29:00,2.9533,2.9538,2.9503,2.9503,2.9583,2.9588,2.9553,2.9553,12
2026-03-05 10:30:00,2.9498,2.9538,2.9488,2.9533,2.9548,2.9588,2.9538,2.9583,24
2026-03-05 10:31:00,2.9528,2.9578,2.9523,2.9578,2.9578,2.9628,2.9573,2.9628,18
2026-03-05 10:32:00,2.9573,2.9578,2.9543,2.9553,2.9623,2.9628,2.9593,2.9603,16
2026-03-05 10:33:00,2.9558,2.9558,2.9543,2.9543,2.9608,2.9608,2.9593,2.9593,5
2026-03-05 10:34:00,2.9553,2.9558,2.9543,2.9543,2.9603,2.9608,2.9593,2.9593,6
2026-03-05 10:35:00,2.9553,2.9593,2.9553,2.9593,2.9603,2.9643,2.9603,2.9643,12
2026-03-05 10:36:00,2.9588,2.9608,2.9538,2.9553,2.9638,2.9658,2.9588,2.9603,25
2026-03-05 10:37:00,2.9568,2.9568,2.9533,2.9548,2.9618,2.9618,2.9583,2.9598,11
2026-03-05 10:38:00,2.9543,2.9583,2.9543,2.9578,2.9593,2.9633,2.9593,2.9628,12
2026-03-05 10:39:00,2.9568,2.9628,2.9568,2.9628,2.9618,2.9678,2.9618,2.9678,19
2026-03-05 10:40:00,2.9623,2.9633,2.9513,2.9533,2.9673,2.9683,2.9563,2.9583,28
2026-03-05 10:41:00,2.9528,2.9548,2.9468,2.9548,2.9578,2.9598,2.9518,2.9598,24
2026-03-05 10:42:00,2.9558,2.9578,2.9548,2.9578,2.9608,2.9628,2.9598,2.9628,9
2026-03-05 10:43:00,2.9583,2.9623,2.9583,2.9613,2.9633,2.9673,2.9633,2.9663,19
2026-03-05 10:44:00,2.9623,2.9628,2.9598,2.9598,2.9673,2.9678,2.9648,2.9648,19
2026-03-05 10:45:00,2.9593,2.9658,2.9573,2.9643,2.9643,2.9708,2.9623,2.9693,23
2026-03-05 10:46:00,2.9638,2.9643,2.9608,2.9623,2.9688,2.9693,2.9658,2.9673,8
2026-03-05 10:47:00,2.9618,2.9648,2.9608,2.9628,2.9668,2.9698,2.9658,2.9678,14
2026-03-05 10:48:00,2.9638,2.9658,2.9598,2.9658,2.9688,2.9708,2.9648,2.9708,21
2026-03-05 10:49:00,2.9653,2.9698,2.9653,2.9678,2.9703,2.9748,2.9703,2.9728,21
2026-03-05 10:50:00,2.9673,2.9678,2.9658,2.9678,2.9723,2.9728,2.9708,2.9728,11
2026-03-05 10:51:00,2.9668,2.9678,2.9653,2.9653,2.9718,2.9728,2.9703,2.9703,6
2026-03-05 10:52:00,2.9648,2.9658,2.9613,2.9623,2.9698,2.9708,2.9663,2.9673,18
2026-03-05 10:53:00,2.9628,2.9628,2.9623,2.9628,2.9678,2.9678,2.9673,2.9678,5
2026-03-05 10:54:00,2.9623,2.9678,2.9623,2.9678,2.9673,2.9728,2.9673,2.9728,7
2026-03-05 10:55:00,2.9683,2.9688,2.9643,2.9673,2.9733,2.9738,2.9693,2.9723,16
2026-03-05 10:56:00,2.9678,2.9678,2.9623,2.9648,2.9728,2.9728,2.9673,2.9698,15
2026-03-05 10:57:00,2.9658,2.9663,2.9658,2.9663,2.9708,2.9713,2.9708,2.9713,4
2026-03-05 10:58:00,2.9668,2.9708,2.9668,2.9708,2.9718,2.9758,2.9718,2.9758,12
2026-03-05 10:59:00,2.9698,2.9698,2.9693,2.9698,2.9748,2.9748,2.9743,2.9748,5
2026-03-05 11:00:00,2.9693,2.9708,2.9683,2.9703,2.9743,2.9758,2.9733,2.9753,8
2026-03-05 11:01:00,2.9698,2.9698,2.9668,2.9693,2.9748,2.9748,2.9718,2.9743,12
2026-03-05 11:02:00,2.9703,2.9708,2.9703,2.9703,2.9753,2.9758,2.9753,2.9753,3
2026-03-05 11:03:00,2.9698,2.9718,2.9698,2.9713,2.9748,2.9768,2.9748,2.9763,12
2026-03-05 11:04:00,2.9718,2.9718,2.9693,2.9693,2.9768,2.9768,2.9743,2.9743,9
2026-03-05 11:05:00,2.9698,2.9728,2.9688,2.9723,2.9748,2.9778,2.9738,2.9773,9
2026-03-05 11:06:00,2.9718,2.9728,2.9718,2.9723,2.9768,2.9778,2.9768,2.9773,5
2026-03-05 11:07:00,2.9718,2.9718,2.9703,2.9708,2.9768,2.9768,2.9753,2.9758,6
2026-03-05 11:08:00,2.9718,2.9728,2.9708,2.9718,2.9768,2.9778,2.9758,2.9768,9
2026-03-05 11:09:00,2.9723,2.9748,2.9718,2.9723,2.9773,2.9798,2.9768,2.9773,15
2026-03-05 11:10:00,2.9738,2.9758,2.9718,2.9738,2.9788,2.9808,2.9768,2.9788,10
2026-03-05 11:11:00,2.9748,2.9748,2.9748,2.9748,2.9798,2.9798,2.9798,2.9798,1
2026-03-05 11:12:00,2.9753,2.9768,2.9748,2.9748,2.9803,2.9818,2.9798,2.9798,7
2026-03-05 11:13:00,2.9743,2.9748,2.9743,2.9748,2.9793,2.9798,2.9793,2.9798,6
2026-03-05 11:14:00,2.9758,2.9778,2.9748,2.9763,2.9808,2.9828,2.9798,2.9813,14
2026-03-05 11:15:00,2.9758,2.9758,2.9753,2.9753,2.9808,2.9808,2.9803,2.9803,2
2026-03-05 11:16:00,2.9748,2.9768,2.9738,2.9768,2.9798,2.9818,2.9788,2.9818,6
2026-03-05 11:17:00,2.9778,2.9788,2.9778,2.9783,2.9828,2.9838,2.9828,2.9833,7
2026-03-05 11:18:00,2.9778,2.9808,2.9778,2.9808,2.9828,2.9858,2.9828,2.9858,5
2026-03-05 11:19:00,2.9803,2.9813,2.9798,2.9813,2.9853,2.9863,2.9848,2.9863,6
2026-03-05 11:20:00,2.9818,2.9818,2.9813,2.9813,2.9868,2.9868,2.9863,2.9863,2
2026-03-05 11:21:00,2.9808,2.9808,2.9783,2.9788,2.9858,2.9858,2.9833,2.9838,7
2026-03-05 11:22:00,2.9783,2.9783,2.9758,2.9778,2.9833,2.9833,2.9808,2.9828,11
2026-03-05 11:23:00,2.9783,2.9788,2.9758,2.9763,2.9833,2.9838,2.9808,2.9813,13
2026-03-05 11:24:00,2.9758,2.9768,2.9738,2.9768,2.9808,2.9818,2.9788,2.9818,13
2026-03-05 11:25:00,2.9763,2.9773,2.9748,2.9768,2.9813,2.9823,2.9798,2.9818,8
2026-03-05 11:26:00,2.9778,2.9793,2.9778,2.9793,2.9828,2.9843,2.9828,2.9843,6
2026-03-05 11:27:00,2.9788,2.9788,2.9718,2.9773,2.9838,2.9838,2.9768,2.9823,25
2026-03-05 11:28:00,2.9778,2.9793,2.9768,2.9768,2.9828,2.9843,2.9818,2.9818,9
2026-03-05 11:29:00,2.9773,2.9808,2.9768,2.9803,2.9823,2.9858,2.9818,2.9853,14
2026-03-05 11:30:00,2.9793,2.9798,2.9758,2.9768,2.9843,2.9848,2.9808,2.9818,18
2026-03-05 11:31:00,2.9778,2.9803,2.9768,2.9803,2.9828,2.9853,2.9818,2.9853,9
2026-03-05 11:32:00,2.9808,2.9808,2.9788,2.9793,2.9858,2.9858,2.9838,2.9843,6
2026-03-05 11:33:00,2.9783,2.9813,2.9783,2.9813,2.9833,2.9863,2.9833,2.9863,8
2026-03-05 11:34:00,2.9823,2.9838,2.9798,2.9823,2.9873,2.9888,2.9848,2.9873,17
2026-03-05 11:35:00,2.9808,2.9838,2.9808,2.9828,2.9858,2.9888,2.9858,2.9878,14
2026-03-05 11:36:00,2.9843,2.9858,2.9838,2.9838,2.9893,2.9908,2.9888,2.9888,10
2026-03-05 11:37:00,2.9833,2.9873,2.9828,2.9858,2.9883,2.9923,2.9878,2.9908,11
2026-03-05 11:38:00,2.9843,2.9923,2.9843,2.9918,2.9893,2.9973,2.9893,2.9968,19
2026-03-05 11:39:00,2.9923,2.9953,2.9918,2.9953,2.9973,3.0003,2.9968,3.0003,10
2026-03-05 11:40:00,2.9948,2.9958,2.9928,2.9928,2.9998,3.0008,2.9978,2.9978,20
2026-03-05 11:41:00,2.9933,2.9938,2.9913,2.9928,2.9983,2.9988,2.9963,2.9978,18
2026-03-05 11:42:00,2.9918,2.9938,2.9918,2.9938,2.9968,2.9988,2.9968,2.9988,8
2026-03-05 11:43:00,2.9943,2.9948,2.9913,2.9918,2.9993,2.9998,2.9963,2.9968,13
2026-03-05 11:44:00,2.9928,2.9928,2.9918,2.9918,2.9978,2.9978,2.9968,2.9968,4
2026-03-05 11:45:00,2.9913,2.9923,2.9888,2.9888,2.9963,2.9973,2.9938,2.9938,10
2026-03-05 11:46:00,2.9883,2.9883,2.9848,2.9868,2.9933,2.9933,2.9898,2.9918,14
2026-03-05 11:47:00,2.9873,2.9888,2.9858,2.9858,2.9923,2.9938,2.9908,2.9908,15
2026-03-05 11:48:00,2.9863,2.9868,2.9863,2.9863,2.9913,2.9918,2.9913,2.9913,3
2026-03-05 11:49:00,2.9873,2.9878,2.9858,2.9873,2.9923,2.9928,2.9908,2.9923,6
2026-03-05 11:50:00,2.9878,2.9888,2.9828,2.9873,2.9928,2.9938,2.9878,2.9923,18
2026-03-05 11:51:00,2.9878,2.9998,2.9878,2.9983,2.9928,3.0048,2.9928,3.0033,36
2026-03-05 11:52:00,2.9988,2.9993,2.9958,2.9968,3.0038,3.0043,3.0008,3.0018,17
2026-03-05 11:53:00,2.9963,2.9968,2.9958,2.9968,3.0013,3.0018,3.0008,3.0018,3
2026-03-05 11:54:00,2.9978,2.9988,2.9978,2.9988,3.0028,3.0038,3.0028,3.0038,4
2026-03-05 11:55:00,2.9983,3.0023,2.9978,3.0018,3.0033,3.0073,3.0028,3.0068,18
2026-03-05 11:56:00,3.0023,3.0048,2.9998,3.0003,3.0073,3.0098,3.0048,3.0053,13
2026-03-05 11:57:00,3.0013,3.0018,2.9988,2.9988,3.0063,3.0068,3.0038,3.0038,11
2026-03-05 11:58:00,2.9998,3.0023,2.9993,3.0003,3.0048,3.0073,3.0043,3.0053,11
2026-03-05 11:59:00,2.9998,3.0013,2.9993,2.9998,3.0048,3.0063,3.0043,3.0048,10
2026-03-05 12:00:00,2.9993,3.0013,2.9968,3.0003,3.0043,3.0063,3.0018,3.0053,16
2026-03-05 12:01:00,2.9998,3.0003,2.9973,3.0003,3.0048,3.0053,3.0023,3.0053,10
2026-03-05 12:02:00,3.0008,3.0038,3.0003,3.0023,3.0058,3.0088,3.0053,3.0073,19
2026-03-05 12:03:00,3.0018,3.0023,3.0018,3.0018,3.0068,3.0073,3.0068,3.0068,3
2026-03-05 12:04:00,3.0013,3.0018,2.9998,3.0008,3.0063,3.0068,3.0048,3.0058,6
2026-03-05 12:05:00,2.9998,3.0008,2.9988,2.9998,3.0048,3.0058,3.0038,3.0048,7
2026-03-05 12:06:00,3.0008,3.0028,2.9988,2.9998,3.0058,3.0078,3.0038,3.0048,17
2026-03-05 12:07:00,2.9988,3.0008,2.9988,3.0008,3.0038,3.0058,3.0038,3.0058,4
2026-03-05 12:08:00,3.0003,3.0003,2.9968,2.9968,3.0053,3.0053,3.0018,3.0018,6
2026-03-05 12:09:00,2.9973,2.9973,2.9958,2.9968,3.0023,3.0023,3.0008,3.0018,8
2026-03-05 12:10:00,2.9978,2.9993,2.9968,2.9993,3.0028,3.0043,3.0018,3.0043,10
2026-03-05 12:11:00,2.9988,2.9998,2.9988,2.9998,3.0038,3.0048,3.0038,3.0048,5
2026-03-05 12:12:00,2.9988,3.0003,2.9988,2.9998,3.0038,3.0053,3.0038,3.0048,4
2026-03-05 12:13:00,3.0003,3.0038,2.9998,3.0018,3.0053,3.0088,3.0048,3.0068,24
2026-03-05 12:14:00,3.0013,3.0013,2.9958,2.9968,3.0063,3.0063,3.0008,3.0018,15
2026-03-05 12:15:00,2.9958,2.9968,2.9913,2.9963,3.0008,3.0018,2.9963,3.0013,36
2026-03-05 12:16:00,2.9958,2.9978,2.9958,2.9958,3.0008,3.0028,3.0008,3.0008,10
2026-03-05 12:17:00,2.9963,2.9968,2.9958,2.9968,3.0013,3.0018,3.0008,3.0018,12
2026-03-05 12:18:00,2.9978,2.9978,2.9958,2.9973,3.0028,3.0028,3.0008,3.0023,8
2026-03-05 12:19:00,2.9978,2.9988,2.9978,2.9978,3.0028,3.0038,3.0028,3.0028,4
2026-03-05 12:20:00,2.9968,2.9978,2.9963,2.9978,3.0018,3.0028,3.0013,3.0028,12
2026-03-05 12:21:00,2.9958,2.9968,2.9938,2.9968,3.0008,3.0018,2.9988,3.0018,26
2026-03-05 12:22:00,2.9973,2.9998,2.9973,2.9978,3.0023,3.0048,3.0023,3.0028,6
2026-03-05 12:23:00,2.9973,2.9998,2.9968,2.9978,3.0023,3.0048,3.0018,3.0028,13
2026-03-05 12:24:00,2.9968,2.9978,2.9928,2.9973,3.0018,3.0028,2.9978,3.0023,19
2026-03-05 12:25:00,2.9968,2.9973,2.9948,2.9958,3.0018,3.0023,2.9998,3.0008,10
2026-03-05 12:26:00,2.9963,2.9968,2.9963,2.9963,3.0013,3.0018,3.0013,3.0013,3
2026-03-05 12:27:00,2.9958,2.9963,2.9838,2.9858,3.0008,3.0013,2.9888,2.9908,72
2026-03-05 12:28:00,2.9868,2.9893,2.9858,2.9893,2.9918,2.9943,2.9908,2.9943,10
2026-03-05 12:29:00,2.9903,2.9918,2.9863,2.9893,2.9953,2.9968,2.9913,2.9943,18
2026-03-05 12:30:00,2.9903,2.9903,2.9868,2.9878,2.9953,2.9953,2.9918,2.9928,14
2026-03-05 12:31:00,2.9873,2.9873,2.9838,2.9858,2.9923,2.9923,2.9888,2.9908,14
2026-03-05 12:32:00,2.9868,2.9893,2.9848,2.9868,2.9918,2.9943,2.9898,2.9918,19
2026-03-05 12:33:00,2.9873,2.9898,2.9873,2.9893,2.9923,2.9948,2.9923,2.9943,3
2026-03-05 12:34:00,2.9888,2.9903,2.9878,2.9898,2.9938,2.9953,2.9928,2.9948,7
2026-03-05 12:35:00,2.9893,2.9898,2.9878,2.9898,2.9943,2.9948,2.9928,2.9948,11
2026-03-05 12:36:00,2.9903,2.9948,2.9903,2.9948,2.9953,2.9998,2.9953,2.9998,17
2026-03-05 12:37:00,2.9943,2.9983,2.9933,2.9983,2.9993,3.0033,2.9983,3.0033,15
2026-03-05 12:38:00,2.9973,2.9983,2.9958,2.9983,3.0023,3.0033,3.0008,3.0033,8
2026-03-05 12:39:00,2.9978,2.9978,2.9943,2.9943,3.0028,3.0028,2.9993,2.9993,7
2026-03-05 12:40:00,2.9923,2.9983,2.9908,2.9933,2.9973,3.0033,2.9958,2.9983,26
2026-03-05 12:41:00,2.9928,2.9933,2.9893,2.9903,2.9978,2.9983,2.9943,2.9953,12
2026-03-05 12:42:00,2.9888,2.9908,2.9868,2.9888,2.9938,2.9958,2.9918,2.9938,14
2026-03-05 12:43:00,2.9903,2.9943,2.9903,2.9928,2.9953,2.9993,2.9953,2.9978,11
2026-03-05 12:44:00,2.9918,2.9948,2.9898,2.9898,2.9968,2.9998,2.9948,2.9948,14
2026-03-05 12:45:00,2.9903,2.9938,2.9898,2.9928,2.9953,2.9988,2.9948,2.9978,18
2026-03-05 12:46:00,2.9933,2.9958,2.9928,2.9938,2.9983,3.0008,2.9978,2.9988,22
2026-03-05 12:47:00,2.9933,2.9978,2.9908,2.9978,2.9983,3.0028,2.9958,3.0028,20
2026-03-05 12:48:00,2.9973,3.0018,2.9973,2.9973,3.0023,3.0068,3.0023,3.0023,17
2026-03-05 12:49:00,2.9968,2.9983,2.9958,2.9968,3.0018,3.0033,3.0008,3.0018,11
2026-03-05 12:50:00,2.9963,2.9968,2.9938,2.9938,3.0013,3.0018,2.9988,2.9988,14
2026-03-05 12:51:00,2.9933,2.9938,2.9928,2.9933,2.9983,2.9988,2.9978,2.9983,13
2026-03-05 12:52:00,2.9938,2.9938,2.9888,2.9898,2.9988,2.9988,2.9938,2.9948,16
2026-03-05 12:53:00,2.9903,2.9903,2.9873,2.9893,2.9953,2.9953,2.9923,2.9943,8
2026-03-05 12:54:00,2.9878,2.9888,2.9843,2.9878,2.9928,2.9938,2.9893,2.9928,26
2026-03-05 12:55:00,2.9883,2.9888,2.9868,2.9868,2.9933,2.9938,2.9918,2.9918,18
2026-03-05 12:56:00,2.9873,2.9873,2.9833,2.9853,2.9923,2.9923,2.9883,2.9903,5
2026-03-05 12:57:00,2.9858,2.9878,2.9843,2.9873,2.9908,2.9928,2.9893,2.9923,19
2026-03-05 12:58:00,2.9878,2.9888,2.9863,2.9878,2.9928,2.9938,2.9913,2.9928,8
2026-03-05 12:59:00,2.9873,2.9943,2.9843,2.9933,2.9923,2.9993,2.9893,2.9983,19
2026-03-05 13:00:00,2.9938,2.9938,2.9843,2.9858,2.9988,2.9988,2.9893,2.9908,52
2026-03-05 13:01:00,2.9863,2.9868,2.9828,2.9868,2.9913,2.9918,2.9878,2.9918,28
2026-03-05 13:02:00,2.9863,2.9873,2.9798,2.9808,2.9913,2.9923,2.9848,2.9858,21
2026-03-05 13:03:00,2.9818,2.9833,2.9788,2.9833,2.9868,2.9883,2.9838,2.9883,34
2026-03-05 13:04:00,2.9838,2.9868,2.9838,2.9858,2.9888,2.9918,2.9888,2.9908,23
2026-03-05 13:05:00,2.9863,2.9863,2.9838,2.9838,2.9913,2.9913,2.9888,2.9888,9
2026-03-05 13:06:00,2.9843,2.9843,2.9758,2.9768,2.9893,2.9893,2.9808,2.9818,20
2026-03-05 13:07:00,2.9773,2.9808,2.9768,2.9808,2.9823,2.9858,2.9818,2.9858,15
2026-03-05 13:08:00,2.9813,2.9818,2.9798,2.9798,2.9863,2.9868,2.9848,2.9848,9
2026-03-05 13:09:00,2.9808,2.9833,2.9798,2.9833,2.9858,2.9883,2.9848,2.9883,12
2026-03-05 13:10:00,2.9838,2.9838,2.9718,2.9718,2.9888,2.9888,2.9768,2.9768,30
2026-03-05 13:11:00,2.9723,2.9743,2.9698,2.9723,2.9773,2.9793,2.9748,2.9773,18
2026-03-05 13:12:00,2.9733,2.9758,2.9733,2.9758,2.9783,2.9808,2.9783,2.9808,12
2026-03-05 13:13:00,2.9753,2.9758,2.9738,2.9743,2.9803,2.9808,2.9788,2.9793,11
2026-03-05 13:14:00,2.9728,2.9758,2.9713,2.9753,2.9778,2.9808,2.9763,2.9803,25
2026-03-05 13:15:00,2.9748,2.9748,2.9718,2.9738,2.9798,2.9798,2.9768,2.9788,6
2026-03-05 13:16:00,2.9743,2.9798,2.9743,2.9793,2.9793,2.9848,2.9793,2.9843,20
2026-03-05 13:17:00,2.9783,2.9788,2.9768,2.9788,2.9833,2.9838,2.9818,2.9838,14
2026-03-05 13:18:00,2.9798,2.9823,2.9763,2.9783,2.9848,2.9873,2.9813,2.9833,17
2026-03-05 13:19:00,2.9788,2.9818,2.9778,2.9813,2.9838,2.9868,2.9828,2.9863,14
2026-03-05 13:20:00,2.9818,2.9818,2.9768,2.9783,2.9868,2.9868,2.9818,2.9833,25
2026-03-05 13:21:00,2.9778,2.9788,2.9728,2.9753,2.9828,2.9838,2.9778,2.9803,25
2026-03-05 13:22:00,2.9738,2.9788,2.9728,2.9778,2.9788,2.9838,2.9778,2.9828,21
2026-03-05 13:23:00,2.9783,2.9793,2.9783,2.9783,2.9833,2.9843,2.9833,2.9833,8
2026-03-05 13:24:00,2.9778,2.9828,2.9778,2.9828,2.9828,2.9878,2.9828,2.9878,13
2026-03-05 13:25:00,2.9818,2.9848,2.9818,2.9838,2.9868,2.9898,2.9868,2.9888,12
2026-03-05 13:26:00,2.9843,2.9878,2.9843,2.9858,2.9893,2.9928,2.9893,2.9908,13
2026-03-05 13:27:00,2.9853,2.9863,2.9813,2.9818,2.9903,2.9913,2.9863,2.9868,11
2026-03-05 13:28:00,2.9808,2.9808,2.9758,2.9763,2.9858,2.9858,2.9808,2.9813,19
2026-03-05 13:29:00,2.9758,2.9773,2.9758,2.9768,2.9808,2.9823,2.9808,2.9818,9
2026-03-05 13:30:00,2.9773,2.9778,2.9748,2.9758,2.9823,2.9828,2.9798,2.9808,16
2026-03-05 13:31:00,2.9763,2.9778,2.9708,2.9728,2.9813,2.9828,2.9758,2.9778,29
2026-03-05 13:32:00,2.9733,2.9738,2.9713,2.9718,2.9783,2.9788,2.9763,2.9768,27
2026-03-05 13:33:00,2.9723,2.9723,2.9628,2.9658,2.9773,2.9773,2.9678,2.9708,28
2026-03-05 13:34:00,2.9663,2.9673,2.9623,2.9638,2.9713,2.9723,2.9673,2.9688,21
2026-03-05 13:35:00,2.9633,2.9633,2.9538,2.9548,2.9683,2.9683,2.9588,2.9598,44
2026-03-05 13:36:00,2.9558,2.9598,2.9528,2.9583,2.9608,2.9648,2.9578,2.9633,36
2026-03-05 13:37:00,2.9578,2.9608,2.9568,2.9578,2.9628,2.9658,2.9618,2.9628,16
2026-03-05 13:38:00,2.9568,2.9578,2.9538,2.9558,2.9618,2.9628,2.9588,2.9608,23
2026-03-05 13:39:00,2.9563,2.9618,2.9563,2.9608,2.9613,2.9668,2.9613,2.9658,18
2026-03-05 13:40:00,2.9603,2.9633,2.9578,2.9598,2.9653,2.9683,2.9628,2.9648,30
2026-03-05 13:41:00,2.9608,2.9628,2.9578,2.9618,2.9658,2.9678,2.9628,2.9668,19
2026-03-05 13:42:00,2.9613,2.9618,2.9543,2.9563,2.9663,2.9668,2.9593,2.9613,22
2026-03-05 13:43:00,2.9568,2.9573,2.9563,2.9573,2.9618,2.9623,2.9613,2.9623,8
2026-03-05 13:44:00,2.9583,2.9628,2.9583,2.9623,2.9633,2.9678,2.9633,2.9673,15
2026-03-05 13:45:00,2.9628,2.9633,2.9568,2.9578,2.9678,2.9683,2.9618,2.9628,27
2026-03-05 13:46:00,2.9583,2.9628,2.9583,2.9623,2.9633,2.9678,2.9633,2.9673,12
2026-03-05 13:47:00,2.9638,2.9638,2.9608,2.9618,2.9688,2.9688,2.9658,2.9668,7
2026-03-05 13:48:00,2.9628,2.9638,2.9628,2.9628,2.9678,2.9688,2.9678,2.9678,7
2026-03-05 13:49:00,2.9633,2.9678,2.9633,2.9668,2.9683,2.9728,2.9683,2.9718,30
2026-03-05 13:50:00,2.9673,2.9748,2.9668,2.9743,2.9723,2.9798,2.9718,2.9793,26
2026-03-05 13:51:00,2.9758,2.9798,2.9738,2.9768,2.9808,2.9848,2.9788,2.9818,35
2026-03-05 13:52:00,2.9763,2.9798,2.9763,2.9798,2.9813,2.9848,2.9813,2.9848,10
2026-03-05 13:53:00,2.9788,2.9788,2.9723,2.9728,2.9838,2.9838,2.9773,2.9778,19
2026-03-05 13:54:00,2.9723,2.9798,2.9723,2.9758,2.9773,2.9848,2.9773,2.9808,29
2026-03-05 13:55:00,2.9763,2.9808,2.9733,2.9778,2.9813,2.9858,2.9783,2.9828,27
2026-03-05 13:56:00,2.9783,2.9798,2.9733,2.9733,2.9833,2.9848,2.9783,2.9783,19
2026-03-05 13:57:00,2.9728,2.9728,2.9683,2.9713,2.9778,2.9778,2.9733,2.9763,16
2026-03-05 13:58:00,2.9708,2.9733,2.9708,2.9733,2.9758,2.9783,2.9758,2.9783,8
2026-03-05 13:59:00,2.9738,2.9738,2.9668,2.9688,2.9788,2.9788,2.9718,2.9738,28
2026-03-05 14:00:00,2.9698,2.9763,2.9673,2.9763,2.9748,2.9813,2.9723,2.9813,29
2026-03-05 14:01:00,2.9768,2.9768,2.9698,2.9753,2.9818,2.9818,2.9748,2.9803,21
2026-03-05 14:02:00,2.9758,2.9803,2.9738,2.9743,2.9808,2.9853,2.9788,2.9793,38
2026-03-05 14:03:00,2.9738,2.9743,2.9668,2.9683,2.9788,2.9793,2.9718,2.9733,32
2026-03-05 14:04:00,2.9688,2.9718,2.9638,2.9658,2.9738,2.9768,2.9688,2.9708,33
2026-03-05 14:05:00,2.9653,2.9698,2.9648,2.9698,2.9703,2.9748,2.9698,2.9748,41
2026-03-05 14:06:00,2.9693,2.9698,2.9608,2.9633,2.9743,2.9748,2.9658,2.9683,37
2026-03-05 14:07:00,2.9628,2.9648,2.9603,2.9608,2.9678,2.9698,2.9653,2.9658,25
2026-03-05 14:08:00,2.9603,2.9653,2.9548,2.9568,2.9653,2.9703,2.9598,2.9618,39
2026-03-05 14:09:00,2.9558,2.9588,2.9538,2.9558,2.9608,2.9638,2.9588,2.9608,25
2026-03-05 14:10:00,2.9553,2.9553,2.9513,2.9543,2.9603,2.9603,2.9563,2.9593,30
2026-03-05 14:11:00,2.9538,2.9558,2.9528,2.9558,2.9588,2.9608,2.9578,2.9608,20
2026-03-05 14:12:00,2.9548,2.9578,2.9538,2.9578,2.9598,2.9628,2.9588,2.9628,29
2026-03-05 14:13:00,2.9573,2.9668,2.9558,2.9668,2.9623,2.9718,2.9608,2.9718,60
2026-03-05 14:14:00,2.9663,2.9663,2.9618,2.9618,2.9713,2.9713,2.9668,2.9668,24
2026-03-05 14:15:00,2.9613,2.9618,2.9588,2.9598,2.9663,2.9668,2.9638,2.9648,21
2026-03-05 14:16:00,2.9608,2.9668,2.9608,2.9663,2.9658,2.9718,2.9658,2.9713,18
2026-03-05 14:17:00,2.9668,2.9688,2.9618,2.9628,2.9718,2.9738,2.9668,2.9678,39
2026-03-05 14:18:00,2.9633,2.9658,2.9628,2.9658,2.9683,2.9708,2.9678,2.9708,15
2026-03-05 14:19:00,2.9648,2.9668,2.9598,2.9598,2.9698,2.9718,2.9648,2.9648,20
2026-03-05 14:20:00,2.9588,2.9618,2.9588,2.9588,2.9638,2.9668,2.9638,2.9638,18
2026-03-05 14:21:00,2.9598,2.9598,2.9573,2.9588,2.9648,2.9648,2.9623,2.9638,14
2026-03-05 14:22:00,2.9578,2.9598,2.9528,2.9553,2.9628,2.9648,2.9578,2.9603,45
2026-03-05 14:23:00,2.9558,2.9603,2.9558,2.9603,2.9608,2.9653,2.9608,2.9653,16
2026-03-05 14:24:00,2.9593,2.9618,2.9588,2.9618,2.9643,2.9668,2.9638,2.9668,15
2026-03-05 14:25:00,2.9623,2.9668,2.9608,2.9668,2.9673,2.9718,2.9658,2.9718,44
2026-03-05 14:26:00,2.9663,2.9708,2.9648,2.9708,2.9713,2.9758,2.9698,2.9758,28
2026-03-05 14:27:00,2.9718,2.9768,2.9668,2.9768,2.9768,2.9818,2.9718,2.9818,38
2026-03-05 14:28:00,2.9773,2.9778,2.9698,2.9708,2.9823,2.9828,2.9748,2.9758,25
2026-03-05 14:29:00,2.9713,2.9758,2.9713,2.9738,2.9763,2.9808,2.9763,2.9788,24
2026-03-05 14:30:00,2.9748,2.9798,2.9748,2.9778,2.9798,2.9848,2.9798,2.9828,22
2026-03-05 14:31:00,2.9773,2.9788,2.9708,2.9708,2.9823,2.9838,2.9758,2.9758,35
2026-03-05 14:32:00,2.9703,2.9718,2.9698,2.9703,2.9753,2.9768,2.9748,2.9753,15
2026-03-05 14:33:00,2.9698,2.9778,2.9688,2.9778,2.9748,2.9828,2.9738,2.9828,36
2026-03-05 14:34:00,2.9783,2.9783,2.9758,2.9778,2.9833,2.9833,2.9808,2.9828,21
2026-03-05 14:35:00,2.9783,2.9808,2.9708,2.9718,2.9833,2.9858,2.9758,2.9768,27
2026-03-05 14:36:00,2.9713,2.9733,2.9658,2.9668,2.9763,2.9783,2.9708,2.9718,47
2026-03-05 14:37:00,2.9673,2.9718,2.9668,2.9718,2.9723,2.9768,2.9718,2.9768,8
2026-03-05 14:38:00,2.9723,2.9738,2.9708,2.9708,2.9773,2.9788,2.9758,2.9758,11
2026-03-05 14:39:00,2.9698,2.9718,2.9688,2.9688,2.9748,2.9768,2.9738,2.9738,16
2026-03-05 14:40:00,2.9673,2.9678,2.9598,2.9668,2.9723,2.9728,2.9648,2.9718,37
2026-03-05 14:41:00,2.9658,2.9688,2.9658,2.9688,2.9708,2.9738,2.9708,2.9738,16
2026-03-05 14:42:00,2.9693,2.9743,2.9678,2.9738,2.9743,2.9793,2.9728,2.9788,34
2026-03-05 14:43:00,2.9733,2.9748,2.9713,2.9713,2.9783,2.9798,2.9763,2.9763,29
2026-03-05 14:44:00,2.9703,2.9758,2.9698,2.9703,2.9753,2.9808,2.9748,2.9753,27
2026-03-05 14:45:00,2.9698,2.9698,2.9638,2.9658,2.9748,2.9748,2.9688,2.9708,32
2026-03-05 14:46:00,2.9663,2.9733,2.9658,2.9708,2.9713,2.9783,2.9708,2.9758,22
2026-03-05 14:47:00,2.9713,2.9713,2.9673,2.9678,2.9763,2.9763,2.9723,2.9728,15
2026-03-05 14:48:00,2.9688,2.9708,2.9678,2.9683,2.9738,2.9758,2.9728,2.9733,18
2026-03-05 14:49:00,2.9688,2.9718,2.9668,2.9678,2.9738,2.9768,2.9718,2.9728,23
2026-03-05 14:50:00,2.9683,2.9703,2.9618,2.9638,2.9733,2.9753,2.9668,2.9688,42
2026-03-05 14:51:00,2.9628,2.9638,2.9543,2.9568,2.9678,2.9688,2.9593,2.9618,28
2026-03-05 14:52:00,2.9563,2.9628,2.9563,2.9583,2.9613,2.9678,2.9613,2.9633,24
2026-03-05 14:53:00,2.9578,2.9593,2.9508,2.9568,2.9628,2.9643,2.9558,2.9618,58
2026-03-05 14:54:00,2.9573,2.9653,2.9568,2.9623,2.9623,2.9703,2.9618,2.9673,44
2026-03-05 14:55:00,2.9608,2.9638,2.9608,2.9628,2.9658,2.9688,2.9658,2.9678,15
2026-03-05 14:56:00,2.9623,2.9658,2.9618,2.9623,2.9673,2.9708,2.9668,2.9673,29
2026-03-05 14:57:00,2.9618,2.9678,2.9618,2.9628,2.9668,2.9728,2.9668,2.9678,40
2026-03-05 14:58:00,2.9623,2.9628,2.9588,2.9628,2.9673,2.9678,2.9638,2.9678,19
2026-03-05 14:59:00,2.9623,2.9638,2.9578,2.9598,2.9673,2.9688,2.9628,2.9648,33
2026-03-05 15:00:00,2.9588,2.9673,2.9548,2.9668,2.9638,2.9723,2.9598,2.9718,95
2026-03-05 15:01:00,2.9673,2.9728,2.9673,2.9708,2.9723,2.9778,2.9723,2.9758,83
2026-03-05 15:02:00,2.9698,2.9768,2.9698,2.9763,2.9748,2.9818,2.9748,2.9813,56
2026-03-05 15:03:00,2.9753,2.9778,2.9708,2.9748,2.9803,2.9828,2.9758,2.9798,55
2026-03-05 15:04:00,2.9743,2.9808,2.9743,2.9768,2.9793,2.9858,2.9793,2.9818,37
2026-03-05 15:05:00,2.9778,2.9848,2.9778,2.9838,2.9828,2.9898,2.9828,2.9888,37
2026-03-05 15:06:00,2.9828,2.9833,2.9778,2.9783,2.9878,2.9883,2.9828,2.9833,41
2026-03-05 15:07:00,2.9778,2.9793,2.9698,2.9718,2.9828,2.9843,2.9748,2.9768,43
2026-03-05 15:08:00,2.9728,2.9808,2.9708,2.9783,2.9778,2.9858,2.9758,2.9833,55
2026-03-05 15:09:00,2.9778,2.9818,2.9758,2.9768,2.9828,2.9868,2.9808,2.9818,37
2026-03-05 15:10:00,2.9773,2.9793,2.9708,2.9728,2.9823,2.9843,2.9758,2.9778,49
2026-03-05 15:11:00,2.9738,2.9828,2.9733,2.9808,2.9788,2.9878,2.9783,2.9858,35
2026-03-05 15:12:00,2.9798,2.9848,2.9788,2.9808,2.9848,2.9898,2.9838,2.9858,47
2026-03-05 15:13:00,2.9813,2.9923,2.9813,2.9893,2.9863,2.9973,2.9863,2.9943,46
2026-03-05 15:14:00,2.9883,2.9903,2.9868,2.9873,2.9933,2.9953,2.9918,2.9923,30
2026-03-05 15:15:00,2.9863,2.9888,2.9848,2.9863,2.9913,2.9938,2.9898,2.9913,32
2026-03-05 15:16:00,2.9868,2.9868,2.9803,2.9808,2.9918,2.9918,2.9853,2.9858,45
2026-03-05 15:17:00,2.9803,2.9848,2.9788,2.9843,2.9853,2.9898,2.9838,2.9893,40
2026-03-05 15:18:00,2.9848,2.9848,2.9813,2.9833,2.9898,2.9898,2.9863,2.9883,19
2026-03-05 15:19:00,2.9838,2.9843,2.9813,2.9843,2.9888,2.9893,2.9863,2.9893,23
2026-03-05 15:20:00,2.9848,2.9878,2.9838,2.9858,2.9898,2.9928,2.9888,2.9908,25
2026-03-05 15:21:00,2.9868,2.9903,2.9868,2.9873,2.9918,2.9953,2.9918,2.9923,30
2026-03-05 15:22:00,2.9868,2.9878,2.9818,2.9828,2.9918,2.9928,2.9868,2.9878,29
2026-03-05 15:23:00,2.9833,2.9843,2.9778,2.9778,2.9883,2.9893,2.9828,2.9828,18
2026-03-05 15:24:00,2.9768,2.9778,2.9748,2.9778,2.9818,2.9828,2.9798,2.9828,21
2026-03-05 15:25:00,2.9783,2.9788,2.9668,2.9678,2.9833,2.9838,2.9718,2.9728,64
2026-03-05 15:26:00,2.9673,2.9678,2.9598,2.9633,2.9723,2.9728,2.9648,2.9683,77
2026-03-05 15:27:00,2.9628,2.9658,2.9598,2.9658,2.9678,2.9708,2.9648,2.9708,45
2026-03-05 15:28:00,2.9663,2.9668,2.9618,2.9623,2.9713,2.9718,2.9668,2.9673,45
2026-03-05 15:29:00,2.9618,2.9628,2.9588,2.9618,2.9668,2.9678,2.9638,2.9668,41
2026-03-05 15:30:00,2.9613,2.9633,2.9578,2.9633,2.9663,2.9683,2.9628,2.9683,62
2026-03-05 15:31:00,2.9638,2.9678,2.9638,2.9658,2.9688,2.9728,2.9688,2.9708,30
2026-03-05 15:32:00,2.9668,2.9668,2.9628,2.9638,2.9718,2.9718,2.9678,2.9688,37
2026-03-05 15:33:00,2.9633,2.9658,2.9588,2.9608,2.9683,2.9708,2.9638,2.9658,40
2026-03-05 15:34:00,2.9603,2.9628,2.9588,2.9608,2.9653,2.9678,2.9638,2.9658,40
2026-03-05 15:35:00,2.9613,2.9618,2.9548,2.9553,2.9663,2.9668,2.9598,2.9603,39
2026-03-05 15:36:00,2.9558,2.9588,2.9478,2.9513,2.9608,2.9638,2.9528,2.9563,59
2026-03-05 15:37:00,2.9518,2.9523,2.9478,2.9523,2.9568,2.9573,2.9528,2.9573,35
2026-03-05 15:38:00,2.9518,2.9538,2.9468,2.9528,2.9568,2.9588,2.9518,2.9578,35
2026-03-05 15:39:00,2.9523,2.9548,2.9508,2.9518,2.9573,2.9598,2.9558,2.9568,34
2026-03-05 15:40:00,2.9523,2.9533,2.9493,2.9528,2.9573,2.9583,2.9543,2.9578,38
2026-03-05 15:41:00,2.9533,2.9583,2.9533,2.9548,2.9583,2.9633,2.9583,2.9598,18
2026-03-05 15:42:00,2.9553,2.9588,2.9538,2.9558,2.9603,2.9638,2.9588,2.9608,42
2026-03-05 15:43:00,2.9553,2.9553,2.9538,2.9538,2.9603,2.9603,2.9588,2.9588,19
2026-03-05 15:44:00,2.9528,2.9538,2.9498,2.9508,2.9578,2.9588,2.9548,2.9558,47
2026-03-05 15:45:00,2.9503,2.9513,2.9473,2.9488,2.9553,2.9563,2.9523,2.9538,48
2026-03-05 15:46:00,2.9498,2.9528,2.9488,2.9498,2.9548,2.9578,2.9538,2.9548,22
2026-03-05 15:47:00,2.9503,2.9538,2.9503,2.9528,2.9553,2.9588,2.9553,2.9578,22
2026-03-05 15:48:00,2.9523,2.9558,2.9523,2.9543,2.9573,2.9608,2.9573,2.9593,35
2026-03-05 15:49:00,2.9538,2.9543,2.9488,2.9523,2.9588,2.9593,2.9538,2.9573,48
2026-03-05 15:50:00,2.9518,2.9538,2.9498,2.9508,2.9568,2.9588,2.9548,2.9558,42
2026-03-05 15:51:00,2.9503,2.9538,2.9498,2.9523,2.9553,2.9588,2.9548,2.9573,33
2026-03-05 15:52:00,2.9533,2.9543,2.9528,2.9538,2.9583,2.9593,2.9578,2.9588,10
2026-03-05 15:53:00,2.9533,2.9568,2.9518,2.9538,2.9583,2.9618,2.9568,2.9588,39
2026-03-05 15:54:00,2.9543,2.9548,2.9518,2.9528,2.9593,2.9598,2.9568,2.9578,24
2026-03-05 15:55:00,2.9533,2.9578,2.9528,2.9573,2.9583,2.9628,2.9578,2.9623,33
2026-03-05 15:56:00,2.9568,2.9588,2.9538,2.9558,2.9618,2.9638,2.9588,2.9608,33
2026-03-05 15:57:00,2.9548,2.9588,2.9548,2.9578,2.9598,2.9638,2.9598,2.9628,18
2026-03-05 15:58:00,2.9568,2.9588,2.9558,2.9578,2.9618,2.9638,2.9608,2.9628,20
2026-03-05 15:59:00,2.9588,2.9618,2.9568,2.9608,2.9638,2.9668,2.9618,2.9658,36
2026-03-05 16:00:00,2.9613,2.9613,2.9528,2.9578,2.9663,2.9663,2.9578,2.9628,37
2026-03-05 16:01:00,2.9583,2.9583,2.9508,2.9518,2.9633,2.9633,2.9558,2.9568,26
2026-03-05 16:02:00,2.9508,2.9508,2.9398,2.9408,2.9558,2.9558,2.9448,2.9458,56
2026-03-05 16:03:00,2.9403,2.9458,2.9403,2.9458,2.9453,2.9508,2.9453,2.9508,28
2026-03-05 16:04:00,2.9463,2.9478,2.9448,2.9448,2.9513,2.9528,2.9498,2.9498,19
2026-03-05 16:05:00,2.9458,2.9468,2.9428,2.9448,2.9508,2.9518,2.9478,2.9498,25
2026-03-05 16:06:00,2.9453,2.9463,2.9428,2.9438,2.9503,2.9513,2.9478,2.9488,24
2026-03-05 16:07:00,2.9433,2.9468,2.9428,2.9438,2.9483,2.9518,2.9478,2.9488,24
2026-03-05 16:08:00,2.9433,2.9468,2.9428,2.9448,2.9483,2.9518,2.9478,2.9498,23
2026-03-05 16:09:00,2.9443,2.9448,2.9428,2.9433,2.9493,2.9498,2.9478,2.9483,26
2026-03-05 16:10:00,2.9428,2.9438,2.9408,2.9423,2.9478,2.9488,2.9458,2.9473,23
2026-03-05 16:11:00,2.9418,2.9428,2.9343,2.9343,2.9468,2.9478,2.9393,2.9393,31
2026-03-05 16:12:00,2.9333,2.9343,2.9308,2.9308,2.9383,2.9393,2.9358,2.9358,39
2026-03-05 16:13:00,2.9298,2.9368,2.9298,2.9358,2.9348,2.9418,2.9348,2.9408,38
2026-03-05 16:14:00,2.9363,2.9388,2.9348,2.9368,2.9413,2.9438,2.9398,2.9418,28
2026-03-05 16:15:00,2.9358,2.9373,2.9313,2.9333,2.9408,2.9423,2.9363,2.9383,22
2026-03-05 16:16:00,2.9328,2.9368,2.9323,2.9368,2.9378,2.9418,2.9373,2.9418,17
2026-03-05 16:17:00,2.9373,2.9418,2.9368,2.9413,2.9423,2.9468,2.9418,2.9463,36
2026-03-05 16:18:00,2.9408,2.9468,2.9398,2.9438,2.9458,2.9518,2.9448,2.9488,26
2026-03-05 16:19:00,2.9433,2.9433,2.9388,2.9398,2.9483,2.9483,2.9438,2.9448,31
2026-03-05 16:20:00,2.9388,2.9418,2.9368,2.9398,2.9438,2.9468,2.9418,2.9448,37
2026-03-05 16:21:00,2.9393,2.9448,2.9393,2.9448,2.9443,2.9498,2.9443,2.9498,20
2026-03-05 16:22:00,2.9453,2.9458,2.9443,2.9448,2.9503,2.9508,2.9493,2.9498,10
2026-03-05 16:23:00,2.9438,2.9478,2.9413,2.9458,2.9488,2.9528,2.9463,2.9508,24
2026-03-05 16:24:00,2.9463,2.9523,2.9458,2.9518,2.9513,2.9573,2.9508,2.9568,25
2026-03-05 16:25:00,2.9508,2.9548,2.9463,2.9463,2.9558,2.9598,2.9513,2.9513,38
2026-03-05 16:26:00,2.9468,2.9508,2.9458,2.9508,2.9518,2.9558,2.9508,2.9558,32
2026-03-05 16:27:00,2.9503,2.9503,2.9413,2.9458,2.9553,2.9553,2.9463,2.9508,53
2026-03-05 16:28:00,2.9463,2.9493,2.9448,2.9458,2.9513,2.9543,2.9498,2.9508,40
2026-03-05 16:29:00,2.9453,2.9473,2.9428,2.9463,2.9503,2.9523,2.9478,2.9513,75
2026-03-05 16:30:00,2.9568,2.9718,2.9528,2.9608,2.9618,2.9768,2.9578,2.9658,233
2026-03-05 16:31:00,2.9598,2.9613,2.9408,2.9453,2.9648,2.9663,2.9458,2.9503,156
2026-03-05 16:32:00,2.9458,2.9458,2.9353,2.9428,2.9508,2.9508,2.9403,2.9478,116
2026-03-05 16:33:00,2.9433,2.9638,2.9408,2.9618,2.9483,2.9688,2.9458,2.9668,118
2026-03-05 16:34:00,2.9608,2.9638,2.9498,2.9503,2.9658,2.9688,2.9548,2.9553,75
2026-03-05 16:35:00,2.9498,2.9528,2.9463,2.9478,2.9548,2.9578,2.9513,2.9528,69
2026-03-05 16:36:00,2.9483,2.9558,2.9483,2.9518,2.9533,2.9608,2.9533,2.9568,59
2026-03-05 16:37:00,2.9513,2.9513,2.9438,2.9443,2.9563,2.9563,2.9488,2.9493,62
2026-03-05 16:38:00,2.9438,2.9518,2.9408,2.9518,2.9488,2.9568,2.9458,2.9568,56
2026-03-05 16:39:00,2.9528,2.9563,2.9513,2.9523,2.9578,2.9613,2.9563,2.9573,57
2026-03-05 16:40:00,2.9518,2.9543,2.9468,2.9543,2.9568,2.9593,2.9518,2.9593,41
2026-03-05 16:41:00,2.9538,2.9568,2.9518,2.9543,2.9588,2.9618,2.9568,2.9593,50
2026-03-05 16:42:00,2.9538,2.9548,2.9488,2.9508,2.9588,2.9598,2.9538,2.9558,49
2026-03-05 16:43:00,2.9503,2.9568,2.9493,2.9548,2.9553,2.9618,2.9543,2.9598,35
2026-03-05 16:44:00,2.9543,2.9618,2.9508,2.9608,2.9593,2.9668,2.9558,2.9658,66
2026-03-05 16:45:00,2.9603,2.9603,2.9538,2.9568,2.9653,2.9653,2.9588,2.9618,59
2026-03-05 16:46:00,2.9563,2.9598,2.9548,2.9598,2.9613,2.9648,2.9598,2.9648,42
2026-03-05 16:47:00,2.9593,2.9678,2.9573,2.9638,2.9643,2.9728,2.9623,2.9688,53
2026-03-05 16:48:00,2.9633,2.9693,2.9633,2.9663,2.9683,2.9743,2.9683,2.9713,38
2026-03-05 16:49:00,2.9658,2.9688,2.9618,2.9678,2.9708,2.9738,2.9668,2.9728,48
2026-03-05 16:50:00,2.9673,2.9718,2.9658,2.9708,2.9723,2.9768,2.9708,2.9758,30
2026-03-05 16:51:00,2.9703,2.9763,2.9698,2.9708,2.9753,2.9813,2.9748,2.9758,59
2026-03-05 16:52:00,2.9698,2.9718,2.9648,2.9678,2.9748,2.9768,2.9698,2.9728,51
2026-03-05 16:53:00,2.9683,2.9698,2.9648,2.9668,2.9733,2.9748,2.9698,2.9718,32
2026-03-05 16:54:00,2.9663,2.9698,2.9628,2.9638,2.9713,2.9748,2.9678,2.9688,37
2026-03-05 16:55:00,2.9633,2.9638,2.9588,2.9588,2.9683,2.9688,2.9638,2.9638,45
2026-03-05 16:56:00,2.9593,2.9618,2.9578,2.9618,2.9643,2.9668,2.9628,2.9668,36
2026-03-05 16:57:00,2.9628,2.9628,2.9508,2.9513,2.9678,2.9678,2.9558,2.9563,76
2026-03-05 16:58:00,2.9508,2.9518,2.9418,2.9428,2.9558,2.9568,2.9468,2.9478,72
2026-03-05 16:59:00,2.9433,2.9488,2.9418,2.9468,2.9483,2.9538,2.9468,2.9518,43
2026-03-05 17:00:00,2.9463,2.9498,2.9458,2.9473,2.9513,2.9548,2.9508,2.9523,34
2026-03-05 17:01:00,2.9468,2.9473,2.9428,2.9448,2.9518,2.9523,2.9478,2.9498,44
2026-03-05 17:02:00,2.9438,2.9448,2.9358,2.9358,2.9488,2.9498,2.9408,2.9408,56
2026-03-05 17:03:00,2.9363,2.9378,2.9288,2.9298,2.9413,2.9428,2.9338,2.9348,69
2026-03-05 17:04:00,2.9293,2.9338,2.9288,2.9328,2.9343,2.9388,2.9338,2.9378,39
2026-03-05 17:05:00,2.9323,2.9373,2.9308,2.9348,2.9373,2.9423,2.9358,2.9398,46
2026-03-05 17:06:00,2.9358,2.9368,2.9338,2.9363,2.9408,2.9418,2.9388,2.9413,25
2026-03-05 17:07:00,2.9368,2.9413,2.9358,2.9413,2.9418,2.9463,2.9408,2.9463,33
2026-03-05 17:08:00,2.9398,2.9408,2.9378,2.9408,2.9448,2.9458,2.9428,2.9458,20
2026-03-05 17:09:00,2.9413,2.9423,2.9368,2.9423,2.9463,2.9473,2.9418,2.9473,28
2026-03-05 17:10:00,2.9438,2.9478,2.9423,2.9448,2.9488,2.9528,2.9473,2.9498,27
2026-03-05 17:11:00,2.9458,2.9488,2.9443,2.9448,2.9508,2.9538,2.9493,2.9498,49
2026-03-05 17:12:00,2.9453,2.9488,2.9448,2.9488,2.9503,2.9538,2.9498,2.9538,20
2026-03-05 17:13:00,2.9473,2.9523,2.9463,2.9493,2.9523,2.9573,2.9513,2.9543,28
2026-03-05 17:14:00,2.9498,2.9498,2.9448,2.9468,2.9548,2.9548,2.9498,2.9518,45
2026-03-05 17:15:00,2.9463,2.9518,2.9463,2.9503,2.9513,2.9568,2.9513,2.9553,28
2026-03-05 17:16:00,2.9488,2.9568,2.9478,2.9568,2.9538,2.9618,2.9528,2.9618,41
2026-03-05 17:17:00,2.9558,2.9628,2.9558,2.9613,2.9608,2.9678,2.9608,2.9663,38
2026-03-05 17:18:00,2.9623,2.9638,2.9588,2.9608,2.9673,2.9688,2.9638,2.9658,47
2026-03-05 17:19:00,2.9613,2.9648,2.9598,2.9638,2.9663,2.9698,2.9648,2.9688,46
2026-03-05 17:20:00,2.9633,2.9678,2.9583,2.9583,2.9683,2.9728,2.9633,2.9633,55
2026-03-05 17:21:00,2.9593,2.9628,2.9568,2.9568,2.9643,2.9678,2.9618,2.9618,37
2026-03-05 17:22:00,2.9558,2.9568,2.9498,2.9498,2.9608,2.9618,2.9548,2.9548,52
2026-03-05 17:23:00,2.9508,2.9508,2.9368,2.9378,2.9558,2.9558,2.9418,2.9428,60
2026-03-05 17:24:00,2.9383,2.9423,2.9378,2.9418,2.9433,2.9473,2.9428,2.9468,44
2026-03-05 17:25:00,2.9408,2.9428,2.9383,2.9398,2.9458,2.9478,2.9433,2.9448,42
2026-03-05 17:26:00,2.9388,2.9393,2.9358,2.9373,2.9438,2.9443,2.9408,2.9423,54
2026-03-05 17:27:00,2.9368,2.9398,2.9338,2.9348,2.9418,2.9448,2.9388,2.9398,55
2026-03-05 17:28:00,2.9353,2.9408,2.9353,2.9388,2.9403,2.9458,2.9403,2.9438,29
2026-03-05 17:29:00,2.9398,2.9418,2.9368,2.9378,2.9448,2.9468,2.9418,2.9428,44
2026-03-05 17:30:00,2.9383,2.9398,2.9338,2.9348,2.9433,2.9448,2.9388,2.9398,37
2026-03-05 17:31:00,2.9353,2.9368,2.9308,2.9323,2.9403,2.9418,2.9358,2.9373,47
2026-03-05 17:32:00,2.9328,2.9373,2.9323,2.9373,2.9378,2.9423,2.9373,2.9423,22
2026-03-05 17:33:00,2.9383,2.9488,2.9383,2.9478,2.9433,2.9538,2.9433,2.9528,39
2026-03-05 17:34:00,2.9468,2.9488,2.9403,2.9408,2.9518,2.9538,2.9453,2.9458,37
2026-03-05 17:35:00,2.9413,2.9438,2.9368,2.9378,2.9463,2.9488,2.9418,2.9428,35
2026-03-05 17:36:00,2.9383,2.9398,2.9378,2.9398,2.9433,2.9448,2.9428,2.9448,11
2026-03-05 17:37:00,2.9388,2.9388,2.9368,2.9388,2.9438,2.9438,2.9418,2.9438,22
2026-03-05 17:38:00,2.9393,2.9403,2.9348,2.9388,2.9443,2.9453,2.9398,2.9438,36
2026-03-05 17:39:00,2.9378,2.9408,2.9348,2.9363,2.9428,2.9458,2.9398,2.9413,37
2026-03-05 17:40:00,2.9373,2.9428,2.9358,2.9428,2.9423,2.9478,2.9408,2.9478,29
2026-03-05 17:41:00,2.9423,2.9448,2.9408,2.9428,2.9473,2.9498,2.9458,2.9478,22
2026-03-05 17:42:00,2.9423,2.9423,2.9398,2.9413,2.9473,2.9473,2.9448,2.9463,13
2026-03-05 17:43:00,2.9408,2.9438,2.9378,2.9393,2.9458,2.9488,2.9428,2.9443,16
2026-03-05 17:44:00,2.9378,2.9438,2.9378,2.9408,2.9428,2.9488,2.9428,2.9458,30
2026-03-05 17:45:00,2.9413,2.9413,2.9378,2.9378,2.9463,2.9463,2.9428,2.9428,27
2026-03-05 17:46:00,2.9383,2.9388,2.9298,2.9323,2.9433,2.9438,2.9348,2.9373,36
2026-03-05 17:47:00,2.9318,2.9358,2.9318,2.9338,2.9368,2.9408,2.9368,2.9388,21
2026-03-05 17:48:00,2.9333,2.9358,2.9318,2.9348,2.9383,2.9408,2.9368,2.9398,27
2026-03-05 17:49:00,2.9343,2.9363,2.9338,2.9363,2.9393,2.9413,2.9388,2.9413,21
2026-03-05 17:50:00,2.9358,2.9388,2.9353,2.9378,2.9408,2.9438,2.9403,2.9428,21
2026-03-05 17:51:00,2.9373,2.9408,2.9368,2.9398,2.9423,2.9458,2.9418,2.9448,16
2026-03-05 17:52:00,2.9413,2.9448,2.9388,2.9428,2.9463,2.9498,2.9438,2.9478,15
2026-03-05 17:53:00,2.9438,2.9453,2.9428,2.9453,2.9488,2.9503,2.9478,2.9503,21
2026-03-05 17:54:00,2.9448,2.9463,2.9423,2.9438,2.9498,2.9513,2.9473,2.9488,21
2026-03-05 17:55:00,2.9443,2.9448,2.9428,2.9428,2.9493,2.9498,2.9478,2.9478,13
2026-03-05 17:56:00,2.9418,2.9453,2.9418,2.9438,2.9468,2.9503,2.9468,2.9488,19
2026-03-05 17:57:00,2.9448,2.9448,2.9428,2.9438,2.9498,2.9498,2.9478,2.9488,7
2026-03-05 17:58:00,2.9443,2.9448,2.9433,2.9438,2.9493,2.9498,2.9483,2.9488,5
2026-03-05 17:59:00,2.9428,2.9463,2.9423,2.9448,2.9478,2.9513,2.9473,2.9498,32
2026-03-05 18:00:00,2.9443,2.9448,2.9413,2.9433,2.9493,2.9498,2.9463,2.9483,17
2026-03-05 18:01:00,2.9428,2.9518,2.9428,2.9508,2.9478,2.9568,2.9478,2.9558,33
2026-03-05 18:02:00,2.9503,2.9568,2.9498,2.9538,2.9553,2.9618,2.9548,2.9588,50
2026-03-05 18:03:00,2.9528,2.9568,2.9493,2.9548,2.9578,2.9618,2.9543,2.9598,25
2026-03-05 18:04:00,2.9553,2.9568,2.9538,2.9558,2.9603,2.9618,2.9588,2.9608,10
2026-03-05 18:05:00,2.9548,2.9558,2.9518,2.9518,2.9598,2.9608,2.9568,2.9568,21
2026-03-05 18:06:00,2.9528,2.9528,2.9508,2.9508,2.9578,2.9578,2.9558,2.9558,20
2026-03-05 18:07:00,2.9518,2.9538,2.9508,2.9518,2.9568,2.9588,2.9558,2.9568,26
2026-03-05 18:08:00,2.9508,2.9538,2.9508,2.9528,2.9558,2.9588,2.9558,2.9578,18
2026-03-05 18:09:00,2.9523,2.9548,2.9523,2.9528,2.9573,2.9598,2.9573,2.9578,20
2026-03-05 18:10:00,2.9518,2.9528,2.9508,2.9523,2.9568,2.9578,2.9558,2.9573,29
2026-03-05 18:11:00,2.9518,2.9538,2.9513,2.9528,2.9568,2.9588,2.9563,2.9578,10
2026-03-05 18:12:00,2.9533,2.9538,2.9458,2.9518,2.9583,2.9588,2.9508,2.9568,29
2026-03-05 18:13:00,2.9528,2.9563,2.9498,2.9543,2.9578,2.9613,2.9548,2.9593,32
2026-03-05 18:14:00,2.9548,2.9568,2.9543,2.9548,2.9598,2.9618,2.9593,2.9598,20
2026-03-05 18:15:00,2.9538,2.9598,2.9538,2.9598,2.9588,2.9648,2.9588,2.9648,15
2026-03-05 18:16:00,2.9603,2.9678,2.9568,2.9658,2.9653,2.9728,2.9618,2.9708,78
2026-03-05 18:17:00,2.9663,2.9678,2.9628,2.9628,2.9713,2.9728,2.9678,2.9678,29
2026-03-05 18:18:00,2.9618,2.9678,2.9618,2.9668,2.9668,2.9728,2.9668,2.9718,32
2026-03-05 18:19:00,2.9663,2.9678,2.9638,2.9638,2.9713,2.9728,2.9688,2.9688,21
2026-03-05 18:20:00,2.9643,2.9698,2.9638,2.9688,2.9693,2.9748,2.9688,2.9738,40
2026-03-05 18:21:00,2.9693,2.9708,2.9648,2.9648,2.9743,2.9758,2.9698,2.9698,30
2026-03-05 18:22:00,2.9653,2.9698,2.9653,2.9688,2.9703,2.9748,2.9703,2.9738,20
2026-03-05 18:23:00,2.9683,2.9703,2.9673,2.9683,2.9733,2.9753,2.9723,2.9733,25
2026-03-05 18:24:00,2.9688,2.9698,2.9668,2.9688,2.9738,2.9748,2.9718,2.9738,21
2026-03-05 18:25:00,2.9683,2.9698,2.9668,2.9688,2.9733,2.9748,2.9718,2.9738,28
2026-03-05 18:26:00,2.9693,2.9698,2.9623,2.9638,2.9743,2.9748,2.9673,2.9688,33
2026-03-05 18:27:00,2.9648,2.9668,2.9648,2.9668,2.9698,2.9718,2.9698,2.9718,7
2026-03-05 18:28:00,2.9658,2.9678,2.9658,2.9668,2.9708,2.9728,2.9708,2.9718,16
2026-03-05 18:29:00,2.9673,2.9718,2.9668,2.9708,2.9723,2.9768,2.9718,2.9758,22
2026-03-05 18:30:00,2.9698,2.9713,2.9698,2.9708,2.9748,2.9763,2.9748,2.9758,15
2026-03-05 18:31:00,2.9698,2.9718,2.9638,2.9648,2.9748,2.9768,2.9688,2.9698,29
2026-03-05 18:32:00,2.9643,2.9648,2.9598,2.9618,2.9693,2.9698,2.9648,2.9668,29
2026-03-05 18:33:00,2.9623,2.9648,2.9618,2.9628,2.9673,2.9698,2.9668,2.9678,34
2026-03-05 18:34:00,2.9633,2.9648,2.9628,2.9638,2.9683,2.9698,2.9678,2.9688,13
2026-03-05 18:35:00,2.9643,2.9658,2.9623,2.9628,2.9693,2.9708,2.9673,2.9678,17
2026-03-05 18:36:00,2.9633,2.9638,2.9608,2.9638,2.9683,2.9688,2.9658,2.9688,29
2026-03-05 18:37:00,2.9643,2.9648,2.9568,2.9578,2.9693,2.9698,2.9618,2.9628,39
2026-03-05 18:38:00,2.9583,2.9598,2.9493,2.9523,2.9633,2.9648,2.9543,2.9573,59
2026-03-05 18:39:00,2.9518,2.9533,2.9483,2.9523,2.9568,2.9583,2.9533,2.9573,46
2026-03-05 18:40:00,2.9528,2.9548,2.9528,2.9548,2.9578,2.9598,2.9578,2.9598,5
2026-03-05 18:41:00,2.9543,2.9588,2.9543,2.9578,2.9593,2.9638,2.9593,2.9628,15
2026-03-05 18:42:00,2.9583,2.9618,2.9578,2.9618,2.9633,2.9668,2.9628,2.9668,15
2026-03-05 18:43:00,2.9628,2.9638,2.9608,2.9618,2.9678,2.9688,2.9658,2.9668,18
2026-03-05 18:44:00,2.9608,2.9648,2.9578,2.9643,2.9658,2.9698,2.9628,2.9693,36
2026-03-05 18:45:00,2.9648,2.9703,2.9648,2.9698,2.9698,2.9753,2.9698,2.9748,31
2026-03-05 18:46:00,2.9683,2.9698,2.9648,2.9668,2.9733,2.9748,2.9698,2.9718,32
2026-03-05 18:47:00,2.9673,2.9693,2.9673,2.9683,2.9723,2.9743,2.9723,2.9733,11
2026-03-05 18:48:00,2.9678,2.9698,2.9658,2.9668,2.9728,2.9748,2.9708,2.9718,28
2026-03-05 18:49:00,2.9673,2.9748,2.9673,2.9718,2.9723,2.9798,2.9723,2.9768,43
2026-03-05 18:50:00,2.9728,2.9728,2.9678,2.9698,2.9778,2.9778,2.9728,2.9748,23
2026-03-05 18:51:00,2.9693,2.9693,2.9648,2.9653,2.9743,2.9743,2.9698,2.9703,16
2026-03-05 18:52:00,2.9648,2.9658,2.9628,2.9648,2.9698,2.9708,2.9678,2.9698,20
2026-03-05 18:53:00,2.9658,2.9658,2.9648,2.9658,2.9708,2.9708,2.9698,2.9708,8
2026-03-05 18:54:00,2.9653,2.9678,2.9648,2.9668,2.9703,2.9728,2.9698,2.9718,21
2026-03-05 18:55:00,2.9678,2.9678,2.9648,2.9668,2.9728,2.9728,2.9698,2.9718,19
2026-03-05 18:56:00,2.9663,2.9688,2.9658,2.9658,2.9713,2.9738,2.9708,2.9708,32
2026-03-05 18:57:00,2.9653,2.9668,2.9593,2.9628,2.9703,2.9718,2.9643,2.9678,30
2026-03-05 18:58:00,2.9623,2.9633,2.9598,2.9608,2.9673,2.9683,2.9648,2.9658,27
2026-03-05 18:59:00,2.9613,2.9613,2.9598,2.9603,2.9663,2.9663,2.9648,2.9653,20
2026-03-05 19:00:00,2.9598,2.9678,2.9588,2.9668,2.9648,2.9728,2.9638,2.9718,39
2026-03-05 19:01:00,2.9673,2.9718,2.9673,2.9708,2.9723,2.9768,2.9723,2.9758,18
2026-03-05 19:02:00,2.9698,2.9698,2.9648,2.9658,2.9748,2.9748,2.9698,2.9708,13
2026-03-05 19:03:00,2.9668,2.9693,2.9658,2.9688,2.9718,2.9743,2.9708,2.9738,13
2026-03-05 19:04:00,2.9698,2.9698,2.9668,2.9678,2.9748,2.9748,2.9718,2.9728,16
2026-03-05 19:05:00,2.9683,2.9698,2.9668,2.9678,2.9733,2.9748,2.9718,2.9728,18
2026-03-05 19:06:00,2.9683,2.9698,2.9648,2.9653,2.9733,2.9748,2.9698,2.9703,23
2026-03-05 19:07:00,2.9658,2.9688,2.9658,2.9658,2.9708,2.9738,2.9708,2.9708,10
2026-03-05 19:08:00,2.9663,2.9668,2.9618,2.9633,2.9713,2.9718,2.9668,2.9683,19
2026-03-05 19:09:00,2.9638,2.9658,2.9628,2.9638,2.9688,2.9708,2.9678,2.9688,21
2026-03-05 19:10:00,2.9633,2.9648,2.9628,2.9648,2.9683,2.9698,2.9678,2.9698,17
2026-03-05 19:11:00,2.9643,2.9698,2.9643,2.9688,2.9693,2.9748,2.9693,2.9738,34
2026-03-05 19:12:00,2.9683,2.9698,2.9608,2.9628,2.9733,2.9748,2.9658,2.9678,22
2026-03-05 19:13:00,2.9623,2.9698,2.9623,2.9688,2.9733,2.9748,2.9658,2.9678,17
2026-03-05 19:14:00,2.9683,2.9708,2.9668,2.9683,2.9673,2.9748,2.9673,2.9738,27
2026-03-05 19:15:00,2.9678,2.9708,2.9668,2.9698,2.9733,2.9758,2.9718,2.9733,24
2026-03-05 19:16:00,2.9688,2.9738,2.9688,2.9728,2.9728,2.9758,2.9718,2.9748,32
2026-03-05 19:17:00,2.9748,2.9758,2.9728,2.9738,2.9738,2.9788,2.9738,2.9778,19
2026-03-05 19:18:00,2.9728,2.9778,2.9728,2.9758,2.9798,2.9808,2.9778,2.9788,44
2026-03-05 19:19:00,2.9753,2.9758,2.9738,2.9758,2.9778,2.9828,2.9778,2.9808,21
2026-03-05 19:20:00,2.9768,2.9798,2.9738,2.9748,2.9803,2.9808,2.9788,2.9808,59
2026-03-05 19:21:00,2.9738,2.9763,2.9728,2.9748,2.9818,2.9848,2.9788,2.9798,39
2026-03-05 19:22:00,2.9758,2.9778,2.9743,2.9743,2.9788,2.9813,2.9778,2.9798,12
2026-03-05 19:23:00,2.9748,2.9758,2.9728,2.9758,2.9808,2.9828,2.9793,2.9793,30
2026-03-05 19:24:00,2.9768,2.9798,2.9748,2.9788,2.9798,2.9808,2.9778,2.9808,20
2026-03-05 19:25:00,2.9783,2.9828,2.9783,2.9818,2.9818,2.9848,2.9798,2.9838,35
2026-03-05 19:26:00,2.9823,2.9898,2.9823,2.9883,2.9833,2.9878,2.9833,2.9868,58
2026-03-05 19:27:00,2.9878,2.9898,2.9848,2.9888,2.9873,2.9948,2.9873,2.9933,26
2026-03-05 19:28:00,2.9893,2.9958,2.9888,2.9948,2.9928,2.9948,2.9898,2.9938,41
2026-03-05 19:29:00,2.9958,3.0048,2.9948,3.0048,2.9943,3.0008,2.9938,2.9998,59
2026-03-05 19:30:00,3.0038,3.0048,2.9988,3.0008,3.0008,3.0098,2.9998,3.0098,62
2026-03-05 19:31:00,3.0018,3.0128,3.0018,3.0088,3.0088,3.0098,3.0038,3.0058,65
2026-03-05 19:32:00,3.0093,3.0158,3.0093,3.0128,3.0068,3.0178,3.0068,3.0138,68
2026-03-05 19:33:00,3.0133,3.0168,3.0108,3.0118,3.0143,3.0208,3.0143,3.0178,50
2026-03-05 19:34:00,3.0113,3.0128,3.0078,3.0098,3.0183,3.0218,3.0158,3.0168,32
2026-03-05 19:35:00,3.0108,3.0123,2.9988,2.9993,3.0163,3.0178,3.0128,3.0148,67
2026-03-05 19:36:00,2.9988,2.9993,2.9938,2.9988,3.0158,3.0173,3.0038,3.0043,36
2026-03-05 19:37:00,2.9983,3.0098,2.9983,3.0088,3.0038,3.0043,2.9988,3.0038,56
2026-03-05 19:38:00,3.0098,3.0098,3.0063,3.0088,3.0033,3.0148,3.0033,3.0138,32
2026-03-05 19:39:00,3.0083,3.0148,3.0078,3.0138,3.0148,3.0148,3.0113,3.0138,28
2026-03-05 19:40:00,3.0143,3.0298,3.0143,3.0263,3.0133,3.0198,3.0128,3.0188,89
2026-03-05 19:41:00,3.0268,3.0368,3.0238,3.0348,3.0193,3.0348,3.0193,3.0313,84
2026-03-05 19:42:00,3.0368,3.0398,3.0348,3.0368,3.0318,3.0418,3.0288,3.0398,69
2026-03-05 19:43:00,3.0373,3.0448,3.0358,3.0408,3.0418,3.0448,3.0398,3.0418,91
2026-03-05 19:44:00,3.0403,3.0528,3.0388,3.0473,3.0423,3.0498,3.0408,3.0458,104
2026-03-05 19:45:00,3.0458,3.0463,3.0378,3.0398,3.0453,3.0578,3.0438,3.0523,94
2026-03-05 19:46:00,3.0393,3.0398,3.0328,3.0348,3.0508,3.0513,3.0428,3.0448,74
2026-03-05 19:47:00,3.0343,3.0378,3.0313,3.0378,3.0443,3.0448,3.0378,3.0398,57
2026-03-05 19:48:00,3.0373,3.0488,3.0373,3.0478,3.0393,3.0428,3.0363,3.0428,66
2026-03-05 19:49:00,3.0473,3.0518,3.0458,3.0498,3.0423,3.0538,3.0423,3.0528,69
2026-03-05 19:50:00,3.0493,3.0528,3.0458,3.0488,3.0523,3.0568,3.0508,3.0548,71
2026-03-05 19:51:00,3.0483,3.0508,3.0408,3.0488,3.0543,3.0578,3.0508,3.0538,68
2026-03-05 19:52:00,3.0483,3.0508,3.0468,3.0498,3.0533,3.0558,3.0458,3.0538,53
2026-03-05 19:53:00,3.0493,3.0498,3.0448,3.0478,3.0533,3.0558,3.0518,3.0548,56
2026-03-05 19:54:00,3.0473,3.0548,3.0458,3.0518,3.0543,3.0548,3.0498,3.0528,48
2026-03-05 19:55:00,3.0508,3.0548,3.0498,3.0503,3.0523,3.0598,3.0508,3.0568,47
2026-03-05 19:56:00,3.0493,3.0498,3.0428,3.0448,3.0558,3.0598,3.0548,3.0553,38
2026-03-05 19:57:00,3.0443,3.0498,3.0438,3.0498,3.0543,3.0548,3.0478,3.0498,26
2026-03-05 19:58:00,3.0488,3.0518,3.0473,3.0473,3.0493,3.0548,3.0488,3.0548,51
2026-03-05 19:59:00,3.0478,3.0508,3.0453,3.0458,3.0538,3.0568,3.0523,3.0523,33
2026-03-05 20:00:00,3.0453,3.0453,3.0298,3.0303,3.0528,3.0558,3.0503,3.0508,90
2026-03-05 20:01:00,3.0313,3.0328,3.0238,3.0273,3.0503,3.0503,3.0348,3.0353,83
2026-03-05 20:02:00,3.0263,3.0268,3.0188,3.0208,3.0363,3.0378,3.0288,3.0323,55
2026-03-05 20:03:00,3.0218,3.0258,3.0178,3.0178,3.0313,3.0318,3.0238,3.0258,60
2026-03-05 20:04:00,3.0183,3.0213,3.0183,3.0198,3.0268,3.0308,3.0228,3.0228,27
2026-03-05 20:05:00,3.0193,3.0288,3.0193,3.0268,3.0233,3.0263,3.0233,3.0248,58
2026-03-05 20:06:00,3.0273,3.0308,3.0258,3.0278,3.0243,3.0338,3.0243,3.0318,49
2026-03-05 20:07:00,3.0273,3.0353,3.0268,3.0318,3.0323,3.0358,3.0308,3.0328,48
2026-03-05 20:08:00,3.0313,3.0358,3.0288,3.0298,3.0323,3.0403,3.0318,3.0368,51
2026-03-05 20:09:00,3.0303,3.0408,3.0298,3.0398,3.0363,3.0408,3.0338,3.0348,68
2026-03-05 20:10:00,3.0408,3.0408,3.0338,3.0378,3.0353,3.0458,3.0348,3.0448,56
2026-03-05 20:11:00,3.0373,3.0383,3.0358,3.0373,3.0458,3.0458,3.0388,3.0428,17
2026-03-05 20:12:00,3.0368,3.0388,3.0328,3.0328,3.0423,3.0433,3.0408,3.0423,57
2026-03-05 20:13:00,3.0333,3.0408,3.0333,3.0388,3.0418,3.0438,3.0378,3.0378,55
2026-03-05 20:14:00,3.0378,3.0448,3.0378,3.0398,3.0383,3.0458,3.0383,3.0438,64
2026-03-05 20:15:00,3.0393,3.0408,3.0343,3.0348,3.0428,3.0498,3.0428,3.0448,70
2026-03-05 20:16:00,3.0353,3.0428,3.0348,3.0418,3.0443,3.0458,3.0393,3.0398,45
2026-03-05 20:17:00,3.0423,3.0438,3.0348,3.0353,3.0403,3.0478,3.0398,3.0468,41
2026-03-05 20:18:00,3.0368,3.0393,3.0288,3.0378,3.0473,3.0488,3.0398,3.0403,47
2026-03-05 20:19:00,3.0373,3.0438,3.0348,3.0388,3.0418,3.0443,3.0338,3.0428,50
2026-03-05 20:20:00,3.0393,3.0433,3.0378,3.0418,3.0423,3.0488,3.0398,3.0438,33
2026-03-05 20:21:00,3.0413,3.0423,3.0378,3.0408,3.0443,3.0483,3.0428,3.0468,47
2026-03-05 20:22:00,3.0413,3.0428,3.0313,3.0328,3.0463,3.0473,3.0428,3.0458,56
2026-03-05 20:23:00,3.0323,3.0333,3.0248,3.0268,3.0463,3.0478,3.0363,3.0378,50
2026-03-05 20:24:00,3.0263,3.0278,3.0218,3.0238,3.0373,3.0383,3.0298,3.0318,54
2026-03-05 20:25:00,3.0248,3.0248,3.0128,3.0128,3.0313,3.0328,3.0268,3.0288,86
2026-03-05 20:26:00,3.0133,3.0133,3.0028,3.0063,3.0298,3.0298,3.0178,3.0178,87
2026-03-05 20:27:00,3.0053,3.0083,2.9978,2.9988,3.0183,3.0183,3.0078,3.0113,80
2026-03-05 20:28:00,2.9993,3.0168,2.9968,3.0163,3.0103,3.0133,3.0028,3.0038,178
2026-03-05 20:29:00,3.0158,3.0213,3.0118,3.0198,3.0043,3.0218,3.0018,3.0213,100
2026-03-05 20:30:00,3.0203,3.0218,3.0108,3.0148,3.0208,3.0263,3.0168,3.0248,65
2026-03-05 20:31:00,3.0138,3.0158,3.0128,3.0148,3.0253,3.0268,3.0158,3.0198,25
2026-03-05 20:32:00,3.0158,3.0163,3.0113,3.0128,3.0188,3.0208,3.0178,3.0198,36
2026-03-05 20:33:00,3.0123,3.0123,3.0038,3.0038,3.0208,3.0213,3.0163,3.0178,37
2026-03-05 20:34:00,3.0043,3.0123,3.0038,3.0063,3.0173,3.0173,3.0088,3.0088,34
2026-03-05 20:35:00,3.0068,3.0098,3.0068,3.0078,3.0093,3.0173,3.0088,3.0113,40
2026-03-05 20:36:00,3.0073,3.0103,3.0058,3.0103,3.0118,3.0148,3.0118,3.0128,15
2026-03-05 20:37:00,3.0108,3.0118,3.0063,3.0063,3.0123,3.0153,3.0108,3.0153,25
2026-03-05 20:38:00,3.0058,3.0068,3.0028,3.0068,3.0158,3.0168,3.0113,3.0113,26
2026-03-05 20:39:00,3.0078,3.0078,3.0058,3.0058,3.0108,3.0118,3.0078,3.0118,15
2026-03-05 20:40:00,3.0063,3.0118,3.0063,3.0108,3.0128,3.0128,3.0108,3.0108,16
2026-03-05 20:41:00,3.0118,3.0128,3.0118,3.0128,3.0113,3.0168,3.0113,3.0158,3
2026-03-05 20:42:00,3.0123,3.0123,3.0098,3.0118,3.0168,3.0178,3.0168,3.0178,18
2026-03-05 20:43:00,3.0128,3.0208,3.0128,3.0208,3.0173,3.0173,3.0148,3.0168,35
2026-03-05 20:44:00,3.0203,3.0218,3.0188,3.0208,3.0178,3.0258,3.0178,3.0258,24
2026-03-05 20:45:00,3.0198,3.0208,3.0178,3.0188,3.0253,3.0268,3.0238,3.0258,19
2026-03-05 20:46:00,3.0178,3.0188,3.0128,3.0168,3.0248,3.0258,3.0228,3.0238,34
2026-03-05 20:47:00,3.0163,3.0188,3.0163,3.0178,3.0228,3.0238,3.0178,3.0218,15
2026-03-05 20:48:00,3.0183,3.0198,3.0168,3.0188,3.0213,3.0238,3.0213,3.0228,18
2026-03-05 20:49:00,3.0183,3.0183,3.0163,3.0173,3.0233,3.0248,3.0218,3.0238,15
2026-03-05 20:50:00,3.0178,3.0183,3.0133,3.0173,3.0233,3.0233,3.0213,3.0223,27
2026-03-05 20:51:00,3.0168,3.0178,3.0158,3.0178,3.0228,3.0233,3.0183,3.0223,19
2026-03-05 20:52:00,3.0183,3.0218,3.0168,3.0213,3.0218,3.0228,3.0208,3.0228,40
2026-03-05 20:53:00,3.0208,3.0218,3.0198,3.0213,3.0233,3.0268,3.0218,3.0263,14
2026-03-05 20:54:00,3.0218,3.0238,3.0198,3.0198,3.0258,3.0268,3.0248,3.0263,35
2026-03-05 20:55:00,3.0203,3.0238,3.0198,3.0228,3.0268,3.0288,3.0248,3.0248,16
2026-03-05 20:56:00,3.0233,3.0243,3.0233,3.0243,3.0253,3.0288,3.0248,3.0278,7
2026-03-05 20:57:00,3.0248,3.0268,3.0233,3.0233,3.0283,3.0293,3.0283,3.0293,24
2026-03-05 20:58:00,3.0228,3.0228,3.0193,3.0218,3.0298,3.0318,3.0283,3.0283,20
2026-03-05 20:59:00,3.0208,3.0248,3.0188,3.0218,3.0278,3.0278,3.0243,3.0268,28
2026-03-05 21:00:00,3.0213,3.0338,3.0213,3.0333,3.0258,3.0298,3.0238,3.0268,33
2026-03-05 21:01:00,3.0328,3.0378,3.0308,3.0358,3.0263,3.0388,3.0263,3.0383,34
2026-03-05 21:02:00,3.0348,3.0348,3.0268,3.0268,3.0378,3.0428,3.0358,3.0408,41
2026-03-05 21:03:00,3.0273,3.0298,3.0268,3.0293,3.0398,3.0398,3.0318,3.0318,32
2026-03-05 21:04:00,3.0298,3.0298,3.0108,3.0108,3.0323,3.0348,3.0318,3.0343,76
2026-03-05 21:05:00,3.0113,3.0178,3.0098,3.0143,3.0348,3.0348,3.0158,3.0158,53
2026-03-05 21:06:00,3.0153,3.0178,3.0103,3.0103,3.0163,3.0228,3.0148,3.0193,39
2026-03-05 21:07:00,3.0113,3.0138,3.0088,3.0098,3.0203,3.0228,3.0153,3.0153,37
2026-03-05 21:08:00,3.0093,3.0113,3.0078,3.0088,3.0163,3.0188,3.0138,3.0148,43
2026-03-05 21:09:00,3.0083,3.0098,3.0028,3.0068,3.0143,3.0163,3.0128,3.0138,40
2026-03-05 21:10:00,3.0078,3.0088,3.0073,3.0083,3.0133,3.0148,3.0078,3.0118,20
2026-03-05 21:11:00,3.0088,3.0108,3.0083,3.0103,3.0128,3.0138,3.0123,3.0133,15
2026-03-05 21:12:00,3.0098,3.0118,3.0088,3.0098,3.0138,3.0158,3.0133,3.0153,16
2026-03-05 21:13:00,3.0093,3.0113,3.0048,3.0108,3.0148,3.0168,3.0138,3.0148,27
2026-03-05 21:14:00,3.0103,3.0103,3.0058,3.0063,3.0143,3.0163,3.0098,3.0158,15
2026-03-05 21:15:00,3.0068,3.0118,3.0063,3.0103,3.0153,3.0153,3.0108,3.0113,33
2026-03-05 21:16:00,3.0098,3.0128,3.0078,3.0128,3.0118,3.0168,3.0113,3.0153,29
2026-03-05 21:17:00,3.0123,3.0148,3.0118,3.0148,3.0148,3.0178,3.0128,3.0178,9
2026-03-05 21:18:00,3.0143,3.0143,3.0128,3.0128,3.0173,3.0198,3.0168,3.0198,8
2026-03-05 21:19:00,3.0133,3.0138,3.0108,3.0108,3.0193,3.0193,3.0178,3.0178,7
2026-03-05 21:20:00,3.0118,3.0138,3.0108,3.0108,3.0183,3.0188,3.0158,3.0158,18
2026-03-05 21:21:00,3.0113,3.0188,3.0113,3.0168,3.0168,3.0188,3.0158,3.0158,16
2026-03-05 21:22:00,3.0178,3.0178,3.0143,3.0158,3.0163,3.0238,3.0163,3.0218,17
2026-03-05 21:23:00,3.0153,3.0178,3.0128,3.0138,3.0228,3.0228,3.0193,3.0208,15
2026-03-05 21:24:00,3.0133,3.0133,3.0098,3.0108,3.0203,3.0228,3.0178,3.0188,14
2026-03-05 21:25:00,3.0113,3.0118,3.0078,3.0078,3.0183,3.0183,3.0148,3.0158,11
2026-03-05 21:26:00,3.0073,3.0078,3.0018,3.0018,3.0163,3.0168,3.0128,3.0128,21
2026-03-05 21:27:00,3.0008,3.0013,2.9988,2.9998,3.0123,3.0128,3.0068,3.0068,22
2026-03-05 21:28:00,3.0003,3.0028,3.0003,3.0018,3.0058,3.0063,3.0038,3.0048,13
2026-03-05 21:29:00,3.0008,3.0038,3.0008,3.0028,3.0053,3.0078,3.0053,3.0068,12
2026-03-05 21:30:00,3.0018,3.0018,2.9988,3.0003,3.0058,3.0088,3.0058,3.0078,14
2026-03-05 21:31:00,2.9998,3.0038,2.9988,3.0038,3.0068,3.0068,3.0038,3.0053,17
2026-03-05 21:32:00,3.0033,3.0048,2.9988,3.0028,3.0048,3.0088,3.0038,3.0088,30
2026-03-05 21:33:00,3.0023,3.0048,3.0018,3.0043,3.0083,3.0098,3.0038,3.0078,17
2026-03-05 21:34:00,3.0048,3.0068,3.0048,3.0068,3.0073,3.0098,3.0068,3.0093,3
2026-03-05 21:35:00,3.0058,3.0073,3.0008,3.0028,3.0098,3.0118,3.0098,3.0118,27
2026-03-05 21:36:00,3.0018,3.0033,2.9988,3.0033,3.0108,3.0123,3.0058,3.0078,16
2026-03-05 21:37:00,3.0038,3.0043,3.0033,3.0038,3.0068,3.0083,3.0038,3.0083,5
2026-03-05 21:38:00,3.0043,3.0068,3.0038,3.0068,3.0088,3.0093,3.0083,3.0088,7
2026-03-05 21:39:00,3.0058,3.0058,3.0008,3.0033,3.0093,3.0118,3.0088,3.0118,18
2026-03-05 21:40:00,3.0038,3.0058,3.0038,3.0043,3.0108,3.0108,3.0058,3.0083,12
2026-03-05 21:41:00,3.0048,3.0063,3.0043,3.0048,3.0088,3.0108,3.0088,3.0093,8
2026-03-05 21:42:00,3.0043,3.0088,3.0038,3.0088,3.0098,3.0113,3.0093,3.0098,14
2026-03-05 21:43:00,3.0078,3.0078,3.0038,3.0048,3.0093,3.0138,3.0088,3.0138,15
2026-03-05 21:44:00,3.0058,3.0068,3.0048,3.0068,3.0128,3.0128,3.0088,3.0098,9
2026-03-05 21:45:00,3.0073,3.0098,3.0073,3.0083,3.0108,3.0118,3.0098,3.0118,8
2026-03-05 21:46:00,3.0078,3.0098,3.0063,3.0078,3.0123,3.0148,3.0123,3.0133,19
2026-03-05 21:47:00,3.0068,3.0088,3.0068,3.0078,3.0128,3.0148,3.0113,3.0128,11
2026-03-05 21:48:00,3.0088,3.0088,3.0048,3.0058,3.0118,3.0138,3.0118,3.0128,15
2026-03-05 21:49:00,3.0068,3.0068,3.0068,3.0068,3.0138,3.0138,3.0098,3.0108,1
2026-03-05 21:50:00,3.0058,3.0068,3.0058,3.0068,3.0118,3.0118,3.0118,3.0118,7
2026-03-05 21:51:00,3.0078,3.0078,3.0068,3.0068,3.0108,3.0118,3.0108,3.0118,2
2026-03-05 21:52:00,3.0073,3.0073,3.0053,3.0053,3.0128,3.0128,3.0118,3.0118,5
2026-03-05 21:53:00,3.0048,3.0068,3.0038,3.0038,3.0123,3.0123,3.0103,3.0103,8
2026-03-05 21:54:00,3.0048,3.0058,3.0018,3.0018,3.0098,3.0118,3.0088,3.0088,12
2026-03-05 21:55:00,3.0023,3.0058,3.0023,3.0048,3.0098,3.0108,3.0068,3.0068,12
2026-03-05 21:57:00,3.0038,3.0058,3.0028,3.0028,3.0073,3.0108,3.0073,3.0098,16
2026-03-05 21:58:00,3.0018,3.0028,3.0013,3.0013,3.0088,3.0108,3.0078,3.0078,6
2026-03-05 21:59:00,3.0018,3.0018,2.9988,2.9998,3.0068,3.0078,3.0063,3.0063,25
2026-03-05 22:00:00,2.9988,3.0003,2.9988,2.9993,3.0068,3.0068,3.0038,3.0048,11
2026-03-05 22:01:00,2.9998,3.0008,2.9988,2.9998,3.0038,3.0053,3.0038,3.0043,12
2026-03-05 22:02:00,2.9993,2.9998,2.9988,2.9998,3.0048,3.0058,3.0038,3.0048,4
2026-03-05 22:03:00,2.9988,3.0008,2.9988,3.0003,3.0043,3.0048,3.0038,3.0048,8
2026-03-05 22:04:00,2.9998,3.0008,2.9993,2.9993,3.0038,3.0058,3.0038,3.0053,5
2026-03-05 22:05:00,2.9998,3.0008,2.9988,2.9998,3.0048,3.0058,3.0043,3.0043,11
2026-03-05 22:06:00,3.0003,3.0008,2.9993,2.9993,3.0048,3.0058,3.0038,3.0048,3
2026-03-05 22:07:00,2.9988,2.9998,2.9988,2.9988,3.0053,3.0058,3.0043,3.0043,4
2026-03-05 22:08:00,2.9993,3.0003,2.9993,2.9993,3.0038,3.0048,3.0038,3.0038,5
2026-03-05 22:09:00,2.9998,2.9998,2.9993,2.9998,3.0043,3.0053,3.0043,3.0043,3
2026-03-05 22:10:00,2.9993,2.9998,2.9993,2.9998,3.0048,3.0048,3.0043,3.0048,4
2026-03-05 22:12:00,3.0008,3.0008,2.9988,3.0008,3.0043,3.0048,3.0043,3.0048,8
2026-03-05 22:13:00,3.0003,3.0003,2.9948,2.9978,3.0058,3.0058,3.0038,3.0058,17
2026-03-05 22:14:00,2.9973,2.9988,2.9968,2.9968,3.0053,3.0053,2.9998,3.0028,5
2026-03-05 22:15:00,2.9958,2.9968,2.9958,2.9968,3.0023,3.0038,3.0018,3.0018,2
2026-03-05 22:16:00,2.9973,2.9973,2.9958,2.9963,3.0008,3.0018,3.0008,3.0018,9
2026-03-05 22:17:00,2.9958,2.9958,2.9953,2.9953,3.0023,3.0023,3.0008,3.0013,6
2026-03-05 22:18:00,2.9958,2.9978,2.9958,2.9978,3.0008,3.0008,3.0003,3.0003,9
2026-03-05 22:19:00,2.9973,2.9973,2.9973,2.9973,3.0008,3.0028,3.0008,3.0028,1
2026-03-05 22:20:00,2.9978,2.9988,2.9973,2.9988,3.0023,3.0023,3.0023,3.0023,5
2026-03-05 22:21:00,2.9983,2.9988,2.9983,2.9988,3.0028,3.0038,3.0023,3.0038,2
2026-03-05 22:22:00,2.9993,2.9993,2.9958,2.9978,3.0033,3.0038,3.0033,3.0038,10
2026-03-05 22:23:00,2.9968,2.9968,2.9963,2.9963,3.0043,3.0043,3.0008,3.0028,4
2026-03-05 22:24:00,2.9968,2.9983,2.9963,2.9968,3.0018,3.0018,3.0013,3.0013,6
2026-03-05 22:25:00,2.9973,2.9973,2.9958,2.9963,3.0018,3.0033,3.0013,3.0018,3
2026-03-05 22:26:00,2.9968,2.9978,2.9968,2.9973,3.0023,3.0023,3.0008,3.0013,3
2026-03-05 22:27:00,2.9978,3.0018,2.9978,3.0003,3.0018,3.0028,3.0018,3.0023,11
2026-03-05 22:28:00,3.0008,3.0008,2.9993,2.9998,3.0028,3.0068,3.0028,3.0053,9
2026-03-05 22:29:00,2.9993,2.9998,2.9973,2.9983,3.0058,3.0058,3.0043,3.0048,5
2026-03-05 22:30:00,2.9988,2.9988,2.9928,2.9938,3.0043,3.0048,3.0023,3.0033,12
2026-03-05 22:31:00,2.9943,2.9998,2.9943,2.9978,3.0038,3.0038,2.9978,2.9988,12
2026-03-05 22:32:00,2.9968,2.9988,2.9968,2.9968,2.9993,3.0048,2.9993,3.0028,7
2026-03-05 22:33:00,2.9958,2.9968,2.9958,2.9958,3.0018,3.0038,3.0018,3.0018,4
2026-03-05 22:34:00,2.9978,2.9978,2.9968,2.9968,3.0008,3.0018,3.0008,3.0008,2
2026-03-05 22:35:00,2.9963,2.9968,2.9958,2.9963,3.0013,3.0018,3.0008,3.0013,4
2026-03-05 22:36:00,2.9968,2.9973,2.9963,2.9973,3.0018,3.0023,3.0013,3.0023,4
2026-03-05 22:37:00,2.9968,2.9998,2.9968,2.9968,3.0018,3.0048,3.0018,3.0018,11
2026-03-05 22:38:00,2.9973,2.9988,2.9968,2.9968,3.0023,3.0038,3.0018,3.0018,7
2026-03-05 22:39:00,2.9973,2.9998,2.9973,2.9988,3.0023,3.0048,3.0023,3.0038,10
2026-03-05 22:40:00,2.9983,2.9988,2.9978,2.9978,3.0033,3.0038,3.0028,3.0028,6
2026-03-05 22:41:00,2.9983,2.9983,2.9978,2.9983,3.0033,3.0033,3.0028,3.0033,5
2026-03-05 22:42:00,2.9998,3.0038,2.9998,3.0013,3.0048,3.0088,3.0048,3.0063,33
2026-03-05 22:43:00,2.9998,3.0013,2.9998,3.0003,3.0048,3.0063,3.0048,3.0053,11
2026-03-05 22:44:00,2.9998,3.0003,2.9978,2.9978,3.0048,3.0053,3.0028,3.0028,11
2026-03-05 22:45:00,2.9983,2.9998,2.9983,2.9998,3.0033,3.0048,3.0033,3.0048,10
2026-03-05 22:46:00,3.0003,3.0028,3.0003,3.0018,3.0053,3.0078,3.0053,3.0068,7
2026-03-05 22:47:00,3.0013,3.0013,3.0003,3.0013,3.0063,3.0063,3.0053,3.0063,10
2026-03-05 22:48:00,3.0018,3.0063,3.0013,3.0058,3.0068,3.0113,3.0063,3.0108,17
2026-03-05 22:49:00,3.0053,3.0113,3.0053,3.0113,3.0103,3.0163,3.0103,3.0163,29
2026-03-05 22:50:00,3.0118,3.0118,3.0073,3.0078,3.0168,3.0168,3.0123,3.0128,17
2026-03-05 22:51:00,3.0058,3.0093,3.0058,3.0083,3.0108,3.0143,3.0108,3.0133,22
2026-03-05 22:52:00,3.0098,3.0098,3.0073,3.0078,3.0148,3.0148,3.0123,3.0128,7
2026-03-05 22:53:00,3.0083,3.0088,3.0063,3.0068,3.0133,3.0138,3.0113,3.0118,9
2026-03-05 22:54:00,3.0063,3.0068,3.0058,3.0063,3.0113,3.0118,3.0108,3.0113,8
2026-03-05 22:55:00,3.0068,3.0068,3.0053,3.0053,3.0118,3.0118,3.0103,3.0103,8
2026-03-05 22:56:00,3.0063,3.0118,3.0053,3.0108,3.0113,3.0168,3.0103,3.0158,11
2026-03-05 22:57:00,3.0113,3.0113,3.0088,3.0088,3.0163,3.0163,3.0138,3.0138,6
2026-03-05 22:58:00,3.0083,3.0088,3.0038,3.0038,3.0133,3.0138,3.0088,3.0088,20
2026-03-05 22:59:00,3.0043,3.0058,3.0028,3.0055,3.0093,3.0108,3.0078,3.0105,33
2026-03-05 23:00:00,3.005,3.005,3.005,3.005,3.008,3.008,3.008,3.008,1
2026-03-06 00:00:00,3.022,3.023,3.0165,3.0175,3.027,3.028,3.0215,3.0225,32
2026-03-06 00:01:00,3.018,3.019,3.016,3.0175,3.023,3.024,3.021,3.0225,7
2026-03-06 00:02:00,3.017,3.017,3.016,3.0165,3.022,3.022,3.021,3.0215,8
2026-03-06 00:03:00,3.016,3.0185,3.016,3.0185,3.021,3.0235,3.021,3.0235,3
2026-03-06 00:04:00,3.018,3.02,3.0175,3.019,3.023,3.025,3.0225,3.024,6
2026-03-06 00:05:00,3.0195,3.0235,3.0195,3.021,3.0245,3.0285,3.0245,3.026,11
2026-03-06 00:06:00,3.0205,3.021,3.0185,3.0205,3.0255,3.026,3.0235,3.0255,10
2026-03-06 00:07:00,3.021,3.0215,3.021,3.0215,3.026,3.0265,3.026,3.0265,2
2026-03-06 00:08:00,3.022,3.022,3.0215,3.022,3.027,3.027,3.0265,3.027,3
2026-03-06 00:09:00,3.0215,3.0215,3.0205,3.0215,3.0265,3.0265,3.0255,3.0265,4
2026-03-06 00:10:00,3.022,3.022,3.021,3.022,3.027,3.027,3.026,3.027,8
2026-03-06 00:11:00,3.0225,3.0225,3.0095,3.012,3.0275,3.0275,3.0145,3.017,12
2026-03-06 00:12:00,3.0125,3.0125,3.0125,3.0125,3.0175,3.0175,3.0175,3.0175,1
2026-03-06 00:13:00,3.012,3.0135,3.0105,3.0115,3.017,3.0185,3.0155,3.0165,9
2026-03-06 00:14:00,3.012,3.012,3.0085,3.0095,3.017,3.017,3.0135,3.0145,11
2026-03-06 00:15:00,3.009,3.009,3.009,3.009,3.014,3.014,3.014,3.014,1
2026-03-06 00:16:00,3.0095,3.01,3.0095,3.01,3.0145,3.015,3.0145,3.015,2
2026-03-06 00:17:00,3.0105,3.0105,3.01,3.01,3.0155,3.0155,3.015,3.015,2
2026-03-06 00:18:00,3.0095,3.0095,3.0085,3.0085,3.0145,3.0145,3.0135,3.0135,3
2026-03-06 00:19:00,3.008,3.008,3.008,3.008,3.013,3.013,3.013,3.013,1
2026-03-06 00:20:00,3.0085,3.0085,3.0085,3.0085,3.0135,3.0135,3.0135,3.0135,1
2026-03-06 00:21:00,3.008,3.008,3.004,3.0065,3.013,3.013,3.009,3.0115,10
2026-03-06 00:22:00,3.006,3.006,3.0045,3.0045,3.011,3.011,3.0095,3.0095,4
2026-03-06 00:23:00,3.005,3.005,3.004,3.004,3.01,3.01,3.009,3.009,2
2026-03-06 00:24:00,3.0045,3.0045,3.0045,3.0045,3.0095,3.0095,3.0095,3.0095,1
2026-03-06 00:25:00,3.005,3.007,3.005,3.007,3.01,3.012,3.01,3.012,4
2026-03-06 00:26:00,3.0065,3.007,3.0065,3.0065,3.0115,3.012,3.0115,3.0115,3
2026-03-06 00:27:00,3.007,3.009,3.0055,3.0055,3.012,3.014,3.0105,3.0105,7
2026-03-06 00:28:00,3.005,3.007,3.005,3.007,3.01,3.012,3.01,3.012,4
2026-03-06 00:29:00,3.006,3.006,3.002,3.003,3.011,3.011,3.007,3.008,7
2026-03-06 00:30:00,3.0035,3.004,3.003,3.0035,3.0085,3.009,3.008,3.0085,4
2026-03-06 00:31:00,3.003,3.0035,3.002,3.0035,3.008,3.0085,3.007,3.0085,3
2026-03-06 00:32:00,3.005,3.005,3.003,3.0035,3.01,3.01,3.008,3.0085,3
2026-03-06 00:33:00,3.003,3.003,2.9995,3.0005,3.008,3.008,3.0045,3.0055,7
2026-03-06 00:34:00,3.0,3.0,2.997,2.9985,3.005,3.005,3.002,3.0035,6
2026-03-06 00:35:00,2.998,2.9995,2.998,2.999,3.003,3.0045,3.003,3.004,4
2026-03-06 00:36:00,2.9995,2.9995,2.998,2.998,3.0045,3.0045,3.003,3.003,4
2026-03-06 00:37:00,2.9985,2.9985,2.9985,2.9985,3.0035,3.0035,3.0035,3.0035,1
2026-03-06 00:39:00,2.999,2.999,2.999,2.999,3.004,3.004,3.004,3.004,1
2026-03-06 00:42:00,2.9995,3.0005,2.9995,3.0005,3.0045,3.0055,3.0045,3.0055,3
2026-03-06 00:43:00,3.002,3.005,3.002,3.0045,3.007,3.01,3.007,3.0095,4
2026-03-06 00:44:00,3.0055,3.0055,3.0055,3.0055,3.0105,3.0105,3.0105,3.0105,1
2026-03-06 00:45:00,3.0065,3.0065,3.005,3.0055,3.0115,3.0115,3.01,3.0105,3
2026-03-06 00:46:00,3.005,3.0055,3.005,3.0055,3.01,3.0105,3.01,3.0105,2
2026-03-06 00:49:00,3.006,3.006,3.0055,3.0055,3.011,3.011,3.0105,3.0105,2
2026-03-06 00:50:00,3.005,3.005,3.005,3.005,3.01,3.01,3.01,3.01,1
2026-03-06 00:51:00,3.0045,3.005,3.0045,3.005,3.0095,3.01,3.0095,3.01,2
2026-03-06 00:52:00,3.004,3.006,3.0035,3.0055,3.009,3.011,3.0085,3.0105,6
2026-03-06 00:53:00,3.005,3.005,3.005,3.005,3.01,3.01,3.01,3.01,1
2026-03-06 00:55:00,3.0055,3.006,3.0055,3.0055,3.0105,3.011,3.0105,3.0105,3
2026-03-06 00:56:00,3.005,3.005,3.003,3.0035,3.01,3.01,3.008,3.0085,7
2026-03-06 00:58:00,3.004,3.005,3.004,3.005,3.009,3.01,3.009,3.01,3
2026-03-06 00:59:00,3.004,3.004,3.0035,3.0035,3.009,3.009,3.0085,3.0085,2
2026-03-06 01:00:00,3.001,3.001,2.9995,2.9995,3.006,3.006,3.0045,3.0045,4
2026-03-06 01:02:00,3.0,3.0005,2.9995,2.9995,3.005,3.0055,3.0045,3.0045,4
2026-03-06 01:03:00,2.9985,2.9995,2.9985,2.9995,3.0035,3.0045,3.0035,3.0045,2
2026-03-06 01:04:00,3.001,3.0015,2.9995,3.0,3.006,3.0065,3.0045,3.005,5
2026-03-06 01:05:00,3.0005,3.0005,3.0005,3.0005,3.0055,3.0055,3.0055,3.0055,1
2026-03-06 01:07:00,3.0,3.0,2.999,2.9995,3.005,3.005,3.004,3.0045,5
2026-03-06 01:09:00,3.0,3.0025,2.999,2.999,3.005,3.0075,3.004,3.004,8
2026-03-06 01:10:00,2.9995,3.0,2.9995,3.0,3.0045,3.005,3.0045,3.005,2
2026-03-06 01:11:00,2.9995,2.9995,2.9995,2.9995,3.0045,3.0045,3.0045,3.0045,1
2026-03-06 01:12:00,2.999,3.0,2.999,2.9995,3.004,3.005,3.004,3.0045,4
2026-03-06 01:13:00,2.9985,2.9985,2.9975,2.9975,3.0035,3.0035,3.0025,3.0025,3
2026-03-06 01:14:00,2.997,2.997,2.9965,2.9965,3.002,3.002,3.0015,3.0015,2
2026-03-06 01:15:00,2.996,2.996,2.996,2.996,3.001,3.001,3.001,3.001,1
2026-03-06 01:16:00,2.9955,2.9955,2.994,2.994,3.0005,3.0005,2.999,2.999,4
2026-03-06 01:17:00,2.9945,2.9945,2.9905,2.9905,2.9995,2.9995,2.9955,2.9955,23
2026-03-06 01:18:00,2.991,2.993,2.991,2.993,2.996,2.998,2.996,2.998,5
2026-03-06 01:19:00,2.994,2.994,2.992,2.992,2.999,2.999,2.997,2.997,4
2026-03-06 01:21:00,2.9925,2.9925,2.9915,2.9915,2.9975,2.9975,2.9965,2.9965,5
2026-03-06 01:22:00,2.991,2.9915,2.991,2.9915,2.996,2.9965,2.996,2.9965,2
2026-03-06 01:23:00,2.991,2.991,2.9905,2.9905,2.996,2.996,2.9955,2.9955,2
2026-03-06 01:24:00,2.9895,2.9895,2.9815,2.9845,2.9945,2.9945,2.9865,2.9895,28
2026-03-06 01:25:00,2.985,2.986,2.983,2.984,2.99,2.991,2.988,2.989,17
2026-03-06 01:26:00,2.9845,2.9855,2.9845,2.9855,2.9895,2.9905,2.9895,2.9905,5
2026-03-06 01:27:00,2.9845,2.9845,2.9815,2.9845,2.9895,2.9895,2.9865,2.9895,8
2026-03-06 01:28:00,2.984,2.9845,2.984,2.984,2.989,2.9895,2.989,2.989,3
2026-03-06 01:29:00,2.9845,2.987,2.984,2.9845,2.9895,2.992,2.989,2.9895,7
2026-03-06 01:30:00,2.984,2.984,2.9835,2.9835,2.989,2.989,2.9885,2.9885,2
2026-03-06 01:31:00,2.984,2.9855,2.984,2.984,2.989,2.9905,2.989,2.989,6
2026-03-06 01:32:00,2.983,2.9835,2.9825,2.9825,2.988,2.9885,2.9875,2.9875,4
2026-03-06 01:33:00,2.9835,2.9835,2.982,2.983,2.9885,2.9885,2.987,2.988,7
2026-03-06 01:34:00,2.981,2.9825,2.981,2.982,2.986,2.9875,2.986,2.987,7
2026-03-06 01:35:00,2.981,2.981,2.981,2.981,2.986,2.986,2.986,2.986,1
2026-03-06 01:36:00,2.982,2.982,2.981,2.981,2.987,2.987,2.986,2.986,4
2026-03-06 01:37:00,2.9815,2.982,2.981,2.982,2.9865,2.987,2.986,2.987,3
2026-03-06 01:38:00,2.983,2.984,2.9825,2.9825,2.988,2.989,2.9875,2.9875,9
2026-03-06 01:39:00,2.983,2.983,2.9825,2.9825,2.988,2.988,2.9875,2.9875,2
2026-03-06 01:40:00,2.983,2.983,2.983,2.983,2.988,2.988,2.988,2.988,1
2026-03-06 01:42:00,2.9835,2.9835,2.9835,2.9835,2.9885,2.9885,2.9885,2.9885,1
2026-03-06 01:43:00,2.984,2.984,2.984,2.984,2.989,2.989,2.989,2.989,1
2026-03-06 01:44:00,2.9845,2.9845,2.983,2.983,2.9895,2.9895,2.988,2.988,3
2026-03-06 01:45:00,2.9825,2.9825,2.9825,2.9825,2.9875,2.9875,2.9875,2.9875,1
2026-03-06 01:47:00,2.9835,2.9835,2.9835,2.9835,2.9885,2.9885,2.9885,2.9885,1
2026-03-06 01:48:00,2.9825,2.9825,2.9825,2.9825,2.9875,2.9875,2.9875,2.9875,1
2026-03-06 01:50:00,2.9835,2.9885,2.983,2.983,2.9885,2.9935,2.988,2.988,17
2026-03-06 01:51:00,2.9845,2.985,2.9845,2.985,2.9895,2.99,2.9895,2.99,2
2026-03-06 01:52:00,2.9855,2.9855,2.985,2.985,2.9905,2.9905,2.99,2.99,2
2026-03-06 01:53:00,2.986,2.986,2.9815,2.982,2.991,2.991,2.9865,2.987,7
2026-03-06 01:54:00,2.9825,2.9835,2.9825,2.9835,2.9875,2.9885,2.9875,2.9885,3
2026-03-06 01:56:00,2.983,2.983,2.983,2.983,2.988,2.988,2.988,2.988,1
2026-03-06 01:57:00,2.9815,2.9815,2.9815,2.9815,2.9865,2.9865,2.9865,2.9865,1
2026-03-06 01:58:00,2.9825,2.983,2.9825,2.983,2.9875,2.988,2.9875,2.988,2
2026-03-06 01:59:00,2.984,2.984,2.984,2.984,2.989,2.989,2.989,2.989,1
2026-03-06 02:00:00,2.983,2.9835,2.9825,2.983,2.988,2.9885,2.9875,2.988,5
2026-03-06 02:01:00,2.9845,2.9845,2.981,2.981,2.9895,2.9895,2.986,2.986,6
2026-03-06 02:03:00,2.9815,2.9815,2.981,2.981,2.9865,2.9865,2.986,2.986,2
2026-03-06 02:04:00,2.982,2.982,2.981,2.981,2.987,2.987,2.986,2.986,3
2026-03-06 02:05:00,2.9815,2.985,2.981,2.984,2.9865,2.99,2.986,2.989,10
2026-03-06 02:06:00,2.9835,2.9855,2.983,2.9855,2.9885,2.9905,2.988,2.9905,5
2026-03-06 02:07:00,2.986,2.988,2.986,2.9875,2.991,2.993,2.991,2.9925,4
2026-03-06 02:08:00,2.987,2.987,2.9865,2.987,2.992,2.992,2.9915,2.992,3
2026-03-06 02:09:00,2.988,2.989,2.988,2.989,2.993,2.994,2.993,2.994,2
2026-03-06 02:10:00,2.9875,2.988,2.9865,2.9865,2.9925,2.993,2.9915,2.9915,4
2026-03-06 02:11:00,2.987,2.987,2.9865,2.9865,2.992,2.992,2.9915,2.9915,4
2026-03-06 02:13:00,2.987,2.9885,2.987,2.9875,2.992,2.9935,2.992,2.9925,7
2026-03-06 02:14:00,2.987,2.987,2.9865,2.9865,2.992,2.992,2.9915,2.9915,2
2026-03-06 02:15:00,2.986,2.986,2.985,2.985,2.991,2.991,2.99,2.99,5
2026-03-06 02:16:00,2.984,2.985,2.984,2.985,2.989,2.99,2.989,2.99,3
2026-03-06 02:17:00,2.9855,2.9855,2.9855,2.9855,2.9905,2.9905,2.9905,2.9905,1
2026-03-06 02:18:00,2.986,2.9875,2.986,2.987,2.991,2.9925,2.991,2.992,3
2026-03-06 02:19:00,2.988,2.99,2.988,2.99,2.993,2.995,2.993,2.995,11
2026-03-06 02:20:00,2.9895,2.9895,2.9875,2.9885,2.9945,2.9945,2.9925,2.9935,7
2026-03-06 02:21:00,2.9875,2.9875,2.9875,2.9875,2.9925,2.9925,2.9925,2.9925,1
2026-03-06 02:22:00,2.9865,2.989,2.9865,2.989,2.9915,2.994,2.9915,2.994,4
2026-03-06 02:23:00,2.99,2.99,2.9875,2.9875,2.995,2.995,2.9925,2.9925,3
2026-03-06 02:24:00,2.987,2.987,2.9855,2.9855,2.992,2.992,2.9905,2.9905,3
2026-03-06 02:30:00,2.986,2.986,2.986,2.986,2.991,2.991,2.991,2.991,1
2026-03-06 02:31:00,2.9855,2.9895,2.9855,2.9895,2.9905,2.9945,2.9905,2.9945,5
2026-03-06 02:32:00,2.989,2.9895,2.989,2.9895,2.994,2.9945,2.994,2.9945,2
2026-03-06 02:33:00,2.989,2.989,2.989,2.989,2.994,2.994,2.994,2.994,1
2026-03-06 02:34:00,2.9885,2.9885,2.987,2.9875,2.9935,2.9935,2.992,2.9925,4
2026-03-06 02:35:00,2.987,2.987,2.987,2.987,2.992,2.992,2.992,2.992,1
2026-03-06 02:36:00,2.9875,2.988,2.9875,2.9875,2.9925,2.993,2.9925,2.9925,3
2026-03-06 02:37:00,2.988,2.988,2.988,2.988,2.993,2.993,2.993,2.993,1
2026-03-06 02:38:00,2.9875,2.9875,2.9865,2.9865,2.9925,2.9925,2.9915,2.9915,2
2026-03-06 02:40:00,2.987,2.99,2.987,2.99,2.992,2.995,2.992,2.995,4
2026-03-06 02:41:00,2.9895,2.9895,2.9895,2.9895,2.9945,2.9945,2.9945,2.9945,1
2026-03-06 02:42:00,2.9885,2.9885,2.9885,2.9885,2.9935,2.9935,2.9935,2.9935,1
2026-03-06 02:44:00,2.989,2.989,2.989,2.989,2.994,2.994,2.994,2.994,1
2026-03-06 02:45:00,2.99,2.99,2.99,2.99,2.995,2.995,2.995,2.995,1
2026-03-06 02:46:00,2.9895,2.99,2.9895,2.99,2.9945,2.995,2.9945,2.995,2
2026-03-06 02:47:00,2.9905,2.9905,2.9905,2.9905,2.9955,2.9955,2.9955,2.9955,1
2026-03-06 02:48:00,2.9915,2.9915,2.9905,2.9905,2.9965,2.9965,2.9955,2.9955,2
2026-03-06 02:49:00,2.99,2.99,2.989,2.989,2.995,2.995,2.994,2.994,2
2026-03-06 02:51:00,2.9895,2.99,2.9895,2.99,2.9945,2.995,2.9945,2.995,2
2026-03-06 02:52:00,2.991,2.991,2.9895,2.9905,2.996,2.996,2.9945,2.9955,4
2026-03-06 02:53:00,2.991,2.991,2.991,2.991,2.996,2.996,2.996,2.996,1
2026-03-06 02:54:00,2.99,2.991,2.99,2.991,2.995,2.996,2.995,2.996,2
2026-03-06 02:55:00,2.9915,2.992,2.9915,2.992,2.9965,2.997,2.9965,2.997,2
2026-03-06 02:56:00,2.993,2.993,2.9875,2.989,2.998,2.998,2.9925,2.994,12
2026-03-06 02:57:00,2.9895,2.99,2.989,2.99,2.9945,2.995,2.994,2.995,3
2026-03-06 02:58:00,2.991,2.991,2.991,2.991,2.996,2.996,2.996,2.996,1
2026-03-06 02:59:00,2.9905,2.9905,2.9895,2.9895,2.9955,2.9955,2.9945,2.9945,4
2026-03-06 03:00:00,2.989,2.995,2.9885,2.9945,2.994,3.0,2.9935,2.9995,12
2026-03-06 03:01:00,2.9935,2.9935,2.992,2.9935,2.9985,2.9985,2.997,2.9985,8
2026-03-06 03:02:00,2.993,2.9945,2.992,2.9945,2.998,2.9995,2.997,2.9995,5
2026-03-06 03:03:00,2.995,2.997,2.995,2.997,3.0,3.002,3.0,3.002,9
2026-03-06 03:04:00,2.996,2.998,2.995,2.9965,3.001,3.003,3.0,3.0015,12
2026-03-06 03:05:00,2.996,2.999,2.996,2.9965,3.001,3.004,3.001,3.0015,9
2026-03-06 03:06:00,2.997,2.998,2.997,2.998,3.002,3.003,3.002,3.003,5
2026-03-06 03:07:00,2.9975,3.001,2.9975,3.0,3.0025,3.006,3.0025,3.005,7
2026-03-06 03:08:00,3.0005,3.001,3.0,3.0,3.0055,3.006,3.005,3.005,6
2026-03-06 03:09:00,3.0005,3.002,3.0,3.0005,3.0055,3.007,3.005,3.0055,5
2026-03-06 03:10:00,3.0,3.0,2.9985,2.999,3.005,3.005,3.0035,3.004,4
2026-03-06 03:11:00,2.9985,2.999,2.9985,2.999,3.0035,3.004,3.0035,3.004,2
2026-03-06 03:12:00,2.998,3.0,2.998,3.0,3.003,3.005,3.003,3.005,5
2026-03-06 03:13:00,2.998,2.998,2.9965,2.998,3.003,3.003,3.0015,3.003,6
2026-03-06 03:16:00,2.9985,3.0,2.9985,2.999,3.0035,3.005,3.0035,3.004,7
2026-03-06 03:17:00,2.9985,2.9995,2.9975,2.9975,3.0035,3.0045,3.0025,3.0025,6
2026-03-06 03:18:00,2.997,2.997,2.9935,2.9935,3.002,3.002,2.9985,2.9985,5
2026-03-06 03:19:00,2.993,2.993,2.991,2.991,2.998,2.998,2.996,2.996,5
2026-03-06 03:21:00,2.99,2.991,2.99,2.99,2.995,2.996,2.995,2.995,3
2026-03-06 03:22:00,2.991,2.9925,2.991,2.9925,2.996,2.9975,2.996,2.9975,2
2026-03-06 03:23:00,2.991,2.991,2.9905,2.9905,2.996,2.996,2.9955,2.9955,2
2026-03-06 03:24:00,2.991,2.992,2.9905,2.9905,2.996,2.997,2.9955,2.9955,5
2026-03-06 03:26:00,2.991,2.991,2.991,2.991,2.996,2.996,2.996,2.996,1
2026-03-06 03:27:00,2.99,2.99,2.988,2.989,2.995,2.995,2.993,2.994,9
2026-03-06 03:28:00,2.99,2.9925,2.99,2.9915,2.995,2.9975,2.995,2.9965,10
2026-03-06 03:29:00,2.991,2.991,2.9895,2.99,2.996,2.996,2.9945,2.995,4
2026-03-06 03:30:00,2.9905,2.9915,2.9905,2.9905,2.9955,2.9965,2.9955,2.9955,3
2026-03-06 03:31:00,2.989,2.9895,2.988,2.9895,2.994,2.9945,2.993,2.9945,5
2026-03-06 03:32:00,2.99,2.99,2.9895,2.9895,2.995,2.995,2.9945,2.9945,2
2026-03-06 03:33:00,2.99,2.99,2.9895,2.9895,2.995,2.995,2.9945,2.9945,2
2026-03-06 03:34:00,2.99,2.99,2.9895,2.9895,2.995,2.995,2.9945,2.9945,2
2026-03-06 03:36:00,2.99,2.9905,2.99,2.99,2.995,2.9955,2.995,2.995,3
2026-03-06 03:37:00,2.9905,2.9905,2.9905,2.9905,2.9955,2.9955,2.9955,2.9955,1
2026-03-06 03:38:00,2.9895,2.9895,2.9895,2.9895,2.9945,2.9945,2.9945,2.9945,1
2026-03-06 03:39:00,2.989,2.9895,2.988,2.9895,2.994,2.9945,2.993,2.9945,4
2026-03-06 03:40:00,2.99,2.9905,2.99,2.9905,2.995,2.9955,2.995,2.9955,2
2026-03-06 03:41:00,2.991,2.991,2.9895,2.9895,2.996,2.996,2.9945,2.9945,2
2026-03-06 03:44:00,2.989,2.9895,2.989,2.9895,2.994,2.9945,2.994,2.9945,2
2026-03-06 03:49:00,2.989,2.989,2.988,2.988,2.994,2.994,2.993,2.993,3
2026-03-06 03:50:00,2.9875,2.9875,2.9835,2.9835,2.9925,2.9925,2.9885,2.9885,6
2026-03-06 03:51:00,2.984,2.9865,2.984,2.9865,2.989,2.9915,2.989,2.9915,5
2026-03-06 03:52:00,2.987,2.987,2.986,2.987,2.992,2.992,2.991,2.992,3
2026-03-06 03:53:00,2.988,2.989,2.988,2.989,2.993,2.994,2.993,2.994,2
2026-03-06 03:54:00,2.9885,2.989,2.9875,2.989,2.9935,2.994,2.9925,2.994,4
2026-03-06 03:56:00,2.9885,2.989,2.988,2.989,2.9935,2.994,2.993,2.994,3
2026-03-06 03:57:00,2.9885,2.9885,2.9885,2.9885,2.9935,2.9935,2.9935,2.9935,1
2026-03-06 03:59:00,2.989,2.989,2.989,2.989,2.994,2.994,2.994,2.994,1
2026-03-06 04:00:00,2.9895,2.992,2.9895,2.99,2.9945,2.997,2.9945,2.995,7
2026-03-06 04:01:00,2.9905,2.991,2.9905,2.9905,2.9955,2.996,2.9955,2.9955,3
2026-03-06 04:02:00,2.991,2.991,2.991,2.991,2.996,2.996,2.996,2.996,1
2026-03-06 04:03:00,2.9915,2.992,2.9915,2.992,2.9965,2.997,2.9965,2.997,2
2026-03-06 04:05:00,2.9925,2.993,2.9925,2.993,2.9975,2.998,2.9975,2.998,2
2026-03-06 04:06:00,2.994,2.994,2.99,2.99,2.999,2.999,2.995,2.995,8
2026-03-06 04:08:00,2.991,2.9915,2.991,2.9915,2.996,2.9965,2.996,2.9965,2
2026-03-06 04:13:00,2.992,2.993,2.9915,2.9925,2.997,2.998,2.9965,2.9975,9
2026-03-06 04:14:00,2.992,2.9925,2.991,2.991,2.997,2.9975,2.996,2.996,3
2026-03-06 04:15:00,2.9905,2.9905,2.9905,2.9905,2.9955,2.9955,2.9955,2.9955,1
2026-03-06 04:16:00,2.99,2.99,2.987,2.989,2.995,2.995,2.992,2.994,6
2026-03-06 04:17:00,2.9895,2.9905,2.9895,2.9905,2.9945,2.9955,2.9945,2.9955,2
2026-03-06 04:18:00,2.99,2.99,2.9895,2.9895,2.995,2.995,2.9945,2.9945,2
2026-03-06 04:19:00,2.9905,2.9905,2.9905,2.9905,2.9955,2.9955,2.9955,2.9955,1
2026-03-06 04:20:00,2.989,2.9905,2.989,2.9905,2.994,2.9955,2.994,2.9955,2
2026-03-06 04:23:00,2.991,2.9925,2.991,2.992,2.996,2.9975,2.996,2.997,3
2026-03-06 04:24:00,2.9925,2.9925,2.992,2.9925,2.9975,2.9975,2.997,2.9975,3
2026-03-06 04:25:00,2.992,2.9925,2.992,2.9925,2.997,2.9975,2.997,2.9975,2
2026-03-06 04:26:00,2.992,2.996,2.992,2.995,2.997,3.001,2.997,3.0,12
2026-03-06 04:27:00,2.9945,2.995,2.992,2.9935,2.9995,3.0,2.997,2.9985,9
2026-03-06 04:28:00,2.993,2.9945,2.993,2.9935,2.998,2.9995,2.998,2.9985,5
2026-03-06 04:29:00,2.9925,2.9925,2.9925,2.9925,2.9975,2.9975,2.9975,2.9975,1
2026-03-06 04:30:00,2.992,2.992,2.983,2.9845,2.997,2.997,2.988,2.9895,26
2026-03-06 04:31:00,2.984,2.9855,2.981,2.9815,2.989,2.9905,2.986,2.9865,34
2026-03-06 04:32:00,2.982,2.986,2.982,2.9845,2.987,2.991,2.987,2.9895,9
2026-03-06 04:33:00,2.985,2.9875,2.9845,2.9875,2.99,2.9925,2.9895,2.9925,8
2026-03-06 04:34:00,2.987,2.988,2.9865,2.9875,2.992,2.993,2.9915,2.9925,9
2026-03-06 04:35:00,2.987,2.9875,2.987,2.9875,2.992,2.9925,2.992,2.9925,2
2026-03-06 04:36:00,2.988,2.988,2.987,2.9875,2.993,2.993,2.992,2.9925,6
2026-03-06 04:37:00,2.987,2.99,2.986,2.986,2.992,2.995,2.991,2.991,14
2026-03-06 04:38:00,2.987,2.9895,2.9865,2.989,2.992,2.9945,2.9915,2.994,8
2026-03-06 04:39:00,2.9885,2.989,2.9885,2.989,2.9935,2.994,2.9935,2.994,2
2026-03-06 04:40:00,2.9895,2.991,2.9895,2.991,2.9945,2.996,2.9945,2.996,3
2026-03-06 04:41:00,2.99,2.991,2.99,2.99,2.995,2.996,2.995,2.995,3
2026-03-06 04:42:00,2.989,2.989,2.988,2.988,2.994,2.994,2.993,2.993,9
2026-03-06 04:44:00,2.9875,2.994,2.9875,2.993,2.9925,2.999,2.9925,2.998,12
2026-03-06 04:45:00,2.992,2.992,2.9885,2.9885,2.997,2.997,2.9935,2.9935,9
2026-03-06 04:46:00,2.989,2.9895,2.987,2.987,2.994,2.9945,2.992,2.992,10
2026-03-06 04:47:00,2.9885,2.9885,2.987,2.9875,2.9935,2.9935,2.992,2.9925,5
2026-03-06 04:48:00,2.987,2.988,2.987,2.987,2.992,2.993,2.992,2.992,6
2026-03-06 04:49:00,2.9865,2.9865,2.985,2.9855,2.9915,2.9915,2.99,2.9905,15
2026-03-06 04:50:00,2.985,2.988,2.985,2.9875,2.99,2.993,2.99,2.9925,10
2026-03-06 04:51:00,2.988,2.988,2.9855,2.9855,2.993,2.993,2.9905,2.9905,7
2026-03-06 04:52:00,2.985,2.986,2.985,2.986,2.99,2.991,2.99,2.991,2
2026-03-06 04:53:00,2.985,2.986,2.9845,2.9845,2.99,2.991,2.9895,2.9895,5
2026-03-06 04:54:00,2.986,2.986,2.9845,2.9845,2.991,2.991,2.9895,2.9895,3
2026-03-06 04:55:00,2.985,2.988,2.985,2.987,2.99,2.993,2.99,2.992,10
2026-03-06 04:56:00,2.9865,2.989,2.9855,2.9875,2.9915,2.994,2.9905,2.9925,11
2026-03-06 04:57:00,2.986,2.986,2.986,2.986,2.991,2.991,2.991,2.991,1
2026-03-06 04:59:00,2.9865,2.987,2.9865,2.987,2.9915,2.992,2.9915,2.992,2
2026-03-06 05:00:00,2.9875,2.989,2.9865,2.9865,2.9925,2.994,2.9915,2.9915,8
2026-03-06 05:01:00,2.987,2.9875,2.987,2.987,2.992,2.9925,2.992,2.992,3
2026-03-06 05:02:00,2.9875,2.9885,2.987,2.987,2.9925,2.9935,2.992,2.992,5
2026-03-06 05:04:00,2.986,2.986,2.985,2.985,2.991,2.991,2.99,2.99,3
2026-03-06 05:05:00,2.984,2.985,2.984,2.984,2.989,2.99,2.989,2.989,3
2026-03-06 05:07:00,2.9845,2.9845,2.984,2.984,2.9895,2.9895,2.989,2.989,4
2026-03-06 05:08:00,2.9845,2.9855,2.9845,2.985,2.9895,2.9905,2.9895,2.99,4
2026-03-06 05:09:00,2.9855,2.987,2.9845,2.9845,2.9905,2.992,2.9895,2.9895,6
2026-03-06 05:10:00,2.986,2.986,2.986,2.986,2.991,2.991,2.991,2.991,1
2026-03-06 05:13:00,2.9865,2.987,2.986,2.987,2.9915,2.992,2.991,2.992,4
2026-03-06 05:15:00,2.9875,2.9895,2.9875,2.989,2.9925,2.9945,2.9925,2.994,6
2026-03-06 05:16:00,2.9885,2.9885,2.9865,2.9875,2.9935,2.9935,2.9915,2.9925,4
2026-03-06 05:17:00,2.988,2.989,2.9875,2.9875,2.993,2.994,2.9925,2.9925,8
2026-03-06 05:18:00,2.987,2.987,2.987,2.987,2.992,2.992,2.992,2.992,1
2026-03-06 05:19:00,2.988,2.99,2.988,2.9885,2.993,2.995,2.993,2.9935,6
2026-03-06 05:20:00,2.988,2.988,2.9875,2.9875,2.993,2.993,2.9925,2.9925,2
2026-03-06 05:21:00,2.9865,2.987,2.986,2.986,2.9915,2.992,2.991,2.991,3
2026-03-06 05:22:00,2.987,2.987,2.987,2.987,2.992,2.992,2.992,2.992,1
2026-03-06 05:23:00,2.9875,2.9875,2.9875,2.9875,2.9925,2.9925,2.9925,2.9925,1
2026-03-06 05:24:00,2.987,2.9875,2.987,2.987,2.992,2.9925,2.992,2.992,3
2026-03-06 05:25:00,2.988,2.9895,2.988,2.9895,2.993,2.9945,2.993,2.9945,4
2026-03-06 05:26:00,2.99,2.99,2.9895,2.9895,2.995,2.995,2.9945,2.9945,2
2026-03-06 05:27:00,2.988,2.988,2.986,2.986,2.993,2.993,2.991,2.991,2
2026-03-06 05:28:00,2.985,2.9855,2.984,2.985,2.99,2.9905,2.989,2.99,6
2026-03-06 05:31:00,2.984,2.985,2.984,2.985,2.989,2.99,2.989,2.99,2
2026-03-06 05:32:00,2.9855,2.986,2.9855,2.986,2.9905,2.991,2.9905,2.991,2
2026-03-06 05:33:00,2.9865,2.9865,2.9845,2.986,2.9915,2.9915,2.9895,2.991,5
2026-03-06 05:34:00,2.9855,2.9855,2.9835,2.984,2.9905,2.9905,2.9885,2.989,7
2026-03-06 05:35:00,2.983,2.983,2.983,2.983,2.988,2.988,2.988,2.988,1
2026-03-06 05:37:00,2.982,2.982,2.982,2.982,2.987,2.987,2.987,2.987,1
2026-03-06 05:38:00,2.983,2.983,2.9815,2.9825,2.988,2.988,2.9865,2.9875,7
2026-03-06 05:39:00,2.9815,2.982,2.9815,2.982,2.9865,2.987,2.9865,2.987,2
2026-03-06 05:40:00,2.981,2.9815,2.981,2.9815,2.986,2.9865,2.986,2.9865,6
2026-03-06 05:41:00,2.982,2.982,2.981,2.981,2.987,2.987,2.986,2.986,3
2026-03-06 05:44:00,2.9815,2.982,2.9815,2.982,2.9865,2.987,2.9865,2.987,2
2026-03-06 05:46:00,2.9835,2.984,2.9835,2.984,2.9885,2.989,2.9885,2.989,2
2026-03-06 05:48:00,2.9845,2.9855,2.9845,2.985,2.9895,2.9905,2.9895,2.99,3
2026-03-06 05:49:00,2.9855,2.9855,2.9855,2.9855,2.9905,2.9905,2.9905,2.9905,1
2026-03-06 05:50:00,2.985,2.986,2.985,2.9855,2.99,2.991,2.99,2.9905,3
2026-03-06 05:51:00,2.985,2.985,2.985,2.985,2.99,2.99,2.99,2.99,1
2026-03-06 05:52:00,2.9855,2.987,2.9855,2.987,2.9905,2.992,2.9905,2.992,3
2026-03-06 05:54:00,2.986,2.989,2.986,2.987,2.991,2.994,2.991,2.992,9
2026-03-06 05:55:00,2.9875,2.9875,2.987,2.9875,2.9925,2.9925,2.992,2.9925,3
2026-03-06 05:56:00,2.988,2.988,2.9865,2.9865,2.993,2.993,2.9915,2.9915,3
2026-03-06 05:57:00,2.987,2.9875,2.987,2.9875,2.992,2.9925,2.992,2.9925,2
2026-03-06 05:58:00,2.988,2.9885,2.988,2.9885,2.993,2.9935,2.993,2.9935,2
2026-03-06 05:59:00,2.989,2.989,2.984,2.9845,2.994,2.994,2.989,2.9895,11
2026-03-06 06:00:00,2.985,2.985,2.985,2.985,2.99,2.99,2.99,2.99,1
2026-03-06 06:01:00,2.986,2.986,2.986,2.986,2.991,2.991,2.991,2.991,1
2026-03-06 06:02:00,2.985,2.985,2.985,2.985,2.99,2.99,2.99,2.99,1
2026-03-06 06:05:00,2.9845,2.985,2.9845,2.985,2.9895,2.99,2.9895,2.99,2
2026-03-06 06:07:00,2.984,2.984,2.981,2.981,2.989,2.989,2.986,2.986,6
2026-03-06 06:09:00,2.98,2.98,2.971,2.974,2.985,2.985,2.976,2.979,32
2026-03-06 06:10:00,2.9745,2.978,2.9745,2.975,2.9795,2.983,2.9795,2.98,11
2026-03-06 06:11:00,2.9745,2.9745,2.973,2.9735,2.9795,2.9795,2.978,2.9785,4
2026-03-06 06:12:00,2.973,2.9755,2.973,2.975,2.978,2.9805,2.978,2.98,7
2026-03-06 06:13:00,2.976,2.9765,2.975,2.9765,2.981,2.9815,2.98,2.9815,3
2026-03-06 06:14:00,2.977,2.977,2.976,2.976,2.982,2.982,2.981,2.981,4
2026-03-06 06:15:00,2.975,2.9755,2.968,2.9685,2.98,2.9805,2.973,2.9735,14
2026-03-06 06:16:00,2.968,2.969,2.968,2.969,2.973,2.974,2.973,2.974,2
2026-03-06 06:18:00,2.9705,2.9705,2.969,2.97,2.9755,2.9755,2.974,2.975,3
2026-03-06 06:19:00,2.969,2.97,2.969,2.97,2.974,2.975,2.974,2.975,3
2026-03-06 06:21:00,2.9705,2.971,2.9705,2.971,2.9755,2.976,2.9755,2.976,2
2026-03-06 06:22:00,2.9715,2.9725,2.9715,2.9725,2.9765,2.9775,2.9765,2.9775,2
2026-03-06 06:23:00,2.973,2.973,2.9725,2.973,2.978,2.978,2.9775,2.978,3
2026-03-06 06:24:00,2.974,2.976,2.974,2.976,2.979,2.981,2.979,2.981,8
2026-03-06 06:25:00,2.9775,2.979,2.977,2.979,2.9825,2.984,2.982,2.984,4
2026-03-06 06:28:00,2.98,2.9805,2.98,2.98,2.985,2.9855,2.985,2.985,3
2026-03-06 06:30:00,2.979,2.979,2.977,2.979,2.984,2.984,2.982,2.984,5
2026-03-06 06:31:00,2.98,2.98,2.98,2.98,2.985,2.985,2.985,2.985,1
2026-03-06 06:32:00,2.981,2.9815,2.981,2.981,2.986,2.9865,2.986,2.986,3
2026-03-06 06:33:00,2.9815,2.9825,2.981,2.9825,2.9865,2.9875,2.986,2.9875,4
2026-03-06 06:34:00,2.982,2.9825,2.9805,2.9805,2.987,2.9875,2.9855,2.9855,4
2026-03-06 06:35:00,2.981,2.982,2.981,2.982,2.986,2.987,2.986,2.987,3
2026-03-06 06:36:00,2.9825,2.985,2.9825,2.984,2.9875,2.99,2.9875,2.989,8
2026-03-06 06:38:00,2.983,2.986,2.983,2.9845,2.988,2.991,2.988,2.9895,7
2026-03-06 06:39:00,2.984,2.9855,2.984,2.9855,2.989,2.9905,2.989,2.9905,3
2026-03-06 06:40:00,2.985,2.9855,2.985,2.985,2.99,2.9905,2.99,2.99,3
2026-03-06 06:41:00,2.984,2.984,2.9825,2.984,2.989,2.989,2.9875,2.989,5
2026-03-06 06:42:00,2.9855,2.9855,2.9825,2.9835,2.9905,2.9905,2.9875,2.9885,8
2026-03-06 06:43:00,2.984,2.99,2.984,2.986,2.989,2.995,2.989,2.991,10
2026-03-06 06:44:00,2.9865,2.987,2.982,2.9825,2.9915,2.992,2.987,2.9875,10
2026-03-06 06:45:00,2.9815,2.9825,2.976,2.9775,2.9865,2.9875,2.981,2.9825,17
2026-03-06 06:46:00,2.977,2.9775,2.977,2.977,2.982,2.9825,2.982,2.982,5
2026-03-06 06:47:00,2.9775,2.98,2.977,2.98,2.9825,2.985,2.982,2.985,15
2026-03-06 06:48:00,2.9805,2.982,2.9775,2.9775,2.9855,2.987,2.9825,2.9825,11
2026-03-06 06:49:00,2.977,2.9775,2.9715,2.977,2.982,2.9825,2.9765,2.982,28
2026-03-06 06:50:00,2.9775,2.9775,2.9745,2.9745,2.9825,2.9825,2.9795,2.9795,14
2026-03-06 06:51:00,2.974,2.9765,2.974,2.9765,2.979,2.9815,2.979,2.9815,3
2026-03-06 06:52:00,2.977,2.9785,2.9755,2.9765,2.982,2.9835,2.9805,2.9815,11
2026-03-06 06:53:00,2.976,2.976,2.9745,2.9745,2.981,2.981,2.9795,2.9795,2
2026-03-06 06:54:00,2.9755,2.979,2.9755,2.9785,2.9805,2.984,2.9805,2.9835,7
2026-03-06 06:55:00,2.9765,2.9765,2.972,2.973,2.9815,2.9815,2.977,2.978,15
2026-03-06 06:56:00,2.9725,2.9735,2.971,2.9735,2.9775,2.9785,2.976,2.9785,13
2026-03-06 06:57:00,2.973,2.9765,2.973,2.9765,2.978,2.9815,2.978,2.9815,6
2026-03-06 06:58:00,2.9755,2.977,2.975,2.975,2.9805,2.982,2.98,2.98,7
2026-03-06 06:59:00,2.976,2.9765,2.9745,2.976,2.981,2.9815,2.9795,2.981,8
2026-03-06 07:00:00,2.977,2.9865,2.977,2.9845,2.982,2.9915,2.982,2.9895,21
2026-03-06 07:01:00,2.985,2.987,2.985,2.987,2.99,2.992,2.99,2.992,10
2026-03-06 07:02:00,2.986,2.987,2.9845,2.987,2.991,2.992,2.9895,2.992,6
2026-03-06 07:03:00,2.9875,2.9875,2.9875,2.9875,2.9925,2.9925,2.9925,2.9925,1
2026-03-06 07:04:00,2.988,2.989,2.988,2.989,2.993,2.994,2.993,2.994,3
2026-03-06 07:05:00,2.9885,2.9885,2.9865,2.987,2.9935,2.9935,2.9915,2.992,10
2026-03-06 07:06:00,2.986,2.986,2.984,2.986,2.991,2.991,2.989,2.991,9
2026-03-06 07:07:00,2.9855,2.9855,2.982,2.9825,2.9905,2.9905,2.987,2.9875,6
2026-03-06 07:08:00,2.983,2.984,2.98,2.9815,2.988,2.989,2.985,2.9865,8
2026-03-06 07:09:00,2.981,2.981,2.981,2.981,2.986,2.986,2.986,2.986,1
2026-03-06 07:10:00,2.9815,2.982,2.9815,2.982,2.9865,2.987,2.9865,2.987,2
2026-03-06 07:11:00,2.9815,2.9815,2.9795,2.9795,2.9865,2.9865,2.9845,2.9845,8
2026-03-06 07:12:00,2.98,2.9805,2.98,2.9805,2.985,2.9855,2.985,2.9855,2
2026-03-06 07:14:00,2.98,2.982,2.98,2.981,2.985,2.987,2.985,2.986,4
2026-03-06 07:15:00,2.98,2.98,2.979,2.979,2.985,2.985,2.984,2.984,2
2026-03-06 07:16:00,2.9795,2.9795,2.9755,2.978,2.9845,2.9845,2.9805,2.983,7
2026-03-06 07:18:00,2.977,2.977,2.977,2.977,2.982,2.982,2.982,2.982,1
2026-03-06 07:19:00,2.9765,2.977,2.9765,2.977,2.9815,2.982,2.9815,2.982,4
2026-03-06 07:21:00,2.976,2.976,2.975,2.976,2.981,2.981,2.98,2.981,3
2026-03-06 07:22:00,2.9755,2.9755,2.9695,2.9705,2.9805,2.9805,2.9745,2.9755,13
2026-03-06 07:23:00,2.971,2.971,2.97,2.9705,2.976,2.976,2.975,2.9755,4
2026-03-06 07:24:00,2.9715,2.9835,2.9715,2.982,2.9765,2.9885,2.9765,2.987,15
2026-03-06 07:25:00,2.983,2.984,2.9815,2.984,2.988,2.989,2.9865,2.989,8
2026-03-06 07:26:00,2.9835,2.9835,2.9815,2.982,2.9885,2.9885,2.9865,2.987,4
2026-03-06 07:27:00,2.981,2.981,2.981,2.981,2.986,2.986,2.986,2.986,1
2026-03-06 07:28:00,2.98,2.98,2.975,2.977,2.985,2.985,2.98,2.982,10
2026-03-06 07:29:00,2.9765,2.977,2.9765,2.977,2.9815,2.982,2.9815,2.982,2
2026-03-06 07:30:00,2.9775,2.979,2.9765,2.979,2.9825,2.984,2.9815,2.984,7
2026-03-06 07:31:00,2.9795,2.9795,2.9765,2.979,2.9845,2.9845,2.9815,2.984,7
2026-03-06 07:32:00,2.9795,2.9795,2.9795,2.9795,2.9845,2.9845,2.9845,2.9845,1
2026-03-06 07:34:00,2.981,2.9855,2.981,2.9845,2.986,2.9905,2.986,2.9895,10
2026-03-06 07:35:00,2.985,2.986,2.9845,2.9845,2.99,2.991,2.9895,2.9895,6
2026-03-06 07:36:00,2.985,2.9855,2.9845,2.9855,2.99,2.9905,2.9895,2.9905,4
2026-03-06 07:37:00,2.985,2.985,2.9845,2.9845,2.99,2.99,2.9895,2.9895,2
2026-03-06 07:38:00,2.985,2.9855,2.985,2.9855,2.99,2.9905,2.99,2.9905,4
2026-03-06 07:40:00,2.986,2.9865,2.986,2.9865,2.991,2.9915,2.991,2.9915,2
2026-03-06 07:41:00,2.986,2.986,2.982,2.982,2.991,2.991,2.987,2.987,7
2026-03-06 07:42:00,2.981,2.9825,2.981,2.982,2.986,2.9875,2.986,2.987,3
2026-03-06 07:44:00,2.9825,2.9825,2.9825,2.9825,2.9875,2.9875,2.9875,2.9875,1
2026-03-06 07:45:00,2.983,2.983,2.9815,2.9815,2.988,2.988,2.9865,2.9865,2
2026-03-06 07:46:00,2.982,2.982,2.982,2.982,2.987,2.987,2.987,2.987,1
2026-03-06 07:47:00,2.981,2.9835,2.981,2.9835,2.986,2.9885,2.986,2.9885,3
2026-03-06 07:49:00,2.9825,2.9835,2.9825,2.9835,2.9875,2.9885,2.9875,2.9885,3
2026-03-06 07:50:00,2.983,2.983,2.9755,2.9765,2.988,2.988,2.9805,2.9815,17
2026-03-06 07:51:00,2.977,2.9815,2.977,2.9815,2.982,2.9865,2.982,2.9865,4
2026-03-06 07:52:00,2.9825,2.9835,2.9825,2.9835,2.9875,2.9885,2.9875,2.9885,6
2026-03-06 07:53:00,2.985,2.9865,2.9835,2.9855,2.99,2.9915,2.9885,2.9905,11
2026-03-06 07:54:00,2.986,2.986,2.9825,2.986,2.991,2.991,2.9875,2.991,11
2026-03-06 07:55:00,2.985,2.985,2.985,2.985,2.99,2.99,2.99,2.99,1
2026-03-06 07:56:00,2.9845,2.985,2.984,2.985,2.9895,2.99,2.989,2.99,3
2026-03-06 07:57:00,2.984,2.984,2.9805,2.9805,2.989,2.989,2.9855,2.9855,5
2026-03-06 07:58:00,2.979,2.979,2.9735,2.9755,2.984,2.984,2.9785,2.9805,16
2026-03-06 07:59:00,2.976,2.9765,2.976,2.9765,2.981,2.9815,2.981,2.9815,2
2026-03-06 08:00:00,2.977,2.977,2.9755,2.976,2.982,2.982,2.9805,2.981,4
2026-03-06 08:01:00,2.9755,2.976,2.973,2.973,2.9805,2.981,2.978,2.978,9
2026-03-06 08:02:00,2.9735,2.9735,2.968,2.9695,2.9785,2.9785,2.973,2.9745,17
2026-03-06 08:03:00,2.97,2.97,2.9675,2.968,2.975,2.975,2.9725,2.973,7
2026-03-06 08:04:00,2.9675,2.968,2.9675,2.968,2.9725,2.973,2.9725,2.973,10
2026-03-06 08:05:00,2.969,2.97,2.969,2.97,2.974,2.975,2.974,2.975,5
2026-03-06 08:06:00,2.9695,2.9705,2.969,2.9705,2.9745,2.9755,2.974,2.9755,8
2026-03-06 08:07:00,2.97,2.9705,2.97,2.97,2.975,2.9755,2.975,2.975,3
2026-03-06 08:08:00,2.9705,2.9705,2.9705,2.9705,2.9755,2.9755,2.9755,2.9755,1
2026-03-06 08:09:00,2.97,2.97,2.9695,2.9695,2.975,2.975,2.9745,2.9745,2
2026-03-06 08:10:00,2.97,2.97,2.9695,2.9695,2.975,2.975,2.9745,2.9745,4
2026-03-06 08:11:00,2.969,2.969,2.966,2.9665,2.974,2.974,2.971,2.9715,10
2026-03-06 08:12:00,2.967,2.967,2.966,2.966,2.972,2.972,2.971,2.971,2
2026-03-06 08:13:00,2.9665,2.9665,2.9635,2.964,2.9715,2.9715,2.9685,2.969,8
2026-03-06 08:14:00,2.9645,2.965,2.963,2.9645,2.9695,2.97,2.968,2.9695,8
2026-03-06 08:15:00,2.965,2.9675,2.9645,2.9675,2.97,2.9725,2.9695,2.9725,9
2026-03-06 08:16:00,2.968,2.969,2.9675,2.9675,2.973,2.974,2.9725,2.9725,6
2026-03-06 08:17:00,2.967,2.969,2.966,2.969,2.972,2.974,2.971,2.974,7
2026-03-06 08:18:00,2.9695,2.9695,2.9675,2.9685,2.9745,2.9745,2.9725,2.9735,7
2026-03-06 08:19:00,2.968,2.97,2.9665,2.9665,2.973,2.975,2.9715,2.9715,9
2026-03-06 08:20:00,2.9655,2.9655,2.962,2.964,2.9705,2.9705,2.967,2.969,12
2026-03-06 08:21:00,2.9645,2.9655,2.96,2.962,2.9695,2.9705,2.965,2.967,14
2026-03-06 08:22:00,2.9615,2.962,2.9615,2.962,2.9665,2.967,2.9665,2.967,12
2026-03-06 08:23:00,2.9615,2.9625,2.9595,2.9625,2.9665,2.9675,2.9645,2.9675,8
2026-03-06 08:24:00,2.963,2.963,2.9595,2.9595,2.968,2.968,2.9645,2.9645,5
2026-03-06 08:25:00,2.96,2.9665,2.959,2.964,2.965,2.9715,2.964,2.969,13
2026-03-06 08:26:00,2.963,2.963,2.962,2.9625,2.968,2.968,2.967,2.9675,6
2026-03-06 08:27:00,2.962,2.966,2.962,2.966,2.967,2.971,2.967,2.971,6
2026-03-06 08:28:00,2.9665,2.9675,2.9665,2.9675,2.9715,2.9725,2.9715,2.9725,4
2026-03-06 08:29:00,2.97,2.97,2.969,2.969,2.975,2.975,2.974,2.974,4
2026-03-06 08:30:00,2.9675,2.9685,2.9675,2.9685,2.9725,2.9735,2.9725,2.9735,2
2026-03-06 08:31:00,2.968,2.968,2.967,2.967,2.973,2.973,2.972,2.972,2
2026-03-06 08:32:00,2.9685,2.9685,2.9685,2.9685,2.9735,2.9735,2.9735,2.9735,1
2026-03-06 08:33:00,2.9675,2.968,2.9675,2.968,2.9725,2.973,2.9725,2.973,2
2026-03-06 08:34:00,2.9685,2.972,2.9675,2.969,2.9735,2.977,2.9725,2.974,10
2026-03-06 08:35:00,2.9695,2.9705,2.9685,2.97,2.9745,2.9755,2.9735,2.975,14
2026-03-06 08:36:00,2.9695,2.9725,2.9695,2.972,2.9745,2.9775,2.9745,2.977,8
2026-03-06 08:37:00,2.9715,2.972,2.9705,2.9705,2.9765,2.977,2.9755,2.9755,3
2026-03-06 08:38:00,2.971,2.972,2.9705,2.9715,2.976,2.977,2.9755,2.9765,5
2026-03-06 08:39:00,2.972,2.972,2.971,2.971,2.977,2.977,2.976,2.976,3
2026-03-06 08:41:00,2.9725,2.973,2.9725,2.973,2.9775,2.978,2.9775,2.978,2
2026-03-06 08:42:00,2.974,2.9765,2.974,2.976,2.979,2.9815,2.979,2.981,7
2026-03-06 08:43:00,2.9755,2.9755,2.974,2.974,2.9805,2.9805,2.979,2.979,3
2026-03-06 08:44:00,2.975,2.977,2.9735,2.9735,2.98,2.982,2.9785,2.9785,9
2026-03-06 08:45:00,2.974,2.974,2.9735,2.9735,2.979,2.979,2.9785,2.9785,4
2026-03-06 08:46:00,2.974,2.975,2.974,2.975,2.979,2.98,2.979,2.98,4
2026-03-06 08:47:00,2.976,2.9765,2.976,2.976,2.981,2.9815,2.981,2.981,5
2026-03-06 08:48:00,2.975,2.9795,2.975,2.9795,2.98,2.9845,2.98,2.9845,9
2026-03-06 08:49:00,2.979,2.981,2.9765,2.9805,2.984,2.986,2.9815,2.9855,14
2026-03-06 08:50:00,2.98,2.9805,2.977,2.977,2.985,2.9855,2.982,2.982,8
2026-03-06 08:51:00,2.9775,2.978,2.9775,2.978,2.9825,2.983,2.9825,2.983,2
2026-03-06 08:52:00,2.977,2.9775,2.975,2.976,2.982,2.9825,2.98,2.981,9
2026-03-06 08:53:00,2.977,2.978,2.976,2.976,2.982,2.983,2.981,2.981,4
2026-03-06 08:54:00,2.9775,2.9785,2.975,2.976,2.9825,2.9835,2.98,2.981,11
2026-03-06 08:55:00,2.9755,2.9755,2.975,2.975,2.9805,2.9805,2.98,2.98,2
2026-03-06 08:56:00,2.976,2.976,2.974,2.9745,2.981,2.981,2.979,2.9795,5
2026-03-06 08:57:00,2.975,2.9755,2.975,2.9755,2.98,2.9805,2.98,2.9805,2
2026-03-06 08:58:00,2.975,2.9765,2.975,2.9765,2.98,2.9815,2.98,2.9815,5
2026-03-06 08:59:00,2.977,2.977,2.973,2.975,2.982,2.982,2.978,2.98,8
2026-03-06 09:00:00,2.9745,2.977,2.971,2.9715,2.9795,2.982,2.976,2.9765,22
2026-03-06 09:01:00,2.969,2.969,2.9645,2.965,2.974,2.974,2.9695,2.97,11
2026-03-06 09:02:00,2.9665,2.9685,2.966,2.968,2.9715,2.9735,2.971,2.973,6
2026-03-06 09:03:00,2.9675,2.968,2.967,2.9675,2.9725,2.973,2.972,2.9725,4
2026-03-06 09:04:00,2.967,2.9675,2.967,2.9675,2.972,2.9725,2.972,2.9725,4
2026-03-06 09:05:00,2.968,2.969,2.968,2.969,2.973,2.974,2.973,2.974,3
2026-03-06 09:06:00,2.9695,2.9705,2.9695,2.9705,2.9745,2.9755,2.9745,2.9755,4
2026-03-06 09:07:00,2.971,2.9735,2.971,2.9735,2.976,2.9785,2.976,2.9785,4
2026-03-06 09:08:00,2.974,2.9755,2.9735,2.9755,2.979,2.9805,2.9785,2.9805,7
2026-03-06 09:09:00,2.975,2.979,2.9735,2.9785,2.98,2.984,2.9785,2.9835,13
2026-03-06 09:10:00,2.978,2.985,2.9765,2.983,2.983,2.99,2.9815,2.988,23
2026-03-06 09:11:00,2.9835,2.9905,2.9835,2.987,2.9885,2.9955,2.9885,2.992,29
2026-03-06 09:12:00,2.9875,2.989,2.986,2.9875,2.9925,2.994,2.991,2.9925,12
2026-03-06 09:13:00,2.987,2.989,2.987,2.989,2.992,2.994,2.992,2.994,14
2026-03-06 09:14:00,2.9885,2.9885,2.986,2.987,2.9935,2.9935,2.991,2.992,11
2026-03-06 09:15:00,2.986,2.9885,2.986,2.9885,2.991,2.9935,2.991,2.9935,5
2026-03-06 09:16:00,2.988,2.9885,2.986,2.987,2.993,2.9935,2.991,2.992,12
2026-03-06 09:17:00,2.9865,2.988,2.9865,2.987,2.9915,2.993,2.9915,2.992,5
2026-03-06 09:18:00,2.9875,2.9875,2.978,2.9795,2.9925,2.9925,2.983,2.9845,14
2026-03-06 09:19:00,2.979,2.979,2.977,2.979,2.984,2.984,2.982,2.984,12
2026-03-06 09:20:00,2.9785,2.9795,2.9775,2.979,2.9835,2.9845,2.9825,2.984,9
2026-03-06 09:21:00,2.9795,2.98,2.9785,2.9795,2.9845,2.985,2.9835,2.9845,10
2026-03-06 09:22:00,2.979,2.98,2.978,2.98,2.984,2.985,2.983,2.985,9
2026-03-06 09:23:00,2.979,2.979,2.9745,2.975,2.984,2.984,2.9795,2.98,11
2026-03-06 09:24:00,2.9745,2.9765,2.9745,2.9765,2.9795,2.9815,2.9795,2.9815,5
2026-03-06 09:25:00,2.978,2.9825,2.978,2.9805,2.983,2.9875,2.983,2.9855,17
2026-03-06 09:26:00,2.98,2.981,2.9785,2.98,2.985,2.986,2.9835,2.985,10
2026-03-06 09:27:00,2.981,2.981,2.9795,2.9795,2.986,2.986,2.9845,2.9845,5
2026-03-06 09:28:00,2.98,2.981,2.9795,2.981,2.985,2.986,2.9845,2.986,3
2026-03-06 09:29:00,2.9825,2.983,2.981,2.981,2.9875,2.988,2.986,2.986,6
2026-03-06 09:30:00,2.9805,2.9805,2.975,2.975,2.9855,2.9855,2.98,2.98,10
2026-03-06 09:31:00,2.9755,2.979,2.9755,2.979,2.9805,2.984,2.9805,2.984,7
2026-03-06 09:32:00,2.9785,2.9785,2.975,2.976,2.9835,2.9835,2.98,2.981,8
2026-03-06 09:33:00,2.9755,2.976,2.974,2.976,2.9805,2.981,2.979,2.981,8
2026-03-06 09:34:00,2.977,2.979,2.977,2.979,2.982,2.984,2.982,2.984,4
2026-03-06 09:35:00,2.9795,2.981,2.978,2.981,2.9845,2.986,2.983,2.986,8
2026-03-06 09:36:00,2.9805,2.9805,2.9795,2.9795,2.9855,2.9855,2.9845,2.9845,3
2026-03-06 09:37:00,2.9805,2.9805,2.98,2.9805,2.9855,2.9855,2.985,2.9855,3
2026-03-06 09:38:00,2.981,2.9865,2.9805,2.981,2.986,2.9915,2.9855,2.986,16
2026-03-06 09:39:00,2.98,2.981,2.98,2.981,2.985,2.986,2.985,2.986,3
2026-03-06 09:40:00,2.982,2.985,2.982,2.985,2.987,2.99,2.987,2.99,5
2026-03-06 09:41:00,2.986,2.9865,2.9855,2.9855,2.991,2.9915,2.9905,2.9905,5
2026-03-06 09:42:00,2.985,2.9865,2.9835,2.9835,2.99,2.9915,2.9885,2.9885,9
2026-03-06 09:43:00,2.9855,2.987,2.985,2.9855,2.9905,2.992,2.99,2.9905,11
2026-03-06 09:44:00,2.985,2.987,2.984,2.987,2.99,2.992,2.989,2.992,9
2026-03-06 09:45:00,2.9855,2.99,2.985,2.9895,2.9905,2.995,2.99,2.9945,15
2026-03-06 09:46:00,2.989,2.989,2.988,2.988,2.994,2.994,2.993,2.993,2
2026-03-06 09:47:00,2.9895,2.9895,2.988,2.989,2.9945,2.9945,2.993,2.994,7
2026-03-06 09:48:00,2.988,2.989,2.988,2.9885,2.993,2.994,2.993,2.9935,4
2026-03-06 09:49:00,2.988,2.989,2.986,2.986,2.993,2.994,2.991,2.991,15
2026-03-06 09:50:00,2.9865,2.988,2.986,2.9865,2.9915,2.993,2.991,2.9915,12
2026-03-06 09:51:00,2.987,2.987,2.985,2.986,2.992,2.992,2.99,2.991,6
2026-03-06 09:52:00,2.9865,2.988,2.986,2.986,2.9915,2.993,2.991,2.991,7
2026-03-06 09:54:00,2.985,2.9865,2.984,2.986,2.99,2.9915,2.989,2.991,10
2026-03-06 09:55:00,2.9865,2.9865,2.9865,2.9865,2.9915,2.9915,2.9915,2.9915,1
2026-03-06 09:56:00,2.986,2.989,2.986,2.988,2.991,2.994,2.991,2.993,8
2026-03-06 09:57:00,2.9895,2.9895,2.987,2.987,2.9945,2.9945,2.992,2.992,4
2026-03-06 09:58:00,2.9865,2.9875,2.986,2.9875,2.9915,2.9925,2.991,2.9925,5
2026-03-06 09:59:00,2.987,2.9875,2.986,2.987,2.992,2.9925,2.991,2.992,8
2026-03-06 10:00:00,2.986,2.9865,2.9845,2.985,2.991,2.9915,2.9895,2.99,11
2026-03-06 10:01:00,2.984,2.984,2.9815,2.9815,2.989,2.989,2.9865,2.9865,8
2026-03-06 10:02:00,2.982,2.9865,2.982,2.9865,2.987,2.9915,2.987,2.9915,7
2026-03-06 10:03:00,2.986,2.9885,2.9855,2.988,2.991,2.9935,2.9905,2.993,6
2026-03-06 10:04:00,2.9885,2.99,2.988,2.989,2.9935,2.995,2.993,2.994,14
2026-03-06 10:05:00,2.9895,2.997,2.9895,2.992,2.9945,3.002,2.9945,2.997,34
2026-03-06 10:06:00,2.9915,2.9925,2.99,2.9925,2.9965,2.9975,2.995,2.9975,14
2026-03-06 10:07:00,2.993,2.997,2.993,2.995,2.998,3.002,2.998,3.0,19
2026-03-06 10:08:00,2.9945,2.996,2.994,2.994,2.9995,3.001,2.999,2.999,12
2026-03-06 10:09:00,2.9945,2.998,2.9945,2.996,2.9995,3.003,2.9995,3.001,14
2026-03-06 10:10:00,2.9965,3.006,2.9965,3.005,3.0015,3.011,3.0015,3.01,36
2026-03-06 10:11:00,3.0045,3.006,3.0035,3.006,3.0095,3.011,3.0085,3.011,22
2026-03-06 10:12:00,3.0055,3.006,3.0,3.001,3.0105,3.011,3.005,3.006,18
2026-03-06 10:13:00,3.0005,3.004,3.0005,3.003,3.0055,3.009,3.0055,3.008,12
2026-03-06 10:14:00,3.0025,3.005,2.998,3.005,3.0075,3.01,3.003,3.01,19
2026-03-06 10:15:00,3.0045,3.0045,3.001,3.004,3.0095,3.0095,3.006,3.009,30
2026-03-06 10:16:00,3.0035,3.006,3.003,3.006,3.0085,3.011,3.008,3.011,19
2026-03-06 10:17:00,3.007,3.013,3.007,3.011,3.012,3.018,3.012,3.016,21
2026-03-06 10:18:00,3.012,3.0155,3.0115,3.013,3.017,3.0205,3.0165,3.018,20
2026-03-06 10:19:00,3.0125,3.0185,3.0125,3.0185,3.0175,3.0235,3.0175,3.0235,22
2026-03-06 10:20:00,3.019,3.021,3.017,3.02,3.024,3.026,3.022,3.025,15
2026-03-06 10:21:00,3.0205,3.0235,3.019,3.0205,3.0255,3.0285,3.024,3.0255,22
2026-03-06 10:22:00,3.021,3.024,3.02,3.0205,3.026,3.029,3.025,3.0255,24
2026-03-06 10:23:00,3.021,3.021,3.0175,3.0195,3.026,3.026,3.0225,3.0245,16
2026-03-06 10:24:00,3.0185,3.02,3.0145,3.019,3.0235,3.025,3.0195,3.024,17
2026-03-06 10:25:00,3.0185,3.0215,3.018,3.0215,3.0235,3.0265,3.023,3.0265,14
2026-03-06 10:26:00,3.022,3.022,3.019,3.021,3.027,3.027,3.024,3.026,13
2026-03-06 10:27:00,3.0215,3.0215,3.02,3.021,3.0265,3.0265,3.025,3.026,5
2026-03-06 10:28:00,3.0215,3.0225,3.021,3.021,3.0265,3.0275,3.026,3.026,14
2026-03-06 10:29:00,3.0215,3.0235,3.0215,3.0225,3.0265,3.0285,3.0265,3.0275,12
2026-03-06 10:30:00,3.023,3.023,3.019,3.019,3.028,3.028,3.024,3.024,11
2026-03-06 10:31:00,3.0195,3.0205,3.0185,3.0195,3.0245,3.0255,3.0235,3.0245,8
2026-03-06 10:32:00,3.02,3.0225,3.018,3.021,3.025,3.0275,3.023,3.026,21
2026-03-06 10:33:00,3.0215,3.024,3.017,3.018,3.0265,3.029,3.022,3.023,20
2026-03-06 10:34:00,3.019,3.021,3.019,3.0195,3.024,3.026,3.024,3.0245,18
2026-03-06 10:35:00,3.02,3.0255,3.0185,3.024,3.025,3.0305,3.0235,3.029,13
2026-03-06 10:36:00,3.0235,3.0235,3.0195,3.0215,3.0285,3.0285,3.0245,3.0265,8
2026-03-06 10:37:00,3.021,3.023,3.02,3.023,3.026,3.028,3.025,3.028,10
2026-03-06 10:38:00,3.0235,3.024,3.021,3.0215,3.0285,3.029,3.026,3.0265,15
2026-03-06 10:39:00,3.021,3.022,3.021,3.022,3.026,3.027,3.026,3.027,3
2026-03-06 10:40:00,3.0225,3.024,3.0205,3.0215,3.0275,3.029,3.0255,3.0265,13
2026-03-06 10:41:00,3.022,3.032,3.0195,3.0305,3.027,3.037,3.0245,3.0355,27
2026-03-06 10:42:00,3.03,3.045,3.03,3.043,3.035,3.05,3.035,3.048,50
2026-03-06 10:43:00,3.0425,3.0425,3.035,3.04,3.0475,3.0475,3.04,3.045,31
2026-03-06 10:44:00,3.0395,3.0395,3.036,3.036,3.0445,3.0445,3.041,3.041,17
2026-03-06 10:45:00,3.0355,3.037,3.034,3.035,3.0405,3.042,3.039,3.04,23
2026-03-06 10:46:00,3.0355,3.0395,3.0355,3.0395,3.0405,3.0445,3.0405,3.0445,15
2026-03-06 10:47:00,3.039,3.039,3.032,3.034,3.044,3.044,3.037,3.039,21
2026-03-06 10:48:00,3.0335,3.0345,3.0325,3.0335,3.0385,3.0395,3.0375,3.0385,7
2026-03-06 10:49:00,3.033,3.038,3.033,3.0375,3.038,3.043,3.038,3.0425,16
2026-03-06 10:50:00,3.038,3.048,3.033,3.046,3.043,3.053,3.038,3.051,50
2026-03-06 10:51:00,3.045,3.056,3.045,3.0505,3.05,3.061,3.05,3.0555,65
2026-03-06 10:52:00,3.05,3.05,3.0465,3.0465,3.055,3.055,3.0515,3.0515,26
2026-03-06 10:53:00,3.048,3.0535,3.047,3.0485,3.053,3.0585,3.052,3.0535,28
2026-03-06 10:54:00,3.049,3.0495,3.043,3.0435,3.054,3.0545,3.048,3.0485,18
2026-03-06 10:55:00,3.044,3.044,3.041,3.042,3.049,3.049,3.046,3.047,20
2026-03-06 10:56:00,3.0425,3.044,3.0405,3.041,3.0475,3.049,3.0455,3.046,19
2026-03-06 10:57:00,3.042,3.046,3.0415,3.045,3.047,3.051,3.0465,3.05,15
2026-03-06 10:58:00,3.0455,3.0495,3.0445,3.049,3.0505,3.0545,3.0495,3.054,17
2026-03-06 10:59:00,3.0495,3.0495,3.045,3.047,3.0545,3.0545,3.05,3.052,20
2026-03-06 11:00:00,3.0465,3.049,3.045,3.0465,3.0515,3.054,3.05,3.0515,40
2026-03-06 11:01:00,3.046,3.047,3.038,3.042,3.051,3.052,3.043,3.047,45
2026-03-06 11:02:00,3.0415,3.0425,3.039,3.0395,3.0465,3.0475,3.044,3.0445,22
2026-03-06 11:03:00,3.04,3.04,3.03,3.0315,3.045,3.045,3.035,3.0365,30
2026-03-06 11:04:00,3.031,3.0345,3.029,3.03,3.036,3.0395,3.034,3.035,22
2026-03-06 11:05:00,3.0295,3.0335,3.025,3.0335,3.0345,3.0385,3.03,3.0385,23
2026-03-06 11:06:00,3.034,3.036,3.025,3.025,3.039,3.041,3.03,3.03,22
2026-03-06 11:07:00,3.026,3.0315,3.0255,3.0315,3.031,3.0365,3.0305,3.0365,16
2026-03-06 11:08:00,3.032,3.0345,3.031,3.032,3.037,3.0395,3.036,3.037,13
2026-03-06 11:09:00,3.0335,3.0335,3.0315,3.032,3.0385,3.0385,3.0365,3.037,10
2026-03-06 11:10:00,3.031,3.034,3.03,3.034,3.036,3.039,3.035,3.039,24
2026-03-06 11:11:00,3.0345,3.036,3.0335,3.0355,3.0395,3.041,3.0385,3.0405,19
2026-03-06 11:12:00,3.036,3.036,3.0335,3.0335,3.041,3.041,3.0385,3.0385,9
2026-03-06 11:13:00,3.034,3.038,3.034,3.038,3.039,3.043,3.039,3.043,9
2026-03-06 11:14:00,3.0385,3.0405,3.038,3.0385,3.0435,3.0455,3.043,3.0435,16
2026-03-06 11:15:00,3.037,3.0395,3.0335,3.0395,3.042,3.0445,3.0385,3.0445,17
2026-03-06 11:16:00,3.0385,3.04,3.0375,3.0375,3.0435,3.045,3.0425,3.0425,10
2026-03-06 11:17:00,3.038,3.043,3.0365,3.042,3.043,3.048,3.0415,3.047,17
2026-03-06 11:18:00,3.0425,3.0425,3.039,3.039,3.0475,3.0475,3.044,3.044,10
2026-03-06 11:19:00,3.0395,3.0415,3.038,3.0415,3.0445,3.0465,3.043,3.0465,19
2026-03-06 11:20:00,3.041,3.0415,3.0395,3.041,3.046,3.0465,3.0445,3.046,12
2026-03-06 11:21:00,3.0415,3.0415,3.0395,3.04,3.0465,3.0465,3.0445,3.045,10
2026-03-06 11:22:00,3.0395,3.04,3.037,3.0385,3.0445,3.045,3.042,3.0435,9
2026-03-06 11:23:00,3.039,3.039,3.0385,3.0385,3.044,3.044,3.0435,3.0435,2
2026-03-06 11:24:00,3.038,3.04,3.038,3.04,3.043,3.045,3.043,3.045,7
2026-03-06 11:25:00,3.0415,3.042,3.032,3.036,3.0465,3.047,3.037,3.041,21
2026-03-06 11:26:00,3.0365,3.0405,3.0365,3.0395,3.0415,3.0455,3.0415,3.0445,8
2026-03-06 11:27:00,3.0405,3.042,3.037,3.038,3.0455,3.047,3.042,3.043,13
2026-03-06 11:28:00,3.0385,3.0395,3.0385,3.0395,3.0435,3.0445,3.0435,3.0445,2
2026-03-06 11:29:00,3.04,3.04,3.032,3.033,3.045,3.045,3.037,3.038,20
2026-03-06 11:30:00,3.0325,3.0335,3.028,3.031,3.0375,3.0385,3.033,3.036,16
2026-03-06 11:31:00,3.0315,3.0395,3.031,3.0375,3.0365,3.0445,3.036,3.0425,27
2026-03-06 11:32:00,3.035,3.039,3.035,3.0385,3.04,3.044,3.04,3.0435,10
2026-03-06 11:33:00,3.038,3.038,3.0365,3.038,3.043,3.043,3.0415,3.043,9
2026-03-06 11:34:00,3.0375,3.04,3.0375,3.0395,3.0425,3.045,3.0425,3.0445,5
2026-03-06 11:35:00,3.04,3.041,3.035,3.036,3.045,3.046,3.04,3.041,12
2026-03-06 11:36:00,3.034,3.034,3.029,3.032,3.039,3.039,3.034,3.037,28
2026-03-06 11:37:00,3.0325,3.035,3.031,3.0335,3.0375,3.04,3.036,3.0385,8
2026-03-06 11:38:00,3.033,3.037,3.031,3.0365,3.038,3.042,3.036,3.0415,14
2026-03-06 11:39:00,3.036,3.036,3.035,3.035,3.041,3.041,3.04,3.04,2
2026-03-06 11:40:00,3.0345,3.0435,3.0345,3.0425,3.0395,3.0485,3.0395,3.0475,21
2026-03-06 11:41:00,3.043,3.0435,3.039,3.04,3.048,3.0485,3.044,3.045,12
2026-03-06 11:42:00,3.039,3.0415,3.039,3.0405,3.044,3.0465,3.044,3.0455,8
2026-03-06 11:43:00,3.04,3.04,3.038,3.0395,3.045,3.045,3.043,3.0445,15
2026-03-06 11:44:00,3.039,3.0415,3.039,3.04,3.044,3.0465,3.044,3.045,7
2026-03-06 11:45:00,3.039,3.0405,3.039,3.0405,3.044,3.0455,3.044,3.0455,3
2026-03-06 11:46:00,3.041,3.041,3.037,3.0375,3.046,3.046,3.042,3.0425,9
2026-03-06 11:47:00,3.038,3.0385,3.036,3.0375,3.043,3.0435,3.041,3.0425,14
2026-03-06 11:48:00,3.0385,3.0415,3.0385,3.041,3.0435,3.0465,3.0435,3.046,9
2026-03-06 11:49:00,3.0405,3.046,3.0405,3.0455,3.0455,3.051,3.0455,3.0505,9
2026-03-06 11:50:00,3.046,3.051,3.045,3.048,3.051,3.056,3.05,3.053,29
2026-03-06 11:51:00,3.0475,3.0485,3.0455,3.0455,3.0525,3.0535,3.0505,3.0505,17
2026-03-06 11:52:00,3.045,3.048,3.045,3.0465,3.05,3.053,3.05,3.0515,14
2026-03-06 11:53:00,3.0455,3.048,3.045,3.048,3.0505,3.053,3.05,3.053,6
2026-03-06 11:54:00,3.0495,3.0495,3.0455,3.0475,3.0545,3.0545,3.0505,3.0525,13
2026-03-06 11:55:00,3.048,3.051,3.048,3.049,3.053,3.056,3.053,3.054,15
2026-03-06 11:56:00,3.0495,3.0495,3.046,3.0475,3.0545,3.0545,3.051,3.0525,11
2026-03-06 11:57:00,3.0465,3.0465,3.044,3.0455,3.0515,3.0515,3.049,3.0505,9
2026-03-06 11:58:00,3.045,3.045,3.045,3.045,3.05,3.05,3.05,3.05,1
2026-03-06 11:59:00,3.0455,3.0485,3.0455,3.0485,3.0505,3.0535,3.0505,3.0535,6
2026-03-06 12:00:00,3.049,3.051,3.041,3.0435,3.054,3.056,3.046,3.0485,28
2026-03-06 12:01:00,3.044,3.0505,3.044,3.0505,3.049,3.0555,3.049,3.0555,15
2026-03-06 12:02:00,3.05,3.057,3.05,3.0535,3.055,3.062,3.055,3.0585,31
2026-03-06 12:03:00,3.053,3.053,3.0475,3.0475,3.058,3.058,3.0525,3.0525,15
2026-03-06 12:04:00,3.048,3.0495,3.046,3.0465,3.053,3.0545,3.051,3.0515,8
2026-03-06 12:05:00,3.047,3.048,3.045,3.0475,3.052,3.053,3.05,3.0525,12
2026-03-06 12:06:00,3.048,3.052,3.048,3.052,3.053,3.057,3.053,3.057,11
2026-03-06 12:07:00,3.0525,3.054,3.051,3.052,3.0575,3.059,3.056,3.057,13
2026-03-06 12:08:00,3.053,3.056,3.053,3.0545,3.058,3.061,3.058,3.0595,17
2026-03-06 12:09:00,3.055,3.056,3.0505,3.0505,3.06,3.061,3.0555,3.0555,17
2026-03-06 12:10:00,3.05,3.0525,3.048,3.0505,3.055,3.0575,3.053,3.0555,19
2026-03-06 12:11:00,3.051,3.051,3.0485,3.0485,3.056,3.056,3.0535,3.0535,11
2026-03-06 12:12:00,3.048,3.048,3.047,3.047,3.053,3.053,3.052,3.052,4
2026-03-06 12:13:00,3.0475,3.0475,3.047,3.047,3.0525,3.0525,3.052,3.052,2
2026-03-06 12:14:00,3.0475,3.06,3.0475,3.057,3.0525,3.065,3.0525,3.062,34
2026-03-06 12:15:00,3.058,3.0585,3.054,3.055,3.063,3.0635,3.059,3.06,16
2026-03-06 12:16:00,3.0555,3.057,3.055,3.057,3.0605,3.062,3.06,3.062,7
2026-03-06 12:17:00,3.058,3.058,3.053,3.053,3.063,3.063,3.058,3.058,10
2026-03-06 12:18:00,3.054,3.0555,3.054,3.055,3.059,3.0605,3.059,3.06,12
2026-03-06 12:19:00,3.0555,3.0555,3.053,3.054,3.0605,3.0605,3.058,3.059,8
2026-03-06 12:20:00,3.055,3.055,3.054,3.054,3.06,3.06,3.059,3.059,3
2026-03-06 12:21:00,3.0545,3.056,3.052,3.0525,3.0595,3.061,3.057,3.0575,9
2026-03-06 12:22:00,3.052,3.053,3.051,3.052,3.057,3.058,3.056,3.057,7
2026-03-06 12:23:00,3.0525,3.055,3.0525,3.055,3.0575,3.06,3.0575,3.06,6
2026-03-06 12:24:00,3.056,3.056,3.053,3.053,3.061,3.061,3.058,3.058,13
2026-03-06 12:25:00,3.0525,3.055,3.0515,3.0545,3.0575,3.06,3.0565,3.0595,12
2026-03-06 12:26:00,3.054,3.0545,3.054,3.0545,3.059,3.0595,3.059,3.0595,2
2026-03-06 12:27:00,3.055,3.056,3.055,3.055,3.06,3.061,3.06,3.06,6
2026-03-06 12:28:00,3.0555,3.061,3.055,3.059,3.0605,3.066,3.06,3.064,17
2026-03-06 12:29:00,3.06,3.0615,3.0595,3.0615,3.065,3.0665,3.0645,3.0665,8
2026-03-06 12:30:00,3.061,3.066,3.061,3.0645,3.066,3.071,3.066,3.0695,22
2026-03-06 12:31:00,3.064,3.066,3.0635,3.065,3.069,3.071,3.0685,3.07,16
2026-03-06 12:32:00,3.0655,3.067,3.063,3.0645,3.0705,3.072,3.068,3.0695,24
2026-03-06 12:33:00,3.065,3.0655,3.0645,3.065,3.07,3.0705,3.0695,3.07,9
2026-03-06 12:34:00,3.0655,3.0655,3.053,3.053,3.0705,3.0705,3.058,3.058,39
2026-03-06 12:35:00,3.0545,3.0545,3.0465,3.0485,3.0595,3.0595,3.0515,3.0535,25
2026-03-06 12:36:00,3.049,3.0545,3.049,3.054,3.054,3.0595,3.054,3.059,11
2026-03-06 12:37:00,3.0545,3.055,3.0515,3.0525,3.0595,3.06,3.0565,3.0575,13
2026-03-06 12:38:00,3.0515,3.052,3.0495,3.0515,3.0565,3.057,3.0545,3.0565,11
2026-03-06 12:39:00,3.05,3.0565,3.05,3.0555,3.055,3.0615,3.055,3.0605,17
2026-03-06 12:40:00,3.056,3.0595,3.055,3.059,3.061,3.0645,3.06,3.064,17
2026-03-06 12:41:00,3.0595,3.061,3.058,3.058,3.0645,3.066,3.063,3.063,16
2026-03-06 12:42:00,3.0585,3.064,3.0585,3.062,3.0635,3.069,3.0635,3.067,22
2026-03-06 12:43:00,3.0625,3.0625,3.057,3.058,3.0675,3.0675,3.062,3.063,16
2026-03-06 12:44:00,3.0585,3.062,3.058,3.0605,3.0635,3.067,3.063,3.0655,15
2026-03-06 12:45:00,3.06,3.063,3.06,3.0605,3.065,3.068,3.065,3.0655,16
2026-03-06 12:46:00,3.062,3.065,3.062,3.063,3.067,3.07,3.067,3.068,19
2026-03-06 12:47:00,3.0635,3.0635,3.061,3.061,3.0685,3.0685,3.066,3.066,13
2026-03-06 12:48:00,3.0615,3.066,3.061,3.066,3.0665,3.071,3.066,3.071,21
2026-03-06 12:49:00,3.0655,3.068,3.065,3.066,3.0705,3.073,3.07,3.071,19
2026-03-06 12:50:00,3.065,3.068,3.06,3.061,3.07,3.073,3.065,3.066,21
2026-03-06 12:51:00,3.0605,3.061,3.058,3.061,3.0655,3.066,3.063,3.066,13
2026-03-06 12:52:00,3.0605,3.062,3.057,3.061,3.0655,3.067,3.062,3.066,19
2026-03-06 12:53:00,3.0615,3.062,3.058,3.058,3.0665,3.067,3.063,3.063,10
2026-03-06 12:54:00,3.059,3.0645,3.059,3.063,3.064,3.0695,3.064,3.068,21
2026-03-06 12:55:00,3.0635,3.067,3.0635,3.0665,3.0685,3.072,3.0685,3.0715,16
2026-03-06 12:56:00,3.067,3.0705,3.0665,3.0675,3.072,3.0755,3.0715,3.0725,31
2026-03-06 12:57:00,3.067,3.0685,3.066,3.0675,3.072,3.0735,3.071,3.0725,16
2026-03-06 12:58:00,3.068,3.072,3.068,3.0715,3.073,3.077,3.073,3.0765,21
2026-03-06 12:59:00,3.072,3.073,3.07,3.071,3.077,3.078,3.075,3.076,23
2026-03-06 13:00:00,3.0705,3.072,3.066,3.0705,3.0755,3.077,3.071,3.0755,26
2026-03-06 13:01:00,3.071,3.073,3.065,3.066,3.076,3.078,3.07,3.071,20
2026-03-06 13:02:00,3.0665,3.0715,3.0665,3.071,3.0715,3.0765,3.0715,3.076,21
2026-03-06 13:03:00,3.0715,3.075,3.071,3.073,3.0765,3.08,3.076,3.078,31
2026-03-06 13:04:00,3.074,3.0815,3.074,3.0775,3.079,3.0865,3.079,3.0825,46
2026-03-06 13:05:00,3.078,3.091,3.07,3.07,3.083,3.096,3.075,3.075,72
2026-03-06 13:06:00,3.0705,3.08,3.0705,3.0795,3.0755,3.085,3.0755,3.0845,24
2026-03-06 13:07:00,3.08,3.08,3.071,3.071,3.085,3.085,3.076,3.076,34
2026-03-06 13:08:00,3.0715,3.076,3.071,3.073,3.0765,3.081,3.076,3.078,26
2026-03-06 13:09:00,3.074,3.0745,3.072,3.0745,3.079,3.0795,3.077,3.0795,14
2026-03-06 13:10:00,3.075,3.078,3.075,3.0775,3.08,3.083,3.08,3.0825,24
2026-03-06 13:11:00,3.078,3.081,3.078,3.0795,3.083,3.086,3.083,3.0845,7
2026-03-06 13:12:00,3.079,3.0815,3.078,3.0795,3.084,3.0865,3.083,3.0845,17
2026-03-06 13:13:00,3.079,3.079,3.075,3.078,3.084,3.084,3.08,3.083,23
2026-03-06 13:14:00,3.079,3.082,3.077,3.0805,3.084,3.087,3.082,3.0855,18
2026-03-06 13:15:00,3.08,3.08,3.07,3.0705,3.085,3.085,3.075,3.0755,38
2026-03-06 13:16:00,3.07,3.076,3.07,3.076,3.075,3.081,3.075,3.081,16
2026-03-06 13:17:00,3.075,3.0785,3.074,3.074,3.08,3.0835,3.079,3.079,20
2026-03-06 13:18:00,3.0745,3.0745,3.0705,3.0715,3.0795,3.0795,3.0755,3.0765,17
2026-03-06 13:19:00,3.072,3.0765,3.072,3.073,3.077,3.0815,3.077,3.078,24
2026-03-06 13:20:00,3.0725,3.073,3.07,3.073,3.0775,3.078,3.075,3.078,23
2026-03-06 13:21:00,3.0725,3.0725,3.069,3.0695,3.0775,3.0775,3.074,3.0745,14
2026-03-06 13:22:00,3.07,3.072,3.068,3.069,3.075,3.077,3.073,3.074,23
2026-03-06 13:23:00,3.0705,3.0745,3.07,3.073,3.0755,3.0795,3.075,3.078,13
2026-03-06 13:24:00,3.0725,3.0725,3.067,3.07,3.0775,3.0775,3.072,3.075,19
2026-03-06 13:25:00,3.069,3.0695,3.0605,3.0605,3.074,3.0745,3.0655,3.0655,44
2026-03-06 13:26:00,3.061,3.063,3.051,3.054,3.066,3.068,3.056,3.059,27
2026-03-06 13:27:00,3.0535,3.0575,3.0535,3.0545,3.0585,3.0625,3.0585,3.0595,14
2026-03-06 13:28:00,3.056,3.061,3.056,3.0595,3.061,3.066,3.061,3.0645,28
2026-03-06 13:29:00,3.0575,3.0615,3.0565,3.059,3.0625,3.0665,3.0615,3.064,20
2026-03-06 13:30:00,3.0595,3.068,3.0595,3.067,3.0645,3.073,3.0645,3.072,22
2026-03-06 13:31:00,3.0675,3.0695,3.067,3.0675,3.0725,3.0745,3.072,3.0725,18
2026-03-06 13:32:00,3.068,3.087,3.067,3.0865,3.073,3.092,3.072,3.0915,48
2026-03-06 13:33:00,3.0855,3.089,3.082,3.0825,3.0905,3.094,3.087,3.0875,50
2026-03-06 13:34:00,3.083,3.091,3.083,3.09,3.088,3.096,3.088,3.095,24
2026-03-06 13:35:00,3.0905,3.094,3.0855,3.089,3.0955,3.099,3.0905,3.094,63
2026-03-06 13:36:00,3.0885,3.091,3.0885,3.0885,3.0935,3.096,3.0935,3.0935,24
2026-03-06 13:37:00,3.088,3.0895,3.087,3.0885,3.093,3.0945,3.092,3.0935,19
2026-03-06 13:38:00,3.088,3.0885,3.0835,3.0885,3.093,3.0935,3.0885,3.0935,32
2026-03-06 13:39:00,3.088,3.09,3.083,3.083,3.093,3.095,3.088,3.088,36
2026-03-06 13:40:00,3.0825,3.09,3.0825,3.09,3.0875,3.095,3.0875,3.095,29
2026-03-06 13:41:00,3.091,3.096,3.0855,3.09,3.096,3.101,3.0905,3.095,41
2026-03-06 13:42:00,3.0905,3.092,3.0875,3.089,3.0955,3.097,3.0925,3.094,26
2026-03-06 13:43:00,3.0895,3.0895,3.0835,3.0855,3.0945,3.0945,3.0885,3.0905,29
2026-03-06 13:44:00,3.086,3.088,3.0835,3.088,3.091,3.093,3.0885,3.093,16
2026-03-06 13:45:00,3.0875,3.096,3.087,3.0955,3.0925,3.101,3.092,3.1005,27
2026-03-06 13:46:00,3.096,3.096,3.092,3.096,3.101,3.101,3.097,3.101,28
2026-03-06 13:47:00,3.0965,3.0965,3.094,3.096,3.1015,3.1015,3.099,3.101,10
2026-03-06 13:48:00,3.097,3.099,3.095,3.099,3.102,3.104,3.1,3.104,17
2026-03-06 13:49:00,3.0985,3.099,3.096,3.0985,3.1035,3.104,3.101,3.1035,15
2026-03-06 13:50:00,3.098,3.0995,3.0955,3.099,3.103,3.1045,3.1005,3.104,20
2026-03-06 13:51:00,3.0985,3.1,3.092,3.094,3.1035,3.105,3.097,3.099,29
2026-03-06 13:52:00,3.0945,3.0955,3.086,3.089,3.0995,3.1005,3.091,3.094,40
2026-03-06 13:53:00,3.0895,3.1,3.0895,3.099,3.0945,3.105,3.0945,3.104,43
2026-03-06 13:54:00,3.1,3.104,3.1,3.103,3.105,3.109,3.105,3.108,29
2026-03-06 13:55:00,3.104,3.104,3.099,3.0995,3.109,3.109,3.104,3.1045,24
2026-03-06 13:56:00,3.099,3.104,3.099,3.1035,3.104,3.109,3.104,3.1085,20
2026-03-06 13:57:00,3.103,3.104,3.099,3.0995,3.108,3.109,3.104,3.1045,29
2026-03-06 13:58:00,3.099,3.104,3.099,3.1025,3.104,3.109,3.104,3.1075,30
2026-03-06 13:59:00,3.102,3.103,3.101,3.101,3.107,3.108,3.106,3.106,25
2026-03-06 14:00:00,3.1,3.1,3.088,3.095,3.105,3.105,3.093,3.1,77
2026-03-06 14:01:00,3.096,3.098,3.091,3.0915,3.101,3.103,3.096,3.0965,57
2026-03-06 14:02:00,3.091,3.091,3.082,3.0895,3.096,3.096,3.087,3.0945,46
2026-03-06 14:03:00,3.09,3.096,3.09,3.0955,3.095,3.101,3.095,3.1005,47
2026-03-06 14:04:00,3.095,3.096,3.0925,3.094,3.1,3.101,3.0975,3.099,22
2026-03-06 14:05:00,3.0935,3.0955,3.082,3.084,3.0985,3.1005,3.087,3.089,35
2026-03-06 14:06:00,3.0845,3.093,3.0845,3.091,3.0895,3.098,3.0895,3.096,29
2026-03-06 14:07:00,3.0905,3.0905,3.081,3.0845,3.0955,3.0955,3.086,3.0895,39
2026-03-06 14:08:00,3.084,3.084,3.076,3.08,3.089,3.089,3.081,3.085,36
2026-03-06 14:09:00,3.079,3.083,3.0785,3.0805,3.084,3.088,3.0835,3.0855,30
2026-03-06 14:10:00,3.08,3.087,3.079,3.084,3.085,3.092,3.084,3.089,45
2026-03-06 14:11:00,3.085,3.085,3.0785,3.0785,3.09,3.09,3.0835,3.0835,26
2026-03-06 14:12:00,3.079,3.0815,3.077,3.0805,3.084,3.0865,3.082,3.0855,33
2026-03-06 14:13:00,3.081,3.081,3.0725,3.079,3.086,3.086,3.0775,3.084,45
2026-03-06 14:14:00,3.08,3.081,3.079,3.08,3.085,3.086,3.084,3.085,38
2026-03-06 14:15:00,3.0805,3.082,3.077,3.08,3.0855,3.087,3.082,3.085,48
2026-03-06 14:16:00,3.0805,3.091,3.0805,3.09,3.0855,3.096,3.0855,3.095,31
2026-03-06 14:17:00,3.089,3.09,3.085,3.087,3.094,3.095,3.09,3.092,42
2026-03-06 14:18:00,3.0865,3.0955,3.085,3.0885,3.0915,3.1005,3.09,3.0935,52
2026-03-06 14:19:00,3.088,3.0915,3.083,3.084,3.093,3.0965,3.088,3.089,24
2026-03-06 14:20:00,3.0845,3.089,3.081,3.089,3.0895,3.094,3.086,3.094,43
2026-03-06 14:21:00,3.09,3.095,3.0895,3.0945,3.095,3.1,3.0945,3.0995,41
2026-03-06 14:22:00,3.094,3.097,3.089,3.0895,3.099,3.102,3.094,3.0945,28
2026-03-06 14:23:00,3.09,3.09,3.0835,3.084,3.095,3.095,3.0885,3.089,20
2026-03-06 14:24:00,3.085,3.085,3.081,3.0825,3.09,3.09,3.086,3.0875,27
2026-03-06 14:25:00,3.0815,3.0865,3.0815,3.0855,3.0865,3.0915,3.0865,3.0905,39
2026-03-06 14:26:00,3.086,3.0965,3.086,3.0935,3.091,3.1015,3.091,3.0985,34
2026-03-06 14:27:00,3.094,3.1,3.0915,3.0975,3.099,3.105,3.0965,3.1025,41
2026-03-06 14:28:00,3.097,3.099,3.095,3.0975,3.102,3.104,3.1,3.1025,32
2026-03-06 14:29:00,3.0985,3.0995,3.096,3.096,3.1035,3.1045,3.101,3.101,30
2026-03-06 14:30:00,3.097,3.0985,3.084,3.0855,3.102,3.1035,3.089,3.0905,58
2026-03-06 14:31:00,3.085,3.0865,3.082,3.0835,3.09,3.0915,3.087,3.0885,32
2026-03-06 14:32:00,3.084,3.088,3.0795,3.0875,3.089,3.093,3.0845,3.0925,47
2026-03-06 14:33:00,3.087,3.095,3.083,3.095,3.092,3.1,3.088,3.1,48
2026-03-06 14:34:00,3.0955,3.0955,3.092,3.0935,3.1005,3.1005,3.097,3.0985,20
2026-03-06 14:35:00,3.0945,3.098,3.0905,3.0965,3.0995,3.103,3.0955,3.1015,43
2026-03-06 14:36:00,3.096,3.101,3.0955,3.096,3.101,3.106,3.1005,3.101,38
2026-03-06 14:37:00,3.0965,3.097,3.091,3.091,3.1015,3.102,3.096,3.096,24
2026-03-06 14:38:00,3.092,3.094,3.088,3.0885,3.097,3.099,3.093,3.0935,24
2026-03-06 14:39:00,3.088,3.092,3.088,3.0915,3.093,3.097,3.093,3.0965,17
2026-03-06 14:40:00,3.092,3.098,3.09,3.0955,3.097,3.103,3.095,3.1005,44
2026-03-06 14:41:00,3.0945,3.101,3.0895,3.0905,3.0995,3.106,3.0945,3.0955,49
2026-03-06 14:42:00,3.091,3.097,3.091,3.095,3.096,3.102,3.096,3.1,25
2026-03-06 14:43:00,3.0945,3.095,3.091,3.095,3.0995,3.1,3.096,3.1,25
2026-03-06 14:44:00,3.094,3.102,3.094,3.1015,3.099,3.107,3.099,3.1065,36
2026-03-06 14:45:00,3.103,3.106,3.099,3.105,3.108,3.111,3.104,3.11,75
2026-03-06 14:46:00,3.1055,3.109,3.104,3.1085,3.1105,3.114,3.109,3.1135,51
2026-03-06 14:47:00,3.108,3.11,3.105,3.107,3.113,3.115,3.11,3.112,33
2026-03-06 14:48:00,3.1075,3.12,3.107,3.118,3.1125,3.125,3.112,3.123,73
2026-03-06 14:49:00,3.117,3.1225,3.117,3.12,3.122,3.1275,3.122,3.125,63
2026-03-06 14:50:00,3.1195,3.124,3.118,3.12,3.1245,3.129,3.123,3.125,66
2026-03-06 14:51:00,3.1205,3.128,3.1205,3.1255,3.1255,3.133,3.1255,3.1305,58
2026-03-06 14:52:00,3.125,3.128,3.121,3.124,3.13,3.133,3.126,3.129,52
2026-03-06 14:53:00,3.1245,3.1325,3.1245,3.13,3.1295,3.1375,3.1295,3.135,53
2026-03-06 14:54:00,3.1305,3.131,3.126,3.13,3.1355,3.136,3.131,3.135,42
2026-03-06 14:55:00,3.1305,3.1335,3.1285,3.1305,3.1355,3.1385,3.1335,3.1355,44
2026-03-06 14:56:00,3.1315,3.137,3.13,3.136,3.1365,3.142,3.135,3.141,42
2026-03-06 14:57:00,3.1355,3.138,3.132,3.135,3.1405,3.143,3.137,3.14,53
2026-03-06 14:58:00,3.1355,3.136,3.127,3.1275,3.1405,3.141,3.132,3.1325,45
2026-03-06 14:59:00,3.127,3.133,3.1265,3.1315,3.132,3.138,3.1315,3.1365,45
2026-03-06 15:00:00,3.1325,3.1345,3.1215,3.1315,3.1375,3.1395,3.1265,3.1365,115
2026-03-06 15:01:00,3.132,3.14,3.1315,3.137,3.137,3.145,3.1365,3.142,68
2026-03-06 15:02:00,3.1375,3.144,3.136,3.1435,3.1425,3.149,3.141,3.1485,69
2026-03-06 15:03:00,3.143,3.143,3.136,3.138,3.148,3.148,3.141,3.143,42
2026-03-06 15:04:00,3.139,3.142,3.134,3.139,3.144,3.147,3.139,3.144,57
2026-03-06 15:05:00,3.1385,3.1405,3.1355,3.1375,3.1435,3.1455,3.1405,3.1425,38
2026-03-06 15:06:00,3.138,3.141,3.135,3.1395,3.143,3.146,3.14,3.1445,51
2026-03-06 15:07:00,3.14,3.1505,3.139,3.147,3.145,3.1555,3.144,3.152,52
2026-03-06 15:08:00,3.1475,3.149,3.144,3.1485,3.1525,3.154,3.149,3.1535,34
2026-03-06 15:09:00,3.148,3.1495,3.143,3.146,3.153,3.1545,3.148,3.151,40
2026-03-06 15:10:00,3.147,3.149,3.139,3.1415,3.152,3.154,3.144,3.1465,52
2026-03-06 15:11:00,3.141,3.144,3.1395,3.141,3.146,3.149,3.1445,3.146,44
2026-03-06 15:12:00,3.1405,3.1405,3.13,3.1315,3.1455,3.1455,3.135,3.1365,46
2026-03-06 15:13:00,3.1325,3.139,3.131,3.133,3.1375,3.144,3.136,3.138,43
2026-03-06 15:14:00,3.1325,3.134,3.122,3.126,3.1375,3.139,3.127,3.131,77
2026-03-06 15:15:00,3.1275,3.1345,3.1275,3.1345,3.1325,3.1395,3.1325,3.1395,50
2026-03-06 15:16:00,3.135,3.1415,3.128,3.134,3.14,3.1465,3.133,3.139,70
2026-03-06 15:17:00,3.133,3.135,3.1315,3.135,3.138,3.14,3.1365,3.14,27
2026-03-06 15:18:00,3.136,3.137,3.132,3.136,3.141,3.142,3.137,3.141,35
2026-03-06 15:19:00,3.1365,3.142,3.136,3.14,3.1415,3.147,3.141,3.145,33
2026-03-06 15:20:00,3.1405,3.1415,3.136,3.14,3.1455,3.1465,3.141,3.145,31
2026-03-06 15:21:00,3.1405,3.141,3.137,3.14,3.1455,3.146,3.142,3.145,36
2026-03-06 15:22:00,3.1405,3.1405,3.132,3.132,3.1455,3.1455,3.137,3.137,43
2026-03-06 15:23:00,3.1325,3.136,3.1325,3.136,3.1375,3.141,3.1375,3.141,20
2026-03-06 15:24:00,3.137,3.137,3.131,3.1355,3.142,3.142,3.136,3.1405,37
2026-03-06 15:25:00,3.1345,3.136,3.131,3.1325,3.1395,3.141,3.136,3.1375,31
2026-03-06 15:26:00,3.132,3.133,3.1305,3.1325,3.137,3.138,3.1355,3.1375,26
2026-03-06 15:27:00,3.132,3.134,3.1245,3.1245,3.137,3.139,3.1295,3.1295,40
2026-03-06 15:28:00,3.1255,3.13,3.123,3.128,3.1305,3.135,3.128,3.133,49
2026-03-06 15:29:00,3.1275,3.1275,3.123,3.123,3.1325,3.1325,3.128,3.128,40
2026-03-06 15:30:00,3.122,3.122,3.108,3.1105,3.127,3.127,3.113,3.1155,79
2026-03-06 15:31:00,3.11,3.113,3.107,3.111,3.115,3.118,3.112,3.116,81
2026-03-06 15:32:00,3.1115,3.1115,3.104,3.1065,3.1165,3.1165,3.109,3.1115,42
2026-03-06 15:33:00,3.1055,3.1135,3.104,3.111,3.1105,3.1185,3.109,3.116,61
2026-03-06 15:34:00,3.11,3.1145,3.106,3.1145,3.115,3.1195,3.111,3.1195,51
2026-03-06 15:35:00,3.115,3.122,3.115,3.121,3.12,3.127,3.12,3.126,92
2026-03-06 15:36:00,3.1205,3.124,3.1165,3.121,3.1255,3.129,3.1215,3.126,50
2026-03-06 15:37:00,3.1215,3.1225,3.116,3.1185,3.1265,3.1275,3.121,3.1235,43
2026-03-06 15:38:00,3.118,3.12,3.108,3.1085,3.123,3.125,3.113,3.1135,50
2026-03-06 15:39:00,3.1075,3.109,3.0995,3.101,3.1125,3.114,3.1045,3.106,61
2026-03-06 15:40:00,3.1015,3.1015,3.093,3.0935,3.1065,3.1065,3.098,3.0985,62
2026-03-06 15:41:00,3.094,3.099,3.088,3.099,3.099,3.104,3.093,3.104,72
2026-03-06 15:42:00,3.098,3.1,3.096,3.096,3.103,3.105,3.101,3.101,48
2026-03-06 15:43:00,3.095,3.096,3.09,3.091,3.1,3.101,3.095,3.096,35
2026-03-06 15:44:00,3.0905,3.092,3.089,3.091,3.0955,3.097,3.094,3.096,33
2026-03-06 15:45:00,3.0915,3.101,3.09,3.1,3.0965,3.106,3.095,3.105,41
2026-03-06 15:46:00,3.0995,3.0995,3.094,3.099,3.1045,3.1045,3.099,3.104,43
2026-03-06 15:47:00,3.0995,3.0995,3.0915,3.099,3.1045,3.1045,3.0965,3.104,38
2026-03-06 15:48:00,3.0995,3.102,3.096,3.097,3.1045,3.107,3.101,3.102,51
2026-03-06 15:49:00,3.096,3.1005,3.096,3.0965,3.101,3.1055,3.101,3.1015,35
2026-03-06 15:50:00,3.097,3.099,3.089,3.092,3.102,3.104,3.094,3.097,42
2026-03-06 15:51:00,3.0915,3.101,3.09,3.099,3.0965,3.106,3.095,3.104,30
2026-03-06 15:52:00,3.0995,3.1,3.098,3.099,3.1045,3.105,3.103,3.104,28
2026-03-06 15:53:00,3.0985,3.1,3.092,3.099,3.1035,3.105,3.097,3.104,67
2026-03-06 15:54:00,3.0995,3.1,3.094,3.0975,3.1045,3.105,3.099,3.1025,51
2026-03-06 15:55:00,3.0985,3.101,3.097,3.097,3.1035,3.106,3.102,3.102,48
2026-03-06 15:56:00,3.0975,3.1,3.093,3.1,3.1025,3.105,3.098,3.105,41
2026-03-06 15:57:00,3.101,3.108,3.1005,3.107,3.106,3.113,3.1055,3.112,39
2026-03-06 15:58:00,3.108,3.109,3.105,3.107,3.113,3.114,3.11,3.112,55
2026-03-06 15:59:00,3.1075,3.109,3.106,3.108,3.1125,3.114,3.111,3.113,22
2026-03-06 16:00:00,3.1085,3.114,3.106,3.1075,3.1135,3.119,3.111,3.1125,61
2026-03-06 16:01:00,3.1065,3.108,3.099,3.106,3.1115,3.113,3.104,3.111,55
2026-03-06 16:02:00,3.105,3.1075,3.103,3.106,3.11,3.1125,3.108,3.111,21
2026-03-06 16:03:00,3.1065,3.108,3.096,3.1,3.1115,3.113,3.101,3.105,44
2026-03-06 16:04:00,3.099,3.106,3.099,3.106,3.104,3.111,3.104,3.111,18
2026-03-06 16:05:00,3.1055,3.106,3.103,3.105,3.1105,3.111,3.108,3.11,21
2026-03-06 16:06:00,3.104,3.106,3.104,3.106,3.109,3.111,3.109,3.111,20
2026-03-06 16:07:00,3.1065,3.109,3.104,3.107,3.1115,3.114,3.109,3.112,27
2026-03-06 16:08:00,3.108,3.108,3.101,3.1035,3.113,3.113,3.106,3.1085,28
2026-03-06 16:09:00,3.104,3.108,3.104,3.1055,3.109,3.113,3.109,3.1105,27
2026-03-06 16:10:00,3.106,3.112,3.106,3.106,3.111,3.117,3.111,3.111,30
2026-03-06 16:11:00,3.107,3.107,3.101,3.104,3.112,3.112,3.106,3.109,34
2026-03-06 16:12:00,3.105,3.1075,3.102,3.106,3.11,3.1125,3.107,3.111,20
2026-03-06 16:13:00,3.107,3.1085,3.106,3.1085,3.112,3.1135,3.111,3.1135,17
2026-03-06 16:14:00,3.108,3.1135,3.108,3.1115,3.113,3.1185,3.113,3.1165,38
2026-03-06 16:15:00,3.111,3.118,3.111,3.113,3.116,3.123,3.116,3.118,44
2026-03-06 16:16:00,3.1125,3.114,3.11,3.1115,3.1175,3.119,3.115,3.1165,28
2026-03-06 16:17:00,3.1105,3.113,3.11,3.111,3.1155,3.118,3.115,3.116,30
2026-03-06 16:18:00,3.11,3.113,3.106,3.111,3.115,3.118,3.111,3.116,43
2026-03-06 16:19:00,3.1105,3.112,3.106,3.1085,3.1155,3.117,3.111,3.1135,24
2026-03-06 16:20:00,3.109,3.1135,3.108,3.109,3.114,3.1185,3.113,3.114,34
2026-03-06 16:21:00,3.1085,3.1135,3.1065,3.1135,3.1135,3.1185,3.1115,3.1185,29
2026-03-06 16:22:00,3.113,3.12,3.112,3.119,3.118,3.125,3.117,3.124,57
2026-03-06 16:23:00,3.1195,3.12,3.115,3.1195,3.1245,3.125,3.12,3.1245,25
2026-03-06 16:24:00,3.12,3.128,3.119,3.127,3.125,3.133,3.124,3.132,44
2026-03-06 16:25:00,3.126,3.127,3.122,3.1255,3.131,3.132,3.127,3.1305,32
2026-03-06 16:26:00,3.126,3.127,3.124,3.126,3.131,3.132,3.129,3.131,34
2026-03-06 16:27:00,3.127,3.13,3.1255,3.128,3.132,3.135,3.1305,3.133,33
2026-03-06 16:28:00,3.1285,3.129,3.121,3.121,3.1335,3.134,3.126,3.126,24
2026-03-06 16:29:00,3.1215,3.124,3.121,3.123,3.1265,3.129,3.126,3.128,13
2026-03-06 16:30:00,3.122,3.1265,3.119,3.126,3.127,3.1315,3.124,3.131,33
2026-03-06 16:31:00,3.1265,3.127,3.124,3.124,3.1315,3.132,3.129,3.129,16
2026-03-06 16:32:00,3.1235,3.124,3.12,3.123,3.1285,3.129,3.125,3.128,18
2026-03-06 16:33:00,3.1235,3.1245,3.122,3.122,3.1285,3.1295,3.127,3.127,30
2026-03-06 16:34:00,3.121,3.124,3.121,3.122,3.126,3.129,3.126,3.127,24
2026-03-06 16:35:00,3.1225,3.124,3.1195,3.1195,3.1275,3.129,3.1245,3.1245,20
2026-03-06 16:36:00,3.12,3.1215,3.118,3.12,3.125,3.1265,3.123,3.125,31
2026-03-06 16:37:00,3.1205,3.1215,3.12,3.12,3.1255,3.1265,3.125,3.125,8
2026-03-06 16:38:00,3.121,3.1255,3.121,3.1245,3.126,3.1305,3.126,3.1295,30
2026-03-06 16:39:00,3.1255,3.132,3.125,3.128,3.1305,3.137,3.13,3.133,38
2026-03-06 16:40:00,3.129,3.13,3.128,3.128,3.134,3.135,3.133,3.133,18
2026-03-06 16:41:00,3.1265,3.1275,3.124,3.1275,3.1315,3.1325,3.129,3.1325,18
2026-03-06 16:42:00,3.1285,3.131,3.1285,3.129,3.1335,3.136,3.1335,3.134,20
2026-03-06 16:43:00,3.1295,3.1295,3.1255,3.127,3.1345,3.1345,3.1305,3.132,19
2026-03-06 16:44:00,3.1275,3.133,3.126,3.132,3.1325,3.138,3.131,3.137,22
2026-03-06 16:45:00,3.131,3.135,3.131,3.134,3.136,3.14,3.136,3.139,33
2026-03-06 16:46:00,3.1345,3.136,3.132,3.134,3.1395,3.141,3.137,3.139,24
2026-03-06 16:47:00,3.1335,3.137,3.132,3.136,3.1385,3.142,3.137,3.141,32
2026-03-06 16:48:00,3.135,3.1365,3.1335,3.1345,3.14,3.1415,3.1385,3.1395,12
2026-03-06 16:49:00,3.133,3.133,3.13,3.1305,3.138,3.138,3.135,3.1355,18
2026-03-06 16:50:00,3.1315,3.1335,3.1305,3.132,3.1365,3.1385,3.1355,3.137,29
2026-03-06 16:51:00,3.1315,3.1325,3.1275,3.1285,3.1365,3.1375,3.1325,3.1335,30
2026-03-06 16:52:00,3.1275,3.1305,3.127,3.1305,3.1325,3.1355,3.132,3.1355,17
2026-03-06 16:53:00,3.131,3.1375,3.1305,3.1375,3.136,3.1425,3.1355,3.1425,31
2026-03-06 16:54:00,3.137,3.14,3.1365,3.1365,3.142,3.145,3.1415,3.1415,28
2026-03-06 16:55:00,3.137,3.142,3.1365,3.1375,3.142,3.147,3.1415,3.1425,35
2026-03-06 16:56:00,3.138,3.138,3.133,3.1365,3.143,3.143,3.138,3.1415,35
2026-03-06 16:57:00,3.136,3.138,3.134,3.138,3.141,3.143,3.139,3.143,16
2026-03-06 16:58:00,3.1375,3.1415,3.135,3.1415,3.1425,3.1465,3.14,3.1465,27
2026-03-06 16:59:00,3.1405,3.146,3.14,3.142,3.1455,3.151,3.145,3.147,34
2026-03-06 17:00:00,3.143,3.149,3.142,3.1475,3.148,3.154,3.147,3.1525,47
2026-03-06 17:01:00,3.148,3.148,3.145,3.145,3.153,3.153,3.15,3.15,24
2026-03-06 17:02:00,3.1445,3.148,3.142,3.148,3.1495,3.153,3.147,3.153,23
2026-03-06 17:03:00,3.149,3.1535,3.149,3.1535,3.154,3.1585,3.154,3.1585,23
2026-03-06 17:04:00,3.154,3.1555,3.152,3.155,3.159,3.1605,3.157,3.16,34
2026-03-06 17:05:00,3.156,3.156,3.1495,3.151,3.161,3.161,3.1545,3.156,46
2026-03-06 17:06:00,3.1515,3.153,3.15,3.151,3.1565,3.158,3.155,3.156,26
2026-03-06 17:07:00,3.1515,3.152,3.1475,3.1475,3.1565,3.157,3.1525,3.1525,16
2026-03-06 17:08:00,3.147,3.1475,3.1415,3.143,3.152,3.1525,3.1465,3.148,24
2026-03-06 17:09:00,3.144,3.144,3.142,3.143,3.149,3.149,3.147,3.148,18
2026-03-06 17:10:00,3.1435,3.144,3.137,3.137,3.1485,3.149,3.142,3.142,36
2026-03-06 17:11:00,3.136,3.136,3.131,3.132,3.141,3.141,3.136,3.137,23
2026-03-06 17:12:00,3.131,3.133,3.127,3.13,3.136,3.138,3.132,3.135,56
2026-03-06 17:13:00,3.1295,3.135,3.129,3.1315,3.1345,3.14,3.134,3.1365,36
2026-03-06 17:14:00,3.131,3.133,3.1285,3.1295,3.136,3.138,3.1335,3.1345,32
2026-03-06 17:15:00,3.131,3.137,3.128,3.137,3.136,3.142,3.133,3.142,35
2026-03-06 17:16:00,3.1365,3.14,3.135,3.14,3.1415,3.145,3.14,3.145,32
2026-03-06 17:17:00,3.139,3.142,3.138,3.1405,3.144,3.147,3.143,3.1455,26
2026-03-06 17:18:00,3.141,3.141,3.138,3.14,3.146,3.146,3.143,3.145,15
2026-03-06 17:19:00,3.1395,3.143,3.139,3.14,3.1445,3.148,3.144,3.145,23
2026-03-06 17:20:00,3.139,3.146,3.138,3.145,3.144,3.151,3.143,3.15,38
2026-03-06 17:21:00,3.1455,3.146,3.14,3.143,3.1505,3.151,3.145,3.148,18
2026-03-06 17:22:00,3.144,3.146,3.144,3.146,3.149,3.151,3.149,3.151,15
2026-03-06 17:23:00,3.1465,3.15,3.1465,3.15,3.1515,3.155,3.1515,3.155,15
2026-03-06 17:24:00,3.151,3.151,3.146,3.148,3.156,3.156,3.151,3.153,16
2026-03-06 17:25:00,3.149,3.1495,3.141,3.142,3.154,3.1545,3.146,3.147,24
2026-03-06 17:26:00,3.143,3.147,3.1415,3.146,3.148,3.152,3.1465,3.151,37
2026-03-06 17:27:00,3.147,3.147,3.1445,3.145,3.152,3.152,3.1495,3.15,16
2026-03-06 17:28:00,3.146,3.146,3.143,3.1435,3.151,3.151,3.148,3.1485,15
2026-03-06 17:29:00,3.143,3.1445,3.141,3.142,3.148,3.1495,3.146,3.147,29
2026-03-06 17:30:00,3.141,3.145,3.139,3.144,3.146,3.15,3.144,3.149,32
2026-03-06 17:31:00,3.1445,3.147,3.144,3.146,3.1495,3.152,3.149,3.151,21
2026-03-06 17:32:00,3.1465,3.1465,3.144,3.1445,3.1515,3.1515,3.149,3.1495,9
2026-03-06 17:33:00,3.145,3.1485,3.144,3.147,3.15,3.1535,3.149,3.152,19
2026-03-06 17:34:00,3.146,3.148,3.146,3.148,3.151,3.153,3.151,3.153,17
2026-03-06 17:35:00,3.1485,3.149,3.1465,3.149,3.1535,3.154,3.1515,3.154,18
2026-03-06 17:36:00,3.1475,3.148,3.143,3.147,3.1525,3.153,3.148,3.152,28
2026-03-06 17:37:00,3.1475,3.153,3.1465,3.1495,3.1525,3.158,3.1515,3.1545,28
2026-03-06 17:38:00,3.1485,3.155,3.148,3.1525,3.1535,3.16,3.153,3.1575,24
2026-03-06 17:39:00,3.153,3.16,3.1525,3.158,3.158,3.165,3.1575,3.163,36
2026-03-06 17:40:00,3.159,3.167,3.159,3.1665,3.164,3.172,3.164,3.1715,40
2026-03-06 17:41:00,3.1655,3.169,3.161,3.163,3.1705,3.174,3.166,3.168,53
2026-03-06 17:42:00,3.1635,3.166,3.162,3.165,3.1685,3.171,3.167,3.17,20
2026-03-06 17:43:00,3.1655,3.17,3.165,3.168,3.1705,3.175,3.17,3.173,20
2026-03-06 17:44:00,3.1685,3.175,3.168,3.1715,3.1735,3.18,3.173,3.1765,35
2026-03-06 17:45:00,3.1705,3.176,3.169,3.1745,3.1755,3.181,3.174,3.1795,46
2026-03-06 17:46:00,3.175,3.178,3.175,3.176,3.18,3.183,3.18,3.181,37
2026-03-06 17:47:00,3.177,3.178,3.1715,3.172,3.182,3.183,3.1765,3.177,22
2026-03-06 17:48:00,3.171,3.173,3.168,3.1705,3.176,3.178,3.173,3.1755,38
2026-03-06 17:49:00,3.1715,3.173,3.17,3.172,3.1765,3.178,3.175,3.177,18
2026-03-06 17:50:00,3.1725,3.175,3.172,3.1735,3.1775,3.18,3.177,3.1785,27
2026-03-06 17:51:00,3.173,3.176,3.172,3.175,3.178,3.181,3.177,3.18,22
2026-03-06 17:52:00,3.1755,3.18,3.175,3.179,3.1805,3.185,3.18,3.184,31
2026-03-06 17:53:00,3.18,3.18,3.175,3.176,3.185,3.185,3.18,3.181,24
2026-03-06 17:54:00,3.1755,3.179,3.174,3.179,3.1805,3.184,3.179,3.184,27
2026-03-06 17:55:00,3.1795,3.183,3.178,3.183,3.1845,3.188,3.183,3.188,31
2026-03-06 17:56:00,3.1835,3.186,3.182,3.184,3.1885,3.191,3.187,3.189,23
2026-03-06 17:57:00,3.1845,3.188,3.1845,3.185,3.1895,3.193,3.1895,3.19,16
2026-03-06 17:58:00,3.184,3.187,3.183,3.186,3.189,3.192,3.188,3.191,23
2026-03-06 17:59:00,3.1865,3.191,3.1865,3.1895,3.1915,3.196,3.1915,3.1945,19
2026-03-06 18:00:00,3.19,3.193,3.187,3.188,3.195,3.198,3.192,3.193,44
2026-03-06 18:01:00,3.1875,3.188,3.184,3.188,3.1925,3.193,3.189,3.193,32
2026-03-06 18:02:00,3.189,3.192,3.185,3.1855,3.194,3.197,3.19,3.1905,27
2026-03-06 18:03:00,3.186,3.1885,3.1845,3.1885,3.191,3.1935,3.1895,3.1935,22
2026-03-06 18:04:00,3.188,3.188,3.186,3.187,3.193,3.193,3.191,3.192,12
2026-03-06 18:05:00,3.1875,3.188,3.186,3.1865,3.1925,3.193,3.191,3.1915,47
2026-03-06 18:06:00,3.187,3.187,3.178,3.179,3.192,3.192,3.183,3.184,26
2026-03-06 18:07:00,3.1785,3.185,3.176,3.184,3.1835,3.19,3.181,3.189,37
2026-03-06 18:08:00,3.1835,3.186,3.181,3.181,3.1885,3.191,3.186,3.186,15
2026-03-06 18:09:00,3.182,3.1855,3.179,3.185,3.187,3.1905,3.184,3.19,32
2026-03-06 18:10:00,3.184,3.186,3.1835,3.184,3.189,3.191,3.1885,3.189,20
2026-03-06 18:11:00,3.183,3.184,3.181,3.1835,3.188,3.189,3.186,3.1885,27
2026-03-06 18:12:00,3.185,3.186,3.183,3.186,3.19,3.191,3.188,3.191,25
2026-03-06 18:13:00,3.1855,3.188,3.183,3.187,3.1905,3.193,3.188,3.192,37
2026-03-06 18:14:00,3.1865,3.191,3.185,3.186,3.1915,3.196,3.19,3.191,29
2026-03-06 18:15:00,3.1865,3.1905,3.1865,3.19,3.1915,3.1955,3.1915,3.195,17
2026-03-06 18:16:00,3.1905,3.191,3.1885,3.1895,3.1955,3.196,3.1935,3.1945,25
2026-03-06 18:17:00,3.19,3.192,3.19,3.191,3.195,3.197,3.195,3.196,16
2026-03-06 18:18:00,3.1905,3.1915,3.19,3.191,3.1955,3.1965,3.195,3.196,11
2026-03-06 18:19:00,3.192,3.192,3.189,3.19,3.197,3.197,3.194,3.195,10
2026-03-06 18:20:00,3.1905,3.1925,3.188,3.1925,3.1955,3.1975,3.193,3.1975,13
2026-03-06 18:21:00,3.192,3.197,3.189,3.197,3.197,3.202,3.194,3.202,30
2026-03-06 18:22:00,3.196,3.1965,3.193,3.1955,3.201,3.2015,3.198,3.2005,30
2026-03-06 18:23:00,3.196,3.204,3.196,3.2015,3.201,3.209,3.201,3.2065,56
2026-03-06 18:24:00,3.202,3.202,3.196,3.197,3.207,3.207,3.201,3.202,28
2026-03-06 18:25:00,3.1965,3.199,3.196,3.199,3.2015,3.204,3.201,3.204,13
2026-03-06 18:26:00,3.198,3.1995,3.195,3.196,3.203,3.2045,3.2,3.201,23
2026-03-06 18:27:00,3.197,3.201,3.196,3.198,3.202,3.206,3.201,3.203,25
2026-03-06 18:28:00,3.1985,3.2,3.1975,3.1995,3.2035,3.205,3.2025,3.2045,9
2026-03-06 18:29:00,3.199,3.201,3.1955,3.196,3.204,3.206,3.2005,3.201,19
2026-03-06 18:30:00,3.1955,3.198,3.194,3.1975,3.2005,3.203,3.199,3.2025,18
2026-03-06 18:31:00,3.197,3.199,3.197,3.197,3.202,3.204,3.202,3.202,13
2026-03-06 18:32:00,3.198,3.203,3.197,3.2025,3.203,3.208,3.202,3.2075,27
2026-03-06 18:33:00,3.202,3.207,3.2015,3.207,3.207,3.212,3.2065,3.212,24
2026-03-06 18:34:00,3.206,3.212,3.206,3.2105,3.211,3.217,3.211,3.2155,24
2026-03-06 18:35:00,3.211,3.211,3.208,3.2095,3.216,3.216,3.213,3.2145,24
2026-03-06 18:36:00,3.21,3.2105,3.206,3.207,3.215,3.2155,3.211,3.212,36
2026-03-06 18:37:00,3.208,3.21,3.207,3.2095,3.213,3.215,3.212,3.2145,19
2026-03-06 18:38:00,3.209,3.2125,3.209,3.211,3.214,3.2175,3.214,3.216,13
2026-03-06 18:39:00,3.212,3.213,3.209,3.211,3.217,3.218,3.214,3.216,25
2026-03-06 18:40:00,3.212,3.212,3.21,3.212,3.217,3.217,3.215,3.217,23
2026-03-06 18:41:00,3.2125,3.2145,3.212,3.213,3.2175,3.2195,3.217,3.218,16
2026-03-06 18:42:00,3.2135,3.219,3.213,3.216,3.2185,3.224,3.218,3.221,28
2026-03-06 18:43:00,3.2155,3.222,3.213,3.2215,3.2205,3.227,3.218,3.2265,31
2026-03-06 18:44:00,3.222,3.225,3.221,3.224,3.227,3.23,3.226,3.229,40
2026-03-06 18:45:00,3.2245,3.228,3.221,3.226,3.2295,3.233,3.226,3.231,43
2026-03-06 18:46:00,3.2265,3.234,3.2265,3.2305,3.2315,3.239,3.2315,3.2355,52
2026-03-06 18:47:00,3.23,3.237,3.229,3.237,3.235,3.242,3.234,3.242,33
2026-03-06 18:48:00,3.236,3.2385,3.232,3.237,3.241,3.2435,3.237,3.242,52
2026-03-06 18:49:00,3.236,3.241,3.235,3.24,3.241,3.246,3.24,3.245,34
2026-03-06 18:50:00,3.2395,3.243,3.238,3.241,3.2445,3.248,3.243,3.246,19
2026-03-06 18:51:00,3.24,3.2435,3.239,3.2435,3.245,3.2485,3.244,3.2485,18
2026-03-06 18:52:00,3.245,3.264,3.244,3.2625,3.25,3.269,3.249,3.2675,105
2026-03-06 18:53:00,3.2615,3.286,3.2615,3.274,3.2665,3.291,3.2665,3.279,151
2026-03-06 18:54:00,3.2735,3.283,3.266,3.276,3.2785,3.288,3.271,3.281,127
2026-03-06 18:55:00,3.275,3.275,3.266,3.27,3.28,3.28,3.271,3.275,88
2026-03-06 18:56:00,3.2695,3.2695,3.255,3.2605,3.2745,3.2745,3.26,3.2655,91
2026-03-06 18:57:00,3.26,3.272,3.257,3.2715,3.265,3.277,3.262,3.2765,80
2026-03-06 18:58:00,3.2725,3.274,3.269,3.271,3.2775,3.279,3.274,3.276,65
2026-03-06 18:59:00,3.2705,3.2715,3.2665,3.27,3.2755,3.2765,3.2715,3.275,40
2026-03-06 19:00:00,3.2705,3.275,3.265,3.2665,3.2755,3.28,3.27,3.2715,68
2026-03-06 19:01:00,3.266,3.2665,3.257,3.2575,3.271,3.2715,3.262,3.2625,88
2026-03-06 19:02:00,3.258,3.262,3.25,3.25,3.263,3.267,3.255,3.255,78
2026-03-06 19:03:00,3.2505,3.2505,3.242,3.246,3.2555,3.2555,3.247,3.251,107
2026-03-06 19:04:00,3.2455,3.253,3.245,3.246,3.2505,3.258,3.25,3.251,57
2026-03-06 19:05:00,3.247,3.251,3.2315,3.2335,3.252,3.256,3.2365,3.2385,85
2026-03-06 19:06:00,3.233,3.243,3.231,3.242,3.238,3.248,3.236,3.247,65
2026-03-06 19:07:00,3.241,3.244,3.217,3.23,3.246,3.249,3.222,3.235,117
2026-03-06 19:08:00,3.231,3.243,3.23,3.241,3.236,3.248,3.235,3.246,68
2026-03-06 19:09:00,3.24,3.24,3.232,3.233,3.245,3.245,3.237,3.238,55
2026-03-06 19:10:00,3.232,3.234,3.223,3.2245,3.237,3.239,3.228,3.2295,70
2026-03-06 19:11:00,3.225,3.227,3.216,3.22,3.23,3.232,3.221,3.225,63
2026-03-06 19:12:00,3.2205,3.2205,3.214,3.2175,3.2255,3.2255,3.219,3.2225,51
2026-03-06 19:13:00,3.217,3.2175,3.202,3.202,3.222,3.2225,3.207,3.207,69
2026-03-06 19:14:00,3.2035,3.205,3.195,3.196,3.2085,3.21,3.2,3.201,114
2026-03-06 19:15:00,3.1965,3.2065,3.1965,3.199,3.2015,3.2115,3.2015,3.204,67
2026-03-06 19:16:00,3.1985,3.201,3.1915,3.1945,3.2035,3.206,3.1965,3.1995,61
2026-03-06 19:17:00,3.195,3.2,3.1925,3.1995,3.2,3.205,3.1975,3.2045,55
2026-03-06 19:18:00,3.199,3.199,3.182,3.182,3.204,3.204,3.187,3.187,97
2026-03-06 19:19:00,3.183,3.192,3.1805,3.189,3.188,3.197,3.1855,3.194,77
2026-03-06 19:20:00,3.1895,3.194,3.181,3.1845,3.1945,3.199,3.186,3.1895,80
2026-03-06 19:21:00,3.185,3.1975,3.185,3.1975,3.19,3.2025,3.19,3.2025,61
2026-03-06 19:22:00,3.197,3.201,3.192,3.1995,3.202,3.206,3.197,3.2045,61
2026-03-06 19:23:00,3.199,3.2005,3.196,3.2,3.204,3.2055,3.201,3.205,27
2026-03-06 19:24:00,3.201,3.204,3.1985,3.2035,3.206,3.209,3.2035,3.2085,33
2026-03-06 19:25:00,3.2015,3.21,3.201,3.2025,3.2065,3.215,3.206,3.2075,46
2026-03-06 19:26:00,3.203,3.211,3.202,3.211,3.208,3.216,3.207,3.216,27
2026-03-06 19:27:00,3.2115,3.2155,3.211,3.2155,3.2165,3.2205,3.216,3.2205,56
2026-03-06 19:28:00,3.215,3.216,3.2115,3.2135,3.22,3.221,3.2165,3.2185,32
2026-03-06 19:29:00,3.214,3.215,3.206,3.208,3.219,3.22,3.211,3.213,47
2026-03-06 19:30:00,3.2075,3.21,3.198,3.198,3.2125,3.215,3.203,3.203,61
2026-03-06 19:31:00,3.1975,3.1975,3.185,3.194,3.2025,3.2025,3.19,3.199,58
2026-03-06 19:32:00,3.1925,3.1925,3.183,3.1865,3.1975,3.1975,3.188,3.1915,45
2026-03-06 19:33:00,3.187,3.193,3.186,3.189,3.192,3.198,3.191,3.194,28
2026-03-06 19:34:00,3.1885,3.189,3.183,3.1835,3.1935,3.194,3.188,3.1885,40
2026-03-06 19:35:00,3.184,3.189,3.18,3.1805,3.189,3.194,3.185,3.1855,69
2026-03-06 19:36:00,3.181,3.187,3.1755,3.184,3.186,3.192,3.1805,3.189,62
2026-03-06 19:37:00,3.1845,3.191,3.18,3.1815,3.1895,3.196,3.185,3.1865,66
2026-03-06 19:38:00,3.183,3.187,3.1805,3.1865,3.188,3.192,3.1855,3.1915,36
2026-03-06 19:39:00,3.186,3.1915,3.1845,3.189,3.191,3.1965,3.1895,3.194,30
2026-03-06 19:40:00,3.1885,3.198,3.1865,3.193,3.1935,3.203,3.1915,3.198,56
2026-03-06 19:41:00,3.1925,3.2,3.191,3.1995,3.1975,3.205,3.196,3.2045,40
2026-03-06 19:42:00,3.1985,3.201,3.197,3.198,3.2035,3.206,3.202,3.203,28
2026-03-06 19:43:00,3.197,3.1985,3.194,3.1975,3.202,3.2035,3.199,3.2025,50
2026-03-06 19:44:00,3.1985,3.2015,3.198,3.1995,3.2035,3.2065,3.203,3.2045,27
2026-03-06 19:45:00,3.1985,3.199,3.19,3.193,3.2035,3.204,3.195,3.198,49
2026-03-06 19:46:00,3.1935,3.196,3.19,3.196,3.1985,3.201,3.195,3.201,27
2026-03-06 19:47:00,3.1955,3.201,3.194,3.199,3.2005,3.206,3.199,3.204,31
2026-03-06 19:48:00,3.2,3.206,3.2,3.202,3.205,3.211,3.205,3.207,38
2026-03-06 19:49:00,3.2025,3.2055,3.2015,3.2025,3.2075,3.2105,3.2065,3.2075,21
2026-03-06 19:50:00,3.203,3.207,3.1965,3.1975,3.208,3.212,3.2015,3.2025,55
2026-03-06 19:51:00,3.198,3.209,3.198,3.205,3.203,3.214,3.203,3.21,53
2026-03-06 19:52:00,3.204,3.211,3.203,3.211,3.209,3.216,3.208,3.216,41
2026-03-06 19:53:00,3.2105,3.215,3.2075,3.215,3.2155,3.22,3.2125,3.22,42
2026-03-06 19:54:00,3.2155,3.217,3.2145,3.216,3.2205,3.222,3.2195,3.221,14
2026-03-06 19:55:00,3.2165,3.217,3.211,3.212,3.2215,3.222,3.216,3.217,42
2026-03-06 19:56:00,3.2115,3.215,3.21,3.214,3.2165,3.22,3.215,3.219,37
2026-03-06 19:57:00,3.2145,3.2175,3.213,3.215,3.2195,3.2225,3.218,3.22,32
2026-03-06 19:58:00,3.2145,3.2145,3.2095,3.2095,3.2195,3.2195,3.2145,3.2145,24
2026-03-06 19:59:00,3.2105,3.2125,3.2105,3.211,3.2155,3.2175,3.2155,3.216,21
2026-03-06 20:00:00,3.21,3.2125,3.202,3.203,3.215,3.2175,3.207,3.208,54
2026-03-06 20:01:00,3.202,3.203,3.193,3.201,3.207,3.208,3.198,3.206,67
2026-03-06 20:02:00,3.2015,3.204,3.197,3.202,3.2065,3.209,3.202,3.207,36
2026-03-06 20:03:00,3.2025,3.206,3.201,3.202,3.2075,3.211,3.206,3.207,40
2026-03-06 20:04:00,3.201,3.214,3.2,3.212,3.206,3.219,3.205,3.217,66
2026-03-06 20:05:00,3.2115,3.212,3.207,3.2105,3.2165,3.217,3.212,3.2155,47
2026-03-06 20:06:00,3.21,3.21,3.205,3.209,3.215,3.215,3.21,3.214,54
2026-03-06 20:07:00,3.21,3.214,3.209,3.213,3.215,3.219,3.214,3.218,41
2026-03-06 20:08:00,3.212,3.212,3.2025,3.205,3.217,3.217,3.2075,3.21,64
2026-03-06 20:09:00,3.206,3.207,3.202,3.2025,3.211,3.212,3.207,3.2075,33
2026-03-06 20:10:00,3.202,3.202,3.195,3.199,3.207,3.207,3.2,3.204,40
2026-03-06 20:11:00,3.198,3.1985,3.1935,3.196,3.203,3.2035,3.1985,3.201,23
2026-03-06 20:12:00,3.1955,3.202,3.193,3.199,3.2005,3.207,3.198,3.204,46
2026-03-06 20:13:00,3.1985,3.206,3.197,3.204,3.2035,3.211,3.202,3.209,42
2026-03-06 20:14:00,3.205,3.208,3.204,3.2055,3.21,3.213,3.209,3.2105,24
2026-03-06 20:15:00,3.207,3.2165,3.206,3.21,3.212,3.2215,3.211,3.215,77
2026-03-06 20:16:00,3.209,3.2125,3.209,3.211,3.214,3.2175,3.214,3.216,38
2026-03-06 20:17:00,3.2115,3.216,3.2115,3.214,3.2165,3.221,3.2165,3.219,28
2026-03-06 20:18:00,3.2135,3.2205,3.2135,3.219,3.2185,3.2255,3.2185,3.224,34
2026-03-06 20:19:00,3.2185,3.2185,3.213,3.215,3.2235,3.2235,3.218,3.22,37
2026-03-06 20:20:00,3.2145,3.2145,3.2,3.201,3.2195,3.2195,3.205,3.206,57
2026-03-06 20:21:00,3.2,3.203,3.195,3.1985,3.205,3.208,3.2,3.2035,64
2026-03-06 20:22:00,3.198,3.2,3.1915,3.1925,3.203,3.205,3.1965,3.1975,43
2026-03-06 20:23:00,3.1935,3.203,3.1935,3.197,3.1985,3.208,3.1985,3.202,61
2026-03-06 20:24:00,3.1975,3.205,3.193,3.204,3.2025,3.21,3.198,3.209,55
2026-03-06 20:25:00,3.205,3.208,3.2025,3.207,3.21,3.213,3.2075,3.212,59
2026-03-06 20:26:00,3.2065,3.207,3.202,3.2055,3.2115,3.212,3.207,3.2105,26
2026-03-06 20:27:00,3.2065,3.209,3.203,3.204,3.2115,3.214,3.208,3.209,43
2026-03-06 20:28:00,3.2045,3.2045,3.188,3.192,3.2095,3.2095,3.193,3.197,173
2026-03-06 20:29:00,3.1915,3.2005,3.189,3.199,3.1965,3.2055,3.194,3.204,60
2026-03-06 20:30:00,3.1995,3.2,3.185,3.185,3.2045,3.205,3.19,3.19,47
2026-03-06 20:31:00,3.1855,3.1855,3.172,3.1745,3.1905,3.1905,3.177,3.1795,83
2026-03-06 20:32:00,3.173,3.177,3.169,3.173,3.178,3.182,3.174,3.178,29
2026-03-06 20:33:00,3.1725,3.1735,3.169,3.171,3.1775,3.1785,3.174,3.176,36
2026-03-06 20:34:00,3.1705,3.174,3.168,3.174,3.1755,3.179,3.173,3.179,44
2026-03-06 20:35:00,3.1745,3.1745,3.165,3.17,3.1795,3.1795,3.17,3.175,36
2026-03-06 20:36:00,3.171,3.1725,3.167,3.167,3.176,3.1775,3.172,3.172,39
2026-03-06 20:37:00,3.168,3.175,3.168,3.1715,3.173,3.18,3.173,3.1765,27
2026-03-06 20:38:00,3.171,3.175,3.169,3.175,3.176,3.18,3.174,3.18,31
2026-03-06 20:39:00,3.174,3.177,3.174,3.176,3.179,3.182,3.179,3.181,12
2026-03-06 20:40:00,3.1755,3.1785,3.175,3.175,3.1805,3.1835,3.18,3.18,16
2026-03-06 20:41:00,3.1745,3.1775,3.173,3.177,3.1795,3.1825,3.178,3.182,13
2026-03-06 20:42:00,3.1765,3.1765,3.1735,3.175,3.1815,3.1815,3.1785,3.18,8
2026-03-06 20:43:00,3.174,3.1755,3.173,3.1745,3.179,3.1805,3.178,3.1795,13
2026-03-06 20:44:00,3.175,3.175,3.17,3.171,3.18,3.18,3.175,3.176,14
2026-03-06 20:45:00,3.1705,3.171,3.1685,3.17,3.1755,3.176,3.1735,3.175,27
2026-03-06 20:46:00,3.171,3.173,3.17,3.173,3.176,3.178,3.175,3.178,8
2026-03-06 20:47:00,3.174,3.175,3.1695,3.1715,3.179,3.18,3.1745,3.1765,23
2026-03-06 20:48:00,3.171,3.172,3.17,3.17,3.176,3.177,3.175,3.175,13
2026-03-06 20:49:00,3.1695,3.171,3.168,3.169,3.1745,3.176,3.173,3.174,20
2026-03-06 20:50:00,3.168,3.169,3.1665,3.1675,3.173,3.174,3.1715,3.1725,22
2026-03-06 20:51:00,3.168,3.1735,3.1675,3.173,3.173,3.1785,3.1725,3.178,19
2026-03-06 20:52:00,3.1735,3.178,3.173,3.177,3.1785,3.183,3.178,3.182,16
2026-03-06 20:53:00,3.176,3.178,3.174,3.175,3.181,3.183,3.179,3.18,23
2026-03-06 20:54:00,3.1745,3.176,3.173,3.175,3.1795,3.181,3.178,3.18,15
2026-03-06 20:55:00,3.1745,3.176,3.174,3.1755,3.1795,3.181,3.179,3.1805,12
2026-03-06 20:56:00,3.179,3.18,3.176,3.176,3.184,3.185,3.181,3.181,11
2026-03-06 20:57:00,3.1765,3.183,3.175,3.183,3.1815,3.188,3.18,3.188,19
2026-03-06 20:58:00,3.184,3.185,3.183,3.184,3.189,3.19,3.188,3.189,13
2026-03-06 20:59:00,3.185,3.186,3.185,3.1855,3.19,3.191,3.19,3.1905,9
2026-03-06 21:00:00,3.185,3.189,3.185,3.185,3.19,3.194,3.19,3.19,22
2026-03-06 21:01:00,3.184,3.187,3.184,3.1865,3.189,3.192,3.189,3.1915,21
2026-03-06 21:02:00,3.186,3.188,3.184,3.186,3.191,3.193,3.189,3.191,18
2026-03-06 21:03:00,3.1855,3.187,3.184,3.186,3.1905,3.192,3.189,3.191,15
2026-03-06 21:04:00,3.1855,3.1855,3.183,3.1835,3.1905,3.1905,3.188,3.1885,9
2026-03-06 21:05:00,3.185,3.186,3.183,3.185,3.19,3.191,3.188,3.19,11
2026-03-06 21:06:00,3.1845,3.189,3.183,3.1875,3.1895,3.194,3.188,3.1925,18
2026-03-06 21:07:00,3.1885,3.198,3.1885,3.195,3.1935,3.203,3.1935,3.2,28
2026-03-06 21:08:00,3.1955,3.202,3.195,3.201,3.2005,3.207,3.2,3.206,36
2026-03-06 21:09:00,3.202,3.2025,3.197,3.1995,3.207,3.2075,3.202,3.2045,24
2026-03-06 21:10:00,3.2,3.202,3.199,3.202,3.205,3.207,3.204,3.207,16
2026-03-06 21:11:00,3.201,3.2015,3.199,3.201,3.206,3.2065,3.204,3.206,17
2026-03-06 21:12:00,3.2015,3.204,3.1995,3.203,3.2065,3.209,3.2045,3.208,15
2026-03-06 21:13:00,3.205,3.2055,3.1985,3.1985,3.21,3.2105,3.2035,3.2035,18
2026-03-06 21:14:00,3.1995,3.201,3.198,3.2,3.2045,3.206,3.203,3.205,12
2026-03-06 21:15:00,3.2005,3.202,3.1985,3.2015,3.2055,3.207,3.2035,3.2065,15
2026-03-06 21:16:00,3.201,3.2035,3.2,3.2035,3.206,3.2085,3.205,3.2085,14
2026-03-06 21:17:00,3.203,3.204,3.203,3.204,3.208,3.209,3.208,3.209,5
2026-03-06 21:18:00,3.2035,3.206,3.203,3.205,3.2085,3.211,3.208,3.21,13
2026-03-06 21:19:00,3.2045,3.2045,3.2025,3.204,3.2095,3.2095,3.2075,3.209,10
2026-03-06 21:20:00,3.2045,3.205,3.202,3.2025,3.2095,3.21,3.207,3.2075,15
2026-03-06 21:21:00,3.203,3.206,3.2015,3.2055,3.208,3.211,3.2065,3.2105,12
2026-03-06 21:22:00,3.205,3.206,3.203,3.204,3.21,3.211,3.208,3.209,18
2026-03-06 21:23:00,3.205,3.2055,3.204,3.205,3.21,3.2105,3.209,3.21,7
2026-03-06 21:24:00,3.2045,3.205,3.203,3.203,3.2095,3.21,3.208,3.208,14
2026-03-06 21:25:00,3.2035,3.204,3.199,3.201,3.2085,3.209,3.204,3.206,21
2026-03-06 21:26:00,3.2005,3.2015,3.1995,3.2015,3.2055,3.2065,3.2045,3.2065,14
2026-03-06 21:27:00,3.201,3.2025,3.201,3.202,3.206,3.2075,3.206,3.207,9
2026-03-06 21:28:00,3.2015,3.2015,3.198,3.1985,3.2065,3.2065,3.203,3.2035,19
2026-03-06 21:29:00,3.199,3.199,3.195,3.195,3.204,3.204,3.2,3.2,13
2026-03-06 21:30:00,3.1955,3.196,3.187,3.193,3.2005,3.201,3.192,3.198,40
2026-03-06 21:31:00,3.1935,3.195,3.192,3.1935,3.1985,3.2,3.197,3.1985,10
2026-03-06 21:32:00,3.1925,3.193,3.1875,3.1885,3.1975,3.198,3.1925,3.1935,22
2026-03-06 21:33:00,3.189,3.1905,3.187,3.1875,3.194,3.1955,3.192,3.1925,19
2026-03-06 21:34:00,3.187,3.187,3.182,3.184,3.192,3.192,3.187,3.189,30
2026-03-06 21:35:00,3.1835,3.1875,3.183,3.1875,3.1885,3.1925,3.188,3.1925,12
2026-03-06 21:36:00,3.187,3.188,3.1845,3.1845,3.192,3.193,3.1895,3.1895,15
2026-03-06 21:37:00,3.185,3.1855,3.183,3.1855,3.19,3.1905,3.188,3.1905,14
2026-03-06 21:38:00,3.186,3.19,3.1855,3.1895,3.191,3.195,3.1905,3.1945,16
2026-03-06 21:39:00,3.19,3.194,3.189,3.1935,3.195,3.199,3.194,3.1985,21
2026-03-06 21:40:00,3.193,3.195,3.19,3.19,3.198,3.2,3.195,3.195,15
2026-03-06 21:41:00,3.1905,3.191,3.183,3.183,3.1955,3.196,3.188,3.188,22
2026-03-06 21:42:00,3.1835,3.184,3.182,3.1835,3.1885,3.189,3.187,3.1885,8
2026-03-06 21:43:00,3.183,3.183,3.1795,3.1815,3.188,3.188,3.1845,3.1865,20
2026-03-06 21:44:00,3.182,3.1825,3.181,3.182,3.187,3.1875,3.186,3.187,6
2026-03-06 21:45:00,3.1815,3.183,3.1815,3.183,3.1865,3.188,3.1865,3.188,9
2026-03-06 21:46:00,3.182,3.182,3.18,3.181,3.187,3.187,3.185,3.186,4
2026-03-06 21:47:00,3.18,3.181,3.177,3.179,3.185,3.186,3.182,3.184,15
2026-03-06 21:48:00,3.1795,3.181,3.177,3.181,3.1845,3.186,3.182,3.186,17
2026-03-06 21:49:00,3.18,3.181,3.1775,3.178,3.185,3.186,3.1825,3.183,10
2026-03-06 21:50:00,3.179,3.1815,3.176,3.177,3.184,3.1865,3.181,3.182,22
2026-03-06 21:51:00,3.1765,3.179,3.1765,3.179,3.1815,3.184,3.1815,3.184,12
2026-03-06 21:52:00,3.18,3.18,3.176,3.176,3.185,3.185,3.181,3.181,12
2026-03-06 21:53:00,3.1765,3.178,3.1735,3.1735,3.1815,3.183,3.1785,3.1785,18
2026-03-06 21:54:00,3.174,3.175,3.173,3.174,3.179,3.18,3.178,3.179,9
2026-03-06 21:55:00,3.173,3.174,3.172,3.1725,3.178,3.179,3.177,3.1775,16
2026-03-06 21:56:00,3.173,3.176,3.173,3.174,3.178,3.181,3.178,3.179,17
2026-03-06 21:57:00,3.1745,3.176,3.174,3.176,3.1795,3.181,3.179,3.181,13
2026-03-06 21:58:00,3.1765,3.178,3.1765,3.177,3.1815,3.183,3.1815,3.182,10
2026-03-06 21:59:00,3.1775,3.178,3.175,3.177,3.1825,3.183,3.18,3.182,15
2026-03-06 22:00:00,3.1775,3.1775,3.175,3.177,3.1825,3.1825,3.18,3.182,15
2026-03-06 22:01:00,3.1775,3.1795,3.177,3.1795,3.1825,3.1845,3.182,3.1845,14
2026-03-06 22:02:00,3.1785,3.1785,3.1765,3.1785,3.1835,3.1835,3.1815,3.1835,8
2026-03-06 22:03:00,3.179,3.182,3.179,3.18,3.184,3.187,3.184,3.185,19
2026-03-06 22:04:00,3.1795,3.1805,3.1785,3.1795,3.1845,3.1855,3.1835,3.1845,10
2026-03-06 22:05:00,3.179,3.184,3.179,3.182,3.184,3.189,3.184,3.187,14
2026-03-06 22:06:00,3.183,3.184,3.1815,3.1825,3.188,3.189,3.1865,3.1875,15
2026-03-06 22:07:00,3.183,3.1845,3.183,3.184,3.188,3.1895,3.188,3.189,12
2026-03-06 22:08:00,3.1835,3.1835,3.18,3.18,3.1885,3.1885,3.185,3.185,9
2026-03-06 22:09:00,3.179,3.1795,3.1785,3.179,3.184,3.1845,3.1835,3.184,5
2026-03-06 22:10:00,3.1795,3.1795,3.1775,3.1775,3.1845,3.1845,3.1825,3.1825,9
2026-03-06 22:11:00,3.177,3.178,3.173,3.1735,3.182,3.183,3.178,3.1785,11
2026-03-06 22:12:00,3.173,3.174,3.173,3.174,3.178,3.179,3.178,3.179,7
2026-03-06 22:13:00,3.1745,3.1745,3.173,3.174,3.1795,3.1795,3.178,3.179,9
2026-03-06 22:14:00,3.1745,3.1745,3.1725,3.174,3.1795,3.1795,3.1775,3.179,13
2026-03-06 22:15:00,3.1745,3.1745,3.174,3.174,3.1795,3.1795,3.179,3.179,6
2026-03-06 22:16:00,3.1745,3.175,3.174,3.1745,3.1795,3.18,3.179,3.1795,9
2026-03-06 22:17:00,3.175,3.175,3.172,3.172,3.18,3.18,3.177,3.177,9
2026-03-06 22:18:00,3.1725,3.173,3.171,3.172,3.1775,3.178,3.176,3.177,10
2026-03-06 22:19:00,3.173,3.174,3.172,3.173,3.178,3.179,3.177,3.178,10
2026-03-06 22:20:00,3.172,3.1735,3.171,3.1735,3.177,3.1785,3.176,3.1785,7
2026-03-06 22:22:00,3.174,3.1745,3.1725,3.173,3.179,3.1795,3.1775,3.178,6
2026-03-06 22:23:00,3.1725,3.1745,3.1725,3.1745,3.1775,3.1795,3.1775,3.1795,7
2026-03-06 22:24:00,3.174,3.176,3.174,3.1745,3.179,3.181,3.179,3.1795,8
2026-03-06 22:25:00,3.175,3.175,3.1745,3.1745,3.18,3.18,3.1795,3.1795,2
2026-03-06 22:26:00,3.1725,3.1765,3.1725,3.175,3.1775,3.1815,3.1775,3.18,10
2026-03-06 22:27:00,3.1745,3.1745,3.171,3.1715,3.1795,3.1795,3.176,3.1765,12
2026-03-06 22:28:00,3.171,3.172,3.171,3.172,3.176,3.177,3.176,3.177,3
2026-03-06 22:29:00,3.1715,3.172,3.171,3.172,3.1765,3.177,3.176,3.177,4
2026-03-06 22:30:00,3.1715,3.172,3.171,3.1715,3.1765,3.177,3.176,3.1765,4
2026-03-06 22:31:00,3.172,3.174,3.1695,3.1695,3.177,3.179,3.1745,3.1745,12
2026-03-06 22:32:00,3.17,3.17,3.1695,3.1695,3.175,3.175,3.1745,3.1745,4
2026-03-06 22:33:00,3.169,3.174,3.169,3.1735,3.174,3.179,3.174,3.1785,11
2026-03-06 22:34:00,3.173,3.173,3.173,3.173,3.178,3.178,3.178,3.178,1
2026-03-06 22:35:00,3.174,3.174,3.173,3.1735,3.179,3.179,3.178,3.1785,5
2026-03-06 22:36:00,3.173,3.1735,3.171,3.1715,3.178,3.1785,3.176,3.1765,6
2026-03-06 22:37:00,3.172,3.1725,3.172,3.172,3.177,3.1775,3.177,3.177,3
2026-03-06 22:38:00,3.1715,3.173,3.171,3.172,3.1765,3.178,3.176,3.177,8
2026-03-06 22:39:00,3.1725,3.173,3.169,3.1695,3.1775,3.178,3.174,3.1745,7
2026-03-06 22:40:00,3.169,3.1695,3.165,3.1655,3.174,3.1745,3.17,3.1705,20
2026-03-06 22:41:00,3.165,3.165,3.161,3.163,3.17,3.17,3.166,3.168,14
2026-03-06 22:42:00,3.1635,3.165,3.162,3.163,3.1685,3.17,3.167,3.168,8
2026-03-06 22:43:00,3.1625,3.163,3.1625,3.163,3.1675,3.168,3.1675,3.168,2
2026-03-06 22:44:00,3.1625,3.1625,3.162,3.162,3.1675,3.1675,3.167,3.167,2
2026-03-06 22:45:00,3.1615,3.165,3.1605,3.1645,3.1665,3.17,3.1655,3.1695,14
2026-03-06 22:46:00,3.165,3.165,3.163,3.1645,3.17,3.17,3.168,3.1695,10
2026-03-06 22:47:00,3.165,3.172,3.165,3.1715,3.17,3.177,3.17,3.1765,13
2026-03-06 22:48:00,3.171,3.172,3.169,3.1715,3.176,3.177,3.174,3.1765,12
2026-03-06 22:49:00,3.171,3.1725,3.171,3.1725,3.176,3.1775,3.176,3.1775,6
2026-03-06 22:50:00,3.172,3.173,3.1705,3.173,3.177,3.178,3.1755,3.178,7
2026-03-06 22:51:00,3.1735,3.177,3.1735,3.177,3.1785,3.182,3.1785,3.182,14
2026-03-06 22:52:00,3.176,3.1765,3.174,3.174,3.181,3.1815,3.179,3.179,7
2026-03-06 22:53:00,3.1735,3.179,3.173,3.177,3.1785,3.184,3.178,3.182,18
2026-03-06 22:54:00,3.1775,3.1865,3.1775,3.1855,3.1825,3.1915,3.1825,3.1905,18
2026-03-06 22:55:00,3.185,3.19,3.1835,3.186,3.19,3.195,3.1885,3.191,27
2026-03-06 22:56:00,3.1865,3.1945,3.186,3.191,3.1915,3.1995,3.191,3.196,22
2026-03-06 22:57:00,3.1915,3.1925,3.19,3.1915,3.1965,3.1975,3.195,3.1965,5
2026-03-06 22:58:00,3.191,3.196,3.191,3.1935,3.196,3.201,3.196,3.1985,16
2026-03-06 22:59:00,3.1925,3.1925,3.1865,3.1865,3.1975,3.1975,3.1915,3.1915,28
2026-03-08 23:00:00,3.3109,3.3804,3.3109,3.3434,3.3159,3.3854,3.3159,3.3484,128
2026-03-08 23:01:00,3.3429,3.3479,3.2919,3.3229,3.3479,3.3529,3.2969,3.3279,94
2026-03-08 23:02:00,3.3234,3.3294,3.3184,3.3234,3.3284,3.3344,3.3234,3.3284,27
2026-03-08 23:03:00,3.3239,3.3284,3.3174,3.3269,3.3289,3.3334,3.3224,3.3319,63
2026-03-08 23:04:00,3.3274,3.3409,3.3249,3.3369,3.3324,3.3459,3.3299,3.3419,46
2026-03-08 23:05:00,3.3374,3.3439,3.3369,3.3419,3.3424,3.3489,3.3419,3.3469,30
2026-03-08 23:06:00,3.3414,3.3414,3.3369,3.3379,3.3464,3.3464,3.3419,3.3429,15
2026-03-08 23:07:00,3.3374,3.3684,3.3374,3.3634,3.3424,3.3734,3.3424,3.3684,70
2026-03-08 23:08:00,3.3619,3.3724,3.3599,3.3699,3.3669,3.3774,3.3649,3.3749,41
2026-03-08 23:09:00,3.3689,3.3774,3.3584,3.3654,3.3739,3.3824,3.3634,3.3704,88
2026-03-08 23:10:00,3.3649,3.3764,3.3649,3.3754,3.3699,3.3814,3.3699,3.3804,19
2026-03-08 23:11:00,3.3764,3.3804,3.3639,3.3709,3.3814,3.3854,3.3689,3.3759,63
2026-03-08 23:12:00,3.3704,3.3704,3.3539,3.3554,3.3754,3.3754,3.3589,3.3604,51
2026-03-08 23:13:00,3.3574,3.3584,3.3474,3.3494,3.3624,3.3634,3.3524,3.3544,36
2026-03-08 23:14:00,3.3504,3.3524,3.3474,3.3489,3.3554,3.3574,3.3524,3.3539,25
2026-03-08 23:15:00,3.3494,3.3534,3.3474,3.3474,3.3544,3.3584,3.3524,3.3524,18
2026-03-08 23:16:00,3.3464,3.3614,3.3464,3.3559,3.3514,3.3664,3.3514,3.3609,30
2026-03-08 23:17:00,3.3574,3.3579,3.3439,3.3474,3.3624,3.3629,3.3489,3.3524,32
2026-03-08 23:18:00,3.3464,3.3464,3.3314,3.3314,3.3514,3.3514,3.3364,3.3364,45
2026-03-08 23:19:00,3.3294,3.3304,3.3204,3.3259,3.3344,3.3354,3.3254,3.3309,40
2026-03-08 23:20:00,3.3264,3.3264,3.3199,3.3254,3.3314,3.3314,3.3249,3.3304,23
2026-03-08 23:21:00,3.3259,3.3434,3.3259,3.3434,3.3309,3.3484,3.3309,3.3484,37
2026-03-08 23:22:00,3.3419,3.3429,3.3369,3.3409,3.3469,3.3479,3.3419,3.3459,17
2026-03-08 23:23:00,3.3414,3.3504,3.3409,3.3484,3.3464,3.3554,3.3459,3.3534,35
2026-03-08 23:24:00,3.3489,3.3614,3.3454,3.3564,3.3539,3.3664,3.3504,3.3614,49
2026-03-08 23:25:00,3.3559,3.3614,3.3449,3.3479,3.3609,3.3664,3.3499,3.3529,34
2026-03-08 23:26:00,3.3489,3.3564,3.3489,3.3504,3.3539,3.3614,3.3539,3.3554,22
2026-03-08 23:27:00,3.3514,3.3554,3.3484,3.3489,3.3564,3.3604,3.3534,3.3539,23
2026-03-08 23:28:00,3.3484,3.3544,3.3479,3.3514,3.3534,3.3594,3.3529,3.3564,16
2026-03-08 23:29:00,3.3519,3.3519,3.3444,3.3454,3.3569,3.3569,3.3494,3.3504,19
2026-03-08 23:30:00,3.3449,3.3539,3.3449,3.3539,3.3499,3.3589,3.3499,3.3589,19
2026-03-08 23:31:00,3.3529,3.3554,3.3514,3.3554,3.3579,3.3604,3.3564,3.3604,20
2026-03-08 23:32:00,3.3549,3.3549,3.3504,3.3504,3.3599,3.3599,3.3554,3.3554,19
2026-03-08 23:33:00,3.3499,3.3549,3.3499,3.3539,3.3549,3.3599,3.3549,3.3589,15
2026-03-08 23:34:00,3.3514,3.3524,3.3479,3.3494,3.3564,3.3574,3.3529,3.3544,9
2026-03-08 23:35:00,3.3489,3.3579,3.3489,3.3579,3.3539,3.3629,3.3539,3.3629,18
2026-03-08 23:36:00,3.3574,3.3574,3.3479,3.3514,3.3624,3.3624,3.3529,3.3564,27
2026-03-08 23:37:00,3.3519,3.3579,3.3494,3.3554,3.3569,3.3629,3.3544,3.3604,25
2026-03-08 23:38:00,3.3559,3.3569,3.3539,3.3564,3.3609,3.3619,3.3589,3.3614,18
2026-03-08 23:39:00,3.3559,3.3564,3.3519,3.3529,3.3609,3.3614,3.3569,3.3579,14
2026-03-08 23:40:00,3.3534,3.3564,3.3514,3.3524,3.3584,3.3614,3.3564,3.3574,15
2026-03-08 23:41:00,3.3504,3.3504,3.3444,3.3449,3.3554,3.3554,3.3494,3.3499,15
2026-03-08 23:42:00,3.3454,3.3474,3.3444,3.3459,3.3504,3.3524,3.3494,3.3509,15
2026-03-08 23:43:00,3.3464,3.3519,3.3439,3.3519,3.3514,3.3569,3.3489,3.3569,24
2026-03-08 23:44:00,3.3524,3.3524,3.3484,3.3489,3.3574,3.3574,3.3534,3.3539,13
2026-03-08 23:45:00,3.3494,3.3514,3.3464,3.3494,3.3544,3.3564,3.3514,3.3544,18
2026-03-08 23:46:00,3.3499,3.3514,3.3474,3.3484,3.3549,3.3564,3.3524,3.3534,16
2026-03-08 23:47:00,3.3489,3.3504,3.3469,3.3494,3.3539,3.3554,3.3519,3.3544,22
2026-03-08 23:48:00,3.3499,3.3544,3.3489,3.3489,3.3549,3.3594,3.3539,3.3539,31
2026-03-08 23:49:00,3.3494,3.3494,3.3459,3.3464,3.3544,3.3544,3.3509,3.3514,16
2026-03-08 23:50:00,3.3479,3.3479,3.3444,3.3454,3.3529,3.3529,3.3494,3.3504,12
2026-03-08 23:51:00,3.3444,3.3444,3.3404,3.3424,3.3494,3.3494,3.3454,3.3474,13
2026-03-08 23:52:00,3.3419,3.3479,3.3419,3.3479,3.3469,3.3529,3.3469,3.3529,10
2026-03-08 23:53:00,3.3494,3.3519,3.3474,3.3479,3.3544,3.3569,3.3524,3.3529,12
2026-03-08 23:54:00,3.3484,3.3514,3.3474,3.3474,3.3534,3.3564,3.3524,3.3524,26
2026-03-08 23:55:00,3.3464,3.3474,3.3439,3.3449,3.3514,3.3524,3.3489,3.3499,16
2026-03-08 23:56:00,3.3444,3.3454,3.3419,3.3419,3.3494,3.3504,3.3469,3.3469,11
2026-03-08 23:57:00,3.3409,3.3444,3.3374,3.3399,3.3459,3.3494,3.3424,3.3449,19
2026-03-08 23:58:00,3.3389,3.3419,3.3389,3.3419,3.3439,3.3469,3.3439,3.3469,12
2026-03-08 23:59:00,3.3424,3.3424,3.3374,3.3394,3.3474,3.3474,3.3424,3.3444,19
2026-03-09 00:00:00,3.3399,3.3424,3.3374,3.3424,3.3449,3.3474,3.3424,3.3474,17
2026-03-09 00:01:00,3.3414,3.3424,3.3414,3.3424,3.3464,3.3474,3.3464,3.3474,5
2026-03-09 00:02:00,3.3434,3.3434,3.3289,3.3304,3.3484,3.3484,3.3339,3.3354,33
2026-03-09 00:03:00,3.3314,3.3339,3.3269,3.3284,3.3364,3.3389,3.3319,3.3334,28
2026-03-09 00:04:00,3.3279,3.3319,3.3274,3.3289,3.3329,3.3369,3.3324,3.3339,22
2026-03-09 00:05:00,3.3299,3.3374,3.3299,3.3309,3.3349,3.3424,3.3349,3.3359,14
2026-03-09 00:06:00,3.3304,3.3339,3.3304,3.3329,3.3354,3.3389,3.3354,3.3379,12
2026-03-09 00:07:00,3.3354,3.3424,3.3339,3.3419,3.3404,3.3474,3.3389,3.3469,22
2026-03-09 00:08:00,3.3409,3.3409,3.3344,3.3364,3.3459,3.3459,3.3394,3.3414,15
2026-03-09 00:09:00,3.3369,3.3549,3.3344,3.3524,3.3419,3.3599,3.3394,3.3574,50
2026-03-09 00:10:00,3.3519,3.3579,3.3514,3.3579,3.3569,3.3629,3.3564,3.3629,28
2026-03-09 00:11:00,3.3594,3.3674,3.3589,3.3654,3.3644,3.3724,3.3639,3.3704,36
2026-03-09 00:12:00,3.3659,3.3764,3.3659,3.3744,3.3709,3.3814,3.3709,3.3794,38
2026-03-09 00:13:00,3.3754,3.3774,3.3609,3.3639,3.3804,3.3824,3.3659,3.3689,37
2026-03-09 00:14:00,3.3634,3.3664,3.3589,3.3664,3.3684,3.3714,3.3639,3.3714,21
2026-03-09 00:15:00,3.3659,3.3674,3.3619,3.3634,3.3709,3.3724,3.3669,3.3684,19
2026-03-09 00:16:00,3.3644,3.3659,3.3609,3.3624,3.3694,3.3709,3.3659,3.3674,16
2026-03-09 00:17:00,3.3629,3.3644,3.3569,3.3569,3.3679,3.3694,3.3619,3.3619,13
2026-03-09 00:18:00,3.3564,3.3584,3.3529,3.3574,3.3614,3.3634,3.3579,3.3624,33
2026-03-09 00:19:00,3.3569,3.3594,3.3564,3.3574,3.3619,3.3644,3.3614,3.3624,25
2026-03-09 00:20:00,3.3564,3.3574,3.3534,3.3569,3.3614,3.3624,3.3584,3.3619,21
2026-03-09 00:21:00,3.3574,3.3629,3.3554,3.3624,3.3624,3.3679,3.3604,3.3674,26
2026-03-09 00:22:00,3.3664,3.3664,3.3609,3.3649,3.3714,3.3714,3.3659,3.3699,16
2026-03-09 00:23:00,3.3644,3.3669,3.3644,3.3644,3.3694,3.3719,3.3694,3.3694,10
2026-03-09 00:24:00,3.3654,3.3674,3.3644,3.3664,3.3704,3.3724,3.3694,3.3714,15
2026-03-09 00:25:00,3.3659,3.3749,3.3649,3.3734,3.3709,3.3799,3.3699,3.3784,25
2026-03-09 00:26:00,3.3739,3.3769,3.3719,3.3749,3.3789,3.3819,3.3769,3.3799,19
2026-03-09 00:27:00,3.3754,3.3774,3.3744,3.3769,3.3804,3.3824,3.3794,3.3819,21
2026-03-09 00:28:00,3.3759,3.3774,3.3759,3.3774,3.3809,3.3824,3.3809,3.3824,8
2026-03-09 00:29:00,3.3784,3.3929,3.3784,3.3919,3.3834,3.3979,3.3834,3.3969,62
2026-03-09 00:30:00,3.3914,3.3984,3.3899,3.3979,3.3964,3.4034,3.3949,3.4029,42
2026-03-09 00:31:00,3.3984,3.4014,3.3964,3.4014,3.4034,3.4064,3.4014,3.4064,32
2026-03-09 00:32:00,3.4019,3.4034,3.4009,3.4034,3.4069,3.4084,3.4059,3.4084,19
2026-03-09 00:33:00,3.4029,3.4124,3.4024,3.4104,3.4079,3.4174,3.4074,3.4154,20
2026-03-09 00:34:00,3.4114,3.4114,3.4034,3.4064,3.4164,3.4164,3.4084,3.4114,25
2026-03-09 00:35:00,3.4059,3.4099,3.4059,3.4099,3.4109,3.4149,3.4109,3.4149,14
2026-03-09 00:36:00,3.4094,3.4189,3.4064,3.4189,3.4144,3.4239,3.4114,3.4239,39
2026-03-09 00:37:00,3.4179,3.4264,3.4179,3.4264,3.4229,3.4314,3.4229,3.4314,27
2026-03-09 00:38:00,3.4254,3.4299,3.4229,3.4229,3.4304,3.4349,3.4279,3.4279,27
2026-03-09 00:39:00,3.4234,3.4284,3.4214,3.4269,3.4284,3.4334,3.4264,3.4319,30
2026-03-09 00:40:00,3.4264,3.4264,3.4229,3.4239,3.4314,3.4314,3.4279,3.4289,15
2026-03-09 00:41:00,3.4224,3.4234,3.4134,3.4139,3.4274,3.4284,3.4184,3.4189,20
2026-03-09 00:42:00,3.4144,3.4144,3.4079,3.4109,3.4194,3.4194,3.4129,3.4159,28
2026-03-09 00:43:00,3.4119,3.4144,3.4094,3.4094,3.4169,3.4194,3.4144,3.4144,21
2026-03-09 00:44:00,3.4104,3.4154,3.4074,3.4144,3.4154,3.4204,3.4124,3.4194,24
2026-03-09 00:45:00,3.4154,3.4174,3.4144,3.4144,3.4204,3.4224,3.4194,3.4194,12
2026-03-09 00:46:00,3.4139,3.4154,3.4124,3.4149,3.4189,3.4204,3.4174,3.4199,16
2026-03-09 00:47:00,3.4144,3.4194,3.4144,3.4194,3.4194,3.4244,3.4194,3.4244,15
2026-03-09 00:48:00,3.4184,3.4194,3.4099,3.4154,3.4234,3.4244,3.4149,3.4204,25
2026-03-09 00:49:00,3.4149,3.4159,3.4124,3.4124,3.4199,3.4209,3.4174,3.4174,13
2026-03-09 00:50:00,3.4114,3.4119,3.4104,3.4114,3.4164,3.4169,3.4154,3.4164,7
2026-03-09 00:51:00,3.4109,3.4114,3.4109,3.4109,3.4159,3.4164,3.4159,3.4159,3
2026-03-09 00:52:00,3.4104,3.4114,3.4074,3.4084,3.4154,3.4164,3.4124,3.4134,17
2026-03-09 00:53:00,3.4079,3.4084,3.4014,3.4034,3.4129,3.4134,3.4064,3.4084,27
2026-03-09 00:54:00,3.4039,3.4054,3.4039,3.4054,3.4089,3.4104,3.4089,3.4104,11
2026-03-09 00:55:00,3.4059,3.4129,3.4059,3.4089,3.4109,3.4179,3.4109,3.4139,20
2026-03-09 00:56:00,3.4094,3.4164,3.4094,3.4164,3.4144,3.4214,3.4144,3.4214,23
2026-03-09 00:57:00,3.4154,3.4174,3.4134,3.4164,3.4204,3.4224,3.4184,3.4214,16
2026-03-09 00:58:00,3.4169,3.4174,3.4114,3.4124,3.4219,3.4224,3.4164,3.4174,26
2026-03-09 00:59:00,3.4109,3.4159,3.4104,3.4139,3.4159,3.4209,3.4154,3.4189,15
2026-03-09 01:00:00,3.4134,3.4159,3.4104,3.4124,3.4184,3.4209,3.4154,3.4174,26
2026-03-09 01:01:00,3.4119,3.4134,3.4104,3.4119,3.4169,3.4184,3.4154,3.4169,10
2026-03-09 01:02:00,3.4114,3.4124,3.4089,3.4109,3.4164,3.4174,3.4139,3.4159,30
2026-03-09 01:03:00,3.4104,3.4119,3.4094,3.4099,3.4154,3.4169,3.4144,3.4149,11
2026-03-09 01:04:00,3.4094,3.4124,3.4064,3.4074,3.4144,3.4174,3.4114,3.4124,33
2026-03-09 01:05:00,3.4069,3.4079,3.4054,3.4079,3.4119,3.4129,3.4104,3.4129,19
2026-03-09 01:06:00,3.4084,3.4084,3.4044,3.4044,3.4134,3.4134,3.4094,3.4094,11
2026-03-09 01:07:00,3.4049,3.4114,3.4049,3.4094,3.4099,3.4164,3.4099,3.4144,15
2026-03-09 01:08:00,3.4099,3.4124,3.4064,3.4094,3.4149,3.4174,3.4114,3.4144,18
2026-03-09 01:09:00,3.4104,3.4114,3.4094,3.4099,3.4154,3.4164,3.4144,3.4149,10
2026-03-09 01:10:00,3.4094,3.4099,3.4069,3.4099,3.4144,3.4149,3.4119,3.4149,14
2026-03-09 01:11:00,3.4089,3.4114,3.4089,3.4104,3.4139,3.4164,3.4139,3.4154,10
2026-03-09 01:12:00,3.4109,3.4119,3.4104,3.4109,3.4159,3.4169,3.4154,3.4159,9
2026-03-09 01:13:00,3.4104,3.4104,3.4034,3.4104,3.4154,3.4154,3.4084,3.4154,29
2026-03-09 01:14:00,3.4099,3.4124,3.4084,3.4109,3.4149,3.4174,3.4134,3.4159,17
2026-03-09 01:15:00,3.4114,3.4119,3.4039,3.4049,3.4164,3.4169,3.4089,3.4099,21
2026-03-09 01:16:00,3.4044,3.4059,3.4034,3.4044,3.4094,3.4109,3.4084,3.4094,11
2026-03-09 01:17:00,3.4034,3.4049,3.3924,3.3979,3.4084,3.4099,3.3974,3.4029,31
2026-03-09 01:18:00,3.3984,3.3984,3.3919,3.3919,3.4034,3.4034,3.3969,3.3969,22
2026-03-09 01:19:00,3.3924,3.3944,3.3864,3.3879,3.3974,3.3994,3.3914,3.3929,30
2026-03-09 01:20:00,3.3874,3.3904,3.3864,3.3874,3.3924,3.3954,3.3914,3.3924,17
2026-03-09 01:21:00,3.3884,3.3894,3.3859,3.3869,3.3934,3.3944,3.3909,3.3919,15
2026-03-09 01:23:00,3.3924,3.3924,3.3869,3.3899,3.3974,3.3974,3.3919,3.3949,17
2026-03-09 01:24:00,3.3904,3.3904,3.3889,3.3889,3.3954,3.3954,3.3939,3.3939,3
2026-03-09 01:25:00,3.3894,3.3894,3.3859,3.3859,3.3944,3.3944,3.3909,3.3909,8
2026-03-09 01:26:00,3.3864,3.3884,3.3859,3.3879,3.3914,3.3934,3.3909,3.3929,9
2026-03-09 01:27:00,3.3884,3.3919,3.3874,3.3904,3.3934,3.3969,3.3924,3.3954,21
2026-03-09 01:28:00,3.3909,3.3924,3.3899,3.3919,3.3959,3.3974,3.3949,3.3969,8
2026-03-09 01:29:00,3.3909,3.3924,3.3904,3.3924,3.3959,3.3974,3.3954,3.3974,12
2026-03-09 01:30:00,3.3919,3.3969,3.3904,3.3909,3.3969,3.4019,3.3954,3.3959,16
2026-03-09 01:31:00,3.3899,3.3964,3.3899,3.3954,3.3949,3.4014,3.3949,3.4004,14
2026-03-09 01:32:00,3.3959,3.3964,3.3959,3.3959,3.4009,3.4014,3.4009,3.4009,5
2026-03-09 01:33:00,3.3964,3.3964,3.3954,3.3959,3.4014,3.4014,3.4004,3.4009,7
2026-03-09 01:34:00,3.3954,3.3954,3.3914,3.3939,3.4004,3.4004,3.3964,3.3989,17
2026-03-09 01:35:00,3.3949,3.3949,3.3949,3.3949,3.3999,3.3999,3.3999,3.3999,1
2026-03-09 01:36:00,3.3944,3.3999,3.3944,3.3984,3.3994,3.4049,3.3994,3.4034,13
2026-03-09 01:37:00,3.3974,3.4004,3.3974,3.4004,3.4024,3.4054,3.4024,3.4054,13
2026-03-09 01:38:00,3.3994,3.4009,3.3984,3.4009,3.4044,3.4059,3.4034,3.4059,8
2026-03-09 01:39:00,3.4004,3.4054,3.3989,3.4049,3.4054,3.4104,3.4039,3.4099,27
2026-03-09 01:40:00,3.4044,3.4099,3.4039,3.4089,3.4094,3.4149,3.4089,3.4139,22
2026-03-09 01:41:00,3.4094,3.4114,3.4084,3.4094,3.4144,3.4164,3.4134,3.4144,11
2026-03-09 01:42:00,3.4089,3.4094,3.4064,3.4069,3.4139,3.4144,3.4114,3.4119,11
2026-03-09 01:43:00,3.4079,3.4139,3.4079,3.4124,3.4129,3.4189,3.4129,3.4174,15
2026-03-09 01:44:00,3.4114,3.4134,3.4114,3.4134,3.4164,3.4184,3.4164,3.4184,9
2026-03-09 01:45:00,3.4124,3.4129,3.4104,3.4129,3.4174,3.4179,3.4154,3.4179,7
2026-03-09 01:46:00,3.4134,3.4144,3.4134,3.4144,3.4184,3.4194,3.4184,3.4194,3
2026-03-09 01:47:00,3.4134,3.4154,3.4104,3.4144,3.4184,3.4204,3.4154,3.4194,17
2026-03-09 01:48:00,3.4139,3.4164,3.4134,3.4164,3.4189,3.4214,3.4184,3.4214,14
2026-03-09 01:49:00,3.4169,3.4179,3.4154,3.4164,3.4219,3.4229,3.4204,3.4214,12
2026-03-09 01:50:00,3.4174,3.4204,3.4164,3.4184,3.4224,3.4254,3.4214,3.4234,23
2026-03-09 01:51:00,3.4189,3.4264,3.4184,3.4264,3.4239,3.4314,3.4234,3.4314,27
2026-03-09 01:52:00,3.4269,3.4314,3.4269,3.4314,3.4319,3.4364,3.4319,3.4364,9
2026-03-09 01:53:00,3.4304,3.4314,3.4284,3.4284,3.4354,3.4364,3.4334,3.4334,13
2026-03-09 01:54:00,3.4294,3.4324,3.4294,3.4324,3.4344,3.4374,3.4344,3.4374,9
2026-03-09 01:55:00,3.4319,3.4344,3.4314,3.4329,3.4369,3.4394,3.4364,3.4379,9
2026-03-09 01:56:00,3.4324,3.4374,3.4314,3.4364,3.4374,3.4424,3.4364,3.4414,26
2026-03-09 01:57:00,3.4374,3.4374,3.4284,3.4294,3.4424,3.4424,3.4334,3.4344,25
2026-03-09 01:58:00,3.4289,3.4304,3.4254,3.4259,3.4339,3.4354,3.4304,3.4309,12
2026-03-09 01:59:00,3.4249,3.4279,3.4214,3.4269,3.4299,3.4329,3.4264,3.4319,35
2026-03-09 02:00:00,3.4279,3.4334,3.4274,3.4289,3.4329,3.4384,3.4324,3.4339,29
2026-03-09 02:01:00,3.4294,3.4334,3.4284,3.4329,3.4344,3.4384,3.4334,3.4379,21
2026-03-09 02:02:00,3.4324,3.4324,3.4244,3.4274,3.4374,3.4374,3.4294,3.4324,26
2026-03-09 02:03:00,3.4269,3.4279,3.4214,3.4219,3.4319,3.4329,3.4264,3.4269,24
2026-03-09 02:04:00,3.4209,3.4364,3.4209,3.4334,3.4259,3.4414,3.4259,3.4384,35
2026-03-09 02:05:00,3.4339,3.4399,3.4324,3.4379,3.4389,3.4449,3.4374,3.4429,49
2026-03-09 02:06:00,3.4394,3.4414,3.4359,3.4404,3.4444,3.4464,3.4409,3.4454,30
2026-03-09 02:07:00,3.4399,3.4439,3.4374,3.4384,3.4449,3.4489,3.4424,3.4434,30
2026-03-09 02:08:00,3.4394,3.4394,3.4304,3.4329,3.4444,3.4444,3.4354,3.4379,25
2026-03-09 02:09:00,3.4324,3.4364,3.4324,3.4364,3.4374,3.4414,3.4374,3.4414,12
2026-03-09 02:10:00,3.4369,3.4404,3.4369,3.4404,3.4419,3.4454,3.4419,3.4454,15
2026-03-09 02:11:00,3.4414,3.4464,3.4414,3.4464,3.4464,3.4514,3.4464,3.4514,19
2026-03-09 02:12:00,3.4459,3.4459,3.4424,3.4439,3.4509,3.4509,3.4474,3.4489,14
2026-03-09 02:13:00,3.4434,3.4459,3.4414,3.4449,3.4484,3.4509,3.4464,3.4499,16
2026-03-09 02:14:00,3.4454,3.4509,3.4454,3.4489,3.4504,3.4559,3.4504,3.4539,24
2026-03-09 02:15:00,3.4499,3.4504,3.4374,3.4379,3.4549,3.4554,3.4424,3.4429,27
2026-03-09 02:16:00,3.4384,3.4449,3.4384,3.4449,3.4434,3.4499,3.4434,3.4499,15
2026-03-09 02:17:00,3.4454,3.4474,3.4454,3.4474,3.4504,3.4524,3.4504,3.4524,8
2026-03-09 02:18:00,3.4484,3.4494,3.4454,3.4454,3.4534,3.4544,3.4504,3.4504,11
2026-03-09 02:19:00,3.4459,3.4484,3.4449,3.4474,3.4509,3.4534,3.4499,3.4524,12
2026-03-09 02:20:00,3.4469,3.4469,3.4469,3.4469,3.4519,3.4519,3.4519,3.4519,1
2026-03-09 02:21:00,3.4474,3.4479,3.4454,3.4479,3.4524,3.4529,3.4504,3.4529,7
2026-03-09 02:22:00,3.4464,3.4484,3.4444,3.4484,3.4514,3.4534,3.4494,3.4534,24
2026-03-09 02:23:00,3.4489,3.4509,3.4484,3.4499,3.4539,3.4559,3.4534,3.4549,22
2026-03-09 02:24:00,3.4504,3.4509,3.4454,3.4464,3.4554,3.4559,3.4504,3.4514,28
2026-03-09 02:25:00,3.4469,3.4479,3.4449,3.4469,3.4519,3.4529,3.4499,3.4519,12
2026-03-09 02:26:00,3.4464,3.4464,3.4294,3.4294,3.4514,3.4514,3.4344,3.4344,56
2026-03-09 02:27:00,3.4284,3.4369,3.4259,3.4364,3.4334,3.4419,3.4309,3.4414,28
2026-03-09 02:28:00,3.4354,3.4354,3.4334,3.4339,3.4404,3.4404,3.4384,3.4389,6
2026-03-09 02:29:00,3.4334,3.4344,3.4254,3.4284,3.4384,3.4394,3.4304,3.4334,27
2026-03-09 02:30:00,3.4294,3.4309,3.4274,3.4294,3.4344,3.4359,3.4324,3.4344,29
2026-03-09 02:31:00,3.4299,3.4349,3.4299,3.4349,3.4349,3.4399,3.4349,3.4399,6
2026-03-09 02:32:00,3.4339,3.4344,3.4304,3.4314,3.4389,3.4394,3.4354,3.4364,12
2026-03-09 02:33:00,3.4329,3.4359,3.4329,3.4354,3.4379,3.4409,3.4379,3.4404,7
2026-03-09 02:34:00,3.4359,3.4364,3.4314,3.4359,3.4409,3.4414,3.4364,3.4409,11
2026-03-09 02:35:00,3.4349,3.4354,3.4339,3.4354,3.4399,3.4404,3.4389,3.4404,4
2026-03-09 02:36:00,3.4359,3.4359,3.4329,3.4334,3.4409,3.4409,3.4379,3.4384,8
2026-03-09 02:37:00,3.4339,3.4369,3.4339,3.4369,3.4389,3.4419,3.4389,3.4419,6
2026-03-09 02:38:00,3.4364,3.4444,3.4354,3.4444,3.4414,3.4494,3.4404,3.4494,20
2026-03-09 02:39:00,3.4454,3.4454,3.4419,3.4424,3.4504,3.4504,3.4469,3.4474,25
2026-03-09 02:40:00,3.4419,3.4419,3.4314,3.4334,3.4469,3.4469,3.4364,3.4384,26
2026-03-09 02:41:00,3.4344,3.4414,3.4344,3.4414,3.4394,3.4464,3.4394,3.4464,17
2026-03-09 02:42:00,3.4409,3.4419,3.4379,3.4399,3.4459,3.4469,3.4429,3.4449,20
2026-03-09 02:43:00,3.4394,3.4484,3.4379,3.4464,3.4444,3.4534,3.4429,3.4514,25
2026-03-09 02:44:00,3.4469,3.4489,3.4449,3.4479,3.4519,3.4539,3.4499,3.4529,19
2026-03-09 02:45:00,3.4454,3.4494,3.4434,3.4464,3.4504,3.4544,3.4484,3.4514,14
2026-03-09 02:46:00,3.4474,3.4479,3.4424,3.4439,3.4524,3.4529,3.4474,3.4489,18
2026-03-09 02:47:00,3.4444,3.4494,3.4444,3.4484,3.4494,3.4544,3.4494,3.4534,17
2026-03-09 02:48:00,3.4499,3.4544,3.4499,3.4534,3.4549,3.4594,3.4549,3.4584,22
2026-03-09 02:49:00,3.4539,3.4544,3.4499,3.4514,3.4589,3.4594,3.4549,3.4564,17
2026-03-09 02:50:00,3.4509,3.4544,3.4484,3.4529,3.4559,3.4594,3.4534,3.4579,21
2026-03-09 02:51:00,3.4519,3.4554,3.4519,3.4539,3.4569,3.4604,3.4569,3.4589,10
2026-03-09 02:52:00,3.4534,3.4574,3.4529,3.4534,3.4584,3.4624,3.4579,3.4584,21
2026-03-09 02:53:00,3.4529,3.4594,3.4529,3.4579,3.4579,3.4644,3.4579,3.4629,33
2026-03-09 02:54:00,3.4574,3.4589,3.4564,3.4564,3.4624,3.4639,3.4614,3.4614,16
2026-03-09 02:55:00,3.4569,3.4569,3.4524,3.4534,3.4619,3.4619,3.4574,3.4584,13
2026-03-09 02:56:00,3.4539,3.4559,3.4534,3.4554,3.4589,3.4609,3.4584,3.4604,10
2026-03-09 02:57:00,3.4564,3.4584,3.4559,3.4569,3.4614,3.4634,3.4609,3.4619,7
2026-03-09 02:58:00,3.4584,3.4654,3.4584,3.4629,3.4634,3.4704,3.4634,3.4679,29
2026-03-09 02:59:00,3.4634,3.4724,3.4634,3.4709,3.4684,3.4774,3.4684,3.4759,36
2026-03-09 03:00:00,3.4704,3.4709,3.4664,3.4674,3.4754,3.4759,3.4714,3.4724,16
2026-03-09 03:01:00,3.4684,3.4724,3.4684,3.4714,3.4734,3.4774,3.4734,3.4764,20
2026-03-09 03:02:00,3.4719,3.4719,3.4629,3.4684,3.4769,3.4769,3.4679,3.4734,31
2026-03-09 03:03:00,3.4689,3.4709,3.4654,3.4699,3.4739,3.4759,3.4704,3.4749,37
2026-03-09 03:04:00,3.4704,3.4719,3.4704,3.4719,3.4754,3.4769,3.4754,3.4769,6
2026-03-09 03:05:00,3.4724,3.4794,3.4724,3.4789,3.4774,3.4844,3.4774,3.4839,23
2026-03-09 03:06:00,3.4784,3.4794,3.4769,3.4774,3.4834,3.4844,3.4819,3.4824,16
2026-03-09 03:07:00,3.4789,3.4799,3.4774,3.4774,3.4839,3.4849,3.4824,3.4824,10
2026-03-09 03:08:00,3.4779,3.4824,3.4779,3.4809,3.4829,3.4874,3.4829,3.4859,20
2026-03-09 03:09:00,3.4814,3.4814,3.4754,3.4774,3.4864,3.4864,3.4804,3.4824,17
2026-03-09 03:10:00,3.4784,3.4809,3.4774,3.4809,3.4834,3.4859,3.4824,3.4859,8
2026-03-09 03:11:00,3.4814,3.4844,3.4814,3.4829,3.4864,3.4894,3.4864,3.4879,18
2026-03-09 03:12:00,3.4824,3.4839,3.4769,3.4814,3.4874,3.4889,3.4819,3.4864,21
2026-03-09 03:13:00,3.4819,3.4819,3.4814,3.4814,3.4869,3.4869,3.4864,3.4864,2
2026-03-09 03:14:00,3.4819,3.4834,3.4809,3.4834,3.4869,3.4884,3.4859,3.4884,11
2026-03-09 03:15:00,3.4839,3.4889,3.4834,3.4874,3.4889,3.4939,3.4884,3.4924,20
2026-03-09 03:16:00,3.4869,3.4884,3.4804,3.4824,3.4919,3.4934,3.4854,3.4874,29
2026-03-09 03:17:00,3.4829,3.4849,3.4819,3.4829,3.4879,3.4899,3.4869,3.4879,24
2026-03-09 03:18:00,3.4834,3.4874,3.4834,3.4849,3.4884,3.4924,3.4884,3.4899,39
2026-03-09 03:19:00,3.4854,3.4869,3.4814,3.4829,3.4904,3.4919,3.4864,3.4879,27
2026-03-09 03:20:00,3.4839,3.4844,3.4809,3.4839,3.4889,3.4894,3.4859,3.4889,19
2026-03-09 03:21:00,3.4829,3.4829,3.4774,3.4794,3.4879,3.4879,3.4824,3.4844,23
2026-03-09 03:22:00,3.4799,3.4944,3.4799,3.4934,3.4849,3.4994,3.4849,3.4984,53
2026-03-09 03:23:00,3.4924,3.4934,3.4874,3.4879,3.4974,3.4984,3.4924,3.4929,15
2026-03-09 03:24:00,3.4874,3.4874,3.4814,3.4859,3.4924,3.4924,3.4864,3.4909,22
2026-03-09 03:25:00,3.4844,3.4914,3.4844,3.4899,3.4894,3.4964,3.4894,3.4949,19
2026-03-09 03:26:00,3.4919,3.4944,3.4899,3.4924,3.4969,3.4994,3.4949,3.4974,30
2026-03-09 03:27:00,3.4929,3.4979,3.4929,3.4974,3.4979,3.5029,3.4979,3.5024,25
2026-03-09 03:28:00,3.4989,3.4994,3.4949,3.4949,3.5039,3.5044,3.4999,3.4999,23
2026-03-09 03:29:00,3.4944,3.4989,3.4934,3.4969,3.4994,3.5039,3.4984,3.5019,23
2026-03-09 03:30:00,3.4974,3.4994,3.4969,3.4979,3.5024,3.5044,3.5019,3.5029,10
2026-03-09 03:31:00,3.4984,3.4994,3.4979,3.4984,3.5034,3.5044,3.5029,3.5034,12
2026-03-09 03:32:00,3.4974,3.4994,3.4949,3.4949,3.5024,3.5044,3.4999,3.4999,12
2026-03-09 03:33:00,3.4954,3.4959,3.4944,3.4949,3.5004,3.5009,3.4994,3.4999,20
2026-03-09 03:34:00,3.4954,3.4959,3.4909,3.4914,3.5004,3.5009,3.4959,3.4964,14
2026-03-09 03:35:00,3.4919,3.4924,3.4864,3.4899,3.4969,3.4974,3.4914,3.4949,22
2026-03-09 03:36:00,3.4914,3.4949,3.4899,3.4939,3.4964,3.4999,3.4949,3.4989,18
2026-03-09 03:37:00,3.4934,3.4994,3.4934,3.4974,3.4984,3.5044,3.4984,3.5024,25
2026-03-09 03:38:00,3.4954,3.4954,3.4869,3.4879,3.5004,3.5004,3.4919,3.4929,37
2026-03-09 03:39:00,3.4874,3.4879,3.4814,3.4819,3.4924,3.4929,3.4864,3.4869,34
2026-03-09 03:40:00,3.4814,3.4814,3.4729,3.4739,3.4864,3.4864,3.4779,3.4789,34
2026-03-09 03:41:00,3.4744,3.4749,3.4724,3.4724,3.4794,3.4799,3.4774,3.4774,22
2026-03-09 03:42:00,3.4734,3.4784,3.4709,3.4769,3.4784,3.4834,3.4759,3.4819,33
2026-03-09 03:43:00,3.4774,3.4844,3.4774,3.4834,3.4824,3.4894,3.4824,3.4884,23
2026-03-09 03:44:00,3.4829,3.4844,3.4804,3.4814,3.4879,3.4894,3.4854,3.4864,17
2026-03-09 03:45:00,3.4809,3.4819,3.4809,3.4809,3.4859,3.4869,3.4859,3.4859,13
2026-03-09 03:46:00,3.4814,3.4814,3.4749,3.4774,3.4864,3.4864,3.4799,3.4824,14
2026-03-09 03:47:00,3.4764,3.4769,3.4719,3.4729,3.4814,3.4819,3.4769,3.4779,20
2026-03-09 03:48:00,3.4724,3.4724,3.4599,3.4619,3.4774,3.4774,3.4649,3.4669,53
2026-03-09 03:49:00,3.4614,3.4734,3.4614,3.4714,3.4664,3.4784,3.4664,3.4764,18
2026-03-09 03:50:00,3.4719,3.4724,3.4649,3.4649,3.4769,3.4774,3.4699,3.4699,14
2026-03-09 03:51:00,3.4644,3.4704,3.4644,3.4694,3.4694,3.4754,3.4694,3.4744,16
2026-03-09 03:52:00,3.4699,3.4704,3.4664,3.4664,3.4749,3.4754,3.4714,3.4714,17
2026-03-09 03:53:00,3.4669,3.4674,3.4609,3.4609,3.4719,3.4724,3.4659,3.4659,24
2026-03-09 03:54:00,3.4604,3.4609,3.4564,3.4574,3.4654,3.4659,3.4614,3.4624,34
2026-03-09 03:55:00,3.4584,3.4584,3.4534,3.4544,3.4634,3.4634,3.4584,3.4594,19
2026-03-09 03:56:00,3.4534,3.4589,3.4534,3.4554,3.4584,3.4639,3.4584,3.4604,19
2026-03-09 03:57:00,3.4559,3.4564,3.4539,3.4544,3.4609,3.4614,3.4589,3.4594,16
2026-03-09 03:58:00,3.4534,3.4559,3.4484,3.4544,3.4584,3.4609,3.4534,3.4594,38
2026-03-09 03:59:00,3.4554,3.4584,3.4519,3.4569,3.4604,3.4634,3.4569,3.4619,23
2026-03-09 04:00:00,3.4574,3.4594,3.4564,3.4579,3.4624,3.4644,3.4614,3.4629,16
2026-03-09 04:01:00,3.4574,3.4579,3.4539,3.4579,3.4624,3.4629,3.4589,3.4629,14
2026-03-09 04:02:00,3.4584,3.4629,3.4529,3.4614,3.4634,3.4679,3.4579,3.4664,27
2026-03-09 04:03:00,3.4619,3.4619,3.4509,3.4524,3.4669,3.4669,3.4559,3.4574,29
2026-03-09 04:04:00,3.4534,3.4544,3.4509,3.4539,3.4584,3.4594,3.4559,3.4589,12
2026-03-09 04:05:00,3.4544,3.4554,3.4479,3.4489,3.4594,3.4604,3.4529,3.4539,21
2026-03-09 04:06:00,3.4484,3.4494,3.4414,3.4454,3.4534,3.4544,3.4464,3.4504,30
2026-03-09 04:07:00,3.4464,3.4504,3.4264,3.4319,3.4514,3.4554,3.4314,3.4369,68
2026-03-09 04:08:00,3.4324,3.4324,3.4249,3.4284,3.4374,3.4374,3.4299,3.4334,25
2026-03-09 04:09:00,3.4279,3.4339,3.4279,3.4284,3.4329,3.4389,3.4329,3.4334,24
2026-03-09 04:10:00,3.4289,3.4329,3.4279,3.4309,3.4339,3.4379,3.4329,3.4359,12
2026-03-09 04:11:00,3.4304,3.4384,3.4304,3.4354,3.4354,3.4434,3.4354,3.4404,23
2026-03-09 04:12:00,3.4364,3.4409,3.4349,3.4354,3.4414,3.4459,3.4399,3.4404,24
2026-03-09 04:13:00,3.4364,3.4409,3.4364,3.4409,3.4414,3.4459,3.4414,3.4459,12
2026-03-09 04:14:00,3.4399,3.4399,3.4369,3.4379,3.4449,3.4449,3.4419,3.4429,14
2026-03-09 04:15:00,3.4384,3.4384,3.4299,3.4319,3.4434,3.4434,3.4349,3.4369,19
2026-03-09 04:16:00,3.4324,3.4324,3.4244,3.4254,3.4374,3.4374,3.4294,3.4304,17
2026-03-09 04:17:00,3.4234,3.4259,3.4214,3.4239,3.4284,3.4309,3.4264,3.4289,18
2026-03-09 04:18:00,3.4244,3.4254,3.4084,3.4169,3.4294,3.4304,3.4134,3.4219,49
2026-03-09 04:19:00,3.4174,3.4244,3.4174,3.4244,3.4224,3.4294,3.4224,3.4294,15
2026-03-09 04:20:00,3.4239,3.4264,3.4199,3.4239,3.4289,3.4314,3.4249,3.4289,27
2026-03-09 04:21:00,3.4229,3.4229,3.4184,3.4184,3.4279,3.4279,3.4234,3.4234,15
2026-03-09 04:22:00,3.4189,3.4194,3.4144,3.4154,3.4239,3.4244,3.4194,3.4204,20
2026-03-09 04:23:00,3.4164,3.4189,3.4154,3.4174,3.4214,3.4239,3.4204,3.4224,16
2026-03-09 04:24:00,3.4169,3.4169,3.4104,3.4129,3.4219,3.4219,3.4154,3.4179,31
2026-03-09 04:25:00,3.4134,3.4149,3.4079,3.4099,3.4184,3.4199,3.4129,3.4149,26
2026-03-09 04:26:00,3.4114,3.4144,3.4104,3.4134,3.4164,3.4194,3.4154,3.4184,18
2026-03-09 04:27:00,3.4139,3.4139,3.4069,3.4109,3.4189,3.4189,3.4119,3.4159,21
2026-03-09 04:28:00,3.4114,3.4124,3.4054,3.4069,3.4164,3.4174,3.4104,3.4119,33
2026-03-09 04:29:00,3.4079,3.4099,3.4054,3.4054,3.4129,3.4149,3.4104,3.4104,31
2026-03-09 04:30:00,3.4044,3.4079,3.4009,3.4039,3.4094,3.4129,3.4059,3.4089,40
2026-03-09 04:31:00,3.4049,3.4134,3.4039,3.4124,3.4099,3.4184,3.4089,3.4174,63
2026-03-09 04:32:00,3.4119,3.4229,3.4119,3.4214,3.4169,3.4279,3.4169,3.4264,72
2026-03-09 04:33:00,3.4209,3.4274,3.4169,3.4274,3.4259,3.4324,3.4219,3.4324,65
2026-03-09 04:34:00,3.4269,3.4309,3.4259,3.4309,3.4319,3.4359,3.4309,3.4359,29
2026-03-09 04:35:00,3.4314,3.4349,3.4314,3.4344,3.4364,3.4399,3.4364,3.4394,20
2026-03-09 04:36:00,3.4354,3.4384,3.4349,3.4369,3.4404,3.4434,3.4399,3.4419,32
2026-03-09 04:37:00,3.4374,3.4404,3.4349,3.4384,3.4424,3.4454,3.4399,3.4434,42
2026-03-09 04:38:00,3.4379,3.4464,3.4374,3.4464,3.4429,3.4514,3.4424,3.4514,35
2026-03-09 04:39:00,3.4454,3.4464,3.4424,3.4459,3.4504,3.4514,3.4474,3.4509,53
2026-03-09 04:40:00,3.4464,3.4484,3.4444,3.4484,3.4514,3.4534,3.4494,3.4534,26
2026-03-09 04:41:00,3.4489,3.4504,3.4459,3.4494,3.4539,3.4554,3.4509,3.4544,28
2026-03-09 04:42:00,3.4489,3.4529,3.4484,3.4529,3.4539,3.4579,3.4534,3.4579,28
2026-03-09 04:43:00,3.4514,3.4574,3.4514,3.4559,3.4564,3.4624,3.4564,3.4609,21
2026-03-09 04:44:00,3.4554,3.4554,3.4524,3.4549,3.4604,3.4604,3.4574,3.4599,17
2026-03-09 04:45:00,3.4554,3.4554,3.4314,3.4324,3.4604,3.4604,3.4364,3.4374,121
2026-03-09 04:46:00,3.4329,3.4504,3.4314,3.4499,3.4379,3.4554,3.4364,3.4549,71
2026-03-09 04:47:00,3.4504,3.4629,3.4504,3.4604,3.4554,3.4679,3.4554,3.4654,76
2026-03-09 04:48:00,3.4609,3.4704,3.4604,3.4694,3.4659,3.4754,3.4654,3.4744,93
2026-03-09 04:49:00,3.4699,3.4854,3.4694,3.4844,3.4749,3.4904,3.4744,3.4894,83
2026-03-09 04:50:00,3.4839,3.4844,3.4734,3.4789,3.4889,3.4894,3.4784,3.4839,79
2026-03-09 04:51:00,3.4779,3.4794,3.4699,3.4754,3.4829,3.4844,3.4749,3.4804,48
2026-03-09 04:52:00,3.4749,3.4814,3.4744,3.4804,3.4799,3.4864,3.4794,3.4854,53
2026-03-09 04:53:00,3.4799,3.4909,3.4774,3.4854,3.4849,3.4959,3.4824,3.4904,51
2026-03-09 04:54:00,3.4849,3.4854,3.4799,3.4814,3.4899,3.4904,3.4849,3.4864,51
2026-03-09 04:55:00,3.4809,3.4809,3.4784,3.4794,3.4859,3.4859,3.4834,3.4844,16
2026-03-09 04:56:00,3.4789,3.4854,3.4779,3.4844,3.4839,3.4904,3.4829,3.4894,30
2026-03-09 04:57:00,3.4834,3.4854,3.4819,3.4839,3.4884,3.4904,3.4869,3.4889,28
2026-03-09 04:58:00,3.4844,3.4844,3.4754,3.4779,3.4894,3.4894,3.4804,3.4829,39
2026-03-09 04:59:00,3.4769,3.4784,3.4614,3.4624,3.4819,3.4834,3.4664,3.4674,62
2026-03-09 05:00:00,3.4619,3.4619,3.4429,3.4434,3.4669,3.4669,3.4479,3.4484,98
2026-03-09 05:01:00,3.4444,3.4524,3.4409,3.4419,3.4494,3.4574,3.4459,3.4469,63
2026-03-09 05:02:00,3.4424,3.4439,3.4324,3.4339,3.4474,3.4489,3.4374,3.4389,46
2026-03-09 05:03:00,3.4334,3.4579,3.4334,3.4554,3.4384,3.4629,3.4384,3.4604,60
2026-03-09 05:04:00,3.4544,3.4654,3.4524,3.4649,3.4594,3.4704,3.4574,3.4699,87
2026-03-09 05:05:00,3.4654,3.4719,3.4644,3.4714,3.4704,3.4769,3.4694,3.4764,92
2026-03-09 05:06:00,3.4699,3.4699,3.4584,3.4679,3.4749,3.4749,3.4634,3.4729,40
2026-03-09 05:07:00,3.4664,3.4704,3.4649,3.4704,3.4714,3.4754,3.4699,3.4754,34
2026-03-09 05:08:00,3.4699,3.4754,3.4669,3.4754,3.4749,3.4804,3.4719,3.4804,45
2026-03-09 05:09:00,3.4744,3.4749,3.4714,3.4744,3.4794,3.4799,3.4764,3.4794,28
2026-03-09 05:10:00,3.4739,3.4789,3.4734,3.4779,3.4789,3.4839,3.4784,3.4829,40
2026-03-09 05:11:00,3.4764,3.4794,3.4744,3.4764,3.4814,3.4844,3.4794,3.4814,49
2026-03-09 05:12:00,3.4774,3.4824,3.4734,3.4734,3.4824,3.4874,3.4784,3.4784,50
2026-03-09 05:13:00,3.4739,3.4749,3.4594,3.4609,3.4789,3.4799,3.4644,3.4659,41
2026-03-09 05:14:00,3.4614,3.4639,3.4569,3.4594,3.4664,3.4689,3.4619,3.4644,17
2026-03-09 05:15:00,3.4599,3.4624,3.4569,3.4599,3.4649,3.4674,3.4619,3.4649,32
2026-03-09 05:16:00,3.4604,3.4694,3.4604,3.4689,3.4654,3.4744,3.4654,3.4739,21
2026-03-09 05:17:00,3.4679,3.4694,3.4594,3.4619,3.4729,3.4744,3.4644,3.4669,29
2026-03-09 05:18:00,3.4624,3.4694,3.4614,3.4694,3.4674,3.4744,3.4664,3.4744,19
2026-03-09 05:19:00,3.4684,3.4774,3.4674,3.4764,3.4734,3.4824,3.4724,3.4814,26
2026-03-09 05:20:00,3.4769,3.4774,3.4749,3.4769,3.4819,3.4824,3.4799,3.4819,22
2026-03-09 05:21:00,3.4774,3.4774,3.4714,3.4714,3.4824,3.4824,3.4764,3.4764,17
2026-03-09 05:22:00,3.4719,3.4729,3.4689,3.4729,3.4769,3.4779,3.4739,3.4779,12
2026-03-09 05:23:00,3.4724,3.4724,3.4709,3.4714,3.4774,3.4774,3.4759,3.4764,11
2026-03-09 05:24:00,3.4724,3.4739,3.4714,3.4734,3.4774,3.4789,3.4764,3.4784,12
2026-03-09 05:25:00,3.4739,3.4769,3.4719,3.4719,3.4789,3.4819,3.4769,3.4769,17
2026-03-09 05:26:00,3.4734,3.4814,3.4689,3.4804,3.4784,3.4864,3.4739,3.4854,35
2026-03-09 05:27:00,3.4809,3.4814,3.4769,3.4769,3.4859,3.4864,3.4819,3.4819,19
2026-03-09 05:28:00,3.4759,3.4799,3.4744,3.4789,3.4809,3.4849,3.4794,3.4839,14
2026-03-09 05:29:00,3.4799,3.4799,3.4744,3.4754,3.4849,3.4849,3.4794,3.4804,13
2026-03-09 05:30:00,3.4749,3.4764,3.4744,3.4764,3.4799,3.4814,3.4794,3.4814,7
2026-03-09 05:31:00,3.4759,3.4764,3.4709,3.4729,3.4809,3.4814,3.4759,3.4779,20
2026-03-09 05:32:00,3.4724,3.4794,3.4719,3.4794,3.4774,3.4844,3.4769,3.4844,8
2026-03-09 05:33:00,3.4784,3.4799,3.4749,3.4794,3.4834,3.4849,3.4799,3.4844,19
2026-03-09 05:34:00,3.4799,3.4804,3.4759,3.4789,3.4849,3.4854,3.4809,3.4839,22
2026-03-09 05:35:00,3.4784,3.4804,3.4754,3.4774,3.4834,3.4854,3.4804,3.4824,13
2026-03-09 05:36:00,3.4779,3.4789,3.4709,3.4709,3.4829,3.4839,3.4759,3.4759,13
2026-03-09 05:37:00,3.4719,3.4734,3.4714,3.4734,3.4769,3.4784,3.4764,3.4784,13
2026-03-09 05:38:00,3.4729,3.4764,3.4729,3.4749,3.4779,3.4814,3.4779,3.4799,23
2026-03-09 05:39:00,3.4754,3.4774,3.4744,3.4764,3.4804,3.4824,3.4794,3.4814,9
2026-03-09 05:40:00,3.4769,3.4879,3.4734,3.4734,3.4819,3.4929,3.4784,3.4784,59
2026-03-09 05:41:00,3.4724,3.4784,3.4694,3.4769,3.4774,3.4834,3.4744,3.4819,34
2026-03-09 05:42:00,3.4764,3.4799,3.4764,3.4789,3.4814,3.4849,3.4814,3.4839,11
2026-03-09 05:43:00,3.4784,3.4784,3.4759,3.4774,3.4834,3.4834,3.4809,3.4824,12
2026-03-09 05:44:00,3.4769,3.4849,3.4759,3.4809,3.4819,3.4899,3.4809,3.4859,28
2026-03-09 05:45:00,3.4814,3.4834,3.4804,3.4819,3.4864,3.4884,3.4854,3.4869,15
2026-03-09 05:46:00,3.4809,3.4824,3.4789,3.4824,3.4859,3.4874,3.4839,3.4874,15
2026-03-09 05:47:00,3.4819,3.4829,3.4814,3.4824,3.4869,3.4879,3.4864,3.4874,9
2026-03-09 05:48:00,3.4819,3.4819,3.4734,3.4734,3.4869,3.4869,3.4784,3.4784,21
2026-03-09 05:49:00,3.4744,3.4764,3.4744,3.4764,3.4794,3.4814,3.4794,3.4814,11
2026-03-09 05:50:00,3.4759,3.4759,3.4754,3.4759,3.4809,3.4809,3.4804,3.4809,11
2026-03-09 05:51:00,3.4769,3.4784,3.4764,3.4779,3.4819,3.4834,3.4814,3.4829,7
2026-03-09 05:52:00,3.4769,3.4804,3.4769,3.4804,3.4819,3.4854,3.4819,3.4854,6
2026-03-09 05:53:00,3.4809,3.4814,3.4774,3.4789,3.4859,3.4864,3.4824,3.4839,13
2026-03-09 05:54:00,3.4794,3.4814,3.4794,3.4804,3.4844,3.4864,3.4844,3.4854,9
2026-03-09 05:55:00,3.4794,3.4794,3.4719,3.4724,3.4844,3.4844,3.4769,3.4774,16
2026-03-09 05:56:00,3.4729,3.4729,3.4519,3.4604,3.4779,3.4779,3.4569,3.4654,55
2026-03-09 05:57:00,3.4594,3.4649,3.4594,3.4629,3.4644,3.4699,3.4644,3.4679,21
2026-03-09 05:58:00,3.4619,3.4659,3.4594,3.4649,3.4669,3.4709,3.4644,3.4699,16
2026-03-09 05:59:00,3.4639,3.4639,3.4584,3.4604,3.4689,3.4689,3.4634,3.4654,15
2026-03-09 06:00:00,3.4599,3.4619,3.4584,3.4609,3.4649,3.4669,3.4634,3.4659,17
2026-03-09 06:01:00,3.4599,3.4599,3.4534,3.4534,3.4649,3.4649,3.4584,3.4584,23
2026-03-09 06:02:00,3.4539,3.4544,3.4459,3.4514,3.4589,3.4594,3.4509,3.4564,40
2026-03-09 06:03:00,3.4519,3.4534,3.4514,3.4519,3.4569,3.4584,3.4564,3.4569,8
2026-03-09 06:04:00,3.4509,3.4514,3.4484,3.4484,3.4559,3.4564,3.4534,3.4534,7
2026-03-09 06:05:00,3.4479,3.4514,3.4464,3.4494,3.4529,3.4564,3.4514,3.4544,22
2026-03-09 06:06:00,3.4514,3.4594,3.4514,3.4584,3.4564,3.4644,3.4564,3.4634,42
2026-03-09 06:07:00,3.4594,3.4609,3.4584,3.4584,3.4644,3.4659,3.4634,3.4634,11
2026-03-09 06:08:00,3.4574,3.4624,3.4524,3.4614,3.4624,3.4674,3.4574,3.4664,30
2026-03-09 06:09:00,3.4604,3.4669,3.4589,3.4589,3.4654,3.4719,3.4639,3.4639,19
2026-03-09 06:10:00,3.4584,3.4604,3.4529,3.4604,3.4634,3.4654,3.4579,3.4654,19
2026-03-09 06:11:00,3.4584,3.4614,3.4584,3.4599,3.4634,3.4664,3.4634,3.4649,12
2026-03-09 06:12:00,3.4589,3.4589,3.4534,3.4559,3.4639,3.4639,3.4584,3.4609,12
2026-03-09 06:13:00,3.4574,3.4579,3.4519,3.4519,3.4624,3.4629,3.4569,3.4569,25
2026-03-09 06:14:00,3.4544,3.4579,3.4504,3.4539,3.4594,3.4629,3.4554,3.4589,35
2026-03-09 06:15:00,3.4534,3.4539,3.4519,3.4519,3.4584,3.4589,3.4569,3.4569,6
2026-03-09 06:16:00,3.4509,3.4514,3.4509,3.4514,3.4559,3.4564,3.4559,3.4564,2
2026-03-09 06:17:00,3.4509,3.4554,3.4489,3.4519,3.4559,3.4604,3.4539,3.4569,23
2026-03-09 06:18:00,3.4499,3.4499,3.4404,3.4439,3.4549,3.4549,3.4454,3.4489,28
2026-03-09 06:19:00,3.4434,3.4434,3.4419,3.4429,3.4484,3.4484,3.4469,3.4479,14
2026-03-09 06:20:00,3.4424,3.4444,3.4209,3.4274,3.4474,3.4494,3.4259,3.4324,77
2026-03-09 06:21:00,3.4264,3.4269,3.4129,3.4184,3.4314,3.4319,3.4179,3.4234,99
2026-03-09 06:22:00,3.4169,3.4169,3.4024,3.4049,3.4219,3.4219,3.4074,3.4099,95
2026-03-09 06:23:00,3.4059,3.4144,3.4059,3.4109,3.4109,3.4194,3.4109,3.4159,40
2026-03-09 06:24:00,3.4104,3.4274,3.4054,3.4139,3.4154,3.4324,3.4104,3.4189,67
2026-03-09 06:25:00,3.4134,3.4134,3.4064,3.4069,3.4184,3.4184,3.4114,3.4119,33
2026-03-09 06:26:00,3.4064,3.4064,3.3879,3.3914,3.4114,3.4114,3.3929,3.3964,55
2026-03-09 06:27:00,3.3929,3.3949,3.3864,3.3869,3.3979,3.3999,3.3914,3.3919,72
2026-03-09 06:28:00,3.3874,3.4039,3.3864,3.4024,3.3924,3.4089,3.3914,3.4074,58
2026-03-09 06:29:00,3.4019,3.4024,3.3869,3.3899,3.4069,3.4074,3.3919,3.3949,49
2026-03-09 06:30:00,3.3894,3.4009,3.3879,3.3984,3.3944,3.4059,3.3929,3.4034,35
2026-03-09 06:31:00,3.3994,3.4024,3.3909,3.3914,3.4044,3.4074,3.3959,3.3964,26
2026-03-09 06:32:00,3.3919,3.3979,3.3919,3.3979,3.3969,3.4029,3.3969,3.4029,18
2026-03-09 06:33:00,3.3974,3.4019,3.3954,3.3964,3.4024,3.4069,3.4004,3.4014,27
2026-03-09 06:34:00,3.3969,3.4014,3.3969,3.4004,3.4019,3.4064,3.4019,3.4054,11
2026-03-09 06:35:00,3.4014,3.4094,3.4014,3.4084,3.4064,3.4144,3.4064,3.4134,16
2026-03-09 06:36:00,3.4064,3.4064,3.3989,3.4009,3.4114,3.4114,3.4039,3.4059,22
2026-03-09 06:37:00,3.4014,3.4074,3.4014,3.4039,3.4064,3.4124,3.4064,3.4089,21
2026-03-09 06:38:00,3.4044,3.4139,3.4044,3.4134,3.4094,3.4189,3.4094,3.4184,28
2026-03-09 06:39:00,3.4129,3.4164,3.4084,3.4144,3.4179,3.4214,3.4134,3.4194,38
2026-03-09 06:40:00,3.4149,3.4224,3.4144,3.4224,3.4199,3.4274,3.4194,3.4274,34
2026-03-09 06:41:00,3.4219,3.4219,3.4144,3.4159,3.4269,3.4269,3.4194,3.4209,30
2026-03-09 06:42:00,3.4149,3.4199,3.4064,3.4109,3.4199,3.4249,3.4114,3.4159,39
2026-03-09 06:43:00,3.4104,3.4144,3.4099,3.4134,3.4154,3.4194,3.4149,3.4184,32
2026-03-09 06:44:00,3.4129,3.4154,3.4089,3.4149,3.4179,3.4204,3.4139,3.4199,21
2026-03-09 06:45:00,3.4139,3.4144,3.4109,3.4124,3.4189,3.4194,3.4159,3.4174,23
2026-03-09 06:46:00,3.4119,3.4149,3.4099,3.4129,3.4169,3.4199,3.4149,3.4179,18
2026-03-09 06:47:00,3.4134,3.4139,3.4094,3.4094,3.4184,3.4189,3.4144,3.4144,19
2026-03-09 06:48:00,3.4084,3.4094,3.3969,3.3989,3.4134,3.4144,3.4019,3.4039,44
2026-03-09 06:49:00,3.3984,3.3989,3.3914,3.3934,3.4034,3.4039,3.3964,3.3984,47
2026-03-09 06:50:00,3.3929,3.3929,3.3844,3.3844,3.3979,3.3979,3.3894,3.3894,61
2026-03-09 06:51:00,3.3839,3.3849,3.3724,3.3734,3.3889,3.3899,3.3774,3.3784,79
2026-03-09 06:52:00,3.3739,3.3764,3.3724,3.3734,3.3789,3.3814,3.3774,3.3784,30
2026-03-09 06:53:00,3.3744,3.3784,3.3724,3.3744,3.3794,3.3834,3.3774,3.3794,32
2026-03-09 06:54:00,3.3734,3.3849,3.3724,3.3834,3.3784,3.3899,3.3774,3.3884,38
2026-03-09 06:55:00,3.3829,3.3829,3.3744,3.3779,3.3879,3.3879,3.3794,3.3829,32
2026-03-09 06:56:00,3.3774,3.3804,3.3749,3.3764,3.3824,3.3854,3.3799,3.3814,29
2026-03-09 06:57:00,3.3749,3.3754,3.3729,3.3729,3.3799,3.3804,3.3779,3.3779,16
2026-03-09 06:58:00,3.3739,3.3769,3.3724,3.3724,3.3789,3.3819,3.3774,3.3774,15
2026-03-09 06:59:00,3.3734,3.3764,3.3724,3.3754,3.3784,3.3814,3.3774,3.3804,38
2026-03-09 07:00:00,3.3739,3.3739,3.3444,3.3494,3.3789,3.3789,3.3494,3.3544,150
2026-03-09 07:01:00,3.3484,3.3584,3.3474,3.3529,3.3534,3.3634,3.3524,3.3579,56
2026-03-09 07:02:00,3.3534,3.3649,3.3514,3.3514,3.3584,3.3699,3.3564,3.3564,61
2026-03-09 07:03:00,3.3504,3.3519,3.3414,3.3414,3.3554,3.3569,3.3464,3.3464,45
2026-03-09 07:04:00,3.3419,3.3419,3.3319,3.3329,3.3469,3.3469,3.3369,3.3379,49
2026-03-09 07:05:00,3.3334,3.3404,3.3299,3.3369,3.3384,3.3454,3.3349,3.3419,45
2026-03-09 07:06:00,3.3374,3.3374,3.3294,3.3314,3.3424,3.3424,3.3344,3.3364,30
2026-03-09 07:07:00,3.3304,3.3344,3.3294,3.3294,3.3354,3.3394,3.3344,3.3344,35
2026-03-09 07:08:00,3.3284,3.3404,3.3264,3.3339,3.3334,3.3454,3.3314,3.3389,65
2026-03-09 07:09:00,3.3334,3.3339,3.3279,3.3294,3.3384,3.3389,3.3329,3.3344,33
2026-03-09 07:10:00,3.3289,3.3289,3.3094,3.3169,3.3339,3.3339,3.3144,3.3219,103
2026-03-09 07:11:00,3.3184,3.3284,3.3164,3.3254,3.3234,3.3334,3.3214,3.3304,52
2026-03-09 07:12:00,3.3259,3.3314,3.3259,3.3284,3.3309,3.3364,3.3309,3.3334,28
2026-03-09 07:13:00,3.3294,3.3394,3.3279,3.3319,3.3344,3.3444,3.3329,3.3369,31
2026-03-09 07:14:00,3.3329,3.3424,3.3304,3.3424,3.3379,3.3474,3.3354,3.3474,53
2026-03-09 07:15:00,3.3419,3.3584,3.3414,3.3579,3.3469,3.3634,3.3464,3.3629,72
2026-03-09 07:16:00,3.3574,3.3579,3.3464,3.3564,3.3624,3.3629,3.3514,3.3614,50
2026-03-09 07:17:00,3.3559,3.3584,3.3544,3.3579,3.3609,3.3634,3.3594,3.3629,13
2026-03-09 07:18:00,3.3584,3.3614,3.3539,3.3559,3.3634,3.3664,3.3589,3.3609,49
2026-03-09 07:19:00,3.3564,3.3634,3.3519,3.3629,3.3614,3.3684,3.3569,3.3679,57
2026-03-09 07:20:00,3.3624,3.3724,3.3619,3.3664,3.3674,3.3774,3.3669,3.3714,64
2026-03-09 07:21:00,3.3654,3.3729,3.3599,3.3709,3.3704,3.3779,3.3649,3.3759,91
2026-03-09 07:22:00,3.3714,3.3789,3.3689,3.3779,3.3764,3.3839,3.3739,3.3829,106
2026-03-09 07:23:00,3.3774,3.3839,3.3764,3.3769,3.3824,3.3889,3.3814,3.3819,61
2026-03-09 07:24:00,3.3764,3.3784,3.3699,3.3744,3.3814,3.3834,3.3749,3.3794,34
2026-03-09 07:25:00,3.3754,3.3799,3.3734,3.3794,3.3804,3.3849,3.3784,3.3844,41
2026-03-09 07:26:00,3.3799,3.3819,3.3769,3.3794,3.3849,3.3869,3.3819,3.3844,13
2026-03-09 07:27:00,3.3769,3.3794,3.3714,3.3779,3.3819,3.3844,3.3764,3.3829,45
2026-03-09 07:28:00,3.3789,3.3859,3.3789,3.3854,3.3839,3.3909,3.3839,3.3904,26
2026-03-09 07:29:00,3.3849,3.3864,3.3794,3.3794,3.3899,3.3914,3.3844,3.3844,25
2026-03-09 07:30:00,3.3799,3.3799,3.3714,3.3789,3.3849,3.3849,3.3764,3.3839,52
2026-03-09 07:31:00,3.3794,3.3904,3.3794,3.3879,3.3844,3.3954,3.3844,3.3929,57
2026-03-09 07:32:00,3.3874,3.3919,3.3829,3.3869,3.3924,3.3969,3.3879,3.3919,30
2026-03-09 07:33:00,3.3874,3.3874,3.3799,3.3799,3.3924,3.3924,3.3849,3.3849,19
2026-03-09 07:34:00,3.3794,3.3794,3.3674,3.3684,3.3844,3.3844,3.3724,3.3734,39
2026-03-09 07:35:00,3.3679,3.3679,3.3574,3.3619,3.3729,3.3729,3.3624,3.3669,75
2026-03-09 07:36:00,3.3639,3.3694,3.3634,3.3639,3.3689,3.3744,3.3684,3.3689,38
2026-03-09 07:37:00,3.3644,3.3704,3.3644,3.3669,3.3694,3.3754,3.3694,3.3719,16
2026-03-09 07:38:00,3.3679,3.3699,3.3634,3.3649,3.3729,3.3749,3.3684,3.3699,17
2026-03-09 07:39:00,3.3659,3.3944,3.3659,3.3909,3.3709,3.3994,3.3709,3.3959,99
2026-03-09 07:40:00,3.3914,3.4199,3.3914,3.4074,3.3964,3.4249,3.3964,3.4124,165
2026-03-09 07:41:00,3.4079,3.4169,3.3959,3.3979,3.4129,3.4219,3.4009,3.4029,68
2026-03-09 07:42:00,3.3964,3.4119,3.3894,3.4009,3.4014,3.4169,3.3944,3.4059,107
2026-03-09 07:43:00,3.4014,3.4124,3.4004,3.4109,3.4064,3.4174,3.4054,3.4159,29
2026-03-09 07:44:00,3.4104,3.4104,3.3999,3.4009,3.4154,3.4154,3.4049,3.4059,49
2026-03-09 07:45:00,3.4004,3.4004,3.3934,3.3944,3.4054,3.4054,3.3984,3.3994,55
2026-03-09 07:46:00,3.3939,3.4074,3.3939,3.4004,3.3989,3.4124,3.3989,3.4054,38
2026-03-09 07:47:00,3.4009,3.4034,3.3944,3.3944,3.4059,3.4084,3.3994,3.3994,28
2026-03-09 07:48:00,3.3939,3.4034,3.3929,3.4024,3.3989,3.4084,3.3979,3.4074,48
2026-03-09 07:49:00,3.4019,3.4044,3.3994,3.4009,3.4069,3.4094,3.4044,3.4059,37
2026-03-09 07:50:00,3.4004,3.4004,3.3929,3.3979,3.4054,3.4054,3.3979,3.4029,45
2026-03-09 07:51:00,3.3974,3.4029,3.3934,3.3944,3.4024,3.4079,3.3984,3.3994,25
2026-03-09 07:52:00,3.3939,3.3939,3.3814,3.3834,3.3989,3.3989,3.3864,3.3884,46
2026-03-09 07:53:00,3.3839,3.3984,3.3839,3.3984,3.3889,3.4034,3.3889,3.4034,35
2026-03-09 07:54:00,3.3974,3.3974,3.3904,3.3904,3.4024,3.4024,3.3954,3.3954,11
2026-03-09 07:55:00,3.3899,3.3899,3.3754,3.3774,3.3949,3.3949,3.3804,3.3824,58
2026-03-09 07:56:00,3.3769,3.3769,3.3729,3.3759,3.3819,3.3819,3.3779,3.3809,22
2026-03-09 07:57:00,3.3754,3.3814,3.3754,3.3814,3.3804,3.3864,3.3804,3.3864,15
2026-03-09 07:58:00,3.3809,3.3809,3.3699,3.3699,3.3859,3.3859,3.3749,3.3749,31
2026-03-09 07:59:00,3.3709,3.3719,3.3644,3.3719,3.3759,3.3769,3.3694,3.3769,38
2026-03-09 08:00:00,3.3709,3.3714,3.3634,3.3649,3.3759,3.3764,3.3684,3.3699,47
2026-03-09 08:01:00,3.3654,3.3659,3.3614,3.3619,3.3704,3.3709,3.3664,3.3669,34
2026-03-09 08:02:00,3.3624,3.3629,3.3524,3.3524,3.3674,3.3679,3.3574,3.3574,54
2026-03-09 08:03:00,3.3529,3.3549,3.3434,3.3434,3.3579,3.3599,3.3484,3.3484,59
2026-03-09 08:04:00,3.3429,3.3449,3.3399,3.3409,3.3479,3.3499,3.3449,3.3459,44
2026-03-09 08:05:00,3.3419,3.3494,3.3389,3.3474,3.3469,3.3544,3.3439,3.3524,36
2026-03-09 08:06:00,3.3464,3.3474,3.3394,3.3404,3.3514,3.3524,3.3444,3.3454,27
2026-03-09 08:07:00,3.3399,3.3399,3.3354,3.3364,3.3449,3.3449,3.3404,3.3414,28
2026-03-09 08:08:00,3.3359,3.3454,3.3344,3.3429,3.3409,3.3504,3.3394,3.3479,37
2026-03-09 08:09:00,3.3424,3.3519,3.3364,3.3504,3.3474,3.3569,3.3414,3.3554,32
2026-03-09 08:10:00,3.3494,3.3644,3.3494,3.3589,3.3544,3.3694,3.3544,3.3639,68
2026-03-09 08:11:00,3.3584,3.3744,3.3584,3.3729,3.3634,3.3794,3.3634,3.3779,83
2026-03-09 08:12:00,3.3719,3.3854,3.3689,3.3809,3.3769,3.3904,3.3739,3.3859,72
2026-03-09 08:13:00,3.3819,3.3834,3.3789,3.3804,3.3869,3.3884,3.3839,3.3854,38
2026-03-09 08:14:00,3.3809,3.3864,3.3729,3.3754,3.3859,3.3914,3.3779,3.3804,44
2026-03-09 08:15:00,3.3749,3.3784,3.3744,3.3764,3.3799,3.3834,3.3794,3.3814,23
2026-03-09 08:16:00,3.3769,3.3784,3.3709,3.3739,3.3819,3.3834,3.3759,3.3789,24
2026-03-09 08:17:00,3.3734,3.3834,3.3729,3.3759,3.3784,3.3884,3.3779,3.3809,32
2026-03-09 08:18:00,3.3754,3.3799,3.3729,3.3749,3.3804,3.3849,3.3779,3.3799,22
2026-03-09 08:19:00,3.3744,3.3744,3.3669,3.3679,3.3794,3.3794,3.3719,3.3729,28
2026-03-09 08:20:00,3.3684,3.3689,3.3564,3.3579,3.3734,3.3739,3.3614,3.3629,32
2026-03-09 08:21:00,3.3584,3.3604,3.3529,3.3539,3.3634,3.3654,3.3579,3.3589,35
2026-03-09 08:22:00,3.3529,3.3529,3.3484,3.3484,3.3579,3.3579,3.3534,3.3534,13
2026-03-09 08:23:00,3.3494,3.3564,3.3494,3.3564,3.3544,3.3614,3.3544,3.3614,43
2026-03-09 08:24:00,3.3559,3.3609,3.3549,3.3579,3.3609,3.3659,3.3599,3.3629,15
2026-03-09 08:25:00,3.3574,3.3634,3.3544,3.3544,3.3624,3.3684,3.3594,3.3594,25
2026-03-09 08:26:00,3.3549,3.3569,3.3534,3.3549,3.3599,3.3619,3.3584,3.3599,12
2026-03-09 08:27:00,3.3554,3.3554,3.3494,3.3524,3.3604,3.3604,3.3544,3.3574,18
2026-03-09 08:28:00,3.3529,3.3534,3.3504,3.3509,3.3579,3.3584,3.3554,3.3559,12
2026-03-09 08:29:00,3.3504,3.3549,3.3484,3.3504,3.3554,3.3599,3.3534,3.3554,22
2026-03-09 08:30:00,3.3494,3.3544,3.3464,3.3539,3.3544,3.3594,3.3514,3.3589,32
2026-03-09 08:31:00,3.3544,3.3609,3.3544,3.3589,3.3594,3.3659,3.3594,3.3639,30
2026-03-09 08:32:00,3.3579,3.3579,3.3539,3.3564,3.3629,3.3629,3.3589,3.3614,12
2026-03-09 08:33:00,3.3569,3.3654,3.3569,3.3634,3.3619,3.3704,3.3619,3.3684,35
2026-03-09 08:34:00,3.3629,3.3644,3.3554,3.3564,3.3679,3.3694,3.3604,3.3614,32
2026-03-09 08:35:00,3.3569,3.3719,3.3569,3.3704,3.3619,3.3769,3.3619,3.3754,49
2026-03-09 08:36:00,3.3694,3.3709,3.3539,3.3559,3.3744,3.3759,3.3589,3.3609,33
2026-03-09 08:37:00,3.3564,3.3584,3.3564,3.3569,3.3614,3.3634,3.3614,3.3619,9
2026-03-09 08:38:00,3.3564,3.3634,3.3539,3.3574,3.3614,3.3684,3.3589,3.3624,29
2026-03-09 08:39:00,3.3559,3.3599,3.3559,3.3559,3.3609,3.3649,3.3609,3.3609,12
2026-03-09 08:40:00,3.3554,3.3629,3.3554,3.3604,3.3604,3.3679,3.3604,3.3654,22
2026-03-09 08:41:00,3.3599,3.3669,3.3504,3.3534,3.3649,3.3719,3.3554,3.3584,49
2026-03-09 08:42:00,3.3529,3.3564,3.3529,3.3559,3.3579,3.3614,3.3579,3.3609,7
2026-03-09 08:43:00,3.3554,3.3624,3.3554,3.3559,3.3604,3.3674,3.3604,3.3609,33
2026-03-09 08:44:00,3.3564,3.3599,3.3509,3.3534,3.3614,3.3649,3.3559,3.3584,40
2026-03-09 08:45:00,3.3529,3.3564,3.3424,3.3444,3.3579,3.3614,3.3474,3.3494,51
2026-03-09 08:46:00,3.3454,3.3534,3.3454,3.3479,3.3504,3.3584,3.3504,3.3529,38
2026-03-09 08:47:00,3.3484,3.3504,3.3424,3.3429,3.3534,3.3554,3.3474,3.3479,24
2026-03-09 08:48:00,3.3419,3.3494,3.3404,3.3454,3.3469,3.3544,3.3454,3.3504,46
2026-03-09 08:49:00,3.3444,3.3484,3.3444,3.3484,3.3494,3.3534,3.3494,3.3534,15
2026-03-09 08:50:00,3.3479,3.3479,3.3424,3.3464,3.3529,3.3529,3.3474,3.3514,20
2026-03-09 08:51:00,3.3469,3.3534,3.3414,3.3519,3.3519,3.3584,3.3464,3.3569,34
2026-03-09 08:52:00,3.3524,3.3524,3.3449,3.3494,3.3574,3.3574,3.3499,3.3544,25
2026-03-09 08:53:00,3.3489,3.3559,3.3444,3.3534,3.3539,3.3609,3.3494,3.3584,45
2026-03-09 08:54:00,3.3539,3.3539,3.3459,3.3469,3.3589,3.3589,3.3509,3.3519,23
2026-03-09 08:55:00,3.3464,3.3599,3.3464,3.3554,3.3514,3.3649,3.3514,3.3604,29
2026-03-09 08:56:00,3.3549,3.3579,3.3509,3.3514,3.3599,3.3629,3.3559,3.3564,23
2026-03-09 08:57:00,3.3519,3.3589,3.3514,3.3589,3.3569,3.3639,3.3564,3.3639,43
2026-03-09 08:58:00,3.3594,3.3614,3.3584,3.3599,3.3644,3.3664,3.3634,3.3649,16
2026-03-09 08:59:00,3.3594,3.3594,3.3509,3.3569,3.3644,3.3644,3.3559,3.3619,17
2026-03-09 09:00:00,3.3574,3.3584,3.3489,3.3534,3.3624,3.3634,3.3539,3.3584,42
2026-03-09 09:01:00,3.3539,3.3569,3.3524,3.3529,3.3589,3.3619,3.3574,3.3579,39
2026-03-09 09:02:00,3.3534,3.3569,3.3489,3.3549,3.3584,3.3619,3.3539,3.3599,32
2026-03-09 09:03:00,3.3554,3.3564,3.3519,3.3544,3.3604,3.3614,3.3569,3.3594,29
2026-03-09 09:04:00,3.3549,3.3594,3.3474,3.3499,3.3599,3.3644,3.3524,3.3549,43
2026-03-09 09:05:00,3.3504,3.3504,3.3349,3.3384,3.3554,3.3554,3.3399,3.3434,68
2026-03-09 09:06:00,3.3394,3.3494,3.3394,3.3459,3.3444,3.3544,3.3444,3.3509,38
2026-03-09 09:07:00,3.3464,3.3479,3.3424,3.3459,3.3514,3.3529,3.3474,3.3509,28
2026-03-09 09:08:00,3.3449,3.3479,3.3414,3.3444,3.3499,3.3529,3.3464,3.3494,24
2026-03-09 09:09:00,3.3429,3.3474,3.3414,3.3464,3.3479,3.3524,3.3464,3.3514,20
2026-03-09 09:10:00,3.3459,3.3519,3.3419,3.3519,3.3509,3.3569,3.3469,3.3569,40
2026-03-09 09:11:00,3.3514,3.3579,3.3489,3.3569,3.3564,3.3629,3.3539,3.3619,32
2026-03-09 09:12:00,3.3579,3.3609,3.3509,3.3519,3.3629,3.3659,3.3559,3.3569,31
2026-03-09 09:13:00,3.3504,3.3564,3.3459,3.3564,3.3554,3.3614,3.3509,3.3614,28
2026-03-09 09:14:00,3.3559,3.3584,3.3524,3.3524,3.3609,3.3634,3.3574,3.3574,23
2026-03-09 09:15:00,3.3529,3.3549,3.3409,3.3414,3.3579,3.3599,3.3459,3.3464,57
2026-03-09 09:16:00,3.3419,3.3419,3.3359,3.3384,3.3469,3.3469,3.3409,3.3434,40
2026-03-09 09:17:00,3.3379,3.3439,3.3379,3.3429,3.3429,3.3489,3.3429,3.3479,18
2026-03-09 09:18:00,3.3419,3.3449,3.3374,3.3374,3.3469,3.3499,3.3424,3.3424,23
2026-03-09 09:19:00,3.3369,3.3424,3.3369,3.3419,3.3419,3.3474,3.3419,3.3469,19
2026-03-09 09:20:00,3.3424,3.3459,3.3424,3.3444,3.3474,3.3509,3.3474,3.3494,17
2026-03-09 09:21:00,3.3434,3.3439,3.3384,3.3394,3.3484,3.3489,3.3434,3.3444,29
2026-03-09 09:22:00,3.3404,3.3469,3.3404,3.3459,3.3454,3.3519,3.3454,3.3509,26
2026-03-09 09:23:00,3.3464,3.3474,3.3429,3.3454,3.3514,3.3524,3.3479,3.3504,18
2026-03-09 09:24:00,3.3459,3.3459,3.3369,3.3384,3.3509,3.3509,3.3419,3.3434,17
2026-03-09 09:25:00,3.3389,3.3454,3.3384,3.3434,3.3439,3.3504,3.3434,3.3484,17
2026-03-09 09:26:00,3.3429,3.3474,3.3429,3.3464,3.3479,3.3524,3.3479,3.3514,20
2026-03-09 09:27:00,3.3459,3.3509,3.3344,3.3344,3.3509,3.3559,3.3394,3.3394,39
2026-03-09 09:28:00,3.3354,3.3549,3.3354,3.3544,3.3404,3.3599,3.3404,3.3594,52
2026-03-09 09:29:00,3.3534,3.3649,3.3534,3.3634,3.3584,3.3699,3.3584,3.3684,56
2026-03-09 09:30:00,3.3624,3.3719,3.3569,3.3699,3.3674,3.3769,3.3619,3.3749,38
2026-03-09 09:31:00,3.3694,3.3774,3.3679,3.3764,3.3744,3.3824,3.3729,3.3814,33
2026-03-09 09:32:00,3.3769,3.3779,3.3704,3.3719,3.3819,3.3829,3.3754,3.3769,17
2026-03-09 09:33:00,3.3714,3.3714,3.3594,3.3604,3.3764,3.3764,3.3644,3.3654,39
2026-03-09 09:34:00,3.3609,3.3609,3.3524,3.3579,3.3659,3.3659,3.3574,3.3629,36
2026-03-09 09:35:00,3.3574,3.3639,3.3544,3.3594,3.3624,3.3689,3.3594,3.3644,37
2026-03-09 09:36:00,3.3599,3.3629,3.3584,3.3619,3.3649,3.3679,3.3634,3.3669,32
2026-03-09 09:37:00,3.3639,3.3664,3.3604,3.3619,3.3689,3.3714,3.3654,3.3669,29
2026-03-09 09:38:00,3.3614,3.3654,3.3614,3.3644,3.3664,3.3704,3.3664,3.3694,9
2026-03-09 09:39:00,3.3654,3.3739,3.3654,3.3679,3.3704,3.3789,3.3704,3.3729,34
2026-03-09 09:40:00,3.3674,3.3734,3.3659,3.3734,3.3724,3.3784,3.3709,3.3784,15
2026-03-09 09:41:00,3.3744,3.3824,3.3744,3.3799,3.3794,3.3874,3.3794,3.3849,41
2026-03-09 09:42:00,3.3794,3.3794,3.3724,3.3729,3.3844,3.3844,3.3774,3.3779,33
2026-03-09 09:43:00,3.3724,3.3754,3.3644,3.3744,3.3774,3.3804,3.3694,3.3794,39
2026-03-09 09:44:00,3.3734,3.3734,3.3674,3.3694,3.3784,3.3784,3.3724,3.3744,12
2026-03-09 09:45:00,3.3689,3.3764,3.3669,3.3754,3.3739,3.3814,3.3719,3.3804,36
2026-03-09 09:46:00,3.3759,3.3774,3.3739,3.3744,3.3809,3.3824,3.3789,3.3794,20
2026-03-09 09:47:00,3.3754,3.3764,3.3734,3.3759,3.3804,3.3814,3.3784,3.3809,14
2026-03-09 09:48:00,3.3764,3.3764,3.3704,3.3734,3.3814,3.3814,3.3754,3.3784,21
2026-03-09 09:49:00,3.3714,3.3714,3.3634,3.3639,3.3764,3.3764,3.3684,3.3689,33
2026-03-09 09:50:00,3.3644,3.3649,3.3624,3.3629,3.3694,3.3699,3.3674,3.3679,15
2026-03-09 09:51:00,3.3634,3.3654,3.3614,3.3634,3.3684,3.3704,3.3664,3.3684,24
2026-03-09 09:52:00,3.3629,3.3644,3.3574,3.3604,3.3679,3.3694,3.3624,3.3654,27
2026-03-09 09:53:00,3.3609,3.3624,3.3549,3.3619,3.3659,3.3674,3.3599,3.3669,39
2026-03-09 09:54:00,3.3624,3.3624,3.3544,3.3579,3.3674,3.3674,3.3594,3.3629,34
2026-03-09 09:55:00,3.3584,3.3594,3.3559,3.3589,3.3634,3.3644,3.3609,3.3639,22
2026-03-09 09:56:00,3.3594,3.3799,3.3584,3.3759,3.3644,3.3849,3.3634,3.3809,53
2026-03-09 09:57:00,3.3749,3.3769,3.3704,3.3739,3.3799,3.3819,3.3754,3.3789,18
2026-03-09 09:58:00,3.3744,3.3784,3.3714,3.3719,3.3794,3.3834,3.3764,3.3769,37
2026-03-09 09:59:00,3.3724,3.3724,3.3664,3.3699,3.3774,3.3774,3.3714,3.3749,40
2026-03-09 10:00:00,3.3709,3.3709,3.3669,3.3709,3.3759,3.3759,3.3719,3.3759,22
2026-03-09 10:01:00,3.3714,3.3734,3.3669,3.3704,3.3764,3.3784,3.3719,3.3754,35
2026-03-09 10:02:00,3.3699,3.3699,3.3664,3.3694,3.3749,3.3749,3.3714,3.3744,19
2026-03-09 10:03:00,3.3699,3.3699,3.3624,3.3634,3.3749,3.3749,3.3674,3.3684,14
2026-03-09 10:04:00,3.3644,3.3709,3.3644,3.3684,3.3694,3.3759,3.3694,3.3734,22
2026-03-09 10:05:00,3.3674,3.3729,3.3674,3.3729,3.3724,3.3779,3.3724,3.3779,24
2026-03-09 10:06:00,3.3734,3.3819,3.3729,3.3804,3.3784,3.3869,3.3779,3.3854,37
2026-03-09 10:07:00,3.3799,3.3824,3.3734,3.3814,3.3849,3.3874,3.3784,3.3864,38
2026-03-09 10:08:00,3.3819,3.3819,3.3774,3.3774,3.3869,3.3869,3.3824,3.3824,29
2026-03-09 10:09:00,3.3769,3.3769,3.3744,3.3744,3.3819,3.3819,3.3794,3.3794,12
2026-03-09 10:10:00,3.3749,3.3864,3.3749,3.3824,3.3799,3.3914,3.3799,3.3874,34
2026-03-09 10:11:00,3.3829,3.3894,3.3829,3.3849,3.3879,3.3944,3.3879,3.3899,31
2026-03-09 10:12:00,3.3844,3.3869,3.3809,3.3849,3.3894,3.3919,3.3859,3.3899,30
2026-03-09 10:13:00,3.3854,3.3864,3.3814,3.3839,3.3904,3.3914,3.3864,3.3889,18
2026-03-09 10:14:00,3.3814,3.3854,3.3784,3.3844,3.3864,3.3904,3.3834,3.3894,25
2026-03-09 10:15:00,3.3839,3.3844,3.3759,3.3769,3.3889,3.3894,3.3809,3.3819,39
2026-03-09 10:16:00,3.3779,3.3829,3.3749,3.3819,3.3829,3.3879,3.3799,3.3869,24
2026-03-09 10:17:00,3.3814,3.3814,3.3699,3.3709,3.3864,3.3864,3.3749,3.3759,31
2026-03-09 10:18:00,3.3704,3.3749,3.3654,3.3739,3.3754,3.3799,3.3704,3.3789,48
2026-03-09 10:19:00,3.3744,3.3794,3.3734,3.3774,3.3794,3.3844,3.3784,3.3824,16
2026-03-09 10:20:00,3.3769,3.3779,3.3729,3.3734,3.3819,3.3829,3.3779,3.3784,28
2026-03-09 10:21:00,3.3719,3.3724,3.3584,3.3589,3.3769,3.3774,3.3634,3.3639,35
2026-03-09 10:22:00,3.3584,3.3674,3.3584,3.3614,3.3634,3.3724,3.3634,3.3664,48
2026-03-09 10:23:00,3.3609,3.3649,3.3599,3.3619,3.3659,3.3699,3.3649,3.3669,24
2026-03-09 10:24:00,3.3614,3.3699,3.3584,3.3649,3.3664,3.3749,3.3634,3.3699,53
2026-03-09 10:25:00,3.3644,3.3759,3.3634,3.3759,3.3694,3.3809,3.3684,3.3809,42
2026-03-09 10:26:00,3.3764,3.3769,3.3734,3.3749,3.3814,3.3819,3.3784,3.3799,24
2026-03-09 10:27:00,3.3754,3.3774,3.3719,3.3764,3.3804,3.3824,3.3769,3.3814,34
2026-03-09 10:28:00,3.3769,3.3839,3.3739,3.3824,3.3819,3.3889,3.3789,3.3874,41
2026-03-09 10:29:00,3.3794,3.3804,3.3739,3.3789,3.3844,3.3854,3.3789,3.3839,27
2026-03-09 10:30:00,3.3784,3.3814,3.3754,3.3804,3.3834,3.3864,3.3804,3.3854,21
2026-03-09 10:31:00,3.3809,3.3819,3.3769,3.3799,3.3859,3.3869,3.3819,3.3849,34
2026-03-09 10:32:00,3.3804,3.3804,3.3664,3.3684,3.3854,3.3854,3.3714,3.3734,62
2026-03-09 10:33:00,3.3674,3.3684,3.3634,3.3664,3.3724,3.3734,3.3684,3.3714,32
2026-03-09 10:34:00,3.3654,3.3654,3.3424,3.3489,3.3704,3.3704,3.3474,3.3539,84
2026-03-09 10:35:00,3.3484,3.3484,3.3084,3.3214,3.3534,3.3534,3.3134,3.3264,107
2026-03-09 10:36:00,3.3229,3.3254,3.3074,3.3084,3.3279,3.3304,3.3124,3.3134,112
2026-03-09 10:37:00,3.3074,3.3119,3.2959,3.3004,3.3124,3.3169,3.3009,3.3054,85
2026-03-09 10:38:00,3.3009,3.3024,3.2954,3.2964,3.3059,3.3074,3.3004,3.3014,65
2026-03-09 10:39:00,3.2954,3.3124,3.2944,3.3099,3.3004,3.3174,3.2994,3.3149,55
2026-03-09 10:40:00,3.3104,3.3194,3.3104,3.3169,3.3154,3.3244,3.3154,3.3219,69
2026-03-09 10:41:00,3.3164,3.3199,3.3159,3.3184,3.3214,3.3249,3.3209,3.3234,43
2026-03-09 10:42:00,3.3179,3.3189,3.3069,3.3089,3.3229,3.3239,3.3119,3.3139,44
2026-03-09 10:43:00,3.3094,3.3164,3.3089,3.3139,3.3144,3.3214,3.3139,3.3189,34
2026-03-09 10:44:00,3.3129,3.3129,3.3074,3.3099,3.3179,3.3179,3.3124,3.3149,40
2026-03-09 10:45:00,3.3094,3.3094,3.2994,3.2994,3.3144,3.3144,3.3044,3.3044,47
2026-03-09 10:46:00,3.2999,3.3059,3.2984,3.3034,3.3049,3.3109,3.3034,3.3084,25
2026-03-09 10:47:00,3.3039,3.3099,3.3039,3.3079,3.3089,3.3149,3.3089,3.3129,29
2026-03-09 10:48:00,3.3084,3.3179,3.3074,3.3174,3.3134,3.3229,3.3124,3.3224,37
2026-03-09 10:49:00,3.3169,3.3229,3.3144,3.3159,3.3219,3.3279,3.3194,3.3209,63
2026-03-09 10:50:00,3.3164,3.3304,3.3154,3.3299,3.3214,3.3354,3.3204,3.3349,62
2026-03-09 10:51:00,3.3304,3.3374,3.3294,3.3374,3.3354,3.3424,3.3344,3.3424,56
2026-03-09 10:52:00,3.3379,3.3469,3.3319,3.3459,3.3429,3.3519,3.3369,3.3509,75
2026-03-09 10:53:00,3.3464,3.3494,3.3404,3.3469,3.3514,3.3544,3.3454,3.3519,51
2026-03-09 10:54:00,3.3454,3.3454,3.3334,3.3349,3.3504,3.3504,3.3384,3.3399,47
2026-03-09 10:55:00,3.3359,3.3414,3.3324,3.3414,3.3409,3.3464,3.3374,3.3464,45
2026-03-09 10:56:00,3.3409,3.3419,3.3349,3.3394,3.3459,3.3469,3.3399,3.3444,40
2026-03-09 10:57:00,3.3389,3.3389,3.3324,3.3384,3.3439,3.3439,3.3374,3.3434,32
2026-03-09 10:58:00,3.3379,3.3434,3.3364,3.3414,3.3429,3.3484,3.3414,3.3464,40
2026-03-09 10:59:00,3.3419,3.3419,3.3374,3.3389,3.3469,3.3469,3.3424,3.3439,19
2026-03-09 11:00:00,3.3379,3.3494,3.3354,3.3489,3.3429,3.3544,3.3404,3.3539,58
2026-03-09 11:01:00,3.3494,3.3584,3.3489,3.3564,3.3544,3.3634,3.3539,3.3614,64
2026-03-09 11:02:00,3.3569,3.3609,3.3539,3.3599,3.3619,3.3659,3.3589,3.3649,50
2026-03-09 11:03:00,3.3594,3.3634,3.3569,3.3569,3.3644,3.3684,3.3619,3.3619,28
2026-03-09 11:04:00,3.3584,3.3644,3.3584,3.3629,3.3634,3.3694,3.3634,3.3679,30
2026-03-09 11:05:00,3.3634,3.3659,3.3619,3.3639,3.3684,3.3709,3.3669,3.3689,18
2026-03-09 11:06:00,3.3644,3.3644,3.3599,3.3599,3.3694,3.3694,3.3649,3.3649,16
2026-03-09 11:07:00,3.3594,3.3644,3.3534,3.3609,3.3644,3.3694,3.3584,3.3659,33
2026-03-09 11:08:00,3.3614,3.3664,3.3524,3.3524,3.3664,3.3714,3.3574,3.3574,40
2026-03-09 11:09:00,3.3529,3.3629,3.3524,3.3604,3.3579,3.3679,3.3574,3.3654,43
2026-03-09 11:10:00,3.3594,3.3684,3.3579,3.3679,3.3644,3.3734,3.3629,3.3729,47
2026-03-09 11:11:00,3.3684,3.3684,3.3609,3.3644,3.3734,3.3734,3.3659,3.3694,25
2026-03-09 11:12:00,3.3629,3.3704,3.3629,3.3664,3.3679,3.3754,3.3679,3.3714,23
2026-03-09 11:13:00,3.3654,3.3694,3.3644,3.3679,3.3704,3.3744,3.3694,3.3729,25
2026-03-09 11:14:00,3.3684,3.3694,3.3664,3.3679,3.3734,3.3744,3.3714,3.3729,13
2026-03-09 11:15:00,3.3669,3.3694,3.3654,3.3654,3.3719,3.3744,3.3704,3.3704,31
2026-03-09 11:16:00,3.3664,3.3734,3.3619,3.3709,3.3714,3.3784,3.3669,3.3759,40
2026-03-09 11:17:00,3.3704,3.3749,3.3669,3.3679,3.3754,3.3799,3.3719,3.3729,25
2026-03-09 11:18:00,3.3674,3.3684,3.3654,3.3674,3.3724,3.3734,3.3704,3.3724,19
2026-03-09 11:19:00,3.3684,3.3684,3.3624,3.3684,3.3734,3.3734,3.3674,3.3734,28
2026-03-09 11:20:00,3.3689,3.3704,3.3654,3.3664,3.3739,3.3754,3.3704,3.3714,13
2026-03-09 11:21:00,3.3674,3.3674,3.3644,3.3644,3.3724,3.3724,3.3694,3.3694,19
2026-03-09 11:22:00,3.3639,3.3664,3.3624,3.3664,3.3689,3.3714,3.3674,3.3714,20
2026-03-09 11:23:00,3.3659,3.3689,3.3639,3.3664,3.3709,3.3739,3.3689,3.3714,19
2026-03-09 11:24:00,3.3654,3.3659,3.3654,3.3659,3.3704,3.3709,3.3704,3.3709,6
2026-03-09 11:25:00,3.3664,3.3674,3.3599,3.3604,3.3714,3.3724,3.3649,3.3654,22
2026-03-09 11:26:00,3.3599,3.3699,3.3579,3.3674,3.3649,3.3749,3.3629,3.3724,37
2026-03-09 11:27:00,3.3664,3.3664,3.3619,3.3624,3.3714,3.3714,3.3669,3.3674,20
2026-03-09 11:28:00,3.3639,3.3669,3.3629,3.3649,3.3689,3.3719,3.3679,3.3699,18
2026-03-09 11:29:00,3.3654,3.3664,3.3579,3.3599,3.3704,3.3714,3.3629,3.3649,25
2026-03-09 11:30:00,3.3594,3.3794,3.3594,3.3774,3.3644,3.3844,3.3644,3.3824,46
2026-03-09 11:31:00,3.3769,3.3779,3.3689,3.3724,3.3819,3.3829,3.3739,3.3774,24
2026-03-09 11:32:00,3.3729,3.3759,3.3729,3.3749,3.3779,3.3809,3.3779,3.3799,12
2026-03-09 11:33:00,3.3734,3.3859,3.3734,3.3849,3.3784,3.3909,3.3784,3.3899,54
2026-03-09 11:34:00,3.3844,3.3854,3.3814,3.3834,3.3894,3.3904,3.3864,3.3884,28
2026-03-09 11:35:00,3.3829,3.3829,3.3734,3.3799,3.3879,3.3879,3.3784,3.3849,20
2026-03-09 11:36:00,3.3794,3.3819,3.3759,3.3774,3.3844,3.3869,3.3809,3.3824,29
2026-03-09 11:37:00,3.3779,3.3854,3.3769,3.3854,3.3829,3.3904,3.3819,3.3904,48
2026-03-09 11:38:00,3.3859,3.3919,3.3804,3.3874,3.3909,3.3969,3.3854,3.3924,85
2026-03-09 11:39:00,3.3879,3.3919,3.3859,3.3919,3.3929,3.3969,3.3909,3.3969,44
2026-03-09 11:40:00,3.3914,3.3914,3.3839,3.3914,3.3964,3.3964,3.3889,3.3964,36
2026-03-09 11:41:00,3.3924,3.3964,3.3894,3.3894,3.3974,3.4014,3.3944,3.3944,32
2026-03-09 11:42:00,3.3904,3.3904,3.3844,3.3894,3.3954,3.3954,3.3894,3.3944,27
2026-03-09 11:43:00,3.3889,3.3904,3.3864,3.3869,3.3939,3.3954,3.3914,3.3919,18
2026-03-09 11:44:00,3.3864,3.3909,3.3854,3.3889,3.3914,3.3959,3.3904,3.3939,41
2026-03-09 11:45:00,3.3894,3.3919,3.3849,3.3854,3.3944,3.3969,3.3899,3.3904,27
2026-03-09 11:46:00,3.3849,3.3889,3.3834,3.3834,3.3899,3.3939,3.3884,3.3884,17
2026-03-09 11:47:00,3.3839,3.3839,3.3779,3.3814,3.3889,3.3889,3.3829,3.3864,43
2026-03-09 11:48:00,3.3809,3.3874,3.3774,3.3849,3.3859,3.3924,3.3824,3.3899,35
2026-03-09 11:49:00,3.3859,3.3894,3.3834,3.3874,3.3909,3.3944,3.3884,3.3924,30
2026-03-09 11:50:00,3.3889,3.3899,3.3849,3.3864,3.3939,3.3949,3.3899,3.3914,19
2026-03-09 11:51:00,3.3859,3.3929,3.3839,3.3899,3.3909,3.3979,3.3889,3.3949,46
2026-03-09 11:52:00,3.3889,3.3889,3.3814,3.3824,3.3939,3.3939,3.3864,3.3874,27
2026-03-09 11:53:00,3.3819,3.3864,3.3819,3.3824,3.3869,3.3914,3.3869,3.3874,20
2026-03-09 11:54:00,3.3839,3.3839,3.3779,3.3794,3.3889,3.3889,3.3829,3.3844,22
2026-03-09 11:55:00,3.3804,3.3819,3.3789,3.3804,3.3854,3.3869,3.3839,3.3854,29
2026-03-09 11:56:00,3.3814,3.3894,3.3784,3.3894,3.3864,3.3944,3.3834,3.3944,25
2026-03-09 11:57:00,3.3904,3.3904,3.3859,3.3874,3.3954,3.3954,3.3909,3.3924,28
2026-03-09 11:58:00,3.3869,3.3869,3.3829,3.3844,3.3919,3.3919,3.3879,3.3894,21
2026-03-09 11:59:00,3.3834,3.3839,3.3804,3.3819,3.3884,3.3889,3.3854,3.3869,23
2026-03-09 12:00:00,3.3814,3.3859,3.3684,3.3824,3.3864,3.3909,3.3734,3.3874,96
2026-03-09 12:01:00,3.3819,3.3849,3.3709,3.3724,3.3869,3.3899,3.3759,3.3774,74
2026-03-09 12:02:00,3.3719,3.3814,3.3694,3.3749,3.3769,3.3864,3.3744,3.3799,50
2026-03-09 12:03:00,3.3754,3.3819,3.3749,3.3799,3.3804,3.3869,3.3799,3.3849,54
2026-03-09 12:04:00,3.3789,3.3794,3.3719,3.3744,3.3839,3.3844,3.3769,3.3794,34
2026-03-09 12:05:00,3.3739,3.3744,3.3669,3.3729,3.3789,3.3794,3.3719,3.3779,43
2026-03-09 12:06:00,3.3724,3.3774,3.3709,3.3754,3.3774,3.3824,3.3759,3.3804,30
2026-03-09 12:07:00,3.3744,3.3749,3.3674,3.3704,3.3794,3.3799,3.3724,3.3754,41
2026-03-09 12:08:00,3.3709,3.3784,3.3689,3.3784,3.3759,3.3834,3.3739,3.3834,32
2026-03-09 12:09:00,3.3769,3.3774,3.3619,3.3644,3.3819,3.3824,3.3669,3.3694,48
2026-03-09 12:10:00,3.3639,3.3639,3.3594,3.3624,3.3689,3.3689,3.3644,3.3674,45
2026-03-09 12:11:00,3.3629,3.3704,3.3629,3.3704,3.3679,3.3754,3.3679,3.3754,33
2026-03-09 12:12:00,3.3709,3.3709,3.3654,3.3704,3.3759,3.3759,3.3704,3.3754,25
2026-03-09 12:13:00,3.3694,3.3719,3.3649,3.3669,3.3744,3.3769,3.3699,3.3719,33
2026-03-09 12:14:00,3.3674,3.3739,3.3664,3.3729,3.3724,3.3789,3.3714,3.3779,23
2026-03-09 12:15:00,3.3734,3.3734,3.3664,3.3709,3.3784,3.3784,3.3714,3.3759,34
2026-03-09 12:16:00,3.3719,3.3759,3.3699,3.3744,3.3769,3.3809,3.3749,3.3794,29
2026-03-09 12:17:00,3.3739,3.3839,3.3739,3.3764,3.3789,3.3889,3.3789,3.3814,33
2026-03-09 12:18:00,3.3769,3.3804,3.3729,3.3729,3.3819,3.3854,3.3779,3.3779,35
2026-03-09 12:19:00,3.3734,3.3744,3.3704,3.3709,3.3784,3.3794,3.3754,3.3759,34
2026-03-09 12:20:00,3.3719,3.3784,3.3709,3.3784,3.3769,3.3834,3.3759,3.3834,25
2026-03-09 12:21:00,3.3789,3.3824,3.3749,3.3789,3.3839,3.3874,3.3799,3.3839,44
2026-03-09 12:22:00,3.3784,3.3784,3.3724,3.3739,3.3834,3.3834,3.3774,3.3789,28
2026-03-09 12:23:00,3.3749,3.3799,3.3749,3.3784,3.3799,3.3849,3.3799,3.3834,26
2026-03-09 12:24:00,3.3789,3.3824,3.3764,3.3824,3.3839,3.3874,3.3814,3.3874,24
2026-03-09 12:25:00,3.3834,3.3894,3.3829,3.3859,3.3884,3.3944,3.3879,3.3909,29
2026-03-09 12:26:00,3.3854,3.3854,3.3764,3.3789,3.3904,3.3904,3.3814,3.3839,37
2026-03-09 12:27:00,3.3799,3.3799,3.3749,3.3754,3.3849,3.3849,3.3799,3.3804,25
2026-03-09 12:28:00,3.3759,3.3839,3.3754,3.3769,3.3809,3.3889,3.3804,3.3819,33
2026-03-09 12:29:00,3.3764,3.3804,3.3579,3.3584,3.3814,3.3854,3.3629,3.3634,69
2026-03-09 12:30:00,3.3574,3.3579,3.3244,3.3309,3.3624,3.3629,3.3294,3.3359,106
2026-03-09 12:31:00,3.3319,3.3374,3.3204,3.3259,3.3369,3.3424,3.3254,3.3309,90
2026-03-09 12:32:00,3.3254,3.3324,3.3224,3.3314,3.3304,3.3374,3.3274,3.3364,52
2026-03-09 12:33:00,3.3309,3.3439,3.3254,3.3429,3.3359,3.3489,3.3304,3.3479,46
2026-03-09 12:34:00,3.3424,3.3434,3.3324,3.3394,3.3474,3.3484,3.3374,3.3444,61
2026-03-09 12:35:00,3.3389,3.3464,3.3389,3.3439,3.3439,3.3514,3.3439,3.3489,50
2026-03-09 12:36:00,3.3444,3.3474,3.3394,3.3439,3.3494,3.3524,3.3444,3.3489,48
2026-03-09 12:37:00,3.3444,3.3484,3.3424,3.3434,3.3494,3.3534,3.3474,3.3484,39
2026-03-09 12:38:00,3.3439,3.3499,3.3424,3.3484,3.3489,3.3549,3.3474,3.3534,59
2026-03-09 12:39:00,3.3489,3.3614,3.3489,3.3499,3.3539,3.3664,3.3539,3.3549,58
2026-03-09 12:40:00,3.3504,3.3549,3.3439,3.3524,3.3554,3.3599,3.3489,3.3574,57
2026-03-09 12:41:00,3.3534,3.3614,3.3524,3.3604,3.3584,3.3664,3.3574,3.3654,38
2026-03-09 12:42:00,3.3609,3.3634,3.3574,3.3619,3.3659,3.3684,3.3624,3.3669,27
2026-03-09 12:43:00,3.3624,3.3674,3.3554,3.3634,3.3674,3.3724,3.3604,3.3684,43
2026-03-09 12:44:00,3.3629,3.3804,3.3619,3.3704,3.3679,3.3854,3.3669,3.3754,64
2026-03-09 12:45:00,3.3694,3.3694,3.3544,3.3579,3.3744,3.3744,3.3594,3.3629,72
2026-03-09 12:46:00,3.3584,3.3649,3.3569,3.3644,3.3634,3.3699,3.3619,3.3694,34
2026-03-09 12:47:00,3.3639,3.3749,3.3589,3.3739,3.3689,3.3799,3.3639,3.3789,43
2026-03-09 12:48:00,3.3734,3.3759,3.3719,3.3739,3.3784,3.3809,3.3769,3.3789,41
2026-03-09 12:49:00,3.3734,3.3744,3.3714,3.3719,3.3784,3.3794,3.3764,3.3769,26
2026-03-09 12:50:00,3.3729,3.3779,3.3674,3.3694,3.3779,3.3829,3.3724,3.3744,46
2026-03-09 12:51:00,3.3689,3.3734,3.3659,3.3664,3.3739,3.3784,3.3709,3.3714,51
2026-03-09 12:52:00,3.3659,3.3819,3.3649,3.3764,3.3709,3.3869,3.3699,3.3814,57
2026-03-09 12:53:00,3.3754,3.3794,3.3699,3.3714,3.3804,3.3844,3.3749,3.3764,43
2026-03-09 12:54:00,3.3704,3.3744,3.3674,3.3694,3.3754,3.3794,3.3724,3.3744,59
2026-03-09 12:55:00,3.3689,3.3694,3.3554,3.3559,3.3739,3.3744,3.3604,3.3609,71
2026-03-09 12:56:00,3.3554,3.3554,3.3414,3.3444,3.3604,3.3604,3.3464,3.3494,70
2026-03-09 12:57:00,3.3449,3.3609,3.3449,3.3534,3.3499,3.3659,3.3499,3.3584,51
2026-03-09 12:58:00,3.3529,3.3534,3.3404,3.3434,3.3579,3.3584,3.3454,3.3484,66
2026-03-09 12:59:00,3.3439,3.3494,3.3429,3.3474,3.3489,3.3544,3.3479,3.3524,34
2026-03-09 13:00:00,3.3459,3.3634,3.3404,3.3634,3.3509,3.3684,3.3454,3.3684,79
2026-03-09 13:01:00,3.3624,3.3634,3.3549,3.3599,3.3674,3.3684,3.3599,3.3649,53
2026-03-09 13:02:00,3.3604,3.3614,3.3514,3.3529,3.3654,3.3664,3.3564,3.3579,42
2026-03-09 13:03:00,3.3534,3.3559,3.3474,3.3529,3.3584,3.3609,3.3524,3.3579,65
2026-03-09 13:04:00,3.3534,3.3589,3.3489,3.3514,3.3584,3.3639,3.3539,3.3564,45
2026-03-09 13:05:00,3.3504,3.3519,3.3399,3.3424,3.3554,3.3569,3.3449,3.3474,76
2026-03-09 13:06:00,3.3419,3.3529,3.3364,3.3429,3.3469,3.3579,3.3414,3.3479,70
2026-03-09 13:07:00,3.3424,3.3514,3.3379,3.3514,3.3474,3.3564,3.3429,3.3564,72
2026-03-09 13:08:00,3.3519,3.3649,3.3449,3.3649,3.3569,3.3699,3.3499,3.3699,64
2026-03-09 13:09:00,3.3654,3.3709,3.3614,3.3619,3.3704,3.3759,3.3664,3.3669,41
2026-03-09 13:10:00,3.3624,3.3684,3.3574,3.3584,3.3674,3.3734,3.3624,3.3634,56
2026-03-09 13:11:00,3.3589,3.3599,3.3509,3.3514,3.3639,3.3649,3.3559,3.3564,32
2026-03-09 13:12:00,3.3519,3.3584,3.3514,3.3559,3.3569,3.3634,3.3564,3.3609,35
2026-03-09 13:13:00,3.3564,3.3624,3.3499,3.3559,3.3614,3.3674,3.3549,3.3609,43
2026-03-09 13:14:00,3.3554,3.3569,3.3444,3.3449,3.3604,3.3619,3.3494,3.3499,55
2026-03-09 13:15:00,3.3439,3.3524,3.3419,3.3519,3.3489,3.3574,3.3469,3.3569,48
2026-03-09 13:16:00,3.3524,3.3529,3.3454,3.3489,3.3574,3.3579,3.3504,3.3539,48
2026-03-09 13:17:00,3.3494,3.3554,3.3469,3.3544,3.3544,3.3604,3.3519,3.3594,41
2026-03-09 13:18:00,3.3534,3.3604,3.3489,3.3514,3.3584,3.3654,3.3539,3.3564,69
2026-03-09 13:19:00,3.3519,3.3569,3.3494,3.3529,3.3569,3.3619,3.3544,3.3579,41
2026-03-09 13:20:00,3.3514,3.3529,3.3444,3.3499,3.3564,3.3579,3.3494,3.3549,34
2026-03-09 13:21:00,3.3514,3.3569,3.3494,3.3494,3.3564,3.3619,3.3544,3.3544,49
2026-03-09 13:22:00,3.3499,3.3549,3.3499,3.3524,3.3549,3.3599,3.3549,3.3574,25
2026-03-09 13:23:00,3.3529,3.3599,3.3504,3.3524,3.3579,3.3649,3.3554,3.3574,53
2026-03-09 13:24:00,3.3529,3.3529,3.3469,3.3514,3.3579,3.3579,3.3519,3.3564,32
2026-03-09 13:25:00,3.3509,3.3514,3.3219,3.3224,3.3559,3.3564,3.3269,3.3274,103
2026-03-09 13:26:00,3.3214,3.3284,3.3184,3.3274,3.3264,3.3334,3.3234,3.3324,93
2026-03-09 13:27:00,3.3269,3.3309,3.3214,3.3254,3.3319,3.3359,3.3264,3.3304,51
2026-03-09 13:28:00,3.3264,3.3319,3.3254,3.3264,3.3314,3.3369,3.3304,3.3314,70
2026-03-09 13:29:00,3.3254,3.3324,3.3204,3.3299,3.3304,3.3374,3.3254,3.3349,62
2026-03-09 13:30:00,3.3289,3.3309,3.3214,3.3249,3.3339,3.3359,3.3264,3.3299,61
2026-03-09 13:31:00,3.3254,3.3369,3.3234,3.3334,3.3304,3.3419,3.3284,3.3384,52
2026-03-09 13:32:00,3.3339,3.3354,3.3324,3.3349,3.3389,3.3404,3.3374,3.3399,36
2026-03-09 13:33:00,3.3344,3.3439,3.3264,3.3264,3.3394,3.3489,3.3314,3.3314,66
2026-03-09 13:34:00,3.3254,3.3329,3.3214,3.3329,3.3304,3.3379,3.3264,3.3379,44
2026-03-09 13:35:00,3.3319,3.3329,3.3244,3.3329,3.3369,3.3379,3.3294,3.3379,40
2026-03-09 13:36:00,3.3334,3.3409,3.3314,3.3404,3.3384,3.3459,3.3364,3.3454,45
2026-03-09 13:37:00,3.3399,3.3434,3.3314,3.3369,3.3449,3.3484,3.3364,3.3419,67
2026-03-09 13:38:00,3.3374,3.3419,3.3164,3.3249,3.3424,3.3469,3.3214,3.3299,92
2026-03-09 13:39:00,3.3244,3.3254,3.3134,3.3174,3.3294,3.3304,3.3184,3.3224,65
2026-03-09 13:40:00,3.3164,3.3174,3.3104,3.3124,3.3214,3.3224,3.3154,3.3174,84
2026-03-09 13:41:00,3.3134,3.3244,3.3104,3.3224,3.3184,3.3294,3.3154,3.3274,64
2026-03-09 13:42:00,3.3229,3.3314,3.3204,3.3284,3.3279,3.3364,3.3254,3.3334,55
2026-03-09 13:43:00,3.3274,3.3294,3.3164,3.3204,3.3324,3.3344,3.3214,3.3254,52
2026-03-09 13:44:00,3.3194,3.3234,3.3124,3.3229,3.3244,3.3284,3.3174,3.3279,84
2026-03-09 13:45:00,3.3234,3.3389,3.3234,3.3354,3.3284,3.3439,3.3284,3.3404,113
2026-03-09 13:46:00,3.3349,3.3504,3.3334,3.3504,3.3399,3.3554,3.3384,3.3554,57
2026-03-09 13:47:00,3.3499,3.3544,3.3479,3.3479,3.3549,3.3594,3.3529,3.3529,46
2026-03-09 13:48:00,3.3474,3.3484,3.3394,3.3474,3.3524,3.3534,3.3444,3.3524,53
2026-03-09 13:49:00,3.3479,3.3574,3.3474,3.3539,3.3529,3.3624,3.3524,3.3589,61
2026-03-09 13:50:00,3.3554,3.3569,3.3454,3.3504,3.3604,3.3619,3.3504,3.3554,58
2026-03-09 13:51:00,3.3509,3.3519,3.3374,3.3434,3.3559,3.3569,3.3424,3.3484,68
2026-03-09 13:52:00,3.3439,3.3484,3.3429,3.3459,3.3489,3.3534,3.3479,3.3509,47
2026-03-09 13:53:00,3.3454,3.3574,3.3404,3.3564,3.3504,3.3624,3.3454,3.3614,75
2026-03-09 13:54:00,3.3579,3.3734,3.3574,3.3694,3.3629,3.3784,3.3624,3.3744,77
2026-03-09 13:55:00,3.3699,3.3764,3.3669,3.3669,3.3749,3.3814,3.3719,3.3719,75
2026-03-09 13:56:00,3.3664,3.3694,3.3644,3.3674,3.3714,3.3744,3.3694,3.3724,50
2026-03-09 13:57:00,3.3679,3.3684,3.3624,3.3654,3.3729,3.3734,3.3674,3.3704,49
2026-03-09 13:58:00,3.3664,3.3664,3.3504,3.3504,3.3714,3.3714,3.3554,3.3554,47
2026-03-09 13:59:00,3.3494,3.3544,3.3464,3.3494,3.3544,3.3594,3.3514,3.3544,65
2026-03-09 14:00:00,3.3499,3.3654,3.3464,3.3534,3.3549,3.3704,3.3514,3.3584,233
2026-03-09 14:01:00,3.3544,3.3654,3.3504,3.3534,3.3594,3.3704,3.3554,3.3584,138
2026-03-09 14:02:00,3.3539,3.3544,3.3384,3.3454,3.3589,3.3594,3.3434,3.3504,142
2026-03-09 14:03:00,3.3459,3.3459,3.3374,3.3419,3.3509,3.3509,3.3424,3.3469,109
2026-03-09 14:04:00,3.3424,3.3444,3.3254,3.3309,3.3474,3.3494,3.3304,3.3359,104
2026-03-09 14:05:00,3.3299,3.3369,3.3234,3.3359,3.3349,3.3419,3.3284,3.3409,119
2026-03-09 14:06:00,3.3364,3.3394,3.3264,3.3279,3.3414,3.3444,3.3314,3.3329,126
2026-03-09 14:07:00,3.3264,3.3264,3.3164,3.3234,3.3314,3.3314,3.3214,3.3284,102
2026-03-09 14:08:00,3.3219,3.3254,3.3159,3.3229,3.3269,3.3304,3.3209,3.3279,128
2026-03-09 14:09:00,3.3224,3.3279,3.3204,3.3254,3.3274,3.3329,3.3254,3.3304,101
2026-03-09 14:10:00,3.3249,3.3264,3.3084,3.3154,3.3299,3.3314,3.3134,3.3204,125
2026-03-09 14:11:00,3.3149,3.3214,3.3104,3.3139,3.3199,3.3264,3.3154,3.3189,128
2026-03-09 14:12:00,3.3129,3.3134,3.3064,3.3134,3.3179,3.3184,3.3114,3.3184,109
2026-03-09 14:13:00,3.3139,3.3214,3.3104,3.3214,3.3189,3.3264,3.3154,3.3264,89
2026-03-09 14:14:00,3.3209,3.3209,3.3014,3.3019,3.3259,3.3259,3.3064,3.3069,104
2026-03-09 14:15:00,3.3029,3.3034,3.2744,3.2874,3.3079,3.3084,3.2794,3.2924,195
2026-03-09 14:16:00,3.2864,3.2894,3.2804,3.2814,3.2914,3.2944,3.2854,3.2864,108
2026-03-09 14:17:00,3.2819,3.2854,3.2794,3.2854,3.2869,3.2904,3.2844,3.2904,69
2026-03-09 14:18:00,3.2864,3.2864,3.2804,3.2819,3.2914,3.2914,3.2854,3.2869,66
2026-03-09 14:19:00,3.2814,3.2844,3.2764,3.2839,3.2864,3.2894,3.2814,3.2889,78
2026-03-09 14:20:00,3.2844,3.2934,3.2784,3.2924,3.2894,3.2984,3.2834,3.2974,91
2026-03-09 14:21:00,3.2929,3.2929,3.2794,3.2809,3.2979,3.2979,3.2844,3.2859,86
2026-03-09 14:22:00,3.2819,3.2924,3.2804,3.2879,3.2869,3.2974,3.2854,3.2929,52
2026-03-09 14:23:00,3.2874,3.2959,3.2869,3.2959,3.2924,3.3009,3.2919,3.3009,65
2026-03-09 14:24:00,3.2974,3.2984,3.2904,3.2914,3.3024,3.3034,3.2954,3.2964,68
2026-03-09 14:25:00,3.2904,3.2954,3.2859,3.2919,3.2954,3.3004,3.2909,3.2969,92
2026-03-09 14:26:00,3.2924,3.2929,3.2764,3.2774,3.2974,3.2979,3.2814,3.2824,82
2026-03-09 14:27:00,3.2769,3.2784,3.2659,3.2679,3.2819,3.2834,3.2709,3.2729,91
2026-03-09 14:28:00,3.2684,3.2704,3.2544,3.2544,3.2734,3.2754,3.2594,3.2594,114
2026-03-09 14:29:00,3.2549,3.2609,3.2504,3.2539,3.2599,3.2659,3.2554,3.2589,124
2026-03-09 14:30:00,3.2554,3.2584,3.2504,3.2524,3.2604,3.2634,3.2554,3.2574,129
2026-03-09 14:31:00,3.2514,3.2519,3.2364,3.2424,3.2564,3.2569,3.2414,3.2474,140
2026-03-09 14:32:00,3.2434,3.2459,3.2369,3.2404,3.2484,3.2509,3.2419,3.2454,100
2026-03-09 14:33:00,3.2399,3.2414,3.2314,3.2334,3.2449,3.2464,3.2364,3.2384,87
2026-03-09 14:34:00,3.2339,3.2434,3.2334,3.2384,3.2389,3.2484,3.2384,3.2434,83
2026-03-09 14:35:00,3.2394,3.2454,3.2374,3.2414,3.2444,3.2504,3.2424,3.2464,76
2026-03-09 14:36:00,3.2424,3.2494,3.2309,3.2329,3.2474,3.2544,3.2359,3.2379,107
2026-03-09 14:37:00,3.2324,3.2334,3.2194,3.2214,3.2374,3.2384,3.2244,3.2264,128
2026-03-09 14:38:00,3.2209,3.2404,3.2169,3.2369,3.2259,3.2454,3.2219,3.2419,164
2026-03-09 14:39:00,3.2384,3.2524,3.2334,3.2514,3.2434,3.2574,3.2384,3.2564,128
2026-03-09 14:40:00,3.2519,3.2574,3.2474,3.2574,3.2569,3.2624,3.2524,3.2624,87
2026-03-09 14:41:00,3.2569,3.2569,3.2474,3.2514,3.2619,3.2619,3.2524,3.2564,91
2026-03-09 14:42:00,3.2504,3.2574,3.2494,3.2574,3.2554,3.2624,3.2544,3.2624,81
2026-03-09 14:43:00,3.2584,3.2679,3.2584,3.2654,3.2634,3.2729,3.2634,3.2704,134
2026-03-09 14:44:00,3.2649,3.2694,3.2604,3.2614,3.2699,3.2744,3.2654,3.2664,94
2026-03-09 14:45:00,3.2609,3.2884,3.2604,3.2884,3.2659,3.2934,3.2654,3.2934,105
2026-03-09 14:46:00,3.2889,3.3004,3.2889,3.2964,3.2939,3.3054,3.2939,3.3014,100
2026-03-09 14:47:00,3.2959,3.2969,3.2834,3.2854,3.3009,3.3019,3.2884,3.2904,95
2026-03-09 14:48:00,3.2849,3.2849,3.2784,3.2804,3.2899,3.2899,3.2834,3.2854,66
2026-03-09 14:49:00,3.2814,3.2909,3.2794,3.2814,3.2864,3.2959,3.2844,3.2864,92
2026-03-09 14:50:00,3.2819,3.2824,3.2764,3.2774,3.2869,3.2874,3.2814,3.2824,86
2026-03-09 14:51:00,3.2764,3.2814,3.2724,3.2749,3.2814,3.2864,3.2774,3.2799,128
2026-03-09 14:52:00,3.2759,3.2859,3.2734,3.2859,3.2809,3.2909,3.2784,3.2909,104
2026-03-09 14:53:00,3.2864,3.3004,3.2864,3.2939,3.2914,3.3054,3.2914,3.2989,124
2026-03-09 14:54:00,3.2934,3.2964,3.2854,3.2859,3.2984,3.3014,3.2904,3.2909,92
2026-03-09 14:55:00,3.2869,3.2869,3.2734,3.2784,3.2919,3.2919,3.2784,3.2834,82
2026-03-09 14:56:00,3.2789,3.2854,3.2724,3.2734,3.2839,3.2904,3.2774,3.2784,80
2026-03-09 14:57:00,3.2724,3.2744,3.2684,3.2704,3.2774,3.2794,3.2734,3.2754,57
2026-03-09 14:58:00,3.2699,3.2724,3.2574,3.2589,3.2749,3.2774,3.2624,3.2639,95
2026-03-09 14:59:00,3.2594,3.2604,3.2534,3.2534,3.2644,3.2654,3.2584,3.2584,57
2026-03-09 15:00:00,3.2549,3.2574,3.2454,3.2459,3.2599,3.2624,3.2504,3.2509,76
2026-03-09 15:01:00,3.2454,3.2564,3.2454,3.2479,3.2504,3.2614,3.2504,3.2529,70
2026-03-09 15:02:00,3.2474,3.2484,3.2434,3.2469,3.2524,3.2534,3.2484,3.2519,50
2026-03-09 15:03:00,3.2464,3.2484,3.2434,3.2479,3.2514,3.2534,3.2484,3.2529,65
2026-03-09 15:04:00,3.2484,3.2544,3.2454,3.2539,3.2534,3.2594,3.2504,3.2589,55
2026-03-09 15:05:00,3.2549,3.2554,3.2434,3.2534,3.2599,3.2604,3.2484,3.2584,86
2026-03-09 15:06:00,3.2539,3.2754,3.2539,3.2749,3.2589,3.2804,3.2589,3.2799,176
2026-03-09 15:07:00,3.2744,3.2944,3.2734,3.2919,3.2794,3.2994,3.2784,3.2969,121
2026-03-09 15:08:00,3.2914,3.2934,3.2774,3.2774,3.2964,3.2984,3.2824,3.2824,82
2026-03-09 15:09:00,3.2779,3.2814,3.2664,3.2689,3.2829,3.2864,3.2714,3.2739,83
2026-03-09 15:10:00,3.2694,3.2839,3.2694,3.2779,3.2744,3.2889,3.2744,3.2829,76
2026-03-09 15:11:00,3.2774,3.2844,3.2744,3.2744,3.2824,3.2894,3.2794,3.2794,72
2026-03-09 15:12:00,3.2749,3.2754,3.2694,3.2704,3.2799,3.2804,3.2744,3.2754,57
2026-03-09 15:13:00,3.2699,3.2699,3.2594,3.2654,3.2749,3.2749,3.2644,3.2704,50
2026-03-09 15:14:00,3.2649,3.2714,3.2624,3.2684,3.2699,3.2764,3.2674,3.2734,51
2026-03-09 15:15:00,3.2679,3.2704,3.2664,3.2684,3.2729,3.2754,3.2714,3.2734,57
2026-03-09 15:16:00,3.2674,3.2754,3.2674,3.2709,3.2724,3.2804,3.2724,3.2759,62
2026-03-09 15:17:00,3.2714,3.2744,3.2664,3.2664,3.2764,3.2794,3.2714,3.2714,47
2026-03-09 15:18:00,3.2669,3.2669,3.2564,3.2599,3.2719,3.2719,3.2614,3.2649,90
2026-03-09 15:19:00,3.2594,3.2634,3.2554,3.2604,3.2644,3.2684,3.2604,3.2654,47
2026-03-09 15:20:00,3.2614,3.2654,3.2584,3.2589,3.2664,3.2704,3.2634,3.2639,49
2026-03-09 15:21:00,3.2584,3.2624,3.2494,3.2494,3.2634,3.2674,3.2544,3.2544,60
2026-03-09 15:22:00,3.2504,3.2534,3.2399,3.2424,3.2554,3.2584,3.2449,3.2474,72
2026-03-09 15:23:00,3.2414,3.2484,3.2374,3.2469,3.2464,3.2534,3.2424,3.2519,72
2026-03-09 15:24:00,3.2474,3.2504,3.2419,3.2424,3.2524,3.2554,3.2469,3.2474,55
2026-03-09 15:25:00,3.2429,3.2464,3.2399,3.2439,3.2479,3.2514,3.2449,3.2489,55
2026-03-09 15:26:00,3.2444,3.2494,3.2444,3.2464,3.2494,3.2544,3.2494,3.2514,66
2026-03-09 15:27:00,3.2474,3.2589,3.2464,3.2554,3.2524,3.2639,3.2514,3.2604,78
2026-03-09 15:28:00,3.2559,3.2589,3.2514,3.2539,3.2609,3.2639,3.2564,3.2589,51
2026-03-09 15:29:00,3.2534,3.2579,3.2484,3.2494,3.2584,3.2629,3.2534,3.2544,60
2026-03-09 15:30:00,3.2489,3.2514,3.2444,3.2484,3.2539,3.2564,3.2494,3.2534,61
2026-03-09 15:31:00,3.2489,3.2529,3.2444,3.2474,3.2539,3.2579,3.2494,3.2524,86
2026-03-09 15:32:00,3.2479,3.2614,3.2469,3.2514,3.2529,3.2664,3.2519,3.2564,101
2026-03-09 15:33:00,3.2509,3.2574,3.2474,3.2484,3.2559,3.2624,3.2524,3.2534,62
2026-03-09 15:34:00,3.2494,3.2589,3.2454,3.2554,3.2544,3.2639,3.2504,3.2604,55
2026-03-09 15:35:00,3.2549,3.2584,3.2524,3.2579,3.2599,3.2634,3.2574,3.2629,71
2026-03-09 15:36:00,3.2574,3.2574,3.2479,3.2479,3.2624,3.2624,3.2529,3.2529,70
2026-03-09 15:37:00,3.2474,3.2589,3.2464,3.2564,3.2524,3.2639,3.2514,3.2614,72
2026-03-09 15:38:00,3.2569,3.2569,3.2424,3.2434,3.2619,3.2619,3.2474,3.2484,82
2026-03-09 15:39:00,3.2429,3.2484,3.2369,3.2474,3.2479,3.2534,3.2419,3.2524,54
2026-03-09 15:40:00,3.2479,3.2504,3.2454,3.2484,3.2529,3.2554,3.2504,3.2534,66
2026-03-09 15:41:00,3.2489,3.2524,3.2474,3.2489,3.2539,3.2574,3.2524,3.2539,60
2026-03-09 15:42:00,3.2494,3.2499,3.2394,3.2414,3.2544,3.2549,3.2444,3.2464,75
2026-03-09 15:43:00,3.2424,3.2439,3.2354,3.2354,3.2474,3.2489,3.2404,3.2404,62
2026-03-09 15:44:00,3.2364,3.2364,3.2234,3.2234,3.2414,3.2414,3.2284,3.2284,66
2026-03-09 15:45:00,3.2239,3.2269,3.2204,3.2204,3.2289,3.2319,3.2254,3.2254,48
2026-03-09 15:46:00,3.2199,3.2269,3.2194,3.2269,3.2249,3.2319,3.2244,3.2319,51
2026-03-09 15:47:00,3.2274,3.2324,3.2254,3.2314,3.2324,3.2374,3.2304,3.2364,49
2026-03-09 15:48:00,3.2304,3.2414,3.2274,3.2354,3.2354,3.2464,3.2324,3.2404,83
2026-03-09 15:49:00,3.2349,3.2419,3.2349,3.2374,3.2399,3.2469,3.2399,3.2424,54
2026-03-09 15:50:00,3.2384,3.2444,3.2369,3.2384,3.2434,3.2494,3.2419,3.2434,45
2026-03-09 15:51:00,3.2389,3.2434,3.2354,3.2424,3.2439,3.2484,3.2404,3.2474,62
2026-03-09 15:52:00,3.2419,3.2424,3.2359,3.2359,3.2469,3.2474,3.2409,3.2409,38
2026-03-09 15:53:00,3.2364,3.2399,3.2324,3.2334,3.2414,3.2449,3.2374,3.2384,51
2026-03-09 15:54:00,3.2339,3.2374,3.2324,3.2334,3.2389,3.2424,3.2374,3.2384,49
2026-03-09 15:55:00,3.2329,3.2334,3.2264,3.2314,3.2379,3.2384,3.2314,3.2364,76
2026-03-09 15:56:00,3.2309,3.2464,3.2309,3.2404,3.2359,3.2514,3.2359,3.2454,101
2026-03-09 15:57:00,3.2399,3.2399,3.2344,3.2354,3.2449,3.2449,3.2394,3.2404,72
2026-03-09 15:58:00,3.2349,3.2404,3.2294,3.2399,3.2399,3.2454,3.2344,3.2449,63
2026-03-09 15:59:00,3.2404,3.2409,3.2314,3.2329,3.2454,3.2459,3.2364,3.2379,48
2026-03-09 16:00:00,3.2319,3.2379,3.2284,3.2294,3.2369,3.2429,3.2334,3.2344,55
2026-03-09 16:01:00,3.2289,3.2304,3.2184,3.2189,3.2339,3.2354,3.2234,3.2239,99
2026-03-09 16:02:00,3.2184,3.2229,3.2184,3.2224,3.2234,3.2279,3.2234,3.2274,39
2026-03-09 16:03:00,3.2234,3.2269,3.2094,3.2114,3.2284,3.2319,3.2144,3.2164,71
2026-03-09 16:04:00,3.2119,3.2129,3.1934,3.1974,3.2169,3.2179,3.1984,3.2024,120
2026-03-09 16:05:00,3.1984,3.1984,3.1799,3.1824,3.2034,3.2034,3.1849,3.1874,124
2026-03-09 16:06:00,3.1814,3.1814,3.1634,3.1674,3.1864,3.1864,3.1684,3.1724,137
2026-03-09 16:07:00,3.1669,3.1694,3.1594,3.1599,3.1719,3.1744,3.1644,3.1649,132
2026-03-09 16:08:00,3.1594,3.1659,3.1499,3.1644,3.1644,3.1709,3.1549,3.1694,118
2026-03-09 16:09:00,3.1654,3.1664,3.1574,3.1594,3.1704,3.1714,3.1624,3.1644,96
2026-03-09 16:10:00,3.1589,3.1644,3.1534,3.1644,3.1639,3.1694,3.1584,3.1694,91
2026-03-09 16:11:00,3.1639,3.1659,3.1484,3.1504,3.1689,3.1709,3.1534,3.1554,120
2026-03-09 16:12:00,3.1499,3.1524,3.1399,3.1474,3.1549,3.1574,3.1449,3.1524,85
2026-03-09 16:13:00,3.1469,3.1504,3.1434,3.1469,3.1519,3.1554,3.1484,3.1519,79
2026-03-09 16:14:00,3.1479,3.1534,3.1464,3.1524,3.1529,3.1584,3.1514,3.1574,102
2026-03-09 16:15:00,3.1529,3.1614,3.1504,3.1564,3.1579,3.1664,3.1554,3.1614,113
2026-03-09 16:16:00,3.1554,3.1574,3.1504,3.1514,3.1604,3.1624,3.1554,3.1564,74
2026-03-09 16:17:00,3.1519,3.1594,3.1504,3.1594,3.1569,3.1644,3.1554,3.1644,92
2026-03-09 16:18:00,3.1589,3.1594,3.1504,3.1524,3.1639,3.1644,3.1554,3.1574,72
2026-03-09 16:19:00,3.1519,3.1564,3.1464,3.1524,3.1569,3.1614,3.1514,3.1574,75
2026-03-09 16:20:00,3.1519,3.1559,3.1444,3.1489,3.1569,3.1609,3.1494,3.1539,90
2026-03-09 16:21:00,3.1479,3.1494,3.1284,3.1294,3.1529,3.1544,3.1334,3.1344,96
2026-03-09 16:22:00,3.1289,3.1344,3.1234,3.1259,3.1339,3.1394,3.1284,3.1309,110
2026-03-09 16:23:00,3.1264,3.1444,3.1264,3.1384,3.1314,3.1494,3.1314,3.1434,98
2026-03-09 16:24:00,3.1379,3.1494,3.1379,3.1414,3.1429,3.1544,3.1429,3.1464,87
2026-03-09 16:25:00,3.1419,3.1464,3.1344,3.1359,3.1469,3.1514,3.1394,3.1409,67
2026-03-09 16:26:00,3.1374,3.1374,3.1244,3.1249,3.1424,3.1424,3.1294,3.1299,72
2026-03-09 16:27:00,3.1254,3.1359,3.1254,3.1359,3.1304,3.1409,3.1304,3.1409,62
2026-03-09 16:28:00,3.1354,3.1444,3.1344,3.1384,3.1404,3.1494,3.1394,3.1434,71
2026-03-09 16:29:00,3.1379,3.1389,3.1284,3.1304,3.1429,3.1439,3.1334,3.1354,55
2026-03-09 16:30:00,3.1314,3.1444,3.1314,3.1434,3.1364,3.1494,3.1364,3.1484,69
2026-03-09 16:31:00,3.1444,3.1489,3.1394,3.1464,3.1494,3.1539,3.1444,3.1514,83
2026-03-09 16:32:00,3.1459,3.1494,3.1369,3.1434,3.1509,3.1544,3.1419,3.1484,112
2026-03-09 16:33:00,3.1444,3.1464,3.1404,3.1419,3.1494,3.1514,3.1454,3.1469,60
2026-03-09 16:34:00,3.1424,3.1504,3.1424,3.1429,3.1474,3.1554,3.1474,3.1479,72
2026-03-09 16:35:00,3.1424,3.1544,3.1424,3.1499,3.1474,3.1594,3.1474,3.1549,59
2026-03-09 16:36:00,3.1494,3.1564,3.1454,3.1564,3.1544,3.1614,3.1504,3.1614,62
2026-03-09 16:37:00,3.1559,3.1579,3.1474,3.1574,3.1609,3.1629,3.1524,3.1624,90
2026-03-09 16:38:00,3.1579,3.1624,3.1544,3.1574,3.1629,3.1674,3.1594,3.1624,86
2026-03-09 16:39:00,3.1594,3.1644,3.1594,3.1629,3.1644,3.1694,3.1644,3.1679,55
2026-03-09 16:40:00,3.1634,3.1649,3.1534,3.1644,3.1684,3.1699,3.1584,3.1694,60
2026-03-09 16:41:00,3.1654,3.1654,3.1599,3.1604,3.1704,3.1704,3.1649,3.1654,55
2026-03-09 16:42:00,3.1614,3.1619,3.1574,3.1604,3.1664,3.1669,3.1624,3.1654,33
2026-03-09 16:43:00,3.1609,3.1664,3.1599,3.1644,3.1659,3.1714,3.1649,3.1694,43
2026-03-09 16:44:00,3.1649,3.1664,3.1574,3.1579,3.1699,3.1714,3.1624,3.1629,64
2026-03-09 16:45:00,3.1569,3.1569,3.1504,3.1514,3.1619,3.1619,3.1554,3.1564,62
2026-03-09 16:46:00,3.1509,3.1554,3.1484,3.1534,3.1559,3.1604,3.1534,3.1584,48
2026-03-09 16:47:00,3.1539,3.1584,3.1514,3.1569,3.1589,3.1634,3.1564,3.1619,44
2026-03-09 16:48:00,3.1559,3.1564,3.1464,3.1474,3.1609,3.1614,3.1514,3.1524,31
2026-03-09 16:49:00,3.1479,3.1524,3.1454,3.1474,3.1529,3.1574,3.1504,3.1524,50
2026-03-09 16:50:00,3.1469,3.1554,3.1464,3.1534,3.1519,3.1604,3.1514,3.1584,44
2026-03-09 16:51:00,3.1524,3.1529,3.1474,3.1474,3.1574,3.1579,3.1524,3.1524,46
2026-03-09 16:52:00,3.1479,3.1544,3.1449,3.1494,3.1529,3.1594,3.1499,3.1544,73
2026-03-09 16:53:00,3.1484,3.1499,3.1434,3.1444,3.1534,3.1549,3.1484,3.1494,46
2026-03-09 16:54:00,3.1439,3.1439,3.1344,3.1344,3.1489,3.1489,3.1394,3.1394,50
2026-03-09 16:55:00,3.1339,3.1414,3.1334,3.1384,3.1389,3.1464,3.1384,3.1434,59
2026-03-09 16:56:00,3.1374,3.1404,3.1364,3.1394,3.1424,3.1454,3.1414,3.1444,32
2026-03-09 16:57:00,3.1384,3.1519,3.1384,3.1404,3.1434,3.1569,3.1434,3.1454,59
2026-03-09 16:58:00,3.1399,3.1474,3.1394,3.1474,3.1449,3.1524,3.1444,3.1524,34
2026-03-09 16:59:00,3.1469,3.1469,3.1374,3.1414,3.1519,3.1519,3.1424,3.1464,49
2026-03-09 17:00:00,3.1409,3.1454,3.1409,3.1414,3.1459,3.1504,3.1459,3.1464,46
2026-03-09 17:01:00,3.1409,3.1449,3.1384,3.1424,3.1459,3.1499,3.1434,3.1474,39
2026-03-09 17:02:00,3.1414,3.1454,3.1404,3.1424,3.1464,3.1504,3.1454,3.1474,44
2026-03-09 17:03:00,3.1414,3.1434,3.1334,3.1414,3.1464,3.1484,3.1384,3.1464,60
2026-03-09 17:04:00,3.1409,3.1534,3.1344,3.1489,3.1459,3.1584,3.1394,3.1539,86
2026-03-09 17:05:00,3.1499,3.1554,3.1404,3.1414,3.1549,3.1604,3.1454,3.1464,77
2026-03-09 17:06:00,3.1409,3.1414,3.1244,3.1264,3.1459,3.1464,3.1294,3.1314,90
2026-03-09 17:07:00,3.1269,3.1269,3.1094,3.1154,3.1319,3.1319,3.1144,3.1204,116
2026-03-09 17:08:00,3.1149,3.1334,3.1149,3.1279,3.1199,3.1384,3.1199,3.1329,78
2026-03-09 17:09:00,3.1284,3.1284,3.1189,3.1194,3.1334,3.1334,3.1239,3.1244,42
2026-03-09 17:10:00,3.1189,3.1274,3.1159,3.1254,3.1239,3.1324,3.1209,3.1304,77
2026-03-09 17:11:00,3.1259,3.1304,3.1214,3.1274,3.1309,3.1354,3.1264,3.1324,35
2026-03-09 17:12:00,3.1269,3.1304,3.1134,3.1134,3.1319,3.1354,3.1184,3.1184,58
2026-03-09 17:13:00,3.1139,3.1214,3.1119,3.1124,3.1189,3.1264,3.1169,3.1174,54
2026-03-09 17:14:00,3.1104,3.1134,3.1064,3.1099,3.1154,3.1184,3.1114,3.1149,54
2026-03-09 17:15:00,3.1114,3.1234,3.1104,3.1224,3.1164,3.1284,3.1154,3.1274,64
2026-03-09 17:16:00,3.1229,3.1239,3.1184,3.1214,3.1279,3.1289,3.1234,3.1264,40
2026-03-09 17:17:00,3.1209,3.1254,3.1209,3.1229,3.1259,3.1304,3.1259,3.1279,40
2026-03-09 17:18:00,3.1219,3.1309,3.1214,3.1294,3.1269,3.1359,3.1264,3.1344,52
2026-03-09 17:19:00,3.1299,3.1324,3.1249,3.1304,3.1349,3.1374,3.1299,3.1354,58
2026-03-09 17:20:00,3.1299,3.1339,3.1264,3.1324,3.1349,3.1389,3.1314,3.1374,48
2026-03-09 17:21:00,3.1329,3.1389,3.1264,3.1309,3.1379,3.1439,3.1314,3.1359,49
2026-03-09 17:22:00,3.1314,3.1344,3.1259,3.1309,3.1364,3.1394,3.1309,3.1359,50
2026-03-09 17:23:00,3.1314,3.1404,3.1314,3.1334,3.1364,3.1454,3.1364,3.1384,95
2026-03-09 17:24:00,3.1339,3.1364,3.1229,3.1234,3.1389,3.1414,3.1279,3.1284,55
2026-03-09 17:25:00,3.1229,3.1229,3.1084,3.1094,3.1279,3.1279,3.1134,3.1144,66
2026-03-09 17:26:00,3.1099,3.1114,3.1049,3.1069,3.1149,3.1164,3.1099,3.1119,60
2026-03-09 17:27:00,3.1064,3.1114,3.1024,3.1109,3.1114,3.1164,3.1074,3.1159,67
2026-03-09 17:28:00,3.1114,3.1159,3.1069,3.1084,3.1164,3.1209,3.1119,3.1134,69
2026-03-09 17:29:00,3.1089,3.1124,3.1084,3.1114,3.1139,3.1174,3.1134,3.1164,52
2026-03-09 17:30:00,3.1119,3.1174,3.1104,3.1144,3.1169,3.1224,3.1154,3.1194,80
2026-03-09 17:31:00,3.1149,3.1174,3.1119,3.1164,3.1199,3.1224,3.1169,3.1214,39
2026-03-09 17:32:00,3.1174,3.1254,3.1144,3.1224,3.1224,3.1304,3.1194,3.1274,66
2026-03-09 17:33:00,3.1219,3.1234,3.1189,3.1199,3.1269,3.1284,3.1239,3.1249,60
2026-03-09 17:34:00,3.1209,3.1284,3.1204,3.1229,3.1259,3.1334,3.1254,3.1279,64
2026-03-09 17:35:00,3.1224,3.1244,3.1159,3.1214,3.1274,3.1294,3.1209,3.1264,49
2026-03-09 17:36:00,3.1219,3.1254,3.1144,3.1154,3.1269,3.1304,3.1194,3.1204,62
2026-03-09 17:37:00,3.1164,3.1214,3.1149,3.1209,3.1214,3.1264,3.1199,3.1259,44
2026-03-09 17:38:00,3.1214,3.1214,3.1084,3.1084,3.1264,3.1264,3.1134,3.1134,57
2026-03-09 17:39:00,3.1079,3.1139,3.1054,3.1124,3.1129,3.1189,3.1104,3.1174,50
2026-03-09 17:40:00,3.1114,3.1144,3.1104,3.1124,3.1164,3.1194,3.1154,3.1174,23
2026-03-09 17:41:00,3.1119,3.1164,3.1099,3.1164,3.1169,3.1214,3.1149,3.1214,41
2026-03-09 17:42:00,3.1174,3.1174,3.1114,3.1144,3.1224,3.1224,3.1164,3.1194,46
2026-03-09 17:43:00,3.1134,3.1154,3.1114,3.1119,3.1184,3.1204,3.1164,3.1169,42
2026-03-09 17:44:00,3.1114,3.1124,3.1029,3.1074,3.1164,3.1174,3.1079,3.1124,69
2026-03-09 17:45:00,3.1064,3.1074,3.1024,3.1064,3.1114,3.1124,3.1074,3.1114,37
2026-03-09 17:46:00,3.1059,3.1064,3.0954,3.0984,3.1109,3.1114,3.1004,3.1034,81
2026-03-09 17:47:00,3.0969,3.0974,3.0894,3.0894,3.1019,3.1024,3.0944,3.0944,62
2026-03-09 17:48:00,3.0884,3.0884,3.0824,3.0859,3.0934,3.0934,3.0874,3.0909,46
2026-03-09 17:49:00,3.0844,3.0874,3.0804,3.0824,3.0894,3.0924,3.0854,3.0874,57
2026-03-09 17:50:00,3.0834,3.0834,3.0784,3.0824,3.0884,3.0884,3.0834,3.0874,55
2026-03-09 17:51:00,3.0814,3.0894,3.0804,3.0844,3.0864,3.0944,3.0854,3.0894,56
2026-03-09 17:52:00,3.0849,3.0874,3.0804,3.0854,3.0899,3.0924,3.0854,3.0904,40
2026-03-09 17:53:00,3.0849,3.0924,3.0804,3.0914,3.0899,3.0974,3.0854,3.0964,57
2026-03-09 17:54:00,3.0924,3.0994,3.0909,3.0974,3.0974,3.1044,3.0959,3.1024,51
2026-03-09 17:55:00,3.0979,3.1024,3.0964,3.1024,3.1029,3.1074,3.1014,3.1074,45
2026-03-09 17:56:00,3.1019,3.1029,3.0944,3.0964,3.1069,3.1079,3.0994,3.1014,23
2026-03-09 17:57:00,3.0974,3.1004,3.0969,3.0999,3.1024,3.1054,3.1019,3.1049,44
2026-03-09 17:58:00,3.0994,3.1019,3.0974,3.1019,3.1044,3.1069,3.1024,3.1069,55
2026-03-09 17:59:00,3.1014,3.1034,3.0979,3.0984,3.1064,3.1084,3.1029,3.1034,56
2026-03-09 18:00:00,3.0979,3.1019,3.0954,3.0989,3.1029,3.1069,3.1004,3.1039,43
2026-03-09 18:01:00,3.0994,3.1054,3.0969,3.1024,3.1044,3.1104,3.1019,3.1074,29
2026-03-09 18:02:00,3.1029,3.1044,3.0974,3.1014,3.1079,3.1094,3.1024,3.1064,47
2026-03-09 18:03:00,3.1019,3.1044,3.0989,3.1034,3.1069,3.1094,3.1039,3.1084,42
2026-03-09 18:04:00,3.1024,3.1034,3.1004,3.1014,3.1074,3.1084,3.1054,3.1064,23
2026-03-09 18:05:00,3.1004,3.1059,3.0999,3.1014,3.1054,3.1109,3.1049,3.1064,57
2026-03-09 18:06:00,3.1029,3.1059,3.1019,3.1059,3.1079,3.1109,3.1069,3.1109,35
2026-03-09 18:07:00,3.1064,3.1074,3.1029,3.1069,3.1114,3.1124,3.1079,3.1119,34
2026-03-09 18:08:00,3.1074,3.1104,3.1069,3.1094,3.1124,3.1154,3.1119,3.1144,38
2026-03-09 18:09:00,3.1089,3.1094,3.1044,3.1074,3.1139,3.1144,3.1094,3.1124,52
2026-03-09 18:10:00,3.1079,3.1094,3.0999,3.1004,3.1129,3.1144,3.1049,3.1054,43
2026-03-09 18:11:00,3.1009,3.1009,3.0909,3.0914,3.1059,3.1059,3.0959,3.0964,44
2026-03-09 18:12:00,3.0904,3.0954,3.0904,3.0934,3.0954,3.1004,3.0954,3.0984,39
2026-03-09 18:13:00,3.0929,3.0954,3.0914,3.0934,3.0979,3.1004,3.0964,3.0984,34
2026-03-09 18:14:00,3.0944,3.1049,3.0939,3.1039,3.0994,3.1099,3.0989,3.1089,46
2026-03-09 18:15:00,3.1034,3.1054,3.0994,3.1034,3.1084,3.1104,3.1044,3.1084,40
2026-03-09 18:16:00,3.1039,3.1144,3.1014,3.1144,3.1089,3.1194,3.1064,3.1194,69
2026-03-09 18:17:00,3.1139,3.1254,3.1139,3.1234,3.1189,3.1304,3.1189,3.1284,72
2026-03-09 18:18:00,3.1229,3.1314,3.1204,3.1224,3.1279,3.1364,3.1254,3.1274,76
2026-03-09 18:19:00,3.1229,3.1284,3.1229,3.1274,3.1279,3.1334,3.1279,3.1324,60
2026-03-09 18:20:00,3.1269,3.1344,3.1249,3.1344,3.1319,3.1394,3.1299,3.1394,67
2026-03-09 18:21:00,3.1339,3.1344,3.1129,3.1144,3.1389,3.1394,3.1179,3.1194,76
2026-03-09 18:22:00,3.1154,3.1184,3.1074,3.1104,3.1204,3.1234,3.1124,3.1154,57
2026-03-09 18:23:00,3.1084,3.1084,3.1039,3.1054,3.1134,3.1134,3.1089,3.1104,29
2026-03-09 18:24:00,3.1059,3.1114,3.1044,3.1044,3.1109,3.1164,3.1094,3.1094,43
2026-03-09 18:25:00,3.1054,3.1124,3.1049,3.1114,3.1104,3.1174,3.1099,3.1164,43
2026-03-09 18:26:00,3.1119,3.1134,3.1074,3.1109,3.1169,3.1184,3.1124,3.1159,33
2026-03-09 18:27:00,3.1114,3.1194,3.1104,3.1154,3.1164,3.1244,3.1154,3.1204,36
2026-03-09 18:28:00,3.1149,3.1154,3.1124,3.1134,3.1199,3.1204,3.1174,3.1184,27
2026-03-09 18:29:00,3.1139,3.1184,3.1124,3.1134,3.1189,3.1234,3.1174,3.1184,37
2026-03-09 18:30:00,3.1144,3.1254,3.1134,3.1229,3.1194,3.1304,3.1184,3.1279,49
2026-03-09 18:31:00,3.1224,3.1234,3.1169,3.1224,3.1274,3.1284,3.1219,3.1274,44
2026-03-09 18:32:00,3.1219,3.1224,3.1154,3.1164,3.1269,3.1274,3.1204,3.1214,57
2026-03-09 18:33:00,3.1159,3.1164,3.1054,3.1164,3.1209,3.1214,3.1104,3.1214,49
2026-03-09 18:34:00,3.1174,3.1289,3.1169,3.1284,3.1224,3.1339,3.1219,3.1334,77
2026-03-09 18:35:00,3.1274,3.1314,3.1264,3.1264,3.1324,3.1364,3.1314,3.1314,42
2026-03-09 18:36:00,3.1274,3.1274,3.1179,3.1209,3.1324,3.1324,3.1229,3.1259,37
2026-03-09 18:37:00,3.1214,3.1314,3.1214,3.1304,3.1264,3.1364,3.1264,3.1354,47
2026-03-09 18:38:00,3.1289,3.1294,3.1244,3.1264,3.1339,3.1344,3.1294,3.1314,41
2026-03-09 18:39:00,3.1269,3.1314,3.1264,3.1294,3.1319,3.1364,3.1314,3.1344,30
2026-03-09 18:40:00,3.1284,3.1394,3.1274,3.1384,3.1334,3.1444,3.1324,3.1434,59
2026-03-09 18:41:00,3.1374,3.1424,3.1364,3.1414,3.1424,3.1474,3.1414,3.1464,58
2026-03-09 18:42:00,3.1424,3.1484,3.1419,3.1444,3.1474,3.1534,3.1469,3.1494,61
2026-03-09 18:43:00,3.1449,3.1504,3.1424,3.1494,3.1499,3.1554,3.1474,3.1544,87
2026-03-09 18:44:00,3.1489,3.1489,3.1414,3.1454,3.1539,3.1539,3.1464,3.1504,51
2026-03-09 18:45:00,3.1459,3.1469,3.1324,3.1364,3.1509,3.1519,3.1374,3.1414,66
2026-03-09 18:46:00,3.1369,3.1369,3.1294,3.1309,3.1419,3.1419,3.1344,3.1359,36
2026-03-09 18:47:00,3.1314,3.1364,3.1284,3.1359,3.1364,3.1414,3.1334,3.1409,24
2026-03-09 18:48:00,3.1354,3.1474,3.1324,3.1454,3.1404,3.1524,3.1374,3.1504,57
2026-03-09 18:49:00,3.1449,3.1484,3.1394,3.1394,3.1499,3.1534,3.1444,3.1444,44
2026-03-09 18:50:00,3.1399,3.1474,3.1394,3.1434,3.1449,3.1524,3.1444,3.1484,69
2026-03-09 18:51:00,3.1429,3.1444,3.1304,3.1304,3.1479,3.1494,3.1354,3.1354,54
2026-03-09 18:52:00,3.1314,3.1319,3.1264,3.1294,3.1364,3.1369,3.1314,3.1344,40
2026-03-09 18:53:00,3.1299,3.1309,3.1244,3.1284,3.1349,3.1359,3.1294,3.1334,47
2026-03-09 18:54:00,3.1289,3.1339,3.1284,3.1319,3.1339,3.1389,3.1334,3.1369,38
2026-03-09 18:55:00,3.1314,3.1374,3.1299,3.1374,3.1364,3.1424,3.1349,3.1424,66
2026-03-09 18:56:00,3.1379,3.1454,3.1364,3.1434,3.1429,3.1504,3.1414,3.1484,88
2026-03-09 18:57:00,3.1424,3.1479,3.1424,3.1464,3.1474,3.1529,3.1474,3.1514,63
2026-03-09 18:58:00,3.1474,3.1514,3.1469,3.1484,3.1524,3.1564,3.1519,3.1534,55
2026-03-09 18:59:00,3.1474,3.1534,3.1454,3.1534,3.1524,3.1584,3.1504,3.1584,79
2026-03-09 19:00:00,3.1529,3.1534,3.1249,3.1249,3.1579,3.1584,3.1299,3.1299,104
2026-03-09 19:01:00,3.1244,3.1244,3.1114,3.1114,3.1294,3.1294,3.1164,3.1164,41
2026-03-09 19:02:00,3.1124,3.1154,3.1084,3.1094,3.1174,3.1204,3.1134,3.1144,59
2026-03-09 19:03:00,3.1089,3.1104,3.1054,3.1094,3.1139,3.1154,3.1104,3.1144,36
2026-03-09 19:04:00,3.1104,3.1184,3.1104,3.1154,3.1154,3.1234,3.1154,3.1204,50
2026-03-09 19:05:00,3.1144,3.1164,3.1099,3.1119,3.1194,3.1214,3.1149,3.1169,58
2026-03-09 19:06:00,3.1124,3.1144,3.1094,3.1094,3.1174,3.1194,3.1144,3.1144,40
2026-03-09 19:07:00,3.1104,3.1114,3.1044,3.1074,3.1154,3.1164,3.1094,3.1124,43
2026-03-09 19:08:00,3.1084,3.1114,3.1074,3.1084,3.1134,3.1164,3.1124,3.1134,31
2026-03-09 19:09:00,3.1089,3.1184,3.1089,3.1144,3.1139,3.1234,3.1139,3.1194,50
2026-03-09 19:10:00,3.1149,3.1149,3.1084,3.1124,3.1199,3.1199,3.1134,3.1174,39
2026-03-09 19:11:00,3.1104,3.1114,3.1034,3.1039,3.1154,3.1164,3.1084,3.1089,36
2026-03-09 19:12:00,3.1034,3.1054,3.1014,3.1034,3.1084,3.1104,3.1064,3.1084,37
2026-03-09 19:13:00,3.1044,3.1064,3.0984,3.1024,3.1094,3.1114,3.1034,3.1074,46
2026-03-09 19:14:00,3.1014,3.1024,3.0974,3.0994,3.1064,3.1074,3.1024,3.1044,46
2026-03-09 19:15:00,3.0999,3.1044,3.0994,3.0994,3.1049,3.1094,3.1044,3.1044,63
2026-03-09 19:16:00,3.0984,3.0984,3.0914,3.0919,3.1034,3.1034,3.0964,3.0969,33
2026-03-09 19:17:00,3.0929,3.0964,3.0899,3.0914,3.0979,3.1014,3.0949,3.0964,50
2026-03-09 19:18:00,3.0909,3.0934,3.0879,3.0914,3.0959,3.0984,3.0929,3.0964,49
2026-03-09 19:19:00,3.0919,3.1004,3.0909,3.0964,3.0969,3.1054,3.0959,3.1014,54
2026-03-09 19:20:00,3.0954,3.0984,3.0944,3.0984,3.1004,3.1034,3.0994,3.1034,34
2026-03-09 19:21:00,3.0974,3.1054,3.0934,3.1044,3.1024,3.1104,3.0984,3.1094,66
2026-03-09 19:22:00,3.1054,3.1124,3.1014,3.1054,3.1104,3.1174,3.1064,3.1104,59
2026-03-09 19:23:00,3.1044,3.1104,3.1034,3.1074,3.1094,3.1154,3.1084,3.1124,63
2026-03-09 19:24:00,3.1079,3.1139,3.1064,3.1119,3.1129,3.1189,3.1114,3.1169,48
2026-03-09 19:25:00,3.1124,3.1154,3.1084,3.1154,3.1174,3.1204,3.1134,3.1204,81
2026-03-09 19:26:00,3.1149,3.1159,3.1044,3.1064,3.1199,3.1209,3.1094,3.1114,59
2026-03-09 19:27:00,3.1059,3.1099,3.1034,3.1089,3.1109,3.1149,3.1084,3.1139,46
2026-03-09 19:28:00,3.1094,3.1324,3.1074,3.1324,3.1144,3.1374,3.1124,3.1374,238
2026-03-09 19:29:00,3.1334,3.1389,3.1294,3.1364,3.1384,3.1439,3.1344,3.1414,173
2026-03-09 19:30:00,3.1374,3.1434,3.1329,3.1434,3.1424,3.1484,3.1379,3.1484,117
2026-03-09 19:31:00,3.1424,3.1499,3.1394,3.1499,3.1474,3.1549,3.1444,3.1549,96
2026-03-09 19:32:00,3.1494,3.1524,3.1464,3.1514,3.1544,3.1574,3.1514,3.1564,51
2026-03-09 19:33:00,3.1509,3.1534,3.1364,3.1384,3.1559,3.1584,3.1414,3.1434,74
2026-03-09 19:34:00,3.1389,3.1429,3.1389,3.1424,3.1439,3.1479,3.1439,3.1474,33
2026-03-09 19:35:00,3.1434,3.1489,3.1409,3.1409,3.1484,3.1539,3.1459,3.1459,62
2026-03-09 19:36:00,3.1414,3.1414,3.1374,3.1404,3.1464,3.1464,3.1424,3.1454,28
2026-03-09 19:37:00,3.1394,3.1394,3.1344,3.1364,3.1444,3.1444,3.1394,3.1414,23
2026-03-09 19:38:00,3.1369,3.1394,3.1359,3.1374,3.1419,3.1444,3.1409,3.1424,27
2026-03-09 19:39:00,3.1369,3.1394,3.1344,3.1354,3.1419,3.1444,3.1394,3.1404,26
2026-03-09 19:40:00,3.1349,3.1349,3.1234,3.1334,3.1399,3.1399,3.1284,3.1384,63
2026-03-09 19:41:00,3.1344,3.1374,3.1304,3.1329,3.1394,3.1424,3.1354,3.1379,43
2026-03-09 19:42:00,3.1334,3.1344,3.1284,3.1304,3.1384,3.1394,3.1334,3.1354,24
2026-03-09 19:43:00,3.1309,3.1344,3.1294,3.1324,3.1359,3.1394,3.1344,3.1374,29
2026-03-09 19:44:00,3.1319,3.1329,3.1294,3.1304,3.1369,3.1379,3.1344,3.1354,20
2026-03-09 19:45:00,3.1309,3.1314,3.1264,3.1309,3.1359,3.1364,3.1314,3.1359,40
2026-03-09 19:46:00,3.1314,3.1349,3.1304,3.1314,3.1364,3.1399,3.1354,3.1364,32
2026-03-09 19:47:00,3.1319,3.1354,3.1314,3.1339,3.1369,3.1404,3.1364,3.1389,14
2026-03-09 19:48:00,3.1349,3.1379,3.1334,3.1344,3.1399,3.1429,3.1384,3.1394,25
2026-03-09 19:49:00,3.1339,3.1364,3.1324,3.1359,3.1389,3.1414,3.1374,3.1409,16
2026-03-09 19:50:00,3.1354,3.1384,3.1344,3.1354,3.1404,3.1434,3.1394,3.1404,31
2026-03-09 19:51:00,3.1344,3.1394,3.1334,3.1394,3.1394,3.1444,3.1384,3.1444,31
2026-03-09 19:52:00,3.1404,3.1449,3.1384,3.1414,3.1454,3.1499,3.1434,3.1464,34
2026-03-09 19:53:00,3.1409,3.1409,3.1314,3.1334,3.1459,3.1459,3.1364,3.1384,21
2026-03-09 19:54:00,3.1344,3.1344,3.1284,3.1309,3.1394,3.1394,3.1334,3.1359,30
2026-03-09 19:55:00,3.1324,3.1359,3.1324,3.1344,3.1374,3.1409,3.1374,3.1394,21
2026-03-09 19:56:00,3.1339,3.1339,3.1314,3.1314,3.1389,3.1389,3.1364,3.1364,8
2026-03-09 19:57:00,3.1324,3.1344,3.1314,3.1324,3.1374,3.1394,3.1364,3.1374,15
2026-03-09 19:58:00,3.1319,3.1369,3.1319,3.1364,3.1369,3.1419,3.1369,3.1414,18
2026-03-09 19:59:00,3.1374,3.1384,3.1334,3.1384,3.1424,3.1434,3.1384,3.1434,16
2026-03-09 20:00:00,3.1394,3.1434,3.1394,3.1419,3.1444,3.1484,3.1444,3.1469,15
2026-03-09 20:01:00,3.1424,3.1444,3.1414,3.1434,3.1474,3.1494,3.1464,3.1484,18
2026-03-09 20:02:00,3.1424,3.1444,3.1414,3.1439,3.1474,3.1494,3.1464,3.1489,12
2026-03-09 20:03:00,3.1444,3.1499,3.1444,3.1484,3.1494,3.1549,3.1494,3.1534,18
2026-03-09 20:04:00,3.1479,3.1484,3.1454,3.1484,3.1529,3.1534,3.1504,3.1534,19
2026-03-09 20:05:00,3.1479,3.1504,3.1464,3.1504,3.1529,3.1554,3.1514,3.1554,24
2026-03-09 20:06:00,3.1509,3.1534,3.1504,3.1534,3.1559,3.1584,3.1554,3.1584,14
2026-03-09 20:07:00,3.1544,3.1549,3.1524,3.1534,3.1594,3.1599,3.1574,3.1584,14
2026-03-09 20:08:00,3.1544,3.1544,3.1459,3.1474,3.1594,3.1594,3.1509,3.1524,24
2026-03-09 20:09:00,3.1479,3.1514,3.1474,3.1514,3.1529,3.1564,3.1524,3.1564,7
2026-03-09 20:10:00,3.1519,3.1554,3.1519,3.1544,3.1569,3.1604,3.1569,3.1594,13
2026-03-09 20:11:00,3.1549,3.1549,3.1474,3.1494,3.1599,3.1599,3.1524,3.1544,21
2026-03-09 20:12:00,3.1489,3.1489,3.1434,3.1454,3.1539,3.1539,3.1484,3.1504,12
2026-03-09 20:13:00,3.1459,3.1519,3.1454,3.1514,3.1509,3.1569,3.1504,3.1564,16
2026-03-09 20:14:00,3.1519,3.1554,3.1504,3.1539,3.1569,3.1604,3.1554,3.1589,19
2026-03-09 20:15:00,3.1529,3.1529,3.1504,3.1514,3.1579,3.1579,3.1554,3.1564,11
2026-03-09 20:16:00,3.1519,3.1534,3.1454,3.1464,3.1569,3.1584,3.1504,3.1514,31
2026-03-09 20:17:00,3.1459,3.1464,3.1324,3.1444,3.1509,3.1514,3.1374,3.1494,92
2026-03-09 20:18:00,3.1449,3.1454,3.1424,3.1424,3.1499,3.1504,3.1474,3.1474,31
2026-03-09 20:19:00,3.1404,3.1404,3.1314,3.1324,3.1454,3.1454,3.1364,3.1374,43
2026-03-09 20:20:00,3.1334,3.1354,3.1274,3.1284,3.1384,3.1404,3.1324,3.1334,26
2026-03-09 20:21:00,3.1279,3.1299,3.1244,3.1264,3.1329,3.1349,3.1294,3.1314,40
2026-03-09 20:22:00,3.1254,3.1254,3.1184,3.1194,3.1304,3.1304,3.1234,3.1244,51
2026-03-09 20:23:00,3.1189,3.1249,3.1184,3.1219,3.1239,3.1299,3.1234,3.1269,48
2026-03-09 20:24:00,3.1214,3.1224,3.1024,3.1099,3.1264,3.1274,3.1074,3.1149,78
2026-03-09 20:25:00,3.1104,3.1144,3.1074,3.1094,3.1154,3.1194,3.1124,3.1144,66
2026-03-09 20:26:00,3.1084,3.1104,3.1034,3.1039,3.1134,3.1154,3.1084,3.1089,38
2026-03-09 20:27:00,3.1034,3.1064,3.1009,3.1064,3.1084,3.1114,3.1059,3.1114,37
2026-03-09 20:28:00,3.1089,3.1089,3.0934,3.0964,3.1139,3.1139,3.0984,3.1014,73
2026-03-09 20:29:00,3.0949,3.1014,3.0924,3.0999,3.0999,3.1064,3.0974,3.1049,73
2026-03-09 20:30:00,3.1004,3.1029,3.0839,3.0859,3.1054,3.1079,3.0889,3.0909,92
2026-03-09 20:31:00,3.0869,3.0869,3.0809,3.0839,3.0919,3.0919,3.0859,3.0889,58
2026-03-09 20:32:00,3.0824,3.0904,3.0804,3.0824,3.0874,3.0954,3.0854,3.0874,58
2026-03-09 20:33:00,3.0814,3.0864,3.0739,3.0774,3.0864,3.0914,3.0789,3.0824,66
2026-03-09 20:34:00,3.0769,3.0784,3.0669,3.0679,3.0819,3.0834,3.0719,3.0729,70
2026-03-09 20:35:00,3.0669,3.0694,3.0544,3.0619,3.0719,3.0744,3.0594,3.0669,118
2026-03-09 20:36:00,3.0614,3.0679,3.0554,3.0584,3.0664,3.0729,3.0604,3.0634,82
2026-03-09 20:37:00,3.0579,3.0624,3.0544,3.0584,3.0629,3.0674,3.0594,3.0634,115
2026-03-09 20:38:00,3.0589,3.0649,3.0559,3.0619,3.0639,3.0699,3.0609,3.0669,66
2026-03-09 20:39:00,3.0614,3.0614,3.0494,3.0554,3.0664,3.0664,3.0544,3.0604,83
2026-03-09 20:40:00,3.0564,3.0579,3.0524,3.0554,3.0614,3.0629,3.0574,3.0604,66
2026-03-09 20:41:00,3.0559,3.0679,3.0559,3.0624,3.0609,3.0729,3.0609,3.0674,66
2026-03-09 20:42:00,3.0609,3.0684,3.0609,3.0684,3.0659,3.0734,3.0659,3.0734,57
2026-03-09 20:43:00,3.0689,3.0804,3.0669,3.0744,3.0739,3.0854,3.0719,3.0794,74
2026-03-09 20:44:00,3.0734,3.0794,3.0714,3.0734,3.0784,3.0844,3.0764,3.0784,49
2026-03-09 20:45:00,3.0724,3.0754,3.0589,3.0634,3.0774,3.0804,3.0639,3.0684,67
2026-03-09 20:46:00,3.0629,3.0639,3.0539,3.0564,3.0679,3.0689,3.0589,3.0614,45
2026-03-09 20:47:00,3.0574,3.0649,3.0574,3.0624,3.0624,3.0699,3.0624,3.0674,59
2026-03-09 20:48:00,3.0629,3.0654,3.0614,3.0649,3.0679,3.0704,3.0664,3.0699,36
2026-03-09 20:49:00,3.0654,3.0664,3.0614,3.0634,3.0704,3.0714,3.0664,3.0684,35
2026-03-09 20:50:00,3.0639,3.0694,3.0619,3.0639,3.0689,3.0744,3.0669,3.0689,45
2026-03-09 20:51:00,3.0619,3.0639,3.0569,3.0584,3.0669,3.0689,3.0619,3.0634,54
2026-03-09 20:52:00,3.0589,3.0599,3.0514,3.0544,3.0639,3.0649,3.0564,3.0594,53
2026-03-09 20:53:00,3.0554,3.0604,3.0544,3.0599,3.0604,3.0654,3.0594,3.0649,29
2026-03-09 20:54:00,3.0594,3.0594,3.0549,3.0554,3.0644,3.0644,3.0599,3.0604,20
2026-03-09 20:55:00,3.0564,3.0649,3.0554,3.0644,3.0614,3.0699,3.0604,3.0694,72
2026-03-09 20:56:00,3.0639,3.0644,3.0609,3.0629,3.0689,3.0694,3.0659,3.0679,29
2026-03-09 20:57:00,3.0624,3.0654,3.0604,3.0639,3.0674,3.0704,3.0654,3.0689,33
2026-03-09 20:58:00,3.0634,3.0634,3.0564,3.0624,3.0684,3.0684,3.0614,3.0674,33
2026-03-09 20:59:00,3.0619,3.0654,3.0609,3.0629,3.0669,3.0704,3.0659,3.0679,45
2026-03-09 21:00:00,3.0634,3.0699,3.0629,3.0644,3.0684,3.0749,3.0679,3.0694,42
2026-03-09 21:01:00,3.0649,3.0664,3.0624,3.0644,3.0699,3.0714,3.0674,3.0694,19
2026-03-09 21:02:00,3.0649,3.0684,3.0644,3.0644,3.0699,3.0734,3.0694,3.0694,34
2026-03-09 21:03:00,3.0654,3.0689,3.0634,3.0654,3.0704,3.0739,3.0684,3.0704,33
2026-03-09 21:04:00,3.0669,3.0704,3.0654,3.0679,3.0719,3.0754,3.0704,3.0729,27
2026-03-09 21:05:00,3.0684,3.0719,3.0649,3.0654,3.0734,3.0769,3.0699,3.0704,24
2026-03-09 21:06:00,3.0649,3.0669,3.0589,3.0619,3.0699,3.0719,3.0639,3.0669,36
2026-03-09 21:07:00,3.0624,3.0624,3.0594,3.0609,3.0674,3.0674,3.0644,3.0659,26
2026-03-09 21:08:00,3.0614,3.0619,3.0504,3.0529,3.0664,3.0669,3.0554,3.0579,56
2026-03-09 21:09:00,3.0524,3.0554,3.0524,3.0549,3.0574,3.0604,3.0574,3.0599,14
2026-03-09 21:10:00,3.0554,3.0559,3.0509,3.0514,3.0604,3.0609,3.0559,3.0564,21
2026-03-09 21:11:00,3.0519,3.0524,3.0479,3.0484,3.0569,3.0574,3.0529,3.0534,22
2026-03-09 21:12:00,3.0479,3.0514,3.0439,3.0514,3.0529,3.0564,3.0489,3.0564,37
2026-03-09 21:13:00,3.0504,3.0504,3.0434,3.0449,3.0554,3.0554,3.0484,3.0499,35
2026-03-09 21:14:00,3.0454,3.0519,3.0434,3.0519,3.0504,3.0569,3.0484,3.0569,35
2026-03-09 21:15:00,3.0524,3.0554,3.0514,3.0554,3.0574,3.0604,3.0564,3.0604,24
2026-03-09 21:16:00,3.0559,3.0604,3.0494,3.0504,3.0609,3.0654,3.0544,3.0554,41
2026-03-09 21:17:00,3.0519,3.0569,3.0509,3.0559,3.0569,3.0619,3.0559,3.0609,37
2026-03-09 21:18:00,3.0549,3.0584,3.0534,3.0554,3.0599,3.0634,3.0584,3.0604,41
2026-03-09 21:19:00,3.0549,3.0559,3.0504,3.0539,3.0599,3.0609,3.0554,3.0589,28
2026-03-09 21:20:00,3.0534,3.0569,3.0529,3.0564,3.0584,3.0619,3.0579,3.0614,15
2026-03-09 21:21:00,3.0559,3.0584,3.0544,3.0569,3.0609,3.0634,3.0594,3.0619,19
2026-03-09 21:22:00,3.0579,3.0649,3.0579,3.0629,3.0629,3.0699,3.0629,3.0679,23
2026-03-09 21:23:00,3.0639,3.0639,3.0589,3.0599,3.0689,3.0689,3.0639,3.0649,19
2026-03-09 21:24:00,3.0584,3.0599,3.0564,3.0589,3.0634,3.0649,3.0614,3.0639,29
2026-03-09 21:25:00,3.0584,3.0589,3.0539,3.0549,3.0634,3.0639,3.0589,3.0599,25
2026-03-09 21:26:00,3.0544,3.0584,3.0544,3.0569,3.0594,3.0634,3.0594,3.0619,17
2026-03-09 21:27:00,3.0574,3.0574,3.0539,3.0559,3.0624,3.0624,3.0589,3.0609,20
2026-03-09 21:28:00,3.0554,3.0554,3.0444,3.0474,3.0604,3.0604,3.0494,3.0524,43
2026-03-09 21:29:00,3.0479,3.0514,3.0459,3.0469,3.0529,3.0564,3.0509,3.0519,26
2026-03-09 21:30:00,3.0464,3.0504,3.0464,3.0469,3.0514,3.0554,3.0514,3.0519,24
2026-03-09 21:31:00,3.0474,3.0484,3.0444,3.0464,3.0524,3.0534,3.0494,3.0514,38
2026-03-09 21:32:00,3.0459,3.0534,3.0459,3.0499,3.0509,3.0584,3.0509,3.0549,29
2026-03-09 21:33:00,3.0504,3.0524,3.0494,3.0519,3.0554,3.0574,3.0544,3.0569,26
2026-03-09 21:34:00,3.0524,3.0599,3.0504,3.0594,3.0574,3.0649,3.0554,3.0644,36
2026-03-09 21:35:00,3.0599,3.0619,3.0589,3.0609,3.0649,3.0669,3.0639,3.0659,19
2026-03-09 21:36:00,3.0594,3.0594,3.0539,3.0559,3.0644,3.0644,3.0589,3.0609,25
2026-03-09 21:37:00,3.0549,3.0599,3.0549,3.0594,3.0599,3.0649,3.0599,3.0644,18
2026-03-09 21:38:00,3.0599,3.0599,3.0574,3.0574,3.0649,3.0649,3.0624,3.0624,23
2026-03-09 21:39:00,3.0569,3.0569,3.0474,3.0504,3.0619,3.0619,3.0524,3.0554,34
2026-03-09 21:40:00,3.0509,3.0509,3.0479,3.0494,3.0559,3.0559,3.0529,3.0544,20
2026-03-09 21:41:00,3.0499,3.0509,3.0489,3.0504,3.0549,3.0559,3.0539,3.0554,15
2026-03-09 21:42:00,3.0509,3.0519,3.0484,3.0484,3.0559,3.0569,3.0534,3.0534,35
2026-03-09 21:43:00,3.0479,3.0569,3.0479,3.0559,3.0529,3.0619,3.0529,3.0609,37
2026-03-09 21:44:00,3.0569,3.0569,3.0524,3.0544,3.0619,3.0619,3.0574,3.0594,22
2026-03-09 21:45:00,3.0539,3.0554,3.0529,3.0539,3.0589,3.0604,3.0579,3.0589,26
2026-03-09 21:46:00,3.0529,3.0529,3.0469,3.0489,3.0579,3.0579,3.0519,3.0539,19
2026-03-09 21:47:00,3.0494,3.0494,3.0439,3.0454,3.0544,3.0544,3.0489,3.0504,30
2026-03-09 21:48:00,3.0449,3.0454,3.0374,3.0374,3.0499,3.0504,3.0424,3.0424,40
2026-03-09 21:49:00,3.0379,3.0394,3.0344,3.0374,3.0429,3.0444,3.0394,3.0424,23
2026-03-09 21:50:00,3.0379,3.0404,3.0359,3.0399,3.0429,3.0454,3.0409,3.0449,20
2026-03-09 21:51:00,3.0394,3.0419,3.0394,3.0409,3.0444,3.0469,3.0444,3.0459,10
2026-03-09 21:52:00,3.0394,3.0409,3.0364,3.0394,3.0444,3.0459,3.0414,3.0444,44
2026-03-09 21:53:00,3.0399,3.0449,3.0384,3.0419,3.0449,3.0499,3.0434,3.0469,20
2026-03-09 21:54:00,3.0424,3.0424,3.0389,3.0404,3.0474,3.0474,3.0439,3.0454,11
2026-03-09 21:55:00,3.0419,3.0424,3.0394,3.0394,3.0469,3.0474,3.0444,3.0444,16
2026-03-09 21:56:00,3.0389,3.0399,3.0374,3.0374,3.0439,3.0449,3.0424,3.0424,12
2026-03-09 21:57:00,3.0379,3.0389,3.0314,3.0334,3.0429,3.0439,3.0364,3.0384,36
2026-03-09 21:58:00,3.0344,3.0359,3.0284,3.0354,3.0394,3.0409,3.0334,3.0404,48
2026-03-09 21:59:00,3.0364,3.0389,3.0274,3.0316,3.0414,3.0439,3.0324,3.0366,87
2026-03-09 23:00:00,3.0411,3.0411,3.0271,3.0321,3.0461,3.0461,3.0321,3.0371,30
2026-03-09 23:01:00,3.0316,3.0596,3.0281,3.0561,3.0366,3.0646,3.0331,3.0611,59
2026-03-09 23:02:00,3.0551,3.0561,3.0461,3.0521,3.0601,3.0611,3.0511,3.0571,63
2026-03-09 23:03:00,3.0526,3.0566,3.0526,3.0531,3.0576,3.0616,3.0576,3.0581,13
2026-03-09 23:04:00,3.0521,3.0541,3.0516,3.0541,3.0571,3.0591,3.0566,3.0591,6
2026-03-09 23:05:00,3.0536,3.0591,3.0536,3.0586,3.0586,3.0641,3.0586,3.0636,12
2026-03-09 23:06:00,3.0591,3.0641,3.0541,3.0641,3.0641,3.0691,3.0591,3.0691,10
2026-03-09 23:07:00,3.0626,3.0661,3.0626,3.0631,3.0676,3.0711,3.0676,3.0681,5
2026-03-09 23:08:00,3.0626,3.0626,3.0596,3.0596,3.0676,3.0676,3.0646,3.0646,5
2026-03-09 23:09:00,3.0581,3.0581,3.0551,3.0556,3.0631,3.0631,3.0601,3.0606,6
2026-03-09 23:10:00,3.0551,3.0666,3.0551,3.0666,3.0601,3.0716,3.0601,3.0716,20
2026-03-09 23:11:00,3.0671,3.0701,3.0661,3.0671,3.0721,3.0751,3.0711,3.0721,11
2026-03-09 23:12:00,3.0691,3.0691,3.0661,3.0676,3.0741,3.0741,3.0711,3.0726,8
2026-03-09 23:13:00,3.0681,3.0716,3.0661,3.0666,3.0731,3.0766,3.0711,3.0716,12
2026-03-09 23:14:00,3.0671,3.0811,3.0671,3.0746,3.0721,3.0861,3.0721,3.0796,27
2026-03-09 23:15:00,3.0741,3.0741,3.0711,3.0736,3.0791,3.0791,3.0761,3.0786,7
2026-03-09 23:17:00,3.0726,3.0741,3.0721,3.0721,3.0776,3.0791,3.0771,3.0771,6
2026-03-09 23:18:00,3.0701,3.0841,3.0701,3.0831,3.0751,3.0891,3.0751,3.0881,25
2026-03-09 23:19:00,3.0826,3.0851,3.0816,3.0851,3.0876,3.0901,3.0866,3.0901,10
2026-03-09 23:20:00,3.0846,3.1116,3.0846,3.1091,3.0896,3.1166,3.0896,3.1141,55
2026-03-09 23:21:00,3.1081,3.1106,3.1051,3.1096,3.1131,3.1156,3.1101,3.1146,14
2026-03-09 23:22:00,3.1101,3.1121,3.1051,3.1081,3.1151,3.1171,3.1101,3.1131,30
2026-03-09 23:23:00,3.1091,3.1091,3.1011,3.1046,3.1141,3.1141,3.1061,3.1096,26
2026-03-09 23:24:00,3.1041,3.1046,3.1011,3.1016,3.1091,3.1096,3.1061,3.1066,23
2026-03-09 23:25:00,3.1011,3.1156,3.0966,3.1111,3.1061,3.1206,3.1016,3.1161,48
2026-03-09 23:26:00,3.1116,3.1116,3.1016,3.1051,3.1166,3.1166,3.1066,3.1101,20
2026-03-09 23:27:00,3.1036,3.1136,3.1036,3.1111,3.1086,3.1186,3.1086,3.1161,19
2026-03-09 23:28:00,3.1106,3.1191,3.1106,3.1136,3.1156,3.1241,3.1156,3.1186,27
2026-03-09 23:29:00,3.1131,3.1131,3.1086,3.1111,3.1181,3.1181,3.1136,3.1161,10
2026-03-09 23:30:00,3.1101,3.1101,3.1021,3.1026,3.1151,3.1151,3.1071,3.1076,19
2026-03-09 23:31:00,3.1031,3.1041,3.0991,3.1031,3.1081,3.1091,3.1041,3.1081,12
2026-03-09 23:32:00,3.1021,3.1121,3.1001,3.1066,3.1071,3.1171,3.1051,3.1116,20
2026-03-09 23:33:00,3.1071,3.1176,3.1001,3.1156,3.1121,3.1226,3.1051,3.1206,54
2026-03-09 23:34:00,3.1151,3.1151,3.1071,3.1071,3.1201,3.1201,3.1121,3.1121,21
2026-03-09 23:35:00,3.1066,3.1066,3.0966,3.0991,3.1116,3.1116,3.1016,3.1041,19
2026-03-09 23:36:00,3.0976,3.0976,3.0826,3.0906,3.1026,3.1026,3.0876,3.0956,45
2026-03-09 23:37:00,3.0926,3.0996,3.0861,3.0881,3.0976,3.1046,3.0911,3.0931,34
2026-03-09 23:38:00,3.0886,3.0941,3.0886,3.0921,3.0936,3.0991,3.0936,3.0971,10
2026-03-09 23:39:00,3.0911,3.0976,3.0896,3.0961,3.0961,3.1026,3.0946,3.1011,20
2026-03-09 23:40:00,3.0971,3.0976,3.0926,3.0931,3.1021,3.1026,3.0976,3.0981,17
2026-03-09 23:41:00,3.0941,3.1016,3.0941,3.0966,3.0991,3.1066,3.0991,3.1016,17
2026-03-09 23:42:00,3.0956,3.0956,3.0921,3.0921,3.1006,3.1006,3.0971,3.0971,7
2026-03-09 23:43:00,3.0926,3.0971,3.0926,3.0966,3.0976,3.1021,3.0976,3.1016,9
2026-03-09 23:44:00,3.0971,3.0976,3.0951,3.0956,3.1021,3.1026,3.1001,3.1006,7
2026-03-09 23:45:00,3.0966,3.0991,3.0951,3.0966,3.1016,3.1041,3.1001,3.1016,15
2026-03-09 23:46:00,3.0976,3.0976,3.0936,3.0941,3.1026,3.1026,3.0986,3.0991,8
2026-03-09 23:47:00,3.0936,3.0936,3.0901,3.0906,3.0986,3.0986,3.0951,3.0956,6
2026-03-09 23:48:00,3.0916,3.0951,3.0901,3.0921,3.0966,3.1001,3.0951,3.0971,10
2026-03-09 23:49:00,3.0926,3.0976,3.0926,3.0966,3.0976,3.1026,3.0976,3.1016,11
2026-03-09 23:50:00,3.0961,3.0961,3.0941,3.0941,3.1011,3.1011,3.0991,3.0991,3
2026-03-09 23:51:00,3.0956,3.1006,3.0926,3.0926,3.1006,3.1056,3.0976,3.0976,22
2026-03-09 23:52:00,3.0951,3.1006,3.0951,3.0966,3.1001,3.1056,3.1001,3.1016,20
2026-03-09 23:53:00,3.0981,3.0986,3.0976,3.0976,3.1031,3.1036,3.1026,3.1026,6
2026-03-09 23:54:00,3.0966,3.0996,3.0936,3.0936,3.1016,3.1046,3.0986,3.0986,10
2026-03-09 23:55:00,3.0941,3.0941,3.0931,3.0936,3.0991,3.0991,3.0981,3.0986,4
2026-03-09 23:56:00,3.0946,3.0946,3.0941,3.0946,3.0996,3.0996,3.0991,3.0996,3
2026-03-09 23:57:00,3.0971,3.0971,3.0911,3.0921,3.1021,3.1021,3.0961,3.0971,12
2026-03-09 23:58:00,3.0916,3.0916,3.0881,3.0891,3.0966,3.0966,3.0931,3.0941,8
2026-03-09 23:59:00,3.0886,3.0931,3.0881,3.0931,3.0936,3.0981,3.0931,3.0981,7
2026-03-10 00:00:00,3.0926,3.0926,3.0901,3.0901,3.0976,3.0976,3.0951,3.0951,8
2026-03-10 00:01:00,3.0916,3.0926,3.0886,3.0896,3.0966,3.0976,3.0936,3.0946,10
2026-03-10 00:02:00,3.0891,3.0906,3.0831,3.0861,3.0941,3.0956,3.0881,3.0911,16
2026-03-10 00:03:00,3.0876,3.0971,3.0866,3.0961,3.0926,3.1021,3.0916,3.1011,12
2026-03-10 00:04:00,3.0956,3.0976,3.0941,3.0951,3.1006,3.1026,3.0991,3.1001,12
2026-03-10 00:05:00,3.0961,3.0971,3.0961,3.0971,3.1011,3.1021,3.1011,3.1021,2
2026-03-10 00:06:00,3.0966,3.0966,3.0936,3.0956,3.1016,3.1016,3.0986,3.1006,6
2026-03-10 00:07:00,3.0966,3.0976,3.0961,3.0961,3.1016,3.1026,3.1011,3.1011,4
2026-03-10 00:08:00,3.0976,3.0976,3.0951,3.0951,3.1026,3.1026,3.1001,3.1001,6
2026-03-10 00:09:00,3.0941,3.0986,3.0941,3.0986,3.0991,3.1036,3.0991,3.1036,4
2026-03-10 00:10:00,3.0981,3.1001,3.0951,3.1001,3.1031,3.1051,3.1001,3.1051,10
2026-03-10 00:11:00,3.0981,3.0981,3.0951,3.0951,3.1031,3.1031,3.1001,3.1001,6
2026-03-10 00:12:00,3.0946,3.0961,3.0946,3.0961,3.0996,3.1011,3.0996,3.1011,3
2026-03-10 00:13:00,3.0951,3.0951,3.0951,3.0951,3.1001,3.1001,3.1001,3.1001,1
2026-03-10 00:14:00,3.0956,3.0956,3.0946,3.0946,3.1006,3.1006,3.0996,3.0996,3
2026-03-10 00:15:00,3.0941,3.0961,3.0941,3.0961,3.0991,3.1011,3.0991,3.1011,6
2026-03-10 00:16:00,3.0956,3.1011,3.0941,3.1011,3.1006,3.1061,3.0991,3.1061,13
2026-03-10 00:17:00,3.1006,3.1021,3.1001,3.1001,3.1056,3.1071,3.1051,3.1051,8
2026-03-10 00:18:00,3.0996,3.0996,3.0956,3.0961,3.1046,3.1046,3.1006,3.1011,7
2026-03-10 00:19:00,3.0951,3.0951,3.0921,3.0936,3.1001,3.1001,3.0971,3.0986,12
2026-03-10 00:20:00,3.0941,3.0946,3.0926,3.0926,3.0991,3.0996,3.0976,3.0976,5
2026-03-10 00:22:00,3.0931,3.0976,3.0931,3.0976,3.0981,3.1026,3.0981,3.1026,8
2026-03-10 00:23:00,3.0961,3.0991,3.0951,3.0986,3.1011,3.1041,3.1001,3.1036,7
2026-03-10 00:24:00,3.0981,3.1001,3.0976,3.1001,3.1031,3.1051,3.1026,3.1051,9
2026-03-10 00:25:00,3.1006,3.1041,3.0991,3.1041,3.1056,3.1091,3.1041,3.1091,13
2026-03-10 00:26:00,3.1036,3.1071,3.1031,3.1071,3.1086,3.1121,3.1081,3.1121,9
2026-03-10 00:27:00,3.1061,3.1091,3.1026,3.1091,3.1111,3.1141,3.1076,3.1141,16
2026-03-10 00:28:00,3.1086,3.1086,3.1056,3.1086,3.1136,3.1136,3.1106,3.1136,7
2026-03-10 00:29:00,3.1091,3.1091,3.1071,3.1071,3.1141,3.1141,3.1121,3.1121,5
2026-03-10 00:30:00,3.1076,3.1101,3.1071,3.1091,3.1126,3.1151,3.1121,3.1141,6
2026-03-10 00:31:00,3.1081,3.1151,3.1061,3.1136,3.1131,3.1201,3.1111,3.1186,14
2026-03-10 00:32:00,3.1131,3.1136,3.1121,3.1121,3.1181,3.1186,3.1171,3.1171,4
2026-03-10 00:33:00,3.1131,3.1131,3.1126,3.1126,3.1181,3.1181,3.1176,3.1176,2
2026-03-10 00:34:00,3.1121,3.1126,3.1096,3.1096,3.1171,3.1176,3.1146,3.1146,7
2026-03-10 00:35:00,3.1091,3.1106,3.1081,3.1101,3.1141,3.1156,3.1131,3.1151,8
2026-03-10 00:36:00,3.1106,3.1121,3.1106,3.1121,3.1156,3.1171,3.1156,3.1171,2
2026-03-10 00:37:00,3.1116,3.1116,3.1076,3.1086,3.1166,3.1166,3.1126,3.1136,8
2026-03-10 00:38:00,3.1091,3.1091,3.1081,3.1081,3.1141,3.1141,3.1131,3.1131,2
2026-03-10 00:39:00,3.1071,3.1101,3.1071,3.1101,3.1121,3.1151,3.1121,3.1151,4
2026-03-10 00:40:00,3.1091,3.1101,3.1091,3.1101,3.1141,3.1151,3.1141,3.1151,2
2026-03-10 00:41:00,3.1096,3.1106,3.1061,3.1096,3.1146,3.1156,3.1111,3.1146,9
2026-03-10 00:42:00,3.1091,3.1091,3.1081,3.1081,3.1141,3.1141,3.1131,3.1131,2
2026-03-10 00:43:00,3.1086,3.1101,3.1076,3.1101,3.1136,3.1151,3.1126,3.1151,6
2026-03-10 00:44:00,3.1116,3.1161,3.1116,3.1156,3.1166,3.1211,3.1166,3.1206,11
2026-03-10 00:45:00,3.1161,3.1171,3.1161,3.1166,3.1211,3.1221,3.1211,3.1216,10
2026-03-10 00:46:00,3.1161,3.1161,3.1131,3.1151,3.1211,3.1211,3.1181,3.1201,10
2026-03-10 00:47:00,3.1146,3.1146,3.1121,3.1121,3.1196,3.1196,3.1171,3.1171,5
2026-03-10 00:48:00,3.1126,3.1151,3.1121,3.1141,3.1176,3.1201,3.1171,3.1191,6
2026-03-10 00:49:00,3.1136,3.1136,3.1131,3.1131,3.1186,3.1186,3.1181,3.1181,2
2026-03-10 00:50:00,3.1121,3.1131,3.1071,3.1086,3.1171,3.1181,3.1121,3.1136,19
2026-03-10 00:51:00,3.1091,3.1141,3.1081,3.1111,3.1141,3.1191,3.1131,3.1161,14
2026-03-10 00:52:00,3.1116,3.1136,3.1116,3.1126,3.1166,3.1186,3.1166,3.1176,5
2026-03-10 00:53:00,3.1121,3.1121,3.1091,3.1106,3.1171,3.1171,3.1141,3.1156,13
2026-03-10 00:54:00,3.1091,3.1121,3.1076,3.1121,3.1141,3.1171,3.1126,3.1171,9
2026-03-10 00:55:00,3.1101,3.1101,3.1096,3.1096,3.1151,3.1151,3.1146,3.1146,2
2026-03-10 00:56:00,3.1091,3.1091,3.1086,3.1086,3.1141,3.1141,3.1136,3.1136,2
2026-03-10 00:58:00,3.1091,3.1106,3.1091,3.1106,3.1141,3.1156,3.1141,3.1156,4
2026-03-10 00:59:00,3.1116,3.1116,3.1081,3.1086,3.1166,3.1166,3.1131,3.1136,6
2026-03-10 01:00:00,3.1081,3.1096,3.1036,3.1091,3.1131,3.1146,3.1086,3.1141,24
2026-03-10 01:01:00,3.1081,3.1081,3.1006,3.1006,3.1131,3.1131,3.1056,3.1056,15
2026-03-10 01:02:00,3.0991,3.0996,3.0966,3.0966,3.1041,3.1046,3.1016,3.1016,14
2026-03-10 01:03:00,3.0971,3.0996,3.0966,3.0986,3.1021,3.1046,3.1016,3.1036,10
2026-03-10 01:04:00,3.0981,3.0996,3.0956,3.0956,3.1031,3.1046,3.1006,3.1006,12
2026-03-10 01:05:00,3.0946,3.0976,3.0936,3.0946,3.0996,3.1026,3.0986,3.0996,18
2026-03-10 01:06:00,3.0951,3.0976,3.0951,3.0961,3.1001,3.1026,3.1001,3.1011,5
2026-03-10 01:07:00,3.0966,3.1001,3.0966,3.0991,3.1016,3.1051,3.1016,3.1041,9
2026-03-10 01:08:00,3.0986,3.0991,3.0946,3.0971,3.1036,3.1041,3.0996,3.1021,13
2026-03-10 01:09:00,3.0976,3.0986,3.0976,3.0981,3.1026,3.1036,3.1026,3.1031,4
2026-03-10 01:10:00,3.0986,3.1001,3.0981,3.1001,3.1036,3.1051,3.1031,3.1051,5
2026-03-10 01:11:00,3.0996,3.1011,3.0996,3.1006,3.1046,3.1061,3.1046,3.1056,4
2026-03-10 01:12:00,3.1011,3.1026,3.0961,3.0961,3.1061,3.1076,3.1011,3.1011,14
2026-03-10 01:13:00,3.0956,3.0966,3.0956,3.0966,3.1006,3.1016,3.1006,3.1016,3
2026-03-10 01:14:00,3.0971,3.0981,3.0971,3.0976,3.1021,3.1031,3.1021,3.1026,3
2026-03-10 01:15:00,3.0981,3.1091,3.0981,3.1066,3.1031,3.1141,3.1031,3.1116,27
2026-03-10 01:16:00,3.1076,3.1081,3.1066,3.1081,3.1126,3.1131,3.1116,3.1131,5
2026-03-10 01:17:00,3.1086,3.1086,3.1076,3.1076,3.1136,3.1136,3.1126,3.1126,3
2026-03-10 01:19:00,3.1081,3.1091,3.1081,3.1086,3.1131,3.1141,3.1131,3.1136,4
2026-03-10 01:20:00,3.1081,3.1081,3.1061,3.1061,3.1131,3.1131,3.1111,3.1111,8
2026-03-10 01:21:00,3.1066,3.1096,3.1066,3.1096,3.1116,3.1146,3.1116,3.1146,4
2026-03-10 01:22:00,3.1091,3.1091,3.1031,3.1031,3.1141,3.1141,3.1081,3.1081,9
2026-03-10 01:23:00,3.1026,3.1026,3.0916,3.0961,3.1076,3.1076,3.0966,3.1011,27
2026-03-10 01:24:00,3.0966,3.0986,3.0941,3.0961,3.1016,3.1036,3.0991,3.1011,10
2026-03-10 01:25:00,3.0956,3.0956,3.0946,3.0951,3.1006,3.1006,3.0996,3.1001,7
2026-03-10 01:26:00,3.0956,3.0956,3.0926,3.0946,3.1006,3.1006,3.0976,3.0996,7
2026-03-10 01:27:00,3.0931,3.0961,3.0886,3.0896,3.0981,3.1011,3.0936,3.0946,27
2026-03-10 01:28:00,3.0891,3.0906,3.0861,3.0876,3.0941,3.0956,3.0911,3.0926,17
2026-03-10 01:29:00,3.0871,3.0881,3.0856,3.0856,3.0921,3.0931,3.0906,3.0906,13
2026-03-10 01:30:00,3.0851,3.0866,3.0786,3.0786,3.0901,3.0916,3.0836,3.0836,19
2026-03-10 01:31:00,3.0781,3.0816,3.0781,3.0781,3.0831,3.0866,3.0831,3.0831,11
2026-03-10 01:32:00,3.0786,3.0796,3.0751,3.0751,3.0836,3.0846,3.0801,3.0801,14
2026-03-10 01:33:00,3.0741,3.0766,3.0716,3.0726,3.0791,3.0816,3.0766,3.0776,15
2026-03-10 01:34:00,3.0731,3.0781,3.0731,3.0761,3.0781,3.0831,3.0781,3.0811,12
2026-03-10 01:35:00,3.0766,3.0766,3.0731,3.0736,3.0816,3.0816,3.0781,3.0786,8
2026-03-10 01:36:00,3.0741,3.0751,3.0741,3.0746,3.0791,3.0801,3.0791,3.0796,4
2026-03-10 01:37:00,3.0751,3.0766,3.0751,3.0756,3.0801,3.0816,3.0801,3.0806,7
2026-03-10 01:38:00,3.0766,3.0766,3.0756,3.0766,3.0816,3.0816,3.0806,3.0816,4
2026-03-10 01:39:00,3.0761,3.0831,3.0761,3.0811,3.0811,3.0881,3.0811,3.0861,11
2026-03-10 01:40:00,3.0816,3.0836,3.0816,3.0831,3.0866,3.0886,3.0866,3.0881,6
2026-03-10 01:41:00,3.0826,3.0836,3.0776,3.0791,3.0876,3.0886,3.0826,3.0841,22
2026-03-10 01:42:00,3.0796,3.0796,3.0766,3.0766,3.0846,3.0846,3.0816,3.0816,9
2026-03-10 01:43:00,3.0756,3.0761,3.0731,3.0736,3.0806,3.0811,3.0781,3.0786,9
2026-03-10 01:44:00,3.0741,3.0746,3.0731,3.0736,3.0791,3.0796,3.0781,3.0786,6
2026-03-10 01:45:00,3.0741,3.0761,3.0736,3.0741,3.0791,3.0811,3.0786,3.0791,12
2026-03-10 01:46:00,3.0736,3.0761,3.0736,3.0761,3.0786,3.0811,3.0786,3.0811,3
2026-03-10 01:47:00,3.0766,3.0786,3.0766,3.0781,3.0816,3.0836,3.0816,3.0831,4
2026-03-10 01:48:00,3.0791,3.0801,3.0781,3.0786,3.0841,3.0851,3.0831,3.0836,7
2026-03-10 01:49:00,3.0791,3.0796,3.0761,3.0771,3.0841,3.0846,3.0811,3.0821,8
2026-03-10 01:50:00,3.0776,3.0801,3.0776,3.0796,3.0826,3.0851,3.0826,3.0846,5
2026-03-10 01:52:00,3.0801,3.0821,3.0801,3.0821,3.0851,3.0871,3.0851,3.0871,5
2026-03-10 01:53:00,3.0831,3.0841,3.0806,3.0826,3.0881,3.0891,3.0856,3.0876,9
2026-03-10 01:54:00,3.0821,3.0826,3.0806,3.0816,3.0871,3.0876,3.0856,3.0866,10
2026-03-10 01:55:00,3.0811,3.0831,3.0806,3.0826,3.0861,3.0881,3.0856,3.0876,15
2026-03-10 01:56:00,3.0831,3.0886,3.0831,3.0871,3.0881,3.0936,3.0881,3.0921,14
2026-03-10 01:57:00,3.0876,3.0916,3.0871,3.0901,3.0926,3.0966,3.0921,3.0951,25
2026-03-10 01:58:00,3.0906,3.0961,3.0906,3.0946,3.0956,3.1011,3.0956,3.0996,10
2026-03-10 01:59:00,3.0951,3.0971,3.0901,3.0906,3.1001,3.1021,3.0951,3.0956,25
2026-03-10 02:00:00,3.0901,3.0916,3.0856,3.0916,3.0951,3.0966,3.0906,3.0966,23
2026-03-10 02:01:00,3.0926,3.0941,3.0876,3.0906,3.0976,3.0991,3.0926,3.0956,17
2026-03-10 02:02:00,3.0896,3.0966,3.0896,3.0916,3.0946,3.1016,3.0946,3.0966,36
2026-03-10 02:03:00,3.0911,3.0926,3.0891,3.0901,3.0961,3.0976,3.0941,3.0951,20
2026-03-10 02:04:00,3.0911,3.0946,3.0876,3.0891,3.0961,3.0996,3.0926,3.0941,18
2026-03-10 02:05:00,3.0901,3.0946,3.0901,3.0906,3.0951,3.0996,3.0951,3.0956,24
2026-03-10 02:06:00,3.0911,3.0931,3.0886,3.0931,3.0961,3.0981,3.0936,3.0981,23
2026-03-10 02:07:00,3.0936,3.0936,3.0861,3.0876,3.0986,3.0986,3.0911,3.0926,15
2026-03-10 02:08:00,3.0881,3.0881,3.0791,3.0826,3.0931,3.0931,3.0841,3.0876,21
2026-03-10 02:09:00,3.0831,3.0841,3.0821,3.0821,3.0881,3.0891,3.0871,3.0871,6
2026-03-10 02:10:00,3.0816,3.0816,3.0791,3.0796,3.0866,3.0866,3.0841,3.0846,12
2026-03-10 02:11:00,3.0801,3.0841,3.0791,3.0841,3.0851,3.0891,3.0841,3.0891,9
2026-03-10 02:12:00,3.0851,3.0876,3.0851,3.0876,3.0901,3.0926,3.0901,3.0926,8
2026-03-10 02:13:00,3.0881,3.0881,3.0841,3.0856,3.0931,3.0931,3.0891,3.0906,17
2026-03-10 02:14:00,3.0851,3.0871,3.0846,3.0861,3.0901,3.0921,3.0896,3.0911,11
2026-03-10 02:15:00,3.0856,3.0866,3.0806,3.0846,3.0906,3.0916,3.0856,3.0896,19
2026-03-10 02:16:00,3.0836,3.0841,3.0801,3.0826,3.0886,3.0891,3.0851,3.0876,28
2026-03-10 02:17:00,3.0841,3.0861,3.0841,3.0861,3.0891,3.0911,3.0891,3.0911,7
2026-03-10 02:18:00,3.0856,3.0881,3.0856,3.0871,3.0906,3.0931,3.0906,3.0921,5
2026-03-10 02:19:00,3.0866,3.0881,3.0851,3.0866,3.0916,3.0931,3.0901,3.0916,21
2026-03-10 02:20:00,3.0871,3.0911,3.0871,3.0911,3.0921,3.0961,3.0921,3.0961,8
2026-03-10 02:21:00,3.0906,3.0931,3.0901,3.0931,3.0956,3.0981,3.0951,3.0981,21
2026-03-10 02:22:00,3.0926,3.0931,3.0916,3.0916,3.0976,3.0981,3.0966,3.0966,19
2026-03-10 02:23:00,3.0921,3.0931,3.0921,3.0926,3.0971,3.0981,3.0971,3.0976,4
2026-03-10 02:24:00,3.0931,3.0936,3.0931,3.0936,3.0981,3.0986,3.0981,3.0986,4
2026-03-10 02:25:00,3.0941,3.0941,3.0931,3.0931,3.0991,3.0991,3.0981,3.0981,2
2026-03-10 02:26:00,3.0926,3.0926,3.0871,3.0886,3.0976,3.0976,3.0921,3.0936,19
2026-03-10 02:27:00,3.0891,3.0921,3.0886,3.0911,3.0941,3.0971,3.0936,3.0961,18
2026-03-10 02:28:00,3.0921,3.0941,3.0911,3.0921,3.0971,3.0991,3.0961,3.0971,12
2026-03-10 02:29:00,3.0931,3.0936,3.0926,3.0931,3.0981,3.0986,3.0976,3.0981,5
2026-03-10 02:30:00,3.0916,3.0921,3.0856,3.0856,3.0966,3.0971,3.0906,3.0906,13
2026-03-10 02:31:00,3.0861,3.0881,3.0861,3.0876,3.0911,3.0931,3.0911,3.0926,6
2026-03-10 02:33:00,3.0861,3.0881,3.0836,3.0881,3.0911,3.0931,3.0886,3.0931,10
2026-03-10 02:34:00,3.0876,3.0886,3.0876,3.0886,3.0926,3.0936,3.0926,3.0936,3
2026-03-10 02:35:00,3.0891,3.0916,3.0876,3.0881,3.0941,3.0966,3.0926,3.0931,13
2026-03-10 02:36:00,3.0876,3.0876,3.0836,3.0856,3.0926,3.0926,3.0886,3.0906,13
2026-03-10 02:37:00,3.0851,3.0856,3.0831,3.0856,3.0901,3.0906,3.0881,3.0906,8
2026-03-10 02:38:00,3.0861,3.0861,3.0856,3.0861,3.0911,3.0911,3.0906,3.0911,3
2026-03-10 02:39:00,3.0866,3.0891,3.0861,3.0866,3.0916,3.0941,3.0911,3.0916,14
2026-03-10 02:40:00,3.0861,3.0876,3.0796,3.0811,3.0911,3.0926,3.0846,3.0861,22
2026-03-10 02:41:00,3.0801,3.0866,3.0801,3.0866,3.0851,3.0916,3.0851,3.0916,11
2026-03-10 02:42:00,3.0871,3.0911,3.0866,3.0911,3.0921,3.0961,3.0916,3.0961,11
2026-03-10 02:43:00,3.0896,3.0896,3.0781,3.0831,3.0946,3.0946,3.0831,3.0881,23
2026-03-10 02:44:00,3.0836,3.0861,3.0836,3.0836,3.0886,3.0911,3.0886,3.0886,7
2026-03-10 02:45:00,3.0851,3.0866,3.0846,3.0866,3.0901,3.0916,3.0896,3.0916,9
2026-03-10 02:46:00,3.0861,3.0861,3.0846,3.0861,3.0911,3.0911,3.0896,3.0911,4
2026-03-10 02:47:00,3.0871,3.0901,3.0871,3.0881,3.0921,3.0951,3.0921,3.0931,11
2026-03-10 02:48:00,3.0891,3.0921,3.0891,3.0891,3.0941,3.0971,3.0941,3.0941,9
2026-03-10 02:49:00,3.0896,3.0896,3.0696,3.0726,3.0946,3.0946,3.0746,3.0776,45
2026-03-10 02:50:00,3.0721,3.0726,3.0701,3.0706,3.0771,3.0776,3.0751,3.0756,19
2026-03-10 02:51:00,3.0691,3.0731,3.0671,3.0726,3.0741,3.0781,3.0721,3.0776,21
2026-03-10 02:52:00,3.0736,3.0736,3.0706,3.0731,3.0786,3.0786,3.0756,3.0781,14
2026-03-10 02:53:00,3.0701,3.0721,3.0651,3.0721,3.0751,3.0771,3.0701,3.0771,22
2026-03-10 02:54:00,3.0706,3.0786,3.0706,3.0786,3.0756,3.0836,3.0756,3.0836,28
2026-03-10 02:55:00,3.0791,3.0796,3.0786,3.0786,3.0841,3.0846,3.0836,3.0836,5
2026-03-10 02:56:00,3.0776,3.0801,3.0776,3.0796,3.0826,3.0851,3.0826,3.0846,27
2026-03-10 02:57:00,3.0801,3.0821,3.0796,3.0821,3.0851,3.0871,3.0846,3.0871,8
2026-03-10 02:58:00,3.0816,3.0826,3.0791,3.0826,3.0866,3.0876,3.0841,3.0876,14
2026-03-10 02:59:00,3.0831,3.0851,3.0801,3.0821,3.0881,3.0901,3.0851,3.0871,12
2026-03-10 03:00:00,3.0816,3.0866,3.0816,3.0861,3.0866,3.0916,3.0866,3.0911,30
2026-03-10 03:01:00,3.0866,3.0866,3.0856,3.0856,3.0916,3.0916,3.0906,3.0906,6
2026-03-10 03:02:00,3.0846,3.0891,3.0846,3.0881,3.0896,3.0941,3.0896,3.0931,10
2026-03-10 03:03:00,3.0891,3.0916,3.0891,3.0896,3.0941,3.0966,3.0941,3.0946,17
2026-03-10 03:04:00,3.0901,3.0901,3.0871,3.0896,3.0951,3.0951,3.0921,3.0946,11
2026-03-10 03:05:00,3.0891,3.0891,3.0886,3.0886,3.0941,3.0941,3.0936,3.0936,2
2026-03-10 03:06:00,3.0881,3.0881,3.0856,3.0856,3.0931,3.0931,3.0906,3.0906,7
2026-03-10 03:07:00,3.0866,3.1231,3.0866,3.1161,3.0916,3.1281,3.0916,3.1211,111
2026-03-10 03:08:00,3.1146,3.1196,3.1101,3.1131,3.1196,3.1246,3.1151,3.1181,64
2026-03-10 03:09:00,3.1146,3.1161,3.1091,3.1106,3.1196,3.1211,3.1141,3.1156,23
2026-03-10 03:10:00,3.1096,3.1106,3.1086,3.1091,3.1146,3.1156,3.1136,3.1141,7
2026-03-10 03:11:00,3.1086,3.1106,3.1056,3.1081,3.1136,3.1156,3.1106,3.1131,23
2026-03-10 03:12:00,3.1086,3.1086,3.1021,3.1031,3.1136,3.1136,3.1071,3.1081,30
2026-03-10 03:13:00,3.1021,3.1031,3.1001,3.1021,3.1071,3.1081,3.1051,3.1071,12
2026-03-10 03:14:00,3.1016,3.1021,3.0946,3.0971,3.1066,3.1071,3.0996,3.1021,27
2026-03-10 03:15:00,3.0986,3.1016,3.0986,3.1016,3.1036,3.1066,3.1036,3.1066,6
2026-03-10 03:16:00,3.1011,3.1026,3.1011,3.1021,3.1061,3.1076,3.1061,3.1071,4
2026-03-10 03:17:00,3.1026,3.1041,3.0996,3.1031,3.1076,3.1091,3.1046,3.1081,15
2026-03-10 03:18:00,3.1036,3.1056,3.1026,3.1056,3.1086,3.1106,3.1076,3.1106,15
2026-03-10 03:19:00,3.1051,3.1051,3.1036,3.1046,3.1101,3.1101,3.1086,3.1096,20
2026-03-10 03:20:00,3.1051,3.1086,3.1051,3.1061,3.1101,3.1136,3.1101,3.1111,16
2026-03-10 03:21:00,3.1046,3.1081,3.1046,3.1066,3.1096,3.1131,3.1096,3.1116,8
2026-03-10 03:22:00,3.1061,3.1066,3.1061,3.1066,3.1111,3.1116,3.1111,3.1116,2
2026-03-10 03:23:00,3.1061,3.1066,3.1061,3.1066,3.1111,3.1116,3.1111,3.1116,2
2026-03-10 03:24:00,3.1061,3.1061,3.1011,3.1031,3.1111,3.1111,3.1061,3.1081,25
2026-03-10 03:25:00,3.1046,3.1076,3.1046,3.1066,3.1096,3.1126,3.1096,3.1116,8
2026-03-10 03:26:00,3.1061,3.1061,3.1056,3.1061,3.1111,3.1111,3.1106,3.1111,5
2026-03-10 03:27:00,3.1066,3.1066,3.1041,3.1041,3.1116,3.1116,3.1091,3.1091,4
2026-03-10 03:28:00,3.1046,3.1056,3.1046,3.1056,3.1096,3.1106,3.1096,3.1106,4
2026-03-10 03:29:00,3.1051,3.1071,3.1051,3.1071,3.1101,3.1121,3.1101,3.1121,5
2026-03-10 03:30:00,3.1066,3.1076,3.1046,3.1066,3.1116,3.1126,3.1096,3.1116,8
2026-03-10 03:31:00,3.1076,3.1121,3.1076,3.1121,3.1126,3.1171,3.1126,3.1171,11
2026-03-10 03:32:00,3.1111,3.1156,3.1106,3.1116,3.1161,3.1206,3.1156,3.1166,39
2026-03-10 03:33:00,3.1111,3.1111,3.1096,3.1106,3.1161,3.1161,3.1146,3.1156,5
2026-03-10 03:34:00,3.1111,3.1136,3.1111,3.1126,3.1161,3.1186,3.1161,3.1176,13
2026-03-10 03:35:00,3.1121,3.1121,3.1091,3.1091,3.1171,3.1171,3.1141,3.1141,7
2026-03-10 03:36:00,3.1096,3.1096,3.1086,3.1086,3.1146,3.1146,3.1136,3.1136,2
2026-03-10 03:37:00,3.1091,3.1096,3.1091,3.1091,3.1141,3.1146,3.1141,3.1141,3
2026-03-10 03:38:00,3.1081,3.1096,3.1081,3.1086,3.1131,3.1146,3.1131,3.1136,7
2026-03-10 03:39:00,3.1091,3.1091,3.1091,3.1091,3.1141,3.1141,3.1141,3.1141,1
2026-03-10 03:40:00,3.1096,3.1136,3.1096,3.1126,3.1146,3.1186,3.1146,3.1176,10
2026-03-10 03:41:00,3.1131,3.1146,3.1121,3.1141,3.1181,3.1196,3.1171,3.1191,21
2026-03-10 03:42:00,3.1146,3.1146,3.1131,3.1131,3.1196,3.1196,3.1181,3.1181,3
2026-03-10 03:43:00,3.1136,3.1161,3.1131,3.1141,3.1186,3.1211,3.1181,3.1191,10
2026-03-10 03:44:00,3.1146,3.1146,3.1146,3.1146,3.1196,3.1196,3.1196,3.1196,1
2026-03-10 03:45:00,3.1151,3.1156,3.1146,3.1156,3.1201,3.1206,3.1196,3.1206,8
2026-03-10 03:46:00,3.1146,3.1171,3.1136,3.1166,3.1196,3.1221,3.1186,3.1216,13
2026-03-10 03:48:00,3.1171,3.1191,3.1146,3.1146,3.1221,3.1241,3.1196,3.1196,31
2026-03-10 03:49:00,3.1156,3.1176,3.1151,3.1156,3.1206,3.1226,3.1201,3.1206,11
2026-03-10 03:50:00,3.1171,3.1181,3.1171,3.1181,3.1221,3.1231,3.1221,3.1231,14
2026-03-10 03:51:00,3.1176,3.1206,3.1171,3.1181,3.1226,3.1256,3.1221,3.1231,34
2026-03-10 03:52:00,3.1176,3.1181,3.1166,3.1166,3.1226,3.1231,3.1216,3.1216,8
2026-03-10 03:53:00,3.1171,3.1191,3.1166,3.1191,3.1221,3.1241,3.1216,3.1241,6
2026-03-10 03:54:00,3.1201,3.1216,3.1196,3.1206,3.1251,3.1266,3.1246,3.1256,15
2026-03-10 03:55:00,3.1196,3.1196,3.1186,3.1191,3.1246,3.1246,3.1236,3.1241,4
2026-03-10 03:56:00,3.1201,3.1201,3.1186,3.1201,3.1251,3.1251,3.1236,3.1251,5
2026-03-10 03:57:00,3.1206,3.1251,3.1206,3.1241,3.1256,3.1301,3.1256,3.1291,20
2026-03-10 03:58:00,3.1231,3.1261,3.1231,3.1251,3.1281,3.1311,3.1281,3.1301,24
2026-03-10 03:59:00,3.1256,3.1256,3.1216,3.1216,3.1306,3.1306,3.1266,3.1266,7
2026-03-10 04:00:00,3.1221,3.1221,3.1201,3.1206,3.1271,3.1271,3.1251,3.1256,8
2026-03-10 04:01:00,3.1201,3.1246,3.1191,3.1246,3.1251,3.1296,3.1241,3.1296,12
2026-03-10 04:02:00,3.1241,3.1246,3.1236,3.1246,3.1291,3.1296,3.1286,3.1296,13
2026-03-10 04:03:00,3.1251,3.1261,3.1241,3.1246,3.1301,3.1311,3.1291,3.1296,7
2026-03-10 04:04:00,3.1251,3.1256,3.1236,3.1246,3.1301,3.1306,3.1286,3.1296,10
2026-03-10 04:05:00,3.1236,3.1236,3.1171,3.1186,3.1286,3.1286,3.1221,3.1236,19
2026-03-10 04:06:00,3.1196,3.1226,3.1191,3.1226,3.1246,3.1276,3.1241,3.1276,14
2026-03-10 04:07:00,3.1236,3.1241,3.1216,3.1221,3.1286,3.1291,3.1266,3.1271,9
2026-03-10 04:08:00,3.1226,3.1251,3.1226,3.1246,3.1276,3.1301,3.1276,3.1296,11
2026-03-10 04:09:00,3.1251,3.1251,3.1251,3.1251,3.1301,3.1301,3.1301,3.1301,1
2026-03-10 04:10:00,3.1246,3.1246,3.1216,3.1246,3.1296,3.1296,3.1266,3.1296,5
2026-03-10 04:11:00,3.1236,3.1246,3.1236,3.1246,3.1286,3.1296,3.1286,3.1296,3
2026-03-10 04:12:00,3.1251,3.1251,3.1226,3.1226,3.1301,3.1301,3.1276,3.1276,4
2026-03-10 04:13:00,3.1236,3.1236,3.1201,3.1206,3.1286,3.1286,3.1251,3.1256,6
2026-03-10 04:14:00,3.1196,3.1196,3.1196,3.1196,3.1246,3.1246,3.1246,3.1246,1
2026-03-10 04:15:00,3.1191,3.1216,3.1191,3.1216,3.1241,3.1266,3.1241,3.1266,4
2026-03-10 04:16:00,3.1221,3.1221,3.1201,3.1216,3.1271,3.1271,3.1251,3.1266,15
2026-03-10 04:17:00,3.1201,3.1201,3.1146,3.1171,3.1251,3.1251,3.1196,3.1221,16
2026-03-10 04:18:00,3.1176,3.1176,3.1166,3.1166,3.1226,3.1226,3.1216,3.1216,5
2026-03-10 04:19:00,3.1171,3.1176,3.1166,3.1176,3.1221,3.1226,3.1216,3.1226,4
2026-03-10 04:20:00,3.1171,3.1171,3.1156,3.1166,3.1221,3.1221,3.1206,3.1216,5
2026-03-10 04:21:00,3.1176,3.1186,3.1176,3.1186,3.1226,3.1236,3.1226,3.1236,3
2026-03-10 04:22:00,3.1196,3.1201,3.1186,3.1186,3.1246,3.1251,3.1236,3.1236,7
2026-03-10 04:23:00,3.1206,3.1206,3.1201,3.1201,3.1256,3.1256,3.1251,3.1251,2
2026-03-10 04:24:00,3.1206,3.1206,3.1186,3.1201,3.1256,3.1256,3.1236,3.1251,10
2026-03-10 04:25:00,3.1191,3.1216,3.1191,3.1216,3.1241,3.1266,3.1241,3.1266,7
2026-03-10 04:26:00,3.1221,3.1251,3.1221,3.1251,3.1271,3.1301,3.1271,3.1301,5
2026-03-10 04:27:00,3.1246,3.1266,3.1236,3.1256,3.1296,3.1316,3.1286,3.1306,6
2026-03-10 04:28:00,3.1261,3.1281,3.1261,3.1261,3.1311,3.1331,3.1311,3.1311,10
2026-03-10 04:29:00,3.1266,3.1301,3.1251,3.1291,3.1316,3.1351,3.1301,3.1341,13
2026-03-10 04:30:00,3.1296,3.1301,3.1171,3.1201,3.1346,3.1351,3.1221,3.1251,66
2026-03-10 04:31:00,3.1196,3.1291,3.1196,3.1276,3.1246,3.1341,3.1246,3.1326,36
2026-03-10 04:32:00,3.1261,3.1271,3.1161,3.1171,3.1311,3.1321,3.1211,3.1221,49
2026-03-10 04:33:00,3.1176,3.1211,3.1176,3.1206,3.1226,3.1261,3.1226,3.1256,25
2026-03-10 04:34:00,3.1201,3.1216,3.1201,3.1211,3.1251,3.1266,3.1251,3.1261,6
2026-03-10 04:35:00,3.1206,3.1231,3.1201,3.1221,3.1256,3.1281,3.1251,3.1271,15
2026-03-10 04:36:00,3.1216,3.1236,3.1216,3.1231,3.1266,3.1286,3.1266,3.1281,21
2026-03-10 04:37:00,3.1236,3.1246,3.1121,3.1121,3.1286,3.1296,3.1171,3.1171,58
2026-03-10 04:38:00,3.1136,3.1181,3.1131,3.1156,3.1186,3.1231,3.1181,3.1206,33
2026-03-10 04:39:00,3.1166,3.1176,3.1121,3.1136,3.1216,3.1226,3.1171,3.1186,16
2026-03-10 04:40:00,3.1146,3.1166,3.1106,3.1111,3.1196,3.1216,3.1156,3.1161,30
2026-03-10 04:41:00,3.1116,3.1126,3.1101,3.1111,3.1166,3.1176,3.1151,3.1161,26
2026-03-10 04:42:00,3.1116,3.1151,3.1111,3.1126,3.1166,3.1201,3.1161,3.1176,17
2026-03-10 04:43:00,3.1131,3.1141,3.1101,3.1121,3.1181,3.1191,3.1151,3.1171,16
2026-03-10 04:44:00,3.1116,3.1141,3.1101,3.1106,3.1166,3.1191,3.1151,3.1156,13
2026-03-10 04:45:00,3.1121,3.1191,3.1121,3.1191,3.1171,3.1241,3.1171,3.1241,16
2026-03-10 04:46:00,3.1196,3.1231,3.1196,3.1211,3.1246,3.1281,3.1246,3.1261,19
2026-03-10 04:47:00,3.1206,3.1271,3.1206,3.1271,3.1256,3.1321,3.1256,3.1321,11
2026-03-10 04:48:00,3.1286,3.1286,3.1236,3.1246,3.1336,3.1336,3.1286,3.1296,16
2026-03-10 04:49:00,3.1251,3.1261,3.1251,3.1261,3.1301,3.1311,3.1301,3.1311,3
2026-03-10 04:50:00,3.1256,3.1316,3.1246,3.1311,3.1306,3.1366,3.1296,3.1361,15
2026-03-10 04:51:00,3.1316,3.1396,3.1311,3.1376,3.1366,3.1446,3.1361,3.1426,36
2026-03-10 04:52:00,3.1386,3.1446,3.1381,3.1401,3.1436,3.1496,3.1431,3.1451,29
2026-03-10 04:53:00,3.1411,3.1451,3.1406,3.1451,3.1461,3.1501,3.1456,3.1501,27
2026-03-10 04:54:00,3.1446,3.1501,3.1446,3.1456,3.1496,3.1551,3.1496,3.1506,39
2026-03-10 04:55:00,3.1441,3.1446,3.1376,3.1386,3.1491,3.1496,3.1426,3.1436,29
2026-03-10 04:56:00,3.1391,3.1441,3.1386,3.1431,3.1441,3.1491,3.1436,3.1481,26
2026-03-10 04:57:00,3.1426,3.1431,3.1346,3.1361,3.1476,3.1481,3.1396,3.1411,31
2026-03-10 04:58:00,3.1356,3.1361,3.1336,3.1341,3.1406,3.1411,3.1386,3.1391,32
2026-03-10 04:59:00,3.1346,3.1361,3.1346,3.1346,3.1396,3.1411,3.1396,3.1396,11
2026-03-10 05:00:00,3.1356,3.1356,3.1341,3.1351,3.1406,3.1406,3.1391,3.1401,5
2026-03-10 05:01:00,3.1356,3.1371,3.1321,3.1366,3.1406,3.1421,3.1371,3.1416,16
2026-03-10 05:02:00,3.1356,3.1356,3.1241,3.1336,3.1406,3.1406,3.1291,3.1386,62
2026-03-10 05:03:00,3.1326,3.1381,3.1321,3.1341,3.1376,3.1431,3.1371,3.1391,24
2026-03-10 05:04:00,3.1346,3.1381,3.1346,3.1366,3.1396,3.1431,3.1396,3.1416,9
2026-03-10 05:05:00,3.1351,3.1351,3.1326,3.1331,3.1401,3.1401,3.1376,3.1381,14
2026-03-10 05:06:00,3.1336,3.1351,3.1336,3.1346,3.1386,3.1401,3.1386,3.1396,8
2026-03-10 05:07:00,3.1336,3.1346,3.1326,3.1336,3.1386,3.1396,3.1376,3.1386,10
2026-03-10 05:08:00,3.1331,3.1331,3.1311,3.1311,3.1381,3.1381,3.1361,3.1361,6
2026-03-10 05:09:00,3.1321,3.1336,3.1311,3.1326,3.1371,3.1386,3.1361,3.1376,14
2026-03-10 05:10:00,3.1321,3.1341,3.1311,3.1311,3.1371,3.1391,3.1361,3.1361,22
2026-03-10 05:11:00,3.1316,3.1326,3.1311,3.1316,3.1366,3.1376,3.1361,3.1366,9
2026-03-10 05:12:00,3.1311,3.1311,3.1291,3.1291,3.1361,3.1361,3.1341,3.1341,3
2026-03-10 05:13:00,3.1296,3.1311,3.1291,3.1291,3.1346,3.1361,3.1341,3.1341,4
2026-03-10 05:14:00,3.1301,3.1311,3.1296,3.1311,3.1351,3.1361,3.1346,3.1361,7
2026-03-10 05:15:00,3.1306,3.1306,3.1271,3.1301,3.1356,3.1356,3.1321,3.1351,13
2026-03-10 05:16:00,3.1281,3.1281,3.1246,3.1246,3.1331,3.1331,3.1296,3.1296,9
2026-03-10 05:17:00,3.1241,3.1246,3.1231,3.1241,3.1291,3.1296,3.1281,3.1291,21
2026-03-10 05:18:00,3.1236,3.1241,3.1231,3.1241,3.1286,3.1291,3.1281,3.1291,3
2026-03-10 05:19:00,3.1231,3.1231,3.1206,3.1231,3.1281,3.1281,3.1256,3.1281,8
2026-03-10 05:20:00,3.1236,3.1266,3.1216,3.1241,3.1286,3.1316,3.1266,3.1291,14
2026-03-10 05:21:00,3.1236,3.1251,3.1196,3.1201,3.1286,3.1301,3.1246,3.1251,25
2026-03-10 05:22:00,3.1206,3.1206,3.1181,3.1191,3.1256,3.1256,3.1231,3.1241,16
2026-03-10 05:23:00,3.1196,3.1206,3.1196,3.1201,3.1246,3.1256,3.1246,3.1251,4
2026-03-10 05:24:00,3.1206,3.1206,3.1191,3.1191,3.1256,3.1256,3.1241,3.1241,3
2026-03-10 05:25:00,3.1196,3.1206,3.1156,3.1161,3.1246,3.1256,3.1206,3.1211,10
2026-03-10 05:26:00,3.1156,3.1166,3.1136,3.1156,3.1206,3.1216,3.1186,3.1206,10
2026-03-10 05:27:00,3.1151,3.1196,3.1151,3.1191,3.1201,3.1246,3.1201,3.1241,23
2026-03-10 05:28:00,3.1201,3.1201,3.1201,3.1201,3.1251,3.1251,3.1251,3.1251,1
2026-03-10 05:30:00,3.1196,3.1196,3.1176,3.1181,3.1246,3.1246,3.1226,3.1231,5
2026-03-10 05:31:00,3.1186,3.1186,3.1131,3.1131,3.1236,3.1236,3.1181,3.1181,16
2026-03-10 05:32:00,3.1136,3.1136,3.1131,3.1131,3.1186,3.1186,3.1181,3.1181,6
2026-03-10 05:33:00,3.1136,3.1146,3.1136,3.1146,3.1186,3.1196,3.1186,3.1196,5
2026-03-10 05:34:00,3.1141,3.1166,3.1141,3.1156,3.1191,3.1216,3.1191,3.1206,7
2026-03-10 05:35:00,3.1161,3.1191,3.1161,3.1186,3.1211,3.1241,3.1211,3.1236,8
2026-03-10 05:37:00,3.1191,3.1201,3.1191,3.1201,3.1241,3.1251,3.1241,3.1251,2
2026-03-10 05:38:00,3.1206,3.1206,3.1201,3.1201,3.1256,3.1256,3.1251,3.1251,2
2026-03-10 05:39:00,3.1191,3.1211,3.1191,3.1191,3.1241,3.1261,3.1241,3.1241,5
2026-03-10 05:40:00,3.1196,3.1221,3.1191,3.1221,3.1246,3.1271,3.1241,3.1271,9
2026-03-10 05:42:00,3.1231,3.1271,3.1231,3.1256,3.1281,3.1321,3.1281,3.1306,34
2026-03-10 05:43:00,3.1241,3.1281,3.1236,3.1276,3.1291,3.1331,3.1286,3.1326,13
2026-03-10 05:44:00,3.1281,3.1281,3.1261,3.1261,3.1331,3.1331,3.1311,3.1311,7
2026-03-10 05:45:00,3.1271,3.1281,3.1271,3.1276,3.1321,3.1331,3.1321,3.1326,3
2026-03-10 05:46:00,3.1271,3.1276,3.1251,3.1271,3.1321,3.1326,3.1301,3.1321,10
2026-03-10 05:47:00,3.1266,3.1316,3.1266,3.1311,3.1316,3.1366,3.1316,3.1361,10
2026-03-10 05:48:00,3.1301,3.1321,3.1296,3.1321,3.1351,3.1371,3.1346,3.1371,7
2026-03-10 05:49:00,3.1326,3.1356,3.1321,3.1351,3.1376,3.1406,3.1371,3.1401,7
2026-03-10 05:50:00,3.1341,3.1386,3.1336,3.1361,3.1391,3.1436,3.1386,3.1411,13
2026-03-10 05:51:00,3.1356,3.1356,3.1321,3.1321,3.1406,3.1406,3.1371,3.1371,18
2026-03-10 05:52:00,3.1316,3.1331,3.1316,3.1331,3.1366,3.1381,3.1366,3.1381,7
2026-03-10 05:53:00,3.1336,3.1341,3.1321,3.1336,3.1386,3.1391,3.1371,3.1386,7
2026-03-10 05:54:00,3.1316,3.1316,3.1316,3.1316,3.1366,3.1366,3.1366,3.1366,1
2026-03-10 05:55:00,3.1321,3.1336,3.1321,3.1336,3.1371,3.1386,3.1371,3.1386,2
2026-03-10 05:56:00,3.1331,3.1331,3.1306,3.1316,3.1381,3.1381,3.1356,3.1366,8
2026-03-10 05:57:00,3.1311,3.1321,3.1271,3.1281,3.1361,3.1371,3.1321,3.1331,12
2026-03-10 05:58:00,3.1291,3.1316,3.1291,3.1316,3.1341,3.1366,3.1341,3.1366,17
2026-03-10 05:59:00,3.1311,3.1316,3.1311,3.1316,3.1361,3.1366,3.1361,3.1366,4
2026-03-10 06:00:00,3.1326,3.1341,3.1326,3.1336,3.1376,3.1391,3.1376,3.1386,4
2026-03-10 06:01:00,3.1331,3.1331,3.1271,3.1271,3.1381,3.1381,3.1321,3.1321,19
2026-03-10 06:02:00,3.1261,3.1281,3.1251,3.1266,3.1311,3.1331,3.1301,3.1316,20
2026-03-10 06:03:00,3.1271,3.1271,3.1251,3.1261,3.1321,3.1321,3.1301,3.1311,9
2026-03-10 06:04:00,3.1256,3.1256,3.1221,3.1221,3.1306,3.1306,3.1271,3.1271,12
2026-03-10 06:05:00,3.1216,3.1221,3.1201,3.1201,3.1266,3.1271,3.1251,3.1251,11
2026-03-10 06:06:00,3.1196,3.1196,3.1056,3.1071,3.1246,3.1246,3.1106,3.1121,38
2026-03-10 06:07:00,3.1081,3.1151,3.1081,3.1151,3.1131,3.1201,3.1131,3.1201,19
2026-03-10 06:08:00,3.1156,3.1171,3.1156,3.1166,3.1206,3.1221,3.1206,3.1216,11
2026-03-10 06:09:00,3.1171,3.1171,3.1091,3.1091,3.1221,3.1221,3.1141,3.1141,12
2026-03-10 06:10:00,3.1096,3.1101,3.1051,3.1061,3.1146,3.1151,3.1101,3.1111,18
2026-03-10 06:11:00,3.1071,3.1116,3.1071,3.1116,3.1121,3.1166,3.1121,3.1166,12
2026-03-10 06:12:00,3.1111,3.1116,3.1096,3.1116,3.1161,3.1166,3.1146,3.1166,7
2026-03-10 06:13:00,3.1121,3.1121,3.1101,3.1101,3.1171,3.1171,3.1151,3.1151,6
2026-03-10 06:14:00,3.1096,3.1111,3.1096,3.1111,3.1146,3.1161,3.1146,3.1161,3
2026-03-10 06:15:00,3.1121,3.1121,3.1121,3.1121,3.1171,3.1171,3.1171,3.1171,1
2026-03-10 06:16:00,3.1126,3.1136,3.1086,3.1121,3.1176,3.1186,3.1136,3.1171,10
2026-03-10 06:17:00,3.1126,3.1126,3.1126,3.1126,3.1176,3.1176,3.1176,3.1176,1
2026-03-10 06:18:00,3.1131,3.1131,3.1121,3.1126,3.1181,3.1181,3.1171,3.1176,5
2026-03-10 06:19:00,3.1121,3.1186,3.1111,3.1161,3.1171,3.1236,3.1161,3.1211,15
2026-03-10 06:20:00,3.1171,3.1171,3.1131,3.1136,3.1221,3.1221,3.1181,3.1186,12
2026-03-10 06:21:00,3.1131,3.1136,3.1131,3.1136,3.1181,3.1186,3.1181,3.1186,2
2026-03-10 06:22:00,3.1151,3.1151,3.1121,3.1136,3.1201,3.1201,3.1171,3.1186,8
2026-03-10 06:23:00,3.1121,3.1126,3.1066,3.1076,3.1171,3.1176,3.1116,3.1126,12
2026-03-10 06:25:00,3.1086,3.1146,3.1086,3.1136,3.1136,3.1196,3.1136,3.1186,14
2026-03-10 06:26:00,3.1141,3.1141,3.1131,3.1131,3.1191,3.1191,3.1181,3.1181,3
2026-03-10 06:27:00,3.1126,3.1136,3.1126,3.1126,3.1176,3.1186,3.1176,3.1176,5
2026-03-10 06:29:00,3.1136,3.1156,3.1126,3.1156,3.1186,3.1206,3.1176,3.1206,7
2026-03-10 06:30:00,3.1161,3.1161,3.1156,3.1156,3.1211,3.1211,3.1206,3.1206,2
2026-03-10 06:31:00,3.1166,3.1166,3.1166,3.1166,3.1216,3.1216,3.1216,3.1216,1
2026-03-10 06:32:00,3.1171,3.1171,3.1086,3.1096,3.1221,3.1221,3.1136,3.1146,23
2026-03-10 06:33:00,3.1106,3.1116,3.1096,3.1101,3.1156,3.1166,3.1146,3.1151,6
2026-03-10 06:34:00,3.1096,3.1111,3.1081,3.1081,3.1146,3.1161,3.1131,3.1131,13
2026-03-10 06:35:00,3.1086,3.1086,3.1041,3.1041,3.1136,3.1136,3.1091,3.1091,22
2026-03-10 06:36:00,3.1046,3.1091,3.1046,3.1086,3.1096,3.1141,3.1096,3.1136,27
2026-03-10 06:37:00,3.1096,3.1106,3.1096,3.1096,3.1146,3.1156,3.1146,3.1146,4
2026-03-10 06:38:00,3.1086,3.1086,3.1066,3.1066,3.1136,3.1136,3.1116,3.1116,7
2026-03-10 06:39:00,3.1071,3.1071,3.1021,3.1051,3.1121,3.1121,3.1071,3.1101,13
2026-03-10 06:40:00,3.1046,3.1111,3.1046,3.1091,3.1096,3.1161,3.1096,3.1141,16
2026-03-10 06:41:00,3.1081,3.1091,3.1076,3.1081,3.1131,3.1141,3.1126,3.1131,7
2026-03-10 06:42:00,3.1091,3.1096,3.1071,3.1071,3.1141,3.1146,3.1121,3.1121,6
2026-03-10 06:43:00,3.1081,3.1091,3.1056,3.1056,3.1131,3.1141,3.1106,3.1106,7
2026-03-10 06:44:00,3.1051,3.1086,3.1041,3.1076,3.1101,3.1136,3.1091,3.1126,9
2026-03-10 06:45:00,3.1071,3.1086,3.1071,3.1086,3.1121,3.1136,3.1121,3.1136,5
2026-03-10 06:46:00,3.1081,3.1081,3.1021,3.1041,3.1131,3.1131,3.1071,3.1091,10
2026-03-10 06:47:00,3.1036,3.1041,3.1026,3.1036,3.1086,3.1091,3.1076,3.1086,8
2026-03-10 06:48:00,3.1031,3.1036,3.1001,3.1016,3.1081,3.1086,3.1051,3.1066,8
2026-03-10 06:49:00,3.1011,3.1056,3.1011,3.1051,3.1061,3.1106,3.1061,3.1101,16
2026-03-10 06:50:00,3.1056,3.1076,3.1056,3.1056,3.1106,3.1126,3.1106,3.1106,7
2026-03-10 06:51:00,3.1071,3.1086,3.1071,3.1086,3.1121,3.1136,3.1121,3.1136,6
2026-03-10 06:52:00,3.1081,3.1086,3.1046,3.1071,3.1131,3.1136,3.1096,3.1121,9
2026-03-10 06:53:00,3.1076,3.1091,3.1031,3.1031,3.1126,3.1141,3.1081,3.1081,17
2026-03-10 06:54:00,3.1041,3.1061,3.1016,3.1016,3.1091,3.1111,3.1066,3.1066,23
2026-03-10 06:55:00,3.1021,3.1036,3.1016,3.1026,3.1071,3.1086,3.1066,3.1076,17
2026-03-10 06:56:00,3.1016,3.1021,3.1011,3.1021,3.1066,3.1071,3.1061,3.1071,3
2026-03-10 06:58:00,3.1026,3.1046,3.1026,3.1041,3.1076,3.1096,3.1076,3.1091,9
2026-03-10 06:59:00,3.1036,3.1046,3.1031,3.1031,3.1086,3.1096,3.1081,3.1081,12
2026-03-10 07:00:00,3.1026,3.1026,3.0996,3.0996,3.1076,3.1076,3.1046,3.1046,16
2026-03-10 07:01:00,3.0991,3.0991,3.0941,3.0941,3.1041,3.1041,3.0991,3.0991,12
2026-03-10 07:02:00,3.0946,3.0946,3.0931,3.0946,3.0996,3.0996,3.0981,3.0996,13
2026-03-10 07:03:00,3.0941,3.0951,3.0931,3.0931,3.0991,3.1001,3.0981,3.0981,10
2026-03-10 07:04:00,3.0936,3.0946,3.0896,3.0906,3.0986,3.0996,3.0946,3.0956,21
2026-03-10 07:05:00,3.0901,3.0906,3.0871,3.0896,3.0951,3.0956,3.0921,3.0946,22
2026-03-10 07:06:00,3.0911,3.0961,3.0891,3.0941,3.0961,3.1011,3.0941,3.0991,25
2026-03-10 07:07:00,3.0951,3.0961,3.0891,3.0911,3.1001,3.1011,3.0941,3.0961,16
2026-03-10 07:08:00,3.0906,3.0946,3.0906,3.0946,3.0956,3.0996,3.0956,3.0996,12
2026-03-10 07:09:00,3.0941,3.0976,3.0911,3.0916,3.0991,3.1026,3.0961,3.0966,24
2026-03-10 07:10:00,3.0931,3.0966,3.0931,3.0941,3.0981,3.1016,3.0981,3.0991,9
2026-03-10 07:11:00,3.0946,3.0981,3.0941,3.0976,3.0996,3.1031,3.0991,3.1026,10
2026-03-10 07:12:00,3.0971,3.1006,3.0971,3.0991,3.1021,3.1056,3.1021,3.1041,13
2026-03-10 07:13:00,3.0996,3.1011,3.0936,3.0946,3.1046,3.1061,3.0986,3.0996,11
2026-03-10 07:14:00,3.0956,3.0991,3.0956,3.0991,3.1006,3.1041,3.1006,3.1041,7
2026-03-10 07:15:00,3.0981,3.0996,3.0966,3.0996,3.1031,3.1046,3.1016,3.1046,5
2026-03-10 07:16:00,3.1001,3.1036,3.1001,3.1026,3.1051,3.1086,3.1051,3.1076,8
2026-03-10 07:17:00,3.1031,3.1031,3.0991,3.1001,3.1081,3.1081,3.1041,3.1051,16
2026-03-10 07:18:00,3.0996,3.0996,3.0971,3.0976,3.1046,3.1046,3.1021,3.1026,4
2026-03-10 07:19:00,3.0991,3.0991,3.0941,3.0961,3.1041,3.1041,3.0991,3.1011,11
2026-03-10 07:20:00,3.0971,3.1116,3.0971,3.1106,3.1021,3.1166,3.1021,3.1156,27
2026-03-10 07:21:00,3.1111,3.1146,3.1051,3.1051,3.1161,3.1196,3.1101,3.1101,16
2026-03-10 07:22:00,3.1061,3.1116,3.1061,3.1111,3.1111,3.1166,3.1111,3.1161,12
2026-03-10 07:23:00,3.1116,3.1136,3.1116,3.1126,3.1166,3.1186,3.1166,3.1176,5
2026-03-10 07:24:00,3.1131,3.1136,3.1131,3.1136,3.1181,3.1186,3.1181,3.1186,2
2026-03-10 07:25:00,3.1141,3.1151,3.1121,3.1126,3.1191,3.1201,3.1171,3.1176,7
2026-03-10 07:26:00,3.1131,3.1146,3.1131,3.1131,3.1181,3.1196,3.1181,3.1181,8
2026-03-10 07:27:00,3.1111,3.1111,3.1051,3.1051,3.1161,3.1161,3.1101,3.1101,17
2026-03-10 07:28:00,3.1056,3.1116,3.1056,3.1116,3.1106,3.1166,3.1106,3.1166,10
2026-03-10 07:29:00,3.1126,3.1146,3.1086,3.1086,3.1176,3.1196,3.1136,3.1136,10
2026-03-10 07:30:00,3.1081,3.1086,3.1056,3.1066,3.1131,3.1136,3.1106,3.1116,12
2026-03-10 07:31:00,3.1081,3.1101,3.1071,3.1081,3.1131,3.1151,3.1121,3.1131,14
2026-03-10 07:32:00,3.1076,3.1091,3.1056,3.1066,3.1126,3.1141,3.1106,3.1116,18
2026-03-10 07:33:00,3.1071,3.1071,3.1036,3.1046,3.1121,3.1121,3.1086,3.1096,13
2026-03-10 07:34:00,3.1051,3.1066,3.0991,3.1011,3.1101,3.1116,3.1041,3.1061,14
2026-03-10 07:35:00,3.1021,3.1101,3.1021,3.1071,3.1071,3.1151,3.1071,3.1121,24
2026-03-10 07:36:00,3.1086,3.1096,3.1086,3.1096,3.1136,3.1146,3.1136,3.1146,5
2026-03-10 07:37:00,3.1091,3.1131,3.1091,3.1101,3.1141,3.1181,3.1141,3.1151,13
2026-03-10 07:38:00,3.1106,3.1116,3.1106,3.1116,3.1156,3.1166,3.1156,3.1166,3
2026-03-10 07:39:00,3.1106,3.1111,3.1101,3.1101,3.1156,3.1161,3.1151,3.1151,5
2026-03-10 07:40:00,3.1096,3.1096,3.1091,3.1096,3.1146,3.1146,3.1141,3.1146,3
2026-03-10 07:41:00,3.1101,3.1116,3.1076,3.1076,3.1151,3.1166,3.1126,3.1126,10
2026-03-10 07:42:00,3.1086,3.1086,3.1051,3.1056,3.1136,3.1136,3.1101,3.1106,8
2026-03-10 07:43:00,3.1051,3.1051,3.1036,3.1041,3.1101,3.1101,3.1086,3.1091,3
2026-03-10 07:44:00,3.1036,3.1051,3.1036,3.1036,3.1086,3.1101,3.1086,3.1086,3
2026-03-10 07:45:00,3.1031,3.1031,3.0991,3.0991,3.1081,3.1081,3.1041,3.1041,15
2026-03-10 07:46:00,3.0996,3.1031,3.0901,3.0911,3.1046,3.1081,3.0951,3.0961,36
2026-03-10 07:47:00,3.0906,3.0971,3.0891,3.0971,3.0956,3.1021,3.0941,3.1021,29
2026-03-10 07:48:00,3.0966,3.0986,3.0961,3.0976,3.1016,3.1036,3.1011,3.1026,8
2026-03-10 07:49:00,3.0981,3.1006,3.0976,3.1001,3.1031,3.1056,3.1026,3.1051,21
2026-03-10 07:50:00,3.1006,3.1036,3.1006,3.1031,3.1056,3.1086,3.1056,3.1081,14
2026-03-10 07:51:00,3.1021,3.1031,3.0966,3.0991,3.1071,3.1081,3.1016,3.1041,26
2026-03-10 07:52:00,3.1001,3.1001,3.0991,3.0996,3.1051,3.1051,3.1041,3.1046,7
2026-03-10 07:53:00,3.1006,3.1021,3.0951,3.1001,3.1056,3.1071,3.1001,3.1051,27
2026-03-10 07:54:00,3.1006,3.1016,3.1001,3.1016,3.1056,3.1066,3.1051,3.1066,6
2026-03-10 07:55:00,3.1011,3.1011,3.0996,3.0996,3.1061,3.1061,3.1046,3.1046,6
2026-03-10 07:56:00,3.0991,3.1021,3.0981,3.0991,3.1041,3.1071,3.1031,3.1041,15
2026-03-10 07:57:00,3.0996,3.1011,3.0996,3.1006,3.1046,3.1061,3.1046,3.1056,5
2026-03-10 07:58:00,3.1001,3.1001,3.0936,3.0941,3.1051,3.1051,3.0986,3.0991,17
2026-03-10 07:59:00,3.0946,3.0956,3.0941,3.0951,3.0996,3.1006,3.0991,3.1001,9
2026-03-10 08:00:00,3.0946,3.1016,3.0946,3.0961,3.0996,3.1066,3.0996,3.1011,41
2026-03-10 08:01:00,3.0966,3.0966,3.0936,3.0941,3.1016,3.1016,3.0986,3.0991,17
2026-03-10 08:02:00,3.0946,3.0971,3.0946,3.0956,3.0996,3.1021,3.0996,3.1006,16
2026-03-10 08:03:00,3.0951,3.0951,3.0891,3.0901,3.1001,3.1001,3.0941,3.0951,27
2026-03-10 08:04:00,3.0896,3.0916,3.0891,3.0901,3.0946,3.0966,3.0941,3.0951,23
2026-03-10 08:05:00,3.0896,3.0901,3.0881,3.0881,3.0946,3.0951,3.0931,3.0931,12
2026-03-10 08:06:00,3.0871,3.0871,3.0806,3.0811,3.0921,3.0921,3.0856,3.0861,54
2026-03-10 08:07:00,3.0816,3.0831,3.0791,3.0806,3.0866,3.0881,3.0841,3.0856,15
2026-03-10 08:08:00,3.0811,3.0821,3.0786,3.0791,3.0861,3.0871,3.0836,3.0841,10
2026-03-10 08:09:00,3.0796,3.0816,3.0761,3.0791,3.0846,3.0866,3.0811,3.0841,37
2026-03-10 08:10:00,3.0796,3.0801,3.0771,3.0791,3.0846,3.0851,3.0821,3.0841,28
2026-03-10 08:11:00,3.0796,3.0811,3.0776,3.0776,3.0846,3.0861,3.0826,3.0826,14
2026-03-10 08:12:00,3.0771,3.0781,3.0741,3.0746,3.0821,3.0831,3.0791,3.0796,10
2026-03-10 08:13:00,3.0741,3.0751,3.0706,3.0706,3.0791,3.0801,3.0756,3.0756,20
2026-03-10 08:14:00,3.0701,3.0796,3.0701,3.0796,3.0751,3.0846,3.0751,3.0846,23
2026-03-10 08:15:00,3.0791,3.0851,3.0791,3.0841,3.0841,3.0901,3.0841,3.0891,25
2026-03-10 08:16:00,3.0846,3.0846,3.0791,3.0791,3.0896,3.0896,3.0841,3.0841,24
2026-03-10 08:17:00,3.0776,3.0781,3.0761,3.0771,3.0826,3.0831,3.0811,3.0821,15
2026-03-10 08:18:00,3.0776,3.0776,3.0731,3.0751,3.0826,3.0826,3.0781,3.0801,13
2026-03-10 08:19:00,3.0761,3.0771,3.0731,3.0741,3.0811,3.0821,3.0781,3.0791,17
2026-03-10 08:20:00,3.0731,3.0731,3.0676,3.0691,3.0781,3.0781,3.0726,3.0741,20
2026-03-10 08:21:00,3.0686,3.0726,3.0661,3.0721,3.0736,3.0776,3.0711,3.0771,27
2026-03-10 08:22:00,3.0701,3.0726,3.0676,3.0696,3.0751,3.0776,3.0726,3.0746,21
2026-03-10 08:23:00,3.0701,3.0716,3.0701,3.0716,3.0751,3.0766,3.0751,3.0766,9
2026-03-10 08:24:00,3.0731,3.0741,3.0651,3.0651,3.0781,3.0791,3.0701,3.0701,32
2026-03-10 08:25:00,3.0641,3.0656,3.0631,3.0631,3.0691,3.0706,3.0681,3.0681,18
2026-03-10 08:26:00,3.0636,3.0641,3.0581,3.0621,3.0686,3.0691,3.0631,3.0671,26
2026-03-10 08:27:00,3.0626,3.0631,3.0606,3.0621,3.0676,3.0681,3.0656,3.0671,22
2026-03-10 08:28:00,3.0616,3.0671,3.0601,3.0661,3.0666,3.0721,3.0651,3.0711,23
2026-03-10 08:29:00,3.0656,3.0671,3.0636,3.0641,3.0706,3.0721,3.0686,3.0691,18
2026-03-10 08:30:00,3.0636,3.0636,3.0581,3.0591,3.0686,3.0686,3.0631,3.0641,24
2026-03-10 08:31:00,3.0586,3.0611,3.0581,3.0596,3.0636,3.0661,3.0631,3.0646,17
2026-03-10 08:32:00,3.0601,3.0646,3.0581,3.0631,3.0651,3.0696,3.0631,3.0681,31
2026-03-10 08:33:00,3.0626,3.0661,3.0621,3.0651,3.0676,3.0711,3.0671,3.0701,19
2026-03-10 08:34:00,3.0666,3.0711,3.0666,3.0711,3.0716,3.0761,3.0716,3.0761,19
2026-03-10 08:35:00,3.0706,3.0731,3.0706,3.0721,3.0756,3.0781,3.0756,3.0771,26
2026-03-10 08:36:00,3.0731,3.0811,3.0726,3.0811,3.0781,3.0861,3.0776,3.0861,28
2026-03-10 08:37:00,3.0801,3.0806,3.0771,3.0781,3.0851,3.0856,3.0821,3.0831,39
2026-03-10 08:38:00,3.0771,3.0781,3.0721,3.0721,3.0821,3.0831,3.0771,3.0771,19
2026-03-10 08:39:00,3.0711,3.0771,3.0711,3.0746,3.0761,3.0821,3.0761,3.0796,29
2026-03-10 08:40:00,3.0756,3.0761,3.0711,3.0716,3.0806,3.0811,3.0761,3.0766,26
2026-03-10 08:41:00,3.0711,3.0751,3.0711,3.0751,3.0761,3.0801,3.0761,3.0801,15
2026-03-10 08:42:00,3.0746,3.0756,3.0726,3.0726,3.0796,3.0806,3.0776,3.0776,13
2026-03-10 08:43:00,3.0721,3.0731,3.0686,3.0686,3.0771,3.0781,3.0736,3.0736,14
2026-03-10 08:44:00,3.0691,3.0721,3.0681,3.0721,3.0741,3.0771,3.0731,3.0771,18
2026-03-10 08:45:00,3.0726,3.0731,3.0706,3.0706,3.0776,3.0781,3.0756,3.0756,14
2026-03-10 08:46:00,3.0701,3.0716,3.0691,3.0701,3.0751,3.0766,3.0741,3.0751,13
2026-03-10 08:47:00,3.0691,3.0706,3.0681,3.0706,3.0741,3.0756,3.0731,3.0756,12
2026-03-10 08:48:00,3.0701,3.0706,3.0631,3.0636,3.0751,3.0756,3.0681,3.0686,23
2026-03-10 08:49:00,3.0641,3.0676,3.0641,3.0656,3.0691,3.0726,3.0691,3.0706,8
2026-03-10 08:50:00,3.0651,3.0686,3.0601,3.0606,3.0701,3.0736,3.0651,3.0656,29
2026-03-10 08:51:00,3.0611,3.0641,3.0601,3.0641,3.0661,3.0691,3.0651,3.0691,25
2026-03-10 08:52:00,3.0636,3.0656,3.0616,3.0656,3.0686,3.0706,3.0666,3.0706,18
2026-03-10 08:53:00,3.0666,3.0701,3.0666,3.0681,3.0716,3.0751,3.0716,3.0731,14
2026-03-10 08:54:00,3.0671,3.0671,3.0646,3.0661,3.0721,3.0721,3.0696,3.0711,16
2026-03-10 08:55:00,3.0671,3.0691,3.0656,3.0656,3.0721,3.0741,3.0706,3.0706,20
2026-03-10 08:56:00,3.0666,3.0681,3.0646,3.0671,3.0716,3.0731,3.0696,3.0721,19
2026-03-10 08:57:00,3.0666,3.0696,3.0656,3.0661,3.0716,3.0746,3.0706,3.0711,19
2026-03-10 08:58:00,3.0656,3.0661,3.0611,3.0621,3.0706,3.0711,3.0661,3.0671,24
2026-03-10 08:59:00,3.0616,3.0646,3.0611,3.0641,3.0666,3.0696,3.0661,3.0691,18
2026-03-10 09:00:00,3.0626,3.0656,3.0601,3.0611,3.0676,3.0706,3.0651,3.0661,39
2026-03-10 09:01:00,3.0606,3.0641,3.0591,3.0641,3.0656,3.0691,3.0641,3.0691,23
2026-03-10 09:02:00,3.0636,3.0676,3.0626,3.0676,3.0686,3.0726,3.0676,3.0726,28
2026-03-10 09:03:00,3.0681,3.0711,3.0646,3.0656,3.0731,3.0761,3.0696,3.0706,23
2026-03-10 09:04:00,3.0661,3.0671,3.0641,3.0666,3.0711,3.0721,3.0691,3.0716,43
2026-03-10 09:05:00,3.0671,3.0686,3.0641,3.0676,3.0721,3.0736,3.0691,3.0726,29
2026-03-10 09:06:00,3.0681,3.0691,3.0656,3.0661,3.0731,3.0741,3.0706,3.0711,11
2026-03-10 09:07:00,3.0666,3.0666,3.0636,3.0636,3.0716,3.0716,3.0686,3.0686,13
2026-03-10 09:08:00,3.0631,3.0636,3.0611,3.0636,3.0681,3.0686,3.0661,3.0686,15
2026-03-10 09:09:00,3.0641,3.0646,3.0611,3.0646,3.0691,3.0696,3.0661,3.0696,28
2026-03-10 09:10:00,3.0636,3.0686,3.0621,3.0671,3.0686,3.0736,3.0671,3.0721,42
2026-03-10 09:11:00,3.0676,3.0676,3.0636,3.0651,3.0726,3.0726,3.0686,3.0701,15
2026-03-10 09:12:00,3.0656,3.0691,3.0646,3.0646,3.0706,3.0741,3.0696,3.0696,15
2026-03-10 09:13:00,3.0641,3.0641,3.0636,3.0636,3.0691,3.0691,3.0686,3.0686,6
2026-03-10 09:14:00,3.0631,3.0671,3.0626,3.0646,3.0681,3.0721,3.0676,3.0696,26
2026-03-10 09:15:00,3.0651,3.0711,3.0651,3.0681,3.0701,3.0761,3.0701,3.0731,21
2026-03-10 09:16:00,3.0686,3.0701,3.0681,3.0701,3.0736,3.0751,3.0731,3.0751,5
2026-03-10 09:17:00,3.0706,3.0721,3.0696,3.0706,3.0756,3.0771,3.0746,3.0756,17
2026-03-10 09:18:00,3.0711,3.0721,3.0676,3.0681,3.0761,3.0771,3.0726,3.0731,19
2026-03-10 09:19:00,3.0686,3.0686,3.0606,3.0641,3.0736,3.0736,3.0656,3.0691,19
2026-03-10 09:20:00,3.0636,3.0676,3.0636,3.0636,3.0686,3.0726,3.0686,3.0686,19
2026-03-10 09:21:00,3.0641,3.0671,3.0621,3.0671,3.0691,3.0721,3.0671,3.0721,23
2026-03-10 09:22:00,3.0666,3.0696,3.0651,3.0671,3.0716,3.0746,3.0701,3.0721,13
2026-03-10 09:23:00,3.0676,3.0761,3.0666,3.0761,3.0726,3.0811,3.0716,3.0811,38
2026-03-10 09:24:00,3.0756,3.0756,3.0741,3.0746,3.0806,3.0806,3.0791,3.0796,5
2026-03-10 09:25:00,3.0751,3.0781,3.0751,3.0771,3.0801,3.0831,3.0801,3.0821,16
2026-03-10 09:26:00,3.0766,3.0776,3.0746,3.0751,3.0816,3.0826,3.0796,3.0801,15
2026-03-10 09:27:00,3.0746,3.0781,3.0741,3.0751,3.0796,3.0831,3.0791,3.0801,18
2026-03-10 09:28:00,3.0756,3.0811,3.0751,3.0811,3.0806,3.0861,3.0801,3.0861,23
2026-03-10 09:29:00,3.0806,3.0806,3.0751,3.0771,3.0856,3.0856,3.0801,3.0821,37
2026-03-10 09:30:00,3.0776,3.0776,3.0731,3.0751,3.0826,3.0826,3.0781,3.0801,27
2026-03-10 09:31:00,3.0756,3.0771,3.0751,3.0771,3.0806,3.0821,3.0801,3.0821,6
2026-03-10 09:32:00,3.0766,3.0781,3.0751,3.0771,3.0816,3.0831,3.0801,3.0821,23
2026-03-10 09:33:00,3.0776,3.0791,3.0766,3.0776,3.0826,3.0841,3.0816,3.0826,14
2026-03-10 09:34:00,3.0771,3.0796,3.0766,3.0781,3.0821,3.0846,3.0816,3.0831,13
2026-03-10 09:35:00,3.0786,3.0791,3.0731,3.0781,3.0836,3.0841,3.0781,3.0831,27
2026-03-10 09:36:00,3.0786,3.0791,3.0761,3.0781,3.0836,3.0841,3.0811,3.0831,11
2026-03-10 09:37:00,3.0786,3.0796,3.0771,3.0796,3.0836,3.0846,3.0821,3.0846,12
2026-03-10 09:38:00,3.0801,3.0831,3.0801,3.0831,3.0851,3.0881,3.0851,3.0881,28
2026-03-10 09:39:00,3.0836,3.0871,3.0826,3.0866,3.0886,3.0921,3.0876,3.0916,31
2026-03-10 09:40:00,3.0871,3.0876,3.0811,3.0821,3.0921,3.0926,3.0861,3.0871,24
2026-03-10 09:41:00,3.0831,3.0876,3.0831,3.0856,3.0881,3.0926,3.0881,3.0906,20
2026-03-10 09:42:00,3.0851,3.0861,3.0846,3.0856,3.0901,3.0911,3.0896,3.0906,7
2026-03-10 09:43:00,3.0866,3.0866,3.0821,3.0856,3.0916,3.0916,3.0871,3.0906,27
2026-03-10 09:44:00,3.0861,3.0871,3.0856,3.0861,3.0911,3.0921,3.0906,3.0911,9
2026-03-10 09:45:00,3.0856,3.0856,3.0821,3.0831,3.0906,3.0906,3.0871,3.0881,19
2026-03-10 09:46:00,3.0826,3.0841,3.0791,3.0821,3.0876,3.0891,3.0841,3.0871,20
2026-03-10 09:47:00,3.0831,3.0836,3.0756,3.0761,3.0881,3.0886,3.0806,3.0811,25
2026-03-10 09:48:00,3.0766,3.0791,3.0766,3.0781,3.0816,3.0841,3.0816,3.0831,6
2026-03-10 09:49:00,3.0786,3.0786,3.0731,3.0771,3.0836,3.0836,3.0781,3.0821,22
2026-03-10 09:50:00,3.0766,3.0781,3.0766,3.0776,3.0816,3.0831,3.0816,3.0826,6
2026-03-10 09:51:00,3.0781,3.0806,3.0766,3.0766,3.0831,3.0856,3.0816,3.0816,13
2026-03-10 09:52:00,3.0761,3.0771,3.0731,3.0736,3.0811,3.0821,3.0781,3.0786,10
2026-03-10 09:53:00,3.0741,3.0741,3.0691,3.0711,3.0791,3.0791,3.0741,3.0761,7
2026-03-10 09:54:00,3.0716,3.0716,3.0696,3.0706,3.0766,3.0766,3.0746,3.0756,12
2026-03-10 09:55:00,3.0711,3.0711,3.0691,3.0691,3.0761,3.0761,3.0741,3.0741,7
2026-03-10 09:56:00,3.0701,3.0766,3.0701,3.0751,3.0751,3.0816,3.0751,3.0801,18
2026-03-10 09:57:00,3.0756,3.0766,3.0741,3.0741,3.0806,3.0816,3.0791,3.0791,6
2026-03-10 09:58:00,3.0751,3.0781,3.0751,3.0781,3.0801,3.0831,3.0801,3.0831,11
2026-03-10 09:59:00,3.0771,3.0786,3.0771,3.0781,3.0821,3.0836,3.0821,3.0831,9
2026-03-10 10:00:00,3.0791,3.0801,3.0756,3.0756,3.0841,3.0851,3.0806,3.0806,17
2026-03-10 10:01:00,3.0751,3.0801,3.0746,3.0796,3.0801,3.0851,3.0796,3.0846,27
2026-03-10 10:02:00,3.0801,3.0881,3.0801,3.0856,3.0851,3.0931,3.0851,3.0906,47
2026-03-10 10:03:00,3.0841,3.0841,3.0761,3.0771,3.0891,3.0891,3.0811,3.0821,18
2026-03-10 10:04:00,3.0756,3.0776,3.0736,3.0756,3.0806,3.0826,3.0786,3.0806,21
2026-03-10 10:05:00,3.0751,3.0756,3.0736,3.0736,3.0801,3.0806,3.0786,3.0786,9
2026-03-10 10:06:00,3.0741,3.0821,3.0731,3.0816,3.0791,3.0871,3.0781,3.0866,29
2026-03-10 10:07:00,3.0811,3.0831,3.0806,3.0816,3.0861,3.0881,3.0856,3.0866,20
2026-03-10 10:08:00,3.0821,3.0821,3.0801,3.0806,3.0871,3.0871,3.0851,3.0856,9
2026-03-10 10:09:00,3.0811,3.0841,3.0811,3.0816,3.0861,3.0891,3.0861,3.0866,13
2026-03-10 10:10:00,3.0821,3.0831,3.0811,3.0831,3.0871,3.0881,3.0861,3.0881,8
2026-03-10 10:11:00,3.0826,3.0831,3.0811,3.0811,3.0876,3.0881,3.0861,3.0861,6
2026-03-10 10:12:00,3.0821,3.0841,3.0821,3.0841,3.0871,3.0891,3.0871,3.0891,7
2026-03-10 10:13:00,3.0846,3.0866,3.0831,3.0851,3.0896,3.0916,3.0881,3.0901,17
2026-03-10 10:14:00,3.0861,3.0861,3.0711,3.0731,3.0911,3.0911,3.0761,3.0781,66
2026-03-10 10:15:00,3.0736,3.0751,3.0726,3.0726,3.0786,3.0801,3.0776,3.0776,16
2026-03-10 10:16:00,3.0731,3.0741,3.0661,3.0686,3.0781,3.0791,3.0711,3.0736,34
2026-03-10 10:17:00,3.0691,3.0701,3.0671,3.0696,3.0741,3.0751,3.0721,3.0746,12
2026-03-10 10:18:00,3.0701,3.0731,3.0676,3.0681,3.0751,3.0781,3.0726,3.0731,14
2026-03-10 10:19:00,3.0666,3.0676,3.0656,3.0666,3.0716,3.0726,3.0706,3.0716,25
2026-03-10 10:20:00,3.0661,3.0661,3.0631,3.0641,3.0711,3.0711,3.0681,3.0691,19
2026-03-10 10:21:00,3.0646,3.0656,3.0611,3.0646,3.0696,3.0706,3.0661,3.0696,31
2026-03-10 10:22:00,3.0641,3.0686,3.0641,3.0671,3.0691,3.0736,3.0691,3.0721,18
2026-03-10 10:23:00,3.0676,3.0686,3.0671,3.0686,3.0726,3.0736,3.0721,3.0736,9
2026-03-10 10:24:00,3.0681,3.0691,3.0656,3.0676,3.0731,3.0741,3.0706,3.0726,29
2026-03-10 10:25:00,3.0681,3.0696,3.0671,3.0696,3.0731,3.0746,3.0721,3.0746,16
2026-03-10 10:26:00,3.0701,3.0701,3.0641,3.0661,3.0751,3.0751,3.0691,3.0711,23
2026-03-10 10:27:00,3.0651,3.0656,3.0621,3.0626,3.0701,3.0706,3.0671,3.0676,26
2026-03-10 10:28:00,3.0621,3.0641,3.0601,3.0631,3.0671,3.0691,3.0651,3.0681,26
2026-03-10 10:29:00,3.0636,3.0651,3.0636,3.0646,3.0686,3.0701,3.0686,3.0696,10
2026-03-10 10:30:00,3.0641,3.0646,3.0606,3.0616,3.0691,3.0696,3.0656,3.0666,13
2026-03-10 10:31:00,3.0621,3.0656,3.0616,3.0646,3.0671,3.0706,3.0666,3.0696,18
2026-03-10 10:32:00,3.0661,3.0661,3.0636,3.0656,3.0711,3.0711,3.0686,3.0706,16
2026-03-10 10:33:00,3.0661,3.0671,3.0641,3.0651,3.0711,3.0721,3.0691,3.0701,9
2026-03-10 10:34:00,3.0646,3.0681,3.0646,3.0681,3.0696,3.0731,3.0696,3.0731,19
2026-03-10 10:35:00,3.0671,3.0686,3.0661,3.0681,3.0721,3.0736,3.0711,3.0731,18
2026-03-10 10:36:00,3.0671,3.0691,3.0656,3.0691,3.0721,3.0741,3.0706,3.0741,10
2026-03-10 10:37:00,3.0686,3.0686,3.0661,3.0666,3.0736,3.0736,3.0711,3.0716,15
2026-03-10 10:38:00,3.0671,3.0676,3.0611,3.0611,3.0721,3.0726,3.0661,3.0661,25
2026-03-10 10:39:00,3.0606,3.0631,3.0601,3.0611,3.0656,3.0681,3.0651,3.0661,16
2026-03-10 10:40:00,3.0616,3.0651,3.0611,3.0641,3.0666,3.0701,3.0661,3.0691,16
2026-03-10 10:41:00,3.0636,3.0641,3.0571,3.0586,3.0686,3.0691,3.0621,3.0636,46
2026-03-10 10:42:00,3.0581,3.0586,3.0561,3.0581,3.0631,3.0636,3.0611,3.0631,16
2026-03-10 10:43:00,3.0586,3.0631,3.0581,3.0616,3.0636,3.0681,3.0631,3.0666,16
2026-03-10 10:44:00,3.0621,3.0661,3.0621,3.0656,3.0671,3.0711,3.0671,3.0706,17
2026-03-10 10:45:00,3.0646,3.0671,3.0646,3.0661,3.0696,3.0721,3.0696,3.0711,16
2026-03-10 10:46:00,3.0656,3.0726,3.0651,3.0711,3.0706,3.0776,3.0701,3.0761,18
2026-03-10 10:47:00,3.0706,3.0711,3.0696,3.0696,3.0756,3.0761,3.0746,3.0746,8
2026-03-10 10:48:00,3.0691,3.0691,3.0641,3.0641,3.0741,3.0741,3.0691,3.0691,12
2026-03-10 10:49:00,3.0631,3.0651,3.0611,3.0651,3.0681,3.0701,3.0661,3.0701,14
2026-03-10 10:50:00,3.0646,3.0681,3.0646,3.0661,3.0696,3.0731,3.0696,3.0711,18
2026-03-10 10:51:00,3.0671,3.0691,3.0651,3.0691,3.0721,3.0741,3.0701,3.0741,19
2026-03-10 10:52:00,3.0686,3.0686,3.0646,3.0656,3.0736,3.0736,3.0696,3.0706,20
2026-03-10 10:53:00,3.0661,3.0696,3.0651,3.0686,3.0711,3.0746,3.0701,3.0736,21
2026-03-10 10:54:00,3.0691,3.0691,3.0671,3.0671,3.0741,3.0741,3.0721,3.0721,3
2026-03-10 10:55:00,3.0681,3.0701,3.0681,3.0701,3.0731,3.0751,3.0731,3.0751,8
2026-03-10 10:56:00,3.0696,3.0731,3.0696,3.0726,3.0746,3.0781,3.0746,3.0776,8
2026-03-10 10:57:00,3.0736,3.0766,3.0736,3.0756,3.0786,3.0816,3.0786,3.0806,26
2026-03-10 10:58:00,3.0766,3.0801,3.0761,3.0781,3.0816,3.0851,3.0811,3.0831,10
2026-03-10 10:59:00,3.0791,3.0821,3.0731,3.0766,3.0841,3.0871,3.0781,3.0816,35
2026-03-10 11:00:00,3.0776,3.0801,3.0761,3.0801,3.0826,3.0851,3.0811,3.0851,14
2026-03-10 11:01:00,3.0806,3.0831,3.0791,3.0791,3.0856,3.0881,3.0841,3.0841,27
2026-03-10 11:02:00,3.0796,3.0816,3.0771,3.0791,3.0846,3.0866,3.0821,3.0841,37
2026-03-10 11:03:00,3.0796,3.0861,3.0791,3.0861,3.0846,3.0911,3.0841,3.0911,24
2026-03-10 11:04:00,3.0866,3.0936,3.0866,3.0916,3.0916,3.0986,3.0916,3.0966,21
2026-03-10 11:05:00,3.0901,3.0921,3.0886,3.0916,3.0951,3.0971,3.0936,3.0966,19
2026-03-10 11:06:00,3.0921,3.0966,3.0921,3.0946,3.0971,3.1016,3.0971,3.0996,19
2026-03-10 11:07:00,3.0951,3.0966,3.0931,3.0966,3.1001,3.1016,3.0981,3.1016,18
2026-03-10 11:08:00,3.0971,3.0991,3.0961,3.0981,3.1021,3.1041,3.1011,3.1031,25
2026-03-10 11:09:00,3.0986,3.1031,3.0981,3.1026,3.1036,3.1081,3.1031,3.1076,45
2026-03-10 11:10:00,3.1021,3.1021,3.0966,3.0981,3.1071,3.1071,3.1016,3.1031,26
2026-03-10 11:11:00,3.0976,3.1001,3.0951,3.1001,3.1026,3.1051,3.1001,3.1051,19
2026-03-10 11:12:00,3.0996,3.1021,3.0986,3.0991,3.1046,3.1071,3.1036,3.1041,16
2026-03-10 11:13:00,3.0996,3.1001,3.0986,3.0991,3.1046,3.1051,3.1036,3.1041,7
2026-03-10 11:14:00,3.0981,3.0996,3.0951,3.0996,3.1031,3.1046,3.1001,3.1046,18
2026-03-10 11:15:00,3.0981,3.0991,3.0971,3.0991,3.1031,3.1041,3.1021,3.1041,16
2026-03-10 11:16:00,3.0996,3.1171,3.0996,3.1161,3.1046,3.1221,3.1046,3.1211,50
2026-03-10 11:17:00,3.1166,3.1181,3.1091,3.1091,3.1216,3.1231,3.1141,3.1141,32
2026-03-10 11:18:00,3.1086,3.1086,3.1041,3.1041,3.1136,3.1136,3.1091,3.1091,16
2026-03-10 11:19:00,3.1036,3.1101,3.1031,3.1076,3.1086,3.1151,3.1081,3.1126,27
2026-03-10 11:20:00,3.1071,3.1086,3.1061,3.1086,3.1121,3.1136,3.1111,3.1136,13
2026-03-10 11:21:00,3.1091,3.1101,3.1041,3.1056,3.1141,3.1151,3.1091,3.1106,17
2026-03-10 11:22:00,3.1051,3.1101,3.1041,3.1071,3.1101,3.1151,3.1091,3.1121,23
2026-03-10 11:23:00,3.1076,3.1091,3.1031,3.1031,3.1126,3.1141,3.1081,3.1081,23
2026-03-10 11:24:00,3.1026,3.1046,3.0931,3.0951,3.1076,3.1096,3.0981,3.1001,43
2026-03-10 11:25:00,3.0956,3.0996,3.0956,3.0991,3.1006,3.1046,3.1006,3.1041,16
2026-03-10 11:26:00,3.0996,3.0996,3.0951,3.0956,3.1046,3.1046,3.1001,3.1006,22
2026-03-10 11:27:00,3.0961,3.1031,3.0961,3.1016,3.1011,3.1081,3.1011,3.1066,18
2026-03-10 11:28:00,3.1021,3.1056,3.1021,3.1051,3.1071,3.1106,3.1071,3.1101,22
2026-03-10 11:29:00,3.1046,3.1081,3.1031,3.1061,3.1096,3.1131,3.1081,3.1111,18
2026-03-10 11:30:00,3.1056,3.1056,3.0981,3.1021,3.1106,3.1106,3.1031,3.1071,47
2026-03-10 11:31:00,3.1026,3.1086,3.1001,3.1076,3.1076,3.1136,3.1051,3.1126,22
2026-03-10 11:32:00,3.1081,3.1136,3.1081,3.1121,3.1131,3.1186,3.1131,3.1171,35
2026-03-10 11:33:00,3.1116,3.1156,3.1111,3.1126,3.1166,3.1206,3.1161,3.1176,21
2026-03-10 11:34:00,3.1161,3.1201,3.1161,3.1201,3.1211,3.1251,3.1211,3.1251,10
2026-03-10 11:35:00,3.1211,3.1211,3.1166,3.1196,3.1261,3.1261,3.1216,3.1246,19
2026-03-10 11:36:00,3.1201,3.1216,3.1191,3.1206,3.1251,3.1266,3.1241,3.1256,32
2026-03-10 11:37:00,3.1201,3.1311,3.1201,3.1256,3.1251,3.1361,3.1251,3.1306,42
2026-03-10 11:38:00,3.1251,3.1301,3.1196,3.1271,3.1301,3.1351,3.1246,3.1321,68
2026-03-10 11:39:00,3.1266,3.1291,3.1256,3.1276,3.1316,3.1341,3.1306,3.1326,39
2026-03-10 11:40:00,3.1271,3.1281,3.1161,3.1216,3.1321,3.1331,3.1211,3.1266,44
2026-03-10 11:41:00,3.1221,3.1301,3.1221,3.1281,3.1271,3.1351,3.1271,3.1331,50
2026-03-10 11:42:00,3.1286,3.1341,3.1286,3.1341,3.1336,3.1391,3.1336,3.1391,41
2026-03-10 11:43:00,3.1336,3.1391,3.1321,3.1381,3.1386,3.1441,3.1371,3.1431,57
2026-03-10 11:44:00,3.1376,3.1391,3.1341,3.1371,3.1426,3.1441,3.1391,3.1421,53
2026-03-10 11:45:00,3.1381,3.1441,3.1371,3.1401,3.1431,3.1491,3.1421,3.1451,36
2026-03-10 11:46:00,3.1406,3.1406,3.1381,3.1401,3.1456,3.1456,3.1431,3.1451,17
2026-03-10 11:47:00,3.1391,3.1406,3.1341,3.1361,3.1441,3.1456,3.1391,3.1411,39
2026-03-10 11:48:00,3.1371,3.1371,3.1331,3.1351,3.1421,3.1421,3.1381,3.1401,33
2026-03-10 11:49:00,3.1346,3.1381,3.1336,3.1371,3.1396,3.1431,3.1386,3.1421,23
2026-03-10 11:50:00,3.1376,3.1401,3.1351,3.1396,3.1426,3.1451,3.1401,3.1446,28
2026-03-10 11:51:00,3.1391,3.1391,3.1341,3.1341,3.1441,3.1441,3.1391,3.1391,13
2026-03-10 11:52:00,3.1336,3.1361,3.1321,3.1346,3.1386,3.1411,3.1371,3.1396,26
2026-03-10 11:53:00,3.1351,3.1361,3.1341,3.1361,3.1401,3.1411,3.1391,3.1411,24
2026-03-10 11:54:00,3.1366,3.1366,3.1331,3.1351,3.1416,3.1416,3.1381,3.1401,18
2026-03-10 11:55:00,3.1356,3.1441,3.1286,3.1291,3.1406,3.1491,3.1336,3.1341,58
2026-03-10 11:56:00,3.1286,3.1311,3.1266,3.1281,3.1336,3.1361,3.1316,3.1331,26
2026-03-10 11:57:00,3.1286,3.1286,3.1236,3.1241,3.1336,3.1336,3.1286,3.1291,25
2026-03-10 11:58:00,3.1236,3.1266,3.1236,3.1266,3.1286,3.1316,3.1286,3.1316,17
2026-03-10 11:59:00,3.1271,3.1291,3.1271,3.1281,3.1321,3.1341,3.1321,3.1331,17
2026-03-10 12:00:00,3.1271,3.1311,3.1221,3.1241,3.1321,3.1361,3.1271,3.1291,51
2026-03-10 12:01:00,3.1231,3.1261,3.1201,3.1261,3.1281,3.1311,3.1251,3.1311,27
2026-03-10 12:02:00,3.1266,3.1311,3.1246,3.1301,3.1316,3.1361,3.1296,3.1351,41
2026-03-10 12:03:00,3.1296,3.1351,3.1286,3.1341,3.1346,3.1401,3.1336,3.1391,31
2026-03-10 12:04:00,3.1351,3.1366,3.0941,3.1031,3.1401,3.1416,3.0991,3.1081,154
2026-03-10 12:05:00,3.1036,3.1081,3.1001,3.1071,3.1086,3.1131,3.1051,3.1121,98
2026-03-10 12:06:00,3.1076,3.1186,3.1076,3.1131,3.1126,3.1236,3.1126,3.1181,75
2026-03-10 12:07:00,3.1136,3.1181,3.1126,3.1176,3.1186,3.1231,3.1176,3.1226,49
2026-03-10 12:08:00,3.1181,3.1301,3.1181,3.1256,3.1231,3.1351,3.1231,3.1306,76
2026-03-10 12:09:00,3.1266,3.1286,3.1191,3.1201,3.1316,3.1336,3.1241,3.1251,38
2026-03-10 12:10:00,3.1196,3.1241,3.1161,3.1236,3.1246,3.1291,3.1211,3.1286,32
2026-03-10 12:11:00,3.1241,3.1281,3.1221,3.1251,3.1291,3.1331,3.1271,3.1301,31
2026-03-10 12:12:00,3.1246,3.1291,3.1236,3.1261,3.1296,3.1341,3.1286,3.1311,25
2026-03-10 12:13:00,3.1271,3.1311,3.1261,3.1306,3.1321,3.1361,3.1311,3.1356,23
2026-03-10 12:14:00,3.1301,3.1351,3.1301,3.1351,3.1351,3.1401,3.1351,3.1401,48
2026-03-10 12:15:00,3.1336,3.1351,3.1316,3.1331,3.1386,3.1401,3.1366,3.1381,32
2026-03-10 12:16:00,3.1326,3.1331,3.1311,3.1316,3.1376,3.1381,3.1361,3.1366,26
2026-03-10 12:17:00,3.1321,3.1331,3.1301,3.1316,3.1371,3.1381,3.1351,3.1366,30
2026-03-10 12:18:00,3.1311,3.1321,3.1301,3.1311,3.1361,3.1371,3.1351,3.1361,22
2026-03-10 12:19:00,3.1321,3.1326,3.1266,3.1271,3.1371,3.1376,3.1316,3.1321,34
2026-03-10 12:20:00,3.1266,3.1336,3.1266,3.1311,3.1316,3.1386,3.1316,3.1361,31
2026-03-10 12:21:00,3.1301,3.1321,3.1286,3.1316,3.1351,3.1371,3.1336,3.1366,32
2026-03-10 12:22:00,3.1306,3.1306,3.1201,3.1216,3.1356,3.1356,3.1251,3.1266,36
2026-03-10 12:23:00,3.1211,3.1211,3.1191,3.1191,3.1261,3.1261,3.1241,3.1241,22
2026-03-10 12:24:00,3.1186,3.1231,3.1186,3.1226,3.1236,3.1281,3.1236,3.1276,25
2026-03-10 12:25:00,3.1221,3.1281,3.1221,3.1266,3.1271,3.1331,3.1271,3.1316,35
2026-03-10 12:26:00,3.1261,3.1316,3.1226,3.1311,3.1311,3.1366,3.1276,3.1361,34
2026-03-10 12:27:00,3.1301,3.1306,3.1266,3.1266,3.1351,3.1356,3.1316,3.1316,33
2026-03-10 12:28:00,3.1271,3.1351,3.1266,3.1311,3.1321,3.1401,3.1316,3.1361,39
2026-03-10 12:29:00,3.1316,3.1351,3.1291,3.1296,3.1366,3.1401,3.1341,3.1346,36
2026-03-10 12:30:00,3.1301,3.1321,3.1271,3.1311,3.1351,3.1371,3.1321,3.1361,29
2026-03-10 12:31:00,3.1321,3.1346,3.1221,3.1226,3.1371,3.1396,3.1271,3.1276,56
2026-03-10 12:32:00,3.1231,3.1271,3.1231,3.1256,3.1281,3.1321,3.1281,3.1306,23
2026-03-10 12:33:00,3.1246,3.1261,3.1171,3.1191,3.1296,3.1311,3.1221,3.1241,47
2026-03-10 12:34:00,3.1196,3.1246,3.1191,3.1246,3.1246,3.1296,3.1241,3.1296,23
2026-03-10 12:35:00,3.1251,3.1261,3.1161,3.1181,3.1301,3.1311,3.1211,3.1231,45
2026-03-10 12:36:00,3.1191,3.1261,3.1191,3.1246,3.1241,3.1311,3.1241,3.1296,32
2026-03-10 12:37:00,3.1256,3.1261,3.1156,3.1181,3.1306,3.1311,3.1206,3.1231,42
2026-03-10 12:38:00,3.1186,3.1201,3.1151,3.1161,3.1236,3.1251,3.1201,3.1211,25
2026-03-10 12:39:00,3.1166,3.1181,3.1121,3.1136,3.1216,3.1231,3.1171,3.1186,49
2026-03-10 12:40:00,3.1146,3.1181,3.1121,3.1121,3.1196,3.1231,3.1171,3.1171,50
2026-03-10 12:41:00,3.1111,3.1126,3.1061,3.1091,3.1161,3.1176,3.1111,3.1141,44
2026-03-10 12:42:00,3.1096,3.1161,3.1046,3.1081,3.1146,3.1211,3.1096,3.1131,44
2026-03-10 12:43:00,3.1086,3.1136,3.1061,3.1116,3.1136,3.1186,3.1111,3.1166,40
2026-03-10 12:44:00,3.1111,3.1116,3.1071,3.1081,3.1161,3.1166,3.1121,3.1131,28
2026-03-10 12:45:00,3.1091,3.1121,3.1076,3.1106,3.1141,3.1171,3.1126,3.1156,29
2026-03-10 12:46:00,3.1116,3.1151,3.1111,3.1141,3.1166,3.1201,3.1161,3.1191,21
2026-03-10 12:47:00,3.1151,3.1161,3.1076,3.1091,3.1201,3.1211,3.1126,3.1141,40
2026-03-10 12:48:00,3.1096,3.1136,3.1091,3.1131,3.1146,3.1186,3.1141,3.1181,26
2026-03-10 12:49:00,3.1136,3.1191,3.1096,3.1131,3.1186,3.1241,3.1146,3.1181,69
2026-03-10 12:50:00,3.1136,3.1151,3.1006,3.1021,3.1186,3.1201,3.1056,3.1071,39
2026-03-10 12:51:00,3.1011,3.1041,3.0951,3.0981,3.1061,3.1091,3.1001,3.1031,38
2026-03-10 12:52:00,3.0986,3.1006,3.0951,3.0996,3.1036,3.1056,3.1001,3.1046,22
2026-03-10 12:53:00,3.0981,3.0981,3.0711,3.0756,3.1031,3.1031,3.0761,3.0806,101
2026-03-10 12:54:00,3.0746,3.0851,3.0731,3.0851,3.0796,3.0901,3.0781,3.0901,57
2026-03-10 12:55:00,3.0861,3.0901,3.0841,3.0901,3.0911,3.0951,3.0891,3.0951,29
2026-03-10 12:56:00,3.0896,3.0941,3.0881,3.0901,3.0946,3.0991,3.0931,3.0951,37
2026-03-10 12:57:00,3.0906,3.0921,3.0856,3.0856,3.0956,3.0971,3.0906,3.0906,43
2026-03-10 12:58:00,3.0866,3.0871,3.0836,3.0856,3.0916,3.0921,3.0886,3.0906,47
2026-03-10 12:59:00,3.0861,3.1021,3.0851,3.0971,3.0911,3.1071,3.0901,3.1021,67
2026-03-10 13:00:00,3.0961,3.1051,3.0931,3.0966,3.1011,3.1101,3.0981,3.1016,96
2026-03-10 13:01:00,3.0976,3.0991,3.0926,3.0961,3.1026,3.1041,3.0976,3.1011,75
2026-03-10 13:02:00,3.0956,3.0971,3.0921,3.0931,3.1006,3.1021,3.0971,3.0981,41
2026-03-10 13:03:00,3.0936,3.0941,3.0871,3.0871,3.0986,3.0991,3.0921,3.0921,63
2026-03-10 13:04:00,3.0876,3.0921,3.0816,3.0821,3.0926,3.0971,3.0866,3.0871,53
2026-03-10 13:05:00,3.0811,3.0811,3.0731,3.0751,3.0861,3.0861,3.0781,3.0801,69
2026-03-10 13:06:00,3.0756,3.0891,3.0756,3.0881,3.0806,3.0941,3.0806,3.0931,67
2026-03-10 13:07:00,3.0876,3.0896,3.0776,3.0891,3.0926,3.0946,3.0826,3.0941,70
2026-03-10 13:08:00,3.0896,3.0936,3.0886,3.0921,3.0946,3.0986,3.0936,3.0971,37
2026-03-10 13:09:00,3.0931,3.0931,3.0821,3.0841,3.0981,3.0981,3.0871,3.0891,53
2026-03-10 13:10:00,3.0836,3.0916,3.0821,3.0836,3.0886,3.0966,3.0871,3.0886,82
2026-03-10 13:11:00,3.0831,3.0841,3.0761,3.0766,3.0881,3.0891,3.0811,3.0816,65
2026-03-10 13:12:00,3.0761,3.0861,3.0761,3.0806,3.0811,3.0911,3.0811,3.0856,42
2026-03-10 13:13:00,3.0801,3.0811,3.0761,3.0771,3.0851,3.0861,3.0811,3.0821,40
2026-03-10 13:14:00,3.0776,3.0846,3.0776,3.0811,3.0826,3.0896,3.0826,3.0861,53
2026-03-10 13:15:00,3.0806,3.0816,3.0761,3.0766,3.0856,3.0866,3.0811,3.0816,34
2026-03-10 13:16:00,3.0761,3.0861,3.0761,3.0811,3.0811,3.0911,3.0811,3.0861,82
2026-03-10 13:17:00,3.0806,3.0846,3.0781,3.0796,3.0856,3.0896,3.0831,3.0846,39
2026-03-10 13:18:00,3.0801,3.0811,3.0741,3.0766,3.0851,3.0861,3.0791,3.0816,43
2026-03-10 13:19:00,3.0756,3.0771,3.0736,3.0766,3.0806,3.0821,3.0786,3.0816,25
2026-03-10 13:20:00,3.0761,3.0801,3.0756,3.0801,3.0811,3.0851,3.0806,3.0851,31
2026-03-10 13:21:00,3.0796,3.0801,3.0701,3.0701,3.0846,3.0851,3.0751,3.0751,41
2026-03-10 13:22:00,3.0706,3.0706,3.0646,3.0676,3.0756,3.0756,3.0696,3.0726,38
2026-03-10 13:23:00,3.0671,3.0711,3.0631,3.0666,3.0721,3.0761,3.0681,3.0716,54
2026-03-10 13:24:00,3.0671,3.0741,3.0671,3.0731,3.0721,3.0791,3.0721,3.0781,35
2026-03-10 13:25:00,3.0736,3.0771,3.0616,3.0641,3.0786,3.0821,3.0666,3.0691,83
2026-03-10 13:26:00,3.0646,3.0661,3.0611,3.0641,3.0696,3.0711,3.0661,3.0691,38
2026-03-10 13:27:00,3.0646,3.0686,3.0631,3.0671,3.0696,3.0736,3.0681,3.0721,45
2026-03-10 13:28:00,3.0661,3.0741,3.0661,3.0706,3.0711,3.0791,3.0711,3.0756,41
2026-03-10 13:29:00,3.0711,3.0766,3.0681,3.0701,3.0761,3.0816,3.0731,3.0751,64
2026-03-10 13:30:00,3.0711,3.0711,3.0661,3.0681,3.0761,3.0761,3.0711,3.0731,54
2026-03-10 13:31:00,3.0691,3.0701,3.0611,3.0651,3.0741,3.0751,3.0661,3.0701,74
2026-03-10 13:32:00,3.0661,3.0711,3.0656,3.0711,3.0711,3.0761,3.0706,3.0761,42
2026-03-10 13:33:00,3.0706,3.0751,3.0651,3.0691,3.0756,3.0801,3.0701,3.0741,75
2026-03-10 13:34:00,3.0686,3.0711,3.0671,3.0701,3.0736,3.0761,3.0721,3.0751,33
2026-03-10 13:35:00,3.0706,3.0731,3.0631,3.0656,3.0756,3.0781,3.0681,3.0706,60
2026-03-10 13:36:00,3.0661,3.0701,3.0641,3.0681,3.0711,3.0751,3.0691,3.0731,43
2026-03-10 13:37:00,3.0691,3.0696,3.0631,3.0676,3.0741,3.0746,3.0681,3.0726,40
2026-03-10 13:38:00,3.0681,3.0686,3.0611,3.0626,3.0731,3.0736,3.0661,3.0676,18
2026-03-10 13:39:00,3.0631,3.0631,3.0551,3.0611,3.0681,3.0681,3.0601,3.0661,46
2026-03-10 13:40:00,3.0601,3.0601,3.0496,3.0496,3.0651,3.0651,3.0546,3.0546,68
2026-03-10 13:41:00,3.0501,3.0511,3.0401,3.0471,3.0551,3.0561,3.0451,3.0521,70
2026-03-10 13:42:00,3.0461,3.0461,3.0321,3.0351,3.0511,3.0511,3.0371,3.0401,92
2026-03-10 13:43:00,3.0346,3.0391,3.0311,3.0331,3.0396,3.0441,3.0361,3.0381,71
2026-03-10 13:44:00,3.0341,3.0341,3.0281,3.0311,3.0391,3.0391,3.0331,3.0361,69
2026-03-10 13:45:00,3.0316,3.0361,3.0286,3.0286,3.0366,3.0411,3.0336,3.0336,102
2026-03-10 13:46:00,3.0296,3.0341,3.0286,3.0321,3.0346,3.0391,3.0336,3.0371,52
2026-03-10 13:47:00,3.0316,3.0351,3.0281,3.0301,3.0366,3.0401,3.0331,3.0351,73
2026-03-10 13:48:00,3.0306,3.0336,3.0281,3.0301,3.0356,3.0386,3.0331,3.0351,53
2026-03-10 13:49:00,3.0296,3.0301,3.0281,3.0301,3.0346,3.0351,3.0331,3.0351,37
2026-03-10 13:50:00,3.0306,3.0336,3.0271,3.0331,3.0356,3.0386,3.0321,3.0381,25
2026-03-10 13:51:00,3.0326,3.0366,3.0286,3.0296,3.0376,3.0416,3.0336,3.0346,54
2026-03-10 13:52:00,3.0301,3.0361,3.0291,3.0326,3.0351,3.0411,3.0341,3.0376,55
2026-03-10 13:53:00,3.0321,3.0331,3.0216,3.0216,3.0371,3.0381,3.0266,3.0266,80
2026-03-10 13:54:00,3.0221,3.0221,3.0121,3.0196,3.0271,3.0271,3.0171,3.0246,105
2026-03-10 13:55:00,3.0181,3.0256,3.0181,3.0251,3.0231,3.0306,3.0231,3.0301,61
2026-03-10 13:56:00,3.0256,3.0291,3.0181,3.0251,3.0306,3.0341,3.0231,3.0301,75
2026-03-10 13:57:00,3.0256,3.0286,3.0211,3.0241,3.0306,3.0336,3.0261,3.0291,67
2026-03-10 13:58:00,3.0246,3.0281,3.0231,3.0261,3.0296,3.0331,3.0281,3.0311,44
2026-03-10 13:59:00,3.0256,3.0311,3.0241,3.0306,3.0306,3.0361,3.0291,3.0356,45
2026-03-10 14:00:00,3.0311,3.0356,3.0201,3.0251,3.0361,3.0406,3.0251,3.0301,141
2026-03-10 14:01:00,3.0261,3.0476,3.0256,3.0466,3.0311,3.0526,3.0306,3.0516,99
2026-03-10 14:02:00,3.0471,3.0581,3.0471,3.0541,3.0521,3.0631,3.0521,3.0591,81
2026-03-10 14:03:00,3.0536,3.0571,3.0456,3.0511,3.0586,3.0621,3.0506,3.0561,91
2026-03-10 14:04:00,3.0501,3.0526,3.0486,3.0501,3.0551,3.0576,3.0536,3.0551,35
2026-03-10 14:05:00,3.0496,3.0496,3.0351,3.0361,3.0546,3.0546,3.0401,3.0411,100
2026-03-10 14:06:00,3.0341,3.0431,3.0291,3.0431,3.0391,3.0481,3.0341,3.0481,66
2026-03-10 14:07:00,3.0436,3.0441,3.0391,3.0431,3.0486,3.0491,3.0441,3.0481,64
2026-03-10 14:08:00,3.0441,3.0491,3.0421,3.0471,3.0491,3.0541,3.0471,3.0521,49
2026-03-10 14:09:00,3.0466,3.0566,3.0466,3.0551,3.0516,3.0616,3.0516,3.0601,55
2026-03-10 14:10:00,3.0561,3.0581,3.0541,3.0561,3.0611,3.0631,3.0591,3.0611,70
2026-03-10 14:11:00,3.0566,3.0566,3.0461,3.0541,3.0616,3.0616,3.0511,3.0591,46
2026-03-10 14:12:00,3.0546,3.0581,3.0516,3.0581,3.0596,3.0631,3.0566,3.0631,42
2026-03-10 14:13:00,3.0586,3.0651,3.0581,3.0626,3.0636,3.0701,3.0631,3.0676,100
2026-03-10 14:14:00,3.0631,3.0641,3.0501,3.0521,3.0681,3.0691,3.0551,3.0571,80
2026-03-10 14:15:00,3.0526,3.0526,3.0471,3.0486,3.0576,3.0576,3.0521,3.0536,53
2026-03-10 14:16:00,3.0471,3.0591,3.0466,3.0591,3.0521,3.0641,3.0516,3.0641,45
2026-03-10 14:17:00,3.0596,3.0631,3.0571,3.0601,3.0646,3.0681,3.0621,3.0651,58
2026-03-10 14:18:00,3.0591,3.0591,3.0531,3.0536,3.0641,3.0641,3.0581,3.0586,33
2026-03-10 14:19:00,3.0526,3.0591,3.0501,3.0581,3.0576,3.0641,3.0551,3.0631,58
2026-03-10 14:20:00,3.0576,3.0591,3.0551,3.0576,3.0626,3.0641,3.0601,3.0626,40
2026-03-10 14:21:00,3.0586,3.0591,3.0511,3.0521,3.0636,3.0641,3.0561,3.0571,49
2026-03-10 14:22:00,3.0516,3.0546,3.0441,3.0461,3.0566,3.0596,3.0491,3.0511,53
2026-03-10 14:23:00,3.0456,3.0461,3.0386,3.0386,3.0506,3.0511,3.0436,3.0436,37
2026-03-10 14:24:00,3.0381,3.0386,3.0311,3.0341,3.0431,3.0436,3.0361,3.0391,58
2026-03-10 14:25:00,3.0331,3.0391,3.0321,3.0381,3.0381,3.0441,3.0371,3.0431,35
2026-03-10 14:26:00,3.0386,3.0406,3.0321,3.0401,3.0436,3.0456,3.0371,3.0451,45
2026-03-10 14:27:00,3.0391,3.0401,3.0351,3.0371,3.0441,3.0451,3.0401,3.0421,27
2026-03-10 14:28:00,3.0381,3.0431,3.0351,3.0401,3.0431,3.0481,3.0401,3.0451,79
2026-03-10 14:29:00,3.0391,3.0391,3.0311,3.0321,3.0441,3.0441,3.0361,3.0371,48
2026-03-10 14:30:00,3.0316,3.0366,3.0261,3.0301,3.0366,3.0416,3.0311,3.0351,81
2026-03-10 14:31:00,3.0306,3.0331,3.0246,3.0251,3.0356,3.0381,3.0296,3.0301,50
2026-03-10 14:32:00,3.0271,3.0311,3.0246,3.0301,3.0321,3.0361,3.0296,3.0351,39
2026-03-10 14:33:00,3.0296,3.0461,3.0286,3.0421,3.0346,3.0511,3.0336,3.0471,106
2026-03-10 14:34:00,3.0426,3.0431,3.0331,3.0351,3.0476,3.0481,3.0381,3.0401,60
2026-03-10 14:35:00,3.0361,3.0401,3.0341,3.0351,3.0411,3.0451,3.0391,3.0401,87
2026-03-10 14:36:00,3.0346,3.0386,3.0346,3.0371,3.0396,3.0436,3.0396,3.0421,25
2026-03-10 14:37:00,3.0366,3.0411,3.0356,3.0406,3.0416,3.0461,3.0406,3.0456,35
2026-03-10 14:38:00,3.0401,3.0406,3.0341,3.0351,3.0451,3.0456,3.0391,3.0401,48
2026-03-10 14:39:00,3.0356,3.0471,3.0356,3.0436,3.0406,3.0521,3.0406,3.0486,62
2026-03-10 14:40:00,3.0431,3.0441,3.0381,3.0436,3.0481,3.0491,3.0431,3.0486,38
2026-03-10 14:41:00,3.0421,3.0496,3.0406,3.0421,3.0471,3.0546,3.0456,3.0471,72
2026-03-10 14:42:00,3.0426,3.0461,3.0351,3.0391,3.0476,3.0511,3.0401,3.0441,58
2026-03-10 14:43:00,3.0396,3.0451,3.0391,3.0416,3.0446,3.0501,3.0441,3.0466,46
2026-03-10 14:44:00,3.0426,3.0446,3.0421,3.0431,3.0476,3.0496,3.0471,3.0481,28
2026-03-10 14:45:00,3.0436,3.0446,3.0411,3.0441,3.0486,3.0496,3.0461,3.0491,27
2026-03-10 14:46:00,3.0436,3.0436,3.0361,3.0381,3.0486,3.0486,3.0411,3.0431,48
2026-03-10 14:47:00,3.0391,3.0501,3.0381,3.0491,3.0441,3.0551,3.0431,3.0541,66
2026-03-10 14:48:00,3.0481,3.0531,3.0481,3.0501,3.0531,3.0581,3.0531,3.0551,40
2026-03-10 14:49:00,3.0491,3.0511,3.0461,3.0471,3.0541,3.0561,3.0511,3.0521,18
2026-03-10 14:50:00,3.0481,3.0491,3.0456,3.0481,3.0531,3.0541,3.0506,3.0531,22
2026-03-10 14:51:00,3.0471,3.0496,3.0391,3.0421,3.0521,3.0546,3.0441,3.0471,56
2026-03-10 14:52:00,3.0441,3.0481,3.0416,3.0416,3.0491,3.0531,3.0466,3.0466,58
2026-03-10 14:53:00,3.0411,3.0446,3.0386,3.0446,3.0461,3.0496,3.0436,3.0496,38
2026-03-10 14:54:00,3.0441,3.0451,3.0406,3.0421,3.0491,3.0501,3.0456,3.0471,44
2026-03-10 14:55:00,3.0431,3.0451,3.0391,3.0451,3.0481,3.0501,3.0441,3.0501,35
2026-03-10 14:56:00,3.0441,3.0441,3.0401,3.0411,3.0491,3.0491,3.0451,3.0461,18
2026-03-10 14:57:00,3.0406,3.0411,3.0351,3.0381,3.0456,3.0461,3.0401,3.0431,53
2026-03-10 14:58:00,3.0386,3.0401,3.0371,3.0381,3.0436,3.0451,3.0421,3.0431,20
2026-03-10 14:59:00,3.0386,3.0421,3.0386,3.0421,3.0436,3.0471,3.0436,3.0471,27
2026-03-10 15:00:00,3.0431,3.0481,3.0381,3.0441,3.0481,3.0531,3.0431,3.0491,61
2026-03-10 15:01:00,3.0436,3.0561,3.0431,3.0521,3.0486,3.0611,3.0481,3.0571,55
2026-03-10 15:02:00,3.0526,3.0621,3.0516,3.0621,3.0576,3.0671,3.0566,3.0671,51
2026-03-10 15:03:00,3.0626,3.0626,3.0581,3.0581,3.0676,3.0676,3.0631,3.0631,29
2026-03-10 15:04:00,3.0576,3.0601,3.0521,3.0546,3.0626,3.0651,3.0571,3.0596,51
2026-03-10 15:05:00,3.0541,3.0611,3.0536,3.0566,3.0591,3.0661,3.0586,3.0616,53
2026-03-10 15:06:00,3.0561,3.0601,3.0551,3.0581,3.0611,3.0651,3.0601,3.0631,51
2026-03-10 15:07:00,3.0571,3.0581,3.0521,3.0541,3.0621,3.0631,3.0571,3.0591,35
2026-03-10 15:08:00,3.0536,3.0561,3.0531,3.0541,3.0586,3.0611,3.0581,3.0591,15
2026-03-10 15:09:00,3.0536,3.0561,3.0531,3.0531,3.0586,3.0611,3.0581,3.0581,21
2026-03-10 15:10:00,3.0526,3.0541,3.0481,3.0491,3.0576,3.0591,3.0531,3.0541,27
2026-03-10 15:11:00,3.0486,3.0521,3.0461,3.0501,3.0536,3.0571,3.0511,3.0551,42
2026-03-10 15:12:00,3.0511,3.0551,3.0501,3.0511,3.0561,3.0601,3.0551,3.0561,40
2026-03-10 15:13:00,3.0506,3.0551,3.0501,3.0511,3.0556,3.0601,3.0551,3.0561,42
2026-03-10 15:14:00,3.0501,3.0531,3.0481,3.0526,3.0551,3.0581,3.0531,3.0576,22
2026-03-10 15:15:00,3.0531,3.0551,3.0511,3.0551,3.0581,3.0601,3.0561,3.0601,35
2026-03-10 15:16:00,3.0556,3.0561,3.0481,3.0521,3.0606,3.0611,3.0531,3.0571,33
2026-03-10 15:17:00,3.0511,3.0541,3.0486,3.0531,3.0561,3.0591,3.0536,3.0581,30
2026-03-10 15:18:00,3.0536,3.0551,3.0521,3.0521,3.0586,3.0601,3.0571,3.0571,29
2026-03-10 15:19:00,3.0511,3.0511,3.0481,3.0496,3.0561,3.0561,3.0531,3.0546,30
2026-03-10 15:20:00,3.0501,3.0541,3.0471,3.0531,3.0551,3.0591,3.0521,3.0581,42
2026-03-10 15:21:00,3.0536,3.0621,3.0531,3.0561,3.0586,3.0671,3.0581,3.0611,45
2026-03-10 15:22:00,3.0556,3.0601,3.0546,3.0601,3.0606,3.0651,3.0596,3.0651,29
2026-03-10 15:23:00,3.0606,3.0681,3.0601,3.0676,3.0656,3.0731,3.0651,3.0726,38
2026-03-10 15:24:00,3.0671,3.0681,3.0651,3.0661,3.0721,3.0731,3.0701,3.0711,41
2026-03-10 15:25:00,3.0656,3.0656,3.0551,3.0566,3.0706,3.0706,3.0601,3.0616,36
2026-03-10 15:26:00,3.0571,3.0641,3.0561,3.0561,3.0621,3.0691,3.0611,3.0611,46
2026-03-10 15:27:00,3.0566,3.0571,3.0541,3.0551,3.0616,3.0621,3.0591,3.0601,27
2026-03-10 15:28:00,3.0546,3.0581,3.0526,3.0571,3.0596,3.0631,3.0576,3.0621,36
2026-03-10 15:29:00,3.0576,3.0656,3.0566,3.0651,3.0626,3.0706,3.0616,3.0701,54
2026-03-10 15:30:00,3.0646,3.0671,3.0561,3.0591,3.0696,3.0721,3.0611,3.0641,67
2026-03-10 15:31:00,3.0596,3.0711,3.0596,3.0696,3.0646,3.0761,3.0646,3.0746,59
2026-03-10 15:32:00,3.0691,3.0751,3.0691,3.0731,3.0741,3.0801,3.0741,3.0781,51
2026-03-10 15:33:00,3.0736,3.0771,3.0691,3.0716,3.0786,3.0821,3.0741,3.0766,70
2026-03-10 15:34:00,3.0721,3.0721,3.0651,3.0676,3.0771,3.0771,3.0701,3.0726,58
2026-03-10 15:35:00,3.0681,3.0701,3.0631,3.0641,3.0731,3.0751,3.0681,3.0691,54
2026-03-10 15:36:00,3.0636,3.0636,3.0581,3.0601,3.0686,3.0686,3.0631,3.0651,38
2026-03-10 15:37:00,3.0606,3.0621,3.0576,3.0601,3.0656,3.0671,3.0626,3.0651,40
2026-03-10 15:38:00,3.0606,3.0631,3.0581,3.0586,3.0656,3.0681,3.0631,3.0636,25
2026-03-10 15:39:00,3.0581,3.0601,3.0531,3.0561,3.0631,3.0651,3.0581,3.0611,53
2026-03-10 15:40:00,3.0571,3.0591,3.0541,3.0561,3.0621,3.0641,3.0591,3.0611,40
2026-03-10 15:41:00,3.0566,3.0566,3.0431,3.0441,3.0616,3.0616,3.0481,3.0491,68
2026-03-10 15:42:00,3.0436,3.0436,3.0281,3.0321,3.0486,3.0486,3.0331,3.0371,76
2026-03-10 15:43:00,3.0316,3.0381,3.0286,3.0336,3.0366,3.0431,3.0336,3.0386,63
2026-03-10 15:44:00,3.0341,3.0371,3.0291,3.0306,3.0391,3.0421,3.0341,3.0356,50
2026-03-10 15:45:00,3.0316,3.0341,3.0276,3.0321,3.0366,3.0391,3.0326,3.0371,59
2026-03-10 15:46:00,3.0331,3.0381,3.0321,3.0376,3.0381,3.0431,3.0371,3.0426,35
2026-03-10 15:47:00,3.0381,3.0411,3.0376,3.0396,3.0431,3.0461,3.0426,3.0446,36
2026-03-10 15:48:00,3.0391,3.0421,3.0371,3.0396,3.0441,3.0471,3.0421,3.0446,51
2026-03-10 15:49:00,3.0401,3.0401,3.0316,3.0331,3.0451,3.0451,3.0366,3.0381,29
2026-03-10 15:50:00,3.0326,3.0331,3.0276,3.0301,3.0376,3.0381,3.0326,3.0351,43
2026-03-10 15:51:00,3.0311,3.0331,3.0271,3.0286,3.0361,3.0381,3.0321,3.0336,36
2026-03-10 15:52:00,3.0296,3.0326,3.0276,3.0281,3.0346,3.0376,3.0326,3.0331,54
2026-03-10 15:53:00,3.0286,3.0301,3.0251,3.0261,3.0336,3.0351,3.0301,3.0311,46
2026-03-10 15:54:00,3.0256,3.0271,3.0221,3.0261,3.0306,3.0321,3.0271,3.0311,57
2026-03-10 15:55:00,3.0266,3.0311,3.0246,3.0301,3.0316,3.0361,3.0296,3.0351,48
2026-03-10 15:56:00,3.0306,3.0421,3.0306,3.0401,3.0356,3.0471,3.0356,3.0451,52
2026-03-10 15:57:00,3.0406,3.0491,3.0401,3.0461,3.0456,3.0541,3.0451,3.0511,41
2026-03-10 15:58:00,3.0456,3.0521,3.0441,3.0481,3.0506,3.0571,3.0491,3.0531,46
2026-03-10 15:59:00,3.0471,3.0481,3.0441,3.0461,3.0521,3.0531,3.0491,3.0511,37
2026-03-10 16:00:00,3.0451,3.0506,3.0441,3.0456,3.0501,3.0556,3.0491,3.0506,44
2026-03-10 16:01:00,3.0461,3.0496,3.0441,3.0451,3.0511,3.0546,3.0491,3.0501,53
2026-03-10 16:02:00,3.0446,3.0451,3.0401,3.0436,3.0496,3.0501,3.0451,3.0486,34
2026-03-10 16:03:00,3.0446,3.0496,3.0441,3.0471,3.0496,3.0546,3.0491,3.0521,30
2026-03-10 16:04:00,3.0461,3.0501,3.0446,3.0491,3.0511,3.0551,3.0496,3.0541,46
2026-03-10 16:05:00,3.0486,3.0531,3.0481,3.0491,3.0536,3.0581,3.0531,3.0541,43
2026-03-10 16:06:00,3.0496,3.0501,3.0471,3.0491,3.0546,3.0551,3.0521,3.0541,36
2026-03-10 16:07:00,3.0496,3.0561,3.0491,3.0551,3.0546,3.0611,3.0541,3.0601,30
2026-03-10 16:08:00,3.0561,3.0571,3.0531,3.0536,3.0611,3.0621,3.0581,3.0586,29
2026-03-10 16:09:00,3.0541,3.0561,3.0511,3.0561,3.0591,3.0611,3.0561,3.0611,23
2026-03-10 16:10:00,3.0566,3.0591,3.0511,3.0561,3.0616,3.0641,3.0561,3.0611,40
2026-03-10 16:11:00,3.0556,3.0621,3.0551,3.0591,3.0606,3.0671,3.0601,3.0641,51
2026-03-10 16:12:00,3.0586,3.0631,3.0576,3.0621,3.0636,3.0681,3.0626,3.0671,33
2026-03-10 16:13:00,3.0631,3.0651,3.0581,3.0591,3.0681,3.0701,3.0631,3.0641,46
2026-03-10 16:14:00,3.0601,3.0646,3.0591,3.0641,3.0651,3.0696,3.0641,3.0691,28
2026-03-10 16:15:00,3.0636,3.0636,3.0551,3.0566,3.0686,3.0686,3.0601,3.0616,46
2026-03-10 16:16:00,3.0576,3.0606,3.0501,3.0501,3.0626,3.0656,3.0551,3.0551,58
2026-03-10 16:17:00,3.0486,3.0486,3.0406,3.0406,3.0536,3.0536,3.0456,3.0456,34
2026-03-10 16:18:00,3.0411,3.0411,3.0346,3.0361,3.0461,3.0461,3.0396,3.0411,47
2026-03-10 16:19:00,3.0356,3.0371,3.0341,3.0371,3.0406,3.0421,3.0391,3.0421,31
2026-03-10 16:20:00,3.0361,3.0486,3.0351,3.0486,3.0411,3.0536,3.0401,3.0536,65
2026-03-10 16:21:00,3.0501,3.0511,3.0461,3.0486,3.0551,3.0561,3.0511,3.0536,35
2026-03-10 16:22:00,3.0491,3.0501,3.0431,3.0431,3.0541,3.0551,3.0481,3.0481,24
2026-03-10 16:23:00,3.0436,3.0501,3.0436,3.0501,3.0486,3.0551,3.0486,3.0551,27
2026-03-10 16:24:00,3.0491,3.0511,3.0471,3.0481,3.0541,3.0561,3.0521,3.0531,29
2026-03-10 16:25:00,3.0471,3.0471,3.0436,3.0456,3.0521,3.0521,3.0486,3.0506,39
2026-03-10 16:26:00,3.0451,3.0461,3.0431,3.0461,3.0501,3.0511,3.0481,3.0511,26
2026-03-10 16:27:00,3.0456,3.0471,3.0431,3.0456,3.0506,3.0521,3.0481,3.0506,27
2026-03-10 16:28:00,3.0461,3.0461,3.0391,3.0411,3.0511,3.0511,3.0441,3.0461,45
2026-03-10 16:29:00,3.0406,3.0421,3.0381,3.0406,3.0456,3.0471,3.0431,3.0456,33
2026-03-10 16:30:00,3.0396,3.0551,3.0391,3.0521,3.0446,3.0601,3.0441,3.0571,62
2026-03-10 16:31:00,3.0526,3.0526,3.0441,3.0446,3.0576,3.0576,3.0491,3.0496,48
2026-03-10 16:32:00,3.0451,3.0481,3.0441,3.0451,3.0501,3.0531,3.0491,3.0501,34
2026-03-10 16:33:00,3.0441,3.0461,3.0411,3.0411,3.0491,3.0511,3.0461,3.0461,34
2026-03-10 16:34:00,3.0406,3.0411,3.0381,3.0401,3.0456,3.0461,3.0431,3.0451,26
2026-03-10 16:35:00,3.0396,3.0401,3.0361,3.0371,3.0446,3.0451,3.0411,3.0421,47
2026-03-10 16:36:00,3.0381,3.0411,3.0371,3.0411,3.0431,3.0461,3.0421,3.0461,31
2026-03-10 16:37:00,3.0416,3.0461,3.0416,3.0421,3.0466,3.0511,3.0466,3.0471,46
2026-03-10 16:38:00,3.0416,3.0421,3.0361,3.0361,3.0466,3.0471,3.0411,3.0411,22
2026-03-10 16:39:00,3.0366,3.0381,3.0341,3.0371,3.0416,3.0431,3.0391,3.0421,36
2026-03-10 16:40:00,3.0366,3.0366,3.0311,3.0336,3.0416,3.0416,3.0361,3.0386,35
2026-03-10 16:41:00,3.0341,3.0351,3.0331,3.0341,3.0391,3.0401,3.0381,3.0391,21
2026-03-10 16:42:00,3.0336,3.0336,3.0291,3.0306,3.0386,3.0386,3.0341,3.0356,45
2026-03-10 16:43:00,3.0301,3.0336,3.0301,3.0311,3.0351,3.0386,3.0351,3.0361,34
2026-03-10 16:44:00,3.0321,3.0361,3.0321,3.0336,3.0371,3.0411,3.0371,3.0386,42
2026-03-10 16:45:00,3.0351,3.0431,3.0336,3.0431,3.0401,3.0481,3.0386,3.0481,24
2026-03-10 16:46:00,3.0426,3.0431,3.0391,3.0431,3.0476,3.0481,3.0441,3.0481,31
2026-03-10 16:47:00,3.0441,3.0481,3.0421,3.0481,3.0491,3.0531,3.0471,3.0531,32
2026-03-10 16:48:00,3.0486,3.0531,3.0451,3.0471,3.0536,3.0581,3.0501,3.0521,46
2026-03-10 16:49:00,3.0461,3.0531,3.0461,3.0521,3.0511,3.0581,3.0511,3.0571,30
2026-03-10 16:50:00,3.0516,3.0516,3.0421,3.0431,3.0566,3.0566,3.0471,3.0481,40
2026-03-10 16:51:00,3.0426,3.0426,3.0386,3.0401,3.0476,3.0476,3.0436,3.0451,33
2026-03-10 16:52:00,3.0396,3.0396,3.0341,3.0341,3.0446,3.0446,3.0391,3.0391,26
2026-03-10 16:53:00,3.0331,3.0371,3.0331,3.0341,3.0381,3.0421,3.0381,3.0391,28
2026-03-10 16:54:00,3.0346,3.0376,3.0341,3.0366,3.0396,3.0426,3.0391,3.0416,28
2026-03-10 16:55:00,3.0361,3.0391,3.0361,3.0381,3.0411,3.0441,3.0411,3.0431,46
2026-03-10 16:56:00,3.0376,3.0386,3.0341,3.0361,3.0426,3.0436,3.0391,3.0411,24
2026-03-10 16:57:00,3.0371,3.0391,3.0351,3.0351,3.0421,3.0441,3.0401,3.0401,27
2026-03-10 16:58:00,3.0361,3.0361,3.0321,3.0341,3.0411,3.0411,3.0371,3.0391,20
2026-03-10 16:59:00,3.0351,3.0361,3.0331,3.0346,3.0401,3.0411,3.0381,3.0396,37
2026-03-10 17:00:00,3.0341,3.0381,3.0331,3.0351,3.0391,3.0431,3.0381,3.0401,38
2026-03-10 17:01:00,3.0346,3.0366,3.0341,3.0356,3.0396,3.0416,3.0391,3.0406,29
2026-03-10 17:02:00,3.0361,3.0381,3.0356,3.0371,3.0411,3.0431,3.0406,3.0421,22
2026-03-10 17:03:00,3.0361,3.0371,3.0351,3.0361,3.0411,3.0421,3.0401,3.0411,6
2026-03-10 17:04:00,3.0371,3.0401,3.0361,3.0401,3.0421,3.0451,3.0411,3.0451,21
2026-03-10 17:05:00,3.0391,3.0421,3.0371,3.0381,3.0441,3.0471,3.0421,3.0431,40
2026-03-10 17:06:00,3.0371,3.0386,3.0341,3.0381,3.0421,3.0436,3.0391,3.0431,14
2026-03-10 17:07:00,3.0371,3.0441,3.0371,3.0431,3.0421,3.0491,3.0421,3.0481,24
2026-03-10 17:08:00,3.0426,3.0511,3.0421,3.0511,3.0476,3.0561,3.0471,3.0561,38
2026-03-10 17:09:00,3.0506,3.0531,3.0461,3.0501,3.0556,3.0581,3.0511,3.0551,47
2026-03-10 17:10:00,3.0496,3.0511,3.0466,3.0481,3.0546,3.0561,3.0516,3.0531,25
2026-03-10 17:11:00,3.0476,3.0541,3.0471,3.0541,3.0526,3.0591,3.0521,3.0591,30
2026-03-10 17:12:00,3.0531,3.0531,3.0456,3.0501,3.0581,3.0581,3.0506,3.0551,51
2026-03-10 17:13:00,3.0506,3.0511,3.0466,3.0471,3.0556,3.0561,3.0516,3.0521,38
2026-03-10 17:14:00,3.0461,3.0471,3.0431,3.0461,3.0511,3.0521,3.0481,3.0511,46
2026-03-10 17:15:00,3.0466,3.0471,3.0411,3.0411,3.0516,3.0521,3.0461,3.0461,41
2026-03-10 17:16:00,3.0421,3.0431,3.0411,3.0416,3.0471,3.0481,3.0461,3.0466,22
2026-03-10 17:17:00,3.0421,3.0426,3.0361,3.0416,3.0471,3.0476,3.0411,3.0466,30
2026-03-10 17:18:00,3.0411,3.0461,3.0401,3.0451,3.0461,3.0511,3.0451,3.0501,26
2026-03-10 17:19:00,3.0456,3.0461,3.0421,3.0431,3.0506,3.0511,3.0471,3.0481,12
2026-03-10 17:20:00,3.0441,3.0481,3.0416,3.0461,3.0491,3.0531,3.0466,3.0511,31
2026-03-10 17:21:00,3.0456,3.0501,3.0456,3.0486,3.0506,3.0551,3.0506,3.0536,21
2026-03-10 17:22:00,3.0491,3.0556,3.0491,3.0551,3.0541,3.0606,3.0541,3.0601,44
2026-03-10 17:23:00,3.0556,3.0561,3.0471,3.0471,3.0606,3.0611,3.0521,3.0521,35
2026-03-10 17:24:00,3.0476,3.0501,3.0441,3.0486,3.0526,3.0551,3.0491,3.0536,26
2026-03-10 17:25:00,3.0491,3.0511,3.0431,3.0441,3.0541,3.0561,3.0481,3.0491,40
2026-03-10 17:26:00,3.0446,3.0451,3.0401,3.0446,3.0496,3.0501,3.0451,3.0496,39
2026-03-10 17:27:00,3.0441,3.0471,3.0376,3.0391,3.0491,3.0521,3.0426,3.0441,47
2026-03-10 17:28:00,3.0401,3.0401,3.0371,3.0401,3.0451,3.0451,3.0421,3.0451,27
2026-03-10 17:29:00,3.0406,3.0436,3.0401,3.0411,3.0456,3.0486,3.0451,3.0461,28
2026-03-10 17:30:00,3.0416,3.0431,3.0361,3.0361,3.0466,3.0481,3.0411,3.0411,29
2026-03-10 17:31:00,3.0366,3.0381,3.0261,3.0271,3.0416,3.0431,3.0311,3.0321,46
2026-03-10 17:32:00,3.0276,3.0301,3.0261,3.0301,3.0326,3.0351,3.0311,3.0351,22
2026-03-10 17:33:00,3.0311,3.0371,3.0291,3.0341,3.0361,3.0421,3.0341,3.0391,40
2026-03-10 17:34:00,3.0336,3.0351,3.0331,3.0351,3.0386,3.0401,3.0381,3.0401,18
2026-03-10 17:35:00,3.0346,3.0356,3.0311,3.0326,3.0396,3.0406,3.0361,3.0376,29
2026-03-10 17:36:00,3.0321,3.0341,3.0306,3.0311,3.0371,3.0391,3.0356,3.0361,19
2026-03-10 17:37:00,3.0301,3.0326,3.0296,3.0301,3.0351,3.0376,3.0346,3.0351,38
2026-03-10 17:38:00,3.0296,3.0301,3.0281,3.0291,3.0346,3.0351,3.0331,3.0341,17
2026-03-10 17:39:00,3.0296,3.0296,3.0261,3.0261,3.0346,3.0346,3.0311,3.0311,22
2026-03-10 17:40:00,3.0251,3.0276,3.0211,3.0211,3.0301,3.0326,3.0261,3.0261,47
2026-03-10 17:41:00,3.0216,3.0241,3.0201,3.0221,3.0266,3.0291,3.0251,3.0271,24
2026-03-10 17:42:00,3.0216,3.0221,3.0191,3.0196,3.0266,3.0271,3.0241,3.0246,36
2026-03-10 17:43:00,3.0191,3.0291,3.0191,3.0291,3.0241,3.0341,3.0241,3.0341,29
2026-03-10 17:44:00,3.0286,3.0286,3.0251,3.0261,3.0336,3.0336,3.0301,3.0311,25
2026-03-10 17:45:00,3.0266,3.0311,3.0261,3.0301,3.0316,3.0361,3.0311,3.0351,21
2026-03-10 17:46:00,3.0291,3.0311,3.0281,3.0301,3.0341,3.0361,3.0331,3.0351,28
2026-03-10 17:47:00,3.0311,3.0376,3.0311,3.0361,3.0361,3.0426,3.0361,3.0411,48
2026-03-10 17:48:00,3.0371,3.0381,3.0331,3.0341,3.0421,3.0431,3.0381,3.0391,44
2026-03-10 17:49:00,3.0346,3.0356,3.0321,3.0341,3.0396,3.0406,3.0371,3.0391,24
2026-03-10 17:50:00,3.0336,3.0361,3.0336,3.0341,3.0386,3.0411,3.0386,3.0391,26
2026-03-10 17:51:00,3.0351,3.0351,3.0311,3.0321,3.0401,3.0401,3.0361,3.0371,34
2026-03-10 17:52:00,3.0331,3.0331,3.0271,3.0276,3.0381,3.0381,3.0321,3.0326,47
2026-03-10 17:53:00,3.0271,3.0281,3.0241,3.0276,3.0321,3.0331,3.0291,3.0326,39
2026-03-10 17:54:00,3.0271,3.0301,3.0261,3.0301,3.0321,3.0351,3.0311,3.0351,36
2026-03-10 17:55:00,3.0306,3.0326,3.0281,3.0306,3.0356,3.0376,3.0331,3.0356,35
2026-03-10 17:56:00,3.0301,3.0306,3.0281,3.0291,3.0351,3.0356,3.0331,3.0341,13
2026-03-10 17:57:00,3.0296,3.0311,3.0256,3.0261,3.0346,3.0361,3.0306,3.0311,23
2026-03-10 17:58:00,3.0266,3.0281,3.0241,3.0276,3.0316,3.0331,3.0291,3.0326,43
2026-03-10 17:59:00,3.0286,3.0301,3.0251,3.0261,3.0336,3.0351,3.0301,3.0311,48
2026-03-10 18:00:00,3.0256,3.0311,3.0256,3.0281,3.0306,3.0361,3.0306,3.0331,34
2026-03-10 18:01:00,3.0286,3.0286,3.0231,3.0256,3.0336,3.0336,3.0281,3.0306,23
2026-03-10 18:02:00,3.0261,3.0276,3.0241,3.0266,3.0311,3.0326,3.0291,3.0316,59
2026-03-10 18:03:00,3.0271,3.0271,3.0221,3.0226,3.0321,3.0321,3.0271,3.0276,35
2026-03-10 18:04:00,3.0231,3.0231,3.0196,3.0216,3.0281,3.0281,3.0246,3.0266,39
2026-03-10 18:05:00,3.0221,3.0221,3.0016,3.0021,3.0271,3.0271,3.0066,3.0071,94
2026-03-10 18:06:00,3.0011,3.0021,2.9911,2.9961,3.0061,3.0071,2.9961,3.0011,117
2026-03-10 18:07:00,2.9956,2.9971,2.9901,2.9901,3.0006,3.0021,2.9951,2.9951,58
2026-03-10 18:08:00,2.9911,3.0026,2.9891,3.0011,2.9961,3.0076,2.9941,3.0061,68
2026-03-10 18:09:00,3.0006,3.0046,3.0001,3.0041,3.0056,3.0096,3.0051,3.0091,46
2026-03-10 18:10:00,3.0031,3.0061,2.9981,2.9991,3.0081,3.0111,3.0031,3.0041,34
2026-03-10 18:11:00,2.9986,3.0011,2.9971,2.9981,3.0036,3.0061,3.0021,3.0031,22
2026-03-10 18:12:00,2.9976,2.9981,2.9951,2.9971,3.0026,3.0031,3.0001,3.0021,30
2026-03-10 18:13:00,2.9976,2.9981,2.9951,2.9961,3.0026,3.0031,3.0001,3.0011,28
2026-03-10 18:14:00,2.9956,2.9976,2.9926,2.9961,3.0006,3.0026,2.9976,3.0011,34
2026-03-10 18:15:00,2.9971,3.0031,2.9961,2.9966,3.0021,3.0081,3.0011,3.0016,26
2026-03-10 18:16:00,2.9956,2.9956,2.9806,2.9821,3.0006,3.0006,2.9856,2.9871,76
2026-03-10 18:17:00,2.9826,2.9826,2.9761,2.9791,2.9876,2.9876,2.9811,2.9841,63
2026-03-10 18:18:00,2.9801,2.9806,2.9761,2.9776,2.9851,2.9856,2.9811,2.9826,54
2026-03-10 18:19:00,2.9781,2.9781,2.9716,2.9726,2.9831,2.9831,2.9766,2.9776,51
2026-03-10 18:20:00,2.9741,2.9791,2.9701,2.9781,2.9791,2.9841,2.9751,2.9831,74
2026-03-10 18:21:00,2.9776,2.9791,2.9721,2.9726,2.9826,2.9841,2.9771,2.9776,48
2026-03-10 18:22:00,2.9731,2.9731,2.9651,2.9676,2.9781,2.9781,2.9701,2.9726,90
2026-03-10 18:23:00,2.9671,2.9686,2.9636,2.9666,2.9721,2.9736,2.9686,2.9716,63
2026-03-10 18:24:00,2.9671,2.9721,2.9656,2.9721,2.9721,2.9771,2.9706,2.9771,50
2026-03-10 18:25:00,2.9716,2.9791,2.9716,2.9781,2.9766,2.9841,2.9766,2.9831,52
2026-03-10 18:26:00,2.9786,2.9841,2.9756,2.9831,2.9836,2.9891,2.9806,2.9881,66
2026-03-10 18:27:00,2.9836,2.9836,2.9781,2.9796,2.9886,2.9886,2.9831,2.9846,45
2026-03-10 18:28:00,2.9786,2.9791,2.9651,2.9751,2.9836,2.9841,2.9701,2.9801,83
2026-03-10 18:29:00,2.9746,2.9761,2.9696,2.9731,2.9796,2.9811,2.9746,2.9781,53
2026-03-10 18:30:00,2.9736,2.9811,2.9731,2.9801,2.9786,2.9861,2.9781,2.9851,68
2026-03-10 18:31:00,2.9811,2.9816,2.9771,2.9806,2.9861,2.9866,2.9821,2.9856,37
2026-03-10 18:32:00,2.9801,2.9826,2.9781,2.9791,2.9851,2.9876,2.9831,2.9841,39
2026-03-10 18:33:00,2.9796,2.9911,2.9771,2.9871,2.9846,2.9961,2.9821,2.9921,73
2026-03-10 18:34:00,2.9876,2.9896,2.9836,2.9876,2.9926,2.9946,2.9886,2.9926,46
2026-03-10 18:35:00,2.9881,2.9951,2.9841,2.9926,2.9931,3.0001,2.9891,2.9976,86
2026-03-10 18:36:00,2.9931,2.9936,2.9866,2.9921,2.9981,2.9986,2.9916,2.9971,66
2026-03-10 18:37:00,2.9926,3.0031,2.9921,3.0021,2.9976,3.0081,2.9971,3.0071,69
2026-03-10 18:38:00,3.0016,3.0071,3.0001,3.0061,3.0066,3.0121,3.0051,3.0111,74
2026-03-10 18:39:00,3.0066,3.0126,3.0051,3.0051,3.0116,3.0176,3.0101,3.0101,65
2026-03-10 18:40:00,3.0046,3.0101,3.0041,3.0066,3.0096,3.0151,3.0091,3.0116,53
2026-03-10 18:41:00,3.0056,3.0061,3.0001,3.0021,3.0106,3.0111,3.0051,3.0071,68
2026-03-10 18:42:00,3.0016,3.0071,2.9991,3.0026,3.0066,3.0121,3.0041,3.0076,46
2026-03-10 18:43:00,3.0021,3.0026,2.9921,2.9991,3.0071,3.0076,2.9971,3.0041,39
2026-03-10 18:44:00,2.9996,2.9996,2.9931,2.9941,3.0046,3.0046,2.9981,2.9991,41
2026-03-10 18:45:00,2.9946,3.0001,2.9921,2.9971,2.9996,3.0051,2.9971,3.0021,33
2026-03-10 18:46:00,2.9976,3.0021,2.9951,2.9991,3.0026,3.0071,3.0001,3.0041,65
2026-03-10 18:47:00,2.9981,3.0001,2.9966,2.9991,3.0031,3.0051,3.0016,3.0041,46
2026-03-10 18:48:00,2.9986,2.9986,2.9921,2.9931,3.0036,3.0036,2.9971,2.9981,34
2026-03-10 18:49:00,2.9936,2.9971,2.9936,2.9961,2.9986,3.0021,2.9986,3.0011,48
2026-03-10 18:50:00,2.9966,3.0001,2.9926,2.9941,3.0016,3.0051,2.9976,2.9991,44
2026-03-10 18:51:00,2.9951,2.9951,2.9856,2.9871,3.0001,3.0001,2.9906,2.9921,38
2026-03-10 18:52:00,2.9881,2.9881,2.9831,2.9831,2.9931,2.9931,2.9881,2.9881,36
2026-03-10 18:53:00,2.9836,2.9836,2.9761,2.9781,2.9886,2.9886,2.9811,2.9831,39
2026-03-10 18:54:00,2.9786,2.9821,2.9781,2.9796,2.9836,2.9871,2.9831,2.9846,28
2026-03-10 18:55:00,2.9791,2.9821,2.9781,2.9811,2.9841,2.9871,2.9831,2.9861,53
2026-03-10 18:56:00,2.9806,2.9881,2.9806,2.9871,2.9856,2.9931,2.9856,2.9921,44
2026-03-10 18:57:00,2.9866,2.9946,2.9856,2.9911,2.9916,2.9996,2.9906,2.9961,88
2026-03-10 18:58:00,2.9916,2.9916,2.9861,2.9871,2.9966,2.9966,2.9911,2.9921,50
2026-03-10 18:59:00,2.9876,2.9941,2.9876,2.9881,2.9926,2.9991,2.9926,2.9931,56
2026-03-10 19:00:00,2.9886,2.9921,2.9846,2.9851,2.9936,2.9971,2.9896,2.9901,44
2026-03-10 19:01:00,2.9846,2.9896,2.9821,2.9866,2.9896,2.9946,2.9871,2.9916,41
2026-03-10 19:02:00,2.9861,2.9861,2.9821,2.9831,2.9911,2.9911,2.9871,2.9881,27
2026-03-10 19:03:00,2.9836,2.9861,2.9831,2.9841,2.9886,2.9911,2.9881,2.9891,38
2026-03-10 19:04:00,2.9836,2.9851,2.9751,2.9781,2.9886,2.9901,2.9801,2.9831,69
2026-03-10 19:05:00,2.9786,2.9831,2.9746,2.9781,2.9836,2.9881,2.9796,2.9831,54
2026-03-10 19:06:00,2.9771,2.9831,2.9766,2.9826,2.9821,2.9881,2.9816,2.9876,28
2026-03-10 19:07:00,2.9836,2.9851,2.9791,2.9791,2.9886,2.9901,2.9841,2.9841,32
2026-03-10 19:08:00,2.9771,2.9816,2.9771,2.9796,2.9821,2.9866,2.9821,2.9846,22
2026-03-10 19:09:00,2.9791,2.9861,2.9791,2.9846,2.9841,2.9911,2.9841,2.9896,29
2026-03-10 19:10:00,2.9841,2.9901,2.9811,2.9856,2.9891,2.9951,2.9861,2.9906,63
2026-03-10 19:11:00,2.9866,2.9891,2.9851,2.9881,2.9916,2.9941,2.9901,2.9931,34
2026-03-10 19:12:00,2.9876,2.9901,2.9861,2.9871,2.9926,2.9951,2.9911,2.9921,38
2026-03-10 19:13:00,2.9876,3.0041,2.9871,3.0041,2.9926,3.0091,2.9921,3.0091,76
2026-03-10 19:14:00,3.0036,3.0146,3.0036,3.0121,3.0086,3.0196,3.0086,3.0171,114
2026-03-10 19:15:00,3.0131,3.0181,3.0091,3.0181,3.0181,3.0231,3.0141,3.0231,95
2026-03-10 19:16:00,3.0171,3.0251,3.0161,3.0206,3.0221,3.0301,3.0211,3.0256,77
2026-03-10 19:17:00,3.0201,3.0251,3.0121,3.0231,3.0251,3.0301,3.0171,3.0281,103
2026-03-10 19:18:00,3.0226,3.0336,3.0201,3.0331,3.0276,3.0386,3.0251,3.0381,82
2026-03-10 19:19:00,3.0336,3.0391,3.0326,3.0371,3.0386,3.0441,3.0376,3.0421,89
2026-03-10 19:20:00,3.0376,3.0391,3.0301,3.0321,3.0426,3.0441,3.0351,3.0371,77
2026-03-10 19:21:00,3.0331,3.0341,3.0201,3.0271,3.0381,3.0391,3.0251,3.0321,116
2026-03-10 19:22:00,3.0276,3.0276,3.0181,3.0206,3.0326,3.0326,3.0231,3.0256,62
2026-03-10 19:23:00,3.0211,3.0231,3.0146,3.0151,3.0261,3.0281,3.0196,3.0201,49
2026-03-10 19:24:00,3.0156,3.0176,3.0121,3.0171,3.0206,3.0226,3.0171,3.0221,56
2026-03-10 19:25:00,3.0181,3.0321,3.0171,3.0311,3.0231,3.0371,3.0221,3.0361,96
2026-03-10 19:26:00,3.0301,3.0321,3.0221,3.0246,3.0351,3.0371,3.0271,3.0296,79
2026-03-10 19:27:00,3.0241,3.0251,3.0151,3.0241,3.0291,3.0301,3.0201,3.0291,87
2026-03-10 19:28:00,3.0246,3.0386,3.0191,3.0256,3.0296,3.0436,3.0241,3.0306,345
2026-03-10 19:29:00,3.0261,3.0271,3.0086,3.0166,3.0311,3.0321,3.0136,3.0216,302
2026-03-10 19:30:00,3.0171,3.0326,3.0171,3.0271,3.0221,3.0376,3.0221,3.0321,114
2026-03-10 19:31:00,3.0281,3.0281,3.0181,3.0216,3.0331,3.0331,3.0231,3.0266,56
2026-03-10 19:32:00,3.0206,3.0231,3.0186,3.0221,3.0256,3.0281,3.0236,3.0271,30
2026-03-10 19:33:00,3.0211,3.0211,3.0111,3.0131,3.0261,3.0261,3.0161,3.0181,60
2026-03-10 19:34:00,3.0126,3.0151,3.0091,3.0146,3.0176,3.0201,3.0141,3.0196,50
2026-03-10 19:35:00,3.0141,3.0206,3.0141,3.0176,3.0191,3.0256,3.0191,3.0226,43
2026-03-10 19:36:00,3.0191,3.0261,3.0186,3.0211,3.0241,3.0311,3.0236,3.0261,43
2026-03-10 19:37:00,3.0216,3.0261,3.0211,3.0231,3.0266,3.0311,3.0261,3.0281,38
2026-03-10 19:38:00,3.0226,3.0276,3.0226,3.0246,3.0276,3.0326,3.0276,3.0296,23
2026-03-10 19:39:00,3.0251,3.0291,3.0211,3.0251,3.0301,3.0341,3.0261,3.0301,36
2026-03-10 19:40:00,3.0241,3.0271,3.0231,3.0231,3.0291,3.0321,3.0281,3.0281,42
2026-03-10 19:41:00,3.0241,3.0251,3.0211,3.0226,3.0291,3.0301,3.0261,3.0276,44
2026-03-10 19:42:00,3.0216,3.0286,3.0201,3.0276,3.0266,3.0336,3.0251,3.0326,38
2026-03-10 19:43:00,3.0281,3.0326,3.0281,3.0291,3.0331,3.0376,3.0331,3.0341,48
2026-03-10 19:44:00,3.0301,3.0421,3.0281,3.0411,3.0351,3.0471,3.0331,3.0461,49
2026-03-10 19:45:00,3.0416,3.0431,3.0381,3.0431,3.0466,3.0481,3.0431,3.0481,50
2026-03-10 19:46:00,3.0441,3.0451,3.0391,3.0411,3.0491,3.0501,3.0441,3.0461,43
2026-03-10 19:47:00,3.0406,3.0486,3.0381,3.0466,3.0456,3.0536,3.0431,3.0516,58
2026-03-10 19:48:00,3.0471,3.0511,3.0451,3.0481,3.0521,3.0561,3.0501,3.0531,38
2026-03-10 19:49:00,3.0476,3.0501,3.0431,3.0491,3.0526,3.0551,3.0481,3.0541,43
2026-03-10 19:50:00,3.0486,3.0486,3.0421,3.0426,3.0536,3.0536,3.0471,3.0476,40
2026-03-10 19:51:00,3.0431,3.0431,3.0361,3.0371,3.0481,3.0481,3.0411,3.0421,26
2026-03-10 19:52:00,3.0376,3.0446,3.0366,3.0441,3.0426,3.0496,3.0416,3.0491,58
2026-03-10 19:53:00,3.0451,3.0461,3.0411,3.0456,3.0501,3.0511,3.0461,3.0506,29
2026-03-10 19:54:00,3.0461,3.0491,3.0461,3.0481,3.0511,3.0541,3.0511,3.0531,36
2026-03-10 19:55:00,3.0476,3.0476,3.0436,3.0436,3.0526,3.0526,3.0486,3.0486,16
2026-03-10 19:56:00,3.0426,3.0431,3.0401,3.0431,3.0476,3.0481,3.0451,3.0481,17
2026-03-10 19:57:00,3.0426,3.0436,3.0411,3.0421,3.0476,3.0486,3.0461,3.0471,11
2026-03-10 19:58:00,3.0416,3.0451,3.0416,3.0436,3.0466,3.0501,3.0466,3.0486,23
2026-03-10 19:59:00,3.0446,3.0471,3.0381,3.0391,3.0496,3.0521,3.0431,3.0441,32
2026-03-10 20:00:00,3.0386,3.0411,3.0361,3.0381,3.0436,3.0461,3.0411,3.0431,32
2026-03-10 20:01:00,3.0376,3.0381,3.0371,3.0381,3.0426,3.0431,3.0421,3.0431,11
2026-03-10 20:02:00,3.0386,3.0431,3.0386,3.0431,3.0436,3.0481,3.0436,3.0481,31
2026-03-10 20:03:00,3.0436,3.0436,3.0386,3.0391,3.0486,3.0486,3.0436,3.0441,24
2026-03-10 20:04:00,3.0381,3.0401,3.0361,3.0401,3.0431,3.0451,3.0411,3.0451,26
2026-03-10 20:05:00,3.0411,3.0411,3.0361,3.0381,3.0461,3.0461,3.0411,3.0431,25
2026-03-10 20:06:00,3.0386,3.0416,3.0366,3.0416,3.0436,3.0466,3.0416,3.0466,28
2026-03-10 20:07:00,3.0421,3.0426,3.0376,3.0396,3.0471,3.0476,3.0426,3.0446,26
2026-03-10 20:08:00,3.0391,3.0396,3.0371,3.0381,3.0441,3.0446,3.0421,3.0431,18
2026-03-10 20:09:00,3.0376,3.0376,3.0321,3.0331,3.0426,3.0426,3.0371,3.0381,20
2026-03-10 20:10:00,3.0321,3.0336,3.0291,3.0301,3.0371,3.0386,3.0341,3.0351,28
2026-03-10 20:11:00,3.0296,3.0366,3.0291,3.0366,3.0346,3.0416,3.0341,3.0416,20
2026-03-10 20:12:00,3.0361,3.0386,3.0356,3.0386,3.0411,3.0436,3.0406,3.0436,15
2026-03-10 20:13:00,3.0391,3.0401,3.0386,3.0396,3.0441,3.0451,3.0436,3.0446,14
2026-03-10 20:14:00,3.0391,3.0391,3.0361,3.0381,3.0441,3.0441,3.0411,3.0431,15
2026-03-10 20:15:00,3.0386,3.0401,3.0371,3.0391,3.0436,3.0451,3.0421,3.0441,10
2026-03-10 20:16:00,3.0396,3.0441,3.0381,3.0431,3.0446,3.0491,3.0431,3.0481,24
2026-03-10 20:17:00,3.0426,3.0481,3.0426,3.0471,3.0476,3.0531,3.0476,3.0521,21
2026-03-10 20:18:00,3.0466,3.0466,3.0401,3.0411,3.0516,3.0516,3.0451,3.0461,19
2026-03-10 20:19:00,3.0406,3.0416,3.0406,3.0411,3.0456,3.0466,3.0456,3.0461,11
2026-03-10 20:20:00,3.0401,3.0421,3.0381,3.0416,3.0451,3.0471,3.0431,3.0466,19
2026-03-10 20:21:00,3.0421,3.0461,3.0411,3.0461,3.0471,3.0511,3.0461,3.0511,62
2026-03-10 20:22:00,3.0456,3.0461,3.0431,3.0451,3.0506,3.0511,3.0481,3.0501,20
2026-03-10 20:23:00,3.0456,3.0471,3.0431,3.0436,3.0506,3.0521,3.0481,3.0486,26
2026-03-10 20:24:00,3.0446,3.0471,3.0431,3.0461,3.0496,3.0521,3.0481,3.0511,20
2026-03-10 20:25:00,3.0466,3.0501,3.0451,3.0491,3.0516,3.0551,3.0501,3.0541,50
2026-03-10 20:26:00,3.0501,3.0521,3.0496,3.0511,3.0551,3.0571,3.0546,3.0561,16
2026-03-10 20:27:00,3.0506,3.0516,3.0471,3.0491,3.0556,3.0566,3.0521,3.0541,28
2026-03-10 20:28:00,3.0481,3.0561,3.0481,3.0561,3.0531,3.0611,3.0531,3.0611,28
2026-03-10 20:29:00,3.0571,3.0571,3.0541,3.0541,3.0621,3.0621,3.0591,3.0591,16
2026-03-10 20:30:00,3.0551,3.0556,3.0521,3.0531,3.0601,3.0606,3.0571,3.0581,28
2026-03-10 20:31:00,3.0536,3.0536,3.0491,3.0521,3.0586,3.0586,3.0541,3.0571,18
2026-03-10 20:32:00,3.0531,3.0561,3.0521,3.0551,3.0581,3.0611,3.0571,3.0601,35
2026-03-10 20:33:00,3.0546,3.0561,3.0521,3.0526,3.0596,3.0611,3.0571,3.0576,25
2026-03-10 20:34:00,3.0531,3.0536,3.0456,3.0471,3.0581,3.0586,3.0506,3.0521,41
2026-03-10 20:35:00,3.0481,3.0481,3.0441,3.0446,3.0531,3.0531,3.0491,3.0496,12
2026-03-10 20:36:00,3.0441,3.0441,3.0431,3.0441,3.0491,3.0491,3.0481,3.0491,6
2026-03-10 20:37:00,3.0436,3.0441,3.0421,3.0441,3.0486,3.0491,3.0471,3.0491,6
2026-03-10 20:38:00,3.0446,3.0446,3.0431,3.0441,3.0496,3.0496,3.0481,3.0491,7
2026-03-10 20:39:00,3.0431,3.0451,3.0421,3.0451,3.0481,3.0501,3.0471,3.0501,11
2026-03-10 20:40:00,3.0461,3.0461,3.0341,3.0356,3.0511,3.0511,3.0391,3.0406,61
2026-03-10 20:41:00,3.0361,3.0431,3.0356,3.0431,3.0411,3.0481,3.0406,3.0481,57
2026-03-10 20:42:00,3.0426,3.0466,3.0426,3.0436,3.0476,3.0516,3.0476,3.0486,40
2026-03-10 20:43:00,3.0441,3.0471,3.0441,3.0441,3.0491,3.0521,3.0491,3.0491,22
2026-03-10 20:44:00,3.0431,3.0476,3.0421,3.0471,3.0481,3.0526,3.0471,3.0521,19
2026-03-10 20:45:00,3.0481,3.0531,3.0481,3.0521,3.0531,3.0581,3.0531,3.0571,23
2026-03-10 20:46:00,3.0511,3.0521,3.0511,3.0511,3.0561,3.0571,3.0561,3.0561,5
2026-03-10 20:47:00,3.0506,3.0541,3.0501,3.0521,3.0556,3.0591,3.0551,3.0571,14
2026-03-10 20:48:00,3.0511,3.0546,3.0486,3.0511,3.0561,3.0596,3.0536,3.0561,25
2026-03-10 20:49:00,3.0521,3.0561,3.0521,3.0561,3.0571,3.0611,3.0571,3.0611,10
2026-03-10 20:50:00,3.0556,3.0556,3.0541,3.0541,3.0606,3.0606,3.0591,3.0591,7
2026-03-10 20:51:00,3.0536,3.0536,3.0501,3.0501,3.0586,3.0586,3.0551,3.0551,14
2026-03-10 20:52:00,3.0496,3.0511,3.0491,3.0501,3.0546,3.0561,3.0541,3.0551,7
2026-03-10 20:53:00,3.0496,3.0501,3.0471,3.0501,3.0546,3.0551,3.0521,3.0551,24
2026-03-10 20:54:00,3.0491,3.0511,3.0491,3.0511,3.0541,3.0561,3.0541,3.0561,9
2026-03-10 20:55:00,3.0506,3.0511,3.0496,3.0496,3.0556,3.0561,3.0546,3.0546,16
2026-03-10 20:56:00,3.0491,3.0511,3.0466,3.0466,3.0541,3.0561,3.0516,3.0516,16
2026-03-10 20:57:00,3.0461,3.0476,3.0461,3.0471,3.0511,3.0526,3.0511,3.0521,11
2026-03-10 20:58:00,3.0466,3.0501,3.0466,3.0491,3.0516,3.0551,3.0516,3.0541,24
2026-03-10 20:59:00,3.0501,3.0521,3.0491,3.0496,3.0551,3.0571,3.0541,3.0546,19
2026-03-10 21:00:00,3.0501,3.0511,3.0481,3.0501,3.0551,3.0561,3.0531,3.0551,19
2026-03-10 21:01:00,3.0496,3.0496,3.0481,3.0481,3.0546,3.0546,3.0531,3.0531,4
2026-03-10 21:02:00,3.0486,3.0521,3.0481,3.0521,3.0536,3.0571,3.0531,3.0571,18
2026-03-10 21:03:00,3.0526,3.0531,3.0511,3.0531,3.0576,3.0581,3.0561,3.0581,20
2026-03-10 21:04:00,3.0541,3.0546,3.0516,3.0516,3.0591,3.0596,3.0566,3.0566,9
2026-03-10 21:05:00,3.0506,3.0506,3.0486,3.0501,3.0556,3.0556,3.0536,3.0551,11
2026-03-10 21:06:00,3.0511,3.0521,3.0496,3.0496,3.0561,3.0571,3.0546,3.0546,5
2026-03-10 21:07:00,3.0491,3.0496,3.0491,3.0491,3.0541,3.0546,3.0541,3.0541,3
2026-03-10 21:08:00,3.0496,3.0536,3.0491,3.0536,3.0546,3.0586,3.0541,3.0586,19
2026-03-10 21:09:00,3.0531,3.0561,3.0531,3.0561,3.0581,3.0611,3.0581,3.0611,7
2026-03-10 21:10:00,3.0556,3.0601,3.0551,3.0591,3.0606,3.0651,3.0601,3.0641,34
2026-03-10 21:11:00,3.0596,3.0631,3.0596,3.0611,3.0646,3.0681,3.0646,3.0661,11
2026-03-10 21:12:00,3.0616,3.0621,3.0601,3.0601,3.0666,3.0671,3.0651,3.0651,12
2026-03-10 21:13:00,3.0596,3.0596,3.0581,3.0581,3.0646,3.0646,3.0631,3.0631,10
2026-03-10 21:14:00,3.0571,3.0581,3.0561,3.0571,3.0621,3.0631,3.0611,3.0621,9
2026-03-10 21:15:00,3.0576,3.0596,3.0566,3.0596,3.0626,3.0646,3.0616,3.0646,6
2026-03-10 21:16:00,3.0591,3.0601,3.0591,3.0596,3.0641,3.0651,3.0641,3.0646,7
2026-03-10 21:17:00,3.0601,3.0631,3.0586,3.0591,3.0651,3.0681,3.0636,3.0641,18
2026-03-10 21:18:00,3.0596,3.0621,3.0581,3.0591,3.0646,3.0671,3.0631,3.0641,15
2026-03-10 21:19:00,3.0586,3.0601,3.0581,3.0591,3.0636,3.0651,3.0631,3.0641,10
2026-03-10 21:20:00,3.0601,3.0601,3.0571,3.0576,3.0651,3.0651,3.0621,3.0626,13
2026-03-10 21:21:00,3.0571,3.0571,3.0551,3.0561,3.0621,3.0621,3.0601,3.0611,10
2026-03-10 21:22:00,3.0566,3.0576,3.0561,3.0566,3.0616,3.0626,3.0611,3.0616,20
2026-03-10 21:23:00,3.0571,3.0571,3.0541,3.0546,3.0621,3.0621,3.0591,3.0596,5
2026-03-10 21:24:00,3.0551,3.0551,3.0531,3.0541,3.0601,3.0601,3.0581,3.0591,4
2026-03-10 21:25:00,3.0531,3.0556,3.0531,3.0541,3.0581,3.0606,3.0581,3.0591,14
2026-03-10 21:26:00,3.0551,3.0551,3.0531,3.0531,3.0601,3.0601,3.0581,3.0581,4
2026-03-10 21:27:00,3.0521,3.0541,3.0521,3.0541,3.0571,3.0591,3.0571,3.0591,6
2026-03-10 21:28:00,3.0526,3.0536,3.0521,3.0531,3.0576,3.0586,3.0571,3.0581,7
2026-03-10 21:29:00,3.0536,3.0546,3.0536,3.0541,3.0586,3.0596,3.0586,3.0591,8
2026-03-10 21:30:00,3.0546,3.0546,3.0526,3.0536,3.0596,3.0596,3.0576,3.0586,13
2026-03-10 21:31:00,3.0531,3.0546,3.0481,3.0486,3.0581,3.0596,3.0531,3.0536,26
2026-03-10 21:32:00,3.0481,3.0496,3.0481,3.0496,3.0531,3.0546,3.0531,3.0546,4
2026-03-10 21:33:00,3.0491,3.0516,3.0491,3.0516,3.0541,3.0566,3.0541,3.0566,11
2026-03-10 21:34:00,3.0511,3.0516,3.0501,3.0501,3.0561,3.0566,3.0551,3.0551,8
2026-03-10 21:36:00,3.0511,3.0511,3.0501,3.0501,3.0561,3.0561,3.0551,3.0551,2
2026-03-10 21:37:00,3.0491,3.0491,3.0491,3.0491,3.0541,3.0541,3.0541,3.0541,1
2026-03-10 21:38:00,3.0501,3.0501,3.0481,3.0491,3.0551,3.0551,3.0531,3.0541,5
2026-03-10 21:39:00,3.0496,3.0521,3.0491,3.0491,3.0546,3.0571,3.0541,3.0541,12
2026-03-10 21:40:00,3.0481,3.0491,3.0481,3.0491,3.0531,3.0541,3.0531,3.0541,2
2026-03-10 21:41:00,3.0501,3.0501,3.0501,3.0501,3.0551,3.0551,3.0551,3.0551,1
2026-03-10 21:42:00,3.0491,3.0511,3.0491,3.0501,3.0541,3.0561,3.0541,3.0551,13
2026-03-10 21:43:00,3.0496,3.0501,3.0496,3.0501,3.0546,3.0551,3.0546,3.0551,2
2026-03-10 21:44:00,3.0496,3.0501,3.0496,3.0501,3.0546,3.0551,3.0546,3.0551,2
2026-03-10 21:45:00,3.0506,3.0526,3.0496,3.0526,3.0556,3.0576,3.0546,3.0576,15
2026-03-10 21:46:00,3.0521,3.0541,3.0516,3.0521,3.0571,3.0591,3.0566,3.0571,11
2026-03-10 21:47:00,3.0531,3.0591,3.0526,3.0526,3.0581,3.0641,3.0576,3.0576,35
2026-03-10 21:48:00,3.0516,3.0531,3.0516,3.0521,3.0566,3.0581,3.0566,3.0571,5
2026-03-10 21:49:00,3.0526,3.0526,3.0521,3.0521,3.0576,3.0576,3.0571,3.0571,2
2026-03-10 21:50:00,3.0536,3.0551,3.0526,3.0541,3.0586,3.0601,3.0576,3.0591,13
2026-03-10 21:51:00,3.0536,3.0541,3.0521,3.0541,3.0586,3.0591,3.0571,3.0591,6
2026-03-10 21:52:00,3.0531,3.0531,3.0516,3.0526,3.0581,3.0581,3.0566,3.0576,11
2026-03-10 21:53:00,3.0521,3.0561,3.0521,3.0561,3.0571,3.0611,3.0571,3.0611,11
2026-03-10 21:54:00,3.0571,3.0571,3.0571,3.0571,3.0621,3.0621,3.0621,3.0621,1
2026-03-10 21:55:00,3.0576,3.0631,3.0571,3.0621,3.0626,3.0681,3.0621,3.0671,14
2026-03-10 21:56:00,3.0611,3.0621,3.0611,3.0616,3.0661,3.0671,3.0661,3.0666,17
2026-03-10 21:57:00,3.0606,3.0616,3.0606,3.0616,3.0656,3.0666,3.0656,3.0666,22
2026-03-10 21:58:00,3.0611,3.0611,3.0586,3.0586,3.0661,3.0661,3.0636,3.0636,22
2026-03-10 21:59:00,3.0591,3.0657,3.0591,3.0657,3.0641,3.0707,3.0641,3.0707,33
2026-03-10 23:00:00,3.0672,3.0722,3.0587,3.0587,3.0722,3.0772,3.0637,3.0637,17
2026-03-10 23:01:00,3.0592,3.0597,3.0552,3.0597,3.0642,3.0647,3.0602,3.0647,18
2026-03-10 23:02:00,3.0582,3.0587,3.0582,3.0582,3.0632,3.0637,3.0632,3.0632,3
2026-03-10 23:03:00,3.0587,3.0627,3.0587,3.0612,3.0637,3.0677,3.0637,3.0662,8
2026-03-10 23:04:00,3.0602,3.0602,3.0587,3.0597,3.0652,3.0652,3.0637,3.0647,7
2026-03-10 23:05:00,3.0587,3.0587,3.0567,3.0567,3.0637,3.0637,3.0617,3.0617,8
2026-03-10 23:06:00,3.0552,3.0557,3.0537,3.0537,3.0602,3.0607,3.0587,3.0587,5
2026-03-10 23:07:00,3.0547,3.0552,3.0547,3.0547,3.0597,3.0602,3.0597,3.0597,3
2026-03-10 23:08:00,3.0552,3.0552,3.0532,3.0532,3.0602,3.0602,3.0582,3.0582,4
2026-03-10 23:09:00,3.0527,3.0547,3.0527,3.0532,3.0577,3.0597,3.0577,3.0582,9
2026-03-10 23:10:00,3.0547,3.0557,3.0532,3.0542,3.0597,3.0607,3.0582,3.0592,8
2026-03-10 23:11:00,3.0547,3.0547,3.0547,3.0547,3.0597,3.0597,3.0597,3.0597,1
2026-03-10 23:12:00,3.0552,3.0552,3.0532,3.0532,3.0602,3.0602,3.0582,3.0582,5
2026-03-10 23:13:00,3.0527,3.0527,3.0527,3.0527,3.0577,3.0577,3.0577,3.0577,1
2026-03-10 23:14:00,3.0547,3.0547,3.0527,3.0527,3.0597,3.0597,3.0577,3.0577,6
2026-03-10 23:17:00,3.0532,3.0547,3.0532,3.0532,3.0582,3.0597,3.0582,3.0582,7
2026-03-10 23:18:00,3.0527,3.0527,3.0527,3.0527,3.0577,3.0577,3.0577,3.0577,1
2026-03-10 23:21:00,3.0522,3.0527,3.0517,3.0522,3.0572,3.0577,3.0567,3.0572,5
2026-03-10 23:22:00,3.0527,3.0537,3.0522,3.0527,3.0577,3.0587,3.0572,3.0577,4
2026-03-10 23:23:00,3.0522,3.0522,3.0517,3.0517,3.0572,3.0572,3.0567,3.0567,2
2026-03-10 23:25:00,3.0532,3.0532,3.0532,3.0532,3.0582,3.0582,3.0582,3.0582,1
2026-03-10 23:26:00,3.0527,3.0527,3.0527,3.0527,3.0577,3.0577,3.0577,3.0577,1
2026-03-10 23:27:00,3.0522,3.0522,3.0522,3.0522,3.0572,3.0572,3.0572,3.0572,1
2026-03-10 23:28:00,3.0537,3.0562,3.0537,3.0562,3.0587,3.0612,3.0587,3.0612,4
2026-03-10 23:29:00,3.0567,3.0567,3.0567,3.0567,3.0617,3.0617,3.0617,3.0617,1
2026-03-10 23:30:00,3.0582,3.0582,3.0582,3.0582,3.0632,3.0632,3.0632,3.0632,1
2026-03-10 23:31:00,3.0587,3.0642,3.0587,3.0627,3.0637,3.0692,3.0637,3.0677,9
2026-03-10 23:32:00,3.0622,3.0622,3.0607,3.0607,3.0672,3.0672,3.0657,3.0657,3
2026-03-10 23:33:00,3.0597,3.0607,3.0582,3.0592,3.0647,3.0657,3.0632,3.0642,6
2026-03-10 23:34:00,3.0587,3.0587,3.0547,3.0547,3.0637,3.0637,3.0597,3.0597,5
2026-03-10 23:36:00,3.0552,3.0562,3.0552,3.0562,3.0602,3.0612,3.0602,3.0612,2
2026-03-10 23:37:00,3.0557,3.0557,3.0557,3.0557,3.0607,3.0607,3.0607,3.0607,1
2026-03-10 23:38:00,3.0562,3.0562,3.0562,3.0562,3.0612,3.0612,3.0612,3.0612,1
2026-03-10 23:39:00,3.0567,3.0567,3.0557,3.0567,3.0617,3.0617,3.0607,3.0617,7
2026-03-10 23:40:00,3.0562,3.0562,3.0547,3.0547,3.0612,3.0612,3.0597,3.0597,4
2026-03-10 23:43:00,3.0557,3.0557,3.0552,3.0552,3.0607,3.0607,3.0602,3.0602,2
2026-03-10 23:46:00,3.0547,3.0552,3.0547,3.0552,3.0597,3.0602,3.0597,3.0602,2
2026-03-10 23:47:00,3.0557,3.0557,3.0552,3.0552,3.0607,3.0607,3.0602,3.0602,2
2026-03-10 23:48:00,3.0562,3.0567,3.0562,3.0562,3.0612,3.0617,3.0612,3.0612,3
2026-03-10 23:49:00,3.0567,3.0567,3.0562,3.0562,3.0617,3.0617,3.0612,3.0612,2
2026-03-10 23:50:00,3.0557,3.0557,3.0552,3.0557,3.0607,3.0607,3.0602,3.0607,5
2026-03-10 23:51:00,3.0552,3.0552,3.0547,3.0547,3.0602,3.0602,3.0597,3.0597,2
2026-03-10 23:54:00,3.0562,3.0562,3.0547,3.0547,3.0612,3.0612,3.0597,3.0597,2
2026-03-10 23:58:00,3.0537,3.0537,3.0537,3.0537,3.0587,3.0587,3.0587,3.0587,1
2026-03-11 00:02:00,3.0527,3.0612,3.0527,3.0612,3.0577,3.0662,3.0577,3.0662,16
2026-03-11 00:03:00,3.0617,3.0617,3.0602,3.0602,3.0667,3.0667,3.0652,3.0652,4
2026-03-11 00:04:00,3.0607,3.0627,3.0607,3.0612,3.0657,3.0677,3.0657,3.0662,9
2026-03-11 00:05:00,3.0617,3.0627,3.0612,3.0622,3.0667,3.0677,3.0662,3.0672,6
2026-03-11 00:06:00,3.0632,3.0642,3.0617,3.0617,3.0682,3.0692,3.0667,3.0667,7
2026-03-11 00:07:00,3.0612,3.0612,3.0547,3.0577,3.0662,3.0662,3.0597,3.0627,9
2026-03-11 00:08:00,3.0607,3.0607,3.0582,3.0582,3.0657,3.0657,3.0632,3.0632,3
2026-03-11 00:09:00,3.0567,3.0567,3.0567,3.0567,3.0617,3.0617,3.0617,3.0617,1
2026-03-11 00:10:00,3.0572,3.0572,3.0562,3.0562,3.0622,3.0622,3.0612,3.0612,3
2026-03-11 00:11:00,3.0557,3.0567,3.0552,3.0567,3.0607,3.0617,3.0602,3.0617,4
2026-03-11 00:12:00,3.0562,3.0562,3.0547,3.0547,3.0612,3.0612,3.0597,3.0597,4
2026-03-11 00:13:00,3.0537,3.0537,3.0537,3.0537,3.0587,3.0587,3.0587,3.0587,1
2026-03-11 00:14:00,3.0542,3.0547,3.0537,3.0547,3.0592,3.0597,3.0587,3.0597,3
2026-03-11 00:15:00,3.0552,3.0557,3.0547,3.0552,3.0602,3.0607,3.0597,3.0602,4
2026-03-11 00:16:00,3.0567,3.0567,3.0562,3.0562,3.0617,3.0617,3.0612,3.0612,2
2026-03-11 00:18:00,3.0557,3.0557,3.0552,3.0552,3.0607,3.0607,3.0602,3.0602,2
2026-03-11 00:19:00,3.0557,3.0597,3.0557,3.0572,3.0607,3.0647,3.0607,3.0622,8
2026-03-11 00:20:00,3.0547,3.0572,3.0547,3.0567,3.0597,3.0622,3.0597,3.0617,7
2026-03-11 00:21:00,3.0572,3.0582,3.0572,3.0582,3.0622,3.0632,3.0622,3.0632,3
2026-03-11 00:22:00,3.0577,3.0577,3.0562,3.0572,3.0627,3.0627,3.0612,3.0622,6
2026-03-11 00:23:00,3.0567,3.0567,3.0567,3.0567,3.0617,3.0617,3.0617,3.0617,1
2026-03-11 00:25:00,3.0562,3.0562,3.0477,3.0522,3.0612,3.0612,3.0527,3.0572,16
2026-03-11 00:26:00,3.0527,3.0527,3.0517,3.0517,3.0577,3.0577,3.0567,3.0567,3
2026-03-11 00:27:00,3.0522,3.0522,3.0517,3.0517,3.0572,3.0572,3.0567,3.0567,2
2026-03-11 00:28:00,3.0512,3.0552,3.0512,3.0547,3.0562,3.0602,3.0562,3.0597,9
2026-03-11 00:29:00,3.0542,3.0542,3.0537,3.0542,3.0592,3.0592,3.0587,3.0592,3
2026-03-11 00:30:00,3.0547,3.0547,3.0532,3.0532,3.0597,3.0597,3.0582,3.0582,4
2026-03-11 00:31:00,3.0527,3.0527,3.0527,3.0527,3.0577,3.0577,3.0577,3.0577,1
2026-03-11 00:32:00,3.0522,3.0522,3.0522,3.0522,3.0572,3.0572,3.0572,3.0572,1
2026-03-11 00:33:00,3.0517,3.0517,3.0517,3.0517,3.0567,3.0567,3.0567,3.0567,1
2026-03-11 00:34:00,3.0512,3.0512,3.0512,3.0512,3.0562,3.0562,3.0562,3.0562,1
2026-03-11 00:35:00,3.0527,3.0542,3.0527,3.0542,3.0577,3.0592,3.0577,3.0592,2
2026-03-11 00:36:00,3.0552,3.0597,3.0552,3.0597,3.0602,3.0647,3.0602,3.0647,5
2026-03-11 00:37:00,3.0607,3.0607,3.0607,3.0607,3.0657,3.0657,3.0657,3.0657,1
2026-03-11 00:38:00,3.0602,3.0602,3.0572,3.0577,3.0652,3.0652,3.0622,3.0627,7
2026-03-11 00:39:00,3.0572,3.0572,3.0562,3.0562,3.0622,3.0622,3.0612,3.0612,2
2026-03-11 00:40:00,3.0577,3.0582,3.0577,3.0582,3.0627,3.0632,3.0627,3.0632,2
2026-03-11 00:41:00,3.0577,3.0582,3.0577,3.0582,3.0627,3.0632,3.0627,3.0632,2
2026-03-11 00:42:00,3.0592,3.0612,3.0592,3.0607,3.0642,3.0662,3.0642,3.0657,4
2026-03-11 00:43:00,3.0602,3.0602,3.0602,3.0602,3.0652,3.0652,3.0652,3.0652,1
2026-03-11 00:44:00,3.0607,3.0617,3.0582,3.0617,3.0657,3.0667,3.0632,3.0667,7
2026-03-11 00:45:00,3.0612,3.0637,3.0612,3.0632,3.0662,3.0687,3.0662,3.0682,5
2026-03-11 00:46:00,3.0627,3.0632,3.0627,3.0627,3.0677,3.0682,3.0677,3.0677,3
2026-03-11 00:47:00,3.0617,3.0617,3.0607,3.0607,3.0667,3.0667,3.0657,3.0657,2
2026-03-11 00:48:00,3.0602,3.0612,3.0597,3.0602,3.0652,3.0662,3.0647,3.0652,4
2026-03-11 00:49:00,3.0597,3.0602,3.0592,3.0602,3.0647,3.0652,3.0642,3.0652,4
2026-03-11 00:50:00,3.0597,3.0607,3.0587,3.0607,3.0647,3.0657,3.0637,3.0657,6
2026-03-11 00:51:00,3.0602,3.0612,3.0597,3.0607,3.0652,3.0662,3.0647,3.0657,8
2026-03-11 00:52:00,3.0617,3.0627,3.0617,3.0622,3.0667,3.0677,3.0667,3.0672,3
2026-03-11 00:53:00,3.0627,3.0632,3.0627,3.0632,3.0677,3.0682,3.0677,3.0682,2
2026-03-11 00:54:00,3.0637,3.0637,3.0637,3.0637,3.0687,3.0687,3.0687,3.0687,1
2026-03-11 00:55:00,3.0642,3.0647,3.0632,3.0632,3.0692,3.0697,3.0682,3.0682,4
2026-03-11 00:56:00,3.0617,3.0617,3.0612,3.0617,3.0667,3.0667,3.0662,3.0667,3
2026-03-11 00:57:00,3.0627,3.0647,3.0622,3.0622,3.0677,3.0697,3.0672,3.0672,4
2026-03-11 00:58:00,3.0617,3.0617,3.0597,3.0597,3.0667,3.0667,3.0647,3.0647,5
2026-03-11 01:00:00,3.0602,3.0617,3.0602,3.0607,3.0652,3.0667,3.0652,3.0657,8
2026-03-11 01:01:00,3.0612,3.0632,3.0612,3.0632,3.0662,3.0682,3.0662,3.0682,4
2026-03-11 01:02:00,3.0627,3.0637,3.0597,3.0597,3.0677,3.0687,3.0647,3.0647,9
2026-03-11 01:03:00,3.0592,3.0592,3.0582,3.0582,3.0642,3.0642,3.0632,3.0632,4
2026-03-11 01:04:00,3.0587,3.0587,3.0557,3.0567,3.0637,3.0637,3.0607,3.0617,7
2026-03-11 01:05:00,3.0572,3.0572,3.0567,3.0572,3.0622,3.0622,3.0617,3.0622,3
2026-03-11 01:06:00,3.0577,3.0607,3.0577,3.0592,3.0627,3.0657,3.0627,3.0642,11
2026-03-11 01:07:00,3.0582,3.0582,3.0582,3.0582,3.0632,3.0632,3.0632,3.0632,1
2026-03-11 01:08:00,3.0577,3.0577,3.0552,3.0557,3.0627,3.0627,3.0602,3.0607,6
2026-03-11 01:09:00,3.0562,3.0562,3.0487,3.0497,3.0612,3.0612,3.0537,3.0547,18
2026-03-11 01:10:00,3.0492,3.0562,3.0487,3.0562,3.0542,3.0612,3.0537,3.0612,16
2026-03-11 01:11:00,3.0557,3.0557,3.0542,3.0547,3.0607,3.0607,3.0592,3.0597,7
2026-03-11 01:12:00,3.0542,3.0557,3.0542,3.0547,3.0592,3.0607,3.0592,3.0597,3
2026-03-11 01:13:00,3.0542,3.0542,3.0392,3.0417,3.0592,3.0592,3.0442,3.0467,41
2026-03-11 01:14:00,3.0407,3.0452,3.0397,3.0442,3.0457,3.0502,3.0447,3.0492,13
2026-03-11 01:15:00,3.0432,3.0432,3.0417,3.0422,3.0482,3.0482,3.0467,3.0472,3
2026-03-11 01:16:00,3.0427,3.0427,3.0267,3.0307,3.0477,3.0477,3.0317,3.0357,50
2026-03-11 01:17:00,3.0302,3.0352,3.0282,3.0342,3.0352,3.0402,3.0332,3.0392,25
2026-03-11 01:18:00,3.0347,3.0357,3.0297,3.0297,3.0397,3.0407,3.0347,3.0347,21
2026-03-11 01:19:00,3.0287,3.0302,3.0287,3.0292,3.0337,3.0352,3.0337,3.0342,4
2026-03-11 01:20:00,3.0312,3.0332,3.0312,3.0332,3.0362,3.0382,3.0362,3.0382,3
2026-03-11 01:21:00,3.0327,3.0337,3.0327,3.0332,3.0377,3.0387,3.0377,3.0382,5
2026-03-11 01:23:00,3.0327,3.0327,3.0302,3.0307,3.0377,3.0377,3.0352,3.0357,5
2026-03-11 01:24:00,3.0312,3.0312,3.0282,3.0302,3.0362,3.0362,3.0332,3.0352,6
2026-03-11 01:25:00,3.0307,3.0327,3.0297,3.0327,3.0357,3.0377,3.0347,3.0377,9
2026-03-11 01:26:00,3.0332,3.0332,3.0297,3.0302,3.0382,3.0382,3.0347,3.0352,8
2026-03-11 01:27:00,3.0307,3.0347,3.0307,3.0347,3.0357,3.0397,3.0357,3.0397,6
2026-03-11 01:28:00,3.0342,3.0347,3.0342,3.0342,3.0392,3.0397,3.0392,3.0392,3
2026-03-11 01:29:00,3.0347,3.0367,3.0347,3.0357,3.0397,3.0417,3.0397,3.0407,5
2026-03-11 01:30:00,3.0367,3.0377,3.0357,3.0357,3.0417,3.0427,3.0407,3.0407,4
2026-03-11 01:31:00,3.0362,3.0367,3.0362,3.0362,3.0412,3.0417,3.0412,3.0412,3
2026-03-11 01:32:00,3.0367,3.0377,3.0362,3.0362,3.0417,3.0427,3.0412,3.0412,4
2026-03-11 01:33:00,3.0357,3.0357,3.0332,3.0332,3.0407,3.0407,3.0382,3.0382,3
2026-03-11 01:34:00,3.0327,3.0327,3.0322,3.0322,3.0377,3.0377,3.0372,3.0372,2
2026-03-11 01:35:00,3.0342,3.0342,3.0342,3.0342,3.0392,3.0392,3.0392,3.0392,1
2026-03-11 01:36:00,3.0332,3.0347,3.0332,3.0347,3.0382,3.0397,3.0382,3.0397,2
2026-03-11 01:37:00,3.0357,3.0357,3.0347,3.0352,3.0407,3.0407,3.0397,3.0402,3
2026-03-11 01:38:00,3.0362,3.0387,3.0362,3.0372,3.0412,3.0437,3.0412,3.0422,8
2026-03-11 01:39:00,3.0367,3.0372,3.0367,3.0372,3.0417,3.0422,3.0417,3.0422,2
2026-03-11 01:40:00,3.0377,3.0377,3.0357,3.0362,3.0427,3.0427,3.0407,3.0412,6
2026-03-11 01:41:00,3.0372,3.0372,3.0347,3.0352,3.0422,3.0422,3.0397,3.0402,6
2026-03-11 01:42:00,3.0347,3.0372,3.0347,3.0372,3.0397,3.0422,3.0397,3.0422,5
2026-03-11 01:43:00,3.0367,3.0367,3.0347,3.0347,3.0417,3.0417,3.0397,3.0397,3
2026-03-11 01:44:00,3.0342,3.0342,3.0342,3.0342,3.0392,3.0392,3.0392,3.0392,1
2026-03-11 01:45:00,3.0347,3.0367,3.0347,3.0357,3.0397,3.0417,3.0397,3.0407,7
2026-03-11 01:46:00,3.0347,3.0347,3.0342,3.0342,3.0397,3.0397,3.0392,3.0392,2
2026-03-11 01:47:00,3.0337,3.0347,3.0332,3.0347,3.0387,3.0397,3.0382,3.0397,4
2026-03-11 01:48:00,3.0342,3.0347,3.0337,3.0337,3.0392,3.0397,3.0387,3.0387,3
2026-03-11 01:49:00,3.0342,3.0352,3.0337,3.0352,3.0392,3.0402,3.0387,3.0402,4
2026-03-11 01:50:00,3.0342,3.0347,3.0342,3.0347,3.0392,3.0397,3.0392,3.0397,2
2026-03-11 01:51:00,3.0342,3.0342,3.0342,3.0342,3.0392,3.0392,3.0392,3.0392,1
2026-03-11 01:52:00,3.0347,3.0352,3.0342,3.0347,3.0397,3.0402,3.0392,3.0397,4
2026-03-11 01:53:00,3.0342,3.0342,3.0342,3.0342,3.0392,3.0392,3.0392,3.0392,1
2026-03-11 01:54:00,3.0332,3.0342,3.0332,3.0342,3.0382,3.0392,3.0382,3.0392,3
2026-03-11 01:55:00,3.0352,3.0352,3.0347,3.0347,3.0402,3.0402,3.0397,3.0397,4
2026-03-11 01:56:00,3.0357,3.0362,3.0352,3.0352,3.0407,3.0412,3.0402,3.0402,3
2026-03-11 01:57:00,3.0357,3.0362,3.0347,3.0357,3.0407,3.0412,3.0397,3.0407,5
2026-03-11 01:58:00,3.0352,3.0362,3.0352,3.0357,3.0402,3.0412,3.0402,3.0407,4
2026-03-11 01:59:00,3.0362,3.0377,3.0352,3.0357,3.0412,3.0427,3.0402,3.0407,9
2026-03-11 02:00:00,3.0352,3.0377,3.0312,3.0357,3.0402,3.0427,3.0362,3.0407,30
2026-03-11 02:01:00,3.0362,3.0367,3.0352,3.0362,3.0412,3.0417,3.0402,3.0412,9
2026-03-11 02:02:00,3.0367,3.0387,3.0367,3.0382,3.0417,3.0437,3.0417,3.0432,19
2026-03-11 02:03:00,3.0377,3.0437,3.0377,3.0402,3.0427,3.0487,3.0427,3.0452,14
2026-03-11 02:04:00,3.0417,3.0427,3.0417,3.0422,3.0467,3.0477,3.0467,3.0472,4
2026-03-11 02:05:00,3.0417,3.0427,3.0417,3.0422,3.0467,3.0477,3.0467,3.0472,6
2026-03-11 02:06:00,3.0427,3.0432,3.0422,3.0427,3.0477,3.0482,3.0472,3.0477,5
2026-03-11 02:07:00,3.0422,3.0422,3.0377,3.0387,3.0472,3.0472,3.0427,3.0437,16
2026-03-11 02:08:00,3.0382,3.0382,3.0377,3.0377,3.0432,3.0432,3.0427,3.0427,2
2026-03-11 02:09:00,3.0387,3.0417,3.0387,3.0412,3.0437,3.0467,3.0437,3.0462,8
2026-03-11 02:10:00,3.0417,3.0472,3.0417,3.0462,3.0467,3.0522,3.0467,3.0512,22
2026-03-11 02:11:00,3.0457,3.0457,3.0457,3.0457,3.0507,3.0507,3.0507,3.0507,1
2026-03-11 02:12:00,3.0452,3.0482,3.0447,3.0472,3.0502,3.0532,3.0497,3.0522,12
2026-03-11 02:13:00,3.0477,3.0477,3.0467,3.0477,3.0527,3.0527,3.0517,3.0527,5
2026-03-11 02:14:00,3.0467,3.0467,3.0447,3.0447,3.0517,3.0517,3.0497,3.0497,5
2026-03-11 02:15:00,3.0457,3.0457,3.0407,3.0432,3.0507,3.0507,3.0457,3.0482,11
2026-03-11 02:16:00,3.0422,3.0422,3.0362,3.0372,3.0472,3.0472,3.0412,3.0422,18
2026-03-11 02:17:00,3.0367,3.0387,3.0357,3.0382,3.0417,3.0437,3.0407,3.0432,6
2026-03-11 02:18:00,3.0377,3.0402,3.0377,3.0402,3.0427,3.0452,3.0427,3.0452,4
2026-03-11 02:19:00,3.0412,3.0427,3.0412,3.0427,3.0462,3.0477,3.0462,3.0477,2
2026-03-11 02:20:00,3.0417,3.0422,3.0407,3.0422,3.0467,3.0472,3.0457,3.0472,5
2026-03-11 02:21:00,3.0417,3.0417,3.0397,3.0412,3.0467,3.0467,3.0447,3.0462,5
2026-03-11 02:22:00,3.0407,3.0407,3.0392,3.0402,3.0457,3.0457,3.0442,3.0452,7
2026-03-11 02:24:00,3.0397,3.0397,3.0372,3.0377,3.0447,3.0447,3.0422,3.0427,7
2026-03-11 02:25:00,3.0372,3.0392,3.0337,3.0342,3.0422,3.0442,3.0387,3.0392,10
2026-03-11 02:26:00,3.0347,3.0367,3.0347,3.0367,3.0397,3.0417,3.0397,3.0417,4
2026-03-11 02:27:00,3.0362,3.0372,3.0277,3.0307,3.0412,3.0422,3.0327,3.0357,38
2026-03-11 02:28:00,3.0312,3.0327,3.0302,3.0317,3.0362,3.0377,3.0352,3.0367,7
2026-03-11 02:29:00,3.0322,3.0327,3.0322,3.0322,3.0372,3.0377,3.0372,3.0372,3
2026-03-11 02:30:00,3.0317,3.0322,3.0312,3.0317,3.0367,3.0372,3.0362,3.0367,4
2026-03-11 02:31:00,3.0322,3.0332,3.0312,3.0332,3.0372,3.0382,3.0362,3.0382,19
2026-03-11 02:32:00,3.0342,3.0342,3.0332,3.0332,3.0392,3.0392,3.0382,3.0382,5
2026-03-11 02:34:00,3.0342,3.0347,3.0342,3.0347,3.0392,3.0397,3.0392,3.0397,2
2026-03-11 02:35:00,3.0357,3.0382,3.0347,3.0372,3.0407,3.0432,3.0397,3.0422,8
2026-03-11 02:36:00,3.0357,3.0357,3.0342,3.0342,3.0407,3.0407,3.0392,3.0392,3
2026-03-11 02:37:00,3.0337,3.0337,3.0297,3.0297,3.0387,3.0387,3.0347,3.0347,11
2026-03-11 02:38:00,3.0307,3.0312,3.0307,3.0312,3.0357,3.0362,3.0357,3.0362,4
2026-03-11 02:39:00,3.0322,3.0322,3.0317,3.0317,3.0372,3.0372,3.0367,3.0367,4
2026-03-11 02:41:00,3.0322,3.0322,3.0317,3.0317,3.0372,3.0372,3.0367,3.0367,4
2026-03-11 02:42:00,3.0312,3.0312,3.0307,3.0307,3.0362,3.0362,3.0357,3.0357,2
2026-03-11 02:43:00,3.0302,3.0347,3.0302,3.0332,3.0352,3.0397,3.0352,3.0382,8
2026-03-11 02:44:00,3.0337,3.0337,3.0327,3.0327,3.0387,3.0387,3.0377,3.0377,5
2026-03-11 02:45:00,3.0332,3.0362,3.0332,3.0362,3.0382,3.0412,3.0382,3.0412,4
2026-03-11 02:46:00,3.0377,3.0387,3.0372,3.0382,3.0427,3.0437,3.0422,3.0432,13
2026-03-11 02:47:00,3.0387,3.0387,3.0372,3.0372,3.0437,3.0437,3.0422,3.0422,4
2026-03-11 02:48:00,3.0367,3.0367,3.0352,3.0352,3.0417,3.0417,3.0402,3.0402,2
2026-03-11 02:49:00,3.0357,3.0362,3.0357,3.0362,3.0407,3.0412,3.0407,3.0412,2
2026-03-11 02:50:00,3.0342,3.0342,3.0327,3.0342,3.0392,3.0392,3.0377,3.0392,4
2026-03-11 02:51:00,3.0337,3.0347,3.0332,3.0347,3.0387,3.0397,3.0382,3.0397,3
2026-03-11 02:52:00,3.0352,3.0352,3.0342,3.0352,3.0402,3.0402,3.0392,3.0402,4
2026-03-11 02:54:00,3.0357,3.0357,3.0357,3.0357,3.0407,3.0407,3.0407,3.0407,1
2026-03-11 02:55:00,3.0367,3.0387,3.0367,3.0387,3.0417,3.0437,3.0417,3.0437,4
2026-03-11 02:56:00,3.0392,3.0392,3.0367,3.0367,3.0442,3.0442,3.0417,3.0417,5
2026-03-11 02:57:00,3.0362,3.0367,3.0362,3.0367,3.0412,3.0417,3.0412,3.0417,2
2026-03-11 02:58:00,3.0362,3.0362,3.0352,3.0352,3.0412,3.0412,3.0402,3.0402,3
2026-03-11 02:59:00,3.0357,3.0357,3.0347,3.0347,3.0407,3.0407,3.0397,3.0397,4
2026-03-11 03:00:00,3.0352,3.0357,3.0347,3.0352,3.0402,3.0407,3.0397,3.0402,5
2026-03-11 03:01:00,3.0362,3.0397,3.0362,3.0387,3.0412,3.0447,3.0412,3.0437,11
2026-03-11 03:02:00,3.0392,3.0422,3.0392,3.0422,3.0442,3.0472,3.0442,3.0472,6
2026-03-11 03:03:00,3.0417,3.0427,3.0417,3.0422,3.0467,3.0477,3.0467,3.0472,8
2026-03-11 03:04:00,3.0432,3.0432,3.0407,3.0422,3.0482,3.0482,3.0457,3.0472,7
2026-03-11 03:06:00,3.0432,3.0437,3.0422,3.0422,3.0482,3.0487,3.0472,3.0472,7
2026-03-11 03:07:00,3.0412,3.0412,3.0392,3.0397,3.0462,3.0462,3.0442,3.0447,5
2026-03-11 03:08:00,3.0407,3.0422,3.0402,3.0422,3.0457,3.0472,3.0452,3.0472,6
2026-03-11 03:09:00,3.0427,3.0432,3.0427,3.0432,3.0477,3.0482,3.0477,3.0482,4
2026-03-11 03:10:00,3.0427,3.0427,3.0397,3.0397,3.0477,3.0477,3.0447,3.0447,7
2026-03-11 03:11:00,3.0392,3.0392,3.0392,3.0392,3.0442,3.0442,3.0442,3.0442,1
2026-03-11 03:12:00,3.0387,3.0427,3.0387,3.0427,3.0437,3.0477,3.0437,3.0477,19
2026-03-11 03:13:00,3.0417,3.0432,3.0407,3.0432,3.0467,3.0482,3.0457,3.0482,15
2026-03-11 03:14:00,3.0427,3.0427,3.0427,3.0427,3.0477,3.0477,3.0477,3.0477,1
2026-03-11 03:15:00,3.0422,3.0422,3.0422,3.0422,3.0472,3.0472,3.0472,3.0472,1
2026-03-11 03:16:00,3.0417,3.0422,3.0417,3.0422,3.0467,3.0472,3.0467,3.0472,2
2026-03-11 03:17:00,3.0417,3.0432,3.0417,3.0432,3.0467,3.0482,3.0467,3.0482,4
2026-03-11 03:19:00,3.0422,3.0422,3.0412,3.0412,3.0472,3.0472,3.0462,3.0462,3
2026-03-11 03:20:00,3.0417,3.0422,3.0417,3.0422,3.0467,3.0472,3.0467,3.0472,2
2026-03-11 03:22:00,3.0427,3.0432,3.0422,3.0422,3.0477,3.0482,3.0472,3.0472,5
2026-03-11 03:23:00,3.0412,3.0412,3.0412,3.0412,3.0462,3.0462,3.0462,3.0462,1
2026-03-11 03:24:00,3.0402,3.0402,3.0322,3.0327,3.0452,3.0452,3.0372,3.0377,10
2026-03-11 03:25:00,3.0332,3.0332,3.0327,3.0332,3.0382,3.0382,3.0377,3.0382,7
2026-03-11 03:26:00,3.0337,3.0337,3.0337,3.0337,3.0387,3.0387,3.0387,3.0387,1
2026-03-11 03:28:00,3.0332,3.0337,3.0317,3.0317,3.0382,3.0387,3.0367,3.0367,7
2026-03-11 03:29:00,3.0327,3.0332,3.0327,3.0332,3.0377,3.0382,3.0377,3.0382,2
2026-03-11 03:30:00,3.0327,3.0327,3.0307,3.0307,3.0377,3.0377,3.0357,3.0357,4
2026-03-11 03:31:00,3.0302,3.0317,3.0297,3.0307,3.0352,3.0367,3.0347,3.0357,10
2026-03-11 03:32:00,3.0317,3.0317,3.0317,3.0317,3.0367,3.0367,3.0367,3.0367,1
2026-03-11 03:33:00,3.0337,3.0337,3.0337,3.0337,3.0387,3.0387,3.0387,3.0387,1
2026-03-11 03:35:00,3.0332,3.0332,3.0322,3.0322,3.0382,3.0382,3.0372,3.0372,3
2026-03-11 03:36:00,3.0327,3.0327,3.0317,3.0317,3.0377,3.0377,3.0367,3.0367,3
2026-03-11 03:38:00,3.0312,3.0317,3.0312,3.0317,3.0362,3.0367,3.0362,3.0367,2
2026-03-11 03:39:00,3.0312,3.0317,3.0312,3.0317,3.0362,3.0367,3.0362,3.0367,2
2026-03-11 03:40:00,3.0322,3.0327,3.0322,3.0327,3.0372,3.0377,3.0372,3.0377,4
2026-03-11 03:41:00,3.0337,3.0337,3.0327,3.0327,3.0387,3.0387,3.0377,3.0377,3
2026-03-11 03:43:00,3.0317,3.0322,3.0317,3.0322,3.0367,3.0372,3.0367,3.0372,2
2026-03-11 03:44:00,3.0317,3.0317,3.0317,3.0317,3.0367,3.0367,3.0367,3.0367,1
2026-03-11 03:46:00,3.0322,3.0322,3.0317,3.0322,3.0372,3.0372,3.0367,3.0372,3
2026-03-11 03:48:00,3.0327,3.0327,3.0327,3.0327,3.0377,3.0377,3.0377,3.0377,1
2026-03-11 03:50:00,3.0337,3.0337,3.0327,3.0327,3.0387,3.0387,3.0377,3.0377,3
2026-03-11 03:51:00,3.0317,3.0317,3.0302,3.0307,3.0367,3.0367,3.0352,3.0357,8
2026-03-11 03:52:00,3.0302,3.0317,3.0302,3.0312,3.0352,3.0367,3.0352,3.0362,9
2026-03-11 03:53:00,3.0327,3.0327,3.0307,3.0312,3.0377,3.0377,3.0357,3.0362,4
2026-03-11 03:54:00,3.0307,3.0307,3.0302,3.0302,3.0357,3.0357,3.0352,3.0352,2
2026-03-11 03:55:00,3.0307,3.0317,3.0307,3.0317,3.0357,3.0367,3.0357,3.0367,3
2026-03-11 03:56:00,3.0312,3.0317,3.0312,3.0312,3.0362,3.0367,3.0362,3.0362,3
2026-03-11 03:57:00,3.0307,3.0307,3.0302,3.0302,3.0357,3.0357,3.0352,3.0352,6
2026-03-11 03:58:00,3.0307,3.0307,3.0307,3.0307,3.0357,3.0357,3.0357,3.0357,1
2026-03-11 03:59:00,3.0312,3.0317,3.0302,3.0302,3.0362,3.0367,3.0352,3.0352,19
2026-03-11 04:00:00,3.0297,3.0317,3.0297,3.0317,3.0347,3.0367,3.0347,3.0367,10
2026-03-11 04:01:00,3.0312,3.0317,3.0312,3.0317,3.0362,3.0367,3.0362,3.0367,2
2026-03-11 04:02:00,3.0322,3.0337,3.0322,3.0327,3.0372,3.0387,3.0372,3.0377,5
2026-03-11 04:05:00,3.0337,3.0337,3.0337,3.0337,3.0387,3.0387,3.0387,3.0387,1
2026-03-11 04:06:00,3.0327,3.0327,3.0317,3.0317,3.0377,3.0377,3.0367,3.0367,5
2026-03-11 04:07:00,3.0322,3.0327,3.0322,3.0327,3.0372,3.0377,3.0372,3.0377,2
2026-03-11 04:08:00,3.0337,3.0337,3.0337,3.0337,3.0387,3.0387,3.0387,3.0387,1
2026-03-11 04:11:00,3.0327,3.0327,3.0322,3.0327,3.0377,3.0377,3.0372,3.0377,5
2026-03-11 04:13:00,3.0337,3.0337,3.0322,3.0322,3.0387,3.0387,3.0372,3.0372,3
2026-03-11 04:15:00,3.0317,3.0337,3.0317,3.0337,3.0367,3.0387,3.0367,3.0387,4
2026-03-11 04:16:00,3.0332,3.0332,3.0332,3.0332,3.0382,3.0382,3.0382,3.0382,1
2026-03-11 04:17:00,3.0337,3.0337,3.0337,3.0337,3.0387,3.0387,3.0387,3.0387,1
2026-03-11 04:18:00,3.0332,3.0337,3.0327,3.0332,3.0382,3.0387,3.0377,3.0382,4
2026-03-11 04:19:00,3.0327,3.0327,3.0327,3.0327,3.0377,3.0377,3.0377,3.0377,1
2026-03-11 04:22:00,3.0322,3.0327,3.0322,3.0327,3.0372,3.0377,3.0372,3.0377,2
2026-03-11 04:24:00,3.0322,3.0322,3.0322,3.0322,3.0372,3.0372,3.0372,3.0372,1
2026-03-11 04:25:00,3.0317,3.0322,3.0297,3.0317,3.0367,3.0372,3.0347,3.0367,11
2026-03-11 04:26:00,3.0312,3.0322,3.0312,3.0322,3.0362,3.0372,3.0362,3.0372,3
2026-03-11 04:27:00,3.0327,3.0337,3.0322,3.0322,3.0377,3.0387,3.0372,3.0372,4
2026-03-11 04:28:00,3.0327,3.0327,3.0312,3.0317,3.0377,3.0377,3.0362,3.0367,8
2026-03-11 04:29:00,3.0307,3.0307,3.0297,3.0307,3.0357,3.0357,3.0347,3.0357,3
2026-03-11 04:30:00,3.0317,3.0327,3.0277,3.0297,3.0367,3.0377,3.0327,3.0347,28
2026-03-11 04:31:00,3.0302,3.0307,3.0292,3.0292,3.0352,3.0357,3.0342,3.0342,4
2026-03-11 04:32:00,3.0287,3.0287,3.0247,3.0262,3.0337,3.0337,3.0297,3.0312,13
2026-03-11 04:33:00,3.0267,3.0292,3.0262,3.0287,3.0317,3.0342,3.0312,3.0337,10
2026-03-11 04:34:00,3.0282,3.0297,3.0277,3.0287,3.0332,3.0347,3.0327,3.0337,9
2026-03-11 04:36:00,3.0277,3.0277,3.0272,3.0272,3.0327,3.0327,3.0322,3.0322,2
2026-03-11 04:37:00,3.0267,3.0267,3.0267,3.0267,3.0317,3.0317,3.0317,3.0317,1
2026-03-11 04:38:00,3.0262,3.0287,3.0262,3.0277,3.0312,3.0337,3.0312,3.0327,11
2026-03-11 04:39:00,3.0287,3.0287,3.0287,3.0287,3.0337,3.0337,3.0337,3.0337,1
2026-03-11 04:40:00,3.0292,3.0302,3.0262,3.0277,3.0342,3.0352,3.0312,3.0327,24
2026-03-11 04:41:00,3.0272,3.0277,3.0267,3.0272,3.0322,3.0327,3.0317,3.0322,7
2026-03-11 04:42:00,3.0267,3.0287,3.0267,3.0277,3.0317,3.0337,3.0317,3.0327,23
2026-03-11 04:43:00,3.0267,3.0272,3.0257,3.0267,3.0317,3.0322,3.0307,3.0317,11
2026-03-11 04:44:00,3.0277,3.0277,3.0267,3.0267,3.0327,3.0327,3.0317,3.0317,2
2026-03-11 04:45:00,3.0262,3.0267,3.0247,3.0262,3.0312,3.0317,3.0297,3.0312,11
2026-03-11 04:46:00,3.0257,3.0257,3.0237,3.0257,3.0307,3.0307,3.0287,3.0307,6
2026-03-11 04:47:00,3.0252,3.0252,3.0252,3.0252,3.0302,3.0302,3.0302,3.0302,1
2026-03-11 04:48:00,3.0257,3.0282,3.0252,3.0277,3.0307,3.0332,3.0302,3.0327,6
2026-03-11 04:49:00,3.0287,3.0322,3.0287,3.0307,3.0337,3.0372,3.0337,3.0357,13
2026-03-11 04:50:00,3.0317,3.0317,3.0317,3.0317,3.0367,3.0367,3.0367,3.0367,1
2026-03-11 04:52:00,3.0327,3.0327,3.0317,3.0317,3.0377,3.0377,3.0367,3.0367,5
2026-03-11 04:53:00,3.0327,3.0327,3.0287,3.0287,3.0377,3.0377,3.0337,3.0337,10
2026-03-11 04:54:00,3.0277,3.0287,3.0277,3.0277,3.0327,3.0337,3.0327,3.0327,4
2026-03-11 04:56:00,3.0267,3.0277,3.0257,3.0277,3.0317,3.0327,3.0307,3.0327,8
2026-03-11 04:57:00,3.0272,3.0272,3.0272,3.0272,3.0322,3.0322,3.0322,3.0322,1
2026-03-11 04:58:00,3.0267,3.0267,3.0257,3.0262,3.0317,3.0317,3.0307,3.0312,7
2026-03-11 04:59:00,3.0257,3.0262,3.0257,3.0257,3.0307,3.0312,3.0307,3.0307,3
2026-03-11 05:00:00,3.0267,3.0272,3.0267,3.0267,3.0317,3.0322,3.0317,3.0317,9
2026-03-11 05:01:00,3.0272,3.0287,3.0272,3.0287,3.0322,3.0337,3.0322,3.0337,6
2026-03-11 05:02:00,3.0297,3.0302,3.0287,3.0297,3.0347,3.0352,3.0337,3.0347,9
2026-03-11 05:03:00,3.0292,3.0312,3.0292,3.0307,3.0342,3.0362,3.0342,3.0357,4
2026-03-11 05:04:00,3.0297,3.0307,3.0297,3.0297,3.0347,3.0357,3.0347,3.0347,3
2026-03-11 05:07:00,3.0307,3.0312,3.0307,3.0307,3.0357,3.0362,3.0357,3.0357,3
2026-03-11 05:08:00,3.0312,3.0312,3.0287,3.0292,3.0362,3.0362,3.0337,3.0342,5
2026-03-11 05:09:00,3.0287,3.0307,3.0287,3.0307,3.0337,3.0357,3.0337,3.0357,4
2026-03-11 05:10:00,3.0312,3.0312,3.0307,3.0307,3.0362,3.0362,3.0357,3.0357,2
2026-03-11 05:11:00,3.0317,3.0337,3.0317,3.0322,3.0367,3.0387,3.0367,3.0372,6
2026-03-11 05:12:00,3.0317,3.0327,3.0307,3.0327,3.0367,3.0377,3.0357,3.0377,9
2026-03-11 05:13:00,3.0322,3.0327,3.0317,3.0327,3.0372,3.0377,3.0367,3.0377,3
2026-03-11 05:14:00,3.0337,3.0337,3.0327,3.0327,3.0387,3.0387,3.0377,3.0377,3
2026-03-11 05:16:00,3.0337,3.0337,3.0327,3.0337,3.0387,3.0387,3.0377,3.0387,3
2026-03-11 05:18:00,3.0327,3.0327,3.0327,3.0327,3.0377,3.0377,3.0377,3.0377,1
2026-03-11 05:19:00,3.0317,3.0327,3.0312,3.0327,3.0367,3.0377,3.0362,3.0377,6
2026-03-11 05:20:00,3.0322,3.0337,3.0317,3.0332,3.0372,3.0387,3.0367,3.0382,13
2026-03-11 05:21:00,3.0337,3.0337,3.0322,3.0322,3.0387,3.0387,3.0372,3.0372,5
2026-03-11 05:22:00,3.0327,3.0327,3.0327,3.0327,3.0377,3.0377,3.0377,3.0377,1
2026-03-11 05:23:00,3.0322,3.0337,3.0317,3.0332,3.0372,3.0387,3.0367,3.0382,7
2026-03-11 05:24:00,3.0337,3.0337,3.0322,3.0322,3.0387,3.0387,3.0372,3.0372,2
2026-03-11 05:25:00,3.0327,3.0327,3.0317,3.0322,3.0377,3.0377,3.0367,3.0372,4
2026-03-11 05:26:00,3.0327,3.0327,3.0327,3.0327,3.0377,3.0377,3.0377,3.0377,1
2026-03-11 05:27:00,3.0322,3.0327,3.0322,3.0327,3.0372,3.0377,3.0372,3.0377,2
2026-03-11 05:28:00,3.0332,3.0337,3.0332,3.0337,3.0382,3.0387,3.0382,3.0387,2
2026-03-11 05:33:00,3.0347,3.0452,3.0347,3.0427,3.0397,3.0502,3.0397,3.0477,41
2026-03-11 05:34:00,3.0422,3.0427,3.0392,3.0402,3.0472,3.0477,3.0442,3.0452,17
2026-03-11 05:35:00,3.0412,3.0412,3.0392,3.0407,3.0462,3.0462,3.0442,3.0457,10
2026-03-11 05:36:00,3.0397,3.0447,3.0397,3.0447,3.0447,3.0497,3.0447,3.0497,7
2026-03-11 05:37:00,3.0432,3.0452,3.0422,3.0432,3.0482,3.0502,3.0472,3.0482,14
2026-03-11 05:38:00,3.0427,3.0437,3.0422,3.0437,3.0477,3.0487,3.0472,3.0487,12
2026-03-11 05:39:00,3.0432,3.0432,3.0417,3.0427,3.0482,3.0482,3.0467,3.0477,7
2026-03-11 05:40:00,3.0432,3.0467,3.0432,3.0447,3.0482,3.0517,3.0482,3.0497,11
2026-03-11 05:41:00,3.0452,3.0477,3.0447,3.0457,3.0502,3.0527,3.0497,3.0507,17
2026-03-11 05:42:00,3.0447,3.0457,3.0422,3.0427,3.0497,3.0507,3.0472,3.0477,16
2026-03-11 05:43:00,3.0422,3.0427,3.0417,3.0427,3.0472,3.0477,3.0467,3.0477,3
2026-03-11 05:44:00,3.0437,3.0477,3.0437,3.0467,3.0487,3.0527,3.0487,3.0517,12
2026-03-11 05:45:00,3.0477,3.0477,3.0452,3.0457,3.0527,3.0527,3.0502,3.0507,8
2026-03-11 05:46:00,3.0462,3.0467,3.0457,3.0457,3.0512,3.0517,3.0507,3.0507,7
2026-03-11 05:47:00,3.0462,3.0467,3.0462,3.0462,3.0512,3.0517,3.0512,3.0512,3
2026-03-11 05:48:00,3.0467,3.0467,3.0407,3.0407,3.0517,3.0517,3.0457,3.0457,19
2026-03-11 05:49:00,3.0417,3.0437,3.0417,3.0437,3.0467,3.0487,3.0467,3.0487,4
2026-03-11 05:50:00,3.0432,3.0457,3.0432,3.0452,3.0482,3.0507,3.0482,3.0502,4
2026-03-11 05:51:00,3.0457,3.0462,3.0397,3.0397,3.0507,3.0512,3.0447,3.0447,8
2026-03-11 05:52:00,3.0392,3.0397,3.0377,3.0382,3.0442,3.0447,3.0427,3.0432,4
2026-03-11 05:53:00,3.0387,3.0397,3.0367,3.0372,3.0437,3.0447,3.0417,3.0422,12
2026-03-11 05:54:00,3.0367,3.0372,3.0367,3.0367,3.0417,3.0422,3.0417,3.0417,3
2026-03-11 05:55:00,3.0377,3.0382,3.0372,3.0377,3.0427,3.0432,3.0422,3.0427,5
2026-03-11 05:56:00,3.0382,3.0412,3.0382,3.0407,3.0432,3.0462,3.0432,3.0457,12
2026-03-11 05:57:00,3.0402,3.0412,3.0392,3.0412,3.0452,3.0462,3.0442,3.0462,5
2026-03-11 05:58:00,3.0407,3.0412,3.0402,3.0402,3.0457,3.0462,3.0452,3.0452,3
2026-03-11 05:59:00,3.0392,3.0397,3.0392,3.0397,3.0442,3.0447,3.0442,3.0447,4
2026-03-11 06:00:00,3.0392,3.0392,3.0387,3.0387,3.0442,3.0442,3.0437,3.0437,2
2026-03-11 06:01:00,3.0382,3.0387,3.0377,3.0387,3.0432,3.0437,3.0427,3.0437,5
2026-03-11 06:02:00,3.0397,3.0407,3.0387,3.0387,3.0447,3.0457,3.0437,3.0437,6
2026-03-11 06:03:00,3.0382,3.0442,3.0382,3.0442,3.0432,3.0492,3.0432,3.0492,14
2026-03-11 06:04:00,3.0447,3.0457,3.0432,3.0437,3.0497,3.0507,3.0482,3.0487,9
2026-03-11 06:05:00,3.0442,3.0452,3.0442,3.0452,3.0492,3.0502,3.0492,3.0502,9
2026-03-11 06:06:00,3.0457,3.0462,3.0457,3.0462,3.0507,3.0512,3.0507,3.0512,8
2026-03-11 06:07:00,3.0467,3.0467,3.0437,3.0467,3.0517,3.0517,3.0487,3.0517,8
2026-03-11 06:08:00,3.0457,3.0462,3.0452,3.0457,3.0507,3.0512,3.0502,3.0507,5
2026-03-11 06:09:00,3.0452,3.0502,3.0452,3.0472,3.0502,3.0552,3.0502,3.0522,12
2026-03-11 06:10:00,3.0487,3.0492,3.0472,3.0492,3.0537,3.0542,3.0522,3.0542,7
2026-03-11 06:11:00,3.0482,3.0482,3.0452,3.0462,3.0532,3.0532,3.0502,3.0512,9
2026-03-11 06:12:00,3.0467,3.0487,3.0462,3.0467,3.0517,3.0537,3.0512,3.0517,13
2026-03-11 06:13:00,3.0462,3.0467,3.0452,3.0467,3.0512,3.0517,3.0502,3.0517,20
2026-03-11 06:14:00,3.0472,3.0472,3.0462,3.0472,3.0522,3.0522,3.0512,3.0522,8
2026-03-11 06:15:00,3.0467,3.0472,3.0462,3.0462,3.0517,3.0522,3.0512,3.0512,4
2026-03-11 06:19:00,3.0457,3.0457,3.0452,3.0452,3.0507,3.0507,3.0502,3.0502,2
2026-03-11 06:20:00,3.0457,3.0457,3.0442,3.0447,3.0507,3.0507,3.0492,3.0497,6
2026-03-11 06:21:00,3.0437,3.0437,3.0422,3.0422,3.0487,3.0487,3.0472,3.0472,7
2026-03-11 06:22:00,3.0412,3.0417,3.0412,3.0417,3.0462,3.0467,3.0462,3.0467,2
2026-03-11 06:23:00,3.0422,3.0422,3.0422,3.0422,3.0472,3.0472,3.0472,3.0472,1
2026-03-11 06:24:00,3.0427,3.0437,3.0422,3.0437,3.0477,3.0487,3.0472,3.0487,5
2026-03-11 06:26:00,3.0447,3.0452,3.0442,3.0442,3.0497,3.0502,3.0492,3.0492,4
2026-03-11 06:27:00,3.0452,3.0452,3.0442,3.0442,3.0502,3.0502,3.0492,3.0492,2
2026-03-11 06:28:00,3.0447,3.0452,3.0447,3.0452,3.0497,3.0502,3.0497,3.0502,2
2026-03-11 06:29:00,3.0447,3.0457,3.0442,3.0457,3.0497,3.0507,3.0492,3.0507,4
2026-03-11 06:30:00,3.0452,3.0457,3.0452,3.0457,3.0502,3.0507,3.0502,3.0507,8
2026-03-11 06:31:00,3.0462,3.0467,3.0452,3.0467,3.0512,3.0517,3.0502,3.0517,6
2026-03-11 06:32:00,3.0472,3.0472,3.0472,3.0472,3.0522,3.0522,3.0522,3.0522,1
2026-03-11 06:33:00,3.0477,3.0482,3.0477,3.0482,3.0527,3.0532,3.0527,3.0532,4
2026-03-11 06:34:00,3.0487,3.0492,3.0487,3.0487,3.0537,3.0542,3.0537,3.0537,3
2026-03-11 06:35:00,3.0492,3.0502,3.0492,3.0502,3.0542,3.0552,3.0542,3.0552,3
2026-03-11 06:36:00,3.0507,3.0522,3.0507,3.0522,3.0557,3.0572,3.0557,3.0572,3
2026-03-11 06:37:00,3.0517,3.0547,3.0517,3.0542,3.0567,3.0597,3.0567,3.0592,9
2026-03-11 06:38:00,3.0537,3.0537,3.0507,3.0512,3.0587,3.0587,3.0557,3.0562,4
2026-03-11 06:39:00,3.0517,3.0517,3.0512,3.0512,3.0567,3.0567,3.0562,3.0562,2
2026-03-11 06:40:00,3.0507,3.0507,3.0447,3.0447,3.0557,3.0557,3.0497,3.0497,6
2026-03-11 06:41:00,3.0452,3.0472,3.0452,3.0462,3.0502,3.0522,3.0502,3.0512,7
2026-03-11 06:42:00,3.0457,3.0482,3.0447,3.0482,3.0507,3.0532,3.0497,3.0532,7
2026-03-11 06:43:00,3.0492,3.0502,3.0492,3.0502,3.0542,3.0552,3.0542,3.0552,3
2026-03-11 06:44:00,3.0487,3.0527,3.0487,3.0527,3.0537,3.0577,3.0537,3.0577,6
2026-03-11 06:45:00,3.0532,3.0532,3.0532,3.0532,3.0582,3.0582,3.0582,3.0582,1
2026-03-11 06:46:00,3.0522,3.0522,3.0497,3.0497,3.0572,3.0572,3.0547,3.0547,5
2026-03-11 06:47:00,3.0482,3.0512,3.0482,3.0497,3.0532,3.0562,3.0532,3.0547,6
2026-03-11 06:48:00,3.0502,3.0502,3.0487,3.0487,3.0552,3.0552,3.0537,3.0537,3
2026-03-11 06:49:00,3.0492,3.0492,3.0452,3.0452,3.0542,3.0542,3.0502,3.0502,4
2026-03-11 06:50:00,3.0447,3.0447,3.0417,3.0417,3.0497,3.0497,3.0467,3.0467,8
2026-03-11 06:51:00,3.0427,3.0477,3.0417,3.0467,3.0477,3.0527,3.0467,3.0517,13
2026-03-11 06:52:00,3.0482,3.0497,3.0482,3.0492,3.0532,3.0547,3.0532,3.0542,4
2026-03-11 06:53:00,3.0497,3.0497,3.0477,3.0487,3.0547,3.0547,3.0527,3.0537,4
2026-03-11 06:54:00,3.0492,3.0507,3.0492,3.0502,3.0542,3.0557,3.0542,3.0552,4
2026-03-11 06:56:00,3.0497,3.0497,3.0497,3.0497,3.0547,3.0547,3.0547,3.0547,1
2026-03-11 06:57:00,3.0512,3.0512,3.0497,3.0497,3.0562,3.0562,3.0547,3.0547,3
2026-03-11 06:58:00,3.0502,3.0512,3.0502,3.0502,3.0552,3.0562,3.0552,3.0552,4
2026-03-11 06:59:00,3.0507,3.0512,3.0507,3.0512,3.0557,3.0562,3.0557,3.0562,2
2026-03-11 07:00:00,3.0502,3.0502,3.0492,3.0492,3.0552,3.0552,3.0542,3.0542,2
2026-03-11 07:02:00,3.0497,3.0497,3.0497,3.0497,3.0547,3.0547,3.0547,3.0547,1
2026-03-11 07:03:00,3.0492,3.0497,3.0482,3.0482,3.0542,3.0547,3.0532,3.0532,6
2026-03-11 07:04:00,3.0477,3.0477,3.0472,3.0472,3.0527,3.0527,3.0522,3.0522,4
2026-03-11 07:05:00,3.0477,3.0477,3.0472,3.0472,3.0527,3.0527,3.0522,3.0522,4
2026-03-11 07:06:00,3.0457,3.0457,3.0432,3.0437,3.0507,3.0507,3.0482,3.0487,6
2026-03-11 07:07:00,3.0447,3.0447,3.0437,3.0437,3.0497,3.0497,3.0487,3.0487,3
2026-03-11 07:08:00,3.0432,3.0447,3.0432,3.0432,3.0482,3.0497,3.0482,3.0482,6
2026-03-11 07:09:00,3.0427,3.0427,3.0412,3.0412,3.0477,3.0477,3.0462,3.0462,5
2026-03-11 07:10:00,3.0417,3.0417,3.0392,3.0412,3.0467,3.0467,3.0442,3.0462,10
2026-03-11 07:11:00,3.0417,3.0417,3.0402,3.0407,3.0467,3.0467,3.0452,3.0457,4
2026-03-11 07:12:00,3.0402,3.0432,3.0402,3.0427,3.0452,3.0482,3.0452,3.0477,7
2026-03-11 07:13:00,3.0422,3.0487,3.0422,3.0482,3.0472,3.0537,3.0472,3.0532,12
2026-03-11 07:14:00,3.0487,3.0497,3.0462,3.0462,3.0537,3.0547,3.0512,3.0512,9
2026-03-11 07:15:00,3.0467,3.0482,3.0462,3.0477,3.0517,3.0532,3.0512,3.0527,5
2026-03-11 07:16:00,3.0482,3.0552,3.0482,3.0522,3.0532,3.0602,3.0532,3.0572,14
2026-03-11 07:17:00,3.0517,3.0527,3.0502,3.0517,3.0567,3.0577,3.0552,3.0567,8
2026-03-11 07:18:00,3.0522,3.0522,3.0457,3.0457,3.0572,3.0572,3.0507,3.0507,9
2026-03-11 07:19:00,3.0467,3.0477,3.0452,3.0457,3.0517,3.0527,3.0502,3.0507,12
2026-03-11 07:20:00,3.0462,3.0462,3.0462,3.0462,3.0512,3.0512,3.0512,3.0512,1
2026-03-11 07:21:00,3.0447,3.0452,3.0442,3.0442,3.0497,3.0502,3.0492,3.0492,4
2026-03-11 07:22:00,3.0407,3.0452,3.0407,3.0452,3.0457,3.0502,3.0457,3.0502,7
2026-03-11 07:23:00,3.0457,3.0507,3.0457,3.0507,3.0507,3.0557,3.0507,3.0557,6
2026-03-11 07:24:00,3.0502,3.0502,3.0487,3.0487,3.0552,3.0552,3.0537,3.0537,3
2026-03-11 07:25:00,3.0492,3.0497,3.0492,3.0497,3.0542,3.0547,3.0542,3.0547,4
2026-03-11 07:26:00,3.0492,3.0492,3.0487,3.0487,3.0542,3.0542,3.0537,3.0537,2
2026-03-11 07:27:00,3.0492,3.0517,3.0492,3.0507,3.0542,3.0567,3.0542,3.0557,10
2026-03-11 07:28:00,3.0517,3.0527,3.0517,3.0517,3.0567,3.0577,3.0567,3.0567,4
2026-03-11 07:29:00,3.0522,3.0522,3.0492,3.0502,3.0572,3.0572,3.0542,3.0552,7
2026-03-11 07:30:00,3.0512,3.0527,3.0512,3.0527,3.0562,3.0577,3.0562,3.0577,5
2026-03-11 07:31:00,3.0507,3.0507,3.0502,3.0502,3.0557,3.0557,3.0552,3.0552,2
2026-03-11 07:32:00,3.0507,3.0517,3.0507,3.0517,3.0557,3.0567,3.0557,3.0567,3
2026-03-11 07:33:00,3.0522,3.0522,3.0522,3.0522,3.0572,3.0572,3.0572,3.0572,1
2026-03-11 07:34:00,3.0527,3.0527,3.0527,3.0527,3.0577,3.0577,3.0577,3.0577,1
2026-03-11 07:35:00,3.0522,3.0522,3.0492,3.0497,3.0572,3.0572,3.0542,3.0547,9
2026-03-11 07:36:00,3.0487,3.0487,3.0452,3.0452,3.0537,3.0537,3.0502,3.0502,8
2026-03-11 07:37:00,3.0447,3.0452,3.0447,3.0452,3.0497,3.0502,3.0497,3.0502,2
2026-03-11 07:38:00,3.0457,3.0457,3.0437,3.0437,3.0507,3.0507,3.0487,3.0487,3
2026-03-11 07:39:00,3.0432,3.0452,3.0422,3.0452,3.0482,3.0502,3.0472,3.0502,6
2026-03-11 07:40:00,3.0442,3.0452,3.0422,3.0452,3.0492,3.0502,3.0472,3.0502,7
2026-03-11 07:41:00,3.0457,3.0487,3.0457,3.0482,3.0507,3.0537,3.0507,3.0532,7
2026-03-11 07:42:00,3.0492,3.0497,3.0492,3.0497,3.0542,3.0547,3.0542,3.0547,2
2026-03-11 07:43:00,3.0507,3.0507,3.0497,3.0507,3.0557,3.0557,3.0547,3.0557,3
2026-03-11 07:44:00,3.0497,3.0497,3.0472,3.0477,3.0547,3.0547,3.0522,3.0527,6
2026-03-11 07:45:00,3.0482,3.0482,3.0482,3.0482,3.0532,3.0532,3.0532,3.0532,1
2026-03-11 07:46:00,3.0477,3.0482,3.0477,3.0477,3.0527,3.0532,3.0527,3.0527,3
2026-03-11 07:47:00,3.0482,3.0482,3.0482,3.0482,3.0532,3.0532,3.0532,3.0532,1
2026-03-11 07:48:00,3.0477,3.0477,3.0477,3.0477,3.0527,3.0527,3.0527,3.0527,1
2026-03-11 07:49:00,3.0472,3.0482,3.0472,3.0477,3.0522,3.0532,3.0522,3.0527,4
2026-03-11 07:50:00,3.0467,3.0467,3.0457,3.0457,3.0517,3.0517,3.0507,3.0507,2
2026-03-11 07:51:00,3.0467,3.0477,3.0467,3.0472,3.0517,3.0527,3.0517,3.0522,3
2026-03-11 07:52:00,3.0482,3.0492,3.0477,3.0477,3.0532,3.0542,3.0527,3.0527,4
2026-03-11 07:53:00,3.0482,3.0482,3.0477,3.0482,3.0532,3.0532,3.0527,3.0532,5
2026-03-11 07:54:00,3.0477,3.0477,3.0472,3.0472,3.0527,3.0527,3.0522,3.0522,2
2026-03-11 07:55:00,3.0477,3.0477,3.0477,3.0477,3.0527,3.0527,3.0527,3.0527,1
2026-03-11 07:56:00,3.0487,3.0497,3.0457,3.0462,3.0537,3.0547,3.0507,3.0512,6
2026-03-11 07:57:00,3.0472,3.0482,3.0472,3.0482,3.0522,3.0532,3.0522,3.0532,2
2026-03-11 07:58:00,3.0472,3.0477,3.0457,3.0457,3.0522,3.0527,3.0507,3.0507,4
2026-03-11 07:59:00,3.0452,3.0452,3.0432,3.0432,3.0502,3.0502,3.0482,3.0482,3
2026-03-11 08:00:00,3.0422,3.0432,3.0392,3.0432,3.0472,3.0482,3.0442,3.0482,18
2026-03-11 08:01:00,3.0437,3.0472,3.0437,3.0472,3.0487,3.0522,3.0487,3.0522,10
2026-03-11 08:02:00,3.0477,3.0512,3.0477,3.0497,3.0527,3.0562,3.0527,3.0547,10
2026-03-11 08:03:00,3.0502,3.0522,3.0482,3.0492,3.0552,3.0572,3.0532,3.0542,17
2026-03-11 08:04:00,3.0507,3.0507,3.0472,3.0472,3.0557,3.0557,3.0522,3.0522,12
2026-03-11 08:05:00,3.0467,3.0497,3.0467,3.0492,3.0517,3.0547,3.0517,3.0542,10
2026-03-11 08:06:00,3.0487,3.0517,3.0472,3.0517,3.0537,3.0567,3.0522,3.0567,9
2026-03-11 08:07:00,3.0522,3.0552,3.0522,3.0542,3.0572,3.0602,3.0572,3.0592,13
2026-03-11 08:08:00,3.0537,3.0542,3.0522,3.0532,3.0587,3.0592,3.0572,3.0582,9
2026-03-11 08:09:00,3.0527,3.0527,3.0497,3.0502,3.0577,3.0577,3.0547,3.0552,13
2026-03-11 08:10:00,3.0507,3.0532,3.0487,3.0532,3.0557,3.0582,3.0537,3.0582,19
2026-03-11 08:11:00,3.0542,3.0577,3.0542,3.0562,3.0592,3.0627,3.0592,3.0612,13
2026-03-11 08:12:00,3.0567,3.0587,3.0552,3.0582,3.0617,3.0637,3.0602,3.0632,16
2026-03-11 08:13:00,3.0587,3.0632,3.0582,3.0602,3.0637,3.0682,3.0632,3.0652,17
2026-03-11 08:14:00,3.0597,3.0597,3.0562,3.0567,3.0647,3.0647,3.0612,3.0617,15
2026-03-11 08:15:00,3.0562,3.0572,3.0547,3.0552,3.0612,3.0622,3.0597,3.0602,11
2026-03-11 08:16:00,3.0557,3.0577,3.0522,3.0527,3.0607,3.0627,3.0572,3.0577,15
2026-03-11 08:17:00,3.0512,3.0532,3.0512,3.0522,3.0562,3.0582,3.0562,3.0572,6
2026-03-11 08:18:00,3.0527,3.0602,3.0527,3.0602,3.0577,3.0652,3.0577,3.0652,12
2026-03-11 08:19:00,3.0597,3.0602,3.0567,3.0567,3.0647,3.0652,3.0617,3.0617,8
2026-03-11 08:20:00,3.0562,3.0607,3.0552,3.0607,3.0612,3.0657,3.0602,3.0657,14
2026-03-11 08:21:00,3.0597,3.0677,3.0597,3.0637,3.0647,3.0727,3.0647,3.0687,33
2026-03-11 08:22:00,3.0647,3.0647,3.0612,3.0642,3.0697,3.0697,3.0662,3.0692,25
2026-03-11 08:23:00,3.0647,3.0677,3.0647,3.0672,3.0697,3.0727,3.0697,3.0722,11
2026-03-11 08:24:00,3.0662,3.0687,3.0657,3.0672,3.0712,3.0737,3.0707,3.0722,13
2026-03-11 08:25:00,3.0682,3.0697,3.0672,3.0687,3.0732,3.0747,3.0722,3.0737,12
2026-03-11 08:26:00,3.0692,3.0722,3.0687,3.0687,3.0742,3.0772,3.0737,3.0737,17
2026-03-11 08:27:00,3.0692,3.0697,3.0672,3.0672,3.0742,3.0747,3.0722,3.0722,15
2026-03-11 08:28:00,3.0667,3.0697,3.0642,3.0667,3.0717,3.0747,3.0692,3.0717,13
2026-03-11 08:29:00,3.0672,3.0677,3.0647,3.0667,3.0722,3.0727,3.0697,3.0717,16
2026-03-11 08:30:00,3.0672,3.0687,3.0662,3.0667,3.0722,3.0737,3.0712,3.0717,16
2026-03-11 08:31:00,3.0657,3.0667,3.0647,3.0662,3.0707,3.0717,3.0697,3.0712,13
2026-03-11 08:32:00,3.0652,3.0672,3.0637,3.0667,3.0702,3.0722,3.0687,3.0717,17
2026-03-11 08:33:00,3.0662,3.0672,3.0657,3.0662,3.0712,3.0722,3.0707,3.0712,9
2026-03-11 08:34:00,3.0667,3.0667,3.0632,3.0637,3.0717,3.0717,3.0682,3.0687,6
2026-03-11 08:35:00,3.0647,3.0662,3.0647,3.0662,3.0697,3.0712,3.0697,3.0712,4
2026-03-11 08:36:00,3.0657,3.0702,3.0642,3.0702,3.0707,3.0752,3.0692,3.0752,18
2026-03-11 08:37:00,3.0707,3.0707,3.0672,3.0682,3.0757,3.0757,3.0722,3.0732,21
2026-03-11 08:38:00,3.0677,3.0682,3.0657,3.0672,3.0727,3.0732,3.0707,3.0722,14
2026-03-11 08:39:00,3.0682,3.0697,3.0667,3.0697,3.0732,3.0747,3.0717,3.0747,24
2026-03-11 08:40:00,3.0687,3.0707,3.0687,3.0692,3.0737,3.0757,3.0737,3.0742,22
2026-03-11 08:41:00,3.0687,3.0707,3.0677,3.0707,3.0737,3.0757,3.0727,3.0757,11
2026-03-11 08:42:00,3.0717,3.0747,3.0717,3.0737,3.0767,3.0797,3.0767,3.0787,8
2026-03-11 08:43:00,3.0747,3.0767,3.0737,3.0762,3.0797,3.0817,3.0787,3.0812,8
2026-03-11 08:44:00,3.0757,3.0762,3.0742,3.0742,3.0807,3.0812,3.0792,3.0792,8
2026-03-11 08:45:00,3.0737,3.0757,3.0727,3.0757,3.0787,3.0807,3.0777,3.0807,23
2026-03-11 08:46:00,3.0747,3.0757,3.0747,3.0757,3.0797,3.0807,3.0797,3.0807,6
2026-03-11 08:47:00,3.0767,3.0777,3.0762,3.0762,3.0817,3.0827,3.0812,3.0812,12
2026-03-11 08:48:00,3.0757,3.0762,3.0737,3.0757,3.0807,3.0812,3.0787,3.0807,12
2026-03-11 08:49:00,3.0762,3.0762,3.0732,3.0742,3.0812,3.0812,3.0782,3.0792,17
2026-03-11 08:50:00,3.0737,3.0737,3.0717,3.0722,3.0787,3.0787,3.0767,3.0772,5
2026-03-11 08:51:00,3.0732,3.0742,3.0702,3.0742,3.0782,3.0792,3.0752,3.0792,8
2026-03-11 08:52:00,3.0752,3.0762,3.0742,3.0752,3.0802,3.0812,3.0792,3.0802,8
2026-03-11 08:53:00,3.0757,3.0767,3.0752,3.0762,3.0807,3.0817,3.0802,3.0812,19
2026-03-11 08:54:00,3.0757,3.0757,3.0747,3.0752,3.0807,3.0807,3.0797,3.0802,4
2026-03-11 08:55:00,3.0757,3.0772,3.0727,3.0737,3.0807,3.0822,3.0777,3.0787,13
2026-03-11 08:56:00,3.0732,3.0757,3.0722,3.0737,3.0782,3.0807,3.0772,3.0787,10
2026-03-11 08:57:00,3.0742,3.0757,3.0737,3.0752,3.0792,3.0807,3.0787,3.0802,7
2026-03-11 08:58:00,3.0747,3.0747,3.0692,3.0702,3.0797,3.0797,3.0742,3.0752,13
2026-03-11 08:59:00,3.0697,3.0702,3.0677,3.0677,3.0747,3.0752,3.0727,3.0727,10
2026-03-11 09:00:00,3.0672,3.0677,3.0637,3.0667,3.0722,3.0727,3.0687,3.0717,18
2026-03-11 09:01:00,3.0677,3.0677,3.0662,3.0662,3.0727,3.0727,3.0712,3.0712,11
2026-03-11 09:02:00,3.0667,3.0677,3.0657,3.0677,3.0717,3.0727,3.0707,3.0727,7
2026-03-11 09:03:00,3.0672,3.0682,3.0652,3.0667,3.0722,3.0732,3.0702,3.0717,9
2026-03-11 09:04:00,3.0662,3.0662,3.0662,3.0662,3.0712,3.0712,3.0712,3.0712,1
2026-03-11 09:05:00,3.0657,3.0657,3.0617,3.0617,3.0707,3.0707,3.0667,3.0667,7
2026-03-11 09:06:00,3.0612,3.0612,3.0572,3.0582,3.0662,3.0662,3.0622,3.0632,18
2026-03-11 09:07:00,3.0577,3.0582,3.0577,3.0582,3.0627,3.0632,3.0627,3.0632,2
2026-03-11 09:08:00,3.0587,3.0587,3.0567,3.0567,3.0637,3.0637,3.0617,3.0617,5
2026-03-11 09:09:00,3.0572,3.0577,3.0567,3.0577,3.0622,3.0627,3.0617,3.0627,8
2026-03-11 09:10:00,3.0567,3.0592,3.0567,3.0582,3.0617,3.0642,3.0617,3.0632,8
2026-03-11 09:11:00,3.0577,3.0592,3.0567,3.0592,3.0627,3.0642,3.0617,3.0642,8
2026-03-11 09:12:00,3.0597,3.0617,3.0597,3.0617,3.0647,3.0667,3.0647,3.0667,3
2026-03-11 09:13:00,3.0632,3.0657,3.0632,3.0657,3.0682,3.0707,3.0682,3.0707,7
2026-03-11 09:14:00,3.0662,3.0662,3.0632,3.0637,3.0712,3.0712,3.0682,3.0687,5
2026-03-11 09:15:00,3.0642,3.0662,3.0637,3.0662,3.0692,3.0712,3.0687,3.0712,13
2026-03-11 09:16:00,3.0652,3.0652,3.0627,3.0642,3.0702,3.0702,3.0677,3.0692,8
2026-03-11 09:17:00,3.0647,3.0672,3.0632,3.0672,3.0697,3.0722,3.0682,3.0722,9
2026-03-11 09:18:00,3.0667,3.0687,3.0662,3.0677,3.0717,3.0737,3.0712,3.0727,6
2026-03-11 09:19:00,3.0672,3.0722,3.0652,3.0692,3.0722,3.0772,3.0702,3.0742,26
2026-03-11 09:20:00,3.0702,3.0707,3.0662,3.0677,3.0752,3.0757,3.0712,3.0727,16
2026-03-11 09:21:00,3.0672,3.0672,3.0637,3.0637,3.0722,3.0722,3.0687,3.0687,14
2026-03-11 09:22:00,3.0632,3.0677,3.0617,3.0637,3.0682,3.0727,3.0667,3.0687,22
2026-03-11 09:23:00,3.0632,3.0657,3.0632,3.0642,3.0682,3.0707,3.0682,3.0692,9
2026-03-11 09:24:00,3.0632,3.0647,3.0632,3.0647,3.0682,3.0697,3.0682,3.0697,7
2026-03-11 09:25:00,3.0652,3.0692,3.0652,3.0677,3.0702,3.0742,3.0702,3.0727,15
2026-03-11 09:26:00,3.0682,3.0682,3.0652,3.0677,3.0732,3.0732,3.0702,3.0727,13
2026-03-11 09:27:00,3.0672,3.0677,3.0647,3.0647,3.0722,3.0727,3.0697,3.0697,12
2026-03-11 09:28:00,3.0652,3.0732,3.0652,3.0727,3.0702,3.0782,3.0702,3.0777,18
2026-03-11 09:29:00,3.0722,3.0757,3.0662,3.0747,3.0772,3.0807,3.0712,3.0797,32
2026-03-11 09:30:00,3.0742,3.0772,3.0737,3.0757,3.0792,3.0822,3.0787,3.0807,12
2026-03-11 09:31:00,3.0752,3.0782,3.0752,3.0782,3.0802,3.0832,3.0802,3.0832,7
2026-03-11 09:32:00,3.0777,3.0782,3.0762,3.0762,3.0827,3.0832,3.0812,3.0812,10
2026-03-11 09:33:00,3.0757,3.0762,3.0742,3.0742,3.0807,3.0812,3.0792,3.0792,9
2026-03-11 09:34:00,3.0737,3.0752,3.0722,3.0722,3.0787,3.0802,3.0772,3.0772,14
2026-03-11 09:35:00,3.0712,3.0752,3.0712,3.0752,3.0762,3.0802,3.0762,3.0802,15
2026-03-11 09:36:00,3.0757,3.0772,3.0732,3.0767,3.0807,3.0822,3.0782,3.0817,12
2026-03-11 09:37:00,3.0762,3.0772,3.0757,3.0757,3.0812,3.0822,3.0807,3.0807,12
2026-03-11 09:38:00,3.0752,3.0777,3.0742,3.0747,3.0802,3.0827,3.0792,3.0797,10
2026-03-11 09:39:00,3.0752,3.0752,3.0707,3.0712,3.0802,3.0802,3.0757,3.0762,10
2026-03-11 09:40:00,3.0707,3.0717,3.0707,3.0717,3.0757,3.0767,3.0757,3.0767,3
2026-03-11 09:41:00,3.0712,3.0782,3.0712,3.0732,3.0762,3.0832,3.0762,3.0782,23
2026-03-11 09:42:00,3.0737,3.0752,3.0737,3.0737,3.0787,3.0802,3.0787,3.0787,7
2026-03-11 09:43:00,3.0732,3.0732,3.0687,3.0692,3.0782,3.0782,3.0737,3.0742,13
2026-03-11 09:44:00,3.0697,3.0757,3.0697,3.0757,3.0747,3.0807,3.0747,3.0807,21
2026-03-11 09:45:00,3.0747,3.0762,3.0722,3.0737,3.0797,3.0812,3.0772,3.0787,22
2026-03-11 09:46:00,3.0732,3.0772,3.0727,3.0767,3.0782,3.0822,3.0777,3.0817,26
2026-03-11 09:47:00,3.0787,3.0787,3.0742,3.0762,3.0837,3.0837,3.0792,3.0812,20
2026-03-11 09:48:00,3.0767,3.0782,3.0767,3.0782,3.0817,3.0832,3.0817,3.0832,6
2026-03-11 09:49:00,3.0777,3.0787,3.0757,3.0777,3.0827,3.0837,3.0807,3.0827,12
2026-03-11 09:50:00,3.0787,3.0862,3.0787,3.0862,3.0837,3.0912,3.0837,3.0912,28
2026-03-11 09:51:00,3.0857,3.0897,3.0857,3.0862,3.0907,3.0947,3.0907,3.0912,23
2026-03-11 09:52:00,3.0867,3.0867,3.0837,3.0842,3.0917,3.0917,3.0887,3.0892,13
2026-03-11 09:53:00,3.0837,3.0837,3.0802,3.0827,3.0887,3.0887,3.0852,3.0877,20
2026-03-11 09:54:00,3.0832,3.0877,3.0832,3.0877,3.0882,3.0927,3.0882,3.0927,18
2026-03-11 09:55:00,3.0887,3.0907,3.0882,3.0907,3.0937,3.0957,3.0932,3.0957,16
2026-03-11 09:56:00,3.0902,3.0907,3.0882,3.0897,3.0952,3.0957,3.0932,3.0947,10
2026-03-11 09:57:00,3.0892,3.0912,3.0807,3.0862,3.0942,3.0962,3.0857,3.0912,64
2026-03-11 09:58:00,3.0857,3.0877,3.0817,3.0857,3.0907,3.0927,3.0867,3.0907,42
2026-03-11 09:59:00,3.0852,3.0902,3.0807,3.0897,3.0902,3.0952,3.0857,3.0947,23
2026-03-11 10:00:00,3.0912,3.1027,3.0902,3.1012,3.0962,3.1077,3.0952,3.1062,56
2026-03-11 10:01:00,3.1007,3.1037,3.0987,3.1012,3.1057,3.1087,3.1037,3.1062,38
2026-03-11 10:02:00,3.0997,3.1017,3.0927,3.0992,3.1047,3.1067,3.0977,3.1042,42
2026-03-11 10:03:00,3.0997,3.1112,3.0982,3.1087,3.1047,3.1162,3.1032,3.1137,41
2026-03-11 10:04:00,3.1082,3.1097,3.1057,3.1067,3.1132,3.1147,3.1107,3.1117,28
2026-03-11 10:05:00,3.1072,3.1137,3.1072,3.1112,3.1122,3.1187,3.1122,3.1162,60
2026-03-11 10:06:00,3.1117,3.1137,3.1092,3.1127,3.1167,3.1187,3.1142,3.1177,35
2026-03-11 10:07:00,3.1122,3.1122,3.1072,3.1097,3.1172,3.1172,3.1122,3.1147,30
2026-03-11 10:08:00,3.1102,3.1127,3.1097,3.1107,3.1152,3.1177,3.1147,3.1157,27
2026-03-11 10:09:00,3.1112,3.1122,3.1077,3.1107,3.1162,3.1172,3.1127,3.1157,28
2026-03-11 10:10:00,3.1112,3.1122,3.1052,3.1057,3.1162,3.1172,3.1102,3.1107,21
2026-03-11 10:11:00,3.1042,3.1047,3.0982,3.0992,3.1092,3.1097,3.1032,3.1042,25
2026-03-11 10:12:00,3.0987,3.1017,3.0987,3.0997,3.1037,3.1067,3.1037,3.1047,11
2026-03-11 10:13:00,3.1002,3.1007,3.0977,3.0992,3.1052,3.1057,3.1027,3.1042,17
2026-03-11 10:14:00,3.0987,3.1012,3.0972,3.0992,3.1037,3.1062,3.1022,3.1042,19
2026-03-11 10:15:00,3.0987,3.1012,3.0972,3.0992,3.1037,3.1062,3.1022,3.1042,21
2026-03-11 10:16:00,3.1002,3.1032,3.1002,3.1022,3.1052,3.1082,3.1052,3.1072,10
2026-03-11 10:17:00,3.1017,3.1022,3.0982,3.0987,3.1067,3.1072,3.1032,3.1037,13
2026-03-11 10:18:00,3.0982,3.0997,3.0972,3.0997,3.1032,3.1047,3.1022,3.1047,14
2026-03-11 10:19:00,3.0992,3.1007,3.0977,3.0997,3.1042,3.1057,3.1027,3.1047,10
2026-03-11 10:20:00,3.0987,3.0997,3.0907,3.0937,3.1037,3.1047,3.0957,3.0987,15
2026-03-11 10:21:00,3.0932,3.0937,3.0932,3.0937,3.0982,3.0987,3.0982,3.0987,2
2026-03-11 10:22:00,3.0932,3.0937,3.0927,3.0937,3.0982,3.0987,3.0977,3.0987,4
2026-03-11 10:23:00,3.0932,3.0937,3.0917,3.0937,3.0982,3.0987,3.0967,3.0987,14
2026-03-11 10:24:00,3.0962,3.1022,3.0962,3.1022,3.1012,3.1072,3.1012,3.1072,13
2026-03-11 10:25:00,3.1027,3.1027,3.1002,3.1007,3.1077,3.1077,3.1052,3.1057,12
2026-03-11 10:26:00,3.1017,3.1017,3.0962,3.0972,3.1067,3.1067,3.1012,3.1022,15
2026-03-11 10:27:00,3.0962,3.0982,3.0962,3.0977,3.1012,3.1032,3.1012,3.1027,12
2026-03-11 10:28:00,3.0982,3.1032,3.0982,3.1032,3.1032,3.1082,3.1032,3.1082,28
2026-03-11 10:29:00,3.1022,3.1037,3.0987,3.0987,3.1072,3.1087,3.1037,3.1037,22
2026-03-11 10:30:00,3.0992,3.1017,3.0972,3.1002,3.1042,3.1067,3.1022,3.1052,27
2026-03-11 10:31:00,3.1007,3.1047,3.1007,3.1027,3.1057,3.1097,3.1057,3.1077,24
2026-03-11 10:32:00,3.1032,3.1032,3.0992,3.1007,3.1082,3.1082,3.1042,3.1057,30
2026-03-11 10:33:00,3.1002,3.1002,3.0897,3.0952,3.1052,3.1052,3.0947,3.1002,47
2026-03-11 10:34:00,3.0942,3.0957,3.0927,3.0957,3.0992,3.1007,3.0977,3.1007,11
2026-03-11 10:35:00,3.0952,3.0977,3.0937,3.0977,3.1002,3.1027,3.0987,3.1027,21
2026-03-11 10:36:00,3.0972,3.0992,3.0957,3.0992,3.1022,3.1042,3.1007,3.1042,11
2026-03-11 10:37:00,3.0997,3.1032,3.0997,3.1012,3.1047,3.1082,3.1047,3.1062,16
2026-03-11 10:38:00,3.1017,3.1027,3.1017,3.1022,3.1067,3.1077,3.1067,3.1072,9
2026-03-11 10:39:00,3.1017,3.1017,3.0967,3.0977,3.1067,3.1067,3.1017,3.1027,15
2026-03-11 10:40:00,3.0982,3.0982,3.0952,3.0977,3.1032,3.1032,3.1002,3.1027,27
2026-03-11 10:41:00,3.0982,3.0997,3.0967,3.0967,3.1032,3.1047,3.1017,3.1017,15
2026-03-11 10:42:00,3.0962,3.0962,3.0932,3.0947,3.1012,3.1012,3.0982,3.0997,14
2026-03-11 10:43:00,3.0952,3.0962,3.0947,3.0952,3.1002,3.1012,3.0997,3.1002,19
2026-03-11 10:44:00,3.0942,3.0947,3.0917,3.0947,3.0992,3.0997,3.0967,3.0997,13
2026-03-11 10:45:00,3.0942,3.0952,3.0927,3.0932,3.0992,3.1002,3.0977,3.0982,17
2026-03-11 10:46:00,3.0927,3.0942,3.0907,3.0922,3.0977,3.0992,3.0957,3.0972,19
2026-03-11 10:47:00,3.0927,3.0942,3.0912,3.0942,3.0977,3.0992,3.0962,3.0992,21
2026-03-11 10:48:00,3.0947,3.0957,3.0922,3.0932,3.0997,3.1007,3.0972,3.0982,12
2026-03-11 10:49:00,3.0937,3.0947,3.0927,3.0932,3.0987,3.0997,3.0977,3.0982,6
2026-03-11 10:50:00,3.0937,3.0937,3.0912,3.0912,3.0987,3.0987,3.0962,3.0962,10
2026-03-11 10:51:00,3.0917,3.0947,3.0917,3.0942,3.0967,3.0997,3.0967,3.0992,10
2026-03-11 10:52:00,3.0937,3.0937,3.0897,3.0912,3.0987,3.0987,3.0947,3.0962,9
2026-03-11 10:53:00,3.0902,3.0917,3.0902,3.0912,3.0952,3.0967,3.0952,3.0962,12
2026-03-11 10:54:00,3.0917,3.0942,3.0912,3.0922,3.0967,3.0992,3.0962,3.0972,18
2026-03-11 10:55:00,3.0932,3.0932,3.0837,3.0847,3.0982,3.0982,3.0887,3.0897,14
2026-03-11 10:56:00,3.0842,3.0847,3.0832,3.0842,3.0892,3.0897,3.0882,3.0892,5
2026-03-11 10:57:00,3.0837,3.0857,3.0837,3.0847,3.0887,3.0907,3.0887,3.0897,5
2026-03-11 10:58:00,3.0842,3.0862,3.0842,3.0847,3.0892,3.0912,3.0892,3.0897,6
2026-03-11 10:59:00,3.0842,3.0867,3.0837,3.0852,3.0892,3.0917,3.0887,3.0902,13
2026-03-11 11:00:00,3.0862,3.0867,3.0847,3.0867,3.0912,3.0917,3.0897,3.0917,15
2026-03-11 11:01:00,3.0857,3.0887,3.0842,3.0872,3.0907,3.0937,3.0892,3.0922,28
2026-03-11 11:02:00,3.0867,3.0872,3.0857,3.0857,3.0917,3.0922,3.0907,3.0907,10
2026-03-11 11:03:00,3.0867,3.0887,3.0837,3.0837,3.0917,3.0937,3.0887,3.0887,19
2026-03-11 11:04:00,3.0832,3.0832,3.0797,3.0802,3.0882,3.0882,3.0847,3.0852,14
2026-03-11 11:05:00,3.0797,3.0812,3.0767,3.0787,3.0847,3.0862,3.0817,3.0837,12
2026-03-11 11:06:00,3.0792,3.0807,3.0757,3.0767,3.0842,3.0857,3.0807,3.0817,32
2026-03-11 11:07:00,3.0762,3.0762,3.0727,3.0727,3.0812,3.0812,3.0777,3.0777,19
2026-03-11 11:08:00,3.0722,3.0722,3.0697,3.0697,3.0772,3.0772,3.0747,3.0747,13
2026-03-11 11:09:00,3.0702,3.0727,3.0702,3.0727,3.0752,3.0777,3.0752,3.0777,13
2026-03-11 11:10:00,3.0717,3.0737,3.0642,3.0657,3.0767,3.0787,3.0692,3.0707,29
2026-03-11 11:11:00,3.0667,3.0687,3.0662,3.0687,3.0717,3.0737,3.0712,3.0737,6
2026-03-11 11:12:00,3.0707,3.0767,3.0707,3.0752,3.0757,3.0817,3.0757,3.0802,15
2026-03-11 11:13:00,3.0747,3.0757,3.0732,3.0737,3.0797,3.0807,3.0782,3.0787,10
2026-03-11 11:14:00,3.0727,3.0767,3.0697,3.0697,3.0777,3.0817,3.0747,3.0747,44
2026-03-11 11:15:00,3.0702,3.0702,3.0687,3.0697,3.0752,3.0752,3.0737,3.0747,14
2026-03-11 11:16:00,3.0702,3.0702,3.0652,3.0682,3.0752,3.0752,3.0702,3.0732,35
2026-03-11 11:17:00,3.0672,3.0687,3.0667,3.0687,3.0722,3.0737,3.0717,3.0737,9
2026-03-11 11:18:00,3.0682,3.0702,3.0667,3.0667,3.0732,3.0752,3.0717,3.0717,24
2026-03-11 11:19:00,3.0672,3.0692,3.0667,3.0692,3.0722,3.0742,3.0717,3.0742,8
2026-03-11 11:20:00,3.0687,3.0717,3.0677,3.0707,3.0737,3.0767,3.0727,3.0757,18
2026-03-11 11:21:00,3.0712,3.0727,3.0702,3.0717,3.0762,3.0777,3.0752,3.0767,13
2026-03-11 11:22:00,3.0727,3.0737,3.0717,3.0727,3.0777,3.0787,3.0767,3.0777,9
2026-03-11 11:23:00,3.0717,3.0727,3.0717,3.0727,3.0767,3.0777,3.0767,3.0777,4
2026-03-11 11:24:00,3.0717,3.0787,3.0717,3.0777,3.0767,3.0837,3.0767,3.0827,25
2026-03-11 11:25:00,3.0772,3.0772,3.0687,3.0697,3.0822,3.0822,3.0737,3.0747,21
2026-03-11 11:26:00,3.0692,3.0707,3.0687,3.0702,3.0742,3.0757,3.0737,3.0752,14
2026-03-11 11:27:00,3.0697,3.0757,3.0697,3.0747,3.0747,3.0807,3.0747,3.0797,18
2026-03-11 11:28:00,3.0742,3.0742,3.0702,3.0717,3.0792,3.0792,3.0752,3.0767,17
2026-03-11 11:29:00,3.0712,3.0747,3.0687,3.0747,3.0762,3.0797,3.0737,3.0797,11
2026-03-11 11:30:00,3.0737,3.0747,3.0687,3.0692,3.0787,3.0797,3.0737,3.0742,22
2026-03-11 11:31:00,3.0687,3.0692,3.0637,3.0672,3.0737,3.0742,3.0687,3.0722,23
2026-03-11 11:32:00,3.0687,3.0717,3.0662,3.0717,3.0737,3.0767,3.0712,3.0767,24
2026-03-11 11:33:00,3.0722,3.0737,3.0712,3.0717,3.0772,3.0787,3.0762,3.0767,21
2026-03-11 11:34:00,3.0707,3.0717,3.0687,3.0697,3.0757,3.0767,3.0737,3.0747,18
2026-03-11 11:35:00,3.0692,3.0692,3.0672,3.0677,3.0742,3.0742,3.0722,3.0727,11
2026-03-11 11:36:00,3.0682,3.0682,3.0617,3.0617,3.0732,3.0732,3.0667,3.0667,21
2026-03-11 11:37:00,3.0607,3.0627,3.0587,3.0587,3.0657,3.0677,3.0637,3.0637,28
2026-03-11 11:38:00,3.0597,3.0607,3.0577,3.0577,3.0647,3.0657,3.0627,3.0627,22
2026-03-11 11:39:00,3.0587,3.0622,3.0587,3.0607,3.0637,3.0672,3.0637,3.0657,13
2026-03-11 11:40:00,3.0612,3.0637,3.0597,3.0612,3.0662,3.0687,3.0647,3.0662,18
2026-03-11 11:41:00,3.0602,3.0607,3.0487,3.0487,3.0652,3.0657,3.0537,3.0537,47
2026-03-11 11:42:00,3.0492,3.0532,3.0487,3.0517,3.0542,3.0582,3.0537,3.0567,24
2026-03-11 11:43:00,3.0522,3.0542,3.0477,3.0542,3.0572,3.0592,3.0527,3.0592,31
2026-03-11 11:44:00,3.0547,3.0587,3.0532,3.0567,3.0597,3.0637,3.0582,3.0617,53
2026-03-11 11:45:00,3.0557,3.0567,3.0487,3.0502,3.0607,3.0617,3.0537,3.0552,33
2026-03-11 11:46:00,3.0507,3.0532,3.0497,3.0502,3.0557,3.0582,3.0547,3.0552,23
2026-03-11 11:47:00,3.0497,3.0527,3.0487,3.0512,3.0547,3.0577,3.0537,3.0562,20
2026-03-11 11:48:00,3.0527,3.0527,3.0517,3.0527,3.0577,3.0577,3.0567,3.0577,14
2026-03-11 11:49:00,3.0522,3.0557,3.0502,3.0537,3.0572,3.0607,3.0552,3.0587,25
2026-03-11 11:50:00,3.0547,3.0557,3.0522,3.0552,3.0597,3.0607,3.0572,3.0602,22
2026-03-11 11:51:00,3.0557,3.0577,3.0532,3.0567,3.0607,3.0627,3.0582,3.0617,16
2026-03-11 11:52:00,3.0577,3.0587,3.0567,3.0577,3.0627,3.0637,3.0617,3.0627,16
2026-03-11 11:53:00,3.0572,3.0582,3.0547,3.0567,3.0622,3.0632,3.0597,3.0617,22
2026-03-11 11:54:00,3.0562,3.0567,3.0527,3.0532,3.0612,3.0617,3.0577,3.0582,14
2026-03-11 11:55:00,3.0537,3.0567,3.0522,3.0562,3.0587,3.0617,3.0572,3.0612,14
2026-03-11 11:56:00,3.0567,3.0587,3.0567,3.0572,3.0617,3.0637,3.0617,3.0622,26
2026-03-11 11:57:00,3.0567,3.0567,3.0517,3.0517,3.0617,3.0617,3.0567,3.0567,11
2026-03-11 11:58:00,3.0527,3.0532,3.0497,3.0507,3.0577,3.0582,3.0547,3.0557,24
2026-03-11 11:59:00,3.0497,3.0527,3.0487,3.0512,3.0547,3.0577,3.0537,3.0562,20
2026-03-11 12:00:00,3.0527,3.0577,3.0467,3.0577,3.0577,3.0627,3.0517,3.0627,41
2026-03-11 12:01:00,3.0572,3.0632,3.0572,3.0612,3.0622,3.0682,3.0622,3.0662,39
2026-03-11 12:02:00,3.0597,3.0597,3.0527,3.0567,3.0647,3.0647,3.0577,3.0617,30
2026-03-11 12:03:00,3.0557,3.0557,3.0527,3.0557,3.0607,3.0607,3.0577,3.0607,13
2026-03-11 12:04:00,3.0562,3.0567,3.0532,3.0547,3.0612,3.0617,3.0582,3.0597,14
2026-03-11 12:05:00,3.0542,3.0577,3.0522,3.0552,3.0592,3.0627,3.0572,3.0602,23
2026-03-11 12:06:00,3.0557,3.0607,3.0547,3.0552,3.0607,3.0657,3.0597,3.0602,23
2026-03-11 12:07:00,3.0562,3.0592,3.0552,3.0592,3.0612,3.0642,3.0602,3.0642,18
2026-03-11 12:08:00,3.0587,3.0637,3.0587,3.0617,3.0637,3.0687,3.0637,3.0667,42
2026-03-11 12:09:00,3.0612,3.0637,3.0607,3.0627,3.0662,3.0687,3.0657,3.0677,21
2026-03-11 12:10:00,3.0622,3.0637,3.0612,3.0637,3.0672,3.0687,3.0662,3.0687,19
2026-03-11 12:11:00,3.0627,3.0627,3.0557,3.0557,3.0677,3.0677,3.0607,3.0607,33
2026-03-11 12:12:00,3.0562,3.0612,3.0557,3.0582,3.0612,3.0662,3.0607,3.0632,17
2026-03-11 12:13:00,3.0587,3.0622,3.0567,3.0612,3.0637,3.0672,3.0617,3.0662,25
2026-03-11 12:14:00,3.0617,3.0617,3.0532,3.0552,3.0667,3.0667,3.0582,3.0602,22
2026-03-11 12:15:00,3.0547,3.0557,3.0497,3.0522,3.0597,3.0607,3.0547,3.0572,31
2026-03-11 12:16:00,3.0517,3.0597,3.0517,3.0597,3.0567,3.0647,3.0567,3.0647,14
2026-03-11 12:17:00,3.0587,3.0607,3.0567,3.0572,3.0637,3.0657,3.0617,3.0622,12
2026-03-11 12:18:00,3.0582,3.0597,3.0562,3.0587,3.0632,3.0647,3.0612,3.0637,13
2026-03-11 12:19:00,3.0597,3.0607,3.0572,3.0587,3.0647,3.0657,3.0622,3.0637,18
2026-03-11 12:20:00,3.0582,3.0607,3.0577,3.0577,3.0632,3.0657,3.0627,3.0627,17
2026-03-11 12:21:00,3.0572,3.0597,3.0567,3.0582,3.0622,3.0647,3.0617,3.0632,19
2026-03-11 12:22:00,3.0587,3.0637,3.0577,3.0622,3.0637,3.0687,3.0627,3.0672,21
2026-03-11 12:23:00,3.0637,3.0637,3.0627,3.0627,3.0687,3.0687,3.0677,3.0677,5
2026-03-11 12:24:00,3.0632,3.0677,3.0627,3.0667,3.0682,3.0727,3.0677,3.0717,22
2026-03-11 12:25:00,3.0672,3.0677,3.0672,3.0677,3.0722,3.0727,3.0722,3.0727,4
2026-03-11 12:26:00,3.0667,3.0697,3.0647,3.0682,3.0717,3.0747,3.0697,3.0732,25
2026-03-11 12:27:00,3.0677,3.0697,3.0672,3.0672,3.0727,3.0747,3.0722,3.0722,7
2026-03-11 12:28:00,3.0677,3.0697,3.0667,3.0697,3.0727,3.0747,3.0717,3.0747,16
2026-03-11 12:29:00,3.0702,3.0742,3.0702,3.0727,3.0752,3.0792,3.0752,3.0777,27
2026-03-11 12:30:00,3.0722,3.0862,3.0722,3.0862,3.0772,3.0912,3.0772,3.0912,52
2026-03-11 12:31:00,3.0857,3.0892,3.0832,3.0877,3.0907,3.0942,3.0882,3.0927,36
2026-03-11 12:32:00,3.0882,3.0887,3.0817,3.0837,3.0932,3.0937,3.0867,3.0887,32
2026-03-11 12:33:00,3.0832,3.0832,3.0807,3.0817,3.0882,3.0882,3.0857,3.0867,13
2026-03-11 12:34:00,3.0822,3.0867,3.0822,3.0847,3.0872,3.0917,3.0872,3.0897,24
2026-03-11 12:35:00,3.0837,3.0837,3.0787,3.0822,3.0887,3.0887,3.0837,3.0872,38
2026-03-11 12:36:00,3.0812,3.0822,3.0797,3.0817,3.0862,3.0872,3.0847,3.0867,20
2026-03-11 12:37:00,3.0822,3.0847,3.0777,3.0807,3.0872,3.0897,3.0827,3.0857,41
2026-03-11 12:38:00,3.0797,3.0797,3.0747,3.0777,3.0847,3.0847,3.0797,3.0827,17
2026-03-11 12:39:00,3.0782,3.0807,3.0777,3.0787,3.0832,3.0857,3.0827,3.0837,28
2026-03-11 12:40:00,3.0792,3.0797,3.0757,3.0782,3.0842,3.0847,3.0807,3.0832,24
2026-03-11 12:41:00,3.0792,3.0792,3.0727,3.0757,3.0842,3.0842,3.0777,3.0807,27
2026-03-11 12:42:00,3.0747,3.0817,3.0747,3.0792,3.0797,3.0867,3.0797,3.0842,24
2026-03-11 12:43:00,3.0777,3.0907,3.0767,3.0907,3.0827,3.0957,3.0817,3.0957,47
2026-03-11 12:44:00,3.0897,3.0932,3.0872,3.0912,3.0947,3.0982,3.0922,3.0962,26
2026-03-11 12:45:00,3.0907,3.0987,3.0887,3.0977,3.0957,3.1037,3.0937,3.1027,65
2026-03-11 12:46:00,3.0982,3.1002,3.0972,3.0977,3.1032,3.1052,3.1022,3.1027,28
2026-03-11 12:47:00,3.0972,3.0972,3.0887,3.0947,3.1022,3.1022,3.0937,3.0997,42
2026-03-11 12:48:00,3.0952,3.1087,3.0947,3.1072,3.1002,3.1137,3.0997,3.1122,56
2026-03-11 12:49:00,3.1067,3.1147,3.1017,3.1137,3.1117,3.1197,3.1067,3.1187,46
2026-03-11 12:50:00,3.1132,3.1137,3.1022,3.1047,3.1182,3.1187,3.1072,3.1097,79
2026-03-11 12:51:00,3.1042,3.1047,3.0967,3.0977,3.1092,3.1097,3.1017,3.1027,54
2026-03-11 12:52:00,3.0967,3.1017,3.0917,3.0957,3.1017,3.1067,3.0967,3.1007,41
2026-03-11 12:53:00,3.0962,3.0992,3.0952,3.0962,3.1012,3.1042,3.1002,3.1012,23
2026-03-11 12:54:00,3.0972,3.1062,3.0947,3.1022,3.1022,3.1112,3.0997,3.1072,39
2026-03-11 12:55:00,3.1027,3.1077,3.1017,3.1072,3.1077,3.1127,3.1067,3.1122,36
2026-03-11 12:56:00,3.1077,3.1107,3.1062,3.1077,3.1127,3.1157,3.1112,3.1127,25
2026-03-11 12:57:00,3.1082,3.1082,3.1017,3.1047,3.1132,3.1132,3.1067,3.1097,34
2026-03-11 12:58:00,3.1052,3.1072,3.1047,3.1052,3.1102,3.1122,3.1097,3.1102,20
2026-03-11 12:59:00,3.1047,3.1087,3.1047,3.1067,3.1097,3.1137,3.1097,3.1117,28
2026-03-11 13:00:00,3.1057,3.1097,3.0997,3.1077,3.1107,3.1147,3.1047,3.1127,49
2026-03-11 13:01:00,3.1072,3.1127,3.1037,3.1107,3.1122,3.1177,3.1087,3.1157,52
2026-03-11 13:02:00,3.1102,3.1127,3.1027,3.1027,3.1152,3.1177,3.1077,3.1077,48
2026-03-11 13:03:00,3.1037,3.1057,3.0987,3.0997,3.1087,3.1107,3.1037,3.1047,34
2026-03-11 13:04:00,3.1007,3.1137,3.1002,3.1062,3.1057,3.1187,3.1052,3.1112,55
2026-03-11 13:05:00,3.1057,3.1057,3.0957,3.0967,3.1107,3.1107,3.1007,3.1017,76
2026-03-11 13:06:00,3.0982,3.1057,3.0982,3.1022,3.1032,3.1107,3.1032,3.1072,42
2026-03-11 13:07:00,3.1032,3.1082,3.1012,3.1047,3.1082,3.1132,3.1062,3.1097,57
2026-03-11 13:08:00,3.1042,3.1107,3.0977,3.1107,3.1092,3.1157,3.1027,3.1157,40
2026-03-11 13:09:00,3.1102,3.1102,3.1002,3.1002,3.1152,3.1152,3.1052,3.1052,38
2026-03-11 13:10:00,3.1007,3.1022,3.0987,3.0987,3.1057,3.1072,3.1037,3.1037,15
2026-03-11 13:11:00,3.0977,3.1027,3.0917,3.0917,3.1027,3.1077,3.0967,3.0967,59
2026-03-11 13:12:00,3.0912,3.0987,3.0912,3.0987,3.0962,3.1037,3.0962,3.1037,36
2026-03-11 13:13:00,3.0997,3.1007,3.0972,3.0977,3.1047,3.1057,3.1022,3.1027,34
2026-03-11 13:14:00,3.0987,3.1027,3.0947,3.1022,3.1037,3.1077,3.0997,3.1072,46
2026-03-11 13:15:00,3.1017,3.1137,3.1007,3.1107,3.1067,3.1187,3.1057,3.1157,56
2026-03-11 13:16:00,3.1112,3.1217,3.1112,3.1187,3.1162,3.1267,3.1162,3.1237,77
2026-03-11 13:17:00,3.1182,3.1182,3.1047,3.1057,3.1232,3.1232,3.1097,3.1107,61
2026-03-11 13:18:00,3.1067,3.1077,3.0967,3.1037,3.1117,3.1127,3.1017,3.1087,61
2026-03-11 13:19:00,3.1042,3.1047,3.1007,3.1007,3.1092,3.1097,3.1057,3.1057,20
2026-03-11 13:20:00,3.1017,3.1087,3.1017,3.1077,3.1067,3.1137,3.1067,3.1127,33
2026-03-11 13:21:00,3.1072,3.1137,3.1067,3.1092,3.1122,3.1187,3.1117,3.1142,32
2026-03-11 13:22:00,3.1097,3.1097,3.1027,3.1067,3.1147,3.1147,3.1077,3.1117,31
2026-03-11 13:23:00,3.1057,3.1067,3.0982,3.1022,3.1107,3.1117,3.1032,3.1072,51
2026-03-11 13:24:00,3.1027,3.1067,3.0997,3.1022,3.1077,3.1117,3.1047,3.1072,34
2026-03-11 13:25:00,3.1027,3.1077,3.1027,3.1067,3.1077,3.1127,3.1077,3.1117,37
2026-03-11 13:26:00,3.1057,3.1077,3.1007,3.1017,3.1107,3.1127,3.1057,3.1067,47
2026-03-11 13:27:00,3.1027,3.1037,3.0957,3.1017,3.1077,3.1087,3.1007,3.1067,36
2026-03-11 13:28:00,3.1012,3.1187,3.1012,3.1172,3.1062,3.1237,3.1062,3.1222,57
2026-03-11 13:29:00,3.1167,3.1197,3.1147,3.1187,3.1217,3.1247,3.1197,3.1237,45
2026-03-11 13:30:00,3.1192,3.1197,3.1107,3.1127,3.1242,3.1247,3.1157,3.1177,48
2026-03-11 13:31:00,3.1112,3.1207,3.1107,3.1197,3.1162,3.1257,3.1157,3.1247,56
2026-03-11 13:32:00,3.1207,3.1237,3.1187,3.1197,3.1257,3.1287,3.1237,3.1247,41
2026-03-11 13:33:00,3.1192,3.1192,3.1137,3.1177,3.1242,3.1242,3.1187,3.1227,35
2026-03-11 13:34:00,3.1157,3.1157,3.1117,3.1132,3.1207,3.1207,3.1167,3.1182,31
2026-03-11 13:35:00,3.1117,3.1172,3.1062,3.1157,3.1167,3.1222,3.1112,3.1207,58
2026-03-11 13:36:00,3.1162,3.1207,3.1147,3.1202,3.1212,3.1257,3.1197,3.1252,56
2026-03-11 13:37:00,3.1197,3.1232,3.1097,3.1107,3.1247,3.1282,3.1147,3.1157,60
2026-03-11 13:38:00,3.1097,3.1137,3.1097,3.1117,3.1147,3.1187,3.1147,3.1167,34
2026-03-11 13:39:00,3.1107,3.1137,3.1087,3.1122,3.1157,3.1187,3.1137,3.1172,33
2026-03-11 13:40:00,3.1117,3.1122,3.1067,3.1092,3.1167,3.1172,3.1117,3.1142,32
2026-03-11 13:41:00,3.1097,3.1142,3.1072,3.1127,3.1147,3.1192,3.1122,3.1177,43
2026-03-11 13:42:00,3.1132,3.1187,3.1127,3.1157,3.1182,3.1237,3.1177,3.1207,56
2026-03-11 13:43:00,3.1162,3.1187,3.1097,3.1097,3.1212,3.1237,3.1147,3.1147,56
2026-03-11 13:44:00,3.1102,3.1192,3.1097,3.1187,3.1152,3.1242,3.1147,3.1237,40
2026-03-11 13:45:00,3.1182,3.1192,3.1127,3.1192,3.1232,3.1242,3.1177,3.1242,37
2026-03-11 13:46:00,3.1197,3.1262,3.1197,3.1262,3.1247,3.1312,3.1247,3.1312,65
2026-03-11 13:47:00,3.1257,3.1297,3.1197,3.1282,3.1307,3.1347,3.1247,3.1332,65
2026-03-11 13:48:00,3.1272,3.1277,3.1147,3.1167,3.1322,3.1327,3.1197,3.1217,51
2026-03-11 13:49:00,3.1172,3.1207,3.1137,3.1197,3.1222,3.1257,3.1187,3.1247,43
2026-03-11 13:50:00,3.1192,3.1272,3.1182,3.1262,3.1242,3.1322,3.1232,3.1312,49
2026-03-11 13:51:00,3.1272,3.1277,3.1177,3.1227,3.1322,3.1327,3.1227,3.1277,43
2026-03-11 13:52:00,3.1232,3.1242,3.1197,3.1197,3.1282,3.1292,3.1247,3.1247,33
2026-03-11 13:53:00,3.1207,3.1257,3.1192,3.1232,3.1257,3.1307,3.1242,3.1282,31
2026-03-11 13:54:00,3.1227,3.1227,3.1162,3.1162,3.1277,3.1277,3.1212,3.1212,45
2026-03-11 13:55:00,3.1167,3.1232,3.1127,3.1137,3.1217,3.1282,3.1177,3.1187,57
2026-03-11 13:56:00,3.1142,3.1162,3.1097,3.1097,3.1192,3.1212,3.1147,3.1147,36
2026-03-11 13:57:00,3.1107,3.1197,3.1102,3.1197,3.1157,3.1247,3.1152,3.1247,61
2026-03-11 13:58:00,3.1192,3.1197,3.1132,3.1137,3.1242,3.1247,3.1182,3.1187,52
2026-03-11 13:59:00,3.1132,3.1157,3.1097,3.1097,3.1182,3.1207,3.1147,3.1147,48
2026-03-11 14:00:00,3.1102,3.1227,3.1057,3.1177,3.1152,3.1277,3.1107,3.1227,159
2026-03-11 14:01:00,3.1187,3.1217,3.1092,3.1142,3.1237,3.1267,3.1142,3.1192,151
2026-03-11 14:02:00,3.1152,3.1157,3.1047,3.1127,3.1202,3.1207,3.1097,3.1177,109
2026-03-11 14:03:00,3.1117,3.1147,3.1057,3.1097,3.1167,3.1197,3.1107,3.1147,66
2026-03-11 14:04:00,3.1087,3.1122,3.1017,3.1027,3.1137,3.1172,3.1067,3.1077,61
2026-03-11 14:05:00,3.1022,3.1082,3.0947,3.1067,3.1072,3.1132,3.0997,3.1117,88
2026-03-11 14:06:00,3.1077,3.1087,3.1017,3.1047,3.1127,3.1137,3.1067,3.1097,88
2026-03-11 14:07:00,3.1057,3.1057,3.0997,3.1017,3.1107,3.1107,3.1047,3.1067,44
2026-03-11 14:08:00,3.1027,3.1062,3.1017,3.1042,3.1077,3.1112,3.1067,3.1092,48
2026-03-11 14:09:00,3.1047,3.1052,3.1002,3.1012,3.1097,3.1102,3.1052,3.1062,37
2026-03-11 14:10:00,3.1017,3.1037,3.0977,3.1007,3.1067,3.1087,3.1027,3.1057,51
2026-03-11 14:11:00,3.1017,3.1017,3.0967,3.1007,3.1067,3.1067,3.1017,3.1057,44
2026-03-11 14:12:00,3.1002,3.1042,3.0982,3.0982,3.1052,3.1092,3.1032,3.1032,28
2026-03-11 14:13:00,3.0977,3.1047,3.0977,3.1037,3.1027,3.1097,3.1027,3.1087,41
2026-03-11 14:14:00,3.1032,3.1077,3.1007,3.1077,3.1082,3.1127,3.1057,3.1127,24
2026-03-11 14:15:00,3.1082,3.1137,3.1047,3.1097,3.1132,3.1187,3.1097,3.1147,52
2026-03-11 14:16:00,3.1087,3.1147,3.1067,3.1147,3.1137,3.1197,3.1117,3.1197,30
2026-03-11 14:17:00,3.1142,3.1147,3.1092,3.1137,3.1192,3.1197,3.1142,3.1187,34
2026-03-11 14:18:00,3.1132,3.1227,3.1127,3.1197,3.1182,3.1277,3.1177,3.1247,61
2026-03-11 14:19:00,3.1202,3.1227,3.1197,3.1207,3.1252,3.1277,3.1247,3.1257,28
2026-03-11 14:20:00,3.1217,3.1247,3.1217,3.1237,3.1267,3.1297,3.1267,3.1287,34
2026-03-11 14:21:00,3.1242,3.1267,3.1222,3.1227,3.1292,3.1317,3.1272,3.1277,34
2026-03-11 14:22:00,3.1232,3.1277,3.1227,3.1262,3.1282,3.1327,3.1277,3.1312,29
2026-03-11 14:23:00,3.1257,3.1267,3.1207,3.1207,3.1307,3.1317,3.1257,3.1257,43
2026-03-11 14:24:00,3.1202,3.1207,3.1127,3.1142,3.1252,3.1257,3.1177,3.1192,51
2026-03-11 14:25:00,3.1137,3.1207,3.1137,3.1197,3.1187,3.1257,3.1187,3.1247,52
2026-03-11 14:26:00,3.1192,3.1217,3.1152,3.1177,3.1242,3.1267,3.1202,3.1227,46
2026-03-11 14:27:00,3.1172,3.1232,3.1172,3.1187,3.1222,3.1282,3.1222,3.1237,46
2026-03-11 14:28:00,3.1192,3.1227,3.1157,3.1212,3.1242,3.1277,3.1207,3.1262,60
2026-03-11 14:29:00,3.1207,3.1247,3.1202,3.1237,3.1257,3.1297,3.1252,3.1287,32
2026-03-11 14:30:00,3.1232,3.1237,3.1117,3.1172,3.1282,3.1287,3.1167,3.1222,69
2026-03-11 14:31:00,3.1167,3.1227,3.1157,3.1212,3.1217,3.1277,3.1207,3.1262,64
2026-03-11 14:32:00,3.1207,3.1247,3.1207,3.1242,3.1257,3.1297,3.1257,3.1292,55
2026-03-11 14:33:00,3.1237,3.1247,3.1152,3.1152,3.1287,3.1297,3.1202,3.1202,77
2026-03-11 14:34:00,3.1157,3.1172,3.1117,3.1167,3.1207,3.1222,3.1167,3.1217,56
2026-03-11 14:35:00,3.1157,3.1167,3.1137,3.1142,3.1207,3.1217,3.1187,3.1192,63
2026-03-11 14:36:00,3.1127,3.1152,3.1102,3.1112,3.1177,3.1202,3.1152,3.1162,61
2026-03-11 14:37:00,3.1107,3.1122,3.0997,3.1007,3.1157,3.1172,3.1047,3.1057,73
2026-03-11 14:38:00,3.1002,3.1007,3.0947,3.0957,3.1052,3.1057,3.0997,3.1007,56
2026-03-11 14:39:00,3.0952,3.0967,3.0897,3.0907,3.1002,3.1017,3.0947,3.0957,66
2026-03-11 14:40:00,3.0902,3.0962,3.0897,3.0962,3.0952,3.1012,3.0947,3.1012,53
2026-03-11 14:41:00,3.0967,3.1007,3.0917,3.1007,3.1017,3.1057,3.0967,3.1057,44
2026-03-11 14:42:00,3.0997,3.0997,3.0947,3.0977,3.1047,3.1047,3.0997,3.1027,47
2026-03-11 14:43:00,3.0972,3.1157,3.0972,3.1097,3.1022,3.1207,3.1022,3.1147,90
2026-03-11 14:44:00,3.1092,3.1137,3.1067,3.1077,3.1142,3.1187,3.1117,3.1127,67
2026-03-11 14:45:00,3.1067,3.1137,3.1047,3.1137,3.1117,3.1187,3.1097,3.1187,36
2026-03-11 14:46:00,3.1132,3.1267,3.1127,3.1252,3.1182,3.1317,3.1177,3.1302,71
2026-03-11 14:47:00,3.1247,3.1262,3.1192,3.1232,3.1297,3.1312,3.1242,3.1282,54
2026-03-11 14:48:00,3.1237,3.1237,3.1152,3.1172,3.1287,3.1287,3.1202,3.1222,64
2026-03-11 14:49:00,3.1162,3.1162,3.1067,3.1067,3.1212,3.1212,3.1117,3.1117,50
2026-03-11 14:50:00,3.1072,3.1097,3.1047,3.1097,3.1122,3.1147,3.1097,3.1147,38
2026-03-11 14:51:00,3.1102,3.1137,3.1067,3.1077,3.1152,3.1187,3.1117,3.1127,69
2026-03-11 14:52:00,3.1082,3.1082,3.1022,3.1037,3.1132,3.1132,3.1072,3.1087,56
2026-03-11 14:53:00,3.1027,3.1057,3.1012,3.1052,3.1077,3.1107,3.1062,3.1102,47
2026-03-11 14:54:00,3.1057,3.1117,3.1052,3.1077,3.1107,3.1167,3.1102,3.1127,47
2026-03-11 14:55:00,3.1082,3.1092,3.1017,3.1037,3.1132,3.1142,3.1067,3.1087,36
2026-03-11 14:56:00,3.1042,3.1067,3.1032,3.1042,3.1092,3.1117,3.1082,3.1092,39
2026-03-11 14:57:00,3.1047,3.1057,3.1027,3.1037,3.1097,3.1107,3.1077,3.1087,43
2026-03-11 14:58:00,3.1042,3.1057,3.0912,3.0917,3.1092,3.1107,3.0962,3.0967,57
2026-03-11 14:59:00,3.0912,3.1022,3.0877,3.0997,3.0962,3.1072,3.0927,3.1047,113
2026-03-11 15:00:00,3.1007,3.1087,3.0797,3.0807,3.1057,3.1137,3.0847,3.0857,179
2026-03-11 15:01:00,3.0817,3.0897,3.0777,3.0822,3.0867,3.0947,3.0827,3.0872,163
2026-03-11 15:02:00,3.0817,3.0947,3.0797,3.0917,3.0867,3.0997,3.0847,3.0967,110
2026-03-11 15:03:00,3.0927,3.1002,3.0892,3.0892,3.0977,3.1052,3.0942,3.0942,145
2026-03-11 15:04:00,3.0882,3.0947,3.0877,3.0927,3.0932,3.0997,3.0927,3.0977,68
2026-03-11 15:05:00,3.0932,3.0967,3.0887,3.0927,3.0982,3.1017,3.0937,3.0977,74
2026-03-11 15:06:00,3.0922,3.0977,3.0877,3.0962,3.0972,3.1027,3.0927,3.1012,75
2026-03-11 15:07:00,3.0967,3.0997,3.0917,3.0987,3.1017,3.1047,3.0967,3.1037,71
2026-03-11 15:08:00,3.0992,3.1032,3.0987,3.0997,3.1042,3.1082,3.1037,3.1047,40
2026-03-11 15:09:00,3.0992,3.1027,3.0927,3.1027,3.1042,3.1077,3.0977,3.1077,62
2026-03-11 15:10:00,3.1032,3.1067,3.0992,3.1017,3.1082,3.1117,3.1042,3.1067,83
2026-03-11 15:11:00,3.1027,3.1027,3.0952,3.0952,3.1077,3.1077,3.1002,3.1002,71
2026-03-11 15:12:00,3.0947,3.0977,3.0902,3.0907,3.0997,3.1027,3.0952,3.0957,60
2026-03-11 15:13:00,3.0917,3.0967,3.0907,3.0917,3.0967,3.1017,3.0957,3.0967,49
2026-03-11 15:14:00,3.0907,3.1047,3.0887,3.1042,3.0957,3.1097,3.0937,3.1092,64
2026-03-11 15:15:00,3.1047,3.1087,3.0977,3.1062,3.1097,3.1137,3.1027,3.1112,69
2026-03-11 15:16:00,3.1057,3.1117,3.1057,3.1097,3.1107,3.1167,3.1107,3.1147,41
2026-03-11 15:17:00,3.1102,3.1102,3.1067,3.1092,3.1152,3.1152,3.1117,3.1142,37
2026-03-11 15:18:00,3.1087,3.1207,3.1047,3.1057,3.1137,3.1257,3.1097,3.1107,129
2026-03-11 15:19:00,3.1047,3.1047,3.0967,3.0967,3.1097,3.1097,3.1017,3.1017,32
2026-03-11 15:20:00,3.0957,3.0967,3.0927,3.0957,3.1007,3.1017,3.0977,3.1007,45
2026-03-11 15:21:00,3.0962,3.0962,3.0897,3.0937,3.1012,3.1012,3.0947,3.0987,58
2026-03-11 15:22:00,3.0942,3.1117,3.0932,3.1102,3.0992,3.1167,3.0982,3.1152,67
2026-03-11 15:23:00,3.1107,3.1237,3.1107,3.1227,3.1157,3.1287,3.1157,3.1277,41
2026-03-11 15:24:00,3.1237,3.1267,3.1217,3.1227,3.1287,3.1317,3.1267,3.1277,50
2026-03-11 15:25:00,3.1232,3.1257,3.1167,3.1187,3.1282,3.1307,3.1217,3.1237,53
2026-03-11 15:26:00,3.1182,3.1227,3.1157,3.1167,3.1232,3.1277,3.1207,3.1217,58
2026-03-11 15:27:00,3.1172,3.1217,3.1167,3.1167,3.1222,3.1267,3.1217,3.1217,28
2026-03-11 15:28:00,3.1172,3.1207,3.1167,3.1182,3.1222,3.1257,3.1217,3.1232,45
2026-03-11 15:29:00,3.1187,3.1197,3.1152,3.1197,3.1237,3.1247,3.1202,3.1247,34
2026-03-11 15:30:00,3.1187,3.1277,3.1182,3.1267,3.1237,3.1327,3.1232,3.1317,76
2026-03-11 15:31:00,3.1272,3.1297,3.1257,3.1267,3.1322,3.1347,3.1307,3.1317,60
2026-03-11 15:32:00,3.1262,3.1277,3.1217,3.1237,3.1312,3.1327,3.1267,3.1287,37
2026-03-11 15:33:00,3.1227,3.1257,3.1217,3.1247,3.1277,3.1307,3.1267,3.1297,50
2026-03-11 15:34:00,3.1252,3.1332,3.1252,3.1302,3.1302,3.1382,3.1302,3.1352,50
2026-03-11 15:35:00,3.1307,3.1307,3.1257,3.1267,3.1357,3.1357,3.1307,3.1317,62
2026-03-11 15:36:00,3.1277,3.1307,3.1257,3.1297,3.1327,3.1357,3.1307,3.1347,41
2026-03-11 15:37:00,3.1292,3.1332,3.1237,3.1247,3.1342,3.1382,3.1287,3.1297,54
2026-03-11 15:38:00,3.1252,3.1252,3.1212,3.1217,3.1302,3.1302,3.1262,3.1267,45
2026-03-11 15:39:00,3.1222,3.1297,3.1207,3.1262,3.1272,3.1347,3.1257,3.1312,48
2026-03-11 15:40:00,3.1272,3.1317,3.1227,3.1287,3.1322,3.1367,3.1277,3.1337,66
2026-03-11 15:41:00,3.1297,3.1322,3.1287,3.1297,3.1347,3.1372,3.1337,3.1347,25
2026-03-11 15:42:00,3.1292,3.1297,3.1237,3.1282,3.1342,3.1347,3.1287,3.1332,35
2026-03-11 15:43:00,3.1277,3.1292,3.1227,3.1252,3.1327,3.1342,3.1277,3.1302,36
2026-03-11 15:44:00,3.1247,3.1247,3.1157,3.1192,3.1297,3.1297,3.1207,3.1242,55
2026-03-11 15:45:00,3.1187,3.1217,3.1147,3.1217,3.1237,3.1267,3.1197,3.1267,31
2026-03-11 15:46:00,3.1222,3.1252,3.1217,3.1222,3.1272,3.1302,3.1267,3.1272,17
2026-03-11 15:47:00,3.1227,3.1227,3.1157,3.1182,3.1277,3.1277,3.1207,3.1232,49
2026-03-11 15:48:00,3.1187,3.1237,3.1187,3.1227,3.1237,3.1287,3.1237,3.1277,15
2026-03-11 15:49:00,3.1232,3.1282,3.1227,3.1227,3.1282,3.1332,3.1277,3.1277,38
2026-03-11 15:50:00,3.1237,3.1247,3.1192,3.1202,3.1287,3.1297,3.1242,3.1252,59
2026-03-11 15:51:00,3.1197,3.1207,3.1177,3.1197,3.1247,3.1257,3.1227,3.1247,26
2026-03-11 15:52:00,3.1192,3.1217,3.1172,3.1212,3.1242,3.1267,3.1222,3.1262,32
2026-03-11 15:53:00,3.1217,3.1287,3.1217,3.1282,3.1267,3.1337,3.1267,3.1332,23
2026-03-11 15:54:00,3.1277,3.1327,3.1272,3.1327,3.1327,3.1377,3.1322,3.1377,26
2026-03-11 15:55:00,3.1322,3.1437,3.1317,3.1417,3.1372,3.1487,3.1367,3.1467,69
2026-03-11 15:56:00,3.1422,3.1437,3.1397,3.1427,3.1472,3.1487,3.1447,3.1477,71
2026-03-11 15:57:00,3.1422,3.1427,3.1382,3.1397,3.1472,3.1477,3.1432,3.1447,40
2026-03-11 15:58:00,3.1387,3.1397,3.1377,3.1397,3.1437,3.1447,3.1427,3.1447,14
2026-03-11 15:59:00,3.1402,3.1417,3.1387,3.1392,3.1452,3.1467,3.1437,3.1442,25
2026-03-11 16:00:00,3.1402,3.1417,3.1377,3.1397,3.1452,3.1467,3.1427,3.1447,25
2026-03-11 16:01:00,3.1402,3.1482,3.1402,3.1467,3.1452,3.1532,3.1452,3.1517,60
2026-03-11 16:02:00,3.1462,3.1537,3.1447,3.1522,3.1512,3.1587,3.1497,3.1572,68
2026-03-11 16:03:00,3.1527,3.1582,3.1517,3.1567,3.1577,3.1632,3.1567,3.1617,85
2026-03-11 16:04:00,3.1572,3.1627,3.1567,3.1607,3.1622,3.1677,3.1617,3.1657,56
2026-03-11 16:05:00,3.1617,3.1647,3.1527,3.1527,3.1667,3.1697,3.1577,3.1577,71
2026-03-11 16:06:00,3.1532,3.1587,3.1527,3.1547,3.1582,3.1637,3.1577,3.1597,53
2026-03-11 16:07:00,3.1537,3.1577,3.1522,3.1572,3.1587,3.1627,3.1572,3.1622,46
2026-03-11 16:08:00,3.1567,3.1587,3.1537,3.1547,3.1617,3.1637,3.1587,3.1597,44
2026-03-11 16:09:00,3.1552,3.1677,3.1552,3.1667,3.1602,3.1727,3.1602,3.1717,109
2026-03-11 16:10:00,3.1662,3.1667,3.1617,3.1627,3.1712,3.1717,3.1667,3.1677,49
2026-03-11 16:11:00,3.1617,3.1647,3.1607,3.1627,3.1667,3.1697,3.1657,3.1677,39
2026-03-11 16:12:00,3.1637,3.1647,3.1557,3.1607,3.1687,3.1697,3.1607,3.1657,32
2026-03-11 16:13:00,3.1612,3.1617,3.1547,3.1567,3.1662,3.1667,3.1597,3.1617,43
2026-03-11 16:14:00,3.1572,3.1617,3.1572,3.1617,3.1622,3.1667,3.1622,3.1667,43
2026-03-11 16:15:00,3.1607,3.1632,3.1597,3.1627,3.1657,3.1682,3.1647,3.1677,44
2026-03-11 16:16:00,3.1622,3.1647,3.1607,3.1617,3.1672,3.1697,3.1657,3.1667,35
2026-03-11 16:17:00,3.1622,3.1637,3.1607,3.1612,3.1672,3.1687,3.1657,3.1662,38
2026-03-11 16:18:00,3.1617,3.1637,3.1602,3.1632,3.1667,3.1687,3.1652,3.1682,22
2026-03-11 16:19:00,3.1637,3.1657,3.1607,3.1617,3.1687,3.1707,3.1657,3.1667,36
2026-03-11 16:20:00,3.1627,3.1682,3.1622,3.1622,3.1677,3.1732,3.1672,3.1672,36
2026-03-11 16:21:00,3.1632,3.1632,3.1567,3.1592,3.1682,3.1682,3.1617,3.1642,47
2026-03-11 16:22:00,3.1587,3.1642,3.1577,3.1637,3.1637,3.1692,3.1627,3.1687,27
2026-03-11 16:23:00,3.1642,3.1667,3.1637,3.1647,3.1692,3.1717,3.1687,3.1697,39
2026-03-11 16:24:00,3.1657,3.1677,3.1627,3.1627,3.1707,3.1727,3.1677,3.1677,35
2026-03-11 16:25:00,3.1632,3.1657,3.1607,3.1607,3.1682,3.1707,3.1657,3.1657,19
2026-03-11 16:26:00,3.1617,3.1622,3.1562,3.1567,3.1667,3.1672,3.1612,3.1617,19
2026-03-11 16:27:00,3.1572,3.1602,3.1507,3.1537,3.1622,3.1652,3.1557,3.1587,57
2026-03-11 16:28:00,3.1542,3.1547,3.1507,3.1537,3.1592,3.1597,3.1557,3.1587,33
2026-03-11 16:29:00,3.1542,3.1607,3.1542,3.1542,3.1592,3.1657,3.1592,3.1592,49
2026-03-11 16:30:00,3.1527,3.1542,3.1507,3.1507,3.1577,3.1592,3.1557,3.1557,44
2026-03-11 16:31:00,3.1497,3.1522,3.1492,3.1507,3.1547,3.1572,3.1542,3.1557,31
2026-03-11 16:32:00,3.1502,3.1507,3.1467,3.1502,3.1552,3.1557,3.1517,3.1552,34
2026-03-11 16:33:00,3.1497,3.1507,3.1462,3.1477,3.1547,3.1557,3.1512,3.1527,34
2026-03-11 16:34:00,3.1482,3.1517,3.1467,3.1497,3.1532,3.1567,3.1517,3.1547,34
2026-03-11 16:35:00,3.1502,3.1522,3.1497,3.1517,3.1552,3.1572,3.1547,3.1567,19
2026-03-11 16:36:00,3.1522,3.1547,3.1512,3.1522,3.1572,3.1597,3.1562,3.1572,16
2026-03-11 16:37:00,3.1527,3.1532,3.1517,3.1522,3.1577,3.1582,3.1567,3.1572,19
2026-03-11 16:38:00,3.1512,3.1527,3.1507,3.1507,3.1562,3.1577,3.1557,3.1557,11
2026-03-11 16:39:00,3.1497,3.1517,3.1467,3.1497,3.1547,3.1567,3.1517,3.1547,24
2026-03-11 16:40:00,3.1507,3.1522,3.1492,3.1517,3.1557,3.1572,3.1542,3.1567,39
2026-03-11 16:41:00,3.1512,3.1547,3.1507,3.1547,3.1562,3.1597,3.1557,3.1597,21
2026-03-11 16:42:00,3.1542,3.1547,3.1497,3.1507,3.1592,3.1597,3.1547,3.1557,24
2026-03-11 16:43:00,3.1497,3.1517,3.1492,3.1492,3.1547,3.1567,3.1542,3.1542,16
2026-03-11 16:44:00,3.1497,3.1502,3.1457,3.1472,3.1547,3.1552,3.1507,3.1522,29
2026-03-11 16:45:00,3.1477,3.1502,3.1467,3.1477,3.1527,3.1552,3.1517,3.1527,25
2026-03-11 16:46:00,3.1492,3.1492,3.1407,3.1432,3.1542,3.1542,3.1457,3.1482,31
2026-03-11 16:47:00,3.1427,3.1487,3.1427,3.1467,3.1477,3.1537,3.1477,3.1517,25
2026-03-11 16:48:00,3.1477,3.1567,3.1477,3.1542,3.1527,3.1617,3.1527,3.1592,55
2026-03-11 16:49:00,3.1532,3.1532,3.1507,3.1527,3.1582,3.1582,3.1557,3.1577,14
2026-03-11 16:50:00,3.1532,3.1537,3.1497,3.1512,3.1582,3.1587,3.1547,3.1562,18
2026-03-11 16:51:00,3.1517,3.1517,3.1477,3.1517,3.1567,3.1567,3.1527,3.1567,27
2026-03-11 16:52:00,3.1527,3.1527,3.1487,3.1492,3.1577,3.1577,3.1537,3.1542,26
2026-03-11 16:53:00,3.1497,3.1497,3.1442,3.1457,3.1547,3.1547,3.1492,3.1507,27
2026-03-11 16:54:00,3.1447,3.1477,3.1447,3.1467,3.1497,3.1527,3.1497,3.1517,25
2026-03-11 16:55:00,3.1472,3.1482,3.1392,3.1392,3.1522,3.1532,3.1442,3.1442,50
2026-03-11 16:56:00,3.1402,3.1517,3.1387,3.1512,3.1452,3.1567,3.1437,3.1562,43
2026-03-11 16:57:00,3.1517,3.1582,3.1512,3.1577,3.1567,3.1632,3.1562,3.1627,36
2026-03-11 16:58:00,3.1572,3.1587,3.1547,3.1582,3.1622,3.1637,3.1597,3.1632,31
2026-03-11 16:59:00,3.1587,3.1597,3.1547,3.1567,3.1637,3.1647,3.1597,3.1617,39
2026-03-11 17:00:00,3.1577,3.1597,3.1547,3.1582,3.1627,3.1647,3.1597,3.1632,52
2026-03-11 17:01:00,3.1587,3.1627,3.1567,3.1572,3.1637,3.1677,3.1617,3.1622,31
2026-03-11 17:02:00,3.1577,3.1602,3.1567,3.1587,3.1627,3.1652,3.1617,3.1637,24
2026-03-11 17:03:00,3.1592,3.1607,3.1527,3.1537,3.1642,3.1657,3.1577,3.1587,24
2026-03-11 17:04:00,3.1547,3.1567,3.1537,3.1542,3.1597,3.1617,3.1587,3.1592,20
2026-03-11 17:05:00,3.1552,3.1587,3.1552,3.1577,3.1602,3.1637,3.1602,3.1627,25
2026-03-11 17:06:00,3.1582,3.1587,3.1547,3.1577,3.1632,3.1637,3.1597,3.1627,24
2026-03-11 17:07:00,3.1582,3.1592,3.1557,3.1567,3.1632,3.1642,3.1607,3.1617,24
2026-03-11 17:08:00,3.1577,3.1577,3.1542,3.1557,3.1627,3.1627,3.1592,3.1607,20
2026-03-11 17:09:00,3.1562,3.1567,3.1537,3.1542,3.1612,3.1617,3.1587,3.1592,27
2026-03-11 17:10:00,3.1547,3.1547,3.1477,3.1477,3.1597,3.1597,3.1527,3.1527,37
2026-03-11 17:11:00,3.1472,3.1552,3.1472,3.1547,3.1522,3.1602,3.1522,3.1597,31
2026-03-11 17:12:00,3.1537,3.1882,3.1522,3.1697,3.1587,3.1932,3.1572,3.1747,108
2026-03-11 17:13:00,3.1692,3.1737,3.1617,3.1647,3.1742,3.1787,3.1667,3.1697,89
2026-03-11 17:14:00,3.1652,3.1727,3.1632,3.1647,3.1702,3.1777,3.1682,3.1697,62
2026-03-11 17:15:00,3.1637,3.1707,3.1627,3.1692,3.1687,3.1757,3.1677,3.1742,53
2026-03-11 17:16:00,3.1697,3.1697,3.1592,3.1607,3.1747,3.1747,3.1642,3.1657,63
2026-03-11 17:17:00,3.1612,3.1627,3.1597,3.1602,3.1662,3.1677,3.1647,3.1652,22
2026-03-11 17:18:00,3.1597,3.1612,3.1587,3.1587,3.1647,3.1662,3.1637,3.1637,26
2026-03-11 17:19:00,3.1567,3.1597,3.1567,3.1577,3.1617,3.1647,3.1617,3.1627,25
2026-03-11 17:20:00,3.1587,3.1607,3.1577,3.1607,3.1637,3.1657,3.1627,3.1657,31
2026-03-11 17:21:00,3.1597,3.1707,3.1557,3.1602,3.1647,3.1757,3.1607,3.1652,100
2026-03-11 17:22:00,3.1607,3.1622,3.1577,3.1587,3.1657,3.1672,3.1627,3.1637,32
2026-03-11 17:23:00,3.1582,3.1587,3.1557,3.1572,3.1632,3.1637,3.1607,3.1622,35
2026-03-11 17:24:00,3.1582,3.1597,3.1577,3.1582,3.1632,3.1647,3.1627,3.1632,35
2026-03-11 17:25:00,3.1587,3.1587,3.1517,3.1547,3.1637,3.1637,3.1567,3.1597,39
2026-03-11 17:26:00,3.1552,3.1597,3.1552,3.1577,3.1602,3.1647,3.1602,3.1627,22
2026-03-11 17:27:00,3.1572,3.1572,3.1527,3.1542,3.1622,3.1622,3.1577,3.1592,25
2026-03-11 17:28:00,3.1552,3.1567,3.1537,3.1567,3.1602,3.1617,3.1587,3.1617,18
2026-03-11 17:29:00,3.1572,3.1617,3.1567,3.1617,3.1622,3.1667,3.1617,3.1667,30
2026-03-11 17:30:00,3.1622,3.1637,3.1557,3.1557,3.1672,3.1687,3.1607,3.1607,33
2026-03-11 17:31:00,3.1547,3.1567,3.1517,3.1557,3.1597,3.1617,3.1567,3.1607,25
2026-03-11 17:32:00,3.1552,3.1557,3.1482,3.1497,3.1602,3.1607,3.1532,3.1547,38
2026-03-11 17:33:00,3.1507,3.1522,3.1487,3.1492,3.1557,3.1572,3.1537,3.1542,22
2026-03-11 17:34:00,3.1497,3.1507,3.1487,3.1507,3.1547,3.1557,3.1537,3.1557,14
2026-03-11 17:35:00,3.1502,3.1507,3.1447,3.1447,3.1552,3.1557,3.1497,3.1497,15
2026-03-11 17:36:00,3.1442,3.1482,3.1422,3.1477,3.1492,3.1532,3.1472,3.1527,29
2026-03-11 17:37:00,3.1487,3.1507,3.1477,3.1497,3.1537,3.1557,3.1527,3.1547,28
2026-03-11 17:38:00,3.1492,3.1512,3.1452,3.1512,3.1542,3.1562,3.1502,3.1562,34
2026-03-11 17:39:00,3.1507,3.1537,3.1502,3.1517,3.1557,3.1587,3.1552,3.1567,25
2026-03-11 17:40:00,3.1512,3.1527,3.1432,3.1447,3.1562,3.1577,3.1482,3.1497,70
2026-03-11 17:41:00,3.1442,3.1492,3.1437,3.1487,3.1492,3.1542,3.1487,3.1537,46
2026-03-11 17:42:00,3.1492,3.1512,3.1467,3.1512,3.1542,3.1562,3.1517,3.1562,24
2026-03-11 17:43:00,3.1507,3.1522,3.1497,3.1497,3.1557,3.1572,3.1547,3.1547,11
2026-03-11 17:44:00,3.1502,3.1557,3.1492,3.1547,3.1552,3.1607,3.1542,3.1597,25
2026-03-11 17:45:00,3.1552,3.1607,3.1552,3.1597,3.1602,3.1657,3.1602,3.1647,28
2026-03-11 17:46:00,3.1602,3.1627,3.1602,3.1612,3.1652,3.1677,3.1652,3.1662,31
2026-03-11 17:47:00,3.1607,3.1617,3.1587,3.1602,3.1657,3.1667,3.1637,3.1652,25
2026-03-11 17:48:00,3.1597,3.1617,3.1577,3.1612,3.1647,3.1667,3.1627,3.1662,20
2026-03-11 17:49:00,3.1607,3.1627,3.1607,3.1607,3.1657,3.1677,3.1657,3.1657,14
2026-03-11 17:50:00,3.1612,3.1622,3.1607,3.1612,3.1662,3.1672,3.1657,3.1662,21
2026-03-11 17:51:00,3.1617,3.1622,3.1582,3.1607,3.1667,3.1672,3.1632,3.1657,21
2026-03-11 17:52:00,3.1612,3.1627,3.1607,3.1622,3.1662,3.1677,3.1657,3.1672,13
2026-03-11 17:53:00,3.1617,3.1622,3.1587,3.1607,3.1667,3.1672,3.1637,3.1657,22
2026-03-11 17:54:00,3.1617,3.1622,3.1607,3.1607,3.1667,3.1672,3.1657,3.1657,25
2026-03-11 17:55:00,3.1597,3.1627,3.1587,3.1587,3.1647,3.1677,3.1637,3.1637,16
2026-03-11 17:56:00,3.1572,3.1587,3.1547,3.1577,3.1622,3.1637,3.1597,3.1627,31
2026-03-11 17:57:00,3.1587,3.1602,3.1562,3.1577,3.1637,3.1652,3.1612,3.1627,33
2026-03-11 17:58:00,3.1582,3.1597,3.1577,3.1582,3.1632,3.1647,3.1627,3.1632,14
2026-03-11 17:59:00,3.1587,3.1617,3.1587,3.1602,3.1637,3.1667,3.1637,3.1652,32
2026-03-11 18:00:00,3.1607,3.1627,3.1577,3.1622,3.1657,3.1677,3.1627,3.1672,19
2026-03-11 18:01:00,3.1627,3.1637,3.1587,3.1617,3.1677,3.1687,3.1637,3.1667,22
2026-03-11 18:02:00,3.1607,3.1622,3.1517,3.1527,3.1657,3.1672,3.1567,3.1577,37
2026-03-11 18:03:00,3.1537,3.1567,3.1527,3.1527,3.1587,3.1617,3.1577,3.1577,27
2026-03-11 18:04:00,3.1517,3.1577,3.1502,3.1537,3.1567,3.1627,3.1552,3.1587,33
2026-03-11 18:05:00,3.1542,3.1637,3.1542,3.1632,3.1592,3.1687,3.1592,3.1682,33
2026-03-11 18:06:00,3.1627,3.1682,3.1622,3.1657,3.1677,3.1732,3.1672,3.1707,35
2026-03-11 18:07:00,3.1652,3.1677,3.1647,3.1657,3.1702,3.1727,3.1697,3.1707,24
2026-03-11 18:08:00,3.1662,3.1667,3.1657,3.1657,3.1712,3.1717,3.1707,3.1707,16
2026-03-11 18:09:00,3.1667,3.1672,3.1657,3.1667,3.1717,3.1722,3.1707,3.1717,19
2026-03-11 18:10:00,3.1677,3.1682,3.1637,3.1647,3.1727,3.1732,3.1687,3.1697,18
2026-03-11 18:11:00,3.1642,3.1682,3.1637,3.1672,3.1692,3.1732,3.1687,3.1722,21
2026-03-11 18:12:00,3.1677,3.1677,3.1657,3.1657,3.1727,3.1727,3.1707,3.1707,11
2026-03-11 18:13:00,3.1652,3.1677,3.1627,3.1632,3.1702,3.1727,3.1677,3.1682,32
2026-03-11 18:14:00,3.1637,3.1662,3.1627,3.1657,3.1687,3.1712,3.1677,3.1707,20
2026-03-11 18:15:00,3.1652,3.1667,3.1637,3.1642,3.1702,3.1717,3.1687,3.1692,31
2026-03-11 18:16:00,3.1647,3.1667,3.1627,3.1637,3.1697,3.1717,3.1677,3.1687,22
2026-03-11 18:17:00,3.1642,3.1697,3.1627,3.1672,3.1692,3.1747,3.1677,3.1722,29
2026-03-11 18:18:00,3.1677,3.1707,3.1672,3.1682,3.1727,3.1757,3.1722,3.1732,20
2026-03-11 18:19:00,3.1697,3.1727,3.1697,3.1717,3.1747,3.1777,3.1747,3.1767,17
2026-03-11 18:20:00,3.1722,3.1777,3.1722,3.1767,3.1772,3.1827,3.1772,3.1817,39
2026-03-11 18:21:00,3.1762,3.1777,3.1757,3.1777,3.1812,3.1827,3.1807,3.1827,23
2026-03-11 18:22:00,3.1782,3.1787,3.1737,3.1782,3.1832,3.1837,3.1787,3.1832,29
2026-03-11 18:23:00,3.1787,3.1787,3.1757,3.1782,3.1837,3.1837,3.1807,3.1832,23
2026-03-11 18:24:00,3.1787,3.1792,3.1757,3.1782,3.1837,3.1842,3.1807,3.1832,25
2026-03-11 18:25:00,3.1777,3.1817,3.1772,3.1787,3.1827,3.1867,3.1822,3.1837,47
2026-03-11 18:26:00,3.1797,3.1937,3.1782,3.1887,3.1847,3.1987,3.1832,3.1937,103
2026-03-11 18:27:00,3.1877,3.1892,3.1857,3.1872,3.1927,3.1942,3.1907,3.1922,36
2026-03-11 18:28:00,3.1877,3.1897,3.1862,3.1887,3.1927,3.1947,3.1912,3.1937,36
2026-03-11 18:29:00,3.1897,3.1937,3.1887,3.1922,3.1947,3.1987,3.1937,3.1972,36
2026-03-11 18:30:00,3.1932,3.2097,3.1927,3.2007,3.1982,3.2147,3.1977,3.2057,67
2026-03-11 18:31:00,3.1997,3.2052,3.1997,3.2037,3.2047,3.2102,3.2047,3.2087,81
2026-03-11 18:32:00,3.2042,3.2077,3.2017,3.2057,3.2092,3.2127,3.2067,3.2107,44
2026-03-11 18:33:00,3.2067,3.2117,3.2047,3.2087,3.2117,3.2167,3.2097,3.2137,48
2026-03-11 18:34:00,3.2097,3.2097,3.2057,3.2057,3.2147,3.2147,3.2107,3.2107,37
2026-03-11 18:35:00,3.2052,3.2117,3.2052,3.2117,3.2102,3.2167,3.2102,3.2167,35
2026-03-11 18:36:00,3.2112,3.2127,3.2077,3.2127,3.2162,3.2177,3.2127,3.2177,38
2026-03-11 18:37:00,3.2117,3.2127,3.2067,3.2112,3.2167,3.2177,3.2117,3.2162,54
2026-03-11 18:38:00,3.2117,3.2167,3.2107,3.2147,3.2167,3.2217,3.2157,3.2197,40
2026-03-11 18:39:00,3.2157,3.2177,3.2102,3.2102,3.2207,3.2227,3.2152,3.2152,69
2026-03-11 18:40:00,3.2112,3.2117,3.2047,3.2067,3.2162,3.2167,3.2097,3.2117,45
2026-03-11 18:41:00,3.2072,3.2112,3.2067,3.2097,3.2122,3.2162,3.2117,3.2147,53
2026-03-11 18:42:00,3.2102,3.2137,3.2097,3.2117,3.2152,3.2187,3.2147,3.2167,47
2026-03-11 18:43:00,3.2122,3.2127,3.2027,3.2027,3.2172,3.2177,3.2077,3.2077,69
2026-03-11 18:44:00,3.2032,3.2032,3.1922,3.1922,3.2082,3.2082,3.1972,3.1972,90
2026-03-11 18:45:00,3.1917,3.1987,3.1877,3.1987,3.1967,3.2037,3.1927,3.2037,77
2026-03-11 18:46:00,3.1992,3.1992,3.1927,3.1967,3.2042,3.2042,3.1977,3.2017,41
2026-03-11 18:47:00,3.1972,3.2017,3.1967,3.1977,3.2022,3.2067,3.2017,3.2027,33
2026-03-11 18:48:00,3.1967,3.2017,3.1967,3.2007,3.2017,3.2067,3.2017,3.2057,38
2026-03-11 18:49:00,3.2012,3.2027,3.1997,3.2017,3.2062,3.2077,3.2047,3.2067,30
2026-03-11 18:50:00,3.2012,3.2032,3.1997,3.2002,3.2062,3.2082,3.2047,3.2052,39
2026-03-11 18:51:00,3.2007,3.2007,3.1972,3.2002,3.2057,3.2057,3.2022,3.2052,42
2026-03-11 18:52:00,3.1997,3.2017,3.1977,3.1977,3.2047,3.2067,3.2027,3.2027,18
2026-03-11 18:53:00,3.1987,3.1987,3.1957,3.1967,3.2037,3.2037,3.2007,3.2017,37
2026-03-11 18:54:00,3.1962,3.1982,3.1947,3.1977,3.2012,3.2032,3.1997,3.2027,30
2026-03-11 18:55:00,3.1982,3.2037,3.1977,3.2022,3.2032,3.2087,3.2027,3.2072,63
2026-03-11 18:56:00,3.2012,3.2027,3.1977,3.1992,3.2062,3.2077,3.2027,3.2042,47
2026-03-11 18:57:00,3.1997,3.2007,3.1967,3.1987,3.2047,3.2057,3.2017,3.2037,40
2026-03-11 18:58:00,3.1997,3.2022,3.1977,3.2017,3.2047,3.2072,3.2027,3.2067,23
2026-03-11 18:59:00,3.2012,3.2037,3.2002,3.2027,3.2062,3.2087,3.2052,3.2077,43
2026-03-11 19:00:00,3.2032,3.2082,3.2032,3.2047,3.2082,3.2132,3.2082,3.2097,40
2026-03-11 19:01:00,3.2042,3.2067,3.2017,3.2022,3.2092,3.2117,3.2067,3.2072,37
2026-03-11 19:02:00,3.2017,3.2022,3.1942,3.2007,3.2067,3.2072,3.1992,3.2057,41
2026-03-11 19:03:00,3.2017,3.2027,3.1977,3.2002,3.2067,3.2077,3.2027,3.2052,30
2026-03-11 19:04:00,3.2007,3.2022,3.1982,3.2017,3.2057,3.2072,3.2032,3.2067,32
2026-03-11 19:05:00,3.2007,3.2017,3.1947,3.1987,3.2057,3.2067,3.1997,3.2037,49
2026-03-11 19:06:00,3.1982,3.2027,3.1977,3.1997,3.2032,3.2077,3.2027,3.2047,43
2026-03-11 19:07:00,3.1992,3.1997,3.1937,3.1957,3.2042,3.2047,3.1987,3.2007,31
2026-03-11 19:08:00,3.1962,3.1997,3.1947,3.1987,3.2012,3.2047,3.1997,3.2037,40
2026-03-11 19:09:00,3.1992,3.2067,3.1987,3.2037,3.2042,3.2117,3.2037,3.2087,40
2026-03-11 19:10:00,3.2042,3.2062,3.2017,3.2052,3.2092,3.2112,3.2067,3.2102,33
2026-03-11 19:11:00,3.2057,3.2062,3.2017,3.2062,3.2107,3.2112,3.2067,3.2112,28
2026-03-11 19:12:00,3.2052,3.2067,3.2052,3.2067,3.2102,3.2117,3.2102,3.2117,27
2026-03-11 19:13:00,3.2062,3.2072,3.2007,3.2047,3.2112,3.2122,3.2057,3.2097,30
2026-03-11 19:14:00,3.2052,3.2127,3.2027,3.2032,3.2102,3.2177,3.2077,3.2082,58
2026-03-11 19:15:00,3.2057,3.2107,3.2037,3.2097,3.2107,3.2157,3.2087,3.2147,37
2026-03-11 19:16:00,3.2092,3.2097,3.2057,3.2067,3.2142,3.2147,3.2107,3.2117,42
2026-03-11 19:17:00,3.2072,3.2117,3.2072,3.2082,3.2122,3.2167,3.2122,3.2132,27
2026-03-11 19:18:00,3.2087,3.2107,3.2077,3.2087,3.2137,3.2157,3.2127,3.2137,29
2026-03-11 19:19:00,3.2092,3.2127,3.2087,3.2122,3.2142,3.2177,3.2137,3.2172,32
2026-03-11 19:20:00,3.2117,3.2127,3.2097,3.2117,3.2167,3.2177,3.2147,3.2167,18
2026-03-11 19:21:00,3.2112,3.2117,3.2057,3.2082,3.2162,3.2167,3.2107,3.2132,39
2026-03-11 19:22:00,3.2092,3.2107,3.2087,3.2102,3.2142,3.2157,3.2137,3.2152,25
2026-03-11 19:23:00,3.2097,3.2157,3.2097,3.2157,3.2147,3.2207,3.2147,3.2207,39
2026-03-11 19:24:00,3.2147,3.2157,3.2117,3.2132,3.2197,3.2207,3.2167,3.2182,38
2026-03-11 19:25:00,3.2127,3.2187,3.2127,3.2167,3.2177,3.2237,3.2177,3.2217,49
2026-03-11 19:26:00,3.2172,3.2182,3.2117,3.2147,3.2222,3.2232,3.2167,3.2197,60
2026-03-11 19:27:00,3.2142,3.2142,3.2067,3.2107,3.2192,3.2192,3.2117,3.2157,86
2026-03-11 19:28:00,3.2117,3.2177,3.2077,3.2127,3.2167,3.2227,3.2127,3.2177,155
2026-03-11 19:29:00,3.2122,3.2192,3.2107,3.2127,3.2172,3.2242,3.2157,3.2177,85
2026-03-11 19:30:00,3.2117,3.2137,3.2067,3.2097,3.2167,3.2187,3.2117,3.2147,61
2026-03-11 19:31:00,3.2092,3.2107,3.2017,3.2047,3.2142,3.2157,3.2067,3.2097,32
2026-03-11 19:32:00,3.2057,3.2057,3.1997,3.2057,3.2107,3.2107,3.2047,3.2107,43
2026-03-11 19:33:00,3.2067,3.2112,3.2067,3.2102,3.2117,3.2162,3.2117,3.2152,26
2026-03-11 19:34:00,3.2112,3.2127,3.2097,3.2102,3.2162,3.2177,3.2147,3.2152,31
2026-03-11 19:35:00,3.2107,3.2117,3.2077,3.2107,3.2157,3.2167,3.2127,3.2157,23
2026-03-11 19:36:00,3.2102,3.2137,3.2102,3.2117,3.2152,3.2187,3.2152,3.2167,14
2026-03-11 19:37:00,3.2112,3.2127,3.2102,3.2127,3.2162,3.2177,3.2152,3.2177,19
2026-03-11 19:38:00,3.2117,3.2147,3.2107,3.2147,3.2167,3.2197,3.2157,3.2197,24
2026-03-11 19:39:00,3.2142,3.2147,3.2127,3.2127,3.2192,3.2197,3.2177,3.2177,22
2026-03-11 19:40:00,3.2137,3.2137,3.2112,3.2127,3.2187,3.2187,3.2162,3.2177,18
2026-03-11 19:41:00,3.2122,3.2137,3.2117,3.2127,3.2172,3.2187,3.2167,3.2177,16
2026-03-11 19:42:00,3.2117,3.2127,3.2047,3.2077,3.2167,3.2177,3.2097,3.2127,24
2026-03-11 19:43:00,3.2067,3.2072,3.2027,3.2047,3.2117,3.2122,3.2077,3.2097,19
2026-03-11 19:44:00,3.2027,3.2047,3.2027,3.2042,3.2077,3.2097,3.2077,3.2092,14
2026-03-11 19:45:00,3.2047,3.2047,3.2027,3.2037,3.2097,3.2097,3.2077,3.2087,26
2026-03-11 19:46:00,3.2032,3.2047,3.2027,3.2027,3.2082,3.2097,3.2077,3.2077,12
2026-03-11 19:47:00,3.2037,3.2057,3.2037,3.2057,3.2087,3.2107,3.2087,3.2107,9
2026-03-11 19:48:00,3.2062,3.2072,3.2052,3.2072,3.2112,3.2122,3.2102,3.2122,10
2026-03-11 19:49:00,3.2067,3.2067,3.2047,3.2047,3.2117,3.2117,3.2097,3.2097,8
2026-03-11 19:50:00,3.2042,3.2047,3.1967,3.1977,3.2092,3.2097,3.2017,3.2027,20
2026-03-11 19:51:00,3.1972,3.1977,3.1947,3.1967,3.2022,3.2027,3.1997,3.2017,11
2026-03-11 19:52:00,3.1962,3.1987,3.1942,3.1987,3.2012,3.2037,3.1992,3.2037,21
2026-03-11 19:53:00,3.1997,3.2017,3.1987,3.2007,3.2047,3.2067,3.2037,3.2057,17
2026-03-11 19:54:00,3.1997,3.1997,3.1977,3.1987,3.2047,3.2047,3.2027,3.2037,22
2026-03-11 19:55:00,3.1992,3.1997,3.1972,3.1997,3.2042,3.2047,3.2022,3.2047,21
2026-03-11 19:56:00,3.1987,3.2007,3.1977,3.1987,3.2037,3.2057,3.2027,3.2037,23
2026-03-11 19:57:00,3.1997,3.1997,3.1967,3.1977,3.2047,3.2047,3.2017,3.2027,20
2026-03-11 19:58:00,3.1982,3.1997,3.1972,3.1972,3.2032,3.2047,3.2022,3.2022,22
2026-03-11 19:59:00,3.1967,3.1997,3.1962,3.1967,3.2017,3.2047,3.2012,3.2017,20
2026-03-11 20:00:00,3.1962,3.1987,3.1957,3.1987,3.2012,3.2037,3.2007,3.2037,19
2026-03-11 20:01:00,3.1997,3.2017,3.1982,3.1987,3.2047,3.2067,3.2032,3.2037,23
2026-03-11 20:02:00,3.1982,3.1982,3.1967,3.1967,3.2032,3.2032,3.2017,3.2017,5
2026-03-11 20:03:00,3.1962,3.1987,3.1942,3.1987,3.2012,3.2037,3.1992,3.2037,18
2026-03-11 20:04:00,3.1982,3.1992,3.1977,3.1987,3.2032,3.2042,3.2027,3.2037,19
2026-03-11 20:05:00,3.1997,3.2047,3.1997,3.2042,3.2047,3.2097,3.2047,3.2092,23
2026-03-11 20:06:00,3.2037,3.2097,3.2037,3.2097,3.2087,3.2147,3.2087,3.2147,26
2026-03-11 20:07:00,3.2107,3.2107,3.2097,3.2097,3.2157,3.2157,3.2147,3.2147,12
2026-03-11 20:08:00,3.2092,3.2092,3.2067,3.2077,3.2142,3.2142,3.2117,3.2127,10
2026-03-11 20:09:00,3.2082,3.2127,3.2077,3.2117,3.2132,3.2177,3.2127,3.2167,23
2026-03-11 20:10:00,3.2107,3.2147,3.2067,3.2137,3.2157,3.2197,3.2117,3.2187,28
2026-03-11 20:11:00,3.2132,3.2157,3.2132,3.2147,3.2182,3.2207,3.2182,3.2197,13
2026-03-11 20:12:00,3.2142,3.2147,3.2117,3.2147,3.2192,3.2197,3.2167,3.2197,17
2026-03-11 20:13:00,3.2152,3.2167,3.2147,3.2157,3.2202,3.2217,3.2197,3.2207,24
2026-03-11 20:14:00,3.2147,3.2167,3.2137,3.2147,3.2197,3.2217,3.2187,3.2197,33
2026-03-11 20:15:00,3.2142,3.2157,3.2122,3.2127,3.2192,3.2207,3.2172,3.2177,35
2026-03-11 20:16:00,3.2132,3.2137,3.2117,3.2132,3.2182,3.2187,3.2167,3.2182,18
2026-03-11 20:17:00,3.2137,3.2152,3.2137,3.2137,3.2187,3.2202,3.2187,3.2187,18
2026-03-11 20:18:00,3.2127,3.2137,3.2117,3.2127,3.2177,3.2187,3.2167,3.2177,7
2026-03-11 20:19:00,3.2117,3.2117,3.2097,3.2102,3.2167,3.2167,3.2147,3.2152,13
2026-03-11 20:20:00,3.2107,3.2107,3.2072,3.2077,3.2157,3.2157,3.2122,3.2127,15
2026-03-11 20:21:00,3.2087,3.2127,3.2087,3.2117,3.2137,3.2177,3.2137,3.2167,14
2026-03-11 20:22:00,3.2112,3.2122,3.2097,3.2097,3.2162,3.2172,3.2147,3.2147,10
2026-03-11 20:23:00,3.2107,3.2107,3.2087,3.2102,3.2157,3.2157,3.2137,3.2152,24
2026-03-11 20:24:00,3.2107,3.2112,3.2087,3.2087,3.2157,3.2162,3.2137,3.2137,19
2026-03-11 20:25:00,3.2082,3.2092,3.2077,3.2082,3.2132,3.2142,3.2127,3.2132,12
2026-03-11 20:26:00,3.2077,3.2077,3.2057,3.2057,3.2127,3.2127,3.2107,3.2107,21
2026-03-11 20:27:00,3.2047,3.2047,3.2027,3.2037,3.2097,3.2097,3.2077,3.2087,22
2026-03-11 20:28:00,3.2047,3.2067,3.2047,3.2057,3.2097,3.2117,3.2097,3.2107,14
2026-03-11 20:29:00,3.2067,3.2097,3.2057,3.2087,3.2117,3.2147,3.2107,3.2137,18
2026-03-11 20:30:00,3.2092,3.2092,3.2052,3.2057,3.2142,3.2142,3.2102,3.2107,16
2026-03-11 20:31:00,3.2072,3.2097,3.2072,3.2087,3.2122,3.2147,3.2122,3.2137,11
2026-03-11 20:32:00,3.2077,3.2077,3.2062,3.2067,3.2127,3.2127,3.2112,3.2117,4
2026-03-11 20:33:00,3.2057,3.2067,3.2052,3.2067,3.2107,3.2117,3.2102,3.2117,11
2026-03-11 20:34:00,3.2072,3.2072,3.2052,3.2057,3.2122,3.2122,3.2102,3.2107,5
2026-03-11 20:35:00,3.2052,3.2057,3.2047,3.2057,3.2102,3.2107,3.2097,3.2107,5
2026-03-11 20:36:00,3.2052,3.2052,3.2047,3.2052,3.2102,3.2102,3.2097,3.2102,3
2026-03-11 20:37:00,3.2047,3.2047,3.2022,3.2022,3.2097,3.2097,3.2072,3.2072,9
2026-03-11 20:38:00,3.2027,3.2027,3.2022,3.2022,3.2077,3.2077,3.2072,3.2072,8
2026-03-11 20:39:00,3.2012,3.2037,3.2007,3.2027,3.2062,3.2087,3.2057,3.2077,9
2026-03-11 20:40:00,3.2032,3.2037,3.2007,3.2012,3.2082,3.2087,3.2057,3.2062,14
2026-03-11 20:41:00,3.2017,3.2027,3.2012,3.2022,3.2067,3.2077,3.2062,3.2072,7
2026-03-11 20:42:00,3.2032,3.2032,3.2017,3.2027,3.2082,3.2082,3.2067,3.2077,11
2026-03-11 20:43:00,3.2032,3.2037,3.2017,3.2027,3.2082,3.2087,3.2067,3.2077,11
2026-03-11 20:44:00,3.2032,3.2032,3.2022,3.2022,3.2082,3.2082,3.2072,3.2072,5
2026-03-11 20:45:00,3.2032,3.2057,3.2027,3.2057,3.2082,3.2107,3.2077,3.2107,13
2026-03-11 20:46:00,3.2052,3.2067,3.2027,3.2037,3.2102,3.2117,3.2077,3.2087,15
2026-03-11 20:47:00,3.2042,3.2042,3.2022,3.2022,3.2092,3.2092,3.2072,3.2072,4
2026-03-11 20:48:00,3.2027,3.2047,3.2017,3.2047,3.2077,3.2097,3.2067,3.2097,9
2026-03-11 20:49:00,3.2042,3.2047,3.2032,3.2042,3.2092,3.2097,3.2082,3.2092,7
2026-03-11 20:50:00,3.2037,3.2037,3.2027,3.2027,3.2087,3.2087,3.2077,3.2077,5
2026-03-11 20:51:00,3.2032,3.2032,3.2012,3.2012,3.2082,3.2082,3.2062,3.2062,8
2026-03-11 20:52:00,3.2017,3.2017,3.2002,3.2007,3.2067,3.2067,3.2052,3.2057,12
2026-03-11 20:53:00,3.2002,3.2032,3.2002,3.2017,3.2052,3.2082,3.2052,3.2067,9
2026-03-11 20:54:00,3.2012,3.2052,3.2007,3.2042,3.2062,3.2102,3.2057,3.2092,12
2026-03-11 20:55:00,3.2037,3.2037,3.2027,3.2037,3.2087,3.2087,3.2077,3.2087,7
2026-03-11 20:56:00,3.2032,3.2037,3.2032,3.2032,3.2082,3.2087,3.2082,3.2082,3
2026-03-11 20:57:00,3.2037,3.2037,3.2027,3.2037,3.2087,3.2087,3.2077,3.2087,10
2026-03-11 20:58:00,3.2042,3.2057,3.2027,3.2047,3.2092,3.2107,3.2077,3.2097,8
2026-03-11 20:59:00,3.2042,3.2057,3.2032,3.2047,3.2092,3.2107,3.2082,3.2097,12
2026-03-11 21:00:00,3.2052,3.2067,3.2047,3.2062,3.2102,3.2117,3.2097,3.2112,8
2026-03-11 21:01:00,3.2057,3.2107,3.2057,3.2097,3.2107,3.2157,3.2107,3.2147,14
2026-03-11 21:02:00,3.2092,3.2127,3.2087,3.2127,3.2142,3.2177,3.2137,3.2177,14
2026-03-11 21:03:00,3.2122,3.2132,3.2107,3.2132,3.2172,3.2182,3.2157,3.2182,7
2026-03-11 21:04:00,3.2137,3.2147,3.2132,3.2142,3.2187,3.2197,3.2182,3.2192,12
2026-03-11 21:05:00,3.2132,3.2152,3.2127,3.2132,3.2182,3.2202,3.2177,3.2182,8
2026-03-11 21:06:00,3.2147,3.2167,3.2142,3.2157,3.2197,3.2217,3.2192,3.2207,15
2026-03-11 21:07:00,3.2152,3.2152,3.2132,3.2137,3.2202,3.2202,3.2182,3.2187,16
2026-03-11 21:08:00,3.2127,3.2137,3.2117,3.2117,3.2177,3.2187,3.2167,3.2167,9
2026-03-11 21:09:00,3.2122,3.2127,3.2117,3.2122,3.2172,3.2177,3.2167,3.2172,6
2026-03-11 21:10:00,3.2112,3.2137,3.2107,3.2137,3.2162,3.2187,3.2157,3.2187,6
2026-03-11 21:11:00,3.2142,3.2152,3.2142,3.2152,3.2192,3.2202,3.2192,3.2202,5
2026-03-11 21:12:00,3.2157,3.2157,3.2147,3.2157,3.2207,3.2207,3.2197,3.2207,7
2026-03-11 21:13:00,3.2162,3.2162,3.2147,3.2162,3.2212,3.2212,3.2197,3.2212,6
2026-03-11 21:14:00,3.2157,3.2217,3.2157,3.2197,3.2207,3.2267,3.2207,3.2247,20
2026-03-11 21:15:00,3.2192,3.2217,3.2187,3.2217,3.2242,3.2267,3.2237,3.2267,20
2026-03-11 21:16:00,3.2212,3.2212,3.2207,3.2207,3.2262,3.2262,3.2257,3.2257,4
2026-03-11 21:17:00,3.2212,3.2212,3.2177,3.2197,3.2262,3.2262,3.2227,3.2247,9
2026-03-11 21:18:00,3.2202,3.2232,3.2197,3.2232,3.2252,3.2282,3.2247,3.2282,20
2026-03-11 21:19:00,3.2237,3.2267,3.2217,3.2232,3.2287,3.2317,3.2267,3.2282,26
2026-03-11 21:20:00,3.2227,3.2237,3.2217,3.2227,3.2277,3.2287,3.2267,3.2277,9
2026-03-11 21:21:00,3.2237,3.2247,3.2227,3.2227,3.2287,3.2297,3.2277,3.2277,7
2026-03-11 21:22:00,3.2222,3.2237,3.2217,3.2217,3.2272,3.2287,3.2267,3.2267,9
2026-03-11 21:23:00,3.2212,3.2212,3.2187,3.2197,3.2262,3.2262,3.2237,3.2247,8
2026-03-11 21:24:00,3.2202,3.2222,3.2197,3.2222,3.2252,3.2272,3.2247,3.2272,13
2026-03-11 21:25:00,3.2217,3.2227,3.2207,3.2207,3.2267,3.2277,3.2257,3.2257,10
2026-03-11 21:26:00,3.2197,3.2202,3.2187,3.2197,3.2247,3.2252,3.2237,3.2247,14
2026-03-11 21:27:00,3.2192,3.2197,3.2177,3.2182,3.2242,3.2247,3.2227,3.2232,9
2026-03-11 21:28:00,3.2197,3.2197,3.2172,3.2172,3.2247,3.2247,3.2222,3.2222,8
2026-03-11 21:29:00,3.2177,3.2187,3.2172,3.2182,3.2227,3.2237,3.2222,3.2232,10
2026-03-11 21:30:00,3.2177,3.2177,3.2162,3.2172,3.2227,3.2227,3.2212,3.2222,8
2026-03-11 21:31:00,3.2167,3.2167,3.2167,3.2167,3.2217,3.2217,3.2217,3.2217,1
2026-03-11 21:32:00,3.2177,3.2177,3.2167,3.2177,3.2227,3.2227,3.2217,3.2227,3
2026-03-11 21:33:00,3.2172,3.2182,3.2172,3.2182,3.2222,3.2232,3.2222,3.2232,5
2026-03-11 21:34:00,3.2192,3.2197,3.2187,3.2197,3.2242,3.2247,3.2237,3.2247,6
2026-03-11 21:35:00,3.2192,3.2212,3.2187,3.2212,3.2242,3.2262,3.2237,3.2262,6
2026-03-11 21:36:00,3.2227,3.2257,3.2217,3.2252,3.2277,3.2307,3.2267,3.2302,11
2026-03-11 21:37:00,3.2242,3.2242,3.2222,3.2227,3.2292,3.2292,3.2272,3.2277,8
2026-03-11 21:38:00,3.2232,3.2237,3.2227,3.2237,3.2282,3.2287,3.2277,3.2287,4
2026-03-11 21:39:00,3.2242,3.2247,3.2227,3.2237,3.2292,3.2297,3.2277,3.2287,8
2026-03-11 21:40:00,3.2242,3.2272,3.2242,3.2262,3.2292,3.2322,3.2292,3.2312,5
2026-03-11 21:41:00,3.2247,3.2257,3.2247,3.2257,3.2297,3.2307,3.2297,3.2307,3
2026-03-11 21:42:00,3.2267,3.2267,3.2267,3.2267,3.2317,3.2317,3.2317,3.2317,1
2026-03-11 21:43:00,3.2262,3.2262,3.2247,3.2247,3.2312,3.2312,3.2297,3.2297,4
2026-03-11 21:44:00,3.2237,3.2267,3.2237,3.2267,3.2287,3.2317,3.2287,3.2317,12
2026-03-11 21:45:00,3.2257,3.2272,3.2252,3.2262,3.2307,3.2322,3.2302,3.2312,9
2026-03-11 21:46:00,3.2267,3.2267,3.2262,3.2267,3.2317,3.2317,3.2312,3.2317,3
2026-03-11 21:47:00,3.2262,3.2267,3.2257,3.2267,3.2312,3.2317,3.2307,3.2317,4
2026-03-11 21:49:00,3.2262,3.2277,3.2262,3.2267,3.2312,3.2327,3.2312,3.2317,5
2026-03-11 21:50:00,3.2262,3.2267,3.2262,3.2267,3.2312,3.2317,3.2312,3.2317,2
2026-03-11 21:51:00,3.2257,3.2262,3.2247,3.2262,3.2307,3.2312,3.2297,3.2312,13
2026-03-11 21:52:00,3.2257,3.2257,3.2237,3.2237,3.2307,3.2307,3.2287,3.2287,9
2026-03-11 21:53:00,3.2242,3.2267,3.2242,3.2267,3.2292,3.2317,3.2292,3.2317,6
2026-03-11 21:54:00,3.2262,3.2267,3.2257,3.2267,3.2312,3.2317,3.2307,3.2317,3
2026-03-11 21:55:00,3.2262,3.2262,3.2237,3.2257,3.2312,3.2312,3.2287,3.2307,14
2026-03-11 21:56:00,3.2262,3.2287,3.2247,3.2287,3.2312,3.2337,3.2297,3.2337,16
2026-03-11 21:57:00,3.2282,3.2287,3.2277,3.2282,3.2332,3.2337,3.2327,3.2332,8
2026-03-11 21:58:00,3.2277,3.2292,3.2267,3.2282,3.2327,3.2342,3.2317,3.2332,14
2026-03-11 21:59:00,3.2277,3.2327,3.2251,3.2261,3.2327,3.2377,3.2301,3.2311,31
2026-03-11 23:00:00,3.2311,3.2366,3.2296,3.2366,3.2361,3.2416,3.2346,3.2416,16
2026-03-11 23:01:00,3.2361,3.2361,3.2246,3.2246,3.2411,3.2411,3.2296,3.2296,19
2026-03-11 23:02:00,3.2251,3.2261,3.2216,3.2216,3.2301,3.2311,3.2266,3.2266,14
2026-03-11 23:03:00,3.2211,3.2251,3.2206,3.2221,3.2261,3.2301,3.2256,3.2271,12
2026-03-11 23:04:00,3.2216,3.2221,3.2201,3.2201,3.2266,3.2271,3.2251,3.2251,6
2026-03-11 23:05:00,3.2206,3.2206,3.2176,3.2176,3.2256,3.2256,3.2226,3.2226,8
2026-03-11 23:06:00,3.2181,3.2191,3.2131,3.2191,3.2231,3.2241,3.2181,3.2241,20
2026-03-11 23:07:00,3.2181,3.2206,3.2181,3.2206,3.2231,3.2256,3.2231,3.2256,6
2026-03-11 23:08:00,3.2201,3.2201,3.2181,3.2181,3.2251,3.2251,3.2231,3.2231,8
2026-03-11 23:09:00,3.2186,3.2186,3.2171,3.2176,3.2236,3.2236,3.2221,3.2226,6
2026-03-11 23:10:00,3.2196,3.2196,3.2141,3.2151,3.2246,3.2246,3.2191,3.2201,16
2026-03-11 23:11:00,3.2141,3.2141,3.2111,3.2111,3.2191,3.2191,3.2161,3.2161,6
2026-03-11 23:12:00,3.2106,3.2141,3.2101,3.2121,3.2156,3.2191,3.2151,3.2171,14
2026-03-11 23:13:00,3.2126,3.2151,3.2126,3.2131,3.2176,3.2201,3.2176,3.2181,5
2026-03-11 23:14:00,3.2136,3.2136,3.2136,3.2136,3.2186,3.2186,3.2186,3.2186,1
2026-03-11 23:15:00,3.2146,3.2166,3.2146,3.2161,3.2196,3.2216,3.2196,3.2211,5
2026-03-11 23:16:00,3.2156,3.2171,3.2156,3.2171,3.2206,3.2221,3.2206,3.2221,4
2026-03-11 23:18:00,3.2166,3.2176,3.2166,3.2176,3.2216,3.2226,3.2216,3.2226,2
2026-03-11 23:19:00,3.2171,3.2171,3.2171,3.2171,3.2221,3.2221,3.2221,3.2221,1
2026-03-11 23:20:00,3.2161,3.2161,3.2151,3.2151,3.2211,3.2211,3.2201,3.2201,2
2026-03-11 23:21:00,3.2146,3.2146,3.2121,3.2121,3.2196,3.2196,3.2171,3.2171,3
2026-03-11 23:22:00,3.2126,3.2126,3.2116,3.2116,3.2176,3.2176,3.2166,3.2166,2
2026-03-11 23:23:00,3.2121,3.2161,3.2116,3.2116,3.2171,3.2211,3.2166,3.2166,10
2026-03-11 23:24:00,3.2121,3.2146,3.2116,3.2146,3.2171,3.2196,3.2166,3.2196,5
2026-03-11 23:25:00,3.2156,3.2181,3.2156,3.2166,3.2206,3.2231,3.2206,3.2216,6
2026-03-11 23:26:00,3.2161,3.2161,3.2136,3.2136,3.2211,3.2211,3.2186,3.2186,3
2026-03-11 23:28:00,3.2141,3.2156,3.2141,3.2151,3.2191,3.2206,3.2191,3.2201,4
2026-03-11 23:29:00,3.2161,3.2166,3.2156,3.2166,3.2211,3.2216,3.2206,3.2216,6
2026-03-11 23:30:00,3.2161,3.2226,3.2146,3.2221,3.2211,3.2276,3.2196,3.2271,14
2026-03-11 23:31:00,3.2216,3.2261,3.2201,3.2256,3.2266,3.2311,3.2251,3.2306,11
2026-03-11 23:32:00,3.2261,3.2281,3.2231,3.2281,3.2311,3.2331,3.2281,3.2331,18
2026-03-11 23:33:00,3.2266,3.2341,3.2241,3.2331,3.2316,3.2391,3.2291,3.2381,20
2026-03-11 23:34:00,3.2326,3.2341,3.2301,3.2331,3.2376,3.2391,3.2351,3.2381,16
2026-03-11 23:35:00,3.2336,3.2421,3.2336,3.2421,3.2386,3.2471,3.2386,3.2471,16
2026-03-11 23:36:00,3.2406,3.2456,3.2401,3.2401,3.2456,3.2506,3.2451,3.2451,23
2026-03-11 23:37:00,3.2386,3.2431,3.2376,3.2396,3.2436,3.2481,3.2426,3.2446,15
2026-03-11 23:38:00,3.2391,3.2466,3.2381,3.2421,3.2441,3.2516,3.2431,3.2471,18
2026-03-11 23:39:00,3.2416,3.2431,3.2371,3.2426,3.2466,3.2481,3.2421,3.2476,19
2026-03-11 23:40:00,3.2431,3.2431,3.2396,3.2421,3.2481,3.2481,3.2446,3.2471,14
2026-03-11 23:41:00,3.2411,3.2431,3.2396,3.2431,3.2461,3.2481,3.2446,3.2481,10
2026-03-11 23:42:00,3.2426,3.2431,3.2401,3.2426,3.2476,3.2481,3.2451,3.2476,12
2026-03-11 23:43:00,3.2416,3.2416,3.2391,3.2396,3.2466,3.2466,3.2441,3.2446,5
2026-03-11 23:44:00,3.2401,3.2431,3.2401,3.2416,3.2451,3.2481,3.2451,3.2466,11
2026-03-11 23:45:00,3.2401,3.2411,3.2381,3.2381,3.2451,3.2461,3.2431,3.2431,11
2026-03-11 23:46:00,3.2376,3.2381,3.2301,3.2326,3.2426,3.2431,3.2351,3.2376,22
2026-03-11 23:47:00,3.2321,3.2341,3.2316,3.2336,3.2371,3.2391,3.2366,3.2386,6
2026-03-11 23:48:00,3.2341,3.2381,3.2341,3.2376,3.2391,3.2431,3.2391,3.2426,7
2026-03-11 23:49:00,3.2386,3.2396,3.2386,3.2396,3.2436,3.2446,3.2436,3.2446,3
2026-03-11 23:50:00,3.2391,3.2391,3.2351,3.2386,3.2441,3.2441,3.2401,3.2436,10
2026-03-11 23:51:00,3.2391,3.2421,3.2391,3.2416,3.2441,3.2471,3.2441,3.2466,7
2026-03-11 23:52:00,3.2431,3.2461,3.2416,3.2456,3.2481,3.2511,3.2466,3.2506,12
2026-03-11 23:53:00,3.2461,3.2501,3.2451,3.2491,3.2511,3.2551,3.2501,3.2541,15
2026-03-11 23:54:00,3.2486,3.2501,3.2481,3.2501,3.2536,3.2551,3.2531,3.2551,4
2026-03-11 23:55:00,3.2496,3.2501,3.2481,3.2486,3.2546,3.2551,3.2531,3.2536,7
2026-03-11 23:56:00,3.2481,3.2486,3.2481,3.2486,3.2531,3.2536,3.2531,3.2536,2
2026-03-11 23:57:00,3.2481,3.2486,3.2481,3.2481,3.2531,3.2536,3.2531,3.2531,3
2026-03-11 23:58:00,3.2491,3.2501,3.2491,3.2501,3.2541,3.2551,3.2541,3.2551,2
2026-03-11 23:59:00,3.2506,3.2506,3.2431,3.2466,3.2556,3.2556,3.2481,3.2516,14
2026-03-12 00:00:00,3.2471,3.2471,3.2431,3.2451,3.2521,3.2521,3.2481,3.2501,18
2026-03-12 00:01:00,3.2456,3.2481,3.2446,3.2481,3.2506,3.2531,3.2496,3.2531,11
2026-03-12 00:02:00,3.2491,3.2491,3.2451,3.2456,3.2541,3.2541,3.2501,3.2506,9
2026-03-12 00:03:00,3.2466,3.2466,3.2456,3.2456,3.2516,3.2516,3.2506,3.2506,2
2026-03-12 00:04:00,3.2446,3.2486,3.2446,3.2481,3.2496,3.2536,3.2496,3.2531,8
2026-03-12 00:05:00,3.2476,3.2506,3.2476,3.2506,3.2526,3.2556,3.2526,3.2556,7
2026-03-12 00:06:00,3.2511,3.2511,3.2491,3.2491,3.2561,3.2561,3.2541,3.2541,4
2026-03-12 00:07:00,3.2481,3.2486,3.2471,3.2471,3.2531,3.2536,3.2521,3.2521,7
2026-03-12 00:09:00,3.2466,3.2471,3.2466,3.2471,3.2516,3.2521,3.2516,3.2521,2
2026-03-12 00:10:00,3.2476,3.2481,3.2456,3.2456,3.2526,3.2531,3.2506,3.2506,6
2026-03-12 00:11:00,3.2441,3.2441,3.2431,3.2441,3.2491,3.2491,3.2481,3.2491,5
2026-03-12 00:12:00,3.2436,3.2441,3.2431,3.2441,3.2486,3.2491,3.2481,3.2491,4
2026-03-12 00:13:00,3.2436,3.2441,3.2431,3.2436,3.2486,3.2491,3.2481,3.2486,8
2026-03-12 00:14:00,3.2446,3.2471,3.2446,3.2471,3.2496,3.2521,3.2496,3.2521,5
2026-03-12 00:15:00,3.2466,3.2481,3.2456,3.2481,3.2516,3.2531,3.2506,3.2531,9
2026-03-12 00:16:00,3.2491,3.2536,3.2471,3.2536,3.2541,3.2586,3.2521,3.2586,8
2026-03-12 00:17:00,3.2531,3.2531,3.2526,3.2531,3.2581,3.2581,3.2576,3.2581,3
2026-03-12 00:18:00,3.2536,3.2551,3.2536,3.2546,3.2586,3.2601,3.2586,3.2596,4
2026-03-12 00:19:00,3.2536,3.2536,3.2521,3.2526,3.2586,3.2586,3.2571,3.2576,4
2026-03-12 00:20:00,3.2531,3.2541,3.2521,3.2541,3.2581,3.2591,3.2571,3.2591,4
2026-03-12 00:21:00,3.2531,3.2546,3.2521,3.2531,3.2581,3.2596,3.2571,3.2581,8
2026-03-12 00:22:00,3.2526,3.2536,3.2526,3.2526,3.2576,3.2586,3.2576,3.2576,4
2026-03-12 00:23:00,3.2531,3.2576,3.2531,3.2576,3.2581,3.2626,3.2581,3.2626,7
2026-03-12 00:24:00,3.2581,3.2596,3.2581,3.2596,3.2631,3.2646,3.2631,3.2646,3
2026-03-12 00:25:00,3.2586,3.2591,3.2561,3.2566,3.2636,3.2641,3.2611,3.2616,7
2026-03-12 00:26:00,3.2571,3.2601,3.2566,3.2601,3.2621,3.2651,3.2616,3.2651,10
2026-03-12 00:27:00,3.2586,3.2586,3.2571,3.2571,3.2636,3.2636,3.2621,3.2621,3
2026-03-12 00:28:00,3.2561,3.2581,3.2561,3.2581,3.2611,3.2631,3.2611,3.2631,5
2026-03-12 00:29:00,3.2576,3.2581,3.2566,3.2576,3.2626,3.2631,3.2616,3.2626,10
2026-03-12 00:30:00,3.2571,3.2606,3.2556,3.2606,3.2621,3.2656,3.2606,3.2656,9
2026-03-12 00:31:00,3.2601,3.2611,3.2601,3.2611,3.2651,3.2661,3.2651,3.2661,2
2026-03-12 00:32:00,3.2601,3.2601,3.2601,3.2601,3.2651,3.2651,3.2651,3.2651,1
2026-03-12 00:33:00,3.2596,3.2596,3.2581,3.2581,3.2646,3.2646,3.2631,3.2631,6
2026-03-12 00:34:00,3.2576,3.2586,3.2556,3.2586,3.2626,3.2636,3.2606,3.2636,11
2026-03-12 00:35:00,3.2591,3.2596,3.2586,3.2586,3.2641,3.2646,3.2636,3.2636,3
2026-03-12 00:36:00,3.2596,3.2606,3.2586,3.2606,3.2646,3.2656,3.2636,3.2656,10
2026-03-12 00:37:00,3.2611,3.2666,3.2611,3.2646,3.2661,3.2716,3.2661,3.2696,17
2026-03-12 00:38:00,3.2651,3.2661,3.2626,3.2661,3.2701,3.2711,3.2676,3.2711,13
2026-03-12 00:39:00,3.2656,3.2691,3.2651,3.2691,3.2706,3.2741,3.2701,3.2741,8
2026-03-12 00:40:00,3.2701,3.2701,3.2691,3.2696,3.2751,3.2751,3.2741,3.2746,7
2026-03-12 00:41:00,3.2691,3.2721,3.2676,3.2721,3.2741,3.2771,3.2726,3.2771,7
2026-03-12 00:42:00,3.2716,3.2721,3.2666,3.2671,3.2766,3.2771,3.2716,3.2721,17
2026-03-12 00:43:00,3.2666,3.2666,3.2626,3.2631,3.2716,3.2716,3.2676,3.2681,9
2026-03-12 00:44:00,3.2621,3.2636,3.2621,3.2631,3.2671,3.2686,3.2671,3.2681,3
2026-03-12 00:45:00,3.2636,3.2636,3.2611,3.2611,3.2686,3.2686,3.2661,3.2661,7
2026-03-12 00:46:00,3.2616,3.2626,3.2616,3.2621,3.2666,3.2676,3.2666,3.2671,5
2026-03-12 00:47:00,3.2616,3.2616,3.2586,3.2586,3.2666,3.2666,3.2636,3.2636,6
2026-03-12 00:48:00,3.2591,3.2591,3.2581,3.2581,3.2641,3.2641,3.2631,3.2631,2
2026-03-12 00:49:00,3.2571,3.2571,3.2571,3.2571,3.2621,3.2621,3.2621,3.2621,1
2026-03-12 00:50:00,3.2561,3.2571,3.2541,3.2541,3.2611,3.2621,3.2591,3.2591,8
2026-03-12 00:51:00,3.2531,3.2606,3.2531,3.2606,3.2581,3.2656,3.2581,3.2656,12
2026-03-12 00:52:00,3.2596,3.2596,3.2551,3.2571,3.2646,3.2646,3.2601,3.2621,13
2026-03-12 00:53:00,3.2566,3.2676,3.2536,3.2666,3.2616,3.2726,3.2586,3.2716,35
2026-03-12 00:54:00,3.2711,3.2711,3.2676,3.2691,3.2761,3.2761,3.2726,3.2741,8
2026-03-12 00:55:00,3.2696,3.2696,3.2686,3.2686,3.2746,3.2746,3.2736,3.2736,3
2026-03-12 00:56:00,3.2681,3.2681,3.2606,3.2631,3.2731,3.2731,3.2656,3.2681,16
2026-03-12 00:57:00,3.2626,3.2626,3.2601,3.2621,3.2676,3.2676,3.2651,3.2671,8
2026-03-12 00:58:00,3.2616,3.2621,3.2606,3.2621,3.2666,3.2671,3.2656,3.2671,4
2026-03-12 00:59:00,3.2616,3.2616,3.2596,3.2596,3.2666,3.2666,3.2646,3.2646,7
2026-03-12 01:00:00,3.2581,3.2601,3.2561,3.2586,3.2631,3.2651,3.2611,3.2636,16
2026-03-12 01:01:00,3.2571,3.2571,3.2551,3.2561,3.2621,3.2621,3.2601,3.2611,11
2026-03-12 01:02:00,3.2556,3.2566,3.2556,3.2556,3.2606,3.2616,3.2606,3.2606,8
2026-03-12 01:03:00,3.2546,3.2551,3.2541,3.2541,3.2596,3.2601,3.2591,3.2591,3
2026-03-12 01:04:00,3.2536,3.2556,3.2531,3.2531,3.2586,3.2606,3.2581,3.2581,14
2026-03-12 01:05:00,3.2541,3.2586,3.2541,3.2556,3.2591,3.2636,3.2591,3.2606,14
2026-03-12 01:06:00,3.2566,3.2571,3.2561,3.2566,3.2616,3.2621,3.2611,3.2616,7
2026-03-12 01:07:00,3.2561,3.2566,3.2546,3.2546,3.2611,3.2616,3.2596,3.2596,4
2026-03-12 01:08:00,3.2551,3.2611,3.2551,3.2586,3.2601,3.2661,3.2601,3.2636,18
2026-03-12 01:09:00,3.2581,3.2591,3.2561,3.2586,3.2631,3.2641,3.2611,3.2636,19
2026-03-12 01:10:00,3.2576,3.2591,3.2576,3.2591,3.2626,3.2641,3.2626,3.2641,10
2026-03-12 01:11:00,3.2581,3.2611,3.2571,3.2581,3.2631,3.2661,3.2621,3.2631,11
2026-03-12 01:12:00,3.2576,3.2601,3.2566,3.2566,3.2626,3.2651,3.2616,3.2616,15
2026-03-12 01:13:00,3.2561,3.2561,3.2531,3.2536,3.2611,3.2611,3.2581,3.2586,10
2026-03-12 01:14:00,3.2526,3.2541,3.2471,3.2471,3.2576,3.2591,3.2521,3.2521,18
2026-03-12 01:15:00,3.2466,3.2466,3.2431,3.2456,3.2516,3.2516,3.2481,3.2506,19
2026-03-12 01:16:00,3.2466,3.2481,3.2441,3.2441,3.2516,3.2531,3.2491,3.2491,9
2026-03-12 01:17:00,3.2446,3.2511,3.2446,3.2506,3.2496,3.2561,3.2496,3.2556,11
2026-03-12 01:18:00,3.2501,3.2511,3.2491,3.2506,3.2551,3.2561,3.2541,3.2556,7
2026-03-12 01:19:00,3.2501,3.2501,3.2461,3.2461,3.2551,3.2551,3.2511,3.2511,6
2026-03-12 01:20:00,3.2451,3.2456,3.2436,3.2446,3.2501,3.2506,3.2486,3.2496,6
2026-03-12 01:21:00,3.2461,3.2471,3.2456,3.2466,3.2511,3.2521,3.2506,3.2516,5
2026-03-12 01:22:00,3.2471,3.2471,3.2451,3.2451,3.2521,3.2521,3.2501,3.2501,3
2026-03-12 01:23:00,3.2446,3.2446,3.2436,3.2436,3.2496,3.2496,3.2486,3.2486,5
2026-03-12 01:25:00,3.2431,3.2461,3.2431,3.2451,3.2481,3.2511,3.2481,3.2501,11
2026-03-12 01:26:00,3.2441,3.2451,3.2431,3.2441,3.2491,3.2501,3.2481,3.2491,11
2026-03-12 01:27:00,3.2446,3.2476,3.2446,3.2466,3.2496,3.2526,3.2496,3.2516,9
2026-03-12 01:28:00,3.2476,3.2476,3.2471,3.2476,3.2526,3.2526,3.2521,3.2526,3
2026-03-12 01:29:00,3.2466,3.2471,3.2456,3.2461,3.2516,3.2521,3.2506,3.2511,11
2026-03-12 01:30:00,3.2456,3.2456,3.2436,3.2436,3.2506,3.2506,3.2486,3.2486,7
2026-03-12 01:31:00,3.2431,3.2466,3.2431,3.2466,3.2481,3.2516,3.2481,3.2516,9
2026-03-12 01:32:00,3.2471,3.2481,3.2446,3.2451,3.2521,3.2531,3.2496,3.2501,12
2026-03-12 01:33:00,3.2461,3.2521,3.2436,3.2441,3.2511,3.2571,3.2486,3.2491,26
2026-03-12 01:34:00,3.2436,3.2436,3.2376,3.2416,3.2486,3.2486,3.2426,3.2466,18
2026-03-12 01:35:00,3.2426,3.2441,3.2426,3.2426,3.2476,3.2491,3.2476,3.2476,8
2026-03-12 01:36:00,3.2406,3.2416,3.2401,3.2416,3.2456,3.2466,3.2451,3.2466,4
2026-03-12 01:37:00,3.2426,3.2436,3.2421,3.2436,3.2476,3.2486,3.2471,3.2486,5
2026-03-12 01:38:00,3.2431,3.2441,3.2411,3.2426,3.2481,3.2491,3.2461,3.2476,8
2026-03-12 01:40:00,3.2421,3.2421,3.2411,3.2411,3.2471,3.2471,3.2461,3.2461,3
2026-03-12 01:41:00,3.2416,3.2451,3.2416,3.2451,3.2466,3.2501,3.2466,3.2501,6
2026-03-12 01:42:00,3.2461,3.2476,3.2456,3.2476,3.2511,3.2526,3.2506,3.2526,10
2026-03-12 01:43:00,3.2471,3.2486,3.2471,3.2476,3.2521,3.2536,3.2521,3.2526,7
2026-03-12 01:44:00,3.2466,3.2466,3.2451,3.2456,3.2516,3.2516,3.2501,3.2506,9
2026-03-12 01:45:00,3.2471,3.2486,3.2441,3.2456,3.2521,3.2536,3.2491,3.2506,18
2026-03-12 01:46:00,3.2461,3.2481,3.2461,3.2466,3.2511,3.2531,3.2511,3.2516,8
2026-03-12 01:47:00,3.2471,3.2481,3.2446,3.2446,3.2521,3.2531,3.2496,3.2496,7
2026-03-12 01:49:00,3.2461,3.2481,3.2456,3.2456,3.2511,3.2531,3.2506,3.2506,8
2026-03-12 01:50:00,3.2461,3.2466,3.2456,3.2456,3.2511,3.2516,3.2506,3.2506,4
2026-03-12 01:51:00,3.2461,3.2461,3.2456,3.2456,3.2511,3.2511,3.2506,3.2506,2
2026-03-12 01:52:00,3.2461,3.2481,3.2456,3.2481,3.2511,3.2531,3.2506,3.2531,7
2026-03-12 01:53:00,3.2476,3.2531,3.2476,3.2511,3.2526,3.2581,3.2526,3.2561,15
2026-03-12 01:54:00,3.2506,3.2506,3.2481,3.2486,3.2556,3.2556,3.2531,3.2536,10
2026-03-12 01:55:00,3.2481,3.2486,3.2461,3.2486,3.2531,3.2536,3.2511,3.2536,5
2026-03-12 01:56:00,3.2491,3.2521,3.2491,3.2496,3.2541,3.2571,3.2541,3.2546,7
2026-03-12 01:57:00,3.2491,3.2536,3.2491,3.2516,3.2541,3.2586,3.2541,3.2566,9
2026-03-12 01:58:00,3.2551,3.2606,3.2536,3.2581,3.2601,3.2656,3.2586,3.2631,20
2026-03-12 01:59:00,3.2571,3.2591,3.2571,3.2581,3.2621,3.2641,3.2621,3.2631,9
2026-03-12 02:00:00,3.2576,3.2576,3.2476,3.2491,3.2626,3.2626,3.2526,3.2541,25
2026-03-12 02:01:00,3.2486,3.2496,3.2406,3.2431,3.2536,3.2546,3.2456,3.2481,19
2026-03-12 02:02:00,3.2426,3.2426,3.2401,3.2421,3.2476,3.2476,3.2451,3.2471,13
2026-03-12 02:03:00,3.2416,3.2446,3.2401,3.2441,3.2466,3.2496,3.2451,3.2491,11
2026-03-12 02:04:00,3.2436,3.2441,3.2421,3.2426,3.2486,3.2491,3.2471,3.2476,14
2026-03-12 02:05:00,3.2421,3.2426,3.2416,3.2426,3.2471,3.2476,3.2466,3.2476,6
2026-03-12 02:06:00,3.2451,3.2471,3.2436,3.2436,3.2501,3.2521,3.2486,3.2486,8
2026-03-12 02:07:00,3.2446,3.2461,3.2436,3.2456,3.2496,3.2511,3.2486,3.2506,10
2026-03-12 02:08:00,3.2461,3.2486,3.2456,3.2471,3.2511,3.2536,3.2506,3.2521,9
2026-03-12 02:09:00,3.2476,3.2481,3.2466,3.2466,3.2526,3.2531,3.2516,3.2516,7
2026-03-12 02:10:00,3.2471,3.2481,3.2446,3.2456,3.2521,3.2531,3.2496,3.2506,11
2026-03-12 02:11:00,3.2461,3.2461,3.2456,3.2456,3.2511,3.2511,3.2506,3.2506,2
2026-03-12 02:12:00,3.2461,3.2511,3.2461,3.2506,3.2511,3.2561,3.2511,3.2556,6
2026-03-12 02:13:00,3.2511,3.2516,3.2506,3.2516,3.2561,3.2566,3.2556,3.2566,6
2026-03-12 02:14:00,3.2521,3.2541,3.2521,3.2536,3.2571,3.2591,3.2571,3.2586,3
2026-03-12 02:15:00,3.2526,3.2526,3.2506,3.2516,3.2576,3.2576,3.2556,3.2566,8
2026-03-12 02:16:00,3.2511,3.2511,3.2456,3.2491,3.2561,3.2561,3.2506,3.2541,16
2026-03-12 02:17:00,3.2486,3.2501,3.2476,3.2476,3.2536,3.2551,3.2526,3.2526,10
2026-03-12 02:18:00,3.2481,3.2491,3.2476,3.2476,3.2531,3.2541,3.2526,3.2526,4
2026-03-12 02:19:00,3.2471,3.2471,3.2441,3.2451,3.2521,3.2521,3.2491,3.2501,10
2026-03-12 02:20:00,3.2461,3.2471,3.2451,3.2451,3.2511,3.2521,3.2501,3.2501,5
2026-03-12 02:21:00,3.2446,3.2446,3.2381,3.2401,3.2496,3.2496,3.2431,3.2451,22
2026-03-12 02:22:00,3.2406,3.2421,3.2391,3.2411,3.2456,3.2471,3.2441,3.2461,7
2026-03-12 02:23:00,3.2406,3.2421,3.2396,3.2401,3.2456,3.2471,3.2446,3.2451,10
2026-03-12 02:24:00,3.2396,3.2401,3.2371,3.2401,3.2446,3.2451,3.2421,3.2451,17
2026-03-12 02:25:00,3.2396,3.2401,3.2331,3.2341,3.2446,3.2451,3.2381,3.2391,16
2026-03-12 02:26:00,3.2346,3.2371,3.2331,3.2366,3.2396,3.2421,3.2381,3.2416,13
2026-03-12 02:27:00,3.2361,3.2431,3.2361,3.2431,3.2411,3.2481,3.2411,3.2481,11
2026-03-12 02:28:00,3.2426,3.2491,3.2426,3.2456,3.2476,3.2541,3.2476,3.2506,25
2026-03-12 02:29:00,3.2451,3.2451,3.2396,3.2396,3.2501,3.2501,3.2446,3.2446,14
2026-03-12 02:30:00,3.2391,3.2411,3.2391,3.2401,3.2441,3.2461,3.2441,3.2451,6
2026-03-12 02:31:00,3.2406,3.2436,3.2406,3.2426,3.2456,3.2486,3.2456,3.2476,7
2026-03-12 02:32:00,3.2421,3.2466,3.2421,3.2466,3.2471,3.2516,3.2471,3.2516,9
2026-03-12 02:33:00,3.2471,3.2486,3.2471,3.2481,3.2521,3.2536,3.2521,3.2531,6
2026-03-12 02:34:00,3.2486,3.2506,3.2481,3.2491,3.2536,3.2556,3.2531,3.2541,9
2026-03-12 02:35:00,3.2481,3.2541,3.2481,3.2536,3.2531,3.2591,3.2531,3.2586,15
2026-03-12 02:36:00,3.2541,3.2541,3.2471,3.2471,3.2591,3.2591,3.2521,3.2521,10
2026-03-12 02:37:00,3.2466,3.2466,3.2456,3.2466,3.2516,3.2516,3.2506,3.2516,3
2026-03-12 02:38:00,3.2486,3.2486,3.2476,3.2481,3.2536,3.2536,3.2526,3.2531,6
2026-03-12 02:39:00,3.2496,3.2521,3.2481,3.2501,3.2546,3.2571,3.2531,3.2551,12
2026-03-12 02:40:00,3.2496,3.2526,3.2496,3.2526,3.2546,3.2576,3.2546,3.2576,3
2026-03-12 02:41:00,3.2521,3.2551,3.2511,3.2541,3.2571,3.2601,3.2561,3.2591,17
2026-03-12 02:42:00,3.2536,3.2541,3.2531,3.2541,3.2586,3.2591,3.2581,3.2591,5
2026-03-12 02:43:00,3.2546,3.2586,3.2536,3.2586,3.2596,3.2636,3.2586,3.2636,16
2026-03-12 02:44:00,3.2581,3.2646,3.2561,3.2646,3.2631,3.2696,3.2611,3.2696,28
2026-03-12 02:45:00,3.2631,3.2656,3.2621,3.2641,3.2681,3.2706,3.2671,3.2691,28
2026-03-12 02:46:00,3.2631,3.2651,3.2601,3.2611,3.2681,3.2701,3.2651,3.2661,16
2026-03-12 02:47:00,3.2621,3.2651,3.2606,3.2631,3.2671,3.2701,3.2656,3.2681,14
2026-03-12 02:48:00,3.2626,3.2626,3.2576,3.2581,3.2676,3.2676,3.2626,3.2631,15
2026-03-12 02:49:00,3.2591,3.2611,3.2576,3.2611,3.2641,3.2661,3.2626,3.2661,14
2026-03-12 02:50:00,3.2606,3.2656,3.2606,3.2631,3.2656,3.2706,3.2656,3.2681,11
2026-03-12 02:51:00,3.2636,3.2641,3.2596,3.2626,3.2686,3.2691,3.2646,3.2676,12
2026-03-12 02:52:00,3.2616,3.2626,3.2586,3.2601,3.2666,3.2676,3.2636,3.2651,16
2026-03-12 02:53:00,3.2606,3.2606,3.2586,3.2601,3.2656,3.2656,3.2636,3.2651,11
2026-03-12 02:54:00,3.2591,3.2601,3.2541,3.2546,3.2641,3.2651,3.2591,3.2596,19
2026-03-12 02:55:00,3.2551,3.2591,3.2551,3.2586,3.2601,3.2641,3.2601,3.2636,7
2026-03-12 02:56:00,3.2576,3.2576,3.2551,3.2576,3.2626,3.2626,3.2601,3.2626,10
2026-03-12 02:57:00,3.2581,3.2656,3.2556,3.2656,3.2631,3.2706,3.2606,3.2706,14
2026-03-12 02:58:00,3.2651,3.2666,3.2646,3.2666,3.2701,3.2716,3.2696,3.2716,4
2026-03-12 02:59:00,3.2661,3.2671,3.2631,3.2671,3.2711,3.2721,3.2681,3.2721,10
2026-03-12 03:00:00,3.2676,3.2701,3.2651,3.2676,3.2726,3.2751,3.2701,3.2726,19
2026-03-12 03:01:00,3.2671,3.2671,3.2636,3.2646,3.2721,3.2721,3.2686,3.2696,7
2026-03-12 03:02:00,3.2641,3.2641,3.2611,3.2616,3.2691,3.2691,3.2661,3.2666,8
2026-03-12 03:03:00,3.2601,3.2601,3.2581,3.2586,3.2651,3.2651,3.2631,3.2636,11
2026-03-12 03:04:00,3.2591,3.2611,3.2581,3.2606,3.2641,3.2661,3.2631,3.2656,7
2026-03-12 03:05:00,3.2601,3.2606,3.2591,3.2606,3.2651,3.2656,3.2641,3.2656,7
2026-03-12 03:06:00,3.2601,3.2611,3.2601,3.2611,3.2651,3.2661,3.2651,3.2661,4
2026-03-12 03:07:00,3.2616,3.2621,3.2586,3.2586,3.2666,3.2671,3.2636,3.2636,9
2026-03-12 03:08:00,3.2581,3.2611,3.2571,3.2606,3.2631,3.2661,3.2621,3.2656,6
2026-03-12 03:10:00,3.2601,3.2601,3.2596,3.2596,3.2651,3.2651,3.2646,3.2646,4
2026-03-12 03:11:00,3.2601,3.2616,3.2601,3.2616,3.2651,3.2666,3.2651,3.2666,5
2026-03-12 03:12:00,3.2606,3.2606,3.2606,3.2606,3.2656,3.2656,3.2656,3.2656,1
2026-03-12 03:13:00,3.2601,3.2601,3.2581,3.2591,3.2651,3.2651,3.2631,3.2641,9
2026-03-12 03:14:00,3.2596,3.2611,3.2591,3.2611,3.2646,3.2661,3.2641,3.2661,4
2026-03-12 03:15:00,3.2616,3.2621,3.2601,3.2601,3.2666,3.2671,3.2651,3.2651,5
2026-03-12 03:16:00,3.2596,3.2606,3.2596,3.2606,3.2646,3.2656,3.2646,3.2656,3
2026-03-12 03:17:00,3.2601,3.2611,3.2601,3.2601,3.2651,3.2661,3.2651,3.2651,4
2026-03-12 03:18:00,3.2616,3.2616,3.2616,3.2616,3.2666,3.2666,3.2666,3.2666,1
2026-03-12 03:19:00,3.2621,3.2646,3.2621,3.2636,3.2671,3.2696,3.2671,3.2686,5
2026-03-12 03:20:00,3.2621,3.2621,3.2571,3.2576,3.2671,3.2671,3.2621,3.2626,6
2026-03-12 03:21:00,3.2581,3.2606,3.2576,3.2606,3.2631,3.2656,3.2626,3.2656,4
2026-03-12 03:22:00,3.2601,3.2601,3.2596,3.2601,3.2651,3.2651,3.2646,3.2651,3
2026-03-12 03:23:00,3.2626,3.2631,3.2626,3.2626,3.2676,3.2681,3.2676,3.2676,3
2026-03-12 03:24:00,3.2621,3.2646,3.2606,3.2631,3.2671,3.2696,3.2656,3.2681,10
2026-03-12 03:25:00,3.2626,3.2626,3.2626,3.2626,3.2676,3.2676,3.2676,3.2676,1
2026-03-12 03:26:00,3.2631,3.2631,3.2596,3.2611,3.2681,3.2681,3.2646,3.2661,6
2026-03-12 03:27:00,3.2606,3.2651,3.2606,3.2641,3.2656,3.2701,3.2656,3.2691,10
2026-03-12 03:28:00,3.2651,3.2681,3.2651,3.2671,3.2701,3.2731,3.2701,3.2721,11
2026-03-12 03:29:00,3.2661,3.2661,3.2641,3.2646,3.2711,3.2711,3.2691,3.2696,6
2026-03-12 03:30:00,3.2651,3.2661,3.2651,3.2661,3.2701,3.2711,3.2701,3.2711,3
2026-03-12 03:31:00,3.2651,3.2661,3.2636,3.2636,3.2701,3.2711,3.2686,3.2686,10
2026-03-12 03:32:00,3.2651,3.2701,3.2651,3.2686,3.2701,3.2751,3.2701,3.2736,13
2026-03-12 03:33:00,3.2691,3.2691,3.2676,3.2681,3.2741,3.2741,3.2726,3.2731,8
2026-03-12 03:34:00,3.2676,3.2701,3.2671,3.2686,3.2726,3.2751,3.2721,3.2736,8
2026-03-12 03:35:00,3.2676,3.2676,3.2661,3.2661,3.2726,3.2726,3.2711,3.2711,3
2026-03-12 03:36:00,3.2671,3.2696,3.2671,3.2696,3.2721,3.2746,3.2721,3.2746,14
2026-03-12 03:37:00,3.2691,3.2701,3.2681,3.2696,3.2741,3.2751,3.2731,3.2746,6
2026-03-12 03:38:00,3.2721,3.2746,3.2706,3.2731,3.2771,3.2796,3.2756,3.2781,16
2026-03-12 03:39:00,3.2746,3.2771,3.2731,3.2731,3.2796,3.2821,3.2781,3.2781,13
2026-03-12 03:40:00,3.2726,3.2726,3.2706,3.2716,3.2776,3.2776,3.2756,3.2766,12
2026-03-12 03:41:00,3.2711,3.2751,3.2711,3.2751,3.2761,3.2801,3.2761,3.2801,14
2026-03-12 03:42:00,3.2746,3.2801,3.2731,3.2736,3.2796,3.2851,3.2781,3.2786,21
2026-03-12 03:43:00,3.2731,3.2731,3.2706,3.2706,3.2781,3.2781,3.2756,3.2756,5
2026-03-12 03:44:00,3.2701,3.2706,3.2691,3.2691,3.2751,3.2756,3.2741,3.2741,7
2026-03-12 03:45:00,3.2681,3.2741,3.2681,3.2731,3.2731,3.2791,3.2731,3.2781,9
2026-03-12 03:46:00,3.2721,3.2726,3.2696,3.2716,3.2771,3.2776,3.2746,3.2766,7
2026-03-12 03:47:00,3.2711,3.2711,3.2696,3.2696,3.2761,3.2761,3.2746,3.2746,6
2026-03-12 03:48:00,3.2711,3.2711,3.2696,3.2701,3.2761,3.2761,3.2746,3.2751,3
2026-03-12 03:49:00,3.2696,3.2701,3.2696,3.2696,3.2746,3.2751,3.2746,3.2746,5
2026-03-12 03:50:00,3.2701,3.2706,3.2701,3.2706,3.2751,3.2756,3.2751,3.2756,2
2026-03-12 03:51:00,3.2696,3.2701,3.2696,3.2701,3.2746,3.2751,3.2746,3.2751,2
2026-03-12 03:52:00,3.2706,3.2721,3.2701,3.2711,3.2756,3.2771,3.2751,3.2761,6
2026-03-12 03:53:00,3.2706,3.2741,3.2701,3.2736,3.2756,3.2791,3.2751,3.2786,13
2026-03-12 03:54:00,3.2731,3.2766,3.2731,3.2766,3.2781,3.2816,3.2781,3.2816,7
2026-03-12 03:55:00,3.2771,3.2771,3.2726,3.2726,3.2821,3.2821,3.2776,3.2776,9
2026-03-12 03:56:00,3.2736,3.2736,3.2726,3.2731,3.2786,3.2786,3.2776,3.2781,4
2026-03-12 03:57:00,3.2721,3.2741,3.2721,3.2741,3.2771,3.2791,3.2771,3.2791,4
2026-03-12 03:58:00,3.2736,3.2766,3.2721,3.2766,3.2786,3.2816,3.2771,3.2816,9
2026-03-12 03:59:00,3.2761,3.2771,3.2741,3.2761,3.2811,3.2821,3.2791,3.2811,12
2026-03-12 04:00:00,3.2771,3.2771,3.2751,3.2771,3.2821,3.2821,3.2801,3.2821,9
2026-03-12 04:01:00,3.2766,3.2821,3.2766,3.2801,3.2816,3.2871,3.2816,3.2851,9
2026-03-12 04:02:00,3.2791,3.2806,3.2791,3.2796,3.2841,3.2856,3.2841,3.2846,4
2026-03-12 04:03:00,3.2781,3.2801,3.2781,3.2796,3.2831,3.2851,3.2831,3.2846,6
2026-03-12 04:04:00,3.2801,3.2826,3.2801,3.2821,3.2851,3.2876,3.2851,3.2871,9
2026-03-12 04:05:00,3.2826,3.2856,3.2826,3.2851,3.2876,3.2906,3.2876,3.2901,12
2026-03-12 04:06:00,3.2841,3.2851,3.2836,3.2836,3.2891,3.2901,3.2886,3.2886,5
2026-03-12 04:07:00,3.2826,3.2826,3.2816,3.2826,3.2876,3.2876,3.2866,3.2876,6
2026-03-12 04:08:00,3.2821,3.2851,3.2816,3.2851,3.2871,3.2901,3.2866,3.2901,9
2026-03-12 04:09:00,3.2856,3.2861,3.2841,3.2841,3.2906,3.2911,3.2891,3.2891,5
2026-03-12 04:10:00,3.2836,3.2856,3.2836,3.2851,3.2886,3.2906,3.2886,3.2901,8
2026-03-12 04:11:00,3.2856,3.2871,3.2856,3.2856,3.2906,3.2921,3.2906,3.2906,6
2026-03-12 04:12:00,3.2861,3.2861,3.2846,3.2856,3.2911,3.2911,3.2896,3.2906,7
2026-03-12 04:13:00,3.2851,3.2851,3.2821,3.2831,3.2901,3.2901,3.2871,3.2881,13
2026-03-12 04:14:00,3.2826,3.2836,3.2821,3.2836,3.2876,3.2886,3.2871,3.2886,3
2026-03-12 04:15:00,3.2831,3.2831,3.2831,3.2831,3.2881,3.2881,3.2881,3.2881,1
2026-03-12 04:16:00,3.2826,3.2826,3.2811,3.2821,3.2876,3.2876,3.2861,3.2871,5
2026-03-12 04:17:00,3.2816,3.2841,3.2811,3.2841,3.2866,3.2891,3.2861,3.2891,6
2026-03-12 04:18:00,3.2846,3.2856,3.2826,3.2826,3.2896,3.2906,3.2876,3.2876,7
2026-03-12 04:19:00,3.2831,3.2831,3.2816,3.2816,3.2881,3.2881,3.2866,3.2866,5
2026-03-12 04:20:00,3.2821,3.2821,3.2811,3.2816,3.2871,3.2871,3.2861,3.2866,4
2026-03-12 04:22:00,3.2826,3.2831,3.2816,3.2816,3.2876,3.2881,3.2866,3.2866,5
2026-03-12 04:23:00,3.2826,3.2826,3.2816,3.2816,3.2876,3.2876,3.2866,3.2866,5
2026-03-12 04:24:00,3.2826,3.2826,3.2826,3.2826,3.2876,3.2876,3.2876,3.2876,1
2026-03-12 04:25:00,3.2831,3.2831,3.2826,3.2826,3.2881,3.2881,3.2876,3.2876,2
2026-03-12 04:26:00,3.2831,3.2836,3.2831,3.2831,3.2881,3.2886,3.2881,3.2881,3
2026-03-12 04:27:00,3.2826,3.2836,3.2826,3.2826,3.2876,3.2886,3.2876,3.2876,6
2026-03-12 04:28:00,3.2831,3.2846,3.2821,3.2836,3.2881,3.2896,3.2871,3.2886,5
2026-03-12 04:29:00,3.2841,3.2851,3.2841,3.2841,3.2891,3.2901,3.2891,3.2891,3
2026-03-12 04:30:00,3.2836,3.2836,3.2691,3.2696,3.2886,3.2886,3.2741,3.2746,43
2026-03-12 04:31:00,3.2681,3.2691,3.2601,3.2631,3.2731,3.2741,3.2651,3.2681,35
2026-03-12 04:32:00,3.2636,3.2736,3.2636,3.2721,3.2686,3.2786,3.2686,3.2771,33
2026-03-12 04:33:00,3.2726,3.2866,3.2726,3.2826,3.2776,3.2916,3.2776,3.2876,58
2026-03-12 04:34:00,3.2821,3.2821,3.2736,3.2751,3.2871,3.2871,3.2786,3.2801,36
2026-03-12 04:35:00,3.2741,3.2741,3.2691,3.2691,3.2791,3.2791,3.2741,3.2741,24
2026-03-12 04:36:00,3.2701,3.2706,3.2671,3.2676,3.2751,3.2756,3.2721,3.2726,15
2026-03-12 04:37:00,3.2681,3.2681,3.2666,3.2676,3.2731,3.2731,3.2716,3.2726,4
2026-03-12 04:38:00,3.2681,3.2756,3.2681,3.2751,3.2731,3.2806,3.2731,3.2801,19
2026-03-12 04:39:00,3.2746,3.2751,3.2666,3.2691,3.2796,3.2801,3.2716,3.2741,12
2026-03-12 04:40:00,3.2681,3.2681,3.2671,3.2671,3.2731,3.2731,3.2721,3.2721,3
2026-03-12 04:41:00,3.2666,3.2666,3.2621,3.2646,3.2716,3.2716,3.2671,3.2696,22
2026-03-12 04:42:00,3.2656,3.2661,3.2651,3.2651,3.2706,3.2711,3.2701,3.2701,4
2026-03-12 04:43:00,3.2656,3.2656,3.2631,3.2641,3.2706,3.2706,3.2681,3.2691,8
2026-03-12 04:44:00,3.2646,3.2661,3.2611,3.2661,3.2696,3.2711,3.2661,3.2711,16
2026-03-12 04:45:00,3.2666,3.2681,3.2646,3.2646,3.2716,3.2731,3.2696,3.2696,11
2026-03-12 04:46:00,3.2641,3.2651,3.2621,3.2641,3.2691,3.2701,3.2671,3.2691,13
2026-03-12 04:47:00,3.2636,3.2656,3.2636,3.2651,3.2686,3.2706,3.2686,3.2701,5
2026-03-12 04:48:00,3.2656,3.2661,3.2651,3.2661,3.2706,3.2711,3.2701,3.2711,8
2026-03-12 04:49:00,3.2656,3.2676,3.2651,3.2651,3.2706,3.2726,3.2701,3.2701,9
2026-03-12 04:50:00,3.2646,3.2646,3.2561,3.2571,3.2696,3.2696,3.2611,3.2621,18
2026-03-12 04:51:00,3.2581,3.2581,3.2531,3.2531,3.2631,3.2631,3.2581,3.2581,25
2026-03-12 04:52:00,3.2526,3.2556,3.2521,3.2556,3.2576,3.2606,3.2571,3.2606,17
2026-03-12 04:53:00,3.2551,3.2556,3.2521,3.2536,3.2601,3.2606,3.2571,3.2586,10
2026-03-12 04:54:00,3.2541,3.2571,3.2491,3.2566,3.2591,3.2621,3.2541,3.2616,22
2026-03-12 04:55:00,3.2571,3.2576,3.2511,3.2521,3.2621,3.2626,3.2561,3.2571,14
2026-03-12 04:56:00,3.2531,3.2561,3.2531,3.2546,3.2581,3.2611,3.2581,3.2596,8
2026-03-12 04:57:00,3.2551,3.2581,3.2551,3.2581,3.2601,3.2631,3.2601,3.2631,9
2026-03-12 04:58:00,3.2576,3.2586,3.2571,3.2571,3.2626,3.2636,3.2621,3.2621,5
2026-03-12 04:59:00,3.2576,3.2586,3.2556,3.2586,3.2626,3.2636,3.2606,3.2636,10
2026-03-12 05:00:00,3.2591,3.2601,3.2586,3.2586,3.2641,3.2651,3.2636,3.2636,7
2026-03-12 05:01:00,3.2591,3.2616,3.2591,3.2606,3.2641,3.2666,3.2641,3.2656,13
2026-03-12 05:02:00,3.2596,3.2596,3.2586,3.2586,3.2646,3.2646,3.2636,3.2636,5
2026-03-12 05:03:00,3.2591,3.2591,3.2576,3.2581,3.2641,3.2641,3.2626,3.2631,4
2026-03-12 05:04:00,3.2571,3.2576,3.2546,3.2576,3.2621,3.2626,3.2596,3.2626,8
2026-03-12 05:05:00,3.2571,3.2571,3.2546,3.2551,3.2621,3.2621,3.2596,3.2601,8
2026-03-12 05:06:00,3.2556,3.2591,3.2556,3.2591,3.2606,3.2641,3.2606,3.2641,6
2026-03-12 05:07:00,3.2596,3.2641,3.2596,3.2641,3.2646,3.2691,3.2646,3.2691,13
2026-03-12 05:08:00,3.2631,3.2631,3.2626,3.2631,3.2681,3.2681,3.2676,3.2681,3
2026-03-12 05:09:00,3.2636,3.2641,3.2636,3.2641,3.2686,3.2691,3.2686,3.2691,2
2026-03-12 05:10:00,3.2646,3.2661,3.2646,3.2651,3.2696,3.2711,3.2696,3.2701,7
2026-03-12 05:11:00,3.2641,3.2661,3.2641,3.2661,3.2691,3.2711,3.2691,3.2711,6
2026-03-12 05:12:00,3.2671,3.2696,3.2671,3.2676,3.2721,3.2746,3.2721,3.2726,9
2026-03-12 05:13:00,3.2681,3.2686,3.2651,3.2681,3.2731,3.2736,3.2701,3.2731,13
2026-03-12 05:14:00,3.2686,3.2686,3.2671,3.2671,3.2736,3.2736,3.2721,3.2721,3
2026-03-12 05:15:00,3.2676,3.2691,3.2676,3.2691,3.2726,3.2741,3.2726,3.2741,8
2026-03-12 05:16:00,3.2696,3.2701,3.2691,3.2691,3.2746,3.2751,3.2741,3.2741,3
2026-03-12 05:17:00,3.2696,3.2696,3.2696,3.2696,3.2746,3.2746,3.2746,3.2746,1
2026-03-12 05:18:00,3.2701,3.2701,3.2696,3.2696,3.2751,3.2751,3.2746,3.2746,2
2026-03-12 05:19:00,3.2701,3.2746,3.2701,3.2716,3.2751,3.2796,3.2751,3.2766,15
2026-03-12 05:20:00,3.2711,3.2716,3.2686,3.2706,3.2761,3.2766,3.2736,3.2756,9
2026-03-12 05:21:00,3.2711,3.2716,3.2711,3.2716,3.2761,3.2766,3.2761,3.2766,2
2026-03-12 05:22:00,3.2721,3.2721,3.2696,3.2701,3.2771,3.2771,3.2746,3.2751,5
2026-03-12 05:23:00,3.2711,3.2716,3.2711,3.2711,3.2761,3.2766,3.2761,3.2761,3
2026-03-12 05:24:00,3.2726,3.2731,3.2721,3.2721,3.2776,3.2781,3.2771,3.2771,5
2026-03-12 05:25:00,3.2726,3.2726,3.2721,3.2726,3.2776,3.2776,3.2771,3.2776,7
2026-03-12 05:26:00,3.2731,3.2786,3.2731,3.2786,3.2781,3.2836,3.2781,3.2836,13
2026-03-12 05:27:00,3.2791,3.2801,3.2786,3.2801,3.2841,3.2851,3.2836,3.2851,7
2026-03-12 05:28:00,3.2796,3.2806,3.2786,3.2786,3.2846,3.2856,3.2836,3.2836,7
2026-03-12 05:29:00,3.2781,3.2781,3.2766,3.2771,3.2831,3.2831,3.2816,3.2821,5
2026-03-12 05:30:00,3.2776,3.2791,3.2776,3.2791,3.2826,3.2841,3.2826,3.2841,5
2026-03-12 05:31:00,3.2801,3.2886,3.2801,3.2876,3.2851,3.2936,3.2851,3.2926,24
2026-03-12 05:32:00,3.2881,3.2881,3.2866,3.2866,3.2931,3.2931,3.2916,3.2916,6
2026-03-12 05:33:00,3.2861,3.2861,3.2836,3.2836,3.2911,3.2911,3.2886,3.2886,9
2026-03-12 05:34:00,3.2831,3.2846,3.2831,3.2831,3.2881,3.2896,3.2881,3.2881,10
2026-03-12 05:35:00,3.2836,3.2891,3.2836,3.2881,3.2886,3.2941,3.2886,3.2931,12
2026-03-12 05:36:00,3.2866,3.2891,3.2861,3.2891,3.2916,3.2941,3.2911,3.2941,10
2026-03-12 05:37:00,3.2901,3.2901,3.2871,3.2891,3.2951,3.2951,3.2921,3.2941,10
2026-03-12 05:38:00,3.2886,3.2891,3.2886,3.2886,3.2936,3.2941,3.2936,3.2936,3
2026-03-12 05:39:00,3.2881,3.2881,3.2876,3.2876,3.2931,3.2931,3.2926,3.2926,2
2026-03-12 05:40:00,3.2881,3.2901,3.2881,3.2901,3.2931,3.2951,3.2931,3.2951,7
2026-03-12 05:41:00,3.2906,3.2906,3.2851,3.2866,3.2956,3.2956,3.2901,3.2916,15
2026-03-12 05:42:00,3.2861,3.2881,3.2851,3.2881,3.2911,3.2931,3.2901,3.2931,11
2026-03-12 05:43:00,3.2876,3.2921,3.2876,3.2896,3.2926,3.2971,3.2926,3.2946,10
2026-03-12 05:44:00,3.2891,3.2891,3.2881,3.2886,3.2941,3.2941,3.2931,3.2936,6
2026-03-12 05:45:00,3.2881,3.2881,3.2801,3.2821,3.2931,3.2931,3.2851,3.2871,19
2026-03-12 05:46:00,3.2826,3.2826,3.2806,3.2806,3.2876,3.2876,3.2856,3.2856,6
2026-03-12 05:47:00,3.2811,3.2816,3.2796,3.2801,3.2861,3.2866,3.2846,3.2851,5
2026-03-12 05:48:00,3.2811,3.2816,3.2811,3.2816,3.2861,3.2866,3.2861,3.2866,2
2026-03-12 05:49:00,3.2821,3.2831,3.2816,3.2831,3.2871,3.2881,3.2866,3.2881,5
2026-03-12 05:50:00,3.2841,3.2841,3.2821,3.2831,3.2891,3.2891,3.2871,3.2881,8
2026-03-12 05:51:00,3.2826,3.2826,3.2801,3.2821,3.2876,3.2876,3.2851,3.2871,11
2026-03-12 05:52:00,3.2816,3.2826,3.2801,3.2806,3.2866,3.2876,3.2851,3.2856,8
2026-03-12 05:53:00,3.2801,3.2811,3.2801,3.2811,3.2851,3.2861,3.2851,3.2861,3
2026-03-12 05:54:00,3.2806,3.2816,3.2776,3.2806,3.2856,3.2866,3.2826,3.2856,14
2026-03-12 05:55:00,3.2811,3.2826,3.2811,3.2826,3.2861,3.2876,3.2861,3.2876,6
2026-03-12 05:56:00,3.2821,3.2821,3.2801,3.2816,3.2871,3.2871,3.2851,3.2866,9
2026-03-12 05:57:00,3.2806,3.2816,3.2791,3.2791,3.2856,3.2866,3.2841,3.2841,7
2026-03-12 05:58:00,3.2786,3.2806,3.2786,3.2806,3.2836,3.2856,3.2836,3.2856,6
2026-03-12 05:59:00,3.2801,3.2826,3.2796,3.2826,3.2851,3.2876,3.2846,3.2876,7
2026-03-12 06:00:00,3.2821,3.2821,3.2796,3.2801,3.2871,3.2871,3.2846,3.2851,6
2026-03-12 06:01:00,3.2806,3.2826,3.2806,3.2821,3.2856,3.2876,3.2856,3.2871,3
2026-03-12 06:02:00,3.2811,3.2816,3.2711,3.2726,3.2861,3.2866,3.2761,3.2776,30
2026-03-12 06:03:00,3.2721,3.2726,3.2641,3.2641,3.2771,3.2776,3.2691,3.2691,39
2026-03-12 06:04:00,3.2636,3.2636,3.2581,3.2606,3.2686,3.2686,3.2631,3.2656,33
2026-03-12 06:05:00,3.2596,3.2611,3.2536,3.2591,3.2646,3.2661,3.2586,3.2641,24
2026-03-12 06:06:00,3.2586,3.2611,3.2581,3.2611,3.2636,3.2661,3.2631,3.2661,11
2026-03-12 06:07:00,3.2621,3.2671,3.2616,3.2631,3.2671,3.2721,3.2666,3.2681,24
2026-03-12 06:08:00,3.2626,3.2651,3.2601,3.2651,3.2676,3.2701,3.2651,3.2701,19
2026-03-12 06:09:00,3.2636,3.2636,3.2576,3.2581,3.2686,3.2686,3.2626,3.2631,17
2026-03-12 06:10:00,3.2586,3.2596,3.2541,3.2541,3.2636,3.2646,3.2591,3.2591,15
2026-03-12 06:11:00,3.2536,3.2551,3.2461,3.2461,3.2586,3.2601,3.2511,3.2511,33
2026-03-12 06:12:00,3.2456,3.2481,3.2451,3.2481,3.2506,3.2531,3.2501,3.2531,17
2026-03-12 06:13:00,3.2486,3.2511,3.2486,3.2506,3.2536,3.2561,3.2536,3.2556,9
2026-03-12 06:14:00,3.2516,3.2561,3.2511,3.2561,3.2566,3.2611,3.2561,3.2611,15
2026-03-12 06:15:00,3.2566,3.2611,3.2531,3.2611,3.2616,3.2661,3.2581,3.2661,27
2026-03-12 06:16:00,3.2606,3.2631,3.2596,3.2631,3.2656,3.2681,3.2646,3.2681,10
2026-03-12 06:17:00,3.2641,3.2641,3.2596,3.2596,3.2691,3.2691,3.2646,3.2646,10
2026-03-12 06:18:00,3.2601,3.2636,3.2601,3.2636,3.2651,3.2686,3.2651,3.2686,7
2026-03-12 06:19:00,3.2641,3.2651,3.2641,3.2651,3.2691,3.2701,3.2691,3.2701,4
2026-03-12 06:20:00,3.2656,3.2666,3.2656,3.2656,3.2706,3.2716,3.2706,3.2706,7
2026-03-12 06:21:00,3.2651,3.2676,3.2651,3.2676,3.2701,3.2726,3.2701,3.2726,5
2026-03-12 06:22:00,3.2681,3.2696,3.2671,3.2686,3.2731,3.2746,3.2721,3.2736,11
2026-03-12 06:23:00,3.2681,3.2681,3.2616,3.2666,3.2731,3.2731,3.2666,3.2716,15
2026-03-12 06:24:00,3.2671,3.2691,3.2671,3.2676,3.2721,3.2741,3.2721,3.2726,8
2026-03-12 06:25:00,3.2691,3.2706,3.2681,3.2696,3.2741,3.2756,3.2731,3.2746,9
2026-03-12 06:26:00,3.2706,3.2706,3.2696,3.2696,3.2756,3.2756,3.2746,3.2746,5
2026-03-12 06:27:00,3.2711,3.2716,3.2696,3.2716,3.2761,3.2766,3.2746,3.2766,7
2026-03-12 06:28:00,3.2726,3.2741,3.2716,3.2736,3.2776,3.2791,3.2766,3.2786,18
2026-03-12 06:29:00,3.2741,3.2741,3.2711,3.2731,3.2791,3.2791,3.2761,3.2781,8
2026-03-12 06:30:00,3.2726,3.2731,3.2696,3.2726,3.2776,3.2781,3.2746,3.2776,17
2026-03-12 06:31:00,3.2721,3.2751,3.2706,3.2706,3.2771,3.2801,3.2756,3.2756,12
2026-03-12 06:32:00,3.2711,3.2721,3.2696,3.2721,3.2761,3.2771,3.2746,3.2771,9
2026-03-12 06:33:00,3.2716,3.2716,3.2686,3.2686,3.2766,3.2766,3.2736,3.2736,8
2026-03-12 06:34:00,3.2691,3.2711,3.2671,3.2711,3.2741,3.2761,3.2721,3.2761,31
2026-03-12 06:35:00,3.2701,3.2741,3.2701,3.2736,3.2751,3.2791,3.2751,3.2786,10
2026-03-12 06:36:00,3.2741,3.2781,3.2736,3.2771,3.2791,3.2831,3.2786,3.2821,20
2026-03-12 06:37:00,3.2776,3.2791,3.2771,3.2791,3.2826,3.2841,3.2821,3.2841,8
2026-03-12 06:38:00,3.2801,3.2801,3.2766,3.2771,3.2851,3.2851,3.2816,3.2821,12
2026-03-12 06:39:00,3.2786,3.2786,3.2766,3.2766,3.2836,3.2836,3.2816,3.2816,10
2026-03-12 06:40:00,3.2776,3.2786,3.2771,3.2786,3.2826,3.2836,3.2821,3.2836,8
2026-03-12 06:41:00,3.2781,3.2781,3.2666,3.2666,3.2831,3.2831,3.2716,3.2716,15
2026-03-12 06:42:00,3.2676,3.2706,3.2666,3.2706,3.2726,3.2756,3.2716,3.2756,9
2026-03-12 06:43:00,3.2701,3.2706,3.2686,3.2701,3.2751,3.2756,3.2736,3.2751,7
2026-03-12 06:44:00,3.2706,3.2706,3.2691,3.2706,3.2756,3.2756,3.2741,3.2756,6
2026-03-12 06:45:00,3.2711,3.2711,3.2711,3.2711,3.2761,3.2761,3.2761,3.2761,1
2026-03-12 06:46:00,3.2701,3.2701,3.2676,3.2686,3.2751,3.2751,3.2726,3.2736,6
2026-03-12 06:47:00,3.2691,3.2716,3.2686,3.2686,3.2741,3.2766,3.2736,3.2736,11
2026-03-12 06:48:00,3.2691,3.2701,3.2666,3.2686,3.2741,3.2751,3.2716,3.2736,19
2026-03-12 06:49:00,3.2691,3.2721,3.2691,3.2721,3.2741,3.2771,3.2741,3.2771,8
2026-03-12 06:50:00,3.2726,3.2746,3.2706,3.2706,3.2776,3.2796,3.2756,3.2756,20
2026-03-12 06:51:00,3.2711,3.2731,3.2696,3.2731,3.2761,3.2781,3.2746,3.2781,17
2026-03-12 06:52:00,3.2736,3.2771,3.2736,3.2771,3.2786,3.2821,3.2786,3.2821,14
2026-03-12 06:53:00,3.2776,3.2776,3.2766,3.2776,3.2826,3.2826,3.2816,3.2826,7
2026-03-12 06:54:00,3.2771,3.2776,3.2756,3.2761,3.2821,3.2826,3.2806,3.2811,11
2026-03-12 06:55:00,3.2766,3.2776,3.2721,3.2721,3.2816,3.2826,3.2771,3.2771,24
2026-03-12 06:56:00,3.2716,3.2716,3.2641,3.2646,3.2766,3.2766,3.2691,3.2696,22
2026-03-12 06:57:00,3.2651,3.2676,3.2636,3.2676,3.2701,3.2726,3.2686,3.2726,10
2026-03-12 06:58:00,3.2666,3.2686,3.2651,3.2686,3.2716,3.2736,3.2701,3.2736,6
2026-03-12 06:59:00,3.2691,3.2696,3.2686,3.2686,3.2741,3.2746,3.2736,3.2736,5
2026-03-12 07:00:00,3.2681,3.2681,3.2546,3.2561,3.2731,3.2731,3.2596,3.2611,40
2026-03-12 07:01:00,3.2551,3.2611,3.2551,3.2596,3.2601,3.2661,3.2601,3.2646,21
2026-03-12 07:02:00,3.2581,3.2601,3.2581,3.2581,3.2631,3.2651,3.2631,3.2631,13
2026-03-12 07:03:00,3.2586,3.2596,3.2551,3.2551,3.2636,3.2646,3.2601,3.2601,27
2026-03-12 07:04:00,3.2546,3.2556,3.2486,3.2551,3.2596,3.2606,3.2536,3.2601,40
2026-03-12 07:05:00,3.2561,3.2571,3.2546,3.2546,3.2611,3.2621,3.2596,3.2596,8
2026-03-12 07:06:00,3.2541,3.2546,3.2526,3.2526,3.2591,3.2596,3.2576,3.2576,8
2026-03-12 07:07:00,3.2521,3.2531,3.2491,3.2511,3.2571,3.2581,3.2541,3.2561,16
2026-03-12 07:08:00,3.2516,3.2536,3.2511,3.2521,3.2566,3.2586,3.2561,3.2571,18
2026-03-12 07:09:00,3.2526,3.2571,3.2526,3.2556,3.2576,3.2621,3.2576,3.2606,11
2026-03-12 07:10:00,3.2551,3.2571,3.2541,3.2541,3.2601,3.2621,3.2591,3.2591,23
2026-03-12 07:11:00,3.2536,3.2636,3.2521,3.2576,3.2586,3.2686,3.2571,3.2626,40
2026-03-12 07:12:00,3.2581,3.2621,3.2581,3.2611,3.2631,3.2671,3.2631,3.2661,16
2026-03-12 07:13:00,3.2616,3.2626,3.2616,3.2616,3.2666,3.2676,3.2666,3.2666,4
2026-03-12 07:14:00,3.2621,3.2656,3.2611,3.2621,3.2671,3.2706,3.2661,3.2671,18
2026-03-12 07:15:00,3.2631,3.2646,3.2601,3.2636,3.2681,3.2696,3.2651,3.2686,17
2026-03-12 07:16:00,3.2641,3.2646,3.2571,3.2581,3.2691,3.2696,3.2621,3.2631,16
2026-03-12 07:17:00,3.2591,3.2591,3.2551,3.2551,3.2641,3.2641,3.2601,3.2601,10
2026-03-12 07:18:00,3.2556,3.2581,3.2556,3.2571,3.2606,3.2631,3.2606,3.2621,7
2026-03-12 07:19:00,3.2566,3.2596,3.2556,3.2576,3.2616,3.2646,3.2606,3.2626,11
2026-03-12 07:20:00,3.2581,3.2631,3.2576,3.2586,3.2631,3.2681,3.2626,3.2636,12
2026-03-12 07:21:00,3.2591,3.2641,3.2591,3.2616,3.2641,3.2691,3.2641,3.2666,14
2026-03-12 07:22:00,3.2611,3.2611,3.2561,3.2566,3.2661,3.2661,3.2611,3.2616,13
2026-03-12 07:23:00,3.2561,3.2601,3.2561,3.2586,3.2611,3.2651,3.2611,3.2636,14
2026-03-12 07:24:00,3.2566,3.2616,3.2566,3.2601,3.2616,3.2666,3.2616,3.2651,21
2026-03-12 07:25:00,3.2596,3.2641,3.2566,3.2621,3.2646,3.2691,3.2616,3.2671,22
2026-03-12 07:26:00,3.2631,3.2631,3.2576,3.2596,3.2681,3.2681,3.2626,3.2646,17
2026-03-12 07:27:00,3.2591,3.2606,3.2591,3.2606,3.2641,3.2656,3.2641,3.2656,4
2026-03-12 07:28:00,3.2601,3.2611,3.2561,3.2571,3.2651,3.2661,3.2611,3.2621,22
2026-03-12 07:29:00,3.2566,3.2601,3.2566,3.2586,3.2616,3.2651,3.2616,3.2636,12
2026-03-12 07:30:00,3.2591,3.2611,3.2591,3.2596,3.2641,3.2661,3.2641,3.2646,17
2026-03-12 07:31:00,3.2606,3.2641,3.2606,3.2611,3.2656,3.2691,3.2656,3.2661,14
2026-03-12 07:32:00,3.2616,3.2641,3.2616,3.2621,3.2666,3.2691,3.2666,3.2671,16
2026-03-12 07:33:00,3.2616,3.2616,3.2576,3.2576,3.2666,3.2666,3.2626,3.2626,10
2026-03-12 07:34:00,3.2581,3.2591,3.2541,3.2551,3.2631,3.2641,3.2591,3.2601,14
2026-03-12 07:35:00,3.2561,3.2571,3.2506,3.2541,3.2611,3.2621,3.2556,3.2591,15
2026-03-12 07:36:00,3.2546,3.2591,3.2526,3.2581,3.2596,3.2641,3.2576,3.2631,20
2026-03-12 07:37:00,3.2586,3.2606,3.2546,3.2581,3.2636,3.2656,3.2596,3.2631,15
2026-03-12 07:38:00,3.2586,3.2591,3.2571,3.2581,3.2636,3.2641,3.2621,3.2631,10
2026-03-12 07:39:00,3.2571,3.2571,3.2546,3.2546,3.2621,3.2621,3.2596,3.2596,10
2026-03-12 07:40:00,3.2536,3.2571,3.2531,3.2536,3.2586,3.2621,3.2581,3.2586,14
2026-03-12 07:41:00,3.2541,3.2586,3.2531,3.2581,3.2591,3.2636,3.2581,3.2631,34
2026-03-12 07:42:00,3.2586,3.2621,3.2586,3.2621,3.2636,3.2671,3.2636,3.2671,7
2026-03-12 07:43:00,3.2626,3.2631,3.2581,3.2601,3.2676,3.2681,3.2631,3.2651,15
2026-03-12 07:44:00,3.2606,3.2611,3.2566,3.2571,3.2656,3.2661,3.2616,3.2621,9
2026-03-12 07:45:00,3.2566,3.2596,3.2566,3.2596,3.2616,3.2646,3.2616,3.2646,10
2026-03-12 07:46:00,3.2601,3.2611,3.2556,3.2556,3.2651,3.2661,3.2606,3.2606,15
2026-03-12 07:47:00,3.2551,3.2561,3.2461,3.2481,3.2601,3.2611,3.2511,3.2531,29
2026-03-12 07:48:00,3.2476,3.2541,3.2476,3.2541,3.2526,3.2591,3.2526,3.2591,15
2026-03-12 07:49:00,3.2531,3.2531,3.2501,3.2506,3.2581,3.2581,3.2551,3.2556,8
2026-03-12 07:50:00,3.2516,3.2541,3.2516,3.2536,3.2566,3.2591,3.2566,3.2586,16
2026-03-12 07:51:00,3.2541,3.2541,3.2491,3.2491,3.2591,3.2591,3.2541,3.2541,12
2026-03-12 07:52:00,3.2506,3.2536,3.2506,3.2516,3.2556,3.2586,3.2556,3.2566,13
2026-03-12 07:53:00,3.2526,3.2526,3.2496,3.2496,3.2576,3.2576,3.2546,3.2546,12
2026-03-12 07:54:00,3.2491,3.2491,3.2476,3.2486,3.2541,3.2541,3.2526,3.2536,10
2026-03-12 07:55:00,3.2491,3.2506,3.2471,3.2496,3.2541,3.2556,3.2521,3.2546,15
2026-03-12 07:56:00,3.2516,3.2581,3.2511,3.2561,3.2566,3.2631,3.2561,3.2611,18
2026-03-12 07:57:00,3.2556,3.2581,3.2536,3.2571,3.2606,3.2631,3.2586,3.2621,17
2026-03-12 07:58:00,3.2576,3.2601,3.2571,3.2571,3.2626,3.2651,3.2621,3.2621,12
2026-03-12 07:59:00,3.2576,3.2586,3.2561,3.2576,3.2626,3.2636,3.2611,3.2626,11
2026-03-12 08:00:00,3.2571,3.2621,3.2561,3.2586,3.2621,3.2671,3.2611,3.2636,26
2026-03-12 08:01:00,3.2591,3.2636,3.2591,3.2611,3.2641,3.2686,3.2641,3.2661,20
2026-03-12 08:02:00,3.2606,3.2621,3.2541,3.2561,3.2656,3.2671,3.2591,3.2611,30
2026-03-12 08:03:00,3.2551,3.2561,3.2531,3.2561,3.2601,3.2611,3.2581,3.2611,16
2026-03-12 08:04:00,3.2566,3.2586,3.2566,3.2576,3.2616,3.2636,3.2616,3.2626,10
2026-03-12 08:05:00,3.2571,3.2586,3.2551,3.2586,3.2621,3.2636,3.2601,3.2636,13
2026-03-12 08:06:00,3.2581,3.2606,3.2581,3.2596,3.2631,3.2656,3.2631,3.2646,15
2026-03-12 08:07:00,3.2601,3.2641,3.2601,3.2606,3.2651,3.2691,3.2651,3.2656,20
2026-03-12 08:08:00,3.2601,3.2626,3.2596,3.2621,3.2651,3.2676,3.2646,3.2671,7
2026-03-12 08:09:00,3.2626,3.2626,3.2601,3.2601,3.2676,3.2676,3.2651,3.2651,13
2026-03-12 08:10:00,3.2606,3.2631,3.2586,3.2611,3.2656,3.2681,3.2636,3.2661,19
2026-03-12 08:11:00,3.2616,3.2626,3.2611,3.2626,3.2666,3.2676,3.2661,3.2676,13
2026-03-12 08:12:00,3.2631,3.2681,3.2631,3.2681,3.2681,3.2731,3.2681,3.2731,12
2026-03-12 08:13:00,3.2676,3.2686,3.2656,3.2661,3.2726,3.2736,3.2706,3.2711,22
2026-03-12 08:14:00,3.2651,3.2676,3.2641,3.2671,3.2701,3.2726,3.2691,3.2721,12
2026-03-12 08:15:00,3.2661,3.2661,3.2601,3.2611,3.2711,3.2711,3.2651,3.2661,14
2026-03-12 08:16:00,3.2601,3.2631,3.2596,3.2606,3.2651,3.2681,3.2646,3.2656,12
2026-03-12 08:17:00,3.2611,3.2661,3.2611,3.2646,3.2661,3.2711,3.2661,3.2696,25
2026-03-12 08:18:00,3.2651,3.2676,3.2651,3.2676,3.2701,3.2726,3.2701,3.2726,11
2026-03-12 08:19:00,3.2681,3.2686,3.2661,3.2681,3.2731,3.2736,3.2711,3.2731,10
2026-03-12 08:20:00,3.2671,3.2701,3.2626,3.2626,3.2721,3.2751,3.2676,3.2676,22
2026-03-12 08:21:00,3.2631,3.2681,3.2631,3.2646,3.2681,3.2731,3.2681,3.2696,17
2026-03-12 08:22:00,3.2651,3.2656,3.2641,3.2646,3.2701,3.2706,3.2691,3.2696,9
2026-03-12 08:23:00,3.2641,3.2641,3.2581,3.2616,3.2691,3.2691,3.2631,3.2666,16
2026-03-12 08:24:00,3.2621,3.2691,3.2621,3.2666,3.2671,3.2741,3.2671,3.2716,31
2026-03-12 08:25:00,3.2671,3.2691,3.2651,3.2676,3.2721,3.2741,3.2701,3.2726,16
2026-03-12 08:26:00,3.2671,3.2676,3.2631,3.2671,3.2721,3.2726,3.2681,3.2721,18
2026-03-12 08:27:00,3.2666,3.2711,3.2666,3.2711,3.2716,3.2761,3.2716,3.2761,12
2026-03-12 08:28:00,3.2721,3.2721,3.2666,3.2666,3.2771,3.2771,3.2716,3.2716,10
2026-03-12 08:29:00,3.2661,3.2671,3.2651,3.2661,3.2711,3.2721,3.2701,3.2711,9
2026-03-12 08:30:00,3.2651,3.2651,3.2621,3.2646,3.2701,3.2701,3.2671,3.2696,21
2026-03-12 08:31:00,3.2641,3.2656,3.2636,3.2636,3.2691,3.2706,3.2686,3.2686,6
2026-03-12 08:32:00,3.2631,3.2671,3.2631,3.2656,3.2681,3.2721,3.2681,3.2706,17
2026-03-12 08:33:00,3.2661,3.2671,3.2626,3.2631,3.2711,3.2721,3.2676,3.2681,16
2026-03-12 08:34:00,3.2636,3.2651,3.2611,3.2646,3.2686,3.2701,3.2661,3.2696,18
2026-03-12 08:35:00,3.2651,3.2666,3.2646,3.2666,3.2701,3.2716,3.2696,3.2716,10
2026-03-12 08:36:00,3.2671,3.2681,3.2636,3.2636,3.2721,3.2731,3.2686,3.2686,15
2026-03-12 08:37:00,3.2646,3.2646,3.2626,3.2636,3.2696,3.2696,3.2676,3.2686,7
2026-03-12 08:38:00,3.2641,3.2646,3.2631,3.2641,3.2691,3.2696,3.2681,3.2691,6
2026-03-12 08:39:00,3.2631,3.2656,3.2621,3.2656,3.2681,3.2706,3.2671,3.2706,7
2026-03-12 08:40:00,3.2641,3.2641,3.2606,3.2611,3.2691,3.2691,3.2656,3.2661,18
2026-03-12 08:41:00,3.2621,3.2621,3.2571,3.2581,3.2671,3.2671,3.2621,3.2631,20
2026-03-12 08:42:00,3.2586,3.2586,3.2491,3.2516,3.2636,3.2636,3.2541,3.2566,32
2026-03-12 08:43:00,3.2531,3.2536,3.2426,3.2451,3.2581,3.2586,3.2476,3.2501,32
2026-03-12 08:44:00,3.2456,3.2501,3.2441,3.2471,3.2506,3.2551,3.2491,3.2521,27
2026-03-12 08:45:00,3.2456,3.2476,3.2451,3.2461,3.2506,3.2526,3.2501,3.2511,22
2026-03-12 08:46:00,3.2466,3.2566,3.2466,3.2556,3.2516,3.2616,3.2516,3.2606,23
2026-03-12 08:47:00,3.2551,3.2581,3.2541,3.2556,3.2601,3.2631,3.2591,3.2606,15
2026-03-12 08:48:00,3.2551,3.2566,3.2526,3.2531,3.2601,3.2616,3.2576,3.2581,17
2026-03-12 08:49:00,3.2526,3.2546,3.2521,3.2521,3.2576,3.2596,3.2571,3.2571,10
2026-03-12 08:50:00,3.2511,3.2536,3.2471,3.2536,3.2561,3.2586,3.2521,3.2586,18
2026-03-12 08:51:00,3.2546,3.2591,3.2541,3.2586,3.2596,3.2641,3.2591,3.2636,23
2026-03-12 08:52:00,3.2591,3.2596,3.2576,3.2581,3.2641,3.2646,3.2626,3.2631,8
2026-03-12 08:53:00,3.2571,3.2586,3.2526,3.2526,3.2621,3.2636,3.2576,3.2576,19
2026-03-12 08:54:00,3.2531,3.2561,3.2511,3.2541,3.2581,3.2611,3.2561,3.2591,17
2026-03-12 08:55:00,3.2531,3.2541,3.2501,3.2501,3.2581,3.2591,3.2551,3.2551,12
2026-03-12 08:56:00,3.2506,3.2546,3.2506,3.2531,3.2556,3.2596,3.2556,3.2581,10
2026-03-12 08:57:00,3.2536,3.2546,3.2536,3.2536,3.2586,3.2596,3.2586,3.2586,6
2026-03-12 08:58:00,3.2531,3.2536,3.2491,3.2516,3.2581,3.2586,3.2541,3.2566,19
2026-03-12 08:59:00,3.2526,3.2551,3.2521,3.2551,3.2576,3.2601,3.2571,3.2601,12
2026-03-12 09:00:00,3.2546,3.2561,3.2471,3.2486,3.2596,3.2611,3.2521,3.2536,30
2026-03-12 09:01:00,3.2481,3.2486,3.2456,3.2461,3.2531,3.2536,3.2506,3.2511,22
2026-03-12 09:02:00,3.2471,3.2481,3.2351,3.2366,3.2521,3.2531,3.2401,3.2416,48
2026-03-12 09:03:00,3.2361,3.2396,3.2341,3.2371,3.2411,3.2446,3.2391,3.2421,35
2026-03-12 09:04:00,3.2361,3.2386,3.2356,3.2356,3.2411,3.2436,3.2406,3.2406,17
2026-03-12 09:05:00,3.2351,3.2421,3.2321,3.2386,3.2401,3.2471,3.2371,3.2436,33
2026-03-12 09:06:00,3.2381,3.2396,3.2361,3.2371,3.2431,3.2446,3.2411,3.2421,17
2026-03-12 09:07:00,3.2376,3.2431,3.2371,3.2426,3.2426,3.2481,3.2421,3.2476,26
2026-03-12 09:08:00,3.2421,3.2456,3.2406,3.2446,3.2471,3.2506,3.2456,3.2496,21
2026-03-12 09:09:00,3.2451,3.2461,3.2431,3.2456,3.2501,3.2511,3.2481,3.2506,18
2026-03-12 09:10:00,3.2461,3.2471,3.2416,3.2461,3.2511,3.2521,3.2466,3.2511,27
2026-03-12 09:11:00,3.2456,3.2461,3.2386,3.2391,3.2506,3.2511,3.2436,3.2441,23
2026-03-12 09:12:00,3.2386,3.2391,3.2371,3.2391,3.2436,3.2441,3.2421,3.2441,18
2026-03-12 09:13:00,3.2386,3.2386,3.2376,3.2381,3.2436,3.2436,3.2426,3.2431,11
2026-03-12 09:14:00,3.2376,3.2411,3.2366,3.2406,3.2426,3.2461,3.2416,3.2456,11
2026-03-12 09:15:00,3.2411,3.2421,3.2411,3.2421,3.2461,3.2471,3.2461,3.2471,12
2026-03-12 09:16:00,3.2426,3.2451,3.2381,3.2431,3.2476,3.2501,3.2431,3.2481,22
2026-03-12 09:17:00,3.2436,3.2436,3.2411,3.2421,3.2486,3.2486,3.2461,3.2471,8
2026-03-12 09:18:00,3.2411,3.2411,3.2366,3.2406,3.2461,3.2461,3.2416,3.2456,21
2026-03-12 09:19:00,3.2371,3.2381,3.2341,3.2366,3.2421,3.2431,3.2391,3.2416,19
2026-03-12 09:20:00,3.2376,3.2396,3.2376,3.2381,3.2426,3.2446,3.2426,3.2431,10
2026-03-12 09:21:00,3.2376,3.2376,3.2351,3.2351,3.2426,3.2426,3.2401,3.2401,14
2026-03-12 09:22:00,3.2356,3.2386,3.2341,3.2376,3.2406,3.2436,3.2391,3.2426,20
2026-03-12 09:23:00,3.2381,3.2426,3.2381,3.2421,3.2431,3.2476,3.2431,3.2471,17
2026-03-12 09:24:00,3.2426,3.2426,3.2401,3.2416,3.2476,3.2476,3.2451,3.2466,7
2026-03-12 09:25:00,3.2411,3.2411,3.2366,3.2396,3.2461,3.2461,3.2416,3.2446,13
2026-03-12 09:26:00,3.2411,3.2421,3.2396,3.2406,3.2461,3.2471,3.2446,3.2456,9
2026-03-12 09:27:00,3.2396,3.2431,3.2381,3.2431,3.2446,3.2481,3.2431,3.2481,10
2026-03-12 09:28:00,3.2436,3.2446,3.2411,3.2441,3.2486,3.2496,3.2461,3.2491,14
2026-03-12 09:29:00,3.2446,3.2451,3.2421,3.2446,3.2496,3.2501,3.2471,3.2496,16
2026-03-12 09:30:00,3.2451,3.2481,3.2451,3.2461,3.2501,3.2531,3.2501,3.2511,19
2026-03-12 09:31:00,3.2451,3.2481,3.2451,3.2471,3.2501,3.2531,3.2501,3.2521,15
2026-03-12 09:32:00,3.2466,3.2471,3.2446,3.2451,3.2516,3.2521,3.2496,3.2501,16
2026-03-12 09:33:00,3.2456,3.2481,3.2456,3.2471,3.2506,3.2531,3.2506,3.2521,17
2026-03-12 09:34:00,3.2466,3.2511,3.2451,3.2511,3.2516,3.2561,3.2501,3.2561,21
2026-03-12 09:35:00,3.2506,3.2536,3.2481,3.2531,3.2556,3.2586,3.2531,3.2581,18
2026-03-12 09:36:00,3.2526,3.2536,3.2481,3.2486,3.2576,3.2586,3.2531,3.2536,17
2026-03-12 09:37:00,3.2496,3.2506,3.2471,3.2486,3.2546,3.2556,3.2521,3.2536,14
2026-03-12 09:38:00,3.2476,3.2486,3.2476,3.2486,3.2526,3.2536,3.2526,3.2536,5
2026-03-12 09:39:00,3.2491,3.2521,3.2486,3.2506,3.2541,3.2571,3.2536,3.2556,12
2026-03-12 09:40:00,3.2516,3.2541,3.2516,3.2536,3.2566,3.2591,3.2566,3.2586,13
2026-03-12 09:41:00,3.2531,3.2551,3.2526,3.2551,3.2581,3.2601,3.2576,3.2601,7
2026-03-12 09:42:00,3.2561,3.2566,3.2551,3.2551,3.2611,3.2616,3.2601,3.2601,7
2026-03-12 09:43:00,3.2556,3.2571,3.2546,3.2551,3.2606,3.2621,3.2596,3.2601,10
2026-03-12 09:44:00,3.2546,3.2556,3.2541,3.2541,3.2596,3.2606,3.2591,3.2591,11
2026-03-12 09:45:00,3.2536,3.2536,3.2521,3.2526,3.2586,3.2586,3.2571,3.2576,5
2026-03-12 09:46:00,3.2521,3.2546,3.2521,3.2546,3.2571,3.2596,3.2571,3.2596,8
2026-03-12 09:47:00,3.2551,3.2551,3.2536,3.2536,3.2601,3.2601,3.2586,3.2586,13
2026-03-12 09:48:00,3.2531,3.2531,3.2501,3.2506,3.2581,3.2581,3.2551,3.2556,13
2026-03-12 09:49:00,3.2501,3.2501,3.2461,3.2476,3.2551,3.2551,3.2511,3.2526,22
2026-03-12 09:50:00,3.2471,3.2471,3.2356,3.2356,3.2521,3.2521,3.2406,3.2406,36
2026-03-12 09:51:00,3.2351,3.2391,3.2341,3.2386,3.2401,3.2441,3.2391,3.2436,14
2026-03-12 09:52:00,3.2391,3.2421,3.2391,3.2421,3.2441,3.2471,3.2441,3.2471,12
2026-03-12 09:53:00,3.2426,3.2426,3.2421,3.2426,3.2476,3.2476,3.2471,3.2476,3
2026-03-12 09:54:00,3.2421,3.2451,3.2396,3.2451,3.2471,3.2501,3.2446,3.2501,18
2026-03-12 09:55:00,3.2446,3.2481,3.2446,3.2461,3.2496,3.2531,3.2496,3.2511,8
2026-03-12 09:56:00,3.2456,3.2481,3.2456,3.2476,3.2506,3.2531,3.2506,3.2526,10
2026-03-12 09:57:00,3.2471,3.2481,3.2456,3.2466,3.2521,3.2531,3.2506,3.2516,14
2026-03-12 09:58:00,3.2461,3.2466,3.2406,3.2406,3.2511,3.2516,3.2456,3.2456,16
2026-03-12 09:59:00,3.2401,3.2416,3.2356,3.2391,3.2451,3.2466,3.2406,3.2441,23
2026-03-12 10:00:00,3.2386,3.2456,3.2371,3.2456,3.2436,3.2506,3.2421,3.2506,15
2026-03-12 10:01:00,3.2461,3.2496,3.2456,3.2476,3.2511,3.2546,3.2506,3.2526,25
2026-03-12 10:02:00,3.2471,3.2476,3.2426,3.2476,3.2521,3.2526,3.2476,3.2526,16
2026-03-12 10:03:00,3.2486,3.2491,3.2471,3.2476,3.2536,3.2541,3.2521,3.2526,9
2026-03-12 10:04:00,3.2481,3.2511,3.2481,3.2496,3.2531,3.2561,3.2531,3.2546,8
2026-03-12 10:05:00,3.2506,3.2586,3.2506,3.2571,3.2556,3.2636,3.2556,3.2621,35
2026-03-12 10:06:00,3.2576,3.2616,3.2566,3.2601,3.2626,3.2666,3.2616,3.2651,20
2026-03-12 10:07:00,3.2596,3.2596,3.2561,3.2571,3.2646,3.2646,3.2611,3.2621,10
2026-03-12 10:08:00,3.2566,3.2576,3.2556,3.2571,3.2616,3.2626,3.2606,3.2621,6
2026-03-12 10:09:00,3.2576,3.2581,3.2566,3.2576,3.2626,3.2631,3.2616,3.2626,4
2026-03-12 10:10:00,3.2571,3.2571,3.2536,3.2541,3.2621,3.2621,3.2586,3.2591,19
2026-03-12 10:11:00,3.2531,3.2531,3.2476,3.2476,3.2581,3.2581,3.2526,3.2526,20
2026-03-12 10:12:00,3.2481,3.2541,3.2481,3.2526,3.2531,3.2591,3.2531,3.2576,19
2026-03-12 10:13:00,3.2531,3.2571,3.2526,3.2551,3.2581,3.2621,3.2576,3.2601,15
2026-03-12 10:14:00,3.2556,3.2556,3.2541,3.2556,3.2606,3.2606,3.2591,3.2606,7
2026-03-12 10:15:00,3.2566,3.2566,3.2501,3.2531,3.2616,3.2616,3.2551,3.2581,23
2026-03-12 10:16:00,3.2526,3.2536,3.2511,3.2516,3.2576,3.2586,3.2561,3.2566,9
2026-03-12 10:17:00,3.2511,3.2521,3.2481,3.2481,3.2561,3.2571,3.2531,3.2531,12
2026-03-12 10:18:00,3.2476,3.2511,3.2476,3.2511,3.2526,3.2561,3.2526,3.2561,14
2026-03-12 10:19:00,3.2531,3.2611,3.2531,3.2606,3.2581,3.2661,3.2581,3.2656,20
2026-03-12 10:20:00,3.2601,3.2661,3.2596,3.2646,3.2651,3.2711,3.2646,3.2696,11
2026-03-12 10:21:00,3.2636,3.2661,3.2631,3.2646,3.2686,3.2711,3.2681,3.2696,17
2026-03-12 10:22:00,3.2636,3.2681,3.2626,3.2681,3.2686,3.2731,3.2676,3.2731,11
2026-03-12 10:23:00,3.2676,3.2691,3.2666,3.2691,3.2726,3.2741,3.2716,3.2741,14
2026-03-12 10:24:00,3.2681,3.2691,3.2661,3.2661,3.2731,3.2741,3.2711,3.2711,13
2026-03-12 10:25:00,3.2671,3.2676,3.2651,3.2661,3.2721,3.2726,3.2701,3.2711,16
2026-03-12 10:26:00,3.2651,3.2656,3.2651,3.2656,3.2701,3.2706,3.2701,3.2706,2
2026-03-12 10:27:00,3.2666,3.2666,3.2651,3.2656,3.2716,3.2716,3.2701,3.2706,31
2026-03-12 10:28:00,3.2651,3.2656,3.2621,3.2651,3.2701,3.2706,3.2671,3.2701,10
2026-03-12 10:29:00,3.2641,3.2646,3.2621,3.2626,3.2691,3.2696,3.2671,3.2676,11
2026-03-12 10:30:00,3.2621,3.2621,3.2531,3.2566,3.2671,3.2671,3.2581,3.2616,25
2026-03-12 10:31:00,3.2571,3.2621,3.2571,3.2611,3.2621,3.2671,3.2621,3.2661,9
2026-03-12 10:32:00,3.2606,3.2611,3.2596,3.2596,3.2656,3.2661,3.2646,3.2646,11
2026-03-12 10:33:00,3.2601,3.2631,3.2581,3.2616,3.2651,3.2681,3.2631,3.2666,12
2026-03-12 10:34:00,3.2621,3.2641,3.2616,3.2641,3.2671,3.2691,3.2666,3.2691,17
2026-03-12 10:35:00,3.2636,3.2741,3.2636,3.2731,3.2686,3.2791,3.2686,3.2781,27
2026-03-12 10:36:00,3.2721,3.2771,3.2721,3.2736,3.2771,3.2821,3.2771,3.2786,31
2026-03-12 10:37:00,3.2746,3.2766,3.2741,3.2761,3.2796,3.2816,3.2791,3.2811,13
2026-03-12 10:38:00,3.2766,3.2791,3.2756,3.2771,3.2816,3.2841,3.2806,3.2821,14
2026-03-12 10:39:00,3.2766,3.2786,3.2741,3.2756,3.2816,3.2836,3.2791,3.2806,16
2026-03-12 10:40:00,3.2761,3.2771,3.2726,3.2736,3.2811,3.2821,3.2776,3.2786,21
2026-03-12 10:41:00,3.2741,3.2751,3.2736,3.2746,3.2791,3.2801,3.2786,3.2796,4
2026-03-12 10:42:00,3.2736,3.2736,3.2656,3.2696,3.2786,3.2786,3.2706,3.2746,26
2026-03-12 10:43:00,3.2691,3.2696,3.2666,3.2691,3.2741,3.2746,3.2716,3.2741,8
2026-03-12 10:44:00,3.2696,3.2701,3.2681,3.2696,3.2746,3.2751,3.2731,3.2746,10
2026-03-12 10:45:00,3.2686,3.2686,3.2676,3.2681,3.2736,3.2736,3.2726,3.2731,3
2026-03-12 10:46:00,3.2671,3.2671,3.2641,3.2671,3.2721,3.2721,3.2691,3.2721,12
2026-03-12 10:47:00,3.2676,3.2676,3.2666,3.2666,3.2726,3.2726,3.2716,3.2716,8
2026-03-12 10:48:00,3.2681,3.2691,3.2651,3.2651,3.2731,3.2741,3.2701,3.2701,16
2026-03-12 10:49:00,3.2666,3.2701,3.2656,3.2696,3.2716,3.2751,3.2706,3.2746,11
2026-03-12 10:50:00,3.2691,3.2691,3.2646,3.2646,3.2741,3.2741,3.2696,3.2696,12
2026-03-12 10:51:00,3.2651,3.2656,3.2596,3.2596,3.2701,3.2706,3.2646,3.2646,15
2026-03-12 10:52:00,3.2611,3.2661,3.2601,3.2641,3.2661,3.2711,3.2651,3.2691,17
2026-03-12 10:53:00,3.2636,3.2636,3.2561,3.2566,3.2686,3.2686,3.2611,3.2616,19
2026-03-12 10:54:00,3.2571,3.2576,3.2561,3.2571,3.2621,3.2626,3.2611,3.2621,8
2026-03-12 10:55:00,3.2566,3.2586,3.2556,3.2586,3.2616,3.2636,3.2606,3.2636,7
2026-03-12 10:56:00,3.2581,3.2581,3.2511,3.2516,3.2631,3.2631,3.2561,3.2566,22
2026-03-12 10:57:00,3.2511,3.2541,3.2496,3.2521,3.2561,3.2591,3.2546,3.2571,19
2026-03-12 10:58:00,3.2511,3.2531,3.2491,3.2501,3.2561,3.2581,3.2541,3.2551,21
2026-03-12 10:59:00,3.2496,3.2501,3.2466,3.2481,3.2546,3.2551,3.2516,3.2531,15
2026-03-12 11:00:00,3.2471,3.2471,3.2341,3.2351,3.2521,3.2521,3.2391,3.2401,39
2026-03-12 11:01:00,3.2341,3.2371,3.2321,3.2321,3.2391,3.2421,3.2371,3.2371,30
2026-03-12 11:02:00,3.2311,3.2446,3.2296,3.2416,3.2361,3.2496,3.2346,3.2466,36
2026-03-12 11:03:00,3.2406,3.2451,3.2376,3.2451,3.2456,3.2501,3.2426,3.2501,36
2026-03-12 11:04:00,3.2446,3.2491,3.2436,3.2481,3.2496,3.2541,3.2486,3.2531,20
2026-03-12 11:05:00,3.2476,3.2516,3.2476,3.2491,3.2526,3.2566,3.2526,3.2541,13
2026-03-12 11:06:00,3.2481,3.2516,3.2456,3.2516,3.2531,3.2566,3.2506,3.2566,15
2026-03-12 11:07:00,3.2511,3.2531,3.2471,3.2531,3.2561,3.2581,3.2521,3.2581,17
2026-03-12 11:08:00,3.2526,3.2526,3.2441,3.2451,3.2576,3.2576,3.2491,3.2501,21
2026-03-12 11:09:00,3.2446,3.2451,3.2381,3.2401,3.2496,3.2501,3.2431,3.2451,18
2026-03-12 11:10:00,3.2406,3.2431,3.2406,3.2426,3.2456,3.2481,3.2456,3.2476,11
2026-03-12 11:11:00,3.2431,3.2436,3.2416,3.2421,3.2481,3.2486,3.2466,3.2471,11
2026-03-12 11:12:00,3.2426,3.2426,3.2391,3.2401,3.2476,3.2476,3.2441,3.2451,11
2026-03-12 11:13:00,3.2396,3.2411,3.2396,3.2411,3.2446,3.2461,3.2446,3.2461,3
2026-03-12 11:14:00,3.2406,3.2411,3.2396,3.2406,3.2456,3.2461,3.2446,3.2456,18
2026-03-12 11:15:00,3.2396,3.2506,3.2386,3.2496,3.2446,3.2556,3.2436,3.2546,26
2026-03-12 11:16:00,3.2491,3.2501,3.2486,3.2496,3.2541,3.2551,3.2536,3.2546,4
2026-03-12 11:17:00,3.2491,3.2531,3.2486,3.2526,3.2541,3.2581,3.2536,3.2576,17
2026-03-12 11:18:00,3.2521,3.2531,3.2496,3.2511,3.2571,3.2581,3.2546,3.2561,29
2026-03-12 11:19:00,3.2506,3.2506,3.2461,3.2466,3.2556,3.2556,3.2511,3.2516,18
2026-03-12 11:20:00,3.2461,3.2461,3.2431,3.2436,3.2511,3.2511,3.2481,3.2486,10
2026-03-12 11:21:00,3.2446,3.2491,3.2446,3.2466,3.2496,3.2541,3.2496,3.2516,17
2026-03-12 11:22:00,3.2461,3.2466,3.2446,3.2456,3.2511,3.2516,3.2496,3.2506,8
2026-03-12 11:23:00,3.2451,3.2466,3.2441,3.2461,3.2501,3.2516,3.2491,3.2511,9
2026-03-12 11:24:00,3.2466,3.2476,3.2441,3.2456,3.2516,3.2526,3.2491,3.2506,10
2026-03-12 11:25:00,3.2461,3.2491,3.2436,3.2491,3.2511,3.2541,3.2486,3.2541,18
2026-03-12 11:26:00,3.2486,3.2486,3.2486,3.2486,3.2536,3.2536,3.2536,3.2536,1
2026-03-12 11:27:00,3.2491,3.2491,3.2381,3.2386,3.2541,3.2541,3.2431,3.2436,17
2026-03-12 11:28:00,3.2391,3.2401,3.2381,3.2391,3.2441,3.2451,3.2431,3.2441,8
2026-03-12 11:29:00,3.2386,3.2431,3.2386,3.2411,3.2436,3.2481,3.2436,3.2461,11
2026-03-12 11:30:00,3.2406,3.2406,3.2281,3.2301,3.2456,3.2456,3.2331,3.2351,34
2026-03-12 11:31:00,3.2291,3.2291,3.2191,3.2261,3.2341,3.2341,3.2241,3.2311,45
2026-03-12 11:32:00,3.2271,3.2306,3.2246,3.2306,3.2321,3.2356,3.2296,3.2356,33
2026-03-12 11:33:00,3.2301,3.2301,3.2271,3.2296,3.2351,3.2351,3.2321,3.2346,13
2026-03-12 11:34:00,3.2301,3.2321,3.2291,3.2321,3.2351,3.2371,3.2341,3.2371,10
2026-03-12 11:35:00,3.2316,3.2316,3.2246,3.2251,3.2366,3.2366,3.2296,3.2301,17
2026-03-12 11:36:00,3.2246,3.2251,3.2231,3.2251,3.2296,3.2301,3.2281,3.2301,8
2026-03-12 11:37:00,3.2241,3.2251,3.2231,3.2231,3.2291,3.2301,3.2281,3.2281,12
2026-03-12 11:38:00,3.2241,3.2251,3.2211,3.2216,3.2291,3.2301,3.2261,3.2266,14
2026-03-12 11:39:00,3.2221,3.2241,3.2211,3.2216,3.2271,3.2291,3.2261,3.2266,19
2026-03-12 11:40:00,3.2211,3.2236,3.2201,3.2201,3.2261,3.2286,3.2251,3.2251,25
2026-03-12 11:41:00,3.2206,3.2226,3.2186,3.2191,3.2256,3.2276,3.2236,3.2241,12
2026-03-12 11:42:00,3.2196,3.2231,3.2181,3.2221,3.2246,3.2281,3.2231,3.2271,25
2026-03-12 11:43:00,3.2226,3.2226,3.2181,3.2186,3.2276,3.2276,3.2231,3.2236,20
2026-03-12 11:44:00,3.2241,3.2326,3.2226,3.2271,3.2291,3.2376,3.2276,3.2321,42
2026-03-12 11:45:00,3.2261,3.2331,3.2261,3.2296,3.2311,3.2381,3.2311,3.2346,15
2026-03-12 11:46:00,3.2286,3.2306,3.2281,3.2296,3.2336,3.2356,3.2331,3.2346,12
2026-03-12 11:47:00,3.2301,3.2306,3.2296,3.2296,3.2351,3.2356,3.2346,3.2346,4
2026-03-12 11:48:00,3.2291,3.2291,3.2226,3.2226,3.2341,3.2341,3.2276,3.2276,8
2026-03-12 11:49:00,3.2231,3.2231,3.2186,3.2186,3.2281,3.2281,3.2236,3.2236,13
2026-03-12 11:50:00,3.2181,3.2181,3.2111,3.2146,3.2231,3.2231,3.2161,3.2196,32
2026-03-12 11:51:00,3.2141,3.2146,3.2126,3.2126,3.2191,3.2196,3.2176,3.2176,11
2026-03-12 11:52:00,3.2131,3.2136,3.2081,3.2091,3.2181,3.2186,3.2131,3.2141,17
2026-03-12 11:53:00,3.2086,3.2121,3.2071,3.2076,3.2136,3.2171,3.2121,3.2126,18
2026-03-12 11:54:00,3.2081,3.2101,3.2076,3.2091,3.2131,3.2151,3.2126,3.2141,23
2026-03-12 11:55:00,3.2096,3.2101,3.2071,3.2071,3.2146,3.2151,3.2121,3.2121,16
2026-03-12 11:56:00,3.2066,3.2091,3.2051,3.2091,3.2116,3.2141,3.2101,3.2141,14
2026-03-12 11:57:00,3.2086,3.2086,3.2021,3.2031,3.2136,3.2136,3.2071,3.2081,19
2026-03-12 11:58:00,3.2021,3.2021,3.1911,3.1926,3.2071,3.2071,3.1961,3.1976,36
2026-03-12 11:59:00,3.1931,3.1971,3.1921,3.1931,3.1981,3.2021,3.1971,3.1981,20
2026-03-12 12:00:00,3.1941,3.1941,3.1851,3.1856,3.1991,3.1991,3.1901,3.1906,40
2026-03-12 12:01:00,3.1851,3.1871,3.1761,3.1766,3.1901,3.1921,3.1811,3.1816,48
2026-03-12 12:02:00,3.1761,3.1806,3.1751,3.1801,3.1811,3.1856,3.1801,3.1851,36
2026-03-12 12:03:00,3.1806,3.1806,3.1716,3.1731,3.1856,3.1856,3.1766,3.1781,38
2026-03-12 12:04:00,3.1736,3.1761,3.1716,3.1716,3.1786,3.1811,3.1766,3.1766,19
2026-03-12 12:05:00,3.1721,3.1791,3.1711,3.1721,3.1771,3.1841,3.1761,3.1771,65
2026-03-12 12:06:00,3.1726,3.1746,3.1691,3.1731,3.1776,3.1796,3.1741,3.1781,27
2026-03-12 12:07:00,3.1726,3.1771,3.1721,3.1766,3.1776,3.1821,3.1771,3.1816,48
2026-03-12 12:08:00,3.1771,3.1771,3.1741,3.1766,3.1821,3.1821,3.1791,3.1816,23
2026-03-12 12:09:00,3.1761,3.1821,3.1751,3.1801,3.1811,3.1871,3.1801,3.1851,43
2026-03-12 12:10:00,3.1806,3.1861,3.1806,3.1861,3.1856,3.1911,3.1856,3.1911,22
2026-03-12 12:11:00,3.1846,3.1861,3.1841,3.1851,3.1896,3.1911,3.1891,3.1901,24
2026-03-12 12:12:00,3.1841,3.1861,3.1831,3.1841,3.1891,3.1911,3.1881,3.1891,27
2026-03-12 12:13:00,3.1836,3.1911,3.1836,3.1901,3.1886,3.1961,3.1886,3.1951,20
2026-03-12 12:14:00,3.1896,3.1961,3.1891,3.1956,3.1946,3.2011,3.1941,3.2006,26
2026-03-12 12:15:00,3.1951,3.1951,3.1866,3.1866,3.2001,3.2001,3.1916,3.1916,28
2026-03-12 12:16:00,3.1851,3.1851,3.1701,3.1741,3.1901,3.1901,3.1751,3.1791,60
2026-03-12 12:17:00,3.1731,3.1731,3.1621,3.1656,3.1781,3.1781,3.1671,3.1706,43
2026-03-12 12:18:00,3.1651,3.1766,3.1651,3.1751,3.1701,3.1816,3.1701,3.1801,40
2026-03-12 12:19:00,3.1761,3.1801,3.1761,3.1781,3.1811,3.1851,3.1811,3.1831,19
2026-03-12 12:20:00,3.1786,3.1826,3.1786,3.1826,3.1836,3.1876,3.1836,3.1876,22
2026-03-12 12:21:00,3.1816,3.1831,3.1811,3.1821,3.1866,3.1881,3.1861,3.1871,12
2026-03-12 12:22:00,3.1811,3.1816,3.1751,3.1796,3.1861,3.1866,3.1801,3.1846,27
2026-03-12 12:23:00,3.1791,3.1836,3.1791,3.1811,3.1841,3.1886,3.1841,3.1861,17
2026-03-12 12:24:00,3.1806,3.1861,3.1781,3.1831,3.1856,3.1911,3.1831,3.1881,34
2026-03-12 12:25:00,3.1836,3.1836,3.1756,3.1771,3.1886,3.1886,3.1806,3.1821,22
2026-03-12 12:26:00,3.1776,3.1826,3.1771,3.1801,3.1826,3.1876,3.1821,3.1851,20
2026-03-12 12:27:00,3.1816,3.1846,3.1786,3.1836,3.1866,3.1896,3.1836,3.1886,28
2026-03-12 12:28:00,3.1831,3.1831,3.1771,3.1771,3.1881,3.1881,3.1821,3.1821,18
2026-03-12 12:29:00,3.1776,3.1801,3.1766,3.1796,3.1826,3.1851,3.1816,3.1846,22
2026-03-12 12:30:00,3.1801,3.1806,3.1721,3.1756,3.1851,3.1856,3.1771,3.1806,30
2026-03-12 12:31:00,3.1751,3.1756,3.1631,3.1636,3.1801,3.1806,3.1681,3.1686,49
2026-03-12 12:32:00,3.1631,3.1701,3.1626,3.1651,3.1681,3.1751,3.1676,3.1701,34
2026-03-12 12:33:00,3.1656,3.1686,3.1636,3.1686,3.1706,3.1736,3.1686,3.1736,19
2026-03-12 12:34:00,3.1691,3.1761,3.1641,3.1756,3.1741,3.1811,3.1691,3.1806,23
2026-03-12 12:35:00,3.1761,3.1766,3.1686,3.1686,3.1811,3.1816,3.1736,3.1736,28
2026-03-12 12:36:00,3.1691,3.1751,3.1681,3.1741,3.1741,3.1801,3.1731,3.1791,26
2026-03-12 12:37:00,3.1751,3.1786,3.1731,3.1756,3.1801,3.1836,3.1781,3.1806,24
2026-03-12 12:38:00,3.1766,3.1851,3.1766,3.1806,3.1816,3.1901,3.1816,3.1856,32
2026-03-12 12:39:00,3.1811,3.1836,3.1811,3.1816,3.1861,3.1886,3.1861,3.1866,21
2026-03-12 12:40:00,3.1821,3.1821,3.1756,3.1786,3.1871,3.1871,3.1806,3.1836,22
2026-03-12 12:41:00,3.1781,3.1781,3.1731,3.1746,3.1831,3.1831,3.1781,3.1796,14
2026-03-12 12:42:00,3.1736,3.1791,3.1731,3.1736,3.1786,3.1841,3.1781,3.1786,30
2026-03-12 12:43:00,3.1726,3.1751,3.1666,3.1746,3.1776,3.1801,3.1716,3.1796,36
2026-03-12 12:44:00,3.1756,3.1761,3.1656,3.1721,3.1806,3.1811,3.1706,3.1771,33
2026-03-12 12:45:00,3.1731,3.1801,3.1731,3.1796,3.1781,3.1851,3.1781,3.1846,36
2026-03-12 12:46:00,3.1791,3.1801,3.1761,3.1761,3.1841,3.1851,3.1811,3.1811,19
2026-03-12 12:47:00,3.1766,3.1781,3.1741,3.1771,3.1816,3.1831,3.1791,3.1821,21
2026-03-12 12:48:00,3.1766,3.1816,3.1731,3.1811,3.1816,3.1866,3.1781,3.1861,24
2026-03-12 12:49:00,3.1806,3.1821,3.1791,3.1801,3.1856,3.1871,3.1841,3.1851,22
2026-03-12 12:50:00,3.1816,3.1931,3.1811,3.1851,3.1866,3.1981,3.1861,3.1901,64
2026-03-12 12:51:00,3.1861,3.1861,3.1806,3.1851,3.1911,3.1911,3.1856,3.1901,32
2026-03-12 12:52:00,3.1861,3.1891,3.1846,3.1886,3.1911,3.1941,3.1896,3.1936,27
2026-03-12 12:53:00,3.1881,3.1921,3.1881,3.1921,3.1931,3.1971,3.1931,3.1971,16
2026-03-12 12:54:00,3.1916,3.1981,3.1916,3.1981,3.1966,3.2031,3.1966,3.2031,30
2026-03-12 12:55:00,3.1976,3.1981,3.1881,3.1881,3.2026,3.2031,3.1931,3.1931,69
2026-03-12 12:56:00,3.1886,3.1896,3.1771,3.1791,3.1936,3.1946,3.1821,3.1841,83
2026-03-12 12:57:00,3.1796,3.1951,3.1796,3.1946,3.1846,3.2001,3.1846,3.1996,63
2026-03-12 12:58:00,3.1941,3.1941,3.1881,3.1901,3.1991,3.1991,3.1931,3.1951,44
2026-03-12 12:59:00,3.1891,3.1931,3.1876,3.1916,3.1941,3.1981,3.1926,3.1966,25
2026-03-12 13:00:00,3.1911,3.1981,3.1876,3.1906,3.1961,3.2031,3.1926,3.1956,99
2026-03-12 13:01:00,3.1921,3.1956,3.1891,3.1931,3.1971,3.2006,3.1941,3.1981,35
2026-03-12 13:02:00,3.1926,3.1981,3.1921,3.1971,3.1976,3.2031,3.1971,3.2021,29
2026-03-12 13:03:00,3.1966,3.1966,3.1916,3.1941,3.2016,3.2016,3.1966,3.1991,28
2026-03-12 13:04:00,3.1946,3.1951,3.1881,3.1911,3.1996,3.2001,3.1931,3.1961,36
2026-03-12 13:05:00,3.1906,3.1951,3.1891,3.1936,3.1956,3.2001,3.1941,3.1986,33
2026-03-12 13:06:00,3.1951,3.2091,3.1951,3.2091,3.2001,3.2141,3.2001,3.2141,46
2026-03-12 13:07:00,3.2101,3.2121,3.1996,3.2101,3.2151,3.2171,3.2046,3.2151,72
2026-03-12 13:08:00,3.2071,3.2101,3.2041,3.2071,3.2121,3.2151,3.2091,3.2121,38
2026-03-12 13:09:00,3.2066,3.2121,3.2066,3.2121,3.2116,3.2171,3.2116,3.2171,36
2026-03-12 13:10:00,3.2116,3.2171,3.2111,3.2156,3.2166,3.2221,3.2161,3.2206,31
2026-03-12 13:11:00,3.2161,3.2181,3.2081,3.2151,3.2211,3.2231,3.2131,3.2201,46
2026-03-12 13:12:00,3.2146,3.2161,3.2086,3.2091,3.2196,3.2211,3.2136,3.2141,30
2026-03-12 13:13:00,3.2096,3.2111,3.2056,3.2071,3.2146,3.2161,3.2106,3.2121,38
2026-03-12 13:14:00,3.2081,3.2161,3.2081,3.2131,3.2131,3.2211,3.2131,3.2181,26
2026-03-12 13:15:00,3.2121,3.2131,3.2046,3.2046,3.2171,3.2181,3.2096,3.2096,42
2026-03-12 13:16:00,3.2036,3.2186,3.2031,3.2171,3.2086,3.2236,3.2081,3.2221,40
2026-03-12 13:17:00,3.2166,3.2171,3.2051,3.2051,3.2216,3.2221,3.2101,3.2101,40
2026-03-12 13:18:00,3.2056,3.2116,3.2056,3.2106,3.2106,3.2166,3.2106,3.2156,17
2026-03-12 13:19:00,3.2096,3.2141,3.2051,3.2131,3.2146,3.2191,3.2101,3.2181,45
2026-03-12 13:20:00,3.2136,3.2171,3.2106,3.2116,3.2186,3.2221,3.2156,3.2166,40
2026-03-12 13:21:00,3.2121,3.2191,3.2121,3.2141,3.2171,3.2241,3.2171,3.2191,23
2026-03-12 13:22:00,3.2131,3.2151,3.2061,3.2081,3.2181,3.2201,3.2111,3.2131,22
2026-03-12 13:23:00,3.2076,3.2111,3.2001,3.2051,3.2126,3.2161,3.2051,3.2101,39
2026-03-12 13:24:00,3.2046,3.2051,3.1911,3.1926,3.2096,3.2101,3.1961,3.1976,56
2026-03-12 13:25:00,3.1916,3.1976,3.1896,3.1921,3.1966,3.2026,3.1946,3.1971,51
2026-03-12 13:26:00,3.1911,3.2006,3.1911,3.1966,3.1961,3.2056,3.1961,3.2016,27
2026-03-12 13:27:00,3.1971,3.1981,3.1966,3.1981,3.2021,3.2031,3.2016,3.2031,8
2026-03-12 13:28:00,3.1991,3.1991,3.1976,3.1991,3.2041,3.2041,3.2026,3.2041,5
2026-03-12 13:29:00,3.1996,3.2101,3.1996,3.2101,3.2046,3.2151,3.2046,3.2151,25
2026-03-12 13:30:00,3.2111,3.2201,3.2106,3.2196,3.2161,3.2251,3.2156,3.2246,39
2026-03-12 13:31:00,3.2201,3.2276,3.2166,3.2221,3.2251,3.2326,3.2216,3.2271,52
2026-03-12 13:32:00,3.2226,3.2231,3.2156,3.2191,3.2276,3.2281,3.2206,3.2241,37
2026-03-12 13:33:00,3.2186,3.2291,3.2151,3.2241,3.2236,3.2341,3.2201,3.2291,80
2026-03-12 13:34:00,3.2246,3.2261,3.2226,3.2226,3.2296,3.2311,3.2276,3.2276,26
2026-03-12 13:35:00,3.2236,3.2301,3.2226,3.2251,3.2286,3.2351,3.2276,3.2301,54
2026-03-12 13:36:00,3.2256,3.2301,3.2211,3.2271,3.2306,3.2351,3.2261,3.2321,53
2026-03-12 13:37:00,3.2276,3.2301,3.2266,3.2296,3.2326,3.2351,3.2316,3.2346,30
2026-03-12 13:38:00,3.2281,3.2301,3.2246,3.2251,3.2331,3.2351,3.2296,3.2301,50
2026-03-12 13:39:00,3.2256,3.2281,3.2241,3.2271,3.2306,3.2331,3.2291,3.2321,31
2026-03-12 13:40:00,3.2296,3.2361,3.2261,3.2316,3.2346,3.2411,3.2311,3.2366,50
2026-03-12 13:41:00,3.2311,3.2321,3.2281,3.2291,3.2361,3.2371,3.2331,3.2341,41
2026-03-12 13:42:00,3.2301,3.2371,3.2301,3.2326,3.2351,3.2421,3.2351,3.2376,49
2026-03-12 13:43:00,3.2336,3.2341,3.2266,3.2281,3.2386,3.2391,3.2316,3.2331,47
2026-03-12 13:44:00,3.2276,3.2276,3.2196,3.2226,3.2326,3.2326,3.2246,3.2276,38
2026-03-12 13:45:00,3.2231,3.2246,3.2106,3.2131,3.2281,3.2296,3.2156,3.2181,61
2026-03-12 13:46:00,3.2126,3.2181,3.2111,3.2141,3.2176,3.2231,3.2161,3.2191,45
2026-03-12 13:47:00,3.2136,3.2211,3.2121,3.2166,3.2186,3.2261,3.2171,3.2216,40
2026-03-12 13:48:00,3.2171,3.2241,3.2151,3.2196,3.2221,3.2291,3.2201,3.2246,58
2026-03-12 13:49:00,3.2186,3.2201,3.2176,3.2186,3.2236,3.2251,3.2226,3.2236,21
2026-03-12 13:50:00,3.2181,3.2301,3.2181,3.2271,3.2231,3.2351,3.2231,3.2321,43
2026-03-12 13:51:00,3.2276,3.2301,3.2231,3.2231,3.2326,3.2351,3.2281,3.2281,42
2026-03-12 13:52:00,3.2241,3.2241,3.2171,3.2191,3.2291,3.2291,3.2221,3.2241,46
2026-03-12 13:53:00,3.2186,3.2371,3.2186,3.2371,3.2236,3.2421,3.2236,3.2421,51
2026-03-12 13:54:00,3.2361,3.2386,3.2281,3.2321,3.2411,3.2436,3.2331,3.2371,41
2026-03-12 13:55:00,3.2316,3.2376,3.2251,3.2276,3.2366,3.2426,3.2301,3.2326,68
2026-03-12 13:56:00,3.2291,3.2331,3.2221,3.2246,3.2341,3.2381,3.2271,3.2296,41
2026-03-12 13:57:00,3.2251,3.2276,3.2211,3.2226,3.2301,3.2326,3.2261,3.2276,40
2026-03-12 13:58:00,3.2231,3.2246,3.2211,3.2241,3.2281,3.2296,3.2261,3.2291,31
2026-03-12 13:59:00,3.2226,3.2361,3.2226,3.2291,3.2276,3.2411,3.2276,3.2341,67
2026-03-12 14:00:00,3.2286,3.2286,3.2131,3.2151,3.2336,3.2336,3.2181,3.2201,146
2026-03-12 14:01:00,3.2141,3.2141,3.2056,3.2071,3.2191,3.2191,3.2106,3.2121,76
2026-03-12 14:02:00,3.2061,3.2141,3.2061,3.2111,3.2111,3.2191,3.2111,3.2161,64
2026-03-12 14:03:00,3.2121,3.2216,3.2101,3.2181,3.2171,3.2266,3.2151,3.2231,82
2026-03-12 14:04:00,3.2171,3.2191,3.2101,3.2166,3.2221,3.2241,3.2151,3.2216,70
2026-03-12 14:05:00,3.2161,3.2161,3.2051,3.2061,3.2211,3.2211,3.2101,3.2111,54
2026-03-12 14:06:00,3.2056,3.2111,3.2031,3.2071,3.2106,3.2161,3.2081,3.2121,49
2026-03-12 14:07:00,3.2061,3.2101,3.2041,3.2061,3.2111,3.2151,3.2091,3.2111,41
2026-03-12 14:08:00,3.2051,3.2101,3.2041,3.2076,3.2101,3.2151,3.2091,3.2126,35
2026-03-12 14:09:00,3.2071,3.2091,3.2026,3.2041,3.2121,3.2141,3.2076,3.2091,36
2026-03-12 14:10:00,3.2036,3.2036,3.2001,3.2021,3.2086,3.2086,3.2051,3.2071,44
2026-03-12 14:11:00,3.2026,3.2086,3.2021,3.2081,3.2076,3.2136,3.2071,3.2131,33
2026-03-12 14:12:00,3.2076,3.2076,3.2011,3.2036,3.2126,3.2126,3.2061,3.2086,25
2026-03-12 14:13:00,3.2041,3.2061,3.2031,3.2051,3.2091,3.2111,3.2081,3.2101,24
2026-03-12 14:14:00,3.2046,3.2181,3.2046,3.2166,3.2096,3.2231,3.2096,3.2216,55
2026-03-12 14:15:00,3.2161,3.2291,3.2161,3.2276,3.2211,3.2341,3.2211,3.2326,75
2026-03-12 14:16:00,3.2281,3.2416,3.2281,3.2311,3.2331,3.2466,3.2331,3.2361,109
2026-03-12 14:17:00,3.2316,3.2326,3.2251,3.2311,3.2366,3.2376,3.2301,3.2361,72
2026-03-12 14:18:00,3.2306,3.2351,3.2276,3.2326,3.2356,3.2401,3.2326,3.2376,75
2026-03-12 14:19:00,3.2336,3.2341,3.2201,3.2261,3.2386,3.2391,3.2251,3.2311,111
2026-03-12 14:20:00,3.2271,3.2461,3.2271,3.2451,3.2321,3.2511,3.2321,3.2501,98
2026-03-12 14:21:00,3.2441,3.2461,3.2401,3.2426,3.2491,3.2511,3.2451,3.2476,75
2026-03-12 14:22:00,3.2431,3.2486,3.2381,3.2461,3.2481,3.2536,3.2431,3.2511,88
2026-03-12 14:23:00,3.2466,3.2501,3.2341,3.2351,3.2516,3.2551,3.2391,3.2401,96
2026-03-12 14:24:00,3.2356,3.2376,3.2316,3.2331,3.2406,3.2426,3.2366,3.2381,75
2026-03-12 14:25:00,3.2326,3.2351,3.2151,3.2171,3.2376,3.2401,3.2201,3.2221,80
2026-03-12 14:26:00,3.2181,3.2321,3.2181,3.2291,3.2231,3.2371,3.2231,3.2341,69
2026-03-12 14:27:00,3.2296,3.2376,3.2291,3.2376,3.2346,3.2426,3.2341,3.2426,51
2026-03-12 14:28:00,3.2381,3.2426,3.2351,3.2416,3.2431,3.2476,3.2401,3.2466,60
2026-03-12 14:29:00,3.2421,3.2436,3.2366,3.2371,3.2471,3.2486,3.2416,3.2421,50
2026-03-12 14:30:00,3.2366,3.2451,3.2351,3.2366,3.2416,3.2501,3.2401,3.2416,88
2026-03-12 14:31:00,3.2361,3.2411,3.2331,3.2406,3.2411,3.2461,3.2381,3.2456,70
2026-03-12 14:32:00,3.2401,3.2411,3.2321,3.2331,3.2451,3.2461,3.2371,3.2381,71
2026-03-12 14:33:00,3.2336,3.2351,3.2261,3.2301,3.2386,3.2401,3.2311,3.2351,75
2026-03-12 14:34:00,3.2306,3.2326,3.2261,3.2291,3.2356,3.2376,3.2311,3.2341,66
2026-03-12 14:35:00,3.2281,3.2311,3.2211,3.2241,3.2331,3.2361,3.2261,3.2291,67
2026-03-12 14:36:00,3.2236,3.2291,3.2201,3.2216,3.2286,3.2341,3.2251,3.2266,98
2026-03-12 14:37:00,3.2206,3.2211,3.2121,3.2136,3.2256,3.2261,3.2171,3.2186,71
2026-03-12 14:38:00,3.2131,3.2166,3.2106,3.2136,3.2181,3.2216,3.2156,3.2186,62
2026-03-12 14:39:00,3.2141,3.2171,3.2121,3.2136,3.2191,3.2221,3.2171,3.2186,58
2026-03-12 14:40:00,3.2131,3.2191,3.2111,3.2151,3.2181,3.2241,3.2161,3.2201,62
2026-03-12 14:41:00,3.2156,3.2191,3.2146,3.2146,3.2206,3.2241,3.2196,3.2196,57
2026-03-12 14:42:00,3.2151,3.2156,3.2081,3.2156,3.2201,3.2206,3.2131,3.2206,60
2026-03-12 14:43:00,3.2151,3.2211,3.2091,3.2101,3.2201,3.2261,3.2141,3.2151,65
2026-03-12 14:44:00,3.2106,3.2151,3.2091,3.2131,3.2156,3.2201,3.2141,3.2181,34
2026-03-12 14:45:00,3.2126,3.2146,3.2076,3.2081,3.2176,3.2196,3.2126,3.2131,63
2026-03-12 14:46:00,3.2091,3.2121,3.2051,3.2061,3.2141,3.2171,3.2101,3.2111,50
2026-03-12 14:47:00,3.2051,3.2161,3.2051,3.2146,3.2101,3.2211,3.2101,3.2196,47
2026-03-12 14:48:00,3.2141,3.2281,3.2141,3.2246,3.2191,3.2331,3.2191,3.2296,76
2026-03-12 14:49:00,3.2251,3.2281,3.2211,3.2211,3.2301,3.2331,3.2261,3.2261,64
2026-03-12 14:50:00,3.2201,3.2206,3.2171,3.2206,3.2251,3.2256,3.2221,3.2256,48
2026-03-12 14:51:00,3.2211,3.2211,3.2151,3.2151,3.2261,3.2261,3.2201,3.2201,46
2026-03-12 14:52:00,3.2156,3.2201,3.2151,3.2181,3.2206,3.2251,3.2201,3.2231,55
2026-03-12 14:53:00,3.2191,3.2231,3.2156,3.2221,3.2241,3.2281,3.2206,3.2271,56
2026-03-12 14:54:00,3.2211,3.2291,3.2211,3.2271,3.2261,3.2341,3.2261,3.2321,53
2026-03-12 14:55:00,3.2276,3.2296,3.2251,3.2271,3.2326,3.2346,3.2301,3.2321,40
2026-03-12 14:56:00,3.2276,3.2276,3.2201,3.2201,3.2326,3.2326,3.2251,3.2251,52
2026-03-12 14:57:00,3.2206,3.2226,3.2141,3.2196,3.2256,3.2276,3.2191,3.2246,57
2026-03-12 14:58:00,3.2191,3.2221,3.2171,3.2191,3.2241,3.2271,3.2221,3.2241,38
2026-03-12 14:59:00,3.2186,3.2211,3.2176,3.2211,3.2236,3.2261,3.2226,3.2261,26
2026-03-12 15:00:00,3.2216,3.2291,3.2211,3.2211,3.2266,3.2341,3.2261,3.2261,59
2026-03-12 15:01:00,3.2206,3.2211,3.2171,3.2196,3.2256,3.2261,3.2221,3.2246,39
2026-03-12 15:02:00,3.2191,3.2191,3.2141,3.2166,3.2241,3.2241,3.2191,3.2216,32
2026-03-12 15:03:00,3.2161,3.2161,3.2071,3.2091,3.2211,3.2211,3.2121,3.2141,56
2026-03-12 15:04:00,3.2081,3.2091,3.2051,3.2061,3.2131,3.2141,3.2101,3.2111,43
2026-03-12 15:05:00,3.2056,3.2111,3.2056,3.2111,3.2106,3.2161,3.2106,3.2161,39
2026-03-12 15:06:00,3.2116,3.2171,3.2116,3.2171,3.2166,3.2221,3.2166,3.2221,45
2026-03-12 15:07:00,3.2176,3.2191,3.2101,3.2121,3.2226,3.2241,3.2151,3.2171,47
2026-03-12 15:08:00,3.2116,3.2181,3.2111,3.2156,3.2166,3.2231,3.2161,3.2206,45
2026-03-12 15:09:00,3.2151,3.2151,3.2116,3.2121,3.2201,3.2201,3.2166,3.2171,19
2026-03-12 15:10:00,3.2116,3.2126,3.2051,3.2126,3.2166,3.2176,3.2101,3.2176,40
2026-03-12 15:11:00,3.2121,3.2141,3.2081,3.2091,3.2171,3.2191,3.2131,3.2141,38
2026-03-12 15:12:00,3.2086,3.2101,3.2051,3.2071,3.2136,3.2151,3.2101,3.2121,22
2026-03-12 15:13:00,3.2066,3.2101,3.2061,3.2081,3.2116,3.2151,3.2111,3.2131,42
2026-03-12 15:14:00,3.2091,3.2121,3.2071,3.2111,3.2141,3.2171,3.2121,3.2161,28
2026-03-12 15:15:00,3.2121,3.2171,3.2116,3.2171,3.2171,3.2221,3.2166,3.2221,54
2026-03-12 15:16:00,3.2161,3.2221,3.2161,3.2216,3.2211,3.2271,3.2211,3.2266,35
2026-03-12 15:17:00,3.2221,3.2226,3.2191,3.2216,3.2271,3.2276,3.2241,3.2266,47
2026-03-12 15:18:00,3.2211,3.2371,3.2211,3.2296,3.2261,3.2421,3.2261,3.2346,63
2026-03-12 15:19:00,3.2306,3.2316,3.2166,3.2171,3.2356,3.2366,3.2216,3.2221,56
2026-03-12 15:20:00,3.2161,3.2166,3.2091,3.2116,3.2211,3.2216,3.2141,3.2166,54
2026-03-12 15:21:00,3.2121,3.2131,3.2076,3.2111,3.2171,3.2181,3.2126,3.2161,40
2026-03-12 15:22:00,3.2116,3.2161,3.2116,3.2146,3.2166,3.2211,3.2166,3.2196,36
2026-03-12 15:23:00,3.2141,3.2151,3.2111,3.2131,3.2191,3.2201,3.2161,3.2181,29
2026-03-12 15:24:00,3.2136,3.2201,3.2136,3.2181,3.2186,3.2251,3.2186,3.2231,32
2026-03-12 15:25:00,3.2186,3.2191,3.2141,3.2191,3.2236,3.2241,3.2191,3.2241,30
2026-03-12 15:26:00,3.2196,3.2201,3.2171,3.2181,3.2246,3.2251,3.2221,3.2231,31
2026-03-12 15:27:00,3.2176,3.2246,3.2176,3.2241,3.2226,3.2296,3.2226,3.2291,29
2026-03-12 15:28:00,3.2261,3.2311,3.2231,3.2281,3.2311,3.2361,3.2281,3.2331,39
2026-03-12 15:29:00,3.2276,3.2276,3.2161,3.2171,3.2326,3.2326,3.2211,3.2221,45
2026-03-12 15:30:00,3.2166,3.2341,3.2141,3.2241,3.2216,3.2391,3.2191,3.2291,210
2026-03-12 15:31:00,3.2246,3.2391,3.2246,3.2336,3.2296,3.2441,3.2296,3.2386,106
2026-03-12 15:32:00,3.2341,3.2391,3.2311,3.2351,3.2391,3.2441,3.2361,3.2401,107
2026-03-12 15:33:00,3.2341,3.2341,3.2241,3.2301,3.2391,3.2391,3.2291,3.2351,62
2026-03-12 15:34:00,3.2296,3.2306,3.2271,3.2276,3.2346,3.2356,3.2321,3.2326,25
2026-03-12 15:35:00,3.2271,3.2291,3.2181,3.2271,3.2321,3.2341,3.2231,3.2321,69
2026-03-12 15:36:00,3.2276,3.2356,3.2251,3.2351,3.2326,3.2406,3.2301,3.2401,51
2026-03-12 15:37:00,3.2356,3.2386,3.2321,3.2331,3.2406,3.2436,3.2371,3.2381,57
2026-03-12 15:38:00,3.2336,3.2371,3.2326,3.2331,3.2386,3.2421,3.2376,3.2381,45
2026-03-12 15:39:00,3.2336,3.2381,3.2336,3.2371,3.2386,3.2431,3.2386,3.2421,17
2026-03-12 15:40:00,3.2366,3.2391,3.2346,3.2391,3.2416,3.2441,3.2396,3.2441,39
2026-03-12 15:41:00,3.2396,3.2451,3.2351,3.2431,3.2446,3.2501,3.2401,3.2481,74
2026-03-12 15:42:00,3.2436,3.2471,3.2431,3.2441,3.2486,3.2521,3.2481,3.2491,41
2026-03-12 15:43:00,3.2451,3.2481,3.2446,3.2451,3.2501,3.2531,3.2496,3.2501,39
2026-03-12 15:44:00,3.2446,3.2516,3.2421,3.2511,3.2496,3.2566,3.2471,3.2561,55
2026-03-12 15:45:00,3.2516,3.2556,3.2506,3.2531,3.2566,3.2606,3.2556,3.2581,67
2026-03-12 15:46:00,3.2521,3.2521,3.2211,3.2261,3.2571,3.2571,3.2261,3.2311,183
2026-03-12 15:47:00,3.2256,3.2256,3.2136,3.2241,3.2306,3.2306,3.2186,3.2291,131
2026-03-12 15:48:00,3.2236,3.2311,3.2211,3.2306,3.2286,3.2361,3.2261,3.2356,84
2026-03-12 15:49:00,3.2311,3.2421,3.2301,3.2421,3.2361,3.2471,3.2351,3.2471,77
2026-03-12 15:50:00,3.2411,3.2441,3.2346,3.2346,3.2461,3.2491,3.2396,3.2396,77
2026-03-12 15:51:00,3.2341,3.2341,3.2241,3.2256,3.2391,3.2391,3.2291,3.2306,82
2026-03-12 15:52:00,3.2261,3.2261,3.2131,3.2171,3.2311,3.2311,3.2181,3.2221,96
2026-03-12 15:53:00,3.2161,3.2231,3.2151,3.2176,3.2211,3.2281,3.2201,3.2226,55
2026-03-12 15:54:00,3.2181,3.2191,3.2121,3.2151,3.2231,3.2241,3.2171,3.2201,58
2026-03-12 15:55:00,3.2146,3.2161,3.2111,3.2141,3.2196,3.2211,3.2161,3.2191,62
2026-03-12 15:56:00,3.2146,3.2161,3.2121,3.2151,3.2196,3.2211,3.2171,3.2201,36
2026-03-12 15:57:00,3.2161,3.2191,3.2141,3.2181,3.2211,3.2241,3.2191,3.2231,35
2026-03-12 15:58:00,3.2176,3.2191,3.2141,3.2161,3.2226,3.2241,3.2191,3.2211,28
2026-03-12 15:59:00,3.2166,3.2231,3.2166,3.2211,3.2216,3.2281,3.2216,3.2261,49
2026-03-12 16:00:00,3.2206,3.2251,3.2151,3.2246,3.2256,3.2301,3.2201,3.2296,64
2026-03-12 16:01:00,3.2251,3.2251,3.2176,3.2226,3.2301,3.2301,3.2226,3.2276,51
2026-03-12 16:02:00,3.2241,3.2251,3.2201,3.2221,3.2291,3.2301,3.2251,3.2271,45
2026-03-12 16:03:00,3.2216,3.2401,3.2201,3.2391,3.2266,3.2451,3.2251,3.2441,54
2026-03-12 16:04:00,3.2386,3.2441,3.2381,3.2421,3.2436,3.2491,3.2431,3.2471,59
2026-03-12 16:05:00,3.2431,3.2521,3.2391,3.2521,3.2481,3.2571,3.2441,3.2571,83
2026-03-12 16:06:00,3.2511,3.2541,3.2471,3.2491,3.2561,3.2591,3.2521,3.2541,71
2026-03-12 16:07:00,3.2496,3.2511,3.2451,3.2471,3.2546,3.2561,3.2501,3.2521,76
2026-03-12 16:08:00,3.2476,3.2516,3.2461,3.2466,3.2526,3.2566,3.2511,3.2516,55
2026-03-12 16:09:00,3.2471,3.2491,3.2431,3.2456,3.2521,3.2541,3.2481,3.2506,50
2026-03-12 16:10:00,3.2441,3.2451,3.2426,3.2441,3.2491,3.2501,3.2476,3.2491,42
2026-03-12 16:11:00,3.2446,3.2476,3.2401,3.2431,3.2496,3.2526,3.2451,3.2481,39
2026-03-12 16:12:00,3.2436,3.2501,3.2436,3.2491,3.2486,3.2551,3.2486,3.2541,59
2026-03-12 16:13:00,3.2496,3.2521,3.2451,3.2466,3.2546,3.2571,3.2501,3.2516,39
2026-03-12 16:14:00,3.2461,3.2461,3.2401,3.2426,3.2511,3.2511,3.2451,3.2476,33
2026-03-12 16:15:00,3.2431,3.2531,3.2416,3.2531,3.2481,3.2581,3.2466,3.2581,57
2026-03-12 16:16:00,3.2526,3.2551,3.2471,3.2481,3.2576,3.2601,3.2521,3.2531,33
2026-03-12 16:17:00,3.2471,3.2551,3.2461,3.2541,3.2521,3.2601,3.2511,3.2591,46
2026-03-12 16:18:00,3.2546,3.2566,3.2536,3.2541,3.2596,3.2616,3.2586,3.2591,30
2026-03-12 16:19:00,3.2546,3.2551,3.2511,3.2531,3.2596,3.2601,3.2561,3.2581,38
2026-03-12 16:20:00,3.2536,3.2581,3.2531,3.2561,3.2586,3.2631,3.2581,3.2611,40
2026-03-12 16:21:00,3.2566,3.2601,3.2551,3.2601,3.2616,3.2651,3.2601,3.2651,27
2026-03-12 16:22:00,3.2606,3.2611,3.2561,3.2611,3.2656,3.2661,3.2611,3.2661,31
2026-03-12 16:23:00,3.2606,3.2611,3.2531,3.2546,3.2656,3.2661,3.2581,3.2596,52
2026-03-12 16:24:00,3.2541,3.2551,3.2436,3.2461,3.2591,3.2601,3.2486,3.2511,61
2026-03-12 16:25:00,3.2466,3.2501,3.2431,3.2491,3.2516,3.2551,3.2481,3.2541,47
2026-03-12 16:26:00,3.2486,3.2526,3.2461,3.2526,3.2536,3.2576,3.2511,3.2576,22
2026-03-12 16:27:00,3.2541,3.2541,3.2486,3.2501,3.2591,3.2591,3.2536,3.2551,26
2026-03-12 16:28:00,3.2491,3.2531,3.2471,3.2531,3.2541,3.2581,3.2521,3.2581,23
2026-03-12 16:29:00,3.2526,3.2571,3.2521,3.2551,3.2576,3.2621,3.2571,3.2601,28
2026-03-12 16:30:00,3.2561,3.2591,3.2551,3.2561,3.2611,3.2641,3.2601,3.2611,34
2026-03-12 16:31:00,3.2556,3.2571,3.2541,3.2551,3.2606,3.2621,3.2591,3.2601,24
2026-03-12 16:32:00,3.2546,3.2561,3.2511,3.2551,3.2596,3.2611,3.2561,3.2601,36
2026-03-12 16:33:00,3.2546,3.2551,3.2491,3.2516,3.2596,3.2601,3.2541,3.2566,37
2026-03-12 16:34:00,3.2511,3.2531,3.2496,3.2521,3.2561,3.2581,3.2546,3.2571,34
2026-03-12 16:35:00,3.2526,3.2531,3.2441,3.2506,3.2576,3.2581,3.2491,3.2556,35
2026-03-12 16:36:00,3.2501,3.2571,3.2486,3.2571,3.2551,3.2621,3.2536,3.2621,29
2026-03-12 16:37:00,3.2561,3.2596,3.2526,3.2551,3.2611,3.2646,3.2576,3.2601,57
2026-03-12 16:38:00,3.2561,3.2571,3.2516,3.2561,3.2611,3.2621,3.2566,3.2611,44
2026-03-12 16:39:00,3.2566,3.2576,3.2441,3.2456,3.2616,3.2626,3.2491,3.2506,94
2026-03-12 16:40:00,3.2446,3.2556,3.2441,3.2496,3.2496,3.2606,3.2491,3.2546,132
2026-03-12 16:41:00,3.2491,3.2541,3.2441,3.2451,3.2541,3.2591,3.2491,3.2501,66
2026-03-12 16:42:00,3.2431,3.2451,3.2321,3.2361,3.2481,3.2501,3.2371,3.2411,260
2026-03-12 16:43:00,3.2366,3.2366,3.2141,3.2151,3.2416,3.2416,3.2191,3.2201,127
2026-03-12 16:44:00,3.2146,3.2181,3.2071,3.2161,3.2196,3.2231,3.2121,3.2211,96
2026-03-12 16:45:00,3.2156,3.2211,3.2061,3.2081,3.2206,3.2261,3.2111,3.2131,90
2026-03-12 16:46:00,3.2091,3.2191,3.2051,3.2181,3.2141,3.2241,3.2101,3.2231,74
2026-03-12 16:47:00,3.2186,3.2261,3.2186,3.2231,3.2236,3.2311,3.2236,3.2281,39
2026-03-12 16:48:00,3.2221,3.2221,3.2161,3.2181,3.2271,3.2271,3.2211,3.2231,53
2026-03-12 16:49:00,3.2186,3.2251,3.2186,3.2241,3.2236,3.2301,3.2236,3.2291,43
2026-03-12 16:50:00,3.2251,3.2261,3.2196,3.2211,3.2301,3.2311,3.2246,3.2261,47
2026-03-12 16:51:00,3.2206,3.2206,3.2106,3.2181,3.2256,3.2256,3.2156,3.2231,73
2026-03-12 16:52:00,3.2176,3.2211,3.2151,3.2211,3.2226,3.2261,3.2201,3.2261,40
2026-03-12 16:53:00,3.2201,3.2201,3.2156,3.2161,3.2251,3.2251,3.2206,3.2211,45
2026-03-12 16:54:00,3.2171,3.2276,3.2151,3.2266,3.2221,3.2326,3.2201,3.2316,54
2026-03-12 16:55:00,3.2261,3.2306,3.2261,3.2301,3.2311,3.2356,3.2311,3.2351,32
2026-03-12 16:56:00,3.2296,3.2301,3.2211,3.2211,3.2346,3.2351,3.2261,3.2261,37
2026-03-12 16:57:00,3.2206,3.2236,3.2141,3.2181,3.2256,3.2286,3.2191,3.2231,46
2026-03-12 16:58:00,3.2186,3.2246,3.2176,3.2241,3.2236,3.2296,3.2226,3.2291,49
2026-03-12 16:59:00,3.2236,3.2241,3.2181,3.2221,3.2286,3.2291,3.2231,3.2271,40
2026-03-12 17:00:00,3.2226,3.2331,3.2226,3.2311,3.2276,3.2381,3.2276,3.2361,55
2026-03-12 17:01:00,3.2316,3.2331,3.2271,3.2276,3.2366,3.2381,3.2321,3.2326,42
2026-03-12 17:02:00,3.2281,3.2321,3.2241,3.2241,3.2331,3.2371,3.2291,3.2291,46
2026-03-12 17:03:00,3.2231,3.2286,3.2196,3.2211,3.2281,3.2336,3.2246,3.2261,38
2026-03-12 17:04:00,3.2216,3.2261,3.2191,3.2251,3.2266,3.2311,3.2241,3.2301,37
2026-03-12 17:05:00,3.2256,3.2291,3.2221,3.2281,3.2306,3.2341,3.2271,3.2331,38
2026-03-12 17:06:00,3.2276,3.2281,3.2216,3.2231,3.2326,3.2331,3.2266,3.2281,28
2026-03-12 17:07:00,3.2221,3.2261,3.2206,3.2261,3.2271,3.2311,3.2256,3.2311,31
2026-03-12 17:08:00,3.2251,3.2281,3.2201,3.2216,3.2301,3.2331,3.2251,3.2266,36
2026-03-12 17:09:00,3.2221,3.2256,3.2201,3.2246,3.2271,3.2306,3.2251,3.2296,27
2026-03-12 17:10:00,3.2251,3.2291,3.2221,3.2221,3.2301,3.2341,3.2271,3.2271,35
2026-03-12 17:11:00,3.2216,3.2226,3.2161,3.2186,3.2266,3.2276,3.2211,3.2236,46
2026-03-12 17:12:00,3.2191,3.2271,3.2186,3.2241,3.2241,3.2321,3.2236,3.2291,38
2026-03-12 17:13:00,3.2246,3.2301,3.2241,3.2271,3.2296,3.2351,3.2291,3.2321,38
2026-03-12 17:14:00,3.2276,3.2276,3.2091,3.2101,3.2326,3.2326,3.2141,3.2151,69
2026-03-12 17:15:00,3.2111,3.2181,3.2101,3.2181,3.2161,3.2231,3.2151,3.2231,68
2026-03-12 17:16:00,3.2176,3.2181,3.2121,3.2141,3.2226,3.2231,3.2171,3.2191,31
2026-03-12 17:17:00,3.2131,3.2191,3.2121,3.2181,3.2181,3.2241,3.2171,3.2231,28
2026-03-12 17:18:00,3.2176,3.2221,3.2121,3.2121,3.2226,3.2271,3.2171,3.2171,47
2026-03-12 17:19:00,3.2126,3.2131,3.2011,3.2021,3.2176,3.2181,3.2061,3.2071,67
2026-03-12 17:20:00,3.2016,3.2051,3.1981,3.2011,3.2066,3.2101,3.2031,3.2061,59
2026-03-12 17:21:00,3.2016,3.2026,3.1916,3.1941,3.2066,3.2076,3.1966,3.1991,70
2026-03-12 17:22:00,3.1951,3.1956,3.1921,3.1921,3.2001,3.2006,3.1971,3.1971,35
2026-03-12 17:23:00,3.1916,3.1946,3.1891,3.1906,3.1966,3.1996,3.1941,3.1956,41
2026-03-12 17:24:00,3.1901,3.1911,3.1881,3.1891,3.1951,3.1961,3.1931,3.1941,26
2026-03-12 17:25:00,3.1886,3.1921,3.1881,3.1911,3.1936,3.1971,3.1931,3.1961,28
2026-03-12 17:26:00,3.1921,3.1961,3.1851,3.1861,3.1971,3.2011,3.1901,3.1911,65
2026-03-12 17:27:00,3.1866,3.1876,3.1741,3.1781,3.1916,3.1926,3.1791,3.1831,86
2026-03-12 17:28:00,3.1786,3.1831,3.1771,3.1821,3.1836,3.1881,3.1821,3.1871,31
2026-03-12 17:29:00,3.1826,3.1831,3.1801,3.1821,3.1876,3.1881,3.1851,3.1871,28
2026-03-12 17:30:00,3.1831,3.1901,3.1821,3.1901,3.1881,3.1951,3.1871,3.1951,42
2026-03-12 17:31:00,3.1911,3.1941,3.1891,3.1921,3.1961,3.1991,3.1941,3.1971,38
2026-03-12 17:32:00,3.1926,3.1981,3.1926,3.1951,3.1976,3.2031,3.1976,3.2001,41
2026-03-12 17:33:00,3.1946,3.2001,3.1931,3.1961,3.1996,3.2051,3.1981,3.2011,35
2026-03-12 17:34:00,3.1951,3.1951,3.1811,3.1856,3.2001,3.2001,3.1861,3.1906,54
2026-03-12 17:35:00,3.1851,3.1911,3.1851,3.1891,3.1901,3.1961,3.1901,3.1941,54
2026-03-12 17:36:00,3.1901,3.1931,3.1806,3.1831,3.1951,3.1981,3.1856,3.1881,57
2026-03-12 17:37:00,3.1841,3.1841,3.1791,3.1811,3.1891,3.1891,3.1841,3.1861,28
2026-03-12 17:38:00,3.1801,3.1801,3.1591,3.1601,3.1851,3.1851,3.1641,3.1651,146
2026-03-12 17:39:00,3.1606,3.1626,3.1531,3.1561,3.1656,3.1676,3.1581,3.1611,134
2026-03-12 17:40:00,3.1566,3.1571,3.1516,3.1536,3.1616,3.1621,3.1566,3.1586,54
2026-03-12 17:41:00,3.1531,3.1546,3.1501,3.1516,3.1581,3.1596,3.1551,3.1566,54
2026-03-12 17:42:00,3.1506,3.1526,3.1451,3.1491,3.1556,3.1576,3.1501,3.1541,72
2026-03-12 17:43:00,3.1496,3.1571,3.1491,3.1561,3.1546,3.1621,3.1541,3.1611,47
2026-03-12 17:44:00,3.1571,3.1631,3.1571,3.1631,3.1621,3.1681,3.1621,3.1681,33
2026-03-12 17:45:00,3.1626,3.1656,3.1591,3.1646,3.1676,3.1706,3.1641,3.1696,29
2026-03-12 17:46:00,3.1651,3.1741,3.1651,3.1731,3.1701,3.1791,3.1701,3.1781,36
2026-03-12 17:47:00,3.1736,3.1771,3.1731,3.1731,3.1786,3.1821,3.1781,3.1781,30
2026-03-12 17:48:00,3.1736,3.1756,3.1701,3.1721,3.1786,3.1806,3.1751,3.1771,44
2026-03-12 17:49:00,3.1726,3.1761,3.1721,3.1741,3.1776,3.1811,3.1771,3.1791,33
2026-03-12 17:50:00,3.1731,3.1771,3.1711,3.1751,3.1781,3.1821,3.1761,3.1801,54
2026-03-12 17:51:00,3.1746,3.1761,3.1701,3.1731,3.1796,3.1811,3.1751,3.1781,40
2026-03-12 17:52:00,3.1726,3.1731,3.1691,3.1701,3.1776,3.1781,3.1741,3.1751,37
2026-03-12 17:53:00,3.1706,3.1761,3.1641,3.1761,3.1756,3.1811,3.1691,3.1811,53
2026-03-12 17:54:00,3.1771,3.1786,3.1751,3.1776,3.1821,3.1836,3.1801,3.1826,34
2026-03-12 17:55:00,3.1781,3.1791,3.1741,3.1786,3.1831,3.1841,3.1791,3.1836,28
2026-03-12 17:56:00,3.1791,3.1811,3.1766,3.1771,3.1841,3.1861,3.1816,3.1821,45
2026-03-12 17:57:00,3.1776,3.1811,3.1771,3.1811,3.1826,3.1861,3.1821,3.1861,28
2026-03-12 17:58:00,3.1801,3.1821,3.1786,3.1821,3.1851,3.1871,3.1836,3.1871,19
2026-03-12 17:59:00,3.1816,3.1861,3.1801,3.1816,3.1866,3.1911,3.1851,3.1866,42
2026-03-12 18:00:00,3.1821,3.1841,3.1786,3.1821,3.1871,3.1891,3.1836,3.1871,41
2026-03-12 18:01:00,3.1831,3.1836,3.1781,3.1801,3.1881,3.1886,3.1831,3.1851,33
2026-03-12 18:02:00,3.1796,3.1811,3.1771,3.1801,3.1846,3.1861,3.1821,3.1851,31
2026-03-12 18:03:00,3.1796,3.1826,3.1791,3.1796,3.1846,3.1876,3.1841,3.1846,21
2026-03-12 18:04:00,3.1801,3.1811,3.1721,3.1751,3.1851,3.1861,3.1771,3.1801,33
2026-03-12 18:05:00,3.1761,3.1781,3.1736,3.1741,3.1811,3.1831,3.1786,3.1791,41
2026-03-12 18:06:00,3.1731,3.1811,3.1721,3.1756,3.1781,3.1861,3.1771,3.1806,50
2026-03-12 18:07:00,3.1741,3.1796,3.1741,3.1796,3.1791,3.1846,3.1791,3.1846,21
2026-03-12 18:08:00,3.1801,3.1831,3.1761,3.1831,3.1851,3.1881,3.1811,3.1881,33
2026-03-12 18:09:00,3.1826,3.1891,3.1821,3.1891,3.1876,3.1941,3.1871,3.1941,35
2026-03-12 18:10:00,3.1911,3.1941,3.1896,3.1941,3.1961,3.1991,3.1946,3.1991,57
2026-03-12 18:11:00,3.1951,3.1981,3.1931,3.1981,3.2001,3.2031,3.1981,3.2031,37
2026-03-12 18:12:00,3.1986,3.1991,3.1961,3.1981,3.2036,3.2041,3.2011,3.2031,15
2026-03-12 18:13:00,3.1991,3.2021,3.1971,3.2021,3.2041,3.2071,3.2021,3.2071,17
2026-03-12 18:14:00,3.2026,3.2051,3.1981,3.1991,3.2076,3.2101,3.2031,3.2041,34
2026-03-12 18:15:00,3.2006,3.2031,3.2006,3.2031,3.2056,3.2081,3.2056,3.2081,32
2026-03-12 18:16:00,3.2026,3.2051,3.2001,3.2021,3.2076,3.2101,3.2051,3.2071,45
2026-03-12 18:17:00,3.2016,3.2021,3.1996,3.2011,3.2066,3.2071,3.2046,3.2061,15
2026-03-12 18:18:00,3.2016,3.2061,3.2011,3.2061,3.2066,3.2111,3.2061,3.2111,28
2026-03-12 18:19:00,3.2076,3.2086,3.2041,3.2056,3.2126,3.2136,3.2091,3.2106,17
2026-03-12 18:20:00,3.2061,3.2081,3.2041,3.2056,3.2111,3.2131,3.2091,3.2106,28
2026-03-12 18:21:00,3.2061,3.2061,3.2041,3.2051,3.2111,3.2111,3.2091,3.2101,16
2026-03-12 18:22:00,3.2046,3.2061,3.1981,3.1991,3.2096,3.2111,3.2031,3.2041,29
2026-03-12 18:23:00,3.1986,3.1986,3.1921,3.1931,3.2036,3.2036,3.1971,3.1981,27
2026-03-12 18:24:00,3.1936,3.1951,3.1876,3.1881,3.1986,3.2001,3.1926,3.1931,39
2026-03-12 18:25:00,3.1891,3.1941,3.1871,3.1926,3.1941,3.1991,3.1921,3.1976,49
2026-03-12 18:26:00,3.1931,3.1951,3.1901,3.1951,3.1981,3.2001,3.1951,3.2001,31
2026-03-12 18:27:00,3.1946,3.2001,3.1946,3.1976,3.1996,3.2051,3.1996,3.2026,25
2026-03-12 18:28:00,3.1986,3.1986,3.1951,3.1981,3.2036,3.2036,3.2001,3.2031,20
2026-03-12 18:29:00,3.1986,3.1991,3.1891,3.1896,3.2036,3.2041,3.1941,3.1946,41
2026-03-12 18:30:00,3.1906,3.1971,3.1891,3.1926,3.1956,3.2021,3.1941,3.1976,34
2026-03-12 18:31:00,3.1921,3.1971,3.1921,3.1971,3.1971,3.2021,3.1971,3.2021,15
2026-03-12 18:32:00,3.1966,3.1976,3.1926,3.1946,3.2016,3.2026,3.1976,3.1996,27
2026-03-12 18:33:00,3.1951,3.1981,3.1946,3.1971,3.2001,3.2031,3.1996,3.2021,8
2026-03-12 18:34:00,3.1976,3.1976,3.1941,3.1941,3.2026,3.2026,3.1991,3.1991,24
2026-03-12 18:35:00,3.1946,3.1981,3.1946,3.1966,3.1996,3.2031,3.1996,3.2016,19
2026-03-12 18:36:00,3.1971,3.2021,3.1971,3.2006,3.2021,3.2071,3.2021,3.2056,15
2026-03-12 18:37:00,3.2011,3.2061,3.2001,3.2036,3.2061,3.2111,3.2051,3.2086,25
2026-03-12 18:38:00,3.2041,3.2061,3.2031,3.2036,3.2091,3.2111,3.2081,3.2086,20
2026-03-12 18:39:00,3.2041,3.2056,3.2031,3.2056,3.2091,3.2106,3.2081,3.2106,23
2026-03-12 18:40:00,3.2061,3.2116,3.2056,3.2101,3.2111,3.2166,3.2106,3.2151,27
2026-03-12 18:41:00,3.2111,3.2121,3.2071,3.2076,3.2161,3.2171,3.2121,3.2126,32
2026-03-12 18:42:00,3.2081,3.2141,3.2071,3.2141,3.2131,3.2191,3.2121,3.2191,38
2026-03-12 18:43:00,3.2151,3.2191,3.2151,3.2191,3.2201,3.2241,3.2201,3.2241,23
2026-03-12 18:44:00,3.2181,3.2191,3.2141,3.2146,3.2231,3.2241,3.2191,3.2196,28
2026-03-12 18:45:00,3.2151,3.2181,3.2131,3.2176,3.2201,3.2231,3.2181,3.2226,25
2026-03-12 18:46:00,3.2171,3.2176,3.2141,3.2141,3.2221,3.2226,3.2191,3.2191,15
2026-03-12 18:47:00,3.2146,3.2151,3.2126,3.2141,3.2196,3.2201,3.2176,3.2191,27
2026-03-12 18:48:00,3.2146,3.2171,3.2111,3.2116,3.2196,3.2221,3.2161,3.2166,24
2026-03-12 18:49:00,3.2121,3.2171,3.2121,3.2151,3.2171,3.2221,3.2171,3.2201,39
2026-03-12 18:50:00,3.2146,3.2171,3.2111,3.2171,3.2196,3.2221,3.2161,3.2221,35
2026-03-12 18:51:00,3.2161,3.2161,3.2136,3.2161,3.2211,3.2211,3.2186,3.2211,27
2026-03-12 18:52:00,3.2171,3.2171,3.2136,3.2146,3.2221,3.2221,3.2186,3.2196,14
2026-03-12 18:53:00,3.2151,3.2151,3.2131,3.2131,3.2201,3.2201,3.2181,3.2181,14
2026-03-12 18:54:00,3.2126,3.2131,3.2061,3.2061,3.2176,3.2181,3.2111,3.2111,41
2026-03-12 18:55:00,3.2066,3.2091,3.2061,3.2091,3.2116,3.2141,3.2111,3.2141,20
2026-03-12 18:56:00,3.2081,3.2081,3.2051,3.2071,3.2131,3.2131,3.2101,3.2121,24
2026-03-12 18:57:00,3.2061,3.2071,3.2011,3.2021,3.2111,3.2121,3.2061,3.2071,22
2026-03-12 18:58:00,3.2016,3.2036,3.2011,3.2036,3.2066,3.2086,3.2061,3.2086,23
2026-03-12 18:59:00,3.2031,3.2091,3.2026,3.2091,3.2081,3.2141,3.2076,3.2141,24
2026-03-12 19:00:00,3.2086,3.2086,3.2051,3.2051,3.2136,3.2136,3.2101,3.2101,31
2026-03-12 19:01:00,3.2021,3.2031,3.1921,3.1921,3.2071,3.2081,3.1971,3.1971,61
2026-03-12 19:02:00,3.1911,3.1911,3.1801,3.1831,3.1961,3.1961,3.1851,3.1881,78
2026-03-12 19:03:00,3.1841,3.1946,3.1821,3.1921,3.1891,3.1996,3.1871,3.1971,47
2026-03-12 19:04:00,3.1916,3.1981,3.1911,3.1966,3.1966,3.2031,3.1961,3.2016,24
2026-03-12 19:05:00,3.1971,3.1971,3.1891,3.1916,3.2021,3.2021,3.1941,3.1966,24
2026-03-12 19:06:00,3.1921,3.1986,3.1921,3.1981,3.1971,3.2036,3.1971,3.2031,30
2026-03-12 19:07:00,3.1986,3.2021,3.1986,3.2001,3.2036,3.2071,3.2036,3.2051,29
2026-03-12 19:08:00,3.1996,3.2081,3.1996,3.2076,3.2046,3.2131,3.2046,3.2126,52
2026-03-12 19:09:00,3.2071,3.2131,3.2051,3.2056,3.2121,3.2181,3.2101,3.2106,43
2026-03-12 19:10:00,3.2061,3.2116,3.2051,3.2071,3.2111,3.2166,3.2101,3.2121,37
2026-03-12 19:11:00,3.2066,3.2116,3.2061,3.2061,3.2116,3.2166,3.2111,3.2111,25
2026-03-12 19:12:00,3.2071,3.2101,3.2036,3.2091,3.2121,3.2151,3.2086,3.2141,37
2026-03-12 19:13:00,3.2096,3.2116,3.2091,3.2106,3.2146,3.2166,3.2141,3.2156,18
2026-03-12 19:14:00,3.2101,3.2121,3.2071,3.2116,3.2151,3.2171,3.2121,3.2166,37
2026-03-12 19:15:00,3.2111,3.2131,3.2111,3.2111,3.2161,3.2181,3.2161,3.2161,24
2026-03-12 19:16:00,3.2116,3.2191,3.2116,3.2191,3.2166,3.2241,3.2166,3.2241,40
2026-03-12 19:17:00,3.2196,3.2201,3.2156,3.2161,3.2246,3.2251,3.2206,3.2211,25
2026-03-12 19:18:00,3.2156,3.2161,3.2131,3.2136,3.2206,3.2211,3.2181,3.2186,12
2026-03-12 19:19:00,3.2131,3.2161,3.2121,3.2151,3.2181,3.2211,3.2171,3.2201,28
2026-03-12 19:20:00,3.2141,3.2161,3.2121,3.2161,3.2191,3.2211,3.2171,3.2211,20
2026-03-12 19:21:00,3.2156,3.2161,3.2141,3.2151,3.2206,3.2211,3.2191,3.2201,12
2026-03-12 19:22:00,3.2156,3.2231,3.2156,3.2196,3.2206,3.2281,3.2206,3.2246,43
2026-03-12 19:23:00,3.2191,3.2201,3.2171,3.2186,3.2241,3.2251,3.2221,3.2236,15
2026-03-12 19:24:00,3.2181,3.2206,3.2181,3.2201,3.2231,3.2256,3.2231,3.2251,16
2026-03-12 19:25:00,3.2211,3.2221,3.2201,3.2201,3.2261,3.2271,3.2251,3.2251,23
2026-03-12 19:26:00,3.2196,3.2201,3.2181,3.2181,3.2246,3.2251,3.2231,3.2231,16
2026-03-12 19:27:00,3.2186,3.2191,3.2071,3.2131,3.2236,3.2241,3.2121,3.2181,66
2026-03-12 19:28:00,3.2126,3.2351,3.2121,3.2311,3.2176,3.2401,3.2171,3.2361,157
2026-03-12 19:29:00,3.2316,3.2471,3.2316,3.2451,3.2366,3.2521,3.2366,3.2501,148
2026-03-12 19:30:00,3.2441,3.2441,3.2371,3.2371,3.2491,3.2491,3.2421,3.2421,58
2026-03-12 19:31:00,3.2376,3.2451,3.2371,3.2426,3.2426,3.2501,3.2421,3.2476,35
2026-03-12 19:32:00,3.2416,3.2446,3.2391,3.2421,3.2466,3.2496,3.2441,3.2471,32
2026-03-12 19:33:00,3.2411,3.2471,3.2411,3.2436,3.2461,3.2521,3.2461,3.2486,28
2026-03-12 19:34:00,3.2441,3.2471,3.2436,3.2436,3.2491,3.2521,3.2486,3.2486,24
2026-03-12 19:35:00,3.2446,3.2471,3.2431,3.2436,3.2496,3.2521,3.2481,3.2486,23
2026-03-12 19:36:00,3.2441,3.2451,3.2401,3.2411,3.2491,3.2501,3.2451,3.2461,14
2026-03-12 19:37:00,3.2416,3.2436,3.2381,3.2381,3.2466,3.2486,3.2431,3.2431,14
2026-03-12 19:38:00,3.2386,3.2386,3.2361,3.2361,3.2436,3.2436,3.2411,3.2411,20
2026-03-12 19:39:00,3.2351,3.2401,3.2351,3.2391,3.2401,3.2451,3.2401,3.2441,25
2026-03-12 19:40:00,3.2396,3.2406,3.2376,3.2401,3.2446,3.2456,3.2426,3.2451,21
2026-03-12 19:41:00,3.2406,3.2416,3.2391,3.2416,3.2456,3.2466,3.2441,3.2466,11
2026-03-12 19:42:00,3.2411,3.2411,3.2391,3.2401,3.2461,3.2461,3.2441,3.2451,9
2026-03-12 19:43:00,3.2391,3.2391,3.2371,3.2381,3.2441,3.2441,3.2421,3.2431,11
2026-03-12 19:44:00,3.2386,3.2391,3.2371,3.2376,3.2436,3.2441,3.2421,3.2426,11
2026-03-12 19:45:00,3.2371,3.2381,3.2351,3.2361,3.2421,3.2431,3.2401,3.2411,23
2026-03-12 19:46:00,3.2356,3.2356,3.2311,3.2321,3.2406,3.2406,3.2361,3.2371,24
2026-03-12 19:47:00,3.2316,3.2356,3.2316,3.2351,3.2366,3.2406,3.2366,3.2401,18
2026-03-12 19:48:00,3.2356,3.2436,3.2356,3.2421,3.2406,3.2486,3.2406,3.2471,21
2026-03-12 19:49:00,3.2426,3.2426,3.2411,3.2411,3.2476,3.2476,3.2461,3.2461,6
2026-03-12 19:50:00,3.2416,3.2416,3.2381,3.2381,3.2466,3.2466,3.2431,3.2431,13
2026-03-12 19:51:00,3.2376,3.2381,3.2351,3.2366,3.2426,3.2431,3.2401,3.2416,21
2026-03-12 19:52:00,3.2371,3.2371,3.2331,3.2341,3.2421,3.2421,3.2381,3.2391,11
2026-03-12 19:53:00,3.2346,3.2356,3.2341,3.2346,3.2396,3.2406,3.2391,3.2396,9
2026-03-12 19:54:00,3.2341,3.2341,3.2331,3.2331,3.2391,3.2391,3.2381,3.2381,14
2026-03-12 19:55:00,3.2326,3.2341,3.2321,3.2331,3.2376,3.2391,3.2371,3.2381,18
2026-03-12 19:56:00,3.2326,3.2371,3.2326,3.2361,3.2376,3.2421,3.2376,3.2411,9
2026-03-12 19:57:00,3.2366,3.2371,3.2361,3.2371,3.2416,3.2421,3.2411,3.2421,8
2026-03-12 19:58:00,3.2381,3.2381,3.2366,3.2371,3.2431,3.2431,3.2416,3.2421,8
2026-03-12 19:59:00,3.2381,3.2411,3.2371,3.2401,3.2431,3.2461,3.2421,3.2451,17
2026-03-12 20:00:00,3.2391,3.2421,3.2381,3.2391,3.2441,3.2471,3.2431,3.2441,11
2026-03-12 20:01:00,3.2401,3.2486,3.2401,3.2481,3.2451,3.2536,3.2451,3.2531,32
2026-03-12 20:02:00,3.2476,3.2476,3.2441,3.2441,3.2526,3.2526,3.2491,3.2491,17
2026-03-12 20:03:00,3.2446,3.2451,3.2431,3.2441,3.2496,3.2501,3.2481,3.2491,11
2026-03-12 20:04:00,3.2436,3.2461,3.2436,3.2451,3.2486,3.2511,3.2486,3.2501,9
2026-03-12 20:05:00,3.2456,3.2481,3.2456,3.2476,3.2506,3.2531,3.2506,3.2526,8
2026-03-12 20:06:00,3.2466,3.2466,3.2431,3.2436,3.2516,3.2516,3.2481,3.2486,11
2026-03-12 20:07:00,3.2431,3.2446,3.2421,3.2446,3.2481,3.2496,3.2471,3.2496,16
2026-03-12 20:08:00,3.2441,3.2441,3.2436,3.2441,3.2491,3.2491,3.2486,3.2491,3
2026-03-12 20:09:00,3.2431,3.2441,3.2411,3.2411,3.2481,3.2491,3.2461,3.2461,16
2026-03-12 20:10:00,3.2406,3.2406,3.2356,3.2361,3.2456,3.2456,3.2406,3.2411,17
2026-03-12 20:11:00,3.2371,3.2371,3.2331,3.2341,3.2421,3.2421,3.2381,3.2391,20
2026-03-12 20:12:00,3.2331,3.2336,3.2311,3.2321,3.2381,3.2386,3.2361,3.2371,21
2026-03-12 20:13:00,3.2316,3.2326,3.2301,3.2301,3.2366,3.2376,3.2351,3.2351,7
2026-03-12 20:14:00,3.2306,3.2321,3.2301,3.2316,3.2356,3.2371,3.2351,3.2366,11
2026-03-12 20:15:00,3.2311,3.2351,3.2311,3.2341,3.2361,3.2401,3.2361,3.2391,15
2026-03-12 20:16:00,3.2346,3.2346,3.2291,3.2291,3.2396,3.2396,3.2341,3.2341,13
2026-03-12 20:17:00,3.2281,3.2291,3.2261,3.2276,3.2331,3.2341,3.2311,3.2326,18
2026-03-12 20:18:00,3.2281,3.2296,3.2276,3.2291,3.2331,3.2346,3.2326,3.2341,12
2026-03-12 20:19:00,3.2296,3.2316,3.2296,3.2306,3.2346,3.2366,3.2346,3.2356,7
2026-03-12 20:20:00,3.2311,3.2316,3.2291,3.2291,3.2361,3.2366,3.2341,3.2341,8
2026-03-12 20:21:00,3.2301,3.2311,3.2301,3.2301,3.2351,3.2361,3.2351,3.2351,8
2026-03-12 20:22:00,3.2291,3.2296,3.2271,3.2281,3.2341,3.2346,3.2321,3.2331,13
2026-03-12 20:23:00,3.2286,3.2291,3.2271,3.2281,3.2336,3.2341,3.2321,3.2331,6
2026-03-12 20:24:00,3.2286,3.2291,3.2271,3.2291,3.2336,3.2341,3.2321,3.2341,8
2026-03-12 20:25:00,3.2286,3.2286,3.2261,3.2261,3.2336,3.2336,3.2311,3.2311,4
2026-03-12 20:26:00,3.2266,3.2281,3.2261,3.2276,3.2316,3.2331,3.2311,3.2326,10
2026-03-12 20:27:00,3.2271,3.2271,3.2261,3.2261,3.2321,3.2321,3.2311,3.2311,7
2026-03-12 20:28:00,3.2271,3.2291,3.2271,3.2286,3.2321,3.2341,3.2321,3.2336,13
2026-03-12 20:29:00,3.2291,3.2306,3.2281,3.2296,3.2341,3.2356,3.2331,3.2346,16
2026-03-12 20:30:00,3.2301,3.2301,3.2271,3.2271,3.2351,3.2351,3.2321,3.2321,8
2026-03-12 20:31:00,3.2281,3.2281,3.2261,3.2261,3.2331,3.2331,3.2311,3.2311,6
2026-03-12 20:32:00,3.2266,3.2271,3.2261,3.2261,3.2316,3.2321,3.2311,3.2311,3
2026-03-12 20:33:00,3.2271,3.2281,3.2271,3.2281,3.2321,3.2331,3.2321,3.2331,3
2026-03-12 20:34:00,3.2286,3.2291,3.2281,3.2291,3.2336,3.2341,3.2331,3.2341,8
2026-03-12 20:35:00,3.2301,3.2321,3.2301,3.2311,3.2351,3.2371,3.2351,3.2361,5
2026-03-12 20:36:00,3.2306,3.2331,3.2301,3.2321,3.2356,3.2381,3.2351,3.2371,5
2026-03-12 20:37:00,3.2311,3.2311,3.2301,3.2311,3.2361,3.2361,3.2351,3.2361,3
2026-03-12 20:38:00,3.2321,3.2321,3.2311,3.2321,3.2371,3.2371,3.2361,3.2371,7
2026-03-12 20:41:00,3.2326,3.2341,3.2326,3.2331,3.2376,3.2391,3.2376,3.2381,5
2026-03-12 20:42:00,3.2336,3.2341,3.2326,3.2326,3.2386,3.2391,3.2376,3.2376,9
2026-03-12 20:43:00,3.2331,3.2331,3.2326,3.2326,3.2381,3.2381,3.2376,3.2376,2
2026-03-12 20:44:00,3.2321,3.2341,3.2321,3.2331,3.2371,3.2391,3.2371,3.2381,4
2026-03-12 20:45:00,3.2321,3.2331,3.2321,3.2331,3.2371,3.2381,3.2371,3.2381,2
2026-03-12 20:46:00,3.2336,3.2341,3.2331,3.2331,3.2386,3.2391,3.2381,3.2381,4
2026-03-12 20:47:00,3.2341,3.2356,3.2341,3.2356,3.2391,3.2406,3.2391,3.2406,5
2026-03-12 20:48:00,3.2361,3.2371,3.2361,3.2361,3.2411,3.2421,3.2411,3.2411,5
2026-03-12 20:49:00,3.2366,3.2371,3.2341,3.2341,3.2416,3.2421,3.2391,3.2391,9
2026-03-12 20:50:00,3.2336,3.2351,3.2326,3.2351,3.2386,3.2401,3.2376,3.2401,9
2026-03-12 20:51:00,3.2356,3.2371,3.2356,3.2361,3.2406,3.2421,3.2406,3.2411,14
2026-03-12 20:52:00,3.2371,3.2391,3.2371,3.2386,3.2421,3.2441,3.2421,3.2436,16
2026-03-12 20:53:00,3.2391,3.2391,3.2381,3.2381,3.2441,3.2441,3.2431,3.2431,2
2026-03-12 20:54:00,3.2386,3.2391,3.2371,3.2381,3.2436,3.2441,3.2421,3.2431,10
2026-03-12 20:55:00,3.2386,3.2391,3.2381,3.2381,3.2436,3.2441,3.2431,3.2431,9
2026-03-12 20:56:00,3.2376,3.2376,3.2356,3.2376,3.2426,3.2426,3.2406,3.2426,10
2026-03-12 20:57:00,3.2381,3.2391,3.2381,3.2381,3.2431,3.2441,3.2431,3.2431,5
2026-03-12 20:58:00,3.2371,3.2371,3.2351,3.2361,3.2421,3.2421,3.2401,3.2411,8
2026-03-12 20:59:00,3.2371,3.2406,3.2371,3.2376,3.2421,3.2456,3.2421,3.2426,15
2026-03-12 21:00:00,3.2386,3.2401,3.2381,3.2386,3.2436,3.2451,3.2431,3.2436,5
2026-03-12 21:01:00,3.2381,3.2391,3.2381,3.2391,3.2431,3.2441,3.2431,3.2441,6
2026-03-12 21:02:00,3.2396,3.2426,3.2391,3.2411,3.2446,3.2476,3.2441,3.2461,17
2026-03-12 21:03:00,3.2401,3.2401,3.2391,3.2391,3.2451,3.2451,3.2441,3.2441,4
2026-03-12 21:04:00,3.2396,3.2396,3.2391,3.2391,3.2446,3.2446,3.2441,3.2441,2
2026-03-12 21:07:00,3.2381,3.2381,3.2371,3.2381,3.2431,3.2431,3.2421,3.2431,4
2026-03-12 21:08:00,3.2351,3.2376,3.2351,3.2371,3.2401,3.2426,3.2401,3.2421,9
2026-03-12 21:09:00,3.2381,3.2381,3.2341,3.2346,3.2431,3.2431,3.2391,3.2396,8
2026-03-12 21:10:00,3.2351,3.2351,3.2331,3.2331,3.2401,3.2401,3.2381,3.2381,7
2026-03-12 21:11:00,3.2326,3.2326,3.2261,3.2276,3.2376,3.2376,3.2311,3.2326,20
2026-03-12 21:12:00,3.2271,3.2271,3.2256,3.2261,3.2321,3.2321,3.2306,3.2311,5
2026-03-12 21:13:00,3.2266,3.2286,3.2266,3.2281,3.2316,3.2336,3.2316,3.2331,9
2026-03-12 21:14:00,3.2276,3.2281,3.2221,3.2246,3.2326,3.2331,3.2271,3.2296,17
2026-03-12 21:15:00,3.2256,3.2256,3.2211,3.2251,3.2306,3.2306,3.2261,3.2301,14
2026-03-12 21:16:00,3.2256,3.2256,3.2246,3.2256,3.2306,3.2306,3.2296,3.2306,8
2026-03-12 21:17:00,3.2251,3.2266,3.2251,3.2266,3.2301,3.2316,3.2301,3.2316,9
2026-03-12 21:18:00,3.2261,3.2271,3.2261,3.2266,3.2311,3.2321,3.2311,3.2316,4
2026-03-12 21:19:00,3.2271,3.2281,3.2271,3.2271,3.2321,3.2331,3.2321,3.2321,6
2026-03-12 21:20:00,3.2281,3.2281,3.2266,3.2271,3.2331,3.2331,3.2316,3.2321,4
2026-03-12 21:21:00,3.2281,3.2291,3.2271,3.2271,3.2331,3.2341,3.2321,3.2321,5
2026-03-12 21:22:00,3.2266,3.2276,3.2266,3.2271,3.2316,3.2326,3.2316,3.2321,4
2026-03-12 21:23:00,3.2266,3.2271,3.2266,3.2271,3.2316,3.2321,3.2316,3.2321,2
2026-03-12 21:24:00,3.2276,3.2296,3.2276,3.2281,3.2326,3.2346,3.2326,3.2331,5
2026-03-12 21:25:00,3.2286,3.2301,3.2286,3.2296,3.2336,3.2351,3.2336,3.2346,6
2026-03-12 21:26:00,3.2306,3.2351,3.2301,3.2341,3.2356,3.2401,3.2351,3.2391,12
2026-03-12 21:27:00,3.2346,3.2361,3.2341,3.2341,3.2396,3.2411,3.2391,3.2391,10
2026-03-12 21:28:00,3.2346,3.2361,3.2316,3.2356,3.2396,3.2411,3.2366,3.2406,14
2026-03-12 21:29:00,3.2366,3.2366,3.2356,3.2361,3.2416,3.2416,3.2406,3.2411,9
2026-03-12 21:30:00,3.2366,3.2401,3.2356,3.2391,3.2416,3.2451,3.2406,3.2441,13
2026-03-12 21:31:00,3.2396,3.2401,3.2381,3.2391,3.2446,3.2451,3.2431,3.2441,6
2026-03-12 21:32:00,3.2381,3.2401,3.2371,3.2386,3.2431,3.2451,3.2421,3.2436,10
2026-03-12 21:33:00,3.2391,3.2406,3.2391,3.2406,3.2441,3.2456,3.2441,3.2456,5
2026-03-12 21:34:00,3.2411,3.2436,3.2411,3.2436,3.2461,3.2486,3.2461,3.2486,10
2026-03-12 21:35:00,3.2441,3.2451,3.2436,3.2441,3.2491,3.2501,3.2486,3.2491,8
2026-03-12 21:36:00,3.2436,3.2461,3.2436,3.2461,3.2486,3.2511,3.2486,3.2511,9
2026-03-12 21:37:00,3.2456,3.2491,3.2451,3.2491,3.2506,3.2541,3.2501,3.2541,9
2026-03-12 21:38:00,3.2486,3.2511,3.2486,3.2506,3.2536,3.2561,3.2536,3.2556,8
2026-03-12 21:39:00,3.2501,3.2511,3.2501,3.2511,3.2551,3.2561,3.2551,3.2561,3
2026-03-12 21:40:00,3.2521,3.2531,3.2511,3.2521,3.2571,3.2581,3.2561,3.2571,6
2026-03-12 21:41:00,3.2516,3.2516,3.2506,3.2506,3.2566,3.2566,3.2556,3.2556,2
2026-03-12 21:42:00,3.2501,3.2501,3.2471,3.2481,3.2551,3.2551,3.2521,3.2531,7
2026-03-12 21:43:00,3.2486,3.2486,3.2486,3.2486,3.2536,3.2536,3.2536,3.2536,1
2026-03-12 21:44:00,3.2491,3.2496,3.2471,3.2471,3.2541,3.2546,3.2521,3.2521,4
2026-03-12 21:45:00,3.2466,3.2466,3.2451,3.2461,3.2516,3.2516,3.2501,3.2511,6
2026-03-12 21:46:00,3.2456,3.2461,3.2441,3.2461,3.2506,3.2511,3.2491,3.2511,6
2026-03-12 21:47:00,3.2456,3.2456,3.2441,3.2441,3.2506,3.2506,3.2491,3.2491,6
2026-03-12 21:48:00,3.2446,3.2446,3.2436,3.2436,3.2496,3.2496,3.2486,3.2486,7
2026-03-12 21:49:00,3.2431,3.2441,3.2431,3.2436,3.2481,3.2491,3.2481,3.2486,3
2026-03-12 21:50:00,3.2431,3.2436,3.2426,3.2426,3.2481,3.2486,3.2476,3.2476,4
2026-03-12 21:51:00,3.2436,3.2436,3.2431,3.2431,3.2486,3.2486,3.2481,3.2481,2
2026-03-12 21:52:00,3.2426,3.2426,3.2411,3.2416,3.2476,3.2476,3.2461,3.2466,6
2026-03-12 21:53:00,3.2421,3.2421,3.2421,3.2421,3.2471,3.2471,3.2471,3.2471,1
2026-03-12 21:54:00,3.2416,3.2421,3.2416,3.2421,3.2466,3.2471,3.2466,3.2471,2
2026-03-12 21:55:00,3.2426,3.2441,3.2401,3.2401,3.2476,3.2491,3.2451,3.2451,7
2026-03-12 21:56:00,3.2411,3.2411,3.2411,3.2411,3.2461,3.2461,3.2461,3.2461,1
2026-03-12 21:57:00,3.2421,3.2421,3.2421,3.2421,3.2471,3.2471,3.2471,3.2471,1
2026-03-12 21:58:00,3.2416,3.2481,3.2411,3.2481,3.2466,3.2531,3.2461,3.2531,12
2026-03-12 21:59:00,3.2476,3.2486,3.2401,3.2426,3.2526,3.2536,3.2451,3.2476,28
2026-03-12 23:00:00,3.2491,3.2491,3.2391,3.2401,3.2541,3.2541,3.2441,3.2451,24
2026-03-12 23:01:00,3.2396,3.2396,3.2386,3.2391,3.2446,3.2446,3.2436,3.2441,5
2026-03-12 23:02:00,3.2416,3.2481,3.2411,3.2461,3.2466,3.2531,3.2461,3.2511,21
2026-03-12 23:03:00,3.2466,3.2476,3.2466,3.2466,3.2516,3.2526,3.2516,3.2516,5
2026-03-12 23:04:00,3.2451,3.2451,3.2441,3.2441,3.2501,3.2501,3.2491,3.2491,2
2026-03-12 23:05:00,3.2421,3.2421,3.2411,3.2411,3.2471,3.2471,3.2461,3.2461,3
2026-03-12 23:06:00,3.2406,3.2406,3.2391,3.2391,3.2456,3.2456,3.2441,3.2441,3
2026-03-12 23:07:00,3.2396,3.2396,3.2396,3.2396,3.2446,3.2446,3.2446,3.2446,1
2026-03-12 23:08:00,3.2391,3.2396,3.2386,3.2396,3.2441,3.2446,3.2436,3.2446,3
2026-03-12 23:09:00,3.2391,3.2391,3.2361,3.2361,3.2441,3.2441,3.2411,3.2411,4
2026-03-12 23:10:00,3.2371,3.2386,3.2336,3.2341,3.2421,3.2436,3.2386,3.2391,10
2026-03-12 23:11:00,3.2356,3.2356,3.2356,3.2356,3.2406,3.2406,3.2406,3.2406,1
2026-03-12 23:12:00,3.2371,3.2376,3.2371,3.2371,3.2421,3.2426,3.2421,3.2421,3
2026-03-12 23:13:00,3.2361,3.2361,3.2361,3.2361,3.2411,3.2411,3.2411,3.2411,1
2026-03-12 23:14:00,3.2376,3.2406,3.2376,3.2406,3.2426,3.2456,3.2426,3.2456,3
2026-03-12 23:15:00,3.2411,3.2411,3.2411,3.2411,3.2461,3.2461,3.2461,3.2461,1
2026-03-12 23:17:00,3.2416,3.2456,3.2416,3.2446,3.2466,3.2506,3.2466,3.2496,14
2026-03-12 23:18:00,3.2456,3.2456,3.2456,3.2456,3.2506,3.2506,3.2506,3.2506,1
2026-03-12 23:19:00,3.2461,3.2466,3.2461,3.2466,3.2511,3.2516,3.2511,3.2516,2
2026-03-12 23:20:00,3.2456,3.2471,3.2446,3.2471,3.2506,3.2521,3.2496,3.2521,10
2026-03-12 23:21:00,3.2476,3.2476,3.2461,3.2461,3.2526,3.2526,3.2511,3.2511,3
2026-03-12 23:22:00,3.2486,3.2501,3.2486,3.2496,3.2536,3.2551,3.2536,3.2546,7
2026-03-12 23:23:00,3.2491,3.2496,3.2491,3.2496,3.2541,3.2546,3.2541,3.2546,2
2026-03-12 23:24:00,3.2491,3.2491,3.2431,3.2456,3.2541,3.2541,3.2481,3.2506,8
2026-03-12 23:25:00,3.2461,3.2466,3.2461,3.2461,3.2511,3.2516,3.2511,3.2511,3
2026-03-12 23:26:00,3.2451,3.2451,3.2426,3.2436,3.2501,3.2501,3.2476,3.2486,4
2026-03-12 23:27:00,3.2441,3.2441,3.2441,3.2441,3.2491,3.2491,3.2491,3.2491,1
2026-03-12 23:28:00,3.2436,3.2436,3.2431,3.2431,3.2486,3.2486,3.2481,3.2481,2
2026-03-12 23:29:00,3.2426,3.2426,3.2421,3.2426,3.2476,3.2476,3.2471,3.2476,3
2026-03-12 23:30:00,3.2431,3.2431,3.2411,3.2431,3.2481,3.2481,3.2461,3.2481,6
2026-03-12 23:31:00,3.2426,3.2426,3.2406,3.2406,3.2476,3.2476,3.2456,3.2456,4
2026-03-12 23:32:00,3.2411,3.2411,3.2406,3.2406,3.2461,3.2461,3.2456,3.2456,2
2026-03-12 23:33:00,3.2401,3.2411,3.2391,3.2401,3.2451,3.2461,3.2441,3.2451,7
2026-03-12 23:34:00,3.2406,3.2411,3.2406,3.2411,3.2456,3.2461,3.2456,3.2461,2
2026-03-12 23:35:00,3.2406,3.2406,3.2386,3.2386,3.2456,3.2456,3.2436,3.2436,4
2026-03-12 23:36:00,3.2401,3.2411,3.2401,3.2411,3.2451,3.2461,3.2451,3.2461,3
2026-03-12 23:37:00,3.2421,3.2426,3.2421,3.2426,3.2471,3.2476,3.2471,3.2476,2
2026-03-12 23:38:00,3.2421,3.2421,3.2416,3.2416,3.2471,3.2471,3.2466,3.2466,4
2026-03-12 23:39:00,3.2386,3.2386,3.2331,3.2336,3.2436,3.2436,3.2381,3.2386,8
2026-03-12 23:40:00,3.2316,3.2326,3.2316,3.2326,3.2366,3.2376,3.2366,3.2376,4
2026-03-12 23:41:00,3.2316,3.2316,3.2316,3.2316,3.2366,3.2366,3.2366,3.2366,1
2026-03-12 23:42:00,3.2321,3.2321,3.2296,3.2296,3.2371,3.2371,3.2346,3.2346,4
2026-03-12 23:43:00,3.2306,3.2316,3.2306,3.2311,3.2356,3.2366,3.2356,3.2361,4
2026-03-12 23:44:00,3.2306,3.2306,3.2306,3.2306,3.2356,3.2356,3.2356,3.2356,1
2026-03-12 23:45:00,3.2301,3.2301,3.2256,3.2286,3.2351,3.2351,3.2306,3.2336,13
2026-03-12 23:46:00,3.2296,3.2336,3.2296,3.2336,3.2346,3.2386,3.2346,3.2386,5
2026-03-12 23:47:00,3.2326,3.2356,3.2316,3.2356,3.2376,3.2406,3.2366,3.2406,6
2026-03-12 23:48:00,3.2371,3.2381,3.2361,3.2366,3.2421,3.2431,3.2411,3.2416,6
2026-03-12 23:49:00,3.2371,3.2381,3.2371,3.2381,3.2421,3.2431,3.2421,3.2431,2
2026-03-12 23:50:00,3.2376,3.2376,3.2361,3.2361,3.2426,3.2426,3.2411,3.2411,3
2026-03-12 23:52:00,3.2351,3.2351,3.2346,3.2346,3.2401,3.2401,3.2396,3.2396,2
2026-03-12 23:54:00,3.2351,3.2351,3.2351,3.2351,3.2401,3.2401,3.2401,3.2401,1
2026-03-12 23:55:00,3.2346,3.2351,3.2306,3.2331,3.2396,3.2401,3.2356,3.2381,7
2026-03-12 23:56:00,3.2326,3.2326,3.2326,3.2326,3.2376,3.2376,3.2376,3.2376,1
2026-03-12 23:57:00,3.2331,3.2331,3.2326,3.2326,3.2381,3.2381,3.2376,3.2376,2
2026-03-12 23:58:00,3.2321,3.2321,3.2321,3.2321,3.2371,3.2371,3.2371,3.2371,1
2026-03-12 23:59:00,3.2311,3.2321,3.2311,3.2316,3.2361,3.2371,3.2361,3.2366,5
2026-03-13 00:00:00,3.2311,3.2331,3.2311,3.2331,3.2361,3.2381,3.2361,3.2381,4
2026-03-13 00:01:00,3.2326,3.2346,3.2326,3.2346,3.2376,3.2396,3.2376,3.2396,3
2026-03-13 00:02:00,3.2351,3.2351,3.2351,3.2351,3.2401,3.2401,3.2401,3.2401,1
2026-03-13 00:03:00,3.2346,3.2346,3.2346,3.2346,3.2396,3.2396,3.2396,3.2396,1
2026-03-13 00:04:00,3.2341,3.2341,3.2336,3.2336,3.2391,3.2391,3.2386,3.2386,2
2026-03-13 00:05:00,3.2341,3.2341,3.2331,3.2331,3.2391,3.2391,3.2381,3.2381,2
2026-03-13 00:06:00,3.2321,3.2321,3.2321,3.2321,3.2371,3.2371,3.2371,3.2371,1
2026-03-13 00:07:00,3.2326,3.2331,3.2316,3.2316,3.2376,3.2381,3.2366,3.2366,4
2026-03-13 00:08:00,3.2311,3.2316,3.2306,3.2316,3.2361,3.2366,3.2356,3.2366,4
2026-03-13 00:09:00,3.2326,3.2326,3.2321,3.2321,3.2376,3.2376,3.2371,3.2371,2
2026-03-13 00:10:00,3.2326,3.2326,3.2326,3.2326,3.2376,3.2376,3.2376,3.2376,1
2026-03-13 00:11:00,3.2331,3.2336,3.2331,3.2336,3.2381,3.2386,3.2381,3.2386,2
2026-03-13 00:12:00,3.2341,3.2341,3.2341,3.2341,3.2391,3.2391,3.2391,3.2391,1
2026-03-13 00:13:00,3.2336,3.2336,3.2331,3.2331,3.2386,3.2386,3.2381,3.2381,2
2026-03-13 00:14:00,3.2326,3.2326,3.2326,3.2326,3.2376,3.2376,3.2376,3.2376,1
2026-03-13 00:15:00,3.2311,3.2311,3.2311,3.2311,3.2361,3.2361,3.2361,3.2361,1
2026-03-13 00:16:00,3.2316,3.2331,3.2316,3.2331,3.2366,3.2381,3.2366,3.2381,2
2026-03-13 00:17:00,3.2321,3.2321,3.2321,3.2321,3.2371,3.2371,3.2371,3.2371,1
2026-03-13 00:18:00,3.2326,3.2326,3.2326,3.2326,3.2376,3.2376,3.2376,3.2376,1
2026-03-13 00:20:00,3.2331,3.2331,3.2331,3.2331,3.2381,3.2381,3.2381,3.2381,1
2026-03-13 00:21:00,3.2326,3.2326,3.2311,3.2311,3.2376,3.2376,3.2361,3.2361,3
2026-03-13 00:23:00,3.2306,3.2311,3.2306,3.2311,3.2356,3.2361,3.2356,3.2361,2
2026-03-13 00:25:00,3.2316,3.2316,3.2301,3.2311,3.2366,3.2366,3.2351,3.2361,5
2026-03-13 00:26:00,3.2316,3.2316,3.2316,3.2316,3.2366,3.2366,3.2366,3.2366,1
2026-03-13 00:27:00,3.2311,3.2311,3.2301,3.2301,3.2361,3.2361,3.2351,3.2351,2
2026-03-13 00:28:00,3.2296,3.2296,3.2286,3.2286,3.2346,3.2346,3.2336,3.2336,3
2026-03-13 00:30:00,3.2291,3.2291,3.2291,3.2291,3.2341,3.2341,3.2341,3.2341,1
2026-03-13 00:33:00,3.2301,3.2301,3.2301,3.2301,3.2351,3.2351,3.2351,3.2351,1
2026-03-13 00:34:00,3.2296,3.2296,3.2266,3.2271,3.2346,3.2346,3.2316,3.2321,5
2026-03-13 00:35:00,3.2266,3.2266,3.2266,3.2266,3.2316,3.2316,3.2316,3.2316,1
2026-03-13 00:36:00,3.2256,3.2256,3.2256,3.2256,3.2306,3.2306,3.2306,3.2306,1
2026-03-13 00:37:00,3.2266,3.2266,3.2266,3.2266,3.2316,3.2316,3.2316,3.2316,1
2026-03-13 00:38:00,3.2261,3.2261,3.2261,3.2261,3.2311,3.2311,3.2311,3.2311,1
2026-03-13 00:39:00,3.2271,3.2271,3.2271,3.2271,3.2321,3.2321,3.2321,3.2321,1
2026-03-13 00:40:00,3.2276,3.2281,3.2276,3.2281,3.2326,3.2331,3.2326,3.2331,2
2026-03-13 00:41:00,3.2286,3.2286,3.2286,3.2286,3.2336,3.2336,3.2336,3.2336,1
2026-03-13 00:42:00,3.2281,3.2281,3.2276,3.2281,3.2331,3.2331,3.2326,3.2331,3
2026-03-13 00:43:00,3.2271,3.2271,3.2271,3.2271,3.2321,3.2321,3.2321,3.2321,1
2026-03-13 00:45:00,3.2276,3.2276,3.2276,3.2276,3.2326,3.2326,3.2326,3.2326,1
2026-03-13 00:46:00,3.2271,3.2271,3.2271,3.2271,3.2321,3.2321,3.2321,3.2321,1
2026-03-13 00:47:00,3.2276,3.2286,3.2276,3.2286,3.2326,3.2336,3.2326,3.2336,2
2026-03-13 00:48:00,3.2281,3.2281,3.2281,3.2281,3.2331,3.2331,3.2331,3.2331,1
2026-03-13 00:50:00,3.2266,3.2266,3.2261,3.2261,3.2316,3.2316,3.2311,3.2311,2
2026-03-13 00:51:00,3.2251,3.2261,3.2251,3.2261,3.2301,3.2311,3.2301,3.2311,3
2026-03-13 00:52:00,3.2251,3.2271,3.2251,3.2271,3.2301,3.2321,3.2301,3.2321,3
2026-03-13 00:53:00,3.2276,3.2276,3.2266,3.2266,3.2326,3.2326,3.2316,3.2316,2
2026-03-13 00:54:00,3.2261,3.2266,3.2261,3.2261,3.2311,3.2316,3.2311,3.2311,3
2026-03-13 00:55:00,3.2256,3.2256,3.2256,3.2256,3.2306,3.2306,3.2306,3.2306,1
2026-03-13 00:56:00,3.2261,3.2291,3.2251,3.2281,3.2311,3.2341,3.2301,3.2331,10
2026-03-13 00:57:00,3.2276,3.2276,3.2261,3.2261,3.2326,3.2326,3.2311,3.2311,3
2026-03-13 00:58:00,3.2266,3.2266,3.2246,3.2256,3.2316,3.2316,3.2296,3.2306,6
2026-03-13 00:59:00,3.2251,3.2266,3.2251,3.2261,3.2301,3.2316,3.2301,3.2311,5
2026-03-13 01:00:00,3.2271,3.2276,3.2271,3.2271,3.2321,3.2326,3.2321,3.2321,3
2026-03-13 01:01:00,3.2256,3.2256,3.2236,3.2236,3.2306,3.2306,3.2286,3.2286,8
2026-03-13 01:02:00,3.2241,3.2256,3.2241,3.2256,3.2291,3.2306,3.2291,3.2306,4
2026-03-13 01:03:00,3.2261,3.2271,3.2261,3.2271,3.2311,3.2321,3.2311,3.2321,2
2026-03-13 01:04:00,3.2286,3.2286,3.2241,3.2241,3.2336,3.2336,3.2291,3.2291,7
2026-03-13 01:05:00,3.2246,3.2261,3.2246,3.2261,3.2296,3.2311,3.2296,3.2311,3
2026-03-13 01:06:00,3.2266,3.2276,3.2266,3.2276,3.2316,3.2326,3.2316,3.2326,5
2026-03-13 01:07:00,3.2271,3.2271,3.2271,3.2271,3.2321,3.2321,3.2321,3.2321,1
2026-03-13 01:08:00,3.2276,3.2276,3.2271,3.2271,3.2326,3.2326,3.2321,3.2321,2
2026-03-13 01:09:00,3.2261,3.2261,3.2251,3.2251,3.2311,3.2311,3.2301,3.2301,2
2026-03-13 01:10:00,3.2246,3.2246,3.2246,3.2246,3.2296,3.2296,3.2296,3.2296,1
2026-03-13 01:11:00,3.2236,3.2246,3.2236,3.2246,3.2286,3.2296,3.2286,3.2296,2
2026-03-13 01:12:00,3.2251,3.2261,3.2246,3.2246,3.2301,3.2311,3.2296,3.2296,5
2026-03-13 01:13:00,3.2251,3.2251,3.2246,3.2246,3.2301,3.2301,3.2296,3.2296,2
2026-03-13 01:14:00,3.2236,3.2236,3.2186,3.2191,3.2286,3.2286,3.2236,3.2241,15
2026-03-13 01:15:00,3.2186,3.2196,3.2176,3.2196,3.2236,3.2246,3.2226,3.2246,7
2026-03-13 01:16:00,3.2191,3.2191,3.2176,3.2176,3.2241,3.2241,3.2226,3.2226,3
2026-03-13 01:17:00,3.2166,3.2166,3.2096,3.2111,3.2216,3.2216,3.2146,3.2161,15
2026-03-13 01:18:00,3.2106,3.2106,3.2091,3.2101,3.2156,3.2156,3.2141,3.2151,3
2026-03-13 01:19:00,3.2086,3.2116,3.2086,3.2116,3.2136,3.2166,3.2136,3.2166,5
2026-03-13 01:20:00,3.2121,3.2191,3.2121,3.2186,3.2171,3.2241,3.2171,3.2236,15
2026-03-13 01:21:00,3.2181,3.2181,3.2166,3.2166,3.2231,3.2231,3.2216,3.2216,3
2026-03-13 01:22:00,3.2171,3.2181,3.2161,3.2181,3.2221,3.2231,3.2211,3.2231,3
2026-03-13 01:23:00,3.2176,3.2196,3.2171,3.2186,3.2226,3.2246,3.2221,3.2236,7
2026-03-13 01:24:00,3.2181,3.2181,3.2181,3.2181,3.2231,3.2231,3.2231,3.2231,1
2026-03-13 01:26:00,3.2186,3.2186,3.2161,3.2161,3.2236,3.2236,3.2211,3.2211,4
2026-03-13 01:27:00,3.2166,3.2166,3.2126,3.2126,3.2216,3.2216,3.2176,3.2176,6
2026-03-13 01:28:00,3.2131,3.2161,3.2131,3.2161,3.2181,3.2211,3.2181,3.2211,6
2026-03-13 01:29:00,3.2151,3.2196,3.2151,3.2176,3.2201,3.2246,3.2201,3.2226,9
2026-03-13 01:30:00,3.2186,3.2186,3.2176,3.2181,3.2236,3.2236,3.2226,3.2231,3
2026-03-13 01:32:00,3.2176,3.2176,3.2171,3.2171,3.2226,3.2226,3.2221,3.2221,2
2026-03-13 01:33:00,3.2176,3.2176,3.2176,3.2176,3.2226,3.2226,3.2226,3.2226,1
2026-03-13 01:34:00,3.2181,3.2181,3.2176,3.2176,3.2231,3.2231,3.2226,3.2226,2
2026-03-13 01:35:00,3.2181,3.2181,3.2171,3.2171,3.2231,3.2231,3.2221,3.2221,3
2026-03-13 01:36:00,3.2166,3.2171,3.2166,3.2166,3.2216,3.2221,3.2216,3.2216,3
2026-03-13 01:37:00,3.2161,3.2286,3.2161,3.2251,3.2211,3.2336,3.2211,3.2301,23
2026-03-13 01:38:00,3.2256,3.2256,3.2251,3.2251,3.2306,3.2306,3.2301,3.2301,2
2026-03-13 01:39:00,3.2261,3.2276,3.2261,3.2271,3.2311,3.2326,3.2311,3.2321,3
2026-03-13 01:40:00,3.2256,3.2256,3.2256,3.2256,3.2306,3.2306,3.2306,3.2306,1
2026-03-13 01:41:00,3.2251,3.2261,3.2251,3.2261,3.2301,3.2311,3.2301,3.2311,3
2026-03-13 01:42:00,3.2266,3.2276,3.2266,3.2276,3.2316,3.2326,3.2316,3.2326,5
2026-03-13 01:44:00,3.2271,3.2311,3.2271,3.2301,3.2321,3.2361,3.2321,3.2351,6
2026-03-13 01:45:00,3.2316,3.2336,3.2311,3.2326,3.2366,3.2386,3.2361,3.2376,9
2026-03-13 01:46:00,3.2331,3.2331,3.2331,3.2331,3.2381,3.2381,3.2381,3.2381,1
2026-03-13 01:47:00,3.2336,3.2346,3.2336,3.2341,3.2386,3.2396,3.2386,3.2391,3
2026-03-13 01:48:00,3.2346,3.2366,3.2331,3.2336,3.2396,3.2416,3.2381,3.2386,11
2026-03-13 01:49:00,3.2341,3.2341,3.2336,3.2341,3.2391,3.2391,3.2386,3.2391,3
2026-03-13 01:50:00,3.2336,3.2336,3.2336,3.2336,3.2386,3.2386,3.2386,3.2386,1
2026-03-13 01:51:00,3.2331,3.2331,3.2316,3.2316,3.2381,3.2381,3.2366,3.2366,8
2026-03-13 01:52:00,3.2326,3.2346,3.2326,3.2346,3.2376,3.2396,3.2376,3.2396,4
2026-03-13 01:53:00,3.2341,3.2351,3.2341,3.2346,3.2391,3.2401,3.2391,3.2396,4
2026-03-13 01:54:00,3.2341,3.2341,3.2306,3.2311,3.2391,3.2391,3.2356,3.2361,5
2026-03-13 01:55:00,3.2306,3.2306,3.2296,3.2301,3.2356,3.2356,3.2346,3.2351,3
2026-03-13 01:56:00,3.2291,3.2306,3.2281,3.2286,3.2341,3.2356,3.2331,3.2336,9
2026-03-13 01:57:00,3.2306,3.2306,3.2306,3.2306,3.2356,3.2356,3.2356,3.2356,1
2026-03-13 01:58:00,3.2301,3.2301,3.2301,3.2301,3.2351,3.2351,3.2351,3.2351,1
2026-03-13 01:59:00,3.2306,3.2311,3.2301,3.2311,3.2356,3.2361,3.2351,3.2361,6
2026-03-13 02:00:00,3.2301,3.2301,3.2281,3.2281,3.2351,3.2351,3.2331,3.2331,6
2026-03-13 02:02:00,3.2286,3.2311,3.2271,3.2271,3.2336,3.2361,3.2321,3.2321,13
2026-03-13 02:03:00,3.2291,3.2301,3.2291,3.2291,3.2341,3.2351,3.2341,3.2341,4
2026-03-13 02:04:00,3.2296,3.2301,3.2291,3.2301,3.2346,3.2351,3.2341,3.2351,4
2026-03-13 02:05:00,3.2311,3.2311,3.2291,3.2291,3.2361,3.2361,3.2341,3.2341,5
2026-03-13 02:07:00,3.2281,3.2281,3.2256,3.2261,3.2331,3.2331,3.2306,3.2311,15
2026-03-13 02:08:00,3.2256,3.2256,3.2221,3.2236,3.2306,3.2306,3.2271,3.2286,18
2026-03-13 02:09:00,3.2231,3.2241,3.2226,3.2241,3.2281,3.2291,3.2276,3.2291,4
2026-03-13 02:11:00,3.2246,3.2256,3.2236,3.2241,3.2296,3.2306,3.2286,3.2291,5
2026-03-13 02:12:00,3.2236,3.2236,3.2236,3.2236,3.2286,3.2286,3.2286,3.2286,1
2026-03-13 02:13:00,3.2241,3.2286,3.2241,3.2266,3.2291,3.2336,3.2291,3.2316,15
2026-03-13 02:14:00,3.2261,3.2276,3.2256,3.2276,3.2311,3.2326,3.2306,3.2326,6
2026-03-13 02:15:00,3.2281,3.2286,3.2271,3.2276,3.2331,3.2336,3.2321,3.2326,8
2026-03-13 02:16:00,3.2281,3.2281,3.2281,3.2281,3.2331,3.2331,3.2331,3.2331,1
2026-03-13 02:17:00,3.2276,3.2276,3.2271,3.2271,3.2326,3.2326,3.2321,3.2321,2
2026-03-13 02:20:00,3.2266,3.2281,3.2266,3.2271,3.2316,3.2331,3.2316,3.2321,4
2026-03-13 02:21:00,3.2281,3.2281,3.2281,3.2281,3.2331,3.2331,3.2331,3.2331,1
2026-03-13 02:22:00,3.2286,3.2306,3.2286,3.2306,3.2336,3.2356,3.2336,3.2356,3
2026-03-13 02:23:00,3.2316,3.2336,3.2301,3.2306,3.2366,3.2386,3.2351,3.2356,14
2026-03-13 02:24:00,3.2311,3.2311,3.2306,3.2306,3.2361,3.2361,3.2356,3.2356,2
2026-03-13 02:25:00,3.2296,3.2296,3.2276,3.2276,3.2346,3.2346,3.2326,3.2326,4
2026-03-13 02:26:00,3.2281,3.2281,3.2266,3.2266,3.2331,3.2331,3.2316,3.2316,2
2026-03-13 02:27:00,3.2261,3.2281,3.2256,3.2281,3.2311,3.2331,3.2306,3.2331,6
2026-03-13 02:28:00,3.2286,3.2286,3.2276,3.2276,3.2336,3.2336,3.2326,3.2326,3
2026-03-13 02:29:00,3.2281,3.2281,3.2251,3.2251,3.2331,3.2331,3.2301,3.2301,4
2026-03-13 02:30:00,3.2246,3.2246,3.2236,3.2241,3.2296,3.2296,3.2286,3.2291,6
2026-03-13 02:31:00,3.2236,3.2261,3.2236,3.2261,3.2286,3.2311,3.2286,3.2311,6
2026-03-13 02:32:00,3.2271,3.2281,3.2271,3.2276,3.2321,3.2331,3.2321,3.2326,3
2026-03-13 02:33:00,3.2281,3.2301,3.2276,3.2286,3.2331,3.2351,3.2326,3.2336,5
2026-03-13 02:34:00,3.2281,3.2291,3.2281,3.2291,3.2331,3.2341,3.2331,3.2341,3
2026-03-13 02:35:00,3.2281,3.2281,3.2281,3.2281,3.2331,3.2331,3.2331,3.2331,1
2026-03-13 02:36:00,3.2286,3.2286,3.2281,3.2286,3.2336,3.2336,3.2331,3.2336,3
2026-03-13 02:37:00,3.2291,3.2291,3.2291,3.2291,3.2341,3.2341,3.2341,3.2341,1
2026-03-13 02:39:00,3.2286,3.2286,3.2276,3.2276,3.2336,3.2336,3.2326,3.2326,2
2026-03-13 02:40:00,3.2266,3.2286,3.2266,3.2286,3.2316,3.2336,3.2316,3.2336,5
2026-03-13 02:42:00,3.2301,3.2336,3.2301,3.2336,3.2351,3.2386,3.2351,3.2386,7
2026-03-13 02:43:00,3.2346,3.2376,3.2336,3.2336,3.2396,3.2426,3.2386,3.2386,10
2026-03-13 02:44:00,3.2331,3.2331,3.2321,3.2331,3.2381,3.2381,3.2371,3.2381,4
2026-03-13 02:45:00,3.2336,3.2356,3.2336,3.2356,3.2386,3.2406,3.2386,3.2406,6
2026-03-13 02:47:00,3.2366,3.2366,3.2336,3.2351,3.2416,3.2416,3.2386,3.2401,5
2026-03-13 02:48:00,3.2341,3.2351,3.2331,3.2351,3.2391,3.2401,3.2381,3.2401,6
2026-03-13 02:51:00,3.2356,3.2396,3.2356,3.2386,3.2406,3.2446,3.2406,3.2436,10
2026-03-13 02:52:00,3.2391,3.2391,3.2391,3.2391,3.2441,3.2441,3.2441,3.2441,1
2026-03-13 02:53:00,3.2381,3.2401,3.2381,3.2401,3.2431,3.2451,3.2431,3.2451,5
2026-03-13 02:54:00,3.2396,3.2406,3.2386,3.2391,3.2446,3.2456,3.2436,3.2441,7
2026-03-13 02:55:00,3.2396,3.2401,3.2376,3.2376,3.2446,3.2451,3.2426,3.2426,7
2026-03-13 02:57:00,3.2371,3.2376,3.2371,3.2376,3.2421,3.2426,3.2421,3.2426,2
2026-03-13 02:58:00,3.2371,3.2386,3.2346,3.2346,3.2421,3.2436,3.2396,3.2396,7
2026-03-13 02:59:00,3.2341,3.2341,3.2296,3.2341,3.2391,3.2391,3.2346,3.2391,21
2026-03-13 03:00:00,3.2346,3.2371,3.2346,3.2371,3.2396,3.2421,3.2396,3.2421,7
2026-03-13 03:01:00,3.2376,3.2386,3.2376,3.2381,3.2426,3.2436,3.2426,3.2431,3
2026-03-13 03:02:00,3.2376,3.2381,3.2366,3.2376,3.2426,3.2431,3.2416,3.2426,10
2026-03-13 03:03:00,3.2371,3.2371,3.2371,3.2371,3.2421,3.2421,3.2421,3.2421,1
2026-03-13 03:04:00,3.2366,3.2371,3.2366,3.2371,3.2416,3.2421,3.2416,3.2421,10
2026-03-13 03:05:00,3.2376,3.2381,3.2371,3.2376,3.2426,3.2431,3.2421,3.2426,5
2026-03-13 03:06:00,3.2371,3.2371,3.2371,3.2371,3.2421,3.2421,3.2421,3.2421,1
2026-03-13 03:07:00,3.2376,3.2386,3.2371,3.2381,3.2426,3.2436,3.2421,3.2431,6
2026-03-13 03:08:00,3.2376,3.2381,3.2376,3.2381,3.2426,3.2431,3.2426,3.2431,2
2026-03-13 03:09:00,3.2386,3.2386,3.2386,3.2386,3.2436,3.2436,3.2436,3.2436,1
2026-03-13 03:10:00,3.2396,3.2411,3.2396,3.2406,3.2446,3.2461,3.2446,3.2456,17
2026-03-13 03:11:00,3.2411,3.2411,3.2406,3.2411,3.2461,3.2461,3.2456,3.2461,3
2026-03-13 03:12:00,3.2416,3.2426,3.2416,3.2426,3.2466,3.2476,3.2466,3.2476,2
2026-03-13 03:13:00,3.2431,3.2436,3.2431,3.2436,3.2481,3.2486,3.2481,3.2486,2
2026-03-13 03:14:00,3.2426,3.2426,3.2376,3.2376,3.2476,3.2476,3.2426,3.2426,10
2026-03-13 03:15:00,3.2371,3.2371,3.2371,3.2371,3.2421,3.2421,3.2421,3.2421,1
2026-03-13 03:16:00,3.2361,3.2361,3.2351,3.2361,3.2411,3.2411,3.2401,3.2411,3
2026-03-13 03:17:00,3.2356,3.2356,3.2301,3.2331,3.2406,3.2406,3.2351,3.2381,20
2026-03-13 03:18:00,3.2321,3.2326,3.2321,3.2321,3.2371,3.2376,3.2371,3.2371,3
2026-03-13 03:19:00,3.2326,3.2356,3.2326,3.2351,3.2376,3.2406,3.2376,3.2401,9
2026-03-13 03:20:00,3.2346,3.2346,3.2341,3.2341,3.2396,3.2396,3.2391,3.2391,2
2026-03-13 03:21:00,3.2346,3.2346,3.2336,3.2346,3.2396,3.2396,3.2386,3.2396,6
2026-03-13 03:22:00,3.2341,3.2341,3.2341,3.2341,3.2391,3.2391,3.2391,3.2391,1
2026-03-13 03:23:00,3.2336,3.2336,3.2336,3.2336,3.2386,3.2386,3.2386,3.2386,1
2026-03-13 03:24:00,3.2341,3.2341,3.2341,3.2341,3.2391,3.2391,3.2391,3.2391,1
2026-03-13 03:25:00,3.2346,3.2361,3.2346,3.2361,3.2396,3.2411,3.2396,3.2411,4
2026-03-13 03:28:00,3.2356,3.2356,3.2356,3.2356,3.2406,3.2406,3.2406,3.2406,1
2026-03-13 03:29:00,3.2361,3.2406,3.2361,3.2401,3.2411,3.2456,3.2411,3.2451,10
2026-03-13 03:30:00,3.2396,3.2421,3.2396,3.2411,3.2446,3.2471,3.2446,3.2461,11
2026-03-13 03:31:00,3.2406,3.2451,3.2396,3.2441,3.2456,3.2501,3.2446,3.2491,21
2026-03-13 03:32:00,3.2436,3.2436,3.2436,3.2436,3.2486,3.2486,3.2486,3.2486,1
2026-03-13 03:33:00,3.2431,3.2431,3.2411,3.2421,3.2481,3.2481,3.2461,3.2471,6
2026-03-13 03:34:00,3.2416,3.2421,3.2411,3.2411,3.2466,3.2471,3.2461,3.2461,3
2026-03-13 03:35:00,3.2416,3.2426,3.2416,3.2416,3.2466,3.2476,3.2466,3.2466,5
2026-03-13 03:36:00,3.2421,3.2426,3.2421,3.2426,3.2471,3.2476,3.2471,3.2476,2
2026-03-13 03:37:00,3.2421,3.2431,3.2421,3.2421,3.2471,3.2481,3.2471,3.2471,3
2026-03-13 03:38:00,3.2426,3.2431,3.2426,3.2431,3.2476,3.2481,3.2476,3.2481,2
2026-03-13 03:39:00,3.2426,3.2471,3.2426,3.2466,3.2476,3.2521,3.2476,3.2516,12
2026-03-13 03:40:00,3.2461,3.2461,3.2461,3.2461,3.2511,3.2511,3.2511,3.2511,1
2026-03-13 03:41:00,3.2451,3.2451,3.2426,3.2431,3.2501,3.2501,3.2476,3.2481,5
2026-03-13 03:42:00,3.2441,3.2451,3.2441,3.2451,3.2491,3.2501,3.2491,3.2501,2
2026-03-13 03:43:00,3.2456,3.2456,3.2456,3.2456,3.2506,3.2506,3.2506,3.2506,1
2026-03-13 03:44:00,3.2461,3.2461,3.2451,3.2461,3.2511,3.2511,3.2501,3.2511,3
2026-03-13 03:45:00,3.2456,3.2476,3.2451,3.2471,3.2506,3.2526,3.2501,3.2521,4
2026-03-13 03:46:00,3.2466,3.2466,3.2436,3.2451,3.2516,3.2516,3.2486,3.2501,7
2026-03-13 03:47:00,3.2461,3.2461,3.2461,3.2461,3.2511,3.2511,3.2511,3.2511,1
2026-03-13 03:49:00,3.2456,3.2456,3.2451,3.2451,3.2506,3.2506,3.2501,3.2501,4
2026-03-13 03:50:00,3.2461,3.2466,3.2461,3.2461,3.2511,3.2516,3.2511,3.2511,3
2026-03-13 03:51:00,3.2446,3.2446,3.2441,3.2441,3.2496,3.2496,3.2491,3.2491,2
2026-03-13 03:52:00,3.2446,3.2446,3.2446,3.2446,3.2496,3.2496,3.2496,3.2496,1
2026-03-13 03:55:00,3.2441,3.2441,3.2426,3.2426,3.2491,3.2491,3.2476,3.2476,2
2026-03-13 03:56:00,3.2421,3.2421,3.2421,3.2421,3.2471,3.2471,3.2471,3.2471,1
2026-03-13 03:57:00,3.2431,3.2436,3.2426,3.2426,3.2481,3.2486,3.2476,3.2476,9
2026-03-13 03:58:00,3.2431,3.2431,3.2421,3.2431,3.2481,3.2481,3.2471,3.2481,3
2026-03-13 03:59:00,3.2426,3.2441,3.2426,3.2436,3.2476,3.2491,3.2476,3.2486,4
2026-03-13 04:00:00,3.2446,3.2446,3.2431,3.2441,3.2496,3.2496,3.2481,3.2491,6
2026-03-13 04:02:00,3.2436,3.2441,3.2431,3.2431,3.2486,3.2491,3.2481,3.2481,3
2026-03-13 04:03:00,3.2436,3.2451,3.2436,3.2441,3.2486,3.2501,3.2486,3.2491,4
2026-03-13 04:06:00,3.2446,3.2461,3.2446,3.2456,3.2496,3.2511,3.2496,3.2506,7
2026-03-13 04:07:00,3.2451,3.2466,3.2446,3.2451,3.2501,3.2516,3.2496,3.2501,6
2026-03-13 04:08:00,3.2461,3.2461,3.2461,3.2461,3.2511,3.2511,3.2511,3.2511,1
2026-03-13 04:10:00,3.2456,3.2466,3.2456,3.2466,3.2506,3.2516,3.2506,3.2516,2
2026-03-13 04:11:00,3.2461,3.2461,3.2456,3.2456,3.2511,3.2511,3.2506,3.2506,2
2026-03-13 04:12:00,3.2451,3.2456,3.2451,3.2456,3.2501,3.2506,3.2501,3.2506,2
2026-03-13 04:13:00,3.2461,3.2466,3.2461,3.2466,3.2511,3.2516,3.2511,3.2516,2
2026-03-13 04:14:00,3.2471,3.2471,3.2471,3.2471,3.2521,3.2521,3.2521,3.2521,1
2026-03-13 04:17:00,3.2461,3.2461,3.2461,3.2461,3.2511,3.2511,3.2511,3.2511,1
2026-03-13 04:18:00,3.2471,3.2471,3.2451,3.2451,3.2521,3.2521,3.2501,3.2501,3
2026-03-13 04:19:00,3.2441,3.2441,3.2441,3.2441,3.2491,3.2491,3.2491,3.2491,1
2026-03-13 04:20:00,3.2436,3.2446,3.2436,3.2446,3.2486,3.2496,3.2486,3.2496,5
2026-03-13 04:21:00,3.2456,3.2456,3.2406,3.2416,3.2506,3.2506,3.2456,3.2466,13
2026-03-13 04:22:00,3.2411,3.2426,3.2406,3.2411,3.2461,3.2476,3.2456,3.2461,7
2026-03-13 04:23:00,3.2406,3.2406,3.2406,3.2406,3.2456,3.2456,3.2456,3.2456,1
2026-03-13 04:24:00,3.2401,3.2416,3.2396,3.2396,3.2451,3.2466,3.2446,3.2446,8
2026-03-13 04:25:00,3.2401,3.2411,3.2401,3.2411,3.2451,3.2461,3.2451,3.2461,3
2026-03-13 04:26:00,3.2406,3.2426,3.2406,3.2426,3.2456,3.2476,3.2456,3.2476,4
2026-03-13 04:28:00,3.2436,3.2436,3.2406,3.2411,3.2486,3.2486,3.2456,3.2461,14
2026-03-13 04:29:00,3.2416,3.2416,3.2396,3.2396,3.2466,3.2466,3.2446,3.2446,3
2026-03-13 04:30:00,3.2391,3.2406,3.2371,3.2376,3.2441,3.2456,3.2421,3.2426,30
2026-03-13 04:31:00,3.2381,3.2431,3.2366,3.2431,3.2431,3.2481,3.2416,3.2481,14
2026-03-13 04:32:00,3.2426,3.2431,3.2406,3.2406,3.2476,3.2481,3.2456,3.2456,18
2026-03-13 04:33:00,3.2401,3.2416,3.2356,3.2361,3.2451,3.2466,3.2406,3.2411,17
2026-03-13 04:34:00,3.2371,3.2371,3.2271,3.2301,3.2421,3.2421,3.2321,3.2351,45
2026-03-13 04:35:00,3.2306,3.2351,3.2306,3.2341,3.2356,3.2401,3.2356,3.2391,28
2026-03-13 04:36:00,3.2331,3.2341,3.2326,3.2331,3.2381,3.2391,3.2376,3.2381,7
2026-03-13 04:37:00,3.2326,3.2341,3.2316,3.2336,3.2376,3.2391,3.2366,3.2386,11
2026-03-13 04:38:00,3.2331,3.2356,3.2331,3.2346,3.2381,3.2406,3.2381,3.2396,6
2026-03-13 04:39:00,3.2341,3.2371,3.2341,3.2371,3.2391,3.2421,3.2391,3.2421,8
2026-03-13 04:40:00,3.2366,3.2366,3.2346,3.2346,3.2416,3.2416,3.2396,3.2396,7
2026-03-13 04:41:00,3.2331,3.2346,3.2331,3.2336,3.2381,3.2396,3.2381,3.2386,10
2026-03-13 04:42:00,3.2341,3.2341,3.2276,3.2276,3.2391,3.2391,3.2326,3.2326,14
2026-03-13 04:43:00,3.2266,3.2296,3.2266,3.2281,3.2316,3.2346,3.2316,3.2331,15
2026-03-13 04:44:00,3.2276,3.2291,3.2276,3.2286,3.2326,3.2341,3.2326,3.2336,11
2026-03-13 04:45:00,3.2291,3.2311,3.2286,3.2306,3.2341,3.2361,3.2336,3.2356,8
2026-03-13 04:46:00,3.2301,3.2301,3.2266,3.2271,3.2351,3.2351,3.2316,3.2321,13
2026-03-13 04:47:00,3.2266,3.2276,3.2256,3.2261,3.2316,3.2326,3.2306,3.2311,16
2026-03-13 04:48:00,3.2256,3.2256,3.2236,3.2256,3.2306,3.2306,3.2286,3.2306,14
2026-03-13 04:49:00,3.2266,3.2281,3.2261,3.2276,3.2316,3.2331,3.2311,3.2326,10
2026-03-13 04:50:00,3.2266,3.2271,3.2266,3.2266,3.2316,3.2321,3.2316,3.2316,3
2026-03-13 04:51:00,3.2276,3.2281,3.2276,3.2281,3.2326,3.2331,3.2326,3.2331,4
2026-03-13 04:52:00,3.2276,3.2276,3.2276,3.2276,3.2326,3.2326,3.2326,3.2326,1
2026-03-13 04:53:00,3.2271,3.2271,3.2271,3.2271,3.2321,3.2321,3.2321,3.2321,1
2026-03-13 04:54:00,3.2266,3.2266,3.2266,3.2266,3.2316,3.2316,3.2316,3.2316,1
2026-03-13 04:55:00,3.2276,3.2341,3.2276,3.2331,3.2326,3.2391,3.2326,3.2381,9
2026-03-13 04:56:00,3.2336,3.2336,3.2331,3.2336,3.2386,3.2386,3.2381,3.2386,3
2026-03-13 04:57:00,3.2326,3.2326,3.2316,3.2316,3.2376,3.2376,3.2366,3.2366,2
2026-03-13 04:58:00,3.2306,3.2311,3.2306,3.2311,3.2356,3.2361,3.2356,3.2361,2
2026-03-13 04:59:00,3.2306,3.2311,3.2301,3.2301,3.2356,3.2361,3.2351,3.2351,5
2026-03-13 05:00:00,3.2311,3.2331,3.2306,3.2306,3.2361,3.2381,3.2356,3.2356,7
2026-03-13 05:01:00,3.2316,3.2316,3.2256,3.2256,3.2366,3.2366,3.2306,3.2306,9
2026-03-13 05:02:00,3.2261,3.2261,3.2251,3.2256,3.2311,3.2311,3.2301,3.2306,3
2026-03-13 05:03:00,3.2266,3.2266,3.2251,3.2256,3.2316,3.2316,3.2301,3.2306,3
2026-03-13 05:04:00,3.2251,3.2251,3.2251,3.2251,3.2301,3.2301,3.2301,3.2301,1
2026-03-13 05:05:00,3.2246,3.2246,3.2236,3.2236,3.2296,3.2296,3.2286,3.2286,4
2026-03-13 05:06:00,3.2246,3.2251,3.2241,3.2241,3.2296,3.2301,3.2291,3.2291,3
2026-03-13 05:07:00,3.2251,3.2251,3.2226,3.2236,3.2301,3.2301,3.2276,3.2286,5
2026-03-13 05:08:00,3.2241,3.2241,3.2241,3.2241,3.2291,3.2291,3.2291,3.2291,1
2026-03-13 05:09:00,3.2246,3.2246,3.2246,3.2246,3.2296,3.2296,3.2296,3.2296,1
2026-03-13 05:10:00,3.2241,3.2241,3.2236,3.2241,3.2291,3.2291,3.2286,3.2291,3
2026-03-13 05:12:00,3.2236,3.2251,3.2236,3.2251,3.2286,3.2301,3.2286,3.2301,5
2026-03-13 05:13:00,3.2266,3.2286,3.2266,3.2281,3.2316,3.2336,3.2316,3.2331,5
2026-03-13 05:14:00,3.2271,3.2271,3.2256,3.2256,3.2321,3.2321,3.2306,3.2306,3
2026-03-13 05:15:00,3.2261,3.2261,3.2246,3.2261,3.2311,3.2311,3.2296,3.2311,13
2026-03-13 05:16:00,3.2256,3.2261,3.2231,3.2251,3.2306,3.2311,3.2281,3.2301,18
2026-03-13 05:17:00,3.2261,3.2281,3.2261,3.2276,3.2311,3.2331,3.2311,3.2326,5
2026-03-13 05:18:00,3.2271,3.2286,3.2271,3.2286,3.2321,3.2336,3.2321,3.2336,2
2026-03-13 05:19:00,3.2291,3.2301,3.2291,3.2296,3.2341,3.2351,3.2341,3.2346,4
2026-03-13 05:20:00,3.2291,3.2301,3.2291,3.2291,3.2341,3.2351,3.2341,3.2341,4
2026-03-13 05:21:00,3.2296,3.2306,3.2291,3.2291,3.2346,3.2356,3.2341,3.2341,5
2026-03-13 05:22:00,3.2296,3.2301,3.2296,3.2301,3.2346,3.2351,3.2346,3.2351,2
2026-03-13 05:23:00,3.2316,3.2316,3.2246,3.2261,3.2366,3.2366,3.2296,3.2311,10
2026-03-13 05:24:00,3.2256,3.2261,3.2246,3.2261,3.2306,3.2311,3.2296,3.2311,3
2026-03-13 05:25:00,3.2281,3.2291,3.2276,3.2281,3.2331,3.2341,3.2326,3.2331,4
2026-03-13 05:26:00,3.2276,3.2276,3.2276,3.2276,3.2326,3.2326,3.2326,3.2326,1
2026-03-13 05:27:00,3.2271,3.2271,3.2271,3.2271,3.2321,3.2321,3.2321,3.2321,1
2026-03-13 05:28:00,3.2281,3.2291,3.2276,3.2291,3.2331,3.2341,3.2326,3.2341,4
2026-03-13 05:29:00,3.2281,3.2281,3.2261,3.2281,3.2331,3.2331,3.2311,3.2331,9
2026-03-13 05:30:00,3.2286,3.2306,3.2286,3.2306,3.2336,3.2356,3.2336,3.2356,4
2026-03-13 05:31:00,3.2316,3.2331,3.2306,3.2326,3.2366,3.2381,3.2356,3.2376,6
2026-03-13 05:32:00,3.2331,3.2371,3.2326,3.2361,3.2381,3.2421,3.2376,3.2411,13
2026-03-13 05:34:00,3.2366,3.2391,3.2366,3.2386,3.2416,3.2441,3.2416,3.2436,7
2026-03-13 05:35:00,3.2396,3.2396,3.2396,3.2396,3.2446,3.2446,3.2446,3.2446,1
2026-03-13 05:36:00,3.2401,3.2406,3.2391,3.2406,3.2451,3.2456,3.2441,3.2456,5
2026-03-13 05:37:00,3.2411,3.2416,3.2406,3.2416,3.2461,3.2466,3.2456,3.2466,5
2026-03-13 05:38:00,3.2431,3.2431,3.2426,3.2426,3.2481,3.2481,3.2476,3.2476,2
2026-03-13 05:39:00,3.2436,3.2466,3.2436,3.2466,3.2486,3.2516,3.2486,3.2516,9
2026-03-13 05:40:00,3.2486,3.2506,3.2451,3.2451,3.2536,3.2556,3.2501,3.2501,17
2026-03-13 05:41:00,3.2456,3.2486,3.2456,3.2461,3.2506,3.2536,3.2506,3.2511,17
2026-03-13 05:42:00,3.2456,3.2456,3.2436,3.2446,3.2506,3.2506,3.2486,3.2496,8
2026-03-13 05:43:00,3.2441,3.2471,3.2441,3.2466,3.2491,3.2521,3.2491,3.2516,8
2026-03-13 05:44:00,3.2471,3.2471,3.2461,3.2471,3.2521,3.2521,3.2511,3.2521,5
2026-03-13 05:45:00,3.2466,3.2491,3.2456,3.2491,3.2516,3.2541,3.2506,3.2541,8
2026-03-13 05:46:00,3.2496,3.2501,3.2486,3.2496,3.2546,3.2551,3.2536,3.2546,7
2026-03-13 05:47:00,3.2506,3.2506,3.2476,3.2486,3.2556,3.2556,3.2526,3.2536,7
2026-03-13 05:49:00,3.2491,3.2501,3.2491,3.2496,3.2541,3.2551,3.2541,3.2546,4
2026-03-13 05:50:00,3.2506,3.2511,3.2506,3.2511,3.2556,3.2561,3.2556,3.2561,2
2026-03-13 05:51:00,3.2516,3.2526,3.2516,3.2516,3.2566,3.2576,3.2566,3.2566,9
2026-03-13 05:52:00,3.2521,3.2546,3.2476,3.2476,3.2571,3.2596,3.2526,3.2526,33
2026-03-13 05:53:00,3.2486,3.2501,3.2466,3.2501,3.2536,3.2551,3.2516,3.2551,10
2026-03-13 05:54:00,3.2511,3.2511,3.2506,3.2506,3.2561,3.2561,3.2556,3.2556,2
2026-03-13 05:55:00,3.2521,3.2521,3.2511,3.2516,3.2571,3.2571,3.2561,3.2566,5
2026-03-13 05:56:00,3.2521,3.2521,3.2511,3.2516,3.2571,3.2571,3.2561,3.2566,5
2026-03-13 05:57:00,3.2521,3.2666,3.2521,3.2656,3.2571,3.2716,3.2571,3.2706,57
2026-03-13 05:58:00,3.2666,3.2676,3.2636,3.2651,3.2716,3.2726,3.2686,3.2701,13
2026-03-13 05:59:00,3.2656,3.2676,3.2636,3.2666,3.2706,3.2726,3.2686,3.2716,15
2026-03-13 06:00:00,3.2686,3.2736,3.2686,3.2726,3.2736,3.2786,3.2736,3.2776,16
2026-03-13 06:01:00,3.2731,3.2761,3.2716,3.2736,3.2781,3.2811,3.2766,3.2786,25
2026-03-13 06:02:00,3.2741,3.2816,3.2736,3.2806,3.2791,3.2866,3.2786,3.2856,28
2026-03-13 06:03:00,3.2816,3.2836,3.2806,3.2821,3.2866,3.2886,3.2856,3.2871,15
2026-03-13 06:04:00,3.2826,3.2961,3.2826,3.2926,3.2876,3.3011,3.2876,3.2976,38
2026-03-13 06:05:00,3.2921,3.2936,3.2896,3.2926,3.2971,3.2986,3.2946,3.2976,27
2026-03-13 06:06:00,3.2921,3.2926,3.2896,3.2916,3.2971,3.2976,3.2946,3.2966,20
2026-03-13 06:07:00,3.2921,3.2936,3.2886,3.2926,3.2971,3.2986,3.2936,3.2976,38
2026-03-13 06:08:00,3.2921,3.2931,3.2891,3.2931,3.2971,3.2981,3.2941,3.2981,25
2026-03-13 06:09:00,3.2936,3.2936,3.2916,3.2916,3.2986,3.2986,3.2966,3.2966,7
2026-03-13 06:10:00,3.2911,3.2911,3.2886,3.2886,3.2961,3.2961,3.2936,3.2936,11
2026-03-13 06:11:00,3.2881,3.2906,3.2876,3.2886,3.2931,3.2956,3.2926,3.2936,17
2026-03-13 06:12:00,3.2896,3.2946,3.2896,3.2926,3.2946,3.2996,3.2946,3.2976,16
2026-03-13 06:13:00,3.2931,3.2981,3.2931,3.2976,3.2981,3.3031,3.2981,3.3026,21
2026-03-13 06:14:00,3.2981,3.2996,3.2971,3.2976,3.3031,3.3046,3.3021,3.3026,23
2026-03-13 06:15:00,3.2971,3.2986,3.2971,3.2971,3.3021,3.3036,3.3021,3.3021,4
2026-03-13 06:16:00,3.2966,3.2971,3.2956,3.2971,3.3016,3.3021,3.3006,3.3021,14
2026-03-13 06:17:00,3.2976,3.2976,3.2906,3.2916,3.3026,3.3026,3.2956,3.2966,19
2026-03-13 06:18:00,3.2906,3.2906,3.2891,3.2896,3.2956,3.2956,3.2941,3.2946,3
2026-03-13 06:19:00,3.2891,3.2891,3.2876,3.2876,3.2941,3.2941,3.2926,3.2926,5
2026-03-13 06:20:00,3.2891,3.2901,3.2886,3.2886,3.2941,3.2951,3.2936,3.2936,4
2026-03-13 06:21:00,3.2891,3.2891,3.2876,3.2876,3.2941,3.2941,3.2926,3.2926,10
2026-03-13 06:22:00,3.2866,3.2896,3.2866,3.2891,3.2916,3.2946,3.2916,3.2941,9
2026-03-13 06:23:00,3.2886,3.2916,3.2886,3.2891,3.2936,3.2966,3.2936,3.2941,14
2026-03-13 06:24:00,3.2901,3.2911,3.2896,3.2911,3.2951,3.2961,3.2946,3.2961,12
2026-03-13 06:25:00,3.2906,3.2906,3.2876,3.2876,3.2956,3.2956,3.2926,3.2926,5
2026-03-13 06:26:00,3.2871,3.2871,3.2786,3.2796,3.2921,3.2921,3.2836,3.2846,21
2026-03-13 06:27:00,3.2786,3.2806,3.2786,3.2786,3.2836,3.2856,3.2836,3.2836,8
2026-03-13 06:28:00,3.2791,3.2791,3.2751,3.2761,3.2841,3.2841,3.2801,3.2811,17
2026-03-13 06:29:00,3.2751,3.2786,3.2751,3.2781,3.2801,3.2836,3.2801,3.2831,8
2026-03-13 06:30:00,3.2776,3.2776,3.2746,3.2751,3.2826,3.2826,3.2796,3.2801,10
2026-03-13 06:31:00,3.2756,3.2791,3.2756,3.2776,3.2806,3.2841,3.2806,3.2826,11
2026-03-13 06:32:00,3.2771,3.2771,3.2721,3.2756,3.2821,3.2821,3.2771,3.2806,17
2026-03-13 06:33:00,3.2751,3.2756,3.2686,3.2686,3.2801,3.2806,3.2736,3.2736,22
2026-03-13 06:34:00,3.2691,3.2701,3.2646,3.2646,3.2741,3.2751,3.2696,3.2696,13
2026-03-13 06:35:00,3.2641,3.2661,3.2616,3.2661,3.2691,3.2711,3.2666,3.2711,19
2026-03-13 06:36:00,3.2666,3.2666,3.2661,3.2661,3.2716,3.2716,3.2711,3.2711,4
2026-03-13 06:37:00,3.2671,3.2686,3.2621,3.2621,3.2721,3.2736,3.2671,3.2671,14
2026-03-13 06:38:00,3.2626,3.2706,3.2626,3.2701,3.2676,3.2756,3.2676,3.2751,10
2026-03-13 06:39:00,3.2696,3.2701,3.2676,3.2691,3.2746,3.2751,3.2726,3.2741,10
2026-03-13 06:40:00,3.2686,3.2691,3.2671,3.2671,3.2736,3.2741,3.2721,3.2721,4
2026-03-13 06:41:00,3.2676,3.2696,3.2666,3.2691,3.2726,3.2746,3.2716,3.2741,9
2026-03-13 06:42:00,3.2701,3.2736,3.2691,3.2726,3.2751,3.2786,3.2741,3.2776,24
2026-03-13 06:43:00,3.2736,3.2741,3.2716,3.2716,3.2786,3.2791,3.2766,3.2766,13
2026-03-13 06:44:00,3.2721,3.2781,3.2721,3.2746,3.2771,3.2831,3.2771,3.2796,18
2026-03-13 06:45:00,3.2741,3.2746,3.2721,3.2746,3.2791,3.2796,3.2771,3.2796,10
2026-03-13 06:46:00,3.2741,3.2741,3.2711,3.2711,3.2791,3.2791,3.2761,3.2761,7
2026-03-13 06:47:00,3.2701,3.2711,3.2701,3.2711,3.2751,3.2761,3.2751,3.2761,3
2026-03-13 06:48:00,3.2726,3.2731,3.2716,3.2716,3.2776,3.2781,3.2766,3.2766,4
2026-03-13 06:49:00,3.2721,3.2736,3.2721,3.2736,3.2771,3.2786,3.2771,3.2786,3
2026-03-13 06:50:00,3.2741,3.2741,3.2701,3.2701,3.2791,3.2791,3.2751,3.2751,4
2026-03-13 06:51:00,3.2686,3.2686,3.2651,3.2656,3.2736,3.2736,3.2701,3.2706,7
2026-03-13 06:52:00,3.2671,3.2731,3.2671,3.2711,3.2721,3.2781,3.2721,3.2761,12
2026-03-13 06:53:00,3.2706,3.2716,3.2696,3.2706,3.2756,3.2766,3.2746,3.2756,6
2026-03-13 06:54:00,3.2711,3.2721,3.2696,3.2696,3.2761,3.2771,3.2746,3.2746,7
2026-03-13 06:55:00,3.2686,3.2691,3.2681,3.2691,3.2736,3.2741,3.2731,3.2741,3
2026-03-13 06:56:00,3.2686,3.2686,3.2601,3.2601,3.2736,3.2736,3.2651,3.2651,19
2026-03-13 06:57:00,3.2606,3.2606,3.2561,3.2581,3.2656,3.2656,3.2611,3.2631,8
2026-03-13 06:58:00,3.2571,3.2571,3.2571,3.2571,3.2621,3.2621,3.2621,3.2621,1
2026-03-13 06:59:00,3.2576,3.2611,3.2576,3.2601,3.2626,3.2661,3.2626,3.2651,9
2026-03-13 07:00:00,3.2606,3.2611,3.2546,3.2551,3.2656,3.2661,3.2596,3.2601,16
2026-03-13 07:01:00,3.2541,3.2586,3.2536,3.2551,3.2591,3.2636,3.2586,3.2601,20
2026-03-13 07:02:00,3.2556,3.2561,3.2536,3.2536,3.2606,3.2611,3.2586,3.2586,4
2026-03-13 07:03:00,3.2531,3.2531,3.2476,3.2501,3.2581,3.2581,3.2526,3.2551,16
2026-03-13 07:04:00,3.2496,3.2566,3.2491,3.2556,3.2546,3.2616,3.2541,3.2606,17
2026-03-13 07:05:00,3.2536,3.2551,3.2526,3.2536,3.2586,3.2601,3.2576,3.2586,12
2026-03-13 07:06:00,3.2541,3.2541,3.2541,3.2541,3.2591,3.2591,3.2591,3.2591,1
2026-03-13 07:07:00,3.2551,3.2571,3.2531,3.2536,3.2601,3.2621,3.2581,3.2586,14
2026-03-13 07:08:00,3.2551,3.2566,3.2536,3.2536,3.2601,3.2616,3.2586,3.2586,6
2026-03-13 07:09:00,3.2531,3.2566,3.2531,3.2566,3.2581,3.2616,3.2581,3.2616,8
2026-03-13 07:10:00,3.2561,3.2561,3.2491,3.2521,3.2611,3.2611,3.2541,3.2571,13
2026-03-13 07:11:00,3.2531,3.2606,3.2526,3.2591,3.2581,3.2656,3.2576,3.2641,22
2026-03-13 07:12:00,3.2586,3.2591,3.2561,3.2581,3.2636,3.2641,3.2611,3.2631,14
2026-03-13 07:13:00,3.2576,3.2586,3.2556,3.2586,3.2626,3.2636,3.2606,3.2636,10
2026-03-13 07:14:00,3.2596,3.2596,3.2581,3.2586,3.2646,3.2646,3.2631,3.2636,5
2026-03-13 07:15:00,3.2591,3.2621,3.2576,3.2616,3.2641,3.2671,3.2626,3.2666,14
2026-03-13 07:16:00,3.2626,3.2626,3.2581,3.2611,3.2676,3.2676,3.2631,3.2661,11
2026-03-13 07:17:00,3.2621,3.2681,3.2621,3.2681,3.2671,3.2731,3.2671,3.2731,27
2026-03-13 07:18:00,3.2676,3.2726,3.2676,3.2726,3.2726,3.2776,3.2726,3.2776,17
2026-03-13 07:19:00,3.2736,3.2736,3.2726,3.2736,3.2786,3.2786,3.2776,3.2786,3
2026-03-13 07:20:00,3.2746,3.2756,3.2696,3.2736,3.2796,3.2806,3.2746,3.2786,18
2026-03-13 07:21:00,3.2731,3.2731,3.2686,3.2691,3.2781,3.2781,3.2736,3.2741,8
2026-03-13 07:22:00,3.2696,3.2701,3.2651,3.2656,3.2746,3.2751,3.2701,3.2706,7
2026-03-13 07:23:00,3.2666,3.2726,3.2666,3.2726,3.2716,3.2776,3.2716,3.2776,8
2026-03-13 07:24:00,3.2721,3.2721,3.2596,3.2636,3.2771,3.2771,3.2646,3.2686,15
2026-03-13 07:25:00,3.2651,3.2731,3.2651,3.2726,3.2701,3.2781,3.2701,3.2776,16
2026-03-13 07:26:00,3.2716,3.2716,3.2656,3.2671,3.2766,3.2766,3.2706,3.2721,12
2026-03-13 07:27:00,3.2676,3.2696,3.2666,3.2696,3.2726,3.2746,3.2716,3.2746,6
2026-03-13 07:28:00,3.2706,3.2726,3.2706,3.2711,3.2756,3.2776,3.2756,3.2761,7
2026-03-13 07:29:00,3.2706,3.2726,3.2701,3.2721,3.2756,3.2776,3.2751,3.2771,15
2026-03-13 07:30:00,3.2726,3.2736,3.2666,3.2671,3.2776,3.2786,3.2716,3.2721,14
2026-03-13 07:31:00,3.2676,3.2696,3.2656,3.2656,3.2726,3.2746,3.2706,3.2706,8
2026-03-13 07:32:00,3.2661,3.2681,3.2656,3.2671,3.2711,3.2731,3.2706,3.2721,6
2026-03-13 07:33:00,3.2676,3.2711,3.2676,3.2711,3.2726,3.2761,3.2726,3.2761,6
2026-03-13 07:34:00,3.2706,3.2716,3.2696,3.2696,3.2756,3.2766,3.2746,3.2746,7
2026-03-13 07:35:00,3.2701,3.2701,3.2696,3.2701,3.2751,3.2751,3.2746,3.2751,3
2026-03-13 07:36:00,3.2706,3.2731,3.2706,3.2731,3.2756,3.2781,3.2756,3.2781,4
2026-03-13 07:37:00,3.2741,3.2756,3.2721,3.2721,3.2791,3.2806,3.2771,3.2771,10
2026-03-13 07:38:00,3.2726,3.2736,3.2721,3.2726,3.2776,3.2786,3.2771,3.2776,7
2026-03-13 07:39:00,3.2731,3.2731,3.2656,3.2681,3.2781,3.2781,3.2706,3.2731,19
2026-03-13 07:40:00,3.2686,3.2686,3.2646,3.2651,3.2736,3.2736,3.2696,3.2701,5
2026-03-13 07:41:00,3.2656,3.2686,3.2656,3.2686,3.2706,3.2736,3.2706,3.2736,6
2026-03-13 07:42:00,3.2681,3.2691,3.2681,3.2691,3.2731,3.2741,3.2731,3.2741,2
2026-03-13 07:43:00,3.2696,3.2701,3.2696,3.2701,3.2746,3.2751,3.2746,3.2751,2
2026-03-13 07:44:00,3.2706,3.2731,3.2706,3.2731,3.2756,3.2781,3.2756,3.2781,6
2026-03-13 07:45:00,3.2721,3.2721,3.2696,3.2716,3.2771,3.2771,3.2746,3.2766,11
2026-03-13 07:46:00,3.2721,3.2731,3.2716,3.2731,3.2771,3.2781,3.2766,3.2781,5
2026-03-13 07:47:00,3.2726,3.2731,3.2726,3.2731,3.2776,3.2781,3.2776,3.2781,4
2026-03-13 07:48:00,3.2736,3.2756,3.2736,3.2756,3.2786,3.2806,3.2786,3.2806,3
2026-03-13 07:49:00,3.2766,3.2816,3.2766,3.2771,3.2816,3.2866,3.2816,3.2821,28
2026-03-13 07:50:00,3.2776,3.2781,3.2776,3.2781,3.2826,3.2831,3.2826,3.2831,4
2026-03-13 07:51:00,3.2771,3.2771,3.2711,3.2731,3.2821,3.2821,3.2761,3.2781,12
2026-03-13 07:52:00,3.2726,3.2731,3.2726,3.2731,3.2776,3.2781,3.2776,3.2781,2
2026-03-13 07:53:00,3.2726,3.2741,3.2676,3.2691,3.2776,3.2791,3.2726,3.2741,25
2026-03-13 07:54:00,3.2696,3.2696,3.2656,3.2666,3.2746,3.2746,3.2706,3.2716,18
2026-03-13 07:55:00,3.2671,3.2681,3.2671,3.2681,3.2721,3.2731,3.2721,3.2731,3
2026-03-13 07:56:00,3.2686,3.2701,3.2681,3.2681,3.2736,3.2751,3.2731,3.2731,5
2026-03-13 07:57:00,3.2671,3.2736,3.2671,3.2721,3.2721,3.2786,3.2721,3.2771,13
2026-03-13 07:58:00,3.2716,3.2716,3.2706,3.2716,3.2766,3.2766,3.2756,3.2766,5
2026-03-13 07:59:00,3.2711,3.2711,3.2671,3.2701,3.2761,3.2761,3.2721,3.2751,22
2026-03-13 08:00:00,3.2686,3.2746,3.2681,3.2741,3.2736,3.2796,3.2731,3.2791,17
2026-03-13 08:01:00,3.2746,3.2756,3.2726,3.2741,3.2796,3.2806,3.2776,3.2791,22
2026-03-13 08:02:00,3.2731,3.2731,3.2726,3.2731,3.2781,3.2781,3.2776,3.2781,3
2026-03-13 08:03:00,3.2726,3.2731,3.2726,3.2731,3.2776,3.2781,3.2776,3.2781,4
2026-03-13 08:04:00,3.2736,3.2766,3.2731,3.2751,3.2786,3.2816,3.2781,3.2801,15
2026-03-13 08:05:00,3.2756,3.2766,3.2751,3.2766,3.2806,3.2816,3.2801,3.2816,6
2026-03-13 08:06:00,3.2776,3.2836,3.2771,3.2786,3.2826,3.2886,3.2821,3.2836,29
2026-03-13 08:07:00,3.2796,3.2866,3.2796,3.2856,3.2846,3.2916,3.2846,3.2906,19
2026-03-13 08:08:00,3.2861,3.2866,3.2856,3.2866,3.2911,3.2916,3.2906,3.2916,3
2026-03-13 08:09:00,3.2871,3.2871,3.2856,3.2856,3.2921,3.2921,3.2906,3.2906,7
2026-03-13 08:10:00,3.2861,3.2866,3.2836,3.2836,3.2911,3.2916,3.2886,3.2886,13
2026-03-13 08:11:00,3.2841,3.2846,3.2836,3.2841,3.2891,3.2896,3.2886,3.2891,6
2026-03-13 08:12:00,3.2846,3.2846,3.2811,3.2841,3.2896,3.2896,3.2861,3.2891,18
2026-03-13 08:13:00,3.2846,3.2916,3.2846,3.2886,3.2896,3.2966,3.2896,3.2936,19
2026-03-13 08:14:00,3.2881,3.2901,3.2871,3.2876,3.2931,3.2951,3.2921,3.2926,19
2026-03-13 08:15:00,3.2881,3.2906,3.2831,3.2836,3.2931,3.2956,3.2881,3.2886,21
2026-03-13 08:16:00,3.2831,3.2836,3.2801,3.2816,3.2881,3.2886,3.2851,3.2866,16
2026-03-13 08:17:00,3.2811,3.2816,3.2801,3.2811,3.2861,3.2866,3.2851,3.2861,6
2026-03-13 08:18:00,3.2816,3.2866,3.2811,3.2866,3.2866,3.2916,3.2861,3.2916,23
2026-03-13 08:19:00,3.2861,3.2866,3.2836,3.2861,3.2911,3.2916,3.2886,3.2911,23
2026-03-13 08:20:00,3.2856,3.2866,3.2851,3.2866,3.2906,3.2916,3.2901,3.2916,20
2026-03-13 08:21:00,3.2871,3.2916,3.2861,3.2916,3.2921,3.2966,3.2911,3.2966,23
2026-03-13 08:22:00,3.2911,3.2911,3.2886,3.2906,3.2961,3.2961,3.2936,3.2956,10
2026-03-13 08:23:00,3.2911,3.2911,3.2876,3.2876,3.2961,3.2961,3.2926,3.2926,7
2026-03-13 08:24:00,3.2881,3.2881,3.2866,3.2871,3.2931,3.2931,3.2916,3.2921,4
2026-03-13 08:25:00,3.2886,3.2886,3.2871,3.2871,3.2936,3.2936,3.2921,3.2921,5
2026-03-13 08:26:00,3.2861,3.2881,3.2856,3.2881,3.2911,3.2931,3.2906,3.2931,17
2026-03-13 08:27:00,3.2886,3.2891,3.2866,3.2866,3.2936,3.2941,3.2916,3.2916,13
2026-03-13 08:28:00,3.2856,3.2861,3.2846,3.2861,3.2906,3.2911,3.2896,3.2911,10
2026-03-13 08:29:00,3.2856,3.2856,3.2826,3.2826,3.2906,3.2906,3.2876,3.2876,10
2026-03-13 08:30:00,3.2841,3.2851,3.2831,3.2841,3.2891,3.2901,3.2881,3.2891,20
2026-03-13 08:31:00,3.2846,3.2846,3.2821,3.2831,3.2896,3.2896,3.2871,3.2881,17
2026-03-13 08:32:00,3.2841,3.2841,3.2826,3.2831,3.2891,3.2891,3.2876,3.2881,7
2026-03-13 08:33:00,3.2836,3.2851,3.2831,3.2851,3.2886,3.2901,3.2881,3.2901,5
2026-03-13 08:34:00,3.2846,3.2851,3.2836,3.2846,3.2896,3.2901,3.2886,3.2896,5
2026-03-13 08:35:00,3.2856,3.2856,3.2826,3.2826,3.2906,3.2906,3.2876,3.2876,11
2026-03-13 08:36:00,3.2816,3.2821,3.2796,3.2796,3.2866,3.2871,3.2846,3.2846,7
2026-03-13 08:37:00,3.2806,3.2816,3.2796,3.2811,3.2856,3.2866,3.2846,3.2861,6
2026-03-13 08:38:00,3.2816,3.2821,3.2811,3.2816,3.2866,3.2871,3.2861,3.2866,5
2026-03-13 08:39:00,3.2821,3.2831,3.2821,3.2831,3.2871,3.2881,3.2871,3.2881,4
2026-03-13 08:40:00,3.2826,3.2851,3.2826,3.2846,3.2876,3.2901,3.2876,3.2896,5
2026-03-13 08:41:00,3.2851,3.2856,3.2846,3.2846,3.2901,3.2906,3.2896,3.2896,11
2026-03-13 08:42:00,3.2851,3.2901,3.2851,3.2876,3.2901,3.2951,3.2901,3.2926,17
2026-03-13 08:43:00,3.2866,3.2871,3.2856,3.2871,3.2916,3.2921,3.2906,3.2921,8
2026-03-13 08:44:00,3.2876,3.2891,3.2866,3.2886,3.2926,3.2941,3.2916,3.2936,14
2026-03-13 08:45:00,3.2891,3.2906,3.2876,3.2876,3.2941,3.2956,3.2926,3.2926,10
2026-03-13 08:46:00,3.2866,3.2891,3.2866,3.2891,3.2916,3.2941,3.2916,3.2941,13
2026-03-13 08:47:00,3.2896,3.2916,3.2876,3.2876,3.2946,3.2966,3.2926,3.2926,11
2026-03-13 08:48:00,3.2886,3.2896,3.2866,3.2866,3.2936,3.2946,3.2916,3.2916,7
2026-03-13 08:49:00,3.2871,3.2906,3.2861,3.2901,3.2921,3.2956,3.2911,3.2951,14
2026-03-13 08:50:00,3.2896,3.2901,3.2866,3.2886,3.2946,3.2951,3.2916,3.2936,21
2026-03-13 08:51:00,3.2896,3.2926,3.2896,3.2926,3.2946,3.2976,3.2946,3.2976,19
2026-03-13 08:52:00,3.2921,3.3006,3.2921,3.2951,3.2971,3.3056,3.2971,3.3001,39
2026-03-13 08:53:00,3.2956,3.2996,3.2956,3.2996,3.3006,3.3046,3.3006,3.3046,25
2026-03-13 08:54:00,3.2991,3.3036,3.2981,3.2986,3.3041,3.3086,3.3031,3.3036,25
2026-03-13 08:55:00,3.2981,3.3016,3.2981,3.3006,3.3031,3.3066,3.3031,3.3056,15
2026-03-13 08:56:00,3.2996,3.2996,3.2996,3.2996,3.3046,3.3046,3.3046,3.3046,1
2026-03-13 08:57:00,3.2991,3.3006,3.2971,3.2971,3.3041,3.3056,3.3021,3.3021,7
2026-03-13 08:58:00,3.2961,3.2986,3.2956,3.2986,3.3011,3.3036,3.3006,3.3036,11
2026-03-13 08:59:00,3.2996,3.3026,3.2996,3.3026,3.3046,3.3076,3.3046,3.3076,9
2026-03-13 09:00:00,3.3016,3.3016,3.2926,3.2951,3.3066,3.3066,3.2976,3.3001,27
2026-03-13 09:01:00,3.2946,3.2996,3.2946,3.2996,3.2996,3.3046,3.2996,3.3046,20
2026-03-13 09:02:00,3.3006,3.3026,3.3006,3.3026,3.3056,3.3076,3.3056,3.3076,7
2026-03-13 09:03:00,3.3036,3.3106,3.3026,3.3026,3.3086,3.3156,3.3076,3.3076,31
2026-03-13 09:04:00,3.3031,3.3036,3.3026,3.3031,3.3081,3.3086,3.3076,3.3081,5
2026-03-13 09:05:00,3.3036,3.3061,3.3016,3.3041,3.3086,3.3111,3.3066,3.3091,23
2026-03-13 09:06:00,3.3046,3.3066,3.3046,3.3056,3.3096,3.3116,3.3096,3.3106,13
2026-03-13 09:07:00,3.3066,3.3066,3.3041,3.3041,3.3116,3.3116,3.3091,3.3091,8
2026-03-13 09:08:00,3.3036,3.3046,3.3006,3.3046,3.3086,3.3096,3.3056,3.3096,11
2026-03-13 09:09:00,3.3051,3.3061,3.3031,3.3061,3.3101,3.3111,3.3081,3.3111,7
2026-03-13 09:10:00,3.3056,3.3056,3.3026,3.3036,3.3106,3.3106,3.3076,3.3086,15
2026-03-13 09:11:00,3.3041,3.3041,3.3036,3.3041,3.3091,3.3091,3.3086,3.3091,7
2026-03-13 09:12:00,3.3046,3.3066,3.3046,3.3056,3.3096,3.3116,3.3096,3.3106,12
2026-03-13 09:13:00,3.3051,3.3056,3.3051,3.3051,3.3101,3.3106,3.3101,3.3101,3
2026-03-13 09:14:00,3.3056,3.3076,3.3051,3.3066,3.3106,3.3126,3.3101,3.3116,10
2026-03-13 09:15:00,3.3056,3.3061,3.3046,3.3051,3.3106,3.3111,3.3096,3.3101,9
2026-03-13 09:16:00,3.3046,3.3051,3.3031,3.3046,3.3096,3.3101,3.3081,3.3096,8
2026-03-13 09:17:00,3.3051,3.3051,3.2976,3.2976,3.3101,3.3101,3.3026,3.3026,20
2026-03-13 09:18:00,3.2971,3.2986,3.2971,3.2986,3.3021,3.3036,3.3021,3.3036,11
2026-03-13 09:19:00,3.2991,3.2996,3.2976,3.2986,3.3041,3.3046,3.3026,3.3036,12
2026-03-13 09:20:00,3.2991,3.3001,3.2971,3.2981,3.3041,3.3051,3.3021,3.3031,11
2026-03-13 09:21:00,3.2976,3.2996,3.2956,3.2956,3.3026,3.3046,3.3006,3.3006,14
2026-03-13 09:22:00,3.2961,3.2971,3.2911,3.2916,3.3011,3.3021,3.2961,3.2966,30
2026-03-13 09:23:00,3.2911,3.2931,3.2906,3.2921,3.2961,3.2981,3.2956,3.2971,14
2026-03-13 09:24:00,3.2926,3.2976,3.2926,3.2976,3.2976,3.3026,3.2976,3.3026,12
2026-03-13 09:25:00,3.2971,3.3006,3.2971,3.2991,3.3021,3.3056,3.3021,3.3041,12
2026-03-13 09:26:00,3.2986,3.2991,3.2946,3.2946,3.3036,3.3041,3.2996,3.2996,16
2026-03-13 09:27:00,3.2951,3.2956,3.2936,3.2946,3.3001,3.3006,3.2986,3.2996,12
2026-03-13 09:28:00,3.2951,3.2966,3.2946,3.2951,3.3001,3.3016,3.2996,3.3001,9
2026-03-13 09:29:00,3.2946,3.2946,3.2886,3.2906,3.2996,3.2996,3.2936,3.2956,33
2026-03-13 09:30:00,3.2896,3.2911,3.2806,3.2806,3.2946,3.2961,3.2856,3.2856,49
2026-03-13 09:31:00,3.2801,3.2816,3.2751,3.2771,3.2851,3.2866,3.2801,3.2821,31
2026-03-13 09:32:00,3.2766,3.2766,3.2741,3.2746,3.2816,3.2816,3.2791,3.2796,14
2026-03-13 09:33:00,3.2741,3.2761,3.2726,3.2756,3.2791,3.2811,3.2776,3.2806,20
2026-03-13 09:34:00,3.2751,3.2801,3.2751,3.2796,3.2801,3.2851,3.2801,3.2846,12
2026-03-13 09:35:00,3.2786,3.2816,3.2776,3.2816,3.2836,3.2866,3.2826,3.2866,38
2026-03-13 09:36:00,3.2826,3.2851,3.2811,3.2841,3.2876,3.2901,3.2861,3.2891,22
2026-03-13 09:37:00,3.2836,3.2846,3.2806,3.2831,3.2886,3.2896,3.2856,3.2881,17
2026-03-13 09:38:00,3.2826,3.2826,3.2761,3.2761,3.2876,3.2876,3.2811,3.2811,22
2026-03-13 09:39:00,3.2766,3.2796,3.2761,3.2796,3.2816,3.2846,3.2811,3.2846,24
2026-03-13 09:40:00,3.2801,3.2831,3.2801,3.2811,3.2851,3.2881,3.2851,3.2861,16
2026-03-13 09:41:00,3.2806,3.2816,3.2806,3.2811,3.2856,3.2866,3.2856,3.2861,8
2026-03-13 09:42:00,3.2806,3.2806,3.2781,3.2796,3.2856,3.2856,3.2831,3.2846,12
2026-03-13 09:43:00,3.2801,3.2806,3.2781,3.2786,3.2851,3.2856,3.2831,3.2836,9
2026-03-13 09:44:00,3.2791,3.2831,3.2791,3.2831,3.2841,3.2881,3.2841,3.2881,14
2026-03-13 09:45:00,3.2836,3.2836,3.2806,3.2821,3.2886,3.2886,3.2856,3.2871,10
2026-03-13 09:46:00,3.2836,3.2871,3.2816,3.2856,3.2886,3.2921,3.2866,3.2906,36
2026-03-13 09:47:00,3.2841,3.2866,3.2781,3.2826,3.2891,3.2916,3.2831,3.2876,33
2026-03-13 09:48:00,3.2821,3.2831,3.2796,3.2801,3.2871,3.2881,3.2846,3.2851,15
2026-03-13 09:49:00,3.2796,3.2796,3.2741,3.2756,3.2846,3.2846,3.2791,3.2806,25
2026-03-13 09:50:00,3.2761,3.2866,3.2761,3.2856,3.2811,3.2916,3.2811,3.2906,20
2026-03-13 09:51:00,3.2861,3.2886,3.2851,3.2856,3.2911,3.2936,3.2901,3.2906,37
2026-03-13 09:52:00,3.2851,3.2886,3.2846,3.2876,3.2901,3.2936,3.2896,3.2926,27
2026-03-13 09:53:00,3.2881,3.2881,3.2826,3.2836,3.2931,3.2931,3.2876,3.2886,18
2026-03-13 09:54:00,3.2841,3.2841,3.2826,3.2831,3.2891,3.2891,3.2876,3.2881,7
2026-03-13 09:55:00,3.2836,3.2861,3.2796,3.2841,3.2886,3.2911,3.2846,3.2891,22
2026-03-13 09:56:00,3.2836,3.2851,3.2821,3.2836,3.2886,3.2901,3.2871,3.2886,14
2026-03-13 09:57:00,3.2831,3.2836,3.2811,3.2836,3.2881,3.2886,3.2861,3.2886,15
2026-03-13 09:58:00,3.2831,3.2831,3.2796,3.2796,3.2881,3.2881,3.2846,3.2846,13
2026-03-13 09:59:00,3.2801,3.2806,3.2791,3.2791,3.2851,3.2856,3.2841,3.2841,8
2026-03-13 10:00:00,3.2796,3.2836,3.2751,3.2836,3.2846,3.2886,3.2801,3.2886,49
2026-03-13 10:01:00,3.2841,3.2886,3.2841,3.2866,3.2891,3.2936,3.2891,3.2916,32
2026-03-13 10:02:00,3.2861,3.2871,3.2796,3.2801,3.2911,3.2921,3.2846,3.2851,23
2026-03-13 10:03:00,3.2796,3.2811,3.2736,3.2771,3.2846,3.2861,3.2786,3.2821,33
2026-03-13 10:04:00,3.2781,3.2786,3.2736,3.2741,3.2831,3.2836,3.2786,3.2791,19
2026-03-13 10:05:00,3.2736,3.2776,3.2736,3.2771,3.2786,3.2826,3.2786,3.2821,14
2026-03-13 10:06:00,3.2766,3.2766,3.2706,3.2736,3.2816,3.2816,3.2756,3.2786,16
2026-03-13 10:07:00,3.2731,3.2746,3.2726,3.2746,3.2781,3.2796,3.2776,3.2796,11
2026-03-13 10:08:00,3.2751,3.2791,3.2751,3.2766,3.2801,3.2841,3.2801,3.2816,18
2026-03-13 10:09:00,3.2761,3.2786,3.2761,3.2786,3.2811,3.2836,3.2811,3.2836,8
2026-03-13 10:10:00,3.2781,3.2791,3.2771,3.2776,3.2831,3.2841,3.2821,3.2826,6
2026-03-13 10:11:00,3.2781,3.2796,3.2756,3.2766,3.2831,3.2846,3.2806,3.2816,21
2026-03-13 10:12:00,3.2771,3.2771,3.2741,3.2746,3.2821,3.2821,3.2791,3.2796,16
2026-03-13 10:13:00,3.2741,3.2766,3.2741,3.2761,3.2791,3.2816,3.2791,3.2811,7
2026-03-13 10:14:00,3.2766,3.2766,3.2731,3.2756,3.2816,3.2816,3.2781,3.2806,16
2026-03-13 10:15:00,3.2751,3.2791,3.2751,3.2791,3.2801,3.2841,3.2801,3.2841,10
2026-03-13 10:16:00,3.2786,3.2796,3.2786,3.2796,3.2836,3.2846,3.2836,3.2846,3
2026-03-13 10:17:00,3.2781,3.2786,3.2761,3.2786,3.2831,3.2836,3.2811,3.2836,6
2026-03-13 10:18:00,3.2791,3.2846,3.2791,3.2826,3.2841,3.2896,3.2841,3.2876,21
2026-03-13 10:19:00,3.2821,3.2841,3.2801,3.2836,3.2871,3.2891,3.2851,3.2886,18
2026-03-13 10:20:00,3.2831,3.2841,3.2821,3.2841,3.2881,3.2891,3.2871,3.2891,6
2026-03-13 10:21:00,3.2846,3.2846,3.2816,3.2831,3.2896,3.2896,3.2866,3.2881,7
2026-03-13 10:22:00,3.2816,3.2841,3.2816,3.2841,3.2866,3.2891,3.2866,3.2891,5
2026-03-13 10:23:00,3.2846,3.2856,3.2846,3.2856,3.2896,3.2906,3.2896,3.2906,2
2026-03-13 10:24:00,3.2851,3.2871,3.2851,3.2866,3.2901,3.2921,3.2901,3.2916,8
2026-03-13 10:25:00,3.2876,3.2896,3.2871,3.2896,3.2926,3.2946,3.2921,3.2946,12
2026-03-13 10:26:00,3.2891,3.2891,3.2851,3.2871,3.2941,3.2941,3.2901,3.2921,26
2026-03-13 10:27:00,3.2866,3.2866,3.2861,3.2866,3.2916,3.2916,3.2911,3.2916,3
2026-03-13 10:28:00,3.2871,3.2871,3.2856,3.2856,3.2921,3.2921,3.2906,3.2906,13
2026-03-13 10:29:00,3.2866,3.2891,3.2816,3.2891,3.2916,3.2941,3.2866,3.2941,17
2026-03-13 10:30:00,3.2886,3.2916,3.2886,3.2901,3.2936,3.2966,3.2936,3.2951,14
2026-03-13 10:31:00,3.2906,3.2911,3.2901,3.2911,3.2956,3.2961,3.2951,3.2961,6
2026-03-13 10:32:00,3.2916,3.2941,3.2906,3.2906,3.2966,3.2991,3.2956,3.2956,17
2026-03-13 10:33:00,3.2911,3.2926,3.2886,3.2901,3.2961,3.2976,3.2936,3.2951,18
2026-03-13 10:34:00,3.2916,3.2926,3.2896,3.2921,3.2966,3.2976,3.2946,3.2971,27
2026-03-13 10:35:00,3.2931,3.2946,3.2891,3.2906,3.2981,3.2996,3.2941,3.2956,26
2026-03-13 10:36:00,3.2911,3.2916,3.2901,3.2906,3.2961,3.2966,3.2951,3.2956,18
2026-03-13 10:37:00,3.2896,3.2946,3.2896,3.2936,3.2946,3.2996,3.2946,3.2986,18
2026-03-13 10:38:00,3.2926,3.2926,3.2906,3.2916,3.2976,3.2976,3.2956,3.2966,7
2026-03-13 10:39:00,3.2911,3.2911,3.2881,3.2891,3.2961,3.2961,3.2931,3.2941,12
2026-03-13 10:40:00,3.2896,3.2896,3.2881,3.2881,3.2946,3.2946,3.2931,3.2931,7
2026-03-13 10:41:00,3.2886,3.2891,3.2856,3.2856,3.2936,3.2941,3.2906,3.2906,14
2026-03-13 10:42:00,3.2861,3.2896,3.2861,3.2881,3.2911,3.2946,3.2911,3.2931,11
2026-03-13 10:43:00,3.2876,3.2901,3.2856,3.2886,3.2926,3.2951,3.2906,3.2936,14
2026-03-13 10:44:00,3.2891,3.2901,3.2886,3.2896,3.2941,3.2951,3.2936,3.2946,6
2026-03-13 10:45:00,3.2886,3.2936,3.2886,3.2911,3.2936,3.2986,3.2936,3.2961,14
2026-03-13 10:46:00,3.2916,3.2916,3.2881,3.2901,3.2966,3.2966,3.2931,3.2951,9
2026-03-13 10:47:00,3.2896,3.2911,3.2896,3.2896,3.2946,3.2961,3.2946,3.2946,16
2026-03-13 10:48:00,3.2901,3.2901,3.2876,3.2876,3.2951,3.2951,3.2926,3.2926,8
2026-03-13 10:49:00,3.2871,3.2871,3.2826,3.2871,3.2921,3.2921,3.2876,3.2921,22
2026-03-13 10:50:00,3.2876,3.2886,3.2871,3.2881,3.2926,3.2936,3.2921,3.2931,10
2026-03-13 10:51:00,3.2876,3.2876,3.2841,3.2841,3.2926,3.2926,3.2891,3.2891,11
2026-03-13 10:52:00,3.2846,3.2846,3.2796,3.2811,3.2896,3.2896,3.2846,3.2861,11
2026-03-13 10:53:00,3.2821,3.2866,3.2821,3.2856,3.2871,3.2916,3.2871,3.2906,13
2026-03-13 10:54:00,3.2861,3.2866,3.2851,3.2851,3.2911,3.2916,3.2901,3.2901,6
2026-03-13 10:55:00,3.2866,3.2881,3.2846,3.2846,3.2916,3.2931,3.2896,3.2896,10
2026-03-13 10:56:00,3.2851,3.2871,3.2836,3.2871,3.2901,3.2921,3.2886,3.2921,14
2026-03-13 10:57:00,3.2881,3.2896,3.2836,3.2876,3.2931,3.2946,3.2886,3.2926,25
2026-03-13 10:58:00,3.2871,3.2881,3.2866,3.2881,3.2921,3.2931,3.2916,3.2931,6
2026-03-13 10:59:00,3.2876,3.2876,3.2871,3.2871,3.2926,3.2926,3.2921,3.2921,2
2026-03-13 11:00:00,3.2861,3.2861,3.2816,3.2816,3.2911,3.2911,3.2866,3.2866,26
2026-03-13 11:01:00,3.2821,3.2821,3.2776,3.2821,3.2871,3.2871,3.2826,3.2871,23
2026-03-13 11:02:00,3.2826,3.2831,3.2766,3.2771,3.2876,3.2881,3.2816,3.2821,21
2026-03-13 11:03:00,3.2766,3.2781,3.2761,3.2771,3.2816,3.2831,3.2811,3.2821,14
2026-03-13 11:04:00,3.2781,3.2781,3.2766,3.2766,3.2831,3.2831,3.2816,3.2816,5
2026-03-13 11:05:00,3.2771,3.2806,3.2771,3.2771,3.2821,3.2856,3.2821,3.2821,16
2026-03-13 11:06:00,3.2766,3.2776,3.2756,3.2776,3.2816,3.2826,3.2806,3.2826,7
2026-03-13 11:07:00,3.2771,3.2796,3.2771,3.2796,3.2821,3.2846,3.2821,3.2846,6
2026-03-13 11:08:00,3.2801,3.2811,3.2796,3.2796,3.2851,3.2861,3.2846,3.2846,5
2026-03-13 11:09:00,3.2786,3.2796,3.2771,3.2791,3.2836,3.2846,3.2821,3.2841,11
2026-03-13 11:10:00,3.2786,3.2786,3.2741,3.2756,3.2836,3.2836,3.2791,3.2806,16
2026-03-13 11:11:00,3.2751,3.2751,3.2696,3.2706,3.2801,3.2801,3.2746,3.2756,21
2026-03-13 11:12:00,3.2696,3.2716,3.2686,3.2711,3.2746,3.2766,3.2736,3.2761,25
2026-03-13 11:13:00,3.2716,3.2716,3.2686,3.2706,3.2766,3.2766,3.2736,3.2756,12
2026-03-13 11:14:00,3.2701,3.2701,3.2666,3.2696,3.2751,3.2751,3.2716,3.2746,18
2026-03-13 11:15:00,3.2706,3.2731,3.2696,3.2711,3.2756,3.2781,3.2746,3.2761,14
2026-03-13 11:16:00,3.2706,3.2726,3.2706,3.2726,3.2756,3.2776,3.2756,3.2776,7
2026-03-13 11:17:00,3.2731,3.2756,3.2701,3.2701,3.2781,3.2806,3.2751,3.2751,13
2026-03-13 11:18:00,3.2696,3.2731,3.2696,3.2731,3.2746,3.2781,3.2746,3.2781,10
2026-03-13 11:19:00,3.2726,3.2731,3.2706,3.2706,3.2776,3.2781,3.2756,3.2756,12
2026-03-13 11:20:00,3.2711,3.2716,3.2701,3.2701,3.2761,3.2766,3.2751,3.2751,4
2026-03-13 11:21:00,3.2696,3.2696,3.2586,3.2626,3.2746,3.2746,3.2636,3.2676,44
2026-03-13 11:22:00,3.2631,3.2656,3.2591,3.2656,3.2681,3.2706,3.2641,3.2706,16
2026-03-13 11:23:00,3.2661,3.2686,3.2631,3.2641,3.2711,3.2736,3.2681,3.2691,27
2026-03-13 11:24:00,3.2646,3.2661,3.2606,3.2621,3.2696,3.2711,3.2656,3.2671,24
2026-03-13 11:25:00,3.2616,3.2621,3.2576,3.2616,3.2666,3.2671,3.2626,3.2666,31
2026-03-13 11:26:00,3.2606,3.2636,3.2586,3.2636,3.2656,3.2686,3.2636,3.2686,13
2026-03-13 11:27:00,3.2646,3.2676,3.2636,3.2651,3.2696,3.2726,3.2686,3.2701,13
2026-03-13 11:28:00,3.2646,3.2756,3.2646,3.2751,3.2696,3.2806,3.2696,3.2801,27
2026-03-13 11:29:00,3.2761,3.2761,3.2741,3.2741,3.2811,3.2811,3.2791,3.2791,10
2026-03-13 11:30:00,3.2736,3.2771,3.2731,3.2771,3.2786,3.2821,3.2781,3.2821,13
2026-03-13 11:31:00,3.2776,3.2811,3.2776,3.2806,3.2826,3.2861,3.2826,3.2856,14
2026-03-13 11:32:00,3.2811,3.2836,3.2791,3.2801,3.2861,3.2886,3.2841,3.2851,15
2026-03-13 11:33:00,3.2806,3.2806,3.2766,3.2771,3.2856,3.2856,3.2816,3.2821,16
2026-03-13 11:34:00,3.2776,3.2776,3.2696,3.2716,3.2826,3.2826,3.2746,3.2766,19
2026-03-13 11:35:00,3.2726,3.2766,3.2726,3.2756,3.2776,3.2816,3.2776,3.2806,11
2026-03-13 11:36:00,3.2766,3.2766,3.2691,3.2696,3.2816,3.2816,3.2741,3.2746,16
2026-03-13 11:37:00,3.2701,3.2746,3.2701,3.2716,3.2751,3.2796,3.2751,3.2766,15
2026-03-13 11:38:00,3.2711,3.2756,3.2706,3.2731,3.2761,3.2806,3.2756,3.2781,20
2026-03-13 11:39:00,3.2721,3.2736,3.2716,3.2731,3.2771,3.2786,3.2766,3.2781,16
2026-03-13 11:40:00,3.2736,3.2761,3.2716,3.2761,3.2786,3.2811,3.2766,3.2811,33
2026-03-13 11:41:00,3.2756,3.2761,3.2721,3.2726,3.2806,3.2811,3.2771,3.2776,10
2026-03-13 11:42:00,3.2731,3.2746,3.2726,3.2726,3.2781,3.2796,3.2776,3.2776,10
2026-03-13 11:43:00,3.2731,3.2731,3.2701,3.2706,3.2781,3.2781,3.2751,3.2756,16
2026-03-13 11:44:00,3.2711,3.2721,3.2706,3.2711,3.2761,3.2771,3.2756,3.2761,12
2026-03-13 11:45:00,3.2716,3.2741,3.2666,3.2676,3.2766,3.2791,3.2716,3.2726,14
2026-03-13 11:46:00,3.2666,3.2676,3.2621,3.2641,3.2716,3.2726,3.2671,3.2691,44
2026-03-13 11:47:00,3.2646,3.2661,3.2571,3.2591,3.2696,3.2711,3.2621,3.2641,49
2026-03-13 11:48:00,3.2586,3.2596,3.2491,3.2496,3.2636,3.2646,3.2541,3.2546,42
2026-03-13 11:49:00,3.2501,3.2501,3.2446,3.2446,3.2551,3.2551,3.2496,3.2496,42
2026-03-13 11:50:00,3.2451,3.2476,3.2436,3.2471,3.2501,3.2526,3.2486,3.2521,39
2026-03-13 11:51:00,3.2476,3.2521,3.2436,3.2511,3.2526,3.2571,3.2486,3.2561,49
2026-03-13 11:52:00,3.2506,3.2536,3.2491,3.2526,3.2556,3.2586,3.2541,3.2576,24
2026-03-13 11:53:00,3.2536,3.2611,3.2536,3.2606,3.2586,3.2661,3.2586,3.2656,23
2026-03-13 11:54:00,3.2611,3.2636,3.2606,3.2631,3.2661,3.2686,3.2656,3.2681,13
2026-03-13 11:55:00,3.2636,3.2636,3.2526,3.2551,3.2686,3.2686,3.2576,3.2601,32
2026-03-13 11:56:00,3.2546,3.2571,3.2546,3.2571,3.2596,3.2621,3.2596,3.2621,15
2026-03-13 11:57:00,3.2566,3.2566,3.2521,3.2531,3.2616,3.2616,3.2571,3.2581,16
2026-03-13 11:58:00,3.2526,3.2526,3.2506,3.2511,3.2576,3.2576,3.2556,3.2561,8
2026-03-13 11:59:00,3.2516,3.2556,3.2496,3.2501,3.2566,3.2606,3.2546,3.2551,27
2026-03-13 12:00:00,3.2511,3.2581,3.2506,3.2581,3.2561,3.2631,3.2556,3.2631,36
2026-03-13 12:01:00,3.2586,3.2681,3.2586,3.2671,3.2636,3.2731,3.2636,3.2721,34
2026-03-13 12:02:00,3.2666,3.2676,3.2656,3.2656,3.2716,3.2726,3.2706,3.2706,19
2026-03-13 12:03:00,3.2661,3.2676,3.2606,3.2606,3.2711,3.2726,3.2656,3.2656,31
2026-03-13 12:04:00,3.2601,3.2631,3.2596,3.2631,3.2651,3.2681,3.2646,3.2681,32
2026-03-13 12:05:00,3.2636,3.2671,3.2631,3.2666,3.2686,3.2721,3.2681,3.2716,23
2026-03-13 12:06:00,3.2671,3.2676,3.2606,3.2636,3.2721,3.2726,3.2656,3.2686,43
2026-03-13 12:07:00,3.2641,3.2676,3.2636,3.2671,3.2691,3.2726,3.2686,3.2721,30
2026-03-13 12:08:00,3.2676,3.2691,3.2651,3.2666,3.2726,3.2741,3.2701,3.2716,40
2026-03-13 12:09:00,3.2671,3.2696,3.2661,3.2671,3.2721,3.2746,3.2711,3.2721,22
2026-03-13 12:10:00,3.2676,3.2751,3.2671,3.2746,3.2726,3.2801,3.2721,3.2796,41
2026-03-13 12:11:00,3.2751,3.2751,3.2686,3.2691,3.2801,3.2801,3.2736,3.2741,17
2026-03-13 12:12:00,3.2686,3.2686,3.2646,3.2656,3.2736,3.2736,3.2696,3.2706,38
2026-03-13 12:13:00,3.2646,3.2706,3.2646,3.2706,3.2696,3.2756,3.2696,3.2756,21
2026-03-13 12:14:00,3.2711,3.2731,3.2706,3.2726,3.2761,3.2781,3.2756,3.2776,17
2026-03-13 12:15:00,3.2716,3.2716,3.2701,3.2706,3.2766,3.2766,3.2751,3.2756,18
2026-03-13 12:16:00,3.2696,3.2726,3.2671,3.2686,3.2746,3.2776,3.2721,3.2736,33
2026-03-13 12:17:00,3.2691,3.2756,3.2686,3.2736,3.2741,3.2806,3.2736,3.2786,28
2026-03-13 12:18:00,3.2741,3.2766,3.2726,3.2756,3.2791,3.2816,3.2776,3.2806,21
2026-03-13 12:19:00,3.2766,3.2826,3.2766,3.2806,3.2816,3.2876,3.2816,3.2856,26
2026-03-13 12:20:00,3.2811,3.2816,3.2776,3.2796,3.2861,3.2866,3.2826,3.2846,14
2026-03-13 12:21:00,3.2806,3.2806,3.2776,3.2776,3.2856,3.2856,3.2826,3.2826,16
2026-03-13 12:22:00,3.2781,3.2781,3.2726,3.2746,3.2831,3.2831,3.2776,3.2796,16
2026-03-13 12:23:00,3.2751,3.2776,3.2736,3.2751,3.2801,3.2826,3.2786,3.2801,28
2026-03-13 12:24:00,3.2756,3.2766,3.2731,3.2746,3.2806,3.2816,3.2781,3.2796,13
2026-03-13 12:25:00,3.2756,3.2756,3.2626,3.2666,3.2806,3.2806,3.2676,3.2716,73
2026-03-13 12:26:00,3.2671,3.2731,3.2636,3.2716,3.2721,3.2781,3.2686,3.2766,39
2026-03-13 12:27:00,3.2711,3.2726,3.2686,3.2696,3.2761,3.2776,3.2736,3.2746,18
2026-03-13 12:28:00,3.2701,3.2706,3.2636,3.2656,3.2751,3.2756,3.2686,3.2706,28
2026-03-13 12:29:00,3.2661,3.2696,3.2661,3.2686,3.2711,3.2746,3.2711,3.2736,37
2026-03-13 12:30:00,3.2691,3.2801,3.2691,3.2746,3.2741,3.2851,3.2741,3.2796,46
2026-03-13 12:31:00,3.2736,3.2751,3.2716,3.2726,3.2786,3.2801,3.2766,3.2776,19
2026-03-13 12:32:00,3.2731,3.2776,3.2726,3.2736,3.2781,3.2826,3.2776,3.2786,25
2026-03-13 12:33:00,3.2746,3.2756,3.2731,3.2746,3.2796,3.2806,3.2781,3.2796,15
2026-03-13 12:34:00,3.2751,3.2801,3.2736,3.2741,3.2801,3.2851,3.2786,3.2791,43
2026-03-13 12:35:00,3.2736,3.2746,3.2646,3.2646,3.2786,3.2796,3.2696,3.2696,26
2026-03-13 12:36:00,3.2651,3.2656,3.2606,3.2631,3.2701,3.2706,3.2656,3.2681,45
2026-03-13 12:37:00,3.2626,3.2636,3.2581,3.2596,3.2676,3.2686,3.2631,3.2646,28
2026-03-13 12:38:00,3.2606,3.2666,3.2606,3.2666,3.2656,3.2716,3.2656,3.2716,37
2026-03-13 12:39:00,3.2671,3.2676,3.2616,3.2666,3.2721,3.2726,3.2666,3.2716,36
2026-03-13 12:40:00,3.2671,3.2676,3.2616,3.2646,3.2721,3.2726,3.2666,3.2696,27
2026-03-13 12:41:00,3.2651,3.2691,3.2616,3.2646,3.2701,3.2741,3.2666,3.2696,36
2026-03-13 12:42:00,3.2636,3.2646,3.2621,3.2636,3.2686,3.2696,3.2671,3.2686,18
2026-03-13 12:43:00,3.2641,3.2661,3.2596,3.2611,3.2691,3.2711,3.2646,3.2661,22
2026-03-13 12:44:00,3.2616,3.2671,3.2576,3.2661,3.2666,3.2721,3.2626,3.2711,24
2026-03-13 12:45:00,3.2666,3.2696,3.2646,3.2646,3.2716,3.2746,3.2696,3.2696,24
2026-03-13 12:46:00,3.2651,3.2706,3.2586,3.2706,3.2701,3.2756,3.2636,3.2756,34
2026-03-13 12:47:00,3.2716,3.2716,3.2686,3.2686,3.2766,3.2766,3.2736,3.2736,23
2026-03-13 12:48:00,3.2691,3.2696,3.2586,3.2616,3.2741,3.2746,3.2636,3.2666,41
2026-03-13 12:49:00,3.2621,3.2761,3.2596,3.2751,3.2671,3.2811,3.2646,3.2801,46
2026-03-13 12:50:00,3.2756,3.2781,3.2696,3.2711,3.2806,3.2831,3.2746,3.2761,36
2026-03-13 12:51:00,3.2716,3.2751,3.2696,3.2741,3.2766,3.2801,3.2746,3.2791,20
2026-03-13 12:52:00,3.2746,3.2746,3.2636,3.2666,3.2796,3.2796,3.2686,3.2716,56
2026-03-13 12:53:00,3.2661,3.2661,3.2561,3.2576,3.2711,3.2711,3.2611,3.2626,49
2026-03-13 12:54:00,3.2566,3.2606,3.2516,3.2561,3.2616,3.2656,3.2566,3.2611,41
2026-03-13 12:55:00,3.2556,3.2581,3.2541,3.2556,3.2606,3.2631,3.2591,3.2606,26
2026-03-13 12:56:00,3.2561,3.2566,3.2556,3.2556,3.2611,3.2616,3.2606,3.2606,23
2026-03-13 12:57:00,3.2546,3.2641,3.2546,3.2611,3.2596,3.2691,3.2596,3.2661,64
2026-03-13 12:58:00,3.2601,3.2646,3.2556,3.2601,3.2651,3.2696,3.2606,3.2651,35
2026-03-13 12:59:00,3.2591,3.2591,3.2536,3.2561,3.2641,3.2641,3.2586,3.2611,31
2026-03-13 13:00:00,3.2566,3.2631,3.2561,3.2626,3.2616,3.2681,3.2611,3.2676,58
2026-03-13 13:01:00,3.2636,3.2666,3.2536,3.2566,3.2686,3.2716,3.2586,3.2616,56
2026-03-13 13:02:00,3.2571,3.2571,3.2431,3.2456,3.2621,3.2621,3.2481,3.2506,65
2026-03-13 13:03:00,3.2461,3.2486,3.2426,3.2476,3.2511,3.2536,3.2476,3.2526,36
2026-03-13 13:04:00,3.2471,3.2516,3.2456,3.2481,3.2521,3.2566,3.2506,3.2531,49
2026-03-13 13:05:00,3.2486,3.2516,3.2471,3.2516,3.2536,3.2566,3.2521,3.2566,30
2026-03-13 13:06:00,3.2531,3.2546,3.2526,3.2531,3.2581,3.2596,3.2576,3.2581,42
2026-03-13 13:07:00,3.2526,3.2546,3.2496,3.2546,3.2576,3.2596,3.2546,3.2596,37
2026-03-13 13:08:00,3.2556,3.2636,3.2556,3.2586,3.2606,3.2686,3.2606,3.2636,41
2026-03-13 13:09:00,3.2581,3.2586,3.2506,3.2521,3.2631,3.2636,3.2556,3.2571,37
2026-03-13 13:10:00,3.2516,3.2516,3.2366,3.2421,3.2566,3.2566,3.2416,3.2471,68
2026-03-13 13:11:00,3.2426,3.2426,3.2366,3.2371,3.2476,3.2476,3.2416,3.2421,25
2026-03-13 13:12:00,3.2376,3.2386,3.2336,3.2346,3.2426,3.2436,3.2386,3.2396,58
2026-03-13 13:13:00,3.2336,3.2341,3.2291,3.2296,3.2386,3.2391,3.2341,3.2346,41
2026-03-13 13:14:00,3.2291,3.2326,3.2291,3.2306,3.2341,3.2376,3.2341,3.2356,39
2026-03-13 13:15:00,3.2296,3.2366,3.2296,3.2316,3.2346,3.2416,3.2346,3.2366,41
2026-03-13 13:16:00,3.2306,3.2326,3.2246,3.2261,3.2356,3.2376,3.2296,3.2311,26
2026-03-13 13:17:00,3.2266,3.2276,3.2201,3.2211,3.2316,3.2326,3.2251,3.2261,52
2026-03-13 13:18:00,3.2206,3.2261,3.2206,3.2251,3.2256,3.2311,3.2256,3.2301,33
2026-03-13 13:19:00,3.2246,3.2291,3.2241,3.2246,3.2296,3.2341,3.2291,3.2296,28
2026-03-13 13:20:00,3.2251,3.2341,3.2226,3.2286,3.2301,3.2391,3.2276,3.2336,49
2026-03-13 13:21:00,3.2291,3.2296,3.2226,3.2236,3.2341,3.2346,3.2276,3.2286,32
2026-03-13 13:22:00,3.2241,3.2261,3.2201,3.2201,3.2291,3.2311,3.2251,3.2251,32
2026-03-13 13:23:00,3.2206,3.2221,3.2186,3.2206,3.2256,3.2271,3.2236,3.2256,36
2026-03-13 13:24:00,3.2201,3.2211,3.2186,3.2186,3.2251,3.2261,3.2236,3.2236,11
2026-03-13 13:25:00,3.2191,3.2231,3.2186,3.2211,3.2241,3.2281,3.2236,3.2261,33
2026-03-13 13:26:00,3.2216,3.2246,3.2191,3.2236,3.2266,3.2296,3.2241,3.2286,24
2026-03-13 13:27:00,3.2231,3.2256,3.2231,3.2241,3.2281,3.2306,3.2281,3.2291,13
2026-03-13 13:28:00,3.2246,3.2261,3.2226,3.2236,3.2296,3.2311,3.2276,3.2286,28
2026-03-13 13:29:00,3.2226,3.2361,3.2226,3.2336,3.2276,3.2411,3.2276,3.2386,62
2026-03-13 13:30:00,3.2316,3.2356,3.2296,3.2341,3.2366,3.2406,3.2346,3.2391,37
2026-03-13 13:31:00,3.2351,3.2406,3.2306,3.2346,3.2401,3.2456,3.2356,3.2396,45
2026-03-13 13:32:00,3.2341,3.2356,3.2276,3.2306,3.2391,3.2406,3.2326,3.2356,46
2026-03-13 13:33:00,3.2296,3.2346,3.2286,3.2321,3.2346,3.2396,3.2336,3.2371,50
2026-03-13 13:34:00,3.2311,3.2336,3.2286,3.2296,3.2361,3.2386,3.2336,3.2346,28
2026-03-13 13:35:00,3.2291,3.2351,3.2286,3.2351,3.2341,3.2401,3.2336,3.2401,33
2026-03-13 13:36:00,3.2346,3.2416,3.2336,3.2346,3.2396,3.2466,3.2386,3.2396,44
2026-03-13 13:37:00,3.2341,3.2341,3.2266,3.2281,3.2391,3.2391,3.2316,3.2331,39
2026-03-13 13:38:00,3.2286,3.2286,3.2196,3.2211,3.2336,3.2336,3.2246,3.2261,37
2026-03-13 13:39:00,3.2206,3.2256,3.2196,3.2256,3.2256,3.2306,3.2246,3.2306,31
2026-03-13 13:40:00,3.2246,3.2276,3.2206,3.2206,3.2296,3.2326,3.2256,3.2256,44
2026-03-13 13:41:00,3.2201,3.2206,3.2156,3.2166,3.2251,3.2256,3.2206,3.2216,43
2026-03-13 13:42:00,3.2171,3.2186,3.2011,3.2016,3.2221,3.2236,3.2061,3.2066,98
2026-03-13 13:43:00,3.2021,3.2026,3.1986,3.2016,3.2071,3.2076,3.2036,3.2066,51
2026-03-13 13:44:00,3.2011,3.2026,3.1916,3.1941,3.2061,3.2076,3.1966,3.1991,49
2026-03-13 13:45:00,3.1951,3.1971,3.1816,3.1821,3.2001,3.2021,3.1866,3.1871,104
2026-03-13 13:46:00,3.1826,3.1876,3.1816,3.1876,3.1876,3.1926,3.1866,3.1926,55
2026-03-13 13:47:00,3.1866,3.1871,3.1796,3.1796,3.1916,3.1921,3.1846,3.1846,52
2026-03-13 13:48:00,3.1801,3.1831,3.1746,3.1746,3.1851,3.1881,3.1796,3.1796,47
2026-03-13 13:49:00,3.1741,3.1756,3.1656,3.1676,3.1791,3.1806,3.1706,3.1726,80
2026-03-13 13:50:00,3.1671,3.1686,3.1601,3.1616,3.1721,3.1736,3.1651,3.1666,103
2026-03-13 13:51:00,3.1626,3.1631,3.1556,3.1566,3.1676,3.1681,3.1606,3.1616,76
2026-03-13 13:52:00,3.1561,3.1586,3.1496,3.1526,3.1611,3.1636,3.1546,3.1576,99
2026-03-13 13:53:00,3.1531,3.1611,3.1531,3.1606,3.1581,3.1661,3.1581,3.1656,51
2026-03-13 13:54:00,3.1601,3.1766,3.1576,3.1766,3.1651,3.1816,3.1626,3.1816,100
2026-03-13 13:55:00,3.1771,3.1796,3.1756,3.1766,3.1821,3.1846,3.1806,3.1816,50
2026-03-13 13:56:00,3.1761,3.1766,3.1676,3.1686,3.1811,3.1816,3.1726,3.1736,46
2026-03-13 13:57:00,3.1681,3.1751,3.1671,3.1731,3.1731,3.1801,3.1721,3.1781,53
2026-03-13 13:58:00,3.1726,3.1726,3.1566,3.1576,3.1776,3.1776,3.1616,3.1626,48
2026-03-13 13:59:00,3.1581,3.1616,3.1546,3.1546,3.1631,3.1666,3.1596,3.1596,63
2026-03-13 14:00:00,3.1556,3.1561,3.1396,3.1436,3.1606,3.1611,3.1446,3.1486,159
2026-03-13 14:01:00,3.1446,3.1456,3.1351,3.1376,3.1496,3.1506,3.1401,3.1426,91
2026-03-13 14:02:00,3.1371,3.1436,3.1336,3.1436,3.1421,3.1486,3.1386,3.1486,85
2026-03-13 14:03:00,3.1431,3.1456,3.1346,3.1456,3.1481,3.1506,3.1396,3.1506,87
2026-03-13 14:04:00,3.1451,3.1476,3.1401,3.1426,3.1501,3.1526,3.1451,3.1476,113
2026-03-13 14:05:00,3.1421,3.1526,3.1406,3.1506,3.1471,3.1576,3.1456,3.1556,84
2026-03-13 14:06:00,3.1501,3.1546,3.1466,3.1496,3.1551,3.1596,3.1516,3.1546,56
2026-03-13 14:07:00,3.1491,3.1636,3.1481,3.1616,3.1541,3.1686,3.1531,3.1666,108
2026-03-13 14:08:00,3.1611,3.1721,3.1611,3.1711,3.1661,3.1771,3.1661,3.1761,58
2026-03-13 14:09:00,3.1706,3.1716,3.1676,3.1716,3.1756,3.1766,3.1726,3.1766,53
2026-03-13 14:10:00,3.1726,3.1756,3.1721,3.1736,3.1776,3.1806,3.1771,3.1786,63
2026-03-13 14:11:00,3.1741,3.1756,3.1656,3.1666,3.1791,3.1806,3.1706,3.1716,75
2026-03-13 14:12:00,3.1686,3.1706,3.1576,3.1586,3.1736,3.1756,3.1626,3.1636,44
2026-03-13 14:13:00,3.1576,3.1656,3.1576,3.1641,3.1626,3.1706,3.1626,3.1691,45
2026-03-13 14:14:00,3.1626,3.1666,3.1591,3.1646,3.1676,3.1716,3.1641,3.1696,72
2026-03-13 14:15:00,3.1656,3.1676,3.1636,3.1676,3.1706,3.1726,3.1686,3.1726,49
2026-03-13 14:16:00,3.1671,3.1706,3.1606,3.1621,3.1721,3.1756,3.1656,3.1671,54
2026-03-13 14:17:00,3.1611,3.1636,3.1561,3.1561,3.1661,3.1686,3.1611,3.1611,73
2026-03-13 14:18:00,3.1566,3.1596,3.1536,3.1561,3.1616,3.1646,3.1586,3.1611,39
2026-03-13 14:19:00,3.1556,3.1566,3.1506,3.1506,3.1606,3.1616,3.1556,3.1556,50
2026-03-13 14:20:00,3.1516,3.1586,3.1456,3.1586,3.1566,3.1636,3.1506,3.1636,52
2026-03-13 14:21:00,3.1581,3.1636,3.1571,3.1626,3.1631,3.1686,3.1621,3.1676,64
2026-03-13 14:22:00,3.1616,3.1696,3.1611,3.1666,3.1666,3.1746,3.1661,3.1716,55
2026-03-13 14:23:00,3.1661,3.1681,3.1646,3.1671,3.1711,3.1731,3.1696,3.1721,39
2026-03-13 14:24:00,3.1676,3.1716,3.1661,3.1666,3.1726,3.1766,3.1711,3.1716,48
2026-03-13 14:25:00,3.1661,3.1666,3.1586,3.1586,3.1711,3.1716,3.1636,3.1636,51
2026-03-13 14:26:00,3.1581,3.1656,3.1576,3.1651,3.1631,3.1706,3.1626,3.1701,45
2026-03-13 14:27:00,3.1646,3.1716,3.1641,3.1686,3.1696,3.1766,3.1691,3.1736,20
2026-03-13 14:28:00,3.1681,3.1706,3.1656,3.1671,3.1731,3.1756,3.1706,3.1721,43
2026-03-13 14:29:00,3.1676,3.1676,3.1611,3.1616,3.1726,3.1726,3.1661,3.1666,45
2026-03-13 14:30:00,3.1611,3.1666,3.1586,3.1636,3.1661,3.1716,3.1636,3.1686,77
2026-03-13 14:31:00,3.1631,3.1666,3.1601,3.1631,3.1681,3.1716,3.1651,3.1681,57
2026-03-13 14:32:00,3.1626,3.1701,3.1626,3.1701,3.1676,3.1751,3.1676,3.1751,35
2026-03-13 14:33:00,3.1696,3.1696,3.1621,3.1646,3.1746,3.1746,3.1671,3.1696,53
2026-03-13 14:34:00,3.1641,3.1651,3.1576,3.1586,3.1691,3.1701,3.1626,3.1636,47
2026-03-13 14:35:00,3.1576,3.1611,3.1516,3.1526,3.1626,3.1661,3.1566,3.1576,77
2026-03-13 14:36:00,3.1521,3.1536,3.1446,3.1466,3.1571,3.1586,3.1496,3.1516,74
2026-03-13 14:37:00,3.1476,3.1476,3.1346,3.1356,3.1526,3.1526,3.1396,3.1406,60
2026-03-13 14:38:00,3.1351,3.1426,3.1351,3.1366,3.1401,3.1476,3.1401,3.1416,67
2026-03-13 14:39:00,3.1371,3.1426,3.1356,3.1401,3.1421,3.1476,3.1406,3.1451,35
2026-03-13 14:40:00,3.1396,3.1466,3.1396,3.1461,3.1446,3.1516,3.1446,3.1511,45
2026-03-13 14:41:00,3.1456,3.1506,3.1436,3.1436,3.1506,3.1556,3.1486,3.1486,50
2026-03-13 14:42:00,3.1446,3.1491,3.1446,3.1476,3.1496,3.1541,3.1496,3.1526,34
2026-03-13 14:43:00,3.1471,3.1496,3.1461,3.1491,3.1521,3.1546,3.1511,3.1541,38
2026-03-13 14:44:00,3.1486,3.1506,3.1446,3.1451,3.1536,3.1556,3.1496,3.1501,44
2026-03-13 14:45:00,3.1456,3.1516,3.1441,3.1496,3.1506,3.1566,3.1491,3.1546,55
2026-03-13 14:46:00,3.1486,3.1516,3.1451,3.1456,3.1536,3.1566,3.1501,3.1506,37
2026-03-13 14:47:00,3.1451,3.1451,3.1366,3.1406,3.1501,3.1501,3.1416,3.1456,38
2026-03-13 14:48:00,3.1401,3.1456,3.1396,3.1426,3.1451,3.1506,3.1446,3.1476,37
2026-03-13 14:49:00,3.1421,3.1491,3.1416,3.1466,3.1471,3.1541,3.1466,3.1516,48
2026-03-13 14:50:00,3.1461,3.1461,3.1416,3.1421,3.1511,3.1511,3.1466,3.1471,36
2026-03-13 14:51:00,3.1416,3.1426,3.1351,3.1411,3.1466,3.1476,3.1401,3.1461,35
2026-03-13 14:52:00,3.1406,3.1411,3.1346,3.1391,3.1456,3.1461,3.1396,3.1441,47
2026-03-13 14:53:00,3.1396,3.1491,3.1386,3.1441,3.1446,3.1541,3.1436,3.1491,57
2026-03-13 14:54:00,3.1451,3.1466,3.1391,3.1401,3.1501,3.1516,3.1441,3.1451,74
2026-03-13 14:55:00,3.1406,3.1476,3.1406,3.1466,3.1456,3.1526,3.1456,3.1516,47
2026-03-13 14:56:00,3.1471,3.1506,3.1456,3.1466,3.1521,3.1556,3.1506,3.1516,62
2026-03-13 14:57:00,3.1461,3.1496,3.1461,3.1466,3.1511,3.1546,3.1511,3.1516,25
2026-03-13 14:58:00,3.1461,3.1466,3.1366,3.1371,3.1511,3.1516,3.1416,3.1421,41
2026-03-13 14:59:00,3.1366,3.1446,3.1366,3.1441,3.1416,3.1496,3.1416,3.1491,37
2026-03-13 15:00:00,3.1436,3.1476,3.1411,3.1436,3.1486,3.1526,3.1461,3.1486,56
2026-03-13 15:01:00,3.1446,3.1516,3.1436,3.1481,3.1496,3.1566,3.1486,3.1531,36
2026-03-13 15:02:00,3.1486,3.1556,3.1486,3.1531,3.1536,3.1606,3.1536,3.1581,42
2026-03-13 15:03:00,3.1521,3.1566,3.1496,3.1506,3.1571,3.1616,3.1546,3.1556,42
2026-03-13 15:04:00,3.1501,3.1506,3.1451,3.1476,3.1551,3.1556,3.1501,3.1526,41
2026-03-13 15:05:00,3.1471,3.1506,3.1456,3.1501,3.1521,3.1556,3.1506,3.1551,42
2026-03-13 15:06:00,3.1506,3.1561,3.1506,3.1556,3.1556,3.1611,3.1556,3.1606,42
2026-03-13 15:07:00,3.1551,3.1566,3.1496,3.1496,3.1601,3.1616,3.1546,3.1546,37
2026-03-13 15:08:00,3.1486,3.1541,3.1486,3.1506,3.1536,3.1591,3.1536,3.1556,40
2026-03-13 15:09:00,3.1501,3.1526,3.1486,3.1511,3.1551,3.1576,3.1536,3.1561,30
2026-03-13 15:10:00,3.1516,3.1566,3.1481,3.1541,3.1566,3.1616,3.1531,3.1591,73
2026-03-13 15:11:00,3.1551,3.1556,3.1466,3.1481,3.1601,3.1606,3.1516,3.1531,25
2026-03-13 15:12:00,3.1486,3.1501,3.1446,3.1471,3.1536,3.1551,3.1496,3.1521,39
2026-03-13 15:13:00,3.1476,3.1516,3.1471,3.1481,3.1526,3.1566,3.1521,3.1531,36
2026-03-13 15:14:00,3.1486,3.1486,3.1456,3.1486,3.1536,3.1536,3.1506,3.1536,31
2026-03-13 15:15:00,3.1491,3.1506,3.1416,3.1426,3.1541,3.1556,3.1466,3.1476,41
2026-03-13 15:16:00,3.1431,3.1436,3.1376,3.1426,3.1481,3.1486,3.1426,3.1476,36
2026-03-13 15:17:00,3.1421,3.1466,3.1421,3.1441,3.1471,3.1516,3.1471,3.1491,28
2026-03-13 15:18:00,3.1436,3.1461,3.1436,3.1446,3.1486,3.1511,3.1486,3.1496,31
2026-03-13 15:19:00,3.1441,3.1446,3.1381,3.1381,3.1491,3.1496,3.1431,3.1431,30
2026-03-13 15:20:00,3.1376,3.1376,3.1216,3.1216,3.1426,3.1426,3.1266,3.1266,117
2026-03-13 15:21:00,3.1211,3.1241,3.1186,3.1206,3.1261,3.1291,3.1236,3.1256,74
2026-03-13 15:22:00,3.1216,3.1216,3.1136,3.1136,3.1266,3.1266,3.1186,3.1186,44
2026-03-13 15:23:00,3.1146,3.1186,3.1136,3.1136,3.1196,3.1236,3.1186,3.1186,59
2026-03-13 15:24:00,3.1141,3.1161,3.1106,3.1136,3.1191,3.1211,3.1156,3.1186,63
2026-03-13 15:25:00,3.1131,3.1201,3.1116,3.1196,3.1181,3.1251,3.1166,3.1246,59
2026-03-13 15:26:00,3.1206,3.1276,3.1196,3.1221,3.1256,3.1326,3.1246,3.1271,59
2026-03-13 15:27:00,3.1211,3.1266,3.1196,3.1251,3.1261,3.1316,3.1246,3.1301,41
2026-03-13 15:28:00,3.1256,3.1316,3.1246,3.1256,3.1306,3.1366,3.1296,3.1306,66
2026-03-13 15:29:00,3.1251,3.1256,3.1171,3.1201,3.1301,3.1306,3.1221,3.1251,49
2026-03-13 15:30:00,3.1196,3.1276,3.1196,3.1251,3.1246,3.1326,3.1246,3.1301,45
2026-03-13 15:31:00,3.1246,3.1246,3.1176,3.1216,3.1296,3.1296,3.1226,3.1266,43
2026-03-13 15:32:00,3.1206,3.1216,3.1171,3.1186,3.1256,3.1266,3.1221,3.1236,26
2026-03-13 15:33:00,3.1196,3.1241,3.1186,3.1236,3.1246,3.1291,3.1236,3.1286,31
2026-03-13 15:34:00,3.1241,3.1251,3.1206,3.1216,3.1291,3.1301,3.1256,3.1266,30
2026-03-13 15:35:00,3.1211,3.1246,3.1206,3.1236,3.1261,3.1296,3.1256,3.1286,25
2026-03-13 15:36:00,3.1231,3.1306,3.1226,3.1291,3.1281,3.1356,3.1276,3.1341,36
2026-03-13 15:37:00,3.1296,3.1301,3.1251,3.1256,3.1346,3.1351,3.1301,3.1306,31
2026-03-13 15:38:00,3.1261,3.1286,3.1246,3.1266,3.1311,3.1336,3.1296,3.1316,30
2026-03-13 15:39:00,3.1261,3.1286,3.1246,3.1276,3.1311,3.1336,3.1296,3.1326,27
2026-03-13 15:40:00,3.1266,3.1291,3.1241,3.1281,3.1316,3.1341,3.1291,3.1331,47
2026-03-13 15:41:00,3.1286,3.1366,3.1271,3.1346,3.1336,3.1416,3.1321,3.1396,61
2026-03-13 15:42:00,3.1341,3.1346,3.1286,3.1306,3.1391,3.1396,3.1336,3.1356,26
2026-03-13 15:43:00,3.1296,3.1346,3.1291,3.1331,3.1346,3.1396,3.1341,3.1381,34
2026-03-13 15:44:00,3.1326,3.1446,3.1286,3.1436,3.1376,3.1496,3.1336,3.1486,86
2026-03-13 15:45:00,3.1446,3.1556,3.1441,3.1501,3.1496,3.1606,3.1491,3.1551,108
2026-03-13 15:46:00,3.1496,3.1546,3.1426,3.1431,3.1546,3.1596,3.1476,3.1481,61
2026-03-13 15:47:00,3.1421,3.1426,3.1386,3.1396,3.1471,3.1476,3.1436,3.1446,34
2026-03-13 15:48:00,3.1401,3.1406,3.1356,3.1376,3.1451,3.1456,3.1406,3.1426,35
2026-03-13 15:49:00,3.1371,3.1381,3.1356,3.1371,3.1421,3.1431,3.1406,3.1421,26
2026-03-13 15:50:00,3.1366,3.1386,3.1346,3.1361,3.1416,3.1436,3.1396,3.1411,35
2026-03-13 15:51:00,3.1356,3.1456,3.1336,3.1436,3.1406,3.1506,3.1386,3.1486,50
2026-03-13 15:52:00,3.1426,3.1456,3.1426,3.1426,3.1476,3.1506,3.1476,3.1476,37
2026-03-13 15:53:00,3.1431,3.1481,3.1426,3.1471,3.1481,3.1531,3.1476,3.1521,28
2026-03-13 15:54:00,3.1466,3.1476,3.1426,3.1446,3.1516,3.1526,3.1476,3.1496,30
2026-03-13 15:55:00,3.1441,3.1476,3.1406,3.1466,3.1491,3.1526,3.1456,3.1516,27
2026-03-13 15:56:00,3.1461,3.1486,3.1446,3.1481,3.1511,3.1536,3.1496,3.1531,31
2026-03-13 15:57:00,3.1476,3.1476,3.1441,3.1451,3.1526,3.1526,3.1491,3.1501,37
2026-03-13 15:58:00,3.1456,3.1516,3.1456,3.1511,3.1506,3.1566,3.1506,3.1561,53
2026-03-13 15:59:00,3.1516,3.1551,3.1506,3.1546,3.1566,3.1601,3.1556,3.1596,44
2026-03-13 16:00:00,3.1541,3.1546,3.1506,3.1516,3.1591,3.1596,3.1556,3.1566,57
2026-03-13 16:01:00,3.1511,3.1586,3.1511,3.1576,3.1561,3.1636,3.1561,3.1626,43
2026-03-13 16:02:00,3.1571,3.1586,3.1511,3.1511,3.1621,3.1636,3.1561,3.1561,23
2026-03-13 16:03:00,3.1506,3.1506,3.1376,3.1386,3.1556,3.1556,3.1426,3.1436,33
2026-03-13 16:04:00,3.1396,3.1436,3.1381,3.1436,3.1446,3.1486,3.1431,3.1486,44
2026-03-13 16:05:00,3.1431,3.1521,3.1416,3.1511,3.1481,3.1571,3.1466,3.1561,65
2026-03-13 16:06:00,3.1516,3.1526,3.1496,3.1511,3.1566,3.1576,3.1546,3.1561,48
2026-03-13 16:07:00,3.1506,3.1516,3.1481,3.1496,3.1556,3.1566,3.1531,3.1546,28
2026-03-13 16:08:00,3.1486,3.1496,3.1406,3.1446,3.1536,3.1546,3.1456,3.1496,39
2026-03-13 16:09:00,3.1451,3.1451,3.1411,3.1416,3.1501,3.1501,3.1461,3.1466,32
2026-03-13 16:10:00,3.1421,3.1466,3.1406,3.1451,3.1471,3.1516,3.1456,3.1501,34
2026-03-13 16:11:00,3.1456,3.1491,3.1426,3.1426,3.1506,3.1541,3.1476,3.1476,37
2026-03-13 16:12:00,3.1421,3.1456,3.1411,3.1451,3.1471,3.1506,3.1461,3.1501,34
2026-03-13 16:13:00,3.1446,3.1476,3.1426,3.1461,3.1496,3.1526,3.1476,3.1511,38
2026-03-13 16:14:00,3.1456,3.1471,3.1426,3.1426,3.1506,3.1521,3.1476,3.1476,33
2026-03-13 16:15:00,3.1431,3.1446,3.1406,3.1411,3.1481,3.1496,3.1456,3.1461,21
2026-03-13 16:16:00,3.1406,3.1416,3.1296,3.1301,3.1456,3.1466,3.1346,3.1351,44
2026-03-13 16:17:00,3.1306,3.1306,3.1256,3.1266,3.1356,3.1356,3.1306,3.1316,40
2026-03-13 16:18:00,3.1271,3.1376,3.1256,3.1366,3.1321,3.1426,3.1306,3.1416,53
2026-03-13 16:19:00,3.1371,3.1406,3.1351,3.1351,3.1421,3.1456,3.1401,3.1401,43
2026-03-13 16:20:00,3.1346,3.1356,3.1321,3.1331,3.1396,3.1406,3.1371,3.1381,30
2026-03-13 16:21:00,3.1326,3.1346,3.1316,3.1326,3.1376,3.1396,3.1366,3.1376,33
2026-03-13 16:22:00,3.1316,3.1346,3.1306,3.1336,3.1366,3.1396,3.1356,3.1386,20
2026-03-13 16:23:00,3.1331,3.1346,3.1321,3.1331,3.1381,3.1396,3.1371,3.1381,21
2026-03-13 16:24:00,3.1326,3.1336,3.1291,3.1336,3.1376,3.1386,3.1341,3.1386,18
2026-03-13 16:25:00,3.1341,3.1351,3.1316,3.1346,3.1391,3.1401,3.1366,3.1396,41
2026-03-13 16:26:00,3.1341,3.1341,3.1266,3.1266,3.1391,3.1391,3.1316,3.1316,39
2026-03-13 16:27:00,3.1261,3.1281,3.1256,3.1266,3.1311,3.1331,3.1306,3.1316,22
2026-03-13 16:28:00,3.1261,3.1321,3.1261,3.1321,3.1311,3.1371,3.1311,3.1371,27
2026-03-13 16:29:00,3.1326,3.1326,3.1296,3.1296,3.1376,3.1376,3.1346,3.1346,30
2026-03-13 16:30:00,3.1301,3.1326,3.1271,3.1326,3.1351,3.1376,3.1321,3.1376,30
2026-03-13 16:31:00,3.1331,3.1336,3.1306,3.1336,3.1381,3.1386,3.1356,3.1386,20
2026-03-13 16:32:00,3.1326,3.1326,3.1281,3.1301,3.1376,3.1376,3.1331,3.1351,30
2026-03-13 16:33:00,3.1316,3.1416,3.1301,3.1351,3.1366,3.1466,3.1351,3.1401,61
2026-03-13 16:34:00,3.1346,3.1356,3.1326,3.1336,3.1396,3.1406,3.1376,3.1386,36
2026-03-13 16:35:00,3.1341,3.1361,3.1336,3.1341,3.1391,3.1411,3.1386,3.1391,33
2026-03-13 16:36:00,3.1336,3.1396,3.1336,3.1381,3.1386,3.1446,3.1386,3.1431,30
2026-03-13 16:37:00,3.1376,3.1426,3.1376,3.1401,3.1426,3.1476,3.1426,3.1451,42
2026-03-13 16:38:00,3.1396,3.1426,3.1396,3.1416,3.1446,3.1476,3.1446,3.1466,27
2026-03-13 16:39:00,3.1406,3.1496,3.1396,3.1466,3.1456,3.1546,3.1446,3.1516,41
2026-03-13 16:40:00,3.1471,3.1506,3.1446,3.1496,3.1521,3.1556,3.1496,3.1546,51
2026-03-13 16:41:00,3.1491,3.1491,3.1406,3.1436,3.1541,3.1541,3.1456,3.1486,30
2026-03-13 16:42:00,3.1431,3.1436,3.1386,3.1431,3.1481,3.1486,3.1436,3.1481,22
2026-03-13 16:43:00,3.1436,3.1446,3.1386,3.1416,3.1486,3.1496,3.1436,3.1466,37
2026-03-13 16:44:00,3.1421,3.1426,3.1351,3.1381,3.1471,3.1476,3.1401,3.1431,49
2026-03-13 16:45:00,3.1391,3.1466,3.1386,3.1466,3.1441,3.1516,3.1436,3.1516,31
2026-03-13 16:46:00,3.1456,3.1461,3.1396,3.1396,3.1506,3.1511,3.1446,3.1446,15
2026-03-13 16:47:00,3.1391,3.1391,3.1266,3.1316,3.1441,3.1441,3.1316,3.1366,136
2026-03-13 16:48:00,3.1326,3.1366,3.1291,3.1341,3.1376,3.1416,3.1341,3.1391,50
2026-03-13 16:49:00,3.1346,3.1386,3.1346,3.1366,3.1396,3.1436,3.1396,3.1416,37
2026-03-13 16:50:00,3.1376,3.1406,3.1356,3.1396,3.1426,3.1456,3.1406,3.1446,26
2026-03-13 16:51:00,3.1386,3.1386,3.1336,3.1346,3.1436,3.1436,3.1386,3.1396,53
2026-03-13 16:52:00,3.1356,3.1366,3.1336,3.1351,3.1406,3.1416,3.1386,3.1401,32
2026-03-13 16:53:00,3.1356,3.1401,3.1356,3.1356,3.1406,3.1451,3.1406,3.1406,36
2026-03-13 16:54:00,3.1366,3.1371,3.1316,3.1336,3.1416,3.1421,3.1366,3.1386,32
2026-03-13 16:55:00,3.1341,3.1341,3.1306,3.1331,3.1391,3.1391,3.1356,3.1381,37
2026-03-13 16:56:00,3.1336,3.1381,3.1336,3.1376,3.1386,3.1431,3.1386,3.1426,29
2026-03-13 16:57:00,3.1371,3.1386,3.1356,3.1376,3.1421,3.1436,3.1406,3.1426,9
2026-03-13 16:58:00,3.1396,3.1406,3.1381,3.1406,3.1446,3.1456,3.1431,3.1456,21
2026-03-13 16:59:00,3.1401,3.1406,3.1326,3.1351,3.1451,3.1456,3.1376,3.1401,35
2026-03-13 17:00:00,3.1361,3.1406,3.1356,3.1396,3.1411,3.1456,3.1406,3.1446,43
2026-03-13 17:01:00,3.1401,3.1516,3.1401,3.1486,3.1451,3.1566,3.1451,3.1536,65
2026-03-13 17:02:00,3.1481,3.1506,3.1451,3.1496,3.1531,3.1556,3.1501,3.1546,26
2026-03-13 17:03:00,3.1491,3.1516,3.1466,3.1466,3.1541,3.1566,3.1516,3.1516,28
2026-03-13 17:04:00,3.1461,3.1461,3.1426,3.1456,3.1511,3.1511,3.1476,3.1506,22
2026-03-13 17:05:00,3.1461,3.1481,3.1456,3.1466,3.1511,3.1531,3.1506,3.1516,37
2026-03-13 17:06:00,3.1456,3.1476,3.1446,3.1451,3.1506,3.1526,3.1496,3.1501,21
2026-03-13 17:07:00,3.1456,3.1496,3.1456,3.1486,3.1506,3.1546,3.1506,3.1536,41
2026-03-13 17:08:00,3.1491,3.1511,3.1456,3.1486,3.1541,3.1561,3.1506,3.1536,41
2026-03-13 17:09:00,3.1496,3.1496,3.1461,3.1466,3.1546,3.1546,3.1511,3.1516,26
2026-03-13 17:10:00,3.1461,3.1476,3.1426,3.1441,3.1511,3.1526,3.1476,3.1491,40
2026-03-13 17:11:00,3.1451,3.1486,3.1406,3.1446,3.1501,3.1536,3.1456,3.1496,29
2026-03-13 17:12:00,3.1436,3.1446,3.1386,3.1416,3.1486,3.1496,3.1436,3.1466,25
2026-03-13 17:13:00,3.1406,3.1411,3.1396,3.1396,3.1456,3.1461,3.1446,3.1446,7
2026-03-13 17:14:00,3.1406,3.1436,3.1396,3.1426,3.1456,3.1486,3.1446,3.1476,16
2026-03-13 17:15:00,3.1431,3.1506,3.1426,3.1491,3.1481,3.1556,3.1476,3.1541,33
2026-03-13 17:16:00,3.1506,3.1656,3.1506,3.1626,3.1556,3.1706,3.1556,3.1676,79
2026-03-13 17:17:00,3.1631,3.1636,3.1601,3.1626,3.1681,3.1686,3.1651,3.1676,43
2026-03-13 17:18:00,3.1631,3.1636,3.1596,3.1616,3.1681,3.1686,3.1646,3.1666,29
2026-03-13 17:19:00,3.1611,3.1636,3.1586,3.1636,3.1661,3.1686,3.1636,3.1686,45
2026-03-13 17:20:00,3.1646,3.1646,3.1596,3.1606,3.1696,3.1696,3.1646,3.1656,34
2026-03-13 17:21:00,3.1601,3.1601,3.1536,3.1541,3.1651,3.1651,3.1586,3.1591,30
2026-03-13 17:22:00,3.1546,3.1556,3.1511,3.1516,3.1596,3.1606,3.1561,3.1566,23
2026-03-13 17:23:00,3.1521,3.1626,3.1521,3.1626,3.1571,3.1676,3.1571,3.1676,37
2026-03-13 17:24:00,3.1621,3.1651,3.1586,3.1651,3.1671,3.1701,3.1636,3.1701,33
2026-03-13 17:25:00,3.1656,3.1656,3.1636,3.1646,3.1706,3.1706,3.1686,3.1696,21
2026-03-13 17:26:00,3.1656,3.1666,3.1626,3.1646,3.1706,3.1716,3.1676,3.1696,23
2026-03-13 17:27:00,3.1651,3.1726,3.1631,3.1641,3.1701,3.1776,3.1681,3.1691,61
2026-03-13 17:28:00,3.1636,3.1666,3.1636,3.1666,3.1686,3.1716,3.1686,3.1716,27
2026-03-13 17:29:00,3.1676,3.1706,3.1656,3.1706,3.1726,3.1756,3.1706,3.1756,22
2026-03-13 17:30:00,3.1701,3.1721,3.1696,3.1716,3.1751,3.1771,3.1746,3.1766,32
2026-03-13 17:31:00,3.1721,3.1726,3.1666,3.1686,3.1771,3.1776,3.1716,3.1736,22
2026-03-13 17:32:00,3.1696,3.1716,3.1676,3.1716,3.1746,3.1766,3.1726,3.1766,24
2026-03-13 17:33:00,3.1721,3.1761,3.1656,3.1656,3.1771,3.1811,3.1706,3.1706,47
2026-03-13 17:34:00,3.1661,3.1666,3.1586,3.1591,3.1711,3.1716,3.1636,3.1641,44
2026-03-13 17:35:00,3.1586,3.1586,3.1476,3.1496,3.1636,3.1636,3.1526,3.1546,48
2026-03-13 17:36:00,3.1491,3.1491,3.1406,3.1426,3.1541,3.1541,3.1456,3.1476,42
2026-03-13 17:37:00,3.1421,3.1421,3.1216,3.1251,3.1471,3.1471,3.1266,3.1301,76
2026-03-13 17:38:00,3.1246,3.1286,3.1236,3.1261,3.1296,3.1336,3.1286,3.1311,31
2026-03-13 17:39:00,3.1256,3.1266,3.1116,3.1141,3.1306,3.1316,3.1166,3.1191,71
2026-03-13 17:40:00,3.1136,3.1151,3.1016,3.1036,3.1186,3.1201,3.1066,3.1086,82
2026-03-13 17:41:00,3.1031,3.1166,3.1031,3.1156,3.1081,3.1216,3.1081,3.1206,49
2026-03-13 17:42:00,3.1136,3.1196,3.1116,3.1186,3.1186,3.1246,3.1166,3.1236,47
2026-03-13 17:43:00,3.1181,3.1276,3.1171,3.1276,3.1231,3.1326,3.1221,3.1326,45
2026-03-13 17:44:00,3.1266,3.1296,3.1246,3.1261,3.1316,3.1346,3.1296,3.1311,48
2026-03-13 17:45:00,3.1266,3.1306,3.1256,3.1291,3.1316,3.1356,3.1306,3.1341,33
2026-03-13 17:46:00,3.1286,3.1286,3.1176,3.1176,3.1336,3.1336,3.1226,3.1226,52
2026-03-13 17:47:00,3.1181,3.1181,3.1146,3.1151,3.1231,3.1231,3.1196,3.1201,30
2026-03-13 17:48:00,3.1146,3.1186,3.1141,3.1186,3.1196,3.1236,3.1191,3.1236,21
2026-03-13 17:49:00,3.1176,3.1176,3.1106,3.1121,3.1226,3.1226,3.1156,3.1171,25
2026-03-13 17:50:00,3.1126,3.1151,3.1116,3.1146,3.1176,3.1201,3.1166,3.1196,25
2026-03-13 17:51:00,3.1151,3.1201,3.1151,3.1196,3.1201,3.1251,3.1201,3.1246,26
2026-03-13 17:52:00,3.1191,3.1206,3.1181,3.1206,3.1241,3.1256,3.1231,3.1256,12
2026-03-13 17:53:00,3.1216,3.1216,3.1181,3.1191,3.1266,3.1266,3.1231,3.1241,29
2026-03-13 17:54:00,3.1196,3.1201,3.1156,3.1161,3.1246,3.1251,3.1206,3.1211,35
2026-03-13 17:55:00,3.1156,3.1161,3.1096,3.1101,3.1206,3.1211,3.1146,3.1151,49
2026-03-13 17:56:00,3.1106,3.1136,3.1086,3.1136,3.1156,3.1186,3.1136,3.1186,31
2026-03-13 17:57:00,3.1131,3.1171,3.1126,3.1156,3.1181,3.1221,3.1176,3.1206,25
2026-03-13 17:58:00,3.1161,3.1176,3.1146,3.1166,3.1211,3.1226,3.1196,3.1216,27
2026-03-13 17:59:00,3.1161,3.1166,3.1126,3.1151,3.1211,3.1216,3.1176,3.1201,26
2026-03-13 18:00:00,3.1146,3.1156,3.1131,3.1141,3.1196,3.1206,3.1181,3.1191,24
2026-03-13 18:01:00,3.1136,3.1146,3.1126,3.1141,3.1186,3.1196,3.1176,3.1191,21
2026-03-13 18:02:00,3.1136,3.1146,3.1116,3.1126,3.1186,3.1196,3.1166,3.1176,19
2026-03-13 18:03:00,3.1131,3.1156,3.1106,3.1116,3.1181,3.1206,3.1156,3.1166,20
2026-03-13 18:04:00,3.1111,3.1156,3.1106,3.1146,3.1161,3.1206,3.1156,3.1196,18
2026-03-13 18:05:00,3.1141,3.1156,3.1121,3.1156,3.1191,3.1206,3.1171,3.1206,27
2026-03-13 18:06:00,3.1161,3.1226,3.1136,3.1226,3.1211,3.1276,3.1186,3.1276,41
2026-03-13 18:07:00,3.1236,3.1251,3.1186,3.1216,3.1286,3.1301,3.1236,3.1266,31
2026-03-13 18:08:00,3.1211,3.1246,3.1211,3.1231,3.1261,3.1296,3.1261,3.1281,52
2026-03-13 18:09:00,3.1236,3.1276,3.1236,3.1256,3.1286,3.1326,3.1286,3.1306,21
2026-03-13 18:10:00,3.1266,3.1286,3.1251,3.1276,3.1316,3.1336,3.1301,3.1326,25
2026-03-13 18:11:00,3.1286,3.1286,3.1216,3.1226,3.1336,3.1336,3.1266,3.1276,27
2026-03-13 18:12:00,3.1216,3.1216,3.1136,3.1136,3.1266,3.1266,3.1186,3.1186,45
2026-03-13 18:13:00,3.1131,3.1196,3.1131,3.1186,3.1181,3.1246,3.1181,3.1236,26
2026-03-13 18:14:00,3.1196,3.1216,3.1186,3.1206,3.1246,3.1266,3.1236,3.1256,11
2026-03-13 18:15:00,3.1211,3.1226,3.1196,3.1206,3.1261,3.1276,3.1246,3.1256,17
2026-03-13 18:16:00,3.1196,3.1196,3.1176,3.1176,3.1246,3.1246,3.1226,3.1226,8
2026-03-13 18:17:00,3.1186,3.1216,3.1166,3.1186,3.1236,3.1266,3.1216,3.1236,19
2026-03-13 18:18:00,3.1176,3.1196,3.1166,3.1186,3.1226,3.1246,3.1216,3.1236,16
2026-03-13 18:19:00,3.1176,3.1186,3.1136,3.1146,3.1226,3.1236,3.1186,3.1196,30
2026-03-13 18:20:00,3.1151,3.1186,3.1136,3.1186,3.1201,3.1236,3.1186,3.1236,13
2026-03-13 18:21:00,3.1196,3.1251,3.1186,3.1251,3.1246,3.1301,3.1236,3.1301,17
2026-03-13 18:22:00,3.1246,3.1246,3.1206,3.1206,3.1296,3.1296,3.1256,3.1256,17
2026-03-13 18:23:00,3.1221,3.1226,3.1191,3.1191,3.1271,3.1276,3.1241,3.1241,13
2026-03-13 18:24:00,3.1196,3.1241,3.1191,3.1226,3.1246,3.1291,3.1241,3.1276,25
2026-03-13 18:25:00,3.1221,3.1226,3.1131,3.1136,3.1271,3.1276,3.1181,3.1186,42
2026-03-13 18:26:00,3.1131,3.1156,3.1126,3.1146,3.1181,3.1206,3.1176,3.1196,15
2026-03-13 18:27:00,3.1156,3.1166,3.1156,3.1166,3.1206,3.1216,3.1206,3.1216,9
2026-03-13 18:28:00,3.1176,3.1176,3.1136,3.1166,3.1226,3.1226,3.1186,3.1216,14
2026-03-13 18:29:00,3.1176,3.1191,3.1156,3.1166,3.1226,3.1241,3.1206,3.1216,21
2026-03-13 18:30:00,3.1176,3.1176,3.1151,3.1166,3.1226,3.1226,3.1201,3.1216,15
2026-03-13 18:31:00,3.1156,3.1186,3.1156,3.1156,3.1206,3.1236,3.1206,3.1206,35
2026-03-13 18:32:00,3.1166,3.1166,3.1156,3.1166,3.1216,3.1216,3.1206,3.1216,3
2026-03-13 18:33:00,3.1161,3.1176,3.1156,3.1166,3.1211,3.1226,3.1206,3.1216,11
2026-03-13 18:34:00,3.1171,3.1196,3.1171,3.1176,3.1221,3.1246,3.1221,3.1226,14
2026-03-13 18:35:00,3.1181,3.1246,3.1166,3.1236,3.1231,3.1296,3.1216,3.1286,54
2026-03-13 18:36:00,3.1226,3.1246,3.1211,3.1241,3.1276,3.1296,3.1261,3.1291,38
2026-03-13 18:37:00,3.1251,3.1276,3.1236,3.1246,3.1301,3.1326,3.1286,3.1296,25
2026-03-13 18:38:00,3.1241,3.1241,3.1206,3.1216,3.1291,3.1291,3.1256,3.1266,36
2026-03-13 18:39:00,3.1211,3.1246,3.1211,3.1241,3.1261,3.1296,3.1261,3.1291,13
2026-03-13 18:40:00,3.1226,3.1336,3.1226,3.1291,3.1276,3.1386,3.1276,3.1341,43
2026-03-13 18:41:00,3.1286,3.1326,3.1286,3.1316,3.1336,3.1376,3.1336,3.1366,24
2026-03-13 18:42:00,3.1311,3.1316,3.1296,3.1316,3.1361,3.1366,3.1346,3.1366,34
2026-03-13 18:43:00,3.1306,3.1321,3.1266,3.1296,3.1356,3.1371,3.1316,3.1346,28
2026-03-13 18:44:00,3.1291,3.1291,3.1266,3.1276,3.1341,3.1341,3.1316,3.1326,26
2026-03-13 18:45:00,3.1281,3.1311,3.1266,3.1306,3.1331,3.1361,3.1316,3.1356,27
2026-03-13 18:46:00,3.1311,3.1326,3.1306,3.1306,3.1361,3.1376,3.1356,3.1356,32
2026-03-13 18:47:00,3.1316,3.1326,3.1306,3.1326,3.1366,3.1376,3.1356,3.1376,22
2026-03-13 18:48:00,3.1321,3.1326,3.1306,3.1326,3.1371,3.1376,3.1356,3.1376,25
2026-03-13 18:49:00,3.1316,3.1326,3.1296,3.1306,3.1366,3.1376,3.1346,3.1356,25
2026-03-13 18:50:00,3.1316,3.1326,3.1296,3.1326,3.1366,3.1376,3.1346,3.1376,20
2026-03-13 18:51:00,3.1341,3.1411,3.1341,3.1366,3.1391,3.1461,3.1391,3.1416,38
2026-03-13 18:52:00,3.1361,3.1366,3.1316,3.1346,3.1411,3.1416,3.1366,3.1396,29
2026-03-13 18:53:00,3.1351,3.1356,3.1316,3.1316,3.1401,3.1406,3.1366,3.1366,22
2026-03-13 18:54:00,3.1321,3.1346,3.1316,3.1336,3.1371,3.1396,3.1366,3.1386,28
2026-03-13 18:55:00,3.1346,3.1356,3.1316,3.1346,3.1396,3.1406,3.1366,3.1396,30
2026-03-13 18:56:00,3.1341,3.1366,3.1336,3.1356,3.1391,3.1416,3.1386,3.1406,26
2026-03-13 18:57:00,3.1346,3.1356,3.1326,3.1336,3.1396,3.1406,3.1376,3.1386,21
2026-03-13 18:58:00,3.1346,3.1361,3.1336,3.1346,3.1396,3.1411,3.1386,3.1396,12
2026-03-13 18:59:00,3.1341,3.1361,3.1316,3.1361,3.1391,3.1411,3.1366,3.1411,19
2026-03-13 19:00:00,3.1356,3.1376,3.1316,3.1316,3.1406,3.1426,3.1366,3.1366,55
2026-03-13 19:01:00,3.1321,3.1371,3.1321,3.1356,3.1371,3.1421,3.1371,3.1406,20
2026-03-13 19:02:00,3.1361,3.1476,3.1361,3.1441,3.1411,3.1526,3.1411,3.1491,51
2026-03-13 19:03:00,3.1436,3.1446,3.1416,3.1426,3.1486,3.1496,3.1466,3.1476,23
2026-03-13 19:04:00,3.1421,3.1436,3.1361,3.1396,3.1471,3.1486,3.1411,3.1446,40
2026-03-13 19:05:00,3.1406,3.1426,3.1376,3.1376,3.1456,3.1476,3.1426,3.1426,30
2026-03-13 19:06:00,3.1381,3.1406,3.1356,3.1396,3.1431,3.1456,3.1406,3.1446,35
2026-03-13 19:07:00,3.1386,3.1416,3.1376,3.1376,3.1436,3.1466,3.1426,3.1426,24
2026-03-13 19:08:00,3.1386,3.1401,3.1376,3.1401,3.1436,3.1451,3.1426,3.1451,21
2026-03-13 19:09:00,3.1396,3.1396,3.1316,3.1316,3.1446,3.1446,3.1366,3.1366,42
2026-03-13 19:10:00,3.1321,3.1346,3.1216,3.1256,3.1371,3.1396,3.1266,3.1306,57
2026-03-13 19:11:00,3.1251,3.1266,3.1186,3.1226,3.1301,3.1316,3.1236,3.1276,39
2026-03-13 19:12:00,3.1216,3.1226,3.1186,3.1186,3.1266,3.1276,3.1236,3.1236,27
2026-03-13 19:13:00,3.1181,3.1266,3.1181,3.1246,3.1231,3.1316,3.1231,3.1296,44
2026-03-13 19:14:00,3.1241,3.1246,3.1176,3.1176,3.1291,3.1296,3.1226,3.1226,38
2026-03-13 19:15:00,3.1186,3.1186,3.1116,3.1156,3.1236,3.1236,3.1166,3.1206,27
2026-03-13 19:16:00,3.1166,3.1176,3.1116,3.1121,3.1216,3.1226,3.1166,3.1171,29
2026-03-13 19:17:00,3.1126,3.1171,3.1096,3.1156,3.1176,3.1221,3.1146,3.1206,34
2026-03-13 19:18:00,3.1146,3.1186,3.1136,3.1176,3.1196,3.1236,3.1186,3.1226,34
2026-03-13 19:19:00,3.1181,3.1236,3.1181,3.1226,3.1231,3.1286,3.1231,3.1276,42
2026-03-13 19:20:00,3.1221,3.1246,3.1206,3.1236,3.1271,3.1296,3.1256,3.1286,31
2026-03-13 19:21:00,3.1226,3.1256,3.1216,3.1256,3.1276,3.1306,3.1266,3.1306,30
2026-03-13 19:22:00,3.1261,3.1306,3.1256,3.1301,3.1311,3.1356,3.1306,3.1351,21
2026-03-13 19:23:00,3.1296,3.1376,3.1286,3.1341,3.1346,3.1426,3.1336,3.1391,52
2026-03-13 19:24:00,3.1346,3.1426,3.1331,3.1401,3.1396,3.1476,3.1381,3.1451,62
2026-03-13 19:25:00,3.1406,3.1446,3.1366,3.1401,3.1456,3.1496,3.1416,3.1451,74
2026-03-13 19:26:00,3.1406,3.1406,3.1296,3.1316,3.1456,3.1456,3.1346,3.1366,63
2026-03-13 19:27:00,3.1311,3.1396,3.1296,3.1331,3.1361,3.1446,3.1346,3.1381,90
2026-03-13 19:28:00,3.1336,3.1386,3.1116,3.1116,3.1386,3.1436,3.1166,3.1166,203
2026-03-13 19:29:00,3.1121,3.1276,3.1121,3.1211,3.1171,3.1326,3.1171,3.1261,109
2026-03-13 19:30:00,3.1216,3.1266,3.1156,3.1256,3.1266,3.1316,3.1206,3.1306,89
2026-03-13 19:31:00,3.1266,3.1366,3.1256,3.1281,3.1316,3.1416,3.1306,3.1331,77
2026-03-13 19:32:00,3.1276,3.1356,3.1256,3.1336,3.1326,3.1406,3.1306,3.1386,48
2026-03-13 19:33:00,3.1326,3.1331,3.1281,3.1286,3.1376,3.1381,3.1331,3.1336,19
2026-03-13 19:34:00,3.1296,3.1306,3.1256,3.1291,3.1346,3.1356,3.1306,3.1341,39
2026-03-13 19:35:00,3.1296,3.1306,3.1256,3.1256,3.1346,3.1356,3.1306,3.1306,34
2026-03-13 19:36:00,3.1261,3.1271,3.1226,3.1246,3.1311,3.1321,3.1276,3.1296,30
2026-03-13 19:37:00,3.1241,3.1316,3.1236,3.1276,3.1291,3.1366,3.1286,3.1326,46
2026-03-13 19:38:00,3.1286,3.1316,3.1276,3.1306,3.1336,3.1366,3.1326,3.1356,40
2026-03-13 19:39:00,3.1311,3.1316,3.1266,3.1276,3.1361,3.1366,3.1316,3.1326,46
2026-03-13 19:40:00,3.1281,3.1326,3.1276,3.1326,3.1331,3.1376,3.1326,3.1376,34
2026-03-13 19:41:00,3.1331,3.1336,3.1301,3.1326,3.1381,3.1386,3.1351,3.1376,21
2026-03-13 19:42:00,3.1331,3.1361,3.1331,3.1346,3.1381,3.1411,3.1381,3.1396,38
2026-03-13 19:43:00,3.1356,3.1396,3.1356,3.1381,3.1406,3.1446,3.1406,3.1431,52
2026-03-13 19:44:00,3.1376,3.1406,3.1296,3.1301,3.1426,3.1456,3.1346,3.1351,46
2026-03-13 19:45:00,3.1296,3.1321,3.1266,3.1276,3.1346,3.1371,3.1316,3.1326,27
2026-03-13 19:46:00,3.1286,3.1301,3.1256,3.1261,3.1336,3.1351,3.1306,3.1311,30
2026-03-13 19:47:00,3.1266,3.1286,3.1246,3.1266,3.1316,3.1336,3.1296,3.1316,26
2026-03-13 19:48:00,3.1276,3.1296,3.1266,3.1281,3.1326,3.1346,3.1316,3.1331,23
2026-03-13 19:49:00,3.1276,3.1296,3.1266,3.1296,3.1326,3.1346,3.1316,3.1346,17
2026-03-13 19:50:00,3.1291,3.1296,3.1221,3.1221,3.1341,3.1346,3.1271,3.1271,44
2026-03-13 19:51:00,3.1216,3.1236,3.1216,3.1236,3.1266,3.1286,3.1266,3.1286,20
2026-03-13 19:52:00,3.1231,3.1256,3.1196,3.1236,3.1281,3.1306,3.1246,3.1286,38
2026-03-13 19:53:00,3.1246,3.1251,3.1216,3.1236,3.1296,3.1301,3.1266,3.1286,20
2026-03-13 19:54:00,3.1241,3.1286,3.1241,3.1256,3.1291,3.1336,3.1291,3.1306,31
2026-03-13 19:55:00,3.1246,3.1266,3.1236,3.1236,3.1296,3.1316,3.1286,3.1286,33
2026-03-13 19:56:00,3.1246,3.1266,3.1231,3.1266,3.1296,3.1316,3.1281,3.1316,11
2026-03-13 19:57:00,3.1261,3.1286,3.1246,3.1276,3.1311,3.1336,3.1296,3.1326,13
2026-03-13 19:58:00,3.1266,3.1281,3.1251,3.1251,3.1316,3.1331,3.1301,3.1301,22
2026-03-13 19:59:00,3.1256,3.1256,3.1236,3.1251,3.1306,3.1306,3.1286,3.1301,13
2026-03-13 20:00:00,3.1266,3.1296,3.1266,3.1276,3.1316,3.1346,3.1316,3.1326,13
2026-03-13 20:01:00,3.1281,3.1281,3.1266,3.1276,3.1331,3.1331,3.1316,3.1326,6
2026-03-13 20:02:00,3.1266,3.1276,3.1266,3.1276,3.1316,3.1326,3.1316,3.1326,3
2026-03-13 20:03:00,3.1281,3.1281,3.1246,3.1271,3.1331,3.1331,3.1296,3.1321,31
2026-03-13 20:04:00,3.1276,3.1281,3.1256,3.1266,3.1326,3.1331,3.1306,3.1316,12
2026-03-13 20:05:00,3.1261,3.1321,3.1261,3.1316,3.1311,3.1371,3.1311,3.1366,27
2026-03-13 20:06:00,3.1306,3.1316,3.1286,3.1286,3.1356,3.1366,3.1336,3.1336,22
2026-03-13 20:07:00,3.1291,3.1316,3.1286,3.1316,3.1341,3.1366,3.1336,3.1366,8
2026-03-13 20:08:00,3.1326,3.1326,3.1236,3.1246,3.1376,3.1376,3.1286,3.1296,25
2026-03-13 20:09:00,3.1256,3.1266,3.1246,3.1256,3.1306,3.1316,3.1296,3.1306,7
2026-03-13 20:10:00,3.1261,3.1261,3.1241,3.1246,3.1311,3.1311,3.1291,3.1296,17
2026-03-13 20:11:00,3.1251,3.1271,3.1251,3.1261,3.1301,3.1321,3.1301,3.1311,15
2026-03-13 20:12:00,3.1256,3.1286,3.1256,3.1281,3.1306,3.1336,3.1306,3.1331,5
2026-03-13 20:13:00,3.1286,3.1296,3.1276,3.1276,3.1336,3.1346,3.1326,3.1326,8
2026-03-13 20:14:00,3.1286,3.1301,3.1286,3.1301,3.1336,3.1351,3.1336,3.1351,14
2026-03-13 20:15:00,3.1291,3.1306,3.1291,3.1301,3.1341,3.1356,3.1341,3.1351,7
2026-03-13 20:16:00,3.1306,3.1306,3.1261,3.1286,3.1356,3.1356,3.1311,3.1336,19
2026-03-13 20:17:00,3.1281,3.1306,3.1281,3.1301,3.1331,3.1356,3.1331,3.1351,16
2026-03-13 20:18:00,3.1306,3.1316,3.1301,3.1316,3.1356,3.1366,3.1351,3.1366,9
2026-03-13 20:19:00,3.1311,3.1346,3.1306,3.1336,3.1361,3.1396,3.1356,3.1386,31
2026-03-13 20:20:00,3.1341,3.1346,3.1326,3.1336,3.1391,3.1396,3.1376,3.1386,10
2026-03-13 20:21:00,3.1326,3.1336,3.1276,3.1296,3.1376,3.1386,3.1326,3.1346,17
2026-03-13 20:22:00,3.1301,3.1306,3.1296,3.1306,3.1351,3.1356,3.1346,3.1356,4
2026-03-13 20:23:00,3.1296,3.1296,3.1271,3.1296,3.1346,3.1346,3.1321,3.1346,9
2026-03-13 20:24:00,3.1286,3.1286,3.1266,3.1276,3.1336,3.1336,3.1316,3.1326,18
2026-03-13 20:25:00,3.1281,3.1296,3.1281,3.1286,3.1331,3.1346,3.1331,3.1336,5
2026-03-13 20:26:00,3.1296,3.1296,3.1271,3.1276,3.1346,3.1346,3.1321,3.1326,5
2026-03-13 20:27:00,3.1281,3.1296,3.1276,3.1286,3.1331,3.1346,3.1326,3.1336,9
2026-03-13 20:28:00,3.1271,3.1301,3.1271,3.1296,3.1321,3.1351,3.1321,3.1346,13
2026-03-13 20:29:00,3.1291,3.1316,3.1291,3.1316,3.1341,3.1366,3.1341,3.1366,14
2026-03-13 20:30:00,3.1321,3.1356,3.1306,3.1336,3.1371,3.1406,3.1356,3.1386,36
2026-03-13 20:31:00,3.1331,3.1346,3.1316,3.1326,3.1381,3.1396,3.1366,3.1376,10
2026-03-13 20:32:00,3.1316,3.1326,3.1306,3.1316,3.1366,3.1376,3.1356,3.1366,11
2026-03-13 20:33:00,3.1326,3.1331,3.1316,3.1326,3.1376,3.1381,3.1366,3.1376,6
2026-03-13 20:34:00,3.1336,3.1336,3.1316,3.1316,3.1386,3.1386,3.1366,3.1366,8
2026-03-13 20:35:00,3.1321,3.1326,3.1296,3.1326,3.1371,3.1376,3.1346,3.1376,12
2026-03-13 20:36:00,3.1321,3.1346,3.1321,3.1341,3.1371,3.1396,3.1371,3.1391,13
2026-03-13 20:37:00,3.1346,3.1356,3.1326,3.1336,3.1396,3.1406,3.1376,3.1386,22
2026-03-13 20:38:00,3.1341,3.1346,3.1331,3.1331,3.1391,3.1396,3.1381,3.1381,6
2026-03-13 20:39:00,3.1321,3.1326,3.1296,3.1296,3.1371,3.1376,3.1346,3.1346,14
2026-03-13 20:40:00,3.1286,3.1306,3.1286,3.1306,3.1336,3.1356,3.1336,3.1356,8
2026-03-13 20:41:00,3.1311,3.1336,3.1306,3.1306,3.1361,3.1386,3.1356,3.1356,26
2026-03-13 20:42:00,3.1311,3.1311,3.1306,3.1306,3.1361,3.1361,3.1356,3.1356,2
2026-03-13 20:43:00,3.1311,3.1326,3.1276,3.1281,3.1361,3.1376,3.1326,3.1331,14
2026-03-13 20:44:00,3.1286,3.1296,3.1286,3.1296,3.1336,3.1346,3.1336,3.1346,5
2026-03-13 20:45:00,3.1286,3.1286,3.1276,3.1286,3.1336,3.1336,3.1326,3.1336,3
2026-03-13 20:46:00,3.1296,3.1296,3.1286,3.1286,3.1346,3.1346,3.1336,3.1336,4
2026-03-13 20:47:00,3.1281,3.1296,3.1266,3.1276,3.1331,3.1346,3.1316,3.1326,15
2026-03-13 20:48:00,3.1286,3.1291,3.1266,3.1286,3.1336,3.1341,3.1316,3.1336,13
2026-03-13 20:49:00,3.1291,3.1306,3.1291,3.1306,3.1341,3.1356,3.1341,3.1356,7
2026-03-13 20:50:00,3.1301,3.1316,3.1296,3.1306,3.1351,3.1366,3.1346,3.1356,10
2026-03-13 20:51:00,3.1316,3.1316,3.1301,3.1306,3.1366,3.1366,3.1351,3.1356,11
2026-03-13 20:52:00,3.1316,3.1321,3.1266,3.1276,3.1366,3.1371,3.1316,3.1326,19
2026-03-13 20:53:00,3.1271,3.1276,3.1251,3.1276,3.1321,3.1326,3.1301,3.1326,8
2026-03-13 20:54:00,3.1271,3.1276,3.1256,3.1276,3.1321,3.1326,3.1306,3.1326,9
2026-03-13 20:55:00,3.1266,3.1286,3.1266,3.1276,3.1316,3.1336,3.1316,3.1326,4
2026-03-13 20:56:00,3.1286,3.1296,3.1286,3.1286,3.1336,3.1346,3.1336,3.1336,7
2026-03-13 20:57:00,3.1291,3.1316,3.1291,3.1311,3.1341,3.1366,3.1341,3.1361,7
2026-03-13 20:58:00,3.1316,3.1316,3.1306,3.1306,3.1366,3.1366,3.1356,3.1356,8
2026-03-13 20:59:00,3.1301,3.1316,3.1296,3.1306,3.1351,3.1366,3.1346,3.1356,20
2026-03-13 21:00:00,3.1316,3.1346,3.1316,3.1346,3.1366,3.1396,3.1366,3.1396,6
2026-03-13 21:01:00,3.1341,3.1341,3.1316,3.1326,3.1391,3.1391,3.1366,3.1376,7
2026-03-13 21:02:00,3.1321,3.1321,3.1316,3.1321,3.1371,3.1371,3.1366,3.1371,3
2026-03-13 21:03:00,3.1316,3.1321,3.1306,3.1316,3.1366,3.1371,3.1356,3.1366,8
2026-03-13 21:04:00,3.1306,3.1311,3.1306,3.1311,3.1356,3.1361,3.1356,3.1361,4
2026-03-13 21:05:00,3.1306,3.1306,3.1286,3.1286,3.1356,3.1356,3.1336,3.1336,8
2026-03-13 21:06:00,3.1276,3.1281,3.1261,3.1276,3.1326,3.1331,3.1311,3.1326,9
2026-03-13 21:07:00,3.1271,3.1291,3.1266,3.1266,3.1321,3.1341,3.1316,3.1316,16
2026-03-13 21:08:00,3.1261,3.1271,3.1261,3.1266,3.1311,3.1321,3.1311,3.1316,4
2026-03-13 21:09:00,3.1256,3.1266,3.1256,3.1261,3.1306,3.1316,3.1306,3.1311,7
2026-03-13 21:10:00,3.1266,3.1266,3.1241,3.1251,3.1316,3.1316,3.1291,3.1301,10
2026-03-13 21:11:00,3.1246,3.1266,3.1236,3.1266,3.1296,3.1316,3.1286,3.1316,21
2026-03-13 21:12:00,3.1256,3.1266,3.1256,3.1256,3.1306,3.1316,3.1306,3.1306,12
2026-03-13 21:13:00,3.1261,3.1261,3.1246,3.1256,3.1311,3.1311,3.1296,3.1306,6
2026-03-13 21:14:00,3.1246,3.1256,3.1241,3.1256,3.1296,3.1306,3.1291,3.1306,8
2026-03-13 21:15:00,3.1261,3.1261,3.1241,3.1246,3.1311,3.1311,3.1291,3.1296,6
2026-03-13 21:16:00,3.1241,3.1256,3.1241,3.1241,3.1291,3.1306,3.1291,3.1291,12
2026-03-13 21:17:00,3.1246,3.1246,3.1231,3.1236,3.1296,3.1296,3.1281,3.1286,33
2026-03-13 21:18:00,3.1231,3.1246,3.1231,3.1241,3.1281,3.1296,3.1281,3.1291,6
2026-03-13 21:19:00,3.1236,3.1241,3.1236,3.1236,3.1286,3.1291,3.1286,3.1286,3
2026-03-13 21:20:00,3.1246,3.1286,3.1241,3.1261,3.1296,3.1336,3.1291,3.1311,20
2026-03-13 21:21:00,3.1266,3.1266,3.1236,3.1236,3.1316,3.1316,3.1286,3.1286,8
2026-03-13 21:22:00,3.1246,3.1246,3.1206,3.1231,3.1296,3.1296,3.1256,3.1281,16
2026-03-13 21:23:00,3.1236,3.1251,3.1236,3.1241,3.1286,3.1301,3.1286,3.1291,12
2026-03-13 21:24:00,3.1251,3.1256,3.1241,3.1246,3.1301,3.1306,3.1291,3.1296,8
2026-03-13 21:25:00,3.1251,3.1276,3.1251,3.1271,3.1301,3.1326,3.1301,3.1321,6
2026-03-13 21:26:00,3.1266,3.1276,3.1266,3.1276,3.1316,3.1326,3.1316,3.1326,3
2026-03-13 21:27:00,3.1271,3.1296,3.1266,3.1291,3.1321,3.1346,3.1316,3.1341,36
2026-03-13 21:28:00,3.1296,3.1301,3.1276,3.1291,3.1346,3.1351,3.1326,3.1341,15
2026-03-13 21:29:00,3.1286,3.1306,3.1281,3.1291,3.1336,3.1356,3.1331,3.1341,20
2026-03-13 21:30:00,3.1301,3.1326,3.1301,3.1316,3.1351,3.1376,3.1351,3.1366,11
2026-03-13 21:31:00,3.1311,3.1311,3.1311,3.1311,3.1361,3.1361,3.1361,3.1361,1
2026-03-13 21:32:00,3.1306,3.1306,3.1306,3.1306,3.1356,3.1356,3.1356,3.1356,1
2026-03-13 21:33:00,3.1311,3.1331,3.1311,3.1331,3.1361,3.1381,3.1361,3.1381,4
2026-03-13 21:34:00,3.1346,3.1371,3.1301,3.1311,3.1396,3.1421,3.1351,3.1361,22
2026-03-13 21:35:00,3.1316,3.1316,3.1316,3.1316,3.1366,3.1366,3.1366,3.1366,1
2026-03-13 21:36:00,3.1311,3.1351,3.1306,3.1336,3.1361,3.1401,3.1356,3.1386,19
2026-03-13 21:37:00,3.1341,3.1356,3.1326,3.1326,3.1391,3.1406,3.1376,3.1376,14
2026-03-13 21:38:00,3.1336,3.1351,3.1306,3.1311,3.1386,3.1401,3.1356,3.1361,15
2026-03-13 21:39:00,3.1306,3.1311,3.1301,3.1311,3.1356,3.1361,3.1351,3.1361,4
2026-03-13 21:40:00,3.1316,3.1356,3.1296,3.1326,3.1366,3.1406,3.1346,3.1376,27
2026-03-13 21:41:00,3.1331,3.1331,3.1331,3.1331,3.1381,3.1381,3.1381,3.1381,1
2026-03-13 21:42:00,3.1326,3.1326,3.1321,3.1321,3.1376,3.1376,3.1371,3.1371,2
2026-03-13 21:43:00,3.1316,3.1316,3.1301,3.1301,3.1366,3.1366,3.1351,3.1351,4
2026-03-13 21:44:00,3.1286,3.1286,3.1236,3.1251,3.1336,3.1336,3.1286,3.1301,11
2026-03-13 21:45:00,3.1256,3.1296,3.1256,3.1286,3.1306,3.1346,3.1306,3.1336,20
2026-03-13 21:46:00,3.1281,3.1281,3.1276,3.1276,3.1331,3.1331,3.1326,3.1326,2
2026-03-13 21:47:00,3.1271,3.1281,3.1246,3.1246,3.1321,3.1331,3.1296,3.1296,8
2026-03-13 21:48:00,3.1251,3.1286,3.1251,3.1286,3.1301,3.1336,3.1301,3.1336,12
2026-03-13 21:49:00,3.1296,3.1301,3.1296,3.1301,3.1346,3.1351,3.1346,3.1351,2
2026-03-13 21:50:00,3.1306,3.1306,3.1286,3.1301,3.1356,3.1356,3.1336,3.1351,12
2026-03-13 21:51:00,3.1291,3.1311,3.1286,3.1311,3.1341,3.1361,3.1336,3.1361,6
2026-03-13 21:52:00,3.1306,3.1311,3.1291,3.1296,3.1356,3.1361,3.1341,3.1346,14
2026-03-13 21:53:00,3.1291,3.1291,3.1266,3.1276,3.1341,3.1341,3.1316,3.1326,24
2026-03-13 21:54:00,3.1271,3.1281,3.1271,3.1281,3.1321,3.1331,3.1321,3.1331,5
2026-03-13 21:55:00,3.1271,3.1281,3.1271,3.1271,3.1321,3.1331,3.1321,3.1321,10
2026-03-13 21:56:00,3.1276,3.1306,3.1271,3.1306,3.1326,3.1356,3.1321,3.1356,7
2026-03-13 21:57:00,3.1296,3.1301,3.1276,3.1286,3.1346,3.1351,3.1326,3.1336,9
2026-03-13 21:58:00,3.1291,3.1291,3.1251,3.1276,3.1341,3.1341,3.1301,3.1326,30
2026-03-13 21:59:00,3.1271,3.1291,3.125,3.1255,3.1321,3.1341,3.13,3.1305,25
2026-03-13 22:00:00,3.128,3.128,3.128,3.128,3.13,3.13,3.13,3.13,1
2026-03-15 23:00:00,3.17,3.172,3.156,3.1605,3.175,3.177,3.161,3.1655,63
2026-03-15 23:01:00,3.1615,3.1615,3.1415,3.1445,3.1665,3.1665,3.1465,3.1495,51
2026-03-15 23:02:00,3.144,3.1455,3.138,3.1405,3.149,3.1505,3.143,3.1455,41
2026-03-15 23:03:00,3.1415,3.1415,3.133,3.135,3.1465,3.1465,3.138,3.14,36
2026-03-15 23:04:00,3.134,3.134,3.133,3.134,3.139,3.139,3.138,3.139,8
2026-03-15 23:05:00,3.1335,3.134,3.13,3.13,3.1385,3.139,3.135,3.135,17
2026-03-15 23:06:00,3.1305,3.134,3.129,3.1325,3.1355,3.139,3.134,3.1375,19
2026-03-15 23:07:00,3.133,3.1445,3.133,3.1425,3.138,3.1495,3.138,3.1475,23
2026-03-15 23:08:00,3.145,3.148,3.1405,3.143,3.15,3.153,3.1455,3.148,24
2026-03-15 23:09:00,3.1425,3.145,3.1425,3.144,3.1475,3.15,3.1475,3.149,11
2026-03-15 23:10:00,3.1445,3.145,3.1395,3.1395,3.1495,3.15,3.1445,3.1445,16
2026-03-15 23:11:00,3.1385,3.1385,3.13,3.13,3.1435,3.1435,3.135,3.135,31
2026-03-15 23:12:00,3.1285,3.13,3.1285,3.13,3.1335,3.135,3.1335,3.135,6
2026-03-15 23:13:00,3.1305,3.1305,3.124,3.1245,3.1355,3.1355,3.129,3.1295,10
2026-03-15 23:14:00,3.125,3.1275,3.1235,3.1275,3.13,3.1325,3.1285,3.1325,11
2026-03-15 23:15:00,3.128,3.134,3.1275,3.134,3.133,3.139,3.1325,3.139,20
2026-03-15 23:16:00,3.1335,3.1345,3.1335,3.1345,3.1385,3.1395,3.1385,3.1395,12
2026-03-15 23:17:00,3.134,3.1345,3.134,3.1345,3.139,3.1395,3.139,3.1395,4
2026-03-15 23:18:00,3.134,3.134,3.1335,3.134,3.139,3.139,3.1385,3.139,3
2026-03-15 23:19:00,3.1345,3.1345,3.1345,3.1345,3.1395,3.1395,3.1395,3.1395,1
2026-03-15 23:20:00,3.135,3.135,3.13,3.1305,3.14,3.14,3.135,3.1355,14
2026-03-15 23:21:00,3.13,3.1315,3.128,3.129,3.135,3.1365,3.133,3.134,10
2026-03-15 23:23:00,3.1295,3.1315,3.1295,3.131,3.1345,3.1365,3.1345,3.136,6
2026-03-15 23:24:00,3.133,3.136,3.133,3.136,3.138,3.141,3.138,3.141,4
2026-03-15 23:25:00,3.1355,3.136,3.1345,3.1345,3.1405,3.141,3.1395,3.1395,8
2026-03-15 23:26:00,3.134,3.136,3.1315,3.1325,3.139,3.141,3.1365,3.1375,17
2026-03-15 23:27:00,3.133,3.134,3.132,3.1325,3.138,3.139,3.137,3.1375,6
2026-03-15 23:28:00,3.133,3.133,3.131,3.131,3.138,3.138,3.136,3.136,7
2026-03-15 23:30:00,3.1315,3.1315,3.129,3.1295,3.1365,3.1365,3.134,3.1345,5
2026-03-15 23:31:00,3.13,3.1305,3.128,3.128,3.135,3.1355,3.133,3.133,10
2026-03-15 23:32:00,3.129,3.1305,3.122,3.122,3.134,3.1355,3.127,3.127,17
2026-03-15 23:33:00,3.1225,3.1225,3.117,3.117,3.1275,3.1275,3.122,3.122,14
2026-03-15 23:34:00,3.1175,3.1205,3.117,3.1195,3.1225,3.1255,3.122,3.1245,13
2026-03-15 23:35:00,3.119,3.119,3.118,3.119,3.124,3.124,3.123,3.124,5
2026-03-15 23:36:00,3.118,3.118,3.106,3.106,3.123,3.123,3.111,3.111,30
2026-03-15 23:37:00,3.107,3.111,3.107,3.108,3.112,3.116,3.112,3.113,17
2026-03-15 23:38:00,3.107,3.108,3.0985,3.1035,3.112,3.113,3.1035,3.1085,20
2026-03-15 23:39:00,3.103,3.106,3.1015,3.1045,3.108,3.111,3.1065,3.1095,9
2026-03-15 23:40:00,3.104,3.104,3.0985,3.099,3.109,3.109,3.1035,3.104,17
2026-03-15 23:41:00,3.0995,3.0995,3.098,3.098,3.1045,3.1045,3.103,3.103,3
2026-03-15 23:42:00,3.099,3.1,3.0985,3.1,3.104,3.105,3.1035,3.105,9
2026-03-15 23:43:00,3.101,3.1055,3.101,3.1055,3.106,3.1105,3.106,3.1105,17
2026-03-15 23:44:00,3.106,3.107,3.1055,3.106,3.111,3.112,3.1105,3.111,9
2026-03-15 23:45:00,3.105,3.105,3.102,3.102,3.11,3.11,3.107,3.107,6
2026-03-15 23:46:00,3.1025,3.103,3.101,3.101,3.1075,3.108,3.106,3.106,6
2026-03-15 23:47:00,3.1015,3.1045,3.1015,3.1035,3.1065,3.1095,3.1065,3.1085,7
2026-03-15 23:48:00,3.103,3.1035,3.1,3.1,3.108,3.1085,3.105,3.105,6
2026-03-15 23:49:00,3.1005,3.1005,3.0825,3.0935,3.1055,3.1055,3.0875,3.0985,41
2026-03-15 23:50:00,3.0945,3.096,3.0925,3.0925,3.0995,3.101,3.0975,3.0975,11
2026-03-15 23:51:00,3.093,3.094,3.0895,3.0915,3.098,3.099,3.0945,3.0965,13
2026-03-15 23:52:00,3.0925,3.093,3.0895,3.09,3.0975,3.098,3.0945,3.095,10
2026-03-15 23:53:00,3.0895,3.091,3.0895,3.09,3.0945,3.096,3.0945,3.095,4
2026-03-15 23:54:00,3.091,3.0915,3.0885,3.0885,3.096,3.0965,3.0935,3.0935,6
2026-03-15 23:55:00,3.0895,3.0945,3.0895,3.091,3.0945,3.0995,3.0945,3.096,10
2026-03-15 23:56:00,3.0915,3.097,3.0915,3.097,3.0965,3.102,3.0965,3.102,7
2026-03-15 23:57:00,3.0975,3.0975,3.0905,3.0905,3.1025,3.1025,3.0955,3.0955,12
2026-03-15 23:58:00,3.092,3.0925,3.09,3.091,3.097,3.0975,3.095,3.096,9
2026-03-15 23:59:00,3.0905,3.0915,3.089,3.089,3.0955,3.0965,3.094,3.094,9
2026-03-16 00:00:00,3.088,3.0945,3.0875,3.088,3.093,3.0995,3.0925,3.093,33
2026-03-16 00:01:00,3.0885,3.0885,3.0885,3.0885,3.0935,3.0935,3.0935,3.0935,1
2026-03-16 01:36:00,3.0763,3.0763,3.0758,3.0758,3.0813,3.0813,3.0808,3.0808,4
2026-03-16 01:38:00,3.0763,3.0778,3.0748,3.0748,3.0813,3.0828,3.0798,3.0798,6
2026-03-16 01:39:00,3.0738,3.0738,3.0638,3.0738,3.0788,3.0788,3.0688,3.0788,23
2026-03-16 01:40:00,3.0753,3.0763,3.0743,3.0758,3.0803,3.0813,3.0793,3.0808,10
2026-03-16 01:41:00,3.0768,3.0783,3.0763,3.0778,3.0818,3.0833,3.0813,3.0828,10
2026-03-16 01:42:00,3.0788,3.0788,3.0768,3.0768,3.0838,3.0838,3.0818,3.0818,3
2026-03-16 01:43:00,3.0763,3.0818,3.0753,3.0803,3.0813,3.0868,3.0803,3.0853,24
2026-03-16 01:44:00,3.0808,3.0848,3.0808,3.0843,3.0858,3.0898,3.0858,3.0893,17
2026-03-16 01:45:00,3.0848,3.0908,3.0843,3.0903,3.0898,3.0958,3.0893,3.0953,18
2026-03-16 01:46:00,3.0898,3.0908,3.0873,3.0908,3.0948,3.0958,3.0923,3.0958,12
2026-03-16 01:47:00,3.0919,3.0938,3.0898,3.0923,3.0968,3.0988,3.0948,3.0973,16
2026-03-16 01:48:00,3.0919,3.0923,3.0898,3.0923,3.0968,3.0973,3.0948,3.0973,19
2026-03-16 01:49:00,3.0928,3.0958,3.0928,3.0948,3.0978,3.1008,3.0978,3.0998,4
2026-03-16 01:50:00,3.0943,3.0968,3.0943,3.0963,3.0993,3.1018,3.0993,3.1013,14
2026-03-16 01:51:00,3.0958,3.0998,3.0958,3.0973,3.1008,3.1048,3.1008,3.1023,19
2026-03-16 01:52:00,3.0968,3.0978,3.0968,3.0973,3.1018,3.1028,3.1018,3.1023,8
2026-03-16 01:53:00,3.0978,3.0988,3.0963,3.0963,3.1028,3.1038,3.1013,3.1013,10
2026-03-16 01:54:00,3.0968,3.0978,3.0948,3.0948,3.1018,3.1028,3.0998,3.0998,15
2026-03-16 01:55:00,3.0943,3.0958,3.0943,3.0958,3.0993,3.1008,3.0993,3.1008,6
2026-03-16 01:56:00,3.0968,3.0973,3.0958,3.0968,3.1018,3.1023,3.1008,3.1018,5
2026-03-16 01:57:00,3.0978,3.0978,3.0953,3.0963,3.1028,3.1028,3.1003,3.1013,9
2026-03-16 01:58:00,3.0968,3.0983,3.0948,3.0968,3.1018,3.1033,3.0998,3.1018,14
2026-03-16 01:59:00,3.0963,3.0973,3.0958,3.0973,3.1013,3.1023,3.1008,3.1023,10
2026-03-16 02:00:00,3.0963,3.0988,3.0943,3.0978,3.1013,3.1038,3.0993,3.1028,12
2026-03-16 02:01:00,3.0983,3.1003,3.0978,3.0999,3.1033,3.1053,3.1028,3.1048,12
2026-03-16 02:02:00,3.1003,3.1013,3.0999,3.0999,3.1053,3.1063,3.1048,3.1048,8
2026-03-16 02:03:00,3.1003,3.1028,3.0988,3.1018,3.1053,3.1078,3.1038,3.1068,11
2026-03-16 02:04:00,3.1023,3.1028,3.1018,3.1018,3.1073,3.1078,3.1068,3.1068,6
2026-03-16 02:05:00,3.1028,3.1048,3.1018,3.1038,3.1078,3.1098,3.1068,3.1088,11
2026-03-16 02:06:00,3.1043,3.1058,3.1043,3.1048,3.1093,3.1108,3.1093,3.1098,9
2026-03-16 02:07:00,3.1043,3.1068,3.1043,3.1058,3.1093,3.1118,3.1093,3.1108,8
2026-03-16 02:08:00,3.1068,3.1068,3.1043,3.1053,3.1118,3.1118,3.1093,3.1103,7
2026-03-16 02:09:00,3.1058,3.1098,3.1058,3.1079,3.1108,3.1148,3.1108,3.1128,9
2026-03-16 02:10:00,3.1088,3.1118,3.1083,3.1118,3.1138,3.1168,3.1133,3.1168,11
2026-03-16 02:11:00,3.1123,3.1188,3.1123,3.1168,3.1173,3.1238,3.1173,3.1218,22
2026-03-16 02:12:00,3.1163,3.1188,3.1159,3.1188,3.1213,3.1238,3.1208,3.1238,9
2026-03-16 02:13:00,3.1198,3.1198,3.1159,3.1163,3.1248,3.1248,3.1208,3.1213,6
2026-03-16 02:14:00,3.1159,3.1159,3.1113,3.1113,3.1208,3.1208,3.1163,3.1163,18
2026-03-16 02:15:00,3.1118,3.1143,3.1118,3.1143,3.1168,3.1193,3.1168,3.1193,12
2026-03-16 02:16:00,3.1138,3.1163,3.1138,3.1163,3.1188,3.1213,3.1188,3.1213,13
2026-03-16 02:17:00,3.1168,3.1188,3.1168,3.1188,3.1218,3.1238,3.1218,3.1238,15
2026-03-16 02:18:00,3.1193,3.1198,3.1103,3.1118,3.1243,3.1248,3.1153,3.1168,32
2026-03-16 02:19:00,3.1113,3.1113,3.1098,3.1098,3.1163,3.1163,3.1148,3.1148,5
2026-03-16 02:20:00,3.1093,3.1103,3.1088,3.1098,3.1143,3.1153,3.1138,3.1148,12
2026-03-16 02:21:00,3.1103,3.1143,3.1103,3.1118,3.1153,3.1193,3.1153,3.1168,11
2026-03-16 02:22:00,3.1123,3.1123,3.1103,3.1103,3.1173,3.1173,3.1153,3.1153,6
2026-03-16 02:23:00,3.1113,3.1113,3.1058,3.1078,3.1163,3.1163,3.1108,3.1128,9
2026-03-16 02:24:00,3.1083,3.1093,3.1083,3.1083,3.1133,3.1143,3.1133,3.1133,3
2026-03-16 02:25:00,3.1088,3.1088,3.1088,3.1088,3.1138,3.1138,3.1138,3.1138,1
2026-03-16 02:26:00,3.1079,3.1083,3.1068,3.1073,3.1128,3.1133,3.1118,3.1123,14
2026-03-16 02:27:00,3.1083,3.1083,3.1073,3.1083,3.1133,3.1133,3.1123,3.1133,6
2026-03-16 02:28:00,3.1073,3.1083,3.1073,3.1078,3.1123,3.1133,3.1123,3.1128,11
2026-03-16 02:29:00,3.1083,3.1108,3.1083,3.1108,3.1133,3.1158,3.1133,3.1158,4
2026-03-16 02:30:00,3.1103,3.1113,3.1103,3.1108,3.1153,3.1163,3.1153,3.1158,10
2026-03-16 02:31:00,3.1113,3.1163,3.1113,3.1138,3.1163,3.1213,3.1163,3.1188,21
2026-03-16 02:32:00,3.1133,3.1143,3.1123,3.1138,3.1183,3.1193,3.1173,3.1188,18
2026-03-16 02:33:00,3.1143,3.1159,3.1138,3.1153,3.1193,3.1208,3.1188,3.1203,10
2026-03-16 02:34:00,3.1159,3.1159,3.1159,3.1159,3.1208,3.1208,3.1208,3.1208,1
2026-03-16 02:35:00,3.1163,3.1163,3.1159,3.1159,3.1213,3.1213,3.1208,3.1208,2
2026-03-16 02:36:00,3.1138,3.1138,3.1098,3.1113,3.1188,3.1188,3.1148,3.1163,18
2026-03-16 02:37:00,3.1118,3.1118,3.1103,3.1113,3.1168,3.1168,3.1153,3.1163,5
2026-03-16 02:38:00,3.1118,3.1118,3.1103,3.1103,3.1168,3.1168,3.1153,3.1153,3
2026-03-16 02:40:00,3.1113,3.1118,3.1103,3.1118,3.1163,3.1168,3.1153,3.1168,5
2026-03-16 02:41:00,3.1113,3.1113,3.1108,3.1108,3.1163,3.1163,3.1158,3.1158,2
2026-03-16 02:42:00,3.1098,3.1108,3.1098,3.1103,3.1148,3.1158,3.1148,3.1153,6
2026-03-16 02:43:00,3.1098,3.1128,3.1098,3.1108,3.1148,3.1178,3.1148,3.1158,11
2026-03-16 02:44:00,3.1113,3.1118,3.1113,3.1113,3.1163,3.1168,3.1163,3.1163,3
2026-03-16 02:45:00,3.1128,3.1133,3.1128,3.1133,3.1178,3.1183,3.1178,3.1183,2
2026-03-16 02:46:00,3.1138,3.1138,3.1138,3.1138,3.1188,3.1188,3.1188,3.1188,1
2026-03-16 02:47:00,3.1148,3.1163,3.1148,3.1163,3.1198,3.1213,3.1198,3.1213,5
2026-03-16 02:48:00,3.1159,3.1163,3.1148,3.1148,3.1208,3.1213,3.1198,3.1198,4
2026-03-16 02:49:00,3.1143,3.1148,3.1138,3.1143,3.1193,3.1198,3.1188,3.1193,4
2026-03-16 02:50:00,3.1138,3.1138,3.1123,3.1123,3.1188,3.1188,3.1173,3.1173,4
2026-03-16 02:51:00,3.1118,3.1128,3.1118,3.1128,3.1168,3.1178,3.1168,3.1178,5
2026-03-16 02:52:00,3.1123,3.1143,3.1123,3.1138,3.1173,3.1193,3.1173,3.1188,6
2026-03-16 02:53:00,3.1143,3.1159,3.1143,3.1159,3.1193,3.1208,3.1193,3.1208,5
2026-03-16 02:54:00,3.1163,3.1163,3.1163,3.1163,3.1213,3.1213,3.1213,3.1213,1
2026-03-16 02:55:00,3.1168,3.1168,3.1138,3.1138,3.1218,3.1218,3.1188,3.1188,8
2026-03-16 02:56:00,3.1143,3.1148,3.1143,3.1148,3.1193,3.1198,3.1193,3.1198,2
2026-03-16 02:57:00,3.1153,3.1153,3.1138,3.1153,3.1203,3.1203,3.1188,3.1203,9
2026-03-16 02:58:00,3.1148,3.1148,3.1138,3.1138,3.1198,3.1198,3.1188,3.1188,2
2026-03-16 02:59:00,3.1143,3.1143,3.1138,3.1138,3.1193,3.1193,3.1188,3.1188,2
2026-03-16 03:00:00,3.1148,3.1148,3.1123,3.1133,3.1198,3.1198,3.1173,3.1183,18
2026-03-16 03:01:00,3.1128,3.1138,3.1128,3.1133,3.1178,3.1188,3.1178,3.1183,6
2026-03-16 03:02:00,3.1123,3.1123,3.1123,3.1123,3.1173,3.1173,3.1173,3.1173,1
2026-03-16 03:03:00,3.1128,3.1128,3.1108,3.1113,3.1178,3.1178,3.1158,3.1163,8
2026-03-16 03:04:00,3.1108,3.1108,3.1108,3.1108,3.1158,3.1158,3.1158,3.1158,1
2026-03-16 03:05:00,3.1103,3.1103,3.1098,3.1098,3.1153,3.1153,3.1148,3.1148,2
2026-03-16 03:06:00,3.1088,3.1093,3.1088,3.1093,3.1138,3.1143,3.1138,3.1143,4
2026-03-16 03:07:00,3.1088,3.1103,3.1088,3.1103,3.1138,3.1153,3.1138,3.1153,6
2026-03-16 03:10:00,3.1108,3.1108,3.1108,3.1108,3.1158,3.1158,3.1158,3.1158,1
2026-03-16 03:11:00,3.1118,3.1128,3.1118,3.1118,3.1168,3.1178,3.1168,3.1168,3
2026-03-16 03:12:00,3.1113,3.1113,3.1103,3.1103,3.1163,3.1163,3.1153,3.1153,4
2026-03-16 03:13:00,3.1108,3.1138,3.1108,3.1138,3.1158,3.1188,3.1158,3.1188,8
2026-03-16 03:14:00,3.1133,3.1163,3.1133,3.1153,3.1183,3.1213,3.1183,3.1203,10
2026-03-16 03:15:00,3.1143,3.1153,3.1133,3.1148,3.1193,3.1203,3.1183,3.1198,6
2026-03-16 03:18:00,3.1138,3.1143,3.1128,3.1128,3.1188,3.1193,3.1178,3.1178,4
2026-03-16 03:19:00,3.1123,3.1128,3.1123,3.1128,3.1173,3.1178,3.1173,3.1178,2
2026-03-16 03:21:00,3.1138,3.1148,3.1138,3.1148,3.1188,3.1198,3.1188,3.1198,3
2026-03-16 03:22:00,3.1153,3.1153,3.1138,3.1153,3.1203,3.1203,3.1188,3.1203,8
2026-03-16 03:23:00,3.1148,3.1148,3.1148,3.1148,3.1198,3.1198,3.1198,3.1198,1
2026-03-16 03:24:00,3.1153,3.1159,3.1143,3.1153,3.1203,3.1208,3.1193,3.1203,7
2026-03-16 03:25:00,3.1143,3.1148,3.1143,3.1143,3.1193,3.1198,3.1193,3.1193,5
2026-03-16 03:27:00,3.1148,3.1148,3.1143,3.1143,3.1198,3.1198,3.1193,3.1193,2
2026-03-16 03:28:00,3.1148,3.1159,3.1148,3.1153,3.1198,3.1208,3.1198,3.1203,7
2026-03-16 03:30:00,3.1159,3.1178,3.1159,3.1173,3.1208,3.1228,3.1208,3.1223,6
2026-03-16 03:31:00,3.1168,3.1168,3.1163,3.1168,3.1218,3.1218,3.1213,3.1218,3
2026-03-16 03:32:00,3.1159,3.1159,3.1098,3.1113,3.1208,3.1208,3.1148,3.1163,15
2026-03-16 03:33:00,3.1118,3.1118,3.1118,3.1118,3.1168,3.1168,3.1168,3.1168,1
2026-03-16 03:34:00,3.1123,3.1123,3.1118,3.1118,3.1173,3.1173,3.1168,3.1168,2
2026-03-16 03:36:00,3.1108,3.1113,3.1103,3.1103,3.1158,3.1163,3.1153,3.1153,3
2026-03-16 03:37:00,3.1098,3.1103,3.1098,3.1103,3.1148,3.1153,3.1148,3.1153,4
2026-03-16 03:38:00,3.1093,3.1098,3.1088,3.1098,3.1143,3.1148,3.1138,3.1148,5
2026-03-16 03:39:00,3.1103,3.1103,3.1088,3.1093,3.1153,3.1153,3.1138,3.1143,9
2026-03-16 03:40:00,3.1098,3.1108,3.1093,3.1098,3.1148,3.1158,3.1143,3.1148,6
2026-03-16 03:42:00,3.1108,3.1108,3.1108,3.1108,3.1158,3.1158,3.1158,3.1158,1
2026-03-16 03:44:00,3.1103,3.1103,3.1103,3.1103,3.1153,3.1153,3.1153,3.1153,1
2026-03-16 03:45:00,3.1108,3.1108,3.1093,3.1098,3.1158,3.1158,3.1143,3.1148,4
2026-03-16 03:46:00,3.1093,3.1093,3.1068,3.1079,3.1143,3.1143,3.1118,3.1128,8
2026-03-16 03:47:00,3.1083,3.1098,3.1079,3.1093,3.1133,3.1148,3.1128,3.1143,9
2026-03-16 03:48:00,3.1083,3.1083,3.1083,3.1083,3.1133,3.1133,3.1133,3.1133,1
2026-03-16 03:49:00,3.1093,3.1103,3.1093,3.1103,3.1143,3.1153,3.1143,3.1153,2
2026-03-16 03:50:00,3.1093,3.1093,3.1093,3.1093,3.1143,3.1143,3.1143,3.1143,1
2026-03-16 03:51:00,3.1098,3.1103,3.1093,3.1093,3.1148,3.1153,3.1143,3.1143,4
2026-03-16 03:52:00,3.1098,3.1098,3.1093,3.1093,3.1148,3.1148,3.1143,3.1143,2
2026-03-16 03:53:00,3.1088,3.1088,3.1073,3.1079,3.1138,3.1138,3.1123,3.1128,12
2026-03-16 03:54:00,3.1083,3.1083,3.1073,3.1073,3.1133,3.1133,3.1123,3.1123,2
2026-03-16 03:56:00,3.1078,3.1083,3.1073,3.1073,3.1128,3.1133,3.1123,3.1123,7
2026-03-16 03:57:00,3.1068,3.1068,3.1068,3.1068,3.1118,3.1118,3.1118,3.1118,1
2026-03-16 03:58:00,3.1073,3.1073,3.1073,3.1073,3.1123,3.1123,3.1123,3.1123,1
2026-03-16 03:59:00,3.1068,3.1068,3.1043,3.1058,3.1118,3.1118,3.1093,3.1108,6
2026-03-16 04:00:00,3.1068,3.1068,3.1068,3.1068,3.1118,3.1118,3.1118,3.1118,1
2026-03-16 04:01:00,3.1073,3.1073,3.1068,3.1073,3.1123,3.1123,3.1118,3.1123,21
2026-03-16 04:02:00,3.1079,3.1079,3.1063,3.1079,3.1128,3.1128,3.1113,3.1128,13
2026-03-16 04:04:00,3.1073,3.1073,3.1063,3.1063,3.1123,3.1123,3.1113,3.1113,3
2026-03-16 04:06:00,3.1058,3.1063,3.1058,3.1063,3.1108,3.1113,3.1108,3.1113,2
2026-03-16 04:07:00,3.1058,3.1058,3.1043,3.1048,3.1108,3.1108,3.1093,3.1098,4
2026-03-16 04:08:00,3.1058,3.1058,3.1058,3.1058,3.1108,3.1108,3.1108,3.1108,1
2026-03-16 04:09:00,3.1068,3.1068,3.1038,3.1038,3.1118,3.1118,3.1088,3.1088,6
2026-03-16 04:10:00,3.1043,3.1058,3.1028,3.1058,3.1093,3.1108,3.1078,3.1108,9
2026-03-16 04:11:00,3.1063,3.1063,3.1058,3.1063,3.1113,3.1113,3.1108,3.1113,3
2026-03-16 04:12:00,3.1053,3.1053,3.1043,3.1043,3.1103,3.1103,3.1093,3.1093,3
2026-03-16 04:13:00,3.1038,3.1043,3.1038,3.1043,3.1088,3.1093,3.1088,3.1093,2
2026-03-16 04:14:00,3.1053,3.1053,3.1033,3.1033,3.1103,3.1103,3.1083,3.1083,3
2026-03-16 04:17:00,3.1043,3.1088,3.1043,3.1079,3.1093,3.1138,3.1093,3.1128,14
2026-03-16 04:18:00,3.1073,3.1073,3.1058,3.1058,3.1123,3.1123,3.1108,3.1108,5
2026-03-16 04:19:00,3.1063,3.1063,3.1053,3.1053,3.1113,3.1113,3.1103,3.1103,2
2026-03-16 04:20:00,3.1048,3.1048,3.1033,3.1033,3.1098,3.1098,3.1083,3.1083,8
2026-03-16 04:21:00,3.1043,3.1048,3.1043,3.1048,3.1093,3.1098,3.1093,3.1098,4
2026-03-16 04:22:00,3.1043,3.1043,3.1043,3.1043,3.1093,3.1093,3.1093,3.1093,1
2026-03-16 04:23:00,3.1048,3.1053,3.1048,3.1048,3.1098,3.1103,3.1098,3.1098,3
2026-03-16 04:24:00,3.1043,3.1053,3.1043,3.1053,3.1093,3.1103,3.1093,3.1103,2
2026-03-16 04:26:00,3.1043,3.1043,3.1043,3.1043,3.1093,3.1093,3.1093,3.1093,1
2026-03-16 04:27:00,3.1033,3.1038,3.1033,3.1038,3.1083,3.1088,3.1083,3.1088,2
2026-03-16 04:28:00,3.1048,3.1048,3.1043,3.1043,3.1098,3.1098,3.1093,3.1093,2
2026-03-16 04:30:00,3.1048,3.1053,3.1008,3.1018,3.1098,3.1103,3.1058,3.1068,12
2026-03-16 04:31:00,3.1023,3.1028,3.1003,3.1008,3.1073,3.1078,3.1053,3.1058,9
2026-03-16 04:32:00,3.0999,3.1008,3.0999,3.1008,3.1048,3.1058,3.1048,3.1058,2
2026-03-16 04:33:00,3.0999,3.1008,3.0958,3.0958,3.1048,3.1058,3.1008,3.1008,11
2026-03-16 04:35:00,3.0963,3.0978,3.0963,3.0978,3.1013,3.1028,3.1013,3.1028,4
2026-03-16 04:36:00,3.0983,3.0983,3.0968,3.0968,3.1033,3.1033,3.1018,3.1018,13
2026-03-16 04:37:00,3.0978,3.0978,3.0978,3.0978,3.1028,3.1028,3.1028,3.1028,1
2026-03-16 04:38:00,3.0988,3.0988,3.0958,3.0958,3.1038,3.1038,3.1008,3.1008,5
2026-03-16 04:39:00,3.0948,3.0958,3.0948,3.0948,3.0998,3.1008,3.0998,3.0998,5
2026-03-16 04:40:00,3.0938,3.0943,3.0928,3.0943,3.0988,3.0993,3.0978,3.0993,4
2026-03-16 04:41:00,3.0928,3.0938,3.0919,3.0928,3.0978,3.0988,3.0968,3.0978,11
2026-03-16 04:42:00,3.0933,3.0943,3.0913,3.0919,3.0983,3.0993,3.0963,3.0968,10
2026-03-16 04:43:00,3.0923,3.0953,3.0908,3.0948,3.0973,3.1003,3.0958,3.0998,15
2026-03-16 04:44:00,3.0958,3.0993,3.0958,3.0988,3.1008,3.1043,3.1008,3.1038,8
2026-03-16 04:45:00,3.0983,3.0983,3.0968,3.0978,3.1033,3.1033,3.1018,3.1028,6
2026-03-16 04:46:00,3.0983,3.0983,3.0978,3.0978,3.1033,3.1033,3.1028,3.1028,4
2026-03-16 04:47:00,3.0983,3.0983,3.0953,3.0953,3.1033,3.1033,3.1003,3.1003,11
2026-03-16 04:48:00,3.0958,3.0973,3.0958,3.0968,3.1008,3.1023,3.1008,3.1018,6
2026-03-16 04:49:00,3.0963,3.0963,3.0963,3.0963,3.1013,3.1013,3.1013,3.1013,1
2026-03-16 04:50:00,3.0968,3.0968,3.0968,3.0968,3.1018,3.1018,3.1018,3.1018,1
2026-03-16 04:51:00,3.0963,3.0963,3.0948,3.0948,3.1013,3.1013,3.0998,3.0998,3
2026-03-16 04:52:00,3.0943,3.0943,3.0923,3.0923,3.0993,3.0993,3.0973,3.0973,4
2026-03-16 04:53:00,3.0928,3.0928,3.0928,3.0928,3.0978,3.0978,3.0978,3.0978,1
2026-03-16 04:54:00,3.0933,3.0933,3.0888,3.0888,3.0983,3.0983,3.0938,3.0938,13
2026-03-16 04:56:00,3.0878,3.0878,3.0828,3.0838,3.0928,3.0928,3.0878,3.0888,11
2026-03-16 04:57:00,3.0828,3.0838,3.0828,3.0838,3.0878,3.0888,3.0878,3.0888,3
2026-03-16 04:58:00,3.0848,3.0848,3.0843,3.0848,3.0898,3.0898,3.0893,3.0898,3
2026-03-16 04:59:00,3.0838,3.0848,3.0838,3.0848,3.0888,3.0898,3.0888,3.0898,3
2026-03-16 05:00:00,3.0838,3.0838,3.0833,3.0833,3.0888,3.0888,3.0883,3.0883,2
2026-03-16 05:01:00,3.0838,3.0838,3.0838,3.0838,3.0888,3.0888,3.0888,3.0888,1
2026-03-16 05:02:00,3.0833,3.0833,3.0828,3.0828,3.0883,3.0883,3.0878,3.0878,2
2026-03-16 05:03:00,3.0833,3.0853,3.0833,3.0848,3.0883,3.0903,3.0883,3.0898,7
2026-03-16 05:04:00,3.0853,3.0873,3.0818,3.0818,3.0903,3.0923,3.0868,3.0868,17
2026-03-16 05:05:00,3.0813,3.0813,3.0788,3.0798,3.0863,3.0863,3.0838,3.0848,8
2026-03-16 05:06:00,3.0813,3.0818,3.0813,3.0818,3.0863,3.0868,3.0863,3.0868,2
2026-03-16 05:07:00,3.0808,3.0808,3.0778,3.0788,3.0858,3.0858,3.0828,3.0838,12
2026-03-16 05:08:00,3.0793,3.0793,3.0788,3.0793,3.0843,3.0843,3.0838,3.0843,3
2026-03-16 05:09:00,3.0788,3.0803,3.0788,3.0788,3.0838,3.0853,3.0838,3.0838,6
2026-03-16 05:10:00,3.0793,3.0798,3.0793,3.0798,3.0843,3.0848,3.0843,3.0848,2
2026-03-16 05:12:00,3.0803,3.0808,3.0793,3.0793,3.0853,3.0858,3.0843,3.0843,6
2026-03-16 05:13:00,3.0788,3.0798,3.0788,3.0798,3.0838,3.0848,3.0838,3.0848,2
2026-03-16 05:14:00,3.0788,3.0788,3.0788,3.0788,3.0838,3.0838,3.0838,3.0838,1
2026-03-16 05:15:00,3.0793,3.0793,3.0788,3.0788,3.0843,3.0843,3.0838,3.0838,4
2026-03-16 05:16:00,3.0798,3.0828,3.0798,3.0818,3.0848,3.0878,3.0848,3.0868,34
2026-03-16 05:17:00,3.0823,3.0863,3.0813,3.0843,3.0873,3.0913,3.0863,3.0893,21
2026-03-16 05:18:00,3.0848,3.0863,3.0848,3.0863,3.0898,3.0913,3.0898,3.0913,8
2026-03-16 05:19:00,3.0853,3.0863,3.0853,3.0863,3.0903,3.0913,3.0903,3.0913,3
2026-03-16 05:20:00,3.0868,3.0868,3.0843,3.0843,3.0918,3.0918,3.0893,3.0893,4
2026-03-16 05:21:00,3.0848,3.0888,3.0843,3.0848,3.0898,3.0938,3.0893,3.0898,27
2026-03-16 05:22:00,3.0853,3.0863,3.0843,3.0848,3.0903,3.0913,3.0893,3.0898,7
2026-03-16 05:23:00,3.0853,3.0898,3.0843,3.0898,3.0903,3.0948,3.0893,3.0948,11
2026-03-16 05:24:00,3.0893,3.0938,3.0893,3.0938,3.0943,3.0988,3.0943,3.0988,9
2026-03-16 05:25:00,3.0933,3.0933,3.0919,3.0919,3.0983,3.0983,3.0968,3.0968,6
2026-03-16 05:26:00,3.0908,3.0908,3.0898,3.0908,3.0958,3.0958,3.0948,3.0958,6
2026-03-16 05:27:00,3.0913,3.0928,3.0913,3.0928,3.0963,3.0978,3.0963,3.0978,8
2026-03-16 05:28:00,3.0923,3.0938,3.0919,3.0923,3.0973,3.0988,3.0968,3.0973,6
2026-03-16 05:30:00,3.0928,3.0928,3.0903,3.0903,3.0978,3.0978,3.0953,3.0953,5
2026-03-16 05:31:00,3.0908,3.0928,3.0908,3.0923,3.0958,3.0978,3.0958,3.0973,4
2026-03-16 05:32:00,3.0928,3.0953,3.0928,3.0943,3.0978,3.1003,3.0978,3.0993,12
2026-03-16 05:33:00,3.0938,3.0968,3.0938,3.0953,3.0988,3.1018,3.0988,3.1003,15
2026-03-16 05:34:00,3.0958,3.0968,3.0953,3.0968,3.1008,3.1018,3.1003,3.1018,4
2026-03-16 05:35:00,3.0978,3.0978,3.0963,3.0963,3.1028,3.1028,3.1013,3.1013,5
2026-03-16 05:36:00,3.0968,3.0968,3.0953,3.0953,3.1018,3.1018,3.1003,3.1003,7
2026-03-16 05:37:00,3.0938,3.0988,3.0938,3.0978,3.0988,3.1038,3.0988,3.1028,12
2026-03-16 05:38:00,3.0968,3.0973,3.0968,3.0973,3.1018,3.1023,3.1018,3.1023,2
2026-03-16 05:39:00,3.0983,3.0983,3.0973,3.0978,3.1033,3.1033,3.1023,3.1028,5
2026-03-16 05:40:00,3.0968,3.0973,3.0968,3.0973,3.1018,3.1023,3.1018,3.1023,2
2026-03-16 05:41:00,3.0968,3.0968,3.0938,3.0938,3.1018,3.1018,3.0988,3.0988,6
2026-03-16 05:42:00,3.0948,3.0948,3.0938,3.0943,3.0998,3.0998,3.0988,3.0993,3
2026-03-16 05:43:00,3.0938,3.0953,3.0938,3.0948,3.0988,3.1003,3.0988,3.0998,6
2026-03-16 05:44:00,3.0943,3.0953,3.0943,3.0953,3.0993,3.1003,3.0993,3.1003,2
2026-03-16 05:45:00,3.0958,3.0958,3.0958,3.0958,3.1008,3.1008,3.1008,3.1008,1
2026-03-16 05:46:00,3.0948,3.0948,3.0928,3.0928,3.0998,3.0998,3.0978,3.0978,4
2026-03-16 05:47:00,3.0923,3.0928,3.0923,3.0928,3.0973,3.0978,3.0973,3.0978,2
2026-03-16 05:48:00,3.0919,3.0919,3.0919,3.0919,3.0968,3.0968,3.0968,3.0968,1
2026-03-16 05:49:00,3.0913,3.0919,3.0913,3.0919,3.0963,3.0968,3.0963,3.0968,6
2026-03-16 05:51:00,3.0913,3.0913,3.0878,3.0898,3.0963,3.0963,3.0928,3.0948,12
2026-03-16 05:52:00,3.0908,3.0908,3.0908,3.0908,3.0958,3.0958,3.0958,3.0958,1
2026-03-16 05:54:00,3.0898,3.0898,3.0888,3.0898,3.0948,3.0948,3.0938,3.0948,5
2026-03-16 05:56:00,3.0908,3.0938,3.0908,3.0928,3.0958,3.0988,3.0958,3.0978,5
2026-03-16 05:57:00,3.0933,3.0948,3.0933,3.0948,3.0983,3.0998,3.0983,3.0998,15
2026-03-16 05:58:00,3.0938,3.0943,3.0923,3.0938,3.0988,3.0993,3.0973,3.0988,7
2026-03-16 05:59:00,3.0928,3.0938,3.0923,3.0928,3.0978,3.0988,3.0973,3.0978,9
2026-03-16 06:00:00,3.0933,3.0938,3.0928,3.0928,3.0983,3.0988,3.0978,3.0978,26
2026-03-16 06:01:00,3.0923,3.0978,3.0923,3.0978,3.0973,3.1028,3.0973,3.1028,9
2026-03-16 06:02:00,3.0988,3.1008,3.0988,3.0993,3.1038,3.1058,3.1038,3.1043,8
2026-03-16 06:03:00,3.0999,3.1028,3.0999,3.1008,3.1048,3.1078,3.1048,3.1058,13
2026-03-16 06:04:00,3.1003,3.1008,3.0999,3.1003,3.1053,3.1058,3.1048,3.1053,7
2026-03-16 06:05:00,3.1013,3.1018,3.1008,3.1013,3.1063,3.1068,3.1058,3.1063,7
2026-03-16 06:06:00,3.1023,3.1058,3.1023,3.1053,3.1073,3.1108,3.1073,3.1103,8
2026-03-16 06:07:00,3.1058,3.1068,3.1053,3.1053,3.1108,3.1118,3.1103,3.1103,6
2026-03-16 06:08:00,3.1058,3.1063,3.1058,3.1058,3.1108,3.1113,3.1108,3.1108,3
2026-03-16 06:10:00,3.1073,3.1118,3.1073,3.1118,3.1123,3.1168,3.1123,3.1168,8
2026-03-16 06:11:00,3.1108,3.1118,3.1108,3.1113,3.1158,3.1168,3.1158,3.1163,8
2026-03-16 06:12:00,3.1118,3.1168,3.1118,3.1163,3.1168,3.1218,3.1168,3.1213,16
2026-03-16 06:13:00,3.1159,3.1168,3.1148,3.1159,3.1208,3.1218,3.1198,3.1208,10
2026-03-16 06:14:00,3.1153,3.1188,3.1153,3.1173,3.1203,3.1238,3.1203,3.1223,12
2026-03-16 06:15:00,3.1168,3.1178,3.1168,3.1168,3.1218,3.1228,3.1218,3.1218,9
2026-03-16 06:16:00,3.1173,3.1178,3.1153,3.1153,3.1223,3.1228,3.1203,3.1203,11
2026-03-16 06:17:00,3.1148,3.1148,3.1098,3.1098,3.1198,3.1198,3.1148,3.1148,12
2026-03-16 06:18:00,3.1103,3.1159,3.1103,3.1153,3.1153,3.1208,3.1153,3.1203,19
2026-03-16 06:19:00,3.1158,3.1188,3.1158,3.1178,3.1208,3.1238,3.1208,3.1228,5
2026-03-16 06:20:00,3.1183,3.1208,3.1183,3.1208,3.1233,3.1258,3.1233,3.1258,14
2026-03-16 06:21:00,3.1198,3.1208,3.1198,3.1208,3.1248,3.1258,3.1248,3.1258,5
2026-03-16 06:22:00,3.1203,3.1218,3.1198,3.1208,3.1253,3.1268,3.1248,3.1258,7
2026-03-16 06:23:00,3.1203,3.1253,3.1198,3.1243,3.1253,3.1303,3.1248,3.1293,17
2026-03-16 06:24:00,3.1238,3.1238,3.1198,3.1198,3.1288,3.1288,3.1248,3.1248,11
2026-03-16 06:25:00,3.1193,3.1193,3.1163,3.1163,3.1243,3.1243,3.1213,3.1213,3
2026-03-16 06:26:00,3.1173,3.1173,3.1148,3.1153,3.1223,3.1223,3.1198,3.1203,8
2026-03-16 06:27:00,3.1159,3.1193,3.1159,3.1183,3.1208,3.1243,3.1208,3.1233,10
2026-03-16 06:28:00,3.1188,3.1188,3.1183,3.1183,3.1238,3.1238,3.1233,3.1233,2
2026-03-16 06:29:00,3.1173,3.1178,3.1163,3.1173,3.1223,3.1228,3.1213,3.1223,5
2026-03-16 06:30:00,3.1168,3.1168,3.1153,3.1153,3.1218,3.1218,3.1203,3.1203,4
2026-03-16 06:31:00,3.1148,3.1203,3.1133,3.1188,3.1198,3.1253,3.1183,3.1238,17
2026-03-16 06:32:00,3.1178,3.1178,3.1163,3.1163,3.1228,3.1228,3.1213,3.1213,3
2026-03-16 06:33:00,3.1159,3.1159,3.1148,3.1148,3.1208,3.1208,3.1198,3.1198,2
2026-03-16 06:34:00,3.1143,3.1153,3.1133,3.1133,3.1193,3.1203,3.1183,3.1183,6
2026-03-16 06:35:00,3.1138,3.1153,3.1098,3.1098,3.1188,3.1203,3.1148,3.1148,16
2026-03-16 06:36:00,3.1103,3.1128,3.1098,3.1123,3.1153,3.1178,3.1148,3.1173,7
2026-03-16 06:37:00,3.1118,3.1118,3.1088,3.1103,3.1168,3.1168,3.1138,3.1153,9
2026-03-16 06:38:00,3.1113,3.1123,3.1088,3.1088,3.1163,3.1173,3.1138,3.1138,11
2026-03-16 06:39:00,3.1093,3.1168,3.1093,3.1153,3.1143,3.1218,3.1143,3.1203,13
2026-03-16 06:40:00,3.1158,3.1178,3.1158,3.1168,3.1208,3.1228,3.1208,3.1218,7
2026-03-16 06:41:00,3.1173,3.1178,3.1173,3.1173,3.1223,3.1228,3.1223,3.1223,3
2026-03-16 06:42:00,3.1168,3.1173,3.1163,3.1163,3.1218,3.1223,3.1213,3.1213,7
2026-03-16 06:43:00,3.1168,3.1178,3.1168,3.1178,3.1218,3.1228,3.1218,3.1228,2
2026-03-16 06:44:00,3.1173,3.1178,3.1173,3.1178,3.1223,3.1228,3.1223,3.1228,6
2026-03-16 06:45:00,3.1173,3.1188,3.1168,3.1188,3.1223,3.1238,3.1218,3.1238,6
2026-03-16 06:46:00,3.1183,3.1183,3.1168,3.1168,3.1233,3.1233,3.1218,3.1218,4
2026-03-16 06:47:00,3.1159,3.1159,3.1083,3.1083,3.1208,3.1208,3.1133,3.1133,10
2026-03-16 06:48:00,3.1088,3.1108,3.1088,3.1103,3.1138,3.1158,3.1138,3.1153,7
2026-03-16 06:49:00,3.1113,3.1113,3.1083,3.1083,3.1163,3.1163,3.1133,3.1133,4
2026-03-16 06:50:00,3.1063,3.1103,3.1038,3.1103,3.1113,3.1153,3.1088,3.1153,23
2026-03-16 06:51:00,3.1098,3.1098,3.1058,3.1063,3.1148,3.1148,3.1108,3.1113,6
2026-03-16 06:52:00,3.1073,3.1088,3.1073,3.1088,3.1123,3.1138,3.1123,3.1138,5
2026-03-16 06:53:00,3.1079,3.1079,3.1068,3.1073,3.1128,3.1128,3.1118,3.1123,5
2026-03-16 06:54:00,3.1079,3.1079,3.1073,3.1079,3.1128,3.1128,3.1123,3.1128,11
2026-03-16 06:55:00,3.1073,3.1088,3.1048,3.1053,3.1123,3.1138,3.1098,3.1103,9
2026-03-16 06:56:00,3.1048,3.1058,3.1028,3.1038,3.1098,3.1108,3.1078,3.1088,10
2026-03-16 06:57:00,3.1043,3.1043,3.1018,3.1023,3.1093,3.1093,3.1068,3.1073,6
2026-03-16 06:58:00,3.1018,3.1018,3.1018,3.1018,3.1068,3.1068,3.1068,3.1068,1
2026-03-16 06:59:00,3.0998,3.1008,3.0968,3.0978,3.1048,3.1058,3.1018,3.1028,14
2026-03-16 07:00:00,3.0968,3.1008,3.0953,3.0999,3.1018,3.1058,3.1003,3.1048,22
2026-03-16 07:01:00,3.0993,3.0998,3.0958,3.0988,3.1043,3.1048,3.1008,3.1038,17
2026-03-16 07:02:00,3.0993,3.1013,3.0993,3.1013,3.1043,3.1063,3.1043,3.1063,4
2026-03-16 07:03:00,3.1023,3.1073,3.1023,3.1063,3.1073,3.1123,3.1073,3.1113,9
2026-03-16 07:04:00,3.1068,3.1068,3.1063,3.1063,3.1118,3.1118,3.1113,3.1113,4
2026-03-16 07:05:00,3.1068,3.1098,3.1068,3.1093,3.1118,3.1148,3.1118,3.1143,11
2026-03-16 07:06:00,3.1098,3.1118,3.1083,3.1118,3.1148,3.1168,3.1133,3.1168,13
2026-03-16 07:07:00,3.1103,3.1113,3.1088,3.1098,3.1153,3.1163,3.1138,3.1148,10
2026-03-16 07:08:00,3.1093,3.1103,3.1093,3.1093,3.1143,3.1153,3.1143,3.1143,5
2026-03-16 07:09:00,3.1098,3.1113,3.1093,3.1098,3.1148,3.1163,3.1143,3.1148,10
2026-03-16 07:10:00,3.1093,3.1128,3.1093,3.1128,3.1143,3.1178,3.1143,3.1178,4
2026-03-16 07:11:00,3.1138,3.1159,3.1133,3.1143,3.1188,3.1208,3.1183,3.1193,12
2026-03-16 07:12:00,3.1148,3.1148,3.1143,3.1143,3.1198,3.1198,3.1193,3.1193,2
2026-03-16 07:13:00,3.1133,3.1133,3.1133,3.1133,3.1183,3.1183,3.1183,3.1183,1
2026-03-16 07:14:00,3.1128,3.1163,3.1128,3.1158,3.1178,3.1213,3.1178,3.1208,20
2026-03-16 07:15:00,3.1153,3.1183,3.1153,3.1178,3.1203,3.1233,3.1203,3.1228,7
2026-03-16 07:16:00,3.1173,3.1213,3.1173,3.1193,3.1223,3.1263,3.1223,3.1243,7
2026-03-16 07:17:00,3.1188,3.1188,3.1183,3.1183,3.1238,3.1238,3.1233,3.1233,2
2026-03-16 07:18:00,3.1178,3.1188,3.1178,3.1188,3.1228,3.1238,3.1228,3.1238,3
2026-03-16 07:19:00,3.1183,3.1213,3.1183,3.1208,3.1233,3.1263,3.1233,3.1258,8
2026-03-16 07:20:00,3.1218,3.1258,3.1213,3.1258,3.1268,3.1308,3.1263,3.1308,14
2026-03-16 07:21:00,3.1248,3.1298,3.1238,3.1248,3.1298,3.1348,3.1288,3.1298,22
2026-03-16 07:22:00,3.1253,3.1273,3.1248,3.1258,3.1303,3.1323,3.1298,3.1308,9
2026-03-16 07:23:00,3.1263,3.1288,3.1258,3.1278,3.1313,3.1338,3.1308,3.1328,11
2026-03-16 07:24:00,3.1268,3.1288,3.1258,3.1273,3.1318,3.1338,3.1308,3.1323,8
2026-03-16 07:25:00,3.1278,3.1298,3.1263,3.1263,3.1328,3.1348,3.1313,3.1313,7
2026-03-16 07:26:00,3.1258,3.1278,3.1238,3.1263,3.1308,3.1328,3.1288,3.1313,14
2026-03-16 07:27:00,3.1273,3.1283,3.1273,3.1278,3.1323,3.1333,3.1323,3.1328,5
2026-03-16 07:28:00,3.1273,3.1288,3.1263,3.1263,3.1323,3.1338,3.1313,3.1313,12
2026-03-16 07:29:00,3.1268,3.1273,3.1258,3.1263,3.1318,3.1323,3.1308,3.1313,9
2026-03-16 07:30:00,3.1258,3.1278,3.1238,3.1238,3.1308,3.1328,3.1288,3.1288,11
2026-03-16 07:31:00,3.1233,3.1233,3.1138,3.1163,3.1283,3.1283,3.1188,3.1213,16
2026-03-16 07:32:00,3.1168,3.1188,3.1168,3.1178,3.1218,3.1238,3.1218,3.1228,10
2026-03-16 07:33:00,3.1168,3.1168,3.1143,3.1143,3.1218,3.1218,3.1193,3.1193,7
2026-03-16 07:34:00,3.1153,3.1153,3.1098,3.1143,3.1203,3.1203,3.1148,3.1193,12
2026-03-16 07:35:00,3.1148,3.1168,3.1143,3.1163,3.1198,3.1218,3.1193,3.1213,7
2026-03-16 07:36:00,3.1158,3.1163,3.1153,3.1153,3.1208,3.1213,3.1203,3.1203,3
2026-03-16 07:37:00,3.1148,3.1159,3.1138,3.1148,3.1198,3.1208,3.1188,3.1198,6
2026-03-16 07:38:00,3.1163,3.1163,3.1148,3.1148,3.1213,3.1213,3.1198,3.1198,3
2026-03-16 07:39:00,3.1138,3.1138,3.1133,3.1133,3.1188,3.1188,3.1183,3.1183,2
2026-03-16 07:40:00,3.1143,3.1143,3.1138,3.1138,3.1193,3.1193,3.1188,3.1188,2
2026-03-16 07:41:00,3.1133,3.1133,3.1123,3.1123,3.1183,3.1183,3.1173,3.1173,8
2026-03-16 07:42:00,3.1128,3.1159,3.1128,3.1143,3.1178,3.1208,3.1178,3.1193,6
2026-03-16 07:43:00,3.1153,3.1168,3.1153,3.1168,3.1203,3.1218,3.1203,3.1218,6
2026-03-16 07:44:00,3.1173,3.1178,3.1168,3.1168,3.1223,3.1228,3.1218,3.1218,8
2026-03-16 07:45:00,3.1178,3.1203,3.1178,3.1203,3.1228,3.1253,3.1228,3.1253,6
2026-03-16 07:46:00,3.1193,3.1208,3.1193,3.1198,3.1243,3.1258,3.1243,3.1248,8
2026-03-16 07:47:00,3.1203,3.1208,3.1168,3.1173,3.1253,3.1258,3.1218,3.1223,8
2026-03-16 07:48:00,3.1163,3.1163,3.1153,3.1153,3.1213,3.1213,3.1203,3.1203,6
2026-03-16 07:49:00,3.1143,3.1163,3.1138,3.1138,3.1193,3.1213,3.1188,3.1188,12
2026-03-16 07:50:00,3.1143,3.1208,3.1138,3.1208,3.1193,3.1258,3.1188,3.1258,29
2026-03-16 07:51:00,3.1198,3.1198,3.1163,3.1178,3.1248,3.1248,3.1213,3.1228,12
2026-03-16 07:52:00,3.1183,3.1193,3.1173,3.1188,3.1233,3.1243,3.1223,3.1238,6
2026-03-16 07:53:00,3.1183,3.1183,3.1178,3.1183,3.1233,3.1233,3.1228,3.1233,3
2026-03-16 07:54:00,3.1173,3.1183,3.1153,3.1153,3.1223,3.1233,3.1203,3.1203,8
2026-03-16 07:55:00,3.1148,3.1148,3.1118,3.1123,3.1198,3.1198,3.1168,3.1173,19
2026-03-16 07:56:00,3.1128,3.1128,3.1098,3.1108,3.1178,3.1178,3.1148,3.1158,7
2026-03-16 07:57:00,3.1098,3.1113,3.1098,3.1113,3.1148,3.1163,3.1148,3.1163,22
2026-03-16 07:58:00,3.1103,3.1113,3.1088,3.1088,3.1153,3.1163,3.1138,3.1138,15
2026-03-16 07:59:00,3.1083,3.1113,3.1068,3.1098,3.1133,3.1163,3.1118,3.1148,23
2026-03-16 08:00:00,3.1093,3.1113,3.1038,3.1053,3.1143,3.1163,3.1088,3.1103,45
2026-03-16 08:01:00,3.1068,3.1088,3.1058,3.1058,3.1118,3.1138,3.1108,3.1108,15
2026-03-16 08:02:00,3.1073,3.1079,3.1058,3.1073,3.1123,3.1128,3.1108,3.1123,14
2026-03-16 08:03:00,3.1068,3.1118,3.1068,3.1118,3.1118,3.1168,3.1118,3.1168,20
2026-03-16 08:04:00,3.1113,3.1138,3.1088,3.1118,3.1163,3.1188,3.1138,3.1168,24
2026-03-16 08:05:00,3.1123,3.1143,3.1108,3.1143,3.1173,3.1193,3.1158,3.1193,20
2026-03-16 08:06:00,3.1153,3.1159,3.1118,3.1118,3.1203,3.1208,3.1168,3.1168,11
2026-03-16 08:07:00,3.1123,3.1153,3.1123,3.1128,3.1173,3.1203,3.1173,3.1178,7
2026-03-16 08:08:00,3.1133,3.1163,3.1133,3.1163,3.1183,3.1213,3.1183,3.1213,5
2026-03-16 08:09:00,3.1158,3.1178,3.1148,3.1163,3.1208,3.1228,3.1198,3.1213,16
2026-03-16 08:10:00,3.1159,3.1188,3.1159,3.1183,3.1208,3.1238,3.1208,3.1233,8
2026-03-16 08:11:00,3.1168,3.1168,3.1163,3.1163,3.1218,3.1218,3.1213,3.1213,2
2026-03-16 08:12:00,3.1159,3.1159,3.1093,3.1093,3.1208,3.1208,3.1143,3.1143,16
2026-03-16 08:13:00,3.1098,3.1143,3.1088,3.1118,3.1148,3.1193,3.1138,3.1168,21
2026-03-16 08:14:00,3.1123,3.1178,3.1123,3.1163,3.1173,3.1228,3.1173,3.1213,17
2026-03-16 08:15:00,3.1168,3.1168,3.1133,3.1133,3.1218,3.1218,3.1183,3.1183,16
2026-03-16 08:16:00,3.1138,3.1153,3.1128,3.1153,3.1188,3.1203,3.1178,3.1203,5
2026-03-16 08:17:00,3.1159,3.1159,3.1138,3.1138,3.1208,3.1208,3.1188,3.1188,3
2026-03-16 08:18:00,3.1143,3.1143,3.1118,3.1138,3.1193,3.1193,3.1168,3.1188,16
2026-03-16 08:19:00,3.1148,3.1168,3.1123,3.1163,3.1198,3.1218,3.1173,3.1213,15
2026-03-16 08:20:00,3.1159,3.1188,3.1159,3.1183,3.1208,3.1238,3.1208,3.1233,14
2026-03-16 08:21:00,3.1188,3.1208,3.1188,3.1193,3.1238,3.1258,3.1238,3.1243,9
2026-03-16 08:22:00,3.1198,3.1208,3.1198,3.1203,3.1248,3.1258,3.1248,3.1253,6
2026-03-16 08:23:00,3.1198,3.1198,3.1183,3.1183,3.1248,3.1248,3.1233,3.1233,8
2026-03-16 08:24:00,3.1168,3.1183,3.1168,3.1183,3.1218,3.1233,3.1218,3.1233,2
2026-03-16 08:25:00,3.1168,3.1168,3.1118,3.1123,3.1218,3.1218,3.1168,3.1173,15
2026-03-16 08:26:00,3.1118,3.1148,3.1108,3.1148,3.1168,3.1198,3.1158,3.1198,15
2026-03-16 08:27:00,3.1143,3.1143,3.1128,3.1133,3.1193,3.1193,3.1178,3.1183,6
2026-03-16 08:28:00,3.1123,3.1123,3.1093,3.1093,3.1173,3.1173,3.1143,3.1143,8
2026-03-16 08:29:00,3.1088,3.1113,3.1088,3.1113,3.1138,3.1163,3.1138,3.1163,6
2026-03-16 08:30:00,3.1128,3.1128,3.1079,3.1103,3.1178,3.1178,3.1128,3.1153,21
2026-03-16 08:31:00,3.1108,3.1133,3.1108,3.1118,3.1158,3.1183,3.1158,3.1168,14
2026-03-16 08:32:00,3.1123,3.1128,3.1118,3.1118,3.1173,3.1178,3.1168,3.1168,15
2026-03-16 08:33:00,3.1128,3.1128,3.1103,3.1118,3.1178,3.1178,3.1153,3.1168,6
2026-03-16 08:34:00,3.1123,3.1178,3.1123,3.1168,3.1173,3.1228,3.1173,3.1218,14
2026-03-16 08:35:00,3.1173,3.1173,3.1163,3.1173,3.1223,3.1223,3.1213,3.1223,5
2026-03-16 08:36:00,3.1178,3.1183,3.1178,3.1178,3.1228,3.1233,3.1228,3.1228,3
2026-03-16 08:37:00,3.1183,3.1188,3.1178,3.1188,3.1233,3.1238,3.1228,3.1238,4
2026-03-16 08:38:00,3.1178,3.1178,3.1158,3.1159,3.1228,3.1228,3.1208,3.1208,11
2026-03-16 08:39:00,3.1163,3.1208,3.1163,3.1193,3.1213,3.1258,3.1213,3.1243,8
2026-03-16 08:40:00,3.1188,3.1193,3.1168,3.1193,3.1238,3.1243,3.1218,3.1243,12
2026-03-16 08:41:00,3.1188,3.1198,3.1178,3.1193,3.1238,3.1248,3.1228,3.1243,7
2026-03-16 08:42:00,3.1198,3.1198,3.1178,3.1178,3.1248,3.1248,3.1228,3.1228,3
2026-03-16 08:43:00,3.1193,3.1198,3.1178,3.1178,3.1243,3.1248,3.1228,3.1228,9
2026-03-16 08:44:00,3.1183,3.1188,3.1168,3.1173,3.1233,3.1238,3.1218,3.1223,11
2026-03-16 08:45:00,3.1168,3.1168,3.1148,3.1153,3.1218,3.1218,3.1198,3.1203,14
2026-03-16 08:46:00,3.1148,3.1163,3.1148,3.1163,3.1198,3.1213,3.1198,3.1213,3
2026-03-16 08:47:00,3.1159,3.1178,3.1153,3.1173,3.1208,3.1228,3.1203,3.1223,15
2026-03-16 08:48:00,3.1178,3.1183,3.1168,3.1173,3.1228,3.1233,3.1218,3.1223,8
2026-03-16 08:49:00,3.1168,3.1168,3.1159,3.1168,3.1218,3.1218,3.1208,3.1218,5
2026-03-16 08:50:00,3.1173,3.1178,3.1133,3.1133,3.1223,3.1228,3.1183,3.1183,18
2026-03-16 08:51:00,3.1128,3.1128,3.1098,3.1103,3.1178,3.1178,3.1148,3.1153,12
2026-03-16 08:52:00,3.1098,3.1103,3.1098,3.1103,3.1148,3.1153,3.1148,3.1153,2
2026-03-16 08:53:00,3.1098,3.1098,3.1088,3.1093,3.1148,3.1148,3.1138,3.1143,9
2026-03-16 08:54:00,3.1098,3.1098,3.1079,3.1079,3.1148,3.1148,3.1128,3.1128,6
2026-03-16 08:55:00,3.1068,3.1079,3.1058,3.1068,3.1118,3.1128,3.1108,3.1118,16
2026-03-16 08:56:00,3.1079,3.1108,3.1079,3.1103,3.1128,3.1158,3.1128,3.1153,14
2026-03-16 08:57:00,3.1098,3.1098,3.1068,3.1083,3.1148,3.1148,3.1118,3.1133,10
2026-03-16 08:58:00,3.1079,3.1098,3.1058,3.1063,3.1128,3.1148,3.1108,3.1113,13
2026-03-16 08:59:00,3.1068,3.1068,3.1048,3.1058,3.1118,3.1118,3.1098,3.1108,11
2026-03-16 09:00:00,3.1068,3.1088,3.1033,3.1053,3.1118,3.1138,3.1083,3.1103,26
2026-03-16 09:01:00,3.1058,3.1073,3.1043,3.1058,3.1108,3.1123,3.1093,3.1108,13
2026-03-16 09:02:00,3.1048,3.1063,3.1048,3.1053,3.1098,3.1113,3.1098,3.1103,4
2026-03-16 09:03:00,3.1048,3.1058,3.0999,3.1003,3.1098,3.1108,3.1048,3.1053,34
2026-03-16 09:04:00,3.0999,3.1058,3.0999,3.1038,3.1048,3.1108,3.1048,3.1088,19
2026-03-16 09:05:00,3.1048,3.1068,3.1023,3.1023,3.1098,3.1118,3.1073,3.1073,29
2026-03-16 09:06:00,3.1013,3.1038,3.1013,3.1028,3.1063,3.1088,3.1063,3.1078,5
2026-03-16 09:07:00,3.1023,3.1028,3.1008,3.1018,3.1073,3.1078,3.1058,3.1068,12
2026-03-16 09:08:00,3.1013,3.1018,3.0993,3.0993,3.1063,3.1068,3.1043,3.1043,21
2026-03-16 09:09:00,3.0988,3.0999,3.0958,3.0958,3.1038,3.1048,3.1008,3.1008,10
2026-03-16 09:10:00,3.0968,3.0968,3.0898,3.0898,3.1018,3.1018,3.0948,3.0948,17
2026-03-16 09:11:00,3.0893,3.0893,3.0868,3.0873,3.0943,3.0943,3.0918,3.0923,24
2026-03-16 09:12:00,3.0878,3.0908,3.0878,3.0898,3.0928,3.0958,3.0928,3.0948,5
2026-03-16 09:13:00,3.0913,3.0978,3.0913,3.0968,3.0963,3.1028,3.0963,3.1018,30
2026-03-16 09:14:00,3.0978,3.1023,3.0973,3.1008,3.1028,3.1073,3.1023,3.1058,29
2026-03-16 09:15:00,3.1013,3.1018,3.0988,3.1003,3.1063,3.1068,3.1038,3.1053,21
2026-03-16 09:16:00,3.0999,3.1013,3.0983,3.0999,3.1048,3.1063,3.1033,3.1048,13
2026-03-16 09:17:00,3.1003,3.1018,3.1003,3.1008,3.1053,3.1068,3.1053,3.1058,8
2026-03-16 09:18:00,3.1003,3.1018,3.0999,3.0999,3.1053,3.1068,3.1048,3.1048,12
2026-03-16 09:19:00,3.0988,3.0999,3.0958,3.0973,3.1038,3.1048,3.1008,3.1023,11
2026-03-16 09:20:00,3.0978,3.0983,3.0958,3.0983,3.1028,3.1033,3.1008,3.1033,11
2026-03-16 09:21:00,3.0988,3.0988,3.0968,3.0978,3.1038,3.1038,3.1018,3.1028,6
2026-03-16 09:22:00,3.0973,3.0973,3.0913,3.0923,3.1023,3.1023,3.0963,3.0973,24
2026-03-16 09:23:00,3.0928,3.0948,3.0928,3.0943,3.0978,3.0998,3.0978,3.0993,10
2026-03-16 09:24:00,3.0948,3.0948,3.0923,3.0923,3.0998,3.0998,3.0973,3.0973,6
2026-03-16 09:25:00,3.0928,3.0958,3.0928,3.0948,3.0978,3.1008,3.0978,3.0998,10
2026-03-16 09:26:00,3.0943,3.0948,3.0928,3.0938,3.0993,3.0998,3.0978,3.0988,8
2026-03-16 09:27:00,3.0948,3.1003,3.0948,3.0993,3.0998,3.1053,3.0998,3.1043,17
2026-03-16 09:28:00,3.0999,3.1028,3.0993,3.1018,3.1048,3.1078,3.1043,3.1068,8
2026-03-16 09:29:00,3.1028,3.1033,3.0968,3.1033,3.1078,3.1083,3.1018,3.1083,26
2026-03-16 09:30:00,3.1038,3.1088,3.1038,3.1063,3.1088,3.1138,3.1088,3.1113,22
2026-03-16 09:31:00,3.1058,3.1058,3.1023,3.1033,3.1108,3.1108,3.1073,3.1083,16
2026-03-16 09:32:00,3.1028,3.1033,3.1023,3.1033,3.1078,3.1083,3.1073,3.1083,3
2026-03-16 09:33:00,3.1023,3.1079,3.1023,3.1063,3.1073,3.1128,3.1073,3.1113,13
2026-03-16 09:34:00,3.1053,3.1058,3.1043,3.1048,3.1103,3.1108,3.1093,3.1098,8
2026-03-16 09:35:00,3.1043,3.1058,3.1038,3.1048,3.1093,3.1108,3.1088,3.1098,16
2026-03-16 09:36:00,3.1053,3.1053,3.1028,3.1043,3.1103,3.1103,3.1078,3.1093,12
2026-03-16 09:37:00,3.1048,3.1058,3.1048,3.1058,3.1098,3.1108,3.1098,3.1108,3
2026-03-16 09:38:00,3.1053,3.1073,3.1053,3.1058,3.1103,3.1123,3.1103,3.1108,8
2026-03-16 09:39:00,3.1063,3.1103,3.1063,3.1083,3.1113,3.1153,3.1113,3.1133,11
2026-03-16 09:40:00,3.1088,3.1128,3.1088,3.1118,3.1138,3.1178,3.1138,3.1168,23
2026-03-16 09:42:00,3.1113,3.1118,3.1113,3.1118,3.1163,3.1168,3.1163,3.1168,4
2026-03-16 09:43:00,3.1123,3.1138,3.1123,3.1133,3.1173,3.1188,3.1173,3.1183,6
2026-03-16 09:44:00,3.1128,3.1133,3.1108,3.1118,3.1178,3.1183,3.1158,3.1168,8
2026-03-16 09:45:00,3.1123,3.1138,3.1118,3.1133,3.1173,3.1188,3.1168,3.1183,12
2026-03-16 09:46:00,3.1128,3.1173,3.1128,3.1138,3.1178,3.1223,3.1178,3.1188,22
2026-03-16 09:47:00,3.1143,3.1148,3.1143,3.1143,3.1193,3.1198,3.1193,3.1193,3
2026-03-16 09:48:00,3.1138,3.1153,3.1138,3.1153,3.1188,3.1203,3.1188,3.1203,6
2026-03-16 09:49:00,3.1148,3.1163,3.1143,3.1153,3.1198,3.1213,3.1193,3.1203,9
2026-03-16 09:50:00,3.1163,3.1188,3.1163,3.1168,3.1213,3.1238,3.1213,3.1218,13
2026-03-16 09:51:00,3.1159,3.1159,3.1143,3.1143,3.1208,3.1208,3.1193,3.1193,5
2026-03-16 09:52:00,3.1138,3.1138,3.1103,3.1118,3.1188,3.1188,3.1153,3.1168,12
2026-03-16 09:53:00,3.1123,3.1138,3.1118,3.1118,3.1173,3.1188,3.1168,3.1168,7
2026-03-16 09:54:00,3.1108,3.1128,3.1108,3.1108,3.1158,3.1178,3.1158,3.1158,15
2026-03-16 09:55:00,3.1113,3.1128,3.1083,3.1088,3.1163,3.1178,3.1133,3.1138,10
2026-03-16 09:56:00,3.1098,3.1098,3.1058,3.1058,3.1148,3.1148,3.1108,3.1108,8
2026-03-16 09:57:00,3.1063,3.1063,3.0988,3.0988,3.1113,3.1113,3.1038,3.1038,24
2026-03-16 09:58:00,3.0999,3.1003,3.0973,3.1003,3.1048,3.1053,3.1023,3.1053,13
2026-03-16 09:59:00,3.1008,3.1048,3.0968,3.1038,3.1058,3.1098,3.1018,3.1088,22
2026-03-16 10:00:00,3.1028,3.1083,3.1023,3.1038,3.1078,3.1133,3.1073,3.1088,23
2026-03-16 10:01:00,3.1033,3.1033,3.0999,3.0999,3.1083,3.1083,3.1048,3.1048,12
2026-03-16 10:02:00,3.1003,3.1128,3.1003,3.1093,3.1053,3.1178,3.1053,3.1143,33
2026-03-16 10:03:00,3.1088,3.1088,3.1073,3.1088,3.1138,3.1138,3.1123,3.1138,9
2026-03-16 10:04:00,3.1083,3.1083,3.1048,3.1068,3.1133,3.1133,3.1098,3.1118,19
2026-03-16 10:05:00,3.1053,3.1068,3.1048,3.1068,3.1103,3.1118,3.1098,3.1118,11
2026-03-16 10:06:00,3.1063,3.1108,3.1058,3.1088,3.1113,3.1158,3.1108,3.1138,14
2026-03-16 10:07:00,3.1083,3.1113,3.1083,3.1093,3.1133,3.1163,3.1133,3.1143,10
2026-03-16 10:08:00,3.1088,3.1088,3.1068,3.1079,3.1138,3.1138,3.1118,3.1128,9
2026-03-16 10:09:00,3.1073,3.1103,3.1073,3.1098,3.1123,3.1153,3.1123,3.1148,35
2026-03-16 10:10:00,3.1103,3.1103,3.1079,3.1088,3.1153,3.1153,3.1128,3.1138,7
2026-03-16 10:11:00,3.1083,3.1083,3.1048,3.1063,3.1133,3.1133,3.1098,3.1113,7
2026-03-16 10:12:00,3.1068,3.1128,3.1063,3.1118,3.1118,3.1178,3.1113,3.1168,18
2026-03-16 10:13:00,3.1113,3.1128,3.1098,3.1098,3.1163,3.1178,3.1148,3.1148,19
2026-03-16 10:14:00,3.1103,3.1103,3.1093,3.1093,3.1153,3.1153,3.1143,3.1143,2
2026-03-16 10:15:00,3.1088,3.1113,3.1079,3.1113,3.1138,3.1163,3.1128,3.1163,9
2026-03-16 10:16:00,3.1118,3.1159,3.1118,3.1133,3.1168,3.1208,3.1168,3.1183,15
2026-03-16 10:17:00,3.1138,3.1138,3.1133,3.1133,3.1188,3.1188,3.1183,3.1183,4
2026-03-16 10:18:00,3.1128,3.1128,3.1118,3.1118,3.1178,3.1178,3.1168,3.1168,2
2026-03-16 10:19:00,3.1108,3.1118,3.1103,3.1113,3.1158,3.1168,3.1153,3.1163,9
2026-03-16 10:20:00,3.1103,3.1103,3.1083,3.1083,3.1153,3.1153,3.1133,3.1133,5
2026-03-16 10:21:00,3.1079,3.1079,3.1053,3.1053,3.1128,3.1128,3.1103,3.1103,9
2026-03-16 10:22:00,3.1058,3.1073,3.1058,3.1073,3.1108,3.1123,3.1108,3.1123,5
2026-03-16 10:23:00,3.1079,3.1083,3.1068,3.1073,3.1128,3.1133,3.1118,3.1123,16
2026-03-16 10:24:00,3.1068,3.1079,3.1068,3.1079,3.1118,3.1128,3.1118,3.1128,5
2026-03-16 10:25:00,3.1073,3.1073,3.1063,3.1073,3.1123,3.1123,3.1113,3.1123,5
2026-03-16 10:26:00,3.1068,3.1083,3.1048,3.1068,3.1118,3.1133,3.1098,3.1118,13
2026-03-16 10:27:00,3.1073,3.1088,3.1058,3.1073,3.1123,3.1138,3.1108,3.1123,14
2026-03-16 10:28:00,3.1068,3.1079,3.1028,3.1063,3.1118,3.1128,3.1078,3.1113,19
2026-03-16 10:29:00,3.1058,3.1068,3.1058,3.1063,3.1108,3.1118,3.1108,3.1113,4
2026-03-16 10:30:00,3.1073,3.1113,3.1018,3.1053,3.1123,3.1163,3.1068,3.1103,30
2026-03-16 10:31:00,3.1048,3.1058,3.1043,3.1043,3.1098,3.1108,3.1093,3.1093,5
2026-03-16 10:32:00,3.1048,3.1063,3.1048,3.1058,3.1098,3.1113,3.1098,3.1108,4
2026-03-16 10:33:00,3.1063,3.1083,3.1063,3.1073,3.1113,3.1133,3.1113,3.1123,12
2026-03-16 10:34:00,3.1068,3.1083,3.1063,3.1078,3.1118,3.1133,3.1113,3.1128,6
2026-03-16 10:35:00,3.1073,3.1079,3.1043,3.1053,3.1123,3.1128,3.1093,3.1103,16
2026-03-16 10:36:00,3.1048,3.1058,3.1033,3.1043,3.1098,3.1108,3.1083,3.1093,13
2026-03-16 10:37:00,3.1053,3.1053,3.1043,3.1053,3.1103,3.1103,3.1093,3.1103,13
2026-03-16 10:38:00,3.1063,3.1063,3.1063,3.1063,3.1113,3.1113,3.1113,3.1113,1
2026-03-16 10:39:00,3.1073,3.1088,3.1073,3.1083,3.1123,3.1138,3.1123,3.1133,8
2026-03-16 10:40:00,3.1088,3.1098,3.1079,3.1079,3.1138,3.1148,3.1128,3.1128,7
2026-03-16 10:41:00,3.1073,3.1083,3.1023,3.1063,3.1123,3.1133,3.1073,3.1113,33
2026-03-16 10:42:00,3.1058,3.1058,3.1038,3.1043,3.1108,3.1108,3.1088,3.1093,5
2026-03-16 10:43:00,3.1048,3.1063,3.1023,3.1033,3.1098,3.1113,3.1073,3.1083,13
2026-03-16 10:44:00,3.1038,3.1043,3.1033,3.1033,3.1088,3.1093,3.1083,3.1083,15
2026-03-16 10:45:00,3.1028,3.1028,3.0948,3.0958,3.1078,3.1078,3.0998,3.1008,40
2026-03-16 10:46:00,3.0953,3.0958,3.0898,3.0938,3.1003,3.1008,3.0948,3.0988,25
2026-03-16 10:47:00,3.0923,3.0968,3.0908,3.0948,3.0973,3.1018,3.0958,3.0998,15
2026-03-16 10:48:00,3.0953,3.0978,3.0953,3.0978,3.1003,3.1028,3.1003,3.1028,16
2026-03-16 10:49:00,3.0988,3.0988,3.0968,3.0968,3.1038,3.1038,3.1018,3.1018,4
2026-03-16 10:50:00,3.0958,3.0968,3.0948,3.0953,3.1008,3.1018,3.0998,3.1003,10
2026-03-16 10:51:00,3.0963,3.0988,3.0958,3.0958,3.1013,3.1038,3.1008,3.1008,24
2026-03-16 10:52:00,3.0963,3.0978,3.0958,3.0978,3.1013,3.1028,3.1008,3.1028,5
2026-03-16 10:53:00,3.0968,3.0993,3.0968,3.0993,3.1018,3.1043,3.1018,3.1043,14
2026-03-16 10:54:00,3.0988,3.0988,3.0968,3.0973,3.1038,3.1038,3.1018,3.1023,6
2026-03-16 10:55:00,3.0968,3.0968,3.0933,3.0943,3.1018,3.1018,3.0983,3.0993,18
2026-03-16 10:56:00,3.0948,3.0993,3.0943,3.0983,3.0998,3.1043,3.0993,3.1033,21
2026-03-16 10:57:00,3.0978,3.1018,3.0978,3.1003,3.1028,3.1068,3.1028,3.1053,9
2026-03-16 10:58:00,3.1008,3.1023,3.1003,3.1018,3.1058,3.1073,3.1053,3.1068,18
2026-03-16 10:59:00,3.1028,3.1043,3.1018,3.1018,3.1078,3.1093,3.1068,3.1068,23
2026-03-16 11:00:00,3.1013,3.1063,3.1008,3.1043,3.1063,3.1113,3.1058,3.1093,19
2026-03-16 11:01:00,3.1058,3.1079,3.1048,3.1058,3.1108,3.1128,3.1098,3.1108,26
2026-03-16 11:02:00,3.1063,3.1083,3.1053,3.1079,3.1113,3.1133,3.1103,3.1128,13
2026-03-16 11:03:00,3.1083,3.1098,3.1058,3.1068,3.1133,3.1148,3.1108,3.1118,13
2026-03-16 11:04:00,3.1058,3.1083,3.1058,3.1083,3.1108,3.1133,3.1108,3.1133,15
2026-03-16 11:05:00,3.1079,3.1108,3.1079,3.1083,3.1128,3.1158,3.1128,3.1133,22
2026-03-16 11:06:00,3.1068,3.1083,3.1058,3.1068,3.1118,3.1133,3.1108,3.1118,20
2026-03-16 11:07:00,3.1063,3.1068,3.1058,3.1058,3.1113,3.1118,3.1108,3.1108,3
2026-03-16 11:08:00,3.1063,3.1063,3.1038,3.1038,3.1113,3.1113,3.1088,3.1088,11
2026-03-16 11:09:00,3.1043,3.1043,3.1018,3.1028,3.1093,3.1093,3.1068,3.1078,11
2026-03-16 11:10:00,3.1023,3.1038,3.0999,3.1018,3.1073,3.1088,3.1048,3.1068,14
2026-03-16 11:11:00,3.1013,3.1013,3.0988,3.0993,3.1063,3.1063,3.1038,3.1043,10
2026-03-16 11:12:00,3.0999,3.0999,3.0973,3.0973,3.1048,3.1048,3.1023,3.1023,8
2026-03-16 11:13:00,3.0978,3.0983,3.0908,3.0928,3.1028,3.1033,3.0958,3.0978,27
2026-03-16 11:14:00,3.0919,3.0923,3.0863,3.0888,3.0968,3.0973,3.0913,3.0938,36
2026-03-16 11:15:00,3.0898,3.0928,3.0898,3.0923,3.0948,3.0978,3.0948,3.0973,15
2026-03-16 11:16:00,3.0928,3.0968,3.0923,3.0968,3.0978,3.1018,3.0973,3.1018,21
2026-03-16 11:17:00,3.0973,3.0973,3.0958,3.0958,3.1023,3.1023,3.1008,3.1008,8
2026-03-16 11:18:00,3.0963,3.0993,3.0963,3.0968,3.1013,3.1043,3.1013,3.1018,11
2026-03-16 11:19:00,3.0973,3.0973,3.0958,3.0958,3.1023,3.1023,3.1008,3.1008,9
2026-03-16 11:20:00,3.0948,3.0948,3.0908,3.0913,3.0998,3.0998,3.0958,3.0963,14
2026-03-16 11:21:00,3.0908,3.0943,3.0898,3.0898,3.0958,3.0993,3.0948,3.0948,11
2026-03-16 11:22:00,3.0893,3.0908,3.0888,3.0903,3.0943,3.0958,3.0938,3.0953,15
2026-03-16 11:23:00,3.0913,3.0913,3.0858,3.0888,3.0963,3.0963,3.0908,3.0938,32
2026-03-16 11:24:00,3.0893,3.0903,3.0883,3.0883,3.0943,3.0953,3.0933,3.0933,15
2026-03-16 11:25:00,3.0878,3.0878,3.0863,3.0868,3.0928,3.0928,3.0913,3.0918,7
2026-03-16 11:26:00,3.0863,3.0873,3.0848,3.0863,3.0913,3.0923,3.0898,3.0913,12
2026-03-16 11:27:00,3.0858,3.0868,3.0853,3.0868,3.0908,3.0918,3.0903,3.0918,10
2026-03-16 11:28:00,3.0878,3.0898,3.0863,3.0868,3.0928,3.0948,3.0913,3.0918,14
2026-03-16 11:29:00,3.0858,3.0873,3.0858,3.0863,3.0908,3.0923,3.0908,3.0913,7
2026-03-16 11:30:00,3.0868,3.0883,3.0858,3.0858,3.0918,3.0933,3.0908,3.0908,9
2026-03-16 11:31:00,3.0848,3.0908,3.0808,3.0908,3.0898,3.0958,3.0858,3.0958,25
2026-03-16 11:32:00,3.0919,3.0919,3.0878,3.0898,3.0968,3.0968,3.0928,3.0948,24
2026-03-16 11:33:00,3.0888,3.0898,3.0858,3.0898,3.0938,3.0948,3.0908,3.0948,21
2026-03-16 11:34:00,3.0908,3.0953,3.0908,3.0928,3.0958,3.1003,3.0958,3.0978,24
2026-03-16 11:35:00,3.0943,3.0953,3.0903,3.0908,3.0993,3.1003,3.0953,3.0958,18
2026-03-16 11:36:00,3.0903,3.0919,3.0898,3.0913,3.0953,3.0968,3.0948,3.0963,19
2026-03-16 11:37:00,3.0919,3.0919,3.0868,3.0878,3.0968,3.0968,3.0918,3.0928,11
2026-03-16 11:38:00,3.0883,3.0919,3.0883,3.0903,3.0933,3.0968,3.0933,3.0953,17
2026-03-16 11:39:00,3.0898,3.0908,3.0893,3.0898,3.0948,3.0958,3.0943,3.0948,7
2026-03-16 11:40:00,3.0893,3.0903,3.0878,3.0903,3.0943,3.0953,3.0928,3.0953,14
2026-03-16 11:41:00,3.0908,3.0919,3.0893,3.0919,3.0958,3.0968,3.0943,3.0968,12
2026-03-16 11:42:00,3.0908,3.0958,3.0788,3.0883,3.0958,3.1008,3.0838,3.0933,56
2026-03-16 11:43:00,3.0888,3.0888,3.0838,3.0843,3.0938,3.0938,3.0888,3.0893,28
2026-03-16 11:44:00,3.0838,3.0853,3.0833,3.0853,3.0888,3.0903,3.0883,3.0903,14
2026-03-16 11:45:00,3.0858,3.0883,3.0838,3.0838,3.0908,3.0933,3.0888,3.0888,16
2026-03-16 11:46:00,3.0833,3.0863,3.0833,3.0853,3.0883,3.0913,3.0883,3.0903,14
2026-03-16 11:47:00,3.0863,3.0883,3.0738,3.0768,3.0913,3.0933,3.0788,3.0818,48
2026-03-16 11:48:00,3.0773,3.0788,3.0718,3.0728,3.0823,3.0838,3.0768,3.0778,46
2026-03-16 11:49:00,3.0723,3.0798,3.0718,3.0788,3.0773,3.0848,3.0768,3.0838,49
2026-03-16 11:50:00,3.0798,3.0803,3.0768,3.0803,3.0848,3.0853,3.0818,3.0853,26
2026-03-16 11:51:00,3.0808,3.0818,3.0748,3.0768,3.0858,3.0868,3.0798,3.0818,37
2026-03-16 11:52:00,3.0758,3.0768,3.0738,3.0758,3.0808,3.0818,3.0788,3.0808,22
2026-03-16 11:53:00,3.0753,3.0768,3.0708,3.0728,3.0803,3.0818,3.0758,3.0778,27
2026-03-16 11:54:00,3.0738,3.0763,3.0723,3.0763,3.0788,3.0813,3.0773,3.0813,28
2026-03-16 11:55:00,3.0768,3.0773,3.0688,3.0718,3.0818,3.0823,3.0738,3.0768,31
2026-03-16 11:56:00,3.0713,3.0748,3.0713,3.0748,3.0763,3.0798,3.0763,3.0798,11
2026-03-16 11:57:00,3.0743,3.0773,3.0683,3.0708,3.0793,3.0823,3.0733,3.0758,35
2026-03-16 11:58:00,3.0713,3.0748,3.0713,3.0738,3.0763,3.0798,3.0763,3.0788,34
2026-03-16 11:59:00,3.0733,3.0753,3.0683,3.0703,3.0783,3.0803,3.0733,3.0753,24
2026-03-16 12:00:00,3.0708,3.0738,3.0683,3.0718,3.0758,3.0788,3.0733,3.0768,39
2026-03-16 12:01:00,3.0723,3.0733,3.0678,3.0728,3.0773,3.0783,3.0728,3.0778,23
2026-03-16 12:02:00,3.0733,3.0748,3.0678,3.0698,3.0783,3.0798,3.0728,3.0748,36
2026-03-16 12:03:00,3.0703,3.0758,3.0703,3.0728,3.0753,3.0808,3.0753,3.0778,31
2026-03-16 12:04:00,3.0738,3.0738,3.0728,3.0728,3.0788,3.0788,3.0778,3.0778,7
2026-03-16 12:05:00,3.0718,3.0718,3.0683,3.0698,3.0768,3.0768,3.0733,3.0748,19
2026-03-16 12:06:00,3.0693,3.0693,3.0683,3.0688,3.0743,3.0743,3.0733,3.0738,6
2026-03-16 12:07:00,3.0693,3.0758,3.0688,3.0733,3.0743,3.0808,3.0738,3.0783,20
2026-03-16 12:08:00,3.0728,3.0738,3.0723,3.0738,3.0778,3.0788,3.0773,3.0788,5
2026-03-16 12:09:00,3.0743,3.0748,3.0738,3.0748,3.0793,3.0798,3.0788,3.0798,7
2026-03-16 12:10:00,3.0743,3.0758,3.0738,3.0753,3.0793,3.0808,3.0788,3.0803,16
2026-03-16 12:11:00,3.0748,3.0778,3.0748,3.0778,3.0798,3.0828,3.0798,3.0828,15
2026-03-16 12:12:00,3.0773,3.0773,3.0728,3.0748,3.0823,3.0823,3.0778,3.0798,16
2026-03-16 12:13:00,3.0743,3.0748,3.0738,3.0748,3.0793,3.0798,3.0788,3.0798,6
2026-03-16 12:14:00,3.0758,3.0788,3.0758,3.0788,3.0808,3.0838,3.0808,3.0838,15
2026-03-16 12:15:00,3.0798,3.0838,3.0793,3.0798,3.0848,3.0888,3.0843,3.0848,40
2026-03-16 12:16:00,3.0793,3.0838,3.0793,3.0813,3.0843,3.0888,3.0843,3.0863,14
2026-03-16 12:17:00,3.0818,3.0868,3.0793,3.0848,3.0868,3.0918,3.0843,3.0898,42
2026-03-16 12:18:00,3.0853,3.0863,3.0828,3.0828,3.0903,3.0913,3.0878,3.0878,27
2026-03-16 12:19:00,3.0838,3.0908,3.0838,3.0908,3.0888,3.0958,3.0888,3.0958,18
2026-03-16 12:20:00,3.0903,3.0938,3.0898,3.0928,3.0953,3.0988,3.0948,3.0978,28
2026-03-16 12:21:00,3.0923,3.0928,3.0903,3.0903,3.0973,3.0978,3.0953,3.0953,15
2026-03-16 12:22:00,3.0908,3.0948,3.0908,3.0923,3.0958,3.0998,3.0958,3.0973,24
2026-03-16 12:23:00,3.0933,3.0948,3.0928,3.0938,3.0983,3.0998,3.0978,3.0988,15
2026-03-16 12:24:00,3.0943,3.0968,3.0868,3.0868,3.0993,3.1018,3.0918,3.0918,46
2026-03-16 12:25:00,3.0873,3.0878,3.0798,3.0798,3.0923,3.0928,3.0848,3.0848,35
2026-03-16 12:26:00,3.0793,3.0893,3.0783,3.0888,3.0843,3.0943,3.0833,3.0938,35
2026-03-16 12:27:00,3.0893,3.0928,3.0873,3.0873,3.0943,3.0978,3.0923,3.0923,19
2026-03-16 12:28:00,3.0868,3.0938,3.0858,3.0933,3.0918,3.0988,3.0908,3.0983,20
2026-03-16 12:29:00,3.0928,3.0938,3.0919,3.0938,3.0978,3.0988,3.0968,3.0988,14
2026-03-16 12:30:00,3.0943,3.0943,3.0858,3.0858,3.0993,3.0993,3.0908,3.0908,23
2026-03-16 12:31:00,3.0863,3.0893,3.0843,3.0858,3.0913,3.0943,3.0893,3.0908,23
2026-03-16 12:32:00,3.0863,3.0868,3.0838,3.0853,3.0913,3.0918,3.0888,3.0903,14
2026-03-16 12:33:00,3.0848,3.0848,3.0798,3.0808,3.0898,3.0898,3.0848,3.0858,17
2026-03-16 12:34:00,3.0798,3.0813,3.0778,3.0783,3.0848,3.0863,3.0828,3.0833,20
2026-03-16 12:35:00,3.0788,3.0838,3.0768,3.0778,3.0838,3.0888,3.0818,3.0828,26
2026-03-16 12:36:00,3.0768,3.0803,3.0768,3.0803,3.0818,3.0853,3.0818,3.0853,17
2026-03-16 12:37:00,3.0808,3.0873,3.0808,3.0868,3.0858,3.0923,3.0858,3.0918,26
2026-03-16 12:38:00,3.0858,3.0873,3.0848,3.0873,3.0908,3.0923,3.0898,3.0923,13
2026-03-16 12:39:00,3.0863,3.0863,3.0858,3.0863,3.0913,3.0913,3.0908,3.0913,3
2026-03-16 12:40:00,3.0858,3.0863,3.0843,3.0858,3.0908,3.0913,3.0893,3.0908,10
2026-03-16 12:41:00,3.0853,3.0863,3.0838,3.0838,3.0903,3.0913,3.0888,3.0888,12
2026-03-16 12:42:00,3.0843,3.0858,3.0813,3.0818,3.0893,3.0908,3.0863,3.0868,21
2026-03-16 12:43:00,3.0823,3.0828,3.0798,3.0813,3.0873,3.0878,3.0848,3.0863,29
2026-03-16 12:44:00,3.0823,3.0848,3.0813,3.0848,3.0873,3.0898,3.0863,3.0898,14
2026-03-16 12:45:00,3.0843,3.0868,3.0833,3.0868,3.0893,3.0918,3.0883,3.0918,12
2026-03-16 12:46:00,3.0878,3.0943,3.0868,3.0928,3.0928,3.0993,3.0918,3.0978,27
2026-03-16 12:47:00,3.0919,3.0958,3.0893,3.0928,3.0968,3.1008,3.0943,3.0978,30
2026-03-16 12:48:00,3.0919,3.0999,3.0919,3.0988,3.0968,3.1048,3.0968,3.1038,20
2026-03-16 12:49:00,3.0999,3.1068,3.0983,3.1058,3.1048,3.1118,3.1033,3.1108,26
2026-03-16 12:50:00,3.1063,3.1093,3.0993,3.1058,3.1113,3.1143,3.1043,3.1108,36
2026-03-16 12:51:00,3.1068,3.1098,3.1038,3.1098,3.1118,3.1148,3.1088,3.1148,20
2026-03-16 12:52:00,3.1088,3.1118,3.1073,3.1073,3.1138,3.1168,3.1123,3.1123,19
2026-03-16 12:53:00,3.1079,3.1079,3.1028,3.1068,3.1128,3.1128,3.1078,3.1118,26
2026-03-16 12:54:00,3.1058,3.1058,3.1003,3.1008,3.1108,3.1108,3.1053,3.1058,17
2026-03-16 12:55:00,3.0999,3.1008,3.0958,3.0958,3.1048,3.1058,3.1008,3.1008,22
2026-03-16 12:56:00,3.0968,3.0988,3.0778,3.0793,3.1018,3.1038,3.0828,3.0843,61
2026-03-16 12:57:00,3.0778,3.0858,3.0758,3.0848,3.0828,3.0908,3.0808,3.0898,42
2026-03-16 12:58:00,3.0843,3.0848,3.0733,3.0738,3.0893,3.0898,3.0783,3.0788,36
2026-03-16 12:59:00,3.0728,3.0768,3.0698,3.0758,3.0778,3.0818,3.0748,3.0808,31
2026-03-16 13:00:00,3.0768,3.0858,3.0738,3.0813,3.0818,3.0908,3.0788,3.0863,63
2026-03-16 13:01:00,3.0818,3.0943,3.0808,3.0928,3.0868,3.0993,3.0858,3.0978,62
2026-03-16 13:02:00,3.0933,3.0948,3.0893,3.0943,3.0983,3.0998,3.0943,3.0993,37
2026-03-16 13:03:00,3.0938,3.1038,3.0933,3.1033,3.0988,3.1088,3.0983,3.1083,57
2026-03-16 13:04:00,3.1048,3.1088,3.1048,3.1073,3.1098,3.1138,3.1098,3.1123,31
2026-03-16 13:05:00,3.1063,3.1138,3.1008,3.1023,3.1113,3.1188,3.1058,3.1073,66
2026-03-16 13:06:00,3.1018,3.1018,3.0888,3.0938,3.1068,3.1068,3.0938,3.0988,49
2026-03-16 13:07:00,3.0948,3.0983,3.0913,3.0933,3.0998,3.1033,3.0963,3.0983,49
2026-03-16 13:08:00,3.0928,3.0983,3.0928,3.0943,3.0978,3.1033,3.0978,3.0993,23
2026-03-16 13:09:00,3.0948,3.0953,3.0903,3.0908,3.0998,3.1003,3.0953,3.0958,30
2026-03-16 13:10:00,3.0903,3.0968,3.0878,3.0919,3.0953,3.1018,3.0928,3.0968,32
2026-03-16 13:11:00,3.0923,3.0968,3.0919,3.0948,3.0973,3.1018,3.0968,3.0998,40
2026-03-16 13:12:00,3.0943,3.0943,3.0848,3.0903,3.0993,3.0993,3.0898,3.0953,56
2026-03-16 13:13:00,3.0908,3.0958,3.0903,3.0913,3.0958,3.1008,3.0953,3.0963,40
2026-03-16 13:14:00,3.0903,3.1018,3.0898,3.0988,3.0953,3.1068,3.0948,3.1038,50
2026-03-16 13:15:00,3.0973,3.0988,3.0888,3.0888,3.1023,3.1038,3.0938,3.0938,44
2026-03-16 13:16:00,3.0883,3.0983,3.0883,3.0958,3.0933,3.1033,3.0933,3.1008,40
2026-03-16 13:17:00,3.0968,3.1058,3.0958,3.1058,3.1018,3.1108,3.1008,3.1108,32
2026-03-16 13:18:00,3.1048,3.1079,3.1048,3.1048,3.1098,3.1128,3.1098,3.1098,27
2026-03-16 13:19:00,3.1043,3.1138,3.1038,3.1138,3.1093,3.1188,3.1088,3.1188,43
2026-03-16 13:20:00,3.1133,3.1248,3.1133,3.1223,3.1183,3.1298,3.1183,3.1273,56
2026-03-16 13:21:00,3.1228,3.1233,3.1159,3.1163,3.1278,3.1283,3.1208,3.1213,36
2026-03-16 13:22:00,3.1159,3.1173,3.1138,3.1148,3.1208,3.1223,3.1188,3.1198,16
2026-03-16 13:23:00,3.1153,3.1178,3.1128,3.1148,3.1203,3.1228,3.1178,3.1198,38
2026-03-16 13:24:00,3.1143,3.1159,3.1108,3.1148,3.1193,3.1208,3.1158,3.1198,25
2026-03-16 13:25:00,3.1153,3.1218,3.1123,3.1128,3.1203,3.1268,3.1173,3.1178,51
2026-03-16 13:26:00,3.1133,3.1133,3.1088,3.1098,3.1183,3.1183,3.1138,3.1148,22
2026-03-16 13:27:00,3.1103,3.1218,3.1093,3.1208,3.1153,3.1268,3.1143,3.1258,40
2026-03-16 13:28:00,3.1203,3.1208,3.1148,3.1153,3.1253,3.1258,3.1198,3.1203,42
2026-03-16 13:29:00,3.1148,3.1218,3.1148,3.1188,3.1198,3.1268,3.1198,3.1238,40
2026-03-16 13:30:00,3.1183,3.1248,3.1178,3.1248,3.1233,3.1298,3.1228,3.1298,31
2026-03-16 13:31:00,3.1238,3.1258,3.1188,3.1198,3.1288,3.1308,3.1238,3.1248,41
2026-03-16 13:32:00,3.1203,3.1208,3.1148,3.1178,3.1253,3.1258,3.1198,3.1228,41
2026-03-16 13:33:00,3.1183,3.1208,3.1103,3.1113,3.1233,3.1258,3.1153,3.1163,40
2026-03-16 13:34:00,3.1123,3.1138,3.1068,3.1103,3.1173,3.1188,3.1118,3.1153,44
2026-03-16 13:35:00,3.1108,3.1113,3.1038,3.1038,3.1158,3.1163,3.1088,3.1088,26
2026-03-16 13:36:00,3.1043,3.1048,3.0968,3.0999,3.1093,3.1098,3.1018,3.1048,26
2026-03-16 13:37:00,3.0993,3.0993,3.0913,3.0968,3.1043,3.1043,3.0963,3.1018,62
2026-03-16 13:38:00,3.0963,3.0999,3.0938,3.0999,3.1013,3.1048,3.0988,3.1048,43
2026-03-16 13:39:00,3.1008,3.1018,3.0838,3.0863,3.1058,3.1068,3.0888,3.0913,74
2026-03-16 13:40:00,3.0868,3.0868,3.0828,3.0828,3.0918,3.0918,3.0878,3.0878,45
2026-03-16 13:41:00,3.0823,3.0848,3.0798,3.0808,3.0873,3.0898,3.0848,3.0858,41
2026-03-16 13:42:00,3.0813,3.0878,3.0798,3.0838,3.0863,3.0928,3.0848,3.0888,69
2026-03-16 13:43:00,3.0843,3.0908,3.0818,3.0833,3.0893,3.0958,3.0868,3.0883,45
2026-03-16 13:44:00,3.0838,3.0848,3.0818,3.0818,3.0888,3.0898,3.0868,3.0868,35
2026-03-16 13:45:00,3.0813,3.0818,3.0563,3.0568,3.0863,3.0868,3.0613,3.0618,131
2026-03-16 13:46:00,3.0558,3.0648,3.0518,3.0633,3.0608,3.0698,3.0568,3.0683,81
2026-03-16 13:47:00,3.0638,3.0648,3.0578,3.0623,3.0688,3.0698,3.0628,3.0673,95
2026-03-16 13:48:00,3.0613,3.0668,3.0598,3.0668,3.0663,3.0718,3.0648,3.0718,49
2026-03-16 13:49:00,3.0673,3.0678,3.0623,3.0628,3.0723,3.0728,3.0673,3.0678,44
2026-03-16 13:50:00,3.0633,3.0748,3.0633,3.0738,3.0683,3.0798,3.0683,3.0788,67
2026-03-16 13:51:00,3.0733,3.0733,3.0658,3.0703,3.0783,3.0783,3.0708,3.0753,38
2026-03-16 13:52:00,3.0713,3.0728,3.0663,3.0718,3.0763,3.0778,3.0713,3.0768,51
2026-03-16 13:53:00,3.0723,3.0778,3.0718,3.0758,3.0773,3.0828,3.0768,3.0808,40
2026-03-16 13:54:00,3.0748,3.0808,3.0733,3.0768,3.0798,3.0858,3.0783,3.0818,62
2026-03-16 13:55:00,3.0773,3.0968,3.0768,3.0968,3.0823,3.1018,3.0818,3.1018,61
2026-03-16 13:56:00,3.0973,3.1008,3.0898,3.0908,3.1023,3.1058,3.0948,3.0958,60
2026-03-16 13:57:00,3.0913,3.1018,3.0898,3.0988,3.0963,3.1068,3.0948,3.1038,67
2026-03-16 13:58:00,3.0983,3.1038,3.0978,3.0999,3.1033,3.1088,3.1028,3.1048,45
2026-03-16 13:59:00,3.0993,3.0999,3.0908,3.0908,3.1043,3.1048,3.0958,3.0958,50
2026-03-16 14:00:00,3.0913,3.1048,3.0913,3.0938,3.0963,3.1098,3.0963,3.0988,153
2026-03-16 14:01:00,3.0933,3.1058,3.0898,3.1053,3.0983,3.1108,3.0948,3.1103,142
2026-03-16 14:02:00,3.1058,3.1168,3.1058,3.1138,3.1108,3.1218,3.1108,3.1188,135
2026-03-16 14:03:00,3.1133,3.1283,3.1128,3.1233,3.1183,3.1333,3.1178,3.1283,101
2026-03-16 14:04:00,3.1228,3.1313,3.1228,3.1283,3.1278,3.1363,3.1278,3.1333,80
2026-03-16 14:05:00,3.1278,3.1318,3.1178,3.1213,3.1328,3.1368,3.1228,3.1263,114
2026-03-16 14:06:00,3.1208,3.1213,3.1128,3.1128,3.1258,3.1263,3.1178,3.1178,81
2026-03-16 14:07:00,3.1133,3.1168,3.1088,3.1098,3.1183,3.1218,3.1138,3.1148,59
2026-03-16 14:08:00,3.1088,3.1188,3.1058,3.1163,3.1138,3.1238,3.1108,3.1213,69
2026-03-16 14:09:00,3.1153,3.1173,3.1118,3.1128,3.1203,3.1223,3.1168,3.1178,55
2026-03-16 14:10:00,3.1123,3.1208,3.1123,3.1148,3.1173,3.1258,3.1173,3.1198,68
2026-03-16 14:11:00,3.1153,3.1208,3.1103,3.1113,3.1203,3.1258,3.1153,3.1163,86
2026-03-16 14:12:00,3.1108,3.1159,3.1108,3.1159,3.1158,3.1208,3.1158,3.1208,32
2026-03-16 14:13:00,3.1148,3.1148,3.1108,3.1148,3.1198,3.1198,3.1158,3.1198,44
2026-03-16 14:14:00,3.1153,3.1178,3.1088,3.1128,3.1203,3.1228,3.1138,3.1178,43
2026-03-16 14:15:00,3.1123,3.1133,3.1053,3.1098,3.1173,3.1183,3.1103,3.1148,60
2026-03-16 14:16:00,3.1093,3.1128,3.1038,3.1063,3.1143,3.1178,3.1088,3.1113,67
2026-03-16 14:17:00,3.1058,3.1143,3.1058,3.1113,3.1108,3.1193,3.1108,3.1163,49
2026-03-16 14:18:00,3.1108,3.1108,3.1043,3.1058,3.1158,3.1158,3.1093,3.1108,57
2026-03-16 14:19:00,3.1063,3.1083,3.1018,3.1028,3.1113,3.1133,3.1068,3.1078,62
2026-03-16 14:20:00,3.1033,3.1058,3.0999,3.1023,3.1083,3.1108,3.1048,3.1073,48
2026-03-16 14:21:00,3.1018,3.1028,3.0898,3.0908,3.1068,3.1078,3.0948,3.0958,53
2026-03-16 14:22:00,3.0898,3.0958,3.0878,3.0948,3.0948,3.1008,3.0928,3.0998,56
2026-03-16 14:23:00,3.0958,3.0958,3.0923,3.0928,3.1008,3.1008,3.0973,3.0978,41
2026-03-16 14:24:00,3.0933,3.0978,3.0928,3.0968,3.0983,3.1028,3.0978,3.1018,35
2026-03-16 14:25:00,3.0958,3.1018,3.0943,3.0993,3.1008,3.1068,3.0993,3.1043,48
2026-03-16 14:26:00,3.0999,3.1028,3.0978,3.0999,3.1048,3.1078,3.1028,3.1048,40
2026-03-16 14:27:00,3.0993,3.1038,3.0978,3.0993,3.1043,3.1088,3.1028,3.1043,58
2026-03-16 14:28:00,3.0988,3.1023,3.0988,3.0988,3.1038,3.1073,3.1038,3.1038,40
2026-03-16 14:29:00,3.0993,3.1038,3.0993,3.1013,3.1043,3.1088,3.1043,3.1063,27
2026-03-16 14:30:00,3.1008,3.1028,3.0898,3.0903,3.1058,3.1078,3.0948,3.0953,92
2026-03-16 14:31:00,3.0908,3.0938,3.0838,3.0863,3.0958,3.0988,3.0888,3.0913,95
2026-03-16 14:32:00,3.0853,3.0999,3.0848,3.0999,3.0903,3.1048,3.0898,3.1048,82
2026-03-16 14:33:00,3.0993,3.1048,3.0923,3.0938,3.1043,3.1098,3.0973,3.0988,76
2026-03-16 14:34:00,3.0943,3.1028,3.0938,3.0973,3.0993,3.1078,3.0988,3.1023,65
2026-03-16 14:35:00,3.0968,3.1018,3.0943,3.0988,3.1018,3.1068,3.0993,3.1038,68
2026-03-16 14:36:00,3.0993,3.1098,3.0978,3.1093,3.1043,3.1148,3.1028,3.1143,81
2026-03-16 14:37:00,3.1088,3.1148,3.1058,3.1143,3.1138,3.1198,3.1108,3.1193,63
2026-03-16 14:38:00,3.1138,3.1168,3.1118,3.1153,3.1188,3.1218,3.1168,3.1203,43
2026-03-16 14:39:00,3.1148,3.1163,3.1128,3.1138,3.1198,3.1213,3.1178,3.1188,52
2026-03-16 14:40:00,3.1143,3.1208,3.1138,3.1138,3.1193,3.1258,3.1188,3.1188,54
2026-03-16 14:41:00,3.1128,3.1248,3.1118,3.1208,3.1178,3.1298,3.1168,3.1258,43
2026-03-16 14:42:00,3.1198,3.1208,3.1088,3.1098,3.1248,3.1258,3.1138,3.1148,58
2026-03-16 14:43:00,3.1108,3.1143,3.1088,3.1138,3.1158,3.1193,3.1138,3.1188,31
2026-03-16 14:44:00,3.1133,3.1133,3.1038,3.1058,3.1183,3.1183,3.1088,3.1108,59
2026-03-16 14:45:00,3.1048,3.1128,3.1048,3.1048,3.1098,3.1178,3.1098,3.1098,50
2026-03-16 14:46:00,3.1053,3.1079,3.0968,3.1013,3.1103,3.1128,3.1018,3.1063,63
2026-03-16 14:47:00,3.1018,3.1118,3.1018,3.1113,3.1068,3.1168,3.1068,3.1163,56
2026-03-16 14:48:00,3.1108,3.1108,3.1038,3.1038,3.1158,3.1158,3.1088,3.1088,38
2026-03-16 14:49:00,3.1048,3.1079,3.1013,3.1038,3.1098,3.1128,3.1063,3.1088,65
2026-03-16 14:50:00,3.1048,3.1058,3.0978,3.0999,3.1098,3.1108,3.1028,3.1048,60
2026-03-16 14:51:00,3.0988,3.1028,3.0988,3.1018,3.1038,3.1078,3.1038,3.1068,46
2026-03-16 14:52:00,3.1013,3.1073,3.1008,3.1068,3.1063,3.1123,3.1058,3.1118,49
2026-03-16 14:53:00,3.1058,3.1098,3.1038,3.1083,3.1108,3.1148,3.1088,3.1133,64
2026-03-16 14:54:00,3.1073,3.1148,3.1068,3.1128,3.1123,3.1198,3.1118,3.1178,49
2026-03-16 14:55:00,3.1123,3.1128,3.1048,3.1083,3.1173,3.1178,3.1098,3.1133,51
2026-03-16 14:56:00,3.1093,3.1093,3.0978,3.1048,3.1143,3.1143,3.1028,3.1098,68
2026-03-16 14:57:00,3.1043,3.1053,3.0958,3.0993,3.1093,3.1103,3.1008,3.1043,101
2026-03-16 14:58:00,3.0999,3.1038,3.0953,3.0963,3.1048,3.1088,3.1003,3.1013,91
2026-03-16 14:59:00,3.0968,3.0988,3.0948,3.0958,3.1018,3.1038,3.0998,3.1008,49
2026-03-16 15:00:00,3.0953,3.1033,3.0953,3.1018,3.1003,3.1083,3.1003,3.1068,61
2026-03-16 15:01:00,3.1013,3.1048,3.0978,3.0983,3.1063,3.1098,3.1028,3.1033,49
2026-03-16 15:02:00,3.0993,3.0999,3.0898,3.0923,3.1043,3.1048,3.0948,3.0973,66
2026-03-16 15:03:00,3.0928,3.1018,3.0923,3.1008,3.0978,3.1068,3.0973,3.1058,62
2026-03-16 15:04:00,3.1018,3.1053,3.0988,3.0988,3.1068,3.1103,3.1038,3.1038,48
2026-03-16 15:05:00,3.0978,3.1028,3.0978,3.1008,3.1028,3.1078,3.1028,3.1058,30
2026-03-16 15:06:00,3.1003,3.1028,3.0978,3.0993,3.1053,3.1078,3.1028,3.1043,33
2026-03-16 15:07:00,3.0988,3.0999,3.0898,3.0938,3.1038,3.1048,3.0948,3.0988,62
2026-03-16 15:08:00,3.0943,3.0958,3.0883,3.0919,3.0993,3.1008,3.0933,3.0968,74
2026-03-16 15:09:00,3.0923,3.0923,3.0818,3.0833,3.0973,3.0973,3.0868,3.0883,63
2026-03-16 15:10:00,3.0823,3.0888,3.0818,3.0828,3.0873,3.0938,3.0868,3.0878,66
2026-03-16 15:11:00,3.0823,3.0838,3.0778,3.0838,3.0873,3.0888,3.0828,3.0888,65
2026-03-16 15:12:00,3.0833,3.0938,3.0818,3.0938,3.0883,3.0988,3.0868,3.0988,71
2026-03-16 15:13:00,3.0943,3.0958,3.0919,3.0938,3.0993,3.1008,3.0968,3.0988,57
2026-03-16 15:14:00,3.0933,3.0938,3.0878,3.0919,3.0983,3.0988,3.0928,3.0968,54
2026-03-16 15:15:00,3.0913,3.0958,3.0913,3.0928,3.0963,3.1008,3.0963,3.0978,40
2026-03-16 15:16:00,3.0923,3.0928,3.0858,3.0888,3.0973,3.0978,3.0908,3.0938,42
2026-03-16 15:17:00,3.0878,3.0888,3.0833,3.0878,3.0928,3.0938,3.0883,3.0928,42
2026-03-16 15:18:00,3.0873,3.0873,3.0828,3.0853,3.0923,3.0923,3.0878,3.0903,25
2026-03-16 15:19:00,3.0848,3.0893,3.0848,3.0848,3.0898,3.0943,3.0898,3.0898,22
2026-03-16 15:20:00,3.0843,3.0853,3.0818,3.0843,3.0893,3.0903,3.0868,3.0893,42
2026-03-16 15:21:00,3.0838,3.0843,3.0768,3.0783,3.0888,3.0893,3.0818,3.0833,29
2026-03-16 15:22:00,3.0778,3.0833,3.0778,3.0833,3.0828,3.0883,3.0828,3.0883,33
2026-03-16 15:23:00,3.0828,3.0838,3.0813,3.0838,3.0878,3.0888,3.0863,3.0888,30
2026-03-16 15:24:00,3.0843,3.0868,3.0813,3.0818,3.0893,3.0918,3.0863,3.0868,36
2026-03-16 15:25:00,3.0823,3.0838,3.0798,3.0828,3.0873,3.0888,3.0848,3.0878,29
2026-03-16 15:26:00,3.0838,3.0863,3.0798,3.0818,3.0888,3.0913,3.0848,3.0868,56
2026-03-16 15:27:00,3.0798,3.0833,3.0778,3.0833,3.0848,3.0883,3.0828,3.0883,33
2026-03-16 15:28:00,3.0828,3.0838,3.0768,3.0793,3.0878,3.0888,3.0818,3.0843,56
2026-03-16 15:29:00,3.0798,3.0808,3.0768,3.0798,3.0848,3.0858,3.0818,3.0848,41
2026-03-16 15:30:00,3.0788,3.0793,3.0758,3.0773,3.0838,3.0843,3.0808,3.0823,26
2026-03-16 15:31:00,3.0778,3.0778,3.0718,3.0733,3.0828,3.0828,3.0768,3.0783,49
2026-03-16 15:32:00,3.0728,3.0788,3.0718,3.0778,3.0778,3.0838,3.0768,3.0828,57
2026-03-16 15:33:00,3.0773,3.0818,3.0758,3.0773,3.0823,3.0868,3.0808,3.0823,55
2026-03-16 15:34:00,3.0768,3.0813,3.0758,3.0813,3.0818,3.0863,3.0808,3.0863,73
2026-03-16 15:35:00,3.0798,3.0798,3.0738,3.0748,3.0848,3.0848,3.0788,3.0798,47
2026-03-16 15:36:00,3.0743,3.0793,3.0708,3.0778,3.0793,3.0843,3.0758,3.0828,60
2026-03-16 15:37:00,3.0788,3.0798,3.0768,3.0788,3.0838,3.0848,3.0818,3.0838,37
2026-03-16 15:38:00,3.0793,3.0828,3.0778,3.0813,3.0843,3.0878,3.0828,3.0863,39
2026-03-16 15:39:00,3.0818,3.0838,3.0763,3.0763,3.0868,3.0888,3.0813,3.0813,52
2026-03-16 15:40:00,3.0753,3.0753,3.0628,3.0638,3.0803,3.0803,3.0678,3.0688,62
2026-03-16 15:41:00,3.0628,3.0658,3.0618,3.0618,3.0678,3.0708,3.0668,3.0668,48
2026-03-16 15:42:00,3.0628,3.0688,3.0618,3.0633,3.0678,3.0738,3.0668,3.0683,50
2026-03-16 15:43:00,3.0638,3.0638,3.0583,3.0628,3.0688,3.0688,3.0633,3.0678,44
2026-03-16 15:44:00,3.0618,3.0648,3.0608,3.0618,3.0668,3.0698,3.0658,3.0668,40
2026-03-16 15:45:00,3.0608,3.0618,3.0568,3.0578,3.0658,3.0668,3.0618,3.0628,69
2026-03-16 15:46:00,3.0573,3.0588,3.0553,3.0553,3.0623,3.0638,3.0603,3.0603,27
2026-03-16 15:47:00,3.0558,3.0573,3.0488,3.0518,3.0608,3.0623,3.0538,3.0568,82
2026-03-16 15:48:00,3.0508,3.0518,3.0488,3.0493,3.0558,3.0568,3.0538,3.0543,38
2026-03-16 15:49:00,3.0498,3.0543,3.0488,3.0543,3.0548,3.0593,3.0538,3.0593,34
2026-03-16 15:50:00,3.0538,3.0618,3.0538,3.0578,3.0588,3.0668,3.0588,3.0628,48
2026-03-16 15:51:00,3.0588,3.0608,3.0558,3.0568,3.0638,3.0658,3.0608,3.0618,27
2026-03-16 15:52:00,3.0563,3.0588,3.0558,3.0578,3.0613,3.0638,3.0608,3.0628,31
2026-03-16 15:53:00,3.0573,3.0588,3.0558,3.0573,3.0623,3.0638,3.0608,3.0623,31
2026-03-16 15:54:00,3.0588,3.0588,3.0508,3.0533,3.0638,3.0638,3.0558,3.0583,37
2026-03-16 15:55:00,3.0528,3.0543,3.0523,3.0538,3.0578,3.0593,3.0573,3.0588,26
2026-03-16 15:56:00,3.0533,3.0538,3.0518,3.0528,3.0583,3.0588,3.0568,3.0578,10
2026-03-16 15:57:00,3.0538,3.0548,3.0528,3.0548,3.0588,3.0598,3.0578,3.0598,25
2026-03-16 15:58:00,3.0558,3.0558,3.0523,3.0538,3.0608,3.0608,3.0573,3.0588,25
2026-03-16 15:59:00,3.0528,3.0528,3.0488,3.0528,3.0578,3.0578,3.0538,3.0578,26
2026-03-16 16:00:00,3.0518,3.0528,3.0413,3.0433,3.0568,3.0578,3.0463,3.0483,76
2026-03-16 16:01:00,3.0428,3.0468,3.0428,3.0453,3.0478,3.0518,3.0478,3.0503,34
2026-03-16 16:02:00,3.0448,3.0463,3.0418,3.0443,3.0498,3.0513,3.0468,3.0493,52
2026-03-16 16:03:00,3.0433,3.0493,3.0433,3.0478,3.0483,3.0543,3.0483,3.0528,40
2026-03-16 16:04:00,3.0488,3.0508,3.0478,3.0498,3.0538,3.0558,3.0528,3.0548,23
2026-03-16 16:05:00,3.0488,3.0538,3.0488,3.0513,3.0538,3.0588,3.0538,3.0563,46
2026-03-16 16:06:00,3.0503,3.0568,3.0498,3.0543,3.0553,3.0618,3.0548,3.0593,39
2026-03-16 16:07:00,3.0548,3.0558,3.0508,3.0513,3.0598,3.0608,3.0558,3.0563,43
2026-03-16 16:08:00,3.0508,3.0528,3.0498,3.0498,3.0558,3.0578,3.0548,3.0548,29
2026-03-16 16:09:00,3.0508,3.0543,3.0498,3.0498,3.0558,3.0593,3.0548,3.0548,35
2026-03-16 16:10:00,3.0503,3.0528,3.0498,3.0518,3.0553,3.0578,3.0548,3.0568,26
2026-03-16 16:11:00,3.0513,3.0523,3.0488,3.0503,3.0563,3.0573,3.0538,3.0553,30
2026-03-16 16:12:00,3.0508,3.0528,3.0488,3.0498,3.0558,3.0578,3.0538,3.0548,30
2026-03-16 16:13:00,3.0503,3.0503,3.0433,3.0458,3.0553,3.0553,3.0483,3.0508,33
2026-03-16 16:14:00,3.0463,3.0463,3.0443,3.0458,3.0513,3.0513,3.0493,3.0508,32
2026-03-16 16:15:00,3.0448,3.0448,3.0368,3.0378,3.0498,3.0498,3.0418,3.0428,39
2026-03-16 16:16:00,3.0388,3.0398,3.0358,3.0368,3.0438,3.0448,3.0408,3.0418,45
2026-03-16 16:17:00,3.0358,3.0388,3.0358,3.0368,3.0408,3.0438,3.0408,3.0418,42
2026-03-16 16:18:00,3.0358,3.0393,3.0358,3.0368,3.0408,3.0443,3.0408,3.0418,29
2026-03-16 16:19:00,3.0363,3.0398,3.0338,3.0353,3.0413,3.0448,3.0388,3.0403,43
2026-03-16 16:20:00,3.0343,3.0388,3.0338,3.0378,3.0393,3.0438,3.0388,3.0428,28
2026-03-16 16:21:00,3.0388,3.0438,3.0378,3.0418,3.0438,3.0488,3.0428,3.0468,37
2026-03-16 16:22:00,3.0413,3.0418,3.0378,3.0388,3.0463,3.0468,3.0428,3.0438,21
2026-03-16 16:23:00,3.0398,3.0408,3.0338,3.0348,3.0448,3.0458,3.0388,3.0398,28
2026-03-16 16:24:00,3.0353,3.0353,3.0298,3.0298,3.0403,3.0403,3.0348,3.0348,29
2026-03-16 16:25:00,3.0308,3.0338,3.0308,3.0328,3.0358,3.0388,3.0358,3.0378,34
2026-03-16 16:26:00,3.0323,3.0328,3.0233,3.0268,3.0373,3.0378,3.0283,3.0318,50
2026-03-16 16:27:00,3.0273,3.0278,3.0248,3.0278,3.0323,3.0328,3.0298,3.0328,36
2026-03-16 16:28:00,3.0273,3.0293,3.0228,3.0258,3.0323,3.0343,3.0278,3.0308,32
2026-03-16 16:29:00,3.0248,3.0288,3.0238,3.0258,3.0298,3.0338,3.0288,3.0308,45
2026-03-16 16:30:00,3.0253,3.0298,3.0143,3.0168,3.0303,3.0348,3.0193,3.0218,53
2026-03-16 16:31:00,3.0173,3.0173,3.0138,3.0158,3.0223,3.0223,3.0188,3.0208,40
2026-03-16 16:32:00,3.0153,3.0153,3.0068,3.0098,3.0203,3.0203,3.0118,3.0148,41
2026-03-16 16:33:00,3.0093,3.0163,3.0078,3.0143,3.0143,3.0213,3.0128,3.0193,44
2026-03-16 16:34:00,3.0138,3.0178,3.0123,3.0128,3.0188,3.0228,3.0173,3.0178,54
2026-03-16 16:35:00,3.0123,3.0148,3.0108,3.0118,3.0173,3.0198,3.0158,3.0168,39
2026-03-16 16:36:00,3.0123,3.0168,3.0118,3.0168,3.0173,3.0218,3.0168,3.0218,32
2026-03-16 16:37:00,3.0163,3.0183,3.0148,3.0168,3.0213,3.0233,3.0198,3.0218,32
2026-03-16 16:38:00,3.0163,3.0178,3.0148,3.0163,3.0213,3.0228,3.0198,3.0213,33
2026-03-16 16:39:00,3.0158,3.0163,3.0148,3.0158,3.0208,3.0213,3.0198,3.0208,29
2026-03-16 16:40:00,3.0168,3.0203,3.0148,3.0148,3.0218,3.0253,3.0198,3.0198,40
2026-03-16 16:41:00,3.0143,3.0168,3.0128,3.0143,3.0193,3.0218,3.0178,3.0193,23
2026-03-16 16:42:00,3.0133,3.0148,3.0123,3.0123,3.0183,3.0198,3.0173,3.0173,34
2026-03-16 16:43:00,3.0128,3.0138,3.0098,3.0118,3.0178,3.0188,3.0148,3.0168,38
2026-03-16 16:44:00,3.0108,3.0138,3.0098,3.0138,3.0158,3.0188,3.0148,3.0188,35
2026-03-16 16:45:00,3.0143,3.0148,3.0108,3.0123,3.0193,3.0198,3.0158,3.0173,28
2026-03-16 16:46:00,3.0118,3.0178,3.0118,3.0168,3.0168,3.0228,3.0168,3.0218,27
2026-03-16 16:47:00,3.0178,3.0198,3.0143,3.0153,3.0228,3.0248,3.0193,3.0203,32
2026-03-16 16:48:00,3.0143,3.0168,3.0078,3.0088,3.0193,3.0218,3.0128,3.0138,39
2026-03-16 16:49:00,3.0078,3.0128,3.0068,3.0108,3.0128,3.0178,3.0118,3.0158,24
2026-03-16 16:50:00,3.0098,3.0128,3.0078,3.0118,3.0148,3.0178,3.0128,3.0168,32
2026-03-16 16:51:00,3.0123,3.0138,3.0108,3.0138,3.0173,3.0188,3.0158,3.0188,22
2026-03-16 16:52:00,3.0133,3.0143,3.0118,3.0128,3.0183,3.0193,3.0168,3.0178,23
2026-03-16 16:53:00,3.0123,3.0123,3.0088,3.0098,3.0173,3.0173,3.0138,3.0148,21
2026-03-16 16:54:00,3.0093,3.0098,3.0048,3.0068,3.0143,3.0148,3.0098,3.0118,31
2026-03-16 16:55:00,3.0073,3.0133,3.0068,3.0108,3.0123,3.0183,3.0118,3.0158,35
2026-03-16 16:56:00,3.0103,3.0138,3.0093,3.0118,3.0153,3.0188,3.0143,3.0168,27
2026-03-16 16:57:00,3.0113,3.0148,3.0113,3.0113,3.0163,3.0198,3.0163,3.0163,23
2026-03-16 16:58:00,3.0118,3.0128,3.0088,3.0113,3.0168,3.0178,3.0138,3.0163,30
2026-03-16 16:59:00,3.0118,3.0138,3.0108,3.0128,3.0168,3.0188,3.0158,3.0178,38
2026-03-16 17:00:00,3.0133,3.0158,3.0098,3.0148,3.0183,3.0208,3.0148,3.0198,53
2026-03-16 17:01:00,3.0153,3.0168,3.0118,3.0168,3.0203,3.0218,3.0168,3.0218,20
2026-03-16 17:02:00,3.0158,3.0203,3.0138,3.0203,3.0208,3.0253,3.0188,3.0253,50
2026-03-16 17:03:00,3.0193,3.0253,3.0193,3.0248,3.0243,3.0303,3.0243,3.0298,45
2026-03-16 17:04:00,3.0258,3.0298,3.0238,3.0298,3.0308,3.0348,3.0288,3.0348,33
2026-03-16 17:05:00,3.0293,3.0308,3.0258,3.0278,3.0343,3.0358,3.0308,3.0328,38
2026-03-16 17:06:00,3.0273,3.0308,3.0253,3.0298,3.0323,3.0358,3.0303,3.0348,44
2026-03-16 17:07:00,3.0303,3.0303,3.0268,3.0278,3.0353,3.0353,3.0318,3.0328,32
2026-03-16 17:08:00,3.0283,3.0288,3.0258,3.0283,3.0333,3.0338,3.0308,3.0333,44
2026-03-16 17:09:00,3.0293,3.0298,3.0268,3.0288,3.0343,3.0348,3.0318,3.0338,19
2026-03-16 17:10:00,3.0283,3.0288,3.0268,3.0278,3.0333,3.0338,3.0318,3.0328,14
2026-03-16 17:11:00,3.0268,3.0273,3.0158,3.0188,3.0318,3.0323,3.0208,3.0238,32
2026-03-16 17:12:00,3.0193,3.0228,3.0193,3.0213,3.0243,3.0278,3.0243,3.0263,29
2026-03-16 17:13:00,3.0218,3.0258,3.0203,3.0238,3.0268,3.0308,3.0253,3.0288,29
2026-03-16 17:14:00,3.0228,3.0228,3.0158,3.0168,3.0278,3.0278,3.0208,3.0218,22
2026-03-16 17:15:00,3.0178,3.0178,3.0128,3.0168,3.0228,3.0228,3.0178,3.0218,38
2026-03-16 17:16:00,3.0163,3.0188,3.0148,3.0173,3.0213,3.0238,3.0198,3.0223,36
2026-03-16 17:17:00,3.0178,3.0178,3.0158,3.0158,3.0228,3.0228,3.0208,3.0208,24
2026-03-16 17:18:00,3.0163,3.0178,3.0128,3.0128,3.0213,3.0228,3.0178,3.0178,34
2026-03-16 17:19:00,3.0133,3.0153,3.0123,3.0133,3.0183,3.0203,3.0173,3.0183,25
2026-03-16 17:20:00,3.0138,3.0158,3.0128,3.0143,3.0188,3.0208,3.0178,3.0193,35
2026-03-16 17:21:00,3.0128,3.0163,3.0128,3.0163,3.0178,3.0213,3.0178,3.0213,26
2026-03-16 17:22:00,3.0168,3.0223,3.0158,3.0203,3.0218,3.0273,3.0208,3.0253,47
2026-03-16 17:23:00,3.0198,3.0203,3.0173,3.0193,3.0248,3.0253,3.0223,3.0243,20
2026-03-16 17:24:00,3.0198,3.0258,3.0198,3.0223,3.0248,3.0308,3.0248,3.0273,28
2026-03-16 17:25:00,3.0218,3.0248,3.0188,3.0228,3.0268,3.0298,3.0238,3.0278,50
2026-03-16 17:26:00,3.0223,3.0288,3.0208,3.0273,3.0273,3.0338,3.0258,3.0323,38
2026-03-16 17:27:00,3.0268,3.0268,3.0213,3.0238,3.0318,3.0318,3.0263,3.0288,29
2026-03-16 17:28:00,3.0233,3.0278,3.0208,3.0278,3.0283,3.0328,3.0258,3.0328,50
2026-03-16 17:29:00,3.0268,3.0298,3.0218,3.0218,3.0318,3.0348,3.0268,3.0268,51
2026-03-16 17:30:00,3.0213,3.0258,3.0208,3.0233,3.0263,3.0308,3.0258,3.0283,38
2026-03-16 17:31:00,3.0238,3.0278,3.0233,3.0233,3.0288,3.0328,3.0283,3.0283,40
2026-03-16 17:32:00,3.0238,3.0288,3.0208,3.0288,3.0288,3.0338,3.0258,3.0338,24
2026-03-16 17:33:00,3.0283,3.0328,3.0278,3.0318,3.0333,3.0378,3.0328,3.0368,27
2026-03-16 17:34:00,3.0308,3.0333,3.0283,3.0298,3.0358,3.0383,3.0333,3.0348,29
2026-03-16 17:35:00,3.0303,3.0328,3.0288,3.0308,3.0353,3.0378,3.0338,3.0358,35
2026-03-16 17:36:00,3.0313,3.0313,3.0283,3.0288,3.0363,3.0363,3.0333,3.0338,22
2026-03-16 17:37:00,3.0303,3.0308,3.0258,3.0263,3.0353,3.0358,3.0308,3.0313,18
2026-03-16 17:38:00,3.0268,3.0308,3.0268,3.0288,3.0318,3.0358,3.0318,3.0338,35
2026-03-16 17:39:00,3.0293,3.0298,3.0278,3.0283,3.0343,3.0348,3.0328,3.0333,13
2026-03-16 17:40:00,3.0288,3.0298,3.0258,3.0263,3.0338,3.0348,3.0308,3.0313,31
2026-03-16 17:41:00,3.0258,3.0278,3.0198,3.0238,3.0308,3.0328,3.0248,3.0288,56
2026-03-16 17:42:00,3.0233,3.0248,3.0228,3.0238,3.0283,3.0298,3.0278,3.0288,8
2026-03-16 17:43:00,3.0233,3.0233,3.0178,3.0198,3.0283,3.0283,3.0228,3.0248,23
2026-03-16 17:44:00,3.0208,3.0233,3.0208,3.0223,3.0258,3.0283,3.0258,3.0273,14
2026-03-16 17:45:00,3.0218,3.0248,3.0203,3.0203,3.0268,3.0298,3.0253,3.0253,20
2026-03-16 17:46:00,3.0213,3.0213,3.0158,3.0168,3.0263,3.0263,3.0208,3.0218,23
2026-03-16 17:47:00,3.0173,3.0188,3.0148,3.0178,3.0223,3.0238,3.0198,3.0228,18
2026-03-16 17:48:00,3.0173,3.0223,3.0173,3.0218,3.0223,3.0273,3.0223,3.0268,16
2026-03-16 17:49:00,3.0213,3.0218,3.0188,3.0208,3.0263,3.0268,3.0238,3.0258,16
2026-03-16 17:50:00,3.0203,3.0238,3.0203,3.0218,3.0253,3.0288,3.0253,3.0268,18
2026-03-16 17:51:00,3.0208,3.0248,3.0198,3.0243,3.0258,3.0298,3.0248,3.0293,18
2026-03-16 17:52:00,3.0238,3.0248,3.0208,3.0218,3.0288,3.0298,3.0258,3.0268,25
2026-03-16 17:53:00,3.0223,3.0248,3.0218,3.0233,3.0273,3.0298,3.0268,3.0283,29
2026-03-16 17:54:00,3.0238,3.0238,3.0208,3.0218,3.0288,3.0288,3.0258,3.0268,20
2026-03-16 17:55:00,3.0213,3.0228,3.0203,3.0218,3.0263,3.0278,3.0253,3.0268,14
2026-03-16 17:56:00,3.0223,3.0258,3.0218,3.0218,3.0273,3.0308,3.0268,3.0268,23
2026-03-16 17:57:00,3.0213,3.0223,3.0168,3.0193,3.0263,3.0273,3.0218,3.0243,28
2026-03-16 17:58:00,3.0198,3.0213,3.0178,3.0198,3.0248,3.0263,3.0228,3.0248,20
2026-03-16 17:59:00,3.0193,3.0208,3.0183,3.0188,3.0243,3.0258,3.0233,3.0238,20
2026-03-16 18:00:00,3.0183,3.0188,3.0078,3.0133,3.0233,3.0238,3.0128,3.0183,77
2026-03-16 18:01:00,3.0128,3.0188,3.0123,3.0143,3.0178,3.0238,3.0173,3.0193,76
2026-03-16 18:02:00,3.0138,3.0153,3.0088,3.0093,3.0188,3.0203,3.0138,3.0143,33
2026-03-16 18:03:00,3.0088,3.0108,3.0078,3.0088,3.0138,3.0158,3.0128,3.0138,26
2026-03-16 18:04:00,3.0078,3.0108,3.0078,3.0098,3.0128,3.0158,3.0128,3.0148,37
2026-03-16 18:05:00,3.0088,3.0098,3.0068,3.0098,3.0138,3.0148,3.0118,3.0148,27
2026-03-16 18:06:00,3.0093,3.0098,3.0028,3.0038,3.0143,3.0148,3.0078,3.0088,42
2026-03-16 18:07:00,3.0033,3.0033,2.9993,3.0013,3.0083,3.0083,3.0043,3.0063,58
2026-03-16 18:08:00,3.0018,3.0018,2.9993,2.9998,3.0068,3.0068,3.0043,3.0048,19
2026-03-16 18:09:00,2.9988,2.9998,2.9968,2.9988,3.0038,3.0048,3.0018,3.0038,38
2026-03-16 18:10:00,2.9978,2.9998,2.9958,2.9988,3.0028,3.0048,3.0008,3.0038,33
2026-03-16 18:11:00,2.9993,2.9998,2.9863,2.9909,3.0043,3.0048,2.9913,2.9958,95
2026-03-16 18:12:00,2.9913,2.9918,2.9883,2.9888,2.9963,2.9968,2.9933,2.9938,45
2026-03-16 18:13:00,2.9893,2.9933,2.9888,2.9918,2.9943,2.9983,2.9938,2.9968,29
2026-03-16 18:14:00,2.9928,2.9958,2.9918,2.9948,2.9978,3.0008,2.9968,2.9998,23
2026-03-16 18:15:00,2.9953,2.9968,2.9948,2.9958,3.0003,3.0018,2.9998,3.0008,23
2026-03-16 18:16:00,2.9953,3.0003,2.9948,2.9998,3.0003,3.0053,2.9998,3.0048,29
2026-03-16 18:17:00,3.0003,3.0028,2.9968,2.9983,3.0053,3.0078,3.0018,3.0033,33
2026-03-16 18:18:00,2.9978,3.0098,2.9978,3.0068,3.0028,3.0148,3.0028,3.0118,53
2026-03-16 18:19:00,3.0078,3.0078,3.0048,3.0048,3.0128,3.0128,3.0098,3.0098,25
2026-03-16 18:20:00,3.0043,3.0058,3.0018,3.0033,3.0093,3.0108,3.0068,3.0083,40
2026-03-16 18:21:00,3.0038,3.0038,2.9993,2.9993,3.0088,3.0088,3.0043,3.0043,37
2026-03-16 18:22:00,2.9998,3.0018,2.9988,2.9988,3.0048,3.0068,3.0038,3.0038,19
2026-03-16 18:23:00,2.9998,2.9998,2.9978,2.9993,3.0048,3.0048,3.0028,3.0043,18
2026-03-16 18:24:00,2.9998,2.9998,2.9973,2.9983,3.0048,3.0048,3.0023,3.0033,15
2026-03-16 18:25:00,2.9988,2.9988,2.9953,2.9958,3.0038,3.0038,3.0003,3.0008,22
2026-03-16 18:26:00,2.9963,2.9978,2.9909,2.9913,3.0013,3.0028,2.9958,2.9963,35
2026-03-16 18:27:00,2.9918,2.9958,2.9898,2.9948,2.9968,3.0008,2.9948,2.9998,36
2026-03-16 18:28:00,2.9953,2.9958,2.9928,2.9933,3.0003,3.0008,2.9978,2.9983,20
2026-03-16 18:29:00,2.9938,2.9968,2.9928,2.9938,2.9988,3.0018,2.9978,2.9988,27
2026-03-16 18:30:00,2.9943,2.9978,2.9933,2.9968,2.9993,3.0028,2.9983,3.0018,29
2026-03-16 18:31:00,2.9963,2.9978,2.9948,2.9978,3.0013,3.0028,2.9998,3.0028,22
2026-03-16 18:32:00,2.9983,3.0058,2.9983,3.0018,3.0033,3.0108,3.0033,3.0068,48
2026-03-16 18:33:00,3.0008,3.0013,2.9958,2.9968,3.0058,3.0063,3.0008,3.0018,19
2026-03-16 18:34:00,2.9973,2.9993,2.9973,2.9993,3.0023,3.0043,3.0023,3.0043,13
2026-03-16 18:35:00,2.9998,3.0018,2.9978,2.9998,3.0048,3.0068,3.0028,3.0048,27
2026-03-16 18:36:00,2.9988,3.0008,2.9983,2.9998,3.0038,3.0058,3.0033,3.0048,21
2026-03-16 18:37:00,3.0003,3.0048,2.9998,3.0033,3.0053,3.0098,3.0048,3.0083,25
2026-03-16 18:38:00,3.0043,3.0048,3.0018,3.0028,3.0093,3.0098,3.0068,3.0078,19
2026-03-16 18:39:00,3.0033,3.0048,3.0018,3.0033,3.0083,3.0098,3.0068,3.0083,27
2026-03-16 18:40:00,3.0023,3.0023,2.9938,2.9948,3.0073,3.0073,2.9988,2.9998,67
2026-03-16 18:41:00,2.9958,2.9978,2.9948,2.9963,3.0008,3.0028,2.9998,3.0013,25
2026-03-16 18:42:00,2.9968,3.0018,2.9968,2.9988,3.0018,3.0068,3.0018,3.0038,49
2026-03-16 18:43:00,2.9983,3.0013,2.9978,3.0008,3.0033,3.0063,3.0028,3.0058,38
2026-03-16 18:44:00,3.0013,3.0028,3.0003,3.0018,3.0063,3.0078,3.0053,3.0068,20
2026-03-16 18:45:00,3.0023,3.0038,3.0008,3.0008,3.0073,3.0088,3.0058,3.0058,20
2026-03-16 18:46:00,3.0013,3.0018,2.9998,2.9998,3.0063,3.0068,3.0048,3.0048,13
2026-03-16 18:47:00,2.9993,3.0008,2.9988,2.9998,3.0043,3.0058,3.0038,3.0048,18
2026-03-16 18:48:00,3.0003,3.0008,2.9928,2.9953,3.0053,3.0058,2.9978,3.0003,32
2026-03-16 18:49:00,2.9948,2.9948,2.9928,2.9938,2.9998,2.9998,2.9978,2.9988,11
2026-03-16 18:50:00,2.9928,2.9948,2.9923,2.9933,2.9978,2.9998,2.9973,2.9983,17
2026-03-16 18:51:00,2.9928,2.9938,2.9909,2.9928,2.9978,2.9988,2.9958,2.9978,32
2026-03-16 18:52:00,2.9933,2.9958,2.9933,2.9958,2.9983,3.0008,2.9983,3.0008,19
2026-03-16 18:53:00,2.9963,2.9968,2.9948,2.9953,3.0013,3.0018,2.9998,3.0003,25
2026-03-16 18:54:00,2.9958,2.9978,2.9938,2.9958,3.0008,3.0028,2.9988,3.0008,30
2026-03-16 18:55:00,2.9968,2.9988,2.9948,2.9948,3.0018,3.0038,2.9998,2.9998,29
2026-03-16 18:56:00,2.9943,2.9948,2.9918,2.9928,2.9993,2.9998,2.9968,2.9978,23
2026-03-16 18:57:00,2.9933,2.9948,2.9909,2.9928,2.9983,2.9998,2.9958,2.9978,37
2026-03-16 18:58:00,2.9923,2.9948,2.9918,2.9933,2.9973,2.9998,2.9968,2.9983,34
2026-03-16 18:59:00,2.9938,2.9958,2.9913,2.9913,2.9988,3.0008,2.9963,2.9963,37
2026-03-16 19:00:00,2.9918,2.9938,2.9898,2.9938,2.9968,2.9988,2.9948,2.9988,36
2026-03-16 19:01:00,2.9943,3.0003,2.9943,2.9998,2.9993,3.0053,2.9993,3.0048,15
2026-03-16 19:02:00,3.0003,3.0028,2.9968,2.9988,3.0053,3.0078,3.0018,3.0038,38
2026-03-16 19:03:00,2.9978,2.9993,2.9948,2.9978,3.0028,3.0043,2.9998,3.0028,30
2026-03-16 19:04:00,2.9973,3.0048,2.9973,3.0038,3.0023,3.0098,3.0023,3.0088,35
2026-03-16 19:05:00,3.0043,3.0063,3.0028,3.0038,3.0093,3.0113,3.0078,3.0088,13
2026-03-16 19:06:00,3.0043,3.0053,2.9983,2.9988,3.0093,3.0103,3.0033,3.0038,43
2026-03-16 19:07:00,2.9993,3.0028,2.9983,3.0008,3.0043,3.0078,3.0033,3.0058,66
2026-03-16 19:08:00,3.0003,3.0013,2.9968,3.0003,3.0053,3.0063,3.0018,3.0053,45
2026-03-16 19:09:00,2.9998,3.0063,2.9998,3.0018,3.0048,3.0113,3.0048,3.0068,41
2026-03-16 19:10:00,3.0013,3.0028,2.9968,2.9968,3.0063,3.0078,3.0018,3.0018,22
2026-03-16 19:11:00,2.9978,3.0053,2.9968,3.0038,3.0028,3.0103,3.0018,3.0088,46
2026-03-16 19:12:00,3.0033,3.0038,2.9983,3.0038,3.0083,3.0088,3.0033,3.0088,28
2026-03-16 19:13:00,3.0043,3.0068,3.0033,3.0058,3.0093,3.0118,3.0083,3.0108,28
2026-03-16 19:14:00,3.0053,3.0068,3.0048,3.0068,3.0103,3.0118,3.0098,3.0118,10
2026-03-16 19:15:00,3.0058,3.0078,3.0018,3.0038,3.0108,3.0128,3.0068,3.0088,32
2026-03-16 19:16:00,3.0043,3.0043,2.9983,2.9988,3.0093,3.0093,3.0033,3.0038,33
2026-03-16 19:17:00,2.9993,3.0008,2.9973,2.9983,3.0043,3.0058,3.0023,3.0033,35
2026-03-16 19:18:00,2.9988,3.0018,2.9963,2.9963,3.0038,3.0068,3.0013,3.0013,36
2026-03-16 19:19:00,2.9968,3.0028,2.9958,3.0018,3.0018,3.0078,3.0008,3.0068,44
2026-03-16 19:20:00,3.0023,3.0118,3.0023,3.0118,3.0073,3.0168,3.0073,3.0168,62
2026-03-16 19:21:00,3.0123,3.0173,3.0113,3.0163,3.0173,3.0223,3.0163,3.0213,41
2026-03-16 19:22:00,3.0158,3.0168,3.0138,3.0148,3.0208,3.0218,3.0188,3.0198,39
2026-03-16 19:23:00,3.0138,3.0138,3.0048,3.0063,3.0188,3.0188,3.0098,3.0113,44
2026-03-16 19:24:00,3.0073,3.0123,3.0068,3.0073,3.0123,3.0173,3.0118,3.0123,69
2026-03-16 19:25:00,3.0078,3.0093,3.0023,3.0043,3.0128,3.0143,3.0073,3.0093,63
2026-03-16 19:26:00,3.0038,3.0038,2.9988,2.9988,3.0088,3.0088,3.0038,3.0038,50
2026-03-16 19:27:00,2.9993,3.0088,2.9993,3.0088,3.0043,3.0138,3.0043,3.0138,115
2026-03-16 19:28:00,3.0098,3.0168,3.0048,3.0168,3.0148,3.0218,3.0098,3.0218,113
2026-03-16 19:29:00,3.0163,3.0228,3.0158,3.0223,3.0213,3.0278,3.0208,3.0273,49
2026-03-16 19:30:00,3.0238,3.0238,3.0178,3.0233,3.0288,3.0288,3.0228,3.0283,39
2026-03-16 19:31:00,3.0238,3.0258,3.0218,3.0238,3.0288,3.0308,3.0268,3.0288,53
2026-03-16 19:32:00,3.0243,3.0288,3.0238,3.0278,3.0293,3.0338,3.0288,3.0328,37
2026-03-16 19:33:00,3.0268,3.0288,3.0258,3.0268,3.0318,3.0338,3.0308,3.0318,13
2026-03-16 19:34:00,3.0273,3.0278,3.0238,3.0258,3.0323,3.0328,3.0288,3.0308,12
2026-03-16 19:35:00,3.0253,3.0258,3.0208,3.0233,3.0303,3.0308,3.0258,3.0283,15
2026-03-16 19:36:00,3.0238,3.0248,3.0238,3.0243,3.0288,3.0298,3.0288,3.0293,8
2026-03-16 19:37:00,3.0248,3.0253,3.0218,3.0228,3.0298,3.0303,3.0268,3.0278,15
2026-03-16 19:38:00,3.0223,3.0223,3.0178,3.0198,3.0273,3.0273,3.0228,3.0248,21
2026-03-16 19:39:00,3.0193,3.0208,3.0183,3.0193,3.0243,3.0258,3.0233,3.0243,20
2026-03-16 19:40:00,3.0198,3.0268,3.0198,3.0248,3.0248,3.0318,3.0248,3.0298,46
2026-03-16 19:41:00,3.0238,3.0248,3.0218,3.0238,3.0288,3.0298,3.0268,3.0288,15
2026-03-16 19:42:00,3.0243,3.0248,3.0233,3.0233,3.0293,3.0298,3.0283,3.0283,12
2026-03-16 19:43:00,3.0228,3.0228,3.0208,3.0218,3.0278,3.0278,3.0258,3.0268,12
2026-03-16 19:44:00,3.0223,3.0228,3.0168,3.0178,3.0273,3.0278,3.0218,3.0228,18
2026-03-16 19:45:00,3.0168,3.0178,3.0168,3.0168,3.0218,3.0228,3.0218,3.0218,10
2026-03-16 19:46:00,3.0183,3.0213,3.0173,3.0183,3.0233,3.0263,3.0223,3.0233,31
2026-03-16 19:47:00,3.0188,3.0198,3.0178,3.0198,3.0238,3.0248,3.0228,3.0248,8
2026-03-16 19:48:00,3.0203,3.0203,3.0168,3.0168,3.0253,3.0253,3.0218,3.0218,15
2026-03-16 19:49:00,3.0178,3.0188,3.0178,3.0183,3.0228,3.0238,3.0228,3.0233,7
2026-03-16 19:50:00,3.0178,3.0178,3.0168,3.0178,3.0228,3.0228,3.0218,3.0228,8
2026-03-16 19:51:00,3.0173,3.0173,3.0158,3.0168,3.0223,3.0223,3.0208,3.0218,12
2026-03-16 19:52:00,3.0163,3.0188,3.0158,3.0188,3.0213,3.0238,3.0208,3.0238,9
2026-03-16 19:53:00,3.0183,3.0188,3.0158,3.0158,3.0233,3.0238,3.0208,3.0208,11
2026-03-16 19:54:00,3.0153,3.0153,3.0138,3.0138,3.0203,3.0203,3.0188,3.0188,7
2026-03-16 19:56:00,3.0143,3.0158,3.0128,3.0128,3.0193,3.0208,3.0178,3.0178,12
2026-03-16 19:57:00,3.0123,3.0123,3.0098,3.0108,3.0173,3.0173,3.0148,3.0158,15
2026-03-16 19:58:00,3.0113,3.0128,3.0108,3.0108,3.0163,3.0178,3.0158,3.0158,9
2026-03-16 19:59:00,3.0113,3.0118,3.0078,3.0088,3.0163,3.0168,3.0128,3.0138,20
2026-03-16 20:00:00,3.0093,3.0098,3.0088,3.0088,3.0143,3.0148,3.0138,3.0138,4
2026-03-16 20:01:00,3.0093,3.0108,3.0093,3.0098,3.0143,3.0158,3.0143,3.0148,11
2026-03-16 20:02:00,3.0108,3.0108,3.0088,3.0098,3.0158,3.0158,3.0138,3.0148,7
2026-03-16 20:03:00,3.0103,3.0108,3.0088,3.0088,3.0153,3.0158,3.0138,3.0138,6
2026-03-16 20:04:00,3.0093,3.0168,3.0093,3.0138,3.0143,3.0218,3.0143,3.0188,24
2026-03-16 20:05:00,3.0148,3.0168,3.0128,3.0168,3.0198,3.0218,3.0178,3.0218,11
2026-03-16 20:06:00,3.0183,3.0188,3.0178,3.0178,3.0233,3.0238,3.0228,3.0228,10
2026-03-16 20:07:00,3.0168,3.0168,3.0148,3.0148,3.0218,3.0218,3.0198,3.0198,6
2026-03-16 20:08:00,3.0158,3.0158,3.0138,3.0148,3.0208,3.0208,3.0188,3.0198,6
2026-03-16 20:09:00,3.0143,3.0143,3.0123,3.0128,3.0193,3.0193,3.0173,3.0178,12
2026-03-16 20:10:00,3.0118,3.0143,3.0118,3.0138,3.0168,3.0193,3.0168,3.0188,15
2026-03-16 20:11:00,3.0128,3.0148,3.0128,3.0128,3.0178,3.0198,3.0178,3.0178,13
2026-03-16 20:12:00,3.0133,3.0138,3.0133,3.0138,3.0183,3.0188,3.0183,3.0188,4
2026-03-16 20:13:00,3.0128,3.0138,3.0128,3.0138,3.0178,3.0188,3.0178,3.0188,3
2026-03-16 20:14:00,3.0143,3.0168,3.0138,3.0158,3.0193,3.0218,3.0188,3.0208,19
2026-03-16 20:15:00,3.0163,3.0168,3.0153,3.0153,3.0213,3.0218,3.0203,3.0203,8
2026-03-16 20:16:00,3.0158,3.0168,3.0153,3.0168,3.0208,3.0218,3.0203,3.0218,7
2026-03-16 20:17:00,3.0158,3.0163,3.0118,3.0148,3.0208,3.0213,3.0168,3.0198,16
2026-03-16 20:18:00,3.0153,3.0158,3.0148,3.0158,3.0203,3.0208,3.0198,3.0208,5
2026-03-16 20:19:00,3.0148,3.0193,3.0148,3.0168,3.0198,3.0243,3.0198,3.0218,16
2026-03-16 20:20:00,3.0163,3.0173,3.0158,3.0168,3.0213,3.0223,3.0208,3.0218,12
2026-03-16 20:21:00,3.0178,3.0208,3.0178,3.0208,3.0228,3.0258,3.0228,3.0258,9
2026-03-16 20:22:00,3.0213,3.0218,3.0208,3.0208,3.0263,3.0268,3.0258,3.0258,3
2026-03-16 20:23:00,3.0213,3.0218,3.0208,3.0218,3.0263,3.0268,3.0258,3.0268,4
2026-03-16 20:24:00,3.0223,3.0223,3.0198,3.0198,3.0273,3.0273,3.0248,3.0248,17
2026-03-16 20:25:00,3.0203,3.0208,3.0188,3.0198,3.0253,3.0258,3.0238,3.0248,15
2026-03-16 20:26:00,3.0188,3.0208,3.0188,3.0198,3.0238,3.0258,3.0238,3.0248,7
2026-03-16 20:27:00,3.0193,3.0203,3.0193,3.0193,3.0243,3.0253,3.0243,3.0243,7
2026-03-16 20:28:00,3.0188,3.0198,3.0178,3.0193,3.0238,3.0248,3.0228,3.0243,7
2026-03-16 20:29:00,3.0198,3.0208,3.0108,3.0138,3.0248,3.0258,3.0158,3.0188,73
2026-03-16 20:30:00,3.0143,3.0198,3.0143,3.0173,3.0193,3.0248,3.0193,3.0223,30
2026-03-16 20:31:00,3.0168,3.0173,3.0118,3.0133,3.0218,3.0223,3.0168,3.0183,22
2026-03-16 20:32:00,3.0138,3.0143,3.0128,3.0143,3.0188,3.0193,3.0178,3.0193,16
2026-03-16 20:33:00,3.0138,3.0158,3.0133,3.0158,3.0188,3.0208,3.0183,3.0208,18
2026-03-16 20:34:00,3.0153,3.0158,3.0148,3.0148,3.0203,3.0208,3.0198,3.0198,7
2026-03-16 20:35:00,3.0158,3.0158,3.0138,3.0138,3.0208,3.0208,3.0188,3.0188,8
2026-03-16 20:36:00,3.0143,3.0153,3.0118,3.0153,3.0193,3.0203,3.0168,3.0203,16
2026-03-16 20:37:00,3.0148,3.0153,3.0138,3.0153,3.0198,3.0203,3.0188,3.0203,12
2026-03-16 20:38:00,3.0158,3.0173,3.0158,3.0163,3.0208,3.0223,3.0208,3.0213,8
2026-03-16 20:39:00,3.0168,3.0188,3.0168,3.0173,3.0218,3.0238,3.0218,3.0223,25
2026-03-16 20:40:00,3.0168,3.0178,3.0163,3.0173,3.0218,3.0228,3.0213,3.0223,11
2026-03-16 20:41:00,3.0168,3.0178,3.0148,3.0178,3.0218,3.0228,3.0198,3.0228,17
2026-03-16 20:42:00,3.0183,3.0208,3.0183,3.0198,3.0233,3.0258,3.0233,3.0248,8
2026-03-16 20:43:00,3.0208,3.0208,3.0188,3.0198,3.0258,3.0258,3.0238,3.0248,4
2026-03-16 20:44:00,3.0193,3.0193,3.0188,3.0193,3.0243,3.0243,3.0238,3.0243,5
2026-03-16 20:45:00,3.0188,3.0203,3.0188,3.0198,3.0238,3.0253,3.0238,3.0248,11
2026-03-16 20:46:00,3.0203,3.0213,3.0203,3.0208,3.0253,3.0263,3.0253,3.0258,10
2026-03-16 20:47:00,3.0218,3.0218,3.0178,3.0178,3.0268,3.0268,3.0228,3.0228,14
2026-03-16 20:48:00,3.0188,3.0198,3.0188,3.0193,3.0238,3.0248,3.0238,3.0243,8
2026-03-16 20:49:00,3.0188,3.0188,3.0163,3.0168,3.0238,3.0238,3.0213,3.0218,15
2026-03-16 20:50:00,3.0173,3.0218,3.0168,3.0203,3.0223,3.0268,3.0218,3.0253,19
2026-03-16 20:51:00,3.0198,3.0208,3.0198,3.0208,3.0248,3.0258,3.0248,3.0258,2
2026-03-16 20:52:00,3.0213,3.0213,3.0178,3.0198,3.0263,3.0263,3.0228,3.0248,9
2026-03-16 20:53:00,3.0193,3.0193,3.0183,3.0188,3.0243,3.0243,3.0233,3.0238,10
2026-03-16 20:54:00,3.0183,3.0198,3.0183,3.0193,3.0233,3.0248,3.0233,3.0243,11
2026-03-16 20:55:00,3.0198,3.0218,3.0198,3.0208,3.0248,3.0268,3.0248,3.0258,7
2026-03-16 20:56:00,3.0218,3.0228,3.0208,3.0228,3.0268,3.0278,3.0258,3.0278,15
2026-03-16 20:57:00,3.0223,3.0248,3.0223,3.0248,3.0273,3.0298,3.0273,3.0298,12
2026-03-16 20:58:00,3.0238,3.0248,3.0233,3.0238,3.0288,3.0298,3.0283,3.0288,11
2026-03-16 20:59:00,3.0243,3.0248,3.0228,3.0233,3.0293,3.0298,3.0278,3.0283,16
2026-03-16 21:00:00,3.0228,3.0248,3.0228,3.0248,3.0278,3.0298,3.0278,3.0298,17
2026-03-16 21:01:00,3.0238,3.0248,3.0238,3.0248,3.0288,3.0298,3.0288,3.0298,5
2026-03-16 21:02:00,3.0243,3.0258,3.0243,3.0258,3.0293,3.0308,3.0293,3.0308,6
2026-03-16 21:03:00,3.0268,3.0268,3.0248,3.0248,3.0318,3.0318,3.0298,3.0298,4
2026-03-16 21:04:00,3.0238,3.0238,3.0228,3.0228,3.0288,3.0288,3.0278,3.0278,3
2026-03-16 21:05:00,3.0233,3.0233,3.0233,3.0233,3.0283,3.0283,3.0283,3.0283,1
2026-03-16 21:06:00,3.0238,3.0238,3.0218,3.0228,3.0288,3.0288,3.0268,3.0278,8
2026-03-16 21:07:00,3.0223,3.0228,3.0198,3.0213,3.0273,3.0278,3.0248,3.0263,10
2026-03-16 21:08:00,3.0208,3.0208,3.0178,3.0178,3.0258,3.0258,3.0228,3.0228,13
2026-03-16 21:09:00,3.0188,3.0218,3.0178,3.0198,3.0238,3.0268,3.0228,3.0248,12
2026-03-16 21:10:00,3.0193,3.0198,3.0188,3.0193,3.0243,3.0248,3.0238,3.0243,5
2026-03-16 21:11:00,3.0198,3.0198,3.0163,3.0168,3.0248,3.0248,3.0213,3.0218,7
2026-03-16 21:12:00,3.0158,3.0163,3.0138,3.0138,3.0208,3.0213,3.0188,3.0188,12
2026-03-16 21:13:00,3.0128,3.0148,3.0128,3.0128,3.0178,3.0198,3.0178,3.0178,6
2026-03-16 21:14:00,3.0133,3.0138,3.0128,3.0138,3.0183,3.0188,3.0178,3.0188,4
2026-03-16 21:15:00,3.0123,3.0123,3.0098,3.0098,3.0173,3.0173,3.0148,3.0148,9
2026-03-16 21:16:00,3.0103,3.0108,3.0098,3.0108,3.0153,3.0158,3.0148,3.0158,3
2026-03-16 21:17:00,3.0103,3.0103,3.0103,3.0103,3.0153,3.0153,3.0153,3.0153,1
2026-03-16 21:18:00,3.0108,3.0143,3.0108,3.0143,3.0158,3.0193,3.0158,3.0193,10
2026-03-16 21:19:00,3.0138,3.0153,3.0128,3.0128,3.0188,3.0203,3.0178,3.0178,12
2026-03-16 21:20:00,3.0133,3.0138,3.0128,3.0138,3.0183,3.0188,3.0178,3.0188,4
2026-03-16 21:21:00,3.0148,3.0188,3.0128,3.0173,3.0198,3.0238,3.0178,3.0223,22
2026-03-16 21:22:00,3.0178,3.0228,3.0173,3.0228,3.0228,3.0278,3.0223,3.0278,21
2026-03-16 21:23:00,3.0233,3.0233,3.0223,3.0223,3.0283,3.0283,3.0273,3.0273,2
2026-03-16 21:24:00,3.0218,3.0218,3.0203,3.0203,3.0268,3.0268,3.0253,3.0253,4
2026-03-16 21:25:00,3.0208,3.0228,3.0208,3.0218,3.0258,3.0278,3.0258,3.0268,7
2026-03-16 21:26:00,3.0223,3.0223,3.0188,3.0193,3.0273,3.0273,3.0238,3.0243,13
2026-03-16 21:28:00,3.0198,3.0198,3.0183,3.0183,3.0248,3.0248,3.0233,3.0233,3
2026-03-16 21:29:00,3.0188,3.0188,3.0168,3.0178,3.0238,3.0238,3.0218,3.0228,8
2026-03-16 21:30:00,3.0183,3.0193,3.0178,3.0183,3.0233,3.0243,3.0228,3.0233,8
2026-03-16 21:32:00,3.0188,3.0188,3.0168,3.0168,3.0238,3.0238,3.0218,3.0218,5
2026-03-16 21:33:00,3.0173,3.0233,3.0173,3.0218,3.0223,3.0283,3.0223,3.0268,19
2026-03-16 21:34:00,3.0213,3.0218,3.0203,3.0203,3.0263,3.0268,3.0253,3.0253,4
2026-03-16 21:35:00,3.0198,3.0208,3.0198,3.0208,3.0248,3.0258,3.0248,3.0258,5
2026-03-16 21:36:00,3.0213,3.0228,3.0208,3.0223,3.0263,3.0278,3.0258,3.0273,7
2026-03-16 21:37:00,3.0228,3.0248,3.0228,3.0243,3.0278,3.0298,3.0278,3.0293,8
2026-03-16 21:38:00,3.0248,3.0248,3.0228,3.0233,3.0298,3.0298,3.0278,3.0283,10
2026-03-16 21:39:00,3.0228,3.0238,3.0228,3.0238,3.0278,3.0288,3.0278,3.0288,4
2026-03-16 21:40:00,3.0233,3.0233,3.0223,3.0228,3.0283,3.0283,3.0273,3.0278,4
2026-03-16 21:41:00,3.0238,3.0238,3.0218,3.0223,3.0288,3.0288,3.0268,3.0273,8
2026-03-16 21:42:00,3.0228,3.0248,3.0218,3.0248,3.0278,3.0298,3.0268,3.0298,6
2026-03-16 21:43:00,3.0243,3.0258,3.0228,3.0228,3.0293,3.0308,3.0278,3.0278,9
2026-03-16 21:44:00,3.0223,3.0223,3.0198,3.0213,3.0273,3.0273,3.0248,3.0263,12
2026-03-16 21:45:00,3.0208,3.0213,3.0203,3.0213,3.0258,3.0263,3.0253,3.0263,12
2026-03-16 21:46:00,3.0218,3.0223,3.0218,3.0218,3.0268,3.0273,3.0268,3.0268,3
2026-03-16 21:47:00,3.0223,3.0228,3.0208,3.0228,3.0273,3.0278,3.0258,3.0278,8
2026-03-16 21:48:00,3.0223,3.0233,3.0223,3.0233,3.0273,3.0283,3.0273,3.0283,5
2026-03-16 21:49:00,3.0238,3.0243,3.0233,3.0233,3.0288,3.0293,3.0283,3.0283,6
2026-03-16 21:50:00,3.0238,3.0243,3.0233,3.0233,3.0288,3.0293,3.0283,3.0283,6
2026-03-16 21:51:00,3.0238,3.0288,3.0238,3.0263,3.0288,3.0338,3.0288,3.0313,13
2026-03-16 21:52:00,3.0258,3.0268,3.0258,3.0268,3.0308,3.0318,3.0308,3.0318,3
2026-03-16 21:53:00,3.0263,3.0263,3.0253,3.0253,3.0313,3.0313,3.0303,3.0303,3
2026-03-16 21:54:00,3.0248,3.0248,3.0238,3.0243,3.0298,3.0298,3.0288,3.0293,4
2026-03-16 21:55:00,3.0238,3.0248,3.0238,3.0243,3.0288,3.0298,3.0288,3.0293,3
2026-03-16 21:56:00,3.0228,3.0233,3.0213,3.0233,3.0278,3.0283,3.0263,3.0283,6
2026-03-16 21:57:00,3.0228,3.0238,3.0228,3.0238,3.0278,3.0288,3.0278,3.0288,4
2026-03-16 21:58:00,3.0233,3.0233,3.0218,3.0228,3.0283,3.0283,3.0268,3.0278,5
2026-03-16 21:59:00,3.0243,3.0268,3.0186,3.0196,3.0293,3.0318,3.0236,3.0246,20
2026-03-16 23:00:00,3.0216,3.0241,3.0201,3.0206,3.0266,3.0291,3.0251,3.0256,28
2026-03-16 23:01:00,3.0211,3.0236,3.0196,3.0236,3.0261,3.0286,3.0246,3.0286,11
2026-03-16 23:02:00,3.0231,3.0231,3.0211,3.0211,3.0281,3.0281,3.0261,3.0261,4
2026-03-16 23:03:00,3.0206,3.0206,3.0186,3.0186,3.0256,3.0256,3.0236,3.0236,6
2026-03-16 23:04:00,3.0196,3.0206,3.0196,3.0201,3.0246,3.0256,3.0246,3.0251,3
2026-03-16 23:05:00,3.0206,3.0206,3.0201,3.0201,3.0256,3.0256,3.0251,3.0251,2
2026-03-16 23:06:00,3.0206,3.0206,3.0201,3.0206,3.0256,3.0256,3.0251,3.0256,3
2026-03-16 23:07:00,3.0216,3.0216,3.0171,3.0171,3.0266,3.0266,3.0221,3.0221,5
2026-03-16 23:08:00,3.0161,3.0161,3.0161,3.0161,3.0211,3.0211,3.0211,3.0211,1
2026-03-16 23:09:00,3.0166,3.0166,3.0141,3.0141,3.0216,3.0216,3.0191,3.0191,4
2026-03-16 23:10:00,3.0146,3.0146,3.0116,3.0126,3.0196,3.0196,3.0166,3.0176,5
2026-03-16 23:11:00,3.0131,3.0131,3.0131,3.0131,3.0181,3.0181,3.0181,3.0181,1
2026-03-16 23:12:00,3.0126,3.0131,3.0111,3.0111,3.0176,3.0181,3.0161,3.0161,6
2026-03-16 23:13:00,3.0096,3.0126,3.0096,3.0121,3.0146,3.0176,3.0146,3.0171,6
2026-03-16 23:14:00,3.0116,3.0116,3.0101,3.0101,3.0166,3.0166,3.0151,3.0151,3
2026-03-16 23:15:00,3.0106,3.0111,3.0091,3.0091,3.0156,3.0161,3.0141,3.0141,5
2026-03-16 23:17:00,3.0081,3.0091,3.0076,3.0091,3.0131,3.0141,3.0126,3.0141,3
2026-03-16 23:18:00,3.0096,3.0096,3.0096,3.0096,3.0146,3.0146,3.0146,3.0146,1
2026-03-16 23:19:00,3.0106,3.0116,3.0106,3.0116,3.0156,3.0166,3.0156,3.0166,2
2026-03-16 23:20:00,3.0106,3.0111,3.0106,3.0106,3.0156,3.0161,3.0156,3.0156,3
2026-03-16 23:21:00,3.0116,3.0126,3.0116,3.0116,3.0166,3.0176,3.0166,3.0166,3
2026-03-16 23:22:00,3.0111,3.0121,3.0111,3.0121,3.0161,3.0171,3.0161,3.0171,2
2026-03-16 23:24:00,3.0116,3.0126,3.0106,3.0126,3.0166,3.0176,3.0156,3.0176,5
2026-03-16 23:25:00,3.0131,3.0176,3.0131,3.0171,3.0181,3.0226,3.0181,3.0221,7
2026-03-16 23:26:00,3.0166,3.0176,3.0166,3.0176,3.0216,3.0226,3.0216,3.0226,3
2026-03-16 23:27:00,3.0186,3.0196,3.0186,3.0196,3.0236,3.0246,3.0236,3.0246,4
2026-03-16 23:28:00,3.0201,3.0201,3.0201,3.0201,3.0251,3.0251,3.0251,3.0251,1
2026-03-16 23:29:00,3.0196,3.0196,3.0196,3.0196,3.0246,3.0246,3.0246,3.0246,1
2026-03-16 23:30:00,3.0206,3.0206,3.0186,3.0186,3.0256,3.0256,3.0236,3.0236,3
2026-03-16 23:31:00,3.0181,3.0186,3.0176,3.0176,3.0231,3.0236,3.0226,3.0226,3
2026-03-16 23:32:00,3.0186,3.0236,3.0186,3.0236,3.0236,3.0286,3.0236,3.0286,9
2026-03-16 23:33:00,3.0231,3.0256,3.0226,3.0256,3.0281,3.0306,3.0276,3.0306,6
2026-03-16 23:34:00,3.0266,3.0266,3.0231,3.0236,3.0316,3.0316,3.0281,3.0286,6
2026-03-16 23:35:00,3.0241,3.0251,3.0241,3.0246,3.0291,3.0301,3.0291,3.0296,6
2026-03-16 23:36:00,3.0241,3.0241,3.0241,3.0241,3.0291,3.0291,3.0291,3.0291,1
2026-03-16 23:37:00,3.0236,3.0236,3.0186,3.0191,3.0286,3.0286,3.0236,3.0241,6
2026-03-16 23:38:00,3.0196,3.0196,3.0196,3.0196,3.0246,3.0246,3.0246,3.0246,1
2026-03-16 23:39:00,3.0191,3.0216,3.0186,3.0216,3.0241,3.0266,3.0236,3.0266,5
2026-03-16 23:40:00,3.0206,3.0206,3.0206,3.0206,3.0256,3.0256,3.0256,3.0256,1
2026-03-16 23:41:00,3.0201,3.0201,3.0201,3.0201,3.0251,3.0251,3.0251,3.0251,1
2026-03-16 23:42:00,3.0206,3.0216,3.0206,3.0216,3.0256,3.0266,3.0256,3.0266,2
2026-03-16 23:43:00,3.0206,3.0206,3.0191,3.0196,3.0256,3.0256,3.0241,3.0246,3
2026-03-16 23:44:00,3.0191,3.0196,3.0191,3.0196,3.0241,3.0246,3.0241,3.0246,2
2026-03-16 23:45:00,3.0191,3.0191,3.0181,3.0186,3.0241,3.0241,3.0231,3.0236,3
2026-03-16 23:46:00,3.0191,3.0206,3.0191,3.0206,3.0241,3.0256,3.0241,3.0256,3
2026-03-16 23:47:00,3.0201,3.0221,3.0201,3.0221,3.0251,3.0271,3.0251,3.0271,4
2026-03-16 23:48:00,3.0216,3.0236,3.0216,3.0236,3.0266,3.0286,3.0266,3.0286,5
2026-03-16 23:49:00,3.0246,3.0246,3.0236,3.0236,3.0296,3.0296,3.0286,3.0286,3
2026-03-16 23:50:00,3.0231,3.0231,3.0196,3.0211,3.0281,3.0281,3.0246,3.0261,7
2026-03-16 23:51:00,3.0216,3.0216,3.0181,3.0181,3.0266,3.0266,3.0231,3.0231,5
2026-03-16 23:52:00,3.0176,3.0191,3.0176,3.0191,3.0226,3.0241,3.0226,3.0241,4
2026-03-16 23:53:00,3.0186,3.0186,3.0181,3.0181,3.0236,3.0236,3.0231,3.0231,2
2026-03-16 23:54:00,3.0186,3.0211,3.0186,3.0211,3.0236,3.0261,3.0236,3.0261,3
2026-03-16 23:55:00,3.0206,3.0216,3.0206,3.0216,3.0256,3.0266,3.0256,3.0266,3
2026-03-16 23:56:00,3.0211,3.0236,3.0211,3.0236,3.0261,3.0286,3.0261,3.0286,2
2026-03-16 23:57:00,3.0231,3.0236,3.0231,3.0236,3.0281,3.0286,3.0281,3.0286,2
2026-03-16 23:58:00,3.0231,3.0231,3.0231,3.0231,3.0281,3.0281,3.0281,3.0281,1
2026-03-16 23:59:00,3.0241,3.0241,3.0226,3.0226,3.0291,3.0291,3.0276,3.0276,4
2026-03-17 00:00:00,3.0221,3.0221,3.0156,3.0156,3.0271,3.0271,3.0206,3.0206,8
2026-03-17 00:01:00,3.0161,3.0161,3.0141,3.0156,3.0211,3.0211,3.0191,3.0206,7
2026-03-17 00:02:00,3.0151,3.0156,3.0151,3.0156,3.0201,3.0206,3.0201,3.0206,2
2026-03-17 00:03:00,3.0161,3.0171,3.0161,3.0171,3.0211,3.0221,3.0211,3.0221,3
2026-03-17 00:07:00,3.0166,3.0191,3.0166,3.0186,3.0216,3.0241,3.0216,3.0236,6
2026-03-17 00:10:00,3.0191,3.0196,3.0191,3.0191,3.0241,3.0246,3.0241,3.0241,3
2026-03-17 00:11:00,3.0186,3.0186,3.0176,3.0186,3.0236,3.0236,3.0226,3.0236,3
2026-03-17 00:12:00,3.0191,3.0191,3.0191,3.0191,3.0241,3.0241,3.0241,3.0241,1
2026-03-17 00:13:00,3.0196,3.0196,3.0196,3.0196,3.0246,3.0246,3.0246,3.0246,1
2026-03-17 00:15:00,3.0186,3.0186,3.0186,3.0186,3.0236,3.0236,3.0236,3.0236,1
2026-03-17 00:16:00,3.0196,3.0196,3.0196,3.0196,3.0246,3.0246,3.0246,3.0246,1
2026-03-17 00:17:00,3.0206,3.0206,3.0191,3.0191,3.0256,3.0256,3.0241,3.0241,3
2026-03-17 00:18:00,3.0196,3.0201,3.0196,3.0201,3.0246,3.0251,3.0246,3.0251,2
2026-03-17 00:19:00,3.0206,3.0231,3.0206,3.0231,3.0256,3.0281,3.0256,3.0281,11
2026-03-17 00:20:00,3.0226,3.0231,3.0226,3.0226,3.0276,3.0281,3.0276,3.0276,3
2026-03-17 00:21:00,3.0231,3.0246,3.0226,3.0231,3.0281,3.0296,3.0276,3.0281,8
2026-03-17 00:22:00,3.0236,3.0236,3.0236,3.0236,3.0286,3.0286,3.0286,3.0286,1
2026-03-17 00:23:00,3.0231,3.0246,3.0231,3.0236,3.0281,3.0296,3.0281,3.0286,7
2026-03-17 00:25:00,3.0241,3.0246,3.0236,3.0246,3.0291,3.0296,3.0286,3.0296,6
2026-03-17 00:26:00,3.0236,3.0256,3.0236,3.0246,3.0286,3.0306,3.0286,3.0296,7
2026-03-17 00:27:00,3.0241,3.0251,3.0236,3.0241,3.0291,3.0301,3.0286,3.0291,7
2026-03-17 00:28:00,3.0246,3.0251,3.0246,3.0246,3.0296,3.0301,3.0296,3.0296,3
2026-03-17 00:29:00,3.0251,3.0251,3.0246,3.0251,3.0301,3.0301,3.0296,3.0301,5
2026-03-17 00:30:00,3.0246,3.0246,3.0246,3.0246,3.0296,3.0296,3.0296,3.0296,1
2026-03-17 00:31:00,3.0251,3.0251,3.0236,3.0236,3.0301,3.0301,3.0286,3.0286,6
2026-03-17 00:32:00,3.0241,3.0241,3.0201,3.0201,3.0291,3.0291,3.0251,3.0251,8
2026-03-17 00:33:00,3.0191,3.0191,3.0186,3.0191,3.0241,3.0241,3.0236,3.0241,3
2026-03-17 00:34:00,3.0181,3.0196,3.0181,3.0191,3.0231,3.0246,3.0231,3.0241,7
2026-03-17 00:35:00,3.0186,3.0186,3.0156,3.0156,3.0236,3.0236,3.0206,3.0206,5
2026-03-17 00:36:00,3.0151,3.0161,3.0151,3.0151,3.0201,3.0211,3.0201,3.0201,5
2026-03-17 00:37:00,3.0156,3.0156,3.0151,3.0151,3.0206,3.0206,3.0201,3.0201,2
2026-03-17 00:38:00,3.0156,3.0161,3.0156,3.0161,3.0206,3.0211,3.0206,3.0211,2
2026-03-17 00:39:00,3.0166,3.0166,3.0151,3.0151,3.0216,3.0216,3.0201,3.0201,4
2026-03-17 00:40:00,3.0146,3.0156,3.0146,3.0156,3.0196,3.0206,3.0196,3.0206,3
2026-03-17 00:41:00,3.0161,3.0161,3.0156,3.0161,3.0211,3.0211,3.0206,3.0211,3
2026-03-17 00:42:00,3.0166,3.0191,3.0166,3.0191,3.0216,3.0241,3.0216,3.0241,5
2026-03-17 00:43:00,3.0186,3.0191,3.0186,3.0191,3.0236,3.0241,3.0236,3.0241,2
2026-03-17 00:44:00,3.0196,3.0201,3.0196,3.0201,3.0246,3.0251,3.0246,3.0251,2
2026-03-17 00:46:00,3.0196,3.0196,3.0196,3.0196,3.0246,3.0246,3.0246,3.0246,1
2026-03-17 00:47:00,3.0201,3.0201,3.0201,3.0201,3.0251,3.0251,3.0251,3.0251,1
2026-03-17 00:48:00,3.0206,3.0206,3.0191,3.0191,3.0256,3.0256,3.0241,3.0241,4
2026-03-17 00:49:00,3.0196,3.0196,3.0196,3.0196,3.0246,3.0246,3.0246,3.0246,1
2026-03-17 00:50:00,3.0191,3.0196,3.0186,3.0191,3.0241,3.0246,3.0236,3.0241,4
2026-03-17 00:51:00,3.0181,3.0196,3.0181,3.0196,3.0231,3.0246,3.0231,3.0246,4
2026-03-17 00:52:00,3.0191,3.0191,3.0191,3.0191,3.0241,3.0241,3.0241,3.0241,1
2026-03-17 00:55:00,3.0211,3.0236,3.0211,3.0226,3.0261,3.0286,3.0261,3.0276,6
2026-03-17 00:56:00,3.0221,3.0226,3.0216,3.0221,3.0271,3.0276,3.0266,3.0271,4
2026-03-17 00:57:00,3.0211,3.0231,3.0211,3.0226,3.0261,3.0281,3.0261,3.0276,5
2026-03-17 00:58:00,3.0231,3.0236,3.0231,3.0231,3.0281,3.0286,3.0281,3.0281,3
2026-03-17 00:59:00,3.0221,3.0236,3.0216,3.0216,3.0271,3.0286,3.0266,3.0266,5
2026-03-17 01:00:00,3.0226,3.0261,3.0226,3.0251,3.0276,3.0311,3.0276,3.0301,13
2026-03-17 01:01:00,3.0241,3.0311,3.0241,3.0296,3.0291,3.0361,3.0291,3.0346,19
2026-03-17 01:02:00,3.0301,3.0331,3.0301,3.0311,3.0351,3.0381,3.0351,3.0361,8
2026-03-17 01:03:00,3.0301,3.0306,3.0296,3.0301,3.0351,3.0356,3.0346,3.0351,4
2026-03-17 01:04:00,3.0306,3.0306,3.0306,3.0306,3.0356,3.0356,3.0356,3.0356,1
2026-03-17 01:05:00,3.0301,3.0306,3.0246,3.0246,3.0351,3.0356,3.0296,3.0296,11
2026-03-17 01:06:00,3.0236,3.0246,3.0236,3.0236,3.0286,3.0296,3.0286,3.0286,5
2026-03-17 01:07:00,3.0231,3.0231,3.0221,3.0231,3.0281,3.0281,3.0271,3.0281,4
2026-03-17 01:08:00,3.0236,3.0246,3.0236,3.0241,3.0286,3.0296,3.0286,3.0291,9
2026-03-17 01:09:00,3.0236,3.0236,3.0226,3.0236,3.0286,3.0286,3.0276,3.0286,4
2026-03-17 01:10:00,3.0231,3.0251,3.0231,3.0246,3.0281,3.0301,3.0281,3.0296,4
2026-03-17 01:11:00,3.0241,3.0256,3.0236,3.0251,3.0291,3.0306,3.0286,3.0301,6
2026-03-17 01:12:00,3.0256,3.0256,3.0256,3.0256,3.0306,3.0306,3.0306,3.0306,1
2026-03-17 01:13:00,3.0246,3.0246,3.0231,3.0231,3.0296,3.0296,3.0281,3.0281,3
2026-03-17 01:14:00,3.0236,3.0241,3.0236,3.0241,3.0286,3.0291,3.0286,3.0291,2
2026-03-17 01:15:00,3.0246,3.0246,3.0231,3.0231,3.0296,3.0296,3.0281,3.0281,6
2026-03-17 01:16:00,3.0236,3.0241,3.0231,3.0231,3.0286,3.0291,3.0281,3.0281,6
2026-03-17 01:17:00,3.0226,3.0236,3.0221,3.0221,3.0276,3.0286,3.0271,3.0271,5
2026-03-17 01:19:00,3.0226,3.0231,3.0226,3.0231,3.0276,3.0281,3.0276,3.0281,2
2026-03-17 01:20:00,3.0236,3.0236,3.0236,3.0236,3.0286,3.0286,3.0286,3.0286,1
2026-03-17 01:21:00,3.0231,3.0236,3.0231,3.0236,3.0281,3.0286,3.0281,3.0286,2
2026-03-17 01:22:00,3.0231,3.0231,3.0206,3.0206,3.0281,3.0281,3.0256,3.0256,3
2026-03-17 01:23:00,3.0196,3.0216,3.0196,3.0216,3.0246,3.0266,3.0246,3.0266,4
2026-03-17 01:24:00,3.0211,3.0231,3.0211,3.0226,3.0261,3.0281,3.0261,3.0276,5
2026-03-17 01:25:00,3.0241,3.0266,3.0241,3.0256,3.0291,3.0316,3.0291,3.0306,9
2026-03-17 01:26:00,3.0246,3.0261,3.0241,3.0261,3.0296,3.0311,3.0291,3.0311,7
2026-03-17 01:27:00,3.0256,3.0276,3.0256,3.0276,3.0306,3.0326,3.0306,3.0326,3
2026-03-17 01:28:00,3.0281,3.0286,3.0266,3.0276,3.0331,3.0336,3.0316,3.0326,6
2026-03-17 01:29:00,3.0281,3.0281,3.0281,3.0281,3.0331,3.0331,3.0331,3.0331,1
2026-03-17 01:30:00,3.0286,3.0296,3.0271,3.0281,3.0336,3.0346,3.0321,3.0331,9
2026-03-17 01:31:00,3.0271,3.0271,3.0271,3.0271,3.0321,3.0321,3.0321,3.0321,1
2026-03-17 01:32:00,3.0266,3.0286,3.0266,3.0281,3.0316,3.0336,3.0316,3.0331,5
2026-03-17 01:34:00,3.0296,3.0296,3.0261,3.0261,3.0346,3.0346,3.0311,3.0311,6
2026-03-17 01:35:00,3.0256,3.0256,3.0251,3.0256,3.0306,3.0306,3.0301,3.0306,3
2026-03-17 01:36:00,3.0251,3.0261,3.0251,3.0261,3.0301,3.0311,3.0301,3.0311,2
2026-03-17 01:37:00,3.0266,3.0276,3.0261,3.0276,3.0316,3.0326,3.0311,3.0326,7
2026-03-17 01:38:00,3.0281,3.0281,3.0281,3.0281,3.0331,3.0331,3.0331,3.0331,1
2026-03-17 01:39:00,3.0271,3.0271,3.0236,3.0236,3.0321,3.0321,3.0286,3.0286,8
2026-03-17 01:40:00,3.0246,3.0246,3.0246,3.0246,3.0296,3.0296,3.0296,3.0296,1
2026-03-17 01:41:00,3.0231,3.0251,3.0226,3.0251,3.0281,3.0301,3.0276,3.0301,6
2026-03-17 01:42:00,3.0246,3.0246,3.0241,3.0241,3.0296,3.0296,3.0291,3.0291,2
2026-03-17 01:43:00,3.0251,3.0251,3.0241,3.0241,3.0301,3.0301,3.0291,3.0291,2
2026-03-17 01:44:00,3.0236,3.0236,3.0236,3.0236,3.0286,3.0286,3.0286,3.0286,1
2026-03-17 01:45:00,3.0231,3.0241,3.0231,3.0241,3.0281,3.0291,3.0281,3.0291,4
2026-03-17 01:46:00,3.0246,3.0261,3.0246,3.0261,3.0296,3.0311,3.0296,3.0311,3
2026-03-17 01:48:00,3.0251,3.0251,3.0251,3.0251,3.0301,3.0301,3.0301,3.0301,1
2026-03-17 01:49:00,3.0261,3.0261,3.0261,3.0261,3.0311,3.0311,3.0311,3.0311,1
2026-03-17 01:50:00,3.0256,3.0256,3.0251,3.0256,3.0306,3.0306,3.0301,3.0306,3
2026-03-17 01:51:00,3.0261,3.0261,3.0251,3.0261,3.0311,3.0311,3.0301,3.0311,4
2026-03-17 01:53:00,3.0266,3.0266,3.0261,3.0261,3.0316,3.0316,3.0311,3.0311,2
2026-03-17 01:54:00,3.0266,3.0271,3.0261,3.0271,3.0316,3.0321,3.0311,3.0321,4
2026-03-17 01:55:00,3.0276,3.0291,3.0276,3.0291,3.0326,3.0341,3.0326,3.0341,3
2026-03-17 01:56:00,3.0286,3.0286,3.0256,3.0256,3.0336,3.0336,3.0306,3.0306,6
2026-03-17 01:57:00,3.0251,3.0251,3.0231,3.0231,3.0301,3.0301,3.0281,3.0281,7
2026-03-17 01:58:00,3.0236,3.0266,3.0236,3.0266,3.0286,3.0316,3.0286,3.0316,7
2026-03-17 01:59:00,3.0271,3.0291,3.0271,3.0281,3.0321,3.0341,3.0321,3.0331,7
2026-03-17 02:00:00,3.0286,3.0291,3.0201,3.0211,3.0336,3.0341,3.0251,3.0261,22
2026-03-17 02:01:00,3.0226,3.0226,3.0216,3.0216,3.0276,3.0276,3.0266,3.0266,2
2026-03-17 02:02:00,3.0226,3.0226,3.0211,3.0211,3.0276,3.0276,3.0261,3.0261,3
2026-03-17 02:03:00,3.0216,3.0221,3.0216,3.0216,3.0266,3.0271,3.0266,3.0266,3
2026-03-17 02:04:00,3.0221,3.0226,3.0221,3.0226,3.0271,3.0276,3.0271,3.0276,2
2026-03-17 02:05:00,3.0211,3.0221,3.0211,3.0216,3.0261,3.0271,3.0261,3.0266,5
2026-03-17 02:06:00,3.0221,3.0231,3.0221,3.0231,3.0271,3.0281,3.0271,3.0281,6
2026-03-17 02:07:00,3.0241,3.0241,3.0241,3.0241,3.0291,3.0291,3.0291,3.0291,1
2026-03-17 02:08:00,3.0231,3.0231,3.0231,3.0231,3.0281,3.0281,3.0281,3.0281,1
2026-03-17 02:09:00,3.0226,3.0226,3.0221,3.0221,3.0276,3.0276,3.0271,3.0271,2
2026-03-17 02:10:00,3.0226,3.0226,3.0221,3.0221,3.0276,3.0276,3.0271,3.0271,2
2026-03-17 02:12:00,3.0231,3.0231,3.0231,3.0231,3.0281,3.0281,3.0281,3.0281,1
2026-03-17 02:13:00,3.0236,3.0241,3.0236,3.0241,3.0286,3.0291,3.0286,3.0291,2
2026-03-17 02:14:00,3.0246,3.0246,3.0231,3.0231,3.0296,3.0296,3.0281,3.0281,2
2026-03-17 02:15:00,3.0236,3.0241,3.0231,3.0241,3.0286,3.0291,3.0281,3.0291,3
2026-03-17 02:17:00,3.0251,3.0261,3.0251,3.0256,3.0301,3.0311,3.0301,3.0306,4
2026-03-17 02:18:00,3.0261,3.0261,3.0261,3.0261,3.0311,3.0311,3.0311,3.0311,1
2026-03-17 02:19:00,3.0266,3.0271,3.0266,3.0271,3.0316,3.0321,3.0316,3.0321,2
2026-03-17 02:20:00,3.0266,3.0266,3.0261,3.0261,3.0316,3.0316,3.0311,3.0311,4
2026-03-17 02:21:00,3.0251,3.0251,3.0251,3.0251,3.0301,3.0301,3.0301,3.0301,1
2026-03-17 02:22:00,3.0261,3.0261,3.0251,3.0251,3.0311,3.0311,3.0301,3.0301,2
2026-03-17 02:23:00,3.0246,3.0251,3.0246,3.0246,3.0296,3.0301,3.0296,3.0296,5
2026-03-17 02:24:00,3.0241,3.0246,3.0241,3.0246,3.0291,3.0296,3.0291,3.0296,2
2026-03-17 02:25:00,3.0251,3.0251,3.0251,3.0251,3.0301,3.0301,3.0301,3.0301,1
2026-03-17 02:27:00,3.0256,3.0266,3.0256,3.0261,3.0306,3.0316,3.0306,3.0311,3
2026-03-17 02:28:00,3.0266,3.0266,3.0256,3.0256,3.0316,3.0316,3.0306,3.0306,2
2026-03-17 02:29:00,3.0251,3.0251,3.0221,3.0246,3.0301,3.0301,3.0271,3.0296,9
2026-03-17 02:30:00,3.0241,3.0241,3.0206,3.0221,3.0291,3.0291,3.0256,3.0271,10
2026-03-17 02:32:00,3.0216,3.0246,3.0216,3.0246,3.0266,3.0296,3.0266,3.0296,5
2026-03-17 02:33:00,3.0226,3.0226,3.0206,3.0211,3.0276,3.0276,3.0256,3.0261,4
2026-03-17 02:34:00,3.0206,3.0211,3.0156,3.0196,3.0256,3.0261,3.0206,3.0246,20
2026-03-17 02:35:00,3.0206,3.0221,3.0206,3.0221,3.0256,3.0271,3.0256,3.0271,4
2026-03-17 02:37:00,3.0226,3.0241,3.0226,3.0241,3.0276,3.0291,3.0276,3.0291,3
2026-03-17 02:38:00,3.0246,3.0246,3.0246,3.0246,3.0296,3.0296,3.0296,3.0296,1
2026-03-17 02:39:00,3.0236,3.0236,3.0216,3.0216,3.0286,3.0286,3.0266,3.0266,6
2026-03-17 02:41:00,3.0226,3.0231,3.0226,3.0231,3.0276,3.0281,3.0276,3.0281,2
2026-03-17 02:42:00,3.0236,3.0236,3.0236,3.0236,3.0286,3.0286,3.0286,3.0286,1
2026-03-17 02:43:00,3.0226,3.0226,3.0211,3.0211,3.0276,3.0276,3.0261,3.0261,4
2026-03-17 02:44:00,3.0216,3.0216,3.0216,3.0216,3.0266,3.0266,3.0266,3.0266,1
2026-03-17 02:45:00,3.0211,3.0216,3.0211,3.0216,3.0261,3.0266,3.0261,3.0266,2
2026-03-17 02:47:00,3.0221,3.0226,3.0216,3.0216,3.0271,3.0276,3.0266,3.0266,3
2026-03-17 02:48:00,3.0206,3.0206,3.0201,3.0201,3.0256,3.0256,3.0251,3.0251,2
2026-03-17 02:50:00,3.0211,3.0211,3.0176,3.0181,3.0261,3.0261,3.0226,3.0231,8
2026-03-17 02:51:00,3.0186,3.0196,3.0186,3.0191,3.0236,3.0246,3.0236,3.0241,4
2026-03-17 02:52:00,3.0196,3.0196,3.0196,3.0196,3.0246,3.0246,3.0246,3.0246,1
2026-03-17 02:53:00,3.0191,3.0211,3.0191,3.0206,3.0241,3.0261,3.0241,3.0256,4
2026-03-17 02:55:00,3.0211,3.0211,3.0206,3.0206,3.0261,3.0261,3.0256,3.0256,2
2026-03-17 02:56:00,3.0211,3.0211,3.0211,3.0211,3.0261,3.0261,3.0261,3.0261,1
2026-03-17 02:57:00,3.0206,3.0226,3.0206,3.0221,3.0256,3.0276,3.0256,3.0271,7
2026-03-17 02:58:00,3.0226,3.0226,3.0226,3.0226,3.0276,3.0276,3.0276,3.0276,1
2026-03-17 02:59:00,3.0221,3.0226,3.0221,3.0221,3.0271,3.0276,3.0271,3.0271,3
2026-03-17 03:00:00,3.0226,3.0226,3.0226,3.0226,3.0276,3.0276,3.0276,3.0276,1
2026-03-17 03:01:00,3.0231,3.0271,3.0231,3.0251,3.0281,3.0321,3.0281,3.0301,13
2026-03-17 03:02:00,3.0256,3.0256,3.0246,3.0251,3.0306,3.0306,3.0296,3.0301,6
2026-03-17 03:03:00,3.0246,3.0261,3.0241,3.0261,3.0296,3.0311,3.0291,3.0311,5
2026-03-17 03:04:00,3.0266,3.0266,3.0261,3.0261,3.0316,3.0316,3.0311,3.0311,2
2026-03-17 03:05:00,3.0266,3.0266,3.0266,3.0266,3.0316,3.0316,3.0316,3.0316,1
2026-03-17 03:07:00,3.0261,3.0261,3.0261,3.0261,3.0311,3.0311,3.0311,3.0311,1
2026-03-17 03:09:00,3.0256,3.0261,3.0241,3.0241,3.0306,3.0311,3.0291,3.0291,6
2026-03-17 03:10:00,3.0236,3.0236,3.0236,3.0236,3.0286,3.0286,3.0286,3.0286,1
2026-03-17 03:11:00,3.0231,3.0236,3.0221,3.0221,3.0281,3.0286,3.0271,3.0271,3
2026-03-17 03:12:00,3.0226,3.0246,3.0226,3.0241,3.0276,3.0296,3.0276,3.0291,5
2026-03-17 03:14:00,3.0236,3.0241,3.0231,3.0241,3.0286,3.0291,3.0281,3.0291,3
2026-03-17 03:15:00,3.0231,3.0236,3.0231,3.0231,3.0281,3.0286,3.0281,3.0281,3
2026-03-17 03:16:00,3.0221,3.0221,3.0221,3.0221,3.0271,3.0271,3.0271,3.0271,1
2026-03-17 03:17:00,3.0236,3.0251,3.0226,3.0226,3.0286,3.0301,3.0276,3.0276,5
2026-03-17 03:18:00,3.0221,3.0221,3.0216,3.0221,3.0271,3.0271,3.0266,3.0271,3
2026-03-17 03:19:00,3.0226,3.0231,3.0226,3.0226,3.0276,3.0281,3.0276,3.0276,3
2026-03-17 03:20:00,3.0236,3.0236,3.0226,3.0226,3.0286,3.0286,3.0276,3.0276,3
2026-03-17 03:21:00,3.0231,3.0231,3.0191,3.0196,3.0281,3.0281,3.0241,3.0246,6
2026-03-17 03:22:00,3.0191,3.0196,3.0191,3.0196,3.0241,3.0246,3.0241,3.0246,2
2026-03-17 03:23:00,3.0201,3.0206,3.0201,3.0206,3.0251,3.0256,3.0251,3.0256,2
2026-03-17 03:25:00,3.0211,3.0246,3.0211,3.0246,3.0261,3.0296,3.0261,3.0296,9
2026-03-17 03:26:00,3.0241,3.0246,3.0226,3.0231,3.0291,3.0296,3.0276,3.0281,6
2026-03-17 03:27:00,3.0221,3.0221,3.0196,3.0201,3.0271,3.0271,3.0246,3.0251,4
2026-03-17 03:28:00,3.0206,3.0211,3.0206,3.0211,3.0256,3.0261,3.0256,3.0261,2
2026-03-17 03:31:00,3.0206,3.0206,3.0181,3.0181,3.0256,3.0256,3.0231,3.0231,4
2026-03-17 03:32:00,3.0176,3.0181,3.0176,3.0181,3.0226,3.0231,3.0226,3.0231,2
2026-03-17 03:33:00,3.0186,3.0186,3.0156,3.0156,3.0236,3.0236,3.0206,3.0206,5
2026-03-17 03:34:00,3.0161,3.0166,3.0161,3.0161,3.0211,3.0216,3.0211,3.0211,3
2026-03-17 03:35:00,3.0156,3.0156,3.0156,3.0156,3.0206,3.0206,3.0206,3.0206,1
2026-03-17 03:36:00,3.0161,3.0161,3.0156,3.0156,3.0211,3.0211,3.0206,3.0206,2
2026-03-17 03:37:00,3.0146,3.0146,3.0146,3.0146,3.0196,3.0196,3.0196,3.0196,1
2026-03-17 03:38:00,3.0156,3.0166,3.0156,3.0166,3.0206,3.0216,3.0206,3.0216,2
2026-03-17 03:39:00,3.0161,3.0171,3.0161,3.0171,3.0211,3.0221,3.0211,3.0221,3
2026-03-17 03:43:00,3.0176,3.0186,3.0176,3.0181,3.0226,3.0236,3.0226,3.0231,3
2026-03-17 03:44:00,3.0176,3.0176,3.0151,3.0151,3.0226,3.0226,3.0201,3.0201,5
2026-03-17 03:45:00,3.0141,3.0146,3.0131,3.0136,3.0191,3.0196,3.0181,3.0186,7
2026-03-17 03:46:00,3.0141,3.0146,3.0141,3.0146,3.0191,3.0196,3.0191,3.0196,2
2026-03-17 03:47:00,3.0151,3.0171,3.0151,3.0171,3.0201,3.0221,3.0201,3.0221,5
2026-03-17 03:48:00,3.0151,3.0151,3.0141,3.0141,3.0201,3.0201,3.0191,3.0191,6
2026-03-17 03:49:00,3.0151,3.0151,3.0151,3.0151,3.0201,3.0201,3.0201,3.0201,1
2026-03-17 03:52:00,3.0146,3.0151,3.0146,3.0151,3.0196,3.0201,3.0196,3.0201,2
2026-03-17 03:53:00,3.0146,3.0146,3.0146,3.0146,3.0196,3.0196,3.0196,3.0196,1
2026-03-17 03:54:00,3.0151,3.0151,3.0151,3.0151,3.0201,3.0201,3.0201,3.0201,1
2026-03-17 03:55:00,3.0166,3.0166,3.0151,3.0156,3.0216,3.0216,3.0201,3.0206,4
2026-03-17 03:56:00,3.0151,3.0151,3.0146,3.0146,3.0201,3.0201,3.0196,3.0196,2
2026-03-17 03:57:00,3.0141,3.0146,3.0141,3.0141,3.0191,3.0196,3.0191,3.0191,3
2026-03-17 03:58:00,3.0131,3.0131,3.0106,3.0106,3.0181,3.0181,3.0156,3.0156,7
2026-03-17 03:59:00,3.0116,3.0126,3.0111,3.0121,3.0166,3.0176,3.0161,3.0171,5
2026-03-17 04:00:00,3.0116,3.0121,3.0116,3.0116,3.0166,3.0171,3.0166,3.0166,3
2026-03-17 04:01:00,3.0106,3.0106,3.0066,3.0076,3.0156,3.0156,3.0116,3.0126,14
2026-03-17 04:02:00,3.0081,3.0101,3.0076,3.0101,3.0131,3.0151,3.0126,3.0151,11
2026-03-17 04:03:00,3.0096,3.0136,3.0091,3.0121,3.0146,3.0186,3.0141,3.0171,6
2026-03-17 04:04:00,3.0126,3.0126,3.0126,3.0126,3.0176,3.0176,3.0176,3.0176,1
2026-03-17 04:05:00,3.0121,3.0131,3.0121,3.0131,3.0171,3.0181,3.0171,3.0181,4
2026-03-17 04:06:00,3.0126,3.0126,3.0126,3.0126,3.0176,3.0176,3.0176,3.0176,1
2026-03-17 04:07:00,3.0136,3.0141,3.0136,3.0141,3.0186,3.0191,3.0186,3.0191,2
2026-03-17 04:08:00,3.0131,3.0141,3.0131,3.0141,3.0181,3.0191,3.0181,3.0191,2
2026-03-17 04:09:00,3.0146,3.0146,3.0141,3.0141,3.0196,3.0196,3.0191,3.0191,2
2026-03-17 04:12:00,3.0146,3.0146,3.0141,3.0141,3.0196,3.0196,3.0191,3.0191,2
2026-03-17 04:14:00,3.0136,3.0136,3.0131,3.0136,3.0186,3.0186,3.0181,3.0186,3
2026-03-17 04:15:00,3.0131,3.0131,3.0131,3.0131,3.0181,3.0181,3.0181,3.0181,1
2026-03-17 04:16:00,3.0126,3.0126,3.0111,3.0111,3.0176,3.0176,3.0161,3.0161,4
2026-03-17 04:18:00,3.0106,3.0126,3.0106,3.0121,3.0156,3.0176,3.0156,3.0171,5
2026-03-17 04:19:00,3.0116,3.0126,3.0116,3.0126,3.0166,3.0176,3.0166,3.0176,2
2026-03-17 04:20:00,3.0131,3.0131,3.0116,3.0121,3.0181,3.0181,3.0166,3.0171,4
2026-03-17 04:22:00,3.0126,3.0126,3.0126,3.0126,3.0176,3.0176,3.0176,3.0176,1
2026-03-17 04:23:00,3.0121,3.0121,3.0121,3.0121,3.0171,3.0171,3.0171,3.0171,1
2026-03-17 04:25:00,3.0111,3.0111,3.0091,3.0096,3.0161,3.0161,3.0141,3.0146,10
2026-03-17 04:26:00,3.0091,3.0096,3.0091,3.0091,3.0141,3.0146,3.0141,3.0141,3
2026-03-17 04:27:00,3.0096,3.0096,3.0091,3.0091,3.0146,3.0146,3.0141,3.0141,2
2026-03-17 04:28:00,3.0096,3.0106,3.0086,3.0086,3.0146,3.0156,3.0136,3.0136,4
2026-03-17 04:30:00,3.0096,3.0106,3.0086,3.0086,3.0146,3.0156,3.0136,3.0136,8
2026-03-17 04:31:00,3.0081,3.0096,3.0076,3.0086,3.0131,3.0146,3.0126,3.0136,7
2026-03-17 04:33:00,3.0081,3.0081,3.0076,3.0076,3.0131,3.0131,3.0126,3.0126,2
2026-03-17 04:34:00,3.0066,3.0066,3.0046,3.0056,3.0116,3.0116,3.0096,3.0106,5
2026-03-17 04:35:00,3.0046,3.0061,3.0046,3.0056,3.0096,3.0111,3.0096,3.0106,4
2026-03-17 04:36:00,3.0051,3.0056,3.0051,3.0056,3.0101,3.0106,3.0101,3.0106,2
2026-03-17 04:37:00,3.0061,3.0061,3.0056,3.0061,3.0111,3.0111,3.0106,3.0111,5
2026-03-17 04:38:00,3.0056,3.0056,3.0036,3.0036,3.0106,3.0106,3.0086,3.0086,3
2026-03-17 04:39:00,3.0031,3.0031,3.0011,3.0016,3.0081,3.0081,3.0061,3.0066,6
2026-03-17 04:40:00,3.0026,3.0036,3.0026,3.0036,3.0076,3.0086,3.0076,3.0086,4
2026-03-17 04:41:00,3.0046,3.0066,3.0041,3.0046,3.0096,3.0116,3.0091,3.0096,10
2026-03-17 04:42:00,3.0041,3.0041,3.0041,3.0041,3.0091,3.0091,3.0091,3.0091,1
2026-03-17 04:43:00,3.0046,3.0046,3.0036,3.0036,3.0096,3.0096,3.0086,3.0086,3
2026-03-17 04:47:00,3.0041,3.0056,3.0041,3.0051,3.0091,3.0106,3.0091,3.0101,7
2026-03-17 04:48:00,3.0056,3.0056,3.0056,3.0056,3.0106,3.0106,3.0106,3.0106,1
2026-03-17 04:49:00,3.0066,3.0066,3.0051,3.0056,3.0116,3.0116,3.0101,3.0106,4
2026-03-17 04:50:00,3.0066,3.0066,3.0066,3.0066,3.0116,3.0116,3.0116,3.0116,1
2026-03-17 04:51:00,3.0076,3.0076,3.0056,3.0056,3.0126,3.0126,3.0106,3.0106,8
2026-03-17 04:52:00,3.0061,3.0136,3.0061,3.0121,3.0111,3.0186,3.0111,3.0171,23
2026-03-17 04:53:00,3.0126,3.0136,3.0121,3.0121,3.0176,3.0186,3.0171,3.0171,4
2026-03-17 04:54:00,3.0126,3.0126,3.0106,3.0106,3.0176,3.0176,3.0156,3.0156,4
2026-03-17 04:55:00,3.0096,3.0096,3.0086,3.0086,3.0146,3.0146,3.0136,3.0136,6
2026-03-17 04:56:00,3.0081,3.0081,3.0056,3.0056,3.0131,3.0131,3.0106,3.0106,6
2026-03-17 04:57:00,3.0066,3.0066,3.0056,3.0061,3.0116,3.0116,3.0106,3.0111,5
2026-03-17 04:58:00,3.0056,3.0056,3.0046,3.0051,3.0106,3.0106,3.0096,3.0101,8
2026-03-17 04:59:00,3.0056,3.0061,3.0046,3.0046,3.0106,3.0111,3.0096,3.0096,5
2026-03-17 05:00:00,3.0051,3.0056,3.0051,3.0051,3.0101,3.0106,3.0101,3.0101,3
2026-03-17 05:01:00,3.0056,3.0081,3.0056,3.0081,3.0106,3.0131,3.0106,3.0131,4
2026-03-17 05:02:00,3.0071,3.0081,3.0071,3.0081,3.0121,3.0131,3.0121,3.0131,3
2026-03-17 05:03:00,3.0091,3.0101,3.0076,3.0086,3.0141,3.0151,3.0126,3.0136,5
2026-03-17 05:04:00,3.0091,3.0091,3.0091,3.0091,3.0141,3.0141,3.0141,3.0141,1
2026-03-17 05:05:00,3.0096,3.0121,3.0096,3.0121,3.0146,3.0171,3.0146,3.0171,4
2026-03-17 05:06:00,3.0126,3.0146,3.0126,3.0141,3.0176,3.0196,3.0176,3.0191,8
2026-03-17 05:07:00,3.0136,3.0136,3.0136,3.0136,3.0186,3.0186,3.0186,3.0186,1
2026-03-17 05:08:00,3.0131,3.0131,3.0131,3.0131,3.0181,3.0181,3.0181,3.0181,1
2026-03-17 05:09:00,3.0126,3.0131,3.0116,3.0116,3.0176,3.0181,3.0166,3.0166,4
2026-03-17 05:10:00,3.0111,3.0136,3.0111,3.0136,3.0161,3.0186,3.0161,3.0186,5
2026-03-17 05:11:00,3.0141,3.0146,3.0136,3.0136,3.0191,3.0196,3.0186,3.0186,3
2026-03-17 05:12:00,3.0131,3.0136,3.0121,3.0136,3.0181,3.0186,3.0171,3.0186,4
2026-03-17 05:13:00,3.0141,3.0141,3.0141,3.0141,3.0191,3.0191,3.0191,3.0191,1
2026-03-17 05:14:00,3.0136,3.0141,3.0131,3.0131,3.0186,3.0191,3.0181,3.0181,4
2026-03-17 05:15:00,3.0136,3.0136,3.0136,3.0136,3.0186,3.0186,3.0186,3.0186,1
2026-03-17 05:16:00,3.0141,3.0141,3.0131,3.0136,3.0191,3.0191,3.0181,3.0186,3
2026-03-17 05:17:00,3.0121,3.0121,3.0106,3.0111,3.0171,3.0171,3.0156,3.0161,4
2026-03-17 05:18:00,3.0101,3.0101,3.0086,3.0086,3.0151,3.0151,3.0136,3.0136,5
2026-03-17 05:20:00,3.0081,3.0086,3.0081,3.0081,3.0131,3.0136,3.0131,3.0131,3
2026-03-17 05:21:00,3.0076,3.0076,3.0076,3.0076,3.0126,3.0126,3.0126,3.0126,1
2026-03-17 05:22:00,3.0081,3.0091,3.0066,3.0066,3.0131,3.0141,3.0116,3.0116,7
2026-03-17 05:23:00,3.0061,3.0096,3.0061,3.0081,3.0111,3.0146,3.0111,3.0131,7
2026-03-17 05:24:00,3.0076,3.0076,3.0066,3.0071,3.0126,3.0126,3.0116,3.0121,5
2026-03-17 05:25:00,3.0076,3.0091,3.0076,3.0091,3.0126,3.0141,3.0126,3.0141,3
2026-03-17 05:26:00,3.0101,3.0106,3.0101,3.0106,3.0151,3.0156,3.0151,3.0156,2
2026-03-17 05:27:00,3.0111,3.0111,3.0106,3.0106,3.0161,3.0161,3.0156,3.0156,2
2026-03-17 05:28:00,3.0096,3.0101,3.0096,3.0096,3.0146,3.0151,3.0146,3.0146,3
2026-03-17 05:29:00,3.0091,3.0101,3.0091,3.0101,3.0141,3.0151,3.0141,3.0151,2
2026-03-17 05:30:00,3.0096,3.0096,3.0086,3.0086,3.0146,3.0146,3.0136,3.0136,3
2026-03-17 05:31:00,3.0081,3.0081,3.0071,3.0076,3.0131,3.0131,3.0121,3.0126,6
2026-03-17 05:36:00,3.0086,3.0086,3.0056,3.0056,3.0136,3.0136,3.0106,3.0106,8
2026-03-17 05:37:00,3.0046,3.0066,3.0036,3.0046,3.0096,3.0116,3.0086,3.0096,10
2026-03-17 05:38:00,3.0056,3.0056,3.0056,3.0056,3.0106,3.0106,3.0106,3.0106,1
2026-03-17 05:39:00,3.0051,3.0056,3.0051,3.0056,3.0101,3.0106,3.0101,3.0106,2
2026-03-17 05:41:00,3.0051,3.0051,3.0036,3.0036,3.0101,3.0101,3.0086,3.0086,4
2026-03-17 05:42:00,3.0026,3.0046,3.0026,3.0046,3.0076,3.0096,3.0076,3.0096,3
2026-03-17 05:43:00,3.0051,3.0051,3.0046,3.0046,3.0101,3.0101,3.0096,3.0096,2
2026-03-17 05:44:00,3.0051,3.0081,3.0051,3.0076,3.0101,3.0131,3.0101,3.0126,4
2026-03-17 05:46:00,3.0091,3.0106,3.0086,3.0091,3.0141,3.0156,3.0136,3.0141,12
2026-03-17 05:47:00,3.0086,3.0086,3.0071,3.0076,3.0136,3.0136,3.0121,3.0126,4
2026-03-17 05:48:00,3.0071,3.0076,3.0066,3.0066,3.0121,3.0126,3.0116,3.0116,3
2026-03-17 05:49:00,3.0061,3.0061,3.0061,3.0061,3.0111,3.0111,3.0111,3.0111,1
2026-03-17 05:50:00,3.0056,3.0066,3.0056,3.0066,3.0106,3.0116,3.0106,3.0116,3
2026-03-17 05:51:00,3.0076,3.0076,3.0061,3.0066,3.0126,3.0126,3.0111,3.0116,7
2026-03-17 05:53:00,3.0071,3.0071,3.0041,3.0046,3.0121,3.0121,3.0091,3.0096,8
2026-03-17 05:54:00,3.0041,3.0056,3.0041,3.0051,3.0091,3.0106,3.0091,3.0101,10
2026-03-17 05:55:00,3.0056,3.0056,3.0056,3.0056,3.0106,3.0106,3.0106,3.0106,1
2026-03-17 05:56:00,3.0061,3.0081,3.0061,3.0071,3.0111,3.0131,3.0111,3.0121,6
2026-03-17 05:58:00,3.0061,3.0061,3.0061,3.0061,3.0111,3.0111,3.0111,3.0111,1
2026-03-17 05:59:00,3.0056,3.0056,3.0056,3.0056,3.0106,3.0106,3.0106,3.0106,1
2026-03-17 06:00:00,3.0066,3.0086,3.0061,3.0066,3.0116,3.0136,3.0111,3.0116,8
2026-03-17 06:01:00,3.0061,3.0061,3.0046,3.0051,3.0111,3.0111,3.0096,3.0101,4
2026-03-17 06:02:00,3.0056,3.0061,3.0056,3.0061,3.0106,3.0111,3.0106,3.0111,4
2026-03-17 06:03:00,3.0056,3.0056,3.0051,3.0051,3.0106,3.0106,3.0101,3.0101,2
2026-03-17 06:04:00,3.0061,3.0061,3.0056,3.0056,3.0111,3.0111,3.0106,3.0106,2
2026-03-17 06:05:00,3.0051,3.0051,3.0051,3.0051,3.0101,3.0101,3.0101,3.0101,1
2026-03-17 06:08:00,3.0046,3.0046,3.0036,3.0036,3.0096,3.0096,3.0086,3.0086,2
2026-03-17 06:09:00,3.0031,3.0031,3.0016,3.0031,3.0081,3.0081,3.0066,3.0081,5
2026-03-17 06:10:00,3.0036,3.0036,3.0031,3.0031,3.0086,3.0086,3.0081,3.0081,4
2026-03-17 06:11:00,3.0036,3.0041,3.0026,3.0026,3.0086,3.0091,3.0076,3.0076,6
2026-03-17 06:12:00,3.0016,3.0041,3.0016,3.0041,3.0066,3.0091,3.0066,3.0091,4
2026-03-17 06:13:00,3.0051,3.0051,3.0046,3.0051,3.0101,3.0101,3.0096,3.0101,3
2026-03-17 06:16:00,3.0046,3.0051,3.0041,3.0051,3.0096,3.0101,3.0091,3.0101,4
2026-03-17 06:17:00,3.0056,3.0086,3.0056,3.0071,3.0106,3.0136,3.0106,3.0121,9
2026-03-17 06:18:00,3.0076,3.0076,3.0071,3.0076,3.0126,3.0126,3.0121,3.0126,3
2026-03-17 06:19:00,3.0086,3.0091,3.0086,3.0091,3.0136,3.0141,3.0136,3.0141,2
2026-03-17 06:20:00,3.0096,3.0096,3.0076,3.0076,3.0146,3.0146,3.0126,3.0126,4
2026-03-17 06:21:00,3.0086,3.0116,3.0081,3.0091,3.0136,3.0166,3.0131,3.0141,9
2026-03-17 06:22:00,3.0086,3.0086,3.0081,3.0081,3.0136,3.0136,3.0131,3.0131,2
2026-03-17 06:23:00,3.0096,3.0111,3.0096,3.0106,3.0146,3.0161,3.0146,3.0156,4
2026-03-17 06:25:00,3.0111,3.0131,3.0111,3.0131,3.0161,3.0181,3.0161,3.0181,7
2026-03-17 06:26:00,3.0136,3.0146,3.0136,3.0141,3.0186,3.0196,3.0186,3.0191,5
2026-03-17 06:27:00,3.0146,3.0146,3.0146,3.0146,3.0196,3.0196,3.0196,3.0196,1
2026-03-17 06:28:00,3.0136,3.0136,3.0121,3.0131,3.0186,3.0186,3.0171,3.0181,5
2026-03-17 06:29:00,3.0121,3.0121,3.0111,3.0121,3.0171,3.0171,3.0161,3.0171,4
2026-03-17 06:30:00,3.0116,3.0116,3.0106,3.0111,3.0166,3.0166,3.0156,3.0161,4
2026-03-17 06:32:00,3.0131,3.0141,3.0131,3.0131,3.0181,3.0191,3.0181,3.0181,5
2026-03-17 06:33:00,3.0126,3.0126,3.0126,3.0126,3.0176,3.0176,3.0176,3.0176,1
2026-03-17 06:34:00,3.0141,3.0151,3.0141,3.0151,3.0191,3.0201,3.0191,3.0201,3
2026-03-17 06:36:00,3.0156,3.0166,3.0151,3.0151,3.0206,3.0216,3.0201,3.0201,4
2026-03-17 06:37:00,3.0141,3.0146,3.0136,3.0146,3.0191,3.0196,3.0186,3.0196,4
2026-03-17 06:38:00,3.0141,3.0146,3.0136,3.0136,3.0191,3.0196,3.0186,3.0186,3
2026-03-17 06:39:00,3.0146,3.0156,3.0141,3.0151,3.0196,3.0206,3.0191,3.0201,8
2026-03-17 06:40:00,3.0161,3.0176,3.0146,3.0146,3.0211,3.0226,3.0196,3.0196,10
2026-03-17 06:41:00,3.0151,3.0191,3.0151,3.0171,3.0201,3.0241,3.0201,3.0221,9
2026-03-17 06:42:00,3.0176,3.0191,3.0171,3.0191,3.0226,3.0241,3.0221,3.0241,11
2026-03-17 06:43:00,3.0186,3.0206,3.0186,3.0201,3.0236,3.0256,3.0236,3.0251,5
2026-03-17 06:44:00,3.0206,3.0251,3.0206,3.0231,3.0256,3.0301,3.0256,3.0281,17
2026-03-17 06:45:00,3.0236,3.0256,3.0236,3.0246,3.0286,3.0306,3.0286,3.0296,8
2026-03-17 06:46:00,3.0231,3.0231,3.0211,3.0211,3.0281,3.0281,3.0261,3.0261,4
2026-03-17 06:47:00,3.0216,3.0231,3.0196,3.0226,3.0266,3.0281,3.0246,3.0276,9
2026-03-17 06:48:00,3.0236,3.0236,3.0221,3.0221,3.0286,3.0286,3.0271,3.0271,6
2026-03-17 06:49:00,3.0226,3.0226,3.0221,3.0226,3.0276,3.0276,3.0271,3.0276,3
2026-03-17 06:50:00,3.0231,3.0236,3.0231,3.0236,3.0281,3.0286,3.0281,3.0286,2
2026-03-17 06:51:00,3.0226,3.0226,3.0211,3.0216,3.0276,3.0276,3.0261,3.0266,4
2026-03-17 06:52:00,3.0226,3.0236,3.0226,3.0236,3.0276,3.0286,3.0276,3.0286,3
2026-03-17 06:53:00,3.0231,3.0236,3.0221,3.0236,3.0281,3.0286,3.0271,3.0286,5
2026-03-17 06:54:00,3.0231,3.0231,3.0226,3.0226,3.0281,3.0281,3.0276,3.0276,2
2026-03-17 06:55:00,3.0231,3.0246,3.0216,3.0226,3.0281,3.0296,3.0266,3.0276,10
2026-03-17 06:56:00,3.0231,3.0291,3.0231,3.0291,3.0281,3.0341,3.0281,3.0341,15
2026-03-17 06:57:00,3.0296,3.0316,3.0296,3.0301,3.0346,3.0366,3.0346,3.0351,10
2026-03-17 06:58:00,3.0306,3.0336,3.0306,3.0331,3.0356,3.0386,3.0356,3.0381,15
2026-03-17 06:59:00,3.0336,3.0336,3.0316,3.0316,3.0386,3.0386,3.0366,3.0366,5
2026-03-17 07:00:00,3.0311,3.0311,3.0276,3.0296,3.0361,3.0361,3.0326,3.0346,14
2026-03-17 07:01:00,3.0301,3.0326,3.0296,3.0296,3.0351,3.0376,3.0346,3.0346,17
2026-03-17 07:02:00,3.0291,3.0306,3.0291,3.0306,3.0341,3.0356,3.0341,3.0356,7
2026-03-17 07:03:00,3.0301,3.0311,3.0291,3.0301,3.0351,3.0361,3.0341,3.0351,9
2026-03-17 07:04:00,3.0311,3.0311,3.0286,3.0291,3.0361,3.0361,3.0336,3.0341,6
2026-03-17 07:05:00,3.0296,3.0296,3.0226,3.0226,3.0346,3.0346,3.0276,3.0276,13
2026-03-17 07:06:00,3.0236,3.0246,3.0236,3.0246,3.0286,3.0296,3.0286,3.0296,5
2026-03-17 07:07:00,3.0241,3.0241,3.0231,3.0231,3.0291,3.0291,3.0281,3.0281,3
2026-03-17 07:08:00,3.0241,3.0261,3.0201,3.0201,3.0291,3.0311,3.0251,3.0251,13
2026-03-17 07:09:00,3.0196,3.0196,3.0186,3.0196,3.0246,3.0246,3.0236,3.0246,4
2026-03-17 07:10:00,3.0206,3.0236,3.0191,3.0236,3.0256,3.0286,3.0241,3.0286,11
2026-03-17 07:11:00,3.0231,3.0241,3.0226,3.0231,3.0281,3.0291,3.0276,3.0281,8
2026-03-17 07:12:00,3.0236,3.0236,3.0221,3.0221,3.0286,3.0286,3.0271,3.0271,4
2026-03-17 07:13:00,3.0226,3.0226,3.0221,3.0226,3.0276,3.0276,3.0271,3.0276,3
2026-03-17 07:14:00,3.0221,3.0226,3.0221,3.0221,3.0271,3.0276,3.0271,3.0271,5
2026-03-17 07:15:00,3.0211,3.0236,3.0196,3.0236,3.0261,3.0286,3.0246,3.0286,9
2026-03-17 07:16:00,3.0241,3.0276,3.0241,3.0271,3.0291,3.0326,3.0291,3.0321,8
2026-03-17 07:17:00,3.0276,3.0286,3.0266,3.0266,3.0326,3.0336,3.0316,3.0316,12
2026-03-17 07:18:00,3.0261,3.0261,3.0241,3.0246,3.0311,3.0311,3.0291,3.0296,7
2026-03-17 07:19:00,3.0241,3.0246,3.0241,3.0246,3.0291,3.0296,3.0291,3.0296,2
2026-03-17 07:20:00,3.0241,3.0281,3.0236,3.0281,3.0291,3.0331,3.0286,3.0331,14
2026-03-17 07:21:00,3.0276,3.0276,3.0261,3.0271,3.0326,3.0326,3.0311,3.0321,5
2026-03-17 07:24:00,3.0266,3.0276,3.0256,3.0256,3.0316,3.0326,3.0306,3.0306,9
2026-03-17 07:25:00,3.0251,3.0251,3.0241,3.0241,3.0301,3.0301,3.0291,3.0291,5
2026-03-17 07:26:00,3.0246,3.0266,3.0246,3.0251,3.0296,3.0316,3.0296,3.0301,9
2026-03-17 07:27:00,3.0246,3.0251,3.0231,3.0241,3.0296,3.0301,3.0281,3.0291,13
2026-03-17 07:28:00,3.0236,3.0251,3.0236,3.0251,3.0286,3.0301,3.0286,3.0301,4
2026-03-17 07:29:00,3.0236,3.0241,3.0236,3.0241,3.0286,3.0291,3.0286,3.0291,2
2026-03-17 07:30:00,3.0246,3.0246,3.0246,3.0246,3.0296,3.0296,3.0296,3.0296,1
2026-03-17 07:31:00,3.0236,3.0256,3.0231,3.0231,3.0286,3.0306,3.0281,3.0281,8
2026-03-17 07:32:00,3.0216,3.0216,3.0206,3.0206,3.0266,3.0266,3.0256,3.0256,3
2026-03-17 07:33:00,3.0201,3.0206,3.0156,3.0201,3.0251,3.0256,3.0206,3.0251,18
2026-03-17 07:34:00,3.0211,3.0246,3.0211,3.0211,3.0261,3.0296,3.0261,3.0261,12
2026-03-17 07:35:00,3.0206,3.0206,3.0196,3.0196,3.0256,3.0256,3.0246,3.0246,2
2026-03-17 07:36:00,3.0186,3.0196,3.0186,3.0196,3.0236,3.0246,3.0236,3.0246,4
2026-03-17 07:37:00,3.0186,3.0186,3.0131,3.0146,3.0236,3.0236,3.0181,3.0196,13
2026-03-17 07:38:00,3.0141,3.0151,3.0131,3.0131,3.0191,3.0201,3.0181,3.0181,11
2026-03-17 07:39:00,3.0136,3.0136,3.0116,3.0126,3.0186,3.0186,3.0166,3.0176,12
2026-03-17 07:40:00,3.0121,3.0136,3.0076,3.0136,3.0171,3.0186,3.0126,3.0186,19
2026-03-17 07:41:00,3.0141,3.0171,3.0136,3.0171,3.0191,3.0221,3.0186,3.0221,6
2026-03-17 07:42:00,3.0166,3.0176,3.0146,3.0146,3.0216,3.0226,3.0196,3.0196,18
2026-03-17 07:43:00,3.0141,3.0176,3.0126,3.0156,3.0191,3.0226,3.0176,3.0206,23
2026-03-17 07:44:00,3.0151,3.0151,3.0136,3.0136,3.0201,3.0201,3.0186,3.0186,5
2026-03-17 07:45:00,3.0131,3.0141,3.0131,3.0141,3.0181,3.0191,3.0181,3.0191,7
2026-03-17 07:46:00,3.0146,3.0146,3.0121,3.0136,3.0196,3.0196,3.0171,3.0186,9
2026-03-17 07:47:00,3.0131,3.0166,3.0121,3.0156,3.0181,3.0216,3.0171,3.0206,11
2026-03-17 07:48:00,3.0146,3.0156,3.0136,3.0156,3.0196,3.0206,3.0186,3.0206,7
2026-03-17 07:49:00,3.0161,3.0166,3.0156,3.0166,3.0211,3.0216,3.0206,3.0216,4
2026-03-17 07:50:00,3.0171,3.0186,3.0161,3.0166,3.0221,3.0236,3.0211,3.0216,11
2026-03-17 07:51:00,3.0156,3.0166,3.0151,3.0166,3.0206,3.0216,3.0201,3.0216,6
2026-03-17 07:52:00,3.0161,3.0161,3.0156,3.0156,3.0211,3.0211,3.0206,3.0206,2
2026-03-17 07:53:00,3.0166,3.0186,3.0156,3.0186,3.0216,3.0236,3.0206,3.0236,5
2026-03-17 07:54:00,3.0176,3.0206,3.0171,3.0196,3.0226,3.0256,3.0221,3.0246,10
2026-03-17 07:55:00,3.0191,3.0196,3.0181,3.0186,3.0241,3.0246,3.0231,3.0236,7
2026-03-17 07:56:00,3.0181,3.0196,3.0176,3.0191,3.0231,3.0246,3.0226,3.0241,9
2026-03-17 07:57:00,3.0196,3.0211,3.0181,3.0206,3.0246,3.0261,3.0231,3.0256,14
2026-03-17 07:58:00,3.0201,3.0206,3.0186,3.0186,3.0251,3.0256,3.0236,3.0236,8
2026-03-17 07:59:00,3.0191,3.0191,3.0186,3.0186,3.0241,3.0241,3.0236,3.0236,2
2026-03-17 08:00:00,3.0181,3.0206,3.0161,3.0206,3.0231,3.0256,3.0211,3.0256,20
2026-03-17 08:01:00,3.0201,3.0201,3.0131,3.0131,3.0251,3.0251,3.0181,3.0181,20
2026-03-17 08:02:00,3.0136,3.0136,3.0121,3.0136,3.0186,3.0186,3.0171,3.0186,12
2026-03-17 08:03:00,3.0141,3.0196,3.0116,3.0126,3.0191,3.0246,3.0166,3.0176,28
2026-03-17 08:04:00,3.0136,3.0161,3.0136,3.0151,3.0186,3.0211,3.0186,3.0201,15
2026-03-17 08:05:00,3.0141,3.0151,3.0136,3.0151,3.0191,3.0201,3.0186,3.0201,6
2026-03-17 08:06:00,3.0141,3.0146,3.0136,3.0141,3.0191,3.0196,3.0186,3.0191,9
2026-03-17 08:08:00,3.0146,3.0161,3.0126,3.0126,3.0196,3.0211,3.0176,3.0176,9
2026-03-17 08:09:00,3.0131,3.0136,3.0126,3.0131,3.0181,3.0186,3.0176,3.0181,5
2026-03-17 08:10:00,3.0126,3.0131,3.0106,3.0116,3.0176,3.0181,3.0156,3.0166,14
2026-03-17 08:11:00,3.0121,3.0121,3.0086,3.0101,3.0171,3.0171,3.0136,3.0151,10
2026-03-17 08:12:00,3.0096,3.0106,3.0076,3.0076,3.0146,3.0156,3.0126,3.0126,13
2026-03-17 08:13:00,3.0086,3.0086,3.0046,3.0056,3.0136,3.0136,3.0096,3.0106,12
2026-03-17 08:14:00,3.0061,3.0076,3.0061,3.0066,3.0111,3.0126,3.0111,3.0116,10
2026-03-17 08:15:00,3.0071,3.0076,3.0066,3.0076,3.0121,3.0126,3.0116,3.0126,10
2026-03-17 08:16:00,3.0071,3.0071,3.0056,3.0056,3.0121,3.0121,3.0106,3.0106,2
2026-03-17 08:17:00,3.0051,3.0051,2.9996,2.9996,3.0101,3.0101,3.0046,3.0046,22
2026-03-17 08:18:00,3.0001,3.0046,2.9996,3.0031,3.0051,3.0096,3.0046,3.0081,19
2026-03-17 08:19:00,3.0041,3.0046,3.0031,3.0046,3.0091,3.0096,3.0081,3.0096,14
2026-03-17 08:20:00,3.0041,3.0051,3.0016,3.0016,3.0091,3.0101,3.0066,3.0066,19
2026-03-17 08:21:00,3.0011,3.0036,2.9996,3.0026,3.0061,3.0086,3.0046,3.0076,14
2026-03-17 08:22:00,3.0016,3.0031,3.0016,3.0031,3.0066,3.0081,3.0066,3.0081,5
2026-03-17 08:23:00,3.0036,3.0036,3.0021,3.0021,3.0086,3.0086,3.0071,3.0071,8
2026-03-17 08:24:00,3.0011,3.0036,3.0011,3.0036,3.0061,3.0086,3.0061,3.0086,6
2026-03-17 08:25:00,3.0041,3.0041,3.0021,3.0041,3.0091,3.0091,3.0071,3.0091,8
2026-03-17 08:26:00,3.0046,3.0056,3.0046,3.0046,3.0096,3.0106,3.0096,3.0096,6
2026-03-17 08:27:00,3.0041,3.0076,3.0031,3.0071,3.0091,3.0126,3.0081,3.0121,9
2026-03-17 08:28:00,3.0056,3.0076,3.0056,3.0071,3.0106,3.0126,3.0106,3.0121,10
2026-03-17 08:29:00,3.0076,3.0076,3.0066,3.0071,3.0126,3.0126,3.0116,3.0121,4
2026-03-17 08:30:00,3.0076,3.0086,3.0046,3.0076,3.0126,3.0136,3.0096,3.0126,22
2026-03-17 08:31:00,3.0086,3.0086,3.0061,3.0076,3.0136,3.0136,3.0111,3.0126,7
2026-03-17 08:32:00,3.0081,3.0081,3.0066,3.0066,3.0131,3.0131,3.0116,3.0116,6
2026-03-17 08:33:00,3.0071,3.0071,3.0066,3.0071,3.0121,3.0121,3.0116,3.0121,3
2026-03-17 08:34:00,3.0066,3.0086,3.0066,3.0086,3.0116,3.0136,3.0116,3.0136,10
2026-03-17 08:35:00,3.0076,3.0076,3.0061,3.0066,3.0126,3.0126,3.0111,3.0116,7
2026-03-17 08:36:00,3.0071,3.0076,3.0061,3.0071,3.0121,3.0126,3.0111,3.0121,7
2026-03-17 08:37:00,3.0066,3.0066,3.0056,3.0061,3.0116,3.0116,3.0106,3.0111,4
2026-03-17 08:38:00,3.0066,3.0086,3.0041,3.0041,3.0116,3.0136,3.0091,3.0091,13
2026-03-17 08:39:00,3.0046,3.0046,3.0026,3.0036,3.0096,3.0096,3.0076,3.0086,8
2026-03-17 08:40:00,3.0026,3.0041,3.0026,3.0041,3.0076,3.0091,3.0076,3.0091,5
2026-03-17 08:41:00,3.0046,3.0046,3.0006,3.0016,3.0096,3.0096,3.0056,3.0066,23
2026-03-17 08:42:00,3.0021,3.0036,3.0021,3.0031,3.0071,3.0086,3.0071,3.0081,6
2026-03-17 08:43:00,3.0026,3.0026,3.0011,3.0021,3.0076,3.0076,3.0061,3.0071,5
2026-03-17 08:44:00,3.0026,3.0036,3.0026,3.0036,3.0076,3.0086,3.0076,3.0086,2
2026-03-17 08:46:00,3.0046,3.0046,3.0046,3.0046,3.0096,3.0096,3.0096,3.0096,1
2026-03-17 08:47:00,3.0051,3.0056,3.0046,3.0056,3.0101,3.0106,3.0096,3.0106,8
2026-03-17 08:48:00,3.0061,3.0066,3.0046,3.0046,3.0111,3.0116,3.0096,3.0096,6
2026-03-17 08:49:00,3.0051,3.0096,3.0041,3.0091,3.0101,3.0146,3.0091,3.0141,13
2026-03-17 08:50:00,3.0096,3.0106,3.0096,3.0101,3.0146,3.0156,3.0146,3.0151,5
2026-03-17 08:51:00,3.0106,3.0116,3.0096,3.0096,3.0156,3.0166,3.0146,3.0146,5
2026-03-17 08:52:00,3.0101,3.0116,3.0101,3.0116,3.0151,3.0166,3.0151,3.0166,3
2026-03-17 08:53:00,3.0106,3.0126,3.0106,3.0126,3.0156,3.0176,3.0156,3.0176,4
2026-03-17 08:54:00,3.0116,3.0141,3.0116,3.0126,3.0166,3.0191,3.0166,3.0176,5
2026-03-17 08:55:00,3.0121,3.0131,3.0121,3.0126,3.0171,3.0181,3.0171,3.0176,4
2026-03-17 08:56:00,3.0116,3.0116,3.0086,3.0091,3.0166,3.0166,3.0136,3.0141,5
2026-03-17 08:57:00,3.0086,3.0101,3.0086,3.0091,3.0136,3.0151,3.0136,3.0141,5
2026-03-17 08:58:00,3.0096,3.0116,3.0096,3.0116,3.0146,3.0166,3.0146,3.0166,4
2026-03-17 08:59:00,3.0106,3.0106,3.0096,3.0096,3.0156,3.0156,3.0146,3.0146,3
2026-03-17 09:00:00,3.0086,3.0091,3.0071,3.0081,3.0136,3.0141,3.0121,3.0131,18
2026-03-17 09:01:00,3.0076,3.0096,3.0076,3.0086,3.0126,3.0146,3.0126,3.0136,12
2026-03-17 09:02:00,3.0091,3.0111,3.0076,3.0111,3.0141,3.0161,3.0126,3.0161,10
2026-03-17 09:03:00,3.0106,3.0136,3.0106,3.0136,3.0156,3.0186,3.0156,3.0186,10
2026-03-17 09:04:00,3.0126,3.0131,3.0121,3.0131,3.0176,3.0181,3.0171,3.0181,8
2026-03-17 09:05:00,3.0136,3.0146,3.0126,3.0146,3.0186,3.0196,3.0176,3.0196,4
2026-03-17 09:06:00,3.0141,3.0176,3.0141,3.0171,3.0191,3.0226,3.0191,3.0221,15
2026-03-17 09:07:00,3.0166,3.0186,3.0166,3.0186,3.0216,3.0236,3.0216,3.0236,4
2026-03-17 09:08:00,3.0196,3.0226,3.0191,3.0211,3.0246,3.0276,3.0241,3.0261,19
2026-03-17 09:09:00,3.0216,3.0231,3.0206,3.0211,3.0266,3.0281,3.0256,3.0261,12
2026-03-17 09:10:00,3.0206,3.0216,3.0196,3.0206,3.0256,3.0266,3.0246,3.0256,8
2026-03-17 09:11:00,3.0211,3.0236,3.0211,3.0231,3.0261,3.0286,3.0261,3.0281,11
2026-03-17 09:12:00,3.0221,3.0231,3.0216,3.0216,3.0271,3.0281,3.0266,3.0266,5
2026-03-17 09:13:00,3.0206,3.0226,3.0201,3.0226,3.0256,3.0276,3.0251,3.0276,12
2026-03-17 09:14:00,3.0236,3.0276,3.0221,3.0226,3.0286,3.0326,3.0271,3.0276,19
2026-03-17 09:15:00,3.0221,3.0246,3.0221,3.0246,3.0271,3.0296,3.0271,3.0296,6
2026-03-17 09:16:00,3.0251,3.0271,3.0246,3.0266,3.0301,3.0321,3.0296,3.0316,12
2026-03-17 09:17:00,3.0271,3.0271,3.0256,3.0256,3.0321,3.0321,3.0306,3.0306,4
2026-03-17 09:18:00,3.0251,3.0286,3.0251,3.0286,3.0301,3.0336,3.0301,3.0336,12
2026-03-17 09:19:00,3.0281,3.0286,3.0216,3.0226,3.0331,3.0336,3.0266,3.0276,18
2026-03-17 09:20:00,3.0231,3.0261,3.0226,3.0256,3.0281,3.0311,3.0276,3.0306,8
2026-03-17 09:21:00,3.0251,3.0266,3.0246,3.0256,3.0301,3.0316,3.0296,3.0306,9
2026-03-17 09:22:00,3.0251,3.0266,3.0236,3.0246,3.0301,3.0316,3.0286,3.0296,13
2026-03-17 09:23:00,3.0236,3.0236,3.0216,3.0216,3.0286,3.0286,3.0266,3.0266,11
2026-03-17 09:24:00,3.0221,3.0221,3.0216,3.0221,3.0271,3.0271,3.0266,3.0271,3
2026-03-17 09:25:00,3.0216,3.0221,3.0191,3.0191,3.0266,3.0271,3.0241,3.0241,9
2026-03-17 09:26:00,3.0196,3.0201,3.0196,3.0196,3.0246,3.0251,3.0246,3.0246,7
2026-03-17 09:27:00,3.0191,3.0196,3.0171,3.0186,3.0241,3.0246,3.0221,3.0236,9
2026-03-17 09:28:00,3.0196,3.0206,3.0191,3.0206,3.0246,3.0256,3.0241,3.0256,7
2026-03-17 09:29:00,3.0201,3.0211,3.0166,3.0176,3.0251,3.0261,3.0216,3.0226,21
2026-03-17 09:30:00,3.0181,3.0181,3.0176,3.0181,3.0231,3.0231,3.0226,3.0231,5
2026-03-17 09:31:00,3.0176,3.0181,3.0156,3.0156,3.0226,3.0231,3.0206,3.0206,8
2026-03-17 09:32:00,3.0161,3.0166,3.0156,3.0161,3.0211,3.0216,3.0206,3.0211,8
2026-03-17 09:33:00,3.0156,3.0181,3.0136,3.0181,3.0206,3.0231,3.0186,3.0231,16
2026-03-17 09:34:00,3.0186,3.0236,3.0186,3.0231,3.0236,3.0286,3.0236,3.0281,15
2026-03-17 09:35:00,3.0241,3.0241,3.0231,3.0231,3.0291,3.0291,3.0281,3.0281,3
2026-03-17 09:36:00,3.0226,3.0226,3.0201,3.0201,3.0276,3.0276,3.0251,3.0251,6
2026-03-17 09:37:00,3.0196,3.0206,3.0176,3.0176,3.0246,3.0256,3.0226,3.0226,11
2026-03-17 09:38:00,3.0186,3.0211,3.0186,3.0211,3.0236,3.0261,3.0236,3.0261,5
2026-03-17 09:39:00,3.0206,3.0206,3.0191,3.0201,3.0256,3.0256,3.0241,3.0251,5
2026-03-17 09:40:00,3.0196,3.0196,3.0181,3.0181,3.0246,3.0246,3.0231,3.0231,8
2026-03-17 09:41:00,3.0176,3.0176,3.0146,3.0151,3.0226,3.0226,3.0196,3.0201,9
2026-03-17 09:42:00,3.0146,3.0186,3.0146,3.0176,3.0196,3.0236,3.0196,3.0226,16
2026-03-17 09:43:00,3.0166,3.0166,3.0126,3.0146,3.0216,3.0216,3.0176,3.0196,13
2026-03-17 09:44:00,3.0151,3.0201,3.0151,3.0201,3.0201,3.0251,3.0201,3.0251,8
2026-03-17 09:45:00,3.0206,3.0216,3.0186,3.0191,3.0256,3.0266,3.0236,3.0241,9
2026-03-17 09:46:00,3.0186,3.0216,3.0181,3.0186,3.0236,3.0266,3.0231,3.0236,14
2026-03-17 09:47:00,3.0176,3.0196,3.0176,3.0196,3.0226,3.0246,3.0226,3.0246,8
2026-03-17 09:48:00,3.0201,3.0211,3.0201,3.0211,3.0251,3.0261,3.0251,3.0261,5
2026-03-17 09:49:00,3.0216,3.0226,3.0206,3.0216,3.0266,3.0276,3.0256,3.0266,8
2026-03-17 09:50:00,3.0221,3.0221,3.0206,3.0206,3.0271,3.0271,3.0256,3.0256,4
2026-03-17 09:51:00,3.0201,3.0226,3.0201,3.0221,3.0251,3.0276,3.0251,3.0271,6
2026-03-17 09:52:00,3.0216,3.0246,3.0216,3.0246,3.0266,3.0296,3.0266,3.0296,11
2026-03-17 09:53:00,3.0236,3.0256,3.0226,3.0226,3.0286,3.0306,3.0276,3.0276,10
2026-03-17 09:54:00,3.0216,3.0241,3.0206,3.0206,3.0266,3.0291,3.0256,3.0256,11
2026-03-17 09:55:00,3.0216,3.0236,3.0196,3.0236,3.0266,3.0286,3.0246,3.0286,18
2026-03-17 09:56:00,3.0241,3.0256,3.0236,3.0256,3.0291,3.0306,3.0286,3.0306,10
2026-03-17 09:57:00,3.0246,3.0251,3.0236,3.0251,3.0296,3.0301,3.0286,3.0301,7
2026-03-17 09:58:00,3.0246,3.0246,3.0221,3.0226,3.0296,3.0296,3.0271,3.0276,11
2026-03-17 09:59:00,3.0231,3.0246,3.0226,3.0246,3.0281,3.0296,3.0276,3.0296,7
2026-03-17 10:00:00,3.0236,3.0236,3.0221,3.0231,3.0286,3.0286,3.0271,3.0281,6
2026-03-17 10:01:00,3.0226,3.0261,3.0226,3.0236,3.0276,3.0311,3.0276,3.0286,12
2026-03-17 10:02:00,3.0231,3.0256,3.0231,3.0256,3.0281,3.0306,3.0281,3.0306,4
2026-03-17 10:03:00,3.0266,3.0266,3.0256,3.0256,3.0316,3.0316,3.0306,3.0306,6
2026-03-17 10:04:00,3.0251,3.0251,3.0226,3.0231,3.0301,3.0301,3.0276,3.0281,8
2026-03-17 10:05:00,3.0226,3.0231,3.0216,3.0216,3.0276,3.0281,3.0266,3.0266,7
2026-03-17 10:06:00,3.0221,3.0226,3.0221,3.0226,3.0271,3.0276,3.0271,3.0276,2
2026-03-17 10:07:00,3.0221,3.0231,3.0221,3.0231,3.0271,3.0281,3.0271,3.0281,3
2026-03-17 10:08:00,3.0226,3.0236,3.0226,3.0236,3.0276,3.0286,3.0276,3.0286,6
2026-03-17 10:09:00,3.0231,3.0236,3.0216,3.0221,3.0281,3.0286,3.0266,3.0271,7
2026-03-17 10:10:00,3.0206,3.0206,3.0176,3.0176,3.0256,3.0256,3.0226,3.0226,11
2026-03-17 10:11:00,3.0181,3.0201,3.0181,3.0181,3.0231,3.0251,3.0231,3.0231,7
2026-03-17 10:12:00,3.0166,3.0186,3.0166,3.0176,3.0216,3.0236,3.0216,3.0226,12
2026-03-17 10:13:00,3.0181,3.0186,3.0156,3.0171,3.0231,3.0236,3.0206,3.0221,11
2026-03-17 10:14:00,3.0176,3.0186,3.0176,3.0186,3.0226,3.0236,3.0226,3.0236,2
2026-03-17 10:15:00,3.0196,3.0196,3.0196,3.0196,3.0246,3.0246,3.0246,3.0246,1
2026-03-17 10:16:00,3.0191,3.0191,3.0171,3.0171,3.0241,3.0241,3.0221,3.0221,4
2026-03-17 10:17:00,3.0166,3.0171,3.0156,3.0156,3.0216,3.0221,3.0206,3.0206,5
2026-03-17 10:18:00,3.0161,3.0176,3.0161,3.0176,3.0211,3.0226,3.0211,3.0226,3
2026-03-17 10:19:00,3.0171,3.0176,3.0166,3.0166,3.0221,3.0226,3.0216,3.0216,3
2026-03-17 10:20:00,3.0146,3.0146,3.0136,3.0146,3.0196,3.0196,3.0186,3.0196,4
2026-03-17 10:21:00,3.0136,3.0136,3.0026,3.0046,3.0186,3.0186,3.0076,3.0096,35
2026-03-17 10:22:00,3.0051,3.0091,3.0051,3.0091,3.0101,3.0141,3.0101,3.0141,5
2026-03-17 10:23:00,3.0086,3.0106,3.0086,3.0101,3.0136,3.0156,3.0136,3.0151,7
2026-03-17 10:24:00,3.0106,3.0116,3.0086,3.0086,3.0156,3.0166,3.0136,3.0136,10
2026-03-17 10:25:00,3.0076,3.0086,3.0076,3.0086,3.0126,3.0136,3.0126,3.0136,4
2026-03-17 10:26:00,3.0081,3.0081,3.0036,3.0046,3.0131,3.0131,3.0086,3.0096,10
2026-03-17 10:27:00,3.0056,3.0056,3.0026,3.0026,3.0106,3.0106,3.0076,3.0076,8
2026-03-17 10:28:00,3.0016,3.0016,2.9976,2.9986,3.0066,3.0066,3.0026,3.0036,18
2026-03-17 10:29:00,2.9981,2.9986,2.9956,2.9976,3.0031,3.0036,3.0006,3.0026,16
2026-03-17 10:30:00,2.9981,2.9996,2.9966,2.9996,3.0031,3.0046,3.0016,3.0046,11
2026-03-17 10:31:00,2.9991,3.0016,2.9991,3.0006,3.0041,3.0066,3.0041,3.0056,7
2026-03-17 10:32:00,3.0016,3.0016,3.0006,3.0006,3.0066,3.0066,3.0056,3.0056,6
2026-03-17 10:33:00,3.0001,3.0016,2.9991,2.9996,3.0051,3.0066,3.0041,3.0046,15
2026-03-17 10:34:00,2.9986,2.9986,2.9951,2.9956,3.0036,3.0036,3.0001,3.0006,12
2026-03-17 10:35:00,2.9951,2.9951,2.9936,2.9946,3.0001,3.0001,2.9986,2.9996,12
2026-03-17 10:36:00,2.9951,2.9961,2.9946,2.9961,3.0001,3.0011,2.9996,3.0011,14
2026-03-17 10:37:00,2.9966,2.9966,2.9941,2.9961,3.0016,3.0016,2.9991,3.0011,16
2026-03-17 10:38:00,2.9966,2.9986,2.9936,2.9986,3.0016,3.0036,2.9986,3.0036,12
2026-03-17 10:39:00,2.9981,2.9996,2.9966,2.9981,3.0031,3.0046,3.0016,3.0031,15
2026-03-17 10:40:00,2.9986,3.0041,2.9986,3.0036,3.0036,3.0091,3.0036,3.0086,14
2026-03-17 10:41:00,3.0031,3.0056,3.0021,3.0041,3.0081,3.0106,3.0071,3.0091,14
2026-03-17 10:42:00,3.0036,3.0051,3.0026,3.0036,3.0086,3.0101,3.0076,3.0086,9
2026-03-17 10:43:00,3.0031,3.0046,3.0011,3.0046,3.0081,3.0096,3.0061,3.0096,21
2026-03-17 10:44:00,3.0051,3.0066,3.0036,3.0056,3.0101,3.0116,3.0086,3.0106,15
2026-03-17 10:45:00,3.0051,3.0051,3.0036,3.0041,3.0101,3.0101,3.0086,3.0091,6
2026-03-17 10:46:00,3.0026,3.0031,3.0021,3.0021,3.0076,3.0081,3.0071,3.0071,4
2026-03-17 10:47:00,3.0016,3.0016,2.9966,2.9986,3.0066,3.0066,3.0016,3.0036,11
2026-03-17 10:48:00,3.0001,3.0036,3.0001,3.0036,3.0051,3.0086,3.0051,3.0086,9
2026-03-17 10:50:00,3.0026,3.0026,3.0006,3.0006,3.0076,3.0076,3.0056,3.0056,4
2026-03-17 10:51:00,3.0011,3.0011,2.9991,2.9991,3.0061,3.0061,3.0041,3.0041,7
2026-03-17 10:52:00,2.9986,3.0011,2.9981,3.0011,3.0036,3.0061,3.0031,3.0061,8
2026-03-17 10:53:00,3.0006,3.0016,3.0006,3.0011,3.0056,3.0066,3.0056,3.0061,4
2026-03-17 10:54:00,3.0001,3.0011,3.0001,3.0011,3.0051,3.0061,3.0051,3.0061,2
2026-03-17 10:55:00,3.0016,3.0041,3.0016,3.0031,3.0066,3.0091,3.0066,3.0081,6
2026-03-17 10:56:00,3.0026,3.0051,3.0011,3.0051,3.0076,3.0101,3.0061,3.0101,12
2026-03-17 10:57:00,3.0056,3.0076,3.0056,3.0071,3.0106,3.0126,3.0106,3.0121,5
2026-03-17 10:58:00,3.0056,3.0056,3.0046,3.0046,3.0106,3.0106,3.0096,3.0096,5
2026-03-17 10:59:00,3.0051,3.0056,3.0041,3.0056,3.0101,3.0106,3.0091,3.0106,6
2026-03-17 11:00:00,3.0046,3.0076,3.0036,3.0076,3.0096,3.0126,3.0086,3.0126,8
2026-03-17 11:01:00,3.0086,3.0086,3.0076,3.0081,3.0136,3.0136,3.0126,3.0131,4
2026-03-17 11:02:00,3.0086,3.0086,3.0076,3.0076,3.0136,3.0136,3.0126,3.0126,3
2026-03-17 11:03:00,3.0071,3.0091,3.0071,3.0091,3.0121,3.0141,3.0121,3.0141,15
2026-03-17 11:04:00,3.0086,3.0096,3.0086,3.0096,3.0136,3.0146,3.0136,3.0146,6
2026-03-17 11:05:00,3.0106,3.0156,3.0106,3.0156,3.0156,3.0206,3.0156,3.0206,11
2026-03-17 11:06:00,3.0151,3.0156,3.0141,3.0146,3.0201,3.0206,3.0191,3.0196,7
2026-03-17 11:07:00,3.0141,3.0141,3.0111,3.0111,3.0191,3.0191,3.0161,3.0161,6
2026-03-17 11:08:00,3.0116,3.0126,3.0111,3.0116,3.0166,3.0176,3.0161,3.0166,8
2026-03-17 11:09:00,3.0121,3.0126,3.0111,3.0126,3.0171,3.0176,3.0161,3.0176,7
2026-03-17 11:10:00,3.0116,3.0126,3.0096,3.0096,3.0166,3.0176,3.0146,3.0146,11
2026-03-17 11:11:00,3.0101,3.0111,3.0091,3.0106,3.0151,3.0161,3.0141,3.0156,13
2026-03-17 11:12:00,3.0111,3.0121,3.0106,3.0116,3.0161,3.0171,3.0156,3.0166,6
2026-03-17 11:13:00,3.0121,3.0126,3.0116,3.0126,3.0171,3.0176,3.0166,3.0176,4
2026-03-17 11:14:00,3.0121,3.0121,3.0086,3.0086,3.0171,3.0171,3.0136,3.0136,8
2026-03-17 11:15:00,3.0096,3.0106,3.0076,3.0096,3.0146,3.0156,3.0126,3.0146,15
2026-03-17 11:16:00,3.0106,3.0136,3.0106,3.0111,3.0156,3.0186,3.0156,3.0161,13
2026-03-17 11:17:00,3.0101,3.0151,3.0081,3.0151,3.0151,3.0201,3.0131,3.0201,16
2026-03-17 11:18:00,3.0146,3.0201,3.0141,3.0201,3.0196,3.0251,3.0191,3.0251,17
2026-03-17 11:19:00,3.0196,3.0196,3.0181,3.0191,3.0246,3.0246,3.0231,3.0241,9
2026-03-17 11:20:00,3.0196,3.0236,3.0171,3.0186,3.0246,3.0286,3.0221,3.0236,22
2026-03-17 11:21:00,3.0181,3.0206,3.0166,3.0206,3.0231,3.0256,3.0216,3.0256,12
2026-03-17 11:22:00,3.0211,3.0211,3.0176,3.0186,3.0261,3.0261,3.0226,3.0236,10
2026-03-17 11:23:00,3.0191,3.0196,3.0181,3.0181,3.0241,3.0246,3.0231,3.0231,9
2026-03-17 11:24:00,3.0176,3.0181,3.0176,3.0176,3.0226,3.0231,3.0226,3.0226,3
2026-03-17 11:25:00,3.0186,3.0196,3.0166,3.0191,3.0236,3.0246,3.0216,3.0241,11
2026-03-17 11:26:00,3.0196,3.0206,3.0186,3.0201,3.0246,3.0256,3.0236,3.0251,10
2026-03-17 11:27:00,3.0206,3.0216,3.0186,3.0191,3.0256,3.0266,3.0236,3.0241,10
2026-03-17 11:28:00,3.0196,3.0196,3.0166,3.0186,3.0246,3.0246,3.0216,3.0236,10
2026-03-17 11:29:00,3.0196,3.0236,3.0186,3.0211,3.0246,3.0286,3.0236,3.0261,27
2026-03-17 11:30:00,3.0216,3.0216,3.0196,3.0206,3.0266,3.0266,3.0246,3.0256,13
2026-03-17 11:31:00,3.0211,3.0236,3.0201,3.0231,3.0261,3.0286,3.0251,3.0281,19
2026-03-17 11:32:00,3.0236,3.0251,3.0231,3.0246,3.0286,3.0301,3.0281,3.0296,13
2026-03-17 11:33:00,3.0251,3.0276,3.0246,3.0246,3.0301,3.0326,3.0296,3.0296,20
2026-03-17 11:34:00,3.0241,3.0266,3.0226,3.0266,3.0291,3.0316,3.0276,3.0316,15
2026-03-17 11:35:00,3.0276,3.0281,3.0241,3.0241,3.0326,3.0331,3.0291,3.0291,11
2026-03-17 11:36:00,3.0236,3.0286,3.0236,3.0266,3.0286,3.0336,3.0286,3.0316,25
2026-03-17 11:37:00,3.0271,3.0306,3.0271,3.0296,3.0321,3.0356,3.0321,3.0346,12
2026-03-17 11:38:00,3.0306,3.0336,3.0306,3.0326,3.0356,3.0386,3.0356,3.0376,12
2026-03-17 11:39:00,3.0316,3.0346,3.0316,3.0336,3.0366,3.0396,3.0366,3.0386,11
2026-03-17 11:40:00,3.0341,3.0341,3.0306,3.0306,3.0391,3.0391,3.0356,3.0356,7
2026-03-17 11:41:00,3.0311,3.0356,3.0306,3.0356,3.0361,3.0406,3.0356,3.0406,25
2026-03-17 11:42:00,3.0351,3.0376,3.0346,3.0361,3.0401,3.0426,3.0396,3.0411,11
2026-03-17 11:43:00,3.0356,3.0376,3.0356,3.0376,3.0406,3.0426,3.0406,3.0426,12
2026-03-17 11:44:00,3.0371,3.0381,3.0361,3.0366,3.0421,3.0431,3.0411,3.0416,22
2026-03-17 11:45:00,3.0371,3.0396,3.0366,3.0396,3.0421,3.0446,3.0416,3.0446,14
2026-03-17 11:46:00,3.0391,3.0406,3.0366,3.0366,3.0441,3.0456,3.0416,3.0416,18
2026-03-17 11:47:00,3.0371,3.0371,3.0356,3.0361,3.0421,3.0421,3.0406,3.0411,17
2026-03-17 11:48:00,3.0356,3.0366,3.0346,3.0366,3.0406,3.0416,3.0396,3.0416,10
2026-03-17 11:49:00,3.0356,3.0366,3.0356,3.0361,3.0406,3.0416,3.0406,3.0411,3
2026-03-17 11:50:00,3.0366,3.0381,3.0366,3.0376,3.0416,3.0431,3.0416,3.0426,6
2026-03-17 11:51:00,3.0381,3.0386,3.0366,3.0386,3.0431,3.0436,3.0416,3.0436,6
2026-03-17 11:52:00,3.0381,3.0416,3.0376,3.0406,3.0431,3.0466,3.0426,3.0456,8
2026-03-17 11:53:00,3.0401,3.0401,3.0386,3.0396,3.0451,3.0451,3.0436,3.0446,5
2026-03-17 11:54:00,3.0386,3.0391,3.0366,3.0376,3.0436,3.0441,3.0416,3.0426,11
2026-03-17 11:55:00,3.0381,3.0396,3.0381,3.0396,3.0431,3.0446,3.0431,3.0446,7
2026-03-17 11:56:00,3.0401,3.0416,3.0396,3.0416,3.0451,3.0466,3.0446,3.0466,10
2026-03-17 11:57:00,3.0421,3.0421,3.0416,3.0416,3.0471,3.0471,3.0466,3.0466,2
2026-03-17 11:58:00,3.0411,3.0416,3.0401,3.0406,3.0461,3.0466,3.0451,3.0456,6
2026-03-17 11:59:00,3.0416,3.0416,3.0381,3.0386,3.0466,3.0466,3.0431,3.0436,8
2026-03-17 12:00:00,3.0381,3.0396,3.0341,3.0396,3.0431,3.0446,3.0391,3.0446,28
2026-03-17 12:01:00,3.0391,3.0396,3.0376,3.0391,3.0441,3.0446,3.0426,3.0441,9
2026-03-17 12:02:00,3.0386,3.0391,3.0371,3.0391,3.0436,3.0441,3.0421,3.0441,5
2026-03-17 12:03:00,3.0386,3.0456,3.0386,3.0446,3.0436,3.0506,3.0436,3.0496,18
2026-03-17 12:04:00,3.0441,3.0441,3.0426,3.0426,3.0491,3.0491,3.0476,3.0476,8
2026-03-17 12:05:00,3.0416,3.0426,3.0416,3.0416,3.0466,3.0476,3.0466,3.0466,7
2026-03-17 12:06:00,3.0421,3.0436,3.0416,3.0421,3.0471,3.0486,3.0466,3.0471,8
2026-03-17 12:07:00,3.0416,3.0466,3.0416,3.0461,3.0466,3.0516,3.0466,3.0511,12
2026-03-17 12:08:00,3.0466,3.0466,3.0466,3.0466,3.0516,3.0516,3.0516,3.0516,1
2026-03-17 12:09:00,3.0456,3.0486,3.0456,3.0471,3.0506,3.0536,3.0506,3.0521,14
2026-03-17 12:10:00,3.0476,3.0501,3.0476,3.0496,3.0526,3.0551,3.0526,3.0546,12
2026-03-17 12:11:00,3.0501,3.0506,3.0486,3.0501,3.0551,3.0556,3.0536,3.0551,16
2026-03-17 12:12:00,3.0506,3.0506,3.0506,3.0506,3.0556,3.0556,3.0556,3.0556,1
2026-03-17 12:13:00,3.0496,3.0506,3.0486,3.0501,3.0546,3.0556,3.0536,3.0551,5
2026-03-17 12:14:00,3.0491,3.0526,3.0476,3.0516,3.0541,3.0576,3.0526,3.0566,22
2026-03-17 12:15:00,3.0511,3.0511,3.0436,3.0446,3.0561,3.0561,3.0486,3.0496,17
2026-03-17 12:16:00,3.0451,3.0456,3.0426,3.0436,3.0501,3.0506,3.0476,3.0486,17
2026-03-17 12:17:00,3.0441,3.0441,3.0406,3.0416,3.0491,3.0491,3.0456,3.0466,19
2026-03-17 12:18:00,3.0426,3.0436,3.0406,3.0436,3.0476,3.0486,3.0456,3.0486,14
2026-03-17 12:19:00,3.0451,3.0451,3.0436,3.0446,3.0501,3.0501,3.0486,3.0496,9
2026-03-17 12:20:00,3.0451,3.0461,3.0426,3.0426,3.0501,3.0511,3.0476,3.0476,12
2026-03-17 12:21:00,3.0431,3.0431,3.0406,3.0406,3.0481,3.0481,3.0456,3.0456,7
2026-03-17 12:22:00,3.0411,3.0431,3.0401,3.0431,3.0461,3.0481,3.0451,3.0481,15
2026-03-17 12:23:00,3.0426,3.0456,3.0416,3.0456,3.0476,3.0506,3.0466,3.0506,12
2026-03-17 12:25:00,3.0451,3.0486,3.0436,3.0441,3.0501,3.0536,3.0486,3.0491,18
2026-03-17 12:26:00,3.0436,3.0446,3.0431,3.0436,3.0486,3.0496,3.0481,3.0486,5
2026-03-17 12:27:00,3.0431,3.0456,3.0431,3.0451,3.0481,3.0506,3.0481,3.0501,7
2026-03-17 12:28:00,3.0441,3.0446,3.0376,3.0376,3.0491,3.0496,3.0426,3.0426,15
2026-03-17 12:29:00,3.0386,3.0386,3.0376,3.0376,3.0436,3.0436,3.0426,3.0426,9
2026-03-17 12:30:00,3.0381,3.0431,3.0381,3.0426,3.0431,3.0481,3.0431,3.0476,8
2026-03-17 12:31:00,3.0431,3.0436,3.0421,3.0426,3.0481,3.0486,3.0471,3.0476,6
2026-03-17 12:32:00,3.0431,3.0446,3.0411,3.0426,3.0481,3.0496,3.0461,3.0476,13
2026-03-17 12:33:00,3.0421,3.0421,3.0376,3.0401,3.0471,3.0471,3.0426,3.0451,23
2026-03-17 12:34:00,3.0406,3.0466,3.0406,3.0466,3.0456,3.0516,3.0456,3.0516,23
2026-03-17 12:35:00,3.0461,3.0461,3.0446,3.0456,3.0511,3.0511,3.0496,3.0506,4
2026-03-17 12:36:00,3.0446,3.0451,3.0431,3.0431,3.0496,3.0501,3.0481,3.0481,13
2026-03-17 12:37:00,3.0436,3.0436,3.0426,3.0436,3.0486,3.0486,3.0476,3.0486,6
2026-03-17 12:38:00,3.0446,3.0476,3.0436,3.0466,3.0496,3.0526,3.0486,3.0516,19
2026-03-17 12:39:00,3.0456,3.0486,3.0426,3.0436,3.0506,3.0536,3.0476,3.0486,21
2026-03-17 12:40:00,3.0431,3.0476,3.0416,3.0456,3.0481,3.0526,3.0466,3.0506,35
2026-03-17 12:41:00,3.0476,3.0476,3.0456,3.0456,3.0526,3.0526,3.0506,3.0506,4
2026-03-17 12:42:00,3.0461,3.0461,3.0401,3.0421,3.0511,3.0511,3.0451,3.0471,17
2026-03-17 12:43:00,3.0426,3.0446,3.0416,3.0441,3.0476,3.0496,3.0466,3.0491,14
2026-03-17 12:44:00,3.0436,3.0516,3.0426,3.0501,3.0486,3.0566,3.0476,3.0551,28
2026-03-17 12:45:00,3.0506,3.0551,3.0506,3.0551,3.0556,3.0601,3.0556,3.0601,17
2026-03-17 12:46:00,3.0556,3.0556,3.0531,3.0546,3.0606,3.0606,3.0581,3.0596,10
2026-03-17 12:47:00,3.0551,3.0566,3.0516,3.0556,3.0601,3.0616,3.0566,3.0606,24
2026-03-17 12:48:00,3.0551,3.0561,3.0471,3.0471,3.0601,3.0611,3.0521,3.0521,28
2026-03-17 12:49:00,3.0466,3.0486,3.0436,3.0436,3.0516,3.0536,3.0486,3.0486,36
2026-03-17 12:50:00,3.0441,3.0496,3.0441,3.0461,3.0491,3.0546,3.0491,3.0511,54
2026-03-17 12:51:00,3.0456,3.0466,3.0426,3.0441,3.0506,3.0516,3.0476,3.0491,18
2026-03-17 12:52:00,3.0446,3.0451,3.0411,3.0446,3.0496,3.0501,3.0461,3.0496,31
2026-03-17 12:53:00,3.0456,3.0466,3.0446,3.0456,3.0506,3.0516,3.0496,3.0506,15
2026-03-17 12:54:00,3.0461,3.0506,3.0456,3.0486,3.0511,3.0556,3.0506,3.0536,26
2026-03-17 12:55:00,3.0481,3.0481,3.0416,3.0441,3.0531,3.0531,3.0466,3.0491,15
2026-03-17 12:56:00,3.0446,3.0446,3.0381,3.0391,3.0496,3.0496,3.0431,3.0441,17
2026-03-17 12:57:00,3.0386,3.0416,3.0381,3.0416,3.0436,3.0466,3.0431,3.0466,18
2026-03-17 12:58:00,3.0421,3.0421,3.0396,3.0396,3.0471,3.0471,3.0446,3.0446,6
2026-03-17 12:59:00,3.0386,3.0421,3.0386,3.0421,3.0436,3.0471,3.0436,3.0471,11
2026-03-17 13:00:00,3.0426,3.0486,3.0361,3.0361,3.0476,3.0536,3.0411,3.0411,52
2026-03-17 13:01:00,3.0376,3.0416,3.0346,3.0396,3.0426,3.0466,3.0396,3.0446,19
2026-03-17 13:02:00,3.0401,3.0406,3.0346,3.0346,3.0451,3.0456,3.0396,3.0396,11
2026-03-17 13:03:00,3.0356,3.0356,3.0236,3.0251,3.0406,3.0406,3.0286,3.0301,36
2026-03-17 13:04:00,3.0256,3.0256,3.0231,3.0256,3.0306,3.0306,3.0281,3.0306,21
2026-03-17 13:05:00,3.0261,3.0261,3.0176,3.0186,3.0311,3.0311,3.0226,3.0236,34
2026-03-17 13:06:00,3.0181,3.0201,3.0161,3.0196,3.0231,3.0251,3.0211,3.0246,45
2026-03-17 13:07:00,3.0201,3.0376,3.0201,3.0356,3.0251,3.0426,3.0251,3.0406,65
2026-03-17 13:08:00,3.0361,3.0361,3.0296,3.0306,3.0411,3.0411,3.0346,3.0356,28
2026-03-17 13:09:00,3.0301,3.0336,3.0286,3.0306,3.0351,3.0386,3.0336,3.0356,19
2026-03-17 13:10:00,3.0316,3.0371,3.0316,3.0316,3.0366,3.0421,3.0366,3.0366,36
2026-03-17 13:11:00,3.0311,3.0466,3.0311,3.0396,3.0361,3.0516,3.0361,3.0446,63
2026-03-17 13:12:00,3.0401,3.0411,3.0356,3.0381,3.0451,3.0461,3.0406,3.0431,31
2026-03-17 13:13:00,3.0376,3.0386,3.0331,3.0386,3.0426,3.0436,3.0381,3.0436,41
2026-03-17 13:14:00,3.0396,3.0536,3.0396,3.0496,3.0446,3.0586,3.0446,3.0546,46
2026-03-17 13:15:00,3.0486,3.0581,3.0486,3.0576,3.0536,3.0631,3.0536,3.0626,49
2026-03-17 13:16:00,3.0586,3.0616,3.0561,3.0616,3.0636,3.0666,3.0611,3.0666,51
2026-03-17 13:17:00,3.0611,3.0616,3.0566,3.0571,3.0661,3.0666,3.0616,3.0621,38
2026-03-17 13:18:00,3.0576,3.0576,3.0526,3.0526,3.0626,3.0626,3.0576,3.0576,24
2026-03-17 13:19:00,3.0531,3.0531,3.0486,3.0516,3.0581,3.0581,3.0536,3.0566,31
2026-03-17 13:20:00,3.0521,3.0546,3.0521,3.0546,3.0571,3.0596,3.0571,3.0596,17
2026-03-17 13:21:00,3.0556,3.0616,3.0556,3.0581,3.0606,3.0666,3.0606,3.0631,46
2026-03-17 13:22:00,3.0596,3.0626,3.0571,3.0586,3.0646,3.0676,3.0621,3.0636,29
2026-03-17 13:23:00,3.0591,3.0601,3.0536,3.0586,3.0641,3.0651,3.0586,3.0636,46
2026-03-17 13:24:00,3.0596,3.0676,3.0596,3.0646,3.0646,3.0726,3.0646,3.0696,62
2026-03-17 13:25:00,3.0636,3.0666,3.0636,3.0641,3.0686,3.0716,3.0686,3.0691,34
2026-03-17 13:26:00,3.0646,3.0691,3.0626,3.0681,3.0696,3.0741,3.0676,3.0731,35
2026-03-17 13:27:00,3.0686,3.0716,3.0656,3.0691,3.0736,3.0766,3.0706,3.0741,46
2026-03-17 13:28:00,3.0696,3.0726,3.0686,3.0711,3.0746,3.0776,3.0736,3.0761,36
2026-03-17 13:29:00,3.0706,3.0796,3.0706,3.0781,3.0756,3.0846,3.0756,3.0831,38
2026-03-17 13:30:00,3.0776,3.0836,3.0756,3.0816,3.0826,3.0886,3.0806,3.0866,62
2026-03-17 13:31:00,3.0821,3.0821,3.0681,3.0736,3.0871,3.0871,3.0731,3.0786,51
2026-03-17 13:32:00,3.0726,3.0751,3.0706,3.0736,3.0776,3.0801,3.0756,3.0786,33
2026-03-17 13:33:00,3.0746,3.0756,3.0696,3.0711,3.0796,3.0806,3.0746,3.0761,41
2026-03-17 13:34:00,3.0721,3.0721,3.0666,3.0696,3.0771,3.0771,3.0716,3.0746,23
2026-03-17 13:35:00,3.0701,3.0716,3.0616,3.0656,3.0751,3.0766,3.0666,3.0706,47
2026-03-17 13:36:00,3.0661,3.0676,3.0586,3.0596,3.0711,3.0726,3.0636,3.0646,35
2026-03-17 13:37:00,3.0601,3.0636,3.0601,3.0626,3.0651,3.0686,3.0651,3.0676,12
2026-03-17 13:38:00,3.0631,3.0656,3.0616,3.0656,3.0681,3.0706,3.0666,3.0706,17
2026-03-17 13:39:00,3.0666,3.0706,3.0631,3.0631,3.0716,3.0756,3.0681,3.0681,25
2026-03-17 13:40:00,3.0626,3.0666,3.0626,3.0666,3.0676,3.0716,3.0676,3.0716,13
2026-03-17 13:41:00,3.0671,3.0686,3.0646,3.0676,3.0721,3.0736,3.0696,3.0726,16
2026-03-17 13:42:00,3.0681,3.0696,3.0666,3.0666,3.0731,3.0746,3.0716,3.0716,12
2026-03-17 13:43:00,3.0671,3.0676,3.0646,3.0666,3.0721,3.0726,3.0696,3.0716,26
2026-03-17 13:44:00,3.0671,3.0676,3.0636,3.0646,3.0721,3.0726,3.0686,3.0696,23
2026-03-17 13:45:00,3.0641,3.0646,3.0606,3.0606,3.0691,3.0696,3.0656,3.0656,20
2026-03-17 13:46:00,3.0611,3.0616,3.0571,3.0611,3.0661,3.0666,3.0621,3.0661,28
2026-03-17 13:47:00,3.0616,3.0636,3.0601,3.0626,3.0666,3.0686,3.0651,3.0676,22
2026-03-17 13:48:00,3.0621,3.0676,3.0621,3.0661,3.0671,3.0726,3.0671,3.0711,21
2026-03-17 13:49:00,3.0676,3.0716,3.0666,3.0676,3.0726,3.0766,3.0716,3.0726,17
2026-03-17 13:50:00,3.0666,3.0686,3.0646,3.0676,3.0716,3.0736,3.0696,3.0726,22
2026-03-17 13:51:00,3.0686,3.0716,3.0676,3.0716,3.0736,3.0766,3.0726,3.0766,18
2026-03-17 13:52:00,3.0711,3.0716,3.0676,3.0681,3.0761,3.0766,3.0726,3.0731,16
2026-03-17 13:53:00,3.0686,3.0696,3.0596,3.0626,3.0736,3.0746,3.0646,3.0676,36
2026-03-17 13:54:00,3.0621,3.0621,3.0586,3.0616,3.0671,3.0671,3.0636,3.0666,27
2026-03-17 13:55:00,3.0611,3.0616,3.0586,3.0596,3.0661,3.0666,3.0636,3.0646,19
2026-03-17 13:56:00,3.0591,3.0616,3.0556,3.0616,3.0641,3.0666,3.0606,3.0666,31
2026-03-17 13:57:00,3.0606,3.0616,3.0596,3.0606,3.0656,3.0666,3.0646,3.0656,19
2026-03-17 13:58:00,3.0601,3.0626,3.0601,3.0611,3.0651,3.0676,3.0651,3.0661,19
2026-03-17 13:59:00,3.0601,3.0601,3.0556,3.0576,3.0651,3.0651,3.0606,3.0626,20
2026-03-17 14:00:00,3.0566,3.0616,3.0506,3.0586,3.0616,3.0666,3.0556,3.0636,114
2026-03-17 14:01:00,3.0591,3.0666,3.0576,3.0636,3.0641,3.0716,3.0626,3.0686,84
2026-03-17 14:02:00,3.0641,3.0676,3.0636,3.0636,3.0691,3.0726,3.0686,3.0686,42
2026-03-17 14:03:00,3.0626,3.0696,3.0626,3.0646,3.0676,3.0746,3.0676,3.0696,62
2026-03-17 14:04:00,3.0636,3.0661,3.0586,3.0626,3.0686,3.0711,3.0636,3.0676,46
2026-03-17 14:05:00,3.0616,3.0696,3.0611,3.0631,3.0666,3.0746,3.0661,3.0681,45
2026-03-17 14:06:00,3.0636,3.0656,3.0596,3.0646,3.0686,3.0706,3.0646,3.0696,46
2026-03-17 14:07:00,3.0656,3.0666,3.0606,3.0611,3.0706,3.0716,3.0656,3.0661,32
2026-03-17 14:08:00,3.0606,3.0681,3.0566,3.0666,3.0656,3.0731,3.0616,3.0716,49
2026-03-17 14:09:00,3.0671,3.0696,3.0616,3.0626,3.0721,3.0746,3.0666,3.0676,52
2026-03-17 14:10:00,3.0616,3.0641,3.0611,3.0636,3.0666,3.0691,3.0661,3.0686,14
2026-03-17 14:11:00,3.0641,3.0661,3.0596,3.0601,3.0691,3.0711,3.0646,3.0651,54
2026-03-17 14:12:00,3.0606,3.0611,3.0571,3.0596,3.0656,3.0661,3.0621,3.0646,28
2026-03-17 14:13:00,3.0601,3.0636,3.0576,3.0616,3.0651,3.0686,3.0626,3.0666,40
2026-03-17 14:14:00,3.0626,3.0636,3.0596,3.0611,3.0676,3.0686,3.0646,3.0661,22
2026-03-17 14:15:00,3.0616,3.0686,3.0576,3.0661,3.0666,3.0736,3.0626,3.0711,49
2026-03-17 14:16:00,3.0656,3.0671,3.0651,3.0656,3.0706,3.0721,3.0701,3.0706,10
2026-03-17 14:17:00,3.0651,3.0786,3.0646,3.0766,3.0701,3.0836,3.0696,3.0816,58
2026-03-17 14:18:00,3.0776,3.0796,3.0736,3.0746,3.0826,3.0846,3.0786,3.0796,56
2026-03-17 14:19:00,3.0751,3.0796,3.0726,3.0751,3.0801,3.0846,3.0776,3.0801,49
2026-03-17 14:20:00,3.0756,3.0776,3.0741,3.0746,3.0806,3.0826,3.0791,3.0796,41
2026-03-17 14:21:00,3.0751,3.0766,3.0736,3.0766,3.0801,3.0816,3.0786,3.0816,26
2026-03-17 14:22:00,3.0776,3.0786,3.0766,3.0781,3.0826,3.0836,3.0816,3.0831,20
2026-03-17 14:23:00,3.0786,3.0806,3.0766,3.0781,3.0836,3.0856,3.0816,3.0831,26
2026-03-17 14:24:00,3.0776,3.0816,3.0776,3.0801,3.0826,3.0866,3.0826,3.0851,25
2026-03-17 14:25:00,3.0796,3.0796,3.0736,3.0741,3.0846,3.0846,3.0786,3.0791,47
2026-03-17 14:26:00,3.0736,3.0746,3.0696,3.0736,3.0786,3.0796,3.0746,3.0786,27
2026-03-17 14:27:00,3.0731,3.0741,3.0711,3.0726,3.0781,3.0791,3.0761,3.0776,18
2026-03-17 14:28:00,3.0721,3.0736,3.0696,3.0706,3.0771,3.0786,3.0746,3.0756,20
2026-03-17 14:29:00,3.0716,3.0746,3.0696,3.0701,3.0766,3.0796,3.0746,3.0751,52
2026-03-17 14:30:00,3.0696,3.0706,3.0636,3.0646,3.0746,3.0756,3.0686,3.0696,44
2026-03-17 14:31:00,3.0651,3.0731,3.0651,3.0726,3.0701,3.0781,3.0701,3.0776,47
2026-03-17 14:32:00,3.0716,3.0731,3.0646,3.0666,3.0766,3.0781,3.0696,3.0716,45
2026-03-17 14:33:00,3.0671,3.0706,3.0666,3.0686,3.0721,3.0756,3.0716,3.0736,24
2026-03-17 14:34:00,3.0676,3.0681,3.0636,3.0641,3.0726,3.0731,3.0686,3.0691,29
2026-03-17 14:35:00,3.0646,3.0646,3.0586,3.0606,3.0696,3.0696,3.0636,3.0656,44
2026-03-17 14:36:00,3.0601,3.0616,3.0576,3.0601,3.0651,3.0666,3.0626,3.0651,37
2026-03-17 14:37:00,3.0596,3.0606,3.0576,3.0581,3.0646,3.0656,3.0626,3.0631,41
2026-03-17 14:38:00,3.0586,3.0616,3.0571,3.0591,3.0636,3.0666,3.0621,3.0641,30
2026-03-17 14:39:00,3.0586,3.0596,3.0536,3.0536,3.0636,3.0646,3.0586,3.0586,28
2026-03-17 14:40:00,3.0541,3.0556,3.0446,3.0446,3.0591,3.0606,3.0496,3.0496,56
2026-03-17 14:41:00,3.0451,3.0451,3.0406,3.0406,3.0501,3.0501,3.0456,3.0456,57
2026-03-17 14:42:00,3.0411,3.0456,3.0396,3.0456,3.0461,3.0506,3.0446,3.0506,37
2026-03-17 14:43:00,3.0451,3.0476,3.0436,3.0451,3.0501,3.0526,3.0486,3.0501,22
2026-03-17 14:44:00,3.0446,3.0466,3.0436,3.0456,3.0496,3.0516,3.0486,3.0506,15
2026-03-17 14:45:00,3.0451,3.0456,3.0386,3.0396,3.0501,3.0506,3.0436,3.0446,30
2026-03-17 14:46:00,3.0386,3.0441,3.0386,3.0436,3.0436,3.0491,3.0436,3.0486,49
2026-03-17 14:47:00,3.0431,3.0466,3.0426,3.0456,3.0481,3.0516,3.0476,3.0506,45
2026-03-17 14:48:00,3.0451,3.0466,3.0426,3.0466,3.0501,3.0516,3.0476,3.0516,29
2026-03-17 14:49:00,3.0471,3.0606,3.0466,3.0586,3.0521,3.0656,3.0516,3.0636,76
2026-03-17 14:50:00,3.0606,3.0706,3.0601,3.0676,3.0656,3.0756,3.0651,3.0726,44
2026-03-17 14:51:00,3.0681,3.0696,3.0661,3.0681,3.0731,3.0746,3.0711,3.0731,39
2026-03-17 14:52:00,3.0676,3.0696,3.0636,3.0651,3.0726,3.0746,3.0686,3.0701,32
2026-03-17 14:53:00,3.0641,3.0671,3.0636,3.0646,3.0691,3.0721,3.0686,3.0696,23
2026-03-17 14:54:00,3.0656,3.0666,3.0626,3.0636,3.0706,3.0716,3.0676,3.0686,18
2026-03-17 14:55:00,3.0631,3.0646,3.0626,3.0641,3.0681,3.0696,3.0676,3.0691,19
2026-03-17 14:56:00,3.0636,3.0661,3.0621,3.0626,3.0686,3.0711,3.0671,3.0676,30
2026-03-17 14:57:00,3.0631,3.0636,3.0616,3.0621,3.0681,3.0686,3.0666,3.0671,20
2026-03-17 14:58:00,3.0626,3.0656,3.0596,3.0626,3.0676,3.0706,3.0646,3.0676,26
2026-03-17 14:59:00,3.0621,3.0631,3.0596,3.0621,3.0671,3.0681,3.0646,3.0671,27
2026-03-17 15:00:00,3.0616,3.0626,3.0566,3.0566,3.0666,3.0676,3.0616,3.0616,49
2026-03-17 15:01:00,3.0556,3.0601,3.0546,3.0576,3.0606,3.0651,3.0596,3.0626,39
2026-03-17 15:02:00,3.0571,3.0581,3.0516,3.0556,3.0621,3.0631,3.0566,3.0606,46
2026-03-17 15:03:00,3.0551,3.0571,3.0536,3.0556,3.0601,3.0621,3.0586,3.0606,43
2026-03-17 15:04:00,3.0566,3.0581,3.0526,3.0531,3.0616,3.0631,3.0576,3.0581,23
2026-03-17 15:05:00,3.0536,3.0546,3.0496,3.0536,3.0586,3.0596,3.0546,3.0586,42
2026-03-17 15:06:00,3.0531,3.0536,3.0456,3.0466,3.0581,3.0586,3.0506,3.0516,32
2026-03-17 15:07:00,3.0471,3.0496,3.0466,3.0486,3.0521,3.0546,3.0516,3.0536,12
2026-03-17 15:08:00,3.0476,3.0506,3.0461,3.0486,3.0526,3.0556,3.0511,3.0536,27
2026-03-17 15:09:00,3.0496,3.0526,3.0496,3.0506,3.0546,3.0576,3.0546,3.0556,16
2026-03-17 15:10:00,3.0516,3.0536,3.0506,3.0506,3.0566,3.0586,3.0556,3.0556,18
2026-03-17 15:11:00,3.0516,3.0546,3.0516,3.0536,3.0566,3.0596,3.0566,3.0586,16
2026-03-17 15:12:00,3.0531,3.0566,3.0506,3.0566,3.0581,3.0616,3.0556,3.0616,32
2026-03-17 15:13:00,3.0576,3.0581,3.0526,3.0546,3.0626,3.0631,3.0576,3.0596,35
2026-03-17 15:14:00,3.0541,3.0586,3.0541,3.0576,3.0591,3.0636,3.0591,3.0626,18
2026-03-17 15:15:00,3.0581,3.0616,3.0576,3.0616,3.0631,3.0666,3.0626,3.0666,23
2026-03-17 15:16:00,3.0626,3.0636,3.0596,3.0626,3.0676,3.0686,3.0646,3.0676,30
2026-03-17 15:17:00,3.0621,3.0646,3.0616,3.0636,3.0671,3.0696,3.0666,3.0686,19
2026-03-17 15:18:00,3.0641,3.0666,3.0626,3.0651,3.0691,3.0716,3.0676,3.0701,21
2026-03-17 15:19:00,3.0636,3.0661,3.0621,3.0621,3.0686,3.0711,3.0671,3.0671,36
2026-03-17 15:20:00,3.0626,3.0636,3.0606,3.0616,3.0676,3.0686,3.0656,3.0666,21
2026-03-17 15:21:00,3.0621,3.0626,3.0596,3.0606,3.0671,3.0676,3.0646,3.0656,19
2026-03-17 15:22:00,3.0616,3.0631,3.0616,3.0626,3.0666,3.0681,3.0666,3.0676,4
2026-03-17 15:23:00,3.0631,3.0656,3.0626,3.0626,3.0681,3.0706,3.0676,3.0676,23
2026-03-17 15:24:00,3.0621,3.0626,3.0596,3.0596,3.0671,3.0676,3.0646,3.0646,17
2026-03-17 15:25:00,3.0591,3.0591,3.0541,3.0561,3.0641,3.0641,3.0591,3.0611,33
2026-03-17 15:26:00,3.0566,3.0566,3.0546,3.0551,3.0616,3.0616,3.0596,3.0601,8
2026-03-17 15:27:00,3.0566,3.0606,3.0566,3.0596,3.0616,3.0656,3.0616,3.0646,22
2026-03-17 15:28:00,3.0586,3.0591,3.0566,3.0566,3.0636,3.0641,3.0616,3.0616,18
2026-03-17 15:29:00,3.0576,3.0586,3.0516,3.0526,3.0626,3.0636,3.0566,3.0576,29
2026-03-17 15:30:00,3.0531,3.0536,3.0441,3.0456,3.0581,3.0586,3.0491,3.0506,36
2026-03-17 15:31:00,3.0461,3.0486,3.0456,3.0466,3.0511,3.0536,3.0506,3.0516,21
2026-03-17 15:32:00,3.0461,3.0496,3.0451,3.0466,3.0511,3.0546,3.0501,3.0516,30
2026-03-17 15:33:00,3.0471,3.0576,3.0471,3.0551,3.0521,3.0626,3.0521,3.0601,46
2026-03-17 15:34:00,3.0556,3.0566,3.0551,3.0566,3.0606,3.0616,3.0601,3.0616,6
2026-03-17 15:35:00,3.0561,3.0566,3.0446,3.0456,3.0611,3.0616,3.0496,3.0506,38
2026-03-17 15:36:00,3.0451,3.0456,3.0366,3.0416,3.0501,3.0506,3.0416,3.0466,53
2026-03-17 15:37:00,3.0411,3.0446,3.0406,3.0421,3.0461,3.0496,3.0456,3.0471,35
2026-03-17 15:38:00,3.0426,3.0431,3.0396,3.0406,3.0476,3.0481,3.0446,3.0456,34
2026-03-17 15:39:00,3.0401,3.0406,3.0376,3.0376,3.0451,3.0456,3.0426,3.0426,21
2026-03-17 15:40:00,3.0371,3.0406,3.0346,3.0406,3.0421,3.0456,3.0396,3.0456,34
2026-03-17 15:41:00,3.0401,3.0436,3.0396,3.0411,3.0451,3.0486,3.0446,3.0461,22
2026-03-17 15:42:00,3.0401,3.0431,3.0386,3.0391,3.0451,3.0481,3.0436,3.0441,24
2026-03-17 15:43:00,3.0386,3.0406,3.0326,3.0331,3.0436,3.0456,3.0376,3.0381,37
2026-03-17 15:44:00,3.0326,3.0341,3.0311,3.0341,3.0376,3.0391,3.0361,3.0391,24
2026-03-17 15:45:00,3.0346,3.0346,3.0296,3.0316,3.0396,3.0396,3.0346,3.0366,43
2026-03-17 15:46:00,3.0306,3.0356,3.0301,3.0341,3.0356,3.0406,3.0351,3.0391,36
2026-03-17 15:47:00,3.0351,3.0366,3.0336,3.0336,3.0401,3.0416,3.0386,3.0386,30
2026-03-17 15:48:00,3.0341,3.0366,3.0336,3.0351,3.0391,3.0416,3.0386,3.0401,23
2026-03-17 15:49:00,3.0346,3.0356,3.0226,3.0236,3.0396,3.0406,3.0276,3.0286,48
2026-03-17 15:50:00,3.0226,3.0246,3.0216,3.0246,3.0276,3.0296,3.0266,3.0296,26
2026-03-17 15:51:00,3.0236,3.0256,3.0216,3.0216,3.0286,3.0306,3.0266,3.0266,44
2026-03-17 15:52:00,3.0211,3.0226,3.0196,3.0206,3.0261,3.0276,3.0246,3.0256,29
2026-03-17 15:53:00,3.0211,3.0216,3.0196,3.0206,3.0261,3.0266,3.0246,3.0256,14
2026-03-17 15:54:00,3.0211,3.0256,3.0206,3.0231,3.0261,3.0306,3.0256,3.0281,37
2026-03-17 15:55:00,3.0226,3.0276,3.0226,3.0236,3.0276,3.0326,3.0276,3.0286,25
2026-03-17 15:56:00,3.0226,3.0276,3.0216,3.0256,3.0276,3.0326,3.0266,3.0306,44
2026-03-17 15:57:00,3.0251,3.0266,3.0236,3.0266,3.0301,3.0316,3.0286,3.0316,25
2026-03-17 15:58:00,3.0256,3.0266,3.0251,3.0266,3.0306,3.0316,3.0301,3.0316,13
2026-03-17 15:59:00,3.0261,3.0271,3.0231,3.0236,3.0311,3.0321,3.0281,3.0286,17
2026-03-17 16:00:00,3.0241,3.0276,3.0236,3.0251,3.0291,3.0326,3.0286,3.0301,26
2026-03-17 16:01:00,3.0246,3.0286,3.0246,3.0276,3.0296,3.0336,3.0296,3.0326,35
2026-03-17 16:02:00,3.0281,3.0326,3.0281,3.0291,3.0331,3.0376,3.0331,3.0341,31
2026-03-17 16:03:00,3.0286,3.0336,3.0286,3.0316,3.0336,3.0386,3.0336,3.0366,33
2026-03-17 16:04:00,3.0311,3.0346,3.0296,3.0326,3.0361,3.0396,3.0346,3.0376,33
2026-03-17 16:05:00,3.0316,3.0346,3.0316,3.0336,3.0366,3.0396,3.0366,3.0386,21
2026-03-17 16:06:00,3.0331,3.0336,3.0316,3.0326,3.0381,3.0386,3.0366,3.0376,20
2026-03-17 16:07:00,3.0321,3.0331,3.0296,3.0311,3.0371,3.0381,3.0346,3.0361,14
2026-03-17 16:08:00,3.0306,3.0326,3.0301,3.0316,3.0356,3.0376,3.0351,3.0366,18
2026-03-17 16:09:00,3.0326,3.0326,3.0296,3.0296,3.0376,3.0376,3.0346,3.0346,14
2026-03-17 16:10:00,3.0301,3.0316,3.0286,3.0306,3.0351,3.0366,3.0336,3.0356,34
2026-03-17 16:11:00,3.0311,3.0326,3.0286,3.0321,3.0361,3.0376,3.0336,3.0371,26
2026-03-17 16:12:00,3.0326,3.0326,3.0296,3.0301,3.0376,3.0376,3.0346,3.0351,11
2026-03-17 16:13:00,3.0306,3.0316,3.0296,3.0296,3.0356,3.0366,3.0346,3.0346,15
2026-03-17 16:14:00,3.0301,3.0326,3.0296,3.0311,3.0351,3.0376,3.0346,3.0361,15
2026-03-17 16:15:00,3.0306,3.0306,3.0236,3.0246,3.0356,3.0356,3.0286,3.0296,32
2026-03-17 16:16:00,3.0251,3.0296,3.0251,3.0276,3.0301,3.0346,3.0301,3.0326,25
2026-03-17 16:17:00,3.0271,3.0276,3.0256,3.0256,3.0321,3.0326,3.0306,3.0306,20
2026-03-17 16:18:00,3.0246,3.0316,3.0246,3.0296,3.0296,3.0366,3.0296,3.0346,28
2026-03-17 16:19:00,3.0306,3.0316,3.0296,3.0316,3.0356,3.0366,3.0346,3.0366,23
2026-03-17 16:20:00,3.0306,3.0336,3.0306,3.0316,3.0356,3.0386,3.0356,3.0366,20
2026-03-17 16:21:00,3.0311,3.0336,3.0301,3.0306,3.0361,3.0386,3.0351,3.0356,27
2026-03-17 16:22:00,3.0311,3.0321,3.0286,3.0296,3.0361,3.0371,3.0336,3.0346,19
2026-03-17 16:23:00,3.0306,3.0316,3.0276,3.0316,3.0356,3.0366,3.0326,3.0366,25
2026-03-17 16:24:00,3.0321,3.0336,3.0296,3.0326,3.0371,3.0386,3.0346,3.0376,28
2026-03-17 16:25:00,3.0331,3.0336,3.0276,3.0276,3.0381,3.0386,3.0326,3.0326,22
2026-03-17 16:26:00,3.0271,3.0281,3.0251,3.0266,3.0321,3.0331,3.0301,3.0316,19
2026-03-17 16:27:00,3.0261,3.0281,3.0261,3.0276,3.0311,3.0331,3.0311,3.0326,9
2026-03-17 16:28:00,3.0271,3.0286,3.0246,3.0286,3.0321,3.0336,3.0296,3.0336,20
2026-03-17 16:29:00,3.0276,3.0276,3.0266,3.0266,3.0326,3.0326,3.0316,3.0316,5
2026-03-17 16:30:00,3.0261,3.0276,3.0216,3.0216,3.0311,3.0326,3.0266,3.0266,30
2026-03-17 16:31:00,3.0226,3.0311,3.0226,3.0306,3.0276,3.0361,3.0276,3.0356,26
2026-03-17 16:32:00,3.0301,3.0366,3.0296,3.0366,3.0351,3.0416,3.0346,3.0416,32
2026-03-17 16:33:00,3.0371,3.0371,3.0326,3.0336,3.0421,3.0421,3.0376,3.0386,15
2026-03-17 16:34:00,3.0331,3.0336,3.0306,3.0306,3.0381,3.0386,3.0356,3.0356,14
2026-03-17 16:35:00,3.0311,3.0341,3.0306,3.0331,3.0361,3.0391,3.0356,3.0381,22
2026-03-17 16:36:00,3.0321,3.0326,3.0296,3.0326,3.0371,3.0376,3.0346,3.0376,23
2026-03-17 16:37:00,3.0331,3.0341,3.0316,3.0326,3.0381,3.0391,3.0366,3.0376,11
2026-03-17 16:38:00,3.0321,3.0366,3.0316,3.0366,3.0371,3.0416,3.0366,3.0416,29
2026-03-17 16:39:00,3.0361,3.0376,3.0326,3.0331,3.0411,3.0426,3.0376,3.0381,13
2026-03-17 16:40:00,3.0336,3.0336,3.0216,3.0231,3.0386,3.0386,3.0266,3.0281,26
2026-03-17 16:41:00,3.0226,3.0256,3.0216,3.0226,3.0276,3.0306,3.0266,3.0276,27
2026-03-17 16:42:00,3.0236,3.0246,3.0216,3.0226,3.0286,3.0296,3.0266,3.0276,18
2026-03-17 16:43:00,3.0221,3.0236,3.0216,3.0226,3.0271,3.0286,3.0266,3.0276,17
2026-03-17 16:44:00,3.0221,3.0236,3.0206,3.0221,3.0271,3.0286,3.0256,3.0271,34
2026-03-17 16:45:00,3.0216,3.0246,3.0216,3.0226,3.0266,3.0296,3.0266,3.0276,13
2026-03-17 16:46:00,3.0216,3.0226,3.0166,3.0186,3.0266,3.0276,3.0216,3.0236,36
2026-03-17 16:47:00,3.0196,3.0206,3.0166,3.0176,3.0246,3.0256,3.0216,3.0226,30
2026-03-17 16:48:00,3.0186,3.0221,3.0186,3.0216,3.0236,3.0271,3.0236,3.0266,26
2026-03-17 16:49:00,3.0211,3.0226,3.0096,3.0096,3.0261,3.0276,3.0146,3.0146,59
2026-03-17 16:50:00,3.0086,3.0176,3.0086,3.0161,3.0136,3.0226,3.0136,3.0211,49
2026-03-17 16:51:00,3.0156,3.0176,3.0146,3.0166,3.0206,3.0226,3.0196,3.0216,17
2026-03-17 16:52:00,3.0176,3.0226,3.0176,3.0206,3.0226,3.0276,3.0226,3.0256,15
2026-03-17 16:53:00,3.0216,3.0236,3.0216,3.0226,3.0266,3.0286,3.0266,3.0276,11
2026-03-17 16:54:00,3.0221,3.0246,3.0206,3.0216,3.0271,3.0296,3.0256,3.0266,24
2026-03-17 16:55:00,3.0211,3.0271,3.0186,3.0251,3.0261,3.0321,3.0236,3.0301,33
2026-03-17 16:56:00,3.0246,3.0266,3.0246,3.0266,3.0296,3.0316,3.0296,3.0316,8
2026-03-17 16:57:00,3.0261,3.0276,3.0246,3.0276,3.0311,3.0326,3.0296,3.0326,22
2026-03-17 16:58:00,3.0286,3.0306,3.0276,3.0296,3.0336,3.0356,3.0326,3.0346,24
2026-03-17 16:59:00,3.0286,3.0326,3.0286,3.0326,3.0336,3.0376,3.0336,3.0376,17
2026-03-17 17:00:00,3.0321,3.0326,3.0286,3.0296,3.0371,3.0376,3.0336,3.0346,20
2026-03-17 17:01:00,3.0291,3.0296,3.0256,3.0276,3.0341,3.0346,3.0306,3.0326,23
2026-03-17 17:02:00,3.0281,3.0316,3.0281,3.0316,3.0331,3.0366,3.0331,3.0366,13
2026-03-17 17:03:00,3.0321,3.0416,3.0321,3.0416,3.0371,3.0466,3.0371,3.0466,32
2026-03-17 17:04:00,3.0411,3.0446,3.0396,3.0401,3.0461,3.0496,3.0446,3.0451,29
2026-03-17 17:05:00,3.0396,3.0416,3.0356,3.0396,3.0446,3.0466,3.0406,3.0446,45
2026-03-17 17:06:00,3.0391,3.0396,3.0351,3.0356,3.0441,3.0446,3.0401,3.0406,17
2026-03-17 17:07:00,3.0351,3.0371,3.0346,3.0366,3.0401,3.0421,3.0396,3.0416,22
2026-03-17 17:08:00,3.0371,3.0371,3.0296,3.0296,3.0421,3.0421,3.0346,3.0346,38
2026-03-17 17:09:00,3.0301,3.0316,3.0261,3.0266,3.0351,3.0366,3.0311,3.0316,25
2026-03-17 17:10:00,3.0256,3.0256,3.0196,3.0241,3.0306,3.0306,3.0246,3.0291,48
2026-03-17 17:11:00,3.0246,3.0256,3.0226,3.0226,3.0296,3.0306,3.0276,3.0276,28
2026-03-17 17:12:00,3.0221,3.0246,3.0216,3.0216,3.0271,3.0296,3.0266,3.0266,23
2026-03-17 17:13:00,3.0211,3.0306,3.0196,3.0291,3.0261,3.0356,3.0246,3.0341,26
2026-03-17 17:14:00,3.0296,3.0306,3.0266,3.0281,3.0346,3.0356,3.0316,3.0331,16
2026-03-17 17:15:00,3.0276,3.0316,3.0266,3.0316,3.0326,3.0366,3.0316,3.0366,19
2026-03-17 17:16:00,3.0311,3.0311,3.0296,3.0296,3.0361,3.0361,3.0346,3.0346,11
2026-03-17 17:17:00,3.0301,3.0301,3.0266,3.0266,3.0351,3.0351,3.0316,3.0316,10
2026-03-17 17:18:00,3.0271,3.0271,3.0186,3.0186,3.0321,3.0321,3.0236,3.0236,32
2026-03-17 17:19:00,3.0191,3.0196,3.0166,3.0176,3.0241,3.0246,3.0216,3.0226,18
2026-03-17 17:20:00,3.0181,3.0196,3.0171,3.0191,3.0231,3.0246,3.0221,3.0241,22
2026-03-17 17:21:00,3.0186,3.0206,3.0176,3.0206,3.0236,3.0256,3.0226,3.0256,14
2026-03-17 17:22:00,3.0201,3.0211,3.0181,3.0186,3.0251,3.0261,3.0231,3.0236,20
2026-03-17 17:23:00,3.0191,3.0196,3.0166,3.0191,3.0241,3.0246,3.0216,3.0241,15
2026-03-17 17:24:00,3.0196,3.0201,3.0136,3.0136,3.0246,3.0251,3.0186,3.0186,36
2026-03-17 17:25:00,3.0141,3.0146,3.0096,3.0116,3.0191,3.0196,3.0146,3.0166,43
2026-03-17 17:26:00,3.0111,3.0126,3.0091,3.0116,3.0161,3.0176,3.0141,3.0166,35
2026-03-17 17:27:00,3.0111,3.0156,3.0106,3.0111,3.0161,3.0206,3.0156,3.0161,35
2026-03-17 17:28:00,3.0106,3.0131,3.0106,3.0131,3.0156,3.0181,3.0156,3.0181,31
2026-03-17 17:29:00,3.0126,3.0126,3.0056,3.0066,3.0176,3.0176,3.0106,3.0116,52
2026-03-17 17:30:00,3.0061,3.0066,3.0006,3.0031,3.0111,3.0116,3.0056,3.0081,50
2026-03-17 17:31:00,3.0036,3.0166,3.0036,3.0151,3.0086,3.0216,3.0086,3.0201,36
2026-03-17 17:32:00,3.0146,3.0181,3.0126,3.0131,3.0196,3.0231,3.0176,3.0181,32
2026-03-17 17:33:00,3.0136,3.0191,3.0136,3.0171,3.0186,3.0241,3.0186,3.0221,29
2026-03-17 17:34:00,3.0166,3.0196,3.0146,3.0166,3.0216,3.0246,3.0196,3.0216,26
2026-03-17 17:35:00,3.0161,3.0166,3.0141,3.0166,3.0211,3.0216,3.0191,3.0216,24
2026-03-17 17:36:00,3.0161,3.0191,3.0146,3.0186,3.0211,3.0241,3.0196,3.0236,18
2026-03-17 17:37:00,3.0181,3.0226,3.0176,3.0216,3.0231,3.0276,3.0226,3.0266,22
2026-03-17 17:38:00,3.0226,3.0236,3.0151,3.0181,3.0276,3.0286,3.0201,3.0231,31
2026-03-17 17:39:00,3.0176,3.0196,3.0171,3.0186,3.0226,3.0246,3.0221,3.0236,20
2026-03-17 17:40:00,3.0191,3.0226,3.0176,3.0226,3.0241,3.0276,3.0226,3.0276,18
2026-03-17 17:41:00,3.0246,3.0261,3.0211,3.0211,3.0296,3.0311,3.0261,3.0261,15
2026-03-17 17:42:00,3.0206,3.0206,3.0156,3.0156,3.0256,3.0256,3.0206,3.0206,22
2026-03-17 17:43:00,3.0161,3.0186,3.0156,3.0186,3.0211,3.0236,3.0206,3.0236,15
2026-03-17 17:44:00,3.0176,3.0186,3.0176,3.0181,3.0226,3.0236,3.0226,3.0231,5
2026-03-17 17:45:00,3.0186,3.0196,3.0176,3.0181,3.0236,3.0246,3.0226,3.0231,16
2026-03-17 17:46:00,3.0186,3.0186,3.0136,3.0156,3.0236,3.0236,3.0186,3.0206,24
2026-03-17 17:47:00,3.0151,3.0216,3.0146,3.0216,3.0201,3.0266,3.0196,3.0266,27
2026-03-17 17:48:00,3.0206,3.0216,3.0186,3.0196,3.0256,3.0266,3.0236,3.0246,27
2026-03-17 17:49:00,3.0186,3.0201,3.0186,3.0201,3.0236,3.0251,3.0236,3.0251,8
2026-03-17 17:50:00,3.0206,3.0221,3.0176,3.0176,3.0256,3.0271,3.0226,3.0226,24
2026-03-17 17:51:00,3.0181,3.0206,3.0176,3.0206,3.0231,3.0256,3.0226,3.0256,19
2026-03-17 17:52:00,3.0201,3.0226,3.0186,3.0206,3.0251,3.0276,3.0236,3.0256,16
2026-03-17 17:53:00,3.0211,3.0216,3.0201,3.0201,3.0261,3.0266,3.0251,3.0251,12
2026-03-17 17:54:00,3.0196,3.0241,3.0196,3.0236,3.0246,3.0291,3.0246,3.0286,15
2026-03-17 17:55:00,3.0226,3.0231,3.0206,3.0226,3.0276,3.0281,3.0256,3.0276,12
2026-03-17 17:56:00,3.0216,3.0216,3.0196,3.0196,3.0266,3.0266,3.0246,3.0246,7
2026-03-17 17:57:00,3.0191,3.0191,3.0146,3.0166,3.0241,3.0241,3.0196,3.0216,24
2026-03-17 17:58:00,3.0161,3.0186,3.0156,3.0171,3.0211,3.0236,3.0206,3.0221,17
2026-03-17 17:59:00,3.0166,3.0176,3.0141,3.0156,3.0216,3.0226,3.0191,3.0206,19
2026-03-17 18:00:00,3.0161,3.0161,3.0136,3.0151,3.0211,3.0211,3.0186,3.0201,15
2026-03-17 18:01:00,3.0156,3.0171,3.0146,3.0156,3.0206,3.0221,3.0196,3.0206,12
2026-03-17 18:02:00,3.0161,3.0246,3.0161,3.0236,3.0211,3.0296,3.0211,3.0286,37
2026-03-17 18:03:00,3.0231,3.0346,3.0231,3.0286,3.0281,3.0396,3.0281,3.0336,51
2026-03-17 18:04:00,3.0281,3.0296,3.0276,3.0286,3.0331,3.0346,3.0326,3.0336,20
2026-03-17 18:05:00,3.0281,3.0286,3.0226,3.0226,3.0331,3.0336,3.0276,3.0276,21
2026-03-17 18:06:00,3.0236,3.0291,3.0236,3.0246,3.0286,3.0341,3.0286,3.0296,29
2026-03-17 18:07:00,3.0236,3.0246,3.0211,3.0216,3.0286,3.0296,3.0261,3.0266,22
2026-03-17 18:08:00,3.0211,3.0216,3.0181,3.0186,3.0261,3.0266,3.0231,3.0236,12
2026-03-17 18:09:00,3.0181,3.0181,3.0116,3.0136,3.0231,3.0231,3.0166,3.0186,23
2026-03-17 18:10:00,3.0141,3.0146,3.0121,3.0146,3.0191,3.0196,3.0171,3.0196,17
2026-03-17 18:11:00,3.0151,3.0171,3.0121,3.0166,3.0201,3.0221,3.0171,3.0216,16
2026-03-17 18:12:00,3.0171,3.0206,3.0161,3.0206,3.0221,3.0256,3.0211,3.0256,32
2026-03-17 18:13:00,3.0201,3.0211,3.0176,3.0196,3.0251,3.0261,3.0226,3.0246,22
2026-03-17 18:14:00,3.0191,3.0191,3.0156,3.0156,3.0241,3.0241,3.0206,3.0206,10
2026-03-17 18:15:00,3.0151,3.0186,3.0151,3.0166,3.0201,3.0236,3.0201,3.0216,16
2026-03-17 18:16:00,3.0171,3.0176,3.0166,3.0166,3.0221,3.0226,3.0216,3.0216,5
2026-03-17 18:17:00,3.0161,3.0196,3.0156,3.0191,3.0211,3.0246,3.0206,3.0241,28
2026-03-17 18:18:00,3.0186,3.0186,3.0141,3.0146,3.0236,3.0236,3.0191,3.0196,17
2026-03-17 18:19:00,3.0151,3.0151,3.0136,3.0146,3.0201,3.0201,3.0186,3.0196,22
2026-03-17 18:20:00,3.0151,3.0156,3.0126,3.0126,3.0201,3.0206,3.0176,3.0176,18
2026-03-17 18:21:00,3.0136,3.0166,3.0126,3.0151,3.0186,3.0216,3.0176,3.0201,19
2026-03-17 18:22:00,3.0146,3.0166,3.0141,3.0151,3.0196,3.0216,3.0191,3.0201,16
2026-03-17 18:23:00,3.0156,3.0166,3.0146,3.0166,3.0206,3.0216,3.0196,3.0216,5
2026-03-17 18:24:00,3.0161,3.0176,3.0156,3.0171,3.0211,3.0226,3.0206,3.0221,11
2026-03-17 18:25:00,3.0181,3.0186,3.0166,3.0176,3.0231,3.0236,3.0216,3.0226,13
2026-03-17 18:26:00,3.0171,3.0186,3.0171,3.0176,3.0221,3.0236,3.0221,3.0226,17
2026-03-17 18:27:00,3.0166,3.0196,3.0166,3.0176,3.0216,3.0246,3.0216,3.0226,10
2026-03-17 18:28:00,3.0186,3.0196,3.0151,3.0151,3.0236,3.0246,3.0201,3.0201,18
2026-03-17 18:29:00,3.0156,3.0156,3.0136,3.0151,3.0206,3.0206,3.0186,3.0201,19
2026-03-17 18:30:00,3.0146,3.0156,3.0126,3.0126,3.0196,3.0206,3.0176,3.0176,19
2026-03-17 18:31:00,3.0121,3.0146,3.0116,3.0136,3.0171,3.0196,3.0166,3.0186,32
2026-03-17 18:32:00,3.0131,3.0141,3.0086,3.0086,3.0181,3.0191,3.0136,3.0136,30
2026-03-17 18:33:00,3.0096,3.0126,3.0096,3.0126,3.0146,3.0176,3.0146,3.0176,20
2026-03-17 18:34:00,3.0121,3.0146,3.0116,3.0131,3.0171,3.0196,3.0166,3.0181,20
2026-03-17 18:35:00,3.0126,3.0136,3.0126,3.0126,3.0176,3.0186,3.0176,3.0176,5
2026-03-17 18:36:00,3.0136,3.0136,3.0116,3.0116,3.0186,3.0186,3.0166,3.0166,21
2026-03-17 18:37:00,3.0121,3.0121,3.0066,3.0086,3.0171,3.0171,3.0116,3.0136,24
2026-03-17 18:38:00,3.0076,3.0076,3.0046,3.0071,3.0126,3.0126,3.0096,3.0121,43
2026-03-17 18:39:00,3.0066,3.0076,3.0046,3.0056,3.0116,3.0126,3.0096,3.0106,22
2026-03-17 18:40:00,3.0051,3.0066,3.0051,3.0056,3.0101,3.0116,3.0101,3.0106,6
2026-03-17 18:41:00,3.0061,3.0086,3.0061,3.0086,3.0111,3.0136,3.0111,3.0136,10
2026-03-17 18:42:00,3.0091,3.0141,3.0086,3.0136,3.0141,3.0191,3.0136,3.0186,39
2026-03-17 18:43:00,3.0141,3.0146,3.0126,3.0126,3.0191,3.0196,3.0176,3.0176,16
2026-03-17 18:44:00,3.0121,3.0136,3.0121,3.0136,3.0171,3.0186,3.0171,3.0186,21
2026-03-17 18:45:00,3.0146,3.0146,3.0126,3.0136,3.0196,3.0196,3.0176,3.0186,7
2026-03-17 18:46:00,3.0141,3.0146,3.0136,3.0146,3.0191,3.0196,3.0186,3.0196,15
2026-03-17 18:47:00,3.0151,3.0166,3.0146,3.0146,3.0201,3.0216,3.0196,3.0196,4
2026-03-17 18:48:00,3.0156,3.0166,3.0136,3.0141,3.0206,3.0216,3.0186,3.0191,18
2026-03-17 18:49:00,3.0146,3.0146,3.0136,3.0146,3.0196,3.0196,3.0186,3.0196,26
2026-03-17 18:50:00,3.0141,3.0156,3.0126,3.0126,3.0191,3.0206,3.0176,3.0176,16
2026-03-17 18:51:00,3.0136,3.0166,3.0136,3.0166,3.0186,3.0216,3.0186,3.0216,13
2026-03-17 18:52:00,3.0161,3.0176,3.0161,3.0171,3.0211,3.0226,3.0211,3.0221,17
2026-03-17 18:53:00,3.0176,3.0176,3.0146,3.0146,3.0226,3.0226,3.0196,3.0196,8
2026-03-17 18:54:00,3.0136,3.0136,3.0101,3.0116,3.0186,3.0186,3.0151,3.0166,10
2026-03-17 18:55:00,3.0111,3.0146,3.0096,3.0136,3.0161,3.0196,3.0146,3.0186,25
2026-03-17 18:56:00,3.0146,3.0146,3.0116,3.0116,3.0196,3.0196,3.0166,3.0166,15
2026-03-17 18:57:00,3.0121,3.0121,3.0076,3.0086,3.0171,3.0171,3.0126,3.0136,20
2026-03-17 18:58:00,3.0096,3.0106,3.0086,3.0096,3.0146,3.0156,3.0136,3.0146,6
2026-03-17 18:59:00,3.0091,3.0091,3.0076,3.0076,3.0141,3.0141,3.0126,3.0126,3
2026-03-17 19:00:00,3.0066,3.0096,3.0066,3.0066,3.0116,3.0146,3.0116,3.0116,18
2026-03-17 19:01:00,3.0061,3.0071,3.0056,3.0066,3.0111,3.0121,3.0106,3.0116,17
2026-03-17 19:02:00,3.0071,3.0076,3.0016,3.0016,3.0121,3.0126,3.0066,3.0066,23
2026-03-17 19:03:00,3.0026,3.0066,3.0021,3.0066,3.0076,3.0116,3.0071,3.0116,28
2026-03-17 19:04:00,3.0061,3.0086,3.0056,3.0076,3.0111,3.0136,3.0106,3.0126,8
2026-03-17 19:05:00,3.0086,3.0086,3.0066,3.0066,3.0136,3.0136,3.0116,3.0116,15
2026-03-17 19:06:00,3.0056,3.0061,3.0036,3.0046,3.0106,3.0111,3.0086,3.0096,16
2026-03-17 19:07:00,3.0036,3.0046,3.0036,3.0046,3.0086,3.0096,3.0086,3.0096,3
2026-03-17 19:08:00,3.0051,3.0071,3.0046,3.0046,3.0101,3.0121,3.0096,3.0096,12
2026-03-17 19:09:00,3.0056,3.0061,3.0046,3.0046,3.0106,3.0111,3.0096,3.0096,15
2026-03-17 19:10:00,3.0036,3.0056,3.0016,3.0056,3.0086,3.0106,3.0066,3.0106,23
2026-03-17 19:11:00,3.0046,3.0056,3.0016,3.0031,3.0096,3.0106,3.0066,3.0081,18
2026-03-17 19:12:00,3.0026,3.0026,3.0016,3.0026,3.0076,3.0076,3.0066,3.0076,15
2026-03-17 19:13:00,3.0031,3.0091,3.0026,3.0086,3.0081,3.0141,3.0076,3.0136,27
2026-03-17 19:14:00,3.0091,3.0106,3.0076,3.0096,3.0141,3.0156,3.0126,3.0146,27
2026-03-17 19:15:00,3.0091,3.0101,3.0076,3.0096,3.0141,3.0151,3.0126,3.0146,24
2026-03-17 19:16:00,3.0086,3.0106,3.0086,3.0106,3.0136,3.0156,3.0136,3.0156,8
2026-03-17 19:17:00,3.0101,3.0136,3.0101,3.0116,3.0151,3.0186,3.0151,3.0166,15
2026-03-17 19:18:00,3.0111,3.0116,3.0106,3.0116,3.0161,3.0166,3.0156,3.0166,18
2026-03-17 19:19:00,3.0111,3.0121,3.0096,3.0121,3.0161,3.0171,3.0146,3.0171,9
2026-03-17 19:20:00,3.0126,3.0131,3.0106,3.0116,3.0176,3.0181,3.0156,3.0166,12
2026-03-17 19:21:00,3.0121,3.0166,3.0111,3.0121,3.0171,3.0216,3.0161,3.0171,23
2026-03-17 19:22:00,3.0116,3.0141,3.0106,3.0121,3.0166,3.0191,3.0156,3.0171,12
2026-03-17 19:23:00,3.0126,3.0146,3.0126,3.0126,3.0176,3.0196,3.0176,3.0176,22
2026-03-17 19:24:00,3.0121,3.0156,3.0116,3.0151,3.0171,3.0206,3.0166,3.0201,15
2026-03-17 19:25:00,3.0156,3.0156,3.0126,3.0126,3.0206,3.0206,3.0176,3.0176,17
2026-03-17 19:26:00,3.0131,3.0146,3.0116,3.0146,3.0181,3.0196,3.0166,3.0196,18
2026-03-17 19:27:00,3.0141,3.0186,3.0126,3.0166,3.0191,3.0236,3.0176,3.0216,25
2026-03-17 19:28:00,3.0171,3.0236,3.0126,3.0216,3.0221,3.0286,3.0176,3.0266,76
2026-03-17 19:29:00,3.0221,3.0226,3.0181,3.0196,3.0271,3.0276,3.0231,3.0246,68
2026-03-17 19:30:00,3.0191,3.0196,3.0146,3.0166,3.0241,3.0246,3.0196,3.0216,30
2026-03-17 19:31:00,3.0161,3.0176,3.0146,3.0171,3.0211,3.0226,3.0196,3.0221,34
2026-03-17 19:32:00,3.0176,3.0226,3.0176,3.0226,3.0226,3.0276,3.0226,3.0276,29
2026-03-17 19:33:00,3.0221,3.0296,3.0216,3.0291,3.0271,3.0346,3.0266,3.0341,23
2026-03-17 19:34:00,3.0296,3.0341,3.0286,3.0331,3.0346,3.0391,3.0336,3.0381,36
2026-03-17 19:35:00,3.0336,3.0356,3.0251,3.0251,3.0386,3.0406,3.0301,3.0301,50
2026-03-17 19:36:00,3.0261,3.0261,3.0236,3.0246,3.0311,3.0311,3.0286,3.0296,12
2026-03-17 19:37:00,3.0241,3.0241,3.0206,3.0216,3.0291,3.0291,3.0256,3.0266,15
2026-03-17 19:38:00,3.0206,3.0211,3.0196,3.0196,3.0256,3.0261,3.0246,3.0246,9
2026-03-17 19:39:00,3.0186,3.0196,3.0176,3.0176,3.0236,3.0246,3.0226,3.0226,18
2026-03-17 19:40:00,3.0181,3.0231,3.0176,3.0226,3.0231,3.0281,3.0226,3.0276,13
2026-03-17 19:42:00,3.0231,3.0246,3.0226,3.0236,3.0281,3.0296,3.0276,3.0286,8
2026-03-17 19:43:00,3.0231,3.0236,3.0226,3.0226,3.0281,3.0286,3.0276,3.0276,4
2026-03-17 19:45:00,3.0236,3.0261,3.0236,3.0261,3.0286,3.0311,3.0286,3.0311,9
2026-03-17 19:46:00,3.0256,3.0291,3.0256,3.0286,3.0306,3.0341,3.0306,3.0336,19
2026-03-17 19:47:00,3.0281,3.0286,3.0256,3.0266,3.0331,3.0336,3.0306,3.0316,13
2026-03-17 19:48:00,3.0256,3.0261,3.0236,3.0256,3.0306,3.0311,3.0286,3.0306,12
2026-03-17 19:49:00,3.0251,3.0251,3.0231,3.0241,3.0301,3.0301,3.0281,3.0291,6
2026-03-17 19:50:00,3.0246,3.0246,3.0226,3.0226,3.0296,3.0296,3.0276,3.0276,3
2026-03-17 19:51:00,3.0236,3.0246,3.0236,3.0246,3.0286,3.0296,3.0286,3.0296,16
2026-03-17 19:52:00,3.0241,3.0246,3.0236,3.0246,3.0291,3.0296,3.0286,3.0296,4
2026-03-17 19:53:00,3.0251,3.0256,3.0236,3.0256,3.0301,3.0306,3.0286,3.0306,9
2026-03-17 19:54:00,3.0261,3.0261,3.0236,3.0246,3.0311,3.0311,3.0286,3.0296,9
2026-03-17 19:55:00,3.0241,3.0246,3.0236,3.0236,3.0291,3.0296,3.0286,3.0286,8
2026-03-17 19:56:00,3.0246,3.0246,3.0226,3.0226,3.0296,3.0296,3.0276,3.0276,12
2026-03-17 19:59:00,3.0236,3.0236,3.0226,3.0236,3.0286,3.0286,3.0276,3.0286,7
2026-03-17 20:00:00,3.0256,3.0256,3.0246,3.0246,3.0306,3.0306,3.0296,3.0296,3
2026-03-17 20:01:00,3.0241,3.0256,3.0236,3.0236,3.0291,3.0306,3.0286,3.0286,14
2026-03-17 20:02:00,3.0226,3.0226,3.0186,3.0216,3.0276,3.0276,3.0236,3.0266,17
2026-03-17 20:03:00,3.0221,3.0226,3.0186,3.0186,3.0271,3.0276,3.0236,3.0236,13
2026-03-17 20:04:00,3.0191,3.0236,3.0176,3.0216,3.0241,3.0286,3.0226,3.0266,20
2026-03-17 20:05:00,3.0221,3.0226,3.0176,3.0176,3.0271,3.0276,3.0226,3.0226,15
2026-03-17 20:06:00,3.0181,3.0186,3.0176,3.0186,3.0231,3.0236,3.0226,3.0236,6
2026-03-17 20:07:00,3.0176,3.0186,3.0176,3.0181,3.0226,3.0236,3.0226,3.0231,7
2026-03-17 20:08:00,3.0186,3.0186,3.0176,3.0176,3.0236,3.0236,3.0226,3.0226,5
2026-03-17 20:09:00,3.0166,3.0176,3.0166,3.0176,3.0216,3.0226,3.0216,3.0226,3
2026-03-17 20:10:00,3.0171,3.0176,3.0166,3.0166,3.0221,3.0226,3.0216,3.0216,3
2026-03-17 20:11:00,3.0176,3.0176,3.0166,3.0176,3.0226,3.0226,3.0216,3.0226,3
2026-03-17 20:12:00,3.0166,3.0176,3.0166,3.0171,3.0216,3.0226,3.0216,3.0221,4
2026-03-17 20:13:00,3.0166,3.0186,3.0166,3.0176,3.0216,3.0236,3.0216,3.0226,8
2026-03-17 20:14:00,3.0166,3.0176,3.0166,3.0176,3.0216,3.0226,3.0216,3.0226,2
2026-03-17 20:15:00,3.0171,3.0181,3.0171,3.0176,3.0221,3.0231,3.0221,3.0226,6
2026-03-17 20:16:00,3.0181,3.0196,3.0181,3.0196,3.0231,3.0246,3.0231,3.0246,7
2026-03-17 20:17:00,3.0191,3.0191,3.0181,3.0186,3.0241,3.0241,3.0231,3.0236,4
2026-03-17 20:18:00,3.0181,3.0181,3.0181,3.0181,3.0231,3.0231,3.0231,3.0231,1
2026-03-17 20:19:00,3.0186,3.0186,3.0171,3.0176,3.0236,3.0236,3.0221,3.0226,4
2026-03-17 20:20:00,3.0186,3.0201,3.0176,3.0201,3.0236,3.0251,3.0226,3.0251,7
2026-03-17 20:21:00,3.0206,3.0211,3.0206,3.0206,3.0256,3.0261,3.0256,3.0256,3
2026-03-17 20:22:00,3.0216,3.0241,3.0206,3.0236,3.0266,3.0291,3.0256,3.0286,11
2026-03-17 20:23:00,3.0241,3.0256,3.0236,3.0256,3.0291,3.0306,3.0286,3.0306,5
2026-03-17 20:24:00,3.0251,3.0256,3.0236,3.0236,3.0301,3.0306,3.0286,3.0286,6
2026-03-17 20:25:00,3.0246,3.0246,3.0216,3.0216,3.0296,3.0296,3.0266,3.0266,11
2026-03-17 20:26:00,3.0211,3.0216,3.0211,3.0216,3.0261,3.0266,3.0261,3.0266,6
2026-03-17 20:27:00,3.0211,3.0216,3.0211,3.0216,3.0261,3.0266,3.0261,3.0266,2
2026-03-17 20:28:00,3.0226,3.0246,3.0221,3.0246,3.0276,3.0296,3.0271,3.0296,4
2026-03-17 20:29:00,3.0241,3.0246,3.0236,3.0246,3.0291,3.0296,3.0286,3.0296,6
2026-03-17 20:30:00,3.0256,3.0286,3.0246,3.0286,3.0306,3.0336,3.0296,3.0336,22
2026-03-17 20:31:00,3.0276,3.0291,3.0276,3.0286,3.0326,3.0341,3.0326,3.0336,12
2026-03-17 20:32:00,3.0291,3.0336,3.0291,3.0326,3.0341,3.0386,3.0341,3.0376,13
2026-03-17 20:33:00,3.0316,3.0316,3.0266,3.0271,3.0366,3.0366,3.0316,3.0321,17
2026-03-17 20:34:00,3.0276,3.0286,3.0266,3.0286,3.0326,3.0336,3.0316,3.0336,11
2026-03-17 20:35:00,3.0296,3.0296,3.0266,3.0276,3.0346,3.0346,3.0316,3.0326,8
2026-03-17 20:36:00,3.0266,3.0276,3.0246,3.0276,3.0316,3.0326,3.0296,3.0326,17
2026-03-17 20:37:00,3.0266,3.0266,3.0231,3.0236,3.0316,3.0316,3.0281,3.0286,10
2026-03-17 20:38:00,3.0226,3.0226,3.0211,3.0211,3.0276,3.0276,3.0261,3.0261,5
2026-03-17 20:39:00,3.0206,3.0206,3.0206,3.0206,3.0256,3.0256,3.0256,3.0256,1
2026-03-17 20:40:00,3.0211,3.0221,3.0211,3.0216,3.0261,3.0271,3.0261,3.0266,4
2026-03-17 20:41:00,3.0221,3.0226,3.0221,3.0226,3.0271,3.0276,3.0271,3.0276,2
2026-03-17 20:42:00,3.0231,3.0256,3.0231,3.0246,3.0281,3.0306,3.0281,3.0296,9
2026-03-17 20:43:00,3.0241,3.0241,3.0226,3.0226,3.0291,3.0291,3.0276,3.0276,4
2026-03-17 20:44:00,3.0216,3.0216,3.0216,3.0216,3.0266,3.0266,3.0266,3.0266,1
2026-03-17 20:45:00,3.0226,3.0226,3.0226,3.0226,3.0276,3.0276,3.0276,3.0276,1
2026-03-17 20:46:00,3.0216,3.0216,3.0206,3.0211,3.0266,3.0266,3.0256,3.0261,4
2026-03-17 20:48:00,3.0216,3.0216,3.0201,3.0206,3.0266,3.0266,3.0251,3.0256,5
2026-03-17 20:49:00,3.0196,3.0196,3.0186,3.0186,3.0246,3.0246,3.0236,3.0236,3
2026-03-17 20:50:00,3.0196,3.0196,3.0186,3.0196,3.0246,3.0246,3.0236,3.0246,7
2026-03-17 20:51:00,3.0186,3.0186,3.0176,3.0186,3.0236,3.0236,3.0226,3.0236,8
2026-03-17 20:52:00,3.0196,3.0196,3.0181,3.0181,3.0246,3.0246,3.0231,3.0231,11
2026-03-17 20:53:00,3.0196,3.0216,3.0196,3.0216,3.0246,3.0266,3.0246,3.0266,6
2026-03-17 20:54:00,3.0211,3.0216,3.0211,3.0216,3.0261,3.0266,3.0261,3.0266,2
2026-03-17 20:55:00,3.0226,3.0226,3.0221,3.0221,3.0276,3.0276,3.0271,3.0271,4
2026-03-17 20:56:00,3.0216,3.0236,3.0216,3.0216,3.0266,3.0286,3.0266,3.0266,10
2026-03-17 20:57:00,3.0226,3.0226,3.0226,3.0226,3.0276,3.0276,3.0276,3.0276,1
2026-03-17 20:58:00,3.0231,3.0236,3.0231,3.0231,3.0281,3.0286,3.0281,3.0281,3
2026-03-17 20:59:00,3.0246,3.0246,3.0226,3.0231,3.0296,3.0296,3.0276,3.0281,8
2026-03-17 21:00:00,3.0236,3.0256,3.0236,3.0256,3.0286,3.0306,3.0286,3.0306,7
2026-03-17 21:02:00,3.0261,3.0266,3.0251,3.0251,3.0311,3.0316,3.0301,3.0301,5
2026-03-17 21:03:00,3.0256,3.0261,3.0256,3.0261,3.0306,3.0311,3.0306,3.0311,2
2026-03-17 21:04:00,3.0256,3.0256,3.0236,3.0241,3.0306,3.0306,3.0286,3.0291,5
2026-03-17 21:05:00,3.0246,3.0246,3.0246,3.0246,3.0296,3.0296,3.0296,3.0296,1
2026-03-17 21:06:00,3.0251,3.0251,3.0246,3.0251,3.0301,3.0301,3.0296,3.0301,3
2026-03-17 21:07:00,3.0246,3.0246,3.0226,3.0231,3.0296,3.0296,3.0276,3.0281,6
2026-03-17 21:08:00,3.0236,3.0236,3.0216,3.0216,3.0286,3.0286,3.0266,3.0266,7
2026-03-17 21:10:00,3.0221,3.0226,3.0216,3.0226,3.0271,3.0276,3.0266,3.0276,6
2026-03-17 21:11:00,3.0221,3.0221,3.0216,3.0216,3.0271,3.0271,3.0266,3.0266,2
2026-03-17 21:12:00,3.0221,3.0226,3.0221,3.0226,3.0271,3.0276,3.0271,3.0276,2
2026-03-17 21:13:00,3.0231,3.0251,3.0231,3.0236,3.0281,3.0301,3.0281,3.0286,6
2026-03-17 21:14:00,3.0226,3.0236,3.0226,3.0226,3.0276,3.0286,3.0276,3.0276,5
2026-03-17 21:15:00,3.0221,3.0221,3.0216,3.0216,3.0271,3.0271,3.0266,3.0266,2
2026-03-17 21:16:00,3.0221,3.0221,3.0216,3.0216,3.0271,3.0271,3.0266,3.0266,2
2026-03-17 21:17:00,3.0211,3.0216,3.0206,3.0206,3.0261,3.0266,3.0256,3.0256,3
2026-03-17 21:18:00,3.0211,3.0216,3.0206,3.0206,3.0261,3.0266,3.0256,3.0256,7
2026-03-17 21:20:00,3.0201,3.0206,3.0201,3.0206,3.0251,3.0256,3.0251,3.0256,2
2026-03-17 21:22:00,3.0201,3.0206,3.0196,3.0196,3.0251,3.0256,3.0246,3.0246,3
2026-03-17 21:23:00,3.0186,3.0196,3.0186,3.0191,3.0236,3.0246,3.0236,3.0241,3
2026-03-17 21:24:00,3.0196,3.0196,3.0191,3.0191,3.0246,3.0246,3.0241,3.0241,2
2026-03-17 21:25:00,3.0186,3.0191,3.0181,3.0186,3.0236,3.0241,3.0231,3.0236,5
2026-03-17 21:26:00,3.0176,3.0186,3.0176,3.0176,3.0226,3.0236,3.0226,3.0226,4
2026-03-17 21:27:00,3.0181,3.0181,3.0181,3.0181,3.0231,3.0231,3.0231,3.0231,1
2026-03-17 21:28:00,3.0186,3.0196,3.0176,3.0186,3.0236,3.0246,3.0226,3.0236,8
2026-03-17 21:29:00,3.0191,3.0206,3.0191,3.0201,3.0241,3.0256,3.0241,3.0251,4
2026-03-17 21:30:00,3.0206,3.0216,3.0201,3.0216,3.0256,3.0266,3.0251,3.0266,6
2026-03-17 21:31:00,3.0221,3.0226,3.0216,3.0221,3.0271,3.0276,3.0266,3.0271,5
2026-03-17 21:32:00,3.0216,3.0216,3.0216,3.0216,3.0266,3.0266,3.0266,3.0266,1
2026-03-17 21:33:00,3.0211,3.0211,3.0211,3.0211,3.0261,3.0261,3.0261,3.0261,1
2026-03-17 21:34:00,3.0206,3.0256,3.0206,3.0241,3.0256,3.0306,3.0256,3.0291,8
2026-03-17 21:35:00,3.0236,3.0256,3.0236,3.0251,3.0286,3.0306,3.0286,3.0301,5
2026-03-17 21:36:00,3.0256,3.0256,3.0246,3.0251,3.0306,3.0306,3.0296,3.0301,4
2026-03-17 21:37:00,3.0246,3.0246,3.0236,3.0236,3.0296,3.0296,3.0286,3.0286,2
2026-03-17 21:38:00,3.0231,3.0236,3.0231,3.0236,3.0281,3.0286,3.0281,3.0286,4
2026-03-17 21:39:00,3.0226,3.0231,3.0216,3.0216,3.0276,3.0281,3.0266,3.0266,4
2026-03-17 21:41:00,3.0226,3.0226,3.0221,3.0221,3.0276,3.0276,3.0271,3.0271,2
2026-03-17 21:42:00,3.0226,3.0226,3.0226,3.0226,3.0276,3.0276,3.0276,3.0276,1
2026-03-17 21:43:00,3.0231,3.0246,3.0231,3.0241,3.0281,3.0296,3.0281,3.0291,4
2026-03-17 21:44:00,3.0246,3.0251,3.0241,3.0246,3.0296,3.0301,3.0291,3.0296,4
2026-03-17 21:45:00,3.0241,3.0246,3.0231,3.0231,3.0291,3.0296,3.0281,3.0281,7
2026-03-17 21:46:00,3.0236,3.0236,3.0206,3.0206,3.0286,3.0286,3.0256,3.0256,5
2026-03-17 21:47:00,3.0201,3.0211,3.0196,3.0206,3.0251,3.0261,3.0246,3.0256,5
2026-03-17 21:48:00,3.0216,3.0226,3.0216,3.0221,3.0266,3.0276,3.0266,3.0271,6
2026-03-17 21:49:00,3.0216,3.0221,3.0206,3.0221,3.0266,3.0271,3.0256,3.0271,4
2026-03-17 21:50:00,3.0216,3.0216,3.0206,3.0206,3.0266,3.0266,3.0256,3.0256,4
2026-03-17 21:51:00,3.0211,3.0211,3.0206,3.0206,3.0261,3.0261,3.0256,3.0256,2
2026-03-17 21:52:00,3.0211,3.0226,3.0206,3.0226,3.0261,3.0276,3.0256,3.0276,6
2026-03-17 21:53:00,3.0221,3.0221,3.0216,3.0221,3.0271,3.0271,3.0266,3.0271,3
2026-03-17 21:54:00,3.0226,3.0226,3.0226,3.0226,3.0276,3.0276,3.0276,3.0276,1
2026-03-17 21:55:00,3.0236,3.0236,3.0226,3.0226,3.0286,3.0286,3.0276,3.0276,3
2026-03-17 21:56:00,3.0241,3.0261,3.0241,3.0256,3.0291,3.0311,3.0291,3.0306,11
2026-03-17 21:57:00,3.0266,3.0276,3.0266,3.0276,3.0316,3.0326,3.0316,3.0326,5
2026-03-17 21:58:00,3.0271,3.0286,3.0266,3.0276,3.0321,3.0336,3.0316,3.0326,8
2026-03-17 21:59:00,3.0271,3.0301,3.0169,3.0174,3.0321,3.0351,3.0219,3.0224,16
2026-03-17 23:00:00,3.0184,3.0224,3.0169,3.0184,3.0234,3.0274,3.0219,3.0234,20
2026-03-17 23:01:00,3.0179,3.0179,3.0179,3.0179,3.0229,3.0229,3.0229,3.0229,1
2026-03-17 23:02:00,3.0189,3.0189,3.0159,3.0159,3.0239,3.0239,3.0209,3.0209,4
2026-03-17 23:03:00,3.0164,3.0169,3.0154,3.0169,3.0214,3.0219,3.0204,3.0219,11
2026-03-17 23:04:00,3.0164,3.0169,3.0164,3.0169,3.0214,3.0219,3.0214,3.0219,2
2026-03-17 23:05:00,3.0164,3.0164,3.0149,3.0159,3.0214,3.0214,3.0199,3.0209,6
2026-03-17 23:06:00,3.0164,3.0169,3.0164,3.0164,3.0214,3.0219,3.0214,3.0214,3
2026-03-17 23:07:00,3.0169,3.0169,3.0169,3.0169,3.0219,3.0219,3.0219,3.0219,1
2026-03-17 23:08:00,3.0164,3.0184,3.0164,3.0179,3.0214,3.0234,3.0214,3.0229,4
2026-03-17 23:09:00,3.0184,3.0214,3.0179,3.0184,3.0234,3.0264,3.0229,3.0234,9
2026-03-17 23:10:00,3.0189,3.0194,3.0189,3.0189,3.0239,3.0244,3.0239,3.0239,3
2026-03-17 23:12:00,3.0199,3.0199,3.0194,3.0199,3.0249,3.0249,3.0244,3.0249,3
2026-03-17 23:13:00,3.0194,3.0229,3.0194,3.0229,3.0244,3.0279,3.0244,3.0279,9
2026-03-17 23:14:00,3.0219,3.0229,3.0209,3.0214,3.0269,3.0279,3.0259,3.0264,9
2026-03-17 23:15:00,3.0224,3.0224,3.0224,3.0224,3.0274,3.0274,3.0274,3.0274,1
2026-03-17 23:16:00,3.0234,3.0244,3.0229,3.0234,3.0284,3.0294,3.0279,3.0284,5
2026-03-17 23:17:00,3.0229,3.0229,3.0164,3.0164,3.0279,3.0279,3.0214,3.0214,7
2026-03-17 23:18:00,3.0169,3.0169,3.0164,3.0164,3.0219,3.0219,3.0214,3.0214,2
2026-03-17 23:19:00,3.0169,3.0174,3.0169,3.0174,3.0219,3.0224,3.0219,3.0224,2
2026-03-17 23:20:00,3.0184,3.0184,3.0184,3.0184,3.0234,3.0234,3.0234,3.0234,1
2026-03-17 23:25:00,3.0189,3.0194,3.0189,3.0194,3.0239,3.0244,3.0239,3.0244,2
2026-03-17 23:26:00,3.0204,3.0209,3.0204,3.0209,3.0254,3.0259,3.0254,3.0259,2
2026-03-17 23:27:00,3.0214,3.0219,3.0214,3.0219,3.0264,3.0269,3.0264,3.0269,4
2026-03-17 23:28:00,3.0214,3.0214,3.0214,3.0214,3.0264,3.0264,3.0264,3.0264,1
2026-03-17 23:30:00,3.0204,3.0204,3.0204,3.0204,3.0254,3.0254,3.0254,3.0254,1
2026-03-17 23:32:00,3.0199,3.0199,3.0179,3.0184,3.0249,3.0249,3.0229,3.0234,5
2026-03-17 23:34:00,3.0179,3.0179,3.0179,3.0179,3.0229,3.0229,3.0229,3.0229,1
2026-03-17 23:35:00,3.0189,3.0199,3.0189,3.0199,3.0239,3.0249,3.0239,3.0249,2
2026-03-17 23:36:00,3.0194,3.0194,3.0169,3.0169,3.0244,3.0244,3.0219,3.0219,6
2026-03-17 23:37:00,3.0154,3.0154,3.0129,3.0129,3.0204,3.0204,3.0179,3.0179,4
2026-03-17 23:38:00,3.0134,3.0134,3.0134,3.0134,3.0184,3.0184,3.0184,3.0184,1
2026-03-17 23:39:00,3.0129,3.0129,3.0119,3.0129,3.0179,3.0179,3.0169,3.0179,5
2026-03-17 23:40:00,3.0139,3.0169,3.0139,3.0169,3.0189,3.0219,3.0189,3.0219,7
2026-03-17 23:41:00,3.0149,3.0149,3.0149,3.0149,3.0199,3.0199,3.0199,3.0199,1
2026-03-17 23:42:00,3.0159,3.0159,3.0159,3.0159,3.0209,3.0209,3.0209,3.0209,1
2026-03-17 23:44:00,3.0154,3.0154,3.0154,3.0154,3.0204,3.0204,3.0204,3.0204,1
2026-03-17 23:45:00,3.0144,3.0144,3.0139,3.0139,3.0194,3.0194,3.0189,3.0189,2
2026-03-17 23:46:00,3.0149,3.0159,3.0149,3.0159,3.0199,3.0209,3.0199,3.0209,3
2026-03-17 23:47:00,3.0164,3.0174,3.0159,3.0159,3.0214,3.0224,3.0209,3.0209,4
2026-03-17 23:49:00,3.0154,3.0154,3.0154,3.0154,3.0204,3.0204,3.0204,3.0204,1
2026-03-17 23:50:00,3.0159,3.0164,3.0159,3.0164,3.0209,3.0214,3.0209,3.0214,2
2026-03-17 23:53:00,3.0169,3.0169,3.0164,3.0164,3.0219,3.0219,3.0214,3.0214,2
2026-03-17 23:56:00,3.0169,3.0169,3.0164,3.0164,3.0219,3.0219,3.0214,3.0214,2
2026-03-17 23:57:00,3.0169,3.0169,3.0169,3.0169,3.0219,3.0219,3.0219,3.0219,1
2026-03-17 23:58:00,3.0164,3.0164,3.0159,3.0164,3.0214,3.0214,3.0209,3.0214,3
2026-03-17 23:59:00,3.0169,3.0169,3.0169,3.0169,3.0219,3.0219,3.0219,3.0219,1
2026-03-18 00:01:00,3.0164,3.0169,3.0164,3.0169,3.0214,3.0219,3.0214,3.0219,2
2026-03-18 00:02:00,3.0164,3.0164,3.0164,3.0164,3.0214,3.0214,3.0214,3.0214,1
2026-03-18 00:03:00,3.0169,3.0169,3.0159,3.0159,3.0219,3.0219,3.0209,3.0209,3
2026-03-18 00:05:00,3.0169,3.0169,3.0169,3.0169,3.0219,3.0219,3.0219,3.0219,1
2026-03-18 00:07:00,3.0164,3.0164,3.0154,3.0154,3.0214,3.0214,3.0204,3.0204,2
2026-03-18 00:08:00,3.0159,3.0164,3.0159,3.0164,3.0209,3.0214,3.0209,3.0214,2
2026-03-18 00:10:00,3.0159,3.0159,3.0159,3.0159,3.0209,3.0209,3.0209,3.0209,1
2026-03-18 00:13:00,3.0154,3.0154,3.0149,3.0149,3.0204,3.0204,3.0199,3.0199,2
2026-03-18 00:15:00,3.0134,3.0144,3.0134,3.0139,3.0184,3.0194,3.0184,3.0189,3
2026-03-18 00:16:00,3.0134,3.0134,3.0134,3.0134,3.0184,3.0184,3.0184,3.0184,1
2026-03-18 00:17:00,3.0139,3.0149,3.0139,3.0149,3.0189,3.0199,3.0189,3.0199,2
2026-03-18 00:20:00,3.0154,3.0154,3.0154,3.0154,3.0204,3.0204,3.0204,3.0204,1
2026-03-18 00:21:00,3.0144,3.0144,3.0139,3.0139,3.0194,3.0194,3.0189,3.0189,2
2026-03-18 00:22:00,3.0144,3.0144,3.0129,3.0129,3.0194,3.0194,3.0179,3.0179,2
2026-03-18 00:23:00,3.0124,3.0124,3.0119,3.0119,3.0174,3.0174,3.0169,3.0169,2
2026-03-18 00:24:00,3.0124,3.0139,3.0124,3.0129,3.0174,3.0189,3.0174,3.0179,6
2026-03-18 00:25:00,3.0124,3.0124,3.0114,3.0114,3.0174,3.0174,3.0164,3.0164,3
2026-03-18 00:26:00,3.0104,3.0104,3.0104,3.0104,3.0154,3.0154,3.0154,3.0154,1
2026-03-18 00:27:00,3.0114,3.0114,3.0114,3.0114,3.0164,3.0164,3.0164,3.0164,1
2026-03-18 00:28:00,3.0104,3.0109,3.0084,3.0084,3.0154,3.0159,3.0134,3.0134,7
2026-03-18 00:29:00,3.0074,3.0084,3.0074,3.0084,3.0124,3.0134,3.0124,3.0134,6
2026-03-18 00:30:00,3.0089,3.0089,3.0089,3.0089,3.0139,3.0139,3.0139,3.0139,1
2026-03-18 00:31:00,3.0099,3.0099,3.0099,3.0099,3.0149,3.0149,3.0149,3.0149,1
2026-03-18 00:32:00,3.0089,3.0089,3.0089,3.0089,3.0139,3.0139,3.0139,3.0139,1
2026-03-18 00:33:00,3.0094,3.0094,3.0094,3.0094,3.0144,3.0144,3.0144,3.0144,1
2026-03-18 00:34:00,3.0099,3.0099,3.0099,3.0099,3.0149,3.0149,3.0149,3.0149,1
2026-03-18 00:36:00,3.0094,3.0094,3.0079,3.0079,3.0144,3.0144,3.0129,3.0129,3
2026-03-18 00:37:00,3.0069,3.0069,3.0054,3.0054,3.0119,3.0119,3.0104,3.0104,5
2026-03-18 00:38:00,3.0064,3.0064,3.0054,3.0054,3.0114,3.0114,3.0104,3.0104,3
2026-03-18 00:40:00,3.0064,3.0069,3.0064,3.0069,3.0114,3.0119,3.0114,3.0119,2
2026-03-18 00:41:00,3.0074,3.0089,3.0074,3.0089,3.0124,3.0139,3.0124,3.0139,3
2026-03-18 00:42:00,3.0084,3.0084,3.0084,3.0084,3.0134,3.0134,3.0134,3.0134,1
2026-03-18 00:43:00,3.0094,3.0099,3.0074,3.0084,3.0144,3.0149,3.0124,3.0134,6
2026-03-18 00:44:00,3.0089,3.0089,3.0079,3.0079,3.0139,3.0139,3.0129,3.0129,3
2026-03-18 00:45:00,3.0074,3.0074,3.0069,3.0069,3.0124,3.0124,3.0119,3.0119,2
2026-03-18 00:46:00,3.0074,3.0074,3.0074,3.0074,3.0124,3.0124,3.0124,3.0124,1
2026-03-18 00:47:00,3.0079,3.0084,3.0059,3.0059,3.0129,3.0134,3.0109,3.0109,5
2026-03-18 00:49:00,3.0064,3.0064,3.0059,3.0059,3.0114,3.0114,3.0109,3.0109,2
2026-03-18 00:50:00,3.0064,3.0064,3.0064,3.0064,3.0114,3.0114,3.0114,3.0114,1
2026-03-18 00:51:00,3.0054,3.0054,3.0049,3.0054,3.0104,3.0104,3.0099,3.0104,3
2026-03-18 00:54:00,3.0059,3.0064,3.0059,3.0064,3.0109,3.0114,3.0109,3.0114,2
2026-03-18 00:55:00,3.0069,3.0069,3.0069,3.0069,3.0119,3.0119,3.0119,3.0119,1
2026-03-18 00:56:00,3.0074,3.0094,3.0074,3.0079,3.0124,3.0144,3.0124,3.0129,8
2026-03-18 00:58:00,3.0084,3.0084,3.0084,3.0084,3.0134,3.0134,3.0134,3.0134,1
2026-03-18 01:00:00,3.0089,3.0089,3.0074,3.0089,3.0139,3.0139,3.0124,3.0139,6
2026-03-18 01:01:00,3.0099,3.0099,3.0084,3.0089,3.0149,3.0149,3.0134,3.0139,9
2026-03-18 01:02:00,3.0094,3.0104,3.0094,3.0104,3.0144,3.0154,3.0144,3.0154,2
2026-03-18 01:03:00,3.0109,3.0114,3.0099,3.0104,3.0159,3.0164,3.0149,3.0154,9
2026-03-18 01:05:00,3.0099,3.0099,3.0089,3.0089,3.0149,3.0149,3.0139,3.0139,3
2026-03-18 01:06:00,3.0084,3.0089,3.0079,3.0089,3.0134,3.0139,3.0129,3.0139,7
2026-03-18 01:07:00,3.0094,3.0094,3.0064,3.0064,3.0144,3.0144,3.0114,3.0114,6
2026-03-18 01:08:00,3.0059,3.0069,3.0034,3.0039,3.0109,3.0119,3.0084,3.0089,7
2026-03-18 01:09:00,3.0044,3.0074,3.0044,3.0049,3.0094,3.0124,3.0094,3.0099,8
2026-03-18 01:10:00,3.0044,3.0044,3.0039,3.0039,3.0094,3.0094,3.0089,3.0089,2
2026-03-18 01:11:00,3.0044,3.0054,3.0024,3.0024,3.0094,3.0104,3.0074,3.0074,6
2026-03-18 01:12:00,3.0034,3.0044,3.0024,3.0024,3.0084,3.0094,3.0074,3.0074,4
2026-03-18 01:13:00,3.0029,3.0029,3.0029,3.0029,3.0079,3.0079,3.0079,3.0079,1
2026-03-18 01:14:00,3.0034,3.0039,3.0024,3.0024,3.0084,3.0089,3.0074,3.0074,4
2026-03-18 01:16:00,3.0034,3.0034,3.0029,3.0029,3.0084,3.0084,3.0079,3.0079,2
2026-03-18 01:17:00,3.0019,3.0024,3.0004,3.0009,3.0069,3.0074,3.0054,3.0059,7
2026-03-18 01:18:00,3.0014,3.0014,2.9994,2.9994,3.0064,3.0064,3.0044,3.0044,7
2026-03-18 01:19:00,3.0004,3.0014,2.9999,3.0014,3.0054,3.0064,3.0049,3.0064,4
2026-03-18 01:20:00,3.0019,3.0019,3.0019,3.0019,3.0069,3.0069,3.0069,3.0069,1
2026-03-18 01:21:00,3.0009,3.0019,2.9994,2.9994,3.0059,3.0069,3.0044,3.0044,8
2026-03-18 01:23:00,2.9989,2.9994,2.9989,2.9989,3.0039,3.0044,3.0039,3.0039,3
2026-03-18 01:24:00,2.9994,2.9999,2.9994,2.9999,3.0044,3.0049,3.0044,3.0049,2
2026-03-18 01:25:00,2.9994,3.0004,2.9989,3.0004,3.0044,3.0054,3.0039,3.0054,5
2026-03-18 01:26:00,2.9999,3.0004,2.9999,3.0004,3.0049,3.0054,3.0049,3.0054,2
2026-03-18 01:27:00,2.9999,3.0004,2.9999,2.9999,3.0049,3.0054,3.0049,3.0049,5
2026-03-18 01:28:00,2.9994,2.9999,2.9994,2.9999,3.0044,3.0049,3.0044,3.0049,2
2026-03-18 01:29:00,3.0004,3.0014,2.9999,2.9999,3.0054,3.0064,3.0049,3.0049,4
2026-03-18 01:30:00,3.0004,3.0004,2.9994,2.9994,3.0054,3.0054,3.0044,3.0044,2
2026-03-18 01:31:00,2.9989,2.9989,2.9949,2.9954,3.0039,3.0039,2.9999,3.0004,13
2026-03-18 01:32:00,2.9959,2.9959,2.9924,2.9929,3.0009,3.0009,2.9974,2.9979,8
2026-03-18 01:33:00,2.9934,2.9944,2.9929,2.9944,2.9984,2.9994,2.9979,2.9994,3
2026-03-18 01:34:00,2.9939,2.9964,2.9924,2.9964,2.9989,3.0014,2.9974,3.0014,8
2026-03-18 01:35:00,2.9959,2.9959,2.9944,2.9954,3.0009,3.0009,2.9994,3.0004,7
2026-03-18 01:36:00,2.9959,2.9964,2.9959,2.9964,3.0009,3.0014,3.0009,3.0014,2
2026-03-18 01:37:00,2.9979,2.9979,2.9969,2.9969,3.0029,3.0029,3.0019,3.0019,2
2026-03-18 01:40:00,2.9974,2.9974,2.9969,2.9974,3.0024,3.0024,3.0019,3.0024,3
2026-03-18 01:41:00,2.9969,2.9979,2.9924,2.9924,3.0019,3.0029,2.9974,2.9974,12
2026-03-18 01:42:00,2.9934,2.9939,2.9934,2.9934,2.9984,2.9989,2.9984,2.9984,3
2026-03-18 01:43:00,2.9939,2.9944,2.9929,2.9929,2.9989,2.9994,2.9979,2.9979,4
2026-03-18 01:44:00,2.9934,2.9934,2.9884,2.9884,2.9984,2.9984,2.9934,2.9934,15
2026-03-18 01:45:00,2.9874,2.9874,2.9839,2.9844,2.9924,2.9924,2.9889,2.9894,13
2026-03-18 01:46:00,2.9859,2.9859,2.9849,2.9859,2.9909,2.9909,2.9899,2.9909,4
2026-03-18 01:47:00,2.9864,2.9864,2.9839,2.9844,2.9914,2.9914,2.9889,2.9894,8
2026-03-18 01:48:00,2.9839,2.9844,2.9834,2.9834,2.9889,2.9894,2.9884,2.9884,6
2026-03-18 01:49:00,2.9839,2.9839,2.9834,2.9834,2.9889,2.9889,2.9884,2.9884,2
2026-03-18 01:50:00,2.9829,2.9829,2.9794,2.9819,2.9879,2.9879,2.9844,2.9869,15
2026-03-18 01:51:00,2.9824,2.9839,2.9809,2.9829,2.9874,2.9889,2.9859,2.9879,18
2026-03-18 01:52:00,2.9834,2.9844,2.9804,2.9804,2.9884,2.9894,2.9854,2.9854,13
2026-03-18 01:53:00,2.9799,2.9799,2.9784,2.9789,2.9849,2.9849,2.9834,2.9839,17
2026-03-18 01:54:00,2.9794,2.9794,2.9794,2.9794,2.9844,2.9844,2.9844,2.9844,1
2026-03-18 01:55:00,2.9804,2.9834,2.9794,2.9824,2.9854,2.9884,2.9844,2.9874,11
2026-03-18 01:56:00,2.9819,2.9819,2.9809,2.9809,2.9869,2.9869,2.9859,2.9859,9
2026-03-18 01:57:00,2.9804,2.9834,2.9804,2.9809,2.9854,2.9884,2.9854,2.9859,9
2026-03-18 01:58:00,2.9814,2.9814,2.9784,2.9784,2.9864,2.9864,2.9834,2.9834,15
2026-03-18 01:59:00,2.9779,2.9794,2.9779,2.9794,2.9829,2.9844,2.9829,2.9844,3
2026-03-18 02:00:00,2.9804,2.9854,2.9789,2.9794,2.9854,2.9904,2.9839,2.9844,25
2026-03-18 02:01:00,2.9799,2.9804,2.9764,2.9764,2.9849,2.9854,2.9814,2.9814,8
2026-03-18 02:02:00,2.9769,2.9769,2.9764,2.9764,2.9819,2.9819,2.9814,2.9814,2
2026-03-18 02:03:00,2.9754,2.9774,2.9739,2.9764,2.9804,2.9824,2.9789,2.9814,10
2026-03-18 02:04:00,2.9769,2.9774,2.9764,2.9774,2.9819,2.9824,2.9814,2.9824,6
2026-03-18 02:05:00,2.9784,2.9804,2.9779,2.9804,2.9834,2.9854,2.9829,2.9854,7
2026-03-18 02:06:00,2.9814,2.9819,2.9804,2.9819,2.9864,2.9869,2.9854,2.9869,8
2026-03-18 02:07:00,2.9824,2.9834,2.9824,2.9829,2.9874,2.9884,2.9874,2.9879,3
2026-03-18 02:08:00,2.9824,2.9844,2.9814,2.9834,2.9874,2.9894,2.9864,2.9884,18
2026-03-18 02:09:00,2.9829,2.9844,2.9829,2.9834,2.9879,2.9894,2.9879,2.9884,4
2026-03-18 02:10:00,2.9829,2.9829,2.9794,2.9809,2.9879,2.9879,2.9844,2.9859,7
2026-03-18 02:11:00,2.9814,2.9834,2.9814,2.9814,2.9864,2.9884,2.9864,2.9864,12
2026-03-18 02:12:00,2.9819,2.9829,2.9819,2.9829,2.9869,2.9879,2.9869,2.9879,3
2026-03-18 02:13:00,2.9834,2.9834,2.9794,2.9809,2.9884,2.9884,2.9844,2.9859,7
2026-03-18 02:14:00,2.9799,2.9799,2.9799,2.9799,2.9849,2.9849,2.9849,2.9849,1
2026-03-18 02:15:00,2.9794,2.9794,2.9764,2.9784,2.9844,2.9844,2.9814,2.9834,6
2026-03-18 02:16:00,2.9789,2.9789,2.9784,2.9784,2.9839,2.9839,2.9834,2.9834,2
2026-03-18 02:17:00,2.9779,2.9779,2.9769,2.9769,2.9829,2.9829,2.9819,2.9819,2
2026-03-18 02:18:00,2.9759,2.9769,2.9759,2.9769,2.9809,2.9819,2.9809,2.9819,11
2026-03-18 02:19:00,2.9764,2.9774,2.9759,2.9774,2.9814,2.9824,2.9809,2.9824,5
2026-03-18 02:20:00,2.9764,2.9764,2.9764,2.9764,2.9814,2.9814,2.9814,2.9814,1
2026-03-18 02:21:00,2.9759,2.9759,2.9754,2.9754,2.9809,2.9809,2.9804,2.9804,2
2026-03-18 02:22:00,2.9759,2.9759,2.9734,2.9739,2.9809,2.9809,2.9784,2.9789,4
2026-03-18 02:23:00,2.9729,2.9734,2.9554,2.9679,2.9779,2.9784,2.9604,2.9729,69
2026-03-18 02:24:00,2.9674,2.9679,2.9674,2.9679,2.9724,2.9729,2.9724,2.9729,2
2026-03-18 02:25:00,2.9684,2.9684,2.9674,2.9674,2.9734,2.9734,2.9724,2.9724,2
2026-03-18 02:26:00,2.9679,2.9679,2.9674,2.9674,2.9729,2.9729,2.9724,2.9724,2
2026-03-18 02:27:00,2.9689,2.9724,2.9689,2.9699,2.9739,2.9774,2.9739,2.9749,15
2026-03-18 02:28:00,2.9704,2.9719,2.9694,2.9714,2.9754,2.9769,2.9744,2.9764,14
2026-03-18 02:29:00,2.9719,2.9734,2.9704,2.9734,2.9769,2.9784,2.9754,2.9784,23
2026-03-18 02:30:00,2.9745,2.9774,2.9734,2.9745,2.9794,2.9824,2.9784,2.9794,12
2026-03-18 02:31:00,2.9749,2.9749,2.9714,2.9714,2.9799,2.9799,2.9764,2.9764,5
2026-03-18 02:32:00,2.9704,2.9714,2.9684,2.9689,2.9754,2.9764,2.9734,2.9739,7
2026-03-18 02:33:00,2.9684,2.9684,2.9684,2.9684,2.9734,2.9734,2.9734,2.9734,1
2026-03-18 02:34:00,2.9689,2.9699,2.9659,2.9659,2.9739,2.9749,2.9709,2.9709,14
2026-03-18 02:35:00,2.9665,2.9665,2.9659,2.9659,2.9714,2.9714,2.9709,2.9709,4
2026-03-18 02:36:00,2.9654,2.9654,2.9644,2.9644,2.9704,2.9704,2.9694,2.9694,12
2026-03-18 02:37:00,2.9649,2.9654,2.9634,2.9634,2.9699,2.9704,2.9684,2.9684,7
2026-03-18 02:38:00,2.9644,2.9644,2.9634,2.9634,2.9694,2.9694,2.9684,2.9684,3
2026-03-18 02:39:00,2.9639,2.9654,2.9614,2.9634,2.9689,2.9704,2.9664,2.9684,23
2026-03-18 02:40:00,2.9644,2.9654,2.9619,2.9629,2.9694,2.9704,2.9669,2.9679,16
2026-03-18 02:41:00,2.9634,2.9665,2.9634,2.9649,2.9684,2.9714,2.9684,2.9699,9
2026-03-18 02:42:00,2.9654,2.9659,2.9649,2.9659,2.9704,2.9709,2.9699,2.9709,8
2026-03-18 02:43:00,2.9654,2.9659,2.9654,2.9654,2.9704,2.9709,2.9704,2.9704,9
2026-03-18 02:44:00,2.9659,2.9684,2.9609,2.9609,2.9709,2.9734,2.9659,2.9659,16
2026-03-18 02:45:00,2.9619,2.9639,2.9619,2.9629,2.9669,2.9689,2.9669,2.9679,7
2026-03-18 02:46:00,2.9634,2.9634,2.9614,2.9614,2.9684,2.9684,2.9664,2.9664,8
2026-03-18 02:47:00,2.9624,2.9634,2.9619,2.9629,2.9674,2.9684,2.9669,2.9679,14
2026-03-18 02:48:00,2.9634,2.9634,2.9624,2.9634,2.9684,2.9684,2.9674,2.9684,4
2026-03-18 02:49:00,2.9624,2.9634,2.9619,2.9624,2.9674,2.9684,2.9669,2.9674,9
2026-03-18 02:50:00,2.9619,2.9619,2.9614,2.9614,2.9669,2.9669,2.9664,2.9664,2
2026-03-18 02:51:00,2.9604,2.9614,2.9564,2.9585,2.9654,2.9664,2.9614,2.9634,25
2026-03-18 02:52:00,2.9589,2.9604,2.9564,2.9585,2.9639,2.9654,2.9614,2.9634,31
2026-03-18 02:53:00,2.9579,2.9604,2.9579,2.9579,2.9629,2.9654,2.9629,2.9629,9
2026-03-18 02:54:00,2.9585,2.9599,2.9579,2.9594,2.9634,2.9649,2.9629,2.9644,13
2026-03-18 02:55:00,2.9589,2.9589,2.9554,2.9559,2.9639,2.9639,2.9604,2.9609,19
2026-03-18 02:56:00,2.9554,2.9574,2.9554,2.9559,2.9604,2.9624,2.9604,2.9609,5
2026-03-18 02:57:00,2.9564,2.9564,2.9559,2.9559,2.9614,2.9614,2.9609,2.9609,2
2026-03-18 02:58:00,2.9564,2.9574,2.9564,2.9564,2.9614,2.9624,2.9614,2.9614,5
2026-03-18 03:00:00,2.9554,2.9554,2.9509,2.9514,2.9604,2.9604,2.9559,2.9564,17
2026-03-18 03:01:00,2.9505,2.9554,2.9499,2.9544,2.9554,2.9604,2.9549,2.9594,21
2026-03-18 03:02:00,2.9549,2.9585,2.9549,2.9559,2.9599,2.9634,2.9599,2.9609,14
2026-03-18 03:03:00,2.9564,2.9569,2.9559,2.9559,2.9614,2.9619,2.9609,2.9609,6
2026-03-18 03:04:00,2.9564,2.9564,2.9559,2.9559,2.9614,2.9614,2.9609,2.9609,2
2026-03-18 03:05:00,2.9564,2.9604,2.9564,2.9604,2.9614,2.9654,2.9614,2.9654,17
2026-03-18 03:06:00,2.9609,2.9619,2.9604,2.9614,2.9659,2.9669,2.9654,2.9664,11
2026-03-18 03:07:00,2.9604,2.9614,2.9594,2.9599,2.9654,2.9664,2.9644,2.9649,14
2026-03-18 03:08:00,2.9594,2.9599,2.9574,2.9599,2.9644,2.9649,2.9624,2.9649,9
2026-03-18 03:09:00,2.9604,2.9609,2.9604,2.9609,2.9654,2.9659,2.9654,2.9659,2
2026-03-18 03:10:00,2.9604,2.9604,2.9594,2.9594,2.9654,2.9654,2.9644,2.9644,2
2026-03-18 03:11:00,2.9599,2.9604,2.9594,2.9604,2.9649,2.9654,2.9644,2.9654,3
2026-03-18 03:12:00,2.9609,2.9609,2.9604,2.9609,2.9659,2.9659,2.9654,2.9659,3
2026-03-18 03:13:00,2.9614,2.9614,2.9609,2.9609,2.9664,2.9664,2.9659,2.9659,2
2026-03-18 03:16:00,2.9614,2.9614,2.9589,2.9589,2.9664,2.9664,2.9639,2.9639,5
2026-03-18 03:17:00,2.9594,2.9594,2.9569,2.9579,2.9644,2.9644,2.9619,2.9629,5
2026-03-18 03:18:00,2.9574,2.9574,2.9574,2.9574,2.9624,2.9624,2.9624,2.9624,1
2026-03-18 03:19:00,2.9569,2.9569,2.9539,2.9539,2.9619,2.9619,2.9589,2.9589,7
2026-03-18 03:20:00,2.9549,2.9554,2.9539,2.9539,2.9599,2.9604,2.9589,2.9589,5
2026-03-18 03:22:00,2.9544,2.9549,2.9534,2.9534,2.9594,2.9599,2.9584,2.9584,3
2026-03-18 03:23:00,2.9539,2.9539,2.9534,2.9534,2.9589,2.9589,2.9584,2.9584,2
2026-03-18 03:24:00,2.9539,2.9564,2.9539,2.9554,2.9589,2.9614,2.9589,2.9604,9
2026-03-18 03:25:00,2.9544,2.9549,2.9544,2.9549,2.9594,2.9599,2.9594,2.9599,8
2026-03-18 03:26:00,2.9534,2.9534,2.9514,2.9524,2.9584,2.9584,2.9564,2.9574,5
2026-03-18 03:27:00,2.9529,2.9534,2.9524,2.9524,2.9579,2.9584,2.9574,2.9574,4
2026-03-18 03:28:00,2.9529,2.9539,2.9519,2.9519,2.9579,2.9589,2.9569,2.9569,11
2026-03-18 03:29:00,2.9514,2.9514,2.9514,2.9514,2.9564,2.9564,2.9564,2.9564,1
2026-03-18 03:30:00,2.9519,2.9559,2.9514,2.9554,2.9569,2.9609,2.9564,2.9604,11
2026-03-18 03:31:00,2.9559,2.9559,2.9554,2.9554,2.9609,2.9609,2.9604,2.9604,2
2026-03-18 03:32:00,2.9549,2.9585,2.9549,2.9579,2.9599,2.9634,2.9599,2.9629,6
2026-03-18 03:33:00,2.9584,2.9585,2.9574,2.9574,2.9634,2.9634,2.9624,2.9624,6
2026-03-18 03:34:00,2.9564,2.9574,2.9564,2.9574,2.9614,2.9624,2.9614,2.9624,3
2026-03-18 03:35:00,2.9579,2.9589,2.9574,2.9589,2.9629,2.9639,2.9624,2.9639,5
2026-03-18 03:36:00,2.9584,2.9584,2.9564,2.9574,2.9634,2.9634,2.9614,2.9624,5
2026-03-18 03:38:00,2.9579,2.9579,2.9574,2.9579,2.9629,2.9629,2.9624,2.9629,5
2026-03-18 03:39:00,2.9574,2.9585,2.9574,2.9579,2.9624,2.9634,2.9624,2.9629,14
2026-03-18 03:40:00,2.9585,2.9585,2.9579,2.9585,2.9634,2.9634,2.9629,2.9634,3
2026-03-18 03:41:00,2.9579,2.9579,2.9579,2.9579,2.9629,2.9629,2.9629,2.9629,1
2026-03-18 03:42:00,2.9574,2.9574,2.9554,2.9564,2.9624,2.9624,2.9604,2.9614,6
2026-03-18 03:43:00,2.9569,2.9574,2.9569,2.9574,2.9619,2.9624,2.9619,2.9624,2
2026-03-18 03:44:00,2.9569,2.9569,2.9569,2.9569,2.9619,2.9619,2.9619,2.9619,1
2026-03-18 03:45:00,2.9564,2.9574,2.9564,2.9569,2.9614,2.9624,2.9614,2.9619,3
2026-03-18 03:46:00,2.9564,2.9564,2.9544,2.9554,2.9614,2.9614,2.9594,2.9604,7
2026-03-18 03:47:00,2.9559,2.9559,2.9549,2.9549,2.9609,2.9609,2.9599,2.9599,3
2026-03-18 03:49:00,2.9544,2.9554,2.9539,2.9544,2.9594,2.9604,2.9589,2.9594,10
2026-03-18 03:50:00,2.9549,2.9549,2.9539,2.9549,2.9599,2.9599,2.9589,2.9599,4
2026-03-18 03:51:00,2.9544,2.9544,2.9534,2.9539,2.9594,2.9594,2.9584,2.9589,15
2026-03-18 03:52:00,2.9544,2.9544,2.9514,2.9524,2.9594,2.9594,2.9564,2.9574,6
2026-03-18 03:54:00,2.9514,2.9529,2.9514,2.9529,2.9564,2.9579,2.9564,2.9579,3
2026-03-18 03:55:00,2.9534,2.9539,2.9519,2.9519,2.9584,2.9589,2.9569,2.9569,5
2026-03-18 03:56:00,2.9514,2.9524,2.9514,2.9514,2.9564,2.9574,2.9564,2.9564,4
2026-03-18 03:57:00,2.9499,2.9505,2.9479,2.9494,2.9549,2.9554,2.9529,2.9544,26
2026-03-18 03:58:00,2.9499,2.9505,2.9494,2.9494,2.9549,2.9554,2.9544,2.9544,5
2026-03-18 03:59:00,2.9505,2.9505,2.9494,2.9499,2.9554,2.9554,2.9544,2.9549,18
2026-03-18 04:00:00,2.9505,2.9509,2.9484,2.9484,2.9554,2.9559,2.9534,2.9534,14
2026-03-18 04:01:00,2.9489,2.9489,2.9479,2.9484,2.9539,2.9539,2.9529,2.9534,12
2026-03-18 04:02:00,2.9479,2.9479,2.9474,2.9479,2.9529,2.9529,2.9524,2.9529,5
2026-03-18 04:03:00,2.9474,2.9474,2.9449,2.9464,2.9524,2.9524,2.9499,2.9514,7
2026-03-18 04:04:00,2.9469,2.9489,2.9469,2.9479,2.9519,2.9539,2.9519,2.9529,5
2026-03-18 04:05:00,2.9469,2.9474,2.9459,2.9474,2.9519,2.9524,2.9509,2.9524,13
2026-03-18 04:06:00,2.9464,2.9474,2.9459,2.9469,2.9514,2.9524,2.9509,2.9519,9
2026-03-18 04:07:00,2.9474,2.9474,2.9459,2.9464,2.9524,2.9524,2.9509,2.9514,8
2026-03-18 04:08:00,2.9459,2.9479,2.9459,2.9474,2.9509,2.9529,2.9509,2.9524,14
2026-03-18 04:09:00,2.9464,2.9499,2.9464,2.9494,2.9514,2.9549,2.9514,2.9544,6
2026-03-18 04:10:00,2.9499,2.9499,2.9489,2.9489,2.9549,2.9549,2.9539,2.9539,14
2026-03-18 04:11:00,2.9494,2.9494,2.9484,2.9489,2.9544,2.9544,2.9534,2.9539,4
2026-03-18 04:12:00,2.9494,2.9514,2.9469,2.9469,2.9544,2.9564,2.9519,2.9519,12
2026-03-18 04:13:00,2.9464,2.9464,2.9454,2.9459,2.9514,2.9514,2.9504,2.9509,5
2026-03-18 04:14:00,2.9454,2.9454,2.9414,2.9425,2.9504,2.9504,2.9464,2.9474,7
2026-03-18 04:15:00,2.9439,2.9444,2.9404,2.9419,2.9489,2.9494,2.9454,2.9469,12
2026-03-18 04:16:00,2.9425,2.9449,2.9414,2.9444,2.9474,2.9499,2.9464,2.9494,10
2026-03-18 04:17:00,2.9449,2.9484,2.9444,2.9484,2.9499,2.9534,2.9494,2.9534,7
2026-03-18 04:18:00,2.9489,2.9489,2.9474,2.9484,2.9539,2.9539,2.9524,2.9534,12
2026-03-18 04:19:00,2.9479,2.9484,2.9479,2.9484,2.9529,2.9534,2.9529,2.9534,8
2026-03-18 04:20:00,2.9479,2.9484,2.9429,2.9434,2.9529,2.9534,2.9479,2.9484,32
2026-03-18 04:21:00,2.9429,2.9429,2.9389,2.9394,2.9479,2.9479,2.9439,2.9444,10
2026-03-18 04:22:00,2.9389,2.9394,2.9379,2.9384,2.9439,2.9444,2.9429,2.9434,27
2026-03-18 04:23:00,2.9394,2.9444,2.9374,2.9394,2.9444,2.9494,2.9424,2.9444,49
2026-03-18 04:24:00,2.9399,2.9399,2.9374,2.9394,2.9449,2.9449,2.9424,2.9444,16
2026-03-18 04:25:00,2.9404,2.9419,2.9404,2.9419,2.9454,2.9469,2.9454,2.9469,3
2026-03-18 04:26:00,2.9429,2.9444,2.9425,2.9429,2.9479,2.9494,2.9474,2.9479,11
2026-03-18 04:28:00,2.9439,2.9439,2.9434,2.9439,2.9489,2.9489,2.9484,2.9489,7
2026-03-18 04:29:00,2.9444,2.9484,2.9444,2.9464,2.9494,2.9534,2.9494,2.9514,23
2026-03-18 04:30:00,2.9459,2.9464,2.9394,2.9425,2.9509,2.9514,2.9444,2.9474,45
2026-03-18 04:31:00,2.9414,2.9449,2.9404,2.9409,2.9464,2.9499,2.9454,2.9459,16
2026-03-18 04:32:00,2.9414,2.9425,2.9399,2.9399,2.9464,2.9474,2.9449,2.9449,12
2026-03-18 04:33:00,2.9409,2.9414,2.9404,2.9409,2.9459,2.9464,2.9454,2.9459,22
2026-03-18 04:34:00,2.9414,2.9429,2.9414,2.9414,2.9464,2.9479,2.9464,2.9464,6
2026-03-18 04:35:00,2.9419,2.9434,2.9419,2.9429,2.9469,2.9484,2.9469,2.9479,9
2026-03-18 04:36:00,2.9425,2.9429,2.9425,2.9429,2.9474,2.9479,2.9474,2.9479,4
2026-03-18 04:37:00,2.9425,2.9425,2.9404,2.9409,2.9474,2.9474,2.9454,2.9459,9
2026-03-18 04:38:00,2.9419,2.9419,2.9394,2.9404,2.9469,2.9469,2.9444,2.9454,18
2026-03-18 04:39:00,2.9414,2.9419,2.9394,2.9394,2.9464,2.9469,2.9444,2.9444,22
2026-03-18 04:40:00,2.9399,2.9409,2.9394,2.9394,2.9449,2.9459,2.9444,2.9444,7
2026-03-18 04:41:00,2.9399,2.9399,2.9394,2.9394,2.9449,2.9449,2.9444,2.9444,2
2026-03-18 04:42:00,2.9384,2.9394,2.9374,2.9374,2.9434,2.9444,2.9424,2.9424,11
2026-03-18 04:43:00,2.9379,2.9394,2.9379,2.9394,2.9429,2.9444,2.9429,2.9444,40
2026-03-18 04:44:00,2.9389,2.9394,2.9379,2.9389,2.9439,2.9444,2.9429,2.9439,17
2026-03-18 04:45:00,2.9394,2.9425,2.9394,2.9409,2.9444,2.9474,2.9444,2.9459,9
2026-03-18 04:46:00,2.9399,2.9404,2.9374,2.9379,2.9449,2.9454,2.9424,2.9429,13
2026-03-18 04:47:00,2.9384,2.9389,2.9374,2.9374,2.9434,2.9439,2.9424,2.9424,5
2026-03-18 04:48:00,2.9384,2.9389,2.9374,2.9384,2.9434,2.9439,2.9424,2.9434,9
2026-03-18 04:49:00,2.9394,2.9399,2.9394,2.9394,2.9444,2.9449,2.9444,2.9444,3
2026-03-18 04:50:00,2.9389,2.9394,2.9289,2.9314,2.9439,2.9444,2.9339,2.9364,21
2026-03-18 04:51:00,2.9319,2.9334,2.9309,2.9334,2.9369,2.9384,2.9359,2.9384,9
2026-03-18 04:52:00,2.9339,2.9364,2.9339,2.9349,2.9389,2.9414,2.9389,2.9399,10
2026-03-18 04:53:00,2.9354,2.9364,2.9334,2.9334,2.9404,2.9414,2.9384,2.9384,7
2026-03-18 04:54:00,2.9329,2.9329,2.9294,2.9304,2.9379,2.9379,2.9344,2.9354,17
2026-03-18 04:55:00,2.9309,2.9314,2.9239,2.9239,2.9359,2.9364,2.9289,2.9289,14
2026-03-18 04:56:00,2.9249,2.9249,2.9224,2.9244,2.9299,2.9299,2.9274,2.9294,19
2026-03-18 04:57:00,2.9249,2.9269,2.9204,2.9209,2.9299,2.9319,2.9254,2.9259,31
2026-03-18 04:58:00,2.9214,2.9234,2.9185,2.9214,2.9264,2.9284,2.9234,2.9264,24
2026-03-18 04:59:00,2.9219,2.9219,2.9204,2.9209,2.9269,2.9269,2.9254,2.9259,12
2026-03-18 05:00:00,2.9199,2.9199,2.9144,2.9164,2.9249,2.9249,2.9194,2.9214,46
2026-03-18 05:01:00,2.9169,2.9169,2.9149,2.9159,2.9219,2.9219,2.9199,2.9209,23
2026-03-18 05:02:00,2.9154,2.9159,2.9154,2.9154,2.9204,2.9209,2.9204,2.9204,3
2026-03-18 05:03:00,2.9144,2.9154,2.9104,2.9149,2.9194,2.9204,2.9154,2.9199,29
2026-03-18 05:04:00,2.9159,2.9174,2.9154,2.9174,2.9209,2.9224,2.9204,2.9224,10
2026-03-18 05:05:00,2.9164,2.9194,2.9164,2.9179,2.9214,2.9244,2.9214,2.9229,11
2026-03-18 05:06:00,2.9174,2.9185,2.9174,2.9174,2.9224,2.9234,2.9224,2.9224,4
2026-03-18 05:07:00,2.9179,2.9179,2.9159,2.9169,2.9229,2.9229,2.9209,2.9219,11
2026-03-18 05:08:00,2.9179,2.9179,2.9174,2.9179,2.9229,2.9229,2.9224,2.9229,13
2026-03-18 05:09:00,2.9174,2.9185,2.9164,2.9169,2.9224,2.9234,2.9214,2.9219,10
2026-03-18 05:11:00,2.9174,2.9174,2.9154,2.9169,2.9224,2.9224,2.9204,2.9219,8
2026-03-18 05:12:00,2.9174,2.9174,2.9174,2.9174,2.9224,2.9224,2.9224,2.9224,1
2026-03-18 05:13:00,2.9169,2.9179,2.9159,2.9159,2.9219,2.9229,2.9209,2.9209,14
2026-03-18 05:14:00,2.9164,2.9174,2.9159,2.9159,2.9214,2.9224,2.9209,2.9209,5
2026-03-18 05:15:00,2.9154,2.9154,2.9154,2.9154,2.9204,2.9204,2.9204,2.9204,1
2026-03-18 05:16:00,2.9159,2.9169,2.9154,2.9159,2.9209,2.9219,2.9204,2.9209,15
2026-03-18 05:17:00,2.9164,2.9164,2.9154,2.9159,2.9214,2.9214,2.9204,2.9209,4
2026-03-18 05:18:00,2.9164,2.9174,2.9154,2.9159,2.9214,2.9224,2.9204,2.9209,20
2026-03-18 05:19:00,2.9164,2.9164,2.9154,2.9159,2.9214,2.9214,2.9204,2.9209,6
2026-03-18 05:20:00,2.9164,2.9169,2.9154,2.9159,2.9214,2.9219,2.9204,2.9209,22
2026-03-18 05:21:00,2.9164,2.9199,2.9164,2.9194,2.9214,2.9249,2.9214,2.9244,12
2026-03-18 05:22:00,2.9199,2.9229,2.9189,2.9209,2.9249,2.9279,2.9239,2.9259,25
2026-03-18 05:23:00,2.9214,2.9234,2.9209,2.9214,2.9264,2.9284,2.9259,2.9264,28
2026-03-18 05:24:00,2.9219,2.9234,2.9214,2.9219,2.9269,2.9284,2.9264,2.9269,13
2026-03-18 05:25:00,2.9214,2.9229,2.9209,2.9229,2.9264,2.9279,2.9259,2.9279,9
2026-03-18 05:26:00,2.9234,2.9234,2.9204,2.9204,2.9284,2.9284,2.9254,2.9254,6
2026-03-18 05:27:00,2.9209,2.9209,2.9209,2.9209,2.9259,2.9259,2.9259,2.9259,1
2026-03-18 05:28:00,2.9219,2.9219,2.9204,2.9204,2.9269,2.9269,2.9254,2.9254,3
2026-03-18 05:29:00,2.9194,2.9204,2.9194,2.9204,2.9244,2.9254,2.9244,2.9254,2
2026-03-18 05:30:00,2.9214,2.9224,2.9204,2.9209,2.9264,2.9274,2.9254,2.9259,17
2026-03-18 05:31:00,2.9204,2.9204,2.9204,2.9204,2.9254,2.9254,2.9254,2.9254,1
2026-03-18 05:32:00,2.9209,2.9219,2.9204,2.9204,2.9259,2.9269,2.9254,2.9254,6
2026-03-18 05:33:00,2.9209,2.9209,2.9204,2.9204,2.9259,2.9259,2.9254,2.9254,4
2026-03-18 05:34:00,2.9214,2.9214,2.9204,2.9204,2.9264,2.9264,2.9254,2.9254,4
2026-03-18 05:35:00,2.9214,2.9214,2.9164,2.9185,2.9264,2.9264,2.9214,2.9234,9
2026-03-18 05:36:00,2.9189,2.9199,2.9164,2.9194,2.9239,2.9249,2.9214,2.9244,17
2026-03-18 05:37:00,2.9204,2.9229,2.9199,2.9224,2.9254,2.9279,2.9249,2.9274,10
2026-03-18 05:38:00,2.9229,2.9229,2.9229,2.9229,2.9279,2.9279,2.9279,2.9279,1
2026-03-18 05:39:00,2.9224,2.9229,2.9224,2.9229,2.9274,2.9279,2.9274,2.9279,2
2026-03-18 05:40:00,2.9234,2.9234,2.9234,2.9234,2.9284,2.9284,2.9284,2.9284,1
2026-03-18 05:41:00,2.9224,2.9229,2.9214,2.9214,2.9274,2.9279,2.9264,2.9264,17
2026-03-18 05:42:00,2.9219,2.9219,2.9214,2.9219,2.9269,2.9269,2.9264,2.9269,3
2026-03-18 05:43:00,2.9224,2.9224,2.9214,2.9219,2.9274,2.9274,2.9264,2.9269,6
2026-03-18 05:44:00,2.9224,2.9244,2.9214,2.9234,2.9274,2.9294,2.9264,2.9284,22
2026-03-18 05:45:00,2.9244,2.9254,2.9244,2.9249,2.9294,2.9304,2.9294,2.9299,4
2026-03-18 05:46:00,2.9244,2.9249,2.9214,2.9229,2.9294,2.9299,2.9264,2.9279,11
2026-03-18 05:47:00,2.9234,2.9234,2.9224,2.9229,2.9284,2.9284,2.9274,2.9279,3
2026-03-18 05:48:00,2.9224,2.9234,2.9224,2.9234,2.9274,2.9284,2.9274,2.9284,5
2026-03-18 05:49:00,2.9239,2.9265,2.9234,2.9254,2.9289,2.9314,2.9284,2.9304,16
2026-03-18 05:50:00,2.9249,2.9249,2.9219,2.9219,2.9299,2.9299,2.9269,2.9269,7
2026-03-18 05:51:00,2.9209,2.9219,2.9209,2.9209,2.9259,2.9269,2.9259,2.9259,13
2026-03-18 05:52:00,2.9214,2.9214,2.9194,2.9204,2.9264,2.9264,2.9244,2.9254,5
2026-03-18 05:53:00,2.9199,2.9199,2.9194,2.9194,2.9249,2.9249,2.9244,2.9244,2
2026-03-18 05:55:00,2.9185,2.9189,2.9185,2.9189,2.9234,2.9239,2.9234,2.9239,2
2026-03-18 05:56:00,2.9194,2.9194,2.9189,2.9189,2.9244,2.9244,2.9239,2.9239,10
2026-03-18 05:57:00,2.9194,2.9204,2.9194,2.9199,2.9244,2.9254,2.9244,2.9249,6
2026-03-18 05:58:00,2.9204,2.9204,2.9179,2.9189,2.9254,2.9254,2.9229,2.9239,10
2026-03-18 05:59:00,2.9194,2.9194,2.9179,2.9185,2.9244,2.9244,2.9229,2.9234,4
2026-03-18 06:00:00,2.9189,2.9209,2.9189,2.9209,2.9239,2.9259,2.9239,2.9259,6
2026-03-18 06:01:00,2.9199,2.9209,2.9189,2.9189,2.9249,2.9259,2.9239,2.9239,6
2026-03-18 06:02:00,2.9185,2.9185,2.9179,2.9179,2.9234,2.9234,2.9229,2.9229,2
2026-03-18 06:03:00,2.9174,2.9174,2.9149,2.9149,2.9224,2.9224,2.9199,2.9199,7
2026-03-18 06:04:00,2.9154,2.9154,2.9149,2.9149,2.9204,2.9204,2.9199,2.9199,2
2026-03-18 06:05:00,2.9154,2.9194,2.9154,2.9164,2.9204,2.9244,2.9204,2.9214,25
2026-03-18 06:06:00,2.9169,2.9234,2.9169,2.9234,2.9219,2.9284,2.9219,2.9284,12
2026-03-18 06:07:00,2.9224,2.9244,2.9224,2.9244,2.9274,2.9294,2.9274,2.9294,6
2026-03-18 06:08:00,2.9249,2.9254,2.9234,2.9234,2.9299,2.9304,2.9284,2.9284,6
2026-03-18 06:09:00,2.9244,2.9254,2.9185,2.9194,2.9294,2.9304,2.9234,2.9244,14
2026-03-18 06:10:00,2.9189,2.9194,2.9174,2.9179,2.9239,2.9244,2.9224,2.9229,13
2026-03-18 06:11:00,2.9185,2.9204,2.9185,2.9204,2.9234,2.9254,2.9234,2.9254,8
2026-03-18 06:12:00,2.9199,2.9199,2.9199,2.9199,2.9249,2.9249,2.9249,2.9249,1
2026-03-18 06:13:00,2.9194,2.9204,2.9185,2.9185,2.9244,2.9254,2.9234,2.9234,6
2026-03-18 06:14:00,2.9189,2.9204,2.9189,2.9204,2.9239,2.9254,2.9239,2.9254,2
2026-03-18 06:15:00,2.9199,2.9204,2.9194,2.9204,2.9249,2.9254,2.9244,2.9254,6
2026-03-18 06:16:00,2.9199,2.9199,2.9199,2.9199,2.9249,2.9249,2.9249,2.9249,1
2026-03-18 06:18:00,2.9204,2.9224,2.9204,2.9209,2.9254,2.9274,2.9254,2.9259,8
2026-03-18 06:19:00,2.9199,2.9204,2.9194,2.9204,2.9249,2.9254,2.9244,2.9254,4
2026-03-18 06:20:00,2.9209,2.9209,2.9209,2.9209,2.9259,2.9259,2.9259,2.9259,1
2026-03-18 06:21:00,2.9204,2.9204,2.9194,2.9194,2.9254,2.9254,2.9244,2.9244,3
2026-03-18 06:22:00,2.9199,2.9209,2.9199,2.9204,2.9249,2.9259,2.9249,2.9254,4
2026-03-18 06:23:00,2.9199,2.9199,2.9189,2.9189,2.9249,2.9249,2.9239,2.9239,3
2026-03-18 06:24:00,2.9185,2.9199,2.9185,2.9199,2.9234,2.9249,2.9234,2.9249,5
2026-03-18 06:25:00,2.9204,2.9204,2.9199,2.9199,2.9254,2.9254,2.9249,2.9249,2
2026-03-18 06:26:00,2.9204,2.9204,2.9204,2.9204,2.9254,2.9254,2.9254,2.9254,1
2026-03-18 06:27:00,2.9194,2.9204,2.9189,2.9199,2.9244,2.9254,2.9239,2.9249,7
2026-03-18 06:28:00,2.9194,2.9204,2.9189,2.9204,2.9244,2.9254,2.9239,2.9254,5
2026-03-18 06:29:00,2.9209,2.9209,2.9199,2.9199,2.9259,2.9259,2.9249,2.9249,4
2026-03-18 06:30:00,2.9194,2.9194,2.9154,2.9164,2.9244,2.9244,2.9204,2.9214,7
2026-03-18 06:31:00,2.9159,2.9159,2.9144,2.9144,2.9209,2.9209,2.9194,2.9194,7
2026-03-18 06:33:00,2.9154,2.9174,2.9154,2.9169,2.9204,2.9224,2.9204,2.9219,9
2026-03-18 06:34:00,2.9174,2.9199,2.9169,2.9189,2.9224,2.9249,2.9219,2.9239,9
2026-03-18 06:35:00,2.9194,2.9194,2.9154,2.9169,2.9244,2.9244,2.9204,2.9219,10
2026-03-18 06:36:00,2.9174,2.9174,2.9174,2.9174,2.9224,2.9224,2.9224,2.9224,1
2026-03-18 06:37:00,2.9169,2.9174,2.9154,2.9164,2.9219,2.9224,2.9204,2.9214,4
2026-03-18 06:38:00,2.9169,2.9169,2.9159,2.9159,2.9219,2.9219,2.9209,2.9209,2
2026-03-18 06:39:00,2.9164,2.9164,2.9159,2.9159,2.9214,2.9214,2.9209,2.9209,2
2026-03-18 06:40:00,2.9154,2.9159,2.9149,2.9149,2.9204,2.9209,2.9199,2.9199,3
2026-03-18 06:41:00,2.9164,2.9164,2.9149,2.9149,2.9214,2.9214,2.9199,2.9199,3
2026-03-18 06:42:00,2.9144,2.9154,2.9144,2.9154,2.9194,2.9204,2.9194,2.9204,4
2026-03-18 06:43:00,2.9159,2.9159,2.9144,2.9144,2.9209,2.9209,2.9194,2.9194,3
2026-03-18 06:44:00,2.9149,2.9159,2.9144,2.9154,2.9199,2.9209,2.9194,2.9204,8
2026-03-18 06:45:00,2.9149,2.9149,2.9124,2.9124,2.9199,2.9199,2.9174,2.9174,5
2026-03-18 06:46:00,2.9134,2.9134,2.9124,2.9124,2.9184,2.9184,2.9174,2.9174,3
2026-03-18 06:47:00,2.9114,2.9124,2.9104,2.9124,2.9164,2.9174,2.9154,2.9174,7
2026-03-18 06:49:00,2.9129,2.9154,2.9129,2.9154,2.9179,2.9204,2.9179,2.9204,6
2026-03-18 06:50:00,2.9149,2.9154,2.9139,2.9144,2.9199,2.9204,2.9189,2.9194,6
2026-03-18 06:51:00,2.9149,2.9149,2.9144,2.9144,2.9199,2.9199,2.9194,2.9194,2
2026-03-18 06:52:00,2.9139,2.9144,2.9139,2.9144,2.9189,2.9194,2.9189,2.9194,6
2026-03-18 06:53:00,2.9149,2.9154,2.9129,2.9144,2.9199,2.9204,2.9179,2.9194,10
2026-03-18 06:54:00,2.9134,2.9139,2.9129,2.9139,2.9184,2.9189,2.9179,2.9189,4
2026-03-18 06:55:00,2.9144,2.9144,2.9134,2.9134,2.9194,2.9194,2.9184,2.9184,3
2026-03-18 06:56:00,2.9124,2.9129,2.9124,2.9129,2.9174,2.9179,2.9174,2.9179,2
2026-03-18 06:57:00,2.9134,2.9134,2.9134,2.9134,2.9184,2.9184,2.9184,2.9184,1
2026-03-18 06:58:00,2.9129,2.9144,2.9129,2.9144,2.9179,2.9194,2.9179,2.9194,10
2026-03-18 06:59:00,2.9139,2.9139,2.9124,2.9129,2.9189,2.9189,2.9174,2.9179,3
2026-03-18 07:00:00,2.9134,2.9214,2.9114,2.9199,2.9184,2.9264,2.9164,2.9249,28
2026-03-18 07:01:00,2.9194,2.9199,2.9179,2.9179,2.9244,2.9249,2.9229,2.9229,11
2026-03-18 07:02:00,2.9174,2.9174,2.9154,2.9164,2.9224,2.9224,2.9204,2.9214,8
2026-03-18 07:03:00,2.9154,2.9204,2.9154,2.9199,2.9204,2.9254,2.9204,2.9249,8
2026-03-18 07:04:00,2.9179,2.9204,2.9164,2.9174,2.9229,2.9254,2.9214,2.9224,31
2026-03-18 07:05:00,2.9169,2.9169,2.9149,2.9159,2.9219,2.9219,2.9199,2.9209,12
2026-03-18 07:06:00,2.9154,2.9164,2.9139,2.9139,2.9204,2.9214,2.9189,2.9189,17
2026-03-18 07:07:00,2.9144,2.9149,2.9144,2.9144,2.9194,2.9199,2.9194,2.9194,7
2026-03-18 07:08:00,2.9139,2.9154,2.9134,2.9139,2.9189,2.9204,2.9184,2.9189,11
2026-03-18 07:09:00,2.9144,2.9144,2.9129,2.9129,2.9194,2.9194,2.9179,2.9179,6
2026-03-18 07:10:00,2.9124,2.9134,2.9114,2.9129,2.9174,2.9184,2.9164,2.9179,6
2026-03-18 07:11:00,2.9124,2.9124,2.9109,2.9109,2.9174,2.9174,2.9159,2.9159,4
2026-03-18 07:12:00,2.9114,2.9114,2.9074,2.9079,2.9164,2.9164,2.9124,2.9129,16
2026-03-18 07:13:00,2.9074,2.9084,2.9069,2.9079,2.9124,2.9134,2.9119,2.9129,11
2026-03-18 07:14:00,2.9084,2.9084,2.9074,2.9084,2.9134,2.9134,2.9124,2.9134,5
2026-03-18 07:15:00,2.9079,2.9084,2.9064,2.9074,2.9129,2.9134,2.9114,2.9124,9
2026-03-18 07:16:00,2.9094,2.9114,2.9084,2.9089,2.9144,2.9164,2.9134,2.9139,12
2026-03-18 07:17:00,2.9094,2.9094,2.9079,2.9089,2.9144,2.9144,2.9129,2.9139,5
2026-03-18 07:18:00,2.9084,2.9084,2.9064,2.9074,2.9134,2.9134,2.9114,2.9124,8
2026-03-18 07:19:00,2.9079,2.9084,2.9074,2.9079,2.9129,2.9134,2.9124,2.9129,4
2026-03-18 07:20:00,2.9064,2.9069,2.9034,2.9059,2.9114,2.9119,2.9084,2.9109,19
2026-03-18 07:21:00,2.9054,2.9054,2.9034,2.9034,2.9104,2.9104,2.9084,2.9084,3
2026-03-18 07:22:00,2.9044,2.9059,2.9044,2.9059,2.9094,2.9109,2.9094,2.9109,6
2026-03-18 07:23:00,2.9054,2.9054,2.9044,2.9044,2.9104,2.9104,2.9094,2.9094,5
2026-03-18 07:24:00,2.9034,2.9034,2.9004,2.9024,2.9084,2.9084,2.9054,2.9074,8
2026-03-18 07:25:00,2.9029,2.9029,2.9014,2.9019,2.9079,2.9079,2.9064,2.9069,4
2026-03-18 07:26:00,2.9014,2.9014,2.8994,2.8999,2.9064,2.9064,2.9044,2.9049,7
2026-03-18 07:27:00,2.9009,2.9024,2.9004,2.9024,2.9059,2.9074,2.9054,2.9074,5
2026-03-18 07:28:00,2.9014,2.9024,2.8999,2.9024,2.9064,2.9074,2.9049,2.9074,10
2026-03-18 07:29:00,2.9029,2.9034,2.9029,2.9034,2.9079,2.9084,2.9079,2.9084,2
2026-03-18 07:30:00,2.9029,2.9059,2.9014,2.9059,2.9079,2.9109,2.9064,2.9109,8
2026-03-18 07:31:00,2.9064,2.9064,2.9049,2.9059,2.9114,2.9114,2.9099,2.9109,5
2026-03-18 07:32:00,2.9054,2.9079,2.9054,2.9079,2.9104,2.9129,2.9104,2.9129,6
2026-03-18 07:33:00,2.9074,2.9074,2.9064,2.9064,2.9124,2.9124,2.9114,2.9114,7
2026-03-18 07:34:00,2.9069,2.9069,2.9064,2.9064,2.9119,2.9119,2.9114,2.9114,2
2026-03-18 07:35:00,2.9074,2.9094,2.9069,2.9084,2.9124,2.9144,2.9119,2.9134,7
2026-03-18 07:36:00,2.9079,2.9079,2.9064,2.9064,2.9129,2.9129,2.9114,2.9114,4
2026-03-18 07:37:00,2.9069,2.9074,2.9069,2.9074,2.9119,2.9124,2.9119,2.9124,2
2026-03-18 07:38:00,2.9084,2.9084,2.9084,2.9084,2.9134,2.9134,2.9134,2.9134,1
2026-03-18 07:39:00,2.9079,2.9084,2.9079,2.9079,2.9129,2.9134,2.9129,2.9129,3
2026-03-18 07:40:00,2.9084,2.9094,2.9069,2.9089,2.9134,2.9144,2.9119,2.9139,13
2026-03-18 07:41:00,2.9084,2.9089,2.9079,2.9079,2.9134,2.9139,2.9129,2.9129,4
2026-03-18 07:42:00,2.9084,2.9094,2.9074,2.9079,2.9134,2.9144,2.9124,2.9129,12
2026-03-18 07:43:00,2.9084,2.9104,2.9084,2.9104,2.9134,2.9154,2.9134,2.9154,4
2026-03-18 07:44:00,2.9099,2.9099,2.9099,2.9099,2.9149,2.9149,2.9149,2.9149,1
2026-03-18 07:45:00,2.9094,2.9104,2.9094,2.9104,2.9144,2.9154,2.9144,2.9154,3
2026-03-18 07:46:00,2.9099,2.9104,2.9084,2.9094,2.9149,2.9154,2.9134,2.9144,6
2026-03-18 07:47:00,2.9114,2.9129,2.9114,2.9119,2.9164,2.9179,2.9164,2.9169,7
2026-03-18 07:48:00,2.9124,2.9134,2.9124,2.9129,2.9174,2.9184,2.9174,2.9179,3
2026-03-18 07:49:00,2.9114,2.9124,2.9114,2.9124,2.9164,2.9174,2.9164,2.9174,5
2026-03-18 07:50:00,2.9134,2.9144,2.9124,2.9144,2.9184,2.9194,2.9174,2.9194,4
2026-03-18 07:51:00,2.9154,2.9164,2.9154,2.9164,2.9204,2.9214,2.9204,2.9214,2
2026-03-18 07:52:00,2.9174,2.9174,2.9154,2.9164,2.9224,2.9224,2.9204,2.9214,8
2026-03-18 07:53:00,2.9154,2.9164,2.9154,2.9164,2.9204,2.9214,2.9204,2.9214,2
2026-03-18 07:54:00,2.9159,2.9174,2.9159,2.9164,2.9209,2.9224,2.9209,2.9214,3
2026-03-18 07:55:00,2.9174,2.9174,2.9164,2.9164,2.9224,2.9224,2.9214,2.9214,2
2026-03-18 07:56:00,2.9174,2.9185,2.9164,2.9174,2.9224,2.9234,2.9214,2.9224,7
2026-03-18 07:57:00,2.9164,2.9164,2.9164,2.9164,2.9214,2.9214,2.9214,2.9214,1
2026-03-18 07:58:00,2.9169,2.9169,2.9104,2.9104,2.9219,2.9219,2.9154,2.9154,15
2026-03-18 07:59:00,2.9094,2.9114,2.9094,2.9104,2.9144,2.9164,2.9144,2.9154,11
2026-03-18 08:00:00,2.9099,2.9114,2.9084,2.9109,2.9149,2.9164,2.9134,2.9159,14
2026-03-18 08:01:00,2.9119,2.9124,2.9104,2.9104,2.9169,2.9174,2.9154,2.9154,7
2026-03-18 08:02:00,2.9099,2.9114,2.9089,2.9094,2.9149,2.9164,2.9139,2.9144,12
2026-03-18 08:04:00,2.9099,2.9104,2.9099,2.9104,2.9149,2.9154,2.9149,2.9154,2
2026-03-18 08:05:00,2.9089,2.9089,2.9074,2.9079,2.9139,2.9139,2.9124,2.9129,11
2026-03-18 08:06:00,2.9069,2.9069,2.9064,2.9064,2.9119,2.9119,2.9114,2.9114,8
2026-03-18 08:07:00,2.9059,2.9074,2.9054,2.9054,2.9109,2.9124,2.9104,2.9104,6
2026-03-18 08:08:00,2.9049,2.9059,2.9024,2.9054,2.9099,2.9109,2.9074,2.9104,22
2026-03-18 08:09:00,2.9064,2.9084,2.9064,2.9084,2.9114,2.9134,2.9114,2.9134,8
2026-03-18 08:10:00,2.9079,2.9094,2.9079,2.9094,2.9129,2.9144,2.9129,2.9144,6
2026-03-18 08:11:00,2.9089,2.9094,2.9084,2.9094,2.9139,2.9144,2.9134,2.9144,18
2026-03-18 08:12:00,2.9089,2.9089,2.9024,2.9029,2.9139,2.9139,2.9074,2.9079,15
2026-03-18 08:13:00,2.9034,2.9044,2.9014,2.9019,2.9084,2.9094,2.9064,2.9069,21
2026-03-18 08:14:00,2.9024,2.9044,2.9014,2.9029,2.9074,2.9094,2.9064,2.9079,13
2026-03-18 08:15:00,2.9039,2.9049,2.9034,2.9049,2.9089,2.9099,2.9084,2.9099,7
2026-03-18 08:16:00,2.9044,2.9044,2.9039,2.9044,2.9094,2.9094,2.9089,2.9094,7
2026-03-18 08:17:00,2.9034,2.9064,2.9034,2.9064,2.9084,2.9114,2.9084,2.9114,15
2026-03-18 08:18:00,2.9069,2.9084,2.9064,2.9064,2.9119,2.9134,2.9114,2.9114,20
2026-03-18 08:19:00,2.9054,2.9054,2.9039,2.9054,2.9104,2.9104,2.9089,2.9104,5
2026-03-18 08:20:00,2.9059,2.9064,2.9034,2.9059,2.9109,2.9114,2.9084,2.9109,23
2026-03-18 08:21:00,2.9064,2.9074,2.9049,2.9049,2.9114,2.9124,2.9099,2.9099,7
2026-03-18 08:22:00,2.9044,2.9044,2.9014,2.9024,2.9094,2.9094,2.9064,2.9074,9
2026-03-18 08:23:00,2.9019,2.9019,2.9014,2.9014,2.9069,2.9069,2.9064,2.9064,4
2026-03-18 08:24:00,2.9019,2.9024,2.9004,2.9019,2.9069,2.9074,2.9054,2.9069,7
2026-03-18 08:25:00,2.9014,2.9049,2.9014,2.9024,2.9064,2.9099,2.9064,2.9074,10
2026-03-18 08:26:00,2.9019,2.9029,2.9019,2.9029,2.9069,2.9079,2.9069,2.9079,5
2026-03-18 08:27:00,2.9034,2.9034,2.9024,2.9034,2.9084,2.9084,2.9074,2.9084,4
2026-03-18 08:28:00,2.9044,2.9044,2.9014,2.9024,2.9094,2.9094,2.9064,2.9074,13
2026-03-18 08:29:00,2.9014,2.9029,2.9014,2.9014,2.9064,2.9079,2.9064,2.9064,10
2026-03-18 08:30:00,2.9009,2.9024,2.9009,2.9024,2.9059,2.9074,2.9059,2.9074,6
2026-03-18 08:31:00,2.9019,2.9054,2.9019,2.9024,2.9069,2.9104,2.9069,2.9074,15
2026-03-18 08:32:00,2.9019,2.9049,2.9019,2.9049,2.9069,2.9099,2.9069,2.9099,23
2026-03-18 08:33:00,2.9044,2.9084,2.9044,2.9074,2.9094,2.9134,2.9094,2.9124,13
2026-03-18 08:34:00,2.9079,2.9104,2.9069,2.9094,2.9129,2.9154,2.9119,2.9144,12
2026-03-18 08:35:00,2.9089,2.9174,2.9089,2.9174,2.9139,2.9224,2.9139,2.9224,23
2026-03-18 08:36:00,2.9164,2.9164,2.9139,2.9164,2.9214,2.9214,2.9189,2.9214,18
2026-03-18 08:37:00,2.9159,2.9164,2.9139,2.9144,2.9209,2.9214,2.9189,2.9194,15
2026-03-18 08:38:00,2.9149,2.9154,2.9134,2.9154,2.9199,2.9204,2.9184,2.9204,12
2026-03-18 08:39:00,2.9159,2.9174,2.9159,2.9164,2.9209,2.9224,2.9209,2.9214,11
2026-03-18 08:40:00,2.9169,2.9174,2.9144,2.9144,2.9219,2.9224,2.9194,2.9194,7
2026-03-18 08:41:00,2.9139,2.9139,2.9119,2.9119,2.9189,2.9189,2.9169,2.9169,4
2026-03-18 08:42:00,2.9124,2.9144,2.9119,2.9124,2.9174,2.9194,2.9169,2.9174,7
2026-03-18 08:43:00,2.9114,2.9124,2.9114,2.9114,2.9164,2.9174,2.9164,2.9164,4
2026-03-18 08:44:00,2.9119,2.9129,2.9109,2.9129,2.9169,2.9179,2.9159,2.9179,7
2026-03-18 08:45:00,2.9134,2.9134,2.9124,2.9134,2.9184,2.9184,2.9174,2.9184,4
2026-03-18 08:46:00,2.9144,2.9144,2.9129,2.9134,2.9194,2.9194,2.9179,2.9184,13
2026-03-18 08:47:00,2.9129,2.9129,2.9114,2.9124,2.9179,2.9179,2.9164,2.9174,5
2026-03-18 08:49:00,2.9129,2.9129,2.9124,2.9124,2.9179,2.9179,2.9174,2.9174,2
2026-03-18 08:50:00,2.9114,2.9119,2.9104,2.9109,2.9164,2.9169,2.9154,2.9159,10
2026-03-18 08:51:00,2.9114,2.9124,2.9114,2.9124,2.9164,2.9174,2.9164,2.9174,3
2026-03-18 08:52:00,2.9129,2.9134,2.9129,2.9134,2.9179,2.9184,2.9179,2.9184,2
2026-03-18 08:53:00,2.9124,2.9144,2.9124,2.9124,2.9174,2.9194,2.9174,2.9174,11
2026-03-18 08:54:00,2.9129,2.9149,2.9129,2.9129,2.9179,2.9199,2.9179,2.9179,8
2026-03-18 08:55:00,2.9134,2.9154,2.9134,2.9144,2.9184,2.9204,2.9184,2.9194,8
2026-03-18 08:56:00,2.9139,2.9149,2.9139,2.9149,2.9189,2.9199,2.9189,2.9199,5
2026-03-18 08:57:00,2.9144,2.9154,2.9134,2.9154,2.9194,2.9204,2.9184,2.9204,7
2026-03-18 08:58:00,2.9159,2.9174,2.9159,2.9174,2.9209,2.9224,2.9209,2.9224,4
2026-03-18 08:59:00,2.9169,2.9209,2.9169,2.9185,2.9219,2.9259,2.9219,2.9234,7
2026-03-18 09:00:00,2.9199,2.9204,2.9154,2.9185,2.9249,2.9254,2.9204,2.9234,25
2026-03-18 09:01:00,2.9189,2.9189,2.9174,2.9174,2.9239,2.9239,2.9224,2.9224,4
2026-03-18 09:02:00,2.9185,2.9185,2.9174,2.9185,2.9234,2.9234,2.9224,2.9234,7
2026-03-18 09:03:00,2.9179,2.9185,2.9174,2.9185,2.9229,2.9234,2.9224,2.9234,9
2026-03-18 09:04:00,2.9194,2.9194,2.9144,2.9154,2.9244,2.9244,2.9194,2.9204,22
2026-03-18 09:05:00,2.9144,2.9149,2.9144,2.9144,2.9194,2.9199,2.9194,2.9194,3
2026-03-18 09:06:00,2.9139,2.9139,2.9114,2.9124,2.9189,2.9189,2.9164,2.9174,11
2026-03-18 09:07:00,2.9134,2.9144,2.9134,2.9134,2.9184,2.9194,2.9184,2.9184,5
2026-03-18 09:08:00,2.9124,2.9124,2.9124,2.9124,2.9174,2.9174,2.9174,2.9174,1
2026-03-18 09:09:00,2.9134,2.9134,2.9124,2.9124,2.9184,2.9184,2.9174,2.9174,13
2026-03-18 09:10:00,2.9134,2.9144,2.9124,2.9134,2.9184,2.9194,2.9174,2.9184,25
2026-03-18 09:11:00,2.9139,2.9154,2.9134,2.9144,2.9189,2.9204,2.9184,2.9194,15
2026-03-18 09:12:00,2.9149,2.9164,2.9144,2.9154,2.9199,2.9214,2.9194,2.9204,5
2026-03-18 09:13:00,2.9159,2.9169,2.9159,2.9164,2.9209,2.9219,2.9209,2.9214,8
2026-03-18 09:14:00,2.9174,2.9194,2.9164,2.9185,2.9224,2.9244,2.9214,2.9234,14
2026-03-18 09:15:00,2.9189,2.9189,2.9179,2.9179,2.9239,2.9239,2.9229,2.9229,4
2026-03-18 09:16:00,2.9174,2.9174,2.9169,2.9174,2.9224,2.9224,2.9219,2.9224,3
2026-03-18 09:17:00,2.9179,2.9179,2.9164,2.9164,2.9229,2.9229,2.9214,2.9214,4
2026-03-18 09:18:00,2.9169,2.9174,2.9169,2.9169,2.9219,2.9224,2.9219,2.9219,5
2026-03-18 09:19:00,2.9174,2.9174,2.9144,2.9154,2.9224,2.9224,2.9194,2.9204,9
2026-03-18 09:20:00,2.9149,2.9154,2.9134,2.9144,2.9199,2.9204,2.9184,2.9194,19
2026-03-18 09:21:00,2.9149,2.9149,2.9104,2.9114,2.9199,2.9199,2.9154,2.9164,14
2026-03-18 09:22:00,2.9119,2.9149,2.9119,2.9124,2.9169,2.9199,2.9169,2.9174,18
2026-03-18 09:23:00,2.9119,2.9139,2.9119,2.9139,2.9169,2.9189,2.9169,2.9189,6
2026-03-18 09:24:00,2.9149,2.9164,2.9139,2.9144,2.9199,2.9214,2.9189,2.9194,10
2026-03-18 09:25:00,2.9139,2.9185,2.9139,2.9185,2.9189,2.9234,2.9189,2.9234,8
2026-03-18 09:26:00,2.9174,2.9174,2.9159,2.9164,2.9224,2.9224,2.9209,2.9214,7
2026-03-18 09:27:00,2.9159,2.9164,2.9154,2.9159,2.9209,2.9214,2.9204,2.9209,5
2026-03-18 09:28:00,2.9164,2.9179,2.9159,2.9179,2.9214,2.9229,2.9209,2.9229,6
2026-03-18 09:29:00,2.9174,2.9194,2.9159,2.9194,2.9224,2.9244,2.9209,2.9244,12
2026-03-18 09:30:00,2.9199,2.9244,2.9194,2.9234,2.9249,2.9294,2.9244,2.9284,22
2026-03-18 09:31:00,2.9224,2.9224,2.9209,2.9219,2.9274,2.9274,2.9259,2.9269,12
2026-03-18 09:32:00,2.9214,2.9214,2.9209,2.9209,2.9264,2.9264,2.9259,2.9259,2
2026-03-18 09:33:00,2.9219,2.9244,2.9219,2.9244,2.9269,2.9294,2.9269,2.9294,6
2026-03-18 09:34:00,2.9239,2.9249,2.9219,2.9219,2.9289,2.9299,2.9269,2.9269,16
2026-03-18 09:35:00,2.9224,2.9234,2.9209,2.9229,2.9274,2.9284,2.9259,2.9279,8
2026-03-18 09:36:00,2.9224,2.9224,2.9209,2.9214,2.9274,2.9274,2.9259,2.9264,4
2026-03-18 09:37:00,2.9209,2.9209,2.9204,2.9204,2.9259,2.9259,2.9254,2.9254,2
2026-03-18 09:38:00,2.9209,2.9214,2.9209,2.9209,2.9259,2.9264,2.9259,2.9259,3
2026-03-18 09:39:00,2.9214,2.9219,2.9214,2.9219,2.9264,2.9269,2.9264,2.9269,6
2026-03-18 09:40:00,2.9224,2.9224,2.9189,2.9189,2.9274,2.9274,2.9239,2.9239,8
2026-03-18 09:41:00,2.9194,2.9194,2.9194,2.9194,2.9244,2.9244,2.9244,2.9244,1
2026-03-18 09:42:00,2.9199,2.9219,2.9199,2.9209,2.9249,2.9269,2.9249,2.9259,12
2026-03-18 09:43:00,2.9214,2.9254,2.9204,2.9254,2.9264,2.9304,2.9254,2.9304,20
2026-03-18 09:44:00,2.9259,2.9259,2.9234,2.9234,2.9309,2.9309,2.9284,2.9284,7
2026-03-18 09:45:00,2.9239,2.9259,2.9239,2.9254,2.9289,2.9309,2.9289,2.9304,8
2026-03-18 09:46:00,2.9265,2.9265,2.9254,2.9259,2.9314,2.9314,2.9304,2.9309,6
2026-03-18 09:47:00,2.9254,2.9254,2.9219,2.9219,2.9304,2.9304,2.9269,2.9269,9
2026-03-18 09:48:00,2.9224,2.9234,2.9214,2.9229,2.9274,2.9284,2.9264,2.9279,10
2026-03-18 09:49:00,2.9224,2.9234,2.9219,2.9219,2.9274,2.9284,2.9269,2.9269,8
2026-03-18 09:50:00,2.9214,2.9214,2.9209,2.9214,2.9264,2.9264,2.9259,2.9264,3
2026-03-18 09:51:00,2.9209,2.9214,2.9204,2.9214,2.9259,2.9264,2.9254,2.9264,4
2026-03-18 09:52:00,2.9209,2.9209,2.9174,2.9174,2.9259,2.9259,2.9224,2.9224,10
2026-03-18 09:53:00,2.9164,2.9185,2.9164,2.9179,2.9214,2.9234,2.9214,2.9229,10
2026-03-18 09:54:00,2.9185,2.9194,2.9174,2.9185,2.9234,2.9244,2.9224,2.9234,12
2026-03-18 09:55:00,2.9174,2.9185,2.9174,2.9185,2.9224,2.9234,2.9224,2.9234,8
2026-03-18 09:56:00,2.9189,2.9189,2.9179,2.9179,2.9239,2.9239,2.9229,2.9229,7
2026-03-18 09:57:00,2.9174,2.9185,2.9144,2.9154,2.9224,2.9234,2.9194,2.9204,11
2026-03-18 09:58:00,2.9144,2.9154,2.9139,2.9139,2.9194,2.9204,2.9189,2.9189,8
2026-03-18 09:59:00,2.9144,2.9144,2.9134,2.9134,2.9194,2.9194,2.9184,2.9184,3
2026-03-18 10:00:00,2.9129,2.9154,2.9114,2.9154,2.9179,2.9204,2.9164,2.9204,14
2026-03-18 10:01:00,2.9149,2.9154,2.9129,2.9144,2.9199,2.9204,2.9179,2.9194,17
2026-03-18 10:02:00,2.9149,2.9164,2.9149,2.9164,2.9199,2.9214,2.9199,2.9214,9
2026-03-18 10:03:00,2.9159,2.9169,2.9154,2.9164,2.9209,2.9219,2.9204,2.9214,6
2026-03-18 10:04:00,2.9174,2.9174,2.9154,2.9159,2.9224,2.9224,2.9204,2.9209,11
2026-03-18 10:05:00,2.9149,2.9174,2.9139,2.9169,2.9199,2.9224,2.9189,2.9219,18
2026-03-18 10:06:00,2.9164,2.9164,2.9139,2.9144,2.9214,2.9214,2.9189,2.9194,10
2026-03-18 10:07:00,2.9139,2.9139,2.9119,2.9124,2.9189,2.9189,2.9169,2.9174,10
2026-03-18 10:08:00,2.9119,2.9144,2.9104,2.9134,2.9169,2.9194,2.9154,2.9184,24
2026-03-18 10:09:00,2.9129,2.9134,2.9124,2.9124,2.9179,2.9184,2.9174,2.9174,5
2026-03-18 10:10:00,2.9134,2.9134,2.9124,2.9124,2.9184,2.9184,2.9174,2.9174,5
2026-03-18 10:12:00,2.9129,2.9179,2.9124,2.9179,2.9179,2.9229,2.9174,2.9229,13
2026-03-18 10:13:00,2.9174,2.9204,2.9154,2.9199,2.9224,2.9254,2.9204,2.9249,19
2026-03-18 10:14:00,2.9194,2.9209,2.9194,2.9209,2.9244,2.9259,2.9244,2.9259,9
2026-03-18 10:15:00,2.9204,2.9229,2.9199,2.9199,2.9254,2.9279,2.9249,2.9249,16
2026-03-18 10:16:00,2.9194,2.9199,2.9189,2.9194,2.9244,2.9249,2.9239,2.9244,5
2026-03-18 10:17:00,2.9199,2.9204,2.9194,2.9194,2.9249,2.9254,2.9244,2.9244,4
2026-03-18 10:18:00,2.9189,2.9194,2.9185,2.9185,2.9239,2.9244,2.9234,2.9234,7
2026-03-18 10:19:00,2.9179,2.9185,2.9174,2.9174,2.9229,2.9234,2.9224,2.9224,6
2026-03-18 10:20:00,2.9185,2.9185,2.9174,2.9174,2.9234,2.9234,2.9224,2.9224,4
2026-03-18 10:21:00,2.9164,2.9185,2.9164,2.9185,2.9214,2.9234,2.9214,2.9234,13
2026-03-18 10:22:00,2.9179,2.9189,2.9169,2.9174,2.9229,2.9239,2.9219,2.9224,14
2026-03-18 10:23:00,2.9185,2.9189,2.9174,2.9189,2.9234,2.9239,2.9224,2.9239,5
2026-03-18 10:24:00,2.9185,2.9185,2.9169,2.9169,2.9234,2.9234,2.9219,2.9219,3
2026-03-18 10:25:00,2.9174,2.9194,2.9169,2.9174,2.9224,2.9244,2.9219,2.9224,14
2026-03-18 10:26:00,2.9164,2.9179,2.9159,2.9179,2.9214,2.9229,2.9209,2.9229,15
2026-03-18 10:27:00,2.9174,2.9179,2.9159,2.9159,2.9224,2.9229,2.9209,2.9209,26
2026-03-18 10:28:00,2.9164,2.9174,2.9139,2.9144,2.9214,2.9224,2.9189,2.9194,12
2026-03-18 10:29:00,2.9154,2.9154,2.9129,2.9134,2.9204,2.9204,2.9179,2.9184,9
2026-03-18 10:30:00,2.9129,2.9149,2.9124,2.9129,2.9179,2.9199,2.9174,2.9179,18
2026-03-18 10:31:00,2.9134,2.9139,2.9129,2.9139,2.9184,2.9189,2.9179,2.9189,12
2026-03-18 10:32:00,2.9134,2.9144,2.9134,2.9139,2.9184,2.9194,2.9184,2.9189,4
2026-03-18 10:33:00,2.9144,2.9144,2.9134,2.9134,2.9194,2.9194,2.9184,2.9184,3
2026-03-18 10:34:00,2.9144,2.9149,2.9139,2.9149,2.9194,2.9199,2.9189,2.9199,18
2026-03-18 10:35:00,2.9144,2.9144,2.9134,2.9134,2.9194,2.9194,2.9184,2.9184,5
2026-03-18 10:36:00,2.9139,2.9139,2.9139,2.9139,2.9189,2.9189,2.9189,2.9189,1
2026-03-18 10:37:00,2.9134,2.9134,2.9129,2.9134,2.9184,2.9184,2.9179,2.9184,3
2026-03-18 10:38:00,2.9139,2.9189,2.9139,2.9189,2.9189,2.9239,2.9189,2.9239,17
2026-03-18 10:39:00,2.9179,2.9185,2.9179,2.9185,2.9229,2.9234,2.9229,2.9234,6
2026-03-18 10:40:00,2.9189,2.9199,2.9189,2.9199,2.9239,2.9249,2.9239,2.9249,5
2026-03-18 10:41:00,2.9194,2.9224,2.9179,2.9224,2.9244,2.9274,2.9229,2.9274,12
2026-03-18 10:42:00,2.9219,2.9265,2.9209,2.9234,2.9269,2.9314,2.9259,2.9284,9
2026-03-18 10:43:00,2.9229,2.9244,2.9219,2.9234,2.9279,2.9294,2.9269,2.9284,9
2026-03-18 10:44:00,2.9224,2.9319,2.9224,2.9314,2.9274,2.9369,2.9274,2.9364,30
2026-03-18 10:45:00,2.9309,2.9319,2.9299,2.9319,2.9359,2.9369,2.9349,2.9369,16
2026-03-18 10:46:00,2.9309,2.9324,2.9289,2.9294,2.9359,2.9374,2.9339,2.9344,24
2026-03-18 10:47:00,2.9299,2.9304,2.9284,2.9299,2.9349,2.9354,2.9334,2.9349,13
2026-03-18 10:48:00,2.9304,2.9349,2.9304,2.9345,2.9354,2.9399,2.9354,2.9394,21
2026-03-18 10:49:00,2.9349,2.9364,2.9334,2.9345,2.9399,2.9414,2.9384,2.9394,16
2026-03-18 10:50:00,2.9339,2.9345,2.9334,2.9345,2.9389,2.9394,2.9384,2.9394,9
2026-03-18 10:51:00,2.9339,2.9369,2.9339,2.9369,2.9389,2.9419,2.9389,2.9419,4
2026-03-18 10:52:00,2.9374,2.9374,2.9349,2.9354,2.9424,2.9424,2.9399,2.9404,22
2026-03-18 10:53:00,2.936,2.9374,2.936,2.9374,2.9409,2.9424,2.9409,2.9424,4
2026-03-18 10:54:00,2.9364,2.9374,2.9364,2.9374,2.9414,2.9424,2.9414,2.9424,4
2026-03-18 10:55:00,2.9364,2.9384,2.9354,2.9384,2.9414,2.9434,2.9404,2.9434,9
2026-03-18 10:56:00,2.9389,2.9414,2.9389,2.9414,2.9439,2.9464,2.9439,2.9464,13
2026-03-18 10:57:00,2.9419,2.9425,2.9394,2.9404,2.9469,2.9474,2.9444,2.9454,7
2026-03-18 10:58:00,2.9399,2.9414,2.9364,2.9384,2.9449,2.9464,2.9414,2.9434,15
2026-03-18 10:59:00,2.9389,2.9429,2.9389,2.9429,2.9439,2.9479,2.9439,2.9479,16
2026-03-18 11:00:00,2.9434,2.9439,2.9425,2.9434,2.9484,2.9489,2.9474,2.9484,19
2026-03-18 11:01:00,2.9444,2.9464,2.9444,2.9454,2.9494,2.9514,2.9494,2.9504,15
2026-03-18 11:02:00,2.9449,2.9449,2.9419,2.9439,2.9499,2.9499,2.9469,2.9489,14
2026-03-18 11:03:00,2.9444,2.9464,2.9439,2.9454,2.9494,2.9514,2.9489,2.9504,21
2026-03-18 11:04:00,2.9459,2.9484,2.9454,2.9454,2.9509,2.9534,2.9504,2.9504,21
2026-03-18 11:05:00,2.9444,2.9454,2.9434,2.9444,2.9494,2.9504,2.9484,2.9494,17
2026-03-18 11:06:00,2.9439,2.9439,2.9384,2.9384,2.9489,2.9489,2.9434,2.9434,29
2026-03-18 11:07:00,2.9374,2.9394,2.9374,2.9384,2.9424,2.9444,2.9424,2.9434,12
2026-03-18 11:08:00,2.9389,2.9399,2.9374,2.9374,2.9439,2.9449,2.9424,2.9424,10
2026-03-18 11:09:00,2.9364,2.9364,2.9354,2.9354,2.9414,2.9414,2.9404,2.9404,5
2026-03-18 11:10:00,2.9364,2.9364,2.9345,2.9364,2.9414,2.9414,2.9394,2.9414,22
2026-03-18 11:11:00,2.9369,2.9369,2.9354,2.9354,2.9419,2.9419,2.9404,2.9404,7
2026-03-18 11:12:00,2.9349,2.9364,2.9345,2.9364,2.9399,2.9414,2.9394,2.9414,9
2026-03-18 11:13:00,2.9369,2.9414,2.9364,2.9404,2.9419,2.9464,2.9414,2.9454,15
2026-03-18 11:14:00,2.9399,2.9419,2.9384,2.9419,2.9449,2.9469,2.9434,2.9469,12
2026-03-18 11:15:00,2.9425,2.9434,2.9425,2.9429,2.9474,2.9484,2.9474,2.9479,6
2026-03-18 11:16:00,2.9425,2.9444,2.9425,2.9434,2.9474,2.9494,2.9474,2.9484,7
2026-03-18 11:17:00,2.9439,2.9444,2.9439,2.9444,2.9489,2.9494,2.9489,2.9494,2
2026-03-18 11:18:00,2.9439,2.9439,2.9414,2.9414,2.9489,2.9489,2.9464,2.9464,6
2026-03-18 11:19:00,2.9419,2.9419,2.9394,2.9394,2.9469,2.9469,2.9444,2.9444,7
2026-03-18 11:20:00,2.9389,2.9414,2.9384,2.9414,2.9439,2.9464,2.9434,2.9464,10
2026-03-18 11:21:00,2.9404,2.9414,2.9404,2.9404,2.9454,2.9464,2.9454,2.9454,4
2026-03-18 11:22:00,2.9409,2.9409,2.9389,2.9404,2.9459,2.9459,2.9439,2.9454,11
2026-03-18 11:23:00,2.9399,2.9399,2.9394,2.9394,2.9449,2.9449,2.9444,2.9444,2
2026-03-18 11:24:00,2.9389,2.9389,2.9354,2.9364,2.9439,2.9439,2.9404,2.9414,6
2026-03-18 11:25:00,2.9359,2.9359,2.9324,2.9349,2.9409,2.9409,2.9374,2.9399,33
2026-03-18 11:26:00,2.9345,2.9394,2.9334,2.9384,2.9394,2.9444,2.9384,2.9434,20
2026-03-18 11:27:00,2.9389,2.9404,2.9389,2.9389,2.9439,2.9454,2.9439,2.9439,7
2026-03-18 11:28:00,2.9384,2.9384,2.9374,2.9379,2.9434,2.9434,2.9424,2.9429,4
2026-03-18 11:29:00,2.9369,2.9384,2.9364,2.9374,2.9419,2.9434,2.9414,2.9424,12
2026-03-18 11:30:00,2.9379,2.9394,2.9379,2.9389,2.9429,2.9444,2.9429,2.9439,6
2026-03-18 11:31:00,2.9384,2.9425,2.9384,2.9389,2.9434,2.9474,2.9434,2.9439,16
2026-03-18 11:32:00,2.9394,2.9434,2.9394,2.9425,2.9444,2.9484,2.9444,2.9474,20
2026-03-18 11:33:00,2.9429,2.9429,2.9394,2.9404,2.9479,2.9479,2.9444,2.9454,10
2026-03-18 11:34:00,2.9399,2.9404,2.9359,2.9364,2.9449,2.9454,2.9409,2.9414,15
2026-03-18 11:35:00,2.9369,2.9379,2.9364,2.9364,2.9419,2.9429,2.9414,2.9414,7
2026-03-18 11:36:00,2.9369,2.9369,2.9359,2.9364,2.9419,2.9419,2.9409,2.9414,4
2026-03-18 11:37:00,2.9354,2.9374,2.9354,2.9374,2.9404,2.9424,2.9404,2.9424,3
2026-03-18 11:38:00,2.9364,2.9379,2.9364,2.9374,2.9414,2.9429,2.9414,2.9424,18
2026-03-18 11:39:00,2.9379,2.9384,2.9364,2.9379,2.9429,2.9434,2.9414,2.9429,13
2026-03-18 11:40:00,2.9374,2.9379,2.9374,2.9374,2.9424,2.9429,2.9424,2.9424,3
2026-03-18 11:41:00,2.9379,2.9384,2.9369,2.9374,2.9429,2.9434,2.9419,2.9424,10
2026-03-18 11:42:00,2.9369,2.9384,2.9354,2.9364,2.9419,2.9434,2.9404,2.9414,10
2026-03-18 11:43:00,2.9354,2.9354,2.9294,2.9304,2.9404,2.9404,2.9344,2.9354,26
2026-03-18 11:44:00,2.9309,2.9329,2.9309,2.9329,2.9359,2.9379,2.9359,2.9379,8
2026-03-18 11:45:00,2.9334,2.9334,2.9294,2.9294,2.9384,2.9384,2.9344,2.9344,26
2026-03-18 11:46:00,2.9284,2.9289,2.9265,2.9269,2.9334,2.9339,2.9314,2.9319,14
2026-03-18 11:47:00,2.9274,2.9314,2.9274,2.9304,2.9324,2.9364,2.9324,2.9354,25
2026-03-18 11:48:00,2.9309,2.9309,2.9284,2.9299,2.9359,2.9359,2.9334,2.9349,22
2026-03-18 11:49:00,2.9294,2.9299,2.9265,2.9265,2.9344,2.9349,2.9314,2.9314,26
2026-03-18 11:50:00,2.9254,2.9274,2.9229,2.9244,2.9304,2.9324,2.9279,2.9294,24
2026-03-18 11:51:00,2.9249,2.9279,2.9249,2.9279,2.9299,2.9329,2.9299,2.9329,8
2026-03-18 11:52:00,2.9274,2.9284,2.9254,2.9269,2.9324,2.9334,2.9304,2.9319,18
2026-03-18 11:53:00,2.9265,2.9274,2.9265,2.9269,2.9314,2.9324,2.9314,2.9319,9
2026-03-18 11:54:00,2.9265,2.9279,2.9254,2.9274,2.9314,2.9329,2.9304,2.9324,11
2026-03-18 11:55:00,2.9269,2.9314,2.9269,2.9314,2.9319,2.9364,2.9319,2.9364,15
2026-03-18 11:56:00,2.9324,2.9359,2.9319,2.9354,2.9374,2.9409,2.9369,2.9404,23
2026-03-18 11:57:00,2.9345,2.9345,2.9329,2.9334,2.9394,2.9394,2.9379,2.9384,4
2026-03-18 11:58:00,2.9339,2.9354,2.9329,2.9345,2.9389,2.9404,2.9379,2.9394,19
2026-03-18 11:59:00,2.9339,2.9349,2.9339,2.9345,2.9389,2.9399,2.9389,2.9394,6
2026-03-18 12:00:00,2.9349,2.9374,2.9339,2.9339,2.9399,2.9424,2.9389,2.9389,25
2026-03-18 12:01:00,2.9334,2.9339,2.9279,2.9299,2.9384,2.9389,2.9329,2.9349,35
2026-03-18 12:02:00,2.9294,2.9304,2.9294,2.9304,2.9344,2.9354,2.9344,2.9354,5
2026-03-18 12:03:00,2.9294,2.9324,2.9294,2.9314,2.9344,2.9374,2.9344,2.9364,18
2026-03-18 12:04:00,2.9324,2.9324,2.9274,2.9274,2.9374,2.9374,2.9324,2.9324,21
2026-03-18 12:05:00,2.9284,2.9289,2.9274,2.9279,2.9334,2.9339,2.9324,2.9329,8
2026-03-18 12:06:00,2.9294,2.9309,2.9279,2.9284,2.9344,2.9359,2.9329,2.9334,18
2026-03-18 12:07:00,2.9279,2.9294,2.9279,2.9284,2.9329,2.9344,2.9329,2.9334,7
2026-03-18 12:08:00,2.9274,2.9274,2.9269,2.9269,2.9324,2.9324,2.9319,2.9319,4
2026-03-18 12:09:00,2.9274,2.9279,2.9265,2.9274,2.9324,2.9329,2.9314,2.9324,8
2026-03-18 12:10:00,2.9284,2.9334,2.9284,2.9324,2.9334,2.9384,2.9334,2.9374,15
2026-03-18 12:11:00,2.9319,2.9329,2.9294,2.9294,2.9369,2.9379,2.9344,2.9344,22
2026-03-18 12:12:00,2.9289,2.9299,2.9284,2.9284,2.9339,2.9349,2.9334,2.9334,10
2026-03-18 12:13:00,2.9274,2.9279,2.9269,2.9274,2.9324,2.9329,2.9319,2.9324,13
2026-03-18 12:14:00,2.9265,2.9274,2.9265,2.9274,2.9314,2.9324,2.9314,2.9324,7
2026-03-18 12:15:00,2.9269,2.9289,2.9269,2.9284,2.9319,2.9339,2.9319,2.9334,16
2026-03-18 12:16:00,2.9279,2.9294,2.9265,2.9284,2.9329,2.9344,2.9314,2.9334,16
2026-03-18 12:17:00,2.9279,2.9304,2.9279,2.9294,2.9329,2.9354,2.9329,2.9344,12
2026-03-18 12:18:00,2.9304,2.9304,2.9294,2.9299,2.9354,2.9354,2.9344,2.9349,5
2026-03-18 12:19:00,2.9294,2.9304,2.9274,2.9294,2.9344,2.9354,2.9324,2.9344,15
2026-03-18 12:20:00,2.9304,2.9345,2.9299,2.9345,2.9354,2.9394,2.9349,2.9394,21
2026-03-18 12:21:00,2.9339,2.9354,2.9314,2.9314,2.9389,2.9404,2.9364,2.9364,23
2026-03-18 12:22:00,2.9304,2.9334,2.9304,2.9334,2.9354,2.9384,2.9354,2.9384,22
2026-03-18 12:23:00,2.9329,2.9334,2.9314,2.9314,2.9379,2.9384,2.9364,2.9364,25
2026-03-18 12:24:00,2.9334,2.9354,2.9319,2.9345,2.9384,2.9404,2.9369,2.9394,19
2026-03-18 12:25:00,2.9349,2.9409,2.9345,2.9409,2.9399,2.9459,2.9394,2.9459,29
2026-03-18 12:26:00,2.9404,2.9474,2.9384,2.9459,2.9454,2.9524,2.9434,2.9509,44
2026-03-18 12:27:00,2.9464,2.9484,2.9419,2.9425,2.9514,2.9534,2.9469,2.9474,71
2026-03-18 12:28:00,2.9444,2.9614,2.9429,2.9559,2.9494,2.9664,2.9479,2.9609,82
2026-03-18 12:29:00,2.9564,2.9594,2.9554,2.9579,2.9614,2.9644,2.9604,2.9629,48
2026-03-18 12:30:00,2.9574,2.9604,2.9489,2.9494,2.9624,2.9654,2.9539,2.9544,52
2026-03-18 12:31:00,2.9489,2.9494,2.9444,2.9474,2.9539,2.9544,2.9494,2.9524,45
2026-03-18 12:32:00,2.9479,2.9505,2.9449,2.9484,2.9529,2.9554,2.9499,2.9534,32
2026-03-18 12:33:00,2.9479,2.9524,2.9474,2.9484,2.9529,2.9574,2.9524,2.9534,29
2026-03-18 12:34:00,2.9479,2.9534,2.9479,2.9524,2.9529,2.9584,2.9529,2.9574,25
2026-03-18 12:35:00,2.9534,2.9534,2.9499,2.9534,2.9584,2.9584,2.9549,2.9584,18
2026-03-18 12:36:00,2.9544,2.9544,2.9514,2.9524,2.9594,2.9594,2.9564,2.9574,13
2026-03-18 12:37:00,2.9514,2.9534,2.9474,2.9484,2.9564,2.9584,2.9524,2.9534,33
2026-03-18 12:38:00,2.9489,2.9489,2.9454,2.9484,2.9539,2.9539,2.9504,2.9534,16
2026-03-18 12:39:00,2.9479,2.9484,2.9464,2.9464,2.9529,2.9534,2.9514,2.9514,13
2026-03-18 12:40:00,2.9459,2.9464,2.9339,2.9374,2.9509,2.9514,2.9389,2.9424,42
2026-03-18 12:41:00,2.9384,2.9394,2.9364,2.9364,2.9434,2.9444,2.9414,2.9414,24
2026-03-18 12:42:00,2.9369,2.9399,2.9369,2.9394,2.9419,2.9449,2.9419,2.9444,29
2026-03-18 12:43:00,2.9384,2.9404,2.9354,2.9404,2.9434,2.9454,2.9404,2.9454,21
2026-03-18 12:44:00,2.9409,2.9414,2.9374,2.9414,2.9459,2.9464,2.9424,2.9464,29
2026-03-18 12:45:00,2.9404,2.9404,2.9369,2.9389,2.9454,2.9454,2.9419,2.9439,17
2026-03-18 12:46:00,2.9394,2.9419,2.9384,2.9414,2.9444,2.9469,2.9434,2.9464,16
2026-03-18 12:47:00,2.9404,2.9414,2.9334,2.9354,2.9454,2.9464,2.9384,2.9404,48
2026-03-18 12:48:00,2.9359,2.9374,2.9354,2.9364,2.9409,2.9424,2.9404,2.9414,16
2026-03-18 12:49:00,2.9359,2.9359,2.9334,2.9345,2.9409,2.9409,2.9384,2.9394,10
2026-03-18 12:50:00,2.9349,2.9404,2.9349,2.9364,2.9399,2.9454,2.9399,2.9414,34
2026-03-18 12:51:00,2.9359,2.9364,2.9324,2.9364,2.9409,2.9414,2.9374,2.9414,32
2026-03-18 12:52:00,2.9359,2.9364,2.9304,2.9314,2.9409,2.9414,2.9354,2.9364,37
2026-03-18 12:53:00,2.9319,2.9354,2.9319,2.9349,2.9369,2.9404,2.9369,2.9399,23
2026-03-18 12:54:00,2.9354,2.9369,2.9334,2.9369,2.9404,2.9419,2.9384,2.9419,27
2026-03-18 12:55:00,2.9374,2.9394,2.9345,2.9394,2.9424,2.9444,2.9394,2.9444,26
2026-03-18 12:56:00,2.9399,2.9414,2.9384,2.9404,2.9449,2.9464,2.9434,2.9454,35
2026-03-18 12:57:00,2.9414,2.9425,2.9364,2.9364,2.9464,2.9474,2.9414,2.9414,27
2026-03-18 12:58:00,2.9369,2.9419,2.9369,2.9394,2.9419,2.9469,2.9419,2.9444,25
2026-03-18 12:59:00,2.9389,2.9404,2.9345,2.9379,2.9439,2.9454,2.9394,2.9429,42
2026-03-18 13:00:00,2.9374,2.9374,2.9269,2.9345,2.9424,2.9424,2.9319,2.9394,87
2026-03-18 13:01:00,2.9349,2.9409,2.9334,2.9399,2.9399,2.9459,2.9384,2.9449,61
2026-03-18 13:02:00,2.9404,2.9434,2.9354,2.9404,2.9454,2.9484,2.9404,2.9454,71
2026-03-18 13:03:00,2.9399,2.9444,2.9394,2.9409,2.9449,2.9494,2.9444,2.9459,51
2026-03-18 13:04:00,2.9414,2.9519,2.9404,2.9489,2.9464,2.9569,2.9454,2.9539,42
2026-03-18 13:05:00,2.9484,2.9514,2.9425,2.9454,2.9534,2.9564,2.9474,2.9504,51
2026-03-18 13:06:00,2.9444,2.9474,2.9439,2.9454,2.9494,2.9524,2.9489,2.9504,26
2026-03-18 13:07:00,2.9459,2.9524,2.9459,2.9514,2.9509,2.9574,2.9509,2.9564,26
2026-03-18 13:08:00,2.9524,2.9569,2.9514,2.9559,2.9574,2.9619,2.9564,2.9609,36
2026-03-18 13:09:00,2.9554,2.9594,2.9554,2.9564,2.9604,2.9644,2.9604,2.9614,53
2026-03-18 13:10:00,2.9569,2.9594,2.9554,2.9579,2.9619,2.9644,2.9604,2.9629,38
2026-03-18 13:11:00,2.9574,2.9574,2.9534,2.9534,2.9624,2.9624,2.9584,2.9584,18
2026-03-18 13:12:00,2.9539,2.9604,2.9539,2.9594,2.9589,2.9654,2.9589,2.9644,28
2026-03-18 13:13:00,2.9599,2.9665,2.9594,2.9634,2.9649,2.9714,2.9644,2.9684,40
2026-03-18 13:14:00,2.9639,2.9694,2.9634,2.9674,2.9689,2.9744,2.9684,2.9724,39
2026-03-18 13:15:00,2.9679,2.9789,2.9674,2.9774,2.9729,2.9839,2.9724,2.9824,76
2026-03-18 13:16:00,2.9779,2.9844,2.9779,2.9814,2.9829,2.9894,2.9829,2.9864,47
2026-03-18 13:17:00,2.9804,2.9834,2.9794,2.9814,2.9854,2.9884,2.9844,2.9864,82
2026-03-18 13:18:00,2.9809,2.9909,2.9809,2.9909,2.9859,2.9959,2.9859,2.9959,43
2026-03-18 13:19:00,2.9904,2.9914,2.9874,2.9874,2.9954,2.9964,2.9924,2.9924,57
2026-03-18 13:20:00,2.9869,2.9869,2.9784,2.9794,2.9919,2.9919,2.9834,2.9844,56
2026-03-18 13:21:00,2.9799,2.9814,2.9784,2.9799,2.9849,2.9864,2.9834,2.9849,39
2026-03-18 13:22:00,2.9804,2.9814,2.9774,2.9774,2.9854,2.9864,2.9824,2.9824,43
2026-03-18 13:23:00,2.9779,2.9784,2.9724,2.9749,2.9829,2.9834,2.9774,2.9799,51
2026-03-18 13:24:00,2.9745,2.9814,2.9745,2.9784,2.9794,2.9864,2.9794,2.9834,52
2026-03-18 13:25:00,2.9794,2.9844,2.9764,2.9834,2.9844,2.9894,2.9814,2.9884,37
2026-03-18 13:26:00,2.9844,2.9849,2.9784,2.9794,2.9894,2.9899,2.9834,2.9844,31
2026-03-18 13:27:00,2.9789,2.9799,2.9774,2.9774,2.9839,2.9849,2.9824,2.9824,13
2026-03-18 13:28:00,2.9779,2.9834,2.9754,2.9784,2.9829,2.9884,2.9804,2.9834,45
2026-03-18 13:29:00,2.9789,2.9849,2.9754,2.9844,2.9839,2.9899,2.9804,2.9894,58
2026-03-18 13:30:00,2.9839,2.9844,2.9745,2.9745,2.9889,2.9894,2.9794,2.9794,35
2026-03-18 13:31:00,2.9749,2.9804,2.9714,2.9799,2.9799,2.9854,2.9764,2.9849,38
2026-03-18 13:32:00,2.9789,2.9789,2.9739,2.9784,2.9839,2.9839,2.9789,2.9834,46
2026-03-18 13:33:00,2.9779,2.9784,2.9729,2.9739,2.9829,2.9834,2.9779,2.9789,42
2026-03-18 13:34:00,2.9724,2.9784,2.9719,2.9754,2.9774,2.9834,2.9769,2.9804,44
2026-03-18 13:35:00,2.9759,2.9799,2.9754,2.9759,2.9809,2.9849,2.9804,2.9809,36
2026-03-18 13:36:00,2.9764,2.9824,2.9749,2.9814,2.9814,2.9874,2.9799,2.9864,35
2026-03-18 13:37:00,2.9804,2.9884,2.9804,2.9884,2.9854,2.9934,2.9854,2.9934,33
2026-03-18 13:38:00,2.9894,2.9894,2.9804,2.9814,2.9944,2.9944,2.9854,2.9864,16
2026-03-18 13:39:00,2.9819,2.9854,2.9819,2.9834,2.9869,2.9904,2.9869,2.9884,21
2026-03-18 13:40:00,2.9829,2.9844,2.9784,2.9824,2.9879,2.9894,2.9834,2.9874,50
2026-03-18 13:41:00,2.9829,2.9844,2.9804,2.9834,2.9879,2.9894,2.9854,2.9884,18
2026-03-18 13:42:00,2.9829,2.9954,2.9814,2.9929,2.9879,3.0004,2.9864,2.9979,98
2026-03-18 13:43:00,2.9934,2.9979,2.9919,2.9979,2.9984,3.0029,2.9969,3.0029,74
2026-03-18 13:44:00,2.9984,3.0059,2.9974,3.0024,3.0034,3.0109,3.0024,3.0074,79
2026-03-18 13:45:00,3.0034,3.0049,2.9979,3.0004,3.0084,3.0099,3.0029,3.0054,54
2026-03-18 13:46:00,3.0009,3.0104,3.0009,3.0069,3.0059,3.0154,3.0059,3.0119,79
2026-03-18 13:47:00,3.0064,3.0154,3.0064,3.0139,3.0114,3.0204,3.0114,3.0189,73
2026-03-18 13:48:00,3.0124,3.0229,3.0124,3.0219,3.0174,3.0279,3.0174,3.0269,72
2026-03-18 13:49:00,3.0224,3.0349,3.0204,3.0249,3.0274,3.0399,3.0254,3.0299,96
2026-03-18 13:50:00,3.0254,3.0304,3.0244,3.0249,3.0304,3.0354,3.0294,3.0299,80
2026-03-18 13:51:00,3.0239,3.0304,3.0219,3.0229,3.0289,3.0354,3.0269,3.0279,79
2026-03-18 13:52:00,3.0219,3.0264,3.0184,3.0234,3.0269,3.0314,3.0234,3.0284,65
2026-03-18 13:53:00,3.0224,3.0324,3.0224,3.0314,3.0274,3.0374,3.0274,3.0364,52
2026-03-18 13:54:00,3.0324,3.0364,3.0304,3.0314,3.0374,3.0414,3.0354,3.0364,59
2026-03-18 13:55:00,3.0304,3.0334,3.0254,3.0284,3.0354,3.0384,3.0304,3.0334,68
2026-03-18 13:56:00,3.0279,3.0414,3.0274,3.0394,3.0329,3.0464,3.0324,3.0444,62
2026-03-18 13:57:00,3.0399,3.0444,3.0354,3.0374,3.0449,3.0494,3.0404,3.0424,81
2026-03-18 13:58:00,3.0379,3.0479,3.0364,3.0449,3.0429,3.0529,3.0414,3.0499,103
2026-03-18 13:59:00,3.0454,3.0479,3.0424,3.0449,3.0504,3.0529,3.0474,3.0499,85
2026-03-18 14:00:00,3.0454,3.0524,3.0394,3.0484,3.0504,3.0574,3.0444,3.0534,152
2026-03-18 14:01:00,3.0479,3.0629,3.0474,3.0595,3.0529,3.0679,3.0524,3.0644,126
2026-03-18 14:02:00,3.0589,3.0599,3.0464,3.0489,3.0639,3.0649,3.0514,3.0539,105
2026-03-18 14:03:00,3.0504,3.0504,3.0435,3.0444,3.0554,3.0554,3.0484,3.0494,49
2026-03-18 14:04:00,3.0435,3.0474,3.0414,3.0469,3.0484,3.0524,3.0464,3.0519,54
2026-03-18 14:05:00,3.0464,3.0484,3.0404,3.0444,3.0514,3.0534,3.0454,3.0494,100
2026-03-18 14:06:00,3.0454,3.0474,3.0424,3.0474,3.0504,3.0524,3.0474,3.0524,67
2026-03-18 14:07:00,3.0469,3.0484,3.0364,3.0404,3.0519,3.0534,3.0414,3.0454,72
2026-03-18 14:08:00,3.0409,3.0435,3.0404,3.0409,3.0459,3.0484,3.0454,3.0459,66
2026-03-18 14:09:00,3.0404,3.0464,3.0364,3.0454,3.0454,3.0514,3.0414,3.0504,62
2026-03-18 14:10:00,3.0459,3.0484,3.0424,3.0439,3.0509,3.0534,3.0474,3.0489,64
2026-03-18 14:11:00,3.0444,3.0454,3.0414,3.0439,3.0494,3.0504,3.0464,3.0489,57
2026-03-18 14:12:00,3.0435,3.0444,3.0374,3.0404,3.0484,3.0494,3.0424,3.0454,76
2026-03-18 14:13:00,3.0409,3.0454,3.0404,3.0435,3.0459,3.0504,3.0454,3.0484,54
2026-03-18 14:14:00,3.0439,3.0439,3.0374,3.0384,3.0489,3.0489,3.0424,3.0434,40
2026-03-18 14:15:00,3.0379,3.0404,3.0354,3.0379,3.0429,3.0454,3.0404,3.0429,32
2026-03-18 14:16:00,3.0364,3.0404,3.0364,3.0389,3.0414,3.0454,3.0414,3.0439,36
2026-03-18 14:17:00,3.0384,3.0394,3.0294,3.0309,3.0434,3.0444,3.0344,3.0359,66
2026-03-18 14:18:00,3.0314,3.0334,3.0254,3.0264,3.0364,3.0384,3.0304,3.0314,86
2026-03-18 14:19:00,3.0259,3.0274,3.0199,3.0244,3.0309,3.0324,3.0249,3.0294,67
2026-03-18 14:20:00,3.0249,3.0249,3.0154,3.0179,3.0299,3.0299,3.0204,3.0229,81
2026-03-18 14:21:00,3.0174,3.0194,3.0109,3.0174,3.0224,3.0244,3.0159,3.0224,75
2026-03-18 14:22:00,3.0179,3.0214,3.0144,3.0194,3.0229,3.0264,3.0194,3.0244,51
2026-03-18 14:23:00,3.0199,3.0244,3.0194,3.0239,3.0249,3.0294,3.0244,3.0289,52
2026-03-18 14:24:00,3.0234,3.0264,3.0154,3.0169,3.0284,3.0314,3.0204,3.0219,83
2026-03-18 14:25:00,3.0174,3.0254,3.0164,3.0249,3.0224,3.0304,3.0214,3.0299,55
2026-03-18 14:26:00,3.0244,3.0254,3.0194,3.0219,3.0294,3.0304,3.0244,3.0269,42
2026-03-18 14:27:00,3.0214,3.0239,3.0204,3.0219,3.0264,3.0289,3.0254,3.0269,38
2026-03-18 14:28:00,3.0214,3.0219,3.0179,3.0209,3.0264,3.0269,3.0229,3.0259,35
2026-03-18 14:29:00,3.0204,3.0209,3.0154,3.0189,3.0254,3.0259,3.0204,3.0239,110
2026-03-18 14:30:00,3.0179,3.0299,3.0154,3.0299,3.0229,3.0349,3.0204,3.0349,186
2026-03-18 14:31:00,3.0289,3.0289,3.0214,3.0254,3.0339,3.0339,3.0264,3.0304,216
2026-03-18 14:32:00,3.0249,3.0334,3.0244,3.0294,3.0299,3.0384,3.0294,3.0344,134
2026-03-18 14:33:00,3.0299,3.0414,3.0299,3.0414,3.0349,3.0464,3.0349,3.0464,120
2026-03-18 14:34:00,3.0409,3.0439,3.0394,3.0409,3.0459,3.0489,3.0444,3.0459,39
2026-03-18 14:35:00,3.0419,3.0424,3.0334,3.0374,3.0469,3.0474,3.0384,3.0424,56
2026-03-18 14:36:00,3.0369,3.0374,3.0344,3.0359,3.0419,3.0424,3.0394,3.0409,27
2026-03-18 14:37:00,3.0354,3.0394,3.0344,3.0359,3.0404,3.0444,3.0394,3.0409,54
2026-03-18 14:38:00,3.0364,3.0389,3.0294,3.0324,3.0414,3.0439,3.0344,3.0374,53
2026-03-18 14:39:00,3.0319,3.0354,3.0304,3.0354,3.0369,3.0404,3.0354,3.0404,34
2026-03-18 14:40:00,3.0349,3.0349,3.0234,3.0244,3.0399,3.0399,3.0284,3.0294,55
2026-03-18 14:41:00,3.0239,3.0284,3.0204,3.0279,3.0289,3.0334,3.0254,3.0329,50
2026-03-18 14:42:00,3.0274,3.0284,3.0234,3.0244,3.0324,3.0334,3.0284,3.0294,43
2026-03-18 14:43:00,3.0239,3.0334,3.0234,3.0309,3.0289,3.0384,3.0284,3.0359,44
2026-03-18 14:44:00,3.0304,3.0374,3.0304,3.0329,3.0354,3.0424,3.0354,3.0379,46
2026-03-18 14:45:00,3.0324,3.0324,3.0224,3.0224,3.0374,3.0374,3.0274,3.0274,53
2026-03-18 14:46:00,3.0229,3.0294,3.0209,3.0289,3.0279,3.0344,3.0259,3.0339,66
2026-03-18 14:47:00,3.0294,3.0334,3.0254,3.0334,3.0344,3.0384,3.0304,3.0384,53
2026-03-18 14:48:00,3.0324,3.0389,3.0309,3.0384,3.0374,3.0439,3.0359,3.0434,62
2026-03-18 14:49:00,3.0389,3.0394,3.0204,3.0214,3.0439,3.0444,3.0254,3.0264,66
2026-03-18 14:50:00,3.0204,3.0244,3.0174,3.0244,3.0254,3.0294,3.0224,3.0294,79
2026-03-18 14:51:00,3.0239,3.0314,3.0229,3.0284,3.0289,3.0364,3.0279,3.0334,59
2026-03-18 14:52:00,3.0289,3.0319,3.0264,3.0309,3.0339,3.0369,3.0314,3.0359,44
2026-03-18 14:53:00,3.0314,3.0319,3.0254,3.0259,3.0364,3.0369,3.0304,3.0309,34
2026-03-18 14:54:00,3.0254,3.0274,3.0234,3.0244,3.0304,3.0324,3.0284,3.0294,50
2026-03-18 14:55:00,3.0249,3.0274,3.0239,3.0249,3.0299,3.0324,3.0289,3.0299,54
2026-03-18 14:56:00,3.0244,3.0254,3.0219,3.0234,3.0294,3.0304,3.0269,3.0284,35
2026-03-18 14:57:00,3.0229,3.0234,3.0214,3.0234,3.0279,3.0284,3.0264,3.0284,61
2026-03-18 14:58:00,3.0229,3.0254,3.0179,3.0204,3.0279,3.0304,3.0229,3.0254,47
2026-03-18 14:59:00,3.0199,3.0274,3.0194,3.0269,3.0249,3.0324,3.0244,3.0319,30
2026-03-18 15:00:00,3.0264,3.0279,3.0189,3.0199,3.0314,3.0329,3.0239,3.0249,46
2026-03-18 15:01:00,3.0204,3.0204,3.0154,3.0184,3.0254,3.0254,3.0204,3.0234,59
2026-03-18 15:02:00,3.0194,3.0219,3.0184,3.0199,3.0244,3.0269,3.0234,3.0249,26
2026-03-18 15:03:00,3.0204,3.0224,3.0164,3.0164,3.0254,3.0274,3.0214,3.0214,42
2026-03-18 15:04:00,3.0169,3.0184,3.0134,3.0134,3.0219,3.0234,3.0184,3.0184,32
2026-03-18 15:05:00,3.0129,3.0144,3.0074,3.0084,3.0179,3.0194,3.0124,3.0134,48
2026-03-18 15:06:00,3.0089,3.0089,3.0044,3.0059,3.0139,3.0139,3.0094,3.0109,57
2026-03-18 15:07:00,3.0054,3.0074,3.0044,3.0064,3.0104,3.0124,3.0094,3.0114,46
2026-03-18 15:08:00,3.0074,3.0139,3.0069,3.0114,3.0124,3.0189,3.0119,3.0164,56
2026-03-18 15:09:00,3.0109,3.0204,3.0104,3.0199,3.0159,3.0254,3.0154,3.0249,70
2026-03-18 15:10:00,3.0194,3.0204,3.0174,3.0189,3.0244,3.0254,3.0224,3.0239,29
2026-03-18 15:11:00,3.0194,3.0239,3.0184,3.0224,3.0244,3.0289,3.0234,3.0274,53
2026-03-18 15:12:00,3.0234,3.0284,3.0214,3.0274,3.0284,3.0334,3.0264,3.0324,45
2026-03-18 15:13:00,3.0279,3.0314,3.0269,3.0309,3.0329,3.0364,3.0319,3.0359,37
2026-03-18 15:14:00,3.0314,3.0354,3.0294,3.0319,3.0364,3.0404,3.0344,3.0369,48
2026-03-18 15:15:00,3.0324,3.0324,3.0274,3.0284,3.0374,3.0374,3.0324,3.0334,38
2026-03-18 15:16:00,3.0289,3.0324,3.0274,3.0294,3.0339,3.0374,3.0324,3.0344,44
2026-03-18 15:17:00,3.0289,3.0314,3.0274,3.0304,3.0339,3.0364,3.0324,3.0354,24
2026-03-18 15:18:00,3.0299,3.0324,3.0254,3.0279,3.0349,3.0374,3.0304,3.0329,40
2026-03-18 15:19:00,3.0284,3.0339,3.0269,3.0334,3.0334,3.0389,3.0319,3.0384,39
2026-03-18 15:20:00,3.0324,3.0354,3.0314,3.0344,3.0374,3.0404,3.0364,3.0394,33
2026-03-18 15:21:00,3.0349,3.0374,3.0334,3.0354,3.0399,3.0424,3.0384,3.0404,26
2026-03-18 15:22:00,3.0349,3.0354,3.0314,3.0329,3.0399,3.0404,3.0364,3.0379,33
2026-03-18 15:23:00,3.0334,3.0369,3.0334,3.0349,3.0384,3.0419,3.0384,3.0399,14
2026-03-18 15:24:00,3.0344,3.0349,3.0304,3.0349,3.0394,3.0399,3.0354,3.0399,24
2026-03-18 15:25:00,3.0344,3.0344,3.0234,3.0264,3.0394,3.0394,3.0284,3.0314,64
2026-03-18 15:26:00,3.0269,3.0314,3.0254,3.0264,3.0319,3.0364,3.0304,3.0314,46
2026-03-18 15:27:00,3.0259,3.0279,3.0254,3.0254,3.0309,3.0329,3.0304,3.0304,22
2026-03-18 15:28:00,3.0264,3.0384,3.0214,3.0384,3.0314,3.0434,3.0264,3.0434,70
2026-03-18 15:29:00,3.0379,3.0424,3.0374,3.0384,3.0429,3.0474,3.0424,3.0434,54
2026-03-18 15:30:00,3.0389,3.0414,3.0364,3.0404,3.0439,3.0464,3.0414,3.0454,57
2026-03-18 15:31:00,3.0409,3.0504,3.0384,3.0484,3.0459,3.0554,3.0434,3.0534,63
2026-03-18 15:32:00,3.0489,3.0489,3.0414,3.0439,3.0539,3.0539,3.0464,3.0489,41
2026-03-18 15:33:00,3.0444,3.0484,3.0424,3.0474,3.0494,3.0534,3.0474,3.0524,38
2026-03-18 15:34:00,3.0479,3.0504,3.0459,3.0474,3.0529,3.0554,3.0509,3.0524,42
2026-03-18 15:35:00,3.0479,3.0515,3.0444,3.0489,3.0529,3.0564,3.0494,3.0539,35
2026-03-18 15:36:00,3.0474,3.0499,3.0454,3.0469,3.0524,3.0549,3.0504,3.0519,26
2026-03-18 15:37:00,3.0474,3.0524,3.0464,3.0469,3.0524,3.0574,3.0514,3.0519,47
2026-03-18 15:38:00,3.0474,3.0484,3.0454,3.0474,3.0524,3.0534,3.0504,3.0524,30
2026-03-18 15:39:00,3.0464,3.0469,3.0424,3.0435,3.0514,3.0519,3.0474,3.0484,37
2026-03-18 15:40:00,3.0429,3.0464,3.0394,3.0444,3.0479,3.0514,3.0444,3.0494,75
2026-03-18 15:41:00,3.0449,3.0454,3.0414,3.0414,3.0499,3.0504,3.0464,3.0464,47
2026-03-18 15:42:00,3.0419,3.0515,3.0419,3.0509,3.0469,3.0564,3.0469,3.0559,36
2026-03-18 15:43:00,3.0515,3.0519,3.0489,3.0515,3.0564,3.0569,3.0539,3.0564,18
2026-03-18 15:44:00,3.0509,3.0534,3.0499,3.0504,3.0559,3.0584,3.0549,3.0554,28
2026-03-18 15:45:00,3.0494,3.0494,3.0424,3.0444,3.0544,3.0544,3.0474,3.0494,51
2026-03-18 15:46:00,3.0449,3.0494,3.0435,3.0454,3.0499,3.0544,3.0484,3.0504,59
2026-03-18 15:47:00,3.0459,3.0474,3.0414,3.0444,3.0509,3.0524,3.0464,3.0494,46
2026-03-18 15:48:00,3.0454,3.0459,3.0354,3.0384,3.0504,3.0509,3.0404,3.0434,66
2026-03-18 15:49:00,3.0394,3.0414,3.0374,3.0404,3.0444,3.0464,3.0424,3.0454,54
2026-03-18 15:50:00,3.0409,3.0444,3.0384,3.0409,3.0459,3.0494,3.0434,3.0459,34
2026-03-18 15:51:00,3.0404,3.0424,3.0404,3.0404,3.0454,3.0474,3.0454,3.0454,11
2026-03-18 15:52:00,3.0399,3.0444,3.0394,3.0444,3.0449,3.0494,3.0444,3.0494,22
2026-03-18 15:53:00,3.0454,3.0474,3.0439,3.0464,3.0504,3.0524,3.0489,3.0514,34
2026-03-18 15:54:00,3.0454,3.0524,3.0444,3.0449,3.0504,3.0574,3.0494,3.0499,71
2026-03-18 15:55:00,3.0454,3.0584,3.0439,3.0579,3.0504,3.0634,3.0489,3.0629,56
2026-03-18 15:56:00,3.0584,3.0595,3.0534,3.0549,3.0634,3.0644,3.0584,3.0599,28
2026-03-18 15:57:00,3.0544,3.0544,3.0479,3.0484,3.0594,3.0594,3.0529,3.0534,57
2026-03-18 15:58:00,3.0479,3.0499,3.0474,3.0474,3.0529,3.0549,3.0524,3.0524,26
2026-03-18 15:59:00,3.0469,3.0484,3.0429,3.0444,3.0519,3.0534,3.0479,3.0494,58
2026-03-18 16:00:00,3.0449,3.0474,3.0374,3.0404,3.0499,3.0524,3.0424,3.0454,47
2026-03-18 16:01:00,3.0399,3.0404,3.0339,3.0359,3.0449,3.0454,3.0389,3.0409,54
2026-03-18 16:02:00,3.0364,3.0389,3.0329,3.0364,3.0414,3.0439,3.0379,3.0414,47
2026-03-18 16:03:00,3.0374,3.0384,3.0324,3.0354,3.0424,3.0434,3.0374,3.0404,38
2026-03-18 16:04:00,3.0359,3.0404,3.0359,3.0394,3.0409,3.0454,3.0409,3.0444,34
2026-03-18 16:05:00,3.0399,3.0414,3.0344,3.0359,3.0449,3.0464,3.0394,3.0409,47
2026-03-18 16:06:00,3.0354,3.0364,3.0304,3.0304,3.0404,3.0414,3.0354,3.0354,33
2026-03-18 16:07:00,3.0299,3.0354,3.0294,3.0334,3.0349,3.0404,3.0344,3.0384,51
2026-03-18 16:08:00,3.0329,3.0344,3.0314,3.0334,3.0379,3.0394,3.0364,3.0384,30
2026-03-18 16:09:00,3.0324,3.0324,3.0284,3.0304,3.0374,3.0374,3.0334,3.0354,43
2026-03-18 16:10:00,3.0309,3.0324,3.0294,3.0299,3.0359,3.0374,3.0344,3.0349,26
2026-03-18 16:11:00,3.0289,3.0294,3.0244,3.0249,3.0339,3.0344,3.0294,3.0299,28
2026-03-18 16:12:00,3.0259,3.0304,3.0239,3.0294,3.0309,3.0354,3.0289,3.0344,38
2026-03-18 16:13:00,3.0289,3.0304,3.0249,3.0294,3.0339,3.0354,3.0299,3.0344,41
2026-03-18 16:14:00,3.0289,3.0389,3.0289,3.0384,3.0339,3.0439,3.0339,3.0434,38
2026-03-18 16:15:00,3.0389,3.0439,3.0379,3.0439,3.0439,3.0489,3.0429,3.0489,43
2026-03-18 16:16:00,3.0444,3.0464,3.0424,3.0444,3.0494,3.0514,3.0474,3.0494,34
2026-03-18 16:17:00,3.0439,3.0454,3.0424,3.0444,3.0489,3.0504,3.0474,3.0494,27
2026-03-18 16:18:00,3.0454,3.0504,3.0454,3.0494,3.0504,3.0554,3.0504,3.0544,28
2026-03-18 16:19:00,3.0499,3.0504,3.0464,3.0494,3.0549,3.0554,3.0514,3.0544,39
2026-03-18 16:20:00,3.0499,3.0515,3.0484,3.0515,3.0549,3.0564,3.0534,3.0564,35
2026-03-18 16:21:00,3.0509,3.0524,3.0444,3.0489,3.0559,3.0574,3.0494,3.0539,59
2026-03-18 16:22:00,3.0484,3.0484,3.0389,3.0404,3.0534,3.0534,3.0439,3.0454,50
2026-03-18 16:23:00,3.0414,3.0435,3.0404,3.0435,3.0464,3.0484,3.0454,3.0484,24
2026-03-18 16:24:00,3.0429,3.0429,3.0364,3.0364,3.0479,3.0479,3.0414,3.0414,21
2026-03-18 16:25:00,3.0354,3.0384,3.0344,3.0384,3.0404,3.0434,3.0394,3.0434,18
2026-03-18 16:26:00,3.0379,3.0409,3.0374,3.0394,3.0429,3.0459,3.0424,3.0444,23
2026-03-18 16:27:00,3.0399,3.0409,3.0354,3.0374,3.0449,3.0459,3.0404,3.0424,22
2026-03-18 16:28:00,3.0379,3.0414,3.0374,3.0414,3.0429,3.0464,3.0424,3.0464,22
2026-03-18 16:29:00,3.0419,3.0444,3.0394,3.0424,3.0469,3.0494,3.0444,3.0474,42
2026-03-18 16:30:00,3.0419,3.0424,3.0374,3.0384,3.0469,3.0474,3.0424,3.0434,32
2026-03-18 16:31:00,3.0379,3.0384,3.0324,3.0354,3.0429,3.0434,3.0374,3.0404,36
2026-03-18 16:32:00,3.0349,3.0384,3.0344,3.0364,3.0399,3.0434,3.0394,3.0414,16
2026-03-18 16:33:00,3.0369,3.0374,3.0324,3.0329,3.0419,3.0424,3.0374,3.0379,18
2026-03-18 16:34:00,3.0344,3.0374,3.0329,3.0344,3.0394,3.0424,3.0379,3.0394,33
2026-03-18 16:35:00,3.0339,3.0344,3.0294,3.0334,3.0389,3.0394,3.0344,3.0384,56
2026-03-18 16:36:00,3.0339,3.0344,3.0314,3.0319,3.0389,3.0394,3.0364,3.0369,34
2026-03-18 16:37:00,3.0324,3.0324,3.0274,3.0284,3.0374,3.0374,3.0324,3.0334,16
2026-03-18 16:38:00,3.0289,3.0304,3.0264,3.0284,3.0339,3.0354,3.0314,3.0334,40
2026-03-18 16:39:00,3.0279,3.0309,3.0249,3.0254,3.0329,3.0359,3.0299,3.0304,26
2026-03-18 16:40:00,3.0249,3.0249,3.0244,3.0249,3.0299,3.0299,3.0294,3.0299,3
2026-03-18 16:41:00,3.0259,3.0364,3.0259,3.0324,3.0309,3.0414,3.0309,3.0374,31
2026-03-18 16:42:00,3.0329,3.0374,3.0304,3.0364,3.0379,3.0424,3.0354,3.0414,47
2026-03-18 16:43:00,3.0359,3.0369,3.0309,3.0314,3.0409,3.0419,3.0359,3.0364,50
2026-03-18 16:44:00,3.0309,3.0354,3.0299,3.0344,3.0359,3.0404,3.0349,3.0394,24
2026-03-18 16:45:00,3.0349,3.0354,3.0284,3.0314,3.0399,3.0404,3.0334,3.0364,46
2026-03-18 16:46:00,3.0324,3.0334,3.0279,3.0279,3.0374,3.0384,3.0329,3.0329,39
2026-03-18 16:47:00,3.0284,3.0294,3.0274,3.0284,3.0334,3.0344,3.0324,3.0334,23
2026-03-18 16:48:00,3.0279,3.0284,3.0264,3.0274,3.0329,3.0334,3.0314,3.0324,27
2026-03-18 16:49:00,3.0269,3.0314,3.0264,3.0304,3.0319,3.0364,3.0314,3.0354,35
2026-03-18 16:50:00,3.0299,3.0314,3.0274,3.0284,3.0349,3.0364,3.0324,3.0334,23
2026-03-18 16:51:00,3.0289,3.0289,3.0234,3.0234,3.0339,3.0339,3.0284,3.0284,22
2026-03-18 16:52:00,3.0229,3.0284,3.0229,3.0274,3.0279,3.0334,3.0279,3.0324,28
2026-03-18 16:53:00,3.0269,3.0294,3.0234,3.0244,3.0319,3.0344,3.0284,3.0294,22
2026-03-18 16:54:00,3.0239,3.0254,3.0164,3.0164,3.0289,3.0304,3.0214,3.0214,49
2026-03-18 16:55:00,3.0159,3.0189,3.0154,3.0164,3.0209,3.0239,3.0204,3.0214,36
2026-03-18 16:56:00,3.0169,3.0174,3.0154,3.0174,3.0219,3.0224,3.0204,3.0224,12
2026-03-18 16:57:00,3.0164,3.0224,3.0164,3.0204,3.0214,3.0274,3.0214,3.0254,30
2026-03-18 16:58:00,3.0199,3.0204,3.0164,3.0174,3.0249,3.0254,3.0214,3.0224,33
2026-03-18 16:59:00,3.0169,3.0184,3.0164,3.0174,3.0219,3.0234,3.0214,3.0224,19
2026-03-18 17:00:00,3.0179,3.0179,3.0124,3.0134,3.0229,3.0229,3.0174,3.0184,23
2026-03-18 17:01:00,3.0129,3.0154,3.0104,3.0139,3.0179,3.0204,3.0154,3.0189,36
2026-03-18 17:02:00,3.0144,3.0174,3.0124,3.0164,3.0194,3.0224,3.0174,3.0214,35
2026-03-18 17:03:00,3.0159,3.0184,3.0144,3.0154,3.0209,3.0234,3.0194,3.0204,31
2026-03-18 17:04:00,3.0149,3.0224,3.0134,3.0199,3.0199,3.0274,3.0184,3.0249,30
2026-03-18 17:05:00,3.0194,3.0259,3.0194,3.0244,3.0244,3.0309,3.0244,3.0294,61
2026-03-18 17:06:00,3.0234,3.0244,3.0224,3.0234,3.0284,3.0294,3.0274,3.0284,26
2026-03-18 17:07:00,3.0239,3.0254,3.0224,3.0224,3.0289,3.0304,3.0274,3.0274,24
2026-03-18 17:08:00,3.0219,3.0229,3.0114,3.0119,3.0269,3.0279,3.0164,3.0169,66
2026-03-18 17:09:00,3.0129,3.0209,3.0129,3.0204,3.0179,3.0259,3.0179,3.0254,43
2026-03-18 17:10:00,3.0209,3.0244,3.0204,3.0229,3.0259,3.0294,3.0254,3.0279,28
2026-03-18 17:11:00,3.0219,3.0224,3.0194,3.0204,3.0269,3.0274,3.0244,3.0254,22
2026-03-18 17:12:00,3.0194,3.0199,3.0154,3.0184,3.0244,3.0249,3.0204,3.0234,30
2026-03-18 17:13:00,3.0169,3.0199,3.0169,3.0169,3.0219,3.0249,3.0219,3.0219,21
2026-03-18 17:14:00,3.0164,3.0174,3.0114,3.0134,3.0214,3.0224,3.0164,3.0184,38
2026-03-18 17:15:00,3.0144,3.0204,3.0144,3.0194,3.0194,3.0254,3.0194,3.0244,38
2026-03-18 17:16:00,3.0204,3.0229,3.0204,3.0204,3.0254,3.0279,3.0254,3.0254,19
2026-03-18 17:17:00,3.0209,3.0224,3.0179,3.0194,3.0259,3.0274,3.0229,3.0244,25
2026-03-18 17:18:00,3.0189,3.0214,3.0184,3.0194,3.0239,3.0264,3.0234,3.0244,21
2026-03-18 17:19:00,3.0199,3.0234,3.0194,3.0224,3.0249,3.0284,3.0244,3.0274,22
2026-03-18 17:20:00,3.0219,3.0219,3.0194,3.0194,3.0269,3.0269,3.0244,3.0244,25
2026-03-18 17:21:00,3.0184,3.0194,3.0104,3.0124,3.0234,3.0244,3.0154,3.0174,27
2026-03-18 17:22:00,3.0119,3.0174,3.0119,3.0164,3.0169,3.0224,3.0169,3.0214,31
2026-03-18 17:23:00,3.0174,3.0194,3.0174,3.0194,3.0224,3.0244,3.0224,3.0244,20
2026-03-18 17:24:00,3.0199,3.0199,3.0134,3.0134,3.0249,3.0249,3.0184,3.0184,21
2026-03-18 17:25:00,3.0129,3.0154,3.0109,3.0149,3.0179,3.0204,3.0159,3.0199,36
2026-03-18 17:26:00,3.0159,3.0194,3.0159,3.0184,3.0209,3.0244,3.0209,3.0234,18
2026-03-18 17:27:00,3.0179,3.0179,3.0134,3.0164,3.0229,3.0229,3.0184,3.0214,20
2026-03-18 17:28:00,3.0159,3.0199,3.0154,3.0189,3.0209,3.0249,3.0204,3.0239,29
2026-03-18 17:29:00,3.0184,3.0204,3.0174,3.0204,3.0234,3.0254,3.0224,3.0254,28
2026-03-18 17:30:00,3.0199,3.0224,3.0194,3.0204,3.0249,3.0274,3.0244,3.0254,16
2026-03-18 17:31:00,3.0214,3.0214,3.0154,3.0164,3.0264,3.0264,3.0204,3.0214,30
2026-03-18 17:32:00,3.0169,3.0229,3.0169,3.0229,3.0219,3.0279,3.0219,3.0279,20
2026-03-18 17:33:00,3.0239,3.0294,3.0234,3.0284,3.0289,3.0344,3.0284,3.0334,27
2026-03-18 17:34:00,3.0294,3.0294,3.0244,3.0254,3.0344,3.0344,3.0294,3.0304,26
2026-03-18 17:35:00,3.0249,3.0294,3.0249,3.0274,3.0299,3.0344,3.0299,3.0324,22
2026-03-18 17:36:00,3.0269,3.0274,3.0244,3.0254,3.0319,3.0324,3.0294,3.0304,20
2026-03-18 17:37:00,3.0259,3.0294,3.0259,3.0274,3.0309,3.0344,3.0309,3.0324,17
2026-03-18 17:38:00,3.0264,3.0274,3.0244,3.0254,3.0314,3.0324,3.0294,3.0304,16
2026-03-18 17:39:00,3.0244,3.0244,3.0164,3.0219,3.0294,3.0294,3.0214,3.0269,37
2026-03-18 17:40:00,3.0224,3.0264,3.0224,3.0244,3.0274,3.0314,3.0274,3.0294,17
2026-03-18 17:41:00,3.0239,3.0239,3.0204,3.0204,3.0289,3.0289,3.0254,3.0254,28
2026-03-18 17:42:00,3.0199,3.0224,3.0174,3.0214,3.0249,3.0274,3.0224,3.0264,27
2026-03-18 17:43:00,3.0204,3.0234,3.0204,3.0229,3.0254,3.0284,3.0254,3.0279,7
2026-03-18 17:44:00,3.0234,3.0244,3.0219,3.0234,3.0284,3.0294,3.0269,3.0284,18
2026-03-18 17:45:00,3.0229,3.0229,3.0154,3.0154,3.0279,3.0279,3.0204,3.0204,30
2026-03-18 17:46:00,3.0149,3.0174,3.0134,3.0174,3.0199,3.0224,3.0184,3.0224,18
2026-03-18 17:47:00,3.0179,3.0194,3.0164,3.0164,3.0229,3.0244,3.0214,3.0214,19
2026-03-18 17:48:00,3.0154,3.0169,3.0154,3.0164,3.0204,3.0219,3.0204,3.0214,10
2026-03-18 17:49:00,3.0154,3.0199,3.0154,3.0199,3.0204,3.0249,3.0204,3.0249,17
2026-03-18 17:50:00,3.0204,3.0219,3.0199,3.0209,3.0254,3.0269,3.0249,3.0259,23
2026-03-18 17:51:00,3.0214,3.0219,3.0204,3.0214,3.0264,3.0269,3.0254,3.0264,18
2026-03-18 17:52:00,3.0209,3.0234,3.0189,3.0204,3.0259,3.0284,3.0239,3.0254,36
2026-03-18 17:53:00,3.0214,3.0214,3.0194,3.0214,3.0264,3.0264,3.0244,3.0264,28
2026-03-18 17:54:00,3.0224,3.0234,3.0204,3.0229,3.0274,3.0284,3.0254,3.0279,31
2026-03-18 17:55:00,3.0234,3.0264,3.0234,3.0254,3.0284,3.0314,3.0284,3.0304,18
2026-03-18 17:56:00,3.0249,3.0259,3.0249,3.0254,3.0299,3.0309,3.0299,3.0304,6
2026-03-18 17:57:00,3.0244,3.0284,3.0229,3.0269,3.0294,3.0334,3.0279,3.0319,21
2026-03-18 17:58:00,3.0274,3.0279,3.0264,3.0269,3.0324,3.0329,3.0314,3.0319,14
2026-03-18 17:59:00,3.0274,3.0334,3.0264,3.0334,3.0324,3.0384,3.0314,3.0384,34
2026-03-18 18:00:00,3.0329,3.0364,3.0314,3.0344,3.0379,3.0414,3.0364,3.0394,33
2026-03-18 18:01:00,3.0339,3.0364,3.0339,3.0354,3.0389,3.0414,3.0389,3.0404,19
2026-03-18 18:02:00,3.0349,3.0364,3.0344,3.0344,3.0399,3.0414,3.0394,3.0394,22
2026-03-18 18:03:00,3.0339,3.0339,3.0274,3.0279,3.0389,3.0389,3.0324,3.0329,25
2026-03-18 18:04:00,3.0284,3.0294,3.0279,3.0294,3.0334,3.0344,3.0329,3.0344,22
2026-03-18 18:05:00,3.0299,3.0329,3.0284,3.0284,3.0349,3.0379,3.0334,3.0334,19
2026-03-18 18:06:00,3.0279,3.0294,3.0274,3.0284,3.0329,3.0344,3.0324,3.0334,10
2026-03-18 18:07:00,3.0279,3.0294,3.0264,3.0284,3.0329,3.0344,3.0314,3.0334,14
2026-03-18 18:08:00,3.0279,3.0294,3.0264,3.0274,3.0329,3.0344,3.0314,3.0324,17
2026-03-18 18:09:00,3.0269,3.0274,3.0254,3.0274,3.0319,3.0324,3.0304,3.0324,9
2026-03-18 18:10:00,3.0269,3.0284,3.0264,3.0264,3.0319,3.0334,3.0314,3.0314,13
2026-03-18 18:11:00,3.0259,3.0294,3.0244,3.0294,3.0309,3.0344,3.0294,3.0344,28
2026-03-18 18:12:00,3.0304,3.0314,3.0294,3.0304,3.0354,3.0364,3.0344,3.0354,12
2026-03-18 18:13:00,3.0299,3.0304,3.0299,3.0304,3.0349,3.0354,3.0349,3.0354,6
2026-03-18 18:14:00,3.0309,3.0334,3.0304,3.0314,3.0359,3.0384,3.0354,3.0364,14
2026-03-18 18:15:00,3.0309,3.0314,3.0289,3.0294,3.0359,3.0364,3.0339,3.0344,9
2026-03-18 18:16:00,3.0289,3.0314,3.0289,3.0304,3.0339,3.0364,3.0339,3.0354,19
2026-03-18 18:17:00,3.0299,3.0299,3.0294,3.0294,3.0349,3.0349,3.0344,3.0344,2
2026-03-18 18:18:00,3.0284,3.0294,3.0264,3.0294,3.0334,3.0344,3.0314,3.0344,24
2026-03-18 18:19:00,3.0289,3.0294,3.0274,3.0294,3.0339,3.0344,3.0324,3.0344,23
2026-03-18 18:20:00,3.0284,3.0339,3.0284,3.0329,3.0334,3.0389,3.0334,3.0379,25
2026-03-18 18:21:00,3.0334,3.0334,3.0294,3.0314,3.0384,3.0384,3.0344,3.0364,30
2026-03-18 18:22:00,3.0304,3.0324,3.0274,3.0274,3.0354,3.0374,3.0324,3.0324,17
2026-03-18 18:23:00,3.0269,3.0294,3.0264,3.0294,3.0319,3.0344,3.0314,3.0344,15
2026-03-18 18:24:00,3.0299,3.0304,3.0299,3.0304,3.0349,3.0354,3.0349,3.0354,4
2026-03-18 18:25:00,3.0314,3.0329,3.0294,3.0294,3.0364,3.0379,3.0344,3.0344,9
2026-03-18 18:26:00,3.0304,3.0314,3.0299,3.0304,3.0354,3.0364,3.0349,3.0354,7
2026-03-18 18:27:00,3.0314,3.0344,3.0314,3.0334,3.0364,3.0394,3.0364,3.0384,17
2026-03-18 18:28:00,3.0329,3.0334,3.0324,3.0334,3.0379,3.0384,3.0374,3.0384,10
2026-03-18 18:29:00,3.0329,3.0329,3.0304,3.0314,3.0379,3.0379,3.0354,3.0364,22
2026-03-18 18:30:00,3.0324,3.0329,3.0314,3.0324,3.0374,3.0379,3.0364,3.0374,10
2026-03-18 18:31:00,3.0314,3.0334,3.0274,3.0334,3.0364,3.0384,3.0324,3.0384,44
2026-03-18 18:32:00,3.0329,3.0329,3.0299,3.0304,3.0379,3.0379,3.0349,3.0354,21
2026-03-18 18:33:00,3.0309,3.0309,3.0299,3.0304,3.0359,3.0359,3.0349,3.0354,9
2026-03-18 18:34:00,3.0299,3.0304,3.0264,3.0294,3.0349,3.0354,3.0314,3.0344,23
2026-03-18 18:35:00,3.0299,3.0314,3.0254,3.0264,3.0349,3.0364,3.0304,3.0314,41
2026-03-18 18:36:00,3.0269,3.0284,3.0264,3.0274,3.0319,3.0334,3.0314,3.0324,18
2026-03-18 18:37:00,3.0269,3.0284,3.0254,3.0284,3.0319,3.0334,3.0304,3.0334,23
2026-03-18 18:38:00,3.0289,3.0289,3.0234,3.0244,3.0339,3.0339,3.0284,3.0294,12
2026-03-18 18:39:00,3.0254,3.0259,3.0234,3.0244,3.0304,3.0309,3.0284,3.0294,24
2026-03-18 18:40:00,3.0239,3.0239,3.0194,3.0214,3.0289,3.0289,3.0244,3.0264,17
2026-03-18 18:41:00,3.0204,3.0224,3.0154,3.0154,3.0254,3.0274,3.0204,3.0204,37
2026-03-18 18:42:00,3.0149,3.0174,3.0149,3.0174,3.0199,3.0224,3.0199,3.0224,28
2026-03-18 18:43:00,3.0169,3.0219,3.0169,3.0204,3.0219,3.0269,3.0219,3.0254,31
2026-03-18 18:44:00,3.0194,3.0204,3.0184,3.0184,3.0244,3.0254,3.0234,3.0234,25
2026-03-18 18:45:00,3.0174,3.0184,3.0124,3.0134,3.0224,3.0234,3.0174,3.0184,62
2026-03-18 18:46:00,3.0129,3.0174,3.0114,3.0164,3.0179,3.0224,3.0164,3.0214,46
2026-03-18 18:47:00,3.0159,3.0159,3.0109,3.0119,3.0209,3.0209,3.0159,3.0169,34
2026-03-18 18:48:00,3.0124,3.0144,3.0114,3.0139,3.0174,3.0194,3.0164,3.0189,40
2026-03-18 18:49:00,3.0134,3.0154,3.0124,3.0149,3.0184,3.0204,3.0174,3.0199,41
2026-03-18 18:50:00,3.0154,3.0164,3.0134,3.0144,3.0204,3.0214,3.0184,3.0194,19
2026-03-18 18:51:00,3.0139,3.0164,3.0124,3.0124,3.0189,3.0214,3.0174,3.0174,29
2026-03-18 18:52:00,3.0129,3.0144,3.0114,3.0129,3.0179,3.0194,3.0164,3.0179,24
2026-03-18 18:53:00,3.0124,3.0144,3.0104,3.0124,3.0174,3.0194,3.0154,3.0174,20
2026-03-18 18:54:00,3.0119,3.0124,3.0094,3.0114,3.0169,3.0174,3.0144,3.0164,25
2026-03-18 18:55:00,3.0104,3.0114,3.0094,3.0109,3.0154,3.0164,3.0144,3.0159,16
2026-03-18 18:56:00,3.0114,3.0119,3.0094,3.0094,3.0164,3.0169,3.0144,3.0144,34
2026-03-18 18:57:00,3.0104,3.0114,3.0094,3.0109,3.0154,3.0164,3.0144,3.0159,28
2026-03-18 18:58:00,3.0104,3.0104,3.0034,3.0044,3.0154,3.0154,3.0084,3.0094,54
2026-03-18 18:59:00,3.0039,3.0074,3.0024,3.0069,3.0089,3.0124,3.0074,3.0119,46
2026-03-18 19:00:00,3.0064,3.0094,3.0044,3.0059,3.0114,3.0144,3.0094,3.0109,43
2026-03-18 19:01:00,3.0064,3.0064,2.9924,2.9929,3.0114,3.0114,2.9974,2.9979,91
2026-03-18 19:02:00,2.9934,3.0014,2.9934,2.9984,2.9984,3.0064,2.9984,3.0034,36
2026-03-18 19:03:00,2.9974,3.0014,2.9954,2.9954,3.0024,3.0064,3.0004,3.0004,33
2026-03-18 19:04:00,2.9944,3.0009,2.9944,3.0009,2.9994,3.0059,2.9994,3.0059,24
2026-03-18 19:05:00,3.0004,3.0074,2.9984,3.0049,3.0054,3.0124,3.0034,3.0099,47
2026-03-18 19:06:00,3.0054,3.0059,3.0029,3.0039,3.0104,3.0109,3.0079,3.0089,28
2026-03-18 19:07:00,3.0044,3.0054,3.0024,3.0029,3.0094,3.0104,3.0074,3.0079,16
2026-03-18 19:08:00,3.0034,3.0054,3.0024,3.0049,3.0084,3.0104,3.0074,3.0099,22
2026-03-18 19:09:00,3.0054,3.0084,3.0044,3.0074,3.0104,3.0134,3.0094,3.0124,32
2026-03-18 19:10:00,3.0069,3.0099,3.0039,3.0059,3.0119,3.0149,3.0089,3.0109,32
2026-03-18 19:11:00,3.0054,3.0134,3.0034,3.0104,3.0104,3.0184,3.0084,3.0154,54
2026-03-18 19:12:00,3.0099,3.0184,3.0099,3.0174,3.0149,3.0234,3.0149,3.0224,34
2026-03-18 19:13:00,3.0169,3.0174,3.0144,3.0154,3.0219,3.0224,3.0194,3.0204,19
2026-03-18 19:14:00,3.0159,3.0214,3.0159,3.0209,3.0209,3.0264,3.0209,3.0259,36
2026-03-18 19:15:00,3.0204,3.0324,3.0199,3.0294,3.0254,3.0374,3.0249,3.0344,67
2026-03-18 19:16:00,3.0324,3.0424,3.0314,3.0339,3.0374,3.0474,3.0364,3.0389,75
2026-03-18 19:17:00,3.0344,3.0354,3.0314,3.0354,3.0394,3.0404,3.0364,3.0404,43
2026-03-18 19:18:00,3.0364,3.0464,3.0364,3.0439,3.0414,3.0514,3.0414,3.0489,71
2026-03-18 19:19:00,3.0435,3.0464,3.0404,3.0414,3.0484,3.0514,3.0454,3.0464,53
2026-03-18 19:20:00,3.0404,3.0414,3.0384,3.0394,3.0454,3.0464,3.0434,3.0444,40
2026-03-18 19:21:00,3.0389,3.0389,3.0269,3.0289,3.0439,3.0439,3.0319,3.0339,58
2026-03-18 19:22:00,3.0284,3.0314,3.0264,3.0284,3.0334,3.0364,3.0314,3.0334,39
2026-03-18 19:23:00,3.0279,3.0294,3.0249,3.0294,3.0329,3.0344,3.0299,3.0344,44
2026-03-18 19:24:00,3.0299,3.0374,3.0299,3.0344,3.0349,3.0424,3.0349,3.0394,37
2026-03-18 19:25:00,3.0354,3.0354,3.0314,3.0354,3.0404,3.0404,3.0364,3.0404,34
2026-03-18 19:26:00,3.0349,3.0379,3.0334,3.0344,3.0399,3.0429,3.0384,3.0394,27
2026-03-18 19:27:00,3.0349,3.0464,3.0334,3.0364,3.0399,3.0514,3.0384,3.0414,78
2026-03-18 19:28:00,3.0354,3.0435,3.0314,3.0429,3.0404,3.0484,3.0364,3.0479,117
2026-03-18 19:29:00,3.0435,3.0464,3.0424,3.0429,3.0484,3.0514,3.0474,3.0479,47
2026-03-18 19:30:00,3.0435,3.0469,3.0424,3.0444,3.0484,3.0519,3.0474,3.0494,31
2026-03-18 19:31:00,3.0454,3.0489,3.0435,3.0484,3.0504,3.0539,3.0484,3.0534,22
2026-03-18 19:32:00,3.0494,3.0534,3.0474,3.0524,3.0544,3.0584,3.0524,3.0574,54
2026-03-18 19:33:00,3.0534,3.0544,3.0504,3.0534,3.0584,3.0594,3.0554,3.0584,32
2026-03-18 19:34:00,3.0529,3.0595,3.0524,3.0579,3.0579,3.0644,3.0574,3.0629,47
2026-03-18 19:35:00,3.0574,3.0634,3.0544,3.0564,3.0624,3.0684,3.0594,3.0614,56
2026-03-18 19:36:00,3.0569,3.0595,3.0554,3.0584,3.0619,3.0644,3.0604,3.0634,42
2026-03-18 19:37:00,3.0579,3.0634,3.0539,3.0634,3.0629,3.0684,3.0589,3.0684,50
2026-03-18 19:38:00,3.0644,3.0764,3.0634,3.0755,3.0694,3.0814,3.0684,3.0804,86
2026-03-18 19:39:00,3.0759,3.0824,3.0755,3.0804,3.0809,3.0874,3.0804,3.0854,85
2026-03-18 19:40:00,3.0799,3.0835,3.0734,3.0734,3.0849,3.0884,3.0784,3.0784,83
2026-03-18 19:41:00,3.0739,3.0794,3.0714,3.0774,3.0789,3.0844,3.0764,3.0824,64
2026-03-18 19:42:00,3.0779,3.0804,3.0714,3.0724,3.0829,3.0854,3.0764,3.0774,49
2026-03-18 19:43:00,3.0714,3.0779,3.0714,3.0764,3.0764,3.0829,3.0764,3.0814,39
2026-03-18 19:44:00,3.0769,3.0789,3.0744,3.0784,3.0819,3.0839,3.0794,3.0834,43
2026-03-18 19:45:00,3.0779,3.0794,3.0734,3.0749,3.0829,3.0844,3.0784,3.0799,50
2026-03-18 19:46:00,3.0744,3.0794,3.0739,3.0755,3.0794,3.0844,3.0789,3.0804,37
2026-03-18 19:47:00,3.0749,3.0804,3.0749,3.0794,3.0799,3.0854,3.0799,3.0844,33
2026-03-18 19:48:00,3.0789,3.0889,3.0784,3.0864,3.0839,3.0939,3.0834,3.0914,61
2026-03-18 19:49:00,3.0869,3.0874,3.0804,3.0804,3.0919,3.0924,3.0854,3.0854,51
2026-03-18 19:50:00,3.0809,3.0915,3.0804,3.0904,3.0859,3.0964,3.0854,3.0954,39
2026-03-18 19:51:00,3.0909,3.0969,3.0894,3.0969,3.0959,3.1019,3.0944,3.1019,42
2026-03-18 19:52:00,3.0974,3.0995,3.0954,3.0979,3.1024,3.1044,3.1004,3.1029,47
2026-03-18 19:53:00,3.0974,3.0989,3.0904,3.0904,3.1024,3.1039,3.0954,3.0954,53
2026-03-18 19:54:00,3.0899,3.0974,3.0894,3.0934,3.0949,3.1024,3.0944,3.0984,56
2026-03-18 19:55:00,3.0924,3.0964,3.0869,3.0909,3.0974,3.1014,3.0919,3.0959,78
2026-03-18 19:56:00,3.0904,3.0924,3.0869,3.0889,3.0954,3.0974,3.0919,3.0939,43
2026-03-18 19:57:00,3.0899,3.0899,3.0844,3.0884,3.0949,3.0949,3.0894,3.0934,43
2026-03-18 19:58:00,3.0889,3.0915,3.0864,3.0915,3.0939,3.0964,3.0914,3.0964,34
2026-03-18 19:59:00,3.0904,3.0915,3.0854,3.0874,3.0954,3.0964,3.0904,3.0924,32
2026-03-18 20:00:00,3.0864,3.0864,3.0814,3.0839,3.0914,3.0914,3.0864,3.0889,44
2026-03-18 20:01:00,3.0844,3.0939,3.0844,3.0894,3.0894,3.0989,3.0894,3.0944,37
2026-03-18 20:02:00,3.0899,3.0924,3.0894,3.0904,3.0949,3.0974,3.0944,3.0954,21
2026-03-18 20:03:00,3.0909,3.0915,3.0864,3.0864,3.0959,3.0964,3.0914,3.0914,27
2026-03-18 20:04:00,3.0874,3.0915,3.0864,3.0899,3.0924,3.0964,3.0914,3.0949,25
2026-03-18 20:05:00,3.0894,3.0909,3.0864,3.0899,3.0944,3.0959,3.0914,3.0949,41
2026-03-18 20:06:00,3.0904,3.0919,3.0874,3.0919,3.0954,3.0969,3.0924,3.0969,38
2026-03-18 20:07:00,3.0929,3.1004,3.0924,3.1004,3.0979,3.1054,3.0974,3.1054,38
2026-03-18 20:08:00,3.1009,3.1069,3.0984,3.1069,3.1059,3.1119,3.1034,3.1119,55
2026-03-18 20:09:00,3.1064,3.1094,3.1004,3.1044,3.1114,3.1144,3.1054,3.1094,85
2026-03-18 20:10:00,3.1064,3.1104,3.1044,3.1094,3.1114,3.1154,3.1094,3.1144,59
2026-03-18 20:11:00,3.1084,3.1164,3.1084,3.1159,3.1134,3.1214,3.1134,3.1209,32
2026-03-18 20:12:00,3.1169,3.1194,3.1144,3.1189,3.1219,3.1244,3.1194,3.1239,53
2026-03-18 20:13:00,3.1184,3.1264,3.1164,3.1174,3.1234,3.1314,3.1214,3.1224,85
2026-03-18 20:14:00,3.1179,3.1224,3.1174,3.1214,3.1229,3.1274,3.1224,3.1264,45
2026-03-18 20:15:00,3.1204,3.1234,3.1149,3.1214,3.1254,3.1284,3.1199,3.1264,44
2026-03-18 20:16:00,3.1209,3.1234,3.1199,3.1224,3.1259,3.1284,3.1249,3.1274,37
2026-03-18 20:17:00,3.1229,3.1364,3.1224,3.1354,3.1279,3.1414,3.1274,3.1404,57
2026-03-18 20:18:00,3.1359,3.1384,3.1344,3.1374,3.1409,3.1434,3.1394,3.1424,94
2026-03-18 20:19:00,3.1369,3.1404,3.1334,3.1374,3.1419,3.1454,3.1384,3.1424,57
2026-03-18 20:20:00,3.1364,3.1504,3.1364,3.1484,3.1414,3.1554,3.1414,3.1534,74
2026-03-18 20:21:00,3.1479,3.1494,3.1454,3.1469,3.1529,3.1544,3.1504,3.1519,81
2026-03-18 20:22:00,3.1459,3.1494,3.1444,3.1464,3.1509,3.1544,3.1494,3.1514,52
2026-03-18 20:23:00,3.1474,3.1504,3.1424,3.1489,3.1524,3.1554,3.1474,3.1539,63
2026-03-18 20:24:00,3.1494,3.1534,3.1489,3.1499,3.1544,3.1584,3.1539,3.1549,32
2026-03-18 20:25:00,3.1504,3.1504,3.1324,3.1384,3.1554,3.1554,3.1374,3.1434,89
2026-03-18 20:26:00,3.1389,3.1464,3.1384,3.1449,3.1439,3.1514,3.1434,3.1499,51
2026-03-18 20:27:00,3.1454,3.1574,3.1454,3.1534,3.1504,3.1624,3.1504,3.1584,70
2026-03-18 20:28:00,3.1529,3.1554,3.1504,3.1524,3.1579,3.1604,3.1554,3.1574,37
2026-03-18 20:29:00,3.1529,3.1574,3.1524,3.1539,3.1579,3.1624,3.1574,3.1589,40
2026-03-18 20:30:00,3.1534,3.1544,3.1499,3.1544,3.1584,3.1594,3.1549,3.1594,44
2026-03-18 20:31:00,3.1549,3.1644,3.1549,3.1624,3.1599,3.1694,3.1599,3.1674,29
2026-03-18 20:32:00,3.1619,3.1644,3.1604,3.1639,3.1669,3.1694,3.1654,3.1689,44
2026-03-18 20:33:00,3.1644,3.1694,3.1639,3.1654,3.1694,3.1744,3.1689,3.1704,73
2026-03-18 20:34:00,3.1649,3.1694,3.1634,3.1644,3.1699,3.1744,3.1684,3.1694,57
2026-03-18 20:35:00,3.1639,3.1674,3.1584,3.1589,3.1689,3.1724,3.1634,3.1639,58
2026-03-18 20:36:00,3.1594,3.1604,3.1529,3.1529,3.1644,3.1654,3.1579,3.1579,47
2026-03-18 20:37:00,3.1534,3.1559,3.1514,3.1514,3.1584,3.1609,3.1564,3.1564,52
2026-03-18 20:38:00,3.1519,3.1544,3.1514,3.1534,3.1569,3.1594,3.1564,3.1584,34
2026-03-18 20:39:00,3.1544,3.1604,3.1544,3.1574,3.1594,3.1654,3.1594,3.1624,27
2026-03-18 20:40:00,3.1579,3.1589,3.1519,3.1534,3.1629,3.1639,3.1569,3.1584,39
2026-03-18 20:41:00,3.1524,3.1559,3.1514,3.1544,3.1574,3.1609,3.1564,3.1594,27
2026-03-18 20:42:00,3.1554,3.1574,3.1539,3.1574,3.1604,3.1624,3.1589,3.1624,31
2026-03-18 20:43:00,3.1569,3.1685,3.1564,3.1659,3.1619,3.1734,3.1614,3.1709,60
2026-03-18 20:44:00,3.1664,3.1694,3.1624,3.1685,3.1714,3.1744,3.1674,3.1734,40
2026-03-18 20:45:00,3.1694,3.1699,3.1654,3.1694,3.1744,3.1749,3.1704,3.1744,46
2026-03-18 20:46:00,3.1685,3.1694,3.1654,3.1654,3.1734,3.1744,3.1704,3.1704,31
2026-03-18 20:47:00,3.1664,3.1664,3.1634,3.1659,3.1714,3.1714,3.1684,3.1709,25
2026-03-18 20:48:00,3.1654,3.1685,3.1634,3.1634,3.1704,3.1734,3.1684,3.1684,24
2026-03-18 20:49:00,3.1629,3.1674,3.1629,3.1654,3.1679,3.1724,3.1679,3.1704,27
2026-03-18 20:50:00,3.1649,3.1654,3.1604,3.1624,3.1699,3.1704,3.1654,3.1674,56
2026-03-18 20:51:00,3.1619,3.1634,3.1554,3.1554,3.1669,3.1684,3.1604,3.1604,28
2026-03-18 20:52:00,3.1559,3.1564,3.1479,3.1484,3.1609,3.1614,3.1529,3.1534,46
2026-03-18 20:53:00,3.1479,3.1494,3.1384,3.1414,3.1529,3.1544,3.1434,3.1464,60
2026-03-18 20:54:00,3.1409,3.1434,3.1384,3.1429,3.1459,3.1484,3.1434,3.1479,38
2026-03-18 20:55:00,3.1434,3.1479,3.1434,3.1464,3.1484,3.1529,3.1484,3.1514,22
2026-03-18 20:56:00,3.1469,3.1479,3.1449,3.1454,3.1519,3.1529,3.1499,3.1504,39
2026-03-18 20:57:00,3.1444,3.1444,3.1414,3.1419,3.1494,3.1494,3.1464,3.1469,24
2026-03-18 20:58:00,3.1424,3.1444,3.1399,3.1424,3.1474,3.1494,3.1449,3.1474,28
2026-03-18 20:59:00,3.1429,3.1454,3.1424,3.1434,3.1479,3.1504,3.1474,3.1484,24
2026-03-18 21:00:00,3.1429,3.1444,3.1404,3.1419,3.1479,3.1494,3.1454,3.1469,26
2026-03-18 21:01:00,3.1424,3.1424,3.1354,3.1364,3.1474,3.1474,3.1404,3.1414,42
2026-03-18 21:02:00,3.1354,3.1389,3.1349,3.1384,3.1404,3.1439,3.1399,3.1434,28
2026-03-18 21:03:00,3.1394,3.1449,3.1394,3.1424,3.1444,3.1499,3.1444,3.1474,21
2026-03-18 21:04:00,3.1414,3.1414,3.1394,3.1394,3.1464,3.1464,3.1444,3.1444,11
2026-03-18 21:05:00,3.1399,3.1399,3.1354,3.1364,3.1449,3.1449,3.1404,3.1414,19
2026-03-18 21:06:00,3.1359,3.1359,3.1334,3.1349,3.1409,3.1409,3.1384,3.1399,14
2026-03-18 21:07:00,3.1354,3.1364,3.1354,3.1364,3.1404,3.1414,3.1404,3.1414,5
2026-03-18 21:08:00,3.1359,3.1364,3.1344,3.1344,3.1409,3.1414,3.1394,3.1394,22
2026-03-18 21:09:00,3.1349,3.1404,3.1344,3.1404,3.1399,3.1454,3.1394,3.1454,29
2026-03-18 21:10:00,3.1399,3.1429,3.1394,3.1419,3.1449,3.1479,3.1444,3.1469,27
2026-03-18 21:11:00,3.1414,3.1489,3.1414,3.1484,3.1464,3.1539,3.1464,3.1534,21
2026-03-18 21:12:00,3.1489,3.1549,3.1489,3.1549,3.1539,3.1599,3.1539,3.1599,28
2026-03-18 21:13:00,3.1544,3.1554,3.1529,3.1539,3.1594,3.1604,3.1579,3.1589,21
2026-03-18 21:14:00,3.1534,3.1574,3.1529,3.1549,3.1584,3.1624,3.1579,3.1599,30
2026-03-18 21:15:00,3.1544,3.1579,3.1544,3.1554,3.1594,3.1629,3.1594,3.1604,20
2026-03-18 21:16:00,3.1559,3.1614,3.1559,3.1614,3.1609,3.1664,3.1609,3.1664,12
2026-03-18 21:17:00,3.1624,3.1664,3.1619,3.1654,3.1674,3.1714,3.1669,3.1704,32
2026-03-18 21:18:00,3.1649,3.1649,3.1629,3.1629,3.1699,3.1699,3.1679,3.1679,20
2026-03-18 21:19:00,3.1624,3.1639,3.1599,3.1604,3.1674,3.1689,3.1649,3.1654,11
2026-03-18 21:20:00,3.1609,3.1629,3.1584,3.1594,3.1659,3.1679,3.1634,3.1644,14
2026-03-18 21:21:00,3.1599,3.1599,3.1549,3.1549,3.1649,3.1649,3.1599,3.1599,24
2026-03-18 21:22:00,3.1554,3.1564,3.1534,3.1544,3.1604,3.1614,3.1584,3.1594,19
2026-03-18 21:23:00,3.1554,3.1574,3.1544,3.1574,3.1604,3.1624,3.1594,3.1624,26
2026-03-18 21:24:00,3.1579,3.1634,3.1579,3.1629,3.1629,3.1684,3.1629,3.1679,21
2026-03-18 21:25:00,3.1614,3.1634,3.1574,3.1609,3.1664,3.1684,3.1624,3.1659,18
2026-03-18 21:26:00,3.1614,3.1629,3.1589,3.1629,3.1664,3.1679,3.1639,3.1679,19
2026-03-18 21:27:00,3.1634,3.1659,3.1634,3.1644,3.1684,3.1709,3.1684,3.1694,20
2026-03-18 21:28:00,3.1649,3.1664,3.1634,3.1634,3.1699,3.1714,3.1684,3.1684,16
2026-03-18 21:29:00,3.1639,3.1714,3.1634,3.1679,3.1689,3.1764,3.1684,3.1729,36
2026-03-18 21:30:00,3.1674,3.1774,3.1674,3.1759,3.1724,3.1824,3.1724,3.1809,33
2026-03-18 21:31:00,3.1765,3.1804,3.1749,3.1789,3.1814,3.1854,3.1799,3.1839,18
2026-03-18 21:32:00,3.1794,3.1834,3.1789,3.1834,3.1844,3.1884,3.1839,3.1884,31
2026-03-18 21:33:00,3.1824,3.1854,3.1814,3.1834,3.1874,3.1904,3.1864,3.1884,41
2026-03-18 21:34:00,3.1829,3.1845,3.1794,3.1834,3.1879,3.1894,3.1844,3.1884,22
2026-03-18 21:35:00,3.1829,3.1834,3.1804,3.1814,3.1879,3.1884,3.1854,3.1864,19
2026-03-18 21:36:00,3.1809,3.1829,3.1774,3.1824,3.1859,3.1879,3.1824,3.1874,49
2026-03-18 21:37:00,3.1819,3.1819,3.1774,3.1774,3.1869,3.1869,3.1824,3.1824,23
2026-03-18 21:38:00,3.1779,3.1794,3.1724,3.1769,3.1829,3.1844,3.1774,3.1819,36
2026-03-18 21:39:00,3.1765,3.1769,3.1724,3.1724,3.1814,3.1819,3.1774,3.1774,11
2026-03-18 21:40:00,3.1729,3.1789,3.1729,3.1769,3.1779,3.1839,3.1779,3.1819,19
2026-03-18 21:41:00,3.1774,3.1784,3.1709,3.1709,3.1824,3.1834,3.1759,3.1759,23
2026-03-18 21:42:00,3.1704,3.1734,3.1694,3.1734,3.1754,3.1784,3.1744,3.1784,21
2026-03-18 21:43:00,3.1744,3.1744,3.1704,3.1734,3.1794,3.1794,3.1754,3.1784,14
2026-03-18 21:44:00,3.1739,3.1784,3.1729,3.1774,3.1789,3.1834,3.1779,3.1824,19
2026-03-18 21:45:00,3.1779,3.1794,3.1765,3.1779,3.1829,3.1844,3.1814,3.1829,29
2026-03-18 21:46:00,3.1774,3.1789,3.1744,3.1754,3.1824,3.1839,3.1794,3.1804,35
2026-03-18 21:47:00,3.1764,3.1789,3.1759,3.1784,3.1814,3.1839,3.1809,3.1834,22
2026-03-18 21:48:00,3.1774,3.1819,3.1774,3.1789,3.1824,3.1869,3.1824,3.1839,25
2026-03-18 21:49:00,3.1784,3.1809,3.1779,3.1789,3.1834,3.1859,3.1829,3.1839,16
2026-03-18 21:50:00,3.1784,3.1794,3.1724,3.1729,3.1834,3.1844,3.1774,3.1779,30
2026-03-18 21:51:00,3.1724,3.1724,3.1694,3.1724,3.1774,3.1774,3.1744,3.1774,29
2026-03-18 21:52:00,3.1729,3.1734,3.1714,3.1714,3.1779,3.1784,3.1764,3.1764,19
2026-03-18 21:53:00,3.1704,3.1724,3.1704,3.1724,3.1754,3.1774,3.1754,3.1774,11
2026-03-18 21:54:00,3.1734,3.1749,3.1714,3.1724,3.1784,3.1799,3.1764,3.1774,18
2026-03-18 21:55:00,3.1714,3.1739,3.1704,3.1739,3.1764,3.1789,3.1754,3.1789,31
2026-03-18 21:56:00,3.1729,3.1729,3.1694,3.1694,3.1779,3.1779,3.1744,3.1744,16
2026-03-18 21:57:00,3.1704,3.1784,3.1699,3.1765,3.1754,3.1834,3.1749,3.1814,33
2026-03-18 21:58:00,3.1759,3.1794,3.1754,3.1774,3.1809,3.1844,3.1804,3.1824,28
2026-03-18 21:59:00,3.1769,3.1799,3.1707,3.1712,3.1819,3.1849,3.1757,3.1762,32
2026-03-18 23:00:00,3.1472,3.1522,3.1362,3.1447,3.1522,3.1572,3.1412,3.1497,59
2026-03-18 23:01:00,3.1462,3.1462,3.1327,3.1367,3.1512,3.1512,3.1377,3.1417,36
2026-03-18 23:02:00,3.1362,3.1527,3.1362,3.1517,3.1412,3.1577,3.1412,3.1567,19
2026-03-18 23:03:00,3.1512,3.1572,3.1512,3.1547,3.1562,3.1622,3.1562,3.1597,11
2026-03-18 23:04:00,3.1572,3.1572,3.1532,3.1537,3.1622,3.1622,3.1582,3.1587,10
2026-03-18 23:05:00,3.1542,3.1702,3.1542,3.1657,3.1592,3.1752,3.1592,3.1707,29
2026-03-18 23:06:00,3.1652,3.1652,3.1627,3.1627,3.1702,3.1702,3.1677,3.1677,10
2026-03-18 23:07:00,3.1652,3.1752,3.1652,3.1737,3.1702,3.1802,3.1702,3.1787,14
2026-03-18 23:08:00,3.1722,3.1752,3.1722,3.1742,3.1772,3.1802,3.1772,3.1792,10
2026-03-18 23:09:00,3.1732,3.1732,3.1702,3.1717,3.1782,3.1782,3.1752,3.1767,10
2026-03-18 23:10:00,3.1707,3.1722,3.1682,3.1682,3.1757,3.1772,3.1732,3.1732,11
2026-03-18 23:11:00,3.1687,3.1697,3.1677,3.1682,3.1737,3.1747,3.1727,3.1732,7
2026-03-18 23:12:00,3.1672,3.1672,3.1607,3.1607,3.1722,3.1722,3.1657,3.1657,13
2026-03-18 23:13:00,3.1622,3.1622,3.1542,3.1557,3.1672,3.1672,3.1592,3.1607,20
2026-03-18 23:14:00,3.1562,3.1582,3.1562,3.1577,3.1612,3.1632,3.1612,3.1627,7
2026-03-18 23:15:00,3.1582,3.1642,3.1582,3.1642,3.1632,3.1692,3.1632,3.1692,7
2026-03-18 23:16:00,3.1652,3.1652,3.1642,3.1642,3.1702,3.1702,3.1692,3.1692,3
2026-03-18 23:17:00,3.1652,3.1662,3.1652,3.1662,3.1702,3.1712,3.1702,3.1712,2
2026-03-18 23:18:00,3.1672,3.1682,3.1652,3.1662,3.1722,3.1732,3.1702,3.1712,8
2026-03-18 23:19:00,3.1667,3.1672,3.1642,3.1652,3.1717,3.1722,3.1692,3.1702,9
2026-03-18 23:20:00,3.1647,3.1672,3.1637,3.1672,3.1697,3.1722,3.1687,3.1722,6
2026-03-18 23:21:00,3.1682,3.1702,3.1677,3.1682,3.1732,3.1752,3.1727,3.1732,8
2026-03-18 23:22:00,3.1692,3.1692,3.1667,3.1667,3.1742,3.1742,3.1717,3.1717,3
2026-03-18 23:23:00,3.1662,3.1662,3.1652,3.1652,3.1712,3.1712,3.1702,3.1702,2
2026-03-18 23:24:00,3.1647,3.1647,3.1632,3.1632,3.1697,3.1697,3.1682,3.1682,5
2026-03-18 23:25:00,3.1637,3.1637,3.1597,3.1602,3.1687,3.1687,3.1647,3.1652,9
2026-03-18 23:26:00,3.1607,3.1682,3.1607,3.1667,3.1657,3.1732,3.1657,3.1717,11
2026-03-18 23:28:00,3.1672,3.1672,3.1642,3.1662,3.1722,3.1722,3.1692,3.1712,6
2026-03-18 23:29:00,3.1657,3.1662,3.1652,3.1662,3.1707,3.1712,3.1702,3.1712,3
2026-03-18 23:30:00,3.1657,3.1727,3.1652,3.1712,3.1707,3.1777,3.1702,3.1762,17
2026-03-18 23:31:00,3.1717,3.1732,3.1712,3.1727,3.1767,3.1782,3.1762,3.1777,9
2026-03-18 23:32:00,3.1722,3.1722,3.1672,3.1672,3.1772,3.1772,3.1722,3.1722,7
2026-03-18 23:33:00,3.1667,3.1672,3.1657,3.1657,3.1717,3.1722,3.1707,3.1707,5
2026-03-18 23:34:00,3.1667,3.1667,3.1632,3.1632,3.1717,3.1717,3.1682,3.1682,6
2026-03-18 23:35:00,3.1637,3.1642,3.1637,3.1642,3.1687,3.1692,3.1687,3.1692,2
2026-03-18 23:36:00,3.1637,3.1637,3.1612,3.1612,3.1687,3.1687,3.1662,3.1662,4
2026-03-18 23:37:00,3.1622,3.1622,3.1612,3.1612,3.1672,3.1672,3.1662,3.1662,4
2026-03-18 23:38:00,3.1607,3.1607,3.1602,3.1602,3.1657,3.1657,3.1652,3.1652,4
2026-03-18 23:39:00,3.1607,3.1632,3.1602,3.1602,3.1657,3.1682,3.1652,3.1652,6
2026-03-18 23:40:00,3.1597,3.1597,3.1582,3.1592,3.1647,3.1647,3.1632,3.1642,3
2026-03-18 23:41:00,3.1587,3.1632,3.1587,3.1622,3.1637,3.1682,3.1637,3.1672,6
2026-03-18 23:42:00,3.1617,3.1627,3.1617,3.1617,3.1667,3.1677,3.1667,3.1667,4
2026-03-18 23:43:00,3.1612,3.1617,3.1607,3.1607,3.1662,3.1667,3.1657,3.1657,5
2026-03-18 23:44:00,3.1602,3.1607,3.1602,3.1607,3.1652,3.1657,3.1652,3.1657,2
2026-03-18 23:46:00,3.1612,3.1612,3.1597,3.1612,3.1662,3.1662,3.1647,3.1662,5
2026-03-18 23:47:00,3.1622,3.1622,3.1612,3.1612,3.1672,3.1672,3.1662,3.1662,3
2026-03-18 23:48:00,3.1602,3.1602,3.1562,3.1562,3.1652,3.1652,3.1612,3.1612,5
2026-03-18 23:49:00,3.1567,3.1577,3.1567,3.1577,3.1617,3.1627,3.1617,3.1627,3
2026-03-18 23:50:00,3.1572,3.1582,3.1567,3.1582,3.1622,3.1632,3.1617,3.1632,3
2026-03-18 23:51:00,3.1592,3.1592,3.1582,3.1587,3.1642,3.1642,3.1632,3.1637,3
2026-03-18 23:52:00,3.1582,3.1592,3.1572,3.1592,3.1632,3.1642,3.1622,3.1642,4
2026-03-18 23:57:00,3.1587,3.1587,3.1582,3.1582,3.1637,3.1637,3.1632,3.1632,2
2026-03-18 23:58:00,3.1572,3.1582,3.1552,3.1552,3.1622,3.1632,3.1602,3.1602,5
2026-03-18 23:59:00,3.1542,3.1542,3.1532,3.1537,3.1592,3.1592,3.1582,3.1587,4
2026-03-19 00:00:00,3.1532,3.1542,3.1502,3.1517,3.1582,3.1592,3.1552,3.1567,12
2026-03-19 00:01:00,3.1512,3.1512,3.1512,3.1512,3.1562,3.1562,3.1562,3.1562,1
2026-03-19 00:02:00,3.1502,3.1547,3.1502,3.1542,3.1552,3.1597,3.1552,3.1592,10
2026-03-19 00:03:00,3.1532,3.1557,3.1532,3.1557,3.1582,3.1607,3.1582,3.1607,6
2026-03-19 00:04:00,3.1562,3.1592,3.1562,3.1587,3.1612,3.1642,3.1612,3.1637,9
2026-03-19 00:05:00,3.1582,3.1587,3.1572,3.1572,3.1632,3.1637,3.1622,3.1622,8
2026-03-19 00:06:00,3.1582,3.1592,3.1582,3.1582,3.1632,3.1642,3.1632,3.1632,4
2026-03-19 00:07:00,3.1572,3.1587,3.1572,3.1587,3.1622,3.1637,3.1622,3.1637,4
2026-03-19 00:08:00,3.1582,3.1582,3.1582,3.1582,3.1632,3.1632,3.1632,3.1632,1
2026-03-19 00:09:00,3.1572,3.1582,3.1557,3.1582,3.1622,3.1632,3.1607,3.1632,10
2026-03-19 00:10:00,3.1587,3.1592,3.1587,3.1592,3.1637,3.1642,3.1637,3.1642,4
2026-03-19 00:11:00,3.1587,3.1607,3.1587,3.1597,3.1637,3.1657,3.1637,3.1647,6
2026-03-19 00:12:00,3.1592,3.1602,3.1587,3.1597,3.1642,3.1652,3.1637,3.1647,4
2026-03-19 00:13:00,3.1587,3.1587,3.1577,3.1577,3.1637,3.1637,3.1627,3.1627,3
2026-03-19 00:14:00,3.1587,3.1612,3.1582,3.1612,3.1637,3.1662,3.1632,3.1662,9
2026-03-19 00:15:00,3.1602,3.1617,3.1597,3.1617,3.1652,3.1667,3.1647,3.1667,11
2026-03-19 00:16:00,3.1622,3.1672,3.1622,3.1642,3.1672,3.1722,3.1672,3.1692,16
2026-03-19 00:17:00,3.1652,3.1687,3.1647,3.1672,3.1702,3.1737,3.1697,3.1722,15
2026-03-19 00:18:00,3.1677,3.1692,3.1677,3.1682,3.1727,3.1742,3.1727,3.1732,7
2026-03-19 00:19:00,3.1672,3.1692,3.1672,3.1692,3.1722,3.1742,3.1722,3.1742,4
2026-03-19 00:20:00,3.1682,3.1692,3.1667,3.1687,3.1732,3.1742,3.1717,3.1737,13
2026-03-19 00:21:00,3.1682,3.1757,3.1682,3.1757,3.1732,3.1807,3.1732,3.1807,25
2026-03-19 00:22:00,3.1742,3.1742,3.1682,3.1697,3.1792,3.1792,3.1732,3.1747,15
2026-03-19 00:23:00,3.1692,3.1692,3.1617,3.1627,3.1742,3.1742,3.1667,3.1677,13
2026-03-19 00:24:00,3.1622,3.1662,3.1617,3.1647,3.1672,3.1712,3.1667,3.1697,10
2026-03-19 00:25:00,3.1667,3.1682,3.1667,3.1672,3.1717,3.1732,3.1717,3.1722,5
2026-03-19 00:26:00,3.1677,3.1702,3.1672,3.1692,3.1727,3.1752,3.1722,3.1742,10
2026-03-19 00:27:00,3.1672,3.1697,3.1672,3.1697,3.1722,3.1747,3.1722,3.1747,5
2026-03-19 00:28:00,3.1687,3.1687,3.1667,3.1682,3.1737,3.1737,3.1717,3.1732,8
2026-03-19 00:29:00,3.1677,3.1697,3.1677,3.1697,3.1727,3.1747,3.1727,3.1747,3
2026-03-19 00:30:00,3.1692,3.1717,3.1672,3.1672,3.1742,3.1767,3.1722,3.1722,11
2026-03-19 00:31:00,3.1667,3.1667,3.1637,3.1637,3.1717,3.1717,3.1687,3.1687,7
2026-03-19 00:32:00,3.1632,3.1632,3.1612,3.1622,3.1682,3.1682,3.1662,3.1672,5
2026-03-19 00:33:00,3.1632,3.1637,3.1617,3.1617,3.1682,3.1687,3.1667,3.1667,4
2026-03-19 00:34:00,3.1622,3.1632,3.1622,3.1627,3.1672,3.1682,3.1672,3.1677,3
2026-03-19 00:35:00,3.1622,3.1622,3.1602,3.1602,3.1672,3.1672,3.1652,3.1652,4
2026-03-19 00:36:00,3.1607,3.1617,3.1607,3.1607,3.1657,3.1667,3.1657,3.1657,3
2026-03-19 00:37:00,3.1602,3.1607,3.1602,3.1607,3.1652,3.1657,3.1652,3.1657,2
2026-03-19 00:39:00,3.1602,3.1602,3.1577,3.1592,3.1652,3.1652,3.1627,3.1642,5
2026-03-19 00:40:00,3.1587,3.1587,3.1567,3.1577,3.1637,3.1637,3.1617,3.1627,7
2026-03-19 00:41:00,3.1572,3.1572,3.1562,3.1572,3.1622,3.1622,3.1612,3.1622,4
2026-03-19 00:42:00,3.1567,3.1567,3.1507,3.1522,3.1617,3.1617,3.1557,3.1572,9
2026-03-19 00:43:00,3.1517,3.1517,3.1497,3.1502,3.1567,3.1567,3.1547,3.1552,8
2026-03-19 00:44:00,3.1497,3.1562,3.1482,3.1562,3.1547,3.1612,3.1532,3.1612,12
2026-03-19 00:45:00,3.1572,3.1622,3.1572,3.1617,3.1622,3.1672,3.1622,3.1667,16
2026-03-19 00:46:00,3.1612,3.1637,3.1612,3.1627,3.1662,3.1687,3.1662,3.1677,6
2026-03-19 00:47:00,3.1617,3.1627,3.1607,3.1627,3.1667,3.1677,3.1657,3.1677,4
2026-03-19 00:48:00,3.1632,3.1632,3.1617,3.1627,3.1682,3.1682,3.1667,3.1677,5
2026-03-19 00:49:00,3.1622,3.1622,3.1622,3.1622,3.1672,3.1672,3.1672,3.1672,1
2026-03-19 00:50:00,3.1632,3.1642,3.1627,3.1637,3.1682,3.1692,3.1677,3.1687,5
2026-03-19 00:51:00,3.1627,3.1712,3.1627,3.1707,3.1677,3.1762,3.1677,3.1757,24
2026-03-19 00:52:00,3.1732,3.1772,3.1722,3.1767,3.1782,3.1822,3.1772,3.1817,19
2026-03-19 00:53:00,3.1782,3.1827,3.1752,3.1802,3.1832,3.1877,3.1802,3.1852,44
2026-03-19 00:54:00,3.1797,3.1862,3.1792,3.1852,3.1847,3.1912,3.1842,3.1902,19
2026-03-19 00:55:00,3.1837,3.1887,3.1837,3.1867,3.1887,3.1937,3.1887,3.1917,18
2026-03-19 00:56:00,3.1962,3.1982,3.1932,3.1962,3.2012,3.2032,3.1982,3.2012,21
2026-03-19 00:57:00,3.1947,3.1977,3.1917,3.1962,3.1997,3.2027,3.1967,3.2012,22
2026-03-19 00:58:00,3.1957,3.1962,3.1902,3.1912,3.2007,3.2012,3.1952,3.1962,10
2026-03-19 00:59:00,3.1917,3.1922,3.1897,3.1897,3.1967,3.1972,3.1947,3.1947,4
2026-03-19 01:00:00,3.1892,3.2007,3.1892,3.1997,3.1942,3.2057,3.1942,3.2047,29
2026-03-19 01:01:00,3.2002,3.2037,3.1947,3.1997,3.2052,3.2087,3.1997,3.2047,26
2026-03-19 01:02:00,3.2002,3.2042,3.1987,3.2012,3.2052,3.2092,3.2037,3.2062,28
2026-03-19 01:03:00,3.2007,3.2007,3.1892,3.1892,3.2057,3.2057,3.1942,3.1942,34
2026-03-19 01:04:00,3.1877,3.1922,3.1852,3.1862,3.1927,3.1972,3.1902,3.1912,19
2026-03-19 01:05:00,3.1857,3.1887,3.1842,3.1862,3.1907,3.1937,3.1892,3.1912,16
2026-03-19 01:06:00,3.1872,3.1932,3.1867,3.1932,3.1922,3.1982,3.1917,3.1982,15
2026-03-19 01:07:00,3.1927,3.1937,3.1907,3.1907,3.1977,3.1987,3.1957,3.1957,10
2026-03-19 01:08:00,3.1902,3.1902,3.1852,3.1877,3.1952,3.1952,3.1902,3.1927,12
2026-03-19 01:09:00,3.1872,3.1872,3.1837,3.1847,3.1922,3.1922,3.1887,3.1897,14
2026-03-19 01:10:00,3.1862,3.1907,3.1862,3.1907,3.1912,3.1957,3.1912,3.1957,18
2026-03-19 01:11:00,3.1917,3.1957,3.1917,3.1947,3.1967,3.2007,3.1967,3.1997,22
2026-03-19 01:12:00,3.1942,3.1992,3.1932,3.1982,3.1992,3.2042,3.1982,3.2032,21
2026-03-19 01:13:00,3.1972,3.1972,3.1922,3.1937,3.2022,3.2022,3.1972,3.1987,13
2026-03-19 01:14:00,3.1927,3.1927,3.1897,3.1907,3.1977,3.1977,3.1947,3.1957,8
2026-03-19 01:15:00,3.1897,3.1897,3.1842,3.1882,3.1947,3.1947,3.1892,3.1932,17
2026-03-19 01:16:00,3.1887,3.1892,3.1812,3.1812,3.1937,3.1942,3.1862,3.1862,14
2026-03-19 01:17:00,3.1807,3.1832,3.1767,3.1832,3.1857,3.1882,3.1817,3.1882,18
2026-03-19 01:18:00,3.1827,3.1862,3.1822,3.1857,3.1877,3.1912,3.1872,3.1907,19
2026-03-19 01:19:00,3.1862,3.1952,3.1862,3.1912,3.1912,3.2002,3.1912,3.1962,27
2026-03-19 01:20:00,3.1907,3.2052,3.1902,3.1992,3.1957,3.2102,3.1952,3.2042,51
2026-03-19 01:21:00,3.1982,3.2042,3.1982,3.2032,3.2032,3.2092,3.2032,3.2082,16
2026-03-19 01:22:00,3.2022,3.2037,3.1997,3.1997,3.2072,3.2087,3.2047,3.2047,13
2026-03-19 01:23:00,3.2007,3.2017,3.2002,3.2007,3.2057,3.2067,3.2052,3.2057,6
2026-03-19 01:24:00,3.2012,3.2027,3.2012,3.2022,3.2062,3.2077,3.2062,3.2072,7
2026-03-19 01:25:00,3.2017,3.2082,3.2017,3.2057,3.2067,3.2132,3.2067,3.2107,17
2026-03-19 01:26:00,3.2047,3.2047,3.2002,3.2007,3.2097,3.2097,3.2052,3.2057,18
2026-03-19 01:27:00,3.2012,3.2017,3.2012,3.2017,3.2062,3.2067,3.2062,3.2067,2
2026-03-19 01:28:00,3.2012,3.2022,3.1997,3.1997,3.2062,3.2072,3.2047,3.2047,8
2026-03-19 01:29:00,3.2002,3.2042,3.2002,3.2032,3.2052,3.2092,3.2052,3.2082,14
2026-03-19 01:30:00,3.2042,3.2062,3.2037,3.2057,3.2092,3.2112,3.2087,3.2107,10
2026-03-19 01:31:00,3.2047,3.2072,3.2037,3.2072,3.2097,3.2122,3.2087,3.2122,9
2026-03-19 01:32:00,3.2077,3.2087,3.2057,3.2077,3.2127,3.2137,3.2107,3.2127,11
2026-03-19 01:33:00,3.2072,3.2082,3.2062,3.2077,3.2122,3.2132,3.2112,3.2127,6
2026-03-19 01:34:00,3.2072,3.2142,3.2067,3.2142,3.2122,3.2192,3.2117,3.2192,21
2026-03-19 01:35:00,3.2137,3.2192,3.2137,3.2157,3.2187,3.2242,3.2187,3.2207,26
2026-03-19 01:36:00,3.2152,3.2152,3.2122,3.2127,3.2202,3.2202,3.2172,3.2177,8
2026-03-19 01:37:00,3.2142,3.2177,3.2132,3.2177,3.2192,3.2227,3.2182,3.2227,15
2026-03-19 01:38:00,3.2192,3.2232,3.2192,3.2217,3.2242,3.2282,3.2242,3.2267,16
2026-03-19 01:39:00,3.2207,3.2212,3.2192,3.2212,3.2257,3.2262,3.2242,3.2262,11
2026-03-19 01:40:00,3.2217,3.2217,3.2202,3.2212,3.2267,3.2267,3.2252,3.2262,4
2026-03-19 01:41:00,3.2217,3.2257,3.2212,3.2242,3.2267,3.2307,3.2262,3.2292,20
2026-03-19 01:42:00,3.2237,3.2262,3.2217,3.2257,3.2287,3.2312,3.2267,3.2307,9
2026-03-19 01:43:00,3.2262,3.2262,3.2222,3.2252,3.2312,3.2312,3.2272,3.2302,14
2026-03-19 01:44:00,3.2242,3.2252,3.2222,3.2252,3.2292,3.2302,3.2272,3.2302,11
2026-03-19 01:45:00,3.2247,3.2252,3.2232,3.2247,3.2297,3.2302,3.2282,3.2297,9
2026-03-19 01:46:00,3.2232,3.2247,3.2212,3.2247,3.2282,3.2297,3.2262,3.2297,12
2026-03-19 01:47:00,3.2237,3.2237,3.2152,3.2162,3.2287,3.2287,3.2202,3.2212,25
2026-03-19 01:48:00,3.2172,3.2177,3.2147,3.2152,3.2222,3.2227,3.2197,3.2202,25
2026-03-19 01:49:00,3.2147,3.2217,3.2132,3.2192,3.2197,3.2267,3.2182,3.2242,29
2026-03-19 01:50:00,3.2197,3.2197,3.2152,3.2162,3.2247,3.2247,3.2202,3.2212,12
2026-03-19 01:51:00,3.2167,3.2182,3.2167,3.2172,3.2217,3.2232,3.2217,3.2222,8
2026-03-19 01:52:00,3.2167,3.2172,3.2147,3.2147,3.2217,3.2222,3.2197,3.2197,7
2026-03-19 01:53:00,3.2167,3.2167,3.2117,3.2127,3.2217,3.2217,3.2167,3.2177,21
2026-03-19 01:54:00,3.2137,3.2152,3.2092,3.2122,3.2187,3.2202,3.2142,3.2172,13
2026-03-19 01:55:00,3.2127,3.2212,3.2127,3.2207,3.2177,3.2262,3.2177,3.2257,24
2026-03-19 01:56:00,3.2202,3.2242,3.2202,3.2237,3.2252,3.2292,3.2252,3.2287,13
2026-03-19 01:57:00,3.2232,3.2237,3.2232,3.2237,3.2282,3.2287,3.2282,3.2287,6
2026-03-19 01:58:00,3.2227,3.2242,3.2222,3.2237,3.2277,3.2292,3.2272,3.2287,5
2026-03-19 01:59:00,3.2242,3.2252,3.2227,3.2227,3.2292,3.2302,3.2277,3.2277,12
2026-03-19 02:00:00,3.2222,3.2222,3.2152,3.2157,3.2272,3.2272,3.2202,3.2207,30
2026-03-19 02:01:00,3.2162,3.2202,3.2162,3.2172,3.2212,3.2252,3.2212,3.2222,14
2026-03-19 02:02:00,3.2167,3.2172,3.2152,3.2152,3.2217,3.2222,3.2202,3.2202,10
2026-03-19 02:03:00,3.2157,3.2232,3.2157,3.2232,3.2207,3.2282,3.2207,3.2282,21
2026-03-19 02:04:00,3.2227,3.2272,3.2227,3.2242,3.2277,3.2322,3.2277,3.2292,35
2026-03-19 02:05:00,3.2237,3.2302,3.2222,3.2287,3.2287,3.2352,3.2272,3.2337,30
2026-03-19 02:06:00,3.2292,3.2292,3.2267,3.2267,3.2342,3.2342,3.2317,3.2317,5
2026-03-19 02:07:00,3.2262,3.2277,3.2217,3.2257,3.2312,3.2327,3.2267,3.2307,11
2026-03-19 02:08:00,3.2267,3.2282,3.2267,3.2282,3.2317,3.2332,3.2317,3.2332,7
2026-03-19 02:09:00,3.2287,3.2287,3.2237,3.2237,3.2337,3.2337,3.2287,3.2287,20
2026-03-19 02:10:00,3.2232,3.2232,3.2117,3.2122,3.2282,3.2282,3.2167,3.2172,35
2026-03-19 02:11:00,3.2127,3.2202,3.2127,3.2162,3.2177,3.2252,3.2177,3.2212,33
2026-03-19 02:12:00,3.2172,3.2182,3.2157,3.2162,3.2222,3.2232,3.2207,3.2212,10
2026-03-19 02:13:00,3.2157,3.2162,3.2157,3.2162,3.2207,3.2212,3.2207,3.2212,2
2026-03-19 02:14:00,3.2167,3.2182,3.2167,3.2182,3.2217,3.2232,3.2217,3.2232,5
2026-03-19 02:15:00,3.2177,3.2192,3.2142,3.2142,3.2227,3.2242,3.2192,3.2192,10
2026-03-19 02:16:00,3.2137,3.2147,3.2077,3.2097,3.2187,3.2197,3.2127,3.2147,39
2026-03-19 02:17:00,3.2107,3.2147,3.2082,3.2092,3.2157,3.2197,3.2132,3.2142,32
2026-03-19 02:18:00,3.2097,3.2117,3.2042,3.2117,3.2147,3.2167,3.2092,3.2167,23
2026-03-19 02:19:00,3.2127,3.2127,3.2097,3.2107,3.2177,3.2177,3.2147,3.2157,7
2026-03-19 02:20:00,3.2112,3.2142,3.2092,3.2107,3.2162,3.2192,3.2142,3.2157,15
2026-03-19 02:21:00,3.2102,3.2102,3.1997,3.2002,3.2152,3.2152,3.2047,3.2052,30
2026-03-19 02:22:00,3.2007,3.2037,3.1992,3.2037,3.2057,3.2087,3.2042,3.2087,20
2026-03-19 02:23:00,3.2032,3.2042,3.2027,3.2037,3.2082,3.2092,3.2077,3.2087,5
2026-03-19 02:24:00,3.2042,3.2042,3.2027,3.2027,3.2092,3.2092,3.2077,3.2077,5
2026-03-19 02:25:00,3.2032,3.2052,3.2022,3.2022,3.2082,3.2102,3.2072,3.2072,19
2026-03-19 02:26:00,3.2017,3.2057,3.2017,3.2052,3.2067,3.2107,3.2067,3.2102,13
2026-03-19 02:27:00,3.2057,3.2102,3.2032,3.2062,3.2107,3.2152,3.2082,3.2112,24
2026-03-19 02:28:00,3.2072,3.2102,3.2072,3.2102,3.2122,3.2152,3.2122,3.2152,7
2026-03-19 02:29:00,3.2112,3.2112,3.2077,3.2087,3.2162,3.2162,3.2127,3.2137,19
2026-03-19 02:30:00,3.2092,3.2102,3.2087,3.2097,3.2142,3.2152,3.2137,3.2147,6
2026-03-19 02:31:00,3.2107,3.2152,3.2107,3.2137,3.2157,3.2202,3.2157,3.2187,13
2026-03-19 02:32:00,3.2142,3.2172,3.2142,3.2157,3.2192,3.2222,3.2192,3.2207,12
2026-03-19 02:33:00,3.2152,3.2152,3.2087,3.2092,3.2202,3.2202,3.2137,3.2142,12
2026-03-19 02:34:00,3.2097,3.2102,3.2082,3.2087,3.2147,3.2152,3.2132,3.2137,14
2026-03-19 02:35:00,3.2082,3.2082,3.2037,3.2042,3.2132,3.2132,3.2087,3.2092,12
2026-03-19 02:36:00,3.2037,3.2047,3.2022,3.2027,3.2087,3.2097,3.2072,3.2077,16
2026-03-19 02:37:00,3.2022,3.2027,3.2007,3.2022,3.2072,3.2077,3.2057,3.2072,7
2026-03-19 02:38:00,3.2017,3.2037,3.2012,3.2027,3.2067,3.2087,3.2062,3.2077,13
2026-03-19 02:39:00,3.2032,3.2037,3.2027,3.2027,3.2082,3.2087,3.2077,3.2077,3
2026-03-19 02:41:00,3.2032,3.2057,3.2032,3.2057,3.2082,3.2107,3.2082,3.2107,12
2026-03-19 02:42:00,3.2072,3.2077,3.2052,3.2062,3.2122,3.2127,3.2102,3.2112,11
2026-03-19 02:43:00,3.2057,3.2077,3.2057,3.2067,3.2107,3.2127,3.2107,3.2117,5
2026-03-19 02:44:00,3.2072,3.2102,3.2072,3.2092,3.2122,3.2152,3.2122,3.2142,6
2026-03-19 02:45:00,3.2097,3.2097,3.2072,3.2077,3.2147,3.2147,3.2122,3.2127,8
2026-03-19 02:46:00,3.2082,3.2092,3.2082,3.2092,3.2132,3.2142,3.2132,3.2142,2
2026-03-19 02:47:00,3.2087,3.2092,3.2082,3.2087,3.2137,3.2142,3.2132,3.2137,8
2026-03-19 02:48:00,3.2092,3.2112,3.2092,3.2107,3.2142,3.2162,3.2142,3.2157,4
2026-03-19 02:49:00,3.2102,3.2112,3.2092,3.2112,3.2152,3.2162,3.2142,3.2162,8
2026-03-19 02:50:00,3.2122,3.2122,3.2062,3.2067,3.2172,3.2172,3.2112,3.2117,15
2026-03-19 02:51:00,3.2062,3.2062,3.2032,3.2062,3.2112,3.2112,3.2082,3.2112,19
2026-03-19 02:52:00,3.2067,3.2082,3.2042,3.2082,3.2117,3.2132,3.2092,3.2132,11
2026-03-19 02:53:00,3.2077,3.2087,3.2057,3.2062,3.2127,3.2137,3.2107,3.2112,12
2026-03-19 02:54:00,3.2067,3.2087,3.2052,3.2082,3.2117,3.2137,3.2102,3.2132,8
2026-03-19 02:55:00,3.2077,3.2077,3.2057,3.2057,3.2127,3.2127,3.2107,3.2107,9
2026-03-19 02:56:00,3.2047,3.2047,3.2012,3.2022,3.2097,3.2097,3.2062,3.2072,8
2026-03-19 02:57:00,3.2032,3.2037,3.2027,3.2037,3.2082,3.2087,3.2077,3.2087,4
2026-03-19 02:58:00,3.2032,3.2087,3.2032,3.2082,3.2082,3.2137,3.2082,3.2132,12
2026-03-19 02:59:00,3.2087,3.2102,3.2087,3.2087,3.2137,3.2152,3.2137,3.2137,9
2026-03-19 03:00:00,3.2072,3.2072,3.2042,3.2047,3.2122,3.2122,3.2092,3.2097,10
2026-03-19 03:01:00,3.2042,3.2092,3.2042,3.2047,3.2092,3.2142,3.2092,3.2097,24
2026-03-19 03:02:00,3.2052,3.2062,3.2047,3.2062,3.2102,3.2112,3.2097,3.2112,5
2026-03-19 03:03:00,3.2057,3.2077,3.2047,3.2067,3.2107,3.2127,3.2097,3.2117,7
2026-03-19 03:04:00,3.2077,3.2077,3.2062,3.2067,3.2127,3.2127,3.2112,3.2117,8
2026-03-19 03:05:00,3.2072,3.2072,3.2042,3.2052,3.2122,3.2122,3.2092,3.2102,9
2026-03-19 03:06:00,3.2057,3.2092,3.2047,3.2092,3.2107,3.2142,3.2097,3.2142,15
2026-03-19 03:07:00,3.2087,3.2087,3.1972,3.2027,3.2137,3.2137,3.2022,3.2077,26
2026-03-19 03:08:00,3.2017,3.2182,3.2007,3.2162,3.2067,3.2232,3.2057,3.2212,30
2026-03-19 03:09:00,3.2152,3.2162,3.2107,3.2122,3.2202,3.2212,3.2157,3.2172,26
2026-03-19 03:10:00,3.2117,3.2127,3.2072,3.2072,3.2167,3.2177,3.2122,3.2122,12
2026-03-19 03:11:00,3.2062,3.2072,3.2047,3.2047,3.2112,3.2122,3.2097,3.2097,8
2026-03-19 03:12:00,3.2042,3.2042,3.1967,3.2007,3.2092,3.2092,3.2017,3.2057,40
2026-03-19 03:13:00,3.2017,3.2037,3.1987,3.1992,3.2067,3.2087,3.2037,3.2042,17
2026-03-19 03:14:00,3.1997,3.2012,3.1992,3.2002,3.2047,3.2062,3.2042,3.2052,9
2026-03-19 03:15:00,3.1997,3.2012,3.1997,3.2002,3.2047,3.2062,3.2047,3.2052,8
2026-03-19 03:16:00,3.1997,3.2012,3.1997,3.2002,3.2047,3.2062,3.2047,3.2052,18
2026-03-19 03:17:00,3.2007,3.2052,3.1992,3.2047,3.2057,3.2102,3.2042,3.2097,38
2026-03-19 03:18:00,3.2042,3.2052,3.2012,3.2032,3.2092,3.2102,3.2062,3.2082,24
2026-03-19 03:19:00,3.2027,3.2027,3.1992,3.1992,3.2077,3.2077,3.2042,3.2042,6
2026-03-19 03:20:00,3.1997,3.2012,3.1997,3.2002,3.2047,3.2062,3.2047,3.2052,9
2026-03-19 03:21:00,3.2012,3.2017,3.2002,3.2002,3.2062,3.2067,3.2052,3.2052,8
2026-03-19 03:22:00,3.2007,3.2032,3.2007,3.2022,3.2057,3.2082,3.2057,3.2072,9
2026-03-19 03:23:00,3.2017,3.2022,3.2012,3.2017,3.2067,3.2072,3.2062,3.2067,5
2026-03-19 03:24:00,3.2012,3.2012,3.2002,3.2012,3.2062,3.2062,3.2052,3.2062,4
2026-03-19 03:25:00,3.2007,3.2032,3.1992,3.2032,3.2057,3.2082,3.2042,3.2082,18
2026-03-19 03:26:00,3.2042,3.2042,3.2037,3.2037,3.2092,3.2092,3.2087,3.2087,2
2026-03-19 03:27:00,3.2032,3.2062,3.2017,3.2062,3.2082,3.2112,3.2067,3.2112,6
2026-03-19 03:28:00,3.2072,3.2082,3.2067,3.2077,3.2122,3.2132,3.2117,3.2127,5
2026-03-19 03:29:00,3.2067,3.2082,3.2042,3.2047,3.2117,3.2132,3.2092,3.2097,11
2026-03-19 03:30:00,3.2042,3.2047,3.2007,3.2042,3.2092,3.2097,3.2057,3.2092,14
2026-03-19 03:31:00,3.2037,3.2037,3.2037,3.2037,3.2087,3.2087,3.2087,3.2087,1
2026-03-19 03:32:00,3.2052,3.2062,3.2037,3.2047,3.2102,3.2112,3.2087,3.2097,17
2026-03-19 03:33:00,3.2057,3.2067,3.2052,3.2067,3.2107,3.2117,3.2102,3.2117,10
2026-03-19 03:34:00,3.2057,3.2077,3.1997,3.2007,3.2107,3.2127,3.2047,3.2057,27
2026-03-19 03:35:00,3.2017,3.2027,3.2012,3.2017,3.2067,3.2077,3.2062,3.2067,6
2026-03-19 03:36:00,3.2012,3.2012,3.1932,3.1982,3.2062,3.2062,3.1982,3.2032,35
2026-03-19 03:37:00,3.1972,3.2057,3.1972,3.2052,3.2022,3.2107,3.2022,3.2102,31
2026-03-19 03:38:00,3.2047,3.2057,3.2042,3.2052,3.2097,3.2107,3.2092,3.2102,11
2026-03-19 03:39:00,3.2057,3.2057,3.2052,3.2052,3.2107,3.2107,3.2102,3.2102,2
2026-03-19 03:40:00,3.2057,3.2092,3.2057,3.2087,3.2107,3.2142,3.2107,3.2137,12
2026-03-19 03:41:00,3.2092,3.2097,3.2077,3.2087,3.2142,3.2147,3.2127,3.2137,17
2026-03-19 03:42:00,3.2082,3.2097,3.2072,3.2077,3.2132,3.2147,3.2122,3.2127,25
2026-03-19 03:43:00,3.2087,3.2087,3.2072,3.2077,3.2137,3.2137,3.2122,3.2127,5
2026-03-19 03:44:00,3.2072,3.2087,3.2072,3.2087,3.2122,3.2137,3.2122,3.2137,3
2026-03-19 03:45:00,3.2092,3.2102,3.2087,3.2102,3.2142,3.2152,3.2137,3.2152,7
2026-03-19 03:46:00,3.2112,3.2112,3.2062,3.2067,3.2162,3.2162,3.2112,3.2117,21
2026-03-19 03:47:00,3.2072,3.2097,3.2072,3.2097,3.2122,3.2147,3.2122,3.2147,7
2026-03-19 03:48:00,3.2092,3.2127,3.2092,3.2127,3.2142,3.2177,3.2142,3.2177,15
2026-03-19 03:49:00,3.2122,3.2132,3.2107,3.2132,3.2172,3.2182,3.2157,3.2182,10
2026-03-19 03:50:00,3.2127,3.2167,3.2122,3.2132,3.2177,3.2217,3.2172,3.2182,18
2026-03-19 03:51:00,3.2117,3.2182,3.2107,3.2172,3.2167,3.2232,3.2157,3.2222,29
2026-03-19 03:52:00,3.2162,3.2212,3.2162,3.2202,3.2212,3.2262,3.2212,3.2252,26
2026-03-19 03:53:00,3.2197,3.2222,3.2197,3.2222,3.2247,3.2272,3.2247,3.2272,17
2026-03-19 03:54:00,3.2217,3.2222,3.2202,3.2212,3.2267,3.2272,3.2252,3.2262,12
2026-03-19 03:55:00,3.2202,3.2202,3.2137,3.2157,3.2252,3.2252,3.2187,3.2207,31
2026-03-19 03:56:00,3.2152,3.2157,3.2092,3.2122,3.2202,3.2207,3.2142,3.2172,29
2026-03-19 03:57:00,3.2127,3.2132,3.2082,3.2127,3.2177,3.2182,3.2132,3.2177,14
2026-03-19 03:58:00,3.2122,3.2122,3.2092,3.2092,3.2172,3.2172,3.2142,3.2142,16
2026-03-19 03:59:00,3.2112,3.2117,3.2107,3.2112,3.2162,3.2167,3.2157,3.2162,12
2026-03-19 04:00:00,3.2122,3.2137,3.2122,3.2122,3.2172,3.2187,3.2172,3.2172,5
2026-03-19 04:01:00,3.2112,3.2132,3.2112,3.2132,3.2162,3.2182,3.2162,3.2182,5
2026-03-19 04:02:00,3.2127,3.2172,3.2127,3.2152,3.2177,3.2222,3.2177,3.2202,13
2026-03-19 04:03:00,3.2157,3.2187,3.2152,3.2177,3.2207,3.2237,3.2202,3.2227,8
2026-03-19 04:04:00,3.2167,3.2182,3.2127,3.2127,3.2217,3.2232,3.2177,3.2177,9
2026-03-19 04:05:00,3.2137,3.2147,3.2137,3.2137,3.2187,3.2197,3.2187,3.2187,8
2026-03-19 04:06:00,3.2132,3.2142,3.2127,3.2127,3.2182,3.2192,3.2177,3.2177,7
2026-03-19 04:07:00,3.2112,3.2137,3.2097,3.2117,3.2162,3.2187,3.2147,3.2167,39
2026-03-19 04:08:00,3.2112,3.2152,3.2092,3.2147,3.2162,3.2202,3.2142,3.2197,21
2026-03-19 04:09:00,3.2162,3.2212,3.2157,3.2172,3.2212,3.2262,3.2207,3.2222,21
2026-03-19 04:10:00,3.2167,3.2177,3.2152,3.2157,3.2217,3.2227,3.2202,3.2207,7
2026-03-19 04:11:00,3.2152,3.2152,3.2137,3.2137,3.2202,3.2202,3.2187,3.2187,5
2026-03-19 04:12:00,3.2122,3.2122,3.2092,3.2112,3.2172,3.2172,3.2142,3.2162,8
2026-03-19 04:13:00,3.2107,3.2107,3.2082,3.2092,3.2157,3.2157,3.2132,3.2142,13
2026-03-19 04:14:00,3.2102,3.2162,3.2102,3.2162,3.2152,3.2212,3.2152,3.2212,18
2026-03-19 04:15:00,3.2152,3.2162,3.2142,3.2142,3.2202,3.2212,3.2192,3.2192,11
2026-03-19 04:16:00,3.2147,3.2157,3.2122,3.2157,3.2197,3.2207,3.2172,3.2207,10
2026-03-19 04:17:00,3.2152,3.2267,3.2142,3.2217,3.2202,3.2317,3.2192,3.2267,40
2026-03-19 04:18:00,3.2227,3.2232,3.2187,3.2192,3.2277,3.2282,3.2237,3.2242,33
2026-03-19 04:19:00,3.2197,3.2197,3.2157,3.2192,3.2247,3.2247,3.2207,3.2242,21
2026-03-19 04:20:00,3.2197,3.2197,3.2172,3.2182,3.2247,3.2247,3.2222,3.2232,16
2026-03-19 04:21:00,3.2167,3.2197,3.2167,3.2182,3.2217,3.2247,3.2217,3.2232,16
2026-03-19 04:22:00,3.2177,3.2177,3.2142,3.2142,3.2227,3.2227,3.2192,3.2192,16
2026-03-19 04:23:00,3.2147,3.2172,3.2122,3.2167,3.2197,3.2222,3.2172,3.2217,23
2026-03-19 04:24:00,3.2162,3.2182,3.2137,3.2137,3.2212,3.2232,3.2187,3.2187,25
2026-03-19 04:25:00,3.2122,3.2147,3.2052,3.2052,3.2172,3.2197,3.2102,3.2102,30
2026-03-19 04:26:00,3.2057,3.2057,3.1967,3.1972,3.2107,3.2107,3.2017,3.2022,25
2026-03-19 04:27:00,3.1957,3.1982,3.1957,3.1967,3.2007,3.2032,3.2007,3.2017,13
2026-03-19 04:28:00,3.1962,3.1962,3.1922,3.1927,3.2012,3.2012,3.1972,3.1977,27
2026-03-19 04:29:00,3.1922,3.1942,3.1917,3.1917,3.1972,3.1992,3.1967,3.1967,21
2026-03-19 04:30:00,3.1907,3.1917,3.1752,3.1752,3.1957,3.1967,3.1802,3.1802,131
2026-03-19 04:31:00,3.1762,3.1772,3.1702,3.1722,3.1812,3.1822,3.1752,3.1772,59
2026-03-19 04:32:00,3.1732,3.1732,3.1602,3.1602,3.1782,3.1782,3.1652,3.1652,67
2026-03-19 04:33:00,3.1607,3.1662,3.1587,3.1652,3.1657,3.1712,3.1637,3.1702,43
2026-03-19 04:34:00,3.1657,3.1712,3.1647,3.1652,3.1707,3.1762,3.1697,3.1702,58
2026-03-19 04:35:00,3.1647,3.1662,3.1612,3.1627,3.1697,3.1712,3.1662,3.1677,44
2026-03-19 04:36:00,3.1622,3.1627,3.1602,3.1607,3.1672,3.1677,3.1652,3.1657,25
2026-03-19 04:37:00,3.1612,3.1612,3.1552,3.1552,3.1662,3.1662,3.1602,3.1602,41
2026-03-19 04:38:00,3.1562,3.1572,3.1482,3.1482,3.1612,3.1622,3.1532,3.1532,45
2026-03-19 04:39:00,3.1487,3.1547,3.1482,3.1532,3.1537,3.1597,3.1532,3.1582,30
2026-03-19 04:40:00,3.1542,3.1557,3.1522,3.1532,3.1592,3.1607,3.1572,3.1582,32
2026-03-19 04:41:00,3.1537,3.1602,3.1527,3.1572,3.1587,3.1652,3.1577,3.1622,29
2026-03-19 04:42:00,3.1577,3.1612,3.1562,3.1582,3.1627,3.1662,3.1612,3.1632,29
2026-03-19 04:43:00,3.1587,3.1652,3.1582,3.1602,3.1637,3.1702,3.1632,3.1652,34
2026-03-19 04:44:00,3.1582,3.1617,3.1582,3.1582,3.1632,3.1667,3.1632,3.1632,13
2026-03-19 04:45:00,3.1587,3.1587,3.1517,3.1522,3.1637,3.1637,3.1567,3.1572,17
2026-03-19 04:46:00,3.1532,3.1582,3.1532,3.1582,3.1582,3.1632,3.1582,3.1632,21
2026-03-19 04:47:00,3.1592,3.1597,3.1562,3.1577,3.1642,3.1647,3.1612,3.1627,17
2026-03-19 04:48:00,3.1572,3.1592,3.1562,3.1577,3.1622,3.1642,3.1612,3.1627,21
2026-03-19 04:49:00,3.1582,3.1602,3.1557,3.1557,3.1632,3.1652,3.1607,3.1607,43
2026-03-19 04:50:00,3.1552,3.1572,3.1552,3.1567,3.1602,3.1622,3.1602,3.1617,6
2026-03-19 04:51:00,3.1562,3.1567,3.1557,3.1557,3.1612,3.1617,3.1607,3.1607,4
2026-03-19 04:52:00,3.1547,3.1577,3.1547,3.1562,3.1597,3.1627,3.1597,3.1612,9
2026-03-19 04:53:00,3.1552,3.1552,3.1522,3.1522,3.1602,3.1602,3.1572,3.1572,4
2026-03-19 04:54:00,3.1527,3.1527,3.1512,3.1517,3.1577,3.1577,3.1562,3.1567,6
2026-03-19 04:55:00,3.1512,3.1517,3.1487,3.1492,3.1562,3.1567,3.1537,3.1542,10
2026-03-19 04:56:00,3.1482,3.1522,3.1482,3.1517,3.1532,3.1572,3.1532,3.1567,16
2026-03-19 04:57:00,3.1507,3.1527,3.1502,3.1527,3.1557,3.1577,3.1552,3.1577,25
2026-03-19 04:58:00,3.1532,3.1537,3.1482,3.1512,3.1582,3.1587,3.1532,3.1562,28
2026-03-19 04:59:00,3.1507,3.1542,3.1507,3.1527,3.1557,3.1592,3.1557,3.1577,23
2026-03-19 05:00:00,3.1532,3.1537,3.1482,3.1482,3.1582,3.1587,3.1532,3.1532,15
2026-03-19 05:01:00,3.1472,3.1532,3.1457,3.1522,3.1522,3.1582,3.1507,3.1572,27
2026-03-19 05:02:00,3.1517,3.1542,3.1517,3.1532,3.1567,3.1592,3.1567,3.1582,11
2026-03-19 05:03:00,3.1537,3.1537,3.1522,3.1522,3.1587,3.1587,3.1572,3.1572,9
2026-03-19 05:04:00,3.1517,3.1537,3.1517,3.1522,3.1567,3.1587,3.1567,3.1572,27
2026-03-19 05:05:00,3.1527,3.1542,3.1442,3.1462,3.1577,3.1592,3.1492,3.1512,45
2026-03-19 05:06:00,3.1467,3.1487,3.1422,3.1472,3.1517,3.1537,3.1472,3.1522,45
2026-03-19 05:07:00,3.1477,3.1497,3.1467,3.1492,3.1527,3.1547,3.1517,3.1542,11
2026-03-19 05:08:00,3.1502,3.1502,3.1437,3.1437,3.1552,3.1552,3.1487,3.1487,25
2026-03-19 05:09:00,3.1432,3.1457,3.1422,3.1457,3.1482,3.1507,3.1472,3.1507,15
2026-03-19 05:10:00,3.1467,3.1487,3.1452,3.1472,3.1517,3.1537,3.1502,3.1522,26
2026-03-19 05:11:00,3.1467,3.1477,3.1452,3.1462,3.1517,3.1527,3.1502,3.1512,24
2026-03-19 05:12:00,3.1457,3.1462,3.1412,3.1412,3.1507,3.1512,3.1462,3.1462,41
2026-03-19 05:13:00,3.1417,3.1452,3.1412,3.1452,3.1467,3.1502,3.1462,3.1502,21
2026-03-19 05:14:00,3.1457,3.1482,3.1452,3.1467,3.1507,3.1532,3.1502,3.1517,16
2026-03-19 05:15:00,3.1462,3.1487,3.1452,3.1452,3.1512,3.1537,3.1502,3.1502,24
2026-03-19 05:16:00,3.1457,3.1477,3.1442,3.1472,3.1507,3.1527,3.1492,3.1522,14
2026-03-19 05:17:00,3.1477,3.1502,3.1467,3.1492,3.1527,3.1552,3.1517,3.1542,27
2026-03-19 05:18:00,3.1502,3.1507,3.1492,3.1497,3.1552,3.1557,3.1542,3.1547,16
2026-03-19 05:19:00,3.1487,3.1492,3.1437,3.1447,3.1537,3.1542,3.1487,3.1497,17
2026-03-19 05:20:00,3.1462,3.1517,3.1462,3.1497,3.1512,3.1567,3.1512,3.1547,31
2026-03-19 05:21:00,3.1507,3.1512,3.1497,3.1497,3.1557,3.1562,3.1547,3.1547,8
2026-03-19 05:22:00,3.1487,3.1542,3.1482,3.1532,3.1537,3.1592,3.1532,3.1582,22
2026-03-19 05:23:00,3.1537,3.1557,3.1532,3.1552,3.1587,3.1607,3.1582,3.1602,14
2026-03-19 05:24:00,3.1557,3.1572,3.1552,3.1572,3.1607,3.1622,3.1602,3.1622,8
2026-03-19 05:25:00,3.1562,3.1582,3.1542,3.1562,3.1612,3.1632,3.1592,3.1612,23
2026-03-19 05:26:00,3.1567,3.1567,3.1517,3.1547,3.1617,3.1617,3.1567,3.1597,18
2026-03-19 05:27:00,3.1557,3.1567,3.1552,3.1552,3.1607,3.1617,3.1602,3.1602,13
2026-03-19 05:28:00,3.1547,3.1552,3.1537,3.1542,3.1597,3.1602,3.1587,3.1592,7
2026-03-19 05:29:00,3.1552,3.1557,3.1497,3.1497,3.1602,3.1607,3.1547,3.1547,14
2026-03-19 05:30:00,3.1492,3.1507,3.1467,3.1487,3.1542,3.1557,3.1517,3.1537,22
2026-03-19 05:31:00,3.1482,3.1487,3.1437,3.1437,3.1532,3.1537,3.1487,3.1487,14
2026-03-19 05:32:00,3.1432,3.1437,3.1412,3.1417,3.1482,3.1487,3.1462,3.1467,15
2026-03-19 05:33:00,3.1422,3.1512,3.1422,3.1487,3.1472,3.1562,3.1472,3.1537,21
2026-03-19 05:34:00,3.1497,3.1507,3.1492,3.1497,3.1547,3.1557,3.1542,3.1547,11
2026-03-19 05:35:00,3.1502,3.1502,3.1492,3.1497,3.1552,3.1552,3.1542,3.1547,4
2026-03-19 05:36:00,3.1492,3.1497,3.1477,3.1487,3.1542,3.1547,3.1527,3.1537,8
2026-03-19 05:37:00,3.1482,3.1502,3.1482,3.1492,3.1532,3.1552,3.1532,3.1542,14
2026-03-19 05:38:00,3.1487,3.1487,3.1472,3.1477,3.1537,3.1537,3.1522,3.1527,14
2026-03-19 05:39:00,3.1482,3.1492,3.1462,3.1467,3.1532,3.1542,3.1512,3.1517,7
2026-03-19 05:40:00,3.1462,3.1467,3.1457,3.1467,3.1512,3.1517,3.1507,3.1517,4
2026-03-19 05:42:00,3.1472,3.1487,3.1462,3.1477,3.1522,3.1537,3.1512,3.1527,13
2026-03-19 05:43:00,3.1482,3.1492,3.1462,3.1462,3.1532,3.1542,3.1512,3.1512,13
2026-03-19 05:44:00,3.1467,3.1467,3.1452,3.1462,3.1517,3.1517,3.1502,3.1512,5
2026-03-19 05:45:00,3.1457,3.1467,3.1447,3.1467,3.1507,3.1517,3.1497,3.1517,13
2026-03-19 05:46:00,3.1472,3.1472,3.1467,3.1472,3.1522,3.1522,3.1517,3.1522,3
2026-03-19 05:47:00,3.1462,3.1462,3.1447,3.1447,3.1512,3.1512,3.1497,3.1497,4
2026-03-19 05:48:00,3.1452,3.1457,3.1412,3.1432,3.1502,3.1507,3.1462,3.1482,22
2026-03-19 05:49:00,3.1427,3.1427,3.1412,3.1412,3.1477,3.1477,3.1462,3.1462,9
2026-03-19 05:50:00,3.1417,3.1417,3.1352,3.1357,3.1467,3.1467,3.1402,3.1407,16
2026-03-19 05:51:00,3.1362,3.1372,3.1302,3.1302,3.1412,3.1422,3.1352,3.1352,34
2026-03-19 05:52:00,3.1307,3.1347,3.1302,3.1342,3.1357,3.1397,3.1352,3.1392,18
2026-03-19 05:53:00,3.1337,3.1337,3.1312,3.1312,3.1387,3.1387,3.1362,3.1362,14
2026-03-19 05:54:00,3.1317,3.1322,3.1302,3.1307,3.1367,3.1372,3.1352,3.1357,20
2026-03-19 05:55:00,3.1312,3.1317,3.1302,3.1317,3.1362,3.1367,3.1352,3.1367,7
2026-03-19 05:56:00,3.1312,3.1317,3.1217,3.1247,3.1362,3.1367,3.1267,3.1297,32
2026-03-19 05:57:00,3.1252,3.1287,3.1252,3.1267,3.1302,3.1337,3.1302,3.1317,13
2026-03-19 05:58:00,3.1262,3.1267,3.1252,3.1257,3.1312,3.1317,3.1302,3.1307,20
2026-03-19 05:59:00,3.1267,3.1297,3.1267,3.1297,3.1317,3.1347,3.1317,3.1347,13
2026-03-19 06:00:00,3.1302,3.1307,3.1257,3.1262,3.1352,3.1357,3.1307,3.1312,17
2026-03-19 06:01:00,3.1267,3.1267,3.1252,3.1257,3.1317,3.1317,3.1302,3.1307,13
2026-03-19 06:02:00,3.1262,3.1302,3.1262,3.1292,3.1312,3.1352,3.1312,3.1342,10
2026-03-19 06:03:00,3.1287,3.1322,3.1257,3.1292,3.1337,3.1372,3.1307,3.1342,29
2026-03-19 06:04:00,3.1287,3.1307,3.1287,3.1307,3.1337,3.1357,3.1337,3.1357,10
2026-03-19 06:05:00,3.1297,3.1347,3.1297,3.1342,3.1347,3.1397,3.1347,3.1392,12
2026-03-19 06:06:00,3.1352,3.1352,3.1302,3.1302,3.1402,3.1402,3.1352,3.1352,15
2026-03-19 06:07:00,3.1292,3.1292,3.1252,3.1262,3.1342,3.1342,3.1302,3.1312,11
2026-03-19 06:08:00,3.1267,3.1267,3.1262,3.1267,3.1317,3.1317,3.1312,3.1317,27
2026-03-19 06:09:00,3.1272,3.1272,3.1252,3.1272,3.1322,3.1322,3.1302,3.1322,10
2026-03-19 06:10:00,3.1282,3.1312,3.1282,3.1312,3.1332,3.1362,3.1332,3.1362,8
2026-03-19 06:11:00,3.1317,3.1317,3.1307,3.1312,3.1367,3.1367,3.1357,3.1362,7
2026-03-19 06:12:00,3.1302,3.1302,3.1267,3.1267,3.1352,3.1352,3.1317,3.1317,14
2026-03-19 06:13:00,3.1272,3.1277,3.1252,3.1252,3.1322,3.1327,3.1302,3.1302,11
2026-03-19 06:14:00,3.1257,3.1272,3.1252,3.1252,3.1307,3.1322,3.1302,3.1302,12
2026-03-19 06:15:00,3.1247,3.1247,3.1232,3.1237,3.1297,3.1297,3.1282,3.1287,3
2026-03-19 06:16:00,3.1232,3.1242,3.1212,3.1232,3.1282,3.1292,3.1262,3.1282,18
2026-03-19 06:17:00,3.1242,3.1242,3.1212,3.1217,3.1292,3.1292,3.1262,3.1267,11
2026-03-19 06:18:00,3.1222,3.1227,3.1222,3.1222,3.1272,3.1277,3.1272,3.1272,3
2026-03-19 06:19:00,3.1227,3.1242,3.1222,3.1227,3.1277,3.1292,3.1272,3.1277,8
2026-03-19 06:20:00,3.1217,3.1232,3.1212,3.1232,3.1267,3.1282,3.1262,3.1282,10
2026-03-19 06:21:00,3.1237,3.1257,3.1232,3.1232,3.1287,3.1307,3.1282,3.1282,7
2026-03-19 06:22:00,3.1237,3.1252,3.1237,3.1252,3.1287,3.1302,3.1287,3.1302,5
2026-03-19 06:23:00,3.1247,3.1302,3.1242,3.1302,3.1297,3.1352,3.1292,3.1352,9
2026-03-19 06:24:00,3.1297,3.1322,3.1292,3.1322,3.1347,3.1372,3.1342,3.1372,10
2026-03-19 06:25:00,3.1337,3.1347,3.1297,3.1317,3.1387,3.1397,3.1347,3.1367,11
2026-03-19 06:26:00,3.1312,3.1312,3.1292,3.1292,3.1362,3.1362,3.1342,3.1342,5
2026-03-19 06:27:00,3.1277,3.1287,3.1277,3.1287,3.1327,3.1337,3.1327,3.1337,2
2026-03-19 06:28:00,3.1282,3.1282,3.1262,3.1262,3.1332,3.1332,3.1312,3.1312,9
2026-03-19 06:29:00,3.1267,3.1287,3.1227,3.1272,3.1317,3.1337,3.1277,3.1322,16
2026-03-19 06:30:00,3.1277,3.1352,3.1277,3.1352,3.1327,3.1402,3.1327,3.1402,25
2026-03-19 06:31:00,3.1347,3.1362,3.1287,3.1287,3.1397,3.1412,3.1337,3.1337,22
2026-03-19 06:32:00,3.1302,3.1342,3.1302,3.1337,3.1352,3.1392,3.1352,3.1387,11
2026-03-19 06:33:00,3.1332,3.1352,3.1312,3.1347,3.1382,3.1402,3.1362,3.1397,12
2026-03-19 06:34:00,3.1342,3.1382,3.1337,3.1382,3.1392,3.1432,3.1387,3.1432,10
2026-03-19 06:35:00,3.1397,3.1412,3.1372,3.1372,3.1447,3.1462,3.1422,3.1422,22
2026-03-19 06:36:00,3.1362,3.1387,3.1302,3.1357,3.1412,3.1437,3.1352,3.1407,20
2026-03-19 06:37:00,3.1352,3.1402,3.1352,3.1392,3.1402,3.1452,3.1402,3.1442,27
2026-03-19 06:38:00,3.1387,3.1392,3.1357,3.1382,3.1437,3.1442,3.1407,3.1432,28
2026-03-19 06:39:00,3.1387,3.1387,3.1357,3.1372,3.1437,3.1437,3.1407,3.1422,14
2026-03-19 06:40:00,3.1367,3.1367,3.1367,3.1367,3.1417,3.1417,3.1417,3.1417,1
2026-03-19 06:41:00,3.1362,3.1362,3.1342,3.1352,3.1412,3.1412,3.1392,3.1402,8
2026-03-19 06:42:00,3.1347,3.1347,3.1322,3.1327,3.1397,3.1397,3.1372,3.1377,9
2026-03-19 06:43:00,3.1332,3.1362,3.1322,3.1362,3.1382,3.1412,3.1372,3.1412,7
2026-03-19 06:44:00,3.1367,3.1372,3.1357,3.1367,3.1417,3.1422,3.1407,3.1417,12
2026-03-19 06:45:00,3.1372,3.1402,3.1372,3.1392,3.1422,3.1452,3.1422,3.1442,25
2026-03-19 06:46:00,3.1387,3.1387,3.1337,3.1337,3.1437,3.1437,3.1387,3.1387,11
2026-03-19 06:47:00,3.1342,3.1372,3.1342,3.1357,3.1392,3.1422,3.1392,3.1407,9
2026-03-19 06:48:00,3.1362,3.1367,3.1342,3.1352,3.1412,3.1417,3.1392,3.1402,10
2026-03-19 06:49:00,3.1357,3.1402,3.1357,3.1382,3.1407,3.1452,3.1407,3.1432,13
2026-03-19 06:50:00,3.1377,3.1427,3.1377,3.1407,3.1427,3.1477,3.1427,3.1457,10
2026-03-19 06:51:00,3.1412,3.1417,3.1402,3.1417,3.1462,3.1467,3.1452,3.1467,4
2026-03-19 06:52:00,3.1402,3.1417,3.1402,3.1407,3.1452,3.1467,3.1452,3.1457,6
2026-03-19 06:53:00,3.1412,3.1417,3.1402,3.1407,3.1462,3.1467,3.1452,3.1457,4
2026-03-19 06:54:00,3.1402,3.1402,3.1387,3.1392,3.1452,3.1452,3.1437,3.1442,5
2026-03-19 06:55:00,3.1397,3.1397,3.1342,3.1362,3.1447,3.1447,3.1392,3.1412,11
2026-03-19 06:56:00,3.1347,3.1367,3.1337,3.1357,3.1397,3.1417,3.1387,3.1407,13
2026-03-19 06:57:00,3.1352,3.1367,3.1337,3.1367,3.1402,3.1417,3.1387,3.1417,9
2026-03-19 06:58:00,3.1372,3.1382,3.1352,3.1357,3.1422,3.1432,3.1402,3.1407,7
2026-03-19 06:59:00,3.1352,3.1362,3.1342,3.1347,3.1402,3.1412,3.1392,3.1397,9
2026-03-19 07:00:00,3.1342,3.1367,3.1342,3.1347,3.1392,3.1417,3.1392,3.1397,13
2026-03-19 07:01:00,3.1352,3.1412,3.1352,3.1412,3.1402,3.1462,3.1402,3.1462,14
2026-03-19 07:02:00,3.1417,3.1417,3.1372,3.1377,3.1467,3.1467,3.1422,3.1427,13
2026-03-19 07:03:00,3.1372,3.1382,3.1357,3.1357,3.1422,3.1432,3.1407,3.1407,8
2026-03-19 07:04:00,3.1362,3.1382,3.1327,3.1327,3.1412,3.1432,3.1377,3.1377,22
2026-03-19 07:05:00,3.1342,3.1342,3.1327,3.1327,3.1392,3.1392,3.1377,3.1377,5
2026-03-19 07:06:00,3.1337,3.1342,3.1312,3.1322,3.1387,3.1392,3.1362,3.1372,9
2026-03-19 07:07:00,3.1317,3.1317,3.1297,3.1302,3.1367,3.1367,3.1347,3.1352,6
2026-03-19 07:08:00,3.1312,3.1312,3.1237,3.1272,3.1362,3.1362,3.1287,3.1322,22
2026-03-19 07:09:00,3.1277,3.1302,3.1272,3.1302,3.1327,3.1352,3.1322,3.1352,11
2026-03-19 07:10:00,3.1307,3.1322,3.1292,3.1292,3.1357,3.1372,3.1342,3.1342,6
2026-03-19 07:11:00,3.1282,3.1292,3.1272,3.1287,3.1332,3.1342,3.1322,3.1337,7
2026-03-19 07:12:00,3.1292,3.1302,3.1292,3.1302,3.1342,3.1352,3.1342,3.1352,3
2026-03-19 07:13:00,3.1297,3.1297,3.1292,3.1292,3.1347,3.1347,3.1342,3.1342,2
2026-03-19 07:15:00,3.1297,3.1297,3.1292,3.1292,3.1347,3.1347,3.1342,3.1342,2
2026-03-19 07:16:00,3.1277,3.1277,3.1257,3.1257,3.1327,3.1327,3.1307,3.1307,5
2026-03-19 07:17:00,3.1262,3.1277,3.1242,3.1277,3.1312,3.1327,3.1292,3.1327,11
2026-03-19 07:18:00,3.1282,3.1287,3.1282,3.1287,3.1332,3.1337,3.1332,3.1337,2
2026-03-19 07:19:00,3.1307,3.1327,3.1302,3.1312,3.1357,3.1377,3.1352,3.1362,8
2026-03-19 07:20:00,3.1307,3.1307,3.1262,3.1292,3.1357,3.1357,3.1312,3.1342,13
2026-03-19 07:21:00,3.1287,3.1287,3.1242,3.1247,3.1337,3.1337,3.1292,3.1297,12
2026-03-19 07:22:00,3.1242,3.1242,3.1232,3.1232,3.1292,3.1292,3.1282,3.1282,3
2026-03-19 07:23:00,3.1237,3.1247,3.1222,3.1227,3.1287,3.1297,3.1272,3.1277,14
2026-03-19 07:24:00,3.1207,3.1237,3.1207,3.1227,3.1257,3.1287,3.1257,3.1277,7
2026-03-19 07:25:00,3.1222,3.1302,3.1222,3.1292,3.1272,3.1352,3.1272,3.1342,19
2026-03-19 07:26:00,3.1272,3.1292,3.1272,3.1292,3.1322,3.1342,3.1322,3.1342,3
2026-03-19 07:27:00,3.1297,3.1297,3.1292,3.1292,3.1347,3.1347,3.1342,3.1342,2
2026-03-19 07:28:00,3.1297,3.1332,3.1297,3.1322,3.1347,3.1382,3.1347,3.1372,7
2026-03-19 07:29:00,3.1327,3.1332,3.1322,3.1332,3.1377,3.1382,3.1372,3.1382,6
2026-03-19 07:30:00,3.1337,3.1417,3.1332,3.1407,3.1387,3.1467,3.1382,3.1457,18
2026-03-19 07:31:00,3.1402,3.1412,3.1382,3.1387,3.1452,3.1462,3.1432,3.1437,13
2026-03-19 07:32:00,3.1382,3.1407,3.1352,3.1367,3.1432,3.1457,3.1402,3.1417,18
2026-03-19 07:33:00,3.1382,3.1392,3.1372,3.1387,3.1432,3.1442,3.1422,3.1437,10
2026-03-19 07:34:00,3.1397,3.1422,3.1397,3.1422,3.1447,3.1472,3.1447,3.1472,12
2026-03-19 07:35:00,3.1432,3.1447,3.1422,3.1437,3.1482,3.1497,3.1472,3.1487,17
2026-03-19 07:36:00,3.1442,3.1462,3.1422,3.1462,3.1492,3.1512,3.1472,3.1512,13
2026-03-19 07:37:00,3.1457,3.1462,3.1437,3.1437,3.1507,3.1512,3.1487,3.1487,6
2026-03-19 07:38:00,3.1427,3.1447,3.1422,3.1447,3.1477,3.1497,3.1472,3.1497,8
2026-03-19 07:39:00,3.1452,3.1457,3.1432,3.1437,3.1502,3.1507,3.1482,3.1487,17
2026-03-19 07:40:00,3.1432,3.1447,3.1432,3.1447,3.1482,3.1497,3.1482,3.1497,5
2026-03-19 07:41:00,3.1442,3.1442,3.1422,3.1422,3.1492,3.1492,3.1472,3.1472,4
2026-03-19 07:42:00,3.1427,3.1427,3.1392,3.1392,3.1477,3.1477,3.1442,3.1442,10
2026-03-19 07:43:00,3.1387,3.1387,3.1382,3.1387,3.1437,3.1437,3.1432,3.1437,3
2026-03-19 07:44:00,3.1392,3.1397,3.1382,3.1387,3.1442,3.1447,3.1432,3.1437,8
2026-03-19 07:45:00,3.1392,3.1422,3.1392,3.1402,3.1442,3.1472,3.1442,3.1452,13
2026-03-19 07:46:00,3.1397,3.1422,3.1397,3.1422,3.1447,3.1472,3.1447,3.1472,9
2026-03-19 07:47:00,3.1427,3.1507,3.1427,3.1462,3.1477,3.1557,3.1477,3.1512,41
2026-03-19 07:48:00,3.1457,3.1492,3.1457,3.1482,3.1507,3.1542,3.1507,3.1532,8
2026-03-19 07:49:00,3.1477,3.1477,3.1462,3.1477,3.1527,3.1527,3.1512,3.1527,5
2026-03-19 07:50:00,3.1472,3.1472,3.1437,3.1462,3.1522,3.1522,3.1487,3.1512,19
2026-03-19 07:51:00,3.1467,3.1472,3.1457,3.1467,3.1517,3.1522,3.1507,3.1517,6
2026-03-19 07:52:00,3.1442,3.1442,3.1412,3.1412,3.1492,3.1492,3.1462,3.1462,23
2026-03-19 07:53:00,3.1417,3.1452,3.1402,3.1437,3.1467,3.1502,3.1452,3.1487,16
2026-03-19 07:54:00,3.1442,3.1447,3.1422,3.1442,3.1492,3.1497,3.1472,3.1492,15
2026-03-19 07:55:00,3.1447,3.1462,3.1437,3.1462,3.1497,3.1512,3.1487,3.1512,8
2026-03-19 07:56:00,3.1452,3.1462,3.1437,3.1447,3.1502,3.1512,3.1487,3.1497,13
2026-03-19 07:57:00,3.1442,3.1462,3.1432,3.1452,3.1492,3.1512,3.1482,3.1502,14
2026-03-19 07:58:00,3.1457,3.1507,3.1457,3.1492,3.1507,3.1557,3.1507,3.1542,16
2026-03-19 07:59:00,3.1482,3.1517,3.1472,3.1502,3.1532,3.1567,3.1522,3.1552,40
2026-03-19 08:00:00,3.1512,3.1577,3.1482,3.1572,3.1562,3.1627,3.1532,3.1622,49
2026-03-19 08:01:00,3.1582,3.1602,3.1547,3.1602,3.1632,3.1652,3.1597,3.1652,63
2026-03-19 08:02:00,3.1612,3.1622,3.1567,3.1572,3.1662,3.1672,3.1617,3.1622,41
2026-03-19 08:03:00,3.1562,3.1582,3.1552,3.1557,3.1612,3.1632,3.1602,3.1607,33
2026-03-19 08:04:00,3.1552,3.1662,3.1532,3.1647,3.1602,3.1712,3.1582,3.1697,65
2026-03-19 08:05:00,3.1642,3.1667,3.1627,3.1632,3.1692,3.1717,3.1677,3.1682,22
2026-03-19 08:06:00,3.1627,3.1672,3.1597,3.1667,3.1677,3.1722,3.1647,3.1717,29
2026-03-19 08:07:00,3.1662,3.1717,3.1637,3.1692,3.1712,3.1767,3.1687,3.1742,33
2026-03-19 08:08:00,3.1682,3.1707,3.1667,3.1677,3.1732,3.1757,3.1717,3.1727,20
2026-03-19 08:09:00,3.1682,3.1687,3.1657,3.1657,3.1732,3.1737,3.1707,3.1707,17
2026-03-19 08:10:00,3.1667,3.1717,3.1667,3.1717,3.1717,3.1767,3.1717,3.1767,23
2026-03-19 08:11:00,3.1712,3.1712,3.1672,3.1672,3.1762,3.1762,3.1722,3.1722,22
2026-03-19 08:12:00,3.1667,3.1667,3.1627,3.1627,3.1717,3.1717,3.1677,3.1677,18
2026-03-19 08:13:00,3.1622,3.1652,3.1612,3.1632,3.1672,3.1702,3.1662,3.1682,17
2026-03-19 08:14:00,3.1642,3.1672,3.1642,3.1662,3.1692,3.1722,3.1692,3.1712,20
2026-03-19 08:15:00,3.1652,3.1672,3.1612,3.1612,3.1702,3.1722,3.1662,3.1662,31
2026-03-19 08:16:00,3.1602,3.1602,3.1492,3.1507,3.1652,3.1652,3.1542,3.1557,58
2026-03-19 08:17:00,3.1512,3.1547,3.1512,3.1542,3.1562,3.1597,3.1562,3.1592,27
2026-03-19 08:18:00,3.1537,3.1542,3.1457,3.1492,3.1587,3.1592,3.1507,3.1542,29
2026-03-19 08:19:00,3.1497,3.1522,3.1487,3.1492,3.1547,3.1572,3.1537,3.1542,21
2026-03-19 08:20:00,3.1497,3.1512,3.1482,3.1492,3.1547,3.1562,3.1532,3.1542,13
2026-03-19 08:21:00,3.1497,3.1497,3.1452,3.1452,3.1547,3.1547,3.1502,3.1502,22
2026-03-19 08:22:00,3.1442,3.1472,3.1442,3.1457,3.1492,3.1522,3.1492,3.1507,20
2026-03-19 08:23:00,3.1462,3.1477,3.1452,3.1462,3.1512,3.1527,3.1502,3.1512,12
2026-03-19 08:24:00,3.1467,3.1467,3.1442,3.1452,3.1517,3.1517,3.1492,3.1502,12
2026-03-19 08:25:00,3.1462,3.1507,3.1442,3.1502,3.1512,3.1557,3.1492,3.1552,23
2026-03-19 08:26:00,3.1497,3.1577,3.1497,3.1567,3.1547,3.1627,3.1547,3.1617,24
2026-03-19 08:27:00,3.1562,3.1582,3.1542,3.1542,3.1612,3.1632,3.1592,3.1592,14
2026-03-19 08:28:00,3.1532,3.1557,3.1522,3.1552,3.1582,3.1607,3.1572,3.1602,12
2026-03-19 08:29:00,3.1542,3.1582,3.1542,3.1582,3.1592,3.1632,3.1592,3.1632,13
2026-03-19 08:30:00,3.1577,3.1592,3.1547,3.1587,3.1627,3.1642,3.1597,3.1637,11
2026-03-19 08:31:00,3.1577,3.1607,3.1577,3.1592,3.1627,3.1657,3.1627,3.1642,20
2026-03-19 08:32:00,3.1597,3.1612,3.1587,3.1597,3.1647,3.1662,3.1637,3.1647,18
2026-03-19 08:33:00,3.1602,3.1632,3.1587,3.1602,3.1652,3.1682,3.1637,3.1652,23
2026-03-19 08:34:00,3.1607,3.1637,3.1602,3.1612,3.1657,3.1687,3.1652,3.1662,25
2026-03-19 08:35:00,3.1607,3.1627,3.1607,3.1622,3.1657,3.1677,3.1657,3.1672,14
2026-03-19 08:36:00,3.1627,3.1627,3.1582,3.1582,3.1677,3.1677,3.1632,3.1632,12
2026-03-19 08:37:00,3.1597,3.1622,3.1592,3.1612,3.1647,3.1672,3.1642,3.1662,14
2026-03-19 08:38:00,3.1602,3.1612,3.1557,3.1557,3.1652,3.1662,3.1607,3.1607,18
2026-03-19 08:39:00,3.1552,3.1607,3.1552,3.1572,3.1602,3.1657,3.1602,3.1622,24
2026-03-19 08:40:00,3.1577,3.1627,3.1577,3.1622,3.1627,3.1677,3.1627,3.1672,30
2026-03-19 08:41:00,3.1627,3.1627,3.1587,3.1587,3.1677,3.1677,3.1637,3.1637,13
2026-03-19 08:42:00,3.1592,3.1617,3.1592,3.1617,3.1642,3.1667,3.1642,3.1667,10
2026-03-19 08:43:00,3.1622,3.1622,3.1582,3.1582,3.1672,3.1672,3.1632,3.1632,8
2026-03-19 08:44:00,3.1577,3.1577,3.1532,3.1532,3.1627,3.1627,3.1582,3.1582,14
2026-03-19 08:45:00,3.1537,3.1567,3.1537,3.1557,3.1587,3.1617,3.1587,3.1607,17
2026-03-19 08:46:00,3.1562,3.1577,3.1557,3.1567,3.1612,3.1627,3.1607,3.1617,6
2026-03-19 08:47:00,3.1557,3.1567,3.1552,3.1552,3.1607,3.1617,3.1602,3.1602,8
2026-03-19 08:48:00,3.1557,3.1557,3.1512,3.1527,3.1607,3.1607,3.1562,3.1577,11
2026-03-19 08:49:00,3.1522,3.1532,3.1512,3.1532,3.1572,3.1582,3.1562,3.1582,7
2026-03-19 08:50:00,3.1542,3.1542,3.1522,3.1522,3.1592,3.1592,3.1572,3.1572,3
2026-03-19 08:51:00,3.1517,3.1547,3.1507,3.1532,3.1567,3.1597,3.1557,3.1582,13
2026-03-19 08:52:00,3.1527,3.1547,3.1522,3.1527,3.1577,3.1597,3.1572,3.1577,9
2026-03-19 08:53:00,3.1522,3.1562,3.1512,3.1562,3.1572,3.1612,3.1562,3.1612,19
2026-03-19 08:54:00,3.1557,3.1562,3.1502,3.1507,3.1607,3.1612,3.1552,3.1557,17
2026-03-19 08:55:00,3.1512,3.1532,3.1507,3.1532,3.1562,3.1582,3.1557,3.1582,8
2026-03-19 08:56:00,3.1527,3.1527,3.1512,3.1517,3.1577,3.1577,3.1562,3.1567,5
2026-03-19 08:57:00,3.1512,3.1527,3.1512,3.1527,3.1562,3.1577,3.1562,3.1577,2
2026-03-19 08:58:00,3.1542,3.1582,3.1542,3.1577,3.1592,3.1632,3.1592,3.1627,11
2026-03-19 08:59:00,3.1572,3.1577,3.1522,3.1547,3.1622,3.1627,3.1572,3.1597,19
2026-03-19 09:00:00,3.1542,3.1577,3.1517,3.1577,3.1592,3.1627,3.1567,3.1627,32
2026-03-19 09:01:00,3.1582,3.1582,3.1542,3.1562,3.1632,3.1632,3.1592,3.1612,20
2026-03-19 09:02:00,3.1567,3.1587,3.1547,3.1547,3.1617,3.1637,3.1597,3.1597,10
2026-03-19 09:03:00,3.1557,3.1587,3.1547,3.1587,3.1607,3.1637,3.1597,3.1637,13
2026-03-19 09:04:00,3.1582,3.1612,3.1557,3.1612,3.1632,3.1662,3.1607,3.1662,22
2026-03-19 09:05:00,3.1602,3.1607,3.1587,3.1602,3.1652,3.1657,3.1637,3.1652,16
2026-03-19 09:06:00,3.1597,3.1622,3.1562,3.1592,3.1647,3.1672,3.1612,3.1642,18
2026-03-19 09:07:00,3.1577,3.1587,3.1562,3.1562,3.1627,3.1637,3.1612,3.1612,14
2026-03-19 09:08:00,3.1567,3.1577,3.1542,3.1567,3.1617,3.1627,3.1592,3.1617,10
2026-03-19 09:09:00,3.1577,3.1577,3.1542,3.1542,3.1627,3.1627,3.1592,3.1592,9
2026-03-19 09:10:00,3.1547,3.1562,3.1517,3.1527,3.1597,3.1612,3.1567,3.1577,19
2026-03-19 09:11:00,3.1522,3.1557,3.1502,3.1512,3.1572,3.1607,3.1552,3.1562,24
2026-03-19 09:12:00,3.1517,3.1522,3.1502,3.1512,3.1567,3.1572,3.1552,3.1562,11
2026-03-19 09:13:00,3.1517,3.1522,3.1502,3.1512,3.1567,3.1572,3.1552,3.1562,13
2026-03-19 09:14:00,3.1522,3.1527,3.1512,3.1517,3.1572,3.1577,3.1562,3.1567,9
2026-03-19 09:15:00,3.1512,3.1552,3.1502,3.1527,3.1562,3.1602,3.1552,3.1577,21
2026-03-19 09:16:00,3.1532,3.1532,3.1467,3.1507,3.1582,3.1582,3.1517,3.1557,27
2026-03-19 09:17:00,3.1512,3.1567,3.1512,3.1532,3.1562,3.1617,3.1562,3.1582,15
2026-03-19 09:18:00,3.1522,3.1542,3.1517,3.1537,3.1572,3.1592,3.1567,3.1587,15
2026-03-19 09:19:00,3.1527,3.1552,3.1517,3.1547,3.1577,3.1602,3.1567,3.1597,16
2026-03-19 09:20:00,3.1552,3.1552,3.1487,3.1547,3.1602,3.1602,3.1537,3.1597,28
2026-03-19 09:21:00,3.1552,3.1592,3.1552,3.1577,3.1602,3.1642,3.1602,3.1627,18
2026-03-19 09:22:00,3.1567,3.1567,3.1547,3.1547,3.1617,3.1617,3.1597,3.1597,7
2026-03-19 09:23:00,3.1542,3.1542,3.1497,3.1522,3.1592,3.1592,3.1547,3.1572,13
2026-03-19 09:24:00,3.1527,3.1582,3.1527,3.1537,3.1577,3.1632,3.1577,3.1587,18
2026-03-19 09:25:00,3.1532,3.1562,3.1512,3.1537,3.1582,3.1612,3.1562,3.1587,26
2026-03-19 09:26:00,3.1542,3.1577,3.1542,3.1557,3.1592,3.1627,3.1592,3.1607,13
2026-03-19 09:27:00,3.1567,3.1582,3.1552,3.1562,3.1617,3.1632,3.1602,3.1612,15
2026-03-19 09:28:00,3.1557,3.1557,3.1517,3.1522,3.1607,3.1607,3.1567,3.1572,12
2026-03-19 09:29:00,3.1517,3.1517,3.1482,3.1492,3.1567,3.1567,3.1532,3.1542,17
2026-03-19 09:30:00,3.1497,3.1577,3.1482,3.1577,3.1547,3.1627,3.1532,3.1627,25
2026-03-19 09:31:00,3.1582,3.1592,3.1552,3.1552,3.1632,3.1642,3.1602,3.1602,17
2026-03-19 09:32:00,3.1547,3.1552,3.1532,3.1547,3.1597,3.1602,3.1582,3.1597,11
2026-03-19 09:33:00,3.1562,3.1572,3.1542,3.1552,3.1612,3.1622,3.1592,3.1602,23
2026-03-19 09:34:00,3.1557,3.1567,3.1542,3.1547,3.1607,3.1617,3.1592,3.1597,13
2026-03-19 09:35:00,3.1552,3.1582,3.1552,3.1577,3.1602,3.1632,3.1602,3.1627,14
2026-03-19 09:36:00,3.1572,3.1577,3.1547,3.1547,3.1622,3.1627,3.1597,3.1597,18
2026-03-19 09:37:00,3.1552,3.1552,3.1522,3.1522,3.1602,3.1602,3.1572,3.1572,14
2026-03-19 09:38:00,3.1527,3.1542,3.1517,3.1542,3.1577,3.1592,3.1567,3.1592,11
2026-03-19 09:39:00,3.1552,3.1612,3.1537,3.1612,3.1602,3.1662,3.1587,3.1662,40
2026-03-19 09:40:00,3.1617,3.1657,3.1572,3.1597,3.1667,3.1707,3.1622,3.1647,45
2026-03-19 09:41:00,3.1592,3.1647,3.1577,3.1647,3.1642,3.1697,3.1627,3.1697,15
2026-03-19 09:42:00,3.1652,3.1692,3.1652,3.1672,3.1702,3.1742,3.1702,3.1722,22
2026-03-19 09:43:00,3.1662,3.1742,3.1662,3.1707,3.1712,3.1792,3.1712,3.1757,36
2026-03-19 09:44:00,3.1697,3.1732,3.1692,3.1732,3.1747,3.1782,3.1742,3.1782,14
2026-03-19 09:45:00,3.1737,3.1742,3.1702,3.1707,3.1787,3.1792,3.1752,3.1757,33
2026-03-19 09:46:00,3.1702,3.1712,3.1682,3.1707,3.1752,3.1762,3.1732,3.1757,19
2026-03-19 09:47:00,3.1712,3.1732,3.1707,3.1732,3.1762,3.1782,3.1757,3.1782,16
2026-03-19 09:48:00,3.1727,3.1752,3.1722,3.1742,3.1777,3.1802,3.1772,3.1792,23
2026-03-19 09:49:00,3.1747,3.1792,3.1732,3.1792,3.1797,3.1842,3.1782,3.1842,18
2026-03-19 09:50:00,3.1782,3.1832,3.1777,3.1832,3.1832,3.1882,3.1827,3.1882,30
2026-03-19 09:51:00,3.1837,3.1857,3.1817,3.1832,3.1887,3.1907,3.1867,3.1882,28
2026-03-19 09:52:00,3.1827,3.1842,3.1812,3.1822,3.1877,3.1892,3.1862,3.1872,30
2026-03-19 09:53:00,3.1827,3.1842,3.1797,3.1807,3.1877,3.1892,3.1847,3.1857,20
2026-03-19 09:54:00,3.1802,3.1822,3.1802,3.1822,3.1852,3.1872,3.1852,3.1872,13
2026-03-19 09:55:00,3.1827,3.1862,3.1817,3.1847,3.1877,3.1912,3.1867,3.1897,19
2026-03-19 09:56:00,3.1842,3.1882,3.1832,3.1882,3.1892,3.1932,3.1882,3.1932,14
2026-03-19 09:57:00,3.1877,3.1897,3.1837,3.1867,3.1927,3.1947,3.1887,3.1917,28
2026-03-19 09:58:00,3.1862,3.1882,3.1852,3.1862,3.1912,3.1932,3.1902,3.1912,16
2026-03-19 09:59:00,3.1857,3.1862,3.1802,3.1807,3.1907,3.1912,3.1852,3.1857,19
2026-03-19 10:00:00,3.1802,3.1802,3.1727,3.1777,3.1852,3.1852,3.1777,3.1827,34
2026-03-19 10:01:00,3.1782,3.1822,3.1757,3.1807,3.1832,3.1872,3.1807,3.1857,27
2026-03-19 10:02:00,3.1812,3.1842,3.1767,3.1782,3.1862,3.1892,3.1817,3.1832,34
2026-03-19 10:03:00,3.1777,3.1832,3.1767,3.1807,3.1827,3.1882,3.1817,3.1857,39
2026-03-19 10:04:00,3.1802,3.1802,3.1752,3.1757,3.1852,3.1852,3.1802,3.1807,25
2026-03-19 10:05:00,3.1767,3.1797,3.1742,3.1767,3.1817,3.1847,3.1792,3.1817,23
2026-03-19 10:06:00,3.1757,3.1767,3.1732,3.1767,3.1807,3.1817,3.1782,3.1817,21
2026-03-19 10:07:00,3.1762,3.1782,3.1752,3.1762,3.1812,3.1832,3.1802,3.1812,23
2026-03-19 10:08:00,3.1757,3.1802,3.1752,3.1797,3.1807,3.1852,3.1802,3.1847,20
2026-03-19 10:09:00,3.1802,3.1842,3.1792,3.1837,3.1852,3.1892,3.1842,3.1887,21
2026-03-19 10:10:00,3.1842,3.1847,3.1817,3.1817,3.1892,3.1897,3.1867,3.1867,15
2026-03-19 10:11:00,3.1812,3.1842,3.1787,3.1802,3.1862,3.1892,3.1837,3.1852,23
2026-03-19 10:12:00,3.1797,3.1847,3.1797,3.1847,3.1847,3.1897,3.1847,3.1897,19
2026-03-19 10:13:00,3.1852,3.1852,3.1822,3.1822,3.1902,3.1902,3.1872,3.1872,21
2026-03-19 10:14:00,3.1812,3.1817,3.1782,3.1797,3.1862,3.1867,3.1832,3.1847,18
2026-03-19 10:15:00,3.1792,3.1807,3.1787,3.1787,3.1842,3.1857,3.1837,3.1837,31
2026-03-19 10:16:00,3.1782,3.1787,3.1752,3.1762,3.1832,3.1837,3.1802,3.1812,26
2026-03-19 10:17:00,3.1752,3.1792,3.1742,3.1787,3.1802,3.1842,3.1792,3.1837,20
2026-03-19 10:18:00,3.1802,3.1817,3.1787,3.1817,3.1852,3.1867,3.1837,3.1867,7
2026-03-19 10:19:00,3.1827,3.1832,3.1792,3.1817,3.1877,3.1882,3.1842,3.1867,19
2026-03-19 10:20:00,3.1822,3.1827,3.1807,3.1817,3.1872,3.1877,3.1857,3.1867,7
2026-03-19 10:21:00,3.1807,3.1832,3.1787,3.1787,3.1857,3.1882,3.1837,3.1837,14
2026-03-19 10:22:00,3.1792,3.1822,3.1787,3.1792,3.1842,3.1872,3.1837,3.1842,11
2026-03-19 10:23:00,3.1787,3.1802,3.1787,3.1797,3.1837,3.1852,3.1837,3.1847,8
2026-03-19 10:24:00,3.1802,3.1822,3.1797,3.1817,3.1852,3.1872,3.1847,3.1867,11
2026-03-19 10:25:00,3.1822,3.2002,3.1807,3.1992,3.1872,3.2052,3.1857,3.2042,62
2026-03-19 10:26:00,3.2007,3.2007,3.1892,3.1902,3.2057,3.2057,3.1942,3.1952,63
2026-03-19 10:27:00,3.1897,3.1957,3.1897,3.1922,3.1947,3.2007,3.1947,3.1972,41
2026-03-19 10:28:00,3.1917,3.1927,3.1897,3.1917,3.1967,3.1977,3.1947,3.1967,34
2026-03-19 10:29:00,3.1907,3.1957,3.1857,3.1882,3.1957,3.2007,3.1907,3.1932,54
2026-03-19 10:30:00,3.1877,3.1887,3.1797,3.1807,3.1927,3.1937,3.1847,3.1857,38
2026-03-19 10:31:00,3.1797,3.1842,3.1782,3.1787,3.1847,3.1892,3.1832,3.1837,33
2026-03-19 10:32:00,3.1792,3.1857,3.1747,3.1827,3.1842,3.1907,3.1797,3.1877,38
2026-03-19 10:33:00,3.1812,3.1907,3.1812,3.1907,3.1862,3.1957,3.1862,3.1957,27
2026-03-19 10:34:00,3.1912,3.1942,3.1912,3.1937,3.1962,3.1992,3.1962,3.1987,21
2026-03-19 10:35:00,3.1932,3.1932,3.1877,3.1882,3.1982,3.1982,3.1927,3.1932,26
2026-03-19 10:36:00,3.1887,3.1887,3.1802,3.1862,3.1937,3.1937,3.1852,3.1912,34
2026-03-19 10:37:00,3.1872,3.1917,3.1852,3.1907,3.1922,3.1967,3.1902,3.1957,31
2026-03-19 10:38:00,3.1912,3.1917,3.1852,3.1872,3.1962,3.1967,3.1902,3.1922,26
2026-03-19 10:39:00,3.1877,3.1877,3.1842,3.1867,3.1927,3.1927,3.1892,3.1917,14
2026-03-19 10:40:00,3.1877,3.1877,3.1852,3.1852,3.1927,3.1927,3.1902,3.1902,24
2026-03-19 10:41:00,3.1847,3.1862,3.1822,3.1837,3.1897,3.1912,3.1872,3.1887,31
2026-03-19 10:42:00,3.1847,3.1852,3.1812,3.1837,3.1897,3.1902,3.1862,3.1887,20
2026-03-19 10:43:00,3.1832,3.1847,3.1787,3.1837,3.1882,3.1897,3.1837,3.1887,25
2026-03-19 10:44:00,3.1827,3.1837,3.1817,3.1822,3.1877,3.1887,3.1867,3.1872,22
2026-03-19 10:45:00,3.1817,3.1832,3.1812,3.1832,3.1867,3.1882,3.1862,3.1882,15
2026-03-19 10:46:00,3.1827,3.1827,3.1717,3.1727,3.1877,3.1877,3.1767,3.1777,34
2026-03-19 10:47:00,3.1732,3.1747,3.1682,3.1702,3.1782,3.1797,3.1732,3.1752,40
2026-03-19 10:48:00,3.1707,3.1727,3.1702,3.1707,3.1757,3.1777,3.1752,3.1757,19
2026-03-19 10:49:00,3.1712,3.1727,3.1657,3.1662,3.1762,3.1777,3.1707,3.1712,27
2026-03-19 10:50:00,3.1652,3.1682,3.1607,3.1637,3.1702,3.1732,3.1657,3.1687,62
2026-03-19 10:51:00,3.1622,3.1627,3.1487,3.1497,3.1672,3.1677,3.1537,3.1547,65
2026-03-19 10:52:00,3.1492,3.1502,3.1412,3.1457,3.1542,3.1552,3.1462,3.1507,54
2026-03-19 10:53:00,3.1452,3.1487,3.1442,3.1447,3.1502,3.1537,3.1492,3.1497,34
2026-03-19 10:54:00,3.1442,3.1522,3.1437,3.1522,3.1492,3.1572,3.1487,3.1572,34
2026-03-19 10:55:00,3.1512,3.1562,3.1492,3.1537,3.1562,3.1612,3.1542,3.1587,39
2026-03-19 10:56:00,3.1542,3.1542,3.1507,3.1507,3.1592,3.1592,3.1557,3.1557,13
2026-03-19 10:57:00,3.1502,3.1502,3.1437,3.1437,3.1552,3.1552,3.1487,3.1487,31
2026-03-19 10:58:00,3.1432,3.1462,3.1412,3.1462,3.1482,3.1512,3.1462,3.1512,33
2026-03-19 10:59:00,3.1467,3.1482,3.1422,3.1422,3.1517,3.1532,3.1472,3.1472,42
2026-03-19 11:00:00,3.1417,3.1442,3.1372,3.1387,3.1467,3.1492,3.1422,3.1437,46
2026-03-19 11:01:00,3.1377,3.1382,3.1302,3.1322,3.1427,3.1432,3.1352,3.1372,33
2026-03-19 11:02:00,3.1327,3.1327,3.1272,3.1272,3.1377,3.1377,3.1322,3.1322,50
2026-03-19 11:03:00,3.1277,3.1287,3.1242,3.1277,3.1327,3.1337,3.1292,3.1327,24
2026-03-19 11:04:00,3.1282,3.1337,3.1222,3.1247,3.1332,3.1387,3.1272,3.1297,42
2026-03-19 11:05:00,3.1257,3.1267,3.1202,3.1217,3.1307,3.1317,3.1252,3.1267,41
2026-03-19 11:06:00,3.1212,3.1212,3.1172,3.1182,3.1262,3.1262,3.1222,3.1232,17
2026-03-19 11:07:00,3.1172,3.1172,3.1082,3.1097,3.1222,3.1222,3.1132,3.1147,51
2026-03-19 11:08:00,3.1102,3.1142,3.1082,3.1122,3.1152,3.1192,3.1132,3.1172,43
2026-03-19 11:09:00,3.1127,3.1237,3.1122,3.1232,3.1177,3.1287,3.1172,3.1282,55
2026-03-19 11:10:00,3.1237,3.1237,3.1162,3.1172,3.1287,3.1287,3.1212,3.1222,18
2026-03-19 11:11:00,3.1182,3.1182,3.1132,3.1137,3.1232,3.1232,3.1182,3.1187,22
2026-03-19 11:12:00,3.1132,3.1137,3.1087,3.1137,3.1182,3.1187,3.1137,3.1187,22
2026-03-19 11:13:00,3.1122,3.1152,3.1102,3.1152,3.1172,3.1202,3.1152,3.1202,22
2026-03-19 11:14:00,3.1157,3.1267,3.1157,3.1252,3.1207,3.1317,3.1207,3.1302,27
2026-03-19 11:15:00,3.1247,3.1277,3.1247,3.1277,3.1297,3.1327,3.1297,3.1327,37
2026-03-19 11:16:00,3.1282,3.1337,3.1282,3.1312,3.1332,3.1387,3.1332,3.1362,28
2026-03-19 11:17:00,3.1307,3.1337,3.1302,3.1322,3.1357,3.1387,3.1352,3.1372,35
2026-03-19 11:18:00,3.1317,3.1397,3.1307,3.1387,3.1367,3.1447,3.1357,3.1437,25
2026-03-19 11:19:00,3.1382,3.1392,3.1317,3.1317,3.1432,3.1442,3.1367,3.1367,36
2026-03-19 11:20:00,3.1322,3.1362,3.1317,3.1352,3.1372,3.1412,3.1367,3.1402,22
2026-03-19 11:21:00,3.1347,3.1367,3.1312,3.1357,3.1397,3.1417,3.1362,3.1407,23
2026-03-19 11:22:00,3.1347,3.1352,3.1307,3.1307,3.1397,3.1402,3.1357,3.1357,20
2026-03-19 11:23:00,3.1302,3.1302,3.1252,3.1257,3.1352,3.1352,3.1302,3.1307,14
2026-03-19 11:24:00,3.1262,3.1272,3.1247,3.1272,3.1312,3.1322,3.1297,3.1322,12
2026-03-19 11:25:00,3.1277,3.1307,3.1272,3.1287,3.1327,3.1357,3.1322,3.1337,18
2026-03-19 11:26:00,3.1282,3.1292,3.1212,3.1222,3.1332,3.1342,3.1262,3.1272,26
2026-03-19 11:27:00,3.1227,3.1247,3.1187,3.1192,3.1277,3.1297,3.1237,3.1242,14
2026-03-19 11:28:00,3.1187,3.1242,3.1172,3.1242,3.1237,3.1292,3.1222,3.1292,30
2026-03-19 11:29:00,3.1232,3.1247,3.1172,3.1247,3.1282,3.1297,3.1222,3.1297,23
2026-03-19 11:30:00,3.1252,3.1322,3.1247,3.1322,3.1302,3.1372,3.1297,3.1372,20
2026-03-19 11:31:00,3.1317,3.1322,3.1277,3.1292,3.1367,3.1372,3.1327,3.1342,22
2026-03-19 11:32:00,3.1302,3.1387,3.1302,3.1367,3.1352,3.1437,3.1352,3.1417,20
2026-03-19 11:33:00,3.1362,3.1377,3.1332,3.1352,3.1412,3.1427,3.1382,3.1402,32
2026-03-19 11:34:00,3.1347,3.1382,3.1347,3.1377,3.1397,3.1432,3.1397,3.1427,26
2026-03-19 11:35:00,3.1367,3.1372,3.1302,3.1317,3.1417,3.1422,3.1352,3.1367,25
2026-03-19 11:36:00,3.1312,3.1332,3.1307,3.1322,3.1362,3.1382,3.1357,3.1372,13
2026-03-19 11:37:00,3.1312,3.1327,3.1302,3.1322,3.1362,3.1377,3.1352,3.1372,15
2026-03-19 11:38:00,3.1327,3.1367,3.1327,3.1357,3.1377,3.1417,3.1377,3.1407,19
2026-03-19 11:39:00,3.1362,3.1392,3.1322,3.1367,3.1412,3.1442,3.1372,3.1417,31
2026-03-19 11:40:00,3.1352,3.1402,3.1342,3.1402,3.1402,3.1452,3.1392,3.1452,18
2026-03-19 11:41:00,3.1397,3.1427,3.1382,3.1427,3.1447,3.1477,3.1432,3.1477,15
2026-03-19 11:42:00,3.1437,3.1437,3.1387,3.1407,3.1487,3.1487,3.1437,3.1457,15
2026-03-19 11:43:00,3.1412,3.1432,3.1412,3.1422,3.1462,3.1482,3.1462,3.1472,16
2026-03-19 11:44:00,3.1432,3.1502,3.1432,3.1482,3.1482,3.1552,3.1482,3.1532,25
2026-03-19 11:45:00,3.1492,3.1502,3.1432,3.1457,3.1542,3.1552,3.1482,3.1507,40
2026-03-19 11:46:00,3.1462,3.1472,3.1462,3.1462,3.1512,3.1522,3.1512,3.1512,9
2026-03-19 11:47:00,3.1457,3.1457,3.1362,3.1432,3.1507,3.1507,3.1412,3.1482,37
2026-03-19 11:48:00,3.1437,3.1482,3.1422,3.1482,3.1487,3.1532,3.1472,3.1532,17
2026-03-19 11:49:00,3.1477,3.1512,3.1447,3.1447,3.1527,3.1562,3.1497,3.1497,29
2026-03-19 11:50:00,3.1452,3.1477,3.1422,3.1422,3.1502,3.1527,3.1472,3.1472,20
2026-03-19 11:51:00,3.1427,3.1432,3.1357,3.1357,3.1477,3.1482,3.1407,3.1407,26
2026-03-19 11:52:00,3.1377,3.1427,3.1352,3.1417,3.1427,3.1477,3.1402,3.1467,24
2026-03-19 11:53:00,3.1427,3.1432,3.1402,3.1407,3.1477,3.1482,3.1452,3.1457,16
2026-03-19 11:54:00,3.1402,3.1422,3.1397,3.1412,3.1452,3.1472,3.1447,3.1462,14
2026-03-19 11:55:00,3.1407,3.1462,3.1407,3.1432,3.1457,3.1512,3.1457,3.1482,23
2026-03-19 11:56:00,3.1437,3.1447,3.1427,3.1437,3.1487,3.1497,3.1477,3.1487,12
2026-03-19 11:57:00,3.1427,3.1457,3.1427,3.1437,3.1477,3.1507,3.1477,3.1487,18
2026-03-19 11:58:00,3.1432,3.1437,3.1382,3.1402,3.1482,3.1487,3.1432,3.1452,18
2026-03-19 11:59:00,3.1412,3.1447,3.1377,3.1447,3.1462,3.1497,3.1427,3.1497,24
2026-03-19 12:00:00,3.1432,3.1462,3.1402,3.1457,3.1482,3.1512,3.1452,3.1507,47
2026-03-19 12:01:00,3.1462,3.1487,3.1407,3.1417,3.1512,3.1537,3.1457,3.1467,24
2026-03-19 12:02:00,3.1407,3.1427,3.1392,3.1412,3.1457,3.1477,3.1442,3.1462,19
2026-03-19 12:03:00,3.1417,3.1417,3.1372,3.1412,3.1467,3.1467,3.1422,3.1462,11
2026-03-19 12:04:00,3.1422,3.1427,3.1397,3.1397,3.1472,3.1477,3.1447,3.1447,16
2026-03-19 12:05:00,3.1402,3.1417,3.1377,3.1387,3.1452,3.1467,3.1427,3.1437,23
2026-03-19 12:06:00,3.1392,3.1407,3.1362,3.1387,3.1442,3.1457,3.1412,3.1437,15
2026-03-19 12:07:00,3.1382,3.1402,3.1362,3.1362,3.1432,3.1452,3.1412,3.1412,21
2026-03-19 12:08:00,3.1357,3.1422,3.1357,3.1392,3.1407,3.1472,3.1407,3.1442,22
2026-03-19 12:09:00,3.1387,3.1392,3.1362,3.1367,3.1437,3.1442,3.1412,3.1417,23
2026-03-19 12:10:00,3.1372,3.1392,3.1372,3.1392,3.1422,3.1442,3.1422,3.1442,12
2026-03-19 12:11:00,3.1397,3.1417,3.1392,3.1402,3.1447,3.1467,3.1442,3.1452,15
2026-03-19 12:12:00,3.1397,3.1437,3.1362,3.1372,3.1447,3.1487,3.1412,3.1422,27
2026-03-19 12:13:00,3.1377,3.1417,3.1377,3.1417,3.1427,3.1467,3.1427,3.1467,11
2026-03-19 12:14:00,3.1427,3.1492,3.1427,3.1457,3.1477,3.1542,3.1477,3.1507,36
2026-03-19 12:15:00,3.1472,3.1507,3.1442,3.1462,3.1522,3.1557,3.1492,3.1512,28
2026-03-19 12:16:00,3.1472,3.1482,3.1452,3.1452,3.1522,3.1532,3.1502,3.1502,23
2026-03-19 12:17:00,3.1457,3.1532,3.1452,3.1522,3.1507,3.1582,3.1502,3.1572,31
2026-03-19 12:18:00,3.1512,3.1562,3.1497,3.1542,3.1562,3.1612,3.1547,3.1592,35
2026-03-19 12:19:00,3.1552,3.1582,3.1537,3.1582,3.1602,3.1632,3.1587,3.1632,29
2026-03-19 12:20:00,3.1587,3.1602,3.1572,3.1592,3.1637,3.1652,3.1622,3.1642,21
2026-03-19 12:21:00,3.1582,3.1597,3.1572,3.1577,3.1632,3.1647,3.1622,3.1627,13
2026-03-19 12:22:00,3.1572,3.1582,3.1557,3.1582,3.1622,3.1632,3.1607,3.1632,15
2026-03-19 12:23:00,3.1587,3.1592,3.1562,3.1592,3.1637,3.1642,3.1612,3.1642,14
2026-03-19 12:24:00,3.1582,3.1582,3.1527,3.1547,3.1632,3.1632,3.1577,3.1597,24
2026-03-19 12:25:00,3.1552,3.1602,3.1552,3.1592,3.1602,3.1652,3.1602,3.1642,24
2026-03-19 12:26:00,3.1582,3.1587,3.1542,3.1572,3.1632,3.1637,3.1592,3.1622,21
2026-03-19 12:27:00,3.1567,3.1592,3.1567,3.1582,3.1617,3.1642,3.1617,3.1632,23
2026-03-19 12:28:00,3.1587,3.1587,3.1552,3.1562,3.1637,3.1637,3.1602,3.1612,16
2026-03-19 12:29:00,3.1552,3.1637,3.1552,3.1627,3.1602,3.1687,3.1602,3.1677,34
2026-03-19 12:30:00,3.1642,3.1652,3.1487,3.1497,3.1692,3.1702,3.1537,3.1547,63
2026-03-19 12:31:00,3.1502,3.1582,3.1492,3.1572,3.1552,3.1632,3.1542,3.1622,36
2026-03-19 12:32:00,3.1567,3.1582,3.1512,3.1517,3.1617,3.1632,3.1562,3.1567,38
2026-03-19 12:33:00,3.1522,3.1587,3.1522,3.1582,3.1572,3.1637,3.1572,3.1632,17
2026-03-19 12:34:00,3.1587,3.1602,3.1557,3.1592,3.1637,3.1652,3.1607,3.1642,32
2026-03-19 12:35:00,3.1587,3.1602,3.1572,3.1592,3.1637,3.1652,3.1622,3.1642,27
2026-03-19 12:36:00,3.1602,3.1672,3.1602,3.1662,3.1652,3.1722,3.1652,3.1712,42
2026-03-19 12:37:00,3.1672,3.1672,3.1647,3.1662,3.1722,3.1722,3.1697,3.1712,22
2026-03-19 12:38:00,3.1667,3.1712,3.1652,3.1702,3.1717,3.1762,3.1702,3.1752,28
2026-03-19 12:39:00,3.1697,3.1767,3.1652,3.1737,3.1747,3.1817,3.1702,3.1787,39
2026-03-19 12:40:00,3.1732,3.1732,3.1672,3.1702,3.1782,3.1782,3.1722,3.1752,23
2026-03-19 12:41:00,3.1697,3.1732,3.1677,3.1732,3.1747,3.1782,3.1727,3.1782,27
2026-03-19 12:42:00,3.1742,3.1772,3.1737,3.1742,3.1792,3.1822,3.1787,3.1792,22
2026-03-19 12:43:00,3.1747,3.1777,3.1747,3.1762,3.1797,3.1827,3.1797,3.1812,23
2026-03-19 12:44:00,3.1757,3.1792,3.1697,3.1697,3.1807,3.1842,3.1747,3.1747,34
2026-03-19 12:45:00,3.1702,3.1737,3.1682,3.1697,3.1752,3.1787,3.1732,3.1747,32
2026-03-19 12:46:00,3.1692,3.1717,3.1682,3.1682,3.1742,3.1767,3.1732,3.1732,20
2026-03-19 12:47:00,3.1687,3.1717,3.1687,3.1702,3.1737,3.1767,3.1737,3.1752,21
2026-03-19 12:48:00,3.1697,3.1747,3.1682,3.1747,3.1747,3.1797,3.1732,3.1797,25
2026-03-19 12:49:00,3.1742,3.1742,3.1702,3.1707,3.1792,3.1792,3.1752,3.1757,21
2026-03-19 12:50:00,3.1702,3.1702,3.1582,3.1622,3.1752,3.1752,3.1632,3.1672,49
2026-03-19 12:51:00,3.1627,3.1667,3.1562,3.1582,3.1677,3.1717,3.1612,3.1632,44
2026-03-19 12:52:00,3.1587,3.1607,3.1527,3.1527,3.1637,3.1657,3.1577,3.1577,30
2026-03-19 12:53:00,3.1522,3.1582,3.1522,3.1562,3.1572,3.1632,3.1572,3.1612,28
2026-03-19 12:54:00,3.1572,3.1642,3.1567,3.1632,3.1622,3.1692,3.1617,3.1682,30
2026-03-19 12:55:00,3.1637,3.1652,3.1587,3.1602,3.1687,3.1702,3.1637,3.1652,22
2026-03-19 12:56:00,3.1607,3.1652,3.1592,3.1627,3.1657,3.1702,3.1642,3.1677,28
2026-03-19 12:57:00,3.1617,3.1627,3.1542,3.1547,3.1667,3.1677,3.1592,3.1597,30
2026-03-19 12:58:00,3.1557,3.1572,3.1512,3.1527,3.1607,3.1622,3.1562,3.1577,31
2026-03-19 12:59:00,3.1542,3.1562,3.1392,3.1402,3.1592,3.1612,3.1442,3.1452,57
2026-03-19 13:00:00,3.1422,3.1422,3.1352,3.1402,3.1472,3.1472,3.1402,3.1452,60
2026-03-19 13:01:00,3.1407,3.1542,3.1392,3.1532,3.1457,3.1592,3.1442,3.1582,61
2026-03-19 13:02:00,3.1537,3.1562,3.1447,3.1472,3.1587,3.1612,3.1497,3.1522,38
2026-03-19 13:03:00,3.1477,3.1482,3.1447,3.1447,3.1527,3.1532,3.1497,3.1497,36
2026-03-19 13:04:00,3.1462,3.1507,3.1462,3.1507,3.1512,3.1557,3.1512,3.1557,24
2026-03-19 13:05:00,3.1502,3.1542,3.1487,3.1522,3.1552,3.1592,3.1537,3.1572,40
2026-03-19 13:06:00,3.1512,3.1522,3.1432,3.1447,3.1562,3.1572,3.1482,3.1497,60
2026-03-19 13:07:00,3.1442,3.1452,3.1237,3.1322,3.1492,3.1502,3.1287,3.1372,128
2026-03-19 13:08:00,3.1317,3.1322,3.1217,3.1257,3.1367,3.1372,3.1267,3.1307,117
2026-03-19 13:09:00,3.1267,3.1292,3.1232,3.1242,3.1317,3.1342,3.1282,3.1292,87
2026-03-19 13:10:00,3.1232,3.1317,3.1212,3.1257,3.1282,3.1367,3.1262,3.1307,73
2026-03-19 13:11:00,3.1262,3.1332,3.1207,3.1297,3.1312,3.1382,3.1257,3.1347,58
2026-03-19 13:12:00,3.1302,3.1352,3.1262,3.1302,3.1352,3.1402,3.1312,3.1352,41
2026-03-19 13:13:00,3.1292,3.1312,3.1272,3.1272,3.1342,3.1362,3.1322,3.1322,39
2026-03-19 13:14:00,3.1277,3.1297,3.1232,3.1252,3.1327,3.1347,3.1282,3.1302,33
2026-03-19 13:15:00,3.1257,3.1282,3.1202,3.1247,3.1307,3.1332,3.1252,3.1297,55
2026-03-19 13:16:00,3.1252,3.1317,3.1252,3.1292,3.1302,3.1367,3.1302,3.1342,33
2026-03-19 13:17:00,3.1297,3.1372,3.1297,3.1352,3.1347,3.1422,3.1347,3.1402,49
2026-03-19 13:18:00,3.1357,3.1372,3.1307,3.1372,3.1407,3.1422,3.1357,3.1422,37
2026-03-19 13:19:00,3.1382,3.1402,3.1362,3.1387,3.1432,3.1452,3.1412,3.1437,59
2026-03-19 13:20:00,3.1392,3.1402,3.1352,3.1387,3.1442,3.1452,3.1402,3.1437,30
2026-03-19 13:21:00,3.1392,3.1432,3.1377,3.1387,3.1442,3.1482,3.1427,3.1437,43
2026-03-19 13:22:00,3.1397,3.1412,3.1357,3.1367,3.1447,3.1462,3.1407,3.1417,35
2026-03-19 13:23:00,3.1372,3.1462,3.1372,3.1452,3.1422,3.1512,3.1422,3.1502,47
2026-03-19 13:24:00,3.1457,3.1502,3.1447,3.1477,3.1507,3.1552,3.1497,3.1527,61
2026-03-19 13:25:00,3.1482,3.1602,3.1482,3.1592,3.1532,3.1652,3.1532,3.1642,71
2026-03-19 13:26:00,3.1597,3.1622,3.1572,3.1612,3.1647,3.1672,3.1622,3.1662,58
2026-03-19 13:27:00,3.1607,3.1672,3.1602,3.1662,3.1657,3.1722,3.1652,3.1712,51
2026-03-19 13:28:00,3.1667,3.1672,3.1592,3.1592,3.1717,3.1722,3.1642,3.1642,48
2026-03-19 13:29:00,3.1597,3.1597,3.1492,3.1492,3.1647,3.1647,3.1542,3.1542,40
2026-03-19 13:30:00,3.1497,3.1582,3.1482,3.1512,3.1547,3.1632,3.1532,3.1562,73
2026-03-19 13:31:00,3.1507,3.1572,3.1482,3.1542,3.1557,3.1622,3.1532,3.1592,67
2026-03-19 13:32:00,3.1547,3.1592,3.1452,3.1462,3.1597,3.1642,3.1502,3.1512,72
2026-03-19 13:33:00,3.1472,3.1512,3.1427,3.1512,3.1522,3.1562,3.1477,3.1562,57
2026-03-19 13:34:00,3.1517,3.1642,3.1517,3.1637,3.1567,3.1692,3.1567,3.1687,58
2026-03-19 13:35:00,3.1632,3.1642,3.1557,3.1612,3.1682,3.1692,3.1607,3.1662,74
2026-03-19 13:36:00,3.1607,3.1632,3.1562,3.1617,3.1657,3.1682,3.1612,3.1667,52
2026-03-19 13:37:00,3.1612,3.1617,3.1572,3.1597,3.1662,3.1667,3.1622,3.1647,44
2026-03-19 13:38:00,3.1602,3.1602,3.1512,3.1512,3.1652,3.1652,3.1562,3.1562,57
2026-03-19 13:39:00,3.1507,3.1522,3.1482,3.1492,3.1557,3.1572,3.1532,3.1542,65
2026-03-19 13:40:00,3.1487,3.1552,3.1472,3.1527,3.1537,3.1602,3.1522,3.1577,41
2026-03-19 13:41:00,3.1522,3.1572,3.1517,3.1552,3.1572,3.1622,3.1567,3.1602,36
2026-03-19 13:42:00,3.1547,3.1632,3.1532,3.1602,3.1597,3.1682,3.1582,3.1652,43
2026-03-19 13:43:00,3.1612,3.1612,3.1532,3.1532,3.1662,3.1662,3.1582,3.1582,30
2026-03-19 13:44:00,3.1537,3.1552,3.1407,3.1452,3.1587,3.1602,3.1457,3.1502,81
2026-03-19 13:45:00,3.1447,3.1532,3.1432,3.1437,3.1497,3.1582,3.1482,3.1487,51
2026-03-19 13:46:00,3.1442,3.1492,3.1432,3.1467,3.1492,3.1542,3.1482,3.1517,39
2026-03-19 13:47:00,3.1462,3.1462,3.1402,3.1422,3.1512,3.1512,3.1452,3.1472,26
2026-03-19 13:48:00,3.1417,3.1432,3.1332,3.1347,3.1467,3.1482,3.1382,3.1397,54
2026-03-19 13:49:00,3.1337,3.1447,3.1292,3.1447,3.1387,3.1497,3.1342,3.1497,42
2026-03-19 13:50:00,3.1457,3.1472,3.1402,3.1437,3.1507,3.1522,3.1452,3.1487,56
2026-03-19 13:51:00,3.1432,3.1482,3.1422,3.1452,3.1482,3.1532,3.1472,3.1502,26
2026-03-19 13:52:00,3.1457,3.1532,3.1457,3.1492,3.1507,3.1582,3.1507,3.1542,51
2026-03-19 13:53:00,3.1487,3.1487,3.1382,3.1397,3.1537,3.1537,3.1432,3.1447,49
2026-03-19 13:54:00,3.1402,3.1412,3.1332,3.1412,3.1452,3.1462,3.1382,3.1462,74
2026-03-19 13:55:00,3.1417,3.1477,3.1417,3.1467,3.1467,3.1527,3.1467,3.1517,41
2026-03-19 13:56:00,3.1472,3.1512,3.1442,3.1447,3.1522,3.1562,3.1492,3.1497,38
2026-03-19 13:57:00,3.1442,3.1477,3.1392,3.1437,3.1492,3.1527,3.1442,3.1487,52
2026-03-19 13:58:00,3.1432,3.1432,3.1382,3.1417,3.1482,3.1482,3.1432,3.1467,46
2026-03-19 13:59:00,3.1407,3.1552,3.1402,3.1542,3.1457,3.1602,3.1452,3.1592,46
2026-03-19 14:00:00,3.1537,3.1592,3.1492,3.1517,3.1587,3.1642,3.1542,3.1567,126
2026-03-19 14:01:00,3.1522,3.1547,3.1422,3.1447,3.1572,3.1597,3.1472,3.1497,122
2026-03-19 14:02:00,3.1457,3.1532,3.1417,3.1522,3.1507,3.1582,3.1467,3.1572,81
2026-03-19 14:03:00,3.1517,3.1592,3.1502,3.1582,3.1567,3.1642,3.1552,3.1632,65
2026-03-19 14:04:00,3.1577,3.1607,3.1532,3.1552,3.1627,3.1657,3.1582,3.1602,67
2026-03-19 14:05:00,3.1547,3.1632,3.1527,3.1632,3.1597,3.1682,3.1577,3.1682,53
2026-03-19 14:06:00,3.1637,3.1672,3.1637,3.1637,3.1687,3.1722,3.1687,3.1687,45
2026-03-19 14:07:00,3.1642,3.1662,3.1602,3.1622,3.1692,3.1712,3.1652,3.1672,57
2026-03-19 14:08:00,3.1632,3.1682,3.1582,3.1652,3.1682,3.1732,3.1632,3.1702,77
2026-03-19 14:09:00,3.1642,3.1672,3.1627,3.1662,3.1692,3.1722,3.1677,3.1712,35
2026-03-19 14:10:00,3.1667,3.1737,3.1662,3.1722,3.1717,3.1787,3.1712,3.1772,36
2026-03-19 14:11:00,3.1727,3.1727,3.1587,3.1592,3.1777,3.1777,3.1637,3.1642,68
2026-03-19 14:12:00,3.1602,3.1707,3.1602,3.1702,3.1652,3.1757,3.1652,3.1752,33
2026-03-19 14:13:00,3.1697,3.1697,3.1662,3.1662,3.1747,3.1747,3.1712,3.1712,17
2026-03-19 14:14:00,3.1667,3.1687,3.1652,3.1682,3.1717,3.1737,3.1702,3.1732,26
2026-03-19 14:15:00,3.1677,3.1682,3.1622,3.1627,3.1727,3.1732,3.1672,3.1677,51
2026-03-19 14:16:00,3.1632,3.1632,3.1542,3.1572,3.1682,3.1682,3.1592,3.1622,59
2026-03-19 14:17:00,3.1567,3.1572,3.1412,3.1457,3.1617,3.1622,3.1462,3.1507,112
2026-03-19 14:18:00,3.1452,3.1472,3.1392,3.1412,3.1502,3.1522,3.1442,3.1462,66
2026-03-19 14:19:00,3.1402,3.1452,3.1372,3.1437,3.1452,3.1502,3.1422,3.1487,81
2026-03-19 14:20:00,3.1432,3.1432,3.1332,3.1362,3.1482,3.1482,3.1382,3.1412,118
2026-03-19 14:21:00,3.1357,3.1412,3.1342,3.1382,3.1407,3.1462,3.1392,3.1432,88
2026-03-19 14:22:00,3.1372,3.1447,3.1362,3.1442,3.1422,3.1497,3.1412,3.1492,63
2026-03-19 14:23:00,3.1447,3.1642,3.1432,3.1607,3.1497,3.1692,3.1482,3.1657,161
2026-03-19 14:24:00,3.1622,3.1812,3.1612,3.1772,3.1672,3.1862,3.1662,3.1822,205
2026-03-19 14:25:00,3.1777,3.1942,3.1742,3.1932,3.1827,3.1992,3.1792,3.1982,155
2026-03-19 14:26:00,3.1922,3.1982,3.1872,3.1962,3.1972,3.2032,3.1922,3.2012,141
2026-03-19 14:27:00,3.1972,3.2082,3.1937,3.2082,3.2022,3.2132,3.1987,3.2132,153
2026-03-19 14:28:00,3.2072,3.2187,3.2052,3.2152,3.2122,3.2237,3.2102,3.2202,157
2026-03-19 14:29:00,3.2157,3.2202,3.2077,3.2082,3.2207,3.2252,3.2127,3.2132,138
2026-03-19 14:30:00,3.2092,3.2242,3.2092,3.2172,3.2142,3.2292,3.2142,3.2222,106
2026-03-19 14:31:00,3.2162,3.2377,3.2157,3.2332,3.2212,3.2427,3.2207,3.2382,168
2026-03-19 14:32:00,3.2337,3.2367,3.2252,3.2317,3.2387,3.2417,3.2302,3.2367,138
2026-03-19 14:33:00,3.2312,3.2312,3.2202,3.2302,3.2362,3.2362,3.2252,3.2352,107
2026-03-19 14:34:00,3.2312,3.2322,3.2182,3.2302,3.2362,3.2372,3.2232,3.2352,141
2026-03-19 14:35:00,3.2307,3.2362,3.2222,3.2222,3.2357,3.2412,3.2272,3.2272,145
2026-03-19 14:36:00,3.2227,3.2242,3.2042,3.2062,3.2277,3.2292,3.2092,3.2112,145
2026-03-19 14:37:00,3.2052,3.2122,3.2002,3.2102,3.2102,3.2172,3.2052,3.2152,129
2026-03-19 14:38:00,3.2112,3.2112,3.1987,3.2012,3.2162,3.2162,3.2037,3.2062,126
2026-03-19 14:39:00,3.2007,3.2062,3.2007,3.2057,3.2057,3.2112,3.2057,3.2107,98
2026-03-19 14:40:00,3.2047,3.2112,3.2007,3.2092,3.2097,3.2162,3.2057,3.2142,92
2026-03-19 14:41:00,3.2097,3.2102,3.1992,3.2042,3.2147,3.2152,3.2042,3.2092,105
2026-03-19 14:42:00,3.2032,3.2052,3.1892,3.1932,3.2082,3.2102,3.1942,3.1982,129
2026-03-19 14:43:00,3.1937,3.2012,3.1932,3.1987,3.1987,3.2062,3.1982,3.2037,77
2026-03-19 14:44:00,3.1997,3.2072,3.1982,3.2032,3.2047,3.2122,3.2032,3.2082,120
2026-03-19 14:45:00,3.2037,3.2042,3.1972,3.2042,3.2087,3.2092,3.2022,3.2092,86
2026-03-19 14:46:00,3.2037,3.2072,3.1992,3.2022,3.2087,3.2122,3.2042,3.2072,70
2026-03-19 14:47:00,3.2017,3.2062,3.1992,3.2057,3.2067,3.2112,3.2042,3.2107,59
2026-03-19 14:48:00,3.2062,3.2072,3.1992,3.2022,3.2112,3.2122,3.2042,3.2072,97
2026-03-19 14:49:00,3.2017,3.2062,3.2002,3.2062,3.2067,3.2112,3.2052,3.2112,63
2026-03-19 14:50:00,3.2057,3.2057,3.1852,3.1862,3.2107,3.2107,3.1902,3.1912,145
2026-03-19 14:51:00,3.1857,3.1892,3.1792,3.1872,3.1907,3.1942,3.1842,3.1922,128
2026-03-19 14:52:00,3.1877,3.2007,3.1877,3.1982,3.1927,3.2057,3.1927,3.2032,83
2026-03-19 14:53:00,3.1992,3.2027,3.1957,3.2007,3.2042,3.2077,3.2007,3.2057,76
2026-03-19 14:54:00,3.2012,3.2092,3.2002,3.2072,3.2062,3.2142,3.2052,3.2122,71
2026-03-19 14:55:00,3.2067,3.2067,3.1982,3.2057,3.2117,3.2117,3.2032,3.2107,84
2026-03-19 14:56:00,3.2062,3.2082,3.2032,3.2057,3.2112,3.2132,3.2082,3.2107,59
2026-03-19 14:57:00,3.2052,3.2052,3.1972,3.2022,3.2102,3.2102,3.2022,3.2072,60
2026-03-19 14:58:00,3.2017,3.2072,3.2012,3.2042,3.2067,3.2122,3.2062,3.2092,51
2026-03-19 14:59:00,3.2047,3.2072,3.2002,3.2012,3.2097,3.2122,3.2052,3.2062,60
2026-03-19 15:00:00,3.2007,3.2067,3.1972,3.2042,3.2057,3.2117,3.2022,3.2092,97
2026-03-19 15:01:00,3.2047,3.2132,3.2042,3.2102,3.2097,3.2182,3.2092,3.2152,78
2026-03-19 15:02:00,3.2107,3.2142,3.2082,3.2137,3.2157,3.2192,3.2132,3.2187,75
2026-03-19 15:03:00,3.2132,3.2142,3.2102,3.2122,3.2182,3.2192,3.2152,3.2172,46
2026-03-19 15:04:00,3.2117,3.2147,3.2062,3.2097,3.2167,3.2197,3.2112,3.2147,62
2026-03-19 15:05:00,3.2102,3.2152,3.2102,3.2152,3.2152,3.2202,3.2152,3.2202,47
2026-03-19 15:06:00,3.2142,3.2242,3.2142,3.2232,3.2192,3.2292,3.2192,3.2282,98
2026-03-19 15:07:00,3.2237,3.2262,3.2222,3.2247,3.2287,3.2312,3.2272,3.2297,59
2026-03-19 15:08:00,3.2242,3.2242,3.2192,3.2212,3.2292,3.2292,3.2242,3.2262,62
2026-03-19 15:09:00,3.2222,3.2242,3.2192,3.2192,3.2272,3.2292,3.2242,3.2242,43
2026-03-19 15:10:00,3.2202,3.2227,3.2162,3.2167,3.2252,3.2277,3.2212,3.2217,65
2026-03-19 15:11:00,3.2177,3.2177,3.2012,3.2047,3.2227,3.2227,3.2062,3.2097,118
2026-03-19 15:12:00,3.2052,3.2127,3.2052,3.2087,3.2102,3.2177,3.2102,3.2137,62
2026-03-19 15:13:00,3.2097,3.2117,3.2022,3.2037,3.2147,3.2167,3.2072,3.2087,74
2026-03-19 15:14:00,3.2042,3.2072,3.2032,3.2052,3.2092,3.2122,3.2082,3.2102,76
2026-03-19 15:15:00,3.2057,3.2067,3.1982,3.2007,3.2107,3.2117,3.2032,3.2057,89
2026-03-19 15:16:00,3.2012,3.2037,3.1927,3.1942,3.2062,3.2087,3.1977,3.1992,66
2026-03-19 15:17:00,3.1932,3.1947,3.1902,3.1922,3.1982,3.1997,3.1952,3.1972,58
2026-03-19 15:18:00,3.1912,3.1952,3.1862,3.1942,3.1962,3.2002,3.1912,3.1992,101
2026-03-19 15:19:00,3.1932,3.2052,3.1932,3.2047,3.1982,3.2102,3.1982,3.2097,72
2026-03-19 15:20:00,3.2042,3.2107,3.2022,3.2092,3.2092,3.2157,3.2072,3.2142,59
2026-03-19 15:21:00,3.2082,3.2162,3.2067,3.2162,3.2132,3.2212,3.2117,3.2212,64
2026-03-19 15:22:00,3.2157,3.2162,3.2072,3.2082,3.2207,3.2212,3.2122,3.2132,51
2026-03-19 15:23:00,3.2087,3.2132,3.2087,3.2102,3.2137,3.2182,3.2137,3.2152,51
2026-03-19 15:24:00,3.2107,3.2122,3.2082,3.2112,3.2157,3.2172,3.2132,3.2162,54
2026-03-19 15:25:00,3.2102,3.2152,3.2092,3.2132,3.2152,3.2202,3.2142,3.2182,45
2026-03-19 15:26:00,3.2142,3.2152,3.2102,3.2112,3.2192,3.2202,3.2152,3.2162,27
2026-03-19 15:27:00,3.2102,3.2152,3.2082,3.2137,3.2152,3.2202,3.2132,3.2187,38
2026-03-19 15:28:00,3.2147,3.2152,3.2072,3.2107,3.2197,3.2202,3.2122,3.2157,50
2026-03-19 15:29:00,3.2112,3.2132,3.2042,3.2072,3.2162,3.2182,3.2092,3.2122,60
2026-03-19 15:30:00,3.2062,3.2237,3.2042,3.2167,3.2112,3.2287,3.2092,3.2217,213
2026-03-19 15:31:00,3.2182,3.2292,3.2172,3.2262,3.2232,3.2342,3.2222,3.2312,123
2026-03-19 15:32:00,3.2272,3.2317,3.2217,3.2302,3.2322,3.2367,3.2267,3.2352,99
2026-03-19 15:33:00,3.2312,3.2317,3.2062,3.2107,3.2362,3.2367,3.2112,3.2157,109
2026-03-19 15:34:00,3.2112,3.2127,3.2027,3.2122,3.2162,3.2177,3.2077,3.2172,93
2026-03-19 15:35:00,3.2132,3.2172,3.2107,3.2157,3.2182,3.2222,3.2157,3.2207,62
2026-03-19 15:36:00,3.2147,3.2167,3.2117,3.2117,3.2197,3.2217,3.2167,3.2167,70
2026-03-19 15:37:00,3.2107,3.2107,3.1957,3.1977,3.2157,3.2157,3.2007,3.2027,100
2026-03-19 15:38:00,3.1982,3.2017,3.1967,3.2002,3.2032,3.2067,3.2017,3.2052,90
2026-03-19 15:39:00,3.2007,3.2032,3.1952,3.1952,3.2057,3.2082,3.2002,3.2002,69
2026-03-19 15:40:00,3.1957,3.1972,3.1912,3.1927,3.2007,3.2022,3.1962,3.1977,61
2026-03-19 15:41:00,3.1917,3.1917,3.1712,3.1722,3.1967,3.1967,3.1762,3.1772,146
2026-03-19 15:42:00,3.1727,3.1772,3.1722,3.1742,3.1777,3.1822,3.1772,3.1792,100
2026-03-19 15:43:00,3.1747,3.1747,3.1652,3.1677,3.1797,3.1797,3.1702,3.1727,92
2026-03-19 15:44:00,3.1672,3.1712,3.1627,3.1672,3.1722,3.1762,3.1677,3.1722,73
2026-03-19 15:45:00,3.1677,3.1772,3.1662,3.1692,3.1727,3.1822,3.1712,3.1742,103
2026-03-19 15:46:00,3.1697,3.1712,3.1562,3.1612,3.1747,3.1762,3.1612,3.1662,93
2026-03-19 15:47:00,3.1607,3.1662,3.1592,3.1602,3.1657,3.1712,3.1642,3.1652,88
2026-03-19 15:48:00,3.1597,3.1602,3.1492,3.1532,3.1647,3.1652,3.1542,3.1582,96
2026-03-19 15:49:00,3.1522,3.1577,3.1492,3.1577,3.1572,3.1627,3.1542,3.1627,64
2026-03-19 15:50:00,3.1562,3.1632,3.1512,3.1622,3.1612,3.1682,3.1562,3.1672,100
2026-03-19 15:51:00,3.1617,3.1712,3.1612,3.1697,3.1667,3.1762,3.1662,3.1747,62
2026-03-19 15:52:00,3.1702,3.1772,3.1697,3.1732,3.1752,3.1822,3.1747,3.1782,59
2026-03-19 15:53:00,3.1722,3.1737,3.1612,3.1637,3.1772,3.1787,3.1662,3.1687,79
2026-03-19 15:54:00,3.1642,3.1697,3.1627,3.1667,3.1692,3.1747,3.1677,3.1717,67
2026-03-19 15:55:00,3.1672,3.1682,3.1612,3.1682,3.1722,3.1732,3.1662,3.1732,56
2026-03-19 15:56:00,3.1692,3.1712,3.1622,3.1682,3.1742,3.1762,3.1672,3.1732,62
2026-03-19 15:57:00,3.1677,3.1762,3.1662,3.1747,3.1727,3.1812,3.1712,3.1797,58
2026-03-19 15:58:00,3.1752,3.1762,3.1682,3.1727,3.1802,3.1812,3.1732,3.1777,50
2026-03-19 15:59:00,3.1722,3.1722,3.1632,3.1687,3.1772,3.1772,3.1682,3.1737,74
2026-03-19 16:00:00,3.1697,3.1802,3.1687,3.1787,3.1747,3.1852,3.1737,3.1837,47
2026-03-19 16:01:00,3.1797,3.1812,3.1722,3.1742,3.1847,3.1862,3.1772,3.1792,60
2026-03-19 16:02:00,3.1747,3.1752,3.1692,3.1732,3.1797,3.1802,3.1742,3.1782,47
2026-03-19 16:03:00,3.1737,3.1747,3.1712,3.1722,3.1787,3.1797,3.1762,3.1772,31
2026-03-19 16:04:00,3.1727,3.1772,3.1702,3.1712,3.1777,3.1822,3.1752,3.1762,56
2026-03-19 16:05:00,3.1727,3.1752,3.1672,3.1672,3.1777,3.1802,3.1722,3.1722,76
2026-03-19 16:06:00,3.1662,3.1682,3.1632,3.1667,3.1712,3.1732,3.1682,3.1717,86
2026-03-19 16:07:00,3.1662,3.1712,3.1637,3.1662,3.1712,3.1762,3.1687,3.1712,54
2026-03-19 16:08:00,3.1667,3.1797,3.1667,3.1787,3.1717,3.1847,3.1717,3.1837,60
2026-03-19 16:09:00,3.1792,3.1822,3.1712,3.1762,3.1842,3.1872,3.1762,3.1812,89
2026-03-19 16:10:00,3.1767,3.1882,3.1767,3.1867,3.1817,3.1932,3.1817,3.1917,52
2026-03-19 16:11:00,3.1857,3.1887,3.1832,3.1862,3.1907,3.1937,3.1882,3.1912,42
2026-03-19 16:12:00,3.1867,3.1892,3.1812,3.1812,3.1917,3.1942,3.1862,3.1862,25
2026-03-19 16:13:00,3.1822,3.1847,3.1772,3.1802,3.1872,3.1897,3.1822,3.1852,52
2026-03-19 16:14:00,3.1797,3.1797,3.1742,3.1742,3.1847,3.1847,3.1792,3.1792,41
2026-03-19 16:15:00,3.1747,3.1922,3.1747,3.1912,3.1797,3.1972,3.1797,3.1962,67
2026-03-19 16:16:00,3.1917,3.1957,3.1892,3.1957,3.1967,3.2007,3.1942,3.2007,50
2026-03-19 16:17:00,3.1972,3.1992,3.1962,3.1987,3.2022,3.2042,3.2012,3.2037,49
2026-03-19 16:18:00,3.1992,3.2012,3.1952,3.1977,3.2042,3.2062,3.2002,3.2027,53
2026-03-19 16:19:00,3.1982,3.2082,3.1982,3.2082,3.2032,3.2132,3.2032,3.2132,54
2026-03-19 16:20:00,3.2072,3.2122,3.2042,3.2092,3.2122,3.2172,3.2092,3.2142,53
2026-03-19 16:21:00,3.2097,3.2102,3.2062,3.2067,3.2147,3.2152,3.2112,3.2117,50
2026-03-19 16:22:00,3.2082,3.2102,3.2022,3.2032,3.2132,3.2152,3.2072,3.2082,50
2026-03-19 16:23:00,3.2037,3.2082,3.1997,3.2067,3.2087,3.2132,3.2047,3.2117,54
2026-03-19 16:24:00,3.2062,3.2102,3.2032,3.2032,3.2112,3.2152,3.2082,3.2082,53
2026-03-19 16:25:00,3.2037,3.2062,3.2012,3.2027,3.2087,3.2112,3.2062,3.2077,46
2026-03-19 16:26:00,3.2037,3.2142,3.2037,3.2132,3.2087,3.2192,3.2087,3.2182,65
2026-03-19 16:27:00,3.2127,3.2132,3.2087,3.2102,3.2177,3.2182,3.2137,3.2152,50
2026-03-19 16:28:00,3.2097,3.2112,3.2052,3.2102,3.2147,3.2162,3.2102,3.2152,51
2026-03-19 16:29:00,3.2107,3.2117,3.2027,3.2027,3.2157,3.2167,3.2077,3.2077,61
2026-03-19 16:30:00,3.2037,3.2037,3.1922,3.2012,3.2087,3.2087,3.1972,3.2062,82
2026-03-19 16:31:00,3.2002,3.2032,3.1982,3.2027,3.2052,3.2082,3.2032,3.2077,40
2026-03-19 16:32:00,3.2022,3.2032,3.1917,3.1922,3.2072,3.2082,3.1967,3.1972,78
2026-03-19 16:33:00,3.1917,3.2002,3.1882,3.1982,3.1967,3.2052,3.1932,3.2032,57
2026-03-19 16:34:00,3.1977,3.2012,3.1952,3.1992,3.2027,3.2062,3.2002,3.2042,49
2026-03-19 16:35:00,3.1982,3.2002,3.1962,3.1992,3.2032,3.2052,3.2012,3.2042,43
2026-03-19 16:36:00,3.1987,3.2037,3.1962,3.2012,3.2037,3.2087,3.2012,3.2062,56
2026-03-19 16:37:00,3.2017,3.2032,3.2002,3.2022,3.2067,3.2082,3.2052,3.2072,28
2026-03-19 16:38:00,3.2012,3.2022,3.1952,3.1952,3.2062,3.2072,3.2002,3.2002,50
2026-03-19 16:39:00,3.1962,3.1967,3.1912,3.1957,3.2012,3.2017,3.1962,3.2007,58
2026-03-19 16:40:00,3.1952,3.1977,3.1927,3.1942,3.2002,3.2027,3.1977,3.1992,35
2026-03-19 16:41:00,3.1947,3.1947,3.1917,3.1922,3.1997,3.1997,3.1967,3.1972,34
2026-03-19 16:42:00,3.1927,3.1977,3.1917,3.1962,3.1977,3.2027,3.1967,3.2012,60
2026-03-19 16:43:00,3.1952,3.2012,3.1867,3.1922,3.2002,3.2062,3.1917,3.1972,115
2026-03-19 16:44:00,3.1927,3.2012,3.1912,3.1992,3.1977,3.2062,3.1962,3.2042,118
2026-03-19 16:45:00,3.2007,3.2012,3.1937,3.1942,3.2057,3.2062,3.1987,3.1992,97
2026-03-19 16:46:00,3.1932,3.1982,3.1912,3.1932,3.1982,3.2032,3.1962,3.1982,92
2026-03-19 16:47:00,3.1942,3.1992,3.1872,3.1957,3.1992,3.2042,3.1922,3.2007,81
2026-03-19 16:48:00,3.1967,3.1967,3.1822,3.1827,3.2017,3.2017,3.1872,3.1877,104
2026-03-19 16:49:00,3.1832,3.1857,3.1812,3.1852,3.1882,3.1907,3.1862,3.1902,83
2026-03-19 16:50:00,3.1847,3.1927,3.1847,3.1892,3.1897,3.1977,3.1897,3.1942,104
2026-03-19 16:51:00,3.1882,3.1977,3.1862,3.1957,3.1932,3.2027,3.1912,3.2007,64
2026-03-19 16:52:00,3.1967,3.1972,3.1852,3.1857,3.2017,3.2022,3.1902,3.1907,51
2026-03-19 16:53:00,3.1862,3.1872,3.1732,3.1802,3.1912,3.1922,3.1782,3.1852,104
2026-03-19 16:54:00,3.1797,3.1832,3.1742,3.1807,3.1847,3.1882,3.1792,3.1857,65
2026-03-19 16:55:00,3.1802,3.1847,3.1762,3.1777,3.1852,3.1897,3.1812,3.1827,80
2026-03-19 16:56:00,3.1772,3.1807,3.1732,3.1807,3.1822,3.1857,3.1782,3.1857,94
2026-03-19 16:57:00,3.1812,3.1842,3.1772,3.1807,3.1862,3.1892,3.1822,3.1857,63
2026-03-19 16:58:00,3.1812,3.1877,3.1802,3.1817,3.1862,3.1927,3.1852,3.1867,61
2026-03-19 16:59:00,3.1807,3.1822,3.1662,3.1737,3.1857,3.1872,3.1712,3.1787,117
2026-03-19 17:00:00,3.1747,3.1772,3.1687,3.1687,3.1797,3.1822,3.1737,3.1737,68
2026-03-19 17:01:00,3.1682,3.1762,3.1682,3.1692,3.1732,3.1812,3.1732,3.1742,83
2026-03-19 17:02:00,3.1687,3.1697,3.1532,3.1547,3.1737,3.1747,3.1582,3.1597,106
2026-03-19 17:03:00,3.1542,3.1572,3.1442,3.1452,3.1592,3.1622,3.1492,3.1502,112
2026-03-19 17:04:00,3.1447,3.1492,3.1432,3.1477,3.1497,3.1542,3.1482,3.1527,73
2026-03-19 17:05:00,3.1482,3.1507,3.1427,3.1452,3.1532,3.1557,3.1477,3.1502,67
2026-03-19 17:06:00,3.1447,3.1562,3.1432,3.1557,3.1497,3.1612,3.1482,3.1607,52
2026-03-19 17:07:00,3.1552,3.1552,3.1502,3.1502,3.1602,3.1602,3.1552,3.1552,30
2026-03-19 17:08:00,3.1497,3.1552,3.1482,3.1522,3.1547,3.1602,3.1532,3.1572,61
2026-03-19 17:09:00,3.1527,3.1552,3.1492,3.1497,3.1577,3.1602,3.1542,3.1547,39
2026-03-19 17:10:00,3.1502,3.1542,3.1497,3.1517,3.1552,3.1592,3.1547,3.1567,46
2026-03-19 17:11:00,3.1522,3.1557,3.1432,3.1437,3.1572,3.1607,3.1482,3.1487,74
2026-03-19 17:12:00,3.1432,3.1442,3.1382,3.1382,3.1482,3.1492,3.1432,3.1432,41
2026-03-19 17:13:00,3.1377,3.1442,3.1367,3.1422,3.1427,3.1492,3.1417,3.1472,42
2026-03-19 17:14:00,3.1432,3.1442,3.1357,3.1357,3.1482,3.1492,3.1407,3.1407,49
2026-03-19 17:15:00,3.1362,3.1397,3.1352,3.1367,3.1412,3.1447,3.1402,3.1417,50
2026-03-19 17:16:00,3.1357,3.1442,3.1352,3.1427,3.1407,3.1492,3.1402,3.1477,39
2026-03-19 17:17:00,3.1422,3.1447,3.1407,3.1422,3.1472,3.1497,3.1457,3.1472,57
2026-03-19 17:18:00,3.1412,3.1522,3.1392,3.1512,3.1462,3.1572,3.1442,3.1562,66
2026-03-19 17:19:00,3.1507,3.1517,3.1427,3.1442,3.1557,3.1567,3.1477,3.1492,62
2026-03-19 17:20:00,3.1437,3.1472,3.1402,3.1427,3.1487,3.1522,3.1452,3.1477,60
2026-03-19 17:21:00,3.1432,3.1447,3.1362,3.1432,3.1482,3.1497,3.1412,3.1482,80
2026-03-19 17:22:00,3.1437,3.1472,3.1432,3.1432,3.1487,3.1522,3.1482,3.1482,34
2026-03-19 17:23:00,3.1427,3.1462,3.1397,3.1422,3.1477,3.1512,3.1447,3.1472,47
2026-03-19 17:24:00,3.1427,3.1452,3.1412,3.1412,3.1477,3.1502,3.1462,3.1462,44
2026-03-19 17:25:00,3.1407,3.1412,3.1352,3.1362,3.1457,3.1462,3.1402,3.1412,54
2026-03-19 17:26:00,3.1357,3.1357,3.1207,3.1237,3.1407,3.1407,3.1257,3.1287,75
2026-03-19 17:27:00,3.1232,3.1232,3.1117,3.1127,3.1282,3.1282,3.1167,3.1177,76
2026-03-19 17:28:00,3.1112,3.1162,3.1092,3.1092,3.1162,3.1212,3.1142,3.1142,78
2026-03-19 17:29:00,3.1082,3.1107,3.0997,3.1032,3.1132,3.1157,3.1047,3.1082,88
2026-03-19 17:30:00,3.1027,3.1087,3.0992,3.1087,3.1077,3.1137,3.1042,3.1137,84
2026-03-19 17:31:00,3.1097,3.1157,3.1082,3.1107,3.1147,3.1207,3.1132,3.1157,82
2026-03-19 17:32:00,3.1122,3.1152,3.1102,3.1142,3.1172,3.1202,3.1152,3.1192,72
2026-03-19 17:33:00,3.1137,3.1142,3.1057,3.1112,3.1187,3.1192,3.1107,3.1162,54
2026-03-19 17:34:00,3.1107,3.1122,3.1072,3.1092,3.1157,3.1172,3.1122,3.1142,48
2026-03-19 17:35:00,3.1087,3.1107,3.1062,3.1092,3.1137,3.1157,3.1112,3.1142,32
2026-03-19 17:36:00,3.1082,3.1107,3.1062,3.1107,3.1132,3.1157,3.1112,3.1157,28
2026-03-19 17:37:00,3.1112,3.1122,3.1032,3.1082,3.1162,3.1172,3.1082,3.1132,47
2026-03-19 17:38:00,3.1077,3.1152,3.1077,3.1122,3.1127,3.1202,3.1127,3.1172,62
2026-03-19 17:39:00,3.1117,3.1132,3.1097,3.1097,3.1167,3.1182,3.1147,3.1147,28
2026-03-19 17:40:00,3.1092,3.1112,3.1072,3.1082,3.1142,3.1162,3.1122,3.1132,34
2026-03-19 17:41:00,3.1072,3.1107,3.1032,3.1097,3.1122,3.1157,3.1082,3.1147,47
2026-03-19 17:42:00,3.1102,3.1102,3.1037,3.1042,3.1152,3.1152,3.1087,3.1092,39
2026-03-19 17:43:00,3.1047,3.1092,3.1037,3.1082,3.1097,3.1142,3.1087,3.1132,40
2026-03-19 17:44:00,3.1077,3.1087,3.1037,3.1062,3.1127,3.1137,3.1087,3.1112,39
2026-03-19 17:45:00,3.1057,3.1112,3.1032,3.1087,3.1107,3.1162,3.1082,3.1137,51
2026-03-19 17:46:00,3.1092,3.1112,3.1042,3.1112,3.1142,3.1162,3.1092,3.1162,51
2026-03-19 17:47:00,3.1107,3.1142,3.1067,3.1072,3.1157,3.1192,3.1117,3.1122,41
2026-03-19 17:48:00,3.1082,3.1112,3.1062,3.1062,3.1132,3.1162,3.1112,3.1112,32
2026-03-19 17:49:00,3.1067,3.1072,3.1022,3.1047,3.1117,3.1122,3.1072,3.1097,47
2026-03-19 17:50:00,3.1052,3.1062,3.1022,3.1062,3.1102,3.1112,3.1072,3.1112,48
2026-03-19 17:51:00,3.1067,3.1122,3.1067,3.1102,3.1117,3.1172,3.1117,3.1152,22
2026-03-19 17:52:00,3.1097,3.1107,3.1082,3.1082,3.1147,3.1157,3.1132,3.1132,23
2026-03-19 17:53:00,3.1087,3.1202,3.1087,3.1157,3.1137,3.1252,3.1137,3.1207,68
2026-03-19 17:54:00,3.1152,3.1162,3.1102,3.1102,3.1202,3.1212,3.1152,3.1152,51
2026-03-19 17:55:00,3.1097,3.1107,3.1012,3.1017,3.1147,3.1157,3.1062,3.1067,66
2026-03-19 17:56:00,3.1022,3.1132,3.1022,3.1127,3.1072,3.1182,3.1072,3.1177,39
2026-03-19 17:57:00,3.1122,3.1182,3.1122,3.1152,3.1172,3.1232,3.1172,3.1202,46
2026-03-19 17:58:00,3.1157,3.1232,3.1157,3.1232,3.1207,3.1282,3.1207,3.1282,42
2026-03-19 17:59:00,3.1242,3.1282,3.1237,3.1262,3.1292,3.1332,3.1287,3.1312,43
2026-03-19 18:00:00,3.1267,3.1332,3.1262,3.1317,3.1317,3.1382,3.1312,3.1367,55
2026-03-19 18:01:00,3.1312,3.1317,3.1232,3.1237,3.1362,3.1367,3.1282,3.1287,34
2026-03-19 18:02:00,3.1222,3.1242,3.1152,3.1157,3.1272,3.1292,3.1202,3.1207,39
2026-03-19 18:03:00,3.1162,3.1162,3.1087,3.1112,3.1212,3.1212,3.1137,3.1162,35
2026-03-19 18:04:00,3.1107,3.1142,3.1102,3.1142,3.1157,3.1192,3.1152,3.1192,36
2026-03-19 18:05:00,3.1152,3.1172,3.1142,3.1162,3.1202,3.1222,3.1192,3.1212,27
2026-03-19 18:06:00,3.1152,3.1172,3.1102,3.1142,3.1202,3.1222,3.1152,3.1192,30
2026-03-19 18:07:00,3.1137,3.1202,3.1117,3.1192,3.1187,3.1252,3.1167,3.1242,39
2026-03-19 18:08:00,3.1202,3.1272,3.1187,3.1262,3.1252,3.1322,3.1237,3.1312,47
2026-03-19 18:09:00,3.1252,3.1252,3.1217,3.1232,3.1302,3.1302,3.1267,3.1282,36
2026-03-19 18:10:00,3.1227,3.1262,3.1207,3.1257,3.1277,3.1312,3.1257,3.1307,31
2026-03-19 18:11:00,3.1252,3.1267,3.1232,3.1242,3.1302,3.1317,3.1282,3.1292,37
2026-03-19 18:12:00,3.1247,3.1252,3.1212,3.1217,3.1297,3.1302,3.1262,3.1267,31
2026-03-19 18:13:00,3.1212,3.1222,3.1172,3.1172,3.1262,3.1272,3.1222,3.1222,22
2026-03-19 18:14:00,3.1177,3.1242,3.1177,3.1227,3.1227,3.1292,3.1227,3.1277,42
2026-03-19 18:15:00,3.1222,3.1232,3.1187,3.1192,3.1272,3.1282,3.1237,3.1242,28
2026-03-19 18:16:00,3.1187,3.1222,3.1182,3.1207,3.1237,3.1272,3.1232,3.1257,32
2026-03-19 18:17:00,3.1197,3.1222,3.1192,3.1222,3.1247,3.1272,3.1242,3.1272,27
2026-03-19 18:18:00,3.1217,3.1272,3.1192,3.1262,3.1267,3.1322,3.1242,3.1312,26
2026-03-19 18:19:00,3.1257,3.1287,3.1202,3.1212,3.1307,3.1337,3.1252,3.1262,33
2026-03-19 18:20:00,3.1217,3.1262,3.1217,3.1227,3.1267,3.1312,3.1267,3.1277,20
2026-03-19 18:21:00,3.1222,3.1232,3.1212,3.1222,3.1272,3.1282,3.1262,3.1272,22
2026-03-19 18:22:00,3.1217,3.1252,3.1212,3.1242,3.1267,3.1302,3.1262,3.1292,49
2026-03-19 18:23:00,3.1232,3.1247,3.1162,3.1182,3.1282,3.1297,3.1212,3.1232,79
2026-03-19 18:24:00,3.1177,3.1187,3.1082,3.1102,3.1227,3.1237,3.1132,3.1152,54
2026-03-19 18:25:00,3.1107,3.1127,3.1092,3.1122,3.1157,3.1177,3.1142,3.1172,43
2026-03-19 18:26:00,3.1112,3.1152,3.1112,3.1127,3.1162,3.1202,3.1162,3.1177,45
2026-03-19 18:27:00,3.1132,3.1222,3.1132,3.1217,3.1182,3.1272,3.1182,3.1267,43
2026-03-19 18:28:00,3.1212,3.1312,3.1212,3.1277,3.1262,3.1362,3.1262,3.1327,60
2026-03-19 18:29:00,3.1282,3.1292,3.1222,3.1232,3.1332,3.1342,3.1272,3.1282,41
2026-03-19 18:30:00,3.1227,3.1317,3.1212,3.1292,3.1277,3.1367,3.1262,3.1342,47
2026-03-19 18:31:00,3.1282,3.1382,3.1277,3.1372,3.1332,3.1432,3.1327,3.1422,55
2026-03-19 18:32:00,3.1367,3.1387,3.1342,3.1342,3.1417,3.1437,3.1392,3.1392,40
2026-03-19 18:33:00,3.1332,3.1362,3.1317,3.1322,3.1382,3.1412,3.1367,3.1372,31
2026-03-19 18:34:00,3.1332,3.1362,3.1322,3.1342,3.1382,3.1412,3.1372,3.1392,25
2026-03-19 18:35:00,3.1332,3.1387,3.1327,3.1387,3.1382,3.1437,3.1377,3.1437,28
2026-03-19 18:36:00,3.1392,3.1427,3.1392,3.1427,3.1442,3.1477,3.1442,3.1477,46
2026-03-19 18:37:00,3.1422,3.1447,3.1402,3.1402,3.1472,3.1497,3.1452,3.1452,26
2026-03-19 18:38:00,3.1397,3.1402,3.1342,3.1342,3.1447,3.1452,3.1392,3.1392,32
2026-03-19 18:39:00,3.1337,3.1347,3.1312,3.1342,3.1387,3.1397,3.1362,3.1392,46
2026-03-19 18:40:00,3.1337,3.1397,3.1337,3.1382,3.1387,3.1447,3.1387,3.1432,37
2026-03-19 18:41:00,3.1372,3.1412,3.1372,3.1382,3.1422,3.1462,3.1422,3.1432,39
2026-03-19 18:42:00,3.1387,3.1402,3.1362,3.1372,3.1437,3.1452,3.1412,3.1422,19
2026-03-19 18:43:00,3.1367,3.1402,3.1367,3.1402,3.1417,3.1452,3.1417,3.1452,20
2026-03-19 18:44:00,3.1397,3.1397,3.1362,3.1362,3.1447,3.1447,3.1412,3.1412,21
2026-03-19 18:45:00,3.1352,3.1387,3.1352,3.1362,3.1402,3.1437,3.1402,3.1412,35
2026-03-19 18:46:00,3.1352,3.1372,3.1322,3.1357,3.1402,3.1422,3.1372,3.1407,45
2026-03-19 18:47:00,3.1362,3.1377,3.1352,3.1357,3.1412,3.1427,3.1402,3.1407,21
2026-03-19 18:48:00,3.1352,3.1392,3.1352,3.1362,3.1402,3.1442,3.1402,3.1412,19
2026-03-19 18:49:00,3.1372,3.1382,3.1352,3.1352,3.1422,3.1432,3.1402,3.1402,26
2026-03-19 18:50:00,3.1347,3.1352,3.1282,3.1302,3.1397,3.1402,3.1332,3.1352,39
2026-03-19 18:51:00,3.1312,3.1332,3.1302,3.1307,3.1362,3.1382,3.1352,3.1357,22
2026-03-19 18:52:00,3.1302,3.1372,3.1302,3.1372,3.1352,3.1422,3.1352,3.1422,29
2026-03-19 18:53:00,3.1362,3.1392,3.1362,3.1367,3.1412,3.1442,3.1412,3.1417,21
2026-03-19 18:54:00,3.1362,3.1382,3.1352,3.1367,3.1412,3.1432,3.1402,3.1417,28
2026-03-19 18:55:00,3.1362,3.1387,3.1362,3.1372,3.1412,3.1437,3.1412,3.1422,27
2026-03-19 18:56:00,3.1362,3.1362,3.1332,3.1332,3.1412,3.1412,3.1382,3.1382,28
2026-03-19 18:57:00,3.1342,3.1342,3.1322,3.1322,3.1392,3.1392,3.1372,3.1372,12
2026-03-19 18:58:00,3.1327,3.1347,3.1317,3.1332,3.1377,3.1397,3.1367,3.1382,25
2026-03-19 18:59:00,3.1337,3.1337,3.1317,3.1332,3.1387,3.1387,3.1367,3.1382,16
2026-03-19 19:00:00,3.1337,3.1432,3.1332,3.1417,3.1387,3.1482,3.1382,3.1467,54
2026-03-19 19:01:00,3.1422,3.1472,3.1412,3.1457,3.1472,3.1522,3.1462,3.1507,41
2026-03-19 19:02:00,3.1452,3.1452,3.1392,3.1402,3.1502,3.1502,3.1442,3.1452,45
2026-03-19 19:03:00,3.1412,3.1452,3.1402,3.1447,3.1462,3.1502,3.1452,3.1497,26
2026-03-19 19:04:00,3.1452,3.1542,3.1437,3.1502,3.1502,3.1592,3.1487,3.1552,70
2026-03-19 19:05:00,3.1507,3.1507,3.1287,3.1302,3.1557,3.1557,3.1337,3.1352,100
2026-03-19 19:06:00,3.1312,3.1412,3.1302,3.1387,3.1362,3.1462,3.1352,3.1437,78
2026-03-19 19:07:00,3.1392,3.1402,3.1362,3.1372,3.1442,3.1452,3.1412,3.1422,27
2026-03-19 19:08:00,3.1377,3.1377,3.1292,3.1312,3.1427,3.1427,3.1342,3.1362,39
2026-03-19 19:09:00,3.1317,3.1322,3.1282,3.1312,3.1367,3.1372,3.1332,3.1362,34
2026-03-19 19:10:00,3.1307,3.1307,3.1242,3.1272,3.1357,3.1357,3.1292,3.1322,36
2026-03-19 19:11:00,3.1277,3.1292,3.1232,3.1252,3.1327,3.1342,3.1282,3.1302,33
2026-03-19 19:12:00,3.1262,3.1272,3.1192,3.1197,3.1312,3.1322,3.1242,3.1247,34
2026-03-19 19:13:00,3.1192,3.1192,3.1072,3.1072,3.1242,3.1242,3.1122,3.1122,45
2026-03-19 19:14:00,3.1077,3.1147,3.1072,3.1147,3.1127,3.1197,3.1122,3.1197,60
2026-03-19 19:15:00,3.1152,3.1232,3.1142,3.1232,3.1202,3.1282,3.1192,3.1282,37
2026-03-19 19:16:00,3.1222,3.1237,3.1187,3.1237,3.1272,3.1287,3.1237,3.1287,28
2026-03-19 19:17:00,3.1242,3.1262,3.1217,3.1257,3.1292,3.1312,3.1267,3.1307,20
2026-03-19 19:18:00,3.1252,3.1252,3.1202,3.1212,3.1302,3.1302,3.1252,3.1262,23
2026-03-19 19:19:00,3.1207,3.1232,3.1172,3.1232,3.1257,3.1282,3.1222,3.1282,21
2026-03-19 19:20:00,3.1242,3.1342,3.1242,3.1332,3.1292,3.1392,3.1292,3.1382,36
2026-03-19 19:21:00,3.1327,3.1327,3.1282,3.1317,3.1377,3.1377,3.1332,3.1367,23
2026-03-19 19:22:00,3.1322,3.1342,3.1277,3.1277,3.1372,3.1392,3.1327,3.1327,19
2026-03-19 19:23:00,3.1272,3.1287,3.1267,3.1272,3.1322,3.1337,3.1317,3.1322,15
2026-03-19 19:24:00,3.1262,3.1292,3.1262,3.1282,3.1312,3.1342,3.1312,3.1332,25
2026-03-19 19:25:00,3.1292,3.1312,3.1252,3.1312,3.1342,3.1362,3.1302,3.1362,39
2026-03-19 19:26:00,3.1307,3.1312,3.1272,3.1297,3.1357,3.1362,3.1322,3.1347,29
2026-03-19 19:27:00,3.1302,3.1322,3.1272,3.1312,3.1352,3.1372,3.1322,3.1362,45
2026-03-19 19:28:00,3.1307,3.1342,3.1232,3.1282,3.1357,3.1392,3.1282,3.1332,172
2026-03-19 19:29:00,3.1277,3.1422,3.1272,3.1357,3.1327,3.1472,3.1322,3.1407,129
2026-03-19 19:30:00,3.1352,3.1362,3.1302,3.1312,3.1402,3.1412,3.1352,3.1362,52
2026-03-19 19:31:00,3.1322,3.1402,3.1307,3.1392,3.1372,3.1452,3.1357,3.1442,50
2026-03-19 19:32:00,3.1387,3.1432,3.1352,3.1412,3.1437,3.1482,3.1402,3.1462,31
2026-03-19 19:33:00,3.1407,3.1407,3.1362,3.1367,3.1457,3.1457,3.1412,3.1417,16
2026-03-19 19:34:00,3.1377,3.1387,3.1332,3.1332,3.1427,3.1437,3.1382,3.1382,19
2026-03-19 19:35:00,3.1342,3.1387,3.1342,3.1387,3.1392,3.1437,3.1392,3.1437,21
2026-03-19 19:36:00,3.1392,3.1397,3.1362,3.1367,3.1442,3.1447,3.1412,3.1417,14
2026-03-19 19:37:00,3.1372,3.1397,3.1352,3.1352,3.1422,3.1447,3.1402,3.1402,25
2026-03-19 19:38:00,3.1357,3.1362,3.1322,3.1322,3.1407,3.1412,3.1372,3.1372,12
2026-03-19 19:39:00,3.1332,3.1402,3.1332,3.1402,3.1382,3.1452,3.1382,3.1452,35
2026-03-19 19:40:00,3.1397,3.1402,3.1372,3.1387,3.1447,3.1452,3.1422,3.1437,15
2026-03-19 19:41:00,3.1392,3.1437,3.1392,3.1432,3.1442,3.1487,3.1442,3.1482,17
2026-03-19 19:42:00,3.1447,3.1482,3.1432,3.1472,3.1497,3.1532,3.1482,3.1522,31
2026-03-19 19:43:00,3.1477,3.1482,3.1462,3.1472,3.1527,3.1532,3.1512,3.1522,22
2026-03-19 19:44:00,3.1462,3.1552,3.1452,3.1537,3.1512,3.1602,3.1502,3.1587,57
2026-03-19 19:45:00,3.1532,3.1637,3.1527,3.1632,3.1582,3.1687,3.1577,3.1682,40
2026-03-19 19:46:00,3.1627,3.1632,3.1587,3.1587,3.1677,3.1682,3.1637,3.1637,27
2026-03-19 19:47:00,3.1582,3.1597,3.1522,3.1552,3.1632,3.1647,3.1572,3.1602,32
2026-03-19 19:48:00,3.1547,3.1582,3.1492,3.1532,3.1597,3.1632,3.1542,3.1582,54
2026-03-19 19:49:00,3.1522,3.1587,3.1512,3.1532,3.1572,3.1637,3.1562,3.1582,31
2026-03-19 19:50:00,3.1537,3.1587,3.1492,3.1562,3.1587,3.1637,3.1542,3.1612,39
2026-03-19 19:51:00,3.1567,3.1602,3.1532,3.1587,3.1617,3.1652,3.1582,3.1637,27
2026-03-19 19:52:00,3.1582,3.1602,3.1572,3.1592,3.1632,3.1652,3.1622,3.1642,19
2026-03-19 19:53:00,3.1597,3.1627,3.1577,3.1617,3.1647,3.1677,3.1627,3.1667,28
2026-03-19 19:54:00,3.1612,3.1612,3.1562,3.1562,3.1662,3.1662,3.1612,3.1612,13
2026-03-19 19:55:00,3.1567,3.1567,3.1502,3.1502,3.1617,3.1617,3.1552,3.1552,23
2026-03-19 19:56:00,3.1497,3.1517,3.1417,3.1422,3.1547,3.1567,3.1467,3.1472,54
2026-03-19 19:57:00,3.1432,3.1492,3.1432,3.1452,3.1482,3.1542,3.1482,3.1502,33
2026-03-19 19:58:00,3.1442,3.1472,3.1437,3.1467,3.1492,3.1522,3.1487,3.1517,15
2026-03-19 19:59:00,3.1462,3.1472,3.1447,3.1462,3.1512,3.1522,3.1497,3.1512,26
2026-03-19 20:00:00,3.1452,3.1457,3.1417,3.1417,3.1502,3.1507,3.1467,3.1467,30
2026-03-19 20:01:00,3.1422,3.1442,3.1377,3.1382,3.1472,3.1492,3.1427,3.1432,30
2026-03-19 20:02:00,3.1387,3.1407,3.1327,3.1327,3.1437,3.1457,3.1377,3.1377,47
2026-03-19 20:03:00,3.1322,3.1332,3.1227,3.1232,3.1372,3.1382,3.1277,3.1282,82
2026-03-19 20:04:00,3.1237,3.1242,3.1112,3.1152,3.1287,3.1292,3.1162,3.1202,96
2026-03-19 20:05:00,3.1132,3.1147,3.1052,3.1087,3.1182,3.1197,3.1102,3.1137,115
2026-03-19 20:06:00,3.1082,3.1102,3.0992,3.1052,3.1132,3.1152,3.1042,3.1102,95
2026-03-19 20:07:00,3.1057,3.1152,3.1057,3.1127,3.1107,3.1202,3.1107,3.1177,63
2026-03-19 20:08:00,3.1122,3.1132,3.0892,3.0942,3.1172,3.1182,3.0942,3.0992,186
2026-03-19 20:09:00,3.0947,3.0962,3.0802,3.0867,3.0997,3.1012,3.0852,3.0917,171
2026-03-19 20:10:00,3.0872,3.0902,3.0742,3.0752,3.0922,3.0952,3.0792,3.0802,132
2026-03-19 20:11:00,3.0757,3.0787,3.0702,3.0737,3.0807,3.0837,3.0752,3.0787,102
2026-03-19 20:12:00,3.0742,3.0887,3.0712,3.0802,3.0792,3.0937,3.0762,3.0852,136
2026-03-19 20:13:00,3.0792,3.0902,3.0772,3.0887,3.0842,3.0952,3.0822,3.0937,104
2026-03-19 20:14:00,3.0892,3.0912,3.0857,3.0892,3.0942,3.0962,3.0907,3.0942,46
2026-03-19 20:15:00,3.0902,3.0912,3.0772,3.0787,3.0952,3.0962,3.0822,3.0837,67
2026-03-19 20:16:00,3.0782,3.0962,3.0762,3.0897,3.0832,3.1012,3.0812,3.0947,80
2026-03-19 20:17:00,3.0887,3.0912,3.0762,3.0777,3.0937,3.0962,3.0812,3.0827,83
2026-03-19 20:18:00,3.0772,3.0847,3.0762,3.0837,3.0822,3.0897,3.0812,3.0887,62
2026-03-19 20:19:00,3.0847,3.0882,3.0832,3.0872,3.0897,3.0932,3.0882,3.0922,58
2026-03-19 20:20:00,3.0882,3.0882,3.0832,3.0832,3.0932,3.0932,3.0882,3.0882,57
2026-03-19 20:21:00,3.0837,3.0887,3.0822,3.0857,3.0887,3.0937,3.0872,3.0907,38
2026-03-19 20:22:00,3.0867,3.0892,3.0852,3.0877,3.0917,3.0942,3.0902,3.0927,32
2026-03-19 20:23:00,3.0872,3.0872,3.0752,3.0802,3.0922,3.0922,3.0802,3.0852,45
2026-03-19 20:24:00,3.0817,3.0862,3.0812,3.0862,3.0867,3.0912,3.0862,3.0912,59
2026-03-19 20:25:00,3.0852,3.0952,3.0852,3.0942,3.0902,3.1002,3.0902,3.0992,68
2026-03-19 20:26:00,3.0937,3.0997,3.0917,3.0987,3.0987,3.1047,3.0967,3.1037,54
2026-03-19 20:27:00,3.0992,3.1022,3.0952,3.1022,3.1042,3.1072,3.1002,3.1072,54
2026-03-19 20:28:00,3.1017,3.1017,3.0972,3.0972,3.1067,3.1067,3.1022,3.1022,41
2026-03-19 20:29:00,3.0962,3.0987,3.0962,3.0987,3.1012,3.1037,3.1012,3.1037,31
2026-03-19 20:30:00,3.0977,3.1012,3.0962,3.0977,3.1027,3.1062,3.1012,3.1027,43
2026-03-19 20:31:00,3.0972,3.1022,3.0972,3.0997,3.1022,3.1072,3.1022,3.1047,29
2026-03-19 20:32:00,3.1002,3.1007,3.0972,3.0997,3.1052,3.1057,3.1022,3.1047,38
2026-03-19 20:33:00,3.0987,3.1032,3.0987,3.1022,3.1037,3.1082,3.1037,3.1072,41
2026-03-19 20:34:00,3.1017,3.1067,3.1017,3.1052,3.1067,3.1117,3.1067,3.1102,60
2026-03-19 20:35:00,3.1057,3.1072,3.1022,3.1072,3.1107,3.1122,3.1072,3.1122,30
2026-03-19 20:36:00,3.1067,3.1102,3.1032,3.1042,3.1117,3.1152,3.1082,3.1092,43
2026-03-19 20:37:00,3.1037,3.1042,3.1002,3.1022,3.1087,3.1092,3.1052,3.1072,38
2026-03-19 20:38:00,3.1027,3.1037,3.0972,3.1002,3.1077,3.1087,3.1022,3.1052,30
2026-03-19 20:39:00,3.1007,3.1012,3.0967,3.0967,3.1057,3.1062,3.1017,3.1017,14
2026-03-19 20:40:00,3.0962,3.0997,3.0962,3.0992,3.1012,3.1047,3.1012,3.1042,12
2026-03-19 20:41:00,3.0997,3.1022,3.0992,3.1012,3.1047,3.1072,3.1042,3.1062,13
2026-03-19 20:42:00,3.1007,3.1017,3.0987,3.1012,3.1057,3.1067,3.1037,3.1062,23
2026-03-19 20:43:00,3.1002,3.1002,3.0962,3.0982,3.1052,3.1052,3.1012,3.1032,27
2026-03-19 20:44:00,3.0987,3.1072,3.0982,3.1027,3.1037,3.1122,3.1032,3.1077,39
2026-03-19 20:45:00,3.1032,3.1042,3.0992,3.1002,3.1082,3.1092,3.1042,3.1052,22
2026-03-19 20:46:00,3.1012,3.1022,3.0982,3.1002,3.1062,3.1072,3.1032,3.1052,26
2026-03-19 20:47:00,3.0992,3.1002,3.0972,3.1002,3.1042,3.1052,3.1022,3.1052,17
2026-03-19 20:48:00,3.0992,3.1017,3.0992,3.1017,3.1042,3.1067,3.1042,3.1067,21
2026-03-19 20:49:00,3.1027,3.1027,3.0992,3.1012,3.1077,3.1077,3.1042,3.1062,20
2026-03-19 20:50:00,3.1007,3.1042,3.0992,3.1012,3.1057,3.1092,3.1042,3.1062,54
2026-03-19 20:51:00,3.1017,3.1072,3.1012,3.1072,3.1067,3.1122,3.1062,3.1122,27
2026-03-19 20:52:00,3.1082,3.1092,3.1042,3.1052,3.1132,3.1142,3.1092,3.1102,31
2026-03-19 20:53:00,3.1042,3.1057,3.1042,3.1052,3.1092,3.1107,3.1092,3.1102,14
2026-03-19 20:54:00,3.1062,3.1077,3.1052,3.1067,3.1112,3.1127,3.1102,3.1117,16
2026-03-19 20:55:00,3.1072,3.1082,3.1062,3.1067,3.1122,3.1132,3.1112,3.1117,21
2026-03-19 20:56:00,3.1077,3.1082,3.1072,3.1072,3.1127,3.1132,3.1122,3.1122,19
2026-03-19 20:57:00,3.1082,3.1092,3.1052,3.1077,3.1132,3.1142,3.1102,3.1127,21
2026-03-19 20:58:00,3.1072,3.1082,3.1052,3.1077,3.1122,3.1132,3.1102,3.1127,17
2026-03-19 20:59:00,3.1067,3.1072,3.1042,3.1057,3.1117,3.1122,3.1092,3.1107,20
2026-03-19 21:00:00,3.1062,3.1112,3.1062,3.1092,3.1112,3.1162,3.1112,3.1142,16
2026-03-19 21:01:00,3.1102,3.1117,3.1092,3.1102,3.1152,3.1167,3.1142,3.1152,24
2026-03-19 21:02:00,3.1107,3.1107,3.1092,3.1097,3.1157,3.1157,3.1142,3.1147,6
2026-03-19 21:03:00,3.1102,3.1147,3.1102,3.1122,3.1152,3.1197,3.1152,3.1172,33
2026-03-19 21:04:00,3.1117,3.1137,3.1082,3.1087,3.1167,3.1187,3.1132,3.1137,17
2026-03-19 21:05:00,3.1092,3.1102,3.1082,3.1087,3.1142,3.1152,3.1132,3.1137,14
2026-03-19 21:06:00,3.1092,3.1092,3.1057,3.1067,3.1142,3.1142,3.1107,3.1117,10
2026-03-19 21:07:00,3.1072,3.1112,3.1072,3.1112,3.1122,3.1162,3.1122,3.1162,9
2026-03-19 21:08:00,3.1122,3.1122,3.1052,3.1062,3.1172,3.1172,3.1102,3.1112,23
2026-03-19 21:09:00,3.1067,3.1067,3.1042,3.1057,3.1117,3.1117,3.1092,3.1107,26
2026-03-19 21:10:00,3.1052,3.1072,3.1047,3.1072,3.1102,3.1122,3.1097,3.1122,12
2026-03-19 21:11:00,3.1062,3.1062,3.1032,3.1032,3.1112,3.1112,3.1082,3.1082,13
2026-03-19 21:12:00,3.1027,3.1042,3.1002,3.1022,3.1077,3.1092,3.1052,3.1072,17
2026-03-19 21:13:00,3.1032,3.1052,3.1027,3.1052,3.1082,3.1102,3.1077,3.1102,12
2026-03-19 21:14:00,3.1057,3.1062,3.1057,3.1057,3.1107,3.1112,3.1107,3.1107,3
2026-03-19 21:15:00,3.1062,3.1107,3.1047,3.1102,3.1112,3.1157,3.1097,3.1152,14
2026-03-19 21:16:00,3.1107,3.1112,3.1092,3.1092,3.1157,3.1162,3.1142,3.1142,5
2026-03-19 21:17:00,3.1097,3.1102,3.1062,3.1062,3.1147,3.1152,3.1112,3.1112,10
2026-03-19 21:18:00,3.1057,3.1057,3.1057,3.1057,3.1107,3.1107,3.1107,3.1107,1
2026-03-19 21:19:00,3.1052,3.1062,3.1052,3.1052,3.1102,3.1112,3.1102,3.1102,11
2026-03-19 21:20:00,3.1057,3.1057,3.1052,3.1052,3.1107,3.1107,3.1102,3.1102,2
2026-03-19 21:21:00,3.1057,3.1062,3.1037,3.1042,3.1107,3.1112,3.1087,3.1092,9
2026-03-19 21:22:00,3.1047,3.1062,3.1037,3.1037,3.1097,3.1112,3.1087,3.1087,8
2026-03-19 21:23:00,3.1032,3.1052,3.1032,3.1047,3.1082,3.1102,3.1082,3.1097,5
2026-03-19 21:24:00,3.1057,3.1057,3.1032,3.1032,3.1107,3.1107,3.1082,3.1082,5
2026-03-19 21:25:00,3.1037,3.1037,3.1032,3.1032,3.1087,3.1087,3.1082,3.1082,6
2026-03-19 21:26:00,3.1022,3.1057,3.1022,3.1057,3.1072,3.1107,3.1072,3.1107,13
2026-03-19 21:28:00,3.1062,3.1072,3.1052,3.1057,3.1112,3.1122,3.1102,3.1107,11
2026-03-19 21:29:00,3.1062,3.1062,3.1047,3.1062,3.1112,3.1112,3.1097,3.1112,5
2026-03-19 21:30:00,3.1057,3.1057,3.1052,3.1052,3.1107,3.1107,3.1102,3.1102,2
2026-03-19 21:31:00,3.1057,3.1082,3.1057,3.1062,3.1107,3.1132,3.1107,3.1112,13
2026-03-19 21:32:00,3.1067,3.1072,3.1062,3.1062,3.1117,3.1122,3.1112,3.1112,3
2026-03-19 21:33:00,3.1072,3.1072,3.1072,3.1072,3.1122,3.1122,3.1122,3.1122,1
2026-03-19 21:34:00,3.1052,3.1052,3.1037,3.1037,3.1102,3.1102,3.1087,3.1087,11
2026-03-19 21:35:00,3.1042,3.1047,3.1032,3.1042,3.1092,3.1097,3.1082,3.1092,8
2026-03-19 21:36:00,3.1047,3.1067,3.1042,3.1067,3.1097,3.1117,3.1092,3.1117,6
2026-03-19 21:37:00,3.1052,3.1052,3.0997,3.1002,3.1102,3.1102,3.1047,3.1052,12
2026-03-19 21:38:00,3.0997,3.0997,3.0937,3.0947,3.1047,3.1047,3.0987,3.0997,28
2026-03-19 21:39:00,3.0927,3.1022,3.0927,3.1022,3.0977,3.1072,3.0977,3.1072,29
2026-03-19 21:40:00,3.1027,3.1047,3.1022,3.1047,3.1077,3.1097,3.1072,3.1097,9
2026-03-19 21:41:00,3.1052,3.1062,3.1052,3.1052,3.1102,3.1112,3.1102,3.1102,6
2026-03-19 21:42:00,3.1047,3.1047,3.1042,3.1042,3.1097,3.1097,3.1092,3.1092,2
2026-03-19 21:43:00,3.1032,3.1042,3.1022,3.1042,3.1082,3.1092,3.1072,3.1092,8
2026-03-19 21:44:00,3.1037,3.1037,3.1027,3.1032,3.1087,3.1087,3.1077,3.1082,6
2026-03-19 21:45:00,3.1027,3.1067,3.1017,3.1042,3.1077,3.1117,3.1067,3.1092,14
2026-03-19 21:46:00,3.1052,3.1072,3.1052,3.1067,3.1102,3.1122,3.1102,3.1117,8
2026-03-19 21:47:00,3.1072,3.1092,3.1072,3.1082,3.1122,3.1142,3.1122,3.1132,19
2026-03-19 21:48:00,3.1077,3.1077,3.1062,3.1067,3.1127,3.1127,3.1112,3.1117,7
2026-03-19 21:49:00,3.1062,3.1077,3.1062,3.1077,3.1112,3.1127,3.1112,3.1127,4
2026-03-19 21:50:00,3.1082,3.1092,3.1062,3.1062,3.1132,3.1142,3.1112,3.1112,8
2026-03-19 21:51:00,3.1057,3.1082,3.1052,3.1067,3.1107,3.1132,3.1102,3.1117,14
2026-03-19 21:52:00,3.1077,3.1087,3.1077,3.1082,3.1127,3.1137,3.1127,3.1132,3
2026-03-19 21:53:00,3.1072,3.1082,3.1072,3.1082,3.1122,3.1132,3.1122,3.1132,2
2026-03-19 21:54:00,3.1072,3.1082,3.1072,3.1077,3.1122,3.1132,3.1122,3.1127,6
2026-03-19 21:55:00,3.1072,3.1092,3.1072,3.1077,3.1122,3.1142,3.1122,3.1127,10
2026-03-19 21:56:00,3.1072,3.1072,3.1052,3.1062,3.1122,3.1122,3.1102,3.1112,11
2026-03-19 21:57:00,3.1052,3.1052,3.0992,3.0997,3.1102,3.1102,3.1042,3.1047,26
2026-03-19 21:58:00,3.0992,3.1002,3.0887,3.0912,3.1042,3.1052,3.0937,3.0962,35
2026-03-19 21:59:00,3.0917,3.0977,3.0849,3.0859,3.0967,3.1027,3.0899,3.0909,46
2026-03-19 23:00:00,3.0769,3.0809,3.0734,3.0764,3.0819,3.0859,3.0784,3.0814,24
2026-03-19 23:01:00,3.0754,3.0794,3.0734,3.0794,3.0804,3.0844,3.0784,3.0844,7
2026-03-19 23:02:00,3.0789,3.0789,3.0779,3.0779,3.0839,3.0839,3.0829,3.0829,2
2026-03-19 23:03:00,3.0789,3.0789,3.0784,3.0789,3.0839,3.0839,3.0834,3.0839,3
2026-03-19 23:04:00,3.0794,3.0794,3.0789,3.0789,3.0844,3.0844,3.0839,3.0839,2
2026-03-19 23:05:00,3.0794,3.0794,3.0764,3.0769,3.0844,3.0844,3.0814,3.0819,9
2026-03-19 23:06:00,3.0804,3.0819,3.0794,3.0794,3.0854,3.0869,3.0844,3.0844,5
2026-03-19 23:07:00,3.0789,3.0794,3.0784,3.0794,3.0839,3.0844,3.0834,3.0844,4
2026-03-19 23:08:00,3.0789,3.0789,3.0779,3.0779,3.0839,3.0839,3.0829,3.0829,7
2026-03-19 23:09:00,3.0784,3.0804,3.0784,3.0804,3.0834,3.0854,3.0834,3.0854,6
2026-03-19 23:10:00,3.0799,3.0799,3.0789,3.0789,3.0849,3.0849,3.0839,3.0839,3
2026-03-19 23:11:00,3.0809,3.0819,3.0804,3.0814,3.0859,3.0869,3.0854,3.0864,6
2026-03-19 23:12:00,3.0819,3.0824,3.0799,3.0799,3.0869,3.0874,3.0849,3.0849,7
2026-03-19 23:15:00,3.0804,3.0804,3.0784,3.0789,3.0854,3.0854,3.0834,3.0839,4
2026-03-19 23:17:00,3.0784,3.0784,3.0759,3.0764,3.0834,3.0834,3.0809,3.0814,4
2026-03-19 23:18:00,3.0759,3.0759,3.0729,3.0734,3.0809,3.0809,3.0779,3.0784,8
2026-03-19 23:19:00,3.0729,3.0734,3.0719,3.0729,3.0779,3.0784,3.0769,3.0779,12
2026-03-19 23:20:00,3.0724,3.0734,3.0714,3.0714,3.0774,3.0784,3.0764,3.0764,11
2026-03-19 23:21:00,3.0724,3.0724,3.0674,3.0679,3.0774,3.0774,3.0724,3.0729,14
2026-03-19 23:22:00,3.0684,3.0684,3.0674,3.0674,3.0734,3.0734,3.0724,3.0724,3
2026-03-19 23:23:00,3.0684,3.0684,3.0684,3.0684,3.0734,3.0734,3.0734,3.0734,1
2026-03-19 23:24:00,3.0689,3.0689,3.0689,3.0689,3.0739,3.0739,3.0739,3.0739,1
2026-03-19 23:25:00,3.0694,3.0699,3.0689,3.0689,3.0744,3.0749,3.0739,3.0739,4
2026-03-19 23:26:00,3.0694,3.0694,3.0684,3.0689,3.0744,3.0744,3.0734,3.0739,4
2026-03-19 23:27:00,3.0699,3.0719,3.0699,3.0714,3.0749,3.0769,3.0749,3.0764,4
2026-03-19 23:28:00,3.0729,3.0734,3.0729,3.0729,3.0779,3.0784,3.0779,3.0779,3
2026-03-19 23:29:00,3.0724,3.0724,3.0694,3.0694,3.0774,3.0774,3.0744,3.0744,5
2026-03-19 23:30:00,3.0684,3.0684,3.0664,3.0669,3.0734,3.0734,3.0714,3.0719,7
2026-03-19 23:31:00,3.0674,3.0674,3.0664,3.0664,3.0724,3.0724,3.0714,3.0714,3
2026-03-19 23:33:00,3.0659,3.0659,3.0569,3.0599,3.0709,3.0709,3.0619,3.0649,19
2026-03-19 23:34:00,3.0589,3.0599,3.0574,3.0584,3.0639,3.0649,3.0624,3.0634,11
2026-03-19 23:35:00,3.0589,3.0594,3.0584,3.0584,3.0639,3.0644,3.0634,3.0634,3
2026-03-19 23:36:00,3.0579,3.0599,3.0579,3.0584,3.0629,3.0649,3.0629,3.0634,8
2026-03-19 23:37:00,3.0594,3.0609,3.0594,3.0609,3.0644,3.0659,3.0644,3.0659,2
2026-03-19 23:39:00,3.0604,3.0604,3.0589,3.0594,3.0654,3.0654,3.0639,3.0644,4
2026-03-19 23:40:00,3.0604,3.0629,3.0604,3.0624,3.0654,3.0679,3.0654,3.0674,4
2026-03-19 23:41:00,3.0629,3.0644,3.0619,3.0644,3.0679,3.0694,3.0669,3.0694,6
2026-03-19 23:42:00,3.0634,3.0634,3.0634,3.0634,3.0684,3.0684,3.0684,3.0684,1
2026-03-19 23:43:00,3.0639,3.0639,3.0639,3.0639,3.0689,3.0689,3.0689,3.0689,1
2026-03-19 23:44:00,3.0644,3.0644,3.0629,3.0629,3.0694,3.0694,3.0679,3.0679,3
2026-03-19 23:45:00,3.0619,3.0629,3.0619,3.0629,3.0669,3.0679,3.0669,3.0679,2
2026-03-19 23:46:00,3.0634,3.0634,3.0629,3.0634,3.0684,3.0684,3.0679,3.0684,3
2026-03-19 23:47:00,3.0644,3.0654,3.0639,3.0639,3.0694,3.0704,3.0689,3.0689,4
2026-03-19 23:48:00,3.0644,3.0674,3.0644,3.0674,3.0694,3.0724,3.0694,3.0724,6
2026-03-19 23:49:00,3.0679,3.0684,3.0659,3.0659,3.0729,3.0734,3.0709,3.0709,10
2026-03-19 23:50:00,3.0664,3.0694,3.0664,3.0694,3.0714,3.0744,3.0714,3.0744,4
2026-03-19 23:51:00,3.0684,3.0694,3.0684,3.0694,3.0734,3.0744,3.0734,3.0744,3
2026-03-19 23:52:00,3.0689,3.0704,3.0689,3.0694,3.0739,3.0754,3.0739,3.0744,6
2026-03-19 23:53:00,3.0689,3.0689,3.0669,3.0684,3.0739,3.0739,3.0719,3.0734,5
2026-03-19 23:55:00,3.0689,3.0689,3.0684,3.0684,3.0739,3.0739,3.0734,3.0734,2
2026-03-19 23:56:00,3.0689,3.0704,3.0689,3.0699,3.0739,3.0754,3.0739,3.0749,5
2026-03-19 23:57:00,3.0704,3.0724,3.0704,3.0724,3.0754,3.0774,3.0754,3.0774,3
2026-03-19 23:58:00,3.0719,3.0724,3.0709,3.0709,3.0769,3.0774,3.0759,3.0759,4
2026-03-19 23:59:00,3.0704,3.0704,3.0704,3.0704,3.0754,3.0754,3.0754,3.0754,1
2026-03-20 00:00:00,3.0699,3.0699,3.0664,3.0669,3.0749,3.0749,3.0714,3.0719,7
2026-03-20 00:01:00,3.0664,3.0664,3.0654,3.0654,3.0714,3.0714,3.0704,3.0704,3
2026-03-20 00:02:00,3.0659,3.0679,3.0659,3.0679,3.0709,3.0729,3.0709,3.0729,4
2026-03-20 00:03:00,3.0664,3.0664,3.0659,3.0664,3.0714,3.0714,3.0709,3.0714,3
2026-03-20 00:04:00,3.0669,3.0699,3.0669,3.0699,3.0719,3.0749,3.0719,3.0749,3
2026-03-20 00:05:00,3.0704,3.0704,3.0694,3.0699,3.0754,3.0754,3.0744,3.0749,3
2026-03-20 00:06:00,3.0704,3.0704,3.0699,3.0699,3.0754,3.0754,3.0749,3.0749,2
2026-03-20 00:07:00,3.0694,3.0699,3.0684,3.0689,3.0744,3.0749,3.0734,3.0739,8
2026-03-20 00:08:00,3.0694,3.0694,3.0689,3.0689,3.0744,3.0744,3.0739,3.0739,2
2026-03-20 00:10:00,3.0699,3.0714,3.0699,3.0704,3.0749,3.0764,3.0749,3.0754,3
2026-03-20 00:11:00,3.0709,3.0709,3.0704,3.0704,3.0759,3.0759,3.0754,3.0754,2
2026-03-20 00:12:00,3.0709,3.0769,3.0709,3.0759,3.0759,3.0819,3.0759,3.0809,8
2026-03-20 00:13:00,3.0749,3.0754,3.0739,3.0749,3.0799,3.0804,3.0789,3.0799,6
2026-03-20 00:15:00,3.0744,3.0759,3.0729,3.0759,3.0794,3.0809,3.0779,3.0809,5
2026-03-20 00:16:00,3.0764,3.0804,3.0764,3.0804,3.0814,3.0854,3.0814,3.0854,6
2026-03-20 00:17:00,3.0799,3.0799,3.0779,3.0779,3.0849,3.0849,3.0829,3.0829,6
2026-03-20 00:18:00,3.0784,3.0784,3.0779,3.0779,3.0834,3.0834,3.0829,3.0829,4
2026-03-20 00:19:00,3.0774,3.0784,3.0774,3.0784,3.0824,3.0834,3.0824,3.0834,3
2026-03-20 00:20:00,3.0789,3.0794,3.0789,3.0794,3.0839,3.0844,3.0839,3.0844,4
2026-03-20 00:21:00,3.0799,3.0799,3.0784,3.0784,3.0849,3.0849,3.0834,3.0834,4
2026-03-20 00:22:00,3.0789,3.0789,3.0784,3.0784,3.0839,3.0839,3.0834,3.0834,2
2026-03-20 00:23:00,3.0779,3.0779,3.0769,3.0769,3.0829,3.0829,3.0819,3.0819,3
2026-03-20 00:24:00,3.0774,3.0774,3.0774,3.0774,3.0824,3.0824,3.0824,3.0824,1
2026-03-20 00:25:00,3.0779,3.0779,3.0764,3.0764,3.0829,3.0829,3.0814,3.0814,4
2026-03-20 00:26:00,3.0759,3.0759,3.0759,3.0759,3.0809,3.0809,3.0809,3.0809,1
2026-03-20 00:27:00,3.0764,3.0769,3.0759,3.0769,3.0814,3.0819,3.0809,3.0819,14
2026-03-20 00:29:00,3.0764,3.0764,3.0764,3.0764,3.0814,3.0814,3.0814,3.0814,1
2026-03-20 00:30:00,3.0759,3.0759,3.0759,3.0759,3.0809,3.0809,3.0809,3.0809,1
2026-03-20 00:31:00,3.0764,3.0769,3.0764,3.0764,3.0814,3.0819,3.0814,3.0814,3
2026-03-20 00:32:00,3.0754,3.0769,3.0754,3.0769,3.0804,3.0819,3.0804,3.0819,2
2026-03-20 00:33:00,3.0759,3.0759,3.0759,3.0759,3.0809,3.0809,3.0809,3.0809,1
2026-03-20 00:35:00,3.0764,3.0764,3.0764,3.0764,3.0814,3.0814,3.0814,3.0814,1
2026-03-20 00:36:00,3.0769,3.0769,3.0759,3.0759,3.0819,3.0819,3.0809,3.0809,2
2026-03-20 00:39:00,3.0754,3.0764,3.0754,3.0764,3.0804,3.0814,3.0804,3.0814,2
2026-03-20 00:40:00,3.0759,3.0759,3.0759,3.0759,3.0809,3.0809,3.0809,3.0809,1
2026-03-20 00:41:00,3.0764,3.0769,3.0764,3.0769,3.0814,3.0819,3.0814,3.0819,2
2026-03-20 00:42:00,3.0759,3.0764,3.0754,3.0764,3.0809,3.0814,3.0804,3.0814,3
2026-03-20 00:43:00,3.0759,3.0759,3.0759,3.0759,3.0809,3.0809,3.0809,3.0809,1
2026-03-20 00:46:00,3.0764,3.0779,3.0764,3.0779,3.0814,3.0829,3.0814,3.0829,3
2026-03-20 00:47:00,3.0784,3.0794,3.0784,3.0789,3.0834,3.0844,3.0834,3.0839,6
2026-03-20 00:48:00,3.0784,3.0784,3.0774,3.0774,3.0834,3.0834,3.0824,3.0824,5
2026-03-20 00:49:00,3.0769,3.0774,3.0769,3.0774,3.0819,3.0824,3.0819,3.0824,2
2026-03-20 00:50:00,3.0769,3.0774,3.0769,3.0774,3.0819,3.0824,3.0819,3.0824,2
2026-03-20 00:51:00,3.0779,3.0784,3.0779,3.0779,3.0829,3.0834,3.0829,3.0829,3
2026-03-20 00:52:00,3.0789,3.0799,3.0784,3.0784,3.0839,3.0849,3.0834,3.0834,5
2026-03-20 00:53:00,3.0779,3.0804,3.0774,3.0774,3.0829,3.0854,3.0824,3.0824,6
2026-03-20 00:54:00,3.0764,3.0784,3.0764,3.0779,3.0814,3.0834,3.0814,3.0829,6
2026-03-20 00:55:00,3.0769,3.0769,3.0769,3.0769,3.0819,3.0819,3.0819,3.0819,1
2026-03-20 00:56:00,3.0774,3.0774,3.0774,3.0774,3.0824,3.0824,3.0824,3.0824,1
2026-03-20 00:57:00,3.0769,3.0769,3.0749,3.0749,3.0819,3.0819,3.0799,3.0799,3
2026-03-20 00:58:00,3.0754,3.0754,3.0734,3.0744,3.0804,3.0804,3.0784,3.0794,5
2026-03-20 00:59:00,3.0739,3.0739,3.0739,3.0739,3.0789,3.0789,3.0789,3.0789,1
2026-03-20 01:00:00,3.0729,3.0734,3.0699,3.0729,3.0779,3.0784,3.0749,3.0779,15
2026-03-20 01:01:00,3.0719,3.0729,3.0714,3.0714,3.0769,3.0779,3.0764,3.0764,5
2026-03-20 01:02:00,3.0709,3.0714,3.0709,3.0714,3.0759,3.0764,3.0759,3.0764,2
2026-03-20 01:03:00,3.0724,3.0739,3.0709,3.0719,3.0774,3.0789,3.0759,3.0769,7
2026-03-20 01:04:00,3.0709,3.0709,3.0659,3.0664,3.0759,3.0759,3.0709,3.0714,16
2026-03-20 01:05:00,3.0669,3.0669,3.0659,3.0659,3.0719,3.0719,3.0709,3.0709,3
2026-03-20 01:06:00,3.0654,3.0669,3.0654,3.0669,3.0704,3.0719,3.0704,3.0719,3
2026-03-20 01:07:00,3.0664,3.0664,3.0659,3.0659,3.0714,3.0714,3.0709,3.0709,2
2026-03-20 01:08:00,3.0664,3.0674,3.0664,3.0669,3.0714,3.0724,3.0714,3.0719,8
2026-03-20 01:09:00,3.0679,3.0679,3.0669,3.0679,3.0729,3.0729,3.0719,3.0729,4
2026-03-20 01:10:00,3.0684,3.0694,3.0684,3.0694,3.0734,3.0744,3.0734,3.0744,2
2026-03-20 01:11:00,3.0684,3.0689,3.0684,3.0689,3.0734,3.0739,3.0734,3.0739,4
2026-03-20 01:12:00,3.0694,3.0709,3.0694,3.0709,3.0744,3.0759,3.0744,3.0759,5
2026-03-20 01:13:00,3.0699,3.0699,3.0679,3.0684,3.0749,3.0749,3.0729,3.0734,4
2026-03-20 01:14:00,3.0679,3.0704,3.0679,3.0694,3.0729,3.0754,3.0729,3.0744,8
2026-03-20 01:16:00,3.0699,3.0729,3.0699,3.0729,3.0749,3.0779,3.0749,3.0779,7
2026-03-20 01:17:00,3.0734,3.0734,3.0729,3.0729,3.0784,3.0784,3.0779,3.0779,2
2026-03-20 01:18:00,3.0724,3.0754,3.0724,3.0754,3.0774,3.0804,3.0774,3.0804,6
2026-03-20 01:19:00,3.0749,3.0749,3.0739,3.0739,3.0799,3.0799,3.0789,3.0789,3
2026-03-20 01:21:00,3.0729,3.0739,3.0729,3.0739,3.0779,3.0789,3.0779,3.0789,3
2026-03-20 01:22:00,3.0749,3.0754,3.0749,3.0754,3.0799,3.0804,3.0799,3.0804,2
2026-03-20 01:23:00,3.0759,3.0809,3.0759,3.0779,3.0809,3.0859,3.0809,3.0829,12
2026-03-20 01:24:00,3.0784,3.0814,3.0779,3.0804,3.0834,3.0864,3.0829,3.0854,11
2026-03-20 01:25:00,3.0809,3.0824,3.0799,3.0799,3.0859,3.0874,3.0849,3.0849,8
2026-03-20 01:26:00,3.0794,3.0799,3.0769,3.0799,3.0844,3.0849,3.0819,3.0849,10
2026-03-20 01:27:00,3.0804,3.0804,3.0789,3.0789,3.0854,3.0854,3.0839,3.0839,5
2026-03-20 01:28:00,3.0784,3.0789,3.0784,3.0789,3.0834,3.0839,3.0834,3.0839,2
2026-03-20 01:29:00,3.0784,3.0799,3.0769,3.0769,3.0834,3.0849,3.0819,3.0819,7
2026-03-20 01:31:00,3.0774,3.0874,3.0774,3.0869,3.0824,3.0924,3.0824,3.0919,17
2026-03-20 01:32:00,3.0859,3.0879,3.0859,3.0879,3.0909,3.0929,3.0909,3.0929,6
2026-03-20 01:33:00,3.0874,3.0894,3.0869,3.0894,3.0924,3.0944,3.0919,3.0944,8
2026-03-20 01:34:00,3.0879,3.0879,3.0874,3.0874,3.0929,3.0929,3.0924,3.0924,2
2026-03-20 01:35:00,3.0869,3.0874,3.0854,3.0864,3.0919,3.0924,3.0904,3.0914,7
2026-03-20 01:36:00,3.0859,3.0859,3.0859,3.0859,3.0909,3.0909,3.0909,3.0909,1
2026-03-20 01:37:00,3.0869,3.0869,3.0854,3.0854,3.0919,3.0919,3.0904,3.0904,3
2026-03-20 01:38:00,3.0859,3.0869,3.0859,3.0869,3.0909,3.0919,3.0909,3.0919,3
2026-03-20 01:39:00,3.0859,3.0859,3.0859,3.0859,3.0909,3.0909,3.0909,3.0909,1
2026-03-20 01:40:00,3.0854,3.0854,3.0854,3.0854,3.0904,3.0904,3.0904,3.0904,1
2026-03-20 01:41:00,3.0869,3.0869,3.0869,3.0869,3.0919,3.0919,3.0919,3.0919,1
2026-03-20 01:42:00,3.0864,3.0869,3.0849,3.0869,3.0914,3.0919,3.0899,3.0919,8
2026-03-20 01:43:00,3.0874,3.0884,3.0874,3.0879,3.0924,3.0934,3.0924,3.0929,4
2026-03-20 01:44:00,3.0874,3.0874,3.0854,3.0869,3.0924,3.0924,3.0904,3.0919,4
2026-03-20 01:45:00,3.0874,3.0909,3.0874,3.0884,3.0924,3.0959,3.0924,3.0934,9
2026-03-20 01:46:00,3.0874,3.0874,3.0874,3.0874,3.0924,3.0924,3.0924,3.0924,1
2026-03-20 01:47:00,3.0869,3.0879,3.0869,3.0879,3.0919,3.0929,3.0919,3.0929,5
2026-03-20 01:48:00,3.0874,3.0874,3.0864,3.0864,3.0924,3.0924,3.0914,3.0914,4
2026-03-20 01:49:00,3.0859,3.0874,3.0859,3.0874,3.0909,3.0924,3.0909,3.0924,5
2026-03-20 01:50:00,3.0869,3.0884,3.0849,3.0879,3.0919,3.0934,3.0899,3.0929,12
2026-03-20 01:51:00,3.0884,3.0899,3.0884,3.0899,3.0934,3.0949,3.0934,3.0949,6
2026-03-20 01:52:00,3.0909,3.0919,3.0894,3.0919,3.0959,3.0969,3.0944,3.0969,5
2026-03-20 01:53:00,3.0909,3.0924,3.0909,3.0924,3.0959,3.0974,3.0959,3.0974,4
2026-03-20 01:54:00,3.0919,3.0959,3.0914,3.0944,3.0969,3.1009,3.0964,3.0994,11
2026-03-20 01:55:00,3.0949,3.0954,3.0949,3.0954,3.0999,3.1004,3.0999,3.1004,4
2026-03-20 01:56:00,3.0949,3.0954,3.0949,3.0954,3.0999,3.1004,3.0999,3.1004,4
2026-03-20 01:57:00,3.0949,3.0949,3.0929,3.0934,3.0999,3.0999,3.0979,3.0984,5
2026-03-20 01:58:00,3.0929,3.0934,3.0924,3.0934,3.0979,3.0984,3.0974,3.0984,4
2026-03-20 01:59:00,3.0939,3.0959,3.0939,3.0954,3.0989,3.1009,3.0989,3.1004,7
2026-03-20 02:00:00,3.0949,3.0954,3.0894,3.0924,3.0999,3.1004,3.0944,3.0974,25
2026-03-20 02:01:00,3.0934,3.0954,3.0934,3.0949,3.0984,3.1004,3.0984,3.0999,10
2026-03-20 02:02:00,3.0944,3.0959,3.0939,3.0954,3.0994,3.1009,3.0989,3.1004,7
2026-03-20 02:03:00,3.0949,3.0959,3.0939,3.0949,3.0999,3.1009,3.0989,3.0999,6
2026-03-20 02:04:00,3.0959,3.0959,3.0949,3.0949,3.1009,3.1009,3.0999,3.0999,2
2026-03-20 02:05:00,3.0944,3.0964,3.0929,3.0929,3.0994,3.1014,3.0979,3.0979,12
2026-03-20 02:06:00,3.0924,3.0929,3.0919,3.0929,3.0974,3.0979,3.0969,3.0979,3
2026-03-20 02:07:00,3.0919,3.0929,3.0884,3.0894,3.0969,3.0979,3.0934,3.0944,12
2026-03-20 02:08:00,3.0889,3.0899,3.0884,3.0899,3.0939,3.0949,3.0934,3.0949,4
2026-03-20 02:10:00,3.0904,3.0909,3.0904,3.0909,3.0954,3.0959,3.0954,3.0959,2
2026-03-20 02:11:00,3.0904,3.0904,3.0889,3.0889,3.0954,3.0954,3.0939,3.0939,5
2026-03-20 02:12:00,3.0884,3.0884,3.0859,3.0874,3.0934,3.0934,3.0909,3.0924,10
2026-03-20 02:13:00,3.0869,3.0879,3.0864,3.0874,3.0919,3.0929,3.0914,3.0924,7
2026-03-20 02:14:00,3.0864,3.0874,3.0864,3.0864,3.0914,3.0924,3.0914,3.0914,5
2026-03-20 02:15:00,3.0849,3.0869,3.0849,3.0869,3.0899,3.0919,3.0899,3.0919,3
2026-03-20 02:16:00,3.0859,3.0859,3.0844,3.0854,3.0909,3.0909,3.0894,3.0904,6
2026-03-20 02:17:00,3.0859,3.0914,3.0859,3.0914,3.0909,3.0964,3.0909,3.0964,9
2026-03-20 02:18:00,3.0919,3.0924,3.0904,3.0909,3.0969,3.0974,3.0954,3.0959,5
2026-03-20 02:19:00,3.0904,3.0904,3.0874,3.0874,3.0954,3.0954,3.0924,3.0924,5
2026-03-20 02:20:00,3.0869,3.0879,3.0859,3.0859,3.0919,3.0929,3.0909,3.0909,7
2026-03-20 02:21:00,3.0864,3.0869,3.0859,3.0864,3.0914,3.0919,3.0909,3.0914,4
2026-03-20 02:22:00,3.0869,3.0879,3.0859,3.0859,3.0919,3.0929,3.0909,3.0909,12
2026-03-20 02:23:00,3.0864,3.0874,3.0859,3.0874,3.0914,3.0924,3.0909,3.0924,7
2026-03-20 02:24:00,3.0859,3.0884,3.0859,3.0884,3.0909,3.0934,3.0909,3.0934,10
2026-03-20 02:26:00,3.0869,3.0869,3.0834,3.0849,3.0919,3.0919,3.0884,3.0899,8
2026-03-20 02:27:00,3.0854,3.0869,3.0854,3.0869,3.0904,3.0919,3.0904,3.0919,3
2026-03-20 02:28:00,3.0864,3.0879,3.0864,3.0879,3.0914,3.0929,3.0914,3.0929,4
2026-03-20 02:29:00,3.0874,3.0879,3.0869,3.0879,3.0924,3.0929,3.0919,3.0929,4
2026-03-20 02:30:00,3.0869,3.0869,3.0854,3.0859,3.0919,3.0919,3.0904,3.0909,7
2026-03-20 02:31:00,3.0854,3.0869,3.0834,3.0849,3.0904,3.0919,3.0884,3.0899,9
2026-03-20 02:32:00,3.0844,3.0854,3.0829,3.0854,3.0894,3.0904,3.0879,3.0904,6
2026-03-20 02:33:00,3.0859,3.0859,3.0859,3.0859,3.0909,3.0909,3.0909,3.0909,1
2026-03-20 02:34:00,3.0849,3.0859,3.0844,3.0859,3.0899,3.0909,3.0894,3.0909,9
2026-03-20 02:35:00,3.0864,3.0944,3.0864,3.0929,3.0914,3.0994,3.0914,3.0979,13
2026-03-20 02:36:00,3.0924,3.0924,3.0894,3.0904,3.0974,3.0974,3.0944,3.0954,5
2026-03-20 02:37:00,3.0909,3.0909,3.0889,3.0899,3.0959,3.0959,3.0939,3.0949,9
2026-03-20 02:38:00,3.0909,3.0909,3.0909,3.0909,3.0959,3.0959,3.0959,3.0959,1
2026-03-20 02:39:00,3.0899,3.0904,3.0899,3.0899,3.0949,3.0954,3.0949,3.0949,5
2026-03-20 02:40:00,3.0889,3.0899,3.0889,3.0899,3.0939,3.0949,3.0939,3.0949,7
2026-03-20 02:41:00,3.0889,3.0899,3.0859,3.0859,3.0939,3.0949,3.0909,3.0909,10
2026-03-20 02:42:00,3.0874,3.0899,3.0874,3.0889,3.0924,3.0949,3.0924,3.0939,5
2026-03-20 02:43:00,3.0879,3.0879,3.0859,3.0864,3.0929,3.0929,3.0909,3.0914,5
2026-03-20 02:44:00,3.0869,3.0874,3.0859,3.0869,3.0919,3.0924,3.0909,3.0919,5
2026-03-20 02:45:00,3.0874,3.0874,3.0869,3.0869,3.0924,3.0924,3.0919,3.0919,2
2026-03-20 02:46:00,3.0874,3.0874,3.0874,3.0874,3.0924,3.0924,3.0924,3.0924,1
2026-03-20 02:47:00,3.0879,3.0879,3.0864,3.0864,3.0929,3.0929,3.0914,3.0914,7
2026-03-20 02:48:00,3.0859,3.0874,3.0859,3.0874,3.0909,3.0924,3.0909,3.0924,5
2026-03-20 02:49:00,3.0879,3.0879,3.0879,3.0879,3.0929,3.0929,3.0929,3.0929,1
2026-03-20 02:50:00,3.0889,3.0899,3.0889,3.0899,3.0939,3.0949,3.0939,3.0949,5
2026-03-20 02:51:00,3.0894,3.0899,3.0894,3.0894,3.0944,3.0949,3.0944,3.0944,3
2026-03-20 02:52:00,3.0899,3.0904,3.0899,3.0904,3.0949,3.0954,3.0949,3.0954,2
2026-03-20 02:53:00,3.0914,3.0939,3.0914,3.0934,3.0964,3.0989,3.0964,3.0984,5
2026-03-20 02:54:00,3.0939,3.0939,3.0859,3.0869,3.0989,3.0989,3.0909,3.0919,16
2026-03-20 02:55:00,3.0864,3.0869,3.0859,3.0869,3.0914,3.0919,3.0909,3.0919,5
2026-03-20 02:56:00,3.0874,3.0884,3.0854,3.0869,3.0924,3.0934,3.0904,3.0919,23
2026-03-20 02:57:00,3.0864,3.0864,3.0859,3.0859,3.0914,3.0914,3.0909,3.0909,2
2026-03-20 02:58:00,3.0869,3.0869,3.0854,3.0854,3.0919,3.0919,3.0904,3.0904,5
2026-03-20 02:59:00,3.0859,3.0884,3.0859,3.0869,3.0909,3.0934,3.0909,3.0919,12
2026-03-20 03:00:00,3.0864,3.0869,3.0849,3.0869,3.0914,3.0919,3.0899,3.0919,6
2026-03-20 03:01:00,3.0874,3.0884,3.0874,3.0884,3.0924,3.0934,3.0924,3.0934,3
2026-03-20 03:02:00,3.0889,3.0894,3.0884,3.0884,3.0939,3.0944,3.0934,3.0934,4
2026-03-20 03:03:00,3.0879,3.0889,3.0879,3.0889,3.0929,3.0939,3.0929,3.0939,3
2026-03-20 03:05:00,3.0894,3.0894,3.0889,3.0889,3.0944,3.0944,3.0939,3.0939,4
2026-03-20 03:07:00,3.0899,3.0899,3.0894,3.0899,3.0949,3.0949,3.0944,3.0949,5
2026-03-20 03:08:00,3.0894,3.0899,3.0894,3.0899,3.0944,3.0949,3.0944,3.0949,8
2026-03-20 03:09:00,3.0909,3.0909,3.0899,3.0904,3.0959,3.0959,3.0949,3.0954,6
2026-03-20 03:10:00,3.0899,3.0909,3.0894,3.0894,3.0949,3.0959,3.0944,3.0944,7
2026-03-20 03:13:00,3.0899,3.0914,3.0894,3.0914,3.0949,3.0964,3.0944,3.0964,5
2026-03-20 03:14:00,3.0919,3.0919,3.0919,3.0919,3.0969,3.0969,3.0969,3.0969,1
2026-03-20 03:15:00,3.0914,3.0914,3.0914,3.0914,3.0964,3.0964,3.0964,3.0964,1
2026-03-20 03:16:00,3.0909,3.0909,3.0889,3.0899,3.0959,3.0959,3.0939,3.0949,4
2026-03-20 03:19:00,3.0894,3.0924,3.0894,3.0924,3.0944,3.0974,3.0944,3.0974,4
2026-03-20 03:20:00,3.0919,3.0919,3.0894,3.0894,3.0969,3.0969,3.0944,3.0944,4
2026-03-20 03:21:00,3.0899,3.0899,3.0889,3.0899,3.0949,3.0949,3.0939,3.0949,6
2026-03-20 03:22:00,3.0894,3.0894,3.0894,3.0894,3.0944,3.0944,3.0944,3.0944,1
2026-03-20 03:23:00,3.0899,3.0909,3.0899,3.0909,3.0949,3.0959,3.0949,3.0959,3
2026-03-20 03:24:00,3.0914,3.0914,3.0904,3.0909,3.0964,3.0964,3.0954,3.0959,3
2026-03-20 03:25:00,3.0904,3.0904,3.0899,3.0899,3.0954,3.0954,3.0949,3.0949,2
2026-03-20 03:27:00,3.0904,3.0914,3.0904,3.0909,3.0954,3.0964,3.0954,3.0959,3
2026-03-20 03:28:00,3.0914,3.0924,3.0909,3.0924,3.0964,3.0974,3.0959,3.0974,4
2026-03-20 03:29:00,3.0919,3.0929,3.0919,3.0929,3.0969,3.0979,3.0969,3.0979,3
2026-03-20 03:30:00,3.0924,3.0924,3.0919,3.0919,3.0974,3.0974,3.0969,3.0969,4
2026-03-20 03:31:00,3.0924,3.0924,3.0924,3.0924,3.0974,3.0974,3.0974,3.0974,1
2026-03-20 03:32:00,3.0919,3.0919,3.0914,3.0919,3.0969,3.0969,3.0964,3.0969,3
2026-03-20 03:33:00,3.0929,3.0929,3.0929,3.0929,3.0979,3.0979,3.0979,3.0979,1
2026-03-20 03:34:00,3.0934,3.0939,3.0929,3.0939,3.0984,3.0989,3.0979,3.0989,4
2026-03-20 03:35:00,3.0944,3.0964,3.0944,3.0959,3.0994,3.1014,3.0994,3.1009,5
2026-03-20 03:36:00,3.0949,3.0954,3.0949,3.0954,3.0999,3.1004,3.0999,3.1004,2
2026-03-20 03:37:00,3.0964,3.0964,3.0964,3.0964,3.1014,3.1014,3.1014,3.1014,1
2026-03-20 03:38:00,3.0959,3.0964,3.0939,3.0939,3.1009,3.1014,3.0989,3.0989,6
2026-03-20 03:39:00,3.0949,3.0949,3.0929,3.0929,3.0999,3.0999,3.0979,3.0979,3
2026-03-20 03:40:00,3.0924,3.0929,3.0924,3.0924,3.0974,3.0979,3.0974,3.0974,3
2026-03-20 03:41:00,3.0914,3.0919,3.0914,3.0914,3.0964,3.0969,3.0964,3.0964,3
2026-03-20 03:42:00,3.0919,3.0919,3.0909,3.0919,3.0969,3.0969,3.0959,3.0969,5
2026-03-20 03:43:00,3.0924,3.0929,3.0914,3.0924,3.0974,3.0979,3.0964,3.0974,8
2026-03-20 03:44:00,3.0919,3.0929,3.0919,3.0929,3.0969,3.0979,3.0969,3.0979,2
2026-03-20 03:45:00,3.0919,3.0919,3.0919,3.0919,3.0969,3.0969,3.0969,3.0969,1
2026-03-20 03:46:00,3.0909,3.0909,3.0874,3.0889,3.0959,3.0959,3.0924,3.0939,9
2026-03-20 03:47:00,3.0899,3.0899,3.0889,3.0894,3.0949,3.0949,3.0939,3.0944,3
2026-03-20 03:48:00,3.0899,3.0904,3.0899,3.0899,3.0949,3.0954,3.0949,3.0949,3
2026-03-20 03:49:00,3.0904,3.0919,3.0904,3.0909,3.0954,3.0969,3.0954,3.0959,9
2026-03-20 03:51:00,3.0919,3.0929,3.0919,3.0919,3.0969,3.0979,3.0969,3.0969,5
2026-03-20 03:52:00,3.0909,3.0909,3.0909,3.0909,3.0959,3.0959,3.0959,3.0959,1
2026-03-20 03:53:00,3.0919,3.0919,3.0909,3.0909,3.0969,3.0969,3.0959,3.0959,2
2026-03-20 03:54:00,3.0914,3.0919,3.0909,3.0919,3.0964,3.0969,3.0959,3.0969,4
2026-03-20 03:56:00,3.0909,3.0914,3.0894,3.0914,3.0959,3.0964,3.0944,3.0964,4
2026-03-20 03:57:00,3.0924,3.0939,3.0924,3.0939,3.0974,3.0989,3.0974,3.0989,3
2026-03-20 03:59:00,3.0929,3.0939,3.0929,3.0939,3.0979,3.0989,3.0979,3.0989,3
2026-03-20 04:00:00,3.0944,3.0944,3.0929,3.0929,3.0994,3.0994,3.0979,3.0979,5
2026-03-20 04:03:00,3.0934,3.0949,3.0934,3.0949,3.0984,3.0999,3.0984,3.0999,2
2026-03-20 04:04:00,3.0939,3.0939,3.0929,3.0934,3.0989,3.0989,3.0979,3.0984,3
2026-03-20 04:05:00,3.0949,3.0964,3.0944,3.0959,3.0999,3.1014,3.0994,3.1009,7
2026-03-20 04:06:00,3.0954,3.0954,3.0949,3.0954,3.1004,3.1004,3.0999,3.1004,3
2026-03-20 04:07:00,3.0959,3.0959,3.0959,3.0959,3.1009,3.1009,3.1009,3.1009,1
2026-03-20 04:09:00,3.0964,3.0964,3.0964,3.0964,3.1014,3.1014,3.1014,3.1014,1
2026-03-20 04:10:00,3.0959,3.0959,3.0954,3.0954,3.1009,3.1009,3.1004,3.1004,2
2026-03-20 04:11:00,3.0949,3.0949,3.0939,3.0939,3.0999,3.0999,3.0989,3.0989,7
2026-03-20 04:12:00,3.0934,3.0949,3.0934,3.0944,3.0984,3.0999,3.0984,3.0994,4
2026-03-20 04:13:00,3.0954,3.0954,3.0954,3.0954,3.1004,3.1004,3.1004,3.1004,1
2026-03-20 04:14:00,3.0959,3.0959,3.0954,3.0954,3.1009,3.1009,3.1004,3.1004,4
2026-03-20 04:15:00,3.0959,3.0959,3.0949,3.0949,3.1009,3.1009,3.0999,3.0999,3
2026-03-20 04:16:00,3.0954,3.0954,3.0934,3.0934,3.1004,3.1004,3.0984,3.0984,4
2026-03-20 04:17:00,3.0939,3.0954,3.0939,3.0949,3.0989,3.1004,3.0989,3.0999,4
2026-03-20 04:18:00,3.0959,3.0964,3.0959,3.0959,3.1009,3.1014,3.1009,3.1009,3
2026-03-20 04:19:00,3.0974,3.0974,3.0969,3.0969,3.1024,3.1024,3.1019,3.1019,6
2026-03-20 04:20:00,3.0974,3.0979,3.0974,3.0979,3.1024,3.1029,3.1024,3.1029,4
2026-03-20 04:21:00,3.0974,3.0994,3.0974,3.0989,3.1024,3.1044,3.1024,3.1039,5
2026-03-20 04:22:00,3.0979,3.0989,3.0979,3.0979,3.1029,3.1039,3.1029,3.1029,3
2026-03-20 04:23:00,3.0974,3.0979,3.0974,3.0979,3.1024,3.1029,3.1024,3.1029,2
2026-03-20 04:24:00,3.0989,3.0989,3.0979,3.0979,3.1039,3.1039,3.1029,3.1029,2
2026-03-20 04:25:00,3.0984,3.0984,3.0979,3.0979,3.1034,3.1034,3.1029,3.1029,4
2026-03-20 04:26:00,3.0989,3.0994,3.0989,3.0989,3.1039,3.1044,3.1039,3.1039,3
2026-03-20 04:27:00,3.1004,3.1004,3.0989,3.1004,3.1054,3.1054,3.1039,3.1054,6
2026-03-20 04:28:00,3.0999,3.1004,3.0994,3.0994,3.1049,3.1054,3.1044,3.1044,7
2026-03-20 04:29:00,3.0989,3.0989,3.0954,3.0964,3.1039,3.1039,3.1004,3.1014,8
2026-03-20 04:30:00,3.0969,3.0974,3.0839,3.0849,3.1019,3.1024,3.0889,3.0899,34
2026-03-20 04:31:00,3.0844,3.0889,3.0824,3.0874,3.0894,3.0939,3.0874,3.0924,41
2026-03-20 04:32:00,3.0889,3.0889,3.0864,3.0864,3.0939,3.0939,3.0914,3.0914,16
2026-03-20 04:33:00,3.0859,3.0859,3.0814,3.0814,3.0909,3.0909,3.0864,3.0864,8
2026-03-20 04:34:00,3.0819,3.0819,3.0744,3.0764,3.0869,3.0869,3.0794,3.0814,46
2026-03-20 04:35:00,3.0769,3.0769,3.0744,3.0749,3.0819,3.0819,3.0794,3.0799,19
2026-03-20 04:36:00,3.0764,3.0789,3.0754,3.0754,3.0814,3.0839,3.0804,3.0804,23
2026-03-20 04:37:00,3.0749,3.0764,3.0749,3.0754,3.0799,3.0814,3.0799,3.0804,17
2026-03-20 04:38:00,3.0759,3.0804,3.0759,3.0804,3.0809,3.0854,3.0809,3.0854,8
2026-03-20 04:39:00,3.0799,3.0854,3.0799,3.0854,3.0849,3.0904,3.0849,3.0904,7
2026-03-20 04:40:00,3.0859,3.0859,3.0834,3.0844,3.0909,3.0909,3.0884,3.0894,5
2026-03-20 04:41:00,3.0849,3.0889,3.0849,3.0884,3.0899,3.0939,3.0899,3.0934,6
2026-03-20 04:42:00,3.0889,3.0904,3.0889,3.0899,3.0939,3.0954,3.0939,3.0949,6
2026-03-20 04:43:00,3.0894,3.0899,3.0894,3.0899,3.0944,3.0949,3.0944,3.0949,6
2026-03-20 04:44:00,3.0894,3.0904,3.0884,3.0904,3.0944,3.0954,3.0934,3.0954,4
2026-03-20 04:45:00,3.0899,3.0899,3.0844,3.0849,3.0949,3.0949,3.0894,3.0899,20
2026-03-20 04:46:00,3.0854,3.0854,3.0824,3.0834,3.0904,3.0904,3.0874,3.0884,14
2026-03-20 04:47:00,3.0844,3.0859,3.0844,3.0859,3.0894,3.0909,3.0894,3.0909,2
2026-03-20 04:48:00,3.0864,3.0889,3.0864,3.0884,3.0914,3.0939,3.0914,3.0934,12
2026-03-20 04:49:00,3.0889,3.0889,3.0889,3.0889,3.0939,3.0939,3.0939,3.0939,1
2026-03-20 04:50:00,3.0884,3.0889,3.0884,3.0884,3.0934,3.0939,3.0934,3.0934,3
2026-03-20 04:51:00,3.0879,3.0884,3.0869,3.0879,3.0929,3.0934,3.0919,3.0929,6
2026-03-20 04:53:00,3.0884,3.0904,3.0884,3.0904,3.0934,3.0954,3.0934,3.0954,3
2026-03-20 04:55:00,3.0909,3.0914,3.0894,3.0914,3.0959,3.0964,3.0944,3.0964,7
2026-03-20 04:56:00,3.0919,3.0934,3.0904,3.0919,3.0969,3.0984,3.0954,3.0969,10
2026-03-20 04:57:00,3.0929,3.0959,3.0924,3.0954,3.0979,3.1009,3.0974,3.1004,8
2026-03-20 04:58:00,3.0959,3.0984,3.0954,3.0964,3.1009,3.1034,3.1004,3.1014,10
2026-03-20 04:59:00,3.0959,3.0964,3.0949,3.0954,3.1009,3.1014,3.0999,3.1004,5
2026-03-20 05:00:00,3.0944,3.0944,3.0899,3.0914,3.0994,3.0994,3.0949,3.0964,17
2026-03-20 05:01:00,3.0904,3.0904,3.0894,3.0894,3.0954,3.0954,3.0944,3.0944,2
2026-03-20 05:02:00,3.0889,3.0899,3.0889,3.0889,3.0939,3.0949,3.0939,3.0939,7
2026-03-20 05:03:00,3.0899,3.0899,3.0884,3.0889,3.0949,3.0949,3.0934,3.0939,4
2026-03-20 05:04:00,3.0884,3.0889,3.0884,3.0889,3.0934,3.0939,3.0934,3.0939,2
2026-03-20 05:05:00,3.0884,3.0884,3.0859,3.0869,3.0934,3.0934,3.0909,3.0919,13
2026-03-20 05:06:00,3.0879,3.0879,3.0879,3.0879,3.0929,3.0929,3.0929,3.0929,1
2026-03-20 05:07:00,3.0874,3.0884,3.0869,3.0884,3.0924,3.0934,3.0919,3.0934,3
2026-03-20 05:08:00,3.0889,3.0889,3.0889,3.0889,3.0939,3.0939,3.0939,3.0939,1
2026-03-20 05:09:00,3.0879,3.0884,3.0879,3.0879,3.0929,3.0934,3.0929,3.0929,5
2026-03-20 05:10:00,3.0869,3.0869,3.0829,3.0834,3.0919,3.0919,3.0879,3.0884,11
2026-03-20 05:12:00,3.0839,3.0849,3.0834,3.0839,3.0889,3.0899,3.0884,3.0889,7
2026-03-20 05:13:00,3.0844,3.0849,3.0839,3.0849,3.0894,3.0899,3.0889,3.0899,5
2026-03-20 05:14:00,3.0844,3.0844,3.0834,3.0844,3.0894,3.0894,3.0884,3.0894,3
2026-03-20 05:15:00,3.0849,3.0864,3.0849,3.0864,3.0899,3.0914,3.0899,3.0914,7
2026-03-20 05:16:00,3.0869,3.0879,3.0869,3.0879,3.0919,3.0929,3.0919,3.0929,2
2026-03-20 05:17:00,3.0889,3.0889,3.0879,3.0889,3.0939,3.0939,3.0929,3.0939,5
2026-03-20 05:18:00,3.0884,3.0884,3.0864,3.0869,3.0934,3.0934,3.0914,3.0919,4
2026-03-20 05:20:00,3.0874,3.0874,3.0854,3.0854,3.0924,3.0924,3.0904,3.0904,3
2026-03-20 05:21:00,3.0844,3.0864,3.0844,3.0854,3.0894,3.0914,3.0894,3.0904,5
2026-03-20 05:23:00,3.0849,3.0874,3.0834,3.0839,3.0899,3.0924,3.0884,3.0889,16
2026-03-20 05:24:00,3.0829,3.0849,3.0824,3.0849,3.0879,3.0899,3.0874,3.0899,6
2026-03-20 05:25:00,3.0844,3.0844,3.0834,3.0839,3.0894,3.0894,3.0884,3.0889,4
2026-03-20 05:26:00,3.0834,3.0834,3.0834,3.0834,3.0884,3.0884,3.0884,3.0884,1
2026-03-20 05:27:00,3.0829,3.0844,3.0829,3.0839,3.0879,3.0894,3.0879,3.0889,4
2026-03-20 05:28:00,3.0849,3.0859,3.0809,3.0819,3.0899,3.0909,3.0859,3.0869,21
2026-03-20 05:29:00,3.0824,3.0834,3.0794,3.0819,3.0874,3.0884,3.0844,3.0869,20
2026-03-20 05:30:00,3.0824,3.0824,3.0819,3.0824,3.0874,3.0874,3.0869,3.0874,3
2026-03-20 05:31:00,3.0829,3.0859,3.0829,3.0859,3.0879,3.0909,3.0879,3.0909,4
2026-03-20 05:32:00,3.0854,3.0859,3.0814,3.0814,3.0904,3.0909,3.0864,3.0864,7
2026-03-20 05:33:00,3.0804,3.0824,3.0804,3.0809,3.0854,3.0874,3.0854,3.0859,7
2026-03-20 05:35:00,3.0819,3.0839,3.0779,3.0839,3.0869,3.0889,3.0829,3.0889,26
2026-03-20 05:36:00,3.0834,3.0854,3.0834,3.0844,3.0884,3.0904,3.0884,3.0894,6
2026-03-20 05:37:00,3.0849,3.0849,3.0849,3.0849,3.0899,3.0899,3.0899,3.0899,1
2026-03-20 05:38:00,3.0854,3.0864,3.0829,3.0839,3.0904,3.0914,3.0879,3.0889,12
2026-03-20 05:39:00,3.0844,3.0849,3.0814,3.0814,3.0894,3.0899,3.0864,3.0864,11
2026-03-20 05:40:00,3.0819,3.0829,3.0814,3.0829,3.0869,3.0879,3.0864,3.0879,5
2026-03-20 05:43:00,3.0849,3.0854,3.0844,3.0854,3.0899,3.0904,3.0894,3.0904,8
2026-03-20 05:44:00,3.0869,3.0869,3.0864,3.0864,3.0919,3.0919,3.0914,3.0914,2
2026-03-20 05:45:00,3.0874,3.0874,3.0864,3.0869,3.0924,3.0924,3.0914,3.0919,5
2026-03-20 05:46:00,3.0864,3.0889,3.0859,3.0884,3.0914,3.0939,3.0909,3.0934,9
2026-03-20 05:47:00,3.0879,3.0904,3.0879,3.0904,3.0929,3.0954,3.0929,3.0954,5
2026-03-20 05:48:00,3.0894,3.0904,3.0884,3.0904,3.0944,3.0954,3.0934,3.0954,6
2026-03-20 05:49:00,3.0909,3.0924,3.0904,3.0919,3.0959,3.0974,3.0954,3.0969,12
2026-03-20 05:50:00,3.0904,3.0904,3.0864,3.0864,3.0954,3.0954,3.0914,3.0914,14
2026-03-20 05:51:00,3.0879,3.0904,3.0879,3.0889,3.0929,3.0954,3.0929,3.0939,10
2026-03-20 05:52:00,3.0899,3.0899,3.0889,3.0894,3.0949,3.0949,3.0939,3.0944,3
2026-03-20 05:53:00,3.0889,3.0899,3.0889,3.0899,3.0939,3.0949,3.0939,3.0949,5
2026-03-20 05:54:00,3.0904,3.0904,3.0899,3.0899,3.0954,3.0954,3.0949,3.0949,2
2026-03-20 05:55:00,3.0894,3.0894,3.0854,3.0859,3.0944,3.0944,3.0904,3.0909,30
2026-03-20 05:56:00,3.0864,3.0869,3.0839,3.0844,3.0914,3.0919,3.0889,3.0894,16
2026-03-20 05:57:00,3.0839,3.0854,3.0824,3.0839,3.0889,3.0904,3.0874,3.0889,11
2026-03-20 05:58:00,3.0834,3.0869,3.0834,3.0869,3.0884,3.0919,3.0884,3.0919,7
2026-03-20 05:59:00,3.0864,3.0879,3.0854,3.0859,3.0914,3.0929,3.0904,3.0909,10
2026-03-20 06:00:00,3.0864,3.0869,3.0829,3.0829,3.0914,3.0919,3.0879,3.0879,15
2026-03-20 06:01:00,3.0844,3.0849,3.0839,3.0849,3.0894,3.0899,3.0889,3.0899,4
2026-03-20 06:02:00,3.0844,3.0849,3.0839,3.0839,3.0894,3.0899,3.0889,3.0889,3
2026-03-20 06:03:00,3.0844,3.0859,3.0839,3.0859,3.0894,3.0909,3.0889,3.0909,10
2026-03-20 06:04:00,3.0854,3.0864,3.0834,3.0839,3.0904,3.0914,3.0884,3.0889,13
2026-03-20 06:05:00,3.0844,3.0859,3.0844,3.0849,3.0894,3.0909,3.0894,3.0899,4
2026-03-20 06:06:00,3.0844,3.0844,3.0834,3.0834,3.0894,3.0894,3.0884,3.0884,4
2026-03-20 06:07:00,3.0839,3.0854,3.0809,3.0854,3.0889,3.0904,3.0859,3.0904,10
2026-03-20 06:08:00,3.0849,3.0849,3.0849,3.0849,3.0899,3.0899,3.0899,3.0899,1
2026-03-20 06:09:00,3.0844,3.0844,3.0844,3.0844,3.0894,3.0894,3.0894,3.0894,1
2026-03-20 06:10:00,3.0834,3.0839,3.0834,3.0834,3.0884,3.0889,3.0884,3.0884,3
2026-03-20 06:11:00,3.0839,3.0839,3.0814,3.0829,3.0889,3.0889,3.0864,3.0879,8
2026-03-20 06:12:00,3.0824,3.0829,3.0809,3.0814,3.0874,3.0879,3.0859,3.0864,18
2026-03-20 06:14:00,3.0819,3.0829,3.0819,3.0824,3.0869,3.0879,3.0869,3.0874,3
2026-03-20 06:15:00,3.0814,3.0814,3.0794,3.0794,3.0864,3.0864,3.0844,3.0844,9
2026-03-20 06:16:00,3.0804,3.0804,3.0799,3.0799,3.0854,3.0854,3.0849,3.0849,2
2026-03-20 06:17:00,3.0794,3.0819,3.0794,3.0819,3.0844,3.0869,3.0844,3.0869,9
2026-03-20 06:18:00,3.0829,3.0839,3.0824,3.0829,3.0879,3.0889,3.0874,3.0879,11
2026-03-20 06:22:00,3.0844,3.0849,3.0844,3.0844,3.0894,3.0899,3.0894,3.0894,3
2026-03-20 06:23:00,3.0834,3.0834,3.0794,3.0804,3.0884,3.0884,3.0844,3.0854,12
2026-03-20 06:24:00,3.0809,3.0809,3.0804,3.0804,3.0859,3.0859,3.0854,3.0854,2
2026-03-20 06:25:00,3.0794,3.0794,3.0784,3.0794,3.0844,3.0844,3.0834,3.0844,4
2026-03-20 06:26:00,3.0789,3.0834,3.0789,3.0829,3.0839,3.0884,3.0839,3.0879,7
2026-03-20 06:27:00,3.0834,3.0869,3.0834,3.0869,3.0884,3.0919,3.0884,3.0919,9
2026-03-20 06:29:00,3.0874,3.0879,3.0874,3.0874,3.0924,3.0929,3.0924,3.0924,3
2026-03-20 06:30:00,3.0879,3.0884,3.0879,3.0879,3.0929,3.0934,3.0929,3.0929,3
2026-03-20 06:31:00,3.0884,3.0949,3.0884,3.0924,3.0934,3.0999,3.0934,3.0974,21
2026-03-20 06:32:00,3.0929,3.0964,3.0929,3.0959,3.0979,3.1014,3.0979,3.1009,14
2026-03-20 06:34:00,3.0964,3.0974,3.0954,3.0974,3.1014,3.1024,3.1004,3.1024,10
2026-03-20 06:35:00,3.0969,3.0969,3.0959,3.0969,3.1019,3.1019,3.1009,3.1019,5
2026-03-20 06:36:00,3.0974,3.0979,3.0974,3.0974,3.1024,3.1029,3.1024,3.1024,3
2026-03-20 06:37:00,3.0979,3.0979,3.0964,3.0964,3.1029,3.1029,3.1014,3.1014,4
2026-03-20 06:38:00,3.0969,3.0979,3.0969,3.0979,3.1019,3.1029,3.1019,3.1029,2
2026-03-20 06:39:00,3.0984,3.0984,3.0944,3.0944,3.1034,3.1034,3.0994,3.0994,10
2026-03-20 06:40:00,3.0934,3.0934,3.0904,3.0904,3.0984,3.0984,3.0954,3.0954,7
2026-03-20 06:41:00,3.0899,3.0944,3.0889,3.0944,3.0949,3.0994,3.0939,3.0994,12
2026-03-20 06:42:00,3.0939,3.0949,3.0934,3.0949,3.0989,3.0999,3.0984,3.0999,5
2026-03-20 06:43:00,3.0954,3.0964,3.0944,3.0959,3.1004,3.1014,3.0994,3.1009,7
2026-03-20 06:44:00,3.0964,3.0974,3.0949,3.0969,3.1014,3.1024,3.0999,3.1019,9
2026-03-20 06:45:00,3.0964,3.0964,3.0944,3.0944,3.1014,3.1014,3.0994,3.0994,6
2026-03-20 06:46:00,3.0954,3.0979,3.0949,3.0979,3.1004,3.1029,3.0999,3.1029,6
2026-03-20 06:47:00,3.0974,3.0979,3.0974,3.0979,3.1024,3.1029,3.1024,3.1029,2
2026-03-20 06:48:00,3.0974,3.0974,3.0949,3.0959,3.1024,3.1024,3.0999,3.1009,6
2026-03-20 06:49:00,3.0939,3.0944,3.0919,3.0919,3.0989,3.0994,3.0969,3.0969,5
2026-03-20 06:50:00,3.0934,3.0939,3.0924,3.0924,3.0984,3.0989,3.0974,3.0974,4
2026-03-20 06:51:00,3.0919,3.0939,3.0914,3.0939,3.0969,3.0989,3.0964,3.0989,10
2026-03-20 06:52:00,3.0934,3.0934,3.0879,3.0894,3.0984,3.0984,3.0929,3.0944,13
2026-03-20 06:53:00,3.0899,3.0899,3.0874,3.0874,3.0949,3.0949,3.0924,3.0924,11
2026-03-20 06:54:00,3.0869,3.0874,3.0869,3.0869,3.0919,3.0924,3.0919,3.0919,3
2026-03-20 06:55:00,3.0874,3.0884,3.0874,3.0879,3.0924,3.0934,3.0924,3.0929,3
2026-03-20 06:56:00,3.0884,3.0884,3.0879,3.0879,3.0934,3.0934,3.0929,3.0929,2
2026-03-20 06:57:00,3.0874,3.0874,3.0854,3.0854,3.0924,3.0924,3.0904,3.0904,3
2026-03-20 06:58:00,3.0864,3.0864,3.0844,3.0849,3.0914,3.0914,3.0894,3.0899,6
2026-03-20 06:59:00,3.0854,3.0879,3.0854,3.0879,3.0904,3.0929,3.0904,3.0929,4
2026-03-20 07:00:00,3.0884,3.0899,3.0884,3.0899,3.0934,3.0949,3.0934,3.0949,13
2026-03-20 07:01:00,3.0894,3.0939,3.0889,3.0929,3.0944,3.0989,3.0939,3.0979,16
2026-03-20 07:02:00,3.0934,3.0934,3.0899,3.0904,3.0984,3.0984,3.0949,3.0954,11
2026-03-20 07:03:00,3.0899,3.0914,3.0899,3.0914,3.0949,3.0964,3.0949,3.0964,4
2026-03-20 07:04:00,3.0909,3.0909,3.0894,3.0899,3.0959,3.0959,3.0944,3.0949,5
2026-03-20 07:05:00,3.0904,3.0924,3.0904,3.0919,3.0954,3.0974,3.0954,3.0969,6
2026-03-20 07:06:00,3.0934,3.0959,3.0919,3.0944,3.0984,3.1009,3.0969,3.0994,12
2026-03-20 07:07:00,3.0939,3.0939,3.0934,3.0934,3.0989,3.0989,3.0984,3.0984,4
2026-03-20 07:08:00,3.0924,3.0934,3.0924,3.0934,3.0974,3.0984,3.0974,3.0984,5
2026-03-20 07:09:00,3.0929,3.0934,3.0929,3.0934,3.0979,3.0984,3.0979,3.0984,2
2026-03-20 07:10:00,3.0944,3.0944,3.0914,3.0929,3.0994,3.0994,3.0964,3.0979,15
2026-03-20 07:11:00,3.0924,3.0949,3.0914,3.0949,3.0974,3.0999,3.0964,3.0999,8
2026-03-20 07:12:00,3.0944,3.0959,3.0934,3.0959,3.0994,3.1009,3.0984,3.1009,5
2026-03-20 07:13:00,3.0949,3.0949,3.0919,3.0924,3.0999,3.0999,3.0969,3.0974,6
2026-03-20 07:14:00,3.0919,3.0924,3.0919,3.0919,3.0969,3.0974,3.0969,3.0969,3
2026-03-20 07:15:00,3.0924,3.0924,3.0919,3.0919,3.0974,3.0974,3.0969,3.0969,4
2026-03-20 07:16:00,3.0924,3.0929,3.0894,3.0919,3.0974,3.0979,3.0944,3.0969,7
2026-03-20 07:17:00,3.0914,3.0914,3.0914,3.0914,3.0964,3.0964,3.0964,3.0964,1
2026-03-20 07:18:00,3.0909,3.0984,3.0909,3.0969,3.0959,3.1034,3.0959,3.1019,17
2026-03-20 07:19:00,3.0974,3.0979,3.0974,3.0979,3.1024,3.1029,3.1024,3.1029,4
2026-03-20 07:20:00,3.0969,3.0979,3.0969,3.0979,3.1019,3.1029,3.1019,3.1029,2
2026-03-20 07:21:00,3.0984,3.0984,3.0969,3.0974,3.1034,3.1034,3.1019,3.1024,4
2026-03-20 07:22:00,3.0979,3.1019,3.0974,3.0994,3.1029,3.1069,3.1024,3.1044,14
2026-03-20 07:23:00,3.0989,3.0999,3.0974,3.0989,3.1039,3.1049,3.1024,3.1039,8
2026-03-20 07:24:00,3.0974,3.0984,3.0964,3.0964,3.1024,3.1034,3.1014,3.1014,5
2026-03-20 07:25:00,3.0954,3.0994,3.0954,3.0994,3.1004,3.1044,3.1004,3.1044,8
2026-03-20 07:26:00,3.0984,3.0984,3.0964,3.0979,3.1034,3.1034,3.1014,3.1029,6
2026-03-20 07:27:00,3.0969,3.0979,3.0969,3.0974,3.1019,3.1029,3.1019,3.1024,3
2026-03-20 07:28:00,3.0969,3.0969,3.0934,3.0934,3.1019,3.1019,3.0984,3.0984,9
2026-03-20 07:29:00,3.0929,3.0929,3.0929,3.0929,3.0979,3.0979,3.0979,3.0979,1
2026-03-20 07:30:00,3.0939,3.0939,3.0929,3.0929,3.0989,3.0989,3.0979,3.0979,3
2026-03-20 07:31:00,3.0934,3.0979,3.0929,3.0964,3.0984,3.1029,3.0979,3.1014,13
2026-03-20 07:32:00,3.0969,3.1004,3.0969,3.0999,3.1019,3.1054,3.1019,3.1049,10
2026-03-20 07:33:00,3.0989,3.0994,3.0974,3.0989,3.1039,3.1044,3.1024,3.1039,10
2026-03-20 07:34:00,3.0994,3.1024,3.0994,3.1014,3.1044,3.1074,3.1044,3.1064,9
2026-03-20 07:36:00,3.1009,3.1014,3.0999,3.1014,3.1059,3.1064,3.1049,3.1064,6
2026-03-20 07:37:00,3.1019,3.1019,3.1009,3.1019,3.1069,3.1069,3.1059,3.1069,4
2026-03-20 07:38:00,3.1024,3.1029,3.1024,3.1029,3.1074,3.1079,3.1074,3.1079,2
2026-03-20 07:39:00,3.1019,3.1039,3.1019,3.1039,3.1069,3.1089,3.1069,3.1089,7
2026-03-20 07:40:00,3.1044,3.1044,3.1009,3.1024,3.1094,3.1094,3.1059,3.1074,8
2026-03-20 07:41:00,3.1029,3.1029,3.1009,3.1019,3.1079,3.1079,3.1059,3.1069,6
2026-03-20 07:42:00,3.1024,3.1034,3.1024,3.1034,3.1074,3.1084,3.1074,3.1084,5
2026-03-20 07:43:00,3.1029,3.1034,3.1009,3.1014,3.1079,3.1084,3.1059,3.1064,12
2026-03-20 07:44:00,3.1009,3.1024,3.0994,3.0994,3.1059,3.1074,3.1044,3.1044,5
2026-03-20 07:45:00,3.1004,3.1014,3.1004,3.1009,3.1054,3.1064,3.1054,3.1059,12
2026-03-20 07:46:00,3.1004,3.1014,3.1004,3.1014,3.1054,3.1064,3.1054,3.1064,4
2026-03-20 07:47:00,3.1019,3.1034,3.1019,3.1029,3.1069,3.1084,3.1069,3.1079,8
2026-03-20 07:48:00,3.1034,3.1034,3.1029,3.1029,3.1084,3.1084,3.1079,3.1079,6
2026-03-20 07:49:00,3.1019,3.1019,3.1009,3.1014,3.1069,3.1069,3.1059,3.1064,8
2026-03-20 07:50:00,3.1019,3.1019,3.0994,3.0999,3.1069,3.1069,3.1044,3.1049,8
2026-03-20 07:51:00,3.1004,3.1009,3.1004,3.1009,3.1054,3.1059,3.1054,3.1059,2
2026-03-20 07:52:00,3.1004,3.1019,3.0999,3.0999,3.1054,3.1069,3.1049,3.1049,6
2026-03-20 07:53:00,3.1004,3.1009,3.1004,3.1009,3.1054,3.1059,3.1054,3.1059,8
2026-03-20 07:54:00,3.1014,3.1019,3.1014,3.1019,3.1064,3.1069,3.1064,3.1069,2
2026-03-20 07:55:00,3.1024,3.1044,3.1024,3.1039,3.1074,3.1094,3.1074,3.1089,12
2026-03-20 07:56:00,3.1024,3.1044,3.1014,3.1029,3.1074,3.1094,3.1064,3.1079,11
2026-03-20 07:57:00,3.1024,3.1034,3.1004,3.1014,3.1074,3.1084,3.1054,3.1064,8
2026-03-20 07:58:00,3.1019,3.1024,3.1009,3.1014,3.1069,3.1074,3.1059,3.1064,6
2026-03-20 07:59:00,3.1024,3.1034,3.1024,3.1034,3.1074,3.1084,3.1074,3.1084,4
2026-03-20 08:00:00,3.1029,3.1044,3.1019,3.1029,3.1079,3.1094,3.1069,3.1079,15
2026-03-20 08:01:00,3.1034,3.1054,3.1029,3.1044,3.1084,3.1104,3.1079,3.1094,8
2026-03-20 08:02:00,3.1049,3.1094,3.1044,3.1084,3.1099,3.1144,3.1094,3.1134,23
2026-03-20 08:03:00,3.1079,3.1094,3.1059,3.1069,3.1129,3.1144,3.1109,3.1119,10
2026-03-20 08:04:00,3.1074,3.1079,3.1059,3.1079,3.1124,3.1129,3.1109,3.1129,9
2026-03-20 08:05:00,3.1064,3.1079,3.1019,3.1019,3.1114,3.1129,3.1069,3.1069,11
2026-03-20 08:06:00,3.1029,3.1039,3.1014,3.1019,3.1079,3.1089,3.1064,3.1069,7
2026-03-20 08:07:00,3.1024,3.1024,3.0999,3.0999,3.1074,3.1074,3.1049,3.1049,7
2026-03-20 08:08:00,3.0994,3.0999,3.0989,3.0999,3.1044,3.1049,3.1039,3.1049,5
2026-03-20 08:09:00,3.1004,3.1009,3.0999,3.1004,3.1054,3.1059,3.1049,3.1054,5
2026-03-20 08:10:00,3.0994,3.0994,3.0984,3.0984,3.1044,3.1044,3.1034,3.1034,7
2026-03-20 08:11:00,3.0989,3.1014,3.0984,3.1004,3.1039,3.1064,3.1034,3.1054,6
2026-03-20 08:12:00,3.0994,3.1014,3.0994,3.1014,3.1044,3.1064,3.1044,3.1064,7
2026-03-20 08:13:00,3.1019,3.1019,3.0994,3.0994,3.1069,3.1069,3.1044,3.1044,8
2026-03-20 08:14:00,3.0989,3.1014,3.0989,3.1014,3.1039,3.1064,3.1039,3.1064,13
2026-03-20 08:15:00,3.1004,3.1004,3.0989,3.0989,3.1054,3.1054,3.1039,3.1039,3
2026-03-20 08:16:00,3.0984,3.0984,3.0934,3.0949,3.1034,3.1034,3.0984,3.0999,15
2026-03-20 08:17:00,3.0954,3.0954,3.0934,3.0934,3.1004,3.1004,3.0984,3.0984,5
2026-03-20 08:18:00,3.0939,3.0949,3.0939,3.0949,3.0989,3.0999,3.0989,3.0999,4
2026-03-20 08:19:00,3.0939,3.0939,3.0879,3.0884,3.0989,3.0989,3.0929,3.0934,14
2026-03-20 08:20:00,3.0889,3.0894,3.0874,3.0879,3.0939,3.0944,3.0924,3.0929,10
2026-03-20 08:21:00,3.0874,3.0874,3.0824,3.0824,3.0924,3.0924,3.0874,3.0874,18
2026-03-20 08:22:00,3.0829,3.0859,3.0824,3.0859,3.0879,3.0909,3.0874,3.0909,16
2026-03-20 08:23:00,3.0864,3.0894,3.0864,3.0879,3.0914,3.0944,3.0914,3.0929,16
2026-03-20 08:24:00,3.0884,3.0899,3.0859,3.0879,3.0934,3.0949,3.0909,3.0929,24
2026-03-20 08:25:00,3.0874,3.0889,3.0864,3.0889,3.0924,3.0939,3.0914,3.0939,12
2026-03-20 08:26:00,3.0874,3.0874,3.0824,3.0839,3.0924,3.0924,3.0874,3.0889,53
2026-03-20 08:27:00,3.0834,3.0844,3.0804,3.0804,3.0884,3.0894,3.0854,3.0854,27
2026-03-20 08:28:00,3.0794,3.0859,3.0784,3.0859,3.0844,3.0909,3.0834,3.0909,17
2026-03-20 08:29:00,3.0849,3.0859,3.0844,3.0854,3.0899,3.0909,3.0894,3.0904,8
2026-03-20 08:30:00,3.0859,3.0869,3.0844,3.0844,3.0909,3.0919,3.0894,3.0894,6
2026-03-20 08:31:00,3.0839,3.0864,3.0839,3.0859,3.0889,3.0914,3.0889,3.0909,9
2026-03-20 08:32:00,3.0844,3.0844,3.0799,3.0804,3.0894,3.0894,3.0849,3.0854,8
2026-03-20 08:33:00,3.0809,3.0809,3.0714,3.0724,3.0859,3.0859,3.0764,3.0774,24
2026-03-20 08:34:00,3.0734,3.0734,3.0659,3.0729,3.0784,3.0784,3.0709,3.0779,32
2026-03-20 08:35:00,3.0739,3.0784,3.0739,3.0749,3.0789,3.0834,3.0789,3.0799,16
2026-03-20 08:36:00,3.0744,3.0769,3.0744,3.0769,3.0794,3.0819,3.0794,3.0819,11
2026-03-20 08:37:00,3.0759,3.0769,3.0729,3.0749,3.0809,3.0819,3.0779,3.0799,28
2026-03-20 08:38:00,3.0754,3.0759,3.0739,3.0749,3.0804,3.0809,3.0789,3.0799,10
2026-03-20 08:39:00,3.0744,3.0774,3.0734,3.0774,3.0794,3.0824,3.0784,3.0824,11
2026-03-20 08:40:00,3.0779,3.0779,3.0769,3.0769,3.0829,3.0829,3.0819,3.0819,6
2026-03-20 08:41:00,3.0764,3.0779,3.0759,3.0779,3.0814,3.0829,3.0809,3.0829,3
2026-03-20 08:42:00,3.0784,3.0784,3.0729,3.0749,3.0834,3.0834,3.0779,3.0799,17
2026-03-20 08:43:00,3.0744,3.0749,3.0744,3.0749,3.0794,3.0799,3.0794,3.0799,4
2026-03-20 08:44:00,3.0754,3.0774,3.0754,3.0764,3.0804,3.0824,3.0804,3.0814,7
2026-03-20 08:45:00,3.0759,3.0759,3.0714,3.0719,3.0809,3.0809,3.0764,3.0769,16
2026-03-20 08:46:00,3.0714,3.0724,3.0689,3.0724,3.0764,3.0774,3.0739,3.0774,8
2026-03-20 08:47:00,3.0719,3.0734,3.0719,3.0729,3.0769,3.0784,3.0769,3.0779,7
2026-03-20 08:48:00,3.0734,3.0744,3.0714,3.0719,3.0784,3.0794,3.0764,3.0769,18
2026-03-20 08:49:00,3.0724,3.0734,3.0709,3.0729,3.0774,3.0784,3.0759,3.0779,15
2026-03-20 08:50:00,3.0714,3.0734,3.0709,3.0709,3.0764,3.0784,3.0759,3.0759,14
2026-03-20 08:51:00,3.0714,3.0744,3.0714,3.0744,3.0764,3.0794,3.0764,3.0794,11
2026-03-20 08:52:00,3.0739,3.0739,3.0684,3.0719,3.0789,3.0789,3.0734,3.0769,14
2026-03-20 08:53:00,3.0709,3.0709,3.0704,3.0704,3.0759,3.0759,3.0754,3.0754,6
2026-03-20 08:54:00,3.0709,3.0709,3.0709,3.0709,3.0759,3.0759,3.0759,3.0759,1
2026-03-20 08:55:00,3.0724,3.0739,3.0719,3.0724,3.0774,3.0789,3.0769,3.0774,9
2026-03-20 08:56:00,3.0729,3.0739,3.0724,3.0739,3.0779,3.0789,3.0774,3.0789,5
2026-03-20 08:57:00,3.0754,3.0774,3.0754,3.0764,3.0804,3.0824,3.0804,3.0814,13
2026-03-20 08:58:00,3.0774,3.0779,3.0764,3.0764,3.0824,3.0829,3.0814,3.0814,6
2026-03-20 08:59:00,3.0759,3.0759,3.0749,3.0759,3.0809,3.0809,3.0799,3.0809,7
2026-03-20 09:00:00,3.0764,3.0784,3.0754,3.0759,3.0814,3.0834,3.0804,3.0809,19
2026-03-20 09:01:00,3.0769,3.0834,3.0769,3.0824,3.0819,3.0884,3.0819,3.0874,8
2026-03-20 09:02:00,3.0829,3.0849,3.0779,3.0779,3.0879,3.0899,3.0829,3.0829,21
2026-03-20 09:03:00,3.0784,3.0804,3.0744,3.0744,3.0834,3.0854,3.0794,3.0794,22
2026-03-20 09:04:00,3.0739,3.0739,3.0709,3.0714,3.0789,3.0789,3.0759,3.0764,5
2026-03-20 09:05:00,3.0719,3.0719,3.0699,3.0699,3.0769,3.0769,3.0749,3.0749,6
2026-03-20 09:06:00,3.0704,3.0739,3.0704,3.0729,3.0754,3.0789,3.0754,3.0779,9
2026-03-20 09:07:00,3.0724,3.0724,3.0644,3.0644,3.0774,3.0774,3.0694,3.0694,10
2026-03-20 09:08:00,3.0639,3.0669,3.0624,3.0624,3.0689,3.0719,3.0674,3.0674,17
2026-03-20 09:09:00,3.0619,3.0624,3.0614,3.0614,3.0669,3.0674,3.0664,3.0664,4
2026-03-20 09:10:00,3.0599,3.0664,3.0599,3.0659,3.0649,3.0714,3.0649,3.0709,18
2026-03-20 09:11:00,3.0649,3.0704,3.0649,3.0704,3.0699,3.0754,3.0699,3.0754,19
2026-03-20 09:12:00,3.0699,3.0714,3.0699,3.0704,3.0749,3.0764,3.0749,3.0754,9
2026-03-20 09:13:00,3.0699,3.0724,3.0699,3.0714,3.0749,3.0774,3.0749,3.0764,14
2026-03-20 09:14:00,3.0709,3.0734,3.0709,3.0724,3.0759,3.0784,3.0759,3.0774,12
2026-03-20 09:15:00,3.0729,3.0729,3.0674,3.0674,3.0779,3.0779,3.0724,3.0724,14
2026-03-20 09:16:00,3.0679,3.0699,3.0674,3.0699,3.0729,3.0749,3.0724,3.0749,9
2026-03-20 09:17:00,3.0709,3.0709,3.0689,3.0704,3.0759,3.0759,3.0739,3.0754,9
2026-03-20 09:18:00,3.0714,3.0714,3.0699,3.0699,3.0764,3.0764,3.0749,3.0749,5
2026-03-20 09:19:00,3.0694,3.0714,3.0689,3.0714,3.0744,3.0764,3.0739,3.0764,7
2026-03-20 09:20:00,3.0709,3.0734,3.0709,3.0724,3.0759,3.0784,3.0759,3.0774,9
2026-03-20 09:21:00,3.0729,3.0729,3.0709,3.0729,3.0779,3.0779,3.0759,3.0779,6
2026-03-20 09:22:00,3.0724,3.0774,3.0724,3.0769,3.0774,3.0824,3.0774,3.0819,19
2026-03-20 09:23:00,3.0759,3.0784,3.0754,3.0754,3.0809,3.0834,3.0804,3.0804,14
2026-03-20 09:24:00,3.0764,3.0779,3.0764,3.0769,3.0814,3.0829,3.0814,3.0819,8
2026-03-20 09:25:00,3.0774,3.0779,3.0769,3.0779,3.0824,3.0829,3.0819,3.0829,7
2026-03-20 09:26:00,3.0774,3.0784,3.0769,3.0784,3.0824,3.0834,3.0819,3.0834,8
2026-03-20 09:27:00,3.0789,3.0814,3.0789,3.0799,3.0839,3.0864,3.0839,3.0849,11
2026-03-20 09:28:00,3.0804,3.0809,3.0779,3.0799,3.0854,3.0859,3.0829,3.0849,15
2026-03-20 09:29:00,3.0794,3.0794,3.0754,3.0784,3.0844,3.0844,3.0804,3.0834,27
2026-03-20 09:30:00,3.0769,3.0769,3.0709,3.0709,3.0819,3.0819,3.0759,3.0759,18
2026-03-20 09:31:00,3.0714,3.0719,3.0664,3.0694,3.0764,3.0769,3.0714,3.0744,23
2026-03-20 09:32:00,3.0689,3.0704,3.0679,3.0699,3.0739,3.0754,3.0729,3.0749,17
2026-03-20 09:33:00,3.0694,3.0744,3.0694,3.0724,3.0744,3.0794,3.0744,3.0774,21
2026-03-20 09:34:00,3.0729,3.0744,3.0704,3.0709,3.0779,3.0794,3.0754,3.0759,11
2026-03-20 09:35:00,3.0704,3.0724,3.0699,3.0724,3.0754,3.0774,3.0749,3.0774,8
2026-03-20 09:36:00,3.0719,3.0764,3.0719,3.0739,3.0769,3.0814,3.0769,3.0789,17
2026-03-20 09:37:00,3.0729,3.0759,3.0729,3.0759,3.0779,3.0809,3.0779,3.0809,8
2026-03-20 09:38:00,3.0739,3.0769,3.0739,3.0764,3.0789,3.0819,3.0789,3.0814,7
2026-03-20 09:39:00,3.0759,3.0774,3.0754,3.0759,3.0809,3.0824,3.0804,3.0809,7
2026-03-20 09:40:00,3.0754,3.0754,3.0744,3.0754,3.0804,3.0804,3.0794,3.0804,6
2026-03-20 09:41:00,3.0759,3.0774,3.0744,3.0769,3.0809,3.0824,3.0794,3.0819,13
2026-03-20 09:42:00,3.0774,3.0794,3.0774,3.0794,3.0824,3.0844,3.0824,3.0844,5
2026-03-20 09:43:00,3.0789,3.0819,3.0779,3.0819,3.0839,3.0869,3.0829,3.0869,25
2026-03-20 09:44:00,3.0814,3.0844,3.0804,3.0839,3.0864,3.0894,3.0854,3.0889,12
2026-03-20 09:45:00,3.0844,3.0854,3.0834,3.0844,3.0894,3.0904,3.0884,3.0894,9
2026-03-20 09:46:00,3.0839,3.0854,3.0839,3.0854,3.0889,3.0904,3.0889,3.0904,13
2026-03-20 09:47:00,3.0859,3.0869,3.0844,3.0859,3.0909,3.0919,3.0894,3.0909,13
2026-03-20 09:48:00,3.0854,3.0864,3.0829,3.0864,3.0904,3.0914,3.0879,3.0914,39
2026-03-20 09:49:00,3.0859,3.0874,3.0854,3.0854,3.0909,3.0924,3.0904,3.0904,12
2026-03-20 09:50:00,3.0834,3.0864,3.0824,3.0854,3.0884,3.0914,3.0874,3.0904,42
2026-03-20 09:51:00,3.0844,3.0874,3.0829,3.0864,3.0894,3.0924,3.0879,3.0914,20
2026-03-20 09:52:00,3.0869,3.0874,3.0854,3.0869,3.0919,3.0924,3.0904,3.0919,14
2026-03-20 09:53:00,3.0859,3.0894,3.0859,3.0874,3.0909,3.0944,3.0909,3.0924,11
2026-03-20 09:54:00,3.0879,3.0894,3.0869,3.0889,3.0929,3.0944,3.0919,3.0939,18
2026-03-20 09:55:00,3.0884,3.0904,3.0864,3.0904,3.0934,3.0954,3.0914,3.0954,21
2026-03-20 09:56:00,3.0909,3.0909,3.0909,3.0909,3.0959,3.0959,3.0959,3.0959,1
2026-03-20 09:57:00,3.0904,3.0924,3.0844,3.0854,3.0954,3.0974,3.0894,3.0904,33
2026-03-20 09:58:00,3.0844,3.0859,3.0834,3.0854,3.0894,3.0909,3.0884,3.0904,30
2026-03-20 09:59:00,3.0849,3.0859,3.0824,3.0824,3.0899,3.0909,3.0874,3.0874,26
2026-03-20 10:00:00,3.0819,3.0874,3.0779,3.0874,3.0869,3.0924,3.0829,3.0924,34
2026-03-20 10:01:00,3.0869,3.0874,3.0854,3.0864,3.0919,3.0924,3.0904,3.0914,10
2026-03-20 10:02:00,3.0859,3.0864,3.0849,3.0854,3.0909,3.0914,3.0899,3.0904,6
2026-03-20 10:03:00,3.0859,3.0864,3.0819,3.0844,3.0909,3.0914,3.0869,3.0894,45
2026-03-20 10:04:00,3.0839,3.0844,3.0829,3.0829,3.0889,3.0894,3.0879,3.0879,21
2026-03-20 10:05:00,3.0839,3.0859,3.0834,3.0839,3.0889,3.0909,3.0884,3.0889,14
2026-03-20 10:06:00,3.0844,3.0849,3.0834,3.0844,3.0894,3.0899,3.0884,3.0894,11
2026-03-20 10:07:00,3.0849,3.0849,3.0829,3.0839,3.0899,3.0899,3.0879,3.0889,16
2026-03-20 10:08:00,3.0844,3.0859,3.0839,3.0839,3.0894,3.0909,3.0889,3.0889,15
2026-03-20 10:09:00,3.0844,3.0849,3.0839,3.0839,3.0894,3.0899,3.0889,3.0889,7
2026-03-20 10:10:00,3.0834,3.0874,3.0819,3.0869,3.0884,3.0924,3.0869,3.0919,17
2026-03-20 10:11:00,3.0874,3.0874,3.0854,3.0854,3.0924,3.0924,3.0904,3.0904,12
2026-03-20 10:12:00,3.0864,3.0879,3.0844,3.0859,3.0914,3.0929,3.0894,3.0909,16
2026-03-20 10:13:00,3.0849,3.0859,3.0844,3.0849,3.0899,3.0909,3.0894,3.0899,6
2026-03-20 10:14:00,3.0854,3.0874,3.0854,3.0874,3.0904,3.0924,3.0904,3.0924,8
2026-03-20 10:15:00,3.0879,3.0884,3.0869,3.0869,3.0929,3.0934,3.0919,3.0919,15
2026-03-20 10:16:00,3.0874,3.0884,3.0869,3.0869,3.0924,3.0934,3.0919,3.0919,9
2026-03-20 10:17:00,3.0874,3.0889,3.0869,3.0869,3.0924,3.0939,3.0919,3.0919,11
2026-03-20 10:18:00,3.0864,3.0874,3.0849,3.0874,3.0914,3.0924,3.0899,3.0924,9
2026-03-20 10:19:00,3.0884,3.0884,3.0839,3.0849,3.0934,3.0934,3.0889,3.0899,14
2026-03-20 10:20:00,3.0844,3.0844,3.0804,3.0804,3.0894,3.0894,3.0854,3.0854,14
2026-03-20 10:21:00,3.0814,3.0834,3.0809,3.0824,3.0864,3.0884,3.0859,3.0874,16
2026-03-20 10:22:00,3.0819,3.0829,3.0804,3.0814,3.0869,3.0879,3.0854,3.0864,15
2026-03-20 10:23:00,3.0819,3.0844,3.0819,3.0834,3.0869,3.0894,3.0869,3.0884,12
2026-03-20 10:24:00,3.0839,3.0844,3.0834,3.0844,3.0889,3.0894,3.0884,3.0894,6
2026-03-20 10:25:00,3.0839,3.0874,3.0839,3.0859,3.0889,3.0924,3.0889,3.0909,14
2026-03-20 10:26:00,3.0854,3.0869,3.0849,3.0869,3.0904,3.0919,3.0899,3.0919,13
2026-03-20 10:27:00,3.0874,3.0874,3.0859,3.0859,3.0924,3.0924,3.0909,3.0909,6
2026-03-20 10:28:00,3.0869,3.0904,3.0864,3.0889,3.0919,3.0954,3.0914,3.0939,10
2026-03-20 10:29:00,3.0894,3.0924,3.0889,3.0924,3.0944,3.0974,3.0939,3.0974,7
2026-03-20 10:30:00,3.0929,3.0959,3.0929,3.0954,3.0979,3.1009,3.0979,3.1004,12
2026-03-20 10:31:00,3.0949,3.0949,3.0924,3.0939,3.0999,3.0999,3.0974,3.0989,13
2026-03-20 10:32:00,3.0949,3.0964,3.0939,3.0959,3.0999,3.1014,3.0989,3.1009,11
2026-03-20 10:33:00,3.0954,3.0974,3.0944,3.0974,3.1004,3.1024,3.0994,3.1024,8
2026-03-20 10:34:00,3.0969,3.0969,3.0949,3.0959,3.1019,3.1019,3.0999,3.1009,11
2026-03-20 10:35:00,3.0954,3.0984,3.0949,3.0984,3.1004,3.1034,3.0999,3.1034,13
2026-03-20 10:36:00,3.0989,3.0999,3.0984,3.0994,3.1039,3.1049,3.1034,3.1044,11
2026-03-20 10:37:00,3.0989,3.0999,3.0989,3.0999,3.1039,3.1049,3.1039,3.1049,5
2026-03-20 10:38:00,3.1004,3.1004,3.0974,3.0984,3.1054,3.1054,3.1024,3.1034,21
2026-03-20 10:39:00,3.0989,3.1029,3.0984,3.0994,3.1039,3.1079,3.1034,3.1044,24
2026-03-20 10:40:00,3.0984,3.0994,3.0969,3.0984,3.1034,3.1044,3.1019,3.1034,8
2026-03-20 10:41:00,3.0989,3.1034,3.0989,3.1034,3.1039,3.1084,3.1039,3.1084,12
2026-03-20 10:42:00,3.1029,3.1034,3.1019,3.1029,3.1079,3.1084,3.1069,3.1079,8
2026-03-20 10:43:00,3.1024,3.1044,3.1004,3.1044,3.1074,3.1094,3.1054,3.1094,23
2026-03-20 10:44:00,3.1054,3.1104,3.1019,3.1074,3.1104,3.1154,3.1069,3.1124,42
2026-03-20 10:45:00,3.1079,3.1104,3.1079,3.1099,3.1129,3.1154,3.1129,3.1149,20
2026-03-20 10:46:00,3.1104,3.1154,3.1099,3.1144,3.1154,3.1204,3.1149,3.1194,22
2026-03-20 10:47:00,3.1149,3.1184,3.1149,3.1184,3.1199,3.1234,3.1199,3.1234,10
2026-03-20 10:48:00,3.1179,3.1184,3.1159,3.1179,3.1229,3.1234,3.1209,3.1229,16
2026-03-20 10:49:00,3.1184,3.1209,3.1154,3.1164,3.1234,3.1259,3.1204,3.1214,25
2026-03-20 10:50:00,3.1149,3.1149,3.1089,3.1114,3.1199,3.1199,3.1139,3.1164,20
2026-03-20 10:51:00,3.1104,3.1109,3.1069,3.1109,3.1154,3.1159,3.1119,3.1159,13
2026-03-20 10:52:00,3.1119,3.1159,3.1119,3.1149,3.1169,3.1209,3.1169,3.1199,15
2026-03-20 10:53:00,3.1154,3.1169,3.1154,3.1159,3.1204,3.1219,3.1204,3.1209,9
2026-03-20 10:54:00,3.1169,3.1199,3.1164,3.1184,3.1219,3.1249,3.1214,3.1234,11
2026-03-20 10:55:00,3.1179,3.1179,3.1159,3.1174,3.1229,3.1229,3.1209,3.1224,11
2026-03-20 10:56:00,3.1179,3.1214,3.1179,3.1204,3.1229,3.1264,3.1229,3.1254,23
2026-03-20 10:57:00,3.1209,3.1219,3.1209,3.1219,3.1259,3.1269,3.1259,3.1269,9
2026-03-20 10:58:00,3.1214,3.1224,3.1194,3.1204,3.1264,3.1274,3.1244,3.1254,20
2026-03-20 10:59:00,3.1199,3.1234,3.1199,3.1204,3.1249,3.1284,3.1249,3.1254,26
2026-03-20 11:00:00,3.1194,3.1254,3.1194,3.1254,3.1244,3.1304,3.1244,3.1304,32
2026-03-20 11:01:00,3.1244,3.1264,3.1234,3.1254,3.1294,3.1314,3.1284,3.1304,21
2026-03-20 11:02:00,3.1259,3.1274,3.1234,3.1254,3.1309,3.1324,3.1284,3.1304,17
2026-03-20 11:03:00,3.1244,3.1269,3.1239,3.1269,3.1294,3.1319,3.1289,3.1319,13
2026-03-20 11:04:00,3.1264,3.1284,3.1264,3.1269,3.1314,3.1334,3.1314,3.1319,11
2026-03-20 11:05:00,3.1274,3.1274,3.1179,3.1194,3.1324,3.1324,3.1229,3.1244,24
2026-03-20 11:06:00,3.1184,3.1184,3.1134,3.1159,3.1234,3.1234,3.1184,3.1209,26
2026-03-20 11:07:00,3.1154,3.1179,3.1149,3.1169,3.1204,3.1229,3.1199,3.1219,20
2026-03-20 11:08:00,3.1174,3.1184,3.1144,3.1179,3.1224,3.1234,3.1194,3.1229,24
2026-03-20 11:09:00,3.1169,3.1189,3.1164,3.1179,3.1219,3.1239,3.1214,3.1229,16
2026-03-20 11:10:00,3.1184,3.1224,3.1179,3.1199,3.1234,3.1274,3.1229,3.1249,24
2026-03-20 11:11:00,3.1194,3.1224,3.1194,3.1219,3.1244,3.1274,3.1244,3.1269,13
2026-03-20 11:12:00,3.1214,3.1214,3.1179,3.1204,3.1264,3.1264,3.1229,3.1254,39
2026-03-20 11:13:00,3.1199,3.1199,3.1164,3.1179,3.1249,3.1249,3.1214,3.1229,23
2026-03-20 11:14:00,3.1174,3.1174,3.1119,3.1124,3.1224,3.1224,3.1169,3.1174,12
2026-03-20 11:15:00,3.1129,3.1129,3.1074,3.1084,3.1179,3.1179,3.1124,3.1134,13
2026-03-20 11:16:00,3.1079,3.1089,3.1064,3.1089,3.1129,3.1139,3.1114,3.1139,13
2026-03-20 11:17:00,3.1084,3.1119,3.1084,3.1119,3.1134,3.1169,3.1134,3.1169,12
2026-03-20 11:18:00,3.1114,3.1154,3.1114,3.1149,3.1164,3.1204,3.1164,3.1199,18
2026-03-20 11:19:00,3.1159,3.1159,3.1114,3.1129,3.1209,3.1209,3.1164,3.1179,23
2026-03-20 11:20:00,3.1124,3.1164,3.1124,3.1164,3.1174,3.1214,3.1174,3.1214,29
2026-03-20 11:21:00,3.1154,3.1174,3.1154,3.1169,3.1204,3.1224,3.1204,3.1219,6
2026-03-20 11:22:00,3.1174,3.1174,3.1144,3.1144,3.1224,3.1224,3.1194,3.1194,29
2026-03-20 11:23:00,3.1134,3.1134,3.1119,3.1119,3.1184,3.1184,3.1169,3.1169,4
2026-03-20 11:24:00,3.1129,3.1139,3.1119,3.1119,3.1179,3.1189,3.1169,3.1169,8
2026-03-20 11:25:00,3.1129,3.1129,3.1089,3.1089,3.1179,3.1179,3.1139,3.1139,15
2026-03-20 11:26:00,3.1094,3.1099,3.1094,3.1099,3.1144,3.1149,3.1144,3.1149,2
2026-03-20 11:27:00,3.1109,3.1124,3.1109,3.1109,3.1159,3.1174,3.1159,3.1159,6
2026-03-20 11:28:00,3.1129,3.1154,3.1129,3.1144,3.1179,3.1204,3.1179,3.1194,11
2026-03-20 11:29:00,3.1154,3.1154,3.1124,3.1149,3.1204,3.1204,3.1174,3.1199,10
2026-03-20 11:30:00,3.1154,3.1154,3.1099,3.1109,3.1204,3.1204,3.1149,3.1159,21
2026-03-20 11:31:00,3.1114,3.1134,3.1109,3.1114,3.1164,3.1184,3.1159,3.1164,9
2026-03-20 11:32:00,3.1109,3.1129,3.1099,3.1129,3.1159,3.1179,3.1149,3.1179,15
2026-03-20 11:33:00,3.1134,3.1144,3.1124,3.1139,3.1184,3.1194,3.1174,3.1189,8
2026-03-20 11:34:00,3.1144,3.1144,3.1109,3.1109,3.1194,3.1194,3.1159,3.1159,11
2026-03-20 11:35:00,3.1119,3.1139,3.1099,3.1104,3.1169,3.1189,3.1149,3.1154,13
2026-03-20 11:36:00,3.1099,3.1139,3.1099,3.1134,3.1149,3.1189,3.1149,3.1184,16
2026-03-20 11:37:00,3.1124,3.1154,3.1124,3.1129,3.1174,3.1204,3.1174,3.1179,9
2026-03-20 11:38:00,3.1134,3.1134,3.1134,3.1134,3.1184,3.1184,3.1184,3.1184,1
2026-03-20 11:39:00,3.1129,3.1129,3.1109,3.1124,3.1179,3.1179,3.1159,3.1174,8
2026-03-20 11:40:00,3.1119,3.1119,3.1094,3.1094,3.1169,3.1169,3.1144,3.1144,13
2026-03-20 11:41:00,3.1114,3.1159,3.1114,3.1159,3.1164,3.1209,3.1164,3.1209,19
2026-03-20 11:42:00,3.1149,3.1149,3.1119,3.1139,3.1199,3.1199,3.1169,3.1189,13
2026-03-20 11:43:00,3.1134,3.1159,3.1134,3.1149,3.1184,3.1209,3.1184,3.1199,11
2026-03-20 11:44:00,3.1144,3.1144,3.1114,3.1114,3.1194,3.1194,3.1164,3.1164,26
2026-03-20 11:45:00,3.1119,3.1129,3.1114,3.1119,3.1169,3.1179,3.1164,3.1169,12
2026-03-20 11:46:00,3.1109,3.1109,3.1044,3.1054,3.1159,3.1159,3.1094,3.1104,16
2026-03-20 11:47:00,3.1049,3.1059,3.1029,3.1059,3.1099,3.1109,3.1079,3.1109,10
2026-03-20 11:48:00,3.1054,3.1079,3.1054,3.1079,3.1104,3.1129,3.1104,3.1129,8
2026-03-20 11:49:00,3.1084,3.1109,3.1084,3.1084,3.1134,3.1159,3.1134,3.1134,10
2026-03-20 11:50:00,3.1094,3.1094,3.1004,3.1009,3.1144,3.1144,3.1054,3.1059,29
2026-03-20 11:51:00,3.1014,3.1049,3.1004,3.1009,3.1064,3.1099,3.1054,3.1059,14
2026-03-20 11:52:00,3.1004,3.1019,3.0999,3.1009,3.1054,3.1069,3.1049,3.1059,12
2026-03-20 11:53:00,3.1004,3.1024,3.0979,3.0984,3.1054,3.1074,3.1029,3.1034,39
2026-03-20 11:54:00,3.0989,3.1004,3.0984,3.0984,3.1039,3.1054,3.1034,3.1034,15
2026-03-20 11:55:00,3.0989,3.0989,3.0954,3.0964,3.1039,3.1039,3.1004,3.1014,8
2026-03-20 11:56:00,3.0954,3.0954,3.0914,3.0944,3.1004,3.1004,3.0964,3.0994,19
2026-03-20 11:57:00,3.0939,3.0964,3.0914,3.0964,3.0989,3.1014,3.0964,3.1014,20
2026-03-20 11:58:00,3.0974,3.0984,3.0969,3.0979,3.1024,3.1034,3.1019,3.1029,10
2026-03-20 11:59:00,3.0984,3.1014,3.0984,3.1014,3.1034,3.1064,3.1034,3.1064,13
2026-03-20 12:00:00,3.1009,3.1014,3.0959,3.0994,3.1059,3.1064,3.1009,3.1044,23
2026-03-20 12:01:00,3.0989,3.1064,3.0984,3.1049,3.1039,3.1114,3.1034,3.1099,30
2026-03-20 12:02:00,3.1054,3.1054,3.0854,3.0874,3.1104,3.1104,3.0904,3.0924,56
2026-03-20 12:03:00,3.0879,3.0884,3.0764,3.0789,3.0929,3.0934,3.0814,3.0839,37
2026-03-20 12:04:00,3.0774,3.0804,3.0754,3.0794,3.0824,3.0854,3.0804,3.0844,48
2026-03-20 12:05:00,3.0789,3.0794,3.0744,3.0749,3.0839,3.0844,3.0794,3.0799,32
2026-03-20 12:06:00,3.0754,3.0769,3.0724,3.0749,3.0804,3.0819,3.0774,3.0799,26
2026-03-20 12:07:00,3.0759,3.0834,3.0754,3.0824,3.0809,3.0884,3.0804,3.0874,34
2026-03-20 12:08:00,3.0829,3.0834,3.0774,3.0779,3.0879,3.0884,3.0824,3.0829,14
2026-03-20 12:09:00,3.0774,3.0854,3.0764,3.0844,3.0824,3.0904,3.0814,3.0894,36
2026-03-20 12:10:00,3.0839,3.0854,3.0809,3.0849,3.0889,3.0904,3.0859,3.0899,55
2026-03-20 12:11:00,3.0854,3.0874,3.0834,3.0849,3.0904,3.0924,3.0884,3.0899,22
2026-03-20 12:12:00,3.0844,3.0879,3.0839,3.0879,3.0894,3.0929,3.0889,3.0929,35
2026-03-20 12:13:00,3.0874,3.0879,3.0839,3.0839,3.0924,3.0929,3.0889,3.0889,23
2026-03-20 12:14:00,3.0829,3.0849,3.0804,3.0849,3.0879,3.0899,3.0854,3.0899,34
2026-03-20 12:15:00,3.0854,3.0859,3.0819,3.0849,3.0904,3.0909,3.0869,3.0899,25
2026-03-20 12:16:00,3.0854,3.0874,3.0829,3.0844,3.0904,3.0924,3.0879,3.0894,50
2026-03-20 12:17:00,3.0839,3.0884,3.0834,3.0879,3.0889,3.0934,3.0884,3.0929,61
2026-03-20 12:18:00,3.0874,3.0874,3.0804,3.0864,3.0924,3.0924,3.0854,3.0914,27
2026-03-20 12:19:00,3.0859,3.0969,3.0859,3.0939,3.0909,3.1019,3.0909,3.0989,32
2026-03-20 12:20:00,3.0934,3.0959,3.0904,3.0959,3.0984,3.1009,3.0954,3.1009,30
2026-03-20 12:21:00,3.0949,3.0964,3.0904,3.0929,3.0999,3.1014,3.0954,3.0979,48
2026-03-20 12:22:00,3.0924,3.0954,3.0879,3.0949,3.0974,3.1004,3.0929,3.0999,30
2026-03-20 12:23:00,3.0939,3.0964,3.0934,3.0949,3.0989,3.1014,3.0984,3.0999,21
2026-03-20 12:24:00,3.0939,3.0954,3.0939,3.0949,3.0989,3.1004,3.0989,3.0999,14
2026-03-20 12:25:00,3.0954,3.0974,3.0884,3.0889,3.1004,3.1024,3.0934,3.0939,34
2026-03-20 12:26:00,3.0899,3.0899,3.0784,3.0809,3.0949,3.0949,3.0834,3.0859,40
2026-03-20 12:27:00,3.0799,3.0799,3.0709,3.0729,3.0849,3.0849,3.0759,3.0779,39
2026-03-20 12:28:00,3.0734,3.0779,3.0719,3.0764,3.0784,3.0829,3.0769,3.0814,41
2026-03-20 12:29:00,3.0759,3.0784,3.0714,3.0734,3.0809,3.0834,3.0764,3.0784,40
2026-03-20 12:30:00,3.0729,3.0754,3.0714,3.0739,3.0779,3.0804,3.0764,3.0789,20
2026-03-20 12:31:00,3.0744,3.0754,3.0694,3.0714,3.0794,3.0804,3.0744,3.0764,56
2026-03-20 12:32:00,3.0724,3.0749,3.0704,3.0719,3.0774,3.0799,3.0754,3.0769,30
2026-03-20 12:33:00,3.0724,3.0774,3.0719,3.0759,3.0774,3.0824,3.0769,3.0809,19
2026-03-20 12:34:00,3.0749,3.0749,3.0714,3.0724,3.0799,3.0799,3.0764,3.0774,16
2026-03-20 12:35:00,3.0734,3.0749,3.0724,3.0734,3.0784,3.0799,3.0774,3.0784,25
2026-03-20 12:36:00,3.0729,3.0744,3.0664,3.0719,3.0779,3.0794,3.0714,3.0769,44
2026-03-20 12:37:00,3.0714,3.0724,3.0654,3.0664,3.0764,3.0774,3.0704,3.0714,31
2026-03-20 12:38:00,3.0669,3.0674,3.0259,3.0514,3.0719,3.0724,3.0309,3.0564,161
2026-03-20 12:39:00,3.0519,3.0584,3.0499,3.0579,3.0569,3.0634,3.0549,3.0629,60
2026-03-20 12:40:00,3.0574,3.0584,3.0534,3.0554,3.0624,3.0634,3.0584,3.0604,30
2026-03-20 12:41:00,3.0564,3.0584,3.0539,3.0564,3.0614,3.0634,3.0589,3.0614,29
2026-03-20 12:42:00,3.0569,3.0569,3.0509,3.0509,3.0619,3.0619,3.0559,3.0559,30
2026-03-20 12:43:00,3.0504,3.0514,3.0454,3.0469,3.0554,3.0564,3.0504,3.0519,33
2026-03-20 12:44:00,3.0474,3.0489,3.0449,3.0464,3.0524,3.0539,3.0499,3.0514,36
2026-03-20 12:45:00,3.0454,3.0524,3.0444,3.0499,3.0504,3.0574,3.0494,3.0549,37
2026-03-20 12:46:00,3.0494,3.0499,3.0474,3.0499,3.0544,3.0549,3.0524,3.0549,21
2026-03-20 12:47:00,3.0504,3.0549,3.0484,3.0544,3.0554,3.0599,3.0534,3.0594,28
2026-03-20 12:48:00,3.0549,3.0549,3.0514,3.0524,3.0599,3.0599,3.0564,3.0574,31
2026-03-20 12:49:00,3.0519,3.0524,3.0404,3.0449,3.0569,3.0574,3.0454,3.0499,51
2026-03-20 12:50:00,3.0454,3.0454,3.0354,3.0409,3.0504,3.0504,3.0404,3.0459,58
2026-03-20 12:51:00,3.0424,3.0424,3.0354,3.0359,3.0474,3.0474,3.0404,3.0409,36
2026-03-20 12:52:00,3.0364,3.0364,3.0319,3.0334,3.0414,3.0414,3.0369,3.0384,40
2026-03-20 12:53:00,3.0339,3.0354,3.0234,3.0244,3.0389,3.0404,3.0284,3.0294,77
2026-03-20 12:54:00,3.0249,3.0254,3.0214,3.0244,3.0299,3.0304,3.0264,3.0294,62
2026-03-20 12:55:00,3.0239,3.0294,3.0239,3.0294,3.0289,3.0344,3.0289,3.0344,50
2026-03-20 12:56:00,3.0299,3.0314,3.0244,3.0249,3.0349,3.0364,3.0294,3.0299,30
2026-03-20 12:57:00,3.0244,3.0264,3.0239,3.0244,3.0294,3.0314,3.0289,3.0294,34
2026-03-20 12:58:00,3.0239,3.0239,3.0194,3.0209,3.0289,3.0289,3.0244,3.0259,22
2026-03-20 12:59:00,3.0219,3.0269,3.0209,3.0259,3.0269,3.0319,3.0259,3.0309,34
2026-03-20 13:00:00,3.0269,3.0284,3.0174,3.0189,3.0319,3.0334,3.0224,3.0239,54
2026-03-20 13:01:00,3.0184,3.0189,3.0154,3.0184,3.0234,3.0239,3.0204,3.0234,38
2026-03-20 13:02:00,3.0179,3.0214,3.0174,3.0194,3.0229,3.0264,3.0224,3.0244,41
2026-03-20 13:03:00,3.0199,3.0264,3.0174,3.0259,3.0249,3.0314,3.0224,3.0309,64
2026-03-20 13:04:00,3.0264,3.0434,3.0259,3.0424,3.0314,3.0484,3.0309,3.0474,101
2026-03-20 13:05:00,3.0434,3.0449,3.0374,3.0404,3.0484,3.0499,3.0424,3.0454,68
2026-03-20 13:06:00,3.0399,3.0404,3.0324,3.0344,3.0449,3.0454,3.0374,3.0394,68
2026-03-20 13:07:00,3.0349,3.0434,3.0334,3.0404,3.0399,3.0484,3.0384,3.0454,50
2026-03-20 13:08:00,3.0394,3.0424,3.0354,3.0359,3.0444,3.0474,3.0404,3.0409,50
2026-03-20 13:09:00,3.0354,3.0374,3.0299,3.0304,3.0404,3.0424,3.0349,3.0354,45
2026-03-20 13:10:00,3.0314,3.0344,3.0264,3.0294,3.0364,3.0394,3.0314,3.0344,63
2026-03-20 13:11:00,3.0289,3.0329,3.0274,3.0324,3.0339,3.0379,3.0324,3.0374,40
2026-03-20 13:12:00,3.0329,3.0354,3.0304,3.0354,3.0379,3.0404,3.0354,3.0404,71
2026-03-20 13:13:00,3.0349,3.0354,3.0319,3.0354,3.0399,3.0404,3.0369,3.0404,30
2026-03-20 13:14:00,3.0359,3.0389,3.0359,3.0379,3.0409,3.0439,3.0409,3.0429,23
2026-03-20 13:15:00,3.0384,3.0454,3.0354,3.0419,3.0434,3.0504,3.0404,3.0469,47
2026-03-20 13:16:00,3.0414,3.0514,3.0404,3.0479,3.0464,3.0564,3.0454,3.0529,61
2026-03-20 13:17:00,3.0474,3.0504,3.0429,3.0429,3.0524,3.0554,3.0479,3.0479,46
2026-03-20 13:18:00,3.0434,3.0484,3.0384,3.0484,3.0484,3.0534,3.0434,3.0534,58
2026-03-20 13:19:00,3.0479,3.0479,3.0429,3.0429,3.0529,3.0529,3.0479,3.0479,18
2026-03-20 13:20:00,3.0434,3.0449,3.0344,3.0364,3.0484,3.0499,3.0394,3.0414,55
2026-03-20 13:21:00,3.0354,3.0429,3.0324,3.0414,3.0404,3.0479,3.0374,3.0464,42
2026-03-20 13:22:00,3.0424,3.0454,3.0404,3.0409,3.0474,3.0504,3.0454,3.0459,29
2026-03-20 13:23:00,3.0414,3.0434,3.0399,3.0409,3.0464,3.0484,3.0449,3.0459,28
2026-03-20 13:24:00,3.0414,3.0439,3.0384,3.0394,3.0464,3.0489,3.0434,3.0444,46
2026-03-20 13:25:00,3.0389,3.0399,3.0324,3.0344,3.0439,3.0449,3.0374,3.0394,30
2026-03-20 13:26:00,3.0339,3.0369,3.0324,3.0369,3.0389,3.0419,3.0374,3.0419,37
2026-03-20 13:27:00,3.0364,3.0364,3.0294,3.0324,3.0414,3.0414,3.0344,3.0374,38
2026-03-20 13:28:00,3.0314,3.0349,3.0244,3.0289,3.0364,3.0399,3.0294,3.0339,46
2026-03-20 13:29:00,3.0299,3.0304,3.0269,3.0294,3.0349,3.0354,3.0319,3.0344,21
2026-03-20 13:30:00,3.0304,3.0324,3.0274,3.0279,3.0354,3.0374,3.0324,3.0329,64
2026-03-20 13:31:00,3.0284,3.0294,3.0204,3.0244,3.0334,3.0344,3.0254,3.0294,51
2026-03-20 13:32:00,3.0254,3.0319,3.0254,3.0319,3.0304,3.0369,3.0304,3.0369,39
2026-03-20 13:33:00,3.0324,3.0334,3.0259,3.0259,3.0374,3.0384,3.0309,3.0309,41
2026-03-20 13:34:00,3.0264,3.0274,3.0204,3.0254,3.0314,3.0324,3.0254,3.0304,52
2026-03-20 13:35:00,3.0264,3.0284,3.0184,3.0234,3.0314,3.0334,3.0234,3.0284,67
2026-03-20 13:36:00,3.0239,3.0259,3.0214,3.0229,3.0289,3.0309,3.0264,3.0279,31
2026-03-20 13:37:00,3.0234,3.0254,3.0214,3.0249,3.0284,3.0304,3.0264,3.0299,21
2026-03-20 13:38:00,3.0244,3.0354,3.0229,3.0344,3.0294,3.0404,3.0279,3.0394,51
2026-03-20 13:39:00,3.0339,3.0374,3.0319,3.0319,3.0389,3.0424,3.0369,3.0369,29
2026-03-20 13:40:00,3.0324,3.0329,3.0244,3.0274,3.0374,3.0379,3.0294,3.0324,35
2026-03-20 13:41:00,3.0269,3.0304,3.0259,3.0299,3.0319,3.0354,3.0309,3.0349,28
2026-03-20 13:42:00,3.0289,3.0334,3.0279,3.0324,3.0339,3.0384,3.0329,3.0374,27
2026-03-20 13:43:00,3.0319,3.0319,3.0269,3.0274,3.0369,3.0369,3.0319,3.0324,17
2026-03-20 13:44:00,3.0264,3.0364,3.0264,3.0364,3.0314,3.0414,3.0314,3.0414,32
2026-03-20 13:45:00,3.0359,3.0374,3.0334,3.0359,3.0409,3.0424,3.0384,3.0409,38
2026-03-20 13:46:00,3.0364,3.0434,3.0364,3.0424,3.0414,3.0484,3.0414,3.0474,35
2026-03-20 13:47:00,3.0429,3.0484,3.0424,3.0469,3.0479,3.0534,3.0474,3.0519,33
2026-03-20 13:48:00,3.0459,3.0474,3.0444,3.0464,3.0509,3.0524,3.0494,3.0514,27
2026-03-20 13:49:00,3.0459,3.0504,3.0404,3.0404,3.0509,3.0554,3.0454,3.0454,38
2026-03-20 13:50:00,3.0409,3.0419,3.0364,3.0384,3.0459,3.0469,3.0414,3.0434,27
2026-03-20 13:51:00,3.0399,3.0399,3.0364,3.0374,3.0449,3.0449,3.0414,3.0424,21
2026-03-20 13:52:00,3.0384,3.0414,3.0364,3.0414,3.0434,3.0464,3.0414,3.0464,31
2026-03-20 13:53:00,3.0419,3.0444,3.0364,3.0444,3.0469,3.0494,3.0414,3.0494,32
2026-03-20 13:54:00,3.0454,3.0519,3.0454,3.0519,3.0504,3.0569,3.0504,3.0569,21
2026-03-20 13:55:00,3.0514,3.0584,3.0514,3.0564,3.0564,3.0634,3.0564,3.0614,30
2026-03-20 13:56:00,3.0574,3.0604,3.0544,3.0554,3.0624,3.0654,3.0594,3.0604,30
2026-03-20 13:57:00,3.0564,3.0569,3.0514,3.0514,3.0614,3.0619,3.0564,3.0564,25
2026-03-20 13:58:00,3.0524,3.0534,3.0479,3.0484,3.0574,3.0584,3.0529,3.0534,36
2026-03-20 13:59:00,3.0479,3.0504,3.0474,3.0499,3.0529,3.0554,3.0524,3.0549,19
2026-03-20 14:00:00,3.0489,3.0564,3.0444,3.0529,3.0539,3.0614,3.0494,3.0579,79
2026-03-20 14:01:00,3.0524,3.0554,3.0464,3.0484,3.0574,3.0604,3.0514,3.0534,56
2026-03-20 14:02:00,3.0479,3.0604,3.0479,3.0574,3.0529,3.0654,3.0529,3.0624,53
2026-03-20 14:03:00,3.0569,3.0599,3.0519,3.0519,3.0619,3.0649,3.0569,3.0569,36
2026-03-20 14:04:00,3.0504,3.0534,3.0424,3.0444,3.0554,3.0584,3.0474,3.0494,55
2026-03-20 14:05:00,3.0434,3.0464,3.0409,3.0434,3.0484,3.0514,3.0459,3.0484,36
2026-03-20 14:06:00,3.0424,3.0424,3.0324,3.0364,3.0474,3.0474,3.0374,3.0414,62
2026-03-20 14:07:00,3.0374,3.0414,3.0374,3.0404,3.0424,3.0464,3.0424,3.0454,43
2026-03-20 14:08:00,3.0389,3.0399,3.0294,3.0314,3.0439,3.0449,3.0344,3.0364,48
2026-03-20 14:09:00,3.0309,3.0314,3.0214,3.0264,3.0359,3.0364,3.0264,3.0314,73
2026-03-20 14:10:00,3.0254,3.0254,3.0169,3.0189,3.0304,3.0304,3.0219,3.0239,62
2026-03-20 14:11:00,3.0194,3.0304,3.0184,3.0284,3.0244,3.0354,3.0234,3.0334,55
2026-03-20 14:12:00,3.0264,3.0354,3.0264,3.0299,3.0314,3.0404,3.0314,3.0349,48
2026-03-20 14:13:00,3.0294,3.0329,3.0224,3.0329,3.0344,3.0379,3.0274,3.0379,77
2026-03-20 14:14:00,3.0324,3.0384,3.0304,3.0334,3.0374,3.0434,3.0354,3.0384,49
2026-03-20 14:15:00,3.0339,3.0364,3.0314,3.0359,3.0389,3.0414,3.0364,3.0409,33
2026-03-20 14:16:00,3.0354,3.0384,3.0329,3.0354,3.0404,3.0434,3.0379,3.0404,40
2026-03-20 14:17:00,3.0344,3.0404,3.0344,3.0384,3.0394,3.0454,3.0394,3.0434,39
2026-03-20 14:18:00,3.0374,3.0389,3.0364,3.0364,3.0424,3.0439,3.0414,3.0414,40
2026-03-20 14:19:00,3.0354,3.0354,3.0244,3.0254,3.0404,3.0404,3.0294,3.0304,69
2026-03-20 14:20:00,3.0244,3.0254,3.0164,3.0169,3.0294,3.0304,3.0214,3.0219,71
2026-03-20 14:21:00,3.0164,3.0194,3.0134,3.0189,3.0214,3.0244,3.0184,3.0239,58
2026-03-20 14:22:00,3.0184,3.0194,3.0104,3.0144,3.0234,3.0244,3.0154,3.0194,35
2026-03-20 14:23:00,3.0139,3.0194,3.0124,3.0179,3.0189,3.0244,3.0174,3.0229,52
2026-03-20 14:24:00,3.0184,3.0199,3.0139,3.0174,3.0234,3.0249,3.0189,3.0224,46
2026-03-20 14:25:00,3.0164,3.0179,3.0104,3.0124,3.0214,3.0229,3.0154,3.0174,38
2026-03-20 14:26:00,3.0114,3.0154,3.0079,3.0149,3.0164,3.0204,3.0129,3.0199,57
2026-03-20 14:27:00,3.0144,3.0194,3.0114,3.0184,3.0194,3.0244,3.0164,3.0234,42
2026-03-20 14:28:00,3.0174,3.0204,3.0124,3.0174,3.0224,3.0254,3.0174,3.0224,52
2026-03-20 14:29:00,3.0179,3.0204,3.0114,3.0144,3.0229,3.0254,3.0164,3.0194,53
2026-03-20 14:30:00,3.0154,3.0234,3.0119,3.0224,3.0204,3.0284,3.0169,3.0274,87
2026-03-20 14:31:00,3.0229,3.0284,3.0224,3.0244,3.0279,3.0334,3.0274,3.0294,56
2026-03-20 14:32:00,3.0234,3.0264,3.0189,3.0209,3.0284,3.0314,3.0239,3.0259,54
2026-03-20 14:33:00,3.0204,3.0264,3.0189,3.0224,3.0254,3.0314,3.0239,3.0274,46
2026-03-20 14:34:00,3.0214,3.0274,3.0169,3.0174,3.0264,3.0324,3.0219,3.0224,48
2026-03-20 14:35:00,3.0169,3.0174,3.0114,3.0134,3.0219,3.0224,3.0164,3.0184,66
2026-03-20 14:36:00,3.0129,3.0169,3.0124,3.0159,3.0179,3.0219,3.0174,3.0209,37
2026-03-20 14:37:00,3.0154,3.0174,3.0124,3.0149,3.0204,3.0224,3.0174,3.0199,37
2026-03-20 14:38:00,3.0134,3.0164,3.0114,3.0159,3.0184,3.0214,3.0164,3.0209,42
2026-03-20 14:39:00,3.0154,3.0184,3.0144,3.0154,3.0204,3.0234,3.0194,3.0204,44
2026-03-20 14:40:00,3.0149,3.0164,3.0084,3.0099,3.0199,3.0214,3.0134,3.0149,53
2026-03-20 14:41:00,3.0114,3.0149,3.0089,3.0089,3.0164,3.0199,3.0139,3.0139,44
2026-03-20 14:42:00,3.0084,3.0124,3.0034,3.0124,3.0134,3.0174,3.0084,3.0174,64
2026-03-20 14:43:00,3.0134,3.0144,3.0114,3.0119,3.0184,3.0194,3.0164,3.0169,33
2026-03-20 14:44:00,3.0114,3.0134,3.0084,3.0119,3.0164,3.0184,3.0134,3.0169,51
2026-03-20 14:45:00,3.0114,3.0174,3.0114,3.0154,3.0164,3.0224,3.0164,3.0204,53
2026-03-20 14:46:00,3.0149,3.0154,3.0109,3.0124,3.0199,3.0204,3.0159,3.0174,36
2026-03-20 14:47:00,3.0119,3.0164,3.0104,3.0164,3.0169,3.0214,3.0154,3.0214,55
2026-03-20 14:48:00,3.0159,3.0159,3.0069,3.0074,3.0209,3.0209,3.0119,3.0124,52
2026-03-20 14:49:00,3.0064,3.0079,3.0054,3.0054,3.0114,3.0129,3.0104,3.0104,46
2026-03-20 14:50:00,3.0064,3.0164,3.0059,3.0134,3.0114,3.0214,3.0109,3.0184,62
2026-03-20 14:51:00,3.0129,3.0194,3.0124,3.0164,3.0179,3.0244,3.0174,3.0214,61
2026-03-20 14:52:00,3.0154,3.0214,3.0149,3.0169,3.0204,3.0264,3.0199,3.0219,56
2026-03-20 14:53:00,3.0164,3.0174,3.0114,3.0134,3.0214,3.0224,3.0164,3.0184,38
2026-03-20 14:54:00,3.0129,3.0144,3.0054,3.0084,3.0179,3.0194,3.0104,3.0134,46
2026-03-20 14:55:00,3.0079,3.0144,3.0054,3.0124,3.0129,3.0194,3.0104,3.0174,43
2026-03-20 14:56:00,3.0119,3.0164,3.0119,3.0154,3.0169,3.0214,3.0169,3.0204,23
2026-03-20 14:57:00,3.0144,3.0184,3.0139,3.0154,3.0194,3.0234,3.0189,3.0204,36
2026-03-20 14:58:00,3.0149,3.0249,3.0124,3.0239,3.0199,3.0299,3.0174,3.0289,49
2026-03-20 14:59:00,3.0234,3.0264,3.0214,3.0249,3.0284,3.0314,3.0264,3.0299,52
2026-03-20 15:00:00,3.0244,3.0264,3.0194,3.0244,3.0294,3.0314,3.0244,3.0294,64
2026-03-20 15:01:00,3.0239,3.0259,3.0214,3.0254,3.0289,3.0309,3.0264,3.0304,55
2026-03-20 15:02:00,3.0249,3.0294,3.0234,3.0284,3.0299,3.0344,3.0284,3.0334,42
2026-03-20 15:03:00,3.0279,3.0304,3.0264,3.0284,3.0329,3.0354,3.0314,3.0334,50
2026-03-20 15:04:00,3.0294,3.0294,3.0229,3.0254,3.0344,3.0344,3.0279,3.0304,60
2026-03-20 15:05:00,3.0249,3.0254,3.0229,3.0239,3.0299,3.0304,3.0279,3.0289,49
2026-03-20 15:06:00,3.0234,3.0244,3.0224,3.0229,3.0284,3.0294,3.0274,3.0279,36
2026-03-20 15:07:00,3.0224,3.0234,3.0154,3.0154,3.0274,3.0284,3.0204,3.0204,54
2026-03-20 15:08:00,3.0144,3.0179,3.0134,3.0174,3.0194,3.0229,3.0184,3.0224,45
2026-03-20 15:09:00,3.0169,3.0194,3.0159,3.0179,3.0219,3.0244,3.0209,3.0229,37
2026-03-20 15:10:00,3.0174,3.0174,3.0134,3.0134,3.0224,3.0224,3.0184,3.0184,24
2026-03-20 15:11:00,3.0139,3.0174,3.0139,3.0174,3.0189,3.0224,3.0189,3.0224,31
2026-03-20 15:12:00,3.0179,3.0184,3.0164,3.0174,3.0229,3.0234,3.0214,3.0224,21
2026-03-20 15:13:00,3.0169,3.0204,3.0154,3.0179,3.0219,3.0254,3.0204,3.0229,31
2026-03-20 15:14:00,3.0174,3.0214,3.0174,3.0214,3.0224,3.0264,3.0224,3.0264,25
2026-03-20 15:15:00,3.0219,3.0234,3.0144,3.0159,3.0269,3.0284,3.0194,3.0209,41
2026-03-20 15:16:00,3.0154,3.0194,3.0154,3.0179,3.0204,3.0244,3.0204,3.0229,30
2026-03-20 15:17:00,3.0184,3.0264,3.0184,3.0254,3.0234,3.0314,3.0234,3.0304,42
2026-03-20 15:18:00,3.0259,3.0294,3.0254,3.0284,3.0309,3.0344,3.0304,3.0334,59
2026-03-20 15:19:00,3.0289,3.0314,3.0279,3.0294,3.0339,3.0364,3.0329,3.0344,35
2026-03-20 15:20:00,3.0289,3.0304,3.0264,3.0294,3.0339,3.0354,3.0314,3.0344,40
2026-03-20 15:21:00,3.0289,3.0294,3.0244,3.0249,3.0339,3.0344,3.0294,3.0299,45
2026-03-20 15:22:00,3.0259,3.0284,3.0244,3.0274,3.0309,3.0334,3.0294,3.0324,39
2026-03-20 15:23:00,3.0259,3.0259,3.0214,3.0224,3.0309,3.0309,3.0264,3.0274,22
2026-03-20 15:24:00,3.0229,3.0229,3.0194,3.0219,3.0279,3.0279,3.0244,3.0269,35
2026-03-20 15:25:00,3.0214,3.0214,3.0164,3.0194,3.0264,3.0264,3.0214,3.0244,31
2026-03-20 15:26:00,3.0189,3.0234,3.0184,3.0214,3.0239,3.0284,3.0234,3.0264,18
2026-03-20 15:27:00,3.0209,3.0219,3.0149,3.0204,3.0259,3.0269,3.0199,3.0254,52
2026-03-20 15:28:00,3.0199,3.0224,3.0184,3.0194,3.0249,3.0274,3.0234,3.0244,16
2026-03-20 15:29:00,3.0184,3.0244,3.0184,3.0204,3.0234,3.0294,3.0234,3.0254,29
2026-03-20 15:30:00,3.0209,3.0239,3.0194,3.0229,3.0259,3.0289,3.0244,3.0279,27
2026-03-20 15:31:00,3.0234,3.0244,3.0204,3.0204,3.0284,3.0294,3.0254,3.0254,32
2026-03-20 15:32:00,3.0199,3.0204,3.0134,3.0174,3.0249,3.0254,3.0184,3.0224,42
2026-03-20 15:33:00,3.0179,3.0194,3.0164,3.0194,3.0229,3.0244,3.0214,3.0244,22
2026-03-20 15:34:00,3.0179,3.0254,3.0174,3.0254,3.0229,3.0304,3.0224,3.0304,36
2026-03-20 15:35:00,3.0244,3.0284,3.0244,3.0274,3.0294,3.0334,3.0294,3.0324,16
2026-03-20 15:36:00,3.0284,3.0394,3.0249,3.0364,3.0334,3.0444,3.0299,3.0414,54
2026-03-20 15:37:00,3.0359,3.0389,3.0354,3.0384,3.0409,3.0439,3.0404,3.0434,42
2026-03-20 15:38:00,3.0389,3.0444,3.0384,3.0389,3.0439,3.0494,3.0434,3.0439,57
2026-03-20 15:39:00,3.0384,3.0454,3.0364,3.0449,3.0434,3.0504,3.0414,3.0499,61
2026-03-20 15:40:00,3.0444,3.0484,3.0434,3.0464,3.0494,3.0534,3.0484,3.0514,48
2026-03-20 15:41:00,3.0474,3.0554,3.0474,3.0554,3.0524,3.0604,3.0524,3.0604,31
2026-03-20 15:42:00,3.0564,3.0624,3.0559,3.0594,3.0614,3.0674,3.0609,3.0644,75
2026-03-20 15:43:00,3.0599,3.0614,3.0444,3.0444,3.0649,3.0664,3.0494,3.0494,72
2026-03-20 15:44:00,3.0449,3.0464,3.0404,3.0419,3.0499,3.0514,3.0454,3.0469,44
2026-03-20 15:45:00,3.0434,3.0504,3.0414,3.0469,3.0484,3.0554,3.0464,3.0519,57
2026-03-20 15:46:00,3.0464,3.0509,3.0464,3.0484,3.0514,3.0559,3.0514,3.0534,30
2026-03-20 15:47:00,3.0489,3.0494,3.0454,3.0469,3.0539,3.0544,3.0504,3.0519,49
2026-03-20 15:48:00,3.0464,3.0464,3.0374,3.0374,3.0514,3.0514,3.0424,3.0424,45
2026-03-20 15:49:00,3.0384,3.0434,3.0384,3.0434,3.0434,3.0484,3.0434,3.0484,27
2026-03-20 15:50:00,3.0429,3.0444,3.0414,3.0429,3.0479,3.0494,3.0464,3.0479,24
2026-03-20 15:51:00,3.0424,3.0479,3.0414,3.0474,3.0474,3.0529,3.0464,3.0524,22
2026-03-20 15:52:00,3.0484,3.0564,3.0474,3.0564,3.0534,3.0614,3.0524,3.0614,49
2026-03-20 15:53:00,3.0559,3.0604,3.0539,3.0574,3.0609,3.0654,3.0589,3.0624,56
2026-03-20 15:54:00,3.0579,3.0609,3.0574,3.0609,3.0629,3.0659,3.0624,3.0659,46
2026-03-20 15:55:00,3.0604,3.0654,3.0604,3.0629,3.0654,3.0704,3.0654,3.0679,34
2026-03-20 15:56:00,3.0634,3.0654,3.0629,3.0644,3.0684,3.0704,3.0679,3.0694,44
2026-03-20 15:57:00,3.0639,3.0649,3.0584,3.0619,3.0689,3.0699,3.0634,3.0669,62
2026-03-20 15:58:00,3.0624,3.0649,3.0614,3.0614,3.0674,3.0699,3.0664,3.0664,18
2026-03-20 15:59:00,3.0619,3.0644,3.0614,3.0624,3.0669,3.0694,3.0664,3.0674,23
2026-03-20 16:00:00,3.0629,3.0634,3.0544,3.0564,3.0679,3.0684,3.0594,3.0614,71
2026-03-20 16:01:00,3.0574,3.0624,3.0544,3.0604,3.0624,3.0674,3.0594,3.0654,44
2026-03-20 16:02:00,3.0614,3.0644,3.0594,3.0599,3.0664,3.0694,3.0644,3.0649,34
2026-03-20 16:03:00,3.0604,3.0629,3.0579,3.0594,3.0654,3.0679,3.0629,3.0644,39
2026-03-20 16:04:00,3.0589,3.0614,3.0554,3.0554,3.0639,3.0664,3.0604,3.0604,43
2026-03-20 16:05:00,3.0549,3.0569,3.0524,3.0569,3.0599,3.0619,3.0574,3.0619,33
2026-03-20 16:06:00,3.0564,3.0564,3.0524,3.0549,3.0614,3.0614,3.0574,3.0599,31
2026-03-20 16:07:00,3.0554,3.0564,3.0534,3.0534,3.0604,3.0614,3.0584,3.0584,25
2026-03-20 16:08:00,3.0524,3.0524,3.0474,3.0479,3.0574,3.0574,3.0524,3.0529,38
2026-03-20 16:09:00,3.0484,3.0499,3.0464,3.0494,3.0534,3.0549,3.0514,3.0544,29
2026-03-20 16:10:00,3.0489,3.0504,3.0424,3.0424,3.0539,3.0554,3.0474,3.0474,39
2026-03-20 16:11:00,3.0419,3.0444,3.0394,3.0404,3.0469,3.0494,3.0444,3.0454,47
2026-03-20 16:12:00,3.0399,3.0454,3.0399,3.0424,3.0449,3.0504,3.0449,3.0474,40
2026-03-20 16:13:00,3.0429,3.0434,3.0354,3.0354,3.0479,3.0484,3.0404,3.0404,27
2026-03-20 16:14:00,3.0359,3.0394,3.0344,3.0374,3.0409,3.0444,3.0394,3.0424,25
2026-03-20 16:15:00,3.0369,3.0424,3.0364,3.0384,3.0419,3.0474,3.0414,3.0434,37
2026-03-20 16:16:00,3.0389,3.0484,3.0384,3.0449,3.0439,3.0534,3.0434,3.0499,49
2026-03-20 16:17:00,3.0444,3.0514,3.0439,3.0459,3.0494,3.0564,3.0489,3.0509,49
2026-03-20 16:18:00,3.0454,3.0464,3.0429,3.0429,3.0504,3.0514,3.0479,3.0479,14
2026-03-20 16:19:00,3.0434,3.0514,3.0429,3.0484,3.0484,3.0564,3.0479,3.0534,37
2026-03-20 16:20:00,3.0489,3.0504,3.0464,3.0474,3.0539,3.0554,3.0514,3.0524,28
2026-03-20 16:21:00,3.0484,3.0524,3.0479,3.0489,3.0534,3.0574,3.0529,3.0539,36
2026-03-20 16:22:00,3.0494,3.0499,3.0474,3.0494,3.0544,3.0549,3.0524,3.0544,13
2026-03-20 16:23:00,3.0499,3.0534,3.0409,3.0444,3.0549,3.0584,3.0459,3.0494,95
2026-03-20 16:24:00,3.0439,3.0519,3.0434,3.0489,3.0489,3.0569,3.0484,3.0539,54
2026-03-20 16:25:00,3.0484,3.0514,3.0459,3.0464,3.0534,3.0564,3.0509,3.0514,27
2026-03-20 16:26:00,3.0459,3.0514,3.0444,3.0494,3.0509,3.0564,3.0494,3.0544,37
2026-03-20 16:27:00,3.0489,3.0499,3.0464,3.0474,3.0539,3.0549,3.0514,3.0524,21
2026-03-20 16:28:00,3.0469,3.0474,3.0459,3.0474,3.0519,3.0524,3.0509,3.0524,24
2026-03-20 16:29:00,3.0469,3.0504,3.0454,3.0494,3.0519,3.0554,3.0504,3.0544,50
2026-03-20 16:30:00,3.0489,3.0519,3.0469,3.0504,3.0539,3.0569,3.0519,3.0554,60
2026-03-20 16:31:00,3.0509,3.0514,3.0424,3.0444,3.0559,3.0564,3.0474,3.0494,50
2026-03-20 16:32:00,3.0424,3.0424,3.0389,3.0409,3.0474,3.0474,3.0439,3.0459,50
2026-03-20 16:33:00,3.0414,3.0424,3.0384,3.0394,3.0464,3.0474,3.0434,3.0444,31
2026-03-20 16:34:00,3.0404,3.0414,3.0389,3.0389,3.0454,3.0464,3.0439,3.0439,20
2026-03-20 16:35:00,3.0379,3.0379,3.0319,3.0319,3.0429,3.0429,3.0369,3.0369,24
2026-03-20 16:36:00,3.0314,3.0374,3.0299,3.0364,3.0364,3.0424,3.0349,3.0414,38
2026-03-20 16:37:00,3.0359,3.0384,3.0354,3.0369,3.0409,3.0434,3.0404,3.0419,16
2026-03-20 16:38:00,3.0364,3.0384,3.0349,3.0359,3.0414,3.0434,3.0399,3.0409,28
2026-03-20 16:39:00,3.0364,3.0404,3.0354,3.0394,3.0414,3.0454,3.0404,3.0444,23
2026-03-20 16:40:00,3.0389,3.0404,3.0384,3.0384,3.0439,3.0454,3.0434,3.0434,15
2026-03-20 16:41:00,3.0379,3.0379,3.0359,3.0364,3.0429,3.0429,3.0409,3.0414,13
2026-03-20 16:42:00,3.0369,3.0429,3.0369,3.0414,3.0419,3.0479,3.0419,3.0464,32
2026-03-20 16:43:00,3.0409,3.0419,3.0384,3.0404,3.0459,3.0469,3.0434,3.0454,21
2026-03-20 16:44:00,3.0409,3.0424,3.0394,3.0419,3.0459,3.0474,3.0444,3.0469,20
2026-03-20 16:45:00,3.0424,3.0434,3.0394,3.0409,3.0474,3.0484,3.0444,3.0459,34
2026-03-20 16:46:00,3.0414,3.0439,3.0394,3.0394,3.0464,3.0489,3.0444,3.0444,23
2026-03-20 16:47:00,3.0389,3.0389,3.0374,3.0384,3.0439,3.0439,3.0424,3.0434,11
2026-03-20 16:48:00,3.0379,3.0444,3.0379,3.0444,3.0429,3.0494,3.0429,3.0494,35
2026-03-20 16:49:00,3.0449,3.0489,3.0449,3.0464,3.0499,3.0539,3.0499,3.0514,28
2026-03-20 16:50:00,3.0469,3.0529,3.0464,3.0519,3.0519,3.0579,3.0514,3.0569,26
2026-03-20 16:51:00,3.0514,3.0519,3.0479,3.0494,3.0564,3.0569,3.0529,3.0544,21
2026-03-20 16:52:00,3.0489,3.0504,3.0459,3.0474,3.0539,3.0554,3.0509,3.0524,26
2026-03-20 16:53:00,3.0484,3.0489,3.0464,3.0489,3.0534,3.0539,3.0514,3.0539,15
2026-03-20 16:54:00,3.0494,3.0499,3.0474,3.0494,3.0544,3.0549,3.0524,3.0544,24
2026-03-20 16:55:00,3.0484,3.0504,3.0484,3.0499,3.0534,3.0554,3.0534,3.0549,25
2026-03-20 16:56:00,3.0504,3.0504,3.0474,3.0484,3.0554,3.0554,3.0524,3.0534,16
2026-03-20 16:57:00,3.0479,3.0484,3.0434,3.0439,3.0529,3.0534,3.0484,3.0489,34
2026-03-20 16:58:00,3.0434,3.0444,3.0424,3.0424,3.0484,3.0494,3.0474,3.0474,13
2026-03-20 16:59:00,3.0434,3.0434,3.0409,3.0409,3.0484,3.0484,3.0459,3.0459,10
2026-03-20 17:00:00,3.0414,3.0439,3.0404,3.0439,3.0464,3.0489,3.0454,3.0489,25
2026-03-20 17:01:00,3.0444,3.0494,3.0419,3.0479,3.0494,3.0544,3.0469,3.0529,32
2026-03-20 17:02:00,3.0484,3.0494,3.0474,3.0484,3.0534,3.0544,3.0524,3.0534,26
2026-03-20 17:03:00,3.0489,3.0504,3.0474,3.0479,3.0539,3.0554,3.0524,3.0529,16
2026-03-20 17:04:00,3.0474,3.0474,3.0434,3.0454,3.0524,3.0524,3.0484,3.0504,22
2026-03-20 17:05:00,3.0449,3.0504,3.0444,3.0464,3.0499,3.0554,3.0494,3.0514,25
2026-03-20 17:06:00,3.0454,3.0519,3.0454,3.0519,3.0504,3.0569,3.0504,3.0569,25
2026-03-20 17:07:00,3.0509,3.0509,3.0464,3.0484,3.0559,3.0559,3.0514,3.0534,23
2026-03-20 17:08:00,3.0494,3.0574,3.0474,3.0564,3.0544,3.0624,3.0524,3.0614,20
2026-03-20 17:09:00,3.0554,3.0559,3.0514,3.0534,3.0604,3.0609,3.0564,3.0584,27
2026-03-20 17:10:00,3.0539,3.0584,3.0539,3.0584,3.0589,3.0634,3.0589,3.0634,22
2026-03-20 17:11:00,3.0574,3.0614,3.0564,3.0594,3.0624,3.0664,3.0614,3.0644,28
2026-03-20 17:12:00,3.0589,3.0589,3.0534,3.0569,3.0639,3.0639,3.0584,3.0619,34
2026-03-20 17:13:00,3.0564,3.0574,3.0544,3.0544,3.0614,3.0624,3.0594,3.0594,21
2026-03-20 17:14:00,3.0549,3.0574,3.0539,3.0564,3.0599,3.0624,3.0589,3.0614,22
2026-03-20 17:15:00,3.0569,3.0584,3.0564,3.0584,3.0619,3.0634,3.0614,3.0634,13
2026-03-20 17:16:00,3.0589,3.0594,3.0524,3.0529,3.0639,3.0644,3.0574,3.0579,16
2026-03-20 17:17:00,3.0524,3.0554,3.0524,3.0549,3.0574,3.0604,3.0574,3.0599,24
2026-03-20 17:18:00,3.0554,3.0584,3.0554,3.0584,3.0604,3.0634,3.0604,3.0634,20
2026-03-20 17:19:00,3.0589,3.0594,3.0564,3.0594,3.0639,3.0644,3.0614,3.0644,15
2026-03-20 17:20:00,3.0599,3.0609,3.0584,3.0604,3.0649,3.0659,3.0634,3.0654,22
2026-03-20 17:21:00,3.0609,3.0624,3.0509,3.0549,3.0659,3.0674,3.0559,3.0599,41
2026-03-20 17:22:00,3.0544,3.0544,3.0494,3.0499,3.0594,3.0594,3.0544,3.0549,22
2026-03-20 17:23:00,3.0504,3.0519,3.0434,3.0439,3.0554,3.0569,3.0484,3.0489,36
2026-03-20 17:24:00,3.0429,3.0434,3.0354,3.0359,3.0479,3.0484,3.0404,3.0409,42
2026-03-20 17:25:00,3.0354,3.0384,3.0314,3.0329,3.0404,3.0434,3.0364,3.0379,49
2026-03-20 17:26:00,3.0339,3.0344,3.0304,3.0334,3.0389,3.0394,3.0354,3.0384,17
2026-03-20 17:27:00,3.0339,3.0354,3.0304,3.0349,3.0389,3.0404,3.0354,3.0399,28
2026-03-20 17:28:00,3.0354,3.0354,3.0319,3.0324,3.0404,3.0404,3.0369,3.0374,23
2026-03-20 17:29:00,3.0319,3.0324,3.0284,3.0289,3.0369,3.0374,3.0334,3.0339,31
2026-03-20 17:30:00,3.0284,3.0294,3.0214,3.0224,3.0334,3.0344,3.0264,3.0274,51
2026-03-20 17:31:00,3.0219,3.0224,3.0154,3.0184,3.0269,3.0274,3.0204,3.0234,85
2026-03-20 17:32:00,3.0179,3.0179,3.0144,3.0154,3.0229,3.0229,3.0194,3.0204,33
2026-03-20 17:33:00,3.0164,3.0194,3.0144,3.0174,3.0214,3.0244,3.0194,3.0224,29
2026-03-20 17:34:00,3.0179,3.0179,3.0144,3.0144,3.0229,3.0229,3.0194,3.0194,18
2026-03-20 17:35:00,3.0139,3.0154,3.0114,3.0144,3.0189,3.0204,3.0164,3.0194,19
2026-03-20 17:36:00,3.0149,3.0179,3.0149,3.0154,3.0199,3.0229,3.0199,3.0204,29
2026-03-20 17:37:00,3.0149,3.0199,3.0149,3.0174,3.0199,3.0249,3.0199,3.0224,37
2026-03-20 17:38:00,3.0179,3.0224,3.0179,3.0224,3.0229,3.0274,3.0229,3.0274,35
2026-03-20 17:39:00,3.0234,3.0254,3.0224,3.0244,3.0284,3.0304,3.0274,3.0294,20
2026-03-20 17:40:00,3.0249,3.0334,3.0244,3.0284,3.0299,3.0384,3.0294,3.0334,41
2026-03-20 17:41:00,3.0289,3.0299,3.0234,3.0254,3.0339,3.0349,3.0284,3.0304,34
2026-03-20 17:42:00,3.0259,3.0274,3.0234,3.0234,3.0309,3.0324,3.0284,3.0284,30
2026-03-20 17:43:00,3.0244,3.0269,3.0244,3.0244,3.0294,3.0319,3.0294,3.0294,18
2026-03-20 17:44:00,3.0234,3.0254,3.0234,3.0249,3.0284,3.0304,3.0284,3.0299,16
2026-03-20 17:45:00,3.0244,3.0269,3.0234,3.0269,3.0294,3.0319,3.0284,3.0319,31
2026-03-20 17:46:00,3.0264,3.0284,3.0239,3.0254,3.0314,3.0334,3.0289,3.0304,20
2026-03-20 17:47:00,3.0244,3.0249,3.0234,3.0234,3.0294,3.0299,3.0284,3.0284,10
2026-03-20 17:48:00,3.0244,3.0294,3.0244,3.0284,3.0294,3.0344,3.0294,3.0334,24
2026-03-20 17:49:00,3.0289,3.0314,3.0249,3.0284,3.0339,3.0364,3.0299,3.0334,38
2026-03-20 17:50:00,3.0279,3.0324,3.0279,3.0304,3.0329,3.0374,3.0329,3.0354,26
2026-03-20 17:51:00,3.0309,3.0314,3.0294,3.0304,3.0359,3.0364,3.0344,3.0354,12
2026-03-20 17:52:00,3.0294,3.0334,3.0294,3.0334,3.0344,3.0384,3.0344,3.0384,32
2026-03-20 17:53:00,3.0329,3.0334,3.0304,3.0304,3.0379,3.0384,3.0354,3.0354,19
2026-03-20 17:54:00,3.0299,3.0304,3.0244,3.0249,3.0349,3.0354,3.0294,3.0299,18
2026-03-20 17:55:00,3.0254,3.0254,3.0224,3.0234,3.0304,3.0304,3.0274,3.0284,14
2026-03-20 17:56:00,3.0224,3.0234,3.0199,3.0204,3.0274,3.0284,3.0249,3.0254,12
2026-03-20 17:57:00,3.0199,3.0224,3.0194,3.0224,3.0249,3.0274,3.0244,3.0274,12
2026-03-20 17:58:00,3.0234,3.0234,3.0199,3.0214,3.0284,3.0284,3.0249,3.0264,20
2026-03-20 17:59:00,3.0209,3.0239,3.0199,3.0234,3.0259,3.0289,3.0249,3.0284,17
2026-03-20 18:00:00,3.0239,3.0264,3.0229,3.0244,3.0289,3.0314,3.0279,3.0294,18
2026-03-20 18:01:00,3.0249,3.0264,3.0249,3.0259,3.0299,3.0314,3.0299,3.0309,12
2026-03-20 18:02:00,3.0264,3.0284,3.0249,3.0264,3.0314,3.0334,3.0299,3.0314,18
2026-03-20 18:03:00,3.0259,3.0264,3.0244,3.0254,3.0309,3.0314,3.0294,3.0304,6
2026-03-20 18:04:00,3.0259,3.0274,3.0259,3.0264,3.0309,3.0324,3.0309,3.0314,10
2026-03-20 18:05:00,3.0254,3.0394,3.0244,3.0369,3.0304,3.0444,3.0294,3.0419,118
2026-03-20 18:06:00,3.0374,3.0384,3.0284,3.0304,3.0424,3.0434,3.0334,3.0354,59
2026-03-20 18:07:00,3.0309,3.0334,3.0304,3.0334,3.0359,3.0384,3.0354,3.0384,28
2026-03-20 18:08:00,3.0339,3.0394,3.0334,3.0379,3.0389,3.0444,3.0384,3.0429,39
2026-03-20 18:09:00,3.0384,3.0414,3.0374,3.0409,3.0434,3.0464,3.0424,3.0459,28
2026-03-20 18:10:00,3.0404,3.0404,3.0364,3.0364,3.0454,3.0454,3.0414,3.0414,31
2026-03-20 18:11:00,3.0369,3.0384,3.0349,3.0349,3.0419,3.0434,3.0399,3.0399,27
2026-03-20 18:12:00,3.0354,3.0364,3.0344,3.0359,3.0404,3.0414,3.0394,3.0409,17
2026-03-20 18:13:00,3.0374,3.0374,3.0354,3.0354,3.0424,3.0424,3.0404,3.0404,4
2026-03-20 18:14:00,3.0364,3.0364,3.0344,3.0354,3.0414,3.0414,3.0394,3.0404,15
2026-03-20 18:15:00,3.0349,3.0364,3.0339,3.0364,3.0399,3.0414,3.0389,3.0414,15
2026-03-20 18:16:00,3.0369,3.0389,3.0359,3.0374,3.0419,3.0439,3.0409,3.0424,21
2026-03-20 18:17:00,3.0379,3.0384,3.0334,3.0334,3.0429,3.0434,3.0384,3.0384,10
2026-03-20 18:18:00,3.0339,3.0359,3.0324,3.0354,3.0389,3.0409,3.0374,3.0404,19
2026-03-20 18:19:00,3.0359,3.0359,3.0264,3.0274,3.0409,3.0409,3.0314,3.0324,27
2026-03-20 18:20:00,3.0279,3.0309,3.0254,3.0274,3.0329,3.0359,3.0304,3.0324,24
2026-03-20 18:21:00,3.0279,3.0314,3.0279,3.0314,3.0329,3.0364,3.0329,3.0364,33
2026-03-20 18:22:00,3.0324,3.0334,3.0299,3.0299,3.0374,3.0384,3.0349,3.0349,23
2026-03-20 18:23:00,3.0294,3.0309,3.0279,3.0304,3.0344,3.0359,3.0329,3.0354,18
2026-03-20 18:24:00,3.0309,3.0344,3.0309,3.0319,3.0359,3.0394,3.0359,3.0369,22
2026-03-20 18:25:00,3.0314,3.0334,3.0314,3.0334,3.0364,3.0384,3.0364,3.0384,11
2026-03-20 18:26:00,3.0329,3.0364,3.0329,3.0364,3.0379,3.0414,3.0379,3.0414,20
2026-03-20 18:27:00,3.0369,3.0414,3.0324,3.0354,3.0419,3.0464,3.0374,3.0404,47
2026-03-20 18:28:00,3.0359,3.0379,3.0334,3.0334,3.0409,3.0429,3.0384,3.0384,34
2026-03-20 18:29:00,3.0329,3.0334,3.0274,3.0314,3.0379,3.0384,3.0324,3.0364,41
2026-03-20 18:30:00,3.0324,3.0334,3.0284,3.0304,3.0374,3.0384,3.0334,3.0354,25
2026-03-20 18:31:00,3.0299,3.0304,3.0279,3.0304,3.0349,3.0354,3.0329,3.0354,29
2026-03-20 18:32:00,3.0299,3.0334,3.0289,3.0324,3.0349,3.0384,3.0339,3.0374,16
2026-03-20 18:33:00,3.0319,3.0324,3.0299,3.0309,3.0369,3.0374,3.0349,3.0359,21
2026-03-20 18:34:00,3.0304,3.0304,3.0279,3.0279,3.0354,3.0354,3.0329,3.0329,16
2026-03-20 18:35:00,3.0264,3.0274,3.0204,3.0209,3.0314,3.0324,3.0254,3.0259,26
2026-03-20 18:36:00,3.0214,3.0244,3.0204,3.0234,3.0264,3.0294,3.0254,3.0284,26
2026-03-20 18:37:00,3.0244,3.0244,3.0204,3.0224,3.0294,3.0294,3.0254,3.0274,11
2026-03-20 18:38:00,3.0219,3.0264,3.0204,3.0244,3.0269,3.0314,3.0254,3.0294,43
2026-03-20 18:39:00,3.0249,3.0274,3.0244,3.0274,3.0299,3.0324,3.0294,3.0324,21
2026-03-20 18:40:00,3.0279,3.0294,3.0264,3.0279,3.0329,3.0344,3.0314,3.0329,20
2026-03-20 18:41:00,3.0264,3.0274,3.0224,3.0239,3.0314,3.0324,3.0274,3.0289,22
2026-03-20 18:42:00,3.0234,3.0279,3.0214,3.0279,3.0284,3.0329,3.0264,3.0329,36
2026-03-20 18:43:00,3.0274,3.0324,3.0254,3.0304,3.0324,3.0374,3.0304,3.0354,33
2026-03-20 18:44:00,3.0299,3.0299,3.0254,3.0269,3.0349,3.0349,3.0304,3.0319,21
2026-03-20 18:45:00,3.0274,3.0294,3.0254,3.0264,3.0324,3.0344,3.0304,3.0314,30
2026-03-20 18:46:00,3.0259,3.0289,3.0249,3.0269,3.0309,3.0339,3.0299,3.0319,23
2026-03-20 18:47:00,3.0264,3.0274,3.0254,3.0274,3.0314,3.0324,3.0304,3.0324,17
2026-03-20 18:48:00,3.0279,3.0309,3.0279,3.0299,3.0329,3.0359,3.0329,3.0349,17
2026-03-20 18:49:00,3.0304,3.0304,3.0284,3.0299,3.0354,3.0354,3.0334,3.0349,21
2026-03-20 18:50:00,3.0304,3.0304,3.0264,3.0279,3.0354,3.0354,3.0314,3.0329,21
2026-03-20 18:51:00,3.0274,3.0274,3.0219,3.0224,3.0324,3.0324,3.0269,3.0274,25
2026-03-20 18:52:00,3.0234,3.0244,3.0229,3.0239,3.0284,3.0294,3.0279,3.0289,19
2026-03-20 18:53:00,3.0244,3.0259,3.0204,3.0224,3.0294,3.0309,3.0254,3.0274,27
2026-03-20 18:54:00,3.0214,3.0224,3.0184,3.0189,3.0264,3.0274,3.0234,3.0239,22
2026-03-20 18:55:00,3.0184,3.0209,3.0164,3.0194,3.0234,3.0259,3.0214,3.0244,45
2026-03-20 18:56:00,3.0199,3.0214,3.0174,3.0209,3.0249,3.0264,3.0224,3.0259,27
2026-03-20 18:57:00,3.0204,3.0244,3.0194,3.0244,3.0254,3.0294,3.0244,3.0294,33
2026-03-20 18:58:00,3.0239,3.0264,3.0234,3.0254,3.0289,3.0314,3.0284,3.0304,24
2026-03-20 18:59:00,3.0259,3.0264,3.0254,3.0259,3.0309,3.0314,3.0304,3.0309,16
2026-03-20 19:00:00,3.0254,3.0274,3.0224,3.0234,3.0304,3.0324,3.0274,3.0284,34
2026-03-20 19:01:00,3.0239,3.0304,3.0214,3.0224,3.0289,3.0354,3.0264,3.0274,50
2026-03-20 19:02:00,3.0214,3.0214,3.0164,3.0164,3.0264,3.0264,3.0214,3.0214,33
2026-03-20 19:03:00,3.0174,3.0204,3.0154,3.0199,3.0224,3.0254,3.0204,3.0249,33
2026-03-20 19:04:00,3.0209,3.0214,3.0184,3.0184,3.0259,3.0264,3.0234,3.0234,24
2026-03-20 19:05:00,3.0174,3.0174,3.0144,3.0174,3.0224,3.0224,3.0194,3.0224,23
2026-03-20 19:06:00,3.0164,3.0174,3.0149,3.0159,3.0214,3.0224,3.0199,3.0209,28
2026-03-20 19:07:00,3.0154,3.0154,3.0124,3.0144,3.0204,3.0204,3.0174,3.0194,31
2026-03-20 19:08:00,3.0139,3.0179,3.0134,3.0174,3.0189,3.0229,3.0184,3.0224,33
2026-03-20 19:09:00,3.0169,3.0209,3.0169,3.0194,3.0219,3.0259,3.0219,3.0244,36
2026-03-20 19:10:00,3.0189,3.0214,3.0189,3.0194,3.0239,3.0264,3.0239,3.0244,16
2026-03-20 19:11:00,3.0204,3.0204,3.0144,3.0154,3.0254,3.0254,3.0194,3.0204,27
2026-03-20 19:12:00,3.0164,3.0164,3.0154,3.0154,3.0214,3.0214,3.0204,3.0204,11
2026-03-20 19:13:00,3.0164,3.0194,3.0154,3.0194,3.0214,3.0244,3.0204,3.0244,44
2026-03-20 19:14:00,3.0189,3.0194,3.0164,3.0174,3.0239,3.0244,3.0214,3.0224,22
2026-03-20 19:15:00,3.0169,3.0234,3.0164,3.0224,3.0219,3.0284,3.0214,3.0274,26
2026-03-20 19:16:00,3.0229,3.0264,3.0229,3.0264,3.0279,3.0314,3.0279,3.0314,15
2026-03-20 19:17:00,3.0269,3.0274,3.0224,3.0234,3.0319,3.0324,3.0274,3.0284,37
2026-03-20 19:18:00,3.0229,3.0244,3.0224,3.0234,3.0279,3.0294,3.0274,3.0284,30
2026-03-20 19:19:00,3.0244,3.0244,3.0164,3.0164,3.0294,3.0294,3.0214,3.0214,38
2026-03-20 19:20:00,3.0169,3.0194,3.0149,3.0179,3.0219,3.0244,3.0199,3.0229,27
2026-03-20 19:21:00,3.0184,3.0219,3.0174,3.0219,3.0234,3.0269,3.0224,3.0269,27
2026-03-20 19:22:00,3.0214,3.0274,3.0184,3.0234,3.0264,3.0324,3.0234,3.0284,57
2026-03-20 19:23:00,3.0229,3.0364,3.0214,3.0354,3.0279,3.0414,3.0264,3.0404,54
2026-03-20 19:24:00,3.0364,3.0404,3.0354,3.0404,3.0414,3.0454,3.0404,3.0454,45
2026-03-20 19:25:00,3.0414,3.0444,3.0394,3.0434,3.0464,3.0494,3.0444,3.0484,70
2026-03-20 19:26:00,3.0429,3.0444,3.0384,3.0414,3.0479,3.0494,3.0434,3.0464,53
2026-03-20 19:27:00,3.0424,3.0544,3.0414,3.0534,3.0474,3.0594,3.0464,3.0584,48
2026-03-20 19:28:00,3.0539,3.0604,3.0469,3.0524,3.0589,3.0654,3.0519,3.0574,161
2026-03-20 19:29:00,3.0519,3.0564,3.0514,3.0564,3.0569,3.0614,3.0564,3.0614,90
2026-03-20 19:30:00,3.0559,3.0594,3.0514,3.0584,3.0609,3.0644,3.0564,3.0634,82
2026-03-20 19:31:00,3.0599,3.0634,3.0534,3.0574,3.0649,3.0684,3.0584,3.0624,68
2026-03-20 19:32:00,3.0579,3.0584,3.0554,3.0584,3.0629,3.0634,3.0604,3.0634,23
2026-03-20 19:33:00,3.0579,3.0584,3.0514,3.0524,3.0629,3.0634,3.0564,3.0574,22
2026-03-20 19:34:00,3.0514,3.0534,3.0494,3.0499,3.0564,3.0584,3.0544,3.0549,35
2026-03-20 19:35:00,3.0504,3.0504,3.0454,3.0474,3.0554,3.0554,3.0504,3.0524,25
2026-03-20 19:36:00,3.0469,3.0529,3.0459,3.0514,3.0519,3.0579,3.0509,3.0564,26
2026-03-20 19:37:00,3.0524,3.0564,3.0514,3.0539,3.0574,3.0614,3.0564,3.0589,36
2026-03-20 19:38:00,3.0529,3.0534,3.0499,3.0504,3.0579,3.0584,3.0549,3.0554,31
2026-03-20 19:39:00,3.0499,3.0579,3.0499,3.0564,3.0549,3.0629,3.0549,3.0614,40
2026-03-20 19:40:00,3.0574,3.0664,3.0574,3.0664,3.0624,3.0714,3.0624,3.0714,44
2026-03-20 19:41:00,3.0674,3.0684,3.0634,3.0669,3.0724,3.0734,3.0684,3.0719,28
2026-03-20 19:42:00,3.0664,3.0714,3.0654,3.0704,3.0714,3.0764,3.0704,3.0754,30
2026-03-20 19:43:00,3.0709,3.0724,3.0694,3.0704,3.0759,3.0774,3.0744,3.0754,36
2026-03-20 19:44:00,3.0699,3.0709,3.0674,3.0689,3.0749,3.0759,3.0724,3.0739,27
2026-03-20 19:45:00,3.0684,3.0724,3.0684,3.0689,3.0734,3.0774,3.0734,3.0739,28
2026-03-20 19:46:00,3.0684,3.0714,3.0614,3.0624,3.0734,3.0764,3.0664,3.0674,37
2026-03-20 19:47:00,3.0629,3.0664,3.0614,3.0659,3.0679,3.0714,3.0664,3.0709,22
2026-03-20 19:48:00,3.0664,3.0674,3.0609,3.0629,3.0714,3.0724,3.0659,3.0679,22
2026-03-20 19:49:00,3.0624,3.0639,3.0614,3.0639,3.0674,3.0689,3.0664,3.0689,13
2026-03-20 19:50:00,3.0634,3.0634,3.0604,3.0609,3.0684,3.0684,3.0654,3.0659,14
2026-03-20 19:51:00,3.0614,3.0624,3.0554,3.0574,3.0664,3.0674,3.0604,3.0624,33
2026-03-20 19:52:00,3.0579,3.0594,3.0569,3.0579,3.0629,3.0644,3.0619,3.0629,20
2026-03-20 19:53:00,3.0574,3.0604,3.0564,3.0604,3.0624,3.0654,3.0614,3.0654,21
2026-03-20 19:54:00,3.0614,3.0639,3.0594,3.0609,3.0664,3.0689,3.0644,3.0659,29
2026-03-20 19:55:00,3.0604,3.0614,3.0594,3.0614,3.0654,3.0664,3.0644,3.0664,8
2026-03-20 19:56:00,3.0624,3.0714,3.0624,3.0709,3.0674,3.0764,3.0674,3.0759,42
2026-03-20 19:57:00,3.0714,3.0719,3.0674,3.0674,3.0764,3.0769,3.0724,3.0724,9
2026-03-20 19:58:00,3.0669,3.0669,3.0654,3.0654,3.0719,3.0719,3.0704,3.0704,4
2026-03-20 19:59:00,3.0659,3.0659,3.0624,3.0624,3.0709,3.0709,3.0674,3.0674,19
2026-03-20 20:00:00,3.0614,3.0614,3.0594,3.0599,3.0664,3.0664,3.0644,3.0649,7
2026-03-20 20:01:00,3.0594,3.0604,3.0554,3.0594,3.0644,3.0654,3.0604,3.0644,23
2026-03-20 20:02:00,3.0589,3.0604,3.0584,3.0594,3.0639,3.0654,3.0634,3.0644,20
2026-03-20 20:03:00,3.0599,3.0624,3.0594,3.0614,3.0649,3.0674,3.0644,3.0664,20
2026-03-20 20:04:00,3.0619,3.0629,3.0614,3.0619,3.0669,3.0679,3.0664,3.0669,8
2026-03-20 20:05:00,3.0624,3.0639,3.0614,3.0634,3.0674,3.0689,3.0664,3.0684,13
2026-03-20 20:06:00,3.0639,3.0644,3.0624,3.0639,3.0689,3.0694,3.0674,3.0689,7
2026-03-20 20:07:00,3.0634,3.0644,3.0619,3.0634,3.0684,3.0694,3.0669,3.0684,18
2026-03-20 20:08:00,3.0639,3.0659,3.0634,3.0644,3.0689,3.0709,3.0684,3.0694,17
2026-03-20 20:09:00,3.0639,3.0649,3.0634,3.0644,3.0689,3.0699,3.0684,3.0694,15
2026-03-20 20:10:00,3.0654,3.0674,3.0654,3.0674,3.0704,3.0724,3.0704,3.0724,5
2026-03-20 20:11:00,3.0669,3.0669,3.0614,3.0614,3.0719,3.0719,3.0664,3.0664,16
2026-03-20 20:12:00,3.0624,3.0669,3.0624,3.0659,3.0674,3.0719,3.0674,3.0709,15
2026-03-20 20:13:00,3.0664,3.0734,3.0664,3.0714,3.0714,3.0784,3.0714,3.0764,21
2026-03-20 20:14:00,3.0719,3.0729,3.0714,3.0714,3.0769,3.0779,3.0764,3.0764,21
2026-03-20 20:15:00,3.0724,3.0724,3.0674,3.0679,3.0774,3.0774,3.0724,3.0729,32
2026-03-20 20:16:00,3.0674,3.0684,3.0664,3.0684,3.0724,3.0734,3.0714,3.0734,10
2026-03-20 20:17:00,3.0679,3.0679,3.0614,3.0614,3.0729,3.0729,3.0664,3.0664,15
2026-03-20 20:18:00,3.0619,3.0619,3.0574,3.0594,3.0669,3.0669,3.0624,3.0644,18
2026-03-20 20:19:00,3.0584,3.0594,3.0554,3.0564,3.0634,3.0644,3.0604,3.0614,17
2026-03-20 20:20:00,3.0569,3.0574,3.0554,3.0559,3.0619,3.0624,3.0604,3.0609,24
2026-03-20 20:21:00,3.0564,3.0574,3.0554,3.0554,3.0614,3.0624,3.0604,3.0604,10
2026-03-20 20:22:00,3.0564,3.0584,3.0554,3.0584,3.0614,3.0634,3.0604,3.0634,13
2026-03-20 20:23:00,3.0574,3.0599,3.0574,3.0594,3.0624,3.0649,3.0624,3.0644,6
2026-03-20 20:24:00,3.0599,3.0644,3.0599,3.0639,3.0649,3.0694,3.0649,3.0689,18
2026-03-20 20:25:00,3.0644,3.0664,3.0644,3.0664,3.0694,3.0714,3.0694,3.0714,9
2026-03-20 20:26:00,3.0659,3.0659,3.0594,3.0604,3.0709,3.0709,3.0644,3.0654,13
2026-03-20 20:27:00,3.0614,3.0614,3.0574,3.0574,3.0664,3.0664,3.0624,3.0624,9
2026-03-20 20:28:00,3.0569,3.0569,3.0554,3.0554,3.0619,3.0619,3.0604,3.0604,7
2026-03-20 20:29:00,3.0559,3.0574,3.0544,3.0564,3.0609,3.0624,3.0594,3.0614,17
2026-03-20 20:30:00,3.0559,3.0574,3.0549,3.0569,3.0609,3.0624,3.0599,3.0619,18
2026-03-20 20:31:00,3.0574,3.0584,3.0554,3.0584,3.0624,3.0634,3.0604,3.0634,9
2026-03-20 20:32:00,3.0589,3.0599,3.0579,3.0599,3.0639,3.0649,3.0629,3.0649,7
2026-03-20 20:33:00,3.0604,3.0639,3.0599,3.0599,3.0654,3.0689,3.0649,3.0649,18
2026-03-20 20:34:00,3.0604,3.0624,3.0594,3.0624,3.0654,3.0674,3.0644,3.0674,17
2026-03-20 20:35:00,3.0614,3.0614,3.0594,3.0609,3.0664,3.0664,3.0644,3.0659,8
2026-03-20 20:36:00,3.0614,3.0614,3.0574,3.0584,3.0664,3.0664,3.0624,3.0634,12
2026-03-20 20:37:00,3.0589,3.0594,3.0579,3.0584,3.0639,3.0644,3.0629,3.0634,7
2026-03-20 20:38:00,3.0579,3.0594,3.0564,3.0569,3.0629,3.0644,3.0614,3.0619,16
2026-03-20 20:39:00,3.0559,3.0559,3.0504,3.0514,3.0609,3.0609,3.0554,3.0564,21
2026-03-20 20:40:00,3.0529,3.0604,3.0529,3.0594,3.0579,3.0654,3.0579,3.0644,28
2026-03-20 20:41:00,3.0599,3.0609,3.0594,3.0594,3.0649,3.0659,3.0644,3.0644,10
2026-03-20 20:42:00,3.0604,3.0604,3.0544,3.0544,3.0654,3.0654,3.0594,3.0594,18
2026-03-20 20:43:00,3.0549,3.0564,3.0534,3.0554,3.0599,3.0614,3.0584,3.0604,24
2026-03-20 20:44:00,3.0544,3.0544,3.0524,3.0524,3.0594,3.0594,3.0574,3.0574,20
2026-03-20 20:45:00,3.0534,3.0564,3.0524,3.0554,3.0584,3.0614,3.0574,3.0604,25
2026-03-20 20:46:00,3.0549,3.0549,3.0524,3.0524,3.0599,3.0599,3.0574,3.0574,15
2026-03-20 20:47:00,3.0519,3.0569,3.0519,3.0554,3.0569,3.0619,3.0569,3.0604,22
2026-03-20 20:48:00,3.0559,3.0569,3.0549,3.0564,3.0609,3.0619,3.0599,3.0614,17
2026-03-20 20:49:00,3.0559,3.0584,3.0559,3.0574,3.0609,3.0634,3.0609,3.0624,15
2026-03-20 20:50:00,3.0569,3.0574,3.0544,3.0564,3.0619,3.0624,3.0594,3.0614,19
2026-03-20 20:51:00,3.0569,3.0579,3.0564,3.0564,3.0619,3.0629,3.0614,3.0614,5
2026-03-20 20:52:00,3.0574,3.0574,3.0564,3.0564,3.0624,3.0624,3.0614,3.0614,7
2026-03-20 20:53:00,3.0554,3.0564,3.0554,3.0559,3.0604,3.0614,3.0604,3.0609,12
2026-03-20 20:54:00,3.0554,3.0554,3.0514,3.0529,3.0604,3.0604,3.0564,3.0579,22
2026-03-20 20:55:00,3.0524,3.0534,3.0499,3.0499,3.0574,3.0584,3.0549,3.0549,12
2026-03-20 20:56:00,3.0494,3.0514,3.0494,3.0494,3.0544,3.0564,3.0544,3.0544,11
2026-03-20 20:57:00,3.0499,3.0504,3.0464,3.0469,3.0549,3.0554,3.0514,3.0519,16
2026-03-20 20:58:00,3.0474,3.0474,3.0449,3.0454,3.0524,3.0524,3.0499,3.0504,17
2026-03-20 20:59:00,3.0444,3.0444,3.0424,3.0439,3.0494,3.0494,3.0474,3.0489,19
2026-03-20 21:00:00,3.0434,3.0464,3.0434,3.0459,3.0484,3.0514,3.0484,3.0509,19
2026-03-20 21:01:00,3.0464,3.0464,3.0449,3.0449,3.0514,3.0514,3.0499,3.0499,6
2026-03-20 21:02:00,3.0459,3.0469,3.0449,3.0464,3.0509,3.0519,3.0499,3.0514,10
2026-03-20 21:03:00,3.0459,3.0474,3.0459,3.0469,3.0509,3.0524,3.0509,3.0519,6
2026-03-20 21:04:00,3.0449,3.0464,3.0444,3.0464,3.0499,3.0514,3.0494,3.0514,7
2026-03-20 21:05:00,3.0459,3.0459,3.0439,3.0449,3.0509,3.0509,3.0489,3.0499,13
2026-03-20 21:06:00,3.0454,3.0454,3.0439,3.0439,3.0504,3.0504,3.0489,3.0489,6
2026-03-20 21:07:00,3.0434,3.0449,3.0434,3.0449,3.0484,3.0499,3.0484,3.0499,8
2026-03-20 21:08:00,3.0444,3.0479,3.0444,3.0479,3.0494,3.0529,3.0494,3.0529,13
2026-03-20 21:09:00,3.0474,3.0514,3.0474,3.0499,3.0524,3.0564,3.0524,3.0549,9
2026-03-20 21:10:00,3.0504,3.0514,3.0469,3.0514,3.0554,3.0564,3.0519,3.0564,17
2026-03-20 21:11:00,3.0504,3.0504,3.0489,3.0489,3.0554,3.0554,3.0539,3.0539,4
2026-03-20 21:12:00,3.0484,3.0524,3.0484,3.0524,3.0534,3.0574,3.0534,3.0574,6
2026-03-20 21:13:00,3.0529,3.0544,3.0529,3.0529,3.0579,3.0594,3.0579,3.0579,4
2026-03-20 21:14:00,3.0534,3.0539,3.0524,3.0524,3.0584,3.0589,3.0574,3.0574,5
2026-03-20 21:15:00,3.0529,3.0534,3.0494,3.0509,3.0579,3.0584,3.0544,3.0559,19
2026-03-20 21:16:00,3.0514,3.0529,3.0514,3.0519,3.0564,3.0579,3.0564,3.0569,7
2026-03-20 21:17:00,3.0514,3.0564,3.0514,3.0554,3.0564,3.0614,3.0564,3.0604,10
2026-03-20 21:18:00,3.0549,3.0579,3.0549,3.0564,3.0599,3.0629,3.0599,3.0614,6
2026-03-20 21:19:00,3.0584,3.0584,3.0569,3.0569,3.0634,3.0634,3.0619,3.0619,5
2026-03-20 21:20:00,3.0574,3.0594,3.0574,3.0589,3.0624,3.0644,3.0624,3.0639,6
2026-03-20 21:21:00,3.0594,3.0604,3.0594,3.0599,3.0644,3.0654,3.0644,3.0649,7
2026-03-20 21:22:00,3.0609,3.0639,3.0609,3.0624,3.0659,3.0689,3.0659,3.0674,10
2026-03-20 21:23:00,3.0629,3.0654,3.0629,3.0654,3.0679,3.0704,3.0679,3.0704,6
2026-03-20 21:24:00,3.0649,3.0649,3.0644,3.0644,3.0699,3.0699,3.0694,3.0694,2
2026-03-20 21:25:00,3.0649,3.0649,3.0619,3.0624,3.0699,3.0699,3.0669,3.0674,8
2026-03-20 21:26:00,3.0619,3.0619,3.0609,3.0614,3.0669,3.0669,3.0659,3.0664,3
2026-03-20 21:27:00,3.0619,3.0629,3.0619,3.0629,3.0669,3.0679,3.0669,3.0679,2
2026-03-20 21:28:00,3.0624,3.0624,3.0599,3.0619,3.0674,3.0674,3.0649,3.0669,9
2026-03-20 21:29:00,3.0624,3.0624,3.0604,3.0604,3.0674,3.0674,3.0654,3.0654,7
2026-03-20 21:30:00,3.0599,3.0609,3.0594,3.0599,3.0649,3.0659,3.0644,3.0649,11
2026-03-20 21:31:00,3.0594,3.0594,3.0594,3.0594,3.0644,3.0644,3.0644,3.0644,1
2026-03-20 21:32:00,3.0589,3.0599,3.0584,3.0594,3.0639,3.0649,3.0634,3.0644,7
2026-03-20 21:33:00,3.0604,3.0604,3.0594,3.0604,3.0654,3.0654,3.0644,3.0654,6
2026-03-20 21:34:00,3.0599,3.0604,3.0599,3.0604,3.0649,3.0654,3.0649,3.0654,2
2026-03-20 21:35:00,3.0599,3.0604,3.0549,3.0554,3.0649,3.0654,3.0599,3.0604,13
2026-03-20 21:36:00,3.0559,3.0564,3.0554,3.0564,3.0609,3.0614,3.0604,3.0614,3
2026-03-20 21:37:00,3.0559,3.0559,3.0554,3.0554,3.0609,3.0609,3.0604,3.0604,2
2026-03-20 21:38:00,3.0584,3.0594,3.0574,3.0574,3.0634,3.0644,3.0624,3.0624,12
2026-03-20 21:39:00,3.0569,3.0569,3.0564,3.0564,3.0619,3.0619,3.0614,3.0614,2
2026-03-20 21:40:00,3.0584,3.0584,3.0574,3.0574,3.0634,3.0634,3.0624,3.0624,5
2026-03-20 21:41:00,3.0579,3.0584,3.0579,3.0584,3.0629,3.0634,3.0629,3.0634,2
2026-03-20 21:42:00,3.0589,3.0604,3.0579,3.0599,3.0639,3.0654,3.0629,3.0649,8
2026-03-20 21:43:00,3.0609,3.0609,3.0609,3.0609,3.0659,3.0659,3.0659,3.0659,1
2026-03-20 21:44:00,3.0599,3.0599,3.0589,3.0589,3.0649,3.0649,3.0639,3.0639,4
2026-03-20 21:45:00,3.0584,3.0584,3.0564,3.0569,3.0634,3.0634,3.0614,3.0619,10
2026-03-20 21:46:00,3.0564,3.0594,3.0564,3.0569,3.0614,3.0644,3.0614,3.0619,7
2026-03-20 21:47:00,3.0564,3.0579,3.0564,3.0579,3.0614,3.0629,3.0614,3.0629,4
2026-03-20 21:48:00,3.0584,3.0584,3.0569,3.0569,3.0634,3.0634,3.0619,3.0619,6
2026-03-20 21:49:00,3.0564,3.0574,3.0564,3.0574,3.0614,3.0624,3.0614,3.0624,5
2026-03-20 21:50:00,3.0564,3.0584,3.0564,3.0584,3.0614,3.0634,3.0614,3.0634,8
2026-03-20 21:51:00,3.0579,3.0609,3.0579,3.0609,3.0629,3.0659,3.0629,3.0659,12
2026-03-20 21:52:00,3.0599,3.0599,3.0544,3.0569,3.0649,3.0649,3.0594,3.0619,20
2026-03-20 21:53:00,3.0564,3.0564,3.0559,3.0564,3.0614,3.0614,3.0609,3.0614,7
2026-03-20 21:54:00,3.0554,3.0564,3.0544,3.0544,3.0604,3.0614,3.0594,3.0594,7
2026-03-20 21:55:00,3.0539,3.0549,3.0534,3.0544,3.0589,3.0599,3.0584,3.0594,19
2026-03-20 21:56:00,3.0534,3.0554,3.0534,3.0554,3.0584,3.0604,3.0584,3.0604,6
2026-03-20 21:57:00,3.0549,3.0549,3.0539,3.0544,3.0599,3.0599,3.0589,3.0594,4
2026-03-20 21:58:00,3.0549,3.0549,3.0539,3.0544,3.0599,3.0599,3.0589,3.0594,14
2026-03-20 21:59:00,3.0549,3.0764,3.0534,3.0764,3.0599,3.0814,3.0584,3.0814,27
2026-03-22 23:00:00,3.0904,3.0909,3.0579,3.0579,3.0954,3.0959,3.0629,3.0629,30
2026-03-22 23:01:00,3.0574,3.0579,3.0429,3.0459,3.0624,3.0629,3.0479,3.0509,29
2026-03-22 23:02:00,3.0449,3.0514,3.0439,3.0474,3.0499,3.0564,3.0489,3.0524,30
2026-03-22 23:03:00,3.0469,3.0509,3.0454,3.0509,3.0519,3.0559,3.0504,3.0559,18
2026-03-22 23:04:00,3.0519,3.0524,3.0489,3.0489,3.0569,3.0574,3.0539,3.0539,8
2026-03-22 23:05:00,3.0474,3.0484,3.0474,3.0484,3.0524,3.0534,3.0524,3.0534,4
2026-03-22 23:06:00,3.0479,3.0499,3.0474,3.0499,3.0529,3.0549,3.0524,3.0549,5
2026-03-22 23:07:00,3.0459,3.0479,3.0449,3.0449,3.0509,3.0529,3.0499,3.0499,8
2026-03-22 23:08:00,3.0454,3.0454,3.0409,3.0409,3.0504,3.0504,3.0459,3.0459,11
2026-03-22 23:09:00,3.0404,3.0414,3.0114,3.0139,3.0454,3.0464,3.0164,3.0189,40
2026-03-22 23:10:00,3.0119,3.0144,2.9959,3.0039,3.0169,3.0194,3.0009,3.0089,34
2026-03-22 23:11:00,3.0034,3.0129,3.0014,3.0114,3.0084,3.0179,3.0064,3.0164,12
2026-03-22 23:12:00,3.0109,3.0109,3.0044,3.0069,3.0159,3.0159,3.0094,3.0119,17
2026-03-22 23:13:00,3.0079,3.0124,3.0074,3.0114,3.0129,3.0174,3.0124,3.0164,23
2026-03-22 23:14:00,3.0104,3.0119,3.0054,3.0069,3.0154,3.0169,3.0104,3.0119,18
2026-03-22 23:15:00,3.0059,3.0074,3.0049,3.0074,3.0109,3.0124,3.0099,3.0124,9
2026-03-22 23:16:00,3.0069,3.0144,3.0064,3.0124,3.0119,3.0194,3.0114,3.0174,20
2026-03-22 23:17:00,3.0129,3.0149,3.0114,3.0144,3.0179,3.0199,3.0164,3.0194,11
2026-03-22 23:18:00,3.0139,3.0149,3.0094,3.0149,3.0189,3.0199,3.0144,3.0199,15
2026-03-22 23:19:00,3.0144,3.0149,3.0144,3.0149,3.0194,3.0199,3.0194,3.0199,2
2026-03-22 23:20:00,3.0144,3.0149,3.0134,3.0149,3.0194,3.0199,3.0184,3.0199,12
2026-03-22 23:21:00,3.0144,3.0229,3.0144,3.0224,3.0194,3.0279,3.0194,3.0274,23
2026-03-22 23:22:00,3.0229,3.0274,3.0194,3.0194,3.0279,3.0324,3.0244,3.0244,26
2026-03-22 23:23:00,3.0189,3.0189,3.0119,3.0164,3.0239,3.0239,3.0169,3.0214,14
2026-03-22 23:24:00,3.0154,3.0194,3.0149,3.0194,3.0204,3.0244,3.0199,3.0244,14
2026-03-22 23:25:00,3.0189,3.0209,3.0159,3.0159,3.0239,3.0259,3.0209,3.0209,7
2026-03-22 23:26:00,3.0149,3.0159,3.0129,3.0129,3.0199,3.0209,3.0179,3.0179,10
2026-03-22 23:27:00,3.0124,3.0144,3.0124,3.0124,3.0174,3.0194,3.0174,3.0174,10
2026-03-22 23:28:00,3.0129,3.0129,3.0094,3.0114,3.0179,3.0179,3.0144,3.0164,9
2026-03-22 23:29:00,3.0119,3.0124,3.0099,3.0109,3.0169,3.0174,3.0149,3.0159,6
2026-03-22 23:30:00,3.0104,3.0109,3.0099,3.0104,3.0154,3.0159,3.0149,3.0154,14
2026-03-22 23:31:00,3.0109,3.0109,3.0089,3.0094,3.0159,3.0159,3.0139,3.0144,15
2026-03-22 23:32:00,3.0089,3.0099,3.0049,3.0064,3.0139,3.0149,3.0099,3.0114,18
2026-03-22 23:33:00,3.0059,3.0079,3.0034,3.0044,3.0109,3.0129,3.0084,3.0094,14
2026-03-22 23:34:00,3.0049,3.0104,3.0039,3.0104,3.0099,3.0154,3.0089,3.0154,15
2026-03-22 23:35:00,3.0099,3.0104,3.0084,3.0089,3.0149,3.0154,3.0134,3.0139,12
2026-03-22 23:36:00,3.0094,3.0119,3.0089,3.0109,3.0144,3.0169,3.0139,3.0159,10
2026-03-22 23:37:00,3.0114,3.0114,3.0104,3.0104,3.0164,3.0164,3.0154,3.0154,3
2026-03-22 23:38:00,3.0099,3.0104,3.0074,3.0104,3.0149,3.0154,3.0124,3.0154,10
2026-03-22 23:39:00,3.0109,3.0174,3.0109,3.0139,3.0159,3.0224,3.0159,3.0189,18
2026-03-22 23:40:00,3.0124,3.0134,3.0114,3.0134,3.0174,3.0184,3.0164,3.0184,15
2026-03-22 23:41:00,3.0129,3.0179,3.0129,3.0169,3.0179,3.0229,3.0179,3.0219,12
2026-03-22 23:42:00,3.0179,3.0179,3.0169,3.0179,3.0229,3.0229,3.0219,3.0229,5
2026-03-22 23:43:00,3.0184,3.0209,3.0184,3.0209,3.0234,3.0259,3.0234,3.0259,12
2026-03-22 23:44:00,3.0199,3.0204,3.0179,3.0184,3.0249,3.0254,3.0229,3.0234,7
2026-03-22 23:45:00,3.0179,3.0179,3.0084,3.0089,3.0229,3.0229,3.0134,3.0139,27
2026-03-22 23:46:00,3.0104,3.0124,3.0104,3.0124,3.0154,3.0174,3.0154,3.0174,5
2026-03-22 23:47:00,3.0104,3.0129,3.0104,3.0124,3.0154,3.0179,3.0154,3.0174,5
2026-03-22 23:48:00,3.0119,3.0124,3.0114,3.0119,3.0169,3.0174,3.0164,3.0169,11
2026-03-22 23:49:00,3.0124,3.0129,3.0114,3.0129,3.0174,3.0179,3.0164,3.0179,9
2026-03-22 23:50:00,3.0124,3.0124,3.0114,3.0119,3.0174,3.0174,3.0164,3.0169,6
2026-03-22 23:51:00,3.0114,3.0129,3.0114,3.0119,3.0164,3.0179,3.0164,3.0169,10
2026-03-22 23:52:00,3.0109,3.0119,3.0084,3.0099,3.0159,3.0169,3.0134,3.0149,12
2026-03-22 23:53:00,3.0104,3.0124,3.0104,3.0119,3.0154,3.0174,3.0154,3.0169,3
2026-03-22 23:54:00,3.0124,3.0154,3.0124,3.0154,3.0174,3.0204,3.0174,3.0204,5
2026-03-22 23:55:00,3.0159,3.0159,3.0149,3.0149,3.0209,3.0209,3.0199,3.0199,2
2026-03-22 23:56:00,3.0144,3.0149,3.0144,3.0144,3.0194,3.0199,3.0194,3.0194,3
2026-03-22 23:57:00,3.0134,3.0149,3.0134,3.0144,3.0184,3.0199,3.0184,3.0194,4
2026-03-22 23:58:00,3.0154,3.0164,3.0154,3.0164,3.0204,3.0214,3.0204,3.0214,3
2026-03-22 23:59:00,3.0159,3.0159,3.0154,3.0154,3.0209,3.0209,3.0204,3.0204,2
2026-03-23 00:00:00,3.0144,3.0169,3.0144,3.0149,3.0194,3.0219,3.0194,3.0199,7
2026-03-23 00:01:00,3.0144,3.0164,3.0119,3.0164,3.0194,3.0214,3.0169,3.0214,14
2026-03-23 00:02:00,3.0159,3.0159,3.0149,3.0149,3.0209,3.0209,3.0199,3.0199,3
2026-03-23 00:03:00,3.0154,3.0169,3.0134,3.0144,3.0204,3.0219,3.0184,3.0194,12
2026-03-23 00:04:00,3.0154,3.0154,3.0134,3.0139,3.0204,3.0204,3.0184,3.0189,9
2026-03-23 00:05:00,3.0149,3.0159,3.0144,3.0159,3.0199,3.0209,3.0194,3.0209,6
2026-03-23 00:06:00,3.0154,3.0159,3.0154,3.0154,3.0204,3.0209,3.0204,3.0204,5
2026-03-23 00:07:00,3.0159,3.0159,3.0149,3.0154,3.0209,3.0209,3.0199,3.0204,4
2026-03-23 00:08:00,3.0164,3.0164,3.0139,3.0154,3.0214,3.0214,3.0189,3.0204,8
2026-03-23 00:09:00,3.0159,3.0169,3.0144,3.0154,3.0209,3.0219,3.0194,3.0204,7
2026-03-23 00:10:00,3.0159,3.0159,3.0149,3.0154,3.0209,3.0209,3.0199,3.0204,6
2026-03-23 00:11:00,3.0149,3.0149,3.0144,3.0144,3.0199,3.0199,3.0194,3.0194,2
2026-03-23 00:12:00,3.0139,3.0144,3.0134,3.0144,3.0189,3.0194,3.0184,3.0194,8
2026-03-23 00:13:00,3.0134,3.0134,3.0104,3.0109,3.0184,3.0184,3.0154,3.0159,11
2026-03-23 00:14:00,3.0104,3.0114,3.0104,3.0114,3.0154,3.0164,3.0154,3.0164,7
2026-03-23 00:15:00,3.0119,3.0124,3.0114,3.0119,3.0169,3.0174,3.0164,3.0169,6
2026-03-23 00:16:00,3.0124,3.0139,3.0124,3.0129,3.0174,3.0189,3.0174,3.0179,8
2026-03-23 00:17:00,3.0124,3.0149,3.0124,3.0144,3.0174,3.0199,3.0174,3.0194,4
2026-03-23 00:18:00,3.0139,3.0154,3.0089,3.0109,3.0189,3.0204,3.0139,3.0159,13
2026-03-23 00:19:00,3.0114,3.0124,3.0114,3.0114,3.0164,3.0174,3.0164,3.0164,5
2026-03-23 00:20:00,3.0119,3.0214,3.0119,3.0194,3.0169,3.0264,3.0169,3.0244,16
2026-03-23 00:21:00,3.0199,3.0204,3.0194,3.0194,3.0249,3.0254,3.0244,3.0244,4
2026-03-23 00:22:00,3.0199,3.0199,3.0174,3.0174,3.0249,3.0249,3.0224,3.0224,7
2026-03-23 00:23:00,3.0169,3.0169,3.0144,3.0144,3.0219,3.0219,3.0194,3.0194,6
2026-03-23 00:24:00,3.0139,3.0144,3.0134,3.0139,3.0189,3.0194,3.0184,3.0189,5
2026-03-23 00:25:00,3.0144,3.0164,3.0144,3.0154,3.0194,3.0214,3.0194,3.0204,7
2026-03-23 00:26:00,3.0159,3.0169,3.0159,3.0159,3.0209,3.0219,3.0209,3.0209,4
2026-03-23 00:27:00,3.0154,3.0174,3.0139,3.0164,3.0204,3.0224,3.0189,3.0214,12
2026-03-23 00:28:00,3.0169,3.0199,3.0169,3.0189,3.0219,3.0249,3.0219,3.0239,5
2026-03-23 00:29:00,3.0194,3.0194,3.0184,3.0189,3.0244,3.0244,3.0234,3.0239,4
2026-03-23 00:30:00,3.0184,3.0194,3.0164,3.0164,3.0234,3.0244,3.0214,3.0214,6
2026-03-23 00:31:00,3.0169,3.0169,3.0139,3.0154,3.0219,3.0219,3.0189,3.0204,9
2026-03-23 00:32:00,3.0159,3.0159,3.0139,3.0144,3.0209,3.0209,3.0189,3.0194,9
2026-03-23 00:33:00,3.0129,3.0129,3.0129,3.0129,3.0179,3.0179,3.0179,3.0179,1
2026-03-23 00:34:00,3.0134,3.0139,3.0129,3.0134,3.0184,3.0189,3.0179,3.0184,5
2026-03-23 00:35:00,3.0139,3.0139,3.0134,3.0139,3.0189,3.0189,3.0184,3.0189,3
2026-03-23 00:36:00,3.0149,3.0149,3.0124,3.0124,3.0199,3.0199,3.0174,3.0174,6
2026-03-23 00:37:00,3.0114,3.0114,3.0104,3.0104,3.0164,3.0164,3.0154,3.0154,2
2026-03-23 00:38:00,3.0099,3.0099,3.0094,3.0099,3.0149,3.0149,3.0144,3.0149,3
2026-03-23 00:39:00,3.0104,3.0109,3.0094,3.0094,3.0154,3.0159,3.0144,3.0144,5
2026-03-23 00:40:00,3.0109,3.0109,3.0084,3.0084,3.0159,3.0159,3.0134,3.0134,9
2026-03-23 00:41:00,3.0094,3.0094,3.0094,3.0094,3.0144,3.0144,3.0144,3.0144,1
2026-03-23 00:42:00,3.0089,3.0099,3.0089,3.0094,3.0139,3.0149,3.0139,3.0144,6
2026-03-23 00:43:00,3.0099,3.0119,3.0099,3.0104,3.0149,3.0169,3.0149,3.0154,6
2026-03-23 00:44:00,3.0119,3.0159,3.0119,3.0144,3.0169,3.0209,3.0169,3.0194,11
2026-03-23 00:45:00,3.0139,3.0139,3.0139,3.0139,3.0189,3.0189,3.0189,3.0189,1
2026-03-23 00:46:00,3.0134,3.0139,3.0134,3.0139,3.0184,3.0189,3.0184,3.0189,2
2026-03-23 00:47:00,3.0144,3.0144,3.0084,3.0094,3.0194,3.0194,3.0134,3.0144,11
2026-03-23 00:48:00,3.0079,3.0079,3.0074,3.0074,3.0129,3.0129,3.0124,3.0124,2
2026-03-23 00:49:00,3.0084,3.0099,3.0084,3.0094,3.0134,3.0149,3.0134,3.0144,4
2026-03-23 00:50:00,3.0089,3.0104,3.0089,3.0099,3.0139,3.0154,3.0139,3.0149,3
2026-03-23 00:51:00,3.0094,3.0094,3.0084,3.0094,3.0144,3.0144,3.0134,3.0144,4
2026-03-23 00:52:00,3.0099,3.0099,3.0094,3.0094,3.0149,3.0149,3.0144,3.0144,2
2026-03-23 00:53:00,3.0099,3.0104,3.0094,3.0099,3.0149,3.0154,3.0144,3.0149,8
2026-03-23 00:54:00,3.0094,3.0119,3.0089,3.0119,3.0144,3.0169,3.0139,3.0169,6
2026-03-23 00:55:00,3.0129,3.0134,3.0124,3.0124,3.0179,3.0184,3.0174,3.0174,7
2026-03-23 00:56:00,3.0119,3.0144,3.0119,3.0129,3.0169,3.0194,3.0169,3.0179,8
2026-03-23 00:57:00,3.0134,3.0134,3.0099,3.0114,3.0184,3.0184,3.0149,3.0164,10
2026-03-23 00:58:00,3.0109,3.0114,3.0104,3.0114,3.0159,3.0164,3.0154,3.0164,4
2026-03-23 00:59:00,3.0119,3.0119,3.0109,3.0114,3.0169,3.0169,3.0159,3.0164,4
2026-03-23 01:00:00,3.0119,3.0154,3.0119,3.0144,3.0169,3.0204,3.0169,3.0194,17
2026-03-23 01:01:00,3.0139,3.0139,3.0124,3.0134,3.0189,3.0189,3.0174,3.0184,10
2026-03-23 01:02:00,3.0139,3.0139,3.0119,3.0129,3.0189,3.0189,3.0169,3.0179,14
2026-03-23 01:03:00,3.0124,3.0134,3.0124,3.0124,3.0174,3.0184,3.0174,3.0174,7
2026-03-23 01:04:00,3.0119,3.0124,3.0114,3.0119,3.0169,3.0174,3.0164,3.0169,4
2026-03-23 01:05:00,3.0124,3.0169,3.0124,3.0169,3.0174,3.0219,3.0174,3.0219,10
2026-03-23 01:06:00,3.0164,3.0164,3.0134,3.0134,3.0214,3.0214,3.0184,3.0184,4
2026-03-23 01:07:00,3.0139,3.0149,3.0134,3.0134,3.0189,3.0199,3.0184,3.0184,8
2026-03-23 01:08:00,3.0139,3.0139,3.0129,3.0134,3.0189,3.0189,3.0179,3.0184,6
2026-03-23 01:09:00,3.0139,3.0159,3.0139,3.0149,3.0189,3.0209,3.0189,3.0199,7
2026-03-23 01:10:00,3.0169,3.0189,3.0159,3.0159,3.0219,3.0239,3.0209,3.0209,11
2026-03-23 01:11:00,3.0154,3.0154,3.0144,3.0154,3.0204,3.0204,3.0194,3.0204,5
2026-03-23 01:12:00,3.0159,3.0159,3.0144,3.0159,3.0209,3.0209,3.0194,3.0209,10
2026-03-23 01:13:00,3.0154,3.0219,3.0139,3.0209,3.0204,3.0269,3.0189,3.0259,18
2026-03-23 01:14:00,3.0214,3.0214,3.0189,3.0189,3.0264,3.0264,3.0239,3.0239,16
2026-03-23 01:15:00,3.0184,3.0199,3.0179,3.0189,3.0234,3.0249,3.0229,3.0239,9
2026-03-23 01:16:00,3.0184,3.0189,3.0184,3.0189,3.0234,3.0239,3.0234,3.0239,4
2026-03-23 01:17:00,3.0184,3.0184,3.0179,3.0179,3.0234,3.0234,3.0229,3.0229,2
2026-03-23 01:18:00,3.0189,3.0189,3.0179,3.0184,3.0239,3.0239,3.0229,3.0234,9
2026-03-23 01:19:00,3.0189,3.0204,3.0179,3.0204,3.0239,3.0254,3.0229,3.0254,9
2026-03-23 01:20:00,3.0199,3.0204,3.0199,3.0199,3.0249,3.0254,3.0249,3.0249,5
2026-03-23 01:21:00,3.0209,3.0209,3.0179,3.0179,3.0259,3.0259,3.0229,3.0229,8
2026-03-23 01:22:00,3.0184,3.0199,3.0179,3.0199,3.0234,3.0249,3.0229,3.0249,5
2026-03-23 01:23:00,3.0194,3.0194,3.0184,3.0184,3.0244,3.0244,3.0234,3.0234,9
2026-03-23 01:24:00,3.0189,3.0189,3.0179,3.0179,3.0239,3.0239,3.0229,3.0229,5
2026-03-23 01:25:00,3.0169,3.0169,3.0154,3.0169,3.0219,3.0219,3.0204,3.0219,3
2026-03-23 01:26:00,3.0164,3.0179,3.0164,3.0179,3.0214,3.0229,3.0214,3.0229,4
2026-03-23 01:27:00,3.0169,3.0189,3.0169,3.0179,3.0219,3.0239,3.0219,3.0229,6
2026-03-23 01:28:00,3.0184,3.0184,3.0164,3.0184,3.0234,3.0234,3.0214,3.0234,7
2026-03-23 01:29:00,3.0194,3.0194,3.0184,3.0184,3.0244,3.0244,3.0234,3.0234,5
2026-03-23 01:30:00,3.0179,3.0184,3.0179,3.0179,3.0229,3.0234,3.0229,3.0229,5
2026-03-23 01:31:00,3.0184,3.0189,3.0184,3.0184,3.0234,3.0239,3.0234,3.0234,3
2026-03-23 01:33:00,3.0179,3.0179,3.0169,3.0179,3.0229,3.0229,3.0219,3.0229,3
2026-03-23 01:34:00,3.0174,3.0174,3.0144,3.0154,3.0224,3.0224,3.0194,3.0204,8
2026-03-23 01:35:00,3.0159,3.0169,3.0154,3.0164,3.0209,3.0219,3.0204,3.0214,9
2026-03-23 01:36:00,3.0169,3.0179,3.0164,3.0179,3.0219,3.0229,3.0214,3.0229,6
2026-03-23 01:37:00,3.0174,3.0204,3.0169,3.0204,3.0224,3.0254,3.0219,3.0254,10
2026-03-23 01:38:00,3.0199,3.0204,3.0174,3.0174,3.0249,3.0254,3.0224,3.0224,8
2026-03-23 01:39:00,3.0179,3.0184,3.0179,3.0184,3.0229,3.0234,3.0229,3.0234,6
2026-03-23 01:40:00,3.0189,3.0249,3.0179,3.0214,3.0239,3.0299,3.0229,3.0264,31
2026-03-23 01:41:00,3.0219,3.0219,3.0204,3.0209,3.0269,3.0269,3.0254,3.0259,7
2026-03-23 01:42:00,3.0204,3.0224,3.0189,3.0209,3.0254,3.0274,3.0239,3.0259,20
2026-03-23 01:43:00,3.0214,3.0234,3.0204,3.0214,3.0264,3.0284,3.0254,3.0264,13
2026-03-23 01:44:00,3.0219,3.0304,3.0219,3.0294,3.0269,3.0354,3.0269,3.0344,27
2026-03-23 01:45:00,3.0299,3.0329,3.0294,3.0329,3.0349,3.0379,3.0344,3.0379,24
2026-03-23 01:46:00,3.0324,3.0329,3.0284,3.0284,3.0374,3.0379,3.0334,3.0334,10
2026-03-23 01:47:00,3.0289,3.0289,3.0274,3.0279,3.0339,3.0339,3.0324,3.0329,4
2026-03-23 01:48:00,3.0284,3.0289,3.0274,3.0279,3.0334,3.0339,3.0324,3.0329,6
2026-03-23 01:49:00,3.0289,3.0289,3.0259,3.0284,3.0339,3.0339,3.0309,3.0334,15
2026-03-23 01:50:00,3.0279,3.0299,3.0279,3.0279,3.0329,3.0349,3.0329,3.0329,16
2026-03-23 01:51:00,3.0274,3.0274,3.0274,3.0274,3.0324,3.0324,3.0324,3.0324,1
2026-03-23 01:52:00,3.0279,3.0279,3.0269,3.0269,3.0329,3.0329,3.0319,3.0319,5
2026-03-23 01:53:00,3.0274,3.0284,3.0269,3.0269,3.0324,3.0334,3.0319,3.0319,15
2026-03-23 01:54:00,3.0274,3.0279,3.0269,3.0274,3.0324,3.0329,3.0319,3.0324,4
2026-03-23 01:55:00,3.0269,3.0284,3.0264,3.0269,3.0319,3.0334,3.0314,3.0319,17
2026-03-23 01:56:00,3.0264,3.0284,3.0259,3.0279,3.0314,3.0334,3.0309,3.0329,8
2026-03-23 01:57:00,3.0274,3.0284,3.0274,3.0279,3.0324,3.0334,3.0324,3.0329,5
2026-03-23 01:58:00,3.0274,3.0274,3.0264,3.0264,3.0324,3.0324,3.0314,3.0314,8
2026-03-23 01:59:00,3.0259,3.0269,3.0259,3.0259,3.0309,3.0319,3.0309,3.0309,6
2026-03-23 02:00:00,3.0269,3.0289,3.0264,3.0284,3.0319,3.0339,3.0314,3.0334,19
2026-03-23 02:01:00,3.0289,3.0344,3.0289,3.0334,3.0339,3.0394,3.0339,3.0384,29
2026-03-23 02:02:00,3.0339,3.0339,3.0279,3.0284,3.0389,3.0389,3.0329,3.0334,23
2026-03-23 02:03:00,3.0289,3.0289,3.0259,3.0264,3.0339,3.0339,3.0309,3.0314,9
2026-03-23 02:04:00,3.0269,3.0279,3.0264,3.0279,3.0319,3.0329,3.0314,3.0329,10
2026-03-23 02:05:00,3.0274,3.0304,3.0274,3.0299,3.0324,3.0354,3.0324,3.0349,9
2026-03-23 02:06:00,3.0304,3.0309,3.0284,3.0289,3.0354,3.0359,3.0334,3.0339,14
2026-03-23 02:07:00,3.0294,3.0294,3.0279,3.0279,3.0344,3.0344,3.0329,3.0329,4
2026-03-23 02:08:00,3.0284,3.0284,3.0274,3.0274,3.0334,3.0334,3.0324,3.0324,7
2026-03-23 02:09:00,3.0284,3.0299,3.0284,3.0299,3.0334,3.0349,3.0334,3.0349,6
2026-03-23 02:10:00,3.0304,3.0314,3.0299,3.0299,3.0354,3.0364,3.0349,3.0349,8
2026-03-23 02:11:00,3.0294,3.0299,3.0294,3.0294,3.0344,3.0349,3.0344,3.0344,5
2026-03-23 02:12:00,3.0289,3.0294,3.0279,3.0279,3.0339,3.0344,3.0329,3.0329,5
2026-03-23 02:13:00,3.0284,3.0284,3.0279,3.0284,3.0334,3.0334,3.0329,3.0334,3
2026-03-23 02:14:00,3.0274,3.0274,3.0269,3.0269,3.0324,3.0324,3.0319,3.0319,4
2026-03-23 02:15:00,3.0279,3.0289,3.0259,3.0269,3.0329,3.0339,3.0309,3.0319,12
2026-03-23 02:16:00,3.0259,3.0269,3.0259,3.0264,3.0309,3.0319,3.0309,3.0314,5
2026-03-23 02:17:00,3.0259,3.0269,3.0259,3.0264,3.0309,3.0319,3.0309,3.0314,5
2026-03-23 02:18:00,3.0259,3.0264,3.0259,3.0259,3.0309,3.0314,3.0309,3.0309,3
2026-03-23 02:19:00,3.0264,3.0284,3.0264,3.0279,3.0314,3.0334,3.0314,3.0329,6
2026-03-23 02:20:00,3.0274,3.0274,3.0259,3.0269,3.0324,3.0324,3.0309,3.0319,12
2026-03-23 02:21:00,3.0279,3.0279,3.0274,3.0274,3.0329,3.0329,3.0324,3.0324,2
2026-03-23 02:22:00,3.0264,3.0284,3.0264,3.0279,3.0314,3.0334,3.0314,3.0329,6
2026-03-23 02:23:00,3.0274,3.0279,3.0269,3.0274,3.0324,3.0329,3.0319,3.0324,5
2026-03-23 02:24:00,3.0269,3.0284,3.0269,3.0284,3.0319,3.0334,3.0319,3.0334,5
2026-03-23 02:25:00,3.0279,3.0279,3.0274,3.0274,3.0329,3.0329,3.0324,3.0324,2
2026-03-23 02:26:00,3.0284,3.0284,3.0274,3.0279,3.0334,3.0334,3.0324,3.0329,5
2026-03-23 02:27:00,3.0284,3.0284,3.0274,3.0279,3.0334,3.0334,3.0324,3.0329,15
2026-03-23 02:28:00,3.0284,3.0329,3.0279,3.0329,3.0334,3.0379,3.0329,3.0379,10
2026-03-23 02:29:00,3.0324,3.0324,3.0319,3.0319,3.0374,3.0374,3.0369,3.0369,2
2026-03-23 02:30:00,3.0309,3.0369,3.0309,3.0359,3.0359,3.0419,3.0359,3.0409,10
2026-03-23 02:31:00,3.0364,3.0384,3.0354,3.0369,3.0414,3.0434,3.0404,3.0419,11
2026-03-23 02:32:00,3.0364,3.0394,3.0364,3.0384,3.0414,3.0444,3.0414,3.0434,16
2026-03-23 02:33:00,3.0379,3.0409,3.0379,3.0399,3.0429,3.0459,3.0429,3.0449,12
2026-03-23 02:34:00,3.0409,3.0434,3.0409,3.0414,3.0459,3.0484,3.0459,3.0464,15
2026-03-23 02:35:00,3.0419,3.0419,3.0379,3.0409,3.0469,3.0469,3.0429,3.0459,14
2026-03-23 02:36:00,3.0414,3.0414,3.0394,3.0399,3.0464,3.0464,3.0444,3.0449,8
2026-03-23 02:37:00,3.0404,3.0419,3.0399,3.0399,3.0454,3.0469,3.0449,3.0449,10
2026-03-23 02:38:00,3.0404,3.0434,3.0404,3.0429,3.0454,3.0484,3.0454,3.0479,10
2026-03-23 02:39:00,3.0434,3.0439,3.0424,3.0434,3.0484,3.0489,3.0474,3.0484,10
2026-03-23 02:40:00,3.0429,3.0459,3.0414,3.0444,3.0479,3.0509,3.0464,3.0494,14
2026-03-23 02:41:00,3.0439,3.0444,3.0414,3.0424,3.0489,3.0494,3.0464,3.0474,9
2026-03-23 02:42:00,3.0419,3.0424,3.0354,3.0394,3.0469,3.0474,3.0404,3.0444,31
2026-03-23 02:43:00,3.0399,3.0399,3.0349,3.0364,3.0449,3.0449,3.0399,3.0414,12
2026-03-23 02:44:00,3.0359,3.0359,3.0319,3.0319,3.0409,3.0409,3.0369,3.0369,20
2026-03-23 02:45:00,3.0324,3.0354,3.0324,3.0324,3.0374,3.0404,3.0374,3.0374,9
2026-03-23 02:46:00,3.0319,3.0324,3.0299,3.0304,3.0369,3.0374,3.0349,3.0354,11
2026-03-23 02:47:00,3.0289,3.0299,3.0289,3.0294,3.0339,3.0349,3.0339,3.0344,6
2026-03-23 02:49:00,3.0299,3.0304,3.0289,3.0304,3.0349,3.0354,3.0339,3.0354,8
2026-03-23 02:50:00,3.0294,3.0294,3.0294,3.0294,3.0344,3.0344,3.0344,3.0344,1
2026-03-23 02:51:00,3.0299,3.0299,3.0294,3.0299,3.0349,3.0349,3.0344,3.0349,3
2026-03-23 02:52:00,3.0294,3.0299,3.0284,3.0284,3.0344,3.0349,3.0334,3.0334,5
2026-03-23 02:53:00,3.0289,3.0294,3.0284,3.0284,3.0339,3.0344,3.0334,3.0334,4
2026-03-23 02:54:00,3.0289,3.0294,3.0284,3.0284,3.0339,3.0344,3.0334,3.0334,4
2026-03-23 02:55:00,3.0289,3.0299,3.0289,3.0299,3.0339,3.0349,3.0339,3.0349,3
2026-03-23 02:56:00,3.0294,3.0294,3.0284,3.0284,3.0344,3.0344,3.0334,3.0334,4
2026-03-23 02:57:00,3.0289,3.0289,3.0244,3.0244,3.0339,3.0339,3.0294,3.0294,13
2026-03-23 02:58:00,3.0239,3.0249,3.0224,3.0229,3.0289,3.0299,3.0274,3.0279,24
2026-03-23 02:59:00,3.0234,3.0244,3.0229,3.0239,3.0284,3.0294,3.0279,3.0289,10
2026-03-23 03:00:00,3.0234,3.0244,3.0234,3.0234,3.0284,3.0294,3.0284,3.0284,9
2026-03-23 03:01:00,3.0229,3.0239,3.0214,3.0239,3.0279,3.0289,3.0264,3.0289,11
2026-03-23 03:02:00,3.0249,3.0259,3.0244,3.0244,3.0299,3.0309,3.0294,3.0294,6
2026-03-23 03:03:00,3.0249,3.0254,3.0249,3.0254,3.0299,3.0304,3.0299,3.0304,4
2026-03-23 03:04:00,3.0249,3.0284,3.0249,3.0284,3.0299,3.0334,3.0299,3.0334,7
2026-03-23 03:05:00,3.0279,3.0284,3.0274,3.0279,3.0329,3.0334,3.0324,3.0329,14
2026-03-23 03:06:00,3.0284,3.0284,3.0274,3.0279,3.0334,3.0334,3.0324,3.0329,16
2026-03-23 03:07:00,3.0274,3.0274,3.0274,3.0274,3.0324,3.0324,3.0324,3.0324,1
2026-03-23 03:08:00,3.0284,3.0299,3.0279,3.0289,3.0334,3.0349,3.0329,3.0339,11
2026-03-23 03:09:00,3.0279,3.0289,3.0274,3.0274,3.0329,3.0339,3.0324,3.0324,8
2026-03-23 03:10:00,3.0269,3.0289,3.0269,3.0289,3.0319,3.0339,3.0319,3.0339,7
2026-03-23 03:11:00,3.0284,3.0289,3.0279,3.0289,3.0334,3.0339,3.0329,3.0339,5
2026-03-23 03:13:00,3.0294,3.0309,3.0294,3.0309,3.0344,3.0359,3.0344,3.0359,13
2026-03-23 03:14:00,3.0304,3.0309,3.0304,3.0309,3.0354,3.0359,3.0354,3.0359,2
2026-03-23 03:15:00,3.0314,3.0359,3.0314,3.0359,3.0364,3.0409,3.0364,3.0409,14
2026-03-23 03:16:00,3.0354,3.0364,3.0339,3.0344,3.0404,3.0414,3.0389,3.0394,12
2026-03-23 03:17:00,3.0339,3.0349,3.0309,3.0314,3.0389,3.0399,3.0359,3.0364,8
2026-03-23 03:18:00,3.0319,3.0329,3.0314,3.0329,3.0369,3.0379,3.0364,3.0379,6
2026-03-23 03:19:00,3.0319,3.0319,3.0294,3.0294,3.0369,3.0369,3.0344,3.0344,4
2026-03-23 03:20:00,3.0299,3.0304,3.0299,3.0304,3.0349,3.0354,3.0349,3.0354,2
2026-03-23 03:22:00,3.0309,3.0319,3.0309,3.0319,3.0359,3.0369,3.0359,3.0369,6
2026-03-23 03:23:00,3.0314,3.0314,3.0294,3.0294,3.0364,3.0364,3.0344,3.0344,6
2026-03-23 03:24:00,3.0299,3.0299,3.0299,3.0299,3.0349,3.0349,3.0349,3.0349,1
2026-03-23 03:25:00,3.0304,3.0304,3.0294,3.0294,3.0354,3.0354,3.0344,3.0344,2
2026-03-23 03:26:00,3.0299,3.0304,3.0299,3.0304,3.0349,3.0354,3.0349,3.0354,4
2026-03-23 03:27:00,3.0314,3.0314,3.0294,3.0299,3.0364,3.0364,3.0344,3.0349,6
2026-03-23 03:29:00,3.0304,3.0309,3.0299,3.0309,3.0354,3.0359,3.0349,3.0359,4
2026-03-23 03:30:00,3.0304,3.0314,3.0294,3.0309,3.0354,3.0364,3.0344,3.0359,6
2026-03-23 03:31:00,3.0314,3.0319,3.0304,3.0314,3.0364,3.0369,3.0354,3.0364,13
2026-03-23 03:32:00,3.0319,3.0319,3.0314,3.0314,3.0369,3.0369,3.0364,3.0364,2
2026-03-23 03:33:00,3.0309,3.0319,3.0304,3.0314,3.0359,3.0369,3.0354,3.0364,5
2026-03-23 03:34:00,3.0319,3.0319,3.0319,3.0319,3.0369,3.0369,3.0369,3.0369,1
2026-03-23 03:35:00,3.0314,3.0319,3.0309,3.0319,3.0364,3.0369,3.0359,3.0369,10
2026-03-23 03:36:00,3.0314,3.0314,3.0309,3.0309,3.0364,3.0364,3.0359,3.0359,2
2026-03-23 03:37:00,3.0314,3.0319,3.0314,3.0314,3.0364,3.0369,3.0364,3.0364,3
2026-03-23 03:38:00,3.0319,3.0319,3.0319,3.0319,3.0369,3.0369,3.0369,3.0369,1
2026-03-23 03:39:00,3.0309,3.0319,3.0309,3.0319,3.0359,3.0369,3.0359,3.0369,5
2026-03-23 03:40:00,3.0314,3.0319,3.0314,3.0314,3.0364,3.0369,3.0364,3.0364,5
2026-03-23 03:41:00,3.0304,3.0314,3.0304,3.0314,3.0354,3.0364,3.0354,3.0364,3
2026-03-23 03:42:00,3.0309,3.0314,3.0309,3.0309,3.0359,3.0364,3.0359,3.0359,3
2026-03-23 03:43:00,3.0304,3.0304,3.0304,3.0304,3.0354,3.0354,3.0354,3.0354,1
2026-03-23 03:44:00,3.0309,3.0319,3.0304,3.0309,3.0359,3.0369,3.0354,3.0359,10
2026-03-23 03:45:00,3.0314,3.0314,3.0304,3.0304,3.0364,3.0364,3.0354,3.0354,3
2026-03-23 03:46:00,3.0314,3.0314,3.0304,3.0304,3.0364,3.0364,3.0354,3.0354,4
2026-03-23 03:47:00,3.0299,3.0309,3.0299,3.0304,3.0349,3.0359,3.0349,3.0354,3
2026-03-23 03:48:00,3.0309,3.0314,3.0304,3.0304,3.0359,3.0364,3.0354,3.0354,5
2026-03-23 03:49:00,3.0309,3.0309,3.0304,3.0304,3.0359,3.0359,3.0354,3.0354,2
2026-03-23 03:50:00,3.0299,3.0319,3.0299,3.0309,3.0349,3.0369,3.0349,3.0359,14
2026-03-23 03:51:00,3.0319,3.0319,3.0319,3.0319,3.0369,3.0369,3.0369,3.0369,1
2026-03-23 03:52:00,3.0309,3.0314,3.0309,3.0309,3.0359,3.0364,3.0359,3.0359,3
2026-03-23 03:53:00,3.0319,3.0319,3.0319,3.0319,3.0369,3.0369,3.0369,3.0369,1
2026-03-23 03:54:00,3.0314,3.0319,3.0304,3.0314,3.0364,3.0369,3.0354,3.0364,5
2026-03-23 03:55:00,3.0319,3.0319,3.0319,3.0319,3.0369,3.0369,3.0369,3.0369,1
2026-03-23 03:58:00,3.0329,3.0369,3.0329,3.0369,3.0379,3.0419,3.0379,3.0419,8
2026-03-23 03:59:00,3.0374,3.0374,3.0359,3.0364,3.0424,3.0424,3.0409,3.0414,4
2026-03-23 04:00:00,3.0369,3.0399,3.0364,3.0399,3.0419,3.0449,3.0414,3.0449,8
2026-03-23 04:01:00,3.0404,3.0414,3.0399,3.0414,3.0454,3.0464,3.0449,3.0464,8
2026-03-23 04:02:00,3.0419,3.0419,3.0384,3.0389,3.0469,3.0469,3.0434,3.0439,12
2026-03-23 04:03:00,3.0384,3.0394,3.0384,3.0389,3.0434,3.0444,3.0434,3.0439,8
2026-03-23 04:04:00,3.0384,3.0399,3.0384,3.0399,3.0434,3.0449,3.0434,3.0449,4
2026-03-23 04:05:00,3.0409,3.0409,3.0399,3.0399,3.0459,3.0459,3.0449,3.0449,5
2026-03-23 04:06:00,3.0394,3.0394,3.0389,3.0389,3.0444,3.0444,3.0439,3.0439,4
2026-03-23 04:07:00,3.0384,3.0394,3.0384,3.0394,3.0434,3.0444,3.0434,3.0444,2
2026-03-23 04:08:00,3.0389,3.0414,3.0389,3.0414,3.0439,3.0464,3.0439,3.0464,10
2026-03-23 04:09:00,3.0404,3.0404,3.0404,3.0404,3.0454,3.0454,3.0454,3.0454,1
2026-03-23 04:10:00,3.0409,3.0409,3.0384,3.0404,3.0459,3.0459,3.0434,3.0454,7
2026-03-23 04:11:00,3.0409,3.0409,3.0399,3.0399,3.0459,3.0459,3.0449,3.0449,2
2026-03-23 04:12:00,3.0394,3.0414,3.0394,3.0414,3.0444,3.0464,3.0444,3.0464,3
2026-03-23 04:13:00,3.0404,3.0414,3.0404,3.0414,3.0454,3.0464,3.0454,3.0464,12
2026-03-23 04:15:00,3.0409,3.0449,3.0409,3.0439,3.0459,3.0499,3.0459,3.0489,8
2026-03-23 04:16:00,3.0434,3.0444,3.0434,3.0434,3.0484,3.0494,3.0484,3.0484,3
2026-03-23 04:17:00,3.0444,3.0444,3.0434,3.0444,3.0494,3.0494,3.0484,3.0494,4
2026-03-23 04:18:00,3.0439,3.0494,3.0439,3.0464,3.0489,3.0544,3.0489,3.0514,16
2026-03-23 04:19:00,3.0469,3.0469,3.0459,3.0459,3.0519,3.0519,3.0509,3.0509,3
2026-03-23 04:21:00,3.0449,3.0449,3.0444,3.0444,3.0499,3.0499,3.0494,3.0494,2
2026-03-23 04:22:00,3.0449,3.0469,3.0449,3.0459,3.0499,3.0519,3.0499,3.0509,5
2026-03-23 04:23:00,3.0464,3.0469,3.0459,3.0459,3.0514,3.0519,3.0509,3.0509,8
2026-03-23 04:24:00,3.0464,3.0464,3.0459,3.0459,3.0514,3.0514,3.0509,3.0509,2
2026-03-23 04:25:00,3.0454,3.0454,3.0454,3.0454,3.0504,3.0504,3.0504,3.0504,1
2026-03-23 04:26:00,3.0459,3.0494,3.0459,3.0494,3.0509,3.0544,3.0509,3.0544,10
2026-03-23 04:27:00,3.0489,3.0489,3.0484,3.0484,3.0539,3.0539,3.0534,3.0534,2
2026-03-23 04:28:00,3.0479,3.0494,3.0474,3.0489,3.0529,3.0544,3.0524,3.0539,11
2026-03-23 04:29:00,3.0484,3.0509,3.0484,3.0489,3.0534,3.0559,3.0534,3.0539,10
2026-03-23 04:30:00,3.0499,3.0499,3.0469,3.0474,3.0549,3.0549,3.0519,3.0524,20
2026-03-23 04:31:00,3.0464,3.0484,3.0459,3.0484,3.0514,3.0534,3.0509,3.0534,9
2026-03-23 04:32:00,3.0489,3.0549,3.0489,3.0549,3.0539,3.0599,3.0539,3.0599,21
2026-03-23 04:33:00,3.0544,3.0564,3.0544,3.0554,3.0594,3.0614,3.0594,3.0604,36
2026-03-23 04:34:00,3.0549,3.0549,3.0529,3.0529,3.0599,3.0599,3.0579,3.0579,14
2026-03-23 04:35:00,3.0524,3.0529,3.0514,3.0519,3.0574,3.0579,3.0564,3.0569,6
2026-03-23 04:36:00,3.0524,3.0574,3.0524,3.0554,3.0574,3.0624,3.0574,3.0604,18
2026-03-23 04:37:00,3.0559,3.0569,3.0554,3.0569,3.0609,3.0619,3.0604,3.0619,6
2026-03-23 04:38:00,3.0564,3.0569,3.0564,3.0569,3.0614,3.0619,3.0614,3.0619,4
2026-03-23 04:39:00,3.0554,3.0554,3.0509,3.0524,3.0604,3.0604,3.0559,3.0574,10
2026-03-23 04:40:00,3.0519,3.0534,3.0509,3.0534,3.0569,3.0584,3.0559,3.0584,8
2026-03-23 04:41:00,3.0529,3.0534,3.0529,3.0534,3.0579,3.0584,3.0579,3.0584,4
2026-03-23 04:42:00,3.0539,3.0569,3.0539,3.0569,3.0589,3.0619,3.0589,3.0619,10
2026-03-23 04:43:00,3.0564,3.0569,3.0544,3.0559,3.0614,3.0619,3.0594,3.0609,18
2026-03-23 04:44:00,3.0554,3.0559,3.0544,3.0554,3.0604,3.0609,3.0594,3.0604,13
2026-03-23 04:45:00,3.0549,3.0554,3.0549,3.0549,3.0599,3.0604,3.0599,3.0599,3
2026-03-23 04:46:00,3.0554,3.0554,3.0524,3.0534,3.0604,3.0604,3.0574,3.0584,13
2026-03-23 04:48:00,3.0529,3.0534,3.0529,3.0534,3.0579,3.0584,3.0579,3.0584,2
2026-03-23 04:49:00,3.0539,3.0539,3.0539,3.0539,3.0589,3.0589,3.0589,3.0589,1
2026-03-23 04:50:00,3.0544,3.0554,3.0534,3.0544,3.0594,3.0604,3.0584,3.0594,8
2026-03-23 04:51:00,3.0549,3.0559,3.0544,3.0559,3.0599,3.0609,3.0594,3.0609,4
2026-03-23 04:52:00,3.0564,3.0569,3.0564,3.0569,3.0614,3.0619,3.0614,3.0619,2
2026-03-23 04:53:00,3.0559,3.0559,3.0544,3.0544,3.0609,3.0609,3.0594,3.0594,9
2026-03-23 04:57:00,3.0539,3.0549,3.0539,3.0549,3.0589,3.0599,3.0589,3.0599,5
2026-03-23 04:58:00,3.0544,3.0554,3.0539,3.0549,3.0594,3.0604,3.0589,3.0599,11
2026-03-23 04:59:00,3.0559,3.0619,3.0559,3.0604,3.0609,3.0669,3.0609,3.0654,17
2026-03-23 05:00:00,3.0609,3.0609,3.0594,3.0599,3.0659,3.0659,3.0644,3.0649,15
2026-03-23 05:01:00,3.0604,3.0619,3.0604,3.0609,3.0654,3.0669,3.0654,3.0659,9
2026-03-23 05:02:00,3.0614,3.0619,3.0609,3.0619,3.0664,3.0669,3.0659,3.0669,10
2026-03-23 05:03:00,3.0614,3.0619,3.0614,3.0619,3.0664,3.0669,3.0664,3.0669,4
2026-03-23 05:04:00,3.0614,3.0629,3.0604,3.0614,3.0664,3.0679,3.0654,3.0664,12
2026-03-23 05:05:00,3.0619,3.0624,3.0619,3.0624,3.0669,3.0674,3.0669,3.0674,2
2026-03-23 05:06:00,3.0639,3.0649,3.0639,3.0644,3.0689,3.0699,3.0689,3.0694,3
2026-03-23 05:07:00,3.0649,3.0649,3.0624,3.0629,3.0699,3.0699,3.0674,3.0679,9
2026-03-23 05:08:00,3.0634,3.0634,3.0579,3.0594,3.0684,3.0684,3.0629,3.0644,16
2026-03-23 05:09:00,3.0584,3.0584,3.0584,3.0584,3.0634,3.0634,3.0634,3.0634,1
2026-03-23 05:10:00,3.0579,3.0579,3.0579,3.0579,3.0629,3.0629,3.0629,3.0629,1
2026-03-23 05:11:00,3.0569,3.0569,3.0569,3.0569,3.0619,3.0619,3.0619,3.0619,1
2026-03-23 05:12:00,3.0574,3.0584,3.0574,3.0584,3.0624,3.0634,3.0624,3.0634,6
2026-03-23 05:13:00,3.0589,3.0599,3.0589,3.0594,3.0639,3.0649,3.0639,3.0644,3
2026-03-23 05:14:00,3.0599,3.0599,3.0594,3.0599,3.0649,3.0649,3.0644,3.0649,5
2026-03-23 05:15:00,3.0604,3.0629,3.0604,3.0629,3.0654,3.0679,3.0654,3.0679,6
2026-03-23 05:16:00,3.0624,3.0624,3.0619,3.0624,3.0674,3.0674,3.0669,3.0674,3
2026-03-23 05:17:00,3.0619,3.0649,3.0619,3.0649,3.0669,3.0699,3.0669,3.0699,4
2026-03-23 05:18:00,3.0654,3.0674,3.0644,3.0659,3.0704,3.0724,3.0694,3.0709,24
2026-03-23 05:19:00,3.0664,3.0669,3.0659,3.0664,3.0714,3.0719,3.0709,3.0714,9
2026-03-23 05:20:00,3.0659,3.0699,3.0659,3.0694,3.0709,3.0749,3.0709,3.0744,14
2026-03-23 05:21:00,3.0684,3.0694,3.0644,3.0664,3.0734,3.0744,3.0694,3.0714,20
2026-03-23 05:22:00,3.0654,3.0674,3.0654,3.0664,3.0704,3.0724,3.0704,3.0714,8
2026-03-23 05:23:00,3.0669,3.0684,3.0664,3.0679,3.0719,3.0734,3.0714,3.0729,7
2026-03-23 05:24:00,3.0684,3.0699,3.0679,3.0689,3.0734,3.0749,3.0729,3.0739,8
2026-03-23 05:25:00,3.0694,3.0694,3.0674,3.0674,3.0744,3.0744,3.0724,3.0724,4
2026-03-23 05:26:00,3.0679,3.0684,3.0679,3.0684,3.0729,3.0734,3.0729,3.0734,2
2026-03-23 05:27:00,3.0674,3.0674,3.0674,3.0674,3.0724,3.0724,3.0724,3.0724,1
2026-03-23 05:28:00,3.0669,3.0669,3.0654,3.0669,3.0719,3.0719,3.0704,3.0719,6
2026-03-23 05:29:00,3.0664,3.0679,3.0664,3.0674,3.0714,3.0729,3.0714,3.0724,5
2026-03-23 05:30:00,3.0684,3.0694,3.0674,3.0684,3.0734,3.0744,3.0724,3.0734,6
2026-03-23 05:31:00,3.0679,3.0689,3.0679,3.0689,3.0729,3.0739,3.0729,3.0739,3
2026-03-23 05:32:00,3.0694,3.0694,3.0689,3.0689,3.0744,3.0744,3.0739,3.0739,4
2026-03-23 05:33:00,3.0694,3.0699,3.0689,3.0689,3.0744,3.0749,3.0739,3.0739,8
2026-03-23 05:34:00,3.0694,3.0694,3.0689,3.0694,3.0744,3.0744,3.0739,3.0744,3
2026-03-23 05:35:00,3.0689,3.0699,3.0669,3.0674,3.0739,3.0749,3.0719,3.0724,7
2026-03-23 05:36:00,3.0669,3.0669,3.0649,3.0664,3.0719,3.0719,3.0699,3.0714,7
2026-03-23 05:37:00,3.0659,3.0664,3.0659,3.0659,3.0709,3.0714,3.0709,3.0709,3
2026-03-23 05:38:00,3.0664,3.0679,3.0664,3.0669,3.0714,3.0729,3.0714,3.0719,5
2026-03-23 05:39:00,3.0659,3.0699,3.0659,3.0699,3.0709,3.0749,3.0709,3.0749,9
2026-03-23 05:40:00,3.0694,3.0699,3.0694,3.0694,3.0744,3.0749,3.0744,3.0744,5
2026-03-23 05:41:00,3.0689,3.0694,3.0684,3.0684,3.0739,3.0744,3.0734,3.0734,6
2026-03-23 05:42:00,3.0679,3.0679,3.0674,3.0674,3.0729,3.0729,3.0724,3.0724,2
2026-03-23 05:43:00,3.0669,3.0694,3.0659,3.0689,3.0719,3.0744,3.0709,3.0739,12
2026-03-23 05:44:00,3.0694,3.0699,3.0689,3.0689,3.0744,3.0749,3.0739,3.0739,5
2026-03-23 05:45:00,3.0684,3.0684,3.0679,3.0684,3.0734,3.0734,3.0729,3.0734,3
2026-03-23 05:46:00,3.0689,3.0719,3.0689,3.0719,3.0739,3.0769,3.0739,3.0769,6
2026-03-23 05:47:00,3.0724,3.0724,3.0719,3.0719,3.0774,3.0774,3.0769,3.0769,2
2026-03-23 05:49:00,3.0709,3.0709,3.0694,3.0694,3.0759,3.0759,3.0744,3.0744,8
2026-03-23 05:50:00,3.0689,3.0699,3.0649,3.0649,3.0739,3.0749,3.0699,3.0699,13
2026-03-23 05:51:00,3.0659,3.0659,3.0629,3.0629,3.0709,3.0709,3.0679,3.0679,10
2026-03-23 05:52:00,3.0624,3.0629,3.0619,3.0629,3.0674,3.0679,3.0669,3.0679,5
2026-03-23 05:53:00,3.0624,3.0654,3.0609,3.0654,3.0674,3.0704,3.0659,3.0704,11
2026-03-23 05:54:00,3.0659,3.0659,3.0659,3.0659,3.0709,3.0709,3.0709,3.0709,1
2026-03-23 05:55:00,3.0679,3.0689,3.0674,3.0674,3.0729,3.0739,3.0724,3.0724,7
2026-03-23 05:56:00,3.0679,3.0689,3.0669,3.0684,3.0729,3.0739,3.0719,3.0734,8
2026-03-23 05:57:00,3.0674,3.0679,3.0664,3.0674,3.0724,3.0729,3.0714,3.0724,5
2026-03-23 05:58:00,3.0684,3.0684,3.0659,3.0674,3.0734,3.0734,3.0709,3.0724,8
2026-03-23 05:59:00,3.0689,3.0709,3.0689,3.0694,3.0739,3.0759,3.0739,3.0744,16
2026-03-23 06:00:00,3.0699,3.0759,3.0699,3.0719,3.0749,3.0809,3.0749,3.0769,18
2026-03-23 06:01:00,3.0724,3.0729,3.0709,3.0714,3.0774,3.0779,3.0759,3.0764,11
2026-03-23 06:02:00,3.0719,3.0744,3.0719,3.0744,3.0769,3.0794,3.0769,3.0794,4
2026-03-23 06:03:00,3.0739,3.0739,3.0689,3.0709,3.0789,3.0789,3.0739,3.0759,13
2026-03-23 06:04:00,3.0704,3.0774,3.0699,3.0769,3.0754,3.0824,3.0749,3.0819,24
2026-03-23 06:05:00,3.0764,3.0789,3.0759,3.0789,3.0814,3.0839,3.0809,3.0839,12
2026-03-23 06:06:00,3.0784,3.0784,3.0774,3.0779,3.0834,3.0834,3.0824,3.0829,4
2026-03-23 06:07:00,3.0784,3.0784,3.0769,3.0769,3.0834,3.0834,3.0819,3.0819,11
2026-03-23 06:08:00,3.0779,3.0779,3.0764,3.0769,3.0829,3.0829,3.0814,3.0819,9
2026-03-23 06:09:00,3.0774,3.0784,3.0774,3.0784,3.0824,3.0834,3.0824,3.0834,3
2026-03-23 06:10:00,3.0789,3.0789,3.0784,3.0784,3.0839,3.0839,3.0834,3.0834,2
2026-03-23 06:11:00,3.0789,3.0789,3.0779,3.0789,3.0839,3.0839,3.0829,3.0839,7
2026-03-23 06:13:00,3.0799,3.0809,3.0789,3.0809,3.0849,3.0859,3.0839,3.0859,6
2026-03-23 06:15:00,3.0819,3.0854,3.0819,3.0839,3.0869,3.0904,3.0869,3.0889,10
2026-03-23 06:16:00,3.0849,3.0849,3.0839,3.0839,3.0899,3.0899,3.0889,3.0889,8
2026-03-23 06:17:00,3.0849,3.0849,3.0834,3.0834,3.0899,3.0899,3.0884,3.0884,3
2026-03-23 06:18:00,3.0829,3.0829,3.0819,3.0819,3.0879,3.0879,3.0869,3.0869,4
2026-03-23 06:19:00,3.0829,3.0844,3.0829,3.0834,3.0879,3.0894,3.0879,3.0884,7
2026-03-23 06:20:00,3.0829,3.0839,3.0829,3.0839,3.0879,3.0889,3.0879,3.0889,2
2026-03-23 06:21:00,3.0844,3.0874,3.0844,3.0854,3.0894,3.0924,3.0894,3.0904,9
2026-03-23 06:22:00,3.0849,3.0849,3.0834,3.0839,3.0899,3.0899,3.0884,3.0889,4
2026-03-23 06:23:00,3.0844,3.0854,3.0844,3.0849,3.0894,3.0904,3.0894,3.0899,4
2026-03-23 06:24:00,3.0854,3.0854,3.0839,3.0844,3.0904,3.0904,3.0889,3.0894,3
2026-03-23 06:25:00,3.0849,3.0879,3.0849,3.0874,3.0899,3.0929,3.0899,3.0924,18
2026-03-23 06:26:00,3.0869,3.0869,3.0859,3.0859,3.0919,3.0919,3.0909,3.0909,7
2026-03-23 06:27:00,3.0854,3.0859,3.0834,3.0839,3.0904,3.0909,3.0884,3.0889,8
2026-03-23 06:28:00,3.0844,3.0844,3.0834,3.0834,3.0894,3.0894,3.0884,3.0884,3
2026-03-23 06:29:00,3.0844,3.0844,3.0819,3.0834,3.0894,3.0894,3.0869,3.0884,9
2026-03-23 06:30:00,3.0859,3.0869,3.0854,3.0854,3.0909,3.0919,3.0904,3.0904,8
2026-03-23 06:31:00,3.0859,3.0879,3.0854,3.0854,3.0909,3.0929,3.0904,3.0904,8
2026-03-23 06:32:00,3.0839,3.0849,3.0839,3.0839,3.0889,3.0899,3.0889,3.0889,7
2026-03-23 06:33:00,3.0844,3.0864,3.0839,3.0864,3.0894,3.0914,3.0889,3.0914,7
2026-03-23 06:34:00,3.0869,3.0889,3.0869,3.0884,3.0919,3.0939,3.0919,3.0934,5
2026-03-23 06:35:00,3.0889,3.0889,3.0879,3.0884,3.0939,3.0939,3.0929,3.0934,8
2026-03-23 06:36:00,3.0879,3.0884,3.0854,3.0854,3.0929,3.0934,3.0904,3.0904,7
2026-03-23 06:37:00,3.0849,3.0849,3.0839,3.0849,3.0899,3.0899,3.0889,3.0899,3
2026-03-23 06:38:00,3.0844,3.0849,3.0834,3.0834,3.0894,3.0899,3.0884,3.0884,7
2026-03-23 06:39:00,3.0829,3.0834,3.0799,3.0809,3.0879,3.0884,3.0849,3.0859,15
2026-03-23 06:40:00,3.0804,3.0814,3.0804,3.0809,3.0854,3.0864,3.0854,3.0859,6
2026-03-23 06:41:00,3.0804,3.0804,3.0779,3.0779,3.0854,3.0854,3.0829,3.0829,4
2026-03-23 06:42:00,3.0789,3.0789,3.0779,3.0789,3.0839,3.0839,3.0829,3.0839,9
2026-03-23 06:43:00,3.0794,3.0794,3.0794,3.0794,3.0844,3.0844,3.0844,3.0844,1
2026-03-23 06:44:00,3.0779,3.0804,3.0779,3.0799,3.0829,3.0854,3.0829,3.0849,5
2026-03-23 06:45:00,3.0809,3.0824,3.0809,3.0824,3.0859,3.0874,3.0859,3.0874,4
2026-03-23 06:46:00,3.0819,3.0819,3.0814,3.0819,3.0869,3.0869,3.0864,3.0869,3
2026-03-23 06:47:00,3.0814,3.0819,3.0804,3.0804,3.0864,3.0869,3.0854,3.0854,8
2026-03-23 06:48:00,3.0799,3.0814,3.0799,3.0814,3.0849,3.0864,3.0849,3.0864,3
2026-03-23 06:49:00,3.0829,3.0829,3.0814,3.0824,3.0879,3.0879,3.0864,3.0874,11
2026-03-23 06:51:00,3.0819,3.0824,3.0809,3.0824,3.0869,3.0874,3.0859,3.0874,9
2026-03-23 06:52:00,3.0829,3.0829,3.0819,3.0829,3.0879,3.0879,3.0869,3.0879,4
2026-03-23 06:53:00,3.0834,3.0844,3.0834,3.0844,3.0884,3.0894,3.0884,3.0894,2
2026-03-23 06:54:00,3.0849,3.0849,3.0819,3.0819,3.0899,3.0899,3.0869,3.0869,5
2026-03-23 06:56:00,3.0824,3.0834,3.0824,3.0834,3.0874,3.0884,3.0874,3.0884,3
2026-03-23 06:57:00,3.0829,3.0854,3.0829,3.0854,3.0879,3.0904,3.0879,3.0904,5
2026-03-23 06:58:00,3.0859,3.0874,3.0859,3.0864,3.0909,3.0924,3.0909,3.0914,8
2026-03-23 07:00:00,3.0859,3.0879,3.0859,3.0869,3.0909,3.0929,3.0909,3.0919,10
2026-03-23 07:01:00,3.0864,3.0899,3.0864,3.0889,3.0914,3.0949,3.0914,3.0939,14
2026-03-23 07:02:00,3.0894,3.0894,3.0859,3.0859,3.0944,3.0944,3.0909,3.0909,9
2026-03-23 07:03:00,3.0854,3.0854,3.0834,3.0839,3.0904,3.0904,3.0884,3.0889,11
2026-03-23 07:04:00,3.0834,3.0879,3.0834,3.0879,3.0884,3.0929,3.0884,3.0929,10
2026-03-23 07:05:00,3.0889,3.0889,3.0869,3.0874,3.0939,3.0939,3.0919,3.0924,15
2026-03-23 07:06:00,3.0879,3.0899,3.0879,3.0889,3.0929,3.0949,3.0929,3.0939,20
2026-03-23 07:07:00,3.0894,3.0894,3.0879,3.0879,3.0944,3.0944,3.0929,3.0929,7
2026-03-23 07:08:00,3.0889,3.0899,3.0889,3.0894,3.0939,3.0949,3.0939,3.0944,4
2026-03-23 07:09:00,3.0899,3.0919,3.0879,3.0879,3.0949,3.0969,3.0929,3.0929,13
2026-03-23 07:10:00,3.0869,3.0889,3.0864,3.0884,3.0919,3.0939,3.0914,3.0934,9
2026-03-23 07:11:00,3.0879,3.0879,3.0864,3.0869,3.0929,3.0929,3.0914,3.0919,13
2026-03-23 07:12:00,3.0874,3.0894,3.0874,3.0884,3.0924,3.0944,3.0924,3.0934,11
2026-03-23 07:13:00,3.0894,3.0899,3.0884,3.0894,3.0944,3.0949,3.0934,3.0944,8
2026-03-23 07:14:00,3.0884,3.0894,3.0879,3.0884,3.0934,3.0944,3.0929,3.0934,9
2026-03-23 07:15:00,3.0889,3.0899,3.0884,3.0884,3.0939,3.0949,3.0934,3.0934,7
2026-03-23 07:16:00,3.0879,3.0904,3.0879,3.0899,3.0929,3.0954,3.0929,3.0949,6
2026-03-23 07:17:00,3.0909,3.0919,3.0909,3.0914,3.0959,3.0969,3.0959,3.0964,3
2026-03-23 07:18:00,3.0909,3.0914,3.0894,3.0914,3.0959,3.0964,3.0944,3.0964,5
2026-03-23 07:19:00,3.0924,3.0929,3.0919,3.0924,3.0974,3.0979,3.0969,3.0974,6
2026-03-23 07:20:00,3.0919,3.0919,3.0899,3.0904,3.0969,3.0969,3.0949,3.0954,5
2026-03-23 07:21:00,3.0894,3.0914,3.0889,3.0904,3.0944,3.0964,3.0939,3.0954,10
2026-03-23 07:22:00,3.0899,3.0904,3.0884,3.0884,3.0949,3.0954,3.0934,3.0934,6
2026-03-23 07:23:00,3.0879,3.0884,3.0849,3.0869,3.0929,3.0934,3.0899,3.0919,10
2026-03-23 07:24:00,3.0874,3.0899,3.0874,3.0899,3.0924,3.0949,3.0924,3.0949,5
2026-03-23 07:25:00,3.0909,3.0914,3.0899,3.0909,3.0959,3.0964,3.0949,3.0959,6
2026-03-23 07:26:00,3.0899,3.0924,3.0894,3.0904,3.0949,3.0974,3.0944,3.0954,15
2026-03-23 07:27:00,3.0894,3.0909,3.0894,3.0904,3.0944,3.0959,3.0944,3.0954,6
2026-03-23 07:28:00,3.0899,3.0909,3.0879,3.0884,3.0949,3.0959,3.0929,3.0934,10
2026-03-23 07:29:00,3.0894,3.0904,3.0894,3.0899,3.0944,3.0954,3.0944,3.0949,4
2026-03-23 07:30:00,3.0894,3.0929,3.0884,3.0919,3.0944,3.0979,3.0934,3.0969,18
2026-03-23 07:31:00,3.0914,3.0914,3.0904,3.0914,3.0964,3.0964,3.0954,3.0964,9
2026-03-23 07:32:00,3.0909,3.0909,3.0894,3.0909,3.0959,3.0959,3.0944,3.0959,7
2026-03-23 07:33:00,3.0904,3.0919,3.0904,3.0914,3.0954,3.0969,3.0954,3.0964,6
2026-03-23 07:34:00,3.0919,3.0944,3.0919,3.0929,3.0969,3.0994,3.0969,3.0979,6
2026-03-23 07:35:00,3.0939,3.0949,3.0934,3.0944,3.0989,3.0999,3.0984,3.0994,6
2026-03-23 07:36:00,3.0949,3.0999,3.0949,3.0984,3.0999,3.1049,3.0999,3.1034,24
2026-03-23 07:37:00,3.0979,3.0999,3.0979,3.0994,3.1029,3.1049,3.1029,3.1044,5
2026-03-23 07:38:00,3.0989,3.0994,3.0979,3.0994,3.1039,3.1044,3.1029,3.1044,11
2026-03-23 07:39:00,3.0999,3.1039,3.0999,3.1024,3.1049,3.1089,3.1049,3.1074,16
2026-03-23 07:40:00,3.1029,3.1029,3.1014,3.1024,3.1079,3.1079,3.1064,3.1074,8
2026-03-23 07:41:00,3.1019,3.1039,3.1014,3.1029,3.1069,3.1089,3.1064,3.1079,15
2026-03-23 07:42:00,3.1024,3.1024,3.1009,3.1009,3.1074,3.1074,3.1059,3.1059,6
2026-03-23 07:43:00,3.1014,3.1039,3.1009,3.1014,3.1064,3.1089,3.1059,3.1064,11
2026-03-23 07:44:00,3.1029,3.1034,3.1024,3.1034,3.1079,3.1084,3.1074,3.1084,4
2026-03-23 07:45:00,3.1029,3.1034,3.0994,3.1004,3.1079,3.1084,3.1044,3.1054,20
2026-03-23 07:46:00,3.1009,3.1019,3.1004,3.1009,3.1059,3.1069,3.1054,3.1059,22
2026-03-23 07:47:00,3.1004,3.1009,3.0984,3.0989,3.1054,3.1059,3.1034,3.1039,14
2026-03-23 07:48:00,3.0984,3.1019,3.0979,3.1009,3.1034,3.1069,3.1029,3.1059,26
2026-03-23 07:49:00,3.1004,3.1034,3.0999,3.1024,3.1054,3.1084,3.1049,3.1074,13
2026-03-23 07:50:00,3.1029,3.1049,3.1004,3.1004,3.1079,3.1099,3.1054,3.1054,16
2026-03-23 07:51:00,3.1014,3.1019,3.0994,3.1004,3.1064,3.1069,3.1044,3.1054,19
2026-03-23 07:52:00,3.0999,3.0999,3.0974,3.0984,3.1049,3.1049,3.1024,3.1034,12
2026-03-23 07:53:00,3.0979,3.1004,3.0959,3.1004,3.1029,3.1054,3.1009,3.1054,34
2026-03-23 07:54:00,3.1009,3.1009,3.0984,3.0994,3.1059,3.1059,3.1034,3.1044,22
2026-03-23 07:55:00,3.0989,3.0999,3.0979,3.0994,3.1039,3.1049,3.1029,3.1044,13
2026-03-23 07:56:00,3.0989,3.0994,3.0989,3.0994,3.1039,3.1044,3.1039,3.1044,2
2026-03-23 07:57:00,3.0999,3.1014,3.0989,3.0999,3.1049,3.1064,3.1039,3.1049,18
2026-03-23 07:58:00,3.1009,3.1009,3.0974,3.0974,3.1059,3.1059,3.1024,3.1024,9
2026-03-23 07:59:00,3.0969,3.0984,3.0954,3.0979,3.1019,3.1034,3.1004,3.1029,14
2026-03-23 08:00:00,3.0984,3.0994,3.0949,3.0969,3.1034,3.1044,3.0999,3.1019,18
2026-03-23 08:01:00,3.0974,3.0984,3.0949,3.0954,3.1024,3.1034,3.0999,3.1004,20
2026-03-23 08:02:00,3.0964,3.1004,3.0964,3.0994,3.1014,3.1054,3.1014,3.1044,14
2026-03-23 08:03:00,3.0989,3.1014,3.0984,3.1004,3.1039,3.1064,3.1034,3.1054,14
2026-03-23 08:04:00,3.0994,3.1049,3.0994,3.1044,3.1044,3.1099,3.1044,3.1094,14
2026-03-23 08:05:00,3.1039,3.1054,3.1034,3.1044,3.1089,3.1104,3.1084,3.1094,17
2026-03-23 08:06:00,3.1049,3.1059,3.1039,3.1059,3.1099,3.1109,3.1089,3.1109,10
2026-03-23 08:07:00,3.1069,3.1079,3.1054,3.1064,3.1119,3.1129,3.1104,3.1114,12
2026-03-23 08:08:00,3.1054,3.1079,3.1054,3.1069,3.1104,3.1129,3.1104,3.1119,6
2026-03-23 08:09:00,3.1064,3.1094,3.1059,3.1064,3.1114,3.1144,3.1109,3.1114,17
2026-03-23 08:10:00,3.1069,3.1084,3.1059,3.1074,3.1119,3.1134,3.1109,3.1124,13
2026-03-23 08:11:00,3.1079,3.1094,3.1069,3.1074,3.1129,3.1144,3.1119,3.1124,16
2026-03-23 08:12:00,3.1069,3.1069,3.1054,3.1064,3.1119,3.1119,3.1104,3.1114,8
2026-03-23 08:13:00,3.1059,3.1064,3.1039,3.1054,3.1109,3.1114,3.1089,3.1104,12
2026-03-23 08:14:00,3.1044,3.1059,3.1039,3.1054,3.1094,3.1109,3.1089,3.1104,9
2026-03-23 08:15:00,3.1044,3.1064,3.1044,3.1064,3.1094,3.1114,3.1094,3.1114,15
2026-03-23 08:16:00,3.1059,3.1089,3.1054,3.1084,3.1109,3.1139,3.1104,3.1134,17
2026-03-23 08:17:00,3.1089,3.1094,3.1074,3.1084,3.1139,3.1144,3.1124,3.1134,7
2026-03-23 08:18:00,3.1079,3.1079,3.1074,3.1074,3.1129,3.1129,3.1124,3.1124,2
2026-03-23 08:19:00,3.1069,3.1079,3.1069,3.1079,3.1119,3.1129,3.1119,3.1129,6
2026-03-23 08:20:00,3.1074,3.1084,3.1074,3.1079,3.1124,3.1134,3.1124,3.1129,6
2026-03-23 08:21:00,3.1084,3.1089,3.1079,3.1089,3.1134,3.1139,3.1129,3.1139,6
2026-03-23 08:22:00,3.1084,3.1094,3.1079,3.1089,3.1134,3.1144,3.1129,3.1139,8
2026-03-23 08:23:00,3.1094,3.1099,3.1089,3.1094,3.1144,3.1149,3.1139,3.1144,11
2026-03-23 08:24:00,3.1089,3.1089,3.1059,3.1084,3.1139,3.1139,3.1109,3.1134,12
2026-03-23 08:25:00,3.1079,3.1099,3.1079,3.1084,3.1129,3.1149,3.1129,3.1134,19
2026-03-23 08:26:00,3.1089,3.1089,3.1069,3.1079,3.1139,3.1139,3.1119,3.1129,14
2026-03-23 08:27:00,3.1084,3.1099,3.1079,3.1099,3.1134,3.1149,3.1129,3.1149,13
2026-03-23 08:28:00,3.1094,3.1099,3.1089,3.1099,3.1144,3.1149,3.1139,3.1149,3
2026-03-23 08:29:00,3.1104,3.1169,3.1104,3.1154,3.1154,3.1219,3.1154,3.1204,30
2026-03-23 08:30:00,3.1149,3.1169,3.1119,3.1119,3.1199,3.1219,3.1169,3.1169,26
2026-03-23 08:31:00,3.1124,3.1144,3.1124,3.1129,3.1174,3.1194,3.1174,3.1179,10
2026-03-23 08:32:00,3.1124,3.1129,3.1124,3.1124,3.1174,3.1179,3.1174,3.1174,5
2026-03-23 08:33:00,3.1129,3.1194,3.1129,3.1189,3.1179,3.1244,3.1179,3.1239,13
2026-03-23 08:34:00,3.1184,3.1199,3.1184,3.1199,3.1234,3.1249,3.1234,3.1249,12
2026-03-23 08:35:00,3.1194,3.1219,3.1194,3.1219,3.1244,3.1269,3.1244,3.1269,8
2026-03-23 08:36:00,3.1209,3.1209,3.1184,3.1194,3.1259,3.1259,3.1234,3.1244,9
2026-03-23 08:37:00,3.1189,3.1219,3.1179,3.1199,3.1239,3.1269,3.1229,3.1249,23
2026-03-23 08:38:00,3.1204,3.1214,3.1179,3.1179,3.1254,3.1264,3.1229,3.1229,12
2026-03-23 08:39:00,3.1184,3.1209,3.1184,3.1204,3.1234,3.1259,3.1234,3.1254,13
2026-03-23 08:40:00,3.1214,3.1219,3.1184,3.1204,3.1264,3.1269,3.1234,3.1254,10
2026-03-23 08:41:00,3.1199,3.1239,3.1199,3.1234,3.1249,3.1289,3.1249,3.1284,13
2026-03-23 08:42:00,3.1244,3.1279,3.1244,3.1259,3.1294,3.1329,3.1294,3.1309,12
2026-03-23 08:43:00,3.1269,3.1289,3.1269,3.1279,3.1319,3.1339,3.1319,3.1329,15
2026-03-23 08:44:00,3.1284,3.1309,3.1269,3.1304,3.1334,3.1359,3.1319,3.1354,23
2026-03-23 08:45:00,3.1294,3.1319,3.1294,3.1319,3.1344,3.1369,3.1344,3.1369,10
2026-03-23 08:46:00,3.1314,3.1339,3.1314,3.1319,3.1364,3.1389,3.1364,3.1369,6
2026-03-23 08:47:00,3.1324,3.1349,3.1294,3.1299,3.1374,3.1399,3.1344,3.1349,24
2026-03-23 08:48:00,3.1304,3.1324,3.1289,3.1324,3.1354,3.1374,3.1339,3.1374,38
2026-03-23 08:49:00,3.1319,3.1324,3.1299,3.1304,3.1369,3.1374,3.1349,3.1354,11
2026-03-23 08:50:00,3.1314,3.1369,3.1314,3.1359,3.1364,3.1419,3.1364,3.1409,19
2026-03-23 08:51:00,3.1349,3.1349,3.1329,3.1339,3.1399,3.1399,3.1379,3.1389,8
2026-03-23 08:52:00,3.1349,3.1394,3.1344,3.1369,3.1399,3.1444,3.1394,3.1419,26
2026-03-23 08:53:00,3.1374,3.1389,3.1374,3.1379,3.1424,3.1439,3.1424,3.1429,10
2026-03-23 08:54:00,3.1374,3.1374,3.1359,3.1359,3.1424,3.1424,3.1409,3.1409,11
2026-03-23 08:55:00,3.1354,3.1379,3.1354,3.1359,3.1404,3.1429,3.1404,3.1409,19
2026-03-23 08:56:00,3.1349,3.1349,3.1319,3.1319,3.1399,3.1399,3.1369,3.1369,14
2026-03-23 08:57:00,3.1324,3.1324,3.1244,3.1269,3.1374,3.1374,3.1294,3.1319,25
2026-03-23 08:58:00,3.1264,3.1284,3.1264,3.1269,3.1314,3.1334,3.1314,3.1319,18
2026-03-23 08:59:00,3.1259,3.1274,3.1219,3.1224,3.1309,3.1324,3.1269,3.1274,23
2026-03-23 09:00:00,3.1219,3.1224,3.1149,3.1219,3.1269,3.1274,3.1199,3.1269,41
2026-03-23 09:01:00,3.1224,3.1259,3.1219,3.1254,3.1274,3.1309,3.1269,3.1304,22
2026-03-23 09:02:00,3.1259,3.1269,3.1244,3.1264,3.1309,3.1319,3.1294,3.1314,20
2026-03-23 09:03:00,3.1269,3.1279,3.1269,3.1269,3.1319,3.1329,3.1319,3.1319,5
2026-03-23 09:04:00,3.1264,3.1289,3.1249,3.1249,3.1314,3.1339,3.1299,3.1299,23
2026-03-23 09:05:00,3.1239,3.1239,3.1224,3.1229,3.1289,3.1289,3.1274,3.1279,19
2026-03-23 09:06:00,3.1234,3.1249,3.1214,3.1234,3.1284,3.1299,3.1264,3.1284,20
2026-03-23 09:07:00,3.1239,3.1249,3.1234,3.1249,3.1289,3.1299,3.1284,3.1299,11
2026-03-23 09:08:00,3.1239,3.1259,3.1234,3.1234,3.1289,3.1309,3.1284,3.1284,16
2026-03-23 09:09:00,3.1239,3.1264,3.1234,3.1264,3.1289,3.1314,3.1284,3.1314,12
2026-03-23 09:10:00,3.1249,3.1274,3.1249,3.1249,3.1299,3.1324,3.1299,3.1299,35
2026-03-23 09:11:00,3.1254,3.1269,3.1224,3.1259,3.1304,3.1319,3.1274,3.1309,18
2026-03-23 09:12:00,3.1254,3.1259,3.1224,3.1239,3.1304,3.1309,3.1274,3.1289,25
2026-03-23 09:13:00,3.1244,3.1274,3.1229,3.1274,3.1294,3.1324,3.1279,3.1324,19
2026-03-23 09:14:00,3.1279,3.1279,3.1259,3.1279,3.1329,3.1329,3.1309,3.1329,10
2026-03-23 09:15:00,3.1274,3.1299,3.1274,3.1294,3.1324,3.1349,3.1324,3.1344,24
2026-03-23 09:16:00,3.1289,3.1294,3.1269,3.1289,3.1339,3.1344,3.1319,3.1339,14
2026-03-23 09:17:00,3.1294,3.1309,3.1274,3.1279,3.1344,3.1359,3.1324,3.1329,20
2026-03-23 09:18:00,3.1274,3.1284,3.1249,3.1279,3.1324,3.1334,3.1299,3.1329,26
2026-03-23 09:19:00,3.1284,3.1284,3.1249,3.1254,3.1334,3.1334,3.1299,3.1304,14
2026-03-23 09:20:00,3.1249,3.1249,3.1219,3.1234,3.1299,3.1299,3.1269,3.1284,16
2026-03-23 09:21:00,3.1229,3.1264,3.1219,3.1259,3.1279,3.1314,3.1269,3.1309,42
2026-03-23 09:22:00,3.1249,3.1279,3.1249,3.1279,3.1299,3.1329,3.1299,3.1329,16
2026-03-23 09:23:00,3.1284,3.1299,3.1269,3.1294,3.1334,3.1349,3.1319,3.1344,15
2026-03-23 09:24:00,3.1284,3.1289,3.1269,3.1284,3.1334,3.1339,3.1319,3.1334,14
2026-03-23 09:25:00,3.1279,3.1299,3.1274,3.1294,3.1329,3.1349,3.1324,3.1344,10
2026-03-23 09:26:00,3.1299,3.1309,3.1294,3.1299,3.1349,3.1359,3.1344,3.1349,13
2026-03-23 09:27:00,3.1304,3.1309,3.1279,3.1289,3.1354,3.1359,3.1329,3.1339,17
2026-03-23 09:28:00,3.1294,3.1334,3.1289,3.1294,3.1344,3.1384,3.1339,3.1344,13
2026-03-23 09:29:00,3.1289,3.1299,3.1279,3.1299,3.1339,3.1349,3.1329,3.1349,19
2026-03-23 09:30:00,3.1294,3.1339,3.1249,3.1254,3.1344,3.1389,3.1299,3.1304,37
2026-03-23 09:31:00,3.1249,3.1259,3.1209,3.1219,3.1299,3.1309,3.1259,3.1269,30
2026-03-23 09:32:00,3.1224,3.1234,3.1204,3.1234,3.1274,3.1284,3.1254,3.1284,20
2026-03-23 09:33:00,3.1239,3.1239,3.1209,3.1209,3.1289,3.1289,3.1259,3.1259,13
2026-03-23 09:34:00,3.1204,3.1209,3.1164,3.1169,3.1254,3.1259,3.1214,3.1219,10
2026-03-23 09:35:00,3.1164,3.1219,3.1154,3.1214,3.1214,3.1269,3.1204,3.1264,23
2026-03-23 09:36:00,3.1204,3.1239,3.1194,3.1209,3.1254,3.1289,3.1244,3.1259,21
2026-03-23 09:37:00,3.1199,3.1199,3.1169,3.1179,3.1249,3.1249,3.1219,3.1229,12
2026-03-23 09:38:00,3.1174,3.1189,3.1159,3.1159,3.1224,3.1239,3.1209,3.1209,17
2026-03-23 09:39:00,3.1154,3.1179,3.1139,3.1154,3.1204,3.1229,3.1189,3.1204,16
2026-03-23 09:40:00,3.1149,3.1164,3.1139,3.1159,3.1199,3.1214,3.1189,3.1209,16
2026-03-23 09:41:00,3.1149,3.1169,3.1139,3.1169,3.1199,3.1219,3.1189,3.1219,9
2026-03-23 09:42:00,3.1159,3.1194,3.1159,3.1194,3.1209,3.1244,3.1209,3.1244,13
2026-03-23 09:43:00,3.1189,3.1189,3.1179,3.1179,3.1239,3.1239,3.1229,3.1229,7
2026-03-23 09:44:00,3.1184,3.1194,3.1179,3.1194,3.1234,3.1244,3.1229,3.1244,13
2026-03-23 09:45:00,3.1189,3.1194,3.1179,3.1189,3.1239,3.1244,3.1229,3.1239,13
2026-03-23 09:46:00,3.1184,3.1199,3.1179,3.1189,3.1234,3.1249,3.1229,3.1239,12
2026-03-23 09:47:00,3.1184,3.1184,3.1169,3.1169,3.1234,3.1234,3.1219,3.1219,6
2026-03-23 09:48:00,3.1179,3.1209,3.1179,3.1199,3.1229,3.1259,3.1229,3.1249,13
2026-03-23 09:49:00,3.1189,3.1189,3.1144,3.1149,3.1239,3.1239,3.1194,3.1199,13
2026-03-23 09:50:00,3.1144,3.1159,3.1124,3.1144,3.1194,3.1209,3.1174,3.1194,26
2026-03-23 09:51:00,3.1134,3.1184,3.1129,3.1144,3.1184,3.1234,3.1179,3.1194,21
2026-03-23 09:52:00,3.1139,3.1144,3.1104,3.1144,3.1189,3.1194,3.1154,3.1194,28
2026-03-23 09:53:00,3.1134,3.1134,3.1124,3.1129,3.1184,3.1184,3.1174,3.1179,13
2026-03-23 09:54:00,3.1124,3.1134,3.1109,3.1124,3.1174,3.1184,3.1159,3.1174,13
2026-03-23 09:55:00,3.1119,3.1154,3.1109,3.1154,3.1169,3.1204,3.1159,3.1204,15
2026-03-23 09:56:00,3.1149,3.1149,3.1129,3.1149,3.1199,3.1199,3.1179,3.1199,12
2026-03-23 09:57:00,3.1154,3.1164,3.1154,3.1159,3.1204,3.1214,3.1204,3.1209,7
2026-03-23 09:58:00,3.1149,3.1159,3.1134,3.1134,3.1199,3.1209,3.1184,3.1184,22
2026-03-23 09:59:00,3.1129,3.1144,3.1109,3.1109,3.1179,3.1194,3.1159,3.1159,17
2026-03-23 10:00:00,3.1104,3.1104,3.1069,3.1069,3.1154,3.1154,3.1119,3.1119,24
2026-03-23 10:01:00,3.1064,3.1099,3.1029,3.1099,3.1114,3.1149,3.1079,3.1149,33
2026-03-23 10:02:00,3.1094,3.1099,3.1079,3.1079,3.1144,3.1149,3.1129,3.1129,19
2026-03-23 10:03:00,3.1084,3.1109,3.1079,3.1099,3.1134,3.1159,3.1129,3.1149,21
2026-03-23 10:04:00,3.1094,3.1099,3.1079,3.1099,3.1144,3.1149,3.1129,3.1149,12
2026-03-23 10:05:00,3.1109,3.1109,3.1079,3.1084,3.1159,3.1159,3.1129,3.1134,14
2026-03-23 10:06:00,3.1079,3.1084,3.1054,3.1054,3.1129,3.1134,3.1104,3.1104,15
2026-03-23 10:07:00,3.1059,3.1094,3.1054,3.1079,3.1109,3.1144,3.1104,3.1129,14
2026-03-23 10:08:00,3.1069,3.1109,3.1069,3.1099,3.1119,3.1159,3.1119,3.1149,14
2026-03-23 10:09:00,3.1104,3.1144,3.1104,3.1129,3.1154,3.1194,3.1154,3.1179,16
2026-03-23 10:10:00,3.1124,3.1129,3.1109,3.1119,3.1174,3.1179,3.1159,3.1169,22
2026-03-23 10:11:00,3.1114,3.1114,3.1104,3.1104,3.1164,3.1164,3.1154,3.1154,5
2026-03-23 10:12:00,3.1109,3.1109,3.1059,3.1059,3.1159,3.1159,3.1109,3.1109,20
2026-03-23 10:13:00,3.1064,3.1089,3.1059,3.1069,3.1114,3.1139,3.1109,3.1119,26
2026-03-23 10:14:00,3.1064,3.1084,3.1059,3.1074,3.1114,3.1134,3.1109,3.1124,6
2026-03-23 10:15:00,3.1079,3.1084,3.1074,3.1079,3.1129,3.1134,3.1124,3.1129,8
2026-03-23 10:16:00,3.1084,3.1114,3.1079,3.1104,3.1134,3.1164,3.1129,3.1154,11
2026-03-23 10:17:00,3.1099,3.1099,3.1084,3.1089,3.1149,3.1149,3.1134,3.1139,7
2026-03-23 10:18:00,3.1094,3.1109,3.1089,3.1104,3.1144,3.1159,3.1139,3.1154,18
2026-03-23 10:19:00,3.1099,3.1104,3.1069,3.1084,3.1149,3.1154,3.1119,3.1134,15
2026-03-23 10:20:00,3.1079,3.1079,3.1064,3.1064,3.1129,3.1129,3.1114,3.1114,21
2026-03-23 10:21:00,3.1059,3.1079,3.1059,3.1079,3.1109,3.1129,3.1109,3.1129,5
2026-03-23 10:22:00,3.1084,3.1099,3.1084,3.1089,3.1134,3.1149,3.1134,3.1139,4
2026-03-23 10:23:00,3.1094,3.1109,3.1094,3.1109,3.1144,3.1159,3.1144,3.1159,7
2026-03-23 10:24:00,3.1104,3.1114,3.1094,3.1109,3.1154,3.1164,3.1144,3.1159,10
2026-03-23 10:25:00,3.1114,3.1144,3.1109,3.1119,3.1164,3.1194,3.1159,3.1169,20
2026-03-23 10:26:00,3.1114,3.1159,3.1114,3.1144,3.1164,3.1209,3.1164,3.1194,23
2026-03-23 10:27:00,3.1149,3.1164,3.1144,3.1164,3.1199,3.1214,3.1194,3.1214,20
2026-03-23 10:28:00,3.1169,3.1169,3.1154,3.1164,3.1219,3.1219,3.1204,3.1214,16
2026-03-23 10:29:00,3.1159,3.1174,3.1144,3.1144,3.1209,3.1224,3.1194,3.1194,11
2026-03-23 10:30:00,3.1134,3.1159,3.1129,3.1149,3.1184,3.1209,3.1179,3.1199,18
2026-03-23 10:31:00,3.1144,3.1179,3.1129,3.1129,3.1194,3.1229,3.1179,3.1179,21
2026-03-23 10:32:00,3.1134,3.1159,3.1134,3.1149,3.1184,3.1209,3.1184,3.1199,8
2026-03-23 10:33:00,3.1154,3.1214,3.1154,3.1209,3.1204,3.1264,3.1204,3.1259,16
2026-03-23 10:34:00,3.1214,3.1244,3.1189,3.1189,3.1264,3.1294,3.1239,3.1239,28
2026-03-23 10:35:00,3.1194,3.1219,3.1169,3.1194,3.1244,3.1269,3.1219,3.1244,19
2026-03-23 10:36:00,3.1199,3.1204,3.1189,3.1194,3.1249,3.1254,3.1239,3.1244,10
2026-03-23 10:37:00,3.1189,3.1194,3.1179,3.1194,3.1239,3.1244,3.1229,3.1244,10
2026-03-23 10:38:00,3.1189,3.1214,3.1189,3.1214,3.1239,3.1264,3.1239,3.1264,16
2026-03-23 10:39:00,3.1204,3.1214,3.1204,3.1209,3.1254,3.1264,3.1254,3.1259,18
2026-03-23 10:40:00,3.1214,3.1214,3.1179,3.1189,3.1264,3.1264,3.1229,3.1239,29
2026-03-23 10:41:00,3.1204,3.1219,3.1204,3.1209,3.1254,3.1269,3.1254,3.1259,9
2026-03-23 10:42:00,3.1219,3.1224,3.1149,3.1164,3.1269,3.1274,3.1199,3.1214,37
2026-03-23 10:43:00,3.1169,3.1209,3.1159,3.1209,3.1219,3.1259,3.1209,3.1259,24
2026-03-23 10:44:00,3.1204,3.1214,3.1194,3.1194,3.1254,3.1264,3.1244,3.1244,9
2026-03-23 10:45:00,3.1199,3.1204,3.1184,3.1189,3.1249,3.1254,3.1234,3.1239,15
2026-03-23 10:46:00,3.1194,3.1209,3.1179,3.1199,3.1244,3.1259,3.1229,3.1249,18
2026-03-23 10:47:00,3.1189,3.1204,3.1189,3.1189,3.1239,3.1254,3.1239,3.1239,9
2026-03-23 10:48:00,3.1179,3.1199,3.1179,3.1199,3.1229,3.1249,3.1229,3.1249,3
2026-03-23 10:49:00,3.1209,3.1209,3.1204,3.1209,3.1259,3.1259,3.1254,3.1259,5
2026-03-23 10:50:00,3.1219,3.1229,3.1214,3.1219,3.1269,3.1279,3.1264,3.1269,10
2026-03-23 10:51:00,3.1214,3.1219,3.1189,3.1189,3.1264,3.1269,3.1239,3.1239,10
2026-03-23 10:52:00,3.1184,3.1194,3.1169,3.1184,3.1234,3.1244,3.1219,3.1234,15
2026-03-23 10:53:00,3.1189,3.1194,3.1179,3.1184,3.1239,3.1244,3.1229,3.1234,9
2026-03-23 10:54:00,3.1179,3.1194,3.1179,3.1194,3.1229,3.1244,3.1229,3.1244,8
2026-03-23 10:55:00,3.1169,3.1204,3.1169,3.1199,3.1219,3.1254,3.1219,3.1249,13
2026-03-23 10:56:00,3.1194,3.1204,3.1179,3.1199,3.1244,3.1254,3.1229,3.1249,7
2026-03-23 10:57:00,3.1204,3.1209,3.1189,3.1194,3.1254,3.1259,3.1239,3.1244,10
2026-03-23 10:58:00,3.1199,3.1204,3.1189,3.1204,3.1249,3.1254,3.1239,3.1254,11
2026-03-23 10:59:00,3.1209,3.1229,3.1199,3.1199,3.1259,3.1279,3.1249,3.1249,13
2026-03-23 11:00:00,3.1194,3.1194,3.1169,3.1174,3.1244,3.1244,3.1219,3.1224,9
2026-03-23 11:01:00,3.1169,3.1204,3.1169,3.1199,3.1219,3.1254,3.1219,3.1249,10
2026-03-23 11:02:00,3.1204,3.1209,3.1194,3.1199,3.1254,3.1259,3.1244,3.1249,7
2026-03-23 11:03:00,3.1204,3.1239,3.1204,3.1234,3.1254,3.1289,3.1254,3.1284,15
2026-03-23 11:04:00,3.1229,3.1229,3.1219,3.1224,3.1279,3.1279,3.1269,3.1274,6
2026-03-23 11:05:00,3.1229,3.1259,3.1229,3.1249,3.1279,3.1309,3.1279,3.1299,19
2026-03-23 11:06:00,3.1239,3.1259,3.1239,3.1259,3.1289,3.1309,3.1289,3.1309,11
2026-03-23 11:07:00,3.1249,3.1259,3.1199,3.1199,3.1299,3.1309,3.1249,3.1249,17
2026-03-23 11:08:00,3.1189,3.1199,3.1189,3.1199,3.1239,3.1249,3.1239,3.1249,2
2026-03-23 11:09:00,3.1189,3.1189,3.1144,3.1159,3.1239,3.1239,3.1194,3.1209,28
2026-03-23 11:10:00,3.1169,3.1189,3.1169,3.1189,3.1219,3.1239,3.1219,3.1239,6
2026-03-23 11:11:00,3.1179,3.1194,3.1119,3.1149,3.1229,3.1244,3.1169,3.1199,26
2026-03-23 11:12:00,3.1154,3.1184,3.1154,3.1179,3.1204,3.1234,3.1204,3.1229,8
2026-03-23 11:13:00,3.1174,3.1174,3.1174,3.1174,3.1224,3.1224,3.1224,3.1224,1
2026-03-23 11:14:00,3.1164,3.1164,3.1124,3.1124,3.1214,3.1214,3.1174,3.1174,13
2026-03-23 11:15:00,3.1129,3.1169,3.1129,3.1159,3.1179,3.1219,3.1179,3.1209,13
2026-03-23 11:16:00,3.1164,3.1189,3.1164,3.1189,3.1214,3.1239,3.1214,3.1239,5
2026-03-23 11:17:00,3.1194,3.1209,3.1159,3.1159,3.1244,3.1259,3.1209,3.1209,15
2026-03-23 11:18:00,3.1169,3.1169,3.1159,3.1159,3.1219,3.1219,3.1209,3.1209,2
2026-03-23 11:19:00,3.1164,3.1169,3.1149,3.1154,3.1214,3.1219,3.1199,3.1204,6
2026-03-23 11:20:00,3.1159,3.1194,3.1154,3.1179,3.1209,3.1244,3.1204,3.1229,16
2026-03-23 11:21:00,3.1174,3.1189,3.1154,3.1189,3.1224,3.1239,3.1204,3.1239,16
2026-03-23 11:22:00,3.1194,3.1194,3.1164,3.1179,3.1244,3.1244,3.1214,3.1229,10
2026-03-23 11:23:00,3.1174,3.1179,3.1174,3.1174,3.1224,3.1229,3.1224,3.1224,5
2026-03-23 11:24:00,3.1164,3.1184,3.1164,3.1179,3.1214,3.1234,3.1214,3.1229,9
2026-03-23 11:25:00,3.1169,3.1209,3.1169,3.1204,3.1219,3.1259,3.1219,3.1254,10
2026-03-23 11:26:00,3.1209,3.1214,3.1174,3.1179,3.1259,3.1264,3.1224,3.1229,7
2026-03-23 11:27:00,3.1184,3.1194,3.1169,3.1179,3.1234,3.1244,3.1219,3.1229,7
2026-03-23 11:28:00,3.1174,3.1174,3.1119,3.1134,3.1224,3.1224,3.1169,3.1184,16
2026-03-23 11:29:00,3.1124,3.1124,3.1059,3.1084,3.1174,3.1174,3.1109,3.1134,24
2026-03-23 11:30:00,3.1089,3.1099,3.0969,3.0979,3.1139,3.1149,3.1019,3.1029,47
2026-03-23 11:31:00,3.0984,3.0989,3.0959,3.0974,3.1034,3.1039,3.1009,3.1024,28
2026-03-23 11:32:00,3.0984,3.0999,3.0809,3.0814,3.1034,3.1049,3.0859,3.0864,56
2026-03-23 11:33:00,3.0819,3.0839,3.0789,3.0829,3.0869,3.0889,3.0839,3.0879,37
2026-03-23 11:34:00,3.0834,3.0859,3.0834,3.0849,3.0884,3.0909,3.0884,3.0899,18
2026-03-23 11:35:00,3.0854,3.0899,3.0854,3.0879,3.0904,3.0949,3.0904,3.0929,28
2026-03-23 11:36:00,3.0884,3.0939,3.0869,3.0934,3.0934,3.0989,3.0919,3.0984,43
2026-03-23 11:37:00,3.0929,3.0964,3.0929,3.0949,3.0979,3.1014,3.0979,3.0999,31
2026-03-23 11:38:00,3.0944,3.0989,3.0939,3.0979,3.0994,3.1039,3.0989,3.1029,10
2026-03-23 11:39:00,3.0984,3.0989,3.0919,3.0929,3.1034,3.1039,3.0969,3.0979,47
2026-03-23 11:40:00,3.0924,3.0949,3.0924,3.0949,3.0974,3.0999,3.0974,3.0999,10
2026-03-23 11:41:00,3.0944,3.0949,3.0934,3.0934,3.0994,3.0999,3.0984,3.0984,28
2026-03-23 11:42:00,3.0929,3.0984,3.0929,3.0984,3.0979,3.1034,3.0979,3.1034,16
2026-03-23 11:43:00,3.0989,3.0989,3.0959,3.0974,3.1039,3.1039,3.1009,3.1024,18
2026-03-23 11:44:00,3.0979,3.1004,3.0884,3.0904,3.1029,3.1054,3.0934,3.0954,41
2026-03-23 11:45:00,3.0899,3.0954,3.0894,3.0909,3.0949,3.1004,3.0944,3.0959,25
2026-03-23 11:46:00,3.0904,3.0939,3.0904,3.0939,3.0954,3.0989,3.0954,3.0989,9
2026-03-23 11:47:00,3.0929,3.0944,3.0924,3.0929,3.0979,3.0994,3.0974,3.0979,20
2026-03-23 11:48:00,3.0939,3.0949,3.0894,3.0914,3.0989,3.0999,3.0944,3.0964,15
2026-03-23 11:49:00,3.0909,3.0909,3.0819,3.0829,3.0959,3.0959,3.0869,3.0879,34
2026-03-23 11:50:00,3.0834,3.0864,3.0739,3.0809,3.0884,3.0914,3.0789,3.0859,174
2026-03-23 11:51:00,3.0819,3.0829,3.0754,3.0774,3.0869,3.0879,3.0804,3.0824,44
2026-03-23 11:52:00,3.0779,3.0814,3.0779,3.0804,3.0829,3.0864,3.0829,3.0854,19
2026-03-23 11:53:00,3.0799,3.0839,3.0794,3.0819,3.0849,3.0889,3.0844,3.0869,21
2026-03-23 11:54:00,3.0829,3.0839,3.0799,3.0814,3.0879,3.0889,3.0849,3.0864,25
2026-03-23 11:55:00,3.0819,3.0854,3.0819,3.0849,3.0869,3.0904,3.0869,3.0899,24
2026-03-23 11:56:00,3.0844,3.0869,3.0834,3.0849,3.0894,3.0919,3.0884,3.0899,24
2026-03-23 11:57:00,3.0839,3.0839,3.0779,3.0799,3.0889,3.0889,3.0829,3.0849,29
2026-03-23 11:58:00,3.0789,3.0804,3.0764,3.0764,3.0839,3.0854,3.0814,3.0814,26
2026-03-23 11:59:00,3.0759,3.0769,3.0669,3.0724,3.0809,3.0819,3.0719,3.0774,61
2026-03-23 12:00:00,3.0719,3.0724,3.0669,3.0684,3.0769,3.0774,3.0719,3.0734,28
2026-03-23 12:01:00,3.0694,3.0754,3.0694,3.0754,3.0744,3.0804,3.0744,3.0804,21
2026-03-23 12:02:00,3.0734,3.0789,3.0729,3.0784,3.0784,3.0839,3.0779,3.0834,30
2026-03-23 12:03:00,3.0789,3.0794,3.0764,3.0784,3.0839,3.0844,3.0814,3.0834,16
2026-03-23 12:04:00,3.0779,3.0799,3.0779,3.0789,3.0829,3.0849,3.0829,3.0839,13
2026-03-23 12:05:00,3.0799,3.0799,3.0319,3.0409,3.0849,3.0849,3.0369,3.0459,195
2026-03-23 12:06:00,3.0404,3.0474,3.0309,3.0314,3.0454,3.0524,3.0359,3.0364,160
2026-03-23 12:07:00,3.0309,3.0329,3.0164,3.0229,3.0359,3.0379,3.0214,3.0279,163
2026-03-23 12:08:00,3.0224,3.0259,3.0084,3.0144,3.0274,3.0309,3.0134,3.0194,134
2026-03-23 12:09:00,3.0134,3.0134,2.9929,2.9959,3.0184,3.0184,2.9979,3.0009,110
2026-03-23 12:10:00,2.9949,2.9959,2.9804,2.9804,2.9999,3.0009,2.9854,2.9854,128
2026-03-23 12:11:00,2.9809,2.9819,2.9669,2.9739,2.9859,2.9869,2.9719,2.9789,138
2026-03-23 12:12:00,2.9749,2.9884,2.9719,2.9774,2.9799,2.9934,2.9769,2.9824,139
2026-03-23 12:13:00,2.9769,2.9799,2.9679,2.9704,2.9819,2.9849,2.9729,2.9754,94
2026-03-23 12:14:00,2.9709,2.9739,2.9539,2.9564,2.9759,2.9789,2.9589,2.9614,99
2026-03-23 12:15:00,2.9559,2.9709,2.9534,2.9544,2.9609,2.9759,2.9584,2.9594,88
2026-03-23 12:16:00,2.9539,2.9624,2.9539,2.9599,2.9589,2.9674,2.9589,2.9649,78
2026-03-23 12:17:00,2.9594,2.9759,2.9579,2.9754,2.9644,2.9809,2.9629,2.9804,89
2026-03-23 12:18:00,2.9769,2.9769,2.9694,2.9754,2.9819,2.9819,2.9744,2.9804,72
2026-03-23 12:19:00,2.9749,2.9799,2.9634,2.9649,2.9799,2.9849,2.9684,2.9699,74
2026-03-23 12:20:00,2.9664,2.9699,2.9609,2.9614,2.9714,2.9749,2.9659,2.9664,62
2026-03-23 12:21:00,2.9619,2.9754,2.9614,2.9694,2.9669,2.9804,2.9664,2.9744,85
2026-03-23 12:22:00,2.9699,2.9804,2.9699,2.9764,2.9749,2.9854,2.9749,2.9814,60
2026-03-23 12:23:00,2.9759,2.9889,2.9749,2.9869,2.9809,2.9939,2.9799,2.9919,77
2026-03-23 12:24:00,2.9874,2.9939,2.9804,2.9824,2.9924,2.9989,2.9854,2.9874,73
2026-03-23 12:25:00,2.9839,2.9839,2.9739,2.9739,2.9889,2.9889,2.9789,2.9789,62
2026-03-23 12:26:00,2.9729,2.9729,2.9624,2.9639,2.9779,2.9779,2.9674,2.9689,85
2026-03-23 12:27:00,2.9634,2.9734,2.9594,2.9719,2.9684,2.9784,2.9644,2.9769,97
2026-03-23 12:28:00,2.9714,2.9769,2.9619,2.9709,2.9764,2.9819,2.9669,2.9759,89
2026-03-23 12:29:00,2.9714,2.9729,2.9649,2.9679,2.9764,2.9779,2.9699,2.9729,47
2026-03-23 12:30:00,2.9684,2.9744,2.9639,2.9724,2.9734,2.9794,2.9689,2.9774,99
2026-03-23 12:31:00,2.9719,2.9724,2.9559,2.9599,2.9769,2.9774,2.9609,2.9649,82
2026-03-23 12:32:00,2.9589,2.9599,2.9489,2.9554,2.9639,2.9649,2.9539,2.9604,86
2026-03-23 12:33:00,2.9549,2.9599,2.9464,2.9469,2.9599,2.9649,2.9514,2.9519,84
2026-03-23 12:34:00,2.9464,2.9519,2.9429,2.9519,2.9514,2.9569,2.9479,2.9569,92
2026-03-23 12:35:00,2.9524,2.9569,2.9454,2.9499,2.9574,2.9619,2.9504,2.9549,80
2026-03-23 12:36:00,2.9509,2.9544,2.9454,2.9484,2.9559,2.9594,2.9504,2.9534,68
2026-03-23 12:37:00,2.9489,2.9534,2.9479,2.9529,2.9539,2.9584,2.9529,2.9579,53
2026-03-23 12:38:00,2.9524,2.9559,2.9509,2.9539,2.9574,2.9609,2.9559,2.9589,59
2026-03-23 12:39:00,2.9529,2.9609,2.9509,2.9519,2.9579,2.9659,2.9559,2.9569,82
2026-03-23 12:40:00,2.9514,2.9554,2.9474,2.9544,2.9564,2.9604,2.9524,2.9594,54
2026-03-23 12:41:00,2.9539,2.9549,2.9489,2.9539,2.9589,2.9599,2.9539,2.9589,45
2026-03-23 12:42:00,2.9549,2.9549,2.9509,2.9519,2.9599,2.9599,2.9559,2.9569,53
2026-03-23 12:43:00,2.9504,2.9529,2.9469,2.9469,2.9554,2.9579,2.9519,2.9519,42
2026-03-23 12:44:00,2.9474,2.9504,2.9399,2.9484,2.9524,2.9554,2.9449,2.9534,63
2026-03-23 12:45:00,2.9489,2.9549,2.9469,2.9524,2.9539,2.9599,2.9519,2.9574,62
2026-03-23 12:46:00,2.9519,2.9649,2.9514,2.9639,2.9569,2.9699,2.9564,2.9689,38
2026-03-23 12:47:00,2.9644,2.9649,2.9549,2.9594,2.9694,2.9699,2.9599,2.9644,80
2026-03-23 12:48:00,2.9584,2.9644,2.9564,2.9579,2.9634,2.9694,2.9614,2.9629,40
2026-03-23 12:49:00,2.9584,2.9619,2.9509,2.9524,2.9634,2.9669,2.9559,2.9574,53
2026-03-23 12:50:00,2.9529,2.9599,2.9494,2.9564,2.9579,2.9649,2.9544,2.9614,68
2026-03-23 12:51:00,2.9574,2.9649,2.9569,2.9599,2.9624,2.9699,2.9619,2.9649,55
2026-03-23 12:52:00,2.9589,2.9614,2.9529,2.9539,2.9639,2.9664,2.9579,2.9589,52
2026-03-23 12:53:00,2.9549,2.9564,2.9489,2.9509,2.9599,2.9614,2.9539,2.9559,55
2026-03-23 12:54:00,2.9514,2.9554,2.9494,2.9534,2.9564,2.9604,2.9544,2.9584,41
2026-03-23 12:55:00,2.9524,2.9629,2.9524,2.9609,2.9574,2.9679,2.9574,2.9659,58
2026-03-23 12:56:00,2.9599,2.9649,2.9594,2.9639,2.9649,2.9699,2.9644,2.9689,46
2026-03-23 12:57:00,2.9649,2.9779,2.9634,2.9769,2.9699,2.9829,2.9684,2.9819,55
2026-03-23 12:58:00,2.9764,2.9839,2.9699,2.9809,2.9814,2.9889,2.9749,2.9859,79
2026-03-23 12:59:00,2.9819,2.9819,2.9764,2.9769,2.9869,2.9869,2.9814,2.9819,68
2026-03-23 13:00:00,2.9764,2.9899,2.9689,2.9899,2.9814,2.9949,2.9739,2.9949,83
2026-03-23 13:01:00,2.9904,2.9949,2.9779,2.9779,2.9954,2.9999,2.9829,2.9829,87
2026-03-23 13:02:00,2.9774,2.9814,2.9709,2.9794,2.9824,2.9864,2.9759,2.9844,87
2026-03-23 13:03:00,2.9789,2.9834,2.9734,2.9774,2.9839,2.9884,2.9784,2.9824,77
2026-03-23 13:04:00,2.9779,2.9829,2.9744,2.9814,2.9829,2.9879,2.9794,2.9864,75
2026-03-23 13:05:00,2.9819,2.9929,2.9754,2.9899,2.9869,2.9979,2.9804,2.9949,82
2026-03-23 13:06:00,2.9909,2.9929,2.9809,2.9809,2.9959,2.9979,2.9859,2.9859,60
2026-03-23 13:07:00,2.9814,2.9849,2.9799,2.9839,2.9864,2.9899,2.9849,2.9889,48
2026-03-23 13:08:00,2.9844,2.9844,2.9709,2.9809,2.9894,2.9894,2.9759,2.9859,86
2026-03-23 13:09:00,2.9814,2.9834,2.9714,2.9799,2.9864,2.9884,2.9764,2.9849,56
2026-03-23 13:10:00,2.9784,2.9799,2.9649,2.9674,2.9834,2.9849,2.9699,2.9724,60
2026-03-23 13:11:00,2.9679,2.9829,2.9679,2.9759,2.9729,2.9879,2.9729,2.9809,59
2026-03-23 13:12:00,2.9764,2.9779,2.9739,2.9749,2.9814,2.9829,2.9789,2.9799,29
2026-03-23 13:13:00,2.9744,2.9799,2.9729,2.9799,2.9794,2.9849,2.9779,2.9849,42
2026-03-23 13:14:00,2.9794,2.9839,2.9779,2.9784,2.9844,2.9889,2.9829,2.9834,47
2026-03-23 13:15:00,2.9789,2.9889,2.9789,2.9869,2.9839,2.9939,2.9839,2.9919,59
2026-03-23 13:16:00,2.9859,2.9859,2.9779,2.9779,2.9909,2.9909,2.9829,2.9829,41
2026-03-23 13:17:00,2.9784,2.9784,2.9689,2.9714,2.9834,2.9834,2.9739,2.9764,52
2026-03-23 13:18:00,2.9709,2.9714,2.9589,2.9614,2.9759,2.9764,2.9639,2.9664,55
2026-03-23 13:19:00,2.9604,2.9619,2.9569,2.9579,2.9654,2.9669,2.9619,2.9629,62
2026-03-23 13:20:00,2.9574,2.9599,2.9529,2.9549,2.9624,2.9649,2.9579,2.9599,67
2026-03-23 13:21:00,2.9559,2.9589,2.9539,2.9554,2.9609,2.9639,2.9589,2.9604,52
2026-03-23 13:22:00,2.9549,2.9599,2.9479,2.9594,2.9599,2.9649,2.9529,2.9644,73
2026-03-23 13:23:00,2.9589,2.9599,2.9539,2.9589,2.9639,2.9649,2.9589,2.9639,70
2026-03-23 13:24:00,2.9594,2.9609,2.9564,2.9584,2.9644,2.9659,2.9614,2.9634,50
2026-03-23 13:25:00,2.9569,2.9569,2.9489,2.9529,2.9619,2.9619,2.9539,2.9579,49
2026-03-23 13:26:00,2.9534,2.9579,2.9514,2.9514,2.9584,2.9629,2.9564,2.9564,37
2026-03-23 13:27:00,2.9519,2.9569,2.9514,2.9534,2.9569,2.9619,2.9564,2.9584,58
2026-03-23 13:28:00,2.9529,2.9529,2.9489,2.9514,2.9579,2.9579,2.9539,2.9564,68
2026-03-23 13:29:00,2.9519,2.9569,2.9474,2.9544,2.9569,2.9619,2.9524,2.9594,54
2026-03-23 13:30:00,2.9539,2.9569,2.9474,2.9479,2.9589,2.9619,2.9524,2.9529,57
2026-03-23 13:31:00,2.9469,2.9499,2.9439,2.9449,2.9519,2.9549,2.9489,2.9499,55
2026-03-23 13:32:00,2.9444,2.9489,2.9439,2.9479,2.9494,2.9539,2.9489,2.9529,36
2026-03-23 13:33:00,2.9484,2.9519,2.9449,2.9484,2.9534,2.9569,2.9499,2.9534,40
2026-03-23 13:34:00,2.9489,2.9489,2.9439,2.9449,2.9539,2.9539,2.9489,2.9499,39
2026-03-23 13:35:00,2.9459,2.9519,2.9449,2.9474,2.9509,2.9569,2.9499,2.9524,47
2026-03-23 13:36:00,2.9459,2.9509,2.9444,2.9509,2.9509,2.9559,2.9494,2.9559,28
2026-03-23 13:37:00,2.9504,2.9504,2.9349,2.9459,2.9554,2.9554,2.9399,2.9509,110
2026-03-23 13:38:00,2.9454,2.9519,2.9424,2.9464,2.9504,2.9569,2.9474,2.9514,53
2026-03-23 13:39:00,2.9454,2.9469,2.9369,2.9374,2.9504,2.9519,2.9419,2.9424,37
2026-03-23 13:40:00,2.9379,2.9409,2.9299,2.9349,2.9429,2.9459,2.9349,2.9399,94
2026-03-23 13:41:00,2.9344,2.9349,2.9219,2.9314,2.9394,2.9399,2.9269,2.9364,122
2026-03-23 13:42:00,2.9319,2.9319,2.9184,2.9189,2.9369,2.9369,2.9234,2.9239,113
2026-03-23 13:43:00,2.9199,2.9204,2.9139,2.9189,2.9249,2.9254,2.9189,2.9239,101
2026-03-23 13:44:00,2.9184,2.9269,2.9184,2.9254,2.9234,2.9319,2.9234,2.9304,94
2026-03-23 13:45:00,2.9259,2.9309,2.9219,2.9289,2.9309,2.9359,2.9269,2.9339,82
2026-03-23 13:46:00,2.9284,2.9339,2.9284,2.9339,2.9334,2.9389,2.9334,2.9389,70
2026-03-23 13:47:00,2.9344,2.9349,2.9269,2.9279,2.9394,2.9399,2.9319,2.9329,83
2026-03-23 13:48:00,2.9274,2.9329,2.9164,2.9169,2.9324,2.9379,2.9214,2.9219,126
2026-03-23 13:49:00,2.9159,2.9249,2.9159,2.9229,2.9209,2.9299,2.9209,2.9279,90
2026-03-23 13:50:00,2.9234,2.9289,2.9209,2.9239,2.9284,2.9339,2.9259,2.9289,77
2026-03-23 13:51:00,2.9234,2.9259,2.9219,2.9234,2.9284,2.9309,2.9269,2.9284,50
2026-03-23 13:52:00,2.9239,2.9259,2.9229,2.9254,2.9289,2.9309,2.9279,2.9304,55
2026-03-23 13:53:00,2.9249,2.9309,2.9249,2.9289,2.9299,2.9359,2.9299,2.9339,67
2026-03-23 13:54:00,2.9284,2.9329,2.9269,2.9279,2.9334,2.9379,2.9319,2.9329,65
2026-03-23 13:55:00,2.9269,2.9289,2.9229,2.9229,2.9319,2.9339,2.9279,2.9279,51
2026-03-23 13:56:00,2.9249,2.9274,2.9199,2.9274,2.9299,2.9324,2.9249,2.9324,57
2026-03-23 13:57:00,2.9269,2.9274,2.9204,2.9254,2.9319,2.9324,2.9254,2.9304,62
2026-03-23 13:58:00,2.9259,2.9299,2.9214,2.9279,2.9309,2.9349,2.9264,2.9329,65
2026-03-23 13:59:00,2.9289,2.9369,2.9284,2.9339,2.9339,2.9419,2.9334,2.9389,57
2026-03-23 14:00:00,2.9324,2.9324,2.9204,2.9209,2.9374,2.9374,2.9254,2.9259,142
2026-03-23 14:01:00,2.9224,2.9239,2.9159,2.9194,2.9274,2.9289,2.9209,2.9244,124
2026-03-23 14:02:00,2.9189,2.9269,2.9179,2.9239,2.9239,2.9319,2.9229,2.9289,91
2026-03-23 14:03:00,2.9229,2.9229,2.9089,2.9129,2.9279,2.9279,2.9139,2.9179,106
2026-03-23 14:04:00,2.9139,2.9159,2.9069,2.9124,2.9189,2.9209,2.9119,2.9174,102
2026-03-23 14:05:00,2.9119,2.9169,2.9089,2.9169,2.9169,2.9219,2.9139,2.9219,80
2026-03-23 14:06:00,2.9159,2.9269,2.9149,2.9219,2.9209,2.9319,2.9199,2.9269,94
2026-03-23 14:07:00,2.9214,2.9239,2.9139,2.9149,2.9264,2.9289,2.9189,2.9199,69
2026-03-23 14:08:00,2.9159,2.9169,2.9049,2.9084,2.9209,2.9219,2.9099,2.9134,69
2026-03-23 14:09:00,2.9079,2.9109,2.9049,2.9104,2.9129,2.9159,2.9099,2.9154,52
2026-03-23 14:10:00,2.9099,2.9199,2.9069,2.9189,2.9149,2.9249,2.9119,2.9239,87
2026-03-23 14:11:00,2.9179,2.9229,2.9149,2.9169,2.9229,2.9279,2.9199,2.9219,73
2026-03-23 14:12:00,2.9164,2.9239,2.9159,2.9199,2.9214,2.9289,2.9209,2.9249,64
2026-03-23 14:13:00,2.9204,2.9229,2.9129,2.9169,2.9254,2.9279,2.9179,2.9219,99
2026-03-23 14:14:00,2.9174,2.9254,2.9149,2.9234,2.9224,2.9304,2.9199,2.9284,56
2026-03-23 14:15:00,2.9239,2.9349,2.9229,2.9334,2.9289,2.9399,2.9279,2.9384,90
2026-03-23 14:16:00,2.9329,2.9329,2.9269,2.9304,2.9379,2.9379,2.9319,2.9354,66
2026-03-23 14:17:00,2.9299,2.9339,2.9284,2.9294,2.9349,2.9389,2.9334,2.9344,70
2026-03-23 14:18:00,2.9289,2.9329,2.9289,2.9314,2.9339,2.9379,2.9339,2.9364,57
2026-03-23 14:19:00,2.9309,2.9379,2.9304,2.9374,2.9359,2.9429,2.9354,2.9424,66
2026-03-23 14:20:00,2.9364,2.9389,2.9329,2.9354,2.9414,2.9439,2.9379,2.9404,61
2026-03-23 14:21:00,2.9349,2.9419,2.9339,2.9409,2.9399,2.9469,2.9389,2.9459,64
2026-03-23 14:22:00,2.9404,2.9404,2.9329,2.9329,2.9454,2.9454,2.9379,2.9379,49
2026-03-23 14:23:00,2.9339,2.9349,2.9294,2.9344,2.9389,2.9399,2.9344,2.9394,54
2026-03-23 14:24:00,2.9339,2.9359,2.9299,2.9304,2.9389,2.9409,2.9349,2.9354,55
2026-03-23 14:25:00,2.9309,2.9359,2.9299,2.9354,2.9359,2.9409,2.9349,2.9404,51
2026-03-23 14:26:00,2.9344,2.9439,2.9339,2.9414,2.9394,2.9489,2.9389,2.9464,72
2026-03-23 14:27:00,2.9409,2.9459,2.9379,2.9434,2.9459,2.9509,2.9429,2.9484,78
2026-03-23 14:28:00,2.9449,2.9489,2.9439,2.9459,2.9499,2.9539,2.9489,2.9509,59
2026-03-23 14:29:00,2.9464,2.9539,2.9459,2.9499,2.9514,2.9589,2.9509,2.9549,64
2026-03-23 14:30:00,2.9494,2.9549,2.9434,2.9439,2.9544,2.9599,2.9484,2.9489,102
2026-03-23 14:31:00,2.9429,2.9439,2.9379,2.9414,2.9479,2.9489,2.9429,2.9464,84
2026-03-23 14:32:00,2.9419,2.9499,2.9419,2.9489,2.9469,2.9549,2.9469,2.9539,51
2026-03-23 14:33:00,2.9484,2.9489,2.9449,2.9479,2.9534,2.9539,2.9499,2.9529,61
2026-03-23 14:34:00,2.9469,2.9499,2.9429,2.9449,2.9519,2.9549,2.9479,2.9499,83
2026-03-23 14:35:00,2.9459,2.9549,2.9439,2.9539,2.9509,2.9599,2.9489,2.9589,62
2026-03-23 14:36:00,2.9534,2.9689,2.9519,2.9609,2.9584,2.9739,2.9569,2.9659,81
2026-03-23 14:37:00,2.9599,2.9624,2.9534,2.9539,2.9649,2.9674,2.9584,2.9589,64
2026-03-23 14:38:00,2.9534,2.9569,2.9529,2.9544,2.9584,2.9619,2.9579,2.9594,61
2026-03-23 14:39:00,2.9539,2.9544,2.9399,2.9399,2.9589,2.9594,2.9449,2.9449,71
2026-03-23 14:40:00,2.9409,2.9424,2.9369,2.9409,2.9459,2.9474,2.9419,2.9459,62
2026-03-23 14:41:00,2.9404,2.9409,2.9339,2.9354,2.9454,2.9459,2.9389,2.9404,59
2026-03-23 14:42:00,2.9359,2.9359,2.9289,2.9329,2.9409,2.9409,2.9339,2.9379,91
2026-03-23 14:43:00,2.9319,2.9379,2.9294,2.9339,2.9369,2.9429,2.9344,2.9389,78
2026-03-23 14:44:00,2.9334,2.9369,2.9304,2.9349,2.9384,2.9419,2.9354,2.9399,51
2026-03-23 14:45:00,2.9339,2.9349,2.9309,2.9339,2.9389,2.9399,2.9359,2.9389,70
2026-03-23 14:46:00,2.9334,2.9379,2.9319,2.9379,2.9384,2.9429,2.9369,2.9429,63
2026-03-23 14:47:00,2.9374,2.9389,2.9339,2.9344,2.9424,2.9439,2.9389,2.9394,50
2026-03-23 14:48:00,2.9349,2.9349,2.9299,2.9319,2.9399,2.9399,2.9349,2.9369,59
2026-03-23 14:49:00,2.9309,2.9309,2.9259,2.9264,2.9359,2.9359,2.9309,2.9314,32
2026-03-23 14:50:00,2.9259,2.9269,2.9224,2.9249,2.9309,2.9319,2.9274,2.9299,54
2026-03-23 14:51:00,2.9244,2.9299,2.9239,2.9259,2.9294,2.9349,2.9289,2.9309,71
2026-03-23 14:52:00,2.9254,2.9299,2.9239,2.9264,2.9304,2.9349,2.9289,2.9314,54
2026-03-23 14:53:00,2.9259,2.9269,2.9209,2.9224,2.9309,2.9319,2.9259,2.9274,67
2026-03-23 14:54:00,2.9229,2.9339,2.9219,2.9339,2.9279,2.9389,2.9269,2.9389,57
2026-03-23 14:55:00,2.9329,2.9349,2.9274,2.9299,2.9379,2.9399,2.9324,2.9349,68
2026-03-23 14:56:00,2.9304,2.9344,2.9299,2.9314,2.9354,2.9394,2.9349,2.9364,39
2026-03-23 14:57:00,2.9319,2.9404,2.9309,2.9314,2.9369,2.9454,2.9359,2.9364,59
2026-03-23 14:58:00,2.9309,2.9369,2.9309,2.9339,2.9359,2.9419,2.9359,2.9389,68
2026-03-23 14:59:00,2.9334,2.9349,2.9289,2.9304,2.9384,2.9399,2.9339,2.9354,60
2026-03-23 15:00:00,2.9299,2.9369,2.9299,2.9369,2.9349,2.9419,2.9349,2.9419,52
2026-03-23 15:01:00,2.9364,2.9414,2.9289,2.9369,2.9414,2.9464,2.9339,2.9419,100
2026-03-23 15:02:00,2.9364,2.9389,2.9279,2.9289,2.9414,2.9439,2.9329,2.9339,64
2026-03-23 15:03:00,2.9299,2.9319,2.9259,2.9294,2.9349,2.9369,2.9309,2.9344,72
2026-03-23 15:04:00,2.9299,2.9399,2.9299,2.9349,2.9349,2.9449,2.9349,2.9399,89
2026-03-23 15:05:00,2.9359,2.9389,2.9349,2.9349,2.9409,2.9439,2.9399,2.9399,62
2026-03-23 15:06:00,2.9364,2.9409,2.9359,2.9379,2.9414,2.9459,2.9409,2.9429,56
2026-03-23 15:07:00,2.9374,2.9404,2.9329,2.9374,2.9424,2.9454,2.9379,2.9424,85
2026-03-23 15:08:00,2.9369,2.9389,2.9339,2.9354,2.9419,2.9439,2.9389,2.9404,34
2026-03-23 15:09:00,2.9364,2.9379,2.9329,2.9359,2.9414,2.9429,2.9379,2.9409,35
2026-03-23 15:10:00,2.9364,2.9364,2.9319,2.9354,2.9414,2.9414,2.9369,2.9404,32
2026-03-23 15:11:00,2.9349,2.9374,2.9319,2.9339,2.9399,2.9424,2.9369,2.9389,42
2026-03-23 15:12:00,2.9334,2.9344,2.9319,2.9329,2.9384,2.9394,2.9369,2.9379,40
2026-03-23 15:13:00,2.9334,2.9379,2.9324,2.9374,2.9384,2.9429,2.9374,2.9424,48
2026-03-23 15:14:00,2.9364,2.9409,2.9364,2.9369,2.9414,2.9459,2.9414,2.9419,55
2026-03-23 15:15:00,2.9379,2.9379,2.9299,2.9324,2.9429,2.9429,2.9349,2.9374,48
2026-03-23 15:16:00,2.9329,2.9389,2.9329,2.9354,2.9379,2.9439,2.9379,2.9404,45
2026-03-23 15:17:00,2.9359,2.9399,2.9329,2.9339,2.9409,2.9449,2.9379,2.9389,46
2026-03-23 15:18:00,2.9349,2.9349,2.9289,2.9339,2.9399,2.9399,2.9339,2.9389,33
2026-03-23 15:19:00,2.9334,2.9334,2.9289,2.9329,2.9384,2.9384,2.9339,2.9379,44
2026-03-23 15:20:00,2.9319,2.9349,2.9309,2.9339,2.9369,2.9399,2.9359,2.9389,42
2026-03-23 15:21:00,2.9334,2.9339,2.9284,2.9299,2.9384,2.9389,2.9334,2.9349,38
2026-03-23 15:22:00,2.9309,2.9309,2.9284,2.9309,2.9359,2.9359,2.9334,2.9359,36
2026-03-23 15:23:00,2.9299,2.9309,2.9249,2.9269,2.9349,2.9359,2.9299,2.9319,40
2026-03-23 15:24:00,2.9274,2.9289,2.9249,2.9269,2.9324,2.9339,2.9299,2.9319,40
2026-03-23 15:25:00,2.9264,2.9329,2.9249,2.9309,2.9314,2.9379,2.9299,2.9359,52
2026-03-23 15:26:00,2.9304,2.9429,2.9299,2.9404,2.9354,2.9479,2.9349,2.9454,98
2026-03-23 15:27:00,2.9399,2.9439,2.9379,2.9404,2.9449,2.9489,2.9429,2.9454,97
2026-03-23 15:28:00,2.9399,2.9409,2.9359,2.9384,2.9449,2.9459,2.9409,2.9434,44
2026-03-23 15:29:00,2.9389,2.9399,2.9329,2.9354,2.9439,2.9449,2.9379,2.9404,47
2026-03-23 15:30:00,2.9349,2.9349,2.9269,2.9279,2.9399,2.9399,2.9319,2.9329,63
2026-03-23 15:31:00,2.9284,2.9299,2.9269,2.9289,2.9334,2.9349,2.9319,2.9339,35
2026-03-23 15:32:00,2.9294,2.9319,2.9279,2.9304,2.9344,2.9369,2.9329,2.9354,37
2026-03-23 15:33:00,2.9299,2.9329,2.9294,2.9319,2.9349,2.9379,2.9344,2.9369,32
2026-03-23 15:34:00,2.9324,2.9389,2.9324,2.9364,2.9374,2.9439,2.9374,2.9414,54
2026-03-23 15:35:00,2.9359,2.9369,2.9329,2.9359,2.9409,2.9419,2.9379,2.9409,36
2026-03-23 15:36:00,2.9369,2.9429,2.9359,2.9359,2.9419,2.9479,2.9409,2.9409,72
2026-03-23 15:37:00,2.9354,2.9389,2.9329,2.9374,2.9404,2.9439,2.9379,2.9424,41
2026-03-23 15:38:00,2.9364,2.9384,2.9329,2.9344,2.9414,2.9434,2.9379,2.9394,47
2026-03-23 15:39:00,2.9349,2.9369,2.9314,2.9329,2.9399,2.9419,2.9364,2.9379,44
2026-03-23 15:40:00,2.9339,2.9359,2.9294,2.9349,2.9389,2.9409,2.9344,2.9399,74
2026-03-23 15:41:00,2.9354,2.9354,2.9309,2.9319,2.9404,2.9404,2.9359,2.9369,40
2026-03-23 15:42:00,2.9309,2.9344,2.9309,2.9329,2.9359,2.9394,2.9359,2.9379,40
2026-03-23 15:43:00,2.9319,2.9404,2.9314,2.9374,2.9369,2.9454,2.9364,2.9424,73
2026-03-23 15:44:00,2.9364,2.9429,2.9359,2.9419,2.9414,2.9479,2.9409,2.9469,55
2026-03-23 15:45:00,2.9424,2.9439,2.9389,2.9389,2.9474,2.9489,2.9439,2.9439,50
2026-03-23 15:46:00,2.9399,2.9419,2.9304,2.9339,2.9449,2.9469,2.9354,2.9389,74
2026-03-23 15:47:00,2.9344,2.9349,2.9279,2.9304,2.9394,2.9399,2.9329,2.9354,43
2026-03-23 15:48:00,2.9299,2.9309,2.9264,2.9279,2.9349,2.9359,2.9314,2.9329,67
2026-03-23 15:49:00,2.9274,2.9284,2.9269,2.9279,2.9324,2.9334,2.9319,2.9329,18
2026-03-23 15:50:00,2.9274,2.9319,2.9269,2.9289,2.9324,2.9369,2.9319,2.9339,26
2026-03-23 15:51:00,2.9284,2.9299,2.9264,2.9274,2.9334,2.9349,2.9314,2.9324,35
2026-03-23 15:52:00,2.9279,2.9309,2.9264,2.9274,2.9329,2.9359,2.9314,2.9324,57
2026-03-23 15:53:00,2.9289,2.9299,2.9274,2.9294,2.9339,2.9349,2.9324,2.9344,36
2026-03-23 15:54:00,2.9299,2.9299,2.9249,2.9294,2.9349,2.9349,2.9299,2.9344,54
2026-03-23 15:55:00,2.9284,2.9299,2.9249,2.9264,2.9334,2.9349,2.9299,2.9314,35
2026-03-23 15:56:00,2.9269,2.9279,2.9219,2.9219,2.9319,2.9329,2.9269,2.9269,42
2026-03-23 15:57:00,2.9224,2.9229,2.9179,2.9194,2.9274,2.9279,2.9229,2.9244,31
2026-03-23 15:58:00,2.9199,2.9209,2.9164,2.9184,2.9249,2.9259,2.9214,2.9234,42
2026-03-23 15:59:00,2.9189,2.9209,2.9179,2.9194,2.9239,2.9259,2.9229,2.9244,27
2026-03-23 16:00:00,2.9199,2.9199,2.9149,2.9159,2.9249,2.9249,2.9199,2.9209,56
2026-03-23 16:01:00,2.9149,2.9169,2.9069,2.9089,2.9199,2.9219,2.9119,2.9139,144
2026-03-23 16:02:00,2.9099,2.9099,2.8969,2.8989,2.9149,2.9149,2.9019,2.9039,204
2026-03-23 16:03:00,2.8979,2.9029,2.8959,2.8979,2.9029,2.9079,2.9009,2.9029,182
2026-03-23 16:04:00,2.8974,2.9029,2.8959,2.8974,2.9024,2.9079,2.9009,2.9024,184
2026-03-23 16:05:00,2.8979,2.9099,2.8969,2.9099,2.9029,2.9149,2.9019,2.9149,166
2026-03-23 16:06:00,2.9089,2.9099,2.9024,2.9029,2.9139,2.9149,2.9074,2.9079,80
2026-03-23 16:07:00,2.9034,2.9089,2.9034,2.9034,2.9084,2.9139,2.9084,2.9084,72
2026-03-23 16:08:00,2.9039,2.9044,2.8999,2.9044,2.9089,2.9094,2.9049,2.9094,54
2026-03-23 16:09:00,2.9049,2.9059,2.9014,2.9059,2.9099,2.9109,2.9064,2.9109,60
2026-03-23 16:10:00,2.9049,2.9109,2.9049,2.9079,2.9099,2.9159,2.9099,2.9129,65
2026-03-23 16:11:00,2.9069,2.9094,2.9009,2.9039,2.9119,2.9144,2.9059,2.9089,64
2026-03-23 16:12:00,2.9044,2.9069,2.9009,2.9019,2.9094,2.9119,2.9059,2.9069,58
2026-03-23 16:13:00,2.9024,2.9039,2.8989,2.9034,2.9074,2.9089,2.9039,2.9084,79
2026-03-23 16:14:00,2.9039,2.9059,2.9019,2.9049,2.9089,2.9109,2.9069,2.9099,62
2026-03-23 16:15:00,2.9044,2.9049,2.8989,2.9004,2.9094,2.9099,2.9039,2.9054,89
2026-03-23 16:16:00,2.9019,2.9129,2.9019,2.9079,2.9069,2.9179,2.9069,2.9129,78
2026-03-23 16:17:00,2.9074,2.9089,2.9029,2.9064,2.9124,2.9139,2.9079,2.9114,50
2026-03-23 16:18:00,2.9069,2.9099,2.9059,2.9064,2.9119,2.9149,2.9109,2.9114,65
2026-03-23 16:19:00,2.9069,2.9109,2.9064,2.9089,2.9119,2.9159,2.9114,2.9139,60
2026-03-23 16:20:00,2.9094,2.9109,2.9069,2.9089,2.9144,2.9159,2.9119,2.9139,49
2026-03-23 16:21:00,2.9079,2.9099,2.9034,2.9034,2.9129,2.9149,2.9084,2.9084,53
2026-03-23 16:22:00,2.9029,2.9039,2.8974,2.8999,2.9079,2.9089,2.9024,2.9049,56
2026-03-23 16:23:00,2.8989,2.9049,2.8979,2.9014,2.9039,2.9099,2.9029,2.9064,52
2026-03-23 16:24:00,2.9009,2.9064,2.8994,2.9014,2.9059,2.9114,2.9044,2.9064,50
2026-03-23 16:25:00,2.9019,2.9039,2.8979,2.9019,2.9069,2.9089,2.9029,2.9069,59
2026-03-23 16:26:00,2.9014,2.9049,2.9004,2.9009,2.9064,2.9099,2.9054,2.9059,49
2026-03-23 16:27:00,2.9014,2.9029,2.8999,2.9029,2.9064,2.9079,2.9049,2.9079,79
2026-03-23 16:28:00,2.9019,2.9039,2.8999,2.9024,2.9069,2.9089,2.9049,2.9074,39
2026-03-23 16:29:00,2.9019,2.9029,2.9004,2.9009,2.9069,2.9079,2.9054,2.9059,35
2026-03-23 16:30:00,2.8999,2.9029,2.8959,2.9029,2.9049,2.9079,2.9009,2.9079,57
2026-03-23 16:31:00,2.9019,2.9069,2.9004,2.9019,2.9069,2.9119,2.9054,2.9069,112
2026-03-23 16:32:00,2.9014,2.9014,2.8969,2.8979,2.9064,2.9064,2.9019,2.9029,53
2026-03-23 16:33:00,2.8984,2.9009,2.8974,2.8999,2.9034,2.9059,2.9024,2.9049,40
2026-03-23 16:34:00,2.8994,2.9009,2.8964,2.9004,2.9044,2.9059,2.9014,2.9054,52
2026-03-23 16:35:00,2.9009,2.9084,2.9009,2.9044,2.9059,2.9134,2.9059,2.9094,64
2026-03-23 16:36:00,2.9049,2.9099,2.9029,2.9099,2.9099,2.9149,2.9079,2.9149,50
2026-03-23 16:37:00,2.9094,2.9109,2.9074,2.9084,2.9144,2.9159,2.9124,2.9134,48
2026-03-23 16:38:00,2.9089,2.9099,2.9049,2.9099,2.9139,2.9149,2.9099,2.9149,42
2026-03-23 16:39:00,2.9094,2.9169,2.9049,2.9149,2.9144,2.9219,2.9099,2.9199,69
2026-03-23 16:40:00,2.9139,2.9189,2.9119,2.9184,2.9189,2.9239,2.9169,2.9234,42
2026-03-23 16:41:00,2.9189,2.9239,2.9184,2.9199,2.9239,2.9289,2.9234,2.9249,68
2026-03-23 16:42:00,2.9194,2.9199,2.9149,2.9179,2.9244,2.9249,2.9199,2.9229,35
2026-03-23 16:43:00,2.9189,2.9209,2.9144,2.9164,2.9239,2.9259,2.9194,2.9214,54
2026-03-23 16:44:00,2.9169,2.9229,2.9169,2.9224,2.9219,2.9279,2.9219,2.9274,54
2026-03-23 16:45:00,2.9219,2.9229,2.9169,2.9199,2.9269,2.9279,2.9219,2.9249,55
2026-03-23 16:46:00,2.9189,2.9224,2.9139,2.9144,2.9239,2.9274,2.9189,2.9194,56
2026-03-23 16:47:00,2.9139,2.9179,2.9124,2.9134,2.9189,2.9229,2.9174,2.9184,61
2026-03-23 16:48:00,2.9129,2.9149,2.9109,2.9144,2.9179,2.9199,2.9159,2.9194,34
2026-03-23 16:49:00,2.9139,2.9139,2.9049,2.9054,2.9189,2.9189,2.9099,2.9104,45
2026-03-23 16:50:00,2.9049,2.9089,2.9049,2.9079,2.9099,2.9139,2.9099,2.9129,22
2026-03-23 16:51:00,2.9089,2.9104,2.9059,2.9069,2.9139,2.9154,2.9109,2.9119,53
2026-03-23 16:52:00,2.9084,2.9229,2.9084,2.9164,2.9134,2.9279,2.9134,2.9214,142
2026-03-23 16:53:00,2.9159,2.9229,2.9149,2.9149,2.9209,2.9279,2.9199,2.9199,91
2026-03-23 16:54:00,2.9144,2.9279,2.9144,2.9254,2.9194,2.9329,2.9194,2.9304,82
2026-03-23 16:55:00,2.9249,2.9309,2.9234,2.9264,2.9299,2.9359,2.9284,2.9314,64
2026-03-23 16:56:00,2.9269,2.9294,2.9239,2.9259,2.9319,2.9344,2.9289,2.9309,47
2026-03-23 16:57:00,2.9269,2.9309,2.9239,2.9289,2.9319,2.9359,2.9289,2.9339,44
2026-03-23 16:58:00,2.9284,2.9344,2.9264,2.9329,2.9334,2.9394,2.9314,2.9379,47
2026-03-23 16:59:00,2.9324,2.9329,2.9249,2.9249,2.9374,2.9379,2.9299,2.9299,53
2026-03-23 17:00:00,2.9259,2.9269,2.9239,2.9269,2.9309,2.9319,2.9289,2.9319,37
2026-03-23 17:01:00,2.9259,2.9259,2.9194,2.9219,2.9309,2.9309,2.9244,2.9269,60
2026-03-23 17:02:00,2.9224,2.9239,2.9194,2.9209,2.9274,2.9289,2.9244,2.9259,49
2026-03-23 17:03:00,2.9219,2.9299,2.9214,2.9289,2.9269,2.9349,2.9264,2.9339,49
2026-03-23 17:04:00,2.9284,2.9299,2.9249,2.9289,2.9334,2.9349,2.9299,2.9339,38
2026-03-23 17:05:00,2.9294,2.9314,2.9269,2.9289,2.9344,2.9364,2.9319,2.9339,55
2026-03-23 17:06:00,2.9284,2.9339,2.9269,2.9299,2.9334,2.9389,2.9319,2.9349,57
2026-03-23 17:07:00,2.9294,2.9294,2.9229,2.9279,2.9344,2.9344,2.9279,2.9329,49
2026-03-23 17:08:00,2.9269,2.9279,2.9229,2.9229,2.9319,2.9329,2.9279,2.9279,44
2026-03-23 17:09:00,2.9239,2.9239,2.9219,2.9239,2.9289,2.9289,2.9269,2.9289,41
2026-03-23 17:10:00,2.9244,2.9279,2.9244,2.9259,2.9294,2.9329,2.9294,2.9309,41
2026-03-23 17:11:00,2.9254,2.9294,2.9249,2.9274,2.9304,2.9344,2.9299,2.9324,40
2026-03-23 17:12:00,2.9269,2.9284,2.9244,2.9279,2.9319,2.9334,2.9294,2.9329,33
2026-03-23 17:13:00,2.9274,2.9309,2.9259,2.9279,2.9324,2.9359,2.9309,2.9329,39
2026-03-23 17:14:00,2.9289,2.9319,2.9269,2.9279,2.9339,2.9369,2.9319,2.9329,42
2026-03-23 17:15:00,2.9274,2.9294,2.9229,2.9269,2.9324,2.9344,2.9279,2.9319,46
2026-03-23 17:16:00,2.9274,2.9289,2.9249,2.9259,2.9324,2.9339,2.9299,2.9309,48
2026-03-23 17:17:00,2.9249,2.9249,2.9199,2.9239,2.9299,2.9299,2.9249,2.9289,36
2026-03-23 17:18:00,2.9234,2.9264,2.9229,2.9259,2.9284,2.9314,2.9279,2.9309,24
2026-03-23 17:19:00,2.9254,2.9279,2.9239,2.9279,2.9304,2.9329,2.9289,2.9329,29
2026-03-23 17:20:00,2.9284,2.9319,2.9249,2.9309,2.9334,2.9369,2.9299,2.9359,38
2026-03-23 17:21:00,2.9319,2.9319,2.9229,2.9259,2.9369,2.9369,2.9279,2.9309,62
2026-03-23 17:22:00,2.9254,2.9274,2.9239,2.9274,2.9304,2.9324,2.9289,2.9324,50
2026-03-23 17:23:00,2.9279,2.9309,2.9259,2.9284,2.9329,2.9359,2.9309,2.9334,34
2026-03-23 17:24:00,2.9289,2.9304,2.9274,2.9299,2.9339,2.9354,2.9324,2.9349,29
2026-03-23 17:25:00,2.9304,2.9339,2.9299,2.9329,2.9354,2.9389,2.9349,2.9379,51
2026-03-23 17:26:00,2.9339,2.9364,2.9319,2.9339,2.9389,2.9414,2.9369,2.9389,37
2026-03-23 17:27:00,2.9344,2.9369,2.9339,2.9359,2.9394,2.9419,2.9389,2.9409,40
2026-03-23 17:28:00,2.9364,2.9429,2.9349,2.9359,2.9414,2.9479,2.9399,2.9409,52
2026-03-23 17:29:00,2.9369,2.9419,2.9369,2.9389,2.9419,2.9469,2.9419,2.9439,58
2026-03-23 17:30:00,2.9384,2.9384,2.9349,2.9369,2.9434,2.9434,2.9399,2.9419,44
2026-03-23 17:31:00,2.9364,2.9364,2.9169,2.9179,2.9414,2.9414,2.9219,2.9229,100
2026-03-23 17:32:00,2.9184,2.9194,2.9114,2.9159,2.9234,2.9244,2.9164,2.9209,65
2026-03-23 17:33:00,2.9154,2.9169,2.9124,2.9124,2.9204,2.9219,2.9174,2.9174,31
2026-03-23 17:34:00,2.9119,2.9139,2.9099,2.9119,2.9169,2.9189,2.9149,2.9169,34
2026-03-23 17:35:00,2.9114,2.9119,2.9069,2.9079,2.9164,2.9169,2.9119,2.9129,57
2026-03-23 17:36:00,2.9074,2.9094,2.9059,2.9079,2.9124,2.9144,2.9109,2.9129,38
2026-03-23 17:37:00,2.9074,2.9074,2.9019,2.9029,2.9124,2.9124,2.9069,2.9079,45
2026-03-23 17:38:00,2.9034,2.9079,2.9019,2.9059,2.9084,2.9129,2.9069,2.9109,36
2026-03-23 17:39:00,2.9064,2.9144,2.9064,2.9114,2.9114,2.9194,2.9114,2.9164,33
2026-03-23 17:40:00,2.9124,2.9129,2.9079,2.9089,2.9174,2.9179,2.9129,2.9139,29
2026-03-23 17:41:00,2.9084,2.9099,2.9054,2.9059,2.9134,2.9149,2.9104,2.9109,28
2026-03-23 17:42:00,2.9064,2.9079,2.9049,2.9049,2.9114,2.9129,2.9099,2.9099,35
2026-03-23 17:43:00,2.9039,2.9084,2.9039,2.9059,2.9089,2.9134,2.9089,2.9109,36
2026-03-23 17:44:00,2.9069,2.9119,2.9034,2.9109,2.9119,2.9169,2.9084,2.9159,53
2026-03-23 17:45:00,2.9104,2.9109,2.9039,2.9059,2.9154,2.9159,2.9089,2.9109,33
2026-03-23 17:46:00,2.9054,2.9134,2.9049,2.9119,2.9104,2.9184,2.9099,2.9169,39
2026-03-23 17:47:00,2.9114,2.9139,2.9089,2.9094,2.9164,2.9189,2.9139,2.9144,39
2026-03-23 17:48:00,2.9089,2.9139,2.9089,2.9109,2.9139,2.9189,2.9139,2.9159,38
2026-03-23 17:49:00,2.9104,2.9119,2.9099,2.9114,2.9154,2.9169,2.9149,2.9164,20
2026-03-23 17:50:00,2.9119,2.9119,2.9039,2.9084,2.9169,2.9169,2.9089,2.9134,48
2026-03-23 17:51:00,2.9079,2.9099,2.9039,2.9059,2.9129,2.9149,2.9089,2.9109,32
2026-03-23 17:52:00,2.9054,2.9079,2.9039,2.9059,2.9104,2.9129,2.9089,2.9109,20
2026-03-23 17:53:00,2.9069,2.9079,2.9059,2.9064,2.9119,2.9129,2.9109,2.9114,26
2026-03-23 17:54:00,2.9059,2.9089,2.9049,2.9069,2.9109,2.9139,2.9099,2.9119,24
2026-03-23 17:55:00,2.9064,2.9064,2.9039,2.9059,2.9114,2.9114,2.9089,2.9109,35
2026-03-23 17:56:00,2.9054,2.9079,2.9049,2.9079,2.9104,2.9129,2.9099,2.9129,36
2026-03-23 17:57:00,2.9069,2.9084,2.9039,2.9059,2.9119,2.9134,2.9089,2.9109,32
2026-03-23 17:58:00,2.9069,2.9094,2.9069,2.9079,2.9119,2.9144,2.9119,2.9129,23
2026-03-23 17:59:00,2.9069,2.9089,2.9054,2.9079,2.9119,2.9139,2.9104,2.9129,18
2026-03-23 18:00:00,2.9069,2.9079,2.9039,2.9039,2.9119,2.9129,2.9089,2.9089,29
2026-03-23 18:01:00,2.9034,2.9054,2.8999,2.9039,2.9084,2.9104,2.9049,2.9089,33
2026-03-23 18:02:00,2.9034,2.9059,2.9024,2.9039,2.9084,2.9109,2.9074,2.9089,24
2026-03-23 18:03:00,2.9044,2.9049,2.9024,2.9039,2.9094,2.9099,2.9074,2.9089,25
2026-03-23 18:04:00,2.9049,2.9104,2.9049,2.9099,2.9099,2.9154,2.9099,2.9149,29
2026-03-23 18:05:00,2.9089,2.9119,2.9079,2.9099,2.9139,2.9169,2.9129,2.9149,35
2026-03-23 18:06:00,2.9104,2.9129,2.9099,2.9104,2.9154,2.9179,2.9149,2.9154,23
2026-03-23 18:07:00,2.9094,2.9099,2.9069,2.9069,2.9144,2.9149,2.9119,2.9119,16
2026-03-23 18:08:00,2.9064,2.9089,2.9049,2.9054,2.9114,2.9139,2.9099,2.9104,34
2026-03-23 18:09:00,2.9044,2.9074,2.9044,2.9059,2.9094,2.9124,2.9094,2.9109,26
2026-03-23 18:10:00,2.9049,2.9069,2.9039,2.9059,2.9099,2.9119,2.9089,2.9109,29
2026-03-23 18:11:00,2.9069,2.9079,2.9019,2.9039,2.9119,2.9129,2.9069,2.9089,28
2026-03-23 18:12:00,2.9034,2.9069,2.9029,2.9054,2.9084,2.9119,2.9079,2.9104,25
2026-03-23 18:13:00,2.9049,2.9079,2.9039,2.9079,2.9099,2.9129,2.9089,2.9129,28
2026-03-23 18:14:00,2.9074,2.9109,2.9074,2.9099,2.9124,2.9159,2.9124,2.9149,28
2026-03-23 18:15:00,2.9089,2.9109,2.9089,2.9109,2.9139,2.9159,2.9139,2.9159,21
2026-03-23 18:16:00,2.9104,2.9144,2.9104,2.9104,2.9154,2.9194,2.9154,2.9154,19
2026-03-23 18:17:00,2.9094,2.9099,2.9059,2.9079,2.9144,2.9149,2.9109,2.9129,34
2026-03-23 18:18:00,2.9074,2.9074,2.9039,2.9054,2.9124,2.9124,2.9089,2.9104,35
2026-03-23 18:19:00,2.9044,2.9089,2.9039,2.9089,2.9094,2.9139,2.9089,2.9139,20
2026-03-23 18:20:00,2.9084,2.9089,2.9049,2.9049,2.9134,2.9139,2.9099,2.9099,13
2026-03-23 18:21:00,2.9069,2.9069,2.9034,2.9049,2.9119,2.9119,2.9084,2.9099,18
2026-03-23 18:22:00,2.9039,2.9059,2.9029,2.9049,2.9089,2.9109,2.9079,2.9099,21
2026-03-23 18:23:00,2.9044,2.9049,2.9029,2.9039,2.9094,2.9099,2.9079,2.9089,17
2026-03-23 18:24:00,2.9044,2.9059,2.9029,2.9054,2.9094,2.9109,2.9079,2.9104,23
2026-03-23 18:25:00,2.9049,2.9059,2.9039,2.9059,2.9099,2.9109,2.9089,2.9109,12
2026-03-23 18:26:00,2.9069,2.9069,2.9039,2.9049,2.9119,2.9119,2.9089,2.9099,35
2026-03-23 18:27:00,2.9044,2.9049,2.9009,2.9009,2.9094,2.9099,2.9059,2.9059,41
2026-03-23 18:28:00,2.9004,2.9059,2.8989,2.9049,2.9054,2.9109,2.9039,2.9099,32
2026-03-23 18:29:00,2.9054,2.9089,2.9049,2.9069,2.9104,2.9139,2.9099,2.9119,40
2026-03-23 18:30:00,2.9074,2.9079,2.9009,2.9034,2.9124,2.9129,2.9059,2.9084,43
2026-03-23 18:31:00,2.9039,2.9059,2.9034,2.9049,2.9089,2.9109,2.9084,2.9099,21
2026-03-23 18:32:00,2.9039,2.9049,2.9009,2.9049,2.9089,2.9099,2.9059,2.9099,29
2026-03-23 18:33:00,2.9044,2.9079,2.9029,2.9079,2.9094,2.9129,2.9079,2.9129,29
2026-03-23 18:34:00,2.9089,2.9099,2.9059,2.9069,2.9139,2.9149,2.9109,2.9119,19
2026-03-23 18:35:00,2.9074,2.9099,2.9074,2.9084,2.9124,2.9149,2.9124,2.9134,23
2026-03-23 18:36:00,2.9089,2.9099,2.9029,2.9029,2.9139,2.9149,2.9079,2.9079,29
2026-03-23 18:37:00,2.9034,2.9079,2.9009,2.9074,2.9084,2.9129,2.9059,2.9124,39
2026-03-23 18:38:00,2.9064,2.9064,2.9039,2.9054,2.9114,2.9114,2.9089,2.9104,21
2026-03-23 18:39:00,2.9049,2.9079,2.9039,2.9059,2.9099,2.9129,2.9089,2.9109,25
2026-03-23 18:40:00,2.9054,2.9104,2.9034,2.9079,2.9104,2.9154,2.9084,2.9129,40
2026-03-23 18:41:00,2.9084,2.9169,2.9079,2.9149,2.9134,2.9219,2.9129,2.9199,54
2026-03-23 18:42:00,2.9169,2.9229,2.9134,2.9199,2.9219,2.9279,2.9184,2.9249,47
2026-03-23 18:43:00,2.9194,2.9194,2.9099,2.9119,2.9244,2.9244,2.9149,2.9169,47
2026-03-23 18:44:00,2.9114,2.9119,2.9079,2.9089,2.9164,2.9169,2.9129,2.9139,35
2026-03-23 18:45:00,2.9099,2.9099,2.9029,2.9049,2.9149,2.9149,2.9079,2.9099,44
2026-03-23 18:46:00,2.9039,2.9049,2.9004,2.9004,2.9089,2.9099,2.9054,2.9054,26
2026-03-23 18:47:00,2.8999,2.9019,2.8999,2.9009,2.9049,2.9069,2.9049,2.9059,13
2026-03-23 18:48:00,2.9014,2.9069,2.9014,2.9044,2.9064,2.9119,2.9064,2.9094,24
2026-03-23 18:49:00,2.9039,2.9039,2.9014,2.9029,2.9089,2.9089,2.9064,2.9079,9
2026-03-23 18:50:00,2.9024,2.9024,2.8999,2.9009,2.9074,2.9074,2.9049,2.9059,25
2026-03-23 18:51:00,2.8999,2.9019,2.8999,2.9004,2.9049,2.9069,2.9049,2.9054,10
2026-03-23 18:52:00,2.8999,2.9009,2.8979,2.8989,2.9049,2.9059,2.9029,2.9039,16
2026-03-23 18:53:00,2.8984,2.8989,2.8974,2.8979,2.9034,2.9039,2.9024,2.9029,16
2026-03-23 18:54:00,2.8989,2.8989,2.8974,2.8974,2.9039,2.9039,2.9024,2.9024,17
2026-03-23 18:55:00,2.8969,2.8989,2.8959,2.8969,2.9019,2.9039,2.9009,2.9019,19
2026-03-23 18:56:00,2.8959,2.8989,2.8959,2.8979,2.9009,2.9039,2.9009,2.9029,46
2026-03-23 18:57:00,2.8989,2.9004,2.8979,2.8989,2.9039,2.9054,2.9029,2.9039,21
2026-03-23 18:58:00,2.8979,2.9009,2.8979,2.8994,2.9029,2.9059,2.9029,2.9044,31
2026-03-23 18:59:00,2.8999,2.9009,2.8989,2.8999,2.9049,2.9059,2.9039,2.9049,23
2026-03-23 19:00:00,2.8994,2.8999,2.8969,2.8989,2.9044,2.9049,2.9019,2.9039,31
2026-03-23 19:01:00,2.8984,2.8999,2.8969,2.8994,2.9034,2.9049,2.9019,2.9044,37
2026-03-23 19:02:00,2.8989,2.9019,2.8979,2.8999,2.9039,2.9069,2.9029,2.9049,31
2026-03-23 19:03:00,2.9009,2.9009,2.8979,2.8984,2.9059,2.9059,2.9029,2.9034,23
2026-03-23 19:04:00,2.8989,2.8989,2.8959,2.8964,2.9039,2.9039,2.9009,2.9014,21
2026-03-23 19:05:00,2.8969,2.8974,2.8959,2.8959,2.9019,2.9024,2.9009,2.9009,15
2026-03-23 19:06:00,2.8964,2.8989,2.8959,2.8959,2.9014,2.9039,2.9009,2.9009,17
2026-03-23 19:07:00,2.8939,2.9049,2.8939,2.8964,2.8989,2.9099,2.8989,2.9014,81
2026-03-23 19:08:00,2.8969,2.8999,2.8944,2.8979,2.9019,2.9049,2.8994,2.9029,45
2026-03-23 19:09:00,2.8969,2.8979,2.8939,2.8949,2.9019,2.9029,2.8989,2.8999,26
2026-03-23 19:10:00,2.8944,2.8949,2.8869,2.8899,2.8994,2.8999,2.8919,2.8949,67
2026-03-23 19:11:00,2.8889,2.8889,2.8779,2.8779,2.8939,2.8939,2.8829,2.8829,66
2026-03-23 19:12:00,2.8784,2.8809,2.8779,2.8799,2.8834,2.8859,2.8829,2.8849,41
2026-03-23 19:13:00,2.8789,2.8819,2.8769,2.8779,2.8839,2.8869,2.8819,2.8829,48
2026-03-23 19:14:00,2.8769,2.8799,2.8764,2.8794,2.8819,2.8849,2.8814,2.8844,55
2026-03-23 19:15:00,2.8804,2.8809,2.8759,2.8769,2.8854,2.8859,2.8809,2.8819,50
2026-03-23 19:16:00,2.8764,2.8839,2.8764,2.8814,2.8814,2.8889,2.8814,2.8864,66
2026-03-23 19:17:00,2.8809,2.8819,2.8759,2.8799,2.8859,2.8869,2.8809,2.8849,52
2026-03-23 19:18:00,2.8804,2.8839,2.8799,2.8829,2.8854,2.8889,2.8849,2.8879,44
2026-03-23 19:19:00,2.8834,2.8859,2.8829,2.8839,2.8884,2.8909,2.8879,2.8889,39
2026-03-23 19:20:00,2.8844,2.8869,2.8829,2.8839,2.8894,2.8919,2.8879,2.8889,27
2026-03-23 19:21:00,2.8834,2.8849,2.8829,2.8849,2.8884,2.8899,2.8879,2.8899,90
2026-03-23 19:22:00,2.8844,2.8849,2.8789,2.8819,2.8894,2.8899,2.8839,2.8869,46
2026-03-23 19:23:00,2.8814,2.8834,2.8799,2.8814,2.8864,2.8884,2.8849,2.8864,27
2026-03-23 19:24:00,2.8829,2.8869,2.8819,2.8859,2.8879,2.8919,2.8869,2.8909,29
2026-03-23 19:25:00,2.8869,2.8904,2.8859,2.8859,2.8919,2.8954,2.8909,2.8909,58
2026-03-23 19:26:00,2.8869,2.8879,2.8789,2.8809,2.8919,2.8929,2.8839,2.8859,47
2026-03-23 19:27:00,2.8814,2.8839,2.8789,2.8839,2.8864,2.8889,2.8839,2.8889,49
2026-03-23 19:28:00,2.8849,2.8879,2.8749,2.8789,2.8899,2.8929,2.8799,2.8839,145
2026-03-23 19:29:00,2.8784,2.8809,2.8779,2.8809,2.8834,2.8859,2.8829,2.8859,38
2026-03-23 19:30:00,2.8804,2.8839,2.8789,2.8819,2.8854,2.8889,2.8839,2.8869,43
2026-03-23 19:31:00,2.8824,2.8824,2.8749,2.8759,2.8874,2.8874,2.8799,2.8809,44
2026-03-23 19:32:00,2.8764,2.8809,2.8759,2.8789,2.8814,2.8859,2.8809,2.8839,33
2026-03-23 19:33:00,2.8779,2.8799,2.8779,2.8784,2.8829,2.8849,2.8829,2.8834,26
2026-03-23 19:34:00,2.8779,2.8789,2.8719,2.8729,2.8829,2.8839,2.8769,2.8779,44
2026-03-23 19:35:00,2.8734,2.8759,2.8659,2.8749,2.8784,2.8809,2.8709,2.8799,84
2026-03-23 19:36:00,2.8754,2.8759,2.8699,2.8734,2.8804,2.8809,2.8749,2.8784,37
2026-03-23 19:37:00,2.8739,2.8769,2.8719,2.8749,2.8789,2.8819,2.8769,2.8799,34
2026-03-23 19:38:00,2.8744,2.8769,2.8739,2.8759,2.8794,2.8819,2.8789,2.8809,34
2026-03-23 19:39:00,2.8764,2.8819,2.8744,2.8799,2.8814,2.8869,2.8794,2.8849,60
2026-03-23 19:40:00,2.8789,2.8819,2.8779,2.8794,2.8839,2.8869,2.8829,2.8844,57
2026-03-23 19:41:00,2.8799,2.8844,2.8799,2.8844,2.8849,2.8894,2.8849,2.8894,41
2026-03-23 19:42:00,2.8849,2.8849,2.8819,2.8824,2.8899,2.8899,2.8869,2.8874,27
2026-03-23 19:43:00,2.8814,2.8849,2.8809,2.8844,2.8864,2.8899,2.8859,2.8894,32
2026-03-23 19:44:00,2.8834,2.8869,2.8834,2.8864,2.8884,2.8919,2.8884,2.8914,19
2026-03-23 19:45:00,2.8859,2.8889,2.8859,2.8889,2.8909,2.8939,2.8909,2.8939,30
2026-03-23 19:46:00,2.8894,2.8899,2.8869,2.8879,2.8944,2.8949,2.8919,2.8929,23
2026-03-23 19:47:00,2.8874,2.8879,2.8819,2.8819,2.8924,2.8929,2.8869,2.8869,20
2026-03-23 19:48:00,2.8814,2.8819,2.8779,2.8789,2.8864,2.8869,2.8829,2.8839,29
2026-03-23 19:49:00,2.8794,2.8809,2.8779,2.8789,2.8844,2.8859,2.8829,2.8839,26
2026-03-23 19:50:00,2.8799,2.8829,2.8794,2.8819,2.8849,2.8879,2.8844,2.8869,12
2026-03-23 19:51:00,2.8824,2.8829,2.8819,2.8819,2.8874,2.8879,2.8869,2.8869,5
2026-03-23 19:52:00,2.8829,2.8839,2.8819,2.8839,2.8879,2.8889,2.8869,2.8889,9
2026-03-23 19:53:00,2.8834,2.8839,2.8819,2.8829,2.8884,2.8889,2.8869,2.8879,10
2026-03-23 19:54:00,2.8824,2.8849,2.8824,2.8844,2.8874,2.8899,2.8874,2.8894,17
2026-03-23 19:55:00,2.8839,2.8839,2.8824,2.8829,2.8889,2.8889,2.8874,2.8879,10
2026-03-23 19:56:00,2.8824,2.8849,2.8824,2.8849,2.8874,2.8899,2.8874,2.8899,9
2026-03-23 19:57:00,2.8859,2.8869,2.8834,2.8839,2.8909,2.8919,2.8884,2.8889,16
2026-03-23 19:58:00,2.8844,2.8844,2.8809,2.8809,2.8894,2.8894,2.8859,2.8859,12
2026-03-23 19:59:00,2.8804,2.8829,2.8794,2.8824,2.8854,2.8879,2.8844,2.8874,9
2026-03-23 20:00:00,2.8819,2.8839,2.8794,2.8824,2.8869,2.8889,2.8844,2.8874,21
2026-03-23 20:01:00,2.8839,2.8839,2.8809,2.8819,2.8889,2.8889,2.8859,2.8869,11
2026-03-23 20:02:00,2.8814,2.8839,2.8779,2.8799,2.8864,2.8889,2.8829,2.8849,25
2026-03-23 20:03:00,2.8809,2.8829,2.8799,2.8829,2.8859,2.8879,2.8849,2.8879,12
2026-03-23 20:04:00,2.8839,2.8849,2.8829,2.8839,2.8889,2.8899,2.8879,2.8889,11
2026-03-23 20:05:00,2.8834,2.8844,2.8829,2.8829,2.8884,2.8894,2.8879,2.8879,9
2026-03-23 20:06:00,2.8839,2.8849,2.8829,2.8849,2.8889,2.8899,2.8879,2.8899,13
2026-03-23 20:07:00,2.8844,2.8869,2.8844,2.8859,2.8894,2.8919,2.8894,2.8909,10
2026-03-23 20:08:00,2.8864,2.8879,2.8864,2.8869,2.8914,2.8929,2.8914,2.8919,10
2026-03-23 20:09:00,2.8879,2.8894,2.8869,2.8879,2.8929,2.8944,2.8919,2.8929,24
2026-03-23 20:10:00,2.8889,2.8889,2.8879,2.8879,2.8939,2.8939,2.8929,2.8929,9
2026-03-23 20:11:00,2.8889,2.8899,2.8869,2.8899,2.8939,2.8949,2.8919,2.8949,15
2026-03-23 20:12:00,2.8894,2.8899,2.8879,2.8884,2.8944,2.8949,2.8929,2.8934,10
2026-03-23 20:13:00,2.8889,2.8899,2.8874,2.8889,2.8939,2.8949,2.8924,2.8939,15
2026-03-23 20:14:00,2.8894,2.8919,2.8889,2.8899,2.8944,2.8969,2.8939,2.8949,21
2026-03-23 20:15:00,2.8904,2.8919,2.8889,2.8899,2.8954,2.8969,2.8939,2.8949,17
2026-03-23 20:16:00,2.8909,2.8919,2.8899,2.8919,2.8959,2.8969,2.8949,2.8969,22
2026-03-23 20:17:00,2.8914,2.8914,2.8904,2.8909,2.8964,2.8964,2.8954,2.8959,14
2026-03-23 20:18:00,2.8924,2.8924,2.8909,2.8909,2.8974,2.8974,2.8959,2.8959,6
2026-03-23 20:19:00,2.8919,2.8939,2.8919,2.8929,2.8969,2.8989,2.8969,2.8979,6
2026-03-23 20:20:00,2.8934,2.8959,2.8914,2.8949,2.8984,2.9009,2.8964,2.8999,27
2026-03-23 20:21:00,2.8944,2.8949,2.8929,2.8934,2.8994,2.8999,2.8979,2.8984,14
2026-03-23 20:22:00,2.8929,2.8949,2.8929,2.8949,2.8979,2.8999,2.8979,2.8999,8
2026-03-23 20:23:00,2.8939,2.8959,2.8939,2.8944,2.8989,2.9009,2.8989,2.8994,9
2026-03-23 20:24:00,2.8959,2.8969,2.8929,2.8939,2.9009,2.9019,2.8979,2.8989,14
2026-03-23 20:25:00,2.8949,2.8959,2.8919,2.8929,2.8999,2.9009,2.8969,2.8979,33
2026-03-23 20:26:00,2.8919,2.8929,2.8889,2.8899,2.8969,2.8979,2.8939,2.8949,14
2026-03-23 20:27:00,2.8904,2.8909,2.8899,2.8909,2.8954,2.8959,2.8949,2.8959,5
2026-03-23 20:28:00,2.8904,2.8939,2.8899,2.8929,2.8954,2.8989,2.8949,2.8979,12
2026-03-23 20:29:00,2.8934,2.8949,2.8929,2.8949,2.8984,2.8999,2.8979,2.8999,6
2026-03-23 20:30:00,2.8939,2.8959,2.8929,2.8939,2.8989,2.9009,2.8979,2.8989,14
2026-03-23 20:31:00,2.8949,2.8959,2.8939,2.8939,2.8999,2.9009,2.8989,2.8989,11
2026-03-23 20:32:00,2.8929,2.8949,2.8929,2.8939,2.8979,2.8999,2.8979,2.8989,7
2026-03-23 20:33:00,2.8944,2.8954,2.8944,2.8949,2.8994,2.9004,2.8994,2.8999,3
2026-03-23 20:34:00,2.8944,2.8949,2.8919,2.8929,2.8994,2.8999,2.8969,2.8979,9
2026-03-23 20:35:00,2.8939,2.8939,2.8939,2.8939,2.8989,2.8989,2.8989,2.8989,1
2026-03-23 20:36:00,2.8929,2.8969,2.8929,2.8939,2.8979,2.9019,2.8979,2.8989,14
2026-03-23 20:37:00,2.8949,2.8949,2.8939,2.8944,2.8999,2.8999,2.8989,2.8994,11
2026-03-23 20:38:00,2.8939,2.8969,2.8939,2.8964,2.8989,2.9019,2.8989,2.9014,13
2026-03-23 20:39:00,2.8959,2.8974,2.8954,2.8974,2.9009,2.9024,2.9004,2.9024,21
2026-03-23 20:40:00,2.8969,2.8999,2.8969,2.8999,2.9019,2.9049,2.9019,2.9049,14
2026-03-23 20:41:00,2.8989,2.9024,2.8989,2.9019,2.9039,2.9074,2.9039,2.9069,13
2026-03-23 20:42:00,2.9009,2.9019,2.8999,2.9014,2.9059,2.9069,2.9049,2.9064,15
2026-03-23 20:43:00,2.9019,2.9039,2.9019,2.9039,2.9069,2.9089,2.9069,2.9089,8
2026-03-23 20:44:00,2.9044,2.9064,2.9044,2.9049,2.9094,2.9114,2.9094,2.9099,9
2026-03-23 20:45:00,2.9059,2.9059,2.9029,2.9039,2.9109,2.9109,2.9079,2.9089,27
2026-03-23 20:46:00,2.9029,2.9039,2.9029,2.9034,2.9079,2.9089,2.9079,2.9084,5
2026-03-23 20:47:00,2.9044,2.9049,2.9039,2.9039,2.9094,2.9099,2.9089,2.9089,6
2026-03-23 20:48:00,2.9049,2.9049,2.9039,2.9049,2.9099,2.9099,2.9089,2.9099,10
2026-03-23 20:49:00,2.9039,2.9049,2.9039,2.9049,2.9089,2.9099,2.9089,2.9099,10
2026-03-23 20:50:00,2.9059,2.9059,2.9049,2.9049,2.9109,2.9109,2.9099,2.9099,2
2026-03-23 20:51:00,2.9054,2.9069,2.9049,2.9059,2.9104,2.9119,2.9099,2.9109,10
2026-03-23 20:52:00,2.9049,2.9059,2.9049,2.9059,2.9099,2.9109,2.9099,2.9109,2
2026-03-23 20:53:00,2.9054,2.9059,2.9029,2.9039,2.9104,2.9109,2.9079,2.9089,18
2026-03-23 20:54:00,2.9029,2.9029,2.9019,2.9029,2.9079,2.9079,2.9069,2.9079,6
2026-03-23 20:55:00,2.9039,2.9039,2.9029,2.9029,2.9089,2.9089,2.9079,2.9079,9
2026-03-23 20:57:00,2.9019,2.9029,2.9019,2.9024,2.9069,2.9079,2.9069,2.9074,5
2026-03-23 20:58:00,2.9029,2.9029,2.8974,2.8974,2.9079,2.9079,2.9024,2.9024,19
2026-03-23 20:59:00,2.8969,2.8979,2.8959,2.8969,2.9019,2.9029,2.9009,2.9019,25
2026-03-23 21:00:00,2.8964,2.9009,2.8964,2.9009,2.9014,2.9059,2.9014,2.9059,11
2026-03-23 21:01:00,2.9019,2.9049,2.9019,2.9044,2.9069,2.9099,2.9069,2.9094,14
2026-03-23 21:02:00,2.9039,2.9049,2.8999,2.8999,2.9089,2.9099,2.9049,2.9049,11
2026-03-23 21:03:00,2.9009,2.9014,2.8994,2.9004,2.9059,2.9064,2.9044,2.9054,7
2026-03-23 21:04:00,2.8999,2.8999,2.8989,2.8994,2.9049,2.9049,2.9039,2.9044,6
2026-03-23 21:05:00,2.8999,2.8999,2.8994,2.8994,2.9049,2.9049,2.9044,2.9044,2
2026-03-23 21:06:00,2.8989,2.8994,2.8969,2.8969,2.9039,2.9044,2.9019,2.9019,8
2026-03-23 21:07:00,2.8979,2.8979,2.8959,2.8959,2.9029,2.9029,2.9009,2.9009,15
2026-03-23 21:08:00,2.8964,2.8964,2.8959,2.8959,2.9014,2.9014,2.9009,2.9009,2
2026-03-23 21:09:00,2.8954,2.8954,2.8909,2.8929,2.9004,2.9004,2.8959,2.8979,10
2026-03-23 21:10:00,2.8934,2.8939,2.8934,2.8939,2.8984,2.8989,2.8984,2.8989,4
2026-03-23 21:11:00,2.8944,2.8954,2.8934,2.8954,2.8994,2.9004,2.8984,2.9004,7
2026-03-23 21:12:00,2.8959,2.8959,2.8949,2.8959,2.9009,2.9009,2.8999,2.9009,4
2026-03-23 21:13:00,2.8964,2.8969,2.8964,2.8969,2.9014,2.9019,2.9014,2.9019,2
2026-03-23 21:15:00,2.8979,2.8979,2.8979,2.8979,2.9029,2.9029,2.9029,2.9029,1
2026-03-23 21:16:00,2.8974,2.8989,2.8959,2.8964,2.9024,2.9039,2.9009,2.9014,12
2026-03-23 21:17:00,2.8969,2.8969,2.8969,2.8969,2.9019,2.9019,2.9019,2.9019,1
2026-03-23 21:18:00,2.8964,2.8969,2.8964,2.8969,2.9014,2.9019,2.9014,2.9019,2
2026-03-23 21:19:00,2.8974,2.8974,2.8969,2.8974,2.9024,2.9024,2.9019,2.9024,3
2026-03-23 21:20:00,2.8969,2.8979,2.8964,2.8979,2.9019,2.9029,2.9014,2.9029,6
2026-03-23 21:21:00,2.8989,2.9004,2.8984,2.8999,2.9039,2.9054,2.9034,2.9049,10
2026-03-23 21:22:00,2.9004,2.9019,2.9004,2.9019,2.9054,2.9069,2.9054,2.9069,5
2026-03-23 21:23:00,2.9024,2.9049,2.9009,2.9044,2.9074,2.9099,2.9059,2.9094,16
2026-03-23 21:24:00,2.9039,2.9054,2.9034,2.9039,2.9089,2.9104,2.9084,2.9089,16
2026-03-23 21:25:00,2.9049,2.9069,2.9044,2.9059,2.9099,2.9119,2.9094,2.9109,14
2026-03-23 21:26:00,2.9054,2.9074,2.9049,2.9074,2.9104,2.9124,2.9099,2.9124,13
2026-03-23 21:27:00,2.9069,2.9079,2.9069,2.9074,2.9119,2.9129,2.9119,2.9124,8
2026-03-23 21:28:00,2.9079,2.9079,2.9074,2.9079,2.9129,2.9129,2.9124,2.9129,5
2026-03-23 21:29:00,2.9089,2.9099,2.9049,2.9049,2.9139,2.9149,2.9099,2.9099,20
2026-03-23 21:30:00,2.9044,2.9049,2.9034,2.9034,2.9094,2.9099,2.9084,2.9084,4
2026-03-23 21:31:00,2.9024,2.9034,2.9009,2.9029,2.9074,2.9084,2.9059,2.9079,8
2026-03-23 21:32:00,2.9034,2.9049,2.9029,2.9049,2.9084,2.9099,2.9079,2.9099,7
2026-03-23 21:34:00,2.9059,2.9069,2.9059,2.9059,2.9109,2.9119,2.9109,2.9109,5
2026-03-23 21:36:00,2.9049,2.9059,2.9024,2.9024,2.9099,2.9109,2.9074,2.9074,6
2026-03-23 21:37:00,2.9019,2.9019,2.8999,2.9009,2.9069,2.9069,2.9049,2.9059,14
2026-03-23 21:38:00,2.9004,2.9004,2.8994,2.8994,2.9054,2.9054,2.9044,2.9044,7
2026-03-23 21:39:00,2.8984,2.8984,2.8944,2.8944,2.9034,2.9034,2.8994,2.8994,18
2026-03-23 21:40:00,2.8949,2.8959,2.8939,2.8939,2.8999,2.9009,2.8989,2.8989,10
2026-03-23 21:41:00,2.8934,2.8934,2.8894,2.8909,2.8984,2.8984,2.8944,2.8959,15
2026-03-23 21:42:00,2.8904,2.8919,2.8904,2.8914,2.8954,2.8969,2.8954,2.8964,12
2026-03-23 21:43:00,2.8909,2.8949,2.8904,2.8949,2.8959,2.8999,2.8954,2.8999,21
2026-03-23 21:44:00,2.8944,2.8944,2.8899,2.8909,2.8994,2.8994,2.8949,2.8959,12
2026-03-23 21:45:00,2.8914,2.8929,2.8914,2.8924,2.8964,2.8979,2.8964,2.8974,5
2026-03-23 21:46:00,2.8929,2.8979,2.8929,2.8979,2.8979,2.9029,2.8979,2.9029,6
2026-03-23 21:47:00,2.8974,2.8979,2.8949,2.8949,2.9024,2.9029,2.8999,2.8999,6
2026-03-23 21:48:00,2.8954,2.8969,2.8954,2.8959,2.9004,2.9019,2.9004,2.9009,7
2026-03-23 21:49:00,2.8954,2.8954,2.8954,2.8954,2.9004,2.9004,2.9004,2.9004,1
2026-03-23 21:50:00,2.8959,2.8959,2.8954,2.8954,2.9009,2.9009,2.9004,2.9004,4
2026-03-23 21:51:00,2.8949,2.8954,2.8949,2.8949,2.8999,2.9004,2.8999,2.8999,3
2026-03-23 21:52:00,2.8954,2.8954,2.8934,2.8944,2.9004,2.9004,2.8984,2.8994,13
2026-03-23 21:53:00,2.8929,2.8964,2.8929,2.8964,2.8979,2.9014,2.8979,2.9014,11
2026-03-23 21:54:00,2.8969,2.8989,2.8949,2.8989,2.9019,2.9039,2.8999,2.9039,12
2026-03-23 21:55:00,2.8994,2.8994,2.8979,2.8989,2.9044,2.9044,2.9029,2.9039,7
2026-03-23 21:56:00,2.8994,2.8999,2.8959,2.8984,2.9044,2.9049,2.9009,2.9034,17
2026-03-23 21:57:00,2.8979,2.8984,2.8974,2.8984,2.9029,2.9034,2.9024,2.9034,3
2026-03-23 21:58:00,2.8989,2.8989,2.8989,2.8989,2.9039,2.9039,2.9039,2.9039,1
2026-03-23 21:59:00,2.8994,2.9086,2.8989,2.9066,2.9044,2.9121,2.9039,2.9116,26
2026-03-23 23:00:00,2.9056,2.9106,2.9001,2.9106,2.9106,2.9156,2.9051,2.9156,19
2026-03-23 23:01:00,2.9076,2.9206,2.9076,2.9131,2.9126,2.9256,2.9126,2.9181,15
2026-03-23 23:02:00,2.9136,2.9141,2.9131,2.9131,2.9186,2.9191,2.9181,2.9181,5
2026-03-23 23:03:00,2.9136,2.9196,2.9136,2.9191,2.9186,2.9246,2.9186,2.9241,15
2026-03-23 23:04:00,2.9176,2.9221,2.9171,2.9191,2.9226,2.9271,2.9221,2.9241,17
2026-03-23 23:05:00,2.9176,2.9176,2.9121,2.9126,2.9226,2.9226,2.9171,2.9176,10
2026-03-23 23:06:00,2.9121,2.9136,2.9121,2.9131,2.9171,2.9186,2.9171,2.9181,4
2026-03-23 23:07:00,2.9126,2.9136,2.9121,2.9121,2.9176,2.9186,2.9171,2.9171,6
2026-03-23 23:08:00,2.9126,2.9146,2.9126,2.9141,2.9176,2.9196,2.9176,2.9191,5
2026-03-23 23:09:00,2.9131,2.9141,2.9131,2.9141,2.9181,2.9191,2.9181,2.9191,3
2026-03-23 23:10:00,2.9136,2.9136,2.9096,2.9111,2.9186,2.9186,2.9146,2.9161,6
2026-03-23 23:11:00,2.9106,2.9121,2.9106,2.9121,2.9156,2.9171,2.9156,2.9171,3
2026-03-23 23:12:00,2.9106,2.9111,2.9096,2.9096,2.9156,2.9161,2.9146,2.9146,3
2026-03-23 23:13:00,2.9101,2.9111,2.9096,2.9096,2.9151,2.9161,2.9146,2.9146,3
2026-03-23 23:14:00,2.9091,2.9091,2.9076,2.9076,2.9141,2.9141,2.9126,2.9126,4
2026-03-23 23:15:00,2.9081,2.9081,2.9076,2.9081,2.9131,2.9131,2.9126,2.9131,3
2026-03-23 23:16:00,2.9091,2.9101,2.9091,2.9101,2.9141,2.9151,2.9141,2.9151,3
2026-03-23 23:17:00,2.9096,2.9096,2.9081,2.9086,2.9146,2.9146,2.9131,2.9136,6
2026-03-23 23:18:00,2.9091,2.9096,2.9091,2.9096,2.9141,2.9146,2.9141,2.9146,2
2026-03-23 23:21:00,2.9091,2.9096,2.9086,2.9086,2.9141,2.9146,2.9136,2.9136,4
2026-03-23 23:22:00,2.9091,2.9091,2.9086,2.9086,2.9141,2.9141,2.9136,2.9136,2
2026-03-23 23:23:00,2.9081,2.9081,2.9061,2.9066,2.9131,2.9131,2.9111,2.9116,7
2026-03-23 23:24:00,2.9071,2.9071,2.9066,2.9066,2.9121,2.9121,2.9116,2.9116,2
2026-03-23 23:25:00,2.9061,2.9086,2.9061,2.9086,2.9111,2.9136,2.9111,2.9136,4
2026-03-23 23:26:00,2.9081,2.9081,2.9081,2.9081,2.9131,2.9131,2.9131,2.9131,1
2026-03-23 23:27:00,2.9086,2.9091,2.9086,2.9091,2.9136,2.9141,2.9136,2.9141,2
2026-03-23 23:30:00,2.9086,2.9086,2.9081,2.9081,2.9136,2.9136,2.9131,2.9131,2
2026-03-23 23:32:00,2.9086,2.9086,2.9086,2.9086,2.9136,2.9136,2.9136,2.9136,1
2026-03-23 23:33:00,2.9081,2.9081,2.9081,2.9081,2.9131,2.9131,2.9131,2.9131,1
2026-03-23 23:35:00,2.9071,2.9081,2.9071,2.9076,2.9121,2.9131,2.9121,2.9126,3
2026-03-23 23:36:00,2.9071,2.9081,2.9071,2.9076,2.9121,2.9131,2.9121,2.9126,3
2026-03-23 23:37:00,2.9066,2.9071,2.9061,2.9071,2.9116,2.9121,2.9111,2.9121,3
2026-03-23 23:38:00,2.9076,2.9076,2.9076,2.9076,2.9126,2.9126,2.9126,2.9126,1
2026-03-23 23:40:00,2.9061,2.9061,2.9061,2.9061,2.9111,2.9111,2.9111,2.9111,1
2026-03-23 23:42:00,2.9066,2.9066,2.9066,2.9066,2.9116,2.9116,2.9116,2.9116,1
2026-03-23 23:43:00,2.9076,2.9086,2.9076,2.9086,2.9126,2.9136,2.9126,2.9136,3
2026-03-23 23:44:00,2.9071,2.9071,2.9056,2.9056,2.9121,2.9121,2.9106,2.9106,2
2026-03-23 23:45:00,2.9066,2.9066,2.9066,2.9066,2.9116,2.9116,2.9116,2.9116,1
2026-03-23 23:48:00,2.9056,2.9066,2.9056,2.9066,2.9106,2.9116,2.9106,2.9116,4
2026-03-23 23:50:00,2.9061,2.9061,2.9061,2.9061,2.9111,2.9111,2.9111,2.9111,1
2026-03-23 23:53:00,2.9036,2.9046,2.9011,2.9031,2.9086,2.9096,2.9061,2.9081,10
2026-03-23 23:54:00,2.9046,2.9056,2.9021,2.9021,2.9096,2.9106,2.9071,2.9071,8
2026-03-23 23:55:00,2.9016,2.9016,2.9011,2.9011,2.9066,2.9066,2.9061,2.9061,2
2026-03-23 23:56:00,2.8986,2.9001,2.8986,2.9001,2.9036,2.9051,2.9036,2.9051,3
2026-03-23 23:57:00,2.9006,2.9016,2.8996,2.8996,2.9056,2.9066,2.9046,2.9046,7
2026-03-23 23:58:00,2.9001,2.9001,2.9001,2.9001,2.9051,2.9051,2.9051,2.9051,1
2026-03-24 00:00:00,2.9011,2.9031,2.9011,2.9031,2.9061,2.9081,2.9061,2.9081,4
2026-03-24 00:01:00,2.9046,2.9051,2.9046,2.9051,2.9096,2.9101,2.9096,2.9101,2
2026-03-24 00:02:00,2.9056,2.9061,2.9056,2.9061,2.9106,2.9111,2.9106,2.9111,2
2026-03-24 00:03:00,2.9066,2.9066,2.9061,2.9061,2.9116,2.9116,2.9111,2.9111,2
2026-03-24 00:04:00,2.9051,2.9051,2.9051,2.9051,2.9101,2.9101,2.9101,2.9101,1
2026-03-24 00:07:00,2.9061,2.9066,2.9061,2.9061,2.9111,2.9116,2.9111,2.9111,3
2026-03-24 00:08:00,2.9071,2.9081,2.9066,2.9081,2.9121,2.9131,2.9116,2.9131,5
2026-03-24 00:10:00,2.9086,2.9086,2.9076,2.9076,2.9136,2.9136,2.9126,2.9126,2
2026-03-24 00:11:00,2.9081,2.9081,2.9081,2.9081,2.9131,2.9131,2.9131,2.9131,1
2026-03-24 00:12:00,2.9076,2.9076,2.9076,2.9076,2.9126,2.9126,2.9126,2.9126,1
2026-03-24 00:13:00,2.9091,2.9096,2.9086,2.9086,2.9141,2.9146,2.9136,2.9136,4
2026-03-24 00:14:00,2.9081,2.9081,2.9066,2.9066,2.9131,2.9131,2.9116,2.9116,3
2026-03-24 00:15:00,2.9071,2.9076,2.9056,2.9066,2.9121,2.9126,2.9106,2.9116,7
2026-03-24 00:16:00,2.9071,2.9071,2.9056,2.9056,2.9121,2.9121,2.9106,2.9106,2
2026-03-24 00:17:00,2.9046,2.9056,2.9046,2.9056,2.9096,2.9106,2.9096,2.9106,2
2026-03-24 00:18:00,2.9051,2.9051,2.9051,2.9051,2.9101,2.9101,2.9101,2.9101,1
2026-03-24 00:19:00,2.9056,2.9061,2.9056,2.9061,2.9106,2.9111,2.9106,2.9111,2
2026-03-24 00:20:00,2.9066,2.9066,2.9041,2.9041,2.9116,2.9116,2.9091,2.9091,5
2026-03-24 00:21:00,2.9031,2.9036,2.9011,2.9011,2.9081,2.9086,2.9061,2.9061,11
2026-03-24 00:22:00,2.9006,2.9006,2.9006,2.9006,2.9056,2.9056,2.9056,2.9056,1
2026-03-24 00:23:00,2.9011,2.9011,2.9006,2.9006,2.9061,2.9061,2.9056,2.9056,2
2026-03-24 00:24:00,2.9011,2.9016,2.9011,2.9016,2.9061,2.9066,2.9061,2.9066,2
2026-03-24 00:25:00,2.9021,2.9021,2.9006,2.9006,2.9071,2.9071,2.9056,2.9056,3
2026-03-24 00:26:00,2.9001,2.9001,2.8996,2.9001,2.9051,2.9051,2.9046,2.9051,3
2026-03-24 00:27:00,2.8996,2.9001,2.8996,2.9001,2.9046,2.9051,2.9046,2.9051,2
2026-03-24 00:28:00,2.9006,2.9006,2.9006,2.9006,2.9056,2.9056,2.9056,2.9056,1
2026-03-24 00:29:00,2.9001,2.9001,2.9001,2.9001,2.9051,2.9051,2.9051,2.9051,1
2026-03-24 00:30:00,2.9006,2.9016,2.9006,2.9011,2.9056,2.9066,2.9056,2.9061,6
2026-03-24 00:31:00,2.9006,2.9011,2.9006,2.9011,2.9056,2.9061,2.9056,2.9061,2
2026-03-24 00:32:00,2.9016,2.9031,2.9016,2.9031,2.9066,2.9081,2.9066,2.9081,7
2026-03-24 00:34:00,2.9036,2.9036,2.9021,2.9021,2.9086,2.9086,2.9071,2.9071,2
2026-03-24 00:36:00,2.9026,2.9026,2.9026,2.9026,2.9076,2.9076,2.9076,2.9076,1
2026-03-24 00:37:00,2.9031,2.9031,2.9031,2.9031,2.9081,2.9081,2.9081,2.9081,1
2026-03-24 00:38:00,2.9041,2.9041,2.9041,2.9041,2.9091,2.9091,2.9091,2.9091,1
2026-03-24 00:39:00,2.9036,2.9036,2.9036,2.9036,2.9086,2.9086,2.9086,2.9086,1
2026-03-24 00:42:00,2.9041,2.9041,2.9041,2.9041,2.9091,2.9091,2.9091,2.9091,1
2026-03-24 00:46:00,2.9046,2.9046,2.9041,2.9041,2.9096,2.9096,2.9091,2.9091,2
2026-03-24 00:49:00,2.9046,2.9051,2.9041,2.9041,2.9096,2.9101,2.9091,2.9091,5
2026-03-24 00:50:00,2.9056,2.9111,2.9056,2.9106,2.9106,2.9161,2.9106,2.9156,14
2026-03-24 00:51:00,2.9086,2.9086,2.9056,2.9081,2.9136,2.9136,2.9106,2.9131,12
2026-03-24 00:52:00,2.9076,2.9076,2.9071,2.9071,2.9126,2.9126,2.9121,2.9121,4
2026-03-24 00:53:00,2.9076,2.9111,2.9066,2.9091,2.9126,2.9161,2.9116,2.9141,14
2026-03-24 00:54:00,2.9086,2.9086,2.9086,2.9086,2.9136,2.9136,2.9136,2.9136,1
2026-03-24 00:55:00,2.9076,2.9091,2.9071,2.9091,2.9126,2.9141,2.9121,2.9141,3
2026-03-24 00:56:00,2.9086,2.9086,2.9076,2.9081,2.9136,2.9136,2.9126,2.9131,4
2026-03-24 00:57:00,2.9071,2.9086,2.9066,2.9066,2.9121,2.9136,2.9116,2.9116,5
2026-03-24 00:58:00,2.9071,2.9071,2.9071,2.9071,2.9121,2.9121,2.9121,2.9121,1
2026-03-24 00:59:00,2.9066,2.9066,2.9066,2.9066,2.9116,2.9116,2.9116,2.9116,1
2026-03-24 01:00:00,2.9061,2.9081,2.9051,2.9081,2.9111,2.9131,2.9101,2.9131,9
2026-03-24 01:01:00,2.9071,2.9111,2.9071,2.9111,2.9121,2.9161,2.9121,2.9161,7
2026-03-24 01:02:00,2.9106,2.9136,2.9106,2.9136,2.9156,2.9186,2.9156,2.9186,7
2026-03-24 01:03:00,2.9141,2.9161,2.9141,2.9161,2.9191,2.9211,2.9191,2.9211,4
2026-03-24 01:04:00,2.9166,2.9196,2.9166,2.9181,2.9216,2.9246,2.9216,2.9231,12
2026-03-24 01:05:00,2.9186,2.9186,2.9146,2.9156,2.9236,2.9236,2.9196,2.9206,18
2026-03-24 01:06:00,2.9146,2.9176,2.9141,2.9141,2.9196,2.9226,2.9191,2.9191,11
2026-03-24 01:07:00,2.9151,2.9171,2.9151,2.9151,2.9201,2.9221,2.9201,2.9201,11
2026-03-24 01:08:00,2.9156,2.9186,2.9156,2.9181,2.9206,2.9236,2.9206,2.9231,6
2026-03-24 01:09:00,2.9176,2.9186,2.9176,2.9186,2.9226,2.9236,2.9226,2.9236,11
2026-03-24 01:10:00,2.9181,2.9196,2.9166,2.9196,2.9231,2.9246,2.9216,2.9246,9
2026-03-24 01:11:00,2.9191,2.9211,2.9191,2.9201,2.9241,2.9261,2.9241,2.9251,4
2026-03-24 01:12:00,2.9206,2.9216,2.9201,2.9211,2.9256,2.9266,2.9251,2.9261,7
2026-03-24 01:13:00,2.9206,2.9206,2.9176,2.9176,2.9256,2.9256,2.9226,2.9226,13
2026-03-24 01:14:00,2.9171,2.9196,2.9161,2.9186,2.9221,2.9246,2.9211,2.9236,10
2026-03-24 01:15:00,2.9191,2.9191,2.9181,2.9181,2.9241,2.9241,2.9231,2.9231,3
2026-03-24 01:16:00,2.9161,2.9196,2.9161,2.9196,2.9211,2.9246,2.9211,2.9246,8
2026-03-24 01:17:00,2.9191,2.9216,2.9186,2.9216,2.9241,2.9266,2.9236,2.9266,10
2026-03-24 01:18:00,2.9201,2.9206,2.9161,2.9171,2.9251,2.9256,2.9211,2.9221,12
2026-03-24 01:19:00,2.9176,2.9186,2.9076,2.9096,2.9226,2.9236,2.9126,2.9146,15
2026-03-24 01:20:00,2.9091,2.9096,2.9081,2.9096,2.9141,2.9146,2.9131,2.9146,13
2026-03-24 01:21:00,2.9106,2.9171,2.9106,2.9161,2.9156,2.9221,2.9156,2.9211,14
2026-03-24 01:22:00,2.9166,2.9166,2.9156,2.9166,2.9216,2.9216,2.9206,2.9216,4
2026-03-24 01:23:00,2.9161,2.9161,2.9141,2.9146,2.9211,2.9211,2.9191,2.9196,6
2026-03-24 01:24:00,2.9151,2.9166,2.9151,2.9161,2.9201,2.9216,2.9201,2.9211,4
2026-03-24 01:25:00,2.9156,2.9161,2.9151,2.9151,2.9206,2.9211,2.9201,2.9201,5
2026-03-24 01:26:00,2.9156,2.9156,2.9146,2.9146,2.9206,2.9206,2.9196,2.9196,3
2026-03-24 01:27:00,2.9141,2.9156,2.9141,2.9141,2.9191,2.9206,2.9191,2.9191,5
2026-03-24 01:28:00,2.9131,2.9136,2.9116,2.9136,2.9181,2.9186,2.9166,2.9186,10
2026-03-24 01:29:00,2.9141,2.9176,2.9141,2.9176,2.9191,2.9226,2.9191,2.9226,5
2026-03-24 01:30:00,2.9171,2.9171,2.9131,2.9151,2.9221,2.9221,2.9181,2.9201,6
2026-03-24 01:31:00,2.9171,2.9181,2.9166,2.9181,2.9221,2.9231,2.9216,2.9231,7
2026-03-24 01:32:00,2.9196,2.9211,2.9196,2.9201,2.9246,2.9261,2.9246,2.9251,4
2026-03-24 01:34:00,2.9196,2.9201,2.9196,2.9196,2.9246,2.9251,2.9246,2.9246,3
2026-03-24 01:35:00,2.9201,2.9216,2.9201,2.9211,2.9251,2.9266,2.9251,2.9261,4
2026-03-24 01:36:00,2.9201,2.9226,2.9196,2.9226,2.9251,2.9276,2.9246,2.9276,6
2026-03-24 01:37:00,2.9221,2.9221,2.9221,2.9221,2.9271,2.9271,2.9271,2.9271,1
2026-03-24 01:38:00,2.9216,2.9256,2.9216,2.9246,2.9266,2.9306,2.9266,2.9296,11
2026-03-24 01:39:00,2.9236,2.9246,2.9216,2.9221,2.9286,2.9296,2.9266,2.9271,12
2026-03-24 01:40:00,2.9216,2.9241,2.9216,2.9231,2.9266,2.9291,2.9266,2.9281,5
2026-03-24 01:41:00,2.9241,2.9241,2.9241,2.9241,2.9291,2.9291,2.9291,2.9291,1
2026-03-24 01:42:00,2.9256,2.9296,2.9256,2.9286,2.9306,2.9346,2.9306,2.9336,7
2026-03-24 01:43:00,2.9276,2.9291,2.9276,2.9281,2.9326,2.9341,2.9326,2.9331,5
2026-03-24 01:44:00,2.9276,2.9311,2.9266,2.9306,2.9326,2.9361,2.9316,2.9356,16
2026-03-24 01:45:00,2.9301,2.9311,2.9281,2.9281,2.9351,2.9361,2.9331,2.9331,14
2026-03-24 01:46:00,2.9271,2.9286,2.9271,2.9271,2.9321,2.9336,2.9321,2.9321,3
2026-03-24 01:47:00,2.9261,2.9266,2.9256,2.9266,2.9311,2.9316,2.9306,2.9316,6
2026-03-24 01:48:00,2.9261,2.9296,2.9261,2.9291,2.9311,2.9346,2.9311,2.9341,7
2026-03-24 01:49:00,2.9296,2.9296,2.9281,2.9286,2.9346,2.9346,2.9331,2.9336,3
2026-03-24 01:50:00,2.9296,2.9301,2.9291,2.9291,2.9346,2.9351,2.9341,2.9341,13
2026-03-24 01:51:00,2.9286,2.9291,2.9281,2.9281,2.9336,2.9341,2.9331,2.9331,4
2026-03-24 01:52:00,2.9271,2.9271,2.9261,2.9266,2.9321,2.9321,2.9311,2.9316,4
2026-03-24 01:53:00,2.9271,2.9281,2.9261,2.9266,2.9321,2.9331,2.9311,2.9316,9
2026-03-24 01:54:00,2.9261,2.9266,2.9261,2.9266,2.9311,2.9316,2.9311,2.9316,2
2026-03-24 01:55:00,2.9271,2.9271,2.9266,2.9266,2.9321,2.9321,2.9316,2.9316,2
2026-03-24 01:56:00,2.9261,2.9296,2.9261,2.9286,2.9311,2.9346,2.9311,2.9336,7
2026-03-24 01:57:00,2.9281,2.9281,2.9266,2.9271,2.9331,2.9331,2.9316,2.9321,5
2026-03-24 01:58:00,2.9266,2.9271,2.9261,2.9261,2.9316,2.9321,2.9311,2.9311,5
2026-03-24 01:59:00,2.9266,2.9266,2.9256,2.9256,2.9316,2.9316,2.9306,2.9306,3
2026-03-24 02:00:00,2.9261,2.9286,2.9261,2.9286,2.9311,2.9336,2.9311,2.9336,9
2026-03-24 02:01:00,2.9281,2.9286,2.9266,2.9266,2.9331,2.9336,2.9316,2.9316,4
2026-03-24 02:02:00,2.9271,2.9301,2.9271,2.9301,2.9321,2.9351,2.9321,2.9351,13
2026-03-24 02:03:00,2.9296,2.9296,2.9291,2.9291,2.9346,2.9346,2.9341,2.9341,2
2026-03-24 02:04:00,2.9301,2.9306,2.9296,2.9306,2.9351,2.9356,2.9346,2.9356,4
2026-03-24 02:05:00,2.9311,2.9321,2.9296,2.9311,2.9361,2.9371,2.9346,2.9361,6
2026-03-24 02:06:00,2.9306,2.9326,2.9306,2.9321,2.9356,2.9376,2.9356,2.9371,4
2026-03-24 02:07:00,2.9326,2.9326,2.9321,2.9321,2.9376,2.9376,2.9371,2.9371,2
2026-03-24 02:08:00,2.9316,2.9316,2.9306,2.9316,2.9366,2.9366,2.9356,2.9366,4
2026-03-24 02:09:00,2.9321,2.9336,2.9316,2.9326,2.9371,2.9386,2.9366,2.9376,8
2026-03-24 02:10:00,2.9321,2.9336,2.9321,2.9326,2.9371,2.9386,2.9371,2.9376,5
2026-03-24 02:11:00,2.9331,2.9331,2.9311,2.9311,2.9381,2.9381,2.9361,2.9361,6
2026-03-24 02:12:00,2.9306,2.9316,2.9286,2.9291,2.9356,2.9366,2.9336,2.9341,12
2026-03-24 02:13:00,2.9296,2.9316,2.9291,2.9306,2.9346,2.9366,2.9341,2.9356,30
2026-03-24 02:14:00,2.9301,2.9311,2.9291,2.9311,2.9351,2.9361,2.9341,2.9361,5
2026-03-24 02:15:00,2.9296,2.9301,2.9291,2.9291,2.9346,2.9351,2.9341,2.9341,3
2026-03-24 02:16:00,2.9306,2.9311,2.9306,2.9311,2.9356,2.9361,2.9356,2.9361,2
2026-03-24 02:17:00,2.9316,2.9326,2.9316,2.9326,2.9366,2.9376,2.9366,2.9376,5
2026-03-24 02:18:00,2.9331,2.9336,2.9331,2.9331,2.9381,2.9386,2.9381,2.9381,3
2026-03-24 02:19:00,2.9341,2.9346,2.9331,2.9341,2.9391,2.9396,2.9381,2.9391,10
2026-03-24 02:20:00,2.9336,2.9351,2.9336,2.9351,2.9386,2.9401,2.9386,2.9401,13
2026-03-24 02:21:00,2.9346,2.9346,2.9336,2.9341,2.9396,2.9396,2.9386,2.9391,5
2026-03-24 02:22:00,2.9346,2.9376,2.9341,2.9366,2.9396,2.9426,2.9391,2.9416,18
2026-03-24 02:23:00,2.9356,2.9361,2.9341,2.9341,2.9406,2.9411,2.9391,2.9391,6
2026-03-24 02:24:00,2.9331,2.9331,2.9321,2.9326,2.9381,2.9381,2.9371,2.9376,4
2026-03-24 02:25:00,2.9321,2.9336,2.9321,2.9336,2.9371,2.9386,2.9371,2.9386,3
2026-03-24 02:26:00,2.9331,2.9336,2.9301,2.9311,2.9381,2.9386,2.9351,2.9361,9
2026-03-24 02:28:00,2.9301,2.9321,2.9291,2.9321,2.9351,2.9371,2.9341,2.9371,8
2026-03-24 02:29:00,2.9311,2.9361,2.9311,2.9361,2.9361,2.9411,2.9361,2.9411,16
2026-03-24 02:30:00,2.9356,2.9356,2.9311,2.9311,2.9406,2.9406,2.9361,2.9361,20
2026-03-24 02:31:00,2.9306,2.9316,2.9281,2.9311,2.9356,2.9366,2.9331,2.9361,17
2026-03-24 02:32:00,2.9326,2.9326,2.9316,2.9321,2.9376,2.9376,2.9366,2.9371,5
2026-03-24 02:33:00,2.9326,2.9366,2.9321,2.9351,2.9376,2.9416,2.9371,2.9401,12
2026-03-24 02:34:00,2.9346,2.9351,2.9346,2.9351,2.9396,2.9401,2.9396,2.9401,4
2026-03-24 02:35:00,2.9346,2.9356,2.9321,2.9351,2.9396,2.9406,2.9371,2.9401,9
2026-03-24 02:36:00,2.9346,2.9346,2.9331,2.9331,2.9396,2.9396,2.9381,2.9381,3
2026-03-24 02:37:00,2.9336,2.9351,2.9336,2.9351,2.9386,2.9401,2.9386,2.9401,7
2026-03-24 02:38:00,2.9346,2.9346,2.9326,2.9326,2.9396,2.9396,2.9376,2.9376,8
2026-03-24 02:39:00,2.9316,2.9326,2.9316,2.9326,2.9366,2.9376,2.9366,2.9376,4
2026-03-24 02:40:00,2.9331,2.9341,2.9331,2.9336,2.9381,2.9391,2.9381,2.9386,4
2026-03-24 02:41:00,2.9331,2.9331,2.9306,2.9306,2.9381,2.9381,2.9356,2.9356,6
2026-03-24 02:42:00,2.9316,2.9316,2.9306,2.9316,2.9366,2.9366,2.9356,2.9366,7
2026-03-24 02:43:00,2.9321,2.9441,2.9316,2.9426,2.9371,2.9491,2.9366,2.9476,28
2026-03-24 02:44:00,2.9416,2.9431,2.9416,2.9426,2.9466,2.9481,2.9466,2.9476,6
2026-03-24 02:45:00,2.9431,2.9486,2.9431,2.9466,2.9481,2.9536,2.9481,2.9516,13
2026-03-24 02:46:00,2.9456,2.9466,2.9451,2.9451,2.9506,2.9516,2.9501,2.9501,5
2026-03-24 02:47:00,2.9446,2.9476,2.9446,2.9476,2.9496,2.9526,2.9496,2.9526,8
2026-03-24 02:48:00,2.9481,2.9496,2.9476,2.9486,2.9531,2.9546,2.9526,2.9536,9
2026-03-24 02:49:00,2.9496,2.9526,2.9476,2.9476,2.9546,2.9576,2.9526,2.9526,20
2026-03-24 02:50:00,2.9471,2.9491,2.9446,2.9446,2.9521,2.9541,2.9496,2.9496,14
2026-03-24 02:51:00,2.9441,2.9481,2.9431,2.9461,2.9491,2.9531,2.9481,2.9511,42
2026-03-24 02:52:00,2.9456,2.9476,2.9446,2.9476,2.9506,2.9526,2.9496,2.9526,10
2026-03-24 02:53:00,2.9471,2.9496,2.9471,2.9481,2.9521,2.9546,2.9521,2.9531,6
2026-03-24 02:54:00,2.9471,2.9471,2.9436,2.9466,2.9521,2.9521,2.9486,2.9516,11
2026-03-24 02:55:00,2.9451,2.9456,2.9451,2.9451,2.9501,2.9506,2.9501,2.9501,3
2026-03-24 02:56:00,2.9441,2.9441,2.9441,2.9441,2.9491,2.9491,2.9491,2.9491,1
2026-03-24 02:57:00,2.9446,2.9451,2.9446,2.9446,2.9496,2.9501,2.9496,2.9496,3
2026-03-24 02:58:00,2.9451,2.9451,2.9446,2.9446,2.9501,2.9501,2.9496,2.9496,4
2026-03-24 02:59:00,2.9441,2.9446,2.9436,2.9446,2.9491,2.9496,2.9486,2.9496,4
2026-03-24 03:00:00,2.9441,2.9441,2.9371,2.9401,2.9491,2.9491,2.9421,2.9451,17
2026-03-24 03:01:00,2.9411,2.9416,2.9411,2.9411,2.9461,2.9466,2.9461,2.9461,3
2026-03-24 03:02:00,2.9421,2.9431,2.9421,2.9426,2.9471,2.9481,2.9471,2.9476,5
2026-03-24 03:03:00,2.9421,2.9441,2.9421,2.9441,2.9471,2.9491,2.9471,2.9491,4
2026-03-24 03:04:00,2.9436,2.9436,2.9436,2.9436,2.9486,2.9486,2.9486,2.9486,1
2026-03-24 03:05:00,2.9441,2.9451,2.9421,2.9421,2.9491,2.9501,2.9471,2.9471,7
2026-03-24 03:06:00,2.9431,2.9431,2.9426,2.9426,2.9481,2.9481,2.9476,2.9476,2
2026-03-24 03:07:00,2.9421,2.9421,2.9396,2.9401,2.9471,2.9471,2.9446,2.9451,5
2026-03-24 03:08:00,2.9396,2.9396,2.9396,2.9396,2.9446,2.9446,2.9446,2.9446,1
2026-03-24 03:09:00,2.9386,2.9396,2.9376,2.9376,2.9436,2.9446,2.9426,2.9426,8
2026-03-24 03:10:00,2.9386,2.9396,2.9371,2.9371,2.9436,2.9446,2.9421,2.9421,7
2026-03-24 03:11:00,2.9366,2.9366,2.9351,2.9356,2.9416,2.9416,2.9401,2.9406,4
2026-03-24 03:12:00,2.9351,2.9356,2.9351,2.9356,2.9401,2.9406,2.9401,2.9406,2
2026-03-24 03:13:00,2.9351,2.9351,2.9346,2.9346,2.9401,2.9401,2.9396,2.9396,2
2026-03-24 03:14:00,2.9351,2.9351,2.9331,2.9336,2.9401,2.9401,2.9381,2.9386,5
2026-03-24 03:15:00,2.9346,2.9356,2.9321,2.9331,2.9396,2.9406,2.9371,2.9381,16
2026-03-24 03:16:00,2.9336,2.9346,2.9336,2.9341,2.9386,2.9396,2.9386,2.9391,7
2026-03-24 03:17:00,2.9336,2.9341,2.9336,2.9341,2.9386,2.9391,2.9386,2.9391,2
2026-03-24 03:18:00,2.9346,2.9356,2.9341,2.9341,2.9396,2.9406,2.9391,2.9391,5
2026-03-24 03:19:00,2.9351,2.9381,2.9336,2.9346,2.9401,2.9431,2.9386,2.9396,16
2026-03-24 03:20:00,2.9341,2.9346,2.9341,2.9346,2.9391,2.9396,2.9391,2.9396,2
2026-03-24 03:21:00,2.9341,2.9351,2.9341,2.9351,2.9391,2.9401,2.9391,2.9401,2
2026-03-24 03:22:00,2.9356,2.9366,2.9356,2.9361,2.9406,2.9416,2.9406,2.9411,9
2026-03-24 03:23:00,2.9366,2.9366,2.9356,2.9366,2.9416,2.9416,2.9406,2.9416,6
2026-03-24 03:24:00,2.9371,2.9371,2.9341,2.9341,2.9421,2.9421,2.9391,2.9391,12
2026-03-24 03:25:00,2.9336,2.9341,2.9316,2.9321,2.9386,2.9391,2.9366,2.9371,12
2026-03-24 03:26:00,2.9316,2.9321,2.9311,2.9311,2.9366,2.9371,2.9361,2.9361,5
2026-03-24 03:27:00,2.9316,2.9316,2.9306,2.9311,2.9366,2.9366,2.9356,2.9361,8
2026-03-24 03:28:00,2.9306,2.9311,2.9306,2.9311,2.9356,2.9361,2.9356,2.9361,2
2026-03-24 03:29:00,2.9306,2.9306,2.9296,2.9296,2.9356,2.9356,2.9346,2.9346,2
2026-03-24 03:30:00,2.9286,2.9301,2.9286,2.9301,2.9336,2.9351,2.9336,2.9351,7
2026-03-24 03:31:00,2.9291,2.9316,2.9291,2.9316,2.9341,2.9366,2.9341,2.9366,5
2026-03-24 03:32:00,2.9321,2.9321,2.9306,2.9306,2.9371,2.9371,2.9356,2.9356,5
2026-03-24 03:33:00,2.9296,2.9296,2.9296,2.9296,2.9346,2.9346,2.9346,2.9346,1
2026-03-24 03:34:00,2.9291,2.9291,2.9276,2.9286,2.9341,2.9341,2.9326,2.9336,8
2026-03-24 03:35:00,2.9281,2.9286,2.9256,2.9261,2.9331,2.9336,2.9306,2.9311,14
2026-03-24 03:36:00,2.9256,2.9286,2.9256,2.9281,2.9306,2.9336,2.9306,2.9331,6
2026-03-24 03:37:00,2.9286,2.9301,2.9281,2.9296,2.9336,2.9351,2.9331,2.9346,5
2026-03-24 03:38:00,2.9291,2.9291,2.9266,2.9276,2.9341,2.9341,2.9316,2.9326,7
2026-03-24 03:40:00,2.9286,2.9306,2.9271,2.9301,2.9336,2.9356,2.9321,2.9351,15
2026-03-24 03:41:00,2.9306,2.9316,2.9296,2.9296,2.9356,2.9366,2.9346,2.9346,6
2026-03-24 03:42:00,2.9291,2.9316,2.9281,2.9306,2.9341,2.9366,2.9331,2.9356,7
2026-03-24 03:43:00,2.9311,2.9311,2.9296,2.9306,2.9361,2.9361,2.9346,2.9356,5
2026-03-24 03:45:00,2.9301,2.9301,2.9301,2.9301,2.9351,2.9351,2.9351,2.9351,1
2026-03-24 03:46:00,2.9306,2.9311,2.9301,2.9301,2.9356,2.9361,2.9351,2.9351,7
2026-03-24 03:47:00,2.9296,2.9331,2.9296,2.9316,2.9346,2.9381,2.9346,2.9366,7
2026-03-24 03:48:00,2.9321,2.9336,2.9316,2.9331,2.9371,2.9386,2.9366,2.9381,10
2026-03-24 03:49:00,2.9326,2.9326,2.9311,2.9316,2.9376,2.9376,2.9361,2.9366,8
2026-03-24 03:50:00,2.9321,2.9336,2.9321,2.9336,2.9371,2.9386,2.9371,2.9386,4
2026-03-24 03:51:00,2.9341,2.9341,2.9336,2.9336,2.9391,2.9391,2.9386,2.9386,2
2026-03-24 03:52:00,2.9346,2.9346,2.9311,2.9311,2.9396,2.9396,2.9361,2.9361,7
2026-03-24 03:53:00,2.9301,2.9301,2.9301,2.9301,2.9351,2.9351,2.9351,2.9351,1
2026-03-24 03:54:00,2.9311,2.9311,2.9301,2.9301,2.9361,2.9361,2.9351,2.9351,3
2026-03-24 03:55:00,2.9296,2.9311,2.9296,2.9311,2.9346,2.9361,2.9346,2.9361,9
2026-03-24 03:57:00,2.9306,2.9306,2.9296,2.9296,2.9356,2.9356,2.9346,2.9346,7
2026-03-24 03:59:00,2.9291,2.9291,2.9281,2.9281,2.9341,2.9341,2.9331,2.9331,2
2026-03-24 04:00:00,2.9276,2.9301,2.9276,2.9301,2.9326,2.9351,2.9326,2.9351,10
2026-03-24 04:04:00,2.9306,2.9306,2.9296,2.9301,2.9356,2.9356,2.9346,2.9351,4
2026-03-24 04:05:00,2.9291,2.9306,2.9291,2.9301,2.9341,2.9356,2.9341,2.9351,5
2026-03-24 04:06:00,2.9296,2.9301,2.9291,2.9291,2.9346,2.9351,2.9341,2.9341,6
2026-03-24 04:07:00,2.9296,2.9306,2.9296,2.9296,2.9346,2.9356,2.9346,2.9346,4
2026-03-24 04:08:00,2.9291,2.9291,2.9291,2.9291,2.9341,2.9341,2.9341,2.9341,1
2026-03-24 04:09:00,2.9286,2.9291,2.9286,2.9291,2.9336,2.9341,2.9336,2.9341,2
2026-03-24 04:10:00,2.9296,2.9311,2.9296,2.9311,2.9346,2.9361,2.9346,2.9361,4
2026-03-24 04:11:00,2.9326,2.9326,2.9311,2.9321,2.9376,2.9376,2.9361,2.9371,7
2026-03-24 04:12:00,2.9311,2.9311,2.9311,2.9311,2.9361,2.9361,2.9361,2.9361,1
2026-03-24 04:13:00,2.9316,2.9316,2.9311,2.9311,2.9366,2.9366,2.9361,2.9361,2
2026-03-24 04:15:00,2.9316,2.9316,2.9311,2.9311,2.9366,2.9366,2.9361,2.9361,2
2026-03-24 04:16:00,2.9296,2.9311,2.9291,2.9291,2.9346,2.9361,2.9341,2.9341,5
2026-03-24 04:17:00,2.9301,2.9301,2.9296,2.9296,2.9351,2.9351,2.9346,2.9346,28
2026-03-24 04:18:00,2.9286,2.9286,2.9266,2.9281,2.9336,2.9336,2.9316,2.9331,7
2026-03-24 04:22:00,2.9286,2.9286,2.9286,2.9286,2.9336,2.9336,2.9336,2.9336,1
2026-03-24 04:23:00,2.9291,2.9291,2.9291,2.9291,2.9341,2.9341,2.9341,2.9341,1
2026-03-24 04:25:00,2.9296,2.9296,2.9276,2.9276,2.9346,2.9346,2.9326,2.9326,3
2026-03-24 04:26:00,2.9281,2.9281,2.9281,2.9281,2.9331,2.9331,2.9331,2.9331,1
2026-03-24 04:30:00,2.9276,2.9336,2.9276,2.9336,2.9326,2.9386,2.9326,2.9386,43
2026-03-24 04:31:00,2.9326,2.9386,2.9326,2.9376,2.9376,2.9436,2.9376,2.9426,40
2026-03-24 04:32:00,2.9381,2.9391,2.9371,2.9376,2.9431,2.9441,2.9421,2.9426,26
2026-03-24 04:33:00,2.9371,2.9371,2.9311,2.9316,2.9421,2.9421,2.9361,2.9366,17
2026-03-24 04:34:00,2.9311,2.9326,2.9266,2.9276,2.9361,2.9376,2.9316,2.9326,25
2026-03-24 04:35:00,2.9281,2.9326,2.9276,2.9306,2.9331,2.9376,2.9326,2.9356,13
2026-03-24 04:36:00,2.9301,2.9326,2.9286,2.9321,2.9351,2.9376,2.9336,2.9371,18
2026-03-24 04:37:00,2.9316,2.9336,2.9311,2.9316,2.9366,2.9386,2.9361,2.9366,25
2026-03-24 04:38:00,2.9311,2.9311,2.9301,2.9311,2.9361,2.9361,2.9351,2.9361,16
2026-03-24 04:39:00,2.9316,2.9331,2.9311,2.9321,2.9366,2.9381,2.9361,2.9371,19
2026-03-24 04:40:00,2.9326,2.9331,2.9321,2.9326,2.9376,2.9381,2.9371,2.9376,12
2026-03-24 04:41:00,2.9321,2.9321,2.9301,2.9306,2.9371,2.9371,2.9351,2.9356,10
2026-03-24 04:42:00,2.9301,2.9316,2.9301,2.9316,2.9351,2.9366,2.9351,2.9366,9
2026-03-24 04:43:00,2.9326,2.9326,2.9311,2.9321,2.9376,2.9376,2.9361,2.9371,10
2026-03-24 04:44:00,2.9316,2.9321,2.9311,2.9321,2.9366,2.9371,2.9361,2.9371,4
2026-03-24 04:45:00,2.9316,2.9316,2.9286,2.9286,2.9366,2.9366,2.9336,2.9336,5
2026-03-24 04:46:00,2.9291,2.9301,2.9291,2.9301,2.9341,2.9351,2.9341,2.9351,3
2026-03-24 04:47:00,2.9296,2.9296,2.9276,2.9276,2.9346,2.9346,2.9326,2.9326,7
2026-03-24 04:48:00,2.9271,2.9271,2.9271,2.9271,2.9321,2.9321,2.9321,2.9321,1
2026-03-24 04:49:00,2.9266,2.9281,2.9266,2.9281,2.9316,2.9331,2.9316,2.9331,8
2026-03-24 04:50:00,2.9286,2.9286,2.9266,2.9281,2.9336,2.9336,2.9316,2.9331,8
2026-03-24 04:51:00,2.9276,2.9286,2.9271,2.9271,2.9326,2.9336,2.9321,2.9321,7
2026-03-24 04:52:00,2.9266,2.9316,2.9266,2.9306,2.9316,2.9366,2.9316,2.9356,11
2026-03-24 04:53:00,2.9311,2.9321,2.9296,2.9316,2.9361,2.9371,2.9346,2.9366,10
2026-03-24 04:54:00,2.9321,2.9321,2.9296,2.9296,2.9371,2.9371,2.9346,2.9346,9
2026-03-24 04:55:00,2.9301,2.9306,2.9271,2.9271,2.9351,2.9356,2.9321,2.9321,7
2026-03-24 04:56:00,2.9261,2.9281,2.9261,2.9281,2.9311,2.9331,2.9311,2.9331,7
2026-03-24 04:57:00,2.9291,2.9291,2.9286,2.9291,2.9341,2.9341,2.9336,2.9341,5
2026-03-24 04:58:00,2.9286,2.9306,2.9286,2.9306,2.9336,2.9356,2.9336,2.9356,8
2026-03-24 04:59:00,2.9311,2.9326,2.9296,2.9311,2.9361,2.9376,2.9346,2.9361,22
2026-03-24 05:00:00,2.9306,2.9341,2.9276,2.9326,2.9356,2.9391,2.9326,2.9376,34
2026-03-24 05:01:00,2.9321,2.9361,2.9321,2.9356,2.9371,2.9411,2.9371,2.9406,13
2026-03-24 05:02:00,2.9346,2.9361,2.9346,2.9361,2.9396,2.9411,2.9396,2.9411,10
2026-03-24 05:03:00,2.9366,2.9366,2.9366,2.9366,2.9416,2.9416,2.9416,2.9416,1
2026-03-24 05:04:00,2.9381,2.9406,2.9376,2.9386,2.9431,2.9456,2.9426,2.9436,13
2026-03-24 05:05:00,2.9391,2.9431,2.9386,2.9421,2.9441,2.9481,2.9436,2.9471,11
2026-03-24 05:06:00,2.9416,2.9436,2.9411,2.9431,2.9466,2.9486,2.9461,2.9481,11
2026-03-24 05:07:00,2.9426,2.9426,2.9406,2.9406,2.9476,2.9476,2.9456,2.9456,9
2026-03-24 05:08:00,2.9411,2.9426,2.9411,2.9421,2.9461,2.9476,2.9461,2.9471,10
2026-03-24 05:09:00,2.9426,2.9446,2.9421,2.9421,2.9476,2.9496,2.9471,2.9471,20
2026-03-24 05:10:00,2.9431,2.9441,2.9431,2.9441,2.9481,2.9491,2.9481,2.9491,3
2026-03-24 05:11:00,2.9436,2.9441,2.9421,2.9421,2.9486,2.9491,2.9471,2.9471,10
2026-03-24 05:12:00,2.9416,2.9416,2.9401,2.9406,2.9466,2.9466,2.9451,2.9456,6
2026-03-24 05:13:00,2.9401,2.9416,2.9376,2.9411,2.9451,2.9466,2.9426,2.9461,25
2026-03-24 05:14:00,2.9421,2.9421,2.9406,2.9406,2.9471,2.9471,2.9456,2.9456,4
2026-03-24 05:15:00,2.9411,2.9436,2.9411,2.9436,2.9461,2.9486,2.9461,2.9486,10
2026-03-24 05:16:00,2.9441,2.9456,2.9431,2.9446,2.9491,2.9506,2.9481,2.9496,15
2026-03-24 05:17:00,2.9441,2.9446,2.9406,2.9416,2.9491,2.9496,2.9456,2.9466,19
2026-03-24 05:18:00,2.9411,2.9426,2.9406,2.9416,2.9461,2.9476,2.9456,2.9466,13
2026-03-24 05:19:00,2.9411,2.9416,2.9406,2.9411,2.9461,2.9466,2.9456,2.9461,7
2026-03-24 05:20:00,2.9416,2.9426,2.9416,2.9421,2.9466,2.9476,2.9466,2.9471,6
2026-03-24 05:21:00,2.9426,2.9446,2.9426,2.9441,2.9476,2.9496,2.9476,2.9491,4
2026-03-24 05:22:00,2.9446,2.9451,2.9446,2.9451,2.9496,2.9501,2.9496,2.9501,2
2026-03-24 05:23:00,2.9446,2.9446,2.9426,2.9431,2.9496,2.9496,2.9476,2.9481,6
2026-03-24 05:24:00,2.9426,2.9441,2.9426,2.9441,2.9476,2.9491,2.9476,2.9491,5
2026-03-24 05:25:00,2.9431,2.9446,2.9431,2.9446,2.9481,2.9496,2.9481,2.9496,7
2026-03-24 05:26:00,2.9441,2.9456,2.9441,2.9451,2.9491,2.9506,2.9491,2.9501,7
2026-03-24 05:27:00,2.9446,2.9446,2.9446,2.9446,2.9496,2.9496,2.9496,2.9496,1
2026-03-24 05:28:00,2.9451,2.9451,2.9441,2.9441,2.9501,2.9501,2.9491,2.9491,3
2026-03-24 05:29:00,2.9446,2.9446,2.9436,2.9441,2.9496,2.9496,2.9486,2.9491,5
2026-03-24 05:30:00,2.9446,2.9451,2.9446,2.9451,2.9496,2.9501,2.9496,2.9501,2
2026-03-24 05:31:00,2.9456,2.9496,2.9456,2.9476,2.9506,2.9546,2.9506,2.9526,11
2026-03-24 05:32:00,2.9481,2.9481,2.9481,2.9481,2.9531,2.9531,2.9531,2.9531,1
2026-03-24 05:33:00,2.9476,2.9476,2.9476,2.9476,2.9526,2.9526,2.9526,2.9526,1
2026-03-24 05:34:00,2.9486,2.9486,2.9476,2.9486,2.9536,2.9536,2.9526,2.9536,4
2026-03-24 05:35:00,2.9496,2.9496,2.9486,2.9496,2.9546,2.9546,2.9536,2.9546,5
2026-03-24 05:36:00,2.9486,2.9496,2.9486,2.9496,2.9536,2.9546,2.9536,2.9546,3
2026-03-24 05:37:00,2.9491,2.9506,2.9491,2.9506,2.9541,2.9556,2.9541,2.9556,9
2026-03-24 05:38:00,2.9501,2.9506,2.9476,2.9476,2.9551,2.9556,2.9526,2.9526,15
2026-03-24 05:39:00,2.9481,2.9491,2.9481,2.9486,2.9531,2.9541,2.9531,2.9536,9
2026-03-24 05:40:00,2.9491,2.9506,2.9491,2.9506,2.9541,2.9556,2.9541,2.9556,3
2026-03-24 05:41:00,2.9501,2.9506,2.9496,2.9506,2.9551,2.9556,2.9546,2.9556,3
2026-03-24 05:42:00,2.9501,2.9501,2.9486,2.9491,2.9551,2.9551,2.9536,2.9541,4
2026-03-24 05:43:00,2.9496,2.9496,2.9456,2.9456,2.9546,2.9546,2.9506,2.9506,17
2026-03-24 05:44:00,2.9466,2.9471,2.9456,2.9461,2.9516,2.9521,2.9506,2.9511,10
2026-03-24 05:45:00,2.9466,2.9466,2.9461,2.9461,2.9516,2.9516,2.9511,2.9511,2
2026-03-24 05:46:00,2.9456,2.9471,2.9456,2.9471,2.9506,2.9521,2.9506,2.9521,4
2026-03-24 05:47:00,2.9466,2.9466,2.9441,2.9441,2.9516,2.9516,2.9491,2.9491,6
2026-03-24 05:48:00,2.9436,2.9436,2.9436,2.9436,2.9486,2.9486,2.9486,2.9486,1
2026-03-24 05:49:00,2.9431,2.9431,2.9421,2.9421,2.9481,2.9481,2.9471,2.9471,3
2026-03-24 05:50:00,2.9426,2.9426,2.9386,2.9401,2.9476,2.9476,2.9436,2.9451,25
2026-03-24 05:51:00,2.9411,2.9421,2.9406,2.9411,2.9461,2.9471,2.9456,2.9461,10
2026-03-24 05:52:00,2.9406,2.9406,2.9386,2.9391,2.9456,2.9456,2.9436,2.9441,8
2026-03-24 05:53:00,2.9396,2.9421,2.9396,2.9421,2.9446,2.9471,2.9446,2.9471,5
2026-03-24 05:54:00,2.9416,2.9421,2.9416,2.9421,2.9466,2.9471,2.9466,2.9471,2
2026-03-24 05:55:00,2.9431,2.9441,2.9426,2.9441,2.9481,2.9491,2.9476,2.9491,6
2026-03-24 05:56:00,2.9436,2.9456,2.9436,2.9451,2.9486,2.9506,2.9486,2.9501,6
2026-03-24 05:57:00,2.9456,2.9476,2.9451,2.9476,2.9506,2.9526,2.9501,2.9526,8
2026-03-24 05:58:00,2.9481,2.9486,2.9466,2.9476,2.9531,2.9536,2.9516,2.9526,9
2026-03-24 05:59:00,2.9481,2.9486,2.9476,2.9486,2.9531,2.9536,2.9526,2.9536,4
2026-03-24 06:00:00,2.9481,2.9496,2.9481,2.9491,2.9531,2.9546,2.9531,2.9541,5
2026-03-24 06:01:00,2.9486,2.9486,2.9466,2.9466,2.9536,2.9536,2.9516,2.9516,6
2026-03-24 06:02:00,2.9471,2.9486,2.9456,2.9461,2.9521,2.9536,2.9506,2.9511,13
2026-03-24 06:03:00,2.9456,2.9466,2.9456,2.9461,2.9506,2.9516,2.9506,2.9511,4
2026-03-24 06:04:00,2.9466,2.9476,2.9436,2.9456,2.9516,2.9526,2.9486,2.9506,18
2026-03-24 06:05:00,2.9446,2.9446,2.9396,2.9396,2.9496,2.9496,2.9446,2.9446,29
2026-03-24 06:06:00,2.9401,2.9436,2.9401,2.9416,2.9451,2.9486,2.9451,2.9466,16
2026-03-24 06:07:00,2.9421,2.9441,2.9421,2.9441,2.9471,2.9491,2.9471,2.9491,6
2026-03-24 06:08:00,2.9436,2.9441,2.9421,2.9426,2.9486,2.9491,2.9471,2.9476,6
2026-03-24 06:09:00,2.9436,2.9461,2.9421,2.9461,2.9486,2.9511,2.9471,2.9511,23
2026-03-24 06:10:00,2.9466,2.9466,2.9466,2.9466,2.9516,2.9516,2.9516,2.9516,1
2026-03-24 06:11:00,2.9481,2.9511,2.9481,2.9491,2.9531,2.9561,2.9531,2.9541,16
2026-03-24 06:12:00,2.9486,2.9486,2.9486,2.9486,2.9536,2.9536,2.9536,2.9536,1
2026-03-24 06:13:00,2.9491,2.9491,2.9481,2.9481,2.9541,2.9541,2.9531,2.9531,5
2026-03-24 06:15:00,2.9476,2.9481,2.9456,2.9481,2.9526,2.9531,2.9506,2.9531,7
2026-03-24 06:16:00,2.9491,2.9491,2.9456,2.9456,2.9541,2.9541,2.9506,2.9506,5
2026-03-24 06:17:00,2.9461,2.9471,2.9456,2.9461,2.9511,2.9521,2.9506,2.9511,7
2026-03-24 06:18:00,2.9466,2.9466,2.9436,2.9451,2.9516,2.9516,2.9486,2.9501,5
2026-03-24 06:19:00,2.9446,2.9446,2.9421,2.9426,2.9496,2.9496,2.9471,2.9476,16
2026-03-24 06:20:00,2.9421,2.9436,2.9421,2.9431,2.9471,2.9486,2.9471,2.9481,9
2026-03-24 06:21:00,2.9446,2.9446,2.9431,2.9446,2.9496,2.9496,2.9481,2.9496,8
2026-03-24 06:22:00,2.9451,2.9461,2.9451,2.9461,2.9501,2.9511,2.9501,2.9511,9
2026-03-24 06:23:00,2.9456,2.9456,2.9456,2.9456,2.9506,2.9506,2.9506,2.9506,1
2026-03-24 06:24:00,2.9451,2.9456,2.9441,2.9446,2.9501,2.9506,2.9491,2.9496,9
2026-03-24 06:25:00,2.9436,2.9436,2.9421,2.9421,2.9486,2.9486,2.9471,2.9471,3
2026-03-24 06:26:00,2.9431,2.9431,2.9416,2.9431,2.9481,2.9481,2.9466,2.9481,6
2026-03-24 06:27:00,2.9426,2.9426,2.9426,2.9426,2.9476,2.9476,2.9476,2.9476,1
2026-03-24 06:28:00,2.9431,2.9436,2.9406,2.9411,2.9481,2.9486,2.9456,2.9461,6
2026-03-24 06:29:00,2.9406,2.9426,2.9406,2.9426,2.9456,2.9476,2.9456,2.9476,5
2026-03-24 06:30:00,2.9431,2.9451,2.9431,2.9451,2.9481,2.9501,2.9481,2.9501,6
2026-03-24 06:31:00,2.9441,2.9451,2.9436,2.9436,2.9491,2.9501,2.9486,2.9486,6
2026-03-24 06:32:00,2.9431,2.9441,2.9431,2.9431,2.9481,2.9491,2.9481,2.9481,4
2026-03-24 06:33:00,2.9441,2.9451,2.9441,2.9451,2.9491,2.9501,2.9491,2.9501,3
2026-03-24 06:34:00,2.9446,2.9461,2.9446,2.9451,2.9496,2.9511,2.9496,2.9501,5
2026-03-24 06:35:00,2.9461,2.9461,2.9421,2.9431,2.9511,2.9511,2.9471,2.9481,9
2026-03-24 06:36:00,2.9426,2.9446,2.9426,2.9441,2.9476,2.9496,2.9476,2.9491,8
2026-03-24 06:37:00,2.9431,2.9436,2.9421,2.9421,2.9481,2.9486,2.9471,2.9471,8
2026-03-24 06:38:00,2.9416,2.9431,2.9406,2.9421,2.9466,2.9481,2.9456,2.9471,8
2026-03-24 06:39:00,2.9426,2.9431,2.9426,2.9426,2.9476,2.9481,2.9476,2.9476,5
2026-03-24 06:40:00,2.9431,2.9436,2.9416,2.9431,2.9481,2.9486,2.9466,2.9481,6
2026-03-24 06:41:00,2.9426,2.9426,2.9346,2.9366,2.9476,2.9476,2.9396,2.9416,19
2026-03-24 06:42:00,2.9371,2.9371,2.9351,2.9351,2.9421,2.9421,2.9401,2.9401,7
2026-03-24 06:43:00,2.9356,2.9361,2.9346,2.9356,2.9406,2.9411,2.9396,2.9406,7
2026-03-24 06:44:00,2.9351,2.9366,2.9351,2.9361,2.9401,2.9416,2.9401,2.9411,4
2026-03-24 06:45:00,2.9371,2.9391,2.9356,2.9356,2.9421,2.9441,2.9406,2.9406,12
2026-03-24 06:46:00,2.9346,2.9361,2.9341,2.9346,2.9396,2.9411,2.9391,2.9396,7
2026-03-24 06:47:00,2.9341,2.9376,2.9341,2.9376,2.9391,2.9426,2.9391,2.9426,11
2026-03-24 06:48:00,2.9371,2.9376,2.9361,2.9361,2.9421,2.9426,2.9411,2.9411,4
2026-03-24 06:49:00,2.9356,2.9361,2.9351,2.9361,2.9406,2.9411,2.9401,2.9411,6
2026-03-24 06:52:00,2.9366,2.9381,2.9331,2.9331,2.9416,2.9431,2.9381,2.9381,10
2026-03-24 06:53:00,2.9326,2.9326,2.9266,2.9301,2.9376,2.9376,2.9316,2.9351,18
2026-03-24 06:54:00,2.9311,2.9311,2.9301,2.9311,2.9361,2.9361,2.9351,2.9361,5
2026-03-24 06:55:00,2.9306,2.9311,2.9306,2.9311,2.9356,2.9361,2.9356,2.9361,4
2026-03-24 06:56:00,2.9306,2.9306,2.9286,2.9291,2.9356,2.9356,2.9336,2.9341,7
2026-03-24 06:57:00,2.9286,2.9296,2.9286,2.9286,2.9336,2.9346,2.9336,2.9336,6
2026-03-24 06:58:00,2.9291,2.9291,2.9276,2.9281,2.9341,2.9341,2.9326,2.9331,7
2026-03-24 06:59:00,2.9286,2.9311,2.9286,2.9311,2.9336,2.9361,2.9336,2.9361,10
2026-03-24 07:00:00,2.9306,2.9331,2.9306,2.9331,2.9356,2.9381,2.9356,2.9381,14
2026-03-24 07:01:00,2.9326,2.9341,2.9306,2.9331,2.9376,2.9391,2.9356,2.9381,27
2026-03-24 07:02:00,2.9326,2.9326,2.9291,2.9306,2.9376,2.9376,2.9341,2.9356,8
2026-03-24 07:03:00,2.9301,2.9316,2.9301,2.9306,2.9351,2.9366,2.9351,2.9356,6
2026-03-24 07:04:00,2.9316,2.9321,2.9301,2.9321,2.9366,2.9371,2.9351,2.9371,6
2026-03-24 07:05:00,2.9326,2.9346,2.9326,2.9341,2.9376,2.9396,2.9376,2.9391,9
2026-03-24 07:06:00,2.9346,2.9356,2.9346,2.9351,2.9396,2.9406,2.9396,2.9401,7
2026-03-24 07:07:00,2.9346,2.9356,2.9326,2.9341,2.9396,2.9406,2.9376,2.9391,12
2026-03-24 07:08:00,2.9336,2.9376,2.9336,2.9376,2.9386,2.9426,2.9386,2.9426,7
2026-03-24 07:09:00,2.9381,2.9381,2.9301,2.9316,2.9431,2.9431,2.9351,2.9366,14
2026-03-24 07:10:00,2.9321,2.9331,2.9316,2.9316,2.9371,2.9381,2.9366,2.9366,9
2026-03-24 07:11:00,2.9321,2.9336,2.9321,2.9331,2.9371,2.9386,2.9371,2.9381,9
2026-03-24 07:12:00,2.9326,2.9376,2.9326,2.9361,2.9376,2.9426,2.9376,2.9411,10
2026-03-24 07:13:00,2.9366,2.9376,2.9366,2.9366,2.9416,2.9426,2.9416,2.9416,4
2026-03-24 07:14:00,2.9376,2.9386,2.9361,2.9366,2.9426,2.9436,2.9411,2.9416,11
2026-03-24 07:15:00,2.9371,2.9386,2.9366,2.9366,2.9421,2.9436,2.9416,2.9416,11
2026-03-24 07:16:00,2.9371,2.9371,2.9326,2.9331,2.9421,2.9421,2.9376,2.9381,12
2026-03-24 07:17:00,2.9336,2.9361,2.9336,2.9361,2.9386,2.9411,2.9386,2.9411,8
2026-03-24 07:18:00,2.9356,2.9356,2.9321,2.9321,2.9406,2.9406,2.9371,2.9371,8
2026-03-24 07:19:00,2.9326,2.9341,2.9326,2.9341,2.9376,2.9391,2.9376,2.9391,7
2026-03-24 07:20:00,2.9336,2.9351,2.9336,2.9351,2.9386,2.9401,2.9386,2.9401,4
2026-03-24 07:21:00,2.9346,2.9351,2.9306,2.9331,2.9396,2.9401,2.9356,2.9381,11
2026-03-24 07:22:00,2.9336,2.9346,2.9336,2.9346,2.9386,2.9396,2.9386,2.9396,5
2026-03-24 07:23:00,2.9341,2.9346,2.9341,2.9346,2.9391,2.9396,2.9391,2.9396,4
2026-03-24 07:24:00,2.9341,2.9351,2.9311,2.9311,2.9391,2.9401,2.9361,2.9361,9
2026-03-24 07:25:00,2.9316,2.9331,2.9316,2.9321,2.9366,2.9381,2.9366,2.9371,12
2026-03-24 07:26:00,2.9316,2.9336,2.9316,2.9326,2.9366,2.9386,2.9366,2.9376,13
2026-03-24 07:27:00,2.9331,2.9341,2.9316,2.9321,2.9381,2.9391,2.9366,2.9371,9
2026-03-24 07:28:00,2.9316,2.9351,2.9306,2.9346,2.9366,2.9401,2.9356,2.9396,9
2026-03-24 07:29:00,2.9336,2.9346,2.9331,2.9346,2.9386,2.9396,2.9381,2.9396,5
2026-03-24 07:30:00,2.9351,2.9356,2.9331,2.9351,2.9401,2.9406,2.9381,2.9401,11
2026-03-24 07:31:00,2.9346,2.9346,2.9336,2.9341,2.9396,2.9396,2.9386,2.9391,7
2026-03-24 07:32:00,2.9336,2.9336,2.9301,2.9311,2.9386,2.9386,2.9351,2.9361,12
2026-03-24 07:33:00,2.9316,2.9326,2.9306,2.9316,2.9366,2.9376,2.9356,2.9366,7
2026-03-24 07:35:00,2.9311,2.9351,2.9306,2.9351,2.9361,2.9401,2.9356,2.9401,18
2026-03-24 07:36:00,2.9346,2.9376,2.9346,2.9371,2.9396,2.9426,2.9396,2.9421,10
2026-03-24 07:37:00,2.9366,2.9371,2.9366,2.9366,2.9416,2.9421,2.9416,2.9416,5
2026-03-24 07:38:00,2.9371,2.9371,2.9346,2.9371,2.9421,2.9421,2.9396,2.9421,9
2026-03-24 07:39:00,2.9366,2.9381,2.9361,2.9361,2.9416,2.9431,2.9411,2.9411,7
2026-03-24 07:40:00,2.9366,2.9381,2.9361,2.9371,2.9416,2.9431,2.9411,2.9421,10
2026-03-24 07:41:00,2.9366,2.9371,2.9361,2.9361,2.9416,2.9421,2.9411,2.9411,5
2026-03-24 07:42:00,2.9366,2.9386,2.9366,2.9386,2.9416,2.9436,2.9416,2.9436,7
2026-03-24 07:43:00,2.9376,2.9416,2.9376,2.9406,2.9426,2.9466,2.9426,2.9456,16
2026-03-24 07:44:00,2.9411,2.9416,2.9406,2.9406,2.9461,2.9466,2.9456,2.9456,7
2026-03-24 07:45:00,2.9401,2.9411,2.9391,2.9401,2.9451,2.9461,2.9441,2.9451,11
2026-03-24 07:46:00,2.9391,2.9411,2.9391,2.9406,2.9441,2.9461,2.9441,2.9456,10
2026-03-24 07:47:00,2.9401,2.9401,2.9391,2.9401,2.9451,2.9451,2.9441,2.9451,5
2026-03-24 07:48:00,2.9391,2.9411,2.9391,2.9411,2.9441,2.9461,2.9441,2.9461,4
2026-03-24 07:49:00,2.9416,2.9426,2.9401,2.9401,2.9466,2.9476,2.9451,2.9451,6
2026-03-24 07:50:00,2.9396,2.9406,2.9391,2.9396,2.9446,2.9456,2.9441,2.9446,5
2026-03-24 07:51:00,2.9391,2.9401,2.9386,2.9386,2.9441,2.9451,2.9436,2.9436,5
2026-03-24 07:52:00,2.9391,2.9391,2.9371,2.9386,2.9441,2.9441,2.9421,2.9436,3
2026-03-24 07:53:00,2.9391,2.9396,2.9391,2.9396,2.9441,2.9446,2.9441,2.9446,2
2026-03-24 07:54:00,2.9391,2.9391,2.9341,2.9346,2.9441,2.9441,2.9391,2.9396,14
2026-03-24 07:55:00,2.9341,2.9351,2.9326,2.9326,2.9391,2.9401,2.9376,2.9376,5
2026-03-24 07:56:00,2.9311,2.9316,2.9311,2.9311,2.9361,2.9366,2.9361,2.9361,3
2026-03-24 07:57:00,2.9306,2.9311,2.9296,2.9296,2.9356,2.9361,2.9346,2.9346,11
2026-03-24 07:58:00,2.9301,2.9306,2.9266,2.9286,2.9351,2.9356,2.9316,2.9336,25
2026-03-24 07:59:00,2.9291,2.9311,2.9291,2.9306,2.9341,2.9361,2.9341,2.9356,16
2026-03-24 08:00:00,2.9296,2.9311,2.9256,2.9261,2.9346,2.9361,2.9306,2.9311,17
2026-03-24 08:01:00,2.9271,2.9301,2.9266,2.9296,2.9321,2.9351,2.9316,2.9346,15
2026-03-24 08:02:00,2.9301,2.9321,2.9301,2.9311,2.9351,2.9371,2.9351,2.9361,12
2026-03-24 08:03:00,2.9306,2.9326,2.9271,2.9301,2.9356,2.9376,2.9321,2.9351,28
2026-03-24 08:04:00,2.9296,2.9296,2.9296,2.9296,2.9346,2.9346,2.9346,2.9346,1
2026-03-24 08:05:00,2.9301,2.9326,2.9286,2.9286,2.9351,2.9376,2.9336,2.9336,15
2026-03-24 08:06:00,2.9281,2.9291,2.9261,2.9261,2.9331,2.9341,2.9311,2.9311,9
2026-03-24 08:07:00,2.9256,2.9271,2.9246,2.9266,2.9306,2.9321,2.9296,2.9316,8
2026-03-24 08:08:00,2.9271,2.9311,2.9271,2.9291,2.9321,2.9361,2.9321,2.9341,17
2026-03-24 08:09:00,2.9281,2.9296,2.9271,2.9271,2.9331,2.9346,2.9321,2.9321,11
2026-03-24 08:10:00,2.9276,2.9291,2.9256,2.9266,2.9326,2.9341,2.9306,2.9316,15
2026-03-24 08:11:00,2.9271,2.9291,2.9271,2.9291,2.9321,2.9341,2.9321,2.9341,11
2026-03-24 08:12:00,2.9296,2.9306,2.9296,2.9296,2.9346,2.9356,2.9346,2.9346,5
2026-03-24 08:13:00,2.9301,2.9316,2.9301,2.9316,2.9351,2.9366,2.9351,2.9366,4
2026-03-24 08:14:00,2.9311,2.9321,2.9306,2.9311,2.9361,2.9371,2.9356,2.9361,5
2026-03-24 08:15:00,2.9316,2.9326,2.9306,2.9306,2.9366,2.9376,2.9356,2.9356,8
2026-03-24 08:16:00,2.9301,2.9306,2.9261,2.9261,2.9351,2.9356,2.9311,2.9311,15
2026-03-24 08:17:00,2.9246,2.9276,2.9216,2.9271,2.9296,2.9326,2.9266,2.9321,30
2026-03-24 08:18:00,2.9276,2.9296,2.9276,2.9296,2.9326,2.9346,2.9326,2.9346,5
2026-03-24 08:19:00,2.9301,2.9326,2.9301,2.9326,2.9351,2.9376,2.9351,2.9376,13
2026-03-24 08:20:00,2.9336,2.9336,2.9306,2.9306,2.9386,2.9386,2.9356,2.9356,6
2026-03-24 08:21:00,2.9311,2.9311,2.9281,2.9296,2.9361,2.9361,2.9331,2.9346,10
2026-03-24 08:22:00,2.9291,2.9311,2.9291,2.9296,2.9341,2.9361,2.9341,2.9346,7
2026-03-24 08:23:00,2.9301,2.9321,2.9301,2.9306,2.9351,2.9371,2.9351,2.9356,12
2026-03-24 08:24:00,2.9316,2.9326,2.9311,2.9316,2.9366,2.9376,2.9361,2.9366,13
2026-03-24 08:25:00,2.9311,2.9341,2.9311,2.9326,2.9361,2.9391,2.9361,2.9376,13
2026-03-24 08:26:00,2.9321,2.9351,2.9321,2.9351,2.9371,2.9401,2.9371,2.9401,7
2026-03-24 08:27:00,2.9346,2.9351,2.9336,2.9346,2.9396,2.9401,2.9386,2.9396,17
2026-03-24 08:28:00,2.9336,2.9351,2.9336,2.9351,2.9386,2.9401,2.9386,2.9401,13
2026-03-24 08:29:00,2.9346,2.9356,2.9341,2.9341,2.9396,2.9406,2.9391,2.9391,8
2026-03-24 08:30:00,2.9336,2.9341,2.9301,2.9316,2.9386,2.9391,2.9351,2.9366,19
2026-03-24 08:31:00,2.9321,2.9331,2.9301,2.9306,2.9371,2.9381,2.9351,2.9356,15
2026-03-24 08:32:00,2.9311,2.9361,2.9311,2.9361,2.9361,2.9411,2.9361,2.9411,17
2026-03-24 08:33:00,2.9366,2.9386,2.9361,2.9381,2.9416,2.9436,2.9411,2.9431,14
2026-03-24 08:34:00,2.9376,2.9386,2.9366,2.9381,2.9426,2.9436,2.9416,2.9431,5
2026-03-24 08:35:00,2.9391,2.9406,2.9386,2.9401,2.9441,2.9456,2.9436,2.9451,14
2026-03-24 08:36:00,2.9396,2.9401,2.9391,2.9391,2.9446,2.9451,2.9441,2.9441,5
2026-03-24 08:37:00,2.9386,2.9396,2.9381,2.9386,2.9436,2.9446,2.9431,2.9436,10
2026-03-24 08:38:00,2.9391,2.9391,2.9346,2.9351,2.9441,2.9441,2.9396,2.9401,16
2026-03-24 08:39:00,2.9346,2.9361,2.9341,2.9361,2.9396,2.9411,2.9391,2.9411,13
2026-03-24 08:40:00,2.9356,2.9361,2.9351,2.9361,2.9406,2.9411,2.9401,2.9411,6
2026-03-24 08:41:00,2.9356,2.9356,2.9326,2.9336,2.9406,2.9406,2.9376,2.9386,7
2026-03-24 08:42:00,2.9326,2.9341,2.9326,2.9326,2.9376,2.9391,2.9376,2.9376,11
2026-03-24 08:43:00,2.9331,2.9341,2.9301,2.9301,2.9381,2.9391,2.9351,2.9351,13
2026-03-24 08:44:00,2.9296,2.9311,2.9286,2.9286,2.9346,2.9361,2.9336,2.9336,8
2026-03-24 08:45:00,2.9291,2.9311,2.9286,2.9291,2.9341,2.9361,2.9336,2.9341,9
2026-03-24 08:46:00,2.9301,2.9301,2.9291,2.9291,2.9351,2.9351,2.9341,2.9341,8
2026-03-24 08:47:00,2.9296,2.9301,2.9286,2.9291,2.9346,2.9351,2.9336,2.9341,7
2026-03-24 08:48:00,2.9296,2.9316,2.9296,2.9311,2.9346,2.9366,2.9346,2.9361,11
2026-03-24 08:49:00,2.9306,2.9321,2.9306,2.9321,2.9356,2.9371,2.9356,2.9371,9
2026-03-24 08:50:00,2.9316,2.9316,2.9286,2.9291,2.9366,2.9366,2.9336,2.9341,9
2026-03-24 08:51:00,2.9286,2.9296,2.9276,2.9281,2.9336,2.9346,2.9326,2.9331,9
2026-03-24 08:52:00,2.9291,2.9296,2.9231,2.9236,2.9341,2.9346,2.9281,2.9286,20
2026-03-24 08:53:00,2.9241,2.9276,2.9241,2.9271,2.9291,2.9326,2.9291,2.9321,13
2026-03-24 08:54:00,2.9261,2.9281,2.9261,2.9271,2.9311,2.9331,2.9311,2.9321,9
2026-03-24 08:55:00,2.9281,2.9281,2.9276,2.9276,2.9331,2.9331,2.9326,2.9326,2
2026-03-24 08:56:00,2.9271,2.9276,2.9246,2.9246,2.9321,2.9326,2.9296,2.9296,13
2026-03-24 08:57:00,2.9241,2.9256,2.9211,2.9221,2.9291,2.9306,2.9261,2.9271,38
2026-03-24 08:58:00,2.9216,2.9226,2.9211,2.9226,2.9266,2.9276,2.9261,2.9276,10
2026-03-24 08:59:00,2.9216,2.9246,2.9216,2.9246,2.9266,2.9296,2.9266,2.9296,10
2026-03-24 09:00:00,2.9236,2.9266,2.9196,2.9206,2.9286,2.9316,2.9246,2.9256,27
2026-03-24 09:01:00,2.9211,2.9226,2.9196,2.9206,2.9261,2.9276,2.9246,2.9256,19
2026-03-24 09:02:00,2.9211,2.9241,2.9201,2.9236,2.9261,2.9291,2.9251,2.9286,22
2026-03-24 09:03:00,2.9241,2.9256,2.9231,2.9246,2.9291,2.9306,2.9281,2.9296,15
2026-03-24 09:04:00,2.9241,2.9241,2.9211,2.9216,2.9291,2.9291,2.9261,2.9266,21
2026-03-24 09:05:00,2.9211,2.9211,2.9156,2.9161,2.9261,2.9261,2.9206,2.9211,22
2026-03-24 09:06:00,2.9166,2.9191,2.9156,2.9171,2.9216,2.9241,2.9206,2.9221,28
2026-03-24 09:07:00,2.9166,2.9186,2.9166,2.9186,2.9216,2.9236,2.9216,2.9236,10
2026-03-24 09:08:00,2.9191,2.9226,2.9191,2.9226,2.9241,2.9276,2.9241,2.9276,14
2026-03-24 09:09:00,2.9221,2.9241,2.9221,2.9241,2.9271,2.9291,2.9271,2.9291,8
2026-03-24 09:10:00,2.9246,2.9246,2.9201,2.9211,2.9296,2.9296,2.9251,2.9261,9
2026-03-24 09:11:00,2.9216,2.9226,2.9206,2.9221,2.9266,2.9276,2.9256,2.9271,8
2026-03-24 09:12:00,2.9216,2.9241,2.9216,2.9231,2.9266,2.9291,2.9266,2.9281,7
2026-03-24 09:13:00,2.9226,2.9231,2.9216,2.9216,2.9276,2.9281,2.9266,2.9266,6
2026-03-24 09:14:00,2.9221,2.9221,2.9196,2.9196,2.9271,2.9271,2.9246,2.9246,7
2026-03-24 09:15:00,2.9206,2.9211,2.9196,2.9206,2.9256,2.9261,2.9246,2.9256,7
2026-03-24 09:16:00,2.9211,2.9211,2.9186,2.9201,2.9261,2.9261,2.9236,2.9251,11
2026-03-24 09:17:00,2.9206,2.9231,2.9206,2.9231,2.9256,2.9281,2.9256,2.9281,6
2026-03-24 09:18:00,2.9226,2.9246,2.9226,2.9246,2.9276,2.9296,2.9276,2.9296,7
2026-03-24 09:19:00,2.9241,2.9246,2.9216,2.9216,2.9291,2.9296,2.9266,2.9266,20
2026-03-24 09:20:00,2.9211,2.9276,2.9206,2.9271,2.9261,2.9326,2.9256,2.9321,17
2026-03-24 09:21:00,2.9266,2.9286,2.9266,2.9286,2.9316,2.9336,2.9316,2.9336,11
2026-03-24 09:22:00,2.9291,2.9296,2.9261,2.9266,2.9341,2.9346,2.9311,2.9316,7
2026-03-24 09:23:00,2.9271,2.9271,2.9236,2.9266,2.9321,2.9321,2.9286,2.9316,11
2026-03-24 09:24:00,2.9261,2.9281,2.9251,2.9281,2.9311,2.9331,2.9301,2.9331,9
2026-03-24 09:25:00,2.9286,2.9351,2.9286,2.9346,2.9336,2.9401,2.9336,2.9396,30
2026-03-24 09:26:00,2.9356,2.9366,2.9346,2.9351,2.9406,2.9416,2.9396,2.9401,19
2026-03-24 09:27:00,2.9346,2.9356,2.9326,2.9326,2.9396,2.9406,2.9376,2.9376,11
2026-03-24 09:28:00,2.9336,2.9356,2.9326,2.9331,2.9386,2.9406,2.9376,2.9381,16
2026-03-24 09:29:00,2.9321,2.9341,2.9311,2.9311,2.9371,2.9391,2.9361,2.9361,16
2026-03-24 09:30:00,2.9306,2.9311,2.9276,2.9281,2.9356,2.9361,2.9326,2.9331,16
2026-03-24 09:31:00,2.9266,2.9281,2.9261,2.9276,2.9316,2.9331,2.9311,2.9326,7
2026-03-24 09:32:00,2.9271,2.9291,2.9271,2.9291,2.9321,2.9341,2.9321,2.9341,14
2026-03-24 09:33:00,2.9286,2.9301,2.9281,2.9301,2.9336,2.9351,2.9331,2.9351,10
2026-03-24 09:34:00,2.9306,2.9311,2.9301,2.9301,2.9356,2.9361,2.9351,2.9351,6
2026-03-24 09:35:00,2.9296,2.9306,2.9296,2.9301,2.9346,2.9356,2.9346,2.9351,4
2026-03-24 09:36:00,2.9296,2.9321,2.9286,2.9311,2.9346,2.9371,2.9336,2.9361,12
2026-03-24 09:37:00,2.9306,2.9321,2.9306,2.9316,2.9356,2.9371,2.9356,2.9366,4
2026-03-24 09:38:00,2.9311,2.9321,2.9301,2.9321,2.9361,2.9371,2.9351,2.9371,9
2026-03-24 09:39:00,2.9311,2.9321,2.9306,2.9311,2.9361,2.9371,2.9356,2.9361,8
2026-03-24 09:40:00,2.9306,2.9306,2.9266,2.9271,2.9356,2.9356,2.9316,2.9321,11
2026-03-24 09:41:00,2.9266,2.9281,2.9261,2.9281,2.9316,2.9331,2.9311,2.9331,8
2026-03-24 09:42:00,2.9286,2.9291,2.9281,2.9291,2.9336,2.9341,2.9331,2.9341,4
2026-03-24 09:43:00,2.9296,2.9311,2.9296,2.9311,2.9346,2.9361,2.9346,2.9361,9
2026-03-24 09:44:00,2.9306,2.9311,2.9276,2.9291,2.9356,2.9361,2.9326,2.9341,16
2026-03-24 09:45:00,2.9286,2.9291,2.9276,2.9291,2.9336,2.9341,2.9326,2.9341,6
2026-03-24 09:46:00,2.9286,2.9286,2.9276,2.9286,2.9336,2.9336,2.9326,2.9336,6
2026-03-24 09:47:00,2.9291,2.9291,2.9281,2.9281,2.9341,2.9341,2.9331,2.9331,2
2026-03-24 09:48:00,2.9286,2.9291,2.9281,2.9291,2.9336,2.9341,2.9331,2.9341,3
2026-03-24 09:49:00,2.9286,2.9286,2.9261,2.9266,2.9336,2.9336,2.9311,2.9316,12
2026-03-24 09:50:00,2.9271,2.9331,2.9271,2.9331,2.9321,2.9381,2.9321,2.9381,15
2026-03-24 09:51:00,2.9326,2.9326,2.9306,2.9321,2.9376,2.9376,2.9356,2.9371,17
2026-03-24 09:52:00,2.9316,2.9321,2.9291,2.9291,2.9366,2.9371,2.9341,2.9341,10
2026-03-24 09:53:00,2.9286,2.9311,2.9286,2.9311,2.9336,2.9361,2.9336,2.9361,7
2026-03-24 09:54:00,2.9296,2.9311,2.9281,2.9311,2.9346,2.9361,2.9331,2.9361,10
2026-03-24 09:55:00,2.9316,2.9321,2.9316,2.9321,2.9366,2.9371,2.9366,2.9371,2
2026-03-24 09:56:00,2.9331,2.9346,2.9331,2.9336,2.9381,2.9396,2.9381,2.9386,4
2026-03-24 09:57:00,2.9331,2.9331,2.9306,2.9316,2.9381,2.9381,2.9356,2.9366,17
2026-03-24 09:58:00,2.9311,2.9341,2.9306,2.9316,2.9361,2.9391,2.9356,2.9366,17
2026-03-24 09:59:00,2.9321,2.9326,2.9296,2.9311,2.9371,2.9376,2.9346,2.9361,16
2026-03-24 10:00:00,2.9306,2.9346,2.9301,2.9341,2.9356,2.9396,2.9351,2.9391,8
2026-03-24 10:01:00,2.9346,2.9376,2.9336,2.9336,2.9396,2.9426,2.9386,2.9386,11
2026-03-24 10:02:00,2.9331,2.9331,2.9331,2.9331,2.9381,2.9381,2.9381,2.9381,1
2026-03-24 10:03:00,2.9336,2.9346,2.9326,2.9326,2.9386,2.9396,2.9376,2.9376,15
2026-03-24 10:04:00,2.9316,2.9316,2.9291,2.9291,2.9366,2.9366,2.9341,2.9341,8
2026-03-24 10:05:00,2.9281,2.9311,2.9271,2.9296,2.9331,2.9361,2.9321,2.9346,16
2026-03-24 10:06:00,2.9301,2.9356,2.9296,2.9341,2.9351,2.9406,2.9346,2.9391,25
2026-03-24 10:07:00,2.9326,2.9346,2.9321,2.9331,2.9376,2.9396,2.9371,2.9381,11
2026-03-24 10:08:00,2.9336,2.9356,2.9331,2.9351,2.9386,2.9406,2.9381,2.9401,12
2026-03-24 10:09:00,2.9346,2.9356,2.9341,2.9341,2.9396,2.9406,2.9391,2.9391,14
2026-03-24 10:10:00,2.9346,2.9356,2.9346,2.9346,2.9396,2.9406,2.9396,2.9396,10
2026-03-24 10:11:00,2.9341,2.9371,2.9306,2.9371,2.9391,2.9421,2.9356,2.9421,16
2026-03-24 10:12:00,2.9366,2.9376,2.9291,2.9336,2.9416,2.9426,2.9341,2.9386,18
2026-03-24 10:13:00,2.9326,2.9336,2.9301,2.9311,2.9376,2.9386,2.9351,2.9361,8
2026-03-24 10:14:00,2.9316,2.9316,2.9306,2.9316,2.9366,2.9366,2.9356,2.9366,5
2026-03-24 10:15:00,2.9311,2.9316,2.9291,2.9291,2.9361,2.9366,2.9341,2.9341,11
2026-03-24 10:16:00,2.9296,2.9301,2.9286,2.9286,2.9346,2.9351,2.9336,2.9336,5
2026-03-24 10:17:00,2.9281,2.9281,2.9276,2.9276,2.9331,2.9331,2.9326,2.9326,2
2026-03-24 10:18:00,2.9286,2.9286,2.9266,2.9271,2.9336,2.9336,2.9316,2.9321,36
2026-03-24 10:19:00,2.9266,2.9266,2.9251,2.9251,2.9316,2.9316,2.9301,2.9301,13
2026-03-24 10:20:00,2.9256,2.9271,2.9256,2.9271,2.9306,2.9321,2.9306,2.9321,4
2026-03-24 10:21:00,2.9276,2.9281,2.9271,2.9281,2.9326,2.9331,2.9321,2.9331,6
2026-03-24 10:22:00,2.9286,2.9311,2.9276,2.9301,2.9336,2.9361,2.9326,2.9351,12
2026-03-24 10:23:00,2.9311,2.9321,2.9296,2.9321,2.9361,2.9371,2.9346,2.9371,13
2026-03-24 10:24:00,2.9316,2.9326,2.9316,2.9321,2.9366,2.9376,2.9366,2.9371,6
2026-03-24 10:25:00,2.9311,2.9326,2.9311,2.9316,2.9361,2.9376,2.9361,2.9366,5
2026-03-24 10:26:00,2.9311,2.9346,2.9311,2.9341,2.9361,2.9396,2.9361,2.9391,9
2026-03-24 10:27:00,2.9336,2.9346,2.9336,2.9346,2.9386,2.9396,2.9386,2.9396,4
2026-03-24 10:28:00,2.9351,2.9356,2.9321,2.9326,2.9401,2.9406,2.9371,2.9376,10
2026-03-24 10:29:00,2.9331,2.9346,2.9311,2.9346,2.9381,2.9396,2.9361,2.9396,14
2026-03-24 10:30:00,2.9351,2.9371,2.9346,2.9351,2.9401,2.9421,2.9396,2.9401,12
2026-03-24 10:31:00,2.9346,2.9366,2.9346,2.9346,2.9396,2.9416,2.9396,2.9396,21
2026-03-24 10:32:00,2.9351,2.9351,2.9326,2.9336,2.9401,2.9401,2.9376,2.9386,11
2026-03-24 10:33:00,2.9331,2.9346,2.9326,2.9331,2.9381,2.9396,2.9376,2.9381,15
2026-03-24 10:34:00,2.9336,2.9351,2.9331,2.9341,2.9386,2.9401,2.9381,2.9391,9
2026-03-24 10:35:00,2.9346,2.9376,2.9346,2.9361,2.9396,2.9426,2.9396,2.9411,9
2026-03-24 10:36:00,2.9351,2.9351,2.9326,2.9326,2.9401,2.9401,2.9376,2.9376,12
2026-03-24 10:37:00,2.9331,2.9336,2.9311,2.9311,2.9381,2.9386,2.9361,2.9361,8
2026-03-24 10:38:00,2.9316,2.9321,2.9296,2.9316,2.9366,2.9371,2.9346,2.9366,12
2026-03-24 10:39:00,2.9311,2.9321,2.9301,2.9301,2.9361,2.9371,2.9351,2.9351,11
2026-03-24 10:40:00,2.9306,2.9306,2.9261,2.9266,2.9356,2.9356,2.9311,2.9316,15
2026-03-24 10:41:00,2.9261,2.9271,2.9256,2.9256,2.9311,2.9321,2.9306,2.9306,8
2026-03-24 10:42:00,2.9251,2.9251,2.9201,2.9206,2.9301,2.9301,2.9251,2.9256,25
2026-03-24 10:43:00,2.9216,2.9226,2.9206,2.9206,2.9266,2.9276,2.9256,2.9256,11
2026-03-24 10:44:00,2.9211,2.9216,2.9206,2.9211,2.9261,2.9266,2.9256,2.9261,9
2026-03-24 10:45:00,2.9221,2.9241,2.9221,2.9241,2.9271,2.9291,2.9271,2.9291,10
2026-03-24 10:46:00,2.9246,2.9276,2.9241,2.9276,2.9296,2.9326,2.9291,2.9326,16
2026-03-24 10:47:00,2.9271,2.9276,2.9246,2.9251,2.9321,2.9326,2.9296,2.9301,12
2026-03-24 10:48:00,2.9256,2.9276,2.9246,2.9251,2.9306,2.9326,2.9296,2.9301,14
2026-03-24 10:49:00,2.9241,2.9266,2.9241,2.9256,2.9291,2.9316,2.9291,2.9306,7
2026-03-24 10:50:00,2.9261,2.9271,2.9261,2.9266,2.9311,2.9321,2.9311,2.9316,4
2026-03-24 10:51:00,2.9271,2.9281,2.9236,2.9236,2.9321,2.9331,2.9286,2.9286,11
2026-03-24 10:52:00,2.9226,2.9256,2.9221,2.9226,2.9276,2.9306,2.9271,2.9276,13
2026-03-24 10:53:00,2.9221,2.9231,2.9221,2.9231,2.9271,2.9281,2.9271,2.9281,7
2026-03-24 10:54:00,2.9226,2.9236,2.9221,2.9226,2.9276,2.9286,2.9271,2.9276,10
2026-03-24 10:55:00,2.9231,2.9231,2.9076,2.9086,2.9281,2.9281,2.9126,2.9136,41
2026-03-24 10:56:00,2.9081,2.9121,2.9056,2.9121,2.9131,2.9171,2.9106,2.9171,36
2026-03-24 10:57:00,2.9111,2.9136,2.9106,2.9111,2.9161,2.9186,2.9156,2.9161,17
2026-03-24 10:58:00,2.9106,2.9116,2.9096,2.9106,2.9156,2.9166,2.9146,2.9156,10
2026-03-24 10:59:00,2.9096,2.9141,2.9096,2.9136,2.9146,2.9191,2.9146,2.9186,17
2026-03-24 11:00:00,2.9131,2.9136,2.9111,2.9126,2.9181,2.9186,2.9161,2.9176,20
2026-03-24 11:01:00,2.9131,2.9161,2.9131,2.9156,2.9181,2.9211,2.9181,2.9206,12
2026-03-24 11:02:00,2.9161,2.9161,2.9146,2.9161,2.9211,2.9211,2.9196,2.9211,8
2026-03-24 11:03:00,2.9166,2.9166,2.9141,2.9141,2.9216,2.9216,2.9191,2.9191,8
2026-03-24 11:04:00,2.9146,2.9151,2.9136,2.9146,2.9196,2.9201,2.9186,2.9196,10
2026-03-24 11:05:00,2.9136,2.9166,2.9136,2.9151,2.9186,2.9216,2.9186,2.9201,17
2026-03-24 11:06:00,2.9156,2.9161,2.9126,2.9126,2.9206,2.9211,2.9176,2.9176,16
2026-03-24 11:07:00,2.9121,2.9126,2.9076,2.9086,2.9171,2.9176,2.9126,2.9136,46
2026-03-24 11:08:00,2.9096,2.9121,2.9086,2.9111,2.9146,2.9171,2.9136,2.9161,27
2026-03-24 11:09:00,2.9106,2.9106,2.9071,2.9091,2.9156,2.9156,2.9121,2.9141,19
2026-03-24 11:10:00,2.9096,2.9116,2.9086,2.9116,2.9146,2.9166,2.9136,2.9166,15
2026-03-24 11:11:00,2.9111,2.9111,2.9096,2.9106,2.9161,2.9161,2.9146,2.9156,7
2026-03-24 11:12:00,2.9111,2.9116,2.9086,2.9111,2.9161,2.9166,2.9136,2.9161,7
2026-03-24 11:13:00,2.9106,2.9116,2.9091,2.9106,2.9156,2.9166,2.9141,2.9156,11
2026-03-24 11:14:00,2.9111,2.9111,2.9086,2.9086,2.9161,2.9161,2.9136,2.9136,13
2026-03-24 11:15:00,2.9081,2.9111,2.9046,2.9111,2.9131,2.9161,2.9096,2.9161,26
2026-03-24 11:16:00,2.9106,2.9106,2.9071,2.9096,2.9156,2.9156,2.9121,2.9146,10
2026-03-24 11:17:00,2.9106,2.9126,2.9076,2.9081,2.9156,2.9176,2.9126,2.9131,20
2026-03-24 11:18:00,2.9086,2.9131,2.9086,2.9126,2.9136,2.9181,2.9136,2.9176,24
2026-03-24 11:19:00,2.9136,2.9176,2.9136,2.9161,2.9186,2.9226,2.9186,2.9211,17
2026-03-24 11:20:00,2.9166,2.9186,2.9146,2.9166,2.9216,2.9236,2.9196,2.9216,19
2026-03-24 11:21:00,2.9171,2.9176,2.9136,2.9136,2.9221,2.9226,2.9186,2.9186,16
2026-03-24 11:22:00,2.9146,2.9151,2.9136,2.9141,2.9196,2.9201,2.9186,2.9191,6
2026-03-24 11:23:00,2.9136,2.9136,2.9121,2.9136,2.9186,2.9186,2.9171,2.9186,8
2026-03-24 11:24:00,2.9141,2.9246,2.9141,2.9206,2.9191,2.9296,2.9191,2.9256,34
2026-03-24 11:25:00,2.9216,2.9226,2.9201,2.9221,2.9266,2.9276,2.9251,2.9271,16
2026-03-24 11:26:00,2.9226,2.9261,2.9216,2.9216,2.9276,2.9311,2.9266,2.9266,33
2026-03-24 11:27:00,2.9211,2.9251,2.9211,2.9241,2.9261,2.9301,2.9261,2.9291,13
2026-03-24 11:28:00,2.9251,2.9266,2.9236,2.9251,2.9301,2.9316,2.9286,2.9301,17
2026-03-24 11:29:00,2.9256,2.9256,2.9146,2.9161,2.9306,2.9306,2.9196,2.9211,36
2026-03-24 11:30:00,2.9156,2.9156,2.9136,2.9146,2.9206,2.9206,2.9186,2.9196,14
2026-03-24 11:31:00,2.9141,2.9146,2.9126,2.9126,2.9191,2.9196,2.9176,2.9176,6
2026-03-24 11:32:00,2.9116,2.9116,2.9086,2.9101,2.9166,2.9166,2.9136,2.9151,12
2026-03-24 11:33:00,2.9096,2.9136,2.9096,2.9126,2.9146,2.9186,2.9146,2.9176,16
2026-03-24 11:34:00,2.9131,2.9156,2.9096,2.9146,2.9181,2.9206,2.9146,2.9196,36
2026-03-24 11:35:00,2.9141,2.9156,2.9126,2.9131,2.9191,2.9206,2.9176,2.9181,15
2026-03-24 11:36:00,2.9126,2.9146,2.9111,2.9146,2.9176,2.9196,2.9161,2.9196,16
2026-03-24 11:37:00,2.9141,2.9151,2.9121,2.9131,2.9191,2.9201,2.9171,2.9181,19
2026-03-24 11:38:00,2.9126,2.9141,2.9116,2.9121,2.9176,2.9191,2.9166,2.9171,15
2026-03-24 11:39:00,2.9126,2.9151,2.9106,2.9106,2.9176,2.9201,2.9156,2.9156,13
2026-03-24 11:40:00,2.9101,2.9146,2.9086,2.9136,2.9151,2.9196,2.9136,2.9186,12
2026-03-24 11:41:00,2.9141,2.9141,2.9136,2.9136,2.9191,2.9191,2.9186,2.9186,6
2026-03-24 11:42:00,2.9141,2.9156,2.9076,2.9091,2.9191,2.9206,2.9126,2.9141,20
2026-03-24 11:43:00,2.9086,2.9131,2.9086,2.9131,2.9136,2.9181,2.9136,2.9181,14
2026-03-24 11:44:00,2.9126,2.9141,2.9106,2.9136,2.9176,2.9191,2.9156,2.9186,17
2026-03-24 11:45:00,2.9146,2.9156,2.9126,2.9136,2.9196,2.9206,2.9176,2.9186,17
2026-03-24 11:46:00,2.9131,2.9131,2.9091,2.9111,2.9181,2.9181,2.9141,2.9161,16
2026-03-24 11:47:00,2.9116,2.9141,2.9116,2.9136,2.9166,2.9191,2.9166,2.9186,8
2026-03-24 11:48:00,2.9126,2.9156,2.9126,2.9126,2.9176,2.9206,2.9176,2.9176,13
2026-03-24 11:49:00,2.9131,2.9131,2.9041,2.9051,2.9181,2.9181,2.9091,2.9101,39
2026-03-24 11:50:00,2.9046,2.9066,2.9046,2.9046,2.9096,2.9116,2.9096,2.9096,19
2026-03-24 11:51:00,2.9041,2.9041,2.9026,2.9026,2.9091,2.9091,2.9076,2.9076,3
2026-03-24 11:52:00,2.9031,2.9081,2.9026,2.9081,2.9081,2.9131,2.9076,2.9131,21
2026-03-24 11:53:00,2.9086,2.9086,2.9056,2.9076,2.9136,2.9136,2.9106,2.9126,17
2026-03-24 11:54:00,2.9086,2.9116,2.9076,2.9106,2.9136,2.9166,2.9126,2.9156,15
2026-03-24 11:55:00,2.9101,2.9126,2.9096,2.9106,2.9151,2.9176,2.9146,2.9156,25
2026-03-24 11:56:00,2.9096,2.9116,2.9096,2.9101,2.9146,2.9166,2.9146,2.9151,14
2026-03-24 11:57:00,2.9096,2.9121,2.9096,2.9116,2.9146,2.9171,2.9146,2.9166,21
2026-03-24 11:58:00,2.9111,2.9111,2.9096,2.9101,2.9161,2.9161,2.9146,2.9151,7
2026-03-24 11:59:00,2.9106,2.9111,2.9096,2.9101,2.9156,2.9161,2.9146,2.9151,7
2026-03-24 12:00:00,2.9086,2.9106,2.9071,2.9081,2.9136,2.9156,2.9121,2.9131,30
2026-03-24 12:01:00,2.9076,2.9126,2.9066,2.9126,2.9126,2.9176,2.9116,2.9176,20
2026-03-24 12:02:00,2.9136,2.9141,2.9081,2.9106,2.9186,2.9191,2.9131,2.9156,39
2026-03-24 12:03:00,2.9111,2.9126,2.9086,2.9111,2.9161,2.9176,2.9136,2.9161,34
2026-03-24 12:04:00,2.9121,2.9126,2.9076,2.9076,2.9171,2.9176,2.9126,2.9126,26
2026-03-24 12:05:00,2.9081,2.9101,2.9041,2.9081,2.9131,2.9151,2.9091,2.9131,25
2026-03-24 12:06:00,2.9076,2.9106,2.9076,2.9086,2.9126,2.9156,2.9126,2.9136,15
2026-03-24 12:07:00,2.9081,2.9086,2.9041,2.9061,2.9131,2.9136,2.9091,2.9111,16
2026-03-24 12:08:00,2.9056,2.9076,2.9041,2.9066,2.9106,2.9126,2.9091,2.9116,25
2026-03-24 12:09:00,2.9071,2.9106,2.9056,2.9101,2.9121,2.9156,2.9106,2.9151,28
2026-03-24 12:10:00,2.9096,2.9106,2.9086,2.9091,2.9146,2.9156,2.9136,2.9141,11
2026-03-24 12:11:00,2.9096,2.9106,2.9096,2.9096,2.9146,2.9156,2.9146,2.9146,15
2026-03-24 12:12:00,2.9101,2.9116,2.9096,2.9101,2.9151,2.9166,2.9146,2.9151,16
2026-03-24 12:13:00,2.9111,2.9126,2.9106,2.9116,2.9161,2.9176,2.9156,2.9166,8
2026-03-24 12:14:00,2.9121,2.9126,2.9106,2.9116,2.9171,2.9176,2.9156,2.9166,19
2026-03-24 12:15:00,2.9111,2.9111,2.9086,2.9101,2.9161,2.9161,2.9136,2.9151,21
2026-03-24 12:16:00,2.9106,2.9106,2.9086,2.9096,2.9156,2.9156,2.9136,2.9146,8
2026-03-24 12:17:00,2.9101,2.9126,2.9101,2.9126,2.9151,2.9176,2.9151,2.9176,14
2026-03-24 12:18:00,2.9121,2.9126,2.9086,2.9096,2.9171,2.9176,2.9136,2.9146,28
2026-03-24 12:19:00,2.9091,2.9091,2.9046,2.9046,2.9141,2.9141,2.9096,2.9096,35
2026-03-24 12:20:00,2.9056,2.9071,2.9046,2.9056,2.9106,2.9121,2.9096,2.9106,12
2026-03-24 12:21:00,2.9046,2.9111,2.9046,2.9111,2.9096,2.9161,2.9096,2.9161,16
2026-03-24 12:22:00,2.9106,2.9106,2.9091,2.9096,2.9156,2.9156,2.9141,2.9146,11
2026-03-24 12:23:00,2.9106,2.9136,2.9106,2.9116,2.9156,2.9186,2.9156,2.9166,19
2026-03-24 12:24:00,2.9121,2.9121,2.9101,2.9101,2.9171,2.9171,2.9151,2.9151,5
2026-03-24 12:25:00,2.9106,2.9111,2.9101,2.9106,2.9156,2.9161,2.9151,2.9156,6
2026-03-24 12:26:00,2.9101,2.9126,2.9101,2.9126,2.9151,2.9176,2.9151,2.9176,8
2026-03-24 12:27:00,2.9121,2.9126,2.9101,2.9126,2.9171,2.9176,2.9151,2.9176,22
2026-03-24 12:28:00,2.9121,2.9191,2.9116,2.9186,2.9171,2.9241,2.9166,2.9236,47
2026-03-24 12:29:00,2.9181,2.9226,2.9181,2.9206,2.9231,2.9276,2.9231,2.9256,22
2026-03-24 12:30:00,2.9201,2.9201,2.9126,2.9136,2.9251,2.9251,2.9176,2.9186,24
2026-03-24 12:31:00,2.9141,2.9176,2.9101,2.9101,2.9191,2.9226,2.9151,2.9151,28
2026-03-24 12:32:00,2.9106,2.9136,2.9101,2.9101,2.9156,2.9186,2.9151,2.9151,18
2026-03-24 12:33:00,2.9116,2.9116,2.9091,2.9091,2.9166,2.9166,2.9141,2.9141,11
2026-03-24 12:34:00,2.9096,2.9121,2.9096,2.9121,2.9146,2.9171,2.9146,2.9171,9
2026-03-24 12:35:00,2.9126,2.9151,2.9126,2.9151,2.9176,2.9201,2.9176,2.9201,14
2026-03-24 12:36:00,2.9156,2.9176,2.9126,2.9176,2.9206,2.9226,2.9176,2.9226,17
2026-03-24 12:37:00,2.9181,2.9196,2.9176,2.9191,2.9231,2.9246,2.9226,2.9241,9
2026-03-24 12:38:00,2.9186,2.9196,2.9166,2.9186,2.9236,2.9246,2.9216,2.9236,11
2026-03-24 12:39:00,2.9191,2.9196,2.9151,2.9171,2.9241,2.9246,2.9201,2.9221,17
2026-03-24 12:40:00,2.9176,2.9186,2.9151,2.9151,2.9226,2.9236,2.9201,2.9201,11
2026-03-24 12:41:00,2.9146,2.9146,2.9086,2.9091,2.9196,2.9196,2.9136,2.9141,26
2026-03-24 12:42:00,2.9086,2.9131,2.9056,2.9131,2.9136,2.9181,2.9106,2.9181,27
2026-03-24 12:43:00,2.9126,2.9141,2.9066,2.9096,2.9176,2.9191,2.9116,2.9146,23
2026-03-24 12:44:00,2.9101,2.9136,2.9076,2.9136,2.9151,2.9186,2.9126,2.9186,25
2026-03-24 12:45:00,2.9131,2.9176,2.9126,2.9131,2.9181,2.9226,2.9176,2.9181,24
2026-03-24 12:46:00,2.9136,2.9136,2.9116,2.9131,2.9186,2.9186,2.9166,2.9181,12
2026-03-24 12:47:00,2.9111,2.9131,2.9086,2.9126,2.9161,2.9181,2.9136,2.9176,26
2026-03-24 12:48:00,2.9136,2.9161,2.9096,2.9161,2.9186,2.9211,2.9146,2.9211,19
2026-03-24 12:49:00,2.9156,2.9161,2.9146,2.9156,2.9206,2.9211,2.9196,2.9206,16
2026-03-24 12:50:00,2.9161,2.9181,2.9161,2.9176,2.9211,2.9231,2.9211,2.9226,9
2026-03-24 12:51:00,2.9181,2.9236,2.9181,2.9216,2.9231,2.9286,2.9231,2.9266,50
2026-03-24 12:52:00,2.9211,2.9246,2.9206,2.9206,2.9261,2.9296,2.9256,2.9256,18
2026-03-24 12:53:00,2.9216,2.9341,2.9216,2.9311,2.9266,2.9391,2.9266,2.9361,87
2026-03-24 12:54:00,2.9321,2.9321,2.9251,2.9256,2.9371,2.9371,2.9301,2.9306,45
2026-03-24 12:55:00,2.9266,2.9266,2.9186,2.9246,2.9316,2.9316,2.9236,2.9296,29
2026-03-24 12:56:00,2.9241,2.9266,2.9206,2.9211,2.9291,2.9316,2.9256,2.9261,30
2026-03-24 12:57:00,2.9216,2.9241,2.9186,2.9196,2.9266,2.9291,2.9236,2.9246,25
2026-03-24 12:58:00,2.9201,2.9231,2.9186,2.9196,2.9251,2.9281,2.9236,2.9246,34
2026-03-24 12:59:00,2.9201,2.9236,2.9201,2.9216,2.9251,2.9286,2.9251,2.9266,34
2026-03-24 13:00:00,2.9206,2.9226,2.9151,2.9211,2.9256,2.9276,2.9201,2.9261,52
2026-03-24 13:01:00,2.9216,2.9246,2.9216,2.9231,2.9266,2.9296,2.9266,2.9281,24
2026-03-24 13:02:00,2.9236,2.9286,2.9231,2.9276,2.9286,2.9336,2.9281,2.9326,26
2026-03-24 13:03:00,2.9266,2.9271,2.9226,2.9246,2.9316,2.9321,2.9276,2.9296,22
2026-03-24 13:04:00,2.9256,2.9256,2.9196,2.9226,2.9306,2.9306,2.9246,2.9276,32
2026-03-24 13:05:00,2.9216,2.9226,2.9196,2.9211,2.9266,2.9276,2.9246,2.9261,8
2026-03-24 13:06:00,2.9216,2.9266,2.9216,2.9266,2.9266,2.9316,2.9266,2.9316,17
2026-03-24 13:07:00,2.9261,2.9306,2.9256,2.9276,2.9311,2.9356,2.9306,2.9326,31
2026-03-24 13:08:00,2.9281,2.9301,2.9276,2.9301,2.9331,2.9351,2.9326,2.9351,24
2026-03-24 13:09:00,2.9296,2.9326,2.9296,2.9311,2.9346,2.9376,2.9346,2.9361,29
2026-03-24 13:10:00,2.9306,2.9306,2.9266,2.9286,2.9356,2.9356,2.9316,2.9336,30
2026-03-24 13:11:00,2.9296,2.9396,2.9296,2.9366,2.9346,2.9446,2.9346,2.9416,36
2026-03-24 13:12:00,2.9376,2.9381,2.9356,2.9376,2.9426,2.9431,2.9406,2.9426,31
2026-03-24 13:13:00,2.9381,2.9386,2.9311,2.9316,2.9431,2.9436,2.9361,2.9366,21
2026-03-24 13:14:00,2.9321,2.9346,2.9311,2.9311,2.9371,2.9396,2.9361,2.9361,31
2026-03-24 13:15:00,2.9316,2.9326,2.9241,2.9251,2.9366,2.9376,2.9291,2.9301,48
2026-03-24 13:16:00,2.9256,2.9316,2.9246,2.9316,2.9306,2.9366,2.9296,2.9366,24
2026-03-24 13:17:00,2.9291,2.9306,2.9291,2.9306,2.9341,2.9356,2.9341,2.9356,6
2026-03-24 13:18:00,2.9311,2.9326,2.9296,2.9306,2.9361,2.9376,2.9346,2.9356,20
2026-03-24 13:19:00,2.9296,2.9296,2.9276,2.9296,2.9346,2.9346,2.9326,2.9346,14
2026-03-24 13:20:00,2.9291,2.9296,2.9241,2.9281,2.9341,2.9346,2.9291,2.9331,29
2026-03-24 13:21:00,2.9286,2.9291,2.9266,2.9281,2.9336,2.9341,2.9316,2.9331,9
2026-03-24 13:22:00,2.9276,2.9306,2.9276,2.9296,2.9326,2.9356,2.9326,2.9346,20
2026-03-24 13:23:00,2.9301,2.9306,2.9231,2.9246,2.9351,2.9356,2.9281,2.9296,20
2026-03-24 13:24:00,2.9251,2.9266,2.9236,2.9256,2.9301,2.9316,2.9286,2.9306,17
2026-03-24 13:25:00,2.9251,2.9291,2.9231,2.9281,2.9301,2.9341,2.9281,2.9331,23
2026-03-24 13:26:00,2.9271,2.9296,2.9266,2.9266,2.9321,2.9346,2.9316,2.9316,22
2026-03-24 13:27:00,2.9261,2.9261,2.9231,2.9241,2.9311,2.9311,2.9281,2.9291,16
2026-03-24 13:28:00,2.9246,2.9256,2.9226,2.9226,2.9296,2.9306,2.9276,2.9276,11
2026-03-24 13:29:00,2.9216,2.9236,2.9156,2.9166,2.9266,2.9286,2.9206,2.9216,27
2026-03-24 13:30:00,2.9161,2.9176,2.9131,2.9176,2.9211,2.9226,2.9181,2.9226,38
2026-03-24 13:31:00,2.9166,2.9196,2.9146,2.9176,2.9216,2.9246,2.9196,2.9226,42
2026-03-24 13:32:00,2.9186,2.9206,2.9176,2.9181,2.9236,2.9256,2.9226,2.9231,30
2026-03-24 13:33:00,2.9176,2.9211,2.9176,2.9211,2.9226,2.9261,2.9226,2.9261,12
2026-03-24 13:34:00,2.9216,2.9216,2.9196,2.9201,2.9266,2.9266,2.9246,2.9251,20
2026-03-24 13:35:00,2.9196,2.9206,2.9181,2.9181,2.9246,2.9256,2.9231,2.9231,24
2026-03-24 13:36:00,2.9186,2.9216,2.9186,2.9206,2.9236,2.9266,2.9236,2.9256,23
2026-03-24 13:37:00,2.9211,2.9281,2.9186,2.9266,2.9261,2.9331,2.9236,2.9316,32
2026-03-24 13:38:00,2.9276,2.9326,2.9276,2.9306,2.9326,2.9376,2.9326,2.9356,20
2026-03-24 13:39:00,2.9301,2.9306,2.9266,2.9286,2.9351,2.9356,2.9316,2.9336,38
2026-03-24 13:40:00,2.9281,2.9286,2.9156,2.9191,2.9331,2.9336,2.9206,2.9241,88
2026-03-24 13:41:00,2.9196,2.9206,2.9171,2.9186,2.9246,2.9256,2.9221,2.9236,23
2026-03-24 13:42:00,2.9176,2.9186,2.9101,2.9116,2.9226,2.9236,2.9151,2.9166,32
2026-03-24 13:43:00,2.9106,2.9156,2.9106,2.9146,2.9156,2.9206,2.9156,2.9196,50
2026-03-24 13:44:00,2.9141,2.9176,2.9111,2.9126,2.9191,2.9226,2.9161,2.9176,31
2026-03-24 13:45:00,2.9121,2.9121,2.9026,2.9066,2.9171,2.9171,2.9076,2.9116,54
2026-03-24 13:46:00,2.9076,2.9096,2.9036,2.9066,2.9126,2.9146,2.9086,2.9116,50
2026-03-24 13:47:00,2.9061,2.9066,2.9026,2.9061,2.9111,2.9116,2.9076,2.9111,39
2026-03-24 13:48:00,2.9056,2.9076,2.9036,2.9066,2.9106,2.9126,2.9086,2.9116,32
2026-03-24 13:49:00,2.9061,2.9066,2.8971,2.9016,2.9111,2.9116,2.9021,2.9066,62
2026-03-24 13:50:00,2.9011,2.9041,2.8956,2.8961,2.9061,2.9091,2.9006,2.9011,59
2026-03-24 13:51:00,2.8951,2.8976,2.8936,2.8966,2.9001,2.9026,2.8986,2.9016,37
2026-03-24 13:52:00,2.8961,2.8976,2.8876,2.8896,2.9011,2.9026,2.8926,2.8946,61
2026-03-24 13:53:00,2.8891,2.8901,2.8816,2.8846,2.8941,2.8951,2.8866,2.8896,66
2026-03-24 13:54:00,2.8841,2.8896,2.8836,2.8881,2.8891,2.8946,2.8886,2.8931,37
2026-03-24 13:55:00,2.8871,2.8941,2.8871,2.8926,2.8921,2.8991,2.8921,2.8976,32
2026-03-24 13:56:00,2.8921,2.8996,2.8916,2.8961,2.8971,2.9046,2.8966,2.9011,38
2026-03-24 13:57:00,2.8956,2.8966,2.8941,2.8956,2.9006,2.9016,2.8991,2.9006,24
2026-03-24 13:58:00,2.8951,2.9016,2.8946,2.8991,2.9001,2.9066,2.8996,2.9041,27
2026-03-24 13:59:00,2.8986,2.9026,2.8986,2.9021,2.9036,2.9076,2.9036,2.9071,36
2026-03-24 14:00:00,2.9006,2.9036,2.8946,2.9026,2.9056,2.9086,2.8996,2.9076,83
2026-03-24 14:01:00,2.9031,2.9041,2.8946,2.8946,2.9081,2.9091,2.8996,2.8996,55
2026-03-24 14:02:00,2.8951,2.8976,2.8926,2.8961,2.9001,2.9026,2.8976,2.9011,40
2026-03-24 14:03:00,2.8966,2.8966,2.8916,2.8926,2.9016,2.9016,2.8966,2.8976,36
2026-03-24 14:04:00,2.8921,2.8936,2.8836,2.8896,2.8971,2.8986,2.8886,2.8946,66
2026-03-24 14:05:00,2.8891,2.8891,2.8826,2.8886,2.8941,2.8941,2.8876,2.8936,56
2026-03-24 14:06:00,2.8881,2.8926,2.8866,2.8891,2.8931,2.8976,2.8916,2.8941,53
2026-03-24 14:07:00,2.8896,2.8986,2.8896,2.8981,2.8946,2.9036,2.8946,2.9031,57
2026-03-24 14:08:00,2.8966,2.9036,2.8946,2.9026,2.9016,2.9086,2.8996,2.9076,59
2026-03-24 14:09:00,2.9016,2.9091,2.9016,2.9066,2.9066,2.9141,2.9066,2.9116,60
2026-03-24 14:10:00,2.9071,2.9116,2.9056,2.9066,2.9121,2.9166,2.9106,2.9116,44
2026-03-24 14:11:00,2.9056,2.9071,2.9026,2.9046,2.9106,2.9121,2.9076,2.9096,50
2026-03-24 14:12:00,2.9041,2.9091,2.9026,2.9076,2.9091,2.9141,2.9076,2.9126,36
2026-03-24 14:13:00,2.9071,2.9186,2.9071,2.9176,2.9121,2.9236,2.9121,2.9226,53
2026-03-24 14:14:00,2.9181,2.9191,2.9146,2.9156,2.9231,2.9241,2.9196,2.9206,54
2026-03-24 14:15:00,2.9166,2.9246,2.9156,2.9231,2.9216,2.9296,2.9206,2.9281,70
2026-03-24 14:16:00,2.9236,2.9236,2.9206,2.9216,2.9286,2.9286,2.9256,2.9266,51
2026-03-24 14:17:00,2.9211,2.9246,2.9206,2.9211,2.9261,2.9296,2.9256,2.9261,41
2026-03-24 14:18:00,2.9206,2.9211,2.9171,2.9201,2.9256,2.9261,2.9221,2.9251,89
2026-03-24 14:19:00,2.9206,2.9276,2.9206,2.9256,2.9256,2.9326,2.9256,2.9306,61
2026-03-24 14:20:00,2.9246,2.9326,2.9246,2.9326,2.9296,2.9376,2.9296,2.9376,42
2026-03-24 14:21:00,2.9311,2.9321,2.9256,2.9276,2.9361,2.9371,2.9306,2.9326,41
2026-03-24 14:22:00,2.9271,2.9271,2.9216,2.9216,2.9321,2.9321,2.9266,2.9266,66
2026-03-24 14:23:00,2.9221,2.9226,2.9156,2.9161,2.9271,2.9276,2.9206,2.9211,50
2026-03-24 14:24:00,2.9156,2.9216,2.9106,2.9206,2.9206,2.9266,2.9156,2.9256,52
2026-03-24 14:25:00,2.9211,2.9256,2.9176,2.9186,2.9261,2.9306,2.9226,2.9236,54
2026-03-24 14:26:00,2.9191,2.9216,2.9191,2.9211,2.9241,2.9266,2.9241,2.9261,33
2026-03-24 14:27:00,2.9216,2.9251,2.9206,2.9246,2.9266,2.9301,2.9256,2.9296,23
2026-03-24 14:28:00,2.9251,2.9276,2.9241,2.9261,2.9301,2.9326,2.9291,2.9311,25
2026-03-24 14:29:00,2.9266,2.9306,2.9256,2.9291,2.9316,2.9356,2.9306,2.9341,53
2026-03-24 14:30:00,2.9281,2.9296,2.9241,2.9261,2.9331,2.9346,2.9291,2.9311,74
2026-03-24 14:31:00,2.9246,2.9296,2.9236,2.9286,2.9296,2.9346,2.9286,2.9336,64
2026-03-24 14:32:00,2.9281,2.9281,2.9236,2.9256,2.9331,2.9331,2.9286,2.9306,44
2026-03-24 14:33:00,2.9251,2.9256,2.9231,2.9246,2.9301,2.9306,2.9281,2.9296,28
2026-03-24 14:34:00,2.9251,2.9251,2.9206,2.9206,2.9301,2.9301,2.9256,2.9256,35
2026-03-24 14:35:00,2.9216,2.9236,2.9186,2.9206,2.9266,2.9286,2.9236,2.9256,33
2026-03-24 14:36:00,2.9201,2.9231,2.9181,2.9226,2.9251,2.9281,2.9231,2.9276,24
2026-03-24 14:37:00,2.9216,2.9216,2.9101,2.9146,2.9266,2.9266,2.9151,2.9196,34
2026-03-24 14:38:00,2.9141,2.9141,2.9126,2.9126,2.9191,2.9191,2.9176,2.9176,30
2026-03-24 14:39:00,2.9131,2.9166,2.9121,2.9156,2.9181,2.9216,2.9171,2.9206,35
2026-03-24 14:40:00,2.9151,2.9186,2.9136,2.9156,2.9201,2.9236,2.9186,2.9206,22
2026-03-24 14:41:00,2.9161,2.9191,2.9156,2.9191,2.9211,2.9241,2.9206,2.9241,24
2026-03-24 14:42:00,2.9186,2.9206,2.9181,2.9186,2.9236,2.9256,2.9231,2.9236,22
2026-03-24 14:43:00,2.9191,2.9196,2.9161,2.9176,2.9241,2.9246,2.9211,2.9226,23
2026-03-24 14:44:00,2.9181,2.9206,2.9176,2.9186,2.9231,2.9256,2.9226,2.9236,17
2026-03-24 14:45:00,2.9196,2.9216,2.9186,2.9211,2.9246,2.9266,2.9236,2.9261,16
2026-03-24 14:46:00,2.9216,2.9246,2.9201,2.9206,2.9266,2.9296,2.9251,2.9256,32
2026-03-24 14:47:00,2.9211,2.9226,2.9166,2.9186,2.9261,2.9276,2.9216,2.9236,21
2026-03-24 14:48:00,2.9181,2.9216,2.9166,2.9166,2.9231,2.9266,2.9216,2.9216,31
2026-03-24 14:49:00,2.9161,2.9176,2.9156,2.9176,2.9211,2.9226,2.9206,2.9226,30
2026-03-24 14:50:00,2.9171,2.9176,2.9116,2.9136,2.9221,2.9226,2.9166,2.9186,43
2026-03-24 14:51:00,2.9131,2.9161,2.9096,2.9151,2.9181,2.9211,2.9146,2.9201,39
2026-03-24 14:52:00,2.9146,2.9166,2.9136,2.9136,2.9196,2.9216,2.9186,2.9186,26
2026-03-24 14:53:00,2.9141,2.9146,2.9071,2.9106,2.9191,2.9196,2.9121,2.9156,45
2026-03-24 14:54:00,2.9111,2.9111,2.9026,2.9036,2.9161,2.9161,2.9076,2.9086,44
2026-03-24 14:55:00,2.9026,2.9071,2.9026,2.9061,2.9076,2.9121,2.9076,2.9111,24
2026-03-24 14:56:00,2.9056,2.9096,2.9036,2.9086,2.9106,2.9146,2.9086,2.9136,25
2026-03-24 14:57:00,2.9081,2.9096,2.9046,2.9096,2.9131,2.9146,2.9096,2.9146,23
2026-03-24 14:58:00,2.9091,2.9106,2.9086,2.9101,2.9141,2.9156,2.9136,2.9151,14
2026-03-24 14:59:00,2.9106,2.9106,2.9046,2.9071,2.9156,2.9156,2.9096,2.9121,22
2026-03-24 15:00:00,2.9056,2.9071,2.9006,2.9006,2.9106,2.9121,2.9056,2.9056,37
2026-03-24 15:01:00,2.9001,2.9046,2.8976,2.9046,2.9051,2.9096,2.9026,2.9096,46
2026-03-24 15:02:00,2.9036,2.9076,2.9026,2.9036,2.9086,2.9126,2.9076,2.9086,34
2026-03-24 15:03:00,2.9031,2.9076,2.9031,2.9056,2.9081,2.9126,2.9081,2.9106,33
2026-03-24 15:04:00,2.9046,2.9086,2.9046,2.9056,2.9096,2.9136,2.9096,2.9106,33
2026-03-24 15:05:00,2.9066,2.9066,2.9016,2.9026,2.9116,2.9116,2.9066,2.9076,36
2026-03-24 15:06:00,2.9021,2.9046,2.9016,2.9036,2.9071,2.9096,2.9066,2.9086,24
2026-03-24 15:07:00,2.9031,2.9031,2.8996,2.9021,2.9081,2.9081,2.9046,2.9071,27
2026-03-24 15:08:00,2.9026,2.9036,2.8996,2.9016,2.9076,2.9086,2.9046,2.9066,24
2026-03-24 15:09:00,2.9011,2.9046,2.9006,2.9026,2.9061,2.9096,2.9056,2.9076,25
2026-03-24 15:10:00,2.9031,2.9056,2.9026,2.9056,2.9081,2.9106,2.9076,2.9106,22
2026-03-24 15:11:00,2.9046,2.9076,2.9046,2.9071,2.9096,2.9126,2.9096,2.9121,21
2026-03-24 15:12:00,2.9076,2.9086,2.9026,2.9026,2.9126,2.9136,2.9076,2.9076,24
2026-03-24 15:13:00,2.9016,2.9056,2.9016,2.9026,2.9066,2.9106,2.9066,2.9076,13
2026-03-24 15:14:00,2.9036,2.9036,2.9021,2.9026,2.9086,2.9086,2.9071,2.9076,10
2026-03-24 15:15:00,2.9016,2.9026,2.8986,2.8996,2.9066,2.9076,2.9036,2.9046,24
2026-03-24 15:16:00,2.8991,2.8991,2.8976,2.8986,2.9041,2.9041,2.9026,2.9036,21
2026-03-24 15:17:00,2.8981,2.9006,2.8976,2.8991,2.9031,2.9056,2.9026,2.9041,31
2026-03-24 15:18:00,2.8996,2.8996,2.8966,2.8971,2.9046,2.9046,2.9016,2.9021,13
2026-03-24 15:19:00,2.8976,2.8996,2.8971,2.8981,2.9026,2.9046,2.9021,2.9031,13
2026-03-24 15:20:00,2.8976,2.8991,2.8946,2.8981,2.9026,2.9041,2.8996,2.9031,40
2026-03-24 15:21:00,2.8976,2.9006,2.8976,2.8996,2.9026,2.9056,2.9026,2.9046,23
2026-03-24 15:22:00,2.8991,2.9011,2.8976,2.9006,2.9041,2.9061,2.9026,2.9056,23
2026-03-24 15:23:00,2.8996,2.9001,2.8946,2.8946,2.9046,2.9051,2.8996,2.8996,19
2026-03-24 15:24:00,2.8956,2.8981,2.8946,2.8976,2.9006,2.9031,2.8996,2.9026,12
2026-03-24 15:25:00,2.8971,2.9016,2.8971,2.8991,2.9021,2.9066,2.9021,2.9041,33
2026-03-24 15:26:00,2.8986,2.9006,2.8966,2.8991,2.9036,2.9056,2.9016,2.9041,25
2026-03-24 15:27:00,2.8986,2.8986,2.8936,2.8946,2.9036,2.9036,2.8986,2.8996,50
2026-03-24 15:28:00,2.8936,2.8956,2.8841,2.8886,2.8986,2.9006,2.8891,2.8936,53
2026-03-24 15:29:00,2.8881,2.8936,2.8876,2.8926,2.8931,2.8986,2.8926,2.8976,25
2026-03-24 15:30:00,2.8931,2.8976,2.8906,2.8966,2.8981,2.9026,2.8956,2.9016,46
2026-03-24 15:31:00,2.8961,2.8961,2.8891,2.8911,2.9011,2.9011,2.8941,2.8961,45
2026-03-24 15:32:00,2.8916,2.8936,2.8911,2.8931,2.8966,2.8986,2.8961,2.8981,18
2026-03-24 15:33:00,2.8926,2.8996,2.8916,2.8996,2.8976,2.9046,2.8966,2.9046,23
2026-03-24 15:34:00,2.8986,2.9071,2.8981,2.9061,2.9036,2.9121,2.9031,2.9111,45
2026-03-24 15:35:00,2.9056,2.9126,2.9051,2.9121,2.9106,2.9176,2.9101,2.9171,40
2026-03-24 15:36:00,2.9116,2.9166,2.9116,2.9156,2.9166,2.9216,2.9166,2.9206,58
2026-03-24 15:37:00,2.9161,2.9176,2.9136,2.9156,2.9211,2.9226,2.9186,2.9206,45
2026-03-24 15:38:00,2.9151,2.9166,2.9146,2.9146,2.9201,2.9216,2.9196,2.9196,38
2026-03-24 15:39:00,2.9156,2.9156,2.9116,2.9126,2.9206,2.9206,2.9166,2.9176,42
2026-03-24 15:40:00,2.9131,2.9156,2.9131,2.9131,2.9181,2.9206,2.9181,2.9181,21
2026-03-24 15:41:00,2.9126,2.9176,2.9106,2.9166,2.9176,2.9226,2.9156,2.9216,51
2026-03-24 15:42:00,2.9161,2.9166,2.9146,2.9146,2.9211,2.9216,2.9196,2.9196,19
2026-03-24 15:43:00,2.9151,2.9151,2.9116,2.9116,2.9201,2.9201,2.9166,2.9166,15
2026-03-24 15:44:00,2.9121,2.9126,2.9041,2.9056,2.9171,2.9176,2.9091,2.9106,43
2026-03-24 15:45:00,2.9066,2.9086,2.9026,2.9086,2.9116,2.9136,2.9076,2.9136,52
2026-03-24 15:46:00,2.9081,2.9086,2.9036,2.9046,2.9131,2.9136,2.9086,2.9096,38
2026-03-24 15:47:00,2.9036,2.9096,2.9016,2.9086,2.9086,2.9146,2.9066,2.9136,57
2026-03-24 15:48:00,2.9081,2.9116,2.9081,2.9106,2.9131,2.9166,2.9131,2.9156,19
2026-03-24 15:49:00,2.9101,2.9136,2.9086,2.9116,2.9151,2.9186,2.9136,2.9166,57
2026-03-24 15:50:00,2.9111,2.9146,2.9106,2.9131,2.9161,2.9196,2.9156,2.9181,47
2026-03-24 15:51:00,2.9126,2.9126,2.8986,2.8986,2.9176,2.9176,2.9036,2.9036,57
2026-03-24 15:52:00,2.9001,2.9016,2.8951,2.8991,2.9051,2.9066,2.9001,2.9041,113
2026-03-24 15:53:00,2.8986,2.9006,2.8966,2.8996,2.9036,2.9056,2.9016,2.9046,64
2026-03-24 15:54:00,2.8991,2.9066,2.8966,2.9036,2.9041,2.9116,2.9016,2.9086,55
2026-03-24 15:55:00,2.9031,2.9056,2.9006,2.9021,2.9081,2.9106,2.9056,2.9071,62
2026-03-24 15:56:00,2.9031,2.9036,2.8966,2.8966,2.9081,2.9086,2.9016,2.9016,73
2026-03-24 15:57:00,2.8956,2.9006,2.8956,2.9006,2.9006,2.9056,2.9006,2.9056,45
2026-03-24 15:58:00,2.9011,2.9041,2.8996,2.9006,2.9061,2.9091,2.9046,2.9056,48
2026-03-24 15:59:00,2.9001,2.9116,2.8991,2.9026,2.9051,2.9166,2.9041,2.9076,109
2026-03-24 16:00:00,2.9021,2.9021,2.8946,2.8971,2.9071,2.9071,2.8996,2.9021,66
2026-03-24 16:01:00,2.8976,2.9001,2.8936,2.8986,2.9026,2.9051,2.8986,2.9036,41
2026-03-24 16:02:00,2.8991,2.9016,2.8976,2.8986,2.9041,2.9066,2.9026,2.9036,57
2026-03-24 16:03:00,2.8991,2.9016,2.8966,2.9006,2.9041,2.9066,2.9016,2.9056,45
2026-03-24 16:04:00,2.9001,2.9021,2.8976,2.8991,2.9051,2.9071,2.9026,2.9041,22
2026-03-24 16:05:00,2.8986,2.8996,2.8976,2.8976,2.9036,2.9046,2.9026,2.9026,25
2026-03-24 16:06:00,2.8971,2.8971,2.8936,2.8941,2.9021,2.9021,2.8986,2.8991,26
2026-03-24 16:07:00,2.8946,2.8966,2.8931,2.8946,2.8996,2.9016,2.8981,2.8996,34
2026-03-24 16:08:00,2.8951,2.9006,2.8946,2.8996,2.9001,2.9056,2.8996,2.9046,38
2026-03-24 16:09:00,2.8991,2.9011,2.8991,2.9001,2.9041,2.9061,2.9041,2.9051,18
2026-03-24 16:10:00,2.9006,2.9036,2.9001,2.9006,2.9056,2.9086,2.9051,2.9056,22
2026-03-24 16:11:00,2.9011,2.9016,2.8996,2.9001,2.9061,2.9066,2.9046,2.9051,17
2026-03-24 16:12:00,2.9006,2.9016,2.8986,2.8986,2.9056,2.9066,2.9036,2.9036,17
2026-03-24 16:13:00,2.8991,2.8996,2.8971,2.8971,2.9041,2.9046,2.9021,2.9021,33
2026-03-24 16:14:00,2.8976,2.8986,2.8956,2.8961,2.9026,2.9036,2.9006,2.9011,12
2026-03-24 16:15:00,2.8956,2.9026,2.8956,2.9006,2.9006,2.9076,2.9006,2.9056,24
2026-03-24 16:16:00,2.9001,2.9006,2.8986,2.8986,2.9051,2.9056,2.9036,2.9036,22
2026-03-24 16:17:00,2.8991,2.9006,2.8986,2.9006,2.9041,2.9056,2.9036,2.9056,19
2026-03-24 16:18:00,2.9016,2.9026,2.9006,2.9011,2.9066,2.9076,2.9056,2.9061,21
2026-03-24 16:19:00,2.9006,2.9071,2.9006,2.9071,2.9056,2.9121,2.9056,2.9121,31
2026-03-24 16:20:00,2.9076,2.9081,2.9056,2.9056,2.9126,2.9131,2.9106,2.9106,22
2026-03-24 16:21:00,2.9051,2.9056,2.9036,2.9046,2.9101,2.9106,2.9086,2.9096,22
2026-03-24 16:22:00,2.9036,2.9036,2.9001,2.9006,2.9086,2.9086,2.9051,2.9056,25
2026-03-24 16:23:00,2.9011,2.9016,2.8996,2.8996,2.9061,2.9066,2.9046,2.9046,15
2026-03-24 16:24:00,2.9001,2.9006,2.8996,2.9006,2.9051,2.9056,2.9046,2.9056,12
2026-03-24 16:25:00,2.9011,2.9016,2.8996,2.9006,2.9061,2.9066,2.9046,2.9056,18
2026-03-24 16:26:00,2.9001,2.9021,2.8996,2.9021,2.9051,2.9071,2.9046,2.9071,23
2026-03-24 16:27:00,2.9016,2.9026,2.8956,2.8956,2.9066,2.9076,2.9006,2.9006,24
2026-03-24 16:28:00,2.8966,2.8986,2.8941,2.8946,2.9016,2.9036,2.8991,2.8996,38
2026-03-24 16:29:00,2.8936,2.8946,2.8906,2.8946,2.8986,2.8996,2.8956,2.8996,19
2026-03-24 16:30:00,2.8941,2.8976,2.8936,2.8966,2.8991,2.9026,2.8986,2.9016,17
2026-03-24 16:31:00,2.8976,2.8996,2.8956,2.8991,2.9026,2.9046,2.9006,2.9041,23
2026-03-24 16:32:00,2.8986,2.8986,2.8946,2.8946,2.9036,2.9036,2.8996,2.8996,39
2026-03-24 16:33:00,2.8951,2.8976,2.8946,2.8946,2.9001,2.9026,2.8996,2.8996,16
2026-03-24 16:34:00,2.8941,2.8956,2.8911,2.8926,2.8991,2.9006,2.8961,2.8976,28
2026-03-24 16:35:00,2.8921,2.8996,2.8916,2.8996,2.8971,2.9046,2.8966,2.9046,36
2026-03-24 16:36:00,2.8986,2.8986,2.8956,2.8956,2.9036,2.9036,2.9006,2.9006,10
2026-03-24 16:37:00,2.8961,2.9001,2.8951,2.8991,2.9011,2.9051,2.9001,2.9041,25
2026-03-24 16:38:00,2.8986,2.8996,2.8976,2.8991,2.9036,2.9046,2.9026,2.9041,26
2026-03-24 16:39:00,2.8986,2.9016,2.8986,2.9011,2.9036,2.9066,2.9036,2.9061,8
2026-03-24 16:40:00,2.9006,2.9016,2.8966,2.8971,2.9056,2.9066,2.9016,2.9021,32
2026-03-24 16:41:00,2.8966,2.9026,2.8966,2.9021,2.9016,2.9076,2.9016,2.9071,29
2026-03-24 16:42:00,2.9026,2.9056,2.9011,2.9011,2.9076,2.9106,2.9061,2.9061,24
2026-03-24 16:43:00,2.9016,2.9016,2.8996,2.9006,2.9066,2.9066,2.9046,2.9056,18
2026-03-24 16:44:00,2.9001,2.9006,2.8991,2.8996,2.9051,2.9056,2.9041,2.9046,7
2026-03-24 16:45:00,2.9006,2.9026,2.8996,2.9026,2.9056,2.9076,2.9046,2.9076,10
2026-03-24 16:46:00,2.9031,2.9081,2.9026,2.9076,2.9081,2.9131,2.9076,2.9126,17
2026-03-24 16:47:00,2.9081,2.9086,2.9046,2.9051,2.9131,2.9136,2.9096,2.9101,27
2026-03-24 16:48:00,2.9046,2.9071,2.9041,2.9046,2.9096,2.9121,2.9091,2.9096,41
2026-03-24 16:49:00,2.9056,2.9076,2.9021,2.9061,2.9106,2.9126,2.9071,2.9111,35
2026-03-24 16:50:00,2.9066,2.9086,2.9026,2.9031,2.9116,2.9136,2.9076,2.9081,34
2026-03-24 16:51:00,2.9026,2.9026,2.8991,2.9001,2.9076,2.9076,2.9041,2.9051,18
2026-03-24 16:52:00,2.8996,2.9026,2.8996,2.9006,2.9046,2.9076,2.9046,2.9056,48
2026-03-24 16:53:00,2.9011,2.9016,2.8986,2.9001,2.9061,2.9066,2.9036,2.9051,27
2026-03-24 16:54:00,2.8996,2.9001,2.8971,2.8986,2.9046,2.9051,2.9021,2.9036,9
2026-03-24 16:55:00,2.8981,2.9006,2.8976,2.9006,2.9031,2.9056,2.9026,2.9056,9
2026-03-24 16:56:00,2.9011,2.9026,2.8986,2.9016,2.9061,2.9076,2.9036,2.9066,25
2026-03-24 16:57:00,2.9021,2.9071,2.8976,2.9046,2.9071,2.9121,2.9026,2.9096,50
2026-03-24 16:58:00,2.9051,2.9066,2.9036,2.9051,2.9101,2.9116,2.9086,2.9101,41
2026-03-24 16:59:00,2.9056,2.9066,2.9046,2.9051,2.9106,2.9116,2.9096,2.9101,34
2026-03-24 17:00:00,2.9046,2.9216,2.9046,2.9216,2.9096,2.9266,2.9096,2.9266,107
2026-03-24 17:01:00,2.9211,2.9226,2.9156,2.9206,2.9261,2.9276,2.9206,2.9256,67
2026-03-24 17:02:00,2.9211,2.9236,2.9196,2.9231,2.9261,2.9286,2.9246,2.9281,55
2026-03-24 17:03:00,2.9226,2.9236,2.9186,2.9191,2.9276,2.9286,2.9236,2.9241,53
2026-03-24 17:04:00,2.9186,2.9191,2.9156,2.9176,2.9236,2.9241,2.9206,2.9226,24
2026-03-24 17:05:00,2.9181,2.9246,2.9181,2.9206,2.9231,2.9296,2.9231,2.9256,34
2026-03-24 17:06:00,2.9196,2.9206,2.9156,2.9156,2.9246,2.9256,2.9206,2.9206,34
2026-03-24 17:07:00,2.9151,2.9166,2.9136,2.9146,2.9201,2.9216,2.9186,2.9196,20
2026-03-24 17:08:00,2.9136,2.9146,2.9091,2.9126,2.9186,2.9196,2.9141,2.9176,47
2026-03-24 17:09:00,2.9131,2.9136,2.9116,2.9121,2.9181,2.9186,2.9166,2.9171,16
2026-03-24 17:10:00,2.9116,2.9166,2.9106,2.9166,2.9166,2.9216,2.9156,2.9216,17
2026-03-24 17:11:00,2.9156,2.9166,2.9126,2.9161,2.9206,2.9216,2.9176,2.9211,35
2026-03-24 17:12:00,2.9156,2.9166,2.9146,2.9166,2.9206,2.9216,2.9196,2.9216,24
2026-03-24 17:13:00,2.9161,2.9226,2.9161,2.9216,2.9211,2.9276,2.9211,2.9266,27
2026-03-24 17:14:00,2.9221,2.9236,2.9206,2.9216,2.9271,2.9286,2.9256,2.9266,30
2026-03-24 17:15:00,2.9211,2.9226,2.9176,2.9196,2.9261,2.9276,2.9226,2.9246,36
2026-03-24 17:16:00,2.9191,2.9201,2.9181,2.9191,2.9241,2.9251,2.9231,2.9241,20
2026-03-24 17:17:00,2.9186,2.9186,2.9166,2.9186,2.9236,2.9236,2.9216,2.9236,24
2026-03-24 17:18:00,2.9181,2.9196,2.9176,2.9186,2.9231,2.9246,2.9226,2.9236,16
2026-03-24 17:19:00,2.9181,2.9196,2.9171,2.9176,2.9231,2.9246,2.9221,2.9226,22
2026-03-24 17:20:00,2.9171,2.9186,2.9161,2.9161,2.9221,2.9236,2.9211,2.9211,25
2026-03-24 17:21:00,2.9156,2.9166,2.9126,2.9126,2.9206,2.9216,2.9176,2.9176,27
2026-03-24 17:22:00,2.9131,2.9146,2.9086,2.9101,2.9181,2.9196,2.9136,2.9151,46
2026-03-24 17:23:00,2.9106,2.9146,2.9106,2.9136,2.9156,2.9196,2.9156,2.9186,28
2026-03-24 17:24:00,2.9131,2.9146,2.9096,2.9096,2.9181,2.9196,2.9146,2.9146,19
2026-03-24 17:25:00,2.9091,2.9126,2.9076,2.9126,2.9141,2.9176,2.9126,2.9176,22
2026-03-24 17:26:00,2.9116,2.9136,2.9096,2.9126,2.9166,2.9186,2.9146,2.9176,30
2026-03-24 17:27:00,2.9116,2.9126,2.9106,2.9111,2.9166,2.9176,2.9156,2.9161,13
2026-03-24 17:28:00,2.9106,2.9116,2.9096,2.9106,2.9156,2.9166,2.9146,2.9156,22
2026-03-24 17:29:00,2.9111,2.9116,2.9086,2.9086,2.9161,2.9166,2.9136,2.9136,13
2026-03-24 17:30:00,2.9081,2.9081,2.9056,2.9076,2.9131,2.9131,2.9106,2.9126,25
2026-03-24 17:31:00,2.9066,2.9116,2.9066,2.9116,2.9116,2.9166,2.9116,2.9166,24
2026-03-24 17:32:00,2.9111,2.9146,2.9101,2.9146,2.9161,2.9196,2.9151,2.9196,40
2026-03-24 17:33:00,2.9141,2.9166,2.9126,2.9156,2.9191,2.9216,2.9176,2.9206,13
2026-03-24 17:34:00,2.9146,2.9246,2.9146,2.9171,2.9196,2.9296,2.9196,2.9221,54
2026-03-24 17:35:00,2.9166,2.9196,2.9156,2.9186,2.9216,2.9246,2.9206,2.9236,26
2026-03-24 17:36:00,2.9176,2.9216,2.9176,2.9176,2.9226,2.9266,2.9226,2.9226,37
2026-03-24 17:37:00,2.9181,2.9196,2.9176,2.9196,2.9231,2.9246,2.9226,2.9246,12
2026-03-24 17:38:00,2.9186,2.9196,2.9156,2.9166,2.9236,2.9246,2.9206,2.9216,22
2026-03-24 17:39:00,2.9171,2.9176,2.9146,2.9146,2.9221,2.9226,2.9196,2.9196,22
2026-03-24 17:40:00,2.9156,2.9166,2.9116,2.9151,2.9206,2.9216,2.9166,2.9201,31
2026-03-24 17:41:00,2.9156,2.9156,2.9126,2.9136,2.9206,2.9206,2.9176,2.9186,9
2026-03-24 17:42:00,2.9141,2.9146,2.9081,2.9081,2.9191,2.9196,2.9131,2.9131,17
2026-03-24 17:43:00,2.9071,2.9131,2.9066,2.9116,2.9121,2.9181,2.9116,2.9166,40
2026-03-24 17:44:00,2.9126,2.9141,2.9106,2.9121,2.9176,2.9191,2.9156,2.9171,23
2026-03-24 17:45:00,2.9116,2.9136,2.9106,2.9131,2.9166,2.9186,2.9156,2.9181,27
2026-03-24 17:46:00,2.9121,2.9126,2.9096,2.9126,2.9171,2.9176,2.9146,2.9176,29
2026-03-24 17:47:00,2.9131,2.9136,2.9116,2.9121,2.9181,2.9186,2.9166,2.9171,19
2026-03-24 17:48:00,2.9116,2.9116,2.9086,2.9096,2.9166,2.9166,2.9136,2.9146,18
2026-03-24 17:49:00,2.9086,2.9096,2.9026,2.9036,2.9136,2.9146,2.9076,2.9086,42
2026-03-24 17:50:00,2.9046,2.9076,2.9006,2.9076,2.9096,2.9126,2.9056,2.9126,45
2026-03-24 17:51:00,2.9071,2.9071,2.9046,2.9061,2.9121,2.9121,2.9096,2.9111,33
2026-03-24 17:52:00,2.9056,2.9081,2.9046,2.9081,2.9106,2.9131,2.9096,2.9131,20
2026-03-24 17:53:00,2.9086,2.9126,2.9086,2.9126,2.9136,2.9176,2.9136,2.9176,17
2026-03-24 17:54:00,2.9121,2.9126,2.9106,2.9106,2.9171,2.9176,2.9156,2.9156,15
2026-03-24 17:55:00,2.9096,2.9166,2.9096,2.9141,2.9146,2.9216,2.9146,2.9191,30
2026-03-24 17:56:00,2.9146,2.9161,2.9131,2.9136,2.9196,2.9211,2.9181,2.9186,20
2026-03-24 17:57:00,2.9146,2.9156,2.9131,2.9136,2.9196,2.9206,2.9181,2.9186,12
2026-03-24 17:58:00,2.9131,2.9176,2.9126,2.9151,2.9181,2.9226,2.9176,2.9201,19
2026-03-24 17:59:00,2.9146,2.9146,2.9126,2.9146,2.9196,2.9196,2.9176,2.9196,38
2026-03-24 18:00:00,2.9141,2.9151,2.9126,2.9131,2.9191,2.9201,2.9176,2.9181,15
2026-03-24 18:01:00,2.9126,2.9166,2.9126,2.9166,2.9176,2.9216,2.9176,2.9216,8
2026-03-24 18:02:00,2.9171,2.9186,2.9161,2.9176,2.9221,2.9236,2.9211,2.9226,16
2026-03-24 18:03:00,2.9181,2.9226,2.9181,2.9221,2.9231,2.9276,2.9231,2.9271,16
2026-03-24 18:04:00,2.9216,2.9216,2.9186,2.9206,2.9266,2.9266,2.9236,2.9256,10
2026-03-24 18:05:00,2.9211,2.9266,2.9211,2.9261,2.9261,2.9316,2.9261,2.9311,55
2026-03-24 18:06:00,2.9266,2.9276,2.9226,2.9246,2.9316,2.9326,2.9276,2.9296,27
2026-03-24 18:07:00,2.9251,2.9296,2.9251,2.9296,2.9301,2.9346,2.9301,2.9346,34
2026-03-24 18:08:00,2.9306,2.9356,2.9306,2.9321,2.9356,2.9406,2.9356,2.9371,71
2026-03-24 18:09:00,2.9316,2.9356,2.9316,2.9341,2.9366,2.9406,2.9366,2.9391,38
2026-03-24 18:10:00,2.9346,2.9371,2.9326,2.9346,2.9396,2.9421,2.9376,2.9396,35
2026-03-24 18:11:00,2.9351,2.9351,2.9296,2.9306,2.9401,2.9401,2.9346,2.9356,39
2026-03-24 18:12:00,2.9316,2.9346,2.9311,2.9346,2.9366,2.9396,2.9361,2.9396,19
2026-03-24 18:13:00,2.9351,2.9351,2.9306,2.9316,2.9401,2.9401,2.9356,2.9366,36
2026-03-24 18:14:00,2.9311,2.9356,2.9311,2.9356,2.9361,2.9406,2.9361,2.9406,25
2026-03-24 18:15:00,2.9376,2.9456,2.9376,2.9431,2.9426,2.9506,2.9426,2.9481,67
2026-03-24 18:16:00,2.9436,2.9441,2.9406,2.9406,2.9486,2.9491,2.9456,2.9456,38
2026-03-24 18:17:00,2.9411,2.9411,2.9336,2.9376,2.9461,2.9461,2.9386,2.9426,44
2026-03-24 18:18:00,2.9371,2.9386,2.9366,2.9376,2.9421,2.9436,2.9416,2.9426,29
2026-03-24 18:19:00,2.9386,2.9396,2.9306,2.9306,2.9436,2.9446,2.9356,2.9356,39
2026-03-24 18:20:00,2.9296,2.9326,2.9296,2.9316,2.9346,2.9376,2.9346,2.9366,31
2026-03-24 18:21:00,2.9306,2.9356,2.9306,2.9306,2.9356,2.9406,2.9356,2.9356,35
2026-03-24 18:22:00,2.9311,2.9316,2.9276,2.9296,2.9361,2.9366,2.9326,2.9346,24
2026-03-24 18:23:00,2.9301,2.9346,2.9296,2.9346,2.9351,2.9396,2.9346,2.9396,14
2026-03-24 18:24:00,2.9341,2.9366,2.9321,2.9366,2.9391,2.9416,2.9371,2.9416,14
2026-03-24 18:25:00,2.9361,2.9361,2.9336,2.9346,2.9411,2.9411,2.9386,2.9396,20
2026-03-24 18:26:00,2.9356,2.9361,2.9316,2.9361,2.9406,2.9411,2.9366,2.9411,25
2026-03-24 18:27:00,2.9356,2.9376,2.9326,2.9346,2.9406,2.9426,2.9376,2.9396,35
2026-03-24 18:28:00,2.9341,2.9341,2.9266,2.9266,2.9391,2.9391,2.9316,2.9316,29
2026-03-24 18:29:00,2.9261,2.9271,2.9236,2.9246,2.9311,2.9321,2.9286,2.9296,43
2026-03-24 18:30:00,2.9241,2.9281,2.9216,2.9216,2.9291,2.9331,2.9266,2.9266,28
2026-03-24 18:31:00,2.9211,2.9211,2.9181,2.9206,2.9261,2.9261,2.9231,2.9256,22
2026-03-24 18:32:00,2.9216,2.9216,2.9186,2.9206,2.9266,2.9266,2.9236,2.9256,17
2026-03-24 18:33:00,2.9196,2.9206,2.9186,2.9191,2.9246,2.9256,2.9236,2.9241,22
2026-03-24 18:34:00,2.9196,2.9216,2.9186,2.9216,2.9246,2.9266,2.9236,2.9266,19
2026-03-24 18:35:00,2.9206,2.9206,2.9186,2.9186,2.9256,2.9256,2.9236,2.9236,14
2026-03-24 18:36:00,2.9196,2.9206,2.9176,2.9181,2.9246,2.9256,2.9226,2.9231,21
2026-03-24 18:37:00,2.9186,2.9201,2.9186,2.9196,2.9236,2.9251,2.9236,2.9246,14
2026-03-24 18:38:00,2.9201,2.9206,2.9196,2.9196,2.9251,2.9256,2.9246,2.9246,19
2026-03-24 18:39:00,2.9206,2.9206,2.9176,2.9186,2.9256,2.9256,2.9226,2.9236,9
2026-03-24 18:40:00,2.9191,2.9206,2.9176,2.9206,2.9241,2.9256,2.9226,2.9256,12
2026-03-24 18:41:00,2.9201,2.9211,2.9186,2.9211,2.9251,2.9261,2.9236,2.9261,5
2026-03-24 18:42:00,2.9216,2.9226,2.9211,2.9211,2.9266,2.9276,2.9261,2.9261,23
2026-03-24 18:43:00,2.9206,2.9216,2.9206,2.9206,2.9256,2.9266,2.9256,2.9256,3
2026-03-24 18:44:00,2.9216,2.9226,2.9211,2.9226,2.9266,2.9276,2.9261,2.9276,18
2026-03-24 18:45:00,2.9221,2.9226,2.9206,2.9216,2.9271,2.9276,2.9256,2.9266,25
2026-03-24 18:46:00,2.9221,2.9236,2.9216,2.9226,2.9271,2.9286,2.9266,2.9276,14
2026-03-24 18:47:00,2.9231,2.9236,2.9206,2.9216,2.9281,2.9286,2.9256,2.9266,21
2026-03-24 18:48:00,2.9211,2.9236,2.9206,2.9216,2.9261,2.9286,2.9256,2.9266,27
2026-03-24 18:49:00,2.9211,2.9216,2.9196,2.9206,2.9261,2.9266,2.9246,2.9256,20
2026-03-24 18:50:00,2.9211,2.9286,2.9211,2.9256,2.9261,2.9336,2.9261,2.9306,41
2026-03-24 18:51:00,2.9236,2.9236,2.9166,2.9186,2.9286,2.9286,2.9216,2.9236,27
2026-03-24 18:52:00,2.9181,2.9186,2.9126,2.9156,2.9231,2.9236,2.9176,2.9206,49
2026-03-24 18:53:00,2.9161,2.9166,2.9141,2.9151,2.9211,2.9216,2.9191,2.9201,22
2026-03-24 18:54:00,2.9146,2.9151,2.9136,2.9151,2.9196,2.9201,2.9186,2.9201,24
2026-03-24 18:55:00,2.9146,2.9156,2.9016,2.9041,2.9196,2.9206,2.9066,2.9091,79
2026-03-24 18:56:00,2.9046,2.9071,2.8986,2.9071,2.9096,2.9121,2.9036,2.9121,77
2026-03-24 18:57:00,2.9066,2.9096,2.9046,2.9066,2.9116,2.9146,2.9096,2.9116,41
2026-03-24 18:58:00,2.9061,2.9066,2.9016,2.9046,2.9111,2.9116,2.9066,2.9096,52
2026-03-24 18:59:00,2.9056,2.9096,2.9056,2.9056,2.9106,2.9146,2.9106,2.9106,96
2026-03-24 19:00:00,2.9061,2.9066,2.9016,2.9066,2.9111,2.9116,2.9066,2.9116,72
2026-03-24 19:01:00,2.9071,2.9131,2.9071,2.9116,2.9121,2.9181,2.9121,2.9166,92
2026-03-24 19:02:00,2.9121,2.9176,2.9116,2.9151,2.9171,2.9226,2.9166,2.9201,88
2026-03-24 19:03:00,2.9156,2.9186,2.9156,2.9176,2.9206,2.9236,2.9206,2.9226,36
2026-03-24 19:04:00,2.9171,2.9171,2.9116,2.9126,2.9221,2.9221,2.9166,2.9176,31
2026-03-24 19:05:00,2.9136,2.9146,2.9121,2.9126,2.9186,2.9196,2.9171,2.9176,25
2026-03-24 19:06:00,2.9121,2.9146,2.9096,2.9096,2.9171,2.9196,2.9146,2.9146,25
2026-03-24 19:07:00,2.9091,2.9096,2.9086,2.9086,2.9141,2.9146,2.9136,2.9136,27
2026-03-24 19:08:00,2.9076,2.9116,2.9076,2.9101,2.9126,2.9166,2.9126,2.9151,33
2026-03-24 19:09:00,2.9106,2.9131,2.9096,2.9131,2.9156,2.9181,2.9146,2.9181,32
2026-03-24 19:10:00,2.9126,2.9126,2.9081,2.9096,2.9176,2.9176,2.9131,2.9146,33
2026-03-24 19:11:00,2.9106,2.9111,2.9066,2.9086,2.9156,2.9161,2.9116,2.9136,25
2026-03-24 19:12:00,2.9076,2.9096,2.9066,2.9086,2.9126,2.9146,2.9116,2.9136,13
2026-03-24 19:13:00,2.9081,2.9136,2.9081,2.9136,2.9131,2.9186,2.9131,2.9186,24
2026-03-24 19:14:00,2.9146,2.9186,2.9136,2.9186,2.9196,2.9236,2.9186,2.9236,23
2026-03-24 19:15:00,2.9176,2.9226,2.9166,2.9216,2.9226,2.9276,2.9216,2.9266,24
2026-03-24 19:16:00,2.9221,2.9236,2.9196,2.9201,2.9271,2.9286,2.9246,2.9251,26
2026-03-24 19:17:00,2.9196,2.9206,2.9166,2.9181,2.9246,2.9256,2.9216,2.9231,24
2026-03-24 19:18:00,2.9176,2.9176,2.9146,2.9171,2.9226,2.9226,2.9196,2.9221,17
2026-03-24 19:19:00,2.9166,2.9176,2.9116,2.9126,2.9216,2.9226,2.9166,2.9176,60
2026-03-24 19:20:00,2.9121,2.9206,2.9121,2.9186,2.9171,2.9256,2.9171,2.9236,38
2026-03-24 19:21:00,2.9181,2.9196,2.9176,2.9186,2.9231,2.9246,2.9226,2.9236,23
2026-03-24 19:22:00,2.9181,2.9186,2.9151,2.9151,2.9231,2.9236,2.9201,2.9201,15
2026-03-24 19:23:00,2.9146,2.9161,2.9136,2.9151,2.9196,2.9211,2.9186,2.9201,27
2026-03-24 19:24:00,2.9156,2.9186,2.9156,2.9161,2.9206,2.9236,2.9206,2.9211,16
2026-03-24 19:25:00,2.9171,2.9196,2.9166,2.9176,2.9221,2.9246,2.9216,2.9226,20
2026-03-24 19:26:00,2.9186,2.9186,2.9156,2.9161,2.9236,2.9236,2.9206,2.9211,21
2026-03-24 19:27:00,2.9166,2.9176,2.9131,2.9151,2.9216,2.9226,2.9181,2.9201,36
2026-03-24 19:28:00,2.9156,2.9256,2.9141,2.9256,2.9206,2.9306,2.9191,2.9306,104
2026-03-24 19:29:00,2.9246,2.9261,2.9211,2.9246,2.9296,2.9311,2.9261,2.9296,114
2026-03-24 19:30:00,2.9236,2.9256,2.9216,2.9236,2.9286,2.9306,2.9266,2.9286,52
2026-03-24 19:31:00,2.9231,2.9276,2.9231,2.9256,2.9281,2.9326,2.9281,2.9306,27
2026-03-24 19:32:00,2.9246,2.9286,2.9246,2.9286,2.9296,2.9336,2.9296,2.9336,38
2026-03-24 19:33:00,2.9276,2.9286,2.9256,2.9256,2.9326,2.9336,2.9306,2.9306,70
2026-03-24 19:34:00,2.9266,2.9266,2.9256,2.9256,2.9316,2.9316,2.9306,2.9306,18
2026-03-24 19:35:00,2.9261,2.9261,2.9226,2.9246,2.9311,2.9311,2.9276,2.9296,39
2026-03-24 19:36:00,2.9241,2.9246,2.9236,2.9236,2.9291,2.9296,2.9286,2.9286,5
2026-03-24 19:37:00,2.9241,2.9246,2.9206,2.9211,2.9291,2.9296,2.9256,2.9261,31
2026-03-24 19:38:00,2.9216,2.9216,2.9196,2.9206,2.9266,2.9266,2.9246,2.9256,15
2026-03-24 19:39:00,2.9201,2.9241,2.9151,2.9161,2.9251,2.9291,2.9201,2.9211,74
2026-03-24 19:40:00,2.9156,2.9166,2.9081,2.9166,2.9206,2.9216,2.9131,2.9216,53
2026-03-24 19:41:00,2.9161,2.9206,2.9146,2.9201,2.9211,2.9256,2.9196,2.9251,37
2026-03-24 19:42:00,2.9211,2.9241,2.9211,2.9236,2.9261,2.9291,2.9261,2.9286,15
2026-03-24 19:43:00,2.9231,2.9231,2.9216,2.9226,2.9281,2.9281,2.9266,2.9276,15
2026-03-24 19:44:00,2.9221,2.9221,2.9211,2.9216,2.9271,2.9271,2.9261,2.9266,8
2026-03-24 19:45:00,2.9206,2.9206,2.9166,2.9176,2.9256,2.9256,2.9216,2.9226,29
2026-03-24 19:46:00,2.9166,2.9206,2.9166,2.9176,2.9216,2.9256,2.9216,2.9226,17
2026-03-24 19:47:00,2.9181,2.9191,2.9176,2.9186,2.9231,2.9241,2.9226,2.9236,4
2026-03-24 19:48:00,2.9196,2.9196,2.9176,2.9181,2.9246,2.9246,2.9226,2.9231,5
2026-03-24 19:49:00,2.9186,2.9196,2.9186,2.9191,2.9236,2.9246,2.9236,2.9241,8
2026-03-24 19:50:00,2.9196,2.9211,2.9196,2.9196,2.9246,2.9261,2.9246,2.9246,14
2026-03-24 19:51:00,2.9206,2.9216,2.9196,2.9196,2.9256,2.9266,2.9246,2.9246,14
2026-03-24 19:52:00,2.9201,2.9201,2.9166,2.9176,2.9251,2.9251,2.9216,2.9226,11
2026-03-24 19:53:00,2.9171,2.9176,2.9156,2.9166,2.9221,2.9226,2.9206,2.9216,8
2026-03-24 19:54:00,2.9176,2.9196,2.9176,2.9176,2.9226,2.9246,2.9226,2.9226,14
2026-03-24 19:55:00,2.9171,2.9191,2.9156,2.9191,2.9221,2.9241,2.9206,2.9241,23
2026-03-24 19:56:00,2.9196,2.9221,2.9176,2.9211,2.9246,2.9271,2.9226,2.9261,24
2026-03-24 19:57:00,2.9226,2.9226,2.9176,2.9181,2.9276,2.9276,2.9226,2.9231,17
2026-03-24 19:58:00,2.9176,2.9176,2.9136,2.9146,2.9226,2.9226,2.9186,2.9196,16
2026-03-24 19:59:00,2.9141,2.9146,2.9136,2.9146,2.9191,2.9196,2.9186,2.9196,8
2026-03-24 20:00:00,2.9141,2.9146,2.9116,2.9116,2.9191,2.9196,2.9166,2.9166,14
2026-03-24 20:01:00,2.9106,2.9106,2.9081,2.9096,2.9156,2.9156,2.9131,2.9146,18
2026-03-24 20:02:00,2.9106,2.9106,2.9086,2.9086,2.9156,2.9156,2.9136,2.9136,5
2026-03-24 20:03:00,2.9096,2.9096,2.9081,2.9096,2.9146,2.9146,2.9131,2.9146,12
2026-03-24 20:04:00,2.9101,2.9101,2.9086,2.9091,2.9151,2.9151,2.9136,2.9141,12
2026-03-24 20:05:00,2.9096,2.9126,2.9091,2.9116,2.9146,2.9176,2.9141,2.9166,23
2026-03-24 20:06:00,2.9111,2.9141,2.9111,2.9141,2.9161,2.9191,2.9161,2.9191,8
2026-03-24 20:07:00,2.9136,2.9141,2.9131,2.9141,2.9186,2.9191,2.9181,2.9191,6
2026-03-24 20:08:00,2.9146,2.9156,2.9126,2.9141,2.9196,2.9206,2.9176,2.9191,14
2026-03-24 20:09:00,2.9136,2.9146,2.9136,2.9136,2.9186,2.9196,2.9186,2.9186,6
2026-03-24 20:10:00,2.9126,2.9146,2.9126,2.9146,2.9176,2.9196,2.9176,2.9196,10
2026-03-24 20:11:00,2.9151,2.9166,2.9151,2.9166,2.9201,2.9216,2.9201,2.9216,8
2026-03-24 20:12:00,2.9156,2.9166,2.9156,2.9156,2.9206,2.9216,2.9206,2.9206,6
2026-03-24 20:13:00,2.9151,2.9151,2.9106,2.9116,2.9201,2.9201,2.9156,2.9166,14
2026-03-24 20:14:00,2.9126,2.9131,2.9096,2.9106,2.9176,2.9181,2.9146,2.9156,15
2026-03-24 20:15:00,2.9111,2.9116,2.9096,2.9106,2.9161,2.9166,2.9146,2.9156,11
2026-03-24 20:17:00,2.9101,2.9106,2.9101,2.9106,2.9151,2.9156,2.9151,2.9156,2
2026-03-24 20:18:00,2.9101,2.9101,2.9066,2.9066,2.9151,2.9151,2.9116,2.9116,16
2026-03-24 20:19:00,2.9056,2.9076,2.9031,2.9046,2.9106,2.9126,2.9081,2.9096,23
2026-03-24 20:20:00,2.9036,2.9056,2.9036,2.9036,2.9086,2.9106,2.9086,2.9086,6
2026-03-24 20:21:00,2.9031,2.9036,2.9026,2.9031,2.9081,2.9086,2.9076,2.9081,11
2026-03-24 20:22:00,2.9036,2.9066,2.9026,2.9041,2.9086,2.9116,2.9076,2.9091,17
2026-03-24 20:23:00,2.9036,2.9036,2.9001,2.9006,2.9086,2.9086,2.9051,2.9056,15
2026-03-24 20:24:00,2.9011,2.9026,2.9006,2.9026,2.9061,2.9076,2.9056,2.9076,26
2026-03-24 20:25:00,2.9021,2.9026,2.9016,2.9016,2.9071,2.9076,2.9066,2.9066,7
2026-03-24 20:26:00,2.9021,2.9036,2.9016,2.9026,2.9071,2.9086,2.9066,2.9076,18
2026-03-24 20:27:00,2.9036,2.9056,2.9036,2.9051,2.9086,2.9106,2.9086,2.9101,7
2026-03-24 20:28:00,2.9046,2.9056,2.9041,2.9046,2.9096,2.9106,2.9091,2.9096,11
2026-03-24 20:29:00,2.9041,2.9046,2.9041,2.9046,2.9091,2.9096,2.9091,2.9096,10
2026-03-24 20:30:00,2.9056,2.9076,2.9056,2.9076,2.9106,2.9126,2.9106,2.9126,11
2026-03-24 20:31:00,2.9071,2.9071,2.9036,2.9036,2.9121,2.9121,2.9086,2.9086,11
2026-03-24 20:32:00,2.9031,2.9036,2.9026,2.9031,2.9081,2.9086,2.9076,2.9081,6
2026-03-24 20:33:00,2.9041,2.9046,2.9031,2.9046,2.9091,2.9096,2.9081,2.9096,8
2026-03-24 20:34:00,2.9036,2.9036,2.9031,2.9031,2.9086,2.9086,2.9081,2.9081,4
2026-03-24 20:35:00,2.9036,2.9046,2.9036,2.9046,2.9086,2.9096,2.9086,2.9096,3
2026-03-24 20:36:00,2.9041,2.9041,2.9036,2.9036,2.9091,2.9091,2.9086,2.9086,2
2026-03-24 20:37:00,2.9046,2.9066,2.9046,2.9051,2.9096,2.9116,2.9096,2.9101,11
2026-03-24 20:38:00,2.9056,2.9096,2.9046,2.9086,2.9106,2.9146,2.9096,2.9136,10
2026-03-24 20:39:00,2.9081,2.9116,2.9076,2.9106,2.9131,2.9166,2.9126,2.9156,12
2026-03-24 20:40:00,2.9116,2.9116,2.9111,2.9111,2.9166,2.9166,2.9161,2.9161,4
2026-03-24 20:41:00,2.9121,2.9126,2.9111,2.9116,2.9171,2.9176,2.9161,2.9166,10
2026-03-24 20:42:00,2.9106,2.9111,2.9086,2.9096,2.9156,2.9161,2.9136,2.9146,13
2026-03-24 20:43:00,2.9091,2.9091,2.9091,2.9091,2.9141,2.9141,2.9141,2.9141,1
2026-03-24 20:44:00,2.9096,2.9116,2.9096,2.9106,2.9146,2.9166,2.9146,2.9156,4
2026-03-24 20:45:00,2.9126,2.9126,2.9106,2.9106,2.9176,2.9176,2.9156,2.9156,4
2026-03-24 20:46:00,2.9111,2.9111,2.9086,2.9086,2.9161,2.9161,2.9136,2.9136,5
2026-03-24 20:47:00,2.9076,2.9106,2.9076,2.9101,2.9126,2.9156,2.9126,2.9151,7
2026-03-24 20:48:00,2.9096,2.9101,2.9096,2.9096,2.9146,2.9151,2.9146,2.9146,3
2026-03-24 20:49:00,2.9101,2.9116,2.9096,2.9101,2.9151,2.9166,2.9146,2.9151,14
2026-03-24 20:50:00,2.9106,2.9126,2.9096,2.9111,2.9156,2.9176,2.9146,2.9161,9
2026-03-24 20:51:00,2.9106,2.9116,2.9106,2.9116,2.9156,2.9166,2.9156,2.9166,5
2026-03-24 20:52:00,2.9111,2.9131,2.9106,2.9131,2.9161,2.9181,2.9156,2.9181,10
2026-03-24 20:53:00,2.9136,2.9136,2.9106,2.9111,2.9186,2.9186,2.9156,2.9161,9
2026-03-24 20:54:00,2.9106,2.9111,2.9101,2.9101,2.9156,2.9161,2.9151,2.9151,5
2026-03-24 20:55:00,2.9096,2.9121,2.9096,2.9116,2.9146,2.9171,2.9146,2.9166,11
2026-03-24 20:56:00,2.9111,2.9111,2.9091,2.9091,2.9161,2.9161,2.9141,2.9141,8
2026-03-24 20:57:00,2.9086,2.9106,2.9086,2.9101,2.9136,2.9156,2.9136,2.9151,10
2026-03-24 20:58:00,2.9096,2.9101,2.8986,2.9056,2.9146,2.9151,2.9036,2.9106,26
2026-03-24 20:59:00,2.9061,2.9066,2.9041,2.9051,2.9111,2.9116,2.9091,2.9101,16
2026-03-24 21:00:00,2.9046,2.9056,2.9041,2.9051,2.9096,2.9106,2.9091,2.9101,7
2026-03-24 21:01:00,2.9056,2.9056,2.9036,2.9036,2.9106,2.9106,2.9086,2.9086,4
2026-03-24 21:02:00,2.9031,2.9046,2.9031,2.9046,2.9081,2.9096,2.9081,2.9096,11
2026-03-24 21:03:00,2.9036,2.9041,2.9026,2.9036,2.9086,2.9091,2.9076,2.9086,10
2026-03-24 21:04:00,2.9041,2.9051,2.9036,2.9046,2.9091,2.9101,2.9086,2.9096,14
2026-03-24 21:05:00,2.9056,2.9066,2.9036,2.9066,2.9106,2.9116,2.9086,2.9116,8
2026-03-24 21:06:00,2.9061,2.9061,2.9056,2.9056,2.9111,2.9111,2.9106,2.9106,4
2026-03-24 21:07:00,2.9061,2.9061,2.9041,2.9041,2.9111,2.9111,2.9091,2.9091,7
2026-03-24 21:08:00,2.9036,2.9046,2.9031,2.9036,2.9086,2.9096,2.9081,2.9086,8
2026-03-24 21:09:00,2.9031,2.9036,2.9026,2.9036,2.9081,2.9086,2.9076,2.9086,5
2026-03-24 21:10:00,2.9026,2.9026,2.9016,2.9016,2.9076,2.9076,2.9066,2.9066,8
2026-03-24 21:11:00,2.9011,2.9016,2.9006,2.9006,2.9061,2.9066,2.9056,2.9056,8
2026-03-24 21:12:00,2.9001,2.9006,2.8986,2.8996,2.9051,2.9056,2.9036,2.9046,14
2026-03-24 21:13:00,2.9001,2.9006,2.9001,2.9001,2.9051,2.9056,2.9051,2.9051,7
2026-03-24 21:14:00,2.8996,2.8996,2.8996,2.8996,2.9046,2.9046,2.9046,2.9046,1
2026-03-24 21:15:00,2.9001,2.9016,2.8976,2.8996,2.9051,2.9066,2.9026,2.9046,15
2026-03-24 21:16:00,2.9006,2.9006,2.8986,2.8991,2.9056,2.9056,2.9036,2.9041,5
2026-03-24 21:17:00,2.8986,2.8986,2.8976,2.8976,2.9036,2.9036,2.9026,2.9026,9
2026-03-24 21:18:00,2.8971,2.8976,2.8956,2.8966,2.9021,2.9026,2.9006,2.9016,10
2026-03-24 21:19:00,2.8971,2.8971,2.8936,2.8936,2.9021,2.9021,2.8986,2.8986,12
2026-03-24 21:20:00,2.8946,2.8946,2.8836,2.8836,2.8996,2.8996,2.8886,2.8886,56
2026-03-24 21:21:00,2.8846,2.8846,2.8746,2.8796,2.8896,2.8896,2.8796,2.8846,67
2026-03-24 21:22:00,2.8781,2.8806,2.8696,2.8736,2.8831,2.8856,2.8746,2.8786,55
2026-03-24 21:23:00,2.8731,2.8746,2.8666,2.8711,2.8781,2.8796,2.8716,2.8761,55
2026-03-24 21:24:00,2.8706,2.8716,2.8631,2.8661,2.8756,2.8766,2.8681,2.8711,60
2026-03-24 21:25:00,2.8656,2.8666,2.8596,2.8621,2.8706,2.8716,2.8646,2.8671,62
2026-03-24 21:26:00,2.8606,2.8611,2.8536,2.8556,2.8656,2.8661,2.8586,2.8606,44
2026-03-24 21:27:00,2.8546,2.8636,2.8546,2.8621,2.8596,2.8686,2.8596,2.8671,55
2026-03-24 21:28:00,2.8616,2.8681,2.8606,2.8656,2.8666,2.8731,2.8656,2.8706,75
2026-03-24 21:29:00,2.8651,2.8716,2.8651,2.8686,2.8701,2.8766,2.8701,2.8736,47
2026-03-24 21:30:00,2.8676,2.8676,2.8536,2.8561,2.8726,2.8726,2.8586,2.8611,58
2026-03-24 21:31:00,2.8566,2.8641,2.8566,2.8611,2.8616,2.8691,2.8616,2.8661,78
2026-03-24 21:32:00,2.8616,2.8636,2.8586,2.8601,2.8666,2.8686,2.8636,2.8651,41
2026-03-24 21:33:00,2.8596,2.8616,2.8581,2.8611,2.8646,2.8666,2.8631,2.8661,16
2026-03-24 21:34:00,2.8616,2.8686,2.8606,2.8676,2.8666,2.8736,2.8656,2.8726,42
2026-03-24 21:35:00,2.8671,2.8716,2.8671,2.8701,2.8721,2.8766,2.8721,2.8751,37
2026-03-24 21:36:00,2.8696,2.8696,2.8641,2.8661,2.8746,2.8746,2.8691,2.8711,40
2026-03-24 21:37:00,2.8646,2.8666,2.8626,2.8651,2.8696,2.8716,2.8676,2.8701,28
2026-03-24 21:38:00,2.8646,2.8676,2.8606,2.8666,2.8696,2.8726,2.8656,2.8716,37
2026-03-24 21:39:00,2.8661,2.8661,2.8591,2.8606,2.8711,2.8711,2.8641,2.8656,32
2026-03-24 21:40:00,2.8601,2.8656,2.8601,2.8646,2.8651,2.8706,2.8651,2.8696,18
2026-03-24 21:41:00,2.8656,2.8666,2.8641,2.8661,2.8706,2.8716,2.8691,2.8711,18
2026-03-24 21:42:00,2.8666,2.8711,2.8666,2.8711,2.8716,2.8761,2.8716,2.8761,34
2026-03-24 21:43:00,2.8706,2.8736,2.8686,2.8721,2.8756,2.8786,2.8736,2.8771,35
2026-03-24 21:44:00,2.8726,2.8741,2.8716,2.8716,2.8776,2.8791,2.8766,2.8766,24
2026-03-24 21:45:00,2.8711,2.8716,2.8691,2.8711,2.8761,2.8766,2.8741,2.8761,12
2026-03-24 21:46:00,2.8716,2.8716,2.8701,2.8716,2.8766,2.8766,2.8751,2.8766,11
2026-03-24 21:47:00,2.8706,2.8711,2.8686,2.8696,2.8756,2.8761,2.8736,2.8746,9
2026-03-24 21:48:00,2.8706,2.8716,2.8691,2.8701,2.8756,2.8766,2.8741,2.8751,13
2026-03-24 21:49:00,2.8706,2.8706,2.8656,2.8661,2.8756,2.8756,2.8706,2.8711,28
2026-03-24 21:50:00,2.8656,2.8686,2.8656,2.8671,2.8706,2.8736,2.8706,2.8721,15
2026-03-24 21:51:00,2.8681,2.8696,2.8661,2.8671,2.8731,2.8746,2.8711,2.8721,23
2026-03-24 21:52:00,2.8676,2.8706,2.8676,2.8696,2.8726,2.8756,2.8726,2.8746,17
2026-03-24 21:53:00,2.8686,2.8696,2.8666,2.8676,2.8736,2.8746,2.8716,2.8726,15
2026-03-24 21:54:00,2.8681,2.8691,2.8671,2.8691,2.8731,2.8741,2.8721,2.8741,9
2026-03-24 21:55:00,2.8696,2.8726,2.8696,2.8696,2.8746,2.8776,2.8746,2.8746,16
2026-03-24 21:56:00,2.8701,2.8736,2.8701,2.8731,2.8751,2.8786,2.8751,2.8781,9
2026-03-24 21:57:00,2.8726,2.8786,2.8726,2.8781,2.8776,2.8836,2.8776,2.8831,26
2026-03-24 21:58:00,2.8786,2.8811,2.8781,2.8791,2.8836,2.8861,2.8831,2.8841,27
2026-03-24 21:59:00,2.8786,2.8817,2.8761,2.8803,2.8836,2.8856,2.8811,2.8853,30
2026-03-24 23:00:00,2.8813,2.8828,2.8708,2.8813,2.8863,2.8878,2.8758,2.8863,26
2026-03-24 23:01:00,2.8818,2.8838,2.8818,2.8828,2.8868,2.8888,2.8868,2.8878,4
2026-03-24 23:02:00,2.8843,2.8843,2.8788,2.8823,2.8893,2.8893,2.8838,2.8873,13
2026-03-24 23:03:00,2.8828,2.8833,2.8813,2.8823,2.8878,2.8883,2.8863,2.8873,9
2026-03-24 23:04:00,2.8813,2.8813,2.8803,2.8803,2.8863,2.8863,2.8853,2.8853,3
2026-03-24 23:06:00,2.8798,2.8813,2.8798,2.8808,2.8848,2.8863,2.8848,2.8858,7
2026-03-24 23:07:00,2.8803,2.8808,2.8793,2.8793,2.8853,2.8858,2.8843,2.8843,4
2026-03-24 23:09:00,2.8798,2.8803,2.8793,2.8793,2.8848,2.8853,2.8843,2.8843,3
2026-03-24 23:10:00,2.8808,2.8813,2.8798,2.8798,2.8858,2.8863,2.8848,2.8848,3
2026-03-24 23:11:00,2.8793,2.8823,2.8793,2.8823,2.8843,2.8873,2.8843,2.8873,6
2026-03-24 23:12:00,2.8798,2.8823,2.8798,2.8798,2.8848,2.8873,2.8848,2.8848,5
2026-03-24 23:13:00,2.8813,2.8838,2.8788,2.8838,2.8863,2.8888,2.8838,2.8888,6
2026-03-24 23:14:00,2.8823,2.8823,2.8818,2.8823,2.8873,2.8873,2.8868,2.8873,3
2026-03-24 23:15:00,2.8828,2.8828,2.8823,2.8823,2.8878,2.8878,2.8873,2.8873,2
2026-03-24 23:16:00,2.8813,2.8813,2.8813,2.8813,2.8863,2.8863,2.8863,2.8863,1
2026-03-24 23:17:00,2.8803,2.8803,2.8773,2.8793,2.8853,2.8853,2.8823,2.8843,6
2026-03-24 23:18:00,2.8798,2.8818,2.8798,2.8803,2.8848,2.8868,2.8848,2.8853,6
2026-03-24 23:19:00,2.8808,2.8808,2.8808,2.8808,2.8858,2.8858,2.8858,2.8858,1
2026-03-24 23:20:00,2.8798,2.8803,2.8798,2.8803,2.8848,2.8853,2.8848,2.8853,2
2026-03-24 23:22:00,2.8808,2.8808,2.8803,2.8803,2.8858,2.8858,2.8853,2.8853,2
2026-03-24 23:23:00,2.8808,2.8808,2.8803,2.8803,2.8858,2.8858,2.8853,2.8853,2
2026-03-24 23:24:00,2.8793,2.8838,2.8783,2.8813,2.8843,2.8888,2.8833,2.8863,14
2026-03-24 23:25:00,2.8838,2.8868,2.8838,2.8863,2.8888,2.8918,2.8888,2.8913,10
2026-03-24 23:26:00,2.8858,2.8858,2.8858,2.8858,2.8908,2.8908,2.8908,2.8908,1
2026-03-24 23:27:00,2.8848,2.8848,2.8818,2.8833,2.8898,2.8898,2.8868,2.8883,7
2026-03-24 23:28:00,2.8838,2.8853,2.8813,2.8813,2.8888,2.8903,2.8863,2.8863,5
2026-03-24 23:30:00,2.8823,2.8823,2.8823,2.8823,2.8873,2.8873,2.8873,2.8873,1
2026-03-24 23:33:00,2.8813,2.8823,2.8813,2.8823,2.8863,2.8873,2.8863,2.8873,5
2026-03-24 23:34:00,2.8828,2.8838,2.8828,2.8838,2.8878,2.8888,2.8878,2.8888,2
2026-03-24 23:35:00,2.8843,2.8843,2.8843,2.8843,2.8893,2.8893,2.8893,2.8893,1
2026-03-24 23:36:00,2.8838,2.8848,2.8823,2.8823,2.8888,2.8898,2.8873,2.8873,6
2026-03-24 23:37:00,2.8798,2.8798,2.8798,2.8798,2.8848,2.8848,2.8848,2.8848,1
2026-03-24 23:38:00,2.8793,2.8798,2.8793,2.8798,2.8843,2.8848,2.8843,2.8848,2
2026-03-24 23:39:00,2.8803,2.8803,2.8803,2.8803,2.8853,2.8853,2.8853,2.8853,1
2026-03-24 23:40:00,2.8798,2.8808,2.8798,2.8808,2.8848,2.8858,2.8848,2.8858,4
2026-03-24 23:41:00,2.8803,2.8808,2.8803,2.8803,2.8853,2.8858,2.8853,2.8853,3
2026-03-24 23:42:00,2.8813,2.8813,2.8813,2.8813,2.8863,2.8863,2.8863,2.8863,1
2026-03-24 23:44:00,2.8818,2.8818,2.8813,2.8813,2.8868,2.8868,2.8863,2.8863,2
2026-03-24 23:45:00,2.8803,2.8803,2.8783,2.8793,2.8853,2.8853,2.8833,2.8843,13
2026-03-24 23:46:00,2.8783,2.8793,2.8783,2.8788,2.8833,2.8843,2.8833,2.8838,4
2026-03-24 23:47:00,2.8783,2.8798,2.8783,2.8798,2.8833,2.8848,2.8833,2.8848,5
2026-03-24 23:49:00,2.8793,2.8793,2.8793,2.8793,2.8843,2.8843,2.8843,2.8843,1
2026-03-24 23:51:00,2.8798,2.8798,2.8798,2.8798,2.8848,2.8848,2.8848,2.8848,1
2026-03-24 23:53:00,2.8803,2.8803,2.8803,2.8803,2.8853,2.8853,2.8853,2.8853,1
2026-03-24 23:54:00,2.8798,2.8808,2.8798,2.8808,2.8848,2.8858,2.8848,2.8858,5
2026-03-24 23:55:00,2.8813,2.8813,2.8813,2.8813,2.8863,2.8863,2.8863,2.8863,1
2026-03-24 23:56:00,2.8808,2.8813,2.8798,2.8813,2.8858,2.8863,2.8848,2.8863,6
2026-03-24 23:57:00,2.8808,2.8808,2.8803,2.8803,2.8858,2.8858,2.8853,2.8853,2
2026-03-24 23:59:00,2.8808,2.8813,2.8803,2.8813,2.8858,2.8863,2.8853,2.8863,7
2026-03-25 00:00:00,2.8788,2.8788,2.8783,2.8783,2.8838,2.8838,2.8833,2.8833,2
2026-03-25 00:01:00,2.8778,2.8788,2.8778,2.8788,2.8828,2.8838,2.8828,2.8838,3
2026-03-25 00:02:00,2.8798,2.8803,2.8798,2.8803,2.8848,2.8853,2.8848,2.8853,2
2026-03-25 00:03:00,2.8813,2.8813,2.8813,2.8813,2.8863,2.8863,2.8863,2.8863,1
2026-03-25 00:04:00,2.8818,2.8818,2.8798,2.8803,2.8868,2.8868,2.8848,2.8853,4
2026-03-25 00:06:00,2.8808,2.8808,2.8808,2.8808,2.8858,2.8858,2.8858,2.8858,1
2026-03-25 00:08:00,2.8818,2.8843,2.8818,2.8843,2.8868,2.8893,2.8868,2.8893,5
2026-03-25 00:09:00,2.8828,2.8828,2.8813,2.8813,2.8878,2.8878,2.8863,2.8863,3
2026-03-25 00:11:00,2.8808,2.8808,2.8798,2.8803,2.8858,2.8858,2.8848,2.8853,4
2026-03-25 00:12:00,2.8808,2.8818,2.8808,2.8813,2.8858,2.8868,2.8858,2.8863,4
2026-03-25 00:13:00,2.8803,2.8818,2.8803,2.8818,2.8853,2.8868,2.8853,2.8868,3
2026-03-25 00:15:00,2.8823,2.8823,2.8823,2.8823,2.8873,2.8873,2.8873,2.8873,1
2026-03-25 00:16:00,2.8828,2.8828,2.8818,2.8818,2.8878,2.8878,2.8868,2.8868,5
2026-03-25 00:17:00,2.8823,2.8823,2.8818,2.8823,2.8873,2.8873,2.8868,2.8873,3
2026-03-25 00:18:00,2.8828,2.8828,2.8818,2.8818,2.8878,2.8878,2.8868,2.8868,2
2026-03-25 00:19:00,2.8808,2.8823,2.8808,2.8808,2.8858,2.8873,2.8858,2.8858,6
2026-03-25 00:20:00,2.8813,2.8813,2.8808,2.8808,2.8863,2.8863,2.8858,2.8858,2
2026-03-25 00:21:00,2.8813,2.8813,2.8798,2.8798,2.8863,2.8863,2.8848,2.8848,3
2026-03-25 00:22:00,2.8803,2.8808,2.8803,2.8808,2.8853,2.8858,2.8853,2.8858,2
2026-03-25 00:23:00,2.8803,2.8808,2.8788,2.8788,2.8853,2.8858,2.8838,2.8838,9
2026-03-25 00:24:00,2.8783,2.8783,2.8783,2.8783,2.8833,2.8833,2.8833,2.8833,1
2026-03-25 00:26:00,2.8778,2.8788,2.8778,2.8788,2.8828,2.8838,2.8828,2.8838,2
2026-03-25 00:27:00,2.8783,2.8783,2.8773,2.8773,2.8833,2.8833,2.8823,2.8823,2
2026-03-25 00:28:00,2.8778,2.8778,2.8778,2.8778,2.8828,2.8828,2.8828,2.8828,1
2026-03-25 00:29:00,2.8788,2.8788,2.8788,2.8788,2.8838,2.8838,2.8838,2.8838,1
2026-03-25 00:30:00,2.8778,2.8778,2.8768,2.8768,2.8828,2.8828,2.8818,2.8818,2
2026-03-25 00:35:00,2.8763,2.8763,2.8763,2.8763,2.8813,2.8813,2.8813,2.8813,1
2026-03-25 00:36:00,2.8758,2.8758,2.8748,2.8758,2.8808,2.8808,2.8798,2.8808,3
2026-03-25 00:38:00,2.8753,2.8758,2.8753,2.8758,2.8803,2.8808,2.8803,2.8808,2
2026-03-25 00:39:00,2.8753,2.8753,2.8738,2.8738,2.8803,2.8803,2.8788,2.8788,3
2026-03-25 00:40:00,2.8743,2.8748,2.8738,2.8748,2.8793,2.8798,2.8788,2.8798,5
2026-03-25 00:41:00,2.8743,2.8743,2.8743,2.8743,2.8793,2.8793,2.8793,2.8793,1
2026-03-25 00:42:00,2.8748,2.8773,2.8748,2.8763,2.8798,2.8823,2.8798,2.8813,6
2026-03-25 00:43:00,2.8758,2.8758,2.8758,2.8758,2.8808,2.8808,2.8808,2.8808,1
2026-03-25 00:44:00,2.8753,2.8753,2.8748,2.8748,2.8803,2.8803,2.8798,2.8798,2
2026-03-25 00:45:00,2.8743,2.8743,2.8738,2.8738,2.8793,2.8793,2.8788,2.8788,2
2026-03-25 00:48:00,2.8748,2.8748,2.8748,2.8748,2.8798,2.8798,2.8798,2.8798,1
2026-03-25 00:49:00,2.8758,2.8773,2.8758,2.8763,2.8808,2.8823,2.8808,2.8813,5
2026-03-25 00:50:00,2.8758,2.8758,2.8738,2.8743,2.8808,2.8808,2.8788,2.8793,11
2026-03-25 00:51:00,2.8738,2.8748,2.8728,2.8733,2.8788,2.8798,2.8778,2.8783,11
2026-03-25 00:53:00,2.8728,2.8733,2.8728,2.8733,2.8778,2.8783,2.8778,2.8783,2
2026-03-25 00:54:00,2.8738,2.8738,2.8723,2.8723,2.8788,2.8788,2.8773,2.8773,8
2026-03-25 00:55:00,2.8728,2.8728,2.8718,2.8728,2.8778,2.8778,2.8768,2.8778,5
2026-03-25 00:56:00,2.8733,2.8733,2.8733,2.8733,2.8783,2.8783,2.8783,2.8783,1
2026-03-25 00:57:00,2.8728,2.8738,2.8703,2.8713,2.8778,2.8788,2.8753,2.8763,8
2026-03-25 00:58:00,2.8723,2.8758,2.8723,2.8758,2.8773,2.8808,2.8773,2.8808,7
2026-03-25 00:59:00,2.8753,2.8753,2.8743,2.8743,2.8803,2.8803,2.8793,2.8793,3
2026-03-25 01:00:00,2.8748,2.8748,2.8683,2.8683,2.8798,2.8798,2.8733,2.8733,13
2026-03-25 01:01:00,2.8678,2.8703,2.8678,2.8688,2.8728,2.8753,2.8728,2.8738,16
2026-03-25 01:02:00,2.8693,2.8718,2.8673,2.8683,2.8743,2.8768,2.8723,2.8733,18
2026-03-25 01:03:00,2.8688,2.8738,2.8688,2.8738,2.8738,2.8788,2.8738,2.8788,8
2026-03-25 01:04:00,2.8733,2.8738,2.8718,2.8718,2.8783,2.8788,2.8768,2.8768,5
2026-03-25 01:05:00,2.8728,2.8738,2.8723,2.8733,2.8778,2.8788,2.8773,2.8783,8
2026-03-25 01:06:00,2.8743,2.8778,2.8733,2.8763,2.8793,2.8828,2.8783,2.8813,23
2026-03-25 01:07:00,2.8768,2.8788,2.8733,2.8743,2.8818,2.8838,2.8783,2.8793,13
2026-03-25 01:08:00,2.8748,2.8758,2.8713,2.8713,2.8798,2.8808,2.8763,2.8763,9
2026-03-25 01:09:00,2.8708,2.8713,2.8698,2.8708,2.8758,2.8763,2.8748,2.8758,10
2026-03-25 01:10:00,2.8703,2.8718,2.8703,2.8708,2.8753,2.8768,2.8753,2.8758,8
2026-03-25 01:11:00,2.8703,2.8723,2.8703,2.8703,2.8753,2.8773,2.8753,2.8753,8
2026-03-25 01:12:00,2.8688,2.8688,2.8653,2.8663,2.8738,2.8738,2.8703,2.8713,16
2026-03-25 01:13:00,2.8658,2.8678,2.8628,2.8668,2.8708,2.8728,2.8678,2.8718,16
2026-03-25 01:14:00,2.8663,2.8663,2.8618,2.8653,2.8713,2.8713,2.8668,2.8703,14
2026-03-25 01:15:00,2.8658,2.8658,2.8608,2.8613,2.8708,2.8708,2.8658,2.8663,8
2026-03-25 01:16:00,2.8608,2.8618,2.8608,2.8618,2.8658,2.8668,2.8658,2.8668,6
2026-03-25 01:17:00,2.8623,2.8648,2.8618,2.8623,2.8673,2.8698,2.8668,2.8673,19
2026-03-25 01:18:00,2.8603,2.8603,2.8598,2.8598,2.8653,2.8653,2.8648,2.8648,2
2026-03-25 01:19:00,2.8603,2.8613,2.8603,2.8608,2.8653,2.8663,2.8653,2.8658,8
2026-03-25 01:20:00,2.8613,2.8618,2.8608,2.8608,2.8663,2.8668,2.8658,2.8658,6
2026-03-25 01:21:00,2.8618,2.8658,2.8618,2.8643,2.8668,2.8708,2.8668,2.8693,12
2026-03-25 01:22:00,2.8638,2.8638,2.8603,2.8603,2.8688,2.8688,2.8653,2.8653,7
2026-03-25 01:23:00,2.8608,2.8613,2.8583,2.8613,2.8658,2.8663,2.8633,2.8663,12
2026-03-25 01:24:00,2.8628,2.8638,2.8623,2.8623,2.8678,2.8688,2.8673,2.8673,7
2026-03-25 01:25:00,2.8628,2.8628,2.8613,2.8613,2.8678,2.8678,2.8663,2.8663,5
2026-03-25 01:26:00,2.8608,2.8628,2.8608,2.8623,2.8658,2.8678,2.8658,2.8673,4
2026-03-25 01:27:00,2.8633,2.8653,2.8628,2.8633,2.8683,2.8703,2.8678,2.8683,9
2026-03-25 01:28:00,2.8618,2.8618,2.8608,2.8613,2.8668,2.8668,2.8658,2.8663,3
2026-03-25 01:29:00,2.8618,2.8633,2.8618,2.8633,2.8668,2.8683,2.8668,2.8683,3
2026-03-25 01:30:00,2.8643,2.8683,2.8643,2.8643,2.8693,2.8733,2.8693,2.8693,23
2026-03-25 01:31:00,2.8648,2.8668,2.8643,2.8668,2.8698,2.8718,2.8693,2.8718,8
2026-03-25 01:32:00,2.8663,2.8663,2.8638,2.8648,2.8713,2.8713,2.8688,2.8698,5
2026-03-25 01:33:00,2.8638,2.8648,2.8623,2.8643,2.8688,2.8698,2.8673,2.8693,10
2026-03-25 01:34:00,2.8648,2.8648,2.8638,2.8638,2.8698,2.8698,2.8688,2.8688,5
2026-03-25 01:35:00,2.8643,2.8643,2.8603,2.8603,2.8693,2.8693,2.8653,2.8653,11
2026-03-25 01:36:00,2.8608,2.8618,2.8568,2.8608,2.8658,2.8668,2.8618,2.8658,12
2026-03-25 01:37:00,2.8603,2.8603,2.8598,2.8598,2.8653,2.8653,2.8648,2.8648,2
2026-03-25 01:38:00,2.8588,2.8588,2.8398,2.8483,2.8638,2.8638,2.8448,2.8533,35
2026-03-25 01:39:00,2.8488,2.8498,2.8428,2.8453,2.8538,2.8548,2.8478,2.8503,38
2026-03-25 01:40:00,2.8468,2.8468,2.8458,2.8458,2.8518,2.8518,2.8508,2.8508,8
2026-03-25 01:41:00,2.8453,2.8533,2.8453,2.8528,2.8503,2.8583,2.8503,2.8578,12
2026-03-25 01:42:00,2.8538,2.8538,2.8523,2.8523,2.8588,2.8588,2.8573,2.8573,9
2026-03-25 01:43:00,2.8533,2.8553,2.8523,2.8523,2.8583,2.8603,2.8573,2.8573,13
2026-03-25 01:44:00,2.8528,2.8533,2.8523,2.8533,2.8578,2.8583,2.8573,2.8583,4
2026-03-25 01:45:00,2.8523,2.8523,2.8513,2.8518,2.8573,2.8573,2.8563,2.8568,8
2026-03-25 01:46:00,2.8513,2.8543,2.8513,2.8523,2.8563,2.8593,2.8563,2.8573,13
2026-03-25 01:47:00,2.8518,2.8538,2.8513,2.8538,2.8568,2.8588,2.8563,2.8588,10
2026-03-25 01:48:00,2.8533,2.8548,2.8528,2.8533,2.8583,2.8598,2.8578,2.8583,14
2026-03-25 01:49:00,2.8528,2.8588,2.8528,2.8578,2.8578,2.8638,2.8578,2.8628,20
2026-03-25 01:50:00,2.8573,2.8573,2.8533,2.8548,2.8623,2.8623,2.8583,2.8598,23
2026-03-25 01:51:00,2.8553,2.8563,2.8553,2.8558,2.8603,2.8613,2.8603,2.8608,15
2026-03-25 01:52:00,2.8563,2.8568,2.8538,2.8538,2.8613,2.8618,2.8588,2.8588,8
2026-03-25 01:53:00,2.8543,2.8548,2.8523,2.8523,2.8593,2.8598,2.8573,2.8573,8
2026-03-25 01:54:00,2.8528,2.8538,2.8518,2.8523,2.8578,2.8588,2.8568,2.8573,8
2026-03-25 01:55:00,2.8533,2.8533,2.8488,2.8513,2.8583,2.8583,2.8538,2.8563,18
2026-03-25 01:56:00,2.8518,2.8533,2.8508,2.8508,2.8568,2.8583,2.8558,2.8558,7
2026-03-25 01:57:00,2.8498,2.8498,2.8488,2.8488,2.8548,2.8548,2.8538,2.8538,7
2026-03-25 01:58:00,2.8493,2.8498,2.8453,2.8458,2.8543,2.8548,2.8503,2.8508,17
2026-03-25 01:59:00,2.8463,2.8508,2.8458,2.8508,2.8513,2.8558,2.8508,2.8558,10
2026-03-25 02:00:00,2.8513,2.8528,2.8458,2.8478,2.8563,2.8578,2.8508,2.8528,36
2026-03-25 02:01:00,2.8483,2.8488,2.8473,2.8478,2.8533,2.8538,2.8523,2.8528,11
2026-03-25 02:02:00,2.8483,2.8508,2.8483,2.8498,2.8533,2.8558,2.8533,2.8548,11
2026-03-25 02:03:00,2.8493,2.8493,2.8453,2.8463,2.8543,2.8543,2.8503,2.8513,12
2026-03-25 02:04:00,2.8468,2.8478,2.8468,2.8473,2.8518,2.8528,2.8518,2.8523,4
2026-03-25 02:05:00,2.8468,2.8468,2.8433,2.8468,2.8518,2.8518,2.8483,2.8518,21
2026-03-25 02:06:00,2.8473,2.8473,2.8458,2.8463,2.8523,2.8523,2.8508,2.8513,10
2026-03-25 02:07:00,2.8468,2.8473,2.8448,2.8453,2.8518,2.8523,2.8498,2.8503,19
2026-03-25 02:08:00,2.8458,2.8458,2.8433,2.8443,2.8508,2.8508,2.8483,2.8493,12
2026-03-25 02:09:00,2.8453,2.8468,2.8448,2.8468,2.8503,2.8518,2.8498,2.8518,18
2026-03-25 02:10:00,2.8463,2.8463,2.8428,2.8428,2.8513,2.8513,2.8478,2.8478,8
2026-03-25 02:11:00,2.8413,2.8453,2.8413,2.8438,2.8463,2.8503,2.8463,2.8488,26
2026-03-25 02:12:00,2.8448,2.8448,2.8438,2.8438,2.8498,2.8498,2.8488,2.8488,3
2026-03-25 02:13:00,2.8443,2.8453,2.8443,2.8453,2.8493,2.8503,2.8493,2.8503,2
2026-03-25 02:14:00,2.8448,2.8458,2.8448,2.8458,2.8498,2.8508,2.8498,2.8508,11
2026-03-25 02:15:00,2.8463,2.8468,2.8438,2.8453,2.8513,2.8518,2.8488,2.8503,8
2026-03-25 02:16:00,2.8463,2.8468,2.8453,2.8453,2.8513,2.8518,2.8503,2.8503,13
2026-03-25 02:17:00,2.8458,2.8488,2.8453,2.8463,2.8508,2.8538,2.8503,2.8513,18
2026-03-25 02:18:00,2.8468,2.8478,2.8443,2.8478,2.8518,2.8528,2.8493,2.8528,11
2026-03-25 02:19:00,2.8473,2.8488,2.8443,2.8448,2.8523,2.8538,2.8493,2.8498,20
2026-03-25 02:20:00,2.8443,2.8468,2.8443,2.8463,2.8493,2.8518,2.8493,2.8513,15
2026-03-25 02:21:00,2.8468,2.8498,2.8453,2.8453,2.8518,2.8548,2.8503,2.8503,11
2026-03-25 02:22:00,2.8458,2.8468,2.8448,2.8463,2.8508,2.8518,2.8498,2.8513,11
2026-03-25 02:23:00,2.8458,2.8458,2.8443,2.8453,2.8508,2.8508,2.8493,2.8503,8
2026-03-25 02:24:00,2.8458,2.8463,2.8453,2.8463,2.8508,2.8513,2.8503,2.8513,4
2026-03-25 02:25:00,2.8468,2.8503,2.8468,2.8503,2.8518,2.8553,2.8518,2.8553,7
2026-03-25 02:26:00,2.8498,2.8508,2.8493,2.8498,2.8548,2.8558,2.8543,2.8548,12
2026-03-25 02:27:00,2.8503,2.8508,2.8498,2.8503,2.8553,2.8558,2.8548,2.8553,6
2026-03-25 02:28:00,2.8508,2.8518,2.8458,2.8473,2.8558,2.8568,2.8508,2.8523,19
2026-03-25 02:29:00,2.8468,2.8513,2.8468,2.8508,2.8518,2.8563,2.8518,2.8558,24
2026-03-25 02:30:00,2.8513,2.8523,2.8503,2.8523,2.8563,2.8573,2.8553,2.8573,11
2026-03-25 02:31:00,2.8528,2.8528,2.8498,2.8508,2.8578,2.8578,2.8548,2.8558,9
2026-03-25 02:32:00,2.8513,2.8513,2.8473,2.8473,2.8563,2.8563,2.8523,2.8523,10
2026-03-25 02:33:00,2.8478,2.8483,2.8473,2.8473,2.8528,2.8533,2.8523,2.8523,7
2026-03-25 02:34:00,2.8478,2.8483,2.8458,2.8458,2.8528,2.8533,2.8508,2.8508,13
2026-03-25 02:35:00,2.8463,2.8478,2.8463,2.8478,2.8513,2.8528,2.8513,2.8528,13
2026-03-25 02:36:00,2.8468,2.8473,2.8458,2.8468,2.8518,2.8523,2.8508,2.8518,13
2026-03-25 02:37:00,2.8473,2.8478,2.8468,2.8478,2.8523,2.8528,2.8518,2.8528,12
2026-03-25 02:38:00,2.8473,2.8488,2.8468,2.8468,2.8523,2.8538,2.8518,2.8518,8
2026-03-25 02:39:00,2.8473,2.8513,2.8473,2.8508,2.8523,2.8563,2.8523,2.8558,8
2026-03-25 02:40:00,2.8513,2.8513,2.8488,2.8503,2.8563,2.8563,2.8538,2.8553,17
2026-03-25 02:41:00,2.8498,2.8523,2.8498,2.8523,2.8548,2.8573,2.8548,2.8573,19
2026-03-25 02:42:00,2.8518,2.8518,2.8493,2.8503,2.8568,2.8568,2.8543,2.8553,8
2026-03-25 02:43:00,2.8498,2.8508,2.8498,2.8508,2.8548,2.8558,2.8548,2.8558,5
2026-03-25 02:44:00,2.8513,2.8523,2.8503,2.8508,2.8563,2.8573,2.8553,2.8558,8
2026-03-25 02:45:00,2.8513,2.8523,2.8508,2.8513,2.8563,2.8573,2.8558,2.8563,21
2026-03-25 02:46:00,2.8508,2.8528,2.8483,2.8493,2.8558,2.8578,2.8533,2.8543,15
2026-03-25 02:47:00,2.8508,2.8508,2.8503,2.8508,2.8558,2.8558,2.8553,2.8558,3
2026-03-25 02:48:00,2.8513,2.8523,2.8513,2.8523,2.8563,2.8573,2.8563,2.8573,3
2026-03-25 02:49:00,2.8518,2.8523,2.8503,2.8513,2.8568,2.8573,2.8553,2.8563,17
2026-03-25 02:50:00,2.8508,2.8523,2.8483,2.8483,2.8558,2.8573,2.8533,2.8533,14
2026-03-25 02:51:00,2.8488,2.8503,2.8483,2.8493,2.8538,2.8553,2.8533,2.8543,35
2026-03-25 02:52:00,2.8488,2.8498,2.8468,2.8493,2.8538,2.8548,2.8518,2.8543,20
2026-03-25 02:53:00,2.8488,2.8498,2.8488,2.8488,2.8538,2.8548,2.8538,2.8538,7
2026-03-25 02:54:00,2.8493,2.8518,2.8488,2.8508,2.8543,2.8568,2.8538,2.8558,31
2026-03-25 02:55:00,2.8503,2.8513,2.8503,2.8503,2.8553,2.8563,2.8553,2.8553,8
2026-03-25 02:56:00,2.8513,2.8513,2.8493,2.8508,2.8563,2.8563,2.8543,2.8558,26
2026-03-25 02:57:00,2.8503,2.8508,2.8503,2.8503,2.8553,2.8558,2.8553,2.8553,3
2026-03-25 02:58:00,2.8508,2.8518,2.8503,2.8503,2.8558,2.8568,2.8553,2.8553,39
2026-03-25 02:59:00,2.8508,2.8513,2.8503,2.8508,2.8558,2.8563,2.8553,2.8558,13
2026-03-25 03:00:00,2.8513,2.8513,2.8508,2.8508,2.8563,2.8563,2.8558,2.8558,2
2026-03-25 03:01:00,2.8523,2.8523,2.8503,2.8518,2.8573,2.8573,2.8553,2.8568,8
2026-03-25 03:02:00,2.8513,2.8513,2.8483,2.8493,2.8563,2.8563,2.8533,2.8543,11
2026-03-25 03:03:00,2.8498,2.8498,2.8493,2.8493,2.8548,2.8548,2.8543,2.8543,2
2026-03-25 03:04:00,2.8498,2.8498,2.8488,2.8488,2.8548,2.8548,2.8538,2.8538,5
2026-03-25 03:05:00,2.8493,2.8498,2.8478,2.8483,2.8543,2.8548,2.8528,2.8533,8
2026-03-25 03:06:00,2.8488,2.8488,2.8488,2.8488,2.8538,2.8538,2.8538,2.8538,1
2026-03-25 03:07:00,2.8493,2.8508,2.8478,2.8483,2.8543,2.8558,2.8528,2.8533,7
2026-03-25 03:08:00,2.8478,2.8488,2.8468,2.8478,2.8528,2.8538,2.8518,2.8528,17
2026-03-25 03:09:00,2.8483,2.8503,2.8473,2.8503,2.8533,2.8553,2.8523,2.8553,18
2026-03-25 03:10:00,2.8508,2.8523,2.8503,2.8518,2.8558,2.8573,2.8553,2.8568,11
2026-03-25 03:11:00,2.8508,2.8518,2.8508,2.8513,2.8558,2.8568,2.8558,2.8563,13
2026-03-25 03:12:00,2.8518,2.8563,2.8508,2.8553,2.8568,2.8613,2.8558,2.8603,17
2026-03-25 03:13:00,2.8548,2.8553,2.8533,2.8538,2.8598,2.8603,2.8583,2.8588,15
2026-03-25 03:14:00,2.8533,2.8543,2.8528,2.8543,2.8583,2.8593,2.8578,2.8593,4
2026-03-25 03:15:00,2.8528,2.8533,2.8503,2.8518,2.8578,2.8583,2.8553,2.8568,14
2026-03-25 03:16:00,2.8523,2.8528,2.8518,2.8528,2.8573,2.8578,2.8568,2.8578,5
2026-03-25 03:17:00,2.8523,2.8538,2.8518,2.8523,2.8573,2.8588,2.8568,2.8573,25
2026-03-25 03:18:00,2.8518,2.8528,2.8513,2.8518,2.8568,2.8578,2.8563,2.8568,13
2026-03-25 03:19:00,2.8513,2.8528,2.8513,2.8528,2.8563,2.8578,2.8563,2.8578,5
2026-03-25 03:20:00,2.8538,2.8568,2.8533,2.8553,2.8588,2.8618,2.8583,2.8603,15
2026-03-25 03:21:00,2.8558,2.8563,2.8548,2.8548,2.8608,2.8613,2.8598,2.8598,20
2026-03-25 03:22:00,2.8553,2.8558,2.8538,2.8558,2.8603,2.8608,2.8588,2.8608,7
2026-03-25 03:23:00,2.8568,2.8578,2.8558,2.8558,2.8618,2.8628,2.8608,2.8608,17
2026-03-25 03:24:00,2.8553,2.8553,2.8553,2.8553,2.8603,2.8603,2.8603,2.8603,1
2026-03-25 03:25:00,2.8558,2.8568,2.8558,2.8563,2.8608,2.8618,2.8608,2.8613,8
2026-03-25 03:26:00,2.8558,2.8568,2.8558,2.8568,2.8608,2.8618,2.8608,2.8618,2
2026-03-25 03:27:00,2.8563,2.8563,2.8553,2.8553,2.8613,2.8613,2.8603,2.8603,5
2026-03-25 03:28:00,2.8558,2.8558,2.8558,2.8558,2.8608,2.8608,2.8608,2.8608,1
2026-03-25 03:29:00,2.8573,2.8573,2.8558,2.8558,2.8623,2.8623,2.8608,2.8608,4
2026-03-25 03:30:00,2.8553,2.8553,2.8538,2.8538,2.8603,2.8603,2.8588,2.8588,5
2026-03-25 03:31:00,2.8548,2.8573,2.8548,2.8568,2.8598,2.8623,2.8598,2.8618,25
2026-03-25 03:32:00,2.8573,2.8573,2.8558,2.8568,2.8623,2.8623,2.8608,2.8618,20
2026-03-25 03:33:00,2.8563,2.8568,2.8548,2.8548,2.8613,2.8618,2.8598,2.8598,4
2026-03-25 03:34:00,2.8538,2.8558,2.8538,2.8553,2.8588,2.8608,2.8588,2.8603,18
2026-03-25 03:35:00,2.8558,2.8568,2.8558,2.8563,2.8608,2.8618,2.8608,2.8613,4
2026-03-25 03:36:00,2.8568,2.8568,2.8558,2.8558,2.8618,2.8618,2.8608,2.8608,5
2026-03-25 03:37:00,2.8563,2.8563,2.8558,2.8558,2.8613,2.8613,2.8608,2.8608,4
2026-03-25 03:38:00,2.8553,2.8553,2.8553,2.8553,2.8603,2.8603,2.8603,2.8603,1
2026-03-25 03:39:00,2.8543,2.8548,2.8528,2.8548,2.8593,2.8598,2.8578,2.8598,5
2026-03-25 03:40:00,2.8538,2.8538,2.8528,2.8533,2.8588,2.8588,2.8578,2.8583,5
2026-03-25 03:41:00,2.8538,2.8548,2.8538,2.8543,2.8588,2.8598,2.8588,2.8593,8
2026-03-25 03:42:00,2.8558,2.8563,2.8543,2.8553,2.8608,2.8613,2.8593,2.8603,9
2026-03-25 03:43:00,2.8548,2.8563,2.8543,2.8548,2.8598,2.8613,2.8593,2.8598,11
2026-03-25 03:44:00,2.8553,2.8563,2.8553,2.8553,2.8603,2.8613,2.8603,2.8603,24
2026-03-25 03:47:00,2.8543,2.8553,2.8528,2.8528,2.8593,2.8603,2.8578,2.8578,16
2026-03-25 03:48:00,2.8533,2.8548,2.8528,2.8543,2.8583,2.8598,2.8578,2.8593,21
2026-03-25 03:49:00,2.8548,2.8573,2.8548,2.8568,2.8598,2.8623,2.8598,2.8618,11
2026-03-25 03:50:00,2.8563,2.8563,2.8558,2.8558,2.8613,2.8613,2.8608,2.8608,2
2026-03-25 03:51:00,2.8553,2.8563,2.8548,2.8563,2.8603,2.8613,2.8598,2.8613,23
2026-03-25 03:52:00,2.8568,2.8568,2.8558,2.8563,2.8618,2.8618,2.8608,2.8613,3
2026-03-25 03:53:00,2.8578,2.8588,2.8573,2.8573,2.8628,2.8638,2.8623,2.8623,4
2026-03-25 03:54:00,2.8568,2.8578,2.8568,2.8578,2.8618,2.8628,2.8618,2.8628,4
2026-03-25 03:55:00,2.8583,2.8588,2.8578,2.8588,2.8633,2.8638,2.8628,2.8638,7
2026-03-25 03:56:00,2.8583,2.8598,2.8573,2.8598,2.8633,2.8648,2.8623,2.8648,13
2026-03-25 03:57:00,2.8593,2.8603,2.8588,2.8598,2.8643,2.8653,2.8638,2.8648,22
2026-03-25 03:58:00,2.8603,2.8603,2.8598,2.8603,2.8653,2.8653,2.8648,2.8653,5
2026-03-25 03:59:00,2.8598,2.8598,2.8583,2.8588,2.8648,2.8648,2.8633,2.8638,16
2026-03-25 04:00:00,2.8593,2.8598,2.8563,2.8563,2.8643,2.8648,2.8613,2.8613,14
2026-03-25 04:01:00,2.8558,2.8558,2.8553,2.8558,2.8608,2.8608,2.8603,2.8608,3
2026-03-25 04:02:00,2.8548,2.8553,2.8548,2.8553,2.8598,2.8603,2.8598,2.8603,4
2026-03-25 04:03:00,2.8548,2.8548,2.8548,2.8548,2.8598,2.8598,2.8598,2.8598,1
2026-03-25 04:04:00,2.8538,2.8543,2.8523,2.8528,2.8588,2.8593,2.8573,2.8578,21
2026-03-25 04:05:00,2.8523,2.8528,2.8513,2.8518,2.8573,2.8578,2.8563,2.8568,15
2026-03-25 04:06:00,2.8523,2.8533,2.8523,2.8528,2.8573,2.8583,2.8573,2.8578,5
2026-03-25 04:07:00,2.8523,2.8523,2.8518,2.8518,2.8573,2.8573,2.8568,2.8568,4
2026-03-25 04:08:00,2.8528,2.8528,2.8518,2.8523,2.8578,2.8578,2.8568,2.8573,4
2026-03-25 04:09:00,2.8513,2.8523,2.8513,2.8523,2.8563,2.8573,2.8563,2.8573,3
2026-03-25 04:10:00,2.8518,2.8518,2.8518,2.8518,2.8568,2.8568,2.8568,2.8568,1
2026-03-25 04:11:00,2.8528,2.8528,2.8523,2.8523,2.8578,2.8578,2.8573,2.8573,2
2026-03-25 04:12:00,2.8528,2.8528,2.8528,2.8528,2.8578,2.8578,2.8578,2.8578,1
2026-03-25 04:13:00,2.8523,2.8523,2.8518,2.8523,2.8573,2.8573,2.8568,2.8573,5
2026-03-25 04:15:00,2.8518,2.8523,2.8518,2.8523,2.8568,2.8573,2.8568,2.8573,2
2026-03-25 04:17:00,2.8518,2.8518,2.8518,2.8518,2.8568,2.8568,2.8568,2.8568,1
2026-03-25 04:18:00,2.8513,2.8523,2.8508,2.8523,2.8563,2.8573,2.8558,2.8573,5
2026-03-25 04:20:00,2.8528,2.8538,2.8528,2.8533,2.8578,2.8588,2.8578,2.8583,5
2026-03-25 04:21:00,2.8538,2.8538,2.8533,2.8538,2.8588,2.8588,2.8583,2.8588,3
2026-03-25 04:22:00,2.8528,2.8528,2.8523,2.8523,2.8578,2.8578,2.8573,2.8573,2
2026-03-25 04:24:00,2.8518,2.8523,2.8518,2.8523,2.8568,2.8573,2.8568,2.8573,4
2026-03-25 04:25:00,2.8518,2.8518,2.8498,2.8503,2.8568,2.8568,2.8548,2.8553,7
2026-03-25 04:26:00,2.8508,2.8508,2.8503,2.8503,2.8558,2.8558,2.8553,2.8553,2
2026-03-25 04:27:00,2.8498,2.8508,2.8498,2.8508,2.8548,2.8558,2.8548,2.8558,3
2026-03-25 04:28:00,2.8513,2.8513,2.8503,2.8503,2.8563,2.8563,2.8553,2.8553,3
2026-03-25 04:29:00,2.8508,2.8508,2.8508,2.8508,2.8558,2.8558,2.8558,2.8558,1
2026-03-25 04:30:00,2.8513,2.8603,2.8503,2.8583,2.8563,2.8653,2.8553,2.8633,47
2026-03-25 04:31:00,2.8588,2.8608,2.8573,2.8603,2.8638,2.8658,2.8623,2.8653,21
2026-03-25 04:32:00,2.8598,2.8598,2.8578,2.8588,2.8648,2.8648,2.8628,2.8638,16
2026-03-25 04:33:00,2.8583,2.8583,2.8573,2.8573,2.8633,2.8633,2.8623,2.8623,8
2026-03-25 04:34:00,2.8578,2.8588,2.8573,2.8583,2.8628,2.8638,2.8623,2.8633,8
2026-03-25 04:35:00,2.8578,2.8588,2.8563,2.8573,2.8628,2.8638,2.8613,2.8623,14
2026-03-25 04:36:00,2.8568,2.8578,2.8558,2.8573,2.8618,2.8628,2.8608,2.8623,13
2026-03-25 04:37:00,2.8568,2.8578,2.8558,2.8578,2.8618,2.8628,2.8608,2.8628,19
2026-03-25 04:38:00,2.8573,2.8578,2.8563,2.8573,2.8623,2.8628,2.8613,2.8623,10
2026-03-25 04:39:00,2.8568,2.8573,2.8568,2.8568,2.8618,2.8623,2.8618,2.8618,3
2026-03-25 04:40:00,2.8563,2.8568,2.8558,2.8558,2.8613,2.8618,2.8608,2.8608,6
2026-03-25 04:41:00,2.8563,2.8588,2.8563,2.8578,2.8613,2.8638,2.8613,2.8628,11
2026-03-25 04:42:00,2.8573,2.8578,2.8573,2.8578,2.8623,2.8628,2.8623,2.8628,4
2026-03-25 04:43:00,2.8568,2.8578,2.8568,2.8573,2.8618,2.8628,2.8618,2.8623,4
2026-03-25 04:44:00,2.8568,2.8578,2.8548,2.8573,2.8618,2.8628,2.8598,2.8623,17
2026-03-25 04:45:00,2.8578,2.8578,2.8558,2.8558,2.8628,2.8628,2.8608,2.8608,10
2026-03-25 04:46:00,2.8563,2.8568,2.8543,2.8543,2.8613,2.8618,2.8593,2.8593,11
2026-03-25 04:47:00,2.8548,2.8563,2.8528,2.8563,2.8598,2.8613,2.8578,2.8613,25
2026-03-25 04:48:00,2.8558,2.8563,2.8543,2.8563,2.8608,2.8613,2.8593,2.8613,23
2026-03-25 04:49:00,2.8573,2.8573,2.8563,2.8573,2.8623,2.8623,2.8613,2.8623,13
2026-03-25 04:50:00,2.8563,2.8573,2.8563,2.8563,2.8613,2.8623,2.8613,2.8613,17
2026-03-25 04:51:00,2.8568,2.8578,2.8568,2.8568,2.8618,2.8628,2.8618,2.8618,26
2026-03-25 04:52:00,2.8588,2.8588,2.8568,2.8573,2.8638,2.8638,2.8618,2.8623,9
2026-03-25 04:53:00,2.8578,2.8583,2.8568,2.8573,2.8628,2.8633,2.8618,2.8623,33
2026-03-25 04:54:00,2.8563,2.8563,2.8553,2.8558,2.8613,2.8613,2.8603,2.8608,6
2026-03-25 04:55:00,2.8563,2.8578,2.8558,2.8578,2.8613,2.8628,2.8608,2.8628,6
2026-03-25 04:56:00,2.8588,2.8598,2.8578,2.8583,2.8638,2.8648,2.8628,2.8633,16
2026-03-25 04:57:00,2.8578,2.8578,2.8563,2.8568,2.8628,2.8628,2.8613,2.8618,7
2026-03-25 04:58:00,2.8578,2.8578,2.8573,2.8573,2.8628,2.8628,2.8623,2.8623,2
2026-03-25 04:59:00,2.8578,2.8578,2.8553,2.8553,2.8628,2.8628,2.8603,2.8603,7
2026-03-25 05:00:00,2.8558,2.8558,2.8558,2.8558,2.8608,2.8608,2.8608,2.8608,1
2026-03-25 05:01:00,2.8548,2.8548,2.8508,2.8523,2.8598,2.8598,2.8558,2.8573,18
2026-03-25 05:02:00,2.8528,2.8548,2.8513,2.8523,2.8578,2.8598,2.8563,2.8573,29
2026-03-25 05:03:00,2.8513,2.8518,2.8508,2.8513,2.8563,2.8568,2.8558,2.8563,6
2026-03-25 05:04:00,2.8508,2.8518,2.8498,2.8513,2.8558,2.8568,2.8548,2.8563,11
2026-03-25 05:05:00,2.8518,2.8518,2.8508,2.8508,2.8568,2.8568,2.8558,2.8558,7
2026-03-25 05:06:00,2.8503,2.8508,2.8503,2.8503,2.8553,2.8558,2.8553,2.8553,3
2026-03-25 05:07:00,2.8508,2.8508,2.8503,2.8508,2.8558,2.8558,2.8553,2.8558,11
2026-03-25 05:08:00,2.8518,2.8518,2.8513,2.8513,2.8568,2.8568,2.8563,2.8563,2
2026-03-25 05:09:00,2.8518,2.8518,2.8508,2.8508,2.8568,2.8568,2.8558,2.8558,7
2026-03-25 05:10:00,2.8513,2.8513,2.8508,2.8508,2.8563,2.8563,2.8558,2.8558,4
2026-03-25 05:11:00,2.8503,2.8508,2.8498,2.8498,2.8553,2.8558,2.8548,2.8548,9
2026-03-25 05:12:00,2.8503,2.8508,2.8498,2.8503,2.8553,2.8558,2.8548,2.8553,9
2026-03-25 05:13:00,2.8508,2.8508,2.8503,2.8503,2.8558,2.8558,2.8553,2.8553,2
2026-03-25 05:14:00,2.8498,2.8508,2.8498,2.8508,2.8548,2.8558,2.8548,2.8558,13
2026-03-25 05:15:00,2.8498,2.8518,2.8498,2.8518,2.8548,2.8568,2.8548,2.8568,7
2026-03-25 05:16:00,2.8523,2.8523,2.8513,2.8518,2.8573,2.8573,2.8563,2.8568,4
2026-03-25 05:17:00,2.8513,2.8513,2.8503,2.8503,2.8563,2.8563,2.8553,2.8553,3
2026-03-25 05:18:00,2.8508,2.8508,2.8503,2.8508,2.8558,2.8558,2.8553,2.8558,15
2026-03-25 05:19:00,2.8503,2.8528,2.8498,2.8528,2.8553,2.8578,2.8548,2.8578,11
2026-03-25 05:20:00,2.8523,2.8523,2.8523,2.8523,2.8573,2.8573,2.8573,2.8573,1
2026-03-25 05:21:00,2.8518,2.8518,2.8508,2.8513,2.8568,2.8568,2.8558,2.8563,7
2026-03-25 05:22:00,2.8508,2.8508,2.8498,2.8498,2.8558,2.8558,2.8548,2.8548,3
2026-03-25 05:23:00,2.8503,2.8503,2.8503,2.8503,2.8553,2.8553,2.8553,2.8553,1
2026-03-25 05:24:00,2.8508,2.8508,2.8508,2.8508,2.8558,2.8558,2.8558,2.8558,1
2026-03-25 05:25:00,2.8498,2.8508,2.8498,2.8508,2.8548,2.8558,2.8548,2.8558,3
2026-03-25 05:26:00,2.8503,2.8503,2.8488,2.8493,2.8553,2.8553,2.8538,2.8543,9
2026-03-25 05:27:00,2.8488,2.8513,2.8488,2.8508,2.8538,2.8563,2.8538,2.8558,6
2026-03-25 05:28:00,2.8513,2.8518,2.8508,2.8508,2.8563,2.8568,2.8558,2.8558,4
2026-03-25 05:29:00,2.8498,2.8508,2.8493,2.8503,2.8548,2.8558,2.8543,2.8553,4
2026-03-25 05:30:00,2.8498,2.8503,2.8493,2.8503,2.8548,2.8553,2.8543,2.8553,8
2026-03-25 05:31:00,2.8508,2.8508,2.8508,2.8508,2.8558,2.8558,2.8558,2.8558,1
2026-03-25 05:32:00,2.8503,2.8508,2.8488,2.8488,2.8553,2.8558,2.8538,2.8538,5
2026-03-25 05:33:00,2.8493,2.8498,2.8493,2.8493,2.8543,2.8548,2.8543,2.8543,3
2026-03-25 05:34:00,2.8488,2.8488,2.8448,2.8468,2.8538,2.8538,2.8498,2.8518,17
2026-03-25 05:35:00,2.8473,2.8503,2.8473,2.8493,2.8523,2.8553,2.8523,2.8543,13
2026-03-25 05:36:00,2.8498,2.8498,2.8493,2.8498,2.8548,2.8548,2.8543,2.8548,3
2026-03-25 05:37:00,2.8493,2.8493,2.8493,2.8493,2.8543,2.8543,2.8543,2.8543,1
2026-03-25 05:38:00,2.8498,2.8508,2.8488,2.8493,2.8548,2.8558,2.8538,2.8543,5
2026-03-25 05:39:00,2.8498,2.8508,2.8498,2.8508,2.8548,2.8558,2.8548,2.8558,5
2026-03-25 05:42:00,2.8518,2.8518,2.8513,2.8518,2.8568,2.8568,2.8563,2.8568,3
2026-03-25 05:43:00,2.8513,2.8513,2.8498,2.8508,2.8563,2.8563,2.8548,2.8558,21
2026-03-25 05:45:00,2.8513,2.8513,2.8508,2.8508,2.8563,2.8563,2.8558,2.8558,6
2026-03-25 05:46:00,2.8503,2.8508,2.8503,2.8508,2.8553,2.8558,2.8553,2.8558,2
2026-03-25 05:47:00,2.8503,2.8508,2.8498,2.8508,2.8553,2.8558,2.8548,2.8558,3
2026-03-25 05:48:00,2.8503,2.8538,2.8503,2.8538,2.8553,2.8588,2.8553,2.8588,6
2026-03-25 05:49:00,2.8548,2.8548,2.8538,2.8543,2.8598,2.8598,2.8588,2.8593,5
2026-03-25 05:50:00,2.8548,2.8548,2.8538,2.8548,2.8598,2.8598,2.8588,2.8598,7
2026-03-25 05:51:00,2.8538,2.8548,2.8538,2.8538,2.8588,2.8598,2.8588,2.8588,9
2026-03-25 05:52:00,2.8543,2.8543,2.8538,2.8538,2.8593,2.8593,2.8588,2.8588,2
2026-03-25 05:53:00,2.8528,2.8528,2.8508,2.8508,2.8578,2.8578,2.8558,2.8558,6
2026-03-25 05:54:00,2.8513,2.8513,2.8508,2.8508,2.8563,2.8563,2.8558,2.8558,2
2026-03-25 05:55:00,2.8513,2.8513,2.8508,2.8513,2.8563,2.8563,2.8558,2.8563,3
2026-03-25 05:56:00,2.8508,2.8508,2.8508,2.8508,2.8558,2.8558,2.8558,2.8558,1
2026-03-25 05:57:00,2.8503,2.8503,2.8498,2.8498,2.8553,2.8553,2.8548,2.8548,2
2026-03-25 05:58:00,2.8503,2.8508,2.8498,2.8498,2.8553,2.8558,2.8548,2.8548,14
2026-03-25 05:59:00,2.8493,2.8498,2.8488,2.8488,2.8543,2.8548,2.8538,2.8538,4
2026-03-25 06:00:00,2.8478,2.8493,2.8468,2.8493,2.8528,2.8543,2.8518,2.8543,20
2026-03-25 06:01:00,2.8488,2.8488,2.8478,2.8478,2.8538,2.8538,2.8528,2.8528,6
2026-03-25 06:02:00,2.8473,2.8488,2.8468,2.8488,2.8523,2.8538,2.8518,2.8538,12
2026-03-25 06:03:00,2.8498,2.8498,2.8478,2.8493,2.8548,2.8548,2.8528,2.8543,16
2026-03-25 06:04:00,2.8498,2.8498,2.8488,2.8493,2.8548,2.8548,2.8538,2.8543,9
2026-03-25 06:05:00,2.8508,2.8518,2.8503,2.8508,2.8558,2.8568,2.8553,2.8558,24
2026-03-25 06:06:00,2.8513,2.8528,2.8513,2.8523,2.8563,2.8578,2.8563,2.8573,22
2026-03-25 06:07:00,2.8528,2.8533,2.8523,2.8528,2.8578,2.8583,2.8573,2.8578,6
2026-03-25 06:08:00,2.8518,2.8523,2.8503,2.8503,2.8568,2.8573,2.8553,2.8553,8
2026-03-25 06:09:00,2.8508,2.8508,2.8488,2.8508,2.8558,2.8558,2.8538,2.8558,23
2026-03-25 06:10:00,2.8503,2.8503,2.8468,2.8473,2.8553,2.8553,2.8518,2.8523,21
2026-03-25 06:11:00,2.8468,2.8468,2.8458,2.8458,2.8518,2.8518,2.8508,2.8508,4
2026-03-25 06:12:00,2.8453,2.8503,2.8448,2.8498,2.8503,2.8553,2.8498,2.8548,31
2026-03-25 06:13:00,2.8503,2.8508,2.8488,2.8493,2.8553,2.8558,2.8538,2.8543,21
2026-03-25 06:14:00,2.8488,2.8498,2.8488,2.8493,2.8538,2.8548,2.8538,2.8543,6
2026-03-25 06:15:00,2.8488,2.8503,2.8478,2.8488,2.8538,2.8553,2.8528,2.8538,21
2026-03-25 06:16:00,2.8483,2.8488,2.8478,2.8478,2.8533,2.8538,2.8528,2.8528,3
2026-03-25 06:17:00,2.8473,2.8478,2.8473,2.8473,2.8523,2.8528,2.8523,2.8523,3
2026-03-25 06:18:00,2.8478,2.8483,2.8473,2.8483,2.8528,2.8533,2.8523,2.8533,4
2026-03-25 06:19:00,2.8478,2.8483,2.8468,2.8483,2.8528,2.8533,2.8518,2.8533,11
2026-03-25 06:20:00,2.8478,2.8488,2.8468,2.8478,2.8528,2.8538,2.8518,2.8528,23
2026-03-25 06:21:00,2.8473,2.8473,2.8463,2.8463,2.8523,2.8523,2.8513,2.8513,5
2026-03-25 06:22:00,2.8468,2.8468,2.8458,2.8458,2.8518,2.8518,2.8508,2.8508,3
2026-03-25 06:23:00,2.8463,2.8463,2.8443,2.8448,2.8513,2.8513,2.8493,2.8498,8
2026-03-25 06:24:00,2.8453,2.8453,2.8448,2.8453,2.8503,2.8503,2.8498,2.8503,7
2026-03-25 06:25:00,2.8458,2.8458,2.8443,2.8453,2.8508,2.8508,2.8493,2.8503,4
2026-03-25 06:27:00,2.8443,2.8468,2.8443,2.8458,2.8493,2.8518,2.8493,2.8508,13
2026-03-25 06:28:00,2.8463,2.8468,2.8458,2.8468,2.8513,2.8518,2.8508,2.8518,8
2026-03-25 06:29:00,2.8463,2.8463,2.8463,2.8463,2.8513,2.8513,2.8513,2.8513,1
2026-03-25 06:30:00,2.8458,2.8463,2.8458,2.8463,2.8508,2.8513,2.8508,2.8513,2
2026-03-25 06:31:00,2.8458,2.8473,2.8458,2.8468,2.8508,2.8523,2.8508,2.8518,4
2026-03-25 06:33:00,2.8458,2.8468,2.8453,2.8453,2.8508,2.8518,2.8503,2.8503,4
2026-03-25 06:34:00,2.8448,2.8448,2.8448,2.8448,2.8498,2.8498,2.8498,2.8498,1
2026-03-25 06:35:00,2.8458,2.8458,2.8458,2.8458,2.8508,2.8508,2.8508,2.8508,1
2026-03-25 06:37:00,2.8453,2.8458,2.8438,2.8448,2.8503,2.8508,2.8488,2.8498,12
2026-03-25 06:38:00,2.8443,2.8448,2.8438,2.8438,2.8493,2.8498,2.8488,2.8488,6
2026-03-25 06:39:00,2.8448,2.8448,2.8443,2.8448,2.8498,2.8498,2.8493,2.8498,3
2026-03-25 06:42:00,2.8443,2.8443,2.8418,2.8433,2.8493,2.8493,2.8468,2.8483,7
2026-03-25 06:43:00,2.8428,2.8433,2.8428,2.8433,2.8478,2.8483,2.8478,2.8483,2
2026-03-25 06:44:00,2.8438,2.8438,2.8438,2.8438,2.8488,2.8488,2.8488,2.8488,1
2026-03-25 06:45:00,2.8443,2.8448,2.8438,2.8448,2.8493,2.8498,2.8488,2.8498,3
2026-03-25 06:46:00,2.8443,2.8458,2.8443,2.8458,2.8493,2.8508,2.8493,2.8508,4
2026-03-25 06:47:00,2.8468,2.8488,2.8463,2.8488,2.8518,2.8538,2.8513,2.8538,4
2026-03-25 06:49:00,2.8483,2.8488,2.8483,2.8488,2.8533,2.8538,2.8533,2.8538,2
2026-03-25 06:50:00,2.8483,2.8483,2.8478,2.8478,2.8533,2.8533,2.8528,2.8528,2
2026-03-25 06:51:00,2.8468,2.8468,2.8468,2.8468,2.8518,2.8518,2.8518,2.8518,1
2026-03-25 06:52:00,2.8463,2.8468,2.8458,2.8463,2.8513,2.8518,2.8508,2.8513,6
2026-03-25 06:53:00,2.8458,2.8458,2.8453,2.8453,2.8508,2.8508,2.8503,2.8503,4
2026-03-25 06:54:00,2.8458,2.8458,2.8458,2.8458,2.8508,2.8508,2.8508,2.8508,1
2026-03-25 06:55:00,2.8453,2.8478,2.8453,2.8478,2.8503,2.8528,2.8503,2.8528,5
2026-03-25 06:56:00,2.8488,2.8488,2.8483,2.8483,2.8538,2.8538,2.8533,2.8533,4
2026-03-25 06:57:00,2.8488,2.8488,2.8488,2.8488,2.8538,2.8538,2.8538,2.8538,1
2026-03-25 06:58:00,2.8483,2.8488,2.8483,2.8488,2.8533,2.8538,2.8533,2.8538,2
2026-03-25 06:59:00,2.8498,2.8518,2.8498,2.8518,2.8548,2.8568,2.8548,2.8568,10
2026-03-25 07:00:00,2.8508,2.8518,2.8508,2.8518,2.8558,2.8568,2.8558,2.8568,6
2026-03-25 07:01:00,2.8513,2.8513,2.8498,2.8508,2.8563,2.8563,2.8548,2.8558,7
2026-03-25 07:02:00,2.8498,2.8498,2.8493,2.8498,2.8548,2.8548,2.8543,2.8548,3
2026-03-25 07:03:00,2.8493,2.8508,2.8488,2.8508,2.8543,2.8558,2.8538,2.8558,4
2026-03-25 07:04:00,2.8518,2.8528,2.8518,2.8518,2.8568,2.8578,2.8568,2.8568,9
2026-03-25 07:05:00,2.8513,2.8518,2.8508,2.8518,2.8563,2.8568,2.8558,2.8568,4
2026-03-25 07:06:00,2.8528,2.8558,2.8528,2.8548,2.8578,2.8608,2.8578,2.8598,7
2026-03-25 07:07:00,2.8543,2.8558,2.8538,2.8558,2.8593,2.8608,2.8588,2.8608,11
2026-03-25 07:08:00,2.8553,2.8553,2.8538,2.8548,2.8603,2.8603,2.8588,2.8598,8
2026-03-25 07:09:00,2.8543,2.8568,2.8543,2.8568,2.8593,2.8618,2.8593,2.8618,9
2026-03-25 07:10:00,2.8563,2.8568,2.8553,2.8568,2.8613,2.8618,2.8603,2.8618,7
2026-03-25 07:11:00,2.8563,2.8568,2.8548,2.8568,2.8613,2.8618,2.8598,2.8618,6
2026-03-25 07:12:00,2.8573,2.8588,2.8573,2.8588,2.8623,2.8638,2.8623,2.8638,10
2026-03-25 07:13:00,2.8583,2.8588,2.8573,2.8588,2.8633,2.8638,2.8623,2.8638,14
2026-03-25 07:14:00,2.8583,2.8593,2.8583,2.8593,2.8633,2.8643,2.8633,2.8643,3
2026-03-25 07:15:00,2.8598,2.8598,2.8563,2.8563,2.8648,2.8648,2.8613,2.8613,12
2026-03-25 07:16:00,2.8558,2.8568,2.8558,2.8563,2.8608,2.8618,2.8608,2.8613,4
2026-03-25 07:17:00,2.8558,2.8573,2.8558,2.8573,2.8608,2.8623,2.8608,2.8623,8
2026-03-25 07:18:00,2.8568,2.8568,2.8563,2.8568,2.8618,2.8618,2.8613,2.8618,3
2026-03-25 07:19:00,2.8573,2.8578,2.8553,2.8553,2.8623,2.8628,2.8603,2.8603,5
2026-03-25 07:20:00,2.8558,2.8558,2.8533,2.8548,2.8608,2.8608,2.8583,2.8598,12
2026-03-25 07:21:00,2.8553,2.8568,2.8553,2.8553,2.8603,2.8618,2.8603,2.8603,8
2026-03-25 07:22:00,2.8548,2.8548,2.8543,2.8543,2.8598,2.8598,2.8593,2.8593,2
2026-03-25 07:23:00,2.8548,2.8548,2.8538,2.8548,2.8598,2.8598,2.8588,2.8598,8
2026-03-25 07:24:00,2.8543,2.8543,2.8528,2.8533,2.8593,2.8593,2.8578,2.8583,5
2026-03-25 07:25:00,2.8528,2.8538,2.8528,2.8538,2.8578,2.8588,2.8578,2.8588,2
2026-03-25 07:26:00,2.8553,2.8553,2.8543,2.8543,2.8603,2.8603,2.8593,2.8593,2
2026-03-25 07:27:00,2.8538,2.8538,2.8528,2.8538,2.8588,2.8588,2.8578,2.8588,8
2026-03-25 07:28:00,2.8533,2.8538,2.8533,2.8533,2.8583,2.8588,2.8583,2.8583,3
2026-03-25 07:29:00,2.8528,2.8543,2.8528,2.8538,2.8578,2.8593,2.8578,2.8588,6
2026-03-25 07:30:00,2.8543,2.8608,2.8538,2.8588,2.8593,2.8658,2.8588,2.8638,14
2026-03-25 07:31:00,2.8583,2.8583,2.8563,2.8578,2.8633,2.8633,2.8613,2.8628,8
2026-03-25 07:32:00,2.8573,2.8588,2.8563,2.8583,2.8623,2.8638,2.8613,2.8633,6
2026-03-25 07:33:00,2.8588,2.8613,2.8588,2.8613,2.8638,2.8663,2.8638,2.8663,8
2026-03-25 07:34:00,2.8608,2.8608,2.8568,2.8578,2.8658,2.8658,2.8618,2.8628,7
2026-03-25 07:35:00,2.8583,2.8593,2.8578,2.8593,2.8633,2.8643,2.8628,2.8643,5
2026-03-25 07:36:00,2.8583,2.8598,2.8583,2.8598,2.8633,2.8648,2.8633,2.8648,4
2026-03-25 07:37:00,2.8603,2.8603,2.8593,2.8598,2.8653,2.8653,2.8643,2.8648,4
2026-03-25 07:38:00,2.8593,2.8658,2.8593,2.8643,2.8643,2.8708,2.8643,2.8693,19
2026-03-25 07:39:00,2.8648,2.8648,2.8633,2.8633,2.8698,2.8698,2.8683,2.8683,3
2026-03-25 07:40:00,2.8638,2.8648,2.8628,2.8643,2.8688,2.8698,2.8678,2.8693,8
2026-03-25 07:41:00,2.8638,2.8638,2.8633,2.8633,2.8688,2.8688,2.8683,2.8683,4
2026-03-25 07:42:00,2.8628,2.8633,2.8603,2.8618,2.8678,2.8683,2.8653,2.8668,12
2026-03-25 07:43:00,2.8608,2.8613,2.8593,2.8613,2.8658,2.8663,2.8643,2.8663,10
2026-03-25 07:44:00,2.8603,2.8613,2.8603,2.8613,2.8653,2.8663,2.8653,2.8663,8
2026-03-25 07:45:00,2.8608,2.8628,2.8608,2.8618,2.8658,2.8678,2.8658,2.8668,17
2026-03-25 07:46:00,2.8623,2.8643,2.8623,2.8643,2.8673,2.8693,2.8673,2.8693,4
2026-03-25 07:47:00,2.8648,2.8648,2.8633,2.8638,2.8698,2.8698,2.8683,2.8688,7
2026-03-25 07:48:00,2.8628,2.8648,2.8618,2.8648,2.8678,2.8698,2.8668,2.8698,12
2026-03-25 07:49:00,2.8643,2.8643,2.8638,2.8638,2.8693,2.8693,2.8688,2.8688,2
2026-03-25 07:50:00,2.8643,2.8643,2.8643,2.8643,2.8693,2.8693,2.8693,2.8693,1
2026-03-25 07:51:00,2.8648,2.8648,2.8638,2.8638,2.8698,2.8698,2.8688,2.8688,5
2026-03-25 07:52:00,2.8628,2.8628,2.8603,2.8608,2.8678,2.8678,2.8653,2.8658,8
2026-03-25 07:53:00,2.8603,2.8628,2.8603,2.8618,2.8653,2.8678,2.8653,2.8668,4
2026-03-25 07:54:00,2.8623,2.8633,2.8623,2.8628,2.8673,2.8683,2.8673,2.8678,19
2026-03-25 07:55:00,2.8638,2.8638,2.8623,2.8623,2.8688,2.8688,2.8673,2.8673,24
2026-03-25 07:56:00,2.8633,2.8638,2.8633,2.8638,2.8683,2.8688,2.8683,2.8688,2
2026-03-25 07:57:00,2.8633,2.8638,2.8613,2.8613,2.8683,2.8688,2.8663,2.8663,16
2026-03-25 07:58:00,2.8608,2.8623,2.8608,2.8618,2.8658,2.8673,2.8658,2.8668,8
2026-03-25 07:59:00,2.8628,2.8633,2.8613,2.8613,2.8678,2.8683,2.8663,2.8663,6
2026-03-25 08:00:00,2.8618,2.8618,2.8578,2.8603,2.8668,2.8668,2.8628,2.8653,24
2026-03-25 08:01:00,2.8598,2.8628,2.8593,2.8618,2.8648,2.8678,2.8643,2.8668,18
2026-03-25 08:02:00,2.8613,2.8613,2.8593,2.8613,2.8663,2.8663,2.8643,2.8663,30
2026-03-25 08:03:00,2.8608,2.8678,2.8598,2.8678,2.8658,2.8728,2.8648,2.8728,21
2026-03-25 08:04:00,2.8668,2.8688,2.8663,2.8673,2.8718,2.8738,2.8713,2.8723,23
2026-03-25 08:05:00,2.8663,2.8673,2.8658,2.8663,2.8713,2.8723,2.8708,2.8713,7
2026-03-25 08:06:00,2.8668,2.8673,2.8643,2.8648,2.8718,2.8723,2.8693,2.8698,15
2026-03-25 08:07:00,2.8643,2.8648,2.8623,2.8638,2.8693,2.8698,2.8673,2.8688,18
2026-03-25 08:08:00,2.8643,2.8658,2.8628,2.8658,2.8693,2.8708,2.8678,2.8708,13
2026-03-25 08:09:00,2.8653,2.8653,2.8643,2.8648,2.8703,2.8703,2.8693,2.8698,6
2026-03-25 08:10:00,2.8653,2.8653,2.8623,2.8633,2.8703,2.8703,2.8673,2.8683,26
2026-03-25 08:11:00,2.8638,2.8648,2.8608,2.8608,2.8688,2.8698,2.8658,2.8658,17
2026-03-25 08:12:00,2.8603,2.8608,2.8583,2.8583,2.8653,2.8658,2.8633,2.8633,10
2026-03-25 08:13:00,2.8588,2.8608,2.8583,2.8588,2.8638,2.8658,2.8633,2.8638,7
2026-03-25 08:14:00,2.8583,2.8613,2.8583,2.8608,2.8633,2.8663,2.8633,2.8658,21
2026-03-25 08:15:00,2.8613,2.8633,2.8603,2.8628,2.8663,2.8683,2.8653,2.8678,26
2026-03-25 08:16:00,2.8623,2.8623,2.8583,2.8583,2.8673,2.8673,2.8633,2.8633,20
2026-03-25 08:17:00,2.8588,2.8603,2.8573,2.8603,2.8638,2.8653,2.8623,2.8653,14
2026-03-25 08:18:00,2.8598,2.8618,2.8593,2.8608,2.8648,2.8668,2.8643,2.8658,11
2026-03-25 08:19:00,2.8613,2.8623,2.8603,2.8623,2.8663,2.8673,2.8653,2.8673,8
2026-03-25 08:20:00,2.8618,2.8653,2.8618,2.8653,2.8668,2.8703,2.8668,2.8703,8
2026-03-25 08:21:00,2.8648,2.8658,2.8648,2.8658,2.8698,2.8708,2.8698,2.8708,5
2026-03-25 08:22:00,2.8663,2.8683,2.8648,2.8653,2.8713,2.8733,2.8698,2.8703,26
2026-03-25 08:23:00,2.8658,2.8678,2.8653,2.8678,2.8708,2.8728,2.8703,2.8728,8
2026-03-25 08:24:00,2.8683,2.8693,2.8668,2.8693,2.8733,2.8743,2.8718,2.8743,16
2026-03-25 08:25:00,2.8698,2.8698,2.8678,2.8683,2.8748,2.8748,2.8728,2.8733,8
2026-03-25 08:26:00,2.8678,2.8688,2.8668,2.8683,2.8728,2.8738,2.8718,2.8733,7
2026-03-25 08:27:00,2.8678,2.8713,2.8678,2.8713,2.8728,2.8763,2.8728,2.8763,18
2026-03-25 08:28:00,2.8708,2.8738,2.8703,2.8723,2.8758,2.8788,2.8753,2.8773,12
2026-03-25 08:29:00,2.8718,2.8718,2.8703,2.8703,2.8768,2.8768,2.8753,2.8753,5
2026-03-25 08:30:00,2.8698,2.8698,2.8668,2.8668,2.8748,2.8748,2.8718,2.8718,8
2026-03-25 08:31:00,2.8673,2.8688,2.8653,2.8688,2.8723,2.8738,2.8703,2.8738,18
2026-03-25 08:32:00,2.8683,2.8683,2.8673,2.8673,2.8733,2.8733,2.8723,2.8723,7
2026-03-25 08:33:00,2.8678,2.8703,2.8673,2.8693,2.8728,2.8753,2.8723,2.8743,7
2026-03-25 08:34:00,2.8688,2.8693,2.8688,2.8693,2.8738,2.8743,2.8738,2.8743,2
2026-03-25 08:35:00,2.8688,2.8688,2.8688,2.8688,2.8738,2.8738,2.8738,2.8738,1
2026-03-25 08:36:00,2.8683,2.8693,2.8673,2.8673,2.8733,2.8743,2.8723,2.8723,14
2026-03-25 08:37:00,2.8668,2.8673,2.8648,2.8673,2.8718,2.8723,2.8698,2.8723,8
2026-03-25 08:38:00,2.8678,2.8678,2.8673,2.8678,2.8728,2.8728,2.8723,2.8728,3
2026-03-25 08:39:00,2.8673,2.8678,2.8673,2.8678,2.8723,2.8728,2.8723,2.8728,2
2026-03-25 08:40:00,2.8673,2.8673,2.8653,2.8653,2.8723,2.8723,2.8703,2.8703,5
2026-03-25 08:41:00,2.8663,2.8663,2.8628,2.8628,2.8713,2.8713,2.8678,2.8678,17
2026-03-25 08:42:00,2.8623,2.8633,2.8613,2.8633,2.8673,2.8683,2.8663,2.8683,11
2026-03-25 08:43:00,2.8628,2.8638,2.8623,2.8638,2.8678,2.8688,2.8673,2.8688,13
2026-03-25 08:44:00,2.8628,2.8643,2.8628,2.8633,2.8678,2.8693,2.8678,2.8683,4
2026-03-25 08:45:00,2.8628,2.8643,2.8613,2.8613,2.8678,2.8693,2.8663,2.8663,14
2026-03-25 08:46:00,2.8608,2.8618,2.8598,2.8608,2.8658,2.8668,2.8648,2.8658,33
2026-03-25 08:47:00,2.8603,2.8608,2.8588,2.8588,2.8653,2.8658,2.8638,2.8638,12
2026-03-25 08:48:00,2.8583,2.8583,2.8573,2.8583,2.8633,2.8633,2.8623,2.8633,4
2026-03-25 08:49:00,2.8578,2.8583,2.8563,2.8568,2.8628,2.8633,2.8613,2.8618,10
2026-03-25 08:50:00,2.8573,2.8618,2.8573,2.8603,2.8623,2.8668,2.8623,2.8653,24
2026-03-25 08:51:00,2.8598,2.8623,2.8598,2.8598,2.8648,2.8673,2.8648,2.8648,27
2026-03-25 08:52:00,2.8593,2.8613,2.8593,2.8603,2.8643,2.8663,2.8643,2.8653,40
2026-03-25 08:53:00,2.8608,2.8638,2.8603,2.8633,2.8658,2.8688,2.8653,2.8683,12
2026-03-25 08:54:00,2.8638,2.8648,2.8628,2.8638,2.8688,2.8698,2.8678,2.8688,9
2026-03-25 08:55:00,2.8628,2.8638,2.8613,2.8618,2.8678,2.8688,2.8663,2.8668,12
2026-03-25 08:56:00,2.8623,2.8623,2.8593,2.8603,2.8673,2.8673,2.8643,2.8653,11
2026-03-25 08:57:00,2.8598,2.8598,2.8598,2.8598,2.8648,2.8648,2.8648,2.8648,1
2026-03-25 08:58:00,2.8593,2.8598,2.8593,2.8598,2.8643,2.8648,2.8643,2.8648,4
2026-03-25 08:59:00,2.8603,2.8608,2.8583,2.8588,2.8653,2.8658,2.8633,2.8638,30
2026-03-25 09:00:00,2.8583,2.8618,2.8583,2.8613,2.8633,2.8668,2.8633,2.8663,45
2026-03-25 09:01:00,2.8608,2.8628,2.8603,2.8628,2.8658,2.8678,2.8653,2.8678,20
2026-03-25 09:02:00,2.8618,2.8643,2.8613,2.8633,2.8668,2.8693,2.8663,2.8683,21
2026-03-25 09:03:00,2.8628,2.8628,2.8608,2.8613,2.8678,2.8678,2.8658,2.8663,5
2026-03-25 09:04:00,2.8608,2.8618,2.8603,2.8613,2.8658,2.8668,2.8653,2.8663,6
2026-03-25 09:05:00,2.8618,2.8633,2.8613,2.8618,2.8668,2.8683,2.8663,2.8668,17
2026-03-25 09:06:00,2.8623,2.8623,2.8553,2.8603,2.8673,2.8673,2.8603,2.8653,33
2026-03-25 09:07:00,2.8598,2.8603,2.8583,2.8598,2.8648,2.8653,2.8633,2.8648,20
2026-03-25 09:08:00,2.8608,2.8628,2.8608,2.8628,2.8658,2.8678,2.8658,2.8678,16
2026-03-25 09:09:00,2.8618,2.8628,2.8618,2.8623,2.8668,2.8678,2.8668,2.8673,8
2026-03-25 09:10:00,2.8618,2.8618,2.8608,2.8613,2.8668,2.8668,2.8658,2.8663,4
2026-03-25 09:11:00,2.8608,2.8608,2.8593,2.8593,2.8658,2.8658,2.8643,2.8643,8
2026-03-25 09:12:00,2.8598,2.8648,2.8583,2.8648,2.8648,2.8698,2.8633,2.8698,27
2026-03-25 09:13:00,2.8643,2.8658,2.8633,2.8658,2.8693,2.8708,2.8683,2.8708,13
2026-03-25 09:14:00,2.8653,2.8663,2.8608,2.8618,2.8703,2.8713,2.8658,2.8668,21
2026-03-25 09:15:00,2.8623,2.8628,2.8578,2.8588,2.8673,2.8678,2.8628,2.8638,32
2026-03-25 09:16:00,2.8593,2.8608,2.8578,2.8593,2.8643,2.8658,2.8628,2.8643,20
2026-03-25 09:17:00,2.8598,2.8613,2.8568,2.8613,2.8648,2.8663,2.8618,2.8663,20
2026-03-25 09:18:00,2.8618,2.8618,2.8593,2.8593,2.8668,2.8668,2.8643,2.8643,7
2026-03-25 09:19:00,2.8598,2.8623,2.8578,2.8618,2.8648,2.8673,2.8628,2.8668,29
2026-03-25 09:20:00,2.8613,2.8613,2.8578,2.8583,2.8663,2.8663,2.8628,2.8633,18
2026-03-25 09:21:00,2.8588,2.8598,2.8583,2.8598,2.8638,2.8648,2.8633,2.8648,6
2026-03-25 09:22:00,2.8593,2.8598,2.8588,2.8588,2.8643,2.8648,2.8638,2.8638,10
2026-03-25 09:23:00,2.8593,2.8608,2.8593,2.8598,2.8643,2.8658,2.8643,2.8648,14
2026-03-25 09:24:00,2.8603,2.8613,2.8583,2.8583,2.8653,2.8663,2.8633,2.8633,9
2026-03-25 09:25:00,2.8588,2.8588,2.8558,2.8558,2.8638,2.8638,2.8608,2.8608,48
2026-03-25 09:26:00,2.8553,2.8588,2.8543,2.8588,2.8603,2.8638,2.8593,2.8638,33
2026-03-25 09:27:00,2.8583,2.8598,2.8573,2.8598,2.8633,2.8648,2.8623,2.8648,12
2026-03-25 09:28:00,2.8588,2.8638,2.8588,2.8628,2.8638,2.8688,2.8638,2.8678,28
2026-03-25 09:29:00,2.8623,2.8638,2.8603,2.8633,2.8673,2.8688,2.8653,2.8683,39
2026-03-25 09:30:00,2.8628,2.8663,2.8628,2.8658,2.8678,2.8713,2.8678,2.8708,22
2026-03-25 09:31:00,2.8653,2.8678,2.8613,2.8613,2.8703,2.8728,2.8663,2.8663,17
2026-03-25 09:32:00,2.8608,2.8608,2.8603,2.8608,2.8658,2.8658,2.8653,2.8658,5
2026-03-25 09:33:00,2.8603,2.8618,2.8588,2.8613,2.8653,2.8668,2.8638,2.8663,10
2026-03-25 09:34:00,2.8608,2.8613,2.8598,2.8608,2.8658,2.8663,2.8648,2.8658,12
2026-03-25 09:35:00,2.8603,2.8638,2.8593,2.8638,2.8653,2.8688,2.8643,2.8688,18
2026-03-25 09:36:00,2.8633,2.8708,2.8628,2.8708,2.8683,2.8758,2.8678,2.8758,47
2026-03-25 09:37:00,2.8713,2.8718,2.8693,2.8703,2.8763,2.8768,2.8743,2.8753,14
2026-03-25 09:38:00,2.8698,2.8703,2.8648,2.8648,2.8748,2.8753,2.8698,2.8698,29
2026-03-25 09:39:00,2.8653,2.8683,2.8643,2.8683,2.8703,2.8733,2.8693,2.8733,13
2026-03-25 09:40:00,2.8688,2.8698,2.8678,2.8683,2.8738,2.8748,2.8728,2.8733,14
2026-03-25 09:41:00,2.8678,2.8693,2.8668,2.8673,2.8728,2.8743,2.8718,2.8723,19
2026-03-25 09:42:00,2.8668,2.8668,2.8628,2.8633,2.8718,2.8718,2.8678,2.8683,15
2026-03-25 09:43:00,2.8638,2.8658,2.8633,2.8648,2.8688,2.8708,2.8683,2.8698,26
2026-03-25 09:44:00,2.8643,2.8658,2.8638,2.8658,2.8693,2.8708,2.8688,2.8708,6
2026-03-25 09:45:00,2.8653,2.8668,2.8598,2.8608,2.8703,2.8718,2.8648,2.8658,23
2026-03-25 09:46:00,2.8618,2.8623,2.8603,2.8613,2.8668,2.8673,2.8653,2.8663,23
2026-03-25 09:47:00,2.8618,2.8663,2.8618,2.8648,2.8668,2.8713,2.8668,2.8698,11
2026-03-25 09:48:00,2.8643,2.8648,2.8628,2.8648,2.8693,2.8698,2.8678,2.8698,17
2026-03-25 09:49:00,2.8643,2.8668,2.8643,2.8663,2.8693,2.8718,2.8693,2.8713,27
2026-03-25 09:50:00,2.8668,2.8678,2.8663,2.8678,2.8718,2.8728,2.8713,2.8728,4
2026-03-25 09:51:00,2.8688,2.8708,2.8663,2.8683,2.8738,2.8758,2.8713,2.8733,32
2026-03-25 09:52:00,2.8698,2.8698,2.8683,2.8698,2.8748,2.8748,2.8733,2.8748,18
2026-03-25 09:53:00,2.8693,2.8708,2.8673,2.8703,2.8743,2.8758,2.8723,2.8753,17
2026-03-25 09:54:00,2.8698,2.8713,2.8698,2.8703,2.8748,2.8763,2.8748,2.8753,13
2026-03-25 09:55:00,2.8708,2.8713,2.8698,2.8713,2.8758,2.8763,2.8748,2.8763,5
2026-03-25 09:56:00,2.8708,2.8708,2.8683,2.8688,2.8758,2.8758,2.8733,2.8738,7
2026-03-25 09:57:00,2.8678,2.8688,2.8678,2.8688,2.8728,2.8738,2.8728,2.8738,7
2026-03-25 09:58:00,2.8693,2.8708,2.8693,2.8708,2.8743,2.8758,2.8743,2.8758,9
2026-03-25 09:59:00,2.8703,2.8748,2.8698,2.8743,2.8753,2.8798,2.8748,2.8793,11
2026-03-25 10:00:00,2.8733,2.8738,2.8718,2.8728,2.8783,2.8788,2.8768,2.8778,23
2026-03-25 10:01:00,2.8723,2.8748,2.8718,2.8748,2.8773,2.8798,2.8768,2.8798,20
2026-03-25 10:02:00,2.8763,2.8773,2.8758,2.8773,2.8813,2.8823,2.8808,2.8823,5
2026-03-25 10:03:00,2.8768,2.8828,2.8768,2.8798,2.8818,2.8878,2.8818,2.8848,28
2026-03-25 10:04:00,2.8803,2.8818,2.8798,2.8808,2.8853,2.8868,2.8848,2.8858,14
2026-03-25 10:05:00,2.8803,2.8818,2.8768,2.8768,2.8853,2.8868,2.8818,2.8818,23
2026-03-25 10:06:00,2.8778,2.8798,2.8778,2.8788,2.8828,2.8848,2.8828,2.8838,11
2026-03-25 10:07:00,2.8778,2.8808,2.8763,2.8798,2.8828,2.8858,2.8813,2.8848,10
2026-03-25 10:08:00,2.8803,2.8828,2.8798,2.8818,2.8853,2.8878,2.8848,2.8868,9
2026-03-25 10:09:00,2.8803,2.8813,2.8728,2.8758,2.8853,2.8863,2.8778,2.8808,24
2026-03-25 10:10:00,2.8753,2.8758,2.8748,2.8758,2.8803,2.8808,2.8798,2.8808,20
2026-03-25 10:11:00,2.8748,2.8758,2.8728,2.8733,2.8798,2.8808,2.8778,2.8783,14
2026-03-25 10:12:00,2.8738,2.8748,2.8723,2.8738,2.8788,2.8798,2.8773,2.8788,12
2026-03-25 10:13:00,2.8743,2.8743,2.8718,2.8723,2.8793,2.8793,2.8768,2.8773,7
2026-03-25 10:14:00,2.8718,2.8733,2.8708,2.8713,2.8768,2.8783,2.8758,2.8763,25
2026-03-25 10:15:00,2.8708,2.8718,2.8693,2.8708,2.8758,2.8768,2.8743,2.8758,8
2026-03-25 10:16:00,2.8703,2.8723,2.8688,2.8708,2.8753,2.8773,2.8738,2.8758,17
2026-03-25 10:17:00,2.8713,2.8743,2.8698,2.8743,2.8763,2.8793,2.8748,2.8793,9
2026-03-25 10:18:00,2.8738,2.8753,2.8713,2.8728,2.8788,2.8803,2.8763,2.8778,18
2026-03-25 10:19:00,2.8723,2.8738,2.8718,2.8728,2.8773,2.8788,2.8768,2.8778,15
2026-03-25 10:20:00,2.8733,2.8738,2.8713,2.8728,2.8783,2.8788,2.8763,2.8778,16
2026-03-25 10:21:00,2.8733,2.8738,2.8723,2.8723,2.8783,2.8788,2.8773,2.8773,3
2026-03-25 10:22:00,2.8728,2.8743,2.8728,2.8743,2.8778,2.8793,2.8778,2.8793,5
2026-03-25 10:23:00,2.8738,2.8763,2.8738,2.8763,2.8788,2.8813,2.8788,2.8813,18
2026-03-25 10:24:00,2.8773,2.8783,2.8763,2.8763,2.8823,2.8833,2.8813,2.8813,14
2026-03-25 10:25:00,2.8768,2.8788,2.8768,2.8778,2.8818,2.8838,2.8818,2.8828,4
2026-03-25 10:26:00,2.8783,2.8788,2.8763,2.8763,2.8833,2.8838,2.8813,2.8813,8
2026-03-25 10:27:00,2.8773,2.8808,2.8773,2.8793,2.8823,2.8858,2.8823,2.8843,16
2026-03-25 10:28:00,2.8788,2.8788,2.8763,2.8763,2.8838,2.8838,2.8813,2.8813,7
2026-03-25 10:29:00,2.8768,2.8773,2.8743,2.8773,2.8818,2.8823,2.8793,2.8823,15
2026-03-25 10:30:00,2.8768,2.8768,2.8758,2.8758,2.8818,2.8818,2.8808,2.8808,7
2026-03-25 10:31:00,2.8753,2.8758,2.8738,2.8738,2.8803,2.8808,2.8788,2.8788,13
2026-03-25 10:32:00,2.8733,2.8753,2.8733,2.8743,2.8783,2.8803,2.8783,2.8793,21
2026-03-25 10:33:00,2.8748,2.8768,2.8748,2.8768,2.8798,2.8818,2.8798,2.8818,4
2026-03-25 10:34:00,2.8758,2.8773,2.8758,2.8773,2.8808,2.8823,2.8808,2.8823,8
2026-03-25 10:35:00,2.8778,2.8778,2.8763,2.8763,2.8828,2.8828,2.8813,2.8813,19
2026-03-25 10:36:00,2.8758,2.8783,2.8743,2.8783,2.8808,2.8833,2.8793,2.8833,16
2026-03-25 10:37:00,2.8778,2.8778,2.8768,2.8773,2.8828,2.8828,2.8818,2.8823,12
2026-03-25 10:38:00,2.8768,2.8768,2.8748,2.8748,2.8818,2.8818,2.8798,2.8798,21
2026-03-25 10:39:00,2.8753,2.8758,2.8743,2.8753,2.8803,2.8808,2.8793,2.8803,13
2026-03-25 10:40:00,2.8748,2.8818,2.8738,2.8818,2.8798,2.8868,2.8788,2.8868,25
2026-03-25 10:41:00,2.8808,2.8818,2.8798,2.8818,2.8858,2.8868,2.8848,2.8868,21
2026-03-25 10:42:00,2.8823,2.8853,2.8818,2.8848,2.8873,2.8903,2.8868,2.8898,13
2026-03-25 10:43:00,2.8843,2.8843,2.8828,2.8833,2.8893,2.8893,2.8878,2.8883,7
2026-03-25 10:44:00,2.8838,2.8848,2.8813,2.8843,2.8888,2.8898,2.8863,2.8893,29
2026-03-25 10:45:00,2.8848,2.8858,2.8833,2.8858,2.8898,2.8908,2.8883,2.8908,14
2026-03-25 10:46:00,2.8848,2.8848,2.8828,2.8828,2.8898,2.8898,2.8878,2.8878,9
2026-03-25 10:47:00,2.8823,2.8838,2.8803,2.8808,2.8873,2.8888,2.8853,2.8858,15
2026-03-25 10:48:00,2.8813,2.8833,2.8808,2.8823,2.8863,2.8883,2.8858,2.8873,26
2026-03-25 10:49:00,2.8828,2.8828,2.8793,2.8793,2.8878,2.8878,2.8843,2.8843,11
2026-03-25 10:50:00,2.8798,2.8808,2.8793,2.8803,2.8848,2.8858,2.8843,2.8853,20
2026-03-25 10:51:00,2.8798,2.8823,2.8798,2.8818,2.8848,2.8873,2.8848,2.8868,17
2026-03-25 10:52:00,2.8808,2.8818,2.8798,2.8798,2.8858,2.8868,2.8848,2.8848,9
2026-03-25 10:53:00,2.8803,2.8808,2.8788,2.8808,2.8853,2.8858,2.8838,2.8858,9
2026-03-25 10:54:00,2.8803,2.8828,2.8803,2.8828,2.8853,2.8878,2.8853,2.8878,4
2026-03-25 10:55:00,2.8823,2.8858,2.8813,2.8843,2.8873,2.8908,2.8863,2.8893,45
2026-03-25 10:56:00,2.8848,2.8848,2.8828,2.8838,2.8898,2.8898,2.8878,2.8888,20
2026-03-25 10:57:00,2.8833,2.8838,2.8808,2.8808,2.8883,2.8888,2.8858,2.8858,10
2026-03-25 10:58:00,2.8813,2.8818,2.8743,2.8758,2.8863,2.8868,2.8793,2.8808,34
2026-03-25 10:59:00,2.8763,2.8768,2.8728,2.8753,2.8813,2.8818,2.8778,2.8803,41
2026-03-25 11:00:00,2.8758,2.8783,2.8753,2.8773,2.8808,2.8833,2.8803,2.8823,46
2026-03-25 11:01:00,2.8778,2.8778,2.8718,2.8728,2.8828,2.8828,2.8768,2.8778,36
2026-03-25 11:02:00,2.8718,2.8738,2.8718,2.8738,2.8768,2.8788,2.8768,2.8788,29
2026-03-25 11:03:00,2.8733,2.8748,2.8723,2.8743,2.8783,2.8798,2.8773,2.8793,20
2026-03-25 11:04:00,2.8738,2.8738,2.8718,2.8723,2.8788,2.8788,2.8768,2.8773,6
2026-03-25 11:05:00,2.8728,2.8743,2.8723,2.8733,2.8778,2.8793,2.8773,2.8783,12
2026-03-25 11:06:00,2.8728,2.8773,2.8728,2.8773,2.8778,2.8823,2.8778,2.8823,34
2026-03-25 11:07:00,2.8768,2.8788,2.8768,2.8768,2.8818,2.8838,2.8818,2.8818,14
2026-03-25 11:08:00,2.8758,2.8758,2.8728,2.8738,2.8808,2.8808,2.8778,2.8788,42
2026-03-25 11:09:00,2.8733,2.8733,2.8718,2.8733,2.8783,2.8783,2.8768,2.8783,17
2026-03-25 11:10:00,2.8728,2.8743,2.8728,2.8738,2.8778,2.8793,2.8778,2.8788,10
2026-03-25 11:11:00,2.8733,2.8733,2.8723,2.8723,2.8783,2.8783,2.8773,2.8773,5
2026-03-25 11:12:00,2.8718,2.8718,2.8698,2.8708,2.8768,2.8768,2.8748,2.8758,16
2026-03-25 11:13:00,2.8718,2.8738,2.8718,2.8738,2.8768,2.8788,2.8768,2.8788,6
2026-03-25 11:14:00,2.8743,2.8743,2.8718,2.8718,2.8793,2.8793,2.8768,2.8768,12
2026-03-25 11:15:00,2.8713,2.8743,2.8713,2.8733,2.8763,2.8793,2.8763,2.8783,9
2026-03-25 11:16:00,2.8738,2.8738,2.8698,2.8708,2.8788,2.8788,2.8748,2.8758,33
2026-03-25 11:17:00,2.8703,2.8718,2.8703,2.8708,2.8753,2.8768,2.8753,2.8758,12
2026-03-25 11:18:00,2.8713,2.8738,2.8713,2.8738,2.8763,2.8788,2.8763,2.8788,14
2026-03-25 11:19:00,2.8733,2.8738,2.8718,2.8733,2.8783,2.8788,2.8768,2.8783,6
2026-03-25 11:20:00,2.8728,2.8738,2.8728,2.8738,2.8778,2.8788,2.8778,2.8788,6
2026-03-25 11:21:00,2.8748,2.8753,2.8738,2.8748,2.8798,2.8803,2.8788,2.8798,10
2026-03-25 11:22:00,2.8743,2.8753,2.8718,2.8753,2.8793,2.8803,2.8768,2.8803,20
2026-03-25 11:23:00,2.8758,2.8768,2.8743,2.8753,2.8808,2.8818,2.8793,2.8803,25
2026-03-25 11:24:00,2.8758,2.8758,2.8748,2.8753,2.8808,2.8808,2.8798,2.8803,4
2026-03-25 11:25:00,2.8758,2.8758,2.8748,2.8748,2.8808,2.8808,2.8798,2.8798,6
2026-03-25 11:26:00,2.8753,2.8758,2.8738,2.8743,2.8803,2.8808,2.8788,2.8793,10
2026-03-25 11:27:00,2.8738,2.8748,2.8733,2.8733,2.8788,2.8798,2.8783,2.8783,11
2026-03-25 11:28:00,2.8738,2.8768,2.8733,2.8748,2.8788,2.8818,2.8783,2.8798,13
2026-03-25 11:29:00,2.8753,2.8788,2.8748,2.8788,2.8803,2.8838,2.8798,2.8838,6
2026-03-25 11:30:00,2.8798,2.8808,2.8783,2.8788,2.8848,2.8858,2.8833,2.8838,19
2026-03-25 11:31:00,2.8778,2.8798,2.8768,2.8793,2.8828,2.8848,2.8818,2.8843,28
2026-03-25 11:32:00,2.8788,2.8808,2.8788,2.8798,2.8838,2.8858,2.8838,2.8848,12
2026-03-25 11:33:00,2.8808,2.8818,2.8788,2.8788,2.8858,2.8868,2.8838,2.8838,16
2026-03-25 11:34:00,2.8778,2.8783,2.8763,2.8783,2.8828,2.8833,2.8813,2.8833,11
2026-03-25 11:35:00,2.8778,2.8798,2.8778,2.8798,2.8828,2.8848,2.8828,2.8848,8
2026-03-25 11:36:00,2.8803,2.8818,2.8798,2.8818,2.8853,2.8868,2.8848,2.8868,5
2026-03-25 11:37:00,2.8813,2.8818,2.8808,2.8808,2.8863,2.8868,2.8858,2.8858,8
2026-03-25 11:38:00,2.8798,2.8813,2.8798,2.8813,2.8848,2.8863,2.8848,2.8863,15
2026-03-25 11:39:00,2.8808,2.8808,2.8793,2.8808,2.8858,2.8858,2.8843,2.8858,18
2026-03-25 11:40:00,2.8803,2.8803,2.8793,2.8793,2.8853,2.8853,2.8843,2.8843,4
2026-03-25 11:41:00,2.8798,2.8808,2.8778,2.8778,2.8848,2.8858,2.8828,2.8828,14
2026-03-25 11:42:00,2.8783,2.8803,2.8778,2.8798,2.8833,2.8853,2.8828,2.8848,12
2026-03-25 11:43:00,2.8793,2.8808,2.8793,2.8803,2.8843,2.8858,2.8843,2.8853,23
2026-03-25 11:44:00,2.8798,2.8808,2.8798,2.8808,2.8848,2.8858,2.8848,2.8858,2
2026-03-25 11:45:00,2.8798,2.8823,2.8798,2.8798,2.8848,2.8873,2.8848,2.8848,18
2026-03-25 11:46:00,2.8788,2.8818,2.8788,2.8808,2.8838,2.8868,2.8838,2.8858,9
2026-03-25 11:47:00,2.8813,2.8818,2.8798,2.8798,2.8863,2.8868,2.8848,2.8848,5
2026-03-25 11:48:00,2.8788,2.8798,2.8738,2.8743,2.8838,2.8848,2.8788,2.8793,22
2026-03-25 11:49:00,2.8728,2.8748,2.8708,2.8748,2.8778,2.8798,2.8758,2.8798,19
2026-03-25 11:50:00,2.8738,2.8768,2.8733,2.8738,2.8788,2.8818,2.8783,2.8788,24
2026-03-25 11:51:00,2.8733,2.8743,2.8733,2.8738,2.8783,2.8793,2.8783,2.8788,14
2026-03-25 11:52:00,2.8733,2.8748,2.8728,2.8733,2.8783,2.8798,2.8778,2.8783,14
2026-03-25 11:53:00,2.8728,2.8738,2.8703,2.8738,2.8778,2.8788,2.8753,2.8788,20
2026-03-25 11:54:00,2.8728,2.8728,2.8703,2.8713,2.8778,2.8778,2.8753,2.8763,11
2026-03-25 11:55:00,2.8718,2.8718,2.8668,2.8713,2.8768,2.8768,2.8718,2.8763,52
2026-03-25 11:56:00,2.8708,2.8733,2.8708,2.8733,2.8758,2.8783,2.8758,2.8783,4
2026-03-25 11:57:00,2.8738,2.8758,2.8738,2.8738,2.8788,2.8808,2.8788,2.8788,9
2026-03-25 11:58:00,2.8728,2.8758,2.8728,2.8758,2.8778,2.8808,2.8778,2.8808,9
2026-03-25 11:59:00,2.8748,2.8768,2.8733,2.8768,2.8798,2.8818,2.8783,2.8818,32
2026-03-25 12:00:00,2.8763,2.8763,2.8653,2.8683,2.8813,2.8813,2.8703,2.8733,24
2026-03-25 12:01:00,2.8688,2.8718,2.8688,2.8693,2.8738,2.8768,2.8738,2.8743,19
2026-03-25 12:02:00,2.8698,2.8698,2.8663,2.8663,2.8748,2.8748,2.8713,2.8713,11
2026-03-25 12:03:00,2.8668,2.8698,2.8663,2.8683,2.8718,2.8748,2.8713,2.8733,32
2026-03-25 12:04:00,2.8668,2.8693,2.8658,2.8693,2.8718,2.8743,2.8708,2.8743,22
2026-03-25 12:05:00,2.8688,2.8693,2.8658,2.8683,2.8738,2.8743,2.8708,2.8733,29
2026-03-25 12:06:00,2.8688,2.8698,2.8673,2.8673,2.8738,2.8748,2.8723,2.8723,24
2026-03-25 12:07:00,2.8678,2.8678,2.8658,2.8668,2.8728,2.8728,2.8708,2.8718,9
2026-03-25 12:08:00,2.8663,2.8668,2.8628,2.8648,2.8713,2.8718,2.8678,2.8698,23
2026-03-25 12:09:00,2.8643,2.8643,2.8628,2.8628,2.8693,2.8693,2.8678,2.8678,8
2026-03-25 12:10:00,2.8638,2.8658,2.8638,2.8648,2.8688,2.8708,2.8688,2.8698,21
2026-03-25 12:11:00,2.8643,2.8643,2.8623,2.8628,2.8693,2.8693,2.8673,2.8678,14
2026-03-25 12:12:00,2.8623,2.8628,2.8618,2.8628,2.8673,2.8678,2.8668,2.8678,8
2026-03-25 12:13:00,2.8623,2.8623,2.8573,2.8583,2.8673,2.8673,2.8623,2.8633,20
2026-03-25 12:14:00,2.8578,2.8583,2.8548,2.8583,2.8628,2.8633,2.8598,2.8633,29
2026-03-25 12:15:00,2.8588,2.8603,2.8578,2.8598,2.8638,2.8653,2.8628,2.8648,13
2026-03-25 12:16:00,2.8588,2.8608,2.8558,2.8568,2.8638,2.8658,2.8608,2.8618,26
2026-03-25 12:17:00,2.8573,2.8588,2.8573,2.8578,2.8623,2.8638,2.8623,2.8628,9
2026-03-25 12:18:00,2.8583,2.8608,2.8578,2.8593,2.8633,2.8658,2.8628,2.8643,21
2026-03-25 12:19:00,2.8578,2.8588,2.8558,2.8583,2.8628,2.8638,2.8608,2.8633,33
2026-03-25 12:20:00,2.8593,2.8618,2.8588,2.8618,2.8643,2.8668,2.8638,2.8668,20
2026-03-25 12:21:00,2.8613,2.8618,2.8598,2.8608,2.8663,2.8668,2.8648,2.8658,13
2026-03-25 12:22:00,2.8613,2.8618,2.8603,2.8618,2.8663,2.8668,2.8653,2.8668,23
2026-03-25 12:23:00,2.8623,2.8638,2.8603,2.8603,2.8673,2.8688,2.8653,2.8653,28
2026-03-25 12:24:00,2.8608,2.8618,2.8588,2.8588,2.8658,2.8668,2.8638,2.8638,21
2026-03-25 12:25:00,2.8593,2.8593,2.8553,2.8558,2.8643,2.8643,2.8603,2.8608,27
2026-03-25 12:26:00,2.8553,2.8568,2.8538,2.8553,2.8603,2.8618,2.8588,2.8603,29
2026-03-25 12:27:00,2.8548,2.8558,2.8538,2.8548,2.8598,2.8608,2.8588,2.8598,14
2026-03-25 12:28:00,2.8558,2.8568,2.8538,2.8558,2.8608,2.8618,2.8588,2.8608,26
2026-03-25 12:29:00,2.8553,2.8568,2.8538,2.8558,2.8603,2.8618,2.8588,2.8608,37
2026-03-25 12:30:00,2.8553,2.8558,2.8543,2.8558,2.8603,2.8608,2.8593,2.8608,23
2026-03-25 12:31:00,2.8553,2.8568,2.8538,2.8543,2.8603,2.8618,2.8588,2.8593,20
2026-03-25 12:32:00,2.8548,2.8558,2.8508,2.8553,2.8598,2.8608,2.8558,2.8603,40
2026-03-25 12:33:00,2.8548,2.8553,2.8528,2.8528,2.8598,2.8603,2.8578,2.8578,38
2026-03-25 12:34:00,2.8533,2.8578,2.8473,2.8568,2.8583,2.8628,2.8523,2.8618,32
2026-03-25 12:35:00,2.8573,2.8593,2.8568,2.8583,2.8623,2.8643,2.8618,2.8633,21
2026-03-25 12:36:00,2.8573,2.8648,2.8573,2.8648,2.8623,2.8698,2.8623,2.8698,24
2026-03-25 12:37:00,2.8653,2.8673,2.8648,2.8658,2.8703,2.8723,2.8698,2.8708,16
2026-03-25 12:38:00,2.8663,2.8678,2.8628,2.8673,2.8713,2.8728,2.8678,2.8723,32
2026-03-25 12:39:00,2.8663,2.8718,2.8658,2.8708,2.8713,2.8768,2.8708,2.8758,20
2026-03-25 12:40:00,2.8718,2.8718,2.8658,2.8668,2.8768,2.8768,2.8708,2.8718,19
2026-03-25 12:41:00,2.8663,2.8678,2.8643,2.8658,2.8713,2.8728,2.8693,2.8708,15
2026-03-25 12:42:00,2.8663,2.8673,2.8658,2.8663,2.8713,2.8723,2.8708,2.8713,16
2026-03-25 12:43:00,2.8658,2.8693,2.8658,2.8673,2.8708,2.8743,2.8708,2.8723,19
2026-03-25 12:44:00,2.8668,2.8673,2.8608,2.8618,2.8718,2.8723,2.8658,2.8668,21
2026-03-25 12:45:00,2.8603,2.8628,2.8603,2.8623,2.8653,2.8678,2.8653,2.8673,16
2026-03-25 12:46:00,2.8628,2.8628,2.8598,2.8618,2.8678,2.8678,2.8648,2.8668,8
2026-03-25 12:47:00,2.8623,2.8743,2.8618,2.8718,2.8673,2.8793,2.8668,2.8768,49
2026-03-25 12:48:00,2.8728,2.8818,2.8708,2.8808,2.8778,2.8868,2.8758,2.8858,65
2026-03-25 12:49:00,2.8813,2.8813,2.8718,2.8738,2.8863,2.8863,2.8768,2.8788,25
2026-03-25 12:50:00,2.8743,2.8763,2.8688,2.8728,2.8793,2.8813,2.8738,2.8778,37
2026-03-25 12:51:00,2.8723,2.8728,2.8668,2.8688,2.8773,2.8778,2.8718,2.8738,26
2026-03-25 12:52:00,2.8698,2.8718,2.8688,2.8688,2.8748,2.8768,2.8738,2.8738,18
2026-03-25 12:53:00,2.8693,2.8703,2.8638,2.8693,2.8743,2.8753,2.8688,2.8743,48
2026-03-25 12:54:00,2.8683,2.8693,2.8678,2.8683,2.8733,2.8743,2.8728,2.8733,21
2026-03-25 12:55:00,2.8693,2.8698,2.8683,2.8698,2.8743,2.8748,2.8733,2.8748,18
2026-03-25 12:56:00,2.8693,2.8693,2.8643,2.8663,2.8743,2.8743,2.8693,2.8713,26
2026-03-25 12:57:00,2.8668,2.8673,2.8628,2.8648,2.8718,2.8723,2.8678,2.8698,12
2026-03-25 12:58:00,2.8653,2.8688,2.8653,2.8678,2.8703,2.8738,2.8703,2.8728,19
2026-03-25 12:59:00,2.8683,2.8693,2.8668,2.8673,2.8733,2.8743,2.8718,2.8723,18
2026-03-25 13:00:00,2.8663,2.8693,2.8618,2.8683,2.8713,2.8743,2.8668,2.8733,30
2026-03-25 13:01:00,2.8688,2.8693,2.8643,2.8678,2.8738,2.8743,2.8693,2.8728,31
2026-03-25 13:02:00,2.8673,2.8678,2.8598,2.8608,2.8723,2.8728,2.8648,2.8658,21
2026-03-25 13:03:00,2.8613,2.8648,2.8598,2.8648,2.8663,2.8698,2.8648,2.8698,19
2026-03-25 13:04:00,2.8643,2.8678,2.8643,2.8668,2.8693,2.8728,2.8693,2.8718,19
2026-03-25 13:05:00,2.8663,2.8688,2.8663,2.8668,2.8713,2.8738,2.8713,2.8718,19
2026-03-25 13:06:00,2.8673,2.8673,2.8658,2.8668,2.8723,2.8723,2.8708,2.8718,10
2026-03-25 13:07:00,2.8663,2.8663,2.8638,2.8643,2.8713,2.8713,2.8688,2.8693,35
2026-03-25 13:08:00,2.8628,2.8663,2.8628,2.8663,2.8678,2.8713,2.8678,2.8713,21
2026-03-25 13:09:00,2.8668,2.8703,2.8663,2.8683,2.8718,2.8753,2.8713,2.8733,23
2026-03-25 13:10:00,2.8678,2.8678,2.8638,2.8663,2.8728,2.8728,2.8688,2.8713,14
2026-03-25 13:11:00,2.8658,2.8658,2.8608,2.8613,2.8708,2.8708,2.8658,2.8663,21
2026-03-25 13:12:00,2.8623,2.8658,2.8623,2.8638,2.8673,2.8708,2.8673,2.8688,20
2026-03-25 13:13:00,2.8628,2.8648,2.8618,2.8628,2.8678,2.8698,2.8668,2.8678,21
2026-03-25 13:14:00,2.8638,2.8658,2.8623,2.8633,2.8688,2.8708,2.8673,2.8683,15
2026-03-25 13:15:00,2.8638,2.8688,2.8608,2.8678,2.8688,2.8738,2.8658,2.8728,34
2026-03-25 13:16:00,2.8673,2.8788,2.8663,2.8758,2.8723,2.8838,2.8713,2.8808,40
2026-03-25 13:17:00,2.8753,2.8788,2.8698,2.8738,2.8803,2.8838,2.8748,2.8788,63
2026-03-25 13:18:00,2.8748,2.8783,2.8738,2.8763,2.8798,2.8833,2.8788,2.8813,57
2026-03-25 13:19:00,2.8758,2.8843,2.8758,2.8843,2.8808,2.8893,2.8808,2.8893,50
2026-03-25 13:20:00,2.8848,2.8868,2.8768,2.8778,2.8898,2.8918,2.8818,2.8828,30
2026-03-25 13:21:00,2.8783,2.8788,2.8748,2.8753,2.8833,2.8838,2.8798,2.8803,31
2026-03-25 13:22:00,2.8748,2.8788,2.8718,2.8778,2.8798,2.8838,2.8768,2.8828,28
2026-03-25 13:23:00,2.8783,2.8823,2.8763,2.8813,2.8833,2.8873,2.8813,2.8863,62
2026-03-25 13:24:00,2.8808,2.8873,2.8808,2.8863,2.8858,2.8923,2.8858,2.8913,42
2026-03-25 13:25:00,2.8853,2.8888,2.8778,2.8803,2.8903,2.8938,2.8828,2.8853,37
2026-03-25 13:26:00,2.8808,2.8868,2.8798,2.8843,2.8858,2.8918,2.8848,2.8893,61
2026-03-25 13:27:00,2.8858,2.8898,2.8843,2.8888,2.8908,2.8948,2.8893,2.8938,36
2026-03-25 13:28:00,2.8878,2.8948,2.8868,2.8943,2.8928,2.8998,2.8918,2.8993,37
2026-03-25 13:29:00,2.8948,2.8948,2.8898,2.8923,2.8998,2.8998,2.8948,2.8973,45
2026-03-25 13:30:00,2.8918,2.8943,2.8888,2.8903,2.8968,2.8993,2.8938,2.8953,34
2026-03-25 13:31:00,2.8908,2.8953,2.8908,2.8928,2.8958,2.9003,2.8958,2.8978,28
2026-03-25 13:32:00,2.8938,2.8998,2.8928,2.8978,2.8988,2.9048,2.8978,2.9028,31
2026-03-25 13:33:00,2.8983,2.8988,2.8953,2.8953,2.9033,2.9038,2.9003,2.9003,29
2026-03-25 13:34:00,2.8968,2.8988,2.8958,2.8968,2.9018,2.9038,2.9008,2.9018,25
2026-03-25 13:35:00,2.8973,2.8983,2.8918,2.8923,2.9023,2.9033,2.8968,2.8973,37
2026-03-25 13:36:00,2.8918,2.8953,2.8898,2.8898,2.8968,2.9003,2.8948,2.8948,25
2026-03-25 13:37:00,2.8908,2.8908,2.8858,2.8858,2.8958,2.8958,2.8908,2.8908,32
2026-03-25 13:38:00,2.8868,2.8888,2.8848,2.8873,2.8918,2.8938,2.8898,2.8923,25
2026-03-25 13:39:00,2.8878,2.8893,2.8848,2.8883,2.8928,2.8943,2.8898,2.8933,38
2026-03-25 13:40:00,2.8888,2.8893,2.8858,2.8868,2.8938,2.8943,2.8908,2.8918,34
2026-03-25 13:41:00,2.8873,2.8883,2.8818,2.8828,2.8923,2.8933,2.8868,2.8878,32
2026-03-25 13:42:00,2.8818,2.8848,2.8803,2.8848,2.8868,2.8898,2.8853,2.8898,33
2026-03-25 13:43:00,2.8838,2.8878,2.8838,2.8848,2.8888,2.8928,2.8888,2.8898,17
2026-03-25 13:44:00,2.8858,2.8888,2.8848,2.8873,2.8908,2.8938,2.8898,2.8923,23
2026-03-25 13:45:00,2.8868,2.8893,2.8858,2.8878,2.8918,2.8943,2.8908,2.8928,35
2026-03-25 13:46:00,2.8883,2.8908,2.8878,2.8908,2.8933,2.8958,2.8928,2.8958,22
2026-03-25 13:47:00,2.8918,2.8918,2.8898,2.8898,2.8968,2.8968,2.8948,2.8948,23
2026-03-25 13:48:00,2.8908,2.8908,2.8878,2.8893,2.8958,2.8958,2.8928,2.8943,22
2026-03-25 13:49:00,2.8888,2.8908,2.8888,2.8898,2.8938,2.8958,2.8938,2.8948,12
2026-03-25 13:50:00,2.8893,2.8948,2.8873,2.8938,2.8943,2.8998,2.8923,2.8988,25
2026-03-25 13:51:00,2.8933,2.8938,2.8908,2.8938,2.8983,2.8988,2.8958,2.8988,42
2026-03-25 13:52:00,2.8933,2.8943,2.8908,2.8943,2.8983,2.8993,2.8958,2.8993,17
2026-03-25 13:53:00,2.8938,2.8938,2.8908,2.8913,2.8988,2.8988,2.8958,2.8963,21
2026-03-25 13:54:00,2.8918,2.8918,2.8848,2.8853,2.8968,2.8968,2.8898,2.8903,31
2026-03-25 13:55:00,2.8848,2.8858,2.8818,2.8828,2.8898,2.8908,2.8868,2.8878,23
2026-03-25 13:56:00,2.8818,2.8828,2.8763,2.8793,2.8868,2.8878,2.8813,2.8843,43
2026-03-25 13:57:00,2.8788,2.8858,2.8788,2.8858,2.8838,2.8908,2.8838,2.8908,22
2026-03-25 13:58:00,2.8868,2.8928,2.8863,2.8913,2.8918,2.8978,2.8913,2.8963,26
2026-03-25 13:59:00,2.8908,2.8918,2.8873,2.8888,2.8958,2.8968,2.8923,2.8938,33
2026-03-25 14:00:00,2.8893,2.8998,2.8828,2.8898,2.8943,2.9048,2.8878,2.8948,149
2026-03-25 14:01:00,2.8908,2.8958,2.8828,2.8843,2.8958,2.9008,2.8878,2.8893,81
2026-03-25 14:02:00,2.8838,2.8868,2.8813,2.8848,2.8888,2.8918,2.8863,2.8898,44
2026-03-25 14:03:00,2.8838,2.8858,2.8798,2.8808,2.8888,2.8908,2.8848,2.8858,30
2026-03-25 14:04:00,2.8818,2.8848,2.8788,2.8808,2.8868,2.8898,2.8838,2.8858,39
2026-03-25 14:05:00,2.8803,2.8848,2.8783,2.8848,2.8853,2.8898,2.8833,2.8898,44
2026-03-25 14:06:00,2.8838,2.8848,2.8788,2.8808,2.8888,2.8898,2.8838,2.8858,34
2026-03-25 14:07:00,2.8803,2.8803,2.8738,2.8758,2.8853,2.8853,2.8788,2.8808,38
2026-03-25 14:08:00,2.8753,2.8793,2.8748,2.8768,2.8803,2.8843,2.8798,2.8818,26
2026-03-25 14:09:00,2.8763,2.8798,2.8758,2.8778,2.8813,2.8848,2.8808,2.8828,31
2026-03-25 14:10:00,2.8788,2.8793,2.8748,2.8793,2.8838,2.8843,2.8798,2.8843,34
2026-03-25 14:11:00,2.8783,2.8788,2.8748,2.8773,2.8833,2.8838,2.8798,2.8823,18
2026-03-25 14:12:00,2.8768,2.8773,2.8743,2.8758,2.8818,2.8823,2.8793,2.8808,15
2026-03-25 14:13:00,2.8753,2.8773,2.8743,2.8758,2.8803,2.8823,2.8793,2.8808,18
2026-03-25 14:14:00,2.8748,2.8758,2.8748,2.8748,2.8798,2.8808,2.8798,2.8798,9
2026-03-25 14:15:00,2.8743,2.8758,2.8738,2.8748,2.8793,2.8808,2.8788,2.8798,18
2026-03-25 14:16:00,2.8743,2.8768,2.8738,2.8738,2.8793,2.8818,2.8788,2.8788,14
2026-03-25 14:17:00,2.8728,2.8738,2.8688,2.8708,2.8778,2.8788,2.8738,2.8758,35
2026-03-25 14:18:00,2.8698,2.8733,2.8698,2.8708,2.8748,2.8783,2.8748,2.8758,14
2026-03-25 14:19:00,2.8703,2.8708,2.8638,2.8653,2.8753,2.8758,2.8688,2.8703,28
2026-03-25 14:20:00,2.8648,2.8678,2.8638,2.8678,2.8698,2.8728,2.8688,2.8728,25
2026-03-25 14:21:00,2.8683,2.8738,2.8678,2.8733,2.8733,2.8788,2.8728,2.8783,20
2026-03-25 14:22:00,2.8728,2.8823,2.8718,2.8813,2.8778,2.8873,2.8768,2.8863,35
2026-03-25 14:23:00,2.8808,2.8838,2.8768,2.8768,2.8858,2.8888,2.8818,2.8818,40
2026-03-25 14:24:00,2.8773,2.8788,2.8763,2.8763,2.8823,2.8838,2.8813,2.8813,13
2026-03-25 14:25:00,2.8758,2.8798,2.8758,2.8793,2.8808,2.8848,2.8808,2.8843,33
2026-03-25 14:26:00,2.8788,2.8808,2.8778,2.8783,2.8838,2.8858,2.8828,2.8833,15
2026-03-25 14:27:00,2.8778,2.8793,2.8758,2.8773,2.8828,2.8843,2.8808,2.8823,28
2026-03-25 14:28:00,2.8778,2.8818,2.8778,2.8813,2.8828,2.8868,2.8828,2.8863,21
2026-03-25 14:29:00,2.8818,2.8838,2.8798,2.8833,2.8868,2.8888,2.8848,2.8883,23
2026-03-25 14:30:00,2.8828,2.8848,2.8808,2.8848,2.8878,2.8898,2.8858,2.8898,46
2026-03-25 14:31:00,2.8853,2.8853,2.8818,2.8843,2.8903,2.8903,2.8868,2.8893,25
2026-03-25 14:32:00,2.8838,2.8858,2.8763,2.8773,2.8888,2.8908,2.8813,2.8823,45
2026-03-25 14:33:00,2.8768,2.8773,2.8738,2.8763,2.8818,2.8823,2.8788,2.8813,28
2026-03-25 14:34:00,2.8753,2.8788,2.8748,2.8758,2.8803,2.8838,2.8798,2.8808,21
2026-03-25 14:35:00,2.8748,2.8798,2.8743,2.8783,2.8798,2.8848,2.8793,2.8833,31
2026-03-25 14:36:00,2.8788,2.8818,2.8768,2.8773,2.8838,2.8868,2.8818,2.8823,53
2026-03-25 14:37:00,2.8778,2.8788,2.8758,2.8773,2.8828,2.8838,2.8808,2.8823,29
2026-03-25 14:38:00,2.8768,2.8798,2.8768,2.8778,2.8818,2.8848,2.8818,2.8828,19
2026-03-25 14:39:00,2.8783,2.8788,2.8763,2.8768,2.8833,2.8838,2.8813,2.8818,18
2026-03-25 14:40:00,2.8758,2.8758,2.8708,2.8738,2.8808,2.8808,2.8758,2.8788,32
2026-03-25 14:41:00,2.8733,2.8738,2.8718,2.8718,2.8783,2.8788,2.8768,2.8768,13
2026-03-25 14:42:00,2.8723,2.8728,2.8698,2.8718,2.8773,2.8778,2.8748,2.8768,32
2026-03-25 14:43:00,2.8723,2.8758,2.8723,2.8748,2.8773,2.8808,2.8773,2.8798,27
2026-03-25 14:44:00,2.8753,2.8768,2.8728,2.8748,2.8803,2.8818,2.8778,2.8798,24
2026-03-25 14:45:00,2.8743,2.8758,2.8733,2.8743,2.8793,2.8808,2.8783,2.8793,13
2026-03-25 14:46:00,2.8753,2.8778,2.8753,2.8768,2.8803,2.8828,2.8803,2.8818,33
2026-03-25 14:47:00,2.8758,2.8768,2.8758,2.8763,2.8808,2.8818,2.8808,2.8813,10
2026-03-25 14:48:00,2.8758,2.8813,2.8758,2.8798,2.8808,2.8863,2.8808,2.8848,18
2026-03-25 14:49:00,2.8808,2.8813,2.8763,2.8768,2.8858,2.8863,2.8813,2.8818,25
2026-03-25 14:50:00,2.8773,2.8808,2.8773,2.8808,2.8823,2.8858,2.8823,2.8858,27
2026-03-25 14:51:00,2.8803,2.8803,2.8738,2.8758,2.8853,2.8853,2.8788,2.8808,36
2026-03-25 14:52:00,2.8748,2.8778,2.8728,2.8728,2.8798,2.8828,2.8778,2.8778,34
2026-03-25 14:53:00,2.8733,2.8758,2.8728,2.8748,2.8783,2.8808,2.8778,2.8798,25
2026-03-25 14:54:00,2.8738,2.8758,2.8728,2.8743,2.8788,2.8808,2.8778,2.8793,46
2026-03-25 14:55:00,2.8738,2.8798,2.8738,2.8783,2.8788,2.8848,2.8788,2.8833,29
2026-03-25 14:56:00,2.8778,2.8788,2.8768,2.8768,2.8828,2.8838,2.8818,2.8818,8
2026-03-25 14:57:00,2.8758,2.8828,2.8758,2.8818,2.8808,2.8878,2.8808,2.8868,28
2026-03-25 14:58:00,2.8813,2.8858,2.8798,2.8858,2.8863,2.8908,2.8848,2.8908,45
2026-03-25 14:59:00,2.8848,2.8893,2.8848,2.8873,2.8898,2.8943,2.8898,2.8923,45
2026-03-25 15:00:00,2.8868,2.8873,2.8828,2.8858,2.8918,2.8923,2.8878,2.8908,56
2026-03-25 15:01:00,2.8853,2.8868,2.8808,2.8838,2.8903,2.8918,2.8858,2.8888,60
2026-03-25 15:02:00,2.8848,2.8873,2.8818,2.8868,2.8898,2.8923,2.8868,2.8918,30
2026-03-25 15:03:00,2.8878,2.8878,2.8838,2.8838,2.8928,2.8928,2.8888,2.8888,10
2026-03-25 15:04:00,2.8848,2.8858,2.8828,2.8858,2.8898,2.8908,2.8878,2.8908,28
2026-03-25 15:05:00,2.8853,2.8878,2.8853,2.8868,2.8903,2.8928,2.8903,2.8918,21
2026-03-25 15:06:00,2.8858,2.8873,2.8848,2.8858,2.8908,2.8923,2.8898,2.8908,29
2026-03-25 15:07:00,2.8853,2.8908,2.8848,2.8888,2.8903,2.8958,2.8898,2.8938,39
2026-03-25 15:08:00,2.8893,2.8893,2.8858,2.8858,2.8943,2.8943,2.8908,2.8908,27
2026-03-25 15:09:00,2.8853,2.8858,2.8838,2.8848,2.8903,2.8908,2.8888,2.8898,20
2026-03-25 15:10:00,2.8853,2.8913,2.8848,2.8898,2.8903,2.8963,2.8898,2.8948,27
2026-03-25 15:11:00,2.8908,2.8918,2.8893,2.8908,2.8958,2.8968,2.8943,2.8958,18
2026-03-25 15:12:00,2.8903,2.8913,2.8868,2.8873,2.8953,2.8963,2.8918,2.8923,20
2026-03-25 15:13:00,2.8868,2.8868,2.8828,2.8833,2.8918,2.8918,2.8878,2.8883,34
2026-03-25 15:14:00,2.8828,2.8838,2.8823,2.8828,2.8878,2.8888,2.8873,2.8878,17
2026-03-25 15:15:00,2.8818,2.8828,2.8788,2.8798,2.8868,2.8878,2.8838,2.8848,22
2026-03-25 15:16:00,2.8793,2.8823,2.8768,2.8818,2.8843,2.8873,2.8818,2.8868,21
2026-03-25 15:17:00,2.8823,2.8848,2.8818,2.8833,2.8873,2.8898,2.8868,2.8883,37
2026-03-25 15:18:00,2.8828,2.8828,2.8803,2.8808,2.8878,2.8878,2.8853,2.8858,8
2026-03-25 15:19:00,2.8803,2.8858,2.8803,2.8853,2.8853,2.8908,2.8853,2.8903,24
2026-03-25 15:20:00,2.8848,2.8848,2.8808,2.8818,2.8898,2.8898,2.8858,2.8868,17
2026-03-25 15:21:00,2.8828,2.8888,2.8828,2.8868,2.8878,2.8938,2.8878,2.8918,33
2026-03-25 15:22:00,2.8878,2.8908,2.8878,2.8898,2.8928,2.8958,2.8928,2.8948,20
2026-03-25 15:23:00,2.8893,2.8928,2.8883,2.8928,2.8943,2.8978,2.8933,2.8978,41
2026-03-25 15:24:00,2.8923,2.8978,2.8918,2.8958,2.8973,2.9028,2.8968,2.9008,53
2026-03-25 15:25:00,2.8953,2.8953,2.8823,2.8873,2.9003,2.9003,2.8873,2.8923,106
2026-03-25 15:26:00,2.8868,2.8948,2.8868,2.8928,2.8918,2.8998,2.8918,2.8978,37
2026-03-25 15:27:00,2.8923,2.8938,2.8898,2.8928,2.8973,2.8988,2.8948,2.8978,31
2026-03-25 15:28:00,2.8933,2.8998,2.8928,2.8978,2.8983,2.9048,2.8978,2.9028,25
2026-03-25 15:29:00,2.8988,2.8998,2.8968,2.8968,2.9038,2.9048,2.9018,2.9018,24
2026-03-25 15:30:00,2.8963,2.8998,2.8958,2.8973,2.9013,2.9048,2.9008,2.9023,47
2026-03-25 15:31:00,2.8958,2.8988,2.8958,2.8958,2.9008,2.9038,2.9008,2.9008,25
2026-03-25 15:32:00,2.8948,2.8973,2.8948,2.8973,2.8998,2.9023,2.8998,2.9023,29
2026-03-25 15:33:00,2.8968,2.8988,2.8938,2.8948,2.9018,2.9038,2.8988,2.8998,33
2026-03-25 15:34:00,2.8953,2.8963,2.8938,2.8948,2.9003,2.9013,2.8988,2.8998,19
2026-03-25 15:35:00,2.8953,2.8958,2.8908,2.8948,2.9003,2.9008,2.8958,2.8998,30
2026-03-25 15:36:00,2.8953,2.8953,2.8923,2.8948,2.9003,2.9003,2.8973,2.8998,20
2026-03-25 15:37:00,2.8943,2.8958,2.8908,2.8918,2.8993,2.9008,2.8958,2.8968,20
2026-03-25 15:38:00,2.8913,2.8923,2.8898,2.8918,2.8963,2.8973,2.8948,2.8968,17
2026-03-25 15:39:00,2.8923,2.8948,2.8918,2.8943,2.8973,2.8998,2.8968,2.8993,33
2026-03-25 15:40:00,2.8948,2.8978,2.8943,2.8948,2.8998,2.9028,2.8993,2.8998,27
2026-03-25 15:41:00,2.8938,2.8948,2.8893,2.8908,2.8988,2.8998,2.8943,2.8958,28
2026-03-25 15:42:00,2.8903,2.8933,2.8903,2.8923,2.8953,2.8983,2.8953,2.8973,20
2026-03-25 15:43:00,2.8928,2.8928,2.8878,2.8888,2.8978,2.8978,2.8928,2.8938,34
2026-03-25 15:44:00,2.8893,2.8938,2.8893,2.8938,2.8943,2.8988,2.8943,2.8988,22
2026-03-25 15:45:00,2.8943,2.8943,2.8908,2.8913,2.8993,2.8993,2.8958,2.8963,20
2026-03-25 15:46:00,2.8918,2.8918,2.8888,2.8898,2.8968,2.8968,2.8938,2.8948,20
2026-03-25 15:47:00,2.8903,2.8908,2.8858,2.8863,2.8953,2.8958,2.8908,2.8913,37
2026-03-25 15:48:00,2.8868,2.8868,2.8848,2.8853,2.8918,2.8918,2.8898,2.8903,27
2026-03-25 15:49:00,2.8848,2.8878,2.8848,2.8878,2.8898,2.8928,2.8898,2.8928,13
2026-03-25 15:50:00,2.8883,2.8918,2.8868,2.8878,2.8933,2.8968,2.8918,2.8928,38
2026-03-25 15:51:00,2.8883,2.8908,2.8863,2.8878,2.8933,2.8958,2.8913,2.8928,40
2026-03-25 15:52:00,2.8888,2.8938,2.8888,2.8908,2.8938,2.8988,2.8938,2.8958,30
2026-03-25 15:53:00,2.8903,2.8918,2.8888,2.8893,2.8953,2.8968,2.8938,2.8943,33
2026-03-25 15:54:00,2.8898,2.8928,2.8898,2.8928,2.8948,2.8978,2.8948,2.8978,23
2026-03-25 15:55:00,2.8938,2.8943,2.8908,2.8933,2.8988,2.8993,2.8958,2.8983,42
2026-03-25 15:56:00,2.8938,2.8948,2.8918,2.8948,2.8988,2.8998,2.8968,2.8998,24
2026-03-25 15:57:00,2.8953,2.9053,2.8953,2.9038,2.9003,2.9103,2.9003,2.9088,90
2026-03-25 15:58:00,2.9048,2.9068,2.9018,2.9068,2.9098,2.9118,2.9068,2.9118,33
2026-03-25 15:59:00,2.9063,2.9088,2.9028,2.9033,2.9113,2.9138,2.9078,2.9083,40
2026-03-25 16:00:00,2.9028,2.9103,2.9028,2.9098,2.9078,2.9153,2.9078,2.9148,45
2026-03-25 16:01:00,2.9093,2.9103,2.9073,2.9078,2.9143,2.9153,2.9123,2.9128,23
2026-03-25 16:02:00,2.9083,2.9098,2.9048,2.9058,2.9133,2.9148,2.9098,2.9108,22
2026-03-25 16:03:00,2.9053,2.9053,2.9008,2.9023,2.9103,2.9103,2.9058,2.9073,29
2026-03-25 16:04:00,2.9018,2.9018,2.8988,2.8998,2.9068,2.9068,2.9038,2.9048,16
2026-03-25 16:05:00,2.9008,2.9018,2.8998,2.9013,2.9058,2.9068,2.9048,2.9063,20
2026-03-25 16:06:00,2.9008,2.9018,2.8968,2.8988,2.9058,2.9068,2.9018,2.9038,31
2026-03-25 16:07:00,2.8983,2.8983,2.8958,2.8968,2.9033,2.9033,2.9008,2.9018,19
2026-03-25 16:08:00,2.8958,2.8978,2.8958,2.8968,2.9008,2.9028,2.9008,2.9018,12
2026-03-25 16:09:00,2.8973,2.9008,2.8973,2.9008,2.9023,2.9058,2.9023,2.9058,18
2026-03-25 16:10:00,2.9003,2.9003,2.8978,2.8993,2.9053,2.9053,2.9028,2.9043,9
2026-03-25 16:11:00,2.8988,2.8993,2.8978,2.8988,2.9038,2.9043,2.9028,2.9038,11
2026-03-25 16:12:00,2.8993,2.9048,2.8993,2.9038,2.9043,2.9098,2.9043,2.9088,12
2026-03-25 16:13:00,2.9033,2.9058,2.9028,2.9048,2.9083,2.9108,2.9078,2.9098,25
2026-03-25 16:14:00,2.9043,2.9108,2.9038,2.9098,2.9093,2.9158,2.9088,2.9148,19
2026-03-25 16:15:00,2.9093,2.9148,2.9058,2.9128,2.9143,2.9198,2.9108,2.9178,38
2026-03-25 16:16:00,2.9118,2.9188,2.9118,2.9178,2.9168,2.9238,2.9168,2.9228,64
2026-03-25 16:17:00,2.9183,2.9218,2.9168,2.9188,2.9233,2.9268,2.9218,2.9238,68
2026-03-25 16:18:00,2.9183,2.9228,2.9183,2.9208,2.9233,2.9278,2.9233,2.9258,66
2026-03-25 16:19:00,2.9213,2.9238,2.9203,2.9218,2.9263,2.9288,2.9253,2.9268,57
2026-03-25 16:20:00,2.9223,2.9223,2.9148,2.9148,2.9273,2.9273,2.9198,2.9198,57
2026-03-25 16:21:00,2.9153,2.9193,2.9148,2.9193,2.9203,2.9243,2.9198,2.9243,32
2026-03-25 16:22:00,2.9183,2.9213,2.9183,2.9213,2.9233,2.9263,2.9233,2.9263,20
2026-03-25 16:23:00,2.9208,2.9208,2.9178,2.9178,2.9258,2.9258,2.9228,2.9228,22
2026-03-25 16:24:00,2.9183,2.9198,2.9158,2.9193,2.9233,2.9248,2.9208,2.9243,24
2026-03-25 16:25:00,2.9188,2.9198,2.9168,2.9198,2.9238,2.9248,2.9218,2.9248,26
2026-03-25 16:26:00,2.9203,2.9223,2.9203,2.9208,2.9253,2.9273,2.9253,2.9258,14
2026-03-25 16:27:00,2.9213,2.9248,2.9198,2.9218,2.9263,2.9298,2.9248,2.9268,32
2026-03-25 16:28:00,2.9213,2.9218,2.9193,2.9198,2.9263,2.9268,2.9243,2.9248,13
2026-03-25 16:29:00,2.9203,2.9203,2.9158,2.9173,2.9253,2.9253,2.9208,2.9223,31
2026-03-25 16:30:00,2.9168,2.9203,2.9168,2.9183,2.9218,2.9253,2.9218,2.9233,21
2026-03-25 16:31:00,2.9178,2.9178,2.9138,2.9153,2.9228,2.9228,2.9188,2.9203,37
2026-03-25 16:32:00,2.9158,2.9198,2.9128,2.9198,2.9208,2.9248,2.9178,2.9248,36
2026-03-25 16:33:00,2.9203,2.9203,2.9148,2.9148,2.9253,2.9253,2.9198,2.9198,17
2026-03-25 16:34:00,2.9143,2.9168,2.9113,2.9158,2.9193,2.9218,2.9163,2.9208,26
2026-03-25 16:35:00,2.9163,2.9163,2.9153,2.9163,2.9213,2.9213,2.9203,2.9213,7
2026-03-25 16:36:00,2.9168,2.9168,2.9138,2.9143,2.9218,2.9218,2.9188,2.9193,11
2026-03-25 16:37:00,2.9148,2.9148,2.9098,2.9123,2.9198,2.9198,2.9148,2.9173,25
2026-03-25 16:38:00,2.9128,2.9168,2.9108,2.9158,2.9178,2.9218,2.9158,2.9208,23
2026-03-25 16:39:00,2.9163,2.9203,2.9163,2.9183,2.9213,2.9253,2.9213,2.9233,27
2026-03-25 16:40:00,2.9188,2.9198,2.9173,2.9178,2.9238,2.9248,2.9223,2.9228,27
2026-03-25 16:41:00,2.9168,2.9188,2.9168,2.9188,2.9218,2.9238,2.9218,2.9238,18
2026-03-25 16:42:00,2.9193,2.9208,2.9178,2.9208,2.9243,2.9258,2.9228,2.9258,13
2026-03-25 16:43:00,2.9198,2.9213,2.9168,2.9183,2.9248,2.9263,2.9218,2.9233,20
2026-03-25 16:44:00,2.9178,2.9208,2.9178,2.9193,2.9228,2.9258,2.9228,2.9243,25
2026-03-25 16:45:00,2.9203,2.9248,2.9198,2.9243,2.9253,2.9298,2.9248,2.9293,35
2026-03-25 16:46:00,2.9238,2.9248,2.9233,2.9248,2.9288,2.9298,2.9283,2.9298,15
2026-03-25 16:47:00,2.9238,2.9243,2.9218,2.9218,2.9288,2.9293,2.9268,2.9268,13
2026-03-25 16:48:00,2.9223,2.9228,2.9208,2.9208,2.9273,2.9278,2.9258,2.9258,20
2026-03-25 16:49:00,2.9218,2.9218,2.9198,2.9203,2.9268,2.9268,2.9248,2.9253,28
2026-03-25 16:50:00,2.9198,2.9223,2.9188,2.9223,2.9248,2.9273,2.9238,2.9273,23
2026-03-25 16:51:00,2.9218,2.9233,2.9218,2.9228,2.9268,2.9283,2.9268,2.9278,8
2026-03-25 16:52:00,2.9223,2.9248,2.9218,2.9243,2.9273,2.9298,2.9268,2.9293,10
2026-03-25 16:53:00,2.9248,2.9288,2.9228,2.9278,2.9298,2.9338,2.9278,2.9328,34
2026-03-25 16:54:00,2.9273,2.9308,2.9248,2.9273,2.9323,2.9358,2.9298,2.9323,40
2026-03-25 16:55:00,2.9268,2.9348,2.9258,2.9333,2.9318,2.9398,2.9308,2.9383,49
2026-03-25 16:56:00,2.9328,2.9333,2.9298,2.9323,2.9378,2.9383,2.9348,2.9373,42
2026-03-25 16:57:00,2.9328,2.9348,2.9293,2.9348,2.9378,2.9398,2.9343,2.9398,19
2026-03-25 16:58:00,2.9343,2.9343,2.9318,2.9323,2.9393,2.9393,2.9368,2.9373,36
2026-03-25 16:59:00,2.9328,2.9348,2.9318,2.9338,2.9378,2.9398,2.9368,2.9388,26
2026-03-25 17:00:00,2.9328,2.9358,2.9328,2.9348,2.9378,2.9408,2.9378,2.9398,38
2026-03-25 17:01:00,2.9343,2.9358,2.9318,2.9328,2.9393,2.9408,2.9368,2.9378,25
2026-03-25 17:02:00,2.9338,2.9338,2.9298,2.9313,2.9388,2.9388,2.9348,2.9363,45
2026-03-25 17:03:00,2.9323,2.9348,2.9308,2.9318,2.9373,2.9398,2.9358,2.9368,34
2026-03-25 17:04:00,2.9328,2.9348,2.9323,2.9328,2.9378,2.9398,2.9373,2.9378,19
2026-03-25 17:05:00,2.9323,2.9328,2.9298,2.9298,2.9373,2.9378,2.9348,2.9348,33
2026-03-25 17:06:00,2.9303,2.9328,2.9298,2.9303,2.9353,2.9378,2.9348,2.9353,28
2026-03-25 17:07:00,2.9298,2.9298,2.9268,2.9273,2.9348,2.9348,2.9318,2.9323,22
2026-03-25 17:08:00,2.9268,2.9288,2.9258,2.9278,2.9318,2.9338,2.9308,2.9328,22
2026-03-25 17:09:00,2.9283,2.9288,2.9268,2.9278,2.9333,2.9338,2.9318,2.9328,25
2026-03-25 17:10:00,2.9288,2.9338,2.9278,2.9328,2.9338,2.9388,2.9328,2.9378,34
2026-03-25 17:11:00,2.9318,2.9358,2.9308,2.9358,2.9368,2.9408,2.9358,2.9408,37
2026-03-25 17:12:00,2.9353,2.9358,2.9318,2.9328,2.9403,2.9408,2.9368,2.9378,19
2026-03-25 17:13:00,2.9318,2.9328,2.9303,2.9328,2.9368,2.9378,2.9353,2.9378,28
2026-03-25 17:14:00,2.9318,2.9328,2.9303,2.9308,2.9368,2.9378,2.9353,2.9358,19
2026-03-25 17:15:00,2.9303,2.9313,2.9293,2.9298,2.9353,2.9363,2.9343,2.9348,27
2026-03-25 17:16:00,2.9303,2.9303,2.9268,2.9288,2.9353,2.9353,2.9318,2.9338,20
2026-03-25 17:17:00,2.9283,2.9298,2.9248,2.9248,2.9333,2.9348,2.9298,2.9298,14
2026-03-25 17:18:00,2.9253,2.9268,2.9248,2.9268,2.9303,2.9318,2.9298,2.9318,10
2026-03-25 17:19:00,2.9263,2.9273,2.9258,2.9268,2.9313,2.9323,2.9308,2.9318,24
2026-03-25 17:20:00,2.9263,2.9263,2.9208,2.9243,2.9313,2.9313,2.9258,2.9293,33
2026-03-25 17:21:00,2.9248,2.9258,2.9238,2.9243,2.9298,2.9308,2.9288,2.9293,15
2026-03-25 17:22:00,2.9248,2.9268,2.9248,2.9263,2.9298,2.9318,2.9298,2.9313,15
2026-03-25 17:23:00,2.9273,2.9278,2.9258,2.9268,2.9323,2.9328,2.9308,2.9318,20
2026-03-25 17:24:00,2.9278,2.9288,2.9218,2.9218,2.9328,2.9338,2.9268,2.9268,34
2026-03-25 17:25:00,2.9208,2.9248,2.9178,2.9208,2.9258,2.9298,2.9228,2.9258,90
2026-03-25 17:26:00,2.9213,2.9213,2.9178,2.9183,2.9263,2.9263,2.9228,2.9233,26
2026-03-25 17:27:00,2.9188,2.9218,2.9183,2.9208,2.9238,2.9268,2.9233,2.9258,38
2026-03-25 17:28:00,2.9213,2.9228,2.9213,2.9218,2.9263,2.9278,2.9263,2.9268,32
2026-03-25 17:29:00,2.9208,2.9228,2.9193,2.9213,2.9258,2.9278,2.9243,2.9263,31
2026-03-25 17:30:00,2.9218,2.9248,2.9208,2.9213,2.9268,2.9298,2.9258,2.9263,33
2026-03-25 17:31:00,2.9218,2.9218,2.9168,2.9208,2.9268,2.9268,2.9218,2.9258,23
2026-03-25 17:32:00,2.9213,2.9213,2.9188,2.9208,2.9263,2.9263,2.9238,2.9258,16
2026-03-25 17:33:00,2.9218,2.9238,2.9198,2.9208,2.9268,2.9288,2.9248,2.9258,15
2026-03-25 17:34:00,2.9213,2.9223,2.9198,2.9218,2.9263,2.9273,2.9248,2.9268,18
2026-03-25 17:35:00,2.9208,2.9228,2.9208,2.9228,2.9258,2.9278,2.9258,2.9278,10
2026-03-25 17:36:00,2.9233,2.9258,2.9233,2.9258,2.9283,2.9308,2.9283,2.9308,26
2026-03-25 17:37:00,2.9263,2.9268,2.9238,2.9243,2.9313,2.9318,2.9288,2.9293,19
2026-03-25 17:38:00,2.9248,2.9298,2.9238,2.9293,2.9298,2.9348,2.9288,2.9343,31
2026-03-25 17:39:00,2.9283,2.9298,2.9278,2.9298,2.9333,2.9348,2.9328,2.9348,21
2026-03-25 17:40:00,2.9303,2.9353,2.9298,2.9343,2.9353,2.9403,2.9348,2.9393,30
2026-03-25 17:41:00,2.9338,2.9353,2.9323,2.9323,2.9388,2.9403,2.9373,2.9373,19
2026-03-25 17:42:00,2.9318,2.9328,2.9293,2.9318,2.9368,2.9378,2.9343,2.9368,23
2026-03-25 17:43:00,2.9323,2.9333,2.9308,2.9323,2.9373,2.9383,2.9358,2.9373,11
2026-03-25 17:44:00,2.9328,2.9328,2.9318,2.9328,2.9378,2.9378,2.9368,2.9378,10
2026-03-25 17:45:00,2.9338,2.9348,2.9308,2.9308,2.9388,2.9398,2.9358,2.9358,10
2026-03-25 17:46:00,2.9318,2.9338,2.9318,2.9318,2.9368,2.9388,2.9368,2.9368,11
2026-03-25 17:47:00,2.9308,2.9348,2.9308,2.9348,2.9358,2.9398,2.9358,2.9398,10
2026-03-25 17:48:00,2.9343,2.9408,2.9343,2.9398,2.9393,2.9458,2.9393,2.9448,38
2026-03-25 17:49:00,2.9393,2.9408,2.9388,2.9408,2.9443,2.9458,2.9438,2.9458,7
2026-03-25 17:50:00,2.9403,2.9408,2.9378,2.9403,2.9453,2.9458,2.9428,2.9453,19
2026-03-25 17:51:00,2.9408,2.9448,2.9408,2.9413,2.9458,2.9498,2.9458,2.9463,33
2026-03-25 17:52:00,2.9418,2.9433,2.9408,2.9418,2.9468,2.9483,2.9458,2.9468,22
2026-03-25 17:53:00,2.9408,2.9423,2.9398,2.9408,2.9458,2.9473,2.9448,2.9458,21
2026-03-25 17:54:00,2.9413,2.9428,2.9398,2.9413,2.9463,2.9478,2.9448,2.9463,16
2026-03-25 17:55:00,2.9418,2.9423,2.9388,2.9403,2.9468,2.9473,2.9438,2.9453,16
2026-03-25 17:56:00,2.9398,2.9418,2.9368,2.9383,2.9448,2.9468,2.9418,2.9433,29
2026-03-25 17:57:00,2.9378,2.9428,2.9378,2.9423,2.9428,2.9478,2.9428,2.9473,19
2026-03-25 17:58:00,2.9428,2.9448,2.9418,2.9448,2.9478,2.9498,2.9468,2.9498,17
2026-03-25 17:59:00,2.9438,2.9438,2.9428,2.9428,2.9488,2.9488,2.9478,2.9478,16
2026-03-25 18:00:00,2.9433,2.9448,2.9418,2.9438,2.9483,2.9498,2.9468,2.9488,21
2026-03-25 18:01:00,2.9443,2.9458,2.9433,2.9453,2.9493,2.9508,2.9483,2.9503,16
2026-03-25 18:02:00,2.9458,2.9468,2.9448,2.9463,2.9508,2.9518,2.9498,2.9513,15
2026-03-25 18:03:00,2.9458,2.9478,2.9448,2.9468,2.9508,2.9528,2.9498,2.9518,16
2026-03-25 18:04:00,2.9478,2.9508,2.9468,2.9483,2.9528,2.9558,2.9518,2.9533,22
2026-03-25 18:05:00,2.9478,2.9538,2.9473,2.9533,2.9528,2.9588,2.9523,2.9583,26
2026-03-25 18:06:00,2.9528,2.9538,2.9508,2.9513,2.9578,2.9588,2.9558,2.9563,22
2026-03-25 18:07:00,2.9508,2.9508,2.9473,2.9483,2.9558,2.9558,2.9523,2.9533,15
2026-03-25 18:08:00,2.9478,2.9498,2.9478,2.9488,2.9528,2.9548,2.9528,2.9538,16
2026-03-25 18:09:00,2.9478,2.9508,2.9458,2.9458,2.9528,2.9558,2.9508,2.9508,24
2026-03-25 18:10:00,2.9453,2.9453,2.9378,2.9378,2.9503,2.9503,2.9428,2.9428,49
2026-03-25 18:11:00,2.9383,2.9398,2.9353,2.9378,2.9433,2.9448,2.9403,2.9428,29
2026-03-25 18:12:00,2.9383,2.9398,2.9343,2.9348,2.9433,2.9448,2.9393,2.9398,18
2026-03-25 18:13:00,2.9358,2.9378,2.9338,2.9373,2.9408,2.9428,2.9388,2.9423,24
2026-03-25 18:14:00,2.9368,2.9383,2.9358,2.9383,2.9418,2.9433,2.9408,2.9433,22
2026-03-25 18:15:00,2.9388,2.9408,2.9373,2.9403,2.9438,2.9458,2.9423,2.9453,17
2026-03-25 18:16:00,2.9413,2.9418,2.9398,2.9398,2.9463,2.9468,2.9448,2.9448,16
2026-03-25 18:17:00,2.9403,2.9408,2.9388,2.9408,2.9453,2.9458,2.9438,2.9458,14
2026-03-25 18:18:00,2.9403,2.9418,2.9403,2.9418,2.9453,2.9468,2.9453,2.9468,14
2026-03-25 18:19:00,2.9423,2.9438,2.9368,2.9398,2.9473,2.9488,2.9418,2.9448,32
2026-03-25 18:20:00,2.9408,2.9408,2.9393,2.9393,2.9458,2.9458,2.9443,2.9443,5
2026-03-25 18:21:00,2.9388,2.9403,2.9388,2.9388,2.9438,2.9453,2.9438,2.9438,15
2026-03-25 18:22:00,2.9378,2.9398,2.9348,2.9393,2.9428,2.9448,2.9398,2.9443,25
2026-03-25 18:23:00,2.9398,2.9398,2.9378,2.9398,2.9448,2.9448,2.9428,2.9448,10
2026-03-25 18:24:00,2.9403,2.9418,2.9388,2.9418,2.9453,2.9468,2.9438,2.9468,18
2026-03-25 18:25:00,2.9413,2.9423,2.9408,2.9408,2.9463,2.9473,2.9458,2.9458,20
2026-03-25 18:26:00,2.9403,2.9403,2.9363,2.9388,2.9453,2.9453,2.9413,2.9438,21
2026-03-25 18:27:00,2.9378,2.9388,2.9358,2.9358,2.9428,2.9438,2.9408,2.9408,7
2026-03-25 18:28:00,2.9348,2.9368,2.9348,2.9358,2.9398,2.9418,2.9398,2.9408,7
2026-03-25 18:29:00,2.9363,2.9378,2.9348,2.9348,2.9413,2.9428,2.9398,2.9398,12
2026-03-25 18:30:00,2.9343,2.9368,2.9318,2.9338,2.9393,2.9418,2.9368,2.9388,31
2026-03-25 18:31:00,2.9343,2.9353,2.9328,2.9348,2.9393,2.9403,2.9378,2.9398,18
2026-03-25 18:32:00,2.9353,2.9368,2.9338,2.9348,2.9403,2.9418,2.9388,2.9398,33
2026-03-25 18:33:00,2.9358,2.9358,2.9328,2.9328,2.9408,2.9408,2.9378,2.9378,10
2026-03-25 18:34:00,2.9323,2.9323,2.9298,2.9318,2.9373,2.9373,2.9348,2.9368,10
2026-03-25 18:35:00,2.9328,2.9328,2.9313,2.9313,2.9378,2.9378,2.9363,2.9363,17
2026-03-25 18:36:00,2.9318,2.9318,2.9308,2.9318,2.9368,2.9368,2.9358,2.9368,5
2026-03-25 18:37:00,2.9328,2.9328,2.9308,2.9313,2.9378,2.9378,2.9358,2.9363,10
2026-03-25 18:38:00,2.9308,2.9318,2.9278,2.9288,2.9358,2.9368,2.9328,2.9338,13
2026-03-25 18:39:00,2.9283,2.9318,2.9278,2.9308,2.9333,2.9368,2.9328,2.9358,24
2026-03-25 18:40:00,2.9313,2.9318,2.9298,2.9308,2.9363,2.9368,2.9348,2.9358,19
2026-03-25 18:41:00,2.9318,2.9323,2.9258,2.9273,2.9368,2.9373,2.9308,2.9323,35
2026-03-25 18:42:00,2.9268,2.9298,2.9208,2.9293,2.9318,2.9348,2.9258,2.9343,48
2026-03-25 18:43:00,2.9298,2.9298,2.9238,2.9278,2.9348,2.9348,2.9288,2.9328,27
2026-03-25 18:44:00,2.9283,2.9308,2.9278,2.9303,2.9333,2.9358,2.9328,2.9353,34
2026-03-25 18:45:00,2.9298,2.9318,2.9288,2.9313,2.9348,2.9368,2.9338,2.9363,21
2026-03-25 18:46:00,2.9318,2.9328,2.9288,2.9288,2.9368,2.9378,2.9338,2.9338,10
2026-03-25 18:47:00,2.9278,2.9298,2.9278,2.9288,2.9328,2.9348,2.9328,2.9338,23
2026-03-25 18:48:00,2.9293,2.9303,2.9288,2.9293,2.9343,2.9353,2.9338,2.9343,17
2026-03-25 18:49:00,2.9288,2.9313,2.9278,2.9303,2.9338,2.9363,2.9328,2.9353,29
2026-03-25 18:50:00,2.9308,2.9348,2.9298,2.9328,2.9358,2.9398,2.9348,2.9378,18
2026-03-25 18:51:00,2.9338,2.9338,2.9318,2.9318,2.9388,2.9388,2.9368,2.9368,5
2026-03-25 18:52:00,2.9308,2.9323,2.9278,2.9323,2.9358,2.9373,2.9328,2.9373,30
2026-03-25 18:53:00,2.9318,2.9338,2.9318,2.9328,2.9368,2.9388,2.9368,2.9378,37
2026-03-25 18:54:00,2.9323,2.9328,2.9313,2.9323,2.9373,2.9378,2.9363,2.9373,15
2026-03-25 18:55:00,2.9318,2.9328,2.9313,2.9323,2.9368,2.9378,2.9363,2.9373,20
2026-03-25 18:56:00,2.9318,2.9338,2.9318,2.9318,2.9368,2.9388,2.9368,2.9368,19
2026-03-25 18:57:00,2.9313,2.9318,2.9308,2.9318,2.9363,2.9368,2.9358,2.9368,8
2026-03-25 18:58:00,2.9308,2.9318,2.9238,2.9313,2.9358,2.9368,2.9288,2.9363,70
2026-03-25 18:59:00,2.9318,2.9328,2.9308,2.9318,2.9368,2.9378,2.9358,2.9368,15
2026-03-25 19:00:00,2.9328,2.9348,2.9318,2.9338,2.9378,2.9398,2.9368,2.9388,16
2026-03-25 19:01:00,2.9328,2.9348,2.9328,2.9338,2.9378,2.9398,2.9378,2.9388,7
2026-03-25 19:02:00,2.9343,2.9378,2.9343,2.9368,2.9393,2.9428,2.9393,2.9418,18
2026-03-25 19:03:00,2.9378,2.9408,2.9368,2.9408,2.9428,2.9458,2.9418,2.9458,34
2026-03-25 19:04:00,2.9398,2.9408,2.9398,2.9403,2.9448,2.9458,2.9448,2.9453,15
2026-03-25 19:05:00,2.9408,2.9418,2.9388,2.9388,2.9458,2.9468,2.9438,2.9438,16
2026-03-25 19:06:00,2.9378,2.9378,2.9348,2.9363,2.9428,2.9428,2.9398,2.9413,17
2026-03-25 19:07:00,2.9358,2.9358,2.9338,2.9348,2.9408,2.9408,2.9388,2.9398,15
2026-03-25 19:08:00,2.9358,2.9368,2.9338,2.9338,2.9408,2.9418,2.9388,2.9388,10
2026-03-25 19:09:00,2.9333,2.9333,2.9298,2.9318,2.9383,2.9383,2.9348,2.9368,17
2026-03-25 19:10:00,2.9323,2.9348,2.9308,2.9338,2.9373,2.9398,2.9358,2.9388,18
2026-03-25 19:11:00,2.9333,2.9333,2.9303,2.9303,2.9383,2.9383,2.9353,2.9353,13
2026-03-25 19:12:00,2.9308,2.9313,2.9288,2.9293,2.9358,2.9363,2.9338,2.9343,19
2026-03-25 19:13:00,2.9298,2.9338,2.9298,2.9323,2.9348,2.9388,2.9348,2.9373,35
2026-03-25 19:14:00,2.9328,2.9368,2.9328,2.9348,2.9378,2.9418,2.9378,2.9398,25
2026-03-25 19:15:00,2.9338,2.9368,2.9323,2.9363,2.9388,2.9418,2.9373,2.9413,32
2026-03-25 19:16:00,2.9368,2.9378,2.9348,2.9348,2.9418,2.9428,2.9398,2.9398,11
2026-03-25 19:17:00,2.9338,2.9348,2.9323,2.9343,2.9388,2.9398,2.9373,2.9393,18
2026-03-25 19:18:00,2.9338,2.9338,2.9318,2.9318,2.9388,2.9388,2.9368,2.9368,12
2026-03-25 19:19:00,2.9328,2.9358,2.9328,2.9338,2.9378,2.9408,2.9378,2.9388,19
2026-03-25 19:20:00,2.9328,2.9348,2.9278,2.9278,2.9378,2.9398,2.9328,2.9328,22
2026-03-25 19:21:00,2.9283,2.9298,2.9268,2.9298,2.9333,2.9348,2.9318,2.9348,18
2026-03-25 19:22:00,2.9278,2.9318,2.9278,2.9278,2.9328,2.9368,2.9328,2.9328,25
2026-03-25 19:23:00,2.9288,2.9288,2.9268,2.9273,2.9338,2.9338,2.9318,2.9323,16
2026-03-25 19:24:00,2.9268,2.9268,2.9248,2.9258,2.9318,2.9318,2.9298,2.9308,18
2026-03-25 19:25:00,2.9263,2.9278,2.9233,2.9258,2.9313,2.9328,2.9283,2.9308,24
2026-03-25 19:26:00,2.9248,2.9258,2.9233,2.9238,2.9298,2.9308,2.9283,2.9288,18
2026-03-25 19:27:00,2.9243,2.9288,2.9223,2.9288,2.9293,2.9338,2.9273,2.9338,31
2026-03-25 19:28:00,2.9293,2.9308,2.9238,2.9243,2.9343,2.9358,2.9288,2.9293,94
2026-03-25 19:29:00,2.9233,2.9248,2.9218,2.9228,2.9283,2.9298,2.9268,2.9278,79
2026-03-25 19:30:00,2.9223,2.9258,2.9218,2.9233,2.9273,2.9308,2.9268,2.9283,23
2026-03-25 19:31:00,2.9238,2.9258,2.9228,2.9238,2.9288,2.9308,2.9278,2.9288,23
2026-03-25 19:32:00,2.9233,2.9243,2.9228,2.9238,2.9283,2.9293,2.9278,2.9288,15
2026-03-25 19:33:00,2.9243,2.9243,2.9228,2.9233,2.9293,2.9293,2.9278,2.9283,5
2026-03-25 19:34:00,2.9228,2.9238,2.9228,2.9228,2.9278,2.9288,2.9278,2.9278,9
2026-03-25 19:35:00,2.9238,2.9253,2.9228,2.9238,2.9288,2.9303,2.9278,2.9288,18
2026-03-25 19:36:00,2.9243,2.9243,2.9238,2.9243,2.9293,2.9293,2.9288,2.9293,3
2026-03-25 19:37:00,2.9248,2.9248,2.9238,2.9238,2.9298,2.9298,2.9288,2.9288,5
2026-03-25 19:38:00,2.9233,2.9238,2.9233,2.9238,2.9283,2.9288,2.9283,2.9288,2
2026-03-25 19:39:00,2.9228,2.9248,2.9228,2.9248,2.9278,2.9298,2.9278,2.9298,8
2026-03-25 19:40:00,2.9238,2.9248,2.9238,2.9243,2.9288,2.9298,2.9288,2.9293,13
2026-03-25 19:41:00,2.9248,2.9268,2.9248,2.9268,2.9298,2.9318,2.9298,2.9318,8
2026-03-25 19:42:00,2.9258,2.9308,2.9258,2.9283,2.9308,2.9358,2.9308,2.9333,21
2026-03-25 19:43:00,2.9278,2.9288,2.9278,2.9278,2.9328,2.9338,2.9328,2.9328,6
2026-03-25 19:44:00,2.9268,2.9278,2.9268,2.9268,2.9318,2.9328,2.9318,2.9318,14
2026-03-25 19:45:00,2.9273,2.9298,2.9273,2.9293,2.9323,2.9348,2.9323,2.9343,11
2026-03-25 19:46:00,2.9298,2.9308,2.9298,2.9298,2.9348,2.9358,2.9348,2.9348,3
2026-03-25 19:47:00,2.9303,2.9308,2.9298,2.9298,2.9353,2.9358,2.9348,2.9348,8
2026-03-25 19:48:00,2.9293,2.9318,2.9288,2.9313,2.9343,2.9368,2.9338,2.9363,38
2026-03-25 19:49:00,2.9308,2.9338,2.9308,2.9328,2.9358,2.9388,2.9358,2.9378,41
2026-03-25 19:50:00,2.9333,2.9348,2.9328,2.9338,2.9383,2.9398,2.9378,2.9388,22
2026-03-25 19:51:00,2.9333,2.9338,2.9328,2.9328,2.9383,2.9388,2.9378,2.9378,12
2026-03-25 19:52:00,2.9338,2.9358,2.9328,2.9348,2.9388,2.9408,2.9378,2.9398,10
2026-03-25 19:53:00,2.9358,2.9358,2.9343,2.9348,2.9408,2.9408,2.9393,2.9398,11
2026-03-25 19:54:00,2.9353,2.9358,2.9338,2.9353,2.9403,2.9408,2.9388,2.9403,12
2026-03-25 19:55:00,2.9348,2.9413,2.9348,2.9413,2.9398,2.9463,2.9398,2.9463,29
2026-03-25 19:56:00,2.9418,2.9433,2.9408,2.9423,2.9468,2.9483,2.9458,2.9473,35
2026-03-25 19:57:00,2.9428,2.9443,2.9403,2.9428,2.9478,2.9493,2.9453,2.9478,31
2026-03-25 19:58:00,2.9418,2.9418,2.9398,2.9398,2.9468,2.9468,2.9448,2.9448,14
2026-03-25 19:59:00,2.9408,2.9418,2.9398,2.9418,2.9458,2.9468,2.9448,2.9468,12
2026-03-25 20:00:00,2.9408,2.9423,2.9393,2.9423,2.9458,2.9473,2.9443,2.9473,27
2026-03-25 20:01:00,2.9418,2.9438,2.9408,2.9428,2.9468,2.9488,2.9458,2.9478,15
2026-03-25 20:02:00,2.9423,2.9448,2.9423,2.9448,2.9473,2.9498,2.9473,2.9498,4
2026-03-25 20:03:00,2.9453,2.9458,2.9403,2.9438,2.9503,2.9508,2.9453,2.9488,38
2026-03-25 20:04:00,2.9433,2.9433,2.9403,2.9408,2.9483,2.9483,2.9453,2.9458,25
2026-03-25 20:05:00,2.9413,2.9418,2.9408,2.9408,2.9463,2.9468,2.9458,2.9458,16
2026-03-25 20:06:00,2.9413,2.9418,2.9408,2.9408,2.9463,2.9468,2.9458,2.9458,4
2026-03-25 20:07:00,2.9403,2.9413,2.9403,2.9408,2.9453,2.9463,2.9453,2.9458,3
2026-03-25 20:08:00,2.9413,2.9418,2.9408,2.9413,2.9463,2.9468,2.9458,2.9463,11
2026-03-25 20:09:00,2.9408,2.9423,2.9408,2.9418,2.9458,2.9473,2.9458,2.9468,8
2026-03-25 20:10:00,2.9423,2.9423,2.9408,2.9408,2.9473,2.9473,2.9458,2.9458,3
2026-03-25 20:11:00,2.9403,2.9408,2.9393,2.9403,2.9453,2.9458,2.9443,2.9453,17
2026-03-25 20:12:00,2.9408,2.9408,2.9373,2.9378,2.9458,2.9458,2.9423,2.9428,17
2026-03-25 20:13:00,2.9383,2.9388,2.9353,2.9353,2.9433,2.9438,2.9403,2.9403,14
2026-03-25 20:14:00,2.9348,2.9358,2.9348,2.9348,2.9398,2.9408,2.9398,2.9398,6
2026-03-25 20:15:00,2.9353,2.9378,2.9348,2.9373,2.9403,2.9428,2.9398,2.9423,13
2026-03-25 20:16:00,2.9378,2.9378,2.9343,2.9348,2.9428,2.9428,2.9393,2.9398,10
2026-03-25 20:17:00,2.9343,2.9358,2.9343,2.9348,2.9393,2.9408,2.9393,2.9398,9
2026-03-25 20:18:00,2.9353,2.9378,2.9348,2.9378,2.9403,2.9428,2.9398,2.9428,10
2026-03-25 20:19:00,2.9388,2.9388,2.9378,2.9378,2.9438,2.9438,2.9428,2.9428,6
2026-03-25 20:20:00,2.9383,2.9388,2.9383,2.9388,2.9433,2.9438,2.9433,2.9438,2
2026-03-25 20:21:00,2.9383,2.9383,2.9358,2.9358,2.9433,2.9433,2.9408,2.9408,10
2026-03-25 20:22:00,2.9363,2.9368,2.9363,2.9368,2.9413,2.9418,2.9413,2.9418,2
2026-03-25 20:23:00,2.9358,2.9368,2.9358,2.9368,2.9408,2.9418,2.9408,2.9418,6
2026-03-25 20:25:00,2.9373,2.9398,2.9358,2.9388,2.9423,2.9448,2.9408,2.9438,18
2026-03-25 20:26:00,2.9398,2.9398,2.9388,2.9398,2.9448,2.9448,2.9438,2.9448,12
2026-03-25 20:27:00,2.9388,2.9398,2.9368,2.9373,2.9438,2.9448,2.9418,2.9423,18
2026-03-25 20:28:00,2.9378,2.9398,2.9358,2.9363,2.9428,2.9448,2.9408,2.9413,20
2026-03-25 20:29:00,2.9368,2.9378,2.9358,2.9373,2.9418,2.9428,2.9408,2.9423,8
2026-03-25 20:30:00,2.9368,2.9373,2.9368,2.9373,2.9418,2.9423,2.9418,2.9423,18
2026-03-25 20:31:00,2.9368,2.9368,2.9338,2.9338,2.9418,2.9418,2.9388,2.9388,18
2026-03-25 20:32:00,2.9343,2.9368,2.9333,2.9368,2.9393,2.9418,2.9383,2.9418,10
2026-03-25 20:33:00,2.9373,2.9373,2.9358,2.9368,2.9423,2.9423,2.9408,2.9418,6
2026-03-25 20:34:00,2.9363,2.9378,2.9348,2.9378,2.9413,2.9428,2.9398,2.9428,7
2026-03-25 20:35:00,2.9368,2.9383,2.9368,2.9378,2.9418,2.9433,2.9418,2.9428,5
2026-03-25 20:36:00,2.9383,2.9418,2.9383,2.9418,2.9433,2.9468,2.9433,2.9468,33
2026-03-25 20:37:00,2.9413,2.9428,2.9413,2.9418,2.9463,2.9478,2.9463,2.9468,8
2026-03-25 20:38:00,2.9423,2.9428,2.9408,2.9408,2.9473,2.9478,2.9458,2.9458,19
2026-03-25 20:39:00,2.9403,2.9408,2.9393,2.9403,2.9453,2.9458,2.9443,2.9453,7
2026-03-25 20:40:00,2.9408,2.9418,2.9398,2.9413,2.9458,2.9468,2.9448,2.9463,13
2026-03-25 20:41:00,2.9408,2.9418,2.9408,2.9418,2.9458,2.9468,2.9458,2.9468,6
2026-03-25 20:42:00,2.9413,2.9413,2.9408,2.9408,2.9463,2.9463,2.9458,2.9458,2
2026-03-25 20:43:00,2.9418,2.9418,2.9398,2.9403,2.9468,2.9468,2.9448,2.9453,10
2026-03-25 20:44:00,2.9408,2.9428,2.9403,2.9423,2.9458,2.9478,2.9453,2.9473,12
2026-03-25 20:45:00,2.9418,2.9423,2.9418,2.9418,2.9468,2.9473,2.9468,2.9468,5
2026-03-25 20:46:00,2.9413,2.9413,2.9383,2.9388,2.9463,2.9463,2.9433,2.9438,14
2026-03-25 20:47:00,2.9393,2.9398,2.9383,2.9398,2.9443,2.9448,2.9433,2.9448,5
2026-03-25 20:48:00,2.9393,2.9408,2.9388,2.9398,2.9443,2.9458,2.9438,2.9448,7
2026-03-25 20:49:00,2.9393,2.9393,2.9378,2.9388,2.9443,2.9443,2.9428,2.9438,5
2026-03-25 20:50:00,2.9383,2.9398,2.9363,2.9368,2.9433,2.9448,2.9413,2.9418,18
2026-03-25 20:51:00,2.9363,2.9378,2.9358,2.9363,2.9413,2.9428,2.9408,2.9413,18
2026-03-25 20:52:00,2.9358,2.9378,2.9358,2.9378,2.9408,2.9428,2.9408,2.9428,9
2026-03-25 20:53:00,2.9373,2.9373,2.9363,2.9373,2.9423,2.9423,2.9413,2.9423,6
2026-03-25 20:54:00,2.9383,2.9388,2.9378,2.9388,2.9433,2.9438,2.9428,2.9438,6
2026-03-25 20:55:00,2.9378,2.9383,2.9368,2.9373,2.9428,2.9433,2.9418,2.9423,12
2026-03-25 20:56:00,2.9378,2.9388,2.9373,2.9383,2.9428,2.9438,2.9423,2.9433,16
2026-03-25 20:57:00,2.9388,2.9398,2.9378,2.9388,2.9438,2.9448,2.9428,2.9438,18
2026-03-25 20:58:00,2.9378,2.9388,2.9373,2.9378,2.9428,2.9438,2.9423,2.9428,10
2026-03-25 20:59:00,2.9393,2.9408,2.9388,2.9398,2.9443,2.9458,2.9438,2.9448,15
2026-03-25 21:00:00,2.9403,2.9408,2.9398,2.9408,2.9453,2.9458,2.9448,2.9458,6
2026-03-25 21:01:00,2.9403,2.9408,2.9398,2.9403,2.9453,2.9458,2.9448,2.9453,5
2026-03-25 21:02:00,2.9408,2.9408,2.9403,2.9403,2.9458,2.9458,2.9453,2.9453,10
2026-03-25 21:03:00,2.9408,2.9408,2.9403,2.9403,2.9458,2.9458,2.9453,2.9453,2
2026-03-25 21:04:00,2.9408,2.9408,2.9403,2.9403,2.9458,2.9458,2.9453,2.9453,6
2026-03-25 21:05:00,2.9398,2.9428,2.9398,2.9408,2.9448,2.9478,2.9448,2.9458,17
2026-03-25 21:06:00,2.9418,2.9428,2.9408,2.9428,2.9468,2.9478,2.9458,2.9478,9
2026-03-25 21:07:00,2.9423,2.9423,2.9408,2.9408,2.9473,2.9473,2.9458,2.9458,4
2026-03-25 21:08:00,2.9413,2.9438,2.9413,2.9433,2.9463,2.9488,2.9463,2.9483,6
2026-03-25 21:09:00,2.9438,2.9448,2.9438,2.9448,2.9488,2.9498,2.9488,2.9498,14
2026-03-25 21:10:00,2.9453,2.9463,2.9453,2.9458,2.9503,2.9513,2.9503,2.9508,4
2026-03-25 21:11:00,2.9463,2.9478,2.9463,2.9468,2.9513,2.9528,2.9513,2.9518,16
2026-03-25 21:12:00,2.9473,2.9508,2.9468,2.9488,2.9523,2.9558,2.9518,2.9538,11
2026-03-25 21:13:00,2.9483,2.9483,2.9483,2.9483,2.9533,2.9533,2.9533,2.9533,1
2026-03-25 21:14:00,2.9488,2.9488,2.9478,2.9478,2.9538,2.9538,2.9528,2.9528,5
2026-03-25 21:15:00,2.9483,2.9498,2.9478,2.9488,2.9533,2.9548,2.9528,2.9538,20
2026-03-25 21:16:00,2.9498,2.9508,2.9488,2.9488,2.9548,2.9558,2.9538,2.9538,6
2026-03-25 21:17:00,2.9498,2.9498,2.9498,2.9498,2.9548,2.9548,2.9548,2.9548,1
2026-03-25 21:18:00,2.9503,2.9508,2.9498,2.9508,2.9553,2.9558,2.9548,2.9558,4
2026-03-25 21:21:00,2.9503,2.9508,2.9478,2.9488,2.9553,2.9558,2.9528,2.9538,7
2026-03-25 21:22:00,2.9483,2.9498,2.9483,2.9498,2.9533,2.9548,2.9533,2.9548,7
2026-03-25 21:23:00,2.9493,2.9493,2.9488,2.9488,2.9543,2.9543,2.9538,2.9538,2
2026-03-25 21:24:00,2.9483,2.9488,2.9478,2.9478,2.9533,2.9538,2.9528,2.9528,6
2026-03-25 21:25:00,2.9483,2.9498,2.9478,2.9488,2.9533,2.9548,2.9528,2.9538,5
2026-03-25 21:26:00,2.9483,2.9483,2.9478,2.9478,2.9533,2.9533,2.9528,2.9528,2
2026-03-25 21:27:00,2.9468,2.9483,2.9468,2.9478,2.9518,2.9533,2.9518,2.9528,4
2026-03-25 21:28:00,2.9473,2.9478,2.9468,2.9478,2.9523,2.9528,2.9518,2.9528,21
2026-03-25 21:29:00,2.9473,2.9478,2.9473,2.9478,2.9523,2.9528,2.9523,2.9528,4
2026-03-25 21:30:00,2.9473,2.9478,2.9468,2.9473,2.9523,2.9528,2.9518,2.9523,8
2026-03-25 21:31:00,2.9468,2.9498,2.9468,2.9488,2.9518,2.9548,2.9518,2.9538,8
2026-03-25 21:32:00,2.9493,2.9493,2.9468,2.9488,2.9543,2.9543,2.9518,2.9538,9
2026-03-25 21:33:00,2.9493,2.9498,2.9493,2.9498,2.9543,2.9548,2.9543,2.9548,20
2026-03-25 21:34:00,2.9493,2.9493,2.9478,2.9478,2.9543,2.9543,2.9528,2.9528,4
2026-03-25 21:35:00,2.9483,2.9488,2.9458,2.9488,2.9533,2.9538,2.9508,2.9538,10
2026-03-25 21:36:00,2.9493,2.9508,2.9488,2.9508,2.9543,2.9558,2.9538,2.9558,11
2026-03-25 21:37:00,2.9503,2.9503,2.9493,2.9493,2.9553,2.9553,2.9543,2.9543,5
2026-03-25 21:38:00,2.9498,2.9498,2.9478,2.9488,2.9548,2.9548,2.9528,2.9538,9
2026-03-25 21:39:00,2.9483,2.9483,2.9483,2.9483,2.9533,2.9533,2.9533,2.9533,1
2026-03-25 21:40:00,2.9478,2.9478,2.9478,2.9478,2.9528,2.9528,2.9528,2.9528,1
2026-03-25 21:41:00,2.9488,2.9488,2.9478,2.9478,2.9538,2.9538,2.9528,2.9528,2
2026-03-25 21:42:00,2.9488,2.9493,2.9483,2.9488,2.9538,2.9543,2.9533,2.9538,11
2026-03-25 21:43:00,2.9483,2.9488,2.9483,2.9483,2.9533,2.9538,2.9533,2.9533,5
2026-03-25 21:44:00,2.9478,2.9478,2.9478,2.9478,2.9528,2.9528,2.9528,2.9528,1
2026-03-25 21:45:00,2.9483,2.9483,2.9463,2.9463,2.9533,2.9533,2.9513,2.9513,7
2026-03-25 21:46:00,2.9468,2.9488,2.9468,2.9478,2.9518,2.9538,2.9518,2.9528,12
2026-03-25 21:47:00,2.9483,2.9488,2.9458,2.9473,2.9533,2.9538,2.9508,2.9523,29
2026-03-25 21:48:00,2.9478,2.9483,2.9468,2.9478,2.9528,2.9533,2.9518,2.9528,4
2026-03-25 21:49:00,2.9483,2.9488,2.9458,2.9488,2.9533,2.9538,2.9508,2.9538,5
2026-03-25 21:50:00,2.9483,2.9488,2.9483,2.9488,2.9533,2.9538,2.9533,2.9538,2
2026-03-25 21:51:00,2.9483,2.9498,2.9478,2.9483,2.9533,2.9548,2.9528,2.9533,9
2026-03-25 21:52:00,2.9488,2.9503,2.9488,2.9498,2.9538,2.9553,2.9538,2.9548,8
2026-03-25 21:53:00,2.9493,2.9498,2.9488,2.9498,2.9543,2.9548,2.9538,2.9548,6
2026-03-25 21:54:00,2.9493,2.9498,2.9493,2.9493,2.9543,2.9548,2.9543,2.9543,5
2026-03-25 21:55:00,2.9488,2.9508,2.9483,2.9493,2.9538,2.9558,2.9533,2.9543,13
2026-03-25 21:56:00,2.9488,2.9488,2.9488,2.9488,2.9538,2.9538,2.9538,2.9538,1
2026-03-25 21:57:00,2.9493,2.9508,2.9488,2.9508,2.9543,2.9558,2.9538,2.9558,7
2026-03-25 21:58:00,2.9513,2.9548,2.9513,2.9533,2.9563,2.9598,2.9563,2.9583,14
2026-03-25 21:59:00,2.9543,2.9605,2.9538,2.9605,2.9593,2.964,2.9588,2.9625,17
2026-03-25 23:00:00,2.9575,2.9645,2.957,2.959,2.9625,2.9695,2.962,2.964,17
2026-03-25 23:01:00,2.9605,2.963,2.9545,2.957,2.9655,2.968,2.9595,2.962,27
2026-03-25 23:02:00,2.954,2.9545,2.9525,2.9525,2.959,2.9595,2.9575,2.9575,6
2026-03-25 23:03:00,2.953,2.9555,2.953,2.955,2.958,2.9605,2.958,2.96,8
2026-03-25 23:04:00,2.956,2.956,2.9535,2.9535,2.961,2.961,2.9585,2.9585,7
2026-03-25 23:05:00,2.953,2.953,2.9505,2.9515,2.958,2.958,2.9555,2.9565,8
2026-03-25 23:06:00,2.951,2.9515,2.9505,2.951,2.956,2.9565,2.9555,2.956,8
2026-03-25 23:07:00,2.9515,2.9515,2.95,2.95,2.9565,2.9565,2.955,2.955,4
2026-03-25 23:08:00,2.9505,2.9515,2.949,2.949,2.9555,2.9565,2.954,2.954,6
2026-03-25 23:09:00,2.9495,2.9505,2.9495,2.95,2.9545,2.9555,2.9545,2.955,4
2026-03-25 23:10:00,2.9495,2.9495,2.9495,2.9495,2.9545,2.9545,2.9545,2.9545,1
2026-03-25 23:11:00,2.949,2.9495,2.949,2.949,2.954,2.9545,2.954,2.954,3
2026-03-25 23:12:00,2.9485,2.9485,2.948,2.948,2.9535,2.9535,2.953,2.953,2
2026-03-25 23:13:00,2.9475,2.9475,2.9475,2.9475,2.9525,2.9525,2.9525,2.9525,1
2026-03-25 23:14:00,2.947,2.947,2.947,2.947,2.952,2.952,2.952,2.952,1
2026-03-25 23:15:00,2.9475,2.9485,2.947,2.948,2.9525,2.9535,2.952,2.953,7
2026-03-25 23:16:00,2.9475,2.948,2.9475,2.948,2.9525,2.953,2.9525,2.953,2
2026-03-25 23:17:00,2.9485,2.9485,2.947,2.947,2.9535,2.9535,2.952,2.952,4
2026-03-25 23:19:00,2.9475,2.9475,2.9475,2.9475,2.9525,2.9525,2.9525,2.9525,1
2026-03-25 23:21:00,2.947,2.9475,2.947,2.947,2.952,2.9525,2.952,2.952,3
2026-03-25 23:22:00,2.9475,2.949,2.9475,2.949,2.9525,2.954,2.9525,2.954,4
2026-03-25 23:23:00,2.9485,2.9485,2.9475,2.948,2.9535,2.9535,2.9525,2.953,4
2026-03-25 23:24:00,2.9485,2.9485,2.947,2.947,2.9535,2.9535,2.952,2.952,4
2026-03-25 23:25:00,2.9465,2.9465,2.9465,2.9465,2.9515,2.9515,2.9515,2.9515,1
2026-03-25 23:26:00,2.947,2.947,2.9455,2.9455,2.952,2.952,2.9505,2.9505,4
2026-03-25 23:27:00,2.946,2.9485,2.946,2.9485,2.951,2.9535,2.951,2.9535,6
2026-03-25 23:28:00,2.948,2.9495,2.948,2.9495,2.953,2.9545,2.953,2.9545,6
2026-03-25 23:29:00,2.949,2.952,2.949,2.951,2.954,2.957,2.954,2.956,5
2026-03-25 23:30:00,2.9505,2.9505,2.9495,2.95,2.9555,2.9555,2.9545,2.955,3
2026-03-25 23:31:00,2.9495,2.9495,2.9485,2.9485,2.9545,2.9545,2.9535,2.9535,2
2026-03-25 23:33:00,2.9475,2.9475,2.9465,2.9465,2.9525,2.9525,2.9515,2.9515,3
2026-03-25 23:34:00,2.947,2.9475,2.9465,2.9475,2.952,2.9525,2.9515,2.9525,3
2026-03-25 23:35:00,2.947,2.947,2.9465,2.9465,2.952,2.952,2.9515,2.9515,2
2026-03-25 23:36:00,2.9455,2.947,2.9455,2.9455,2.9505,2.952,2.9505,2.9505,5
2026-03-25 23:37:00,2.946,2.946,2.9455,2.946,2.951,2.951,2.9505,2.951,3
2026-03-25 23:39:00,2.9465,2.947,2.946,2.947,2.9515,2.952,2.951,2.952,4
2026-03-25 23:40:00,2.9465,2.947,2.9465,2.947,2.9515,2.952,2.9515,2.952,2
2026-03-25 23:44:00,2.9475,2.949,2.9475,2.949,2.9525,2.954,2.9525,2.954,6
2026-03-25 23:45:00,2.9485,2.949,2.9485,2.949,2.9535,2.954,2.9535,2.954,2
2026-03-25 23:46:00,2.9485,2.949,2.9485,2.9485,2.9535,2.954,2.9535,2.9535,3
2026-03-25 23:50:00,2.948,2.948,2.9475,2.9475,2.953,2.953,2.9525,2.9525,2
2026-03-25 23:51:00,2.9465,2.9475,2.9465,2.9475,2.9515,2.9525,2.9515,2.9525,5
2026-03-25 23:52:00,2.9485,2.9495,2.948,2.948,2.9535,2.9545,2.953,2.953,6
2026-03-25 23:53:00,2.9485,2.9495,2.9485,2.9495,2.9535,2.9545,2.9535,2.9545,2
2026-03-25 23:54:00,2.949,2.949,2.9485,2.949,2.954,2.954,2.9535,2.954,3
2026-03-25 23:55:00,2.9485,2.949,2.9485,2.9485,2.9535,2.954,2.9535,2.9535,3
2026-03-25 23:56:00,2.9495,2.9525,2.9495,2.9525,2.9545,2.9575,2.9545,2.9575,5
2026-03-25 23:57:00,2.952,2.9535,2.952,2.9525,2.957,2.9585,2.957,2.9575,5
2026-03-25 23:58:00,2.952,2.952,2.952,2.952,2.957,2.957,2.957,2.957,1
2026-03-26 00:00:00,2.9525,2.9525,2.952,2.952,2.9575,2.9575,2.957,2.957,2
2026-03-26 00:01:00,2.9525,2.9525,2.952,2.952,2.9575,2.9575,2.957,2.957,2
2026-03-26 00:03:00,2.9525,2.9525,2.952,2.952,2.9575,2.9575,2.957,2.957,2
2026-03-26 00:04:00,2.9515,2.9515,2.9515,2.9515,2.9565,2.9565,2.9565,2.9565,1
2026-03-26 00:05:00,2.951,2.951,2.949,2.949,2.956,2.956,2.954,2.954,3
2026-03-26 00:06:00,2.9505,2.9505,2.95,2.95,2.9555,2.9555,2.955,2.955,2
2026-03-26 00:07:00,2.9515,2.9525,2.951,2.951,2.9565,2.9575,2.956,2.956,4
2026-03-26 00:08:00,2.9505,2.9505,2.9505,2.9505,2.9555,2.9555,2.9555,2.9555,1
2026-03-26 00:09:00,2.95,2.95,2.95,2.95,2.955,2.955,2.955,2.955,1
2026-03-26 00:10:00,2.9495,2.95,2.9495,2.95,2.9545,2.955,2.9545,2.955,2
2026-03-26 00:11:00,2.9495,2.9525,2.9495,2.951,2.9545,2.9575,2.9545,2.956,5
2026-03-26 00:12:00,2.9515,2.9515,2.951,2.9515,2.9565,2.9565,2.956,2.9565,3
2026-03-26 00:14:00,2.9505,2.951,2.9505,2.951,2.9555,2.956,2.9555,2.956,2
2026-03-26 00:15:00,2.9515,2.9525,2.9515,2.952,2.9565,2.9575,2.9565,2.957,5
2026-03-26 00:16:00,2.9515,2.952,2.9515,2.952,2.9565,2.957,2.9565,2.957,10
2026-03-26 00:17:00,2.9515,2.9525,2.9515,2.9515,2.9565,2.9575,2.9565,2.9565,20
2026-03-26 00:18:00,2.952,2.952,2.9515,2.9515,2.957,2.957,2.9565,2.9565,2
2026-03-26 00:20:00,2.952,2.953,2.952,2.952,2.957,2.958,2.957,2.957,5
2026-03-26 00:21:00,2.9515,2.9525,2.9515,2.9515,2.9565,2.9575,2.9565,2.9565,10
2026-03-26 00:23:00,2.953,2.953,2.9525,2.9525,2.958,2.958,2.9575,2.9575,2
2026-03-26 00:24:00,2.9535,2.9535,2.9525,2.9525,2.9585,2.9585,2.9575,2.9575,2
2026-03-26 00:25:00,2.953,2.953,2.9525,2.9525,2.958,2.958,2.9575,2.9575,2
2026-03-26 00:27:00,2.9515,2.9515,2.951,2.951,2.9565,2.9565,2.956,2.956,2
2026-03-26 00:28:00,2.9485,2.95,2.9485,2.949,2.9535,2.955,2.9535,2.954,5
2026-03-26 00:29:00,2.9495,2.95,2.9495,2.95,2.9545,2.955,2.9545,2.955,4
2026-03-26 00:30:00,2.9505,2.9505,2.9505,2.9505,2.9555,2.9555,2.9555,2.9555,1
2026-03-26 00:31:00,2.95,2.95,2.949,2.949,2.955,2.955,2.954,2.954,2
2026-03-26 00:33:00,2.9485,2.949,2.9485,2.9485,2.9535,2.954,2.9535,2.9535,3
2026-03-26 00:35:00,2.948,2.948,2.9475,2.9475,2.953,2.953,2.9525,2.9525,2
2026-03-26 00:37:00,2.947,2.947,2.947,2.947,2.952,2.952,2.952,2.952,1
2026-03-26 00:38:00,2.9475,2.9475,2.9455,2.9475,2.9525,2.9525,2.9505,2.9525,4
2026-03-26 00:39:00,2.947,2.948,2.947,2.948,2.952,2.953,2.952,2.953,2
2026-03-26 00:41:00,2.9475,2.948,2.9475,2.948,2.9525,2.953,2.9525,2.953,2
2026-03-26 00:42:00,2.9485,2.9485,2.948,2.948,2.9535,2.9535,2.953,2.953,2
2026-03-26 00:46:00,2.9485,2.9485,2.9485,2.9485,2.9535,2.9535,2.9535,2.9535,1
2026-03-26 00:47:00,2.949,2.9495,2.9485,2.9495,2.954,2.9545,2.9535,2.9545,4
2026-03-26 00:50:00,2.949,2.95,2.949,2.9495,2.954,2.955,2.954,2.9545,3
2026-03-26 00:51:00,2.95,2.95,2.95,2.95,2.955,2.955,2.955,2.955,1
2026-03-26 00:52:00,2.9495,2.95,2.9495,2.95,2.9545,2.955,2.9545,2.955,4
2026-03-26 00:54:00,2.9485,2.949,2.9485,2.9485,2.9535,2.954,2.9535,2.9535,3
2026-03-26 00:55:00,2.9475,2.9475,2.947,2.9475,2.9525,2.9525,2.952,2.9525,3
2026-03-26 00:56:00,2.947,2.9475,2.947,2.947,2.952,2.9525,2.952,2.952,3
2026-03-26 00:57:00,2.9475,2.9475,2.9475,2.9475,2.9525,2.9525,2.9525,2.9525,1
2026-03-26 00:58:00,2.9465,2.9465,2.946,2.946,2.9515,2.9515,2.951,2.951,2
2026-03-26 00:59:00,2.945,2.945,2.945,2.945,2.95,2.95,2.95,2.95,1
2026-03-26 01:00:00,2.9445,2.9455,2.9435,2.945,2.9495,2.9505,2.9485,2.95,7
2026-03-26 01:01:00,2.9455,2.9465,2.9435,2.946,2.9505,2.9515,2.9485,2.951,7
2026-03-26 01:02:00,2.9455,2.9465,2.944,2.9455,2.9505,2.9515,2.949,2.9505,8
2026-03-26 01:03:00,2.945,2.9455,2.9445,2.9455,2.95,2.9505,2.9495,2.9505,4
2026-03-26 01:04:00,2.946,2.946,2.9455,2.946,2.951,2.951,2.9505,2.951,3
2026-03-26 01:05:00,2.9455,2.946,2.9455,2.946,2.9505,2.951,2.9505,2.951,4
2026-03-26 01:07:00,2.9455,2.9455,2.943,2.943,2.9505,2.9505,2.948,2.948,5
2026-03-26 01:08:00,2.9435,2.944,2.942,2.942,2.9485,2.949,2.947,2.947,8
2026-03-26 01:09:00,2.9415,2.943,2.9415,2.942,2.9465,2.948,2.9465,2.947,3
2026-03-26 01:11:00,2.9415,2.9415,2.941,2.941,2.9465,2.9465,2.946,2.946,2
2026-03-26 01:12:00,2.9415,2.9415,2.9405,2.941,2.9465,2.9465,2.9455,2.946,4
2026-03-26 01:14:00,2.9415,2.9415,2.94,2.94,2.9465,2.9465,2.945,2.945,5
2026-03-26 01:15:00,2.9395,2.94,2.9395,2.94,2.9445,2.945,2.9445,2.945,2
2026-03-26 01:16:00,2.9405,2.9405,2.9365,2.9375,2.9455,2.9455,2.9415,2.9425,8
2026-03-26 01:17:00,2.937,2.9375,2.9365,2.937,2.942,2.9425,2.9415,2.942,5
2026-03-26 01:18:00,2.9365,2.9405,2.9365,2.939,2.9415,2.9455,2.9415,2.944,5
2026-03-26 01:19:00,2.9385,2.9385,2.9385,2.9385,2.9435,2.9435,2.9435,2.9435,1
2026-03-26 01:20:00,2.939,2.9395,2.939,2.939,2.944,2.9445,2.944,2.944,7
2026-03-26 01:21:00,2.94,2.94,2.9395,2.9395,2.945,2.945,2.9445,2.9445,2
2026-03-26 01:22:00,2.94,2.94,2.94,2.94,2.945,2.945,2.945,2.945,1
2026-03-26 01:23:00,2.939,2.939,2.939,2.939,2.944,2.944,2.944,2.944,1
2026-03-26 01:24:00,2.9385,2.94,2.9385,2.94,2.9435,2.945,2.9435,2.945,3
2026-03-26 01:25:00,2.9395,2.9405,2.9395,2.9405,2.9445,2.9455,2.9445,2.9455,4
2026-03-26 01:26:00,2.941,2.941,2.9405,2.941,2.946,2.946,2.9455,2.946,3
2026-03-26 01:27:00,2.942,2.942,2.942,2.942,2.947,2.947,2.947,2.947,1
2026-03-26 01:28:00,2.9415,2.9415,2.9395,2.9395,2.9465,2.9465,2.9445,2.9445,4
2026-03-26 01:29:00,2.9385,2.9395,2.9385,2.9395,2.9435,2.9445,2.9435,2.9445,3
2026-03-26 01:30:00,2.94,2.9405,2.94,2.9405,2.945,2.9455,2.945,2.9455,2
2026-03-26 01:31:00,2.941,2.941,2.941,2.941,2.946,2.946,2.946,2.946,1
2026-03-26 01:32:00,2.9415,2.9415,2.9415,2.9415,2.9465,2.9465,2.9465,2.9465,1
2026-03-26 01:33:00,2.941,2.941,2.941,2.941,2.946,2.946,2.946,2.946,1
2026-03-26 01:34:00,2.9405,2.9405,2.9405,2.9405,2.9455,2.9455,2.9455,2.9455,1
2026-03-26 01:35:00,2.94,2.94,2.9395,2.9395,2.945,2.945,2.9445,2.9445,2
2026-03-26 01:36:00,2.94,2.94,2.9395,2.9395,2.945,2.945,2.9445,2.9445,2
2026-03-26 01:38:00,2.94,2.94,2.94,2.94,2.945,2.945,2.945,2.945,1
2026-03-26 01:39:00,2.9395,2.9395,2.9385,2.939,2.9445,2.9445,2.9435,2.944,3
2026-03-26 01:40:00,2.9395,2.9395,2.939,2.939,2.9445,2.9445,2.944,2.944,2
2026-03-26 01:42:00,2.9395,2.9395,2.9395,2.9395,2.9445,2.9445,2.9445,2.9445,1
2026-03-26 01:43:00,2.939,2.939,2.9385,2.9385,2.944,2.944,2.9435,2.9435,2
2026-03-26 01:44:00,2.9395,2.9395,2.939,2.939,2.9445,2.9445,2.944,2.944,2
2026-03-26 01:45:00,2.9395,2.941,2.9395,2.9405,2.9445,2.946,2.9445,2.9455,4
2026-03-26 01:46:00,2.941,2.941,2.941,2.941,2.946,2.946,2.946,2.946,1
2026-03-26 01:48:00,2.9415,2.9415,2.9395,2.9395,2.9465,2.9465,2.9445,2.9445,10
2026-03-26 01:49:00,2.94,2.94,2.939,2.939,2.945,2.945,2.944,2.944,3
2026-03-26 01:50:00,2.9395,2.9395,2.9395,2.9395,2.9445,2.9445,2.9445,2.9445,1
2026-03-26 01:51:00,2.9385,2.9395,2.9385,2.9395,2.9435,2.9445,2.9435,2.9445,4
2026-03-26 01:52:00,2.939,2.939,2.939,2.939,2.944,2.944,2.944,2.944,1
2026-03-26 01:53:00,2.938,2.9385,2.938,2.938,2.943,2.9435,2.943,2.943,3
2026-03-26 01:54:00,2.9385,2.939,2.938,2.9385,2.9435,2.944,2.943,2.9435,7
2026-03-26 01:55:00,2.938,2.938,2.938,2.938,2.943,2.943,2.943,2.943,1
2026-03-26 01:56:00,2.9375,2.938,2.9375,2.938,2.9425,2.943,2.9425,2.943,2
2026-03-26 01:57:00,2.9385,2.939,2.9375,2.9385,2.9435,2.944,2.9425,2.9435,7
2026-03-26 01:58:00,2.938,2.9385,2.938,2.938,2.943,2.9435,2.943,2.943,11
2026-03-26 01:59:00,2.9365,2.9375,2.9365,2.9375,2.9415,2.9425,2.9415,2.9425,2
2026-03-26 02:00:00,2.937,2.938,2.9335,2.934,2.942,2.943,2.9385,2.939,15
2026-03-26 02:01:00,2.9345,2.9355,2.934,2.9355,2.9395,2.9405,2.939,2.9405,5
2026-03-26 02:02:00,2.936,2.9385,2.936,2.9385,2.941,2.9435,2.941,2.9435,4
2026-03-26 02:03:00,2.938,2.938,2.934,2.936,2.943,2.943,2.939,2.941,9
2026-03-26 02:04:00,2.9355,2.937,2.935,2.937,2.9405,2.942,2.94,2.942,9
2026-03-26 02:05:00,2.9375,2.9385,2.9375,2.938,2.9425,2.9435,2.9425,2.943,4
2026-03-26 02:06:00,2.9385,2.9385,2.9385,2.9385,2.9435,2.9435,2.9435,2.9435,1
2026-03-26 02:07:00,2.9375,2.938,2.9375,2.938,2.9425,2.943,2.9425,2.943,6
2026-03-26 02:08:00,2.9375,2.938,2.9375,2.9375,2.9425,2.943,2.9425,2.9425,5
2026-03-26 02:09:00,2.938,2.9395,2.938,2.9395,2.943,2.9445,2.943,2.9445,6
2026-03-26 02:10:00,2.94,2.94,2.94,2.94,2.945,2.945,2.945,2.945,1
2026-03-26 02:11:00,2.9395,2.9405,2.939,2.94,2.9445,2.9455,2.944,2.945,7
2026-03-26 02:12:00,2.9395,2.94,2.9375,2.9375,2.9445,2.945,2.9425,2.9425,15
2026-03-26 02:13:00,2.937,2.938,2.937,2.938,2.942,2.943,2.942,2.943,3
2026-03-26 02:14:00,2.937,2.938,2.937,2.937,2.942,2.943,2.942,2.942,6
2026-03-26 02:15:00,2.9375,2.939,2.9375,2.9385,2.9425,2.944,2.9425,2.9435,5
2026-03-26 02:16:00,2.938,2.938,2.938,2.938,2.943,2.943,2.943,2.943,1
2026-03-26 02:19:00,2.939,2.939,2.939,2.939,2.944,2.944,2.944,2.944,1
2026-03-26 02:20:00,2.9395,2.9405,2.939,2.94,2.9445,2.9455,2.944,2.945,6
2026-03-26 02:21:00,2.939,2.9395,2.939,2.9395,2.944,2.9445,2.944,2.9445,2
2026-03-26 02:22:00,2.939,2.939,2.939,2.939,2.944,2.944,2.944,2.944,1
2026-03-26 02:24:00,2.9375,2.9375,2.9365,2.9365,2.9425,2.9425,2.9415,2.9415,2
2026-03-26 02:25:00,2.937,2.937,2.937,2.937,2.942,2.942,2.942,2.942,1
2026-03-26 02:26:00,2.9365,2.937,2.936,2.936,2.9415,2.942,2.941,2.941,4
2026-03-26 02:27:00,2.9365,2.9365,2.9365,2.9365,2.9415,2.9415,2.9415,2.9415,1
2026-03-26 02:29:00,2.938,2.938,2.938,2.938,2.943,2.943,2.943,2.943,1
2026-03-26 02:30:00,2.9385,2.9385,2.937,2.9375,2.9435,2.9435,2.942,2.9425,7
2026-03-26 02:31:00,2.937,2.9375,2.937,2.937,2.942,2.9425,2.942,2.942,3
2026-03-26 02:32:00,2.9365,2.9365,2.9335,2.9335,2.9415,2.9415,2.9385,2.9385,8
2026-03-26 02:33:00,2.934,2.934,2.933,2.933,2.939,2.939,2.938,2.938,7
2026-03-26 02:34:00,2.9325,2.933,2.9325,2.933,2.9375,2.938,2.9375,2.938,2
2026-03-26 02:35:00,2.9325,2.933,2.9315,2.9315,2.9375,2.938,2.9365,2.9365,5
2026-03-26 02:36:00,2.9305,2.9325,2.9295,2.932,2.9355,2.9375,2.9345,2.937,14
2026-03-26 02:37:00,2.9325,2.9335,2.9325,2.9335,2.9375,2.9385,2.9375,2.9385,4
2026-03-26 02:38:00,2.9345,2.9345,2.9345,2.9345,2.9395,2.9395,2.9395,2.9395,1
2026-03-26 02:39:00,2.9335,2.9345,2.9335,2.9345,2.9385,2.9395,2.9385,2.9395,4
2026-03-26 02:41:00,2.935,2.935,2.934,2.9345,2.94,2.94,2.939,2.9395,4
2026-03-26 02:42:00,2.934,2.937,2.934,2.9365,2.939,2.942,2.939,2.9415,8
2026-03-26 02:43:00,2.937,2.938,2.935,2.935,2.942,2.943,2.94,2.94,15
2026-03-26 02:45:00,2.9355,2.9355,2.9355,2.9355,2.9405,2.9405,2.9405,2.9405,1
2026-03-26 02:46:00,2.936,2.936,2.9345,2.9345,2.941,2.941,2.9395,2.9395,3
2026-03-26 02:47:00,2.935,2.935,2.935,2.935,2.94,2.94,2.94,2.94,1
2026-03-26 02:48:00,2.9345,2.935,2.9345,2.935,2.9395,2.94,2.9395,2.94,2
2026-03-26 02:49:00,2.9345,2.9345,2.934,2.934,2.9395,2.9395,2.939,2.939,4
2026-03-26 02:50:00,2.9345,2.9345,2.934,2.9345,2.9395,2.9395,2.939,2.9395,3
2026-03-26 02:51:00,2.934,2.9345,2.9335,2.9345,2.939,2.9395,2.9385,2.9395,4
2026-03-26 02:52:00,2.934,2.934,2.9335,2.9335,2.939,2.939,2.9385,2.9385,2
2026-03-26 02:54:00,2.933,2.933,2.9325,2.9325,2.938,2.938,2.9375,2.9375,2
2026-03-26 02:55:00,2.933,2.933,2.9325,2.9325,2.938,2.938,2.9375,2.9375,2
2026-03-26 02:57:00,2.933,2.9335,2.9325,2.9325,2.938,2.9385,2.9375,2.9375,3
2026-03-26 02:58:00,2.932,2.932,2.932,2.932,2.937,2.937,2.937,2.937,1
2026-03-26 02:59:00,2.9315,2.9315,2.9315,2.9315,2.9365,2.9365,2.9365,2.9365,1
2026-03-26 03:00:00,2.932,2.932,2.931,2.9315,2.937,2.937,2.936,2.9365,8
2026-03-26 03:01:00,2.932,2.9335,2.931,2.932,2.937,2.9385,2.936,2.937,13
2026-03-26 03:02:00,2.9315,2.9315,2.931,2.931,2.9365,2.9365,2.936,2.936,2
2026-03-26 03:03:00,2.932,2.933,2.931,2.9315,2.937,2.938,2.936,2.9365,7
2026-03-26 03:06:00,2.933,2.9335,2.9325,2.933,2.938,2.9385,2.9375,2.938,8
2026-03-26 03:07:00,2.9335,2.9335,2.933,2.9335,2.9385,2.9385,2.938,2.9385,7
2026-03-26 03:08:00,2.934,2.936,2.933,2.936,2.939,2.941,2.938,2.941,12
2026-03-26 03:09:00,2.9355,2.9385,2.9355,2.937,2.9405,2.9435,2.9405,2.942,13
2026-03-26 03:10:00,2.9375,2.9405,2.9365,2.939,2.9425,2.9455,2.9415,2.944,13
2026-03-26 03:11:00,2.9395,2.9405,2.9385,2.9395,2.9445,2.9455,2.9435,2.9445,10
2026-03-26 03:12:00,2.94,2.9405,2.94,2.9405,2.945,2.9455,2.945,2.9455,4
2026-03-26 03:13:00,2.94,2.94,2.939,2.939,2.945,2.945,2.944,2.944,3
2026-03-26 03:14:00,2.9385,2.9385,2.938,2.9385,2.9435,2.9435,2.943,2.9435,5
2026-03-26 03:15:00,2.938,2.9395,2.9375,2.9395,2.943,2.9445,2.9425,2.9445,8
2026-03-26 03:16:00,2.939,2.939,2.939,2.939,2.944,2.944,2.944,2.944,1
2026-03-26 03:17:00,2.9385,2.9385,2.9375,2.9375,2.9435,2.9435,2.9425,2.9425,2
2026-03-26 03:18:00,2.938,2.938,2.938,2.938,2.943,2.943,2.943,2.943,1
2026-03-26 03:19:00,2.9385,2.9395,2.9385,2.939,2.9435,2.9445,2.9435,2.944,6
2026-03-26 03:20:00,2.9385,2.9395,2.9375,2.9375,2.9435,2.9445,2.9425,2.9425,5
2026-03-26 03:21:00,2.9385,2.9385,2.9385,2.9385,2.9435,2.9435,2.9435,2.9435,1
2026-03-26 03:22:00,2.938,2.939,2.9375,2.9375,2.943,2.944,2.9425,2.9425,7
2026-03-26 03:24:00,2.9365,2.939,2.9365,2.938,2.9415,2.944,2.9415,2.943,13
2026-03-26 03:27:00,2.939,2.939,2.939,2.939,2.944,2.944,2.944,2.944,1
2026-03-26 03:28:00,2.938,2.938,2.938,2.938,2.943,2.943,2.943,2.943,1
2026-03-26 03:29:00,2.9385,2.9385,2.9385,2.9385,2.9435,2.9435,2.9435,2.9435,1
2026-03-26 03:30:00,2.939,2.939,2.939,2.939,2.944,2.944,2.944,2.944,1
2026-03-26 03:31:00,2.9385,2.9385,2.9375,2.9375,2.9435,2.9435,2.9425,2.9425,3
2026-03-26 03:32:00,2.938,2.938,2.938,2.938,2.943,2.943,2.943,2.943,1
2026-03-26 03:33:00,2.9385,2.94,2.9375,2.94,2.9435,2.945,2.9425,2.945,8
2026-03-26 03:34:00,2.9395,2.9395,2.9385,2.9385,2.9445,2.9445,2.9435,2.9435,3
2026-03-26 03:35:00,2.9395,2.94,2.939,2.94,2.9445,2.945,2.944,2.945,6
2026-03-26 03:36:00,2.939,2.939,2.939,2.939,2.944,2.944,2.944,2.944,1
2026-03-26 03:38:00,2.938,2.939,2.938,2.939,2.943,2.944,2.943,2.944,9
2026-03-26 03:39:00,2.938,2.9385,2.938,2.938,2.943,2.9435,2.943,2.943,13
2026-03-26 03:40:00,2.9385,2.9385,2.9385,2.9385,2.9435,2.9435,2.9435,2.9435,1
2026-03-26 03:41:00,2.938,2.938,2.938,2.938,2.943,2.943,2.943,2.943,1
2026-03-26 03:44:00,2.937,2.937,2.9355,2.9355,2.942,2.942,2.9405,2.9405,4
2026-03-26 03:45:00,2.935,2.9365,2.934,2.934,2.94,2.9415,2.939,2.939,6
2026-03-26 03:46:00,2.9345,2.936,2.9345,2.9355,2.9395,2.941,2.9395,2.9405,15
2026-03-26 03:47:00,2.935,2.9355,2.9345,2.9345,2.94,2.9405,2.9395,2.9395,8
2026-03-26 03:48:00,2.935,2.935,2.935,2.935,2.94,2.94,2.94,2.94,1
2026-03-26 03:49:00,2.9355,2.9355,2.9355,2.9355,2.9405,2.9405,2.9405,2.9405,1
2026-03-26 03:51:00,2.936,2.9365,2.936,2.9365,2.941,2.9415,2.941,2.9415,4
2026-03-26 03:52:00,2.935,2.9355,2.935,2.935,2.94,2.9405,2.94,2.94,3
2026-03-26 03:55:00,2.9355,2.9355,2.935,2.935,2.9405,2.9405,2.94,2.94,2
2026-03-26 03:56:00,2.9355,2.9355,2.9355,2.9355,2.9405,2.9405,2.9405,2.9405,1
2026-03-26 03:57:00,2.935,2.936,2.935,2.936,2.94,2.941,2.94,2.941,2
2026-03-26 03:58:00,2.9365,2.9365,2.9365,2.9365,2.9415,2.9415,2.9415,2.9415,1
2026-03-26 03:59:00,2.936,2.9365,2.936,2.936,2.941,2.9415,2.941,2.941,11
2026-03-26 04:00:00,2.9365,2.9435,2.9365,2.94,2.9415,2.9485,2.9415,2.945,26
2026-03-26 04:01:00,2.9395,2.941,2.9395,2.9395,2.9445,2.946,2.9445,2.9445,11
2026-03-26 04:02:00,2.94,2.94,2.939,2.939,2.945,2.945,2.944,2.944,7
2026-03-26 04:03:00,2.9395,2.941,2.938,2.94,2.9445,2.946,2.943,2.945,10
2026-03-26 04:04:00,2.9405,2.9425,2.94,2.9415,2.9455,2.9475,2.945,2.9465,14
2026-03-26 04:05:00,2.941,2.941,2.9395,2.94,2.946,2.946,2.9445,2.945,4
2026-03-26 04:06:00,2.9405,2.941,2.94,2.941,2.9455,2.946,2.945,2.946,10
2026-03-26 04:07:00,2.9405,2.941,2.939,2.939,2.9455,2.946,2.944,2.944,6
2026-03-26 04:10:00,2.9395,2.9395,2.938,2.938,2.9445,2.9445,2.943,2.943,4
2026-03-26 04:11:00,2.9375,2.938,2.937,2.9375,2.9425,2.943,2.942,2.9425,5
2026-03-26 04:12:00,2.937,2.9405,2.937,2.9395,2.942,2.9455,2.942,2.9445,9
2026-03-26 04:13:00,2.939,2.939,2.938,2.938,2.944,2.944,2.943,2.943,13
2026-03-26 04:14:00,2.9385,2.939,2.9385,2.939,2.9435,2.944,2.9435,2.944,4
2026-03-26 04:18:00,2.9395,2.9395,2.9385,2.9385,2.9445,2.9445,2.9435,2.9435,4
2026-03-26 04:19:00,2.939,2.9395,2.939,2.9395,2.944,2.9445,2.944,2.9445,4
2026-03-26 04:20:00,2.94,2.94,2.94,2.94,2.945,2.945,2.945,2.945,1
2026-03-26 04:21:00,2.9395,2.9395,2.939,2.939,2.9445,2.9445,2.944,2.944,2
2026-03-26 04:22:00,2.9385,2.9385,2.9375,2.938,2.9435,2.9435,2.9425,2.943,4
2026-03-26 04:27:00,2.9385,2.9385,2.938,2.938,2.9435,2.9435,2.943,2.943,2
2026-03-26 04:28:00,2.9375,2.9375,2.9355,2.9355,2.9425,2.9425,2.9405,2.9405,4
2026-03-26 04:29:00,2.9365,2.9365,2.935,2.9355,2.9415,2.9415,2.94,2.9405,5
2026-03-26 04:30:00,2.935,2.9355,2.9345,2.9355,2.94,2.9405,2.9395,2.9405,6
2026-03-26 04:31:00,2.935,2.935,2.9345,2.9345,2.94,2.94,2.9395,2.9395,4
2026-03-26 04:32:00,2.934,2.9345,2.934,2.9345,2.939,2.9395,2.939,2.9395,2
2026-03-26 04:36:00,2.9355,2.9355,2.9355,2.9355,2.9405,2.9405,2.9405,2.9405,1
2026-03-26 04:40:00,2.935,2.9355,2.935,2.9355,2.94,2.9405,2.94,2.9405,10
2026-03-26 04:41:00,2.935,2.9355,2.935,2.935,2.94,2.9405,2.94,2.94,3
2026-03-26 04:42:00,2.9345,2.9365,2.9345,2.9365,2.9395,2.9415,2.9395,2.9415,2
2026-03-26 04:43:00,2.937,2.9395,2.937,2.9395,2.942,2.9445,2.942,2.9445,8
2026-03-26 04:45:00,2.9405,2.9425,2.9405,2.9425,2.9455,2.9475,2.9455,2.9475,6
2026-03-26 04:47:00,2.942,2.9425,2.9415,2.9415,2.947,2.9475,2.9465,2.9465,3
2026-03-26 04:48:00,2.9405,2.9425,2.9405,2.942,2.9455,2.9475,2.9455,2.947,5
2026-03-26 04:49:00,2.9425,2.9425,2.9415,2.942,2.9475,2.9475,2.9465,2.947,9
2026-03-26 04:51:00,2.9425,2.9425,2.942,2.942,2.9475,2.9475,2.947,2.947,2
2026-03-26 04:52:00,2.9425,2.9425,2.9425,2.9425,2.9475,2.9475,2.9475,2.9475,1
2026-03-26 04:53:00,2.942,2.942,2.942,2.942,2.947,2.947,2.947,2.947,1
2026-03-26 04:55:00,2.9415,2.9415,2.9405,2.941,2.9465,2.9465,2.9455,2.946,5
2026-03-26 04:56:00,2.9415,2.9435,2.9415,2.9425,2.9465,2.9485,2.9465,2.9475,8
2026-03-26 04:57:00,2.942,2.9425,2.9415,2.9425,2.947,2.9475,2.9465,2.9475,6
2026-03-26 04:58:00,2.943,2.943,2.9425,2.9425,2.948,2.948,2.9475,2.9475,2
2026-03-26 04:59:00,2.943,2.9435,2.943,2.9435,2.948,2.9485,2.948,2.9485,2
2026-03-26 05:00:00,2.943,2.943,2.9415,2.9415,2.948,2.948,2.9465,2.9465,8
2026-03-26 05:01:00,2.942,2.942,2.942,2.942,2.947,2.947,2.947,2.947,1
2026-03-26 05:02:00,2.943,2.9435,2.943,2.9435,2.948,2.9485,2.948,2.9485,2
2026-03-26 05:03:00,2.9425,2.9425,2.941,2.941,2.9475,2.9475,2.946,2.946,6
2026-03-26 05:04:00,2.942,2.943,2.942,2.943,2.947,2.948,2.947,2.948,3
2026-03-26 05:05:00,2.9425,2.944,2.9415,2.9415,2.9475,2.949,2.9465,2.9465,10
2026-03-26 05:06:00,2.941,2.9415,2.941,2.9415,2.946,2.9465,2.946,2.9465,2
2026-03-26 05:07:00,2.941,2.9415,2.9405,2.9415,2.946,2.9465,2.9455,2.9465,5
2026-03-26 05:08:00,2.942,2.9425,2.9415,2.942,2.947,2.9475,2.9465,2.947,5
2026-03-26 05:09:00,2.9415,2.9425,2.9415,2.9415,2.9465,2.9475,2.9465,2.9465,4
2026-03-26 05:10:00,2.941,2.941,2.9375,2.938,2.946,2.946,2.9425,2.943,13
2026-03-26 05:11:00,2.9385,2.9385,2.938,2.938,2.9435,2.9435,2.943,2.943,2
2026-03-26 05:12:00,2.9375,2.938,2.9375,2.9375,2.9425,2.943,2.9425,2.9425,3
2026-03-26 05:14:00,2.938,2.938,2.938,2.938,2.943,2.943,2.943,2.943,1
2026-03-26 05:15:00,2.9385,2.9385,2.9375,2.9375,2.9435,2.9435,2.9425,2.9425,2
2026-03-26 05:16:00,2.938,2.938,2.938,2.938,2.943,2.943,2.943,2.943,1
2026-03-26 05:21:00,2.9375,2.939,2.9375,2.939,2.9425,2.944,2.9425,2.944,3
2026-03-26 05:22:00,2.9385,2.9395,2.9385,2.9395,2.9435,2.9445,2.9435,2.9445,4
2026-03-26 05:29:00,2.94,2.94,2.9395,2.9395,2.945,2.945,2.9445,2.9445,2
2026-03-26 05:30:00,2.9405,2.9405,2.9405,2.9405,2.9455,2.9455,2.9455,2.9455,1
2026-03-26 05:33:00,2.941,2.9415,2.941,2.9415,2.946,2.9465,2.946,2.9465,4
2026-03-26 05:34:00,2.941,2.9415,2.941,2.9415,2.946,2.9465,2.946,2.9465,2
2026-03-26 05:35:00,2.942,2.942,2.9415,2.9415,2.947,2.947,2.9465,2.9465,2
2026-03-26 05:36:00,2.941,2.9415,2.941,2.9415,2.946,2.9465,2.946,2.9465,2
2026-03-26 05:37:00,2.941,2.9415,2.941,2.9415,2.946,2.9465,2.946,2.9465,2
2026-03-26 05:38:00,2.941,2.941,2.9405,2.9405,2.946,2.946,2.9455,2.9455,2
2026-03-26 05:39:00,2.941,2.941,2.941,2.941,2.946,2.946,2.946,2.946,1
2026-03-26 05:40:00,2.9415,2.9425,2.9415,2.9415,2.9465,2.9475,2.9465,2.9465,4
2026-03-26 05:45:00,2.942,2.9425,2.9395,2.9405,2.947,2.9475,2.9445,2.9455,9
2026-03-26 05:46:00,2.9395,2.9395,2.9355,2.9355,2.9445,2.9445,2.9405,2.9405,10
2026-03-26 05:47:00,2.935,2.935,2.935,2.935,2.94,2.94,2.94,2.94,1
2026-03-26 05:48:00,2.9355,2.9355,2.935,2.935,2.9405,2.9405,2.94,2.94,2
2026-03-26 05:49:00,2.9345,2.936,2.9345,2.9355,2.9395,2.941,2.9395,2.9405,7
2026-03-26 05:50:00,2.936,2.9365,2.936,2.936,2.941,2.9415,2.941,2.941,3
2026-03-26 05:51:00,2.9365,2.9365,2.9365,2.9365,2.9415,2.9415,2.9415,2.9415,1
2026-03-26 05:52:00,2.937,2.9375,2.9365,2.9365,2.942,2.9425,2.9415,2.9415,3
2026-03-26 05:53:00,2.937,2.937,2.936,2.936,2.942,2.942,2.941,2.941,3
2026-03-26 05:54:00,2.9365,2.9365,2.9365,2.9365,2.9415,2.9415,2.9415,2.9415,1
2026-03-26 05:55:00,2.936,2.936,2.936,2.936,2.941,2.941,2.941,2.941,1
2026-03-26 05:56:00,2.9365,2.9365,2.9355,2.9355,2.9415,2.9415,2.9405,2.9405,3
2026-03-26 06:00:00,2.9365,2.938,2.9355,2.9365,2.9415,2.943,2.9405,2.9415,5
2026-03-26 06:01:00,2.9375,2.9395,2.937,2.9385,2.9425,2.9445,2.942,2.9435,12
2026-03-26 06:02:00,2.9395,2.9395,2.939,2.939,2.9445,2.9445,2.944,2.944,4
2026-03-26 06:03:00,2.9385,2.9385,2.9385,2.9385,2.9435,2.9435,2.9435,2.9435,1
2026-03-26 06:04:00,2.938,2.938,2.937,2.937,2.943,2.943,2.942,2.942,2
2026-03-26 06:06:00,2.9365,2.9365,2.936,2.936,2.9415,2.9415,2.941,2.941,2
2026-03-26 06:07:00,2.9365,2.9365,2.936,2.936,2.9415,2.9415,2.941,2.941,2
2026-03-26 06:09:00,2.9365,2.9365,2.9365,2.9365,2.9415,2.9415,2.9415,2.9415,1
2026-03-26 06:10:00,2.9375,2.9375,2.937,2.9375,2.9425,2.9425,2.942,2.9425,7
2026-03-26 06:11:00,2.9385,2.941,2.938,2.9395,2.9435,2.946,2.943,2.9445,9
2026-03-26 06:12:00,2.939,2.939,2.939,2.939,2.944,2.944,2.944,2.944,1
2026-03-26 06:13:00,2.9395,2.9395,2.9395,2.9395,2.9445,2.9445,2.9445,2.9445,1
2026-03-26 06:14:00,2.94,2.94,2.9395,2.9395,2.945,2.945,2.9445,2.9445,2
2026-03-26 06:15:00,2.939,2.939,2.939,2.939,2.944,2.944,2.944,2.944,1
2026-03-26 06:16:00,2.9395,2.9395,2.9395,2.9395,2.9445,2.9445,2.9445,2.9445,1
2026-03-26 06:17:00,2.939,2.939,2.9375,2.938,2.944,2.944,2.9425,2.943,4
2026-03-26 06:18:00,2.9385,2.9385,2.9375,2.9375,2.9435,2.9435,2.9425,2.9425,3
2026-03-26 06:19:00,2.9385,2.9395,2.9385,2.9385,2.9435,2.9445,2.9435,2.9435,3
2026-03-26 06:20:00,2.939,2.939,2.939,2.939,2.944,2.944,2.944,2.944,1
2026-03-26 06:21:00,2.9385,2.9385,2.9385,2.9385,2.9435,2.9435,2.9435,2.9435,1
2026-03-26 06:22:00,2.939,2.939,2.939,2.939,2.944,2.944,2.944,2.944,1
2026-03-26 06:25:00,2.9385,2.9385,2.9385,2.9385,2.9435,2.9435,2.9435,2.9435,1
2026-03-26 06:26:00,2.939,2.9395,2.936,2.937,2.944,2.9445,2.941,2.942,7
2026-03-26 06:27:00,2.936,2.936,2.936,2.936,2.941,2.941,2.941,2.941,1
2026-03-26 06:28:00,2.9365,2.9365,2.9365,2.9365,2.9415,2.9415,2.9415,2.9415,1
2026-03-26 06:29:00,2.936,2.936,2.936,2.936,2.941,2.941,2.941,2.941,1
2026-03-26 06:30:00,2.9365,2.9365,2.9365,2.9365,2.9415,2.9415,2.9415,2.9415,1
2026-03-26 06:32:00,2.936,2.936,2.936,2.936,2.941,2.941,2.941,2.941,1
2026-03-26 06:33:00,2.9365,2.9365,2.9355,2.9355,2.9415,2.9415,2.9405,2.9405,3
2026-03-26 06:34:00,2.934,2.936,2.934,2.935,2.939,2.941,2.939,2.94,4
2026-03-26 06:36:00,2.9345,2.935,2.934,2.934,2.9395,2.94,2.939,2.939,3
2026-03-26 06:38:00,2.9345,2.9345,2.9345,2.9345,2.9395,2.9395,2.9395,2.9395,1
2026-03-26 06:39:00,2.934,2.9345,2.934,2.934,2.939,2.9395,2.939,2.939,5
2026-03-26 06:41:00,2.9345,2.9345,2.9345,2.9345,2.9395,2.9395,2.9395,2.9395,1
2026-03-26 06:42:00,2.934,2.936,2.934,2.936,2.939,2.941,2.939,2.941,3
2026-03-26 06:43:00,2.9355,2.9355,2.9355,2.9355,2.9405,2.9405,2.9405,2.9405,1
2026-03-26 06:44:00,2.935,2.9355,2.935,2.9355,2.94,2.9405,2.94,2.9405,2
2026-03-26 06:45:00,2.935,2.935,2.934,2.934,2.94,2.94,2.939,2.939,7
2026-03-26 06:46:00,2.9345,2.9355,2.9345,2.9355,2.9395,2.9405,2.9395,2.9405,3
2026-03-26 06:47:00,2.9345,2.935,2.9345,2.9345,2.9395,2.94,2.9395,2.9395,5
2026-03-26 06:48:00,2.934,2.934,2.934,2.934,2.939,2.939,2.939,2.939,1
2026-03-26 06:49:00,2.9345,2.9345,2.933,2.933,2.9395,2.9395,2.938,2.938,4
2026-03-26 06:50:00,2.9335,2.9335,2.9335,2.9335,2.9385,2.9385,2.9385,2.9385,1
2026-03-26 06:51:00,2.934,2.9345,2.9325,2.9345,2.939,2.9395,2.9375,2.9395,5
2026-03-26 06:52:00,2.934,2.934,2.934,2.934,2.939,2.939,2.939,2.939,1
2026-03-26 06:53:00,2.9335,2.934,2.9335,2.9335,2.9385,2.939,2.9385,2.9385,5
2026-03-26 06:54:00,2.934,2.934,2.933,2.934,2.939,2.939,2.938,2.939,4
2026-03-26 06:55:00,2.9335,2.934,2.9335,2.934,2.9385,2.939,2.9385,2.939,4
2026-03-26 06:56:00,2.9335,2.9335,2.933,2.933,2.9385,2.9385,2.938,2.938,4
2026-03-26 06:57:00,2.9325,2.9325,2.926,2.9275,2.9375,2.9375,2.931,2.9325,16
2026-03-26 06:58:00,2.928,2.928,2.928,2.928,2.933,2.933,2.933,2.933,1
2026-03-26 06:59:00,2.9285,2.9285,2.927,2.927,2.9335,2.9335,2.932,2.932,3
2026-03-26 07:00:00,2.9265,2.927,2.926,2.926,2.9315,2.932,2.931,2.931,6
2026-03-26 07:01:00,2.9265,2.9265,2.926,2.9265,2.9315,2.9315,2.931,2.9315,3
2026-03-26 07:02:00,2.927,2.927,2.927,2.927,2.932,2.932,2.932,2.932,1
2026-03-26 07:03:00,2.9275,2.9275,2.9265,2.927,2.9325,2.9325,2.9315,2.932,4
2026-03-26 07:04:00,2.9265,2.9275,2.9265,2.9275,2.9315,2.9325,2.9315,2.9325,2
2026-03-26 07:05:00,2.927,2.927,2.927,2.927,2.932,2.932,2.932,2.932,1
2026-03-26 07:06:00,2.9275,2.9275,2.927,2.927,2.9325,2.9325,2.932,2.932,2
2026-03-26 07:07:00,2.9265,2.9265,2.9255,2.926,2.9315,2.9315,2.9305,2.931,4
2026-03-26 07:08:00,2.9255,2.9255,2.9235,2.924,2.9305,2.9305,2.9285,2.929,13
2026-03-26 07:09:00,2.9245,2.925,2.9245,2.925,2.9295,2.93,2.9295,2.93,2
2026-03-26 07:10:00,2.9255,2.9275,2.9255,2.927,2.9305,2.9325,2.9305,2.932,6
2026-03-26 07:13:00,2.9265,2.927,2.9265,2.9265,2.9315,2.932,2.9315,2.9315,5
2026-03-26 07:14:00,2.927,2.928,2.927,2.928,2.932,2.933,2.932,2.933,3
2026-03-26 07:15:00,2.9275,2.929,2.9275,2.928,2.9325,2.934,2.9325,2.933,4
2026-03-26 07:16:00,2.9285,2.929,2.9285,2.929,2.9335,2.934,2.9335,2.934,2
2026-03-26 07:17:00,2.9285,2.9285,2.927,2.927,2.9335,2.9335,2.932,2.932,3
2026-03-26 07:18:00,2.9265,2.927,2.9265,2.927,2.9315,2.932,2.9315,2.932,2
2026-03-26 07:19:00,2.928,2.93,2.928,2.93,2.933,2.935,2.933,2.935,5
2026-03-26 07:20:00,2.9305,2.9325,2.9305,2.931,2.9355,2.9375,2.9355,2.936,4
2026-03-26 07:21:00,2.9315,2.9315,2.9305,2.9315,2.9365,2.9365,2.9355,2.9365,4
2026-03-26 07:22:00,2.932,2.9335,2.9315,2.9335,2.937,2.9385,2.9365,2.9385,9
2026-03-26 07:23:00,2.934,2.934,2.9335,2.9335,2.939,2.939,2.9385,2.9385,2
2026-03-26 07:24:00,2.9345,2.9345,2.9335,2.934,2.9395,2.9395,2.9385,2.939,3
2026-03-26 07:25:00,2.9335,2.9335,2.9325,2.9335,2.9385,2.9385,2.9375,2.9385,3
2026-03-26 07:26:00,2.934,2.934,2.9335,2.9335,2.939,2.939,2.9385,2.9385,2
2026-03-26 07:27:00,2.934,2.937,2.934,2.9355,2.939,2.942,2.939,2.9405,6
2026-03-26 07:28:00,2.936,2.9365,2.935,2.935,2.941,2.9415,2.94,2.94,4
2026-03-26 07:29:00,2.9355,2.9355,2.934,2.934,2.9405,2.9405,2.939,2.939,6
2026-03-26 07:30:00,2.9335,2.9335,2.9325,2.933,2.9385,2.9385,2.9375,2.938,9
2026-03-26 07:31:00,2.9335,2.9335,2.932,2.9325,2.9385,2.9385,2.937,2.9375,6
2026-03-26 07:32:00,2.932,2.933,2.932,2.933,2.937,2.938,2.937,2.938,3
2026-03-26 07:33:00,2.9335,2.934,2.9335,2.9335,2.9385,2.939,2.9385,2.9385,3
2026-03-26 07:34:00,2.9325,2.9325,2.9325,2.9325,2.9375,2.9375,2.9375,2.9375,1
2026-03-26 07:35:00,2.932,2.932,2.9305,2.9315,2.937,2.937,2.9355,2.9365,5
2026-03-26 07:36:00,2.932,2.9325,2.932,2.932,2.937,2.9375,2.937,2.937,3
2026-03-26 07:37:00,2.9325,2.9325,2.9325,2.9325,2.9375,2.9375,2.9375,2.9375,1
2026-03-26 07:38:00,2.932,2.932,2.931,2.931,2.937,2.937,2.936,2.936,2
2026-03-26 07:39:00,2.9305,2.9315,2.9305,2.931,2.9355,2.9365,2.9355,2.936,4
2026-03-26 07:40:00,2.9315,2.9325,2.9315,2.932,2.9365,2.9375,2.9365,2.937,4
2026-03-26 07:41:00,2.9325,2.933,2.9325,2.933,2.9375,2.938,2.9375,2.938,2
2026-03-26 07:42:00,2.9335,2.9335,2.933,2.933,2.9385,2.9385,2.938,2.938,2
2026-03-26 07:43:00,2.9345,2.9355,2.9345,2.935,2.9395,2.9405,2.9395,2.94,5
2026-03-26 07:44:00,2.9355,2.9355,2.935,2.935,2.9405,2.9405,2.94,2.94,6
2026-03-26 07:45:00,2.9345,2.9345,2.9335,2.9345,2.9395,2.9395,2.9385,2.9395,5
2026-03-26 07:46:00,2.935,2.935,2.934,2.934,2.94,2.94,2.939,2.939,3
2026-03-26 07:47:00,2.935,2.935,2.934,2.9345,2.94,2.94,2.939,2.9395,9
2026-03-26 07:48:00,2.934,2.934,2.934,2.934,2.939,2.939,2.939,2.939,1
2026-03-26 07:49:00,2.9345,2.9345,2.9305,2.9305,2.9395,2.9395,2.9355,2.9355,6
2026-03-26 07:50:00,2.9315,2.9325,2.9315,2.9325,2.9365,2.9375,2.9365,2.9375,4
2026-03-26 07:51:00,2.932,2.9335,2.932,2.9335,2.937,2.9385,2.937,2.9385,5
2026-03-26 07:54:00,2.934,2.9345,2.9335,2.934,2.939,2.9395,2.9385,2.939,21
2026-03-26 07:55:00,2.9335,2.9335,2.9325,2.9325,2.9385,2.9385,2.9375,2.9375,4
2026-03-26 07:56:00,2.932,2.9325,2.932,2.9325,2.937,2.9375,2.937,2.9375,2
2026-03-26 07:57:00,2.932,2.9345,2.9315,2.9335,2.937,2.9395,2.9365,2.9385,12
2026-03-26 07:58:00,2.933,2.933,2.933,2.933,2.938,2.938,2.938,2.938,1
2026-03-26 07:59:00,2.9335,2.934,2.9335,2.934,2.9385,2.939,2.9385,2.939,2
2026-03-26 08:00:00,2.9345,2.9405,2.9345,2.9405,2.9395,2.9455,2.9395,2.9455,13
2026-03-26 08:01:00,2.94,2.944,2.94,2.942,2.945,2.949,2.945,2.947,22
2026-03-26 08:02:00,2.9415,2.942,2.9415,2.942,2.9465,2.947,2.9465,2.947,2
2026-03-26 08:03:00,2.9415,2.9415,2.939,2.9405,2.9465,2.9465,2.944,2.9455,10
2026-03-26 08:04:00,2.939,2.94,2.939,2.94,2.944,2.945,2.944,2.945,5
2026-03-26 08:05:00,2.9405,2.9445,2.94,2.944,2.9455,2.9495,2.945,2.949,10
2026-03-26 08:06:00,2.9435,2.9445,2.9435,2.9445,2.9485,2.9495,2.9485,2.9495,5
2026-03-26 08:07:00,2.944,2.947,2.944,2.9465,2.949,2.952,2.949,2.9515,8
2026-03-26 08:08:00,2.9455,2.9455,2.943,2.943,2.9505,2.9505,2.948,2.948,7
2026-03-26 08:09:00,2.9425,2.9435,2.942,2.9425,2.9475,2.9485,2.947,2.9475,8
2026-03-26 08:10:00,2.942,2.9445,2.9415,2.9435,2.947,2.9495,2.9465,2.9485,19
2026-03-26 08:11:00,2.943,2.9435,2.9425,2.9425,2.948,2.9485,2.9475,2.9475,11
2026-03-26 08:12:00,2.942,2.9425,2.9405,2.9415,2.947,2.9475,2.9455,2.9465,12
2026-03-26 08:13:00,2.941,2.941,2.9395,2.94,2.946,2.946,2.9445,2.945,7
2026-03-26 08:14:00,2.9405,2.942,2.94,2.942,2.9455,2.947,2.945,2.947,6
2026-03-26 08:15:00,2.9425,2.945,2.9425,2.945,2.9475,2.95,2.9475,2.95,4
2026-03-26 08:16:00,2.9445,2.9445,2.942,2.942,2.9495,2.9495,2.947,2.947,6
2026-03-26 08:17:00,2.943,2.9435,2.943,2.943,2.948,2.9485,2.948,2.948,3
2026-03-26 08:18:00,2.9435,2.9435,2.9435,2.9435,2.9485,2.9485,2.9485,2.9485,1
2026-03-26 08:19:00,2.944,2.9445,2.9435,2.944,2.949,2.9495,2.9485,2.949,4
2026-03-26 08:20:00,2.9445,2.9455,2.944,2.9445,2.9495,2.9505,2.949,2.9495,16
2026-03-26 08:21:00,2.945,2.946,2.9445,2.9455,2.95,2.951,2.9495,2.9505,8
2026-03-26 08:22:00,2.945,2.945,2.944,2.944,2.95,2.95,2.949,2.949,5
2026-03-26 08:23:00,2.9435,2.9435,2.9405,2.9405,2.9485,2.9485,2.9455,2.9455,12
2026-03-26 08:24:00,2.941,2.944,2.941,2.944,2.946,2.949,2.946,2.949,11
2026-03-26 08:25:00,2.9445,2.9455,2.9445,2.9445,2.9495,2.9505,2.9495,2.9495,4
2026-03-26 08:26:00,2.944,2.945,2.944,2.9445,2.949,2.95,2.949,2.9495,8
2026-03-26 08:27:00,2.945,2.946,2.9445,2.945,2.95,2.951,2.9495,2.95,6
2026-03-26 08:28:00,2.9445,2.9445,2.9445,2.9445,2.9495,2.9495,2.9495,2.9495,1
2026-03-26 08:29:00,2.9455,2.9455,2.9415,2.945,2.9505,2.9505,2.9465,2.95,30
2026-03-26 08:30:00,2.9455,2.9485,2.9455,2.9455,2.9505,2.9535,2.9505,2.9505,11
2026-03-26 08:31:00,2.945,2.9465,2.9435,2.9455,2.95,2.9515,2.9485,2.9505,17
2026-03-26 08:32:00,2.946,2.946,2.9425,2.9445,2.951,2.951,2.9475,2.9495,8
2026-03-26 08:33:00,2.945,2.952,2.9445,2.952,2.95,2.957,2.9495,2.957,30
2026-03-26 08:34:00,2.9515,2.952,2.951,2.951,2.9565,2.957,2.956,2.956,6
2026-03-26 08:35:00,2.9505,2.953,2.9505,2.9525,2.9555,2.958,2.9555,2.9575,11
2026-03-26 08:36:00,2.953,2.9555,2.9525,2.954,2.958,2.9605,2.9575,2.959,17
2026-03-26 08:37:00,2.9545,2.9555,2.951,2.952,2.9595,2.9605,2.956,2.957,11
2026-03-26 08:38:00,2.9525,2.9525,2.951,2.951,2.9575,2.9575,2.956,2.956,4
2026-03-26 08:39:00,2.9505,2.952,2.9495,2.951,2.9555,2.957,2.9545,2.956,8
2026-03-26 08:40:00,2.9505,2.9515,2.948,2.951,2.9555,2.9565,2.953,2.956,13
2026-03-26 08:41:00,2.9505,2.9515,2.95,2.9505,2.9555,2.9565,2.955,2.9555,5
2026-03-26 08:42:00,2.951,2.9525,2.9505,2.9515,2.956,2.9575,2.9555,2.9565,9
2026-03-26 08:43:00,2.9505,2.9515,2.9495,2.9495,2.9555,2.9565,2.9545,2.9545,10
2026-03-26 08:44:00,2.95,2.95,2.9495,2.9495,2.955,2.955,2.9545,2.9545,16
2026-03-26 08:45:00,2.949,2.949,2.9475,2.9485,2.954,2.954,2.9525,2.9535,9
2026-03-26 08:46:00,2.9495,2.9495,2.948,2.9485,2.9545,2.9545,2.953,2.9535,3
2026-03-26 08:47:00,2.949,2.949,2.9475,2.948,2.954,2.954,2.9525,2.953,7
2026-03-26 08:48:00,2.9475,2.9485,2.9465,2.947,2.9525,2.9535,2.9515,2.952,10
2026-03-26 08:50:00,2.9475,2.9475,2.947,2.9475,2.9525,2.9525,2.952,2.9525,5
2026-03-26 08:51:00,2.948,2.9485,2.9465,2.9465,2.953,2.9535,2.9515,2.9515,6
2026-03-26 08:52:00,2.947,2.952,2.947,2.952,2.952,2.957,2.952,2.957,16
2026-03-26 08:53:00,2.9525,2.955,2.9525,2.955,2.9575,2.96,2.9575,2.96,4
2026-03-26 08:54:00,2.9555,2.9555,2.9535,2.9535,2.9605,2.9605,2.9585,2.9585,5
2026-03-26 08:55:00,2.952,2.955,2.952,2.9545,2.957,2.96,2.957,2.9595,9
2026-03-26 08:56:00,2.955,2.955,2.954,2.955,2.96,2.96,2.959,2.96,12
2026-03-26 08:57:00,2.9545,2.956,2.954,2.956,2.9595,2.961,2.959,2.961,11
2026-03-26 08:58:00,2.9555,2.9555,2.954,2.9545,2.9605,2.9605,2.959,2.9595,7
2026-03-26 08:59:00,2.954,2.9545,2.952,2.952,2.959,2.9595,2.957,2.957,6
2026-03-26 09:00:00,2.9515,2.954,2.951,2.952,2.9565,2.959,2.956,2.957,17
2026-03-26 09:01:00,2.9525,2.9535,2.9525,2.9525,2.9575,2.9585,2.9575,2.9575,7
2026-03-26 09:02:00,2.953,2.955,2.9525,2.9535,2.958,2.96,2.9575,2.9585,23
2026-03-26 09:03:00,2.954,2.9555,2.954,2.954,2.959,2.9605,2.959,2.959,11
2026-03-26 09:04:00,2.9525,2.9525,2.952,2.952,2.9575,2.9575,2.957,2.957,2
2026-03-26 09:05:00,2.9515,2.953,2.95,2.95,2.9565,2.958,2.955,2.955,6
2026-03-26 09:06:00,2.9505,2.953,2.95,2.95,2.9555,2.958,2.955,2.955,11
2026-03-26 09:07:00,2.9495,2.9495,2.949,2.9495,2.9545,2.9545,2.954,2.9545,5
2026-03-26 09:08:00,2.949,2.949,2.948,2.949,2.954,2.954,2.953,2.954,4
2026-03-26 09:09:00,2.948,2.954,2.948,2.954,2.953,2.959,2.953,2.959,11
2026-03-26 09:10:00,2.9545,2.9545,2.9515,2.9515,2.9595,2.9595,2.9565,2.9565,53
2026-03-26 09:11:00,2.952,2.9525,2.9505,2.952,2.957,2.9575,2.9555,2.957,9
2026-03-26 09:12:00,2.9525,2.955,2.952,2.9545,2.9575,2.96,2.957,2.9595,22
2026-03-26 09:13:00,2.9555,2.9555,2.9545,2.955,2.9605,2.9605,2.9595,2.96,7
2026-03-26 09:14:00,2.9555,2.9555,2.953,2.954,2.9605,2.9605,2.958,2.959,11
2026-03-26 09:15:00,2.9545,2.9545,2.953,2.9545,2.9595,2.9595,2.958,2.9595,9
2026-03-26 09:16:00,2.9535,2.954,2.9505,2.9535,2.9585,2.959,2.9555,2.9585,11
2026-03-26 09:17:00,2.954,2.9545,2.9525,2.9535,2.959,2.9595,2.9575,2.9585,9
2026-03-26 09:18:00,2.953,2.956,2.953,2.955,2.958,2.961,2.958,2.96,12
2026-03-26 09:19:00,2.9555,2.9555,2.9545,2.955,2.9605,2.9605,2.9595,2.96,4
2026-03-26 09:20:00,2.9555,2.9555,2.9545,2.955,2.9605,2.9605,2.9595,2.96,4
2026-03-26 09:21:00,2.9545,2.955,2.9535,2.955,2.9595,2.96,2.9585,2.96,17
2026-03-26 09:22:00,2.9545,2.955,2.954,2.9545,2.9595,2.96,2.959,2.9595,7
2026-03-26 09:23:00,2.9535,2.9535,2.9535,2.9535,2.9585,2.9585,2.9585,2.9585,1
2026-03-26 09:24:00,2.953,2.9535,2.9525,2.953,2.958,2.9585,2.9575,2.958,7
2026-03-26 09:25:00,2.9535,2.9535,2.952,2.9525,2.9585,2.9585,2.957,2.9575,8
2026-03-26 09:26:00,2.9515,2.953,2.9505,2.9525,2.9565,2.958,2.9555,2.9575,10
2026-03-26 09:27:00,2.952,2.952,2.9485,2.95,2.957,2.957,2.9535,2.955,10
2026-03-26 09:28:00,2.9505,2.9545,2.9505,2.9545,2.9555,2.9595,2.9555,2.9595,7
2026-03-26 09:29:00,2.955,2.9605,2.9545,2.959,2.96,2.9655,2.9595,2.964,27
2026-03-26 09:30:00,2.96,2.9615,2.9585,2.9595,2.965,2.9665,2.9635,2.9645,33
2026-03-26 09:31:00,2.96,2.9615,2.96,2.9605,2.965,2.9665,2.965,2.9655,12
2026-03-26 09:32:00,2.96,2.961,2.9595,2.9595,2.965,2.966,2.9645,2.9645,14
2026-03-26 09:33:00,2.96,2.962,2.96,2.961,2.965,2.967,2.965,2.966,16
2026-03-26 09:34:00,2.9615,2.9745,2.9615,2.9715,2.9665,2.9795,2.9665,2.9765,39
2026-03-26 09:35:00,2.971,2.9725,2.9705,2.972,2.976,2.9775,2.9755,2.977,15
2026-03-26 09:36:00,2.9725,2.9755,2.9725,2.9745,2.9775,2.9805,2.9775,2.9795,19
2026-03-26 09:37:00,2.974,2.9755,2.974,2.975,2.979,2.9805,2.979,2.98,6
2026-03-26 09:38:00,2.9745,2.9775,2.973,2.973,2.9795,2.9825,2.978,2.978,14
2026-03-26 09:39:00,2.9725,2.973,2.97,2.97,2.9775,2.978,2.975,2.975,7
2026-03-26 09:40:00,2.9705,2.972,2.97,2.97,2.9755,2.977,2.975,2.975,6
2026-03-26 09:41:00,2.9695,2.97,2.9695,2.97,2.9745,2.975,2.9745,2.975,2
2026-03-26 09:42:00,2.969,2.97,2.9685,2.9695,2.974,2.975,2.9735,2.9745,9
2026-03-26 09:43:00,2.9705,2.9705,2.9685,2.9685,2.9755,2.9755,2.9735,2.9735,9
2026-03-26 09:44:00,2.9695,2.97,2.969,2.9695,2.9745,2.975,2.974,2.9745,10
2026-03-26 09:45:00,2.969,2.9705,2.969,2.9705,2.974,2.9755,2.974,2.9755,4
2026-03-26 09:46:00,2.97,2.97,2.969,2.9695,2.975,2.975,2.974,2.9745,8
2026-03-26 09:47:00,2.969,2.97,2.9675,2.9695,2.974,2.975,2.9725,2.9745,11
2026-03-26 09:48:00,2.969,2.9705,2.969,2.97,2.974,2.9755,2.974,2.975,8
2026-03-26 09:49:00,2.9705,2.9715,2.9705,2.971,2.9755,2.9765,2.9755,2.976,3
2026-03-26 09:50:00,2.9705,2.9705,2.969,2.969,2.9755,2.9755,2.974,2.974,5
2026-03-26 09:51:00,2.9695,2.9695,2.9695,2.9695,2.9745,2.9745,2.9745,2.9745,1
2026-03-26 09:52:00,2.969,2.969,2.9685,2.969,2.974,2.974,2.9735,2.974,3
2026-03-26 09:53:00,2.9685,2.9685,2.9655,2.9655,2.9735,2.9735,2.9705,2.9705,11
2026-03-26 09:54:00,2.966,2.9665,2.9655,2.9655,2.971,2.9715,2.9705,2.9705,8
2026-03-26 09:55:00,2.9645,2.9655,2.964,2.9655,2.9695,2.9705,2.969,2.9705,12
2026-03-26 09:56:00,2.9645,2.965,2.9645,2.965,2.9695,2.97,2.9695,2.97,4
2026-03-26 09:57:00,2.964,2.965,2.964,2.965,2.969,2.97,2.969,2.97,2
2026-03-26 09:58:00,2.9635,2.9635,2.9625,2.9625,2.9685,2.9685,2.9675,2.9675,2
2026-03-26 09:59:00,2.962,2.9655,2.962,2.9655,2.967,2.9705,2.967,2.9705,6
2026-03-26 10:00:00,2.966,2.966,2.9625,2.963,2.971,2.971,2.9675,2.968,10
2026-03-26 10:01:00,2.9625,2.9625,2.9605,2.9605,2.9675,2.9675,2.9655,2.9655,8
2026-03-26 10:02:00,2.961,2.962,2.9605,2.9605,2.966,2.967,2.9655,2.9655,10
2026-03-26 10:03:00,2.961,2.963,2.9605,2.963,2.966,2.968,2.9655,2.968,7
2026-03-26 10:04:00,2.9625,2.963,2.9625,2.963,2.9675,2.968,2.9675,2.968,4
2026-03-26 10:05:00,2.9625,2.9625,2.9595,2.9595,2.9675,2.9675,2.9645,2.9645,9
2026-03-26 10:06:00,2.9585,2.9595,2.9575,2.9575,2.9635,2.9645,2.9625,2.9625,22
2026-03-26 10:07:00,2.957,2.957,2.954,2.9565,2.962,2.962,2.959,2.9615,9
2026-03-26 10:08:00,2.957,2.957,2.9565,2.957,2.962,2.962,2.9615,2.962,7
2026-03-26 10:10:00,2.9575,2.9585,2.956,2.956,2.9625,2.9635,2.961,2.961,11
2026-03-26 10:11:00,2.9555,2.9555,2.9545,2.955,2.9605,2.9605,2.9595,2.96,3
2026-03-26 10:12:00,2.9565,2.9565,2.956,2.9565,2.9615,2.9615,2.961,2.9615,3
2026-03-26 10:13:00,2.9575,2.9575,2.9575,2.9575,2.9625,2.9625,2.9625,2.9625,1
2026-03-26 10:14:00,2.958,2.958,2.957,2.957,2.963,2.963,2.962,2.962,5
2026-03-26 10:15:00,2.9575,2.9575,2.9565,2.9565,2.9625,2.9625,2.9615,2.9615,7
2026-03-26 10:16:00,2.957,2.9585,2.957,2.9575,2.962,2.9635,2.962,2.9625,5
2026-03-26 10:17:00,2.9585,2.9585,2.957,2.957,2.9635,2.9635,2.962,2.962,9
2026-03-26 10:18:00,2.958,2.9615,2.958,2.9615,2.963,2.9665,2.963,2.9665,8
2026-03-26 10:19:00,2.961,2.9665,2.961,2.965,2.966,2.9715,2.966,2.97,11
2026-03-26 10:20:00,2.9645,2.9645,2.962,2.9635,2.9695,2.9695,2.967,2.9685,11
2026-03-26 10:21:00,2.964,2.965,2.964,2.965,2.969,2.97,2.969,2.97,6
2026-03-26 10:22:00,2.9645,2.9645,2.9645,2.9645,2.9695,2.9695,2.9695,2.9695,1
2026-03-26 10:23:00,2.964,2.9645,2.964,2.9645,2.969,2.9695,2.969,2.9695,2
2026-03-26 10:24:00,2.964,2.964,2.9635,2.9635,2.969,2.969,2.9685,2.9685,2
2026-03-26 10:25:00,2.9625,2.9625,2.96,2.96,2.9675,2.9675,2.965,2.965,11
2026-03-26 10:26:00,2.9595,2.9615,2.9595,2.961,2.9645,2.9665,2.9645,2.966,7
2026-03-26 10:27:00,2.9605,2.9605,2.96,2.96,2.9655,2.9655,2.965,2.965,2
2026-03-26 10:28:00,2.961,2.961,2.96,2.961,2.966,2.966,2.965,2.966,5
2026-03-26 10:29:00,2.9605,2.9605,2.9595,2.96,2.9655,2.9655,2.9645,2.965,4
2026-03-26 10:30:00,2.961,2.961,2.959,2.9605,2.966,2.966,2.964,2.9655,13
2026-03-26 10:31:00,2.96,2.9615,2.959,2.9615,2.965,2.9665,2.964,2.9665,7
2026-03-26 10:32:00,2.962,2.9625,2.961,2.962,2.967,2.9675,2.966,2.967,8
2026-03-26 10:33:00,2.9615,2.9615,2.9595,2.96,2.9665,2.9665,2.9645,2.965,5
2026-03-26 10:34:00,2.9595,2.9595,2.959,2.959,2.9645,2.9645,2.964,2.964,2
2026-03-26 10:35:00,2.9585,2.9595,2.9575,2.9585,2.9635,2.9645,2.9625,2.9635,10
2026-03-26 10:36:00,2.959,2.959,2.9585,2.9585,2.964,2.964,2.9635,2.9635,2
2026-03-26 10:37:00,2.959,2.9615,2.9565,2.9565,2.964,2.9665,2.9615,2.9615,8
2026-03-26 10:39:00,2.956,2.957,2.956,2.956,2.961,2.962,2.961,2.961,5
2026-03-26 10:40:00,2.9555,2.9555,2.954,2.955,2.9605,2.9605,2.959,2.96,5
2026-03-26 10:41:00,2.9545,2.955,2.954,2.9545,2.9595,2.96,2.959,2.9595,4
2026-03-26 10:42:00,2.954,2.9555,2.954,2.955,2.959,2.9605,2.959,2.96,8
2026-03-26 10:43:00,2.9555,2.957,2.955,2.956,2.9605,2.962,2.96,2.961,10
2026-03-26 10:44:00,2.9565,2.957,2.9565,2.957,2.9615,2.962,2.9615,2.962,2
2026-03-26 10:45:00,2.9565,2.9575,2.9565,2.957,2.9615,2.9625,2.9615,2.962,5
2026-03-26 10:46:00,2.9565,2.957,2.9565,2.957,2.9615,2.962,2.9615,2.962,2
2026-03-26 10:47:00,2.9565,2.9565,2.956,2.9565,2.9615,2.9615,2.961,2.9615,3
2026-03-26 10:48:00,2.957,2.957,2.9565,2.957,2.962,2.962,2.9615,2.962,3
2026-03-26 10:49:00,2.956,2.956,2.9535,2.9535,2.961,2.961,2.9585,2.9585,6
2026-03-26 10:50:00,2.953,2.9545,2.9525,2.9535,2.958,2.9595,2.9575,2.9585,9
2026-03-26 10:51:00,2.953,2.953,2.9495,2.9495,2.958,2.958,2.9545,2.9545,6
2026-03-26 10:53:00,2.9505,2.9515,2.9495,2.95,2.9555,2.9565,2.9545,2.955,5
2026-03-26 10:54:00,2.9495,2.9495,2.9495,2.9495,2.9545,2.9545,2.9545,2.9545,1
2026-03-26 10:55:00,2.949,2.949,2.9475,2.948,2.954,2.954,2.9525,2.953,7
2026-03-26 10:56:00,2.9485,2.9485,2.944,2.9445,2.9535,2.9535,2.949,2.9495,17
2026-03-26 10:57:00,2.9435,2.9445,2.9435,2.944,2.9485,2.9495,2.9485,2.949,3
2026-03-26 10:58:00,2.9435,2.9455,2.9435,2.945,2.9485,2.9505,2.9485,2.95,7
2026-03-26 10:59:00,2.9445,2.945,2.9425,2.9445,2.9495,2.95,2.9475,2.9495,14
2026-03-26 11:00:00,2.9435,2.9435,2.94,2.942,2.9485,2.9485,2.945,2.947,13
2026-03-26 11:01:00,2.9415,2.9415,2.9395,2.9415,2.9465,2.9465,2.9445,2.9465,11
2026-03-26 11:02:00,2.942,2.9435,2.94,2.94,2.947,2.9485,2.945,2.945,13
2026-03-26 11:03:00,2.9395,2.942,2.939,2.9415,2.9445,2.947,2.944,2.9465,6
2026-03-26 11:04:00,2.941,2.941,2.9375,2.938,2.946,2.946,2.9425,2.943,11
2026-03-26 11:05:00,2.9375,2.9375,2.9305,2.9305,2.9425,2.9425,2.9355,2.9355,14
2026-03-26 11:06:00,2.9295,2.9305,2.925,2.925,2.9345,2.9355,2.93,2.93,33
2026-03-26 11:07:00,2.9245,2.9245,2.9225,2.923,2.9295,2.9295,2.9275,2.928,14
2026-03-26 11:08:00,2.9225,2.923,2.922,2.922,2.9275,2.928,2.927,2.927,5
2026-03-26 11:09:00,2.9215,2.922,2.921,2.922,2.9265,2.927,2.926,2.927,6
2026-03-26 11:10:00,2.9215,2.924,2.9205,2.9235,2.9265,2.929,2.9255,2.9285,13
2026-03-26 11:11:00,2.922,2.9225,2.922,2.922,2.927,2.9275,2.927,2.927,3
2026-03-26 11:12:00,2.9215,2.922,2.921,2.9215,2.9265,2.927,2.926,2.9265,7
2026-03-26 11:13:00,2.921,2.921,2.9205,2.9205,2.926,2.926,2.9255,2.9255,4
2026-03-26 11:14:00,2.92,2.92,2.917,2.919,2.925,2.925,2.922,2.924,17
2026-03-26 11:15:00,2.9185,2.9195,2.9175,2.918,2.9235,2.9245,2.9225,2.923,17
2026-03-26 11:16:00,2.9175,2.9195,2.9175,2.9185,2.9225,2.9245,2.9225,2.9235,9
2026-03-26 11:17:00,2.9195,2.92,2.914,2.914,2.9245,2.925,2.919,2.919,11
2026-03-26 11:18:00,2.9145,2.9145,2.9115,2.9125,2.9195,2.9195,2.9165,2.9175,11
2026-03-26 11:19:00,2.912,2.912,2.911,2.911,2.917,2.917,2.916,2.916,3
2026-03-26 11:20:00,2.9125,2.9145,2.911,2.9115,2.9175,2.9195,2.916,2.9165,20
2026-03-26 11:21:00,2.9125,2.9125,2.9105,2.9105,2.9175,2.9175,2.9155,2.9155,8
2026-03-26 11:22:00,2.9095,2.9115,2.9095,2.9105,2.9145,2.9165,2.9145,2.9155,7
2026-03-26 11:23:00,2.91,2.9105,2.9095,2.9095,2.915,2.9155,2.9145,2.9145,4
2026-03-26 11:24:00,2.9085,2.9095,2.9015,2.9015,2.9135,2.9145,2.9065,2.9065,24
2026-03-26 11:25:00,2.901,2.9015,2.8995,2.8995,2.906,2.9065,2.9045,2.9045,18
2026-03-26 11:26:00,2.9005,2.9025,2.8985,2.9005,2.9055,2.9075,2.9035,2.9055,23
2026-03-26 11:27:00,2.9,2.9025,2.9,2.9025,2.905,2.9075,2.905,2.9075,12
2026-03-26 11:28:00,2.902,2.9025,2.9005,2.902,2.907,2.9075,2.9055,2.907,12
2026-03-26 11:29:00,2.9025,2.903,2.9025,2.903,2.9075,2.908,2.9075,2.908,2
2026-03-26 11:30:00,2.9035,2.9035,2.9005,2.9025,2.9085,2.9085,2.9055,2.9075,14
2026-03-26 11:31:00,2.903,2.903,2.9015,2.9025,2.908,2.908,2.9065,2.9075,10
2026-03-26 11:32:00,2.903,2.905,2.9025,2.9025,2.908,2.91,2.9075,2.9075,13
2026-03-26 11:33:00,2.9035,2.9035,2.901,2.901,2.9085,2.9085,2.906,2.906,6
2026-03-26 11:34:00,2.8995,2.9015,2.8985,2.9015,2.9045,2.9065,2.9035,2.9065,11
2026-03-26 11:35:00,2.9025,2.9065,2.9025,2.9055,2.9075,2.9115,2.9075,2.9105,14
2026-03-26 11:36:00,2.9065,2.9065,2.903,2.9035,2.9115,2.9115,2.908,2.9085,11
2026-03-26 11:37:00,2.903,2.9035,2.9025,2.9035,2.908,2.9085,2.9075,2.9085,3
2026-03-26 11:38:00,2.903,2.906,2.903,2.9055,2.908,2.911,2.908,2.9105,8
2026-03-26 11:39:00,2.9065,2.913,2.9065,2.9115,2.9115,2.918,2.9115,2.9165,21
2026-03-26 11:40:00,2.911,2.9125,2.9075,2.9105,2.916,2.9175,2.9125,2.9155,21
2026-03-26 11:41:00,2.911,2.9115,2.9095,2.9095,2.916,2.9165,2.9145,2.9145,7
2026-03-26 11:42:00,2.909,2.912,2.909,2.91,2.914,2.917,2.914,2.915,14
2026-03-26 11:43:00,2.9105,2.9115,2.909,2.909,2.9155,2.9165,2.914,2.914,7
2026-03-26 11:44:00,2.9085,2.9085,2.904,2.906,2.9135,2.9135,2.909,2.911,10
2026-03-26 11:45:00,2.9065,2.9105,2.9065,2.9095,2.9115,2.9155,2.9115,2.9145,9
2026-03-26 11:46:00,2.91,2.9145,2.91,2.914,2.915,2.9195,2.915,2.919,9
2026-03-26 11:47:00,2.9135,2.915,2.912,2.915,2.9185,2.92,2.917,2.92,13
2026-03-26 11:48:00,2.9145,2.9145,2.911,2.912,2.9195,2.9195,2.916,2.917,16
2026-03-26 11:49:00,2.9135,2.9135,2.9075,2.909,2.9185,2.9185,2.9125,2.914,20
2026-03-26 11:50:00,2.9095,2.911,2.9085,2.9105,2.9145,2.916,2.9135,2.9155,13
2026-03-26 11:51:00,2.91,2.9115,2.909,2.909,2.915,2.9165,2.914,2.914,10
2026-03-26 11:52:00,2.9085,2.9105,2.908,2.9095,2.9135,2.9155,2.913,2.9145,11
2026-03-26 11:53:00,2.91,2.9125,2.9085,2.911,2.915,2.9175,2.9135,2.916,17
2026-03-26 11:54:00,2.9105,2.9105,2.909,2.91,2.9155,2.9155,2.914,2.915,9
2026-03-26 11:55:00,2.9105,2.914,2.9095,2.914,2.9155,2.919,2.9145,2.919,8
2026-03-26 11:56:00,2.9135,2.9145,2.9125,2.9145,2.9185,2.9195,2.9175,2.9195,11
2026-03-26 11:57:00,2.914,2.9145,2.9125,2.9135,2.919,2.9195,2.9175,2.9185,12
2026-03-26 11:58:00,2.9125,2.9125,2.9085,2.9085,2.9175,2.9175,2.9135,2.9135,22
2026-03-26 11:59:00,2.908,2.9095,2.9075,2.908,2.913,2.9145,2.9125,2.913,12
2026-03-26 12:00:00,2.907,2.9145,2.9055,2.914,2.912,2.9195,2.9105,2.919,18
2026-03-26 12:01:00,2.9135,2.9135,2.908,2.9085,2.9185,2.9185,2.913,2.9135,19
2026-03-26 12:02:00,2.909,2.9095,2.9055,2.9065,2.914,2.9145,2.9105,2.9115,15
2026-03-26 12:03:00,2.906,2.907,2.9035,2.9055,2.911,2.912,2.9085,2.9105,19
2026-03-26 12:04:00,2.905,2.9055,2.9035,2.9045,2.91,2.9105,2.9085,2.9095,24
2026-03-26 12:05:00,2.904,2.904,2.899,2.9015,2.909,2.909,2.904,2.9065,14
2026-03-26 12:06:00,2.901,2.9035,2.9005,2.9035,2.906,2.9085,2.9055,2.9085,11
2026-03-26 12:07:00,2.903,2.9045,2.902,2.9035,2.908,2.9095,2.907,2.9085,14
2026-03-26 12:08:00,2.903,2.904,2.9025,2.904,2.908,2.909,2.9075,2.909,14
2026-03-26 12:09:00,2.9045,2.9195,2.9045,2.919,2.9095,2.9245,2.9095,2.924,36
2026-03-26 12:10:00,2.9195,2.9215,2.9175,2.9205,2.9245,2.9265,2.9225,2.9255,20
2026-03-26 12:11:00,2.921,2.921,2.919,2.9195,2.926,2.926,2.924,2.9245,10
2026-03-26 12:12:00,2.9205,2.921,2.92,2.92,2.9255,2.926,2.925,2.925,12
2026-03-26 12:13:00,2.9195,2.9285,2.918,2.928,2.9245,2.9335,2.923,2.933,24
2026-03-26 12:14:00,2.9285,2.9305,2.9265,2.9305,2.9335,2.9355,2.9315,2.9355,22
2026-03-26 12:15:00,2.931,2.931,2.9255,2.9265,2.936,2.936,2.9305,2.9315,20
2026-03-26 12:16:00,2.927,2.9305,2.9265,2.9275,2.932,2.9355,2.9315,2.9325,18
2026-03-26 12:17:00,2.927,2.927,2.921,2.9215,2.932,2.932,2.926,2.9265,15
2026-03-26 12:18:00,2.9225,2.923,2.9215,2.922,2.9275,2.928,2.9265,2.927,8
2026-03-26 12:19:00,2.9215,2.9225,2.9185,2.9225,2.9265,2.9275,2.9235,2.9275,27
2026-03-26 12:20:00,2.9215,2.9245,2.9205,2.9225,2.9265,2.9295,2.9255,2.9275,30
2026-03-26 12:21:00,2.922,2.923,2.9195,2.9225,2.927,2.928,2.9245,2.9275,26
2026-03-26 12:22:00,2.923,2.9265,2.9225,2.926,2.928,2.9315,2.9275,2.931,16
2026-03-26 12:23:00,2.925,2.9255,2.9235,2.924,2.93,2.9305,2.9285,2.929,15
2026-03-26 12:24:00,2.9235,2.9235,2.92,2.922,2.9285,2.9285,2.925,2.927,19
2026-03-26 12:25:00,2.9225,2.924,2.9215,2.924,2.9275,2.929,2.9265,2.929,11
2026-03-26 12:26:00,2.923,2.9275,2.9225,2.927,2.928,2.9325,2.9275,2.932,13
2026-03-26 12:27:00,2.9275,2.9285,2.9255,2.9255,2.9325,2.9335,2.9305,2.9305,18
2026-03-26 12:28:00,2.9245,2.9305,2.923,2.9295,2.9295,2.9355,2.928,2.9345,17
2026-03-26 12:29:00,2.929,2.9355,2.9265,2.931,2.934,2.9405,2.9315,2.936,30
2026-03-26 12:30:00,2.9315,2.932,2.925,2.931,2.9365,2.937,2.93,2.936,58
2026-03-26 12:31:00,2.9305,2.939,2.9285,2.937,2.9355,2.944,2.9335,2.942,53
2026-03-26 12:32:00,2.936,2.936,2.927,2.9305,2.941,2.941,2.932,2.9355,37
2026-03-26 12:33:00,2.931,2.9335,2.9295,2.9315,2.936,2.9385,2.9345,2.9365,37
2026-03-26 12:34:00,2.931,2.933,2.9295,2.932,2.936,2.938,2.9345,2.937,27
2026-03-26 12:35:00,2.9325,2.933,2.928,2.93,2.9375,2.938,2.933,2.935,24
2026-03-26 12:36:00,2.9295,2.931,2.929,2.9305,2.9345,2.936,2.934,2.9355,9
2026-03-26 12:37:00,2.93,2.9325,2.93,2.931,2.935,2.9375,2.935,2.936,14
2026-03-26 12:38:00,2.9315,2.9315,2.93,2.9305,2.9365,2.9365,2.935,2.9355,21
2026-03-26 12:39:00,2.93,2.93,2.928,2.9295,2.935,2.935,2.933,2.9345,17
2026-03-26 12:40:00,2.93,2.9385,2.9295,2.9335,2.935,2.9435,2.9345,2.9385,17
2026-03-26 12:41:00,2.934,2.9375,2.9335,2.936,2.939,2.9425,2.9385,2.941,13
2026-03-26 12:42:00,2.935,2.935,2.9315,2.934,2.94,2.94,2.9365,2.939,13
2026-03-26 12:43:00,2.9335,2.937,2.933,2.9335,2.9385,2.942,2.938,2.9385,15
2026-03-26 12:44:00,2.934,2.937,2.9335,2.9345,2.939,2.942,2.9385,2.9395,13
2026-03-26 12:45:00,2.934,2.9345,2.9305,2.9315,2.939,2.9395,2.9355,2.9365,17
2026-03-26 12:46:00,2.932,2.9375,2.931,2.9375,2.937,2.9425,2.936,2.9425,22
2026-03-26 12:47:00,2.937,2.9395,2.936,2.936,2.942,2.9445,2.941,2.941,18
2026-03-26 12:48:00,2.9365,2.9405,2.9355,2.9405,2.9415,2.9455,2.9405,2.9455,17
2026-03-26 12:49:00,2.9395,2.9425,2.938,2.9415,2.9445,2.9475,2.943,2.9465,21
2026-03-26 12:50:00,2.9405,2.9425,2.94,2.94,2.9455,2.9475,2.945,2.945,24
2026-03-26 12:51:00,2.9405,2.9445,2.9405,2.943,2.9455,2.9495,2.9455,2.948,22
2026-03-26 12:52:00,2.9435,2.9435,2.934,2.9375,2.9485,2.9485,2.939,2.9425,35
2026-03-26 12:53:00,2.937,2.94,2.9345,2.9395,2.942,2.945,2.9395,2.9445,42
2026-03-26 12:54:00,2.9385,2.94,2.9355,2.937,2.9435,2.945,2.9405,2.942,18
2026-03-26 12:55:00,2.9365,2.9365,2.93,2.93,2.9415,2.9415,2.935,2.935,21
2026-03-26 12:56:00,2.9295,2.935,2.9295,2.9335,2.9345,2.94,2.9345,2.9385,18
2026-03-26 12:57:00,2.933,2.9335,2.9315,2.933,2.938,2.9385,2.9365,2.938,11
2026-03-26 12:58:00,2.932,2.935,2.9305,2.932,2.937,2.94,2.9355,2.937,23
2026-03-26 12:59:00,2.9325,2.9335,2.9305,2.9315,2.9375,2.9385,2.9355,2.9365,26
2026-03-26 13:00:00,2.933,2.9455,2.933,2.937,2.938,2.9505,2.938,2.942,64
2026-03-26 13:01:00,2.9375,2.9475,2.9355,2.9465,2.9425,2.9525,2.9405,2.9515,31
2026-03-26 13:02:00,2.9475,2.9475,2.9415,2.9465,2.9525,2.9525,2.9465,2.9515,34
2026-03-26 13:03:00,2.9475,2.9485,2.9415,2.947,2.9525,2.9535,2.9465,2.952,45
2026-03-26 13:04:00,2.9475,2.9475,2.9415,2.9415,2.9525,2.9525,2.9465,2.9465,23
2026-03-26 13:05:00,2.9405,2.9405,2.931,2.9315,2.9455,2.9455,2.936,2.9365,35
2026-03-26 13:06:00,2.931,2.9315,2.924,2.9285,2.936,2.9365,2.929,2.9335,35
2026-03-26 13:07:00,2.929,2.9325,2.9275,2.9305,2.934,2.9375,2.9325,2.9355,34
2026-03-26 13:08:00,2.931,2.9315,2.927,2.9295,2.936,2.9365,2.932,2.9345,38
2026-03-26 13:09:00,2.93,2.93,2.926,2.9265,2.935,2.935,2.931,2.9315,16
2026-03-26 13:10:00,2.927,2.9285,2.9175,2.9185,2.932,2.9335,2.9225,2.9235,49
2026-03-26 13:11:00,2.918,2.92,2.9165,2.917,2.923,2.925,2.9215,2.922,25
2026-03-26 13:12:00,2.918,2.92,2.917,2.9185,2.923,2.925,2.922,2.9235,14
2026-03-26 13:13:00,2.917,2.9215,2.9165,2.9215,2.922,2.9265,2.9215,2.9265,17
2026-03-26 13:14:00,2.921,2.9235,2.9195,2.922,2.926,2.9285,2.9245,2.927,27
2026-03-26 13:15:00,2.9215,2.9245,2.921,2.924,2.9265,2.9295,2.926,2.929,13
2026-03-26 13:16:00,2.9235,2.925,2.923,2.923,2.9285,2.93,2.928,2.928,12
2026-03-26 13:17:00,2.9235,2.9235,2.9205,2.922,2.9285,2.9285,2.9255,2.927,28
2026-03-26 13:18:00,2.9225,2.924,2.9215,2.9215,2.9275,2.929,2.9265,2.9265,8
2026-03-26 13:19:00,2.9205,2.9235,2.9205,2.9215,2.9255,2.9285,2.9255,2.9265,35
2026-03-26 13:20:00,2.922,2.9255,2.9205,2.922,2.927,2.9305,2.9255,2.927,21
2026-03-26 13:21:00,2.9215,2.925,2.9205,2.923,2.9265,2.93,2.9255,2.928,19
2026-03-26 13:22:00,2.9235,2.9245,2.92,2.9215,2.9285,2.9295,2.925,2.9265,53
2026-03-26 13:23:00,2.921,2.9225,2.92,2.9225,2.926,2.9275,2.925,2.9275,38
2026-03-26 13:24:00,2.9215,2.9225,2.9195,2.9215,2.9265,2.9275,2.9245,2.9265,36
2026-03-26 13:25:00,2.921,2.9215,2.919,2.9215,2.926,2.9265,2.924,2.9265,71
2026-03-26 13:26:00,2.921,2.9225,2.92,2.9215,2.926,2.9275,2.925,2.9265,26
2026-03-26 13:27:00,2.921,2.9215,2.9125,2.9135,2.926,2.9265,2.9175,2.9185,34
2026-03-26 13:28:00,2.9145,2.9195,2.9145,2.917,2.9195,2.9245,2.9195,2.922,22
2026-03-26 13:29:00,2.9175,2.9185,2.9155,2.9155,2.9225,2.9235,2.9205,2.9205,19
2026-03-26 13:30:00,2.9165,2.9265,2.9165,2.9255,2.9215,2.9315,2.9215,2.9305,30
2026-03-26 13:31:00,2.9265,2.9265,2.921,2.9225,2.9315,2.9315,2.926,2.9275,34
2026-03-26 13:32:00,2.922,2.922,2.9175,2.9195,2.927,2.927,2.9225,2.9245,22
2026-03-26 13:33:00,2.92,2.92,2.917,2.9195,2.925,2.925,2.922,2.9245,9
2026-03-26 13:34:00,2.92,2.925,2.9195,2.924,2.925,2.93,2.9245,2.929,20
2026-03-26 13:35:00,2.9245,2.9285,2.9215,2.9285,2.9295,2.9335,2.9265,2.9335,29
2026-03-26 13:36:00,2.928,2.9335,2.9275,2.9305,2.933,2.9385,2.9325,2.9355,32
2026-03-26 13:37:00,2.931,2.9375,2.931,2.9375,2.936,2.9425,2.936,2.9425,26
2026-03-26 13:38:00,2.937,2.9375,2.9335,2.9345,2.942,2.9425,2.9385,2.9395,18
2026-03-26 13:39:00,2.935,2.935,2.9315,2.935,2.94,2.94,2.9365,2.94,22
2026-03-26 13:40:00,2.9345,2.94,2.9335,2.94,2.9395,2.945,2.9385,2.945,35
2026-03-26 13:41:00,2.939,2.9495,2.939,2.945,2.944,2.9545,2.944,2.95,55
2026-03-26 13:42:00,2.9445,2.9485,2.9425,2.9475,2.9495,2.9535,2.9475,2.9525,46
2026-03-26 13:43:00,2.9485,2.9505,2.9475,2.9485,2.9535,2.9555,2.9525,2.9535,34
2026-03-26 13:44:00,2.948,2.9485,2.9465,2.9465,2.953,2.9535,2.9515,2.9515,20
2026-03-26 13:45:00,2.946,2.946,2.9435,2.9445,2.951,2.951,2.9485,2.9495,17
2026-03-26 13:46:00,2.944,2.946,2.9425,2.9435,2.949,2.951,2.9475,2.9485,33
2026-03-26 13:47:00,2.943,2.9435,2.941,2.9425,2.948,2.9485,2.946,2.9475,18
2026-03-26 13:48:00,2.943,2.944,2.9405,2.9425,2.948,2.949,2.9455,2.9475,23
2026-03-26 13:49:00,2.943,2.9455,2.943,2.9435,2.948,2.9505,2.948,2.9485,15
2026-03-26 13:50:00,2.944,2.9495,2.944,2.9475,2.949,2.9545,2.949,2.9525,38
2026-03-26 13:51:00,2.9465,2.951,2.9455,2.9505,2.9515,2.956,2.9505,2.9555,36
2026-03-26 13:52:00,2.9495,2.9525,2.9475,2.9505,2.9545,2.9575,2.9525,2.9555,26
2026-03-26 13:53:00,2.9525,2.9525,2.9495,2.9495,2.9575,2.9575,2.9545,2.9545,20
2026-03-26 13:54:00,2.9485,2.9505,2.9465,2.9495,2.9535,2.9555,2.9515,2.9545,19
2026-03-26 13:55:00,2.95,2.95,2.946,2.946,2.955,2.955,2.951,2.951,27
2026-03-26 13:56:00,2.9465,2.952,2.9445,2.9515,2.9515,2.957,2.9495,2.9565,26
2026-03-26 13:57:00,2.9525,2.956,2.9515,2.955,2.9575,2.961,2.9565,2.96,22
2026-03-26 13:58:00,2.9545,2.9575,2.9495,2.9495,2.9595,2.9625,2.9545,2.9545,31
2026-03-26 13:59:00,2.95,2.9535,2.95,2.9525,2.955,2.9585,2.955,2.9575,15
2026-03-26 14:00:00,2.953,2.9535,2.9445,2.9535,2.958,2.9585,2.9495,2.9585,88
2026-03-26 14:01:00,2.953,2.955,2.9465,2.9475,2.958,2.96,2.9515,2.9525,57
2026-03-26 14:02:00,2.9465,2.948,2.9385,2.9435,2.9515,2.953,2.9435,2.9485,72
2026-03-26 14:03:00,2.943,2.9515,2.943,2.9455,2.948,2.9565,2.948,2.9505,62
2026-03-26 14:04:00,2.945,2.9465,2.9405,2.9405,2.95,2.9515,2.9455,2.9455,23
2026-03-26 14:05:00,2.94,2.946,2.9395,2.9425,2.945,2.951,2.9445,2.9475,34
2026-03-26 14:06:00,2.9415,2.9425,2.9395,2.94,2.9465,2.9475,2.9445,2.945,23
2026-03-26 14:07:00,2.9395,2.9465,2.9365,2.9455,2.9445,2.9515,2.9415,2.9505,43
2026-03-26 14:08:00,2.9445,2.9495,2.9445,2.949,2.9495,2.9545,2.9495,2.954,34
2026-03-26 14:09:00,2.9485,2.9585,2.9485,2.9535,2.9535,2.9635,2.9535,2.9585,58
2026-03-26 14:10:00,2.953,2.956,2.9495,2.956,2.958,2.961,2.9545,2.961,32
2026-03-26 14:11:00,2.9555,2.9555,2.9505,2.952,2.9605,2.9605,2.9555,2.957,31
2026-03-26 14:12:00,2.953,2.9565,2.952,2.952,2.958,2.9615,2.957,2.957,27
2026-03-26 14:13:00,2.9525,2.9525,2.943,2.943,2.9575,2.9575,2.948,2.948,49
2026-03-26 14:14:00,2.9435,2.9495,2.9405,2.9495,2.9485,2.9545,2.9455,2.9545,50
2026-03-26 14:15:00,2.9485,2.9515,2.9455,2.946,2.9535,2.9565,2.9505,2.951,47
2026-03-26 14:16:00,2.9465,2.9465,2.943,2.946,2.9515,2.9515,2.948,2.951,12
2026-03-26 14:17:00,2.9465,2.947,2.9435,2.9445,2.9515,2.952,2.9485,2.9495,18
2026-03-26 14:18:00,2.944,2.9505,2.944,2.95,2.949,2.9555,2.949,2.955,24
2026-03-26 14:19:00,2.9505,2.952,2.9495,2.9495,2.9555,2.957,2.9545,2.9545,13
2026-03-26 14:20:00,2.9485,2.9505,2.9465,2.9465,2.9535,2.9555,2.9515,2.9515,18
2026-03-26 14:21:00,2.946,2.9505,2.9445,2.9505,2.951,2.9555,2.9495,2.9555,23
2026-03-26 14:22:00,2.951,2.951,2.9475,2.9485,2.956,2.956,2.9525,2.9535,18
2026-03-26 14:23:00,2.949,2.9505,2.9485,2.949,2.954,2.9555,2.9535,2.954,14
2026-03-26 14:24:00,2.9485,2.952,2.9465,2.9515,2.9535,2.957,2.9515,2.9565,42
2026-03-26 14:25:00,2.951,2.9525,2.9465,2.9485,2.956,2.9575,2.9515,2.9535,31
2026-03-26 14:26:00,2.9475,2.9495,2.9475,2.9485,2.9525,2.9545,2.9525,2.9535,15
2026-03-26 14:27:00,2.9475,2.9505,2.9475,2.9485,2.9525,2.9555,2.9525,2.9535,18
2026-03-26 14:28:00,2.948,2.9485,2.9475,2.9485,2.953,2.9535,2.9525,2.9535,9
2026-03-26 14:29:00,2.948,2.9505,2.943,2.9475,2.953,2.9555,2.948,2.9525,49
2026-03-26 14:30:00,2.948,2.9505,2.9395,2.9485,2.953,2.9555,2.9445,2.9535,56
2026-03-26 14:31:00,2.948,2.9505,2.947,2.9495,2.953,2.9555,2.952,2.9545,28
2026-03-26 14:32:00,2.95,2.9505,2.9395,2.9435,2.955,2.9555,2.9445,2.9485,43
2026-03-26 14:33:00,2.9445,2.947,2.941,2.946,2.9495,2.952,2.946,2.951,22
2026-03-26 14:34:00,2.9465,2.9485,2.944,2.944,2.9515,2.9535,2.949,2.949,29
2026-03-26 14:35:00,2.9435,2.9495,2.9415,2.9495,2.9485,2.9545,2.9465,2.9545,29
2026-03-26 14:36:00,2.949,2.9505,2.9465,2.9485,2.954,2.9555,2.9515,2.9535,34
2026-03-26 14:37:00,2.9475,2.9485,2.9455,2.9455,2.9525,2.9535,2.9505,2.9505,18
2026-03-26 14:38:00,2.945,2.9465,2.9415,2.946,2.95,2.9515,2.9465,2.951,20
2026-03-26 14:39:00,2.9455,2.946,2.94,2.943,2.9505,2.951,2.945,2.948,38
2026-03-26 14:40:00,2.9435,2.949,2.943,2.949,2.9485,2.954,2.948,2.954,44
2026-03-26 14:41:00,2.9495,2.9555,2.948,2.9525,2.9545,2.9605,2.953,2.9575,48
2026-03-26 14:42:00,2.9515,2.9535,2.9505,2.9515,2.9565,2.9585,2.9555,2.9565,20
2026-03-26 14:43:00,2.952,2.952,2.9475,2.9495,2.957,2.957,2.9525,2.9545,27
2026-03-26 14:44:00,2.95,2.9515,2.9465,2.9475,2.955,2.9565,2.9515,2.9525,28
2026-03-26 14:45:00,2.9465,2.9525,2.9465,2.949,2.9515,2.9575,2.9515,2.954,26
2026-03-26 14:46:00,2.9475,2.9475,2.9445,2.947,2.9525,2.9525,2.9495,2.952,29
2026-03-26 14:47:00,2.9475,2.9475,2.9425,2.9435,2.9525,2.9525,2.9475,2.9485,38
2026-03-26 14:48:00,2.9445,2.9455,2.9375,2.9425,2.9495,2.9505,2.9425,2.9475,37
2026-03-26 14:49:00,2.9415,2.9425,2.9395,2.9415,2.9465,2.9475,2.9445,2.9465,23
2026-03-26 14:50:00,2.942,2.9425,2.9385,2.9405,2.947,2.9475,2.9435,2.9455,33
2026-03-26 14:51:00,2.9395,2.9405,2.9365,2.9375,2.9445,2.9455,2.9415,2.9425,36
2026-03-26 14:52:00,2.9385,2.9385,2.93,2.9355,2.9435,2.9435,2.935,2.9405,47
2026-03-26 14:53:00,2.935,2.937,2.9315,2.9315,2.94,2.942,2.9365,2.9365,38
2026-03-26 14:54:00,2.931,2.9345,2.9295,2.9335,2.936,2.9395,2.9345,2.9385,26
2026-03-26 14:55:00,2.933,2.936,2.933,2.935,2.938,2.941,2.938,2.94,19
2026-03-26 14:56:00,2.936,2.9395,2.935,2.9385,2.941,2.9445,2.94,2.9435,29
2026-03-26 14:57:00,2.938,2.944,2.9375,2.9425,2.943,2.949,2.9425,2.9475,39
2026-03-26 14:58:00,2.942,2.9495,2.941,2.9475,2.947,2.9545,2.946,2.9525,37
2026-03-26 14:59:00,2.947,2.9485,2.9415,2.9415,2.952,2.9535,2.9465,2.9465,78
2026-03-26 15:00:00,2.9425,2.9465,2.9405,2.946,2.9475,2.9515,2.9455,2.951,50
2026-03-26 15:01:00,2.9455,2.9465,2.933,2.9365,2.9505,2.9515,2.938,2.9415,53
2026-03-26 15:02:00,2.9355,2.9365,2.933,2.9335,2.9405,2.9415,2.938,2.9385,28
2026-03-26 15:03:00,2.934,2.934,2.9265,2.9275,2.939,2.939,2.9315,2.9325,45
2026-03-26 15:04:00,2.927,2.9305,2.9245,2.9295,2.932,2.9355,2.9295,2.9345,55
2026-03-26 15:05:00,2.929,2.933,2.928,2.9295,2.934,2.938,2.933,2.9345,25
2026-03-26 15:06:00,2.9305,2.9365,2.9285,2.936,2.9355,2.9415,2.9335,2.941,32
2026-03-26 15:07:00,2.9355,2.9415,2.935,2.9415,2.9405,2.9465,2.94,2.9465,24
2026-03-26 15:08:00,2.941,2.942,2.9385,2.94,2.946,2.947,2.9435,2.945,16
2026-03-26 15:09:00,2.9405,2.9405,2.9375,2.9375,2.9455,2.9455,2.9425,2.9425,10
2026-03-26 15:10:00,2.938,2.9385,2.9355,2.9365,2.943,2.9435,2.9405,2.9415,21
2026-03-26 15:11:00,2.937,2.9375,2.9345,2.9375,2.942,2.9425,2.9395,2.9425,22
2026-03-26 15:12:00,2.9365,2.9365,2.9305,2.9305,2.9415,2.9415,2.9355,2.9355,25
2026-03-26 15:13:00,2.9315,2.9345,2.927,2.9275,2.9365,2.9395,2.932,2.9325,29
2026-03-26 15:14:00,2.928,2.932,2.9275,2.9305,2.933,2.937,2.9325,2.9355,23
2026-03-26 15:15:00,2.93,2.9355,2.93,2.933,2.935,2.9405,2.935,2.938,47
2026-03-26 15:16:00,2.9325,2.933,2.927,2.9305,2.9375,2.938,2.932,2.9355,46
2026-03-26 15:17:00,2.931,2.9345,2.9305,2.932,2.936,2.9395,2.9355,2.937,22
2026-03-26 15:18:00,2.9315,2.9325,2.9295,2.93,2.9365,2.9375,2.9345,2.935,19
2026-03-26 15:19:00,2.9305,2.9375,2.9305,2.937,2.9355,2.9425,2.9355,2.942,22
2026-03-26 15:20:00,2.9365,2.9385,2.9355,2.9375,2.9415,2.9435,2.9405,2.9425,17
2026-03-26 15:21:00,2.9385,2.9425,2.9385,2.9405,2.9435,2.9475,2.9435,2.9455,20
2026-03-26 15:22:00,2.94,2.944,2.94,2.9415,2.945,2.949,2.945,2.9465,28
2026-03-26 15:23:00,2.9425,2.9455,2.9405,2.944,2.9475,2.9505,2.9455,2.949,48
2026-03-26 15:24:00,2.945,2.949,2.9435,2.949,2.95,2.954,2.9485,2.954,31
2026-03-26 15:25:00,2.9495,2.9495,2.9455,2.9455,2.9545,2.9545,2.9505,2.9505,27
2026-03-26 15:26:00,2.9445,2.9475,2.9425,2.9435,2.9495,2.9525,2.9475,2.9485,26
2026-03-26 15:27:00,2.943,2.9485,2.943,2.9475,2.948,2.9535,2.948,2.9525,30
2026-03-26 15:28:00,2.9465,2.9475,2.9415,2.9415,2.9515,2.9525,2.9465,2.9465,20
2026-03-26 15:29:00,2.942,2.9455,2.941,2.9425,2.947,2.9505,2.946,2.9475,35
2026-03-26 15:30:00,2.9395,2.968,2.9395,2.9505,2.9445,2.973,2.9445,2.9555,214
2026-03-26 15:31:00,2.95,2.9505,2.941,2.9425,2.955,2.9555,2.946,2.9475,89
2026-03-26 15:32:00,2.9415,2.9505,2.9395,2.9415,2.9465,2.9555,2.9445,2.9465,86
2026-03-26 15:33:00,2.9405,2.9415,2.932,2.9345,2.9455,2.9465,2.937,2.9395,81
2026-03-26 15:34:00,2.934,2.9375,2.933,2.9345,2.939,2.9425,2.938,2.9395,73
2026-03-26 15:35:00,2.9355,2.9415,2.9355,2.9395,2.9405,2.9465,2.9405,2.9445,49
2026-03-26 15:36:00,2.939,2.9485,2.9365,2.9465,2.944,2.9535,2.9415,2.9515,70
2026-03-26 15:37:00,2.9475,2.9555,2.9475,2.9545,2.9525,2.9605,2.9525,2.9595,58
2026-03-26 15:38:00,2.955,2.9635,2.9545,2.9605,2.96,2.9685,2.9595,2.9655,73
2026-03-26 15:39:00,2.9595,2.9605,2.954,2.9565,2.9645,2.9655,2.959,2.9615,33
2026-03-26 15:40:00,2.956,2.9595,2.9515,2.959,2.961,2.9645,2.9565,2.964,58
2026-03-26 15:41:00,2.96,2.9735,2.9595,2.969,2.965,2.9785,2.9645,2.974,118
2026-03-26 15:42:00,2.9685,2.974,2.9685,2.974,2.9735,2.979,2.9735,2.979,48
2026-03-26 15:43:00,2.9735,2.9795,2.9705,2.979,2.9785,2.9845,2.9755,2.984,77
2026-03-26 15:44:00,2.9795,2.981,2.975,2.975,2.9845,2.986,2.98,2.98,30
2026-03-26 15:45:00,2.9735,2.9755,2.9715,2.9725,2.9785,2.9805,2.9765,2.9775,44
2026-03-26 15:46:00,2.973,2.981,2.973,2.979,2.978,2.986,2.978,2.984,44
2026-03-26 15:47:00,2.9805,2.9805,2.9705,2.9765,2.9855,2.9855,2.9755,2.9815,48
2026-03-26 15:48:00,2.9745,2.9775,2.9685,2.9715,2.9795,2.9825,2.9735,2.9765,55
2026-03-26 15:49:00,2.972,2.9775,2.972,2.9765,2.977,2.9825,2.977,2.9815,34
2026-03-26 15:50:00,2.9775,2.9795,2.9745,2.9765,2.9825,2.9845,2.9795,2.9815,46
2026-03-26 15:51:00,2.976,2.9775,2.9725,2.9735,2.981,2.9825,2.9775,2.9785,46
2026-03-26 15:52:00,2.975,2.9775,2.9725,2.9735,2.98,2.9825,2.9775,2.9785,33
2026-03-26 15:53:00,2.9725,2.976,2.9725,2.976,2.9775,2.981,2.9775,2.981,35
2026-03-26 15:54:00,2.977,2.977,2.974,2.974,2.982,2.982,2.979,2.979,17
2026-03-26 15:55:00,2.9745,2.9815,2.9735,2.975,2.9795,2.9865,2.9785,2.98,44
2026-03-26 15:56:00,2.9755,2.9805,2.975,2.9785,2.9805,2.9855,2.98,2.9835,25
2026-03-26 15:57:00,2.9835,2.9855,2.9815,2.985,2.9885,2.9905,2.9865,2.99,41
2026-03-26 15:58:00,2.9845,2.9875,2.9805,2.981,2.9895,2.9925,2.9855,2.986,54
2026-03-26 15:59:00,2.9805,2.9825,2.9795,2.9795,2.9855,2.9875,2.9845,2.9845,50
2026-03-26 16:00:00,2.979,2.979,2.9745,2.978,2.984,2.984,2.9795,2.983,32
2026-03-26 16:01:00,2.9785,2.9795,2.9685,2.9765,2.9835,2.9845,2.9735,2.9815,62
2026-03-26 16:02:00,2.9775,2.9775,2.969,2.9705,2.9825,2.9825,2.974,2.9755,49
2026-03-26 16:03:00,2.971,2.9715,2.9685,2.971,2.976,2.9765,2.9735,2.976,41
2026-03-26 16:04:00,2.9715,2.9775,2.971,2.9775,2.9765,2.9825,2.976,2.9825,45
2026-03-26 16:05:00,2.978,2.978,2.9725,2.9735,2.983,2.983,2.9775,2.9785,45
2026-03-26 16:06:00,2.974,2.975,2.9695,2.9705,2.979,2.98,2.9745,2.9755,39
2026-03-26 16:07:00,2.971,2.9765,2.971,2.9755,2.976,2.9815,2.976,2.9805,13
2026-03-26 16:08:00,2.975,2.978,2.9745,2.9775,2.98,2.983,2.9795,2.9825,10
2026-03-26 16:09:00,2.9785,2.9805,2.9785,2.9785,2.9835,2.9855,2.9835,2.9835,23
2026-03-26 16:10:00,2.9795,2.9825,2.9785,2.9795,2.9845,2.9875,2.9835,2.9845,16
2026-03-26 16:11:00,2.979,2.9795,2.9755,2.9785,2.984,2.9845,2.9805,2.9835,21
2026-03-26 16:12:00,2.978,2.9795,2.9765,2.9795,2.983,2.9845,2.9815,2.9845,18
2026-03-26 16:13:00,2.979,2.979,2.9775,2.9785,2.984,2.984,2.9825,2.9835,9
2026-03-26 16:14:00,2.979,2.9805,2.9785,2.9805,2.984,2.9855,2.9835,2.9855,23
2026-03-26 16:15:00,2.981,2.9815,2.978,2.978,2.986,2.9865,2.983,2.983,12
2026-03-26 16:16:00,2.9775,2.9815,2.9775,2.9805,2.9825,2.9865,2.9825,2.9855,19
2026-03-26 16:17:00,2.9815,2.9855,2.9805,2.9845,2.9865,2.9905,2.9855,2.9895,35
2026-03-26 16:18:00,2.984,2.9895,2.9825,2.9865,2.989,2.9945,2.9875,2.9915,44
2026-03-26 16:19:00,2.9875,2.9885,2.9855,2.9885,2.9925,2.9935,2.9905,2.9935,41
2026-03-26 16:20:00,2.9895,2.9925,2.9855,2.9865,2.9945,2.9975,2.9905,2.9915,27
2026-03-26 16:21:00,2.9875,2.9895,2.9845,2.9895,2.9925,2.9945,2.9895,2.9945,40
2026-03-26 16:22:00,2.989,2.989,2.9875,2.9885,2.994,2.994,2.9925,2.9935,12
2026-03-26 16:23:00,2.9895,2.9925,2.9885,2.9895,2.9945,2.9975,2.9935,2.9945,17
2026-03-26 16:24:00,2.9905,2.9915,2.9875,2.989,2.9955,2.9965,2.9925,2.994,25
2026-03-26 16:25:00,2.9885,2.9905,2.9875,2.9875,2.9935,2.9955,2.9925,2.9925,26
2026-03-26 16:26:00,2.988,2.9905,2.988,2.9885,2.993,2.9955,2.993,2.9935,12
2026-03-26 16:27:00,2.989,2.991,2.989,2.9895,2.994,2.996,2.994,2.9945,11
2026-03-26 16:28:00,2.99,2.9905,2.9895,2.99,2.995,2.9955,2.9945,2.995,19
2026-03-26 16:29:00,2.9895,2.9895,2.9855,2.987,2.9945,2.9945,2.9905,2.992,27
2026-03-26 16:30:00,2.988,2.9885,2.9865,2.9875,2.993,2.9935,2.9915,2.9925,12
2026-03-26 16:31:00,2.9865,2.991,2.9865,2.991,2.9915,2.996,2.9915,2.996,11
2026-03-26 16:32:00,2.9915,2.9915,2.9895,2.9905,2.9965,2.9965,2.9945,2.9955,8
2026-03-26 16:33:00,2.9915,2.9915,2.9885,2.9885,2.9965,2.9965,2.9935,2.9935,9
2026-03-26 16:34:00,2.988,2.9905,2.9875,2.9905,2.993,2.9955,2.9925,2.9955,26
2026-03-26 16:35:00,2.99,2.9905,2.9885,2.9895,2.995,2.9955,2.9935,2.9945,18
2026-03-26 16:36:00,2.9885,2.9905,2.9875,2.989,2.9935,2.9955,2.9925,2.994,28
2026-03-26 16:37:00,2.9895,2.992,2.9895,2.9905,2.9945,2.997,2.9945,2.9955,17
2026-03-26 16:38:00,2.99,2.99,2.9875,2.988,2.995,2.995,2.9925,2.993,12
2026-03-26 16:39:00,2.9885,2.9885,2.9865,2.9885,2.9935,2.9935,2.9915,2.9935,65
2026-03-26 16:40:00,2.988,2.9895,2.9875,2.9895,2.993,2.9945,2.9925,2.9945,13
2026-03-26 16:41:00,2.99,2.991,2.9895,2.9905,2.995,2.996,2.9945,2.9955,24
2026-03-26 16:42:00,2.991,2.9945,2.991,2.9925,2.996,2.9995,2.996,2.9975,20
2026-03-26 16:43:00,2.992,2.9955,2.9915,2.9945,2.997,3.0005,2.9965,2.9995,12
2026-03-26 16:44:00,2.994,2.9985,2.9925,2.9975,2.999,3.0035,2.9975,3.0025,30
2026-03-26 16:45:00,2.9985,3.0005,2.9935,2.9935,3.0035,3.0055,2.9985,2.9985,32
2026-03-26 16:46:00,2.994,2.995,2.9915,2.9915,2.999,3.0,2.9965,2.9965,32
2026-03-26 16:47:00,2.991,2.991,2.9855,2.9895,2.996,2.996,2.9905,2.9945,57
2026-03-26 16:48:00,2.99,2.9905,2.9855,2.986,2.995,2.9955,2.9905,2.991,19
2026-03-26 16:49:00,2.9865,2.9875,2.9855,2.987,2.9915,2.9925,2.9905,2.992,18
2026-03-26 16:50:00,2.9875,2.9895,2.9855,2.987,2.9925,2.9945,2.9905,2.992,21
2026-03-26 16:51:00,2.9865,2.9885,2.986,2.9875,2.9915,2.9935,2.991,2.9925,17
2026-03-26 16:52:00,2.987,2.9905,2.987,2.9895,2.992,2.9955,2.992,2.9945,21
2026-03-26 16:53:00,2.99,2.993,2.9895,2.9925,2.995,2.998,2.9945,2.9975,23
2026-03-26 16:54:00,2.9915,2.9945,2.9915,2.994,2.9965,2.9995,2.9965,2.999,18
2026-03-26 16:55:00,2.9935,2.9945,2.9925,2.9935,2.9985,2.9995,2.9975,2.9985,24
2026-03-26 16:56:00,2.9925,2.9965,2.9925,2.9945,2.9975,3.0015,2.9975,2.9995,35
2026-03-26 16:57:00,2.995,2.995,2.9905,2.991,3.0,3.0,2.9955,2.996,18
2026-03-26 16:58:00,2.9915,2.9925,2.9895,2.9915,2.9965,2.9975,2.9945,2.9965,11
2026-03-26 16:59:00,2.9925,2.9965,2.992,2.9955,2.9975,3.0015,2.997,3.0005,47
2026-03-26 17:00:00,2.995,2.995,2.9895,2.9895,3.0,3.0,2.9945,2.9945,30
2026-03-26 17:01:00,2.99,2.9905,2.9835,2.984,2.995,2.9955,2.9885,2.989,30
2026-03-26 17:02:00,2.9835,2.9865,2.9835,2.9865,2.9885,2.9915,2.9885,2.9915,22
2026-03-26 17:03:00,2.9855,2.987,2.9855,2.987,2.9905,2.992,2.9905,2.992,14
2026-03-26 17:04:00,2.9875,2.9875,2.9855,2.9855,2.9925,2.9925,2.9905,2.9905,11
2026-03-26 17:05:00,2.9865,2.9875,2.9855,2.9875,2.9915,2.9925,2.9905,2.9925,9
2026-03-26 17:06:00,2.9865,2.989,2.9865,2.9885,2.9915,2.994,2.9915,2.9935,13
2026-03-26 17:07:00,2.989,2.9895,2.9835,2.9835,2.994,2.9945,2.9885,2.9885,13
2026-03-26 17:08:00,2.983,2.9845,2.9825,2.9825,2.988,2.9895,2.9875,2.9875,6
2026-03-26 17:09:00,2.983,2.9835,2.9815,2.9835,2.988,2.9885,2.9865,2.9885,24
2026-03-26 17:10:00,2.9845,2.9865,2.9845,2.9855,2.9895,2.9915,2.9895,2.9905,19
2026-03-26 17:11:00,2.9845,2.9865,2.984,2.9845,2.9895,2.9915,2.989,2.9895,13
2026-03-26 17:12:00,2.984,2.9865,2.9825,2.9845,2.989,2.9915,2.9875,2.9895,19
2026-03-26 17:13:00,2.984,2.984,2.9825,2.9825,2.989,2.989,2.9875,2.9875,3
2026-03-26 17:14:00,2.9835,2.9855,2.9835,2.9855,2.9885,2.9905,2.9885,2.9905,9
2026-03-26 17:15:00,2.986,2.989,2.9855,2.989,2.991,2.994,2.9905,2.994,24
2026-03-26 17:16:00,2.99,2.9915,2.9895,2.9905,2.995,2.9965,2.9945,2.9955,18
2026-03-26 17:17:00,2.9915,2.995,2.9915,2.9915,2.9965,3.0,2.9965,2.9965,20
2026-03-26 17:18:00,2.9925,2.993,2.9915,2.9915,2.9975,2.998,2.9965,2.9965,8
2026-03-26 17:19:00,2.9905,2.9935,2.9905,2.9925,2.9955,2.9985,2.9955,2.9975,16
2026-03-26 17:20:00,2.993,2.9935,2.9915,2.9915,2.998,2.9985,2.9965,2.9965,8
2026-03-26 17:21:00,2.9925,2.9935,2.9905,2.9915,2.9975,2.9985,2.9955,2.9965,31
2026-03-26 17:22:00,2.992,2.9935,2.9915,2.9915,2.997,2.9985,2.9965,2.9965,13
2026-03-26 17:23:00,2.9925,2.9935,2.9915,2.9925,2.9975,2.9985,2.9965,2.9975,14
2026-03-26 17:24:00,2.992,2.9925,2.9905,2.9905,2.997,2.9975,2.9955,2.9955,15
2026-03-26 17:25:00,2.9915,2.9915,2.9885,2.9905,2.9965,2.9965,2.9935,2.9955,37
2026-03-26 17:26:00,2.99,2.99,2.9845,2.9855,2.995,2.995,2.9895,2.9905,31
2026-03-26 17:27:00,2.986,2.9875,2.9845,2.985,2.991,2.9925,2.9895,2.99,31
2026-03-26 17:28:00,2.9845,2.9865,2.9845,2.9855,2.9895,2.9915,2.9895,2.9905,23
2026-03-26 17:29:00,2.985,2.985,2.9805,2.9845,2.99,2.99,2.9855,2.9895,36
2026-03-26 17:30:00,2.985,2.9865,2.9825,2.9845,2.99,2.9915,2.9875,2.9895,39
2026-03-26 17:31:00,2.984,2.9855,2.9825,2.9835,2.989,2.9905,2.9875,2.9885,21
2026-03-26 17:32:00,2.983,2.9835,2.9785,2.9805,2.988,2.9885,2.9835,2.9855,29
2026-03-26 17:33:00,2.981,2.9825,2.9795,2.9825,2.986,2.9875,2.9845,2.9875,20
2026-03-26 17:34:00,2.9815,2.9815,2.9765,2.9805,2.9865,2.9865,2.9815,2.9855,30
2026-03-26 17:35:00,2.981,2.9825,2.9765,2.977,2.986,2.9875,2.9815,2.982,41
2026-03-26 17:36:00,2.9775,2.9775,2.9705,2.971,2.9825,2.9825,2.9755,2.976,55
2026-03-26 17:37:00,2.9715,2.9775,2.9715,2.975,2.9765,2.9825,2.9765,2.98,37
2026-03-26 17:38:00,2.9755,2.9765,2.97,2.97,2.9805,2.9815,2.975,2.975,37
2026-03-26 17:39:00,2.971,2.9745,2.9695,2.9735,2.976,2.9795,2.9745,2.9785,22
2026-03-26 17:40:00,2.9745,2.9755,2.974,2.9755,2.9795,2.9805,2.979,2.9805,13
2026-03-26 17:41:00,2.9745,2.977,2.974,2.9765,2.9795,2.982,2.979,2.9815,13
2026-03-26 17:42:00,2.977,2.9775,2.9735,2.9745,2.982,2.9825,2.9785,2.9795,26
2026-03-26 17:43:00,2.974,2.9745,2.9725,2.9735,2.979,2.9795,2.9775,2.9785,12
2026-03-26 17:44:00,2.9745,2.9745,2.969,2.9695,2.9795,2.9795,2.974,2.9745,19
2026-03-26 17:45:00,2.969,2.9715,2.9685,2.9705,2.974,2.9765,2.9735,2.9755,21
2026-03-26 17:46:00,2.971,2.9745,2.9705,2.9745,2.976,2.9795,2.9755,2.9795,17
2026-03-26 17:47:00,2.975,2.9765,2.9745,2.9765,2.98,2.9815,2.9795,2.9815,17
2026-03-26 17:48:00,2.9755,2.9785,2.9755,2.9775,2.9805,2.9835,2.9805,2.9825,12
2026-03-26 17:49:00,2.978,2.9795,2.978,2.9795,2.983,2.9845,2.983,2.9845,5
2026-03-26 17:50:00,2.98,2.9835,2.98,2.983,2.985,2.9885,2.985,2.988,22
2026-03-26 17:51:00,2.9835,2.9845,2.9815,2.9815,2.9885,2.9895,2.9865,2.9865,14
2026-03-26 17:52:00,2.982,2.9835,2.9785,2.9805,2.987,2.9885,2.9835,2.9855,16
2026-03-26 17:53:00,2.981,2.9835,2.98,2.983,2.986,2.9885,2.985,2.988,14
2026-03-26 17:54:00,2.9825,2.9835,2.981,2.9825,2.9875,2.9885,2.986,2.9875,13
2026-03-26 17:55:00,2.982,2.9825,2.9805,2.9805,2.987,2.9875,2.9855,2.9855,16
2026-03-26 17:56:00,2.981,2.9815,2.9785,2.9785,2.986,2.9865,2.9835,2.9835,14
2026-03-26 17:57:00,2.979,2.9795,2.9765,2.9775,2.984,2.9845,2.9815,2.9825,27
2026-03-26 17:58:00,2.977,2.9795,2.9765,2.9765,2.982,2.9845,2.9815,2.9815,16
2026-03-26 17:59:00,2.9775,2.9795,2.9775,2.9785,2.9825,2.9845,2.9825,2.9835,5
2026-03-26 18:00:00,2.978,2.983,2.978,2.9805,2.983,2.988,2.983,2.9855,25
2026-03-26 18:01:00,2.98,2.9825,2.98,2.9825,2.985,2.9875,2.985,2.9875,6
2026-03-26 18:02:00,2.9815,2.9985,2.9815,2.9955,2.9865,3.0035,2.9865,3.0005,123
2026-03-26 18:03:00,2.9945,2.9995,2.9935,2.997,2.9995,3.0045,2.9985,3.002,38
2026-03-26 18:04:00,2.998,3.0035,2.996,3.0005,3.003,3.0085,3.001,3.0055,47
2026-03-26 18:05:00,3.001,3.002,2.9965,2.9965,3.006,3.007,3.0015,3.0015,44
2026-03-26 18:06:00,2.996,2.9965,2.9925,2.994,3.001,3.0015,2.9975,2.999,23
2026-03-26 18:07:00,2.993,2.9955,2.9915,2.9955,2.998,3.0005,2.9965,3.0005,23
2026-03-26 18:08:00,2.9945,2.9955,2.9915,2.9915,2.9995,3.0005,2.9965,2.9965,16
2026-03-26 18:09:00,2.9925,2.9925,2.9885,2.9915,2.9975,2.9975,2.9935,2.9965,26
2026-03-26 18:10:00,2.992,2.9945,2.9905,2.9915,2.997,2.9995,2.9955,2.9965,21
2026-03-26 18:11:00,2.9925,2.9935,2.9915,2.9925,2.9975,2.9985,2.9965,2.9975,10
2026-03-26 18:12:00,2.9915,2.9955,2.9915,2.9945,2.9965,3.0005,2.9965,2.9995,29
2026-03-26 18:13:00,2.995,2.9955,2.9945,2.9945,3.0,3.0005,2.9995,2.9995,14
2026-03-26 18:14:00,2.995,2.9965,2.9945,2.9965,3.0,3.0015,2.9995,3.0015,9
2026-03-26 18:15:00,2.997,2.9985,2.9955,2.9975,3.002,3.0035,3.0005,3.0025,16
2026-03-26 18:16:00,2.9965,2.9965,2.9955,2.9955,3.0015,3.0015,3.0005,3.0005,18
2026-03-26 18:17:00,2.995,2.9955,2.9945,2.9945,3.0,3.0005,2.9995,2.9995,8
2026-03-26 18:18:00,2.9935,2.9935,2.9905,2.9905,2.9985,2.9985,2.9955,2.9955,24
2026-03-26 18:19:00,2.9915,2.9915,2.9765,2.9775,2.9965,2.9965,2.9815,2.9825,85
2026-03-26 18:20:00,2.9765,2.9785,2.9725,2.9745,2.9815,2.9835,2.9775,2.9795,39
2026-03-26 18:21:00,2.9755,2.9755,2.9725,2.975,2.9805,2.9805,2.9775,2.98,23
2026-03-26 18:22:00,2.9755,2.9815,2.9745,2.9805,2.9805,2.9865,2.9795,2.9855,20
2026-03-26 18:23:00,2.9815,2.9815,2.9775,2.9785,2.9865,2.9865,2.9825,2.9835,19
2026-03-26 18:24:00,2.979,2.9805,2.9785,2.9785,2.984,2.9855,2.9835,2.9835,10
2026-03-26 18:25:00,2.9795,2.9815,2.9785,2.9805,2.9845,2.9865,2.9835,2.9855,29
2026-03-26 18:26:00,2.981,2.9835,2.981,2.9825,2.986,2.9885,2.986,2.9875,16
2026-03-26 18:27:00,2.983,2.983,2.9795,2.9795,2.988,2.988,2.9845,2.9845,10
2026-03-26 18:28:00,2.9805,2.9805,2.9765,2.9765,2.9855,2.9855,2.9815,2.9815,8
2026-03-26 18:29:00,2.977,2.9775,2.9745,2.9775,2.982,2.9825,2.9795,2.9825,26
2026-03-26 18:30:00,2.977,2.9795,2.9765,2.9775,2.982,2.9845,2.9815,2.9825,15
2026-03-26 18:31:00,2.978,2.9785,2.9765,2.9775,2.983,2.9835,2.9815,2.9825,17
2026-03-26 18:32:00,2.9785,2.9855,2.9785,2.9835,2.9835,2.9905,2.9835,2.9885,35
2026-03-26 18:33:00,2.984,2.9855,2.982,2.9835,2.989,2.9905,2.987,2.9885,22
2026-03-26 18:34:00,2.983,2.9835,2.9805,2.982,2.988,2.9885,2.9855,2.987,21
2026-03-26 18:35:00,2.9825,2.9865,2.982,2.9835,2.9875,2.9915,2.987,2.9885,23
2026-03-26 18:36:00,2.984,2.9845,2.9815,2.9815,2.989,2.9895,2.9865,2.9865,23
2026-03-26 18:37:00,2.9825,2.9845,2.9815,2.9835,2.9875,2.9895,2.9865,2.9885,28
2026-03-26 18:38:00,2.984,2.9845,2.983,2.9835,2.989,2.9895,2.988,2.9885,11
2026-03-26 18:39:00,2.9845,2.9845,2.9815,2.9825,2.9895,2.9895,2.9865,2.9875,11
2026-03-26 18:40:00,2.9835,2.9855,2.982,2.9855,2.9885,2.9905,2.987,2.9905,27
2026-03-26 18:41:00,2.986,2.9875,2.9835,2.9845,2.991,2.9925,2.9885,2.9895,48
2026-03-26 18:42:00,2.984,2.984,2.9785,2.9805,2.989,2.989,2.9835,2.9855,36
2026-03-26 18:43:00,2.981,2.9815,2.978,2.978,2.986,2.9865,2.983,2.983,28
2026-03-26 18:44:00,2.979,2.9815,2.9775,2.9815,2.984,2.9865,2.9825,2.9865,37
2026-03-26 18:45:00,2.981,2.9855,2.9795,2.9825,2.986,2.9905,2.9845,2.9875,39
2026-03-26 18:46:00,2.9815,2.9815,2.9785,2.9805,2.9865,2.9865,2.9835,2.9855,23
2026-03-26 18:47:00,2.9795,2.9815,2.9795,2.9805,2.9845,2.9865,2.9845,2.9855,13
2026-03-26 18:48:00,2.9785,2.9805,2.9765,2.9795,2.9835,2.9855,2.9815,2.9845,31
2026-03-26 18:49:00,2.979,2.9795,2.9765,2.9785,2.984,2.9845,2.9815,2.9835,30
2026-03-26 18:50:00,2.9795,2.9805,2.9765,2.9775,2.9845,2.9855,2.9815,2.9825,28
2026-03-26 18:51:00,2.978,2.978,2.9725,2.9735,2.983,2.983,2.9775,2.9785,32
2026-03-26 18:52:00,2.9715,2.9735,2.9705,2.9735,2.9765,2.9785,2.9755,2.9785,22
2026-03-26 18:53:00,2.9745,2.9745,2.9725,2.9735,2.9795,2.9795,2.9775,2.9785,28
2026-03-26 18:54:00,2.974,2.975,2.9705,2.9735,2.979,2.98,2.9755,2.9785,29
2026-03-26 18:55:00,2.9725,2.9745,2.972,2.9725,2.9775,2.9795,2.977,2.9775,31
2026-03-26 18:56:00,2.972,2.972,2.9705,2.9715,2.977,2.977,2.9755,2.9765,12
2026-03-26 18:57:00,2.971,2.971,2.9695,2.9705,2.976,2.976,2.9745,2.9755,7
2026-03-26 18:58:00,2.971,2.9725,2.9675,2.9685,2.976,2.9775,2.9725,2.9735,24
2026-03-26 18:59:00,2.968,2.9685,2.9585,2.9595,2.973,2.9735,2.9635,2.9645,32
2026-03-26 19:00:00,2.959,2.9605,2.9555,2.9595,2.964,2.9655,2.9605,2.9645,41
2026-03-26 19:01:00,2.9585,2.9615,2.9575,2.9605,2.9635,2.9665,2.9625,2.9655,44
2026-03-26 19:02:00,2.96,2.9605,2.9575,2.9585,2.965,2.9655,2.9625,2.9635,24
2026-03-26 19:03:00,2.9595,2.9615,2.9595,2.9615,2.9645,2.9665,2.9645,2.9665,16
2026-03-26 19:04:00,2.961,2.9655,2.9605,2.964,2.966,2.9705,2.9655,2.969,26
2026-03-26 19:05:00,2.963,2.963,2.9605,2.9625,2.968,2.968,2.9655,2.9675,16
2026-03-26 19:06:00,2.963,2.9645,2.9615,2.962,2.968,2.9695,2.9665,2.967,16
2026-03-26 19:07:00,2.9625,2.9625,2.9515,2.9515,2.9675,2.9675,2.9565,2.9565,47
2026-03-26 19:08:00,2.952,2.9535,2.9445,2.946,2.957,2.9585,2.9495,2.951,63
2026-03-26 19:09:00,2.9475,2.9505,2.945,2.9455,2.9525,2.9555,2.95,2.9505,50
2026-03-26 19:10:00,2.945,2.9465,2.9435,2.9455,2.95,2.9515,2.9485,2.9505,25
2026-03-26 19:11:00,2.946,2.9485,2.9415,2.9425,2.951,2.9535,2.9465,2.9475,29
2026-03-26 19:12:00,2.942,2.948,2.9415,2.946,2.947,2.953,2.9465,2.951,33
2026-03-26 19:13:00,2.9465,2.9475,2.941,2.9425,2.9515,2.9525,2.946,2.9475,32
2026-03-26 19:14:00,2.942,2.9425,2.941,2.9425,2.947,2.9475,2.946,2.9475,18
2026-03-26 19:15:00,2.9415,2.944,2.9415,2.9435,2.9465,2.949,2.9465,2.9485,11
2026-03-26 19:16:00,2.944,2.9455,2.9435,2.9445,2.949,2.9505,2.9485,2.9495,16
2026-03-26 19:17:00,2.945,2.9455,2.9425,2.9435,2.95,2.9505,2.9475,2.9485,36
2026-03-26 19:18:00,2.9445,2.949,2.943,2.9455,2.9495,2.954,2.948,2.9505,51
2026-03-26 19:19:00,2.9445,2.9505,2.9445,2.9445,2.9495,2.9555,2.9495,2.9495,62
2026-03-26 19:20:00,2.945,2.9485,2.944,2.9445,2.95,2.9535,2.949,2.9495,41
2026-03-26 19:21:00,2.944,2.9475,2.9435,2.9445,2.949,2.9525,2.9485,2.9495,47
2026-03-26 19:22:00,2.944,2.9455,2.9435,2.9445,2.949,2.9505,2.9485,2.9495,11
2026-03-26 19:23:00,2.944,2.9445,2.9405,2.941,2.949,2.9495,2.9455,2.946,21
2026-03-26 19:24:00,2.9415,2.944,2.9405,2.944,2.9465,2.949,2.9455,2.949,31
2026-03-26 19:25:00,2.9435,2.9455,2.9425,2.9455,2.9485,2.9505,2.9475,2.9505,30
2026-03-26 19:26:00,2.945,2.9455,2.942,2.9445,2.95,2.9505,2.947,2.9495,40
2026-03-26 19:27:00,2.944,2.9465,2.9415,2.9435,2.949,2.9515,2.9465,2.9485,48
2026-03-26 19:28:00,2.943,2.9485,2.9415,2.9475,2.948,2.9535,2.9465,2.9525,167
2026-03-26 19:29:00,2.947,2.9485,2.9445,2.9465,2.952,2.9535,2.9495,2.9515,105
2026-03-26 19:30:00,2.947,2.9475,2.9425,2.9465,2.952,2.9525,2.9475,2.9515,65
2026-03-26 19:31:00,2.9455,2.9465,2.9415,2.9425,2.9505,2.9515,2.9465,2.9475,59
2026-03-26 19:32:00,2.942,2.9475,2.942,2.9465,2.947,2.9525,2.947,2.9515,38
2026-03-26 19:33:00,2.9455,2.9475,2.9425,2.9455,2.9505,2.9525,2.9475,2.9505,29
2026-03-26 19:34:00,2.946,2.9505,2.946,2.9505,2.951,2.9555,2.951,2.9555,14
2026-03-26 19:35:00,2.9495,2.9535,2.9495,2.9525,2.9545,2.9585,2.9545,2.9575,23
2026-03-26 19:36:00,2.9535,2.9565,2.953,2.955,2.9585,2.9615,2.958,2.96,24
2026-03-26 19:37:00,2.9545,2.9555,2.9535,2.9535,2.9595,2.9605,2.9585,2.9585,15
2026-03-26 19:38:00,2.954,2.954,2.948,2.949,2.959,2.959,2.953,2.954,30
2026-03-26 19:39:00,2.9495,2.9505,2.9475,2.95,2.9545,2.9555,2.9525,2.955,32
2026-03-26 19:40:00,2.9505,2.9515,2.9495,2.951,2.9555,2.9565,2.9545,2.956,15
2026-03-26 19:41:00,2.9505,2.9515,2.9495,2.95,2.9555,2.9565,2.9545,2.955,25
2026-03-26 19:42:00,2.9505,2.9505,2.949,2.949,2.9555,2.9555,2.954,2.954,11
2026-03-26 19:43:00,2.9485,2.9485,2.9475,2.9475,2.9535,2.9535,2.9525,2.9525,15
2026-03-26 19:44:00,2.9485,2.952,2.9475,2.9515,2.9535,2.957,2.9525,2.9565,16
2026-03-26 19:45:00,2.9505,2.9515,2.9495,2.951,2.9555,2.9565,2.9545,2.956,8
2026-03-26 19:46:00,2.9515,2.9525,2.9485,2.9495,2.9565,2.9575,2.9535,2.9545,16
2026-03-26 19:47:00,2.9485,2.951,2.9485,2.9505,2.9535,2.956,2.9535,2.9555,9
2026-03-26 19:48:00,2.95,2.9505,2.9495,2.9495,2.955,2.9555,2.9545,2.9545,10
2026-03-26 19:49:00,2.9505,2.9505,2.9425,2.9435,2.9555,2.9555,2.9475,2.9485,24
2026-03-26 19:50:00,2.9445,2.9455,2.9425,2.9455,2.9495,2.9505,2.9475,2.9505,18
2026-03-26 19:51:00,2.945,2.9455,2.944,2.944,2.95,2.9505,2.949,2.949,12
2026-03-26 19:52:00,2.9435,2.9445,2.9415,2.9415,2.9485,2.9495,2.9465,2.9465,16
2026-03-26 19:53:00,2.942,2.943,2.9415,2.9425,2.947,2.948,2.9465,2.9475,15
2026-03-26 19:54:00,2.9415,2.9425,2.9415,2.9425,2.9465,2.9475,2.9465,2.9475,6
2026-03-26 19:55:00,2.9415,2.9425,2.9415,2.9425,2.9465,2.9475,2.9465,2.9475,8
2026-03-26 19:56:00,2.942,2.9425,2.9415,2.9425,2.947,2.9475,2.9465,2.9475,23
2026-03-26 19:57:00,2.943,2.9435,2.9425,2.9435,2.948,2.9485,2.9475,2.9485,26
2026-03-26 19:58:00,2.943,2.9435,2.9425,2.9425,2.948,2.9485,2.9475,2.9475,3
2026-03-26 19:59:00,2.943,2.944,2.9405,2.9425,2.948,2.949,2.9455,2.9475,17
2026-03-26 20:00:00,2.943,2.944,2.9425,2.944,2.948,2.949,2.9475,2.949,9
2026-03-26 20:01:00,2.9435,2.944,2.9425,2.9425,2.9485,2.949,2.9475,2.9475,5
2026-03-26 20:02:00,2.943,2.943,2.942,2.943,2.948,2.948,2.947,2.948,5
2026-03-26 20:03:00,2.9435,2.9435,2.9435,2.9435,2.9485,2.9485,2.9485,2.9485,1
2026-03-26 20:04:00,2.9445,2.9465,2.944,2.9455,2.9495,2.9515,2.949,2.9505,22
2026-03-26 20:05:00,2.945,2.945,2.9445,2.9445,2.95,2.95,2.9495,2.9495,4
2026-03-26 20:06:00,2.945,2.9455,2.9445,2.9445,2.95,2.9505,2.9495,2.9495,14
2026-03-26 20:07:00,2.944,2.9455,2.9425,2.944,2.949,2.9505,2.9475,2.949,15
2026-03-26 20:08:00,2.9435,2.9455,2.9435,2.945,2.9485,2.9505,2.9485,2.95,6
2026-03-26 20:09:00,2.9445,2.9465,2.9445,2.9465,2.9495,2.9515,2.9495,2.9515,6
2026-03-26 20:10:00,2.9455,2.9455,2.9455,2.9455,2.9505,2.9505,2.9505,2.9505,1
2026-03-26 20:11:00,2.946,2.9485,2.946,2.9465,2.951,2.9535,2.951,2.9515,14
2026-03-26 20:12:00,2.947,2.951,2.9465,2.9505,2.952,2.956,2.9515,2.9555,19
2026-03-26 20:13:00,2.95,2.9535,2.9495,2.952,2.955,2.9585,2.9545,2.957,16
2026-03-26 20:14:00,2.9525,2.9535,2.9515,2.9525,2.9575,2.9585,2.9565,2.9575,13
2026-03-26 20:15:00,2.952,2.9535,2.9505,2.9505,2.957,2.9585,2.9555,2.9555,12
2026-03-26 20:16:00,2.9495,2.952,2.9495,2.9515,2.9545,2.957,2.9545,2.9565,7
2026-03-26 20:17:00,2.952,2.952,2.9495,2.9495,2.957,2.957,2.9545,2.9545,11
2026-03-26 20:18:00,2.95,2.95,2.9485,2.9485,2.955,2.955,2.9535,2.9535,15
2026-03-26 20:19:00,2.9475,2.9485,2.9475,2.9485,2.9525,2.9535,2.9525,2.9535,2
2026-03-26 20:20:00,2.9475,2.9495,2.9475,2.949,2.9525,2.9545,2.9525,2.954,5
2026-03-26 20:21:00,2.9495,2.9495,2.9475,2.9485,2.9545,2.9545,2.9525,2.9535,13
2026-03-26 20:22:00,2.948,2.9485,2.9475,2.948,2.953,2.9535,2.9525,2.953,4
2026-03-26 20:23:00,2.9475,2.9485,2.9465,2.9485,2.9525,2.9535,2.9515,2.9535,6
2026-03-26 20:24:00,2.9495,2.9515,2.9485,2.9495,2.9545,2.9565,2.9535,2.9545,19
2026-03-26 20:25:00,2.9485,2.9495,2.9485,2.9485,2.9535,2.9545,2.9535,2.9535,3
2026-03-26 20:26:00,2.949,2.949,2.947,2.948,2.954,2.954,2.952,2.953,9
2026-03-26 20:27:00,2.9475,2.95,2.9475,2.9495,2.9525,2.955,2.9525,2.9545,11
2026-03-26 20:28:00,2.95,2.95,2.9485,2.9495,2.955,2.955,2.9535,2.9545,7
2026-03-26 20:29:00,2.9505,2.9505,2.9495,2.9495,2.9555,2.9555,2.9545,2.9545,10
2026-03-26 20:30:00,2.9505,2.9505,2.9495,2.9495,2.9555,2.9555,2.9545,2.9545,3
2026-03-26 20:31:00,2.949,2.949,2.9475,2.948,2.954,2.954,2.9525,2.953,9
2026-03-26 20:32:00,2.9485,2.9495,2.948,2.949,2.9535,2.9545,2.953,2.954,7
2026-03-26 20:33:00,2.9495,2.9495,2.949,2.9495,2.9545,2.9545,2.954,2.9545,3
2026-03-26 20:34:00,2.9485,2.9505,2.9485,2.9495,2.9535,2.9555,2.9535,2.9545,16
2026-03-26 20:35:00,2.95,2.95,2.9465,2.9465,2.955,2.955,2.9515,2.9515,12
2026-03-26 20:36:00,2.9455,2.9465,2.9435,2.9445,2.9505,2.9515,2.9485,2.9495,12
2026-03-26 20:37:00,2.945,2.945,2.9445,2.9445,2.95,2.95,2.9495,2.9495,2
2026-03-26 20:38:00,2.9435,2.9445,2.9435,2.9445,2.9485,2.9495,2.9485,2.9495,6
2026-03-26 20:39:00,2.945,2.9455,2.945,2.9455,2.95,2.9505,2.95,2.9505,2
2026-03-26 20:40:00,2.946,2.9465,2.946,2.9465,2.951,2.9515,2.951,2.9515,2
2026-03-26 20:41:00,2.9455,2.9465,2.9455,2.9465,2.9505,2.9515,2.9505,2.9515,4
2026-03-26 20:42:00,2.947,2.9475,2.947,2.9475,2.952,2.9525,2.952,2.9525,2
2026-03-26 20:43:00,2.947,2.947,2.9465,2.9465,2.952,2.952,2.9515,2.9515,2
2026-03-26 20:45:00,2.947,2.9475,2.9465,2.9475,2.952,2.9525,2.9515,2.9525,3
2026-03-26 20:46:00,2.9465,2.9465,2.9455,2.946,2.9515,2.9515,2.9505,2.951,3
2026-03-26 20:47:00,2.9465,2.9465,2.9445,2.9455,2.9515,2.9515,2.9495,2.9505,4
2026-03-26 20:48:00,2.945,2.9455,2.9445,2.945,2.95,2.9505,2.9495,2.95,7
2026-03-26 20:49:00,2.9455,2.9455,2.9445,2.9455,2.9505,2.9505,2.9495,2.9505,5
2026-03-26 20:50:00,2.9445,2.9445,2.9415,2.9415,2.9495,2.9495,2.9465,2.9465,22
2026-03-26 20:51:00,2.942,2.9425,2.94,2.9405,2.947,2.9475,2.945,2.9455,11
2026-03-26 20:52:00,2.94,2.94,2.9385,2.939,2.945,2.945,2.9435,2.944,4
2026-03-26 20:53:00,2.9395,2.9395,2.9365,2.9375,2.9445,2.9445,2.9415,2.9425,8
2026-03-26 20:54:00,2.938,2.9385,2.9375,2.9375,2.943,2.9435,2.9425,2.9425,8
2026-03-26 20:55:00,2.937,2.9385,2.9365,2.9365,2.942,2.9435,2.9415,2.9415,9
2026-03-26 20:56:00,2.9355,2.9355,2.9335,2.9345,2.9405,2.9405,2.9385,2.9395,8
2026-03-26 20:57:00,2.9355,2.9355,2.9345,2.9355,2.9405,2.9405,2.9395,2.9405,3
2026-03-26 20:58:00,2.9345,2.9355,2.9345,2.9355,2.9395,2.9405,2.9395,2.9405,29
2026-03-26 20:59:00,2.935,2.937,2.935,2.936,2.94,2.942,2.94,2.941,31
2026-03-26 21:00:00,2.9365,2.9385,2.936,2.938,2.9415,2.9435,2.941,2.943,12
2026-03-26 21:01:00,2.9385,2.9395,2.935,2.9355,2.9435,2.9445,2.94,2.9405,22
2026-03-26 21:02:00,2.936,2.9365,2.9345,2.935,2.941,2.9415,2.9395,2.94,11
2026-03-26 21:03:00,2.9345,2.936,2.934,2.935,2.9395,2.941,2.939,2.94,16
2026-03-26 21:04:00,2.9345,2.937,2.9345,2.9365,2.9395,2.942,2.9395,2.9415,12
2026-03-26 21:05:00,2.9375,2.938,2.9365,2.938,2.9425,2.943,2.9415,2.943,13
2026-03-26 21:06:00,2.9385,2.9395,2.9385,2.9395,2.9435,2.9445,2.9435,2.9445,2
2026-03-26 21:07:00,2.9385,2.9405,2.938,2.94,2.9435,2.9455,2.943,2.945,6
2026-03-26 21:08:00,2.9405,2.9405,2.9385,2.9385,2.9455,2.9455,2.9435,2.9435,6
2026-03-26 21:09:00,2.938,2.938,2.937,2.9375,2.943,2.943,2.942,2.9425,6
2026-03-26 21:10:00,2.937,2.9375,2.936,2.9365,2.942,2.9425,2.941,2.9415,12
2026-03-26 21:11:00,2.936,2.937,2.901,2.9085,2.941,2.942,2.906,2.9135,89
2026-03-26 21:12:00,2.9075,2.9095,2.8965,2.9035,2.9125,2.9145,2.9015,2.9085,92
2026-03-26 21:13:00,2.904,2.9135,2.903,2.911,2.909,2.9185,2.908,2.916,39
2026-03-26 21:14:00,2.9115,2.918,2.906,2.9175,2.9165,2.923,2.911,2.9225,51
2026-03-26 21:15:00,2.917,2.925,2.9125,2.9145,2.922,2.93,2.9175,2.9195,47
2026-03-26 21:16:00,2.914,2.918,2.9105,2.917,2.919,2.923,2.9155,2.922,30
2026-03-26 21:17:00,2.9175,2.9215,2.917,2.92,2.9225,2.9265,2.922,2.925,20
2026-03-26 21:18:00,2.9195,2.925,2.9195,2.9235,2.9245,2.93,2.9245,2.9285,20
2026-03-26 21:19:00,2.9225,2.927,2.9225,2.926,2.9275,2.932,2.9275,2.931,29
2026-03-26 21:20:00,2.9255,2.9285,2.9225,2.9285,2.9305,2.9335,2.9275,2.9335,26
2026-03-26 21:21:00,2.929,2.9295,2.927,2.929,2.934,2.9345,2.932,2.934,21
2026-03-26 21:22:00,2.9295,2.9295,2.9255,2.9265,2.9345,2.9345,2.9305,2.9315,11
2026-03-26 21:23:00,2.926,2.9285,2.9205,2.922,2.931,2.9335,2.9255,2.927,30
2026-03-26 21:24:00,2.923,2.927,2.9225,2.9265,2.928,2.932,2.9275,2.9315,21
2026-03-26 21:25:00,2.926,2.9325,2.925,2.9305,2.931,2.9375,2.93,2.9355,20
2026-03-26 21:26:00,2.931,2.9315,2.9275,2.931,2.936,2.9365,2.9325,2.936,25
2026-03-26 21:27:00,2.9305,2.931,2.928,2.9305,2.9355,2.936,2.933,2.9355,22
2026-03-26 21:28:00,2.93,2.932,2.93,2.932,2.935,2.937,2.935,2.937,7
2026-03-26 21:29:00,2.9325,2.9325,2.9295,2.9295,2.9375,2.9375,2.9345,2.9345,13
2026-03-26 21:30:00,2.93,2.93,2.927,2.9295,2.935,2.935,2.932,2.9345,15
2026-03-26 21:31:00,2.929,2.9295,2.9275,2.929,2.934,2.9345,2.9325,2.934,11
2026-03-26 21:32:00,2.928,2.928,2.926,2.928,2.933,2.933,2.931,2.933,18
2026-03-26 21:33:00,2.929,2.9305,2.929,2.9305,2.934,2.9355,2.934,2.9355,7
2026-03-26 21:34:00,2.93,2.932,2.93,2.93,2.935,2.937,2.935,2.935,14
2026-03-26 21:35:00,2.9295,2.9305,2.9265,2.9275,2.9345,2.9355,2.9315,2.9325,19
2026-03-26 21:36:00,2.928,2.928,2.923,2.9255,2.933,2.933,2.928,2.9305,23
2026-03-26 21:37:00,2.926,2.9265,2.924,2.9245,2.931,2.9315,2.929,2.9295,13
2026-03-26 21:38:00,2.9235,2.926,2.9235,2.9255,2.9285,2.931,2.9285,2.9305,19
2026-03-26 21:39:00,2.925,2.927,2.925,2.9265,2.93,2.932,2.93,2.9315,10
2026-03-26 21:40:00,2.927,2.928,2.9255,2.9275,2.932,2.933,2.9305,2.9325,14
2026-03-26 21:41:00,2.9255,2.9285,2.9245,2.9285,2.9305,2.9335,2.9295,2.9335,15
2026-03-26 21:42:00,2.929,2.9295,2.9265,2.927,2.934,2.9345,2.9315,2.932,14
2026-03-26 21:43:00,2.9275,2.9275,2.927,2.927,2.9325,2.9325,2.932,2.932,2
2026-03-26 21:44:00,2.9275,2.9285,2.9265,2.9285,2.9325,2.9335,2.9315,2.9335,15
2026-03-26 21:45:00,2.929,2.933,2.929,2.9325,2.934,2.938,2.934,2.9375,10
2026-03-26 21:46:00,2.932,2.933,2.9315,2.932,2.937,2.938,2.9365,2.937,10
2026-03-26 21:47:00,2.9325,2.935,2.9325,2.9345,2.9375,2.94,2.9375,2.9395,5
2026-03-26 21:48:00,2.934,2.9345,2.9335,2.934,2.939,2.9395,2.9385,2.939,6
2026-03-26 21:49:00,2.9345,2.938,2.9335,2.9365,2.9395,2.943,2.9385,2.9415,16
2026-03-26 21:50:00,2.936,2.938,2.9335,2.938,2.941,2.943,2.9385,2.943,25
2026-03-26 21:51:00,2.9375,2.941,2.937,2.9405,2.9425,2.946,2.942,2.9455,25
2026-03-26 21:52:00,2.941,2.943,2.9405,2.9425,2.946,2.948,2.9455,2.9475,20
2026-03-26 21:53:00,2.942,2.9445,2.9395,2.9425,2.947,2.9495,2.9445,2.9475,35
2026-03-26 21:54:00,2.942,2.944,2.9405,2.9435,2.947,2.949,2.9455,2.9485,18
2026-03-26 21:55:00,2.944,2.9445,2.9415,2.9425,2.949,2.9495,2.9465,2.9475,31
2026-03-26 21:56:00,2.942,2.942,2.9405,2.9405,2.947,2.947,2.9455,2.9455,14
2026-03-26 21:57:00,2.94,2.9405,2.938,2.9385,2.945,2.9455,2.943,2.9435,13
2026-03-26 21:58:00,2.939,2.94,2.9375,2.9385,2.944,2.945,2.9425,2.9435,13
2026-03-26 21:59:00,2.939,2.9436,2.9365,2.9416,2.944,2.9466,2.9415,2.9466,55
2026-03-26 23:00:00,2.9401,2.9471,2.9401,2.9406,2.9451,2.9521,2.9451,2.9456,29
2026-03-26 23:01:00,2.9411,2.9416,2.9371,2.9416,2.9461,2.9466,2.9421,2.9466,9
2026-03-26 23:02:00,2.9421,2.9451,2.9421,2.9446,2.9471,2.9501,2.9471,2.9496,5
2026-03-26 23:03:00,2.9451,2.9471,2.9451,2.9466,2.9501,2.9521,2.9501,2.9516,8
2026-03-26 23:04:00,2.9461,2.9461,2.9441,2.9446,2.9511,2.9511,2.9491,2.9496,8
2026-03-26 23:05:00,2.9436,2.9456,2.9436,2.9456,2.9486,2.9506,2.9486,2.9506,7
2026-03-26 23:07:00,2.9451,2.9456,2.9451,2.9456,2.9501,2.9506,2.9501,2.9506,2
2026-03-26 23:08:00,2.9461,2.9461,2.9461,2.9461,2.9511,2.9511,2.9511,2.9511,1
2026-03-26 23:10:00,2.9451,2.9451,2.9451,2.9451,2.9501,2.9501,2.9501,2.9501,1
2026-03-26 23:11:00,2.9436,2.9446,2.9436,2.9446,2.9486,2.9496,2.9486,2.9496,2
2026-03-26 23:13:00,2.9451,2.9451,2.9451,2.9451,2.9501,2.9501,2.9501,2.9501,1
2026-03-26 23:15:00,2.9446,2.9476,2.9431,2.9476,2.9496,2.9526,2.9481,2.9526,5
2026-03-26 23:16:00,2.9481,2.9486,2.9481,2.9486,2.9531,2.9536,2.9531,2.9536,2
2026-03-26 23:17:00,2.9496,2.9506,2.9486,2.9501,2.9546,2.9556,2.9536,2.9551,10
2026-03-26 23:18:00,2.9496,2.9501,2.9496,2.9501,2.9546,2.9551,2.9546,2.9551,2
2026-03-26 23:19:00,2.9496,2.9501,2.9496,2.9501,2.9546,2.9551,2.9546,2.9551,2
2026-03-26 23:20:00,2.9496,2.9496,2.9496,2.9496,2.9546,2.9546,2.9546,2.9546,1
2026-03-26 23:21:00,2.9486,2.9486,2.9476,2.9476,2.9536,2.9536,2.9526,2.9526,2
2026-03-26 23:22:00,2.9481,2.9481,2.9471,2.9471,2.9531,2.9531,2.9521,2.9521,3
2026-03-26 23:24:00,2.9476,2.9476,2.9466,2.9466,2.9526,2.9526,2.9516,2.9516,2
2026-03-26 23:25:00,2.9471,2.9471,2.9471,2.9471,2.9521,2.9521,2.9521,2.9521,1
2026-03-26 23:26:00,2.9466,2.9466,2.9466,2.9466,2.9516,2.9516,2.9516,2.9516,1
2026-03-26 23:27:00,2.9471,2.9471,2.9471,2.9471,2.9521,2.9521,2.9521,2.9521,1
2026-03-26 23:28:00,2.9476,2.9481,2.9476,2.9481,2.9526,2.9531,2.9526,2.9531,2
2026-03-26 23:30:00,2.9486,2.9486,2.9401,2.9411,2.9536,2.9536,2.9451,2.9461,9
2026-03-26 23:32:00,2.9416,2.9416,2.9416,2.9416,2.9466,2.9466,2.9466,2.9466,1
2026-03-26 23:33:00,2.9411,2.9421,2.9411,2.9421,2.9461,2.9471,2.9461,2.9471,2
2026-03-26 23:34:00,2.9426,2.9426,2.9426,2.9426,2.9476,2.9476,2.9476,2.9476,1
2026-03-26 23:36:00,2.9411,2.9411,2.9411,2.9411,2.9461,2.9461,2.9461,2.9461,1
2026-03-26 23:37:00,2.9416,2.9416,2.9406,2.9411,2.9466,2.9466,2.9456,2.9461,3
2026-03-26 23:38:00,2.9391,2.9401,2.9391,2.9401,2.9441,2.9451,2.9441,2.9451,3
2026-03-26 23:39:00,2.9396,2.9411,2.9386,2.9411,2.9446,2.9461,2.9436,2.9461,6
2026-03-26 23:40:00,2.9406,2.9411,2.9406,2.9411,2.9456,2.9461,2.9456,2.9461,8
2026-03-26 23:42:00,2.9416,2.9451,2.9416,2.9451,2.9466,2.9501,2.9466,2.9501,4
2026-03-26 23:44:00,2.9446,2.9446,2.9446,2.9446,2.9496,2.9496,2.9496,2.9496,1
2026-03-26 23:47:00,2.9456,2.9456,2.9436,2.9441,2.9506,2.9506,2.9486,2.9491,4
2026-03-26 23:50:00,2.9446,2.9446,2.9446,2.9446,2.9496,2.9496,2.9496,2.9496,1
2026-03-26 23:52:00,2.9451,2.9451,2.9451,2.9451,2.9501,2.9501,2.9501,2.9501,1
2026-03-26 23:53:00,2.9446,2.9451,2.9446,2.9451,2.9496,2.9501,2.9496,2.9501,2
2026-03-26 23:54:00,2.9446,2.9446,2.9431,2.9431,2.9496,2.9496,2.9481,2.9481,2
2026-03-26 23:56:00,2.9426,2.9436,2.9426,2.9431,2.9476,2.9486,2.9476,2.9481,3
2026-03-26 23:58:00,2.9426,2.9431,2.9426,2.9426,2.9476,2.9481,2.9476,2.9476,3
2026-03-27 00:01:00,2.9421,2.9426,2.9421,2.9426,2.9471,2.9476,2.9471,2.9476,2
2026-03-27 00:02:00,2.9431,2.9431,2.9426,2.9426,2.9481,2.9481,2.9476,2.9476,2
2026-03-27 00:03:00,2.9421,2.9436,2.9421,2.9436,2.9471,2.9486,2.9471,2.9486,8
2026-03-27 00:04:00,2.9431,2.9436,2.9431,2.9436,2.9481,2.9486,2.9481,2.9486,2
2026-03-27 00:06:00,2.9431,2.9441,2.9431,2.9441,2.9481,2.9491,2.9481,2.9491,3
2026-03-27 00:07:00,2.9446,2.9446,2.9431,2.9441,2.9496,2.9496,2.9481,2.9491,6
2026-03-27 00:14:00,2.9436,2.9436,2.9436,2.9436,2.9486,2.9486,2.9486,2.9486,1
2026-03-27 00:15:00,2.9426,2.9426,2.9426,2.9426,2.9476,2.9476,2.9476,2.9476,1
2026-03-27 00:18:00,2.9431,2.9431,2.9431,2.9431,2.9481,2.9481,2.9481,2.9481,1
2026-03-27 00:21:00,2.9426,2.9431,2.9426,2.9431,2.9476,2.9481,2.9476,2.9481,2
2026-03-27 00:23:00,2.9441,2.9441,2.9441,2.9441,2.9491,2.9491,2.9491,2.9491,1
2026-03-27 00:26:00,2.9446,2.9446,2.9431,2.9431,2.9496,2.9496,2.9481,2.9481,2
2026-03-27 00:27:00,2.9426,2.9426,2.9406,2.9416,2.9476,2.9476,2.9456,2.9466,7
2026-03-27 00:29:00,2.9411,2.9411,2.9406,2.9406,2.9461,2.9461,2.9456,2.9456,2
2026-03-27 00:30:00,2.9401,2.9401,2.9396,2.9396,2.9451,2.9451,2.9446,2.9446,4
2026-03-27 00:31:00,2.9406,2.9406,2.9396,2.9401,2.9456,2.9456,2.9446,2.9451,5
2026-03-27 00:32:00,2.9396,2.9396,2.9391,2.9391,2.9446,2.9446,2.9441,2.9441,2
2026-03-27 00:34:00,2.9396,2.9396,2.9396,2.9396,2.9446,2.9446,2.9446,2.9446,1
2026-03-27 00:35:00,2.9401,2.9401,2.9401,2.9401,2.9451,2.9451,2.9451,2.9451,1
2026-03-27 00:39:00,2.9406,2.9406,2.9406,2.9406,2.9456,2.9456,2.9456,2.9456,1
2026-03-27 00:43:00,2.9401,2.9401,2.9396,2.9396,2.9451,2.9451,2.9446,2.9446,2
2026-03-27 00:46:00,2.9401,2.9411,2.9401,2.9411,2.9451,2.9461,2.9451,2.9461,2
2026-03-27 00:48:00,2.9406,2.9406,2.9406,2.9406,2.9456,2.9456,2.9456,2.9456,1
2026-03-27 00:49:00,2.9401,2.9406,2.9401,2.9401,2.9451,2.9456,2.9451,2.9451,3
2026-03-27 00:50:00,2.9406,2.9406,2.9396,2.9396,2.9456,2.9456,2.9446,2.9446,5
2026-03-27 00:51:00,2.9386,2.9386,2.9386,2.9386,2.9436,2.9436,2.9436,2.9436,1
2026-03-27 00:54:00,2.9381,2.9386,2.9376,2.9376,2.9431,2.9436,2.9426,2.9426,3
2026-03-27 00:55:00,2.9381,2.9391,2.9381,2.9391,2.9431,2.9441,2.9431,2.9441,3
2026-03-27 00:57:00,2.9386,2.9421,2.9386,2.9416,2.9436,2.9471,2.9436,2.9466,6
2026-03-27 00:58:00,2.9411,2.9436,2.9411,2.9421,2.9461,2.9486,2.9461,2.9471,5
2026-03-27 01:00:00,2.9416,2.9416,2.9366,2.9406,2.9466,2.9466,2.9416,2.9456,23
2026-03-27 01:01:00,2.9411,2.9411,2.9376,2.9381,2.9461,2.9461,2.9426,2.9431,10
2026-03-27 01:02:00,2.9376,2.9376,2.9371,2.9371,2.9426,2.9426,2.9421,2.9421,2
2026-03-27 01:03:00,2.9361,2.9396,2.9356,2.9396,2.9411,2.9446,2.9406,2.9446,7
2026-03-27 01:04:00,2.9391,2.9391,2.9376,2.9381,2.9441,2.9441,2.9426,2.9431,5
2026-03-27 01:05:00,2.9376,2.9396,2.9376,2.9396,2.9426,2.9446,2.9426,2.9446,3
2026-03-27 01:06:00,2.9401,2.9426,2.9386,2.9386,2.9451,2.9476,2.9436,2.9436,11
2026-03-27 01:08:00,2.9396,2.9406,2.9396,2.9401,2.9446,2.9456,2.9446,2.9451,3
2026-03-27 01:09:00,2.9396,2.9396,2.9376,2.9376,2.9446,2.9446,2.9426,2.9426,5
2026-03-27 01:10:00,2.9381,2.9381,2.9381,2.9381,2.9431,2.9431,2.9431,2.9431,1
2026-03-27 01:11:00,2.9386,2.9406,2.9386,2.9396,2.9436,2.9456,2.9436,2.9446,7
2026-03-27 01:12:00,2.9391,2.9391,2.9391,2.9391,2.9441,2.9441,2.9441,2.9441,1
2026-03-27 01:14:00,2.9396,2.9411,2.9396,2.9411,2.9446,2.9461,2.9446,2.9461,2
2026-03-27 01:15:00,2.9416,2.9436,2.9416,2.9436,2.9466,2.9486,2.9466,2.9486,7
2026-03-27 01:16:00,2.9431,2.9476,2.9431,2.9476,2.9481,2.9526,2.9481,2.9526,6
2026-03-27 01:17:00,2.9471,2.9486,2.9466,2.9466,2.9521,2.9536,2.9516,2.9516,10
2026-03-27 01:18:00,2.9471,2.9471,2.9471,2.9471,2.9521,2.9521,2.9521,2.9521,1
2026-03-27 01:19:00,2.9476,2.9481,2.9476,2.9481,2.9526,2.9531,2.9526,2.9531,2
2026-03-27 01:20:00,2.9486,2.9501,2.9486,2.9501,2.9536,2.9551,2.9536,2.9551,6
2026-03-27 01:21:00,2.9506,2.9526,2.9501,2.9501,2.9556,2.9576,2.9551,2.9551,9
2026-03-27 01:22:00,2.9506,2.9536,2.9506,2.9536,2.9556,2.9586,2.9556,2.9586,11
2026-03-27 01:23:00,2.9526,2.9536,2.9526,2.9531,2.9576,2.9586,2.9576,2.9581,3
2026-03-27 01:25:00,2.9536,2.9546,2.9536,2.9546,2.9586,2.9596,2.9586,2.9596,7
2026-03-27 01:26:00,2.9551,2.9551,2.9546,2.9546,2.9601,2.9601,2.9596,2.9596,2
2026-03-27 01:27:00,2.9536,2.9551,2.9511,2.9551,2.9586,2.9601,2.9561,2.9601,8
2026-03-27 01:28:00,2.9546,2.9546,2.9541,2.9541,2.9596,2.9596,2.9591,2.9591,4
2026-03-27 01:29:00,2.9536,2.9536,2.9536,2.9536,2.9586,2.9586,2.9586,2.9586,1
2026-03-27 01:30:00,2.9531,2.9541,2.9531,2.9541,2.9581,2.9591,2.9581,2.9591,3
2026-03-27 01:31:00,2.9546,2.9551,2.9546,2.9551,2.9596,2.9601,2.9596,2.9601,2
2026-03-27 01:32:00,2.9546,2.9546,2.9541,2.9541,2.9596,2.9596,2.9591,2.9591,2
2026-03-27 01:33:00,2.9536,2.9541,2.9536,2.9541,2.9586,2.9591,2.9586,2.9591,2
2026-03-27 01:35:00,2.9546,2.9556,2.9541,2.9546,2.9596,2.9606,2.9591,2.9596,4
2026-03-27 01:36:00,2.9551,2.9556,2.9551,2.9551,2.9601,2.9606,2.9601,2.9601,5
2026-03-27 01:37:00,2.9546,2.9546,2.9536,2.9541,2.9596,2.9596,2.9586,2.9591,4
2026-03-27 01:38:00,2.9546,2.9546,2.9541,2.9541,2.9596,2.9596,2.9591,2.9591,2
2026-03-27 01:39:00,2.9536,2.9536,2.9521,2.9531,2.9586,2.9586,2.9571,2.9581,3
2026-03-27 01:42:00,2.9521,2.9526,2.9521,2.9521,2.9571,2.9576,2.9571,2.9571,3
2026-03-27 01:44:00,2.9526,2.9526,2.9521,2.9521,2.9576,2.9576,2.9571,2.9571,2
2026-03-27 01:45:00,2.9506,2.9526,2.9506,2.9521,2.9556,2.9576,2.9556,2.9571,5
2026-03-27 01:46:00,2.9526,2.9531,2.9526,2.9531,2.9576,2.9581,2.9576,2.9581,2
2026-03-27 01:47:00,2.9521,2.9536,2.9521,2.9526,2.9571,2.9586,2.9571,2.9576,8
2026-03-27 01:48:00,2.9536,2.9536,2.9536,2.9536,2.9586,2.9586,2.9586,2.9586,1
2026-03-27 01:50:00,2.9546,2.9566,2.9546,2.9566,2.9596,2.9616,2.9596,2.9616,13
2026-03-27 01:51:00,2.9556,2.9561,2.9551,2.9551,2.9606,2.9611,2.9601,2.9601,4
2026-03-27 01:52:00,2.9566,2.9566,2.9551,2.9566,2.9616,2.9616,2.9601,2.9616,5
2026-03-27 01:53:00,2.9561,2.9576,2.9551,2.9551,2.9611,2.9626,2.9601,2.9601,24
2026-03-27 01:54:00,2.9546,2.9546,2.9546,2.9546,2.9596,2.9596,2.9596,2.9596,1
2026-03-27 01:55:00,2.9551,2.9551,2.9541,2.9541,2.9601,2.9601,2.9591,2.9591,3
2026-03-27 01:56:00,2.9536,2.9541,2.9526,2.9541,2.9586,2.9591,2.9576,2.9591,14
2026-03-27 01:57:00,2.9546,2.9551,2.9546,2.9551,2.9596,2.9601,2.9596,2.9601,2
2026-03-27 01:59:00,2.9556,2.9556,2.9556,2.9556,2.9606,2.9606,2.9606,2.9606,1
2026-03-27 02:00:00,2.9546,2.9556,2.9536,2.9556,2.9596,2.9606,2.9586,2.9606,19
2026-03-27 02:01:00,2.9561,2.9591,2.9561,2.9591,2.9611,2.9641,2.9611,2.9641,7
2026-03-27 02:02:00,2.9596,2.9596,2.9561,2.9561,2.9646,2.9646,2.9611,2.9611,7
2026-03-27 02:03:00,2.9556,2.9556,2.9536,2.9536,2.9606,2.9606,2.9586,2.9586,4
2026-03-27 02:04:00,2.9531,2.9551,2.9531,2.9541,2.9581,2.9601,2.9581,2.9591,5
2026-03-27 02:05:00,2.9536,2.9536,2.9501,2.9506,2.9586,2.9586,2.9551,2.9556,13
2026-03-27 02:06:00,2.9501,2.9516,2.9496,2.9506,2.9551,2.9566,2.9546,2.9556,5
2026-03-27 02:07:00,2.9501,2.9501,2.9501,2.9501,2.9551,2.9551,2.9551,2.9551,1
2026-03-27 02:08:00,2.9506,2.9511,2.9496,2.9496,2.9556,2.9561,2.9546,2.9546,4
2026-03-27 02:09:00,2.9506,2.9506,2.9476,2.9486,2.9556,2.9556,2.9526,2.9536,9
2026-03-27 02:10:00,2.9491,2.9491,2.9481,2.9486,2.9541,2.9541,2.9531,2.9536,6
2026-03-27 02:11:00,2.9476,2.9491,2.9466,2.9471,2.9526,2.9541,2.9516,2.9521,12
2026-03-27 02:12:00,2.9466,2.9466,2.9456,2.9466,2.9516,2.9516,2.9506,2.9516,7
2026-03-27 02:13:00,2.9471,2.9481,2.9471,2.9471,2.9521,2.9531,2.9521,2.9521,7
2026-03-27 02:14:00,2.9481,2.9481,2.9476,2.9476,2.9531,2.9531,2.9526,2.9526,4
2026-03-27 02:15:00,2.9486,2.9491,2.9476,2.9491,2.9536,2.9541,2.9526,2.9541,5
2026-03-27 02:16:00,2.9476,2.9481,2.9476,2.9481,2.9526,2.9531,2.9526,2.9531,2
2026-03-27 02:17:00,2.9486,2.9486,2.9471,2.9471,2.9536,2.9536,2.9521,2.9521,3
2026-03-27 02:18:00,2.9486,2.9486,2.9486,2.9486,2.9536,2.9536,2.9536,2.9536,1
2026-03-27 02:19:00,2.9496,2.9516,2.9496,2.9516,2.9546,2.9566,2.9546,2.9566,4
2026-03-27 02:20:00,2.9501,2.9506,2.9491,2.9501,2.9551,2.9556,2.9541,2.9551,9
2026-03-27 02:21:00,2.9496,2.9531,2.9496,2.9531,2.9546,2.9581,2.9546,2.9581,4
2026-03-27 02:23:00,2.9526,2.9531,2.9516,2.9531,2.9576,2.9581,2.9566,2.9581,7
2026-03-27 02:24:00,2.9526,2.9546,2.9526,2.9546,2.9576,2.9596,2.9576,2.9596,3
2026-03-27 02:25:00,2.9536,2.9541,2.9521,2.9541,2.9586,2.9591,2.9571,2.9591,6
2026-03-27 02:26:00,2.9536,2.9536,2.9501,2.9511,2.9586,2.9586,2.9551,2.9561,6
2026-03-27 02:27:00,2.9501,2.9516,2.9496,2.9516,2.9551,2.9566,2.9546,2.9566,11
2026-03-27 02:28:00,2.9511,2.9516,2.9496,2.9506,2.9561,2.9566,2.9546,2.9556,10
2026-03-27 02:29:00,2.9511,2.9511,2.9506,2.9506,2.9561,2.9561,2.9556,2.9556,2
2026-03-27 02:30:00,2.9521,2.9531,2.9521,2.9531,2.9571,2.9581,2.9571,2.9581,3
2026-03-27 02:31:00,2.9526,2.9526,2.9506,2.9511,2.9576,2.9576,2.9556,2.9561,5
2026-03-27 02:32:00,2.9501,2.9506,2.9481,2.9486,2.9551,2.9556,2.9531,2.9536,13
2026-03-27 02:33:00,2.9496,2.9501,2.9496,2.9501,2.9546,2.9551,2.9546,2.9551,2
2026-03-27 02:34:00,2.9511,2.9536,2.9511,2.9526,2.9561,2.9586,2.9561,2.9576,10
2026-03-27 02:35:00,2.9511,2.9516,2.9511,2.9516,2.9561,2.9566,2.9561,2.9566,2
2026-03-27 02:36:00,2.9521,2.9521,2.9521,2.9521,2.9571,2.9571,2.9571,2.9571,1
2026-03-27 02:38:00,2.9526,2.9531,2.9521,2.9531,2.9576,2.9581,2.9571,2.9581,3
2026-03-27 02:39:00,2.9536,2.9536,2.9531,2.9531,2.9586,2.9586,2.9581,2.9581,2
2026-03-27 02:41:00,2.9516,2.9531,2.9516,2.9531,2.9566,2.9581,2.9566,2.9581,4
2026-03-27 02:42:00,2.9536,2.9536,2.9536,2.9536,2.9586,2.9586,2.9586,2.9586,1
2026-03-27 02:43:00,2.9531,2.9556,2.9531,2.9556,2.9581,2.9606,2.9581,2.9606,9
2026-03-27 02:44:00,2.9561,2.9576,2.9561,2.9576,2.9611,2.9626,2.9611,2.9626,7
2026-03-27 02:45:00,2.9571,2.9576,2.9571,2.9576,2.9621,2.9626,2.9621,2.9626,2
2026-03-27 02:46:00,2.9571,2.9571,2.9561,2.9566,2.9621,2.9621,2.9611,2.9616,8
2026-03-27 02:47:00,2.9571,2.9571,2.9571,2.9571,2.9621,2.9621,2.9621,2.9621,1
2026-03-27 02:48:00,2.9566,2.9566,2.9556,2.9561,2.9616,2.9616,2.9606,2.9611,10
2026-03-27 02:50:00,2.9566,2.9581,2.9566,2.9571,2.9616,2.9631,2.9616,2.9621,7
2026-03-27 02:51:00,2.9581,2.9581,2.9571,2.9571,2.9631,2.9631,2.9621,2.9621,2
2026-03-27 02:52:00,2.9566,2.9566,2.9561,2.9561,2.9616,2.9616,2.9611,2.9611,2
2026-03-27 02:55:00,2.9556,2.9556,2.9536,2.9541,2.9606,2.9606,2.9586,2.9591,7
2026-03-27 02:56:00,2.9546,2.9546,2.9546,2.9546,2.9596,2.9596,2.9596,2.9596,1
2026-03-27 02:57:00,2.9541,2.9546,2.9536,2.9546,2.9591,2.9596,2.9586,2.9596,8
2026-03-27 02:58:00,2.9541,2.9541,2.9536,2.9541,2.9591,2.9591,2.9586,2.9591,3
2026-03-27 02:59:00,2.9551,2.9551,2.9551,2.9551,2.9601,2.9601,2.9601,2.9601,1
2026-03-27 03:00:00,2.9546,2.9546,2.9441,2.9446,2.9596,2.9596,2.9491,2.9496,37
2026-03-27 03:01:00,2.9441,2.9456,2.9441,2.9456,2.9491,2.9506,2.9491,2.9506,7
2026-03-27 03:02:00,2.9466,2.9471,2.9466,2.9471,2.9516,2.9521,2.9516,2.9521,2
2026-03-27 03:03:00,2.9476,2.9486,2.9471,2.9486,2.9526,2.9536,2.9521,2.9536,15
2026-03-27 03:04:00,2.9476,2.9476,2.9466,2.9471,2.9526,2.9526,2.9516,2.9521,4
2026-03-27 03:08:00,2.9481,2.9481,2.9471,2.9476,2.9531,2.9531,2.9521,2.9526,3
2026-03-27 03:09:00,2.9471,2.9481,2.9471,2.9481,2.9521,2.9531,2.9521,2.9531,2
2026-03-27 03:10:00,2.9476,2.9486,2.9476,2.9486,2.9526,2.9536,2.9526,2.9536,5
2026-03-27 03:11:00,2.9501,2.9511,2.9501,2.9511,2.9551,2.9561,2.9551,2.9561,3
2026-03-27 03:12:00,2.9521,2.9521,2.9521,2.9521,2.9571,2.9571,2.9571,2.9571,1
2026-03-27 03:13:00,2.9516,2.9516,2.9516,2.9516,2.9566,2.9566,2.9566,2.9566,1
2026-03-27 03:14:00,2.9506,2.9506,2.9501,2.9501,2.9556,2.9556,2.9551,2.9551,2
2026-03-27 03:15:00,2.9506,2.9541,2.9506,2.9531,2.9556,2.9591,2.9556,2.9581,10
2026-03-27 03:16:00,2.9536,2.9536,2.9536,2.9536,2.9586,2.9586,2.9586,2.9586,1
2026-03-27 03:17:00,2.9546,2.9546,2.9531,2.9541,2.9596,2.9596,2.9581,2.9591,5
2026-03-27 03:18:00,2.9556,2.9566,2.9546,2.9556,2.9606,2.9616,2.9596,2.9606,12
2026-03-27 03:19:00,2.9546,2.9546,2.9521,2.9521,2.9596,2.9596,2.9571,2.9571,5
2026-03-27 03:20:00,2.9526,2.9546,2.9526,2.9541,2.9576,2.9596,2.9576,2.9591,12
2026-03-27 03:21:00,2.9536,2.9536,2.9531,2.9536,2.9586,2.9586,2.9581,2.9586,3
2026-03-27 03:22:00,2.9531,2.9531,2.9526,2.9531,2.9581,2.9581,2.9576,2.9581,3
2026-03-27 03:23:00,2.9526,2.9526,2.9526,2.9526,2.9576,2.9576,2.9576,2.9576,1
2026-03-27 03:26:00,2.9531,2.9531,2.9531,2.9531,2.9581,2.9581,2.9581,2.9581,1
2026-03-27 03:27:00,2.9526,2.9526,2.9526,2.9526,2.9576,2.9576,2.9576,2.9576,1
2026-03-27 03:28:00,2.9521,2.9521,2.9496,2.9496,2.9571,2.9571,2.9546,2.9546,5
2026-03-27 03:29:00,2.9501,2.9501,2.9496,2.9496,2.9551,2.9551,2.9546,2.9546,2
2026-03-27 03:30:00,2.9501,2.9501,2.9496,2.9496,2.9551,2.9551,2.9546,2.9546,2
2026-03-27 03:31:00,2.9501,2.9501,2.9501,2.9501,2.9551,2.9551,2.9551,2.9551,1
2026-03-27 03:35:00,2.9516,2.9526,2.9501,2.9501,2.9566,2.9576,2.9551,2.9551,4
2026-03-27 03:36:00,2.9506,2.9506,2.9486,2.9501,2.9556,2.9556,2.9536,2.9551,5
2026-03-27 03:38:00,2.9516,2.9516,2.9501,2.9501,2.9566,2.9566,2.9551,2.9551,3
2026-03-27 03:39:00,2.9496,2.9496,2.9481,2.9496,2.9546,2.9546,2.9531,2.9546,5
2026-03-27 03:40:00,2.9481,2.9491,2.9481,2.9491,2.9531,2.9541,2.9531,2.9541,2
2026-03-27 03:41:00,2.9486,2.9486,2.9486,2.9486,2.9536,2.9536,2.9536,2.9536,1
2026-03-27 03:42:00,2.9491,2.9501,2.9491,2.9501,2.9541,2.9551,2.9541,2.9551,3
2026-03-27 03:43:00,2.9491,2.9501,2.9491,2.9501,2.9541,2.9551,2.9541,2.9551,3
2026-03-27 03:45:00,2.9496,2.9496,2.9481,2.9481,2.9546,2.9546,2.9531,2.9531,4
2026-03-27 03:46:00,2.9486,2.9496,2.9486,2.9486,2.9536,2.9546,2.9536,2.9536,4
2026-03-27 03:47:00,2.9481,2.9486,2.9476,2.9481,2.9531,2.9536,2.9526,2.9531,5
2026-03-27 03:48:00,2.9486,2.9486,2.9486,2.9486,2.9536,2.9536,2.9536,2.9536,1
2026-03-27 03:49:00,2.9491,2.9491,2.9491,2.9491,2.9541,2.9541,2.9541,2.9541,1
2026-03-27 03:51:00,2.9496,2.9501,2.9496,2.9501,2.9546,2.9551,2.9546,2.9551,2
2026-03-27 03:52:00,2.9496,2.9496,2.9486,2.9486,2.9546,2.9546,2.9536,2.9536,2
2026-03-27 03:53:00,2.9481,2.9491,2.9481,2.9491,2.9531,2.9541,2.9531,2.9541,2
2026-03-27 03:54:00,2.9496,2.9496,2.9491,2.9491,2.9546,2.9546,2.9541,2.9541,2
2026-03-27 03:55:00,2.9481,2.9491,2.9481,2.9491,2.9531,2.9541,2.9531,2.9541,2
2026-03-27 03:56:00,2.9486,2.9491,2.9486,2.9491,2.9536,2.9541,2.9536,2.9541,2
2026-03-27 03:57:00,2.9501,2.9501,2.9491,2.9496,2.9551,2.9551,2.9541,2.9546,4
2026-03-27 03:58:00,2.9501,2.9501,2.9501,2.9501,2.9551,2.9551,2.9551,2.9551,1
2026-03-27 03:59:00,2.9491,2.9491,2.9491,2.9491,2.9541,2.9541,2.9541,2.9541,1
2026-03-27 04:00:00,2.9486,2.9486,2.9486,2.9486,2.9536,2.9536,2.9536,2.9536,1
2026-03-27 04:01:00,2.9491,2.9531,2.9486,2.9516,2.9541,2.9581,2.9536,2.9566,9
2026-03-27 04:02:00,2.9511,2.9516,2.9511,2.9516,2.9561,2.9566,2.9561,2.9566,2
2026-03-27 04:04:00,2.9521,2.9521,2.9521,2.9521,2.9571,2.9571,2.9571,2.9571,1
2026-03-27 04:05:00,2.9531,2.9546,2.9531,2.9531,2.9581,2.9596,2.9581,2.9581,9
2026-03-27 04:06:00,2.9536,2.9536,2.9536,2.9536,2.9586,2.9586,2.9586,2.9586,1
2026-03-27 04:08:00,2.9541,2.9541,2.9541,2.9541,2.9591,2.9591,2.9591,2.9591,1
2026-03-27 04:09:00,2.9531,2.9531,2.9531,2.9531,2.9581,2.9581,2.9581,2.9581,1
2026-03-27 04:10:00,2.9526,2.9541,2.9526,2.9541,2.9576,2.9591,2.9576,2.9591,5
2026-03-27 04:13:00,2.9536,2.9546,2.9536,2.9541,2.9586,2.9596,2.9586,2.9591,3
2026-03-27 04:16:00,2.9551,2.9551,2.9536,2.9536,2.9601,2.9601,2.9586,2.9586,3
2026-03-27 04:17:00,2.9531,2.9531,2.9531,2.9531,2.9581,2.9581,2.9581,2.9581,1
2026-03-27 04:19:00,2.9526,2.9546,2.9526,2.9546,2.9576,2.9596,2.9576,2.9596,3
2026-03-27 04:20:00,2.9556,2.9556,2.9556,2.9556,2.9606,2.9606,2.9606,2.9606,1
2026-03-27 04:21:00,2.9566,2.9566,2.9566,2.9566,2.9616,2.9616,2.9616,2.9616,1
2026-03-27 04:22:00,2.9571,2.9576,2.9566,2.9566,2.9621,2.9626,2.9616,2.9616,3
2026-03-27 04:23:00,2.9571,2.9576,2.9571,2.9576,2.9621,2.9626,2.9621,2.9626,2
2026-03-27 04:24:00,2.9566,2.9566,2.9566,2.9566,2.9616,2.9616,2.9616,2.9616,1
2026-03-27 04:26:00,2.9561,2.9561,2.9561,2.9561,2.9611,2.9611,2.9611,2.9611,1
2026-03-27 04:29:00,2.9556,2.9556,2.9556,2.9556,2.9606,2.9606,2.9606,2.9606,1
2026-03-27 04:30:00,2.9561,2.9606,2.9551,2.9581,2.9611,2.9656,2.9601,2.9631,31
2026-03-27 04:31:00,2.9591,2.9606,2.9586,2.9591,2.9641,2.9656,2.9636,2.9641,9
2026-03-27 04:32:00,2.9586,2.9606,2.9586,2.9596,2.9636,2.9656,2.9636,2.9646,9
2026-03-27 04:33:00,2.9601,2.9606,2.9576,2.9581,2.9651,2.9656,2.9626,2.9631,16
2026-03-27 04:34:00,2.9586,2.9591,2.9576,2.9576,2.9636,2.9641,2.9626,2.9626,8
2026-03-27 04:35:00,2.9581,2.9581,2.9571,2.9571,2.9631,2.9631,2.9621,2.9621,7
2026-03-27 04:36:00,2.9576,2.9576,2.9566,2.9566,2.9626,2.9626,2.9616,2.9616,3
2026-03-27 04:37:00,2.9556,2.9566,2.9506,2.9506,2.9606,2.9616,2.9556,2.9556,19
2026-03-27 04:38:00,2.9511,2.9521,2.9506,2.9511,2.9561,2.9571,2.9556,2.9561,6
2026-03-27 04:39:00,2.9506,2.9511,2.9486,2.9496,2.9556,2.9561,2.9536,2.9546,6
2026-03-27 04:43:00,2.9506,2.9506,2.9506,2.9506,2.9556,2.9556,2.9556,2.9556,1
2026-03-27 04:44:00,2.9516,2.9526,2.9511,2.9521,2.9566,2.9576,2.9561,2.9571,11
2026-03-27 04:45:00,2.9526,2.9526,2.9521,2.9521,2.9576,2.9576,2.9571,2.9571,2
2026-03-27 04:48:00,2.9526,2.9526,2.9506,2.9511,2.9576,2.9576,2.9556,2.9561,7
2026-03-27 04:49:00,2.9506,2.9506,2.9506,2.9506,2.9556,2.9556,2.9556,2.9556,1
2026-03-27 04:50:00,2.9516,2.9521,2.9511,2.9521,2.9566,2.9571,2.9561,2.9571,5
2026-03-27 04:52:00,2.9526,2.9526,2.9526,2.9526,2.9576,2.9576,2.9576,2.9576,1
2026-03-27 04:55:00,2.9536,2.9536,2.9536,2.9536,2.9586,2.9586,2.9586,2.9586,1
2026-03-27 04:56:00,2.9546,2.9546,2.9546,2.9546,2.9596,2.9596,2.9596,2.9596,1
2026-03-27 04:57:00,2.9541,2.9541,2.9536,2.9536,2.9591,2.9591,2.9586,2.9586,2
2026-03-27 04:58:00,2.9541,2.9546,2.9541,2.9546,2.9591,2.9596,2.9591,2.9596,2
2026-03-27 05:00:00,2.9541,2.9546,2.9541,2.9546,2.9591,2.9596,2.9591,2.9596,2
2026-03-27 05:02:00,2.9541,2.9541,2.9536,2.9541,2.9591,2.9591,2.9586,2.9591,3
2026-03-27 05:03:00,2.9536,2.9536,2.9526,2.9531,2.9586,2.9586,2.9576,2.9581,4
2026-03-27 05:04:00,2.9526,2.9526,2.9526,2.9526,2.9576,2.9576,2.9576,2.9576,1
2026-03-27 05:05:00,2.9516,2.9516,2.9516,2.9516,2.9566,2.9566,2.9566,2.9566,1
2026-03-27 05:07:00,2.9521,2.9521,2.9521,2.9521,2.9571,2.9571,2.9571,2.9571,1
2026-03-27 05:08:00,2.9526,2.9531,2.9526,2.9531,2.9576,2.9581,2.9576,2.9581,4
2026-03-27 05:09:00,2.9526,2.9526,2.9526,2.9526,2.9576,2.9576,2.9576,2.9576,1
2026-03-27 05:10:00,2.9536,2.9556,2.9536,2.9556,2.9586,2.9606,2.9586,2.9606,4
2026-03-27 05:11:00,2.9566,2.9576,2.9566,2.9571,2.9616,2.9626,2.9616,2.9621,4
2026-03-27 05:12:00,2.9586,2.9596,2.9586,2.9596,2.9636,2.9646,2.9636,2.9646,3
2026-03-27 05:13:00,2.9591,2.9591,2.9586,2.9591,2.9641,2.9641,2.9636,2.9641,5
2026-03-27 05:15:00,2.9586,2.9586,2.9586,2.9586,2.9636,2.9636,2.9636,2.9636,1
2026-03-27 05:16:00,2.9576,2.9576,2.9566,2.9566,2.9626,2.9626,2.9616,2.9616,2
2026-03-27 05:18:00,2.9571,2.9571,2.9566,2.9566,2.9621,2.9621,2.9616,2.9616,2
2026-03-27 05:21:00,2.9561,2.9561,2.9561,2.9561,2.9611,2.9611,2.9611,2.9611,1
2026-03-27 05:23:00,2.9556,2.9571,2.9531,2.9571,2.9606,2.9621,2.9581,2.9621,9
2026-03-27 05:24:00,2.9566,2.9566,2.9566,2.9566,2.9616,2.9616,2.9616,2.9616,1
2026-03-27 05:25:00,2.9571,2.9596,2.9571,2.9596,2.9621,2.9646,2.9621,2.9646,5
2026-03-27 05:26:00,2.9606,2.9606,2.9591,2.9591,2.9656,2.9656,2.9641,2.9641,3
2026-03-27 05:27:00,2.9586,2.9586,2.9586,2.9586,2.9636,2.9636,2.9636,2.9636,1
2026-03-27 05:28:00,2.9581,2.9581,2.9581,2.9581,2.9631,2.9631,2.9631,2.9631,1
2026-03-27 05:29:00,2.9586,2.9596,2.9586,2.9591,2.9636,2.9646,2.9636,2.9641,3
2026-03-27 05:30:00,2.9596,2.9611,2.9596,2.9606,2.9646,2.9661,2.9646,2.9656,4
2026-03-27 05:31:00,2.9596,2.9606,2.9596,2.9606,2.9646,2.9656,2.9646,2.9656,2
2026-03-27 05:32:00,2.9596,2.9596,2.9596,2.9596,2.9646,2.9646,2.9646,2.9646,1
2026-03-27 05:33:00,2.9586,2.9596,2.9586,2.9596,2.9636,2.9646,2.9636,2.9646,2
2026-03-27 05:35:00,2.9586,2.9586,2.9566,2.9576,2.9636,2.9636,2.9616,2.9626,7
2026-03-27 05:36:00,2.9586,2.9596,2.9586,2.9596,2.9636,2.9646,2.9636,2.9646,2
2026-03-27 05:37:00,2.9586,2.9586,2.9581,2.9586,2.9636,2.9636,2.9631,2.9636,3
2026-03-27 05:38:00,2.9591,2.9591,2.9591,2.9591,2.9641,2.9641,2.9641,2.9641,1
2026-03-27 05:39:00,2.9586,2.9586,2.9581,2.9581,2.9636,2.9636,2.9631,2.9631,2
2026-03-27 05:41:00,2.9576,2.9576,2.9556,2.9556,2.9626,2.9626,2.9606,2.9606,7
2026-03-27 05:42:00,2.9551,2.9556,2.9551,2.9551,2.9601,2.9606,2.9601,2.9601,3
2026-03-27 05:45:00,2.9561,2.9566,2.9561,2.9561,2.9611,2.9616,2.9611,2.9611,13
2026-03-27 05:46:00,2.9556,2.9576,2.9556,2.9576,2.9606,2.9626,2.9606,2.9626,3
2026-03-27 05:47:00,2.9571,2.9576,2.9571,2.9576,2.9621,2.9626,2.9621,2.9626,2
2026-03-27 05:48:00,2.9586,2.9606,2.9586,2.9606,2.9636,2.9656,2.9636,2.9656,3
2026-03-27 05:49:00,2.9591,2.9616,2.9591,2.9606,2.9641,2.9666,2.9641,2.9656,5
2026-03-27 05:50:00,2.9611,2.9626,2.9606,2.9626,2.9661,2.9676,2.9656,2.9676,9
2026-03-27 05:51:00,2.9631,2.9646,2.9631,2.9646,2.9681,2.9696,2.9681,2.9696,9
2026-03-27 05:52:00,2.9656,2.9691,2.9656,2.9656,2.9706,2.9741,2.9706,2.9706,11
2026-03-27 05:53:00,2.9676,2.9686,2.9671,2.9686,2.9726,2.9736,2.9721,2.9736,8
2026-03-27 05:54:00,2.9696,2.9696,2.9686,2.9696,2.9746,2.9746,2.9736,2.9746,3
2026-03-27 05:55:00,2.9701,2.9701,2.9696,2.9701,2.9751,2.9751,2.9746,2.9751,3
2026-03-27 05:56:00,2.9696,2.9696,2.9686,2.9691,2.9746,2.9746,2.9736,2.9741,5
2026-03-27 05:57:00,2.9696,2.9716,2.9696,2.9716,2.9746,2.9766,2.9746,2.9766,4
2026-03-27 05:58:00,2.9731,2.9756,2.9706,2.9756,2.9781,2.9806,2.9756,2.9806,15
2026-03-27 05:59:00,2.9766,2.9811,2.9761,2.9801,2.9816,2.9861,2.9811,2.9851,23
2026-03-27 06:00:00,2.9806,2.9811,2.9796,2.9806,2.9856,2.9861,2.9846,2.9856,9
2026-03-27 06:01:00,2.9811,2.9811,2.9776,2.9786,2.9861,2.9861,2.9826,2.9836,8
2026-03-27 06:02:00,2.9791,2.9811,2.9791,2.9806,2.9841,2.9861,2.9841,2.9856,10
2026-03-27 06:03:00,2.9811,2.9826,2.9806,2.9816,2.9861,2.9876,2.9856,2.9866,9
2026-03-27 06:04:00,2.9826,2.9841,2.9826,2.9826,2.9876,2.9891,2.9876,2.9876,6
2026-03-27 06:05:00,2.9816,2.9816,2.9776,2.9786,2.9866,2.9866,2.9826,2.9836,9
2026-03-27 06:06:00,2.9796,2.9806,2.9796,2.9806,2.9846,2.9856,2.9846,2.9856,2
2026-03-27 06:07:00,2.9811,2.9811,2.9786,2.9786,2.9861,2.9861,2.9836,2.9836,6
2026-03-27 06:08:00,2.9781,2.9796,2.9781,2.9796,2.9831,2.9846,2.9831,2.9846,17
2026-03-27 06:09:00,2.9806,2.9806,2.9796,2.9796,2.9856,2.9856,2.9846,2.9846,3
2026-03-27 06:10:00,2.9791,2.9806,2.9786,2.9801,2.9841,2.9856,2.9836,2.9851,7
2026-03-27 06:11:00,2.9796,2.9796,2.9786,2.9796,2.9846,2.9846,2.9836,2.9846,3
2026-03-27 06:12:00,2.9786,2.9786,2.9751,2.9761,2.9836,2.9836,2.9801,2.9811,10
2026-03-27 06:13:00,2.9756,2.9761,2.9736,2.9746,2.9806,2.9811,2.9786,2.9796,9
2026-03-27 06:17:00,2.9761,2.9776,2.9756,2.9761,2.9811,2.9826,2.9806,2.9811,6
2026-03-27 06:18:00,2.9756,2.9766,2.9756,2.9756,2.9806,2.9816,2.9806,2.9806,4
2026-03-27 06:19:00,2.9761,2.9771,2.9761,2.9766,2.9811,2.9821,2.9811,2.9816,5
2026-03-27 06:20:00,2.9771,2.9771,2.9766,2.9766,2.9821,2.9821,2.9816,2.9816,2
2026-03-27 06:21:00,2.9771,2.9781,2.9766,2.9776,2.9821,2.9831,2.9816,2.9826,7
2026-03-27 06:22:00,2.9781,2.9781,2.9766,2.9766,2.9831,2.9831,2.9816,2.9816,8
2026-03-27 06:23:00,2.9771,2.9771,2.9771,2.9771,2.9821,2.9821,2.9821,2.9821,1
2026-03-27 06:24:00,2.9776,2.9776,2.9776,2.9776,2.9826,2.9826,2.9826,2.9826,1
2026-03-27 06:25:00,2.9771,2.9771,2.9721,2.9726,2.9821,2.9821,2.9771,2.9776,9
2026-03-27 06:26:00,2.9711,2.9716,2.9711,2.9716,2.9761,2.9766,2.9761,2.9766,2
2026-03-27 06:27:00,2.9706,2.9721,2.9706,2.9706,2.9756,2.9771,2.9756,2.9756,7
2026-03-27 06:28:00,2.9716,2.9721,2.9716,2.9716,2.9766,2.9771,2.9766,2.9766,3
2026-03-27 06:31:00,2.9711,2.9711,2.9711,2.9711,2.9761,2.9761,2.9761,2.9761,1
2026-03-27 06:32:00,2.9716,2.9726,2.9711,2.9711,2.9766,2.9776,2.9761,2.9761,4
2026-03-27 06:33:00,2.9716,2.9726,2.9711,2.9726,2.9766,2.9776,2.9761,2.9776,5
2026-03-27 06:34:00,2.9731,2.9736,2.9726,2.9731,2.9781,2.9786,2.9776,2.9781,5
2026-03-27 06:35:00,2.9736,2.9736,2.9726,2.9726,2.9786,2.9786,2.9776,2.9776,2
2026-03-27 06:36:00,2.9716,2.9716,2.9666,2.9681,2.9766,2.9766,2.9716,2.9731,13
2026-03-27 06:37:00,2.9676,2.9676,2.9651,2.9656,2.9726,2.9726,2.9701,2.9706,4
2026-03-27 06:38:00,2.9666,2.9666,2.9646,2.9646,2.9716,2.9716,2.9696,2.9696,5
2026-03-27 06:40:00,2.9651,2.9726,2.9651,2.9726,2.9701,2.9776,2.9701,2.9776,10
2026-03-27 06:41:00,2.9721,2.9736,2.9716,2.9716,2.9771,2.9786,2.9766,2.9766,8
2026-03-27 06:42:00,2.9711,2.9711,2.9706,2.9706,2.9761,2.9761,2.9756,2.9756,2
2026-03-27 06:43:00,2.9701,2.9701,2.9671,2.9671,2.9751,2.9751,2.9721,2.9721,8
2026-03-27 06:44:00,2.9676,2.9676,2.9666,2.9666,2.9726,2.9726,2.9716,2.9716,6
2026-03-27 06:45:00,2.9671,2.9671,2.9656,2.9656,2.9721,2.9721,2.9706,2.9706,6
2026-03-27 06:46:00,2.9666,2.9671,2.9661,2.9671,2.9716,2.9721,2.9711,2.9721,9
2026-03-27 06:47:00,2.9676,2.9696,2.9676,2.9686,2.9726,2.9746,2.9726,2.9736,3
2026-03-27 06:48:00,2.9691,2.9691,2.9686,2.9686,2.9741,2.9741,2.9736,2.9736,2
2026-03-27 06:50:00,2.9701,2.9761,2.9701,2.9751,2.9751,2.9811,2.9751,2.9801,14
2026-03-27 06:51:00,2.9746,2.9751,2.9731,2.9741,2.9796,2.9801,2.9781,2.9791,6
2026-03-27 06:52:00,2.9746,2.9746,2.9741,2.9741,2.9796,2.9796,2.9791,2.9791,2
2026-03-27 06:53:00,2.9746,2.9746,2.9746,2.9746,2.9796,2.9796,2.9796,2.9796,1
2026-03-27 06:54:00,2.9751,2.9776,2.9751,2.9771,2.9801,2.9826,2.9801,2.9821,5
2026-03-27 06:55:00,2.9791,2.9791,2.9791,2.9791,2.9841,2.9841,2.9841,2.9841,1
2026-03-27 06:56:00,2.9781,2.9786,2.9781,2.9786,2.9831,2.9836,2.9831,2.9836,2
2026-03-27 06:57:00,2.9791,2.9796,2.9776,2.9776,2.9841,2.9846,2.9826,2.9826,4
2026-03-27 06:58:00,2.9781,2.9781,2.9766,2.9766,2.9831,2.9831,2.9816,2.9816,7
2026-03-27 06:59:00,2.9776,2.9776,2.9771,2.9771,2.9826,2.9826,2.9821,2.9821,2
2026-03-27 07:00:00,2.9766,2.9776,2.9751,2.9761,2.9816,2.9826,2.9801,2.9811,15
2026-03-27 07:01:00,2.9766,2.9766,2.9751,2.9751,2.9816,2.9816,2.9801,2.9801,4
2026-03-27 07:02:00,2.9756,2.9756,2.9751,2.9756,2.9806,2.9806,2.9801,2.9806,3
2026-03-27 07:03:00,2.9761,2.9761,2.9756,2.9761,2.9811,2.9811,2.9806,2.9811,3
2026-03-27 07:04:00,2.9756,2.9781,2.9756,2.9781,2.9806,2.9831,2.9806,2.9831,7
2026-03-27 07:05:00,2.9786,2.9796,2.9786,2.9796,2.9836,2.9846,2.9836,2.9846,3
2026-03-27 07:06:00,2.9791,2.9826,2.9791,2.9821,2.9841,2.9876,2.9841,2.9871,7
2026-03-27 07:07:00,2.9816,2.9816,2.9816,2.9816,2.9866,2.9866,2.9866,2.9866,1
2026-03-27 07:08:00,2.9811,2.9816,2.9811,2.9811,2.9861,2.9866,2.9861,2.9861,3
2026-03-27 07:09:00,2.9806,2.9811,2.9776,2.9786,2.9856,2.9861,2.9826,2.9836,27
2026-03-27 07:10:00,2.9781,2.9806,2.9771,2.9786,2.9831,2.9856,2.9821,2.9836,17
2026-03-27 07:11:00,2.9791,2.9806,2.9791,2.9796,2.9841,2.9856,2.9841,2.9846,9
2026-03-27 07:12:00,2.9791,2.9816,2.9791,2.9811,2.9841,2.9866,2.9841,2.9861,11
2026-03-27 07:13:00,2.9816,2.9821,2.9796,2.9816,2.9866,2.9871,2.9846,2.9866,17
2026-03-27 07:14:00,2.9821,2.9826,2.9811,2.9816,2.9871,2.9876,2.9861,2.9866,14
2026-03-27 07:15:00,2.9811,2.9821,2.9796,2.9811,2.9861,2.9871,2.9846,2.9861,14
2026-03-27 07:16:00,2.9806,2.9816,2.9806,2.9806,2.9856,2.9866,2.9856,2.9856,10
2026-03-27 07:17:00,2.9811,2.9821,2.9811,2.9821,2.9861,2.9871,2.9861,2.9871,7
2026-03-27 07:18:00,2.9826,2.9826,2.9816,2.9826,2.9876,2.9876,2.9866,2.9876,6
2026-03-27 07:19:00,2.9841,2.9871,2.9841,2.9866,2.9891,2.9921,2.9891,2.9916,12
2026-03-27 07:20:00,2.9861,2.9861,2.9851,2.9856,2.9911,2.9911,2.9901,2.9906,10
2026-03-27 07:21:00,2.9851,2.9851,2.9846,2.9846,2.9901,2.9901,2.9896,2.9896,2
2026-03-27 07:22:00,2.9856,2.9856,2.9846,2.9851,2.9906,2.9906,2.9896,2.9901,3
2026-03-27 07:23:00,2.9856,2.9856,2.9836,2.9836,2.9906,2.9906,2.9886,2.9886,6
2026-03-27 07:24:00,2.9826,2.9846,2.9806,2.9841,2.9876,2.9896,2.9856,2.9891,11
2026-03-27 07:25:00,2.9846,2.9846,2.9826,2.9831,2.9896,2.9896,2.9876,2.9881,4
2026-03-27 07:26:00,2.9841,2.9841,2.9816,2.9831,2.9891,2.9891,2.9866,2.9881,7
2026-03-27 07:27:00,2.9826,2.9851,2.9826,2.9851,2.9876,2.9901,2.9876,2.9901,6
2026-03-27 07:28:00,2.9846,2.9846,2.9846,2.9846,2.9896,2.9896,2.9896,2.9896,1
2026-03-27 07:29:00,2.9851,2.9861,2.9851,2.9861,2.9901,2.9911,2.9901,2.9911,4
2026-03-27 07:30:00,2.9866,2.9871,2.9866,2.9871,2.9916,2.9921,2.9916,2.9921,2
2026-03-27 07:31:00,2.9866,2.9871,2.9866,2.9871,2.9916,2.9921,2.9916,2.9921,6
2026-03-27 07:32:00,2.9866,2.9876,2.9866,2.9876,2.9916,2.9926,2.9916,2.9926,3
2026-03-27 07:33:00,2.9866,2.9876,2.9861,2.9866,2.9916,2.9926,2.9911,2.9916,6
2026-03-27 07:34:00,2.9861,2.9861,2.9821,2.9821,2.9911,2.9911,2.9871,2.9871,7
2026-03-27 07:35:00,2.9826,2.9831,2.9826,2.9826,2.9876,2.9881,2.9876,2.9876,3
2026-03-27 07:36:00,2.9816,2.9826,2.9806,2.9826,2.9866,2.9876,2.9856,2.9876,17
2026-03-27 07:37:00,2.9821,2.9821,2.9816,2.9816,2.9871,2.9871,2.9866,2.9866,4
2026-03-27 07:38:00,2.9821,2.9831,2.9821,2.9826,2.9871,2.9881,2.9871,2.9876,3
2026-03-27 07:39:00,2.9831,2.9846,2.9831,2.9846,2.9881,2.9896,2.9881,2.9896,2
2026-03-27 07:40:00,2.9841,2.9866,2.9841,2.9851,2.9891,2.9916,2.9891,2.9901,5
2026-03-27 07:41:00,2.9846,2.9861,2.9846,2.9861,2.9896,2.9911,2.9896,2.9911,7
2026-03-27 07:42:00,2.9866,2.9866,2.9856,2.9856,2.9916,2.9916,2.9906,2.9906,6
2026-03-27 07:43:00,2.9861,2.9861,2.9856,2.9861,2.9911,2.9911,2.9906,2.9911,3
2026-03-27 07:44:00,2.9866,2.9866,2.9856,2.9861,2.9916,2.9916,2.9906,2.9911,5
2026-03-27 07:45:00,2.9856,2.9856,2.9831,2.9831,2.9906,2.9906,2.9881,2.9881,5
2026-03-27 07:46:00,2.9836,2.9851,2.9836,2.9846,2.9886,2.9901,2.9886,2.9896,7
2026-03-27 07:47:00,2.9856,2.9861,2.9856,2.9856,2.9906,2.9911,2.9906,2.9906,5
2026-03-27 07:48:00,2.9861,2.9871,2.9856,2.9871,2.9911,2.9921,2.9906,2.9921,7
2026-03-27 07:49:00,2.9866,2.9866,2.9856,2.9856,2.9916,2.9916,2.9906,2.9906,2
2026-03-27 07:50:00,2.9866,2.9876,2.9836,2.9846,2.9916,2.9926,2.9886,2.9896,17
2026-03-27 07:51:00,2.9851,2.9856,2.9836,2.9846,2.9901,2.9906,2.9886,2.9896,15
2026-03-27 07:52:00,2.9841,2.9861,2.9826,2.9846,2.9891,2.9911,2.9876,2.9896,18
2026-03-27 07:53:00,2.9841,2.9846,2.9841,2.9841,2.9891,2.9896,2.9891,2.9891,5
2026-03-27 07:54:00,2.9846,2.9861,2.9841,2.9846,2.9896,2.9911,2.9891,2.9896,7
2026-03-27 07:55:00,2.9851,2.9851,2.9821,2.9821,2.9901,2.9901,2.9871,2.9871,20
2026-03-27 07:56:00,2.9816,2.9836,2.9811,2.9836,2.9866,2.9886,2.9861,2.9886,24
2026-03-27 07:57:00,2.9841,2.9841,2.9831,2.9836,2.9891,2.9891,2.9881,2.9886,7
2026-03-27 07:58:00,2.9831,2.9846,2.9831,2.9841,2.9881,2.9896,2.9881,2.9891,9
2026-03-27 07:59:00,2.9856,2.9861,2.9846,2.9856,2.9906,2.9911,2.9896,2.9906,7
2026-03-27 08:00:00,2.9851,2.9886,2.9851,2.9886,2.9901,2.9936,2.9901,2.9936,10
2026-03-27 08:01:00,2.9891,2.9896,2.9786,2.9836,2.9941,2.9946,2.9836,2.9886,40
2026-03-27 08:02:00,2.9826,2.9826,2.9686,2.9746,2.9876,2.9876,2.9736,2.9796,55
2026-03-27 08:03:00,2.9751,2.9766,2.9701,2.9721,2.9801,2.9816,2.9751,2.9771,27
2026-03-27 08:04:00,2.9726,2.9746,2.9681,2.9701,2.9776,2.9796,2.9731,2.9751,17
2026-03-27 08:05:00,2.9696,2.9696,2.9681,2.9691,2.9746,2.9746,2.9731,2.9741,6
2026-03-27 08:06:00,2.9696,2.9736,2.9696,2.9696,2.9746,2.9786,2.9746,2.9746,12
2026-03-27 08:07:00,2.9706,2.9756,2.9691,2.9751,2.9756,2.9806,2.9741,2.9801,23
2026-03-27 08:08:00,2.9756,2.9756,2.9751,2.9751,2.9806,2.9806,2.9801,2.9801,2
2026-03-27 08:09:00,2.9756,2.9786,2.9756,2.9786,2.9806,2.9836,2.9806,2.9836,10
2026-03-27 08:10:00,2.9796,2.9806,2.9786,2.9786,2.9846,2.9856,2.9836,2.9836,5
2026-03-27 08:11:00,2.9776,2.9806,2.9776,2.9801,2.9826,2.9856,2.9826,2.9851,10
2026-03-27 08:12:00,2.9796,2.9806,2.9796,2.9806,2.9846,2.9856,2.9846,2.9856,12
2026-03-27 08:13:00,2.9816,2.9856,2.9811,2.9851,2.9866,2.9906,2.9861,2.9901,17
2026-03-27 08:14:00,2.9856,2.9881,2.9856,2.9866,2.9906,2.9931,2.9906,2.9916,6
2026-03-27 08:15:00,2.9856,2.9866,2.9836,2.9836,2.9906,2.9916,2.9886,2.9886,11
2026-03-27 08:16:00,2.9841,2.9851,2.9826,2.9846,2.9891,2.9901,2.9876,2.9896,14
2026-03-27 08:17:00,2.9851,2.9851,2.9831,2.9846,2.9901,2.9901,2.9881,2.9896,7
2026-03-27 08:18:00,2.9856,2.9861,2.9846,2.9856,2.9906,2.9911,2.9896,2.9906,7
2026-03-27 08:19:00,2.9861,2.9866,2.9846,2.9861,2.9911,2.9916,2.9896,2.9911,20
2026-03-27 08:20:00,2.9876,2.9876,2.9846,2.9846,2.9926,2.9926,2.9896,2.9896,8
2026-03-27 08:21:00,2.9861,2.9871,2.9856,2.9866,2.9911,2.9921,2.9906,2.9916,12
2026-03-27 08:22:00,2.9876,2.9876,2.9861,2.9861,2.9926,2.9926,2.9911,2.9911,6
2026-03-27 08:23:00,2.9856,2.9861,2.9856,2.9856,2.9906,2.9911,2.9906,2.9906,7
2026-03-27 08:24:00,2.9861,2.9886,2.9861,2.9881,2.9911,2.9936,2.9911,2.9931,10
2026-03-27 08:25:00,2.9896,2.9896,2.9886,2.9896,2.9946,2.9946,2.9936,2.9946,12
2026-03-27 08:26:00,2.9891,2.9906,2.9886,2.9906,2.9941,2.9956,2.9936,2.9956,6
2026-03-27 08:27:00,2.9901,2.9916,2.9896,2.9916,2.9951,2.9966,2.9946,2.9966,8
2026-03-27 08:29:00,2.9926,2.9946,2.9926,2.9946,2.9976,2.9996,2.9976,2.9996,6
2026-03-27 08:30:00,2.9951,2.9951,2.9921,2.9936,3.0001,3.0001,2.9971,2.9986,17
2026-03-27 08:31:00,2.9941,2.9941,2.9936,2.9936,2.9991,2.9991,2.9986,2.9986,4
2026-03-27 08:32:00,2.9926,2.9926,2.9916,2.9921,2.9976,2.9976,2.9966,2.9971,5
2026-03-27 08:33:00,2.9911,2.9921,2.9911,2.9921,2.9961,2.9971,2.9961,2.9971,5
2026-03-27 08:34:00,2.9916,2.9931,2.9911,2.9931,2.9966,2.9981,2.9961,2.9981,13
2026-03-27 08:35:00,2.9926,2.9931,2.9926,2.9931,2.9976,2.9981,2.9976,2.9981,4
2026-03-27 08:36:00,2.9936,2.9941,2.9916,2.9921,2.9986,2.9991,2.9966,2.9971,6
2026-03-27 08:38:00,2.9916,2.9931,2.9916,2.9931,2.9966,2.9981,2.9966,2.9981,8
2026-03-27 08:39:00,2.9926,2.9931,2.9926,2.9931,2.9976,2.9981,2.9976,2.9981,2
2026-03-27 08:40:00,2.9926,2.9941,2.9926,2.9941,2.9976,2.9991,2.9976,2.9991,3
2026-03-27 08:41:00,2.9946,2.9971,2.9946,2.9961,2.9996,3.0021,2.9996,3.0011,7
2026-03-27 08:42:00,2.9976,2.9976,2.9961,2.9961,3.0026,3.0026,3.0011,3.0011,6
2026-03-27 08:43:00,2.9966,2.9981,2.9961,2.9976,3.0016,3.0031,3.0011,3.0026,7
2026-03-27 08:44:00,2.9981,2.9981,2.9976,2.9976,3.0031,3.0031,3.0026,3.0026,2
2026-03-27 08:45:00,2.9966,2.9971,2.9926,2.9941,3.0016,3.0021,2.9976,2.9991,12
2026-03-27 08:46:00,2.9936,2.9936,2.9931,2.9936,2.9986,2.9986,2.9981,2.9986,5
2026-03-27 08:47:00,2.9941,2.9951,2.9936,2.9936,2.9991,3.0001,2.9986,2.9986,15
2026-03-27 08:48:00,2.9931,2.9936,2.9916,2.9936,2.9981,2.9986,2.9966,2.9986,8
2026-03-27 08:49:00,2.9926,2.9926,2.9896,2.9906,2.9976,2.9976,2.9946,2.9956,32
2026-03-27 08:50:00,2.9911,2.9941,2.9911,2.9941,2.9961,2.9991,2.9961,2.9991,8
2026-03-27 08:51:00,2.9936,2.9961,2.9931,2.9951,2.9986,3.0011,2.9981,3.0001,16
2026-03-27 08:52:00,2.9946,2.9976,2.9946,2.9966,2.9996,3.0026,2.9996,3.0016,10
2026-03-27 08:53:00,2.9971,2.9981,2.9966,2.9981,3.0021,3.0031,3.0016,3.0031,7
2026-03-27 08:54:00,2.9976,2.9981,2.9976,2.9981,3.0026,3.0031,3.0026,3.0031,2
2026-03-27 08:55:00,2.9976,2.9986,2.9971,2.9971,3.0026,3.0036,3.0021,3.0021,4
2026-03-27 08:56:00,2.9966,2.9976,2.9966,2.9976,3.0016,3.0026,3.0016,3.0026,7
2026-03-27 08:57:00,2.9971,2.9976,2.9966,2.9971,3.0021,3.0026,3.0016,3.0021,5
2026-03-27 08:58:00,2.9976,2.9976,2.9971,2.9971,3.0026,3.0026,3.0021,3.0021,2
2026-03-27 08:59:00,2.9966,2.9976,2.9966,2.9976,3.0016,3.0026,3.0016,3.0026,3
2026-03-27 09:00:00,2.9971,2.9971,2.9946,2.9956,3.0021,3.0021,2.9996,3.0006,12
2026-03-27 09:01:00,2.9951,2.9951,2.9926,2.9926,3.0001,3.0001,2.9976,2.9976,13
2026-03-27 09:02:00,2.9921,2.9961,2.9921,2.9956,2.9971,3.0011,2.9971,3.0006,24
2026-03-27 09:03:00,2.9961,2.9961,2.9936,2.9946,3.0011,3.0011,2.9986,2.9996,11
2026-03-27 09:04:00,2.9936,2.9956,2.9936,2.9946,2.9986,3.0006,2.9986,2.9996,8
2026-03-27 09:05:00,2.9941,2.9946,2.9936,2.9946,2.9991,2.9996,2.9986,2.9996,4
2026-03-27 09:06:00,2.9951,2.9951,2.9951,2.9951,3.0001,3.0001,3.0001,3.0001,1
2026-03-27 09:07:00,2.9946,2.9946,2.9946,2.9946,2.9996,2.9996,2.9996,2.9996,1
2026-03-27 09:08:00,2.9951,2.9976,2.9941,2.9941,3.0001,3.0026,2.9991,2.9991,14
2026-03-27 09:09:00,2.9936,2.9936,2.9911,2.9926,2.9986,2.9986,2.9961,2.9976,13
2026-03-27 09:10:00,2.9931,2.9931,2.9926,2.9926,2.9981,2.9981,2.9976,2.9976,6
2026-03-27 09:11:00,2.9931,2.9936,2.9916,2.9921,2.9981,2.9986,2.9966,2.9971,10
2026-03-27 09:12:00,2.9926,2.9926,2.9921,2.9926,2.9976,2.9976,2.9971,2.9976,3
2026-03-27 09:13:00,2.9931,2.9931,2.9931,2.9931,2.9981,2.9981,2.9981,2.9981,1
2026-03-27 09:15:00,2.9936,2.9936,2.9931,2.9931,2.9986,2.9986,2.9981,2.9981,2
2026-03-27 09:16:00,2.9941,2.9946,2.9926,2.9941,2.9991,2.9996,2.9976,2.9991,8
2026-03-27 09:17:00,2.9951,2.9961,2.9951,2.9951,3.0001,3.0011,3.0001,3.0001,8
2026-03-27 09:18:00,2.9961,2.9976,2.9961,2.9971,3.0011,3.0026,3.0011,3.0021,4
2026-03-27 09:19:00,2.9966,2.9976,2.9956,2.9971,3.0016,3.0026,3.0006,3.0021,7
2026-03-27 09:20:00,2.9966,2.9976,2.9966,2.9976,3.0016,3.0026,3.0016,3.0026,3
2026-03-27 09:21:00,2.9986,2.9986,2.9961,2.9971,3.0036,3.0036,3.0011,3.0021,11
2026-03-27 09:22:00,2.9966,2.9976,2.9966,2.9976,3.0016,3.0026,3.0016,3.0026,8
2026-03-27 09:24:00,2.9986,2.9996,2.9986,2.9986,3.0036,3.0046,3.0036,3.0036,5
2026-03-27 09:25:00,2.9981,2.9991,2.9971,2.9981,3.0031,3.0041,3.0021,3.0031,9
2026-03-27 09:27:00,2.9976,2.9996,2.9976,2.9986,3.0026,3.0046,3.0026,3.0036,6
2026-03-27 09:28:00,2.9996,3.0006,2.9986,3.0001,3.0046,3.0056,3.0036,3.0051,6
2026-03-27 09:29:00,3.0006,3.0006,2.9986,2.9991,3.0056,3.0056,3.0036,3.0041,13
2026-03-27 09:30:00,2.9996,3.0006,2.9976,3.0001,3.0046,3.0056,3.0026,3.0051,23
2026-03-27 09:31:00,3.0006,3.0011,3.0006,3.0011,3.0056,3.0061,3.0056,3.0061,6
2026-03-27 09:32:00,3.0006,3.0006,2.9976,2.9981,3.0056,3.0056,3.0026,3.0031,14
2026-03-27 09:33:00,2.9976,2.9976,2.9956,2.9956,3.0026,3.0026,3.0006,3.0006,3
2026-03-27 09:34:00,2.9951,2.9951,2.9941,2.9941,3.0001,3.0001,2.9991,2.9991,4
2026-03-27 09:35:00,2.9946,2.9961,2.9946,2.9961,2.9996,3.0011,2.9996,3.0011,3
2026-03-27 09:36:00,2.9956,2.9981,2.9956,2.9956,3.0006,3.0031,3.0006,3.0006,8
2026-03-27 09:37:00,2.9951,2.9961,2.9946,2.9956,3.0001,3.0011,2.9996,3.0006,8
2026-03-27 09:38:00,2.9951,2.9976,2.9951,2.9976,3.0001,3.0026,3.0001,3.0026,4
2026-03-27 09:39:00,2.9961,2.9976,2.9961,2.9966,3.0011,3.0026,3.0011,3.0016,15
2026-03-27 09:41:00,2.9961,3.0016,2.9956,3.0016,3.0011,3.0066,3.0006,3.0066,11
2026-03-27 09:42:00,3.0021,3.0161,3.0021,3.0136,3.0071,3.0211,3.0071,3.0186,51
2026-03-27 09:43:00,3.0126,3.0156,3.0126,3.0146,3.0176,3.0206,3.0176,3.0196,16
2026-03-27 09:44:00,3.0161,3.0161,3.0146,3.0161,3.0211,3.0211,3.0196,3.0211,12
2026-03-27 09:45:00,3.0166,3.0166,3.0146,3.0156,3.0216,3.0216,3.0196,3.0206,14
2026-03-27 09:46:00,3.0161,3.0216,3.0156,3.0206,3.0211,3.0266,3.0206,3.0256,29
2026-03-27 09:47:00,3.0201,3.0216,3.0196,3.0216,3.0251,3.0266,3.0246,3.0266,13
2026-03-27 09:48:00,3.0226,3.0276,3.0226,3.0256,3.0276,3.0326,3.0276,3.0306,22
2026-03-27 09:49:00,3.0261,3.0276,3.0256,3.0266,3.0311,3.0326,3.0306,3.0316,18
2026-03-27 09:50:00,3.0261,3.0271,3.0261,3.0271,3.0311,3.0321,3.0311,3.0321,13
2026-03-27 09:51:00,3.0286,3.0286,3.0266,3.0281,3.0336,3.0336,3.0316,3.0331,11
2026-03-27 09:52:00,3.0286,3.0316,3.0286,3.0301,3.0336,3.0366,3.0336,3.0351,17
2026-03-27 09:53:00,3.0316,3.0316,3.0301,3.0316,3.0366,3.0366,3.0351,3.0366,20
2026-03-27 09:54:00,3.0306,3.0316,3.0306,3.0316,3.0356,3.0366,3.0356,3.0366,4
2026-03-27 09:55:00,3.0311,3.0311,3.0291,3.0306,3.0361,3.0361,3.0341,3.0356,9
2026-03-27 09:56:00,3.0311,3.0316,3.0306,3.0306,3.0361,3.0366,3.0356,3.0356,10
2026-03-27 09:57:00,3.0316,3.0316,3.0306,3.0311,3.0366,3.0366,3.0356,3.0361,4
2026-03-27 09:58:00,3.0316,3.0336,3.0306,3.0316,3.0366,3.0386,3.0356,3.0366,12
2026-03-27 09:59:00,3.0311,3.0316,3.0306,3.0316,3.0361,3.0366,3.0356,3.0366,5
2026-03-27 10:00:00,3.0306,3.0376,3.0286,3.0366,3.0356,3.0426,3.0336,3.0416,29
2026-03-27 10:01:00,3.0371,3.0396,3.0371,3.0396,3.0421,3.0446,3.0421,3.0446,14
2026-03-27 10:02:00,3.0391,3.0406,3.0376,3.0391,3.0441,3.0456,3.0426,3.0441,16
2026-03-27 10:03:00,3.0386,3.0386,3.0376,3.0381,3.0436,3.0436,3.0426,3.0431,6
2026-03-27 10:04:00,3.0386,3.0396,3.0381,3.0386,3.0436,3.0446,3.0431,3.0436,10
2026-03-27 10:05:00,3.0391,3.0436,3.0391,3.0436,3.0441,3.0486,3.0441,3.0486,11
2026-03-27 10:06:00,3.0446,3.0461,3.0436,3.0451,3.0496,3.0511,3.0486,3.0501,17
2026-03-27 10:07:00,3.0446,3.0451,3.0436,3.0451,3.0496,3.0501,3.0486,3.0501,16
2026-03-27 10:08:00,3.0456,3.0466,3.0446,3.0446,3.0506,3.0516,3.0496,3.0496,9
2026-03-27 10:09:00,3.0441,3.0456,3.0431,3.0436,3.0491,3.0506,3.0481,3.0486,14
2026-03-27 10:10:00,3.0441,3.0456,3.0441,3.0446,3.0491,3.0506,3.0491,3.0496,7
2026-03-27 10:11:00,3.0451,3.0451,3.0426,3.0426,3.0501,3.0501,3.0476,3.0476,6
2026-03-27 10:12:00,3.0431,3.0431,3.0401,3.0401,3.0481,3.0481,3.0451,3.0451,15
2026-03-27 10:13:00,3.0411,3.0421,3.0396,3.0401,3.0461,3.0471,3.0446,3.0451,20
2026-03-27 10:14:00,3.0406,3.0416,3.0396,3.0406,3.0456,3.0466,3.0446,3.0456,19
2026-03-27 10:15:00,3.0401,3.0416,3.0386,3.0416,3.0451,3.0466,3.0436,3.0466,18
2026-03-27 10:16:00,3.0406,3.0446,3.0406,3.0446,3.0456,3.0496,3.0456,3.0496,16
2026-03-27 10:17:00,3.0451,3.0461,3.0446,3.0446,3.0501,3.0511,3.0496,3.0496,6
2026-03-27 10:18:00,3.0441,3.0446,3.0406,3.0416,3.0491,3.0496,3.0456,3.0466,18
2026-03-27 10:19:00,3.0421,3.0456,3.0406,3.0456,3.0471,3.0506,3.0456,3.0506,12
2026-03-27 10:20:00,3.0451,3.0451,3.0426,3.0431,3.0501,3.0501,3.0476,3.0481,10
2026-03-27 10:21:00,3.0436,3.0436,3.0401,3.0416,3.0486,3.0486,3.0451,3.0466,17
2026-03-27 10:22:00,3.0426,3.0446,3.0416,3.0426,3.0476,3.0496,3.0466,3.0476,7
2026-03-27 10:23:00,3.0436,3.0456,3.0426,3.0426,3.0486,3.0506,3.0476,3.0476,20
2026-03-27 10:24:00,3.0421,3.0426,3.0416,3.0421,3.0471,3.0476,3.0466,3.0471,16
2026-03-27 10:25:00,3.0416,3.0441,3.0401,3.0426,3.0466,3.0491,3.0451,3.0476,26
2026-03-27 10:26:00,3.0431,3.0436,3.0416,3.0431,3.0481,3.0486,3.0466,3.0481,10
2026-03-27 10:27:00,3.0441,3.0446,3.0406,3.0436,3.0491,3.0496,3.0456,3.0486,35
2026-03-27 10:28:00,3.0426,3.0436,3.0426,3.0436,3.0476,3.0486,3.0476,3.0486,7
2026-03-27 10:29:00,3.0431,3.0431,3.0401,3.0406,3.0481,3.0481,3.0451,3.0456,16
2026-03-27 10:30:00,3.0411,3.0436,3.0411,3.0416,3.0461,3.0486,3.0461,3.0466,14
2026-03-27 10:31:00,3.0426,3.0426,3.0411,3.0416,3.0476,3.0476,3.0461,3.0466,5
2026-03-27 10:32:00,3.0406,3.0406,3.0336,3.0351,3.0456,3.0456,3.0386,3.0401,43
2026-03-27 10:33:00,3.0346,3.0366,3.0336,3.0366,3.0396,3.0416,3.0386,3.0416,15
2026-03-27 10:34:00,3.0356,3.0391,3.0356,3.0371,3.0406,3.0441,3.0406,3.0421,19
2026-03-27 10:35:00,3.0376,3.0406,3.0371,3.0401,3.0426,3.0456,3.0421,3.0451,10
2026-03-27 10:36:00,3.0406,3.0416,3.0341,3.0366,3.0456,3.0466,3.0391,3.0416,21
2026-03-27 10:37:00,3.0351,3.0406,3.0341,3.0401,3.0401,3.0456,3.0391,3.0451,21
2026-03-27 10:38:00,3.0406,3.0406,3.0356,3.0361,3.0456,3.0456,3.0406,3.0411,14
2026-03-27 10:39:00,3.0366,3.0371,3.0326,3.0346,3.0416,3.0421,3.0376,3.0396,32
2026-03-27 10:40:00,3.0351,3.0376,3.0346,3.0371,3.0401,3.0426,3.0396,3.0421,11
2026-03-27 10:41:00,3.0376,3.0376,3.0356,3.0356,3.0426,3.0426,3.0406,3.0406,4
2026-03-27 10:42:00,3.0351,3.0361,3.0336,3.0346,3.0401,3.0411,3.0386,3.0396,15
2026-03-27 10:44:00,3.0351,3.0351,3.0336,3.0336,3.0401,3.0401,3.0386,3.0386,6
2026-03-27 10:45:00,3.0341,3.0341,3.0316,3.0321,3.0391,3.0391,3.0366,3.0371,7
2026-03-27 10:46:00,3.0316,3.0351,3.0316,3.0336,3.0366,3.0401,3.0366,3.0386,11
2026-03-27 10:47:00,3.0341,3.0361,3.0341,3.0361,3.0391,3.0411,3.0391,3.0411,4
2026-03-27 10:48:00,3.0376,3.0386,3.0376,3.0381,3.0426,3.0436,3.0426,3.0431,6
2026-03-27 10:49:00,3.0386,3.0406,3.0386,3.0401,3.0436,3.0456,3.0436,3.0451,7
2026-03-27 10:50:00,3.0396,3.0401,3.0386,3.0396,3.0446,3.0451,3.0436,3.0446,4
2026-03-27 10:51:00,3.0386,3.0386,3.0371,3.0376,3.0436,3.0436,3.0421,3.0426,5
2026-03-27 10:52:00,3.0371,3.0386,3.0371,3.0376,3.0421,3.0436,3.0421,3.0426,4
2026-03-27 10:53:00,3.0371,3.0376,3.0361,3.0361,3.0421,3.0426,3.0411,3.0411,6
2026-03-27 10:54:00,3.0366,3.0391,3.0356,3.0391,3.0416,3.0441,3.0406,3.0441,14
2026-03-27 10:55:00,3.0386,3.0386,3.0361,3.0376,3.0436,3.0436,3.0411,3.0426,8
2026-03-27 10:56:00,3.0381,3.0391,3.0381,3.0386,3.0431,3.0441,3.0431,3.0436,8
2026-03-27 10:57:00,3.0381,3.0381,3.0356,3.0371,3.0431,3.0431,3.0406,3.0421,9
2026-03-27 10:58:00,3.0376,3.0376,3.0366,3.0366,3.0426,3.0426,3.0416,3.0416,3
2026-03-27 10:59:00,3.0371,3.0386,3.0371,3.0376,3.0421,3.0436,3.0421,3.0426,5
2026-03-27 11:00:00,3.0386,3.0406,3.0376,3.0376,3.0436,3.0456,3.0426,3.0426,8
2026-03-27 11:01:00,3.0381,3.0411,3.0381,3.0406,3.0431,3.0461,3.0431,3.0456,19
2026-03-27 11:02:00,3.0411,3.0416,3.0406,3.0406,3.0461,3.0466,3.0456,3.0456,3
2026-03-27 11:03:00,3.0411,3.0416,3.0396,3.0396,3.0461,3.0466,3.0446,3.0446,9
2026-03-27 11:04:00,3.0401,3.0406,3.0401,3.0406,3.0451,3.0456,3.0451,3.0456,2
2026-03-27 11:05:00,3.0401,3.0406,3.0401,3.0406,3.0451,3.0456,3.0451,3.0456,2
2026-03-27 11:06:00,3.0396,3.0406,3.0391,3.0401,3.0446,3.0456,3.0441,3.0451,8
2026-03-27 11:07:00,3.0396,3.0396,3.0376,3.0391,3.0446,3.0446,3.0426,3.0441,9
2026-03-27 11:08:00,3.0386,3.0396,3.0386,3.0396,3.0436,3.0446,3.0436,3.0446,7
2026-03-27 11:09:00,3.0391,3.0396,3.0371,3.0376,3.0441,3.0446,3.0421,3.0426,16
2026-03-27 11:10:00,3.0371,3.0386,3.0366,3.0386,3.0421,3.0436,3.0416,3.0436,8
2026-03-27 11:11:00,3.0391,3.0396,3.0391,3.0391,3.0441,3.0446,3.0441,3.0441,5
2026-03-27 11:12:00,3.0396,3.0426,3.0396,3.0416,3.0446,3.0476,3.0446,3.0466,18
2026-03-27 11:13:00,3.0421,3.0441,3.0421,3.0436,3.0471,3.0491,3.0471,3.0486,5
2026-03-27 11:14:00,3.0426,3.0431,3.0406,3.0416,3.0476,3.0481,3.0456,3.0466,11
2026-03-27 11:15:00,3.0411,3.0416,3.0406,3.0416,3.0461,3.0466,3.0456,3.0466,3
2026-03-27 11:16:00,3.0411,3.0416,3.0406,3.0406,3.0461,3.0466,3.0456,3.0456,4
2026-03-27 11:17:00,3.0416,3.0416,3.0411,3.0416,3.0466,3.0466,3.0461,3.0466,3
2026-03-27 11:18:00,3.0406,3.0416,3.0406,3.0416,3.0456,3.0466,3.0456,3.0466,7
2026-03-27 11:19:00,3.0406,3.0496,3.0406,3.0491,3.0456,3.0546,3.0456,3.0541,19
2026-03-27 11:20:00,3.0496,3.0496,3.0476,3.0496,3.0546,3.0546,3.0526,3.0546,6
2026-03-27 11:21:00,3.0501,3.0511,3.0496,3.0501,3.0551,3.0561,3.0546,3.0551,9
2026-03-27 11:22:00,3.0496,3.0516,3.0496,3.0516,3.0546,3.0566,3.0546,3.0566,4
2026-03-27 11:23:00,3.0506,3.0506,3.0476,3.0486,3.0556,3.0556,3.0526,3.0536,7
2026-03-27 11:24:00,3.0481,3.0516,3.0481,3.0516,3.0531,3.0566,3.0531,3.0566,21
2026-03-27 11:25:00,3.0521,3.0546,3.0516,3.0531,3.0571,3.0596,3.0566,3.0581,20
2026-03-27 11:26:00,3.0536,3.0556,3.0536,3.0551,3.0586,3.0606,3.0586,3.0601,20
2026-03-27 11:27:00,3.0556,3.0586,3.0546,3.0586,3.0606,3.0636,3.0596,3.0636,24
2026-03-27 11:28:00,3.0576,3.0586,3.0576,3.0576,3.0626,3.0636,3.0626,3.0626,21
2026-03-27 11:29:00,3.0586,3.0586,3.0546,3.0556,3.0636,3.0636,3.0596,3.0606,10
2026-03-27 11:30:00,3.0561,3.0566,3.0536,3.0536,3.0611,3.0616,3.0586,3.0586,18
2026-03-27 11:31:00,3.0526,3.0556,3.0526,3.0536,3.0576,3.0606,3.0576,3.0586,11
2026-03-27 11:32:00,3.0541,3.0566,3.0536,3.0566,3.0591,3.0616,3.0586,3.0616,13
2026-03-27 11:33:00,3.0576,3.0616,3.0576,3.0606,3.0626,3.0666,3.0626,3.0656,18
2026-03-27 11:34:00,3.0596,3.0596,3.0556,3.0576,3.0646,3.0646,3.0606,3.0626,12
2026-03-27 11:35:00,3.0581,3.0586,3.0566,3.0586,3.0631,3.0636,3.0616,3.0636,6
2026-03-27 11:36:00,3.0596,3.0606,3.0591,3.0591,3.0646,3.0656,3.0641,3.0641,6
2026-03-27 11:37:00,3.0586,3.0606,3.0586,3.0596,3.0636,3.0656,3.0636,3.0646,5
2026-03-27 11:38:00,3.0591,3.0596,3.0586,3.0596,3.0641,3.0646,3.0636,3.0646,3
2026-03-27 11:39:00,3.0606,3.0606,3.0576,3.0586,3.0656,3.0656,3.0626,3.0636,8
2026-03-27 11:40:00,3.0591,3.0616,3.0591,3.0606,3.0641,3.0666,3.0641,3.0656,18
2026-03-27 11:41:00,3.0611,3.0626,3.0606,3.0616,3.0661,3.0676,3.0656,3.0666,12
2026-03-27 11:42:00,3.0626,3.0636,3.0606,3.0606,3.0676,3.0686,3.0656,3.0656,18
2026-03-27 11:43:00,3.0616,3.0616,3.0606,3.0616,3.0666,3.0666,3.0656,3.0666,5
2026-03-27 11:44:00,3.0606,3.0626,3.0606,3.0626,3.0656,3.0676,3.0656,3.0676,7
2026-03-27 11:45:00,3.0631,3.0696,3.0631,3.0676,3.0681,3.0746,3.0681,3.0726,17
2026-03-27 11:46:00,3.0671,3.0671,3.0656,3.0671,3.0721,3.0721,3.0706,3.0721,11
2026-03-27 11:47:00,3.0676,3.0706,3.0671,3.0706,3.0726,3.0756,3.0721,3.0756,11
2026-03-27 11:48:00,3.0696,3.0696,3.0676,3.0686,3.0746,3.0746,3.0726,3.0736,15
2026-03-27 11:49:00,3.0681,3.0736,3.0676,3.0736,3.0731,3.0786,3.0726,3.0786,14
2026-03-27 11:50:00,3.0726,3.0726,3.0636,3.0651,3.0776,3.0776,3.0686,3.0701,25
2026-03-27 11:51:00,3.0656,3.0686,3.0646,3.0686,3.0706,3.0736,3.0696,3.0736,17
2026-03-27 11:52:00,3.0676,3.0736,3.0676,3.0726,3.0726,3.0786,3.0726,3.0776,12
2026-03-27 11:53:00,3.0716,3.0721,3.0686,3.0696,3.0766,3.0771,3.0736,3.0746,16
2026-03-27 11:54:00,3.0686,3.0696,3.0686,3.0696,3.0736,3.0746,3.0736,3.0746,4
2026-03-27 11:55:00,3.0701,3.0706,3.0691,3.0696,3.0751,3.0756,3.0741,3.0746,17
2026-03-27 11:56:00,3.0701,3.0701,3.0686,3.0686,3.0751,3.0751,3.0736,3.0736,8
2026-03-27 11:57:00,3.0691,3.0696,3.0666,3.0696,3.0741,3.0746,3.0716,3.0746,12
2026-03-27 11:58:00,3.0701,3.0716,3.0701,3.0706,3.0751,3.0766,3.0751,3.0756,6
2026-03-27 11:59:00,3.0696,3.0696,3.0676,3.0681,3.0746,3.0746,3.0726,3.0731,10
2026-03-27 12:00:00,3.0676,3.0676,3.0596,3.0616,3.0726,3.0726,3.0646,3.0666,36
2026-03-27 12:01:00,3.0621,3.0686,3.0616,3.0686,3.0671,3.0736,3.0666,3.0736,33
2026-03-27 12:02:00,3.0676,3.0696,3.0656,3.0656,3.0726,3.0746,3.0706,3.0706,23
2026-03-27 12:03:00,3.0651,3.0666,3.0626,3.0636,3.0701,3.0716,3.0676,3.0686,42
2026-03-27 12:04:00,3.0641,3.0646,3.0626,3.0641,3.0691,3.0696,3.0676,3.0691,21
2026-03-27 12:05:00,3.0646,3.0666,3.0631,3.0646,3.0696,3.0716,3.0681,3.0696,21
2026-03-27 12:06:00,3.0641,3.0686,3.0641,3.0686,3.0691,3.0736,3.0691,3.0736,25
2026-03-27 12:07:00,3.0681,3.0716,3.0646,3.0651,3.0731,3.0766,3.0696,3.0701,84
2026-03-27 12:08:00,3.0656,3.0676,3.0651,3.0666,3.0706,3.0726,3.0701,3.0716,15
2026-03-27 12:09:00,3.0661,3.0661,3.0616,3.0656,3.0711,3.0711,3.0666,3.0706,13
2026-03-27 12:10:00,3.0646,3.0671,3.0606,3.0671,3.0696,3.0721,3.0656,3.0721,27
2026-03-27 12:11:00,3.0666,3.0666,3.0636,3.0636,3.0716,3.0716,3.0686,3.0686,18
2026-03-27 12:12:00,3.0646,3.0646,3.0626,3.0626,3.0696,3.0696,3.0676,3.0676,14
2026-03-27 12:13:00,3.0631,3.0646,3.0586,3.0611,3.0681,3.0696,3.0636,3.0661,50
2026-03-27 12:14:00,3.0616,3.0626,3.0586,3.0586,3.0666,3.0676,3.0636,3.0636,27
2026-03-27 12:15:00,3.0576,3.0576,3.0516,3.0516,3.0626,3.0626,3.0566,3.0566,28
2026-03-27 12:16:00,3.0526,3.0546,3.0466,3.0546,3.0576,3.0596,3.0516,3.0596,27
2026-03-27 12:17:00,3.0556,3.0586,3.0546,3.0576,3.0606,3.0636,3.0596,3.0626,25
2026-03-27 12:18:00,3.0581,3.0596,3.0556,3.0596,3.0631,3.0646,3.0606,3.0646,16
2026-03-27 12:19:00,3.0591,3.0591,3.0536,3.0581,3.0641,3.0641,3.0586,3.0631,26
2026-03-27 12:20:00,3.0576,3.0586,3.0576,3.0586,3.0626,3.0636,3.0626,3.0636,7
2026-03-27 12:21:00,3.0591,3.0596,3.0556,3.0561,3.0641,3.0646,3.0606,3.0611,12
2026-03-27 12:22:00,3.0566,3.0606,3.0566,3.0601,3.0616,3.0656,3.0616,3.0651,10
2026-03-27 12:23:00,3.0606,3.0626,3.0596,3.0626,3.0656,3.0676,3.0646,3.0676,10
2026-03-27 12:24:00,3.0621,3.0666,3.0606,3.0646,3.0671,3.0716,3.0656,3.0696,33
2026-03-27 12:25:00,3.0641,3.0641,3.0596,3.0611,3.0691,3.0691,3.0646,3.0661,17
2026-03-27 12:26:00,3.0616,3.0636,3.0606,3.0626,3.0666,3.0686,3.0656,3.0676,14
2026-03-27 12:27:00,3.0631,3.0631,3.0586,3.0606,3.0681,3.0681,3.0636,3.0656,15
2026-03-27 12:28:00,3.0616,3.0646,3.0616,3.0636,3.0666,3.0696,3.0666,3.0686,14
2026-03-27 12:29:00,3.0631,3.0666,3.0631,3.0666,3.0681,3.0716,3.0681,3.0716,25
2026-03-27 12:30:00,3.0656,3.0696,3.0656,3.0666,3.0706,3.0746,3.0706,3.0716,26
2026-03-27 12:31:00,3.0656,3.0716,3.0656,3.0706,3.0706,3.0766,3.0706,3.0756,24
2026-03-27 12:32:00,3.0701,3.0711,3.0676,3.0686,3.0751,3.0761,3.0726,3.0736,34
2026-03-27 12:33:00,3.0691,3.0696,3.0596,3.0596,3.0741,3.0746,3.0646,3.0646,46
2026-03-27 12:34:00,3.0601,3.0636,3.0596,3.0606,3.0651,3.0686,3.0646,3.0656,21
2026-03-27 12:35:00,3.0596,3.0626,3.0596,3.0626,3.0646,3.0676,3.0646,3.0676,27
2026-03-27 12:36:00,3.0631,3.0646,3.0606,3.0626,3.0681,3.0696,3.0656,3.0676,22
2026-03-27 12:37:00,3.0621,3.0646,3.0606,3.0626,3.0671,3.0696,3.0656,3.0676,21
2026-03-27 12:38:00,3.0621,3.0621,3.0596,3.0616,3.0671,3.0671,3.0646,3.0666,9
2026-03-27 12:39:00,3.0611,3.0616,3.0546,3.0556,3.0661,3.0666,3.0596,3.0606,18
2026-03-27 12:40:00,3.0566,3.0571,3.0506,3.0511,3.0616,3.0621,3.0556,3.0561,47
2026-03-27 12:41:00,3.0496,3.0556,3.0496,3.0546,3.0546,3.0606,3.0546,3.0596,26
2026-03-27 12:42:00,3.0551,3.0576,3.0546,3.0561,3.0601,3.0626,3.0596,3.0611,23
2026-03-27 12:43:00,3.0556,3.0561,3.0531,3.0536,3.0606,3.0611,3.0581,3.0586,11
2026-03-27 12:44:00,3.0531,3.0556,3.0506,3.0551,3.0581,3.0606,3.0556,3.0601,24
2026-03-27 12:45:00,3.0556,3.0586,3.0546,3.0546,3.0606,3.0636,3.0596,3.0596,24
2026-03-27 12:46:00,3.0551,3.0556,3.0506,3.0521,3.0601,3.0606,3.0556,3.0571,15
2026-03-27 12:47:00,3.0516,3.0536,3.0496,3.0506,3.0566,3.0586,3.0546,3.0556,20
2026-03-27 12:48:00,3.0516,3.0531,3.0506,3.0531,3.0566,3.0581,3.0556,3.0581,10
2026-03-27 12:49:00,3.0526,3.0531,3.0506,3.0531,3.0576,3.0581,3.0556,3.0581,24
2026-03-27 12:50:00,3.0526,3.0561,3.0526,3.0546,3.0576,3.0611,3.0576,3.0596,26
2026-03-27 12:51:00,3.0551,3.0556,3.0531,3.0531,3.0601,3.0606,3.0581,3.0581,16
2026-03-27 12:52:00,3.0541,3.0556,3.0526,3.0536,3.0591,3.0606,3.0576,3.0586,21
2026-03-27 12:53:00,3.0541,3.0566,3.0541,3.0546,3.0591,3.0616,3.0591,3.0596,19
2026-03-27 12:54:00,3.0541,3.0541,3.0536,3.0536,3.0591,3.0591,3.0586,3.0586,2
2026-03-27 12:55:00,3.0546,3.0546,3.0501,3.0516,3.0596,3.0596,3.0551,3.0566,9
2026-03-27 12:56:00,3.0521,3.0566,3.0516,3.0566,3.0571,3.0616,3.0566,3.0616,23
2026-03-27 12:57:00,3.0561,3.0571,3.0526,3.0536,3.0611,3.0621,3.0576,3.0586,16
2026-03-27 12:58:00,3.0526,3.0561,3.0526,3.0561,3.0576,3.0611,3.0576,3.0611,12
2026-03-27 12:59:00,3.0566,3.0566,3.0531,3.0531,3.0616,3.0616,3.0581,3.0581,28
2026-03-27 13:00:00,3.0526,3.0561,3.0491,3.0511,3.0576,3.0611,3.0541,3.0561,34
2026-03-27 13:01:00,3.0496,3.0576,3.0496,3.0556,3.0546,3.0626,3.0546,3.0606,30
2026-03-27 13:02:00,3.0561,3.0616,3.0561,3.0581,3.0611,3.0666,3.0611,3.0631,35
2026-03-27 13:03:00,3.0586,3.0596,3.0546,3.0566,3.0636,3.0646,3.0596,3.0616,13
2026-03-27 13:04:00,3.0576,3.0576,3.0536,3.0536,3.0626,3.0626,3.0586,3.0586,24
2026-03-27 13:05:00,3.0531,3.0546,3.0516,3.0536,3.0581,3.0596,3.0566,3.0586,31
2026-03-27 13:06:00,3.0531,3.0556,3.0526,3.0546,3.0581,3.0606,3.0576,3.0596,18
2026-03-27 13:07:00,3.0551,3.0576,3.0546,3.0576,3.0601,3.0626,3.0596,3.0626,15
2026-03-27 13:08:00,3.0566,3.0576,3.0541,3.0556,3.0616,3.0626,3.0591,3.0606,13
2026-03-27 13:09:00,3.0551,3.0616,3.0546,3.0606,3.0601,3.0666,3.0596,3.0656,40
2026-03-27 13:10:00,3.0611,3.0651,3.0611,3.0636,3.0661,3.0701,3.0661,3.0686,13
2026-03-27 13:11:00,3.0646,3.0656,3.0606,3.0656,3.0696,3.0706,3.0656,3.0706,41
2026-03-27 13:12:00,3.0646,3.0656,3.0621,3.0626,3.0696,3.0706,3.0671,3.0676,9
2026-03-27 13:13:00,3.0616,3.0646,3.0596,3.0636,3.0666,3.0696,3.0646,3.0686,41
2026-03-27 13:14:00,3.0641,3.0641,3.0611,3.0636,3.0691,3.0691,3.0661,3.0686,11
2026-03-27 13:15:00,3.0631,3.0681,3.0631,3.0646,3.0681,3.0731,3.0681,3.0696,28
2026-03-27 13:16:00,3.0651,3.0656,3.0556,3.0576,3.0701,3.0706,3.0606,3.0626,49
2026-03-27 13:17:00,3.0581,3.0606,3.0556,3.0581,3.0631,3.0656,3.0606,3.0631,27
2026-03-27 13:18:00,3.0586,3.0606,3.0571,3.0601,3.0636,3.0656,3.0621,3.0651,31
2026-03-27 13:19:00,3.0606,3.0616,3.0576,3.0606,3.0656,3.0666,3.0626,3.0656,28
2026-03-27 13:20:00,3.0611,3.0666,3.0611,3.0656,3.0661,3.0716,3.0661,3.0706,46
2026-03-27 13:21:00,3.0651,3.0746,3.0651,3.0746,3.0701,3.0796,3.0701,3.0796,49
2026-03-27 13:22:00,3.0751,3.0811,3.0736,3.0786,3.0801,3.0861,3.0786,3.0836,50
2026-03-27 13:23:00,3.0791,3.0811,3.0726,3.0746,3.0841,3.0861,3.0776,3.0796,47
2026-03-27 13:24:00,3.0756,3.0766,3.0696,3.0701,3.0806,3.0816,3.0746,3.0751,38
2026-03-27 13:25:00,3.0706,3.0736,3.0676,3.0706,3.0756,3.0786,3.0726,3.0756,43
2026-03-27 13:26:00,3.0711,3.0746,3.0686,3.0741,3.0761,3.0796,3.0736,3.0791,25
2026-03-27 13:27:00,3.0736,3.0766,3.0711,3.0756,3.0786,3.0816,3.0761,3.0806,38
2026-03-27 13:28:00,3.0761,3.0781,3.0726,3.0766,3.0811,3.0831,3.0776,3.0816,48
2026-03-27 13:29:00,3.0756,3.0776,3.0746,3.0756,3.0806,3.0826,3.0796,3.0806,33
2026-03-27 13:30:00,3.0751,3.0776,3.0746,3.0766,3.0801,3.0826,3.0796,3.0816,21
2026-03-27 13:31:00,3.0771,3.0786,3.0706,3.0716,3.0821,3.0836,3.0756,3.0766,34
2026-03-27 13:32:00,3.0706,3.0711,3.0661,3.0661,3.0756,3.0761,3.0711,3.0711,33
2026-03-27 13:33:00,3.0666,3.0676,3.0576,3.0596,3.0716,3.0726,3.0626,3.0646,44
2026-03-27 13:34:00,3.0591,3.0656,3.0576,3.0596,3.0641,3.0706,3.0626,3.0646,35
2026-03-27 13:35:00,3.0606,3.0636,3.0606,3.0631,3.0656,3.0686,3.0656,3.0681,28
2026-03-27 13:36:00,3.0636,3.0636,3.0546,3.0616,3.0686,3.0686,3.0596,3.0666,40
2026-03-27 13:37:00,3.0626,3.0636,3.0576,3.0586,3.0676,3.0686,3.0626,3.0636,24
2026-03-27 13:38:00,3.0581,3.0611,3.0516,3.0556,3.0631,3.0661,3.0566,3.0606,56
2026-03-27 13:39:00,3.0561,3.0561,3.0426,3.0431,3.0611,3.0611,3.0476,3.0481,85
2026-03-27 13:40:00,3.0436,3.0451,3.0366,3.0386,3.0486,3.0501,3.0416,3.0436,58
2026-03-27 13:41:00,3.0376,3.0431,3.0366,3.0421,3.0426,3.0481,3.0416,3.0471,54
2026-03-27 13:42:00,3.0416,3.0446,3.0396,3.0406,3.0466,3.0496,3.0446,3.0456,35
2026-03-27 13:43:00,3.0396,3.0416,3.0356,3.0361,3.0446,3.0466,3.0406,3.0411,41
2026-03-27 13:44:00,3.0371,3.0386,3.0356,3.0371,3.0421,3.0436,3.0406,3.0421,40
2026-03-27 13:45:00,3.0376,3.0421,3.0346,3.0421,3.0426,3.0471,3.0396,3.0471,45
2026-03-27 13:46:00,3.0431,3.0436,3.0356,3.0396,3.0481,3.0486,3.0406,3.0446,36
2026-03-27 13:47:00,3.0401,3.0436,3.0401,3.0436,3.0451,3.0486,3.0451,3.0486,19
2026-03-27 13:48:00,3.0426,3.0446,3.0416,3.0436,3.0476,3.0496,3.0466,3.0486,18
2026-03-27 13:49:00,3.0441,3.0466,3.0436,3.0461,3.0491,3.0516,3.0486,3.0511,32
2026-03-27 13:50:00,3.0466,3.0466,3.0396,3.0406,3.0516,3.0516,3.0446,3.0456,29
2026-03-27 13:51:00,3.0396,3.0491,3.0391,3.0466,3.0446,3.0541,3.0441,3.0516,41
2026-03-27 13:52:00,3.0471,3.0486,3.0466,3.0466,3.0521,3.0536,3.0516,3.0516,17
2026-03-27 13:53:00,3.0471,3.0486,3.0461,3.0476,3.0521,3.0536,3.0511,3.0526,14
2026-03-27 13:54:00,3.0486,3.0486,3.0446,3.0481,3.0536,3.0536,3.0496,3.0531,17
2026-03-27 13:55:00,3.0496,3.0526,3.0486,3.0496,3.0546,3.0576,3.0536,3.0546,42
2026-03-27 13:56:00,3.0486,3.0536,3.0486,3.0526,3.0536,3.0586,3.0536,3.0576,25
2026-03-27 13:57:00,3.0531,3.0566,3.0526,3.0546,3.0581,3.0616,3.0576,3.0596,22
2026-03-27 13:58:00,3.0551,3.0556,3.0466,3.0466,3.0601,3.0606,3.0516,3.0516,17
2026-03-27 13:59:00,3.0461,3.0476,3.0451,3.0476,3.0511,3.0526,3.0501,3.0526,21
2026-03-27 14:00:00,3.0471,3.0486,3.0396,3.0431,3.0521,3.0536,3.0446,3.0481,101
2026-03-27 14:01:00,3.0426,3.0436,3.0166,3.0246,3.0476,3.0486,3.0216,3.0296,178
2026-03-27 14:02:00,3.0251,3.0336,3.0201,3.0326,3.0301,3.0386,3.0251,3.0376,82
2026-03-27 14:03:00,3.0336,3.0381,3.0331,3.0346,3.0386,3.0431,3.0381,3.0396,48
2026-03-27 14:04:00,3.0341,3.0341,3.0276,3.0306,3.0391,3.0391,3.0326,3.0356,57
2026-03-27 14:05:00,3.0301,3.0306,3.0246,3.0266,3.0351,3.0356,3.0296,3.0316,33
2026-03-27 14:06:00,3.0261,3.0336,3.0261,3.0306,3.0311,3.0386,3.0311,3.0356,31
2026-03-27 14:07:00,3.0316,3.0336,3.0316,3.0336,3.0366,3.0386,3.0366,3.0386,17
2026-03-27 14:08:00,3.0331,3.0386,3.0326,3.0366,3.0381,3.0436,3.0376,3.0416,33
2026-03-27 14:09:00,3.0371,3.0426,3.0366,3.0376,3.0421,3.0476,3.0416,3.0426,48
2026-03-27 14:10:00,3.0366,3.0451,3.0366,3.0446,3.0416,3.0501,3.0416,3.0496,46
2026-03-27 14:11:00,3.0451,3.0456,3.0416,3.0416,3.0501,3.0506,3.0466,3.0466,29
2026-03-27 14:12:00,3.0421,3.0421,3.0396,3.0396,3.0471,3.0471,3.0446,3.0446,17
2026-03-27 14:13:00,3.0406,3.0406,3.0376,3.0386,3.0456,3.0456,3.0426,3.0436,25
2026-03-27 14:14:00,3.0376,3.0416,3.0356,3.0401,3.0426,3.0466,3.0406,3.0451,40
2026-03-27 14:15:00,3.0396,3.0416,3.0366,3.0366,3.0446,3.0466,3.0416,3.0416,31
2026-03-27 14:16:00,3.0371,3.0396,3.0356,3.0376,3.0421,3.0446,3.0406,3.0426,42
2026-03-27 14:17:00,3.0386,3.0436,3.0376,3.0431,3.0436,3.0486,3.0426,3.0481,32
2026-03-27 14:18:00,3.0421,3.0506,3.0396,3.0496,3.0471,3.0556,3.0446,3.0546,73
2026-03-27 14:19:00,3.0491,3.0516,3.0481,3.0506,3.0541,3.0566,3.0531,3.0556,34
2026-03-27 14:20:00,3.0516,3.0586,3.0506,3.0576,3.0566,3.0636,3.0556,3.0626,44
2026-03-27 14:21:00,3.0566,3.0576,3.0496,3.0516,3.0616,3.0626,3.0546,3.0566,38
2026-03-27 14:22:00,3.0526,3.0561,3.0506,3.0546,3.0576,3.0611,3.0556,3.0596,35
2026-03-27 14:23:00,3.0551,3.0556,3.0536,3.0546,3.0601,3.0606,3.0586,3.0596,25
2026-03-27 14:24:00,3.0551,3.0556,3.0526,3.0546,3.0601,3.0606,3.0576,3.0596,33
2026-03-27 14:25:00,3.0556,3.0556,3.0486,3.0506,3.0606,3.0606,3.0536,3.0556,35
2026-03-27 14:26:00,3.0501,3.0516,3.0466,3.0481,3.0551,3.0566,3.0516,3.0531,29
2026-03-27 14:27:00,3.0471,3.0511,3.0466,3.0491,3.0521,3.0561,3.0516,3.0541,20
2026-03-27 14:28:00,3.0496,3.0531,3.0486,3.0521,3.0546,3.0581,3.0536,3.0571,26
2026-03-27 14:29:00,3.0516,3.0546,3.0511,3.0526,3.0566,3.0596,3.0561,3.0576,21
2026-03-27 14:30:00,3.0516,3.0526,3.0471,3.0496,3.0566,3.0576,3.0521,3.0546,75
2026-03-27 14:31:00,3.0491,3.0506,3.0481,3.0496,3.0541,3.0556,3.0531,3.0546,33
2026-03-27 14:32:00,3.0506,3.0541,3.0466,3.0466,3.0556,3.0591,3.0516,3.0516,45
2026-03-27 14:33:00,3.0471,3.0546,3.0471,3.0496,3.0521,3.0596,3.0521,3.0546,50
2026-03-27 14:34:00,3.0506,3.0506,3.0451,3.0476,3.0556,3.0556,3.0501,3.0526,34
2026-03-27 14:35:00,3.0481,3.0486,3.0446,3.0456,3.0531,3.0536,3.0496,3.0506,31
2026-03-27 14:36:00,3.0451,3.0456,3.0396,3.0436,3.0501,3.0506,3.0446,3.0486,65
2026-03-27 14:37:00,3.0426,3.0506,3.0411,3.0481,3.0476,3.0556,3.0461,3.0531,41
2026-03-27 14:38:00,3.0486,3.0536,3.0486,3.0506,3.0536,3.0586,3.0536,3.0556,57
2026-03-27 14:39:00,3.0511,3.0511,3.0471,3.0486,3.0561,3.0561,3.0521,3.0536,37
2026-03-27 14:40:00,3.0476,3.0476,3.0406,3.0416,3.0526,3.0526,3.0456,3.0466,46
2026-03-27 14:41:00,3.0421,3.0471,3.0416,3.0446,3.0471,3.0521,3.0466,3.0496,55
2026-03-27 14:42:00,3.0441,3.0466,3.0416,3.0456,3.0491,3.0516,3.0466,3.0506,39
2026-03-27 14:43:00,3.0451,3.0456,3.0376,3.0401,3.0501,3.0506,3.0426,3.0451,39
2026-03-27 14:44:00,3.0396,3.0396,3.0336,3.0346,3.0446,3.0446,3.0386,3.0396,38
2026-03-27 14:45:00,3.0351,3.0376,3.0346,3.0376,3.0401,3.0426,3.0396,3.0426,34
2026-03-27 14:46:00,3.0386,3.0396,3.0336,3.0336,3.0436,3.0446,3.0386,3.0386,27
2026-03-27 14:47:00,3.0346,3.0381,3.0306,3.0316,3.0396,3.0431,3.0356,3.0366,41
2026-03-27 14:48:00,3.0321,3.0356,3.0296,3.0316,3.0371,3.0406,3.0346,3.0366,57
2026-03-27 14:49:00,3.0321,3.0361,3.0321,3.0356,3.0371,3.0411,3.0371,3.0406,39
2026-03-27 14:50:00,3.0351,3.0381,3.0346,3.0366,3.0401,3.0431,3.0396,3.0416,38
2026-03-27 14:51:00,3.0371,3.0386,3.0366,3.0376,3.0421,3.0436,3.0416,3.0426,21
2026-03-27 14:52:00,3.0381,3.0396,3.0356,3.0371,3.0431,3.0446,3.0406,3.0421,31
2026-03-27 14:53:00,3.0366,3.0426,3.0356,3.0426,3.0416,3.0476,3.0406,3.0476,38
2026-03-27 14:54:00,3.0421,3.0446,3.0406,3.0406,3.0471,3.0496,3.0456,3.0456,37
2026-03-27 14:55:00,3.0396,3.0416,3.0386,3.0406,3.0446,3.0466,3.0436,3.0456,29
2026-03-27 14:56:00,3.0411,3.0466,3.0411,3.0426,3.0461,3.0516,3.0461,3.0476,38
2026-03-27 14:57:00,3.0431,3.0436,3.0396,3.0396,3.0481,3.0486,3.0446,3.0446,16
2026-03-27 14:58:00,3.0406,3.0406,3.0346,3.0346,3.0456,3.0456,3.0396,3.0396,25
2026-03-27 14:59:00,3.0351,3.0356,3.0251,3.0296,3.0401,3.0406,3.0301,3.0346,50
2026-03-27 15:00:00,3.0286,3.0286,3.0186,3.0236,3.0336,3.0336,3.0236,3.0286,68
2026-03-27 15:01:00,3.0231,3.0246,3.0176,3.0226,3.0281,3.0296,3.0226,3.0276,78
2026-03-27 15:02:00,3.0221,3.0226,3.0111,3.0131,3.0271,3.0276,3.0161,3.0181,103
2026-03-27 15:03:00,3.0126,3.0196,3.0111,3.0196,3.0176,3.0246,3.0161,3.0246,52
2026-03-27 15:04:00,3.0186,3.0216,3.0181,3.0201,3.0236,3.0266,3.0231,3.0251,19
2026-03-27 15:05:00,3.0206,3.0216,3.0176,3.0176,3.0256,3.0266,3.0226,3.0226,32
2026-03-27 15:06:00,3.0166,3.0196,3.0146,3.0156,3.0216,3.0246,3.0196,3.0206,22
2026-03-27 15:07:00,3.0166,3.0166,3.0106,3.0146,3.0216,3.0216,3.0156,3.0196,38
2026-03-27 15:08:00,3.0136,3.0181,3.0126,3.0166,3.0186,3.0231,3.0176,3.0216,50
2026-03-27 15:09:00,3.0156,3.0166,3.0146,3.0161,3.0206,3.0216,3.0196,3.0211,19
2026-03-27 15:10:00,3.0156,3.0176,3.0146,3.0166,3.0206,3.0226,3.0196,3.0216,35
2026-03-27 15:11:00,3.0161,3.0176,3.0126,3.0136,3.0211,3.0226,3.0176,3.0186,37
2026-03-27 15:12:00,3.0126,3.0146,3.0116,3.0136,3.0176,3.0196,3.0166,3.0186,31
2026-03-27 15:13:00,3.0131,3.0141,3.0086,3.0091,3.0181,3.0191,3.0136,3.0141,40
2026-03-27 15:14:00,3.0086,3.0086,3.0026,3.0036,3.0136,3.0136,3.0076,3.0086,104
2026-03-27 15:15:00,3.0026,3.0026,2.9956,2.9966,3.0076,3.0076,3.0006,3.0016,134
2026-03-27 15:16:00,2.9961,2.9976,2.9906,2.9946,3.0011,3.0026,2.9956,2.9996,90
2026-03-27 15:17:00,2.9941,2.9966,2.9906,2.9966,2.9991,3.0016,2.9956,3.0016,100
2026-03-27 15:18:00,2.9956,3.0011,2.9946,3.0006,3.0006,3.0061,2.9996,3.0056,26
2026-03-27 15:19:00,3.0016,3.0016,2.9986,3.0016,3.0066,3.0066,3.0036,3.0066,38
2026-03-27 15:20:00,3.0011,3.0066,2.9996,3.0061,3.0061,3.0116,3.0046,3.0111,54
2026-03-27 15:21:00,3.0056,3.0096,3.0056,3.0091,3.0106,3.0146,3.0106,3.0141,46
2026-03-27 15:22:00,3.0096,3.0111,3.0061,3.0111,3.0146,3.0161,3.0111,3.0161,55
2026-03-27 15:23:00,3.0116,3.0216,3.0106,3.0201,3.0166,3.0266,3.0156,3.0251,52
2026-03-27 15:24:00,3.0186,3.0196,3.0156,3.0176,3.0236,3.0246,3.0206,3.0226,32
2026-03-27 15:25:00,3.0181,3.0211,3.0146,3.0171,3.0231,3.0261,3.0196,3.0221,46
2026-03-27 15:26:00,3.0176,3.0176,3.0151,3.0171,3.0226,3.0226,3.0201,3.0221,31
2026-03-27 15:27:00,3.0166,3.0196,3.0146,3.0196,3.0216,3.0246,3.0196,3.0246,29
2026-03-27 15:28:00,3.0191,3.0206,3.0171,3.0191,3.0241,3.0256,3.0221,3.0241,31
2026-03-27 15:29:00,3.0186,3.0191,3.0171,3.0181,3.0236,3.0241,3.0221,3.0231,17
2026-03-27 15:30:00,3.0176,3.0206,3.0171,3.0171,3.0226,3.0256,3.0221,3.0221,32
2026-03-27 15:31:00,3.0176,3.0196,3.0156,3.0191,3.0226,3.0246,3.0206,3.0241,16
2026-03-27 15:32:00,3.0196,3.0226,3.0196,3.0216,3.0246,3.0276,3.0246,3.0266,25
2026-03-27 15:33:00,3.0226,3.0226,3.0181,3.0221,3.0276,3.0276,3.0231,3.0271,31
2026-03-27 15:34:00,3.0226,3.0236,3.0206,3.0211,3.0276,3.0286,3.0256,3.0261,36
2026-03-27 15:35:00,3.0216,3.0256,3.0181,3.0256,3.0266,3.0306,3.0231,3.0306,35
2026-03-27 15:36:00,3.0246,3.0346,3.0246,3.0326,3.0296,3.0396,3.0296,3.0376,60
2026-03-27 15:37:00,3.0336,3.0336,3.0296,3.0336,3.0386,3.0386,3.0346,3.0386,25
2026-03-27 15:38:00,3.0346,3.0356,3.0311,3.0346,3.0396,3.0406,3.0361,3.0396,37
2026-03-27 15:39:00,3.0351,3.0366,3.0346,3.0346,3.0401,3.0416,3.0396,3.0396,44
2026-03-27 15:40:00,3.0341,3.0356,3.0306,3.0321,3.0391,3.0406,3.0356,3.0371,39
2026-03-27 15:41:00,3.0316,3.0336,3.0316,3.0316,3.0366,3.0386,3.0366,3.0366,25
2026-03-27 15:42:00,3.0311,3.0326,3.0256,3.0256,3.0361,3.0376,3.0306,3.0306,39
2026-03-27 15:43:00,3.0246,3.0266,3.0236,3.0261,3.0296,3.0316,3.0286,3.0311,20
2026-03-27 15:44:00,3.0256,3.0296,3.0256,3.0276,3.0306,3.0346,3.0306,3.0326,27
2026-03-27 15:45:00,3.0271,3.0336,3.0271,3.0336,3.0321,3.0386,3.0321,3.0386,24
2026-03-27 15:46:00,3.0331,3.0366,3.0316,3.0356,3.0381,3.0416,3.0366,3.0406,34
2026-03-27 15:47:00,3.0351,3.0351,3.0296,3.0301,3.0401,3.0401,3.0346,3.0351,33
2026-03-27 15:48:00,3.0311,3.0336,3.0306,3.0311,3.0361,3.0386,3.0356,3.0361,32
2026-03-27 15:49:00,3.0316,3.0341,3.0316,3.0336,3.0366,3.0391,3.0366,3.0386,19
2026-03-27 15:50:00,3.0341,3.0416,3.0316,3.0386,3.0391,3.0466,3.0366,3.0436,58
2026-03-27 15:51:00,3.0376,3.0406,3.0356,3.0366,3.0426,3.0456,3.0406,3.0416,47
2026-03-27 15:52:00,3.0371,3.0391,3.0351,3.0366,3.0421,3.0441,3.0401,3.0416,29
2026-03-27 15:53:00,3.0371,3.0426,3.0366,3.0426,3.0421,3.0476,3.0416,3.0476,22
2026-03-27 15:54:00,3.0436,3.0436,3.0396,3.0436,3.0486,3.0486,3.0446,3.0486,35
2026-03-27 15:55:00,3.0426,3.0431,3.0356,3.0356,3.0476,3.0481,3.0406,3.0406,26
2026-03-27 15:56:00,3.0351,3.0371,3.0316,3.0351,3.0401,3.0421,3.0366,3.0401,38
2026-03-27 15:57:00,3.0346,3.0356,3.0331,3.0331,3.0396,3.0406,3.0381,3.0381,22
2026-03-27 15:58:00,3.0336,3.0346,3.0326,3.0346,3.0386,3.0396,3.0376,3.0396,18
2026-03-27 15:59:00,3.0351,3.0386,3.0346,3.0371,3.0401,3.0436,3.0396,3.0421,35
2026-03-27 16:00:00,3.0361,3.0361,3.0316,3.0346,3.0411,3.0411,3.0366,3.0396,25
2026-03-27 16:01:00,3.0336,3.0396,3.0336,3.0361,3.0386,3.0446,3.0386,3.0411,41
2026-03-27 16:02:00,3.0356,3.0376,3.0351,3.0366,3.0406,3.0426,3.0401,3.0416,18
2026-03-27 16:03:00,3.0376,3.0376,3.0356,3.0371,3.0426,3.0426,3.0406,3.0421,18
2026-03-27 16:04:00,3.0366,3.0376,3.0346,3.0351,3.0416,3.0426,3.0396,3.0401,19
2026-03-27 16:05:00,3.0346,3.0366,3.0286,3.0296,3.0396,3.0416,3.0336,3.0346,55
2026-03-27 16:06:00,3.0286,3.0326,3.0256,3.0291,3.0336,3.0376,3.0306,3.0341,94
2026-03-27 16:07:00,3.0276,3.0276,3.0236,3.0256,3.0326,3.0326,3.0286,3.0306,32
2026-03-27 16:08:00,3.0261,3.0291,3.0236,3.0246,3.0311,3.0341,3.0286,3.0296,54
2026-03-27 16:09:00,3.0241,3.0276,3.0236,3.0276,3.0291,3.0326,3.0286,3.0326,20
2026-03-27 16:10:00,3.0286,3.0316,3.0276,3.0286,3.0336,3.0366,3.0326,3.0336,23
2026-03-27 16:11:00,3.0266,3.0306,3.0266,3.0301,3.0316,3.0356,3.0316,3.0351,44
2026-03-27 16:12:00,3.0306,3.0311,3.0256,3.0286,3.0356,3.0361,3.0306,3.0336,34
2026-03-27 16:13:00,3.0291,3.0291,3.0256,3.0286,3.0341,3.0341,3.0306,3.0336,46
2026-03-27 16:14:00,3.0291,3.0296,3.0266,3.0296,3.0341,3.0346,3.0316,3.0346,26
2026-03-27 16:15:00,3.0291,3.0331,3.0286,3.0326,3.0341,3.0381,3.0336,3.0376,18
2026-03-27 16:16:00,3.0321,3.0346,3.0306,3.0326,3.0371,3.0396,3.0356,3.0376,40
2026-03-27 16:17:00,3.0331,3.0371,3.0326,3.0356,3.0381,3.0421,3.0376,3.0406,41
2026-03-27 16:18:00,3.0346,3.0366,3.0336,3.0366,3.0396,3.0416,3.0386,3.0416,25
2026-03-27 16:19:00,3.0361,3.0426,3.0361,3.0416,3.0411,3.0476,3.0411,3.0466,30
2026-03-27 16:20:00,3.0421,3.0436,3.0416,3.0436,3.0471,3.0486,3.0466,3.0486,29
2026-03-27 16:21:00,3.0446,3.0446,3.0376,3.0386,3.0496,3.0496,3.0426,3.0436,16
2026-03-27 16:22:00,3.0391,3.0406,3.0386,3.0401,3.0441,3.0456,3.0436,3.0451,21
2026-03-27 16:23:00,3.0406,3.0416,3.0156,3.0206,3.0456,3.0466,3.0206,3.0256,116
2026-03-27 16:24:00,3.0216,3.0316,3.0206,3.0316,3.0266,3.0366,3.0256,3.0366,82
2026-03-27 16:25:00,3.0311,3.0351,3.0306,3.0346,3.0361,3.0401,3.0356,3.0396,34
2026-03-27 16:26:00,3.0356,3.0376,3.0336,3.0376,3.0406,3.0426,3.0386,3.0426,24
2026-03-27 16:27:00,3.0386,3.0386,3.0306,3.0316,3.0436,3.0436,3.0356,3.0366,29
2026-03-27 16:28:00,3.0311,3.0336,3.0261,3.0296,3.0361,3.0386,3.0311,3.0346,52
2026-03-27 16:29:00,3.0291,3.0366,3.0291,3.0346,3.0341,3.0416,3.0341,3.0396,56
2026-03-27 16:30:00,3.0356,3.0366,3.0301,3.0301,3.0406,3.0416,3.0351,3.0351,30
2026-03-27 16:31:00,3.0306,3.0306,3.0266,3.0276,3.0356,3.0356,3.0316,3.0326,42
2026-03-27 16:32:00,3.0286,3.0326,3.0256,3.0256,3.0336,3.0376,3.0306,3.0306,41
2026-03-27 16:33:00,3.0266,3.0326,3.0256,3.0306,3.0316,3.0376,3.0306,3.0356,34
2026-03-27 16:34:00,3.0301,3.0336,3.0296,3.0321,3.0351,3.0386,3.0346,3.0371,25
2026-03-27 16:35:00,3.0316,3.0316,3.0286,3.0301,3.0366,3.0366,3.0336,3.0351,16
2026-03-27 16:36:00,3.0311,3.0331,3.0286,3.0331,3.0361,3.0381,3.0336,3.0381,31
2026-03-27 16:37:00,3.0326,3.0336,3.0286,3.0336,3.0376,3.0386,3.0336,3.0386,31
2026-03-27 16:38:00,3.0341,3.0351,3.0316,3.0331,3.0391,3.0401,3.0366,3.0381,43
2026-03-27 16:39:00,3.0336,3.0336,3.0321,3.0321,3.0386,3.0386,3.0371,3.0371,3
2026-03-27 16:40:00,3.0326,3.0346,3.0286,3.0346,3.0376,3.0396,3.0336,3.0396,34
2026-03-27 16:41:00,3.0341,3.0356,3.0336,3.0341,3.0391,3.0406,3.0386,3.0391,24
2026-03-27 16:42:00,3.0346,3.0356,3.0326,3.0356,3.0396,3.0406,3.0376,3.0406,17
2026-03-27 16:43:00,3.0346,3.0361,3.0346,3.0361,3.0396,3.0411,3.0396,3.0411,7
2026-03-27 16:44:00,3.0366,3.0366,3.0316,3.0326,3.0416,3.0416,3.0366,3.0376,30
2026-03-27 16:45:00,3.0331,3.0331,3.0266,3.0266,3.0381,3.0381,3.0316,3.0316,12
2026-03-27 16:46:00,3.0276,3.0316,3.0276,3.0276,3.0326,3.0366,3.0326,3.0326,34
2026-03-27 16:47:00,3.0266,3.0276,3.0236,3.0256,3.0316,3.0326,3.0286,3.0306,44
2026-03-27 16:48:00,3.0266,3.0271,3.0241,3.0251,3.0316,3.0321,3.0291,3.0301,16
2026-03-27 16:49:00,3.0241,3.0241,3.0161,3.0206,3.0291,3.0291,3.0211,3.0256,43
2026-03-27 16:50:00,3.0201,3.0206,3.0166,3.0186,3.0251,3.0256,3.0216,3.0236,31
2026-03-27 16:51:00,3.0181,3.0226,3.0176,3.0216,3.0231,3.0276,3.0226,3.0266,26
2026-03-27 16:52:00,3.0226,3.0266,3.0216,3.0261,3.0276,3.0316,3.0266,3.0311,24
2026-03-27 16:53:00,3.0256,3.0256,3.0231,3.0241,3.0306,3.0306,3.0281,3.0291,18
2026-03-27 16:54:00,3.0236,3.0266,3.0221,3.0231,3.0286,3.0316,3.0271,3.0281,25
2026-03-27 16:55:00,3.0226,3.0226,3.0191,3.0191,3.0276,3.0276,3.0241,3.0241,18
2026-03-27 16:56:00,3.0201,3.0246,3.0201,3.0246,3.0251,3.0296,3.0251,3.0296,19
2026-03-27 16:57:00,3.0251,3.0266,3.0241,3.0256,3.0301,3.0316,3.0291,3.0306,17
2026-03-27 16:58:00,3.0266,3.0266,3.0236,3.0236,3.0316,3.0316,3.0286,3.0286,16
2026-03-27 16:59:00,3.0241,3.0246,3.0236,3.0236,3.0291,3.0296,3.0286,3.0286,8
2026-03-27 17:00:00,3.0231,3.0246,3.0216,3.0246,3.0281,3.0296,3.0266,3.0296,27
2026-03-27 17:01:00,3.0241,3.0241,3.0206,3.0226,3.0291,3.0291,3.0256,3.0276,30
2026-03-27 17:02:00,3.0231,3.0231,3.0206,3.0221,3.0281,3.0281,3.0256,3.0271,6
2026-03-27 17:03:00,3.0226,3.0261,3.0226,3.0236,3.0276,3.0311,3.0276,3.0286,26
2026-03-27 17:04:00,3.0241,3.0266,3.0241,3.0266,3.0291,3.0316,3.0291,3.0316,15
2026-03-27 17:05:00,3.0271,3.0271,3.0246,3.0256,3.0321,3.0321,3.0296,3.0306,20
2026-03-27 17:06:00,3.0266,3.0296,3.0266,3.0286,3.0316,3.0346,3.0316,3.0336,25
2026-03-27 17:07:00,3.0296,3.0296,3.0266,3.0266,3.0346,3.0346,3.0316,3.0316,16
2026-03-27 17:08:00,3.0276,3.0276,3.0256,3.0266,3.0326,3.0326,3.0306,3.0316,20
2026-03-27 17:09:00,3.0271,3.0281,3.0251,3.0276,3.0321,3.0331,3.0301,3.0326,23
2026-03-27 17:10:00,3.0271,3.0296,3.0266,3.0296,3.0321,3.0346,3.0316,3.0346,20
2026-03-27 17:11:00,3.0301,3.0316,3.0296,3.0301,3.0351,3.0366,3.0346,3.0351,20
2026-03-27 17:12:00,3.0306,3.0351,3.0306,3.0346,3.0356,3.0401,3.0356,3.0396,21
2026-03-27 17:13:00,3.0336,3.0356,3.0336,3.0346,3.0386,3.0406,3.0386,3.0396,23
2026-03-27 17:14:00,3.0356,3.0356,3.0326,3.0326,3.0406,3.0406,3.0376,3.0376,16
2026-03-27 17:15:00,3.0331,3.0351,3.0331,3.0336,3.0381,3.0401,3.0381,3.0386,9
2026-03-27 17:16:00,3.0326,3.0326,3.0296,3.0306,3.0376,3.0376,3.0346,3.0356,20
2026-03-27 17:17:00,3.0311,3.0336,3.0286,3.0326,3.0361,3.0386,3.0336,3.0376,20
2026-03-27 17:18:00,3.0316,3.0336,3.0316,3.0316,3.0366,3.0386,3.0366,3.0366,12
2026-03-27 17:19:00,3.0326,3.0326,3.0291,3.0301,3.0376,3.0376,3.0341,3.0351,26
2026-03-27 17:20:00,3.0306,3.0306,3.0286,3.0296,3.0356,3.0356,3.0336,3.0346,12
2026-03-27 17:21:00,3.0286,3.0296,3.0276,3.0296,3.0336,3.0346,3.0326,3.0346,15
2026-03-27 17:22:00,3.0291,3.0306,3.0266,3.0271,3.0341,3.0356,3.0316,3.0321,25
2026-03-27 17:23:00,3.0276,3.0301,3.0256,3.0301,3.0326,3.0351,3.0306,3.0351,26
2026-03-27 17:24:00,3.0311,3.0376,3.0311,3.0366,3.0361,3.0426,3.0361,3.0416,36
2026-03-27 17:25:00,3.0356,3.0376,3.0346,3.0351,3.0406,3.0426,3.0396,3.0401,19
2026-03-27 17:26:00,3.0356,3.0356,3.0316,3.0326,3.0406,3.0406,3.0366,3.0376,14
2026-03-27 17:27:00,3.0321,3.0336,3.0316,3.0326,3.0371,3.0386,3.0366,3.0376,20
2026-03-27 17:28:00,3.0321,3.0321,3.0256,3.0296,3.0371,3.0371,3.0306,3.0346,37
2026-03-27 17:29:00,3.0291,3.0291,3.0266,3.0276,3.0341,3.0341,3.0316,3.0326,13
2026-03-27 17:30:00,3.0271,3.0271,3.0201,3.0226,3.0321,3.0321,3.0251,3.0276,37
2026-03-27 17:31:00,3.0231,3.0276,3.0226,3.0271,3.0281,3.0326,3.0276,3.0321,21
2026-03-27 17:32:00,3.0276,3.0276,3.0246,3.0256,3.0326,3.0326,3.0296,3.0306,24
2026-03-27 17:33:00,3.0261,3.0286,3.0206,3.0261,3.0311,3.0336,3.0256,3.0311,49
2026-03-27 17:34:00,3.0266,3.0266,3.0221,3.0236,3.0316,3.0316,3.0271,3.0286,17
2026-03-27 17:35:00,3.0246,3.0261,3.0236,3.0241,3.0296,3.0311,3.0286,3.0291,17
2026-03-27 17:36:00,3.0246,3.0256,3.0226,3.0246,3.0296,3.0306,3.0276,3.0296,29
2026-03-27 17:37:00,3.0241,3.0266,3.0241,3.0256,3.0291,3.0316,3.0291,3.0306,16
2026-03-27 17:38:00,3.0261,3.0266,3.0236,3.0236,3.0311,3.0316,3.0286,3.0286,10
2026-03-27 17:39:00,3.0221,3.0226,3.0176,3.0191,3.0271,3.0276,3.0226,3.0241,44
2026-03-27 17:40:00,3.0186,3.0196,3.0176,3.0186,3.0236,3.0246,3.0226,3.0236,29
2026-03-27 17:41:00,3.0181,3.0186,3.0166,3.0166,3.0231,3.0236,3.0216,3.0216,24
2026-03-27 17:42:00,3.0161,3.0186,3.0161,3.0176,3.0211,3.0236,3.0211,3.0226,11
2026-03-27 17:43:00,3.0186,3.0186,3.0156,3.0161,3.0236,3.0236,3.0206,3.0211,7
2026-03-27 17:44:00,3.0166,3.0186,3.0166,3.0176,3.0216,3.0236,3.0216,3.0226,14
2026-03-27 17:45:00,3.0166,3.0201,3.0166,3.0176,3.0216,3.0251,3.0216,3.0226,20
2026-03-27 17:46:00,3.0186,3.0206,3.0166,3.0186,3.0236,3.0256,3.0216,3.0236,37
2026-03-27 17:47:00,3.0191,3.0191,3.0156,3.0176,3.0241,3.0241,3.0206,3.0226,30
2026-03-27 17:48:00,3.0166,3.0171,3.0136,3.0136,3.0216,3.0221,3.0186,3.0186,39
2026-03-27 17:49:00,3.0126,3.0176,3.0126,3.0171,3.0176,3.0226,3.0176,3.0221,34
2026-03-27 17:50:00,3.0161,3.0176,3.0156,3.0176,3.0211,3.0226,3.0206,3.0226,35
2026-03-27 17:51:00,3.0171,3.0186,3.0166,3.0176,3.0221,3.0236,3.0216,3.0226,10
2026-03-27 17:52:00,3.0181,3.0241,3.0176,3.0236,3.0231,3.0291,3.0226,3.0286,47
2026-03-27 17:53:00,3.0231,3.0236,3.0201,3.0211,3.0281,3.0286,3.0251,3.0261,13
2026-03-27 17:54:00,3.0216,3.0226,3.0186,3.0216,3.0266,3.0276,3.0236,3.0266,22
2026-03-27 17:55:00,3.0226,3.0226,3.0186,3.0196,3.0276,3.0276,3.0236,3.0246,17
2026-03-27 17:56:00,3.0206,3.0206,3.0186,3.0196,3.0256,3.0256,3.0236,3.0246,13
2026-03-27 17:57:00,3.0206,3.0216,3.0196,3.0216,3.0256,3.0266,3.0246,3.0266,12
2026-03-27 17:58:00,3.0211,3.0226,3.0206,3.0216,3.0261,3.0276,3.0256,3.0266,11
2026-03-27 17:59:00,3.0221,3.0226,3.0196,3.0196,3.0271,3.0276,3.0246,3.0246,10
2026-03-27 18:00:00,3.0191,3.0206,3.0186,3.0206,3.0241,3.0256,3.0236,3.0256,21
2026-03-27 18:01:00,3.0211,3.0286,3.0206,3.0256,3.0261,3.0336,3.0256,3.0306,44
2026-03-27 18:02:00,3.0251,3.0251,3.0236,3.0246,3.0301,3.0301,3.0286,3.0296,8
2026-03-27 18:03:00,3.0241,3.0246,3.0226,3.0226,3.0291,3.0296,3.0276,3.0276,23
2026-03-27 18:04:00,3.0236,3.0251,3.0216,3.0251,3.0286,3.0301,3.0266,3.0301,23
2026-03-27 18:05:00,3.0236,3.0266,3.0221,3.0241,3.0286,3.0316,3.0271,3.0291,17
2026-03-27 18:06:00,3.0251,3.0251,3.0191,3.0206,3.0301,3.0301,3.0241,3.0256,18
2026-03-27 18:07:00,3.0196,3.0206,3.0116,3.0196,3.0246,3.0256,3.0166,3.0246,53
2026-03-27 18:08:00,3.0186,3.0236,3.0166,3.0236,3.0236,3.0286,3.0216,3.0286,29
2026-03-27 18:09:00,3.0226,3.0236,3.0221,3.0226,3.0276,3.0286,3.0271,3.0276,18
2026-03-27 18:10:00,3.0236,3.0266,3.0236,3.0256,3.0286,3.0316,3.0286,3.0306,19
2026-03-27 18:11:00,3.0251,3.0256,3.0206,3.0221,3.0301,3.0306,3.0256,3.0271,28
2026-03-27 18:12:00,3.0216,3.0226,3.0206,3.0226,3.0266,3.0276,3.0256,3.0276,16
2026-03-27 18:13:00,3.0221,3.0236,3.0221,3.0231,3.0271,3.0286,3.0271,3.0281,15
2026-03-27 18:14:00,3.0226,3.0246,3.0221,3.0246,3.0276,3.0296,3.0271,3.0296,12
2026-03-27 18:15:00,3.0256,3.0256,3.0226,3.0226,3.0306,3.0306,3.0276,3.0276,13
2026-03-27 18:16:00,3.0236,3.0276,3.0226,3.0271,3.0286,3.0326,3.0276,3.0321,13
2026-03-27 18:17:00,3.0266,3.0296,3.0256,3.0286,3.0316,3.0346,3.0306,3.0336,34
2026-03-27 18:18:00,3.0291,3.0291,3.0256,3.0256,3.0341,3.0341,3.0306,3.0306,17
2026-03-27 18:19:00,3.0251,3.0266,3.0236,3.0256,3.0301,3.0316,3.0286,3.0306,24
2026-03-27 18:20:00,3.0251,3.0306,3.0251,3.0306,3.0301,3.0356,3.0301,3.0356,18
2026-03-27 18:21:00,3.0316,3.0316,3.0291,3.0296,3.0366,3.0366,3.0341,3.0346,17
2026-03-27 18:22:00,3.0301,3.0306,3.0296,3.0296,3.0351,3.0356,3.0346,3.0346,9
2026-03-27 18:23:00,3.0301,3.0386,3.0296,3.0356,3.0351,3.0436,3.0346,3.0406,55
2026-03-27 18:24:00,3.0366,3.0366,3.0336,3.0351,3.0416,3.0416,3.0386,3.0401,24
2026-03-27 18:25:00,3.0346,3.0346,3.0306,3.0316,3.0396,3.0396,3.0356,3.0366,11
2026-03-27 18:26:00,3.0321,3.0326,3.0306,3.0316,3.0371,3.0376,3.0356,3.0366,10
2026-03-27 18:27:00,3.0321,3.0376,3.0321,3.0366,3.0371,3.0426,3.0371,3.0416,26
2026-03-27 18:28:00,3.0371,3.0396,3.0356,3.0386,3.0421,3.0446,3.0406,3.0436,21
2026-03-27 18:29:00,3.0406,3.0406,3.0366,3.0366,3.0456,3.0456,3.0416,3.0416,36
2026-03-27 18:30:00,3.0356,3.0356,3.0346,3.0346,3.0406,3.0406,3.0396,3.0396,21
2026-03-27 18:31:00,3.0351,3.0396,3.0326,3.0386,3.0401,3.0446,3.0376,3.0436,37
2026-03-27 18:32:00,3.0381,3.0426,3.0376,3.0426,3.0431,3.0476,3.0426,3.0476,22
2026-03-27 18:33:00,3.0416,3.0446,3.0416,3.0436,3.0466,3.0496,3.0466,3.0486,35
2026-03-27 18:34:00,3.0426,3.0456,3.0426,3.0446,3.0476,3.0506,3.0476,3.0496,38
2026-03-27 18:35:00,3.0436,3.0456,3.0426,3.0446,3.0486,3.0506,3.0476,3.0496,24
2026-03-27 18:36:00,3.0441,3.0456,3.0436,3.0436,3.0491,3.0506,3.0486,3.0486,35
2026-03-27 18:37:00,3.0441,3.0446,3.0436,3.0446,3.0491,3.0496,3.0486,3.0496,29
2026-03-27 18:38:00,3.0441,3.0506,3.0441,3.0496,3.0491,3.0556,3.0491,3.0546,35
2026-03-27 18:39:00,3.0506,3.0516,3.0496,3.0506,3.0556,3.0566,3.0546,3.0556,38
2026-03-27 18:40:00,3.0501,3.0516,3.0476,3.0506,3.0551,3.0566,3.0526,3.0556,51
2026-03-27 18:41:00,3.0501,3.0526,3.0496,3.0516,3.0551,3.0576,3.0546,3.0566,30
2026-03-27 18:42:00,3.0521,3.0526,3.0506,3.0526,3.0571,3.0576,3.0556,3.0576,25
2026-03-27 18:43:00,3.0521,3.0536,3.0506,3.0516,3.0571,3.0586,3.0556,3.0566,20
2026-03-27 18:44:00,3.0511,3.0516,3.0506,3.0506,3.0561,3.0566,3.0556,3.0556,16
2026-03-27 18:45:00,3.0511,3.0526,3.0506,3.0516,3.0561,3.0576,3.0556,3.0566,19
2026-03-27 18:46:00,3.0521,3.0556,3.0516,3.0536,3.0571,3.0606,3.0566,3.0586,37
2026-03-27 18:47:00,3.0531,3.0536,3.0516,3.0526,3.0581,3.0586,3.0566,3.0576,18
2026-03-27 18:48:00,3.0531,3.0531,3.0516,3.0526,3.0581,3.0581,3.0566,3.0576,16
2026-03-27 18:49:00,3.0531,3.0556,3.0511,3.0546,3.0581,3.0606,3.0561,3.0596,60
2026-03-27 18:50:00,3.0551,3.0556,3.0531,3.0541,3.0601,3.0606,3.0581,3.0591,39
2026-03-27 18:51:00,3.0546,3.0571,3.0541,3.0566,3.0596,3.0621,3.0591,3.0616,20
2026-03-27 18:52:00,3.0556,3.0616,3.0556,3.0616,3.0606,3.0666,3.0606,3.0666,37
2026-03-27 18:53:00,3.0611,3.0636,3.0596,3.0626,3.0661,3.0686,3.0646,3.0676,50
2026-03-27 18:54:00,3.0631,3.0631,3.0606,3.0616,3.0681,3.0681,3.0656,3.0666,51
2026-03-27 18:55:00,3.0626,3.0636,3.0561,3.0571,3.0676,3.0686,3.0611,3.0621,112
2026-03-27 18:56:00,3.0566,3.0586,3.0556,3.0571,3.0616,3.0636,3.0606,3.0621,43
2026-03-27 18:57:00,3.0606,3.0646,3.0596,3.0636,3.0656,3.0696,3.0646,3.0686,58
2026-03-27 18:58:00,3.0631,3.0646,3.0626,3.0636,3.0681,3.0696,3.0676,3.0686,44
2026-03-27 18:59:00,3.0656,3.0716,3.0606,3.0696,3.0706,3.0766,3.0656,3.0746,91
2026-03-27 19:00:00,3.0686,3.0696,3.0616,3.0666,3.0736,3.0746,3.0666,3.0716,89
2026-03-27 19:01:00,3.0671,3.0696,3.0656,3.0691,3.0721,3.0746,3.0706,3.0741,100
2026-03-27 19:02:00,3.0696,3.0766,3.0676,3.0751,3.0746,3.0816,3.0726,3.0801,57
2026-03-27 19:03:00,3.0756,3.0766,3.0676,3.0681,3.0806,3.0816,3.0726,3.0731,42
2026-03-27 19:04:00,3.0691,3.0721,3.0666,3.0696,3.0741,3.0771,3.0716,3.0746,72
2026-03-27 19:05:00,3.0686,3.0696,3.0606,3.0656,3.0736,3.0746,3.0656,3.0706,71
2026-03-27 19:06:00,3.0651,3.0716,3.0636,3.0711,3.0701,3.0766,3.0686,3.0761,60
2026-03-27 19:07:00,3.0716,3.0746,3.0636,3.0651,3.0766,3.0796,3.0686,3.0701,69
2026-03-27 19:08:00,3.0646,3.0666,3.0596,3.0616,3.0696,3.0716,3.0646,3.0666,57
2026-03-27 19:09:00,3.0621,3.0666,3.0606,3.0636,3.0671,3.0716,3.0656,3.0686,71
2026-03-27 19:10:00,3.0631,3.0646,3.0616,3.0636,3.0681,3.0696,3.0666,3.0686,23
2026-03-27 19:11:00,3.0641,3.0656,3.0616,3.0651,3.0691,3.0706,3.0666,3.0701,47
2026-03-27 19:12:00,3.0646,3.0676,3.0641,3.0656,3.0696,3.0726,3.0691,3.0706,45
2026-03-27 19:13:00,3.0661,3.0686,3.0651,3.0676,3.0711,3.0736,3.0701,3.0726,51
2026-03-27 19:14:00,3.0681,3.0726,3.0666,3.0716,3.0731,3.0776,3.0716,3.0766,68
2026-03-27 19:15:00,3.0726,3.0746,3.0696,3.0696,3.0776,3.0796,3.0746,3.0746,39
2026-03-27 19:16:00,3.0686,3.0696,3.0646,3.0646,3.0736,3.0746,3.0696,3.0696,41
2026-03-27 19:17:00,3.0656,3.0656,3.0606,3.0616,3.0706,3.0706,3.0656,3.0666,30
2026-03-27 19:18:00,3.0611,3.0636,3.0606,3.0636,3.0661,3.0686,3.0656,3.0686,65
2026-03-27 19:19:00,3.0631,3.0646,3.0596,3.0616,3.0681,3.0696,3.0646,3.0666,48
2026-03-27 19:20:00,3.0611,3.0626,3.0551,3.0561,3.0661,3.0676,3.0601,3.0611,62
2026-03-27 19:21:00,3.0556,3.0576,3.0526,3.0526,3.0606,3.0626,3.0576,3.0576,48
2026-03-27 19:22:00,3.0531,3.0546,3.0436,3.0466,3.0581,3.0596,3.0486,3.0516,69
2026-03-27 19:23:00,3.0456,3.0466,3.0396,3.0426,3.0506,3.0516,3.0446,3.0476,73
2026-03-27 19:24:00,3.0431,3.0451,3.0406,3.0436,3.0481,3.0501,3.0456,3.0486,46
2026-03-27 19:25:00,3.0431,3.0456,3.0406,3.0436,3.0481,3.0506,3.0456,3.0486,55
2026-03-27 19:26:00,3.0431,3.0496,3.0426,3.0491,3.0481,3.0546,3.0476,3.0541,63
2026-03-27 19:27:00,3.0486,3.0486,3.0436,3.0461,3.0536,3.0536,3.0486,3.0511,57
2026-03-27 19:28:00,3.0456,3.0536,3.0416,3.0456,3.0506,3.0586,3.0466,3.0506,162
2026-03-27 19:29:00,3.0461,3.0496,3.0446,3.0476,3.0511,3.0546,3.0496,3.0526,74
2026-03-27 19:30:00,3.0471,3.0526,3.0466,3.0506,3.0521,3.0576,3.0516,3.0556,60
2026-03-27 19:31:00,3.0501,3.0506,3.0476,3.0486,3.0551,3.0556,3.0526,3.0536,34
2026-03-27 19:32:00,3.0481,3.0501,3.0456,3.0486,3.0531,3.0551,3.0506,3.0536,31
2026-03-27 19:33:00,3.0481,3.0491,3.0471,3.0476,3.0531,3.0541,3.0521,3.0526,16
2026-03-27 19:34:00,3.0471,3.0476,3.0436,3.0461,3.0521,3.0526,3.0486,3.0511,25
2026-03-27 19:35:00,3.0476,3.0476,3.0456,3.0476,3.0526,3.0526,3.0506,3.0526,12
2026-03-27 19:36:00,3.0481,3.0496,3.0466,3.0466,3.0531,3.0546,3.0516,3.0516,9
2026-03-27 19:37:00,3.0461,3.0486,3.0456,3.0486,3.0511,3.0536,3.0506,3.0536,9
2026-03-27 19:38:00,3.0491,3.0516,3.0486,3.0511,3.0541,3.0566,3.0536,3.0561,22
2026-03-27 19:39:00,3.0506,3.0511,3.0466,3.0466,3.0556,3.0561,3.0516,3.0516,18
2026-03-27 19:40:00,3.0461,3.0466,3.0446,3.0456,3.0511,3.0516,3.0496,3.0506,28
2026-03-27 19:41:00,3.0466,3.0466,3.0426,3.0446,3.0516,3.0516,3.0476,3.0496,28
2026-03-27 19:42:00,3.0451,3.0511,3.0446,3.0481,3.0501,3.0561,3.0496,3.0531,50
2026-03-27 19:43:00,3.0486,3.0486,3.0416,3.0461,3.0536,3.0536,3.0466,3.0511,42
2026-03-27 19:44:00,3.0456,3.0486,3.0446,3.0476,3.0506,3.0536,3.0496,3.0526,23
2026-03-27 19:45:00,3.0466,3.0506,3.0456,3.0491,3.0516,3.0556,3.0506,3.0541,17
2026-03-27 19:46:00,3.0486,3.0486,3.0456,3.0466,3.0536,3.0536,3.0506,3.0516,20
2026-03-27 19:47:00,3.0461,3.0496,3.0461,3.0491,3.0511,3.0546,3.0511,3.0541,25
2026-03-27 19:48:00,3.0486,3.0506,3.0476,3.0491,3.0536,3.0556,3.0526,3.0541,16
2026-03-27 19:49:00,3.0496,3.0506,3.0481,3.0486,3.0546,3.0556,3.0531,3.0536,21
2026-03-27 19:50:00,3.0481,3.0496,3.0466,3.0471,3.0531,3.0546,3.0516,3.0521,17
2026-03-27 19:51:00,3.0476,3.0486,3.0466,3.0486,3.0526,3.0536,3.0516,3.0536,19
2026-03-27 19:52:00,3.0481,3.0506,3.0476,3.0496,3.0531,3.0556,3.0526,3.0546,20
2026-03-27 19:53:00,3.0506,3.0516,3.0506,3.0516,3.0556,3.0566,3.0556,3.0566,6
2026-03-27 19:54:00,3.0526,3.0536,3.0506,3.0511,3.0576,3.0586,3.0556,3.0561,11
2026-03-27 19:55:00,3.0506,3.0536,3.0506,3.0526,3.0556,3.0586,3.0556,3.0576,15
2026-03-27 19:56:00,3.0516,3.0516,3.0491,3.0506,3.0566,3.0566,3.0541,3.0556,15
2026-03-27 19:57:00,3.0501,3.0516,3.0496,3.0506,3.0551,3.0566,3.0546,3.0556,14
2026-03-27 19:58:00,3.0516,3.0516,3.0481,3.0481,3.0566,3.0566,3.0531,3.0531,7
2026-03-27 19:59:00,3.0486,3.0501,3.0481,3.0496,3.0536,3.0551,3.0531,3.0546,12
2026-03-27 20:00:00,3.0491,3.0506,3.0466,3.0466,3.0541,3.0556,3.0516,3.0516,16
2026-03-27 20:01:00,3.0456,3.0501,3.0456,3.0496,3.0506,3.0551,3.0506,3.0546,10
2026-03-27 20:02:00,3.0506,3.0506,3.0491,3.0491,3.0556,3.0556,3.0541,3.0541,3
2026-03-27 20:03:00,3.0496,3.0501,3.0496,3.0496,3.0546,3.0551,3.0546,3.0546,3
2026-03-27 20:04:00,3.0506,3.0511,3.0506,3.0511,3.0556,3.0561,3.0556,3.0561,2
2026-03-27 20:05:00,3.0516,3.0516,3.0496,3.0506,3.0566,3.0566,3.0546,3.0556,16
2026-03-27 20:06:00,3.0501,3.0521,3.0501,3.0506,3.0551,3.0571,3.0551,3.0556,13
2026-03-27 20:07:00,3.0501,3.0521,3.0496,3.0521,3.0551,3.0571,3.0546,3.0571,12
2026-03-27 20:08:00,3.0516,3.0536,3.0516,3.0531,3.0566,3.0586,3.0566,3.0581,13
2026-03-27 20:09:00,3.0536,3.0551,3.0536,3.0546,3.0586,3.0601,3.0586,3.0596,6
2026-03-27 20:10:00,3.0541,3.0546,3.0536,3.0536,3.0591,3.0596,3.0586,3.0586,5
2026-03-27 20:11:00,3.0541,3.0546,3.0536,3.0541,3.0591,3.0596,3.0586,3.0591,6
2026-03-27 20:12:00,3.0546,3.0556,3.0526,3.0526,3.0596,3.0606,3.0576,3.0576,13
2026-03-27 20:13:00,3.0516,3.0516,3.0481,3.0511,3.0566,3.0566,3.0531,3.0561,26
2026-03-27 20:14:00,3.0506,3.0526,3.0506,3.0516,3.0556,3.0576,3.0556,3.0566,10
2026-03-27 20:15:00,3.0511,3.0511,3.0511,3.0511,3.0561,3.0561,3.0561,3.0561,1
2026-03-27 20:16:00,3.0516,3.0526,3.0516,3.0521,3.0566,3.0576,3.0566,3.0571,3
2026-03-27 20:17:00,3.0516,3.0516,3.0486,3.0491,3.0566,3.0566,3.0536,3.0541,10
2026-03-27 20:18:00,3.0486,3.0521,3.0486,3.0521,3.0536,3.0571,3.0536,3.0571,15
2026-03-27 20:19:00,3.0516,3.0521,3.0506,3.0516,3.0566,3.0571,3.0556,3.0566,5
2026-03-27 20:20:00,3.0521,3.0526,3.0511,3.0526,3.0571,3.0576,3.0561,3.0576,11
2026-03-27 20:21:00,3.0516,3.0526,3.0506,3.0516,3.0566,3.0576,3.0556,3.0566,10
2026-03-27 20:22:00,3.0521,3.0541,3.0516,3.0541,3.0571,3.0591,3.0566,3.0591,7
2026-03-27 20:23:00,3.0536,3.0556,3.0536,3.0546,3.0586,3.0606,3.0586,3.0596,25
2026-03-27 20:24:00,3.0551,3.0566,3.0551,3.0566,3.0601,3.0616,3.0601,3.0616,15
2026-03-27 20:25:00,3.0576,3.0586,3.0566,3.0586,3.0626,3.0636,3.0616,3.0636,19
2026-03-27 20:26:00,3.0591,3.0606,3.0586,3.0606,3.0641,3.0656,3.0636,3.0656,16
2026-03-27 20:27:00,3.0616,3.0631,3.0606,3.0616,3.0666,3.0681,3.0656,3.0666,21
2026-03-27 20:28:00,3.0621,3.0621,3.0566,3.0566,3.0671,3.0671,3.0616,3.0616,18
2026-03-27 20:29:00,3.0571,3.0591,3.0571,3.0586,3.0621,3.0641,3.0621,3.0636,9
2026-03-27 20:30:00,3.0581,3.0591,3.0566,3.0576,3.0631,3.0641,3.0616,3.0626,15
2026-03-27 20:31:00,3.0591,3.0606,3.0576,3.0601,3.0641,3.0656,3.0626,3.0651,32
2026-03-27 20:32:00,3.0596,3.0636,3.0596,3.0631,3.0646,3.0686,3.0646,3.0681,18
2026-03-27 20:33:00,3.0626,3.0626,3.0616,3.0621,3.0676,3.0676,3.0666,3.0671,4
2026-03-27 20:34:00,3.0616,3.0626,3.0616,3.0626,3.0666,3.0676,3.0666,3.0676,9
2026-03-27 20:35:00,3.0636,3.0641,3.0616,3.0621,3.0686,3.0691,3.0666,3.0671,23
2026-03-27 20:36:00,3.0611,3.0636,3.0596,3.0636,3.0661,3.0686,3.0646,3.0686,36
2026-03-27 20:37:00,3.0626,3.0666,3.0626,3.0651,3.0676,3.0716,3.0676,3.0701,11
2026-03-27 20:38:00,3.0646,3.0646,3.0616,3.0626,3.0696,3.0696,3.0666,3.0676,13
2026-03-27 20:39:00,3.0616,3.0636,3.0616,3.0626,3.0666,3.0686,3.0666,3.0676,4
2026-03-27 20:40:00,3.0631,3.0636,3.0616,3.0616,3.0681,3.0686,3.0666,3.0666,7
2026-03-27 20:41:00,3.0611,3.0616,3.0596,3.0601,3.0661,3.0666,3.0646,3.0651,15
2026-03-27 20:42:00,3.0596,3.0596,3.0551,3.0556,3.0646,3.0646,3.0601,3.0606,28
2026-03-27 20:43:00,3.0546,3.0546,3.0516,3.0526,3.0596,3.0596,3.0566,3.0576,14
2026-03-27 20:44:00,3.0531,3.0551,3.0531,3.0546,3.0581,3.0601,3.0581,3.0596,21
2026-03-27 20:45:00,3.0541,3.0556,3.0541,3.0556,3.0591,3.0606,3.0591,3.0606,9
2026-03-27 20:46:00,3.0551,3.0566,3.0546,3.0561,3.0601,3.0616,3.0596,3.0611,8
2026-03-27 20:47:00,3.0551,3.0556,3.0541,3.0541,3.0601,3.0606,3.0591,3.0591,15
2026-03-27 20:48:00,3.0546,3.0576,3.0526,3.0546,3.0596,3.0626,3.0576,3.0596,28
2026-03-27 20:49:00,3.0541,3.0541,3.0526,3.0536,3.0591,3.0591,3.0576,3.0586,11
2026-03-27 20:50:00,3.0531,3.0556,3.0531,3.0556,3.0581,3.0606,3.0581,3.0606,13
2026-03-27 20:51:00,3.0546,3.0561,3.0536,3.0556,3.0596,3.0611,3.0586,3.0606,16
2026-03-27 20:52:00,3.0561,3.0566,3.0516,3.0516,3.0611,3.0616,3.0566,3.0566,17
2026-03-27 20:53:00,3.0526,3.0536,3.0456,3.0466,3.0576,3.0586,3.0506,3.0516,29
2026-03-27 20:54:00,3.0471,3.0496,3.0466,3.0486,3.0521,3.0546,3.0516,3.0536,21
2026-03-27 20:55:00,3.0481,3.0481,3.0446,3.0461,3.0531,3.0531,3.0496,3.0511,15
2026-03-27 20:56:00,3.0456,3.0476,3.0456,3.0476,3.0506,3.0526,3.0506,3.0526,7
2026-03-27 20:57:00,3.0486,3.0506,3.0486,3.0496,3.0536,3.0556,3.0536,3.0546,7
2026-03-27 20:58:00,3.0501,3.0511,3.0501,3.0511,3.0551,3.0561,3.0551,3.0561,16
2026-03-27 20:59:00,3.0516,3.0516,3.0486,3.0486,3.0566,3.0566,3.0536,3.0536,12
2026-03-27 21:00:00,3.0496,3.0526,3.0486,3.0521,3.0546,3.0576,3.0536,3.0571,13
2026-03-27 21:01:00,3.0526,3.0526,3.0441,3.0471,3.0576,3.0576,3.0491,3.0521,35
2026-03-27 21:02:00,3.0476,3.0476,3.0451,3.0461,3.0526,3.0526,3.0501,3.0511,8
2026-03-27 21:03:00,3.0466,3.0496,3.0451,3.0461,3.0516,3.0546,3.0501,3.0511,29
2026-03-27 21:04:00,3.0466,3.0526,3.0456,3.0526,3.0516,3.0576,3.0506,3.0576,24
2026-03-27 21:05:00,3.0521,3.0526,3.0511,3.0511,3.0571,3.0576,3.0561,3.0561,7
2026-03-27 21:06:00,3.0506,3.0506,3.0486,3.0496,3.0556,3.0556,3.0536,3.0546,22
2026-03-27 21:07:00,3.0501,3.0516,3.0491,3.0496,3.0551,3.0566,3.0541,3.0546,12
2026-03-27 21:08:00,3.0491,3.0511,3.0486,3.0511,3.0541,3.0561,3.0536,3.0561,12
2026-03-27 21:09:00,3.0506,3.0506,3.0486,3.0491,3.0556,3.0556,3.0536,3.0541,11
2026-03-27 21:10:00,3.0486,3.0501,3.0481,3.0491,3.0536,3.0551,3.0531,3.0541,11
2026-03-27 21:11:00,3.0486,3.0491,3.0461,3.0486,3.0536,3.0541,3.0511,3.0536,14
2026-03-27 21:12:00,3.0476,3.0486,3.0466,3.0471,3.0526,3.0536,3.0516,3.0521,13
2026-03-27 21:13:00,3.0461,3.0486,3.0456,3.0476,3.0511,3.0536,3.0506,3.0526,21
2026-03-27 21:14:00,3.0471,3.0476,3.0451,3.0471,3.0521,3.0526,3.0501,3.0521,19
2026-03-27 21:15:00,3.0476,3.0476,3.0456,3.0461,3.0526,3.0526,3.0506,3.0511,11
2026-03-27 21:16:00,3.0456,3.0481,3.0451,3.0476,3.0506,3.0531,3.0501,3.0526,7
2026-03-27 21:17:00,3.0481,3.0491,3.0476,3.0476,3.0531,3.0541,3.0526,3.0526,4
2026-03-27 21:18:00,3.0471,3.0491,3.0471,3.0491,3.0521,3.0541,3.0521,3.0541,11
2026-03-27 21:19:00,3.0486,3.0486,3.0481,3.0486,3.0536,3.0536,3.0531,3.0536,5
2026-03-27 21:20:00,3.0481,3.0506,3.0476,3.0486,3.0531,3.0556,3.0526,3.0536,25
2026-03-27 21:21:00,3.0491,3.0491,3.0471,3.0476,3.0541,3.0541,3.0521,3.0526,20
2026-03-27 21:22:00,3.0481,3.0491,3.0481,3.0486,3.0531,3.0541,3.0531,3.0536,15
2026-03-27 21:23:00,3.0491,3.0556,3.0486,3.0526,3.0541,3.0606,3.0536,3.0576,42
2026-03-27 21:24:00,3.0536,3.0536,3.0506,3.0516,3.0586,3.0586,3.0556,3.0566,17
2026-03-27 21:25:00,3.0521,3.0526,3.0511,3.0521,3.0571,3.0576,3.0561,3.0571,12
2026-03-27 21:26:00,3.0516,3.0516,3.0496,3.0511,3.0566,3.0566,3.0546,3.0561,15
2026-03-27 21:27:00,3.0516,3.0516,3.0501,3.0516,3.0566,3.0566,3.0551,3.0566,7
2026-03-27 21:28:00,3.0521,3.0521,3.0511,3.0516,3.0571,3.0571,3.0561,3.0566,8
2026-03-27 21:29:00,3.0526,3.0526,3.0521,3.0521,3.0576,3.0576,3.0571,3.0571,2
2026-03-27 21:30:00,3.0516,3.0516,3.0496,3.0501,3.0566,3.0566,3.0546,3.0551,14
2026-03-27 21:31:00,3.0496,3.0501,3.0496,3.0496,3.0546,3.0551,3.0546,3.0546,3
2026-03-27 21:32:00,3.0501,3.0506,3.0501,3.0506,3.0551,3.0556,3.0551,3.0556,2
2026-03-27 21:33:00,3.0511,3.0526,3.0506,3.0521,3.0561,3.0576,3.0556,3.0571,9
2026-03-27 21:34:00,3.0526,3.0526,3.0521,3.0521,3.0576,3.0576,3.0571,3.0571,2
2026-03-27 21:35:00,3.0516,3.0526,3.0516,3.0516,3.0566,3.0576,3.0566,3.0566,4
2026-03-27 21:36:00,3.0511,3.0516,3.0506,3.0511,3.0561,3.0566,3.0556,3.0561,5
2026-03-27 21:37:00,3.0506,3.0526,3.0501,3.0511,3.0556,3.0576,3.0551,3.0561,17
2026-03-27 21:38:00,3.0516,3.0516,3.0511,3.0516,3.0566,3.0566,3.0561,3.0566,3
2026-03-27 21:39:00,3.0511,3.0511,3.0506,3.0511,3.0561,3.0561,3.0556,3.0561,7
2026-03-27 21:40:00,3.0506,3.0506,3.0466,3.0476,3.0556,3.0556,3.0516,3.0526,27
2026-03-27 21:41:00,3.0491,3.0491,3.0481,3.0481,3.0541,3.0541,3.0531,3.0531,3
2026-03-27 21:42:00,3.0486,3.0486,3.0481,3.0486,3.0536,3.0536,3.0531,3.0536,3
2026-03-27 21:43:00,3.0491,3.0516,3.0491,3.0506,3.0541,3.0566,3.0541,3.0556,12
2026-03-27 21:44:00,3.0496,3.0511,3.0486,3.0506,3.0546,3.0561,3.0536,3.0556,12
2026-03-27 21:45:00,3.0496,3.0536,3.0496,3.0511,3.0546,3.0586,3.0546,3.0561,17
2026-03-27 21:46:00,3.0516,3.0516,3.0506,3.0511,3.0566,3.0566,3.0556,3.0561,5
2026-03-27 21:47:00,3.0516,3.0516,3.0476,3.0476,3.0566,3.0566,3.0526,3.0526,11
2026-03-27 21:48:00,3.0491,3.0501,3.0456,3.0456,3.0541,3.0551,3.0506,3.0506,14
2026-03-27 21:49:00,3.0461,3.0466,3.0446,3.0461,3.0511,3.0516,3.0496,3.0511,10
2026-03-27 21:50:00,3.0456,3.0481,3.0456,3.0481,3.0506,3.0531,3.0506,3.0531,9
2026-03-27 21:51:00,3.0476,3.0481,3.0471,3.0476,3.0526,3.0531,3.0521,3.0526,5
2026-03-27 21:52:00,3.0481,3.0516,3.0481,3.0511,3.0531,3.0566,3.0531,3.0561,11
2026-03-27 21:53:00,3.0506,3.0511,3.0496,3.0506,3.0556,3.0561,3.0546,3.0556,4
2026-03-27 21:54:00,3.0501,3.0506,3.0486,3.0496,3.0551,3.0556,3.0536,3.0546,12
2026-03-27 21:55:00,3.0486,3.0556,3.0486,3.0551,3.0536,3.0606,3.0536,3.0601,38
2026-03-27 21:56:00,3.0536,3.0631,3.0536,3.0611,3.0586,3.0681,3.0586,3.0661,36
2026-03-27 21:57:00,3.0616,3.0656,3.0601,3.0611,3.0666,3.0706,3.0651,3.0661,27
2026-03-27 21:58:00,3.0621,3.0621,3.0566,3.0581,3.0671,3.0671,3.0616,3.0631,35
2026-03-27 21:59:00,3.0586,3.0735,3.0566,3.0735,3.0636,3.0771,3.0616,3.0755,39
2026-03-30 00:43:00,3.0046,3.0046,3.0046,3.0046,3.0096,3.0096,3.0096,3.0096,1
2026-03-30 00:44:00,3.0041,3.0061,3.0036,3.0051,3.0091,3.0111,3.0086,3.0101,5
2026-03-30 00:45:00,3.0056,3.0056,3.0046,3.0046,3.0106,3.0106,3.0096,3.0096,4
2026-03-30 00:47:00,3.0051,3.0081,3.0041,3.0041,3.0101,3.0131,3.0091,3.0091,13
2026-03-30 00:48:00,3.0061,3.0061,3.0046,3.0046,3.0111,3.0111,3.0096,3.0096,7
2026-03-30 00:49:00,3.0051,3.0051,3.0026,3.0026,3.0101,3.0101,3.0076,3.0076,4
2026-03-30 00:50:00,3.0036,3.0036,3.0026,3.0031,3.0086,3.0086,3.0076,3.0081,4
2026-03-30 00:51:00,3.0016,3.0016,3.0006,3.0011,3.0066,3.0066,3.0056,3.0061,4
2026-03-30 00:52:00,3.0006,3.0026,2.9996,3.0006,3.0056,3.0076,3.0046,3.0056,11
2026-03-30 00:53:00,3.0001,3.0026,3.0001,3.0021,3.0051,3.0076,3.0051,3.0071,5
2026-03-30 00:54:00,3.0016,3.0076,3.0016,3.0076,3.0066,3.0126,3.0066,3.0126,5
2026-03-30 00:55:00,3.0071,3.0091,3.0066,3.0086,3.0121,3.0141,3.0116,3.0136,12
2026-03-30 00:56:00,3.0091,3.0111,3.0091,3.0106,3.0141,3.0161,3.0141,3.0156,5
2026-03-30 00:57:00,3.0091,3.0091,3.0046,3.0046,3.0141,3.0141,3.0096,3.0096,9
2026-03-30 00:58:00,3.0041,3.0041,3.0041,3.0041,3.0091,3.0091,3.0091,3.0091,1
2026-03-30 00:59:00,3.0051,3.0051,3.0021,3.0021,3.0101,3.0101,3.0071,3.0071,7
2026-03-30 01:00:00,3.0036,3.0056,3.0036,3.0051,3.0086,3.0106,3.0086,3.0101,4
2026-03-30 01:01:00,3.0046,3.0056,3.0041,3.0051,3.0096,3.0106,3.0091,3.0101,7
2026-03-30 01:02:00,3.0036,3.0036,2.9991,2.9991,3.0086,3.0086,3.0041,3.0041,7
2026-03-30 01:03:00,2.9996,3.0006,2.9996,3.0006,3.0046,3.0056,3.0046,3.0056,4
2026-03-30 01:04:00,2.9996,3.0021,2.9996,3.0016,3.0046,3.0071,3.0046,3.0066,5
2026-03-30 01:05:00,3.0006,3.0011,2.9986,3.0011,3.0056,3.0061,3.0036,3.0061,8
2026-03-30 01:06:00,3.0006,3.0016,3.0006,3.0016,3.0056,3.0066,3.0056,3.0066,4
2026-03-30 01:07:00,3.0021,3.0051,3.0006,3.0011,3.0071,3.0101,3.0056,3.0061,10
2026-03-30 01:08:00,3.0016,3.0041,3.0016,3.0031,3.0066,3.0091,3.0066,3.0081,3
2026-03-30 01:09:00,3.0026,3.0046,3.0016,3.0016,3.0076,3.0096,3.0066,3.0066,10
2026-03-30 01:10:00,3.0026,3.0026,3.0016,3.0016,3.0076,3.0076,3.0066,3.0066,2
2026-03-30 01:12:00,3.0011,3.0036,3.0006,3.0021,3.0061,3.0086,3.0056,3.0071,11
2026-03-30 01:16:00,3.0016,3.0016,2.9986,2.9986,3.0066,3.0066,3.0036,3.0036,4
2026-03-30 01:17:00,2.9991,2.9991,2.9991,2.9991,3.0041,3.0041,3.0041,3.0041,1
2026-03-30 01:18:00,2.9996,2.9996,2.9991,2.9991,3.0046,3.0046,3.0041,3.0041,4
2026-03-30 01:19:00,2.9986,2.9986,2.9976,2.9976,3.0036,3.0036,3.0026,3.0026,2
2026-03-30 01:20:00,2.9986,2.9991,2.9986,2.9991,3.0036,3.0041,3.0036,3.0041,2
2026-03-30 01:23:00,3.0001,3.0001,3.0001,3.0001,3.0051,3.0051,3.0051,3.0051,1
2026-03-30 01:24:00,2.9996,2.9996,2.9996,2.9996,3.0046,3.0046,3.0046,3.0046,1
2026-03-30 01:25:00,2.9991,3.0046,2.9991,3.0036,3.0041,3.0096,3.0041,3.0086,9
2026-03-30 01:26:00,3.0031,3.0031,3.0031,3.0031,3.0081,3.0081,3.0081,3.0081,1
2026-03-30 01:28:00,3.0036,3.0036,3.0036,3.0036,3.0086,3.0086,3.0086,3.0086,1
2026-03-30 01:29:00,3.0031,3.0031,3.0026,3.0026,3.0081,3.0081,3.0076,3.0076,2
2026-03-30 01:30:00,3.0041,3.0051,3.0036,3.0041,3.0091,3.0101,3.0086,3.0091,5
2026-03-30 01:32:00,3.0036,3.0041,3.0036,3.0041,3.0086,3.0091,3.0086,3.0091,2
2026-03-30 01:33:00,3.0036,3.0071,3.0036,3.0066,3.0086,3.0121,3.0086,3.0116,4
2026-03-30 01:34:00,3.0076,3.0086,3.0071,3.0081,3.0126,3.0136,3.0121,3.0131,4
2026-03-30 01:35:00,3.0096,3.0096,3.0051,3.0051,3.0146,3.0146,3.0101,3.0101,7
2026-03-30 01:36:00,3.0046,3.0066,3.0046,3.0061,3.0096,3.0116,3.0096,3.0111,4
2026-03-30 01:37:00,3.0066,3.0066,3.0061,3.0061,3.0116,3.0116,3.0111,3.0111,2
2026-03-30 01:38:00,3.0056,3.0076,3.0056,3.0076,3.0106,3.0126,3.0106,3.0126,3
2026-03-30 01:39:00,3.0071,3.0071,3.0071,3.0071,3.0121,3.0121,3.0121,3.0121,1
2026-03-30 01:40:00,3.0076,3.0076,3.0071,3.0071,3.0126,3.0126,3.0121,3.0121,2
2026-03-30 01:41:00,3.0066,3.0066,3.0066,3.0066,3.0116,3.0116,3.0116,3.0116,1
2026-03-30 01:42:00,3.0056,3.0056,3.0031,3.0031,3.0106,3.0106,3.0081,3.0081,4
2026-03-30 01:43:00,3.0026,3.0026,3.0016,3.0016,3.0076,3.0076,3.0066,3.0066,3
2026-03-30 01:44:00,3.0021,3.0031,3.0001,3.0031,3.0071,3.0081,3.0051,3.0081,6
2026-03-30 01:45:00,3.0021,3.0021,3.0016,3.0021,3.0071,3.0071,3.0066,3.0071,3
2026-03-30 01:46:00,3.0016,3.0021,2.9991,3.0021,3.0066,3.0071,3.0041,3.0071,9
2026-03-30 01:47:00,3.0031,3.0031,3.0001,3.0001,3.0081,3.0081,3.0051,3.0051,9
2026-03-30 01:48:00,2.9996,3.0006,2.9996,2.9996,3.0046,3.0056,3.0046,3.0046,9
2026-03-30 01:49:00,2.9986,2.9986,2.9976,2.9976,3.0036,3.0036,3.0026,3.0026,4
2026-03-30 01:50:00,2.9971,2.9996,2.9971,2.9981,3.0021,3.0046,3.0021,3.0031,5
2026-03-30 01:51:00,2.9976,2.9976,2.9916,2.9926,3.0026,3.0026,2.9966,2.9976,13
2026-03-30 01:52:00,2.9921,2.9946,2.9921,2.9946,2.9971,2.9996,2.9971,2.9996,7
2026-03-30 01:53:00,2.9941,2.9946,2.9936,2.9941,2.9991,2.9996,2.9986,2.9991,4
2026-03-30 01:54:00,2.9936,2.9941,2.9936,2.9941,2.9986,2.9991,2.9986,2.9991,4
2026-03-30 01:55:00,2.9936,2.9941,2.9926,2.9941,2.9986,2.9991,2.9976,2.9991,5
2026-03-30 01:56:00,2.9946,2.9961,2.9936,2.9956,2.9996,3.0011,2.9986,3.0006,6
2026-03-30 01:57:00,2.9961,2.9961,2.9956,2.9956,3.0011,3.0011,3.0006,3.0006,2
2026-03-30 01:58:00,2.9951,2.9976,2.9941,2.9961,3.0001,3.0026,2.9991,3.0011,7
2026-03-30 01:59:00,2.9966,2.9966,2.9931,2.9931,3.0016,3.0016,2.9981,2.9981,9
2026-03-30 02:00:00,2.9936,2.9956,2.9936,2.9946,2.9986,3.0006,2.9986,2.9996,8
2026-03-30 02:01:00,2.9941,2.9961,2.9941,2.9961,2.9991,3.0011,2.9991,3.0011,5
2026-03-30 02:02:00,2.9956,2.9956,2.9951,2.9951,3.0006,3.0006,3.0001,3.0001,6
2026-03-30 02:03:00,2.9956,2.9956,2.9951,2.9956,3.0006,3.0006,3.0001,3.0006,9
2026-03-30 02:04:00,2.9971,2.9986,2.9971,2.9976,3.0021,3.0036,3.0021,3.0026,10
2026-03-30 02:05:00,2.9971,2.9976,2.9966,2.9976,3.0021,3.0026,3.0016,3.0026,12
2026-03-30 02:06:00,2.9986,2.9996,2.9961,2.9996,3.0036,3.0046,3.0011,3.0046,12
2026-03-30 02:07:00,2.9991,2.9991,2.9981,2.9986,3.0041,3.0041,3.0031,3.0036,5
2026-03-30 02:08:00,2.9991,3.0001,2.9981,2.9981,3.0041,3.0051,3.0031,3.0031,7
2026-03-30 02:09:00,2.9986,2.9996,2.9961,2.9971,3.0036,3.0046,3.0011,3.0021,13
2026-03-30 02:10:00,2.9966,2.9986,2.9966,2.9966,3.0016,3.0036,3.0016,3.0016,6
2026-03-30 02:11:00,2.9961,2.9966,2.9956,2.9956,3.0011,3.0016,3.0006,3.0006,4
2026-03-30 02:12:00,2.9961,2.9961,2.9956,2.9961,3.0011,3.0011,3.0006,3.0011,5
2026-03-30 02:13:00,2.9966,2.9966,2.9921,2.9936,3.0016,3.0016,2.9971,2.9986,11
2026-03-30 02:14:00,2.9926,2.9936,2.9921,2.9921,2.9976,2.9986,2.9971,2.9971,7
2026-03-30 02:15:00,2.9916,2.9916,2.9876,2.9901,2.9966,2.9966,2.9926,2.9951,11
2026-03-30 02:16:00,2.9911,2.9921,2.9896,2.9916,2.9961,2.9971,2.9946,2.9966,8
2026-03-30 02:17:00,2.9921,2.9961,2.9851,2.9871,2.9971,3.0011,2.9901,2.9921,25
2026-03-30 02:18:00,2.9866,2.9886,2.9841,2.9841,2.9916,2.9936,2.9891,2.9891,16
2026-03-30 02:19:00,2.9836,2.9866,2.9786,2.9791,2.9886,2.9916,2.9836,2.9841,24
2026-03-30 02:20:00,2.9786,2.9791,2.9776,2.9776,2.9836,2.9841,2.9826,2.9826,11
2026-03-30 02:21:00,2.9766,2.9766,2.9726,2.9751,2.9816,2.9816,2.9776,2.9801,12
2026-03-30 02:22:00,2.9746,2.9761,2.9736,2.9756,2.9796,2.9811,2.9786,2.9806,7
2026-03-30 02:23:00,2.9751,2.9791,2.9751,2.9751,2.9801,2.9841,2.9801,2.9801,11
2026-03-30 02:24:00,2.9761,2.9761,2.9746,2.9751,2.9811,2.9811,2.9796,2.9801,3
2026-03-30 02:25:00,2.9736,2.9736,2.9716,2.9731,2.9786,2.9786,2.9766,2.9781,9
2026-03-30 02:26:00,2.9726,2.9746,2.9726,2.9741,2.9776,2.9796,2.9776,2.9791,7
2026-03-30 02:27:00,2.9751,2.9766,2.9721,2.9726,2.9801,2.9816,2.9771,2.9776,12
2026-03-30 02:28:00,2.9736,2.9781,2.9736,2.9781,2.9786,2.9831,2.9786,2.9831,15
2026-03-30 02:29:00,2.9776,2.9816,2.9776,2.9786,2.9826,2.9866,2.9826,2.9836,8
2026-03-30 02:30:00,2.9781,2.9781,2.9721,2.9721,2.9831,2.9831,2.9771,2.9771,17
2026-03-30 02:31:00,2.9716,2.9761,2.9716,2.9726,2.9766,2.9811,2.9766,2.9776,14
2026-03-30 02:32:00,2.9716,2.9741,2.9716,2.9731,2.9766,2.9791,2.9766,2.9781,5
2026-03-30 02:33:00,2.9721,2.9721,2.9621,2.9621,2.9771,2.9771,2.9671,2.9671,12
2026-03-30 02:34:00,2.9616,2.9646,2.9606,2.9641,2.9666,2.9696,2.9656,2.9691,12
2026-03-30 02:35:00,2.9646,2.9676,2.9646,2.9666,2.9696,2.9726,2.9696,2.9716,13
2026-03-30 02:36:00,2.9671,2.9686,2.9666,2.9671,2.9721,2.9736,2.9716,2.9721,6
2026-03-30 02:37:00,2.9666,2.9681,2.9656,2.9681,2.9716,2.9731,2.9706,2.9731,7
2026-03-30 02:38:00,2.9676,2.9706,2.9676,2.9706,2.9726,2.9756,2.9726,2.9756,9
2026-03-30 02:39:00,2.9701,2.9701,2.9661,2.9661,2.9751,2.9751,2.9711,2.9711,10
2026-03-30 02:40:00,2.9656,2.9666,2.9656,2.9661,2.9706,2.9716,2.9706,2.9711,10
2026-03-30 02:41:00,2.9666,2.9701,2.9661,2.9701,2.9716,2.9751,2.9711,2.9751,8
2026-03-30 02:42:00,2.9696,2.9696,2.9686,2.9686,2.9746,2.9746,2.9736,2.9736,5
2026-03-30 02:43:00,2.9676,2.9716,2.9676,2.9701,2.9726,2.9766,2.9726,2.9751,10
2026-03-30 02:44:00,2.9706,2.9711,2.9706,2.9706,2.9756,2.9761,2.9756,2.9756,3
2026-03-30 02:45:00,2.9711,2.9756,2.9711,2.9716,2.9761,2.9806,2.9761,2.9766,10
2026-03-30 02:46:00,2.9726,2.9726,2.9676,2.9686,2.9776,2.9776,2.9726,2.9736,7
2026-03-30 02:47:00,2.9696,2.9701,2.9686,2.9696,2.9746,2.9751,2.9736,2.9746,8
2026-03-30 02:48:00,2.9691,2.9701,2.9686,2.9686,2.9741,2.9751,2.9736,2.9736,8
2026-03-30 02:49:00,2.9681,2.9691,2.9681,2.9686,2.9731,2.9741,2.9731,2.9736,7
2026-03-30 02:50:00,2.9691,2.9731,2.9691,2.9721,2.9741,2.9781,2.9741,2.9771,7
2026-03-30 02:51:00,2.9726,2.9731,2.9696,2.9716,2.9776,2.9781,2.9746,2.9766,12
2026-03-30 02:52:00,2.9711,2.9711,2.9676,2.9691,2.9761,2.9761,2.9726,2.9741,11
2026-03-30 02:53:00,2.9686,2.9706,2.9686,2.9706,2.9736,2.9756,2.9736,2.9756,13
2026-03-30 02:54:00,2.9701,2.9706,2.9686,2.9691,2.9751,2.9756,2.9736,2.9741,7
2026-03-30 02:55:00,2.9686,2.9686,2.9676,2.9676,2.9736,2.9736,2.9726,2.9726,3
2026-03-30 02:56:00,2.9681,2.9691,2.9676,2.9691,2.9731,2.9741,2.9726,2.9741,6
2026-03-30 02:57:00,2.9681,2.9716,2.9681,2.9706,2.9731,2.9766,2.9731,2.9756,10
2026-03-30 02:58:00,2.9701,2.9701,2.9681,2.9681,2.9751,2.9751,2.9731,2.9731,7
2026-03-30 02:59:00,2.9701,2.9701,2.9686,2.9686,2.9751,2.9751,2.9736,2.9736,7
2026-03-30 03:00:00,2.9691,2.9706,2.9686,2.9706,2.9741,2.9756,2.9736,2.9756,4
2026-03-30 03:01:00,2.9696,2.9716,2.9676,2.9681,2.9746,2.9766,2.9726,2.9731,15
2026-03-30 03:02:00,2.9676,2.9676,2.9661,2.9671,2.9726,2.9726,2.9711,2.9721,8
2026-03-30 03:03:00,2.9681,2.9706,2.9676,2.9701,2.9731,2.9756,2.9726,2.9751,14
2026-03-30 03:04:00,2.9706,2.9716,2.9701,2.9716,2.9756,2.9766,2.9751,2.9766,17
2026-03-30 03:05:00,2.9711,2.9716,2.9681,2.9696,2.9761,2.9766,2.9731,2.9746,9
2026-03-30 03:06:00,2.9691,2.9691,2.9681,2.9681,2.9741,2.9741,2.9731,2.9731,3
2026-03-30 03:07:00,2.9676,2.9676,2.9616,2.9636,2.9726,2.9726,2.9666,2.9686,17
2026-03-30 03:08:00,2.9631,2.9641,2.9626,2.9641,2.9681,2.9691,2.9676,2.9691,7
2026-03-30 03:09:00,2.9651,2.9651,2.9641,2.9646,2.9701,2.9701,2.9691,2.9696,7
2026-03-30 03:10:00,2.9661,2.9676,2.9661,2.9666,2.9711,2.9726,2.9711,2.9716,5
2026-03-30 03:11:00,2.9661,2.9676,2.9656,2.9676,2.9711,2.9726,2.9706,2.9726,7
2026-03-30 03:12:00,2.9686,2.9686,2.9666,2.9666,2.9736,2.9736,2.9716,2.9716,5
2026-03-30 03:13:00,2.9661,2.9681,2.9661,2.9681,2.9711,2.9731,2.9711,2.9731,6
2026-03-30 03:14:00,2.9676,2.9676,2.9656,2.9661,2.9726,2.9726,2.9706,2.9711,6
2026-03-30 03:15:00,2.9666,2.9681,2.9661,2.9671,2.9716,2.9731,2.9711,2.9721,5
2026-03-30 03:16:00,2.9666,2.9671,2.9656,2.9666,2.9716,2.9721,2.9706,2.9716,5
2026-03-30 03:17:00,2.9661,2.9696,2.9656,2.9686,2.9711,2.9746,2.9706,2.9736,10
2026-03-30 03:18:00,2.9666,2.9666,2.9666,2.9666,2.9716,2.9716,2.9716,2.9716,1
2026-03-30 03:19:00,2.9671,2.9686,2.9671,2.9676,2.9721,2.9736,2.9721,2.9726,3
2026-03-30 03:20:00,2.9671,2.9681,2.9671,2.9676,2.9721,2.9731,2.9721,2.9726,4
2026-03-30 03:21:00,2.9671,2.9681,2.9671,2.9681,2.9721,2.9731,2.9721,2.9731,3
2026-03-30 03:22:00,2.9686,2.9726,2.9686,2.9726,2.9736,2.9776,2.9736,2.9776,7
2026-03-30 03:23:00,2.9736,2.9736,2.9716,2.9716,2.9786,2.9786,2.9766,2.9766,3
2026-03-30 03:24:00,2.9721,2.9726,2.9706,2.9711,2.9771,2.9776,2.9756,2.9761,7
2026-03-30 03:26:00,2.9716,2.9716,2.9716,2.9716,2.9766,2.9766,2.9766,2.9766,1
2026-03-30 03:27:00,2.9711,2.9716,2.9711,2.9711,2.9761,2.9766,2.9761,2.9761,3
2026-03-30 03:28:00,2.9706,2.9741,2.9691,2.9741,2.9756,2.9791,2.9741,2.9791,6
2026-03-30 03:29:00,2.9756,2.9796,2.9756,2.9776,2.9806,2.9846,2.9806,2.9826,13
2026-03-30 03:30:00,2.9771,2.9786,2.9771,2.9786,2.9821,2.9836,2.9821,2.9836,4
2026-03-30 03:31:00,2.9796,2.9816,2.9796,2.9811,2.9846,2.9866,2.9846,2.9861,7
2026-03-30 03:32:00,2.9801,2.9831,2.9791,2.9821,2.9851,2.9881,2.9841,2.9871,6
2026-03-30 03:33:00,2.9831,2.9856,2.9796,2.9806,2.9881,2.9906,2.9846,2.9856,26
2026-03-30 03:34:00,2.9801,2.9806,2.9786,2.9786,2.9851,2.9856,2.9836,2.9836,5
2026-03-30 03:35:00,2.9796,2.9796,2.9771,2.9786,2.9846,2.9846,2.9821,2.9836,10
2026-03-30 03:36:00,2.9781,2.9781,2.9781,2.9781,2.9831,2.9831,2.9831,2.9831,1
2026-03-30 03:37:00,2.9786,2.9811,2.9786,2.9801,2.9836,2.9861,2.9836,2.9851,5
2026-03-30 03:38:00,2.9806,2.9821,2.9801,2.9821,2.9856,2.9871,2.9851,2.9871,4
2026-03-30 03:39:00,2.9826,2.9831,2.9811,2.9821,2.9876,2.9881,2.9861,2.9871,9
2026-03-30 03:40:00,2.9816,2.9816,2.9811,2.9816,2.9866,2.9866,2.9861,2.9866,3
2026-03-30 03:41:00,2.9826,2.9826,2.9826,2.9826,2.9876,2.9876,2.9876,2.9876,1
2026-03-30 03:42:00,2.9836,2.9836,2.9796,2.9796,2.9886,2.9886,2.9846,2.9846,5
2026-03-30 03:43:00,2.9791,2.9796,2.9751,2.9751,2.9841,2.9846,2.9801,2.9801,10
2026-03-30 03:44:00,2.9741,2.9746,2.9731,2.9731,2.9791,2.9796,2.9781,2.9781,7
2026-03-30 03:45:00,2.9736,2.9751,2.9736,2.9736,2.9786,2.9801,2.9786,2.9786,7
2026-03-30 03:46:00,2.9731,2.9741,2.9731,2.9741,2.9781,2.9791,2.9781,2.9791,3
2026-03-30 03:47:00,2.9746,2.9781,2.9746,2.9776,2.9796,2.9831,2.9796,2.9826,10
2026-03-30 03:48:00,2.9771,2.9771,2.9761,2.9761,2.9821,2.9821,2.9811,2.9811,2
2026-03-30 03:50:00,2.9756,2.9756,2.9741,2.9746,2.9806,2.9806,2.9791,2.9796,5
2026-03-30 03:51:00,2.9741,2.9756,2.9731,2.9756,2.9791,2.9806,2.9781,2.9806,9
2026-03-30 03:52:00,2.9751,2.9751,2.9751,2.9751,2.9801,2.9801,2.9801,2.9801,1
2026-03-30 03:53:00,2.9741,2.9741,2.9741,2.9741,2.9791,2.9791,2.9791,2.9791,1
2026-03-30 03:54:00,2.9726,2.9756,2.9726,2.9751,2.9776,2.9806,2.9776,2.9801,7
2026-03-30 03:55:00,2.9741,2.9741,2.9741,2.9741,2.9791,2.9791,2.9791,2.9791,1
2026-03-30 03:56:00,2.9726,2.9766,2.9726,2.9761,2.9776,2.9816,2.9776,2.9811,7
2026-03-30 03:57:00,2.9756,2.9756,2.9751,2.9751,2.9806,2.9806,2.9801,2.9801,2
2026-03-30 03:58:00,2.9746,2.9746,2.9741,2.9741,2.9796,2.9796,2.9791,2.9791,2
2026-03-30 03:59:00,2.9751,2.9751,2.9751,2.9751,2.9801,2.9801,2.9801,2.9801,1
2026-03-30 04:00:00,2.9756,2.9756,2.9751,2.9751,2.9806,2.9806,2.9801,2.9801,2
2026-03-30 04:01:00,2.9746,2.9746,2.9726,2.9731,2.9796,2.9796,2.9776,2.9781,6
2026-03-30 04:02:00,2.9711,2.9721,2.9666,2.9721,2.9761,2.9771,2.9716,2.9771,8
2026-03-30 04:03:00,2.9726,2.9736,2.9726,2.9731,2.9776,2.9786,2.9776,2.9781,3
2026-03-30 04:04:00,2.9736,2.9736,2.9726,2.9726,2.9786,2.9786,2.9776,2.9776,3
2026-03-30 04:05:00,2.9721,2.9736,2.9721,2.9736,2.9771,2.9786,2.9771,2.9786,3
2026-03-30 04:06:00,2.9731,2.9741,2.9726,2.9741,2.9781,2.9791,2.9776,2.9791,7
2026-03-30 04:07:00,2.9746,2.9756,2.9736,2.9756,2.9796,2.9806,2.9786,2.9806,4
2026-03-30 04:08:00,2.9771,2.9801,2.9771,2.9801,2.9821,2.9851,2.9821,2.9851,5
2026-03-30 04:09:00,2.9806,2.9816,2.9791,2.9801,2.9856,2.9866,2.9841,2.9851,13
2026-03-30 04:10:00,2.9826,2.9856,2.9806,2.9821,2.9876,2.9906,2.9856,2.9871,16
2026-03-30 04:11:00,2.9826,2.9856,2.9826,2.9836,2.9876,2.9906,2.9876,2.9886,7
2026-03-30 04:12:00,2.9831,2.9846,2.9826,2.9846,2.9881,2.9896,2.9876,2.9896,8
2026-03-30 04:13:00,2.9841,2.9856,2.9841,2.9841,2.9891,2.9906,2.9891,2.9891,5
2026-03-30 04:14:00,2.9846,2.9861,2.9846,2.9856,2.9896,2.9911,2.9896,2.9906,5
2026-03-30 04:15:00,2.9851,2.9851,2.9841,2.9841,2.9901,2.9901,2.9891,2.9891,2
2026-03-30 04:16:00,2.9846,2.9856,2.9846,2.9846,2.9896,2.9906,2.9896,2.9896,4
2026-03-30 04:17:00,2.9841,2.9856,2.9841,2.9856,2.9891,2.9906,2.9891,2.9906,9
2026-03-30 04:18:00,2.9861,2.9911,2.9861,2.9911,2.9911,2.9961,2.9911,2.9961,8
2026-03-30 04:19:00,2.9926,2.9926,2.9901,2.9906,2.9976,2.9976,2.9951,2.9956,9
2026-03-30 04:20:00,2.9901,2.9906,2.9901,2.9906,2.9951,2.9956,2.9951,2.9956,2
2026-03-30 04:21:00,2.9911,2.9921,2.9906,2.9921,2.9961,2.9971,2.9956,2.9971,9
2026-03-30 04:22:00,2.9916,2.9936,2.9916,2.9926,2.9966,2.9986,2.9966,2.9976,6
2026-03-30 04:23:00,2.9931,2.9936,2.9901,2.9911,2.9981,2.9986,2.9951,2.9961,6
2026-03-30 04:24:00,2.9916,2.9926,2.9916,2.9926,2.9966,2.9976,2.9966,2.9976,5
2026-03-30 04:25:00,2.9921,2.9951,2.9916,2.9916,2.9971,3.0001,2.9966,2.9966,9
2026-03-30 04:26:00,2.9931,2.9971,2.9931,2.9961,2.9981,3.0021,2.9981,3.0011,8
2026-03-30 04:27:00,2.9966,2.9971,2.9966,2.9971,3.0016,3.0021,3.0016,3.0021,2
2026-03-30 04:28:00,2.9976,2.9976,2.9956,2.9956,3.0026,3.0026,3.0006,3.0006,7
2026-03-30 04:29:00,2.9951,2.9991,2.9936,2.9961,3.0001,3.0041,2.9986,3.0011,15
2026-03-30 04:30:00,2.9966,2.9966,2.9896,2.9901,3.0016,3.0016,2.9946,2.9951,12
2026-03-30 04:31:00,2.9896,2.9901,2.9881,2.9881,2.9946,2.9951,2.9931,2.9931,10
2026-03-30 04:32:00,2.9891,2.9916,2.9891,2.9911,2.9941,2.9966,2.9941,2.9961,5
2026-03-30 04:33:00,2.9901,2.9906,2.9881,2.9881,2.9951,2.9956,2.9931,2.9931,7
2026-03-30 04:34:00,2.9876,2.9876,2.9826,2.9836,2.9926,2.9926,2.9876,2.9886,8
2026-03-30 04:35:00,2.9841,2.9851,2.9841,2.9851,2.9891,2.9901,2.9891,2.9901,3
2026-03-30 04:36:00,2.9856,2.9856,2.9856,2.9856,2.9906,2.9906,2.9906,2.9906,1
2026-03-30 04:37:00,2.9851,2.9851,2.9851,2.9851,2.9901,2.9901,2.9901,2.9901,1
2026-03-30 04:40:00,2.9856,2.9871,2.9856,2.9871,2.9906,2.9921,2.9906,2.9921,4
2026-03-30 04:41:00,2.9866,2.9866,2.9866,2.9866,2.9916,2.9916,2.9916,2.9916,1
2026-03-30 04:42:00,2.9871,2.9871,2.9871,2.9871,2.9921,2.9921,2.9921,2.9921,1
2026-03-30 04:44:00,2.9876,2.9886,2.9876,2.9886,2.9926,2.9936,2.9926,2.9936,4
2026-03-30 04:45:00,2.9871,2.9871,2.9866,2.9871,2.9921,2.9921,2.9916,2.9921,3
2026-03-30 04:47:00,2.9866,2.9866,2.9851,2.9851,2.9916,2.9916,2.9901,2.9901,6
2026-03-30 04:48:00,2.9856,2.9856,2.9831,2.9836,2.9906,2.9906,2.9881,2.9886,6
2026-03-30 04:50:00,2.9841,2.9841,2.9816,2.9836,2.9891,2.9891,2.9866,2.9886,6
2026-03-30 04:51:00,2.9821,2.9826,2.9796,2.9796,2.9871,2.9876,2.9846,2.9846,12
2026-03-30 04:52:00,2.9786,2.9786,2.9761,2.9766,2.9836,2.9836,2.9811,2.9816,8
2026-03-30 04:53:00,2.9761,2.9776,2.9741,2.9751,2.9811,2.9826,2.9791,2.9801,13
2026-03-30 04:54:00,2.9746,2.9776,2.9746,2.9771,2.9796,2.9826,2.9796,2.9821,8
2026-03-30 04:55:00,2.9751,2.9751,2.9741,2.9741,2.9801,2.9801,2.9791,2.9791,5
2026-03-30 04:56:00,2.9721,2.9746,2.9721,2.9746,2.9771,2.9796,2.9771,2.9796,4
2026-03-30 04:57:00,2.9736,2.9736,2.9736,2.9736,2.9786,2.9786,2.9786,2.9786,1
2026-03-30 04:58:00,2.9741,2.9741,2.9741,2.9741,2.9791,2.9791,2.9791,2.9791,1
2026-03-30 04:59:00,2.9746,2.9746,2.9746,2.9746,2.9796,2.9796,2.9796,2.9796,1
2026-03-30 05:00:00,2.9731,2.9756,2.9731,2.9751,2.9781,2.9806,2.9781,2.9801,7
2026-03-30 05:01:00,2.9756,2.9756,2.9751,2.9756,2.9806,2.9806,2.9801,2.9806,5
2026-03-30 05:02:00,2.9761,2.9781,2.9761,2.9781,2.9811,2.9831,2.9811,2.9831,3
2026-03-30 05:03:00,2.9786,2.9786,2.9781,2.9786,2.9836,2.9836,2.9831,2.9836,3
2026-03-30 05:04:00,2.9791,2.9791,2.9766,2.9776,2.9841,2.9841,2.9816,2.9826,6
2026-03-30 05:05:00,2.9781,2.9781,2.9756,2.9761,2.9831,2.9831,2.9806,2.9811,5
2026-03-30 05:06:00,2.9726,2.9736,2.9716,2.9716,2.9776,2.9786,2.9766,2.9766,6
2026-03-30 05:07:00,2.9721,2.9756,2.9721,2.9741,2.9771,2.9806,2.9771,2.9791,3
2026-03-30 05:08:00,2.9746,2.9776,2.9731,2.9771,2.9796,2.9826,2.9781,2.9821,10
2026-03-30 05:10:00,2.9756,2.9776,2.9756,2.9776,2.9806,2.9826,2.9806,2.9826,6
2026-03-30 05:11:00,2.9781,2.9781,2.9771,2.9776,2.9831,2.9831,2.9821,2.9826,7
2026-03-30 05:12:00,2.9771,2.9776,2.9771,2.9771,2.9821,2.9826,2.9821,2.9821,3
2026-03-30 05:13:00,2.9781,2.9781,2.9771,2.9776,2.9831,2.9831,2.9821,2.9826,3
2026-03-30 05:14:00,2.9771,2.9776,2.9766,2.9776,2.9821,2.9826,2.9816,2.9826,5
2026-03-30 05:15:00,2.9771,2.9776,2.9761,2.9761,2.9821,2.9826,2.9811,2.9811,5
2026-03-30 05:17:00,2.9771,2.9776,2.9761,2.9776,2.9821,2.9826,2.9811,2.9826,3
2026-03-30 05:18:00,2.9771,2.9776,2.9761,2.9776,2.9821,2.9826,2.9811,2.9826,5
2026-03-30 05:19:00,2.9771,2.9771,2.9771,2.9771,2.9821,2.9821,2.9821,2.9821,1
2026-03-30 05:20:00,2.9766,2.9766,2.9716,2.9731,2.9816,2.9816,2.9766,2.9781,8
2026-03-30 05:21:00,2.9726,2.9726,2.9716,2.9721,2.9776,2.9776,2.9766,2.9771,3
2026-03-30 05:22:00,2.9716,2.9731,2.9716,2.9716,2.9766,2.9781,2.9766,2.9766,7
2026-03-30 05:23:00,2.9711,2.9721,2.9706,2.9711,2.9761,2.9771,2.9756,2.9761,4
2026-03-30 05:24:00,2.9706,2.9736,2.9701,2.9731,2.9756,2.9786,2.9751,2.9781,10
2026-03-30 05:25:00,2.9736,2.9741,2.9736,2.9736,2.9786,2.9791,2.9786,2.9786,3
2026-03-30 05:26:00,2.9741,2.9756,2.9741,2.9751,2.9791,2.9806,2.9791,2.9801,5
2026-03-30 05:27:00,2.9741,2.9756,2.9741,2.9741,2.9791,2.9806,2.9791,2.9791,5
2026-03-30 05:29:00,2.9746,2.9781,2.9741,2.9771,2.9796,2.9831,2.9791,2.9821,8
2026-03-30 05:30:00,2.9776,2.9886,2.9776,2.9846,2.9826,2.9936,2.9826,2.9896,47
2026-03-30 05:31:00,2.9836,2.9856,2.9821,2.9846,2.9886,2.9906,2.9871,2.9896,55
2026-03-30 05:32:00,2.9841,2.9886,2.9836,2.9876,2.9891,2.9936,2.9886,2.9926,48
2026-03-30 05:33:00,2.9871,2.9896,2.9841,2.9886,2.9921,2.9946,2.9891,2.9936,33
2026-03-30 05:34:00,2.9896,2.9921,2.9871,2.9886,2.9946,2.9971,2.9921,2.9936,35
2026-03-30 05:35:00,2.9881,2.9901,2.9866,2.9896,2.9931,2.9951,2.9916,2.9946,20
2026-03-30 05:36:00,2.9891,2.9936,2.9891,2.9936,2.9941,2.9986,2.9941,2.9986,17
2026-03-30 05:37:00,2.9926,2.9936,2.9896,2.9921,2.9976,2.9986,2.9946,2.9971,28
2026-03-30 05:38:00,2.9926,2.9936,2.9901,2.9906,2.9976,2.9986,2.9951,2.9956,17
2026-03-30 05:39:00,2.9901,2.9906,2.9871,2.9876,2.9951,2.9956,2.9921,2.9926,23
2026-03-30 05:40:00,2.9881,2.9906,2.9876,2.9896,2.9931,2.9956,2.9926,2.9946,18
2026-03-30 05:41:00,2.9891,2.9936,2.9891,2.9931,2.9941,2.9986,2.9941,2.9981,24
2026-03-30 05:42:00,2.9936,2.9936,2.9876,2.9926,2.9986,2.9986,2.9926,2.9976,24
2026-03-30 05:43:00,2.9906,2.9931,2.9896,2.9906,2.9956,2.9981,2.9946,2.9956,18
2026-03-30 05:44:00,2.9901,2.9921,2.9896,2.9911,2.9951,2.9971,2.9946,2.9961,9
2026-03-30 05:45:00,2.9916,2.9946,2.9916,2.9931,2.9966,2.9996,2.9966,2.9981,16
2026-03-30 05:46:00,2.9941,2.9946,2.9931,2.9931,2.9991,2.9996,2.9981,2.9981,11
2026-03-30 05:47:00,2.9936,2.9936,2.9926,2.9931,2.9986,2.9986,2.9976,2.9981,4
2026-03-30 05:48:00,2.9936,2.9936,2.9926,2.9931,2.9986,2.9986,2.9976,2.9981,8
2026-03-30 05:49:00,2.9936,2.9936,2.9911,2.9911,2.9986,2.9986,2.9961,2.9961,4
2026-03-30 05:50:00,2.9901,2.9901,2.9896,2.9901,2.9951,2.9951,2.9946,2.9951,3
2026-03-30 05:51:00,2.9916,2.9916,2.9911,2.9916,2.9966,2.9966,2.9961,2.9966,5
2026-03-30 05:52:00,2.9911,2.9916,2.9896,2.9901,2.9961,2.9966,2.9946,2.9951,11
2026-03-30 05:53:00,2.9906,2.9906,2.9881,2.9891,2.9956,2.9956,2.9931,2.9941,12
2026-03-30 05:54:00,2.9896,2.9896,2.9861,2.9866,2.9946,2.9946,2.9911,2.9916,7
2026-03-30 05:55:00,2.9876,2.9916,2.9861,2.9911,2.9926,2.9966,2.9911,2.9961,14
2026-03-30 05:56:00,2.9906,2.9926,2.9906,2.9926,2.9956,2.9976,2.9956,2.9976,4
2026-03-30 05:57:00,2.9921,2.9926,2.9916,2.9926,2.9971,2.9976,2.9966,2.9976,6
2026-03-30 05:58:00,2.9936,2.9936,2.9901,2.9911,2.9986,2.9986,2.9951,2.9961,7
2026-03-30 05:59:00,2.9891,2.9916,2.9891,2.9911,2.9941,2.9966,2.9941,2.9961,17
2026-03-30 06:00:00,2.9906,2.9906,2.9886,2.9886,2.9956,2.9956,2.9936,2.9936,4
2026-03-30 06:01:00,2.9881,2.9896,2.9871,2.9886,2.9931,2.9946,2.9921,2.9936,19
2026-03-30 06:02:00,2.9881,2.9881,2.9871,2.9871,2.9931,2.9931,2.9921,2.9921,5
2026-03-30 06:03:00,2.9856,2.9886,2.9841,2.9886,2.9906,2.9936,2.9891,2.9936,14
2026-03-30 06:05:00,2.9891,2.9896,2.9891,2.9896,2.9941,2.9946,2.9941,2.9946,6
2026-03-30 06:06:00,2.9891,2.9896,2.9871,2.9871,2.9941,2.9946,2.9921,2.9921,9
2026-03-30 06:07:00,2.9866,2.9881,2.9831,2.9831,2.9916,2.9931,2.9881,2.9881,21
2026-03-30 06:08:00,2.9826,2.9856,2.9826,2.9856,2.9876,2.9906,2.9876,2.9906,11
2026-03-30 06:09:00,2.9851,2.9876,2.9846,2.9876,2.9901,2.9926,2.9896,2.9926,6
2026-03-30 06:10:00,2.9871,2.9886,2.9871,2.9876,2.9921,2.9936,2.9921,2.9926,7
2026-03-30 06:11:00,2.9861,2.9876,2.9861,2.9866,2.9911,2.9926,2.9911,2.9916,12
2026-03-30 06:12:00,2.9861,2.9866,2.9856,2.9856,2.9911,2.9916,2.9906,2.9906,3
2026-03-30 06:13:00,2.9866,2.9866,2.9851,2.9851,2.9916,2.9916,2.9901,2.9901,6
2026-03-30 06:14:00,2.9856,2.9871,2.9846,2.9856,2.9906,2.9921,2.9896,2.9906,9
2026-03-30 06:15:00,2.9851,2.9876,2.9831,2.9856,2.9901,2.9926,2.9881,2.9906,17
2026-03-30 06:16:00,2.9861,2.9871,2.9861,2.9866,2.9911,2.9921,2.9911,2.9916,4
2026-03-30 06:17:00,2.9861,2.9866,2.9861,2.9861,2.9911,2.9916,2.9911,2.9911,9
2026-03-30 06:18:00,2.9866,2.9876,2.9846,2.9876,2.9916,2.9926,2.9896,2.9926,8
2026-03-30 06:19:00,2.9871,2.9876,2.9861,2.9866,2.9921,2.9926,2.9911,2.9916,7
2026-03-30 06:20:00,2.9861,2.9861,2.9841,2.9846,2.9911,2.9911,2.9891,2.9896,9
2026-03-30 06:21:00,2.9861,2.9891,2.9856,2.9886,2.9911,2.9941,2.9906,2.9936,20
2026-03-30 06:22:00,2.9891,2.9896,2.9846,2.9846,2.9941,2.9946,2.9896,2.9896,15
2026-03-30 06:23:00,2.9841,2.9856,2.9836,2.9856,2.9891,2.9906,2.9886,2.9906,10
2026-03-30 06:25:00,2.9851,2.9851,2.9796,2.9806,2.9901,2.9901,2.9846,2.9856,21
2026-03-30 06:26:00,2.9801,2.9801,2.9761,2.9771,2.9851,2.9851,2.9811,2.9821,26
2026-03-30 06:27:00,2.9776,2.9786,2.9776,2.9786,2.9826,2.9836,2.9826,2.9836,3
2026-03-30 06:28:00,2.9781,2.9801,2.9781,2.9801,2.9831,2.9851,2.9831,2.9851,6
2026-03-30 06:29:00,2.9806,2.9806,2.9801,2.9801,2.9856,2.9856,2.9851,2.9851,2
2026-03-30 06:30:00,2.9796,2.9816,2.9781,2.9816,2.9846,2.9866,2.9831,2.9866,11
2026-03-30 06:31:00,2.9811,2.9811,2.9801,2.9806,2.9861,2.9861,2.9851,2.9856,8
2026-03-30 06:32:00,2.9796,2.9796,2.9766,2.9766,2.9846,2.9846,2.9816,2.9816,12
2026-03-30 06:33:00,2.9771,2.9771,2.9771,2.9771,2.9821,2.9821,2.9821,2.9821,1
2026-03-30 06:35:00,2.9761,2.9761,2.9741,2.9741,2.9811,2.9811,2.9791,2.9791,8
2026-03-30 06:36:00,2.9731,2.9766,2.9731,2.9751,2.9781,2.9816,2.9781,2.9801,11
2026-03-30 06:38:00,2.9756,2.9756,2.9746,2.9756,2.9806,2.9806,2.9796,2.9806,5
2026-03-30 06:39:00,2.9761,2.9766,2.9761,2.9766,2.9811,2.9816,2.9811,2.9816,2
2026-03-30 06:40:00,2.9751,2.9751,2.9736,2.9741,2.9801,2.9801,2.9786,2.9791,8
2026-03-30 06:41:00,2.9736,2.9746,2.9716,2.9731,2.9786,2.9796,2.9766,2.9781,14
2026-03-30 06:43:00,2.9736,2.9746,2.9736,2.9746,2.9786,2.9796,2.9786,2.9796,4
2026-03-30 06:44:00,2.9741,2.9756,2.9741,2.9756,2.9791,2.9806,2.9791,2.9806,5
2026-03-30 06:45:00,2.9751,2.9756,2.9751,2.9756,2.9801,2.9806,2.9801,2.9806,2
2026-03-30 06:46:00,2.9761,2.9796,2.9761,2.9796,2.9811,2.9846,2.9811,2.9846,6
2026-03-30 06:47:00,2.9786,2.9791,2.9786,2.9791,2.9836,2.9841,2.9836,2.9841,2
2026-03-30 06:48:00,2.9781,2.9786,2.9756,2.9756,2.9831,2.9836,2.9806,2.9806,4
2026-03-30 06:49:00,2.9766,2.9771,2.9766,2.9766,2.9816,2.9821,2.9816,2.9816,3
2026-03-30 06:50:00,2.9761,2.9771,2.9756,2.9771,2.9811,2.9821,2.9806,2.9821,5
2026-03-30 06:52:00,2.9776,2.9776,2.9771,2.9771,2.9826,2.9826,2.9821,2.9821,2
2026-03-30 06:53:00,2.9766,2.9771,2.9766,2.9771,2.9816,2.9821,2.9816,2.9821,2
2026-03-30 06:54:00,2.9761,2.9761,2.9761,2.9761,2.9811,2.9811,2.9811,2.9811,1
2026-03-30 06:55:00,2.9766,2.9771,2.9741,2.9766,2.9816,2.9821,2.9791,2.9816,8
2026-03-30 06:56:00,2.9761,2.9761,2.9746,2.9751,2.9811,2.9811,2.9796,2.9801,6
2026-03-30 06:57:00,2.9746,2.9756,2.9746,2.9756,2.9796,2.9806,2.9796,2.9806,3
2026-03-30 06:58:00,2.9761,2.9781,2.9756,2.9766,2.9811,2.9831,2.9806,2.9816,7
2026-03-30 07:00:00,2.9761,2.9761,2.9756,2.9756,2.9811,2.9811,2.9806,2.9806,2
2026-03-30 07:01:00,2.9751,2.9756,2.9741,2.9756,2.9801,2.9806,2.9791,2.9806,10
2026-03-30 07:02:00,2.9766,2.9776,2.9756,2.9756,2.9816,2.9826,2.9806,2.9806,9
2026-03-30 07:03:00,2.9741,2.9751,2.9736,2.9751,2.9791,2.9801,2.9786,2.9801,5
2026-03-30 07:04:00,2.9746,2.9761,2.9736,2.9741,2.9796,2.9811,2.9786,2.9791,9
2026-03-30 07:05:00,2.9746,2.9746,2.9696,2.9711,2.9796,2.9796,2.9746,2.9761,13
2026-03-30 07:06:00,2.9706,2.9711,2.9676,2.9706,2.9756,2.9761,2.9726,2.9756,9
2026-03-30 07:07:00,2.9701,2.9701,2.9691,2.9691,2.9751,2.9751,2.9741,2.9741,4
2026-03-30 07:08:00,2.9686,2.9711,2.9686,2.9706,2.9736,2.9761,2.9736,2.9756,9
2026-03-30 07:09:00,2.9696,2.9706,2.9696,2.9706,2.9746,2.9756,2.9746,2.9756,2
2026-03-30 07:10:00,2.9711,2.9711,2.9696,2.9706,2.9761,2.9761,2.9746,2.9756,19
2026-03-30 07:11:00,2.9701,2.9711,2.9696,2.9711,2.9751,2.9761,2.9746,2.9761,11
2026-03-30 07:12:00,2.9716,2.9716,2.9706,2.9711,2.9766,2.9766,2.9756,2.9761,3
2026-03-30 07:13:00,2.9706,2.9721,2.9696,2.9721,2.9756,2.9771,2.9746,2.9771,5
2026-03-30 07:14:00,2.9726,2.9726,2.9721,2.9721,2.9776,2.9776,2.9771,2.9771,2
2026-03-30 07:15:00,2.9716,2.9741,2.9716,2.9741,2.9766,2.9791,2.9766,2.9791,5
2026-03-30 07:16:00,2.9736,2.9746,2.9731,2.9731,2.9786,2.9796,2.9781,2.9781,11
2026-03-30 07:17:00,2.9721,2.9736,2.9701,2.9731,2.9771,2.9786,2.9751,2.9781,10
2026-03-30 07:18:00,2.9726,2.9726,2.9711,2.9711,2.9776,2.9776,2.9761,2.9761,3
2026-03-30 07:19:00,2.9716,2.9736,2.9716,2.9731,2.9766,2.9786,2.9766,2.9781,6
2026-03-30 07:20:00,2.9726,2.9731,2.9726,2.9731,2.9776,2.9781,2.9776,2.9781,2
2026-03-30 07:21:00,2.9726,2.9731,2.9716,2.9726,2.9776,2.9781,2.9766,2.9776,6
2026-03-30 07:22:00,2.9721,2.9726,2.9721,2.9721,2.9771,2.9776,2.9771,2.9771,3
2026-03-30 07:24:00,2.9726,2.9726,2.9721,2.9721,2.9776,2.9776,2.9771,2.9771,2
2026-03-30 07:25:00,2.9731,2.9741,2.9731,2.9741,2.9781,2.9791,2.9781,2.9791,2
2026-03-30 07:26:00,2.9746,2.9751,2.9741,2.9741,2.9796,2.9801,2.9791,2.9791,5
2026-03-30 07:27:00,2.9746,2.9756,2.9736,2.9746,2.9796,2.9806,2.9786,2.9796,6
2026-03-30 07:29:00,2.9751,2.9751,2.9731,2.9741,2.9801,2.9801,2.9781,2.9791,5
2026-03-30 07:30:00,2.9736,2.9736,2.9666,2.9676,2.9786,2.9786,2.9716,2.9726,10
2026-03-30 07:31:00,2.9671,2.9671,2.9626,2.9636,2.9721,2.9721,2.9676,2.9686,23
2026-03-30 07:32:00,2.9646,2.9656,2.9641,2.9646,2.9696,2.9706,2.9691,2.9696,8
2026-03-30 07:33:00,2.9641,2.9656,2.9631,2.9631,2.9691,2.9706,2.9681,2.9681,11
2026-03-30 07:34:00,2.9636,2.9656,2.9636,2.9641,2.9686,2.9706,2.9686,2.9691,7
2026-03-30 07:35:00,2.9631,2.9656,2.9631,2.9641,2.9681,2.9706,2.9681,2.9691,7
2026-03-30 07:36:00,2.9636,2.9636,2.9576,2.9606,2.9686,2.9686,2.9626,2.9656,24
2026-03-30 07:37:00,2.9621,2.9636,2.9596,2.9621,2.9671,2.9686,2.9646,2.9671,13
2026-03-30 07:38:00,2.9626,2.9631,2.9611,2.9611,2.9676,2.9681,2.9661,2.9661,7
2026-03-30 07:39:00,2.9601,2.9621,2.9601,2.9611,2.9651,2.9671,2.9651,2.9661,6
2026-03-30 07:40:00,2.9616,2.9616,2.9601,2.9601,2.9666,2.9666,2.9651,2.9651,5
2026-03-30 07:41:00,2.9606,2.9606,2.9601,2.9606,2.9656,2.9656,2.9651,2.9656,3
2026-03-30 07:42:00,2.9611,2.9631,2.9611,2.9631,2.9661,2.9681,2.9661,2.9681,3
2026-03-30 07:43:00,2.9636,2.9636,2.9616,2.9626,2.9686,2.9686,2.9666,2.9676,6
2026-03-30 07:44:00,2.9616,2.9616,2.9611,2.9616,2.9666,2.9666,2.9661,2.9666,3
2026-03-30 07:45:00,2.9626,2.9626,2.9606,2.9616,2.9676,2.9676,2.9656,2.9666,8
2026-03-30 07:46:00,2.9606,2.9616,2.9606,2.9611,2.9656,2.9666,2.9656,2.9661,6
2026-03-30 07:47:00,2.9621,2.9626,2.9601,2.9606,2.9671,2.9676,2.9651,2.9656,7
2026-03-30 07:49:00,2.9591,2.9601,2.9591,2.9601,2.9641,2.9651,2.9641,2.9651,3
2026-03-30 07:51:00,2.9596,2.9596,2.9591,2.9596,2.9646,2.9646,2.9641,2.9646,3
2026-03-30 07:52:00,2.9591,2.9611,2.9591,2.9611,2.9641,2.9661,2.9641,2.9661,7
2026-03-30 07:53:00,2.9601,2.9601,2.9571,2.9571,2.9651,2.9651,2.9621,2.9621,5
2026-03-30 07:54:00,2.9576,2.9576,2.9571,2.9571,2.9626,2.9626,2.9621,2.9621,2
2026-03-30 07:55:00,2.9576,2.9576,2.9571,2.9571,2.9626,2.9626,2.9621,2.9621,2
2026-03-30 07:56:00,2.9576,2.9591,2.9576,2.9591,2.9626,2.9641,2.9626,2.9641,4
2026-03-30 07:57:00,2.9601,2.9606,2.9601,2.9606,2.9651,2.9656,2.9651,2.9656,2
2026-03-30 07:58:00,2.9601,2.9601,2.9586,2.9586,2.9651,2.9651,2.9636,2.9636,4
2026-03-30 07:59:00,2.9591,2.9621,2.9591,2.9621,2.9641,2.9671,2.9641,2.9671,8
2026-03-30 08:00:00,2.9626,2.9641,2.9626,2.9626,2.9676,2.9691,2.9676,2.9676,9
2026-03-30 08:01:00,2.9631,2.9641,2.9611,2.9611,2.9681,2.9691,2.9661,2.9661,7
2026-03-30 08:02:00,2.9606,2.9616,2.9581,2.9581,2.9656,2.9666,2.9631,2.9631,7
2026-03-30 08:03:00,2.9571,2.9596,2.9571,2.9591,2.9621,2.9646,2.9621,2.9641,7
2026-03-30 08:04:00,2.9571,2.9576,2.9566,2.9571,2.9621,2.9626,2.9616,2.9621,7
2026-03-30 08:05:00,2.9591,2.9591,2.9591,2.9591,2.9641,2.9641,2.9641,2.9641,1
2026-03-30 08:06:00,2.9596,2.9596,2.9581,2.9591,2.9646,2.9646,2.9631,2.9641,6
2026-03-30 08:07:00,2.9586,2.9611,2.9581,2.9581,2.9636,2.9661,2.9631,2.9631,12
2026-03-30 08:08:00,2.9586,2.9591,2.9586,2.9586,2.9636,2.9641,2.9636,2.9636,3
2026-03-30 08:09:00,2.9591,2.9601,2.9591,2.9591,2.9641,2.9651,2.9641,2.9641,5
2026-03-30 08:10:00,2.9596,2.9596,2.9586,2.9591,2.9646,2.9646,2.9636,2.9641,6
2026-03-30 08:11:00,2.9586,2.9606,2.9586,2.9606,2.9636,2.9656,2.9636,2.9656,7
2026-03-30 08:12:00,2.9601,2.9606,2.9596,2.9601,2.9651,2.9656,2.9646,2.9651,4
2026-03-30 08:13:00,2.9606,2.9606,2.9596,2.9596,2.9656,2.9656,2.9646,2.9646,9
2026-03-30 08:14:00,2.9591,2.9591,2.9591,2.9591,2.9641,2.9641,2.9641,2.9641,1
2026-03-30 08:15:00,2.9596,2.9596,2.9591,2.9591,2.9646,2.9646,2.9641,2.9641,2
2026-03-30 08:16:00,2.9586,2.9621,2.9581,2.9621,2.9636,2.9671,2.9631,2.9671,11
2026-03-30 08:17:00,2.9616,2.9631,2.9611,2.9631,2.9666,2.9681,2.9661,2.9681,7
2026-03-30 08:18:00,2.9626,2.9646,2.9626,2.9626,2.9676,2.9696,2.9676,2.9676,16
2026-03-30 08:19:00,2.9631,2.9631,2.9606,2.9631,2.9681,2.9681,2.9656,2.9681,15
2026-03-30 08:20:00,2.9636,2.9636,2.9616,2.9626,2.9686,2.9686,2.9666,2.9676,9
2026-03-30 08:21:00,2.9616,2.9636,2.9606,2.9606,2.9666,2.9686,2.9656,2.9656,12
2026-03-30 08:22:00,2.9611,2.9621,2.9611,2.9621,2.9661,2.9671,2.9661,2.9671,5
2026-03-30 08:23:00,2.9616,2.9631,2.9616,2.9626,2.9666,2.9681,2.9666,2.9676,8
2026-03-30 08:24:00,2.9621,2.9631,2.9621,2.9631,2.9671,2.9681,2.9671,2.9681,7
2026-03-30 08:25:00,2.9636,2.9666,2.9636,2.9646,2.9686,2.9716,2.9686,2.9696,10
2026-03-30 08:26:00,2.9651,2.9656,2.9631,2.9646,2.9701,2.9706,2.9681,2.9696,18
2026-03-30 08:27:00,2.9641,2.9651,2.9636,2.9651,2.9691,2.9701,2.9686,2.9701,12
2026-03-30 08:28:00,2.9641,2.9656,2.9641,2.9651,2.9691,2.9706,2.9691,2.9701,5
2026-03-30 08:29:00,2.9656,2.9681,2.9641,2.9641,2.9706,2.9731,2.9691,2.9691,11
2026-03-30 08:30:00,2.9631,2.9636,2.9606,2.9606,2.9681,2.9686,2.9656,2.9656,10
2026-03-30 08:31:00,2.9601,2.9626,2.9601,2.9616,2.9651,2.9676,2.9651,2.9666,8
2026-03-30 08:32:00,2.9606,2.9626,2.9606,2.9621,2.9656,2.9676,2.9656,2.9671,6
2026-03-30 08:33:00,2.9626,2.9626,2.9626,2.9626,2.9676,2.9676,2.9676,2.9676,1
2026-03-30 08:34:00,2.9621,2.9626,2.9611,2.9616,2.9671,2.9676,2.9661,2.9666,16
2026-03-30 08:35:00,2.9611,2.9611,2.9611,2.9611,2.9661,2.9661,2.9661,2.9661,1
2026-03-30 08:36:00,2.9606,2.9616,2.9606,2.9611,2.9656,2.9666,2.9656,2.9661,4
2026-03-30 08:37:00,2.9606,2.9626,2.9606,2.9616,2.9656,2.9676,2.9656,2.9666,8
2026-03-30 08:38:00,2.9611,2.9611,2.9611,2.9611,2.9661,2.9661,2.9661,2.9661,1
2026-03-30 08:39:00,2.9616,2.9616,2.9596,2.9601,2.9666,2.9666,2.9646,2.9651,7
2026-03-30 08:40:00,2.9606,2.9606,2.9596,2.9596,2.9656,2.9656,2.9646,2.9646,3
2026-03-30 08:41:00,2.9586,2.9586,2.9581,2.9586,2.9636,2.9636,2.9631,2.9636,3
2026-03-30 08:42:00,2.9581,2.9596,2.9576,2.9581,2.9631,2.9646,2.9626,2.9631,10
2026-03-30 08:43:00,2.9586,2.9586,2.9581,2.9581,2.9636,2.9636,2.9631,2.9631,2
2026-03-30 08:44:00,2.9586,2.9586,2.9581,2.9586,2.9636,2.9636,2.9631,2.9636,7
2026-03-30 08:45:00,2.9581,2.9586,2.9571,2.9581,2.9631,2.9636,2.9621,2.9631,8
2026-03-30 08:46:00,2.9586,2.9601,2.9586,2.9601,2.9636,2.9651,2.9636,2.9651,3
2026-03-30 08:47:00,2.9606,2.9621,2.9606,2.9611,2.9656,2.9671,2.9656,2.9661,11
2026-03-30 08:48:00,2.9616,2.9616,2.9591,2.9591,2.9666,2.9666,2.9641,2.9641,8
2026-03-30 08:49:00,2.9586,2.9586,2.9566,2.9571,2.9636,2.9636,2.9616,2.9621,8
2026-03-30 08:50:00,2.9566,2.9581,2.9556,2.9581,2.9616,2.9631,2.9606,2.9631,7
2026-03-30 08:51:00,2.9591,2.9596,2.9591,2.9596,2.9641,2.9646,2.9641,2.9646,2
2026-03-30 08:52:00,2.9591,2.9596,2.9591,2.9596,2.9641,2.9646,2.9641,2.9646,4
2026-03-30 08:53:00,2.9601,2.9616,2.9601,2.9616,2.9651,2.9666,2.9651,2.9666,3
2026-03-30 08:54:00,2.9611,2.9616,2.9601,2.9616,2.9661,2.9666,2.9651,2.9666,6
2026-03-30 08:55:00,2.9611,2.9636,2.9611,2.9631,2.9661,2.9686,2.9661,2.9681,9
2026-03-30 08:56:00,2.9636,2.9646,2.9631,2.9641,2.9686,2.9696,2.9681,2.9691,7
2026-03-30 08:57:00,2.9636,2.9641,2.9636,2.9636,2.9686,2.9691,2.9686,2.9686,3
2026-03-30 08:58:00,2.9641,2.9656,2.9631,2.9651,2.9691,2.9706,2.9681,2.9701,10
2026-03-30 08:59:00,2.9656,2.9666,2.9641,2.9641,2.9706,2.9716,2.9691,2.9691,6
2026-03-30 09:00:00,2.9646,2.9666,2.9616,2.9656,2.9696,2.9716,2.9666,2.9706,26
2026-03-30 09:01:00,2.9661,2.9671,2.9646,2.9651,2.9711,2.9721,2.9696,2.9701,14
2026-03-30 09:02:00,2.9646,2.9646,2.9626,2.9636,2.9696,2.9696,2.9676,2.9686,4
2026-03-30 09:03:00,2.9626,2.9631,2.9616,2.9631,2.9676,2.9681,2.9666,2.9681,6
2026-03-30 09:04:00,2.9626,2.9626,2.9616,2.9621,2.9676,2.9676,2.9666,2.9671,4
2026-03-30 09:05:00,2.9636,2.9636,2.9626,2.9636,2.9686,2.9686,2.9676,2.9686,6
2026-03-30 09:06:00,2.9631,2.9631,2.9611,2.9611,2.9681,2.9681,2.9661,2.9661,3
2026-03-30 09:07:00,2.9606,2.9611,2.9606,2.9611,2.9656,2.9661,2.9656,2.9661,2
2026-03-30 09:08:00,2.9601,2.9601,2.9576,2.9586,2.9651,2.9651,2.9626,2.9636,11
2026-03-30 09:09:00,2.9581,2.9591,2.9576,2.9581,2.9631,2.9641,2.9626,2.9631,5
2026-03-30 09:10:00,2.9566,2.9576,2.9556,2.9566,2.9616,2.9626,2.9606,2.9616,8
2026-03-30 09:11:00,2.9561,2.9566,2.9556,2.9566,2.9611,2.9616,2.9606,2.9616,3
2026-03-30 09:12:00,2.9556,2.9566,2.9536,2.9536,2.9606,2.9616,2.9586,2.9586,8
2026-03-30 09:13:00,2.9526,2.9536,2.9506,2.9536,2.9576,2.9586,2.9556,2.9586,9
2026-03-30 09:14:00,2.9526,2.9536,2.9506,2.9536,2.9576,2.9586,2.9556,2.9586,14
2026-03-30 09:15:00,2.9526,2.9526,2.9516,2.9516,2.9576,2.9576,2.9566,2.9566,5
2026-03-30 09:16:00,2.9511,2.9526,2.9501,2.9526,2.9561,2.9576,2.9551,2.9576,8
2026-03-30 09:17:00,2.9536,2.9546,2.9536,2.9541,2.9586,2.9596,2.9586,2.9591,3
2026-03-30 09:18:00,2.9536,2.9536,2.9536,2.9536,2.9586,2.9586,2.9586,2.9586,1
2026-03-30 09:19:00,2.9541,2.9546,2.9526,2.9541,2.9591,2.9596,2.9576,2.9591,9
2026-03-30 09:20:00,2.9536,2.9536,2.9521,2.9526,2.9586,2.9586,2.9571,2.9576,5
2026-03-30 09:21:00,2.9521,2.9536,2.9521,2.9531,2.9571,2.9586,2.9571,2.9581,9
2026-03-30 09:22:00,2.9536,2.9566,2.9526,2.9561,2.9586,2.9616,2.9576,2.9611,12
2026-03-30 09:23:00,2.9566,2.9591,2.9561,2.9586,2.9616,2.9641,2.9611,2.9636,9
2026-03-30 09:24:00,2.9591,2.9606,2.9591,2.9596,2.9641,2.9656,2.9641,2.9646,5
2026-03-30 09:25:00,2.9586,2.9616,2.9586,2.9611,2.9636,2.9666,2.9636,2.9661,5
2026-03-30 09:26:00,2.9606,2.9616,2.9596,2.9606,2.9656,2.9666,2.9646,2.9656,6
2026-03-30 09:27:00,2.9611,2.9646,2.9606,2.9626,2.9661,2.9696,2.9656,2.9676,14
2026-03-30 09:28:00,2.9631,2.9636,2.9596,2.9601,2.9681,2.9686,2.9646,2.9651,12
2026-03-30 09:29:00,2.9606,2.9626,2.9596,2.9621,2.9656,2.9676,2.9646,2.9671,9
2026-03-30 09:30:00,2.9616,2.9616,2.9606,2.9616,2.9666,2.9666,2.9656,2.9666,5
2026-03-30 09:31:00,2.9626,2.9626,2.9616,2.9616,2.9676,2.9676,2.9666,2.9666,4
2026-03-30 09:32:00,2.9611,2.9636,2.9611,2.9621,2.9661,2.9686,2.9661,2.9671,8
2026-03-30 09:33:00,2.9626,2.9656,2.9626,2.9656,2.9676,2.9706,2.9676,2.9706,9
2026-03-30 09:34:00,2.9651,2.9651,2.9626,2.9626,2.9701,2.9701,2.9676,2.9676,5
2026-03-30 09:35:00,2.9621,2.9626,2.9606,2.9626,2.9671,2.9676,2.9656,2.9676,5
2026-03-30 09:36:00,2.9621,2.9636,2.9621,2.9631,2.9671,2.9686,2.9671,2.9681,5
2026-03-30 09:37:00,2.9636,2.9636,2.9631,2.9631,2.9686,2.9686,2.9681,2.9681,2
2026-03-30 09:38:00,2.9636,2.9636,2.9616,2.9616,2.9686,2.9686,2.9666,2.9666,9
2026-03-30 09:39:00,2.9626,2.9651,2.9626,2.9646,2.9676,2.9701,2.9676,2.9696,11
2026-03-30 09:40:00,2.9651,2.9651,2.9646,2.9646,2.9701,2.9701,2.9696,2.9696,2
2026-03-30 09:41:00,2.9651,2.9651,2.9636,2.9646,2.9701,2.9701,2.9686,2.9696,8
2026-03-30 09:42:00,2.9656,2.9676,2.9656,2.9666,2.9706,2.9726,2.9706,2.9716,5
2026-03-30 09:43:00,2.9656,2.9666,2.9656,2.9666,2.9706,2.9716,2.9706,2.9716,6
2026-03-30 09:44:00,2.9661,2.9666,2.9656,2.9656,2.9711,2.9716,2.9706,2.9706,3
2026-03-30 09:45:00,2.9651,2.9651,2.9626,2.9646,2.9701,2.9701,2.9676,2.9696,11
2026-03-30 09:46:00,2.9636,2.9646,2.9636,2.9646,2.9686,2.9696,2.9686,2.9696,3
2026-03-30 09:48:00,2.9656,2.9656,2.9646,2.9651,2.9706,2.9706,2.9696,2.9701,5
2026-03-30 09:49:00,2.9656,2.9656,2.9646,2.9656,2.9706,2.9706,2.9696,2.9706,5
2026-03-30 09:50:00,2.9661,2.9676,2.9656,2.9656,2.9711,2.9726,2.9706,2.9706,6
2026-03-30 09:51:00,2.9646,2.9661,2.9646,2.9661,2.9696,2.9711,2.9696,2.9711,9
2026-03-30 09:52:00,2.9666,2.9666,2.9646,2.9646,2.9716,2.9716,2.9696,2.9696,5
2026-03-30 09:54:00,2.9656,2.9656,2.9626,2.9626,2.9706,2.9706,2.9676,2.9676,9
2026-03-30 09:55:00,2.9621,2.9646,2.9611,2.9646,2.9671,2.9696,2.9661,2.9696,11
2026-03-30 09:56:00,2.9641,2.9641,2.9621,2.9626,2.9691,2.9691,2.9671,2.9676,7
2026-03-30 09:57:00,2.9636,2.9646,2.9636,2.9641,2.9686,2.9696,2.9686,2.9691,3
2026-03-30 09:58:00,2.9631,2.9641,2.9581,2.9581,2.9681,2.9691,2.9631,2.9631,11
2026-03-30 09:59:00,2.9586,2.9586,2.9546,2.9556,2.9636,2.9636,2.9596,2.9606,20
2026-03-30 10:00:00,2.9561,2.9576,2.9541,2.9546,2.9611,2.9626,2.9591,2.9596,15
2026-03-30 10:01:00,2.9541,2.9576,2.9541,2.9576,2.9591,2.9626,2.9591,2.9626,29
2026-03-30 10:02:00,2.9571,2.9596,2.9561,2.9591,2.9621,2.9646,2.9611,2.9641,13
2026-03-30 10:03:00,2.9581,2.9581,2.9561,2.9561,2.9631,2.9631,2.9611,2.9611,8
2026-03-30 10:04:00,2.9566,2.9566,2.9546,2.9556,2.9616,2.9616,2.9596,2.9606,11
2026-03-30 10:05:00,2.9551,2.9566,2.9546,2.9566,2.9601,2.9616,2.9596,2.9616,17
2026-03-30 10:06:00,2.9561,2.9561,2.9546,2.9561,2.9611,2.9611,2.9596,2.9611,12
2026-03-30 10:07:00,2.9566,2.9566,2.9561,2.9566,2.9616,2.9616,2.9611,2.9616,7
2026-03-30 10:08:00,2.9561,2.9571,2.9551,2.9571,2.9611,2.9621,2.9601,2.9621,18
2026-03-30 10:09:00,2.9566,2.9566,2.9546,2.9546,2.9616,2.9616,2.9596,2.9596,6
2026-03-30 10:10:00,2.9541,2.9546,2.9536,2.9536,2.9591,2.9596,2.9586,2.9586,4
2026-03-30 10:11:00,2.9546,2.9601,2.9546,2.9601,2.9596,2.9651,2.9596,2.9651,19
2026-03-30 10:12:00,2.9596,2.9601,2.9591,2.9591,2.9646,2.9651,2.9641,2.9641,14
2026-03-30 10:13:00,2.9596,2.9596,2.9581,2.9581,2.9646,2.9646,2.9631,2.9631,3
2026-03-30 10:14:00,2.9571,2.9596,2.9566,2.9596,2.9621,2.9646,2.9616,2.9646,6
2026-03-30 10:15:00,2.9591,2.9621,2.9591,2.9606,2.9641,2.9671,2.9641,2.9656,11
2026-03-30 10:16:00,2.9601,2.9616,2.9596,2.9601,2.9651,2.9666,2.9646,2.9651,15
2026-03-30 10:17:00,2.9596,2.9621,2.9596,2.9611,2.9646,2.9671,2.9646,2.9661,11
2026-03-30 10:18:00,2.9606,2.9611,2.9606,2.9611,2.9656,2.9661,2.9656,2.9661,4
2026-03-30 10:19:00,2.9616,2.9616,2.9606,2.9616,2.9666,2.9666,2.9656,2.9666,5
2026-03-30 10:20:00,2.9606,2.9621,2.9606,2.9611,2.9656,2.9671,2.9656,2.9661,5
2026-03-30 10:21:00,2.9621,2.9641,2.9621,2.9636,2.9671,2.9691,2.9671,2.9686,7
2026-03-30 10:22:00,2.9646,2.9656,2.9646,2.9651,2.9696,2.9706,2.9696,2.9701,4
2026-03-30 10:23:00,2.9676,2.9696,2.9656,2.9681,2.9726,2.9746,2.9706,2.9731,15
2026-03-30 10:24:00,2.9666,2.9696,2.9666,2.9681,2.9716,2.9746,2.9716,2.9731,11
2026-03-30 10:25:00,2.9676,2.9686,2.9656,2.9666,2.9726,2.9736,2.9706,2.9716,13
2026-03-30 10:26:00,2.9656,2.9666,2.9646,2.9666,2.9706,2.9716,2.9696,2.9716,8
2026-03-30 10:27:00,2.9656,2.9671,2.9646,2.9646,2.9706,2.9721,2.9696,2.9696,7
2026-03-30 10:28:00,2.9656,2.9676,2.9641,2.9671,2.9706,2.9726,2.9691,2.9721,18
2026-03-30 10:29:00,2.9661,2.9661,2.9646,2.9656,2.9711,2.9711,2.9696,2.9706,17
2026-03-30 10:30:00,2.9651,2.9651,2.9626,2.9626,2.9701,2.9701,2.9676,2.9676,8
2026-03-30 10:31:00,2.9621,2.9626,2.9586,2.9591,2.9671,2.9676,2.9636,2.9641,19
2026-03-30 10:32:00,2.9586,2.9616,2.9576,2.9606,2.9636,2.9666,2.9626,2.9656,28
2026-03-30 10:33:00,2.9601,2.9626,2.9591,2.9616,2.9651,2.9676,2.9641,2.9666,20
2026-03-30 10:34:00,2.9611,2.9616,2.9601,2.9601,2.9661,2.9666,2.9651,2.9651,5
2026-03-30 10:35:00,2.9596,2.9596,2.9556,2.9566,2.9646,2.9646,2.9606,2.9616,8
2026-03-30 10:36:00,2.9561,2.9576,2.9546,2.9566,2.9611,2.9626,2.9596,2.9616,15
2026-03-30 10:37:00,2.9561,2.9566,2.9561,2.9561,2.9611,2.9616,2.9611,2.9611,5
2026-03-30 10:38:00,2.9556,2.9596,2.9546,2.9596,2.9606,2.9646,2.9596,2.9646,12
2026-03-30 10:39:00,2.9586,2.9596,2.9576,2.9576,2.9636,2.9646,2.9626,2.9626,39
2026-03-30 10:40:00,2.9571,2.9606,2.9571,2.9601,2.9621,2.9656,2.9621,2.9651,10
2026-03-30 10:41:00,2.9591,2.9596,2.9591,2.9591,2.9641,2.9646,2.9641,2.9641,5
2026-03-30 10:42:00,2.9586,2.9631,2.9586,2.9611,2.9636,2.9681,2.9636,2.9661,16
2026-03-30 10:43:00,2.9616,2.9616,2.9596,2.9601,2.9666,2.9666,2.9646,2.9651,10
2026-03-30 10:44:00,2.9606,2.9606,2.9551,2.9551,2.9656,2.9656,2.9601,2.9601,12
2026-03-30 10:45:00,2.9546,2.9551,2.9541,2.9546,2.9596,2.9601,2.9591,2.9596,9
2026-03-30 10:46:00,2.9541,2.9556,2.9541,2.9556,2.9591,2.9606,2.9591,2.9606,5
2026-03-30 10:47:00,2.9551,2.9566,2.9536,2.9566,2.9601,2.9616,2.9586,2.9616,10
2026-03-30 10:48:00,2.9561,2.9566,2.9556,2.9566,2.9611,2.9616,2.9606,2.9616,5
2026-03-30 10:49:00,2.9561,2.9566,2.9546,2.9551,2.9611,2.9616,2.9596,2.9601,9
2026-03-30 10:50:00,2.9556,2.9556,2.9536,2.9546,2.9606,2.9606,2.9586,2.9596,7
2026-03-30 10:51:00,2.9541,2.9556,2.9531,2.9536,2.9591,2.9606,2.9581,2.9586,9
2026-03-30 10:52:00,2.9551,2.9551,2.9536,2.9536,2.9601,2.9601,2.9586,2.9586,8
2026-03-30 10:53:00,2.9531,2.9546,2.9526,2.9546,2.9581,2.9596,2.9576,2.9596,13
2026-03-30 10:54:00,2.9536,2.9546,2.9536,2.9546,2.9586,2.9596,2.9586,2.9596,4
2026-03-30 10:55:00,2.9536,2.9546,2.9536,2.9536,2.9586,2.9596,2.9586,2.9586,4
2026-03-30 10:56:00,2.9531,2.9551,2.9531,2.9546,2.9581,2.9601,2.9581,2.9596,7
2026-03-30 10:57:00,2.9551,2.9551,2.9536,2.9536,2.9601,2.9601,2.9586,2.9586,3
2026-03-30 10:58:00,2.9526,2.9536,2.9526,2.9536,2.9576,2.9586,2.9576,2.9586,4
2026-03-30 10:59:00,2.9541,2.9541,2.9536,2.9541,2.9591,2.9591,2.9586,2.9591,3
2026-03-30 11:00:00,2.9536,2.9541,2.9526,2.9531,2.9586,2.9591,2.9576,2.9581,10
2026-03-30 11:01:00,2.9526,2.9526,2.9511,2.9526,2.9576,2.9576,2.9561,2.9576,14
2026-03-30 11:02:00,2.9516,2.9521,2.9516,2.9516,2.9566,2.9571,2.9566,2.9566,3
2026-03-30 11:03:00,2.9526,2.9541,2.9516,2.9541,2.9576,2.9591,2.9566,2.9591,6
2026-03-30 11:04:00,2.9536,2.9536,2.9526,2.9531,2.9586,2.9586,2.9576,2.9581,5
2026-03-30 11:05:00,2.9526,2.9536,2.9516,2.9531,2.9576,2.9586,2.9566,2.9581,12
2026-03-30 11:06:00,2.9526,2.9541,2.9526,2.9531,2.9576,2.9591,2.9576,2.9581,9
2026-03-30 11:07:00,2.9526,2.9531,2.9526,2.9531,2.9576,2.9581,2.9576,2.9581,4
2026-03-30 11:08:00,2.9541,2.9541,2.9531,2.9536,2.9591,2.9591,2.9581,2.9586,3
2026-03-30 11:09:00,2.9546,2.9546,2.9531,2.9536,2.9596,2.9596,2.9581,2.9586,8
2026-03-30 11:10:00,2.9531,2.9536,2.9521,2.9536,2.9581,2.9586,2.9571,2.9586,4
2026-03-30 11:11:00,2.9546,2.9546,2.9536,2.9536,2.9596,2.9596,2.9586,2.9586,3
2026-03-30 11:12:00,2.9531,2.9546,2.9516,2.9546,2.9581,2.9596,2.9566,2.9596,7
2026-03-30 11:14:00,2.9556,2.9576,2.9556,2.9566,2.9606,2.9626,2.9606,2.9616,4
2026-03-30 11:15:00,2.9561,2.9596,2.9561,2.9591,2.9611,2.9646,2.9611,2.9641,12
2026-03-30 11:16:00,2.9596,2.9596,2.9561,2.9571,2.9646,2.9646,2.9611,2.9621,16
2026-03-30 11:17:00,2.9576,2.9586,2.9556,2.9556,2.9626,2.9636,2.9606,2.9606,15
2026-03-30 11:18:00,2.9566,2.9571,2.9556,2.9561,2.9616,2.9621,2.9606,2.9611,13
2026-03-30 11:19:00,2.9556,2.9561,2.9526,2.9531,2.9606,2.9611,2.9576,2.9581,14
2026-03-30 11:20:00,2.9536,2.9536,2.9526,2.9526,2.9586,2.9586,2.9576,2.9576,5
2026-03-30 11:21:00,2.9521,2.9526,2.9516,2.9526,2.9571,2.9576,2.9566,2.9576,15
2026-03-30 11:22:00,2.9521,2.9526,2.9516,2.9521,2.9571,2.9576,2.9566,2.9571,6
2026-03-30 11:23:00,2.9526,2.9536,2.9516,2.9531,2.9576,2.9586,2.9566,2.9581,5
2026-03-30 11:24:00,2.9526,2.9536,2.9516,2.9521,2.9576,2.9586,2.9566,2.9571,16
2026-03-30 11:25:00,2.9526,2.9536,2.9516,2.9521,2.9576,2.9586,2.9566,2.9571,16
2026-03-30 11:26:00,2.9516,2.9546,2.9516,2.9536,2.9566,2.9596,2.9566,2.9586,9
2026-03-30 11:27:00,2.9541,2.9556,2.9531,2.9536,2.9591,2.9606,2.9581,2.9586,10
2026-03-30 11:28:00,2.9541,2.9541,2.9516,2.9536,2.9591,2.9591,2.9566,2.9586,15
2026-03-30 11:29:00,2.9546,2.9546,2.9521,2.9521,2.9596,2.9596,2.9571,2.9571,9
2026-03-30 11:30:00,2.9516,2.9536,2.9516,2.9516,2.9566,2.9586,2.9566,2.9566,9
2026-03-30 11:31:00,2.9511,2.9526,2.9511,2.9516,2.9561,2.9576,2.9561,2.9566,8
2026-03-30 11:32:00,2.9526,2.9526,2.9516,2.9526,2.9576,2.9576,2.9566,2.9576,6
2026-03-30 11:33:00,2.9531,2.9531,2.9526,2.9526,2.9581,2.9581,2.9576,2.9576,2
2026-03-30 11:34:00,2.9521,2.9526,2.9521,2.9526,2.9571,2.9576,2.9571,2.9576,2
2026-03-30 11:35:00,2.9531,2.9546,2.9526,2.9546,2.9581,2.9596,2.9576,2.9596,6
2026-03-30 11:36:00,2.9536,2.9541,2.9531,2.9541,2.9586,2.9591,2.9581,2.9591,8
2026-03-30 11:37:00,2.9546,2.9546,2.9526,2.9536,2.9596,2.9596,2.9576,2.9586,10
2026-03-30 11:38:00,2.9531,2.9531,2.9516,2.9526,2.9581,2.9581,2.9566,2.9576,8
2026-03-30 11:39:00,2.9531,2.9546,2.9531,2.9531,2.9581,2.9596,2.9581,2.9581,7
2026-03-30 11:40:00,2.9526,2.9541,2.9521,2.9536,2.9576,2.9591,2.9571,2.9586,8
2026-03-30 11:41:00,2.9541,2.9556,2.9541,2.9556,2.9591,2.9606,2.9591,2.9606,8
2026-03-30 11:42:00,2.9551,2.9566,2.9551,2.9566,2.9601,2.9616,2.9601,2.9616,5
2026-03-30 11:43:00,2.9561,2.9606,2.9561,2.9596,2.9611,2.9656,2.9611,2.9646,8
2026-03-30 11:44:00,2.9586,2.9621,2.9586,2.9616,2.9636,2.9671,2.9636,2.9666,16
2026-03-30 11:45:00,2.9611,2.9616,2.9596,2.9606,2.9661,2.9666,2.9646,2.9656,11
2026-03-30 11:46:00,2.9601,2.9606,2.9561,2.9571,2.9651,2.9656,2.9611,2.9621,19
2026-03-30 11:47:00,2.9576,2.9586,2.9571,2.9586,2.9626,2.9636,2.9621,2.9636,9
2026-03-30 11:48:00,2.9581,2.9586,2.9576,2.9576,2.9631,2.9636,2.9626,2.9626,6
2026-03-30 11:49:00,2.9581,2.9586,2.9571,2.9576,2.9631,2.9636,2.9621,2.9626,9
2026-03-30 11:50:00,2.9581,2.9586,2.9566,2.9581,2.9631,2.9636,2.9616,2.9631,11
2026-03-30 11:51:00,2.9586,2.9596,2.9581,2.9596,2.9636,2.9646,2.9631,2.9646,4
2026-03-30 11:52:00,2.9586,2.9626,2.9586,2.9626,2.9636,2.9676,2.9636,2.9676,14
2026-03-30 11:53:00,2.9631,2.9636,2.9621,2.9636,2.9681,2.9686,2.9671,2.9686,6
2026-03-30 11:54:00,2.9646,2.9656,2.9636,2.9656,2.9696,2.9706,2.9686,2.9706,9
2026-03-30 11:55:00,2.9666,2.9676,2.9646,2.9656,2.9716,2.9726,2.9696,2.9706,7
2026-03-30 11:56:00,2.9646,2.9646,2.9626,2.9626,2.9696,2.9696,2.9676,2.9676,14
2026-03-30 11:57:00,2.9621,2.9636,2.9621,2.9636,2.9671,2.9686,2.9671,2.9686,8
2026-03-30 11:58:00,2.9641,2.9651,2.9626,2.9636,2.9691,2.9701,2.9676,2.9686,15
2026-03-30 11:59:00,2.9626,2.9636,2.9621,2.9636,2.9676,2.9686,2.9671,2.9686,4
2026-03-30 12:00:00,2.9626,2.9636,2.9596,2.9611,2.9676,2.9686,2.9646,2.9661,21
2026-03-30 12:01:00,2.9621,2.9656,2.9621,2.9651,2.9671,2.9706,2.9671,2.9701,13
2026-03-30 12:02:00,2.9646,2.9676,2.9646,2.9676,2.9696,2.9726,2.9696,2.9726,9
2026-03-30 12:03:00,2.9666,2.9676,2.9656,2.9656,2.9716,2.9726,2.9706,2.9706,4
2026-03-30 12:04:00,2.9651,2.9656,2.9641,2.9656,2.9701,2.9706,2.9691,2.9706,10
2026-03-30 12:05:00,2.9651,2.9651,2.9641,2.9641,2.9701,2.9701,2.9691,2.9691,9
2026-03-30 12:06:00,2.9646,2.9646,2.9646,2.9646,2.9696,2.9696,2.9696,2.9696,1
2026-03-30 12:08:00,2.9636,2.9636,2.9616,2.9616,2.9686,2.9686,2.9666,2.9666,7
2026-03-30 12:09:00,2.9621,2.9626,2.9596,2.9606,2.9671,2.9676,2.9646,2.9656,13
2026-03-30 12:10:00,2.9601,2.9621,2.9601,2.9611,2.9651,2.9671,2.9651,2.9661,10
2026-03-30 12:11:00,2.9606,2.9656,2.9606,2.9656,2.9656,2.9706,2.9656,2.9706,8
2026-03-30 12:12:00,2.9666,2.9666,2.9646,2.9646,2.9716,2.9716,2.9696,2.9696,4
2026-03-30 12:13:00,2.9656,2.9686,2.9646,2.9656,2.9706,2.9736,2.9696,2.9706,14
2026-03-30 12:14:00,2.9646,2.9646,2.9636,2.9646,2.9696,2.9696,2.9686,2.9696,4
2026-03-30 12:15:00,2.9636,2.9651,2.9636,2.9646,2.9686,2.9701,2.9686,2.9696,7
2026-03-30 12:16:00,2.9656,2.9671,2.9651,2.9651,2.9706,2.9721,2.9701,2.9701,6
2026-03-30 12:17:00,2.9646,2.9686,2.9646,2.9681,2.9696,2.9736,2.9696,2.9731,11
2026-03-30 12:18:00,2.9686,2.9686,2.9666,2.9676,2.9736,2.9736,2.9716,2.9726,4
2026-03-30 12:19:00,2.9671,2.9671,2.9671,2.9671,2.9721,2.9721,2.9721,2.9721,1
2026-03-30 12:20:00,2.9676,2.9706,2.9676,2.9701,2.9726,2.9756,2.9726,2.9751,6
2026-03-30 12:21:00,2.9696,2.9701,2.9691,2.9696,2.9746,2.9751,2.9741,2.9746,5
2026-03-30 12:22:00,2.9706,2.9731,2.9706,2.9721,2.9756,2.9781,2.9756,2.9771,7
2026-03-30 12:23:00,2.9716,2.9726,2.9716,2.9726,2.9766,2.9776,2.9766,2.9776,4
2026-03-30 12:24:00,2.9736,2.9736,2.9731,2.9736,2.9786,2.9786,2.9781,2.9786,5
2026-03-30 12:25:00,2.9731,2.9746,2.9706,2.9726,2.9781,2.9796,2.9756,2.9776,12
2026-03-30 12:26:00,2.9731,2.9746,2.9706,2.9746,2.9781,2.9796,2.9756,2.9796,7
2026-03-30 12:27:00,2.9736,2.9746,2.9726,2.9726,2.9786,2.9796,2.9776,2.9776,5
2026-03-30 12:28:00,2.9736,2.9741,2.9731,2.9741,2.9786,2.9791,2.9781,2.9791,3
2026-03-30 12:29:00,2.9736,2.9756,2.9736,2.9746,2.9786,2.9806,2.9786,2.9796,7
2026-03-30 12:30:00,2.9741,2.9776,2.9741,2.9766,2.9791,2.9826,2.9791,2.9816,20
2026-03-30 12:31:00,2.9771,2.9786,2.9771,2.9781,2.9821,2.9836,2.9821,2.9831,9
2026-03-30 12:32:00,2.9776,2.9791,2.9776,2.9791,2.9826,2.9841,2.9826,2.9841,7
2026-03-30 12:33:00,2.9796,2.9801,2.9766,2.9766,2.9846,2.9851,2.9816,2.9816,20
2026-03-30 12:34:00,2.9771,2.9796,2.9771,2.9786,2.9821,2.9846,2.9821,2.9836,10
2026-03-30 12:35:00,2.9791,2.9836,2.9786,2.9826,2.9841,2.9886,2.9836,2.9876,14
2026-03-30 12:36:00,2.9821,2.9866,2.9821,2.9851,2.9871,2.9916,2.9871,2.9901,24
2026-03-30 12:37:00,2.9856,2.9876,2.9856,2.9876,2.9906,2.9926,2.9906,2.9926,6
2026-03-30 12:38:00,2.9871,2.9886,2.9871,2.9886,2.9921,2.9936,2.9921,2.9936,9
2026-03-30 12:39:00,2.9891,2.9891,2.9856,2.9866,2.9941,2.9941,2.9906,2.9916,13
2026-03-30 12:40:00,2.9871,2.9871,2.9836,2.9851,2.9921,2.9921,2.9886,2.9901,15
2026-03-30 12:41:00,2.9846,2.9866,2.9836,2.9861,2.9896,2.9916,2.9886,2.9911,10
2026-03-30 12:42:00,2.9856,2.9861,2.9846,2.9851,2.9906,2.9911,2.9896,2.9901,8
2026-03-30 12:43:00,2.9856,2.9861,2.9856,2.9856,2.9906,2.9911,2.9906,2.9906,3
2026-03-30 12:44:00,2.9851,2.9851,2.9846,2.9851,2.9901,2.9901,2.9896,2.9901,3
2026-03-30 12:45:00,2.9856,2.9856,2.9856,2.9856,2.9906,2.9906,2.9906,2.9906,1
2026-03-30 12:46:00,2.9846,2.9846,2.9811,2.9816,2.9896,2.9896,2.9861,2.9866,14
2026-03-30 12:47:00,2.9821,2.9851,2.9816,2.9846,2.9871,2.9901,2.9866,2.9896,7
2026-03-30 12:48:00,2.9856,2.9886,2.9856,2.9886,2.9906,2.9936,2.9906,2.9936,5
2026-03-30 12:49:00,2.9891,2.9891,2.9866,2.9866,2.9941,2.9941,2.9916,2.9916,11
2026-03-30 12:50:00,2.9856,2.9871,2.9856,2.9866,2.9906,2.9921,2.9906,2.9916,10
2026-03-30 12:51:00,2.9871,2.9876,2.9871,2.9876,2.9921,2.9926,2.9921,2.9926,2
2026-03-30 12:52:00,2.9886,2.9886,2.9886,2.9886,2.9936,2.9936,2.9936,2.9936,1
2026-03-30 12:54:00,2.9891,2.9891,2.9856,2.9856,2.9941,2.9941,2.9906,2.9906,10
2026-03-30 12:55:00,2.9866,2.9866,2.9851,2.9866,2.9916,2.9916,2.9901,2.9916,5
2026-03-30 12:56:00,2.9876,2.9876,2.9876,2.9876,2.9926,2.9926,2.9926,2.9926,1
2026-03-30 12:57:00,2.9871,2.9876,2.9846,2.9866,2.9921,2.9926,2.9896,2.9916,13
2026-03-30 12:58:00,2.9876,2.9896,2.9876,2.9881,2.9926,2.9946,2.9926,2.9931,6
2026-03-30 12:59:00,2.9871,2.9871,2.9856,2.9861,2.9921,2.9921,2.9906,2.9911,9
2026-03-30 13:00:00,2.9866,2.9866,2.9801,2.9801,2.9916,2.9916,2.9851,2.9851,18
2026-03-30 13:01:00,2.9806,2.9816,2.9791,2.9806,2.9856,2.9866,2.9841,2.9856,11
2026-03-30 13:02:00,2.9816,2.9826,2.9731,2.9756,2.9866,2.9876,2.9781,2.9806,31
2026-03-30 13:03:00,2.9746,2.9786,2.9736,2.9786,2.9796,2.9836,2.9786,2.9836,16
2026-03-30 13:04:00,2.9781,2.9791,2.9776,2.9781,2.9831,2.9841,2.9826,2.9831,12
2026-03-30 13:05:00,2.9786,2.9796,2.9776,2.9791,2.9836,2.9846,2.9826,2.9841,8
2026-03-30 13:06:00,2.9796,2.9806,2.9786,2.9806,2.9846,2.9856,2.9836,2.9856,8
2026-03-30 13:07:00,2.9796,2.9796,2.9781,2.9781,2.9846,2.9846,2.9831,2.9831,6
2026-03-30 13:08:00,2.9776,2.9781,2.9756,2.9781,2.9826,2.9831,2.9806,2.9831,9
2026-03-30 13:09:00,2.9786,2.9786,2.9776,2.9781,2.9836,2.9836,2.9826,2.9831,8
2026-03-30 13:10:00,2.9786,2.9806,2.9786,2.9806,2.9836,2.9856,2.9836,2.9856,11
2026-03-30 13:11:00,2.9801,2.9816,2.9796,2.9806,2.9851,2.9866,2.9846,2.9856,14
2026-03-30 13:12:00,2.9801,2.9811,2.9801,2.9806,2.9851,2.9861,2.9851,2.9856,5
2026-03-30 13:13:00,2.9801,2.9811,2.9786,2.9806,2.9851,2.9861,2.9836,2.9856,27
2026-03-30 13:14:00,2.9816,2.9816,2.9806,2.9806,2.9866,2.9866,2.9856,2.9856,6
2026-03-30 13:15:00,2.9801,2.9801,2.9776,2.9796,2.9851,2.9851,2.9826,2.9846,19
2026-03-30 13:16:00,2.9801,2.9831,2.9801,2.9826,2.9851,2.9881,2.9851,2.9876,8
2026-03-30 13:17:00,2.9816,2.9816,2.9786,2.9786,2.9866,2.9866,2.9836,2.9836,12
2026-03-30 13:18:00,2.9791,2.9791,2.9731,2.9766,2.9841,2.9841,2.9781,2.9816,24
2026-03-30 13:19:00,2.9761,2.9761,2.9731,2.9736,2.9811,2.9811,2.9781,2.9786,11
2026-03-30 13:20:00,2.9746,2.9746,2.9706,2.9711,2.9796,2.9796,2.9756,2.9761,11
2026-03-30 13:21:00,2.9716,2.9736,2.9706,2.9726,2.9766,2.9786,2.9756,2.9776,17
2026-03-30 13:22:00,2.9716,2.9716,2.9641,2.9646,2.9766,2.9766,2.9691,2.9696,26
2026-03-30 13:23:00,2.9641,2.9646,2.9616,2.9636,2.9691,2.9696,2.9666,2.9686,10
2026-03-30 13:24:00,2.9631,2.9636,2.9611,2.9636,2.9681,2.9686,2.9661,2.9686,12
2026-03-30 13:25:00,2.9641,2.9646,2.9636,2.9646,2.9691,2.9696,2.9686,2.9696,11
2026-03-30 13:26:00,2.9636,2.9656,2.9531,2.9576,2.9686,2.9706,2.9581,2.9626,49
2026-03-30 13:27:00,2.9571,2.9691,2.9566,2.9686,2.9621,2.9741,2.9616,2.9736,88
2026-03-30 13:28:00,2.9681,2.9731,2.9651,2.9656,2.9731,2.9781,2.9701,2.9706,44
2026-03-30 13:29:00,2.9661,2.9686,2.9591,2.9596,2.9711,2.9736,2.9641,2.9646,34
2026-03-30 13:30:00,2.9591,2.9606,2.9531,2.9601,2.9641,2.9656,2.9581,2.9651,52
2026-03-30 13:31:00,2.9596,2.9596,2.9551,2.9581,2.9646,2.9646,2.9601,2.9631,36
2026-03-30 13:32:00,2.9586,2.9586,2.9566,2.9576,2.9636,2.9636,2.9616,2.9626,13
2026-03-30 13:33:00,2.9571,2.9626,2.9556,2.9626,2.9621,2.9676,2.9606,2.9676,32
2026-03-30 13:34:00,2.9631,2.9666,2.9626,2.9661,2.9681,2.9716,2.9676,2.9711,14
2026-03-30 13:35:00,2.9656,2.9656,2.9621,2.9621,2.9706,2.9706,2.9671,2.9671,16
2026-03-30 13:36:00,2.9616,2.9641,2.9611,2.9621,2.9666,2.9691,2.9661,2.9671,20
2026-03-30 13:37:00,2.9626,2.9646,2.9616,2.9626,2.9676,2.9696,2.9666,2.9676,18
2026-03-30 13:38:00,2.9621,2.9626,2.9591,2.9596,2.9671,2.9676,2.9641,2.9646,20
2026-03-30 13:39:00,2.9556,2.9596,2.9546,2.9566,2.9606,2.9646,2.9596,2.9616,31
2026-03-30 13:40:00,2.9576,2.9596,2.9566,2.9576,2.9626,2.9646,2.9616,2.9626,16
2026-03-30 13:41:00,2.9586,2.9636,2.9571,2.9636,2.9636,2.9686,2.9621,2.9686,28
2026-03-30 13:42:00,2.9626,2.9641,2.9606,2.9606,2.9676,2.9691,2.9656,2.9656,9
2026-03-30 13:43:00,2.9616,2.9616,2.9586,2.9586,2.9666,2.9666,2.9636,2.9636,13
2026-03-30 13:44:00,2.9596,2.9606,2.9576,2.9586,2.9646,2.9656,2.9626,2.9636,14
2026-03-30 13:45:00,2.9596,2.9606,2.9566,2.9581,2.9646,2.9656,2.9616,2.9631,19
2026-03-30 13:46:00,2.9586,2.9601,2.9546,2.9591,2.9636,2.9651,2.9596,2.9641,35
2026-03-30 13:47:00,2.9596,2.9626,2.9596,2.9606,2.9646,2.9676,2.9646,2.9656,13
2026-03-30 13:48:00,2.9601,2.9606,2.9581,2.9606,2.9651,2.9656,2.9631,2.9656,29
2026-03-30 13:49:00,2.9596,2.9596,2.9531,2.9541,2.9646,2.9646,2.9581,2.9591,25
2026-03-30 13:50:00,2.9546,2.9556,2.9526,2.9546,2.9596,2.9606,2.9576,2.9596,29
2026-03-30 13:51:00,2.9551,2.9576,2.9546,2.9566,2.9601,2.9626,2.9596,2.9616,17
2026-03-30 13:52:00,2.9571,2.9586,2.9476,2.9496,2.9621,2.9636,2.9526,2.9546,40
2026-03-30 13:53:00,2.9506,2.9606,2.9506,2.9586,2.9556,2.9656,2.9556,2.9636,23
2026-03-30 13:54:00,2.9581,2.9586,2.9546,2.9551,2.9631,2.9636,2.9596,2.9601,18
2026-03-30 13:55:00,2.9546,2.9596,2.9536,2.9576,2.9596,2.9646,2.9586,2.9626,16
2026-03-30 13:56:00,2.9581,2.9586,2.9566,2.9566,2.9631,2.9636,2.9616,2.9616,9
2026-03-30 13:57:00,2.9576,2.9576,2.9556,2.9561,2.9626,2.9626,2.9606,2.9611,11
2026-03-30 13:58:00,2.9566,2.9596,2.9561,2.9586,2.9616,2.9646,2.9611,2.9636,17
2026-03-30 13:59:00,2.9596,2.9596,2.9556,2.9561,2.9646,2.9646,2.9606,2.9611,25
2026-03-30 14:00:00,2.9556,2.9556,2.9446,2.9456,2.9606,2.9606,2.9496,2.9506,44
2026-03-30 14:01:00,2.9451,2.9481,2.9436,2.9446,2.9501,2.9531,2.9486,2.9496,52
2026-03-30 14:02:00,2.9436,2.9466,2.9416,2.9456,2.9486,2.9516,2.9466,2.9506,18
2026-03-30 14:03:00,2.9466,2.9541,2.9466,2.9526,2.9516,2.9591,2.9516,2.9576,29
2026-03-30 14:04:00,2.9536,2.9546,2.9506,2.9506,2.9586,2.9596,2.9556,2.9556,31
2026-03-30 14:05:00,2.9521,2.9536,2.9501,2.9526,2.9571,2.9586,2.9551,2.9576,28
2026-03-30 14:06:00,2.9521,2.9606,2.9521,2.9606,2.9571,2.9656,2.9571,2.9656,29
2026-03-30 14:07:00,2.9611,2.9631,2.9566,2.9581,2.9661,2.9681,2.9616,2.9631,30
2026-03-30 14:08:00,2.9576,2.9596,2.9566,2.9586,2.9626,2.9646,2.9616,2.9636,16
2026-03-30 14:09:00,2.9576,2.9581,2.9506,2.9546,2.9626,2.9631,2.9556,2.9596,49
2026-03-30 14:10:00,2.9541,2.9601,2.9536,2.9566,2.9591,2.9651,2.9586,2.9616,28
2026-03-30 14:11:00,2.9561,2.9636,2.9556,2.9636,2.9611,2.9686,2.9606,2.9686,31
2026-03-30 14:12:00,2.9631,2.9631,2.9571,2.9576,2.9681,2.9681,2.9621,2.9626,30
2026-03-30 14:13:00,2.9581,2.9616,2.9566,2.9576,2.9631,2.9666,2.9616,2.9626,34
2026-03-30 14:14:00,2.9581,2.9596,2.9536,2.9566,2.9631,2.9646,2.9586,2.9616,32
2026-03-30 14:15:00,2.9561,2.9566,2.9476,2.9481,2.9611,2.9616,2.9526,2.9531,49
2026-03-30 14:16:00,2.9476,2.9536,2.9476,2.9516,2.9526,2.9586,2.9526,2.9566,34
2026-03-30 14:17:00,2.9521,2.9536,2.9506,2.9526,2.9571,2.9586,2.9556,2.9576,27
2026-03-30 14:18:00,2.9521,2.9556,2.9521,2.9556,2.9571,2.9606,2.9571,2.9606,15
2026-03-30 14:19:00,2.9566,2.9576,2.9526,2.9531,2.9616,2.9626,2.9576,2.9581,21
2026-03-30 14:20:00,2.9501,2.9516,2.9466,2.9506,2.9551,2.9566,2.9516,2.9556,44
2026-03-30 14:21:00,2.9516,2.9516,2.9486,2.9496,2.9566,2.9566,2.9536,2.9546,16
2026-03-30 14:22:00,2.9506,2.9556,2.9506,2.9531,2.9556,2.9606,2.9556,2.9581,34
2026-03-30 14:23:00,2.9526,2.9541,2.9471,2.9476,2.9576,2.9591,2.9521,2.9526,20
2026-03-30 14:24:00,2.9486,2.9486,2.9456,2.9456,2.9536,2.9536,2.9506,2.9506,26
2026-03-30 14:25:00,2.9466,2.9466,2.9426,2.9441,2.9516,2.9516,2.9476,2.9491,67
2026-03-30 14:26:00,2.9436,2.9456,2.9376,2.9376,2.9486,2.9506,2.9426,2.9426,27
2026-03-30 14:27:00,2.9371,2.9386,2.9351,2.9371,2.9421,2.9436,2.9401,2.9421,25
2026-03-30 14:28:00,2.9366,2.9396,2.9356,2.9376,2.9416,2.9446,2.9406,2.9426,23
2026-03-30 14:29:00,2.9386,2.9406,2.9386,2.9396,2.9436,2.9456,2.9436,2.9446,33
2026-03-30 14:30:00,2.9381,2.9416,2.9381,2.9396,2.9431,2.9466,2.9431,2.9446,23
2026-03-30 14:31:00,2.9386,2.9446,2.9386,2.9426,2.9436,2.9496,2.9436,2.9476,18
2026-03-30 14:32:00,2.9416,2.9436,2.9371,2.9371,2.9466,2.9486,2.9421,2.9421,25
2026-03-30 14:33:00,2.9386,2.9386,2.9366,2.9376,2.9436,2.9436,2.9416,2.9426,19
2026-03-30 14:34:00,2.9371,2.9371,2.9336,2.9346,2.9421,2.9421,2.9386,2.9396,22
2026-03-30 14:35:00,2.9351,2.9376,2.9346,2.9356,2.9401,2.9426,2.9396,2.9406,26
2026-03-30 14:36:00,2.9346,2.9356,2.9346,2.9346,2.9396,2.9406,2.9396,2.9396,11
2026-03-30 14:37:00,2.9336,2.9346,2.9336,2.9346,2.9386,2.9396,2.9386,2.9396,13
2026-03-30 14:38:00,2.9336,2.9361,2.9336,2.9356,2.9386,2.9411,2.9386,2.9406,10
2026-03-30 14:39:00,2.9366,2.9396,2.9356,2.9396,2.9416,2.9446,2.9406,2.9446,13
2026-03-30 14:40:00,2.9391,2.9416,2.9386,2.9396,2.9441,2.9466,2.9436,2.9446,22
2026-03-30 14:41:00,2.9386,2.9406,2.9356,2.9386,2.9436,2.9456,2.9406,2.9436,20
2026-03-30 14:42:00,2.9381,2.9406,2.9381,2.9396,2.9431,2.9456,2.9431,2.9446,15
2026-03-30 14:43:00,2.9386,2.9396,2.9366,2.9386,2.9436,2.9446,2.9416,2.9436,18
2026-03-30 14:44:00,2.9376,2.9406,2.9366,2.9386,2.9426,2.9456,2.9416,2.9436,19
2026-03-30 14:45:00,2.9396,2.9446,2.9396,2.9436,2.9446,2.9496,2.9446,2.9486,28
2026-03-30 14:46:00,2.9431,2.9506,2.9431,2.9496,2.9481,2.9556,2.9481,2.9546,28
2026-03-30 14:47:00,2.9491,2.9571,2.9451,2.9556,2.9541,2.9621,2.9501,2.9606,46
2026-03-30 14:48:00,2.9561,2.9576,2.9516,2.9516,2.9611,2.9626,2.9566,2.9566,36
2026-03-30 14:49:00,2.9521,2.9531,2.9516,2.9516,2.9571,2.9581,2.9566,2.9566,20
2026-03-30 14:50:00,2.9511,2.9541,2.9506,2.9516,2.9561,2.9591,2.9556,2.9566,16
2026-03-30 14:51:00,2.9506,2.9526,2.9486,2.9486,2.9556,2.9576,2.9536,2.9536,26
2026-03-30 14:52:00,2.9491,2.9576,2.9476,2.9576,2.9541,2.9626,2.9526,2.9626,29
2026-03-30 14:53:00,2.9586,2.9586,2.9526,2.9541,2.9636,2.9636,2.9576,2.9591,19
2026-03-30 14:54:00,2.9536,2.9576,2.9536,2.9561,2.9586,2.9626,2.9586,2.9611,18
2026-03-30 14:55:00,2.9546,2.9546,2.9526,2.9526,2.9596,2.9596,2.9576,2.9576,15
2026-03-30 14:56:00,2.9516,2.9516,2.9456,2.9466,2.9566,2.9566,2.9506,2.9516,18
2026-03-30 14:57:00,2.9461,2.9461,2.9426,2.9436,2.9511,2.9511,2.9476,2.9486,18
2026-03-30 14:58:00,2.9441,2.9446,2.9386,2.9386,2.9491,2.9496,2.9436,2.9436,24
2026-03-30 14:59:00,2.9381,2.9396,2.9336,2.9356,2.9431,2.9446,2.9386,2.9406,20
2026-03-30 15:00:00,2.9351,2.9351,2.9146,2.9161,2.9401,2.9401,2.9196,2.9211,135
2026-03-30 15:01:00,2.9156,2.9171,2.9106,2.9131,2.9206,2.9221,2.9156,2.9181,100
2026-03-30 15:02:00,2.9146,2.9146,2.9096,2.9106,2.9196,2.9196,2.9146,2.9156,81
2026-03-30 15:03:00,2.9096,2.9211,2.9096,2.9196,2.9146,2.9261,2.9146,2.9246,57
2026-03-30 15:04:00,2.9186,2.9236,2.9181,2.9236,2.9236,2.9286,2.9231,2.9286,33
2026-03-30 15:05:00,2.9226,2.9296,2.9226,2.9276,2.9276,2.9346,2.9276,2.9326,76
2026-03-30 15:06:00,2.9286,2.9316,2.9261,2.9266,2.9336,2.9366,2.9311,2.9316,27
2026-03-30 15:07:00,2.9261,2.9306,2.9261,2.9296,2.9311,2.9356,2.9311,2.9346,30
2026-03-30 15:08:00,2.9291,2.9346,2.9271,2.9336,2.9341,2.9396,2.9321,2.9386,40
2026-03-30 15:09:00,2.9331,2.9336,2.9316,2.9326,2.9381,2.9386,2.9366,2.9376,29
2026-03-30 15:10:00,2.9316,2.9336,2.9286,2.9326,2.9366,2.9386,2.9336,2.9376,34
2026-03-30 15:11:00,2.9331,2.9331,2.9266,2.9276,2.9381,2.9381,2.9316,2.9326,21
2026-03-30 15:12:00,2.9281,2.9291,2.9256,2.9256,2.9331,2.9341,2.9306,2.9306,19
2026-03-30 15:13:00,2.9261,2.9336,2.9261,2.9316,2.9311,2.9386,2.9311,2.9366,35
2026-03-30 15:14:00,2.9311,2.9311,2.9256,2.9256,2.9361,2.9361,2.9306,2.9306,33
2026-03-30 15:15:00,2.9236,2.9256,2.9211,2.9246,2.9286,2.9306,2.9261,2.9296,47
2026-03-30 15:16:00,2.9251,2.9301,2.9251,2.9261,2.9301,2.9351,2.9301,2.9311,37
2026-03-30 15:17:00,2.9256,2.9266,2.9236,2.9266,2.9306,2.9316,2.9286,2.9316,26
2026-03-30 15:18:00,2.9261,2.9296,2.9256,2.9266,2.9311,2.9346,2.9306,2.9316,31
2026-03-30 15:19:00,2.9256,2.9266,2.9246,2.9246,2.9306,2.9316,2.9296,2.9296,16
2026-03-30 15:20:00,2.9256,2.9276,2.9246,2.9261,2.9306,2.9326,2.9296,2.9311,23
2026-03-30 15:21:00,2.9246,2.9266,2.9236,2.9246,2.9296,2.9316,2.9286,2.9296,16
2026-03-30 15:22:00,2.9241,2.9286,2.9241,2.9276,2.9291,2.9336,2.9291,2.9326,16
2026-03-30 15:23:00,2.9266,2.9276,2.9246,2.9256,2.9316,2.9326,2.9296,2.9306,9
2026-03-30 15:24:00,2.9251,2.9256,2.9246,2.9256,2.9301,2.9306,2.9296,2.9306,23
2026-03-30 15:25:00,2.9251,2.9251,2.9206,2.9211,2.9301,2.9301,2.9256,2.9261,23
2026-03-30 15:26:00,2.9206,2.9246,2.9206,2.9236,2.9256,2.9296,2.9256,2.9286,17
2026-03-30 15:27:00,2.9231,2.9236,2.9196,2.9196,2.9281,2.9286,2.9246,2.9246,34
2026-03-30 15:28:00,2.9206,2.9216,2.9196,2.9206,2.9256,2.9266,2.9246,2.9256,13
2026-03-30 15:29:00,2.9201,2.9216,2.9196,2.9206,2.9251,2.9266,2.9246,2.9256,17
2026-03-30 15:30:00,2.9201,2.9216,2.9176,2.9206,2.9251,2.9266,2.9226,2.9256,41
2026-03-30 15:31:00,2.9201,2.9216,2.9106,2.9146,2.9251,2.9266,2.9156,2.9196,88
2026-03-30 15:32:00,2.9141,2.9226,2.9141,2.9216,2.9191,2.9276,2.9191,2.9266,51
2026-03-30 15:33:00,2.9211,2.9266,2.9206,2.9236,2.9261,2.9316,2.9256,2.9286,55
2026-03-30 15:34:00,2.9241,2.9386,2.9241,2.9326,2.9291,2.9436,2.9291,2.9376,76
2026-03-30 15:35:00,2.9336,2.9336,2.9286,2.9291,2.9386,2.9386,2.9336,2.9341,42
2026-03-30 15:36:00,2.9286,2.9291,2.9266,2.9286,2.9336,2.9341,2.9316,2.9336,17
2026-03-30 15:37:00,2.9291,2.9326,2.9286,2.9291,2.9341,2.9376,2.9336,2.9341,39
2026-03-30 15:38:00,2.9296,2.9356,2.9296,2.9331,2.9346,2.9406,2.9346,2.9381,56
2026-03-30 15:39:00,2.9336,2.9366,2.9316,2.9361,2.9386,2.9416,2.9366,2.9411,26
2026-03-30 15:40:00,2.9356,2.9396,2.9346,2.9366,2.9406,2.9446,2.9396,2.9416,32
2026-03-30 15:41:00,2.9371,2.9376,2.9346,2.9356,2.9421,2.9426,2.9396,2.9406,33
2026-03-30 15:42:00,2.9346,2.9376,2.9291,2.9356,2.9396,2.9426,2.9341,2.9406,55
2026-03-30 15:43:00,2.9366,2.9376,2.9296,2.9296,2.9416,2.9426,2.9346,2.9346,33
2026-03-30 15:44:00,2.9301,2.9306,2.9276,2.9306,2.9351,2.9356,2.9326,2.9356,23
2026-03-30 15:45:00,2.9311,2.9336,2.9276,2.9281,2.9361,2.9386,2.9326,2.9331,48
2026-03-30 15:46:00,2.9286,2.9321,2.9266,2.9321,2.9336,2.9371,2.9316,2.9371,31
2026-03-30 15:47:00,2.9326,2.9326,2.9246,2.9271,2.9376,2.9376,2.9296,2.9321,28
2026-03-30 15:48:00,2.9261,2.9286,2.9241,2.9266,2.9311,2.9336,2.9291,2.9316,29
2026-03-30 15:49:00,2.9256,2.9306,2.9256,2.9266,2.9306,2.9356,2.9306,2.9316,32
2026-03-30 15:50:00,2.9256,2.9266,2.9196,2.9226,2.9306,2.9316,2.9246,2.9276,41
2026-03-30 15:51:00,2.9221,2.9226,2.9131,2.9141,2.9271,2.9276,2.9181,2.9191,52
2026-03-30 15:52:00,2.9131,2.9156,2.9106,2.9141,2.9181,2.9206,2.9156,2.9191,43
2026-03-30 15:53:00,2.9131,2.9131,2.9036,2.9061,2.9181,2.9181,2.9086,2.9111,65
2026-03-30 15:54:00,2.9051,2.9076,2.9026,2.9061,2.9101,2.9126,2.9076,2.9111,37
2026-03-30 15:55:00,2.9066,2.9076,2.9026,2.9066,2.9116,2.9126,2.9076,2.9116,32
2026-03-30 15:56:00,2.9061,2.9066,2.9051,2.9056,2.9111,2.9116,2.9101,2.9106,19
2026-03-30 15:57:00,2.9051,2.9086,2.9046,2.9056,2.9101,2.9136,2.9096,2.9106,48
2026-03-30 15:58:00,2.9051,2.9066,2.8976,2.8986,2.9101,2.9116,2.9026,2.9036,70
2026-03-30 15:59:00,2.8981,2.9056,2.8976,2.9046,2.9031,2.9106,2.9026,2.9096,57
2026-03-30 16:00:00,2.9041,2.9041,2.8966,2.9001,2.9091,2.9091,2.9016,2.9051,54
2026-03-30 16:01:00,2.8996,2.8996,2.8961,2.8986,2.9046,2.9046,2.9011,2.9036,37
2026-03-30 16:02:00,2.8976,2.8996,2.8966,2.8981,2.9026,2.9046,2.9016,2.9031,28
2026-03-30 16:03:00,2.8991,2.9001,2.8986,2.8996,2.9041,2.9051,2.9036,2.9046,40
2026-03-30 16:04:00,2.8991,2.8996,2.8956,2.8961,2.9041,2.9046,2.9006,2.9011,41
2026-03-30 16:05:00,2.8956,2.8956,2.8926,2.8931,2.9006,2.9006,2.8976,2.8981,43
2026-03-30 16:06:00,2.8946,2.8976,2.8946,2.8966,2.8996,2.9026,2.8996,2.9016,29
2026-03-30 16:07:00,2.8961,2.8966,2.8936,2.8956,2.9011,2.9016,2.8986,2.9006,49
2026-03-30 16:08:00,2.8951,2.8976,2.8951,2.8956,2.9001,2.9026,2.9001,2.9006,33
2026-03-30 16:09:00,2.8966,2.8966,2.8926,2.8951,2.9016,2.9016,2.8976,2.9001,57
2026-03-30 16:10:00,2.8966,2.8966,2.8936,2.8936,2.9016,2.9016,2.8986,2.8986,43
2026-03-30 16:11:00,2.8931,2.8966,2.8931,2.8946,2.8981,2.9016,2.8981,2.8996,32
2026-03-30 16:12:00,2.8941,2.8946,2.8926,2.8936,2.8991,2.8996,2.8976,2.8986,51
2026-03-30 16:13:00,2.8931,2.8976,2.8926,2.8966,2.8981,2.9026,2.8976,2.9016,40
2026-03-30 16:14:00,2.8976,2.8976,2.8956,2.8961,2.9026,2.9026,2.9006,2.9011,7
2026-03-30 16:15:00,2.8971,2.8976,2.8936,2.8971,2.9021,2.9026,2.8986,2.9021,29
2026-03-30 16:16:00,2.8966,2.9006,2.8966,2.8976,2.9016,2.9056,2.9016,2.9026,32
2026-03-30 16:17:00,2.8971,2.9036,2.8966,2.9036,2.9021,2.9086,2.9016,2.9086,36
2026-03-30 16:18:00,2.9031,2.9086,2.9026,2.9076,2.9081,2.9136,2.9076,2.9126,29
2026-03-30 16:19:00,2.9066,2.9076,2.9031,2.9031,2.9116,2.9126,2.9081,2.9081,24
2026-03-30 16:20:00,2.9026,2.9046,2.9011,2.9036,2.9076,2.9096,2.9061,2.9086,43
2026-03-30 16:21:00,2.9031,2.9031,2.9011,2.9016,2.9081,2.9081,2.9061,2.9066,9
2026-03-30 16:22:00,2.9021,2.9046,2.9016,2.9036,2.9071,2.9096,2.9066,2.9086,29
2026-03-30 16:23:00,2.9031,2.9031,2.8996,2.9006,2.9081,2.9081,2.9046,2.9056,15
2026-03-30 16:24:00,2.9001,2.9036,2.9001,2.9016,2.9051,2.9086,2.9051,2.9066,29
2026-03-30 16:25:00,2.9011,2.9011,2.8966,2.8976,2.9061,2.9061,2.9016,2.9026,12
2026-03-30 16:26:00,2.8971,2.8986,2.8971,2.8976,2.9021,2.9036,2.9021,2.9026,15
2026-03-30 16:27:00,2.8971,2.8996,2.8956,2.8976,2.9021,2.9046,2.9006,2.9026,21
2026-03-30 16:28:00,2.8986,2.9006,2.8976,2.9001,2.9036,2.9056,2.9026,2.9051,20
2026-03-30 16:29:00,2.9011,2.9046,2.9011,2.9046,2.9061,2.9096,2.9061,2.9096,20
2026-03-30 16:30:00,2.9041,2.9046,2.8996,2.9031,2.9091,2.9096,2.9046,2.9081,40
2026-03-30 16:31:00,2.9026,2.9026,2.9006,2.9016,2.9076,2.9076,2.9056,2.9066,20
2026-03-30 16:32:00,2.9021,2.9031,2.9006,2.9011,2.9071,2.9081,2.9056,2.9061,29
2026-03-30 16:33:00,2.9016,2.9056,2.9006,2.9056,2.9066,2.9106,2.9056,2.9106,29
2026-03-30 16:34:00,2.9051,2.9056,2.9016,2.9016,2.9101,2.9106,2.9066,2.9066,27
2026-03-30 16:35:00,2.9011,2.9026,2.8996,2.9026,2.9061,2.9076,2.9046,2.9076,10
2026-03-30 16:36:00,2.9021,2.9086,2.9016,2.9081,2.9071,2.9136,2.9066,2.9131,38
2026-03-30 16:37:00,2.9086,2.9126,2.9081,2.9116,2.9136,2.9176,2.9131,2.9166,33
2026-03-30 16:38:00,2.9106,2.9126,2.9096,2.9116,2.9156,2.9176,2.9146,2.9166,30
2026-03-30 16:39:00,2.9126,2.9136,2.9096,2.9106,2.9176,2.9186,2.9146,2.9156,9
2026-03-30 16:40:00,2.9116,2.9171,2.9106,2.9131,2.9166,2.9221,2.9156,2.9181,24
2026-03-30 16:41:00,2.9126,2.9136,2.9116,2.9126,2.9176,2.9186,2.9166,2.9176,22
2026-03-30 16:42:00,2.9121,2.9126,2.9081,2.9106,2.9171,2.9176,2.9131,2.9156,28
2026-03-30 16:43:00,2.9096,2.9126,2.9076,2.9076,2.9146,2.9176,2.9126,2.9126,24
2026-03-30 16:44:00,2.9086,2.9111,2.9086,2.9106,2.9136,2.9161,2.9136,2.9156,14
2026-03-30 16:45:00,2.9101,2.9136,2.9101,2.9111,2.9151,2.9186,2.9151,2.9161,27
2026-03-30 16:46:00,2.9106,2.9106,2.9086,2.9086,2.9156,2.9156,2.9136,2.9136,5
2026-03-30 16:47:00,2.9096,2.9106,2.9031,2.9031,2.9146,2.9156,2.9081,2.9081,25
2026-03-30 16:48:00,2.9016,2.9026,2.8996,2.9006,2.9066,2.9076,2.9046,2.9056,37
2026-03-30 16:49:00,2.9016,2.9086,2.9016,2.9086,2.9066,2.9136,2.9066,2.9136,26
2026-03-30 16:50:00,2.9076,2.9106,2.9041,2.9041,2.9126,2.9156,2.9091,2.9091,22
2026-03-30 16:51:00,2.9036,2.9036,2.9021,2.9036,2.9086,2.9086,2.9071,2.9086,21
2026-03-30 16:52:00,2.9031,2.9046,2.9031,2.9046,2.9081,2.9096,2.9081,2.9096,22
2026-03-30 16:53:00,2.9041,2.9066,2.9021,2.9026,2.9091,2.9116,2.9071,2.9076,17
2026-03-30 16:54:00,2.9031,2.9066,2.9031,2.9066,2.9081,2.9116,2.9081,2.9116,14
2026-03-30 16:55:00,2.9076,2.9086,2.9056,2.9066,2.9126,2.9136,2.9106,2.9116,18
2026-03-30 16:56:00,2.9056,2.9086,2.9056,2.9066,2.9106,2.9136,2.9106,2.9116,26
2026-03-30 16:57:00,2.9076,2.9086,2.9046,2.9061,2.9126,2.9136,2.9096,2.9111,22
2026-03-30 16:58:00,2.9056,2.9066,2.9056,2.9056,2.9106,2.9116,2.9106,2.9106,8
2026-03-30 16:59:00,2.9051,2.9076,2.9046,2.9076,2.9101,2.9126,2.9096,2.9126,22
2026-03-30 17:00:00,2.9071,2.9076,2.9006,2.9006,2.9121,2.9126,2.9056,2.9056,33
2026-03-30 17:01:00,2.9011,2.9066,2.9006,2.9046,2.9061,2.9116,2.9056,2.9096,36
2026-03-30 17:02:00,2.9036,2.9046,2.8986,2.8996,2.9086,2.9096,2.9036,2.9046,31
2026-03-30 17:03:00,2.8991,2.9006,2.8986,2.9006,2.9041,2.9056,2.9036,2.9056,31
2026-03-30 17:04:00,2.8996,2.9036,2.8996,2.9016,2.9046,2.9086,2.9046,2.9066,16
2026-03-30 17:05:00,2.9001,2.9006,2.8981,2.8996,2.9051,2.9056,2.9031,2.9046,28
2026-03-30 17:06:00,2.9006,2.9031,2.9006,2.9026,2.9056,2.9081,2.9056,2.9076,27
2026-03-30 17:07:00,2.9021,2.9061,2.9011,2.9036,2.9071,2.9111,2.9061,2.9086,33
2026-03-30 17:08:00,2.9041,2.9056,2.9036,2.9056,2.9091,2.9106,2.9086,2.9106,11
2026-03-30 17:09:00,2.9051,2.9066,2.9051,2.9061,2.9101,2.9116,2.9101,2.9111,16
2026-03-30 17:10:00,2.9056,2.9056,2.9026,2.9026,2.9106,2.9106,2.9076,2.9076,20
2026-03-30 17:11:00,2.9016,2.9031,2.8996,2.9026,2.9066,2.9081,2.9046,2.9076,18
2026-03-30 17:12:00,2.9036,2.9036,2.9006,2.9026,2.9086,2.9086,2.9056,2.9076,13
2026-03-30 17:13:00,2.9031,2.9031,2.9016,2.9026,2.9081,2.9081,2.9066,2.9076,8
2026-03-30 17:14:00,2.9016,2.9036,2.9011,2.9026,2.9066,2.9086,2.9061,2.9076,21
2026-03-30 17:15:00,2.9016,2.9056,2.8996,2.9046,2.9066,2.9106,2.9046,2.9096,42
2026-03-30 17:16:00,2.9036,2.9036,2.8996,2.9026,2.9086,2.9086,2.9046,2.9076,25
2026-03-30 17:17:00,2.9021,2.9021,2.8986,2.9001,2.9071,2.9071,2.9036,2.9051,21
2026-03-30 17:18:00,2.9006,2.9006,2.8986,2.8986,2.9056,2.9056,2.9036,2.9036,20
2026-03-30 17:19:00,2.8976,2.9016,2.8976,2.9006,2.9026,2.9066,2.9026,2.9056,15
2026-03-30 17:20:00,2.8996,2.9006,2.8976,2.8981,2.9046,2.9056,2.9026,2.9031,20
2026-03-30 17:21:00,2.8976,2.8986,2.8966,2.8981,2.9026,2.9036,2.9016,2.9031,15
2026-03-30 17:22:00,2.8986,2.9006,2.8976,2.9006,2.9036,2.9056,2.9026,2.9056,12
2026-03-30 17:23:00,2.8996,2.9006,2.8976,2.9001,2.9046,2.9056,2.9026,2.9051,12
2026-03-30 17:24:00,2.8996,2.8996,2.8966,2.8966,2.9046,2.9046,2.9016,2.9016,13
2026-03-30 17:25:00,2.8971,2.8976,2.8956,2.8966,2.9021,2.9026,2.9006,2.9016,21
2026-03-30 17:26:00,2.8971,2.8996,2.8956,2.8981,2.9021,2.9046,2.9006,2.9031,37
2026-03-30 17:27:00,2.8976,2.9001,2.8976,2.8996,2.9026,2.9051,2.9026,2.9046,14
2026-03-30 17:28:00,2.8991,2.8996,2.8976,2.8996,2.9041,2.9046,2.9026,2.9046,12
2026-03-30 17:29:00,2.9001,2.9026,2.9001,2.9016,2.9051,2.9076,2.9051,2.9066,10
2026-03-30 17:30:00,2.9011,2.9056,2.9011,2.9016,2.9061,2.9106,2.9061,2.9066,35
2026-03-30 17:31:00,2.9021,2.9021,2.9006,2.9016,2.9071,2.9071,2.9056,2.9066,15
2026-03-30 17:32:00,2.9021,2.9046,2.9006,2.9036,2.9071,2.9096,2.9056,2.9086,31
2026-03-30 17:33:00,2.9041,2.9041,2.9016,2.9031,2.9091,2.9091,2.9066,2.9081,12
2026-03-30 17:34:00,2.9036,2.9046,2.9006,2.9006,2.9086,2.9096,2.9056,2.9056,19
2026-03-30 17:35:00,2.8996,2.9026,2.8996,2.9016,2.9046,2.9076,2.9046,2.9066,21
2026-03-30 17:36:00,2.9006,2.9016,2.8996,2.9006,2.9056,2.9066,2.9046,2.9056,19
2026-03-30 17:37:00,2.9001,2.9006,2.8986,2.8996,2.9051,2.9056,2.9036,2.9046,17
2026-03-30 17:38:00,2.9006,2.9006,2.8996,2.8996,2.9056,2.9056,2.9046,2.9046,7
2026-03-30 17:39:00,2.8991,2.9006,2.8966,2.8986,2.9041,2.9056,2.9016,2.9036,24
2026-03-30 17:40:00,2.8976,2.8996,2.8956,2.8966,2.9026,2.9046,2.9006,2.9016,29
2026-03-30 17:41:00,2.8956,2.8966,2.8936,2.8946,2.9006,2.9016,2.8986,2.8996,22
2026-03-30 17:42:00,2.8951,2.8956,2.8946,2.8956,2.9001,2.9006,2.8996,2.9006,11
2026-03-30 17:43:00,2.8951,2.8951,2.8896,2.8921,2.9001,2.9001,2.8946,2.8971,46
2026-03-30 17:44:00,2.8936,2.8936,2.8926,2.8936,2.8986,2.8986,2.8976,2.8986,15
2026-03-30 17:45:00,2.8931,2.9026,2.8931,2.9026,2.8981,2.9076,2.8981,2.9076,19
2026-03-30 17:46:00,2.9031,2.9056,2.9031,2.9041,2.9081,2.9106,2.9081,2.9091,13
2026-03-30 17:47:00,2.9046,2.9076,2.9026,2.9076,2.9096,2.9126,2.9076,2.9126,27
2026-03-30 17:48:00,2.9086,2.9086,2.9056,2.9061,2.9136,2.9136,2.9106,2.9111,23
2026-03-30 17:49:00,2.9056,2.9066,2.9031,2.9031,2.9106,2.9116,2.9081,2.9081,14
2026-03-30 17:50:00,2.9026,2.9046,2.9026,2.9026,2.9076,2.9096,2.9076,2.9076,15
2026-03-30 17:51:00,2.9016,2.9026,2.9001,2.9026,2.9066,2.9076,2.9051,2.9076,9
2026-03-30 17:52:00,2.9031,2.9056,2.9031,2.9056,2.9081,2.9106,2.9081,2.9106,8
2026-03-30 17:53:00,2.9066,2.9086,2.9056,2.9086,2.9116,2.9136,2.9106,2.9136,21
2026-03-30 17:54:00,2.9081,2.9126,2.9081,2.9126,2.9131,2.9176,2.9131,2.9176,30
2026-03-30 17:55:00,2.9116,2.9136,2.9116,2.9116,2.9166,2.9186,2.9166,2.9166,21
2026-03-30 17:56:00,2.9121,2.9156,2.9111,2.9156,2.9171,2.9206,2.9161,2.9206,25
2026-03-30 17:57:00,2.9151,2.9176,2.9126,2.9131,2.9201,2.9226,2.9176,2.9181,22
2026-03-30 17:58:00,2.9126,2.9166,2.9126,2.9156,2.9176,2.9216,2.9176,2.9206,14
2026-03-30 17:59:00,2.9166,2.9191,2.9146,2.9176,2.9216,2.9241,2.9196,2.9226,36
2026-03-30 18:00:00,2.9166,2.9196,2.9156,2.9156,2.9216,2.9246,2.9206,2.9206,36
2026-03-30 18:01:00,2.9146,2.9146,2.9126,2.9131,2.9196,2.9196,2.9176,2.9181,11
2026-03-30 18:02:00,2.9121,2.9176,2.9116,2.9176,2.9171,2.9226,2.9166,2.9226,25
2026-03-30 18:03:00,2.9171,2.9186,2.9156,2.9161,2.9221,2.9236,2.9206,2.9211,22
2026-03-30 18:04:00,2.9166,2.9176,2.9146,2.9161,2.9216,2.9226,2.9196,2.9211,11
2026-03-30 18:05:00,2.9146,2.9146,2.9111,2.9136,2.9196,2.9196,2.9161,2.9186,16
2026-03-30 18:06:00,2.9131,2.9146,2.9116,2.9121,2.9181,2.9196,2.9166,2.9171,26
2026-03-30 18:07:00,2.9116,2.9166,2.9116,2.9166,2.9166,2.9216,2.9166,2.9216,36
2026-03-30 18:08:00,2.9156,2.9166,2.9156,2.9156,2.9206,2.9216,2.9206,2.9206,13
2026-03-30 18:09:00,2.9151,2.9156,2.9116,2.9126,2.9201,2.9206,2.9166,2.9176,14
2026-03-30 18:10:00,2.9146,2.9146,2.9106,2.9106,2.9196,2.9196,2.9156,2.9156,13
2026-03-30 18:11:00,2.9101,2.9106,2.9081,2.9096,2.9151,2.9156,2.9131,2.9146,24
2026-03-30 18:12:00,2.9091,2.9096,2.9076,2.9081,2.9141,2.9146,2.9126,2.9131,9
2026-03-30 18:13:00,2.9086,2.9096,2.9086,2.9086,2.9136,2.9146,2.9136,2.9136,8
2026-03-30 18:14:00,2.9091,2.9116,2.9086,2.9106,2.9141,2.9166,2.9136,2.9156,19
2026-03-30 18:15:00,2.9101,2.9101,2.9076,2.9076,2.9151,2.9151,2.9126,2.9126,13
2026-03-30 18:16:00,2.9086,2.9096,2.9086,2.9096,2.9136,2.9146,2.9136,2.9146,17
2026-03-30 18:17:00,2.9086,2.9096,2.9086,2.9091,2.9136,2.9146,2.9136,2.9141,15
2026-03-30 18:18:00,2.9096,2.9096,2.9066,2.9076,2.9146,2.9146,2.9116,2.9126,15
2026-03-30 18:19:00,2.9071,2.9076,2.9046,2.9046,2.9121,2.9126,2.9096,2.9096,12
2026-03-30 18:20:00,2.9031,2.9031,2.8956,2.8966,2.9081,2.9081,2.9006,2.9016,29
2026-03-30 18:21:00,2.8971,2.8976,2.8956,2.8966,2.9021,2.9026,2.9006,2.9016,15
2026-03-30 18:22:00,2.8961,2.8966,2.8946,2.8956,2.9011,2.9016,2.8996,2.9006,8
2026-03-30 18:23:00,2.8951,2.8966,2.8946,2.8946,2.9001,2.9016,2.8996,2.8996,17
2026-03-30 18:24:00,2.8936,2.8966,2.8936,2.8966,2.8986,2.9016,2.8986,2.9016,23
2026-03-30 18:25:00,2.8956,2.8966,2.8926,2.8926,2.9006,2.9016,2.8976,2.8976,21
2026-03-30 18:26:00,2.8936,2.8936,2.8926,2.8926,2.8986,2.8986,2.8976,2.8976,13
2026-03-30 18:27:00,2.8921,2.8966,2.8921,2.8946,2.8971,2.9016,2.8971,2.8996,20
2026-03-30 18:28:00,2.8941,2.8956,2.8941,2.8956,2.8991,2.9006,2.8991,2.9006,14
2026-03-30 18:29:00,2.8946,2.8956,2.8916,2.8946,2.8996,2.9006,2.8966,2.8996,35
2026-03-30 18:30:00,2.8956,2.8976,2.8946,2.8966,2.9006,2.9026,2.8996,2.9016,10
2026-03-30 18:31:00,2.8956,2.8966,2.8946,2.8966,2.9006,2.9016,2.8996,2.9016,5
2026-03-30 18:32:00,2.8971,2.8986,2.8971,2.8976,2.9021,2.9036,2.9021,2.9026,8
2026-03-30 18:33:00,2.8981,2.8986,2.8966,2.8966,2.9031,2.9036,2.9016,2.9016,13
2026-03-30 18:34:00,2.8976,2.9016,2.8946,2.9016,2.9026,2.9066,2.8996,2.9066,22
2026-03-30 18:35:00,2.9026,2.9056,2.9021,2.9056,2.9076,2.9106,2.9071,2.9106,19
2026-03-30 18:36:00,2.9066,2.9076,2.9066,2.9076,2.9116,2.9126,2.9116,2.9126,2
2026-03-30 18:37:00,2.9081,2.9081,2.9006,2.9006,2.9131,2.9131,2.9056,2.9056,17
2026-03-30 18:38:00,2.9001,2.9006,2.8986,2.8996,2.9051,2.9056,2.9036,2.9046,20
2026-03-30 18:39:00,2.8986,2.8986,2.8966,2.8966,2.9036,2.9036,2.9016,2.9016,16
2026-03-30 18:40:00,2.8976,2.8976,2.8936,2.8936,2.9026,2.9026,2.8986,2.8986,26
2026-03-30 18:41:00,2.8926,2.8936,2.8916,2.8936,2.8976,2.8986,2.8966,2.8986,15
2026-03-30 18:42:00,2.8926,2.8926,2.8906,2.8916,2.8976,2.8976,2.8956,2.8966,11
2026-03-30 18:43:00,2.8921,2.8926,2.8916,2.8926,2.8971,2.8976,2.8966,2.8976,9
2026-03-30 18:44:00,2.8931,2.8946,2.8926,2.8946,2.8981,2.8996,2.8976,2.8996,10
2026-03-30 18:45:00,2.8941,2.8951,2.8906,2.8906,2.8991,2.9001,2.8956,2.8956,25
2026-03-30 18:46:00,2.8901,2.8906,2.8886,2.8896,2.8951,2.8956,2.8936,2.8946,15
2026-03-30 18:47:00,2.8916,2.8916,2.8906,2.8916,2.8966,2.8966,2.8956,2.8966,19
2026-03-30 18:48:00,2.8926,2.8936,2.8906,2.8916,2.8976,2.8986,2.8956,2.8966,21
2026-03-30 18:49:00,2.8926,2.8926,2.8916,2.8926,2.8976,2.8976,2.8966,2.8976,8
2026-03-30 18:50:00,2.8921,2.8946,2.8921,2.8941,2.8971,2.8996,2.8971,2.8991,15
2026-03-30 18:51:00,2.8936,2.8951,2.8926,2.8946,2.8986,2.9001,2.8976,2.8996,15
2026-03-30 18:52:00,2.8941,2.8976,2.8936,2.8941,2.8991,2.9026,2.8986,2.8991,19
2026-03-30 18:53:00,2.8936,2.8956,2.8936,2.8956,2.8986,2.9006,2.8986,2.9006,17
2026-03-30 18:54:00,2.8966,2.8976,2.8966,2.8971,2.9016,2.9026,2.9016,2.9021,11
2026-03-30 18:55:00,2.8966,2.8966,2.8956,2.8956,2.9016,2.9016,2.9006,2.9006,4
2026-03-30 18:56:00,2.8946,2.8946,2.8936,2.8936,2.8996,2.8996,2.8986,2.8986,4
2026-03-30 18:57:00,2.8946,2.8946,2.8926,2.8926,2.8996,2.8996,2.8976,2.8976,14
2026-03-30 18:58:00,2.8936,2.8966,2.8936,2.8956,2.8986,2.9016,2.8986,2.9006,13
2026-03-30 18:59:00,2.8966,2.8966,2.8936,2.8956,2.9016,2.9016,2.8986,2.9006,17
2026-03-30 19:00:00,2.8951,2.8966,2.8936,2.8936,2.9001,2.9016,2.8986,2.8986,14
2026-03-30 19:01:00,2.8946,2.8956,2.8926,2.8946,2.8996,2.9006,2.8976,2.8996,15
2026-03-30 19:02:00,2.8941,2.8966,2.8916,2.8966,2.8991,2.9016,2.8966,2.9016,19
2026-03-30 19:03:00,2.8961,2.8966,2.8951,2.8956,2.9011,2.9016,2.9001,2.9006,15
2026-03-30 19:04:00,2.8951,2.8966,2.8946,2.8966,2.9001,2.9016,2.8996,2.9016,17
2026-03-30 19:05:00,2.8961,2.8961,2.8936,2.8936,2.9011,2.9011,2.8986,2.8986,21
2026-03-30 19:06:00,2.8931,2.8956,2.8931,2.8941,2.8981,2.9006,2.8981,2.8991,11
2026-03-30 19:07:00,2.8946,2.8946,2.8926,2.8926,2.8996,2.8996,2.8976,2.8976,11
2026-03-30 19:08:00,2.8931,2.8946,2.8921,2.8921,2.8981,2.8996,2.8971,2.8971,8
2026-03-30 19:09:00,2.8916,2.8946,2.8901,2.8941,2.8966,2.8996,2.8951,2.8991,15
2026-03-30 19:10:00,2.8936,2.8971,2.8936,2.8971,2.8986,2.9021,2.8986,2.9021,28
2026-03-30 19:11:00,2.8976,2.8976,2.8946,2.8956,2.9026,2.9026,2.8996,2.9006,23
2026-03-30 19:12:00,2.8951,2.8956,2.8936,2.8946,2.9001,2.9006,2.8986,2.8996,8
2026-03-30 19:13:00,2.8951,2.8996,2.8951,2.8981,2.9001,2.9046,2.9001,2.9031,18
2026-03-30 19:14:00,2.8971,2.8996,2.8966,2.8991,2.9021,2.9046,2.9016,2.9041,20
2026-03-30 19:15:00,2.8986,2.8996,2.8976,2.8986,2.9036,2.9046,2.9026,2.9036,17
2026-03-30 19:16:00,2.8981,2.9001,2.8971,2.8996,2.9031,2.9051,2.9021,2.9046,8
2026-03-30 19:17:00,2.9006,2.9006,2.8976,2.8986,2.9056,2.9056,2.9026,2.9036,19
2026-03-30 19:18:00,2.8996,2.8996,2.8946,2.8956,2.9046,2.9046,2.8996,2.9006,22
2026-03-30 19:19:00,2.8946,2.8956,2.8936,2.8956,2.8996,2.9006,2.8986,2.9006,11
2026-03-30 19:20:00,2.8951,2.8966,2.8946,2.8966,2.9001,2.9016,2.8996,2.9016,8
2026-03-30 19:21:00,2.8971,2.8971,2.8951,2.8956,2.9021,2.9021,2.9001,2.9006,5
2026-03-30 19:22:00,2.8961,2.8961,2.8936,2.8946,2.9011,2.9011,2.8986,2.8996,14
2026-03-30 19:23:00,2.8941,2.8941,2.8921,2.8921,2.8991,2.8991,2.8971,2.8971,6
2026-03-30 19:24:00,2.8926,2.8926,2.8916,2.8916,2.8976,2.8976,2.8966,2.8966,12
2026-03-30 19:25:00,2.8921,2.8926,2.8916,2.8916,2.8971,2.8976,2.8966,2.8966,11
2026-03-30 19:26:00,2.8911,2.8926,2.8906,2.8916,2.8961,2.8976,2.8956,2.8966,11
2026-03-30 19:27:00,2.8921,2.8926,2.8911,2.8916,2.8971,2.8976,2.8961,2.8966,9
2026-03-30 19:28:00,2.8911,2.8916,2.8896,2.8916,2.8961,2.8966,2.8946,2.8966,15
2026-03-30 19:29:00,2.8926,2.8936,2.8926,2.8936,2.8976,2.8986,2.8976,2.8986,3
2026-03-30 19:30:00,2.8941,2.8966,2.8931,2.8966,2.8991,2.9016,2.8981,2.9016,13
2026-03-30 19:31:00,2.8976,2.9066,2.8976,2.9051,2.9026,2.9116,2.9026,2.9101,23
2026-03-30 19:32:00,2.9046,2.9071,2.9036,2.9066,2.9096,2.9121,2.9086,2.9116,17
2026-03-30 19:33:00,2.9056,2.9071,2.9016,2.9026,2.9106,2.9121,2.9066,2.9076,15
2026-03-30 19:34:00,2.9021,2.9036,2.9016,2.9026,2.9071,2.9086,2.9066,2.9076,13
2026-03-30 19:35:00,2.9031,2.9031,2.8996,2.9001,2.9081,2.9081,2.9046,2.9051,20
2026-03-30 19:36:00,2.9006,2.9026,2.8996,2.9026,2.9056,2.9076,2.9046,2.9076,19
2026-03-30 19:37:00,2.9036,2.9116,2.9026,2.9106,2.9086,2.9166,2.9076,2.9156,28
2026-03-30 19:38:00,2.9101,2.9136,2.9096,2.9111,2.9151,2.9186,2.9146,2.9161,30
2026-03-30 19:39:00,2.9106,2.9116,2.9086,2.9096,2.9156,2.9166,2.9136,2.9146,21
2026-03-30 19:40:00,2.9101,2.9136,2.9091,2.9131,2.9151,2.9186,2.9141,2.9181,11
2026-03-30 19:41:00,2.9126,2.9136,2.9086,2.9096,2.9176,2.9186,2.9136,2.9146,38
2026-03-30 19:42:00,2.9106,2.9106,2.9076,2.9076,2.9156,2.9156,2.9126,2.9126,21
2026-03-30 19:43:00,2.9086,2.9191,2.9086,2.9146,2.9136,2.9241,2.9136,2.9196,56
2026-03-30 19:44:00,2.9156,2.9166,2.9126,2.9136,2.9206,2.9216,2.9176,2.9186,24
2026-03-30 19:45:00,2.9141,2.9146,2.9131,2.9136,2.9191,2.9196,2.9181,2.9186,18
2026-03-30 19:46:00,2.9146,2.9146,2.9126,2.9126,2.9196,2.9196,2.9176,2.9176,8
2026-03-30 19:47:00,2.9131,2.9146,2.9096,2.9126,2.9181,2.9196,2.9146,2.9176,42
2026-03-30 19:48:00,2.9136,2.9156,2.9131,2.9156,2.9186,2.9206,2.9181,2.9206,16
2026-03-30 19:49:00,2.9146,2.9166,2.9136,2.9166,2.9196,2.9216,2.9186,2.9216,19
2026-03-30 19:50:00,2.9161,2.9166,2.9131,2.9136,2.9211,2.9216,2.9181,2.9186,15
2026-03-30 19:51:00,2.9146,2.9146,2.9126,2.9136,2.9196,2.9196,2.9176,2.9186,18
2026-03-30 19:52:00,2.9131,2.9166,2.9126,2.9156,2.9181,2.9216,2.9176,2.9206,15
2026-03-30 19:53:00,2.9166,2.9166,2.9136,2.9141,2.9216,2.9216,2.9186,2.9191,26
2026-03-30 19:54:00,2.9151,2.9151,2.9116,2.9131,2.9201,2.9201,2.9166,2.9181,35
2026-03-30 19:55:00,2.9126,2.9166,2.9126,2.9161,2.9176,2.9216,2.9176,2.9211,23
2026-03-30 19:56:00,2.9156,2.9166,2.9156,2.9156,2.9206,2.9216,2.9206,2.9206,11
2026-03-30 19:57:00,2.9146,2.9146,2.9136,2.9146,2.9196,2.9196,2.9186,2.9196,9
2026-03-30 19:58:00,2.9136,2.9136,2.9126,2.9136,2.9186,2.9186,2.9176,2.9186,7
2026-03-30 19:59:00,2.9141,2.9166,2.9136,2.9146,2.9191,2.9216,2.9186,2.9196,30
2026-03-30 20:00:00,2.9141,2.9141,2.9086,2.9096,2.9191,2.9191,2.9136,2.9146,21
2026-03-30 20:01:00,2.9091,2.9091,2.9071,2.9071,2.9141,2.9141,2.9121,2.9121,11
2026-03-30 20:02:00,2.9076,2.9076,2.9036,2.9036,2.9126,2.9126,2.9086,2.9086,14
2026-03-30 20:03:00,2.9026,2.9036,2.9016,2.9026,2.9076,2.9086,2.9066,2.9076,20
2026-03-30 20:04:00,2.9036,2.9041,2.9026,2.9026,2.9086,2.9091,2.9076,2.9076,8
2026-03-30 20:05:00,2.9021,2.9046,2.9006,2.9026,2.9071,2.9096,2.9056,2.9076,26
2026-03-30 20:06:00,2.9031,2.9056,2.9011,2.9021,2.9081,2.9106,2.9061,2.9071,34
2026-03-30 20:07:00,2.9016,2.9036,2.9016,2.9036,2.9066,2.9086,2.9066,2.9086,13
2026-03-30 20:08:00,2.9031,2.9036,2.9006,2.9036,2.9081,2.9086,2.9056,2.9086,13
2026-03-30 20:09:00,2.9031,2.9041,2.9006,2.9006,2.9081,2.9091,2.9056,2.9056,16
2026-03-30 20:10:00,2.9016,2.9021,2.8981,2.8996,2.9066,2.9071,2.9031,2.9046,14
2026-03-30 20:11:00,2.8991,2.9016,2.8976,2.8996,2.9041,2.9066,2.9026,2.9046,27
2026-03-30 20:12:00,2.9001,2.9036,2.9001,2.9036,2.9051,2.9086,2.9051,2.9086,5
2026-03-30 20:13:00,2.9041,2.9056,2.9036,2.9056,2.9091,2.9106,2.9086,2.9106,11
2026-03-30 20:14:00,2.9051,2.9051,2.9016,2.9026,2.9101,2.9101,2.9066,2.9076,6
2026-03-30 20:15:00,2.9031,2.9091,2.9026,2.9076,2.9081,2.9141,2.9076,2.9126,37
2026-03-30 20:16:00,2.9086,2.9136,2.9081,2.9136,2.9136,2.9186,2.9131,2.9186,22
2026-03-30 20:17:00,2.9126,2.9126,2.9086,2.9086,2.9176,2.9176,2.9136,2.9136,11
2026-03-30 20:18:00,2.9091,2.9096,2.9046,2.9066,2.9141,2.9146,2.9096,2.9116,24
2026-03-30 20:19:00,2.9061,2.9066,2.9016,2.9036,2.9111,2.9116,2.9066,2.9086,15
2026-03-30 20:20:00,2.9041,2.9041,2.9026,2.9031,2.9091,2.9091,2.9076,2.9081,7
2026-03-30 20:21:00,2.9036,2.9071,2.9026,2.9056,2.9086,2.9121,2.9076,2.9106,18
2026-03-30 20:22:00,2.9041,2.9056,2.9036,2.9056,2.9091,2.9106,2.9086,2.9106,12
2026-03-30 20:23:00,2.9061,2.9106,2.9061,2.9096,2.9111,2.9156,2.9111,2.9146,35
2026-03-30 20:24:00,2.9101,2.9116,2.9086,2.9106,2.9151,2.9166,2.9136,2.9156,22
2026-03-30 20:25:00,2.9101,2.9146,2.9101,2.9136,2.9151,2.9196,2.9151,2.9186,21
2026-03-30 20:26:00,2.9146,2.9166,2.9146,2.9156,2.9196,2.9216,2.9196,2.9206,28
2026-03-30 20:27:00,2.9146,2.9156,2.9126,2.9146,2.9196,2.9206,2.9176,2.9196,25
2026-03-30 20:28:00,2.9156,2.9256,2.9141,2.9236,2.9206,2.9306,2.9191,2.9286,115
2026-03-30 20:29:00,2.9241,2.9296,2.9226,2.9286,2.9291,2.9346,2.9276,2.9336,83
2026-03-30 20:30:00,2.9281,2.9316,2.9271,2.9316,2.9331,2.9366,2.9321,2.9366,42
2026-03-30 20:31:00,2.9321,2.9336,2.9276,2.9301,2.9371,2.9386,2.9326,2.9351,49
2026-03-30 20:32:00,2.9316,2.9336,2.9316,2.9326,2.9366,2.9386,2.9366,2.9376,20
2026-03-30 20:33:00,2.9321,2.9326,2.9296,2.9326,2.9371,2.9376,2.9346,2.9376,13
2026-03-30 20:34:00,2.9321,2.9321,2.9276,2.9281,2.9371,2.9371,2.9326,2.9331,19
2026-03-30 20:35:00,2.9286,2.9331,2.9266,2.9301,2.9336,2.9381,2.9316,2.9351,19
2026-03-30 20:36:00,2.9296,2.9296,2.9256,2.9266,2.9346,2.9346,2.9306,2.9316,17
2026-03-30 20:37:00,2.9276,2.9276,2.9256,2.9266,2.9326,2.9326,2.9306,2.9316,10
2026-03-30 20:38:00,2.9261,2.9281,2.9261,2.9276,2.9311,2.9331,2.9311,2.9326,8
2026-03-30 20:39:00,2.9266,2.9291,2.9266,2.9291,2.9316,2.9341,2.9316,2.9341,4
2026-03-30 20:40:00,2.9296,2.9306,2.9296,2.9306,2.9346,2.9356,2.9346,2.9356,2
2026-03-30 20:41:00,2.9296,2.9296,2.9296,2.9296,2.9346,2.9346,2.9346,2.9346,1
2026-03-30 20:42:00,2.9291,2.9296,2.9256,2.9296,2.9341,2.9346,2.9306,2.9346,20
2026-03-30 20:43:00,2.9286,2.9301,2.9286,2.9296,2.9336,2.9351,2.9336,2.9346,10
2026-03-30 20:44:00,2.9291,2.9291,2.9266,2.9276,2.9341,2.9341,2.9316,2.9326,8
2026-03-30 20:45:00,2.9281,2.9286,2.9266,2.9271,2.9331,2.9336,2.9316,2.9321,10
2026-03-30 20:46:00,2.9296,2.9296,2.9266,2.9271,2.9346,2.9346,2.9316,2.9321,15
2026-03-30 20:47:00,2.9276,2.9276,2.9256,2.9266,2.9326,2.9326,2.9306,2.9316,4
2026-03-30 20:48:00,2.9256,2.9286,2.9256,2.9266,2.9306,2.9336,2.9306,2.9316,7
2026-03-30 20:50:00,2.9271,2.9286,2.9271,2.9276,2.9321,2.9336,2.9321,2.9326,6
2026-03-30 20:51:00,2.9271,2.9276,2.9266,2.9266,2.9321,2.9326,2.9316,2.9316,8
2026-03-30 20:52:00,2.9276,2.9281,2.9271,2.9276,2.9326,2.9331,2.9321,2.9326,5
2026-03-30 20:54:00,2.9286,2.9291,2.9276,2.9286,2.9336,2.9341,2.9326,2.9336,6
2026-03-30 20:55:00,2.9291,2.9291,2.9276,2.9276,2.9341,2.9341,2.9326,2.9326,6
2026-03-30 20:56:00,2.9286,2.9286,2.9276,2.9276,2.9336,2.9336,2.9326,2.9326,2
2026-03-30 20:57:00,2.9266,2.9296,2.9266,2.9286,2.9316,2.9346,2.9316,2.9336,11
2026-03-30 20:58:00,2.9296,2.9316,2.9286,2.9316,2.9346,2.9366,2.9336,2.9366,12
2026-03-30 20:59:00,2.9306,2.9316,2.9286,2.9291,2.9356,2.9366,2.9336,2.9341,9
2026-03-30 21:00:00,2.9296,2.9296,2.9276,2.9276,2.9346,2.9346,2.9326,2.9326,4
2026-03-30 21:01:00,2.9271,2.9271,2.9246,2.9256,2.9321,2.9321,2.9296,2.9306,5
2026-03-30 21:02:00,2.9251,2.9256,2.9246,2.9246,2.9301,2.9306,2.9296,2.9296,5
2026-03-30 21:03:00,2.9256,2.9266,2.9256,2.9266,2.9306,2.9316,2.9306,2.9316,4
2026-03-30 21:04:00,2.9261,2.9266,2.9236,2.9241,2.9311,2.9316,2.9286,2.9291,16
2026-03-30 21:05:00,2.9236,2.9236,2.9216,2.9226,2.9286,2.9286,2.9266,2.9276,10
2026-03-30 21:06:00,2.9221,2.9221,2.9221,2.9221,2.9271,2.9271,2.9271,2.9271,1
2026-03-30 21:07:00,2.9206,2.9206,2.9176,2.9191,2.9256,2.9256,2.9226,2.9241,14
2026-03-30 21:08:00,2.9196,2.9196,2.9191,2.9191,2.9246,2.9246,2.9241,2.9241,2
2026-03-30 21:09:00,2.9196,2.9206,2.9176,2.9201,2.9246,2.9256,2.9226,2.9251,14
2026-03-30 21:10:00,2.9196,2.9221,2.9196,2.9216,2.9246,2.9271,2.9246,2.9266,13
2026-03-30 21:11:00,2.9226,2.9256,2.9216,2.9216,2.9276,2.9306,2.9266,2.9266,18
2026-03-30 21:12:00,2.9226,2.9246,2.9226,2.9246,2.9276,2.9296,2.9276,2.9296,14
2026-03-30 21:13:00,2.9241,2.9241,2.9216,2.9216,2.9291,2.9291,2.9266,2.9266,4
2026-03-30 21:14:00,2.9221,2.9221,2.9216,2.9216,2.9271,2.9271,2.9266,2.9266,4
2026-03-30 21:15:00,2.9221,2.9226,2.9206,2.9226,2.9271,2.9276,2.9256,2.9276,14
2026-03-30 21:16:00,2.9221,2.9236,2.9206,2.9236,2.9271,2.9286,2.9256,2.9286,8
2026-03-30 21:18:00,2.9226,2.9236,2.9206,2.9206,2.9276,2.9286,2.9256,2.9256,8
2026-03-30 21:19:00,2.9211,2.9211,2.9206,2.9206,2.9261,2.9261,2.9256,2.9256,2
2026-03-30 21:20:00,2.9211,2.9211,2.9206,2.9206,2.9261,2.9261,2.9256,2.9256,2
2026-03-30 21:21:00,2.9211,2.9211,2.9196,2.9206,2.9261,2.9261,2.9246,2.9256,8
2026-03-30 21:22:00,2.9211,2.9221,2.9211,2.9216,2.9261,2.9271,2.9261,2.9266,4
2026-03-30 21:23:00,2.9211,2.9211,2.9211,2.9211,2.9261,2.9261,2.9261,2.9261,1
2026-03-30 21:24:00,2.9216,2.9216,2.9216,2.9216,2.9266,2.9266,2.9266,2.9266,1
2026-03-30 21:25:00,2.9206,2.9211,2.9196,2.9196,2.9256,2.9261,2.9246,2.9246,7
2026-03-30 21:26:00,2.9191,2.9196,2.9191,2.9196,2.9241,2.9246,2.9241,2.9246,2
2026-03-30 21:27:00,2.9191,2.9196,2.9181,2.9196,2.9241,2.9246,2.9231,2.9246,10
2026-03-30 21:28:00,2.9191,2.9191,2.9171,2.9176,2.9241,2.9241,2.9221,2.9226,9
2026-03-30 21:29:00,2.9171,2.9171,2.9146,2.9156,2.9221,2.9221,2.9196,2.9206,7
2026-03-30 21:30:00,2.9166,2.9176,2.9166,2.9171,2.9216,2.9226,2.9216,2.9221,6
2026-03-30 21:31:00,2.9166,2.9176,2.9166,2.9166,2.9216,2.9226,2.9216,2.9216,3
2026-03-30 21:32:00,2.9176,2.9186,2.9176,2.9186,2.9226,2.9236,2.9226,2.9236,2
2026-03-30 21:33:00,2.9181,2.9186,2.9166,2.9166,2.9231,2.9236,2.9216,2.9216,5
2026-03-30 21:34:00,2.9156,2.9156,2.9146,2.9146,2.9206,2.9206,2.9196,2.9196,2
2026-03-30 21:35:00,2.9156,2.9156,2.9151,2.9156,2.9206,2.9206,2.9201,2.9206,3
2026-03-30 21:36:00,2.9151,2.9166,2.9146,2.9161,2.9201,2.9216,2.9196,2.9211,20
2026-03-30 21:37:00,2.9166,2.9176,2.9161,2.9166,2.9216,2.9226,2.9211,2.9216,5
2026-03-30 21:38:00,2.9156,2.9156,2.9146,2.9156,2.9206,2.9206,2.9196,2.9206,5
2026-03-30 21:39:00,2.9151,2.9156,2.9146,2.9146,2.9201,2.9206,2.9196,2.9196,3
2026-03-30 21:40:00,2.9151,2.9166,2.9151,2.9166,2.9201,2.9216,2.9201,2.9216,3
2026-03-30 21:41:00,2.9171,2.9171,2.9146,2.9156,2.9221,2.9221,2.9196,2.9206,5
2026-03-30 21:42:00,2.9151,2.9156,2.9151,2.9156,2.9201,2.9206,2.9201,2.9206,4
2026-03-30 21:43:00,2.9151,2.9156,2.9151,2.9156,2.9201,2.9206,2.9201,2.9206,4
2026-03-30 21:44:00,2.9146,2.9146,2.9146,2.9146,2.9196,2.9196,2.9196,2.9196,1
2026-03-30 21:45:00,2.9136,2.9156,2.9136,2.9141,2.9186,2.9206,2.9186,2.9191,14
2026-03-30 21:46:00,2.9136,2.9141,2.9096,2.9136,2.9186,2.9191,2.9146,2.9186,13
2026-03-30 21:47:00,2.9141,2.9141,2.9106,2.9106,2.9191,2.9191,2.9156,2.9156,8
2026-03-30 21:48:00,2.9116,2.9136,2.9116,2.9131,2.9166,2.9186,2.9166,2.9181,9
2026-03-30 21:49:00,2.9136,2.9146,2.9126,2.9146,2.9186,2.9196,2.9176,2.9196,7
2026-03-30 21:50:00,2.9141,2.9146,2.9136,2.9146,2.9191,2.9196,2.9186,2.9196,4
2026-03-30 21:52:00,2.9151,2.9176,2.9151,2.9156,2.9201,2.9226,2.9201,2.9206,14
2026-03-30 21:53:00,2.9161,2.9191,2.9161,2.9171,2.9211,2.9241,2.9211,2.9221,12
2026-03-30 21:54:00,2.9176,2.9176,2.9166,2.9176,2.9226,2.9226,2.9216,2.9226,13
2026-03-30 21:55:00,2.9181,2.9186,2.9181,2.9186,2.9231,2.9236,2.9231,2.9236,2
2026-03-30 21:56:00,2.9181,2.9181,2.9166,2.9166,2.9231,2.9231,2.9216,2.9216,2
2026-03-30 21:57:00,2.9161,2.9166,2.9156,2.9156,2.9211,2.9216,2.9206,2.9206,5
2026-03-30 21:58:00,2.9146,2.9146,2.9126,2.9141,2.9196,2.9196,2.9176,2.9191,11
2026-03-30 21:59:00,2.9146,2.9161,2.9146,2.9156,2.9196,2.9211,2.9196,2.9206,7
2026-03-30 22:00:00,2.9161,2.9171,2.9161,2.9171,2.9211,2.9221,2.9211,2.9221,3
2026-03-30 22:01:00,2.9166,2.9171,2.9166,2.9171,2.9216,2.9221,2.9216,2.9221,2
2026-03-30 22:02:00,2.9176,2.9176,2.9171,2.9171,2.9226,2.9226,2.9221,2.9221,2
2026-03-30 22:03:00,2.9176,2.9196,2.9161,2.9191,2.9226,2.9246,2.9211,2.9241,10
2026-03-30 22:04:00,2.9206,2.9206,2.9186,2.9206,2.9256,2.9256,2.9236,2.9256,8
2026-03-30 22:06:00,2.9211,2.9221,2.9206,2.9221,2.9261,2.9271,2.9256,2.9271,4
2026-03-30 22:07:00,2.9216,2.9226,2.9216,2.9226,2.9266,2.9276,2.9266,2.9276,2
2026-03-30 22:08:00,2.9216,2.9226,2.9211,2.9216,2.9266,2.9276,2.9261,2.9266,8
2026-03-30 22:09:00,2.9211,2.9216,2.9196,2.9201,2.9261,2.9266,2.9246,2.9251,8
2026-03-30 22:10:00,2.9206,2.9206,2.9196,2.9201,2.9256,2.9256,2.9246,2.9251,4
2026-03-30 22:11:00,2.9196,2.9206,2.9191,2.9201,2.9246,2.9256,2.9241,2.9251,10
2026-03-30 22:12:00,2.9206,2.9211,2.9201,2.9211,2.9256,2.9261,2.9251,2.9261,4
2026-03-30 22:13:00,2.9206,2.9246,2.9206,2.9236,2.9256,2.9296,2.9256,2.9286,8
2026-03-30 22:14:00,2.9226,2.9236,2.9226,2.9226,2.9276,2.9286,2.9276,2.9276,4
2026-03-30 22:15:00,2.9216,2.9256,2.9216,2.9246,2.9266,2.9306,2.9266,2.9296,11
2026-03-30 22:16:00,2.9241,2.9251,2.9236,2.9251,2.9291,2.9301,2.9286,2.9301,10
2026-03-30 22:17:00,2.9246,2.9246,2.9236,2.9236,2.9296,2.9296,2.9286,2.9286,4
2026-03-30 22:18:00,2.9226,2.9236,2.9226,2.9231,2.9276,2.9286,2.9276,2.9281,3
2026-03-30 22:19:00,2.9236,2.9236,2.9206,2.9211,2.9286,2.9286,2.9256,2.9261,8
2026-03-30 22:20:00,2.9216,2.9216,2.9201,2.9211,2.9266,2.9266,2.9251,2.9261,5
2026-03-30 22:22:00,2.9201,2.9221,2.9201,2.9221,2.9251,2.9271,2.9251,2.9271,4
2026-03-30 22:23:00,2.9226,2.9256,2.9226,2.9246,2.9276,2.9306,2.9276,2.9296,6
2026-03-30 22:24:00,2.9256,2.9266,2.9201,2.9211,2.9306,2.9316,2.9251,2.9261,33
2026-03-30 22:25:00,2.9216,2.9256,2.9211,2.9216,2.9266,2.9306,2.9261,2.9266,19
2026-03-30 22:26:00,2.9221,2.9226,2.9196,2.9206,2.9271,2.9276,2.9246,2.9256,17
2026-03-30 22:27:00,2.9211,2.9211,2.9201,2.9201,2.9261,2.9261,2.9251,2.9251,5
2026-03-30 22:28:00,2.9206,2.9206,2.9196,2.9201,2.9256,2.9256,2.9246,2.9251,6
2026-03-30 22:29:00,2.9196,2.9206,2.9186,2.9196,2.9246,2.9256,2.9236,2.9246,13
2026-03-30 22:30:00,2.9191,2.9201,2.9191,2.9196,2.9241,2.9251,2.9241,2.9246,3
2026-03-30 22:31:00,2.9191,2.9201,2.9191,2.9196,2.9241,2.9251,2.9241,2.9246,3
2026-03-30 22:32:00,2.9191,2.9191,2.9191,2.9191,2.9241,2.9241,2.9241,2.9241,1
2026-03-30 22:33:00,2.9181,2.9186,2.9166,2.9181,2.9231,2.9236,2.9216,2.9231,12
2026-03-30 22:34:00,2.9186,2.9186,2.9166,2.9171,2.9236,2.9236,2.9216,2.9221,6
2026-03-30 22:35:00,2.9176,2.9176,2.9171,2.9171,2.9226,2.9226,2.9221,2.9221,2
2026-03-30 22:36:00,2.9166,2.9176,2.9166,2.9166,2.9216,2.9226,2.9216,2.9216,5
2026-03-30 22:37:00,2.9156,2.9166,2.9156,2.9161,2.9206,2.9216,2.9206,2.9211,3
2026-03-30 22:38:00,2.9156,2.9161,2.9156,2.9161,2.9206,2.9211,2.9206,2.9211,2
2026-03-30 22:39:00,2.9156,2.9156,2.9146,2.9146,2.9206,2.9206,2.9196,2.9196,5
2026-03-30 22:40:00,2.9151,2.9166,2.9146,2.9156,2.9201,2.9216,2.9196,2.9206,7
2026-03-30 22:41:00,2.9151,2.9151,2.9146,2.9146,2.9201,2.9201,2.9196,2.9196,2
2026-03-30 22:42:00,2.9151,2.9156,2.9136,2.9136,2.9201,2.9206,2.9186,2.9186,5
2026-03-30 22:43:00,2.9141,2.9146,2.9136,2.9136,2.9191,2.9196,2.9186,2.9186,8
2026-03-30 22:44:00,2.9141,2.9146,2.9136,2.9136,2.9191,2.9196,2.9186,2.9186,5
2026-03-30 22:45:00,2.9141,2.9156,2.9136,2.9136,2.9191,2.9206,2.9186,2.9186,18
2026-03-30 22:46:00,2.9141,2.9146,2.9136,2.9136,2.9191,2.9196,2.9186,2.9186,8
2026-03-30 22:47:00,2.9126,2.9126,2.9106,2.9116,2.9176,2.9176,2.9156,2.9166,9
2026-03-30 22:48:00,2.9121,2.9156,2.9121,2.9146,2.9171,2.9206,2.9171,2.9196,9
2026-03-30 22:49:00,2.9141,2.9146,2.9141,2.9146,2.9191,2.9196,2.9191,2.9196,2
2026-03-30 22:50:00,2.9151,2.9171,2.9151,2.9171,2.9201,2.9221,2.9201,2.9221,4
2026-03-30 22:51:00,2.9166,2.9166,2.9156,2.9161,2.9216,2.9216,2.9206,2.9211,4
2026-03-30 22:52:00,2.9166,2.9186,2.9156,2.9156,2.9216,2.9236,2.9206,2.9206,7
2026-03-30 22:53:00,2.9161,2.9196,2.9161,2.9196,2.9211,2.9246,2.9211,2.9246,5
2026-03-30 22:55:00,2.9201,2.9201,2.9176,2.9186,2.9251,2.9251,2.9226,2.9236,6
2026-03-30 22:56:00,2.9176,2.9176,2.9176,2.9176,2.9226,2.9226,2.9226,2.9226,1
2026-03-30 22:57:00,2.9181,2.9186,2.9176,2.9176,2.9231,2.9236,2.9226,2.9226,3
2026-03-30 22:58:00,2.9186,2.9201,2.9176,2.9196,2.9236,2.9251,2.9226,2.9246,10
2026-03-30 22:59:00,2.9201,2.9308,2.9196,2.9308,2.9251,2.9358,2.9246,2.9358,30
2026-03-31 00:00:00,2.9313,2.9313,2.9288,2.9308,2.9363,2.9363,2.9338,2.9358,7
2026-03-31 00:01:00,2.9313,2.9333,2.9308,2.9308,2.9363,2.9383,2.9358,2.9358,6
2026-03-31 00:02:00,2.9353,2.9378,2.9293,2.9293,2.9403,2.9428,2.9343,2.9343,11
2026-03-31 00:03:00,2.9298,2.9303,2.9293,2.9303,2.9348,2.9353,2.9343,2.9353,3
2026-03-31 00:04:00,2.9298,2.9298,2.9273,2.9298,2.9348,2.9348,2.9323,2.9348,5
2026-03-31 00:05:00,2.9288,2.9303,2.9288,2.9298,2.9338,2.9353,2.9338,2.9348,10
2026-03-31 00:06:00,2.9303,2.9308,2.9293,2.9293,2.9353,2.9358,2.9343,2.9343,10
2026-03-31 00:07:00,2.9298,2.9298,2.9298,2.9298,2.9348,2.9348,2.9348,2.9348,1
2026-03-31 00:08:00,2.9293,2.9293,2.9278,2.9278,2.9343,2.9343,2.9328,2.9328,6
2026-03-31 00:09:00,2.9293,2.9293,2.9263,2.9273,2.9343,2.9343,2.9313,2.9323,6
2026-03-31 00:10:00,2.9283,2.9288,2.9273,2.9283,2.9333,2.9338,2.9323,2.9333,7
2026-03-31 00:11:00,2.9288,2.9293,2.9288,2.9293,2.9338,2.9343,2.9338,2.9343,2
2026-03-31 00:12:00,2.9273,2.9273,2.9258,2.9263,2.9323,2.9323,2.9308,2.9313,4
2026-03-31 00:13:00,2.9258,2.9268,2.9258,2.9263,2.9308,2.9318,2.9308,2.9313,6
2026-03-31 00:14:00,2.9273,2.9308,2.9273,2.9308,2.9323,2.9358,2.9323,2.9358,4
2026-03-31 00:15:00,2.9303,2.9303,2.9293,2.9293,2.9353,2.9353,2.9343,2.9343,3
2026-03-31 00:16:00,2.9303,2.9318,2.9303,2.9318,2.9353,2.9368,2.9353,2.9368,4
2026-03-31 00:17:00,2.9328,2.9328,2.9313,2.9313,2.9378,2.9378,2.9363,2.9363,2
2026-03-31 00:18:00,2.9303,2.9318,2.9303,2.9318,2.9353,2.9368,2.9353,2.9368,2
2026-03-31 00:19:00,2.9313,2.9313,2.9313,2.9313,2.9363,2.9363,2.9363,2.9363,1
2026-03-31 00:21:00,2.9328,2.9328,2.9323,2.9323,2.9378,2.9378,2.9373,2.9373,2
2026-03-31 00:22:00,2.9303,2.9313,2.9303,2.9308,2.9353,2.9363,2.9353,2.9358,4
2026-03-31 00:23:00,2.9303,2.9303,2.9303,2.9303,2.9353,2.9353,2.9353,2.9353,1
2026-03-31 00:25:00,2.9288,2.9288,2.9288,2.9288,2.9338,2.9338,2.9338,2.9338,1
2026-03-31 00:27:00,2.9293,2.9298,2.9293,2.9298,2.9343,2.9348,2.9343,2.9348,2
2026-03-31 00:28:00,2.9303,2.9303,2.9303,2.9303,2.9353,2.9353,2.9353,2.9353,1
2026-03-31 00:30:00,2.9308,2.9328,2.9308,2.9323,2.9358,2.9378,2.9358,2.9373,4
2026-03-31 00:31:00,2.9318,2.9323,2.9318,2.9323,2.9368,2.9373,2.9368,2.9373,2
2026-03-31 00:32:00,2.9328,2.9328,2.9328,2.9328,2.9378,2.9378,2.9378,2.9378,1
2026-03-31 00:34:00,2.9323,2.9328,2.9323,2.9328,2.9373,2.9378,2.9373,2.9378,2
2026-03-31 00:35:00,2.9323,2.9323,2.9323,2.9323,2.9373,2.9373,2.9373,2.9373,1
2026-03-31 00:41:00,2.9333,2.9333,2.9333,2.9333,2.9383,2.9383,2.9383,2.9383,1
2026-03-31 00:42:00,2.9343,2.9343,2.9338,2.9338,2.9393,2.9393,2.9388,2.9388,2
2026-03-31 00:43:00,2.9328,2.9343,2.9328,2.9343,2.9378,2.9393,2.9378,2.9393,6
2026-03-31 00:47:00,2.9333,2.9333,2.9333,2.9333,2.9383,2.9383,2.9383,2.9383,1
2026-03-31 00:50:00,2.9328,2.9328,2.9323,2.9323,2.9378,2.9378,2.9373,2.9373,2
2026-03-31 00:51:00,2.9333,2.9343,2.9333,2.9343,2.9383,2.9393,2.9383,2.9393,2
2026-03-31 00:52:00,2.9338,2.9338,2.9328,2.9333,2.9388,2.9388,2.9378,2.9383,4
2026-03-31 00:54:00,2.9328,2.9328,2.9328,2.9328,2.9378,2.9378,2.9378,2.9378,1
2026-03-31 00:56:00,2.9323,2.9328,2.9323,2.9328,2.9373,2.9378,2.9373,2.9378,2
2026-03-31 00:58:00,2.9323,2.9328,2.9313,2.9328,2.9373,2.9378,2.9363,2.9378,3
2026-03-31 00:59:00,2.9338,2.9363,2.9338,2.9348,2.9388,2.9413,2.9388,2.9398,7
2026-03-31 01:00:00,2.9358,2.9368,2.9353,2.9358,2.9408,2.9418,2.9403,2.9408,12
2026-03-31 01:01:00,2.9343,2.9353,2.9333,2.9348,2.9393,2.9403,2.9383,2.9398,6
2026-03-31 01:02:00,2.9353,2.9358,2.9348,2.9353,2.9403,2.9408,2.9398,2.9403,5
2026-03-31 01:03:00,2.9358,2.9358,2.9358,2.9358,2.9408,2.9408,2.9408,2.9408,1
2026-03-31 01:04:00,2.9363,2.9393,2.9358,2.9383,2.9413,2.9443,2.9408,2.9433,10
2026-03-31 01:05:00,2.9388,2.9413,2.9388,2.9408,2.9438,2.9463,2.9438,2.9458,17
2026-03-31 01:06:00,2.9413,2.9433,2.9393,2.9403,2.9463,2.9483,2.9443,2.9453,13
2026-03-31 01:07:00,2.9408,2.9418,2.9403,2.9418,2.9458,2.9468,2.9453,2.9468,4
2026-03-31 01:08:00,2.9413,2.9413,2.9398,2.9398,2.9463,2.9463,2.9448,2.9448,2
2026-03-31 01:09:00,2.9393,2.9393,2.9378,2.9378,2.9443,2.9443,2.9428,2.9428,3
2026-03-31 01:10:00,2.9388,2.9388,2.9373,2.9373,2.9438,2.9438,2.9423,2.9423,4
2026-03-31 01:11:00,2.9378,2.9378,2.9353,2.9353,2.9428,2.9428,2.9403,2.9403,7
2026-03-31 01:12:00,2.9358,2.9378,2.9358,2.9373,2.9408,2.9428,2.9408,2.9423,5
2026-03-31 01:13:00,2.9403,2.9403,2.9393,2.9393,2.9453,2.9453,2.9443,2.9443,2
2026-03-31 01:14:00,2.9403,2.9403,2.9368,2.9368,2.9453,2.9453,2.9418,2.9418,5
2026-03-31 01:15:00,2.9373,2.9373,2.9373,2.9373,2.9423,2.9423,2.9423,2.9423,1
2026-03-31 01:16:00,2.9378,2.9388,2.9378,2.9383,2.9428,2.9438,2.9428,2.9433,3
2026-03-31 01:17:00,2.9368,2.9373,2.9368,2.9373,2.9418,2.9423,2.9418,2.9423,2
2026-03-31 01:20:00,2.9363,2.9363,2.9348,2.9348,2.9413,2.9413,2.9398,2.9398,3
2026-03-31 01:21:00,2.9343,2.9368,2.9343,2.9363,2.9393,2.9418,2.9393,2.9413,4
2026-03-31 01:22:00,2.9353,2.9353,2.9353,2.9353,2.9403,2.9403,2.9403,2.9403,1
2026-03-31 01:23:00,2.9348,2.9348,2.9348,2.9348,2.9398,2.9398,2.9398,2.9398,1
2026-03-31 01:24:00,2.9353,2.9353,2.9353,2.9353,2.9403,2.9403,2.9403,2.9403,1
2026-03-31 01:27:00,2.9343,2.9343,2.9343,2.9343,2.9393,2.9393,2.9393,2.9393,1
2026-03-31 01:28:00,2.9338,2.9343,2.9323,2.9343,2.9388,2.9393,2.9373,2.9393,6
2026-03-31 01:31:00,2.9348,2.9348,2.9343,2.9343,2.9398,2.9398,2.9393,2.9393,2
2026-03-31 01:32:00,2.9348,2.9348,2.9348,2.9348,2.9398,2.9398,2.9398,2.9398,1
2026-03-31 01:33:00,2.9343,2.9353,2.9343,2.9353,2.9393,2.9403,2.9393,2.9403,3
2026-03-31 01:34:00,2.9363,2.9363,2.9348,2.9348,2.9413,2.9413,2.9398,2.9398,2
2026-03-31 01:35:00,2.9353,2.9353,2.9353,2.9353,2.9403,2.9403,2.9403,2.9403,1
2026-03-31 01:36:00,2.9348,2.9353,2.9348,2.9353,2.9398,2.9403,2.9398,2.9403,2
2026-03-31 01:37:00,2.9363,2.9393,2.9363,2.9378,2.9413,2.9443,2.9413,2.9428,4
2026-03-31 01:38:00,2.9383,2.9388,2.9383,2.9383,2.9433,2.9438,2.9433,2.9433,3
2026-03-31 01:40:00,2.9388,2.9388,2.9383,2.9383,2.9438,2.9438,2.9433,2.9433,2
2026-03-31 01:44:00,2.9388,2.9398,2.9388,2.9398,2.9438,2.9448,2.9438,2.9448,4
2026-03-31 01:45:00,2.9403,2.9403,2.9403,2.9403,2.9453,2.9453,2.9453,2.9453,1
2026-03-31 01:47:00,2.9413,2.9413,2.9398,2.9398,2.9463,2.9463,2.9448,2.9448,4
2026-03-31 01:48:00,2.9393,2.9393,2.9393,2.9393,2.9443,2.9443,2.9443,2.9443,1
2026-03-31 01:49:00,2.9398,2.9398,2.9383,2.9383,2.9448,2.9448,2.9433,2.9433,2
2026-03-31 01:50:00,2.9393,2.9393,2.9378,2.9393,2.9443,2.9443,2.9428,2.9443,4
2026-03-31 01:51:00,2.9403,2.9403,2.9363,2.9373,2.9453,2.9453,2.9413,2.9423,10
2026-03-31 01:52:00,2.9368,2.9368,2.9368,2.9368,2.9418,2.9418,2.9418,2.9418,1
2026-03-31 01:53:00,2.9373,2.9373,2.9358,2.9368,2.9423,2.9423,2.9408,2.9418,6
2026-03-31 01:54:00,2.9363,2.9363,2.9363,2.9363,2.9413,2.9413,2.9413,2.9413,1
2026-03-31 01:55:00,2.9358,2.9363,2.9358,2.9358,2.9408,2.9413,2.9408,2.9408,3
2026-03-31 01:57:00,2.9363,2.9368,2.9363,2.9368,2.9413,2.9418,2.9413,2.9418,2
2026-03-31 01:58:00,2.9373,2.9373,2.9348,2.9348,2.9423,2.9423,2.9398,2.9398,5
2026-03-31 01:59:00,2.9343,2.9358,2.9343,2.9353,2.9393,2.9408,2.9393,2.9403,7
2026-03-31 02:00:00,2.9358,2.9358,2.9328,2.9348,2.9408,2.9408,2.9378,2.9398,11
2026-03-31 02:01:00,2.9343,2.9358,2.9338,2.9343,2.9393,2.9408,2.9388,2.9393,9
2026-03-31 02:02:00,2.9348,2.9348,2.9313,2.9318,2.9398,2.9398,2.9363,2.9368,14
2026-03-31 02:04:00,2.9328,2.9333,2.9318,2.9333,2.9378,2.9383,2.9368,2.9383,6
2026-03-31 02:05:00,2.9328,2.9333,2.9328,2.9333,2.9378,2.9383,2.9378,2.9383,2
2026-03-31 02:07:00,2.9338,2.9363,2.9338,2.9363,2.9388,2.9413,2.9388,2.9413,3
2026-03-31 02:08:00,2.9358,2.9358,2.9343,2.9348,2.9408,2.9408,2.9393,2.9398,5
2026-03-31 02:09:00,2.9343,2.9348,2.9328,2.9328,2.9393,2.9398,2.9378,2.9378,6
2026-03-31 02:10:00,2.9333,2.9358,2.9333,2.9358,2.9383,2.9408,2.9383,2.9408,8
2026-03-31 02:11:00,2.9363,2.9363,2.9343,2.9343,2.9413,2.9413,2.9393,2.9393,5
2026-03-31 02:12:00,2.9333,2.9338,2.9333,2.9338,2.9383,2.9388,2.9383,2.9388,2
2026-03-31 02:13:00,2.9343,2.9343,2.9343,2.9343,2.9393,2.9393,2.9393,2.9393,1
2026-03-31 02:14:00,2.9348,2.9348,2.9333,2.9348,2.9398,2.9398,2.9383,2.9398,6
2026-03-31 02:15:00,2.9343,2.9343,2.9343,2.9343,2.9393,2.9393,2.9393,2.9393,1
2026-03-31 02:16:00,2.9348,2.9373,2.9348,2.9373,2.9398,2.9423,2.9398,2.9423,7
2026-03-31 02:17:00,2.9368,2.9368,2.9368,2.9368,2.9418,2.9418,2.9418,2.9418,1
2026-03-31 02:18:00,2.9363,2.9363,2.9348,2.9363,2.9413,2.9413,2.9398,2.9413,4
2026-03-31 02:20:00,2.9358,2.9358,2.9348,2.9348,2.9408,2.9408,2.9398,2.9398,3
2026-03-31 02:21:00,2.9343,2.9348,2.9338,2.9343,2.9393,2.9398,2.9388,2.9393,4
2026-03-31 02:23:00,2.9348,2.9358,2.9348,2.9358,2.9398,2.9408,2.9398,2.9408,3
2026-03-31 02:24:00,2.9368,2.9368,2.9363,2.9368,2.9418,2.9418,2.9413,2.9418,3
2026-03-31 02:25:00,2.9373,2.9373,2.9358,2.9368,2.9423,2.9423,2.9408,2.9418,6
2026-03-31 02:26:00,2.9373,2.9378,2.9363,2.9368,2.9423,2.9428,2.9413,2.9418,5
2026-03-31 02:27:00,2.9373,2.9373,2.9373,2.9373,2.9423,2.9423,2.9423,2.9423,1
2026-03-31 02:28:00,2.9378,2.9378,2.9378,2.9378,2.9428,2.9428,2.9428,2.9428,1
2026-03-31 02:29:00,2.9383,2.9383,2.9358,2.9358,2.9433,2.9433,2.9408,2.9408,11
2026-03-31 02:30:00,2.9368,2.9368,2.9368,2.9368,2.9418,2.9418,2.9418,2.9418,1
2026-03-31 02:31:00,2.9363,2.9363,2.9363,2.9363,2.9413,2.9413,2.9413,2.9413,1
2026-03-31 02:32:00,2.9358,2.9363,2.9358,2.9363,2.9408,2.9413,2.9408,2.9413,2
2026-03-31 02:33:00,2.9373,2.9373,2.9368,2.9368,2.9423,2.9423,2.9418,2.9418,2
2026-03-31 02:34:00,2.9373,2.9373,2.9348,2.9348,2.9423,2.9423,2.9398,2.9398,3
2026-03-31 02:35:00,2.9363,2.9363,2.9363,2.9363,2.9413,2.9413,2.9413,2.9413,1
2026-03-31 02:36:00,2.9353,2.9353,2.9353,2.9353,2.9403,2.9403,2.9403,2.9403,1
2026-03-31 02:37:00,2.9358,2.9358,2.9358,2.9358,2.9408,2.9408,2.9408,2.9408,1
2026-03-31 02:38:00,2.9353,2.9353,2.9328,2.9338,2.9403,2.9403,2.9378,2.9388,13
2026-03-31 02:39:00,2.9343,2.9343,2.9323,2.9333,2.9393,2.9393,2.9373,2.9383,6
2026-03-31 02:40:00,2.9338,2.9338,2.9333,2.9333,2.9388,2.9388,2.9383,2.9383,4
2026-03-31 02:41:00,2.9338,2.9338,2.9338,2.9338,2.9388,2.9388,2.9388,2.9388,1
2026-03-31 02:42:00,2.9328,2.9328,2.9328,2.9328,2.9378,2.9378,2.9378,2.9378,1
2026-03-31 02:44:00,2.9323,2.9323,2.9313,2.9323,2.9373,2.9373,2.9363,2.9373,5
2026-03-31 02:45:00,2.9308,2.9308,2.9188,2.9198,2.9358,2.9358,2.9238,2.9248,20
2026-03-31 02:46:00,2.9203,2.9203,2.9163,2.9168,2.9253,2.9253,2.9213,2.9218,20
2026-03-31 02:47:00,2.9178,2.9198,2.9178,2.9188,2.9228,2.9248,2.9228,2.9238,10
2026-03-31 02:48:00,2.9193,2.9223,2.9193,2.9198,2.9243,2.9273,2.9243,2.9248,12
2026-03-31 02:49:00,2.9203,2.9213,2.9203,2.9208,2.9253,2.9263,2.9253,2.9258,3
2026-03-31 02:50:00,2.9213,2.9213,2.9208,2.9213,2.9263,2.9263,2.9258,2.9263,3
2026-03-31 02:51:00,2.9208,2.9253,2.9208,2.9248,2.9258,2.9303,2.9258,2.9298,6
2026-03-31 02:52:00,2.9253,2.9253,2.9238,2.9243,2.9303,2.9303,2.9288,2.9293,4
2026-03-31 02:53:00,2.9248,2.9248,2.9218,2.9218,2.9298,2.9298,2.9268,2.9268,10
2026-03-31 02:54:00,2.9223,2.9228,2.9213,2.9218,2.9273,2.9278,2.9263,2.9268,7
2026-03-31 02:55:00,2.9213,2.9213,2.9183,2.9183,2.9263,2.9263,2.9233,2.9233,7
2026-03-31 02:56:00,2.9188,2.9188,2.9153,2.9168,2.9238,2.9238,2.9203,2.9218,13
2026-03-31 02:57:00,2.9153,2.9163,2.9148,2.9153,2.9203,2.9213,2.9198,2.9203,11
2026-03-31 02:58:00,2.9148,2.9168,2.9148,2.9158,2.9198,2.9218,2.9198,2.9208,13
2026-03-31 02:59:00,2.9148,2.9148,2.9113,2.9118,2.9198,2.9198,2.9163,2.9168,17
2026-03-31 03:00:00,2.9113,2.9158,2.9103,2.9158,2.9163,2.9208,2.9153,2.9208,18
2026-03-31 03:01:00,2.9153,2.9173,2.9143,2.9143,2.9203,2.9223,2.9193,2.9193,11
2026-03-31 03:02:00,2.9148,2.9158,2.9148,2.9158,2.9198,2.9208,2.9198,2.9208,7
2026-03-31 03:03:00,2.9163,2.9178,2.9163,2.9178,2.9213,2.9228,2.9213,2.9228,5
2026-03-31 03:04:00,2.9183,2.9193,2.9183,2.9188,2.9233,2.9243,2.9233,2.9238,3
2026-03-31 03:05:00,2.9193,2.9203,2.9188,2.9188,2.9243,2.9253,2.9238,2.9238,9
2026-03-31 03:06:00,2.9183,2.9193,2.9163,2.9163,2.9233,2.9243,2.9213,2.9213,9
2026-03-31 03:07:00,2.9158,2.9203,2.9158,2.9193,2.9208,2.9253,2.9208,2.9243,14
2026-03-31 03:08:00,2.9188,2.9188,2.9163,2.9188,2.9238,2.9238,2.9213,2.9238,9
2026-03-31 03:09:00,2.9193,2.9193,2.9183,2.9183,2.9243,2.9243,2.9233,2.9233,6
2026-03-31 03:10:00,2.9178,2.9203,2.9178,2.9198,2.9228,2.9253,2.9228,2.9248,13
2026-03-31 03:11:00,2.9193,2.9193,2.9158,2.9163,2.9243,2.9243,2.9208,2.9213,6
2026-03-31 03:12:00,2.9168,2.9168,2.9153,2.9163,2.9218,2.9218,2.9203,2.9213,9
2026-03-31 03:13:00,2.9158,2.9163,2.9128,2.9133,2.9208,2.9213,2.9178,2.9183,16
2026-03-31 03:14:00,2.9128,2.9128,2.9088,2.9088,2.9178,2.9178,2.9138,2.9138,10
2026-03-31 03:15:00,2.9093,2.9098,2.9048,2.9088,2.9143,2.9148,2.9098,2.9138,21
2026-03-31 03:16:00,2.9093,2.9098,2.9073,2.9098,2.9143,2.9148,2.9123,2.9148,16
2026-03-31 03:17:00,2.9103,2.9138,2.9103,2.9138,2.9153,2.9188,2.9153,2.9188,5
2026-03-31 03:18:00,2.9128,2.9133,2.9128,2.9128,2.9178,2.9183,2.9178,2.9178,3
2026-03-31 03:19:00,2.9133,2.9138,2.9078,2.9078,2.9183,2.9188,2.9128,2.9128,13
2026-03-31 03:20:00,2.9083,2.9098,2.9073,2.9098,2.9133,2.9148,2.9123,2.9148,14
2026-03-31 03:21:00,2.9093,2.9113,2.9088,2.9113,2.9143,2.9163,2.9138,2.9163,9
2026-03-31 03:22:00,2.9108,2.9113,2.9088,2.9088,2.9158,2.9163,2.9138,2.9138,9
2026-03-31 03:23:00,2.9098,2.9133,2.9093,2.9108,2.9148,2.9183,2.9143,2.9158,19
2026-03-31 03:24:00,2.9098,2.9113,2.9073,2.9093,2.9148,2.9163,2.9123,2.9143,20
2026-03-31 03:25:00,2.9098,2.9113,2.9098,2.9098,2.9148,2.9163,2.9148,2.9148,9
2026-03-31 03:26:00,2.9103,2.9103,2.9063,2.9063,2.9153,2.9153,2.9113,2.9113,10
2026-03-31 03:27:00,2.9068,2.9068,2.9058,2.9063,2.9118,2.9118,2.9108,2.9113,8
2026-03-31 03:28:00,2.9068,2.9068,2.9058,2.9063,2.9118,2.9118,2.9108,2.9113,6
2026-03-31 03:29:00,2.9058,2.9058,2.8993,2.9003,2.9108,2.9108,2.9043,2.9053,25
2026-03-31 03:30:00,2.9008,2.9013,2.8993,2.8998,2.9058,2.9063,2.9043,2.9048,11
2026-03-31 03:31:00,2.9003,2.9003,2.8803,2.8838,2.9053,2.9053,2.8853,2.8888,60
2026-03-31 03:32:00,2.8843,2.8848,2.8703,2.8728,2.8893,2.8898,2.8753,2.8778,72
2026-03-31 03:33:00,2.8718,2.8753,2.8558,2.8643,2.8768,2.8803,2.8608,2.8693,52
2026-03-31 03:34:00,2.8633,2.8658,2.8608,2.8613,2.8683,2.8708,2.8658,2.8663,18
2026-03-31 03:35:00,2.8608,2.8608,2.8493,2.8493,2.8658,2.8658,2.8543,2.8543,52
2026-03-31 03:36:00,2.8483,2.8528,2.8458,2.8513,2.8533,2.8578,2.8508,2.8563,30
2026-03-31 03:37:00,2.8508,2.8593,2.8508,2.8593,2.8558,2.8643,2.8558,2.8643,30
2026-03-31 03:38:00,2.8588,2.8623,2.8588,2.8618,2.8638,2.8673,2.8638,2.8668,29
2026-03-31 03:39:00,2.8613,2.8643,2.8593,2.8593,2.8663,2.8693,2.8643,2.8643,17
2026-03-31 03:40:00,2.8588,2.8628,2.8573,2.8608,2.8638,2.8678,2.8623,2.8658,21
2026-03-31 03:41:00,2.8598,2.8648,2.8578,2.8638,2.8648,2.8698,2.8628,2.8688,28
2026-03-31 03:42:00,2.8648,2.8708,2.8643,2.8693,2.8698,2.8758,2.8693,2.8743,23
2026-03-31 03:43:00,2.8698,2.8738,2.8698,2.8718,2.8748,2.8788,2.8748,2.8768,13
2026-03-31 03:44:00,2.8723,2.8723,2.8703,2.8713,2.8773,2.8773,2.8753,2.8763,13
2026-03-31 03:45:00,2.8708,2.8763,2.8708,2.8718,2.8758,2.8813,2.8758,2.8768,13
2026-03-31 03:46:00,2.8723,2.8763,2.8718,2.8753,2.8773,2.8813,2.8768,2.8803,20
2026-03-31 03:47:00,2.8758,2.8793,2.8758,2.8778,2.8808,2.8843,2.8808,2.8828,16
2026-03-31 03:48:00,2.8783,2.8783,2.8733,2.8763,2.8833,2.8833,2.8783,2.8813,17
2026-03-31 03:49:00,2.8758,2.8768,2.8748,2.8768,2.8808,2.8818,2.8798,2.8818,8
2026-03-31 03:50:00,2.8763,2.8763,2.8713,2.8748,2.8813,2.8813,2.8763,2.8798,19
2026-03-31 03:51:00,2.8738,2.8738,2.8708,2.8728,2.8788,2.8788,2.8758,2.8778,10
2026-03-31 03:52:00,2.8723,2.8748,2.8723,2.8723,2.8773,2.8798,2.8773,2.8773,9
2026-03-31 03:53:00,2.8718,2.8728,2.8708,2.8713,2.8768,2.8778,2.8758,2.8763,10
2026-03-31 03:54:00,2.8703,2.8733,2.8698,2.8728,2.8753,2.8783,2.8748,2.8778,7
2026-03-31 03:55:00,2.8733,2.8733,2.8713,2.8728,2.8783,2.8783,2.8763,2.8778,7
2026-03-31 03:56:00,2.8733,2.8738,2.8728,2.8733,2.8783,2.8788,2.8778,2.8783,4
2026-03-31 03:57:00,2.8738,2.8778,2.8733,2.8763,2.8788,2.8828,2.8783,2.8813,13
2026-03-31 03:58:00,2.8758,2.8758,2.8743,2.8743,2.8808,2.8808,2.8793,2.8793,4
2026-03-31 03:59:00,2.8753,2.8753,2.8738,2.8738,2.8803,2.8803,2.8788,2.8788,3
2026-03-31 04:00:00,2.8743,2.8773,2.8743,2.8763,2.8793,2.8823,2.8793,2.8813,7
2026-03-31 04:01:00,2.8758,2.8763,2.8748,2.8753,2.8808,2.8813,2.8798,2.8803,6
2026-03-31 04:02:00,2.8758,2.8768,2.8758,2.8758,2.8808,2.8818,2.8808,2.8808,4
2026-03-31 04:05:00,2.8743,2.8753,2.8743,2.8748,2.8793,2.8803,2.8793,2.8798,3
2026-03-31 04:06:00,2.8753,2.8753,2.8738,2.8738,2.8803,2.8803,2.8788,2.8788,5
2026-03-31 04:07:00,2.8743,2.8768,2.8733,2.8768,2.8793,2.8818,2.8783,2.8818,7
2026-03-31 04:08:00,2.8773,2.8778,2.8773,2.8778,2.8823,2.8828,2.8823,2.8828,2
2026-03-31 04:09:00,2.8783,2.8788,2.8778,2.8778,2.8833,2.8838,2.8828,2.8828,3
2026-03-31 04:10:00,2.8788,2.8788,2.8778,2.8783,2.8838,2.8838,2.8828,2.8833,3
2026-03-31 04:11:00,2.8788,2.8803,2.8788,2.8803,2.8838,2.8853,2.8838,2.8853,6
2026-03-31 04:12:00,2.8808,2.8833,2.8808,2.8833,2.8858,2.8883,2.8858,2.8883,6
2026-03-31 04:13:00,2.8828,2.8843,2.8828,2.8828,2.8878,2.8893,2.8878,2.8878,8
2026-03-31 04:14:00,2.8818,2.8833,2.8818,2.8828,2.8868,2.8883,2.8868,2.8878,8
2026-03-31 04:15:00,2.8833,2.8833,2.8828,2.8828,2.8883,2.8883,2.8878,2.8878,2
2026-03-31 04:16:00,2.8818,2.8833,2.8818,2.8833,2.8868,2.8883,2.8868,2.8883,3
2026-03-31 04:17:00,2.8828,2.8833,2.8823,2.8833,2.8878,2.8883,2.8873,2.8883,6
2026-03-31 04:18:00,2.8828,2.8828,2.8813,2.8818,2.8878,2.8878,2.8863,2.8868,5
2026-03-31 04:19:00,2.8828,2.8863,2.8828,2.8863,2.8878,2.8913,2.8878,2.8913,7
2026-03-31 04:20:00,2.8868,2.8873,2.8853,2.8868,2.8918,2.8923,2.8903,2.8918,7
2026-03-31 04:21:00,2.8873,2.8873,2.8863,2.8863,2.8923,2.8923,2.8913,2.8913,2
2026-03-31 04:22:00,2.8868,2.8898,2.8868,2.8883,2.8918,2.8948,2.8918,2.8933,7
2026-03-31 04:23:00,2.8888,2.8893,2.8873,2.8893,2.8938,2.8943,2.8923,2.8943,7
2026-03-31 04:24:00,2.8888,2.8903,2.8888,2.8903,2.8938,2.8953,2.8938,2.8953,4
2026-03-31 04:25:00,2.8898,2.8903,2.8878,2.8898,2.8948,2.8953,2.8928,2.8948,8
2026-03-31 04:26:00,2.8893,2.8898,2.8893,2.8898,2.8943,2.8948,2.8943,2.8948,2
2026-03-31 04:27:00,2.8903,2.8913,2.8898,2.8898,2.8953,2.8963,2.8948,2.8948,4
2026-03-31 04:28:00,2.8903,2.8918,2.8888,2.8898,2.8953,2.8968,2.8938,2.8948,12
2026-03-31 04:29:00,2.8908,2.8928,2.8908,2.8928,2.8958,2.8978,2.8958,2.8978,10
2026-03-31 04:30:00,2.8918,2.8923,2.8893,2.8923,2.8968,2.8973,2.8943,2.8973,9
2026-03-31 04:31:00,2.8933,2.8933,2.8903,2.8923,2.8983,2.8983,2.8953,2.8973,8
2026-03-31 04:32:00,2.8918,2.8923,2.8918,2.8923,2.8968,2.8973,2.8968,2.8973,8
2026-03-31 04:33:00,2.8918,2.8928,2.8913,2.8928,2.8968,2.8978,2.8963,2.8978,5
2026-03-31 04:34:00,2.8923,2.8928,2.8923,2.8923,2.8973,2.8978,2.8973,2.8973,3
2026-03-31 04:35:00,2.8918,2.8928,2.8918,2.8923,2.8968,2.8978,2.8968,2.8973,6
2026-03-31 04:36:00,2.8928,2.8933,2.8928,2.8933,2.8978,2.8983,2.8978,2.8983,2
2026-03-31 04:37:00,2.8918,2.8933,2.8903,2.8903,2.8968,2.8983,2.8953,2.8953,7
2026-03-31 04:38:00,2.8893,2.8898,2.8888,2.8893,2.8943,2.8948,2.8938,2.8943,4
2026-03-31 04:39:00,2.8898,2.8908,2.8888,2.8888,2.8948,2.8958,2.8938,2.8938,8
2026-03-31 04:40:00,2.8883,2.8888,2.8883,2.8883,2.8933,2.8938,2.8933,2.8933,3
2026-03-31 04:41:00,2.8888,2.8918,2.8888,2.8918,2.8938,2.8968,2.8938,2.8968,5
2026-03-31 04:42:00,2.8913,2.8913,2.8908,2.8913,2.8963,2.8963,2.8958,2.8963,3
2026-03-31 04:43:00,2.8908,2.8923,2.8908,2.8913,2.8958,2.8973,2.8958,2.8963,5
2026-03-31 04:44:00,2.8903,2.8903,2.8903,2.8903,2.8953,2.8953,2.8953,2.8953,1
2026-03-31 04:46:00,2.8908,2.8918,2.8908,2.8918,2.8958,2.8968,2.8958,2.8968,3
2026-03-31 04:47:00,2.8908,2.8918,2.8908,2.8908,2.8958,2.8968,2.8958,2.8958,8
2026-03-31 04:48:00,2.8903,2.8903,2.8898,2.8903,2.8953,2.8953,2.8948,2.8953,3
2026-03-31 04:49:00,2.8893,2.8893,2.8888,2.8888,2.8943,2.8943,2.8938,2.8938,2
2026-03-31 04:50:00,2.8893,2.8898,2.8888,2.8898,2.8943,2.8948,2.8938,2.8948,4
2026-03-31 04:51:00,2.8893,2.8893,2.8853,2.8863,2.8943,2.8943,2.8903,2.8913,8
2026-03-31 04:52:00,2.8858,2.8863,2.8853,2.8863,2.8908,2.8913,2.8903,2.8913,4
2026-03-31 04:53:00,2.8858,2.8863,2.8853,2.8858,2.8908,2.8913,2.8903,2.8908,5
2026-03-31 04:54:00,2.8863,2.8873,2.8848,2.8858,2.8913,2.8923,2.8898,2.8908,8
2026-03-31 04:55:00,2.8863,2.8883,2.8863,2.8883,2.8913,2.8933,2.8913,2.8933,4
2026-03-31 04:56:00,2.8878,2.8878,2.8873,2.8873,2.8928,2.8928,2.8923,2.8923,2
2026-03-31 04:57:00,2.8878,2.8878,2.8878,2.8878,2.8928,2.8928,2.8928,2.8928,1
2026-03-31 04:58:00,2.8883,2.8888,2.8878,2.8888,2.8933,2.8938,2.8928,2.8938,5
2026-03-31 04:59:00,2.8883,2.8883,2.8873,2.8878,2.8933,2.8933,2.8923,2.8928,3
2026-03-31 05:00:00,2.8883,2.8888,2.8883,2.8888,2.8933,2.8938,2.8933,2.8938,2
2026-03-31 05:01:00,2.8883,2.8883,2.8873,2.8883,2.8933,2.8933,2.8923,2.8933,3
2026-03-31 05:02:00,2.8878,2.8878,2.8878,2.8878,2.8928,2.8928,2.8928,2.8928,1
2026-03-31 05:03:00,2.8873,2.8878,2.8873,2.8878,2.8923,2.8928,2.8923,2.8928,2
2026-03-31 05:04:00,2.8873,2.8878,2.8863,2.8868,2.8923,2.8928,2.8913,2.8918,6
2026-03-31 05:06:00,2.8863,2.8868,2.8863,2.8868,2.8913,2.8918,2.8913,2.8918,2
2026-03-31 05:07:00,2.8863,2.8863,2.8843,2.8853,2.8913,2.8913,2.8893,2.8903,9
2026-03-31 05:08:00,2.8848,2.8848,2.8828,2.8828,2.8898,2.8898,2.8878,2.8878,4
2026-03-31 05:09:00,2.8833,2.8853,2.8833,2.8848,2.8883,2.8903,2.8883,2.8898,4
2026-03-31 05:10:00,2.8853,2.8853,2.8853,2.8853,2.8903,2.8903,2.8903,2.8903,1
2026-03-31 05:11:00,2.8858,2.8858,2.8858,2.8858,2.8908,2.8908,2.8908,2.8908,1
2026-03-31 05:12:00,2.8848,2.8848,2.8848,2.8848,2.8898,2.8898,2.8898,2.8898,1
2026-03-31 05:13:00,2.8843,2.8843,2.8828,2.8838,2.8893,2.8893,2.8878,2.8888,5
2026-03-31 05:14:00,2.8833,2.8838,2.8833,2.8838,2.8883,2.8888,2.8883,2.8888,4
2026-03-31 05:15:00,2.8843,2.8848,2.8843,2.8848,2.8893,2.8898,2.8893,2.8898,2
2026-03-31 05:16:00,2.8843,2.8848,2.8843,2.8843,2.8893,2.8898,2.8893,2.8893,5
2026-03-31 05:17:00,2.8838,2.8838,2.8828,2.8828,2.8888,2.8888,2.8878,2.8878,3
2026-03-31 05:18:00,2.8823,2.8828,2.8823,2.8823,2.8873,2.8878,2.8873,2.8873,3
2026-03-31 05:19:00,2.8828,2.8828,2.8823,2.8823,2.8878,2.8878,2.8873,2.8873,4
2026-03-31 05:20:00,2.8828,2.8828,2.8823,2.8823,2.8878,2.8878,2.8873,2.8873,2
2026-03-31 05:21:00,2.8818,2.8818,2.8818,2.8818,2.8868,2.8868,2.8868,2.8868,1
2026-03-31 05:22:00,2.8813,2.8838,2.8813,2.8838,2.8863,2.8888,2.8863,2.8888,6
2026-03-31 05:23:00,2.8843,2.8843,2.8828,2.8828,2.8893,2.8893,2.8878,2.8878,4
2026-03-31 05:24:00,2.8823,2.8828,2.8823,2.8823,2.8873,2.8878,2.8873,2.8873,5
2026-03-31 05:25:00,2.8818,2.8843,2.8818,2.8843,2.8868,2.8893,2.8868,2.8893,11
2026-03-31 05:26:00,2.8848,2.8848,2.8833,2.8833,2.8898,2.8898,2.8883,2.8883,5
2026-03-31 05:27:00,2.8828,2.8828,2.8818,2.8818,2.8878,2.8878,2.8868,2.8868,2
2026-03-31 05:28:00,2.8823,2.8823,2.8818,2.8818,2.8873,2.8873,2.8868,2.8868,2
2026-03-31 05:29:00,2.8808,2.8808,2.8808,2.8808,2.8858,2.8858,2.8858,2.8858,1
2026-03-31 05:30:00,2.8803,2.8848,2.8803,2.8833,2.8853,2.8898,2.8853,2.8883,10
2026-03-31 05:31:00,2.8838,2.8848,2.8838,2.8848,2.8888,2.8898,2.8888,2.8898,3
2026-03-31 05:32:00,2.8843,2.8843,2.8833,2.8833,2.8893,2.8893,2.8883,2.8883,5
2026-03-31 05:33:00,2.8823,2.8828,2.8818,2.8818,2.8873,2.8878,2.8868,2.8868,6
2026-03-31 05:34:00,2.8813,2.8813,2.8808,2.8808,2.8863,2.8863,2.8858,2.8858,4
2026-03-31 05:35:00,2.8803,2.8823,2.8803,2.8818,2.8853,2.8873,2.8853,2.8868,6
2026-03-31 05:36:00,2.8813,2.8813,2.8803,2.8808,2.8863,2.8863,2.8853,2.8858,5
2026-03-31 05:37:00,2.8813,2.8853,2.8813,2.8843,2.8863,2.8903,2.8863,2.8893,11
2026-03-31 05:38:00,2.8848,2.8858,2.8838,2.8838,2.8898,2.8908,2.8888,2.8888,7
2026-03-31 05:39:00,2.8828,2.8833,2.8828,2.8828,2.8878,2.8883,2.8878,2.8878,3
2026-03-31 05:40:00,2.8833,2.8838,2.8833,2.8833,2.8883,2.8888,2.8883,2.8883,3
2026-03-31 05:42:00,2.8838,2.8848,2.8838,2.8848,2.8888,2.8898,2.8888,2.8898,2
2026-03-31 05:43:00,2.8843,2.8843,2.8838,2.8838,2.8893,2.8893,2.8888,2.8888,2
2026-03-31 05:44:00,2.8828,2.8848,2.8828,2.8848,2.8878,2.8898,2.8878,2.8898,4
2026-03-31 05:45:00,2.8838,2.8843,2.8838,2.8843,2.8888,2.8893,2.8888,2.8893,2
2026-03-31 05:46:00,2.8838,2.8868,2.8838,2.8863,2.8888,2.8918,2.8888,2.8913,6
2026-03-31 05:47:00,2.8873,2.8873,2.8838,2.8848,2.8923,2.8923,2.8888,2.8898,10
2026-03-31 05:48:00,2.8843,2.8863,2.8843,2.8853,2.8893,2.8913,2.8893,2.8903,5
2026-03-31 05:49:00,2.8848,2.8848,2.8848,2.8848,2.8898,2.8898,2.8898,2.8898,1
2026-03-31 05:50:00,2.8843,2.8843,2.8843,2.8843,2.8893,2.8893,2.8893,2.8893,1
2026-03-31 05:51:00,2.8838,2.8838,2.8828,2.8833,2.8888,2.8888,2.8878,2.8883,4
2026-03-31 05:52:00,2.8828,2.8828,2.8823,2.8828,2.8878,2.8878,2.8873,2.8878,3
2026-03-31 05:54:00,2.8823,2.8838,2.8823,2.8838,2.8873,2.8888,2.8873,2.8888,3
2026-03-31 05:55:00,2.8833,2.8833,2.8833,2.8833,2.8883,2.8883,2.8883,2.8883,1
2026-03-31 05:56:00,2.8828,2.8828,2.8823,2.8823,2.8878,2.8878,2.8873,2.8873,2
2026-03-31 05:57:00,2.8818,2.8828,2.8818,2.8828,2.8868,2.8878,2.8868,2.8878,5
2026-03-31 05:58:00,2.8823,2.8828,2.8818,2.8828,2.8873,2.8878,2.8868,2.8878,6
2026-03-31 05:59:00,2.8823,2.8828,2.8823,2.8823,2.8873,2.8878,2.8873,2.8873,3
2026-03-31 06:00:00,2.8828,2.8828,2.8798,2.8798,2.8878,2.8878,2.8848,2.8848,9
2026-03-31 06:01:00,2.8808,2.8813,2.8798,2.8798,2.8858,2.8863,2.8848,2.8848,6
2026-03-31 06:02:00,2.8803,2.8803,2.8798,2.8803,2.8853,2.8853,2.8848,2.8853,3
2026-03-31 06:03:00,2.8798,2.8798,2.8793,2.8798,2.8848,2.8848,2.8843,2.8848,3
2026-03-31 06:04:00,2.8808,2.8818,2.8808,2.8808,2.8858,2.8868,2.8858,2.8858,3
2026-03-31 06:05:00,2.8803,2.8808,2.8798,2.8798,2.8853,2.8858,2.8848,2.8848,4
2026-03-31 06:06:00,2.8793,2.8798,2.8788,2.8798,2.8843,2.8848,2.8838,2.8848,5
2026-03-31 06:07:00,2.8803,2.8823,2.8803,2.8803,2.8853,2.8873,2.8853,2.8853,6
2026-03-31 06:08:00,2.8808,2.8808,2.8803,2.8803,2.8858,2.8858,2.8853,2.8853,2
2026-03-31 06:09:00,2.8808,2.8808,2.8803,2.8803,2.8858,2.8858,2.8853,2.8853,2
2026-03-31 06:10:00,2.8808,2.8813,2.8808,2.8808,2.8858,2.8863,2.8858,2.8858,5
2026-03-31 06:11:00,2.8803,2.8803,2.8788,2.8788,2.8853,2.8853,2.8838,2.8838,4
2026-03-31 06:12:00,2.8783,2.8798,2.8778,2.8798,2.8833,2.8848,2.8828,2.8848,4
2026-03-31 06:14:00,2.8788,2.8793,2.8783,2.8793,2.8838,2.8843,2.8833,2.8843,4
2026-03-31 06:15:00,2.8788,2.8788,2.8778,2.8778,2.8838,2.8838,2.8828,2.8828,3
2026-03-31 06:16:00,2.8783,2.8798,2.8783,2.8793,2.8833,2.8848,2.8833,2.8843,7
2026-03-31 06:17:00,2.8788,2.8788,2.8788,2.8788,2.8838,2.8838,2.8838,2.8838,1
2026-03-31 06:18:00,2.8783,2.8788,2.8778,2.8783,2.8833,2.8838,2.8828,2.8833,7
2026-03-31 06:19:00,2.8788,2.8788,2.8783,2.8783,2.8838,2.8838,2.8833,2.8833,2
2026-03-31 06:20:00,2.8788,2.8788,2.8783,2.8783,2.8838,2.8838,2.8833,2.8833,4
2026-03-31 06:21:00,2.8788,2.8788,2.8783,2.8788,2.8838,2.8838,2.8833,2.8838,3
2026-03-31 06:22:00,2.8783,2.8783,2.8778,2.8783,2.8833,2.8833,2.8828,2.8833,5
2026-03-31 06:23:00,2.8788,2.8788,2.8778,2.8778,2.8838,2.8838,2.8828,2.8828,7
2026-03-31 06:24:00,2.8793,2.8793,2.8788,2.8788,2.8843,2.8843,2.8838,2.8838,2
2026-03-31 06:25:00,2.8793,2.8798,2.8793,2.8793,2.8843,2.8848,2.8843,2.8843,3
2026-03-31 06:26:00,2.8788,2.8788,2.8788,2.8788,2.8838,2.8838,2.8838,2.8838,1
2026-03-31 06:27:00,2.8793,2.8793,2.8793,2.8793,2.8843,2.8843,2.8843,2.8843,1
2026-03-31 06:28:00,2.8798,2.8798,2.8788,2.8788,2.8848,2.8848,2.8838,2.8838,5
2026-03-31 06:29:00,2.8793,2.8793,2.8788,2.8793,2.8843,2.8843,2.8838,2.8843,5
2026-03-31 06:30:00,2.8798,2.8798,2.8788,2.8793,2.8848,2.8848,2.8838,2.8843,4
2026-03-31 06:31:00,2.8788,2.8788,2.8788,2.8788,2.8838,2.8838,2.8838,2.8838,1
2026-03-31 06:32:00,2.8783,2.8788,2.8783,2.8788,2.8833,2.8838,2.8833,2.8838,2
2026-03-31 06:33:00,2.8793,2.8793,2.8778,2.8778,2.8843,2.8843,2.8828,2.8828,6
2026-03-31 06:34:00,2.8783,2.8798,2.8783,2.8798,2.8833,2.8848,2.8833,2.8848,4
2026-03-31 06:37:00,2.8813,2.8828,2.8813,2.8828,2.8863,2.8878,2.8863,2.8878,4
2026-03-31 06:38:00,2.8833,2.8838,2.8833,2.8833,2.8883,2.8888,2.8883,2.8883,3
2026-03-31 06:39:00,2.8838,2.8838,2.8838,2.8838,2.8888,2.8888,2.8888,2.8888,1
2026-03-31 06:40:00,2.8843,2.8853,2.8843,2.8848,2.8893,2.8903,2.8893,2.8898,3
2026-03-31 06:42:00,2.8853,2.8883,2.8853,2.8868,2.8903,2.8933,2.8903,2.8918,7
2026-03-31 06:43:00,2.8873,2.8873,2.8858,2.8858,2.8923,2.8923,2.8908,2.8908,7
2026-03-31 06:44:00,2.8863,2.8863,2.8858,2.8858,2.8913,2.8913,2.8908,2.8908,6
2026-03-31 06:45:00,2.8863,2.8863,2.8863,2.8863,2.8913,2.8913,2.8913,2.8913,1
2026-03-31 06:49:00,2.8853,2.8853,2.8838,2.8838,2.8903,2.8903,2.8888,2.8888,3
2026-03-31 06:51:00,2.8833,2.8833,2.8833,2.8833,2.8883,2.8883,2.8883,2.8883,1
2026-03-31 06:52:00,2.8843,2.8863,2.8843,2.8858,2.8893,2.8913,2.8893,2.8908,7
2026-03-31 06:55:00,2.8853,2.8858,2.8853,2.8858,2.8903,2.8908,2.8903,2.8908,2
2026-03-31 06:58:00,2.8863,2.8863,2.8863,2.8863,2.8913,2.8913,2.8913,2.8913,1
2026-03-31 06:59:00,2.8853,2.8853,2.8843,2.8848,2.8903,2.8903,2.8893,2.8898,3
2026-03-31 07:03:00,2.8843,2.8843,2.8843,2.8843,2.8893,2.8893,2.8893,2.8893,1
2026-03-31 07:05:00,2.8838,2.8838,2.8838,2.8838,2.8888,2.8888,2.8888,2.8888,1
2026-03-31 07:07:00,2.8823,2.8838,2.8823,2.8833,2.8873,2.8888,2.8873,2.8883,3
2026-03-31 07:08:00,2.8828,2.8828,2.8783,2.8803,2.8878,2.8878,2.8833,2.8853,9
2026-03-31 07:09:00,2.8783,2.8798,2.8778,2.8788,2.8833,2.8848,2.8828,2.8838,5
2026-03-31 07:10:00,2.8793,2.8823,2.8793,2.8813,2.8843,2.8873,2.8843,2.8863,6
2026-03-31 07:11:00,2.8818,2.8818,2.8818,2.8818,2.8868,2.8868,2.8868,2.8868,1
2026-03-31 07:12:00,2.8828,2.8828,2.8828,2.8828,2.8878,2.8878,2.8878,2.8878,1
2026-03-31 07:13:00,2.8833,2.8838,2.8833,2.8838,2.8883,2.8888,2.8883,2.8888,2
2026-03-31 07:16:00,2.8823,2.8828,2.8823,2.8828,2.8873,2.8878,2.8873,2.8878,2
2026-03-31 07:17:00,2.8823,2.8823,2.8823,2.8823,2.8873,2.8873,2.8873,2.8873,1
2026-03-31 07:18:00,2.8833,2.8838,2.8828,2.8838,2.8883,2.8888,2.8878,2.8888,5
2026-03-31 07:19:00,2.8828,2.8828,2.8828,2.8828,2.8878,2.8878,2.8878,2.8878,1
2026-03-31 07:20:00,2.8808,2.8808,2.8808,2.8808,2.8858,2.8858,2.8858,2.8858,1
2026-03-31 07:21:00,2.8793,2.8803,2.8788,2.8788,2.8843,2.8853,2.8838,2.8838,4
2026-03-31 07:22:00,2.8783,2.8783,2.8783,2.8783,2.8833,2.8833,2.8833,2.8833,1
2026-03-31 07:23:00,2.8788,2.8803,2.8788,2.8793,2.8838,2.8853,2.8838,2.8843,4
2026-03-31 07:24:00,2.8788,2.8788,2.8788,2.8788,2.8838,2.8838,2.8838,2.8838,1
2026-03-31 07:25:00,2.8803,2.8818,2.8793,2.8798,2.8853,2.8868,2.8843,2.8848,5
2026-03-31 07:26:00,2.8788,2.8788,2.8783,2.8783,2.8838,2.8838,2.8833,2.8833,2
2026-03-31 07:27:00,2.8778,2.8778,2.8773,2.8778,2.8828,2.8828,2.8823,2.8828,3
2026-03-31 07:29:00,2.8783,2.8783,2.8778,2.8778,2.8833,2.8833,2.8828,2.8828,2
2026-03-31 07:30:00,2.8783,2.8783,2.8763,2.8778,2.8833,2.8833,2.8813,2.8828,9
2026-03-31 07:31:00,2.8793,2.8823,2.8793,2.8818,2.8843,2.8873,2.8843,2.8868,7
2026-03-31 07:32:00,2.8823,2.8823,2.8823,2.8823,2.8873,2.8873,2.8873,2.8873,1
2026-03-31 07:33:00,2.8818,2.8853,2.8818,2.8838,2.8868,2.8903,2.8868,2.8888,8
2026-03-31 07:35:00,2.8843,2.8853,2.8843,2.8848,2.8893,2.8903,2.8893,2.8898,3
2026-03-31 07:36:00,2.8853,2.8868,2.8838,2.8838,2.8903,2.8918,2.8888,2.8888,6
2026-03-31 07:37:00,2.8843,2.8868,2.8843,2.8868,2.8893,2.8918,2.8893,2.8918,6
2026-03-31 07:39:00,2.8863,2.8863,2.8858,2.8858,2.8913,2.8913,2.8908,2.8908,2
2026-03-31 07:40:00,2.8853,2.8863,2.8853,2.8863,2.8903,2.8913,2.8903,2.8913,3
2026-03-31 07:41:00,2.8868,2.8873,2.8863,2.8873,2.8918,2.8923,2.8913,2.8923,4
2026-03-31 07:42:00,2.8868,2.8868,2.8868,2.8868,2.8918,2.8918,2.8918,2.8918,1
2026-03-31 07:44:00,2.8873,2.8873,2.8858,2.8858,2.8923,2.8923,2.8908,2.8908,2
2026-03-31 07:46:00,2.8863,2.8868,2.8863,2.8863,2.8913,2.8918,2.8913,2.8913,3
2026-03-31 07:47:00,2.8858,2.8858,2.8858,2.8858,2.8908,2.8908,2.8908,2.8908,1
2026-03-31 07:48:00,2.8863,2.8863,2.8858,2.8863,2.8913,2.8913,2.8908,2.8913,3
2026-03-31 07:49:00,2.8868,2.8898,2.8868,2.8893,2.8918,2.8948,2.8918,2.8943,5
2026-03-31 07:50:00,2.8898,2.8898,2.8898,2.8898,2.8948,2.8948,2.8948,2.8948,1
2026-03-31 07:51:00,2.8903,2.8903,2.8883,2.8893,2.8953,2.8953,2.8933,2.8943,11
2026-03-31 07:52:00,2.8888,2.8898,2.8888,2.8898,2.8938,2.8948,2.8938,2.8948,3
2026-03-31 07:53:00,2.8893,2.8893,2.8893,2.8893,2.8943,2.8943,2.8943,2.8943,1
2026-03-31 07:56:00,2.8878,2.8878,2.8868,2.8868,2.8928,2.8928,2.8918,2.8918,4
2026-03-31 07:57:00,2.8853,2.8868,2.8853,2.8868,2.8903,2.8918,2.8903,2.8918,4
2026-03-31 07:58:00,2.8863,2.8863,2.8863,2.8863,2.8913,2.8913,2.8913,2.8913,1
2026-03-31 07:59:00,2.8858,2.8858,2.8858,2.8858,2.8908,2.8908,2.8908,2.8908,1
2026-03-31 08:00:00,2.8863,2.8903,2.8863,2.8893,2.8913,2.8953,2.8913,2.8943,16
2026-03-31 08:01:00,2.8903,2.8903,2.8888,2.8893,2.8953,2.8953,2.8938,2.8943,7
2026-03-31 08:02:00,2.8903,2.8923,2.8903,2.8913,2.8953,2.8973,2.8953,2.8963,4
2026-03-31 08:03:00,2.8923,2.8933,2.8913,2.8923,2.8973,2.8983,2.8963,2.8973,7
2026-03-31 08:04:00,2.8928,2.8928,2.8883,2.8898,2.8978,2.8978,2.8933,2.8948,8
2026-03-31 08:05:00,2.8883,2.8888,2.8878,2.8878,2.8933,2.8938,2.8928,2.8928,4
2026-03-31 08:06:00,2.8873,2.8878,2.8873,2.8878,2.8923,2.8928,2.8923,2.8928,2
2026-03-31 08:07:00,2.8883,2.8903,2.8883,2.8903,2.8933,2.8953,2.8933,2.8953,4
2026-03-31 08:08:00,2.8893,2.8893,2.8883,2.8883,2.8943,2.8943,2.8933,2.8933,3
2026-03-31 08:09:00,2.8873,2.8878,2.8873,2.8878,2.8923,2.8928,2.8923,2.8928,2
2026-03-31 08:11:00,2.8863,2.8863,2.8863,2.8863,2.8913,2.8913,2.8913,2.8913,1
2026-03-31 08:12:00,2.8868,2.8893,2.8858,2.8873,2.8918,2.8943,2.8908,2.8923,9
2026-03-31 08:13:00,2.8868,2.8868,2.8868,2.8868,2.8918,2.8918,2.8918,2.8918,1
2026-03-31 08:14:00,2.8873,2.8873,2.8873,2.8873,2.8923,2.8923,2.8923,2.8923,1
2026-03-31 08:15:00,2.8868,2.8868,2.8858,2.8863,2.8918,2.8918,2.8908,2.8913,3
2026-03-31 08:16:00,2.8868,2.8883,2.8863,2.8883,2.8918,2.8933,2.8913,2.8933,7
2026-03-31 08:17:00,2.8878,2.8878,2.8873,2.8873,2.8928,2.8928,2.8923,2.8923,2
2026-03-31 08:18:00,2.8868,2.8868,2.8843,2.8868,2.8918,2.8918,2.8893,2.8918,11
2026-03-31 08:19:00,2.8873,2.8873,2.8858,2.8863,2.8923,2.8923,2.8908,2.8913,4
2026-03-31 08:20:00,2.8853,2.8878,2.8853,2.8878,2.8903,2.8928,2.8903,2.8928,5
2026-03-31 08:21:00,2.8873,2.8873,2.8863,2.8863,2.8923,2.8923,2.8913,2.8913,5
2026-03-31 08:22:00,2.8858,2.8858,2.8833,2.8833,2.8908,2.8908,2.8883,2.8883,9
2026-03-31 08:23:00,2.8823,2.8848,2.8823,2.8838,2.8873,2.8898,2.8873,2.8888,5
2026-03-31 08:24:00,2.8843,2.8843,2.8838,2.8838,2.8893,2.8893,2.8888,2.8888,2
2026-03-31 08:25:00,2.8833,2.8853,2.8833,2.8848,2.8883,2.8903,2.8883,2.8898,4
2026-03-31 08:26:00,2.8838,2.8838,2.8838,2.8838,2.8888,2.8888,2.8888,2.8888,1
2026-03-31 08:27:00,2.8833,2.8848,2.8828,2.8848,2.8883,2.8898,2.8878,2.8898,4
2026-03-31 08:28:00,2.8853,2.8853,2.8838,2.8838,2.8903,2.8903,2.8888,2.8888,4
2026-03-31 08:29:00,2.8843,2.8858,2.8843,2.8858,2.8893,2.8908,2.8893,2.8908,3
2026-03-31 08:30:00,2.8853,2.8873,2.8843,2.8858,2.8903,2.8923,2.8893,2.8908,9
2026-03-31 08:31:00,2.8863,2.8863,2.8858,2.8858,2.8913,2.8913,2.8908,2.8908,4
2026-03-31 08:32:00,2.8853,2.8853,2.8838,2.8838,2.8903,2.8903,2.8888,2.8888,3
2026-03-31 08:34:00,2.8848,2.8848,2.8848,2.8848,2.8898,2.8898,2.8898,2.8898,1
2026-03-31 08:35:00,2.8853,2.8878,2.8853,2.8878,2.8903,2.8928,2.8903,2.8928,5
2026-03-31 08:36:00,2.8883,2.8883,2.8863,2.8863,2.8933,2.8933,2.8913,2.8913,3
2026-03-31 08:37:00,2.8873,2.8888,2.8873,2.8888,2.8923,2.8938,2.8923,2.8938,3
2026-03-31 08:38:00,2.8883,2.8893,2.8883,2.8893,2.8933,2.8943,2.8933,2.8943,3
2026-03-31 08:39:00,2.8898,2.8898,2.8893,2.8893,2.8948,2.8948,2.8943,2.8943,2
2026-03-31 08:40:00,2.8888,2.8893,2.8888,2.8888,2.8938,2.8943,2.8938,2.8938,3
2026-03-31 08:41:00,2.8893,2.8898,2.8888,2.8893,2.8943,2.8948,2.8938,2.8943,5
2026-03-31 08:42:00,2.8898,2.8903,2.8898,2.8898,2.8948,2.8953,2.8948,2.8948,3
2026-03-31 08:43:00,2.8923,2.8933,2.8903,2.8928,2.8973,2.8983,2.8953,2.8978,9
2026-03-31 08:44:00,2.8943,2.8963,2.8933,2.8948,2.8993,2.9013,2.8983,2.8998,8
2026-03-31 08:45:00,2.8953,2.8963,2.8948,2.8963,2.9003,2.9013,2.8998,2.9013,7
2026-03-31 08:46:00,2.8958,2.8958,2.8928,2.8928,2.9008,2.9008,2.8978,2.8978,6
2026-03-31 08:47:00,2.8933,2.8933,2.8928,2.8928,2.8983,2.8983,2.8978,2.8978,4
2026-03-31 08:48:00,2.8933,2.8953,2.8928,2.8953,2.8983,2.9003,2.8978,2.9003,6
2026-03-31 08:49:00,2.8943,2.8943,2.8938,2.8943,2.8993,2.8993,2.8988,2.8993,3
2026-03-31 08:50:00,2.8938,2.8943,2.8928,2.8938,2.8988,2.8993,2.8978,2.8988,12
2026-03-31 08:52:00,2.8933,2.8933,2.8918,2.8928,2.8983,2.8983,2.8968,2.8978,7
2026-03-31 08:54:00,2.8923,2.8943,2.8923,2.8938,2.8973,2.8993,2.8973,2.8988,4
2026-03-31 08:55:00,2.8943,2.8943,2.8928,2.8928,2.8993,2.8993,2.8978,2.8978,3
2026-03-31 08:56:00,2.8923,2.8923,2.8918,2.8918,2.8973,2.8973,2.8968,2.8968,2
2026-03-31 08:57:00,2.8913,2.8913,2.8908,2.8908,2.8963,2.8963,2.8958,2.8958,2
2026-03-31 08:58:00,2.8898,2.8898,2.8898,2.8898,2.8948,2.8948,2.8948,2.8948,1
2026-03-31 08:59:00,2.8893,2.8893,2.8878,2.8878,2.8943,2.8943,2.8928,2.8928,3
2026-03-31 09:00:00,2.8873,2.8883,2.8833,2.8838,2.8923,2.8933,2.8883,2.8888,17
2026-03-31 09:01:00,2.8833,2.8873,2.8828,2.8873,2.8883,2.8923,2.8878,2.8923,11
2026-03-31 09:02:00,2.8883,2.8883,2.8863,2.8868,2.8933,2.8933,2.8913,2.8918,8
2026-03-31 09:03:00,2.8863,2.8893,2.8863,2.8893,2.8913,2.8943,2.8913,2.8943,6
2026-03-31 09:04:00,2.8883,2.8893,2.8883,2.8893,2.8933,2.8943,2.8933,2.8943,3
2026-03-31 09:05:00,2.8883,2.8883,2.8878,2.8878,2.8933,2.8933,2.8928,2.8928,2
2026-03-31 09:06:00,2.8883,2.8883,2.8878,2.8883,2.8933,2.8933,2.8928,2.8933,3
2026-03-31 09:07:00,2.8878,2.8883,2.8878,2.8878,2.8928,2.8933,2.8928,2.8928,3
2026-03-31 09:08:00,2.8873,2.8873,2.8868,2.8868,2.8923,2.8923,2.8918,2.8918,4
2026-03-31 09:10:00,2.8873,2.8873,2.8873,2.8873,2.8923,2.8923,2.8923,2.8923,1
2026-03-31 09:11:00,2.8878,2.8888,2.8873,2.8883,2.8928,2.8938,2.8923,2.8933,10
2026-03-31 09:12:00,2.8878,2.8883,2.8878,2.8883,2.8928,2.8933,2.8928,2.8933,2
2026-03-31 09:13:00,2.8868,2.8873,2.8863,2.8868,2.8918,2.8923,2.8913,2.8918,4
2026-03-31 09:14:00,2.8873,2.8873,2.8873,2.8873,2.8923,2.8923,2.8923,2.8923,1
2026-03-31 09:15:00,2.8878,2.8883,2.8868,2.8883,2.8928,2.8933,2.8918,2.8933,3
2026-03-31 09:16:00,2.8878,2.8878,2.8873,2.8878,2.8928,2.8928,2.8923,2.8928,3
2026-03-31 09:17:00,2.8873,2.8873,2.8863,2.8863,2.8923,2.8923,2.8913,2.8913,4
2026-03-31 09:18:00,2.8868,2.8868,2.8868,2.8868,2.8918,2.8918,2.8918,2.8918,1
2026-03-31 09:19:00,2.8878,2.8878,2.8878,2.8878,2.8928,2.8928,2.8928,2.8928,1
2026-03-31 09:20:00,2.8873,2.8873,2.8868,2.8868,2.8923,2.8923,2.8918,2.8918,2
2026-03-31 09:21:00,2.8873,2.8883,2.8873,2.8883,2.8923,2.8933,2.8923,2.8933,3
2026-03-31 09:22:00,2.8893,2.8893,2.8888,2.8888,2.8943,2.8943,2.8938,2.8938,2
2026-03-31 09:23:00,2.8883,2.8898,2.8878,2.8893,2.8933,2.8948,2.8928,2.8943,7
2026-03-31 09:24:00,2.8898,2.8913,2.8893,2.8898,2.8948,2.8963,2.8943,2.8948,12
2026-03-31 09:25:00,2.8893,2.8903,2.8893,2.8898,2.8943,2.8953,2.8943,2.8948,8
2026-03-31 09:26:00,2.8893,2.8903,2.8893,2.8903,2.8943,2.8953,2.8943,2.8953,3
2026-03-31 09:27:00,2.8898,2.8903,2.8898,2.8898,2.8948,2.8953,2.8948,2.8948,5
2026-03-31 09:28:00,2.8893,2.8893,2.8888,2.8888,2.8943,2.8943,2.8938,2.8938,2
2026-03-31 09:29:00,2.8893,2.8903,2.8893,2.8903,2.8943,2.8953,2.8943,2.8953,2
2026-03-31 09:30:00,2.8898,2.8918,2.8893,2.8913,2.8948,2.8968,2.8943,2.8963,9
2026-03-31 09:31:00,2.8903,2.8908,2.8898,2.8903,2.8953,2.8958,2.8948,2.8953,4
2026-03-31 09:32:00,2.8898,2.8898,2.8888,2.8888,2.8948,2.8948,2.8938,2.8938,5
2026-03-31 09:33:00,2.8883,2.8883,2.8883,2.8883,2.8933,2.8933,2.8933,2.8933,1
2026-03-31 09:34:00,2.8878,2.8883,2.8878,2.8878,2.8928,2.8933,2.8928,2.8928,3
2026-03-31 09:35:00,2.8868,2.8868,2.8868,2.8868,2.8918,2.8918,2.8918,2.8918,1
2026-03-31 09:36:00,2.8873,2.8873,2.8868,2.8873,2.8923,2.8923,2.8918,2.8923,3
2026-03-31 09:37:00,2.8868,2.8868,2.8863,2.8863,2.8918,2.8918,2.8913,2.8913,2
2026-03-31 09:38:00,2.8873,2.8873,2.8873,2.8873,2.8923,2.8923,2.8923,2.8923,1
2026-03-31 09:39:00,2.8868,2.8878,2.8868,2.8868,2.8918,2.8928,2.8918,2.8918,5
2026-03-31 09:40:00,2.8863,2.8863,2.8828,2.8833,2.8913,2.8913,2.8878,2.8883,11
2026-03-31 09:41:00,2.8828,2.8833,2.8803,2.8803,2.8878,2.8883,2.8853,2.8853,8
2026-03-31 09:42:00,2.8808,2.8813,2.8808,2.8813,2.8858,2.8863,2.8858,2.8863,2
2026-03-31 09:43:00,2.8808,2.8823,2.8808,2.8818,2.8858,2.8873,2.8858,2.8868,6
2026-03-31 09:44:00,2.8823,2.8823,2.8813,2.8813,2.8873,2.8873,2.8863,2.8863,2
2026-03-31 09:45:00,2.8818,2.8823,2.8818,2.8823,2.8868,2.8873,2.8868,2.8873,2
2026-03-31 09:46:00,2.8818,2.8818,2.8773,2.8798,2.8868,2.8868,2.8823,2.8848,10
2026-03-31 09:47:00,2.8803,2.8803,2.8778,2.8778,2.8853,2.8853,2.8828,2.8828,4
2026-03-31 09:48:00,2.8773,2.8783,2.8773,2.8778,2.8823,2.8833,2.8823,2.8828,4
2026-03-31 09:49:00,2.8783,2.8783,2.8778,2.8778,2.8833,2.8833,2.8828,2.8828,2
2026-03-31 09:50:00,2.8783,2.8783,2.8773,2.8773,2.8833,2.8833,2.8823,2.8823,4
2026-03-31 09:51:00,2.8778,2.8778,2.8753,2.8763,2.8828,2.8828,2.8803,2.8813,9
2026-03-31 09:52:00,2.8758,2.8758,2.8733,2.8738,2.8808,2.8808,2.8783,2.8788,8
2026-03-31 09:53:00,2.8733,2.8763,2.8733,2.8763,2.8783,2.8813,2.8783,2.8813,7
2026-03-31 09:54:00,2.8768,2.8803,2.8768,2.8803,2.8818,2.8853,2.8818,2.8853,9
2026-03-31 09:55:00,2.8798,2.8808,2.8778,2.8808,2.8848,2.8858,2.8828,2.8858,10
2026-03-31 09:56:00,2.8803,2.8818,2.8798,2.8818,2.8853,2.8868,2.8848,2.8868,8
2026-03-31 09:57:00,2.8813,2.8823,2.8808,2.8818,2.8863,2.8873,2.8858,2.8868,8
2026-03-31 09:58:00,2.8813,2.8813,2.8793,2.8808,2.8863,2.8863,2.8843,2.8858,9
2026-03-31 09:59:00,2.8818,2.8818,2.8788,2.8788,2.8868,2.8868,2.8838,2.8838,4
2026-03-31 10:00:00,2.8783,2.8808,2.8783,2.8803,2.8833,2.8858,2.8833,2.8853,8
2026-03-31 10:01:00,2.8798,2.8848,2.8798,2.8848,2.8848,2.8898,2.8848,2.8898,7
2026-03-31 10:02:00,2.8843,2.8853,2.8833,2.8848,2.8893,2.8903,2.8883,2.8898,18
2026-03-31 10:03:00,2.8838,2.8843,2.8818,2.8818,2.8888,2.8893,2.8868,2.8868,4
2026-03-31 10:04:00,2.8808,2.8808,2.8773,2.8773,2.8858,2.8858,2.8823,2.8823,9
2026-03-31 10:05:00,2.8783,2.8798,2.8773,2.8783,2.8833,2.8848,2.8823,2.8833,12
2026-03-31 10:06:00,2.8778,2.8788,2.8763,2.8788,2.8828,2.8838,2.8813,2.8838,10
2026-03-31 10:07:00,2.8783,2.8783,2.8763,2.8783,2.8833,2.8833,2.8813,2.8833,4
2026-03-31 10:08:00,2.8788,2.8803,2.8788,2.8798,2.8838,2.8853,2.8838,2.8848,4
2026-03-31 10:09:00,2.8803,2.8803,2.8798,2.8798,2.8853,2.8853,2.8848,2.8848,2
2026-03-31 10:10:00,2.8803,2.8808,2.8803,2.8808,2.8853,2.8858,2.8853,2.8858,2
2026-03-31 10:11:00,2.8813,2.8813,2.8803,2.8808,2.8863,2.8863,2.8853,2.8858,5
2026-03-31 10:12:00,2.8803,2.8833,2.8803,2.8828,2.8853,2.8883,2.8853,2.8878,5
2026-03-31 10:13:00,2.8833,2.8833,2.8813,2.8823,2.8883,2.8883,2.8863,2.8873,6
2026-03-31 10:14:00,2.8818,2.8823,2.8818,2.8823,2.8868,2.8873,2.8868,2.8873,6
2026-03-31 10:15:00,2.8818,2.8818,2.8808,2.8808,2.8868,2.8868,2.8858,2.8858,3
2026-03-31 10:16:00,2.8813,2.8813,2.8798,2.8798,2.8863,2.8863,2.8848,2.8848,4
2026-03-31 10:17:00,2.8803,2.8803,2.8798,2.8798,2.8853,2.8853,2.8848,2.8848,4
2026-03-31 10:18:00,2.8803,2.8803,2.8783,2.8783,2.8853,2.8853,2.8833,2.8833,4
2026-03-31 10:19:00,2.8778,2.8803,2.8773,2.8803,2.8828,2.8853,2.8823,2.8853,5
2026-03-31 10:20:00,2.8793,2.8793,2.8768,2.8768,2.8843,2.8843,2.8818,2.8818,4
2026-03-31 10:21:00,2.8773,2.8773,2.8768,2.8768,2.8823,2.8823,2.8818,2.8818,6
2026-03-31 10:22:00,2.8773,2.8783,2.8763,2.8783,2.8823,2.8833,2.8813,2.8833,10
2026-03-31 10:23:00,2.8788,2.8813,2.8788,2.8808,2.8838,2.8863,2.8838,2.8858,7
2026-03-31 10:24:00,2.8803,2.8813,2.8798,2.8798,2.8853,2.8863,2.8848,2.8848,6
2026-03-31 10:25:00,2.8803,2.8823,2.8798,2.8823,2.8853,2.8873,2.8848,2.8873,8
2026-03-31 10:26:00,2.8818,2.8818,2.8788,2.8818,2.8868,2.8868,2.8838,2.8868,7
2026-03-31 10:27:00,2.8808,2.8808,2.8778,2.8783,2.8858,2.8858,2.8828,2.8833,5
2026-03-31 10:28:00,2.8773,2.8773,2.8743,2.8748,2.8823,2.8823,2.8793,2.8798,13
2026-03-31 10:29:00,2.8753,2.8753,2.8693,2.8713,2.8803,2.8803,2.8743,2.8763,31
2026-03-31 10:31:00,2.8703,2.8713,2.8703,2.8708,2.8753,2.8763,2.8753,2.8758,5
2026-03-31 10:32:00,2.8713,2.8743,2.8713,2.8743,2.8763,2.8793,2.8763,2.8793,5
2026-03-31 10:33:00,2.8733,2.8753,2.8733,2.8738,2.8783,2.8803,2.8783,2.8788,5
2026-03-31 10:34:00,2.8733,2.8733,2.8718,2.8718,2.8783,2.8783,2.8768,2.8768,3
2026-03-31 10:35:00,2.8713,2.8713,2.8708,2.8713,2.8763,2.8763,2.8758,2.8763,3
2026-03-31 10:36:00,2.8703,2.8703,2.8673,2.8683,2.8753,2.8753,2.8723,2.8733,5
2026-03-31 10:37:00,2.8688,2.8693,2.8648,2.8678,2.8738,2.8743,2.8698,2.8728,20
2026-03-31 10:38:00,2.8673,2.8723,2.8673,2.8713,2.8723,2.8773,2.8723,2.8763,13
2026-03-31 10:39:00,2.8703,2.8738,2.8703,2.8728,2.8753,2.8788,2.8753,2.8778,11
2026-03-31 10:40:00,2.8723,2.8723,2.8718,2.8718,2.8773,2.8773,2.8768,2.8768,2
2026-03-31 10:41:00,2.8723,2.8733,2.8723,2.8728,2.8773,2.8783,2.8773,2.8778,3
2026-03-31 10:42:00,2.8733,2.8753,2.8733,2.8743,2.8783,2.8803,2.8783,2.8793,4
2026-03-31 10:43:00,2.8748,2.8748,2.8718,2.8723,2.8798,2.8798,2.8768,2.8773,10
2026-03-31 10:44:00,2.8713,2.8738,2.8713,2.8718,2.8763,2.8788,2.8763,2.8768,11
2026-03-31 10:45:00,2.8713,2.8728,2.8713,2.8723,2.8763,2.8778,2.8763,2.8773,4
2026-03-31 10:46:00,2.8733,2.8743,2.8723,2.8743,2.8783,2.8793,2.8773,2.8793,7
2026-03-31 10:47:00,2.8753,2.8753,2.8713,2.8713,2.8803,2.8803,2.8763,2.8763,9
2026-03-31 10:48:00,2.8723,2.8728,2.8713,2.8713,2.8773,2.8778,2.8763,2.8763,6
2026-03-31 10:49:00,2.8708,2.8708,2.8673,2.8683,2.8758,2.8758,2.8723,2.8733,7
2026-03-31 10:50:00,2.8678,2.8683,2.8673,2.8683,2.8728,2.8733,2.8723,2.8733,10
2026-03-31 10:51:00,2.8693,2.8703,2.8693,2.8693,2.8743,2.8753,2.8743,2.8743,4
2026-03-31 10:52:00,2.8688,2.8723,2.8688,2.8698,2.8738,2.8773,2.8738,2.8748,11
2026-03-31 10:53:00,2.8693,2.8698,2.8683,2.8683,2.8743,2.8748,2.8733,2.8733,4
2026-03-31 10:54:00,2.8688,2.8703,2.8688,2.8698,2.8738,2.8753,2.8738,2.8748,6
2026-03-31 10:55:00,2.8703,2.8713,2.8703,2.8703,2.8753,2.8763,2.8753,2.8753,5
2026-03-31 10:56:00,2.8713,2.8718,2.8713,2.8718,2.8763,2.8768,2.8763,2.8768,2
2026-03-31 10:57:00,2.8723,2.8723,2.8723,2.8723,2.8773,2.8773,2.8773,2.8773,1
2026-03-31 10:58:00,2.8718,2.8723,2.8708,2.8713,2.8768,2.8773,2.8758,2.8763,4
2026-03-31 10:59:00,2.8708,2.8723,2.8698,2.8708,2.8758,2.8773,2.8748,2.8758,10
2026-03-31 11:00:00,2.8703,2.8703,2.8688,2.8688,2.8753,2.8753,2.8738,2.8738,5
2026-03-31 11:01:00,2.8683,2.8693,2.8663,2.8693,2.8733,2.8743,2.8713,2.8743,13
2026-03-31 11:02:00,2.8698,2.8703,2.8678,2.8678,2.8748,2.8753,2.8728,2.8728,12
2026-03-31 11:03:00,2.8683,2.8693,2.8683,2.8693,2.8733,2.8743,2.8733,2.8743,3
2026-03-31 11:04:00,2.8688,2.8693,2.8663,2.8663,2.8738,2.8743,2.8713,2.8713,8
2026-03-31 11:05:00,2.8673,2.8673,2.8653,2.8653,2.8723,2.8723,2.8703,2.8703,5
2026-03-31 11:06:00,2.8648,2.8653,2.8628,2.8633,2.8698,2.8703,2.8678,2.8683,10
2026-03-31 11:07:00,2.8628,2.8643,2.8628,2.8638,2.8678,2.8693,2.8678,2.8688,10
2026-03-31 11:08:00,2.8643,2.8653,2.8638,2.8638,2.8693,2.8703,2.8688,2.8688,6
2026-03-31 11:09:00,2.8633,2.8653,2.8628,2.8643,2.8683,2.8703,2.8678,2.8693,12
2026-03-31 11:10:00,2.8638,2.8663,2.8638,2.8653,2.8688,2.8713,2.8688,2.8703,10
2026-03-31 11:11:00,2.8648,2.8648,2.8638,2.8638,2.8698,2.8698,2.8688,2.8688,2
2026-03-31 11:12:00,2.8643,2.8663,2.8643,2.8663,2.8693,2.8713,2.8693,2.8713,7
2026-03-31 11:13:00,2.8658,2.8658,2.8633,2.8638,2.8708,2.8708,2.8683,2.8688,7
2026-03-31 11:14:00,2.8643,2.8653,2.8643,2.8653,2.8693,2.8703,2.8693,2.8703,2
2026-03-31 11:15:00,2.8648,2.8653,2.8638,2.8638,2.8698,2.8703,2.8688,2.8688,5
2026-03-31 11:16:00,2.8633,2.8643,2.8633,2.8633,2.8683,2.8693,2.8683,2.8683,6
2026-03-31 11:18:00,2.8628,2.8633,2.8618,2.8633,2.8678,2.8683,2.8668,2.8683,11
2026-03-31 11:19:00,2.8623,2.8633,2.8623,2.8628,2.8673,2.8683,2.8673,2.8678,10
2026-03-31 11:20:00,2.8623,2.8623,2.8603,2.8608,2.8673,2.8673,2.8653,2.8658,5
2026-03-31 11:21:00,2.8613,2.8633,2.8613,2.8633,2.8663,2.8683,2.8663,2.8683,9
2026-03-31 11:22:00,2.8643,2.8643,2.8623,2.8623,2.8693,2.8693,2.8673,2.8673,11
2026-03-31 11:23:00,2.8613,2.8613,2.8598,2.8603,2.8663,2.8663,2.8648,2.8653,8
2026-03-31 11:24:00,2.8598,2.8603,2.8593,2.8598,2.8648,2.8653,2.8643,2.8648,4
2026-03-31 11:25:00,2.8593,2.8623,2.8593,2.8613,2.8643,2.8673,2.8643,2.8663,18
2026-03-31 11:26:00,2.8608,2.8613,2.8593,2.8608,2.8658,2.8663,2.8643,2.8658,9
2026-03-31 11:27:00,2.8613,2.8613,2.8578,2.8593,2.8663,2.8663,2.8628,2.8643,7
2026-03-31 11:28:00,2.8603,2.8633,2.8593,2.8633,2.8653,2.8683,2.8643,2.8683,7
2026-03-31 11:29:00,2.8623,2.8643,2.8623,2.8643,2.8673,2.8693,2.8673,2.8693,7
2026-03-31 11:30:00,2.8653,2.8673,2.8653,2.8668,2.8703,2.8723,2.8703,2.8718,5
2026-03-31 11:31:00,2.8673,2.8693,2.8673,2.8693,2.8723,2.8743,2.8723,2.8743,5
2026-03-31 11:32:00,2.8683,2.8708,2.8683,2.8708,2.8733,2.8758,2.8733,2.8758,6
2026-03-31 11:33:00,2.8713,2.8728,2.8713,2.8728,2.8763,2.8778,2.8763,2.8778,9
2026-03-31 11:34:00,2.8733,2.8733,2.8733,2.8733,2.8783,2.8783,2.8783,2.8783,1
2026-03-31 11:35:00,2.8728,2.8763,2.8728,2.8743,2.8778,2.8813,2.8778,2.8793,10
2026-03-31 11:36:00,2.8753,2.8763,2.8743,2.8758,2.8803,2.8813,2.8793,2.8808,15
2026-03-31 11:37:00,2.8748,2.8758,2.8748,2.8758,2.8798,2.8808,2.8798,2.8808,4
2026-03-31 11:39:00,2.8763,2.8783,2.8763,2.8768,2.8813,2.8833,2.8813,2.8818,7
2026-03-31 11:40:00,2.8753,2.8803,2.8753,2.8778,2.8803,2.8853,2.8803,2.8828,22
2026-03-31 11:41:00,2.8773,2.8778,2.8773,2.8778,2.8823,2.8828,2.8823,2.8828,2
2026-03-31 11:42:00,2.8783,2.8788,2.8773,2.8778,2.8833,2.8838,2.8823,2.8828,6
2026-03-31 11:43:00,2.8783,2.8783,2.8783,2.8783,2.8833,2.8833,2.8833,2.8833,1
2026-03-31 11:44:00,2.8788,2.8788,2.8788,2.8788,2.8838,2.8838,2.8838,2.8838,1
2026-03-31 11:45:00,2.8783,2.8803,2.8783,2.8803,2.8833,2.8853,2.8833,2.8853,11
2026-03-31 11:46:00,2.8813,2.8813,2.8808,2.8808,2.8863,2.8863,2.8858,2.8858,2
2026-03-31 11:47:00,2.8813,2.8833,2.8808,2.8818,2.8863,2.8883,2.8858,2.8868,9
2026-03-31 11:48:00,2.8813,2.8813,2.8803,2.8803,2.8863,2.8863,2.8853,2.8853,2
2026-03-31 11:49:00,2.8808,2.8843,2.8808,2.8823,2.8858,2.8893,2.8858,2.8873,8
2026-03-31 11:50:00,2.8813,2.8823,2.8813,2.8818,2.8863,2.8873,2.8863,2.8868,3
2026-03-31 11:51:00,2.8813,2.8813,2.8803,2.8803,2.8863,2.8863,2.8853,2.8853,3
2026-03-31 11:52:00,2.8808,2.8838,2.8783,2.8823,2.8858,2.8888,2.8833,2.8873,26
2026-03-31 11:53:00,2.8828,2.8833,2.8823,2.8823,2.8878,2.8883,2.8873,2.8873,5
2026-03-31 11:54:00,2.8833,2.8843,2.8828,2.8828,2.8883,2.8893,2.8878,2.8878,7
2026-03-31 11:55:00,2.8838,2.8853,2.8833,2.8843,2.8888,2.8903,2.8883,2.8893,12
2026-03-31 11:56:00,2.8833,2.8843,2.8833,2.8843,2.8883,2.8893,2.8883,2.8893,2
2026-03-31 11:57:00,2.8838,2.8838,2.8828,2.8828,2.8888,2.8888,2.8878,2.8878,5
2026-03-31 11:58:00,2.8818,2.8823,2.8818,2.8818,2.8868,2.8873,2.8868,2.8868,3
2026-03-31 11:59:00,2.8813,2.8818,2.8813,2.8813,2.8863,2.8868,2.8863,2.8863,3
2026-03-31 12:00:00,2.8818,2.8818,2.8793,2.8798,2.8868,2.8868,2.8843,2.8848,7
2026-03-31 12:01:00,2.8793,2.8803,2.8793,2.8803,2.8843,2.8853,2.8843,2.8853,4
2026-03-31 12:02:00,2.8793,2.8813,2.8788,2.8813,2.8843,2.8863,2.8838,2.8863,8
2026-03-31 12:03:00,2.8803,2.8803,2.8798,2.8798,2.8853,2.8853,2.8848,2.8848,2
2026-03-31 12:05:00,2.8803,2.8803,2.8803,2.8803,2.8853,2.8853,2.8853,2.8853,1
2026-03-31 12:06:00,2.8798,2.8798,2.8798,2.8798,2.8848,2.8848,2.8848,2.8848,1
2026-03-31 12:07:00,2.8793,2.8793,2.8778,2.8788,2.8843,2.8843,2.8828,2.8838,10
2026-03-31 12:08:00,2.8793,2.8793,2.8788,2.8788,2.8843,2.8843,2.8838,2.8838,2
2026-03-31 12:09:00,2.8793,2.8793,2.8793,2.8793,2.8843,2.8843,2.8843,2.8843,1
2026-03-31 12:10:00,2.8798,2.8798,2.8783,2.8793,2.8848,2.8848,2.8833,2.8843,5
2026-03-31 12:11:00,2.8798,2.8798,2.8798,2.8798,2.8848,2.8848,2.8848,2.8848,1
2026-03-31 12:12:00,2.8793,2.8803,2.8793,2.8803,2.8843,2.8853,2.8843,2.8853,3
2026-03-31 12:13:00,2.8808,2.8808,2.8798,2.8798,2.8858,2.8858,2.8848,2.8848,2
2026-03-31 12:14:00,2.8803,2.8813,2.8798,2.8813,2.8853,2.8863,2.8848,2.8863,4
2026-03-31 12:15:00,2.8818,2.8828,2.8818,2.8828,2.8868,2.8878,2.8868,2.8878,3
2026-03-31 12:16:00,2.8823,2.8833,2.8823,2.8823,2.8873,2.8883,2.8873,2.8873,4
2026-03-31 12:18:00,2.8833,2.8838,2.8813,2.8813,2.8883,2.8888,2.8863,2.8863,5
2026-03-31 12:19:00,2.8818,2.8823,2.8818,2.8823,2.8868,2.8873,2.8868,2.8873,2
2026-03-31 12:20:00,2.8833,2.8838,2.8833,2.8833,2.8883,2.8888,2.8883,2.8883,3
2026-03-31 12:21:00,2.8838,2.8873,2.8838,2.8853,2.8888,2.8923,2.8888,2.8903,16
2026-03-31 12:22:00,2.8848,2.8873,2.8848,2.8868,2.8898,2.8923,2.8898,2.8918,12
2026-03-31 12:23:00,2.8873,2.8893,2.8873,2.8873,2.8923,2.8943,2.8923,2.8923,10
2026-03-31 12:24:00,2.8878,2.8878,2.8878,2.8878,2.8928,2.8928,2.8928,2.8928,1
2026-03-31 12:25:00,2.8888,2.8888,2.8883,2.8883,2.8938,2.8938,2.8933,2.8933,2
2026-03-31 12:26:00,2.8873,2.8918,2.8873,2.8918,2.8923,2.8968,2.8923,2.8968,12
2026-03-31 12:27:00,2.8913,2.8918,2.8913,2.8918,2.8963,2.8968,2.8963,2.8968,4
2026-03-31 12:28:00,2.8923,2.8923,2.8903,2.8913,2.8973,2.8973,2.8953,2.8963,6
2026-03-31 12:29:00,2.8918,2.8918,2.8878,2.8878,2.8968,2.8968,2.8928,2.8928,10
2026-03-31 12:30:00,2.8873,2.8883,2.8868,2.8878,2.8923,2.8933,2.8918,2.8928,6
2026-03-31 12:31:00,2.8873,2.8873,2.8873,2.8873,2.8923,2.8923,2.8923,2.8923,1
2026-03-31 12:32:00,2.8878,2.8893,2.8878,2.8883,2.8928,2.8943,2.8928,2.8933,7
2026-03-31 12:33:00,2.8888,2.8888,2.8888,2.8888,2.8938,2.8938,2.8938,2.8938,1
2026-03-31 12:34:00,2.8898,2.8908,2.8853,2.8873,2.8948,2.8958,2.8903,2.8923,14
2026-03-31 12:35:00,2.8878,2.8878,2.8833,2.8838,2.8928,2.8928,2.8883,2.8888,12
2026-03-31 12:36:00,2.8833,2.8868,2.8833,2.8868,2.8883,2.8918,2.8883,2.8918,9
2026-03-31 12:37:00,2.8863,2.8878,2.8863,2.8878,2.8913,2.8928,2.8913,2.8928,4
2026-03-31 12:38:00,2.8888,2.8888,2.8883,2.8883,2.8938,2.8938,2.8933,2.8933,4
2026-03-31 12:39:00,2.8888,2.8918,2.8888,2.8913,2.8938,2.8968,2.8938,2.8963,7
2026-03-31 12:40:00,2.8908,2.8913,2.8893,2.8898,2.8958,2.8963,2.8943,2.8948,8
2026-03-31 12:41:00,2.8903,2.8903,2.8873,2.8893,2.8953,2.8953,2.8923,2.8943,11
2026-03-31 12:42:00,2.8888,2.8888,2.8878,2.8888,2.8938,2.8938,2.8928,2.8938,8
2026-03-31 12:43:00,2.8893,2.8933,2.8893,2.8928,2.8943,2.8983,2.8943,2.8978,9
2026-03-31 12:44:00,2.8913,2.8913,2.8903,2.8908,2.8963,2.8963,2.8953,2.8958,4
2026-03-31 12:45:00,2.8903,2.8908,2.8898,2.8898,2.8953,2.8958,2.8948,2.8948,4
2026-03-31 12:46:00,2.8893,2.8893,2.8863,2.8868,2.8943,2.8943,2.8913,2.8918,10
2026-03-31 12:47:00,2.8873,2.8873,2.8858,2.8858,2.8923,2.8923,2.8908,2.8908,4
2026-03-31 12:49:00,2.8863,2.8863,2.8863,2.8863,2.8913,2.8913,2.8913,2.8913,1
2026-03-31 12:50:00,2.8873,2.8878,2.8863,2.8868,2.8923,2.8928,2.8913,2.8918,12
2026-03-31 12:51:00,2.8863,2.8888,2.8863,2.8888,2.8913,2.8938,2.8913,2.8938,4
2026-03-31 12:52:00,2.8903,2.8923,2.8898,2.8913,2.8953,2.8973,2.8948,2.8963,12
2026-03-31 12:53:00,2.8908,2.8908,2.8888,2.8888,2.8958,2.8958,2.8938,2.8938,2
2026-03-31 12:54:00,2.8893,2.8908,2.8893,2.8898,2.8943,2.8958,2.8943,2.8948,8
2026-03-31 12:55:00,2.8903,2.8903,2.8898,2.8898,2.8953,2.8953,2.8948,2.8948,2
2026-03-31 12:56:00,2.8893,2.8893,2.8883,2.8888,2.8943,2.8943,2.8933,2.8938,4
2026-03-31 12:57:00,2.8893,2.8893,2.8888,2.8888,2.8943,2.8943,2.8938,2.8938,4
2026-03-31 12:58:00,2.8893,2.8903,2.8893,2.8898,2.8943,2.8953,2.8943,2.8948,7
2026-03-31 12:59:00,2.8893,2.8893,2.8888,2.8888,2.8943,2.8943,2.8938,2.8938,2
2026-03-31 13:00:00,2.8893,2.8893,2.8818,2.8818,2.8943,2.8943,2.8868,2.8868,19
2026-03-31 13:01:00,2.8823,2.8873,2.8823,2.8863,2.8873,2.8923,2.8873,2.8913,11
2026-03-31 13:02:00,2.8858,2.8868,2.8853,2.8863,2.8908,2.8918,2.8903,2.8913,4
2026-03-31 13:03:00,2.8858,2.8858,2.8853,2.8853,2.8908,2.8908,2.8903,2.8903,4
2026-03-31 13:04:00,2.8848,2.8848,2.8833,2.8838,2.8898,2.8898,2.8883,2.8888,7
2026-03-31 13:05:00,2.8848,2.8863,2.8848,2.8863,2.8898,2.8913,2.8898,2.8913,6
2026-03-31 13:06:00,2.8883,2.8883,2.8868,2.8878,2.8933,2.8933,2.8918,2.8928,6
2026-03-31 13:07:00,2.8883,2.8883,2.8878,2.8878,2.8933,2.8933,2.8928,2.8928,4
2026-03-31 13:08:00,2.8868,2.8868,2.8858,2.8863,2.8918,2.8918,2.8908,2.8913,4
2026-03-31 13:09:00,2.8858,2.8873,2.8858,2.8858,2.8908,2.8923,2.8908,2.8908,5
2026-03-31 13:10:00,2.8863,2.8873,2.8828,2.8838,2.8913,2.8923,2.8878,2.8888,20
2026-03-31 13:11:00,2.8833,2.8833,2.8748,2.8828,2.8883,2.8883,2.8798,2.8878,25
2026-03-31 13:12:00,2.8823,2.8843,2.8803,2.8828,2.8873,2.8893,2.8853,2.8878,11
2026-03-31 13:13:00,2.8833,2.8833,2.8808,2.8828,2.8883,2.8883,2.8858,2.8878,9
2026-03-31 13:14:00,2.8823,2.8828,2.8793,2.8828,2.8873,2.8878,2.8843,2.8878,10
2026-03-31 13:15:00,2.8818,2.8818,2.8798,2.8803,2.8868,2.8868,2.8848,2.8853,9
2026-03-31 13:16:00,2.8798,2.8808,2.8778,2.8803,2.8848,2.8858,2.8828,2.8853,17
2026-03-31 13:17:00,2.8798,2.8808,2.8773,2.8793,2.8848,2.8858,2.8823,2.8843,23
2026-03-31 13:18:00,2.8783,2.8783,2.8733,2.8748,2.8833,2.8833,2.8783,2.8798,24
2026-03-31 13:19:00,2.8753,2.8763,2.8743,2.8753,2.8803,2.8813,2.8793,2.8803,11
2026-03-31 13:20:00,2.8743,2.8753,2.8733,2.8738,2.8793,2.8803,2.8783,2.8788,6
2026-03-31 13:21:00,2.8733,2.8748,2.8723,2.8743,2.8783,2.8798,2.8773,2.8793,9
2026-03-31 13:22:00,2.8748,2.8778,2.8743,2.8753,2.8798,2.8828,2.8793,2.8803,13
2026-03-31 13:23:00,2.8763,2.8773,2.8743,2.8753,2.8813,2.8823,2.8793,2.8803,15
2026-03-31 13:24:00,2.8758,2.8763,2.8753,2.8763,2.8808,2.8813,2.8803,2.8813,7
2026-03-31 13:25:00,2.8748,2.8763,2.8733,2.8758,2.8798,2.8813,2.8783,2.8808,19
2026-03-31 13:26:00,2.8753,2.8763,2.8748,2.8758,2.8803,2.8813,2.8798,2.8808,16
2026-03-31 13:27:00,2.8748,2.8763,2.8748,2.8753,2.8798,2.8813,2.8798,2.8803,10
2026-03-31 13:28:00,2.8763,2.8778,2.8763,2.8778,2.8813,2.8828,2.8813,2.8828,4
2026-03-31 13:29:00,2.8783,2.8823,2.8783,2.8793,2.8833,2.8873,2.8833,2.8843,25
2026-03-31 13:30:00,2.8788,2.8793,2.8723,2.8753,2.8838,2.8843,2.8773,2.8803,41
2026-03-31 13:31:00,2.8763,2.8833,2.8753,2.8833,2.8813,2.8883,2.8803,2.8883,28
2026-03-31 13:32:00,2.8828,2.8833,2.8808,2.8823,2.8878,2.8883,2.8858,2.8873,13
2026-03-31 13:33:00,2.8818,2.8833,2.8813,2.8818,2.8868,2.8883,2.8863,2.8868,13
2026-03-31 13:34:00,2.8823,2.8833,2.8763,2.8768,2.8873,2.8883,2.8813,2.8818,31
2026-03-31 13:35:00,2.8773,2.8783,2.8763,2.8783,2.8823,2.8833,2.8813,2.8833,9
2026-03-31 13:36:00,2.8768,2.8803,2.8763,2.8783,2.8818,2.8853,2.8813,2.8833,29
2026-03-31 13:37:00,2.8788,2.8833,2.8788,2.8833,2.8838,2.8883,2.8838,2.8883,13
2026-03-31 13:38:00,2.8838,2.8873,2.8838,2.8873,2.8888,2.8923,2.8888,2.8923,13
2026-03-31 13:39:00,2.8868,2.8873,2.8828,2.8833,2.8918,2.8923,2.8878,2.8883,20
2026-03-31 13:40:00,2.8828,2.8843,2.8823,2.8843,2.8878,2.8893,2.8873,2.8893,7
2026-03-31 13:41:00,2.8833,2.8833,2.8803,2.8813,2.8883,2.8883,2.8853,2.8863,19
2026-03-31 13:42:00,2.8803,2.8803,2.8793,2.8803,2.8853,2.8853,2.8843,2.8853,5
2026-03-31 13:43:00,2.8813,2.8813,2.8783,2.8783,2.8863,2.8863,2.8833,2.8833,22
2026-03-31 13:44:00,2.8778,2.8778,2.8723,2.8743,2.8828,2.8828,2.8773,2.8793,25
2026-03-31 13:45:00,2.8748,2.8783,2.8738,2.8778,2.8798,2.8833,2.8788,2.8828,17
2026-03-31 13:46:00,2.8773,2.8783,2.8748,2.8753,2.8823,2.8833,2.8798,2.8803,12
2026-03-31 13:47:00,2.8748,2.8753,2.8743,2.8743,2.8798,2.8803,2.8793,2.8793,11
2026-03-31 13:48:00,2.8748,2.8818,2.8698,2.8818,2.8798,2.8868,2.8748,2.8868,38
2026-03-31 13:49:00,2.8813,2.8883,2.8798,2.8838,2.8863,2.8933,2.8848,2.8888,27
2026-03-31 13:50:00,2.8843,2.8868,2.8828,2.8838,2.8893,2.8918,2.8878,2.8888,27
2026-03-31 13:51:00,2.8843,2.8848,2.8833,2.8848,2.8893,2.8898,2.8883,2.8898,13
2026-03-31 13:52:00,2.8833,2.8833,2.8773,2.8788,2.8883,2.8883,2.8823,2.8838,29
2026-03-31 13:53:00,2.8793,2.8793,2.8773,2.8778,2.8843,2.8843,2.8823,2.8828,6
2026-03-31 13:54:00,2.8783,2.8793,2.8773,2.8773,2.8833,2.8843,2.8823,2.8823,25
2026-03-31 13:55:00,2.8778,2.8778,2.8743,2.8768,2.8828,2.8828,2.8793,2.8818,15
2026-03-31 13:56:00,2.8763,2.8768,2.8718,2.8733,2.8813,2.8818,2.8768,2.8783,8
2026-03-31 13:57:00,2.8723,2.8753,2.8723,2.8743,2.8773,2.8803,2.8773,2.8793,11
2026-03-31 13:58:00,2.8738,2.8743,2.8723,2.8723,2.8788,2.8793,2.8773,2.8773,10
2026-03-31 13:59:00,2.8733,2.8763,2.8708,2.8743,2.8783,2.8813,2.8758,2.8793,22
2026-03-31 14:00:00,2.8733,2.8803,2.8713,2.8788,2.8783,2.8853,2.8763,2.8838,30
2026-03-31 14:01:00,2.8783,2.8783,2.8753,2.8778,2.8833,2.8833,2.8803,2.8828,15
2026-03-31 14:02:00,2.8773,2.8773,2.8763,2.8763,2.8823,2.8823,2.8813,2.8813,6
2026-03-31 14:03:00,2.8753,2.8803,2.8748,2.8768,2.8803,2.8853,2.8798,2.8818,26
2026-03-31 14:04:00,2.8773,2.8863,2.8773,2.8858,2.8823,2.8913,2.8823,2.8908,23
2026-03-31 14:05:00,2.8853,2.8863,2.8843,2.8853,2.8903,2.8913,2.8893,2.8903,18
2026-03-31 14:06:00,2.8858,2.8873,2.8843,2.8848,2.8908,2.8923,2.8893,2.8898,7
2026-03-31 14:07:00,2.8843,2.8903,2.8843,2.8883,2.8893,2.8953,2.8893,2.8933,31
2026-03-31 14:08:00,2.8888,2.8933,2.8888,2.8908,2.8938,2.8983,2.8938,2.8958,17
2026-03-31 14:09:00,2.8903,2.8903,2.8833,2.8833,2.8953,2.8953,2.8883,2.8883,24
2026-03-31 14:10:00,2.8838,2.8948,2.8833,2.8938,2.8888,2.8998,2.8883,2.8988,59
2026-03-31 14:11:00,2.8953,2.8963,2.8913,2.8958,2.9003,2.9013,2.8963,2.9008,37
2026-03-31 14:12:00,2.8953,2.8963,2.8928,2.8953,2.9003,2.9013,2.8978,2.9003,25
2026-03-31 14:13:00,2.8948,2.9003,2.8948,2.8993,2.8998,2.9053,2.8998,2.9043,22
2026-03-31 14:14:00,2.8983,2.9018,2.8973,2.8993,2.9033,2.9068,2.9023,2.9043,30
2026-03-31 14:15:00,2.8998,2.9003,2.8978,2.8998,2.9048,2.9053,2.9028,2.9048,16
2026-03-31 14:16:00,2.8993,2.9003,2.8968,2.8993,2.9043,2.9053,2.9018,2.9043,31
2026-03-31 14:17:00,2.9003,2.9018,2.8968,2.8998,2.9053,2.9068,2.9018,2.9048,25
2026-03-31 14:18:00,2.8993,2.9003,2.8933,2.8933,2.9043,2.9053,2.8983,2.8983,34
2026-03-31 14:19:00,2.8943,2.8953,2.8893,2.8893,2.8993,2.9003,2.8943,2.8943,39
2026-03-31 14:20:00,2.8903,2.8918,2.8833,2.8863,2.8953,2.8968,2.8883,2.8913,54
2026-03-31 14:21:00,2.8853,2.8903,2.8803,2.8903,2.8903,2.8953,2.8853,2.8953,43
2026-03-31 14:22:00,2.8923,2.9013,2.8923,2.8963,2.8973,2.9063,2.8973,2.9013,40
2026-03-31 14:23:00,2.8958,2.8993,2.8933,2.8983,2.9008,2.9043,2.8983,2.9033,37
2026-03-31 14:24:00,2.8993,2.9013,2.8993,2.9008,2.9043,2.9063,2.9043,2.9058,13
2026-03-31 14:25:00,2.9003,2.9033,2.8943,2.8968,2.9053,2.9083,2.8993,2.9018,21
2026-03-31 14:26:00,2.8958,2.8983,2.8943,2.8943,2.9008,2.9033,2.8993,2.8993,23
2026-03-31 14:27:00,2.8938,2.8953,2.8888,2.8933,2.8988,2.9003,2.8938,2.8983,43
2026-03-31 14:28:00,2.8918,2.8943,2.8863,2.8873,2.8968,2.8993,2.8913,2.8923,43
2026-03-31 14:29:00,2.8888,2.8933,2.8883,2.8923,2.8938,2.8983,2.8933,2.8973,42
2026-03-31 14:30:00,2.8928,2.9143,2.8928,2.9093,2.8978,2.9193,2.8978,2.9143,72
2026-03-31 14:31:00,2.9083,2.9163,2.9063,2.9153,2.9133,2.9213,2.9113,2.9203,52
2026-03-31 14:32:00,2.9163,2.9173,2.9133,2.9153,2.9213,2.9223,2.9183,2.9203,37
2026-03-31 14:33:00,2.9143,2.9233,2.9143,2.9228,2.9193,2.9283,2.9193,2.9278,65
2026-03-31 14:34:00,2.9223,2.9273,2.9213,2.9228,2.9273,2.9323,2.9263,2.9278,55
2026-03-31 14:35:00,2.9223,2.9258,2.9203,2.9248,2.9273,2.9308,2.9253,2.9298,39
2026-03-31 14:36:00,2.9253,2.9303,2.9253,2.9293,2.9303,2.9353,2.9303,2.9343,35
2026-03-31 14:37:00,2.9283,2.9303,2.9253,2.9273,2.9333,2.9353,2.9303,2.9323,52
2026-03-31 14:38:00,2.9278,2.9383,2.9273,2.9333,2.9328,2.9433,2.9323,2.9383,46
2026-03-31 14:39:00,2.9343,2.9383,2.9323,2.9383,2.9393,2.9433,2.9373,2.9433,46
2026-03-31 14:40:00,2.9373,2.9413,2.9373,2.9403,2.9423,2.9463,2.9423,2.9453,43
2026-03-31 14:41:00,2.9408,2.9543,2.9408,2.9543,2.9458,2.9593,2.9458,2.9593,77
2026-03-31 14:42:00,2.9553,2.9623,2.9533,2.9613,2.9603,2.9673,2.9583,2.9663,48
2026-03-31 14:43:00,2.9598,2.9633,2.9563,2.9633,2.9648,2.9683,2.9613,2.9683,59
2026-03-31 14:44:00,2.9638,2.9683,2.9603,2.9623,2.9688,2.9733,2.9653,2.9673,46
2026-03-31 14:45:00,2.9618,2.9648,2.9573,2.9648,2.9668,2.9698,2.9623,2.9698,56
2026-03-31 14:46:00,2.9653,2.9753,2.9653,2.9723,2.9703,2.9803,2.9703,2.9773,88
2026-03-31 14:47:00,2.9728,2.9753,2.9658,2.9733,2.9778,2.9803,2.9708,2.9783,60
2026-03-31 14:48:00,2.9738,2.9763,2.9713,2.9728,2.9788,2.9813,2.9763,2.9778,69
2026-03-31 14:49:00,2.9723,2.9723,2.9663,2.9673,2.9773,2.9773,2.9713,2.9723,44
2026-03-31 14:50:00,2.9678,2.9708,2.9653,2.9708,2.9728,2.9758,2.9703,2.9758,49
2026-03-31 14:51:00,2.9718,2.9823,2.9713,2.9818,2.9768,2.9873,2.9763,2.9868,74
2026-03-31 14:52:00,2.9813,2.9838,2.9763,2.9773,2.9863,2.9888,2.9813,2.9823,48
2026-03-31 14:53:00,2.9763,2.9803,2.9743,2.9773,2.9813,2.9853,2.9793,2.9823,51
2026-03-31 14:54:00,2.9778,2.9833,2.9763,2.9803,2.9828,2.9883,2.9813,2.9853,43
2026-03-31 14:55:00,2.9808,2.9888,2.9803,2.9888,2.9858,2.9938,2.9853,2.9938,50
2026-03-31 14:56:00,2.9878,2.9903,2.9843,2.9853,2.9928,2.9953,2.9893,2.9903,43
2026-03-31 14:57:00,2.9858,2.9893,2.9803,2.9813,2.9908,2.9943,2.9853,2.9863,76
2026-03-31 14:58:00,2.9823,2.9903,2.9823,2.9903,2.9873,2.9953,2.9873,2.9953,33
2026-03-31 14:59:00,2.9893,2.9903,2.9873,2.9888,2.9943,2.9953,2.9923,2.9938,55
2026-03-31 15:00:00,2.9898,2.9963,2.9863,2.9893,2.9948,3.0013,2.9913,2.9943,84
2026-03-31 15:01:00,2.9903,2.9983,2.9893,2.9953,2.9953,3.0033,2.9943,3.0003,98
2026-03-31 15:02:00,2.9958,3.0033,2.9958,3.0003,3.0008,3.0083,3.0008,3.0053,72
2026-03-31 15:03:00,3.0008,3.0028,2.9983,3.0003,3.0058,3.0078,3.0033,3.0053,44
2026-03-31 15:04:00,3.0008,3.0093,3.0003,3.0083,3.0058,3.0143,3.0053,3.0133,48
2026-03-31 15:05:00,3.0093,3.0178,3.0083,3.0143,3.0143,3.0228,3.0133,3.0193,98
2026-03-31 15:06:00,3.0148,3.0153,3.0053,3.0103,3.0198,3.0203,3.0103,3.0153,64
2026-03-31 15:07:00,3.0108,3.0113,3.0053,3.0058,3.0158,3.0163,3.0103,3.0108,61
2026-03-31 15:08:00,3.0063,3.0073,3.0013,3.0063,3.0113,3.0123,3.0063,3.0113,50
2026-03-31 15:09:00,3.0068,3.0113,3.0063,3.0073,3.0118,3.0163,3.0113,3.0123,52
2026-03-31 15:10:00,3.0078,3.0103,3.0053,3.0063,3.0128,3.0153,3.0103,3.0113,62
2026-03-31 15:11:00,3.0068,3.0078,3.0023,3.0073,3.0118,3.0128,3.0073,3.0123,62
2026-03-31 15:12:00,3.0078,3.0153,3.0063,3.0128,3.0128,3.0203,3.0113,3.0178,49
2026-03-31 15:13:00,3.0123,3.0183,3.0103,3.0133,3.0173,3.0233,3.0153,3.0183,44
2026-03-31 15:14:00,3.0123,3.0138,3.0093,3.0123,3.0173,3.0188,3.0143,3.0173,34
2026-03-31 15:15:00,3.0113,3.0163,3.0113,3.0118,3.0163,3.0213,3.0163,3.0168,48
2026-03-31 15:16:00,3.0123,3.0173,3.0123,3.0158,3.0173,3.0223,3.0173,3.0208,55
2026-03-31 15:17:00,3.0153,3.0203,3.0143,3.0203,3.0203,3.0253,3.0193,3.0253,41
2026-03-31 15:18:00,3.0208,3.0208,3.0163,3.0163,3.0258,3.0258,3.0213,3.0213,22
2026-03-31 15:19:00,3.0168,3.0183,3.0113,3.0123,3.0218,3.0233,3.0163,3.0173,29
2026-03-31 15:20:00,3.0118,3.0143,3.0113,3.0138,3.0168,3.0193,3.0163,3.0188,26
2026-03-31 15:21:00,3.0143,3.0193,3.0103,3.0153,3.0193,3.0243,3.0153,3.0203,61
2026-03-31 15:22:00,3.0158,3.0163,3.0128,3.0143,3.0208,3.0213,3.0178,3.0193,43
2026-03-31 15:23:00,3.0123,3.0153,3.0103,3.0138,3.0173,3.0203,3.0153,3.0188,31
2026-03-31 15:24:00,3.0133,3.0148,3.0053,3.0098,3.0183,3.0198,3.0103,3.0148,66
2026-03-31 15:25:00,3.0093,3.0153,3.0073,3.0123,3.0143,3.0203,3.0123,3.0173,43
2026-03-31 15:26:00,3.0138,3.0163,3.0103,3.0143,3.0188,3.0213,3.0153,3.0193,52
2026-03-31 15:27:00,3.0133,3.0153,3.0133,3.0138,3.0183,3.0203,3.0183,3.0188,24
2026-03-31 15:28:00,3.0143,3.0153,3.0093,3.0143,3.0193,3.0203,3.0143,3.0193,68
2026-03-31 15:29:00,3.0153,3.0183,3.0143,3.0143,3.0203,3.0233,3.0193,3.0193,34
2026-03-31 15:30:00,3.0133,3.0143,2.9953,2.9953,3.0183,3.0193,3.0003,3.0003,105
2026-03-31 15:31:00,2.9958,2.9993,2.9933,2.9978,3.0008,3.0043,2.9983,3.0028,72
2026-03-31 15:32:00,2.9983,2.9993,2.9933,2.9993,3.0033,3.0043,2.9983,3.0043,64
2026-03-31 15:33:00,2.9988,3.0023,2.9963,2.9983,3.0038,3.0073,3.0013,3.0033,66
2026-03-31 15:34:00,2.9988,2.9988,2.9953,2.9968,3.0038,3.0038,3.0003,3.0018,48
2026-03-31 15:35:00,2.9963,3.0013,2.9953,2.9983,3.0013,3.0063,3.0003,3.0033,49
2026-03-31 15:36:00,2.9998,3.0063,2.9993,3.0058,3.0048,3.0113,3.0043,3.0108,55
2026-03-31 15:37:00,3.0063,3.0063,3.0013,3.0033,3.0113,3.0113,3.0063,3.0083,39
2026-03-31 15:38:00,3.0028,3.0053,3.0003,3.0003,3.0078,3.0103,3.0053,3.0053,47
2026-03-31 15:39:00,2.9998,3.0003,2.9973,2.9978,3.0048,3.0053,3.0023,3.0028,25
2026-03-31 15:40:00,2.9963,2.9963,2.9873,2.9918,3.0013,3.0013,2.9923,2.9968,63
2026-03-31 15:41:00,2.9923,3.0028,2.9923,2.9978,2.9973,3.0078,2.9973,3.0028,64
2026-03-31 15:42:00,2.9983,2.9983,2.9903,2.9923,3.0033,3.0033,2.9953,2.9973,42
2026-03-31 15:43:00,2.9918,2.9953,2.9898,2.9948,2.9968,3.0003,2.9948,2.9998,41
2026-03-31 15:44:00,2.9943,2.9943,2.9903,2.9923,2.9993,2.9993,2.9953,2.9973,28
2026-03-31 15:45:00,2.9933,2.9933,2.9863,2.9893,2.9983,2.9983,2.9913,2.9943,51
2026-03-31 15:46:00,2.9898,2.9993,2.9898,2.9953,2.9948,3.0043,2.9948,3.0003,89
2026-03-31 15:47:00,2.9948,2.9973,2.9933,2.9958,2.9998,3.0023,2.9983,3.0008,32
2026-03-31 15:48:00,2.9963,3.0013,2.9933,2.9988,3.0013,3.0063,2.9983,3.0038,67
2026-03-31 15:49:00,2.9983,2.9993,2.9923,2.9943,3.0033,3.0043,2.9973,2.9993,35
2026-03-31 15:50:00,2.9953,2.9968,2.9913,2.9913,3.0003,3.0018,2.9963,2.9963,34
2026-03-31 15:51:00,2.9918,2.9943,2.9863,2.9863,2.9968,2.9993,2.9913,2.9913,47
2026-03-31 15:52:00,2.9853,2.9893,2.9848,2.9853,2.9903,2.9943,2.9898,2.9903,46
2026-03-31 15:53:00,2.9858,2.9868,2.9793,2.9823,2.9908,2.9918,2.9843,2.9873,60
2026-03-31 15:54:00,2.9833,2.9883,2.9828,2.9883,2.9883,2.9933,2.9878,2.9933,36
2026-03-31 15:55:00,2.9878,2.9883,2.9843,2.9853,2.9928,2.9933,2.9893,2.9903,37
2026-03-31 15:56:00,2.9848,2.9913,2.9833,2.9913,2.9898,2.9963,2.9883,2.9963,45
2026-03-31 15:57:00,2.9918,2.9923,2.9873,2.9883,2.9968,2.9973,2.9923,2.9933,32
2026-03-31 15:58:00,2.9878,2.9883,2.9843,2.9863,2.9928,2.9933,2.9893,2.9913,45
2026-03-31 15:59:00,2.9868,2.9868,2.9803,2.9823,2.9918,2.9918,2.9853,2.9873,39
2026-03-31 16:00:00,2.9813,2.9893,2.9813,2.9873,2.9863,2.9943,2.9863,2.9923,50
2026-03-31 16:01:00,2.9878,2.9893,2.9873,2.9893,2.9928,2.9943,2.9923,2.9943,22
2026-03-31 16:02:00,2.9888,2.9933,2.9863,2.9893,2.9938,2.9983,2.9913,2.9943,41
2026-03-31 16:03:00,2.9888,2.9893,2.9823,2.9833,2.9938,2.9943,2.9873,2.9883,34
2026-03-31 16:04:00,2.9828,2.9828,2.9788,2.9808,2.9878,2.9878,2.9838,2.9858,46
2026-03-31 16:05:00,2.9813,2.9843,2.9808,2.9843,2.9863,2.9893,2.9858,2.9893,21
2026-03-31 16:06:00,2.9838,2.9903,2.9823,2.9868,2.9888,2.9953,2.9873,2.9918,49
2026-03-31 16:07:00,2.9873,2.9923,2.9873,2.9918,2.9923,2.9973,2.9923,2.9968,29
2026-03-31 16:08:00,2.9908,2.9913,2.9858,2.9868,2.9958,2.9963,2.9908,2.9918,30
2026-03-31 16:09:00,2.9863,2.9898,2.9863,2.9883,2.9913,2.9948,2.9913,2.9933,45
2026-03-31 16:10:00,2.9893,2.9908,2.9883,2.9893,2.9943,2.9958,2.9933,2.9943,21
2026-03-31 16:11:00,2.9888,2.9893,2.9843,2.9883,2.9938,2.9943,2.9893,2.9933,21
2026-03-31 16:12:00,2.9888,2.9913,2.9858,2.9858,2.9938,2.9963,2.9908,2.9908,32
2026-03-31 16:13:00,2.9853,2.9853,2.9823,2.9823,2.9903,2.9903,2.9873,2.9873,14
2026-03-31 16:14:00,2.9813,2.9813,2.9763,2.9783,2.9863,2.9863,2.9813,2.9833,43
2026-03-31 16:15:00,2.9773,2.9853,2.9773,2.9853,2.9823,2.9903,2.9823,2.9903,32
2026-03-31 16:16:00,2.9843,2.9853,2.9823,2.9833,2.9893,2.9903,2.9873,2.9883,34
2026-03-31 16:17:00,2.9838,2.9848,2.9813,2.9813,2.9888,2.9898,2.9863,2.9863,20
2026-03-31 16:18:00,2.9808,2.9833,2.9793,2.9808,2.9858,2.9883,2.9843,2.9858,36
2026-03-31 16:19:00,2.9813,2.9848,2.9803,2.9848,2.9863,2.9898,2.9853,2.9898,21
2026-03-31 16:20:00,2.9853,2.9868,2.9823,2.9858,2.9903,2.9918,2.9873,2.9908,21
2026-03-31 16:21:00,2.9843,2.9883,2.9843,2.9883,2.9893,2.9933,2.9893,2.9933,29
2026-03-31 16:22:00,2.9888,2.9903,2.9853,2.9868,2.9938,2.9953,2.9903,2.9918,24
2026-03-31 16:23:00,2.9863,2.9863,2.9788,2.9803,2.9913,2.9913,2.9838,2.9853,33
2026-03-31 16:24:00,2.9808,2.9828,2.9793,2.9823,2.9858,2.9878,2.9843,2.9873,23
2026-03-31 16:25:00,2.9813,2.9903,2.9813,2.9893,2.9863,2.9953,2.9863,2.9943,45
2026-03-31 16:26:00,2.9883,2.9913,2.9883,2.9898,2.9933,2.9963,2.9933,2.9948,30
2026-03-31 16:27:00,2.9893,2.9908,2.9853,2.9868,2.9943,2.9958,2.9903,2.9918,27
2026-03-31 16:28:00,2.9878,2.9903,2.9868,2.9873,2.9928,2.9953,2.9918,2.9923,24
2026-03-31 16:29:00,2.9868,2.9868,2.9843,2.9843,2.9918,2.9918,2.9893,2.9893,20
2026-03-31 16:30:00,2.9838,2.9843,2.9703,2.9713,2.9888,2.9893,2.9753,2.9763,70
2026-03-31 16:31:00,2.9718,2.9733,2.9663,2.9683,2.9768,2.9783,2.9713,2.9733,78
2026-03-31 16:32:00,2.9678,2.9723,2.9673,2.9673,2.9728,2.9773,2.9723,2.9723,51
2026-03-31 16:33:00,2.9683,2.9703,2.9673,2.9703,2.9733,2.9753,2.9723,2.9753,28
2026-03-31 16:34:00,2.9713,2.9793,2.9708,2.9793,2.9763,2.9843,2.9758,2.9843,40
2026-03-31 16:35:00,2.9788,2.9793,2.9763,2.9788,2.9838,2.9843,2.9813,2.9838,34
2026-03-31 16:36:00,2.9783,2.9783,2.9733,2.9763,2.9833,2.9833,2.9783,2.9813,26
2026-03-31 16:37:00,2.9768,2.9803,2.9763,2.9793,2.9818,2.9853,2.9813,2.9843,33
2026-03-31 16:38:00,2.9788,2.9813,2.9773,2.9788,2.9838,2.9863,2.9823,2.9838,28
2026-03-31 16:39:00,2.9773,2.9823,2.9753,2.9798,2.9823,2.9873,2.9803,2.9848,34
2026-03-31 16:40:00,2.9803,2.9843,2.9803,2.9828,2.9853,2.9893,2.9853,2.9878,23
2026-03-31 16:41:00,2.9833,2.9838,2.9808,2.9823,2.9883,2.9888,2.9858,2.9873,26
2026-03-31 16:42:00,2.9818,2.9833,2.9803,2.9808,2.9868,2.9883,2.9853,2.9858,22
2026-03-31 16:43:00,2.9813,2.9823,2.9788,2.9788,2.9863,2.9873,2.9838,2.9838,20
2026-03-31 16:44:00,2.9773,2.9783,2.9743,2.9753,2.9823,2.9833,2.9793,2.9803,26
2026-03-31 16:45:00,2.9748,2.9773,2.9728,2.9773,2.9798,2.9823,2.9778,2.9823,28
2026-03-31 16:46:00,2.9768,2.9768,2.9723,2.9733,2.9818,2.9818,2.9773,2.9783,36
2026-03-31 16:47:00,2.9723,2.9758,2.9713,2.9723,2.9773,2.9808,2.9763,2.9773,39
2026-03-31 16:48:00,2.9718,2.9743,2.9708,2.9708,2.9768,2.9793,2.9758,2.9758,50
2026-03-31 16:49:00,2.9713,2.9753,2.9693,2.9743,2.9763,2.9803,2.9743,2.9793,72
2026-03-31 16:50:00,2.9748,2.9753,2.9713,2.9733,2.9798,2.9803,2.9763,2.9783,52
2026-03-31 16:51:00,2.9723,2.9733,2.9713,2.9723,2.9773,2.9783,2.9763,2.9773,14
2026-03-31 16:52:00,2.9733,2.9733,2.9703,2.9723,2.9783,2.9783,2.9753,2.9773,17
2026-03-31 16:53:00,2.9728,2.9743,2.9713,2.9713,2.9778,2.9793,2.9763,2.9763,13
2026-03-31 16:54:00,2.9708,2.9713,2.9683,2.9713,2.9758,2.9763,2.9733,2.9763,25
2026-03-31 16:55:00,2.9708,2.9713,2.9678,2.9693,2.9758,2.9763,2.9728,2.9743,23
2026-03-31 16:56:00,2.9683,2.9708,2.9673,2.9693,2.9733,2.9758,2.9723,2.9743,25
2026-03-31 16:57:00,2.9683,2.9723,2.9683,2.9708,2.9733,2.9773,2.9733,2.9758,24
2026-03-31 16:58:00,2.9713,2.9713,2.9653,2.9668,2.9763,2.9763,2.9703,2.9718,22
2026-03-31 16:59:00,2.9673,2.9693,2.9663,2.9683,2.9723,2.9743,2.9713,2.9733,17
2026-03-31 17:00:00,2.9668,2.9673,2.9538,2.9553,2.9718,2.9723,2.9588,2.9603,75
2026-03-31 17:01:00,2.9558,2.9563,2.9523,2.9563,2.9608,2.9613,2.9573,2.9613,56
2026-03-31 17:02:00,2.9558,2.9563,2.9498,2.9563,2.9608,2.9613,2.9548,2.9613,73
2026-03-31 17:03:00,2.9568,2.9633,2.9553,2.9573,2.9618,2.9683,2.9603,2.9623,63
2026-03-31 17:04:00,2.9563,2.9568,2.9513,2.9523,2.9613,2.9618,2.9563,2.9573,33
2026-03-31 17:05:00,2.9528,2.9553,2.9523,2.9543,2.9578,2.9603,2.9573,2.9593,36
2026-03-31 17:06:00,2.9538,2.9558,2.9523,2.9553,2.9588,2.9608,2.9573,2.9603,35
2026-03-31 17:07:00,2.9548,2.9553,2.9533,2.9543,2.9598,2.9603,2.9583,2.9593,22
2026-03-31 17:08:00,2.9538,2.9543,2.9503,2.9503,2.9588,2.9593,2.9553,2.9553,45
2026-03-31 17:09:00,2.9513,2.9523,2.9488,2.9488,2.9563,2.9573,2.9538,2.9538,22
2026-03-31 17:10:00,2.9483,2.9483,2.9408,2.9408,2.9533,2.9533,2.9458,2.9458,39
2026-03-31 17:11:00,2.9398,2.9413,2.9383,2.9403,2.9448,2.9463,2.9433,2.9453,44
2026-03-31 17:12:00,2.9413,2.9423,2.9323,2.9328,2.9463,2.9473,2.9373,2.9378,50
2026-03-31 17:13:00,2.9318,2.9353,2.9308,2.9313,2.9368,2.9403,2.9358,2.9363,49
2026-03-31 17:14:00,2.9308,2.9308,2.9243,2.9263,2.9358,2.9358,2.9293,2.9313,68
2026-03-31 17:15:00,2.9258,2.9333,2.9253,2.9318,2.9308,2.9383,2.9303,2.9368,55
2026-03-31 17:16:00,2.9313,2.9323,2.9273,2.9293,2.9363,2.9373,2.9323,2.9343,34
2026-03-31 17:17:00,2.9298,2.9333,2.9298,2.9308,2.9348,2.9383,2.9348,2.9358,67
2026-03-31 17:18:00,2.9303,2.9403,2.9273,2.9398,2.9353,2.9453,2.9323,2.9448,40
2026-03-31 17:19:00,2.9393,2.9463,2.9373,2.9448,2.9443,2.9513,2.9423,2.9498,40
2026-03-31 17:20:00,2.9443,2.9503,2.9423,2.9463,2.9493,2.9553,2.9473,2.9513,58
2026-03-31 17:21:00,2.9473,2.9483,2.9413,2.9418,2.9523,2.9533,2.9463,2.9468,35
2026-03-31 17:22:00,2.9413,2.9418,2.9383,2.9383,2.9463,2.9468,2.9433,2.9433,32
2026-03-31 17:23:00,2.9378,2.9403,2.9363,2.9403,2.9428,2.9453,2.9413,2.9453,39
2026-03-31 17:24:00,2.9413,2.9423,2.9383,2.9418,2.9463,2.9473,2.9433,2.9468,35
2026-03-31 17:25:00,2.9413,2.9413,2.9398,2.9413,2.9463,2.9463,2.9448,2.9463,18
2026-03-31 17:26:00,2.9423,2.9463,2.9423,2.9443,2.9473,2.9513,2.9473,2.9493,32
2026-03-31 17:27:00,2.9453,2.9483,2.9433,2.9473,2.9503,2.9533,2.9483,2.9523,38
2026-03-31 17:28:00,2.9483,2.9498,2.9473,2.9493,2.9533,2.9548,2.9523,2.9543,17
2026-03-31 17:29:00,2.9483,2.9513,2.9473,2.9488,2.9533,2.9563,2.9523,2.9538,38
2026-03-31 17:30:00,2.9483,2.9493,2.9443,2.9468,2.9533,2.9543,2.9493,2.9518,31
2026-03-31 17:31:00,2.9473,2.9553,2.9473,2.9553,2.9523,2.9603,2.9523,2.9603,27
2026-03-31 17:32:00,2.9558,2.9563,2.9543,2.9543,2.9608,2.9613,2.9593,2.9593,37
2026-03-31 17:33:00,2.9533,2.9573,2.9533,2.9573,2.9583,2.9623,2.9583,2.9623,19
2026-03-31 17:34:00,2.9563,2.9573,2.9523,2.9533,2.9613,2.9623,2.9573,2.9583,31
2026-03-31 17:35:00,2.9523,2.9523,2.9483,2.9493,2.9573,2.9573,2.9533,2.9543,16
2026-03-31 17:36:00,2.9483,2.9483,2.9418,2.9448,2.9533,2.9533,2.9468,2.9498,24
2026-03-31 17:37:00,2.9443,2.9458,2.9418,2.9418,2.9493,2.9508,2.9468,2.9468,36
2026-03-31 17:38:00,2.9413,2.9443,2.9413,2.9438,2.9463,2.9493,2.9463,2.9488,13
2026-03-31 17:39:00,2.9443,2.9458,2.9423,2.9453,2.9493,2.9508,2.9473,2.9503,26
2026-03-31 17:40:00,2.9448,2.9448,2.9433,2.9443,2.9498,2.9498,2.9483,2.9493,9
2026-03-31 17:41:00,2.9448,2.9498,2.9443,2.9493,2.9498,2.9548,2.9493,2.9543,21
2026-03-31 17:42:00,2.9488,2.9493,2.9443,2.9443,2.9538,2.9543,2.9493,2.9493,29
2026-03-31 17:43:00,2.9433,2.9443,2.9388,2.9403,2.9483,2.9493,2.9438,2.9453,25
2026-03-31 17:44:00,2.9413,2.9483,2.9403,2.9483,2.9463,2.9533,2.9453,2.9533,27
2026-03-31 17:45:00,2.9478,2.9503,2.9463,2.9493,2.9528,2.9553,2.9513,2.9543,19
2026-03-31 17:46:00,2.9488,2.9523,2.9483,2.9483,2.9538,2.9573,2.9533,2.9533,29
2026-03-31 17:47:00,2.9473,2.9513,2.9463,2.9488,2.9523,2.9563,2.9513,2.9538,28
2026-03-31 17:48:00,2.9493,2.9493,2.9453,2.9483,2.9543,2.9543,2.9503,2.9533,13
2026-03-31 17:49:00,2.9488,2.9488,2.9448,2.9453,2.9538,2.9538,2.9498,2.9503,20
2026-03-31 17:50:00,2.9448,2.9473,2.9423,2.9438,2.9498,2.9523,2.9473,2.9488,38
2026-03-31 17:51:00,2.9448,2.9483,2.9443,2.9483,2.9498,2.9533,2.9493,2.9533,28
2026-03-31 17:52:00,2.9488,2.9503,2.9463,2.9468,2.9538,2.9553,2.9513,2.9518,26
2026-03-31 17:53:00,2.9473,2.9473,2.9428,2.9458,2.9523,2.9523,2.9478,2.9508,29
2026-03-31 17:54:00,2.9453,2.9543,2.9443,2.9538,2.9503,2.9593,2.9493,2.9588,32
2026-03-31 17:55:00,2.9533,2.9538,2.9503,2.9503,2.9583,2.9588,2.9553,2.9553,25
2026-03-31 17:56:00,2.9493,2.9553,2.9493,2.9548,2.9543,2.9603,2.9543,2.9598,14
2026-03-31 17:57:00,2.9553,2.9553,2.9513,2.9518,2.9603,2.9603,2.9563,2.9568,28
2026-03-31 17:58:00,2.9513,2.9523,2.9483,2.9503,2.9563,2.9573,2.9533,2.9553,21
2026-03-31 17:59:00,2.9508,2.9563,2.9503,2.9563,2.9558,2.9613,2.9553,2.9613,19
2026-03-31 18:00:00,2.9558,2.9573,2.9513,2.9518,2.9608,2.9623,2.9563,2.9568,24
2026-03-31 18:01:00,2.9513,2.9513,2.9473,2.9493,2.9563,2.9563,2.9523,2.9543,23
2026-03-31 18:02:00,2.9503,2.9513,2.9493,2.9498,2.9553,2.9563,2.9543,2.9548,14
2026-03-31 18:03:00,2.9503,2.9543,2.9503,2.9523,2.9553,2.9593,2.9553,2.9573,15
2026-03-31 18:04:00,2.9533,2.9563,2.9533,2.9563,2.9583,2.9613,2.9583,2.9613,24
2026-03-31 18:05:00,2.9553,2.9573,2.9533,2.9548,2.9603,2.9623,2.9583,2.9598,20
2026-03-31 18:06:00,2.9553,2.9558,2.9518,2.9533,2.9603,2.9608,2.9568,2.9583,24
2026-03-31 18:07:00,2.9523,2.9533,2.9513,2.9523,2.9573,2.9583,2.9563,2.9573,15
2026-03-31 18:08:00,2.9518,2.9518,2.9483,2.9498,2.9568,2.9568,2.9533,2.9548,20
2026-03-31 18:09:00,2.9493,2.9533,2.9488,2.9533,2.9543,2.9583,2.9538,2.9583,18
2026-03-31 18:10:00,2.9528,2.9553,2.9523,2.9523,2.9578,2.9603,2.9573,2.9573,24
2026-03-31 18:11:00,2.9533,2.9603,2.9533,2.9588,2.9583,2.9653,2.9583,2.9638,19
2026-03-31 18:12:00,2.9593,2.9613,2.9593,2.9603,2.9643,2.9663,2.9643,2.9653,13
2026-03-31 18:13:00,2.9608,2.9613,2.9573,2.9573,2.9658,2.9663,2.9623,2.9623,18
2026-03-31 18:14:00,2.9568,2.9568,2.9513,2.9513,2.9618,2.9618,2.9563,2.9563,22
2026-03-31 18:15:00,2.9518,2.9528,2.9493,2.9523,2.9568,2.9578,2.9543,2.9573,24
2026-03-31 18:16:00,2.9533,2.9553,2.9523,2.9553,2.9583,2.9603,2.9573,2.9603,15
2026-03-31 18:17:00,2.9548,2.9583,2.9543,2.9568,2.9598,2.9633,2.9593,2.9618,23
2026-03-31 18:18:00,2.9563,2.9563,2.9533,2.9553,2.9613,2.9613,2.9583,2.9603,21
2026-03-31 18:19:00,2.9548,2.9548,2.9523,2.9533,2.9598,2.9598,2.9573,2.9583,21
2026-03-31 18:20:00,2.9543,2.9543,2.9523,2.9533,2.9593,2.9593,2.9573,2.9583,12
2026-03-31 18:21:00,2.9523,2.9583,2.9513,2.9563,2.9573,2.9633,2.9563,2.9613,29
2026-03-31 18:22:00,2.9558,2.9558,2.9538,2.9553,2.9608,2.9608,2.9588,2.9603,15
2026-03-31 18:23:00,2.9548,2.9573,2.9548,2.9568,2.9598,2.9623,2.9598,2.9618,10
2026-03-31 18:24:00,2.9573,2.9603,2.9563,2.9598,2.9623,2.9653,2.9613,2.9648,16
2026-03-31 18:25:00,2.9593,2.9623,2.9593,2.9608,2.9643,2.9673,2.9643,2.9658,33
2026-03-31 18:26:00,2.9603,2.9613,2.9598,2.9613,2.9653,2.9663,2.9648,2.9663,16
2026-03-31 18:27:00,2.9623,2.9623,2.9603,2.9613,2.9673,2.9673,2.9653,2.9663,7
2026-03-31 18:28:00,2.9608,2.9633,2.9603,2.9623,2.9658,2.9683,2.9653,2.9673,16
2026-03-31 18:29:00,2.9613,2.9623,2.9613,2.9623,2.9663,2.9673,2.9663,2.9673,2
2026-03-31 18:30:00,2.9618,2.9633,2.9603,2.9613,2.9668,2.9683,2.9653,2.9663,9
2026-03-31 18:31:00,2.9623,2.9663,2.9623,2.9653,2.9673,2.9713,2.9673,2.9703,23
2026-03-31 18:32:00,2.9658,2.9703,2.9643,2.9703,2.9708,2.9753,2.9693,2.9753,33
2026-03-31 18:33:00,2.9713,2.9753,2.9713,2.9743,2.9763,2.9803,2.9763,2.9793,32
2026-03-31 18:34:00,2.9738,2.9753,2.9728,2.9738,2.9788,2.9803,2.9778,2.9788,12
2026-03-31 18:35:00,2.9733,2.9763,2.9733,2.9753,2.9783,2.9813,2.9783,2.9803,10
2026-03-31 18:36:00,2.9743,2.9753,2.9713,2.9723,2.9793,2.9803,2.9763,2.9773,29
2026-03-31 18:37:00,2.9728,2.9773,2.9728,2.9773,2.9778,2.9823,2.9778,2.9823,30
2026-03-31 18:38:00,2.9783,2.9818,2.9713,2.9713,2.9833,2.9868,2.9763,2.9763,52
2026-03-31 18:39:00,2.9718,2.9718,2.9503,2.9503,2.9768,2.9768,2.9553,2.9553,95
2026-03-31 18:40:00,2.9493,2.9503,2.9338,2.9343,2.9543,2.9553,2.9388,2.9393,188
2026-03-31 18:41:00,2.9353,2.9383,2.9283,2.9293,2.9403,2.9433,2.9333,2.9343,180
2026-03-31 18:42:00,2.9298,2.9383,2.9203,2.9228,2.9348,2.9433,2.9253,2.9278,148
2026-03-31 18:43:00,2.9218,2.9283,2.9153,2.9253,2.9268,2.9333,2.9203,2.9303,154
2026-03-31 18:44:00,2.9263,2.9383,2.9223,2.9343,2.9313,2.9433,2.9273,2.9393,123
2026-03-31 18:45:00,2.9333,2.9473,2.9333,2.9468,2.9383,2.9523,2.9383,2.9518,103
2026-03-31 18:46:00,2.9458,2.9523,2.9443,2.9473,2.9508,2.9573,2.9493,2.9523,96
2026-03-31 18:47:00,2.9493,2.9508,2.9413,2.9488,2.9543,2.9558,2.9463,2.9538,88
2026-03-31 18:48:00,2.9493,2.9518,2.9453,2.9453,2.9543,2.9568,2.9503,2.9503,42
2026-03-31 18:49:00,2.9468,2.9468,2.9363,2.9373,2.9518,2.9518,2.9413,2.9423,60
2026-03-31 18:50:00,2.9363,2.9403,2.9263,2.9308,2.9413,2.9453,2.9313,2.9358,98
2026-03-31 18:51:00,2.9313,2.9348,2.9303,2.9323,2.9363,2.9398,2.9353,2.9373,54
2026-03-31 18:52:00,2.9338,2.9433,2.9333,2.9433,2.9388,2.9483,2.9383,2.9483,66
2026-03-31 18:53:00,2.9423,2.9433,2.9313,2.9323,2.9473,2.9483,2.9363,2.9373,43
2026-03-31 18:54:00,2.9313,2.9333,2.9283,2.9333,2.9363,2.9383,2.9333,2.9383,48
2026-03-31 18:55:00,2.9338,2.9353,2.9313,2.9313,2.9388,2.9403,2.9363,2.9363,26
2026-03-31 18:56:00,2.9318,2.9348,2.9298,2.9333,2.9368,2.9398,2.9348,2.9383,26
2026-03-31 18:57:00,2.9323,2.9393,2.9318,2.9358,2.9373,2.9443,2.9368,2.9408,39
2026-03-31 18:58:00,2.9353,2.9363,2.9338,2.9353,2.9403,2.9413,2.9388,2.9403,18
2026-03-31 18:59:00,2.9348,2.9373,2.9323,2.9363,2.9398,2.9423,2.9373,2.9413,38
2026-03-31 19:00:00,2.9348,2.9403,2.9333,2.9343,2.9398,2.9453,2.9383,2.9393,42
2026-03-31 19:01:00,2.9338,2.9358,2.9323,2.9343,2.9388,2.9408,2.9373,2.9393,32
2026-03-31 19:02:00,2.9338,2.9348,2.9218,2.9248,2.9388,2.9398,2.9268,2.9298,70
2026-03-31 19:03:00,2.9243,2.9258,2.9173,2.9198,2.9293,2.9308,2.9223,2.9248,85
2026-03-31 19:04:00,2.9193,2.9258,2.9153,2.9253,2.9243,2.9308,2.9203,2.9303,81
2026-03-31 19:05:00,2.9263,2.9373,2.9263,2.9363,2.9313,2.9423,2.9313,2.9413,45
2026-03-31 19:06:00,2.9368,2.9418,2.9363,2.9413,2.9418,2.9468,2.9413,2.9463,42
2026-03-31 19:07:00,2.9418,2.9423,2.9378,2.9378,2.9468,2.9473,2.9428,2.9428,26
2026-03-31 19:08:00,2.9373,2.9378,2.9273,2.9288,2.9423,2.9428,2.9323,2.9338,65
2026-03-31 19:09:00,2.9283,2.9433,2.9273,2.9393,2.9333,2.9483,2.9323,2.9443,82
2026-03-31 19:10:00,2.9403,2.9418,2.9373,2.9403,2.9453,2.9468,2.9423,2.9453,41
2026-03-31 19:11:00,2.9408,2.9423,2.9328,2.9333,2.9458,2.9473,2.9378,2.9383,36
2026-03-31 19:12:00,2.9338,2.9348,2.9313,2.9318,2.9388,2.9398,2.9363,2.9368,29
2026-03-31 19:13:00,2.9313,2.9338,2.9283,2.9323,2.9363,2.9388,2.9333,2.9373,39
2026-03-31 19:14:00,2.9328,2.9333,2.9293,2.9308,2.9378,2.9383,2.9343,2.9358,33
2026-03-31 19:15:00,2.9293,2.9303,2.9238,2.9278,2.9343,2.9353,2.9288,2.9328,50
2026-03-31 19:16:00,2.9283,2.9368,2.9273,2.9358,2.9333,2.9418,2.9323,2.9408,37
2026-03-31 19:17:00,2.9348,2.9383,2.9248,2.9263,2.9398,2.9433,2.9298,2.9313,43
2026-03-31 19:18:00,2.9258,2.9313,2.9243,2.9313,2.9308,2.9363,2.9293,2.9363,36
2026-03-31 19:19:00,2.9308,2.9333,2.9243,2.9258,2.9358,2.9383,2.9293,2.9308,44
2026-03-31 19:20:00,2.9248,2.9303,2.9223,2.9263,2.9298,2.9353,2.9273,2.9313,58
2026-03-31 19:21:00,2.9258,2.9258,2.9173,2.9193,2.9308,2.9308,2.9223,2.9243,69
2026-03-31 19:22:00,2.9203,2.9233,2.9193,2.9208,2.9253,2.9283,2.9243,2.9258,35
2026-03-31 19:23:00,2.9203,2.9253,2.9203,2.9233,2.9253,2.9303,2.9253,2.9283,41
2026-03-31 19:24:00,2.9243,2.9253,2.9193,2.9203,2.9293,2.9303,2.9243,2.9253,31
2026-03-31 19:25:00,2.9198,2.9283,2.9198,2.9263,2.9248,2.9333,2.9248,2.9313,42
2026-03-31 19:26:00,2.9268,2.9293,2.9253,2.9268,2.9318,2.9343,2.9303,2.9318,31
2026-03-31 19:27:00,2.9263,2.9328,2.9243,2.9323,2.9313,2.9378,2.9293,2.9373,46
2026-03-31 19:28:00,2.9318,2.9423,2.9313,2.9403,2.9368,2.9473,2.9363,2.9453,48
2026-03-31 19:29:00,2.9408,2.9418,2.9353,2.9363,2.9458,2.9468,2.9403,2.9413,30
2026-03-31 19:30:00,2.9358,2.9403,2.9353,2.9383,2.9408,2.9453,2.9403,2.9433,39
2026-03-31 19:31:00,2.9388,2.9398,2.9343,2.9348,2.9438,2.9448,2.9393,2.9398,35
2026-03-31 19:32:00,2.9343,2.9353,2.9273,2.9343,2.9393,2.9403,2.9323,2.9393,45
2026-03-31 19:33:00,2.9348,2.9348,2.9308,2.9313,2.9398,2.9398,2.9358,2.9363,24
2026-03-31 19:34:00,2.9318,2.9318,2.9233,2.9253,2.9368,2.9368,2.9283,2.9303,40
2026-03-31 19:35:00,2.9258,2.9303,2.9233,2.9303,2.9308,2.9353,2.9283,2.9353,37
2026-03-31 19:36:00,2.9298,2.9443,2.9288,2.9373,2.9348,2.9493,2.9338,2.9423,89
2026-03-31 19:37:00,2.9368,2.9413,2.9353,2.9408,2.9418,2.9463,2.9403,2.9458,45
2026-03-31 19:38:00,2.9403,2.9423,2.9393,2.9413,2.9453,2.9473,2.9443,2.9463,38
2026-03-31 19:39:00,2.9408,2.9413,2.9363,2.9363,2.9458,2.9463,2.9413,2.9413,27
2026-03-31 19:40:00,2.9368,2.9413,2.9358,2.9393,2.9418,2.9463,2.9408,2.9443,25
2026-03-31 19:41:00,2.9403,2.9423,2.9383,2.9408,2.9453,2.9473,2.9433,2.9458,31
2026-03-31 19:42:00,2.9413,2.9443,2.9408,2.9438,2.9463,2.9493,2.9458,2.9488,33
2026-03-31 19:43:00,2.9443,2.9468,2.9403,2.9423,2.9493,2.9518,2.9453,2.9473,50
2026-03-31 19:44:00,2.9433,2.9443,2.9413,2.9413,2.9483,2.9493,2.9463,2.9463,37
2026-03-31 19:45:00,2.9418,2.9483,2.9393,2.9453,2.9468,2.9533,2.9443,2.9503,33
2026-03-31 19:46:00,2.9448,2.9468,2.9423,2.9443,2.9498,2.9518,2.9473,2.9493,27
2026-03-31 19:47:00,2.9453,2.9453,2.9413,2.9433,2.9503,2.9503,2.9463,2.9483,35
2026-03-31 19:48:00,2.9438,2.9443,2.9423,2.9443,2.9488,2.9493,2.9473,2.9493,30
2026-03-31 19:49:00,2.9438,2.9443,2.9423,2.9433,2.9488,2.9493,2.9473,2.9483,17
2026-03-31 19:50:00,2.9428,2.9428,2.9388,2.9413,2.9478,2.9478,2.9438,2.9463,28
2026-03-31 19:51:00,2.9408,2.9463,2.9408,2.9463,2.9458,2.9513,2.9458,2.9513,19
2026-03-31 19:52:00,2.9458,2.9483,2.9433,2.9473,2.9508,2.9533,2.9483,2.9523,32
2026-03-31 19:53:00,2.9468,2.9468,2.9408,2.9418,2.9518,2.9518,2.9458,2.9468,28
2026-03-31 19:54:00,2.9428,2.9433,2.9423,2.9423,2.9478,2.9483,2.9473,2.9473,17
2026-03-31 19:55:00,2.9433,2.9453,2.9403,2.9443,2.9483,2.9503,2.9453,2.9493,46
2026-03-31 19:56:00,2.9448,2.9483,2.9448,2.9453,2.9498,2.9533,2.9498,2.9503,18
2026-03-31 19:57:00,2.9448,2.9448,2.9423,2.9423,2.9498,2.9498,2.9473,2.9473,27
2026-03-31 19:58:00,2.9428,2.9458,2.9418,2.9423,2.9478,2.9508,2.9468,2.9473,32
2026-03-31 19:59:00,2.9418,2.9463,2.9408,2.9443,2.9468,2.9513,2.9458,2.9493,28
2026-03-31 20:00:00,2.9438,2.9468,2.9433,2.9468,2.9488,2.9518,2.9483,2.9518,31
2026-03-31 20:01:00,2.9473,2.9503,2.9463,2.9473,2.9523,2.9553,2.9513,2.9523,25
2026-03-31 20:02:00,2.9463,2.9473,2.9423,2.9458,2.9513,2.9523,2.9473,2.9508,29
2026-03-31 20:03:00,2.9453,2.9483,2.9443,2.9443,2.9503,2.9533,2.9493,2.9493,34
2026-03-31 20:04:00,2.9448,2.9533,2.9438,2.9503,2.9498,2.9583,2.9488,2.9553,57
2026-03-31 20:05:00,2.9498,2.9523,2.9453,2.9463,2.9548,2.9573,2.9503,2.9513,35
2026-03-31 20:06:00,2.9453,2.9493,2.9453,2.9488,2.9503,2.9543,2.9503,2.9538,26
2026-03-31 20:07:00,2.9473,2.9503,2.9463,2.9463,2.9523,2.9553,2.9513,2.9513,27
2026-03-31 20:08:00,2.9468,2.9493,2.9443,2.9493,2.9518,2.9543,2.9493,2.9543,28
2026-03-31 20:09:00,2.9488,2.9493,2.9473,2.9473,2.9538,2.9543,2.9523,2.9523,20
2026-03-31 20:10:00,2.9478,2.9503,2.9468,2.9503,2.9528,2.9553,2.9518,2.9553,23
2026-03-31 20:11:00,2.9498,2.9543,2.9493,2.9498,2.9548,2.9593,2.9543,2.9548,41
2026-03-31 20:12:00,2.9493,2.9528,2.9493,2.9513,2.9543,2.9578,2.9543,2.9563,28
2026-03-31 20:13:00,2.9518,2.9518,2.9473,2.9473,2.9568,2.9568,2.9523,2.9523,33
2026-03-31 20:14:00,2.9468,2.9468,2.9343,2.9363,2.9518,2.9518,2.9393,2.9413,79
2026-03-31 20:15:00,2.9368,2.9383,2.9343,2.9373,2.9418,2.9433,2.9393,2.9423,37
2026-03-31 20:16:00,2.9363,2.9373,2.9323,2.9323,2.9413,2.9423,2.9373,2.9373,28
2026-03-31 20:17:00,2.9328,2.9333,2.9248,2.9278,2.9378,2.9383,2.9298,2.9328,69
2026-03-31 20:18:00,2.9273,2.9358,2.9263,2.9358,2.9323,2.9408,2.9313,2.9408,34
2026-03-31 20:19:00,2.9363,2.9373,2.9333,2.9333,2.9413,2.9423,2.9383,2.9383,36
2026-03-31 20:20:00,2.9343,2.9343,2.9263,2.9283,2.9393,2.9393,2.9313,2.9333,37
2026-03-31 20:21:00,2.9273,2.9323,2.9268,2.9323,2.9323,2.9373,2.9318,2.9373,28
2026-03-31 20:22:00,2.9318,2.9338,2.9303,2.9303,2.9368,2.9388,2.9353,2.9353,29
2026-03-31 20:23:00,2.9308,2.9323,2.9298,2.9318,2.9358,2.9373,2.9348,2.9368,36
2026-03-31 20:24:00,2.9323,2.9333,2.9293,2.9333,2.9373,2.9383,2.9343,2.9383,36
2026-03-31 20:25:00,2.9323,2.9373,2.9323,2.9348,2.9373,2.9423,2.9373,2.9398,53
2026-03-31 20:26:00,2.9343,2.9408,2.9338,2.9403,2.9393,2.9458,2.9388,2.9453,49
2026-03-31 20:27:00,2.9398,2.9403,2.9323,2.9333,2.9448,2.9453,2.9373,2.9383,61
2026-03-31 20:28:00,2.9323,2.9323,2.9243,2.9303,2.9373,2.9373,2.9293,2.9353,107
2026-03-31 20:29:00,2.9298,2.9303,2.9233,2.9263,2.9348,2.9353,2.9283,2.9313,95
2026-03-31 20:30:00,2.9273,2.9333,2.9233,2.9313,2.9323,2.9383,2.9283,2.9363,58
2026-03-31 20:31:00,2.9308,2.9308,2.9258,2.9293,2.9358,2.9358,2.9308,2.9343,33
2026-03-31 20:32:00,2.9288,2.9343,2.9283,2.9323,2.9338,2.9393,2.9333,2.9373,46
2026-03-31 20:33:00,2.9313,2.9343,2.9313,2.9338,2.9363,2.9393,2.9363,2.9388,19
2026-03-31 20:34:00,2.9348,2.9353,2.9328,2.9333,2.9398,2.9403,2.9378,2.9383,25
2026-03-31 20:35:00,2.9328,2.9343,2.9313,2.9323,2.9378,2.9393,2.9363,2.9373,21
2026-03-31 20:36:00,2.9318,2.9318,2.9273,2.9273,2.9368,2.9368,2.9323,2.9323,15
2026-03-31 20:37:00,2.9268,2.9273,2.9253,2.9268,2.9318,2.9323,2.9303,2.9318,15
2026-03-31 20:38:00,2.9263,2.9263,2.9243,2.9258,2.9313,2.9313,2.9293,2.9308,19
2026-03-31 20:39:00,2.9253,2.9298,2.9253,2.9298,2.9303,2.9348,2.9303,2.9348,16
2026-03-31 20:40:00,2.9303,2.9323,2.9283,2.9293,2.9353,2.9373,2.9333,2.9343,37
2026-03-31 20:41:00,2.9303,2.9363,2.9303,2.9353,2.9353,2.9413,2.9353,2.9403,14
2026-03-31 20:42:00,2.9348,2.9393,2.9343,2.9383,2.9398,2.9443,2.9393,2.9433,27
2026-03-31 20:43:00,2.9378,2.9393,2.9373,2.9388,2.9428,2.9443,2.9423,2.9438,20
2026-03-31 20:44:00,2.9383,2.9388,2.9338,2.9338,2.9433,2.9438,2.9388,2.9388,20
2026-03-31 20:45:00,2.9333,2.9338,2.9323,2.9338,2.9383,2.9388,2.9373,2.9388,7
2026-03-31 20:46:00,2.9343,2.9353,2.9313,2.9323,2.9393,2.9403,2.9363,2.9373,15
2026-03-31 20:47:00,2.9313,2.9323,2.9303,2.9323,2.9363,2.9373,2.9353,2.9373,11
2026-03-31 20:48:00,2.9313,2.9353,2.9313,2.9353,2.9363,2.9403,2.9363,2.9403,12
2026-03-31 20:49:00,2.9363,2.9383,2.9363,2.9383,2.9413,2.9433,2.9413,2.9433,13
2026-03-31 20:50:00,2.9373,2.9373,2.9338,2.9338,2.9423,2.9423,2.9388,2.9388,11
2026-03-31 20:51:00,2.9343,2.9348,2.9303,2.9343,2.9393,2.9398,2.9353,2.9393,17
2026-03-31 20:52:00,2.9353,2.9353,2.9333,2.9348,2.9403,2.9403,2.9383,2.9398,12
2026-03-31 20:53:00,2.9353,2.9373,2.9348,2.9373,2.9403,2.9423,2.9398,2.9423,8
2026-03-31 20:54:00,2.9368,2.9373,2.9358,2.9373,2.9418,2.9423,2.9408,2.9423,8
2026-03-31 20:55:00,2.9368,2.9368,2.9353,2.9358,2.9418,2.9418,2.9403,2.9408,13
2026-03-31 20:56:00,2.9353,2.9363,2.9343,2.9358,2.9403,2.9413,2.9393,2.9408,10
2026-03-31 20:57:00,2.9353,2.9363,2.9343,2.9358,2.9403,2.9413,2.9393,2.9408,19
2026-03-31 20:58:00,2.9363,2.9373,2.9358,2.9363,2.9413,2.9423,2.9408,2.9413,8
2026-03-31 20:59:00,2.9368,2.9383,2.9368,2.9373,2.9418,2.9433,2.9418,2.9423,9
2026-03-31 21:00:00,2.9383,2.9393,2.9343,2.9343,2.9433,2.9443,2.9393,2.9393,18
2026-03-31 21:01:00,2.9348,2.9353,2.9333,2.9343,2.9398,2.9403,2.9383,2.9393,8
2026-03-31 21:02:00,2.9353,2.9363,2.9343,2.9358,2.9403,2.9413,2.9393,2.9408,13
2026-03-31 21:03:00,2.9353,2.9373,2.9343,2.9368,2.9403,2.9423,2.9393,2.9418,11
2026-03-31 21:04:00,2.9373,2.9383,2.9373,2.9378,2.9423,2.9433,2.9423,2.9428,8
2026-03-31 21:05:00,2.9383,2.9393,2.9378,2.9378,2.9433,2.9443,2.9428,2.9428,17
2026-03-31 21:06:00,2.9383,2.9398,2.9373,2.9388,2.9433,2.9448,2.9423,2.9438,10
2026-03-31 21:07:00,2.9393,2.9398,2.9383,2.9393,2.9443,2.9448,2.9433,2.9443,8
2026-03-31 21:08:00,2.9398,2.9403,2.9393,2.9403,2.9448,2.9453,2.9443,2.9453,8
2026-03-31 21:09:00,2.9413,2.9413,2.9413,2.9413,2.9463,2.9463,2.9463,2.9463,1
2026-03-31 21:10:00,2.9403,2.9403,2.9393,2.9393,2.9453,2.9453,2.9443,2.9443,4
2026-03-31 21:11:00,2.9398,2.9423,2.9393,2.9393,2.9448,2.9473,2.9443,2.9443,14
2026-03-31 21:12:00,2.9398,2.9413,2.9393,2.9403,2.9448,2.9463,2.9443,2.9453,9
2026-03-31 21:13:00,2.9393,2.9403,2.9383,2.9393,2.9443,2.9453,2.9433,2.9443,9
2026-03-31 21:14:00,2.9388,2.9403,2.9388,2.9403,2.9438,2.9453,2.9438,2.9453,3
2026-03-31 21:15:00,2.9398,2.9413,2.9393,2.9413,2.9448,2.9463,2.9443,2.9463,15
2026-03-31 21:16:00,2.9408,2.9423,2.9408,2.9423,2.9458,2.9473,2.9458,2.9473,7
2026-03-31 21:17:00,2.9428,2.9433,2.9423,2.9423,2.9478,2.9483,2.9473,2.9473,5
2026-03-31 21:18:00,2.9428,2.9428,2.9413,2.9413,2.9478,2.9478,2.9463,2.9463,6
2026-03-31 21:19:00,2.9408,2.9413,2.9403,2.9413,2.9458,2.9463,2.9453,2.9463,4
2026-03-31 21:20:00,2.9418,2.9418,2.9403,2.9403,2.9468,2.9468,2.9453,2.9453,4
2026-03-31 21:21:00,2.9408,2.9413,2.9398,2.9413,2.9458,2.9463,2.9448,2.9463,6
2026-03-31 21:22:00,2.9408,2.9413,2.9403,2.9413,2.9458,2.9463,2.9453,2.9463,7
2026-03-31 21:23:00,2.9423,2.9433,2.9413,2.9423,2.9473,2.9483,2.9463,2.9473,9
2026-03-31 21:24:00,2.9433,2.9443,2.9413,2.9418,2.9483,2.9493,2.9463,2.9468,13
2026-03-31 21:25:00,2.9413,2.9423,2.9413,2.9423,2.9463,2.9473,2.9463,2.9473,9
2026-03-31 21:26:00,2.9413,2.9413,2.9413,2.9413,2.9463,2.9463,2.9463,2.9463,1
2026-03-31 21:29:00,2.9408,2.9408,2.9393,2.9393,2.9458,2.9458,2.9443,2.9443,3
2026-03-31 21:30:00,2.9383,2.9393,2.9373,2.9383,2.9433,2.9443,2.9423,2.9433,13
2026-03-31 21:31:00,2.9373,2.9373,2.9353,2.9358,2.9423,2.9423,2.9403,2.9408,13
2026-03-31 21:32:00,2.9363,2.9373,2.9343,2.9373,2.9413,2.9423,2.9393,2.9423,15
2026-03-31 21:33:00,2.9383,2.9383,2.9383,2.9383,2.9433,2.9433,2.9433,2.9433,1
2026-03-31 21:34:00,2.9388,2.9403,2.9388,2.9393,2.9438,2.9453,2.9438,2.9443,8
2026-03-31 21:35:00,2.9383,2.9383,2.9383,2.9383,2.9433,2.9433,2.9433,2.9433,1
2026-03-31 21:36:00,2.9373,2.9383,2.9373,2.9383,2.9423,2.9433,2.9423,2.9433,2
2026-03-31 21:37:00,2.9373,2.9373,2.9363,2.9368,2.9423,2.9423,2.9413,2.9418,7
2026-03-31 21:38:00,2.9373,2.9393,2.9373,2.9393,2.9423,2.9443,2.9423,2.9443,9
2026-03-31 21:39:00,2.9383,2.9383,2.9353,2.9363,2.9433,2.9433,2.9403,2.9413,9
2026-03-31 21:40:00,2.9368,2.9378,2.9363,2.9378,2.9418,2.9428,2.9413,2.9428,9
2026-03-31 21:41:00,2.9373,2.9383,2.9368,2.9383,2.9423,2.9433,2.9418,2.9433,7
2026-03-31 21:42:00,2.9398,2.9403,2.9383,2.9398,2.9448,2.9453,2.9433,2.9448,8
2026-03-31 21:43:00,2.9393,2.9443,2.9393,2.9428,2.9443,2.9493,2.9443,2.9478,10
2026-03-31 21:44:00,2.9423,2.9433,2.9413,2.9433,2.9473,2.9483,2.9463,2.9483,7
2026-03-31 21:45:00,2.9423,2.9428,2.9408,2.9418,2.9473,2.9478,2.9458,2.9468,13
2026-03-31 21:46:00,2.9413,2.9433,2.9413,2.9423,2.9463,2.9483,2.9463,2.9473,8
2026-03-31 21:47:00,2.9428,2.9428,2.9408,2.9413,2.9478,2.9478,2.9458,2.9463,5
2026-03-31 21:48:00,2.9408,2.9408,2.9323,2.9343,2.9458,2.9458,2.9373,2.9393,34
2026-03-31 21:49:00,2.9333,2.9333,2.9303,2.9318,2.9383,2.9383,2.9353,2.9368,22
2026-03-31 21:50:00,2.9323,2.9323,2.9293,2.9298,2.9373,2.9373,2.9343,2.9348,12
2026-03-31 21:51:00,2.9303,2.9323,2.9303,2.9323,2.9353,2.9373,2.9353,2.9373,7
2026-03-31 21:52:00,2.9318,2.9328,2.9313,2.9328,2.9368,2.9378,2.9363,2.9378,5
2026-03-31 21:53:00,2.9323,2.9323,2.9313,2.9323,2.9373,2.9373,2.9363,2.9373,4
2026-03-31 21:54:00,2.9328,2.9333,2.9308,2.9308,2.9378,2.9383,2.9358,2.9358,6
2026-03-31 21:55:00,2.9318,2.9348,2.9318,2.9328,2.9368,2.9398,2.9368,2.9378,15
2026-03-31 21:56:00,2.9333,2.9363,2.9333,2.9353,2.9383,2.9413,2.9383,2.9403,10
2026-03-31 21:57:00,2.9358,2.9363,2.9343,2.9353,2.9408,2.9413,2.9393,2.9403,16
2026-03-31 21:58:00,2.9358,2.9373,2.9353,2.9363,2.9408,2.9423,2.9403,2.9413,13
2026-03-31 21:59:00,2.9368,2.9373,2.9353,2.9358,2.9418,2.9423,2.9403,2.9408,17
2026-03-31 22:00:00,2.9363,2.9363,2.9278,2.9303,2.9413,2.9413,2.9328,2.9353,30
2026-03-31 22:01:00,2.9313,2.9323,2.9283,2.9293,2.9363,2.9373,2.9333,2.9343,18
2026-03-31 22:02:00,2.9288,2.9318,2.9288,2.9318,2.9338,2.9368,2.9338,2.9368,5
2026-03-31 22:03:00,2.9313,2.9318,2.9313,2.9313,2.9363,2.9368,2.9363,2.9363,5
2026-03-31 22:04:00,2.9303,2.9313,2.9303,2.9303,2.9353,2.9363,2.9353,2.9353,5
2026-03-31 22:05:00,2.9313,2.9313,2.9283,2.9298,2.9363,2.9363,2.9333,2.9348,11
2026-03-31 22:06:00,2.9293,2.9298,2.9283,2.9293,2.9343,2.9348,2.9333,2.9343,14
2026-03-31 22:07:00,2.9298,2.9303,2.9288,2.9298,2.9348,2.9353,2.9338,2.9348,7
2026-03-31 22:08:00,2.9293,2.9298,2.9288,2.9288,2.9343,2.9348,2.9338,2.9338,4
2026-03-31 22:09:00,2.9293,2.9303,2.9288,2.9288,2.9343,2.9353,2.9338,2.9338,6
2026-03-31 22:10:00,2.9283,2.9293,2.9263,2.9268,2.9333,2.9343,2.9313,2.9318,17
2026-03-31 22:11:00,2.9263,2.9278,2.9248,2.9273,2.9313,2.9328,2.9298,2.9323,18
2026-03-31 22:12:00,2.9283,2.9283,2.9273,2.9283,2.9333,2.9333,2.9323,2.9333,6
2026-03-31 22:13:00,2.9298,2.9298,2.9288,2.9293,2.9348,2.9348,2.9338,2.9343,4
2026-03-31 22:14:00,2.9283,2.9288,2.9283,2.9288,2.9333,2.9338,2.9333,2.9338,2
2026-03-31 22:15:00,2.9283,2.9298,2.9283,2.9298,2.9333,2.9348,2.9333,2.9348,5
2026-03-31 22:16:00,2.9303,2.9308,2.9293,2.9308,2.9353,2.9358,2.9343,2.9358,4
2026-03-31 22:17:00,2.9303,2.9308,2.9303,2.9308,2.9353,2.9358,2.9353,2.9358,4
2026-03-31 22:18:00,2.9298,2.9298,2.9283,2.9283,2.9348,2.9348,2.9333,2.9333,4
2026-03-31 22:19:00,2.9273,2.9278,2.9263,2.9278,2.9323,2.9328,2.9313,2.9328,10
2026-03-31 22:20:00,2.9273,2.9273,2.9273,2.9273,2.9323,2.9323,2.9323,2.9323,1
2026-03-31 22:21:00,2.9278,2.9278,2.9278,2.9278,2.9328,2.9328,2.9328,2.9328,1
2026-03-31 22:22:00,2.9273,2.9278,2.9273,2.9273,2.9323,2.9328,2.9323,2.9323,3
2026-03-31 22:23:00,2.9278,2.9278,2.9253,2.9278,2.9328,2.9328,2.9303,2.9328,8
2026-03-31 22:24:00,2.9273,2.9273,2.9263,2.9273,2.9323,2.9323,2.9313,2.9323,3
2026-03-31 22:25:00,2.9278,2.9278,2.9263,2.9268,2.9328,2.9328,2.9313,2.9318,4
2026-03-31 22:26:00,2.9273,2.9273,2.9268,2.9268,2.9323,2.9323,2.9318,2.9318,6
2026-03-31 22:27:00,2.9263,2.9273,2.9263,2.9273,2.9313,2.9323,2.9313,2.9323,2
2026-03-31 22:28:00,2.9263,2.9273,2.9263,2.9273,2.9313,2.9323,2.9313,2.9323,2
2026-03-31 22:29:00,2.9278,2.9293,2.9273,2.9288,2.9328,2.9343,2.9323,2.9338,8
2026-03-31 22:30:00,2.9283,2.9293,2.9263,2.9283,2.9333,2.9343,2.9313,2.9333,12
2026-03-31 22:31:00,2.9278,2.9288,2.9268,2.9268,2.9328,2.9338,2.9318,2.9318,6
2026-03-31 22:32:00,2.9263,2.9263,2.9263,2.9263,2.9313,2.9313,2.9313,2.9313,1
2026-03-31 22:33:00,2.9273,2.9283,2.9273,2.9273,2.9323,2.9333,2.9323,2.9323,3
2026-03-31 22:34:00,2.9263,2.9273,2.9253,2.9268,2.9313,2.9323,2.9303,2.9318,8
2026-03-31 22:35:00,2.9263,2.9268,2.9263,2.9263,2.9313,2.9318,2.9313,2.9313,3
2026-03-31 22:36:00,2.9268,2.9268,2.9268,2.9268,2.9318,2.9318,2.9318,2.9318,1
2026-03-31 22:37:00,2.9263,2.9263,2.9253,2.9253,2.9313,2.9313,2.9303,2.9303,3
2026-03-31 22:39:00,2.9248,2.9248,2.9233,2.9243,2.9298,2.9298,2.9283,2.9293,5
2026-03-31 22:40:00,2.9238,2.9243,2.9223,2.9223,2.9288,2.9293,2.9273,2.9273,8
2026-03-31 22:41:00,2.9228,2.9238,2.9213,2.9213,2.9278,2.9288,2.9263,2.9263,11
2026-03-31 22:42:00,2.9208,2.9223,2.9203,2.9223,2.9258,2.9273,2.9253,2.9273,7
2026-03-31 22:43:00,2.9233,2.9283,2.9228,2.9283,2.9283,2.9333,2.9278,2.9333,16
2026-03-31 22:44:00,2.9288,2.9303,2.9288,2.9288,2.9338,2.9353,2.9338,2.9338,5
2026-03-31 22:45:00,2.9278,2.9283,2.9258,2.9263,2.9328,2.9333,2.9308,2.9313,14
2026-03-31 22:46:00,2.9268,2.9273,2.9258,2.9258,2.9318,2.9323,2.9308,2.9308,5
2026-03-31 22:47:00,2.9263,2.9273,2.9243,2.9248,2.9313,2.9323,2.9293,2.9298,12
2026-03-31 22:48:00,2.9253,2.9263,2.9248,2.9253,2.9303,2.9313,2.9298,2.9303,12
2026-03-31 22:49:00,2.9248,2.9253,2.9228,2.9243,2.9298,2.9303,2.9278,2.9293,17
2026-03-31 22:50:00,2.9253,2.9253,2.9238,2.9248,2.9303,2.9303,2.9288,2.9298,9
2026-03-31 22:51:00,2.9243,2.9243,2.9228,2.9243,2.9293,2.9293,2.9278,2.9293,7
2026-03-31 22:52:00,2.9238,2.9243,2.9233,2.9238,2.9288,2.9293,2.9283,2.9288,8
2026-03-31 22:53:00,2.9243,2.9243,2.9233,2.9238,2.9293,2.9293,2.9283,2.9288,6
2026-03-31 22:54:00,2.9233,2.9233,2.9218,2.9223,2.9283,2.9283,2.9268,2.9273,8
2026-03-31 22:55:00,2.9218,2.9218,2.9218,2.9218,2.9268,2.9268,2.9268,2.9268,1
2026-03-31 22:56:00,2.9223,2.9223,2.9213,2.9213,2.9273,2.9273,2.9263,2.9263,8
2026-03-31 22:57:00,2.9223,2.9228,2.9213,2.9218,2.9273,2.9278,2.9263,2.9268,5
2026-03-31 22:58:00,2.9228,2.9233,2.9223,2.9223,2.9278,2.9283,2.9273,2.9273,6
2026-03-31 22:59:00,2.9228,2.9233,2.9175,2.9185,2.9278,2.9283,2.9225,2.9235,10
2026-04-01 00:00:00,2.9215,2.9215,2.918,2.9185,2.9265,2.9265,2.923,2.9235,14
2026-04-01 00:01:00,2.9175,2.9195,2.916,2.916,2.9225,2.9245,2.921,2.921,11
2026-04-01 00:02:00,2.917,2.921,2.917,2.92,2.922,2.926,2.922,2.925,15
2026-04-01 00:03:00,2.9195,2.9195,2.916,2.9165,2.9245,2.9245,2.921,2.9215,11
2026-04-01 00:04:00,2.916,2.916,2.9155,2.916,2.921,2.921,2.9205,2.921,3
2026-04-01 00:05:00,2.9155,2.9185,2.915,2.918,2.9205,2.9235,2.92,2.923,5
2026-04-01 00:06:00,2.9185,2.9195,2.918,2.919,2.9235,2.9245,2.923,2.924,5
2026-04-01 00:07:00,2.9185,2.9185,2.9175,2.918,2.9235,2.9235,2.9225,2.923,4
2026-04-01 00:08:00,2.9185,2.9205,2.9185,2.9205,2.9235,2.9255,2.9235,2.9255,3
2026-04-01 00:09:00,2.921,2.9215,2.921,2.9215,2.926,2.9265,2.926,2.9265,2
2026-04-01 00:11:00,2.921,2.921,2.9195,2.9195,2.926,2.926,2.9245,2.9245,4
2026-04-01 00:12:00,2.919,2.9195,2.919,2.919,2.924,2.9245,2.924,2.924,3
2026-04-01 00:13:00,2.9195,2.922,2.9195,2.922,2.9245,2.927,2.9245,2.927,5
2026-04-01 00:14:00,2.9215,2.9215,2.9205,2.9205,2.9265,2.9265,2.9255,2.9255,6
2026-04-01 00:15:00,2.9215,2.9215,2.9195,2.9195,2.9265,2.9265,2.9245,2.9245,6
2026-04-01 00:16:00,2.919,2.919,2.9185,2.9185,2.924,2.924,2.9235,2.9235,2
2026-04-01 00:18:00,2.918,2.9185,2.9175,2.9185,2.923,2.9235,2.9225,2.9235,4
2026-04-01 00:19:00,2.9195,2.9195,2.919,2.919,2.9245,2.9245,2.924,2.924,2
2026-04-01 00:20:00,2.9185,2.919,2.9185,2.919,2.9235,2.924,2.9235,2.924,2
2026-04-01 00:21:00,2.9195,2.9225,2.9195,2.9225,2.9245,2.9275,2.9245,2.9275,5
2026-04-01 00:22:00,2.922,2.9235,2.9215,2.9235,2.927,2.9285,2.9265,2.9285,7
2026-04-01 00:23:00,2.924,2.9245,2.924,2.9245,2.929,2.9295,2.929,2.9295,2
2026-04-01 00:24:00,2.925,2.925,2.924,2.924,2.93,2.93,2.929,2.929,3
2026-04-01 00:25:00,2.9245,2.927,2.9245,2.926,2.9295,2.932,2.9295,2.931,5
2026-04-01 00:26:00,2.9255,2.9255,2.925,2.925,2.9305,2.9305,2.93,2.93,2
2026-04-01 00:27:00,2.9255,2.9255,2.9255,2.9255,2.9305,2.9305,2.9305,2.9305,1
2026-04-01 00:28:00,2.9245,2.925,2.9225,2.9225,2.9295,2.93,2.9275,2.9275,6
2026-04-01 00:29:00,2.922,2.923,2.922,2.923,2.927,2.928,2.927,2.928,2
2026-04-01 00:30:00,2.9225,2.9225,2.922,2.922,2.9275,2.9275,2.927,2.927,2
2026-04-01 00:31:00,2.921,2.922,2.9205,2.922,2.926,2.927,2.9255,2.927,3
2026-04-01 00:32:00,2.921,2.921,2.921,2.921,2.926,2.926,2.926,2.926,1
2026-04-01 00:33:00,2.9205,2.9215,2.919,2.92,2.9255,2.9265,2.924,2.925,6
2026-04-01 00:34:00,2.9195,2.9195,2.919,2.919,2.9245,2.9245,2.924,2.924,2
2026-04-01 00:35:00,2.9195,2.9195,2.9195,2.9195,2.9245,2.9245,2.9245,2.9245,1
2026-04-01 00:36:00,2.92,2.92,2.92,2.92,2.925,2.925,2.925,2.925,1
2026-04-01 00:37:00,2.9195,2.9195,2.9195,2.9195,2.9245,2.9245,2.9245,2.9245,1
2026-04-01 00:38:00,2.92,2.92,2.9195,2.92,2.925,2.925,2.9245,2.925,3
2026-04-01 00:39:00,2.9195,2.9205,2.9195,2.9205,2.9245,2.9255,2.9245,2.9255,3
2026-04-01 00:40:00,2.92,2.92,2.92,2.92,2.925,2.925,2.925,2.925,1
2026-04-01 00:41:00,2.9195,2.92,2.9195,2.92,2.9245,2.925,2.9245,2.925,2
2026-04-01 00:42:00,2.919,2.919,2.9185,2.9185,2.924,2.924,2.9235,2.9235,2
2026-04-01 00:43:00,2.919,2.919,2.919,2.919,2.924,2.924,2.924,2.924,1
2026-04-01 00:45:00,2.92,2.92,2.92,2.92,2.925,2.925,2.925,2.925,1
2026-04-01 00:47:00,2.9205,2.921,2.9205,2.921,2.9255,2.926,2.9255,2.926,2
2026-04-01 00:48:00,2.92,2.92,2.92,2.92,2.925,2.925,2.925,2.925,1
2026-04-01 00:49:00,2.9195,2.92,2.9195,2.92,2.9245,2.925,2.9245,2.925,2
2026-04-01 00:50:00,2.921,2.921,2.921,2.921,2.926,2.926,2.926,2.926,1
2026-04-01 00:51:00,2.9215,2.9215,2.9215,2.9215,2.9265,2.9265,2.9265,2.9265,1
2026-04-01 00:53:00,2.921,2.921,2.921,2.921,2.926,2.926,2.926,2.926,1
2026-04-01 00:54:00,2.9205,2.9205,2.9205,2.9205,2.9255,2.9255,2.9255,2.9255,1
2026-04-01 00:55:00,2.921,2.921,2.92,2.92,2.926,2.926,2.925,2.925,2
2026-04-01 00:58:00,2.921,2.9225,2.921,2.9225,2.926,2.9275,2.926,2.9275,3
2026-04-01 01:00:00,2.923,2.924,2.923,2.9235,2.928,2.929,2.928,2.9285,3
2026-04-01 01:01:00,2.924,2.924,2.924,2.924,2.929,2.929,2.929,2.929,1
2026-04-01 01:02:00,2.9245,2.925,2.9245,2.925,2.9295,2.93,2.9295,2.93,4
2026-04-01 01:04:00,2.926,2.9265,2.926,2.9265,2.931,2.9315,2.931,2.9315,2
2026-04-01 01:06:00,2.9255,2.9255,2.924,2.924,2.9305,2.9305,2.929,2.929,4
2026-04-01 01:07:00,2.9235,2.9235,2.9235,2.9235,2.9285,2.9285,2.9285,2.9285,1
2026-04-01 01:08:00,2.923,2.923,2.923,2.923,2.928,2.928,2.928,2.928,1
2026-04-01 01:09:00,2.9235,2.9245,2.9235,2.9235,2.9285,2.9295,2.9285,2.9285,3
2026-04-01 01:10:00,2.923,2.923,2.923,2.923,2.928,2.928,2.928,2.928,1
2026-04-01 01:12:00,2.9235,2.9245,2.9235,2.9245,2.9285,2.9295,2.9285,2.9295,3
2026-04-01 01:13:00,2.925,2.927,2.925,2.926,2.93,2.932,2.93,2.931,6
2026-04-01 01:14:00,2.927,2.927,2.9265,2.9265,2.932,2.932,2.9315,2.9315,2
2026-04-01 01:15:00,2.927,2.927,2.9265,2.9265,2.932,2.932,2.9315,2.9315,2
2026-04-01 01:16:00,2.9255,2.9255,2.923,2.924,2.9305,2.9305,2.928,2.929,5
2026-04-01 01:18:00,2.923,2.923,2.9225,2.9225,2.928,2.928,2.9275,2.9275,2
2026-04-01 01:19:00,2.9235,2.9235,2.9235,2.9235,2.9285,2.9285,2.9285,2.9285,1
2026-04-01 01:21:00,2.924,2.924,2.922,2.922,2.929,2.929,2.927,2.927,6
2026-04-01 01:22:00,2.9225,2.923,2.9225,2.923,2.9275,2.928,2.9275,2.928,2
2026-04-01 01:23:00,2.9235,2.9235,2.9235,2.9235,2.9285,2.9285,2.9285,2.9285,1
2026-04-01 01:24:00,2.923,2.9235,2.9225,2.9225,2.928,2.9285,2.9275,2.9275,3
2026-04-01 01:25:00,2.923,2.923,2.922,2.922,2.928,2.928,2.927,2.927,3
2026-04-01 01:26:00,2.9215,2.922,2.9215,2.9215,2.9265,2.927,2.9265,2.9265,3
2026-04-01 01:28:00,2.921,2.921,2.9205,2.9205,2.926,2.926,2.9255,2.9255,2
2026-04-01 01:30:00,2.921,2.9225,2.921,2.922,2.926,2.9275,2.926,2.927,4
2026-04-01 01:33:00,2.9225,2.9225,2.9225,2.9225,2.9275,2.9275,2.9275,2.9275,1
2026-04-01 01:35:00,2.923,2.923,2.923,2.923,2.928,2.928,2.928,2.928,1
2026-04-01 01:37:00,2.9225,2.923,2.921,2.923,2.9275,2.928,2.926,2.928,6
2026-04-01 01:38:00,2.924,2.924,2.924,2.924,2.929,2.929,2.929,2.929,1
2026-04-01 01:39:00,2.9235,2.924,2.9235,2.924,2.9285,2.929,2.9285,2.929,2
2026-04-01 01:40:00,2.9245,2.925,2.924,2.9245,2.9295,2.93,2.929,2.9295,4
2026-04-01 01:41:00,2.925,2.9255,2.925,2.9255,2.93,2.9305,2.93,2.9305,2
2026-04-01 01:42:00,2.926,2.926,2.9255,2.9255,2.931,2.931,2.9305,2.9305,4
2026-04-01 01:43:00,2.925,2.925,2.925,2.925,2.93,2.93,2.93,2.93,1
2026-04-01 01:47:00,2.9255,2.926,2.9255,2.926,2.9305,2.931,2.9305,2.931,2
2026-04-01 01:50:00,2.9255,2.926,2.9235,2.9235,2.9305,2.931,2.9285,2.9285,7
2026-04-01 01:52:00,2.923,2.923,2.923,2.923,2.928,2.928,2.928,2.928,1
2026-04-01 01:53:00,2.924,2.9245,2.924,2.9245,2.929,2.9295,2.929,2.9295,2
2026-04-01 01:54:00,2.924,2.9245,2.924,2.9245,2.929,2.9295,2.929,2.9295,2
2026-04-01 01:55:00,2.9235,2.9235,2.922,2.922,2.9285,2.9285,2.927,2.927,3
2026-04-01 01:57:00,2.923,2.923,2.922,2.922,2.928,2.928,2.927,2.927,2
2026-04-01 01:58:00,2.9225,2.9225,2.9185,2.92,2.9275,2.9275,2.9235,2.925,11
2026-04-01 02:00:00,2.9195,2.92,2.9165,2.9185,2.9245,2.925,2.9215,2.9235,12
2026-04-01 02:01:00,2.9175,2.919,2.915,2.916,2.9225,2.924,2.92,2.921,8
2026-04-01 02:02:00,2.9155,2.9155,2.912,2.9135,2.9205,2.9205,2.917,2.9185,13
2026-04-01 02:03:00,2.913,2.915,2.913,2.915,2.918,2.92,2.918,2.92,5
2026-04-01 02:04:00,2.9145,2.9165,2.9135,2.9165,2.9195,2.9215,2.9185,2.9215,10
2026-04-01 02:05:00,2.917,2.918,2.916,2.9175,2.922,2.923,2.921,2.9225,6
2026-04-01 02:06:00,2.917,2.919,2.917,2.9185,2.922,2.924,2.922,2.9235,7
2026-04-01 02:07:00,2.918,2.918,2.915,2.916,2.923,2.923,2.92,2.921,11
2026-04-01 02:08:00,2.9155,2.9165,2.915,2.915,2.9205,2.9215,2.92,2.92,6
2026-04-01 02:09:00,2.9155,2.916,2.9155,2.916,2.9205,2.921,2.9205,2.921,4
2026-04-01 02:10:00,2.9165,2.9165,2.9145,2.915,2.9215,2.9215,2.9195,2.92,6
2026-04-01 02:11:00,2.9145,2.9145,2.9125,2.914,2.9195,2.9195,2.9175,2.919,7
2026-04-01 02:12:00,2.9145,2.9145,2.9145,2.9145,2.9195,2.9195,2.9195,2.9195,1
2026-04-01 02:13:00,2.914,2.9145,2.9135,2.9135,2.919,2.9195,2.9185,2.9185,4
2026-04-01 02:14:00,2.913,2.9135,2.9125,2.9135,2.918,2.9185,2.9175,2.9185,4
2026-04-01 02:15:00,2.9145,2.9185,2.9145,2.9185,2.9195,2.9235,2.9195,2.9235,8
2026-04-01 02:16:00,2.919,2.919,2.914,2.9145,2.924,2.924,2.919,2.9195,11
2026-04-01 02:17:00,2.914,2.9145,2.9135,2.914,2.919,2.9195,2.9185,2.919,9
2026-04-01 02:18:00,2.9135,2.9155,2.913,2.915,2.9185,2.9205,2.918,2.92,9
2026-04-01 02:19:00,2.9145,2.9145,2.9125,2.9135,2.9195,2.9195,2.9175,2.9185,6
2026-04-01 02:20:00,2.914,2.9145,2.9135,2.9145,2.919,2.9195,2.9185,2.9195,12
2026-04-01 02:21:00,2.914,2.914,2.9125,2.914,2.919,2.919,2.9175,2.919,5
2026-04-01 02:22:00,2.9135,2.9145,2.913,2.914,2.9185,2.9195,2.918,2.919,9
2026-04-01 02:23:00,2.9125,2.913,2.9125,2.913,2.9175,2.918,2.9175,2.918,2
2026-04-01 02:24:00,2.9125,2.9145,2.9125,2.9135,2.9175,2.9195,2.9175,2.9185,5
2026-04-01 02:25:00,2.914,2.914,2.9135,2.9135,2.919,2.919,2.9185,2.9185,2
2026-04-01 02:26:00,2.913,2.913,2.9125,2.9125,2.918,2.918,2.9175,2.9175,2
2026-04-01 02:28:00,2.912,2.912,2.912,2.912,2.917,2.917,2.917,2.917,1
2026-04-01 02:29:00,2.9115,2.912,2.911,2.9115,2.9165,2.917,2.916,2.9165,4
2026-04-01 02:30:00,2.911,2.912,2.911,2.911,2.916,2.917,2.916,2.916,5
2026-04-01 02:31:00,2.912,2.9125,2.911,2.912,2.917,2.9175,2.916,2.917,8
2026-04-01 02:32:00,2.911,2.913,2.911,2.913,2.916,2.918,2.916,2.918,7
2026-04-01 02:33:00,2.9125,2.9125,2.912,2.912,2.9175,2.9175,2.917,2.917,4
2026-04-01 02:34:00,2.9125,2.9145,2.9125,2.913,2.9175,2.9195,2.9175,2.918,6
2026-04-01 02:35:00,2.9135,2.9135,2.9135,2.9135,2.9185,2.9185,2.9185,2.9185,1
2026-04-01 02:36:00,2.913,2.914,2.913,2.9135,2.918,2.919,2.918,2.9185,4
2026-04-01 02:37:00,2.914,2.914,2.9135,2.9135,2.919,2.919,2.9185,2.9185,4
2026-04-01 02:38:00,2.913,2.913,2.9125,2.9125,2.918,2.918,2.9175,2.9175,2
2026-04-01 02:39:00,2.913,2.913,2.913,2.913,2.918,2.918,2.918,2.918,1
2026-04-01 02:41:00,2.9135,2.914,2.9135,2.914,2.9185,2.919,2.9185,2.919,2
2026-04-01 02:42:00,2.913,2.913,2.91,2.911,2.918,2.918,2.915,2.916,7
2026-04-01 02:43:00,2.9115,2.9115,2.911,2.911,2.9165,2.9165,2.916,2.916,2
2026-04-01 02:46:00,2.9105,2.9105,2.9105,2.9105,2.9155,2.9155,2.9155,2.9155,1
2026-04-01 02:47:00,2.911,2.911,2.91,2.91,2.916,2.916,2.915,2.915,2
2026-04-01 02:48:00,2.9105,2.9105,2.908,2.908,2.9155,2.9155,2.913,2.913,5
2026-04-01 02:49:00,2.909,2.909,2.907,2.907,2.914,2.914,2.912,2.912,19
2026-04-01 02:50:00,2.9075,2.91,2.9075,2.91,2.9125,2.915,2.9125,2.915,9
2026-04-01 02:51:00,2.9115,2.9115,2.911,2.911,2.9165,2.9165,2.916,2.916,2
2026-04-01 02:52:00,2.9115,2.9115,2.911,2.911,2.9165,2.9165,2.916,2.916,4
2026-04-01 02:53:00,2.912,2.912,2.911,2.911,2.917,2.917,2.916,2.916,2
2026-04-01 02:54:00,2.9115,2.9115,2.9105,2.9105,2.9165,2.9165,2.9155,2.9155,2
2026-04-01 02:55:00,2.911,2.911,2.91,2.91,2.916,2.916,2.915,2.915,4
2026-04-01 02:56:00,2.9095,2.9095,2.908,2.908,2.9145,2.9145,2.913,2.913,5
2026-04-01 02:57:00,2.9085,2.9085,2.908,2.908,2.9135,2.9135,2.913,2.913,2
2026-04-01 02:58:00,2.909,2.909,2.908,2.908,2.914,2.914,2.913,2.913,2
2026-04-01 02:59:00,2.9085,2.9085,2.908,2.9085,2.9135,2.9135,2.913,2.9135,3
2026-04-01 03:00:00,2.9075,2.912,2.907,2.907,2.9125,2.917,2.912,2.912,33
2026-04-01 03:01:00,2.9075,2.908,2.9055,2.908,2.9125,2.913,2.9105,2.913,11
2026-04-01 03:02:00,2.9065,2.907,2.906,2.9065,2.9115,2.912,2.911,2.9115,11
2026-04-01 03:03:00,2.907,2.9075,2.9065,2.9075,2.912,2.9125,2.9115,2.9125,4
2026-04-01 03:04:00,2.9085,2.9085,2.9055,2.906,2.9135,2.9135,2.9105,2.911,12
2026-04-01 03:05:00,2.9065,2.908,2.906,2.9065,2.9115,2.913,2.911,2.9115,8
2026-04-01 03:06:00,2.907,2.9085,2.9065,2.908,2.912,2.9135,2.9115,2.913,6
2026-04-01 03:07:00,2.9085,2.9085,2.907,2.907,2.9135,2.9135,2.912,2.912,3
2026-04-01 03:08:00,2.906,2.9065,2.9055,2.9055,2.911,2.9115,2.9105,2.9105,6
2026-04-01 03:09:00,2.906,2.907,2.906,2.906,2.911,2.912,2.911,2.911,11
2026-04-01 03:10:00,2.907,2.907,2.9055,2.906,2.912,2.912,2.9105,2.911,10
2026-04-01 03:11:00,2.9055,2.9085,2.9055,2.9085,2.9105,2.9135,2.9105,2.9135,11
2026-04-01 03:12:00,2.908,2.911,2.908,2.9095,2.913,2.916,2.913,2.9145,12
2026-04-01 03:13:00,2.909,2.9095,2.908,2.909,2.914,2.9145,2.913,2.914,8
2026-04-01 03:14:00,2.9095,2.91,2.909,2.909,2.9145,2.915,2.914,2.914,6
2026-04-01 03:15:00,2.907,2.907,2.9055,2.9055,2.912,2.912,2.9105,2.9105,5
2026-04-01 03:16:00,2.906,2.9075,2.9055,2.9075,2.911,2.9125,2.9105,2.9125,6
2026-04-01 03:17:00,2.9065,2.907,2.9055,2.907,2.9115,2.912,2.9105,2.912,14
2026-04-01 03:18:00,2.906,2.9065,2.9055,2.9065,2.911,2.9115,2.9105,2.9115,9
2026-04-01 03:19:00,2.906,2.906,2.905,2.9055,2.911,2.911,2.91,2.9105,4
2026-04-01 03:20:00,2.905,2.906,2.905,2.906,2.91,2.911,2.91,2.911,2
2026-04-01 03:21:00,2.9055,2.9055,2.9045,2.905,2.9105,2.9105,2.9095,2.91,32
2026-04-01 03:22:00,2.9055,2.9055,2.9045,2.905,2.9105,2.9105,2.9095,2.91,3
2026-04-01 03:23:00,2.9045,2.906,2.9045,2.906,2.9095,2.911,2.9095,2.911,3
2026-04-01 03:24:00,2.907,2.907,2.906,2.906,2.912,2.912,2.911,2.911,5
2026-04-01 03:25:00,2.9055,2.9065,2.9055,2.906,2.9105,2.9115,2.9105,2.911,16
2026-04-01 03:26:00,2.9055,2.908,2.9045,2.9055,2.9105,2.913,2.9095,2.9105,17
2026-04-01 03:27:00,2.906,2.906,2.9055,2.9055,2.911,2.911,2.9105,2.9105,2
2026-04-01 03:28:00,2.906,2.906,2.9025,2.9035,2.911,2.911,2.9075,2.9085,5
2026-04-01 03:29:00,2.903,2.905,2.903,2.9045,2.908,2.91,2.908,2.9095,8
2026-04-01 03:30:00,2.9035,2.904,2.903,2.9035,2.9085,2.909,2.908,2.9085,5
2026-04-01 03:31:00,2.903,2.904,2.903,2.904,2.908,2.909,2.908,2.909,13
2026-04-01 03:32:00,2.9045,2.905,2.9045,2.905,2.9095,2.91,2.9095,2.91,2
2026-04-01 03:34:00,2.9045,2.907,2.9045,2.906,2.9095,2.912,2.9095,2.911,5
2026-04-01 03:35:00,2.9065,2.907,2.906,2.9065,2.9115,2.912,2.911,2.9115,5
2026-04-01 03:36:00,2.906,2.907,2.906,2.907,2.911,2.912,2.911,2.912,3
2026-04-01 03:37:00,2.906,2.906,2.906,2.906,2.911,2.911,2.911,2.911,1
2026-04-01 03:38:00,2.9065,2.908,2.9065,2.908,2.9115,2.913,2.9115,2.913,5
2026-04-01 03:39:00,2.9075,2.909,2.9075,2.908,2.9125,2.914,2.9125,2.913,4
2026-04-01 03:40:00,2.9085,2.909,2.9085,2.9085,2.9135,2.914,2.9135,2.9135,3
2026-04-01 03:41:00,2.908,2.9085,2.9075,2.9075,2.913,2.9135,2.9125,2.9125,7
2026-04-01 03:42:00,2.908,2.9115,2.908,2.9115,2.913,2.9165,2.913,2.9165,10
2026-04-01 03:43:00,2.912,2.912,2.9115,2.9115,2.917,2.917,2.9165,2.9165,2
2026-04-01 03:44:00,2.911,2.913,2.911,2.912,2.916,2.918,2.916,2.917,13
2026-04-01 03:45:00,2.9125,2.913,2.9125,2.9125,2.9175,2.918,2.9175,2.9175,3
2026-04-01 03:46:00,2.912,2.912,2.9105,2.9105,2.917,2.917,2.9155,2.9155,5
2026-04-01 03:47:00,2.911,2.911,2.91,2.91,2.916,2.916,2.915,2.915,5
2026-04-01 03:48:00,2.9105,2.911,2.9105,2.9105,2.9155,2.916,2.9155,2.9155,3
2026-04-01 03:49:00,2.91,2.91,2.91,2.91,2.915,2.915,2.915,2.915,1
2026-04-01 03:51:00,2.911,2.911,2.91,2.91,2.916,2.916,2.915,2.915,4
2026-04-01 03:52:00,2.909,2.91,2.909,2.91,2.914,2.915,2.914,2.915,4
2026-04-01 03:53:00,2.9105,2.911,2.9105,2.911,2.9155,2.916,2.9155,2.916,4
2026-04-01 03:54:00,2.9105,2.9105,2.9095,2.9095,2.9155,2.9155,2.9145,2.9145,13
2026-04-01 03:55:00,2.909,2.9105,2.909,2.91,2.914,2.9155,2.914,2.915,6
2026-04-01 03:56:00,2.9095,2.9095,2.9085,2.9095,2.9145,2.9145,2.9135,2.9145,9
2026-04-01 03:57:00,2.91,2.91,2.908,2.9085,2.915,2.915,2.913,2.9135,5
2026-04-01 03:58:00,2.908,2.908,2.908,2.908,2.913,2.913,2.913,2.913,1
2026-04-01 03:59:00,2.907,2.908,2.9065,2.9075,2.912,2.913,2.9115,2.9125,10
2026-04-01 04:00:00,2.908,2.909,2.908,2.9085,2.913,2.914,2.913,2.9135,4
2026-04-01 04:01:00,2.908,2.9085,2.908,2.9085,2.913,2.9135,2.913,2.9135,2
2026-04-01 04:02:00,2.908,2.908,2.9075,2.9075,2.913,2.913,2.9125,2.9125,2
2026-04-01 04:03:00,2.908,2.908,2.9075,2.908,2.913,2.913,2.9125,2.913,9
2026-04-01 04:04:00,2.907,2.912,2.907,2.9115,2.912,2.917,2.912,2.9165,8
2026-04-01 04:05:00,2.911,2.912,2.91,2.9105,2.916,2.917,2.915,2.9155,9
2026-04-01 04:06:00,2.911,2.911,2.9105,2.911,2.916,2.916,2.9155,2.916,5
2026-04-01 04:07:00,2.9115,2.912,2.9105,2.9105,2.9165,2.917,2.9155,2.9155,21
2026-04-01 04:08:00,2.91,2.91,2.91,2.91,2.915,2.915,2.915,2.915,1
2026-04-01 04:09:00,2.9095,2.9095,2.9085,2.909,2.9145,2.9145,2.9135,2.914,3
2026-04-01 04:10:00,2.9095,2.9095,2.909,2.909,2.9145,2.9145,2.914,2.914,2
2026-04-01 04:11:00,2.9095,2.9095,2.909,2.9095,2.9145,2.9145,2.914,2.9145,3
2026-04-01 04:12:00,2.909,2.9095,2.909,2.9095,2.914,2.9145,2.914,2.9145,8
2026-04-01 04:13:00,2.909,2.9095,2.909,2.9095,2.914,2.9145,2.914,2.9145,2
2026-04-01 04:14:00,2.9085,2.9085,2.9085,2.9085,2.9135,2.9135,2.9135,2.9135,1
2026-04-01 04:15:00,2.908,2.9095,2.908,2.9085,2.913,2.9145,2.913,2.9135,4
2026-04-01 04:16:00,2.908,2.909,2.9075,2.9085,2.913,2.914,2.9125,2.9135,8
2026-04-01 04:18:00,2.908,2.908,2.908,2.908,2.913,2.913,2.913,2.913,1
2026-04-01 04:19:00,2.907,2.908,2.907,2.908,2.912,2.913,2.912,2.913,4
2026-04-01 04:21:00,2.9085,2.909,2.9085,2.909,2.9135,2.914,2.9135,2.914,2
2026-04-01 04:22:00,2.9095,2.911,2.9095,2.91,2.9145,2.916,2.9145,2.915,3
2026-04-01 04:23:00,2.9105,2.9115,2.9105,2.9105,2.9155,2.9165,2.9155,2.9155,4
2026-04-01 04:24:00,2.91,2.91,2.91,2.91,2.915,2.915,2.915,2.915,1
2026-04-01 04:25:00,2.9095,2.9095,2.9075,2.9075,2.9145,2.9145,2.9125,2.9125,5
2026-04-01 04:26:00,2.9085,2.9085,2.9075,2.9075,2.9135,2.9135,2.9125,2.9125,12
2026-04-01 04:28:00,2.908,2.908,2.908,2.908,2.913,2.913,2.913,2.913,1
2026-04-01 04:29:00,2.9075,2.9075,2.9055,2.906,2.9125,2.9125,2.9105,2.911,25
2026-04-01 04:30:00,2.9065,2.908,2.9065,2.9065,2.9115,2.913,2.9115,2.9115,5
2026-04-01 04:31:00,2.907,2.9075,2.907,2.9075,2.912,2.9125,2.912,2.9125,2
2026-04-01 04:32:00,2.907,2.9095,2.907,2.9095,2.912,2.9145,2.912,2.9145,6
2026-04-01 04:33:00,2.909,2.9105,2.909,2.9105,2.914,2.9155,2.914,2.9155,4
2026-04-01 04:34:00,2.91,2.912,2.91,2.911,2.915,2.917,2.915,2.916,4
2026-04-01 04:35:00,2.91,2.9105,2.91,2.9105,2.915,2.9155,2.915,2.9155,2
2026-04-01 04:36:00,2.911,2.912,2.911,2.911,2.916,2.917,2.916,2.916,4
2026-04-01 04:37:00,2.9115,2.9135,2.911,2.913,2.9165,2.9185,2.916,2.918,14
2026-04-01 04:38:00,2.914,2.914,2.9115,2.912,2.919,2.919,2.9165,2.917,10
2026-04-01 04:40:00,2.9105,2.912,2.9105,2.912,2.9155,2.917,2.9155,2.917,7
2026-04-01 04:41:00,2.9115,2.912,2.9105,2.9105,2.9165,2.917,2.9155,2.9155,8
2026-04-01 04:43:00,2.911,2.911,2.9105,2.9105,2.916,2.916,2.9155,2.9155,2
2026-04-01 04:44:00,2.9115,2.912,2.9105,2.9115,2.9165,2.917,2.9155,2.9165,10
2026-04-01 04:45:00,2.911,2.911,2.9105,2.9105,2.916,2.916,2.9155,2.9155,2
2026-04-01 04:46:00,2.911,2.911,2.911,2.911,2.916,2.916,2.916,2.916,1
2026-04-01 04:47:00,2.9105,2.911,2.9105,2.9105,2.9155,2.916,2.9155,2.9155,3
2026-04-01 04:48:00,2.911,2.9125,2.9105,2.912,2.916,2.9175,2.9155,2.917,12
2026-04-01 04:49:00,2.9125,2.9125,2.91,2.91,2.9175,2.9175,2.915,2.915,6
2026-04-01 04:50:00,2.9105,2.9105,2.9105,2.9105,2.9155,2.9155,2.9155,2.9155,1
2026-04-01 04:51:00,2.911,2.9115,2.911,2.9115,2.916,2.9165,2.916,2.9165,2
2026-04-01 04:52:00,2.9125,2.9125,2.9125,2.9125,2.9175,2.9175,2.9175,2.9175,1
2026-04-01 04:53:00,2.913,2.914,2.913,2.914,2.918,2.919,2.918,2.919,2
2026-04-01 04:57:00,2.9145,2.916,2.914,2.914,2.9195,2.921,2.919,2.919,6
2026-04-01 04:58:00,2.9145,2.917,2.9145,2.917,2.9195,2.922,2.9195,2.922,5
2026-04-01 04:59:00,2.9175,2.9175,2.9165,2.9165,2.9225,2.9225,2.9215,2.9215,4
2026-04-01 05:00:00,2.917,2.917,2.9155,2.9165,2.922,2.922,2.9205,2.9215,6
2026-04-01 05:01:00,2.916,2.916,2.9145,2.915,2.921,2.921,2.9195,2.92,5
2026-04-01 05:02:00,2.914,2.915,2.914,2.915,2.919,2.92,2.919,2.92,2
2026-04-01 05:03:00,2.9145,2.9145,2.9145,2.9145,2.9195,2.9195,2.9195,2.9195,1
2026-04-01 05:04:00,2.9155,2.9155,2.9155,2.9155,2.9205,2.9205,2.9205,2.9205,1
2026-04-01 05:05:00,2.9145,2.9145,2.9135,2.9145,2.9195,2.9195,2.9185,2.9195,9
2026-04-01 05:06:00,2.915,2.916,2.913,2.9135,2.92,2.921,2.918,2.9185,6
2026-04-01 05:07:00,2.913,2.913,2.913,2.913,2.918,2.918,2.918,2.918,1
2026-04-01 05:08:00,2.9135,2.9135,2.911,2.911,2.9185,2.9185,2.916,2.916,9
2026-04-01 05:09:00,2.9115,2.9115,2.9105,2.9115,2.9165,2.9165,2.9155,2.9165,10
2026-04-01 05:11:00,2.912,2.914,2.912,2.9135,2.917,2.919,2.917,2.9185,5
2026-04-01 05:15:00,2.914,2.914,2.914,2.914,2.919,2.919,2.919,2.919,1
2026-04-01 05:16:00,2.9145,2.9145,2.9145,2.9145,2.9195,2.9195,2.9195,2.9195,1
2026-04-01 05:18:00,2.914,2.914,2.9125,2.9135,2.919,2.919,2.9175,2.9185,6
2026-04-01 05:19:00,2.913,2.914,2.913,2.914,2.918,2.919,2.918,2.919,2
2026-04-01 05:21:00,2.9145,2.915,2.9135,2.915,2.9195,2.92,2.9185,2.92,4
2026-04-01 05:24:00,2.9165,2.9165,2.9155,2.9155,2.9215,2.9215,2.9205,2.9205,2
2026-04-01 05:25:00,2.916,2.916,2.9145,2.916,2.921,2.921,2.9195,2.921,4
2026-04-01 05:26:00,2.9155,2.916,2.9155,2.916,2.9205,2.921,2.9205,2.921,2
2026-04-01 05:27:00,2.917,2.921,2.9165,2.9195,2.922,2.926,2.9215,2.9245,19
2026-04-01 05:28:00,2.92,2.921,2.919,2.9205,2.925,2.926,2.924,2.9255,5
2026-04-01 05:29:00,2.921,2.921,2.9185,2.919,2.926,2.926,2.9235,2.924,8
2026-04-01 05:30:00,2.9195,2.921,2.918,2.9205,2.9245,2.926,2.923,2.9255,12
2026-04-01 05:31:00,2.921,2.924,2.92,2.924,2.926,2.929,2.925,2.929,17
2026-04-01 05:32:00,2.9245,2.925,2.924,2.925,2.9295,2.93,2.929,2.93,10
2026-04-01 05:33:00,2.9235,2.929,2.9235,2.928,2.9285,2.934,2.9285,2.933,17
2026-04-01 05:34:00,2.9285,2.929,2.9265,2.927,2.9335,2.934,2.9315,2.932,7
2026-04-01 05:35:00,2.926,2.927,2.9225,2.923,2.931,2.932,2.9275,2.928,19
2026-04-01 05:36:00,2.9235,2.9235,2.9215,2.9225,2.9285,2.9285,2.9265,2.9275,8
2026-04-01 05:37:00,2.922,2.922,2.9205,2.921,2.927,2.927,2.9255,2.926,8
2026-04-01 05:39:00,2.9215,2.923,2.9215,2.923,2.9265,2.928,2.9265,2.928,8
2026-04-01 05:40:00,2.922,2.923,2.922,2.923,2.927,2.928,2.927,2.928,4
2026-04-01 05:41:00,2.9225,2.923,2.921,2.921,2.9275,2.928,2.926,2.926,6
2026-04-01 05:43:00,2.922,2.922,2.9205,2.921,2.927,2.927,2.9255,2.926,3
2026-04-01 05:44:00,2.9215,2.9215,2.9215,2.9215,2.9265,2.9265,2.9265,2.9265,1
2026-04-01 05:45:00,2.921,2.921,2.92,2.92,2.926,2.926,2.925,2.925,2
2026-04-01 05:46:00,2.921,2.921,2.921,2.921,2.926,2.926,2.926,2.926,1
2026-04-01 05:47:00,2.9205,2.9205,2.92,2.92,2.9255,2.9255,2.925,2.925,6
2026-04-01 05:48:00,2.9205,2.921,2.92,2.92,2.9255,2.926,2.925,2.925,15
2026-04-01 05:49:00,2.9205,2.9205,2.9185,2.9185,2.9255,2.9255,2.9235,2.9235,2
2026-04-01 05:51:00,2.919,2.9215,2.919,2.9215,2.924,2.9265,2.924,2.9265,5
2026-04-01 05:53:00,2.921,2.922,2.921,2.922,2.926,2.927,2.926,2.927,5
2026-04-01 05:54:00,2.9225,2.924,2.922,2.924,2.9275,2.929,2.927,2.929,6
2026-04-01 05:56:00,2.9245,2.925,2.923,2.9235,2.9295,2.93,2.928,2.9285,10
2026-04-01 05:57:00,2.924,2.925,2.924,2.925,2.929,2.93,2.929,2.93,2
2026-04-01 05:58:00,2.9245,2.926,2.9235,2.9245,2.9295,2.931,2.9285,2.9295,12
2026-04-01 05:59:00,2.925,2.925,2.9245,2.9245,2.93,2.93,2.9295,2.9295,2
2026-04-01 06:00:00,2.924,2.9245,2.923,2.923,2.929,2.9295,2.928,2.928,6
2026-04-01 06:01:00,2.922,2.9235,2.922,2.9225,2.927,2.9285,2.927,2.9275,12
2026-04-01 06:02:00,2.922,2.922,2.922,2.922,2.927,2.927,2.927,2.927,1
2026-04-01 06:03:00,2.9225,2.9225,2.9215,2.9215,2.9275,2.9275,2.9265,2.9265,3
2026-04-01 06:04:00,2.921,2.921,2.9205,2.9205,2.926,2.926,2.9255,2.9255,2
2026-04-01 06:05:00,2.92,2.92,2.92,2.92,2.925,2.925,2.925,2.925,1
2026-04-01 06:07:00,2.9205,2.922,2.9205,2.922,2.9255,2.927,2.9255,2.927,3
2026-04-01 06:09:00,2.921,2.923,2.921,2.923,2.926,2.928,2.926,2.928,4
2026-04-01 06:10:00,2.9225,2.9225,2.922,2.922,2.9275,2.9275,2.927,2.927,2
2026-04-01 06:12:00,2.9215,2.923,2.9215,2.923,2.9265,2.928,2.9265,2.928,2
2026-04-01 06:15:00,2.924,2.924,2.923,2.923,2.929,2.929,2.928,2.928,2
2026-04-01 06:16:00,2.924,2.924,2.9235,2.924,2.929,2.929,2.9285,2.929,5
2026-04-01 06:17:00,2.9235,2.925,2.9235,2.925,2.9285,2.93,2.9285,2.93,3
2026-04-01 06:18:00,2.9255,2.926,2.9255,2.926,2.9305,2.931,2.9305,2.931,2
2026-04-01 06:19:00,2.9245,2.9245,2.924,2.924,2.9295,2.9295,2.929,2.929,2
2026-04-01 06:20:00,2.9245,2.9245,2.924,2.924,2.9295,2.9295,2.929,2.929,2
2026-04-01 06:21:00,2.9245,2.925,2.9245,2.9245,2.9295,2.93,2.9295,2.9295,3
2026-04-01 06:22:00,2.925,2.925,2.925,2.925,2.93,2.93,2.93,2.93,1
2026-04-01 06:23:00,2.9245,2.9245,2.924,2.9245,2.9295,2.9295,2.929,2.9295,3
2026-04-01 06:24:00,2.924,2.925,2.924,2.925,2.929,2.93,2.929,2.93,3
2026-04-01 06:26:00,2.9255,2.928,2.9255,2.928,2.9305,2.933,2.9305,2.933,5
2026-04-01 06:27:00,2.9275,2.928,2.927,2.927,2.9325,2.933,2.932,2.932,3
2026-04-01 06:28:00,2.9275,2.928,2.927,2.928,2.9325,2.933,2.932,2.933,9
2026-04-01 06:29:00,2.929,2.929,2.928,2.929,2.934,2.934,2.933,2.934,9
2026-04-01 06:30:00,2.93,2.931,2.93,2.931,2.935,2.936,2.935,2.936,8
2026-04-01 06:31:00,2.932,2.933,2.932,2.933,2.937,2.938,2.937,2.938,4
2026-04-01 06:32:00,2.9335,2.937,2.9335,2.937,2.9385,2.942,2.9385,2.942,9
2026-04-01 06:33:00,2.938,2.938,2.937,2.9375,2.943,2.943,2.942,2.9425,7
2026-04-01 06:34:00,2.936,2.9375,2.9335,2.9345,2.941,2.9425,2.9385,2.9395,9
2026-04-01 06:35:00,2.934,2.934,2.931,2.931,2.939,2.939,2.936,2.936,8
2026-04-01 06:36:00,2.93,2.93,2.929,2.93,2.935,2.935,2.934,2.935,6
2026-04-01 06:37:00,2.9295,2.9295,2.929,2.929,2.9345,2.9345,2.934,2.934,2
2026-04-01 06:38:00,2.9295,2.9295,2.929,2.9295,2.9345,2.9345,2.934,2.9345,3
2026-04-01 06:39:00,2.929,2.9295,2.929,2.9295,2.934,2.9345,2.934,2.9345,2
2026-04-01 06:40:00,2.929,2.9295,2.9285,2.9285,2.934,2.9345,2.9335,2.9335,4
2026-04-01 06:41:00,2.929,2.929,2.9285,2.929,2.934,2.934,2.9335,2.934,5
2026-04-01 06:43:00,2.9295,2.9295,2.9285,2.9285,2.9345,2.9345,2.9335,2.9335,6
2026-04-01 06:44:00,2.929,2.93,2.9285,2.93,2.934,2.935,2.9335,2.935,6
2026-04-01 06:45:00,2.9295,2.93,2.9295,2.93,2.9345,2.935,2.9345,2.935,2
2026-04-01 06:46:00,2.929,2.93,2.9285,2.93,2.934,2.935,2.9335,2.935,4
2026-04-01 06:47:00,2.9295,2.932,2.9295,2.931,2.9345,2.937,2.9345,2.936,18
2026-04-01 06:48:00,2.9295,2.9295,2.929,2.929,2.9345,2.9345,2.934,2.934,2
2026-04-01 06:49:00,2.9285,2.9285,2.9285,2.9285,2.9335,2.9335,2.9335,2.9335,1
2026-04-01 06:50:00,2.928,2.928,2.9265,2.927,2.933,2.933,2.9315,2.932,11
2026-04-01 06:51:00,2.926,2.926,2.925,2.925,2.931,2.931,2.93,2.93,6
2026-04-01 06:52:00,2.9255,2.9265,2.9255,2.9265,2.9305,2.9315,2.9305,2.9315,3
2026-04-01 06:53:00,2.926,2.926,2.926,2.926,2.931,2.931,2.931,2.931,1
2026-04-01 06:54:00,2.9265,2.9275,2.9265,2.9275,2.9315,2.9325,2.9315,2.9325,6
2026-04-01 06:55:00,2.928,2.929,2.928,2.929,2.933,2.934,2.933,2.934,6
2026-04-01 06:56:00,2.93,2.93,2.927,2.927,2.935,2.935,2.932,2.932,8
2026-04-01 06:57:00,2.9265,2.9275,2.926,2.926,2.9315,2.9325,2.931,2.931,5
2026-04-01 06:58:00,2.927,2.927,2.926,2.926,2.932,2.932,2.931,2.931,5
2026-04-01 06:59:00,2.927,2.9275,2.927,2.9275,2.932,2.9325,2.932,2.9325,2
2026-04-01 07:00:00,2.927,2.928,2.926,2.927,2.932,2.933,2.931,2.932,9
2026-04-01 07:02:00,2.9275,2.9275,2.927,2.927,2.9325,2.9325,2.932,2.932,4
2026-04-01 07:06:00,2.9275,2.9285,2.925,2.9285,2.9325,2.9335,2.93,2.9335,13
2026-04-01 07:07:00,2.929,2.9295,2.927,2.927,2.934,2.9345,2.932,2.932,7
2026-04-01 07:08:00,2.928,2.9295,2.928,2.929,2.933,2.9345,2.933,2.934,6
2026-04-01 07:10:00,2.9285,2.9285,2.9285,2.9285,2.9335,2.9335,2.9335,2.9335,1
2026-04-01 07:11:00,2.928,2.928,2.927,2.927,2.933,2.933,2.932,2.932,2
2026-04-01 07:12:00,2.9275,2.9275,2.927,2.927,2.9325,2.9325,2.932,2.932,2
2026-04-01 07:13:00,2.9275,2.929,2.9275,2.929,2.9325,2.934,2.9325,2.934,3
2026-04-01 07:14:00,2.928,2.928,2.927,2.927,2.933,2.933,2.932,2.932,3
2026-04-01 07:15:00,2.9265,2.927,2.9265,2.9265,2.9315,2.932,2.9315,2.9315,3
2026-04-01 07:16:00,2.926,2.9265,2.9255,2.9265,2.931,2.9315,2.9305,2.9315,4
2026-04-01 07:17:00,2.926,2.926,2.926,2.926,2.931,2.931,2.931,2.931,1
2026-04-01 07:18:00,2.9265,2.927,2.9255,2.9255,2.9315,2.932,2.9305,2.9305,4
2026-04-01 07:19:00,2.926,2.926,2.925,2.925,2.931,2.931,2.93,2.93,2
2026-04-01 07:20:00,2.9255,2.9255,2.9255,2.9255,2.9305,2.9305,2.9305,2.9305,1
2026-04-01 07:21:00,2.926,2.926,2.9255,2.9255,2.931,2.931,2.9305,2.9305,2
2026-04-01 07:22:00,2.926,2.927,2.926,2.926,2.931,2.932,2.931,2.931,4
2026-04-01 07:23:00,2.9265,2.9265,2.9265,2.9265,2.9315,2.9315,2.9315,2.9315,1
2026-04-01 07:24:00,2.925,2.925,2.925,2.925,2.93,2.93,2.93,2.93,1
2026-04-01 07:26:00,2.9255,2.926,2.9255,2.9255,2.9305,2.931,2.9305,2.9305,3
2026-04-01 07:27:00,2.926,2.926,2.923,2.923,2.931,2.931,2.928,2.928,4
2026-04-01 07:28:00,2.9235,2.9245,2.9235,2.9245,2.9285,2.9295,2.9285,2.9295,2
2026-04-01 07:30:00,2.924,2.924,2.923,2.923,2.929,2.929,2.928,2.928,4
2026-04-01 07:31:00,2.9215,2.922,2.9215,2.922,2.9265,2.927,2.9265,2.927,2
2026-04-01 07:32:00,2.923,2.923,2.923,2.923,2.928,2.928,2.928,2.928,1
2026-04-01 07:33:00,2.9235,2.9235,2.9235,2.9235,2.9285,2.9285,2.9285,2.9285,1
2026-04-01 07:34:00,2.924,2.924,2.921,2.9215,2.929,2.929,2.926,2.9265,8
2026-04-01 07:36:00,2.922,2.923,2.922,2.923,2.927,2.928,2.927,2.928,3
2026-04-01 07:37:00,2.9225,2.9225,2.9225,2.9225,2.9275,2.9275,2.9275,2.9275,1
2026-04-01 07:38:00,2.922,2.922,2.9215,2.9215,2.927,2.927,2.9265,2.9265,2
2026-04-01 07:39:00,2.921,2.9215,2.921,2.9215,2.926,2.9265,2.926,2.9265,2
2026-04-01 07:40:00,2.922,2.922,2.9215,2.9215,2.927,2.927,2.9265,2.9265,4
2026-04-01 07:41:00,2.9225,2.9225,2.921,2.921,2.9275,2.9275,2.926,2.926,3
2026-04-01 07:42:00,2.92,2.9215,2.92,2.9215,2.925,2.9265,2.925,2.9265,4
2026-04-01 07:43:00,2.921,2.9215,2.921,2.921,2.926,2.9265,2.926,2.926,3
2026-04-01 07:45:00,2.9205,2.9205,2.9195,2.9195,2.9255,2.9255,2.9245,2.9245,2
2026-04-01 07:46:00,2.92,2.92,2.92,2.92,2.925,2.925,2.925,2.925,1
2026-04-01 07:47:00,2.9195,2.921,2.9195,2.9195,2.9245,2.926,2.9245,2.9245,7
2026-04-01 07:48:00,2.92,2.92,2.9195,2.92,2.925,2.925,2.9245,2.925,3
2026-04-01 07:49:00,2.9195,2.9195,2.916,2.9165,2.9245,2.9245,2.921,2.9215,8
2026-04-01 07:50:00,2.916,2.917,2.916,2.9165,2.921,2.922,2.921,2.9215,3
2026-04-01 07:51:00,2.916,2.917,2.916,2.917,2.921,2.922,2.921,2.922,5
2026-04-01 07:52:00,2.9165,2.917,2.916,2.917,2.9215,2.922,2.921,2.922,3
2026-04-01 07:53:00,2.9165,2.918,2.915,2.918,2.9215,2.923,2.92,2.923,10
2026-04-01 07:54:00,2.9185,2.9185,2.9185,2.9185,2.9235,2.9235,2.9235,2.9235,1
2026-04-01 07:55:00,2.9195,2.9225,2.9195,2.9225,2.9245,2.9275,2.9245,2.9275,5
2026-04-01 07:56:00,2.922,2.924,2.922,2.923,2.927,2.929,2.927,2.928,4
2026-04-01 07:57:00,2.924,2.925,2.921,2.921,2.929,2.93,2.926,2.926,9
2026-04-01 07:58:00,2.9215,2.9215,2.921,2.921,2.9265,2.9265,2.926,2.926,2
2026-04-01 07:59:00,2.9205,2.9205,2.92,2.9205,2.9255,2.9255,2.925,2.9255,5
2026-04-01 08:00:00,2.92,2.9235,2.92,2.9225,2.925,2.9285,2.925,2.9275,13
2026-04-01 08:01:00,2.923,2.925,2.9225,2.9245,2.928,2.93,2.9275,2.9295,11
2026-04-01 08:02:00,2.924,2.925,2.9215,2.9215,2.929,2.93,2.9265,2.9265,9
2026-04-01 08:03:00,2.922,2.924,2.922,2.9235,2.927,2.929,2.927,2.9285,4
2026-04-01 08:04:00,2.9225,2.9225,2.9225,2.9225,2.9275,2.9275,2.9275,2.9275,1
2026-04-01 08:06:00,2.922,2.922,2.9205,2.9205,2.927,2.927,2.9255,2.9255,6
2026-04-01 08:07:00,2.921,2.921,2.918,2.9185,2.926,2.926,2.923,2.9235,7
2026-04-01 08:08:00,2.919,2.919,2.9165,2.9165,2.924,2.924,2.9215,2.9215,6
2026-04-01 08:09:00,2.9175,2.9175,2.915,2.9155,2.9225,2.9225,2.92,2.9205,5
2026-04-01 08:10:00,2.916,2.9185,2.915,2.917,2.921,2.9235,2.92,2.922,9
2026-04-01 08:11:00,2.9175,2.918,2.9155,2.9165,2.9225,2.923,2.9205,2.9215,7
2026-04-01 08:12:00,2.916,2.916,2.915,2.9155,2.921,2.921,2.92,2.9205,6
2026-04-01 08:13:00,2.915,2.915,2.911,2.9115,2.92,2.92,2.916,2.9165,21
2026-04-01 08:14:00,2.911,2.912,2.91,2.911,2.916,2.917,2.915,2.916,8
2026-04-01 08:15:00,2.9115,2.913,2.911,2.9125,2.9165,2.918,2.916,2.9175,9
2026-04-01 08:16:00,2.912,2.9135,2.9105,2.9135,2.917,2.9185,2.9155,2.9185,10
2026-04-01 08:17:00,2.913,2.9135,2.913,2.913,2.918,2.9185,2.918,2.918,3
2026-04-01 08:18:00,2.9135,2.916,2.9135,2.915,2.9185,2.921,2.9185,2.92,5
2026-04-01 08:19:00,2.9145,2.9145,2.914,2.914,2.9195,2.9195,2.919,2.919,2
2026-04-01 08:20:00,2.913,2.913,2.9105,2.911,2.918,2.918,2.9155,2.916,13
2026-04-01 08:21:00,2.9105,2.9115,2.9105,2.911,2.9155,2.9165,2.9155,2.916,4
2026-04-01 08:22:00,2.9105,2.913,2.9105,2.9115,2.9155,2.918,2.9155,2.9165,8
2026-04-01 08:23:00,2.911,2.912,2.91,2.911,2.916,2.917,2.915,2.916,6
2026-04-01 08:24:00,2.9105,2.913,2.9105,2.9125,2.9155,2.918,2.9155,2.9175,7
2026-04-01 08:25:00,2.913,2.914,2.9115,2.914,2.918,2.919,2.9165,2.919,7
2026-04-01 08:26:00,2.913,2.9135,2.91,2.912,2.918,2.9185,2.915,2.917,13
2026-04-01 08:27:00,2.9115,2.913,2.9115,2.9115,2.9165,2.918,2.9165,2.9165,5
2026-04-01 08:28:00,2.911,2.911,2.905,2.9065,2.916,2.916,2.91,2.9115,23
2026-04-01 08:29:00,2.907,2.907,2.904,2.9065,2.912,2.912,2.909,2.9115,15
2026-04-01 08:30:00,2.9055,2.9055,2.903,2.904,2.9105,2.9105,2.908,2.909,15
2026-04-01 08:31:00,2.9035,2.9035,2.898,2.899,2.9085,2.9085,2.903,2.904,22
2026-04-01 08:32:00,2.8995,2.9025,2.898,2.901,2.9045,2.9075,2.903,2.906,18
2026-04-01 08:33:00,2.9005,2.9015,2.8985,2.9015,2.9055,2.9065,2.9035,2.9065,14
2026-04-01 08:34:00,2.901,2.9025,2.9005,2.901,2.906,2.9075,2.9055,2.906,11
2026-04-01 08:35:00,2.9005,2.901,2.8965,2.9,2.9055,2.906,2.9015,2.905,22
2026-04-01 08:36:00,2.9005,2.905,2.9005,2.9025,2.9055,2.91,2.9055,2.9075,10
2026-04-01 08:37:00,2.902,2.9025,2.9005,2.9025,2.907,2.9075,2.9055,2.9075,8
2026-04-01 08:38:00,2.902,2.9055,2.9005,2.9055,2.907,2.9105,2.9055,2.9105,22
2026-04-01 08:39:00,2.906,2.906,2.903,2.9055,2.911,2.911,2.908,2.9105,15
2026-04-01 08:40:00,2.906,2.906,2.903,2.9055,2.911,2.911,2.908,2.9105,9
2026-04-01 08:41:00,2.904,2.904,2.9025,2.903,2.909,2.909,2.9075,2.908,10
2026-04-01 08:42:00,2.902,2.903,2.9005,2.9015,2.907,2.908,2.9055,2.9065,20
2026-04-01 08:43:00,2.901,2.903,2.9,2.901,2.906,2.908,2.905,2.906,7
2026-04-01 08:44:00,2.9015,2.9015,2.8975,2.8975,2.9065,2.9065,2.9025,2.9025,16
2026-04-01 08:45:00,2.897,2.9035,2.897,2.903,2.902,2.9085,2.902,2.908,27
2026-04-01 08:46:00,2.9035,2.9065,2.9035,2.9065,2.9085,2.9115,2.9085,2.9115,10
2026-04-01 08:47:00,2.906,2.9085,2.901,2.902,2.911,2.9135,2.906,2.907,27
2026-04-01 08:48:00,2.9015,2.9045,2.9,2.9045,2.9065,2.9095,2.905,2.9095,18
2026-04-01 08:49:00,2.904,2.909,2.904,2.9085,2.909,2.914,2.909,2.9135,15
2026-04-01 08:50:00,2.908,2.912,2.907,2.9105,2.913,2.917,2.912,2.9155,42
2026-04-01 08:51:00,2.912,2.913,2.908,2.909,2.917,2.918,2.913,2.914,26
2026-04-01 08:52:00,2.91,2.9125,2.908,2.908,2.915,2.9175,2.913,2.913,15
2026-04-01 08:53:00,2.9075,2.908,2.904,2.904,2.9125,2.913,2.909,2.909,23
2026-04-01 08:54:00,2.9035,2.9045,2.9015,2.903,2.9085,2.9095,2.9065,2.908,20
2026-04-01 08:55:00,2.9025,2.9045,2.9005,2.9025,2.9075,2.9095,2.9055,2.9075,32
2026-04-01 08:56:00,2.901,2.903,2.899,2.9,2.906,2.908,2.904,2.905,42
2026-04-01 08:57:00,2.9005,2.904,2.8995,2.9025,2.9055,2.909,2.9045,2.9075,16
2026-04-01 08:58:00,2.902,2.902,2.8955,2.897,2.907,2.907,2.9005,2.902,29
2026-04-01 08:59:00,2.898,2.898,2.8945,2.897,2.903,2.903,2.8995,2.902,26
2026-04-01 09:00:00,2.8975,2.9015,2.8965,2.8995,2.9025,2.9065,2.9015,2.9045,30
2026-04-01 09:01:00,2.9005,2.9005,2.894,2.8955,2.9055,2.9055,2.899,2.9005,31
2026-04-01 09:02:00,2.896,2.9,2.8945,2.9,2.901,2.905,2.8995,2.905,29
2026-04-01 09:03:00,2.901,2.907,2.901,2.9055,2.906,2.912,2.906,2.9105,37
2026-04-01 09:04:00,2.905,2.909,2.905,2.907,2.91,2.914,2.91,2.912,19
2026-04-01 09:05:00,2.9075,2.91,2.9065,2.91,2.9125,2.915,2.9115,2.915,19
2026-04-01 09:06:00,2.9105,2.912,2.9075,2.9105,2.9155,2.917,2.9125,2.9155,33
2026-04-01 09:07:00,2.9095,2.9095,2.9075,2.908,2.9145,2.9145,2.9125,2.913,15
2026-04-01 09:08:00,2.907,2.908,2.9015,2.903,2.912,2.913,2.9065,2.908,35
2026-04-01 09:09:00,2.9035,2.904,2.902,2.903,2.9085,2.909,2.907,2.908,25
2026-04-01 09:10:00,2.9025,2.903,2.9005,2.9025,2.9075,2.908,2.9055,2.9075,37
2026-04-01 09:11:00,2.903,2.905,2.9015,2.9045,2.908,2.91,2.9065,2.9095,25
2026-04-01 09:12:00,2.905,2.9055,2.902,2.905,2.91,2.9105,2.907,2.91,15
2026-04-01 09:13:00,2.9055,2.906,2.903,2.903,2.9105,2.911,2.908,2.908,10
2026-04-01 09:14:00,2.9025,2.906,2.9015,2.906,2.9075,2.911,2.9065,2.911,16
2026-04-01 09:15:00,2.907,2.908,2.9045,2.906,2.912,2.913,2.9095,2.911,28
2026-04-01 09:16:00,2.9055,2.906,2.903,2.906,2.9105,2.911,2.908,2.911,26
2026-04-01 09:17:00,2.9065,2.907,2.905,2.9065,2.9115,2.912,2.91,2.9115,21
2026-04-01 09:18:00,2.907,2.9075,2.9055,2.9075,2.912,2.9125,2.9105,2.9125,12
2026-04-01 09:19:00,2.908,2.9105,2.9065,2.91,2.913,2.9155,2.9115,2.915,30
2026-04-01 09:20:00,2.911,2.912,2.903,2.904,2.916,2.917,2.908,2.909,28
2026-04-01 09:21:00,2.903,2.904,2.901,2.904,2.908,2.909,2.906,2.909,22
2026-04-01 09:22:00,2.9035,2.904,2.9025,2.903,2.9085,2.909,2.9075,2.908,9
2026-04-01 09:23:00,2.9025,2.906,2.9025,2.905,2.9075,2.911,2.9075,2.91,9
2026-04-01 09:24:00,2.9045,2.9055,2.9025,2.9025,2.9095,2.9105,2.9075,2.9075,13
2026-04-01 09:25:00,2.902,2.904,2.9015,2.903,2.907,2.909,2.9065,2.908,15
2026-04-01 09:26:00,2.9035,2.9075,2.9035,2.9055,2.9085,2.9125,2.9085,2.9105,9
2026-04-01 09:27:00,2.906,2.907,2.9055,2.9055,2.911,2.912,2.9105,2.9105,10
2026-04-01 09:28:00,2.905,2.9065,2.904,2.904,2.91,2.9115,2.909,2.909,7
2026-04-01 09:29:00,2.9035,2.907,2.9035,2.905,2.9085,2.912,2.9085,2.91,23
2026-04-01 09:30:00,2.9045,2.905,2.9035,2.9045,2.9095,2.91,2.9085,2.9095,27
2026-04-01 09:31:00,2.904,2.904,2.901,2.902,2.909,2.909,2.906,2.907,11
2026-04-01 09:32:00,2.901,2.904,2.901,2.9035,2.906,2.909,2.906,2.9085,9
2026-04-01 09:33:00,2.904,2.904,2.9005,2.901,2.909,2.909,2.9055,2.906,7
2026-04-01 09:34:00,2.902,2.902,2.901,2.901,2.907,2.907,2.906,2.906,12
2026-04-01 09:35:00,2.9015,2.9025,2.9005,2.9005,2.9065,2.9075,2.9055,2.9055,10
2026-04-01 09:36:00,2.8995,2.901,2.899,2.8995,2.9045,2.906,2.904,2.9045,11
2026-04-01 09:37:00,2.899,2.8995,2.898,2.8985,2.904,2.9045,2.903,2.9035,30
2026-04-01 09:38:00,2.898,2.898,2.895,2.8965,2.903,2.903,2.9,2.9015,20
2026-04-01 09:39:00,2.8975,2.9,2.896,2.899,2.9025,2.905,2.901,2.904,12
2026-04-01 09:40:00,2.9,2.901,2.899,2.901,2.905,2.906,2.904,2.906,5
2026-04-01 09:41:00,2.9005,2.901,2.899,2.901,2.9055,2.906,2.904,2.906,9
2026-04-01 09:42:00,2.9005,2.9005,2.894,2.896,2.9055,2.9055,2.899,2.901,30
2026-04-01 09:43:00,2.897,2.8975,2.895,2.895,2.902,2.9025,2.9,2.9,17
2026-04-01 09:44:00,2.896,2.896,2.894,2.8945,2.901,2.901,2.899,2.8995,16
2026-04-01 09:45:00,2.894,2.895,2.8925,2.8925,2.899,2.9,2.8975,2.8975,32
2026-04-01 09:46:00,2.893,2.893,2.891,2.891,2.898,2.898,2.896,2.896,10
2026-04-01 09:47:00,2.8915,2.892,2.8895,2.892,2.8965,2.897,2.8945,2.897,6
2026-04-01 09:48:00,2.8915,2.896,2.89,2.896,2.8965,2.901,2.895,2.901,22
2026-04-01 09:49:00,2.8955,2.899,2.895,2.897,2.9005,2.904,2.9,2.902,25
2026-04-01 09:50:00,2.8975,2.9,2.8975,2.9,2.9025,2.905,2.9025,2.905,17
2026-04-01 09:51:00,2.901,2.9035,2.8985,2.9025,2.906,2.9085,2.9035,2.9075,21
2026-04-01 09:52:00,2.903,2.907,2.902,2.906,2.908,2.912,2.907,2.911,28
2026-04-01 09:53:00,2.905,2.907,2.904,2.907,2.91,2.912,2.909,2.912,17
2026-04-01 09:54:00,2.906,2.9085,2.906,2.908,2.911,2.9135,2.911,2.913,12
2026-04-01 09:55:00,2.9075,2.9105,2.906,2.91,2.9125,2.9155,2.911,2.915,16
2026-04-01 09:56:00,2.9105,2.9105,2.908,2.91,2.9155,2.9155,2.913,2.915,8
2026-04-01 09:57:00,2.9105,2.913,2.9105,2.9115,2.9155,2.918,2.9155,2.9165,15
2026-04-01 09:58:00,2.91,2.913,2.91,2.913,2.915,2.918,2.915,2.918,5
2026-04-01 09:59:00,2.912,2.915,2.912,2.9125,2.917,2.92,2.917,2.9175,10
2026-04-01 10:00:00,2.912,2.914,2.9105,2.9125,2.917,2.919,2.9155,2.9175,27
2026-04-01 10:01:00,2.9135,2.92,2.9135,2.918,2.9185,2.925,2.9185,2.923,13
2026-04-01 10:02:00,2.9185,2.9185,2.914,2.916,2.9235,2.9235,2.919,2.921,18
2026-04-01 10:03:00,2.9165,2.92,2.9145,2.9145,2.9215,2.925,2.9195,2.9195,15
2026-04-01 10:04:00,2.914,2.9165,2.9135,2.9155,2.919,2.9215,2.9185,2.9205,17
2026-04-01 10:05:00,2.915,2.9155,2.914,2.9145,2.92,2.9205,2.919,2.9195,12
2026-04-01 10:06:00,2.915,2.916,2.914,2.916,2.92,2.921,2.919,2.921,11
2026-04-01 10:07:00,2.9165,2.9175,2.916,2.9165,2.9215,2.9225,2.921,2.9215,8
2026-04-01 10:08:00,2.916,2.919,2.916,2.918,2.921,2.924,2.921,2.923,8
2026-04-01 10:09:00,2.9185,2.921,2.9175,2.919,2.9235,2.926,2.9225,2.924,18
2026-04-01 10:10:00,2.9195,2.9205,2.918,2.919,2.9245,2.9255,2.923,2.924,12
2026-04-01 10:11:00,2.92,2.922,2.919,2.92,2.925,2.927,2.924,2.925,17
2026-04-01 10:12:00,2.9205,2.9205,2.9185,2.9195,2.9255,2.9255,2.9235,2.9245,9
2026-04-01 10:13:00,2.919,2.92,2.9185,2.919,2.924,2.925,2.9235,2.924,8
2026-04-01 10:14:00,2.9185,2.9185,2.9175,2.9175,2.9235,2.9235,2.9225,2.9225,3
2026-04-01 10:15:00,2.916,2.9185,2.916,2.9185,2.921,2.9235,2.921,2.9235,7
2026-04-01 10:16:00,2.918,2.9185,2.918,2.9185,2.923,2.9235,2.923,2.9235,4
2026-04-01 10:17:00,2.92,2.92,2.9175,2.9175,2.925,2.925,2.9225,2.9225,16
2026-04-01 10:18:00,2.918,2.919,2.9165,2.917,2.923,2.924,2.9215,2.922,11
2026-04-01 10:19:00,2.9175,2.9175,2.915,2.915,2.9225,2.9225,2.92,2.92,5
2026-04-01 10:20:00,2.9155,2.9155,2.9135,2.9145,2.9205,2.9205,2.9185,2.9195,16
2026-04-01 10:21:00,2.915,2.918,2.915,2.917,2.92,2.923,2.92,2.922,10
2026-04-01 10:22:00,2.9165,2.918,2.915,2.915,2.9215,2.923,2.92,2.92,15
2026-04-01 10:23:00,2.9155,2.9165,2.9155,2.916,2.9205,2.9215,2.9205,2.921,6
2026-04-01 10:24:00,2.9155,2.916,2.915,2.916,2.9205,2.921,2.92,2.921,5
2026-04-01 10:25:00,2.9155,2.9155,2.914,2.914,2.9205,2.9205,2.919,2.919,3
2026-04-01 10:26:00,2.9145,2.917,2.912,2.9125,2.9195,2.922,2.917,2.9175,26
2026-04-01 10:27:00,2.912,2.913,2.9105,2.9125,2.917,2.918,2.9155,2.9175,10
2026-04-01 10:28:00,2.913,2.9145,2.913,2.914,2.918,2.9195,2.918,2.919,18
2026-04-01 10:29:00,2.9145,2.915,2.912,2.913,2.9195,2.92,2.917,2.918,16
2026-04-01 10:30:00,2.9135,2.9145,2.912,2.912,2.9185,2.9195,2.917,2.917,11
2026-04-01 10:31:00,2.9125,2.9125,2.911,2.911,2.9175,2.9175,2.916,2.916,5
2026-04-01 10:32:00,2.9115,2.9115,2.911,2.911,2.9165,2.9165,2.916,2.916,4
2026-04-01 10:33:00,2.9105,2.9115,2.909,2.9105,2.9155,2.9165,2.914,2.9155,12
2026-04-01 10:34:00,2.911,2.911,2.91,2.91,2.916,2.916,2.915,2.915,3
2026-04-01 10:35:00,2.9105,2.9135,2.9105,2.9135,2.9155,2.9185,2.9155,2.9185,7
2026-04-01 10:36:00,2.914,2.914,2.913,2.913,2.919,2.919,2.918,2.918,24
2026-04-01 10:37:00,2.9135,2.9135,2.9115,2.9115,2.9185,2.9185,2.9165,2.9165,8
2026-04-01 10:38:00,2.9105,2.9135,2.9105,2.9135,2.9155,2.9185,2.9155,2.9185,7
2026-04-01 10:39:00,2.914,2.914,2.911,2.911,2.919,2.919,2.916,2.916,16
2026-04-01 10:40:00,2.9115,2.9115,2.9115,2.9115,2.9165,2.9165,2.9165,2.9165,1
2026-04-01 10:41:00,2.911,2.911,2.909,2.909,2.916,2.916,2.914,2.914,4
2026-04-01 10:42:00,2.91,2.912,2.91,2.911,2.915,2.917,2.915,2.916,9
2026-04-01 10:43:00,2.912,2.912,2.9115,2.9115,2.917,2.917,2.9165,2.9165,2
2026-04-01 10:44:00,2.911,2.911,2.908,2.909,2.916,2.916,2.913,2.914,7
2026-04-01 10:45:00,2.9085,2.909,2.906,2.909,2.9135,2.914,2.911,2.914,8
2026-04-01 10:46:00,2.908,2.909,2.908,2.9085,2.913,2.914,2.913,2.9135,12
2026-04-01 10:47:00,2.908,2.9095,2.908,2.9085,2.913,2.9145,2.913,2.9135,4
2026-04-01 10:48:00,2.9075,2.9095,2.9075,2.9095,2.9125,2.9145,2.9125,2.9145,5
2026-04-01 10:49:00,2.91,2.91,2.91,2.91,2.915,2.915,2.915,2.915,1
2026-04-01 10:50:00,2.9095,2.9105,2.9095,2.9105,2.9145,2.9155,2.9145,2.9155,3
2026-04-01 10:51:00,2.911,2.914,2.911,2.914,2.916,2.919,2.916,2.919,11
2026-04-01 10:52:00,2.9135,2.9135,2.9115,2.912,2.9185,2.9185,2.9165,2.917,5
2026-04-01 10:53:00,2.9115,2.9115,2.91,2.91,2.9165,2.9165,2.915,2.915,3
2026-04-01 10:54:00,2.9095,2.9135,2.909,2.9125,2.9145,2.9185,2.914,2.9175,17
2026-04-01 10:55:00,2.912,2.912,2.91,2.91,2.917,2.917,2.915,2.915,4
2026-04-01 10:56:00,2.911,2.913,2.911,2.9125,2.916,2.918,2.916,2.9175,14
2026-04-01 10:57:00,2.912,2.913,2.912,2.9125,2.917,2.918,2.917,2.9175,7
2026-04-01 10:58:00,2.912,2.913,2.911,2.913,2.917,2.918,2.916,2.918,6
2026-04-01 10:59:00,2.911,2.9115,2.909,2.9095,2.916,2.9165,2.914,2.9145,13
2026-04-01 11:00:00,2.91,2.911,2.9085,2.9095,2.915,2.916,2.9135,2.9145,24
2026-04-01 11:01:00,2.909,2.9095,2.901,2.902,2.914,2.9145,2.906,2.907,20
2026-04-01 11:02:00,2.9015,2.903,2.8995,2.902,2.9065,2.908,2.9045,2.907,15
2026-04-01 11:03:00,2.8995,2.9005,2.8995,2.9005,2.9045,2.9055,2.9045,2.9055,5
2026-04-01 11:04:00,2.901,2.9025,2.901,2.902,2.906,2.9075,2.906,2.907,9
2026-04-01 11:05:00,2.9025,2.909,2.9025,2.9085,2.9075,2.914,2.9075,2.9135,31
2026-04-01 11:06:00,2.909,2.909,2.909,2.909,2.914,2.914,2.914,2.914,1
2026-04-01 11:07:00,2.9095,2.9105,2.9085,2.909,2.9145,2.9155,2.9135,2.914,7
2026-04-01 11:08:00,2.91,2.912,2.91,2.912,2.915,2.917,2.915,2.917,8
2026-04-01 11:10:00,2.9115,2.9115,2.91,2.91,2.9165,2.9165,2.915,2.915,3
2026-04-01 11:11:00,2.909,2.909,2.9075,2.908,2.914,2.914,2.9125,2.913,12
2026-04-01 11:12:00,2.9075,2.908,2.9065,2.9065,2.9125,2.913,2.9115,2.9115,11
2026-04-01 11:13:00,2.906,2.906,2.9045,2.905,2.911,2.911,2.9095,2.91,20
2026-04-01 11:14:00,2.9055,2.9055,2.904,2.904,2.9105,2.9105,2.909,2.909,4
2026-04-01 11:15:00,2.9035,2.9045,2.902,2.904,2.9085,2.9095,2.907,2.909,11
2026-04-01 11:16:00,2.9045,2.906,2.9045,2.9055,2.9095,2.911,2.9095,2.9105,4
2026-04-01 11:17:00,2.906,2.9065,2.906,2.9065,2.911,2.9115,2.911,2.9115,8
2026-04-01 11:18:00,2.907,2.909,2.9065,2.909,2.912,2.914,2.9115,2.914,8
2026-04-01 11:19:00,2.91,2.914,2.909,2.9125,2.915,2.919,2.914,2.9175,18
2026-04-01 11:20:00,2.913,2.913,2.912,2.9125,2.918,2.918,2.917,2.9175,4
2026-04-01 11:21:00,2.913,2.914,2.9125,2.913,2.918,2.919,2.9175,2.918,20
2026-04-01 11:22:00,2.9135,2.917,2.9125,2.915,2.9185,2.922,2.9175,2.92,16
2026-04-01 11:23:00,2.9145,2.918,2.9145,2.916,2.9195,2.923,2.9195,2.921,19
2026-04-01 11:24:00,2.9165,2.9175,2.9145,2.9145,2.9215,2.9225,2.9195,2.9195,25
2026-04-01 11:25:00,2.915,2.917,2.9135,2.9135,2.92,2.922,2.9185,2.9185,18
2026-04-01 11:26:00,2.913,2.914,2.911,2.9115,2.918,2.919,2.916,2.9165,15
2026-04-01 11:27:00,2.911,2.913,2.91,2.91,2.916,2.918,2.915,2.915,16
2026-04-01 11:28:00,2.9105,2.913,2.91,2.9115,2.9155,2.918,2.915,2.9165,11
2026-04-01 11:29:00,2.912,2.912,2.909,2.9095,2.917,2.917,2.914,2.9145,13
2026-04-01 11:30:00,2.909,2.911,2.909,2.9105,2.914,2.916,2.914,2.9155,7
2026-04-01 11:31:00,2.91,2.913,2.909,2.913,2.915,2.918,2.914,2.918,10
2026-04-01 11:32:00,2.9125,2.9135,2.912,2.912,2.9175,2.9185,2.917,2.917,7
2026-04-01 11:33:00,2.911,2.914,2.911,2.914,2.916,2.919,2.916,2.919,5
2026-04-01 11:34:00,2.913,2.914,2.913,2.914,2.918,2.919,2.918,2.919,4
2026-04-01 11:35:00,2.915,2.915,2.914,2.915,2.92,2.92,2.919,2.92,6
2026-04-01 11:36:00,2.9155,2.9155,2.914,2.9145,2.9205,2.9205,2.919,2.9195,5
2026-04-01 11:37:00,2.915,2.9165,2.914,2.914,2.92,2.9215,2.919,2.919,9
2026-04-01 11:38:00,2.915,2.9165,2.9145,2.9155,2.92,2.9215,2.9195,2.9205,16
2026-04-01 11:39:00,2.9165,2.919,2.9165,2.919,2.9215,2.924,2.9215,2.924,12
2026-04-01 11:40:00,2.9185,2.92,2.918,2.92,2.9235,2.925,2.923,2.925,25
2026-04-01 11:41:00,2.919,2.92,2.918,2.918,2.924,2.925,2.923,2.923,8
2026-04-01 11:42:00,2.9175,2.919,2.9165,2.9175,2.9225,2.924,2.9215,2.9225,19
2026-04-01 11:43:00,2.917,2.9195,2.9155,2.9155,2.922,2.9245,2.9205,2.9205,13
2026-04-01 11:44:00,2.915,2.916,2.914,2.9145,2.92,2.921,2.919,2.9195,14
2026-04-01 11:45:00,2.914,2.9145,2.911,2.912,2.919,2.9195,2.916,2.917,22
2026-04-01 11:46:00,2.9125,2.9125,2.909,2.9095,2.9175,2.9175,2.914,2.9145,18
2026-04-01 11:47:00,2.909,2.91,2.907,2.91,2.914,2.915,2.912,2.915,14
2026-04-01 11:48:00,2.909,2.909,2.906,2.9075,2.914,2.914,2.911,2.9125,21
2026-04-01 11:49:00,2.908,2.909,2.908,2.909,2.913,2.914,2.913,2.914,5
2026-04-01 11:50:00,2.91,2.911,2.908,2.911,2.915,2.916,2.913,2.916,11
2026-04-01 11:51:00,2.9105,2.911,2.9075,2.908,2.9155,2.916,2.9125,2.913,9
2026-04-01 11:52:00,2.9075,2.9085,2.9065,2.9065,2.9125,2.9135,2.9115,2.9115,5
2026-04-01 11:53:00,2.908,2.908,2.9075,2.908,2.913,2.913,2.9125,2.913,3
2026-04-01 11:54:00,2.9085,2.9115,2.9085,2.9105,2.9135,2.9165,2.9135,2.9155,11
2026-04-01 11:55:00,2.911,2.911,2.91,2.911,2.916,2.916,2.915,2.916,6
2026-04-01 11:56:00,2.9105,2.9105,2.909,2.909,2.9155,2.9155,2.914,2.914,14
2026-04-01 11:57:00,2.908,2.908,2.905,2.906,2.913,2.913,2.91,2.911,11
2026-04-01 11:58:00,2.9065,2.9075,2.903,2.903,2.9115,2.9125,2.908,2.908,19
2026-04-01 11:59:00,2.9035,2.904,2.903,2.903,2.9085,2.909,2.908,2.908,6
2026-04-01 12:00:00,2.904,2.904,2.901,2.902,2.909,2.909,2.906,2.907,22
2026-04-01 12:01:00,2.9025,2.906,2.902,2.905,2.9075,2.911,2.907,2.91,13
2026-04-01 12:02:00,2.906,2.906,2.9055,2.906,2.911,2.911,2.9105,2.911,3
2026-04-01 12:03:00,2.9055,2.907,2.9045,2.906,2.9105,2.912,2.9095,2.911,10
2026-04-01 12:04:00,2.9065,2.908,2.906,2.908,2.9115,2.913,2.911,2.913,4
2026-04-01 12:05:00,2.909,2.91,2.9065,2.907,2.914,2.915,2.9115,2.912,13
2026-04-01 12:06:00,2.908,2.9085,2.9075,2.9085,2.913,2.9135,2.9125,2.9135,7
2026-04-01 12:07:00,2.908,2.911,2.908,2.909,2.913,2.916,2.913,2.914,8
2026-04-01 12:08:00,2.908,2.908,2.907,2.907,2.913,2.913,2.912,2.912,2
2026-04-01 12:09:00,2.9065,2.9065,2.904,2.905,2.9115,2.9115,2.909,2.91,23
2026-04-01 12:10:00,2.904,2.905,2.904,2.905,2.909,2.91,2.909,2.91,4
2026-04-01 12:11:00,2.906,2.91,2.906,2.906,2.911,2.915,2.911,2.911,17
2026-04-01 12:12:00,2.9055,2.9055,2.9035,2.904,2.9105,2.9105,2.9085,2.909,9
2026-04-01 12:13:00,2.9045,2.9045,2.904,2.904,2.9095,2.9095,2.909,2.909,2
2026-04-01 12:14:00,2.903,2.904,2.903,2.904,2.908,2.909,2.908,2.909,6
2026-04-01 12:15:00,2.903,2.904,2.903,2.904,2.908,2.909,2.908,2.909,5
2026-04-01 12:16:00,2.903,2.903,2.903,2.903,2.908,2.908,2.908,2.908,1
2026-04-01 12:17:00,2.9025,2.903,2.902,2.902,2.9075,2.908,2.907,2.907,3
2026-04-01 12:19:00,2.901,2.902,2.901,2.9015,2.906,2.907,2.906,2.9065,6
2026-04-01 12:20:00,2.902,2.902,2.8965,2.902,2.907,2.907,2.9015,2.907,22
2026-04-01 12:21:00,2.9025,2.905,2.9025,2.9045,2.9075,2.91,2.9075,2.9095,23
2026-04-01 12:22:00,2.905,2.905,2.903,2.905,2.91,2.91,2.908,2.91,15
2026-04-01 12:23:00,2.904,2.905,2.903,2.903,2.909,2.91,2.908,2.908,5
2026-04-01 12:24:00,2.904,2.9045,2.903,2.904,2.909,2.9095,2.908,2.909,9
2026-04-01 12:25:00,2.905,2.905,2.902,2.902,2.91,2.91,2.907,2.907,16
2026-04-01 12:26:00,2.9025,2.907,2.902,2.9055,2.9075,2.912,2.907,2.9105,13
2026-04-01 12:27:00,2.906,2.906,2.904,2.905,2.911,2.911,2.909,2.91,13
2026-04-01 12:28:00,2.906,2.91,2.905,2.905,2.911,2.915,2.91,2.91,16
2026-04-01 12:29:00,2.9045,2.9045,2.902,2.902,2.9095,2.9095,2.907,2.907,8
2026-04-01 12:30:00,2.9015,2.9035,2.901,2.903,2.9065,2.9085,2.906,2.908,11
2026-04-01 12:31:00,2.902,2.902,2.901,2.902,2.907,2.907,2.906,2.907,3
2026-04-01 12:32:00,2.901,2.903,2.901,2.903,2.906,2.908,2.906,2.908,6
2026-04-01 12:33:00,2.9025,2.9025,2.902,2.9025,2.9075,2.9075,2.907,2.9075,3
2026-04-01 12:34:00,2.903,2.904,2.9015,2.902,2.908,2.909,2.9065,2.907,10
2026-04-01 12:35:00,2.9025,2.904,2.902,2.903,2.9075,2.909,2.907,2.908,12
2026-04-01 12:36:00,2.9025,2.904,2.902,2.902,2.9075,2.909,2.907,2.907,10
2026-04-01 12:37:00,2.9015,2.903,2.901,2.903,2.9065,2.908,2.906,2.908,14
2026-04-01 12:38:00,2.9035,2.906,2.9035,2.906,2.9085,2.911,2.9085,2.911,11
2026-04-01 12:39:00,2.905,2.905,2.901,2.901,2.91,2.91,2.906,2.906,10
2026-04-01 12:40:00,2.9005,2.901,2.898,2.9,2.9055,2.906,2.903,2.905,9
2026-04-01 12:41:00,2.899,2.9,2.898,2.899,2.904,2.905,2.903,2.904,10
2026-04-01 12:42:00,2.8995,2.9025,2.8995,2.9025,2.9045,2.9075,2.9045,2.9075,11
2026-04-01 12:43:00,2.9015,2.903,2.9015,2.903,2.9065,2.908,2.9065,2.908,7
2026-04-01 12:44:00,2.9025,2.9025,2.899,2.899,2.9075,2.9075,2.904,2.904,18
2026-04-01 12:45:00,2.898,2.898,2.896,2.896,2.903,2.903,2.901,2.901,12
2026-04-01 12:46:00,2.895,2.897,2.893,2.897,2.9,2.902,2.898,2.902,23
2026-04-01 12:47:00,2.896,2.897,2.8945,2.895,2.901,2.902,2.8995,2.9,13
2026-04-01 12:48:00,2.8945,2.895,2.887,2.8915,2.8995,2.9,2.892,2.8965,49
2026-04-01 12:49:00,2.892,2.8925,2.891,2.892,2.897,2.8975,2.896,2.897,11
2026-04-01 12:50:00,2.891,2.891,2.887,2.889,2.896,2.896,2.892,2.894,26
2026-04-01 12:51:00,2.8885,2.8905,2.8885,2.8895,2.8935,2.8955,2.8935,2.8945,20
2026-04-01 12:52:00,2.89,2.892,2.889,2.891,2.895,2.897,2.894,2.896,15
2026-04-01 12:53:00,2.89,2.8925,2.89,2.891,2.895,2.8975,2.895,2.896,26
2026-04-01 12:54:00,2.8905,2.891,2.8905,2.891,2.8955,2.896,2.8955,2.896,2
2026-04-01 12:55:00,2.8905,2.8905,2.888,2.889,2.8955,2.8955,2.893,2.894,13
2026-04-01 12:56:00,2.8895,2.891,2.887,2.888,2.8945,2.896,2.892,2.893,20
2026-04-01 12:57:00,2.887,2.889,2.887,2.888,2.892,2.894,2.892,2.893,17
2026-04-01 12:58:00,2.8875,2.889,2.887,2.887,2.8925,2.894,2.892,2.892,17
2026-04-01 12:59:00,2.8865,2.8865,2.8855,2.8855,2.8915,2.8915,2.8905,2.8905,14
2026-04-01 13:00:00,2.886,2.891,2.885,2.8885,2.891,2.896,2.89,2.8935,31
2026-04-01 13:01:00,2.888,2.89,2.886,2.8875,2.893,2.895,2.891,2.8925,28
2026-04-01 13:02:00,2.887,2.887,2.884,2.885,2.892,2.892,2.889,2.89,17
2026-04-01 13:03:00,2.884,2.884,2.883,2.883,2.889,2.889,2.888,2.888,2
2026-04-01 13:04:00,2.882,2.883,2.881,2.882,2.887,2.888,2.886,2.887,11
2026-04-01 13:05:00,2.881,2.882,2.878,2.881,2.886,2.887,2.883,2.886,21
2026-04-01 13:06:00,2.878,2.881,2.878,2.88,2.883,2.886,2.883,2.885,18
2026-04-01 13:07:00,2.8805,2.885,2.88,2.884,2.8855,2.89,2.885,2.889,12
2026-04-01 13:08:00,2.8845,2.887,2.8845,2.885,2.8895,2.892,2.8895,2.89,11
2026-04-01 13:09:00,2.8845,2.887,2.8845,2.887,2.8895,2.892,2.8895,2.892,26
2026-04-01 13:10:00,2.886,2.89,2.886,2.89,2.891,2.895,2.891,2.895,17
2026-04-01 13:11:00,2.8895,2.891,2.8845,2.8845,2.8945,2.896,2.8895,2.8895,20
2026-04-01 13:12:00,2.8855,2.887,2.8845,2.8845,2.8905,2.892,2.8895,2.8895,6
2026-04-01 13:13:00,2.884,2.884,2.88,2.883,2.889,2.889,2.885,2.888,25
2026-04-01 13:14:00,2.884,2.884,2.88,2.8815,2.889,2.889,2.885,2.8865,15
2026-04-01 13:15:00,2.881,2.887,2.8805,2.887,2.886,2.892,2.8855,2.892,20
2026-04-01 13:16:00,2.886,2.887,2.8845,2.886,2.891,2.892,2.8895,2.891,13
2026-04-01 13:17:00,2.8855,2.8855,2.885,2.885,2.8905,2.8905,2.89,2.89,2
2026-04-01 13:18:00,2.8855,2.889,2.8855,2.889,2.8905,2.894,2.8905,2.894,9
2026-04-01 13:19:00,2.8895,2.8895,2.886,2.886,2.8945,2.8945,2.891,2.891,13
2026-04-01 13:20:00,2.8865,2.8915,2.8865,2.889,2.8915,2.8965,2.8915,2.894,18
2026-04-01 13:21:00,2.8885,2.889,2.888,2.889,2.8935,2.894,2.893,2.894,12
2026-04-01 13:22:00,2.8885,2.8935,2.8885,2.892,2.8935,2.8985,2.8935,2.897,18
2026-04-01 13:23:00,2.891,2.893,2.8905,2.893,2.896,2.898,2.8955,2.898,9
2026-04-01 13:24:00,2.892,2.893,2.888,2.888,2.897,2.898,2.893,2.893,15
2026-04-01 13:25:00,2.8875,2.8875,2.882,2.884,2.8925,2.8925,2.887,2.889,28
2026-04-01 13:26:00,2.8845,2.886,2.8835,2.885,2.8895,2.891,2.8885,2.89,13
2026-04-01 13:27:00,2.8855,2.888,2.8845,2.887,2.8905,2.893,2.8895,2.892,19
2026-04-01 13:28:00,2.8865,2.889,2.8865,2.889,2.8915,2.894,2.8915,2.894,13
2026-04-01 13:29:00,2.8895,2.8895,2.8865,2.887,2.8945,2.8945,2.8915,2.892,17
2026-04-01 13:30:00,2.8875,2.889,2.883,2.8835,2.8925,2.894,2.888,2.8885,26
2026-04-01 13:31:00,2.884,2.885,2.883,2.884,2.889,2.89,2.888,2.889,20
2026-04-01 13:32:00,2.8835,2.885,2.882,2.8825,2.8885,2.89,2.887,2.8875,21
2026-04-01 13:33:00,2.883,2.884,2.879,2.88,2.888,2.889,2.884,2.885,22
2026-04-01 13:34:00,2.8795,2.881,2.879,2.879,2.8845,2.886,2.884,2.884,24
2026-04-01 13:35:00,2.8785,2.8785,2.876,2.877,2.8835,2.8835,2.881,2.882,18
2026-04-01 13:36:00,2.878,2.878,2.875,2.877,2.883,2.883,2.88,2.882,21
2026-04-01 13:37:00,2.878,2.878,2.873,2.874,2.883,2.883,2.878,2.879,35
2026-04-01 13:38:00,2.873,2.874,2.872,2.873,2.878,2.879,2.877,2.878,22
2026-04-01 13:39:00,2.8725,2.873,2.869,2.8715,2.8775,2.878,2.874,2.8765,40
2026-04-01 13:40:00,2.872,2.877,2.8705,2.876,2.877,2.882,2.8755,2.881,30
2026-04-01 13:41:00,2.8765,2.881,2.876,2.8785,2.8815,2.886,2.881,2.8835,28
2026-04-01 13:42:00,2.877,2.8805,2.876,2.876,2.882,2.8855,2.881,2.881,39
2026-04-01 13:43:00,2.874,2.878,2.873,2.8745,2.879,2.883,2.878,2.8795,22
2026-04-01 13:44:00,2.875,2.875,2.8725,2.875,2.88,2.88,2.8775,2.88,15
2026-04-01 13:45:00,2.8745,2.878,2.874,2.878,2.8795,2.883,2.879,2.883,27
2026-04-01 13:46:00,2.879,2.88,2.878,2.8785,2.884,2.885,2.883,2.8835,20
2026-04-01 13:47:00,2.878,2.879,2.876,2.8785,2.883,2.884,2.881,2.8835,13
2026-04-01 13:48:00,2.877,2.879,2.876,2.877,2.882,2.884,2.881,2.882,17
2026-04-01 13:49:00,2.8765,2.877,2.874,2.875,2.8815,2.882,2.879,2.88,20
2026-04-01 13:50:00,2.8755,2.8765,2.874,2.876,2.8805,2.8815,2.879,2.881,24
2026-04-01 13:51:00,2.8755,2.8755,2.872,2.873,2.8805,2.8805,2.877,2.878,20
2026-04-01 13:52:00,2.875,2.875,2.8715,2.872,2.88,2.88,2.8765,2.877,14
2026-04-01 13:53:00,2.8715,2.8715,2.871,2.871,2.8765,2.8765,2.876,2.876,2
2026-04-01 13:54:00,2.872,2.874,2.872,2.8725,2.877,2.879,2.877,2.8775,9
2026-04-01 13:55:00,2.872,2.8735,2.87,2.871,2.877,2.8785,2.875,2.876,27
2026-04-01 13:56:00,2.872,2.873,2.8705,2.871,2.877,2.878,2.8755,2.876,34
2026-04-01 13:57:00,2.8705,2.871,2.8705,2.871,2.8755,2.876,2.8755,2.876,2
2026-04-01 13:58:00,2.872,2.877,2.872,2.875,2.877,2.882,2.877,2.88,12
2026-04-01 13:59:00,2.876,2.878,2.875,2.876,2.881,2.883,2.88,2.881,24
2026-04-01 14:00:00,2.875,2.88,2.873,2.878,2.88,2.885,2.878,2.883,56
2026-04-01 14:01:00,2.8775,2.8775,2.875,2.875,2.8825,2.8825,2.88,2.88,23
2026-04-01 14:02:00,2.8745,2.875,2.871,2.8715,2.8795,2.88,2.876,2.8765,31
2026-04-01 14:03:00,2.872,2.876,2.872,2.8755,2.877,2.881,2.877,2.8805,30
2026-04-01 14:04:00,2.876,2.8795,2.8755,2.878,2.881,2.8845,2.8805,2.883,21
2026-04-01 14:05:00,2.8785,2.881,2.8785,2.8795,2.8835,2.886,2.8835,2.8845,21
2026-04-01 14:06:00,2.88,2.886,2.879,2.881,2.885,2.891,2.884,2.886,53
2026-04-01 14:07:00,2.8805,2.883,2.88,2.8825,2.8855,2.888,2.885,2.8875,24
2026-04-01 14:08:00,2.882,2.883,2.88,2.8805,2.887,2.888,2.885,2.8855,18
2026-04-01 14:09:00,2.88,2.881,2.88,2.881,2.885,2.886,2.885,2.886,2
2026-04-01 14:10:00,2.8815,2.882,2.879,2.8805,2.8865,2.887,2.884,2.8855,19
2026-04-01 14:11:00,2.8795,2.882,2.879,2.882,2.8845,2.887,2.884,2.887,20
2026-04-01 14:12:00,2.8815,2.886,2.8805,2.8855,2.8865,2.891,2.8855,2.8905,21
2026-04-01 14:13:00,2.886,2.8925,2.886,2.889,2.891,2.8975,2.891,2.894,31
2026-04-01 14:14:00,2.8885,2.893,2.888,2.891,2.8935,2.898,2.893,2.896,41
2026-04-01 14:15:00,2.89,2.8955,2.89,2.895,2.895,2.9005,2.895,2.9,26
2026-04-01 14:16:00,2.896,2.8995,2.895,2.8995,2.901,2.9045,2.9,2.9045,29
2026-04-01 14:17:00,2.9,2.905,2.898,2.904,2.905,2.91,2.903,2.909,43
2026-04-01 14:18:00,2.905,2.9075,2.904,2.9065,2.91,2.9125,2.909,2.9115,23
2026-04-01 14:19:00,2.906,2.907,2.9035,2.904,2.911,2.912,2.9085,2.909,13
2026-04-01 14:20:00,2.9035,2.9055,2.902,2.904,2.9085,2.9105,2.907,2.909,32
2026-04-01 14:21:00,2.905,2.908,2.905,2.906,2.91,2.913,2.91,2.911,16
2026-04-01 14:22:00,2.9065,2.9085,2.904,2.9065,2.9115,2.9135,2.909,2.9115,20
2026-04-01 14:23:00,2.906,2.907,2.901,2.903,2.911,2.912,2.906,2.908,41
2026-04-01 14:24:00,2.9035,2.9035,2.886,2.888,2.9085,2.9085,2.891,2.893,53
2026-04-01 14:25:00,2.8885,2.893,2.8885,2.891,2.8935,2.898,2.8935,2.896,30
2026-04-01 14:26:00,2.892,2.901,2.892,2.9,2.897,2.906,2.897,2.905,40
2026-04-01 14:27:00,2.899,2.9025,2.897,2.9,2.904,2.9075,2.902,2.905,36
2026-04-01 14:28:00,2.9005,2.903,2.8995,2.9005,2.9055,2.908,2.9045,2.9055,32
2026-04-01 14:29:00,2.901,2.901,2.8955,2.8965,2.906,2.906,2.9005,2.9015,25
2026-04-01 14:30:00,2.896,2.901,2.894,2.901,2.901,2.906,2.899,2.906,23
2026-04-01 14:31:00,2.9015,2.903,2.8975,2.8975,2.9065,2.908,2.9025,2.9025,18
2026-04-01 14:32:00,2.899,2.9,2.8975,2.8975,2.904,2.905,2.9025,2.9025,26
2026-04-01 14:33:00,2.897,2.901,2.894,2.9,2.902,2.906,2.899,2.905,28
2026-04-01 14:34:00,2.9005,2.904,2.9,2.903,2.9055,2.909,2.905,2.908,25
2026-04-01 14:35:00,2.9035,2.9035,2.8975,2.9,2.9085,2.9085,2.9025,2.905,34
2026-04-01 14:36:00,2.901,2.9115,2.9,2.91,2.906,2.9165,2.905,2.915,59
2026-04-01 14:37:00,2.9105,2.914,2.906,2.9075,2.9155,2.919,2.911,2.9125,50
2026-04-01 14:38:00,2.907,2.914,2.904,2.909,2.912,2.919,2.909,2.914,40
2026-04-01 14:39:00,2.9085,2.9105,2.907,2.91,2.9135,2.9155,2.912,2.915,22
2026-04-01 14:40:00,2.9115,2.9115,2.9085,2.909,2.9165,2.9165,2.9135,2.914,13
2026-04-01 14:41:00,2.9095,2.91,2.904,2.905,2.9145,2.915,2.909,2.91,32
2026-04-01 14:42:00,2.9055,2.9095,2.9045,2.9075,2.9105,2.9145,2.9095,2.9125,34
2026-04-01 14:43:00,2.907,2.907,2.904,2.9045,2.912,2.912,2.909,2.9095,24
2026-04-01 14:44:00,2.904,2.9075,2.887,2.893,2.909,2.9125,2.892,2.898,91
2026-04-01 14:45:00,2.894,2.897,2.883,2.888,2.899,2.902,2.888,2.893,159
2026-04-01 14:46:00,2.889,2.897,2.886,2.8955,2.894,2.902,2.891,2.9005,88
2026-04-01 14:47:00,2.896,2.899,2.8935,2.8955,2.901,2.904,2.8985,2.9005,68
2026-04-01 14:48:00,2.896,2.8995,2.8925,2.8935,2.901,2.9045,2.8975,2.8985,42
2026-04-01 14:49:00,2.893,2.8935,2.888,2.89,2.898,2.8985,2.893,2.895,54
2026-04-01 14:50:00,2.8895,2.892,2.887,2.8915,2.8945,2.897,2.892,2.8965,48
2026-04-01 14:51:00,2.891,2.895,2.888,2.895,2.896,2.9,2.893,2.9,48
2026-04-01 14:52:00,2.8945,2.8985,2.8915,2.8925,2.8995,2.9035,2.8965,2.8975,72
2026-04-01 14:53:00,2.8915,2.8915,2.881,2.8855,2.8965,2.8965,2.886,2.8905,56
2026-04-01 14:54:00,2.886,2.889,2.885,2.887,2.891,2.894,2.89,2.892,28
2026-04-01 14:55:00,2.888,2.889,2.8835,2.884,2.893,2.894,2.8885,2.889,38
2026-04-01 14:56:00,2.883,2.883,2.878,2.881,2.888,2.888,2.883,2.886,49
2026-04-01 14:57:00,2.8815,2.8915,2.8815,2.8885,2.8865,2.8965,2.8865,2.8935,52
2026-04-01 14:58:00,2.889,2.895,2.887,2.8915,2.894,2.9,2.892,2.8965,50
2026-04-01 14:59:00,2.891,2.8915,2.888,2.888,2.896,2.8965,2.893,2.893,22
2026-04-01 15:00:00,2.887,2.89,2.8825,2.8865,2.892,2.895,2.8875,2.8915,108
2026-04-01 15:01:00,2.887,2.889,2.8805,2.884,2.892,2.894,2.8855,2.889,56
2026-04-01 15:02:00,2.883,2.883,2.879,2.88,2.888,2.888,2.884,2.885,42
2026-04-01 15:03:00,2.8795,2.884,2.877,2.88,2.8845,2.889,2.882,2.885,50
2026-04-01 15:04:00,2.881,2.885,2.879,2.885,2.886,2.89,2.884,2.89,41
2026-04-01 15:05:00,2.884,2.888,2.882,2.887,2.889,2.893,2.887,2.892,49
2026-04-01 15:06:00,2.886,2.891,2.8825,2.883,2.891,2.896,2.8875,2.888,59
2026-04-01 15:07:00,2.8825,2.8845,2.882,2.8845,2.8875,2.8895,2.887,2.8895,17
2026-04-01 15:08:00,2.884,2.887,2.883,2.887,2.889,2.892,2.888,2.892,28
2026-04-01 15:09:00,2.888,2.888,2.883,2.884,2.893,2.893,2.888,2.889,37
2026-04-01 15:10:00,2.8845,2.886,2.877,2.883,2.8895,2.891,2.882,2.888,64
2026-04-01 15:11:00,2.8825,2.8825,2.877,2.879,2.8875,2.8875,2.882,2.884,41
2026-04-01 15:12:00,2.88,2.8825,2.879,2.881,2.885,2.8875,2.884,2.886,41
2026-04-01 15:13:00,2.88,2.882,2.878,2.881,2.885,2.887,2.883,2.886,31
2026-04-01 15:14:00,2.8815,2.884,2.879,2.8815,2.8865,2.889,2.884,2.8865,49
2026-04-01 15:15:00,2.8825,2.8895,2.881,2.889,2.8875,2.8945,2.886,2.894,46
2026-04-01 15:16:00,2.8885,2.8885,2.879,2.88,2.8935,2.8935,2.884,2.885,53
2026-04-01 15:17:00,2.879,2.88,2.876,2.88,2.884,2.885,2.881,2.885,36
2026-04-01 15:18:00,2.881,2.8845,2.879,2.8845,2.886,2.8895,2.884,2.8895,40
2026-04-01 15:19:00,2.884,2.885,2.881,2.881,2.889,2.89,2.886,2.886,35
2026-04-01 15:20:00,2.88,2.885,2.88,2.8835,2.885,2.89,2.885,2.8885,38
2026-04-01 15:21:00,2.884,2.8875,2.882,2.8845,2.889,2.8925,2.887,2.8895,33
2026-04-01 15:22:00,2.8855,2.887,2.8835,2.886,2.8905,2.892,2.8885,2.891,22
2026-04-01 15:23:00,2.8865,2.887,2.8815,2.8845,2.8915,2.892,2.8865,2.8895,29
2026-04-01 15:24:00,2.885,2.885,2.88,2.88,2.89,2.89,2.885,2.885,24
2026-04-01 15:25:00,2.881,2.888,2.881,2.888,2.886,2.893,2.886,2.893,19
2026-04-01 15:26:00,2.8875,2.8875,2.881,2.884,2.8925,2.8925,2.886,2.889,37
2026-04-01 15:27:00,2.8835,2.8845,2.883,2.884,2.8885,2.8895,2.888,2.889,12
2026-04-01 15:28:00,2.8845,2.888,2.884,2.885,2.8895,2.893,2.889,2.89,39
2026-04-01 15:29:00,2.886,2.889,2.885,2.888,2.891,2.894,2.89,2.893,35
2026-04-01 15:30:00,2.887,2.89,2.876,2.876,2.892,2.895,2.881,2.881,85
2026-04-01 15:31:00,2.875,2.883,2.872,2.88,2.88,2.888,2.877,2.885,91
2026-04-01 15:32:00,2.8795,2.884,2.8775,2.881,2.8845,2.889,2.8825,2.886,38
2026-04-01 15:33:00,2.88,2.887,2.879,2.884,2.885,2.892,2.884,2.889,39
2026-04-01 15:34:00,2.8835,2.8845,2.875,2.8775,2.8885,2.8895,2.88,2.8825,87
2026-04-01 15:35:00,2.877,2.88,2.875,2.877,2.882,2.885,2.88,2.882,64
2026-04-01 15:36:00,2.876,2.8765,2.871,2.873,2.881,2.8815,2.876,2.878,56
2026-04-01 15:37:00,2.8725,2.8735,2.869,2.869,2.8775,2.8785,2.874,2.874,60
2026-04-01 15:38:00,2.8685,2.8715,2.867,2.869,2.8735,2.8765,2.872,2.874,53
2026-04-01 15:39:00,2.8685,2.875,2.867,2.874,2.8735,2.88,2.872,2.879,45
2026-04-01 15:40:00,2.8735,2.8765,2.869,2.8705,2.8785,2.8815,2.874,2.8755,51
2026-04-01 15:41:00,2.87,2.873,2.869,2.871,2.875,2.878,2.874,2.876,81
2026-04-01 15:42:00,2.8705,2.882,2.87,2.88,2.8755,2.887,2.875,2.885,99
2026-04-01 15:43:00,2.879,2.883,2.878,2.8795,2.884,2.888,2.883,2.8845,43
2026-04-01 15:44:00,2.881,2.881,2.875,2.8755,2.886,2.886,2.88,2.8805,45
2026-04-01 15:45:00,2.875,2.877,2.8705,2.873,2.88,2.882,2.8755,2.878,38
2026-04-01 15:46:00,2.8725,2.873,2.87,2.873,2.8775,2.878,2.875,2.878,41
2026-04-01 15:47:00,2.872,2.872,2.864,2.87,2.877,2.877,2.869,2.875,61
2026-04-01 15:48:00,2.8695,2.87,2.8655,2.8675,2.8745,2.875,2.8705,2.8725,53
2026-04-01 15:49:00,2.868,2.871,2.867,2.871,2.873,2.876,2.872,2.876,33
2026-04-01 15:50:00,2.8705,2.875,2.869,2.872,2.8755,2.88,2.874,2.877,64
2026-04-01 15:51:00,2.8715,2.874,2.868,2.873,2.8765,2.879,2.873,2.878,39
2026-04-01 15:52:00,2.8725,2.875,2.8685,2.87,2.8775,2.88,2.8735,2.875,41
2026-04-01 15:53:00,2.869,2.869,2.8605,2.8655,2.874,2.874,2.8655,2.8705,75
2026-04-01 15:54:00,2.865,2.872,2.865,2.8715,2.87,2.877,2.87,2.8765,35
2026-04-01 15:55:00,2.872,2.875,2.87,2.87,2.877,2.88,2.875,2.875,38
2026-04-01 15:56:00,2.8705,2.872,2.8695,2.872,2.8755,2.877,2.8745,2.877,23
2026-04-01 15:57:00,2.8715,2.872,2.8685,2.8705,2.8765,2.877,2.8735,2.8755,28
2026-04-01 15:58:00,2.871,2.8725,2.869,2.8715,2.876,2.8775,2.874,2.8765,30
2026-04-01 15:59:00,2.872,2.872,2.8675,2.8705,2.877,2.877,2.8725,2.8755,50
2026-04-01 16:00:00,2.87,2.874,2.869,2.8725,2.875,2.879,2.874,2.8775,34
2026-04-01 16:01:00,2.871,2.874,2.87,2.873,2.876,2.879,2.875,2.878,40
2026-04-01 16:02:00,2.8725,2.874,2.871,2.873,2.8775,2.879,2.876,2.878,33
2026-04-01 16:03:00,2.8725,2.873,2.87,2.871,2.8775,2.878,2.875,2.876,32
2026-04-01 16:04:00,2.87,2.871,2.869,2.869,2.875,2.876,2.874,2.874,19
2026-04-01 16:05:00,2.8695,2.872,2.869,2.871,2.8745,2.877,2.874,2.876,26
2026-04-01 16:06:00,2.8715,2.877,2.871,2.873,2.8765,2.882,2.876,2.878,60
2026-04-01 16:07:00,2.8725,2.8735,2.868,2.869,2.8775,2.8785,2.873,2.874,49
2026-04-01 16:08:00,2.8685,2.869,2.864,2.8655,2.8735,2.874,2.869,2.8705,48
2026-04-01 16:09:00,2.865,2.8715,2.864,2.8675,2.87,2.8765,2.869,2.8725,34
2026-04-01 16:10:00,2.868,2.875,2.868,2.8725,2.873,2.88,2.873,2.8775,47
2026-04-01 16:11:00,2.872,2.873,2.869,2.8725,2.877,2.878,2.874,2.8775,28
2026-04-01 16:12:00,2.873,2.873,2.866,2.868,2.878,2.878,2.871,2.873,42
2026-04-01 16:13:00,2.8675,2.869,2.867,2.8675,2.8725,2.874,2.872,2.8725,14
2026-04-01 16:14:00,2.868,2.868,2.865,2.865,2.873,2.873,2.87,2.87,9
2026-04-01 16:15:00,2.8655,2.868,2.8655,2.867,2.8705,2.873,2.8705,2.872,14
2026-04-01 16:16:00,2.863,2.867,2.863,2.867,2.868,2.872,2.868,2.872,35
2026-04-01 16:17:00,2.8665,2.867,2.861,2.861,2.8715,2.872,2.866,2.866,21
2026-04-01 16:18:00,2.8605,2.866,2.8605,2.8645,2.8655,2.871,2.8655,2.8695,24
2026-04-01 16:19:00,2.864,2.865,2.861,2.861,2.869,2.87,2.866,2.866,16
2026-04-01 16:20:00,2.8615,2.869,2.86,2.867,2.8665,2.874,2.865,2.872,68
2026-04-01 16:21:00,2.8665,2.8665,2.864,2.864,2.8715,2.8715,2.869,2.869,29
2026-04-01 16:22:00,2.8645,2.868,2.8645,2.867,2.8695,2.873,2.8695,2.872,46
2026-04-01 16:23:00,2.8675,2.87,2.8665,2.868,2.8725,2.875,2.8715,2.873,26
2026-04-01 16:24:00,2.8675,2.871,2.866,2.87,2.8725,2.876,2.871,2.875,22
2026-04-01 16:25:00,2.869,2.87,2.867,2.8675,2.874,2.875,2.872,2.8725,31
2026-04-01 16:26:00,2.867,2.876,2.867,2.876,2.872,2.881,2.872,2.881,44
2026-04-01 16:27:00,2.8755,2.876,2.8725,2.8755,2.8805,2.881,2.8775,2.8805,37
2026-04-01 16:28:00,2.876,2.877,2.873,2.8755,2.881,2.882,2.878,2.8805,31
2026-04-01 16:29:00,2.876,2.877,2.873,2.873,2.881,2.882,2.878,2.878,27
2026-04-01 16:30:00,2.8725,2.8745,2.8705,2.872,2.8775,2.8795,2.8755,2.877,88
2026-04-01 16:31:00,2.873,2.873,2.866,2.866,2.878,2.878,2.871,2.871,84
2026-04-01 16:32:00,2.867,2.872,2.865,2.871,2.872,2.877,2.87,2.876,66
2026-04-01 16:33:00,2.8705,2.874,2.87,2.8715,2.8755,2.879,2.875,2.8765,74
2026-04-01 16:34:00,2.871,2.8735,2.87,2.8735,2.876,2.8785,2.875,2.8785,23
2026-04-01 16:35:00,2.873,2.874,2.872,2.873,2.878,2.879,2.877,2.878,27
2026-04-01 16:36:00,2.8725,2.8745,2.869,2.8705,2.8775,2.8795,2.874,2.8755,25
2026-04-01 16:37:00,2.87,2.872,2.869,2.87,2.875,2.877,2.874,2.875,40
2026-04-01 16:38:00,2.8695,2.871,2.8675,2.869,2.8745,2.876,2.8725,2.874,21
2026-04-01 16:39:00,2.87,2.871,2.862,2.864,2.875,2.876,2.867,2.869,105
2026-04-01 16:40:00,2.8645,2.874,2.864,2.868,2.8695,2.879,2.869,2.873,67
2026-04-01 16:41:00,2.8675,2.868,2.8645,2.866,2.8725,2.873,2.8695,2.871,26
2026-04-01 16:42:00,2.865,2.867,2.8625,2.863,2.87,2.872,2.8675,2.868,33
2026-04-01 16:43:00,2.8635,2.867,2.8635,2.867,2.8685,2.872,2.8685,2.872,44
2026-04-01 16:44:00,2.866,2.866,2.863,2.865,2.871,2.871,2.868,2.87,25
2026-04-01 16:45:00,2.866,2.869,2.8645,2.8685,2.871,2.874,2.8695,2.8735,38
2026-04-01 16:46:00,2.868,2.872,2.866,2.872,2.873,2.877,2.871,2.877,17
2026-04-01 16:47:00,2.8705,2.871,2.867,2.8685,2.8755,2.876,2.872,2.8735,43
2026-04-01 16:48:00,2.868,2.8685,2.866,2.867,2.873,2.8735,2.871,2.872,9
2026-04-01 16:49:00,2.8675,2.872,2.867,2.868,2.8725,2.877,2.872,2.873,31
2026-04-01 16:50:00,2.8675,2.8685,2.867,2.867,2.8725,2.8735,2.872,2.872,10
2026-04-01 16:51:00,2.868,2.869,2.867,2.869,2.873,2.874,2.872,2.874,15
2026-04-01 16:52:00,2.87,2.871,2.8685,2.87,2.875,2.876,2.8735,2.875,12
2026-04-01 16:53:00,2.8695,2.87,2.866,2.867,2.8745,2.875,2.871,2.872,20
2026-04-01 16:54:00,2.8665,2.8675,2.8645,2.865,2.8715,2.8725,2.8695,2.87,21
2026-04-01 16:55:00,2.8645,2.866,2.864,2.865,2.8695,2.871,2.869,2.87,21
2026-04-01 16:56:00,2.866,2.866,2.863,2.865,2.871,2.871,2.868,2.87,23
2026-04-01 16:57:00,2.866,2.869,2.865,2.8685,2.871,2.874,2.87,2.8735,15
2026-04-01 16:58:00,2.868,2.868,2.867,2.867,2.873,2.873,2.872,2.872,9
2026-04-01 16:59:00,2.8675,2.872,2.867,2.87,2.8725,2.877,2.872,2.875,17
2026-04-01 17:00:00,2.8705,2.874,2.869,2.8705,2.8755,2.879,2.874,2.8755,46
2026-04-01 17:01:00,2.872,2.875,2.87,2.871,2.877,2.88,2.875,2.876,36
2026-04-01 17:02:00,2.8705,2.871,2.869,2.871,2.8755,2.876,2.874,2.876,16
2026-04-01 17:03:00,2.8705,2.873,2.8685,2.8725,2.8755,2.878,2.8735,2.8775,22
2026-04-01 17:04:00,2.872,2.875,2.8705,2.871,2.877,2.88,2.8755,2.876,27
2026-04-01 17:05:00,2.8715,2.872,2.871,2.871,2.8765,2.877,2.876,2.876,8
2026-04-01 17:06:00,2.87,2.873,2.869,2.872,2.875,2.878,2.874,2.877,18
2026-04-01 17:07:00,2.873,2.873,2.871,2.871,2.878,2.878,2.876,2.876,7
2026-04-01 17:08:00,2.87,2.872,2.8685,2.8705,2.875,2.877,2.8735,2.8755,27
2026-04-01 17:09:00,2.8695,2.87,2.865,2.866,2.8745,2.875,2.87,2.871,26
2026-04-01 17:10:00,2.865,2.865,2.862,2.864,2.87,2.87,2.867,2.869,26
2026-04-01 17:11:00,2.8645,2.867,2.8645,2.867,2.8695,2.872,2.8695,2.872,15
2026-04-01 17:12:00,2.868,2.868,2.866,2.866,2.873,2.873,2.871,2.871,21
2026-04-01 17:13:00,2.867,2.873,2.867,2.8715,2.872,2.878,2.872,2.8765,19
2026-04-01 17:14:00,2.872,2.8745,2.872,2.8735,2.877,2.8795,2.877,2.8785,24
2026-04-01 17:15:00,2.874,2.8765,2.874,2.875,2.879,2.8815,2.879,2.88,13
2026-04-01 17:16:00,2.874,2.875,2.871,2.872,2.879,2.88,2.876,2.877,20
2026-04-01 17:17:00,2.871,2.871,2.868,2.869,2.876,2.876,2.873,2.874,11
2026-04-01 17:18:00,2.8695,2.873,2.869,2.872,2.8745,2.878,2.874,2.877,18
2026-04-01 17:19:00,2.871,2.872,2.869,2.871,2.876,2.877,2.874,2.876,21
2026-04-01 17:20:00,2.87,2.872,2.869,2.8705,2.875,2.877,2.874,2.8755,27
2026-04-01 17:21:00,2.871,2.874,2.871,2.874,2.876,2.879,2.876,2.879,22
2026-04-01 17:22:00,2.8735,2.875,2.873,2.875,2.8785,2.88,2.878,2.88,17
2026-04-01 17:23:00,2.874,2.878,2.874,2.877,2.879,2.883,2.879,2.882,19
2026-04-01 17:24:00,2.8775,2.88,2.876,2.88,2.8825,2.885,2.881,2.885,24
2026-04-01 17:25:00,2.879,2.881,2.876,2.877,2.884,2.886,2.881,2.882,28
2026-04-01 17:26:00,2.8765,2.8775,2.876,2.877,2.8815,2.8825,2.881,2.882,12
2026-04-01 17:27:00,2.878,2.879,2.877,2.878,2.883,2.884,2.882,2.883,35
2026-04-01 17:28:00,2.8775,2.878,2.874,2.875,2.8825,2.883,2.879,2.88,18
2026-04-01 17:29:00,2.8755,2.878,2.8745,2.877,2.8805,2.883,2.8795,2.882,36
2026-04-01 17:30:00,2.8765,2.879,2.874,2.8785,2.8815,2.884,2.879,2.8835,38
2026-04-01 17:31:00,2.879,2.8815,2.876,2.876,2.884,2.8865,2.881,2.881,37
2026-04-01 17:32:00,2.875,2.8785,2.875,2.877,2.88,2.8835,2.88,2.882,8
2026-04-01 17:33:00,2.876,2.877,2.876,2.877,2.881,2.882,2.881,2.882,13
2026-04-01 17:34:00,2.8775,2.8775,2.875,2.876,2.8825,2.8825,2.88,2.881,11
2026-04-01 17:35:00,2.8755,2.8785,2.873,2.8785,2.8805,2.8835,2.878,2.8835,19
2026-04-01 17:36:00,2.878,2.88,2.876,2.876,2.883,2.885,2.881,2.881,24
2026-04-01 17:37:00,2.8755,2.876,2.873,2.875,2.8805,2.881,2.878,2.88,13
2026-04-01 17:38:00,2.8755,2.876,2.873,2.8735,2.8805,2.881,2.878,2.8785,16
2026-04-01 17:39:00,2.874,2.875,2.872,2.872,2.879,2.88,2.877,2.877,11
2026-04-01 17:40:00,2.873,2.8765,2.873,2.8755,2.878,2.8815,2.878,2.8805,11
2026-04-01 17:41:00,2.875,2.875,2.873,2.874,2.88,2.88,2.878,2.879,20
2026-04-01 17:42:00,2.8745,2.877,2.8745,2.876,2.8795,2.882,2.8795,2.881,17
2026-04-01 17:43:00,2.8765,2.878,2.874,2.875,2.8815,2.883,2.879,2.88,18
2026-04-01 17:44:00,2.8745,2.877,2.873,2.876,2.8795,2.882,2.878,2.881,16
2026-04-01 17:45:00,2.8765,2.88,2.8765,2.88,2.8815,2.885,2.8815,2.885,11
2026-04-01 17:46:00,2.8805,2.885,2.88,2.884,2.8855,2.89,2.885,2.889,27
2026-04-01 17:47:00,2.8845,2.886,2.883,2.883,2.8895,2.891,2.888,2.888,22
2026-04-01 17:48:00,2.8825,2.8825,2.879,2.88,2.8875,2.8875,2.884,2.885,30
2026-04-01 17:49:00,2.879,2.88,2.877,2.877,2.884,2.885,2.882,2.882,10
2026-04-01 17:50:00,2.8765,2.878,2.876,2.876,2.8815,2.883,2.881,2.881,13
2026-04-01 17:51:00,2.8765,2.88,2.8765,2.88,2.8815,2.885,2.8815,2.885,6
2026-04-01 17:52:00,2.8805,2.882,2.88,2.881,2.8855,2.887,2.885,2.886,19
2026-04-01 17:53:00,2.8805,2.882,2.877,2.877,2.8855,2.887,2.882,2.882,25
2026-04-01 17:54:00,2.8765,2.879,2.876,2.878,2.8815,2.884,2.881,2.883,7
2026-04-01 17:55:00,2.8775,2.878,2.8735,2.875,2.8825,2.883,2.8785,2.88,23
2026-04-01 17:56:00,2.8745,2.8745,2.871,2.872,2.8795,2.8795,2.876,2.877,21
2026-04-01 17:57:00,2.873,2.874,2.871,2.873,2.878,2.879,2.876,2.878,24
2026-04-01 17:58:00,2.872,2.874,2.871,2.8735,2.877,2.879,2.876,2.8785,20
2026-04-01 17:59:00,2.873,2.876,2.873,2.875,2.878,2.881,2.878,2.88,17
2026-04-01 18:00:00,2.874,2.875,2.8735,2.874,2.879,2.88,2.8785,2.879,8
2026-04-01 18:01:00,2.8745,2.878,2.8745,2.8755,2.8795,2.883,2.8795,2.8805,13
2026-04-01 18:02:00,2.875,2.8755,2.873,2.874,2.88,2.8805,2.878,2.879,18
2026-04-01 18:03:00,2.8735,2.874,2.8735,2.8735,2.8785,2.879,2.8785,2.8785,9
2026-04-01 18:04:00,2.873,2.873,2.868,2.87,2.878,2.878,2.873,2.875,18
2026-04-01 18:05:00,2.869,2.871,2.868,2.871,2.874,2.876,2.873,2.876,17
2026-04-01 18:06:00,2.8705,2.871,2.87,2.87,2.8755,2.876,2.875,2.875,8
2026-04-01 18:07:00,2.8705,2.872,2.869,2.871,2.8755,2.877,2.874,2.876,13
2026-04-01 18:08:00,2.872,2.873,2.87,2.871,2.877,2.878,2.875,2.876,13
2026-04-01 18:09:00,2.872,2.872,2.871,2.8715,2.877,2.877,2.876,2.8765,9
2026-04-01 18:10:00,2.872,2.874,2.872,2.874,2.877,2.879,2.877,2.879,8
2026-04-01 18:11:00,2.873,2.878,2.873,2.875,2.878,2.883,2.878,2.88,25
2026-04-01 18:12:00,2.8745,2.875,2.8735,2.874,2.8795,2.88,2.8785,2.879,20
2026-04-01 18:13:00,2.873,2.874,2.872,2.873,2.878,2.879,2.877,2.878,20
2026-04-01 18:14:00,2.8735,2.876,2.8735,2.874,2.8785,2.881,2.8785,2.879,27
2026-04-01 18:15:00,2.8735,2.874,2.873,2.873,2.8785,2.879,2.878,2.878,5
2026-04-01 18:16:00,2.8735,2.874,2.8725,2.873,2.8785,2.879,2.8775,2.878,12
2026-04-01 18:17:00,2.874,2.874,2.871,2.871,2.879,2.879,2.876,2.876,11
2026-04-01 18:18:00,2.87,2.87,2.868,2.868,2.875,2.875,2.873,2.873,11
2026-04-01 18:19:00,2.869,2.871,2.867,2.871,2.874,2.876,2.872,2.876,18
2026-04-01 18:20:00,2.8705,2.8705,2.8675,2.8675,2.8755,2.8755,2.8725,2.8725,17
2026-04-01 18:21:00,2.867,2.8675,2.8655,2.867,2.872,2.8725,2.8705,2.872,14
2026-04-01 18:22:00,2.866,2.867,2.866,2.866,2.871,2.872,2.871,2.871,3
2026-04-01 18:23:00,2.8665,2.867,2.865,2.865,2.8715,2.872,2.87,2.87,22
2026-04-01 18:24:00,2.866,2.868,2.8655,2.868,2.871,2.873,2.8705,2.873,11
2026-04-01 18:25:00,2.8675,2.8685,2.8655,2.866,2.8725,2.8735,2.8705,2.871,18
2026-04-01 18:26:00,2.867,2.867,2.866,2.866,2.872,2.872,2.871,2.871,3
2026-04-01 18:27:00,2.8655,2.866,2.8645,2.866,2.8705,2.871,2.8695,2.871,13
2026-04-01 18:28:00,2.8665,2.867,2.866,2.867,2.8715,2.872,2.871,2.872,10
2026-04-01 18:29:00,2.866,2.866,2.8645,2.865,2.871,2.871,2.8695,2.87,6
2026-04-01 18:30:00,2.8645,2.866,2.864,2.865,2.8695,2.871,2.869,2.87,23
2026-04-01 18:31:00,2.866,2.868,2.864,2.866,2.871,2.873,2.869,2.871,19
2026-04-01 18:32:00,2.8665,2.869,2.866,2.869,2.8715,2.874,2.871,2.874,11
2026-04-01 18:33:00,2.868,2.869,2.868,2.869,2.873,2.874,2.873,2.874,8
2026-04-01 18:34:00,2.87,2.87,2.868,2.868,2.875,2.875,2.873,2.873,15
2026-04-01 18:35:00,2.8675,2.8675,2.864,2.864,2.8725,2.8725,2.869,2.869,8
2026-04-01 18:36:00,2.8635,2.864,2.861,2.864,2.8685,2.869,2.866,2.869,31
2026-04-01 18:37:00,2.8635,2.865,2.862,2.8625,2.8685,2.87,2.867,2.8675,14
2026-04-01 18:38:00,2.863,2.863,2.86,2.861,2.868,2.868,2.865,2.866,12
2026-04-01 18:39:00,2.862,2.862,2.861,2.862,2.867,2.867,2.866,2.867,7
2026-04-01 18:40:00,2.8615,2.862,2.857,2.859,2.8665,2.867,2.862,2.864,34
2026-04-01 18:41:00,2.86,2.86,2.859,2.86,2.865,2.865,2.864,2.865,5
2026-04-01 18:43:00,2.859,2.86,2.859,2.86,2.864,2.865,2.864,2.865,6
2026-04-01 18:44:00,2.859,2.86,2.857,2.86,2.864,2.865,2.862,2.865,43
2026-04-01 18:45:00,2.8595,2.8605,2.858,2.86,2.8645,2.8655,2.863,2.865,11
2026-04-01 18:46:00,2.859,2.861,2.858,2.858,2.864,2.866,2.863,2.863,10
2026-04-01 18:47:00,2.857,2.858,2.856,2.857,2.862,2.863,2.861,2.862,5
2026-04-01 18:48:00,2.8565,2.857,2.856,2.856,2.8615,2.862,2.861,2.861,5
2026-04-01 18:49:00,2.8555,2.8555,2.853,2.854,2.8605,2.8605,2.858,2.859,18
2026-04-01 18:50:00,2.853,2.8555,2.852,2.853,2.858,2.8605,2.857,2.858,25
2026-04-01 18:51:00,2.8525,2.853,2.851,2.851,2.8575,2.858,2.856,2.856,5
2026-04-01 18:52:00,2.852,2.855,2.852,2.854,2.857,2.86,2.857,2.859,36
2026-04-01 18:53:00,2.855,2.857,2.855,2.856,2.86,2.862,2.86,2.861,3
2026-04-01 18:54:00,2.858,2.859,2.8575,2.859,2.863,2.864,2.8625,2.864,19
2026-04-01 18:55:00,2.858,2.859,2.856,2.858,2.863,2.864,2.861,2.863,15
2026-04-01 18:56:00,2.8575,2.8575,2.853,2.854,2.8625,2.8625,2.858,2.859,21
2026-04-01 18:57:00,2.8545,2.857,2.854,2.857,2.8595,2.862,2.859,2.862,14
2026-04-01 18:58:00,2.856,2.858,2.8535,2.854,2.861,2.863,2.8585,2.859,18
2026-04-01 18:59:00,2.8535,2.855,2.853,2.854,2.8585,2.86,2.858,2.859,24
2026-04-01 19:00:00,2.853,2.854,2.846,2.8465,2.858,2.859,2.851,2.8515,52
2026-04-01 19:01:00,2.8455,2.846,2.8325,2.839,2.8505,2.851,2.8375,2.844,77
2026-04-01 19:02:00,2.8385,2.8385,2.834,2.834,2.8435,2.8435,2.839,2.839,19
2026-04-01 19:03:00,2.8335,2.834,2.8255,2.8305,2.8385,2.839,2.8305,2.8355,59
2026-04-01 19:04:00,2.829,2.832,2.828,2.831,2.834,2.837,2.833,2.836,45
2026-04-01 19:05:00,2.8305,2.833,2.8285,2.8315,2.8355,2.838,2.8335,2.8365,32
2026-04-01 19:06:00,2.831,2.836,2.831,2.835,2.836,2.841,2.836,2.84,24
2026-04-01 19:07:00,2.836,2.836,2.831,2.832,2.841,2.841,2.836,2.837,50
2026-04-01 19:08:00,2.831,2.833,2.829,2.832,2.836,2.838,2.834,2.837,44
2026-04-01 19:09:00,2.8315,2.833,2.8295,2.833,2.8365,2.838,2.8345,2.838,29
2026-04-01 19:10:00,2.832,2.832,2.828,2.829,2.837,2.837,2.833,2.834,26
2026-04-01 19:11:00,2.83,2.832,2.829,2.831,2.835,2.837,2.834,2.836,21
2026-04-01 19:12:00,2.8305,2.831,2.83,2.831,2.8355,2.836,2.835,2.836,12
2026-04-01 19:13:00,2.8305,2.8315,2.83,2.83,2.8355,2.8365,2.835,2.835,15
2026-04-01 19:14:00,2.8295,2.83,2.828,2.828,2.8345,2.835,2.833,2.833,12
2026-04-01 19:15:00,2.829,2.8335,2.828,2.8335,2.834,2.8385,2.833,2.8385,16
2026-04-01 19:16:00,2.834,2.839,2.834,2.838,2.839,2.844,2.839,2.843,26
2026-04-01 19:17:00,2.839,2.844,2.838,2.8435,2.844,2.849,2.843,2.8485,20
2026-04-01 19:18:00,2.843,2.846,2.843,2.846,2.848,2.851,2.848,2.851,21
2026-04-01 19:19:00,2.845,2.847,2.844,2.844,2.85,2.852,2.849,2.849,29
2026-04-01 19:20:00,2.8435,2.844,2.84,2.84,2.8485,2.849,2.845,2.845,12
2026-04-01 19:21:00,2.8395,2.842,2.839,2.8405,2.8445,2.847,2.844,2.8455,29
2026-04-01 19:22:00,2.84,2.842,2.8395,2.84,2.845,2.847,2.8445,2.845,15
2026-04-01 19:23:00,2.839,2.8415,2.839,2.841,2.844,2.8465,2.844,2.846,5
2026-04-01 19:24:00,2.842,2.842,2.841,2.841,2.847,2.847,2.846,2.846,3
2026-04-01 19:25:00,2.8415,2.843,2.8415,2.843,2.8465,2.848,2.8465,2.848,4
2026-04-01 19:26:00,2.842,2.844,2.842,2.844,2.847,2.849,2.847,2.849,5
2026-04-01 19:27:00,2.8445,2.846,2.842,2.845,2.8495,2.851,2.847,2.85,14
2026-04-01 19:28:00,2.8445,2.8445,2.844,2.844,2.8495,2.8495,2.849,2.849,2
2026-04-01 19:29:00,2.843,2.843,2.841,2.843,2.848,2.848,2.846,2.848,25
2026-04-01 19:30:00,2.8435,2.846,2.8435,2.846,2.8485,2.851,2.8485,2.851,11
2026-04-01 19:31:00,2.8455,2.8465,2.844,2.844,2.8505,2.8515,2.849,2.849,14
2026-04-01 19:33:00,2.845,2.8475,2.844,2.8465,2.85,2.8525,2.849,2.8515,11
2026-04-01 19:34:00,2.846,2.847,2.845,2.8465,2.851,2.852,2.85,2.8515,7
2026-04-01 19:35:00,2.847,2.849,2.846,2.848,2.852,2.854,2.851,2.853,16
2026-04-01 19:36:00,2.847,2.85,2.846,2.8495,2.852,2.855,2.851,2.8545,18
2026-04-01 19:37:00,2.85,2.8525,2.849,2.85,2.855,2.8575,2.854,2.855,25
2026-04-01 19:38:00,2.849,2.851,2.845,2.847,2.854,2.856,2.85,2.852,24
2026-04-01 19:39:00,2.846,2.847,2.845,2.846,2.851,2.852,2.85,2.851,17
2026-04-01 19:40:00,2.8455,2.849,2.8455,2.849,2.8505,2.854,2.8505,2.854,17
2026-04-01 19:41:00,2.848,2.849,2.848,2.848,2.853,2.854,2.853,2.853,13
2026-04-01 19:42:00,2.8485,2.85,2.847,2.847,2.8535,2.855,2.852,2.852,25
2026-04-01 19:43:00,2.846,2.847,2.846,2.847,2.851,2.852,2.851,2.852,2
2026-04-01 19:44:00,2.848,2.848,2.848,2.848,2.853,2.853,2.853,2.853,1
2026-04-01 19:45:00,2.847,2.848,2.846,2.846,2.852,2.853,2.851,2.851,6
2026-04-01 19:46:00,2.8465,2.85,2.8465,2.85,2.8515,2.855,2.8515,2.855,8
2026-04-01 19:47:00,2.8505,2.852,2.849,2.8495,2.8555,2.857,2.854,2.8545,20
2026-04-01 19:48:00,2.85,2.85,2.849,2.85,2.855,2.855,2.854,2.855,8
2026-04-01 19:49:00,2.849,2.851,2.849,2.851,2.854,2.856,2.854,2.856,12
2026-04-01 19:50:00,2.85,2.852,2.849,2.849,2.855,2.857,2.854,2.854,10
2026-04-01 19:51:00,2.8495,2.85,2.849,2.85,2.8545,2.855,2.854,2.855,12
2026-04-01 19:52:00,2.8495,2.85,2.849,2.85,2.8545,2.855,2.854,2.855,14
2026-04-01 19:53:00,2.851,2.852,2.85,2.85,2.856,2.857,2.855,2.855,13
2026-04-01 19:54:00,2.851,2.852,2.8495,2.852,2.856,2.857,2.8545,2.857,12
2026-04-01 19:55:00,2.8515,2.853,2.851,2.853,2.8565,2.858,2.856,2.858,9
2026-04-01 19:56:00,2.852,2.855,2.852,2.854,2.857,2.86,2.857,2.859,22
2026-04-01 19:57:00,2.855,2.857,2.8545,2.855,2.86,2.862,2.8595,2.86,14
2026-04-01 19:58:00,2.8545,2.857,2.8535,2.854,2.8595,2.862,2.8585,2.859,23
2026-04-01 19:59:00,2.853,2.855,2.852,2.8535,2.858,2.86,2.857,2.8585,25
2026-04-01 20:00:00,2.854,2.854,2.852,2.8525,2.859,2.859,2.857,2.8575,18
2026-04-01 20:01:00,2.853,2.853,2.85,2.85,2.858,2.858,2.855,2.855,13
2026-04-01 20:02:00,2.8505,2.855,2.85,2.853,2.8555,2.86,2.855,2.858,22
2026-04-01 20:03:00,2.8525,2.8525,2.85,2.851,2.8575,2.8575,2.855,2.856,16
2026-04-01 20:04:00,2.852,2.856,2.852,2.854,2.857,2.861,2.857,2.859,11
2026-04-01 20:05:00,2.8535,2.8535,2.852,2.853,2.8585,2.8585,2.857,2.858,10
2026-04-01 20:06:00,2.8535,2.86,2.8535,2.858,2.8585,2.865,2.8585,2.863,37
2026-04-01 20:07:00,2.8575,2.859,2.8565,2.857,2.8625,2.864,2.8615,2.862,12
2026-04-01 20:08:00,2.858,2.859,2.856,2.857,2.863,2.864,2.861,2.862,16
2026-04-01 20:09:00,2.8575,2.8605,2.856,2.856,2.8625,2.8655,2.861,2.861,20
2026-04-01 20:10:00,2.855,2.8555,2.853,2.8535,2.86,2.8605,2.858,2.8585,16
2026-04-01 20:11:00,2.853,2.8535,2.8515,2.852,2.858,2.8585,2.8565,2.857,18
2026-04-01 20:12:00,2.853,2.854,2.853,2.853,2.858,2.859,2.858,2.858,14
2026-04-01 20:13:00,2.852,2.8545,2.852,2.854,2.857,2.8595,2.857,2.859,10
2026-04-01 20:14:00,2.8535,2.854,2.853,2.854,2.8585,2.859,2.858,2.859,15
2026-04-01 20:15:00,2.855,2.858,2.855,2.857,2.86,2.863,2.86,2.862,19
2026-04-01 20:16:00,2.8575,2.8575,2.856,2.857,2.8625,2.8625,2.861,2.862,20
2026-04-01 20:17:00,2.8565,2.862,2.8565,2.862,2.8615,2.867,2.8615,2.867,23
2026-04-01 20:18:00,2.8615,2.862,2.86,2.861,2.8665,2.867,2.865,2.866,25
2026-04-01 20:19:00,2.8605,2.861,2.86,2.86,2.8655,2.866,2.865,2.865,10
2026-04-01 20:20:00,2.8605,2.861,2.857,2.859,2.8655,2.866,2.862,2.864,15
2026-04-01 20:21:00,2.8585,2.859,2.857,2.857,2.8635,2.864,2.862,2.862,5
2026-04-01 20:22:00,2.858,2.858,2.855,2.856,2.863,2.863,2.86,2.861,10
2026-04-01 20:23:00,2.855,2.857,2.855,2.856,2.86,2.862,2.86,2.861,17
2026-04-01 20:24:00,2.8565,2.861,2.8565,2.859,2.8615,2.866,2.8615,2.864,33
2026-04-01 20:25:00,2.8585,2.861,2.8585,2.86,2.8635,2.866,2.8635,2.865,22
2026-04-01 20:26:00,2.859,2.86,2.858,2.859,2.864,2.865,2.863,2.864,26
2026-04-01 20:27:00,2.8585,2.862,2.858,2.862,2.8635,2.867,2.863,2.867,17
2026-04-01 20:28:00,2.8615,2.8615,2.854,2.8545,2.8665,2.8665,2.859,2.8595,88
2026-04-01 20:29:00,2.855,2.8615,2.8545,2.859,2.86,2.8665,2.8595,2.864,81
2026-04-01 20:30:00,2.8595,2.8605,2.858,2.86,2.8645,2.8655,2.863,2.865,13
2026-04-01 20:31:00,2.861,2.863,2.861,2.8625,2.866,2.868,2.866,2.8675,24
2026-04-01 20:32:00,2.862,2.864,2.86,2.8605,2.867,2.869,2.865,2.8655,33
2026-04-01 20:33:00,2.861,2.862,2.86,2.86,2.866,2.867,2.865,2.865,11
2026-04-01 20:34:00,2.8605,2.862,2.8605,2.8605,2.8655,2.867,2.8655,2.8655,10
2026-04-01 20:35:00,2.861,2.862,2.858,2.858,2.866,2.867,2.863,2.863,12
2026-04-01 20:36:00,2.8575,2.858,2.855,2.856,2.8625,2.863,2.86,2.861,17
2026-04-01 20:37:00,2.8555,2.858,2.852,2.8575,2.8605,2.863,2.857,2.8625,23
2026-04-01 20:38:00,2.8565,2.86,2.8565,2.858,2.8615,2.865,2.8615,2.863,25
2026-04-01 20:39:00,2.857,2.8575,2.8535,2.855,2.862,2.8625,2.8585,2.86,18
2026-04-01 20:40:00,2.8545,2.856,2.854,2.854,2.8595,2.861,2.859,2.859,19
2026-04-01 20:41:00,2.8535,2.8535,2.852,2.852,2.8585,2.8585,2.857,2.857,3
2026-04-01 20:42:00,2.8515,2.8525,2.847,2.849,2.8565,2.8575,2.852,2.854,17
2026-04-01 20:43:00,2.8495,2.85,2.849,2.849,2.8545,2.855,2.854,2.854,8
2026-04-01 20:44:00,2.85,2.85,2.8485,2.849,2.855,2.855,2.8535,2.854,10
2026-04-01 20:45:00,2.848,2.852,2.848,2.851,2.853,2.857,2.853,2.856,22
2026-04-01 20:46:00,2.852,2.852,2.851,2.852,2.857,2.857,2.856,2.857,3
2026-04-01 20:47:00,2.8525,2.8525,2.851,2.851,2.8575,2.8575,2.856,2.856,6
2026-04-01 20:48:00,2.85,2.8535,2.85,2.8535,2.855,2.8585,2.855,2.8585,10
2026-04-01 20:49:00,2.853,2.854,2.8475,2.848,2.858,2.859,2.8525,2.853,25
2026-04-01 20:50:00,2.8485,2.849,2.845,2.848,2.8535,2.854,2.85,2.853,27
2026-04-01 20:51:00,2.8475,2.849,2.847,2.847,2.8525,2.854,2.852,2.852,11
2026-04-01 20:52:00,2.8475,2.849,2.8475,2.848,2.8525,2.854,2.8525,2.853,10
2026-04-01 20:53:00,2.849,2.849,2.848,2.848,2.854,2.854,2.853,2.853,4
2026-04-01 20:54:00,2.8475,2.8485,2.8475,2.8485,2.8525,2.8535,2.8525,2.8535,5
2026-04-01 20:55:00,2.848,2.85,2.848,2.849,2.853,2.855,2.853,2.854,13
2026-04-01 20:56:00,2.8485,2.849,2.847,2.8485,2.8535,2.854,2.852,2.8535,14
2026-04-01 20:57:00,2.848,2.85,2.848,2.848,2.853,2.855,2.853,2.853,13
2026-04-01 20:58:00,2.8485,2.85,2.848,2.85,2.8535,2.855,2.853,2.855,5
2026-04-01 20:59:00,2.851,2.851,2.849,2.85,2.856,2.856,2.854,2.855,7
2026-04-01 21:00:00,2.8495,2.8495,2.849,2.849,2.8545,2.8545,2.854,2.854,4
2026-04-01 21:01:00,2.848,2.8495,2.848,2.849,2.853,2.8545,2.853,2.854,10
2026-04-01 21:02:00,2.85,2.85,2.849,2.849,2.855,2.855,2.854,2.854,3
2026-04-01 21:03:00,2.8485,2.849,2.848,2.849,2.8535,2.854,2.853,2.854,4
2026-04-01 21:04:00,2.8485,2.851,2.848,2.851,2.8535,2.856,2.853,2.856,10
2026-04-01 21:06:00,2.8515,2.8525,2.8515,2.8515,2.8565,2.8575,2.8565,2.8565,5
2026-04-01 21:07:00,2.851,2.851,2.851,2.851,2.856,2.856,2.856,2.856,1
2026-04-01 21:08:00,2.85,2.851,2.849,2.851,2.855,2.856,2.854,2.856,6
2026-04-01 21:09:00,2.8505,2.851,2.85,2.851,2.8555,2.856,2.855,2.856,12
2026-04-01 21:12:00,2.8515,2.852,2.8515,2.852,2.8565,2.857,2.8565,2.857,6
2026-04-01 21:13:00,2.8515,2.8515,2.851,2.851,2.8565,2.8565,2.856,2.856,2
2026-04-01 21:14:00,2.852,2.853,2.852,2.853,2.857,2.858,2.857,2.858,3
2026-04-01 21:15:00,2.854,2.854,2.853,2.853,2.859,2.859,2.858,2.858,4
2026-04-01 21:16:00,2.8525,2.8525,2.8515,2.8515,2.8575,2.8575,2.8565,2.8565,5
2026-04-01 21:17:00,2.851,2.852,2.851,2.852,2.856,2.857,2.856,2.857,5
2026-04-01 21:18:00,2.8515,2.853,2.8515,2.853,2.8565,2.858,2.8565,2.858,5
2026-04-01 21:19:00,2.8525,2.853,2.8525,2.853,2.8575,2.858,2.8575,2.858,8
2026-04-01 21:20:00,2.854,2.854,2.854,2.854,2.859,2.859,2.859,2.859,1
2026-04-01 21:21:00,2.8545,2.856,2.8545,2.8555,2.8595,2.861,2.8595,2.8605,4
2026-04-01 21:22:00,2.855,2.855,2.854,2.855,2.86,2.86,2.859,2.86,4
2026-04-01 21:23:00,2.856,2.856,2.855,2.855,2.861,2.861,2.86,2.86,3
2026-04-01 21:24:00,2.856,2.857,2.855,2.857,2.861,2.862,2.86,2.862,11
2026-04-01 21:25:00,2.856,2.858,2.856,2.858,2.861,2.863,2.861,2.863,9
2026-04-01 21:26:00,2.8575,2.858,2.856,2.857,2.8625,2.863,2.861,2.862,13
2026-04-01 21:27:00,2.859,2.859,2.857,2.858,2.864,2.864,2.862,2.863,7
2026-04-01 21:28:00,2.859,2.859,2.859,2.859,2.864,2.864,2.864,2.864,1
2026-04-01 21:29:00,2.8585,2.859,2.858,2.858,2.8635,2.864,2.863,2.863,6
2026-04-01 21:30:00,2.8575,2.859,2.857,2.859,2.8625,2.864,2.862,2.864,5
2026-04-01 21:31:00,2.8585,2.859,2.857,2.859,2.8635,2.864,2.862,2.864,10
2026-04-01 21:32:00,2.8585,2.859,2.858,2.8585,2.8635,2.864,2.863,2.8635,4
2026-04-01 21:33:00,2.859,2.859,2.857,2.857,2.864,2.864,2.862,2.862,5
2026-04-01 21:34:00,2.856,2.8575,2.856,2.8575,2.861,2.8625,2.861,2.8625,6
2026-04-01 21:35:00,2.857,2.858,2.857,2.858,2.862,2.863,2.862,2.863,3
2026-04-01 21:36:00,2.8575,2.8575,2.851,2.8525,2.8625,2.8625,2.856,2.8575,16
2026-04-01 21:37:00,2.853,2.854,2.8525,2.853,2.858,2.859,2.8575,2.858,12
2026-04-01 21:38:00,2.8535,2.855,2.853,2.853,2.8585,2.86,2.858,2.858,16
2026-04-01 21:39:00,2.854,2.854,2.853,2.854,2.859,2.859,2.858,2.859,5
2026-04-01 21:40:00,2.853,2.853,2.853,2.853,2.858,2.858,2.858,2.858,1
2026-04-01 21:42:00,2.8525,2.854,2.8525,2.854,2.8575,2.859,2.8575,2.859,5
2026-04-01 21:43:00,2.8535,2.854,2.851,2.852,2.8585,2.859,2.856,2.857,12
2026-04-01 21:44:00,2.8525,2.854,2.852,2.854,2.8575,2.859,2.857,2.859,11
2026-04-01 21:45:00,2.853,2.853,2.852,2.852,2.858,2.858,2.857,2.857,3
2026-04-01 21:46:00,2.853,2.854,2.853,2.854,2.858,2.859,2.858,2.859,6
2026-04-01 21:47:00,2.8535,2.855,2.853,2.853,2.8585,2.86,2.858,2.858,9
2026-04-01 21:49:00,2.852,2.8525,2.852,2.8525,2.857,2.8575,2.857,2.8575,2
2026-04-01 21:50:00,2.852,2.853,2.852,2.853,2.857,2.858,2.857,2.858,5
2026-04-01 21:51:00,2.8535,2.8535,2.852,2.853,2.8585,2.8585,2.857,2.858,8
2026-04-01 21:52:00,2.852,2.8525,2.852,2.8525,2.857,2.8575,2.857,2.8575,2
2026-04-01 21:53:00,2.853,2.854,2.853,2.853,2.858,2.859,2.858,2.858,7
2026-04-01 21:54:00,2.8535,2.8555,2.8535,2.855,2.8585,2.8605,2.8585,2.86,15
2026-04-01 21:55:00,2.8545,2.8545,2.854,2.8545,2.8595,2.8595,2.859,2.8595,3
2026-04-01 21:56:00,2.855,2.855,2.852,2.854,2.86,2.86,2.857,2.859,12
2026-04-01 21:57:00,2.855,2.855,2.854,2.8545,2.86,2.86,2.859,2.8595,10
2026-04-01 21:58:00,2.855,2.855,2.8545,2.855,2.86,2.86,2.8595,2.86,11
2026-04-01 21:59:00,2.8555,2.8555,2.853,2.8545,2.8605,2.8605,2.858,2.8595,15
2026-04-01 22:00:00,2.854,2.8555,2.854,2.855,2.859,2.8605,2.859,2.86,7
2026-04-01 22:01:00,2.8555,2.859,2.855,2.858,2.8605,2.864,2.86,2.863,9
2026-04-01 22:02:00,2.8575,2.859,2.855,2.855,2.8625,2.864,2.86,2.86,20
2026-04-01 22:03:00,2.8545,2.8545,2.8535,2.854,2.8595,2.8595,2.8585,2.859,13
2026-04-01 22:04:00,2.8535,2.8535,2.8525,2.8525,2.8585,2.8585,2.8575,2.8575,3
2026-04-01 22:05:00,2.853,2.853,2.8525,2.8525,2.858,2.858,2.8575,2.8575,2
2026-04-01 22:06:00,2.852,2.8525,2.852,2.8525,2.857,2.8575,2.857,2.8575,2
2026-04-01 22:07:00,2.853,2.8535,2.853,2.8535,2.858,2.8585,2.858,2.8585,4
2026-04-01 22:08:00,2.854,2.855,2.852,2.8545,2.859,2.86,2.857,2.8595,13
2026-04-01 22:09:00,2.855,2.855,2.8535,2.8535,2.86,2.86,2.8585,2.8585,3
2026-04-01 22:10:00,2.854,2.855,2.853,2.853,2.859,2.86,2.858,2.858,8
2026-04-01 22:12:00,2.8525,2.853,2.8525,2.8525,2.8575,2.858,2.8575,2.8575,3
2026-04-01 22:13:00,2.852,2.854,2.852,2.853,2.857,2.859,2.857,2.858,17
2026-04-01 22:14:00,2.8535,2.854,2.853,2.8535,2.8585,2.859,2.858,2.8585,14
2026-04-01 22:15:00,2.854,2.854,2.8535,2.8535,2.859,2.859,2.8585,2.8585,2
2026-04-01 22:16:00,2.853,2.8535,2.852,2.853,2.858,2.8585,2.857,2.858,9
2026-04-01 22:18:00,2.8535,2.8535,2.853,2.853,2.8585,2.8585,2.858,2.858,4
2026-04-01 22:19:00,2.8535,2.854,2.853,2.853,2.8585,2.859,2.858,2.858,6
2026-04-01 22:20:00,2.8535,2.854,2.852,2.854,2.8585,2.859,2.857,2.859,7
2026-04-01 22:21:00,2.8545,2.855,2.8545,2.855,2.8595,2.86,2.8595,2.86,2
2026-04-01 22:22:00,2.854,2.854,2.853,2.853,2.859,2.859,2.858,2.858,2
2026-04-01 22:23:00,2.852,2.8525,2.852,2.8525,2.857,2.8575,2.857,2.8575,2
2026-04-01 22:24:00,2.852,2.853,2.852,2.853,2.857,2.858,2.857,2.858,3
2026-04-01 22:26:00,2.854,2.854,2.853,2.853,2.859,2.859,2.858,2.858,3
2026-04-01 22:27:00,2.854,2.854,2.853,2.853,2.859,2.859,2.858,2.858,2
2026-04-01 22:28:00,2.8525,2.8525,2.849,2.8495,2.8575,2.8575,2.854,2.8545,10
2026-04-01 22:29:00,2.85,2.851,2.8495,2.851,2.855,2.856,2.8545,2.856,12
2026-04-01 22:30:00,2.8505,2.851,2.8505,2.851,2.8555,2.856,2.8555,2.856,2
2026-04-01 22:31:00,2.8505,2.8515,2.85,2.8505,2.8555,2.8565,2.855,2.8555,8
2026-04-01 22:32:00,2.851,2.852,2.851,2.8515,2.856,2.857,2.856,2.8565,10
2026-04-01 22:33:00,2.852,2.852,2.852,2.852,2.857,2.857,2.857,2.857,1
2026-04-01 22:35:00,2.8515,2.852,2.8515,2.8515,2.8565,2.857,2.8565,2.8565,5
2026-04-01 22:36:00,2.852,2.852,2.852,2.852,2.857,2.857,2.857,2.857,1
2026-04-01 22:37:00,2.8515,2.852,2.8515,2.852,2.8565,2.857,2.8565,2.857,2
2026-04-01 22:38:00,2.8515,2.852,2.8515,2.852,2.8565,2.857,2.8565,2.857,2
2026-04-01 22:39:00,2.853,2.853,2.853,2.853,2.858,2.858,2.858,2.858,1
2026-04-01 22:41:00,2.854,2.854,2.8515,2.8515,2.859,2.859,2.8565,2.8565,6
2026-04-01 22:42:00,2.852,2.852,2.852,2.852,2.857,2.857,2.857,2.857,1
2026-04-01 22:43:00,2.8525,2.8525,2.8515,2.852,2.8575,2.8575,2.8565,2.857,3
2026-04-01 22:44:00,2.853,2.853,2.851,2.8515,2.858,2.858,2.856,2.8565,8
2026-04-01 22:45:00,2.851,2.8515,2.8505,2.8505,2.856,2.8565,2.8555,2.8555,6
2026-04-01 22:46:00,2.851,2.8515,2.85,2.8515,2.856,2.8565,2.855,2.8565,7
2026-04-01 22:47:00,2.852,2.852,2.8515,2.852,2.857,2.857,2.8565,2.857,5
2026-04-01 22:48:00,2.853,2.853,2.8515,2.8515,2.858,2.858,2.8565,2.8565,5
2026-04-01 22:49:00,2.852,2.852,2.8515,2.8515,2.857,2.857,2.8565,2.8565,4
2026-04-01 22:50:00,2.852,2.852,2.8515,2.8515,2.857,2.857,2.8565,2.8565,2
2026-04-01 22:51:00,2.852,2.852,2.8515,2.8515,2.857,2.857,2.8565,2.8565,2
2026-04-01 22:52:00,2.852,2.853,2.852,2.8525,2.857,2.858,2.857,2.8575,3
2026-04-01 22:53:00,2.852,2.8525,2.852,2.8525,2.857,2.8575,2.857,2.8575,4
2026-04-01 22:54:00,2.852,2.853,2.851,2.852,2.857,2.858,2.856,2.857,7
2026-04-01 22:55:00,2.8525,2.8525,2.851,2.852,2.8575,2.8575,2.856,2.857,5
2026-04-01 22:56:00,2.8515,2.852,2.8495,2.85,2.8565,2.857,2.8545,2.855,23
2026-04-01 22:57:00,2.8495,2.8515,2.849,2.85,2.8545,2.8565,2.854,2.855,9
2026-04-01 22:58:00,2.8505,2.852,2.85,2.852,2.8555,2.857,2.855,2.857,17
2026-04-01 22:59:00,2.8525,2.8555,2.8515,2.855,2.8575,2.8605,2.8565,2.86,10
2026-04-02 00:00:00,2.8565,2.859,2.856,2.8575,2.8615,2.864,2.861,2.8625,12
2026-04-02 00:01:00,2.857,2.8575,2.854,2.8545,2.862,2.8625,2.859,2.8595,12
2026-04-02 00:02:00,2.854,2.8545,2.854,2.8545,2.859,2.8595,2.859,2.8595,2
2026-04-02 00:03:00,2.8555,2.8555,2.855,2.855,2.8605,2.8605,2.86,2.86,2
2026-04-02 00:05:00,2.8555,2.8555,2.8535,2.8545,2.8605,2.8605,2.8585,2.8595,4
2026-04-02 00:06:00,2.854,2.8545,2.854,2.8545,2.859,2.8595,2.859,2.8595,4
2026-04-02 00:07:00,2.855,2.8555,2.855,2.8555,2.86,2.8605,2.86,2.8605,2
2026-04-02 00:10:00,2.856,2.8565,2.8555,2.8565,2.861,2.8615,2.8605,2.8615,4
2026-04-02 00:12:00,2.856,2.857,2.856,2.8565,2.861,2.862,2.861,2.8615,3
2026-04-02 00:14:00,2.857,2.8585,2.857,2.8585,2.862,2.8635,2.862,2.8635,3
2026-04-02 00:16:00,2.858,2.858,2.858,2.858,2.863,2.863,2.863,2.863,1
2026-04-02 00:17:00,2.8585,2.8585,2.8585,2.8585,2.8635,2.8635,2.8635,2.8635,1
2026-04-02 00:19:00,2.859,2.86,2.859,2.86,2.864,2.865,2.864,2.865,2
2026-04-02 00:20:00,2.859,2.859,2.859,2.859,2.864,2.864,2.864,2.864,1
2026-04-02 00:22:00,2.8585,2.8585,2.8585,2.8585,2.8635,2.8635,2.8635,2.8635,1
2026-04-02 00:24:00,2.858,2.858,2.858,2.858,2.863,2.863,2.863,2.863,1
2026-04-02 00:26:00,2.8585,2.8595,2.8585,2.8595,2.8635,2.8645,2.8635,2.8645,2
2026-04-02 00:27:00,2.859,2.859,2.859,2.859,2.864,2.864,2.864,2.864,1
2026-04-02 00:28:00,2.8585,2.8585,2.8585,2.8585,2.8635,2.8635,2.8635,2.8635,1
2026-04-02 00:30:00,2.858,2.858,2.858,2.858,2.863,2.863,2.863,2.863,1
2026-04-02 00:34:00,2.859,2.861,2.859,2.861,2.864,2.866,2.864,2.866,3
2026-04-02 00:38:00,2.86,2.86,2.86,2.86,2.865,2.865,2.865,2.865,1
2026-04-02 00:43:00,2.861,2.861,2.861,2.861,2.866,2.866,2.866,2.866,1
2026-04-02 00:45:00,2.862,2.862,2.862,2.862,2.867,2.867,2.867,2.867,1
2026-04-02 00:46:00,2.861,2.862,2.861,2.862,2.866,2.867,2.866,2.867,2
2026-04-02 00:47:00,2.8615,2.8615,2.8615,2.8615,2.8665,2.8665,2.8665,2.8665,1
2026-04-02 00:48:00,2.861,2.861,2.86,2.86,2.866,2.866,2.865,2.865,2
2026-04-02 00:49:00,2.8595,2.8595,2.8595,2.8595,2.8645,2.8645,2.8645,2.8645,1
2026-04-02 00:50:00,2.86,2.861,2.86,2.861,2.865,2.866,2.865,2.866,2
2026-04-02 00:51:00,2.8615,2.862,2.8615,2.8615,2.8665,2.867,2.8665,2.8665,3
2026-04-02 00:52:00,2.861,2.861,2.861,2.861,2.866,2.866,2.866,2.866,1
2026-04-02 00:56:00,2.8615,2.8615,2.8615,2.8615,2.8665,2.8665,2.8665,2.8665,1
2026-04-02 00:57:00,2.862,2.862,2.8615,2.862,2.867,2.867,2.8665,2.867,3
2026-04-02 00:58:00,2.8615,2.862,2.8615,2.862,2.8665,2.867,2.8665,2.867,2
2026-04-02 01:01:00,2.863,2.863,2.862,2.863,2.868,2.868,2.867,2.868,8
2026-04-02 01:04:00,2.862,2.862,2.862,2.862,2.867,2.867,2.867,2.867,1
2026-04-02 01:06:00,2.8615,2.862,2.8615,2.8615,2.8665,2.867,2.8665,2.8665,3
2026-04-02 01:07:00,2.862,2.862,2.8615,2.862,2.867,2.867,2.8665,2.867,3
2026-04-02 01:08:00,2.8615,2.8615,2.8615,2.8615,2.8665,2.8665,2.8665,2.8665,1
2026-04-02 01:13:00,2.861,2.8615,2.8605,2.861,2.866,2.8665,2.8655,2.866,5
2026-04-02 01:14:00,2.8605,2.861,2.859,2.86,2.8655,2.866,2.864,2.865,8
2026-04-02 01:15:00,2.859,2.861,2.859,2.8595,2.864,2.866,2.864,2.8645,6
2026-04-02 01:17:00,2.859,2.859,2.8565,2.8565,2.864,2.864,2.8615,2.8615,5
2026-04-02 01:18:00,2.856,2.8585,2.856,2.8585,2.861,2.8635,2.861,2.8635,3
2026-04-02 01:19:00,2.859,2.859,2.858,2.8585,2.864,2.864,2.863,2.8635,3
2026-04-02 01:20:00,2.859,2.859,2.859,2.859,2.864,2.864,2.864,2.864,1
2026-04-02 01:21:00,2.86,2.86,2.86,2.86,2.865,2.865,2.865,2.865,1
2026-04-02 01:27:00,2.8605,2.8605,2.8605,2.8605,2.8655,2.8655,2.8655,2.8655,1
2026-04-02 01:28:00,2.861,2.861,2.861,2.861,2.866,2.866,2.866,2.866,1
2026-04-02 01:29:00,2.86,2.86,2.86,2.86,2.865,2.865,2.865,2.865,1
2026-04-02 01:30:00,2.8595,2.8595,2.859,2.859,2.8645,2.8645,2.864,2.864,2
2026-04-02 01:32:00,2.8605,2.8605,2.859,2.859,2.8655,2.8655,2.864,2.864,2
2026-04-02 01:33:00,2.8605,2.8605,2.859,2.8605,2.8655,2.8655,2.864,2.8655,4
2026-04-02 01:34:00,2.862,2.862,2.862,2.862,2.867,2.867,2.867,2.867,1
2026-04-02 01:36:00,2.861,2.862,2.861,2.862,2.866,2.867,2.866,2.867,3
2026-04-02 01:46:00,2.861,2.862,2.861,2.862,2.866,2.867,2.866,2.867,3
2026-04-02 01:48:00,2.861,2.861,2.861,2.861,2.866,2.866,2.866,2.866,1
2026-04-02 01:50:00,2.8605,2.861,2.8605,2.861,2.8655,2.866,2.8655,2.866,2
2026-04-02 01:51:00,2.8615,2.862,2.8615,2.862,2.8665,2.867,2.8665,2.867,2
2026-04-02 01:52:00,2.8615,2.8615,2.861,2.861,2.8665,2.8665,2.866,2.866,2
2026-04-02 01:53:00,2.8615,2.8615,2.861,2.861,2.8665,2.8665,2.866,2.866,2
2026-04-02 01:54:00,2.86,2.86,2.8595,2.8595,2.865,2.865,2.8645,2.8645,2
2026-04-02 01:55:00,2.859,2.86,2.859,2.86,2.864,2.865,2.864,2.865,2
2026-04-02 01:56:00,2.8605,2.861,2.8605,2.861,2.8655,2.866,2.8655,2.866,2
2026-04-02 01:59:00,2.8615,2.8625,2.861,2.862,2.8665,2.8675,2.866,2.867,8
2026-04-02 02:00:00,2.8625,2.8645,2.858,2.8595,2.8675,2.8695,2.863,2.8645,22
2026-04-02 02:01:00,2.859,2.86,2.855,2.8585,2.864,2.865,2.86,2.8635,19
2026-04-02 02:02:00,2.859,2.861,2.859,2.8605,2.864,2.866,2.864,2.8655,7
2026-04-02 02:03:00,2.86,2.8605,2.86,2.8605,2.865,2.8655,2.865,2.8655,4
2026-04-02 02:04:00,2.86,2.86,2.86,2.86,2.865,2.865,2.865,2.865,1
2026-04-02 02:05:00,2.861,2.864,2.861,2.864,2.866,2.869,2.866,2.869,7
2026-04-02 02:06:00,2.8635,2.8655,2.861,2.8625,2.8685,2.8705,2.866,2.8675,25
2026-04-02 02:07:00,2.8635,2.864,2.863,2.863,2.8685,2.869,2.868,2.868,7
2026-04-02 02:08:00,2.864,2.864,2.86,2.8615,2.869,2.869,2.865,2.8665,17
2026-04-02 02:09:00,2.861,2.862,2.8585,2.8605,2.866,2.867,2.8635,2.8655,19
2026-04-02 02:10:00,2.86,2.8605,2.8565,2.858,2.865,2.8655,2.8615,2.863,21
2026-04-02 02:11:00,2.8585,2.862,2.8585,2.8605,2.8635,2.867,2.8635,2.8655,18
2026-04-02 02:12:00,2.86,2.8615,2.8595,2.8615,2.865,2.8665,2.8645,2.8665,9
2026-04-02 02:13:00,2.8625,2.8625,2.8615,2.8615,2.8675,2.8675,2.8665,2.8665,3
2026-04-02 02:14:00,2.862,2.862,2.8615,2.8615,2.867,2.867,2.8665,2.8665,4
2026-04-02 02:15:00,2.862,2.8625,2.862,2.8625,2.867,2.8675,2.867,2.8675,2
2026-04-02 02:16:00,2.863,2.863,2.8615,2.8625,2.868,2.868,2.8665,2.8675,6
2026-04-02 02:17:00,2.862,2.864,2.861,2.864,2.867,2.869,2.866,2.869,9
2026-04-02 02:18:00,2.8645,2.8645,2.8625,2.8625,2.8695,2.8695,2.8675,2.8675,4
2026-04-02 02:21:00,2.863,2.864,2.863,2.864,2.868,2.869,2.868,2.869,2
2026-04-02 02:22:00,2.8635,2.8635,2.8585,2.859,2.8685,2.8685,2.8635,2.864,17
2026-04-02 02:23:00,2.8595,2.8595,2.859,2.859,2.8645,2.8645,2.864,2.864,2
2026-04-02 02:24:00,2.8595,2.861,2.8585,2.861,2.8645,2.866,2.8635,2.866,5
2026-04-02 02:25:00,2.8615,2.862,2.8615,2.862,2.8665,2.867,2.8665,2.867,2
2026-04-02 02:26:00,2.8615,2.8615,2.8595,2.8605,2.8665,2.8665,2.8645,2.8655,9
2026-04-02 02:27:00,2.86,2.86,2.859,2.8595,2.865,2.865,2.864,2.8645,10
2026-04-02 02:28:00,2.86,2.863,2.86,2.8625,2.865,2.868,2.865,2.8675,7
2026-04-02 02:29:00,2.862,2.8625,2.8615,2.862,2.867,2.8675,2.8665,2.867,12
2026-04-02 02:30:00,2.8625,2.8625,2.8615,2.8615,2.8675,2.8675,2.8665,2.8665,3
2026-04-02 02:31:00,2.861,2.8625,2.861,2.8625,2.866,2.8675,2.866,2.8675,5
2026-04-02 02:32:00,2.862,2.8625,2.8615,2.8615,2.867,2.8675,2.8665,2.8665,11
2026-04-02 02:33:00,2.862,2.863,2.8615,2.8625,2.867,2.868,2.8665,2.8675,12
2026-04-02 02:34:00,2.8635,2.8635,2.862,2.862,2.8685,2.8685,2.867,2.867,6
2026-04-02 02:35:00,2.8625,2.8625,2.8625,2.8625,2.8675,2.8675,2.8675,2.8675,1
2026-04-02 02:36:00,2.862,2.862,2.8615,2.8615,2.867,2.867,2.8665,2.8665,2
2026-04-02 02:37:00,2.861,2.8615,2.861,2.861,2.866,2.8665,2.866,2.866,3
2026-04-02 02:38:00,2.8605,2.862,2.8605,2.862,2.8655,2.867,2.8655,2.867,4
2026-04-02 02:39:00,2.8615,2.8615,2.8615,2.8615,2.8665,2.8665,2.8665,2.8665,1
2026-04-02 02:40:00,2.862,2.862,2.86,2.8615,2.867,2.867,2.865,2.8665,4
2026-04-02 02:41:00,2.8605,2.8615,2.86,2.8615,2.8655,2.8665,2.865,2.8665,10
2026-04-02 02:43:00,2.862,2.862,2.862,2.862,2.867,2.867,2.867,2.867,1
2026-04-02 02:45:00,2.863,2.863,2.8625,2.863,2.868,2.868,2.8675,2.868,3
2026-04-02 02:46:00,2.862,2.862,2.8585,2.861,2.867,2.867,2.8635,2.866,10
2026-04-02 02:47:00,2.8615,2.8615,2.861,2.861,2.8665,2.8665,2.866,2.866,2
2026-04-02 02:48:00,2.862,2.863,2.862,2.8625,2.867,2.868,2.867,2.8675,4
2026-04-02 02:49:00,2.863,2.864,2.863,2.864,2.868,2.869,2.868,2.869,9
2026-04-02 02:50:00,2.863,2.863,2.863,2.863,2.868,2.868,2.868,2.868,1
2026-04-02 02:51:00,2.8635,2.864,2.8635,2.864,2.8685,2.869,2.8685,2.869,2
2026-04-02 02:52:00,2.8635,2.8635,2.8635,2.8635,2.8685,2.8685,2.8685,2.8685,1
2026-04-02 02:53:00,2.863,2.8635,2.863,2.8635,2.868,2.8685,2.868,2.8685,4
2026-04-02 02:54:00,2.863,2.863,2.863,2.863,2.868,2.868,2.868,2.868,1
2026-04-02 02:55:00,2.8635,2.865,2.8635,2.8645,2.8685,2.87,2.8685,2.8695,5
2026-04-02 02:56:00,2.864,2.864,2.864,2.864,2.869,2.869,2.869,2.869,1
2026-04-02 02:57:00,2.8645,2.8645,2.8645,2.8645,2.8695,2.8695,2.8695,2.8695,1
2026-04-02 02:59:00,2.865,2.865,2.8645,2.8645,2.87,2.87,2.8695,2.8695,2
2026-04-02 03:00:00,2.864,2.87,2.8615,2.869,2.869,2.875,2.8665,2.874,31
2026-04-02 03:01:00,2.8685,2.869,2.8665,2.8665,2.8735,2.874,2.8715,2.8715,8
2026-04-02 03:02:00,2.866,2.869,2.866,2.869,2.871,2.874,2.871,2.874,12
2026-04-02 03:03:00,2.87,2.8815,2.8685,2.878,2.875,2.8865,2.8735,2.883,44
2026-04-02 03:04:00,2.8775,2.8835,2.875,2.878,2.8825,2.8885,2.88,2.883,39
2026-04-02 03:05:00,2.879,2.889,2.878,2.889,2.884,2.894,2.883,2.894,45
2026-04-02 03:06:00,2.8885,2.8905,2.886,2.89,2.8935,2.8955,2.891,2.895,25
2026-04-02 03:07:00,2.8905,2.8915,2.887,2.8885,2.8955,2.8965,2.892,2.8935,39
2026-04-02 03:08:00,2.889,2.8905,2.8805,2.8805,2.894,2.8955,2.8855,2.8855,35
2026-04-02 03:09:00,2.881,2.881,2.8755,2.8765,2.886,2.886,2.8805,2.8815,31
2026-04-02 03:10:00,2.877,2.878,2.872,2.872,2.882,2.883,2.877,2.877,26
2026-04-02 03:11:00,2.8715,2.8735,2.8675,2.872,2.8765,2.8785,2.8725,2.877,55
2026-04-02 03:12:00,2.873,2.8785,2.8725,2.875,2.878,2.8835,2.8775,2.88,37
2026-04-02 03:13:00,2.8745,2.876,2.873,2.8755,2.8795,2.881,2.878,2.8805,21
2026-04-02 03:14:00,2.875,2.879,2.874,2.879,2.88,2.884,2.879,2.884,46
2026-04-02 03:15:00,2.88,2.883,2.8785,2.8825,2.885,2.888,2.8835,2.8875,46
2026-04-02 03:16:00,2.883,2.8895,2.88,2.8895,2.888,2.8945,2.885,2.8945,56
2026-04-02 03:17:00,2.89,2.8975,2.89,2.8975,2.895,2.9025,2.895,2.9025,45
2026-04-02 03:18:00,2.898,2.924,2.898,2.919,2.903,2.929,2.903,2.924,86
2026-04-02 03:19:00,2.918,2.93,2.918,2.925,2.923,2.935,2.923,2.93,79
2026-04-02 03:20:00,2.9255,2.931,2.925,2.9255,2.9305,2.936,2.93,2.9305,53
2026-04-02 03:21:00,2.926,2.931,2.919,2.9245,2.931,2.936,2.924,2.9295,83
2026-04-02 03:22:00,2.924,2.924,2.915,2.9195,2.929,2.929,2.92,2.9245,43
2026-04-02 03:23:00,2.919,2.919,2.911,2.913,2.924,2.924,2.916,2.918,53
2026-04-02 03:24:00,2.914,2.9185,2.909,2.914,2.919,2.9235,2.914,2.919,70
2026-04-02 03:25:00,2.913,2.917,2.907,2.914,2.918,2.922,2.912,2.919,44
2026-04-02 03:26:00,2.9135,2.919,2.913,2.9165,2.9185,2.924,2.918,2.9215,32
2026-04-02 03:27:00,2.9145,2.92,2.913,2.9145,2.9195,2.925,2.918,2.9195,54
2026-04-02 03:28:00,2.915,2.915,2.911,2.914,2.92,2.92,2.916,2.919,33
2026-04-02 03:29:00,2.9145,2.9155,2.912,2.914,2.9195,2.9205,2.917,2.919,32
2026-04-02 03:30:00,2.915,2.917,2.913,2.916,2.92,2.922,2.918,2.921,17
2026-04-02 03:31:00,2.9165,2.9205,2.9165,2.919,2.9215,2.9255,2.9215,2.924,34
2026-04-02 03:32:00,2.9185,2.9205,2.916,2.9195,2.9235,2.9255,2.921,2.9245,23
2026-04-02 03:33:00,2.919,2.921,2.916,2.9195,2.924,2.926,2.921,2.9245,33
2026-04-02 03:34:00,2.919,2.922,2.916,2.9175,2.924,2.927,2.921,2.9225,58
2026-04-02 03:35:00,2.917,2.9175,2.906,2.9065,2.922,2.9225,2.911,2.9115,48
2026-04-02 03:36:00,2.906,2.907,2.899,2.9,2.911,2.912,2.904,2.905,91
2026-04-02 03:37:00,2.9015,2.906,2.9,2.906,2.9065,2.911,2.905,2.911,41
2026-04-02 03:38:00,2.9055,2.906,2.8985,2.902,2.9105,2.911,2.9035,2.907,50
2026-04-02 03:39:00,2.901,2.9015,2.8935,2.8995,2.906,2.9065,2.8985,2.9045,40
2026-04-02 03:40:00,2.899,2.9,2.8895,2.8895,2.904,2.905,2.8945,2.8945,53
2026-04-02 03:41:00,2.889,2.893,2.889,2.8915,2.894,2.898,2.894,2.8965,35
2026-04-02 03:42:00,2.8905,2.896,2.8905,2.896,2.8955,2.901,2.8955,2.901,19
2026-04-02 03:43:00,2.8955,2.897,2.8955,2.896,2.9005,2.902,2.9005,2.901,27
2026-04-02 03:44:00,2.8955,2.898,2.8925,2.897,2.9005,2.903,2.8975,2.902,33
2026-04-02 03:45:00,2.896,2.8995,2.896,2.8975,2.901,2.9045,2.901,2.9025,17
2026-04-02 03:46:00,2.897,2.9,2.8965,2.9,2.902,2.905,2.9015,2.905,21
2026-04-02 03:47:00,2.8995,2.902,2.8995,2.9005,2.9045,2.907,2.9045,2.9055,8
2026-04-02 03:48:00,2.9,2.9005,2.8985,2.899,2.905,2.9055,2.9035,2.904,10
2026-04-02 03:49:00,2.8985,2.899,2.8985,2.899,2.9035,2.904,2.9035,2.904,2
2026-04-02 03:50:00,2.8985,2.8985,2.8935,2.8945,2.9035,2.9035,2.8985,2.8995,19
2026-04-02 03:51:00,2.894,2.897,2.894,2.8955,2.899,2.902,2.899,2.9005,11
2026-04-02 03:52:00,2.895,2.901,2.8945,2.9,2.9,2.906,2.8995,2.905,15
2026-04-02 03:53:00,2.899,2.9055,2.899,2.904,2.904,2.9105,2.904,2.909,22
2026-04-02 03:54:00,2.9045,2.909,2.9045,2.9055,2.9095,2.914,2.9095,2.9105,17
2026-04-02 03:55:00,2.905,2.906,2.903,2.905,2.91,2.911,2.908,2.91,18
2026-04-02 03:56:00,2.9055,2.907,2.905,2.9055,2.9105,2.912,2.91,2.9105,11
2026-04-02 03:57:00,2.906,2.9075,2.906,2.907,2.911,2.9125,2.911,2.912,8
2026-04-02 03:58:00,2.9075,2.908,2.9045,2.9045,2.9125,2.913,2.9095,2.9095,20
2026-04-02 03:59:00,2.904,2.907,2.901,2.9015,2.909,2.912,2.906,2.9065,14
2026-04-02 04:00:00,2.903,2.9065,2.903,2.905,2.908,2.9115,2.908,2.91,12
2026-04-02 04:01:00,2.9055,2.908,2.9025,2.9055,2.9105,2.913,2.9075,2.9105,29
2026-04-02 04:02:00,2.905,2.905,2.9,2.901,2.91,2.91,2.905,2.906,9
2026-04-02 04:03:00,2.9005,2.9015,2.9,2.9015,2.9055,2.9065,2.905,2.9065,15
2026-04-02 04:04:00,2.902,2.902,2.899,2.899,2.907,2.907,2.904,2.904,11
2026-04-02 04:05:00,2.8985,2.901,2.8985,2.899,2.9035,2.906,2.9035,2.904,12
2026-04-02 04:06:00,2.8995,2.9015,2.8995,2.901,2.9045,2.9065,2.9045,2.906,5
2026-04-02 04:07:00,2.9005,2.9005,2.897,2.898,2.9055,2.9055,2.902,2.903,18
2026-04-02 04:08:00,2.8985,2.901,2.8985,2.901,2.9035,2.906,2.9035,2.906,8
2026-04-02 04:09:00,2.9005,2.902,2.8985,2.901,2.9055,2.907,2.9035,2.906,11
2026-04-02 04:10:00,2.9005,2.9015,2.899,2.9,2.9055,2.9065,2.904,2.905,17
2026-04-02 04:11:00,2.8995,2.901,2.899,2.9005,2.9045,2.906,2.904,2.9055,25
2026-04-02 04:12:00,2.9,2.9005,2.898,2.898,2.905,2.9055,2.903,2.903,15
2026-04-02 04:13:00,2.8985,2.9005,2.8955,2.9005,2.9035,2.9055,2.9005,2.9055,15
2026-04-02 04:14:00,2.901,2.903,2.9,2.901,2.906,2.908,2.905,2.906,12
2026-04-02 04:16:00,2.9005,2.9005,2.898,2.8985,2.9055,2.9055,2.903,2.9035,12
2026-04-02 04:17:00,2.899,2.899,2.8985,2.899,2.904,2.904,2.9035,2.904,9
2026-04-02 04:18:00,2.8995,2.8995,2.8985,2.8985,2.9045,2.9045,2.9035,2.9035,3
2026-04-02 04:19:00,2.899,2.8995,2.898,2.898,2.904,2.9045,2.903,2.903,6
2026-04-02 04:20:00,2.8985,2.8985,2.8945,2.895,2.9035,2.9035,2.8995,2.9,6
2026-04-02 04:21:00,2.8955,2.8965,2.893,2.8965,2.9005,2.9015,2.898,2.9015,8
2026-04-02 04:22:00,2.896,2.899,2.896,2.8985,2.901,2.904,2.901,2.9035,13
2026-04-02 04:23:00,2.899,2.8995,2.897,2.897,2.904,2.9045,2.902,2.902,7
2026-04-02 04:24:00,2.8965,2.8965,2.889,2.89,2.9015,2.9015,2.894,2.895,24
2026-04-02 04:25:00,2.891,2.8955,2.89,2.8955,2.896,2.9005,2.895,2.9005,17
2026-04-02 04:26:00,2.896,2.898,2.896,2.898,2.901,2.903,2.901,2.903,7
2026-04-02 04:27:00,2.8975,2.9,2.897,2.8995,2.9025,2.905,2.902,2.9045,17
2026-04-02 04:28:00,2.899,2.901,2.899,2.901,2.904,2.906,2.904,2.906,11
2026-04-02 04:29:00,2.9005,2.902,2.8985,2.902,2.9055,2.907,2.9035,2.907,15
2026-04-02 04:30:00,2.9015,2.903,2.9,2.9025,2.9065,2.908,2.905,2.9075,14
2026-04-02 04:31:00,2.9035,2.904,2.903,2.904,2.9085,2.909,2.908,2.909,8
2026-04-02 04:32:00,2.9045,2.9055,2.903,2.903,2.9095,2.9105,2.908,2.908,9
2026-04-02 04:33:00,2.904,2.9045,2.902,2.9035,2.909,2.9095,2.907,2.9085,7
2026-04-02 04:34:00,2.9045,2.9085,2.9045,2.9075,2.9095,2.9135,2.9095,2.9125,20
2026-04-02 04:35:00,2.908,2.908,2.906,2.9065,2.913,2.913,2.911,2.9115,10
2026-04-02 04:36:00,2.9045,2.906,2.9045,2.905,2.9095,2.911,2.9095,2.91,17
2026-04-02 04:37:00,2.9055,2.909,2.9055,2.907,2.9105,2.914,2.9105,2.912,11
2026-04-02 04:38:00,2.908,2.908,2.9065,2.9065,2.913,2.913,2.9115,2.9115,6
2026-04-02 04:39:00,2.907,2.9075,2.9065,2.9075,2.912,2.9125,2.9115,2.9125,4
2026-04-02 04:40:00,2.908,2.9095,2.908,2.9095,2.913,2.9145,2.913,2.9145,13
2026-04-02 04:41:00,2.91,2.91,2.909,2.909,2.915,2.915,2.914,2.914,3
2026-04-02 04:42:00,2.9095,2.9105,2.9075,2.908,2.9145,2.9155,2.9125,2.913,8
2026-04-02 04:43:00,2.9075,2.9075,2.904,2.905,2.9125,2.9125,2.909,2.91,12
2026-04-02 04:44:00,2.9055,2.906,2.905,2.9055,2.9105,2.911,2.91,2.9105,8
2026-04-02 04:46:00,2.906,2.906,2.9055,2.906,2.911,2.911,2.9105,2.911,3
2026-04-02 04:51:00,2.9075,2.909,2.907,2.9075,2.9125,2.914,2.912,2.9125,7
2026-04-02 04:52:00,2.909,2.909,2.906,2.9065,2.914,2.914,2.911,2.9115,6
2026-04-02 04:53:00,2.906,2.907,2.906,2.907,2.911,2.912,2.911,2.912,3
2026-04-02 04:54:00,2.9075,2.908,2.906,2.906,2.9125,2.913,2.911,2.911,5
2026-04-02 04:55:00,2.905,2.9055,2.9045,2.905,2.91,2.9105,2.9095,2.91,7
2026-04-02 04:56:00,2.9045,2.907,2.9045,2.906,2.9095,2.912,2.9095,2.911,5
2026-04-02 04:57:00,2.9065,2.9075,2.9065,2.907,2.9115,2.9125,2.9115,2.912,3
2026-04-02 04:58:00,2.9075,2.908,2.9075,2.908,2.9125,2.913,2.9125,2.913,6
2026-04-02 05:01:00,2.909,2.909,2.909,2.909,2.914,2.914,2.914,2.914,1
2026-04-02 05:02:00,2.908,2.909,2.908,2.909,2.913,2.914,2.913,2.914,3
2026-04-02 05:03:00,2.908,2.908,2.907,2.907,2.913,2.913,2.912,2.912,6
2026-04-02 05:04:00,2.9065,2.9075,2.9065,2.9075,2.9115,2.9125,2.9115,2.9125,10
2026-04-02 05:07:00,2.907,2.908,2.907,2.908,2.912,2.913,2.912,2.913,3
2026-04-02 05:09:00,2.909,2.912,2.909,2.912,2.914,2.917,2.914,2.917,4
2026-04-02 05:10:00,2.911,2.9115,2.9105,2.9105,2.916,2.9165,2.9155,2.9155,4
2026-04-02 05:11:00,2.911,2.9115,2.9105,2.9105,2.916,2.9165,2.9155,2.9155,9
2026-04-02 05:12:00,2.911,2.912,2.911,2.9115,2.916,2.917,2.916,2.9165,6
2026-04-02 05:13:00,2.911,2.911,2.9095,2.9095,2.916,2.916,2.9145,2.9145,3
2026-04-02 05:15:00,2.91,2.91,2.9065,2.907,2.915,2.915,2.9115,2.912,14
2026-04-02 05:16:00,2.9075,2.9075,2.907,2.907,2.9125,2.9125,2.912,2.912,6
2026-04-02 05:17:00,2.906,2.907,2.9055,2.9065,2.911,2.912,2.9105,2.9115,6
2026-04-02 05:18:00,2.907,2.907,2.904,2.904,2.912,2.912,2.909,2.909,8
2026-04-02 05:19:00,2.9035,2.9035,2.902,2.903,2.9085,2.9085,2.907,2.908,5
2026-04-02 05:20:00,2.9025,2.903,2.902,2.9025,2.9075,2.908,2.907,2.9075,5
2026-04-02 05:21:00,2.903,2.903,2.9025,2.9025,2.908,2.908,2.9075,2.9075,2
2026-04-02 05:22:00,2.902,2.902,2.902,2.902,2.907,2.907,2.907,2.907,1
2026-04-02 05:23:00,2.9025,2.9025,2.9025,2.9025,2.9075,2.9075,2.9075,2.9075,1
2026-04-02 05:24:00,2.9035,2.904,2.902,2.9025,2.9085,2.909,2.907,2.9075,7
2026-04-02 05:25:00,2.903,2.9045,2.9025,2.9045,2.908,2.9095,2.9075,2.9095,5
2026-04-02 05:27:00,2.905,2.905,2.904,2.9045,2.91,2.91,2.909,2.9095,5
2026-04-02 05:29:00,2.904,2.904,2.902,2.902,2.909,2.909,2.907,2.907,5
2026-04-02 05:30:00,2.9025,2.904,2.9,2.9,2.9075,2.909,2.905,2.905,13
2026-04-02 05:31:00,2.899,2.9025,2.898,2.902,2.904,2.9075,2.903,2.907,21
2026-04-02 05:32:00,2.901,2.903,2.901,2.9015,2.906,2.908,2.906,2.9065,16
2026-04-02 05:33:00,2.901,2.9025,2.9,2.902,2.906,2.9075,2.905,2.907,21
2026-04-02 05:34:00,2.9015,2.9035,2.901,2.902,2.9065,2.9085,2.906,2.907,14
2026-04-02 05:35:00,2.901,2.901,2.898,2.899,2.906,2.906,2.903,2.904,10
2026-04-02 05:36:00,2.898,2.8995,2.898,2.898,2.903,2.9045,2.903,2.903,42
2026-04-02 05:37:00,2.8995,2.9005,2.899,2.9005,2.9045,2.9055,2.904,2.9055,18
2026-04-02 05:38:00,2.9,2.901,2.899,2.9005,2.905,2.906,2.904,2.9055,11
2026-04-02 05:39:00,2.8995,2.9005,2.899,2.9005,2.9045,2.9055,2.904,2.9055,28
2026-04-02 05:40:00,2.901,2.901,2.898,2.9,2.906,2.906,2.903,2.905,11
2026-04-02 05:41:00,2.901,2.9045,2.9005,2.9045,2.906,2.9095,2.9055,2.9095,5
2026-04-02 05:42:00,2.905,2.9055,2.9025,2.903,2.91,2.9105,2.9075,2.908,13
2026-04-02 05:43:00,2.904,2.904,2.9025,2.9035,2.909,2.909,2.9075,2.9085,16
2026-04-02 05:44:00,2.904,2.904,2.9025,2.904,2.909,2.909,2.9075,2.909,20
2026-04-02 05:45:00,2.9035,2.9035,2.902,2.9025,2.9085,2.9085,2.907,2.9075,6
2026-04-02 05:46:00,2.903,2.9035,2.9015,2.9025,2.908,2.9085,2.9065,2.9075,10
2026-04-02 05:47:00,2.902,2.9025,2.902,2.902,2.907,2.9075,2.907,2.907,3
2026-04-02 05:48:00,2.9025,2.904,2.902,2.902,2.9075,2.909,2.907,2.907,21
2026-04-02 05:49:00,2.9015,2.9015,2.895,2.9005,2.9065,2.9065,2.9,2.9055,36
2026-04-02 05:50:00,2.901,2.9035,2.901,2.9035,2.906,2.9085,2.906,2.9085,5
2026-04-02 05:51:00,2.903,2.9055,2.903,2.9055,2.908,2.9105,2.908,2.9105,9
2026-04-02 05:52:00,2.905,2.906,2.905,2.906,2.91,2.911,2.91,2.911,2
2026-04-02 05:53:00,2.9055,2.9055,2.905,2.905,2.9105,2.9105,2.91,2.91,4
2026-04-02 05:54:00,2.9045,2.9055,2.904,2.905,2.9095,2.9105,2.909,2.91,8
2026-04-02 05:55:00,2.9055,2.906,2.905,2.905,2.9105,2.911,2.91,2.91,4
2026-04-02 05:57:00,2.9045,2.9045,2.904,2.904,2.9095,2.9095,2.909,2.909,2
2026-04-02 05:58:00,2.9045,2.907,2.9045,2.906,2.9095,2.912,2.9095,2.911,6
2026-04-02 05:59:00,2.9065,2.9065,2.905,2.905,2.9115,2.9115,2.91,2.91,8
2026-04-02 06:00:00,2.9055,2.906,2.9055,2.906,2.9105,2.911,2.9105,2.911,2
2026-04-02 06:01:00,2.9065,2.9065,2.906,2.906,2.9115,2.9115,2.911,2.911,2
2026-04-02 06:03:00,2.907,2.907,2.904,2.904,2.912,2.912,2.909,2.909,10
2026-04-02 06:04:00,2.905,2.905,2.9035,2.904,2.91,2.91,2.9085,2.909,4
2026-04-02 06:05:00,2.9045,2.91,2.9045,2.908,2.9095,2.915,2.9095,2.913,17
2026-04-02 06:06:00,2.909,2.91,2.908,2.909,2.914,2.915,2.913,2.914,13
2026-04-02 06:07:00,2.9095,2.912,2.908,2.909,2.9145,2.917,2.913,2.914,19
2026-04-02 06:08:00,2.91,2.91,2.91,2.91,2.915,2.915,2.915,2.915,1
2026-04-02 06:11:00,2.911,2.911,2.911,2.911,2.916,2.916,2.916,2.916,1
2026-04-02 06:12:00,2.91,2.911,2.909,2.909,2.915,2.916,2.914,2.914,6
2026-04-02 06:14:00,2.9095,2.9105,2.9095,2.9105,2.9145,2.9155,2.9145,2.9155,2
2026-04-02 06:15:00,2.9115,2.9115,2.91,2.9105,2.9165,2.9165,2.915,2.9155,5
2026-04-02 06:16:00,2.911,2.9115,2.9105,2.9105,2.916,2.9165,2.9155,2.9155,4
2026-04-02 06:17:00,2.91,2.912,2.91,2.912,2.915,2.917,2.915,2.917,6
2026-04-02 06:19:00,2.911,2.9115,2.9095,2.9115,2.916,2.9165,2.9145,2.9165,8
2026-04-02 06:20:00,2.911,2.9115,2.911,2.9115,2.916,2.9165,2.916,2.9165,2
2026-04-02 06:21:00,2.911,2.9125,2.911,2.9125,2.916,2.9175,2.916,2.9175,3
2026-04-02 06:22:00,2.913,2.915,2.913,2.914,2.918,2.92,2.918,2.919,7
2026-04-02 06:23:00,2.9155,2.916,2.914,2.9145,2.9205,2.921,2.919,2.9195,17
2026-04-02 06:24:00,2.915,2.915,2.9115,2.912,2.92,2.92,2.9165,2.917,9
2026-04-02 06:25:00,2.9125,2.9145,2.911,2.911,2.9175,2.9195,2.916,2.916,6
2026-04-02 06:26:00,2.9115,2.9115,2.911,2.9115,2.9165,2.9165,2.916,2.9165,5
2026-04-02 06:27:00,2.911,2.9125,2.911,2.912,2.916,2.9175,2.916,2.917,7
2026-04-02 06:28:00,2.913,2.9155,2.913,2.915,2.918,2.9205,2.918,2.92,9
2026-04-02 06:29:00,2.9155,2.917,2.914,2.9155,2.9205,2.922,2.919,2.9205,10
2026-04-02 06:30:00,2.915,2.917,2.915,2.916,2.92,2.922,2.92,2.921,16
2026-04-02 06:31:00,2.917,2.917,2.9145,2.9155,2.922,2.922,2.9195,2.9205,18
2026-04-02 06:32:00,2.916,2.916,2.915,2.915,2.921,2.921,2.92,2.92,2
2026-04-02 06:33:00,2.9145,2.918,2.9145,2.9175,2.9195,2.923,2.9195,2.9225,8
2026-04-02 06:34:00,2.917,2.918,2.916,2.916,2.922,2.923,2.921,2.921,5
2026-04-02 06:35:00,2.9155,2.9155,2.9145,2.9145,2.9205,2.9205,2.9195,2.9195,3
2026-04-02 06:36:00,2.915,2.9165,2.915,2.915,2.92,2.9215,2.92,2.92,10
2026-04-02 06:37:00,2.9145,2.9145,2.914,2.9145,2.9195,2.9195,2.919,2.9195,3
2026-04-02 06:38:00,2.915,2.915,2.915,2.915,2.92,2.92,2.92,2.92,1
2026-04-02 06:39:00,2.916,2.916,2.915,2.916,2.921,2.921,2.92,2.921,3
2026-04-02 06:40:00,2.9165,2.9165,2.9145,2.9155,2.9215,2.9215,2.9195,2.9205,10
2026-04-02 06:41:00,2.915,2.9155,2.915,2.9155,2.92,2.9205,2.92,2.9205,4
2026-04-02 06:42:00,2.9165,2.9165,2.9155,2.916,2.9215,2.9215,2.9205,2.921,11
2026-04-02 06:43:00,2.9155,2.9165,2.915,2.915,2.9205,2.9215,2.92,2.92,7
2026-04-02 06:44:00,2.9155,2.9155,2.913,2.913,2.9205,2.9205,2.918,2.918,4
2026-04-02 06:45:00,2.9135,2.914,2.913,2.913,2.9185,2.919,2.918,2.918,6
2026-04-02 06:46:00,2.912,2.912,2.911,2.911,2.917,2.917,2.916,2.916,7
2026-04-02 06:47:00,2.91,2.912,2.909,2.9095,2.915,2.917,2.914,2.9145,13
2026-04-02 06:48:00,2.9105,2.9105,2.9095,2.9105,2.9155,2.9155,2.9145,2.9155,19
2026-04-02 06:49:00,2.91,2.9105,2.91,2.91,2.915,2.9155,2.915,2.915,5
2026-04-02 06:50:00,2.911,2.9115,2.911,2.9115,2.916,2.9165,2.916,2.9165,4
2026-04-02 06:51:00,2.911,2.914,2.91,2.91,2.916,2.919,2.915,2.915,9
2026-04-02 06:52:00,2.9105,2.9115,2.91,2.9115,2.9155,2.9165,2.915,2.9165,7
2026-04-02 06:53:00,2.912,2.9135,2.9115,2.9115,2.917,2.9185,2.9165,2.9165,8
2026-04-02 06:54:00,2.911,2.914,2.911,2.912,2.916,2.919,2.916,2.917,15
2026-04-02 06:55:00,2.9115,2.9125,2.9115,2.912,2.9165,2.9175,2.9165,2.917,4
2026-04-02 06:56:00,2.9135,2.9135,2.912,2.912,2.9185,2.9185,2.917,2.917,5
2026-04-02 06:58:00,2.913,2.913,2.911,2.911,2.918,2.918,2.916,2.916,3
2026-04-02 06:59:00,2.912,2.913,2.912,2.9125,2.917,2.918,2.917,2.9175,14
2026-04-02 07:00:00,2.912,2.913,2.911,2.9125,2.917,2.918,2.916,2.9175,11
2026-04-02 07:01:00,2.913,2.9135,2.913,2.913,2.918,2.9185,2.918,2.918,5
2026-04-02 07:02:00,2.912,2.914,2.912,2.913,2.917,2.919,2.917,2.918,15
2026-04-02 07:03:00,2.914,2.9145,2.913,2.913,2.919,2.9195,2.918,2.918,11
2026-04-02 07:04:00,2.9135,2.915,2.9135,2.915,2.9185,2.92,2.9185,2.92,3
2026-04-02 07:05:00,2.9155,2.917,2.914,2.9165,2.9205,2.922,2.919,2.9215,11
2026-04-02 07:06:00,2.917,2.919,2.9165,2.919,2.922,2.924,2.9215,2.924,8
2026-04-02 07:07:00,2.918,2.9205,2.9175,2.92,2.923,2.9255,2.9225,2.925,12
2026-04-02 07:08:00,2.9205,2.921,2.92,2.9205,2.9255,2.926,2.925,2.9255,14
2026-04-02 07:09:00,2.92,2.9205,2.9195,2.92,2.925,2.9255,2.9245,2.925,5
2026-04-02 07:10:00,2.9195,2.92,2.919,2.919,2.9245,2.925,2.924,2.924,6
2026-04-02 07:11:00,2.9185,2.9185,2.916,2.916,2.9235,2.9235,2.921,2.921,11
2026-04-02 07:12:00,2.9155,2.9165,2.9145,2.915,2.9205,2.9215,2.9195,2.92,14
2026-04-02 07:13:00,2.9145,2.9165,2.914,2.9165,2.9195,2.9215,2.919,2.9215,18
2026-04-02 07:14:00,2.917,2.92,2.917,2.9185,2.922,2.925,2.922,2.9235,6
2026-04-02 07:15:00,2.918,2.918,2.918,2.918,2.923,2.923,2.923,2.923,1
2026-04-02 07:16:00,2.917,2.917,2.911,2.9135,2.922,2.922,2.916,2.9185,17
2026-04-02 07:17:00,2.914,2.914,2.9135,2.914,2.919,2.919,2.9185,2.919,3
2026-04-02 07:18:00,2.9145,2.9155,2.913,2.9155,2.9195,2.9205,2.918,2.9205,6
2026-04-02 07:19:00,2.915,2.9165,2.915,2.9155,2.92,2.9215,2.92,2.9205,5
2026-04-02 07:20:00,2.916,2.9165,2.916,2.9165,2.921,2.9215,2.921,2.9215,2
2026-04-02 07:24:00,2.916,2.916,2.9135,2.9135,2.921,2.921,2.9185,2.9185,9
2026-04-02 07:25:00,2.9125,2.913,2.912,2.9125,2.9175,2.918,2.917,2.9175,5
2026-04-02 07:26:00,2.913,2.9135,2.912,2.913,2.918,2.9185,2.917,2.918,4
2026-04-02 07:27:00,2.9125,2.913,2.9125,2.9125,2.9175,2.918,2.9175,2.9175,3
2026-04-02 07:30:00,2.912,2.912,2.9065,2.9075,2.917,2.917,2.9115,2.9125,16
2026-04-02 07:31:00,2.907,2.9105,2.907,2.91,2.912,2.9155,2.912,2.915,8
2026-04-02 07:32:00,2.9105,2.9115,2.9105,2.9115,2.9155,2.9165,2.9155,2.9165,2
2026-04-02 07:33:00,2.912,2.9135,2.91,2.91,2.917,2.9185,2.915,2.915,12
2026-04-02 07:34:00,2.9105,2.9105,2.909,2.909,2.9155,2.9155,2.914,2.914,7
2026-04-02 07:35:00,2.9095,2.9115,2.909,2.9095,2.9145,2.9165,2.914,2.9145,7
2026-04-02 07:36:00,2.909,2.9095,2.908,2.908,2.914,2.9145,2.913,2.913,4
2026-04-02 07:37:00,2.9075,2.9085,2.9065,2.9085,2.9125,2.9135,2.9115,2.9135,7
2026-04-02 07:38:00,2.908,2.9115,2.908,2.9115,2.913,2.9165,2.913,2.9165,6
2026-04-02 07:39:00,2.9095,2.9095,2.908,2.908,2.9145,2.9145,2.913,2.913,6
2026-04-02 07:40:00,2.9075,2.9075,2.9065,2.9075,2.9125,2.9125,2.9115,2.9125,5
2026-04-02 07:41:00,2.907,2.9075,2.906,2.9075,2.912,2.9125,2.911,2.9125,4
2026-04-02 07:42:00,2.909,2.91,2.909,2.91,2.914,2.915,2.914,2.915,3
2026-04-02 07:43:00,2.9105,2.9105,2.9105,2.9105,2.9155,2.9155,2.9155,2.9155,1
2026-04-02 07:44:00,2.91,2.9105,2.91,2.9105,2.915,2.9155,2.915,2.9155,2
2026-04-02 07:45:00,2.911,2.9125,2.9105,2.9105,2.916,2.9175,2.9155,2.9155,4
2026-04-02 07:47:00,2.9115,2.9155,2.9115,2.9145,2.9165,2.9205,2.9165,2.9195,11
2026-04-02 07:48:00,2.915,2.915,2.9145,2.9145,2.92,2.92,2.9195,2.9195,2
2026-04-02 07:49:00,2.915,2.9155,2.914,2.914,2.92,2.9205,2.919,2.919,6
2026-04-02 07:50:00,2.9145,2.917,2.9145,2.917,2.9195,2.922,2.9195,2.922,7
2026-04-02 07:51:00,2.9165,2.9165,2.916,2.916,2.9215,2.9215,2.921,2.921,2
2026-04-02 07:52:00,2.9145,2.915,2.9125,2.913,2.9195,2.92,2.9175,2.918,7
2026-04-02 07:53:00,2.9125,2.9145,2.9125,2.9145,2.9175,2.9195,2.9175,2.9195,6
2026-04-02 07:54:00,2.915,2.9185,2.915,2.917,2.92,2.9235,2.92,2.922,6
2026-04-02 07:55:00,2.916,2.919,2.916,2.919,2.921,2.924,2.921,2.924,8
2026-04-02 07:56:00,2.9185,2.9185,2.918,2.9185,2.9235,2.9235,2.923,2.9235,3
2026-04-02 07:58:00,2.919,2.919,2.919,2.919,2.924,2.924,2.924,2.924,1
2026-04-02 07:59:00,2.9195,2.921,2.9195,2.921,2.9245,2.926,2.9245,2.926,4
2026-04-02 08:00:00,2.9205,2.9235,2.9135,2.9145,2.9255,2.9285,2.9185,2.9195,41
2026-04-02 08:01:00,2.9135,2.915,2.9115,2.913,2.9185,2.92,2.9165,2.918,22
2026-04-02 08:02:00,2.9135,2.914,2.9115,2.914,2.9185,2.919,2.9165,2.919,14
2026-04-02 08:03:00,2.9145,2.919,2.914,2.914,2.9195,2.924,2.919,2.919,22
2026-04-02 08:04:00,2.9155,2.917,2.9115,2.9115,2.9205,2.922,2.9165,2.9165,13
2026-04-02 08:05:00,2.912,2.9135,2.911,2.9115,2.917,2.9185,2.916,2.9165,8
2026-04-02 08:06:00,2.911,2.912,2.91,2.912,2.916,2.917,2.915,2.917,11
2026-04-02 08:07:00,2.9115,2.9115,2.9085,2.909,2.9165,2.9165,2.9135,2.914,12
2026-04-02 08:08:00,2.91,2.911,2.908,2.9095,2.915,2.916,2.913,2.9145,13
2026-04-02 08:09:00,2.9105,2.9125,2.91,2.912,2.9155,2.9175,2.915,2.917,20
2026-04-02 08:10:00,2.913,2.917,2.912,2.916,2.918,2.922,2.917,2.921,25
2026-04-02 08:11:00,2.915,2.915,2.9105,2.9105,2.92,2.92,2.9155,2.9155,8
2026-04-02 08:12:00,2.9125,2.9125,2.9125,2.9125,2.9175,2.9175,2.9175,2.9175,1
2026-04-02 08:13:00,2.912,2.916,2.912,2.915,2.917,2.921,2.917,2.92,8
2026-04-02 08:14:00,2.9145,2.9145,2.9145,2.9145,2.9195,2.9195,2.9195,2.9195,1
2026-04-02 08:15:00,2.914,2.916,2.914,2.915,2.919,2.921,2.919,2.92,6
2026-04-02 08:16:00,2.9155,2.9155,2.914,2.914,2.9205,2.9205,2.919,2.919,5
2026-04-02 08:17:00,2.915,2.919,2.9145,2.917,2.92,2.924,2.9195,2.922,11
2026-04-02 08:18:00,2.9175,2.9185,2.9155,2.9155,2.9225,2.9235,2.9205,2.9205,10
2026-04-02 08:19:00,2.916,2.9175,2.916,2.917,2.921,2.9225,2.921,2.922,6
2026-04-02 08:20:00,2.9165,2.917,2.9125,2.913,2.9215,2.922,2.9175,2.918,10
2026-04-02 08:21:00,2.914,2.915,2.914,2.9145,2.919,2.92,2.919,2.9195,4
2026-04-02 08:22:00,2.914,2.9145,2.9095,2.9105,2.919,2.9195,2.9145,2.9155,11
2026-04-02 08:23:00,2.912,2.914,2.912,2.912,2.917,2.919,2.917,2.917,11
2026-04-02 08:24:00,2.913,2.914,2.9115,2.912,2.918,2.919,2.9165,2.917,6
2026-04-02 08:25:00,2.911,2.911,2.909,2.9095,2.916,2.916,2.914,2.9145,10
2026-04-02 08:26:00,2.91,2.9115,2.907,2.909,2.915,2.9165,2.912,2.914,18
2026-04-02 08:27:00,2.9095,2.9115,2.9075,2.908,2.9145,2.9165,2.9125,2.913,11
2026-04-02 08:28:00,2.9075,2.909,2.9075,2.908,2.9125,2.914,2.9125,2.913,10
2026-04-02 08:29:00,2.9075,2.911,2.906,2.9105,2.9125,2.916,2.911,2.9155,16
2026-04-02 08:30:00,2.91,2.9115,2.9075,2.9105,2.915,2.9165,2.9125,2.9155,12
2026-04-02 08:31:00,2.91,2.911,2.9095,2.91,2.915,2.916,2.9145,2.915,6
2026-04-02 08:32:00,2.9105,2.911,2.9105,2.911,2.9155,2.916,2.9155,2.916,2
2026-04-02 08:33:00,2.91,2.9115,2.91,2.9115,2.915,2.9165,2.915,2.9165,4
2026-04-02 08:34:00,2.912,2.912,2.9115,2.912,2.917,2.917,2.9165,2.917,3
2026-04-02 08:35:00,2.9115,2.914,2.9095,2.911,2.9165,2.919,2.9145,2.916,19
2026-04-02 08:36:00,2.912,2.914,2.912,2.9125,2.917,2.919,2.917,2.9175,5
2026-04-02 08:37:00,2.913,2.9135,2.913,2.913,2.918,2.9185,2.918,2.918,3
2026-04-02 08:38:00,2.9135,2.914,2.9115,2.912,2.9185,2.919,2.9165,2.917,7
2026-04-02 08:40:00,2.9125,2.9125,2.912,2.9125,2.9175,2.9175,2.917,2.9175,3
2026-04-02 08:41:00,2.912,2.913,2.911,2.913,2.917,2.918,2.916,2.918,4
2026-04-02 08:42:00,2.9125,2.913,2.9115,2.912,2.9175,2.918,2.9165,2.917,7
2026-04-02 08:43:00,2.9125,2.9125,2.9125,2.9125,2.9175,2.9175,2.9175,2.9175,1
2026-04-02 08:44:00,2.912,2.912,2.911,2.911,2.917,2.917,2.916,2.916,2
2026-04-02 08:45:00,2.912,2.914,2.9065,2.9065,2.917,2.919,2.9115,2.9115,26
2026-04-02 08:46:00,2.906,2.906,2.9035,2.905,2.911,2.911,2.9085,2.91,6
2026-04-02 08:47:00,2.9055,2.9055,2.905,2.905,2.9105,2.9105,2.91,2.91,2
2026-04-02 08:48:00,2.9055,2.9075,2.9045,2.9045,2.9105,2.9125,2.9095,2.9095,8
2026-04-02 08:49:00,2.904,2.906,2.9035,2.9055,2.909,2.911,2.9085,2.9105,17
2026-04-02 08:50:00,2.905,2.9055,2.904,2.9045,2.91,2.9105,2.909,2.9095,9
2026-04-02 08:51:00,2.905,2.9055,2.904,2.904,2.91,2.9105,2.909,2.909,7
2026-04-02 08:52:00,2.9035,2.904,2.903,2.903,2.9085,2.909,2.908,2.908,6
2026-04-02 08:53:00,2.9025,2.9035,2.9005,2.902,2.9075,2.9085,2.9055,2.907,13
2026-04-02 08:54:00,2.9025,2.903,2.902,2.903,2.9075,2.908,2.907,2.908,4
2026-04-02 08:55:00,2.902,2.902,2.9005,2.9015,2.907,2.907,2.9055,2.9065,11
2026-04-02 08:56:00,2.901,2.902,2.901,2.902,2.906,2.907,2.906,2.907,16
2026-04-02 08:57:00,2.9035,2.9035,2.901,2.9015,2.9085,2.9085,2.906,2.9065,7
2026-04-02 08:58:00,2.902,2.902,2.9,2.9,2.907,2.907,2.905,2.905,7
2026-04-02 08:59:00,2.8995,2.9015,2.8995,2.901,2.9045,2.9065,2.9045,2.906,18
2026-04-02 09:00:00,2.9005,2.902,2.899,2.902,2.9055,2.907,2.904,2.907,21
2026-04-02 09:01:00,2.903,2.9045,2.9025,2.9045,2.908,2.9095,2.9075,2.9095,10
2026-04-02 09:02:00,2.904,2.906,2.902,2.902,2.909,2.911,2.907,2.907,23
2026-04-02 09:03:00,2.9025,2.9025,2.899,2.902,2.9075,2.9075,2.904,2.907,20
2026-04-02 09:04:00,2.9025,2.903,2.901,2.902,2.9075,2.908,2.906,2.907,7
2026-04-02 09:05:00,2.901,2.903,2.901,2.903,2.906,2.908,2.906,2.908,18
2026-04-02 09:06:00,2.9025,2.903,2.902,2.9025,2.9075,2.908,2.907,2.9075,4
2026-04-02 09:07:00,2.902,2.902,2.901,2.902,2.907,2.907,2.906,2.907,5
2026-04-02 09:09:00,2.903,2.904,2.9025,2.9025,2.908,2.909,2.9075,2.9075,7
2026-04-02 09:10:00,2.902,2.903,2.901,2.903,2.907,2.908,2.906,2.908,7
2026-04-02 09:11:00,2.9035,2.905,2.903,2.905,2.9085,2.91,2.908,2.91,7
2026-04-02 09:12:00,2.904,2.904,2.902,2.902,2.909,2.909,2.907,2.907,9
2026-04-02 09:13:00,2.9025,2.903,2.902,2.903,2.9075,2.908,2.907,2.908,8
2026-04-02 09:14:00,2.902,2.9025,2.902,2.9025,2.907,2.9075,2.907,2.9075,8
2026-04-02 09:15:00,2.902,2.9035,2.902,2.9025,2.907,2.9085,2.907,2.9075,10
2026-04-02 09:16:00,2.902,2.9025,2.902,2.902,2.907,2.9075,2.907,2.907,3
2026-04-02 09:17:00,2.9015,2.9015,2.898,2.8985,2.9065,2.9065,2.903,2.9035,16
2026-04-02 09:18:00,2.899,2.9025,2.899,2.902,2.904,2.9075,2.904,2.907,13
2026-04-02 09:19:00,2.903,2.9035,2.9025,2.9035,2.908,2.9085,2.9075,2.9085,10
2026-04-02 09:20:00,2.904,2.905,2.904,2.905,2.909,2.91,2.909,2.91,7
2026-04-02 09:21:00,2.9045,2.905,2.9045,2.9045,2.9095,2.91,2.9095,2.9095,5
2026-04-02 09:22:00,2.905,2.905,2.904,2.9045,2.91,2.91,2.909,2.9095,5
2026-04-02 09:23:00,2.905,2.905,2.902,2.9035,2.91,2.91,2.907,2.9085,25
2026-04-02 09:24:00,2.904,2.9045,2.904,2.9045,2.909,2.9095,2.909,2.9095,2
2026-04-02 09:25:00,2.905,2.9055,2.9015,2.9015,2.91,2.9105,2.9065,2.9065,14
2026-04-02 09:26:00,2.902,2.904,2.902,2.904,2.907,2.909,2.907,2.909,7
2026-04-02 09:27:00,2.9035,2.9045,2.9035,2.9035,2.9085,2.9095,2.9085,2.9085,6
2026-04-02 09:28:00,2.903,2.903,2.902,2.902,2.908,2.908,2.907,2.907,3
2026-04-02 09:29:00,2.9015,2.9015,2.8995,2.9,2.9065,2.9065,2.9045,2.905,15
2026-04-02 09:30:00,2.9005,2.901,2.899,2.9,2.9055,2.906,2.904,2.905,18
2026-04-02 09:31:00,2.901,2.9025,2.9005,2.902,2.906,2.9075,2.9055,2.907,19
2026-04-02 09:32:00,2.9025,2.903,2.9025,2.9025,2.9075,2.908,2.9075,2.9075,9
2026-04-02 09:33:00,2.902,2.902,2.901,2.901,2.907,2.907,2.906,2.906,11
2026-04-02 09:34:00,2.9015,2.9015,2.8995,2.8995,2.9065,2.9065,2.9045,2.9045,6
2026-04-02 09:35:00,2.899,2.8995,2.899,2.899,2.904,2.9045,2.904,2.904,3
2026-04-02 09:36:00,2.8985,2.8985,2.897,2.8985,2.9035,2.9035,2.902,2.9035,10
2026-04-02 09:37:00,2.898,2.899,2.897,2.897,2.903,2.904,2.902,2.902,6
2026-04-02 09:38:00,2.8965,2.8985,2.895,2.898,2.9015,2.9035,2.9,2.903,10
2026-04-02 09:39:00,2.8985,2.8995,2.8985,2.899,2.9035,2.9045,2.9035,2.904,6
2026-04-02 09:40:00,2.8995,2.9,2.897,2.897,2.9045,2.905,2.902,2.902,11
2026-04-02 09:41:00,2.8965,2.899,2.8955,2.8955,2.9015,2.904,2.9005,2.9005,14
2026-04-02 09:42:00,2.895,2.897,2.895,2.897,2.9,2.902,2.9,2.902,10
2026-04-02 09:43:00,2.8965,2.897,2.8965,2.8965,2.9015,2.902,2.9015,2.9015,5
2026-04-02 09:44:00,2.897,2.898,2.8965,2.897,2.902,2.903,2.9015,2.902,12
2026-04-02 09:45:00,2.8965,2.8985,2.8965,2.8975,2.9015,2.9035,2.9015,2.9025,19
2026-04-02 09:46:00,2.896,2.8975,2.896,2.896,2.901,2.9025,2.901,2.901,6
2026-04-02 09:47:00,2.8955,2.899,2.895,2.896,2.9005,2.904,2.9,2.901,16
2026-04-02 09:48:00,2.8965,2.898,2.896,2.8975,2.9015,2.903,2.901,2.9025,6
2026-04-02 09:49:00,2.897,2.8975,2.897,2.8975,2.902,2.9025,2.902,2.9025,2
2026-04-02 09:50:00,2.898,2.8985,2.897,2.8985,2.903,2.9035,2.902,2.9035,6
2026-04-02 09:51:00,2.899,2.902,2.898,2.9,2.904,2.907,2.903,2.905,16
2026-04-02 09:52:00,2.9005,2.9015,2.8985,2.8995,2.9055,2.9065,2.9035,2.9045,12
2026-04-02 09:53:00,2.9,2.9005,2.899,2.899,2.905,2.9055,2.904,2.904,4
2026-04-02 09:54:00,2.8985,2.8985,2.8975,2.8985,2.9035,2.9035,2.9025,2.9035,9
2026-04-02 09:55:00,2.898,2.8985,2.897,2.8975,2.903,2.9035,2.902,2.9025,8
2026-04-02 09:56:00,2.897,2.897,2.897,2.897,2.902,2.902,2.902,2.902,1
2026-04-02 09:57:00,2.898,2.899,2.896,2.897,2.903,2.904,2.901,2.902,7
2026-04-02 09:58:00,2.896,2.896,2.894,2.894,2.901,2.901,2.899,2.899,9
2026-04-02 09:59:00,2.8945,2.8945,2.8935,2.8945,2.8995,2.8995,2.8985,2.8995,13
2026-04-02 10:00:00,2.894,2.8965,2.892,2.8955,2.899,2.9015,2.897,2.9005,20
2026-04-02 10:01:00,2.895,2.896,2.894,2.895,2.9,2.901,2.899,2.9,7
2026-04-02 10:02:00,2.8955,2.8975,2.895,2.897,2.9005,2.9025,2.9,2.902,18
2026-04-02 10:03:00,2.8975,2.898,2.897,2.8975,2.9025,2.903,2.902,2.9025,8
2026-04-02 10:04:00,2.898,2.8995,2.8975,2.8975,2.903,2.9045,2.9025,2.9025,7
2026-04-02 10:05:00,2.898,2.8995,2.897,2.8985,2.903,2.9045,2.902,2.9035,20
2026-04-02 10:06:00,2.898,2.898,2.8945,2.8965,2.903,2.903,2.8995,2.9015,14
2026-04-02 10:07:00,2.896,2.896,2.8945,2.8945,2.901,2.901,2.8995,2.8995,3
2026-04-02 10:08:00,2.894,2.894,2.892,2.8935,2.899,2.899,2.897,2.8985,14
2026-04-02 10:09:00,2.894,2.894,2.8935,2.8935,2.899,2.899,2.8985,2.8985,2
2026-04-02 10:10:00,2.893,2.8945,2.8925,2.8945,2.898,2.8995,2.8975,2.8995,19
2026-04-02 10:11:00,2.894,2.895,2.8935,2.895,2.899,2.9,2.8985,2.9,6
2026-04-02 10:12:00,2.896,2.897,2.8955,2.8965,2.901,2.902,2.9005,2.9015,10
2026-04-02 10:13:00,2.896,2.897,2.896,2.897,2.901,2.902,2.901,2.902,6
2026-04-02 10:14:00,2.8965,2.9,2.8965,2.898,2.9015,2.905,2.9015,2.903,12
2026-04-02 10:15:00,2.8975,2.8995,2.8975,2.8975,2.9025,2.9045,2.9025,2.9025,18
2026-04-02 10:16:00,2.897,2.899,2.897,2.8985,2.902,2.904,2.902,2.9035,10
2026-04-02 10:17:00,2.899,2.899,2.8985,2.8985,2.904,2.904,2.9035,2.9035,4
2026-04-02 10:18:00,2.899,2.902,2.898,2.9015,2.904,2.907,2.903,2.9065,16
2026-04-02 10:19:00,2.901,2.901,2.9005,2.901,2.906,2.906,2.9055,2.906,3
2026-04-02 10:20:00,2.9005,2.902,2.9005,2.9005,2.9055,2.907,2.9055,2.9055,7
2026-04-02 10:21:00,2.901,2.903,2.901,2.902,2.906,2.908,2.906,2.907,10
2026-04-02 10:22:00,2.9015,2.9025,2.9015,2.902,2.9065,2.9075,2.9065,2.907,7
2026-04-02 10:23:00,2.9025,2.9025,2.899,2.899,2.9075,2.9075,2.904,2.904,12
2026-04-02 10:24:00,2.8995,2.9005,2.8995,2.9005,2.9045,2.9055,2.9045,2.9055,6
2026-04-02 10:25:00,2.901,2.9015,2.9,2.901,2.906,2.9065,2.905,2.906,16
2026-04-02 10:26:00,2.902,2.902,2.9,2.901,2.907,2.907,2.905,2.906,14
2026-04-02 10:27:00,2.9,2.901,2.9,2.901,2.905,2.906,2.905,2.906,3
2026-04-02 10:28:00,2.9005,2.901,2.895,2.8955,2.9055,2.906,2.9,2.9005,16
2026-04-02 10:29:00,2.896,2.9,2.896,2.9,2.901,2.905,2.901,2.905,25
2026-04-02 10:30:00,2.899,2.9,2.899,2.9,2.904,2.905,2.904,2.905,4
2026-04-02 10:31:00,2.901,2.902,2.899,2.901,2.906,2.907,2.904,2.906,15
2026-04-02 10:32:00,2.9015,2.9015,2.899,2.9,2.9065,2.9065,2.904,2.905,10
2026-04-02 10:34:00,2.9005,2.9005,2.9,2.9005,2.9055,2.9055,2.905,2.9055,3
2026-04-02 10:35:00,2.901,2.9045,2.901,2.901,2.906,2.9095,2.906,2.906,12
2026-04-02 10:36:00,2.9015,2.904,2.9015,2.904,2.9065,2.909,2.9065,2.909,8
2026-04-02 10:37:00,2.905,2.905,2.9035,2.904,2.91,2.91,2.9085,2.909,6
2026-04-02 10:38:00,2.9035,2.9035,2.903,2.903,2.9085,2.9085,2.908,2.908,6
2026-04-02 10:39:00,2.902,2.903,2.9005,2.901,2.907,2.908,2.9055,2.906,13
2026-04-02 10:40:00,2.9005,2.905,2.9005,2.903,2.9055,2.91,2.9055,2.908,20
2026-04-02 10:41:00,2.904,2.905,2.903,2.904,2.909,2.91,2.908,2.909,9
2026-04-02 10:42:00,2.903,2.905,2.903,2.905,2.908,2.91,2.908,2.91,11
2026-04-02 10:43:00,2.9045,2.905,2.9035,2.9045,2.9095,2.91,2.9085,2.9095,11
2026-04-02 10:44:00,2.904,2.9045,2.903,2.9045,2.909,2.9095,2.908,2.9095,8
2026-04-02 10:45:00,2.905,2.906,2.9045,2.905,2.91,2.911,2.9095,2.91,9
2026-04-02 10:46:00,2.9055,2.9055,2.903,2.9055,2.9105,2.9105,2.908,2.9105,10
2026-04-02 10:47:00,2.906,2.906,2.905,2.9055,2.911,2.911,2.91,2.9105,4
2026-04-02 10:48:00,2.905,2.905,2.904,2.904,2.91,2.91,2.909,2.909,3
2026-04-02 10:49:00,2.9035,2.904,2.901,2.902,2.9085,2.909,2.906,2.907,7
2026-04-02 10:51:00,2.9015,2.9015,2.899,2.9015,2.9065,2.9065,2.904,2.9065,11
2026-04-02 10:52:00,2.901,2.901,2.9,2.901,2.906,2.906,2.905,2.906,5
2026-04-02 10:53:00,2.9005,2.9005,2.897,2.897,2.9055,2.9055,2.902,2.902,8
2026-04-02 10:54:00,2.898,2.898,2.8955,2.896,2.903,2.903,2.9005,2.901,10
2026-04-02 10:55:00,2.8955,2.8955,2.8935,2.894,2.9005,2.9005,2.8985,2.899,11
2026-04-02 10:56:00,2.895,2.897,2.894,2.896,2.9,2.902,2.899,2.901,15
2026-04-02 10:57:00,2.8965,2.8965,2.893,2.8955,2.9015,2.9015,2.898,2.9005,14
2026-04-02 10:58:00,2.895,2.8955,2.895,2.8955,2.9,2.9005,2.9,2.9005,4
2026-04-02 10:59:00,2.896,2.896,2.8955,2.896,2.901,2.901,2.9005,2.901,3
2026-04-02 11:00:00,2.895,2.896,2.893,2.894,2.9,2.901,2.898,2.899,9
2026-04-02 11:01:00,2.8945,2.896,2.894,2.896,2.8995,2.901,2.899,2.901,5
2026-04-02 11:02:00,2.8965,2.898,2.8965,2.898,2.9015,2.903,2.9015,2.903,5
2026-04-02 11:03:00,2.897,2.898,2.896,2.8975,2.902,2.903,2.901,2.9025,6
2026-04-02 11:04:00,2.898,2.898,2.898,2.898,2.903,2.903,2.903,2.903,1
2026-04-02 11:05:00,2.897,2.8975,2.896,2.897,2.902,2.9025,2.901,2.902,4
2026-04-02 11:06:00,2.896,2.898,2.896,2.8965,2.901,2.903,2.901,2.9015,17
2026-04-02 11:07:00,2.896,2.8965,2.896,2.8965,2.901,2.9015,2.901,2.9015,2
2026-04-02 11:08:00,2.897,2.897,2.8965,2.8965,2.902,2.902,2.9015,2.9015,2
2026-04-02 11:09:00,2.896,2.896,2.895,2.8955,2.901,2.901,2.9,2.9005,7
2026-04-02 11:10:00,2.895,2.895,2.894,2.894,2.9,2.9,2.899,2.899,2
2026-04-02 11:11:00,2.8935,2.8935,2.892,2.892,2.8985,2.8985,2.897,2.897,4
2026-04-02 11:12:00,2.893,2.893,2.892,2.893,2.898,2.898,2.897,2.898,4
2026-04-02 11:13:00,2.892,2.893,2.892,2.893,2.897,2.898,2.897,2.898,4
2026-04-02 11:14:00,2.892,2.892,2.8895,2.8915,2.897,2.897,2.8945,2.8965,9
2026-04-02 11:15:00,2.891,2.892,2.888,2.888,2.896,2.897,2.893,2.893,11
2026-04-02 11:16:00,2.8875,2.8905,2.886,2.8905,2.8925,2.8955,2.891,2.8955,9
2026-04-02 11:17:00,2.891,2.892,2.8895,2.892,2.896,2.897,2.8945,2.897,7
2026-04-02 11:18:00,2.893,2.894,2.8925,2.894,2.898,2.899,2.8975,2.899,8
2026-04-02 11:19:00,2.892,2.892,2.889,2.89,2.897,2.897,2.894,2.895,16
2026-04-02 11:20:00,2.889,2.891,2.889,2.891,2.894,2.896,2.894,2.896,4
2026-04-02 11:21:00,2.8915,2.892,2.89,2.891,2.8965,2.897,2.895,2.896,11
2026-04-02 11:22:00,2.892,2.893,2.891,2.891,2.897,2.898,2.896,2.896,7
2026-04-02 11:23:00,2.892,2.893,2.8915,2.892,2.897,2.898,2.8965,2.897,5
2026-04-02 11:24:00,2.893,2.893,2.892,2.8925,2.898,2.898,2.897,2.8975,6
2026-04-02 11:25:00,2.893,2.893,2.891,2.8915,2.898,2.898,2.896,2.8965,6
2026-04-02 11:26:00,2.892,2.892,2.8895,2.89,2.897,2.897,2.8945,2.895,7
2026-04-02 11:27:00,2.889,2.891,2.889,2.89,2.894,2.896,2.894,2.895,7
2026-04-02 11:28:00,2.8905,2.893,2.8905,2.892,2.8955,2.898,2.8955,2.897,11
2026-04-02 11:29:00,2.8925,2.893,2.8915,2.892,2.8975,2.898,2.8965,2.897,13
2026-04-02 11:30:00,2.8915,2.893,2.891,2.893,2.8965,2.898,2.896,2.898,17
2026-04-02 11:31:00,2.8925,2.8935,2.891,2.8915,2.8975,2.8985,2.896,2.8965,24
2026-04-02 11:32:00,2.892,2.893,2.891,2.8925,2.897,2.898,2.896,2.8975,19
2026-04-02 11:33:00,2.892,2.8935,2.892,2.8925,2.897,2.8985,2.897,2.8975,18
2026-04-02 11:34:00,2.892,2.893,2.892,2.892,2.897,2.898,2.897,2.897,8
2026-04-02 11:35:00,2.8925,2.8935,2.8925,2.8935,2.8975,2.8985,2.8975,2.8985,7
2026-04-02 11:36:00,2.894,2.8955,2.8935,2.8955,2.899,2.9005,2.8985,2.9005,8
2026-04-02 11:37:00,2.896,2.897,2.896,2.8965,2.901,2.902,2.901,2.9015,5
2026-04-02 11:38:00,2.896,2.8965,2.8955,2.896,2.901,2.9015,2.9005,2.901,11
2026-04-02 11:39:00,2.895,2.896,2.894,2.895,2.9,2.901,2.899,2.9,12
2026-04-02 11:40:00,2.8955,2.8955,2.892,2.892,2.9005,2.9005,2.897,2.897,13
2026-04-02 11:41:00,2.893,2.893,2.8925,2.893,2.898,2.898,2.8975,2.898,5
2026-04-02 11:42:00,2.892,2.894,2.892,2.893,2.897,2.899,2.897,2.898,5
2026-04-02 11:43:00,2.892,2.893,2.892,2.892,2.897,2.898,2.897,2.897,3
2026-04-02 11:45:00,2.891,2.892,2.889,2.892,2.896,2.897,2.894,2.897,15
2026-04-02 11:46:00,2.891,2.892,2.889,2.89,2.896,2.897,2.894,2.895,12
2026-04-02 11:47:00,2.891,2.891,2.891,2.891,2.896,2.896,2.896,2.896,1
2026-04-02 11:48:00,2.892,2.893,2.8915,2.892,2.897,2.898,2.8965,2.897,8
2026-04-02 11:49:00,2.893,2.893,2.8905,2.891,2.898,2.898,2.8955,2.896,10
2026-04-02 11:50:00,2.8915,2.892,2.8905,2.891,2.8965,2.897,2.8955,2.896,12
2026-04-02 11:51:00,2.8915,2.893,2.8915,2.893,2.8965,2.898,2.8965,2.898,8
2026-04-02 11:52:00,2.8925,2.893,2.892,2.893,2.8975,2.898,2.897,2.898,3
2026-04-02 11:53:00,2.892,2.8935,2.892,2.893,2.897,2.8985,2.897,2.898,4
2026-04-02 11:54:00,2.8925,2.893,2.892,2.893,2.8975,2.898,2.897,2.898,13
2026-04-02 11:55:00,2.8935,2.8945,2.8935,2.894,2.8985,2.8995,2.8985,2.899,3
2026-04-02 11:56:00,2.8935,2.896,2.8935,2.896,2.8985,2.901,2.8985,2.901,7
2026-04-02 11:57:00,2.895,2.897,2.895,2.8965,2.9,2.902,2.9,2.9015,11
2026-04-02 11:58:00,2.897,2.898,2.896,2.897,2.902,2.903,2.901,2.902,11
2026-04-02 11:59:00,2.8965,2.897,2.896,2.896,2.9015,2.902,2.901,2.901,7
2026-04-02 12:00:00,2.895,2.898,2.895,2.898,2.9,2.903,2.9,2.903,6
2026-04-02 12:01:00,2.897,2.898,2.896,2.896,2.902,2.903,2.901,2.901,14
2026-04-02 12:02:00,2.897,2.897,2.8965,2.897,2.902,2.902,2.9015,2.902,3
2026-04-02 12:03:00,2.898,2.901,2.898,2.9,2.903,2.906,2.903,2.905,8
2026-04-02 12:04:00,2.8995,2.9,2.8975,2.9,2.9045,2.905,2.9025,2.905,13
2026-04-02 12:05:00,2.901,2.901,2.897,2.8985,2.906,2.906,2.902,2.9035,15
2026-04-02 12:06:00,2.898,2.906,2.898,2.9055,2.903,2.911,2.903,2.9105,24
2026-04-02 12:07:00,2.906,2.907,2.9055,2.906,2.911,2.912,2.9105,2.911,14
2026-04-02 12:08:00,2.907,2.907,2.906,2.907,2.912,2.912,2.911,2.912,12
2026-04-02 12:09:00,2.908,2.909,2.908,2.909,2.913,2.914,2.913,2.914,8
2026-04-02 12:10:00,2.91,2.91,2.905,2.906,2.915,2.915,2.91,2.911,23
2026-04-02 12:11:00,2.9065,2.907,2.9035,2.904,2.9115,2.912,2.9085,2.909,14
2026-04-02 12:12:00,2.903,2.903,2.902,2.903,2.908,2.908,2.907,2.908,8
2026-04-02 12:13:00,2.9035,2.904,2.903,2.9035,2.9085,2.909,2.908,2.9085,6
2026-04-02 12:14:00,2.904,2.9055,2.902,2.905,2.909,2.9105,2.907,2.91,17
2026-04-02 12:15:00,2.9055,2.9065,2.9055,2.9065,2.9105,2.9115,2.9105,2.9115,7
2026-04-02 12:16:00,2.907,2.908,2.907,2.908,2.912,2.913,2.912,2.913,3
2026-04-02 12:17:00,2.9085,2.909,2.908,2.909,2.9135,2.914,2.913,2.914,8
2026-04-02 12:18:00,2.908,2.909,2.906,2.906,2.913,2.914,2.911,2.911,8
2026-04-02 12:19:00,2.9065,2.907,2.906,2.9065,2.9115,2.912,2.911,2.9115,5
2026-04-02 12:20:00,2.906,2.906,2.9045,2.906,2.911,2.911,2.9095,2.911,9
2026-04-02 12:21:00,2.905,2.906,2.905,2.906,2.91,2.911,2.91,2.911,3
2026-04-02 12:22:00,2.9055,2.907,2.9055,2.906,2.9105,2.912,2.9105,2.911,6
2026-04-02 12:23:00,2.9055,2.907,2.904,2.907,2.9105,2.912,2.909,2.912,18
2026-04-02 12:24:00,2.9065,2.907,2.905,2.9055,2.9115,2.912,2.91,2.9105,15
2026-04-02 12:25:00,2.905,2.905,2.9045,2.905,2.91,2.91,2.9095,2.91,3
2026-04-02 12:26:00,2.9055,2.906,2.905,2.906,2.9105,2.911,2.91,2.911,5
2026-04-02 12:27:00,2.907,2.908,2.907,2.907,2.912,2.913,2.912,2.912,6
2026-04-02 12:28:00,2.908,2.909,2.908,2.909,2.913,2.914,2.913,2.914,4
2026-04-02 12:29:00,2.9095,2.911,2.9095,2.91,2.9145,2.916,2.9145,2.915,4
2026-04-02 12:30:00,2.911,2.911,2.91,2.911,2.916,2.916,2.915,2.916,3
2026-04-02 12:31:00,2.912,2.912,2.911,2.912,2.917,2.917,2.916,2.917,9
2026-04-02 12:32:00,2.9125,2.9125,2.91,2.911,2.9175,2.9175,2.915,2.916,8
2026-04-02 12:33:00,2.9105,2.9105,2.905,2.905,2.9155,2.9155,2.91,2.91,16
2026-04-02 12:34:00,2.906,2.908,2.906,2.908,2.911,2.913,2.911,2.913,9
2026-04-02 12:35:00,2.9075,2.9075,2.904,2.905,2.9125,2.9125,2.909,2.91,19
2026-04-02 12:36:00,2.906,2.907,2.906,2.907,2.911,2.912,2.911,2.912,2
2026-04-02 12:37:00,2.906,2.906,2.901,2.901,2.911,2.911,2.906,2.906,18
2026-04-02 12:38:00,2.9,2.901,2.898,2.898,2.905,2.906,2.903,2.903,17
2026-04-02 12:39:00,2.897,2.897,2.892,2.893,2.902,2.902,2.897,2.898,27
2026-04-02 12:40:00,2.894,2.896,2.894,2.896,2.899,2.901,2.899,2.901,4
2026-04-02 12:41:00,2.897,2.897,2.897,2.897,2.902,2.902,2.902,2.902,1
2026-04-02 12:42:00,2.8965,2.899,2.894,2.898,2.9015,2.904,2.899,2.903,26
2026-04-02 12:43:00,2.8985,2.8985,2.8935,2.8945,2.9035,2.9035,2.8985,2.8995,26
2026-04-02 12:44:00,2.895,2.8985,2.895,2.8975,2.9,2.9035,2.9,2.9025,16
2026-04-02 12:45:00,2.8965,2.898,2.895,2.898,2.9015,2.903,2.9,2.903,19
2026-04-02 12:46:00,2.8985,2.901,2.8985,2.9,2.9035,2.906,2.9035,2.905,10
2026-04-02 12:47:00,2.9005,2.901,2.899,2.899,2.9055,2.906,2.904,2.904,10
2026-04-02 12:48:00,2.9,2.901,2.9,2.901,2.905,2.906,2.905,2.906,9
2026-04-02 12:49:00,2.9005,2.902,2.8995,2.8995,2.9055,2.907,2.9045,2.9045,12
2026-04-02 12:50:00,2.9,2.902,2.9,2.901,2.905,2.907,2.905,2.906,10
2026-04-02 12:51:00,2.9,2.9015,2.8995,2.9015,2.905,2.9065,2.9045,2.9065,10
2026-04-02 12:52:00,2.901,2.9015,2.9005,2.901,2.906,2.9065,2.9055,2.906,8
2026-04-02 12:53:00,2.9005,2.903,2.9005,2.901,2.9055,2.908,2.9055,2.906,16
2026-04-02 12:54:00,2.9,2.903,2.9,2.902,2.905,2.908,2.905,2.907,10
2026-04-02 12:55:00,2.9025,2.9025,2.9,2.9005,2.9075,2.9075,2.905,2.9055,16
2026-04-02 12:56:00,2.901,2.905,2.901,2.9015,2.906,2.91,2.906,2.9065,19
2026-04-02 12:57:00,2.902,2.902,2.9015,2.902,2.907,2.907,2.9065,2.907,3
2026-04-02 12:58:00,2.901,2.901,2.899,2.9,2.906,2.906,2.904,2.905,18
2026-04-02 12:59:00,2.9005,2.901,2.8985,2.8985,2.9055,2.906,2.9035,2.9035,14
2026-04-02 13:00:00,2.8995,2.9,2.892,2.893,2.9045,2.905,2.897,2.898,31
2026-04-02 13:01:00,2.8925,2.898,2.89,2.898,2.8975,2.903,2.895,2.903,20
2026-04-02 13:02:00,2.8975,2.898,2.894,2.896,2.9025,2.903,2.899,2.901,16
2026-04-02 13:03:00,2.895,2.898,2.892,2.894,2.9,2.903,2.897,2.899,21
2026-04-02 13:04:00,2.8935,2.894,2.89,2.89,2.8985,2.899,2.895,2.895,14
2026-04-02 13:05:00,2.8905,2.892,2.8865,2.887,2.8955,2.897,2.8915,2.892,23
2026-04-02 13:06:00,2.8875,2.891,2.8875,2.89,2.8925,2.896,2.8925,2.895,10
2026-04-02 13:07:00,2.8895,2.891,2.886,2.886,2.8945,2.896,2.891,2.891,20
2026-04-02 13:08:00,2.8855,2.888,2.884,2.887,2.8905,2.893,2.889,2.892,21
2026-04-02 13:09:00,2.8865,2.8865,2.88,2.88,2.8915,2.8915,2.885,2.885,18
2026-04-02 13:10:00,2.879,2.883,2.876,2.8775,2.884,2.888,2.881,2.8825,62
2026-04-02 13:11:00,2.878,2.88,2.8775,2.8785,2.883,2.885,2.8825,2.8835,34
2026-04-02 13:12:00,2.8775,2.8775,2.872,2.875,2.8825,2.8825,2.877,2.88,58
2026-04-02 13:13:00,2.8745,2.878,2.872,2.8775,2.8795,2.883,2.877,2.8825,37
2026-04-02 13:14:00,2.878,2.8815,2.878,2.88,2.883,2.8865,2.883,2.885,12
2026-04-02 13:15:00,2.8795,2.8795,2.876,2.877,2.8845,2.8845,2.881,2.882,25
2026-04-02 13:16:00,2.8775,2.878,2.8755,2.877,2.8825,2.883,2.8805,2.882,22
2026-04-02 13:17:00,2.8765,2.884,2.8765,2.884,2.8815,2.889,2.8815,2.889,21
2026-04-02 13:18:00,2.885,2.887,2.8845,2.885,2.89,2.892,2.8895,2.89,12
2026-04-02 13:19:00,2.8845,2.885,2.883,2.8835,2.8895,2.89,2.888,2.8885,23
2026-04-02 13:20:00,2.884,2.885,2.88,2.882,2.889,2.89,2.885,2.887,21
2026-04-02 13:21:00,2.8815,2.882,2.88,2.88,2.8865,2.887,2.885,2.885,8
2026-04-02 13:22:00,2.881,2.882,2.8755,2.878,2.886,2.887,2.8805,2.883,17
2026-04-02 13:23:00,2.8785,2.879,2.877,2.877,2.8835,2.884,2.882,2.882,14
2026-04-02 13:24:00,2.8775,2.88,2.877,2.8775,2.8825,2.885,2.882,2.8825,25
2026-04-02 13:25:00,2.8765,2.877,2.876,2.877,2.8815,2.882,2.881,2.882,21
2026-04-02 13:26:00,2.8775,2.8805,2.877,2.878,2.8825,2.8855,2.882,2.883,18
2026-04-02 13:27:00,2.8795,2.882,2.879,2.88,2.8845,2.887,2.884,2.885,19
2026-04-02 13:28:00,2.881,2.8815,2.879,2.879,2.886,2.8865,2.884,2.884,10
2026-04-02 13:29:00,2.88,2.882,2.88,2.88,2.885,2.887,2.885,2.885,18
2026-04-02 13:30:00,2.8805,2.8865,2.878,2.885,2.8855,2.8915,2.883,2.89,34
2026-04-02 13:31:00,2.886,2.887,2.885,2.886,2.891,2.892,2.89,2.891,22
2026-04-02 13:32:00,2.885,2.885,2.883,2.883,2.89,2.89,2.888,2.888,10
2026-04-02 13:33:00,2.8835,2.884,2.883,2.884,2.8885,2.889,2.888,2.889,4
2026-04-02 13:34:00,2.8835,2.886,2.8835,2.884,2.8885,2.891,2.8885,2.889,10
2026-04-02 13:35:00,2.8835,2.886,2.883,2.885,2.8885,2.891,2.888,2.89,6
2026-04-02 13:36:00,2.8845,2.887,2.884,2.887,2.8895,2.892,2.889,2.892,10
2026-04-02 13:37:00,2.886,2.886,2.885,2.886,2.891,2.891,2.89,2.891,10
2026-04-02 13:38:00,2.885,2.886,2.883,2.883,2.89,2.891,2.888,2.888,11
2026-04-02 13:39:00,2.884,2.884,2.8805,2.882,2.889,2.889,2.8855,2.887,13
2026-04-02 13:40:00,2.883,2.883,2.878,2.878,2.888,2.888,2.883,2.883,18
2026-04-02 13:41:00,2.879,2.882,2.879,2.881,2.884,2.887,2.884,2.886,8
2026-04-02 13:42:00,2.8805,2.881,2.88,2.881,2.8855,2.886,2.885,2.886,3
2026-04-02 13:43:00,2.8805,2.882,2.88,2.8815,2.8855,2.887,2.885,2.8865,19
2026-04-02 13:44:00,2.882,2.883,2.8805,2.883,2.887,2.888,2.8855,2.888,11
2026-04-02 13:45:00,2.8825,2.887,2.8825,2.885,2.8875,2.892,2.8875,2.89,20
2026-04-02 13:46:00,2.8855,2.887,2.883,2.884,2.8905,2.892,2.888,2.889,20
2026-04-02 13:47:00,2.883,2.887,2.883,2.8855,2.888,2.892,2.888,2.8905,18
2026-04-02 13:48:00,2.885,2.886,2.883,2.886,2.89,2.891,2.888,2.891,9
2026-04-02 13:49:00,2.885,2.887,2.8815,2.884,2.89,2.892,2.8865,2.889,31
2026-04-02 13:50:00,2.885,2.887,2.883,2.887,2.89,2.892,2.888,2.892,22
2026-04-02 13:51:00,2.888,2.895,2.888,2.895,2.893,2.9,2.893,2.9,37
2026-04-02 13:52:00,2.894,2.894,2.89,2.891,2.899,2.899,2.895,2.896,28
2026-04-02 13:53:00,2.8905,2.8905,2.887,2.887,2.8955,2.8955,2.892,2.892,17
2026-04-02 13:54:00,2.8865,2.8865,2.883,2.885,2.8915,2.8915,2.888,2.89,16
2026-04-02 13:55:00,2.884,2.888,2.883,2.888,2.889,2.893,2.888,2.893,16
2026-04-02 13:56:00,2.887,2.889,2.887,2.887,2.892,2.894,2.892,2.892,20
2026-04-02 13:57:00,2.888,2.889,2.884,2.8885,2.893,2.894,2.889,2.8935,18
2026-04-02 13:58:00,2.889,2.8905,2.889,2.89,2.894,2.8955,2.894,2.895,9
2026-04-02 13:59:00,2.8885,2.889,2.886,2.886,2.8935,2.894,2.891,2.891,11
2026-04-02 14:00:00,2.8875,2.888,2.882,2.888,2.8925,2.893,2.887,2.893,33
2026-04-02 14:01:00,2.8875,2.888,2.882,2.8845,2.8925,2.893,2.887,2.8895,25
2026-04-02 14:02:00,2.885,2.887,2.884,2.886,2.89,2.892,2.889,2.891,21
2026-04-02 14:03:00,2.885,2.887,2.8825,2.8865,2.89,2.892,2.8875,2.8915,21
2026-04-02 14:04:00,2.8875,2.8915,2.881,2.881,2.8925,2.8965,2.886,2.886,36
2026-04-02 14:05:00,2.88,2.884,2.874,2.878,2.885,2.889,2.879,2.883,62
2026-04-02 14:06:00,2.879,2.88,2.872,2.873,2.884,2.885,2.877,2.878,54
2026-04-02 14:07:00,2.8735,2.875,2.8675,2.8715,2.8785,2.88,2.8725,2.8765,70
2026-04-02 14:08:00,2.87,2.878,2.8695,2.8775,2.875,2.883,2.8745,2.8825,40
2026-04-02 14:09:00,2.877,2.882,2.877,2.881,2.882,2.887,2.882,2.886,33
2026-04-02 14:10:00,2.882,2.8835,2.88,2.882,2.887,2.8885,2.885,2.887,21
2026-04-02 14:11:00,2.881,2.881,2.869,2.8705,2.886,2.886,2.874,2.8755,50
2026-04-02 14:12:00,2.87,2.877,2.87,2.877,2.875,2.882,2.875,2.882,25
2026-04-02 14:13:00,2.876,2.877,2.873,2.874,2.881,2.882,2.878,2.879,31
2026-04-02 14:14:00,2.8745,2.88,2.8745,2.88,2.8795,2.885,2.8795,2.885,23
2026-04-02 14:15:00,2.8805,2.8815,2.877,2.878,2.8855,2.8865,2.882,2.883,20
2026-04-02 14:16:00,2.8785,2.8815,2.877,2.8815,2.8835,2.8865,2.882,2.8865,25
2026-04-02 14:17:00,2.882,2.89,2.882,2.889,2.887,2.895,2.887,2.894,32
2026-04-02 14:18:00,2.8895,2.8955,2.888,2.8935,2.8945,2.9005,2.893,2.8985,51
2026-04-02 14:19:00,2.894,2.894,2.889,2.89,2.899,2.899,2.894,2.895,27
2026-04-02 14:20:00,2.8895,2.893,2.888,2.89,2.8945,2.898,2.893,2.895,37
2026-04-02 14:21:00,2.8895,2.89,2.885,2.886,2.8945,2.895,2.89,2.891,34
2026-04-02 14:22:00,2.8865,2.8865,2.881,2.881,2.8915,2.8915,2.886,2.886,41
2026-04-02 14:23:00,2.8815,2.884,2.874,2.875,2.8865,2.889,2.879,2.88,35
2026-04-02 14:24:00,2.8755,2.883,2.874,2.882,2.8805,2.888,2.879,2.887,24
2026-04-02 14:25:00,2.881,2.882,2.876,2.881,2.886,2.887,2.881,2.886,56
2026-04-02 14:26:00,2.882,2.887,2.882,2.886,2.887,2.892,2.887,2.891,35
2026-04-02 14:27:00,2.887,2.889,2.8855,2.8865,2.892,2.894,2.8905,2.8915,25
2026-04-02 14:28:00,2.886,2.8865,2.8825,2.883,2.891,2.8915,2.8875,2.888,18
2026-04-02 14:29:00,2.8825,2.885,2.879,2.885,2.8875,2.89,2.884,2.89,29
2026-04-02 14:30:00,2.8845,2.888,2.882,2.888,2.8895,2.893,2.887,2.893,28
2026-04-02 14:31:00,2.8885,2.892,2.8885,2.8905,2.8935,2.897,2.8935,2.8955,27
2026-04-02 14:32:00,2.8895,2.89,2.886,2.886,2.8945,2.895,2.891,2.891,19
2026-04-02 14:33:00,2.8865,2.894,2.8855,2.893,2.8915,2.899,2.8905,2.898,31
2026-04-02 14:34:00,2.892,2.896,2.892,2.896,2.897,2.901,2.897,2.901,45
2026-04-02 14:35:00,2.895,2.895,2.889,2.893,2.9,2.9,2.894,2.898,36
2026-04-02 14:36:00,2.892,2.897,2.892,2.894,2.897,2.902,2.897,2.899,23
2026-04-02 14:37:00,2.8935,2.894,2.89,2.892,2.8985,2.899,2.895,2.897,39
2026-04-02 14:38:00,2.8915,2.892,2.887,2.888,2.8965,2.897,2.892,2.893,29
2026-04-02 14:39:00,2.8885,2.889,2.885,2.8865,2.8935,2.894,2.89,2.8915,35
2026-04-02 14:40:00,2.886,2.8885,2.8855,2.888,2.891,2.8935,2.8905,2.893,24
2026-04-02 14:41:00,2.8875,2.89,2.886,2.888,2.8925,2.895,2.891,2.893,31
2026-04-02 14:42:00,2.8885,2.895,2.8885,2.894,2.8935,2.9,2.8935,2.899,30
2026-04-02 14:43:00,2.8935,2.895,2.892,2.8935,2.8985,2.9,2.897,2.8985,17
2026-04-02 14:44:00,2.894,2.894,2.887,2.888,2.899,2.899,2.892,2.893,23
2026-04-02 14:45:00,2.887,2.889,2.884,2.8885,2.892,2.894,2.889,2.8935,23
2026-04-02 14:46:00,2.889,2.894,2.889,2.893,2.894,2.899,2.894,2.898,21
2026-04-02 14:47:00,2.892,2.899,2.892,2.898,2.897,2.904,2.897,2.903,61
2026-04-02 14:48:00,2.897,2.898,2.8905,2.8925,2.902,2.903,2.8955,2.8975,36
2026-04-02 14:49:00,2.893,2.896,2.893,2.895,2.898,2.901,2.898,2.9,22
2026-04-02 14:50:00,2.8955,2.896,2.888,2.889,2.9005,2.901,2.893,2.894,27
2026-04-02 14:51:00,2.8895,2.892,2.884,2.8905,2.8945,2.897,2.889,2.8955,56
2026-04-02 14:52:00,2.8915,2.892,2.886,2.8875,2.8965,2.897,2.891,2.8925,20
2026-04-02 14:53:00,2.888,2.891,2.885,2.891,2.893,2.896,2.89,2.896,48
2026-04-02 14:54:00,2.892,2.894,2.8905,2.8935,2.897,2.899,2.8955,2.8985,24
2026-04-02 14:55:00,2.894,2.894,2.885,2.89,2.899,2.899,2.89,2.895,36
2026-04-02 14:56:00,2.8905,2.892,2.887,2.889,2.8955,2.897,2.892,2.894,44
2026-04-02 14:57:00,2.8895,2.89,2.8855,2.889,2.8945,2.895,2.8905,2.894,25
2026-04-02 14:58:00,2.89,2.894,2.889,2.892,2.895,2.899,2.894,2.897,47
2026-04-02 14:59:00,2.8925,2.8935,2.8905,2.8905,2.8975,2.8985,2.8955,2.8955,25
2026-04-02 15:00:00,2.891,2.895,2.886,2.8885,2.896,2.9,2.891,2.8935,100
2026-04-02 15:01:00,2.888,2.89,2.873,2.873,2.893,2.895,2.878,2.878,86
2026-04-02 15:02:00,2.872,2.8725,2.868,2.871,2.877,2.8775,2.873,2.876,65
2026-04-02 15:03:00,2.8705,2.876,2.868,2.869,2.8755,2.881,2.873,2.874,54
2026-04-02 15:04:00,2.8685,2.874,2.868,2.873,2.8735,2.879,2.873,2.878,34
2026-04-02 15:05:00,2.872,2.878,2.8705,2.874,2.877,2.883,2.8755,2.879,30
2026-04-02 15:06:00,2.8745,2.875,2.868,2.873,2.8795,2.88,2.873,2.878,46
2026-04-02 15:07:00,2.8725,2.873,2.865,2.8655,2.8775,2.878,2.87,2.8705,44
2026-04-02 15:08:00,2.866,2.866,2.855,2.859,2.871,2.871,2.86,2.864,70
2026-04-02 15:09:00,2.86,2.865,2.859,2.8615,2.865,2.87,2.864,2.8665,35
2026-04-02 15:10:00,2.86,2.864,2.858,2.8585,2.865,2.869,2.863,2.8635,54
2026-04-02 15:11:00,2.859,2.862,2.8585,2.8595,2.864,2.867,2.8635,2.8645,27
2026-04-02 15:12:00,2.859,2.863,2.859,2.859,2.864,2.868,2.864,2.864,23
2026-04-02 15:13:00,2.8585,2.8585,2.849,2.85,2.8635,2.8635,2.854,2.855,41
2026-04-02 15:14:00,2.8495,2.85,2.844,2.844,2.8545,2.855,2.849,2.849,68
2026-04-02 15:15:00,2.8435,2.848,2.839,2.844,2.8485,2.853,2.844,2.849,82
2026-04-02 15:16:00,2.8435,2.848,2.841,2.848,2.8485,2.853,2.846,2.853,31
2026-04-02 15:17:00,2.847,2.855,2.847,2.852,2.852,2.86,2.852,2.857,43
2026-04-02 15:18:00,2.851,2.852,2.8485,2.8485,2.856,2.857,2.8535,2.8535,15
2026-04-02 15:19:00,2.848,2.85,2.844,2.8455,2.853,2.855,2.849,2.8505,27
2026-04-02 15:20:00,2.845,2.848,2.844,2.8475,2.85,2.853,2.849,2.8525,35
2026-04-02 15:21:00,2.847,2.8505,2.8455,2.8505,2.852,2.8555,2.8505,2.8555,37
2026-04-02 15:22:00,2.851,2.852,2.849,2.8505,2.856,2.857,2.854,2.8555,27
2026-04-02 15:23:00,2.851,2.855,2.851,2.854,2.856,2.86,2.856,2.859,35
2026-04-02 15:24:00,2.855,2.859,2.853,2.854,2.86,2.864,2.858,2.859,30
2026-04-02 15:25:00,2.8535,2.8545,2.849,2.85,2.8585,2.8595,2.854,2.855,56
2026-04-02 15:26:00,2.851,2.851,2.847,2.848,2.856,2.856,2.852,2.853,26
2026-04-02 15:27:00,2.8475,2.85,2.8475,2.849,2.8525,2.855,2.8525,2.854,18
2026-04-02 15:28:00,2.8495,2.8515,2.846,2.8505,2.8545,2.8565,2.851,2.8555,51
2026-04-02 15:29:00,2.851,2.851,2.846,2.847,2.856,2.856,2.851,2.852,44
2026-04-02 15:30:00,2.846,2.848,2.836,2.84,2.851,2.853,2.841,2.845,93
2026-04-02 15:31:00,2.8395,2.842,2.8365,2.839,2.8445,2.847,2.8415,2.844,61
2026-04-02 15:32:00,2.84,2.842,2.839,2.841,2.845,2.847,2.844,2.846,33
2026-04-02 15:33:00,2.842,2.843,2.834,2.835,2.847,2.848,2.839,2.84,39
2026-04-02 15:34:00,2.834,2.8375,2.834,2.8355,2.839,2.8425,2.839,2.8405,42
2026-04-02 15:35:00,2.836,2.838,2.829,2.831,2.841,2.843,2.834,2.836,53
2026-04-02 15:36:00,2.8305,2.8305,2.824,2.826,2.8355,2.8355,2.829,2.831,54
2026-04-02 15:37:00,2.8255,2.832,2.824,2.8295,2.8305,2.837,2.829,2.8345,49
2026-04-02 15:38:00,2.8285,2.833,2.826,2.8325,2.8335,2.838,2.831,2.8375,43
2026-04-02 15:39:00,2.832,2.841,2.832,2.8405,2.837,2.846,2.837,2.8455,58
2026-04-02 15:40:00,2.841,2.845,2.838,2.841,2.846,2.85,2.843,2.846,39
2026-04-02 15:41:00,2.84,2.844,2.837,2.837,2.845,2.849,2.842,2.842,55
2026-04-02 15:42:00,2.8375,2.8425,2.835,2.8425,2.8425,2.8475,2.84,2.8475,30
2026-04-02 15:43:00,2.842,2.845,2.8405,2.8445,2.847,2.85,2.8455,2.8495,42
2026-04-02 15:44:00,2.844,2.845,2.839,2.839,2.849,2.85,2.844,2.844,37
2026-04-02 15:45:00,2.84,2.841,2.836,2.836,2.845,2.846,2.841,2.841,41
2026-04-02 15:46:00,2.8365,2.839,2.833,2.833,2.8415,2.844,2.838,2.838,41
2026-04-02 15:47:00,2.8325,2.837,2.8325,2.8355,2.8375,2.842,2.8375,2.8405,31
2026-04-02 15:48:00,2.836,2.8385,2.834,2.834,2.841,2.8435,2.839,2.839,25
2026-04-02 15:49:00,2.8345,2.835,2.83,2.833,2.8395,2.84,2.835,2.838,40
2026-04-02 15:50:00,2.834,2.834,2.8235,2.8245,2.839,2.839,2.8285,2.8295,83
2026-04-02 15:51:00,2.824,2.831,2.822,2.8295,2.829,2.836,2.827,2.8345,90
2026-04-02 15:52:00,2.83,2.832,2.827,2.8275,2.835,2.837,2.832,2.8325,48
2026-04-02 15:53:00,2.827,2.8345,2.822,2.831,2.832,2.8395,2.827,2.836,63
2026-04-02 15:54:00,2.8315,2.835,2.8305,2.834,2.8365,2.84,2.8355,2.839,57
2026-04-02 15:55:00,2.8335,2.835,2.828,2.83,2.8385,2.84,2.833,2.835,47
2026-04-02 15:56:00,2.8295,2.831,2.825,2.83,2.8345,2.836,2.83,2.835,46
2026-04-02 15:57:00,2.829,2.832,2.828,2.8285,2.834,2.837,2.833,2.8335,39
2026-04-02 15:58:00,2.828,2.83,2.824,2.83,2.833,2.835,2.829,2.835,32
2026-04-02 15:59:00,2.8295,2.8295,2.825,2.8275,2.8345,2.8345,2.83,2.8325,43
2026-04-02 16:00:00,2.8265,2.833,2.825,2.831,2.8315,2.838,2.83,2.836,69
2026-04-02 16:01:00,2.832,2.835,2.831,2.833,2.837,2.84,2.836,2.838,50
2026-04-02 16:02:00,2.834,2.837,2.8315,2.833,2.839,2.842,2.8365,2.838,40
2026-04-02 16:03:00,2.834,2.8375,2.834,2.835,2.839,2.8425,2.839,2.84,37
2026-04-02 16:04:00,2.8355,2.836,2.83,2.831,2.8405,2.841,2.835,2.836,42
2026-04-02 16:05:00,2.8315,2.838,2.8315,2.835,2.8365,2.843,2.8365,2.84,38
2026-04-02 16:06:00,2.8355,2.836,2.827,2.828,2.8405,2.841,2.832,2.833,37
2026-04-02 16:07:00,2.8275,2.833,2.8275,2.8325,2.8325,2.838,2.8325,2.8375,27
2026-04-02 16:08:00,2.833,2.833,2.83,2.83,2.838,2.838,2.835,2.835,24
2026-04-02 16:09:00,2.8295,2.832,2.828,2.8295,2.8345,2.837,2.833,2.8345,31
2026-04-02 16:10:00,2.83,2.834,2.829,2.833,2.835,2.839,2.834,2.838,27
2026-04-02 16:11:00,2.8325,2.8345,2.829,2.832,2.8375,2.8395,2.834,2.837,39
2026-04-02 16:12:00,2.8315,2.833,2.829,2.831,2.8365,2.838,2.834,2.836,44
2026-04-02 16:13:00,2.8305,2.835,2.8305,2.833,2.8355,2.84,2.8355,2.838,17
2026-04-02 16:14:00,2.831,2.833,2.8295,2.8315,2.836,2.838,2.8345,2.8365,33
2026-04-02 16:15:00,2.831,2.831,2.827,2.828,2.836,2.836,2.832,2.833,26
2026-04-02 16:16:00,2.8285,2.83,2.824,2.829,2.8335,2.835,2.829,2.834,32
2026-04-02 16:17:00,2.83,2.833,2.8285,2.832,2.835,2.838,2.8335,2.837,25
2026-04-02 16:18:00,2.833,2.834,2.829,2.83,2.838,2.839,2.834,2.835,42
2026-04-02 16:19:00,2.8295,2.83,2.8255,2.83,2.8345,2.835,2.8305,2.835,28
2026-04-02 16:20:00,2.8295,2.83,2.825,2.829,2.8345,2.835,2.83,2.834,26
2026-04-02 16:21:00,2.828,2.829,2.8265,2.8265,2.833,2.834,2.8315,2.8315,18
2026-04-02 16:22:00,2.827,2.8305,2.8265,2.8305,2.832,2.8355,2.8315,2.8355,15
2026-04-02 16:23:00,2.831,2.8315,2.827,2.828,2.836,2.8365,2.832,2.833,23
2026-04-02 16:24:00,2.8285,2.8295,2.822,2.8245,2.8335,2.8345,2.827,2.8295,31
2026-04-02 16:25:00,2.825,2.8275,2.824,2.826,2.83,2.8325,2.829,2.831,29
2026-04-02 16:26:00,2.827,2.828,2.825,2.828,2.832,2.833,2.83,2.833,33
2026-04-02 16:27:00,2.827,2.828,2.825,2.828,2.832,2.833,2.83,2.833,26
2026-04-02 16:28:00,2.8285,2.833,2.825,2.829,2.8335,2.838,2.83,2.834,42
2026-04-02 16:29:00,2.8295,2.833,2.828,2.8305,2.8345,2.838,2.833,2.8355,46
2026-04-02 16:30:00,2.8345,2.851,2.833,2.842,2.8395,2.856,2.838,2.847,193
2026-04-02 16:31:00,2.8425,2.85,2.84,2.847,2.8475,2.855,2.845,2.852,140
2026-04-02 16:32:00,2.8475,2.8495,2.844,2.846,2.8525,2.8545,2.849,2.851,74
2026-04-02 16:33:00,2.845,2.85,2.8425,2.849,2.85,2.855,2.8475,2.854,61
2026-04-02 16:34:00,2.8495,2.858,2.8495,2.858,2.8545,2.863,2.8545,2.863,61
2026-04-02 16:35:00,2.8575,2.859,2.838,2.841,2.8625,2.864,2.843,2.846,81
2026-04-02 16:36:00,2.8415,2.844,2.825,2.829,2.8465,2.849,2.83,2.834,202
2026-04-02 16:37:00,2.8295,2.837,2.822,2.837,2.8345,2.842,2.827,2.842,140
2026-04-02 16:38:00,2.8365,2.853,2.8365,2.851,2.8415,2.858,2.8415,2.856,296
2026-04-02 16:39:00,2.85,2.851,2.835,2.8355,2.855,2.856,2.84,2.8405,198
2026-04-02 16:40:00,2.836,2.842,2.833,2.8395,2.841,2.847,2.838,2.8445,182
2026-04-02 16:41:00,2.84,2.848,2.839,2.844,2.845,2.853,2.844,2.849,164
2026-04-02 16:42:00,2.8435,2.8435,2.836,2.838,2.8485,2.8485,2.841,2.843,174
2026-04-02 16:43:00,2.837,2.839,2.834,2.837,2.842,2.844,2.839,2.842,67
2026-04-02 16:44:00,2.8375,2.8375,2.831,2.8315,2.8425,2.8425,2.836,2.8365,62
2026-04-02 16:45:00,2.831,2.8335,2.827,2.832,2.836,2.8385,2.832,2.837,85
2026-04-02 16:46:00,2.8325,2.841,2.83,2.837,2.8375,2.846,2.835,2.842,73
2026-04-02 16:47:00,2.8375,2.846,2.837,2.8435,2.8425,2.851,2.842,2.8485,59
2026-04-02 16:48:00,2.843,2.846,2.84,2.8425,2.848,2.851,2.845,2.8475,78
2026-04-02 16:49:00,2.842,2.845,2.839,2.84,2.847,2.85,2.844,2.845,63
2026-04-02 16:50:00,2.8405,2.8455,2.8395,2.842,2.8455,2.8505,2.8445,2.847,54
2026-04-02 16:51:00,2.8415,2.8425,2.836,2.84,2.8465,2.8475,2.841,2.845,50
2026-04-02 16:52:00,2.8395,2.843,2.8365,2.838,2.8445,2.848,2.8415,2.843,46
2026-04-02 16:53:00,2.839,2.8415,2.837,2.84,2.844,2.8465,2.842,2.845,48
2026-04-02 16:54:00,2.839,2.839,2.833,2.8385,2.844,2.844,2.838,2.8435,42
2026-04-02 16:55:00,2.838,2.842,2.836,2.837,2.843,2.847,2.841,2.842,44
2026-04-02 16:56:00,2.835,2.839,2.833,2.838,2.84,2.844,2.838,2.843,32
2026-04-02 16:57:00,2.8385,2.84,2.832,2.833,2.8435,2.845,2.837,2.838,42
2026-04-02 16:58:00,2.8335,2.84,2.8335,2.84,2.8385,2.845,2.8385,2.845,36
2026-04-02 16:59:00,2.8405,2.844,2.84,2.842,2.8455,2.849,2.845,2.847,114
2026-04-02 17:00:00,2.8415,2.853,2.84,2.8455,2.8465,2.858,2.845,2.8505,150
2026-04-02 17:01:00,2.846,2.846,2.841,2.8455,2.851,2.851,2.846,2.8505,108
2026-04-02 17:02:00,2.846,2.8465,2.842,2.845,2.851,2.8515,2.847,2.85,80
2026-04-02 17:03:00,2.8445,2.8465,2.842,2.844,2.8495,2.8515,2.847,2.849,78
2026-04-02 17:04:00,2.8425,2.8435,2.838,2.838,2.8475,2.8485,2.843,2.843,100
2026-04-02 17:05:00,2.8375,2.842,2.837,2.8395,2.8425,2.847,2.842,2.8445,37
2026-04-02 17:06:00,2.839,2.8425,2.8375,2.841,2.844,2.8475,2.8425,2.846,45
2026-04-02 17:07:00,2.8415,2.843,2.837,2.841,2.8465,2.848,2.842,2.846,34
2026-04-02 17:08:00,2.84,2.84,2.837,2.838,2.845,2.845,2.842,2.843,31
2026-04-02 17:09:00,2.8385,2.84,2.837,2.839,2.8435,2.845,2.842,2.844,29
2026-04-02 17:10:00,2.8385,2.84,2.835,2.836,2.8435,2.845,2.84,2.841,43
2026-04-02 17:11:00,2.8355,2.838,2.831,2.833,2.8405,2.843,2.836,2.838,49
2026-04-02 17:12:00,2.8335,2.834,2.831,2.831,2.8385,2.839,2.836,2.836,25
2026-04-02 17:13:00,2.8305,2.831,2.828,2.829,2.8355,2.836,2.833,2.834,30
2026-04-02 17:14:00,2.83,2.834,2.827,2.829,2.835,2.839,2.832,2.834,32
2026-04-02 17:15:00,2.828,2.828,2.825,2.827,2.833,2.833,2.83,2.832,29
2026-04-02 17:16:00,2.8265,2.829,2.825,2.828,2.8315,2.834,2.83,2.833,34
2026-04-02 17:17:00,2.8275,2.8325,2.825,2.832,2.8325,2.8375,2.83,2.837,42
2026-04-02 17:18:00,2.8315,2.834,2.8275,2.828,2.8365,2.839,2.8325,2.833,52
2026-04-02 17:19:00,2.827,2.832,2.8265,2.831,2.832,2.837,2.8315,2.836,22
2026-04-02 17:20:00,2.8315,2.843,2.8315,2.8415,2.8365,2.848,2.8365,2.8465,56
2026-04-02 17:21:00,2.841,2.845,2.8395,2.8415,2.846,2.85,2.8445,2.8465,35
2026-04-02 17:22:00,2.842,2.847,2.84,2.844,2.847,2.852,2.845,2.849,44
2026-04-02 17:23:00,2.8445,2.845,2.841,2.843,2.8495,2.85,2.846,2.848,26
2026-04-02 17:24:00,2.844,2.845,2.838,2.838,2.849,2.85,2.843,2.843,44
2026-04-02 17:25:00,2.839,2.84,2.837,2.838,2.844,2.845,2.842,2.843,14
2026-04-02 17:26:00,2.839,2.839,2.833,2.834,2.844,2.844,2.838,2.839,53
2026-04-02 17:27:00,2.8335,2.837,2.833,2.835,2.8385,2.842,2.838,2.84,69
2026-04-02 17:28:00,2.8345,2.8405,2.831,2.8405,2.8395,2.8455,2.836,2.8455,54
2026-04-02 17:29:00,2.841,2.844,2.84,2.841,2.846,2.849,2.845,2.846,49
2026-04-02 17:30:00,2.8405,2.843,2.837,2.838,2.8455,2.848,2.842,2.843,45
2026-04-02 17:31:00,2.8385,2.845,2.838,2.844,2.8435,2.85,2.843,2.849,36
2026-04-02 17:32:00,2.8445,2.846,2.843,2.843,2.8495,2.851,2.848,2.848,23
2026-04-02 17:33:00,2.842,2.844,2.841,2.8425,2.847,2.849,2.846,2.8475,26
2026-04-02 17:34:00,2.842,2.8435,2.841,2.841,2.847,2.8485,2.846,2.846,33
2026-04-02 17:35:00,2.842,2.844,2.84,2.841,2.847,2.849,2.845,2.846,15
2026-04-02 17:36:00,2.8405,2.845,2.839,2.8435,2.8455,2.85,2.844,2.8485,37
2026-04-02 17:37:00,2.844,2.846,2.841,2.845,2.849,2.851,2.846,2.85,28
2026-04-02 17:38:00,2.846,2.851,2.845,2.848,2.851,2.856,2.85,2.853,52
2026-04-02 17:39:00,2.8475,2.849,2.845,2.8475,2.8525,2.854,2.85,2.8525,26
2026-04-02 17:40:00,2.847,2.848,2.845,2.8475,2.852,2.853,2.85,2.8525,30
2026-04-02 17:41:00,2.848,2.853,2.847,2.85,2.853,2.858,2.852,2.855,39
2026-04-02 17:42:00,2.849,2.851,2.8485,2.849,2.854,2.856,2.8535,2.854,37
2026-04-02 17:43:00,2.85,2.85,2.847,2.849,2.855,2.855,2.852,2.854,15
2026-04-02 17:44:00,2.8485,2.849,2.845,2.846,2.8535,2.854,2.85,2.851,32
2026-04-02 17:45:00,2.847,2.8515,2.847,2.851,2.852,2.8565,2.852,2.856,24
2026-04-02 17:46:00,2.852,2.852,2.8475,2.848,2.857,2.857,2.8525,2.853,22
2026-04-02 17:47:00,2.847,2.85,2.846,2.85,2.852,2.855,2.851,2.855,21
2026-04-02 17:48:00,2.851,2.856,2.851,2.853,2.856,2.861,2.856,2.858,30
2026-04-02 17:49:00,2.8535,2.855,2.849,2.853,2.8585,2.86,2.854,2.858,31
2026-04-02 17:50:00,2.8535,2.8565,2.8535,2.8535,2.8585,2.8615,2.8585,2.8585,18
2026-04-02 17:51:00,2.853,2.8565,2.853,2.8555,2.858,2.8615,2.858,2.8605,27
2026-04-02 17:52:00,2.855,2.856,2.851,2.851,2.86,2.861,2.856,2.856,23
2026-04-02 17:53:00,2.852,2.858,2.851,2.8565,2.857,2.863,2.856,2.8615,14
2026-04-02 17:54:00,2.857,2.862,2.853,2.853,2.862,2.867,2.858,2.858,79
2026-04-02 17:55:00,2.8535,2.856,2.853,2.855,2.8585,2.861,2.858,2.86,14
2026-04-02 17:56:00,2.8545,2.857,2.8545,2.857,2.8595,2.862,2.8595,2.862,22
2026-04-02 17:57:00,2.858,2.858,2.853,2.853,2.863,2.863,2.858,2.858,19
2026-04-02 17:58:00,2.854,2.856,2.8515,2.8555,2.859,2.861,2.8565,2.8605,25
2026-04-02 17:59:00,2.855,2.858,2.855,2.857,2.86,2.863,2.86,2.862,15
2026-04-02 18:00:00,2.8565,2.8565,2.851,2.852,2.8615,2.8615,2.856,2.857,29
2026-04-02 18:01:00,2.8515,2.8535,2.85,2.852,2.8565,2.8585,2.855,2.857,24
2026-04-02 18:02:00,2.853,2.854,2.852,2.852,2.858,2.859,2.857,2.857,16
2026-04-02 18:03:00,2.8515,2.8515,2.85,2.85,2.8565,2.8565,2.855,2.855,19
2026-04-02 18:04:00,2.8505,2.852,2.85,2.8515,2.8555,2.857,2.855,2.8565,13
2026-04-02 18:05:00,2.852,2.857,2.852,2.855,2.857,2.862,2.857,2.86,19
2026-04-02 18:06:00,2.8545,2.8545,2.848,2.851,2.8595,2.8595,2.853,2.856,26
2026-04-02 18:07:00,2.8515,2.853,2.849,2.85,2.8565,2.858,2.854,2.855,19
2026-04-02 18:08:00,2.851,2.855,2.849,2.854,2.856,2.86,2.854,2.859,27
2026-04-02 18:09:00,2.8535,2.8545,2.849,2.849,2.8585,2.8595,2.854,2.854,32
2026-04-02 18:10:00,2.8485,2.85,2.847,2.8495,2.8535,2.855,2.852,2.8545,20
2026-04-02 18:11:00,2.849,2.851,2.849,2.849,2.854,2.856,2.854,2.854,18
2026-04-02 18:12:00,2.8485,2.85,2.847,2.8495,2.8535,2.855,2.852,2.8545,19
2026-04-02 18:13:00,2.85,2.85,2.848,2.849,2.855,2.855,2.853,2.854,11
2026-04-02 18:14:00,2.8485,2.85,2.843,2.844,2.8535,2.855,2.848,2.849,26
2026-04-02 18:15:00,2.843,2.848,2.843,2.846,2.848,2.853,2.848,2.851,28
2026-04-02 18:16:00,2.847,2.847,2.845,2.846,2.852,2.852,2.85,2.851,9
2026-04-02 18:17:00,2.847,2.851,2.847,2.85,2.852,2.856,2.852,2.855,11
2026-04-02 18:18:00,2.849,2.85,2.848,2.849,2.854,2.855,2.853,2.854,14
2026-04-02 18:19:00,2.848,2.849,2.847,2.848,2.853,2.854,2.852,2.853,17
2026-04-02 18:20:00,2.8485,2.85,2.848,2.85,2.8535,2.855,2.853,2.855,14
2026-04-02 18:21:00,2.8495,2.85,2.8485,2.849,2.8545,2.855,2.8535,2.854,8
2026-04-02 18:22:00,2.8485,2.849,2.847,2.847,2.8535,2.854,2.852,2.852,10
2026-04-02 18:23:00,2.846,2.848,2.8445,2.847,2.851,2.853,2.8495,2.852,12
2026-04-02 18:24:00,2.8465,2.8465,2.844,2.845,2.8515,2.8515,2.849,2.85,16
2026-04-02 18:25:00,2.846,2.8485,2.846,2.847,2.851,2.8535,2.851,2.852,19
2026-04-02 18:26:00,2.848,2.848,2.846,2.847,2.853,2.853,2.851,2.852,23
2026-04-02 18:27:00,2.8475,2.85,2.847,2.847,2.8525,2.855,2.852,2.852,19
2026-04-02 18:28:00,2.848,2.851,2.845,2.8505,2.853,2.856,2.85,2.8555,15
2026-04-02 18:29:00,2.852,2.852,2.847,2.8515,2.857,2.857,2.852,2.8565,21
2026-04-02 18:30:00,2.851,2.855,2.85,2.855,2.856,2.86,2.855,2.86,15
2026-04-02 18:31:00,2.8545,2.855,2.852,2.852,2.8595,2.86,2.857,2.857,15
2026-04-02 18:32:00,2.8515,2.8535,2.8485,2.851,2.8565,2.8585,2.8535,2.856,23
2026-04-02 18:33:00,2.8505,2.8505,2.8475,2.85,2.8555,2.8555,2.8525,2.855,19
2026-04-02 18:34:00,2.8495,2.852,2.849,2.85,2.8545,2.857,2.854,2.855,13
2026-04-02 18:35:00,2.851,2.852,2.846,2.848,2.856,2.857,2.851,2.853,30
2026-04-02 18:36:00,2.8485,2.85,2.848,2.849,2.8535,2.855,2.853,2.854,26
2026-04-02 18:37:00,2.85,2.851,2.848,2.848,2.855,2.856,2.853,2.853,7
2026-04-02 18:38:00,2.8485,2.849,2.8475,2.849,2.8535,2.854,2.8525,2.854,9
2026-04-02 18:39:00,2.8495,2.851,2.8495,2.8505,2.8545,2.856,2.8545,2.8555,10
2026-04-02 18:40:00,2.851,2.851,2.8425,2.849,2.856,2.856,2.8475,2.854,45
2026-04-02 18:41:00,2.848,2.849,2.8465,2.847,2.853,2.854,2.8515,2.852,11
2026-04-02 18:42:00,2.8465,2.8465,2.844,2.844,2.8515,2.8515,2.849,2.849,19
2026-04-02 18:43:00,2.8445,2.846,2.843,2.843,2.8495,2.851,2.848,2.848,21
2026-04-02 18:44:00,2.842,2.844,2.842,2.844,2.847,2.849,2.847,2.849,15
2026-04-02 18:45:00,2.845,2.847,2.8435,2.8435,2.85,2.852,2.8485,2.8485,25
2026-04-02 18:46:00,2.843,2.848,2.841,2.848,2.848,2.853,2.846,2.853,36
2026-04-02 18:47:00,2.8475,2.849,2.846,2.848,2.8525,2.854,2.851,2.853,17
2026-04-02 18:48:00,2.849,2.85,2.848,2.8485,2.854,2.855,2.853,2.8535,15
2026-04-02 18:49:00,2.848,2.849,2.848,2.849,2.853,2.854,2.853,2.854,11
2026-04-02 18:50:00,2.8485,2.8505,2.8485,2.8485,2.8535,2.8555,2.8535,2.8535,16
2026-04-02 18:51:00,2.849,2.852,2.849,2.851,2.854,2.857,2.854,2.856,28
2026-04-02 18:52:00,2.8515,2.8515,2.845,2.846,2.8565,2.8565,2.85,2.851,19
2026-04-02 18:53:00,2.8465,2.8465,2.844,2.844,2.8515,2.8515,2.849,2.849,19
2026-04-02 18:54:00,2.8445,2.847,2.844,2.847,2.8495,2.852,2.849,2.852,26
2026-04-02 18:55:00,2.8475,2.85,2.847,2.848,2.8525,2.855,2.852,2.853,17
2026-04-02 18:56:00,2.849,2.852,2.849,2.852,2.854,2.857,2.854,2.857,14
2026-04-02 18:57:00,2.851,2.852,2.851,2.8515,2.856,2.857,2.856,2.8565,16
2026-04-02 18:58:00,2.8505,2.851,2.847,2.848,2.8555,2.856,2.852,2.853,24
2026-04-02 18:59:00,2.8475,2.848,2.847,2.848,2.8525,2.853,2.852,2.853,12
2026-04-02 19:00:00,2.8475,2.85,2.846,2.8495,2.8525,2.855,2.851,2.8545,27
2026-04-02 19:01:00,2.849,2.8505,2.847,2.85,2.854,2.8555,2.852,2.855,27
2026-04-02 19:02:00,2.8505,2.851,2.847,2.8485,2.8555,2.856,2.852,2.8535,28
2026-04-02 19:03:00,2.849,2.849,2.844,2.845,2.854,2.854,2.849,2.85,27
2026-04-02 19:04:00,2.846,2.847,2.845,2.845,2.851,2.852,2.85,2.85,10
2026-04-02 19:05:00,2.844,2.847,2.842,2.8455,2.849,2.852,2.847,2.8505,28
2026-04-02 19:06:00,2.846,2.85,2.845,2.847,2.851,2.855,2.85,2.852,35
2026-04-02 19:07:00,2.8475,2.848,2.846,2.847,2.8525,2.853,2.851,2.852,18
2026-04-02 19:08:00,2.8465,2.8465,2.844,2.8465,2.8515,2.8515,2.849,2.8515,22
2026-04-02 19:09:00,2.847,2.849,2.846,2.848,2.852,2.854,2.851,2.853,21
2026-04-02 19:10:00,2.847,2.847,2.8445,2.846,2.852,2.852,2.8495,2.851,20
2026-04-02 19:11:00,2.8465,2.8465,2.843,2.8455,2.8515,2.8515,2.848,2.8505,24
2026-04-02 19:12:00,2.846,2.847,2.845,2.846,2.851,2.852,2.85,2.851,27
2026-04-02 19:13:00,2.8455,2.847,2.843,2.845,2.8505,2.852,2.848,2.85,17
2026-04-02 19:14:00,2.8445,2.8445,2.842,2.844,2.8495,2.8495,2.847,2.849,14
2026-04-02 19:15:00,2.845,2.847,2.841,2.842,2.85,2.852,2.846,2.847,27
2026-04-02 19:16:00,2.8425,2.844,2.842,2.843,2.8475,2.849,2.847,2.848,14
2026-04-02 19:17:00,2.844,2.8455,2.843,2.845,2.849,2.8505,2.848,2.85,20
2026-04-02 19:18:00,2.8455,2.848,2.845,2.847,2.8505,2.853,2.85,2.852,17
2026-04-02 19:19:00,2.8465,2.8465,2.843,2.844,2.8515,2.8515,2.848,2.849,32
2026-04-02 19:20:00,2.845,2.845,2.843,2.844,2.85,2.85,2.848,2.849,11
2026-04-02 19:21:00,2.8445,2.8465,2.8445,2.845,2.8495,2.8515,2.8495,2.85,9
2026-04-02 19:22:00,2.844,2.846,2.842,2.842,2.849,2.851,2.847,2.847,8
2026-04-02 19:23:00,2.841,2.842,2.839,2.8405,2.846,2.847,2.844,2.8455,23
2026-04-02 19:24:00,2.841,2.843,2.84,2.842,2.846,2.848,2.845,2.847,11
2026-04-02 19:25:00,2.841,2.842,2.839,2.84,2.846,2.847,2.844,2.845,20
2026-04-02 19:26:00,2.8395,2.8395,2.837,2.8385,2.8445,2.8445,2.842,2.8435,26
2026-04-02 19:27:00,2.838,2.84,2.837,2.8375,2.843,2.845,2.842,2.8425,22
2026-04-02 19:28:00,2.838,2.838,2.831,2.832,2.843,2.843,2.836,2.837,40
2026-04-02 19:29:00,2.831,2.8345,2.831,2.833,2.836,2.8395,2.836,2.838,26
2026-04-02 19:30:00,2.8315,2.834,2.83,2.834,2.8365,2.839,2.835,2.839,29
2026-04-02 19:31:00,2.8345,2.837,2.834,2.836,2.8395,2.842,2.839,2.841,31
2026-04-02 19:32:00,2.835,2.836,2.834,2.835,2.84,2.841,2.839,2.84,8
2026-04-02 19:33:00,2.8355,2.836,2.834,2.8345,2.8405,2.841,2.839,2.8395,16
2026-04-02 19:34:00,2.834,2.837,2.834,2.836,2.839,2.842,2.839,2.841,19
2026-04-02 19:35:00,2.837,2.841,2.837,2.84,2.842,2.846,2.842,2.845,14
2026-04-02 19:36:00,2.839,2.841,2.838,2.8385,2.844,2.846,2.843,2.8435,22
2026-04-02 19:37:00,2.839,2.839,2.838,2.8385,2.844,2.844,2.843,2.8435,7
2026-04-02 19:38:00,2.839,2.84,2.836,2.836,2.844,2.845,2.841,2.841,18
2026-04-02 19:39:00,2.835,2.8355,2.834,2.835,2.84,2.8405,2.839,2.84,7
2026-04-02 19:40:00,2.834,2.835,2.834,2.835,2.839,2.84,2.839,2.84,17
2026-04-02 19:41:00,2.8355,2.837,2.8355,2.837,2.8405,2.842,2.8405,2.842,6
2026-04-02 19:42:00,2.8365,2.837,2.8345,2.8355,2.8415,2.842,2.8395,2.8405,10
2026-04-02 19:43:00,2.836,2.836,2.835,2.835,2.841,2.841,2.84,2.84,4
2026-04-02 19:44:00,2.836,2.837,2.834,2.836,2.841,2.842,2.839,2.841,22
2026-04-02 19:45:00,2.8365,2.838,2.835,2.838,2.8415,2.843,2.84,2.843,13
2026-04-02 19:46:00,2.8375,2.838,2.836,2.8365,2.8425,2.843,2.841,2.8415,10
2026-04-02 19:47:00,2.837,2.839,2.836,2.839,2.842,2.844,2.841,2.844,11
2026-04-02 19:48:00,2.84,2.84,2.8375,2.8375,2.845,2.845,2.8425,2.8425,13
2026-04-02 19:49:00,2.838,2.839,2.8375,2.838,2.843,2.844,2.8425,2.843,11
2026-04-02 19:50:00,2.837,2.838,2.836,2.837,2.842,2.843,2.841,2.842,10
2026-04-02 19:51:00,2.838,2.838,2.837,2.838,2.843,2.843,2.842,2.843,15
2026-04-02 19:52:00,2.8375,2.838,2.8355,2.836,2.8425,2.843,2.8405,2.841,17
2026-04-02 19:53:00,2.837,2.837,2.835,2.8355,2.842,2.842,2.84,2.8405,12
2026-04-02 19:54:00,2.836,2.838,2.8355,2.836,2.841,2.843,2.8405,2.841,12
2026-04-02 19:55:00,2.8355,2.8375,2.8355,2.836,2.8405,2.8425,2.8405,2.841,18
2026-04-02 19:56:00,2.835,2.836,2.833,2.834,2.84,2.841,2.838,2.839,21
2026-04-02 19:57:00,2.8345,2.835,2.834,2.834,2.8395,2.84,2.839,2.839,12
2026-04-02 19:58:00,2.835,2.836,2.834,2.836,2.84,2.841,2.839,2.841,16
2026-04-02 19:59:00,2.835,2.836,2.834,2.834,2.84,2.841,2.839,2.839,8
2026-04-02 20:00:00,2.833,2.834,2.83,2.831,2.838,2.839,2.835,2.836,34
2026-04-02 20:01:00,2.832,2.837,2.831,2.8365,2.837,2.842,2.836,2.8415,17
2026-04-02 20:02:00,2.836,2.839,2.836,2.838,2.841,2.844,2.841,2.843,23
2026-04-02 20:03:00,2.8375,2.8375,2.834,2.834,2.8425,2.8425,2.839,2.839,38
2026-04-02 20:04:00,2.835,2.837,2.835,2.836,2.84,2.842,2.84,2.841,20
2026-04-02 20:05:00,2.837,2.837,2.834,2.834,2.842,2.842,2.839,2.839,11
2026-04-02 20:06:00,2.833,2.834,2.8315,2.8315,2.838,2.839,2.8365,2.8365,15
2026-04-02 20:07:00,2.832,2.834,2.831,2.833,2.837,2.839,2.836,2.838,24
2026-04-02 20:08:00,2.834,2.834,2.83,2.83,2.839,2.839,2.835,2.835,24
2026-04-02 20:09:00,2.831,2.833,2.83,2.831,2.836,2.838,2.835,2.836,11
2026-04-02 20:10:00,2.8305,2.8305,2.829,2.83,2.8355,2.8355,2.834,2.835,19
2026-04-02 20:11:00,2.828,2.83,2.827,2.8295,2.833,2.835,2.832,2.8345,23
2026-04-02 20:12:00,2.83,2.834,2.83,2.832,2.835,2.839,2.835,2.837,20
2026-04-02 20:13:00,2.831,2.832,2.83,2.831,2.836,2.837,2.835,2.836,8
2026-04-02 20:14:00,2.8305,2.834,2.8305,2.834,2.8355,2.839,2.8355,2.839,18
2026-04-02 20:15:00,2.8335,2.834,2.832,2.832,2.8385,2.839,2.837,2.837,12
2026-04-02 20:16:00,2.8315,2.8345,2.831,2.832,2.8365,2.8395,2.836,2.837,16
2026-04-02 20:17:00,2.833,2.834,2.8315,2.832,2.838,2.839,2.8365,2.837,10
2026-04-02 20:18:00,2.8325,2.835,2.832,2.833,2.8375,2.84,2.837,2.838,13
2026-04-02 20:19:00,2.8325,2.835,2.8325,2.835,2.8375,2.84,2.8375,2.84,17
2026-04-02 20:20:00,2.834,2.835,2.8325,2.835,2.839,2.84,2.8375,2.84,14
2026-04-02 20:21:00,2.836,2.837,2.835,2.837,2.841,2.842,2.84,2.842,19
2026-04-02 20:22:00,2.838,2.843,2.838,2.843,2.843,2.848,2.843,2.848,26
2026-04-02 20:23:00,2.8425,2.844,2.841,2.844,2.8475,2.849,2.846,2.849,28
2026-04-02 20:24:00,2.843,2.844,2.841,2.843,2.848,2.849,2.846,2.848,26
2026-04-02 20:25:00,2.844,2.8485,2.841,2.8475,2.849,2.8535,2.846,2.8525,56
2026-04-02 20:26:00,2.848,2.849,2.846,2.847,2.853,2.854,2.851,2.852,31
2026-04-02 20:27:00,2.8475,2.853,2.8475,2.85,2.8525,2.858,2.8525,2.855,49
2026-04-02 20:28:00,2.8495,2.85,2.838,2.8405,2.8545,2.855,2.843,2.8455,182
2026-04-02 20:29:00,2.841,2.845,2.8395,2.8435,2.846,2.85,2.8445,2.8485,77
2026-04-02 20:30:00,2.8425,2.85,2.8425,2.85,2.8475,2.855,2.8475,2.855,50
2026-04-02 20:31:00,2.8505,2.851,2.849,2.85,2.8555,2.856,2.854,2.855,33
2026-04-02 20:32:00,2.8505,2.853,2.85,2.851,2.8555,2.858,2.855,2.856,28
2026-04-02 20:33:00,2.8505,2.8505,2.8475,2.848,2.8555,2.8555,2.8525,2.853,18
2026-04-02 20:34:00,2.8475,2.8475,2.845,2.8455,2.8525,2.8525,2.85,2.8505,12
2026-04-02 20:35:00,2.846,2.848,2.845,2.846,2.851,2.853,2.85,2.851,12
2026-04-02 20:36:00,2.847,2.849,2.847,2.848,2.852,2.854,2.852,2.853,12
2026-04-02 20:37:00,2.8485,2.849,2.848,2.849,2.8535,2.854,2.853,2.854,9
2026-04-02 20:38:00,2.848,2.85,2.848,2.848,2.853,2.855,2.853,2.853,8
2026-04-02 20:39:00,2.8475,2.8485,2.8465,2.8465,2.8525,2.8535,2.8515,2.8515,7
2026-04-02 20:40:00,2.846,2.846,2.842,2.842,2.851,2.851,2.847,2.847,17
2026-04-02 20:41:00,2.8425,2.843,2.841,2.842,2.8475,2.848,2.846,2.847,17
2026-04-02 20:42:00,2.8425,2.844,2.842,2.843,2.8475,2.849,2.847,2.848,6
2026-04-02 20:43:00,2.8425,2.843,2.842,2.843,2.8475,2.848,2.847,2.848,7
2026-04-02 20:44:00,2.8425,2.845,2.842,2.843,2.8475,2.85,2.847,2.848,14
2026-04-02 20:45:00,2.844,2.845,2.8425,2.843,2.849,2.85,2.8475,2.848,18
2026-04-02 20:46:00,2.8425,2.843,2.842,2.843,2.8475,2.848,2.847,2.848,6
2026-04-02 20:47:00,2.842,2.844,2.842,2.844,2.847,2.849,2.847,2.849,11
2026-04-02 20:48:00,2.845,2.849,2.844,2.847,2.85,2.854,2.849,2.852,12
2026-04-02 20:49:00,2.8465,2.847,2.846,2.846,2.8515,2.852,2.851,2.851,9
2026-04-02 20:50:00,2.847,2.848,2.847,2.8475,2.852,2.853,2.852,2.8525,15
2026-04-02 20:51:00,2.847,2.848,2.846,2.848,2.852,2.853,2.851,2.853,8
2026-04-02 20:52:00,2.847,2.848,2.845,2.846,2.852,2.853,2.85,2.851,20
2026-04-02 20:53:00,2.845,2.8465,2.845,2.846,2.85,2.8515,2.85,2.851,8
2026-04-02 20:54:00,2.845,2.8465,2.845,2.846,2.85,2.8515,2.85,2.851,9
2026-04-02 20:55:00,2.8465,2.848,2.846,2.846,2.8515,2.853,2.851,2.851,11
2026-04-02 20:56:00,2.845,2.846,2.843,2.845,2.85,2.851,2.848,2.85,16
2026-04-02 20:57:00,2.8455,2.846,2.843,2.845,2.8505,2.851,2.848,2.85,17
2026-04-02 20:58:00,2.846,2.846,2.844,2.844,2.851,2.851,2.849,2.849,10
2026-04-02 20:59:00,2.8435,2.845,2.8435,2.845,2.8485,2.85,2.8485,2.85,6
2026-04-02 21:00:00,2.8445,2.846,2.844,2.846,2.8495,2.851,2.849,2.851,12
2026-04-02 21:01:00,2.845,2.846,2.843,2.843,2.85,2.851,2.848,2.848,10
2026-04-02 21:02:00,2.8435,2.8435,2.84,2.841,2.8485,2.8485,2.845,2.846,29
2026-04-02 21:03:00,2.8415,2.842,2.838,2.839,2.8465,2.847,2.843,2.844,24
2026-04-02 21:04:00,2.84,2.842,2.84,2.84,2.845,2.847,2.845,2.845,6
2026-04-02 21:05:00,2.8405,2.8415,2.84,2.841,2.8455,2.8465,2.845,2.846,11
2026-04-02 21:06:00,2.8405,2.841,2.84,2.841,2.8455,2.846,2.845,2.846,3
2026-04-02 21:07:00,2.842,2.842,2.841,2.8415,2.847,2.847,2.846,2.8465,5
2026-04-02 21:08:00,2.841,2.843,2.8395,2.8405,2.846,2.848,2.8445,2.8455,21
2026-04-02 21:09:00,2.841,2.841,2.839,2.839,2.846,2.846,2.844,2.844,7
2026-04-02 21:10:00,2.8395,2.841,2.839,2.84,2.8445,2.846,2.844,2.845,10
2026-04-02 21:11:00,2.8405,2.842,2.84,2.841,2.8455,2.847,2.845,2.846,7
2026-04-02 21:12:00,2.842,2.842,2.841,2.841,2.847,2.847,2.846,2.846,8
2026-04-02 21:13:00,2.8415,2.843,2.8415,2.842,2.8465,2.848,2.8465,2.847,4
2026-04-02 21:14:00,2.843,2.843,2.842,2.8425,2.848,2.848,2.847,2.8475,10
2026-04-02 21:15:00,2.842,2.844,2.842,2.843,2.847,2.849,2.847,2.848,10
2026-04-02 21:16:00,2.8435,2.844,2.842,2.842,2.8485,2.849,2.847,2.847,8
2026-04-02 21:17:00,2.8415,2.8435,2.8415,2.8425,2.8465,2.8485,2.8465,2.8475,8
2026-04-02 21:18:00,2.843,2.8435,2.842,2.843,2.848,2.8485,2.847,2.848,9
2026-04-02 21:19:00,2.842,2.842,2.841,2.8415,2.847,2.847,2.846,2.8465,15
2026-04-02 21:20:00,2.842,2.843,2.842,2.843,2.847,2.848,2.847,2.848,10
2026-04-02 21:21:00,2.842,2.8425,2.842,2.842,2.847,2.8475,2.847,2.847,3
2026-04-02 21:22:00,2.8425,2.843,2.842,2.843,2.8475,2.848,2.847,2.848,5
2026-04-02 21:23:00,2.8425,2.844,2.842,2.842,2.8475,2.849,2.847,2.847,5
2026-04-02 21:24:00,2.8425,2.845,2.8425,2.844,2.8475,2.85,2.8475,2.849,7
2026-04-02 21:25:00,2.845,2.845,2.844,2.844,2.85,2.85,2.849,2.849,6
2026-04-02 21:26:00,2.8445,2.845,2.8445,2.845,2.8495,2.85,2.8495,2.85,2
2026-04-02 21:27:00,2.8455,2.848,2.845,2.846,2.8505,2.853,2.85,2.851,13
2026-04-02 21:28:00,2.8455,2.846,2.8455,2.846,2.8505,2.851,2.8505,2.851,4
2026-04-02 21:29:00,2.8465,2.847,2.846,2.846,2.8515,2.852,2.851,2.851,11
2026-04-02 21:30:00,2.8465,2.848,2.846,2.846,2.8515,2.853,2.851,2.851,17
2026-04-02 21:31:00,2.8465,2.8465,2.846,2.846,2.8515,2.8515,2.851,2.851,4
2026-04-02 21:32:00,2.8465,2.848,2.8465,2.847,2.8515,2.853,2.8515,2.852,8
2026-04-02 21:33:00,2.848,2.848,2.846,2.847,2.853,2.853,2.851,2.852,7
2026-04-02 21:34:00,2.8465,2.847,2.8465,2.847,2.8515,2.852,2.8515,2.852,2
2026-04-02 21:35:00,2.8475,2.848,2.847,2.8475,2.8525,2.853,2.852,2.8525,9
2026-04-02 21:36:00,2.848,2.848,2.847,2.8475,2.853,2.853,2.852,2.8525,14
2026-04-02 21:37:00,2.847,2.8475,2.846,2.847,2.852,2.8525,2.851,2.852,7
2026-04-02 21:38:00,2.8465,2.8465,2.845,2.8465,2.8515,2.8515,2.85,2.8515,13
2026-04-02 21:39:00,2.846,2.8465,2.846,2.846,2.851,2.8515,2.851,2.851,5
2026-04-02 21:40:00,2.8465,2.847,2.845,2.8455,2.8515,2.852,2.85,2.8505,8
2026-04-02 21:41:00,2.846,2.846,2.845,2.846,2.851,2.851,2.85,2.851,7
2026-04-02 21:42:00,2.845,2.846,2.845,2.845,2.85,2.851,2.85,2.85,10
2026-04-02 21:43:00,2.8455,2.8455,2.845,2.845,2.8505,2.8505,2.85,2.85,2
2026-04-02 21:44:00,2.8455,2.846,2.845,2.845,2.8505,2.851,2.85,2.85,5
2026-04-02 21:45:00,2.8455,2.8455,2.845,2.845,2.8505,2.8505,2.85,2.85,8
2026-04-02 21:46:00,2.846,2.846,2.845,2.845,2.851,2.851,2.85,2.85,6
2026-04-02 21:47:00,2.844,2.844,2.84,2.842,2.849,2.849,2.845,2.847,16
2026-04-02 21:48:00,2.8415,2.843,2.84,2.843,2.8465,2.848,2.845,2.848,27
2026-04-02 21:49:00,2.8425,2.843,2.841,2.843,2.8475,2.848,2.846,2.848,4
2026-04-02 21:50:00,2.8435,2.845,2.843,2.845,2.8485,2.85,2.848,2.85,7
2026-04-02 21:51:00,2.844,2.8445,2.8435,2.8435,2.849,2.8495,2.8485,2.8485,6
2026-04-02 21:52:00,2.844,2.844,2.843,2.844,2.849,2.849,2.848,2.849,4
2026-04-02 21:53:00,2.8435,2.844,2.842,2.844,2.8485,2.849,2.847,2.849,7
2026-04-02 21:54:00,2.8435,2.8435,2.8435,2.8435,2.8485,2.8485,2.8485,2.8485,1
2026-04-02 21:55:00,2.844,2.844,2.843,2.844,2.849,2.849,2.848,2.849,4
2026-04-02 21:56:00,2.8445,2.8445,2.842,2.8435,2.8495,2.8495,2.847,2.8485,15
2026-04-02 21:57:00,2.844,2.844,2.843,2.843,2.849,2.849,2.848,2.848,8
2026-04-02 21:59:00,2.844,2.844,2.842,2.8425,2.849,2.849,2.847,2.8475,14
2026-04-02 22:00:00,2.843,2.844,2.843,2.844,2.848,2.849,2.848,2.849,5
2026-04-02 22:03:00,2.845,2.845,2.844,2.844,2.85,2.85,2.849,2.849,3
2026-04-02 22:05:00,2.8445,2.845,2.844,2.8445,2.8495,2.85,2.849,2.8495,7
2026-04-02 22:06:00,2.845,2.847,2.8445,2.845,2.85,2.852,2.8495,2.85,10
2026-04-02 22:07:00,2.8445,2.846,2.843,2.846,2.8495,2.851,2.848,2.851,14
2026-04-02 22:08:00,2.847,2.847,2.845,2.845,2.852,2.852,2.85,2.85,11
2026-04-02 22:09:00,2.846,2.846,2.843,2.8435,2.851,2.851,2.848,2.8485,18
2026-04-02 22:10:00,2.844,2.845,2.8425,2.8425,2.849,2.85,2.8475,2.8475,8
2026-04-02 22:11:00,2.842,2.844,2.842,2.844,2.847,2.849,2.847,2.849,6
2026-04-02 22:12:00,2.845,2.8475,2.8435,2.847,2.85,2.8525,2.8485,2.852,22
2026-04-02 22:13:00,2.8465,2.847,2.846,2.846,2.8515,2.852,2.851,2.851,7
2026-04-02 22:14:00,2.8465,2.847,2.846,2.846,2.8515,2.852,2.851,2.851,3
2026-04-02 22:15:00,2.8455,2.846,2.8445,2.8445,2.8505,2.851,2.8495,2.8495,19
2026-04-02 22:16:00,2.845,2.8455,2.845,2.845,2.85,2.8505,2.85,2.85,7
2026-04-02 22:17:00,2.8455,2.849,2.845,2.848,2.8505,2.854,2.85,2.853,12
2026-04-02 22:18:00,2.8475,2.848,2.846,2.8475,2.8525,2.853,2.851,2.8525,12
2026-04-02 22:19:00,2.848,2.8485,2.846,2.846,2.853,2.8535,2.851,2.851,9
2026-04-02 22:20:00,2.8465,2.848,2.8465,2.848,2.8515,2.853,2.8515,2.853,5
2026-04-02 22:21:00,2.8475,2.848,2.8475,2.8475,2.8525,2.853,2.8525,2.8525,5
2026-04-02 22:22:00,2.847,2.848,2.847,2.848,2.852,2.853,2.852,2.853,3
2026-04-02 22:23:00,2.847,2.8485,2.847,2.848,2.852,2.8535,2.852,2.853,10
2026-04-02 22:24:00,2.8475,2.848,2.847,2.8475,2.8525,2.853,2.852,2.8525,6
2026-04-02 22:25:00,2.848,2.848,2.846,2.8475,2.853,2.853,2.851,2.8525,11
2026-04-02 22:26:00,2.848,2.85,2.8475,2.85,2.853,2.855,2.8525,2.855,14
2026-04-02 22:27:00,2.8495,2.85,2.8495,2.85,2.8545,2.855,2.8545,2.855,2
2026-04-02 22:28:00,2.8495,2.8515,2.849,2.851,2.8545,2.8565,2.854,2.856,9
2026-04-02 22:29:00,2.8515,2.8515,2.8485,2.85,2.8565,2.8565,2.8535,2.855,7
2026-04-02 22:30:00,2.8505,2.851,2.8495,2.8505,2.8555,2.856,2.8545,2.8555,8
2026-04-02 22:31:00,2.85,2.851,2.85,2.851,2.855,2.856,2.855,2.856,5
2026-04-02 22:32:00,2.852,2.852,2.848,2.849,2.857,2.857,2.853,2.854,12
2026-04-02 22:33:00,2.8485,2.849,2.8475,2.849,2.8535,2.854,2.8525,2.854,13
2026-04-02 22:34:00,2.8485,2.849,2.846,2.848,2.8535,2.854,2.851,2.853,7
2026-04-02 22:35:00,2.8485,2.85,2.8485,2.85,2.8535,2.855,2.8535,2.855,9
2026-04-02 22:36:00,2.8505,2.852,2.85,2.85,2.8555,2.857,2.855,2.855,11
2026-04-02 22:37:00,2.851,2.851,2.85,2.85,2.856,2.856,2.855,2.855,17
2026-04-02 22:39:00,2.8505,2.851,2.849,2.85,2.8555,2.856,2.854,2.855,7
2026-04-02 22:40:00,2.851,2.852,2.85,2.8515,2.856,2.857,2.855,2.8565,10
2026-04-02 22:41:00,2.852,2.852,2.851,2.8515,2.857,2.857,2.856,2.8565,11
2026-04-02 22:42:00,2.851,2.852,2.851,2.851,2.856,2.857,2.856,2.856,7
2026-04-02 22:45:00,2.8505,2.8505,2.847,2.8475,2.8555,2.8555,2.852,2.8525,27
2026-04-02 22:46:00,2.848,2.848,2.846,2.846,2.853,2.853,2.851,2.851,7
2026-04-02 22:47:00,2.847,2.8475,2.845,2.8455,2.852,2.8525,2.85,2.8505,6
2026-04-02 22:48:00,2.846,2.847,2.846,2.846,2.851,2.852,2.851,2.851,4
2026-04-02 22:49:00,2.8465,2.849,2.846,2.8475,2.8515,2.854,2.851,2.8525,21
2026-04-02 22:50:00,2.848,2.848,2.847,2.8475,2.853,2.853,2.852,2.8525,5
2026-04-02 22:51:00,2.848,2.8505,2.848,2.85,2.853,2.8555,2.853,2.855,8
2026-04-02 22:52:00,2.8495,2.85,2.848,2.849,2.8545,2.855,2.853,2.854,8
2026-04-02 22:53:00,2.8485,2.849,2.847,2.847,2.8535,2.854,2.852,2.852,8
2026-04-02 22:54:00,2.8475,2.849,2.8475,2.849,2.8525,2.854,2.8525,2.854,11
2026-04-02 22:55:00,2.848,2.848,2.848,2.848,2.853,2.853,2.853,2.853,1
2026-04-02 22:56:00,2.8475,2.8475,2.8475,2.8475,2.8525,2.8525,2.8525,2.8525,1
2026-04-02 22:57:00,2.848,2.85,2.848,2.85,2.853,2.855,2.853,2.855,5
2026-04-02 22:58:00,2.8495,2.851,2.849,2.851,2.8545,2.856,2.854,2.856,15
2026-04-02 22:59:00,2.8505,2.8549,2.848,2.8544,2.8555,2.8599,2.853,2.8594,17
2026-04-06 00:00:00,2.892,2.892,2.873,2.8765,2.897,2.897,2.878,2.8815,113
2026-04-06 00:01:00,2.876,2.8905,2.875,2.8905,2.881,2.8955,2.88,2.8955,49
2026-04-06 00:02:00,2.892,2.895,2.8915,2.8915,2.897,2.9,2.8965,2.8965,17
2026-04-06 00:03:00,2.893,2.8945,2.8905,2.8905,2.898,2.8995,2.8955,2.8955,22
2026-04-06 00:04:00,2.8915,2.895,2.89,2.894,2.8965,2.9,2.895,2.899,19
2026-04-06 00:05:00,2.895,2.895,2.888,2.891,2.9,2.9,2.893,2.896,25
2026-04-06 00:06:00,2.8905,2.8915,2.889,2.8895,2.8955,2.8965,2.894,2.8945,9
2026-04-06 00:07:00,2.8905,2.892,2.89,2.892,2.8955,2.897,2.895,2.897,6
2026-04-06 00:08:00,2.893,2.906,2.8925,2.9045,2.898,2.911,2.8975,2.9095,33
2026-04-06 00:09:00,2.9055,2.9085,2.9005,2.901,2.9105,2.9135,2.9055,2.906,26
2026-04-06 00:10:00,2.9015,2.9105,2.9015,2.909,2.9065,2.9155,2.9065,2.914,18
2026-04-06 00:11:00,2.9085,2.9085,2.902,2.904,2.9135,2.9135,2.907,2.909,26
2026-04-06 00:12:00,2.9035,2.9045,2.9,2.9,2.9085,2.9095,2.905,2.905,14
2026-04-06 00:13:00,2.8995,2.903,2.897,2.9,2.9045,2.908,2.902,2.905,20
2026-04-06 00:14:00,2.9005,2.9005,2.891,2.8925,2.9055,2.9055,2.896,2.8975,22
2026-04-06 00:15:00,2.892,2.893,2.891,2.8925,2.897,2.898,2.896,2.8975,9
2026-04-06 00:16:00,2.892,2.892,2.881,2.8825,2.897,2.897,2.886,2.8875,16
2026-04-06 00:17:00,2.883,2.8835,2.882,2.883,2.888,2.8885,2.887,2.888,8
2026-04-06 00:18:00,2.8835,2.886,2.8835,2.8845,2.8885,2.891,2.8885,2.8895,7
2026-04-06 00:19:00,2.885,2.8865,2.885,2.886,2.89,2.8915,2.89,2.891,4
2026-04-06 00:20:00,2.8865,2.889,2.8865,2.8875,2.8915,2.894,2.8915,2.8925,11
2026-04-06 00:21:00,2.887,2.887,2.879,2.879,2.892,2.892,2.884,2.884,7
2026-04-06 00:22:00,2.878,2.878,2.8755,2.8755,2.883,2.883,2.8805,2.8805,4
2026-04-06 00:23:00,2.876,2.879,2.876,2.879,2.881,2.884,2.881,2.884,10
2026-04-06 00:24:00,2.8785,2.879,2.8785,2.879,2.8835,2.884,2.8835,2.884,2
2026-04-06 00:25:00,2.8795,2.8805,2.875,2.8765,2.8845,2.8855,2.88,2.8815,11
2026-04-06 00:26:00,2.876,2.8765,2.8755,2.8755,2.881,2.8815,2.8805,2.8805,4
2026-04-06 00:27:00,2.8745,2.877,2.8745,2.8765,2.8795,2.882,2.8795,2.8815,5
2026-04-06 00:28:00,2.877,2.877,2.875,2.875,2.882,2.882,2.88,2.88,5
2026-04-06 00:29:00,2.874,2.8765,2.8735,2.8745,2.879,2.8815,2.8785,2.8795,6
2026-04-06 00:30:00,2.875,2.875,2.8745,2.8745,2.88,2.88,2.8795,2.8795,2
2026-04-06 00:31:00,2.875,2.8765,2.8735,2.874,2.88,2.8815,2.8785,2.879,10
2026-04-06 00:32:00,2.873,2.873,2.872,2.873,2.878,2.878,2.877,2.878,4
2026-04-06 00:33:00,2.8735,2.875,2.8735,2.875,2.8785,2.88,2.8785,2.88,6
2026-04-06 00:34:00,2.8755,2.8765,2.8745,2.876,2.8805,2.8815,2.8795,2.881,13
2026-04-06 00:35:00,2.8755,2.8755,2.8755,2.8755,2.8805,2.8805,2.8805,2.8805,1
2026-04-06 00:36:00,2.876,2.8765,2.876,2.8765,2.881,2.8815,2.881,2.8815,2
2026-04-06 00:37:00,2.8755,2.8755,2.8745,2.8745,2.8805,2.8805,2.8795,2.8795,2
2026-04-06 00:38:00,2.875,2.8765,2.875,2.8765,2.88,2.8815,2.88,2.8815,7
2026-04-06 00:39:00,2.876,2.882,2.876,2.879,2.881,2.887,2.881,2.884,16
2026-04-06 00:40:00,2.8785,2.8825,2.877,2.8815,2.8835,2.8875,2.882,2.8865,8
2026-04-06 00:41:00,2.882,2.8845,2.881,2.882,2.887,2.8895,2.886,2.887,15
2026-04-06 00:42:00,2.883,2.886,2.883,2.886,2.888,2.891,2.888,2.891,6
2026-04-06 00:43:00,2.8855,2.902,2.8855,2.902,2.8905,2.907,2.8905,2.907,19
2026-04-06 00:44:00,2.9015,2.9015,2.8985,2.899,2.9065,2.9065,2.9035,2.904,8
2026-04-06 00:45:00,2.8985,2.9,2.897,2.898,2.9035,2.905,2.902,2.903,10
2026-04-06 00:46:00,2.8975,2.8975,2.8915,2.8925,2.9025,2.9025,2.8965,2.8975,14
2026-04-06 00:47:00,2.8915,2.8915,2.888,2.8885,2.8965,2.8965,2.893,2.8935,8
2026-04-06 00:48:00,2.8895,2.8925,2.8895,2.8925,2.8945,2.8975,2.8945,2.8975,5
2026-04-06 00:49:00,2.8935,2.896,2.8935,2.8945,2.8985,2.901,2.8985,2.8995,9
2026-04-06 00:50:00,2.8925,2.893,2.8915,2.8915,2.8975,2.898,2.8965,2.8965,5
2026-04-06 00:51:00,2.891,2.8985,2.891,2.897,2.896,2.9035,2.896,2.902,11
2026-04-06 00:52:00,2.898,2.899,2.8975,2.8985,2.903,2.904,2.9025,2.9035,7
2026-04-06 00:53:00,2.898,2.899,2.898,2.8985,2.903,2.904,2.903,2.9035,3
2026-04-06 00:54:00,2.898,2.898,2.896,2.8975,2.903,2.903,2.901,2.9025,10
2026-04-06 00:55:00,2.897,2.898,2.897,2.8975,2.902,2.903,2.902,2.9025,6
2026-04-06 00:56:00,2.897,2.897,2.8955,2.897,2.902,2.902,2.9005,2.902,5
2026-04-06 00:57:00,2.895,2.8965,2.894,2.8945,2.9,2.9015,2.899,2.8995,13
2026-04-06 00:58:00,2.894,2.8965,2.894,2.895,2.899,2.9015,2.899,2.9,11
2026-04-06 00:59:00,2.8955,2.897,2.8955,2.897,2.9005,2.902,2.9005,2.902,5
2026-04-06 01:00:00,2.8975,2.899,2.8975,2.8985,2.9025,2.904,2.9025,2.9035,7
2026-04-06 01:01:00,2.899,2.8995,2.898,2.8985,2.904,2.9045,2.903,2.9035,4
2026-04-06 01:02:00,2.899,2.9035,2.899,2.903,2.904,2.9085,2.904,2.908,10
2026-04-06 01:03:00,2.904,2.9065,2.9035,2.905,2.909,2.9115,2.9085,2.91,23
2026-04-06 01:04:00,2.9055,2.9055,2.904,2.904,2.9105,2.9105,2.909,2.909,6
2026-04-06 01:05:00,2.905,2.9075,2.903,2.906,2.91,2.9125,2.908,2.911,10
2026-04-06 01:06:00,2.9055,2.9065,2.905,2.906,2.9105,2.9115,2.91,2.911,5
2026-04-06 01:07:00,2.9065,2.908,2.906,2.9075,2.9115,2.913,2.911,2.9125,9
2026-04-06 01:08:00,2.9065,2.9065,2.906,2.906,2.9115,2.9115,2.911,2.911,2
2026-04-06 01:09:00,2.9065,2.911,2.906,2.9095,2.9115,2.916,2.911,2.9145,17
2026-04-06 01:10:00,2.91,2.91,2.906,2.9075,2.915,2.915,2.911,2.9125,12
2026-04-06 01:11:00,2.906,2.906,2.905,2.905,2.911,2.911,2.91,2.91,3
2026-04-06 01:12:00,2.9055,2.9075,2.9055,2.907,2.9105,2.9125,2.9105,2.912,6
2026-04-06 01:13:00,2.9075,2.909,2.9075,2.9075,2.9125,2.914,2.9125,2.9125,5
2026-04-06 01:15:00,2.907,2.907,2.906,2.906,2.912,2.912,2.911,2.911,3
2026-04-06 01:16:00,2.907,2.9075,2.9065,2.907,2.912,2.9125,2.9115,2.912,4
2026-04-06 01:17:00,2.9065,2.9065,2.905,2.905,2.9115,2.9115,2.91,2.91,3
2026-04-06 01:18:00,2.9055,2.9075,2.905,2.9075,2.9105,2.9125,2.91,2.9125,11
2026-04-06 01:19:00,2.906,2.9075,2.9055,2.9075,2.911,2.9125,2.9105,2.9125,4
2026-04-06 01:20:00,2.907,2.9075,2.907,2.9075,2.912,2.9125,2.912,2.9125,4
2026-04-06 01:21:00,2.908,2.91,2.9075,2.91,2.913,2.915,2.9125,2.915,8
2026-04-06 01:22:00,2.9095,2.9095,2.9095,2.9095,2.9145,2.9145,2.9145,2.9145,1
2026-04-06 01:23:00,2.9085,2.9085,2.908,2.908,2.9135,2.9135,2.913,2.913,2
2026-04-06 01:24:00,2.9085,2.9085,2.907,2.907,2.9135,2.9135,2.912,2.912,5
2026-04-06 01:25:00,2.9065,2.9065,2.902,2.903,2.9115,2.9115,2.907,2.908,11
2026-04-06 01:26:00,2.9035,2.9035,2.902,2.903,2.9085,2.9085,2.907,2.908,6
2026-04-06 01:27:00,2.9025,2.9065,2.9025,2.9065,2.9075,2.9115,2.9075,2.9115,5
2026-04-06 01:28:00,2.9055,2.9055,2.9055,2.9055,2.9105,2.9105,2.9105,2.9105,1
2026-04-06 01:29:00,2.906,2.907,2.906,2.907,2.911,2.912,2.911,2.912,7
2026-04-06 01:30:00,2.9065,2.907,2.9045,2.9045,2.9115,2.912,2.9095,2.9095,6
2026-04-06 01:31:00,2.904,2.906,2.904,2.905,2.909,2.911,2.909,2.91,8
2026-04-06 01:32:00,2.9055,2.9055,2.902,2.904,2.9105,2.9105,2.907,2.909,6
2026-04-06 01:33:00,2.906,2.906,2.9045,2.9045,2.911,2.911,2.9095,2.9095,5
2026-04-06 01:34:00,2.904,2.904,2.9035,2.9035,2.909,2.909,2.9085,2.9085,2
2026-04-06 01:35:00,2.903,2.9035,2.902,2.9035,2.908,2.9085,2.907,2.9085,3
2026-04-06 01:36:00,2.904,2.906,2.904,2.906,2.909,2.911,2.909,2.911,5
2026-04-06 01:37:00,2.9065,2.907,2.903,2.905,2.9115,2.912,2.908,2.91,5
2026-04-06 01:38:00,2.904,2.9065,2.904,2.9065,2.909,2.9115,2.909,2.9115,5
2026-04-06 01:39:00,2.9055,2.9055,2.904,2.904,2.9105,2.9105,2.909,2.909,5
2026-04-06 01:40:00,2.902,2.905,2.9015,2.9015,2.907,2.91,2.9065,2.9065,9
2026-04-06 01:41:00,2.902,2.902,2.902,2.902,2.907,2.907,2.907,2.907,1
2026-04-06 01:42:00,2.9015,2.903,2.9015,2.903,2.9065,2.908,2.9065,2.908,3
2026-04-06 01:43:00,2.9055,2.906,2.9055,2.9055,2.9105,2.911,2.9105,2.9105,3
2026-04-06 01:44:00,2.9065,2.9075,2.9065,2.9075,2.9115,2.9125,2.9115,2.9125,2
2026-04-06 01:45:00,2.907,2.907,2.9045,2.9045,2.912,2.912,2.9095,2.9095,4
2026-04-06 01:46:00,2.904,2.907,2.904,2.907,2.909,2.912,2.909,2.912,3
2026-04-06 01:47:00,2.9065,2.9065,2.9065,2.9065,2.9115,2.9115,2.9115,2.9115,1
2026-04-06 01:48:00,2.906,2.908,2.906,2.9075,2.911,2.913,2.911,2.9125,6
2026-04-06 01:49:00,2.907,2.907,2.903,2.905,2.912,2.912,2.908,2.91,9
2026-04-06 01:51:00,2.906,2.906,2.905,2.9055,2.911,2.911,2.91,2.9105,3
2026-04-06 01:55:00,2.906,2.906,2.9055,2.9055,2.911,2.911,2.9105,2.9105,2
2026-04-06 01:57:00,2.905,2.9055,2.905,2.9055,2.91,2.9105,2.91,2.9105,2
2026-04-06 01:59:00,2.9065,2.9065,2.9055,2.9055,2.9115,2.9115,2.9105,2.9105,2
2026-04-06 02:00:00,2.905,2.9055,2.902,2.902,2.91,2.9105,2.907,2.907,15
2026-04-06 02:01:00,2.9025,2.9025,2.9,2.9015,2.9075,2.9075,2.905,2.9065,15
2026-04-06 02:03:00,2.9025,2.9025,2.9005,2.901,2.9075,2.9075,2.9055,2.906,9
2026-04-06 02:04:00,2.9,2.9005,2.8985,2.8995,2.905,2.9055,2.9035,2.9045,13
2026-04-06 02:05:00,2.9,2.9015,2.899,2.9,2.905,2.9065,2.904,2.905,14
2026-04-06 02:06:00,2.9005,2.9025,2.899,2.899,2.9055,2.9075,2.904,2.904,11
2026-04-06 02:07:00,2.8995,2.9015,2.899,2.899,2.9045,2.9065,2.904,2.904,8
2026-04-06 02:08:00,2.898,2.899,2.896,2.898,2.903,2.904,2.901,2.903,12
2026-04-06 02:09:00,2.8985,2.899,2.8975,2.898,2.9035,2.904,2.9025,2.903,7
2026-04-06 02:10:00,2.8975,2.8985,2.897,2.8975,2.9025,2.9035,2.902,2.9025,9
2026-04-06 02:11:00,2.8985,2.903,2.8985,2.9015,2.9035,2.908,2.9035,2.9065,21
2026-04-06 02:12:00,2.902,2.903,2.902,2.9025,2.907,2.908,2.907,2.9075,3
2026-04-06 02:13:00,2.902,2.904,2.902,2.9035,2.907,2.909,2.907,2.9085,5
2026-04-06 02:14:00,2.904,2.904,2.9025,2.903,2.909,2.909,2.9075,2.908,9
2026-04-06 02:15:00,2.9025,2.9045,2.9025,2.903,2.9075,2.9095,2.9075,2.908,5
2026-04-06 02:16:00,2.9035,2.9045,2.901,2.902,2.9085,2.9095,2.906,2.907,15
2026-04-06 02:17:00,2.9025,2.903,2.9025,2.903,2.9075,2.908,2.9075,2.908,2
2026-04-06 02:18:00,2.904,2.9045,2.903,2.903,2.909,2.9095,2.908,2.908,6
2026-04-06 02:19:00,2.9035,2.905,2.9035,2.9045,2.9085,2.91,2.9085,2.9095,5
2026-04-06 02:20:00,2.904,2.9045,2.903,2.9045,2.909,2.9095,2.908,2.9095,5
2026-04-06 02:21:00,2.904,2.904,2.902,2.9035,2.909,2.909,2.907,2.9085,9
2026-04-06 02:22:00,2.903,2.9045,2.902,2.903,2.908,2.9095,2.907,2.908,17
2026-04-06 02:23:00,2.9045,2.9045,2.901,2.902,2.9095,2.9095,2.906,2.907,10
2026-04-06 02:24:00,2.9025,2.905,2.9025,2.905,2.9075,2.91,2.9075,2.91,17
2026-04-06 02:25:00,2.9045,2.9045,2.902,2.902,2.9095,2.9095,2.907,2.907,5
2026-04-06 02:26:00,2.9025,2.903,2.901,2.901,2.9075,2.908,2.906,2.906,5
2026-04-06 02:27:00,2.902,2.904,2.902,2.904,2.907,2.909,2.907,2.909,6
2026-04-06 02:28:00,2.9045,2.9045,2.903,2.9035,2.9095,2.9095,2.908,2.9085,6
2026-04-06 02:29:00,2.904,2.905,2.903,2.9035,2.909,2.91,2.908,2.9085,11
2026-04-06 02:30:00,2.903,2.9035,2.902,2.903,2.908,2.9085,2.907,2.908,10
2026-04-06 02:31:00,2.904,2.906,2.904,2.905,2.909,2.911,2.909,2.91,16
2026-04-06 02:32:00,2.9055,2.906,2.9055,2.9055,2.9105,2.911,2.9105,2.9105,3
2026-04-06 02:33:00,2.906,2.906,2.905,2.9055,2.911,2.911,2.91,2.9105,6
2026-04-06 02:34:00,2.906,2.906,2.905,2.9055,2.911,2.911,2.91,2.9105,3
2026-04-06 02:35:00,2.906,2.906,2.905,2.9055,2.911,2.911,2.91,2.9105,3
2026-04-06 02:36:00,2.905,2.905,2.905,2.905,2.91,2.91,2.91,2.91,1
2026-04-06 02:37:00,2.906,2.906,2.9055,2.906,2.911,2.911,2.9105,2.911,3
2026-04-06 02:38:00,2.9055,2.906,2.9055,2.9055,2.9105,2.911,2.9105,2.9105,3
2026-04-06 02:39:00,2.906,2.906,2.9055,2.9055,2.911,2.911,2.9105,2.9105,4
2026-04-06 02:40:00,2.905,2.9055,2.905,2.9055,2.91,2.9105,2.91,2.9105,2
2026-04-06 02:41:00,2.906,2.906,2.9025,2.9035,2.911,2.911,2.9075,2.9085,8
2026-04-06 02:42:00,2.904,2.906,2.904,2.905,2.909,2.911,2.909,2.91,7
2026-04-06 02:43:00,2.9045,2.9045,2.9015,2.9025,2.9095,2.9095,2.9065,2.9075,8
2026-04-06 02:44:00,2.903,2.904,2.903,2.903,2.908,2.909,2.908,2.908,3
2026-04-06 02:45:00,2.9025,2.9025,2.9015,2.9015,2.9075,2.9075,2.9065,2.9065,3
2026-04-06 02:46:00,2.902,2.903,2.902,2.902,2.907,2.908,2.907,2.907,4
2026-04-06 02:47:00,2.9025,2.903,2.9025,2.903,2.9075,2.908,2.9075,2.908,2
2026-04-06 02:48:00,2.9025,2.9025,2.9025,2.9025,2.9075,2.9075,2.9075,2.9075,1
2026-04-06 02:49:00,2.903,2.903,2.9025,2.9025,2.908,2.908,2.9075,2.9075,2
2026-04-06 02:50:00,2.902,2.9025,2.9015,2.9015,2.907,2.9075,2.9065,2.9065,4
2026-04-06 02:51:00,2.902,2.9025,2.9,2.9,2.907,2.9075,2.905,2.905,12
2026-04-06 02:53:00,2.901,2.901,2.9,2.9,2.906,2.906,2.905,2.905,4
2026-04-06 02:54:00,2.9005,2.903,2.9,2.9,2.9055,2.908,2.905,2.905,8
2026-04-06 02:55:00,2.899,2.9,2.899,2.899,2.904,2.905,2.904,2.904,3
2026-04-06 02:56:00,2.8985,2.899,2.8985,2.899,2.9035,2.904,2.9035,2.904,2
2026-04-06 02:57:00,2.8995,2.9,2.8995,2.9,2.9045,2.905,2.9045,2.905,2
2026-04-06 02:59:00,2.9005,2.901,2.9005,2.9005,2.9055,2.906,2.9055,2.9055,3
2026-04-06 03:00:00,2.901,2.903,2.901,2.903,2.906,2.908,2.906,2.908,4
2026-04-06 03:01:00,2.9035,2.904,2.903,2.904,2.9085,2.909,2.908,2.909,4
2026-04-06 03:03:00,2.901,2.903,2.901,2.902,2.906,2.908,2.906,2.907,5
2026-04-06 03:05:00,2.9005,2.9015,2.9005,2.901,2.9055,2.9065,2.9055,2.906,4
2026-04-06 03:06:00,2.9015,2.9015,2.901,2.9015,2.9065,2.9065,2.906,2.9065,3
2026-04-06 03:07:00,2.901,2.901,2.9,2.901,2.906,2.906,2.905,2.906,4
2026-04-06 03:08:00,2.9015,2.9015,2.9005,2.9005,2.9065,2.9065,2.9055,2.9055,5
2026-04-06 03:13:00,2.9,2.9,2.9,2.9,2.905,2.905,2.905,2.905,1
2026-04-06 03:14:00,2.9005,2.9015,2.9005,2.901,2.9055,2.9065,2.9055,2.906,4
2026-04-06 03:15:00,2.9015,2.9025,2.9,2.9025,2.9065,2.9075,2.905,2.9075,12
2026-04-06 03:16:00,2.902,2.902,2.9005,2.901,2.907,2.907,2.9055,2.906,20
2026-04-06 03:17:00,2.9005,2.901,2.9005,2.9005,2.9055,2.906,2.9055,2.9055,23
2026-04-06 03:18:00,2.9,2.9015,2.9,2.9015,2.905,2.9065,2.905,2.9065,6
2026-04-06 03:19:00,2.901,2.903,2.901,2.9025,2.906,2.908,2.906,2.9075,7
2026-04-06 03:20:00,2.902,2.902,2.9015,2.902,2.907,2.907,2.9065,2.907,3
2026-04-06 03:22:00,2.9015,2.902,2.9015,2.902,2.9065,2.907,2.9065,2.907,2
2026-04-06 03:23:00,2.9025,2.9025,2.9025,2.9025,2.9075,2.9075,2.9075,2.9075,1
2026-04-06 03:25:00,2.903,2.903,2.902,2.9025,2.908,2.908,2.907,2.9075,6
2026-04-06 03:26:00,2.902,2.9025,2.9015,2.9015,2.907,2.9075,2.9065,2.9065,19
2026-04-06 03:27:00,2.901,2.902,2.901,2.902,2.906,2.907,2.906,2.907,3
2026-04-06 03:28:00,2.9025,2.9025,2.897,2.8975,2.9075,2.9075,2.902,2.9025,15
2026-04-06 03:29:00,2.8985,2.899,2.8985,2.8985,2.9035,2.904,2.9035,2.9035,3
2026-04-06 03:30:00,2.899,2.8995,2.8985,2.8985,2.904,2.9045,2.9035,2.9035,6
2026-04-06 03:31:00,2.8975,2.898,2.8975,2.8975,2.9025,2.903,2.9025,2.9025,3
2026-04-06 03:32:00,2.898,2.898,2.8975,2.8975,2.903,2.903,2.9025,2.9025,2
2026-04-06 03:34:00,2.8985,2.8985,2.8985,2.8985,2.9035,2.9035,2.9035,2.9035,1
2026-04-06 03:35:00,2.898,2.899,2.898,2.8985,2.903,2.904,2.903,2.9035,4
2026-04-06 03:36:00,2.898,2.8985,2.898,2.8985,2.903,2.9035,2.903,2.9035,2
2026-04-06 03:37:00,2.898,2.9005,2.898,2.9005,2.903,2.9055,2.903,2.9055,4
2026-04-06 03:38:00,2.9,2.9015,2.9,2.901,2.905,2.9065,2.905,2.906,7
2026-04-06 03:39:00,2.9025,2.903,2.9025,2.903,2.9075,2.908,2.9075,2.908,2
2026-04-06 03:40:00,2.902,2.9025,2.902,2.9025,2.907,2.9075,2.907,2.9075,2
2026-04-06 03:41:00,2.903,2.905,2.903,2.904,2.908,2.91,2.908,2.909,13
2026-04-06 03:43:00,2.9045,2.9045,2.9045,2.9045,2.9095,2.9095,2.9095,2.9095,1
2026-04-06 03:44:00,2.904,2.905,2.904,2.905,2.909,2.91,2.909,2.91,2
2026-04-06 03:45:00,2.906,2.906,2.905,2.905,2.911,2.911,2.91,2.91,14
2026-04-06 03:48:00,2.9055,2.9055,2.9055,2.9055,2.9105,2.9105,2.9105,2.9105,1
2026-04-06 03:50:00,2.906,2.9065,2.905,2.9055,2.911,2.9115,2.91,2.9105,16
2026-04-06 03:51:00,2.905,2.905,2.904,2.905,2.91,2.91,2.909,2.91,3
2026-04-06 03:52:00,2.9055,2.9055,2.9055,2.9055,2.9105,2.9105,2.9105,2.9105,1
2026-04-06 03:57:00,2.905,2.9055,2.905,2.9055,2.91,2.9105,2.91,2.9105,2
2026-04-06 04:00:00,2.905,2.9055,2.9025,2.9035,2.91,2.9105,2.9075,2.9085,14
2026-04-06 04:01:00,2.9045,2.9055,2.9045,2.9055,2.9095,2.9105,2.9095,2.9105,5
2026-04-06 04:03:00,2.904,2.906,2.904,2.9055,2.909,2.911,2.909,2.9105,4
2026-04-06 04:04:00,2.905,2.905,2.905,2.905,2.91,2.91,2.91,2.91,1
2026-04-06 04:05:00,2.904,2.904,2.9035,2.904,2.909,2.909,2.9085,2.909,3
2026-04-06 04:06:00,2.9035,2.9035,2.902,2.902,2.9085,2.9085,2.907,2.907,18
2026-04-06 04:07:00,2.9025,2.905,2.902,2.904,2.9075,2.91,2.907,2.909,14
2026-04-06 04:08:00,2.9045,2.905,2.9035,2.9045,2.9095,2.91,2.9085,2.9095,47
2026-04-06 04:09:00,2.9055,2.9055,2.9055,2.9055,2.9105,2.9105,2.9105,2.9105,1
2026-04-06 04:10:00,2.906,2.906,2.9045,2.9045,2.911,2.911,2.9095,2.9095,5
2026-04-06 04:13:00,2.905,2.9055,2.905,2.9055,2.91,2.9105,2.91,2.9105,2
2026-04-06 04:14:00,2.905,2.905,2.905,2.905,2.91,2.91,2.91,2.91,1
2026-04-06 04:15:00,2.9055,2.9055,2.905,2.905,2.9105,2.9105,2.91,2.91,2
2026-04-06 04:16:00,2.9045,2.905,2.9045,2.9045,2.9095,2.91,2.9095,2.9095,3
2026-04-06 04:17:00,2.9055,2.9055,2.9055,2.9055,2.9105,2.9105,2.9105,2.9105,1
2026-04-06 04:18:00,2.906,2.906,2.9055,2.9055,2.911,2.911,2.9105,2.9105,2
2026-04-06 04:19:00,2.906,2.906,2.9035,2.9035,2.911,2.911,2.9085,2.9085,15
2026-04-06 04:20:00,2.904,2.9045,2.901,2.901,2.909,2.9095,2.906,2.906,17
2026-04-06 04:21:00,2.9015,2.9035,2.901,2.9015,2.9065,2.9085,2.906,2.9065,16
2026-04-06 04:22:00,2.901,2.9025,2.8985,2.8985,2.906,2.9075,2.9035,2.9035,11
2026-04-06 04:23:00,2.8995,2.901,2.8985,2.9005,2.9045,2.906,2.9035,2.9055,20
2026-04-06 04:24:00,2.9,2.9015,2.8995,2.9005,2.905,2.9065,2.9045,2.9055,11
2026-04-06 04:25:00,2.8995,2.9005,2.8995,2.9005,2.9045,2.9055,2.9045,2.9055,11
2026-04-06 04:26:00,2.9,2.9005,2.899,2.899,2.905,2.9055,2.904,2.904,15
2026-04-06 04:27:00,2.898,2.8985,2.897,2.8975,2.903,2.9035,2.902,2.9025,10
2026-04-06 04:28:00,2.8985,2.899,2.8975,2.8985,2.9035,2.904,2.9025,2.9035,8
2026-04-06 04:29:00,2.899,2.899,2.8985,2.899,2.904,2.904,2.9035,2.904,5
2026-04-06 04:30:00,2.8995,2.9,2.899,2.9,2.9045,2.905,2.904,2.905,8
2026-04-06 04:32:00,2.901,2.903,2.901,2.903,2.906,2.908,2.906,2.908,3
2026-04-06 04:33:00,2.902,2.904,2.902,2.904,2.907,2.909,2.907,2.909,4
2026-04-06 04:34:00,2.9035,2.904,2.9025,2.9035,2.9085,2.909,2.9075,2.9085,5
2026-04-06 04:36:00,2.904,2.904,2.904,2.904,2.909,2.909,2.909,2.909,1
2026-04-06 04:37:00,2.9035,2.906,2.9035,2.9055,2.9085,2.911,2.9085,2.9105,7
2026-04-06 04:38:00,2.906,2.906,2.9055,2.9055,2.911,2.911,2.9105,2.9105,4
2026-04-06 04:39:00,2.906,2.906,2.9055,2.9055,2.911,2.911,2.9105,2.9105,2
2026-04-06 04:42:00,2.905,2.9055,2.905,2.9055,2.91,2.9105,2.91,2.9105,2
2026-04-06 04:45:00,2.906,2.907,2.9055,2.906,2.911,2.912,2.9105,2.911,4
2026-04-06 04:46:00,2.9065,2.907,2.905,2.9055,2.9115,2.912,2.91,2.9105,6
2026-04-06 04:47:00,2.905,2.9055,2.9035,2.9045,2.91,2.9105,2.9085,2.9095,13
2026-04-06 04:48:00,2.905,2.9135,2.904,2.9115,2.91,2.9185,2.909,2.9165,25
2026-04-06 04:49:00,2.912,2.912,2.911,2.9115,2.917,2.917,2.916,2.9165,6
2026-04-06 04:50:00,2.911,2.9115,2.911,2.9115,2.916,2.9165,2.916,2.9165,2
2026-04-06 04:51:00,2.911,2.912,2.91,2.9105,2.916,2.917,2.915,2.9155,7
2026-04-06 04:52:00,2.911,2.9115,2.911,2.9115,2.916,2.9165,2.916,2.9165,2
2026-04-06 04:53:00,2.912,2.912,2.912,2.912,2.917,2.917,2.917,2.917,1
2026-04-06 04:54:00,2.9115,2.9115,2.9105,2.9105,2.9165,2.9165,2.9155,2.9155,3
2026-04-06 04:55:00,2.911,2.9115,2.911,2.911,2.916,2.9165,2.916,2.916,3
2026-04-06 04:56:00,2.9115,2.9115,2.9105,2.9115,2.9165,2.9165,2.9155,2.9165,6
2026-04-06 04:58:00,2.9105,2.9105,2.9105,2.9105,2.9155,2.9155,2.9155,2.9155,1
2026-04-06 04:59:00,2.91,2.911,2.909,2.911,2.915,2.916,2.914,2.916,8
2026-04-06 05:00:00,2.912,2.912,2.9115,2.912,2.917,2.917,2.9165,2.917,3
2026-04-06 05:04:00,2.9115,2.9115,2.9105,2.911,2.9165,2.9165,2.9155,2.916,5
2026-04-06 05:05:00,2.9105,2.911,2.9105,2.911,2.9155,2.916,2.9155,2.916,2
2026-04-06 05:06:00,2.9105,2.9115,2.906,2.9065,2.9155,2.9165,2.911,2.9115,10
2026-04-06 05:07:00,2.907,2.907,2.905,2.9055,2.912,2.912,2.91,2.9105,6
2026-04-06 05:08:00,2.905,2.905,2.905,2.905,2.91,2.91,2.91,2.91,1
2026-04-06 05:09:00,2.9045,2.9045,2.904,2.9045,2.9095,2.9095,2.909,2.9095,3
2026-04-06 05:10:00,2.904,2.904,2.9025,2.9025,2.909,2.909,2.9075,2.9075,4
2026-04-06 05:11:00,2.903,2.903,2.902,2.902,2.908,2.908,2.907,2.907,5
2026-04-06 05:12:00,2.9025,2.9025,2.9025,2.9025,2.9075,2.9075,2.9075,2.9075,1
2026-04-06 05:14:00,2.903,2.9035,2.903,2.9035,2.908,2.9085,2.908,2.9085,2
2026-04-06 05:17:00,2.903,2.904,2.9025,2.904,2.908,2.909,2.9075,2.909,4
2026-04-06 05:18:00,2.9045,2.906,2.9025,2.9025,2.9095,2.911,2.9075,2.9075,7
2026-04-06 05:19:00,2.9035,2.9055,2.9035,2.9055,2.9085,2.9105,2.9085,2.9105,15
2026-04-06 05:20:00,2.905,2.9055,2.9045,2.905,2.91,2.9105,2.9095,2.91,11
2026-04-06 05:21:00,2.9045,2.9055,2.9045,2.9045,2.9095,2.9105,2.9095,2.9095,5
2026-04-06 05:22:00,2.9035,2.904,2.903,2.904,2.9085,2.909,2.908,2.909,4
2026-04-06 05:23:00,2.9035,2.9035,2.9025,2.903,2.9085,2.9085,2.9075,2.908,4
2026-04-06 05:24:00,2.9025,2.903,2.902,2.902,2.9075,2.908,2.907,2.907,3
2026-04-06 05:26:00,2.9025,2.903,2.902,2.903,2.9075,2.908,2.907,2.908,3
2026-04-06 05:27:00,2.9035,2.9035,2.902,2.902,2.9085,2.9085,2.907,2.907,4
2026-04-06 05:28:00,2.9015,2.902,2.9015,2.9015,2.9065,2.907,2.9065,2.9065,5
2026-04-06 05:29:00,2.901,2.902,2.901,2.9015,2.906,2.907,2.906,2.9065,6
2026-04-06 05:30:00,2.901,2.902,2.892,2.8935,2.906,2.907,2.897,2.8985,35
2026-04-06 05:31:00,2.893,2.8955,2.893,2.895,2.898,2.9005,2.898,2.9,10
2026-04-06 05:32:00,2.8955,2.8955,2.889,2.891,2.9005,2.9005,2.894,2.896,25
2026-04-06 05:33:00,2.892,2.895,2.892,2.895,2.897,2.9,2.897,2.9,12
2026-04-06 05:34:00,2.896,2.898,2.8935,2.8945,2.901,2.903,2.8985,2.8995,22
2026-04-06 05:35:00,2.895,2.895,2.891,2.8915,2.9,2.9,2.896,2.8965,22
2026-04-06 05:36:00,2.891,2.8925,2.89,2.8905,2.896,2.8975,2.895,2.8955,14
2026-04-06 05:37:00,2.89,2.8905,2.89,2.89,2.895,2.8955,2.895,2.895,5
2026-04-06 05:38:00,2.8895,2.8895,2.884,2.884,2.8945,2.8945,2.889,2.889,11
2026-04-06 05:39:00,2.885,2.8855,2.884,2.8845,2.89,2.8905,2.889,2.8895,10
2026-04-06 05:40:00,2.885,2.885,2.885,2.885,2.89,2.89,2.89,2.89,1
2026-04-06 05:41:00,2.8855,2.8855,2.8845,2.885,2.8905,2.8905,2.8895,2.89,4
2026-04-06 05:42:00,2.8845,2.8845,2.884,2.8845,2.8895,2.8895,2.889,2.8895,5
2026-04-06 05:43:00,2.885,2.885,2.885,2.885,2.89,2.89,2.89,2.89,1
2026-04-06 05:44:00,2.884,2.884,2.8825,2.883,2.889,2.889,2.8875,2.888,4
2026-04-06 05:45:00,2.884,2.885,2.883,2.885,2.889,2.89,2.888,2.89,21
2026-04-06 05:46:00,2.8845,2.8855,2.882,2.882,2.8895,2.8905,2.887,2.887,28
2026-04-06 05:47:00,2.8825,2.884,2.8825,2.883,2.8875,2.889,2.8875,2.888,7
2026-04-06 05:48:00,2.8835,2.884,2.883,2.884,2.8885,2.889,2.888,2.889,3
2026-04-06 05:49:00,2.883,2.8835,2.881,2.881,2.888,2.8885,2.886,2.886,8
2026-04-06 05:50:00,2.8815,2.882,2.881,2.881,2.8865,2.887,2.886,2.886,7
2026-04-06 05:51:00,2.882,2.8825,2.882,2.8825,2.887,2.8875,2.887,2.8875,2
2026-04-06 05:52:00,2.882,2.883,2.8815,2.883,2.887,2.888,2.8865,2.888,5
2026-04-06 05:53:00,2.8825,2.8825,2.88,2.88,2.8875,2.8875,2.885,2.885,8
2026-04-06 05:54:00,2.8805,2.881,2.88,2.88,2.8855,2.886,2.885,2.885,12
2026-04-06 05:56:00,2.879,2.879,2.8765,2.878,2.884,2.884,2.8815,2.883,13
2026-04-06 05:57:00,2.8775,2.878,2.877,2.878,2.8825,2.883,2.882,2.883,5
2026-04-06 05:58:00,2.8795,2.8795,2.879,2.879,2.8845,2.8845,2.884,2.884,2
2026-04-06 05:59:00,2.8795,2.88,2.879,2.879,2.8845,2.885,2.884,2.884,3
2026-04-06 06:00:00,2.878,2.878,2.877,2.877,2.883,2.883,2.882,2.882,2
2026-04-06 06:01:00,2.876,2.877,2.874,2.874,2.881,2.882,2.879,2.879,11
2026-04-06 06:02:00,2.875,2.875,2.8715,2.872,2.88,2.88,2.8765,2.877,14
2026-04-06 06:03:00,2.8725,2.8735,2.872,2.873,2.8775,2.8785,2.877,2.878,11
2026-04-06 06:04:00,2.8735,2.8735,2.8675,2.868,2.8785,2.8785,2.8725,2.873,15
2026-04-06 06:05:00,2.8675,2.869,2.864,2.8675,2.8725,2.874,2.869,2.8725,20
2026-04-06 06:06:00,2.868,2.871,2.8675,2.87,2.873,2.876,2.8725,2.875,11
2026-04-06 06:07:00,2.8695,2.87,2.8675,2.869,2.8745,2.875,2.8725,2.874,13
2026-04-06 06:08:00,2.8695,2.87,2.8685,2.8685,2.8745,2.875,2.8735,2.8735,11
2026-04-06 06:09:00,2.869,2.8695,2.8625,2.864,2.874,2.8745,2.8675,2.869,20
2026-04-06 06:10:00,2.8645,2.868,2.862,2.868,2.8695,2.873,2.867,2.873,25
2026-04-06 06:11:00,2.8675,2.8675,2.8655,2.867,2.8725,2.8725,2.8705,2.872,8
2026-04-06 06:12:00,2.8665,2.8675,2.864,2.866,2.8715,2.8725,2.869,2.871,20
2026-04-06 06:13:00,2.8645,2.865,2.8625,2.8635,2.8695,2.87,2.8675,2.8685,28
2026-04-06 06:14:00,2.864,2.8645,2.863,2.864,2.869,2.8695,2.868,2.869,7
2026-04-06 06:15:00,2.8645,2.866,2.862,2.8655,2.8695,2.871,2.867,2.8705,16
2026-04-06 06:16:00,2.865,2.866,2.865,2.866,2.87,2.871,2.87,2.871,3
2026-04-06 06:17:00,2.8655,2.866,2.8655,2.866,2.8705,2.871,2.8705,2.871,2
2026-04-06 06:18:00,2.865,2.8665,2.8645,2.8665,2.87,2.8715,2.8695,2.8715,12
2026-04-06 06:19:00,2.866,2.867,2.866,2.867,2.871,2.872,2.871,2.872,16
2026-04-06 06:20:00,2.8665,2.868,2.8665,2.868,2.8715,2.873,2.8715,2.873,5
2026-04-06 06:21:00,2.8675,2.868,2.8665,2.8665,2.8725,2.873,2.8715,2.8715,14
2026-04-06 06:23:00,2.865,2.865,2.8625,2.8635,2.87,2.87,2.8675,2.8685,11
2026-04-06 06:24:00,2.864,2.868,2.864,2.865,2.869,2.873,2.869,2.87,22
2026-04-06 06:25:00,2.864,2.8645,2.863,2.863,2.869,2.8695,2.868,2.868,4
2026-04-06 06:26:00,2.8625,2.8625,2.859,2.86,2.8675,2.8675,2.864,2.865,7
2026-04-06 06:27:00,2.8595,2.861,2.8595,2.861,2.8645,2.866,2.8645,2.866,8
2026-04-06 06:28:00,2.862,2.863,2.862,2.863,2.867,2.868,2.867,2.868,5
2026-04-06 06:29:00,2.862,2.862,2.862,2.862,2.867,2.867,2.867,2.867,1
2026-04-06 06:30:00,2.8625,2.867,2.8625,2.867,2.8675,2.872,2.8675,2.872,18
2026-04-06 06:31:00,2.868,2.868,2.8645,2.8655,2.873,2.873,2.8695,2.8705,11
2026-04-06 06:32:00,2.865,2.865,2.8635,2.8645,2.87,2.87,2.8685,2.8695,11
2026-04-06 06:33:00,2.864,2.866,2.864,2.866,2.869,2.871,2.869,2.871,7
2026-04-06 06:34:00,2.8665,2.8665,2.865,2.8655,2.8715,2.8715,2.87,2.8705,4
2026-04-06 06:35:00,2.866,2.868,2.866,2.8675,2.871,2.873,2.871,2.8725,9
2026-04-06 06:36:00,2.867,2.8675,2.867,2.8675,2.872,2.8725,2.872,2.8725,6
2026-04-06 06:37:00,2.867,2.8675,2.867,2.867,2.872,2.8725,2.872,2.872,11
2026-04-06 06:38:00,2.8675,2.869,2.8675,2.8675,2.8725,2.874,2.8725,2.8725,7
2026-04-06 06:39:00,2.8665,2.867,2.8665,2.867,2.8715,2.872,2.8715,2.872,2
2026-04-06 06:40:00,2.8675,2.869,2.867,2.869,2.8725,2.874,2.872,2.874,6
2026-04-06 06:41:00,2.8695,2.8695,2.869,2.869,2.8745,2.8745,2.874,2.874,6
2026-04-06 06:42:00,2.868,2.868,2.865,2.865,2.873,2.873,2.87,2.87,7
2026-04-06 06:43:00,2.8655,2.8655,2.8655,2.8655,2.8705,2.8705,2.8705,2.8705,1
2026-04-06 06:44:00,2.866,2.866,2.866,2.866,2.871,2.871,2.871,2.871,1
2026-04-06 06:46:00,2.8665,2.8665,2.8665,2.8665,2.8715,2.8715,2.8715,2.8715,1
2026-04-06 06:47:00,2.866,2.8665,2.8645,2.8645,2.871,2.8715,2.8695,2.8695,8
2026-04-06 06:48:00,2.864,2.8655,2.8635,2.8655,2.869,2.8705,2.8685,2.8705,6
2026-04-06 06:49:00,2.865,2.8665,2.865,2.8655,2.87,2.8715,2.87,2.8705,6
2026-04-06 06:50:00,2.866,2.866,2.866,2.866,2.871,2.871,2.871,2.871,1
2026-04-06 06:51:00,2.8655,2.8655,2.8635,2.864,2.8705,2.8705,2.8685,2.869,12
2026-04-06 06:52:00,2.8645,2.8645,2.8615,2.8635,2.8695,2.8695,2.8665,2.8685,13
2026-04-06 06:53:00,2.864,2.8645,2.8635,2.8645,2.869,2.8695,2.8685,2.8695,10
2026-04-06 06:54:00,2.864,2.865,2.864,2.8645,2.869,2.87,2.869,2.8695,4
2026-04-06 06:55:00,2.865,2.865,2.8645,2.8645,2.87,2.87,2.8695,2.8695,4
2026-04-06 06:56:00,2.865,2.866,2.8645,2.865,2.87,2.871,2.8695,2.87,8
2026-04-06 06:57:00,2.8655,2.866,2.8655,2.866,2.8705,2.871,2.8705,2.871,2
2026-04-06 06:58:00,2.8665,2.8665,2.865,2.865,2.8715,2.8715,2.87,2.87,5
2026-04-06 06:59:00,2.8645,2.8645,2.858,2.8585,2.8695,2.8695,2.863,2.8635,18
2026-04-06 07:00:00,2.859,2.859,2.8555,2.857,2.864,2.864,2.8605,2.862,17
2026-04-06 07:01:00,2.8565,2.8575,2.855,2.857,2.8615,2.8625,2.86,2.862,18
2026-04-06 07:02:00,2.856,2.857,2.8555,2.857,2.861,2.862,2.8605,2.862,5
2026-04-06 07:03:00,2.856,2.858,2.855,2.856,2.861,2.863,2.86,2.861,8
2026-04-06 07:04:00,2.8565,2.8565,2.855,2.855,2.8615,2.8615,2.86,2.86,3
2026-04-06 07:05:00,2.854,2.8575,2.854,2.8575,2.859,2.8625,2.859,2.8625,26
2026-04-06 07:06:00,2.857,2.857,2.8545,2.855,2.862,2.862,2.8595,2.86,17
2026-04-06 07:07:00,2.8545,2.855,2.8525,2.8525,2.8595,2.86,2.8575,2.8575,8
2026-04-06 07:08:00,2.853,2.853,2.8505,2.852,2.858,2.858,2.8555,2.857,14
2026-04-06 07:09:00,2.8515,2.852,2.8515,2.852,2.8565,2.857,2.8565,2.857,4
2026-04-06 07:10:00,2.8515,2.853,2.851,2.852,2.8565,2.858,2.856,2.857,9
2026-04-06 07:11:00,2.8525,2.8535,2.8525,2.853,2.8575,2.8585,2.8575,2.858,20
2026-04-06 07:12:00,2.8525,2.8535,2.8525,2.8525,2.8575,2.8585,2.8575,2.8575,9
2026-04-06 07:13:00,2.852,2.853,2.851,2.853,2.857,2.858,2.856,2.858,8
2026-04-06 07:14:00,2.8525,2.853,2.852,2.853,2.8575,2.858,2.857,2.858,3
2026-04-06 07:15:00,2.8525,2.8525,2.852,2.8525,2.8575,2.8575,2.857,2.8575,3
2026-04-06 07:16:00,2.853,2.856,2.852,2.852,2.858,2.861,2.857,2.857,8
2026-04-06 07:17:00,2.853,2.8535,2.8525,2.8525,2.858,2.8585,2.8575,2.8575,5
2026-04-06 07:18:00,2.852,2.853,2.852,2.853,2.857,2.858,2.857,2.858,5
2026-04-06 07:19:00,2.852,2.852,2.851,2.851,2.857,2.857,2.856,2.856,2
2026-04-06 07:20:00,2.852,2.8535,2.852,2.8535,2.857,2.8585,2.857,2.8585,3
2026-04-06 07:21:00,2.852,2.8525,2.851,2.8515,2.857,2.8575,2.856,2.8565,4
2026-04-06 07:22:00,2.851,2.852,2.851,2.852,2.856,2.857,2.856,2.857,3
2026-04-06 07:23:00,2.8525,2.8525,2.8515,2.852,2.8575,2.8575,2.8565,2.857,6
2026-04-06 07:24:00,2.8515,2.852,2.8515,2.8515,2.8565,2.857,2.8565,2.8565,3
2026-04-06 07:26:00,2.8525,2.8525,2.8505,2.8525,2.8575,2.8575,2.8555,2.8575,8
2026-04-06 07:27:00,2.853,2.853,2.8515,2.8515,2.858,2.858,2.8565,2.8565,5
2026-04-06 07:28:00,2.852,2.853,2.8515,2.8525,2.857,2.858,2.8565,2.8575,11
2026-04-06 07:29:00,2.852,2.8535,2.852,2.8525,2.857,2.8585,2.857,2.8575,5
2026-04-06 07:30:00,2.8535,2.8545,2.852,2.854,2.8585,2.8595,2.857,2.859,14
2026-04-06 07:31:00,2.855,2.855,2.853,2.854,2.86,2.86,2.858,2.859,12
2026-04-06 07:32:00,2.8535,2.854,2.8535,2.8535,2.8585,2.859,2.8585,2.8585,5
2026-04-06 07:33:00,2.853,2.8535,2.8525,2.8535,2.858,2.8585,2.8575,2.8585,4
2026-04-06 07:34:00,2.854,2.8565,2.854,2.856,2.859,2.8615,2.859,2.861,5
2026-04-06 07:35:00,2.855,2.856,2.854,2.856,2.86,2.861,2.859,2.861,7
2026-04-06 07:36:00,2.8565,2.858,2.8565,2.8575,2.8615,2.863,2.8615,2.8625,4
2026-04-06 07:37:00,2.858,2.858,2.857,2.857,2.863,2.863,2.862,2.862,9
2026-04-06 07:38:00,2.8565,2.857,2.8565,2.857,2.8615,2.862,2.8615,2.862,2
2026-04-06 07:39:00,2.8565,2.8565,2.8545,2.8545,2.8615,2.8615,2.8595,2.8595,5
2026-04-06 07:40:00,2.855,2.855,2.8545,2.8545,2.86,2.86,2.8595,2.8595,4
2026-04-06 07:41:00,2.855,2.86,2.854,2.8595,2.86,2.865,2.859,2.8645,15
2026-04-06 07:42:00,2.86,2.86,2.8565,2.8565,2.865,2.865,2.8615,2.8615,5
2026-04-06 07:43:00,2.8585,2.86,2.8585,2.8595,2.8635,2.865,2.8635,2.8645,5
2026-04-06 07:44:00,2.86,2.86,2.859,2.8595,2.865,2.865,2.864,2.8645,4
2026-04-06 07:45:00,2.859,2.86,2.858,2.8585,2.864,2.865,2.863,2.8635,6
2026-04-06 07:46:00,2.859,2.86,2.859,2.86,2.864,2.865,2.864,2.865,4
2026-04-06 07:47:00,2.861,2.861,2.8605,2.8605,2.866,2.866,2.8655,2.8655,2
2026-04-06 07:48:00,2.86,2.86,2.858,2.859,2.865,2.865,2.863,2.864,9
2026-04-06 07:49:00,2.8575,2.858,2.857,2.8575,2.8625,2.863,2.862,2.8625,7
2026-04-06 07:50:00,2.857,2.8575,2.8545,2.8545,2.862,2.8625,2.8595,2.8595,6
2026-04-06 07:51:00,2.855,2.855,2.8535,2.8545,2.86,2.86,2.8585,2.8595,9
2026-04-06 07:52:00,2.856,2.858,2.856,2.858,2.861,2.863,2.861,2.863,4
2026-04-06 07:53:00,2.8575,2.8575,2.855,2.855,2.8625,2.8625,2.86,2.86,4
2026-04-06 07:54:00,2.8555,2.8555,2.853,2.853,2.8605,2.8605,2.858,2.858,8
2026-04-06 07:55:00,2.8535,2.854,2.853,2.8535,2.8585,2.859,2.858,2.8585,7
2026-04-06 07:57:00,2.855,2.856,2.855,2.8555,2.86,2.861,2.86,2.8605,5
2026-04-06 07:58:00,2.855,2.855,2.853,2.853,2.86,2.86,2.858,2.858,4
2026-04-06 07:59:00,2.8535,2.855,2.853,2.8545,2.8585,2.86,2.858,2.8595,7
2026-04-06 08:00:00,2.8555,2.862,2.8555,2.8615,2.8605,2.867,2.8605,2.8665,13
2026-04-06 08:01:00,2.862,2.863,2.861,2.8625,2.867,2.868,2.866,2.8675,16
2026-04-06 08:02:00,2.862,2.863,2.86,2.86,2.867,2.868,2.865,2.865,8
2026-04-06 08:03:00,2.8605,2.863,2.86,2.8625,2.8655,2.868,2.865,2.8675,8
2026-04-06 08:04:00,2.8615,2.8635,2.8615,2.8635,2.8665,2.8685,2.8665,2.8685,10
2026-04-06 08:05:00,2.863,2.865,2.862,2.863,2.868,2.87,2.867,2.868,13
2026-04-06 08:06:00,2.862,2.862,2.8585,2.8585,2.867,2.867,2.8635,2.8635,10
2026-04-06 08:07:00,2.858,2.859,2.856,2.8565,2.863,2.864,2.861,2.8615,10
2026-04-06 08:08:00,2.8575,2.8575,2.8565,2.8565,2.8625,2.8625,2.8615,2.8615,2
2026-04-06 08:09:00,2.856,2.86,2.856,2.8595,2.861,2.865,2.861,2.8645,7
2026-04-06 08:10:00,2.8615,2.8635,2.8615,2.8625,2.8665,2.8685,2.8665,2.8675,7
2026-04-06 08:11:00,2.8605,2.8605,2.859,2.8595,2.8655,2.8655,2.864,2.8645,4
2026-04-06 08:12:00,2.859,2.86,2.857,2.857,2.864,2.865,2.862,2.862,7
2026-04-06 08:13:00,2.8565,2.858,2.856,2.858,2.8615,2.863,2.861,2.863,8
2026-04-06 08:14:00,2.857,2.8575,2.8565,2.8565,2.862,2.8625,2.8615,2.8615,5
2026-04-06 08:15:00,2.8575,2.861,2.8575,2.8595,2.8625,2.866,2.8625,2.8645,11
2026-04-06 08:16:00,2.86,2.862,2.86,2.8615,2.865,2.867,2.865,2.8665,7
2026-04-06 08:17:00,2.861,2.863,2.861,2.863,2.866,2.868,2.866,2.868,8
2026-04-06 08:18:00,2.8635,2.8635,2.859,2.859,2.8685,2.8685,2.864,2.864,7
2026-04-06 08:19:00,2.858,2.8625,2.858,2.8595,2.863,2.8675,2.863,2.8645,18
2026-04-06 08:20:00,2.8605,2.861,2.858,2.858,2.8655,2.866,2.863,2.863,10
2026-04-06 08:21:00,2.8585,2.859,2.858,2.859,2.8635,2.864,2.863,2.864,3
2026-04-06 08:22:00,2.8605,2.8605,2.859,2.859,2.8655,2.8655,2.864,2.864,3
2026-04-06 08:23:00,2.8585,2.8585,2.858,2.8585,2.8635,2.8635,2.863,2.8635,5
2026-04-06 08:24:00,2.858,2.8605,2.858,2.8595,2.863,2.8655,2.863,2.8645,5
2026-04-06 08:25:00,2.86,2.8615,2.8575,2.8575,2.865,2.8665,2.8625,2.8625,9
2026-04-06 08:26:00,2.857,2.858,2.857,2.8575,2.862,2.863,2.862,2.8625,9
2026-04-06 08:27:00,2.858,2.8585,2.8565,2.8565,2.863,2.8635,2.8615,2.8615,5
2026-04-06 08:28:00,2.857,2.859,2.857,2.8575,2.862,2.864,2.862,2.8625,9
2026-04-06 08:29:00,2.8585,2.8585,2.8575,2.8575,2.8635,2.8635,2.8625,2.8625,3
2026-04-06 08:30:00,2.8585,2.8585,2.853,2.854,2.8635,2.8635,2.858,2.859,11
2026-04-06 08:31:00,2.8545,2.855,2.846,2.847,2.8595,2.86,2.851,2.852,17
2026-04-06 08:32:00,2.848,2.849,2.8475,2.849,2.853,2.854,2.8525,2.854,8
2026-04-06 08:33:00,2.85,2.851,2.8495,2.8495,2.855,2.856,2.8545,2.8545,7
2026-04-06 08:34:00,2.849,2.8525,2.849,2.8505,2.854,2.8575,2.854,2.8555,10
2026-04-06 08:35:00,2.851,2.852,2.851,2.852,2.856,2.857,2.856,2.857,5
2026-04-06 08:36:00,2.8525,2.8545,2.8525,2.8545,2.8575,2.8595,2.8575,2.8595,9
2026-04-06 08:37:00,2.854,2.8545,2.8535,2.8545,2.859,2.8595,2.8585,2.8595,4
2026-04-06 08:38:00,2.854,2.8545,2.8525,2.853,2.859,2.8595,2.8575,2.858,8
2026-04-06 08:39:00,2.852,2.852,2.851,2.851,2.857,2.857,2.856,2.856,4
2026-04-06 08:40:00,2.8505,2.852,2.85,2.85,2.8555,2.857,2.855,2.855,7
2026-04-06 08:41:00,2.8505,2.854,2.8505,2.854,2.8555,2.859,2.8555,2.859,7
2026-04-06 08:42:00,2.8545,2.856,2.8545,2.8545,2.8595,2.861,2.8595,2.8595,5
2026-04-06 08:43:00,2.8535,2.854,2.8535,2.8535,2.8585,2.859,2.8585,2.8585,3
2026-04-06 08:44:00,2.854,2.8545,2.854,2.8545,2.859,2.8595,2.859,2.8595,2
2026-04-06 08:45:00,2.855,2.856,2.8535,2.8555,2.86,2.861,2.8585,2.8605,8
2026-04-06 08:46:00,2.8545,2.8565,2.8545,2.8565,2.8595,2.8615,2.8595,2.8615,8
2026-04-06 08:47:00,2.856,2.857,2.855,2.8565,2.861,2.862,2.86,2.8615,17
2026-04-06 08:48:00,2.857,2.858,2.852,2.8535,2.862,2.863,2.857,2.8585,13
2026-04-06 08:49:00,2.853,2.8535,2.853,2.8535,2.858,2.8585,2.858,2.8585,2
2026-04-06 08:50:00,2.853,2.854,2.8305,2.8305,2.858,2.859,2.8355,2.8355,80
2026-04-06 08:51:00,2.83,2.832,2.829,2.831,2.835,2.837,2.834,2.836,25
2026-04-06 08:52:00,2.8305,2.834,2.83,2.833,2.8355,2.839,2.835,2.838,22
2026-04-06 08:53:00,2.8335,2.835,2.8325,2.835,2.8385,2.84,2.8375,2.84,23
2026-04-06 08:54:00,2.8345,2.839,2.8345,2.839,2.8395,2.844,2.8395,2.844,11
2026-04-06 08:55:00,2.838,2.8405,2.837,2.839,2.843,2.8455,2.842,2.844,22
2026-04-06 08:56:00,2.8385,2.84,2.8375,2.84,2.8435,2.845,2.8425,2.845,14
2026-04-06 08:57:00,2.8405,2.8415,2.839,2.84,2.8455,2.8465,2.844,2.845,10
2026-04-06 08:58:00,2.841,2.842,2.8405,2.841,2.846,2.847,2.8455,2.846,15
2026-04-06 08:59:00,2.8415,2.8415,2.8375,2.8405,2.8465,2.8465,2.8425,2.8455,25
2026-04-06 09:00:00,2.84,2.8425,2.8365,2.8415,2.845,2.8475,2.8415,2.8465,27
2026-04-06 09:01:00,2.842,2.843,2.8405,2.8425,2.847,2.848,2.8455,2.8475,20
2026-04-06 09:02:00,2.843,2.843,2.839,2.8395,2.848,2.848,2.844,2.8445,12
2026-04-06 09:03:00,2.839,2.8395,2.839,2.8395,2.844,2.8445,2.844,2.8445,4
2026-04-06 09:04:00,2.84,2.84,2.8365,2.838,2.845,2.845,2.8415,2.843,9
2026-04-06 09:05:00,2.8375,2.839,2.8375,2.839,2.8425,2.844,2.8425,2.844,10
2026-04-06 09:06:00,2.84,2.84,2.84,2.84,2.845,2.845,2.845,2.845,1
2026-04-06 09:07:00,2.8395,2.841,2.8395,2.841,2.8445,2.846,2.8445,2.846,5
2026-04-06 09:08:00,2.84,2.843,2.84,2.843,2.845,2.848,2.845,2.848,14
2026-04-06 09:09:00,2.8425,2.843,2.8415,2.842,2.8475,2.848,2.8465,2.847,11
2026-04-06 09:11:00,2.8425,2.846,2.8425,2.8455,2.8475,2.851,2.8475,2.8505,24
2026-04-06 09:12:00,2.845,2.8455,2.845,2.8455,2.85,2.8505,2.85,2.8505,4
2026-04-06 09:13:00,2.846,2.846,2.846,2.846,2.851,2.851,2.851,2.851,1
2026-04-06 09:14:00,2.847,2.847,2.8455,2.846,2.852,2.852,2.8505,2.851,8
2026-04-06 09:15:00,2.8445,2.8455,2.8435,2.8435,2.8495,2.8505,2.8485,2.8485,15
2026-04-06 09:16:00,2.843,2.8475,2.8415,2.8475,2.848,2.8525,2.8465,2.8525,14
2026-04-06 09:17:00,2.848,2.8485,2.8475,2.8475,2.853,2.8535,2.8525,2.8525,3
2026-04-06 09:18:00,2.848,2.848,2.847,2.847,2.853,2.853,2.852,2.852,5
2026-04-06 09:19:00,2.848,2.8485,2.8455,2.8455,2.853,2.8535,2.8505,2.8505,7
2026-04-06 09:20:00,2.846,2.847,2.844,2.8445,2.851,2.852,2.849,2.8495,10
2026-04-06 09:21:00,2.844,2.845,2.844,2.844,2.849,2.85,2.849,2.849,9
2026-04-06 09:22:00,2.8445,2.8465,2.8445,2.846,2.8495,2.8515,2.8495,2.851,8
2026-04-06 09:23:00,2.847,2.85,2.847,2.85,2.852,2.855,2.852,2.855,9
2026-04-06 09:24:00,2.8505,2.8515,2.85,2.851,2.8555,2.8565,2.855,2.856,15
2026-04-06 09:25:00,2.8515,2.8515,2.85,2.851,2.8565,2.8565,2.855,2.856,10
2026-04-06 09:26:00,2.8505,2.851,2.85,2.8505,2.8555,2.856,2.855,2.8555,4
2026-04-06 09:27:00,2.8515,2.852,2.851,2.852,2.8565,2.857,2.856,2.857,3
2026-04-06 09:28:00,2.851,2.851,2.847,2.847,2.856,2.856,2.852,2.852,17
2026-04-06 09:29:00,2.8465,2.848,2.8445,2.8465,2.8515,2.853,2.8495,2.8515,16
2026-04-06 09:30:00,2.846,2.846,2.843,2.844,2.851,2.851,2.848,2.849,14
2026-04-06 09:31:00,2.8445,2.846,2.8435,2.845,2.8495,2.851,2.8485,2.85,10
2026-04-06 09:32:00,2.846,2.847,2.845,2.845,2.851,2.852,2.85,2.85,6
2026-04-06 09:33:00,2.8445,2.8455,2.8445,2.845,2.8495,2.8505,2.8495,2.85,10
2026-04-06 09:34:00,2.8445,2.845,2.8445,2.8445,2.8495,2.85,2.8495,2.8495,3
2026-04-06 09:35:00,2.8455,2.8455,2.841,2.8415,2.8505,2.8505,2.846,2.8465,16
2026-04-06 09:36:00,2.841,2.842,2.841,2.841,2.846,2.847,2.846,2.846,3
2026-04-06 09:37:00,2.84,2.841,2.84,2.841,2.845,2.846,2.845,2.846,5
2026-04-06 09:38:00,2.84,2.84,2.839,2.839,2.845,2.845,2.844,2.844,6
2026-04-06 09:39:00,2.8405,2.841,2.839,2.8405,2.8455,2.846,2.844,2.8455,11
2026-04-06 09:40:00,2.84,2.84,2.839,2.84,2.845,2.845,2.844,2.845,9
2026-04-06 09:41:00,2.8395,2.8395,2.838,2.838,2.8445,2.8445,2.843,2.843,5
2026-04-06 09:42:00,2.839,2.84,2.834,2.834,2.844,2.845,2.839,2.839,17
2026-04-06 09:43:00,2.8345,2.837,2.834,2.836,2.8395,2.842,2.839,2.841,16
2026-04-06 09:44:00,2.8345,2.837,2.8345,2.837,2.8395,2.842,2.8395,2.842,3
2026-04-06 09:45:00,2.8375,2.842,2.8375,2.841,2.8425,2.847,2.8425,2.846,17
2026-04-06 09:46:00,2.84,2.841,2.838,2.84,2.845,2.846,2.843,2.845,10
2026-04-06 09:47:00,2.8405,2.842,2.84,2.841,2.8455,2.847,2.845,2.846,8
2026-04-06 09:48:00,2.84,2.841,2.838,2.839,2.845,2.846,2.843,2.844,12
2026-04-06 09:49:00,2.84,2.8415,2.84,2.8415,2.845,2.8465,2.845,2.8465,9
2026-04-06 09:50:00,2.841,2.8415,2.837,2.837,2.846,2.8465,2.842,2.842,12
2026-04-06 09:51:00,2.8375,2.839,2.837,2.8375,2.8425,2.844,2.842,2.8425,14
2026-04-06 09:52:00,2.8385,2.8385,2.8315,2.8325,2.8435,2.8435,2.8365,2.8375,24
2026-04-06 09:53:00,2.8315,2.833,2.828,2.833,2.8365,2.838,2.833,2.838,20
2026-04-06 09:54:00,2.834,2.835,2.8335,2.8335,2.839,2.84,2.8385,2.8385,12
2026-04-06 09:55:00,2.833,2.836,2.833,2.8355,2.838,2.841,2.838,2.8405,19
2026-04-06 09:56:00,2.836,2.838,2.836,2.837,2.841,2.843,2.841,2.842,15
2026-04-06 09:57:00,2.8365,2.8405,2.8365,2.8405,2.8415,2.8455,2.8415,2.8455,13
2026-04-06 09:58:00,2.84,2.841,2.839,2.8405,2.845,2.846,2.844,2.8455,14
2026-04-06 09:59:00,2.8395,2.841,2.839,2.839,2.8445,2.846,2.844,2.844,8
2026-04-06 10:00:00,2.8385,2.8385,2.835,2.8375,2.8435,2.8435,2.84,2.8425,12
2026-04-06 10:01:00,2.837,2.8405,2.837,2.84,2.842,2.8455,2.842,2.845,10
2026-04-06 10:02:00,2.8395,2.843,2.8375,2.843,2.8445,2.848,2.8425,2.848,36
2026-04-06 10:03:00,2.8425,2.8455,2.8415,2.8455,2.8475,2.8505,2.8465,2.8505,28
2026-04-06 10:04:00,2.845,2.846,2.845,2.845,2.85,2.851,2.85,2.85,11
2026-04-06 10:05:00,2.8445,2.8455,2.843,2.8445,2.8495,2.8505,2.848,2.8495,27
2026-04-06 10:06:00,2.845,2.849,2.845,2.849,2.85,2.854,2.85,2.854,6
2026-04-06 10:07:00,2.8485,2.8505,2.8475,2.8495,2.8535,2.8555,2.8525,2.8545,16
2026-04-06 10:08:00,2.85,2.851,2.8485,2.849,2.855,2.856,2.8535,2.854,25
2026-04-06 10:09:00,2.8505,2.8515,2.8495,2.85,2.8555,2.8565,2.8545,2.855,7
2026-04-06 10:10:00,2.8505,2.852,2.8495,2.852,2.8555,2.857,2.8545,2.857,12
2026-04-06 10:11:00,2.853,2.853,2.851,2.8515,2.858,2.858,2.856,2.8565,19
2026-04-06 10:12:00,2.852,2.852,2.85,2.8505,2.857,2.857,2.855,2.8555,6
2026-04-06 10:13:00,2.85,2.8515,2.8485,2.8495,2.855,2.8565,2.8535,2.8545,10
2026-04-06 10:14:00,2.8485,2.8505,2.8485,2.8505,2.8535,2.8555,2.8535,2.8555,8
2026-04-06 10:15:00,2.851,2.8515,2.849,2.851,2.856,2.8565,2.854,2.856,15
2026-04-06 10:16:00,2.8505,2.851,2.849,2.8495,2.8555,2.856,2.854,2.8545,10
2026-04-06 10:17:00,2.849,2.853,2.849,2.8515,2.854,2.858,2.854,2.8565,16
2026-04-06 10:18:00,2.851,2.851,2.85,2.851,2.856,2.856,2.855,2.856,4
2026-04-06 10:19:00,2.85,2.853,2.8485,2.8525,2.855,2.858,2.8535,2.8575,16
2026-04-06 10:20:00,2.852,2.853,2.848,2.8485,2.857,2.858,2.853,2.8535,18
2026-04-06 10:21:00,2.848,2.849,2.848,2.849,2.853,2.854,2.853,2.854,7
2026-04-06 10:22:00,2.8485,2.8485,2.845,2.8475,2.8535,2.8535,2.85,2.8525,8
2026-04-06 10:23:00,2.848,2.8495,2.848,2.849,2.853,2.8545,2.853,2.854,7
2026-04-06 10:24:00,2.848,2.849,2.843,2.845,2.853,2.854,2.848,2.85,21
2026-04-06 10:25:00,2.8455,2.8475,2.844,2.8455,2.8505,2.8525,2.849,2.8505,29
2026-04-06 10:26:00,2.8465,2.851,2.845,2.851,2.8515,2.856,2.85,2.856,57
2026-04-06 10:27:00,2.852,2.854,2.848,2.8525,2.857,2.859,2.853,2.8575,53
2026-04-06 10:28:00,2.852,2.854,2.851,2.854,2.857,2.859,2.856,2.859,53
2026-04-06 10:29:00,2.853,2.8545,2.8515,2.854,2.858,2.8595,2.8565,2.859,68
2026-04-06 10:30:00,2.855,2.8605,2.855,2.8605,2.86,2.8655,2.86,2.8655,32
2026-04-06 10:31:00,2.861,2.8645,2.86,2.863,2.866,2.8695,2.865,2.868,41
2026-04-06 10:32:00,2.864,2.867,2.8625,2.8645,2.869,2.872,2.8675,2.8695,48
2026-04-06 10:33:00,2.865,2.866,2.8625,2.865,2.87,2.871,2.8675,2.87,32
2026-04-06 10:34:00,2.866,2.869,2.857,2.861,2.871,2.874,2.862,2.866,50
2026-04-06 10:35:00,2.86,2.8605,2.859,2.8605,2.865,2.8655,2.864,2.8655,13
2026-04-06 10:36:00,2.859,2.861,2.858,2.8605,2.864,2.866,2.863,2.8655,18
2026-04-06 10:37:00,2.861,2.864,2.86,2.862,2.866,2.869,2.865,2.867,13
2026-04-06 10:38:00,2.8625,2.8625,2.8605,2.8615,2.8675,2.8675,2.8655,2.8665,6
2026-04-06 10:39:00,2.861,2.8625,2.861,2.861,2.866,2.8675,2.866,2.866,11
2026-04-06 10:40:00,2.86,2.862,2.86,2.8615,2.865,2.867,2.865,2.8665,7
2026-04-06 10:41:00,2.862,2.8635,2.8615,2.8635,2.867,2.8685,2.8665,2.8685,23
2026-04-06 10:42:00,2.863,2.8635,2.862,2.8635,2.868,2.8685,2.867,2.8685,7
2026-04-06 10:43:00,2.863,2.863,2.8605,2.861,2.868,2.868,2.8655,2.866,4
2026-04-06 10:44:00,2.8615,2.8625,2.8615,2.8625,2.8665,2.8675,2.8665,2.8675,11
2026-04-06 10:45:00,2.863,2.871,2.863,2.87,2.868,2.876,2.868,2.875,17
2026-04-06 10:46:00,2.8705,2.8715,2.8705,2.871,2.8755,2.8765,2.8755,2.876,8
2026-04-06 10:47:00,2.872,2.8745,2.872,2.874,2.877,2.8795,2.877,2.879,7
2026-04-06 10:48:00,2.8735,2.874,2.872,2.8725,2.8785,2.879,2.877,2.8775,12
2026-04-06 10:49:00,2.873,2.874,2.871,2.871,2.878,2.879,2.876,2.876,11
2026-04-06 10:50:00,2.872,2.8745,2.872,2.874,2.877,2.8795,2.877,2.879,9
2026-04-06 10:51:00,2.8745,2.876,2.8745,2.876,2.8795,2.881,2.8795,2.881,7
2026-04-06 10:52:00,2.875,2.876,2.8745,2.875,2.88,2.881,2.8795,2.88,7
2026-04-06 10:53:00,2.8745,2.8755,2.872,2.8755,2.8795,2.8805,2.877,2.8805,8
2026-04-06 10:54:00,2.875,2.876,2.871,2.871,2.88,2.881,2.876,2.876,20
2026-04-06 10:55:00,2.8705,2.8705,2.866,2.866,2.8755,2.8755,2.871,2.871,16
2026-04-06 10:56:00,2.867,2.8695,2.867,2.8685,2.872,2.8745,2.872,2.8735,13
2026-04-06 10:57:00,2.869,2.869,2.868,2.868,2.874,2.874,2.873,2.873,2
2026-04-06 10:58:00,2.869,2.869,2.867,2.869,2.874,2.874,2.872,2.874,9
2026-04-06 10:59:00,2.8695,2.87,2.8695,2.8695,2.8745,2.875,2.8745,2.8745,7
2026-04-06 11:00:00,2.8685,2.8695,2.867,2.867,2.8735,2.8745,2.872,2.872,27
2026-04-06 11:01:00,2.8665,2.871,2.8665,2.871,2.8715,2.876,2.8715,2.876,13
2026-04-06 11:02:00,2.8715,2.872,2.87,2.871,2.8765,2.877,2.875,2.876,11
2026-04-06 11:03:00,2.8715,2.872,2.869,2.871,2.8765,2.877,2.874,2.876,28
2026-04-06 11:04:00,2.8705,2.872,2.8705,2.8715,2.8755,2.877,2.8755,2.8765,14
2026-04-06 11:05:00,2.871,2.8715,2.87,2.87,2.876,2.8765,2.875,2.875,19
2026-04-06 11:06:00,2.8705,2.875,2.8705,2.875,2.8755,2.88,2.8755,2.88,9
2026-04-06 11:07:00,2.8755,2.877,2.8745,2.877,2.8805,2.882,2.8795,2.882,9
2026-04-06 11:08:00,2.8765,2.8765,2.8755,2.8755,2.8815,2.8815,2.8805,2.8805,3
2026-04-06 11:09:00,2.875,2.876,2.875,2.8755,2.88,2.881,2.88,2.8805,8
2026-04-06 11:10:00,2.876,2.879,2.876,2.879,2.881,2.884,2.881,2.884,6
2026-04-06 11:11:00,2.88,2.8805,2.8765,2.877,2.885,2.8855,2.8815,2.882,7
2026-04-06 11:12:00,2.8775,2.8785,2.8765,2.8775,2.8825,2.8835,2.8815,2.8825,11
2026-04-06 11:13:00,2.877,2.878,2.875,2.877,2.882,2.883,2.88,2.882,12
2026-04-06 11:14:00,2.8765,2.88,2.8745,2.8785,2.8815,2.885,2.8795,2.8835,18
2026-04-06 11:15:00,2.8775,2.879,2.877,2.8775,2.8825,2.884,2.882,2.8825,13
2026-04-06 11:16:00,2.8785,2.8795,2.878,2.8795,2.8835,2.8845,2.883,2.8845,6
2026-04-06 11:17:00,2.879,2.882,2.879,2.882,2.884,2.887,2.884,2.887,8
2026-04-06 11:18:00,2.8825,2.884,2.8815,2.883,2.8875,2.889,2.8865,2.888,9
2026-04-06 11:19:00,2.8825,2.883,2.8805,2.881,2.8875,2.888,2.8855,2.886,10
2026-04-06 11:20:00,2.882,2.89,2.882,2.89,2.887,2.895,2.887,2.895,17
2026-04-06 11:21:00,2.891,2.8935,2.89,2.893,2.896,2.8985,2.895,2.898,10
2026-04-06 11:22:00,2.894,2.894,2.893,2.893,2.899,2.899,2.898,2.898,3
2026-04-06 11:23:00,2.8925,2.893,2.89,2.891,2.8975,2.898,2.895,2.896,9
2026-04-06 11:24:00,2.8905,2.892,2.89,2.891,2.8955,2.897,2.895,2.896,12
2026-04-06 11:25:00,2.892,2.8935,2.89,2.89,2.897,2.8985,2.895,2.895,13
2026-04-06 11:26:00,2.8905,2.891,2.89,2.89,2.8955,2.896,2.895,2.895,4
2026-04-06 11:27:00,2.889,2.89,2.8875,2.889,2.894,2.895,2.8925,2.894,17
2026-04-06 11:28:00,2.8895,2.89,2.888,2.8885,2.8945,2.895,2.893,2.8935,13
2026-04-06 11:29:00,2.888,2.89,2.888,2.889,2.893,2.895,2.893,2.894,7
2026-04-06 11:30:00,2.8895,2.89,2.885,2.886,2.8945,2.895,2.89,2.891,16
2026-04-06 11:31:00,2.8865,2.888,2.885,2.8875,2.8915,2.893,2.89,2.8925,16
2026-04-06 11:32:00,2.887,2.887,2.8855,2.887,2.892,2.892,2.8905,2.892,8
2026-04-06 11:33:00,2.886,2.887,2.886,2.886,2.891,2.892,2.891,2.891,5
2026-04-06 11:34:00,2.885,2.8875,2.884,2.887,2.89,2.8925,2.889,2.892,14
2026-04-06 11:35:00,2.8875,2.889,2.8855,2.888,2.8925,2.894,2.8905,2.893,15
2026-04-06 11:36:00,2.8885,2.889,2.888,2.889,2.8935,2.894,2.893,2.894,4
2026-04-06 11:37:00,2.888,2.888,2.887,2.887,2.893,2.893,2.892,2.892,5
2026-04-06 11:38:00,2.8865,2.887,2.885,2.885,2.8915,2.892,2.89,2.89,6
2026-04-06 11:39:00,2.886,2.888,2.886,2.887,2.891,2.893,2.891,2.892,14
2026-04-06 11:40:00,2.886,2.886,2.884,2.885,2.891,2.891,2.889,2.89,5
2026-04-06 11:41:00,2.884,2.8875,2.884,2.8865,2.889,2.8925,2.889,2.8915,10
2026-04-06 11:42:00,2.887,2.8875,2.887,2.8875,2.892,2.8925,2.892,2.8925,2
2026-04-06 11:43:00,2.886,2.8875,2.8855,2.8875,2.891,2.8925,2.8905,2.8925,7
2026-04-06 11:44:00,2.888,2.8895,2.888,2.889,2.893,2.8945,2.893,2.894,7
2026-04-06 11:45:00,2.888,2.889,2.888,2.889,2.893,2.894,2.893,2.894,5
2026-04-06 11:46:00,2.89,2.89,2.887,2.887,2.895,2.895,2.892,2.892,9
2026-04-06 11:47:00,2.8865,2.8875,2.8865,2.8875,2.8915,2.8925,2.8915,2.8925,4
2026-04-06 11:48:00,2.887,2.8895,2.886,2.889,2.892,2.8945,2.891,2.894,11
2026-04-06 11:49:00,2.8895,2.8905,2.8885,2.889,2.8945,2.8955,2.8935,2.894,9
2026-04-06 11:50:00,2.888,2.8905,2.888,2.89,2.893,2.8955,2.893,2.895,17
2026-04-06 11:51:00,2.8895,2.8895,2.888,2.889,2.8945,2.8945,2.893,2.894,7
2026-04-06 11:52:00,2.89,2.8905,2.89,2.89,2.895,2.8955,2.895,2.895,3
2026-04-06 11:53:00,2.891,2.896,2.89,2.896,2.896,2.901,2.895,2.901,18
2026-04-06 11:54:00,2.897,2.9025,2.896,2.897,2.902,2.9075,2.901,2.902,59
2026-04-06 11:55:00,2.8965,2.901,2.8955,2.901,2.9015,2.906,2.9005,2.906,20
2026-04-06 11:56:00,2.9005,2.902,2.8975,2.902,2.9055,2.907,2.9025,2.907,21
2026-04-06 11:57:00,2.9015,2.905,2.9005,2.903,2.9065,2.91,2.9055,2.908,28
2026-04-06 11:58:00,2.9025,2.904,2.9025,2.903,2.9075,2.909,2.9075,2.908,6
2026-04-06 11:59:00,2.902,2.9035,2.9015,2.902,2.907,2.9085,2.9065,2.907,16
2026-04-06 12:00:00,2.9015,2.9065,2.901,2.9065,2.9065,2.9115,2.906,2.9115,13
2026-04-06 12:01:00,2.907,2.91,2.906,2.9075,2.912,2.915,2.911,2.9125,22
2026-04-06 12:02:00,2.908,2.909,2.907,2.908,2.913,2.914,2.912,2.913,16
2026-04-06 12:03:00,2.9095,2.9095,2.907,2.907,2.9145,2.9145,2.912,2.912,11
2026-04-06 12:04:00,2.9075,2.9075,2.9045,2.9045,2.9125,2.9125,2.9095,2.9095,21
2026-04-06 12:05:00,2.904,2.905,2.9015,2.9035,2.909,2.91,2.9065,2.9085,16
2026-04-06 12:06:00,2.904,2.904,2.9,2.9015,2.909,2.909,2.905,2.9065,19
2026-04-06 12:07:00,2.901,2.9025,2.9005,2.9025,2.906,2.9075,2.9055,2.9075,7
2026-04-06 12:08:00,2.903,2.9035,2.9005,2.902,2.908,2.9085,2.9055,2.907,18
2026-04-06 12:09:00,2.9015,2.9015,2.896,2.896,2.9065,2.9065,2.901,2.901,21
2026-04-06 12:10:00,2.895,2.895,2.892,2.895,2.9,2.9,2.897,2.9,16
2026-04-06 12:11:00,2.8955,2.901,2.893,2.9,2.9005,2.906,2.898,2.905,26
2026-04-06 12:12:00,2.901,2.901,2.898,2.899,2.906,2.906,2.903,2.904,8
2026-04-06 12:13:00,2.8995,2.9025,2.899,2.9025,2.9045,2.9075,2.904,2.9075,9
2026-04-06 12:14:00,2.902,2.905,2.902,2.903,2.907,2.91,2.907,2.908,19
2026-04-06 12:15:00,2.9025,2.904,2.902,2.9025,2.9075,2.909,2.907,2.9075,15
2026-04-06 12:16:00,2.9035,2.9045,2.902,2.902,2.9085,2.9095,2.907,2.907,19
2026-04-06 12:17:00,2.903,2.905,2.903,2.905,2.908,2.91,2.908,2.91,8
2026-04-06 12:18:00,2.9055,2.908,2.9045,2.905,2.9105,2.913,2.9095,2.91,16
2026-04-06 12:19:00,2.9055,2.907,2.9035,2.904,2.9105,2.912,2.9085,2.909,24
2026-04-06 12:20:00,2.905,2.906,2.904,2.905,2.91,2.911,2.909,2.91,10
2026-04-06 12:21:00,2.906,2.907,2.906,2.907,2.911,2.912,2.911,2.912,9
2026-04-06 12:22:00,2.906,2.906,2.903,2.9035,2.911,2.911,2.908,2.9085,9
2026-04-06 12:23:00,2.903,2.905,2.903,2.904,2.908,2.91,2.908,2.909,14
2026-04-06 12:24:00,2.9045,2.906,2.9045,2.906,2.9095,2.911,2.9095,2.911,6
2026-04-06 12:25:00,2.905,2.9065,2.9045,2.905,2.91,2.9115,2.9095,2.91,13
2026-04-06 12:26:00,2.9055,2.906,2.901,2.904,2.9105,2.911,2.906,2.909,14
2026-04-06 12:27:00,2.9045,2.9045,2.903,2.9035,2.9095,2.9095,2.908,2.9085,11
2026-04-06 12:28:00,2.904,2.906,2.9035,2.906,2.909,2.911,2.9085,2.911,9
2026-04-06 12:29:00,2.9055,2.906,2.905,2.905,2.9105,2.911,2.91,2.91,11
2026-04-06 12:30:00,2.9055,2.9055,2.902,2.902,2.9105,2.9105,2.907,2.907,18
2026-04-06 12:31:00,2.9025,2.904,2.9025,2.9025,2.9075,2.909,2.9075,2.9075,9
2026-04-06 12:32:00,2.903,2.9045,2.903,2.9035,2.908,2.9095,2.908,2.9085,9
2026-04-06 12:33:00,2.904,2.905,2.9005,2.905,2.909,2.91,2.9055,2.91,16
2026-04-06 12:34:00,2.904,2.9045,2.904,2.9045,2.909,2.9095,2.909,2.9095,4
2026-04-06 12:35:00,2.904,2.9055,2.904,2.905,2.909,2.9105,2.909,2.91,4
2026-04-06 12:36:00,2.9055,2.906,2.902,2.9035,2.9105,2.911,2.907,2.9085,17
2026-04-06 12:37:00,2.9025,2.9025,2.901,2.902,2.9075,2.9075,2.906,2.907,12
2026-04-06 12:38:00,2.9025,2.9035,2.9015,2.9025,2.9075,2.9085,2.9065,2.9075,12
2026-04-06 12:39:00,2.903,2.904,2.9025,2.904,2.908,2.909,2.9075,2.909,5
2026-04-06 12:40:00,2.903,2.904,2.903,2.904,2.908,2.909,2.908,2.909,8
2026-04-06 12:41:00,2.905,2.908,2.905,2.908,2.91,2.913,2.91,2.913,11
2026-04-06 12:42:00,2.907,2.908,2.907,2.907,2.912,2.913,2.912,2.912,7
2026-04-06 12:43:00,2.9075,2.908,2.9075,2.908,2.9125,2.913,2.9125,2.913,4
2026-04-06 12:44:00,2.9085,2.9085,2.907,2.907,2.9135,2.9135,2.912,2.912,6
2026-04-06 12:45:00,2.908,2.909,2.908,2.9085,2.913,2.914,2.913,2.9135,11
2026-04-06 12:46:00,2.909,2.9225,2.907,2.915,2.914,2.9275,2.912,2.92,74
2026-04-06 12:47:00,2.9165,2.9165,2.914,2.916,2.9215,2.9215,2.919,2.921,26
2026-04-06 12:48:00,2.915,2.917,2.915,2.917,2.92,2.922,2.92,2.922,18
2026-04-06 12:49:00,2.9165,2.918,2.913,2.918,2.9215,2.923,2.918,2.923,20
2026-04-06 12:50:00,2.9175,2.919,2.9135,2.9155,2.9225,2.924,2.9185,2.9205,25
2026-04-06 12:51:00,2.916,2.9175,2.915,2.917,2.921,2.9225,2.92,2.922,10
2026-04-06 12:52:00,2.9165,2.917,2.915,2.917,2.9215,2.922,2.92,2.922,13
2026-04-06 12:53:00,2.9175,2.9175,2.915,2.916,2.9225,2.9225,2.92,2.921,13
2026-04-06 12:54:00,2.9155,2.9155,2.914,2.9145,2.9205,2.9205,2.919,2.9195,13
2026-04-06 12:55:00,2.914,2.914,2.9105,2.9115,2.919,2.919,2.9155,2.9165,17
2026-04-06 12:56:00,2.911,2.912,2.9105,2.912,2.916,2.917,2.9155,2.917,20
2026-04-06 12:57:00,2.9125,2.913,2.9105,2.911,2.9175,2.918,2.9155,2.916,9
2026-04-06 12:58:00,2.9115,2.9115,2.9095,2.9105,2.9165,2.9165,2.9145,2.9155,14
2026-04-06 12:59:00,2.911,2.9115,2.9095,2.91,2.916,2.9165,2.9145,2.915,14
2026-04-06 13:00:00,2.9095,2.912,2.906,2.908,2.9145,2.917,2.911,2.913,35
2026-04-06 13:01:00,2.9085,2.913,2.9085,2.911,2.9135,2.918,2.9135,2.916,14
2026-04-06 13:02:00,2.9115,2.9115,2.904,2.907,2.9165,2.9165,2.909,2.912,19
2026-04-06 13:03:00,2.9065,2.907,2.9025,2.9035,2.9115,2.912,2.9075,2.9085,16
2026-04-06 13:04:00,2.904,2.906,2.9035,2.904,2.909,2.911,2.9085,2.909,18
2026-04-06 13:05:00,2.9045,2.9055,2.9035,2.904,2.9095,2.9105,2.9085,2.909,12
2026-04-06 13:06:00,2.9035,2.9065,2.9035,2.9065,2.9085,2.9115,2.9085,2.9115,10
2026-04-06 13:07:00,2.906,2.9085,2.906,2.907,2.911,2.9135,2.911,2.912,16
2026-04-06 13:08:00,2.9065,2.9065,2.9035,2.905,2.9115,2.9115,2.9085,2.91,17
2026-04-06 13:09:00,2.9055,2.906,2.9025,2.9025,2.9105,2.911,2.9075,2.9075,30
2026-04-06 13:10:00,2.903,2.9045,2.9025,2.903,2.908,2.9095,2.9075,2.908,10
2026-04-06 13:11:00,2.9035,2.905,2.9,2.9015,2.9085,2.91,2.905,2.9065,25
2026-04-06 13:12:00,2.9025,2.903,2.896,2.897,2.9075,2.908,2.901,2.902,22
2026-04-06 13:13:00,2.8975,2.9015,2.897,2.9015,2.9025,2.9065,2.902,2.9065,11
2026-04-06 13:14:00,2.901,2.904,2.9,2.9035,2.906,2.909,2.905,2.9085,26
2026-04-06 13:15:00,2.903,2.904,2.9,2.9005,2.908,2.909,2.905,2.9055,14
2026-04-06 13:16:00,2.9,2.901,2.9,2.9005,2.905,2.906,2.905,2.9055,7
2026-04-06 13:17:00,2.8995,2.8995,2.898,2.8985,2.9045,2.9045,2.903,2.9035,7
2026-04-06 13:18:00,2.898,2.8995,2.896,2.898,2.903,2.9045,2.901,2.903,17
2026-04-06 13:19:00,2.8985,2.8995,2.8975,2.8975,2.9035,2.9045,2.9025,2.9025,16
2026-04-06 13:20:00,2.897,2.8995,2.897,2.899,2.902,2.9045,2.902,2.904,12
2026-04-06 13:21:00,2.898,2.902,2.898,2.902,2.903,2.907,2.903,2.907,9
2026-04-06 13:22:00,2.9015,2.9065,2.9015,2.9065,2.9065,2.9115,2.9065,2.9115,14
2026-04-06 13:23:00,2.907,2.91,2.906,2.9075,2.912,2.915,2.911,2.9125,15
2026-04-06 13:24:00,2.907,2.9085,2.907,2.9085,2.912,2.9135,2.912,2.9135,8
2026-04-06 13:25:00,2.908,2.9085,2.9065,2.907,2.913,2.9135,2.9115,2.912,9
2026-04-06 13:26:00,2.9065,2.909,2.9065,2.9085,2.9115,2.914,2.9115,2.9135,17
2026-04-06 13:27:00,2.908,2.908,2.8945,2.896,2.913,2.913,2.8995,2.901,50
2026-04-06 13:28:00,2.8955,2.8955,2.881,2.883,2.9005,2.9005,2.886,2.888,54
2026-04-06 13:29:00,2.8835,2.888,2.883,2.8875,2.8885,2.893,2.888,2.8925,31
2026-04-06 13:30:00,2.888,2.89,2.887,2.888,2.893,2.895,2.892,2.893,33
2026-04-06 13:31:00,2.887,2.891,2.8845,2.891,2.892,2.896,2.8895,2.896,27
2026-04-06 13:32:00,2.8905,2.892,2.889,2.892,2.8955,2.897,2.894,2.897,13
2026-04-06 13:33:00,2.8925,2.895,2.889,2.893,2.8975,2.9,2.894,2.898,29
2026-04-06 13:34:00,2.8935,2.8965,2.893,2.895,2.8985,2.9015,2.898,2.9,13
2026-04-06 13:35:00,2.8955,2.8965,2.8885,2.892,2.9005,2.9015,2.8935,2.897,18
2026-04-06 13:36:00,2.8925,2.893,2.891,2.891,2.8975,2.898,2.896,2.896,12
2026-04-06 13:37:00,2.892,2.892,2.8885,2.889,2.897,2.897,2.8935,2.894,11
2026-04-06 13:38:00,2.887,2.8925,2.887,2.892,2.892,2.8975,2.892,2.897,11
2026-04-06 13:39:00,2.8925,2.8925,2.8875,2.888,2.8975,2.8975,2.8925,2.893,17
2026-04-06 13:40:00,2.8875,2.8905,2.887,2.89,2.8925,2.8955,2.892,2.895,10
2026-04-06 13:41:00,2.891,2.892,2.89,2.891,2.896,2.897,2.895,2.896,9
2026-04-06 13:42:00,2.8915,2.893,2.891,2.893,2.8965,2.898,2.896,2.898,16
2026-04-06 13:43:00,2.8935,2.895,2.8925,2.8925,2.8985,2.9,2.8975,2.8975,17
2026-04-06 13:44:00,2.893,2.8955,2.893,2.895,2.898,2.9005,2.898,2.9,15
2026-04-06 13:45:00,2.8945,2.8945,2.8925,2.893,2.8995,2.8995,2.8975,2.898,10
2026-04-06 13:46:00,2.89,2.89,2.882,2.885,2.895,2.895,2.887,2.89,22
2026-04-06 13:47:00,2.8835,2.8855,2.88,2.8855,2.8885,2.8905,2.885,2.8905,20
2026-04-06 13:48:00,2.885,2.886,2.881,2.881,2.89,2.891,2.886,2.886,12
2026-04-06 13:49:00,2.8815,2.8825,2.88,2.881,2.8865,2.8875,2.885,2.886,16
2026-04-06 13:50:00,2.8805,2.8805,2.8765,2.877,2.8855,2.8855,2.8815,2.882,16
2026-04-06 13:51:00,2.8775,2.8815,2.8775,2.881,2.8825,2.8865,2.8825,2.886,16
2026-04-06 13:52:00,2.882,2.8855,2.8815,2.8855,2.887,2.8905,2.8865,2.8905,11
2026-04-06 13:53:00,2.886,2.886,2.883,2.8835,2.891,2.891,2.888,2.8885,9
2026-04-06 13:54:00,2.884,2.885,2.881,2.881,2.889,2.89,2.886,2.886,11
2026-04-06 13:55:00,2.8805,2.8805,2.878,2.879,2.8855,2.8855,2.883,2.884,18
2026-04-06 13:56:00,2.88,2.881,2.8795,2.881,2.885,2.886,2.8845,2.886,9
2026-04-06 13:57:00,2.8815,2.882,2.879,2.881,2.8865,2.887,2.884,2.886,39
2026-04-06 13:58:00,2.882,2.883,2.881,2.881,2.887,2.888,2.886,2.886,11
2026-04-06 13:59:00,2.8815,2.886,2.8815,2.885,2.8865,2.891,2.8865,2.89,18
2026-04-06 14:00:00,2.8855,2.8885,2.884,2.887,2.8905,2.8935,2.889,2.892,31
2026-04-06 14:01:00,2.886,2.8865,2.881,2.8865,2.891,2.8915,2.886,2.8915,30
2026-04-06 14:02:00,2.886,2.892,2.886,2.891,2.891,2.897,2.891,2.896,24
2026-04-06 14:03:00,2.89,2.892,2.886,2.891,2.895,2.897,2.891,2.896,22
2026-04-06 14:04:00,2.89,2.8965,2.89,2.8955,2.895,2.9015,2.895,2.9005,25
2026-04-06 14:05:00,2.896,2.898,2.8915,2.8915,2.901,2.903,2.8965,2.8965,30
2026-04-06 14:06:00,2.891,2.893,2.8905,2.891,2.896,2.898,2.8955,2.896,17
2026-04-06 14:07:00,2.8905,2.8935,2.8905,2.8935,2.8955,2.8985,2.8955,2.8985,21
2026-04-06 14:08:00,2.893,2.8945,2.893,2.8945,2.898,2.8995,2.898,2.8995,5
2026-04-06 14:09:00,2.894,2.894,2.893,2.894,2.899,2.899,2.898,2.899,4
2026-04-06 14:10:00,2.893,2.8935,2.8825,2.885,2.898,2.8985,2.8875,2.89,25
2026-04-06 14:11:00,2.886,2.893,2.885,2.892,2.891,2.898,2.89,2.897,22
2026-04-06 14:12:00,2.8915,2.895,2.891,2.894,2.8965,2.9,2.896,2.899,18
2026-04-06 14:13:00,2.8935,2.896,2.8935,2.896,2.8985,2.901,2.8985,2.901,20
2026-04-06 14:14:00,2.897,2.897,2.895,2.895,2.902,2.902,2.9,2.9,10
2026-04-06 14:15:00,2.894,2.8945,2.89,2.891,2.899,2.8995,2.895,2.896,16
2026-04-06 14:16:00,2.89,2.894,2.89,2.893,2.895,2.899,2.895,2.898,24
2026-04-06 14:17:00,2.8925,2.894,2.891,2.8925,2.8975,2.899,2.896,2.8975,22
2026-04-06 14:18:00,2.8915,2.8955,2.8915,2.894,2.8965,2.9005,2.8965,2.899,15
2026-04-06 14:19:00,2.893,2.8945,2.892,2.893,2.898,2.8995,2.897,2.898,17
2026-04-06 14:20:00,2.8935,2.895,2.8915,2.895,2.8985,2.9,2.8965,2.9,21
2026-04-06 14:21:00,2.8945,2.9015,2.894,2.901,2.8995,2.9065,2.899,2.906,41
2026-04-06 14:22:00,2.902,2.904,2.9,2.904,2.907,2.909,2.905,2.909,20
2026-04-06 14:23:00,2.903,2.904,2.901,2.901,2.908,2.909,2.906,2.906,18
2026-04-06 14:24:00,2.9,2.904,2.9,2.903,2.905,2.909,2.905,2.908,14
2026-04-06 14:25:00,2.9025,2.904,2.902,2.902,2.9075,2.909,2.907,2.907,18
2026-04-06 14:26:00,2.901,2.904,2.9,2.901,2.906,2.909,2.905,2.906,20
2026-04-06 14:27:00,2.9005,2.902,2.899,2.902,2.9055,2.907,2.904,2.907,18
2026-04-06 14:28:00,2.9015,2.902,2.9005,2.901,2.9065,2.907,2.9055,2.906,11
2026-04-06 14:29:00,2.9015,2.908,2.9015,2.907,2.9065,2.913,2.9065,2.912,21
2026-04-06 14:30:00,2.9075,2.909,2.905,2.909,2.9125,2.914,2.91,2.914,14
2026-04-06 14:31:00,2.9085,2.909,2.906,2.909,2.9135,2.914,2.911,2.914,15
2026-04-06 14:32:00,2.91,2.911,2.907,2.911,2.915,2.916,2.912,2.916,12
2026-04-06 14:33:00,2.9115,2.9115,2.9055,2.908,2.9165,2.9165,2.9105,2.913,23
2026-04-06 14:34:00,2.907,2.907,2.904,2.9065,2.912,2.912,2.909,2.9115,17
2026-04-06 14:35:00,2.906,2.9065,2.9,2.903,2.911,2.9115,2.905,2.908,28
2026-04-06 14:36:00,2.9035,2.906,2.903,2.9035,2.9085,2.911,2.908,2.9085,15
2026-04-06 14:37:00,2.904,2.906,2.901,2.902,2.909,2.911,2.906,2.907,17
2026-04-06 14:38:00,2.9025,2.907,2.9025,2.904,2.9075,2.912,2.9075,2.909,12
2026-04-06 14:39:00,2.9045,2.9045,2.904,2.904,2.9095,2.9095,2.909,2.909,8
2026-04-06 14:40:00,2.905,2.907,2.904,2.906,2.91,2.912,2.909,2.911,17
2026-04-06 14:41:00,2.905,2.907,2.9045,2.9045,2.91,2.912,2.9095,2.9095,16
2026-04-06 14:42:00,2.905,2.905,2.9,2.904,2.91,2.91,2.905,2.909,20
2026-04-06 14:43:00,2.9045,2.905,2.9035,2.9045,2.9095,2.91,2.9085,2.9095,11
2026-04-06 14:44:00,2.904,2.905,2.902,2.902,2.909,2.91,2.907,2.907,17
2026-04-06 14:45:00,2.9015,2.9015,2.8915,2.893,2.9065,2.9065,2.8965,2.898,65
2026-04-06 14:46:00,2.8935,2.899,2.8925,2.898,2.8985,2.904,2.8975,2.903,21
2026-04-06 14:47:00,2.8985,2.8985,2.8945,2.8945,2.9035,2.9035,2.8995,2.8995,15
2026-04-06 14:48:00,2.895,2.8955,2.891,2.893,2.9,2.9005,2.896,2.898,35
2026-04-06 14:49:00,2.8935,2.897,2.893,2.896,2.8985,2.902,2.898,2.901,19
2026-04-06 14:50:00,2.897,2.897,2.894,2.8945,2.902,2.902,2.899,2.8995,13
2026-04-06 14:51:00,2.893,2.896,2.8925,2.8945,2.898,2.901,2.8975,2.8995,20
2026-04-06 14:52:00,2.895,2.895,2.893,2.8945,2.9,2.9,2.898,2.8995,13
2026-04-06 14:53:00,2.894,2.8985,2.893,2.8985,2.899,2.9035,2.898,2.9035,19
2026-04-06 14:54:00,2.898,2.9,2.8965,2.8985,2.903,2.905,2.9015,2.9035,24
2026-04-06 14:55:00,2.898,2.9,2.898,2.9,2.903,2.905,2.903,2.905,7
2026-04-06 14:56:00,2.899,2.9,2.895,2.8965,2.904,2.905,2.9,2.9015,9
2026-04-06 14:57:00,2.899,2.9,2.898,2.8985,2.904,2.905,2.903,2.9035,16
2026-04-06 14:58:00,2.8995,2.9025,2.8975,2.899,2.9045,2.9075,2.9025,2.904,38
2026-04-06 14:59:00,2.898,2.912,2.898,2.9085,2.903,2.917,2.903,2.9135,55
2026-04-06 15:00:00,2.909,2.913,2.906,2.9125,2.914,2.918,2.911,2.9175,87
2026-04-06 15:01:00,2.911,2.914,2.91,2.914,2.916,2.919,2.915,2.919,24
2026-04-06 15:02:00,2.915,2.919,2.914,2.918,2.92,2.924,2.919,2.923,27
2026-04-06 15:03:00,2.9185,2.921,2.917,2.9185,2.9235,2.926,2.922,2.9235,32
2026-04-06 15:04:00,2.919,2.922,2.918,2.92,2.924,2.927,2.923,2.925,37
2026-04-06 15:05:00,2.9205,2.923,2.913,2.9165,2.9255,2.928,2.918,2.9215,56
2026-04-06 15:06:00,2.918,2.924,2.915,2.922,2.923,2.929,2.92,2.927,41
2026-04-06 15:07:00,2.9225,2.925,2.919,2.9205,2.9275,2.93,2.924,2.9255,42
2026-04-06 15:08:00,2.92,2.9215,2.9175,2.921,2.925,2.9265,2.9225,2.926,26
2026-04-06 15:09:00,2.9215,2.923,2.92,2.921,2.9265,2.928,2.925,2.926,25
2026-04-06 15:10:00,2.922,2.924,2.922,2.9225,2.927,2.929,2.927,2.9275,12
2026-04-06 15:11:00,2.9235,2.927,2.923,2.926,2.9285,2.932,2.928,2.931,23
2026-04-06 15:12:00,2.925,2.928,2.923,2.923,2.93,2.933,2.928,2.928,14
2026-04-06 15:13:00,2.924,2.924,2.919,2.92,2.929,2.929,2.924,2.925,19
2026-04-06 15:14:00,2.9205,2.923,2.918,2.923,2.9255,2.928,2.923,2.928,32
2026-04-06 15:15:00,2.9225,2.9225,2.917,2.918,2.9275,2.9275,2.922,2.923,32
2026-04-06 15:16:00,2.9185,2.922,2.918,2.922,2.9235,2.927,2.923,2.927,22
2026-04-06 15:17:00,2.921,2.9235,2.919,2.922,2.926,2.9285,2.924,2.927,28
2026-04-06 15:18:00,2.9215,2.9215,2.9175,2.9205,2.9265,2.9265,2.9225,2.9255,14
2026-04-06 15:19:00,2.92,2.921,2.916,2.917,2.925,2.926,2.921,2.922,26
2026-04-06 15:20:00,2.918,2.92,2.9155,2.92,2.923,2.925,2.9205,2.925,24
2026-04-06 15:21:00,2.919,2.92,2.912,2.913,2.924,2.925,2.917,2.918,21
2026-04-06 15:22:00,2.9125,2.916,2.911,2.915,2.9175,2.921,2.916,2.92,25
2026-04-06 15:23:00,2.914,2.919,2.914,2.915,2.919,2.924,2.919,2.92,23
2026-04-06 15:24:00,2.914,2.915,2.911,2.912,2.919,2.92,2.916,2.917,17
2026-04-06 15:25:00,2.9125,2.916,2.9125,2.915,2.9175,2.921,2.9175,2.92,24
2026-04-06 15:26:00,2.916,2.916,2.91,2.911,2.921,2.921,2.915,2.916,26
2026-04-06 15:27:00,2.913,2.915,2.912,2.914,2.918,2.92,2.917,2.919,13
2026-04-06 15:28:00,2.915,2.916,2.913,2.914,2.92,2.921,2.918,2.919,26
2026-04-06 15:29:00,2.915,2.918,2.913,2.918,2.92,2.923,2.918,2.923,50
2026-04-06 15:30:00,2.9185,2.919,2.911,2.913,2.9235,2.924,2.916,2.918,114
2026-04-06 15:31:00,2.912,2.913,2.907,2.9125,2.917,2.918,2.912,2.9175,80
2026-04-06 15:32:00,2.912,2.9125,2.908,2.912,2.917,2.9175,2.913,2.917,68
2026-04-06 15:33:00,2.9125,2.9145,2.9085,2.9095,2.9175,2.9195,2.9135,2.9145,58
2026-04-06 15:34:00,2.91,2.92,2.9095,2.9185,2.915,2.925,2.9145,2.9235,49
2026-04-06 15:35:00,2.919,2.9195,2.913,2.915,2.924,2.9245,2.918,2.92,66
2026-04-06 15:36:00,2.916,2.92,2.9145,2.919,2.921,2.925,2.9195,2.924,27
2026-04-06 15:37:00,2.918,2.918,2.913,2.913,2.923,2.923,2.918,2.918,39
2026-04-06 15:38:00,2.9125,2.915,2.9105,2.913,2.9175,2.92,2.9155,2.918,35
2026-04-06 15:39:00,2.9125,2.917,2.911,2.916,2.9175,2.922,2.916,2.921,33
2026-04-06 15:40:00,2.9165,2.917,2.91,2.91,2.9215,2.922,2.915,2.915,23
2026-04-06 15:41:00,2.9095,2.911,2.896,2.897,2.9145,2.916,2.901,2.902,54
2026-04-06 15:42:00,2.8965,2.9,2.8965,2.9,2.9015,2.905,2.9015,2.905,28
2026-04-06 15:43:00,2.9005,2.908,2.9,2.907,2.9055,2.913,2.905,2.912,24
2026-04-06 15:44:00,2.9065,2.9105,2.906,2.9105,2.9115,2.9155,2.911,2.9155,25
2026-04-06 15:45:00,2.91,2.911,2.904,2.905,2.915,2.916,2.909,2.91,34
2026-04-06 15:46:00,2.9045,2.906,2.901,2.902,2.9095,2.911,2.906,2.907,34
2026-04-06 15:47:00,2.9025,2.904,2.895,2.9,2.9075,2.909,2.9,2.905,58
2026-04-06 15:48:00,2.8995,2.9015,2.898,2.899,2.9045,2.9065,2.903,2.904,31
2026-04-06 15:49:00,2.8985,2.904,2.8985,2.903,2.9035,2.909,2.9035,2.908,26
2026-04-06 15:50:00,2.9025,2.9035,2.899,2.901,2.9075,2.9085,2.904,2.906,24
2026-04-06 15:51:00,2.9015,2.9015,2.8965,2.897,2.9065,2.9065,2.9015,2.902,17
2026-04-06 15:52:00,2.8965,2.899,2.8965,2.898,2.9015,2.904,2.9015,2.903,23
2026-04-06 15:53:00,2.897,2.899,2.897,2.898,2.902,2.904,2.902,2.903,10
2026-04-06 15:54:00,2.897,2.9,2.897,2.9,2.902,2.905,2.902,2.905,17
2026-04-06 15:55:00,2.899,2.903,2.897,2.902,2.904,2.908,2.902,2.907,29
2026-04-06 15:56:00,2.9015,2.902,2.8975,2.9,2.9065,2.907,2.9025,2.905,20
2026-04-06 15:57:00,2.9005,2.903,2.8975,2.8975,2.9055,2.908,2.9025,2.9025,39
2026-04-06 15:58:00,2.898,2.902,2.897,2.9,2.903,2.907,2.902,2.905,15
2026-04-06 15:59:00,2.901,2.904,2.9,2.9035,2.906,2.909,2.905,2.9085,31
2026-04-06 16:00:00,2.902,2.903,2.898,2.899,2.907,2.908,2.903,2.904,36
2026-04-06 16:01:00,2.9,2.904,2.9,2.9015,2.905,2.909,2.905,2.9065,24
2026-04-06 16:02:00,2.901,2.902,2.899,2.9005,2.906,2.907,2.904,2.9055,25
2026-04-06 16:03:00,2.9015,2.904,2.899,2.903,2.9065,2.909,2.904,2.908,31
2026-04-06 16:04:00,2.9025,2.904,2.8955,2.9005,2.9075,2.909,2.9005,2.9055,37
2026-04-06 16:05:00,2.901,2.905,2.9,2.905,2.906,2.91,2.905,2.91,18
2026-04-06 16:06:00,2.9045,2.9045,2.899,2.902,2.9095,2.9095,2.904,2.907,40
2026-04-06 16:07:00,2.901,2.902,2.898,2.901,2.906,2.907,2.903,2.906,31
2026-04-06 16:08:00,2.9005,2.9005,2.898,2.9,2.9055,2.9055,2.903,2.905,8
2026-04-06 16:09:00,2.899,2.8995,2.89,2.89,2.904,2.9045,2.895,2.895,20
2026-04-06 16:10:00,2.889,2.892,2.8825,2.884,2.894,2.897,2.8875,2.889,54
2026-04-06 16:11:00,2.8835,2.886,2.882,2.884,2.8885,2.891,2.887,2.889,29
2026-04-06 16:12:00,2.8835,2.884,2.88,2.884,2.8885,2.889,2.885,2.889,35
2026-04-06 16:13:00,2.8835,2.8835,2.873,2.8745,2.8885,2.8885,2.878,2.8795,51
2026-04-06 16:14:00,2.875,2.8755,2.873,2.8755,2.88,2.8805,2.878,2.8805,29
2026-04-06 16:15:00,2.8745,2.876,2.8735,2.8735,2.8795,2.881,2.8785,2.8785,18
2026-04-06 16:16:00,2.873,2.873,2.871,2.872,2.878,2.878,2.876,2.877,24
2026-04-06 16:17:00,2.8715,2.873,2.864,2.869,2.8765,2.878,2.869,2.874,49
2026-04-06 16:18:00,2.868,2.871,2.868,2.8695,2.873,2.876,2.873,2.8745,16
2026-04-06 16:19:00,2.87,2.8705,2.8645,2.8645,2.875,2.8755,2.8695,2.8695,36
2026-04-06 16:20:00,2.864,2.869,2.8635,2.8675,2.869,2.874,2.8685,2.8725,22
2026-04-06 16:21:00,2.868,2.869,2.865,2.867,2.873,2.874,2.87,2.872,35
2026-04-06 16:22:00,2.868,2.869,2.8665,2.8675,2.873,2.874,2.8715,2.8725,20
2026-04-06 16:23:00,2.868,2.868,2.863,2.8645,2.873,2.873,2.868,2.8695,33
2026-04-06 16:24:00,2.863,2.867,2.861,2.866,2.868,2.872,2.866,2.871,23
2026-04-06 16:25:00,2.867,2.8675,2.8645,2.8645,2.872,2.8725,2.8695,2.8695,28
2026-04-06 16:26:00,2.864,2.8655,2.8615,2.8615,2.869,2.8705,2.8665,2.8665,30
2026-04-06 16:27:00,2.861,2.8645,2.861,2.8645,2.866,2.8695,2.866,2.8695,26
2026-04-06 16:28:00,2.865,2.866,2.861,2.861,2.87,2.871,2.866,2.866,27
2026-04-06 16:29:00,2.862,2.864,2.861,2.8625,2.867,2.869,2.866,2.8675,18
2026-04-06 16:30:00,2.863,2.863,2.859,2.862,2.868,2.868,2.864,2.867,21
2026-04-06 16:31:00,2.8615,2.863,2.861,2.8615,2.8665,2.868,2.866,2.8665,32
2026-04-06 16:32:00,2.861,2.863,2.859,2.862,2.866,2.868,2.864,2.867,37
2026-04-06 16:33:00,2.864,2.867,2.862,2.863,2.869,2.872,2.867,2.868,30
2026-04-06 16:34:00,2.8625,2.863,2.859,2.86,2.8675,2.868,2.864,2.865,23
2026-04-06 16:35:00,2.859,2.8665,2.859,2.8645,2.864,2.8715,2.864,2.8695,33
2026-04-06 16:36:00,2.865,2.867,2.863,2.8645,2.87,2.872,2.868,2.8695,24
2026-04-06 16:37:00,2.864,2.8655,2.864,2.865,2.869,2.8705,2.869,2.87,22
2026-04-06 16:38:00,2.8655,2.8735,2.86,2.872,2.8705,2.8785,2.865,2.877,149
2026-04-06 16:39:00,2.8725,2.8735,2.869,2.871,2.8775,2.8785,2.874,2.876,36
2026-04-06 16:40:00,2.8715,2.874,2.866,2.867,2.8765,2.879,2.871,2.872,48
2026-04-06 16:41:00,2.8665,2.869,2.864,2.866,2.8715,2.874,2.869,2.871,52
2026-04-06 16:42:00,2.8665,2.8735,2.866,2.873,2.8715,2.8785,2.871,2.878,32
2026-04-06 16:43:00,2.874,2.876,2.8725,2.8745,2.879,2.881,2.8775,2.8795,35
2026-04-06 16:44:00,2.874,2.874,2.87,2.8715,2.879,2.879,2.875,2.8765,32
2026-04-06 16:45:00,2.871,2.871,2.869,2.8695,2.876,2.876,2.874,2.8745,15
2026-04-06 16:46:00,2.87,2.87,2.866,2.868,2.875,2.875,2.871,2.873,29
2026-04-06 16:47:00,2.867,2.869,2.866,2.867,2.872,2.874,2.871,2.872,31
2026-04-06 16:48:00,2.8665,2.872,2.865,2.871,2.8715,2.877,2.87,2.876,16
2026-04-06 16:49:00,2.8715,2.876,2.8715,2.873,2.8765,2.881,2.8765,2.878,26
2026-04-06 16:50:00,2.872,2.873,2.869,2.8695,2.877,2.878,2.874,2.8745,27
2026-04-06 16:51:00,2.869,2.873,2.869,2.872,2.874,2.878,2.874,2.877,31
2026-04-06 16:52:00,2.8725,2.874,2.869,2.871,2.8775,2.879,2.874,2.876,27
2026-04-06 16:53:00,2.8705,2.872,2.87,2.871,2.8755,2.877,2.875,2.876,20
2026-04-06 16:54:00,2.8705,2.875,2.869,2.874,2.8755,2.88,2.874,2.879,15
2026-04-06 16:55:00,2.8735,2.877,2.8725,2.8725,2.8785,2.882,2.8775,2.8775,21
2026-04-06 16:56:00,2.872,2.875,2.8705,2.873,2.877,2.88,2.8755,2.878,24
2026-04-06 16:57:00,2.8725,2.873,2.869,2.87,2.8775,2.878,2.874,2.875,30
2026-04-06 16:58:00,2.8695,2.876,2.8695,2.874,2.8745,2.881,2.8745,2.879,17
2026-04-06 16:59:00,2.8735,2.877,2.8735,2.875,2.8785,2.882,2.8785,2.88,25
2026-04-06 17:00:00,2.876,2.879,2.8755,2.8775,2.881,2.884,2.8805,2.8825,26
2026-04-06 17:01:00,2.877,2.879,2.874,2.8775,2.882,2.884,2.879,2.8825,31
2026-04-06 17:02:00,2.877,2.879,2.874,2.876,2.882,2.884,2.879,2.881,21
2026-04-06 17:03:00,2.8755,2.878,2.875,2.8775,2.8805,2.883,2.88,2.8825,19
2026-04-06 17:04:00,2.8765,2.878,2.8765,2.877,2.8815,2.883,2.8815,2.882,12
2026-04-06 17:05:00,2.878,2.88,2.8775,2.8795,2.883,2.885,2.8825,2.8845,15
2026-04-06 17:06:00,2.879,2.888,2.879,2.887,2.884,2.893,2.884,2.892,29
2026-04-06 17:07:00,2.8865,2.888,2.884,2.884,2.8915,2.893,2.889,2.889,40
2026-04-06 17:08:00,2.8845,2.891,2.884,2.89,2.8895,2.896,2.889,2.895,35
2026-04-06 17:09:00,2.891,2.892,2.886,2.8905,2.896,2.897,2.891,2.8955,39
2026-04-06 17:10:00,2.891,2.892,2.88,2.881,2.896,2.897,2.885,2.886,60
2026-04-06 17:11:00,2.88,2.885,2.88,2.881,2.885,2.89,2.885,2.886,36
2026-04-06 17:12:00,2.882,2.884,2.88,2.8805,2.887,2.889,2.885,2.8855,29
2026-04-06 17:13:00,2.881,2.882,2.876,2.88,2.886,2.887,2.881,2.885,49
2026-04-06 17:14:00,2.881,2.889,2.881,2.886,2.886,2.894,2.886,2.891,52
2026-04-06 17:15:00,2.8855,2.8875,2.883,2.886,2.8905,2.8925,2.888,2.891,31
2026-04-06 17:16:00,2.887,2.891,2.886,2.891,2.892,2.896,2.891,2.896,15
2026-04-06 17:17:00,2.8905,2.891,2.889,2.8905,2.8955,2.896,2.894,2.8955,21
2026-04-06 17:18:00,2.89,2.893,2.8895,2.893,2.895,2.898,2.8945,2.898,21
2026-04-06 17:19:00,2.8925,2.8925,2.8885,2.8885,2.8975,2.8975,2.8935,2.8935,19
2026-04-06 17:20:00,2.889,2.89,2.888,2.89,2.894,2.895,2.893,2.895,7
2026-04-06 17:21:00,2.891,2.891,2.888,2.8885,2.896,2.896,2.893,2.8935,15
2026-04-06 17:22:00,2.888,2.89,2.886,2.89,2.893,2.895,2.891,2.895,23
2026-04-06 17:23:00,2.889,2.89,2.888,2.89,2.894,2.895,2.893,2.895,11
2026-04-06 17:24:00,2.8905,2.891,2.888,2.889,2.8955,2.896,2.893,2.894,13
2026-04-06 17:25:00,2.8885,2.893,2.8885,2.891,2.8935,2.898,2.8935,2.896,14
2026-04-06 17:26:00,2.8915,2.8925,2.8895,2.8895,2.8965,2.8975,2.8945,2.8945,13
2026-04-06 17:27:00,2.89,2.891,2.888,2.8885,2.895,2.896,2.893,2.8935,13
2026-04-06 17:28:00,2.889,2.8905,2.889,2.889,2.894,2.8955,2.894,2.894,13
2026-04-06 17:29:00,2.8885,2.89,2.886,2.8875,2.8935,2.895,2.891,2.8925,12
2026-04-06 17:30:00,2.886,2.888,2.885,2.886,2.891,2.893,2.89,2.891,9
2026-04-06 17:31:00,2.8865,2.8865,2.884,2.886,2.8915,2.8915,2.889,2.891,11
2026-04-06 17:32:00,2.885,2.8865,2.885,2.886,2.89,2.8915,2.89,2.891,3
2026-04-06 17:33:00,2.885,2.885,2.883,2.883,2.89,2.89,2.888,2.888,11
2026-04-06 17:34:00,2.8835,2.888,2.883,2.8865,2.8885,2.893,2.888,2.8915,27
2026-04-06 17:35:00,2.887,2.888,2.885,2.886,2.892,2.893,2.89,2.891,6
2026-04-06 17:36:00,2.8865,2.888,2.886,2.888,2.8915,2.893,2.891,2.893,16
2026-04-06 17:37:00,2.8875,2.89,2.8875,2.89,2.8925,2.895,2.8925,2.895,14
2026-04-06 17:38:00,2.8905,2.8905,2.886,2.887,2.8955,2.8955,2.891,2.892,23
2026-04-06 17:39:00,2.8865,2.887,2.885,2.885,2.8915,2.892,2.89,2.89,17
2026-04-06 17:40:00,2.8855,2.887,2.883,2.887,2.8905,2.892,2.888,2.892,20
2026-04-06 17:41:00,2.8875,2.888,2.887,2.887,2.8925,2.893,2.892,2.892,12
2026-04-06 17:42:00,2.8865,2.89,2.886,2.886,2.8915,2.895,2.891,2.891,20
2026-04-06 17:43:00,2.8855,2.887,2.885,2.886,2.8905,2.892,2.89,2.891,7
2026-04-06 17:44:00,2.8855,2.8855,2.881,2.882,2.8905,2.8905,2.886,2.887,11
2026-04-06 17:45:00,2.8815,2.8825,2.879,2.88,2.8865,2.8875,2.884,2.885,19
2026-04-06 17:46:00,2.8795,2.8795,2.874,2.8745,2.8845,2.8845,2.879,2.8795,27
2026-04-06 17:47:00,2.875,2.876,2.874,2.875,2.88,2.881,2.879,2.88,14
2026-04-06 17:48:00,2.8755,2.877,2.875,2.877,2.8805,2.882,2.88,2.882,22
2026-04-06 17:49:00,2.8765,2.877,2.8755,2.8755,2.8815,2.882,2.8805,2.8805,7
2026-04-06 17:50:00,2.8765,2.8775,2.875,2.875,2.8815,2.8825,2.88,2.88,6
2026-04-06 17:51:00,2.876,2.876,2.873,2.873,2.881,2.881,2.878,2.878,5
2026-04-06 17:52:00,2.872,2.872,2.868,2.868,2.877,2.877,2.873,2.873,9
2026-04-06 17:53:00,2.869,2.869,2.8685,2.869,2.874,2.874,2.8735,2.874,3
2026-04-06 17:54:00,2.87,2.873,2.869,2.872,2.875,2.878,2.874,2.877,18
2026-04-06 17:55:00,2.8715,2.872,2.869,2.872,2.8765,2.877,2.874,2.877,16
2026-04-06 17:56:00,2.8725,2.875,2.8725,2.874,2.8775,2.88,2.8775,2.879,10
2026-04-06 17:57:00,2.8735,2.874,2.872,2.873,2.8785,2.879,2.877,2.878,10
2026-04-06 17:58:00,2.8725,2.8725,2.87,2.87,2.8775,2.8775,2.875,2.875,10
2026-04-06 17:59:00,2.869,2.87,2.869,2.87,2.874,2.875,2.874,2.875,4
2026-04-06 18:00:00,2.869,2.874,2.869,2.8735,2.874,2.879,2.874,2.8785,25
2026-04-06 18:01:00,2.873,2.873,2.871,2.8715,2.878,2.878,2.876,2.8765,16
2026-04-06 18:02:00,2.871,2.8735,2.871,2.873,2.876,2.8785,2.876,2.878,6
2026-04-06 18:03:00,2.872,2.873,2.871,2.8715,2.877,2.878,2.876,2.8765,16
2026-04-06 18:04:00,2.872,2.873,2.8715,2.873,2.877,2.878,2.8765,2.878,11
2026-04-06 18:05:00,2.8725,2.8735,2.87,2.871,2.8775,2.8785,2.875,2.876,22
2026-04-06 18:06:00,2.872,2.874,2.872,2.8725,2.877,2.879,2.877,2.8775,11
2026-04-06 18:07:00,2.873,2.8755,2.873,2.874,2.878,2.8805,2.878,2.879,6
2026-04-06 18:08:00,2.875,2.875,2.87,2.872,2.88,2.88,2.875,2.877,19
2026-04-06 18:09:00,2.873,2.873,2.8715,2.8725,2.878,2.878,2.8765,2.8775,15
2026-04-06 18:10:00,2.872,2.872,2.8695,2.87,2.877,2.877,2.8745,2.875,11
2026-04-06 18:11:00,2.8695,2.874,2.8695,2.873,2.8745,2.879,2.8745,2.878,18
2026-04-06 18:12:00,2.8725,2.873,2.871,2.871,2.8775,2.878,2.876,2.876,11
2026-04-06 18:13:00,2.87,2.872,2.87,2.872,2.875,2.877,2.875,2.877,4
2026-04-06 18:14:00,2.8725,2.873,2.871,2.871,2.8775,2.878,2.876,2.876,9
2026-04-06 18:15:00,2.87,2.872,2.869,2.871,2.875,2.877,2.874,2.876,15
2026-04-06 18:16:00,2.87,2.872,2.87,2.872,2.875,2.877,2.875,2.877,13
2026-04-06 18:17:00,2.8715,2.8725,2.871,2.872,2.8765,2.8775,2.876,2.877,10
2026-04-06 18:18:00,2.8715,2.873,2.871,2.872,2.8765,2.878,2.876,2.877,13
2026-04-06 18:19:00,2.8725,2.873,2.87,2.87,2.8775,2.878,2.875,2.875,11
2026-04-06 18:20:00,2.871,2.871,2.87,2.871,2.876,2.876,2.875,2.876,3
2026-04-06 18:21:00,2.8715,2.874,2.871,2.874,2.8765,2.879,2.876,2.879,15
2026-04-06 18:22:00,2.8735,2.875,2.873,2.8745,2.8785,2.88,2.878,2.8795,11
2026-04-06 18:23:00,2.875,2.876,2.8745,2.876,2.88,2.881,2.8795,2.881,8
2026-04-06 18:24:00,2.875,2.877,2.875,2.877,2.88,2.882,2.88,2.882,5
2026-04-06 18:25:00,2.8765,2.877,2.874,2.8745,2.8815,2.882,2.879,2.8795,12
2026-04-06 18:26:00,2.874,2.8745,2.871,2.871,2.879,2.8795,2.876,2.876,9
2026-04-06 18:27:00,2.8705,2.871,2.869,2.871,2.8755,2.876,2.874,2.876,15
2026-04-06 18:28:00,2.8715,2.872,2.8705,2.8705,2.8765,2.877,2.8755,2.8755,10
2026-04-06 18:29:00,2.87,2.872,2.869,2.8705,2.875,2.877,2.874,2.8755,20
2026-04-06 18:30:00,2.871,2.8715,2.869,2.8715,2.876,2.8765,2.874,2.8765,17
2026-04-06 18:31:00,2.872,2.875,2.872,2.873,2.877,2.88,2.877,2.878,19
2026-04-06 18:32:00,2.872,2.874,2.872,2.874,2.877,2.879,2.877,2.879,4
2026-04-06 18:33:00,2.875,2.8765,2.874,2.876,2.88,2.8815,2.879,2.881,16
2026-04-06 18:34:00,2.8765,2.877,2.8755,2.876,2.8815,2.882,2.8805,2.881,5
2026-04-06 18:35:00,2.8755,2.88,2.875,2.8785,2.8805,2.885,2.88,2.8835,17
2026-04-06 18:36:00,2.879,2.8795,2.878,2.879,2.884,2.8845,2.883,2.884,9
2026-04-06 18:37:00,2.8785,2.879,2.8775,2.878,2.8835,2.884,2.8825,2.883,12
2026-04-06 18:38:00,2.8775,2.879,2.877,2.879,2.8825,2.884,2.882,2.884,11
2026-04-06 18:39:00,2.8795,2.8805,2.878,2.878,2.8845,2.8855,2.883,2.883,17
2026-04-06 18:40:00,2.8785,2.879,2.878,2.879,2.8835,2.884,2.883,2.884,9
2026-04-06 18:41:00,2.8795,2.88,2.879,2.879,2.8845,2.885,2.884,2.884,3
2026-04-06 18:42:00,2.878,2.879,2.878,2.878,2.883,2.884,2.883,2.883,8
2026-04-06 18:43:00,2.8785,2.8785,2.875,2.875,2.8835,2.8835,2.88,2.88,12
2026-04-06 18:44:00,2.8755,2.8765,2.8735,2.8735,2.8805,2.8815,2.8785,2.8785,16
2026-04-06 18:45:00,2.873,2.875,2.873,2.875,2.878,2.88,2.878,2.88,11
2026-04-06 18:46:00,2.876,2.877,2.876,2.8765,2.881,2.882,2.881,2.8815,4
2026-04-06 18:47:00,2.876,2.877,2.875,2.8765,2.881,2.882,2.88,2.8815,9
2026-04-06 18:48:00,2.876,2.878,2.875,2.875,2.881,2.883,2.88,2.88,19
2026-04-06 18:49:00,2.876,2.876,2.8745,2.875,2.881,2.881,2.8795,2.88,8
2026-04-06 18:50:00,2.876,2.876,2.875,2.8755,2.881,2.881,2.88,2.8805,10
2026-04-06 18:51:00,2.876,2.877,2.875,2.876,2.881,2.882,2.88,2.881,10
2026-04-06 18:52:00,2.8755,2.876,2.8755,2.876,2.8805,2.881,2.8805,2.881,4
2026-04-06 18:53:00,2.8755,2.8755,2.8715,2.874,2.8805,2.8805,2.8765,2.879,14
2026-04-06 18:54:00,2.8745,2.885,2.8745,2.88,2.8795,2.89,2.8795,2.885,52
2026-04-06 18:55:00,2.8805,2.891,2.8805,2.8905,2.8855,2.896,2.8855,2.8955,62
2026-04-06 18:56:00,2.89,2.89,2.886,2.887,2.895,2.895,2.891,2.892,21
2026-04-06 18:57:00,2.8865,2.887,2.884,2.886,2.8915,2.892,2.889,2.891,16
2026-04-06 18:58:00,2.887,2.888,2.884,2.8845,2.892,2.893,2.889,2.8895,23
2026-04-06 18:59:00,2.884,2.8865,2.884,2.885,2.889,2.8915,2.889,2.89,15
2026-04-06 19:00:00,2.8845,2.889,2.884,2.889,2.8895,2.894,2.889,2.894,27
2026-04-06 19:01:00,2.8885,2.8885,2.885,2.888,2.8935,2.8935,2.89,2.893,18
2026-04-06 19:02:00,2.8885,2.893,2.8885,2.892,2.8935,2.898,2.8935,2.897,22
2026-04-06 19:03:00,2.8915,2.894,2.889,2.89,2.8965,2.899,2.894,2.895,31
2026-04-06 19:04:00,2.889,2.89,2.886,2.887,2.894,2.895,2.891,2.892,21
2026-04-06 19:05:00,2.8875,2.8895,2.887,2.888,2.8925,2.8945,2.892,2.893,22
2026-04-06 19:06:00,2.8875,2.8875,2.885,2.887,2.8925,2.8925,2.89,2.892,15
2026-04-06 19:07:00,2.8865,2.887,2.886,2.886,2.8915,2.892,2.891,2.891,5
2026-04-06 19:08:00,2.8855,2.8855,2.882,2.882,2.8905,2.8905,2.887,2.887,18
2026-04-06 19:09:00,2.883,2.888,2.883,2.888,2.888,2.893,2.888,2.893,14
2026-04-06 19:10:00,2.889,2.8905,2.887,2.8885,2.894,2.8955,2.892,2.8935,24
2026-04-06 19:11:00,2.888,2.892,2.888,2.8915,2.893,2.897,2.893,2.8965,25
2026-04-06 19:12:00,2.891,2.897,2.891,2.896,2.896,2.902,2.896,2.901,22
2026-04-06 19:13:00,2.895,2.8955,2.892,2.8925,2.9,2.9005,2.897,2.8975,30
2026-04-06 19:14:00,2.8915,2.8915,2.89,2.8905,2.8965,2.8965,2.895,2.8955,15
2026-04-06 19:15:00,2.89,2.8925,2.889,2.89,2.895,2.8975,2.894,2.895,24
2026-04-06 19:16:00,2.8895,2.89,2.888,2.888,2.8945,2.895,2.893,2.893,22
2026-04-06 19:17:00,2.887,2.887,2.884,2.886,2.892,2.892,2.889,2.891,15
2026-04-06 19:18:00,2.8855,2.887,2.8855,2.887,2.8905,2.892,2.8905,2.892,5
2026-04-06 19:19:00,2.8875,2.8875,2.886,2.886,2.8925,2.8925,2.891,2.891,10
2026-04-06 19:20:00,2.8865,2.89,2.886,2.89,2.8915,2.895,2.891,2.895,12
2026-04-06 19:21:00,2.889,2.889,2.884,2.885,2.894,2.894,2.889,2.89,22
2026-04-06 19:22:00,2.8845,2.885,2.8835,2.8835,2.8895,2.89,2.8885,2.8885,7
2026-04-06 19:23:00,2.884,2.885,2.882,2.884,2.889,2.89,2.887,2.889,17
2026-04-06 19:24:00,2.8835,2.885,2.883,2.885,2.8885,2.89,2.888,2.89,20
2026-04-06 19:25:00,2.8845,2.8855,2.884,2.884,2.8895,2.8905,2.889,2.889,20
2026-04-06 19:26:00,2.8845,2.886,2.882,2.886,2.8895,2.891,2.887,2.891,19
2026-04-06 19:27:00,2.8855,2.887,2.885,2.8855,2.8905,2.892,2.89,2.8905,22
2026-04-06 19:28:00,2.886,2.886,2.884,2.8855,2.891,2.891,2.889,2.8905,17
2026-04-06 19:29:00,2.886,2.886,2.8845,2.886,2.891,2.891,2.8895,2.891,9
2026-04-06 19:30:00,2.8865,2.888,2.885,2.886,2.8915,2.893,2.89,2.891,22
2026-04-06 19:31:00,2.8865,2.8865,2.8855,2.8855,2.8915,2.8915,2.8905,2.8905,13
2026-04-06 19:32:00,2.885,2.887,2.8825,2.884,2.89,2.892,2.8875,2.889,24
2026-04-06 19:33:00,2.8845,2.889,2.8845,2.8885,2.8895,2.894,2.8895,2.8935,9
2026-04-06 19:34:00,2.889,2.89,2.88,2.885,2.894,2.895,2.885,2.89,59
2026-04-06 19:35:00,2.886,2.89,2.886,2.89,2.891,2.895,2.891,2.895,13
2026-04-06 19:36:00,2.889,2.89,2.888,2.889,2.894,2.895,2.893,2.894,16
2026-04-06 19:37:00,2.888,2.889,2.888,2.888,2.893,2.894,2.893,2.893,4
2026-04-06 19:38:00,2.8885,2.889,2.888,2.8885,2.8935,2.894,2.893,2.8935,16
2026-04-06 19:39:00,2.888,2.8885,2.887,2.888,2.893,2.8935,2.892,2.893,9
2026-04-06 19:40:00,2.887,2.889,2.887,2.8875,2.892,2.894,2.892,2.8925,13
2026-04-06 19:41:00,2.888,2.889,2.887,2.888,2.893,2.894,2.892,2.893,14
2026-04-06 19:42:00,2.8885,2.8895,2.8885,2.889,2.8935,2.8945,2.8935,2.894,3
2026-04-06 19:43:00,2.8895,2.8905,2.888,2.888,2.8945,2.8955,2.893,2.893,10
2026-04-06 19:44:00,2.887,2.887,2.881,2.882,2.892,2.892,2.886,2.887,23
2026-04-06 19:45:00,2.8815,2.8825,2.8805,2.8805,2.8865,2.8875,2.8855,2.8855,7
2026-04-06 19:46:00,2.88,2.88,2.876,2.877,2.885,2.885,2.881,2.882,21
2026-04-06 19:47:00,2.876,2.877,2.876,2.876,2.881,2.882,2.881,2.881,8
2026-04-06 19:48:00,2.875,2.877,2.874,2.876,2.88,2.882,2.879,2.881,12
2026-04-06 19:49:00,2.875,2.875,2.8725,2.8725,2.88,2.88,2.8775,2.8775,17
2026-04-06 19:50:00,2.872,2.872,2.87,2.87,2.877,2.877,2.875,2.875,14
2026-04-06 19:51:00,2.871,2.8725,2.87,2.871,2.876,2.8775,2.875,2.876,13
2026-04-06 19:52:00,2.8715,2.873,2.8715,2.8725,2.8765,2.878,2.8765,2.8775,9
2026-04-06 19:53:00,2.872,2.8725,2.8715,2.872,2.877,2.8775,2.8765,2.877,5
2026-04-06 19:54:00,2.8715,2.872,2.871,2.871,2.8765,2.877,2.876,2.876,7
2026-04-06 19:55:00,2.8705,2.8705,2.869,2.87,2.8755,2.8755,2.874,2.875,11
2026-04-06 19:56:00,2.871,2.872,2.87,2.872,2.876,2.877,2.875,2.877,12
2026-04-06 19:57:00,2.873,2.873,2.872,2.873,2.878,2.878,2.877,2.878,3
2026-04-06 19:58:00,2.874,2.876,2.874,2.8755,2.879,2.881,2.879,2.8805,5
2026-04-06 19:59:00,2.876,2.878,2.8755,2.876,2.881,2.883,2.8805,2.881,11
2026-04-06 20:00:00,2.8765,2.878,2.8745,2.8745,2.8815,2.883,2.8795,2.8795,18
2026-04-06 20:01:00,2.874,2.8755,2.874,2.875,2.879,2.8805,2.879,2.88,11
2026-04-06 20:02:00,2.874,2.8755,2.874,2.875,2.879,2.8805,2.879,2.88,17
2026-04-06 20:03:00,2.8745,2.878,2.872,2.878,2.8795,2.883,2.877,2.883,20
2026-04-06 20:04:00,2.877,2.88,2.874,2.875,2.882,2.885,2.879,2.88,45
2026-04-06 20:05:00,2.8755,2.879,2.875,2.877,2.8805,2.884,2.88,2.882,17
2026-04-06 20:06:00,2.8775,2.88,2.876,2.878,2.8825,2.885,2.881,2.883,24
2026-04-06 20:07:00,2.8785,2.8785,2.874,2.878,2.8835,2.8835,2.879,2.883,32
2026-04-06 20:08:00,2.879,2.884,2.879,2.884,2.884,2.889,2.884,2.889,23
2026-04-06 20:09:00,2.8835,2.884,2.8795,2.88,2.8885,2.889,2.8845,2.885,38
2026-04-06 20:10:00,2.879,2.879,2.874,2.875,2.884,2.884,2.879,2.88,21
2026-04-06 20:11:00,2.876,2.88,2.872,2.879,2.881,2.885,2.877,2.884,72
2026-04-06 20:12:00,2.8795,2.8805,2.877,2.878,2.8845,2.8855,2.882,2.883,24
2026-04-06 20:13:00,2.8775,2.881,2.877,2.879,2.8825,2.886,2.882,2.884,26
2026-04-06 20:14:00,2.8785,2.882,2.877,2.8775,2.8835,2.887,2.882,2.8825,37
2026-04-06 20:15:00,2.877,2.8775,2.8755,2.8765,2.882,2.8825,2.8805,2.8815,20
2026-04-06 20:16:00,2.876,2.88,2.876,2.878,2.881,2.885,2.881,2.883,24
2026-04-06 20:17:00,2.8775,2.88,2.877,2.879,2.8825,2.885,2.882,2.884,24
2026-04-06 20:18:00,2.8785,2.8785,2.876,2.877,2.8835,2.8835,2.881,2.882,26
2026-04-06 20:19:00,2.876,2.878,2.8755,2.877,2.881,2.883,2.8805,2.882,26
2026-04-06 20:20:00,2.8775,2.879,2.8765,2.879,2.8825,2.884,2.8815,2.884,21
2026-04-06 20:21:00,2.88,2.881,2.8775,2.878,2.885,2.886,2.8825,2.883,17
2026-04-06 20:22:00,2.8785,2.88,2.878,2.879,2.8835,2.885,2.883,2.884,21
2026-04-06 20:23:00,2.8785,2.879,2.877,2.8785,2.8835,2.884,2.882,2.8835,14
2026-04-06 20:24:00,2.879,2.882,2.8785,2.881,2.884,2.887,2.8835,2.886,26
2026-04-06 20:25:00,2.8805,2.883,2.88,2.881,2.8855,2.888,2.885,2.886,31
2026-04-06 20:26:00,2.8805,2.882,2.877,2.881,2.8855,2.887,2.882,2.886,23
2026-04-06 20:27:00,2.8805,2.8805,2.875,2.8785,2.8855,2.8855,2.88,2.8835,52
2026-04-06 20:28:00,2.878,2.879,2.8705,2.8705,2.883,2.884,2.8755,2.8755,106
2026-04-06 20:29:00,2.87,2.872,2.865,2.8655,2.875,2.877,2.87,2.8705,65
2026-04-06 20:30:00,2.866,2.867,2.862,2.8625,2.871,2.872,2.867,2.8675,43
2026-04-06 20:31:00,2.862,2.8635,2.861,2.862,2.867,2.8685,2.866,2.867,19
2026-04-06 20:32:00,2.861,2.867,2.861,2.866,2.866,2.872,2.866,2.871,31
2026-04-06 20:33:00,2.8665,2.867,2.862,2.865,2.8715,2.872,2.867,2.87,21
2026-04-06 20:34:00,2.8655,2.867,2.864,2.865,2.8705,2.872,2.869,2.87,21
2026-04-06 20:35:00,2.8645,2.866,2.862,2.862,2.8695,2.871,2.867,2.867,21
2026-04-06 20:36:00,2.8625,2.864,2.861,2.863,2.8675,2.869,2.866,2.868,17
2026-04-06 20:37:00,2.864,2.865,2.863,2.863,2.869,2.87,2.868,2.868,11
2026-04-06 20:38:00,2.8635,2.8635,2.862,2.862,2.8685,2.8685,2.867,2.867,6
2026-04-06 20:39:00,2.8625,2.864,2.862,2.864,2.8675,2.869,2.867,2.869,11
2026-04-06 20:40:00,2.8645,2.866,2.863,2.8635,2.8695,2.871,2.868,2.8685,14
2026-04-06 20:41:00,2.863,2.866,2.863,2.864,2.868,2.871,2.868,2.869,6
2026-04-06 20:42:00,2.863,2.864,2.863,2.863,2.868,2.869,2.868,2.868,9
2026-04-06 20:43:00,2.8635,2.864,2.862,2.863,2.8685,2.869,2.867,2.868,8
2026-04-06 20:44:00,2.862,2.864,2.862,2.862,2.867,2.869,2.867,2.867,9
2026-04-06 20:45:00,2.8615,2.8615,2.859,2.861,2.8665,2.8665,2.864,2.866,15
2026-04-06 20:46:00,2.862,2.862,2.86,2.8615,2.867,2.867,2.865,2.8665,14
2026-04-06 20:47:00,2.861,2.863,2.861,2.8615,2.866,2.868,2.866,2.8665,9
2026-04-06 20:48:00,2.862,2.863,2.8615,2.8625,2.867,2.868,2.8665,2.8675,8
2026-04-06 20:49:00,2.862,2.864,2.862,2.863,2.867,2.869,2.867,2.868,8
2026-04-06 20:51:00,2.862,2.863,2.862,2.862,2.867,2.868,2.867,2.867,5
2026-04-06 20:52:00,2.861,2.862,2.86,2.861,2.866,2.867,2.865,2.866,13
2026-04-06 20:53:00,2.862,2.862,2.861,2.861,2.867,2.867,2.866,2.866,4
2026-04-06 20:54:00,2.862,2.862,2.861,2.861,2.867,2.867,2.866,2.866,2
2026-04-06 20:55:00,2.8605,2.861,2.86,2.861,2.8655,2.866,2.865,2.866,6
2026-04-06 20:56:00,2.8605,2.8605,2.859,2.86,2.8655,2.8655,2.864,2.865,16
2026-04-06 20:57:00,2.8605,2.862,2.86,2.862,2.8655,2.867,2.865,2.867,6
2026-04-06 20:58:00,2.8625,2.863,2.861,2.863,2.8675,2.868,2.866,2.868,6
2026-04-06 20:59:00,2.8625,2.865,2.8625,2.865,2.8675,2.87,2.8675,2.87,8
2026-04-06 21:00:00,2.866,2.867,2.864,2.865,2.871,2.872,2.869,2.87,6
2026-04-06 21:01:00,2.864,2.864,2.864,2.864,2.869,2.869,2.869,2.869,1
2026-04-06 21:02:00,2.8645,2.866,2.8645,2.866,2.8695,2.871,2.8695,2.871,3
2026-04-06 21:03:00,2.865,2.865,2.864,2.864,2.87,2.87,2.869,2.869,3
2026-04-06 21:04:00,2.8645,2.8655,2.8645,2.865,2.8695,2.8705,2.8695,2.87,6
2026-04-06 21:05:00,2.864,2.864,2.863,2.864,2.869,2.869,2.868,2.869,8
2026-04-06 21:06:00,2.8635,2.8635,2.862,2.863,2.8685,2.8685,2.867,2.868,6
2026-04-06 21:07:00,2.864,2.864,2.863,2.864,2.869,2.869,2.868,2.869,3
2026-04-06 21:08:00,2.865,2.865,2.864,2.864,2.87,2.87,2.869,2.869,7
2026-04-06 21:09:00,2.8635,2.8635,2.862,2.862,2.8685,2.8685,2.867,2.867,4
2026-04-06 21:10:00,2.863,2.864,2.863,2.863,2.868,2.869,2.868,2.868,3
2026-04-06 21:11:00,2.862,2.863,2.862,2.862,2.867,2.868,2.867,2.867,4
2026-04-06 21:12:00,2.8615,2.862,2.8615,2.8615,2.8665,2.867,2.8665,2.8665,3
2026-04-06 21:13:00,2.862,2.862,2.861,2.861,2.867,2.867,2.866,2.866,7
2026-04-06 21:14:00,2.8605,2.861,2.8605,2.861,2.8655,2.866,2.8655,2.866,2
2026-04-06 21:15:00,2.8605,2.861,2.8605,2.861,2.8655,2.866,2.8655,2.866,6
2026-04-06 21:16:00,2.8605,2.8625,2.86,2.862,2.8655,2.8675,2.865,2.867,8
2026-04-06 21:18:00,2.8625,2.863,2.8625,2.863,2.8675,2.868,2.8675,2.868,2
2026-04-06 21:19:00,2.862,2.863,2.862,2.863,2.867,2.868,2.867,2.868,2
2026-04-06 21:21:00,2.8625,2.8625,2.862,2.8625,2.8675,2.8675,2.867,2.8675,5
2026-04-06 21:22:00,2.863,2.863,2.862,2.862,2.868,2.868,2.867,2.867,2
2026-04-06 21:24:00,2.8625,2.863,2.8625,2.863,2.8675,2.868,2.8675,2.868,2
2026-04-06 21:25:00,2.8625,2.863,2.861,2.862,2.8675,2.868,2.866,2.867,7
2026-04-06 21:27:00,2.863,2.864,2.862,2.863,2.868,2.869,2.867,2.868,7
2026-04-06 21:29:00,2.8625,2.863,2.862,2.862,2.8675,2.868,2.867,2.867,5
2026-04-06 21:30:00,2.8625,2.863,2.8615,2.862,2.8675,2.868,2.8665,2.867,8
2026-04-06 21:31:00,2.8615,2.862,2.8615,2.862,2.8665,2.867,2.8665,2.867,2
2026-04-06 21:32:00,2.8615,2.862,2.861,2.862,2.8665,2.867,2.866,2.867,7
2026-04-06 21:33:00,2.8615,2.862,2.861,2.862,2.8665,2.867,2.866,2.867,4
2026-04-06 21:34:00,2.861,2.862,2.861,2.862,2.866,2.867,2.866,2.867,2
2026-04-06 21:35:00,2.861,2.863,2.861,2.862,2.866,2.868,2.866,2.867,4
2026-04-06 21:36:00,2.861,2.862,2.861,2.862,2.866,2.867,2.866,2.867,2
2026-04-06 21:37:00,2.8625,2.863,2.8625,2.863,2.8675,2.868,2.8675,2.868,2
2026-04-06 21:40:00,2.8625,2.863,2.862,2.863,2.8675,2.868,2.867,2.868,7
2026-04-06 21:42:00,2.864,2.866,2.864,2.865,2.869,2.871,2.869,2.87,6
2026-04-06 21:43:00,2.866,2.866,2.865,2.865,2.871,2.871,2.87,2.87,5
2026-04-06 21:44:00,2.864,2.864,2.864,2.864,2.869,2.869,2.869,2.869,1
2026-04-06 21:45:00,2.863,2.865,2.863,2.864,2.868,2.87,2.868,2.869,4
2026-04-06 21:47:00,2.8635,2.864,2.863,2.864,2.8685,2.869,2.868,2.869,4
2026-04-06 21:48:00,2.8635,2.8635,2.863,2.863,2.8685,2.8685,2.868,2.868,2
2026-04-06 21:49:00,2.862,2.863,2.8615,2.8625,2.867,2.868,2.8665,2.8675,10
2026-04-06 21:50:00,2.863,2.863,2.8605,2.8615,2.868,2.868,2.8655,2.8665,12
2026-04-06 21:51:00,2.862,2.862,2.862,2.862,2.867,2.867,2.867,2.867,1
2026-04-06 21:52:00,2.863,2.863,2.862,2.862,2.868,2.868,2.867,2.867,2
2026-04-06 21:53:00,2.8615,2.8625,2.861,2.8625,2.8665,2.8675,2.866,2.8675,9
2026-04-06 21:54:00,2.863,2.863,2.8625,2.8625,2.868,2.868,2.8675,2.8675,4
2026-04-06 21:55:00,2.863,2.863,2.862,2.862,2.868,2.868,2.867,2.867,5
2026-04-06 21:57:00,2.863,2.863,2.863,2.863,2.868,2.868,2.868,2.868,1
2026-04-06 21:58:00,2.862,2.863,2.862,2.863,2.867,2.868,2.867,2.868,8
2026-04-06 21:59:00,2.864,2.864,2.8625,2.863,2.869,2.869,2.8675,2.868,8
2026-04-06 22:00:00,2.8625,2.8635,2.861,2.861,2.8675,2.8685,2.866,2.866,9
2026-04-06 22:01:00,2.86,2.861,2.86,2.861,2.865,2.866,2.865,2.866,13
2026-04-06 22:02:00,2.8605,2.862,2.86,2.862,2.8655,2.867,2.865,2.867,7
2026-04-06 22:03:00,2.8625,2.8625,2.8595,2.8595,2.8675,2.8675,2.8645,2.8645,15
2026-04-06 22:04:00,2.859,2.8605,2.857,2.86,2.864,2.8655,2.862,2.865,32
2026-04-06 22:05:00,2.8605,2.8625,2.8605,2.8625,2.8655,2.8675,2.8655,2.8675,6
2026-04-06 22:06:00,2.863,2.863,2.8615,2.862,2.868,2.868,2.8665,2.867,9
2026-04-06 22:07:00,2.863,2.863,2.862,2.862,2.868,2.868,2.867,2.867,5
2026-04-06 22:08:00,2.8615,2.8615,2.861,2.861,2.8665,2.8665,2.866,2.866,2
2026-04-06 22:09:00,2.862,2.863,2.8615,2.863,2.867,2.868,2.8665,2.868,8
2026-04-06 22:10:00,2.8625,2.863,2.8625,2.863,2.8675,2.868,2.8675,2.868,12
2026-04-06 22:11:00,2.8625,2.864,2.8625,2.8635,2.8675,2.869,2.8675,2.8685,4
2026-04-06 22:12:00,2.863,2.8645,2.863,2.8645,2.868,2.8695,2.868,2.8695,9
2026-04-06 22:13:00,2.864,2.864,2.864,2.864,2.869,2.869,2.869,2.869,1
2026-04-06 22:14:00,2.865,2.865,2.864,2.864,2.87,2.87,2.869,2.869,2
2026-04-06 22:15:00,2.865,2.8655,2.8645,2.8655,2.87,2.8705,2.8695,2.8705,3
2026-04-06 22:16:00,2.865,2.866,2.8645,2.865,2.87,2.871,2.8695,2.87,6
2026-04-06 22:17:00,2.8655,2.866,2.865,2.865,2.8705,2.871,2.87,2.87,4
2026-04-06 22:18:00,2.866,2.866,2.865,2.865,2.871,2.871,2.87,2.87,7
2026-04-06 22:20:00,2.8645,2.865,2.864,2.864,2.8695,2.87,2.869,2.869,4
2026-04-06 22:22:00,2.865,2.865,2.8645,2.865,2.87,2.87,2.8695,2.87,7
2026-04-06 22:23:00,2.8645,2.865,2.8645,2.865,2.8695,2.87,2.8695,2.87,2
2026-04-06 22:24:00,2.8655,2.866,2.865,2.865,2.8705,2.871,2.87,2.87,6
2026-04-06 22:26:00,2.8645,2.865,2.8635,2.8635,2.8695,2.87,2.8685,2.8685,8
2026-04-06 22:27:00,2.863,2.864,2.863,2.8635,2.868,2.869,2.868,2.8685,4
2026-04-06 22:28:00,2.864,2.865,2.862,2.862,2.869,2.87,2.867,2.867,6
2026-04-06 22:29:00,2.8625,2.8625,2.862,2.862,2.8675,2.8675,2.867,2.867,2
2026-04-06 22:31:00,2.8625,2.8645,2.8625,2.864,2.8675,2.8695,2.8675,2.869,7
2026-04-06 22:32:00,2.865,2.866,2.865,2.866,2.87,2.871,2.87,2.871,2
2026-04-06 22:33:00,2.8655,2.8655,2.865,2.865,2.8705,2.8705,2.87,2.87,2
2026-04-06 22:34:00,2.8645,2.865,2.8645,2.865,2.8695,2.87,2.8695,2.87,2
2026-04-06 22:35:00,2.8645,2.8645,2.864,2.864,2.8695,2.8695,2.869,2.869,2
2026-04-06 22:36:00,2.8635,2.8635,2.8635,2.8635,2.8685,2.8685,2.8685,2.8685,1
2026-04-06 22:37:00,2.864,2.864,2.863,2.863,2.869,2.869,2.868,2.868,3
2026-04-06 22:38:00,2.864,2.865,2.864,2.8645,2.869,2.87,2.869,2.8695,8
2026-04-06 22:39:00,2.864,2.8645,2.864,2.8645,2.869,2.8695,2.869,2.8695,2
2026-04-06 22:40:00,2.864,2.865,2.864,2.865,2.869,2.87,2.869,2.87,3
2026-04-06 22:42:00,2.8655,2.867,2.865,2.866,2.8705,2.872,2.87,2.871,11
2026-04-06 22:43:00,2.8665,2.867,2.8665,2.867,2.8715,2.872,2.8715,2.872,2
2026-04-06 22:44:00,2.8665,2.867,2.865,2.865,2.8715,2.872,2.87,2.87,7
2026-04-06 22:45:00,2.8645,2.8645,2.8625,2.8625,2.8695,2.8695,2.8675,2.8675,9
2026-04-06 22:46:00,2.862,2.864,2.862,2.863,2.867,2.869,2.867,2.868,7
2026-04-06 22:47:00,2.8635,2.8635,2.863,2.863,2.8685,2.8685,2.868,2.868,2
2026-04-06 22:49:00,2.8625,2.863,2.8625,2.863,2.8675,2.868,2.8675,2.868,2
2026-04-06 22:50:00,2.8625,2.863,2.86,2.861,2.8675,2.868,2.865,2.866,10
2026-04-06 22:51:00,2.8605,2.8605,2.8585,2.86,2.8655,2.8655,2.8635,2.865,6
2026-04-06 22:52:00,2.859,2.859,2.859,2.859,2.864,2.864,2.864,2.864,1
2026-04-06 22:53:00,2.8585,2.86,2.858,2.859,2.8635,2.865,2.863,2.864,5
2026-04-06 22:54:00,2.8585,2.8585,2.8575,2.858,2.8635,2.8635,2.8625,2.863,4
2026-04-06 22:55:00,2.8575,2.858,2.857,2.857,2.8625,2.863,2.862,2.862,7
2026-04-06 22:56:00,2.856,2.859,2.856,2.859,2.861,2.864,2.861,2.864,7
2026-04-06 22:57:00,2.8585,2.862,2.8575,2.861,2.8635,2.867,2.8625,2.866,6
2026-04-06 22:58:00,2.862,2.862,2.861,2.861,2.867,2.867,2.866,2.866,4
2026-04-06 22:59:00,2.8605,2.866,2.859,2.866,2.8655,2.871,2.864,2.871,22
2026-04-07 00:00:00,2.869,2.8735,2.868,2.873,2.874,2.8785,2.873,2.878,14
2026-04-07 00:01:00,2.8725,2.8725,2.8685,2.87,2.8775,2.8775,2.8735,2.875,8
2026-04-07 00:02:00,2.8715,2.8715,2.869,2.871,2.8765,2.8765,2.874,2.876,8
2026-04-07 00:03:00,2.8715,2.8715,2.87,2.8705,2.8765,2.8765,2.875,2.8755,5
2026-04-07 00:04:00,2.8715,2.8715,2.87,2.87,2.8765,2.8765,2.875,2.875,4
2026-04-07 00:06:00,2.8695,2.87,2.8695,2.8695,2.8745,2.875,2.8745,2.8745,3
2026-04-07 00:08:00,2.869,2.872,2.869,2.872,2.874,2.877,2.874,2.877,4
2026-04-07 00:09:00,2.8735,2.8735,2.872,2.873,2.8785,2.8785,2.877,2.878,3
2026-04-07 00:11:00,2.8725,2.8725,2.872,2.872,2.8775,2.8775,2.877,2.877,2
2026-04-07 00:12:00,2.8725,2.873,2.8725,2.873,2.8775,2.878,2.8775,2.878,2
2026-04-07 00:13:00,2.8725,2.8725,2.8725,2.8725,2.8775,2.8775,2.8775,2.8775,1
2026-04-07 00:15:00,2.873,2.873,2.873,2.873,2.878,2.878,2.878,2.878,1
2026-04-07 00:16:00,2.8725,2.8725,2.8725,2.8725,2.8775,2.8775,2.8775,2.8775,1
2026-04-07 00:17:00,2.873,2.873,2.8725,2.8725,2.878,2.878,2.8775,2.8775,2
2026-04-07 00:18:00,2.873,2.873,2.872,2.8725,2.878,2.878,2.877,2.8775,4
2026-04-07 00:19:00,2.873,2.873,2.873,2.873,2.878,2.878,2.878,2.878,1
2026-04-07 00:20:00,2.8725,2.8725,2.8725,2.8725,2.8775,2.8775,2.8775,2.8775,1
2026-04-07 00:21:00,2.873,2.875,2.8725,2.8725,2.878,2.88,2.8775,2.8775,5
2026-04-07 00:22:00,2.872,2.872,2.872,2.872,2.877,2.877,2.877,2.877,1
2026-04-07 00:23:00,2.8715,2.8725,2.8715,2.8725,2.8765,2.8775,2.8765,2.8775,3
2026-04-07 00:25:00,2.872,2.872,2.87,2.8705,2.877,2.877,2.875,2.8755,4
2026-04-07 00:26:00,2.8715,2.8715,2.869,2.869,2.8765,2.8765,2.874,2.874,5
2026-04-07 00:27:00,2.8685,2.8705,2.8685,2.8705,2.8735,2.8755,2.8735,2.8755,4
2026-04-07 00:28:00,2.871,2.871,2.871,2.871,2.876,2.876,2.876,2.876,1
2026-04-07 00:29:00,2.8705,2.8705,2.8705,2.8705,2.8755,2.8755,2.8755,2.8755,1
2026-04-07 00:30:00,2.871,2.871,2.8705,2.8705,2.876,2.876,2.8755,2.8755,4
2026-04-07 00:32:00,2.8715,2.8715,2.8715,2.8715,2.8765,2.8765,2.8765,2.8765,1
2026-04-07 00:33:00,2.872,2.8735,2.872,2.8735,2.877,2.8785,2.877,2.8785,3
2026-04-07 00:34:00,2.874,2.874,2.874,2.874,2.879,2.879,2.879,2.879,1
2026-04-07 00:35:00,2.8735,2.8735,2.8735,2.8735,2.8785,2.8785,2.8785,2.8785,1
2026-04-07 00:36:00,2.875,2.875,2.8745,2.8745,2.88,2.88,2.8795,2.8795,2
2026-04-07 00:37:00,2.875,2.875,2.874,2.874,2.88,2.88,2.879,2.879,3
2026-04-07 00:38:00,2.8735,2.8735,2.873,2.873,2.8785,2.8785,2.878,2.878,2
2026-04-07 00:39:00,2.8725,2.8725,2.871,2.8715,2.8775,2.8775,2.876,2.8765,4
2026-04-07 00:41:00,2.872,2.872,2.8715,2.8715,2.877,2.877,2.8765,2.8765,2
2026-04-07 00:42:00,2.872,2.872,2.872,2.872,2.877,2.877,2.877,2.877,1
2026-04-07 00:43:00,2.873,2.873,2.8725,2.8725,2.878,2.878,2.8775,2.8775,2
2026-04-07 00:44:00,2.873,2.873,2.873,2.873,2.878,2.878,2.878,2.878,1
2026-04-07 00:45:00,2.8735,2.874,2.8735,2.874,2.8785,2.879,2.8785,2.879,2
2026-04-07 00:46:00,2.8735,2.8735,2.873,2.873,2.8785,2.8785,2.878,2.878,2
2026-04-07 00:47:00,2.8725,2.8725,2.872,2.872,2.8775,2.8775,2.877,2.877,2
2026-04-07 00:48:00,2.8725,2.8725,2.8725,2.8725,2.8775,2.8775,2.8775,2.8775,1
2026-04-07 00:49:00,2.873,2.873,2.873,2.873,2.878,2.878,2.878,2.878,1
2026-04-07 00:50:00,2.872,2.872,2.8715,2.8715,2.877,2.877,2.8765,2.8765,6
2026-04-07 00:51:00,2.872,2.872,2.8715,2.8715,2.877,2.877,2.8765,2.8765,2
2026-04-07 00:52:00,2.872,2.872,2.872,2.872,2.877,2.877,2.877,2.877,1
2026-04-07 00:53:00,2.8715,2.8735,2.8715,2.8735,2.8765,2.8785,2.8765,2.8785,4
2026-04-07 00:54:00,2.873,2.873,2.8725,2.8725,2.878,2.878,2.8775,2.8775,2
2026-04-07 00:55:00,2.873,2.873,2.873,2.873,2.878,2.878,2.878,2.878,1
2026-04-07 00:57:00,2.8725,2.8725,2.8725,2.8725,2.8775,2.8775,2.8775,2.8775,1
2026-04-07 00:59:00,2.871,2.8725,2.871,2.872,2.876,2.8775,2.876,2.877,3
2026-04-07 01:00:00,2.8715,2.8715,2.8715,2.8715,2.8765,2.8765,2.8765,2.8765,1
2026-04-07 01:02:00,2.871,2.871,2.868,2.868,2.876,2.876,2.873,2.873,5
2026-04-07 01:03:00,2.8675,2.868,2.866,2.867,2.8725,2.873,2.871,2.872,9
2026-04-07 01:04:00,2.8675,2.868,2.867,2.868,2.8725,2.873,2.872,2.873,4
2026-04-07 01:05:00,2.8675,2.868,2.8665,2.8665,2.8725,2.873,2.8715,2.8715,4
2026-04-07 01:06:00,2.867,2.867,2.8665,2.8665,2.872,2.872,2.8715,2.8715,2
2026-04-07 01:07:00,2.867,2.867,2.867,2.867,2.872,2.872,2.872,2.872,1
2026-04-07 01:08:00,2.8665,2.868,2.866,2.868,2.8715,2.873,2.871,2.873,11
2026-04-07 01:09:00,2.8675,2.8675,2.8675,2.8675,2.8725,2.8725,2.8725,2.8725,1
2026-04-07 01:10:00,2.867,2.867,2.867,2.867,2.872,2.872,2.872,2.872,1
2026-04-07 01:11:00,2.8675,2.8675,2.8675,2.8675,2.8725,2.8725,2.8725,2.8725,1
2026-04-07 01:13:00,2.868,2.868,2.867,2.867,2.873,2.873,2.872,2.872,2
2026-04-07 01:15:00,2.8675,2.8675,2.8675,2.8675,2.8725,2.8725,2.8725,2.8725,1
2026-04-07 01:16:00,2.8665,2.867,2.8665,2.867,2.8715,2.872,2.8715,2.872,4
2026-04-07 01:17:00,2.8665,2.8665,2.866,2.866,2.8715,2.8715,2.871,2.871,2
2026-04-07 01:18:00,2.867,2.867,2.867,2.867,2.872,2.872,2.872,2.872,1
2026-04-07 01:19:00,2.8675,2.8675,2.867,2.867,2.8725,2.8725,2.872,2.872,2
2026-04-07 01:20:00,2.8665,2.867,2.8665,2.8665,2.8715,2.872,2.8715,2.8715,3
2026-04-07 01:22:00,2.867,2.867,2.867,2.867,2.872,2.872,2.872,2.872,1
2026-04-07 01:24:00,2.8675,2.868,2.867,2.868,2.8725,2.873,2.872,2.873,3
2026-04-07 01:26:00,2.8675,2.8675,2.8675,2.8675,2.8725,2.8725,2.8725,2.8725,1
2026-04-07 01:27:00,2.868,2.868,2.868,2.868,2.873,2.873,2.873,2.873,1
2026-04-07 01:28:00,2.8675,2.8675,2.8675,2.8675,2.8725,2.8725,2.8725,2.8725,1
2026-04-07 01:29:00,2.868,2.868,2.8675,2.868,2.873,2.873,2.8725,2.873,3
2026-04-07 01:30:00,2.867,2.867,2.867,2.867,2.872,2.872,2.872,2.872,1
2026-04-07 01:32:00,2.8665,2.8665,2.866,2.8665,2.8715,2.8715,2.871,2.8715,3
2026-04-07 01:33:00,2.867,2.867,2.8665,2.8665,2.872,2.872,2.8715,2.8715,4
2026-04-07 01:34:00,2.867,2.867,2.8665,2.8665,2.872,2.872,2.8715,2.8715,2
2026-04-07 01:36:00,2.867,2.8675,2.8665,2.8665,2.872,2.8725,2.8715,2.8715,3
2026-04-07 01:38:00,2.867,2.8675,2.867,2.8675,2.872,2.8725,2.872,2.8725,2
2026-04-07 01:40:00,2.868,2.868,2.868,2.868,2.873,2.873,2.873,2.873,1
2026-04-07 01:42:00,2.8675,2.8675,2.8675,2.8675,2.8725,2.8725,2.8725,2.8725,1
2026-04-07 01:44:00,2.867,2.867,2.8665,2.8665,2.872,2.872,2.8715,2.8715,4
2026-04-07 01:45:00,2.867,2.867,2.867,2.867,2.872,2.872,2.872,2.872,1
2026-04-07 01:46:00,2.8675,2.8675,2.8675,2.8675,2.8725,2.8725,2.8725,2.8725,1
2026-04-07 01:47:00,2.867,2.8675,2.867,2.8675,2.872,2.8725,2.872,2.8725,2
2026-04-07 01:48:00,2.868,2.868,2.8675,2.8675,2.873,2.873,2.8725,2.8725,4
2026-04-07 01:49:00,2.867,2.8675,2.867,2.8675,2.872,2.8725,2.872,2.8725,2
2026-04-07 01:51:00,2.867,2.8675,2.867,2.8675,2.872,2.8725,2.872,2.8725,2
2026-04-07 01:52:00,2.868,2.868,2.867,2.867,2.873,2.873,2.872,2.872,3
2026-04-07 01:53:00,2.868,2.868,2.867,2.8675,2.873,2.873,2.872,2.8725,3
2026-04-07 01:55:00,2.8685,2.8685,2.8685,2.8685,2.8735,2.8735,2.8735,2.8735,1
2026-04-07 01:57:00,2.87,2.87,2.8675,2.8675,2.875,2.875,2.8725,2.8725,7
2026-04-07 01:58:00,2.868,2.868,2.866,2.866,2.873,2.873,2.871,2.871,6
2026-04-07 01:59:00,2.8655,2.8655,2.8645,2.865,2.8705,2.8705,2.8695,2.87,3
2026-04-07 02:00:00,2.8655,2.8665,2.864,2.864,2.8705,2.8715,2.869,2.869,12
2026-04-07 02:01:00,2.8635,2.866,2.863,2.8645,2.8685,2.871,2.868,2.8695,16
2026-04-07 02:02:00,2.864,2.864,2.8635,2.864,2.869,2.869,2.8685,2.869,5
2026-04-07 02:03:00,2.8645,2.8645,2.863,2.8635,2.8695,2.8695,2.868,2.8685,5
2026-04-07 02:04:00,2.864,2.864,2.863,2.863,2.869,2.869,2.868,2.868,6
2026-04-07 02:05:00,2.864,2.867,2.863,2.867,2.869,2.872,2.868,2.872,15
2026-04-07 02:06:00,2.8665,2.869,2.866,2.868,2.8715,2.874,2.871,2.873,23
2026-04-07 02:07:00,2.8685,2.869,2.8685,2.8685,2.8735,2.874,2.8735,2.8735,3
2026-04-07 02:08:00,2.868,2.869,2.868,2.8685,2.873,2.874,2.873,2.8735,4
2026-04-07 02:09:00,2.869,2.869,2.868,2.8685,2.874,2.874,2.873,2.8735,4
2026-04-07 02:10:00,2.869,2.869,2.8655,2.8675,2.874,2.874,2.8705,2.8725,13
2026-04-07 02:11:00,2.867,2.8675,2.8645,2.865,2.872,2.8725,2.8695,2.87,7
2026-04-07 02:12:00,2.8645,2.8675,2.8645,2.866,2.8695,2.8725,2.8695,2.871,7
2026-04-07 02:13:00,2.8665,2.8665,2.8645,2.865,2.8715,2.8715,2.8695,2.87,9
2026-04-07 02:14:00,2.864,2.865,2.863,2.863,2.869,2.87,2.868,2.868,5
2026-04-07 02:15:00,2.8635,2.8635,2.8575,2.859,2.8685,2.8685,2.8625,2.864,13
2026-04-07 02:16:00,2.8585,2.8585,2.852,2.8535,2.8635,2.8635,2.857,2.8585,20
2026-04-07 02:17:00,2.853,2.853,2.852,2.8525,2.858,2.858,2.857,2.8575,3
2026-04-07 02:18:00,2.852,2.856,2.852,2.854,2.857,2.861,2.857,2.859,9
2026-04-07 02:19:00,2.853,2.855,2.853,2.8535,2.858,2.86,2.858,2.8585,16
2026-04-07 02:20:00,2.853,2.855,2.853,2.855,2.858,2.86,2.858,2.86,7
2026-04-07 02:21:00,2.8555,2.858,2.855,2.858,2.8605,2.863,2.86,2.863,7
2026-04-07 02:22:00,2.8575,2.858,2.856,2.857,2.8625,2.863,2.861,2.862,7
2026-04-07 02:23:00,2.858,2.8585,2.858,2.8585,2.863,2.8635,2.863,2.8635,4
2026-04-07 02:24:00,2.858,2.859,2.858,2.859,2.863,2.864,2.863,2.864,4
2026-04-07 02:25:00,2.858,2.858,2.858,2.858,2.863,2.863,2.863,2.863,1
2026-04-07 02:26:00,2.8575,2.8585,2.8565,2.8585,2.8625,2.8635,2.8615,2.8635,8
2026-04-07 02:27:00,2.858,2.858,2.8565,2.8565,2.863,2.863,2.8615,2.8615,19
2026-04-07 02:28:00,2.857,2.857,2.8565,2.8565,2.862,2.862,2.8615,2.8615,2
2026-04-07 02:29:00,2.857,2.857,2.8565,2.8565,2.862,2.862,2.8615,2.8615,2
2026-04-07 02:30:00,2.857,2.857,2.856,2.856,2.862,2.862,2.861,2.861,5
2026-04-07 02:32:00,2.857,2.86,2.8565,2.859,2.862,2.865,2.8615,2.864,19
2026-04-07 02:33:00,2.86,2.86,2.8595,2.86,2.865,2.865,2.8645,2.865,3
2026-04-07 02:34:00,2.8595,2.8595,2.8595,2.8595,2.8645,2.8645,2.8645,2.8645,1
2026-04-07 02:35:00,2.859,2.859,2.8585,2.859,2.864,2.864,2.8635,2.864,7
2026-04-07 02:36:00,2.8585,2.86,2.8585,2.86,2.8635,2.865,2.8635,2.865,3
2026-04-07 02:37:00,2.8605,2.861,2.86,2.861,2.8655,2.866,2.865,2.866,4
2026-04-07 02:39:00,2.862,2.862,2.861,2.862,2.867,2.867,2.866,2.867,3
2026-04-07 02:40:00,2.8625,2.8625,2.8605,2.8605,2.8675,2.8675,2.8655,2.8655,4
2026-04-07 02:41:00,2.861,2.861,2.86,2.86,2.866,2.866,2.865,2.865,3
2026-04-07 02:43:00,2.8605,2.8615,2.86,2.86,2.8655,2.8665,2.865,2.865,6
2026-04-07 02:44:00,2.859,2.859,2.8575,2.8585,2.864,2.864,2.8625,2.8635,8
2026-04-07 02:45:00,2.8575,2.858,2.857,2.8575,2.8625,2.863,2.862,2.8625,9
2026-04-07 02:46:00,2.858,2.8595,2.858,2.8595,2.863,2.8645,2.863,2.8645,2
2026-04-07 02:49:00,2.859,2.8595,2.858,2.858,2.864,2.8645,2.863,2.863,6
2026-04-07 02:50:00,2.8585,2.859,2.8585,2.859,2.8635,2.864,2.8635,2.864,2
2026-04-07 02:51:00,2.8585,2.8585,2.8585,2.8585,2.8635,2.8635,2.8635,2.8635,1
2026-04-07 02:52:00,2.859,2.859,2.8575,2.858,2.864,2.864,2.8625,2.863,5
2026-04-07 02:53:00,2.8575,2.858,2.8575,2.8575,2.8625,2.863,2.8625,2.8625,5
2026-04-07 02:54:00,2.858,2.858,2.858,2.858,2.863,2.863,2.863,2.863,1
2026-04-07 02:55:00,2.8585,2.8595,2.8585,2.8595,2.8635,2.8645,2.8635,2.8645,3
2026-04-07 02:56:00,2.859,2.859,2.858,2.859,2.864,2.864,2.863,2.864,5
2026-04-07 02:57:00,2.8585,2.86,2.8585,2.86,2.8635,2.865,2.8635,2.865,3
2026-04-07 02:58:00,2.8605,2.8605,2.8595,2.8595,2.8655,2.8655,2.8645,2.8645,4
2026-04-07 02:59:00,2.858,2.859,2.858,2.858,2.863,2.864,2.863,2.863,3
2026-04-07 03:00:00,2.8585,2.86,2.857,2.857,2.8635,2.865,2.862,2.862,19
2026-04-07 03:01:00,2.8575,2.8575,2.854,2.855,2.8625,2.8625,2.859,2.86,23
2026-04-07 03:02:00,2.8545,2.8555,2.8545,2.8545,2.8595,2.8605,2.8595,2.8595,23
2026-04-07 03:03:00,2.855,2.8565,2.8545,2.8545,2.86,2.8615,2.8595,2.8595,10
2026-04-07 03:04:00,2.855,2.855,2.853,2.854,2.86,2.86,2.858,2.859,7
2026-04-07 03:05:00,2.853,2.8555,2.853,2.8555,2.858,2.8605,2.858,2.8605,10
2026-04-07 03:06:00,2.855,2.856,2.8545,2.856,2.86,2.861,2.8595,2.861,7
2026-04-07 03:07:00,2.8555,2.856,2.8555,2.8555,2.8605,2.861,2.8605,2.8605,3
2026-04-07 03:08:00,2.856,2.8575,2.856,2.8575,2.861,2.8625,2.861,2.8625,4
2026-04-07 03:09:00,2.857,2.857,2.855,2.856,2.862,2.862,2.86,2.861,9
2026-04-07 03:10:00,2.8555,2.856,2.8545,2.8555,2.8605,2.861,2.8595,2.8605,8
2026-04-07 03:11:00,2.856,2.856,2.856,2.856,2.861,2.861,2.861,2.861,1
2026-04-07 03:12:00,2.8565,2.8565,2.8565,2.8565,2.8615,2.8615,2.8615,2.8615,1
2026-04-07 03:13:00,2.8555,2.8575,2.8555,2.857,2.8605,2.8625,2.8605,2.862,4
2026-04-07 03:14:00,2.8565,2.8565,2.8555,2.856,2.8615,2.8615,2.8605,2.861,4
2026-04-07 03:15:00,2.8565,2.857,2.8565,2.857,2.8615,2.862,2.8615,2.862,2
2026-04-07 03:16:00,2.856,2.8575,2.856,2.8565,2.861,2.8625,2.861,2.8615,16
2026-04-07 03:17:00,2.856,2.856,2.856,2.856,2.861,2.861,2.861,2.861,1
2026-04-07 03:18:00,2.8555,2.8575,2.855,2.8575,2.8605,2.8625,2.86,2.8625,7
2026-04-07 03:19:00,2.857,2.8575,2.8555,2.8555,2.862,2.8625,2.8605,2.8605,7
2026-04-07 03:20:00,2.856,2.8575,2.856,2.8575,2.861,2.8625,2.861,2.8625,4
2026-04-07 03:21:00,2.858,2.858,2.857,2.857,2.863,2.863,2.862,2.862,4
2026-04-07 03:22:00,2.8575,2.8585,2.8575,2.8585,2.8625,2.8635,2.8625,2.8635,3
2026-04-07 03:23:00,2.859,2.862,2.859,2.8595,2.864,2.867,2.864,2.8645,10
2026-04-07 03:24:00,2.859,2.86,2.859,2.86,2.864,2.865,2.864,2.865,2
2026-04-07 03:25:00,2.8595,2.86,2.859,2.8595,2.8645,2.865,2.864,2.8645,6
2026-04-07 03:26:00,2.86,2.861,2.8595,2.8595,2.865,2.866,2.8645,2.8645,10
2026-04-07 03:27:00,2.859,2.859,2.8575,2.8575,2.864,2.864,2.8625,2.8625,4
2026-04-07 03:28:00,2.857,2.8575,2.8565,2.857,2.862,2.8625,2.8615,2.862,7
2026-04-07 03:29:00,2.8575,2.858,2.857,2.8575,2.8625,2.863,2.862,2.8625,4
2026-04-07 03:30:00,2.8585,2.8585,2.8585,2.8585,2.8635,2.8635,2.8635,2.8635,1
2026-04-07 03:31:00,2.859,2.86,2.858,2.859,2.864,2.865,2.863,2.864,7
2026-04-07 03:33:00,2.8595,2.8595,2.8595,2.8595,2.8645,2.8645,2.8645,2.8645,1
2026-04-07 03:34:00,2.859,2.86,2.859,2.859,2.864,2.865,2.864,2.864,7
2026-04-07 03:35:00,2.8585,2.859,2.8585,2.859,2.8635,2.864,2.8635,2.864,6
2026-04-07 03:36:00,2.8585,2.8595,2.8585,2.8595,2.8635,2.8645,2.8635,2.8645,3
2026-04-07 03:37:00,2.859,2.86,2.8585,2.86,2.864,2.865,2.8635,2.865,5
2026-04-07 03:38:00,2.859,2.859,2.8585,2.859,2.864,2.864,2.8635,2.864,3
2026-04-07 03:39:00,2.8595,2.862,2.859,2.861,2.8645,2.867,2.864,2.866,12
2026-04-07 03:40:00,2.8605,2.861,2.8605,2.861,2.8655,2.866,2.8655,2.866,8
2026-04-07 03:41:00,2.8615,2.862,2.86,2.8615,2.8665,2.867,2.865,2.8665,9
2026-04-07 03:42:00,2.862,2.862,2.86,2.8605,2.867,2.867,2.865,2.8655,5
2026-04-07 03:43:00,2.86,2.861,2.8585,2.859,2.865,2.866,2.8635,2.864,10
2026-04-07 03:44:00,2.8585,2.859,2.858,2.859,2.8635,2.864,2.863,2.864,5
2026-04-07 03:45:00,2.858,2.858,2.857,2.8575,2.863,2.863,2.862,2.8625,4
2026-04-07 03:46:00,2.858,2.859,2.8575,2.8585,2.863,2.864,2.8625,2.8635,10
2026-04-07 03:47:00,2.858,2.858,2.8575,2.858,2.863,2.863,2.8625,2.863,3
2026-04-07 03:48:00,2.8575,2.8575,2.8575,2.8575,2.8625,2.8625,2.8625,2.8625,1
2026-04-07 03:49:00,2.8585,2.86,2.8565,2.8575,2.8635,2.865,2.8615,2.8625,13
2026-04-07 03:50:00,2.857,2.8575,2.8555,2.8555,2.862,2.8625,2.8605,2.8605,6
2026-04-07 03:51:00,2.856,2.857,2.855,2.856,2.861,2.862,2.86,2.861,5
2026-04-07 03:52:00,2.8565,2.8585,2.8565,2.858,2.8615,2.8635,2.8615,2.863,13
2026-04-07 03:53:00,2.8575,2.858,2.8565,2.857,2.8625,2.863,2.8615,2.862,18
2026-04-07 03:54:00,2.8565,2.857,2.8565,2.857,2.8615,2.862,2.8615,2.862,2
2026-04-07 03:55:00,2.856,2.858,2.856,2.858,2.861,2.863,2.861,2.863,5
2026-04-07 03:56:00,2.8585,2.863,2.8585,2.8625,2.8635,2.868,2.8635,2.8675,15
2026-04-07 03:57:00,2.863,2.863,2.861,2.8615,2.868,2.868,2.866,2.8665,8
2026-04-07 03:58:00,2.861,2.862,2.861,2.861,2.866,2.867,2.866,2.866,12
2026-04-07 03:59:00,2.8615,2.8615,2.8595,2.861,2.8665,2.8665,2.8645,2.866,13
2026-04-07 04:00:00,2.8615,2.862,2.861,2.862,2.8665,2.867,2.866,2.867,6
2026-04-07 04:01:00,2.8615,2.8635,2.8615,2.8635,2.8665,2.8685,2.8665,2.8685,13
2026-04-07 04:02:00,2.863,2.863,2.8605,2.862,2.868,2.868,2.8655,2.867,9
2026-04-07 04:03:00,2.863,2.864,2.8615,2.8615,2.868,2.869,2.8665,2.8665,10
2026-04-07 04:04:00,2.861,2.862,2.861,2.862,2.866,2.867,2.866,2.867,4
2026-04-07 04:05:00,2.8625,2.863,2.8625,2.8625,2.8675,2.868,2.8675,2.8675,5
2026-04-07 04:06:00,2.862,2.862,2.8585,2.8585,2.867,2.867,2.8635,2.8635,6
2026-04-07 04:07:00,2.859,2.86,2.859,2.86,2.864,2.865,2.864,2.865,3
2026-04-07 04:08:00,2.8595,2.86,2.858,2.8585,2.8645,2.865,2.863,2.8635,13
2026-04-07 04:09:00,2.859,2.8595,2.8585,2.859,2.864,2.8645,2.8635,2.864,17
2026-04-07 04:10:00,2.8595,2.86,2.858,2.859,2.8645,2.865,2.863,2.864,8
2026-04-07 04:11:00,2.8585,2.861,2.8585,2.861,2.8635,2.866,2.8635,2.866,8
2026-04-07 04:12:00,2.862,2.863,2.862,2.8625,2.867,2.868,2.867,2.8675,6
2026-04-07 04:13:00,2.8615,2.8625,2.861,2.861,2.8665,2.8675,2.866,2.866,11
2026-04-07 04:14:00,2.8605,2.8615,2.8605,2.861,2.8655,2.8665,2.8655,2.866,5
2026-04-07 04:15:00,2.8615,2.8615,2.8605,2.8605,2.8665,2.8665,2.8655,2.8655,5
2026-04-07 04:16:00,2.86,2.86,2.86,2.86,2.865,2.865,2.865,2.865,1
2026-04-07 04:17:00,2.8605,2.8605,2.8605,2.8605,2.8655,2.8655,2.8655,2.8655,1
2026-04-07 04:18:00,2.8615,2.8615,2.8605,2.8605,2.8665,2.8665,2.8655,2.8655,3
2026-04-07 04:19:00,2.86,2.8615,2.86,2.861,2.865,2.8665,2.865,2.866,10
2026-04-07 04:20:00,2.8605,2.8615,2.8605,2.8615,2.8655,2.8665,2.8655,2.8665,2
2026-04-07 04:21:00,2.8605,2.862,2.8605,2.862,2.8655,2.867,2.8655,2.867,14
2026-04-07 04:22:00,2.8615,2.862,2.8615,2.8615,2.8665,2.867,2.8665,2.8665,3
2026-04-07 04:23:00,2.861,2.861,2.86,2.86,2.866,2.866,2.865,2.865,3
2026-04-07 04:25:00,2.859,2.86,2.857,2.859,2.864,2.865,2.862,2.864,8
2026-04-07 04:26:00,2.8595,2.8615,2.8595,2.86,2.8645,2.8665,2.8645,2.865,7
2026-04-07 04:27:00,2.8595,2.86,2.859,2.8595,2.8645,2.865,2.864,2.8645,4
2026-04-07 04:28:00,2.859,2.859,2.859,2.859,2.864,2.864,2.864,2.864,1
2026-04-07 04:29:00,2.8595,2.862,2.8595,2.8615,2.8645,2.867,2.8645,2.8665,7
2026-04-07 04:30:00,2.861,2.8625,2.86,2.8625,2.866,2.8675,2.865,2.8675,6
2026-04-07 04:31:00,2.862,2.862,2.8605,2.8605,2.867,2.867,2.8655,2.8655,3
2026-04-07 04:32:00,2.86,2.86,2.86,2.86,2.865,2.865,2.865,2.865,1
2026-04-07 04:33:00,2.859,2.859,2.858,2.8585,2.864,2.864,2.863,2.8635,6
2026-04-07 04:34:00,2.859,2.8595,2.8585,2.859,2.864,2.8645,2.8635,2.864,13
2026-04-07 04:35:00,2.8595,2.8605,2.8595,2.86,2.8645,2.8655,2.8645,2.865,4
2026-04-07 04:36:00,2.8605,2.8605,2.859,2.859,2.8655,2.8655,2.864,2.864,23
2026-04-07 04:37:00,2.8595,2.8595,2.859,2.8595,2.8645,2.8645,2.864,2.8645,3
2026-04-07 04:38:00,2.859,2.859,2.857,2.8575,2.864,2.864,2.862,2.8625,7
2026-04-07 04:39:00,2.858,2.858,2.858,2.858,2.863,2.863,2.863,2.863,1
2026-04-07 04:40:00,2.8575,2.858,2.857,2.857,2.8625,2.863,2.862,2.862,4
2026-04-07 04:41:00,2.8565,2.8565,2.856,2.856,2.8615,2.8615,2.861,2.861,2
2026-04-07 04:42:00,2.857,2.857,2.856,2.8565,2.862,2.862,2.861,2.8615,3
2026-04-07 04:43:00,2.856,2.856,2.855,2.8555,2.861,2.861,2.86,2.8605,3
2026-04-07 04:44:00,2.855,2.856,2.855,2.856,2.86,2.861,2.86,2.861,2
2026-04-07 04:45:00,2.8565,2.8575,2.8565,2.8565,2.8615,2.8625,2.8615,2.8615,3
2026-04-07 04:46:00,2.8555,2.857,2.8555,2.8555,2.8605,2.862,2.8605,2.8605,8
2026-04-07 04:47:00,2.856,2.8565,2.856,2.856,2.861,2.8615,2.861,2.861,3
2026-04-07 04:48:00,2.8565,2.8565,2.8545,2.8555,2.8615,2.8615,2.8595,2.8605,9
2026-04-07 04:49:00,2.855,2.857,2.855,2.857,2.86,2.862,2.86,2.862,4
2026-04-07 04:50:00,2.8565,2.857,2.8565,2.8565,2.8615,2.862,2.8615,2.8615,3
2026-04-07 04:51:00,2.856,2.856,2.8545,2.855,2.861,2.861,2.8595,2.86,6
2026-04-07 04:52:00,2.8545,2.855,2.854,2.854,2.8595,2.86,2.859,2.859,3
2026-04-07 04:53:00,2.853,2.8545,2.853,2.8545,2.858,2.8595,2.858,2.8595,8
2026-04-07 04:54:00,2.854,2.8545,2.854,2.8545,2.859,2.8595,2.859,2.8595,4
2026-04-07 04:55:00,2.855,2.856,2.855,2.8555,2.86,2.861,2.86,2.8605,4
2026-04-07 04:56:00,2.855,2.8555,2.855,2.855,2.86,2.8605,2.86,2.86,3
2026-04-07 04:57:00,2.8545,2.8555,2.8535,2.8535,2.8595,2.8605,2.8585,2.8585,26
2026-04-07 04:58:00,2.854,2.855,2.854,2.8545,2.859,2.86,2.859,2.8595,4
2026-04-07 04:59:00,2.855,2.856,2.854,2.8545,2.86,2.861,2.859,2.8595,5
2026-04-07 05:00:00,2.854,2.854,2.854,2.854,2.859,2.859,2.859,2.859,1
2026-04-07 05:01:00,2.8535,2.8535,2.853,2.853,2.8585,2.8585,2.858,2.858,2
2026-04-07 05:02:00,2.8535,2.8545,2.853,2.853,2.8585,2.8595,2.858,2.858,22
2026-04-07 05:05:00,2.8535,2.854,2.8495,2.8535,2.8585,2.859,2.8545,2.8585,19
2026-04-07 05:06:00,2.853,2.8535,2.8525,2.853,2.858,2.8585,2.8575,2.858,6
2026-04-07 05:07:00,2.854,2.854,2.854,2.854,2.859,2.859,2.859,2.859,1
2026-04-07 05:08:00,2.855,2.856,2.855,2.8555,2.86,2.861,2.86,2.8605,6
2026-04-07 05:10:00,2.855,2.856,2.855,2.855,2.86,2.861,2.86,2.86,4
2026-04-07 05:11:00,2.8555,2.856,2.8545,2.8545,2.8605,2.861,2.8595,2.8595,3
2026-04-07 05:12:00,2.855,2.8555,2.855,2.8555,2.86,2.8605,2.86,2.8605,6
2026-04-07 05:13:00,2.855,2.855,2.8545,2.8545,2.86,2.86,2.8595,2.8595,2
2026-04-07 05:15:00,2.855,2.855,2.8545,2.8545,2.86,2.86,2.8595,2.8595,2
2026-04-07 05:17:00,2.854,2.8545,2.854,2.8545,2.859,2.8595,2.859,2.8595,2
2026-04-07 05:18:00,2.855,2.855,2.8545,2.855,2.86,2.86,2.8595,2.86,3
2026-04-07 05:19:00,2.8545,2.8575,2.8545,2.8575,2.8595,2.8625,2.8595,2.8625,8
2026-04-07 05:20:00,2.857,2.857,2.8565,2.8565,2.862,2.862,2.8615,2.8615,2
2026-04-07 05:21:00,2.856,2.856,2.8545,2.8545,2.861,2.861,2.8595,2.8595,6
2026-04-07 05:22:00,2.854,2.8545,2.8535,2.854,2.859,2.8595,2.8585,2.859,7
2026-04-07 05:23:00,2.8535,2.854,2.8535,2.854,2.8585,2.859,2.8585,2.859,2
2026-04-07 05:24:00,2.8535,2.8535,2.852,2.8525,2.8585,2.8585,2.857,2.8575,6
2026-04-07 05:25:00,2.853,2.8545,2.8525,2.8545,2.858,2.8595,2.8575,2.8595,5
2026-04-07 05:27:00,2.855,2.855,2.8545,2.855,2.86,2.86,2.8595,2.86,5
2026-04-07 05:28:00,2.8555,2.8555,2.8555,2.8555,2.8605,2.8605,2.8605,2.8605,1
2026-04-07 05:29:00,2.855,2.8555,2.855,2.8555,2.86,2.8605,2.86,2.8605,2
2026-04-07 05:30:00,2.855,2.856,2.8535,2.854,2.86,2.861,2.8585,2.859,17
2026-04-07 05:31:00,2.8535,2.857,2.8535,2.857,2.8585,2.862,2.8585,2.862,17
2026-04-07 05:32:00,2.858,2.862,2.857,2.861,2.863,2.867,2.862,2.866,20
2026-04-07 05:33:00,2.8615,2.862,2.861,2.8615,2.8665,2.867,2.866,2.8665,7
2026-04-07 05:34:00,2.862,2.864,2.8595,2.8625,2.867,2.869,2.8645,2.8675,10
2026-04-07 05:35:00,2.863,2.8635,2.8615,2.862,2.868,2.8685,2.8665,2.867,15
2026-04-07 05:36:00,2.8615,2.862,2.861,2.862,2.8665,2.867,2.866,2.867,6
2026-04-07 05:37:00,2.8615,2.862,2.8615,2.862,2.8665,2.867,2.8665,2.867,2
2026-04-07 05:38:00,2.861,2.8625,2.861,2.8625,2.866,2.8675,2.866,2.8675,3
2026-04-07 05:39:00,2.863,2.864,2.8625,2.863,2.868,2.869,2.8675,2.868,8
2026-04-07 05:40:00,2.862,2.863,2.862,2.862,2.867,2.868,2.867,2.867,7
2026-04-07 05:41:00,2.861,2.861,2.8605,2.861,2.866,2.866,2.8655,2.866,3
2026-04-07 05:42:00,2.862,2.862,2.8615,2.862,2.867,2.867,2.8665,2.867,3
2026-04-07 05:43:00,2.8615,2.862,2.8605,2.862,2.8665,2.867,2.8655,2.867,9
2026-04-07 05:44:00,2.861,2.861,2.86,2.8605,2.866,2.866,2.865,2.8655,5
2026-04-07 05:45:00,2.86,2.86,2.8585,2.8585,2.865,2.865,2.8635,2.8635,9
2026-04-07 05:46:00,2.859,2.861,2.8585,2.8605,2.864,2.866,2.8635,2.8655,13
2026-04-07 05:47:00,2.86,2.8605,2.8585,2.8585,2.865,2.8655,2.8635,2.8635,13
2026-04-07 05:48:00,2.858,2.858,2.858,2.858,2.863,2.863,2.863,2.863,1
2026-04-07 05:49:00,2.8575,2.858,2.8575,2.8575,2.8625,2.863,2.8625,2.8625,5
2026-04-07 05:50:00,2.858,2.858,2.858,2.858,2.863,2.863,2.863,2.863,1
2026-04-07 05:51:00,2.8575,2.859,2.856,2.859,2.8625,2.864,2.861,2.864,9
2026-04-07 05:52:00,2.8595,2.861,2.8595,2.861,2.8645,2.866,2.8645,2.866,7
2026-04-07 05:53:00,2.8605,2.861,2.8605,2.861,2.8655,2.866,2.8655,2.866,2
2026-04-07 05:54:00,2.8605,2.861,2.8575,2.858,2.8655,2.866,2.8625,2.863,15
2026-04-07 05:55:00,2.8575,2.859,2.857,2.858,2.8625,2.864,2.862,2.863,10
2026-04-07 05:56:00,2.859,2.859,2.857,2.858,2.864,2.864,2.862,2.863,13
2026-04-07 05:57:00,2.8575,2.8585,2.857,2.858,2.8625,2.8635,2.862,2.863,7
2026-04-07 05:58:00,2.857,2.859,2.857,2.858,2.862,2.864,2.862,2.863,5
2026-04-07 05:59:00,2.859,2.8595,2.8585,2.8585,2.864,2.8645,2.8635,2.8635,6
2026-04-07 06:00:00,2.859,2.859,2.8575,2.858,2.864,2.864,2.8625,2.863,7
2026-04-07 06:01:00,2.8585,2.859,2.8585,2.859,2.8635,2.864,2.8635,2.864,2
2026-04-07 06:02:00,2.858,2.858,2.857,2.857,2.863,2.863,2.862,2.862,2
2026-04-07 06:03:00,2.8575,2.8585,2.8575,2.858,2.8625,2.8635,2.8625,2.863,6
2026-04-07 06:04:00,2.859,2.8635,2.859,2.863,2.864,2.8685,2.864,2.868,10
2026-04-07 06:05:00,2.8635,2.8675,2.86,2.8615,2.8685,2.8725,2.865,2.8665,27
2026-04-07 06:06:00,2.862,2.8635,2.8585,2.86,2.867,2.8685,2.8635,2.865,17
2026-04-07 06:07:00,2.8595,2.8595,2.859,2.8595,2.8645,2.8645,2.864,2.8645,3
2026-04-07 06:08:00,2.8605,2.862,2.8605,2.861,2.8655,2.867,2.8655,2.866,7
2026-04-07 06:09:00,2.8605,2.861,2.859,2.859,2.8655,2.866,2.864,2.864,19
2026-04-07 06:10:00,2.8595,2.8615,2.8595,2.8615,2.8645,2.8665,2.8645,2.8665,7
2026-04-07 06:11:00,2.862,2.864,2.8615,2.863,2.867,2.869,2.8665,2.868,11
2026-04-07 06:13:00,2.864,2.8645,2.864,2.864,2.869,2.8695,2.869,2.869,7
2026-04-07 06:14:00,2.8635,2.8635,2.862,2.8625,2.8685,2.8685,2.867,2.8675,5
2026-04-07 06:15:00,2.862,2.8625,2.861,2.862,2.867,2.8675,2.866,2.867,8
2026-04-07 06:16:00,2.861,2.861,2.8595,2.8605,2.866,2.866,2.8645,2.8655,12
2026-04-07 06:17:00,2.861,2.862,2.861,2.862,2.866,2.867,2.866,2.867,11
2026-04-07 06:18:00,2.8615,2.862,2.8615,2.8615,2.8665,2.867,2.8665,2.8665,11
2026-04-07 06:19:00,2.8625,2.8635,2.8615,2.863,2.8675,2.8685,2.8665,2.868,14
2026-04-07 06:20:00,2.8635,2.8635,2.8615,2.8625,2.8685,2.8685,2.8665,2.8675,4
2026-04-07 06:21:00,2.863,2.863,2.861,2.8615,2.868,2.868,2.866,2.8665,4
2026-04-07 06:22:00,2.861,2.8615,2.86,2.8615,2.866,2.8665,2.865,2.8665,5
2026-04-07 06:23:00,2.861,2.861,2.8595,2.8595,2.866,2.866,2.8645,2.8645,5
2026-04-07 06:24:00,2.859,2.859,2.858,2.859,2.864,2.864,2.863,2.864,4
2026-04-07 06:27:00,2.86,2.86,2.86,2.86,2.865,2.865,2.865,2.865,1
2026-04-07 06:28:00,2.8605,2.8615,2.8585,2.8605,2.8655,2.8665,2.8635,2.8655,18
2026-04-07 06:29:00,2.86,2.8615,2.8595,2.8595,2.865,2.8665,2.8645,2.8645,7
2026-04-07 06:30:00,2.859,2.8595,2.857,2.8575,2.864,2.8645,2.862,2.8625,17
2026-04-07 06:31:00,2.858,2.859,2.8575,2.8575,2.863,2.864,2.8625,2.8625,17
2026-04-07 06:32:00,2.858,2.8585,2.8575,2.8575,2.863,2.8635,2.8625,2.8625,4
2026-04-07 06:33:00,2.858,2.8605,2.858,2.86,2.863,2.8655,2.863,2.865,11
2026-04-07 06:34:00,2.8605,2.8635,2.8605,2.8615,2.8655,2.8685,2.8655,2.8665,12
2026-04-07 06:35:00,2.861,2.862,2.8605,2.8615,2.866,2.867,2.8655,2.8665,12
2026-04-07 06:36:00,2.862,2.8645,2.862,2.864,2.867,2.8695,2.867,2.869,15
2026-04-07 06:37:00,2.8645,2.8645,2.864,2.8645,2.8695,2.8695,2.869,2.8695,7
2026-04-07 06:38:00,2.865,2.868,2.865,2.868,2.87,2.873,2.87,2.873,15
2026-04-07 06:39:00,2.869,2.869,2.869,2.869,2.874,2.874,2.874,2.874,1
2026-04-07 06:40:00,2.868,2.869,2.868,2.869,2.873,2.874,2.873,2.874,4
2026-04-07 06:41:00,2.87,2.87,2.869,2.869,2.875,2.875,2.874,2.874,2
2026-04-07 06:43:00,2.8685,2.869,2.866,2.8675,2.8735,2.874,2.871,2.8725,9
2026-04-07 06:44:00,2.867,2.868,2.866,2.866,2.872,2.873,2.871,2.871,5
2026-04-07 06:45:00,2.867,2.867,2.867,2.867,2.872,2.872,2.872,2.872,1
2026-04-07 06:46:00,2.8665,2.8665,2.866,2.866,2.8715,2.8715,2.871,2.871,2
2026-04-07 06:47:00,2.8655,2.866,2.865,2.866,2.8705,2.871,2.87,2.871,3
2026-04-07 06:48:00,2.8665,2.8675,2.866,2.866,2.8715,2.8725,2.871,2.871,9
2026-04-07 06:49:00,2.867,2.8675,2.867,2.8675,2.872,2.8725,2.872,2.8725,2
2026-04-07 06:51:00,2.8685,2.8685,2.8675,2.868,2.8735,2.8735,2.8725,2.873,4
2026-04-07 06:52:00,2.867,2.869,2.867,2.869,2.872,2.874,2.872,2.874,7
2026-04-07 06:53:00,2.8695,2.8695,2.869,2.869,2.8745,2.8745,2.874,2.874,2
2026-04-07 06:54:00,2.8695,2.87,2.868,2.868,2.8745,2.875,2.873,2.873,4
2026-04-07 06:55:00,2.8685,2.8685,2.8685,2.8685,2.8735,2.8735,2.8735,2.8735,1
2026-04-07 06:56:00,2.869,2.8725,2.869,2.871,2.874,2.8775,2.874,2.876,16
2026-04-07 06:57:00,2.8715,2.873,2.8715,2.872,2.8765,2.878,2.8765,2.877,6
2026-04-07 06:59:00,2.8725,2.873,2.8725,2.8725,2.8775,2.878,2.8775,2.8775,3
2026-04-07 07:00:00,2.871,2.873,2.871,2.873,2.876,2.878,2.876,2.878,10
2026-04-07 07:01:00,2.8725,2.8725,2.8705,2.8705,2.8775,2.8775,2.8755,2.8755,4
2026-04-07 07:02:00,2.87,2.872,2.87,2.8715,2.875,2.877,2.875,2.8765,9
2026-04-07 07:03:00,2.872,2.8735,2.872,2.8735,2.877,2.8785,2.877,2.8785,2
2026-04-07 07:04:00,2.873,2.8735,2.873,2.8735,2.878,2.8785,2.878,2.8785,2
2026-04-07 07:06:00,2.876,2.878,2.876,2.8765,2.881,2.883,2.881,2.8815,15
2026-04-07 07:07:00,2.877,2.8785,2.877,2.877,2.882,2.8835,2.882,2.882,7
2026-04-07 07:08:00,2.8775,2.88,2.877,2.879,2.8825,2.885,2.882,2.884,17
2026-04-07 07:11:00,2.88,2.88,2.879,2.879,2.885,2.885,2.884,2.884,4
2026-04-07 07:14:00,2.878,2.878,2.877,2.878,2.883,2.883,2.882,2.883,3
2026-04-07 07:15:00,2.8785,2.8785,2.878,2.878,2.8835,2.8835,2.883,2.883,2
2026-04-07 07:16:00,2.8775,2.8775,2.877,2.877,2.8825,2.8825,2.882,2.882,2
2026-04-07 07:17:00,2.8765,2.877,2.876,2.876,2.8815,2.882,2.881,2.881,4
2026-04-07 07:19:00,2.8755,2.876,2.875,2.875,2.8805,2.881,2.88,2.88,5
2026-04-07 07:20:00,2.876,2.877,2.875,2.8755,2.881,2.882,2.88,2.8805,6
2026-04-07 07:22:00,2.875,2.876,2.875,2.8755,2.88,2.881,2.88,2.8805,4
2026-04-07 07:23:00,2.875,2.878,2.875,2.878,2.88,2.883,2.88,2.883,5
2026-04-07 07:24:00,2.8785,2.8785,2.878,2.8785,2.8835,2.8835,2.883,2.8835,7
2026-04-07 07:25:00,2.879,2.8805,2.879,2.88,2.884,2.8855,2.884,2.885,4
2026-04-07 07:26:00,2.879,2.8795,2.878,2.878,2.884,2.8845,2.883,2.883,4
2026-04-07 07:27:00,2.8785,2.879,2.878,2.879,2.8835,2.884,2.883,2.884,4
2026-04-07 07:29:00,2.878,2.878,2.878,2.878,2.883,2.883,2.883,2.883,1
2026-04-07 07:30:00,2.8775,2.879,2.8775,2.8785,2.8825,2.884,2.8825,2.8835,5
2026-04-07 07:31:00,2.879,2.8795,2.8775,2.879,2.884,2.8845,2.8825,2.884,8
2026-04-07 07:32:00,2.878,2.878,2.875,2.8755,2.883,2.883,2.88,2.8805,11
2026-04-07 07:33:00,2.876,2.876,2.8755,2.8755,2.881,2.881,2.8805,2.8805,2
2026-04-07 07:35:00,2.876,2.876,2.876,2.876,2.881,2.881,2.881,2.881,1
2026-04-07 07:36:00,2.877,2.877,2.877,2.877,2.882,2.882,2.882,2.882,1
2026-04-07 07:37:00,2.8765,2.8765,2.8765,2.8765,2.8815,2.8815,2.8815,2.8815,1
2026-04-07 07:38:00,2.876,2.876,2.874,2.874,2.881,2.881,2.879,2.879,5
2026-04-07 07:39:00,2.8735,2.8735,2.8735,2.8735,2.8785,2.8785,2.8785,2.8785,1
2026-04-07 07:40:00,2.873,2.873,2.8725,2.8725,2.878,2.878,2.8775,2.8775,2
2026-04-07 07:41:00,2.873,2.8755,2.873,2.875,2.878,2.8805,2.878,2.88,7
2026-04-07 07:43:00,2.874,2.874,2.8725,2.8725,2.879,2.879,2.8775,2.8775,3
2026-04-07 07:44:00,2.871,2.871,2.8695,2.8695,2.876,2.876,2.8745,2.8745,3
2026-04-07 07:45:00,2.87,2.8715,2.87,2.871,2.875,2.8765,2.875,2.876,5
2026-04-07 07:46:00,2.8715,2.872,2.8705,2.871,2.8765,2.877,2.8755,2.876,6
2026-04-07 07:47:00,2.8705,2.8725,2.8705,2.8715,2.8755,2.8775,2.8755,2.8765,7
2026-04-07 07:48:00,2.872,2.872,2.8715,2.8715,2.877,2.877,2.8765,2.8765,6
2026-04-07 07:49:00,2.872,2.872,2.8715,2.8715,2.877,2.877,2.8765,2.8765,2
2026-04-07 07:50:00,2.872,2.8725,2.8705,2.8705,2.877,2.8775,2.8755,2.8755,7
2026-04-07 07:51:00,2.87,2.87,2.868,2.8685,2.875,2.875,2.873,2.8735,6
2026-04-07 07:52:00,2.868,2.868,2.8675,2.868,2.873,2.873,2.8725,2.873,3
2026-04-07 07:53:00,2.869,2.87,2.869,2.869,2.874,2.875,2.874,2.874,4
2026-04-07 07:54:00,2.8685,2.8685,2.868,2.8685,2.8735,2.8735,2.873,2.8735,3
2026-04-07 07:55:00,2.868,2.868,2.867,2.8675,2.873,2.873,2.872,2.8725,3
2026-04-07 07:56:00,2.8685,2.8685,2.8685,2.8685,2.8735,2.8735,2.8735,2.8735,1
2026-04-07 07:57:00,2.868,2.868,2.868,2.868,2.873,2.873,2.873,2.873,1
2026-04-07 07:58:00,2.8675,2.8675,2.8675,2.8675,2.8725,2.8725,2.8725,2.8725,1
2026-04-07 07:59:00,2.8685,2.8685,2.868,2.868,2.8735,2.8735,2.873,2.873,2
2026-04-07 08:00:00,2.8675,2.8675,2.8665,2.867,2.8725,2.8725,2.8715,2.872,4
2026-04-07 08:01:00,2.868,2.87,2.8675,2.8685,2.873,2.875,2.8725,2.8735,12
2026-04-07 08:02:00,2.869,2.869,2.8675,2.8675,2.874,2.874,2.8725,2.8725,4
2026-04-07 08:03:00,2.867,2.8675,2.867,2.8675,2.872,2.8725,2.872,2.8725,2
2026-04-07 08:04:00,2.868,2.868,2.863,2.864,2.873,2.873,2.868,2.869,11
2026-04-07 08:05:00,2.8645,2.867,2.8645,2.866,2.8695,2.872,2.8695,2.871,8
2026-04-07 08:06:00,2.8655,2.871,2.8655,2.871,2.8705,2.876,2.8705,2.876,10
2026-04-07 08:07:00,2.8705,2.872,2.869,2.8715,2.8755,2.877,2.874,2.8765,9
2026-04-07 08:08:00,2.8725,2.873,2.8715,2.873,2.8775,2.878,2.8765,2.878,7
2026-04-07 08:09:00,2.8725,2.874,2.8725,2.874,2.8775,2.879,2.8775,2.879,7
2026-04-07 08:10:00,2.875,2.875,2.8725,2.8725,2.88,2.88,2.8775,2.8775,5
2026-04-07 08:11:00,2.872,2.873,2.872,2.8725,2.877,2.878,2.877,2.8775,3
2026-04-07 08:13:00,2.873,2.874,2.873,2.874,2.878,2.879,2.878,2.879,12
2026-04-07 08:14:00,2.8735,2.8735,2.872,2.8725,2.8785,2.8785,2.877,2.8775,9
2026-04-07 08:15:00,2.873,2.8745,2.873,2.874,2.878,2.8795,2.878,2.879,11
2026-04-07 08:16:00,2.873,2.873,2.873,2.873,2.878,2.878,2.878,2.878,1
2026-04-07 08:17:00,2.8735,2.8735,2.873,2.873,2.8785,2.8785,2.878,2.878,4
2026-04-07 08:18:00,2.874,2.875,2.874,2.875,2.879,2.88,2.879,2.88,2
2026-04-07 08:19:00,2.8755,2.8775,2.8755,2.876,2.8805,2.8825,2.8805,2.881,17
2026-04-07 08:20:00,2.8765,2.879,2.8765,2.878,2.8815,2.884,2.8815,2.883,7
2026-04-07 08:21:00,2.879,2.8815,2.879,2.881,2.884,2.8865,2.884,2.886,5
2026-04-07 08:22:00,2.8805,2.881,2.879,2.879,2.8855,2.886,2.884,2.884,14
2026-04-07 08:23:00,2.8785,2.8785,2.877,2.877,2.8835,2.8835,2.882,2.882,5
2026-04-07 08:25:00,2.8765,2.8765,2.8765,2.8765,2.8815,2.8815,2.8815,2.8815,1
2026-04-07 08:26:00,2.876,2.876,2.8755,2.8755,2.881,2.881,2.8805,2.8805,2
2026-04-07 08:27:00,2.8765,2.8765,2.8755,2.8755,2.8815,2.8815,2.8805,2.8805,3
2026-04-07 08:29:00,2.875,2.875,2.872,2.8735,2.88,2.88,2.877,2.8785,11
2026-04-07 08:30:00,2.8725,2.8725,2.8695,2.8705,2.8775,2.8775,2.8745,2.8755,19
2026-04-07 08:31:00,2.871,2.8745,2.871,2.8745,2.876,2.8795,2.876,2.8795,7
2026-04-07 08:32:00,2.874,2.874,2.872,2.8725,2.879,2.879,2.877,2.8775,5
2026-04-07 08:34:00,2.873,2.8735,2.873,2.8735,2.878,2.8785,2.878,2.8785,2
2026-04-07 08:35:00,2.873,2.8735,2.8725,2.8725,2.878,2.8785,2.8775,2.8775,3
2026-04-07 08:36:00,2.872,2.8725,2.8715,2.8725,2.877,2.8775,2.8765,2.8775,6
2026-04-07 08:37:00,2.872,2.872,2.8715,2.8715,2.877,2.877,2.8765,2.8765,2
2026-04-07 08:38:00,2.872,2.872,2.871,2.871,2.877,2.877,2.876,2.876,7
2026-04-07 08:39:00,2.8705,2.871,2.8705,2.871,2.8755,2.876,2.8755,2.876,2
2026-04-07 08:40:00,2.8715,2.8715,2.8715,2.8715,2.8765,2.8765,2.8765,2.8765,1
2026-04-07 08:41:00,2.872,2.872,2.8715,2.8715,2.877,2.877,2.8765,2.8765,4
2026-04-07 08:42:00,2.871,2.871,2.8705,2.8705,2.876,2.876,2.8755,2.8755,4
2026-04-07 08:43:00,2.87,2.87,2.87,2.87,2.875,2.875,2.875,2.875,1
2026-04-07 08:45:00,2.8695,2.87,2.869,2.87,2.8745,2.875,2.874,2.875,4
2026-04-07 08:46:00,2.8705,2.872,2.8695,2.87,2.8755,2.877,2.8745,2.875,8
2026-04-07 08:47:00,2.8695,2.8695,2.8695,2.8695,2.8745,2.8745,2.8745,2.8745,1
2026-04-07 08:49:00,2.87,2.871,2.87,2.8705,2.875,2.876,2.875,2.8755,10
2026-04-07 08:50:00,2.87,2.87,2.866,2.866,2.875,2.875,2.871,2.871,8
2026-04-07 08:51:00,2.867,2.868,2.867,2.868,2.872,2.873,2.872,2.873,2
2026-04-07 08:52:00,2.8675,2.869,2.8675,2.868,2.8725,2.874,2.8725,2.873,5
2026-04-07 08:53:00,2.8685,2.869,2.8675,2.8675,2.8735,2.874,2.8725,2.8725,17
2026-04-07 08:54:00,2.867,2.869,2.8665,2.8685,2.872,2.874,2.8715,2.8735,10
2026-04-07 08:55:00,2.869,2.869,2.867,2.867,2.874,2.874,2.872,2.872,4
2026-04-07 08:56:00,2.868,2.868,2.868,2.868,2.873,2.873,2.873,2.873,1
2026-04-07 08:57:00,2.8675,2.8685,2.867,2.8685,2.8725,2.8735,2.872,2.8735,4
2026-04-07 08:58:00,2.869,2.869,2.868,2.868,2.874,2.874,2.873,2.873,2
2026-04-07 08:59:00,2.8685,2.8685,2.8685,2.8685,2.8735,2.8735,2.8735,2.8735,1
2026-04-07 09:00:00,2.868,2.869,2.86,2.864,2.873,2.874,2.865,2.869,43
2026-04-07 09:01:00,2.863,2.864,2.862,2.863,2.868,2.869,2.867,2.868,12
2026-04-07 09:02:00,2.8625,2.868,2.862,2.868,2.8675,2.873,2.867,2.873,25
2026-04-07 09:03:00,2.8685,2.869,2.866,2.8665,2.8735,2.874,2.871,2.8715,22
2026-04-07 09:04:00,2.867,2.8675,2.8635,2.867,2.872,2.8725,2.8685,2.872,25
2026-04-07 09:05:00,2.868,2.868,2.867,2.8675,2.873,2.873,2.872,2.8725,30
2026-04-07 09:06:00,2.867,2.867,2.866,2.867,2.872,2.872,2.871,2.872,5
2026-04-07 09:07:00,2.868,2.868,2.8665,2.8665,2.873,2.873,2.8715,2.8715,10
2026-04-07 09:08:00,2.866,2.8685,2.866,2.868,2.871,2.8735,2.871,2.873,16
2026-04-07 09:09:00,2.8675,2.8675,2.866,2.8665,2.8725,2.8725,2.871,2.8715,7
2026-04-07 09:10:00,2.867,2.868,2.8665,2.868,2.872,2.873,2.8715,2.873,5
2026-04-07 09:11:00,2.8675,2.87,2.8675,2.87,2.8725,2.875,2.8725,2.875,10
2026-04-07 09:12:00,2.8695,2.8695,2.869,2.869,2.8745,2.8745,2.874,2.874,2
2026-04-07 09:13:00,2.8685,2.8685,2.866,2.866,2.8735,2.8735,2.871,2.871,6
2026-04-07 09:14:00,2.867,2.8675,2.866,2.8665,2.872,2.8725,2.871,2.8715,8
2026-04-07 09:15:00,2.867,2.8685,2.867,2.868,2.872,2.8735,2.872,2.873,10
2026-04-07 09:16:00,2.869,2.8695,2.867,2.8695,2.874,2.8745,2.872,2.8745,9
2026-04-07 09:17:00,2.87,2.8725,2.87,2.8725,2.875,2.8775,2.875,2.8775,6
2026-04-07 09:18:00,2.872,2.872,2.87,2.87,2.877,2.877,2.875,2.875,10
2026-04-07 09:19:00,2.8705,2.871,2.8705,2.871,2.8755,2.876,2.8755,2.876,2
2026-04-07 09:20:00,2.87,2.871,2.8685,2.871,2.875,2.876,2.8735,2.876,7
2026-04-07 09:21:00,2.87,2.871,2.869,2.871,2.875,2.876,2.874,2.876,10
2026-04-07 09:22:00,2.8705,2.8705,2.87,2.87,2.8755,2.8755,2.875,2.875,4
2026-04-07 09:23:00,2.871,2.8715,2.871,2.8715,2.876,2.8765,2.876,2.8765,4
2026-04-07 09:24:00,2.872,2.872,2.871,2.871,2.877,2.877,2.876,2.876,6
2026-04-07 09:25:00,2.8715,2.872,2.871,2.872,2.8765,2.877,2.876,2.877,6
2026-04-07 09:26:00,2.871,2.871,2.87,2.8705,2.876,2.876,2.875,2.8755,6
2026-04-07 09:27:00,2.871,2.872,2.8705,2.8705,2.876,2.877,2.8755,2.8755,8
2026-04-07 09:28:00,2.871,2.872,2.8695,2.8695,2.876,2.877,2.8745,2.8745,9
2026-04-07 09:29:00,2.87,2.87,2.87,2.87,2.875,2.875,2.875,2.875,1
2026-04-07 09:30:00,2.869,2.8695,2.8685,2.8685,2.874,2.8745,2.8735,2.8735,8
2026-04-07 09:31:00,2.868,2.8695,2.868,2.869,2.873,2.8745,2.873,2.874,4
2026-04-07 09:32:00,2.87,2.87,2.868,2.868,2.875,2.875,2.873,2.873,6
2026-04-07 09:33:00,2.8685,2.8685,2.868,2.8685,2.8735,2.8735,2.873,2.8735,5
2026-04-07 09:35:00,2.869,2.869,2.867,2.867,2.874,2.874,2.872,2.872,4
2026-04-07 09:36:00,2.8665,2.8665,2.866,2.866,2.8715,2.8715,2.871,2.871,2
2026-04-07 09:37:00,2.8665,2.867,2.866,2.866,2.8715,2.872,2.871,2.871,5
2026-04-07 09:38:00,2.865,2.867,2.865,2.867,2.87,2.872,2.87,2.872,6
2026-04-07 09:39:00,2.8675,2.8675,2.867,2.867,2.8725,2.8725,2.872,2.872,2
2026-04-07 09:41:00,2.8675,2.868,2.867,2.867,2.8725,2.873,2.872,2.872,12
2026-04-07 09:42:00,2.866,2.868,2.866,2.867,2.871,2.873,2.871,2.872,6
2026-04-07 09:43:00,2.8675,2.868,2.866,2.867,2.8725,2.873,2.871,2.872,5
2026-04-07 09:44:00,2.866,2.866,2.866,2.866,2.871,2.871,2.871,2.871,1
2026-04-07 09:46:00,2.867,2.867,2.864,2.864,2.872,2.872,2.869,2.869,4
2026-04-07 09:47:00,2.865,2.866,2.8645,2.865,2.87,2.871,2.8695,2.87,4
2026-04-07 09:48:00,2.8655,2.866,2.8655,2.866,2.8705,2.871,2.8705,2.871,2
2026-04-07 09:49:00,2.867,2.871,2.867,2.8695,2.872,2.876,2.872,2.8745,15
2026-04-07 09:50:00,2.8685,2.8685,2.867,2.8675,2.8735,2.8735,2.872,2.8725,5
2026-04-07 09:51:00,2.867,2.867,2.866,2.8665,2.872,2.872,2.871,2.8715,6
2026-04-07 09:52:00,2.867,2.868,2.8665,2.8675,2.872,2.873,2.8715,2.8725,5
2026-04-07 09:53:00,2.867,2.8675,2.8655,2.867,2.872,2.8725,2.8705,2.872,9
2026-04-07 09:54:00,2.8665,2.868,2.8665,2.868,2.8715,2.873,2.8715,2.873,9
2026-04-07 09:55:00,2.8675,2.8675,2.865,2.865,2.8725,2.8725,2.87,2.87,15
2026-04-07 09:56:00,2.8655,2.866,2.8645,2.8645,2.8705,2.871,2.8695,2.8695,4
2026-04-07 09:57:00,2.864,2.865,2.864,2.865,2.869,2.87,2.869,2.87,4
2026-04-07 09:58:00,2.8645,2.8645,2.864,2.864,2.8695,2.8695,2.869,2.869,2
2026-04-07 09:59:00,2.8645,2.8645,2.8635,2.864,2.8695,2.8695,2.8685,2.869,4
2026-04-07 10:00:00,2.8635,2.8635,2.8615,2.863,2.8685,2.8685,2.8665,2.868,11
2026-04-07 10:01:00,2.8625,2.863,2.858,2.86,2.8675,2.868,2.863,2.865,24
2026-04-07 10:02:00,2.8595,2.8595,2.849,2.853,2.8645,2.8645,2.854,2.858,79
2026-04-07 10:03:00,2.8525,2.858,2.8515,2.858,2.8575,2.863,2.8565,2.863,31
2026-04-07 10:04:00,2.8585,2.861,2.8585,2.861,2.8635,2.866,2.8635,2.866,16
2026-04-07 10:05:00,2.8605,2.861,2.859,2.8595,2.8655,2.866,2.864,2.8645,13
2026-04-07 10:06:00,2.86,2.861,2.8585,2.86,2.865,2.866,2.8635,2.865,18
2026-04-07 10:07:00,2.859,2.86,2.859,2.86,2.864,2.865,2.864,2.865,3
2026-04-07 10:08:00,2.859,2.86,2.8585,2.8595,2.864,2.865,2.8635,2.8645,16
2026-04-07 10:09:00,2.86,2.86,2.858,2.859,2.865,2.865,2.863,2.864,19
2026-04-07 10:10:00,2.8595,2.86,2.857,2.858,2.8645,2.865,2.862,2.863,14
2026-04-07 10:11:00,2.859,2.8595,2.856,2.8565,2.864,2.8645,2.861,2.8615,17
2026-04-07 10:12:00,2.856,2.857,2.854,2.8565,2.861,2.862,2.859,2.8615,18
2026-04-07 10:13:00,2.857,2.857,2.854,2.8545,2.862,2.862,2.859,2.8595,15
2026-04-07 10:14:00,2.855,2.856,2.8545,2.8545,2.86,2.861,2.8595,2.8595,13
2026-04-07 10:15:00,2.8555,2.856,2.852,2.8525,2.8605,2.861,2.857,2.8575,20
2026-04-07 10:16:00,2.853,2.8535,2.851,2.8515,2.858,2.8585,2.856,2.8565,10
2026-04-07 10:17:00,2.852,2.8555,2.8505,2.8555,2.857,2.8605,2.8555,2.8605,28
2026-04-07 10:18:00,2.856,2.8575,2.856,2.857,2.861,2.8625,2.861,2.862,13
2026-04-07 10:19:00,2.8575,2.8575,2.852,2.8525,2.8625,2.8625,2.857,2.8575,19
2026-04-07 10:20:00,2.852,2.852,2.848,2.849,2.857,2.857,2.853,2.854,21
2026-04-07 10:21:00,2.8485,2.849,2.8465,2.847,2.8535,2.854,2.8515,2.852,33
2026-04-07 10:22:00,2.8465,2.8465,2.844,2.846,2.8515,2.8515,2.849,2.851,12
2026-04-07 10:23:00,2.8465,2.8465,2.845,2.845,2.8515,2.8515,2.85,2.85,4
2026-04-07 10:24:00,2.844,2.848,2.839,2.847,2.849,2.853,2.844,2.852,55
2026-04-07 10:25:00,2.848,2.848,2.8465,2.8465,2.853,2.853,2.8515,2.8515,16
2026-04-07 10:26:00,2.847,2.848,2.846,2.846,2.852,2.853,2.851,2.851,15
2026-04-07 10:27:00,2.8465,2.849,2.8445,2.847,2.8515,2.854,2.8495,2.852,18
2026-04-07 10:28:00,2.8465,2.8485,2.844,2.848,2.8515,2.8535,2.849,2.853,23
2026-04-07 10:29:00,2.8475,2.8475,2.844,2.8455,2.8525,2.8525,2.849,2.8505,17
2026-04-07 10:30:00,2.845,2.846,2.844,2.844,2.85,2.851,2.849,2.849,20
2026-04-07 10:31:00,2.8435,2.8435,2.84,2.842,2.8485,2.8485,2.845,2.847,16
2026-04-07 10:32:00,2.8425,2.845,2.8415,2.845,2.8475,2.85,2.8465,2.85,15
2026-04-07 10:33:00,2.846,2.846,2.843,2.845,2.851,2.851,2.848,2.85,11
2026-04-07 10:34:00,2.846,2.848,2.845,2.845,2.851,2.853,2.85,2.85,11
2026-04-07 10:35:00,2.8445,2.845,2.843,2.8445,2.8495,2.85,2.848,2.8495,36
2026-04-07 10:36:00,2.845,2.845,2.8425,2.8425,2.85,2.85,2.8475,2.8475,16
2026-04-07 10:37:00,2.843,2.844,2.842,2.843,2.848,2.849,2.847,2.848,8
2026-04-07 10:38:00,2.8435,2.8435,2.841,2.841,2.8485,2.8485,2.846,2.846,15
2026-04-07 10:39:00,2.842,2.8455,2.842,2.8455,2.847,2.8505,2.847,2.8505,16
2026-04-07 10:40:00,2.846,2.8465,2.844,2.8455,2.851,2.8515,2.849,2.8505,14
2026-04-07 10:41:00,2.845,2.845,2.844,2.844,2.85,2.85,2.849,2.849,11
2026-04-07 10:42:00,2.8435,2.8435,2.8405,2.842,2.8485,2.8485,2.8455,2.847,10
2026-04-07 10:43:00,2.8415,2.843,2.8415,2.843,2.8465,2.848,2.8465,2.848,3
2026-04-07 10:44:00,2.842,2.842,2.839,2.842,2.847,2.847,2.844,2.847,8
2026-04-07 10:45:00,2.8415,2.843,2.841,2.843,2.8465,2.848,2.846,2.848,12
2026-04-07 10:46:00,2.844,2.845,2.8435,2.8445,2.849,2.85,2.8485,2.8495,10
2026-04-07 10:47:00,2.845,2.8455,2.8435,2.844,2.85,2.8505,2.8485,2.849,9
2026-04-07 10:48:00,2.845,2.845,2.842,2.845,2.85,2.85,2.847,2.85,18
2026-04-07 10:49:00,2.844,2.845,2.842,2.844,2.849,2.85,2.847,2.849,16
2026-04-07 10:50:00,2.8445,2.846,2.8435,2.844,2.8495,2.851,2.8485,2.849,17
2026-04-07 10:51:00,2.8435,2.846,2.843,2.843,2.8485,2.851,2.848,2.848,13
2026-04-07 10:52:00,2.844,2.844,2.842,2.843,2.849,2.849,2.847,2.848,17
2026-04-07 10:53:00,2.842,2.842,2.835,2.839,2.847,2.847,2.84,2.844,34
2026-04-07 10:54:00,2.8385,2.8385,2.837,2.8375,2.8435,2.8435,2.842,2.8425,17
2026-04-07 10:55:00,2.837,2.837,2.836,2.836,2.842,2.842,2.841,2.841,8
2026-04-07 10:56:00,2.8365,2.837,2.836,2.8365,2.8415,2.842,2.841,2.8415,9
2026-04-07 10:57:00,2.837,2.837,2.827,2.828,2.842,2.842,2.832,2.833,35
2026-04-07 10:58:00,2.827,2.828,2.8215,2.826,2.832,2.833,2.8265,2.831,61
2026-04-07 10:59:00,2.827,2.827,2.824,2.8255,2.832,2.832,2.829,2.8305,30
2026-04-07 11:00:00,2.825,2.828,2.824,2.827,2.83,2.833,2.829,2.832,45
2026-04-07 11:01:00,2.8275,2.828,2.8245,2.8245,2.8325,2.833,2.8295,2.8295,20
2026-04-07 11:02:00,2.824,2.825,2.822,2.824,2.829,2.83,2.827,2.829,15
2026-04-07 11:03:00,2.825,2.827,2.824,2.826,2.83,2.832,2.829,2.831,20
2026-04-07 11:04:00,2.8255,2.827,2.825,2.8255,2.8305,2.832,2.83,2.8305,18
2026-04-07 11:05:00,2.826,2.828,2.8255,2.827,2.831,2.833,2.8305,2.832,24
2026-04-07 11:06:00,2.8275,2.8305,2.827,2.8295,2.8325,2.8355,2.832,2.8345,16
2026-04-07 11:07:00,2.83,2.831,2.829,2.8295,2.835,2.836,2.834,2.8345,16
2026-04-07 11:08:00,2.83,2.83,2.829,2.829,2.835,2.835,2.834,2.834,6
2026-04-07 11:09:00,2.8285,2.8295,2.8265,2.828,2.8335,2.8345,2.8315,2.833,18
2026-04-07 11:10:00,2.829,2.829,2.8265,2.828,2.834,2.834,2.8315,2.833,14
2026-04-07 11:11:00,2.827,2.828,2.8265,2.827,2.832,2.833,2.8315,2.832,8
2026-04-07 11:12:00,2.8265,2.827,2.824,2.8245,2.8315,2.832,2.829,2.8295,18
2026-04-07 11:13:00,2.8255,2.8265,2.8245,2.826,2.8305,2.8315,2.8295,2.831,11
2026-04-07 11:14:00,2.8265,2.8285,2.826,2.8285,2.8315,2.8335,2.831,2.8335,21
2026-04-07 11:15:00,2.829,2.83,2.829,2.829,2.834,2.835,2.834,2.834,5
2026-04-07 11:16:00,2.8285,2.8295,2.826,2.827,2.8335,2.8345,2.831,2.832,19
2026-04-07 11:17:00,2.8275,2.8275,2.8235,2.8245,2.8325,2.8325,2.8285,2.8295,15
2026-04-07 11:18:00,2.825,2.827,2.825,2.827,2.83,2.832,2.83,2.832,14
2026-04-07 11:19:00,2.8265,2.8265,2.823,2.824,2.8315,2.8315,2.828,2.829,20
2026-04-07 11:20:00,2.8235,2.826,2.8235,2.8255,2.8285,2.831,2.8285,2.8305,24
2026-04-07 11:21:00,2.826,2.826,2.824,2.825,2.831,2.831,2.829,2.83,38
2026-04-07 11:22:00,2.826,2.8265,2.826,2.8265,2.831,2.8315,2.831,2.8315,6
2026-04-07 11:23:00,2.826,2.83,2.825,2.828,2.831,2.835,2.83,2.833,11
2026-04-07 11:24:00,2.829,2.8295,2.826,2.8265,2.834,2.8345,2.831,2.8315,12
2026-04-07 11:25:00,2.827,2.83,2.8265,2.828,2.832,2.835,2.8315,2.833,10
2026-04-07 11:26:00,2.8275,2.828,2.8255,2.827,2.8325,2.833,2.8305,2.832,16
2026-04-07 11:27:00,2.8275,2.8275,2.826,2.8265,2.8325,2.8325,2.831,2.8315,8
2026-04-07 11:28:00,2.827,2.829,2.826,2.826,2.832,2.834,2.831,2.831,13
2026-04-07 11:29:00,2.8265,2.827,2.8245,2.827,2.8315,2.832,2.8295,2.832,16
2026-04-07 11:30:00,2.8265,2.828,2.8255,2.827,2.8315,2.833,2.8305,2.832,20
2026-04-07 11:31:00,2.8275,2.829,2.8255,2.829,2.8325,2.834,2.8305,2.834,19
2026-04-07 11:32:00,2.828,2.8325,2.827,2.8315,2.833,2.8375,2.832,2.8365,39
2026-04-07 11:33:00,2.831,2.8315,2.8295,2.8305,2.836,2.8365,2.8345,2.8355,8
2026-04-07 11:34:00,2.83,2.831,2.829,2.8295,2.835,2.836,2.834,2.8345,21
2026-04-07 11:35:00,2.83,2.8315,2.8295,2.8305,2.835,2.8365,2.8345,2.8355,10
2026-04-07 11:36:00,2.83,2.833,2.83,2.831,2.835,2.838,2.835,2.836,18
2026-04-07 11:37:00,2.8315,2.832,2.8295,2.83,2.8365,2.837,2.8345,2.835,12
2026-04-07 11:38:00,2.829,2.829,2.827,2.8285,2.834,2.834,2.832,2.8335,11
2026-04-07 11:39:00,2.828,2.8295,2.827,2.8275,2.833,2.8345,2.832,2.8325,15
2026-04-07 11:40:00,2.828,2.828,2.8265,2.828,2.833,2.833,2.8315,2.833,10
2026-04-07 11:41:00,2.8275,2.828,2.826,2.828,2.8325,2.833,2.831,2.833,15
2026-04-07 11:42:00,2.8285,2.829,2.827,2.828,2.8335,2.834,2.832,2.833,16
2026-04-07 11:43:00,2.8275,2.8275,2.825,2.826,2.8325,2.8325,2.83,2.831,11
2026-04-07 11:44:00,2.8255,2.826,2.8245,2.8255,2.8305,2.831,2.8295,2.8305,8
2026-04-07 11:45:00,2.826,2.828,2.826,2.828,2.831,2.833,2.831,2.833,15
2026-04-07 11:46:00,2.8275,2.8315,2.8275,2.829,2.8325,2.8365,2.8325,2.834,10
2026-04-07 11:47:00,2.83,2.83,2.828,2.829,2.835,2.835,2.833,2.834,10
2026-04-07 11:48:00,2.8285,2.8345,2.8285,2.8325,2.8335,2.8395,2.8335,2.8375,16
2026-04-07 11:49:00,2.832,2.836,2.832,2.8335,2.837,2.841,2.837,2.8385,11
2026-04-07 11:50:00,2.834,2.837,2.834,2.834,2.839,2.842,2.839,2.839,17
2026-04-07 11:51:00,2.8345,2.8355,2.8345,2.835,2.8395,2.8405,2.8395,2.84,4
2026-04-07 11:52:00,2.8345,2.8345,2.8335,2.834,2.8395,2.8395,2.8385,2.839,4
2026-04-07 11:53:00,2.8345,2.835,2.833,2.833,2.8395,2.84,2.838,2.838,9
2026-04-07 11:54:00,2.8335,2.8355,2.8335,2.8345,2.8385,2.8405,2.8385,2.8395,13
2026-04-07 11:55:00,2.834,2.835,2.8335,2.834,2.839,2.84,2.8385,2.839,11
2026-04-07 11:56:00,2.8335,2.835,2.833,2.8335,2.8385,2.84,2.838,2.8385,16
2026-04-07 11:57:00,2.8325,2.8335,2.832,2.8335,2.8375,2.8385,2.837,2.8385,7
2026-04-07 11:58:00,2.833,2.833,2.8315,2.833,2.838,2.838,2.8365,2.838,8
2026-04-07 11:59:00,2.8335,2.835,2.833,2.8335,2.8385,2.84,2.838,2.8385,8
2026-04-07 12:00:00,2.8325,2.8325,2.8295,2.832,2.8375,2.8375,2.8345,2.837,19
2026-04-07 12:01:00,2.8325,2.833,2.83,2.8305,2.8375,2.838,2.835,2.8355,8
2026-04-07 12:02:00,2.831,2.8325,2.831,2.832,2.836,2.8375,2.836,2.837,16
2026-04-07 12:03:00,2.8315,2.8345,2.8315,2.8345,2.8365,2.8395,2.8365,2.8395,10
2026-04-07 12:04:00,2.835,2.838,2.834,2.838,2.84,2.843,2.839,2.843,11
2026-04-07 12:05:00,2.8385,2.839,2.836,2.836,2.8435,2.844,2.841,2.841,11
2026-04-07 12:06:00,2.8355,2.838,2.8355,2.838,2.8405,2.843,2.8405,2.843,12
2026-04-07 12:07:00,2.8375,2.8385,2.837,2.8385,2.8425,2.8435,2.842,2.8435,8
2026-04-07 12:08:00,2.839,2.84,2.838,2.8395,2.844,2.845,2.843,2.8445,10
2026-04-07 12:09:00,2.839,2.8475,2.836,2.8405,2.844,2.8525,2.841,2.8455,99
2026-04-07 12:10:00,2.841,2.846,2.8405,2.8445,2.846,2.851,2.8455,2.8495,41
2026-04-07 12:11:00,2.845,2.847,2.843,2.8455,2.85,2.852,2.848,2.8505,32
2026-04-07 12:12:00,2.845,2.848,2.8415,2.848,2.85,2.853,2.8465,2.853,30
2026-04-07 12:13:00,2.8475,2.851,2.8475,2.8495,2.8525,2.856,2.8525,2.8545,7
2026-04-07 12:14:00,2.85,2.851,2.849,2.85,2.855,2.856,2.854,2.855,19
2026-04-07 12:15:00,2.849,2.85,2.848,2.848,2.854,2.855,2.853,2.853,13
2026-04-07 12:16:00,2.849,2.85,2.848,2.85,2.854,2.855,2.853,2.855,12
2026-04-07 12:17:00,2.851,2.854,2.851,2.853,2.856,2.859,2.856,2.858,21
2026-04-07 12:18:00,2.8525,2.8535,2.851,2.853,2.8575,2.8585,2.856,2.858,12
2026-04-07 12:19:00,2.8535,2.8565,2.853,2.8565,2.8585,2.8615,2.858,2.8615,6
2026-04-07 12:20:00,2.856,2.858,2.856,2.858,2.861,2.863,2.861,2.863,7
2026-04-07 12:21:00,2.859,2.8605,2.856,2.8595,2.864,2.8655,2.861,2.8645,24
2026-04-07 12:22:00,2.86,2.861,2.86,2.86,2.865,2.866,2.865,2.865,16
2026-04-07 12:23:00,2.8605,2.8605,2.858,2.859,2.8655,2.8655,2.863,2.864,16
2026-04-07 12:24:00,2.858,2.859,2.855,2.856,2.863,2.864,2.86,2.861,19
2026-04-07 12:25:00,2.857,2.8685,2.857,2.868,2.862,2.8735,2.862,2.873,93
2026-04-07 12:26:00,2.869,2.8715,2.868,2.8695,2.874,2.8765,2.873,2.8745,38
2026-04-07 12:27:00,2.871,2.874,2.87,2.873,2.876,2.879,2.875,2.878,41
2026-04-07 12:28:00,2.872,2.874,2.87,2.87,2.877,2.879,2.875,2.875,31
2026-04-07 12:29:00,2.871,2.8725,2.87,2.8725,2.876,2.8775,2.875,2.8775,21
2026-04-07 12:30:00,2.873,2.873,2.866,2.867,2.878,2.878,2.871,2.872,29
2026-04-07 12:31:00,2.8675,2.87,2.865,2.8695,2.8725,2.875,2.87,2.8745,26
2026-04-07 12:32:00,2.869,2.869,2.865,2.866,2.874,2.874,2.87,2.871,23
2026-04-07 12:33:00,2.867,2.868,2.866,2.868,2.872,2.873,2.871,2.873,9
2026-04-07 12:34:00,2.8685,2.869,2.867,2.868,2.8735,2.874,2.872,2.873,19
2026-04-07 12:35:00,2.8685,2.8685,2.865,2.866,2.8735,2.8735,2.87,2.871,20
2026-04-07 12:36:00,2.864,2.864,2.857,2.8575,2.869,2.869,2.862,2.8625,13
2026-04-07 12:37:00,2.857,2.863,2.857,2.86,2.862,2.868,2.862,2.865,29
2026-04-07 12:38:00,2.8605,2.861,2.858,2.86,2.8655,2.866,2.863,2.865,18
2026-04-07 12:39:00,2.861,2.862,2.86,2.86,2.866,2.867,2.865,2.865,8
2026-04-07 12:40:00,2.8605,2.8625,2.859,2.862,2.8655,2.8675,2.864,2.867,11
2026-04-07 12:41:00,2.8625,2.863,2.861,2.8615,2.8675,2.868,2.866,2.8665,12
2026-04-07 12:42:00,2.862,2.862,2.858,2.859,2.867,2.867,2.863,2.864,19
2026-04-07 12:43:00,2.8595,2.864,2.859,2.863,2.8645,2.869,2.864,2.868,20
2026-04-07 12:44:00,2.8625,2.8635,2.858,2.86,2.8675,2.8685,2.863,2.865,43
2026-04-07 12:45:00,2.8595,2.8645,2.8595,2.864,2.8645,2.8695,2.8645,2.869,29
2026-04-07 12:46:00,2.863,2.8645,2.862,2.8645,2.868,2.8695,2.867,2.8695,34
2026-04-07 12:47:00,2.865,2.867,2.864,2.8665,2.87,2.872,2.869,2.8715,17
2026-04-07 12:48:00,2.867,2.868,2.8655,2.866,2.872,2.873,2.8705,2.871,16
2026-04-07 12:49:00,2.8655,2.867,2.8655,2.8665,2.8705,2.872,2.8705,2.8715,15
2026-04-07 12:50:00,2.867,2.869,2.866,2.867,2.872,2.874,2.871,2.872,20
2026-04-07 12:51:00,2.8675,2.872,2.867,2.872,2.8725,2.877,2.872,2.877,22
2026-04-07 12:52:00,2.8715,2.8715,2.865,2.867,2.8765,2.8765,2.87,2.872,19
2026-04-07 12:53:00,2.8675,2.868,2.865,2.8655,2.8725,2.873,2.87,2.8705,22
2026-04-07 12:54:00,2.865,2.8675,2.865,2.865,2.87,2.8725,2.87,2.87,11
2026-04-07 12:55:00,2.8645,2.87,2.863,2.867,2.8695,2.875,2.868,2.872,30
2026-04-07 12:56:00,2.8665,2.869,2.8665,2.8675,2.8715,2.874,2.8715,2.8725,15
2026-04-07 12:57:00,2.868,2.8685,2.866,2.867,2.873,2.8735,2.871,2.872,12
2026-04-07 12:58:00,2.866,2.866,2.863,2.864,2.871,2.871,2.868,2.869,11
2026-04-07 12:59:00,2.8635,2.864,2.8615,2.8625,2.8685,2.869,2.8665,2.8675,20
2026-04-07 13:00:00,2.862,2.872,2.861,2.868,2.867,2.877,2.866,2.873,65
2026-04-07 13:01:00,2.8685,2.8705,2.8655,2.867,2.8735,2.8755,2.8705,2.872,25
2026-04-07 13:02:00,2.8675,2.8685,2.864,2.865,2.8725,2.8735,2.869,2.87,17
2026-04-07 13:03:00,2.8645,2.8665,2.864,2.8655,2.8695,2.8715,2.869,2.8705,16
2026-04-07 13:04:00,2.866,2.87,2.864,2.8695,2.871,2.875,2.869,2.8745,15
2026-04-07 13:05:00,2.87,2.872,2.868,2.869,2.875,2.877,2.873,2.874,17
2026-04-07 13:06:00,2.868,2.87,2.867,2.87,2.873,2.875,2.872,2.875,15
2026-04-07 13:07:00,2.871,2.873,2.871,2.873,2.876,2.878,2.876,2.878,5
2026-04-07 13:08:00,2.872,2.873,2.871,2.871,2.877,2.878,2.876,2.876,11
2026-04-07 13:09:00,2.872,2.872,2.869,2.8705,2.877,2.877,2.874,2.8755,14
2026-04-07 13:10:00,2.871,2.874,2.871,2.873,2.876,2.879,2.876,2.878,15
2026-04-07 13:11:00,2.8735,2.876,2.872,2.872,2.8785,2.881,2.877,2.877,29
2026-04-07 13:12:00,2.8715,2.8715,2.871,2.871,2.8765,2.8765,2.876,2.876,14
2026-04-07 13:13:00,2.8715,2.875,2.871,2.874,2.8765,2.88,2.876,2.879,26
2026-04-07 13:14:00,2.875,2.8755,2.872,2.8735,2.88,2.8805,2.877,2.8785,27
2026-04-07 13:15:00,2.873,2.8745,2.8695,2.874,2.878,2.8795,2.8745,2.879,40
2026-04-07 13:16:00,2.873,2.875,2.873,2.873,2.878,2.88,2.878,2.878,26
2026-04-07 13:17:00,2.874,2.874,2.873,2.873,2.879,2.879,2.878,2.878,19
2026-04-07 13:18:00,2.8725,2.875,2.8725,2.8745,2.8775,2.88,2.8775,2.8795,9
2026-04-07 13:19:00,2.875,2.889,2.875,2.885,2.88,2.894,2.88,2.89,46
2026-04-07 13:20:00,2.8855,2.887,2.882,2.885,2.8905,2.892,2.887,2.89,45
2026-04-07 13:21:00,2.8855,2.8865,2.884,2.885,2.8905,2.8915,2.889,2.89,12
2026-04-07 13:22:00,2.884,2.884,2.881,2.8835,2.889,2.889,2.886,2.8885,14
2026-04-07 13:23:00,2.884,2.888,2.883,2.886,2.889,2.893,2.888,2.891,31
2026-04-07 13:24:00,2.8865,2.891,2.8865,2.889,2.8915,2.896,2.8915,2.894,25
2026-04-07 13:25:00,2.8895,2.8905,2.887,2.89,2.8945,2.8955,2.892,2.895,17
2026-04-07 13:26:00,2.8905,2.894,2.89,2.893,2.8955,2.899,2.895,2.898,31
2026-04-07 13:27:00,2.894,2.897,2.893,2.895,2.899,2.902,2.898,2.9,32
2026-04-07 13:28:00,2.8945,2.895,2.893,2.893,2.8995,2.9,2.898,2.898,23
2026-04-07 13:29:00,2.8925,2.896,2.892,2.8955,2.8975,2.901,2.897,2.9005,15
2026-04-07 13:30:00,2.895,2.8965,2.895,2.896,2.9,2.9015,2.9,2.901,14
2026-04-07 13:31:00,2.897,2.899,2.896,2.897,2.902,2.904,2.901,2.902,16
2026-04-07 13:32:00,2.8965,2.9,2.894,2.899,2.9015,2.905,2.899,2.904,21
2026-04-07 13:33:00,2.8995,2.904,2.899,2.904,2.9045,2.909,2.904,2.909,28
2026-04-07 13:34:00,2.905,2.907,2.901,2.904,2.91,2.912,2.906,2.909,40
2026-04-07 13:35:00,2.9045,2.905,2.903,2.903,2.9095,2.91,2.908,2.908,14
2026-04-07 13:36:00,2.9025,2.904,2.902,2.903,2.9075,2.909,2.907,2.908,13
2026-04-07 13:37:00,2.902,2.904,2.901,2.904,2.907,2.909,2.906,2.909,28
2026-04-07 13:38:00,2.903,2.904,2.9025,2.9025,2.908,2.909,2.9075,2.9075,13
2026-04-07 13:39:00,2.903,2.904,2.902,2.904,2.908,2.909,2.907,2.909,20
2026-04-07 13:40:00,2.9035,2.9035,2.899,2.899,2.9085,2.9085,2.904,2.904,36
2026-04-07 13:41:00,2.9,2.902,2.897,2.9015,2.905,2.907,2.902,2.9065,35
2026-04-07 13:42:00,2.901,2.905,2.901,2.9025,2.906,2.91,2.906,2.9075,23
2026-04-07 13:43:00,2.9035,2.907,2.9035,2.905,2.9085,2.912,2.9085,2.91,13
2026-04-07 13:44:00,2.904,2.905,2.902,2.9025,2.909,2.91,2.907,2.9075,23
2026-04-07 13:45:00,2.9015,2.9025,2.901,2.9015,2.9065,2.9075,2.906,2.9065,21
2026-04-07 13:46:00,2.901,2.9045,2.901,2.904,2.906,2.9095,2.906,2.909,19
2026-04-07 13:47:00,2.903,2.905,2.903,2.905,2.908,2.91,2.908,2.91,12
2026-04-07 13:48:00,2.906,2.906,2.9045,2.905,2.911,2.911,2.9095,2.91,7
2026-04-07 13:49:00,2.904,2.9055,2.904,2.904,2.909,2.9105,2.909,2.909,9
2026-04-07 13:50:00,2.905,2.907,2.9025,2.9025,2.91,2.912,2.9075,2.9075,15
2026-04-07 13:51:00,2.902,2.906,2.901,2.905,2.907,2.911,2.906,2.91,33
2026-04-07 13:52:00,2.9045,2.907,2.9045,2.907,2.9095,2.912,2.9095,2.912,10
2026-04-07 13:53:00,2.9065,2.9065,2.904,2.905,2.9115,2.9115,2.909,2.91,8
2026-04-07 13:54:00,2.906,2.908,2.905,2.907,2.911,2.913,2.91,2.912,26
2026-04-07 13:55:00,2.9075,2.908,2.903,2.904,2.9125,2.913,2.908,2.909,16
2026-04-07 13:56:00,2.903,2.905,2.903,2.905,2.908,2.91,2.908,2.91,9
2026-04-07 13:57:00,2.904,2.908,2.904,2.905,2.909,2.913,2.909,2.91,32
2026-04-07 13:58:00,2.904,2.9045,2.903,2.903,2.909,2.9095,2.908,2.908,10
2026-04-07 13:59:00,2.9035,2.9055,2.902,2.902,2.9085,2.9105,2.907,2.907,15
2026-04-07 14:00:00,2.903,2.904,2.9,2.903,2.908,2.909,2.905,2.908,42
2026-04-07 14:01:00,2.9035,2.905,2.9,2.902,2.9085,2.91,2.905,2.907,25
2026-04-07 14:02:00,2.9025,2.9025,2.897,2.901,2.9075,2.9075,2.902,2.906,35
2026-04-07 14:03:00,2.9015,2.904,2.897,2.8975,2.9065,2.909,2.902,2.9025,27
2026-04-07 14:04:00,2.896,2.902,2.896,2.9,2.901,2.907,2.901,2.905,45
2026-04-07 14:05:00,2.899,2.902,2.898,2.899,2.904,2.907,2.903,2.904,18
2026-04-07 14:06:00,2.8995,2.906,2.895,2.904,2.9045,2.911,2.9,2.909,82
2026-04-07 14:07:00,2.9035,2.909,2.902,2.9045,2.9085,2.914,2.907,2.9095,49
2026-04-07 14:08:00,2.905,2.9075,2.901,2.9015,2.91,2.9125,2.906,2.9065,23
2026-04-07 14:09:00,2.901,2.901,2.898,2.899,2.906,2.906,2.903,2.904,19
2026-04-07 14:10:00,2.8995,2.905,2.8995,2.902,2.9045,2.91,2.9045,2.907,29
2026-04-07 14:11:00,2.9015,2.9015,2.898,2.898,2.9065,2.9065,2.903,2.903,22
2026-04-07 14:12:00,2.899,2.8995,2.896,2.8985,2.904,2.9045,2.901,2.9035,17
2026-04-07 14:13:00,2.898,2.9,2.898,2.899,2.903,2.905,2.903,2.904,7
2026-04-07 14:14:00,2.8995,2.9,2.893,2.8935,2.9045,2.905,2.898,2.8985,34
2026-04-07 14:15:00,2.894,2.894,2.89,2.8905,2.899,2.899,2.895,2.8955,30
2026-04-07 14:16:00,2.891,2.893,2.889,2.891,2.896,2.898,2.894,2.896,25
2026-04-07 14:17:00,2.8905,2.8905,2.883,2.883,2.8955,2.8955,2.888,2.888,32
2026-04-07 14:18:00,2.8835,2.885,2.88,2.882,2.8885,2.89,2.885,2.887,73
2026-04-07 14:19:00,2.8825,2.884,2.881,2.882,2.8875,2.889,2.886,2.887,27
2026-04-07 14:20:00,2.881,2.882,2.88,2.881,2.886,2.887,2.885,2.886,23
2026-04-07 14:21:00,2.882,2.886,2.878,2.884,2.887,2.891,2.883,2.889,31
2026-04-07 14:22:00,2.8845,2.886,2.882,2.883,2.8895,2.891,2.887,2.888,33
2026-04-07 14:23:00,2.884,2.885,2.8815,2.8815,2.889,2.89,2.8865,2.8865,21
2026-04-07 14:24:00,2.882,2.886,2.879,2.886,2.887,2.891,2.884,2.891,55
2026-04-07 14:25:00,2.885,2.886,2.882,2.883,2.89,2.891,2.887,2.888,27
2026-04-07 14:26:00,2.884,2.884,2.88,2.8815,2.889,2.889,2.885,2.8865,21
2026-04-07 14:27:00,2.882,2.885,2.8805,2.883,2.887,2.89,2.8855,2.888,19
2026-04-07 14:28:00,2.8835,2.8835,2.882,2.883,2.8885,2.8885,2.887,2.888,13
2026-04-07 14:29:00,2.8835,2.886,2.8815,2.8855,2.8885,2.891,2.8865,2.8905,37
2026-04-07 14:30:00,2.886,2.886,2.88,2.8815,2.891,2.891,2.885,2.8865,22
2026-04-07 14:31:00,2.881,2.886,2.878,2.884,2.886,2.891,2.883,2.889,27
2026-04-07 14:32:00,2.883,2.887,2.883,2.884,2.888,2.892,2.888,2.889,27
2026-04-07 14:33:00,2.885,2.888,2.8845,2.887,2.89,2.893,2.8895,2.892,26
2026-04-07 14:34:00,2.888,2.888,2.883,2.8835,2.893,2.893,2.888,2.8885,27
2026-04-07 14:35:00,2.883,2.884,2.879,2.8815,2.888,2.889,2.884,2.8865,28
2026-04-07 14:36:00,2.882,2.885,2.881,2.881,2.887,2.89,2.886,2.886,20
2026-04-07 14:37:00,2.882,2.889,2.882,2.8885,2.887,2.894,2.887,2.8935,22
2026-04-07 14:38:00,2.8875,2.8885,2.885,2.8865,2.8925,2.8935,2.89,2.8915,22
2026-04-07 14:39:00,2.888,2.89,2.886,2.8885,2.893,2.895,2.891,2.8935,32
2026-04-07 14:40:00,2.8895,2.894,2.8885,2.892,2.8945,2.899,2.8935,2.897,30
2026-04-07 14:41:00,2.8925,2.893,2.89,2.8915,2.8975,2.898,2.895,2.8965,21
2026-04-07 14:42:00,2.891,2.896,2.891,2.896,2.896,2.901,2.896,2.901,16
2026-04-07 14:43:00,2.895,2.9035,2.8945,2.9025,2.9,2.9085,2.8995,2.9075,50
2026-04-07 14:44:00,2.902,2.903,2.898,2.901,2.907,2.908,2.903,2.906,32
2026-04-07 14:45:00,2.902,2.9025,2.8995,2.901,2.907,2.9075,2.9045,2.906,12
2026-04-07 14:46:00,2.903,2.903,2.9,2.9,2.908,2.908,2.905,2.905,22
2026-04-07 14:47:00,2.8995,2.904,2.898,2.904,2.9045,2.909,2.903,2.909,28
2026-04-07 14:48:00,2.9045,2.9045,2.9025,2.9025,2.9095,2.9095,2.9075,2.9075,22
2026-04-07 14:49:00,2.901,2.903,2.901,2.9025,2.906,2.908,2.906,2.9075,19
2026-04-07 14:50:00,2.901,2.902,2.898,2.901,2.906,2.907,2.903,2.906,26
2026-04-07 14:51:00,2.9,2.902,2.898,2.8995,2.905,2.907,2.903,2.9045,37
2026-04-07 14:52:00,2.9,2.903,2.9,2.903,2.905,2.908,2.905,2.908,17
2026-04-07 14:53:00,2.9035,2.904,2.9005,2.9005,2.9085,2.909,2.9055,2.9055,24
2026-04-07 14:54:00,2.901,2.904,2.9,2.904,2.906,2.909,2.905,2.909,25
2026-04-07 14:55:00,2.9045,2.909,2.895,2.9,2.9095,2.914,2.9,2.905,97
2026-04-07 14:56:00,2.899,2.908,2.897,2.906,2.904,2.913,2.902,2.911,97
2026-04-07 14:57:00,2.907,2.909,2.906,2.907,2.912,2.914,2.911,2.912,43
2026-04-07 14:58:00,2.9075,2.9135,2.9045,2.9135,2.9125,2.9185,2.9095,2.9185,53
2026-04-07 14:59:00,2.913,2.916,2.912,2.913,2.918,2.921,2.917,2.918,41
2026-04-07 15:00:00,2.9135,2.915,2.906,2.91,2.9185,2.92,2.911,2.915,100
2026-04-07 15:01:00,2.9105,2.9125,2.907,2.909,2.9155,2.9175,2.912,2.914,51
2026-04-07 15:02:00,2.9095,2.911,2.908,2.91,2.9145,2.916,2.913,2.915,36
2026-04-07 15:03:00,2.9105,2.913,2.906,2.9075,2.9155,2.918,2.911,2.9125,38
2026-04-07 15:04:00,2.908,2.914,2.908,2.9125,2.913,2.919,2.913,2.9175,38
2026-04-07 15:05:00,2.9115,2.912,2.907,2.908,2.9165,2.917,2.912,2.913,56
2026-04-07 15:06:00,2.9085,2.913,2.9085,2.911,2.9135,2.918,2.9135,2.916,30
2026-04-07 15:07:00,2.9105,2.915,2.908,2.915,2.9155,2.92,2.913,2.92,53
2026-04-07 15:08:00,2.9155,2.917,2.9105,2.915,2.9205,2.922,2.9155,2.92,49
2026-04-07 15:09:00,2.9155,2.9235,2.9155,2.922,2.9205,2.9285,2.9205,2.927,70
2026-04-07 15:10:00,2.9225,2.934,2.9225,2.9315,2.9275,2.939,2.9275,2.9365,92
2026-04-07 15:11:00,2.9335,2.936,2.93,2.931,2.9385,2.941,2.935,2.936,76
2026-04-07 15:12:00,2.93,2.934,2.928,2.931,2.935,2.939,2.933,2.936,56
2026-04-07 15:13:00,2.932,2.933,2.927,2.927,2.937,2.938,2.932,2.932,25
2026-04-07 15:14:00,2.9275,2.933,2.925,2.929,2.9325,2.938,2.93,2.934,95
2026-04-07 15:15:00,2.928,2.931,2.925,2.926,2.933,2.936,2.93,2.931,64
2026-04-07 15:16:00,2.9255,2.9295,2.924,2.9275,2.9305,2.9345,2.929,2.9325,61
2026-04-07 15:17:00,2.927,2.929,2.927,2.9275,2.932,2.934,2.932,2.9325,71
2026-04-07 15:18:00,2.928,2.9345,2.928,2.9345,2.933,2.9395,2.933,2.9395,28
2026-04-07 15:19:00,2.936,2.938,2.9335,2.936,2.941,2.943,2.9385,2.941,41
2026-04-07 15:20:00,2.9365,2.939,2.9295,2.931,2.9415,2.944,2.9345,2.936,41
2026-04-07 15:21:00,2.932,2.936,2.93,2.935,2.937,2.941,2.935,2.94,37
2026-04-07 15:22:00,2.934,2.934,2.928,2.929,2.939,2.939,2.933,2.934,35
2026-04-07 15:23:00,2.9295,2.9295,2.925,2.926,2.9345,2.9345,2.93,2.931,53
2026-04-07 15:24:00,2.9255,2.929,2.9255,2.9285,2.9305,2.934,2.9305,2.9335,22
2026-04-07 15:25:00,2.929,2.929,2.922,2.9265,2.934,2.934,2.927,2.9315,79
2026-04-07 15:26:00,2.925,2.928,2.922,2.9275,2.93,2.933,2.927,2.9325,70
2026-04-07 15:27:00,2.928,2.929,2.925,2.928,2.933,2.934,2.93,2.933,38
2026-04-07 15:28:00,2.9275,2.928,2.926,2.927,2.9325,2.933,2.931,2.932,42
2026-04-07 15:29:00,2.9275,2.9315,2.927,2.927,2.9325,2.9365,2.932,2.932,58
2026-04-07 15:30:00,2.926,2.927,2.923,2.925,2.931,2.932,2.928,2.93,82
2026-04-07 15:31:00,2.924,2.928,2.922,2.927,2.929,2.933,2.927,2.932,86
2026-04-07 15:32:00,2.9275,2.928,2.924,2.925,2.9325,2.933,2.929,2.93,110
2026-04-07 15:33:00,2.9255,2.926,2.923,2.924,2.9305,2.931,2.928,2.929,62
2026-04-07 15:34:00,2.9245,2.927,2.924,2.927,2.9295,2.932,2.929,2.932,21
2026-04-07 15:35:00,2.928,2.928,2.924,2.924,2.933,2.933,2.929,2.929,29
2026-04-07 15:36:00,2.9255,2.9255,2.92,2.921,2.9305,2.9305,2.925,2.926,49
2026-04-07 15:37:00,2.92,2.9215,2.919,2.9215,2.925,2.9265,2.924,2.9265,25
2026-04-07 15:38:00,2.923,2.924,2.92,2.923,2.928,2.929,2.925,2.928,34
2026-04-07 15:39:00,2.924,2.926,2.922,2.923,2.929,2.931,2.927,2.928,39
2026-04-07 15:40:00,2.924,2.926,2.922,2.925,2.929,2.931,2.927,2.93,65
2026-04-07 15:41:00,2.9255,2.928,2.9235,2.927,2.9305,2.933,2.9285,2.932,72
2026-04-07 15:42:00,2.9265,2.9265,2.9225,2.923,2.9315,2.9315,2.9275,2.928,52
2026-04-07 15:43:00,2.9235,2.9245,2.921,2.9235,2.9285,2.9295,2.926,2.9285,58
2026-04-07 15:44:00,2.924,2.928,2.9235,2.926,2.929,2.933,2.9285,2.931,78
2026-04-07 15:45:00,2.927,2.929,2.925,2.927,2.932,2.934,2.93,2.932,61
2026-04-07 15:46:00,2.9275,2.929,2.926,2.9285,2.9325,2.934,2.931,2.9335,44
2026-04-07 15:47:00,2.929,2.933,2.928,2.9315,2.934,2.938,2.933,2.9365,52
2026-04-07 15:48:00,2.931,2.931,2.9235,2.9295,2.936,2.936,2.9285,2.9345,89
2026-04-07 15:49:00,2.9285,2.93,2.926,2.929,2.9335,2.935,2.931,2.934,48
2026-04-07 15:50:00,2.93,2.93,2.927,2.9295,2.935,2.935,2.932,2.9345,52
2026-04-07 15:51:00,2.929,2.931,2.9285,2.9295,2.934,2.936,2.9335,2.9345,35
2026-04-07 15:52:00,2.93,2.931,2.925,2.928,2.935,2.936,2.93,2.933,111
2026-04-07 15:53:00,2.9285,2.93,2.928,2.9285,2.9335,2.935,2.933,2.9335,61
2026-04-07 15:54:00,2.929,2.93,2.927,2.929,2.934,2.935,2.932,2.934,59
2026-04-07 15:55:00,2.9295,2.932,2.928,2.931,2.9345,2.937,2.933,2.936,47
2026-04-07 15:56:00,2.9305,2.936,2.93,2.935,2.9355,2.941,2.935,2.94,65
2026-04-07 15:57:00,2.936,2.938,2.933,2.9355,2.941,2.943,2.938,2.9405,42
2026-04-07 15:58:00,2.935,2.936,2.934,2.935,2.94,2.941,2.939,2.94,52
2026-04-07 15:59:00,2.9355,2.936,2.933,2.934,2.9405,2.941,2.938,2.939,53
2026-04-07 16:00:00,2.935,2.935,2.9335,2.934,2.94,2.94,2.9385,2.939,58
2026-04-07 16:01:00,2.9345,2.936,2.933,2.936,2.9395,2.941,2.938,2.941,26
2026-04-07 16:02:00,2.937,2.938,2.936,2.937,2.942,2.943,2.941,2.942,27
2026-04-07 16:03:00,2.9375,2.941,2.9365,2.938,2.9425,2.946,2.9415,2.943,23
2026-04-07 16:04:00,2.937,2.94,2.936,2.939,2.942,2.945,2.941,2.944,80
2026-04-07 16:05:00,2.94,2.941,2.938,2.941,2.945,2.946,2.943,2.946,39
2026-04-07 16:06:00,2.942,2.942,2.938,2.94,2.947,2.947,2.943,2.945,38
2026-04-07 16:07:00,2.941,2.944,2.939,2.939,2.946,2.949,2.944,2.944,43
2026-04-07 16:08:00,2.9385,2.9395,2.9375,2.938,2.9435,2.9445,2.9425,2.943,33
2026-04-07 16:09:00,2.9375,2.939,2.937,2.9385,2.9425,2.944,2.942,2.9435,36
2026-04-07 16:10:00,2.938,2.9395,2.937,2.938,2.943,2.9445,2.942,2.943,37
2026-04-07 16:11:00,2.9385,2.941,2.937,2.939,2.9435,2.946,2.942,2.944,49
2026-04-07 16:12:00,2.938,2.939,2.938,2.938,2.943,2.944,2.943,2.943,44
2026-04-07 16:13:00,2.9385,2.939,2.934,2.937,2.9435,2.944,2.939,2.942,54
2026-04-07 16:14:00,2.9375,2.939,2.937,2.9375,2.9425,2.944,2.942,2.9425,52
2026-04-07 16:15:00,2.937,2.939,2.936,2.938,2.942,2.944,2.941,2.943,60
2026-04-07 16:16:00,2.937,2.939,2.936,2.938,2.942,2.944,2.941,2.943,28
2026-04-07 16:17:00,2.9375,2.939,2.937,2.938,2.9425,2.944,2.942,2.943,30
2026-04-07 16:18:00,2.9385,2.939,2.937,2.9385,2.9435,2.944,2.942,2.9435,34
2026-04-07 16:19:00,2.939,2.941,2.937,2.9385,2.944,2.946,2.942,2.9435,66
2026-04-07 16:20:00,2.938,2.94,2.937,2.939,2.943,2.945,2.942,2.944,42
2026-04-07 16:21:00,2.9385,2.94,2.934,2.9365,2.9435,2.945,2.939,2.9415,79
2026-04-07 16:22:00,2.937,2.937,2.934,2.936,2.942,2.942,2.939,2.941,46
2026-04-07 16:23:00,2.937,2.937,2.934,2.9355,2.942,2.942,2.939,2.9405,66
2026-04-07 16:24:00,2.9365,2.9365,2.912,2.915,2.9415,2.9415,2.917,2.92,114
2026-04-07 16:25:00,2.9145,2.92,2.913,2.917,2.9195,2.925,2.918,2.922,52
2026-04-07 16:26:00,2.9175,2.9205,2.9165,2.919,2.9225,2.9255,2.9215,2.924,53
2026-04-07 16:27:00,2.9185,2.925,2.9185,2.924,2.9235,2.93,2.9235,2.929,26
2026-04-07 16:28:00,2.9245,2.926,2.922,2.9255,2.9295,2.931,2.927,2.9305,22
2026-04-07 16:29:00,2.926,2.927,2.924,2.927,2.931,2.932,2.929,2.932,22
2026-04-07 16:30:00,2.926,2.927,2.921,2.923,2.931,2.932,2.926,2.928,33
2026-04-07 16:31:00,2.924,2.925,2.919,2.92,2.929,2.93,2.924,2.925,47
2026-04-07 16:32:00,2.9195,2.92,2.916,2.92,2.9245,2.925,2.921,2.925,31
2026-04-07 16:33:00,2.921,2.921,2.915,2.915,2.926,2.926,2.92,2.92,40
2026-04-07 16:34:00,2.9155,2.9165,2.913,2.915,2.9205,2.9215,2.918,2.92,25
2026-04-07 16:35:00,2.9145,2.919,2.912,2.917,2.9195,2.924,2.917,2.922,64
2026-04-07 16:36:00,2.9175,2.918,2.915,2.9155,2.9225,2.923,2.92,2.9205,16
2026-04-07 16:37:00,2.9165,2.9185,2.9075,2.9085,2.9215,2.9235,2.9125,2.9135,49
2026-04-07 16:38:00,2.908,2.915,2.907,2.915,2.913,2.92,2.912,2.92,35
2026-04-07 16:39:00,2.914,2.919,2.914,2.917,2.919,2.924,2.919,2.922,42
2026-04-07 16:40:00,2.918,2.92,2.917,2.92,2.923,2.925,2.922,2.925,30
2026-04-07 16:41:00,2.9205,2.921,2.917,2.917,2.9255,2.926,2.922,2.922,9
2026-04-07 16:42:00,2.9175,2.919,2.916,2.917,2.9225,2.924,2.921,2.922,30
2026-04-07 16:43:00,2.9175,2.918,2.916,2.917,2.9225,2.923,2.921,2.922,28
2026-04-07 16:44:00,2.9165,2.918,2.915,2.917,2.9215,2.923,2.92,2.922,31
2026-04-07 16:45:00,2.918,2.918,2.916,2.917,2.923,2.923,2.921,2.922,12
2026-04-07 16:46:00,2.9165,2.9165,2.908,2.9135,2.9215,2.9215,2.913,2.9185,40
2026-04-07 16:47:00,2.914,2.9155,2.914,2.915,2.919,2.9205,2.919,2.92,31
2026-04-07 16:48:00,2.914,2.915,2.913,2.913,2.919,2.92,2.918,2.918,14
2026-04-07 16:49:00,2.9135,2.914,2.908,2.912,2.9185,2.919,2.913,2.917,33
2026-04-07 16:50:00,2.9125,2.914,2.911,2.913,2.9175,2.919,2.916,2.918,24
2026-04-07 16:51:00,2.9125,2.914,2.912,2.914,2.9175,2.919,2.917,2.919,16
2026-04-07 16:52:00,2.913,2.915,2.913,2.9135,2.918,2.92,2.918,2.9185,22
2026-04-07 16:53:00,2.914,2.914,2.912,2.913,2.919,2.919,2.917,2.918,20
2026-04-07 16:54:00,2.9135,2.915,2.913,2.913,2.9185,2.92,2.918,2.918,21
2026-04-07 16:55:00,2.9135,2.915,2.9135,2.915,2.9185,2.92,2.9185,2.92,10
2026-04-07 16:56:00,2.9145,2.915,2.914,2.915,2.9195,2.92,2.919,2.92,10
2026-04-07 16:57:00,2.914,2.915,2.912,2.914,2.919,2.92,2.917,2.919,12
2026-04-07 16:58:00,2.9135,2.916,2.909,2.9155,2.9185,2.921,2.914,2.9205,29
2026-04-07 16:59:00,2.916,2.917,2.9155,2.916,2.921,2.922,2.9205,2.921,23
2026-04-07 17:00:00,2.917,2.929,2.9165,2.928,2.922,2.934,2.9215,2.933,51
2026-04-07 17:01:00,2.9275,2.935,2.9275,2.93,2.9325,2.94,2.9325,2.935,63
2026-04-07 17:02:00,2.9295,2.93,2.929,2.93,2.9345,2.935,2.934,2.935,10
2026-04-07 17:03:00,2.931,2.9315,2.926,2.927,2.936,2.9365,2.931,2.932,21
2026-04-07 17:04:00,2.928,2.929,2.9255,2.929,2.933,2.934,2.9305,2.934,19
2026-04-07 17:05:00,2.93,2.938,2.93,2.9375,2.935,2.943,2.935,2.9425,57
2026-04-07 17:06:00,2.938,2.952,2.9375,2.947,2.943,2.957,2.9425,2.952,103
2026-04-07 17:07:00,2.9475,2.95,2.947,2.949,2.9525,2.955,2.952,2.954,31
2026-04-07 17:08:00,2.948,2.95,2.943,2.944,2.953,2.955,2.948,2.949,43
2026-04-07 17:09:00,2.945,2.946,2.943,2.944,2.95,2.951,2.948,2.949,31
2026-04-07 17:10:00,2.9445,2.9445,2.938,2.939,2.9495,2.9495,2.943,2.944,32
2026-04-07 17:11:00,2.9385,2.939,2.9365,2.938,2.9435,2.944,2.9415,2.943,17
2026-04-07 17:12:00,2.9385,2.942,2.9385,2.94,2.9435,2.947,2.9435,2.945,23
2026-04-07 17:13:00,2.939,2.941,2.939,2.94,2.944,2.946,2.944,2.945,12
2026-04-07 17:14:00,2.939,2.94,2.937,2.937,2.944,2.945,2.942,2.942,12
2026-04-07 17:15:00,2.938,2.938,2.922,2.927,2.943,2.943,2.927,2.932,76
2026-04-07 17:16:00,2.926,2.93,2.9195,2.927,2.931,2.935,2.9245,2.932,131
2026-04-07 17:17:00,2.9275,2.933,2.9255,2.9315,2.9325,2.938,2.9305,2.9365,44
2026-04-07 17:18:00,2.9305,2.932,2.928,2.9295,2.9355,2.937,2.933,2.9345,42
2026-04-07 17:19:00,2.93,2.93,2.926,2.926,2.935,2.935,2.931,2.931,35
2026-04-07 17:20:00,2.927,2.928,2.925,2.926,2.932,2.933,2.93,2.931,34
2026-04-07 17:21:00,2.9265,2.928,2.925,2.9255,2.9315,2.933,2.93,2.9305,32
2026-04-07 17:22:00,2.925,2.926,2.923,2.923,2.93,2.931,2.928,2.928,12
2026-04-07 17:23:00,2.924,2.929,2.924,2.9285,2.929,2.934,2.929,2.9335,35
2026-04-07 17:24:00,2.928,2.9295,2.926,2.927,2.933,2.9345,2.931,2.932,26
2026-04-07 17:25:00,2.9265,2.9265,2.92,2.9245,2.9315,2.9315,2.925,2.9295,49
2026-04-07 17:26:00,2.925,2.925,2.918,2.919,2.93,2.93,2.923,2.924,55
2026-04-07 17:27:00,2.92,2.9225,2.917,2.922,2.925,2.9275,2.922,2.927,29
2026-04-07 17:28:00,2.9215,2.9235,2.92,2.921,2.9265,2.9285,2.925,2.926,25
2026-04-07 17:29:00,2.9215,2.924,2.919,2.92,2.9265,2.929,2.924,2.925,42
2026-04-07 17:30:00,2.9205,2.926,2.919,2.9255,2.9255,2.931,2.924,2.9305,41
2026-04-07 17:31:00,2.925,2.928,2.925,2.927,2.93,2.933,2.93,2.932,16
2026-04-07 17:32:00,2.9275,2.928,2.9255,2.927,2.9325,2.933,2.9305,2.932,13
2026-04-07 17:33:00,2.9265,2.927,2.925,2.926,2.9315,2.932,2.93,2.931,17
2026-04-07 17:34:00,2.9255,2.928,2.925,2.928,2.9305,2.933,2.93,2.933,16
2026-04-07 17:35:00,2.9285,2.9285,2.924,2.926,2.9335,2.9335,2.929,2.931,18
2026-04-07 17:36:00,2.925,2.9275,2.925,2.927,2.93,2.9325,2.93,2.932,19
2026-04-07 17:37:00,2.928,2.932,2.927,2.9315,2.933,2.937,2.932,2.9365,21
2026-04-07 17:38:00,2.931,2.933,2.93,2.931,2.936,2.938,2.935,2.936,24
2026-04-07 17:39:00,2.9315,2.933,2.93,2.93,2.9365,2.938,2.935,2.935,15
2026-04-07 17:40:00,2.9295,2.9295,2.927,2.927,2.9345,2.9345,2.932,2.932,22
2026-04-07 17:41:00,2.9265,2.928,2.9255,2.928,2.9315,2.933,2.9305,2.933,16
2026-04-07 17:42:00,2.927,2.928,2.927,2.928,2.932,2.933,2.932,2.933,8
2026-04-07 17:43:00,2.9275,2.9275,2.923,2.924,2.9325,2.9325,2.928,2.929,30
2026-04-07 17:44:00,2.9235,2.926,2.923,2.925,2.9285,2.931,2.928,2.93,21
2026-04-07 17:45:00,2.9255,2.926,2.924,2.924,2.9305,2.931,2.929,2.929,12
2026-04-07 17:46:00,2.9245,2.926,2.924,2.925,2.9295,2.931,2.929,2.93,22
2026-04-07 17:47:00,2.9245,2.925,2.924,2.925,2.9295,2.93,2.929,2.93,14
2026-04-07 17:48:00,2.9245,2.926,2.924,2.925,2.9295,2.931,2.929,2.93,21
2026-04-07 17:49:00,2.924,2.926,2.923,2.924,2.929,2.931,2.928,2.929,12
2026-04-07 17:50:00,2.9235,2.924,2.922,2.924,2.9285,2.929,2.927,2.929,16
2026-04-07 17:51:00,2.9235,2.925,2.921,2.925,2.9285,2.93,2.926,2.93,15
2026-04-07 17:52:00,2.924,2.925,2.923,2.9245,2.929,2.93,2.928,2.9295,10
2026-04-07 17:53:00,2.924,2.925,2.923,2.9235,2.929,2.93,2.928,2.9285,18
2026-04-07 17:54:00,2.923,2.924,2.9185,2.92,2.928,2.929,2.9235,2.925,17
2026-04-07 17:55:00,2.9195,2.921,2.908,2.9185,2.9245,2.926,2.913,2.9235,127
2026-04-07 17:56:00,2.919,2.923,2.9175,2.9225,2.924,2.928,2.9225,2.9275,27
2026-04-07 17:57:00,2.922,2.922,2.9205,2.922,2.927,2.927,2.9255,2.927,16
2026-04-07 17:58:00,2.921,2.923,2.921,2.9215,2.926,2.928,2.926,2.9265,25
2026-04-07 17:59:00,2.922,2.922,2.921,2.9215,2.927,2.927,2.926,2.9265,16
2026-04-07 18:00:00,2.921,2.926,2.921,2.922,2.926,2.931,2.926,2.927,52
2026-04-07 18:01:00,2.923,2.925,2.922,2.923,2.928,2.93,2.927,2.928,22
2026-04-07 18:02:00,2.9225,2.924,2.916,2.9175,2.9275,2.929,2.921,2.9225,59
2026-04-07 18:03:00,2.917,2.917,2.911,2.914,2.922,2.922,2.916,2.919,97
2026-04-07 18:04:00,2.9135,2.92,2.9135,2.918,2.9185,2.925,2.9185,2.923,66
2026-04-07 18:05:00,2.9185,2.92,2.9165,2.92,2.9235,2.925,2.9215,2.925,26
2026-04-07 18:06:00,2.9205,2.9205,2.917,2.92,2.9255,2.9255,2.922,2.925,21
2026-04-07 18:07:00,2.9195,2.92,2.918,2.9195,2.9245,2.925,2.923,2.9245,25
2026-04-07 18:08:00,2.92,2.925,2.919,2.9225,2.925,2.93,2.924,2.9275,24
2026-04-07 18:09:00,2.922,2.924,2.922,2.923,2.927,2.929,2.927,2.928,17
2026-04-07 18:10:00,2.924,2.925,2.922,2.9235,2.929,2.93,2.927,2.9285,21
2026-04-07 18:11:00,2.923,2.9235,2.9205,2.9205,2.928,2.9285,2.9255,2.9255,11
2026-04-07 18:12:00,2.92,2.923,2.919,2.922,2.925,2.928,2.924,2.927,22
2026-04-07 18:13:00,2.921,2.924,2.921,2.923,2.926,2.929,2.926,2.928,16
2026-04-07 18:14:00,2.922,2.923,2.922,2.9225,2.927,2.928,2.927,2.9275,11
2026-04-07 18:15:00,2.923,2.928,2.9225,2.928,2.928,2.933,2.9275,2.933,30
2026-04-07 18:16:00,2.9275,2.929,2.927,2.928,2.9325,2.934,2.932,2.933,20
2026-04-07 18:17:00,2.9275,2.93,2.9275,2.93,2.9325,2.935,2.9325,2.935,12
2026-04-07 18:18:00,2.9295,2.931,2.929,2.931,2.9345,2.936,2.934,2.936,21
2026-04-07 18:19:00,2.9305,2.931,2.928,2.931,2.9355,2.936,2.933,2.936,12
2026-04-07 18:20:00,2.9305,2.934,2.93,2.93,2.9355,2.939,2.935,2.935,22
2026-04-07 18:21:00,2.9295,2.931,2.929,2.93,2.9345,2.936,2.934,2.935,19
2026-04-07 18:22:00,2.931,2.933,2.931,2.932,2.936,2.938,2.936,2.937,8
2026-04-07 18:23:00,2.9315,2.9315,2.922,2.928,2.9365,2.9365,2.927,2.933,98
2026-04-07 18:24:00,2.9285,2.93,2.924,2.924,2.9335,2.935,2.929,2.929,18
2026-04-07 18:25:00,2.925,2.928,2.924,2.9275,2.93,2.933,2.929,2.9325,38
2026-04-07 18:26:00,2.927,2.928,2.926,2.9275,2.932,2.933,2.931,2.9325,21
2026-04-07 18:27:00,2.928,2.929,2.9265,2.928,2.933,2.934,2.9315,2.933,31
2026-04-07 18:28:00,2.927,2.928,2.924,2.926,2.932,2.933,2.929,2.931,38
2026-04-07 18:29:00,2.9265,2.9265,2.924,2.9245,2.9315,2.9315,2.929,2.9295,20
2026-04-07 18:30:00,2.925,2.926,2.923,2.924,2.93,2.931,2.928,2.929,29
2026-04-07 18:31:00,2.9245,2.926,2.923,2.923,2.9295,2.931,2.928,2.928,17
2026-04-07 18:32:00,2.922,2.927,2.922,2.9255,2.927,2.932,2.927,2.9305,26
2026-04-07 18:33:00,2.925,2.926,2.922,2.9235,2.93,2.931,2.927,2.9285,16
2026-04-07 18:34:00,2.924,2.925,2.922,2.924,2.929,2.93,2.927,2.929,20
2026-04-07 18:35:00,2.9245,2.929,2.9245,2.929,2.9295,2.934,2.9295,2.934,18
2026-04-07 18:36:00,2.9285,2.931,2.9285,2.929,2.9335,2.936,2.9335,2.934,24
2026-04-07 18:37:00,2.928,2.934,2.928,2.93,2.933,2.939,2.933,2.935,24
2026-04-07 18:38:00,2.931,2.9325,2.93,2.931,2.936,2.9375,2.935,2.936,15
2026-04-07 18:39:00,2.93,2.932,2.93,2.931,2.935,2.937,2.935,2.936,20
2026-04-07 18:40:00,2.9305,2.932,2.93,2.932,2.9355,2.937,2.935,2.937,11
2026-04-07 18:41:00,2.9315,2.933,2.93,2.932,2.9365,2.938,2.935,2.937,23
2026-04-07 18:42:00,2.933,2.933,2.932,2.933,2.938,2.938,2.937,2.938,7
2026-04-07 18:43:00,2.9325,2.934,2.931,2.932,2.9375,2.939,2.936,2.937,24
2026-04-07 18:44:00,2.9325,2.933,2.931,2.931,2.9375,2.938,2.936,2.936,10
2026-04-07 18:45:00,2.9305,2.9305,2.929,2.93,2.9355,2.9355,2.934,2.935,32
2026-04-07 18:46:00,2.929,2.929,2.926,2.9275,2.934,2.934,2.931,2.9325,14
2026-04-07 18:47:00,2.928,2.93,2.927,2.9285,2.933,2.935,2.932,2.9335,12
2026-04-07 18:48:00,2.929,2.93,2.928,2.93,2.934,2.935,2.933,2.935,13
2026-04-07 18:49:00,2.929,2.932,2.9285,2.931,2.934,2.937,2.9335,2.936,23
2026-04-07 18:50:00,2.932,2.935,2.9315,2.935,2.937,2.94,2.9365,2.94,20
2026-04-07 18:51:00,2.9345,2.936,2.934,2.935,2.9395,2.941,2.939,2.94,12
2026-04-07 18:52:00,2.9355,2.937,2.933,2.934,2.9405,2.942,2.938,2.939,23
2026-04-07 18:53:00,2.9335,2.934,2.932,2.932,2.9385,2.939,2.937,2.937,9
2026-04-07 18:54:00,2.9315,2.934,2.931,2.934,2.9365,2.939,2.936,2.939,16
2026-04-07 18:55:00,2.9345,2.939,2.9345,2.938,2.9395,2.944,2.9395,2.943,26
2026-04-07 18:56:00,2.939,2.94,2.937,2.939,2.944,2.945,2.942,2.944,24
2026-04-07 18:57:00,2.9395,2.9395,2.936,2.936,2.9445,2.9445,2.941,2.941,10
2026-04-07 18:58:00,2.935,2.936,2.9345,2.9345,2.94,2.941,2.9395,2.9395,5
2026-04-07 18:59:00,2.934,2.936,2.934,2.936,2.939,2.941,2.939,2.941,14
2026-04-07 19:00:00,2.935,2.938,2.932,2.9345,2.94,2.943,2.937,2.9395,36
2026-04-07 19:01:00,2.9355,2.936,2.9325,2.933,2.9405,2.941,2.9375,2.938,18
2026-04-07 19:02:00,2.9325,2.9345,2.932,2.933,2.9375,2.9395,2.937,2.938,14
2026-04-07 19:03:00,2.9325,2.933,2.929,2.931,2.9375,2.938,2.934,2.936,14
2026-04-07 19:04:00,2.9315,2.932,2.928,2.93,2.9365,2.937,2.933,2.935,17
2026-04-07 19:05:00,2.9305,2.931,2.93,2.9305,2.9355,2.936,2.935,2.9355,23
2026-04-07 19:06:00,2.93,2.931,2.93,2.931,2.935,2.936,2.935,2.936,16
2026-04-07 19:07:00,2.9305,2.934,2.9305,2.933,2.9355,2.939,2.9355,2.938,20
2026-04-07 19:08:00,2.932,2.933,2.932,2.932,2.937,2.938,2.937,2.937,4
2026-04-07 19:09:00,2.9325,2.935,2.9325,2.934,2.9375,2.94,2.9375,2.939,12
2026-04-07 19:10:00,2.935,2.935,2.933,2.933,2.94,2.94,2.938,2.938,13
2026-04-07 19:11:00,2.9335,2.9365,2.933,2.936,2.9385,2.9415,2.938,2.941,14
2026-04-07 19:12:00,2.935,2.936,2.935,2.935,2.94,2.941,2.94,2.94,12
2026-04-07 19:13:00,2.9345,2.936,2.9335,2.936,2.9395,2.941,2.9385,2.941,17
2026-04-07 19:14:00,2.935,2.935,2.934,2.934,2.94,2.94,2.939,2.939,11
2026-04-07 19:15:00,2.9345,2.936,2.934,2.934,2.9395,2.941,2.939,2.939,17
2026-04-07 19:16:00,2.9345,2.936,2.934,2.936,2.9395,2.941,2.939,2.941,9
2026-04-07 19:17:00,2.935,2.9365,2.934,2.936,2.94,2.9415,2.939,2.941,14
2026-04-07 19:18:00,2.937,2.937,2.935,2.9355,2.942,2.942,2.94,2.9405,19
2026-04-07 19:19:00,2.936,2.937,2.9355,2.937,2.941,2.942,2.9405,2.942,10
2026-04-07 19:20:00,2.9375,2.939,2.937,2.939,2.9425,2.944,2.942,2.944,24
2026-04-07 19:21:00,2.9395,2.94,2.938,2.939,2.9445,2.945,2.943,2.944,25
2026-04-07 19:22:00,2.94,2.94,2.938,2.938,2.945,2.945,2.943,2.943,47
2026-04-07 19:23:00,2.9385,2.939,2.9365,2.937,2.9435,2.944,2.9415,2.942,26
2026-04-07 19:24:00,2.9375,2.9375,2.935,2.937,2.9425,2.9425,2.94,2.942,13
2026-04-07 19:25:00,2.938,2.939,2.937,2.937,2.943,2.944,2.942,2.942,15
2026-04-07 19:26:00,2.936,2.937,2.934,2.934,2.941,2.942,2.939,2.939,24
2026-04-07 19:27:00,2.9345,2.936,2.934,2.935,2.9395,2.941,2.939,2.94,17
2026-04-07 19:28:00,2.9355,2.9365,2.935,2.936,2.9405,2.9415,2.94,2.941,22
2026-04-07 19:29:00,2.937,2.9375,2.935,2.936,2.942,2.9425,2.94,2.941,14
2026-04-07 19:30:00,2.935,2.935,2.932,2.934,2.94,2.94,2.937,2.939,36
2026-04-07 19:31:00,2.935,2.935,2.9315,2.932,2.94,2.94,2.9365,2.937,21
2026-04-07 19:32:00,2.9325,2.933,2.93,2.931,2.9375,2.938,2.935,2.936,21
2026-04-07 19:33:00,2.9305,2.933,2.93,2.9315,2.9355,2.938,2.935,2.9365,16
2026-04-07 19:34:00,2.932,2.9325,2.93,2.93,2.937,2.9375,2.935,2.935,17
2026-04-07 19:35:00,2.9295,2.9315,2.927,2.9285,2.9345,2.9365,2.932,2.9335,35
2026-04-07 19:36:00,2.929,2.9305,2.928,2.928,2.934,2.9355,2.933,2.933,31
2026-04-07 19:37:00,2.929,2.931,2.926,2.931,2.934,2.936,2.931,2.936,40
2026-04-07 19:38:00,2.9315,2.933,2.9305,2.9305,2.9365,2.938,2.9355,2.9355,18
2026-04-07 19:39:00,2.931,2.934,2.9305,2.933,2.936,2.939,2.9355,2.938,23
2026-04-07 19:40:00,2.932,2.936,2.932,2.935,2.937,2.941,2.937,2.94,22
2026-04-07 19:41:00,2.934,2.934,2.932,2.932,2.939,2.939,2.937,2.937,13
2026-04-07 19:42:00,2.933,2.933,2.9315,2.933,2.938,2.938,2.9365,2.938,13
2026-04-07 19:43:00,2.932,2.932,2.9315,2.932,2.937,2.937,2.9365,2.937,3
2026-04-07 19:44:00,2.9315,2.932,2.931,2.932,2.9365,2.937,2.936,2.937,18
2026-04-07 19:45:00,2.9325,2.933,2.932,2.9325,2.9375,2.938,2.937,2.9375,11
2026-04-07 19:46:00,2.933,2.933,2.93,2.93,2.938,2.938,2.935,2.935,9
2026-04-07 19:47:00,2.9305,2.931,2.93,2.93,2.9355,2.936,2.935,2.935,9
2026-04-07 19:48:00,2.9295,2.931,2.928,2.93,2.9345,2.936,2.933,2.935,13
2026-04-07 19:49:00,2.929,2.93,2.928,2.93,2.934,2.935,2.933,2.935,10
2026-04-07 19:50:00,2.9295,2.93,2.9285,2.93,2.9345,2.935,2.9335,2.935,16
2026-04-07 19:51:00,2.929,2.93,2.927,2.929,2.934,2.935,2.932,2.934,15
2026-04-07 19:52:00,2.928,2.929,2.928,2.9285,2.933,2.934,2.933,2.9335,17
2026-04-07 19:53:00,2.928,2.9295,2.927,2.929,2.933,2.9345,2.932,2.934,23
2026-04-07 19:54:00,2.93,2.9315,2.93,2.9305,2.935,2.9365,2.935,2.9355,25
2026-04-07 19:55:00,2.93,2.931,2.929,2.93,2.935,2.936,2.934,2.935,11
2026-04-07 19:56:00,2.9295,2.9295,2.9295,2.9295,2.9345,2.9345,2.9345,2.9345,1
2026-04-07 19:57:00,2.929,2.933,2.929,2.93,2.934,2.938,2.934,2.935,30
2026-04-07 19:58:00,2.9305,2.932,2.93,2.9315,2.9355,2.937,2.935,2.9365,22
2026-04-07 19:59:00,2.931,2.932,2.931,2.932,2.936,2.937,2.936,2.937,7
2026-04-07 20:00:00,2.9315,2.932,2.929,2.93,2.9365,2.937,2.934,2.935,20
2026-04-07 20:01:00,2.931,2.931,2.93,2.931,2.936,2.936,2.935,2.936,13
2026-04-07 20:02:00,2.93,2.932,2.93,2.932,2.935,2.937,2.935,2.937,8
2026-04-07 20:03:00,2.9325,2.9345,2.931,2.931,2.9375,2.9395,2.936,2.936,23
2026-04-07 20:04:00,2.93,2.933,2.93,2.932,2.935,2.938,2.935,2.937,17
2026-04-07 20:05:00,2.9315,2.9315,2.9285,2.929,2.9365,2.9365,2.9335,2.934,29
2026-04-07 20:06:00,2.93,2.931,2.928,2.93,2.935,2.936,2.933,2.935,22
2026-04-07 20:07:00,2.929,2.929,2.928,2.928,2.934,2.934,2.933,2.933,7
2026-04-07 20:08:00,2.927,2.931,2.927,2.9305,2.932,2.936,2.932,2.9355,14
2026-04-07 20:09:00,2.931,2.931,2.927,2.928,2.936,2.936,2.932,2.933,34
2026-04-07 20:10:00,2.9285,2.93,2.9285,2.93,2.9335,2.935,2.9335,2.935,16
2026-04-07 20:11:00,2.9295,2.93,2.929,2.93,2.9345,2.935,2.934,2.935,11
2026-04-07 20:12:00,2.9305,2.935,2.9305,2.935,2.9355,2.94,2.9355,2.94,19
2026-04-07 20:13:00,2.934,2.935,2.931,2.931,2.939,2.94,2.936,2.936,25
2026-04-07 20:14:00,2.93,2.934,2.93,2.934,2.935,2.939,2.935,2.939,34
2026-04-07 20:15:00,2.9335,2.937,2.9335,2.936,2.9385,2.942,2.9385,2.941,17
2026-04-07 20:16:00,2.937,2.937,2.934,2.936,2.942,2.942,2.939,2.941,36
2026-04-07 20:17:00,2.9355,2.937,2.935,2.935,2.9405,2.942,2.94,2.94,18
2026-04-07 20:18:00,2.936,2.936,2.933,2.933,2.941,2.941,2.938,2.938,16
2026-04-07 20:19:00,2.9325,2.933,2.93,2.931,2.9375,2.938,2.935,2.936,31
2026-04-07 20:20:00,2.9305,2.932,2.93,2.93,2.9355,2.937,2.935,2.935,26
2026-04-07 20:21:00,2.931,2.933,2.93,2.9315,2.936,2.938,2.935,2.9365,22
2026-04-07 20:22:00,2.9325,2.933,2.931,2.932,2.9375,2.938,2.936,2.937,16
2026-04-07 20:23:00,2.9315,2.934,2.9315,2.9335,2.9365,2.939,2.9365,2.9385,24
2026-04-07 20:24:00,2.934,2.935,2.933,2.934,2.939,2.94,2.938,2.939,18
2026-04-07 20:25:00,2.9345,2.9345,2.9315,2.933,2.9395,2.9395,2.9365,2.938,50
2026-04-07 20:26:00,2.932,2.9375,2.93,2.935,2.937,2.9425,2.935,2.94,36
2026-04-07 20:27:00,2.934,2.936,2.932,2.935,2.939,2.941,2.937,2.94,50
2026-04-07 20:28:00,2.934,2.938,2.931,2.9375,2.939,2.943,2.936,2.9425,138
2026-04-07 20:29:00,2.937,2.938,2.9325,2.933,2.942,2.943,2.9375,2.938,47
2026-04-07 20:30:00,2.9325,2.939,2.932,2.936,2.9375,2.944,2.937,2.941,74
2026-04-07 20:31:00,2.9355,2.936,2.934,2.935,2.9405,2.941,2.939,2.94,29
2026-04-07 20:32:00,2.934,2.936,2.9335,2.934,2.939,2.941,2.9385,2.939,16
2026-04-07 20:33:00,2.9335,2.9335,2.931,2.932,2.9385,2.9385,2.936,2.937,12
2026-04-07 20:34:00,2.9325,2.934,2.932,2.932,2.9375,2.939,2.937,2.937,19
2026-04-07 20:35:00,2.9325,2.933,2.9315,2.932,2.9375,2.938,2.9365,2.937,12
2026-04-07 20:36:00,2.9325,2.9335,2.931,2.933,2.9375,2.9385,2.936,2.938,15
2026-04-07 20:37:00,2.934,2.934,2.934,2.934,2.939,2.939,2.939,2.939,1
2026-04-07 20:38:00,2.933,2.935,2.933,2.935,2.938,2.94,2.938,2.94,10
2026-04-07 20:39:00,2.9345,2.9345,2.931,2.932,2.9395,2.9395,2.936,2.937,12
2026-04-07 20:40:00,2.9325,2.935,2.932,2.934,2.9375,2.94,2.937,2.939,24
2026-04-07 20:41:00,2.9345,2.935,2.934,2.9345,2.9395,2.94,2.939,2.9395,24
2026-04-07 20:42:00,2.934,2.936,2.934,2.934,2.939,2.941,2.939,2.939,28
2026-04-07 20:43:00,2.9345,2.9355,2.934,2.935,2.9395,2.9405,2.939,2.94,16
2026-04-07 20:44:00,2.9345,2.935,2.934,2.935,2.9395,2.94,2.939,2.94,9
2026-04-07 20:45:00,2.936,2.938,2.935,2.936,2.941,2.943,2.94,2.941,20
2026-04-07 20:46:00,2.9355,2.936,2.9345,2.9345,2.9405,2.941,2.9395,2.9395,17
2026-04-07 20:47:00,2.935,2.936,2.935,2.935,2.94,2.941,2.94,2.94,6
2026-04-07 20:48:00,2.936,2.936,2.935,2.935,2.941,2.941,2.94,2.94,16
2026-04-07 20:49:00,2.934,2.935,2.934,2.935,2.939,2.94,2.939,2.94,2
2026-04-07 20:50:00,2.934,2.936,2.934,2.9355,2.939,2.941,2.939,2.9405,7
2026-04-07 20:51:00,2.936,2.937,2.9355,2.936,2.941,2.942,2.9405,2.941,15
2026-04-07 20:52:00,2.9365,2.938,2.936,2.9375,2.9415,2.943,2.941,2.9425,15
2026-04-07 20:53:00,2.938,2.939,2.937,2.938,2.943,2.944,2.942,2.943,24
2026-04-07 20:54:00,2.939,2.939,2.937,2.9375,2.944,2.944,2.942,2.9425,10
2026-04-07 20:55:00,2.938,2.94,2.937,2.939,2.943,2.945,2.942,2.944,18
2026-04-07 20:56:00,2.94,2.94,2.9385,2.9385,2.945,2.945,2.9435,2.9435,13
2026-04-07 20:57:00,2.938,2.939,2.937,2.937,2.943,2.944,2.942,2.942,12
2026-04-07 20:58:00,2.936,2.937,2.936,2.937,2.941,2.942,2.941,2.942,10
2026-04-07 20:59:00,2.9375,2.939,2.9375,2.938,2.9425,2.944,2.9425,2.943,12
2026-04-07 21:00:00,2.9375,2.938,2.937,2.938,2.9425,2.943,2.942,2.943,4
2026-04-07 21:01:00,2.937,2.939,2.936,2.939,2.942,2.944,2.941,2.944,7
2026-04-07 21:02:00,2.938,2.9385,2.9355,2.936,2.943,2.9435,2.9405,2.941,11
2026-04-07 21:03:00,2.9365,2.937,2.9355,2.936,2.9415,2.942,2.9405,2.941,7
2026-04-07 21:04:00,2.9365,2.938,2.9365,2.9375,2.9415,2.943,2.9415,2.9425,7
2026-04-07 21:05:00,2.938,2.939,2.9375,2.939,2.943,2.944,2.9425,2.944,5
2026-04-07 21:06:00,2.9385,2.939,2.937,2.938,2.9435,2.944,2.942,2.943,17
2026-04-07 21:07:00,2.9375,2.939,2.937,2.938,2.9425,2.944,2.942,2.943,14
2026-04-07 21:08:00,2.9385,2.939,2.9345,2.937,2.9435,2.944,2.9395,2.942,50
2026-04-07 21:09:00,2.9375,2.938,2.936,2.9375,2.9425,2.943,2.941,2.9425,18
2026-04-07 21:10:00,2.938,2.938,2.936,2.938,2.943,2.943,2.941,2.943,10
2026-04-07 21:11:00,2.9375,2.9375,2.9355,2.937,2.9425,2.9425,2.9405,2.942,8
2026-04-07 21:12:00,2.9365,2.937,2.936,2.936,2.9415,2.942,2.941,2.941,5
2026-04-07 21:13:00,2.9355,2.937,2.9355,2.9365,2.9405,2.942,2.9405,2.9415,4
2026-04-07 21:14:00,2.937,2.937,2.9355,2.9355,2.942,2.942,2.9405,2.9405,16
2026-04-07 21:15:00,2.936,2.9365,2.933,2.9335,2.941,2.9415,2.938,2.9385,11
2026-04-07 21:16:00,2.934,2.935,2.93,2.9325,2.939,2.94,2.935,2.9375,61
2026-04-07 21:17:00,2.932,2.9355,2.93,2.9355,2.937,2.9405,2.935,2.9405,56
2026-04-07 21:18:00,2.935,2.936,2.926,2.928,2.94,2.941,2.931,2.933,77
2026-04-07 21:19:00,2.9275,2.929,2.922,2.925,2.9325,2.934,2.927,2.93,142
2026-04-07 21:20:00,2.926,2.928,2.9225,2.927,2.931,2.933,2.9275,2.932,80
2026-04-07 21:21:00,2.9265,2.929,2.925,2.9265,2.9315,2.934,2.93,2.9315,45
2026-04-07 21:22:00,2.926,2.928,2.923,2.927,2.931,2.933,2.928,2.932,59
2026-04-07 21:23:00,2.9275,2.928,2.926,2.927,2.9325,2.933,2.931,2.932,19
2026-04-07 21:24:00,2.9275,2.928,2.923,2.924,2.9325,2.933,2.928,2.929,31
2026-04-07 21:25:00,2.9235,2.926,2.922,2.923,2.9285,2.931,2.927,2.928,42
2026-04-07 21:26:00,2.9235,2.926,2.9225,2.924,2.9285,2.931,2.9275,2.929,31
2026-04-07 21:27:00,2.9245,2.925,2.922,2.9225,2.9295,2.93,2.927,2.9275,14
2026-04-07 21:28:00,2.922,2.9225,2.919,2.92,2.927,2.9275,2.924,2.925,32
2026-04-07 21:29:00,2.921,2.923,2.92,2.9205,2.926,2.928,2.925,2.9255,32
2026-04-07 21:30:00,2.921,2.925,2.92,2.9225,2.926,2.93,2.925,2.9275,29
2026-04-07 21:31:00,2.923,2.923,2.9215,2.9215,2.928,2.928,2.9265,2.9265,31
2026-04-07 21:32:00,2.922,2.923,2.921,2.922,2.927,2.928,2.926,2.927,20
2026-04-07 21:33:00,2.9215,2.9215,2.918,2.9195,2.9265,2.9265,2.923,2.9245,16
2026-04-07 21:34:00,2.92,2.92,2.919,2.92,2.925,2.925,2.924,2.925,12
2026-04-07 21:35:00,2.921,2.922,2.92,2.922,2.926,2.927,2.925,2.927,8
2026-04-07 21:36:00,2.9205,2.9205,2.919,2.919,2.9255,2.9255,2.924,2.924,5
2026-04-07 21:39:00,2.9185,2.919,2.918,2.919,2.9235,2.924,2.923,2.924,15
2026-04-07 21:40:00,2.92,2.921,2.92,2.92,2.925,2.926,2.925,2.925,4
2026-04-07 21:41:00,2.9195,2.9195,2.919,2.9195,2.9245,2.9245,2.924,2.9245,3
2026-04-07 21:42:00,2.919,2.919,2.9185,2.9185,2.924,2.924,2.9235,2.9235,6
2026-04-07 21:43:00,2.918,2.922,2.918,2.921,2.923,2.927,2.923,2.926,9
2026-04-07 21:44:00,2.9215,2.9215,2.915,2.921,2.9265,2.9265,2.92,2.926,43
2026-04-07 21:45:00,2.9205,2.921,2.906,2.909,2.9255,2.926,2.911,2.914,93
2026-04-07 21:46:00,2.9095,2.92,2.906,2.913,2.9145,2.925,2.911,2.918,199
2026-04-07 21:47:00,2.9135,2.9155,2.911,2.9135,2.9185,2.9205,2.916,2.9185,82
2026-04-07 21:48:00,2.913,2.914,2.906,2.9125,2.918,2.919,2.911,2.9175,91
2026-04-07 21:49:00,2.912,2.917,2.91,2.9145,2.917,2.922,2.915,2.9195,70
2026-04-07 21:50:00,2.914,2.9165,2.912,2.9135,2.919,2.9215,2.917,2.9185,36
2026-04-07 21:51:00,2.9125,2.914,2.909,2.911,2.9175,2.919,2.914,2.916,41
2026-04-07 21:52:00,2.9105,2.9135,2.909,2.913,2.9155,2.9185,2.914,2.918,37
2026-04-07 21:53:00,2.912,2.914,2.911,2.913,2.917,2.919,2.916,2.918,36
2026-04-07 21:54:00,2.912,2.914,2.911,2.911,2.917,2.919,2.916,2.916,22
2026-04-07 21:55:00,2.9115,2.913,2.91,2.9115,2.9165,2.918,2.915,2.9165,28
2026-04-07 21:56:00,2.9105,2.9115,2.9075,2.9075,2.9155,2.9165,2.9125,2.9125,36
2026-04-07 21:57:00,2.908,2.9095,2.907,2.9085,2.913,2.9145,2.912,2.9135,17
2026-04-07 21:58:00,2.909,2.911,2.9085,2.9105,2.914,2.916,2.9135,2.9155,34
2026-04-07 21:59:00,2.911,2.913,2.9095,2.9105,2.916,2.918,2.9145,2.9155,42
2026-04-07 22:00:00,2.911,2.911,2.9075,2.9085,2.916,2.916,2.9125,2.9135,21
2026-04-07 22:01:00,2.9075,2.9085,2.906,2.9065,2.9125,2.9135,2.911,2.9115,19
2026-04-07 22:02:00,2.906,2.908,2.906,2.9065,2.911,2.913,2.911,2.9115,15
2026-04-07 22:03:00,2.907,2.91,2.906,2.9095,2.912,2.915,2.911,2.9145,14
2026-04-07 22:04:00,2.909,2.9095,2.9075,2.9095,2.914,2.9145,2.9125,2.9145,14
2026-04-07 22:05:00,2.909,2.912,2.909,2.911,2.914,2.917,2.914,2.916,16
2026-04-07 22:06:00,2.9115,2.9125,2.91,2.9115,2.9165,2.9175,2.915,2.9165,26
2026-04-07 22:07:00,2.9105,2.913,2.9105,2.912,2.9155,2.918,2.9155,2.917,21
2026-04-07 22:08:00,2.911,2.911,2.9095,2.9095,2.916,2.916,2.9145,2.9145,14
2026-04-07 22:09:00,2.9085,2.91,2.908,2.91,2.9135,2.915,2.913,2.915,13
2026-04-07 22:10:00,2.9095,2.9095,2.908,2.909,2.9145,2.9145,2.913,2.914,4
2026-04-07 22:11:00,2.91,2.911,2.91,2.911,2.915,2.916,2.915,2.916,8
2026-04-07 22:12:00,2.9105,2.9105,2.9085,2.91,2.9155,2.9155,2.9135,2.915,7
2026-04-07 22:13:00,2.909,2.912,2.909,2.911,2.914,2.917,2.914,2.916,21
2026-04-07 22:14:00,2.9115,2.9115,2.9095,2.911,2.9165,2.9165,2.9145,2.916,15
2026-04-07 22:15:00,2.9105,2.9135,2.907,2.9115,2.9155,2.9185,2.912,2.9165,55
2026-04-07 22:16:00,2.911,2.912,2.91,2.91,2.916,2.917,2.915,2.915,9
2026-04-07 22:17:00,2.9105,2.9115,2.909,2.909,2.9155,2.9165,2.914,2.914,18
2026-04-07 22:18:00,2.9095,2.9105,2.909,2.9095,2.9145,2.9155,2.914,2.9145,16
2026-04-07 22:19:00,2.909,2.909,2.907,2.9075,2.914,2.914,2.912,2.9125,24
2026-04-07 22:20:00,2.908,2.909,2.908,2.9085,2.913,2.914,2.913,2.9135,10
2026-04-07 22:21:00,2.908,2.909,2.908,2.9085,2.913,2.914,2.913,2.9135,6
2026-04-07 22:22:00,2.909,2.91,2.9085,2.909,2.914,2.915,2.9135,2.914,5
2026-04-07 22:23:00,2.9085,2.9105,2.908,2.9095,2.9135,2.9155,2.913,2.9145,10
2026-04-07 22:24:00,2.909,2.909,2.908,2.9085,2.914,2.914,2.913,2.9135,9
2026-04-07 22:25:00,2.909,2.909,2.9085,2.909,2.914,2.914,2.9135,2.914,3
2026-04-07 22:26:00,2.91,2.912,2.9095,2.91,2.915,2.917,2.9145,2.915,30
2026-04-07 22:27:00,2.909,2.909,2.906,2.9075,2.914,2.914,2.911,2.9125,24
2026-04-07 22:28:00,2.908,2.908,2.906,2.906,2.913,2.913,2.911,2.911,13
2026-04-07 22:29:00,2.9065,2.908,2.9065,2.9075,2.9115,2.913,2.9115,2.9125,21
2026-04-07 22:30:00,2.907,2.907,2.906,2.906,2.912,2.912,2.911,2.911,14
2026-04-07 22:31:00,2.9065,2.907,2.905,2.906,2.9115,2.912,2.91,2.911,23
2026-04-07 22:32:00,2.907,2.908,2.906,2.907,2.912,2.913,2.911,2.912,9
2026-04-07 22:33:00,2.9075,2.908,2.906,2.906,2.9125,2.913,2.911,2.911,9
2026-04-07 22:34:00,2.9065,2.907,2.9055,2.9055,2.9115,2.912,2.9105,2.9105,7
2026-04-07 22:35:00,2.906,2.907,2.9055,2.907,2.911,2.912,2.9105,2.912,11
2026-04-07 22:36:00,2.9075,2.911,2.9065,2.911,2.9125,2.916,2.9115,2.916,32
2026-04-07 22:37:00,2.9105,2.9105,2.909,2.909,2.9155,2.9155,2.914,2.914,6
2026-04-07 22:38:00,2.912,2.912,2.91,2.9105,2.917,2.917,2.915,2.9155,10
2026-04-07 22:39:00,2.911,2.911,2.909,2.911,2.916,2.916,2.914,2.916,11
2026-04-07 22:40:00,2.9105,2.9125,2.91,2.911,2.9155,2.9175,2.915,2.916,16
2026-04-07 22:41:00,2.91,2.913,2.909,2.91,2.915,2.918,2.914,2.915,29
2026-04-07 22:42:00,2.911,2.911,2.908,2.91,2.916,2.916,2.913,2.915,18
2026-04-07 22:43:00,2.9095,2.914,2.908,2.9115,2.9145,2.919,2.913,2.9165,19
2026-04-07 22:44:00,2.912,2.912,2.911,2.911,2.917,2.917,2.916,2.916,5
2026-04-07 22:45:00,2.9115,2.9115,2.907,2.9075,2.9165,2.9165,2.912,2.9125,29
2026-04-07 22:46:00,2.908,2.911,2.9075,2.9075,2.913,2.916,2.9125,2.9125,19
2026-04-07 22:47:00,2.907,2.907,2.906,2.907,2.912,2.912,2.911,2.912,8
2026-04-07 22:48:00,2.906,2.907,2.9055,2.906,2.911,2.912,2.9105,2.911,19
2026-04-07 22:49:00,2.9065,2.9065,2.905,2.9055,2.9115,2.9115,2.91,2.9105,9
2026-04-07 22:50:00,2.906,2.908,2.9055,2.907,2.911,2.913,2.9105,2.912,12
2026-04-07 22:51:00,2.906,2.9065,2.906,2.906,2.911,2.9115,2.911,2.911,3
2026-04-07 22:52:00,2.9065,2.9065,2.906,2.906,2.9115,2.9115,2.911,2.911,4
2026-04-07 22:53:00,2.9055,2.906,2.905,2.905,2.9105,2.911,2.91,2.91,4
2026-04-07 22:54:00,2.906,2.908,2.906,2.9075,2.911,2.913,2.911,2.9125,8
2026-04-07 22:55:00,2.908,2.911,2.907,2.908,2.913,2.916,2.912,2.913,21
2026-04-07 22:56:00,2.9075,2.909,2.9055,2.906,2.9125,2.914,2.9105,2.911,32
2026-04-07 22:57:00,2.9055,2.907,2.905,2.9065,2.9105,2.912,2.91,2.9115,8
2026-04-07 22:58:00,2.906,2.906,2.905,2.905,2.911,2.911,2.91,2.91,3
2026-04-07 22:59:00,2.9045,2.9055,2.9033,2.9043,2.9095,2.9105,2.9083,2.9093,18
2026-04-08 00:00:00,2.9063,2.9068,2.8868,2.8913,2.9113,2.9118,2.8918,2.8963,81
2026-04-08 00:01:00,2.8898,2.8923,2.8873,2.8883,2.8948,2.8973,2.8923,2.8933,28
2026-04-08 00:02:00,2.8878,2.8903,2.8873,2.8903,2.8928,2.8953,2.8923,2.8953,15
2026-04-08 00:03:00,2.8898,2.8913,2.8888,2.8893,2.8948,2.8963,2.8938,2.8943,11
2026-04-08 00:04:00,2.8888,2.8898,2.8863,2.8878,2.8938,2.8948,2.8913,2.8928,17
2026-04-08 00:05:00,2.8868,2.8868,2.8838,2.8853,2.8918,2.8918,2.8888,2.8903,15
2026-04-08 00:06:00,2.8848,2.8848,2.8813,2.8813,2.8898,2.8898,2.8863,2.8863,11
2026-04-08 00:07:00,2.8823,2.8823,2.8808,2.8813,2.8873,2.8873,2.8858,2.8863,5
2026-04-08 00:08:00,2.8823,2.8823,2.8813,2.8813,2.8873,2.8873,2.8863,2.8863,3
2026-04-08 00:09:00,2.8808,2.8823,2.8808,2.8808,2.8858,2.8873,2.8858,2.8858,6
2026-04-08 00:10:00,2.8813,2.8813,2.8803,2.8803,2.8863,2.8863,2.8853,2.8853,4
2026-04-08 00:11:00,2.8798,2.8808,2.8793,2.8798,2.8848,2.8858,2.8843,2.8848,9
2026-04-08 00:12:00,2.8793,2.8803,2.8688,2.8698,2.8843,2.8853,2.8738,2.8748,25
2026-04-08 00:13:00,2.8693,2.8708,2.8683,2.8688,2.8743,2.8758,2.8733,2.8738,8
2026-04-08 00:14:00,2.8673,2.8703,2.8673,2.8698,2.8723,2.8753,2.8723,2.8748,8
2026-04-08 00:15:00,2.8693,2.8698,2.8688,2.8698,2.8743,2.8748,2.8738,2.8748,3
2026-04-08 00:16:00,2.8693,2.8698,2.8693,2.8698,2.8743,2.8748,2.8743,2.8748,4
2026-04-08 00:17:00,2.8703,2.8718,2.8693,2.8693,2.8753,2.8768,2.8743,2.8743,17
2026-04-08 00:18:00,2.8688,2.8693,2.8683,2.8688,2.8738,2.8743,2.8733,2.8738,6
2026-04-08 00:19:00,2.8683,2.8683,2.8683,2.8683,2.8733,2.8733,2.8733,2.8733,1
2026-04-08 00:20:00,2.8673,2.8683,2.8653,2.8683,2.8723,2.8733,2.8703,2.8733,8
2026-04-08 00:21:00,2.8673,2.8683,2.8668,2.8673,2.8723,2.8733,2.8718,2.8723,7
2026-04-08 00:22:00,2.8668,2.8683,2.8668,2.8678,2.8718,2.8733,2.8718,2.8728,6
2026-04-08 00:23:00,2.8673,2.8673,2.8668,2.8668,2.8723,2.8723,2.8718,2.8718,4
2026-04-08 00:24:00,2.8673,2.8698,2.8673,2.8688,2.8723,2.8748,2.8723,2.8738,7
2026-04-08 00:25:00,2.8693,2.8718,2.8693,2.8718,2.8743,2.8768,2.8743,2.8768,5
2026-04-08 00:26:00,2.8723,2.8723,2.8683,2.8688,2.8773,2.8773,2.8733,2.8738,9
2026-04-08 00:27:00,2.8693,2.8698,2.8693,2.8698,2.8743,2.8748,2.8743,2.8748,2
2026-04-08 00:28:00,2.8693,2.8718,2.8688,2.8688,2.8743,2.8768,2.8738,2.8738,7
2026-04-08 00:29:00,2.8673,2.8683,2.8663,2.8673,2.8723,2.8733,2.8713,2.8723,7
2026-04-08 00:30:00,2.8678,2.8688,2.8673,2.8673,2.8728,2.8738,2.8723,2.8723,3
2026-04-08 00:31:00,2.8678,2.8703,2.8673,2.8698,2.8728,2.8753,2.8723,2.8748,8
2026-04-08 00:32:00,2.8703,2.8708,2.8558,2.8573,2.8753,2.8758,2.8608,2.8623,52
2026-04-08 00:33:00,2.8578,2.8663,2.8578,2.8658,2.8628,2.8713,2.8628,2.8708,17
2026-04-08 00:34:00,2.8663,2.8663,2.8588,2.8588,2.8713,2.8713,2.8638,2.8638,48
2026-04-08 00:35:00,2.8583,2.8613,2.8563,2.8578,2.8633,2.8663,2.8613,2.8628,27
2026-04-08 00:36:00,2.8568,2.8598,2.8543,2.8578,2.8618,2.8648,2.8593,2.8628,15
2026-04-08 00:37:00,2.8573,2.8603,2.8563,2.8568,2.8623,2.8653,2.8613,2.8618,23
2026-04-08 00:38:00,2.8563,2.8563,2.8523,2.8538,2.8613,2.8613,2.8573,2.8588,49
2026-04-08 00:39:00,2.8528,2.8578,2.8513,2.8533,2.8578,2.8628,2.8563,2.8583,26
2026-04-08 00:40:00,2.8528,2.8533,2.8458,2.8458,2.8578,2.8583,2.8508,2.8508,28
2026-04-08 00:41:00,2.8453,2.8523,2.8453,2.8488,2.8503,2.8573,2.8503,2.8538,23
2026-04-08 00:42:00,2.8483,2.8538,2.8483,2.8538,2.8533,2.8588,2.8533,2.8588,20
2026-04-08 00:43:00,2.8543,2.8553,2.8513,2.8513,2.8593,2.8603,2.8563,2.8563,7
2026-04-08 00:44:00,2.8518,2.8533,2.8513,2.8533,2.8568,2.8583,2.8563,2.8583,8
2026-04-08 00:45:00,2.8538,2.8548,2.8508,2.8543,2.8588,2.8598,2.8558,2.8593,15
2026-04-08 00:46:00,2.8563,2.8573,2.8523,2.8558,2.8613,2.8623,2.8573,2.8608,23
2026-04-08 00:47:00,2.8553,2.8573,2.8553,2.8558,2.8603,2.8623,2.8603,2.8608,15
2026-04-08 00:48:00,2.8563,2.8563,2.8528,2.8533,2.8613,2.8613,2.8578,2.8583,19
2026-04-08 00:49:00,2.8543,2.8568,2.8533,2.8558,2.8593,2.8618,2.8583,2.8608,10
2026-04-08 00:50:00,2.8543,2.8543,2.8533,2.8538,2.8593,2.8593,2.8583,2.8588,4
2026-04-08 00:51:00,2.8533,2.8538,2.8518,2.8533,2.8583,2.8588,2.8568,2.8583,58
2026-04-08 00:52:00,2.8528,2.8563,2.8518,2.8528,2.8578,2.8613,2.8568,2.8578,21
2026-04-08 00:53:00,2.8523,2.8533,2.8478,2.8483,2.8573,2.8583,2.8528,2.8533,22
2026-04-08 00:54:00,2.8478,2.8518,2.8478,2.8518,2.8528,2.8568,2.8528,2.8568,14
2026-04-08 00:55:00,2.8523,2.8523,2.8473,2.8473,2.8573,2.8573,2.8523,2.8523,19
2026-04-08 00:56:00,2.8468,2.8498,2.8463,2.8483,2.8518,2.8548,2.8513,2.8533,29
2026-04-08 00:57:00,2.8488,2.8518,2.8478,2.8488,2.8538,2.8568,2.8528,2.8538,19
2026-04-08 00:58:00,2.8493,2.8503,2.8483,2.8503,2.8543,2.8553,2.8533,2.8553,12
2026-04-08 00:59:00,2.8498,2.8503,2.8498,2.8498,2.8548,2.8553,2.8548,2.8548,3
2026-04-08 01:00:00,2.8503,2.8503,2.8463,2.8468,2.8553,2.8553,2.8513,2.8518,8
2026-04-08 01:01:00,2.8473,2.8483,2.8463,2.8478,2.8523,2.8533,2.8513,2.8528,11
2026-04-08 01:02:00,2.8473,2.8473,2.8453,2.8463,2.8523,2.8523,2.8503,2.8513,9
2026-04-08 01:03:00,2.8453,2.8463,2.8453,2.8463,2.8503,2.8513,2.8503,2.8513,4
2026-04-08 01:04:00,2.8478,2.8483,2.8458,2.8468,2.8528,2.8533,2.8508,2.8518,12
2026-04-08 01:05:00,2.8463,2.8463,2.8433,2.8433,2.8513,2.8513,2.8483,2.8483,11
2026-04-08 01:06:00,2.8428,2.8463,2.8423,2.8438,2.8478,2.8513,2.8473,2.8488,23
2026-04-08 01:07:00,2.8433,2.8463,2.8423,2.8458,2.8483,2.8513,2.8473,2.8508,16
2026-04-08 01:08:00,2.8453,2.8453,2.8443,2.8448,2.8503,2.8503,2.8493,2.8498,4
2026-04-08 01:09:00,2.8443,2.8468,2.8443,2.8463,2.8493,2.8518,2.8493,2.8513,12
2026-04-08 01:10:00,2.8458,2.8528,2.8448,2.8503,2.8508,2.8578,2.8498,2.8553,26
2026-04-08 01:11:00,2.8508,2.8528,2.8508,2.8528,2.8558,2.8578,2.8558,2.8578,8
2026-04-08 01:12:00,2.8523,2.8533,2.8503,2.8513,2.8573,2.8583,2.8553,2.8563,17
2026-04-08 01:13:00,2.8508,2.8523,2.8498,2.8508,2.8558,2.8573,2.8548,2.8558,14
2026-04-08 01:14:00,2.8513,2.8533,2.8503,2.8503,2.8563,2.8583,2.8553,2.8553,18
2026-04-08 01:15:00,2.8493,2.8503,2.8488,2.8488,2.8543,2.8553,2.8538,2.8538,10
2026-04-08 01:16:00,2.8483,2.8543,2.8468,2.8533,2.8533,2.8593,2.8518,2.8583,19
2026-04-08 01:17:00,2.8518,2.8533,2.8503,2.8533,2.8568,2.8583,2.8553,2.8583,10
2026-04-08 01:18:00,2.8528,2.8528,2.8523,2.8523,2.8578,2.8578,2.8573,2.8573,8
2026-04-08 01:19:00,2.8518,2.8533,2.8508,2.8528,2.8568,2.8583,2.8558,2.8578,13
2026-04-08 01:20:00,2.8518,2.8518,2.8478,2.8483,2.8568,2.8568,2.8528,2.8533,9
2026-04-08 01:21:00,2.8488,2.8493,2.8483,2.8488,2.8538,2.8543,2.8533,2.8538,7
2026-04-08 01:22:00,2.8483,2.8493,2.8483,2.8483,2.8533,2.8543,2.8533,2.8533,3
2026-04-08 01:23:00,2.8468,2.8468,2.8443,2.8443,2.8518,2.8518,2.8493,2.8493,15
2026-04-08 01:24:00,2.8448,2.8483,2.8443,2.8478,2.8498,2.8533,2.8493,2.8528,10
2026-04-08 01:25:00,2.8473,2.8483,2.8468,2.8468,2.8523,2.8533,2.8518,2.8518,7
2026-04-08 01:26:00,2.8473,2.8483,2.8468,2.8483,2.8523,2.8533,2.8518,2.8533,18
2026-04-08 01:27:00,2.8478,2.8493,2.8473,2.8493,2.8528,2.8543,2.8523,2.8543,22
2026-04-08 01:28:00,2.8488,2.8488,2.8468,2.8473,2.8538,2.8538,2.8518,2.8523,9
2026-04-08 01:29:00,2.8468,2.8488,2.8463,2.8488,2.8518,2.8538,2.8513,2.8538,14
2026-04-08 01:30:00,2.8493,2.8528,2.8493,2.8528,2.8543,2.8578,2.8543,2.8578,8
2026-04-08 01:31:00,2.8523,2.8543,2.8508,2.8518,2.8573,2.8593,2.8558,2.8568,12
2026-04-08 01:32:00,2.8513,2.8523,2.8488,2.8498,2.8563,2.8573,2.8538,2.8548,14
2026-04-08 01:33:00,2.8493,2.8493,2.8443,2.8443,2.8543,2.8543,2.8493,2.8493,28
2026-04-08 01:34:00,2.8448,2.8453,2.8423,2.8448,2.8498,2.8503,2.8473,2.8498,19
2026-04-08 01:35:00,2.8413,2.8433,2.8383,2.8393,2.8463,2.8483,2.8433,2.8443,23
2026-04-08 01:36:00,2.8398,2.8408,2.8398,2.8408,2.8448,2.8458,2.8448,2.8458,7
2026-04-08 01:37:00,2.8403,2.8403,2.8383,2.8388,2.8453,2.8453,2.8433,2.8438,8
2026-04-08 01:38:00,2.8393,2.8413,2.8388,2.8413,2.8443,2.8463,2.8438,2.8463,14
2026-04-08 01:39:00,2.8408,2.8413,2.8403,2.8413,2.8458,2.8463,2.8453,2.8463,29
2026-04-08 01:40:00,2.8403,2.8403,2.8368,2.8378,2.8453,2.8453,2.8418,2.8428,16
2026-04-08 01:41:00,2.8383,2.8393,2.8368,2.8368,2.8433,2.8443,2.8418,2.8418,14
2026-04-08 01:42:00,2.8373,2.8373,2.8343,2.8353,2.8423,2.8423,2.8393,2.8403,14
2026-04-08 01:43:00,2.8348,2.8353,2.8333,2.8343,2.8398,2.8403,2.8383,2.8393,19
2026-04-08 01:44:00,2.8348,2.8353,2.8338,2.8343,2.8398,2.8403,2.8388,2.8393,15
2026-04-08 01:45:00,2.8358,2.8363,2.8343,2.8353,2.8408,2.8413,2.8393,2.8403,21
2026-04-08 01:46:00,2.8343,2.8348,2.8333,2.8343,2.8393,2.8398,2.8383,2.8393,9
2026-04-08 01:47:00,2.8338,2.8353,2.8333,2.8353,2.8388,2.8403,2.8383,2.8403,54
2026-04-08 01:48:00,2.8348,2.8348,2.8308,2.8308,2.8398,2.8398,2.8358,2.8358,45
2026-04-08 01:49:00,2.8303,2.8313,2.8288,2.8303,2.8353,2.8363,2.8338,2.8353,24
2026-04-08 01:50:00,2.8308,2.8373,2.8308,2.8358,2.8358,2.8423,2.8358,2.8408,12
2026-04-08 01:51:00,2.8363,2.8363,2.8333,2.8338,2.8413,2.8413,2.8383,2.8388,11
2026-04-08 01:52:00,2.8348,2.8358,2.8323,2.8333,2.8398,2.8408,2.8373,2.8383,10
2026-04-08 01:53:00,2.8328,2.8353,2.8328,2.8353,2.8378,2.8403,2.8378,2.8403,10
2026-04-08 01:54:00,2.8343,2.8358,2.8338,2.8358,2.8393,2.8408,2.8388,2.8408,17
2026-04-08 01:55:00,2.8363,2.8383,2.8348,2.8358,2.8413,2.8433,2.8398,2.8408,20
2026-04-08 01:56:00,2.8368,2.8393,2.8363,2.8363,2.8418,2.8443,2.8413,2.8413,18
2026-04-08 01:57:00,2.8368,2.8388,2.8333,2.8378,2.8418,2.8438,2.8383,2.8428,17
2026-04-08 01:58:00,2.8388,2.8423,2.8383,2.8408,2.8438,2.8473,2.8433,2.8458,17
2026-04-08 01:59:00,2.8413,2.8418,2.8383,2.8418,2.8463,2.8468,2.8433,2.8468,23
2026-04-08 02:00:00,2.8413,2.8413,2.8303,2.8303,2.8463,2.8463,2.8353,2.8353,51
2026-04-08 02:01:00,2.8313,2.8313,2.8243,2.8253,2.8363,2.8363,2.8293,2.8303,58
2026-04-08 02:02:00,2.8263,2.8278,2.8238,2.8253,2.8313,2.8328,2.8288,2.8303,22
2026-04-08 02:03:00,2.8248,2.8248,2.8223,2.8233,2.8298,2.8298,2.8273,2.8283,9
2026-04-08 02:04:00,2.8223,2.8368,2.8223,2.8333,2.8273,2.8418,2.8273,2.8383,36
2026-04-08 02:05:00,2.8328,2.8333,2.8293,2.8333,2.8378,2.8383,2.8343,2.8383,18
2026-04-08 02:06:00,2.8353,2.8403,2.8353,2.8363,2.8403,2.8453,2.8403,2.8413,28
2026-04-08 02:07:00,2.8358,2.8433,2.8348,2.8388,2.8408,2.8483,2.8398,2.8438,43
2026-04-08 02:08:00,2.8393,2.8413,2.8363,2.8383,2.8443,2.8463,2.8413,2.8433,38
2026-04-08 02:09:00,2.8388,2.8403,2.8348,2.8358,2.8438,2.8453,2.8398,2.8408,30
2026-04-08 02:10:00,2.8353,2.8363,2.8333,2.8363,2.8403,2.8413,2.8383,2.8413,22
2026-04-08 02:11:00,2.8368,2.8393,2.8363,2.8373,2.8418,2.8443,2.8413,2.8423,10
2026-04-08 02:12:00,2.8383,2.8408,2.8373,2.8403,2.8433,2.8458,2.8423,2.8453,20
2026-04-08 02:13:00,2.8398,2.8403,2.8343,2.8343,2.8448,2.8453,2.8393,2.8393,32
2026-04-08 02:14:00,2.8328,2.8368,2.8328,2.8353,2.8378,2.8418,2.8378,2.8403,27
2026-04-08 02:15:00,2.8348,2.8353,2.8343,2.8348,2.8398,2.8403,2.8393,2.8398,24
2026-04-08 02:16:00,2.8353,2.8353,2.8298,2.8328,2.8403,2.8403,2.8348,2.8378,13
2026-04-08 02:17:00,2.8338,2.8373,2.8338,2.8368,2.8388,2.8423,2.8388,2.8418,16
2026-04-08 02:18:00,2.8363,2.8408,2.8343,2.8383,2.8413,2.8458,2.8393,2.8433,49
2026-04-08 02:19:00,2.8378,2.8378,2.8358,2.8358,2.8428,2.8428,2.8408,2.8408,9
2026-04-08 02:20:00,2.8353,2.8388,2.8353,2.8388,2.8403,2.8438,2.8403,2.8438,29
2026-04-08 02:21:00,2.8383,2.8428,2.8373,2.8413,2.8433,2.8478,2.8423,2.8463,30
2026-04-08 02:22:00,2.8408,2.8413,2.8383,2.8383,2.8458,2.8463,2.8433,2.8433,15
2026-04-08 02:23:00,2.8393,2.8403,2.8383,2.8398,2.8443,2.8453,2.8433,2.8448,14
2026-04-08 02:24:00,2.8403,2.8453,2.8403,2.8443,2.8453,2.8503,2.8453,2.8493,18
2026-04-08 02:25:00,2.8428,2.8438,2.8408,2.8413,2.8478,2.8488,2.8458,2.8463,23
2026-04-08 02:26:00,2.8408,2.8428,2.8403,2.8418,2.8458,2.8478,2.8453,2.8468,17
2026-04-08 02:27:00,2.8423,2.8443,2.8418,2.8438,2.8473,2.8493,2.8468,2.8488,17
2026-04-08 02:28:00,2.8443,2.8453,2.8433,2.8438,2.8493,2.8503,2.8483,2.8488,16
2026-04-08 02:29:00,2.8433,2.8463,2.8423,2.8433,2.8483,2.8513,2.8473,2.8483,29
2026-04-08 02:30:00,2.8428,2.8468,2.8428,2.8448,2.8478,2.8518,2.8478,2.8498,33
2026-04-08 02:31:00,2.8453,2.8453,2.8428,2.8428,2.8503,2.8503,2.8478,2.8478,9
2026-04-08 02:32:00,2.8433,2.8433,2.8433,2.8433,2.8483,2.8483,2.8483,2.8483,1
2026-04-08 02:33:00,2.8443,2.8458,2.8423,2.8433,2.8493,2.8508,2.8473,2.8483,15
2026-04-08 02:34:00,2.8438,2.8448,2.8423,2.8428,2.8488,2.8498,2.8473,2.8478,15
2026-04-08 02:35:00,2.8423,2.8433,2.8408,2.8408,2.8473,2.8483,2.8458,2.8458,16
2026-04-08 02:36:00,2.8403,2.8408,2.8393,2.8403,2.8453,2.8458,2.8443,2.8453,19
2026-04-08 02:37:00,2.8393,2.8413,2.8393,2.8398,2.8443,2.8463,2.8443,2.8448,20
2026-04-08 02:38:00,2.8403,2.8423,2.8363,2.8403,2.8453,2.8473,2.8413,2.8453,27
2026-04-08 02:39:00,2.8398,2.8398,2.8383,2.8388,2.8448,2.8448,2.8433,2.8438,6
2026-04-08 02:40:00,2.8383,2.8388,2.8378,2.8383,2.8433,2.8438,2.8428,2.8433,13
2026-04-08 02:41:00,2.8378,2.8408,2.8378,2.8398,2.8428,2.8458,2.8428,2.8448,14
2026-04-08 02:42:00,2.8403,2.8403,2.8378,2.8378,2.8453,2.8453,2.8428,2.8428,6
2026-04-08 02:43:00,2.8368,2.8393,2.8368,2.8388,2.8418,2.8443,2.8418,2.8438,6
2026-04-08 02:44:00,2.8393,2.8398,2.8378,2.8393,2.8443,2.8448,2.8428,2.8443,28
2026-04-08 02:45:00,2.8388,2.8388,2.8378,2.8378,2.8438,2.8438,2.8428,2.8428,5
2026-04-08 02:46:00,2.8373,2.8393,2.8373,2.8378,2.8423,2.8443,2.8423,2.8428,10
2026-04-08 02:47:00,2.8388,2.8393,2.8378,2.8393,2.8438,2.8443,2.8428,2.8443,10
2026-04-08 02:48:00,2.8388,2.8388,2.8373,2.8378,2.8438,2.8438,2.8423,2.8428,6
2026-04-08 02:49:00,2.8373,2.8383,2.8373,2.8373,2.8423,2.8433,2.8423,2.8423,5
2026-04-08 02:50:00,2.8378,2.8388,2.8378,2.8378,2.8428,2.8438,2.8428,2.8428,5
2026-04-08 02:51:00,2.8373,2.8378,2.8358,2.8358,2.8423,2.8428,2.8408,2.8408,6
2026-04-08 02:52:00,2.8353,2.8353,2.8343,2.8348,2.8403,2.8403,2.8393,2.8398,8
2026-04-08 02:53:00,2.8353,2.8383,2.8353,2.8383,2.8403,2.8433,2.8403,2.8433,9
2026-04-08 02:54:00,2.8388,2.8388,2.8368,2.8383,2.8438,2.8438,2.8418,2.8433,10
2026-04-08 02:55:00,2.8373,2.8393,2.8373,2.8388,2.8423,2.8443,2.8423,2.8438,15
2026-04-08 02:56:00,2.8393,2.8393,2.8383,2.8383,2.8443,2.8443,2.8433,2.8433,3
2026-04-08 02:57:00,2.8378,2.8383,2.8378,2.8378,2.8428,2.8433,2.8428,2.8428,3
2026-04-08 02:58:00,2.8383,2.8393,2.8373,2.8373,2.8433,2.8443,2.8423,2.8423,15
2026-04-08 02:59:00,2.8378,2.8393,2.8363,2.8373,2.8428,2.8443,2.8413,2.8423,10
2026-04-08 03:00:00,2.8363,2.8378,2.8358,2.8363,2.8413,2.8428,2.8408,2.8413,10
2026-04-08 03:01:00,2.8348,2.8358,2.8343,2.8348,2.8398,2.8408,2.8393,2.8398,12
2026-04-08 03:02:00,2.8343,2.8363,2.8328,2.8328,2.8393,2.8413,2.8378,2.8378,17
2026-04-08 03:03:00,2.8323,2.8363,2.8323,2.8338,2.8373,2.8413,2.8373,2.8388,21
2026-04-08 03:04:00,2.8343,2.8383,2.8338,2.8363,2.8393,2.8433,2.8388,2.8413,14
2026-04-08 03:05:00,2.8358,2.8363,2.8348,2.8348,2.8408,2.8413,2.8398,2.8398,15
2026-04-08 03:06:00,2.8343,2.8353,2.8343,2.8348,2.8393,2.8403,2.8393,2.8398,9
2026-04-08 03:07:00,2.8323,2.8333,2.8323,2.8328,2.8373,2.8383,2.8373,2.8378,6
2026-04-08 03:08:00,2.8333,2.8343,2.8323,2.8333,2.8383,2.8393,2.8373,2.8383,16
2026-04-08 03:09:00,2.8323,2.8343,2.8303,2.8323,2.8373,2.8393,2.8353,2.8373,9
2026-04-08 03:10:00,2.8333,2.8333,2.8318,2.8318,2.8383,2.8383,2.8368,2.8368,3
2026-04-08 03:11:00,2.8323,2.8323,2.8283,2.8303,2.8373,2.8373,2.8333,2.8353,18
2026-04-08 03:12:00,2.8298,2.8303,2.8283,2.8283,2.8348,2.8353,2.8333,2.8333,8
2026-04-08 03:13:00,2.8288,2.8298,2.8288,2.8298,2.8338,2.8348,2.8338,2.8348,5
2026-04-08 03:14:00,2.8293,2.8303,2.8283,2.8288,2.8343,2.8353,2.8333,2.8338,7
2026-04-08 03:15:00,2.8293,2.8293,2.8288,2.8293,2.8343,2.8343,2.8338,2.8343,3
2026-04-08 03:16:00,2.8288,2.8288,2.8273,2.8278,2.8338,2.8338,2.8323,2.8328,5
2026-04-08 03:17:00,2.8268,2.8283,2.8258,2.8283,2.8318,2.8333,2.8308,2.8333,10
2026-04-08 03:18:00,2.8293,2.8293,2.8278,2.8278,2.8343,2.8343,2.8328,2.8328,3
2026-04-08 03:19:00,2.8283,2.8288,2.8278,2.8283,2.8333,2.8338,2.8328,2.8333,5
2026-04-08 03:20:00,2.8303,2.8323,2.8293,2.8318,2.8353,2.8373,2.8343,2.8368,27
2026-04-08 03:21:00,2.8323,2.8353,2.8318,2.8353,2.8373,2.8403,2.8368,2.8403,13
2026-04-08 03:22:00,2.8348,2.8353,2.8308,2.8333,2.8398,2.8403,2.8358,2.8383,29
2026-04-08 03:23:00,2.8343,2.8358,2.8313,2.8313,2.8393,2.8408,2.8363,2.8363,12
2026-04-08 03:24:00,2.8318,2.8323,2.8313,2.8323,2.8368,2.8373,2.8363,2.8373,9
2026-04-08 03:25:00,2.8328,2.8348,2.8328,2.8343,2.8378,2.8398,2.8378,2.8393,9
2026-04-08 03:26:00,2.8353,2.8353,2.8333,2.8338,2.8403,2.8403,2.8383,2.8388,10
2026-04-08 03:27:00,2.8343,2.8343,2.8313,2.8318,2.8393,2.8393,2.8363,2.8368,12
2026-04-08 03:28:00,2.8323,2.8343,2.8318,2.8323,2.8373,2.8393,2.8368,2.8373,8
2026-04-08 03:29:00,2.8338,2.8338,2.8298,2.8313,2.8388,2.8388,2.8348,2.8363,18
2026-04-08 03:30:00,2.8308,2.8308,2.8308,2.8308,2.8358,2.8358,2.8358,2.8358,1
2026-04-08 03:31:00,2.8303,2.8313,2.8298,2.8298,2.8353,2.8363,2.8348,2.8348,9
2026-04-08 03:32:00,2.8283,2.8313,2.8278,2.8303,2.8333,2.8363,2.8328,2.8353,16
2026-04-08 03:33:00,2.8308,2.8313,2.8303,2.8303,2.8358,2.8363,2.8353,2.8353,3
2026-04-08 03:34:00,2.8298,2.8303,2.8233,2.8238,2.8348,2.8353,2.8283,2.8288,26
2026-04-08 03:35:00,2.8233,2.8243,2.8233,2.8243,2.8283,2.8293,2.8283,2.8293,3
2026-04-08 03:36:00,2.8238,2.8268,2.8233,2.8268,2.8288,2.8318,2.8283,2.8318,8
2026-04-08 03:37:00,2.8273,2.8273,2.8253,2.8253,2.8323,2.8323,2.8303,2.8303,7
2026-04-08 03:38:00,2.8233,2.8263,2.8233,2.8263,2.8283,2.8313,2.8283,2.8313,17
2026-04-08 03:39:00,2.8258,2.8268,2.8258,2.8263,2.8308,2.8318,2.8308,2.8313,4
2026-04-08 03:40:00,2.8268,2.8273,2.8263,2.8273,2.8318,2.8323,2.8313,2.8323,8
2026-04-08 03:41:00,2.8263,2.8278,2.8263,2.8278,2.8313,2.8328,2.8313,2.8328,4
2026-04-08 03:42:00,2.8288,2.8313,2.8283,2.8313,2.8338,2.8363,2.8333,2.8363,7
2026-04-08 03:43:00,2.8308,2.8323,2.8308,2.8323,2.8358,2.8373,2.8358,2.8373,12
2026-04-08 03:44:00,2.8318,2.8323,2.8293,2.8298,2.8368,2.8373,2.8343,2.8348,17
2026-04-08 03:45:00,2.8303,2.8303,2.8298,2.8298,2.8353,2.8353,2.8348,2.8348,2
2026-04-08 03:46:00,2.8293,2.8293,2.8273,2.8273,2.8343,2.8343,2.8323,2.8323,7
2026-04-08 03:47:00,2.8278,2.8313,2.8263,2.8278,2.8328,2.8363,2.8313,2.8328,11
2026-04-08 03:48:00,2.8283,2.8298,2.8278,2.8288,2.8333,2.8348,2.8328,2.8338,8
2026-04-08 03:49:00,2.8283,2.8293,2.8278,2.8278,2.8333,2.8343,2.8328,2.8328,6
2026-04-08 03:50:00,2.8273,2.8273,2.8253,2.8273,2.8323,2.8323,2.8303,2.8323,8
2026-04-08 03:51:00,2.8288,2.8288,2.8268,2.8268,2.8338,2.8338,2.8318,2.8318,5
2026-04-08 03:52:00,2.8263,2.8263,2.8253,2.8258,2.8313,2.8313,2.8303,2.8308,5
2026-04-08 03:54:00,2.8263,2.8273,2.8263,2.8268,2.8313,2.8323,2.8313,2.8318,10
2026-04-08 03:55:00,2.8263,2.8263,2.8263,2.8263,2.8313,2.8313,2.8313,2.8313,1
2026-04-08 03:56:00,2.8268,2.8268,2.8248,2.8248,2.8318,2.8318,2.8298,2.8298,8
2026-04-08 03:57:00,2.8253,2.8258,2.8243,2.8258,2.8303,2.8308,2.8293,2.8308,7
2026-04-08 03:58:00,2.8253,2.8268,2.8253,2.8253,2.8303,2.8318,2.8303,2.8303,9
2026-04-08 04:00:00,2.8243,2.8268,2.8243,2.8253,2.8293,2.8318,2.8293,2.8303,11
2026-04-08 04:01:00,2.8248,2.8263,2.8233,2.8248,2.8298,2.8313,2.8283,2.8298,15
2026-04-08 04:02:00,2.8253,2.8258,2.8243,2.8258,2.8303,2.8308,2.8293,2.8308,4
2026-04-08 04:03:00,2.8253,2.8268,2.8253,2.8263,2.8303,2.8318,2.8303,2.8313,5
2026-04-08 04:04:00,2.8258,2.8263,2.8243,2.8248,2.8308,2.8313,2.8293,2.8298,9
2026-04-08 04:05:00,2.8253,2.8253,2.8248,2.8253,2.8303,2.8303,2.8298,2.8303,3
2026-04-08 04:06:00,2.8243,2.8243,2.8243,2.8243,2.8293,2.8293,2.8293,2.8293,1
2026-04-08 04:07:00,2.8233,2.8233,2.8088,2.8133,2.8283,2.8283,2.8138,2.8183,46
2026-04-08 04:08:00,2.8143,2.8153,2.8093,2.8093,2.8193,2.8203,2.8143,2.8143,34
2026-04-08 04:09:00,2.8083,2.8093,2.8063,2.8063,2.8133,2.8143,2.8113,2.8113,17
2026-04-08 04:10:00,2.8068,2.8073,2.8053,2.8058,2.8118,2.8123,2.8103,2.8108,17
2026-04-08 04:11:00,2.8053,2.8083,2.8053,2.8083,2.8103,2.8133,2.8103,2.8133,16
2026-04-08 04:12:00,2.8093,2.8143,2.8093,2.8138,2.8143,2.8193,2.8143,2.8188,18
2026-04-08 04:13:00,2.8118,2.8123,2.8103,2.8113,2.8168,2.8173,2.8153,2.8163,9
2026-04-08 04:14:00,2.8123,2.8148,2.8123,2.8138,2.8173,2.8198,2.8173,2.8188,9
2026-04-08 04:15:00,2.8143,2.8148,2.8108,2.8123,2.8193,2.8198,2.8158,2.8173,15
2026-04-08 04:16:00,2.8113,2.8133,2.8113,2.8123,2.8163,2.8183,2.8163,2.8173,5
2026-04-08 04:17:00,2.8128,2.8133,2.8108,2.8108,2.8178,2.8183,2.8158,2.8158,11
2026-04-08 04:18:00,2.8113,2.8133,2.8103,2.8133,2.8163,2.8183,2.8153,2.8183,14
2026-04-08 04:19:00,2.8138,2.8148,2.8138,2.8143,2.8188,2.8198,2.8188,2.8193,4
2026-04-08 04:20:00,2.8148,2.8148,2.8128,2.8133,2.8198,2.8198,2.8178,2.8183,13
2026-04-08 04:21:00,2.8138,2.8148,2.8138,2.8148,2.8188,2.8198,2.8188,2.8198,5
2026-04-08 04:22:00,2.8158,2.8163,2.8153,2.8153,2.8208,2.8213,2.8203,2.8203,3
2026-04-08 04:23:00,2.8158,2.8168,2.8158,2.8168,2.8208,2.8218,2.8208,2.8218,5
2026-04-08 04:24:00,2.8173,2.8173,2.8173,2.8173,2.8223,2.8223,2.8223,2.8223,1
2026-04-08 04:25:00,2.8183,2.8208,2.8178,2.8183,2.8233,2.8258,2.8228,2.8233,20
2026-04-08 04:26:00,2.8188,2.8203,2.8173,2.8203,2.8238,2.8253,2.8223,2.8253,11
2026-04-08 04:27:00,2.8188,2.8193,2.8183,2.8193,2.8238,2.8243,2.8233,2.8243,10
2026-04-08 04:28:00,2.8203,2.8203,2.8188,2.8188,2.8253,2.8253,2.8238,2.8238,3
2026-04-08 04:29:00,2.8183,2.8193,2.8183,2.8193,2.8233,2.8243,2.8233,2.8243,5
2026-04-08 04:30:00,2.8183,2.8183,2.8143,2.8143,2.8233,2.8233,2.8193,2.8193,16
2026-04-08 04:31:00,2.8153,2.8163,2.8148,2.8148,2.8203,2.8213,2.8198,2.8198,14
2026-04-08 04:32:00,2.8153,2.8153,2.8123,2.8138,2.8203,2.8203,2.8173,2.8188,8
2026-04-08 04:33:00,2.8133,2.8158,2.8133,2.8148,2.8183,2.8208,2.8183,2.8198,12
2026-04-08 04:34:00,2.8153,2.8158,2.8133,2.8138,2.8203,2.8208,2.8183,2.8188,12
2026-04-08 04:35:00,2.8133,2.8163,2.8133,2.8163,2.8183,2.8213,2.8183,2.8213,9
2026-04-08 04:36:00,2.8158,2.8168,2.8158,2.8168,2.8208,2.8218,2.8208,2.8218,11
2026-04-08 04:37:00,2.8158,2.8158,2.8148,2.8148,2.8208,2.8208,2.8198,2.8198,4
2026-04-08 04:38:00,2.8143,2.8158,2.8143,2.8153,2.8193,2.8208,2.8193,2.8203,6
2026-04-08 04:39:00,2.8148,2.8153,2.8138,2.8148,2.8198,2.8203,2.8188,2.8198,8
2026-04-08 04:40:00,2.8143,2.8148,2.8133,2.8148,2.8193,2.8198,2.8183,2.8198,6
2026-04-08 04:41:00,2.8143,2.8153,2.8143,2.8153,2.8193,2.8203,2.8193,2.8203,8
2026-04-08 04:42:00,2.8158,2.8163,2.8158,2.8163,2.8208,2.8213,2.8208,2.8213,2
2026-04-08 04:44:00,2.8153,2.8153,2.8138,2.8138,2.8203,2.8203,2.8188,2.8188,12
2026-04-08 04:45:00,2.8143,2.8153,2.8143,2.8153,2.8193,2.8203,2.8193,2.8203,3
2026-04-08 04:46:00,2.8148,2.8153,2.8138,2.8143,2.8198,2.8203,2.8188,2.8193,14
2026-04-08 04:47:00,2.8138,2.8138,2.8138,2.8138,2.8188,2.8188,2.8188,2.8188,1
2026-04-08 04:48:00,2.8128,2.8133,2.8123,2.8133,2.8178,2.8183,2.8173,2.8183,12
2026-04-08 04:49:00,2.8138,2.8143,2.8118,2.8118,2.8188,2.8193,2.8168,2.8168,15
2026-04-08 04:50:00,2.8123,2.8123,2.8118,2.8123,2.8173,2.8173,2.8168,2.8173,3
2026-04-08 04:51:00,2.8118,2.8118,2.8093,2.8108,2.8168,2.8168,2.8143,2.8158,13
2026-04-08 04:52:00,2.8103,2.8113,2.8103,2.8103,2.8153,2.8163,2.8153,2.8153,3
2026-04-08 04:53:00,2.8113,2.8113,2.8093,2.8093,2.8163,2.8163,2.8143,2.8143,6
2026-04-08 04:54:00,2.8098,2.8108,2.8093,2.8108,2.8148,2.8158,2.8143,2.8158,11
2026-04-08 04:55:00,2.8103,2.8108,2.8103,2.8108,2.8153,2.8158,2.8153,2.8158,12
2026-04-08 04:56:00,2.8103,2.8103,2.8098,2.8098,2.8153,2.8153,2.8148,2.8148,2
2026-04-08 04:57:00,2.8103,2.8103,2.8098,2.8103,2.8153,2.8153,2.8148,2.8153,5
2026-04-08 04:58:00,2.8098,2.8103,2.8083,2.8098,2.8148,2.8153,2.8133,2.8148,6
2026-04-08 04:59:00,2.8103,2.8113,2.8103,2.8108,2.8153,2.8163,2.8153,2.8158,7
2026-04-08 05:00:00,2.8098,2.8098,2.8083,2.8093,2.8148,2.8148,2.8133,2.8143,17
2026-04-08 05:01:00,2.8088,2.8093,2.8078,2.8078,2.8138,2.8143,2.8128,2.8128,5
2026-04-08 05:02:00,2.8083,2.8093,2.8083,2.8088,2.8133,2.8143,2.8133,2.8138,6
2026-04-08 05:03:00,2.8093,2.8093,2.8083,2.8083,2.8143,2.8143,2.8133,2.8133,8
2026-04-08 05:04:00,2.8073,2.8083,2.8073,2.8078,2.8123,2.8133,2.8123,2.8128,4
2026-04-08 05:05:00,2.8083,2.8093,2.8078,2.8093,2.8133,2.8143,2.8128,2.8143,7
2026-04-08 05:06:00,2.8083,2.8088,2.8058,2.8058,2.8133,2.8138,2.8108,2.8108,15
2026-04-08 05:07:00,2.8053,2.8058,2.8053,2.8053,2.8103,2.8108,2.8103,2.8103,5
2026-04-08 05:08:00,2.8058,2.8068,2.8043,2.8053,2.8108,2.8118,2.8093,2.8103,11
2026-04-08 05:09:00,2.8058,2.8058,2.8048,2.8048,2.8108,2.8108,2.8098,2.8098,2
2026-04-08 05:10:00,2.8053,2.8053,2.8048,2.8048,2.8103,2.8103,2.8098,2.8098,2
2026-04-08 05:11:00,2.8053,2.8063,2.8048,2.8063,2.8103,2.8113,2.8098,2.8113,12
2026-04-08 05:12:00,2.8053,2.8053,2.8048,2.8053,2.8103,2.8103,2.8098,2.8103,3
2026-04-08 05:13:00,2.8058,2.8068,2.8053,2.8068,2.8108,2.8118,2.8103,2.8118,10
2026-04-08 05:14:00,2.8073,2.8073,2.8068,2.8068,2.8123,2.8123,2.8118,2.8118,2
2026-04-08 05:15:00,2.8063,2.8083,2.8058,2.8083,2.8113,2.8133,2.8108,2.8133,10
2026-04-08 05:16:00,2.8078,2.8083,2.8073,2.8073,2.8128,2.8133,2.8123,2.8123,6
2026-04-08 05:17:00,2.8063,2.8073,2.8058,2.8063,2.8113,2.8123,2.8108,2.8113,7
2026-04-08 05:18:00,2.8053,2.8073,2.8053,2.8073,2.8103,2.8123,2.8103,2.8123,11
2026-04-08 05:19:00,2.8068,2.8073,2.8063,2.8073,2.8118,2.8123,2.8113,2.8123,6
2026-04-08 05:20:00,2.8068,2.8068,2.8063,2.8063,2.8118,2.8118,2.8113,2.8113,2
2026-04-08 05:21:00,2.8068,2.8073,2.8068,2.8073,2.8118,2.8123,2.8118,2.8123,2
2026-04-08 05:22:00,2.8068,2.8068,2.8068,2.8068,2.8118,2.8118,2.8118,2.8118,1
2026-04-08 05:23:00,2.8063,2.8068,2.8063,2.8068,2.8113,2.8118,2.8113,2.8118,2
2026-04-08 05:24:00,2.8063,2.8063,2.8053,2.8058,2.8113,2.8113,2.8103,2.8108,3
2026-04-08 05:25:00,2.8063,2.8083,2.8063,2.8073,2.8113,2.8133,2.8113,2.8123,11
2026-04-08 05:26:00,2.8063,2.8073,2.8058,2.8058,2.8113,2.8123,2.8108,2.8108,13
2026-04-08 05:27:00,2.8053,2.8068,2.8053,2.8068,2.8103,2.8118,2.8103,2.8118,4
2026-04-08 05:28:00,2.8073,2.8073,2.8068,2.8068,2.8123,2.8123,2.8118,2.8118,4
2026-04-08 05:29:00,2.8073,2.8083,2.8058,2.8058,2.8123,2.8133,2.8108,2.8108,8
2026-04-08 05:30:00,2.8053,2.8123,2.8053,2.8118,2.8103,2.8173,2.8103,2.8168,71
2026-04-08 05:31:00,2.8123,2.8123,2.8068,2.8083,2.8173,2.8173,2.8118,2.8133,29
2026-04-08 05:32:00,2.8093,2.8113,2.8083,2.8113,2.8143,2.8163,2.8133,2.8163,26
2026-04-08 05:33:00,2.8108,2.8113,2.8093,2.8103,2.8158,2.8163,2.8143,2.8153,17
2026-04-08 05:34:00,2.8098,2.8123,2.8088,2.8118,2.8148,2.8173,2.8138,2.8168,18
2026-04-08 05:35:00,2.8113,2.8133,2.8108,2.8123,2.8163,2.8183,2.8158,2.8173,25
2026-04-08 05:36:00,2.8118,2.8133,2.8108,2.8133,2.8168,2.8183,2.8158,2.8183,33
2026-04-08 05:37:00,2.8123,2.8128,2.8113,2.8128,2.8173,2.8178,2.8163,2.8178,21
2026-04-08 05:38:00,2.8133,2.8133,2.8123,2.8128,2.8183,2.8183,2.8173,2.8178,16
2026-04-08 05:39:00,2.8133,2.8133,2.8113,2.8133,2.8183,2.8183,2.8163,2.8183,14
2026-04-08 05:40:00,2.8123,2.8133,2.8118,2.8123,2.8173,2.8183,2.8168,2.8173,10
2026-04-08 05:41:00,2.8118,2.8133,2.8118,2.8133,2.8168,2.8183,2.8168,2.8183,6
2026-04-08 05:42:00,2.8123,2.8133,2.8113,2.8118,2.8173,2.8183,2.8163,2.8168,26
2026-04-08 05:43:00,2.8113,2.8128,2.8113,2.8123,2.8163,2.8178,2.8163,2.8173,11
2026-04-08 05:44:00,2.8138,2.8148,2.8118,2.8123,2.8188,2.8198,2.8168,2.8173,17
2026-04-08 05:45:00,2.8118,2.8123,2.8108,2.8113,2.8168,2.8173,2.8158,2.8163,8
2026-04-08 05:46:00,2.8123,2.8123,2.8118,2.8123,2.8173,2.8173,2.8168,2.8173,3
2026-04-08 05:47:00,2.8133,2.8133,2.8113,2.8113,2.8183,2.8183,2.8163,2.8163,16
2026-04-08 05:48:00,2.8118,2.8123,2.8118,2.8118,2.8168,2.8173,2.8168,2.8168,3
2026-04-08 05:49:00,2.8113,2.8123,2.8113,2.8118,2.8163,2.8173,2.8163,2.8168,6
2026-04-08 05:50:00,2.8123,2.8123,2.8113,2.8113,2.8173,2.8173,2.8163,2.8163,6
2026-04-08 05:51:00,2.8108,2.8113,2.8103,2.8103,2.8158,2.8163,2.8153,2.8153,4
2026-04-08 05:52:00,2.8108,2.8118,2.8108,2.8113,2.8158,2.8168,2.8158,2.8163,9
2026-04-08 05:53:00,2.8103,2.8103,2.8098,2.8098,2.8153,2.8153,2.8148,2.8148,2
2026-04-08 05:54:00,2.8103,2.8113,2.8103,2.8113,2.8153,2.8163,2.8153,2.8163,3
2026-04-08 05:55:00,2.8108,2.8113,2.8093,2.8093,2.8158,2.8163,2.8143,2.8143,13
2026-04-08 05:56:00,2.8098,2.8103,2.8083,2.8083,2.8148,2.8153,2.8133,2.8133,7
2026-04-08 05:57:00,2.8088,2.8103,2.8088,2.8088,2.8138,2.8153,2.8138,2.8138,7
2026-04-08 05:58:00,2.8093,2.8093,2.8068,2.8073,2.8143,2.8143,2.8118,2.8123,16
2026-04-08 05:59:00,2.8078,2.8083,2.8078,2.8083,2.8128,2.8133,2.8128,2.8133,2
2026-04-08 06:00:00,2.8088,2.8088,2.8068,2.8083,2.8138,2.8138,2.8118,2.8133,4
2026-04-08 06:01:00,2.8093,2.8103,2.8088,2.8103,2.8143,2.8153,2.8138,2.8153,7
2026-04-08 06:02:00,2.8113,2.8113,2.8073,2.8083,2.8163,2.8163,2.8123,2.8133,24
2026-04-08 06:03:00,2.8078,2.8103,2.8078,2.8103,2.8128,2.8153,2.8128,2.8153,24
2026-04-08 06:04:00,2.8098,2.8103,2.8088,2.8098,2.8148,2.8153,2.8138,2.8148,10
2026-04-08 06:05:00,2.8103,2.8108,2.8093,2.8103,2.8153,2.8158,2.8143,2.8153,13
2026-04-08 06:06:00,2.8098,2.8108,2.8093,2.8108,2.8148,2.8158,2.8143,2.8158,8
2026-04-08 06:07:00,2.8103,2.8103,2.8103,2.8103,2.8153,2.8153,2.8153,2.8153,1
2026-04-08 06:08:00,2.8108,2.8108,2.8093,2.8098,2.8158,2.8158,2.8143,2.8148,7
2026-04-08 06:09:00,2.8103,2.8103,2.8093,2.8093,2.8153,2.8153,2.8143,2.8143,5
2026-04-08 06:10:00,2.8083,2.8093,2.8083,2.8093,2.8133,2.8143,2.8133,2.8143,2
2026-04-08 06:11:00,2.8103,2.8103,2.8103,2.8103,2.8153,2.8153,2.8153,2.8153,1
2026-04-08 06:12:00,2.8098,2.8113,2.8093,2.8103,2.8148,2.8163,2.8143,2.8153,8
2026-04-08 06:13:00,2.8098,2.8103,2.8088,2.8088,2.8148,2.8153,2.8138,2.8138,4
2026-04-08 06:14:00,2.8093,2.8098,2.8093,2.8098,2.8143,2.8148,2.8143,2.8148,4
2026-04-08 06:15:00,2.8103,2.8108,2.8098,2.8098,2.8153,2.8158,2.8148,2.8148,6
2026-04-08 06:16:00,2.8103,2.8103,2.8093,2.8098,2.8153,2.8153,2.8143,2.8148,3
2026-04-08 06:18:00,2.8103,2.8103,2.8093,2.8103,2.8153,2.8153,2.8143,2.8153,5
2026-04-08 06:19:00,2.8108,2.8108,2.8108,2.8108,2.8158,2.8158,2.8158,2.8158,1
2026-04-08 06:20:00,2.8103,2.8113,2.8088,2.8103,2.8153,2.8163,2.8138,2.8153,11
2026-04-08 06:21:00,2.8098,2.8103,2.8093,2.8098,2.8148,2.8153,2.8143,2.8148,14
2026-04-08 06:22:00,2.8103,2.8113,2.8103,2.8113,2.8153,2.8163,2.8153,2.8163,6
2026-04-08 06:23:00,2.8108,2.8113,2.8093,2.8103,2.8158,2.8163,2.8143,2.8153,6
2026-04-08 06:24:00,2.8093,2.8103,2.8093,2.8093,2.8143,2.8153,2.8143,2.8143,5
2026-04-08 06:25:00,2.8103,2.8103,2.8093,2.8103,2.8153,2.8153,2.8143,2.8153,5
2026-04-08 06:26:00,2.8093,2.8098,2.8088,2.8098,2.8143,2.8148,2.8138,2.8148,6
2026-04-08 06:27:00,2.8093,2.8093,2.8088,2.8093,2.8143,2.8143,2.8138,2.8143,5
2026-04-08 06:29:00,2.8088,2.8093,2.8088,2.8093,2.8138,2.8143,2.8138,2.8143,2
2026-04-08 06:30:00,2.8083,2.8083,2.8083,2.8083,2.8133,2.8133,2.8133,2.8133,1
2026-04-08 06:31:00,2.8093,2.8093,2.8083,2.8088,2.8143,2.8143,2.8133,2.8138,3
2026-04-08 06:32:00,2.8093,2.8093,2.8078,2.8083,2.8143,2.8143,2.8128,2.8133,6
2026-04-08 06:33:00,2.8078,2.8083,2.8073,2.8073,2.8128,2.8133,2.8123,2.8123,14
2026-04-08 06:34:00,2.8078,2.8083,2.8073,2.8073,2.8128,2.8133,2.8123,2.8123,5
2026-04-08 06:35:00,2.8068,2.8078,2.8068,2.8073,2.8118,2.8128,2.8118,2.8123,4
2026-04-08 06:36:00,2.8078,2.8088,2.8073,2.8088,2.8128,2.8138,2.8123,2.8138,9
2026-04-08 06:37:00,2.8083,2.8083,2.8068,2.8073,2.8133,2.8133,2.8118,2.8123,6
2026-04-08 06:38:00,2.8083,2.8098,2.8083,2.8098,2.8133,2.8148,2.8133,2.8148,7
2026-04-08 06:39:00,2.8093,2.8103,2.8093,2.8103,2.8143,2.8153,2.8143,2.8153,13
2026-04-08 06:40:00,2.8108,2.8108,2.8098,2.8098,2.8158,2.8158,2.8148,2.8148,9
2026-04-08 06:41:00,2.8103,2.8118,2.8103,2.8108,2.8153,2.8168,2.8153,2.8158,5
2026-04-08 06:42:00,2.8103,2.8118,2.8103,2.8118,2.8153,2.8168,2.8153,2.8168,10
2026-04-08 06:43:00,2.8123,2.8123,2.8118,2.8118,2.8173,2.8173,2.8168,2.8168,2
2026-04-08 06:44:00,2.8108,2.8133,2.8108,2.8123,2.8158,2.8183,2.8158,2.8173,18
2026-04-08 06:45:00,2.8118,2.8133,2.8118,2.8133,2.8168,2.8183,2.8168,2.8183,14
2026-04-08 06:46:00,2.8128,2.8133,2.8118,2.8118,2.8178,2.8183,2.8168,2.8168,16
2026-04-08 06:47:00,2.8113,2.8143,2.8108,2.8133,2.8163,2.8193,2.8158,2.8183,20
2026-04-08 06:48:00,2.8128,2.8133,2.8108,2.8118,2.8178,2.8183,2.8158,2.8168,25
2026-04-08 06:49:00,2.8123,2.8153,2.8123,2.8148,2.8173,2.8203,2.8173,2.8198,19
2026-04-08 06:50:00,2.8153,2.8153,2.8128,2.8133,2.8203,2.8203,2.8178,2.8183,7
2026-04-08 06:51:00,2.8138,2.8153,2.8123,2.8143,2.8188,2.8203,2.8173,2.8193,29
2026-04-08 06:52:00,2.8148,2.8148,2.8123,2.8133,2.8198,2.8198,2.8173,2.8183,26
2026-04-08 06:53:00,2.8138,2.8138,2.8123,2.8128,2.8188,2.8188,2.8173,2.8178,5
2026-04-08 06:54:00,2.8133,2.8138,2.8123,2.8133,2.8183,2.8188,2.8173,2.8183,6
2026-04-08 06:55:00,2.8138,2.8138,2.8118,2.8128,2.8188,2.8188,2.8168,2.8178,10
2026-04-08 06:56:00,2.8123,2.8128,2.8123,2.8128,2.8173,2.8178,2.8173,2.8178,2
2026-04-08 06:57:00,2.8123,2.8128,2.8118,2.8123,2.8173,2.8178,2.8168,2.8173,11
2026-04-08 06:58:00,2.8118,2.8128,2.8113,2.8118,2.8168,2.8178,2.8163,2.8168,15
2026-04-08 06:59:00,2.8113,2.8118,2.8113,2.8113,2.8163,2.8168,2.8163,2.8163,5
2026-04-08 07:00:00,2.8103,2.8123,2.8103,2.8103,2.8153,2.8173,2.8153,2.8153,16
2026-04-08 07:01:00,2.8113,2.8113,2.8103,2.8103,2.8163,2.8163,2.8153,2.8153,2
2026-04-08 07:02:00,2.8108,2.8108,2.8108,2.8108,2.8158,2.8158,2.8158,2.8158,1
2026-04-08 07:03:00,2.8103,2.8108,2.8103,2.8108,2.8153,2.8158,2.8153,2.8158,4
2026-04-08 07:04:00,2.8103,2.8108,2.8103,2.8103,2.8153,2.8158,2.8153,2.8153,3
2026-04-08 07:05:00,2.8093,2.8093,2.8093,2.8093,2.8143,2.8143,2.8143,2.8143,1
2026-04-08 07:06:00,2.8103,2.8103,2.8093,2.8103,2.8153,2.8153,2.8143,2.8153,4
2026-04-08 07:07:00,2.8108,2.8108,2.8103,2.8108,2.8158,2.8158,2.8153,2.8158,3
2026-04-08 07:08:00,2.8113,2.8113,2.8113,2.8113,2.8163,2.8163,2.8163,2.8163,1
2026-04-08 07:09:00,2.8118,2.8118,2.8113,2.8113,2.8168,2.8168,2.8163,2.8163,2
2026-04-08 07:10:00,2.8108,2.8113,2.8098,2.8108,2.8158,2.8163,2.8148,2.8158,8
2026-04-08 07:11:00,2.8103,2.8113,2.8103,2.8108,2.8153,2.8163,2.8153,2.8158,4
2026-04-08 07:12:00,2.8103,2.8108,2.8093,2.8093,2.8153,2.8158,2.8143,2.8143,5
2026-04-08 07:13:00,2.8098,2.8113,2.8093,2.8103,2.8148,2.8163,2.8143,2.8153,7
2026-04-08 07:15:00,2.8113,2.8113,2.8093,2.8098,2.8163,2.8163,2.8143,2.8148,15
2026-04-08 07:16:00,2.8103,2.8108,2.8103,2.8108,2.8153,2.8158,2.8153,2.8158,4
2026-04-08 07:18:00,2.8098,2.8103,2.8098,2.8103,2.8148,2.8153,2.8148,2.8153,4
2026-04-08 07:19:00,2.8098,2.8113,2.8098,2.8113,2.8148,2.8163,2.8148,2.8163,5
2026-04-08 07:20:00,2.8118,2.8118,2.8118,2.8118,2.8168,2.8168,2.8168,2.8168,1
2026-04-08 07:21:00,2.8108,2.8113,2.8093,2.8098,2.8158,2.8163,2.8143,2.8148,7
2026-04-08 07:22:00,2.8093,2.8093,2.8068,2.8083,2.8143,2.8143,2.8118,2.8133,13
2026-04-08 07:23:00,2.8073,2.8093,2.8073,2.8088,2.8123,2.8143,2.8123,2.8138,8
2026-04-08 07:24:00,2.8083,2.8083,2.8078,2.8083,2.8133,2.8133,2.8128,2.8133,3
2026-04-08 07:25:00,2.8078,2.8083,2.8073,2.8083,2.8128,2.8133,2.8123,2.8133,4
2026-04-08 07:26:00,2.8073,2.8073,2.8073,2.8073,2.8123,2.8123,2.8123,2.8123,1
2026-04-08 07:27:00,2.8063,2.8068,2.8063,2.8068,2.8113,2.8118,2.8113,2.8118,2
2026-04-08 07:28:00,2.8063,2.8063,2.8063,2.8063,2.8113,2.8113,2.8113,2.8113,1
2026-04-08 07:30:00,2.8058,2.8063,2.8058,2.8058,2.8108,2.8113,2.8108,2.8108,3
2026-04-08 07:31:00,2.8063,2.8063,2.8058,2.8063,2.8113,2.8113,2.8108,2.8113,3
2026-04-08 07:32:00,2.8058,2.8068,2.8053,2.8068,2.8108,2.8118,2.8103,2.8118,10
2026-04-08 07:33:00,2.8073,2.8083,2.8058,2.8058,2.8123,2.8133,2.8108,2.8108,14
2026-04-08 07:34:00,2.8063,2.8073,2.8063,2.8068,2.8113,2.8123,2.8113,2.8118,4
2026-04-08 07:35:00,2.8073,2.8083,2.8063,2.8083,2.8123,2.8133,2.8113,2.8133,17
2026-04-08 07:36:00,2.8073,2.8083,2.8068,2.8078,2.8123,2.8133,2.8118,2.8128,5
2026-04-08 07:37:00,2.8083,2.8083,2.8063,2.8063,2.8133,2.8133,2.8113,2.8113,15
2026-04-08 07:38:00,2.8058,2.8078,2.8058,2.8078,2.8108,2.8128,2.8108,2.8128,8
2026-04-08 07:39:00,2.8083,2.8083,2.8078,2.8078,2.8133,2.8133,2.8128,2.8128,6
2026-04-08 07:40:00,2.8088,2.8093,2.8068,2.8073,2.8138,2.8143,2.8118,2.8123,10
2026-04-08 07:41:00,2.8083,2.8083,2.8068,2.8068,2.8133,2.8133,2.8118,2.8118,7
2026-04-08 07:42:00,2.8073,2.8083,2.8068,2.8083,2.8123,2.8133,2.8118,2.8133,4
2026-04-08 07:43:00,2.8073,2.8073,2.8063,2.8063,2.8123,2.8123,2.8113,2.8113,3
2026-04-08 07:44:00,2.8058,2.8063,2.8058,2.8063,2.8108,2.8113,2.8108,2.8113,2
2026-04-08 07:45:00,2.8058,2.8063,2.8003,2.8013,2.8108,2.8113,2.8053,2.8063,17
2026-04-08 07:46:00,2.8023,2.8023,2.8008,2.8018,2.8073,2.8073,2.8058,2.8068,8
2026-04-08 07:47:00,2.8023,2.8033,2.8013,2.8013,2.8073,2.8083,2.8063,2.8063,9
2026-04-08 07:48:00,2.8018,2.8023,2.8008,2.8008,2.8068,2.8073,2.8058,2.8058,7
2026-04-08 07:49:00,2.8013,2.8013,2.8008,2.8008,2.8063,2.8063,2.8058,2.8058,4
2026-04-08 07:50:00,2.8013,2.8013,2.8008,2.8008,2.8063,2.8063,2.8058,2.8058,2
2026-04-08 07:51:00,2.8013,2.8013,2.7993,2.7998,2.8063,2.8063,2.8043,2.8048,7
2026-04-08 07:52:00,2.8013,2.8013,2.7958,2.8003,2.8063,2.8063,2.8008,2.8053,18
2026-04-08 07:53:00,2.8013,2.8043,2.8013,2.8033,2.8063,2.8093,2.8063,2.8083,7
2026-04-08 07:54:00,2.8023,2.8033,2.8003,2.8013,2.8073,2.8083,2.8053,2.8063,12
2026-04-08 07:55:00,2.8008,2.8018,2.8003,2.8013,2.8058,2.8068,2.8053,2.8063,11
2026-04-08 07:56:00,2.8008,2.8013,2.7983,2.7988,2.8058,2.8063,2.8033,2.8038,4
2026-04-08 07:57:00,2.7993,2.7993,2.7983,2.7983,2.8043,2.8043,2.8033,2.8033,4
2026-04-08 07:58:00,2.7978,2.7988,2.7973,2.7983,2.8028,2.8038,2.8023,2.8033,8
2026-04-08 07:59:00,2.7993,2.8008,2.7993,2.8008,2.8043,2.8058,2.8043,2.8058,4
2026-04-08 08:00:00,2.7998,2.8008,2.7978,2.8008,2.8048,2.8058,2.8028,2.8058,30
2026-04-08 08:01:00,2.8023,2.8033,2.7983,2.7998,2.8073,2.8083,2.8033,2.8048,40
2026-04-08 08:02:00,2.8003,2.8013,2.7993,2.7993,2.8053,2.8063,2.8043,2.8043,10
2026-04-08 08:03:00,2.7998,2.8033,2.7998,2.8028,2.8048,2.8083,2.8048,2.8078,9
2026-04-08 08:04:00,2.8033,2.8033,2.7998,2.8003,2.8083,2.8083,2.8048,2.8053,19
2026-04-08 08:05:00,2.7998,2.8053,2.7983,2.8008,2.8048,2.8103,2.8033,2.8058,39
2026-04-08 08:06:00,2.8003,2.8013,2.7983,2.7988,2.8053,2.8063,2.8033,2.8038,15
2026-04-08 08:07:00,2.7993,2.7993,2.7973,2.7988,2.8043,2.8043,2.8023,2.8038,18
2026-04-08 08:08:00,2.7983,2.8008,2.7983,2.8003,2.8033,2.8058,2.8033,2.8053,13
2026-04-08 08:09:00,2.8008,2.8013,2.7978,2.7978,2.8058,2.8063,2.8028,2.8028,13
2026-04-08 08:10:00,2.7973,2.7983,2.7973,2.7978,2.8023,2.8033,2.8023,2.8028,10
2026-04-08 08:11:00,2.7983,2.7983,2.7963,2.7968,2.8033,2.8033,2.8013,2.8018,7
2026-04-08 08:12:00,2.7963,2.7963,2.7943,2.7958,2.8013,2.8013,2.7993,2.8008,11
2026-04-08 08:13:00,2.7948,2.7948,2.7933,2.7943,2.7998,2.7998,2.7983,2.7993,7
2026-04-08 08:14:00,2.7938,2.7938,2.7903,2.7913,2.7988,2.7988,2.7953,2.7963,28
2026-04-08 08:15:00,2.7908,2.7923,2.7908,2.7918,2.7958,2.7973,2.7958,2.7968,12
2026-04-08 08:16:00,2.7913,2.7923,2.7873,2.7883,2.7963,2.7973,2.7923,2.7933,20
2026-04-08 08:17:00,2.7873,2.7883,2.7868,2.7883,2.7923,2.7933,2.7918,2.7933,16
2026-04-08 08:18:00,2.7893,2.7893,2.7878,2.7893,2.7943,2.7943,2.7928,2.7943,13
2026-04-08 08:19:00,2.7888,2.7893,2.7853,2.7853,2.7938,2.7943,2.7903,2.7903,14
2026-04-08 08:20:00,2.7858,2.7863,2.7853,2.7853,2.7908,2.7913,2.7903,2.7903,8
2026-04-08 08:21:00,2.7858,2.7863,2.7853,2.7853,2.7908,2.7913,2.7903,2.7903,3
2026-04-08 08:22:00,2.7863,2.7863,2.7853,2.7863,2.7913,2.7913,2.7903,2.7913,4
2026-04-08 08:23:00,2.7853,2.7863,2.7853,2.7853,2.7903,2.7913,2.7903,2.7903,5
2026-04-08 08:24:00,2.7863,2.7863,2.7818,2.7818,2.7913,2.7913,2.7868,2.7868,9
2026-04-08 08:25:00,2.7823,2.7823,2.7813,2.7823,2.7873,2.7873,2.7863,2.7873,6
2026-04-08 08:26:00,2.7818,2.7823,2.7793,2.7818,2.7868,2.7873,2.7843,2.7868,11
2026-04-08 08:27:00,2.7813,2.7823,2.7803,2.7813,2.7863,2.7873,2.7853,2.7863,9
2026-04-08 08:28:00,2.7823,2.7823,2.7813,2.7823,2.7873,2.7873,2.7863,2.7873,9
2026-04-08 08:29:00,2.7813,2.7823,2.7773,2.7773,2.7863,2.7873,2.7823,2.7823,7
2026-04-08 08:30:00,2.7783,2.7798,2.7783,2.7793,2.7833,2.7848,2.7833,2.7843,5
2026-04-08 08:31:00,2.7788,2.7793,2.7783,2.7788,2.7838,2.7843,2.7833,2.7838,14
2026-04-08 08:32:00,2.7783,2.7793,2.7773,2.7788,2.7833,2.7843,2.7823,2.7838,12
2026-04-08 08:33:00,2.7783,2.7793,2.7783,2.7793,2.7833,2.7843,2.7833,2.7843,8
2026-04-08 08:34:00,2.7788,2.7798,2.7773,2.7788,2.7838,2.7848,2.7823,2.7838,14
2026-04-08 08:35:00,2.7783,2.7803,2.7783,2.7798,2.7833,2.7853,2.7833,2.7848,7
2026-04-08 08:36:00,2.7803,2.7803,2.7793,2.7793,2.7853,2.7853,2.7843,2.7843,10
2026-04-08 08:37:00,2.7788,2.7803,2.7783,2.7803,2.7838,2.7853,2.7833,2.7853,5
2026-04-08 08:38:00,2.7798,2.7803,2.7773,2.7788,2.7848,2.7853,2.7823,2.7838,17
2026-04-08 08:39:00,2.7793,2.7803,2.7773,2.7788,2.7843,2.7853,2.7823,2.7838,19
2026-04-08 08:40:00,2.7798,2.7823,2.7788,2.7808,2.7848,2.7873,2.7838,2.7858,18
2026-04-08 08:41:00,2.7803,2.7803,2.7798,2.7803,2.7853,2.7853,2.7848,2.7853,7
2026-04-08 08:42:00,2.7793,2.7793,2.7763,2.7773,2.7843,2.7843,2.7813,2.7823,11
2026-04-08 08:43:00,2.7768,2.7783,2.7703,2.7743,2.7818,2.7833,2.7753,2.7793,19
2026-04-08 08:44:00,2.7738,2.7738,2.7703,2.7718,2.7788,2.7788,2.7753,2.7768,8
2026-04-08 08:45:00,2.7723,2.7753,2.7718,2.7748,2.7773,2.7803,2.7768,2.7798,13
2026-04-08 08:46:00,2.7743,2.7743,2.7733,2.7733,2.7793,2.7793,2.7783,2.7783,2
2026-04-08 08:48:00,2.7743,2.7743,2.7733,2.7743,2.7793,2.7793,2.7783,2.7793,5
2026-04-08 08:49:00,2.7738,2.7743,2.7733,2.7733,2.7788,2.7793,2.7783,2.7783,5
2026-04-08 08:50:00,2.7743,2.7748,2.7743,2.7743,2.7793,2.7798,2.7793,2.7793,5
2026-04-08 08:51:00,2.7753,2.7753,2.7748,2.7748,2.7803,2.7803,2.7798,2.7798,10
2026-04-08 08:52:00,2.7753,2.7773,2.7753,2.7773,2.7803,2.7823,2.7803,2.7823,8
2026-04-08 08:53:00,2.7768,2.7793,2.7768,2.7793,2.7818,2.7843,2.7818,2.7843,13
2026-04-08 08:54:00,2.7798,2.7803,2.7783,2.7793,2.7848,2.7853,2.7833,2.7843,18
2026-04-08 08:55:00,2.7798,2.7813,2.7793,2.7813,2.7848,2.7863,2.7843,2.7863,18
2026-04-08 08:56:00,2.7803,2.7813,2.7798,2.7813,2.7853,2.7863,2.7848,2.7863,7
2026-04-08 08:57:00,2.7808,2.7813,2.7793,2.7803,2.7858,2.7863,2.7843,2.7853,15
2026-04-08 08:58:00,2.7798,2.7803,2.7793,2.7793,2.7848,2.7853,2.7843,2.7843,13
2026-04-08 08:59:00,2.7783,2.7813,2.7783,2.7808,2.7833,2.7863,2.7833,2.7858,27
2026-04-08 09:00:00,2.7813,2.7843,2.7783,2.7798,2.7863,2.7893,2.7833,2.7848,30
2026-04-08 09:01:00,2.7803,2.7823,2.7793,2.7818,2.7853,2.7873,2.7843,2.7868,19
2026-04-08 09:02:00,2.7808,2.7843,2.7803,2.7833,2.7858,2.7893,2.7853,2.7883,16
2026-04-08 09:03:00,2.7853,2.7853,2.7803,2.7818,2.7903,2.7903,2.7853,2.7868,17
2026-04-08 09:04:00,2.7813,2.7823,2.7803,2.7808,2.7863,2.7873,2.7853,2.7858,16
2026-04-08 09:05:00,2.7813,2.7828,2.7808,2.7813,2.7863,2.7878,2.7858,2.7863,19
2026-04-08 09:06:00,2.7808,2.7823,2.7808,2.7813,2.7858,2.7873,2.7858,2.7863,8
2026-04-08 09:07:00,2.7803,2.7813,2.7793,2.7793,2.7853,2.7863,2.7843,2.7843,9
2026-04-08 09:08:00,2.7798,2.7813,2.7798,2.7803,2.7848,2.7863,2.7848,2.7853,14
2026-04-08 09:09:00,2.7808,2.7833,2.7798,2.7813,2.7858,2.7883,2.7848,2.7863,27
2026-04-08 09:10:00,2.7818,2.7833,2.7818,2.7828,2.7868,2.7883,2.7868,2.7878,10
2026-04-08 09:11:00,2.7833,2.7833,2.7823,2.7828,2.7883,2.7883,2.7873,2.7878,5
2026-04-08 09:12:00,2.7833,2.7833,2.7813,2.7823,2.7883,2.7883,2.7863,2.7873,17
2026-04-08 09:13:00,2.7813,2.7823,2.7813,2.7818,2.7863,2.7873,2.7863,2.7868,14
2026-04-08 09:14:00,2.7813,2.7833,2.7813,2.7833,2.7863,2.7883,2.7863,2.7883,7
2026-04-08 09:15:00,2.7838,2.7843,2.7813,2.7813,2.7888,2.7893,2.7863,2.7863,12
2026-04-08 09:16:00,2.7818,2.7828,2.7813,2.7828,2.7868,2.7878,2.7863,2.7878,12
2026-04-08 09:17:00,2.7823,2.7833,2.7818,2.7828,2.7873,2.7883,2.7868,2.7878,14
2026-04-08 09:18:00,2.7823,2.7833,2.7823,2.7833,2.7873,2.7883,2.7873,2.7883,7
2026-04-08 09:19:00,2.7838,2.7843,2.7823,2.7833,2.7888,2.7893,2.7873,2.7883,9
2026-04-08 09:20:00,2.7823,2.7843,2.7823,2.7838,2.7873,2.7893,2.7873,2.7888,16
2026-04-08 09:21:00,2.7843,2.7853,2.7843,2.7848,2.7893,2.7903,2.7893,2.7898,6
2026-04-08 09:22:00,2.7843,2.7843,2.7833,2.7838,2.7893,2.7893,2.7883,2.7888,9
2026-04-08 09:23:00,2.7833,2.7838,2.7823,2.7838,2.7883,2.7888,2.7873,2.7888,16
2026-04-08 09:24:00,2.7833,2.7833,2.7793,2.7803,2.7883,2.7883,2.7843,2.7853,18
2026-04-08 09:25:00,2.7808,2.7813,2.7803,2.7803,2.7858,2.7863,2.7853,2.7853,3
2026-04-08 09:26:00,2.7793,2.7833,2.7768,2.7818,2.7843,2.7883,2.7818,2.7868,24
2026-04-08 09:27:00,2.7813,2.7813,2.7788,2.7803,2.7863,2.7863,2.7838,2.7853,10
2026-04-08 09:28:00,2.7798,2.7803,2.7788,2.7803,2.7848,2.7853,2.7838,2.7853,9
2026-04-08 09:29:00,2.7808,2.7808,2.7783,2.7783,2.7858,2.7858,2.7833,2.7833,13
2026-04-08 09:30:00,2.7788,2.7793,2.7778,2.7793,2.7838,2.7843,2.7828,2.7843,19
2026-04-08 09:31:00,2.7788,2.7798,2.7783,2.7788,2.7838,2.7848,2.7833,2.7838,12
2026-04-08 09:32:00,2.7793,2.7798,2.7793,2.7798,2.7843,2.7848,2.7843,2.7848,2
2026-04-08 09:33:00,2.7793,2.7803,2.7788,2.7798,2.7843,2.7853,2.7838,2.7848,12
2026-04-08 09:34:00,2.7803,2.7803,2.7793,2.7793,2.7853,2.7853,2.7843,2.7843,4
2026-04-08 09:35:00,2.7788,2.7798,2.7788,2.7798,2.7838,2.7848,2.7838,2.7848,3
2026-04-08 09:36:00,2.7803,2.7813,2.7793,2.7803,2.7853,2.7863,2.7843,2.7853,9
2026-04-08 09:37:00,2.7798,2.7813,2.7798,2.7808,2.7848,2.7863,2.7848,2.7858,7
2026-04-08 09:38:00,2.7803,2.7813,2.7803,2.7813,2.7853,2.7863,2.7853,2.7863,3
2026-04-08 09:39:00,2.7808,2.7813,2.7803,2.7813,2.7858,2.7863,2.7853,2.7863,5
2026-04-08 09:40:00,2.7808,2.7813,2.7798,2.7803,2.7858,2.7863,2.7848,2.7853,7
2026-04-08 09:41:00,2.7808,2.7853,2.7808,2.7843,2.7858,2.7903,2.7858,2.7893,7
2026-04-08 09:42:00,2.7833,2.7848,2.7833,2.7843,2.7883,2.7898,2.7883,2.7893,7
2026-04-08 09:43:00,2.7838,2.7843,2.7833,2.7833,2.7888,2.7893,2.7883,2.7883,12
2026-04-08 09:44:00,2.7838,2.7843,2.7818,2.7828,2.7888,2.7893,2.7868,2.7878,10
2026-04-08 09:45:00,2.7833,2.7833,2.7813,2.7818,2.7883,2.7883,2.7863,2.7868,10
2026-04-08 09:46:00,2.7813,2.7823,2.7803,2.7818,2.7863,2.7873,2.7853,2.7868,9
2026-04-08 09:47:00,2.7833,2.7833,2.7813,2.7818,2.7883,2.7883,2.7863,2.7868,16
2026-04-08 09:48:00,2.7813,2.7818,2.7803,2.7813,2.7863,2.7868,2.7853,2.7863,20
2026-04-08 09:49:00,2.7818,2.7823,2.7818,2.7823,2.7868,2.7873,2.7868,2.7873,4
2026-04-08 09:50:00,2.7818,2.7833,2.7818,2.7828,2.7868,2.7883,2.7868,2.7878,8
2026-04-08 09:51:00,2.7833,2.7833,2.7823,2.7823,2.7883,2.7883,2.7873,2.7873,7
2026-04-08 09:52:00,2.7818,2.7818,2.7798,2.7803,2.7868,2.7868,2.7848,2.7853,7
2026-04-08 09:53:00,2.7798,2.7808,2.7793,2.7808,2.7848,2.7858,2.7843,2.7858,17
2026-04-08 09:54:00,2.7803,2.7813,2.7803,2.7803,2.7853,2.7863,2.7853,2.7853,11
2026-04-08 09:55:00,2.7813,2.7813,2.7808,2.7813,2.7863,2.7863,2.7858,2.7863,3
2026-04-08 09:56:00,2.7818,2.7823,2.7813,2.7823,2.7868,2.7873,2.7863,2.7873,6
2026-04-08 09:57:00,2.7828,2.7828,2.7813,2.7813,2.7878,2.7878,2.7863,2.7863,6
2026-04-08 09:58:00,2.7818,2.7833,2.7818,2.7823,2.7868,2.7883,2.7868,2.7873,8
2026-04-08 09:59:00,2.7833,2.7843,2.7828,2.7843,2.7883,2.7893,2.7878,2.7893,11
2026-04-08 10:00:00,2.7848,2.7853,2.7833,2.7843,2.7898,2.7903,2.7883,2.7893,16
2026-04-08 10:01:00,2.7848,2.7848,2.7798,2.7798,2.7898,2.7898,2.7848,2.7848,11
2026-04-08 10:02:00,2.7793,2.7793,2.7788,2.7793,2.7843,2.7843,2.7838,2.7843,7
2026-04-08 10:03:00,2.7798,2.7808,2.7798,2.7808,2.7848,2.7858,2.7848,2.7858,7
2026-04-08 10:04:00,2.7803,2.7808,2.7803,2.7808,2.7853,2.7858,2.7853,2.7858,2
2026-04-08 10:05:00,2.7803,2.7863,2.7803,2.7848,2.7853,2.7913,2.7853,2.7898,27
2026-04-08 10:06:00,2.7843,2.7863,2.7838,2.7843,2.7893,2.7913,2.7888,2.7893,20
2026-04-08 10:07:00,2.7848,2.7848,2.7823,2.7843,2.7898,2.7898,2.7873,2.7893,13
2026-04-08 10:08:00,2.7848,2.7853,2.7833,2.7833,2.7898,2.7903,2.7883,2.7883,11
2026-04-08 10:09:00,2.7843,2.7853,2.7843,2.7853,2.7893,2.7903,2.7893,2.7903,5
2026-04-08 10:10:00,2.7843,2.7863,2.7843,2.7863,2.7893,2.7913,2.7893,2.7913,8
2026-04-08 10:11:00,2.7858,2.7863,2.7853,2.7863,2.7908,2.7913,2.7903,2.7913,3
2026-04-08 10:12:00,2.7853,2.7853,2.7823,2.7828,2.7903,2.7903,2.7873,2.7878,8
2026-04-08 10:13:00,2.7823,2.7828,2.7803,2.7813,2.7873,2.7878,2.7853,2.7863,10
2026-04-08 10:14:00,2.7808,2.7823,2.7803,2.7813,2.7858,2.7873,2.7853,2.7863,11
2026-04-08 10:15:00,2.7818,2.7818,2.7803,2.7818,2.7868,2.7868,2.7853,2.7868,9
2026-04-08 10:16:00,2.7813,2.7828,2.7808,2.7818,2.7863,2.7878,2.7858,2.7868,18
2026-04-08 10:17:00,2.7813,2.7813,2.7798,2.7808,2.7863,2.7863,2.7848,2.7858,13
2026-04-08 10:18:00,2.7803,2.7813,2.7803,2.7808,2.7853,2.7863,2.7853,2.7858,6
2026-04-08 10:19:00,2.7803,2.7808,2.7783,2.7798,2.7853,2.7858,2.7833,2.7848,14
2026-04-08 10:20:00,2.7793,2.7803,2.7788,2.7793,2.7843,2.7853,2.7838,2.7843,9
2026-04-08 10:21:00,2.7803,2.7823,2.7793,2.7823,2.7853,2.7873,2.7843,2.7873,9
2026-04-08 10:22:00,2.7833,2.7853,2.7833,2.7848,2.7883,2.7903,2.7883,2.7898,13
2026-04-08 10:23:00,2.7858,2.7863,2.7843,2.7843,2.7908,2.7913,2.7893,2.7893,8
2026-04-08 10:24:00,2.7853,2.7883,2.7853,2.7878,2.7903,2.7933,2.7903,2.7928,10
2026-04-08 10:25:00,2.7873,2.7873,2.7868,2.7873,2.7923,2.7923,2.7918,2.7923,5
2026-04-08 10:26:00,2.7878,2.7893,2.7873,2.7873,2.7928,2.7943,2.7923,2.7923,10
2026-04-08 10:27:00,2.7878,2.7883,2.7863,2.7873,2.7928,2.7933,2.7913,2.7923,18
2026-04-08 10:28:00,2.7878,2.7883,2.7863,2.7863,2.7928,2.7933,2.7913,2.7913,17
2026-04-08 10:29:00,2.7858,2.7873,2.7858,2.7863,2.7908,2.7923,2.7908,2.7913,4
2026-04-08 10:30:00,2.7853,2.7873,2.7853,2.7873,2.7903,2.7923,2.7903,2.7923,9
2026-04-08 10:31:00,2.7863,2.7863,2.7858,2.7858,2.7913,2.7913,2.7908,2.7908,2
2026-04-08 10:32:00,2.7863,2.7863,2.7853,2.7858,2.7913,2.7913,2.7903,2.7908,7
2026-04-08 10:33:00,2.7853,2.7853,2.7838,2.7848,2.7903,2.7903,2.7888,2.7898,19
2026-04-08 10:34:00,2.7843,2.7853,2.7838,2.7838,2.7893,2.7903,2.7888,2.7888,6
2026-04-08 10:35:00,2.7843,2.7853,2.7833,2.7833,2.7893,2.7903,2.7883,2.7883,9
2026-04-08 10:36:00,2.7823,2.7843,2.7803,2.7818,2.7873,2.7893,2.7853,2.7868,21
2026-04-08 10:37:00,2.7823,2.7823,2.7803,2.7808,2.7873,2.7873,2.7853,2.7858,11
2026-04-08 10:38:00,2.7803,2.7813,2.7803,2.7803,2.7853,2.7863,2.7853,2.7853,8
2026-04-08 10:39:00,2.7798,2.7813,2.7788,2.7803,2.7848,2.7863,2.7838,2.7853,17
2026-04-08 10:40:00,2.7798,2.7813,2.7793,2.7808,2.7848,2.7863,2.7843,2.7858,11
2026-04-08 10:41:00,2.7803,2.7813,2.7793,2.7803,2.7853,2.7863,2.7843,2.7853,18
2026-04-08 10:42:00,2.7813,2.7833,2.7803,2.7833,2.7863,2.7883,2.7853,2.7883,22
2026-04-08 10:43:00,2.7838,2.7843,2.7828,2.7833,2.7888,2.7893,2.7878,2.7883,15
2026-04-08 10:44:00,2.7828,2.7828,2.7813,2.7813,2.7878,2.7878,2.7863,2.7863,5
2026-04-08 10:45:00,2.7803,2.7813,2.7783,2.7793,2.7853,2.7863,2.7833,2.7843,23
2026-04-08 10:46:00,2.7788,2.7788,2.7768,2.7773,2.7838,2.7838,2.7818,2.7823,13
2026-04-08 10:47:00,2.7783,2.7793,2.7773,2.7783,2.7833,2.7843,2.7823,2.7833,10
2026-04-08 10:48:00,2.7788,2.7798,2.7783,2.7788,2.7838,2.7848,2.7833,2.7838,9
2026-04-08 10:49:00,2.7793,2.7793,2.7773,2.7773,2.7843,2.7843,2.7823,2.7823,8
2026-04-08 10:50:00,2.7763,2.7763,2.7753,2.7763,2.7813,2.7813,2.7803,2.7813,5
2026-04-08 10:51:00,2.7758,2.7778,2.7753,2.7773,2.7808,2.7828,2.7803,2.7823,19
2026-04-08 10:52:00,2.7778,2.7783,2.7763,2.7773,2.7828,2.7833,2.7813,2.7823,14
2026-04-08 10:53:00,2.7768,2.7773,2.7763,2.7773,2.7818,2.7823,2.7813,2.7823,9
2026-04-08 10:54:00,2.7778,2.7783,2.7773,2.7783,2.7828,2.7833,2.7823,2.7833,11
2026-04-08 10:55:00,2.7773,2.7773,2.7763,2.7763,2.7823,2.7823,2.7813,2.7813,9
2026-04-08 10:56:00,2.7768,2.7778,2.7763,2.7768,2.7818,2.7828,2.7813,2.7818,13
2026-04-08 10:57:00,2.7773,2.7773,2.7763,2.7768,2.7823,2.7823,2.7813,2.7818,5
2026-04-08 10:58:00,2.7773,2.7788,2.7773,2.7783,2.7823,2.7838,2.7823,2.7833,8
2026-04-08 10:59:00,2.7778,2.7783,2.7768,2.7778,2.7828,2.7833,2.7818,2.7828,11
2026-04-08 11:00:00,2.7773,2.7783,2.7768,2.7783,2.7823,2.7833,2.7818,2.7833,8
2026-04-08 11:01:00,2.7788,2.7793,2.7783,2.7788,2.7838,2.7843,2.7833,2.7838,6
2026-04-08 11:02:00,2.7783,2.7803,2.7773,2.7803,2.7833,2.7853,2.7823,2.7853,7
2026-04-08 11:03:00,2.7818,2.7823,2.7793,2.7798,2.7868,2.7873,2.7843,2.7848,18
2026-04-08 11:04:00,2.7803,2.7803,2.7798,2.7798,2.7853,2.7853,2.7848,2.7848,4
2026-04-08 11:05:00,2.7793,2.7828,2.7793,2.7798,2.7843,2.7878,2.7843,2.7848,9
2026-04-08 11:06:00,2.7803,2.7803,2.7783,2.7783,2.7853,2.7853,2.7833,2.7833,8
2026-04-08 11:07:00,2.7773,2.7793,2.7773,2.7783,2.7823,2.7843,2.7823,2.7833,13
2026-04-08 11:08:00,2.7788,2.7793,2.7773,2.7773,2.7838,2.7843,2.7823,2.7823,9
2026-04-08 11:09:00,2.7778,2.7783,2.7773,2.7778,2.7828,2.7833,2.7823,2.7828,4
2026-04-08 11:10:00,2.7773,2.7778,2.7768,2.7773,2.7823,2.7828,2.7818,2.7823,5
2026-04-08 11:11:00,2.7768,2.7768,2.7763,2.7763,2.7818,2.7818,2.7813,2.7813,2
2026-04-08 11:12:00,2.7773,2.7773,2.7753,2.7763,2.7823,2.7823,2.7803,2.7813,5
2026-04-08 11:13:00,2.7758,2.7768,2.7758,2.7768,2.7808,2.7818,2.7808,2.7818,9
2026-04-08 11:14:00,2.7763,2.7768,2.7753,2.7763,2.7813,2.7818,2.7803,2.7813,13
2026-04-08 11:15:00,2.7753,2.7763,2.7753,2.7758,2.7803,2.7813,2.7803,2.7808,5
2026-04-08 11:16:00,2.7763,2.7763,2.7743,2.7753,2.7813,2.7813,2.7793,2.7803,5
2026-04-08 11:17:00,2.7758,2.7783,2.7753,2.7778,2.7808,2.7833,2.7803,2.7828,9
2026-04-08 11:18:00,2.7773,2.7783,2.7773,2.7783,2.7823,2.7833,2.7823,2.7833,4
2026-04-08 11:19:00,2.7773,2.7793,2.7763,2.7783,2.7823,2.7843,2.7813,2.7833,11
2026-04-08 11:20:00,2.7788,2.7793,2.7773,2.7783,2.7838,2.7843,2.7823,2.7833,10
2026-04-08 11:21:00,2.7778,2.7788,2.7773,2.7778,2.7828,2.7838,2.7823,2.7828,12
2026-04-08 11:22:00,2.7783,2.7793,2.7778,2.7793,2.7833,2.7843,2.7828,2.7843,11
2026-04-08 11:23:00,2.7783,2.7798,2.7773,2.7798,2.7833,2.7848,2.7823,2.7848,6
2026-04-08 11:24:00,2.7803,2.7808,2.7803,2.7803,2.7853,2.7858,2.7853,2.7853,3
2026-04-08 11:25:00,2.7798,2.7798,2.7783,2.7783,2.7848,2.7848,2.7833,2.7833,8
2026-04-08 11:26:00,2.7778,2.7808,2.7773,2.7803,2.7828,2.7858,2.7823,2.7853,9
2026-04-08 11:27:00,2.7808,2.7813,2.7798,2.7803,2.7858,2.7863,2.7848,2.7853,8
2026-04-08 11:28:00,2.7798,2.7803,2.7788,2.7803,2.7848,2.7853,2.7838,2.7853,9
2026-04-08 11:29:00,2.7798,2.7803,2.7788,2.7798,2.7848,2.7853,2.7838,2.7848,10
2026-04-08 11:30:00,2.7793,2.7798,2.7788,2.7788,2.7843,2.7848,2.7838,2.7838,12
2026-04-08 11:31:00,2.7793,2.7803,2.7788,2.7798,2.7843,2.7853,2.7838,2.7848,6
2026-04-08 11:32:00,2.7803,2.7803,2.7793,2.7793,2.7853,2.7853,2.7843,2.7843,3
2026-04-08 11:33:00,2.7788,2.7793,2.7783,2.7793,2.7838,2.7843,2.7833,2.7843,8
2026-04-08 11:34:00,2.7798,2.7798,2.7793,2.7793,2.7848,2.7848,2.7843,2.7843,2
2026-04-08 11:35:00,2.7798,2.7798,2.7773,2.7783,2.7848,2.7848,2.7823,2.7833,12
2026-04-08 11:36:00,2.7778,2.7783,2.7773,2.7778,2.7828,2.7833,2.7823,2.7828,8
2026-04-08 11:37:00,2.7783,2.7783,2.7768,2.7778,2.7833,2.7833,2.7818,2.7828,10
2026-04-08 11:38:00,2.7773,2.7773,2.7763,2.7773,2.7823,2.7823,2.7813,2.7823,16
2026-04-08 11:39:00,2.7778,2.7788,2.7773,2.7773,2.7828,2.7838,2.7823,2.7823,9
2026-04-08 11:40:00,2.7778,2.7783,2.7773,2.7783,2.7828,2.7833,2.7823,2.7833,10
2026-04-08 11:41:00,2.7773,2.7793,2.7773,2.7788,2.7823,2.7843,2.7823,2.7838,8
2026-04-08 11:42:00,2.7793,2.7798,2.7788,2.7798,2.7843,2.7848,2.7838,2.7848,10
2026-04-08 11:43:00,2.7803,2.7813,2.7803,2.7813,2.7853,2.7863,2.7853,2.7863,2
2026-04-08 11:44:00,2.7818,2.7823,2.7813,2.7813,2.7868,2.7873,2.7863,2.7863,4
2026-04-08 11:45:00,2.7823,2.7833,2.7813,2.7833,2.7873,2.7883,2.7863,2.7883,11
2026-04-08 11:46:00,2.7828,2.7833,2.7823,2.7833,2.7878,2.7883,2.7873,2.7883,9
2026-04-08 11:47:00,2.7823,2.7833,2.7823,2.7823,2.7873,2.7883,2.7873,2.7873,5
2026-04-08 11:48:00,2.7818,2.7823,2.7818,2.7823,2.7868,2.7873,2.7868,2.7873,2
2026-04-08 11:49:00,2.7828,2.7833,2.7823,2.7823,2.7878,2.7883,2.7873,2.7873,10
2026-04-08 11:50:00,2.7813,2.7823,2.7803,2.7823,2.7863,2.7873,2.7853,2.7873,14
2026-04-08 11:51:00,2.7818,2.7823,2.7803,2.7823,2.7868,2.7873,2.7853,2.7873,19
2026-04-08 11:52:00,2.7818,2.7833,2.7813,2.7828,2.7868,2.7883,2.7863,2.7878,20
2026-04-08 11:53:00,2.7823,2.7843,2.7823,2.7843,2.7873,2.7893,2.7873,2.7893,7
2026-04-08 11:54:00,2.7838,2.7853,2.7838,2.7843,2.7888,2.7903,2.7888,2.7893,7
2026-04-08 11:55:00,2.7838,2.7843,2.7828,2.7838,2.7888,2.7893,2.7878,2.7888,21
2026-04-08 11:56:00,2.7833,2.7838,2.7828,2.7833,2.7883,2.7888,2.7878,2.7883,13
2026-04-08 11:57:00,2.7828,2.7833,2.7828,2.7833,2.7878,2.7883,2.7878,2.7883,10
2026-04-08 11:58:00,2.7843,2.7843,2.7823,2.7828,2.7893,2.7893,2.7873,2.7878,8
2026-04-08 11:59:00,2.7833,2.7833,2.7823,2.7828,2.7883,2.7883,2.7873,2.7878,8
2026-04-08 12:00:00,2.7823,2.7843,2.7823,2.7828,2.7873,2.7893,2.7873,2.7878,25
2026-04-08 12:01:00,2.7823,2.7823,2.7793,2.7803,2.7873,2.7873,2.7843,2.7853,12
2026-04-08 12:02:00,2.7808,2.7823,2.7803,2.7823,2.7858,2.7873,2.7853,2.7873,21
2026-04-08 12:03:00,2.7813,2.7823,2.7808,2.7823,2.7863,2.7873,2.7858,2.7873,9
2026-04-08 12:04:00,2.7818,2.7823,2.7813,2.7813,2.7868,2.7873,2.7863,2.7863,9
2026-04-08 12:05:00,2.7818,2.7823,2.7808,2.7813,2.7868,2.7873,2.7858,2.7863,14
2026-04-08 12:06:00,2.7823,2.7823,2.7803,2.7803,2.7873,2.7873,2.7853,2.7853,4
2026-04-08 12:07:00,2.7813,2.7828,2.7808,2.7813,2.7863,2.7878,2.7858,2.7863,10
2026-04-08 12:08:00,2.7808,2.7828,2.7798,2.7828,2.7858,2.7878,2.7848,2.7878,16
2026-04-08 12:09:00,2.7823,2.7833,2.7823,2.7833,2.7873,2.7883,2.7873,2.7883,7
2026-04-08 12:10:00,2.7823,2.7833,2.7823,2.7823,2.7873,2.7883,2.7873,2.7873,7
2026-04-08 12:11:00,2.7833,2.7853,2.7833,2.7843,2.7883,2.7903,2.7883,2.7893,15
2026-04-08 12:12:00,2.7853,2.7853,2.7843,2.7843,2.7903,2.7903,2.7893,2.7893,3
2026-04-08 12:13:00,2.7853,2.7873,2.7848,2.7853,2.7903,2.7923,2.7898,2.7903,11
2026-04-08 12:14:00,2.7843,2.7848,2.7838,2.7843,2.7893,2.7898,2.7888,2.7893,11
2026-04-08 12:15:00,2.7838,2.7848,2.7833,2.7848,2.7888,2.7898,2.7883,2.7898,5
2026-04-08 12:16:00,2.7853,2.7853,2.7843,2.7843,2.7903,2.7903,2.7893,2.7893,8
2026-04-08 12:17:00,2.7848,2.7848,2.7843,2.7848,2.7898,2.7898,2.7893,2.7898,5
2026-04-08 12:18:00,2.7853,2.7873,2.7853,2.7873,2.7903,2.7923,2.7903,2.7923,5
2026-04-08 12:19:00,2.7878,2.7893,2.7878,2.7883,2.7928,2.7943,2.7928,2.7933,9
2026-04-08 12:20:00,2.7873,2.7883,2.7868,2.7873,2.7923,2.7933,2.7918,2.7923,11
2026-04-08 12:21:00,2.7868,2.7868,2.7858,2.7863,2.7918,2.7918,2.7908,2.7913,4
2026-04-08 12:22:00,2.7858,2.7858,2.7833,2.7843,2.7908,2.7908,2.7883,2.7893,9
2026-04-08 12:23:00,2.7838,2.7843,2.7833,2.7843,2.7888,2.7893,2.7883,2.7893,4
2026-04-08 12:24:00,2.7853,2.7853,2.7843,2.7843,2.7903,2.7903,2.7893,2.7893,2
2026-04-08 12:25:00,2.7838,2.7843,2.7828,2.7828,2.7888,2.7893,2.7878,2.7878,4
2026-04-08 12:26:00,2.7838,2.7843,2.7828,2.7833,2.7888,2.7893,2.7878,2.7883,9
2026-04-08 12:28:00,2.7823,2.7853,2.7823,2.7843,2.7873,2.7903,2.7873,2.7893,9
2026-04-08 12:29:00,2.7838,2.7843,2.7833,2.7843,2.7888,2.7893,2.7883,2.7893,10
2026-04-08 12:30:00,2.7838,2.7843,2.7813,2.7823,2.7888,2.7893,2.7863,2.7873,10
2026-04-08 12:31:00,2.7828,2.7828,2.7828,2.7828,2.7878,2.7878,2.7878,2.7878,1
2026-04-08 12:32:00,2.7823,2.7823,2.7823,2.7823,2.7873,2.7873,2.7873,2.7873,1
2026-04-08 12:33:00,2.7818,2.7823,2.7813,2.7823,2.7868,2.7873,2.7863,2.7873,6
2026-04-08 12:34:00,2.7813,2.7823,2.7803,2.7823,2.7863,2.7873,2.7853,2.7873,6
2026-04-08 12:35:00,2.7833,2.7833,2.7803,2.7813,2.7883,2.7883,2.7853,2.7863,7
2026-04-08 12:36:00,2.7803,2.7803,2.7798,2.7798,2.7853,2.7853,2.7848,2.7848,2
2026-04-08 12:37:00,2.7803,2.7808,2.7798,2.7803,2.7853,2.7858,2.7848,2.7853,25
2026-04-08 12:38:00,2.7793,2.7823,2.7793,2.7823,2.7843,2.7873,2.7843,2.7873,9
2026-04-08 12:39:00,2.7818,2.7843,2.7818,2.7833,2.7868,2.7893,2.7868,2.7883,18
2026-04-08 12:40:00,2.7843,2.7853,2.7833,2.7843,2.7893,2.7903,2.7883,2.7893,7
2026-04-08 12:41:00,2.7853,2.7853,2.7833,2.7833,2.7903,2.7903,2.7883,2.7883,7
2026-04-08 12:42:00,2.7838,2.7868,2.7833,2.7863,2.7888,2.7918,2.7883,2.7913,10
2026-04-08 12:43:00,2.7868,2.7923,2.7853,2.7923,2.7918,2.7973,2.7903,2.7973,32
2026-04-08 12:44:00,2.7913,2.7983,2.7913,2.7953,2.7963,2.8033,2.7963,2.8003,37
2026-04-08 12:45:00,2.7943,2.7983,2.7943,2.7973,2.7993,2.8033,2.7993,2.8023,9
2026-04-08 12:46:00,2.7978,2.8003,2.7973,2.7978,2.8028,2.8053,2.8023,2.8028,22
2026-04-08 12:47:00,2.7973,2.8013,2.7973,2.7993,2.8023,2.8063,2.8023,2.8043,19
2026-04-08 12:48:00,2.7983,2.8013,2.7983,2.8013,2.8033,2.8063,2.8033,2.8063,13
2026-04-08 12:49:00,2.8008,2.8043,2.8003,2.8043,2.8058,2.8093,2.8053,2.8093,26
2026-04-08 12:50:00,2.8038,2.8043,2.8033,2.8033,2.8088,2.8093,2.8083,2.8083,6
2026-04-08 12:51:00,2.8023,2.8033,2.8013,2.8013,2.8073,2.8083,2.8063,2.8063,6
2026-04-08 12:52:00,2.8008,2.8013,2.7998,2.8003,2.8058,2.8063,2.8048,2.8053,8
2026-04-08 12:53:00,2.8008,2.8008,2.7983,2.7993,2.8058,2.8058,2.8033,2.8043,11
2026-04-08 12:54:00,2.8003,2.8023,2.7998,2.8013,2.8053,2.8073,2.8048,2.8063,11
2026-04-08 12:55:00,2.8008,2.8013,2.8008,2.8008,2.8058,2.8063,2.8058,2.8058,7
2026-04-08 12:56:00,2.8013,2.8023,2.8003,2.8013,2.8063,2.8073,2.8053,2.8063,12
2026-04-08 12:57:00,2.8008,2.8018,2.7993,2.8013,2.8058,2.8068,2.8043,2.8063,18
2026-04-08 12:58:00,2.8008,2.8013,2.7993,2.8003,2.8058,2.8063,2.8043,2.8053,10
2026-04-08 12:59:00,2.7993,2.8013,2.7983,2.8008,2.8043,2.8063,2.8033,2.8058,20
2026-04-08 13:00:00,2.8013,2.8033,2.7983,2.7993,2.8063,2.8083,2.8033,2.8043,32
2026-04-08 13:01:00,2.7983,2.7993,2.7973,2.7988,2.8033,2.8043,2.8023,2.8038,14
2026-04-08 13:02:00,2.7993,2.7993,2.7963,2.7978,2.8043,2.8043,2.8013,2.8028,25
2026-04-08 13:03:00,2.7983,2.7983,2.7963,2.7963,2.8033,2.8033,2.8013,2.8013,12
2026-04-08 13:04:00,2.7968,2.7968,2.7928,2.7928,2.8018,2.8018,2.7978,2.7978,23
2026-04-08 13:05:00,2.7933,2.7933,2.7913,2.7918,2.7983,2.7983,2.7963,2.7968,13
2026-04-08 13:06:00,2.7923,2.7948,2.7923,2.7933,2.7973,2.7998,2.7973,2.7983,13
2026-04-08 13:07:00,2.7938,2.7963,2.7933,2.7963,2.7988,2.8013,2.7983,2.8013,10
2026-04-08 13:08:00,2.7953,2.7973,2.7953,2.7973,2.8003,2.8023,2.8003,2.8023,8
2026-04-08 13:09:00,2.7978,2.7983,2.7978,2.7983,2.8028,2.8033,2.8028,2.8033,4
2026-04-08 13:10:00,2.7978,2.7978,2.7923,2.7933,2.8028,2.8028,2.7973,2.7983,12
2026-04-08 13:11:00,2.7938,2.7963,2.7928,2.7943,2.7988,2.8013,2.7978,2.7993,20
2026-04-08 13:12:00,2.7948,2.7963,2.7933,2.7933,2.7998,2.8013,2.7983,2.7983,22
2026-04-08 13:13:00,2.7943,2.7953,2.7913,2.7923,2.7993,2.8003,2.7963,2.7973,22
2026-04-08 13:14:00,2.7918,2.7933,2.7913,2.7923,2.7968,2.7983,2.7963,2.7973,13
2026-04-08 13:15:00,2.7933,2.7933,2.7913,2.7933,2.7983,2.7983,2.7963,2.7983,8
2026-04-08 13:16:00,2.7928,2.7933,2.7913,2.7923,2.7978,2.7983,2.7963,2.7973,11
2026-04-08 13:17:00,2.7918,2.7933,2.7913,2.7913,2.7968,2.7983,2.7963,2.7963,17
2026-04-08 13:18:00,2.7918,2.7933,2.7913,2.7923,2.7968,2.7983,2.7963,2.7973,19
2026-04-08 13:19:00,2.7928,2.7943,2.7913,2.7918,2.7978,2.7993,2.7963,2.7968,15
2026-04-08 13:20:00,2.7923,2.7923,2.7913,2.7913,2.7973,2.7973,2.7963,2.7963,4
2026-04-08 13:21:00,2.7923,2.7923,2.7913,2.7923,2.7973,2.7973,2.7963,2.7973,9
2026-04-08 13:22:00,2.7918,2.7953,2.7918,2.7948,2.7968,2.8003,2.7968,2.7998,21
2026-04-08 13:23:00,2.7953,2.7963,2.7913,2.7938,2.8003,2.8013,2.7963,2.7988,38
2026-04-08 13:24:00,2.7933,2.7963,2.7928,2.7933,2.7983,2.8013,2.7978,2.7983,43
2026-04-08 13:25:00,2.7928,2.7963,2.7928,2.7963,2.7978,2.8013,2.7978,2.8013,24
2026-04-08 13:26:00,2.7958,2.7968,2.7943,2.7963,2.8008,2.8018,2.7993,2.8013,17
2026-04-08 13:27:00,2.7958,2.7968,2.7923,2.7928,2.8008,2.8018,2.7973,2.7978,16
2026-04-08 13:28:00,2.7933,2.7943,2.7923,2.7923,2.7983,2.7993,2.7973,2.7973,10
2026-04-08 13:29:00,2.7928,2.7963,2.7923,2.7943,2.7978,2.8013,2.7973,2.7993,23
2026-04-08 13:30:00,2.7953,2.7963,2.7928,2.7933,2.8003,2.8013,2.7978,2.7983,31
2026-04-08 13:31:00,2.7938,2.7943,2.7923,2.7933,2.7988,2.7993,2.7973,2.7983,16
2026-04-08 13:32:00,2.7938,2.7953,2.7933,2.7943,2.7988,2.8003,2.7983,2.7993,12
2026-04-08 13:33:00,2.7938,2.7953,2.7933,2.7953,2.7988,2.8003,2.7983,2.8003,10
2026-04-08 13:34:00,2.7963,2.7963,2.7933,2.7953,2.8013,2.8013,2.7983,2.8003,21
2026-04-08 13:35:00,2.7948,2.7973,2.7943,2.7943,2.7998,2.8023,2.7993,2.7993,19
2026-04-08 13:36:00,2.7938,2.7973,2.7933,2.7953,2.7988,2.8023,2.7983,2.8003,26
2026-04-08 13:37:00,2.7948,2.7983,2.7948,2.7978,2.7998,2.8033,2.7998,2.8028,23
2026-04-08 13:38:00,2.7993,2.8023,2.7983,2.8023,2.8043,2.8073,2.8033,2.8073,20
2026-04-08 13:39:00,2.8043,2.8053,2.8013,2.8013,2.8093,2.8103,2.8063,2.8063,19
2026-04-08 13:40:00,2.8003,2.8033,2.8003,2.8033,2.8053,2.8083,2.8053,2.8083,26
2026-04-08 13:41:00,2.8038,2.8048,2.7993,2.7993,2.8088,2.8098,2.8043,2.8043,23
2026-04-08 13:42:00,2.7988,2.7993,2.7963,2.7963,2.8038,2.8043,2.8013,2.8013,10
2026-04-08 13:43:00,2.7968,2.7973,2.7963,2.7963,2.8018,2.8023,2.8013,2.8013,6
2026-04-08 13:44:00,2.7968,2.8003,2.7963,2.7983,2.8018,2.8053,2.8013,2.8033,16
2026-04-08 13:45:00,2.7978,2.7983,2.7963,2.7978,2.8028,2.8033,2.8013,2.8028,10
2026-04-08 13:46:00,2.7973,2.8003,2.7973,2.7993,2.8023,2.8053,2.8023,2.8043,14
2026-04-08 13:47:00,2.7988,2.8053,2.7988,2.8033,2.8038,2.8103,2.8038,2.8083,39
2026-04-08 13:48:00,2.8043,2.8043,2.8023,2.8023,2.8093,2.8093,2.8073,2.8073,7
2026-04-08 13:49:00,2.8028,2.8113,2.8028,2.8108,2.8078,2.8163,2.8078,2.8158,55
2026-04-08 13:50:00,2.8098,2.8103,2.8053,2.8073,2.8148,2.8153,2.8103,2.8123,26
2026-04-08 13:51:00,2.8068,2.8073,2.8023,2.8073,2.8118,2.8123,2.8073,2.8123,30
2026-04-08 13:52:00,2.8093,2.8093,2.8063,2.8063,2.8143,2.8143,2.8113,2.8113,22
2026-04-08 13:53:00,2.8068,2.8073,2.8053,2.8053,2.8118,2.8123,2.8103,2.8103,17
2026-04-08 13:54:00,2.8058,2.8093,2.8058,2.8073,2.8108,2.8143,2.8108,2.8123,28
2026-04-08 13:55:00,2.8078,2.8083,2.8053,2.8058,2.8128,2.8133,2.8103,2.8108,31
2026-04-08 13:56:00,2.8063,2.8068,2.8053,2.8068,2.8113,2.8118,2.8103,2.8118,18
2026-04-08 13:57:00,2.8058,2.8083,2.8058,2.8073,2.8108,2.8133,2.8108,2.8123,18
2026-04-08 13:58:00,2.8078,2.8183,2.8073,2.8143,2.8128,2.8233,2.8123,2.8193,94
2026-04-08 13:59:00,2.8133,2.8173,2.8133,2.8153,2.8183,2.8223,2.8183,2.8203,41
2026-04-08 14:00:00,2.8148,2.8183,2.8073,2.8083,2.8198,2.8233,2.8123,2.8133,56
2026-04-08 14:01:00,2.8088,2.8133,2.8083,2.8133,2.8138,2.8183,2.8133,2.8183,35
2026-04-08 14:02:00,2.8128,2.8143,2.8073,2.8093,2.8178,2.8193,2.8123,2.8143,30
2026-04-08 14:03:00,2.8088,2.8093,2.8063,2.8068,2.8138,2.8143,2.8113,2.8118,26
2026-04-08 14:04:00,2.8063,2.8083,2.8043,2.8083,2.8113,2.8133,2.8093,2.8133,35
2026-04-08 14:05:00,2.8078,2.8103,2.8053,2.8083,2.8128,2.8153,2.8103,2.8133,37
2026-04-08 14:06:00,2.8088,2.8113,2.8063,2.8113,2.8138,2.8163,2.8113,2.8163,37
2026-04-08 14:07:00,2.8128,2.8133,2.8093,2.8103,2.8178,2.8183,2.8143,2.8153,36
2026-04-08 14:08:00,2.8108,2.8248,2.8103,2.8243,2.8158,2.8298,2.8153,2.8293,74
2026-04-08 14:09:00,2.8233,2.8323,2.8233,2.8313,2.8283,2.8373,2.8283,2.8363,77
2026-04-08 14:10:00,2.8323,2.8373,2.8318,2.8373,2.8373,2.8423,2.8368,2.8423,67
2026-04-08 14:11:00,2.8363,2.8423,2.8348,2.8383,2.8413,2.8473,2.8398,2.8433,95
2026-04-08 14:12:00,2.8388,2.8393,2.8233,2.8253,2.8438,2.8443,2.8283,2.8303,97
2026-04-08 14:13:00,2.8258,2.8263,2.8183,2.8213,2.8308,2.8313,2.8233,2.8263,42
2026-04-08 14:14:00,2.8218,2.8223,2.8193,2.8203,2.8268,2.8273,2.8243,2.8253,47
2026-04-08 14:15:00,2.8208,2.8213,2.8168,2.8183,2.8258,2.8263,2.8218,2.8233,28
2026-04-08 14:16:00,2.8193,2.8243,2.8193,2.8218,2.8243,2.8293,2.8243,2.8268,32
2026-04-08 14:17:00,2.8223,2.8253,2.8223,2.8243,2.8273,2.8303,2.8273,2.8293,32
2026-04-08 14:18:00,2.8238,2.8273,2.8233,2.8253,2.8288,2.8323,2.8283,2.8303,27
2026-04-08 14:19:00,2.8258,2.8373,2.8243,2.8373,2.8308,2.8423,2.8293,2.8423,34
2026-04-08 14:20:00,2.8368,2.8493,2.8353,2.8388,2.8418,2.8543,2.8403,2.8438,147
2026-04-08 14:21:00,2.8393,2.8423,2.8343,2.8393,2.8443,2.8473,2.8393,2.8443,105
2026-04-08 14:22:00,2.8398,2.8453,2.8383,2.8408,2.8448,2.8503,2.8433,2.8458,82
2026-04-08 14:23:00,2.8413,2.8433,2.8403,2.8428,2.8463,2.8483,2.8453,2.8478,78
2026-04-08 14:24:00,2.8418,2.8453,2.8383,2.8453,2.8468,2.8503,2.8433,2.8503,53
2026-04-08 14:25:00,2.8458,2.8503,2.8458,2.8488,2.8508,2.8553,2.8508,2.8538,55
2026-04-08 14:26:00,2.8483,2.8488,2.8383,2.8393,2.8533,2.8538,2.8433,2.8443,76
2026-04-08 14:27:00,2.8398,2.8403,2.8303,2.8363,2.8448,2.8453,2.8353,2.8413,63
2026-04-08 14:28:00,2.8368,2.8413,2.8348,2.8393,2.8418,2.8463,2.8398,2.8443,38
2026-04-08 14:29:00,2.8403,2.8408,2.8363,2.8408,2.8453,2.8458,2.8413,2.8458,29
2026-04-08 14:30:00,2.8393,2.8423,2.8383,2.8393,2.8443,2.8473,2.8433,2.8443,49
2026-04-08 14:31:00,2.8403,2.8483,2.8383,2.8448,2.8453,2.8533,2.8433,2.8498,78
2026-04-08 14:32:00,2.8453,2.8513,2.8408,2.8448,2.8503,2.8563,2.8458,2.8498,60
2026-04-08 14:33:00,2.8453,2.8463,2.8383,2.8403,2.8503,2.8513,2.8433,2.8453,38
2026-04-08 14:34:00,2.8398,2.8413,2.8383,2.8383,2.8448,2.8463,2.8433,2.8433,36
2026-04-08 14:35:00,2.8378,2.8443,2.8353,2.8423,2.8428,2.8493,2.8403,2.8473,51
2026-04-08 14:36:00,2.8428,2.8428,2.8373,2.8373,2.8478,2.8478,2.8423,2.8423,45
2026-04-08 14:37:00,2.8368,2.8383,2.8353,2.8363,2.8418,2.8433,2.8403,2.8413,52
2026-04-08 14:38:00,2.8368,2.8373,2.8353,2.8358,2.8418,2.8423,2.8403,2.8408,45
2026-04-08 14:39:00,2.8363,2.8383,2.8333,2.8343,2.8413,2.8433,2.8383,2.8393,24
2026-04-08 14:40:00,2.8348,2.8373,2.8343,2.8363,2.8398,2.8423,2.8393,2.8413,26
2026-04-08 14:41:00,2.8368,2.8373,2.8323,2.8323,2.8418,2.8423,2.8373,2.8373,32
2026-04-08 14:42:00,2.8333,2.8348,2.8303,2.8318,2.8383,2.8398,2.8353,2.8368,36
2026-04-08 14:43:00,2.8323,2.8373,2.8303,2.8343,2.8373,2.8423,2.8353,2.8393,51
2026-04-08 14:44:00,2.8338,2.8358,2.8318,2.8318,2.8388,2.8408,2.8368,2.8368,36
2026-04-08 14:45:00,2.8313,2.8313,2.8263,2.8283,2.8363,2.8363,2.8313,2.8333,45
2026-04-08 14:46:00,2.8288,2.8293,2.8213,2.8213,2.8338,2.8343,2.8263,2.8263,43
2026-04-08 14:47:00,2.8218,2.8253,2.8213,2.8243,2.8268,2.8303,2.8263,2.8293,30
2026-04-08 14:48:00,2.8248,2.8303,2.8238,2.8278,2.8298,2.8353,2.8288,2.8328,41
2026-04-08 14:49:00,2.8283,2.8283,2.8223,2.8243,2.8333,2.8333,2.8273,2.8293,23
2026-04-08 14:50:00,2.8238,2.8273,2.8238,2.8263,2.8288,2.8323,2.8288,2.8313,32
2026-04-08 14:51:00,2.8253,2.8273,2.8253,2.8268,2.8303,2.8323,2.8303,2.8318,23
2026-04-08 14:52:00,2.8273,2.8303,2.8273,2.8298,2.8323,2.8353,2.8323,2.8348,17
2026-04-08 14:53:00,2.8288,2.8293,2.8273,2.8273,2.8338,2.8343,2.8323,2.8323,18
2026-04-08 14:54:00,2.8268,2.8273,2.8213,2.8243,2.8318,2.8323,2.8263,2.8293,30
2026-04-08 14:55:00,2.8248,2.8263,2.8218,2.8223,2.8298,2.8313,2.8268,2.8273,27
2026-04-08 14:56:00,2.8233,2.8253,2.8223,2.8243,2.8283,2.8303,2.8273,2.8293,27
2026-04-08 14:57:00,2.8233,2.8248,2.8218,2.8238,2.8283,2.8298,2.8268,2.8288,33
2026-04-08 14:58:00,2.8233,2.8233,2.8158,2.8203,2.8283,2.8283,2.8208,2.8253,57
2026-04-08 14:59:00,2.8213,2.8243,2.8213,2.8218,2.8263,2.8293,2.8263,2.8268,28
2026-04-08 15:00:00,2.8203,2.8233,2.8163,2.8213,2.8253,2.8283,2.8213,2.8263,92
2026-04-08 15:01:00,2.8203,2.8223,2.8163,2.8163,2.8253,2.8273,2.8213,2.8213,59
2026-04-08 15:02:00,2.8158,2.8163,2.8093,2.8133,2.8208,2.8213,2.8143,2.8183,79
2026-04-08 15:03:00,2.8123,2.8133,2.8088,2.8118,2.8173,2.8183,2.8138,2.8168,40
2026-04-08 15:04:00,2.8103,2.8173,2.8103,2.8143,2.8153,2.8223,2.8153,2.8193,33
2026-04-08 15:05:00,2.8138,2.8203,2.8133,2.8193,2.8188,2.8253,2.8183,2.8243,29
2026-04-08 15:06:00,2.8203,2.8218,2.8158,2.8163,2.8253,2.8268,2.8208,2.8213,29
2026-04-08 15:07:00,2.8168,2.8193,2.8138,2.8153,2.8218,2.8243,2.8188,2.8203,47
2026-04-08 15:08:00,2.8163,2.8163,2.8123,2.8153,2.8213,2.8213,2.8173,2.8203,38
2026-04-08 15:09:00,2.8143,2.8153,2.8113,2.8133,2.8193,2.8203,2.8163,2.8183,34
2026-04-08 15:10:00,2.8138,2.8153,2.8118,2.8138,2.8188,2.8203,2.8168,2.8188,30
2026-04-08 15:11:00,2.8143,2.8153,2.8113,2.8143,2.8193,2.8203,2.8163,2.8193,29
2026-04-08 15:12:00,2.8138,2.8138,2.8093,2.8103,2.8188,2.8188,2.8143,2.8153,64
2026-04-08 15:13:00,2.8113,2.8153,2.8063,2.8073,2.8163,2.8203,2.8113,2.8123,61
2026-04-08 15:14:00,2.8068,2.8073,2.7983,2.8003,2.8118,2.8123,2.8033,2.8053,89
2026-04-08 15:15:00,2.8013,2.8023,2.7963,2.8013,2.8063,2.8073,2.8013,2.8063,44
2026-04-08 15:16:00,2.8023,2.8053,2.7943,2.7953,2.8073,2.8103,2.7993,2.8003,55
2026-04-08 15:17:00,2.7948,2.7973,2.7933,2.7963,2.7998,2.8023,2.7983,2.8013,34
2026-04-08 15:18:00,2.7968,2.8023,2.7968,2.8023,2.8018,2.8073,2.8018,2.8073,44
2026-04-08 15:19:00,2.8013,2.8083,2.8013,2.8058,2.8063,2.8133,2.8063,2.8108,48
2026-04-08 15:20:00,2.8063,2.8123,2.8053,2.8113,2.8113,2.8173,2.8103,2.8163,31
2026-04-08 15:21:00,2.8118,2.8118,2.8053,2.8073,2.8168,2.8168,2.8103,2.8123,45
2026-04-08 15:22:00,2.8068,2.8093,2.8063,2.8083,2.8118,2.8143,2.8113,2.8133,28
2026-04-08 15:23:00,2.8078,2.8103,2.8043,2.8063,2.8128,2.8153,2.8093,2.8113,40
2026-04-08 15:24:00,2.8053,2.8073,2.8053,2.8063,2.8103,2.8123,2.8103,2.8113,28
2026-04-08 15:25:00,2.8058,2.8058,2.7943,2.7963,2.8108,2.8108,2.7993,2.8013,44
2026-04-08 15:26:00,2.7953,2.7978,2.7903,2.7913,2.8003,2.8028,2.7953,2.7963,52
2026-04-08 15:27:00,2.7923,2.7933,2.7903,2.7933,2.7973,2.7983,2.7953,2.7983,31
2026-04-08 15:28:00,2.7943,2.7953,2.7933,2.7953,2.7993,2.8003,2.7983,2.8003,19
2026-04-08 15:29:00,2.7958,2.7993,2.7938,2.7993,2.8008,2.8043,2.7988,2.8043,30
2026-04-08 15:30:00,2.7983,2.8043,2.7963,2.7993,2.8033,2.8093,2.8013,2.8043,89
2026-04-08 15:31:00,2.7988,2.8023,2.7968,2.7993,2.8038,2.8073,2.8018,2.8043,44
2026-04-08 15:32:00,2.8003,2.8003,2.7973,2.7978,2.8053,2.8053,2.8023,2.8028,39
2026-04-08 15:33:00,2.7973,2.7993,2.7943,2.7963,2.8023,2.8043,2.7993,2.8013,34
2026-04-08 15:34:00,2.7958,2.7993,2.7943,2.7953,2.8008,2.8043,2.7993,2.8003,35
2026-04-08 15:35:00,2.7948,2.7993,2.7928,2.7973,2.7998,2.8043,2.7978,2.8023,76
2026-04-08 15:36:00,2.7968,2.7973,2.7943,2.7958,2.8018,2.8023,2.7993,2.8008,38
2026-04-08 15:37:00,2.7963,2.7993,2.7943,2.7993,2.8013,2.8043,2.7993,2.8043,28
2026-04-08 15:38:00,2.8003,2.8088,2.8003,2.8033,2.8053,2.8138,2.8053,2.8083,89
2026-04-08 15:39:00,2.8028,2.8083,2.8013,2.8053,2.8078,2.8133,2.8063,2.8103,63
2026-04-08 15:40:00,2.8063,2.8073,2.8013,2.8013,2.8113,2.8123,2.8063,2.8063,54
2026-04-08 15:41:00,2.8018,2.8033,2.7953,2.7963,2.8068,2.8083,2.8003,2.8013,43
2026-04-08 15:42:00,2.7953,2.8013,2.7953,2.8013,2.8003,2.8063,2.8003,2.8063,45
2026-04-08 15:43:00,2.8023,2.8043,2.8008,2.8008,2.8073,2.8093,2.8058,2.8058,39
2026-04-08 15:44:00,2.8013,2.8013,2.7978,2.7993,2.8063,2.8063,2.8028,2.8043,57
2026-04-08 15:45:00,2.7983,2.8003,2.7953,2.7963,2.8033,2.8053,2.8003,2.8013,56
2026-04-08 15:46:00,2.7973,2.7973,2.7943,2.7953,2.8023,2.8023,2.7993,2.8003,23
2026-04-08 15:47:00,2.7943,2.7978,2.7913,2.7973,2.7993,2.8028,2.7963,2.8023,36
2026-04-08 15:48:00,2.7963,2.7973,2.7928,2.7933,2.8013,2.8023,2.7978,2.7983,43
2026-04-08 15:49:00,2.7928,2.7943,2.7903,2.7913,2.7978,2.7993,2.7953,2.7963,30
2026-04-08 15:50:00,2.7908,2.7933,2.7903,2.7913,2.7958,2.7983,2.7953,2.7963,25
2026-04-08 15:51:00,2.7908,2.7973,2.7898,2.7963,2.7958,2.8023,2.7948,2.8013,63
2026-04-08 15:52:00,2.7953,2.7963,2.7923,2.7933,2.8003,2.8013,2.7973,2.7983,32
2026-04-08 15:53:00,2.7938,2.7963,2.7913,2.7953,2.7988,2.8013,2.7963,2.8003,23
2026-04-08 15:54:00,2.7948,2.7963,2.7943,2.7958,2.7998,2.8013,2.7993,2.8008,22
2026-04-08 15:55:00,2.7953,2.7953,2.7923,2.7943,2.8003,2.8003,2.7973,2.7993,37
2026-04-08 15:56:00,2.7933,2.7943,2.7923,2.7928,2.7983,2.7993,2.7973,2.7978,16
2026-04-08 15:57:00,2.7933,2.7953,2.7923,2.7953,2.7983,2.8003,2.7973,2.8003,22
2026-04-08 15:58:00,2.7958,2.7973,2.7958,2.7973,2.8008,2.8023,2.8008,2.8023,19
2026-04-08 15:59:00,2.7968,2.7983,2.7933,2.7953,2.8018,2.8033,2.7983,2.8003,26
2026-04-08 16:00:00,2.7963,2.7963,2.7913,2.7933,2.8013,2.8013,2.7963,2.7983,46
2026-04-08 16:01:00,2.7928,2.7953,2.7923,2.7923,2.7978,2.8003,2.7973,2.7973,40
2026-04-08 16:02:00,2.7928,2.7943,2.7913,2.7933,2.7978,2.7993,2.7963,2.7983,31
2026-04-08 16:03:00,2.7923,2.7943,2.7923,2.7933,2.7973,2.7993,2.7973,2.7983,17
2026-04-08 16:04:00,2.7923,2.7943,2.7913,2.7938,2.7973,2.7993,2.7963,2.7988,41
2026-04-08 16:05:00,2.7948,2.8023,2.7948,2.7993,2.7998,2.8073,2.7998,2.8043,25
2026-04-08 16:06:00,2.8003,2.8003,2.7973,2.7983,2.8053,2.8053,2.8023,2.8033,40
2026-04-08 16:07:00,2.7973,2.7983,2.7953,2.7958,2.8023,2.8033,2.8003,2.8008,22
2026-04-08 16:08:00,2.7963,2.8133,2.7933,2.8083,2.8013,2.8183,2.7983,2.8133,113
2026-04-08 16:09:00,2.8078,2.8113,2.8033,2.8043,2.8128,2.8163,2.8083,2.8093,76
2026-04-08 16:10:00,2.8033,2.8038,2.7953,2.7978,2.8083,2.8088,2.8003,2.8028,31
2026-04-08 16:11:00,2.7988,2.8003,2.7963,2.7963,2.8038,2.8053,2.8013,2.8013,30
2026-04-08 16:12:00,2.7968,2.7973,2.7923,2.7933,2.8018,2.8023,2.7973,2.7983,28
2026-04-08 16:13:00,2.7943,2.7963,2.7943,2.7963,2.7993,2.8013,2.7993,2.8013,20
2026-04-08 16:14:00,2.7973,2.7973,2.7943,2.7963,2.8023,2.8023,2.7993,2.8013,31
2026-04-08 16:15:00,2.7973,2.8003,2.7958,2.7988,2.8023,2.8053,2.8008,2.8038,23
2026-04-08 16:16:00,2.7993,2.8013,2.7983,2.8013,2.8043,2.8063,2.8033,2.8063,18
2026-04-08 16:17:00,2.8003,2.8013,2.7973,2.7978,2.8053,2.8063,2.8023,2.8028,46
2026-04-08 16:18:00,2.7983,2.8013,2.7963,2.7993,2.8033,2.8063,2.8013,2.8043,55
2026-04-08 16:19:00,2.8003,2.8063,2.7983,2.8053,2.8053,2.8113,2.8033,2.8103,92
2026-04-08 16:20:00,2.8063,2.8073,2.8018,2.8033,2.8113,2.8123,2.8068,2.8083,48
2026-04-08 16:21:00,2.8038,2.8058,2.8038,2.8043,2.8088,2.8108,2.8088,2.8093,23
2026-04-08 16:22:00,2.8048,2.8053,2.8033,2.8053,2.8098,2.8103,2.8083,2.8103,29
2026-04-08 16:23:00,2.8058,2.8073,2.8043,2.8053,2.8108,2.8123,2.8093,2.8103,26
2026-04-08 16:24:00,2.8048,2.8193,2.8048,2.8173,2.8098,2.8243,2.8098,2.8223,72
2026-04-08 16:25:00,2.8163,2.8233,2.8163,2.8223,2.8213,2.8283,2.8213,2.8273,78
2026-04-08 16:26:00,2.8218,2.8263,2.8208,2.8213,2.8268,2.8313,2.8258,2.8263,67
2026-04-08 16:27:00,2.8218,2.8223,2.8173,2.8173,2.8268,2.8273,2.8223,2.8223,26
2026-04-08 16:28:00,2.8168,2.8183,2.8153,2.8163,2.8218,2.8233,2.8203,2.8213,41
2026-04-08 16:29:00,2.8173,2.8203,2.8168,2.8173,2.8223,2.8253,2.8218,2.8223,35
2026-04-08 16:30:00,2.8168,2.8193,2.8153,2.8163,2.8218,2.8243,2.8203,2.8213,40
2026-04-08 16:31:00,2.8168,2.8223,2.8133,2.8143,2.8218,2.8273,2.8183,2.8193,70
2026-04-08 16:32:00,2.8153,2.8173,2.8133,2.8168,2.8203,2.8223,2.8183,2.8218,57
2026-04-08 16:33:00,2.8173,2.8198,2.8168,2.8173,2.8223,2.8248,2.8218,2.8223,55
2026-04-08 16:34:00,2.8178,2.8193,2.8143,2.8143,2.8228,2.8243,2.8193,2.8193,38
2026-04-08 16:35:00,2.8138,2.8208,2.8123,2.8198,2.8188,2.8258,2.8173,2.8248,44
2026-04-08 16:36:00,2.8203,2.8223,2.8163,2.8188,2.8253,2.8273,2.8213,2.8238,51
2026-04-08 16:37:00,2.8198,2.8203,2.8143,2.8158,2.8248,2.8253,2.8193,2.8208,29
2026-04-08 16:38:00,2.8153,2.8213,2.8133,2.8203,2.8203,2.8263,2.8183,2.8253,34
2026-04-08 16:39:00,2.8208,2.8233,2.8188,2.8213,2.8258,2.8283,2.8238,2.8263,28
2026-04-08 16:40:00,2.8208,2.8228,2.8203,2.8223,2.8258,2.8278,2.8253,2.8273,38
2026-04-08 16:41:00,2.8233,2.8253,2.8203,2.8233,2.8283,2.8303,2.8253,2.8283,41
2026-04-08 16:42:00,2.8243,2.8253,2.8173,2.8203,2.8293,2.8303,2.8223,2.8253,42
2026-04-08 16:43:00,2.8193,2.8233,2.8153,2.8223,2.8243,2.8283,2.8203,2.8273,61
2026-04-08 16:44:00,2.8218,2.8253,2.8213,2.8218,2.8268,2.8303,2.8263,2.8268,27
2026-04-08 16:45:00,2.8223,2.8233,2.8173,2.8203,2.8273,2.8283,2.8223,2.8253,37
2026-04-08 16:46:00,2.8208,2.8248,2.8203,2.8228,2.8258,2.8298,2.8253,2.8278,21
2026-04-08 16:47:00,2.8223,2.8253,2.8213,2.8213,2.8273,2.8303,2.8263,2.8263,37
2026-04-08 16:48:00,2.8203,2.8213,2.8158,2.8163,2.8253,2.8263,2.8208,2.8213,48
2026-04-08 16:49:00,2.8168,2.8193,2.8168,2.8173,2.8218,2.8243,2.8218,2.8223,22
2026-04-08 16:50:00,2.8163,2.8183,2.8158,2.8173,2.8213,2.8233,2.8208,2.8223,26
2026-04-08 16:51:00,2.8168,2.8203,2.8163,2.8203,2.8218,2.8253,2.8213,2.8253,36
2026-04-08 16:52:00,2.8208,2.8223,2.8173,2.8223,2.8258,2.8273,2.8223,2.8273,32
2026-04-08 16:53:00,2.8228,2.8273,2.8203,2.8213,2.8278,2.8323,2.8253,2.8263,66
2026-04-08 16:54:00,2.8203,2.8223,2.8183,2.8193,2.8253,2.8273,2.8233,2.8243,33
2026-04-08 16:55:00,2.8198,2.8273,2.8188,2.8253,2.8248,2.8323,2.8238,2.8303,43
2026-04-08 16:56:00,2.8248,2.8333,2.8248,2.8283,2.8298,2.8383,2.8298,2.8333,84
2026-04-08 16:57:00,2.8273,2.8273,2.8218,2.8218,2.8323,2.8323,2.8268,2.8268,56
2026-04-08 16:58:00,2.8208,2.8208,2.8183,2.8183,2.8258,2.8258,2.8233,2.8233,26
2026-04-08 16:59:00,2.8178,2.8213,2.8163,2.8183,2.8228,2.8263,2.8213,2.8233,33
2026-04-08 17:00:00,2.8173,2.8203,2.8173,2.8183,2.8223,2.8253,2.8223,2.8233,25
2026-04-08 17:01:00,2.8173,2.8218,2.8163,2.8173,2.8223,2.8268,2.8213,2.8223,39
2026-04-08 17:02:00,2.8163,2.8173,2.8133,2.8173,2.8213,2.8223,2.8183,2.8223,23
2026-04-08 17:03:00,2.8183,2.8183,2.8113,2.8138,2.8233,2.8233,2.8163,2.8188,33
2026-04-08 17:04:00,2.8133,2.8163,2.8133,2.8163,2.8183,2.8213,2.8183,2.8213,25
2026-04-08 17:05:00,2.8158,2.8183,2.8138,2.8173,2.8208,2.8233,2.8188,2.8223,33
2026-04-08 17:06:00,2.8168,2.8173,2.8123,2.8123,2.8218,2.8223,2.8173,2.8173,24
2026-04-08 17:07:00,2.8118,2.8143,2.8118,2.8118,2.8168,2.8193,2.8168,2.8168,15
2026-04-08 17:08:00,2.8113,2.8163,2.8113,2.8128,2.8163,2.8213,2.8163,2.8178,29
2026-04-08 17:09:00,2.8123,2.8143,2.8113,2.8123,2.8173,2.8193,2.8163,2.8173,32
2026-04-08 17:10:00,2.8118,2.8143,2.8108,2.8133,2.8168,2.8193,2.8158,2.8183,32
2026-04-08 17:11:00,2.8123,2.8143,2.8093,2.8098,2.8173,2.8193,2.8143,2.8148,35
2026-04-08 17:12:00,2.8103,2.8123,2.8093,2.8098,2.8153,2.8173,2.8143,2.8148,30
2026-04-08 17:13:00,2.8103,2.8103,2.8073,2.8083,2.8153,2.8153,2.8123,2.8133,31
2026-04-08 17:14:00,2.8088,2.8103,2.8088,2.8098,2.8138,2.8153,2.8138,2.8148,27
2026-04-08 17:15:00,2.8093,2.8103,2.8083,2.8088,2.8143,2.8153,2.8133,2.8138,18
2026-04-08 17:16:00,2.8093,2.8093,2.8083,2.8083,2.8143,2.8143,2.8133,2.8133,8
2026-04-08 17:17:00,2.8088,2.8103,2.8073,2.8103,2.8138,2.8153,2.8123,2.8153,16
2026-04-08 17:18:00,2.8093,2.8123,2.8093,2.8108,2.8143,2.8173,2.8143,2.8158,19
2026-04-08 17:19:00,2.8093,2.8113,2.8073,2.8083,2.8143,2.8163,2.8123,2.8133,24
2026-04-08 17:20:00,2.8078,2.8098,2.8063,2.8073,2.8128,2.8148,2.8113,2.8123,34
2026-04-08 17:21:00,2.8068,2.8073,2.8063,2.8068,2.8118,2.8123,2.8113,2.8118,26
2026-04-08 17:22:00,2.8073,2.8083,2.8063,2.8063,2.8123,2.8133,2.8113,2.8113,12
2026-04-08 17:23:00,2.8053,2.8073,2.8053,2.8063,2.8103,2.8123,2.8103,2.8113,14
2026-04-08 17:24:00,2.8073,2.8083,2.8073,2.8083,2.8123,2.8133,2.8123,2.8133,14
2026-04-08 17:25:00,2.8093,2.8113,2.8083,2.8103,2.8143,2.8163,2.8133,2.8153,31
2026-04-08 17:26:00,2.8093,2.8118,2.8093,2.8093,2.8143,2.8168,2.8143,2.8143,12
2026-04-08 17:27:00,2.8098,2.8123,2.8083,2.8113,2.8148,2.8173,2.8133,2.8163,21
2026-04-08 17:28:00,2.8103,2.8118,2.8103,2.8113,2.8153,2.8168,2.8153,2.8163,27
2026-04-08 17:29:00,2.8118,2.8143,2.8113,2.8138,2.8168,2.8193,2.8163,2.8188,29
2026-04-08 17:30:00,2.8133,2.8133,2.8108,2.8123,2.8183,2.8183,2.8158,2.8173,36
2026-04-08 17:31:00,2.8128,2.8163,2.8123,2.8163,2.8178,2.8213,2.8173,2.8213,28
2026-04-08 17:32:00,2.8168,2.8183,2.8123,2.8123,2.8218,2.8233,2.8173,2.8173,25
2026-04-08 17:33:00,2.8133,2.8143,2.8118,2.8133,2.8183,2.8193,2.8168,2.8183,29
2026-04-08 17:34:00,2.8123,2.8143,2.8118,2.8123,2.8173,2.8193,2.8168,2.8173,9
2026-04-08 17:35:00,2.8113,2.8163,2.8113,2.8163,2.8163,2.8213,2.8163,2.8213,23
2026-04-08 17:36:00,2.8153,2.8153,2.8123,2.8123,2.8203,2.8203,2.8173,2.8173,10
2026-04-08 17:37:00,2.8128,2.8143,2.8123,2.8123,2.8178,2.8193,2.8173,2.8173,10
2026-04-08 17:38:00,2.8113,2.8143,2.8113,2.8133,2.8163,2.8193,2.8163,2.8183,22
2026-04-08 17:39:00,2.8138,2.8143,2.8123,2.8133,2.8188,2.8193,2.8173,2.8183,8
2026-04-08 17:40:00,2.8138,2.8163,2.8138,2.8153,2.8188,2.8213,2.8188,2.8203,14
2026-04-08 17:41:00,2.8143,2.8163,2.8113,2.8113,2.8193,2.8213,2.8163,2.8163,20
2026-04-08 17:42:00,2.8108,2.8123,2.8098,2.8098,2.8158,2.8173,2.8148,2.8148,9
2026-04-08 17:43:00,2.8103,2.8133,2.8093,2.8133,2.8153,2.8183,2.8143,2.8183,24
2026-04-08 17:44:00,2.8143,2.8143,2.8103,2.8108,2.8193,2.8193,2.8153,2.8158,16
2026-04-08 17:45:00,2.8103,2.8133,2.8103,2.8123,2.8153,2.8183,2.8153,2.8173,13
2026-04-08 17:46:00,2.8113,2.8123,2.8103,2.8123,2.8163,2.8173,2.8153,2.8173,28
2026-04-08 17:47:00,2.8118,2.8118,2.8103,2.8113,2.8168,2.8168,2.8153,2.8163,12
2026-04-08 17:48:00,2.8103,2.8143,2.8103,2.8133,2.8153,2.8193,2.8153,2.8183,22
2026-04-08 17:49:00,2.8143,2.8153,2.8103,2.8108,2.8193,2.8203,2.8153,2.8158,28
2026-04-08 17:50:00,2.8103,2.8103,2.8053,2.8063,2.8153,2.8153,2.8103,2.8113,29
2026-04-08 17:51:00,2.8073,2.8073,2.8053,2.8068,2.8123,2.8123,2.8103,2.8118,19
2026-04-08 17:52:00,2.8073,2.8083,2.8053,2.8073,2.8123,2.8133,2.8103,2.8123,12
2026-04-08 17:53:00,2.8078,2.8078,2.8063,2.8073,2.8128,2.8128,2.8113,2.8123,11
2026-04-08 17:54:00,2.8063,2.8073,2.8063,2.8073,2.8113,2.8123,2.8113,2.8123,8
2026-04-08 17:55:00,2.8063,2.8083,2.8053,2.8083,2.8113,2.8133,2.8103,2.8133,16
2026-04-08 17:56:00,2.8078,2.8083,2.8073,2.8083,2.8128,2.8133,2.8123,2.8133,11
2026-04-08 17:57:00,2.8073,2.8103,2.8073,2.8083,2.8123,2.8153,2.8123,2.8133,12
2026-04-08 17:58:00,2.8078,2.8088,2.8073,2.8083,2.8128,2.8138,2.8123,2.8133,11
2026-04-08 17:59:00,2.8073,2.8088,2.8073,2.8083,2.8123,2.8138,2.8123,2.8133,19
2026-04-08 18:00:00,2.8088,2.8088,2.8043,2.8053,2.8138,2.8138,2.8093,2.8103,46
2026-04-08 18:01:00,2.8063,2.8063,2.8028,2.8033,2.8113,2.8113,2.8078,2.8083,32
2026-04-08 18:02:00,2.8013,2.8033,2.7993,2.7993,2.8063,2.8083,2.8043,2.8043,25
2026-04-08 18:03:00,2.8003,2.8003,2.7983,2.7988,2.8053,2.8053,2.8033,2.8038,19
2026-04-08 18:04:00,2.7993,2.8013,2.7983,2.8003,2.8043,2.8063,2.8033,2.8053,19
2026-04-08 18:05:00,2.7998,2.8008,2.7963,2.7983,2.8048,2.8058,2.8013,2.8033,32
2026-04-08 18:06:00,2.7988,2.8013,2.7983,2.8003,2.8038,2.8063,2.8033,2.8053,22
2026-04-08 18:07:00,2.7998,2.7998,2.7963,2.7973,2.8048,2.8048,2.8013,2.8023,16
2026-04-08 18:08:00,2.7968,2.7983,2.7943,2.7943,2.8018,2.8033,2.7993,2.7993,32
2026-04-08 18:09:00,2.7953,2.7963,2.7933,2.7953,2.8003,2.8013,2.7983,2.8003,48
2026-04-08 18:10:00,2.7948,2.7973,2.7943,2.7973,2.7998,2.8023,2.7993,2.8023,12
2026-04-08 18:11:00,2.7968,2.8003,2.7963,2.7993,2.8018,2.8053,2.8013,2.8043,17
2026-04-08 18:12:00,2.7983,2.8003,2.7973,2.8003,2.8033,2.8053,2.8023,2.8053,25
2026-04-08 18:13:00,2.8008,2.8008,2.7973,2.7973,2.8058,2.8058,2.8023,2.8023,34
2026-04-08 18:14:00,2.7978,2.8018,2.7978,2.8003,2.8028,2.8068,2.8028,2.8053,27
2026-04-08 18:15:00,2.7993,2.8008,2.7973,2.7993,2.8043,2.8058,2.8023,2.8043,42
2026-04-08 18:16:00,2.7988,2.7993,2.7973,2.7988,2.8038,2.8043,2.8023,2.8038,16
2026-04-08 18:17:00,2.7983,2.8003,2.7973,2.7983,2.8033,2.8053,2.8023,2.8033,30
2026-04-08 18:18:00,2.7993,2.8003,2.7983,2.7993,2.8043,2.8053,2.8033,2.8043,27
2026-04-08 18:19:00,2.7988,2.8013,2.7983,2.7988,2.8038,2.8063,2.8033,2.8038,29
2026-04-08 18:20:00,2.7983,2.8013,2.7973,2.8008,2.8033,2.8063,2.8023,2.8058,13
2026-04-08 18:21:00,2.8003,2.8013,2.7978,2.7983,2.8053,2.8063,2.8028,2.8033,15
2026-04-08 18:22:00,2.7988,2.8013,2.7988,2.8003,2.8038,2.8063,2.8038,2.8053,9
2026-04-08 18:23:00,2.7998,2.8003,2.7973,2.7978,2.8048,2.8053,2.8023,2.8028,26
2026-04-08 18:24:00,2.7973,2.7983,2.7973,2.7973,2.8023,2.8033,2.8023,2.8023,10
2026-04-08 18:25:00,2.7978,2.7983,2.7933,2.7943,2.8028,2.8033,2.7983,2.7993,25
2026-04-08 18:26:00,2.7948,2.7948,2.7913,2.7923,2.7998,2.7998,2.7963,2.7973,28
2026-04-08 18:27:00,2.7928,2.7948,2.7923,2.7943,2.7978,2.7998,2.7973,2.7993,18
2026-04-08 18:28:00,2.7923,2.7943,2.7908,2.7908,2.7973,2.7993,2.7958,2.7958,18
2026-04-08 18:29:00,2.7923,2.7923,2.7893,2.7898,2.7973,2.7973,2.7943,2.7948,40
2026-04-08 18:30:00,2.7908,2.7913,2.7893,2.7908,2.7958,2.7963,2.7943,2.7958,26
2026-04-08 18:31:00,2.7903,2.7903,2.7893,2.7903,2.7953,2.7953,2.7943,2.7953,10
2026-04-08 18:32:00,2.7898,2.7913,2.7893,2.7898,2.7948,2.7963,2.7943,2.7948,12
2026-04-08 18:33:00,2.7903,2.7913,2.7873,2.7883,2.7953,2.7963,2.7923,2.7933,18
2026-04-08 18:34:00,2.7893,2.7908,2.7883,2.7893,2.7943,2.7958,2.7933,2.7943,8
2026-04-08 18:35:00,2.7888,2.7893,2.7883,2.7883,2.7938,2.7943,2.7933,2.7933,16
2026-04-08 18:36:00,2.7888,2.7953,2.7888,2.7933,2.7938,2.8003,2.7938,2.7983,25
2026-04-08 18:37:00,2.7923,2.7943,2.7923,2.7933,2.7973,2.7993,2.7973,2.7983,7
2026-04-08 18:38:00,2.7928,2.7943,2.7913,2.7933,2.7978,2.7993,2.7963,2.7983,18
2026-04-08 18:39:00,2.7928,2.7933,2.7898,2.7898,2.7978,2.7983,2.7948,2.7948,20
2026-04-08 18:40:00,2.7893,2.7893,2.7848,2.7853,2.7943,2.7943,2.7898,2.7903,32
2026-04-08 18:41:00,2.7843,2.7843,2.7813,2.7823,2.7893,2.7893,2.7863,2.7873,18
2026-04-08 18:42:00,2.7813,2.7853,2.7803,2.7853,2.7863,2.7903,2.7853,2.7903,23
2026-04-08 18:43:00,2.7843,2.7853,2.7833,2.7843,2.7893,2.7903,2.7883,2.7893,16
2026-04-08 18:44:00,2.7853,2.7863,2.7843,2.7858,2.7903,2.7913,2.7893,2.7908,8
2026-04-08 18:45:00,2.7863,2.7863,2.7843,2.7848,2.7913,2.7913,2.7893,2.7898,35
2026-04-08 18:46:00,2.7853,2.7853,2.7823,2.7833,2.7903,2.7903,2.7873,2.7883,21
2026-04-08 18:47:00,2.7838,2.7848,2.7833,2.7843,2.7888,2.7898,2.7883,2.7893,8
2026-04-08 18:48:00,2.7833,2.7833,2.7803,2.7818,2.7883,2.7883,2.7853,2.7868,16
2026-04-08 18:49:00,2.7808,2.7823,2.7803,2.7818,2.7858,2.7873,2.7853,2.7868,11
2026-04-08 18:50:00,2.7813,2.7848,2.7813,2.7848,2.7863,2.7898,2.7863,2.7898,13
2026-04-08 18:51:00,2.7843,2.7853,2.7833,2.7833,2.7893,2.7903,2.7883,2.7883,17
2026-04-08 18:52:00,2.7843,2.7843,2.7818,2.7818,2.7893,2.7893,2.7868,2.7868,9
2026-04-08 18:53:00,2.7823,2.7833,2.7803,2.7813,2.7873,2.7883,2.7853,2.7863,25
2026-04-08 18:54:00,2.7803,2.7833,2.7803,2.7803,2.7853,2.7883,2.7853,2.7853,16
2026-04-08 18:55:00,2.7798,2.7823,2.7793,2.7823,2.7848,2.7873,2.7843,2.7873,13
2026-04-08 18:56:00,2.7818,2.7823,2.7803,2.7808,2.7868,2.7873,2.7853,2.7858,15
2026-04-08 18:57:00,2.7813,2.7818,2.7803,2.7813,2.7863,2.7868,2.7853,2.7863,15
2026-04-08 18:58:00,2.7808,2.7813,2.7793,2.7793,2.7858,2.7863,2.7843,2.7843,17
2026-04-08 18:59:00,2.7783,2.7803,2.7783,2.7803,2.7833,2.7853,2.7833,2.7853,14
2026-04-08 19:00:00,2.7793,2.7803,2.7783,2.7783,2.7843,2.7853,2.7833,2.7833,14
2026-04-08 19:01:00,2.7778,2.7783,2.7753,2.7763,2.7828,2.7833,2.7803,2.7813,21
2026-04-08 19:02:00,2.7758,2.7768,2.7723,2.7763,2.7808,2.7818,2.7773,2.7813,18
2026-04-08 19:03:00,2.7758,2.7763,2.7753,2.7763,2.7808,2.7813,2.7803,2.7813,10
2026-04-08 19:04:00,2.7768,2.7793,2.7768,2.7773,2.7818,2.7843,2.7818,2.7823,8
2026-04-08 19:05:00,2.7783,2.7783,2.7763,2.7763,2.7833,2.7833,2.7813,2.7813,9
2026-04-08 19:06:00,2.7753,2.7763,2.7743,2.7753,2.7803,2.7813,2.7793,2.7803,9
2026-04-08 19:07:00,2.7748,2.7773,2.7733,2.7763,2.7798,2.7823,2.7783,2.7813,58
2026-04-08 19:08:00,2.7758,2.7768,2.7713,2.7723,2.7808,2.7818,2.7763,2.7773,29
2026-04-08 19:09:00,2.7713,2.7733,2.7693,2.7733,2.7763,2.7783,2.7743,2.7783,46
2026-04-08 19:10:00,2.7723,2.7743,2.7703,2.7743,2.7773,2.7793,2.7753,2.7793,34
2026-04-08 19:11:00,2.7733,2.7743,2.7723,2.7723,2.7783,2.7793,2.7773,2.7773,11
2026-04-08 19:12:00,2.7733,2.7733,2.7703,2.7718,2.7783,2.7783,2.7753,2.7768,16
2026-04-08 19:13:00,2.7723,2.7743,2.7713,2.7743,2.7773,2.7793,2.7763,2.7793,7
2026-04-08 19:14:00,2.7738,2.7743,2.7723,2.7743,2.7788,2.7793,2.7773,2.7793,11
2026-04-08 19:15:00,2.7738,2.7738,2.7723,2.7733,2.7788,2.7788,2.7773,2.7783,7
2026-04-08 19:16:00,2.7723,2.7723,2.7693,2.7703,2.7773,2.7773,2.7743,2.7753,20
2026-04-08 19:17:00,2.7698,2.7703,2.7688,2.7688,2.7748,2.7753,2.7738,2.7738,19
2026-04-08 19:18:00,2.7693,2.7693,2.7643,2.7643,2.7743,2.7743,2.7693,2.7693,22
2026-04-08 19:19:00,2.7653,2.7663,2.7643,2.7663,2.7703,2.7713,2.7693,2.7713,14
2026-04-08 19:20:00,2.7658,2.7713,2.7658,2.7713,2.7708,2.7763,2.7708,2.7763,24
2026-04-08 19:21:00,2.7708,2.7723,2.7678,2.7678,2.7758,2.7773,2.7728,2.7728,29
2026-04-08 19:22:00,2.7673,2.7713,2.7673,2.7713,2.7723,2.7763,2.7723,2.7763,29
2026-04-08 19:23:00,2.7723,2.7783,2.7713,2.7753,2.7773,2.7833,2.7763,2.7803,28
2026-04-08 19:24:00,2.7763,2.7763,2.7743,2.7753,2.7813,2.7813,2.7793,2.7803,15
2026-04-08 19:25:00,2.7758,2.7813,2.7753,2.7793,2.7808,2.7863,2.7803,2.7843,51
2026-04-08 19:26:00,2.7788,2.7853,2.7783,2.7833,2.7838,2.7903,2.7833,2.7883,43
2026-04-08 19:27:00,2.7843,2.7853,2.7828,2.7848,2.7893,2.7903,2.7878,2.7898,28
2026-04-08 19:28:00,2.7853,2.7858,2.7773,2.7773,2.7903,2.7908,2.7823,2.7823,30
2026-04-08 19:29:00,2.7763,2.7793,2.7763,2.7773,2.7813,2.7843,2.7813,2.7823,16
2026-04-08 19:30:00,2.7778,2.7803,2.7778,2.7793,2.7828,2.7853,2.7828,2.7843,19
2026-04-08 19:31:00,2.7783,2.7803,2.7753,2.7758,2.7833,2.7853,2.7803,2.7808,34
2026-04-08 19:32:00,2.7763,2.7763,2.7733,2.7733,2.7813,2.7813,2.7783,2.7783,24
2026-04-08 19:33:00,2.7738,2.7763,2.7733,2.7753,2.7788,2.7813,2.7783,2.7803,24
2026-04-08 19:34:00,2.7763,2.7763,2.7743,2.7743,2.7813,2.7813,2.7793,2.7793,17
2026-04-08 19:35:00,2.7733,2.7753,2.7713,2.7728,2.7783,2.7803,2.7763,2.7778,29
2026-04-08 19:36:00,2.7733,2.7733,2.7713,2.7713,2.7783,2.7783,2.7763,2.7763,12
2026-04-08 19:37:00,2.7708,2.7798,2.7703,2.7768,2.7758,2.7848,2.7753,2.7818,62
2026-04-08 19:38:00,2.7763,2.7783,2.7733,2.7743,2.7813,2.7833,2.7783,2.7793,33
2026-04-08 19:39:00,2.7753,2.7763,2.7723,2.7723,2.7803,2.7813,2.7773,2.7773,22
2026-04-08 19:40:00,2.7733,2.7743,2.7713,2.7733,2.7783,2.7793,2.7763,2.7783,17
2026-04-08 19:41:00,2.7728,2.7733,2.7693,2.7703,2.7778,2.7783,2.7743,2.7753,34
2026-04-08 19:42:00,2.7698,2.7703,2.7683,2.7693,2.7748,2.7753,2.7733,2.7743,24
2026-04-08 19:43:00,2.7683,2.7693,2.7658,2.7658,2.7733,2.7743,2.7708,2.7708,24
2026-04-08 19:44:00,2.7668,2.7668,2.7658,2.7658,2.7718,2.7718,2.7708,2.7708,23
2026-04-08 19:45:00,2.7653,2.7693,2.7653,2.7693,2.7703,2.7743,2.7703,2.7743,17
2026-04-08 19:46:00,2.7703,2.7713,2.7673,2.7713,2.7753,2.7763,2.7723,2.7763,16
2026-04-08 19:47:00,2.7708,2.7708,2.7693,2.7693,2.7758,2.7758,2.7743,2.7743,17
2026-04-08 19:48:00,2.7688,2.7703,2.7688,2.7688,2.7738,2.7753,2.7738,2.7738,9
2026-04-08 19:49:00,2.7693,2.7698,2.7673,2.7683,2.7743,2.7748,2.7723,2.7733,17
2026-04-08 19:50:00,2.7673,2.7693,2.7673,2.7693,2.7723,2.7743,2.7723,2.7743,16
2026-04-08 19:51:00,2.7688,2.7693,2.7678,2.7683,2.7738,2.7743,2.7728,2.7733,10
2026-04-08 19:52:00,2.7688,2.7713,2.7688,2.7688,2.7738,2.7763,2.7738,2.7738,14
2026-04-08 19:53:00,2.7693,2.7703,2.7683,2.7693,2.7743,2.7753,2.7733,2.7743,8
2026-04-08 19:54:00,2.7703,2.7723,2.7703,2.7718,2.7753,2.7773,2.7753,2.7768,10
2026-04-08 19:55:00,2.7713,2.7723,2.7713,2.7723,2.7763,2.7773,2.7763,2.7773,15
2026-04-08 19:56:00,2.7718,2.7733,2.7693,2.7698,2.7768,2.7783,2.7743,2.7748,27
2026-04-08 19:57:00,2.7703,2.7713,2.7693,2.7703,2.7753,2.7763,2.7743,2.7753,15
2026-04-08 19:58:00,2.7698,2.7713,2.7683,2.7703,2.7748,2.7763,2.7733,2.7753,20
2026-04-08 19:59:00,2.7698,2.7713,2.7698,2.7703,2.7748,2.7763,2.7748,2.7753,8
2026-04-08 20:00:00,2.7708,2.7733,2.7688,2.7703,2.7758,2.7783,2.7738,2.7753,34
2026-04-08 20:01:00,2.7698,2.7703,2.7673,2.7683,2.7748,2.7753,2.7723,2.7733,12
2026-04-08 20:02:00,2.7688,2.7698,2.7673,2.7673,2.7738,2.7748,2.7723,2.7723,18
2026-04-08 20:03:00,2.7678,2.7703,2.7678,2.7688,2.7728,2.7753,2.7728,2.7738,21
2026-04-08 20:04:00,2.7703,2.7728,2.7693,2.7693,2.7753,2.7778,2.7743,2.7743,20
2026-04-08 20:05:00,2.7703,2.7763,2.7693,2.7748,2.7753,2.7813,2.7743,2.7798,39
2026-04-08 20:06:00,2.7743,2.7743,2.7713,2.7713,2.7793,2.7793,2.7763,2.7763,27
2026-04-08 20:07:00,2.7708,2.7708,2.7688,2.7693,2.7758,2.7758,2.7738,2.7743,16
2026-04-08 20:08:00,2.7698,2.7733,2.7693,2.7723,2.7748,2.7783,2.7743,2.7773,18
2026-04-08 20:09:00,2.7733,2.7743,2.7713,2.7733,2.7783,2.7793,2.7763,2.7783,13
2026-04-08 20:10:00,2.7728,2.7763,2.7723,2.7738,2.7778,2.7813,2.7773,2.7788,21
2026-04-08 20:11:00,2.7743,2.7763,2.7733,2.7738,2.7793,2.7813,2.7783,2.7788,15
2026-04-08 20:12:00,2.7743,2.7773,2.7733,2.7753,2.7793,2.7823,2.7783,2.7803,42
2026-04-08 20:13:00,2.7758,2.7793,2.7753,2.7783,2.7808,2.7843,2.7803,2.7833,65
2026-04-08 20:14:00,2.7788,2.7793,2.7773,2.7783,2.7838,2.7843,2.7823,2.7833,28
2026-04-08 20:15:00,2.7773,2.7793,2.7763,2.7793,2.7823,2.7843,2.7813,2.7843,36
2026-04-08 20:16:00,2.7803,2.7813,2.7773,2.7783,2.7853,2.7863,2.7823,2.7833,22
2026-04-08 20:17:00,2.7778,2.7803,2.7758,2.7798,2.7828,2.7853,2.7808,2.7848,25
2026-04-08 20:18:00,2.7793,2.7863,2.7793,2.7833,2.7843,2.7913,2.7843,2.7883,79
2026-04-08 20:19:00,2.7843,2.7863,2.7823,2.7828,2.7893,2.7913,2.7873,2.7878,48
2026-04-08 20:20:00,2.7838,2.7863,2.7813,2.7853,2.7888,2.7913,2.7863,2.7903,67
2026-04-08 20:21:00,2.7863,2.7883,2.7843,2.7873,2.7913,2.7933,2.7893,2.7923,74
2026-04-08 20:22:00,2.7868,2.7913,2.7863,2.7903,2.7918,2.7963,2.7913,2.7953,65
2026-04-08 20:23:00,2.7893,2.7938,2.7873,2.7923,2.7943,2.7988,2.7923,2.7973,46
2026-04-08 20:24:00,2.7933,2.7983,2.7933,2.7973,2.7983,2.8033,2.7983,2.8023,40
2026-04-08 20:25:00,2.7968,2.8013,2.7963,2.7978,2.8018,2.8063,2.8013,2.8028,64
2026-04-08 20:26:00,2.7973,2.7978,2.7873,2.7893,2.8023,2.8028,2.7923,2.7943,42
2026-04-08 20:27:00,2.7888,2.7903,2.7858,2.7873,2.7938,2.7953,2.7908,2.7923,92
2026-04-08 20:28:00,2.7883,2.7943,2.7828,2.7883,2.7933,2.7993,2.7878,2.7933,187
2026-04-08 20:29:00,2.7893,2.7893,2.7803,2.7823,2.7943,2.7943,2.7853,2.7873,130
2026-04-08 20:30:00,2.7828,2.7853,2.7823,2.7833,2.7878,2.7903,2.7873,2.7883,57
2026-04-08 20:31:00,2.7828,2.7833,2.7803,2.7813,2.7878,2.7883,2.7853,2.7863,41
2026-04-08 20:32:00,2.7818,2.7833,2.7788,2.7813,2.7868,2.7883,2.7838,2.7863,32
2026-04-08 20:33:00,2.7823,2.7833,2.7818,2.7833,2.7873,2.7883,2.7868,2.7883,11
2026-04-08 20:34:00,2.7823,2.7843,2.7813,2.7838,2.7873,2.7893,2.7863,2.7888,16
2026-04-08 20:35:00,2.7833,2.7843,2.7823,2.7843,2.7883,2.7893,2.7873,2.7893,9
2026-04-08 20:36:00,2.7853,2.7853,2.7833,2.7843,2.7903,2.7903,2.7883,2.7893,11
2026-04-08 20:37:00,2.7838,2.7838,2.7823,2.7833,2.7888,2.7888,2.7873,2.7883,11
2026-04-08 20:38:00,2.7823,2.7833,2.7823,2.7828,2.7873,2.7883,2.7873,2.7878,6
2026-04-08 20:39:00,2.7833,2.7843,2.7803,2.7823,2.7883,2.7893,2.7853,2.7873,15
2026-04-08 20:40:00,2.7818,2.7833,2.7818,2.7833,2.7868,2.7883,2.7868,2.7883,5
2026-04-08 20:41:00,2.7843,2.7843,2.7843,2.7843,2.7893,2.7893,2.7893,2.7893,1
2026-04-08 20:42:00,2.7853,2.7863,2.7853,2.7863,2.7903,2.7913,2.7903,2.7913,15
2026-04-08 20:43:00,2.7868,2.7868,2.7843,2.7853,2.7918,2.7918,2.7893,2.7903,10
2026-04-08 20:44:00,2.7848,2.7853,2.7843,2.7843,2.7898,2.7903,2.7893,2.7893,5
2026-04-08 20:45:00,2.7848,2.7858,2.7848,2.7853,2.7898,2.7908,2.7898,2.7903,4
2026-04-08 20:46:00,2.7843,2.7853,2.7833,2.7853,2.7893,2.7903,2.7883,2.7903,4
2026-04-08 20:47:00,2.7858,2.7863,2.7843,2.7848,2.7908,2.7913,2.7893,2.7898,16
2026-04-08 20:48:00,2.7853,2.7853,2.7833,2.7843,2.7903,2.7903,2.7883,2.7893,15
2026-04-08 20:49:00,2.7853,2.7858,2.7853,2.7853,2.7903,2.7908,2.7903,2.7903,5
2026-04-08 20:50:00,2.7858,2.7873,2.7843,2.7853,2.7908,2.7923,2.7893,2.7903,22
2026-04-08 20:51:00,2.7863,2.7873,2.7853,2.7863,2.7913,2.7923,2.7903,2.7913,15
2026-04-08 20:52:00,2.7873,2.7883,2.7863,2.7873,2.7923,2.7933,2.7913,2.7923,14
2026-04-08 20:53:00,2.7883,2.7903,2.7853,2.7903,2.7933,2.7953,2.7903,2.7953,21
2026-04-08 20:54:00,2.7898,2.7953,2.7898,2.7933,2.7948,2.8003,2.7948,2.7983,43
2026-04-08 20:55:00,2.7943,2.7953,2.7943,2.7953,2.7993,2.8003,2.7993,2.8003,4
2026-04-08 20:56:00,2.7938,2.7943,2.7903,2.7903,2.7988,2.7993,2.7953,2.7953,14
2026-04-08 20:57:00,2.7908,2.7933,2.7908,2.7913,2.7958,2.7983,2.7958,2.7963,11
2026-04-08 20:58:00,2.7918,2.7923,2.7913,2.7923,2.7968,2.7973,2.7963,2.7973,9
2026-04-08 20:59:00,2.7918,2.7933,2.7913,2.7913,2.7968,2.7983,2.7963,2.7963,15
2026-04-08 21:00:00,2.7918,2.7933,2.7908,2.7923,2.7968,2.7983,2.7958,2.7973,14
2026-04-08 21:01:00,2.7918,2.7933,2.7903,2.7928,2.7968,2.7983,2.7953,2.7978,17
2026-04-08 21:02:00,2.7923,2.7933,2.7923,2.7933,2.7973,2.7983,2.7973,2.7983,6
2026-04-08 21:03:00,2.7943,2.7953,2.7923,2.7923,2.7993,2.8003,2.7973,2.7973,11
2026-04-08 21:04:00,2.7918,2.7953,2.7913,2.7933,2.7968,2.8003,2.7963,2.7983,15
2026-04-08 21:05:00,2.7938,2.7943,2.7933,2.7943,2.7988,2.7993,2.7983,2.7993,3
2026-04-08 21:06:00,2.7953,2.7963,2.7953,2.7963,2.8003,2.8013,2.8003,2.8013,5
2026-04-08 21:07:00,2.7973,2.7983,2.7953,2.7953,2.8023,2.8033,2.8003,2.8003,11
2026-04-08 21:08:00,2.7963,2.7963,2.7953,2.7958,2.8013,2.8013,2.8003,2.8008,4
2026-04-08 21:09:00,2.7963,2.7963,2.7953,2.7958,2.8013,2.8013,2.8003,2.8008,9
2026-04-08 21:10:00,2.7963,2.7963,2.7943,2.7953,2.8013,2.8013,2.7993,2.8003,10
2026-04-08 21:11:00,2.7958,2.7958,2.7933,2.7933,2.8008,2.8008,2.7983,2.7983,20
2026-04-08 21:12:00,2.7943,2.7943,2.7923,2.7923,2.7993,2.7993,2.7973,2.7973,8
2026-04-08 21:13:00,2.7913,2.7923,2.7903,2.7903,2.7963,2.7973,2.7953,2.7953,9
2026-04-08 21:14:00,2.7898,2.7903,2.7898,2.7898,2.7948,2.7953,2.7948,2.7948,3
2026-04-08 21:15:00,2.7903,2.7913,2.7893,2.7893,2.7953,2.7963,2.7943,2.7943,16
2026-04-08 21:16:00,2.7888,2.7943,2.7888,2.7923,2.7938,2.7993,2.7938,2.7973,23
2026-04-08 21:17:00,2.7928,2.7963,2.7913,2.7963,2.7978,2.8013,2.7963,2.8013,19
2026-04-08 21:18:00,2.7953,2.7953,2.7943,2.7953,2.8003,2.8003,2.7993,2.8003,8
2026-04-08 21:19:00,2.7958,2.7963,2.7948,2.7953,2.8008,2.8013,2.7998,2.8003,12
2026-04-08 21:20:00,2.7958,2.7963,2.7953,2.7958,2.8008,2.8013,2.8003,2.8008,7
2026-04-08 21:21:00,2.7953,2.7963,2.7953,2.7953,2.8003,2.8013,2.8003,2.8003,5
2026-04-08 21:22:00,2.7948,2.7973,2.7948,2.7963,2.7998,2.8023,2.7998,2.8013,9
2026-04-08 21:23:00,2.7973,2.7983,2.7963,2.7963,2.8023,2.8033,2.8013,2.8013,19
2026-04-08 21:24:00,2.7973,2.7988,2.7968,2.7988,2.8023,2.8038,2.8018,2.8038,10
2026-04-08 21:25:00,2.7983,2.7983,2.7958,2.7973,2.8033,2.8033,2.8008,2.8023,15
2026-04-08 21:26:00,2.7963,2.7963,2.7953,2.7963,2.8013,2.8013,2.8003,2.8013,7
2026-04-08 21:27:00,2.7958,2.7973,2.7953,2.7958,2.8008,2.8023,2.8003,2.8008,12
2026-04-08 21:28:00,2.7973,2.7983,2.7973,2.7983,2.8023,2.8033,2.8023,2.8033,3
2026-04-08 21:29:00,2.7978,2.7983,2.7973,2.7978,2.8028,2.8033,2.8023,2.8028,11
2026-04-08 21:30:00,2.7973,2.7978,2.7953,2.7963,2.8023,2.8028,2.8003,2.8013,19
2026-04-08 21:31:00,2.7948,2.7953,2.7933,2.7943,2.7998,2.8003,2.7983,2.7993,20
2026-04-08 21:32:00,2.7938,2.7938,2.7918,2.7923,2.7988,2.7988,2.7968,2.7973,10
2026-04-08 21:33:00,2.7933,2.7933,2.7923,2.7923,2.7983,2.7983,2.7973,2.7973,8
2026-04-08 21:34:00,2.7928,2.7928,2.7918,2.7923,2.7978,2.7978,2.7968,2.7973,14
2026-04-08 21:35:00,2.7928,2.7938,2.7903,2.7933,2.7978,2.7988,2.7953,2.7983,39
2026-04-08 21:36:00,2.7928,2.7928,2.7903,2.7908,2.7978,2.7978,2.7953,2.7958,18
2026-04-08 21:37:00,2.7903,2.7923,2.7903,2.7923,2.7953,2.7973,2.7953,2.7973,6
2026-04-08 21:38:00,2.7928,2.7953,2.7913,2.7948,2.7978,2.8003,2.7963,2.7998,20
2026-04-08 21:39:00,2.7953,2.7953,2.7938,2.7943,2.8003,2.8003,2.7988,2.7993,7
2026-04-08 21:40:00,2.7938,2.7943,2.7938,2.7943,2.7988,2.7993,2.7988,2.7993,2
2026-04-08 21:41:00,2.7953,2.7958,2.7948,2.7958,2.8003,2.8008,2.7998,2.8008,4
2026-04-08 21:42:00,2.7963,2.7973,2.7953,2.7953,2.8013,2.8023,2.8003,2.8003,12
2026-04-08 21:43:00,2.7948,2.7953,2.7948,2.7953,2.7998,2.8003,2.7998,2.8003,4
2026-04-08 21:44:00,2.7948,2.7963,2.7948,2.7958,2.7998,2.8013,2.7998,2.8008,11
2026-04-08 21:45:00,2.7948,2.7953,2.7943,2.7943,2.7998,2.8003,2.7993,2.7993,16
2026-04-08 21:46:00,2.7938,2.7953,2.7938,2.7943,2.7988,2.8003,2.7988,2.7993,8
2026-04-08 21:47:00,2.7953,2.7953,2.7943,2.7948,2.8003,2.8003,2.7993,2.7998,6
2026-04-08 21:48:00,2.7943,2.7953,2.7933,2.7953,2.7993,2.8003,2.7983,2.8003,10
2026-04-08 21:49:00,2.7948,2.7948,2.7943,2.7943,2.7998,2.7998,2.7993,2.7993,2
2026-04-08 21:50:00,2.7938,2.7953,2.7938,2.7948,2.7988,2.8003,2.7988,2.7998,23
2026-04-08 21:51:00,2.7943,2.7953,2.7943,2.7943,2.7993,2.8003,2.7993,2.7993,7
2026-04-08 21:52:00,2.7933,2.7933,2.7933,2.7933,2.7983,2.7983,2.7983,2.7983,1
2026-04-08 21:53:00,2.7938,2.7953,2.7938,2.7948,2.7988,2.8003,2.7988,2.7998,6
2026-04-08 21:54:00,2.7943,2.7953,2.7943,2.7948,2.7993,2.8003,2.7993,2.7998,13
2026-04-08 21:55:00,2.7943,2.7953,2.7938,2.7943,2.7993,2.8003,2.7988,2.7993,7
2026-04-08 21:56:00,2.7938,2.7953,2.7933,2.7933,2.7988,2.8003,2.7983,2.7983,15
2026-04-08 21:57:00,2.7938,2.7943,2.7933,2.7943,2.7988,2.7993,2.7983,2.7993,14
2026-04-08 21:58:00,2.7948,2.7983,2.7948,2.7953,2.7998,2.8033,2.7998,2.8003,16
2026-04-08 21:59:00,2.7963,2.7963,2.7943,2.7953,2.8013,2.8013,2.7993,2.8003,17
2026-04-08 22:00:00,2.7958,2.7958,2.7943,2.7943,2.8008,2.8008,2.7993,2.7993,10
2026-04-08 22:01:00,2.7933,2.7943,2.7913,2.7943,2.7983,2.7993,2.7963,2.7993,10
2026-04-08 22:02:00,2.7933,2.7938,2.7923,2.7933,2.7983,2.7988,2.7973,2.7983,9
2026-04-08 22:03:00,2.7928,2.7943,2.7928,2.7938,2.7978,2.7993,2.7978,2.7988,8
2026-04-08 22:04:00,2.7943,2.7963,2.7943,2.7953,2.7993,2.8013,2.7993,2.8003,13
2026-04-08 22:05:00,2.7958,2.7963,2.7953,2.7953,2.8008,2.8013,2.8003,2.8003,12
2026-04-08 22:06:00,2.7958,2.7993,2.7958,2.7983,2.8008,2.8043,2.8008,2.8033,15
2026-04-08 22:07:00,2.7978,2.7978,2.7943,2.7943,2.8028,2.8028,2.7993,2.7993,6
2026-04-08 22:08:00,2.7948,2.7953,2.7948,2.7953,2.7998,2.8003,2.7998,2.8003,2
2026-04-08 22:09:00,2.7963,2.7963,2.7948,2.7953,2.8013,2.8013,2.7998,2.8003,5
2026-04-08 22:10:00,2.7943,2.7958,2.7943,2.7953,2.7993,2.8008,2.7993,2.8003,8
2026-04-08 22:11:00,2.7958,2.7963,2.7958,2.7963,2.8008,2.8013,2.8008,2.8013,2
2026-04-08 22:12:00,2.7968,2.7973,2.7963,2.7973,2.8018,2.8023,2.8013,2.8023,5
2026-04-08 22:13:00,2.7963,2.7983,2.7963,2.7973,2.8013,2.8033,2.8013,2.8023,5
2026-04-08 22:14:00,2.7968,2.7973,2.7963,2.7968,2.8018,2.8023,2.8013,2.8018,14
2026-04-08 22:15:00,2.7973,2.7993,2.7968,2.7988,2.8023,2.8043,2.8018,2.8038,9
2026-04-08 22:16:00,2.7983,2.7993,2.7973,2.7993,2.8033,2.8043,2.8023,2.8043,11
2026-04-08 22:17:00,2.7988,2.7988,2.7983,2.7983,2.8038,2.8038,2.8033,2.8033,2
2026-04-08 22:18:00,2.7993,2.7993,2.7978,2.7978,2.8043,2.8043,2.8028,2.8028,10
2026-04-08 22:19:00,2.7983,2.7983,2.7973,2.7983,2.8033,2.8033,2.8023,2.8033,3
2026-04-08 22:20:00,2.7973,2.7973,2.7968,2.7968,2.8023,2.8023,2.8018,2.8018,8
2026-04-08 22:21:00,2.7973,2.7973,2.7968,2.7968,2.8023,2.8023,2.8018,2.8018,6
2026-04-08 22:22:00,2.7973,2.7973,2.7973,2.7973,2.8023,2.8023,2.8023,2.8023,1
2026-04-08 22:23:00,2.7968,2.7973,2.7968,2.7973,2.8018,2.8023,2.8018,2.8023,4
2026-04-08 22:24:00,2.7978,2.7978,2.7958,2.7958,2.8028,2.8028,2.8008,2.8008,7
2026-04-08 22:25:00,2.7953,2.7963,2.7953,2.7958,2.8003,2.8013,2.8003,2.8008,7
2026-04-08 22:26:00,2.7968,2.7988,2.7968,2.7983,2.8018,2.8038,2.8018,2.8033,5
2026-04-08 22:27:00,2.7973,2.7978,2.7968,2.7968,2.8023,2.8028,2.8018,2.8018,6
2026-04-08 22:28:00,2.7973,2.7978,2.7968,2.7968,2.8023,2.8028,2.8018,2.8018,10
2026-04-08 22:29:00,2.7963,2.7978,2.7963,2.7968,2.8013,2.8028,2.8013,2.8018,10
2026-04-08 22:30:00,2.7973,2.7973,2.7968,2.7973,2.8023,2.8023,2.8018,2.8023,5
2026-04-08 22:31:00,2.7968,2.7988,2.7968,2.7978,2.8018,2.8038,2.8018,2.8028,8
2026-04-08 22:32:00,2.7973,2.7973,2.7968,2.7968,2.8023,2.8023,2.8018,2.8018,4
2026-04-08 22:33:00,2.7973,2.7973,2.7963,2.7968,2.8023,2.8023,2.8013,2.8018,10
2026-04-08 22:34:00,2.7963,2.7963,2.7948,2.7963,2.8013,2.8013,2.7998,2.8013,8
2026-04-08 22:35:00,2.7958,2.7963,2.7953,2.7963,2.8008,2.8013,2.8003,2.8013,8
2026-04-08 22:36:00,2.7973,2.7973,2.7963,2.7963,2.8023,2.8023,2.8013,2.8013,2
2026-04-08 22:37:00,2.7958,2.7963,2.7948,2.7963,2.8008,2.8013,2.7998,2.8013,6
2026-04-08 22:38:00,2.7958,2.7958,2.7953,2.7958,2.8008,2.8008,2.8003,2.8008,7
2026-04-08 22:39:00,2.7963,2.7963,2.7958,2.7963,2.8013,2.8013,2.8008,2.8013,3
2026-04-08 22:40:00,2.7968,2.7973,2.7963,2.7963,2.8018,2.8023,2.8013,2.8013,4
2026-04-08 22:42:00,2.7973,2.7973,2.7963,2.7973,2.8023,2.8023,2.8013,2.8023,5
2026-04-08 22:43:00,2.7978,2.7983,2.7973,2.7983,2.8028,2.8033,2.8023,2.8033,3
2026-04-08 22:44:00,2.7988,2.7993,2.7983,2.7983,2.8038,2.8043,2.8033,2.8033,3
2026-04-08 22:45:00,2.7978,2.7978,2.7973,2.7973,2.8028,2.8028,2.8023,2.8023,4
2026-04-08 22:46:00,2.7968,2.7968,2.7958,2.7958,2.8018,2.8018,2.8008,2.8008,7
2026-04-08 22:47:00,2.7963,2.7963,2.7953,2.7963,2.8013,2.8013,2.8003,2.8013,9
2026-04-08 22:48:00,2.7968,2.7983,2.7963,2.7983,2.8018,2.8033,2.8013,2.8033,6
2026-04-08 22:49:00,2.7978,2.7978,2.7963,2.7973,2.8028,2.8028,2.8013,2.8023,10
2026-04-08 22:50:00,2.7968,2.7973,2.7943,2.7943,2.8018,2.8023,2.7993,2.7993,10
2026-04-08 22:51:00,2.7948,2.7963,2.7938,2.7948,2.7998,2.8013,2.7988,2.7998,9
2026-04-08 22:52:00,2.7943,2.7958,2.7943,2.7958,2.7993,2.8008,2.7993,2.8008,10
2026-04-08 22:53:00,2.7953,2.7968,2.7953,2.7963,2.8003,2.8018,2.8003,2.8013,6
2026-04-08 22:54:00,2.7968,2.7983,2.7953,2.7983,2.8018,2.8033,2.8003,2.8033,15
2026-04-08 22:55:00,2.7978,2.7983,2.7963,2.7973,2.8028,2.8033,2.8013,2.8023,6
2026-04-08 22:56:00,2.7968,2.7973,2.7943,2.7948,2.8018,2.8023,2.7993,2.7998,18
2026-04-08 22:57:00,2.7953,2.7963,2.7943,2.7953,2.8003,2.8013,2.7993,2.8003,9
2026-04-08 22:58:00,2.7963,2.7963,2.7953,2.7953,2.8013,2.8013,2.8003,2.8003,8
2026-04-08 22:59:00,2.7948,2.8113,2.7943,2.8108,2.7998,2.8163,2.7993,2.8158,12
2026-04-09 00:00:00,2.8108,2.8133,2.8108,2.8128,2.8158,2.8183,2.8158,2.8178,16
2026-04-09 00:01:00,2.8123,2.8123,2.8088,2.8103,2.8173,2.8173,2.8138,2.8153,8
2026-04-09 00:02:00,2.8088,2.8088,2.8058,2.8063,2.8138,2.8138,2.8108,2.8113,18
2026-04-09 00:03:00,2.8078,2.8088,2.8038,2.8053,2.8128,2.8138,2.8088,2.8103,22
2026-04-09 00:04:00,2.8058,2.8073,2.8058,2.8063,2.8108,2.8123,2.8108,2.8113,6
2026-04-09 00:05:00,2.8058,2.8068,2.8058,2.8068,2.8108,2.8118,2.8108,2.8118,3
2026-04-09 00:06:00,2.8073,2.8073,2.8073,2.8073,2.8123,2.8123,2.8123,2.8123,1
2026-04-09 00:07:00,2.8098,2.8118,2.8098,2.8103,2.8148,2.8168,2.8148,2.8153,3
2026-04-09 00:08:00,2.8093,2.8093,2.8073,2.8073,2.8143,2.8143,2.8123,2.8123,6
2026-04-09 00:09:00,2.8083,2.8093,2.8083,2.8093,2.8133,2.8143,2.8133,2.8143,5
2026-04-09 00:10:00,2.8088,2.8093,2.8088,2.8088,2.8138,2.8143,2.8138,2.8138,3
2026-04-09 00:11:00,2.8083,2.8083,2.8078,2.8078,2.8133,2.8133,2.8128,2.8128,2
2026-04-09 00:12:00,2.8083,2.8093,2.8083,2.8093,2.8133,2.8143,2.8133,2.8143,2
2026-04-09 00:13:00,2.8088,2.8103,2.8083,2.8083,2.8138,2.8153,2.8133,2.8133,6
2026-04-09 00:15:00,2.8073,2.8083,2.8063,2.8083,2.8123,2.8133,2.8113,2.8133,6
2026-04-09 00:16:00,2.8078,2.8098,2.8078,2.8093,2.8128,2.8148,2.8128,2.8143,7
2026-04-09 00:17:00,2.8088,2.8103,2.8088,2.8103,2.8138,2.8153,2.8138,2.8153,3
2026-04-09 00:18:00,2.8108,2.8108,2.8108,2.8108,2.8158,2.8158,2.8158,2.8158,1
2026-04-09 00:19:00,2.8103,2.8108,2.8103,2.8108,2.8153,2.8158,2.8153,2.8158,2
2026-04-09 00:20:00,2.8113,2.8133,2.8113,2.8133,2.8163,2.8183,2.8163,2.8183,3
2026-04-09 00:21:00,2.8138,2.8158,2.8138,2.8158,2.8188,2.8208,2.8188,2.8208,6
2026-04-09 00:22:00,2.8153,2.8153,2.8138,2.8138,2.8203,2.8203,2.8188,2.8188,4
2026-04-09 00:23:00,2.8143,2.8143,2.8143,2.8143,2.8193,2.8193,2.8193,2.8193,1
2026-04-09 00:24:00,2.8148,2.8148,2.8143,2.8143,2.8198,2.8198,2.8193,2.8193,2
2026-04-09 00:25:00,2.8148,2.8148,2.8138,2.8138,2.8198,2.8198,2.8188,2.8188,2
2026-04-09 00:27:00,2.8133,2.8153,2.8128,2.8153,2.8183,2.8203,2.8178,2.8203,7
2026-04-09 00:28:00,2.8158,2.8158,2.8138,2.8143,2.8208,2.8208,2.8188,2.8193,4
2026-04-09 00:29:00,2.8138,2.8138,2.8138,2.8138,2.8188,2.8188,2.8188,2.8188,1
2026-04-09 00:30:00,2.8133,2.8138,2.8133,2.8138,2.8183,2.8188,2.8183,2.8188,2
2026-04-09 00:31:00,2.8143,2.8143,2.8143,2.8143,2.8193,2.8193,2.8193,2.8193,1
2026-04-09 00:33:00,2.8138,2.8138,2.8128,2.8128,2.8188,2.8188,2.8178,2.8178,2
2026-04-09 00:34:00,2.8133,2.8138,2.8123,2.8123,2.8183,2.8188,2.8173,2.8173,4
2026-04-09 00:35:00,2.8118,2.8128,2.8108,2.8123,2.8168,2.8178,2.8158,2.8173,7
2026-04-09 00:36:00,2.8128,2.8133,2.8118,2.8133,2.8178,2.8183,2.8168,2.8183,8
2026-04-09 00:37:00,2.8128,2.8133,2.8128,2.8128,2.8178,2.8183,2.8178,2.8178,3
2026-04-09 00:38:00,2.8133,2.8143,2.8133,2.8143,2.8183,2.8193,2.8183,2.8193,2
2026-04-09 00:39:00,2.8138,2.8138,2.8138,2.8138,2.8188,2.8188,2.8188,2.8188,1
2026-04-09 00:40:00,2.8133,2.8133,2.8128,2.8128,2.8183,2.8183,2.8178,2.8178,2
2026-04-09 00:41:00,2.8133,2.8133,2.8133,2.8133,2.8183,2.8183,2.8183,2.8183,1
2026-04-09 00:42:00,2.8138,2.8138,2.8138,2.8138,2.8188,2.8188,2.8188,2.8188,1
2026-04-09 00:43:00,2.8143,2.8143,2.8143,2.8143,2.8193,2.8193,2.8193,2.8193,1
2026-04-09 00:45:00,2.8148,2.8153,2.8148,2.8153,2.8198,2.8203,2.8198,2.8203,2
2026-04-09 00:46:00,2.8148,2.8148,2.8148,2.8148,2.8198,2.8198,2.8198,2.8198,1
2026-04-09 00:48:00,2.8143,2.8153,2.8143,2.8148,2.8193,2.8203,2.8193,2.8198,6
2026-04-09 00:50:00,2.8143,2.8143,2.8138,2.8138,2.8193,2.8193,2.8188,2.8188,2
2026-04-09 00:51:00,2.8143,2.8143,2.8143,2.8143,2.8193,2.8193,2.8193,2.8193,1
2026-04-09 00:52:00,2.8148,2.8148,2.8148,2.8148,2.8198,2.8198,2.8198,2.8198,1
2026-04-09 00:53:00,2.8138,2.8138,2.8138,2.8138,2.8188,2.8188,2.8188,2.8188,1
2026-04-09 00:54:00,2.8143,2.8148,2.8143,2.8148,2.8193,2.8198,2.8193,2.8198,2
2026-04-09 00:57:00,2.8138,2.8138,2.8138,2.8138,2.8188,2.8188,2.8188,2.8188,1
2026-04-09 00:58:00,2.8143,2.8148,2.8143,2.8143,2.8193,2.8198,2.8193,2.8193,3
2026-04-09 00:59:00,2.8148,2.8148,2.8148,2.8148,2.8198,2.8198,2.8198,2.8198,1
2026-04-09 01:00:00,2.8143,2.8143,2.8143,2.8143,2.8193,2.8193,2.8193,2.8193,1
2026-04-09 01:01:00,2.8138,2.8138,2.8138,2.8138,2.8188,2.8188,2.8188,2.8188,1
2026-04-09 01:02:00,2.8143,2.8143,2.8143,2.8143,2.8193,2.8193,2.8193,2.8193,1
2026-04-09 01:04:00,2.8138,2.8138,2.8138,2.8138,2.8188,2.8188,2.8188,2.8188,1
2026-04-09 01:05:00,2.8133,2.8133,2.8098,2.8103,2.8183,2.8183,2.8148,2.8153,6
2026-04-09 01:06:00,2.8098,2.8103,2.8098,2.8103,2.8148,2.8153,2.8148,2.8153,2
2026-04-09 01:07:00,2.8098,2.8103,2.8088,2.8103,2.8148,2.8153,2.8138,2.8153,5
2026-04-09 01:10:00,2.8108,2.8108,2.8103,2.8108,2.8158,2.8158,2.8153,2.8158,3
2026-04-09 01:11:00,2.8113,2.8113,2.8113,2.8113,2.8163,2.8163,2.8163,2.8163,1
2026-04-09 01:13:00,2.8108,2.8108,2.8098,2.8103,2.8158,2.8158,2.8148,2.8153,3
2026-04-09 01:16:00,2.8098,2.8098,2.8098,2.8098,2.8148,2.8148,2.8148,2.8148,1
2026-04-09 01:18:00,2.8103,2.8103,2.8098,2.8098,2.8153,2.8153,2.8148,2.8148,2
2026-04-09 01:19:00,2.8103,2.8103,2.8103,2.8103,2.8153,2.8153,2.8153,2.8153,1
2026-04-09 01:20:00,2.8098,2.8103,2.8098,2.8103,2.8148,2.8153,2.8148,2.8153,2
2026-04-09 01:22:00,2.8108,2.8108,2.8108,2.8108,2.8158,2.8158,2.8158,2.8158,1
2026-04-09 01:23:00,2.8113,2.8143,2.8113,2.8143,2.8163,2.8193,2.8163,2.8193,7
2026-04-09 01:24:00,2.8133,2.8133,2.8123,2.8123,2.8183,2.8183,2.8173,2.8173,2
2026-04-09 01:25:00,2.8128,2.8128,2.8123,2.8123,2.8178,2.8178,2.8173,2.8173,2
2026-04-09 01:28:00,2.8118,2.8118,2.8118,2.8118,2.8168,2.8168,2.8168,2.8168,1
2026-04-09 01:29:00,2.8113,2.8113,2.8108,2.8108,2.8163,2.8163,2.8158,2.8158,2
2026-04-09 01:30:00,2.8113,2.8113,2.8108,2.8108,2.8163,2.8163,2.8158,2.8158,2
2026-04-09 01:31:00,2.8103,2.8103,2.8103,2.8103,2.8153,2.8153,2.8153,2.8153,1
2026-04-09 01:32:00,2.8108,2.8108,2.8108,2.8108,2.8158,2.8158,2.8158,2.8158,1
2026-04-09 01:36:00,2.8113,2.8118,2.8113,2.8118,2.8163,2.8168,2.8163,2.8168,2
2026-04-09 01:37:00,2.8113,2.8118,2.8113,2.8118,2.8163,2.8168,2.8163,2.8168,2
2026-04-09 01:38:00,2.8108,2.8108,2.8108,2.8108,2.8158,2.8158,2.8158,2.8158,1
2026-04-09 01:40:00,2.8113,2.8118,2.8108,2.8118,2.8163,2.8168,2.8158,2.8168,4
2026-04-09 01:42:00,2.8113,2.8118,2.8113,2.8118,2.8163,2.8168,2.8163,2.8168,2
2026-04-09 01:44:00,2.8123,2.8133,2.8123,2.8133,2.8173,2.8183,2.8173,2.8183,3
2026-04-09 01:46:00,2.8128,2.8128,2.8118,2.8123,2.8178,2.8178,2.8168,2.8173,4
2026-04-09 01:47:00,2.8128,2.8128,2.8118,2.8128,2.8178,2.8178,2.8168,2.8178,3
2026-04-09 01:49:00,2.8123,2.8123,2.8123,2.8123,2.8173,2.8173,2.8173,2.8173,1
2026-04-09 01:50:00,2.8118,2.8118,2.8118,2.8118,2.8168,2.8168,2.8168,2.8168,1
2026-04-09 01:51:00,2.8123,2.8138,2.8118,2.8138,2.8173,2.8188,2.8168,2.8188,5
2026-04-09 01:52:00,2.8128,2.8128,2.8128,2.8128,2.8178,2.8178,2.8178,2.8178,1
2026-04-09 01:53:00,2.8123,2.8123,2.8123,2.8123,2.8173,2.8173,2.8173,2.8173,1
2026-04-09 01:54:00,2.8113,2.8118,2.8113,2.8113,2.8163,2.8168,2.8163,2.8163,3
2026-04-09 01:56:00,2.8118,2.8118,2.8118,2.8118,2.8168,2.8168,2.8168,2.8168,1
2026-04-09 01:57:00,2.8113,2.8123,2.8113,2.8118,2.8163,2.8173,2.8163,2.8168,3
2026-04-09 01:58:00,2.8113,2.8113,2.8113,2.8113,2.8163,2.8163,2.8163,2.8163,1
2026-04-09 01:59:00,2.8118,2.8118,2.8113,2.8113,2.8168,2.8168,2.8163,2.8163,2
2026-04-09 02:00:00,2.8118,2.8133,2.8098,2.8098,2.8168,2.8183,2.8148,2.8148,15
2026-04-09 02:01:00,2.8103,2.8108,2.8098,2.8103,2.8153,2.8158,2.8148,2.8153,5
2026-04-09 02:02:00,2.8108,2.8128,2.8108,2.8123,2.8158,2.8178,2.8158,2.8173,7
2026-04-09 02:03:00,2.8118,2.8118,2.8098,2.8103,2.8168,2.8168,2.8148,2.8153,9
2026-04-09 02:04:00,2.8098,2.8108,2.8098,2.8103,2.8148,2.8158,2.8148,2.8153,4
2026-04-09 02:05:00,2.8098,2.8103,2.8078,2.8088,2.8148,2.8153,2.8128,2.8138,8
2026-04-09 02:06:00,2.8093,2.8108,2.8093,2.8108,2.8143,2.8158,2.8143,2.8158,4
2026-04-09 02:07:00,2.8103,2.8128,2.8103,2.8113,2.8153,2.8178,2.8153,2.8163,8
2026-04-09 02:09:00,2.8108,2.8108,2.8108,2.8108,2.8158,2.8158,2.8158,2.8158,1
2026-04-09 02:10:00,2.8113,2.8113,2.8113,2.8113,2.8163,2.8163,2.8163,2.8163,1
2026-04-09 02:11:00,2.8118,2.8118,2.8118,2.8118,2.8168,2.8168,2.8168,2.8168,1
2026-04-09 02:12:00,2.8123,2.8143,2.8123,2.8128,2.8173,2.8193,2.8173,2.8178,5
2026-04-09 02:13:00,2.8133,2.8133,2.8113,2.8113,2.8183,2.8183,2.8163,2.8163,4
2026-04-09 02:14:00,2.8108,2.8118,2.8108,2.8118,2.8158,2.8168,2.8158,2.8168,6
2026-04-09 02:15:00,2.8103,2.8108,2.8103,2.8108,2.8153,2.8158,2.8153,2.8158,4
2026-04-09 02:16:00,2.8103,2.8108,2.8103,2.8103,2.8153,2.8158,2.8153,2.8153,5
2026-04-09 02:17:00,2.8108,2.8113,2.8083,2.8083,2.8158,2.8163,2.8133,2.8133,9
2026-04-09 02:18:00,2.8078,2.8083,2.8073,2.8083,2.8128,2.8133,2.8123,2.8133,4
2026-04-09 02:19:00,2.8088,2.8088,2.8073,2.8073,2.8138,2.8138,2.8123,2.8123,5
2026-04-09 02:20:00,2.8078,2.8083,2.8058,2.8068,2.8128,2.8133,2.8108,2.8118,6
2026-04-09 02:21:00,2.8073,2.8073,2.8038,2.8043,2.8123,2.8123,2.8088,2.8093,12
2026-04-09 02:22:00,2.8048,2.8058,2.8038,2.8048,2.8098,2.8108,2.8088,2.8098,11
2026-04-09 02:23:00,2.8053,2.8083,2.8053,2.8083,2.8103,2.8133,2.8103,2.8133,12
2026-04-09 02:24:00,2.8078,2.8078,2.8073,2.8073,2.8128,2.8128,2.8123,2.8123,2
2026-04-09 02:25:00,2.8083,2.8103,2.8083,2.8098,2.8133,2.8153,2.8133,2.8148,5
2026-04-09 02:26:00,2.8093,2.8103,2.8073,2.8078,2.8143,2.8153,2.8123,2.8128,9
2026-04-09 02:27:00,2.8083,2.8088,2.8083,2.8088,2.8133,2.8138,2.8133,2.8138,2
2026-04-09 02:29:00,2.8098,2.8098,2.8088,2.8093,2.8148,2.8148,2.8138,2.8143,3
2026-04-09 02:30:00,2.8103,2.8103,2.8088,2.8093,2.8153,2.8153,2.8138,2.8143,5
2026-04-09 02:31:00,2.8088,2.8093,2.8088,2.8093,2.8138,2.8143,2.8138,2.8143,4
2026-04-09 02:33:00,2.8083,2.8093,2.8083,2.8093,2.8133,2.8143,2.8133,2.8143,2
2026-04-09 02:34:00,2.8103,2.8108,2.8083,2.8103,2.8153,2.8158,2.8133,2.8153,8
2026-04-09 02:35:00,2.8098,2.8098,2.8083,2.8093,2.8148,2.8148,2.8133,2.8143,8
2026-04-09 02:36:00,2.8083,2.8108,2.8083,2.8098,2.8133,2.8158,2.8133,2.8148,7
2026-04-09 02:37:00,2.8093,2.8093,2.8088,2.8088,2.8143,2.8143,2.8138,2.8138,2
2026-04-09 02:38:00,2.8083,2.8093,2.8078,2.8093,2.8133,2.8143,2.8128,2.8143,4
2026-04-09 02:39:00,2.8088,2.8088,2.8068,2.8073,2.8138,2.8138,2.8118,2.8123,4
2026-04-09 02:40:00,2.8078,2.8088,2.8073,2.8083,2.8128,2.8138,2.8123,2.8133,9
2026-04-09 02:41:00,2.8088,2.8098,2.8088,2.8098,2.8138,2.8148,2.8138,2.8148,2
2026-04-09 02:42:00,2.8108,2.8108,2.8098,2.8098,2.8158,2.8158,2.8148,2.8148,4
2026-04-09 02:43:00,2.8103,2.8103,2.8098,2.8103,2.8153,2.8153,2.8148,2.8153,5
2026-04-09 02:44:00,2.8113,2.8113,2.8103,2.8103,2.8163,2.8163,2.8153,2.8153,2
2026-04-09 02:45:00,2.8098,2.8098,2.8098,2.8098,2.8148,2.8148,2.8148,2.8148,1
2026-04-09 02:46:00,2.8093,2.8113,2.8093,2.8113,2.8143,2.8163,2.8143,2.8163,5
2026-04-09 02:47:00,2.8118,2.8118,2.8118,2.8118,2.8168,2.8168,2.8168,2.8168,1
2026-04-09 02:48:00,2.8123,2.8133,2.8118,2.8123,2.8173,2.8183,2.8168,2.8173,6
2026-04-09 02:49:00,2.8128,2.8133,2.8118,2.8123,2.8178,2.8183,2.8168,2.8173,14
2026-04-09 02:50:00,2.8128,2.8133,2.8123,2.8128,2.8178,2.8183,2.8173,2.8178,12
2026-04-09 02:51:00,2.8133,2.8133,2.8123,2.8123,2.8183,2.8183,2.8173,2.8173,4
2026-04-09 02:52:00,2.8133,2.8138,2.8133,2.8138,2.8183,2.8188,2.8183,2.8188,2
2026-04-09 02:53:00,2.8133,2.8133,2.8128,2.8133,2.8183,2.8183,2.8178,2.8183,3
2026-04-09 02:55:00,2.8143,2.8148,2.8133,2.8138,2.8193,2.8198,2.8183,2.8188,6
2026-04-09 02:56:00,2.8143,2.8143,2.8143,2.8143,2.8193,2.8193,2.8193,2.8193,1
2026-04-09 02:57:00,2.8138,2.8148,2.8128,2.8143,2.8188,2.8198,2.8178,2.8193,9
2026-04-09 02:58:00,2.8148,2.8148,2.8138,2.8138,2.8198,2.8198,2.8188,2.8188,3
2026-04-09 02:59:00,2.8133,2.8133,2.8128,2.8128,2.8183,2.8183,2.8178,2.8178,2
2026-04-09 03:00:00,2.8123,2.8123,2.8078,2.8113,2.8173,2.8173,2.8128,2.8163,13
2026-04-09 03:01:00,2.8118,2.8123,2.8118,2.8123,2.8168,2.8173,2.8168,2.8173,2
2026-04-09 03:02:00,2.8128,2.8128,2.8123,2.8128,2.8178,2.8178,2.8173,2.8178,3
2026-04-09 03:03:00,2.8143,2.8143,2.8133,2.8143,2.8193,2.8193,2.8183,2.8193,5
2026-04-09 03:04:00,2.8138,2.8148,2.8128,2.8128,2.8188,2.8198,2.8178,2.8178,21
2026-04-09 03:05:00,2.8133,2.8133,2.8108,2.8118,2.8183,2.8183,2.8158,2.8168,5
2026-04-09 03:06:00,2.8123,2.8133,2.8098,2.8098,2.8173,2.8183,2.8148,2.8148,8
2026-04-09 03:07:00,2.8103,2.8123,2.8103,2.8118,2.8153,2.8173,2.8153,2.8168,12
2026-04-09 03:08:00,2.8113,2.8128,2.8108,2.8108,2.8163,2.8178,2.8158,2.8158,9
2026-04-09 03:09:00,2.8113,2.8113,2.8108,2.8113,2.8163,2.8163,2.8158,2.8163,3
2026-04-09 03:10:00,2.8128,2.8128,2.8113,2.8113,2.8178,2.8178,2.8163,2.8163,4
2026-04-09 03:11:00,2.8108,2.8108,2.8108,2.8108,2.8158,2.8158,2.8158,2.8158,1
2026-04-09 03:12:00,2.8113,2.8113,2.8108,2.8113,2.8163,2.8163,2.8158,2.8163,3
2026-04-09 03:14:00,2.8108,2.8113,2.8103,2.8113,2.8158,2.8163,2.8153,2.8163,4
2026-04-09 03:15:00,2.8123,2.8123,2.8113,2.8113,2.8173,2.8173,2.8163,2.8163,7
2026-04-09 03:16:00,2.8123,2.8123,2.8113,2.8113,2.8173,2.8173,2.8163,2.8163,2
2026-04-09 03:17:00,2.8118,2.8118,2.8113,2.8113,2.8168,2.8168,2.8163,2.8163,4
2026-04-09 03:19:00,2.8103,2.8108,2.8098,2.8108,2.8153,2.8158,2.8148,2.8158,4
2026-04-09 03:20:00,2.8113,2.8113,2.8098,2.8103,2.8163,2.8163,2.8148,2.8153,4
2026-04-09 03:21:00,2.8113,2.8118,2.8103,2.8118,2.8163,2.8168,2.8153,2.8168,5
2026-04-09 03:22:00,2.8123,2.8128,2.8123,2.8128,2.8173,2.8178,2.8173,2.8178,4
2026-04-09 03:24:00,2.8118,2.8118,2.8108,2.8108,2.8168,2.8168,2.8158,2.8158,3
2026-04-09 03:25:00,2.8113,2.8113,2.8088,2.8088,2.8163,2.8163,2.8138,2.8138,10
2026-04-09 03:26:00,2.8093,2.8093,2.8078,2.8088,2.8143,2.8143,2.8128,2.8138,6
2026-04-09 03:27:00,2.8098,2.8103,2.8078,2.8088,2.8148,2.8153,2.8128,2.8138,7
2026-04-09 03:28:00,2.8083,2.8108,2.8083,2.8108,2.8133,2.8158,2.8133,2.8158,7
2026-04-09 03:29:00,2.8103,2.8103,2.8103,2.8103,2.8153,2.8153,2.8153,2.8153,1
2026-04-09 03:30:00,2.8108,2.8108,2.8078,2.8078,2.8158,2.8158,2.8128,2.8128,5
2026-04-09 03:31:00,2.8073,2.8083,2.8073,2.8078,2.8123,2.8133,2.8123,2.8128,8
2026-04-09 03:32:00,2.8073,2.8083,2.8073,2.8078,2.8123,2.8133,2.8123,2.8128,3
2026-04-09 03:33:00,2.8083,2.8083,2.8043,2.8043,2.8133,2.8133,2.8093,2.8093,9
2026-04-09 03:34:00,2.8048,2.8048,2.8003,2.8043,2.8098,2.8098,2.8053,2.8093,17
2026-04-09 03:35:00,2.8048,2.8053,2.8033,2.8038,2.8098,2.8103,2.8083,2.8088,5
2026-04-09 03:36:00,2.8033,2.8073,2.8033,2.8073,2.8083,2.8123,2.8083,2.8123,4
2026-04-09 03:37:00,2.8078,2.8078,2.8063,2.8073,2.8128,2.8128,2.8113,2.8123,4
2026-04-09 03:38:00,2.8078,2.8113,2.8073,2.8103,2.8128,2.8163,2.8123,2.8153,9
2026-04-09 03:39:00,2.8108,2.8113,2.8093,2.8093,2.8158,2.8163,2.8143,2.8143,5
2026-04-09 03:40:00,2.8083,2.8093,2.8083,2.8093,2.8133,2.8143,2.8133,2.8143,7
2026-04-09 03:41:00,2.8098,2.8113,2.8098,2.8113,2.8148,2.8163,2.8148,2.8163,5
2026-04-09 03:42:00,2.8108,2.8113,2.8108,2.8108,2.8158,2.8163,2.8158,2.8158,3
2026-04-09 03:43:00,2.8103,2.8103,2.8093,2.8093,2.8153,2.8153,2.8143,2.8143,6
2026-04-09 03:44:00,2.8098,2.8103,2.8098,2.8103,2.8148,2.8153,2.8148,2.8153,2
2026-04-09 03:45:00,2.8108,2.8113,2.8098,2.8098,2.8158,2.8163,2.8148,2.8148,5
2026-04-09 03:46:00,2.8103,2.8103,2.8083,2.8088,2.8153,2.8153,2.8133,2.8138,8
2026-04-09 03:47:00,2.8093,2.8103,2.8093,2.8103,2.8143,2.8153,2.8143,2.8153,10
2026-04-09 03:48:00,2.8098,2.8118,2.8098,2.8113,2.8148,2.8168,2.8148,2.8163,7
2026-04-09 03:49:00,2.8108,2.8108,2.8093,2.8098,2.8158,2.8158,2.8143,2.8148,4
2026-04-09 03:50:00,2.8103,2.8103,2.8093,2.8093,2.8153,2.8153,2.8143,2.8143,2
2026-04-09 03:51:00,2.8088,2.8093,2.8068,2.8078,2.8138,2.8143,2.8118,2.8128,7
2026-04-09 03:52:00,2.8073,2.8073,2.8048,2.8048,2.8123,2.8123,2.8098,2.8098,5
2026-04-09 03:53:00,2.8053,2.8083,2.8053,2.8063,2.8103,2.8133,2.8103,2.8113,9
2026-04-09 03:54:00,2.8048,2.8063,2.8048,2.8063,2.8098,2.8113,2.8098,2.8113,7
2026-04-09 03:55:00,2.8068,2.8073,2.8063,2.8063,2.8118,2.8123,2.8113,2.8113,5
2026-04-09 03:56:00,2.8058,2.8058,2.8048,2.8053,2.8108,2.8108,2.8098,2.8103,8
2026-04-09 03:57:00,2.8058,2.8058,2.8053,2.8058,2.8108,2.8108,2.8103,2.8108,3
2026-04-09 03:58:00,2.8063,2.8068,2.8058,2.8058,2.8113,2.8118,2.8108,2.8108,3
2026-04-09 03:59:00,2.8063,2.8063,2.8048,2.8048,2.8113,2.8113,2.8098,2.8098,3
2026-04-09 04:00:00,2.8053,2.8053,2.8048,2.8053,2.8103,2.8103,2.8098,2.8103,3
2026-04-09 04:01:00,2.8048,2.8053,2.8043,2.8053,2.8098,2.8103,2.8093,2.8103,4
2026-04-09 04:02:00,2.8048,2.8048,2.8043,2.8043,2.8098,2.8098,2.8093,2.8093,4
2026-04-09 04:03:00,2.8053,2.8058,2.8048,2.8053,2.8103,2.8108,2.8098,2.8103,6
2026-04-09 04:04:00,2.8048,2.8048,2.8043,2.8043,2.8098,2.8098,2.8093,2.8093,2
2026-04-09 04:05:00,2.8048,2.8048,2.8048,2.8048,2.8098,2.8098,2.8098,2.8098,1
2026-04-09 04:07:00,2.8053,2.8053,2.8043,2.8048,2.8103,2.8103,2.8093,2.8098,4
2026-04-09 04:08:00,2.8043,2.8058,2.8043,2.8053,2.8093,2.8108,2.8093,2.8103,5
2026-04-09 04:09:00,2.8058,2.8068,2.8053,2.8053,2.8108,2.8118,2.8103,2.8103,4
2026-04-09 04:11:00,2.8048,2.8048,2.8048,2.8048,2.8098,2.8098,2.8098,2.8098,1
2026-04-09 04:14:00,2.8038,2.8038,2.8038,2.8038,2.8088,2.8088,2.8088,2.8088,1
2026-04-09 04:15:00,2.8033,2.8038,2.8033,2.8033,2.8083,2.8088,2.8083,2.8083,3
2026-04-09 04:16:00,2.8023,2.8023,2.8013,2.8023,2.8073,2.8073,2.8063,2.8073,5
2026-04-09 04:17:00,2.8028,2.8028,2.8028,2.8028,2.8078,2.8078,2.8078,2.8078,1
2026-04-09 04:18:00,2.8038,2.8038,2.8028,2.8038,2.8088,2.8088,2.8078,2.8088,3
2026-04-09 04:19:00,2.8033,2.8033,2.8023,2.8023,2.8083,2.8083,2.8073,2.8073,2
2026-04-09 04:20:00,2.8018,2.8018,2.8013,2.8018,2.8068,2.8068,2.8063,2.8068,3
2026-04-09 04:21:00,2.8023,2.8038,2.8018,2.8038,2.8073,2.8088,2.8068,2.8088,5
2026-04-09 04:22:00,2.8048,2.8053,2.8048,2.8053,2.8098,2.8103,2.8098,2.8103,2
2026-04-09 04:23:00,2.8058,2.8058,2.8058,2.8058,2.8108,2.8108,2.8108,2.8108,1
2026-04-09 04:25:00,2.8063,2.8073,2.8063,2.8073,2.8113,2.8123,2.8113,2.8123,3
2026-04-09 04:26:00,2.8078,2.8078,2.8078,2.8078,2.8128,2.8128,2.8128,2.8128,1
2026-04-09 04:27:00,2.8073,2.8073,2.8073,2.8073,2.8123,2.8123,2.8123,2.8123,1
2026-04-09 04:28:00,2.8078,2.8078,2.8078,2.8078,2.8128,2.8128,2.8128,2.8128,1
2026-04-09 04:29:00,2.8083,2.8083,2.8083,2.8083,2.8133,2.8133,2.8133,2.8133,1
2026-04-09 04:30:00,2.8078,2.8078,2.8078,2.8078,2.8128,2.8128,2.8128,2.8128,1
2026-04-09 04:31:00,2.8073,2.8073,2.8063,2.8063,2.8123,2.8123,2.8113,2.8113,4
2026-04-09 04:32:00,2.8073,2.8078,2.8073,2.8073,2.8123,2.8128,2.8123,2.8123,7
2026-04-09 04:33:00,2.8068,2.8078,2.8068,2.8078,2.8118,2.8128,2.8118,2.8128,5
2026-04-09 04:36:00,2.8083,2.8088,2.8083,2.8088,2.8133,2.8138,2.8133,2.8138,2
2026-04-09 04:37:00,2.8093,2.8093,2.8083,2.8083,2.8143,2.8143,2.8133,2.8133,3
2026-04-09 04:38:00,2.8088,2.8088,2.8083,2.8083,2.8138,2.8138,2.8133,2.8133,2
2026-04-09 04:40:00,2.8093,2.8098,2.8088,2.8088,2.8143,2.8148,2.8138,2.8138,4
2026-04-09 04:41:00,2.8083,2.8088,2.8083,2.8088,2.8133,2.8138,2.8133,2.8138,2
2026-04-09 04:42:00,2.8083,2.8088,2.8083,2.8088,2.8133,2.8138,2.8133,2.8138,2
2026-04-09 04:44:00,2.8093,2.8093,2.8093,2.8093,2.8143,2.8143,2.8143,2.8143,1
2026-04-09 04:45:00,2.8088,2.8093,2.8088,2.8093,2.8138,2.8143,2.8138,2.8143,2
2026-04-09 04:47:00,2.8103,2.8103,2.8103,2.8103,2.8153,2.8153,2.8153,2.8153,1
2026-04-09 04:48:00,2.8108,2.8118,2.8103,2.8103,2.8158,2.8168,2.8153,2.8153,4
2026-04-09 04:49:00,2.8098,2.8098,2.8098,2.8098,2.8148,2.8148,2.8148,2.8148,1
2026-04-09 04:50:00,2.8103,2.8103,2.8088,2.8093,2.8153,2.8153,2.8138,2.8143,4
2026-04-09 04:51:00,2.8088,2.8088,2.8083,2.8083,2.8138,2.8138,2.8133,2.8133,2
2026-04-09 04:54:00,2.8088,2.8093,2.8083,2.8083,2.8138,2.8143,2.8133,2.8133,4
2026-04-09 04:55:00,2.8078,2.8078,2.8068,2.8068,2.8128,2.8128,2.8118,2.8118,2
2026-04-09 04:56:00,2.8073,2.8078,2.8068,2.8073,2.8123,2.8128,2.8118,2.8123,4
2026-04-09 04:58:00,2.8078,2.8078,2.8078,2.8078,2.8128,2.8128,2.8128,2.8128,1
2026-04-09 04:59:00,2.8083,2.8093,2.8083,2.8088,2.8133,2.8143,2.8133,2.8138,3
2026-04-09 05:00:00,2.8078,2.8078,2.8058,2.8063,2.8128,2.8128,2.8108,2.8113,7
2026-04-09 05:02:00,2.8068,2.8073,2.8068,2.8073,2.8118,2.8123,2.8118,2.8123,2
2026-04-09 05:05:00,2.8068,2.8068,2.8063,2.8063,2.8118,2.8118,2.8113,2.8113,2
2026-04-09 05:06:00,2.8068,2.8073,2.8063,2.8063,2.8118,2.8123,2.8113,2.8113,4
2026-04-09 05:07:00,2.8058,2.8063,2.8058,2.8063,2.8108,2.8113,2.8108,2.8113,2
2026-04-09 05:08:00,2.8058,2.8063,2.8053,2.8053,2.8108,2.8113,2.8103,2.8103,3
2026-04-09 05:09:00,2.8058,2.8063,2.8058,2.8063,2.8108,2.8113,2.8108,2.8113,2
2026-04-09 05:10:00,2.8068,2.8073,2.8068,2.8073,2.8118,2.8123,2.8118,2.8123,2
2026-04-09 05:11:00,2.8078,2.8083,2.8078,2.8083,2.8128,2.8133,2.8128,2.8133,2
2026-04-09 05:12:00,2.8088,2.8088,2.8073,2.8073,2.8138,2.8138,2.8123,2.8123,2
2026-04-09 05:13:00,2.8078,2.8083,2.8078,2.8083,2.8128,2.8133,2.8128,2.8133,2
2026-04-09 05:14:00,2.8088,2.8108,2.8088,2.8093,2.8138,2.8158,2.8138,2.8143,4
2026-04-09 05:15:00,2.8098,2.8098,2.8098,2.8098,2.8148,2.8148,2.8148,2.8148,1
2026-04-09 05:16:00,2.8088,2.8098,2.8088,2.8098,2.8138,2.8148,2.8138,2.8148,2
2026-04-09 05:17:00,2.8103,2.8103,2.8103,2.8103,2.8153,2.8153,2.8153,2.8153,1
2026-04-09 05:20:00,2.8108,2.8113,2.8108,2.8113,2.8158,2.8163,2.8158,2.8163,2
2026-04-09 05:21:00,2.8118,2.8118,2.8108,2.8113,2.8168,2.8168,2.8158,2.8163,3
2026-04-09 05:22:00,2.8108,2.8108,2.8108,2.8108,2.8158,2.8158,2.8158,2.8158,1
2026-04-09 05:23:00,2.8103,2.8103,2.8103,2.8103,2.8153,2.8153,2.8153,2.8153,1
2026-04-09 05:24:00,2.8118,2.8118,2.8103,2.8103,2.8168,2.8168,2.8153,2.8153,2
2026-04-09 05:25:00,2.8108,2.8113,2.8108,2.8113,2.8158,2.8163,2.8158,2.8163,2
2026-04-09 05:26:00,2.8123,2.8123,2.8123,2.8123,2.8173,2.8173,2.8173,2.8173,1
2026-04-09 05:27:00,2.8118,2.8118,2.8103,2.8113,2.8168,2.8168,2.8153,2.8163,4
2026-04-09 05:28:00,2.8103,2.8103,2.8103,2.8103,2.8153,2.8153,2.8153,2.8153,1
2026-04-09 05:29:00,2.8098,2.8108,2.8098,2.8108,2.8148,2.8158,2.8148,2.8158,3
2026-04-09 05:30:00,2.8113,2.8113,2.8048,2.8053,2.8163,2.8163,2.8098,2.8103,14
2026-04-09 05:31:00,2.8048,2.8063,2.8008,2.8023,2.8098,2.8113,2.8058,2.8073,36
2026-04-09 05:32:00,2.8018,2.8058,2.8018,2.8048,2.8068,2.8108,2.8068,2.8098,14
2026-04-09 05:33:00,2.8043,2.8063,2.8038,2.8058,2.8093,2.8113,2.8088,2.8108,9
2026-04-09 05:34:00,2.8063,2.8063,2.8058,2.8058,2.8113,2.8113,2.8108,2.8108,2
2026-04-09 05:35:00,2.8068,2.8068,2.8053,2.8053,2.8118,2.8118,2.8103,2.8103,3
2026-04-09 05:36:00,2.8058,2.8058,2.8058,2.8058,2.8108,2.8108,2.8108,2.8108,1
2026-04-09 05:38:00,2.8053,2.8053,2.8038,2.8038,2.8103,2.8103,2.8088,2.8088,4
2026-04-09 05:39:00,2.8028,2.8028,2.8018,2.8023,2.8078,2.8078,2.8068,2.8073,5
2026-04-09 05:40:00,2.8033,2.8043,2.8033,2.8033,2.8083,2.8093,2.8083,2.8083,6
2026-04-09 05:41:00,2.8028,2.8043,2.8028,2.8033,2.8078,2.8093,2.8078,2.8083,6
2026-04-09 05:42:00,2.8028,2.8033,2.8028,2.8028,2.8078,2.8083,2.8078,2.8078,3
2026-04-09 05:43:00,2.8038,2.8038,2.8033,2.8033,2.8088,2.8088,2.8083,2.8083,2
2026-04-09 05:44:00,2.8028,2.8033,2.8023,2.8023,2.8078,2.8083,2.8073,2.8073,6
2026-04-09 05:45:00,2.8028,2.8038,2.8018,2.8038,2.8078,2.8088,2.8068,2.8088,5
2026-04-09 05:46:00,2.8043,2.8083,2.8043,2.8058,2.8093,2.8133,2.8093,2.8108,11
2026-04-09 05:47:00,2.8063,2.8063,2.8058,2.8058,2.8113,2.8113,2.8108,2.8108,2
2026-04-09 05:49:00,2.8063,2.8063,2.8038,2.8048,2.8113,2.8113,2.8088,2.8098,7
2026-04-09 05:50:00,2.8038,2.8048,2.8023,2.8028,2.8088,2.8098,2.8073,2.8078,7
2026-04-09 05:51:00,2.8033,2.8043,2.8018,2.8018,2.8083,2.8093,2.8068,2.8068,6
2026-04-09 05:52:00,2.8023,2.8028,2.8023,2.8028,2.8073,2.8078,2.8073,2.8078,2
2026-04-09 05:53:00,2.8023,2.8023,2.8008,2.8008,2.8073,2.8073,2.8058,2.8058,7
2026-04-09 05:55:00,2.8018,2.8018,2.8008,2.8008,2.8068,2.8068,2.8058,2.8058,2
2026-04-09 05:57:00,2.8013,2.8018,2.8008,2.8018,2.8063,2.8068,2.8058,2.8068,3
2026-04-09 05:58:00,2.8008,2.8008,2.8008,2.8008,2.8058,2.8058,2.8058,2.8058,1
2026-04-09 06:00:00,2.8018,2.8018,2.7998,2.8008,2.8068,2.8068,2.8048,2.8058,7
2026-04-09 06:01:00,2.8003,2.8003,2.7988,2.7993,2.8053,2.8053,2.8038,2.8043,12
2026-04-09 06:02:00,2.7988,2.7993,2.7978,2.7978,2.8038,2.8043,2.8028,2.8028,8
2026-04-09 06:03:00,2.7968,2.7978,2.7968,2.7978,2.8018,2.8028,2.8018,2.8028,3
2026-04-09 06:05:00,2.7968,2.7968,2.7958,2.7958,2.8018,2.8018,2.8008,2.8008,3
2026-04-09 06:07:00,2.7953,2.7953,2.7938,2.7943,2.8003,2.8003,2.7988,2.7993,11
2026-04-09 06:08:00,2.7948,2.7983,2.7948,2.7973,2.7998,2.8033,2.7998,2.8023,9
2026-04-09 06:09:00,2.7968,2.7968,2.7943,2.7943,2.8018,2.8018,2.7993,2.7993,4
2026-04-09 06:10:00,2.7948,2.7958,2.7938,2.7938,2.7998,2.8008,2.7988,2.7988,4
2026-04-09 06:11:00,2.7948,2.7958,2.7948,2.7953,2.7998,2.8008,2.7998,2.8003,4
2026-04-09 06:12:00,2.7958,2.7973,2.7958,2.7968,2.8008,2.8023,2.8008,2.8018,8
2026-04-09 06:13:00,2.7958,2.7973,2.7958,2.7968,2.8008,2.8023,2.8008,2.8018,4
2026-04-09 06:14:00,2.7973,2.7978,2.7968,2.7973,2.8023,2.8028,2.8018,2.8023,4
2026-04-09 06:15:00,2.7968,2.7983,2.7968,2.7978,2.8018,2.8033,2.8018,2.8028,5
2026-04-09 06:17:00,2.7973,2.7973,2.7973,2.7973,2.8023,2.8023,2.8023,2.8023,1
2026-04-09 06:18:00,2.7978,2.7978,2.7978,2.7978,2.8028,2.8028,2.8028,2.8028,1
2026-04-09 06:19:00,2.7968,2.7978,2.7968,2.7968,2.8018,2.8028,2.8018,2.8018,4
2026-04-09 06:20:00,2.7958,2.7983,2.7958,2.7958,2.8008,2.8033,2.8008,2.8008,13
2026-04-09 06:21:00,2.7963,2.7973,2.7963,2.7963,2.8013,2.8023,2.8013,2.8013,5
2026-04-09 06:22:00,2.7968,2.7968,2.7943,2.7948,2.8018,2.8018,2.7993,2.7998,7
2026-04-09 06:23:00,2.7953,2.7953,2.7953,2.7953,2.8003,2.8003,2.8003,2.8003,1
2026-04-09 06:24:00,2.7948,2.7953,2.7948,2.7948,2.7998,2.8003,2.7998,2.7998,3
2026-04-09 06:25:00,2.7958,2.7958,2.7948,2.7953,2.8008,2.8008,2.7998,2.8003,5
2026-04-09 06:27:00,2.7948,2.7953,2.7948,2.7953,2.7998,2.8003,2.7998,2.8003,2
2026-04-09 06:28:00,2.7958,2.7968,2.7958,2.7968,2.8008,2.8018,2.8008,2.8018,3
2026-04-09 06:30:00,2.7973,2.7973,2.7968,2.7968,2.8023,2.8023,2.8018,2.8018,2
2026-04-09 06:31:00,2.7978,2.7978,2.7968,2.7968,2.8028,2.8028,2.8018,2.8018,3
2026-04-09 06:32:00,2.7973,2.7988,2.7973,2.7983,2.8023,2.8038,2.8023,2.8033,6
2026-04-09 06:33:00,2.7978,2.7998,2.7978,2.7993,2.8028,2.8048,2.8028,2.8043,6
2026-04-09 06:34:00,2.7998,2.8013,2.7988,2.8013,2.8048,2.8063,2.8038,2.8063,7
2026-04-09 06:35:00,2.8018,2.8038,2.8018,2.8028,2.8068,2.8088,2.8068,2.8078,8
2026-04-09 06:36:00,2.8023,2.8033,2.8013,2.8013,2.8073,2.8083,2.8063,2.8063,8
2026-04-09 06:39:00,2.8018,2.8018,2.7998,2.7998,2.8068,2.8068,2.8048,2.8048,4
2026-04-09 06:40:00,2.7993,2.7993,2.7993,2.7993,2.8043,2.8043,2.8043,2.8043,1
2026-04-09 06:41:00,2.7998,2.8003,2.7998,2.8003,2.8048,2.8053,2.8048,2.8053,2
2026-04-09 06:42:00,2.7998,2.7998,2.7993,2.7998,2.8048,2.8048,2.8043,2.8048,3
2026-04-09 06:43:00,2.7993,2.7998,2.7988,2.7993,2.8043,2.8048,2.8038,2.8043,4
2026-04-09 06:44:00,2.7998,2.7998,2.7998,2.7998,2.8048,2.8048,2.8048,2.8048,1
2026-04-09 06:45:00,2.7993,2.7998,2.7993,2.7993,2.8043,2.8048,2.8043,2.8043,3
2026-04-09 06:47:00,2.7988,2.7998,2.7988,2.7993,2.8038,2.8048,2.8038,2.8043,4
2026-04-09 06:48:00,2.7988,2.7993,2.7988,2.7993,2.8038,2.8043,2.8038,2.8043,2
2026-04-09 06:49:00,2.7988,2.7998,2.7983,2.7998,2.8038,2.8048,2.8033,2.8048,4
2026-04-09 06:50:00,2.7993,2.7998,2.7993,2.7993,2.8043,2.8048,2.8043,2.8043,3
2026-04-09 06:51:00,2.7998,2.7998,2.7993,2.7993,2.8048,2.8048,2.8043,2.8043,2
2026-04-09 06:52:00,2.7998,2.7998,2.7998,2.7998,2.8048,2.8048,2.8048,2.8048,1
2026-04-09 06:53:00,2.7993,2.7993,2.7983,2.7988,2.8043,2.8043,2.8033,2.8038,4
2026-04-09 06:55:00,2.7983,2.7983,2.7983,2.7983,2.8033,2.8033,2.8033,2.8033,1
2026-04-09 06:56:00,2.7978,2.7978,2.7973,2.7973,2.8028,2.8028,2.8023,2.8023,2
2026-04-09 06:57:00,2.7978,2.7978,2.7973,2.7973,2.8028,2.8028,2.8023,2.8023,2
2026-04-09 06:58:00,2.7968,2.7968,2.7968,2.7968,2.8018,2.8018,2.8018,2.8018,1
2026-04-09 06:59:00,2.7973,2.7988,2.7973,2.7983,2.8023,2.8038,2.8023,2.8033,6
2026-04-09 07:00:00,2.7988,2.7988,2.7983,2.7983,2.8038,2.8038,2.8033,2.8033,2
2026-04-09 07:01:00,2.7978,2.7983,2.7978,2.7978,2.8028,2.8033,2.8028,2.8028,5
2026-04-09 07:02:00,2.7973,2.7998,2.7973,2.7993,2.8023,2.8048,2.8023,2.8043,6
2026-04-09 07:03:00,2.7998,2.7998,2.7978,2.7998,2.8048,2.8048,2.8028,2.8048,8
2026-04-09 07:04:00,2.7993,2.8018,2.7988,2.8008,2.8043,2.8068,2.8038,2.8058,7
2026-04-09 07:05:00,2.8003,2.8038,2.8003,2.8038,2.8053,2.8088,2.8053,2.8088,12
2026-04-09 07:06:00,2.8028,2.8038,2.8023,2.8028,2.8078,2.8088,2.8073,2.8078,13
2026-04-09 07:07:00,2.8023,2.8028,2.8003,2.8013,2.8073,2.8078,2.8053,2.8063,10
2026-04-09 07:08:00,2.8003,2.8008,2.7998,2.7998,2.8053,2.8058,2.8048,2.8048,3
2026-04-09 07:09:00,2.7993,2.7993,2.7973,2.7978,2.8043,2.8043,2.8023,2.8028,5
2026-04-09 07:11:00,2.7973,2.7973,2.7973,2.7973,2.8023,2.8023,2.8023,2.8023,1
2026-04-09 07:12:00,2.7978,2.7978,2.7963,2.7963,2.8028,2.8028,2.8013,2.8013,3
2026-04-09 07:13:00,2.7968,2.7968,2.7968,2.7968,2.8018,2.8018,2.8018,2.8018,1
2026-04-09 07:14:00,2.7978,2.7978,2.7948,2.7963,2.8028,2.8028,2.7998,2.8013,10
2026-04-09 07:15:00,2.7968,2.7968,2.7958,2.7958,2.8018,2.8018,2.8008,2.8008,5
2026-04-09 07:16:00,2.7953,2.7958,2.7943,2.7943,2.8003,2.8008,2.7993,2.7993,4
2026-04-09 07:17:00,2.7948,2.7948,2.7948,2.7948,2.7998,2.7998,2.7998,2.7998,1
2026-04-09 07:18:00,2.7958,2.7978,2.7953,2.7963,2.8008,2.8028,2.8003,2.8013,9
2026-04-09 07:19:00,2.7958,2.7958,2.7953,2.7958,2.8008,2.8008,2.8003,2.8008,3
2026-04-09 07:20:00,2.7948,2.7948,2.7948,2.7948,2.7998,2.7998,2.7998,2.7998,1
2026-04-09 07:21:00,2.7953,2.7958,2.7953,2.7958,2.8003,2.8008,2.8003,2.8008,2
2026-04-09 07:22:00,2.7953,2.7963,2.7953,2.7963,2.8003,2.8013,2.8003,2.8013,5
2026-04-09 07:23:00,2.7968,2.7968,2.7968,2.7968,2.8018,2.8018,2.8018,2.8018,1
2026-04-09 07:24:00,2.7978,2.7978,2.7968,2.7968,2.8028,2.8028,2.8018,2.8018,5
2026-04-09 07:25:00,2.7978,2.7978,2.7973,2.7973,2.8028,2.8028,2.8023,2.8023,10
2026-04-09 07:26:00,2.7978,2.7978,2.7973,2.7978,2.8028,2.8028,2.8023,2.8028,5
2026-04-09 07:27:00,2.7983,2.8008,2.7983,2.8008,2.8033,2.8058,2.8033,2.8058,4
2026-04-09 07:28:00,2.8003,2.8003,2.7983,2.7983,2.8053,2.8053,2.8033,2.8033,4
2026-04-09 07:29:00,2.7993,2.7998,2.7993,2.7998,2.8043,2.8048,2.8043,2.8048,2
2026-04-09 07:30:00,2.8008,2.8013,2.7993,2.7993,2.8058,2.8063,2.8043,2.8043,8
2026-04-09 07:31:00,2.7998,2.8008,2.7998,2.8003,2.8048,2.8058,2.8048,2.8053,4
2026-04-09 07:32:00,2.7998,2.8003,2.7988,2.8003,2.8048,2.8053,2.8038,2.8053,5
2026-04-09 07:33:00,2.7998,2.8003,2.7998,2.8003,2.8048,2.8053,2.8048,2.8053,2
2026-04-09 07:34:00,2.8008,2.8018,2.8008,2.8018,2.8058,2.8068,2.8058,2.8068,2
2026-04-09 07:35:00,2.8013,2.8023,2.8013,2.8023,2.8063,2.8073,2.8063,2.8073,3
2026-04-09 07:36:00,2.8038,2.8038,2.8038,2.8038,2.8088,2.8088,2.8088,2.8088,1
2026-04-09 07:37:00,2.8033,2.8033,2.8033,2.8033,2.8083,2.8083,2.8083,2.8083,1
2026-04-09 07:38:00,2.8038,2.8038,2.8038,2.8038,2.8088,2.8088,2.8088,2.8088,1
2026-04-09 07:40:00,2.8048,2.8053,2.8048,2.8053,2.8098,2.8103,2.8098,2.8103,2
2026-04-09 07:41:00,2.8048,2.8048,2.8038,2.8048,2.8098,2.8098,2.8088,2.8098,3
2026-04-09 07:42:00,2.8043,2.8048,2.8043,2.8048,2.8093,2.8098,2.8093,2.8098,2
2026-04-09 07:43:00,2.8038,2.8048,2.8033,2.8033,2.8088,2.8098,2.8083,2.8083,5
2026-04-09 07:44:00,2.8023,2.8033,2.8023,2.8028,2.8073,2.8083,2.8073,2.8078,5
2026-04-09 07:45:00,2.8033,2.8043,2.8033,2.8038,2.8083,2.8093,2.8083,2.8088,4
2026-04-09 07:46:00,2.8043,2.8048,2.8038,2.8048,2.8093,2.8098,2.8088,2.8098,3
2026-04-09 07:47:00,2.8043,2.8048,2.8043,2.8048,2.8093,2.8098,2.8093,2.8098,2
2026-04-09 07:48:00,2.8063,2.8063,2.8038,2.8038,2.8113,2.8113,2.8088,2.8088,4
2026-04-09 07:49:00,2.8043,2.8048,2.8043,2.8048,2.8093,2.8098,2.8093,2.8098,2
2026-04-09 07:50:00,2.8038,2.8038,2.8028,2.8028,2.8088,2.8088,2.8078,2.8078,3
2026-04-09 07:51:00,2.8023,2.8033,2.8018,2.8028,2.8073,2.8083,2.8068,2.8078,6
2026-04-09 07:52:00,2.8023,2.8023,2.8023,2.8023,2.8073,2.8073,2.8073,2.8073,1
2026-04-09 07:53:00,2.8018,2.8023,2.8018,2.8023,2.8068,2.8073,2.8068,2.8073,2
2026-04-09 07:54:00,2.8028,2.8028,2.8028,2.8028,2.8078,2.8078,2.8078,2.8078,1
2026-04-09 07:55:00,2.8018,2.8018,2.8003,2.8003,2.8068,2.8068,2.8053,2.8053,3
2026-04-09 07:56:00,2.8008,2.8008,2.8008,2.8008,2.8058,2.8058,2.8058,2.8058,1
2026-04-09 07:57:00,2.8018,2.8018,2.8008,2.8008,2.8068,2.8068,2.8058,2.8058,5
2026-04-09 07:58:00,2.8013,2.8013,2.7988,2.7998,2.8063,2.8063,2.8038,2.8048,13
2026-04-09 07:59:00,2.8003,2.8003,2.8003,2.8003,2.8053,2.8053,2.8053,2.8053,1
2026-04-09 08:00:00,2.8008,2.8028,2.8003,2.8018,2.8058,2.8078,2.8053,2.8068,9
2026-04-09 08:01:00,2.8023,2.8033,2.8018,2.8018,2.8073,2.8083,2.8068,2.8068,9
2026-04-09 08:03:00,2.8008,2.8028,2.8008,2.8028,2.8058,2.8078,2.8058,2.8078,8
2026-04-09 08:04:00,2.8038,2.8058,2.8028,2.8028,2.8088,2.8108,2.8078,2.8078,11
2026-04-09 08:05:00,2.8033,2.8038,2.8033,2.8038,2.8083,2.8088,2.8083,2.8088,4
2026-04-09 08:06:00,2.8043,2.8043,2.8043,2.8043,2.8093,2.8093,2.8093,2.8093,1
2026-04-09 08:07:00,2.8033,2.8033,2.8028,2.8028,2.8083,2.8083,2.8078,2.8078,2
2026-04-09 08:08:00,2.8018,2.8018,2.8008,2.8008,2.8068,2.8068,2.8058,2.8058,4
2026-04-09 08:09:00,2.8013,2.8018,2.8013,2.8013,2.8063,2.8068,2.8063,2.8063,3
2026-04-09 08:10:00,2.8018,2.8023,2.7998,2.7998,2.8068,2.8073,2.8048,2.8048,11
2026-04-09 08:11:00,2.8003,2.8023,2.8003,2.8003,2.8053,2.8073,2.8053,2.8053,12
2026-04-09 08:12:00,2.8008,2.8018,2.7998,2.8013,2.8058,2.8068,2.8048,2.8063,10
2026-04-09 08:13:00,2.8018,2.8018,2.8013,2.8013,2.8068,2.8068,2.8063,2.8063,2
2026-04-09 08:14:00,2.8018,2.8018,2.8008,2.8008,2.8068,2.8068,2.8058,2.8058,5
2026-04-09 08:15:00,2.8003,2.8003,2.7968,2.7973,2.8053,2.8053,2.8018,2.8023,20
2026-04-09 08:16:00,2.7963,2.7978,2.7958,2.7973,2.8013,2.8028,2.8008,2.8023,17
2026-04-09 08:17:00,2.7968,2.7968,2.7948,2.7953,2.8018,2.8018,2.7998,2.8003,9
2026-04-09 08:18:00,2.7963,2.7963,2.7953,2.7958,2.8013,2.8013,2.8003,2.8008,4
2026-04-09 08:19:00,2.7953,2.7958,2.7953,2.7953,2.8003,2.8008,2.8003,2.8003,9
2026-04-09 08:20:00,2.7958,2.7963,2.7948,2.7953,2.8008,2.8013,2.7998,2.8003,5
2026-04-09 08:21:00,2.7948,2.7948,2.7938,2.7938,2.7998,2.7998,2.7988,2.7988,6
2026-04-09 08:22:00,2.7943,2.7958,2.7943,2.7958,2.7993,2.8008,2.7993,2.8008,4
2026-04-09 08:23:00,2.7968,2.7968,2.7958,2.7968,2.8018,2.8018,2.8008,2.8018,8
2026-04-09 08:24:00,2.7973,2.8008,2.7973,2.8003,2.8023,2.8058,2.8023,2.8053,7
2026-04-09 08:25:00,2.7998,2.8008,2.7993,2.8008,2.8048,2.8058,2.8043,2.8058,13
2026-04-09 08:26:00,2.8018,2.8018,2.7998,2.8013,2.8068,2.8068,2.8048,2.8063,9
2026-04-09 08:27:00,2.8018,2.8018,2.7993,2.7998,2.8068,2.8068,2.8043,2.8048,6
2026-04-09 08:28:00,2.8003,2.8008,2.7998,2.7998,2.8053,2.8058,2.8048,2.8048,6
2026-04-09 08:29:00,2.7993,2.8013,2.7993,2.8013,2.8043,2.8063,2.8043,2.8063,9
2026-04-09 08:30:00,2.8008,2.8013,2.8003,2.8008,2.8058,2.8063,2.8053,2.8058,5
2026-04-09 08:31:00,2.8013,2.8013,2.8008,2.8013,2.8063,2.8063,2.8058,2.8063,3
2026-04-09 08:32:00,2.8008,2.8023,2.7998,2.8018,2.8058,2.8073,2.8048,2.8068,6
2026-04-09 08:33:00,2.8008,2.8023,2.7998,2.8023,2.8058,2.8073,2.8048,2.8073,7
2026-04-09 08:34:00,2.8013,2.8023,2.8013,2.8023,2.8063,2.8073,2.8063,2.8073,3
2026-04-09 08:35:00,2.8028,2.8028,2.8018,2.8018,2.8078,2.8078,2.8068,2.8068,2
2026-04-09 08:36:00,2.8023,2.8028,2.8018,2.8028,2.8073,2.8078,2.8068,2.8078,4
2026-04-09 08:37:00,2.8018,2.8028,2.8003,2.8013,2.8068,2.8078,2.8053,2.8063,11
2026-04-09 08:38:00,2.8018,2.8018,2.8013,2.8013,2.8068,2.8068,2.8063,2.8063,2
2026-04-09 08:39:00,2.8008,2.8008,2.7993,2.7993,2.8058,2.8058,2.8043,2.8043,4
2026-04-09 08:40:00,2.7998,2.8008,2.7988,2.7988,2.8048,2.8058,2.8038,2.8038,5
2026-04-09 08:41:00,2.7983,2.8008,2.7983,2.7998,2.8033,2.8058,2.8033,2.8048,6
2026-04-09 08:42:00,2.7993,2.8003,2.7993,2.7993,2.8043,2.8053,2.8043,2.8043,3
2026-04-09 08:43:00,2.7988,2.7988,2.7988,2.7988,2.8038,2.8038,2.8038,2.8038,1
2026-04-09 08:44:00,2.7998,2.7998,2.7988,2.7993,2.8048,2.8048,2.8038,2.8043,4
2026-04-09 08:45:00,2.7998,2.8013,2.7998,2.8013,2.8048,2.8063,2.8048,2.8063,3
2026-04-09 08:46:00,2.8008,2.8023,2.8008,2.8023,2.8058,2.8073,2.8058,2.8073,6
2026-04-09 08:47:00,2.8028,2.8028,2.8028,2.8028,2.8078,2.8078,2.8078,2.8078,1
2026-04-09 08:48:00,2.8023,2.8048,2.8018,2.8028,2.8073,2.8098,2.8068,2.8078,12
2026-04-09 08:49:00,2.8033,2.8043,2.8033,2.8038,2.8083,2.8093,2.8083,2.8088,4
2026-04-09 08:50:00,2.8048,2.8048,2.8023,2.8028,2.8098,2.8098,2.8073,2.8078,8
2026-04-09 08:51:00,2.8033,2.8043,2.8023,2.8023,2.8083,2.8093,2.8073,2.8073,7
2026-04-09 08:52:00,2.8018,2.8028,2.8018,2.8028,2.8068,2.8078,2.8068,2.8078,3
2026-04-09 08:53:00,2.8008,2.8013,2.8003,2.8008,2.8058,2.8063,2.8053,2.8058,5
2026-04-09 08:54:00,2.8003,2.8008,2.8003,2.8003,2.8053,2.8058,2.8053,2.8053,3
2026-04-09 08:55:00,2.7998,2.7998,2.7988,2.7988,2.8048,2.8048,2.8038,2.8038,5
2026-04-09 08:56:00,2.7998,2.8008,2.7998,2.7998,2.8048,2.8058,2.8048,2.8048,6
2026-04-09 08:57:00,2.8003,2.8013,2.8003,2.8003,2.8053,2.8063,2.8053,2.8053,4
2026-04-09 08:58:00,2.7998,2.7998,2.7973,2.7973,2.8048,2.8048,2.8023,2.8023,8
2026-04-09 08:59:00,2.7968,2.7983,2.7968,2.7983,2.8018,2.8033,2.8018,2.8033,9
2026-04-09 09:00:00,2.7988,2.7998,2.7958,2.7958,2.8038,2.8048,2.8008,2.8008,11
2026-04-09 09:01:00,2.7968,2.7978,2.7968,2.7968,2.8018,2.8028,2.8018,2.8018,3
2026-04-09 09:02:00,2.7958,2.7968,2.7958,2.7968,2.8008,2.8018,2.8008,2.8018,7
2026-04-09 09:03:00,2.7978,2.7998,2.7978,2.7988,2.8028,2.8048,2.8028,2.8038,8
2026-04-09 09:04:00,2.7993,2.7998,2.7988,2.7998,2.8043,2.8048,2.8038,2.8048,5
2026-04-09 09:05:00,2.8003,2.8008,2.8003,2.8008,2.8053,2.8058,2.8053,2.8058,4
2026-04-09 09:06:00,2.7998,2.8018,2.7998,2.8018,2.8048,2.8068,2.8048,2.8068,4
2026-04-09 09:07:00,2.8013,2.8028,2.8013,2.8028,2.8063,2.8078,2.8063,2.8078,3
2026-04-09 09:08:00,2.8023,2.8023,2.8008,2.8008,2.8073,2.8073,2.8058,2.8058,7
2026-04-09 09:09:00,2.8013,2.8023,2.8008,2.8023,2.8063,2.8073,2.8058,2.8073,4
2026-04-09 09:10:00,2.8018,2.8028,2.8018,2.8023,2.8068,2.8078,2.8068,2.8073,5
2026-04-09 09:11:00,2.8028,2.8033,2.8013,2.8033,2.8078,2.8083,2.8063,2.8083,8
2026-04-09 09:12:00,2.8028,2.8028,2.8018,2.8023,2.8078,2.8078,2.8068,2.8073,5
2026-04-09 09:13:00,2.8018,2.8038,2.8018,2.8038,2.8068,2.8088,2.8068,2.8088,5
2026-04-09 09:14:00,2.8033,2.8033,2.8028,2.8033,2.8083,2.8083,2.8078,2.8083,3
2026-04-09 09:15:00,2.8028,2.8028,2.8028,2.8028,2.8078,2.8078,2.8078,2.8078,1
2026-04-09 09:16:00,2.8018,2.8038,2.8018,2.8038,2.8068,2.8088,2.8068,2.8088,7
2026-04-09 09:17:00,2.8033,2.8038,2.8028,2.8038,2.8083,2.8088,2.8078,2.8088,6
2026-04-09 09:18:00,2.8033,2.8038,2.8028,2.8038,2.8083,2.8088,2.8078,2.8088,5
2026-04-09 09:19:00,2.8028,2.8048,2.8028,2.8048,2.8078,2.8098,2.8078,2.8098,5
2026-04-09 09:20:00,2.8043,2.8058,2.8043,2.8048,2.8093,2.8108,2.8093,2.8098,7
2026-04-09 09:21:00,2.8058,2.8068,2.8033,2.8033,2.8108,2.8118,2.8083,2.8083,13
2026-04-09 09:22:00,2.8018,2.8043,2.8018,2.8043,2.8068,2.8093,2.8068,2.8093,7
2026-04-09 09:23:00,2.8038,2.8048,2.8038,2.8048,2.8088,2.8098,2.8088,2.8098,4
2026-04-09 09:24:00,2.8038,2.8058,2.8038,2.8053,2.8088,2.8108,2.8088,2.8103,7
2026-04-09 09:25:00,2.8048,2.8058,2.8048,2.8048,2.8098,2.8108,2.8098,2.8098,4
2026-04-09 09:26:00,2.8058,2.8058,2.8053,2.8053,2.8108,2.8108,2.8103,2.8103,4
2026-04-09 09:27:00,2.8058,2.8068,2.8058,2.8058,2.8108,2.8118,2.8108,2.8108,6
2026-04-09 09:28:00,2.8063,2.8063,2.8048,2.8053,2.8113,2.8113,2.8098,2.8103,7
2026-04-09 09:29:00,2.8048,2.8048,2.8028,2.8048,2.8098,2.8098,2.8078,2.8098,7
2026-04-09 09:30:00,2.8043,2.8048,2.8038,2.8038,2.8093,2.8098,2.8088,2.8088,4
2026-04-09 09:31:00,2.8028,2.8038,2.8028,2.8033,2.8078,2.8088,2.8078,2.8083,5
2026-04-09 09:32:00,2.8038,2.8038,2.8033,2.8033,2.8088,2.8088,2.8083,2.8083,6
2026-04-09 09:33:00,2.8028,2.8028,2.8023,2.8023,2.8078,2.8078,2.8073,2.8073,2
2026-04-09 09:34:00,2.8018,2.8033,2.8018,2.8033,2.8068,2.8083,2.8068,2.8083,13
2026-04-09 09:35:00,2.8038,2.8038,2.8018,2.8028,2.8088,2.8088,2.8068,2.8078,12
2026-04-09 09:36:00,2.8038,2.8038,2.8028,2.8038,2.8088,2.8088,2.8078,2.8088,3
2026-04-09 09:37:00,2.8033,2.8033,2.8023,2.8028,2.8083,2.8083,2.8073,2.8078,4
2026-04-09 09:38:00,2.8018,2.8038,2.8018,2.8023,2.8068,2.8088,2.8068,2.8073,8
2026-04-09 09:39:00,2.8028,2.8038,2.8028,2.8038,2.8078,2.8088,2.8078,2.8088,3
2026-04-09 09:40:00,2.8043,2.8043,2.8043,2.8043,2.8093,2.8093,2.8093,2.8093,1
2026-04-09 09:41:00,2.8048,2.8048,2.8043,2.8043,2.8098,2.8098,2.8093,2.8093,2
2026-04-09 09:42:00,2.8048,2.8058,2.8048,2.8053,2.8098,2.8108,2.8098,2.8103,3
2026-04-09 09:43:00,2.8048,2.8053,2.8048,2.8048,2.8098,2.8103,2.8098,2.8098,3
2026-04-09 09:44:00,2.8043,2.8043,2.8038,2.8038,2.8093,2.8093,2.8088,2.8088,2
2026-04-09 09:45:00,2.8048,2.8068,2.8048,2.8058,2.8098,2.8118,2.8098,2.8108,4
2026-04-09 09:46:00,2.8063,2.8068,2.8058,2.8068,2.8113,2.8118,2.8108,2.8118,7
2026-04-09 09:47:00,2.8058,2.8058,2.8058,2.8058,2.8108,2.8108,2.8108,2.8108,1
2026-04-09 09:48:00,2.8048,2.8063,2.8048,2.8058,2.8098,2.8113,2.8098,2.8108,4
2026-04-09 09:49:00,2.8048,2.8068,2.8048,2.8068,2.8098,2.8118,2.8098,2.8118,5
2026-04-09 09:50:00,2.8078,2.8078,2.8063,2.8078,2.8128,2.8128,2.8113,2.8128,8
2026-04-09 09:51:00,2.8068,2.8093,2.8068,2.8088,2.8118,2.8143,2.8118,2.8138,6
2026-04-09 09:52:00,2.8078,2.8078,2.8048,2.8058,2.8128,2.8128,2.8098,2.8108,7
2026-04-09 09:53:00,2.8048,2.8048,2.8048,2.8048,2.8098,2.8098,2.8098,2.8098,1
2026-04-09 09:54:00,2.8043,2.8048,2.8038,2.8048,2.8093,2.8098,2.8088,2.8098,3
2026-04-09 09:55:00,2.8038,2.8053,2.8038,2.8048,2.8088,2.8103,2.8088,2.8098,9
2026-04-09 09:56:00,2.8058,2.8058,2.8048,2.8048,2.8108,2.8108,2.8098,2.8098,2
2026-04-09 09:58:00,2.8053,2.8058,2.8053,2.8058,2.8103,2.8108,2.8103,2.8108,2
2026-04-09 09:59:00,2.8068,2.8068,2.8058,2.8068,2.8118,2.8118,2.8108,2.8118,6
2026-04-09 10:00:00,2.8058,2.8068,2.8058,2.8068,2.8108,2.8118,2.8108,2.8118,2
2026-04-09 10:01:00,2.8078,2.8078,2.8068,2.8068,2.8128,2.8128,2.8118,2.8118,6
2026-04-09 10:02:00,2.8073,2.8088,2.8068,2.8078,2.8123,2.8138,2.8118,2.8128,8
2026-04-09 10:03:00,2.8068,2.8083,2.8068,2.8078,2.8118,2.8133,2.8118,2.8128,5
2026-04-09 10:04:00,2.8068,2.8068,2.8058,2.8058,2.8118,2.8118,2.8108,2.8108,7
2026-04-09 10:05:00,2.8063,2.8078,2.8063,2.8078,2.8113,2.8128,2.8113,2.8128,3
2026-04-09 10:06:00,2.8088,2.8118,2.8088,2.8098,2.8138,2.8168,2.8138,2.8148,11
2026-04-09 10:07:00,2.8093,2.8098,2.8068,2.8068,2.8143,2.8148,2.8118,2.8118,18
2026-04-09 10:08:00,2.8078,2.8088,2.8068,2.8078,2.8128,2.8138,2.8118,2.8128,6
2026-04-09 10:09:00,2.8083,2.8088,2.8083,2.8088,2.8133,2.8138,2.8133,2.8138,2
2026-04-09 10:10:00,2.8098,2.8098,2.8088,2.8088,2.8148,2.8148,2.8138,2.8138,4
2026-04-09 10:11:00,2.8083,2.8083,2.8083,2.8083,2.8133,2.8133,2.8133,2.8133,1
2026-04-09 10:12:00,2.8078,2.8078,2.8078,2.8078,2.8128,2.8128,2.8128,2.8128,1
2026-04-09 10:13:00,2.8068,2.8078,2.8068,2.8078,2.8118,2.8128,2.8118,2.8128,4
2026-04-09 10:14:00,2.8073,2.8078,2.8068,2.8078,2.8123,2.8128,2.8118,2.8128,7
2026-04-09 10:15:00,2.8088,2.8088,2.8078,2.8088,2.8138,2.8138,2.8128,2.8138,4
2026-04-09 10:16:00,2.8083,2.8088,2.8083,2.8083,2.8133,2.8138,2.8133,2.8133,3
2026-04-09 10:17:00,2.8078,2.8078,2.8073,2.8078,2.8128,2.8128,2.8123,2.8128,3
2026-04-09 10:18:00,2.8088,2.8088,2.8078,2.8078,2.8138,2.8138,2.8128,2.8128,2
2026-04-09 10:19:00,2.8068,2.8068,2.8048,2.8058,2.8118,2.8118,2.8098,2.8108,8
2026-04-09 10:20:00,2.8048,2.8058,2.8038,2.8048,2.8098,2.8108,2.8088,2.8098,11
2026-04-09 10:21:00,2.8053,2.8058,2.8048,2.8048,2.8103,2.8108,2.8098,2.8098,10
2026-04-09 10:22:00,2.8053,2.8053,2.8048,2.8048,2.8103,2.8103,2.8098,2.8098,2
2026-04-09 10:23:00,2.8058,2.8058,2.8038,2.8038,2.8108,2.8108,2.8088,2.8088,4
2026-04-09 10:24:00,2.8028,2.8028,2.8018,2.8018,2.8078,2.8078,2.8068,2.8068,7
2026-04-09 10:25:00,2.8028,2.8028,2.8018,2.8028,2.8078,2.8078,2.8068,2.8078,4
2026-04-09 10:26:00,2.8018,2.8038,2.8018,2.8038,2.8068,2.8088,2.8068,2.8088,4
2026-04-09 10:27:00,2.8048,2.8048,2.8038,2.8038,2.8098,2.8098,2.8088,2.8088,2
2026-04-09 10:28:00,2.8028,2.8038,2.8028,2.8033,2.8078,2.8088,2.8078,2.8083,3
2026-04-09 10:29:00,2.8028,2.8048,2.8023,2.8043,2.8078,2.8098,2.8073,2.8093,15
2026-04-09 10:30:00,2.8038,2.8048,2.8018,2.8028,2.8088,2.8098,2.8068,2.8078,13
2026-04-09 10:31:00,2.8023,2.8023,2.8013,2.8013,2.8073,2.8073,2.8063,2.8063,4
2026-04-09 10:32:00,2.8018,2.8023,2.8018,2.8023,2.8068,2.8073,2.8068,2.8073,2
2026-04-09 10:33:00,2.8028,2.8028,2.8018,2.8023,2.8078,2.8078,2.8068,2.8073,10
2026-04-09 10:34:00,2.8018,2.8018,2.8008,2.8013,2.8068,2.8068,2.8058,2.8063,4
2026-04-09 10:35:00,2.8018,2.8018,2.8008,2.8008,2.8068,2.8068,2.8058,2.8058,3
2026-04-09 10:36:00,2.8013,2.8048,2.8013,2.8018,2.8063,2.8098,2.8063,2.8068,12
2026-04-09 10:37:00,2.8028,2.8028,2.8018,2.8028,2.8078,2.8078,2.8068,2.8078,7
2026-04-09 10:39:00,2.8023,2.8038,2.8023,2.8038,2.8073,2.8088,2.8073,2.8088,3
2026-04-09 10:40:00,2.8033,2.8038,2.8033,2.8038,2.8083,2.8088,2.8083,2.8088,4
2026-04-09 10:41:00,2.8033,2.8033,2.8028,2.8028,2.8083,2.8083,2.8078,2.8078,2
2026-04-09 10:42:00,2.8023,2.8023,2.8018,2.8018,2.8073,2.8073,2.8068,2.8068,2
2026-04-09 10:43:00,2.8003,2.8003,2.7973,2.7998,2.8053,2.8053,2.8023,2.8048,13
2026-04-09 10:44:00,2.7993,2.8013,2.7993,2.7998,2.8043,2.8063,2.8043,2.8048,13
2026-04-09 10:45:00,2.7993,2.7998,2.7988,2.7998,2.8043,2.8048,2.8038,2.8048,9
2026-04-09 10:46:00,2.7993,2.7998,2.7988,2.7988,2.8043,2.8048,2.8038,2.8038,9
2026-04-09 10:47:00,2.7983,2.7988,2.7973,2.7978,2.8033,2.8038,2.8023,2.8028,12
2026-04-09 10:48:00,2.7968,2.7978,2.7958,2.7963,2.8018,2.8028,2.8008,2.8013,17
2026-04-09 10:49:00,2.7958,2.7988,2.7958,2.7988,2.8008,2.8038,2.8008,2.8038,10
2026-04-09 10:50:00,2.7983,2.7983,2.7973,2.7978,2.8033,2.8033,2.8023,2.8028,3
2026-04-09 10:51:00,2.7988,2.7988,2.7978,2.7978,2.8038,2.8038,2.8028,2.8028,7
2026-04-09 10:52:00,2.7983,2.7983,2.7978,2.7978,2.8033,2.8033,2.8028,2.8028,4
2026-04-09 10:53:00,2.7968,2.7978,2.7968,2.7968,2.8018,2.8028,2.8018,2.8018,4
2026-04-09 10:54:00,2.7963,2.7968,2.7948,2.7968,2.8013,2.8018,2.7998,2.8018,12
2026-04-09 10:55:00,2.7978,2.7978,2.7958,2.7968,2.8028,2.8028,2.8008,2.8018,8
2026-04-09 10:56:00,2.7978,2.7988,2.7978,2.7978,2.8028,2.8038,2.8028,2.8028,4
2026-04-09 10:57:00,2.7973,2.8008,2.7973,2.8003,2.8023,2.8058,2.8023,2.8053,11
2026-04-09 10:58:00,2.7998,2.7998,2.7988,2.7988,2.8048,2.8048,2.8038,2.8038,4
2026-04-09 10:59:00,2.7998,2.8008,2.7988,2.7998,2.8048,2.8058,2.8038,2.8048,15
2026-04-09 11:00:00,2.8008,2.8008,2.7988,2.7998,2.8058,2.8058,2.8038,2.8048,4
2026-04-09 11:01:00,2.7993,2.8003,2.7973,2.7998,2.8043,2.8053,2.8023,2.8048,13
2026-04-09 11:02:00,2.8003,2.8003,2.7983,2.7983,2.8053,2.8053,2.8033,2.8033,5
2026-04-09 11:03:00,2.7993,2.7998,2.7983,2.7998,2.8043,2.8048,2.8033,2.8048,6
2026-04-09 11:04:00,2.7993,2.7993,2.7978,2.7983,2.8043,2.8043,2.8028,2.8033,9
2026-04-09 11:05:00,2.7978,2.7988,2.7978,2.7983,2.8028,2.8038,2.8028,2.8033,5
2026-04-09 11:06:00,2.7988,2.7988,2.7988,2.7988,2.8038,2.8038,2.8038,2.8038,1
2026-04-09 11:07:00,2.7978,2.7993,2.7978,2.7988,2.8028,2.8043,2.8028,2.8038,12
2026-04-09 11:08:00,2.7998,2.7998,2.7988,2.7988,2.8048,2.8048,2.8038,2.8038,3
2026-04-09 11:09:00,2.7993,2.8008,2.7993,2.8003,2.8043,2.8058,2.8043,2.8053,10
2026-04-09 11:10:00,2.8008,2.8008,2.7988,2.7998,2.8058,2.8058,2.8038,2.8048,6
2026-04-09 11:11:00,2.8003,2.8003,2.7998,2.7998,2.8053,2.8053,2.8048,2.8048,2
2026-04-09 11:12:00,2.8003,2.8008,2.7998,2.7998,2.8053,2.8058,2.8048,2.8048,4
2026-04-09 11:13:00,2.8003,2.8003,2.7998,2.7998,2.8053,2.8053,2.8048,2.8048,2
2026-04-09 11:14:00,2.7988,2.7998,2.7988,2.7998,2.8038,2.8048,2.8038,2.8048,5
2026-04-09 11:15:00,2.7988,2.8008,2.7988,2.8008,2.8038,2.8058,2.8038,2.8058,4
2026-04-09 11:16:00,2.8003,2.8003,2.8003,2.8003,2.8053,2.8053,2.8053,2.8053,1
2026-04-09 11:17:00,2.7998,2.7998,2.7988,2.7988,2.8048,2.8048,2.8038,2.8038,5
2026-04-09 11:18:00,2.7998,2.7998,2.7978,2.7983,2.8048,2.8048,2.8028,2.8033,4
2026-04-09 11:19:00,2.7988,2.7988,2.7968,2.7978,2.8038,2.8038,2.8018,2.8028,4
2026-04-09 11:20:00,2.7983,2.7988,2.7978,2.7978,2.8033,2.8038,2.8028,2.8028,8
2026-04-09 11:21:00,2.7988,2.7988,2.7978,2.7978,2.8038,2.8038,2.8028,2.8028,5
2026-04-09 11:22:00,2.7973,2.7978,2.7968,2.7968,2.8023,2.8028,2.8018,2.8018,4
2026-04-09 11:24:00,2.7958,2.7958,2.7948,2.7948,2.8008,2.8008,2.7998,2.7998,14
2026-04-09 11:25:00,2.7958,2.7958,2.7953,2.7953,2.8008,2.8008,2.8003,2.8003,2
2026-04-09 11:26:00,2.7948,2.7973,2.7938,2.7968,2.7998,2.8023,2.7988,2.8018,9
2026-04-09 11:27:00,2.7963,2.7978,2.7958,2.7978,2.8013,2.8028,2.8008,2.8028,7
2026-04-09 11:28:00,2.7983,2.7988,2.7978,2.7983,2.8033,2.8038,2.8028,2.8033,8
2026-04-09 11:29:00,2.7978,2.7988,2.7978,2.7983,2.8028,2.8038,2.8028,2.8033,6
2026-04-09 11:30:00,2.7988,2.7988,2.7978,2.7983,2.8038,2.8038,2.8028,2.8033,4
2026-04-09 11:31:00,2.7988,2.7988,2.7978,2.7978,2.8038,2.8038,2.8028,2.8028,5
2026-04-09 11:32:00,2.7968,2.7988,2.7968,2.7988,2.8018,2.8038,2.8018,2.8038,4
2026-04-09 11:33:00,2.7998,2.8053,2.7998,2.8038,2.8048,2.8103,2.8048,2.8088,12
2026-04-09 11:34:00,2.8028,2.8038,2.8003,2.8008,2.8078,2.8088,2.8053,2.8058,8
2026-04-09 11:35:00,2.8018,2.8018,2.8008,2.8008,2.8068,2.8068,2.8058,2.8058,5
2026-04-09 11:36:00,2.8003,2.8008,2.7998,2.7998,2.8053,2.8058,2.8048,2.8048,5
2026-04-09 11:37:00,2.8008,2.8008,2.7988,2.7988,2.8058,2.8058,2.8038,2.8038,5
2026-04-09 11:38:00,2.7983,2.7988,2.7983,2.7988,2.8033,2.8038,2.8033,2.8038,2
2026-04-09 11:39:00,2.7983,2.7988,2.7983,2.7988,2.8033,2.8038,2.8033,2.8038,2
2026-04-09 11:40:00,2.7983,2.7988,2.7983,2.7988,2.8033,2.8038,2.8033,2.8038,2
2026-04-09 11:42:00,2.7983,2.7988,2.7978,2.7983,2.8033,2.8038,2.8028,2.8033,6
2026-04-09 11:43:00,2.7988,2.7988,2.7988,2.7988,2.8038,2.8038,2.8038,2.8038,1
2026-04-09 11:44:00,2.7993,2.7998,2.7988,2.7998,2.8043,2.8048,2.8038,2.8048,4
2026-04-09 11:45:00,2.7988,2.7988,2.7988,2.7988,2.8038,2.8038,2.8038,2.8038,1
2026-04-09 11:46:00,2.7983,2.8008,2.7973,2.7998,2.8033,2.8058,2.8023,2.8048,15
2026-04-09 11:47:00,2.7993,2.7998,2.7988,2.7988,2.8043,2.8048,2.8038,2.8038,4
2026-04-09 11:48:00,2.7998,2.8008,2.7998,2.8003,2.8048,2.8058,2.8048,2.8053,5
2026-04-09 11:49:00,2.8008,2.8008,2.7998,2.8008,2.8058,2.8058,2.8048,2.8058,4
2026-04-09 11:51:00,2.8018,2.8028,2.8018,2.8018,2.8068,2.8078,2.8068,2.8068,4
2026-04-09 11:52:00,2.8023,2.8028,2.8018,2.8023,2.8073,2.8078,2.8068,2.8073,6
2026-04-09 11:53:00,2.8018,2.8018,2.8008,2.8008,2.8068,2.8068,2.8058,2.8058,2
2026-04-09 11:54:00,2.7998,2.7998,2.7998,2.7998,2.8048,2.8048,2.8048,2.8048,1
2026-04-09 11:55:00,2.7993,2.8008,2.7988,2.8008,2.8043,2.8058,2.8038,2.8058,9
2026-04-09 11:57:00,2.8018,2.8028,2.8018,2.8028,2.8068,2.8078,2.8068,2.8078,3
2026-04-09 11:58:00,2.8038,2.8038,2.8028,2.8038,2.8088,2.8088,2.8078,2.8088,3
2026-04-09 11:59:00,2.8048,2.8048,2.8048,2.8048,2.8098,2.8098,2.8098,2.8098,1
2026-04-09 12:00:00,2.8043,2.8048,2.8043,2.8048,2.8093,2.8098,2.8093,2.8098,4
2026-04-09 12:01:00,2.8053,2.8068,2.8048,2.8058,2.8103,2.8118,2.8098,2.8108,12
2026-04-09 12:02:00,2.8053,2.8058,2.8048,2.8048,2.8103,2.8108,2.8098,2.8098,6
2026-04-09 12:03:00,2.8058,2.8078,2.8058,2.8078,2.8108,2.8128,2.8108,2.8128,3
2026-04-09 12:04:00,2.8073,2.8078,2.8068,2.8068,2.8123,2.8128,2.8118,2.8118,6
2026-04-09 12:05:00,2.8078,2.8108,2.8068,2.8108,2.8128,2.8158,2.8118,2.8158,15
2026-04-09 12:06:00,2.8103,2.8103,2.8088,2.8088,2.8153,2.8153,2.8138,2.8138,4
2026-04-09 12:07:00,2.8083,2.8098,2.8078,2.8083,2.8133,2.8148,2.8128,2.8133,7
2026-04-09 12:08:00,2.8078,2.8098,2.8078,2.8098,2.8128,2.8148,2.8128,2.8148,6
2026-04-09 12:09:00,2.8093,2.8093,2.8078,2.8088,2.8143,2.8143,2.8128,2.8138,5
2026-04-09 12:10:00,2.8083,2.8088,2.8073,2.8078,2.8133,2.8138,2.8123,2.8128,12
2026-04-09 12:11:00,2.8073,2.8088,2.8073,2.8088,2.8123,2.8138,2.8123,2.8138,4
2026-04-09 12:12:00,2.8078,2.8078,2.8078,2.8078,2.8128,2.8128,2.8128,2.8128,1
2026-04-09 12:13:00,2.8073,2.8078,2.8073,2.8073,2.8123,2.8128,2.8123,2.8123,7
2026-04-09 12:14:00,2.8078,2.8078,2.8068,2.8068,2.8128,2.8128,2.8118,2.8118,2
2026-04-09 12:15:00,2.8058,2.8088,2.8058,2.8073,2.8108,2.8138,2.8108,2.8123,10
2026-04-09 12:16:00,2.8078,2.8088,2.8068,2.8083,2.8128,2.8138,2.8118,2.8133,6
2026-04-09 12:17:00,2.8078,2.8088,2.8073,2.8088,2.8128,2.8138,2.8123,2.8138,4
2026-04-09 12:18:00,2.8078,2.8078,2.8068,2.8078,2.8128,2.8128,2.8118,2.8128,3
2026-04-09 12:19:00,2.8088,2.8088,2.8068,2.8068,2.8138,2.8138,2.8118,2.8118,16
2026-04-09 12:20:00,2.8063,2.8063,2.8038,2.8038,2.8113,2.8113,2.8088,2.8088,5
2026-04-09 12:21:00,2.8028,2.8028,2.8018,2.8018,2.8078,2.8078,2.8068,2.8068,6
2026-04-09 12:23:00,2.8008,2.8018,2.8008,2.8018,2.8058,2.8068,2.8058,2.8068,4
2026-04-09 12:24:00,2.8028,2.8038,2.8023,2.8038,2.8078,2.8088,2.8073,2.8088,4
2026-04-09 12:25:00,2.8033,2.8038,2.8028,2.8038,2.8083,2.8088,2.8078,2.8088,4
2026-04-09 12:26:00,2.8028,2.8048,2.8028,2.8038,2.8078,2.8098,2.8078,2.8088,7
2026-04-09 12:28:00,2.8048,2.8048,2.8038,2.8038,2.8098,2.8098,2.8088,2.8088,3
2026-04-09 12:29:00,2.8048,2.8058,2.8048,2.8058,2.8098,2.8108,2.8098,2.8108,5
2026-04-09 12:30:00,2.8053,2.8058,2.8048,2.8053,2.8103,2.8108,2.8098,2.8103,5
2026-04-09 12:31:00,2.8058,2.8058,2.8053,2.8058,2.8108,2.8108,2.8103,2.8108,3
2026-04-09 12:32:00,2.8048,2.8068,2.8048,2.8063,2.8098,2.8118,2.8098,2.8113,6
2026-04-09 12:33:00,2.8058,2.8088,2.8048,2.8088,2.8108,2.8138,2.8098,2.8138,11
2026-04-09 12:34:00,2.8083,2.8088,2.8083,2.8088,2.8133,2.8138,2.8133,2.8138,4
2026-04-09 12:35:00,2.8098,2.8108,2.8098,2.8108,2.8148,2.8158,2.8148,2.8158,2
2026-04-09 12:36:00,2.8118,2.8118,2.8068,2.8078,2.8168,2.8168,2.8118,2.8128,16
2026-04-09 12:37:00,2.8083,2.8108,2.8068,2.8078,2.8133,2.8158,2.8118,2.8128,14
2026-04-09 12:38:00,2.8073,2.8103,2.8068,2.8098,2.8123,2.8153,2.8118,2.8148,9
2026-04-09 12:39:00,2.8093,2.8098,2.8083,2.8083,2.8143,2.8148,2.8133,2.8133,7
2026-04-09 12:40:00,2.8088,2.8088,2.8078,2.8078,2.8138,2.8138,2.8128,2.8128,2
2026-04-09 12:41:00,2.8083,2.8118,2.8083,2.8113,2.8133,2.8168,2.8133,2.8163,12
2026-04-09 12:42:00,2.8118,2.8128,2.8118,2.8123,2.8168,2.8178,2.8168,2.8173,8
2026-04-09 12:43:00,2.8128,2.8128,2.8128,2.8128,2.8178,2.8178,2.8178,2.8178,1
2026-04-09 12:44:00,2.8118,2.8118,2.8098,2.8108,2.8168,2.8168,2.8148,2.8158,6
2026-04-09 12:45:00,2.8103,2.8103,2.8088,2.8098,2.8153,2.8153,2.8138,2.8148,10
2026-04-09 12:46:00,2.8108,2.8113,2.8108,2.8108,2.8158,2.8163,2.8158,2.8158,3
2026-04-09 12:47:00,2.8098,2.8098,2.8088,2.8088,2.8148,2.8148,2.8138,2.8138,3
2026-04-09 12:48:00,2.8078,2.8078,2.8048,2.8058,2.8128,2.8128,2.8098,2.8108,9
2026-04-09 12:49:00,2.8068,2.8068,2.8038,2.8043,2.8118,2.8118,2.8088,2.8093,11
2026-04-09 12:50:00,2.8038,2.8058,2.8038,2.8053,2.8088,2.8108,2.8088,2.8103,10
2026-04-09 12:51:00,2.8048,2.8048,2.8038,2.8048,2.8098,2.8098,2.8088,2.8098,3
2026-04-09 12:54:00,2.8038,2.8048,2.8018,2.8038,2.8088,2.8098,2.8068,2.8088,14
2026-04-09 12:55:00,2.8033,2.8038,2.8028,2.8028,2.8083,2.8088,2.8078,2.8078,4
2026-04-09 12:56:00,2.8033,2.8128,2.8033,2.8113,2.8083,2.8178,2.8083,2.8163,22
2026-04-09 12:57:00,2.8108,2.8158,2.8108,2.8128,2.8158,2.8208,2.8158,2.8178,30
2026-04-09 12:58:00,2.8133,2.8133,2.8108,2.8108,2.8183,2.8183,2.8158,2.8158,6
2026-04-09 12:59:00,2.8118,2.8128,2.8093,2.8098,2.8168,2.8178,2.8143,2.8148,12
2026-04-09 13:00:00,2.8108,2.8128,2.8093,2.8108,2.8158,2.8178,2.8143,2.8158,24
2026-04-09 13:01:00,2.8103,2.8108,2.8093,2.8098,2.8153,2.8158,2.8143,2.8148,10
2026-04-09 13:02:00,2.8103,2.8128,2.8103,2.8118,2.8153,2.8178,2.8153,2.8168,13
2026-04-09 13:03:00,2.8123,2.8138,2.8118,2.8128,2.8173,2.8188,2.8168,2.8178,16
2026-04-09 13:04:00,2.8123,2.8133,2.8108,2.8108,2.8173,2.8183,2.8158,2.8158,16
2026-04-09 13:05:00,2.8103,2.8138,2.8068,2.8138,2.8153,2.8188,2.8118,2.8188,18
2026-04-09 13:06:00,2.8128,2.8138,2.8068,2.8088,2.8178,2.8188,2.8118,2.8138,26
2026-04-09 13:07:00,2.8093,2.8098,2.8038,2.8038,2.8143,2.8148,2.8088,2.8088,20
2026-04-09 13:08:00,2.8028,2.8068,2.8028,2.8058,2.8078,2.8118,2.8078,2.8108,14
2026-04-09 13:09:00,2.8053,2.8068,2.8038,2.8063,2.8103,2.8118,2.8088,2.8113,21
2026-04-09 13:10:00,2.8068,2.8068,2.8038,2.8048,2.8118,2.8118,2.8088,2.8098,15
2026-04-09 13:11:00,2.8053,2.8058,2.8053,2.8058,2.8103,2.8108,2.8103,2.8108,4
2026-04-09 13:12:00,2.8053,2.8088,2.8053,2.8088,2.8103,2.8138,2.8103,2.8138,12
2026-04-09 13:13:00,2.8083,2.8083,2.8068,2.8068,2.8133,2.8133,2.8118,2.8118,3
2026-04-09 13:14:00,2.8063,2.8078,2.8058,2.8068,2.8113,2.8128,2.8108,2.8118,10
2026-04-09 13:15:00,2.8063,2.8063,2.8063,2.8063,2.8113,2.8113,2.8113,2.8113,1
2026-04-09 13:16:00,2.8068,2.8093,2.8068,2.8093,2.8118,2.8143,2.8118,2.8143,11
2026-04-09 13:17:00,2.8098,2.8098,2.8088,2.8088,2.8148,2.8148,2.8138,2.8138,7
2026-04-09 13:18:00,2.8083,2.8083,2.8048,2.8048,2.8133,2.8133,2.8098,2.8098,11
2026-04-09 13:19:00,2.8043,2.8048,2.8038,2.8038,2.8093,2.8098,2.8088,2.8088,10
2026-04-09 13:20:00,2.8043,2.8058,2.8038,2.8048,2.8093,2.8108,2.8088,2.8098,13
2026-04-09 13:21:00,2.8058,2.8058,2.8048,2.8048,2.8108,2.8108,2.8098,2.8098,3
2026-04-09 13:22:00,2.8038,2.8038,2.8028,2.8028,2.8088,2.8088,2.8078,2.8078,2
2026-04-09 13:23:00,2.8023,2.8048,2.8008,2.8048,2.8073,2.8098,2.8058,2.8098,27
2026-04-09 13:24:00,2.8043,2.8048,2.8038,2.8038,2.8093,2.8098,2.8088,2.8088,7
2026-04-09 13:25:00,2.8048,2.8098,2.8048,2.8098,2.8098,2.8148,2.8098,2.8148,30
2026-04-09 13:26:00,2.8093,2.8098,2.8058,2.8058,2.8143,2.8148,2.8108,2.8108,11
2026-04-09 13:27:00,2.8068,2.8078,2.8058,2.8058,2.8118,2.8128,2.8108,2.8108,8
2026-04-09 13:28:00,2.8053,2.8058,2.8038,2.8048,2.8103,2.8108,2.8088,2.8098,11
2026-04-09 13:29:00,2.8058,2.8073,2.8048,2.8073,2.8108,2.8123,2.8098,2.8123,11
2026-04-09 13:30:00,2.8078,2.8078,2.8028,2.8038,2.8128,2.8128,2.8078,2.8088,17
2026-04-09 13:31:00,2.8043,2.8078,2.8043,2.8073,2.8093,2.8128,2.8093,2.8123,7
2026-04-09 13:32:00,2.8068,2.8088,2.8068,2.8078,2.8118,2.8138,2.8118,2.8128,7
2026-04-09 13:33:00,2.8068,2.8078,2.8053,2.8053,2.8118,2.8128,2.8103,2.8103,7
2026-04-09 13:34:00,2.8058,2.8058,2.8048,2.8058,2.8108,2.8108,2.8098,2.8108,3
2026-04-09 13:35:00,2.8063,2.8083,2.8063,2.8068,2.8113,2.8133,2.8113,2.8118,15
2026-04-09 13:36:00,2.8073,2.8128,2.8073,2.8088,2.8123,2.8178,2.8123,2.8138,18
2026-04-09 13:37:00,2.8078,2.8078,2.8038,2.8038,2.8128,2.8128,2.8088,2.8088,13
2026-04-09 13:38:00,2.8028,2.8048,2.8013,2.8028,2.8078,2.8098,2.8063,2.8078,16
2026-04-09 13:39:00,2.8023,2.8028,2.8018,2.8018,2.8073,2.8078,2.8068,2.8068,9
2026-04-09 13:40:00,2.8008,2.8008,2.7978,2.7998,2.8058,2.8058,2.8028,2.8048,15
2026-04-09 13:41:00,2.7988,2.7988,2.7963,2.7983,2.8038,2.8038,2.8013,2.8033,13
2026-04-09 13:42:00,2.7988,2.8008,2.7968,2.8008,2.8038,2.8058,2.8018,2.8058,13
2026-04-09 13:43:00,2.8003,2.8028,2.7978,2.7988,2.8053,2.8078,2.8028,2.8038,28
2026-04-09 13:44:00,2.7978,2.7988,2.7958,2.7968,2.8028,2.8038,2.8008,2.8018,14
2026-04-09 13:45:00,2.7963,2.7978,2.7948,2.7978,2.8013,2.8028,2.7998,2.8028,29
2026-04-09 13:46:00,2.7973,2.7988,2.7958,2.7988,2.8023,2.8038,2.8008,2.8038,11
2026-04-09 13:47:00,2.7978,2.7988,2.7943,2.7953,2.8028,2.8038,2.7993,2.8003,27
2026-04-09 13:48:00,2.7938,2.7978,2.7938,2.7958,2.7988,2.8028,2.7988,2.8008,22
2026-04-09 13:49:00,2.7948,2.7958,2.7868,2.7878,2.7998,2.8008,2.7918,2.7928,28
2026-04-09 13:50:00,2.7868,2.7918,2.7863,2.7908,2.7918,2.7968,2.7913,2.7958,39
2026-04-09 13:51:00,2.7903,2.7948,2.7903,2.7928,2.7953,2.7998,2.7953,2.7978,20
2026-04-09 13:52:00,2.7933,2.7948,2.7928,2.7948,2.7983,2.7998,2.7978,2.7998,10
2026-04-09 13:53:00,2.7943,2.7943,2.7928,2.7928,2.7993,2.7993,2.7978,2.7978,8
2026-04-09 13:54:00,2.7933,2.7948,2.7928,2.7948,2.7983,2.7998,2.7978,2.7998,17
2026-04-09 13:55:00,2.7943,2.7953,2.7928,2.7938,2.7993,2.8003,2.7978,2.7988,22
2026-04-09 13:56:00,2.7933,2.7973,2.7933,2.7973,2.7983,2.8023,2.7983,2.8023,12
2026-04-09 13:57:00,2.7968,2.7988,2.7958,2.7958,2.8018,2.8038,2.8008,2.8008,14
2026-04-09 13:58:00,2.7963,2.8018,2.7963,2.8008,2.8013,2.8068,2.8013,2.8058,35
2026-04-09 13:59:00,2.8013,2.8018,2.7988,2.7988,2.8063,2.8068,2.8038,2.8038,27
2026-04-09 14:00:00,2.7993,2.8008,2.7958,2.7988,2.8043,2.8058,2.8008,2.8038,53
2026-04-09 14:01:00,2.7993,2.8038,2.7993,2.8008,2.8043,2.8088,2.8043,2.8058,21
2026-04-09 14:02:00,2.8013,2.8028,2.8008,2.8018,2.8063,2.8078,2.8058,2.8068,24
2026-04-09 14:03:00,2.8013,2.8018,2.7998,2.8018,2.8063,2.8068,2.8048,2.8068,14
2026-04-09 14:04:00,2.8013,2.8028,2.8003,2.8028,2.8063,2.8078,2.8053,2.8078,12
2026-04-09 14:05:00,2.8023,2.8028,2.8018,2.8018,2.8073,2.8078,2.8068,2.8068,13
2026-04-09 14:06:00,2.8013,2.8013,2.7978,2.7978,2.8063,2.8063,2.8028,2.8028,16
2026-04-09 14:07:00,2.7988,2.7988,2.7968,2.7988,2.8038,2.8038,2.8018,2.8038,10
2026-04-09 14:08:00,2.7998,2.7998,2.7978,2.7998,2.8048,2.8048,2.8028,2.8048,10
2026-04-09 14:09:00,2.7993,2.7998,2.7978,2.7988,2.8043,2.8048,2.8028,2.8038,9
2026-04-09 14:10:00,2.7993,2.8048,2.7993,2.8028,2.8043,2.8098,2.8043,2.8078,19
2026-04-09 14:11:00,2.8023,2.8033,2.8008,2.8028,2.8073,2.8083,2.8058,2.8078,10
2026-04-09 14:12:00,2.8023,2.8023,2.7998,2.8003,2.8073,2.8073,2.8048,2.8053,22
2026-04-09 14:13:00,2.8008,2.8018,2.7988,2.7998,2.8058,2.8068,2.8038,2.8048,11
2026-04-09 14:14:00,2.8008,2.8018,2.7968,2.7978,2.8058,2.8068,2.8018,2.8028,15
2026-04-09 14:15:00,2.7968,2.7978,2.7958,2.7973,2.8018,2.8028,2.8008,2.8023,14
2026-04-09 14:16:00,2.7968,2.7968,2.7928,2.7938,2.8018,2.8018,2.7978,2.7988,13
2026-04-09 14:17:00,2.7928,2.7928,2.7848,2.7873,2.7978,2.7978,2.7898,2.7923,25
2026-04-09 14:18:00,2.7868,2.7873,2.7848,2.7858,2.7918,2.7923,2.7898,2.7908,16
2026-04-09 14:19:00,2.7863,2.7868,2.7828,2.7838,2.7913,2.7918,2.7878,2.7888,35
2026-04-09 14:20:00,2.7833,2.7838,2.7818,2.7828,2.7883,2.7888,2.7868,2.7878,15
2026-04-09 14:21:00,2.7838,2.7868,2.7818,2.7868,2.7888,2.7918,2.7868,2.7918,19
2026-04-09 14:22:00,2.7863,2.7878,2.7863,2.7868,2.7913,2.7928,2.7913,2.7918,5
2026-04-09 14:23:00,2.7873,2.7878,2.7848,2.7848,2.7923,2.7928,2.7898,2.7898,9
2026-04-09 14:24:00,2.7858,2.7883,2.7838,2.7878,2.7908,2.7933,2.7888,2.7928,30
2026-04-09 14:25:00,2.7883,2.7908,2.7878,2.7888,2.7933,2.7958,2.7928,2.7938,20
2026-04-09 14:26:00,2.7883,2.7903,2.7878,2.7903,2.7933,2.7953,2.7928,2.7953,13
2026-04-09 14:27:00,2.7898,2.7908,2.7888,2.7888,2.7948,2.7958,2.7938,2.7938,8
2026-04-09 14:28:00,2.7883,2.7888,2.7868,2.7873,2.7933,2.7938,2.7918,2.7923,22
2026-04-09 14:29:00,2.7878,2.7888,2.7843,2.7888,2.7928,2.7938,2.7893,2.7938,19
2026-04-09 14:30:00,2.7883,2.7888,2.7848,2.7858,2.7933,2.7938,2.7898,2.7908,27
2026-04-09 14:31:00,2.7868,2.7948,2.7868,2.7908,2.7918,2.7998,2.7918,2.7958,58
2026-04-09 14:32:00,2.7903,2.7908,2.7888,2.7908,2.7953,2.7958,2.7938,2.7958,19
2026-04-09 14:33:00,2.7903,2.7908,2.7888,2.7898,2.7953,2.7958,2.7938,2.7948,19
2026-04-09 14:34:00,2.7908,2.7908,2.7888,2.7908,2.7958,2.7958,2.7938,2.7958,6
2026-04-09 14:35:00,2.7918,2.7978,2.7908,2.7963,2.7968,2.8028,2.7958,2.8013,29
2026-04-09 14:36:00,2.7958,2.7978,2.7948,2.7968,2.8008,2.8028,2.7998,2.8018,19
2026-04-09 14:37:00,2.7963,2.7978,2.7958,2.7973,2.8013,2.8028,2.8008,2.8023,13
2026-04-09 14:38:00,2.7968,2.7998,2.7968,2.7988,2.8018,2.8048,2.8018,2.8038,14
2026-04-09 14:39:00,2.7993,2.7998,2.7978,2.7988,2.8043,2.8048,2.8028,2.8038,18
2026-04-09 14:40:00,2.7983,2.7998,2.7958,2.7958,2.8033,2.8048,2.8008,2.8008,22
2026-04-09 14:41:00,2.7943,2.7943,2.7893,2.7938,2.7993,2.7993,2.7943,2.7988,52
2026-04-09 14:42:00,2.7948,2.7953,2.7928,2.7953,2.7998,2.8003,2.7978,2.8003,20
2026-04-09 14:43:00,2.7948,2.7973,2.7948,2.7973,2.7998,2.8023,2.7998,2.8023,12
2026-04-09 14:44:00,2.7968,2.7978,2.7958,2.7958,2.8018,2.8028,2.8008,2.8008,9
2026-04-09 14:45:00,2.7953,2.7958,2.7938,2.7953,2.8003,2.8008,2.7988,2.8003,9
2026-04-09 14:46:00,2.7958,2.7988,2.7958,2.7988,2.8008,2.8038,2.8008,2.8038,18
2026-04-09 14:47:00,2.7983,2.8008,2.7983,2.7983,2.8033,2.8058,2.8033,2.8033,20
2026-04-09 14:48:00,2.7978,2.7998,2.7978,2.7983,2.8028,2.8048,2.8028,2.8033,27
2026-04-09 14:49:00,2.7978,2.7988,2.7958,2.7958,2.8028,2.8038,2.8008,2.8008,12
2026-04-09 14:50:00,2.7963,2.7973,2.7893,2.7928,2.8013,2.8023,2.7943,2.7978,32
2026-04-09 14:51:00,2.7918,2.7933,2.7893,2.7908,2.7968,2.7983,2.7943,2.7958,19
2026-04-09 14:52:00,2.7903,2.7908,2.7878,2.7878,2.7953,2.7958,2.7928,2.7928,25
2026-04-09 14:53:00,2.7868,2.7918,2.7858,2.7913,2.7918,2.7968,2.7908,2.7963,30
2026-04-09 14:54:00,2.7918,2.7978,2.7918,2.7958,2.7968,2.8028,2.7968,2.8008,28
2026-04-09 14:55:00,2.7963,2.7968,2.7953,2.7958,2.8013,2.8018,2.8003,2.8008,10
2026-04-09 14:56:00,2.7968,2.7973,2.7958,2.7973,2.8018,2.8023,2.8008,2.8023,6
2026-04-09 14:57:00,2.7978,2.7978,2.7948,2.7948,2.8028,2.8028,2.7998,2.7998,19
2026-04-09 14:58:00,2.7958,2.7983,2.7948,2.7983,2.8008,2.8033,2.7998,2.8033,10
2026-04-09 14:59:00,2.7978,2.7988,2.7948,2.7948,2.8028,2.8038,2.7998,2.7998,20
2026-04-09 15:00:00,2.7943,2.7968,2.7863,2.7878,2.7993,2.8018,2.7913,2.7928,79
2026-04-09 15:01:00,2.7883,2.7888,2.7848,2.7878,2.7933,2.7938,2.7898,2.7928,65
2026-04-09 15:02:00,2.7888,2.7888,2.7858,2.7873,2.7938,2.7938,2.7908,2.7923,24
2026-04-09 15:03:00,2.7868,2.7888,2.7868,2.7878,2.7918,2.7938,2.7918,2.7928,29
2026-04-09 15:04:00,2.7873,2.7878,2.7828,2.7828,2.7923,2.7928,2.7878,2.7878,30
2026-04-09 15:05:00,2.7808,2.7853,2.7808,2.7848,2.7858,2.7903,2.7858,2.7898,39
2026-04-09 15:06:00,2.7858,2.7858,2.7818,2.7828,2.7908,2.7908,2.7868,2.7878,26
2026-04-09 15:07:00,2.7833,2.7888,2.7833,2.7878,2.7883,2.7938,2.7883,2.7928,34
2026-04-09 15:08:00,2.7868,2.7878,2.7848,2.7858,2.7918,2.7928,2.7898,2.7908,28
2026-04-09 15:09:00,2.7863,2.7898,2.7858,2.7893,2.7913,2.7948,2.7908,2.7943,28
2026-04-09 15:10:00,2.7898,2.7973,2.7898,2.7973,2.7948,2.8023,2.7948,2.8023,49
2026-04-09 15:11:00,2.7983,2.7998,2.7968,2.7983,2.8033,2.8048,2.8018,2.8033,35
2026-04-09 15:12:00,2.7998,2.8058,2.7993,2.8058,2.8048,2.8108,2.8043,2.8108,29
2026-04-09 15:13:00,2.8063,2.8113,2.8063,2.8098,2.8113,2.8163,2.8113,2.8148,52
2026-04-09 15:14:00,2.8103,2.8118,2.8048,2.8088,2.8153,2.8168,2.8098,2.8138,63
2026-04-09 15:15:00,2.8098,2.8108,2.8063,2.8063,2.8148,2.8158,2.8113,2.8113,27
2026-04-09 15:16:00,2.8068,2.8098,2.8058,2.8078,2.8118,2.8148,2.8108,2.8128,38
2026-04-09 15:17:00,2.8068,2.8088,2.8058,2.8063,2.8118,2.8138,2.8108,2.8113,27
2026-04-09 15:18:00,2.8058,2.8108,2.8058,2.8098,2.8108,2.8158,2.8108,2.8148,18
2026-04-09 15:19:00,2.8093,2.8118,2.8083,2.8088,2.8143,2.8168,2.8133,2.8138,25
2026-04-09 15:20:00,2.8083,2.8158,2.8083,2.8138,2.8133,2.8208,2.8133,2.8188,39
2026-04-09 15:21:00,2.8148,2.8158,2.8133,2.8138,2.8198,2.8208,2.8183,2.8188,40
2026-04-09 15:22:00,2.8128,2.8158,2.8128,2.8148,2.8178,2.8208,2.8178,2.8198,13
2026-04-09 15:23:00,2.8153,2.8168,2.8118,2.8128,2.8203,2.8218,2.8168,2.8178,33
2026-04-09 15:24:00,2.8118,2.8133,2.8108,2.8118,2.8168,2.8183,2.8158,2.8168,29
2026-04-09 15:25:00,2.8108,2.8138,2.8098,2.8128,2.8158,2.8188,2.8148,2.8178,18
2026-04-09 15:26:00,2.8118,2.8128,2.8088,2.8088,2.8168,2.8178,2.8138,2.8138,30
2026-04-09 15:27:00,2.8078,2.8098,2.8058,2.8078,2.8128,2.8148,2.8108,2.8128,50
2026-04-09 15:28:00,2.8073,2.8108,2.8008,2.8028,2.8123,2.8158,2.8058,2.8078,41
2026-04-09 15:29:00,2.8038,2.8053,2.8028,2.8028,2.8088,2.8103,2.8078,2.8078,41
2026-04-09 15:30:00,2.8033,2.8048,2.8003,2.8003,2.8083,2.8098,2.8053,2.8053,30
2026-04-09 15:31:00,2.7998,2.8018,2.7968,2.8018,2.8048,2.8068,2.8018,2.8068,41
2026-04-09 15:32:00,2.8028,2.8028,2.7978,2.7998,2.8078,2.8078,2.8028,2.8048,26
2026-04-09 15:33:00,2.8003,2.8038,2.7993,2.8008,2.8053,2.8088,2.8043,2.8058,22
2026-04-09 15:34:00,2.8013,2.8028,2.8008,2.8018,2.8063,2.8078,2.8058,2.8068,23
2026-04-09 15:35:00,2.8028,2.8058,2.7998,2.8038,2.8078,2.8108,2.8048,2.8088,20
2026-04-09 15:36:00,2.8033,2.8038,2.7978,2.7983,2.8083,2.8088,2.8028,2.8033,32
2026-04-09 15:37:00,2.7988,2.7998,2.7978,2.7998,2.8038,2.8048,2.8028,2.8048,15
2026-04-09 15:38:00,2.8008,2.8008,2.7948,2.7958,2.8058,2.8058,2.7998,2.8008,45
2026-04-09 15:39:00,2.7953,2.7998,2.7948,2.7973,2.8003,2.8048,2.7998,2.8023,21
2026-04-09 15:40:00,2.7978,2.7988,2.7958,2.7968,2.8028,2.8038,2.8008,2.8018,24
2026-04-09 15:41:00,2.7963,2.7968,2.7938,2.7938,2.8013,2.8018,2.7988,2.7988,29
2026-04-09 15:42:00,2.7943,2.7978,2.7943,2.7948,2.7993,2.8028,2.7993,2.7998,13
2026-04-09 15:43:00,2.7943,2.7948,2.7903,2.7908,2.7993,2.7998,2.7953,2.7958,41
2026-04-09 15:44:00,2.7913,2.7938,2.7898,2.7938,2.7963,2.7988,2.7948,2.7988,25
2026-04-09 15:45:00,2.7933,2.7948,2.7918,2.7923,2.7983,2.7998,2.7968,2.7973,28
2026-04-09 15:46:00,2.7918,2.7928,2.7898,2.7898,2.7968,2.7978,2.7948,2.7948,35
2026-04-09 15:47:00,2.7893,2.7903,2.7888,2.7898,2.7943,2.7953,2.7938,2.7948,12
2026-04-09 15:48:00,2.7903,2.7938,2.7898,2.7908,2.7953,2.7988,2.7948,2.7958,23
2026-04-09 15:49:00,2.7898,2.7918,2.7898,2.7898,2.7948,2.7968,2.7948,2.7948,9
2026-04-09 15:50:00,2.7908,2.7928,2.7888,2.7918,2.7958,2.7978,2.7938,2.7968,32
2026-04-09 15:51:00,2.7928,2.7948,2.7923,2.7938,2.7978,2.7998,2.7973,2.7988,25
2026-04-09 15:52:00,2.7933,2.7933,2.7903,2.7918,2.7983,2.7983,2.7953,2.7968,26
2026-04-09 15:53:00,2.7928,2.7928,2.7888,2.7898,2.7978,2.7978,2.7938,2.7948,20
2026-04-09 15:54:00,2.7903,2.7908,2.7898,2.7908,2.7953,2.7958,2.7948,2.7958,12
2026-04-09 15:55:00,2.7898,2.7928,2.7888,2.7928,2.7948,2.7978,2.7938,2.7978,10
2026-04-09 15:56:00,2.7918,2.7938,2.7918,2.7928,2.7968,2.7988,2.7968,2.7978,9
2026-04-09 15:57:00,2.7918,2.7938,2.7918,2.7938,2.7968,2.7988,2.7968,2.7988,5
2026-04-09 15:58:00,2.7948,2.7958,2.7928,2.7928,2.7998,2.8008,2.7978,2.7978,6
2026-04-09 15:59:00,2.7933,2.7933,2.7893,2.7903,2.7983,2.7983,2.7943,2.7953,35
2026-04-09 16:00:00,2.7908,2.7918,2.7898,2.7898,2.7958,2.7968,2.7948,2.7948,29
2026-04-09 16:01:00,2.7893,2.7893,2.7848,2.7848,2.7943,2.7943,2.7898,2.7898,20
2026-04-09 16:02:00,2.7858,2.7858,2.7793,2.7793,2.7908,2.7908,2.7843,2.7843,64
2026-04-09 16:03:00,2.7798,2.7808,2.7778,2.7808,2.7848,2.7858,2.7828,2.7858,41
2026-04-09 16:04:00,2.7798,2.7818,2.7798,2.7808,2.7848,2.7868,2.7848,2.7858,28
2026-04-09 16:05:00,2.7813,2.7838,2.7808,2.7838,2.7863,2.7888,2.7858,2.7888,28
2026-04-09 16:06:00,2.7833,2.7838,2.7818,2.7828,2.7883,2.7888,2.7868,2.7878,19
2026-04-09 16:07:00,2.7823,2.7828,2.7808,2.7818,2.7873,2.7878,2.7858,2.7868,13
2026-04-09 16:08:00,2.7813,2.7828,2.7798,2.7798,2.7863,2.7878,2.7848,2.7848,11
2026-04-09 16:09:00,2.7793,2.7793,2.7768,2.7778,2.7843,2.7843,2.7818,2.7828,47
2026-04-09 16:10:00,2.7783,2.7808,2.7778,2.7788,2.7833,2.7858,2.7828,2.7838,12
2026-04-09 16:11:00,2.7798,2.7808,2.7778,2.7798,2.7848,2.7858,2.7828,2.7848,22
2026-04-09 16:12:00,2.7793,2.7793,2.7768,2.7768,2.7843,2.7843,2.7818,2.7818,22
2026-04-09 16:13:00,2.7758,2.7788,2.7758,2.7788,2.7808,2.7838,2.7808,2.7838,12
2026-04-09 16:14:00,2.7798,2.7798,2.7778,2.7788,2.7848,2.7848,2.7828,2.7838,11
2026-04-09 16:15:00,2.7798,2.7818,2.7798,2.7818,2.7848,2.7868,2.7848,2.7868,7
2026-04-09 16:16:00,2.7813,2.7828,2.7798,2.7808,2.7863,2.7878,2.7848,2.7858,30
2026-04-09 16:17:00,2.7818,2.7858,2.7798,2.7858,2.7868,2.7908,2.7848,2.7908,32
2026-04-09 16:18:00,2.7863,2.7863,2.7838,2.7858,2.7913,2.7913,2.7888,2.7908,16
2026-04-09 16:19:00,2.7868,2.7873,2.7838,2.7848,2.7918,2.7923,2.7888,2.7898,23
2026-04-09 16:20:00,2.7838,2.7848,2.7828,2.7838,2.7888,2.7898,2.7878,2.7888,18
2026-04-09 16:21:00,2.7848,2.7853,2.7823,2.7828,2.7898,2.7903,2.7873,2.7878,16
2026-04-09 16:22:00,2.7833,2.7838,2.7823,2.7838,2.7883,2.7888,2.7873,2.7888,12
2026-04-09 16:23:00,2.7833,2.7838,2.7828,2.7833,2.7883,2.7888,2.7878,2.7883,22
2026-04-09 16:24:00,2.7828,2.7828,2.7798,2.7813,2.7878,2.7878,2.7848,2.7863,20
2026-04-09 16:25:00,2.7818,2.7828,2.7808,2.7808,2.7868,2.7878,2.7858,2.7858,17
2026-04-09 16:26:00,2.7818,2.7858,2.7818,2.7838,2.7868,2.7908,2.7868,2.7888,18
2026-04-09 16:27:00,2.7848,2.7858,2.7828,2.7858,2.7898,2.7908,2.7878,2.7908,29
2026-04-09 16:28:00,2.7853,2.7878,2.7838,2.7848,2.7903,2.7928,2.7888,2.7898,30
2026-04-09 16:29:00,2.7838,2.7838,2.7818,2.7818,2.7888,2.7888,2.7868,2.7868,25
2026-04-09 16:30:00,2.7803,2.7883,2.7793,2.7858,2.7853,2.7933,2.7843,2.7908,108
2026-04-09 16:31:00,2.7863,2.8003,2.7863,2.7973,2.7913,2.8053,2.7913,2.8023,119
2026-04-09 16:32:00,2.7978,2.7978,2.7898,2.7908,2.8028,2.8028,2.7948,2.7958,44
2026-04-09 16:33:00,2.7898,2.7903,2.7878,2.7888,2.7948,2.7953,2.7928,2.7938,31
2026-04-09 16:34:00,2.7893,2.7943,2.7888,2.7928,2.7943,2.7993,2.7938,2.7978,31
2026-04-09 16:35:00,2.7933,2.7948,2.7898,2.7928,2.7983,2.7998,2.7948,2.7978,42
2026-04-09 16:36:00,2.7918,2.7958,2.7918,2.7933,2.7968,2.8008,2.7968,2.7983,27
2026-04-09 16:37:00,2.7928,2.7938,2.7918,2.7923,2.7978,2.7988,2.7968,2.7973,31
2026-04-09 16:38:00,2.7918,2.7938,2.7918,2.7918,2.7968,2.7988,2.7968,2.7968,11
2026-04-09 16:39:00,2.7923,2.7923,2.7858,2.7868,2.7973,2.7973,2.7908,2.7918,28
2026-04-09 16:40:00,2.7873,2.7908,2.7868,2.7908,2.7923,2.7958,2.7918,2.7958,27
2026-04-09 16:41:00,2.7903,2.7903,2.7868,2.7878,2.7953,2.7953,2.7918,2.7928,17
2026-04-09 16:42:00,2.7888,2.7893,2.7868,2.7868,2.7938,2.7943,2.7918,2.7918,11
2026-04-09 16:43:00,2.7873,2.7888,2.7873,2.7888,2.7923,2.7938,2.7923,2.7938,11
2026-04-09 16:44:00,2.7878,2.7888,2.7848,2.7848,2.7928,2.7938,2.7898,2.7898,28
2026-04-09 16:45:00,2.7853,2.7853,2.7818,2.7848,2.7903,2.7903,2.7868,2.7898,24
2026-04-09 16:46:00,2.7853,2.7878,2.7853,2.7878,2.7903,2.7928,2.7903,2.7928,9
2026-04-09 16:47:00,2.7873,2.7883,2.7858,2.7878,2.7923,2.7933,2.7908,2.7928,21
2026-04-09 16:48:00,2.7873,2.7908,2.7868,2.7908,2.7923,2.7958,2.7918,2.7958,12
2026-04-09 16:49:00,2.7898,2.7918,2.7888,2.7908,2.7948,2.7968,2.7938,2.7958,17
2026-04-09 16:50:00,2.7898,2.7928,2.7888,2.7893,2.7948,2.7978,2.7938,2.7943,33
2026-04-09 16:51:00,2.7898,2.7928,2.7878,2.7908,2.7948,2.7978,2.7928,2.7958,21
2026-04-09 16:52:00,2.7918,2.7933,2.7908,2.7908,2.7968,2.7983,2.7958,2.7958,16
2026-04-09 16:53:00,2.7918,2.7918,2.7908,2.7908,2.7968,2.7968,2.7958,2.7958,12
2026-04-09 16:54:00,2.7913,2.7923,2.7908,2.7908,2.7963,2.7973,2.7958,2.7958,6
2026-04-09 16:55:00,2.7918,2.7928,2.7848,2.7868,2.7968,2.7978,2.7898,2.7918,36
2026-04-09 16:56:00,2.7873,2.7888,2.7868,2.7888,2.7923,2.7938,2.7918,2.7938,20
2026-04-09 16:57:00,2.7883,2.7883,2.7858,2.7868,2.7933,2.7933,2.7908,2.7918,13
2026-04-09 16:58:00,2.7873,2.7878,2.7848,2.7848,2.7923,2.7928,2.7898,2.7898,15
2026-04-09 16:59:00,2.7853,2.7858,2.7848,2.7858,2.7903,2.7908,2.7898,2.7908,16
2026-04-09 17:00:00,2.7853,2.7868,2.7843,2.7848,2.7903,2.7918,2.7893,2.7898,20
2026-04-09 17:01:00,2.7843,2.7868,2.7843,2.7858,2.7893,2.7918,2.7893,2.7908,19
2026-04-09 17:02:00,2.7853,2.7908,2.7853,2.7888,2.7903,2.7958,2.7903,2.7938,33
2026-04-09 17:03:00,2.7878,2.7888,2.7848,2.7868,2.7928,2.7938,2.7898,2.7918,13
2026-04-09 17:04:00,2.7873,2.7898,2.7868,2.7878,2.7923,2.7948,2.7918,2.7928,18
2026-04-09 17:05:00,2.7873,2.7878,2.7848,2.7853,2.7923,2.7928,2.7898,2.7903,16
2026-04-09 17:06:00,2.7848,2.7848,2.7838,2.7848,2.7898,2.7898,2.7888,2.7898,8
2026-04-09 17:07:00,2.7843,2.7868,2.7838,2.7858,2.7893,2.7918,2.7888,2.7908,18
2026-04-09 17:08:00,2.7853,2.7868,2.7848,2.7858,2.7903,2.7918,2.7898,2.7908,10
2026-04-09 17:09:00,2.7863,2.7868,2.7818,2.7838,2.7913,2.7918,2.7868,2.7888,15
2026-04-09 17:10:00,2.7848,2.7858,2.7818,2.7823,2.7898,2.7908,2.7868,2.7873,29
2026-04-09 17:11:00,2.7828,2.7858,2.7828,2.7838,2.7878,2.7908,2.7878,2.7888,12
2026-04-09 17:12:00,2.7828,2.7838,2.7818,2.7828,2.7878,2.7888,2.7868,2.7878,14
2026-04-09 17:13:00,2.7818,2.7828,2.7808,2.7818,2.7868,2.7878,2.7858,2.7868,22
2026-04-09 17:14:00,2.7813,2.7813,2.7788,2.7808,2.7863,2.7863,2.7838,2.7858,29
2026-04-09 17:15:00,2.7798,2.7823,2.7788,2.7798,2.7848,2.7873,2.7838,2.7848,43
2026-04-09 17:16:00,2.7808,2.7818,2.7798,2.7798,2.7858,2.7868,2.7848,2.7848,22
2026-04-09 17:17:00,2.7793,2.7798,2.7768,2.7768,2.7843,2.7848,2.7818,2.7818,37
2026-04-09 17:18:00,2.7778,2.7808,2.7758,2.7798,2.7828,2.7858,2.7808,2.7848,20
2026-04-09 17:19:00,2.7788,2.7798,2.7748,2.7768,2.7838,2.7848,2.7798,2.7818,44
2026-04-09 17:20:00,2.7758,2.7788,2.7758,2.7763,2.7808,2.7838,2.7808,2.7813,18
2026-04-09 17:21:00,2.7768,2.7778,2.7748,2.7768,2.7818,2.7828,2.7798,2.7818,18
2026-04-09 17:22:00,2.7758,2.7768,2.7738,2.7738,2.7808,2.7818,2.7788,2.7788,10
2026-04-09 17:23:00,2.7743,2.7758,2.7743,2.7748,2.7793,2.7808,2.7793,2.7798,54
2026-04-09 17:24:00,2.7758,2.7758,2.7738,2.7748,2.7808,2.7808,2.7788,2.7798,25
2026-04-09 17:25:00,2.7758,2.7758,2.7748,2.7758,2.7808,2.7808,2.7798,2.7808,33
2026-04-09 17:26:00,2.7768,2.7768,2.7758,2.7758,2.7818,2.7818,2.7808,2.7808,14
2026-04-09 17:27:00,2.7768,2.7773,2.7758,2.7768,2.7818,2.7823,2.7808,2.7818,11
2026-04-09 17:28:00,2.7763,2.7788,2.7748,2.7763,2.7813,2.7838,2.7798,2.7813,24
2026-04-09 17:29:00,2.7758,2.7773,2.7748,2.7768,2.7808,2.7823,2.7798,2.7818,10
2026-04-09 17:30:00,2.7763,2.7768,2.7698,2.7718,2.7813,2.7818,2.7748,2.7768,30
2026-04-09 17:31:00,2.7708,2.7718,2.7608,2.7608,2.7758,2.7768,2.7658,2.7658,39
2026-04-09 17:32:00,2.7628,2.7628,2.7388,2.7423,2.7678,2.7678,2.7438,2.7473,145
2026-04-09 17:33:00,2.7418,2.7518,2.7413,2.7478,2.7468,2.7568,2.7463,2.7528,166
2026-04-09 17:34:00,2.7483,2.7508,2.7458,2.7478,2.7533,2.7558,2.7508,2.7528,97
2026-04-09 17:35:00,2.7468,2.7518,2.7443,2.7518,2.7518,2.7568,2.7493,2.7568,73
2026-04-09 17:36:00,2.7513,2.7518,2.7468,2.7478,2.7563,2.7568,2.7518,2.7528,73
2026-04-09 17:37:00,2.7473,2.7488,2.7448,2.7468,2.7523,2.7538,2.7498,2.7518,54
2026-04-09 17:38:00,2.7463,2.7528,2.7463,2.7528,2.7513,2.7578,2.7513,2.7578,97
2026-04-09 17:39:00,2.7518,2.7528,2.7478,2.7498,2.7568,2.7578,2.7528,2.7548,51
2026-04-09 17:40:00,2.7503,2.7508,2.7428,2.7428,2.7553,2.7558,2.7478,2.7478,51
2026-04-09 17:41:00,2.7438,2.7468,2.7428,2.7438,2.7488,2.7518,2.7478,2.7488,38
2026-04-09 17:42:00,2.7433,2.7478,2.7428,2.7453,2.7483,2.7528,2.7478,2.7503,39
2026-04-09 17:43:00,2.7448,2.7468,2.7448,2.7453,2.7498,2.7518,2.7498,2.7503,21
2026-04-09 17:44:00,2.7448,2.7478,2.7448,2.7478,2.7498,2.7528,2.7498,2.7528,28
2026-04-09 17:45:00,2.7468,2.7488,2.7458,2.7478,2.7518,2.7538,2.7508,2.7528,36
2026-04-09 17:46:00,2.7488,2.7488,2.7418,2.7448,2.7538,2.7538,2.7468,2.7498,29
2026-04-09 17:47:00,2.7443,2.7488,2.7438,2.7438,2.7493,2.7538,2.7488,2.7488,35
2026-04-09 17:48:00,2.7443,2.7448,2.7368,2.7388,2.7493,2.7498,2.7418,2.7438,87
2026-04-09 17:49:00,2.7383,2.7428,2.7368,2.7408,2.7433,2.7478,2.7418,2.7458,39
2026-04-09 17:50:00,2.7413,2.7438,2.7398,2.7433,2.7463,2.7488,2.7448,2.7483,38
2026-04-09 17:51:00,2.7438,2.7498,2.7438,2.7458,2.7488,2.7548,2.7488,2.7508,76
2026-04-09 17:52:00,2.7453,2.7458,2.7423,2.7458,2.7503,2.7508,2.7473,2.7508,39
2026-04-09 17:53:00,2.7453,2.7458,2.7398,2.7418,2.7503,2.7508,2.7448,2.7468,30
2026-04-09 17:54:00,2.7413,2.7428,2.7398,2.7423,2.7463,2.7478,2.7448,2.7473,22
2026-04-09 17:55:00,2.7418,2.7428,2.7398,2.7418,2.7468,2.7478,2.7448,2.7468,15
2026-04-09 17:56:00,2.7413,2.7438,2.7408,2.7413,2.7463,2.7488,2.7458,2.7463,31
2026-04-09 17:57:00,2.7418,2.7443,2.7408,2.7438,2.7468,2.7493,2.7458,2.7488,28
2026-04-09 17:58:00,2.7443,2.7448,2.7408,2.7418,2.7493,2.7498,2.7458,2.7468,19
2026-04-09 17:59:00,2.7413,2.7418,2.7383,2.7408,2.7463,2.7468,2.7433,2.7458,33
2026-04-09 18:00:00,2.7398,2.7438,2.7398,2.7423,2.7448,2.7488,2.7448,2.7473,38
2026-04-09 18:01:00,2.7418,2.7418,2.7368,2.7383,2.7468,2.7468,2.7418,2.7433,33
2026-04-09 18:02:00,2.7388,2.7408,2.7378,2.7378,2.7438,2.7458,2.7428,2.7428,27
2026-04-09 18:03:00,2.7388,2.7388,2.7328,2.7343,2.7438,2.7438,2.7378,2.7393,34
2026-04-09 18:04:00,2.7338,2.7398,2.7338,2.7388,2.7388,2.7448,2.7388,2.7438,42
2026-04-09 18:05:00,2.7398,2.7453,2.7398,2.7418,2.7448,2.7503,2.7448,2.7468,50
2026-04-09 18:06:00,2.7423,2.7438,2.7398,2.7428,2.7473,2.7488,2.7448,2.7478,22
2026-04-09 18:07:00,2.7423,2.7423,2.7378,2.7398,2.7473,2.7473,2.7428,2.7448,26
2026-04-09 18:08:00,2.7388,2.7388,2.7348,2.7358,2.7438,2.7438,2.7398,2.7408,18
2026-04-09 18:09:00,2.7353,2.7398,2.7343,2.7393,2.7403,2.7448,2.7393,2.7443,31
2026-04-09 18:10:00,2.7398,2.7408,2.7368,2.7398,2.7448,2.7458,2.7418,2.7448,22
2026-04-09 18:11:00,2.7393,2.7398,2.7378,2.7388,2.7443,2.7448,2.7428,2.7438,22
2026-04-09 18:12:00,2.7393,2.7398,2.7368,2.7388,2.7443,2.7448,2.7418,2.7438,19
2026-04-09 18:13:00,2.7383,2.7423,2.7368,2.7423,2.7433,2.7473,2.7418,2.7473,30
2026-04-09 18:14:00,2.7418,2.7458,2.7418,2.7458,2.7468,2.7508,2.7468,2.7508,14
2026-04-09 18:15:00,2.7463,2.7488,2.7448,2.7448,2.7513,2.7538,2.7498,2.7498,36
2026-04-09 18:16:00,2.7453,2.7518,2.7438,2.7488,2.7503,2.7568,2.7488,2.7538,44
2026-04-09 18:17:00,2.7493,2.7533,2.7488,2.7508,2.7543,2.7583,2.7538,2.7558,34
2026-04-09 18:18:00,2.7503,2.7508,2.7488,2.7488,2.7553,2.7558,2.7538,2.7538,18
2026-04-09 18:19:00,2.7493,2.7493,2.7458,2.7478,2.7543,2.7543,2.7508,2.7528,24
2026-04-09 18:20:00,2.7468,2.7508,2.7468,2.7498,2.7518,2.7558,2.7518,2.7548,22
2026-04-09 18:21:00,2.7503,2.7548,2.7498,2.7518,2.7553,2.7598,2.7548,2.7568,37
2026-04-09 18:22:00,2.7513,2.7538,2.7513,2.7538,2.7563,2.7588,2.7563,2.7588,25
2026-04-09 18:23:00,2.7543,2.7568,2.7538,2.7568,2.7593,2.7618,2.7588,2.7618,22
2026-04-09 18:24:00,2.7558,2.7573,2.7548,2.7558,2.7608,2.7623,2.7598,2.7608,17
2026-04-09 18:25:00,2.7563,2.7568,2.7538,2.7538,2.7613,2.7618,2.7588,2.7588,12
2026-04-09 18:26:00,2.7548,2.7558,2.7548,2.7553,2.7598,2.7608,2.7598,2.7603,20
2026-04-09 18:27:00,2.7548,2.7568,2.7523,2.7523,2.7598,2.7618,2.7573,2.7573,20
2026-04-09 18:28:00,2.7518,2.7528,2.7508,2.7518,2.7568,2.7578,2.7558,2.7568,14
2026-04-09 18:29:00,2.7508,2.7518,2.7508,2.7508,2.7558,2.7568,2.7558,2.7558,17
2026-04-09 18:30:00,2.7503,2.7528,2.7493,2.7493,2.7553,2.7578,2.7543,2.7543,24
2026-04-09 18:31:00,2.7488,2.7508,2.7488,2.7498,2.7538,2.7558,2.7538,2.7548,15
2026-04-09 18:32:00,2.7508,2.7528,2.7488,2.7498,2.7558,2.7578,2.7538,2.7548,21
2026-04-09 18:33:00,2.7493,2.7508,2.7468,2.7478,2.7543,2.7558,2.7518,2.7528,23
2026-04-09 18:34:00,2.7473,2.7478,2.7458,2.7458,2.7523,2.7528,2.7508,2.7508,27
2026-04-09 18:35:00,2.7468,2.7478,2.7468,2.7468,2.7518,2.7528,2.7518,2.7518,6
2026-04-09 18:36:00,2.7473,2.7488,2.7438,2.7448,2.7523,2.7538,2.7488,2.7498,21
2026-04-09 18:37:00,2.7443,2.7448,2.7418,2.7423,2.7493,2.7498,2.7468,2.7473,35
2026-04-09 18:38:00,2.7428,2.7448,2.7428,2.7443,2.7478,2.7498,2.7478,2.7493,13
2026-04-09 18:39:00,2.7438,2.7458,2.7438,2.7438,2.7488,2.7508,2.7488,2.7488,7
2026-04-09 18:40:00,2.7448,2.7448,2.7428,2.7428,2.7498,2.7498,2.7478,2.7478,12
2026-04-09 18:41:00,2.7438,2.7463,2.7423,2.7463,2.7488,2.7513,2.7473,2.7513,19
2026-04-09 18:42:00,2.7468,2.7468,2.7448,2.7458,2.7518,2.7518,2.7498,2.7508,17
2026-04-09 18:43:00,2.7453,2.7458,2.7438,2.7448,2.7503,2.7508,2.7488,2.7498,12
2026-04-09 18:44:00,2.7458,2.7473,2.7448,2.7468,2.7508,2.7523,2.7498,2.7518,13
2026-04-09 18:45:00,2.7478,2.7488,2.7468,2.7478,2.7528,2.7538,2.7518,2.7528,21
2026-04-09 18:46:00,2.7483,2.7488,2.7458,2.7478,2.7533,2.7538,2.7508,2.7528,19
2026-04-09 18:47:00,2.7488,2.7508,2.7478,2.7478,2.7538,2.7558,2.7528,2.7528,22
2026-04-09 18:48:00,2.7483,2.7508,2.7478,2.7488,2.7533,2.7558,2.7528,2.7538,26
2026-04-09 18:49:00,2.7498,2.7508,2.7498,2.7498,2.7548,2.7558,2.7548,2.7548,6
2026-04-09 18:50:00,2.7488,2.7498,2.7458,2.7463,2.7538,2.7548,2.7508,2.7513,21
2026-04-09 18:51:00,2.7468,2.7468,2.7448,2.7453,2.7518,2.7518,2.7498,2.7503,15
2026-04-09 18:52:00,2.7463,2.7468,2.7458,2.7458,2.7513,2.7518,2.7508,2.7508,14
2026-04-09 18:53:00,2.7468,2.7488,2.7458,2.7458,2.7518,2.7538,2.7508,2.7508,25
2026-04-09 18:54:00,2.7468,2.7498,2.7463,2.7498,2.7518,2.7548,2.7513,2.7548,18
2026-04-09 18:55:00,2.7493,2.7508,2.7488,2.7503,2.7543,2.7558,2.7538,2.7553,7
2026-04-09 18:56:00,2.7498,2.7498,2.7478,2.7478,2.7548,2.7548,2.7528,2.7528,23
2026-04-09 18:57:00,2.7488,2.7498,2.7483,2.7498,2.7538,2.7548,2.7533,2.7548,9
2026-04-09 18:58:00,2.7493,2.7498,2.7478,2.7493,2.7543,2.7548,2.7528,2.7543,27
2026-04-09 18:59:00,2.7498,2.7508,2.7488,2.7488,2.7548,2.7558,2.7538,2.7538,7
2026-04-09 19:00:00,2.7483,2.7518,2.7478,2.7493,2.7533,2.7568,2.7528,2.7543,29
2026-04-09 19:01:00,2.7488,2.7548,2.7488,2.7548,2.7538,2.7598,2.7538,2.7598,22
2026-04-09 19:02:00,2.7553,2.7608,2.7538,2.7538,2.7603,2.7658,2.7588,2.7588,55
2026-04-09 19:03:00,2.7548,2.7548,2.7528,2.7528,2.7598,2.7598,2.7578,2.7578,23
2026-04-09 19:04:00,2.7538,2.7538,2.7498,2.7508,2.7588,2.7588,2.7548,2.7558,17
2026-04-09 19:05:00,2.7518,2.7538,2.7518,2.7528,2.7568,2.7588,2.7568,2.7578,7
2026-04-09 19:06:00,2.7523,2.7528,2.7508,2.7518,2.7573,2.7578,2.7558,2.7568,10
2026-04-09 19:07:00,2.7528,2.7528,2.7488,2.7508,2.7578,2.7578,2.7538,2.7558,30
2026-04-09 19:08:00,2.7503,2.7518,2.7498,2.7513,2.7553,2.7568,2.7548,2.7563,17
2026-04-09 19:09:00,2.7508,2.7523,2.7508,2.7518,2.7558,2.7573,2.7558,2.7568,16
2026-04-09 19:10:00,2.7528,2.7548,2.7508,2.7538,2.7578,2.7598,2.7558,2.7588,26
2026-04-09 19:11:00,2.7528,2.7538,2.7508,2.7508,2.7578,2.7588,2.7558,2.7558,14
2026-04-09 19:12:00,2.7513,2.7528,2.7513,2.7518,2.7563,2.7578,2.7563,2.7568,10
2026-04-09 19:13:00,2.7523,2.7538,2.7498,2.7538,2.7573,2.7588,2.7548,2.7588,20
2026-04-09 19:14:00,2.7533,2.7558,2.7528,2.7548,2.7583,2.7608,2.7578,2.7598,28
2026-04-09 19:15:00,2.7568,2.7568,2.7528,2.7538,2.7618,2.7618,2.7578,2.7588,19
2026-04-09 19:16:00,2.7543,2.7548,2.7543,2.7548,2.7593,2.7598,2.7593,2.7598,4
2026-04-09 19:17:00,2.7543,2.7558,2.7538,2.7538,2.7593,2.7608,2.7588,2.7588,10
2026-04-09 19:18:00,2.7548,2.7568,2.7548,2.7548,2.7598,2.7618,2.7598,2.7598,13
2026-04-09 19:19:00,2.7543,2.7548,2.7528,2.7528,2.7593,2.7598,2.7578,2.7578,19
2026-04-09 19:20:00,2.7533,2.7538,2.7498,2.7523,2.7583,2.7588,2.7548,2.7573,24
2026-04-09 19:21:00,2.7518,2.7518,2.7488,2.7498,2.7568,2.7568,2.7538,2.7548,13
2026-04-09 19:22:00,2.7478,2.7538,2.7468,2.7528,2.7528,2.7588,2.7518,2.7578,27
2026-04-09 19:23:00,2.7518,2.7548,2.7518,2.7528,2.7568,2.7598,2.7568,2.7578,25
2026-04-09 19:24:00,2.7523,2.7523,2.7498,2.7518,2.7573,2.7573,2.7548,2.7568,10
2026-04-09 19:25:00,2.7523,2.7528,2.7508,2.7518,2.7573,2.7578,2.7558,2.7568,8
2026-04-09 19:26:00,2.7523,2.7538,2.7518,2.7528,2.7573,2.7588,2.7568,2.7578,13
2026-04-09 19:27:00,2.7533,2.7548,2.7523,2.7538,2.7583,2.7598,2.7573,2.7588,16
2026-04-09 19:28:00,2.7533,2.7538,2.7528,2.7538,2.7583,2.7588,2.7578,2.7588,8
2026-04-09 19:29:00,2.7543,2.7548,2.7528,2.7538,2.7593,2.7598,2.7578,2.7588,22
2026-04-09 19:30:00,2.7548,2.7568,2.7538,2.7558,2.7598,2.7618,2.7588,2.7608,15
2026-04-09 19:31:00,2.7568,2.7578,2.7543,2.7543,2.7618,2.7628,2.7593,2.7593,27
2026-04-09 19:32:00,2.7538,2.7538,2.7508,2.7518,2.7588,2.7588,2.7558,2.7568,16
2026-04-09 19:33:00,2.7528,2.7528,2.7518,2.7523,2.7578,2.7578,2.7568,2.7573,11
2026-04-09 19:34:00,2.7528,2.7538,2.7508,2.7518,2.7578,2.7588,2.7558,2.7568,15
2026-04-09 19:35:00,2.7513,2.7518,2.7488,2.7498,2.7563,2.7568,2.7538,2.7548,13
2026-04-09 19:36:00,2.7503,2.7508,2.7468,2.7493,2.7553,2.7558,2.7518,2.7543,19
2026-04-09 19:37:00,2.7498,2.7498,2.7488,2.7498,2.7548,2.7548,2.7538,2.7548,11
2026-04-09 19:38:00,2.7488,2.7498,2.7463,2.7478,2.7538,2.7548,2.7513,2.7528,25
2026-04-09 19:39:00,2.7468,2.7503,2.7458,2.7488,2.7518,2.7553,2.7508,2.7538,27
2026-04-09 19:40:00,2.7478,2.7478,2.7458,2.7463,2.7528,2.7528,2.7508,2.7513,19
2026-04-09 19:41:00,2.7468,2.7478,2.7458,2.7468,2.7518,2.7528,2.7508,2.7518,20
2026-04-09 19:42:00,2.7463,2.7488,2.7448,2.7468,2.7513,2.7538,2.7498,2.7518,27
2026-04-09 19:43:00,2.7473,2.7473,2.7458,2.7473,2.7523,2.7523,2.7508,2.7523,12
2026-04-09 19:44:00,2.7478,2.7488,2.7468,2.7468,2.7528,2.7538,2.7518,2.7518,21
2026-04-09 19:45:00,2.7458,2.7508,2.7458,2.7493,2.7508,2.7558,2.7508,2.7543,18
2026-04-09 19:46:00,2.7488,2.7503,2.7478,2.7498,2.7538,2.7553,2.7528,2.7548,17
2026-04-09 19:47:00,2.7503,2.7503,2.7478,2.7488,2.7553,2.7553,2.7528,2.7538,30
2026-04-09 19:48:00,2.7498,2.7503,2.7468,2.7488,2.7548,2.7553,2.7518,2.7538,48
2026-04-09 19:49:00,2.7478,2.7488,2.7468,2.7488,2.7528,2.7538,2.7518,2.7538,16
2026-04-09 19:50:00,2.7493,2.7498,2.7478,2.7498,2.7543,2.7548,2.7528,2.7548,12
2026-04-09 19:51:00,2.7503,2.7518,2.7493,2.7498,2.7553,2.7568,2.7543,2.7548,26
2026-04-09 19:52:00,2.7503,2.7508,2.7463,2.7468,2.7553,2.7558,2.7513,2.7518,31
2026-04-09 19:53:00,2.7463,2.7478,2.7458,2.7458,2.7513,2.7528,2.7508,2.7508,28
2026-04-09 19:54:00,2.7448,2.7458,2.7428,2.7438,2.7498,2.7508,2.7478,2.7488,33
2026-04-09 19:55:00,2.7448,2.7448,2.7428,2.7448,2.7498,2.7498,2.7478,2.7498,17
2026-04-09 19:56:00,2.7443,2.7448,2.7428,2.7438,2.7493,2.7498,2.7478,2.7488,26
2026-04-09 19:57:00,2.7443,2.7448,2.7428,2.7438,2.7493,2.7498,2.7478,2.7488,22
2026-04-09 19:58:00,2.7433,2.7433,2.7408,2.7428,2.7483,2.7483,2.7458,2.7478,18
2026-04-09 19:59:00,2.7423,2.7428,2.7408,2.7418,2.7473,2.7478,2.7458,2.7468,18
2026-04-09 20:00:00,2.7413,2.7428,2.7408,2.7423,2.7463,2.7478,2.7458,2.7473,17
2026-04-09 20:01:00,2.7428,2.7448,2.7418,2.7428,2.7478,2.7498,2.7468,2.7478,37
2026-04-09 20:02:00,2.7433,2.7538,2.7428,2.7528,2.7483,2.7588,2.7478,2.7578,88
2026-04-09 20:03:00,2.7518,2.7528,2.7478,2.7518,2.7568,2.7578,2.7528,2.7568,43
2026-04-09 20:04:00,2.7528,2.7558,2.7518,2.7538,2.7578,2.7608,2.7568,2.7588,58
2026-04-09 20:05:00,2.7533,2.7558,2.7518,2.7528,2.7583,2.7608,2.7568,2.7578,37
2026-04-09 20:06:00,2.7533,2.7548,2.7498,2.7543,2.7583,2.7598,2.7548,2.7593,30
2026-04-09 20:07:00,2.7548,2.7568,2.7528,2.7538,2.7598,2.7618,2.7578,2.7588,24
2026-04-09 20:08:00,2.7533,2.7538,2.7513,2.7518,2.7583,2.7588,2.7563,2.7568,16
2026-04-09 20:09:00,2.7523,2.7548,2.7508,2.7528,2.7573,2.7598,2.7558,2.7578,47
2026-04-09 20:10:00,2.7533,2.7573,2.7528,2.7573,2.7583,2.7623,2.7578,2.7623,22
2026-04-09 20:11:00,2.7568,2.7583,2.7538,2.7543,2.7618,2.7633,2.7588,2.7593,43
2026-04-09 20:12:00,2.7538,2.7578,2.7538,2.7558,2.7588,2.7628,2.7588,2.7608,15
2026-04-09 20:13:00,2.7563,2.7568,2.7543,2.7548,2.7613,2.7618,2.7593,2.7598,21
2026-04-09 20:14:00,2.7553,2.7558,2.7528,2.7538,2.7603,2.7608,2.7578,2.7588,25
2026-04-09 20:15:00,2.7548,2.7548,2.7508,2.7528,2.7598,2.7598,2.7558,2.7578,36
2026-04-09 20:16:00,2.7518,2.7528,2.7508,2.7513,2.7568,2.7578,2.7558,2.7563,15
2026-04-09 20:17:00,2.7518,2.7518,2.7508,2.7518,2.7568,2.7568,2.7558,2.7568,16
2026-04-09 20:18:00,2.7508,2.7518,2.7478,2.7498,2.7558,2.7568,2.7528,2.7548,19
2026-04-09 20:19:00,2.7503,2.7518,2.7478,2.7488,2.7553,2.7568,2.7528,2.7538,20
2026-04-09 20:20:00,2.7493,2.7518,2.7488,2.7518,2.7543,2.7568,2.7538,2.7568,32
2026-04-09 20:21:00,2.7528,2.7558,2.7518,2.7548,2.7578,2.7608,2.7568,2.7598,25
2026-04-09 20:22:00,2.7553,2.7568,2.7528,2.7533,2.7603,2.7618,2.7578,2.7583,35
2026-04-09 20:23:00,2.7538,2.7583,2.7528,2.7568,2.7588,2.7633,2.7578,2.7618,42
2026-04-09 20:24:00,2.7563,2.7598,2.7553,2.7553,2.7613,2.7648,2.7603,2.7603,63
2026-04-09 20:25:00,2.7563,2.7568,2.7508,2.7543,2.7613,2.7618,2.7558,2.7593,72
2026-04-09 20:26:00,2.7528,2.7538,2.7498,2.7523,2.7578,2.7588,2.7548,2.7573,43
2026-04-09 20:27:00,2.7518,2.7528,2.7448,2.7448,2.7568,2.7578,2.7498,2.7498,47
2026-04-09 20:28:00,2.7458,2.7488,2.7398,2.7468,2.7508,2.7538,2.7448,2.7518,166
2026-04-09 20:29:00,2.7463,2.7538,2.7463,2.7523,2.7513,2.7588,2.7513,2.7573,149
2026-04-09 20:30:00,2.7533,2.7548,2.7508,2.7528,2.7583,2.7598,2.7558,2.7578,49
2026-04-09 20:31:00,2.7533,2.7618,2.7528,2.7618,2.7583,2.7668,2.7578,2.7668,38
2026-04-09 20:32:00,2.7613,2.7648,2.7608,2.7648,2.7663,2.7698,2.7658,2.7698,71
2026-04-09 20:33:00,2.7643,2.7668,2.7638,2.7648,2.7693,2.7718,2.7688,2.7698,29
2026-04-09 20:34:00,2.7653,2.7658,2.7628,2.7638,2.7703,2.7708,2.7678,2.7688,23
2026-04-09 20:35:00,2.7643,2.7658,2.7638,2.7648,2.7693,2.7708,2.7688,2.7698,26
2026-04-09 20:36:00,2.7658,2.7668,2.7653,2.7668,2.7708,2.7718,2.7703,2.7718,14
2026-04-09 20:37:00,2.7663,2.7698,2.7658,2.7683,2.7713,2.7748,2.7708,2.7733,22
2026-04-09 20:38:00,2.7688,2.7698,2.7648,2.7663,2.7738,2.7748,2.7698,2.7713,30
2026-04-09 20:39:00,2.7668,2.7683,2.7668,2.7673,2.7718,2.7733,2.7718,2.7723,22
2026-04-09 20:40:00,2.7678,2.7678,2.7653,2.7678,2.7728,2.7728,2.7703,2.7728,14
2026-04-09 20:41:00,2.7668,2.7678,2.7663,2.7668,2.7718,2.7728,2.7713,2.7718,8
2026-04-09 20:42:00,2.7658,2.7658,2.7638,2.7658,2.7708,2.7708,2.7688,2.7708,13
2026-04-09 20:43:00,2.7663,2.7678,2.7658,2.7658,2.7713,2.7728,2.7708,2.7708,15
2026-04-09 20:44:00,2.7653,2.7668,2.7653,2.7668,2.7703,2.7718,2.7703,2.7718,8
2026-04-09 20:45:00,2.7663,2.7663,2.7638,2.7638,2.7713,2.7713,2.7688,2.7688,15
2026-04-09 20:46:00,2.7643,2.7668,2.7638,2.7668,2.7693,2.7718,2.7688,2.7718,15
2026-04-09 20:47:00,2.7658,2.7668,2.7638,2.7648,2.7708,2.7718,2.7688,2.7698,12
2026-04-09 20:48:00,2.7638,2.7658,2.7628,2.7638,2.7688,2.7708,2.7678,2.7688,20
2026-04-09 20:49:00,2.7633,2.7638,2.7618,2.7623,2.7683,2.7688,2.7668,2.7673,17
2026-04-09 20:50:00,2.7618,2.7668,2.7618,2.7638,2.7668,2.7718,2.7668,2.7688,19
2026-04-09 20:51:00,2.7633,2.7658,2.7623,2.7648,2.7683,2.7708,2.7673,2.7698,23
2026-04-09 20:52:00,2.7638,2.7643,2.7618,2.7628,2.7688,2.7693,2.7668,2.7678,14
2026-04-09 20:53:00,2.7618,2.7623,2.7598,2.7623,2.7668,2.7673,2.7648,2.7673,9
2026-04-09 20:54:00,2.7628,2.7628,2.7608,2.7618,2.7678,2.7678,2.7658,2.7668,15
2026-04-09 20:55:00,2.7613,2.7613,2.7588,2.7608,2.7663,2.7663,2.7638,2.7658,10
2026-04-09 20:56:00,2.7603,2.7603,2.7588,2.7588,2.7653,2.7653,2.7638,2.7638,9
2026-04-09 20:57:00,2.7598,2.7608,2.7598,2.7598,2.7648,2.7658,2.7648,2.7648,8
2026-04-09 20:58:00,2.7603,2.7608,2.7593,2.7593,2.7653,2.7658,2.7643,2.7643,13
2026-04-09 20:59:00,2.7588,2.7608,2.7588,2.7603,2.7638,2.7658,2.7638,2.7653,17
2026-04-09 21:00:00,2.7598,2.7608,2.7598,2.7598,2.7648,2.7658,2.7648,2.7648,6
2026-04-09 21:01:00,2.7593,2.7598,2.7578,2.7583,2.7643,2.7648,2.7628,2.7633,13
2026-04-09 21:02:00,2.7588,2.7598,2.7578,2.7593,2.7638,2.7648,2.7628,2.7643,16
2026-04-09 21:03:00,2.7588,2.7598,2.7588,2.7588,2.7638,2.7648,2.7638,2.7638,5
2026-04-09 21:04:00,2.7598,2.7598,2.7578,2.7578,2.7648,2.7648,2.7628,2.7628,5
2026-04-09 21:05:00,2.7588,2.7588,2.7578,2.7583,2.7638,2.7638,2.7628,2.7633,8
2026-04-09 21:06:00,2.7588,2.7593,2.7583,2.7588,2.7638,2.7643,2.7633,2.7638,13
2026-04-09 21:07:00,2.7593,2.7598,2.7588,2.7593,2.7643,2.7648,2.7638,2.7643,7
2026-04-09 21:08:00,2.7598,2.7598,2.7588,2.7588,2.7648,2.7648,2.7638,2.7638,6
2026-04-09 21:09:00,2.7583,2.7593,2.7578,2.7588,2.7633,2.7643,2.7628,2.7638,9
2026-04-09 21:10:00,2.7598,2.7608,2.7588,2.7593,2.7648,2.7658,2.7638,2.7643,11
2026-04-09 21:11:00,2.7598,2.7608,2.7588,2.7608,2.7648,2.7658,2.7638,2.7658,12
2026-04-09 21:12:00,2.7603,2.7608,2.7593,2.7593,2.7653,2.7658,2.7643,2.7643,8
2026-04-09 21:13:00,2.7598,2.7608,2.7598,2.7608,2.7648,2.7658,2.7648,2.7658,5
2026-04-09 21:14:00,2.7613,2.7613,2.7588,2.7598,2.7663,2.7663,2.7638,2.7648,14
2026-04-09 21:15:00,2.7593,2.7608,2.7588,2.7588,2.7643,2.7658,2.7638,2.7638,12
2026-04-09 21:16:00,2.7583,2.7583,2.7578,2.7578,2.7633,2.7633,2.7628,2.7628,2
2026-04-09 21:17:00,2.7583,2.7583,2.7548,2.7568,2.7633,2.7633,2.7598,2.7618,8
2026-04-09 21:18:00,2.7573,2.7588,2.7558,2.7588,2.7623,2.7638,2.7608,2.7638,9
2026-04-09 21:19:00,2.7593,2.7598,2.7583,2.7598,2.7643,2.7648,2.7633,2.7648,11
2026-04-09 21:20:00,2.7593,2.7608,2.7578,2.7608,2.7643,2.7658,2.7628,2.7658,12
2026-04-09 21:21:00,2.7603,2.7608,2.7598,2.7603,2.7653,2.7658,2.7648,2.7653,9
2026-04-09 21:22:00,2.7608,2.7613,2.7598,2.7608,2.7658,2.7663,2.7648,2.7658,8
2026-04-09 21:23:00,2.7618,2.7618,2.7598,2.7608,2.7668,2.7668,2.7648,2.7658,11
2026-04-09 21:24:00,2.7603,2.7608,2.7588,2.7588,2.7653,2.7658,2.7638,2.7638,11
2026-04-09 21:25:00,2.7593,2.7598,2.7593,2.7598,2.7643,2.7648,2.7643,2.7648,2
2026-04-09 21:26:00,2.7603,2.7608,2.7598,2.7598,2.7653,2.7658,2.7648,2.7648,8
2026-04-09 21:27:00,2.7588,2.7598,2.7588,2.7588,2.7638,2.7648,2.7638,2.7638,3
2026-04-09 21:28:00,2.7583,2.7583,2.7578,2.7583,2.7633,2.7633,2.7628,2.7633,3
2026-04-09 21:29:00,2.7578,2.7578,2.7568,2.7568,2.7628,2.7628,2.7618,2.7618,2
2026-04-09 21:30:00,2.7558,2.7558,2.7558,2.7558,2.7608,2.7608,2.7608,2.7608,1
2026-04-09 21:31:00,2.7568,2.7578,2.7558,2.7578,2.7618,2.7628,2.7608,2.7628,7
2026-04-09 21:32:00,2.7573,2.7583,2.7568,2.7578,2.7623,2.7633,2.7618,2.7628,6
2026-04-09 21:33:00,2.7568,2.7583,2.7568,2.7578,2.7618,2.7633,2.7618,2.7628,7
2026-04-09 21:34:00,2.7588,2.7588,2.7578,2.7578,2.7638,2.7638,2.7628,2.7628,6
2026-04-09 21:36:00,2.7583,2.7598,2.7583,2.7593,2.7633,2.7648,2.7633,2.7643,6
2026-04-09 21:37:00,2.7598,2.7598,2.7588,2.7598,2.7648,2.7648,2.7638,2.7648,8
2026-04-09 21:38:00,2.7593,2.7598,2.7588,2.7598,2.7643,2.7648,2.7638,2.7648,9
2026-04-09 21:39:00,2.7593,2.7593,2.7583,2.7583,2.7643,2.7643,2.7633,2.7633,3
2026-04-09 21:40:00,2.7588,2.7598,2.7588,2.7588,2.7638,2.7648,2.7638,2.7638,4
2026-04-09 21:41:00,2.7598,2.7608,2.7588,2.7598,2.7648,2.7658,2.7638,2.7648,8
2026-04-09 21:42:00,2.7603,2.7603,2.7578,2.7588,2.7653,2.7653,2.7628,2.7638,20
2026-04-09 21:43:00,2.7593,2.7598,2.7588,2.7598,2.7643,2.7648,2.7638,2.7648,10
2026-04-09 21:44:00,2.7593,2.7603,2.7588,2.7603,2.7643,2.7653,2.7638,2.7653,7
2026-04-09 21:45:00,2.7598,2.7608,2.7588,2.7608,2.7648,2.7658,2.7638,2.7658,7
2026-04-09 21:46:00,2.7603,2.7603,2.7588,2.7588,2.7653,2.7653,2.7638,2.7638,8
2026-04-09 21:47:00,2.7593,2.7598,2.7588,2.7588,2.7643,2.7648,2.7638,2.7638,5
2026-04-09 21:48:00,2.7583,2.7588,2.7583,2.7588,2.7633,2.7638,2.7633,2.7638,4
2026-04-09 21:49:00,2.7598,2.7598,2.7588,2.7598,2.7648,2.7648,2.7638,2.7648,6
2026-04-09 21:50:00,2.7593,2.7598,2.7588,2.7588,2.7643,2.7648,2.7638,2.7638,4
2026-04-09 21:51:00,2.7578,2.7598,2.7578,2.7598,2.7628,2.7648,2.7628,2.7648,3
2026-04-09 21:52:00,2.7593,2.7598,2.7578,2.7593,2.7643,2.7648,2.7628,2.7643,9
2026-04-09 21:53:00,2.7588,2.7598,2.7588,2.7588,2.7638,2.7648,2.7638,2.7638,8
2026-04-09 21:54:00,2.7593,2.7598,2.7578,2.7583,2.7643,2.7648,2.7628,2.7633,12
2026-04-09 21:55:00,2.7588,2.7593,2.7578,2.7588,2.7638,2.7643,2.7628,2.7638,17
2026-04-09 21:56:00,2.7598,2.7598,2.7578,2.7583,2.7648,2.7648,2.7628,2.7633,9
2026-04-09 21:57:00,2.7588,2.7608,2.7578,2.7603,2.7638,2.7658,2.7628,2.7653,12
2026-04-09 21:58:00,2.7598,2.7608,2.7593,2.7598,2.7648,2.7658,2.7643,2.7648,11
2026-04-09 21:59:00,2.7593,2.7598,2.7568,2.7588,2.7643,2.7648,2.7618,2.7638,23
2026-04-09 22:00:00,2.7593,2.7593,2.7548,2.7553,2.7643,2.7643,2.7598,2.7603,20
2026-04-09 22:01:00,2.7548,2.7558,2.7548,2.7553,2.7598,2.7608,2.7598,2.7603,6
2026-04-09 22:02:00,2.7548,2.7558,2.7538,2.7548,2.7598,2.7608,2.7588,2.7598,10
2026-04-09 22:03:00,2.7558,2.7558,2.7548,2.7553,2.7608,2.7608,2.7598,2.7603,6
2026-04-09 22:04:00,2.7548,2.7563,2.7548,2.7563,2.7598,2.7613,2.7598,2.7613,6
2026-04-09 22:05:00,2.7558,2.7568,2.7558,2.7563,2.7608,2.7618,2.7608,2.7613,14
2026-04-09 22:06:00,2.7558,2.7573,2.7558,2.7568,2.7608,2.7623,2.7608,2.7618,5
2026-04-09 22:07:00,2.7563,2.7563,2.7558,2.7558,2.7613,2.7613,2.7608,2.7608,2
2026-04-09 22:09:00,2.7548,2.7558,2.7543,2.7548,2.7598,2.7608,2.7593,2.7598,5
2026-04-09 22:10:00,2.7558,2.7558,2.7538,2.7543,2.7608,2.7608,2.7588,2.7593,6
2026-04-09 22:11:00,2.7538,2.7538,2.7528,2.7528,2.7588,2.7588,2.7578,2.7578,11
2026-04-09 22:12:00,2.7533,2.7538,2.7533,2.7533,2.7583,2.7588,2.7583,2.7583,3
2026-04-09 22:13:00,2.7538,2.7548,2.7518,2.7538,2.7588,2.7598,2.7568,2.7588,20
2026-04-09 22:14:00,2.7533,2.7533,2.7518,2.7523,2.7583,2.7583,2.7568,2.7573,8
2026-04-09 22:15:00,2.7518,2.7538,2.7503,2.7528,2.7568,2.7588,2.7553,2.7578,13
2026-04-09 22:16:00,2.7533,2.7538,2.7533,2.7533,2.7583,2.7588,2.7583,2.7583,3
2026-04-09 22:17:00,2.7538,2.7538,2.7528,2.7528,2.7588,2.7588,2.7578,2.7578,3
2026-04-09 22:18:00,2.7533,2.7533,2.7528,2.7528,2.7583,2.7583,2.7578,2.7578,4
2026-04-09 22:19:00,2.7523,2.7538,2.7518,2.7533,2.7573,2.7588,2.7568,2.7583,5
2026-04-09 22:20:00,2.7538,2.7538,2.7538,2.7538,2.7588,2.7588,2.7588,2.7588,1
2026-04-09 22:21:00,2.7533,2.7538,2.7533,2.7538,2.7583,2.7588,2.7583,2.7588,2
2026-04-09 22:22:00,2.7543,2.7543,2.7543,2.7543,2.7593,2.7593,2.7593,2.7593,1
2026-04-09 22:23:00,2.7538,2.7538,2.7533,2.7533,2.7588,2.7588,2.7583,2.7583,2
2026-04-09 22:24:00,2.7528,2.7533,2.7528,2.7533,2.7578,2.7583,2.7578,2.7583,2
2026-04-09 22:25:00,2.7528,2.7548,2.7528,2.7548,2.7578,2.7598,2.7578,2.7598,4
2026-04-09 22:26:00,2.7538,2.7548,2.7538,2.7538,2.7588,2.7598,2.7588,2.7588,5
2026-04-09 22:28:00,2.7533,2.7538,2.7533,2.7538,2.7583,2.7588,2.7583,2.7588,2
2026-04-09 22:29:00,2.7543,2.7548,2.7528,2.7528,2.7593,2.7598,2.7578,2.7578,6
2026-04-09 22:30:00,2.7533,2.7548,2.7523,2.7538,2.7583,2.7598,2.7573,2.7588,9
2026-04-09 22:31:00,2.7528,2.7528,2.7518,2.7523,2.7578,2.7578,2.7568,2.7573,6
2026-04-09 22:32:00,2.7528,2.7528,2.7488,2.7488,2.7578,2.7578,2.7538,2.7538,16
2026-04-09 22:33:00,2.7493,2.7528,2.7493,2.7528,2.7543,2.7578,2.7543,2.7578,9
2026-04-09 22:34:00,2.7523,2.7523,2.7493,2.7493,2.7573,2.7573,2.7543,2.7543,12
2026-04-09 22:35:00,2.7488,2.7508,2.7478,2.7508,2.7538,2.7558,2.7528,2.7558,15
2026-04-09 22:36:00,2.7498,2.7503,2.7488,2.7488,2.7548,2.7553,2.7538,2.7538,7
2026-04-09 22:37:00,2.7493,2.7498,2.7493,2.7498,2.7543,2.7548,2.7543,2.7548,2
2026-04-09 22:38:00,2.7478,2.7488,2.7478,2.7488,2.7528,2.7538,2.7528,2.7538,2
2026-04-09 22:39:00,2.7478,2.7488,2.7478,2.7488,2.7528,2.7538,2.7528,2.7538,6
2026-04-09 22:40:00,2.7483,2.7498,2.7478,2.7498,2.7533,2.7548,2.7528,2.7548,8
2026-04-09 22:41:00,2.7488,2.7488,2.7488,2.7488,2.7538,2.7538,2.7538,2.7538,1
2026-04-09 22:43:00,2.7478,2.7488,2.7478,2.7488,2.7528,2.7538,2.7528,2.7538,2
2026-04-09 22:44:00,2.7493,2.7498,2.7488,2.7498,2.7543,2.7548,2.7538,2.7548,6
2026-04-09 22:45:00,2.7493,2.7493,2.7488,2.7488,2.7543,2.7543,2.7538,2.7538,2
2026-04-09 22:46:00,2.7493,2.7498,2.7473,2.7483,2.7543,2.7548,2.7523,2.7533,12
2026-04-09 22:47:00,2.7488,2.7488,2.7488,2.7488,2.7538,2.7538,2.7538,2.7538,1
2026-04-09 22:48:00,2.7498,2.7498,2.7488,2.7488,2.7548,2.7548,2.7538,2.7538,3
2026-04-09 22:49:00,2.7493,2.7493,2.7488,2.7488,2.7543,2.7543,2.7538,2.7538,2
2026-04-09 22:50:00,2.7483,2.7488,2.7478,2.7488,2.7533,2.7538,2.7528,2.7538,10
2026-04-09 22:52:00,2.7483,2.7488,2.7483,2.7488,2.7533,2.7538,2.7533,2.7538,2
2026-04-09 22:53:00,2.7483,2.7538,2.7483,2.7518,2.7533,2.7588,2.7533,2.7568,15
2026-04-09 22:54:00,2.7523,2.7523,2.7503,2.7508,2.7573,2.7573,2.7553,2.7558,7
2026-04-09 22:55:00,2.7503,2.7508,2.7503,2.7508,2.7553,2.7558,2.7553,2.7558,2
2026-04-09 22:56:00,2.7503,2.7508,2.7498,2.7508,2.7553,2.7558,2.7548,2.7558,4
2026-04-09 22:58:00,2.7503,2.7503,2.7498,2.7503,2.7553,2.7553,2.7548,2.7553,3
2026-04-09 22:59:00,2.7508,2.76,2.7493,2.76,2.7558,2.765,2.7543,2.765,16
2026-04-10 00:00:00,2.7605,2.763,2.756,2.7585,2.7655,2.768,2.761,2.7635,26
2026-04-10 00:01:00,2.759,2.761,2.759,2.76,2.764,2.766,2.764,2.765,9
2026-04-10 00:02:00,2.7605,2.762,2.7595,2.7595,2.7655,2.767,2.7645,2.7645,6
2026-04-10 00:03:00,2.7605,2.7605,2.7595,2.76,2.7655,2.7655,2.7645,2.765,4
2026-04-10 00:04:00,2.7595,2.7595,2.7585,2.7585,2.7645,2.7645,2.7635,2.7635,7
2026-04-10 00:05:00,2.759,2.759,2.759,2.759,2.764,2.764,2.764,2.764,1
2026-04-10 00:06:00,2.7605,2.7605,2.7605,2.7605,2.7655,2.7655,2.7655,2.7655,1
2026-04-10 00:07:00,2.761,2.762,2.761,2.762,2.766,2.767,2.766,2.767,2
2026-04-10 00:08:00,2.7615,2.762,2.761,2.761,2.7665,2.767,2.766,2.766,4
2026-04-10 00:09:00,2.7615,2.7615,2.7615,2.7615,2.7665,2.7665,2.7665,2.7665,1
2026-04-10 00:10:00,2.762,2.762,2.7615,2.7615,2.767,2.767,2.7665,2.7665,2
2026-04-10 00:11:00,2.762,2.762,2.761,2.761,2.767,2.767,2.766,2.766,2
2026-04-10 00:12:00,2.7615,2.7615,2.7615,2.7615,2.7665,2.7665,2.7665,2.7665,1
2026-04-10 00:15:00,2.762,2.762,2.7615,2.7615,2.767,2.767,2.7665,2.7665,2
2026-04-10 00:16:00,2.761,2.762,2.761,2.762,2.766,2.767,2.766,2.767,3
2026-04-10 00:17:00,2.7625,2.764,2.7625,2.7635,2.7675,2.769,2.7675,2.7685,6
2026-04-10 00:20:00,2.763,2.763,2.763,2.763,2.768,2.768,2.768,2.768,1
2026-04-10 00:21:00,2.7625,2.7625,2.7625,2.7625,2.7675,2.7675,2.7675,2.7675,1
2026-04-10 00:24:00,2.762,2.762,2.762,2.762,2.767,2.767,2.767,2.767,1
2026-04-10 00:25:00,2.761,2.7625,2.761,2.7625,2.766,2.7675,2.766,2.7675,2
2026-04-10 00:29:00,2.764,2.764,2.763,2.7635,2.769,2.769,2.768,2.7685,4
2026-04-10 00:30:00,2.764,2.7645,2.764,2.7645,2.769,2.7695,2.769,2.7695,2
2026-04-10 00:31:00,2.764,2.7645,2.764,2.7645,2.769,2.7695,2.769,2.7695,2
2026-04-10 00:33:00,2.764,2.764,2.763,2.763,2.769,2.769,2.768,2.768,3
2026-04-10 00:34:00,2.7635,2.764,2.7635,2.7635,2.7685,2.769,2.7685,2.7685,3
2026-04-10 00:35:00,2.764,2.7645,2.7615,2.764,2.769,2.7695,2.7665,2.769,10
2026-04-10 00:36:00,2.763,2.763,2.7615,2.7615,2.768,2.768,2.7665,2.7665,4
2026-04-10 00:37:00,2.761,2.761,2.7595,2.7595,2.766,2.766,2.7645,2.7645,3
2026-04-10 00:38:00,2.76,2.7605,2.7595,2.7595,2.765,2.7655,2.7645,2.7645,4
2026-04-10 00:42:00,2.76,2.761,2.76,2.761,2.765,2.766,2.765,2.766,2
2026-04-10 00:44:00,2.7615,2.764,2.7615,2.764,2.7665,2.769,2.7665,2.769,4
2026-04-10 00:45:00,2.7635,2.765,2.7635,2.7645,2.7685,2.77,2.7685,2.7695,6
2026-04-10 00:46:00,2.765,2.765,2.7645,2.7645,2.77,2.77,2.7695,2.7695,4
2026-04-10 00:47:00,2.765,2.766,2.765,2.7655,2.77,2.771,2.77,2.7705,7
2026-04-10 00:48:00,2.766,2.767,2.766,2.7665,2.771,2.772,2.771,2.7715,4
2026-04-10 00:49:00,2.7655,2.7655,2.765,2.765,2.7705,2.7705,2.77,2.77,2
2026-04-10 00:51:00,2.7645,2.7645,2.764,2.7645,2.7695,2.7695,2.769,2.7695,3
2026-04-10 00:53:00,2.764,2.764,2.764,2.764,2.769,2.769,2.769,2.769,1
2026-04-10 01:01:00,2.7635,2.7635,2.7635,2.7635,2.7685,2.7685,2.7685,2.7685,1
2026-04-10 01:02:00,2.763,2.763,2.763,2.763,2.768,2.768,2.768,2.768,1
2026-04-10 01:03:00,2.7625,2.7625,2.7615,2.7615,2.7675,2.7675,2.7665,2.7665,3
2026-04-10 01:04:00,2.762,2.762,2.7615,2.7615,2.767,2.767,2.7665,2.7665,2
2026-04-10 01:07:00,2.761,2.762,2.7605,2.7605,2.766,2.767,2.7655,2.7655,4
2026-04-10 01:08:00,2.761,2.761,2.76,2.76,2.766,2.766,2.765,2.765,2
2026-04-10 01:09:00,2.7605,2.7605,2.7605,2.7605,2.7655,2.7655,2.7655,2.7655,1
2026-04-10 01:10:00,2.761,2.761,2.761,2.761,2.766,2.766,2.766,2.766,1
2026-04-10 01:11:00,2.76,2.76,2.7585,2.7585,2.765,2.765,2.7635,2.7635,3
2026-04-10 01:12:00,2.758,2.7585,2.758,2.7585,2.763,2.7635,2.763,2.7635,2
2026-04-10 01:13:00,2.759,2.759,2.7585,2.7585,2.764,2.764,2.7635,2.7635,2
2026-04-10 01:15:00,2.7595,2.7595,2.7585,2.7585,2.7645,2.7645,2.7635,2.7635,2
2026-04-10 01:16:00,2.759,2.759,2.7585,2.759,2.764,2.764,2.7635,2.764,3
2026-04-10 01:17:00,2.7585,2.7585,2.7585,2.7585,2.7635,2.7635,2.7635,2.7635,1
2026-04-10 01:22:00,2.759,2.759,2.7585,2.7585,2.764,2.764,2.7635,2.7635,2
2026-04-10 01:23:00,2.759,2.759,2.759,2.759,2.764,2.764,2.764,2.764,1
2026-04-10 01:25:00,2.7585,2.7585,2.7585,2.7585,2.7635,2.7635,2.7635,2.7635,1
2026-04-10 01:26:00,2.759,2.759,2.759,2.759,2.764,2.764,2.764,2.764,1
2026-04-10 01:29:00,2.76,2.76,2.76,2.76,2.765,2.765,2.765,2.765,1
2026-04-10 01:30:00,2.7595,2.76,2.7595,2.76,2.7645,2.765,2.7645,2.765,2
2026-04-10 01:31:00,2.761,2.7625,2.7605,2.7605,2.766,2.7675,2.7655,2.7655,5
2026-04-10 01:32:00,2.761,2.761,2.7595,2.7595,2.766,2.766,2.7645,2.7645,3
2026-04-10 01:33:00,2.76,2.76,2.76,2.76,2.765,2.765,2.765,2.765,1
2026-04-10 01:34:00,2.7605,2.7605,2.7605,2.7605,2.7655,2.7655,2.7655,2.7655,1
2026-04-10 01:35:00,2.761,2.761,2.7605,2.761,2.766,2.766,2.7655,2.766,3
2026-04-10 01:37:00,2.7605,2.7605,2.7595,2.76,2.7655,2.7655,2.7645,2.765,3
2026-04-10 01:38:00,2.7595,2.7595,2.7595,2.7595,2.7645,2.7645,2.7645,2.7645,1
2026-04-10 01:40:00,2.76,2.76,2.759,2.759,2.765,2.765,2.764,2.764,2
2026-04-10 01:41:00,2.7585,2.7585,2.7585,2.7585,2.7635,2.7635,2.7635,2.7635,1
2026-04-10 01:42:00,2.759,2.759,2.759,2.759,2.764,2.764,2.764,2.764,1
2026-04-10 01:43:00,2.7595,2.7595,2.7595,2.7595,2.7645,2.7645,2.7645,2.7645,1
2026-04-10 01:47:00,2.76,2.76,2.76,2.76,2.765,2.765,2.765,2.765,1
2026-04-10 01:48:00,2.7605,2.7605,2.7605,2.7605,2.7655,2.7655,2.7655,2.7655,1
2026-04-10 01:49:00,2.761,2.7615,2.761,2.7615,2.766,2.7665,2.766,2.7665,2
2026-04-10 01:50:00,2.761,2.761,2.7595,2.7595,2.766,2.766,2.7645,2.7645,4
2026-04-10 01:51:00,2.759,2.7595,2.759,2.7595,2.764,2.7645,2.764,2.7645,2
2026-04-10 01:55:00,2.76,2.76,2.76,2.76,2.765,2.765,2.765,2.765,1
2026-04-10 01:56:00,2.7595,2.76,2.7595,2.76,2.7645,2.765,2.7645,2.765,2
2026-04-10 01:59:00,2.7605,2.7605,2.7595,2.7595,2.7655,2.7655,2.7645,2.7645,3
2026-04-10 02:00:00,2.759,2.7595,2.7585,2.759,2.764,2.7645,2.7635,2.764,6
2026-04-10 02:01:00,2.7595,2.762,2.7595,2.7615,2.7645,2.767,2.7645,2.7665,8
2026-04-10 02:02:00,2.761,2.761,2.7605,2.7605,2.766,2.766,2.7655,2.7655,2
2026-04-10 02:03:00,2.7595,2.7605,2.759,2.7605,2.7645,2.7655,2.764,2.7655,9
2026-04-10 02:04:00,2.762,2.763,2.762,2.762,2.767,2.768,2.767,2.767,5
2026-04-10 02:05:00,2.7625,2.7625,2.7605,2.7605,2.7675,2.7675,2.7655,2.7655,8
2026-04-10 02:06:00,2.761,2.7615,2.7605,2.7615,2.766,2.7665,2.7655,2.7665,11
2026-04-10 02:07:00,2.7605,2.762,2.7605,2.762,2.7655,2.767,2.7655,2.767,9
2026-04-10 02:08:00,2.7615,2.7625,2.761,2.7625,2.7665,2.7675,2.766,2.7675,4
2026-04-10 02:09:00,2.762,2.763,2.762,2.762,2.767,2.768,2.767,2.767,4
2026-04-10 02:10:00,2.7625,2.7625,2.7615,2.762,2.7675,2.7675,2.7665,2.767,16
2026-04-10 02:11:00,2.7625,2.7625,2.7625,2.7625,2.7675,2.7675,2.7675,2.7675,1
2026-04-10 02:12:00,2.762,2.7625,2.7615,2.7625,2.767,2.7675,2.7665,2.7675,11
2026-04-10 02:14:00,2.7635,2.7635,2.7625,2.763,2.7685,2.7685,2.7675,2.768,8
2026-04-10 02:15:00,2.7625,2.7625,2.76,2.76,2.7675,2.7675,2.765,2.765,5
2026-04-10 02:16:00,2.7595,2.76,2.759,2.759,2.7645,2.765,2.764,2.764,4
2026-04-10 02:17:00,2.76,2.76,2.76,2.76,2.765,2.765,2.765,2.765,1
2026-04-10 02:23:00,2.7595,2.76,2.7595,2.76,2.7645,2.765,2.7645,2.765,2
2026-04-10 02:24:00,2.7595,2.7595,2.759,2.759,2.7645,2.7645,2.764,2.764,2
2026-04-10 02:25:00,2.758,2.76,2.758,2.76,2.763,2.765,2.763,2.765,7
2026-04-10 02:26:00,2.759,2.759,2.7585,2.7585,2.764,2.764,2.7635,2.7635,2
2026-04-10 02:28:00,2.759,2.7595,2.758,2.758,2.764,2.7645,2.763,2.763,9
2026-04-10 02:29:00,2.7585,2.7595,2.7585,2.7595,2.7635,2.7645,2.7635,2.7645,2
2026-04-10 02:30:00,2.76,2.76,2.759,2.759,2.765,2.765,2.764,2.764,2
2026-04-10 02:31:00,2.7595,2.7615,2.7595,2.761,2.7645,2.7665,2.7645,2.766,7
2026-04-10 02:32:00,2.7615,2.7615,2.7615,2.7615,2.7665,2.7665,2.7665,2.7665,1
2026-04-10 02:33:00,2.7625,2.7625,2.7625,2.7625,2.7675,2.7675,2.7675,2.7675,1
2026-04-10 02:34:00,2.7645,2.766,2.7645,2.766,2.7695,2.771,2.7695,2.771,3
2026-04-10 02:35:00,2.7655,2.7655,2.7615,2.7615,2.7705,2.7705,2.7665,2.7665,21
2026-04-10 02:36:00,2.761,2.7615,2.76,2.7615,2.766,2.7665,2.765,2.7665,5
2026-04-10 02:37:00,2.7625,2.7625,2.7615,2.7615,2.7675,2.7675,2.7665,2.7665,19
2026-04-10 02:38:00,2.762,2.7625,2.762,2.7625,2.767,2.7675,2.767,2.7675,2
2026-04-10 02:39:00,2.763,2.763,2.763,2.763,2.768,2.768,2.768,2.768,1
2026-04-10 02:40:00,2.7625,2.763,2.7625,2.763,2.7675,2.768,2.7675,2.768,2
2026-04-10 02:42:00,2.7625,2.7625,2.762,2.762,2.7675,2.7675,2.767,2.767,2
2026-04-10 02:44:00,2.7625,2.7625,2.762,2.762,2.7675,2.7675,2.767,2.767,2
2026-04-10 02:45:00,2.763,2.763,2.763,2.763,2.768,2.768,2.768,2.768,1
2026-04-10 02:48:00,2.764,2.764,2.764,2.764,2.769,2.769,2.769,2.769,1
2026-04-10 02:49:00,2.7635,2.764,2.7635,2.764,2.7685,2.769,2.7685,2.769,2
2026-04-10 02:50:00,2.7635,2.764,2.7635,2.764,2.7685,2.769,2.7685,2.769,2
2026-04-10 02:51:00,2.7635,2.764,2.763,2.763,2.7685,2.769,2.768,2.768,3
2026-04-10 02:52:00,2.7625,2.7625,2.76,2.7605,2.7675,2.7675,2.765,2.7655,6
2026-04-10 02:53:00,2.7595,2.7615,2.7595,2.761,2.7645,2.7665,2.7645,2.766,10
2026-04-10 02:54:00,2.7615,2.7615,2.7605,2.761,2.7665,2.7665,2.7655,2.766,14
2026-04-10 02:55:00,2.7615,2.7615,2.7605,2.7605,2.7665,2.7665,2.7655,2.7655,3
2026-04-10 02:56:00,2.761,2.7615,2.7605,2.7615,2.766,2.7665,2.7655,2.7665,17
2026-04-10 02:57:00,2.7625,2.7625,2.762,2.762,2.7675,2.7675,2.767,2.767,14
2026-04-10 02:58:00,2.7625,2.7625,2.7625,2.7625,2.7675,2.7675,2.7675,2.7675,1
2026-04-10 02:59:00,2.762,2.7625,2.76,2.76,2.767,2.7675,2.765,2.765,5
2026-04-10 03:00:00,2.759,2.762,2.758,2.76,2.764,2.767,2.763,2.765,18
2026-04-10 03:01:00,2.7605,2.7655,2.7605,2.7655,2.7655,2.7705,2.7655,2.7705,8
2026-04-10 03:02:00,2.765,2.765,2.7645,2.7645,2.77,2.77,2.7695,2.7695,6
2026-04-10 03:03:00,2.765,2.7655,2.7635,2.7645,2.77,2.7705,2.7685,2.7695,6
2026-04-10 03:04:00,2.764,2.7645,2.763,2.7635,2.769,2.7695,2.768,2.7685,6
2026-04-10 03:05:00,2.763,2.764,2.7625,2.7625,2.768,2.769,2.7675,2.7675,6
2026-04-10 03:06:00,2.763,2.7645,2.763,2.764,2.768,2.7695,2.768,2.769,9
2026-04-10 03:07:00,2.765,2.765,2.764,2.7645,2.77,2.77,2.769,2.7695,13
2026-04-10 03:08:00,2.765,2.765,2.764,2.764,2.77,2.77,2.769,2.769,5
2026-04-10 03:09:00,2.7625,2.763,2.7625,2.763,2.7675,2.768,2.7675,2.768,2
2026-04-10 03:10:00,2.7635,2.7635,2.7615,2.762,2.7685,2.7685,2.7665,2.767,9
2026-04-10 03:11:00,2.7615,2.762,2.7615,2.7615,2.7665,2.767,2.7665,2.7665,7
2026-04-10 03:12:00,2.762,2.762,2.7605,2.762,2.767,2.767,2.7655,2.767,5
2026-04-10 03:13:00,2.761,2.7625,2.761,2.7625,2.766,2.7675,2.766,2.7675,4
2026-04-10 03:14:00,2.762,2.7625,2.761,2.7615,2.767,2.7675,2.766,2.7665,8
2026-04-10 03:15:00,2.762,2.7625,2.7615,2.7615,2.767,2.7675,2.7665,2.7665,4
2026-04-10 03:16:00,2.762,2.762,2.76,2.76,2.767,2.767,2.765,2.765,5
2026-04-10 03:17:00,2.7605,2.7615,2.7605,2.7615,2.7655,2.7665,2.7655,2.7665,6
2026-04-10 03:18:00,2.761,2.7615,2.761,2.7615,2.766,2.7665,2.766,2.7665,2
2026-04-10 03:19:00,2.762,2.763,2.762,2.762,2.767,2.768,2.767,2.767,4
2026-04-10 03:20:00,2.763,2.763,2.7625,2.7625,2.768,2.768,2.7675,2.7675,2
2026-04-10 03:21:00,2.7615,2.762,2.761,2.761,2.7665,2.767,2.766,2.766,5
2026-04-10 03:22:00,2.7615,2.7615,2.76,2.76,2.7665,2.7665,2.765,2.765,3
2026-04-10 03:23:00,2.759,2.76,2.7585,2.7585,2.764,2.765,2.7635,2.7635,8
2026-04-10 03:24:00,2.759,2.76,2.759,2.76,2.764,2.765,2.764,2.765,5
2026-04-10 03:25:00,2.7595,2.7595,2.758,2.759,2.7645,2.7645,2.763,2.764,7
2026-04-10 03:26:00,2.76,2.7605,2.7595,2.7605,2.765,2.7655,2.7645,2.7655,6
2026-04-10 03:27:00,2.76,2.76,2.759,2.759,2.765,2.765,2.764,2.764,2
2026-04-10 03:29:00,2.7595,2.7595,2.7595,2.7595,2.7645,2.7645,2.7645,2.7645,1
2026-04-10 03:30:00,2.76,2.7605,2.759,2.7605,2.765,2.7655,2.764,2.7655,5
2026-04-10 03:31:00,2.76,2.76,2.7595,2.7595,2.765,2.765,2.7645,2.7645,2
2026-04-10 03:32:00,2.76,2.76,2.758,2.758,2.765,2.765,2.763,2.763,10
2026-04-10 03:33:00,2.7585,2.759,2.7585,2.759,2.7635,2.764,2.7635,2.764,2
2026-04-10 03:34:00,2.7595,2.7595,2.7595,2.7595,2.7645,2.7645,2.7645,2.7645,1
2026-04-10 03:35:00,2.76,2.76,2.76,2.76,2.765,2.765,2.765,2.765,1
2026-04-10 03:36:00,2.7605,2.7605,2.7585,2.7595,2.7655,2.7655,2.7635,2.7645,6
2026-04-10 03:37:00,2.7585,2.7585,2.7585,2.7585,2.7635,2.7635,2.7635,2.7635,1
2026-04-10 03:38:00,2.759,2.76,2.759,2.7595,2.764,2.765,2.764,2.7645,6
2026-04-10 03:39:00,2.76,2.761,2.76,2.7605,2.765,2.766,2.765,2.7655,4
2026-04-10 03:40:00,2.761,2.7615,2.7605,2.7615,2.766,2.7665,2.7655,2.7665,3
2026-04-10 03:41:00,2.7625,2.764,2.7625,2.764,2.7675,2.769,2.7675,2.769,3
2026-04-10 03:42:00,2.7635,2.765,2.7635,2.765,2.7685,2.77,2.7685,2.77,4
2026-04-10 03:43:00,2.7655,2.7655,2.7645,2.7645,2.7705,2.7705,2.7695,2.7695,3
2026-04-10 03:44:00,2.765,2.765,2.765,2.765,2.77,2.77,2.77,2.77,1
2026-04-10 03:45:00,2.7655,2.7655,2.7645,2.7645,2.7705,2.7705,2.7695,2.7695,2
2026-04-10 03:46:00,2.764,2.7645,2.764,2.764,2.769,2.7695,2.769,2.769,5
2026-04-10 03:47:00,2.7645,2.765,2.764,2.764,2.7695,2.77,2.769,2.769,8
2026-04-10 03:48:00,2.763,2.763,2.7625,2.7625,2.768,2.768,2.7675,2.7675,10
2026-04-10 03:49:00,2.763,2.764,2.763,2.763,2.768,2.769,2.768,2.768,6
2026-04-10 03:50:00,2.7635,2.7645,2.7635,2.764,2.7685,2.7695,2.7685,2.769,6
2026-04-10 03:51:00,2.7645,2.765,2.764,2.7645,2.7695,2.77,2.769,2.7695,7
2026-04-10 03:53:00,2.765,2.765,2.7645,2.765,2.77,2.77,2.7695,2.77,7
2026-04-10 03:54:00,2.7645,2.7645,2.764,2.7645,2.7695,2.7695,2.769,2.7695,3
2026-04-10 03:55:00,2.764,2.764,2.763,2.7635,2.769,2.769,2.768,2.7685,4
2026-04-10 03:56:00,2.764,2.764,2.763,2.764,2.769,2.769,2.768,2.769,5
2026-04-10 03:57:00,2.7645,2.7645,2.7645,2.7645,2.7695,2.7695,2.7695,2.7695,1
2026-04-10 03:58:00,2.765,2.7655,2.765,2.7655,2.77,2.7705,2.77,2.7705,2
2026-04-10 03:59:00,2.766,2.766,2.7655,2.766,2.771,2.771,2.7705,2.771,3
2026-04-10 04:00:00,2.7645,2.7645,2.763,2.7635,2.7695,2.7695,2.768,2.7685,5
2026-04-10 04:01:00,2.764,2.765,2.7635,2.765,2.769,2.77,2.7685,2.77,7
2026-04-10 04:02:00,2.7645,2.766,2.7645,2.766,2.7695,2.771,2.7695,2.771,5
2026-04-10 04:03:00,2.765,2.765,2.7645,2.7645,2.77,2.77,2.7695,2.7695,8
2026-04-10 04:04:00,2.765,2.7655,2.764,2.7655,2.77,2.7705,2.769,2.7705,8
2026-04-10 04:05:00,2.766,2.766,2.765,2.765,2.771,2.771,2.77,2.77,3
2026-04-10 04:06:00,2.7655,2.7655,2.765,2.765,2.7705,2.7705,2.77,2.77,2
2026-04-10 04:07:00,2.7645,2.7655,2.7645,2.7655,2.7695,2.7705,2.7695,2.7705,3
2026-04-10 04:08:00,2.765,2.7655,2.7645,2.7645,2.77,2.7705,2.7695,2.7695,4
2026-04-10 04:09:00,2.765,2.765,2.7645,2.765,2.77,2.77,2.7695,2.77,3
2026-04-10 04:10:00,2.7645,2.7655,2.7645,2.7655,2.7695,2.7705,2.7695,2.7705,8
2026-04-10 04:13:00,2.766,2.766,2.765,2.7655,2.771,2.771,2.77,2.7705,8
2026-04-10 04:14:00,2.765,2.765,2.7645,2.7645,2.77,2.77,2.7695,2.7695,2
2026-04-10 04:15:00,2.765,2.7655,2.765,2.765,2.77,2.7705,2.77,2.77,3
2026-04-10 04:16:00,2.7655,2.7655,2.7655,2.7655,2.7705,2.7705,2.7705,2.7705,1
2026-04-10 04:17:00,2.766,2.7665,2.766,2.7665,2.771,2.7715,2.771,2.7715,2
2026-04-10 04:18:00,2.768,2.769,2.768,2.7685,2.773,2.774,2.773,2.7735,4
2026-04-10 04:19:00,2.769,2.769,2.7685,2.769,2.774,2.774,2.7735,2.774,3
2026-04-10 04:20:00,2.7685,2.769,2.7685,2.7685,2.7735,2.774,2.7735,2.7735,5
2026-04-10 04:21:00,2.769,2.769,2.768,2.768,2.774,2.774,2.773,2.773,5
2026-04-10 04:22:00,2.767,2.767,2.767,2.767,2.772,2.772,2.772,2.772,1
2026-04-10 04:26:00,2.766,2.766,2.766,2.766,2.771,2.771,2.771,2.771,1
2026-04-10 04:27:00,2.7665,2.7665,2.7665,2.7665,2.7715,2.7715,2.7715,2.7715,1
2026-04-10 04:29:00,2.766,2.766,2.766,2.766,2.771,2.771,2.771,2.771,1
2026-04-10 04:31:00,2.7655,2.7655,2.764,2.764,2.7705,2.7705,2.769,2.769,5
2026-04-10 04:32:00,2.7645,2.7645,2.762,2.763,2.7695,2.7695,2.767,2.768,11
2026-04-10 04:33:00,2.7625,2.7625,2.7615,2.7615,2.7675,2.7675,2.7665,2.7665,5
2026-04-10 04:35:00,2.762,2.762,2.7615,2.762,2.767,2.767,2.7665,2.767,3
2026-04-10 04:36:00,2.7615,2.7625,2.761,2.7615,2.7665,2.7675,2.766,2.7665,15
2026-04-10 04:37:00,2.762,2.7625,2.7615,2.7615,2.767,2.7675,2.7665,2.7665,9
2026-04-10 04:38:00,2.761,2.761,2.761,2.761,2.766,2.766,2.766,2.766,1
2026-04-10 04:39:00,2.7615,2.7615,2.761,2.761,2.7665,2.7665,2.766,2.766,2
2026-04-10 04:40:00,2.762,2.762,2.762,2.762,2.767,2.767,2.767,2.767,1
2026-04-10 04:41:00,2.7615,2.7615,2.7615,2.7615,2.7665,2.7665,2.7665,2.7665,1
2026-04-10 04:42:00,2.761,2.761,2.7605,2.7605,2.766,2.766,2.7655,2.7655,2
2026-04-10 04:43:00,2.761,2.7615,2.759,2.759,2.766,2.7665,2.764,2.764,6
2026-04-10 04:44:00,2.7595,2.7605,2.759,2.7605,2.7645,2.7655,2.764,2.7655,9
2026-04-10 04:45:00,2.761,2.7615,2.761,2.7615,2.766,2.7665,2.766,2.7665,2
2026-04-10 04:46:00,2.761,2.761,2.761,2.761,2.766,2.766,2.766,2.766,1
2026-04-10 04:47:00,2.7605,2.7605,2.7605,2.7605,2.7655,2.7655,2.7655,2.7655,1
2026-04-10 04:48:00,2.76,2.76,2.759,2.759,2.765,2.765,2.764,2.764,13
2026-04-10 04:49:00,2.758,2.759,2.758,2.759,2.763,2.764,2.763,2.764,4
2026-04-10 04:50:00,2.76,2.76,2.759,2.7595,2.765,2.765,2.764,2.7645,6
2026-04-10 04:52:00,2.759,2.7595,2.759,2.7595,2.764,2.7645,2.764,2.7645,2
2026-04-10 04:53:00,2.759,2.759,2.758,2.759,2.764,2.764,2.763,2.764,4
2026-04-10 04:54:00,2.76,2.76,2.759,2.7595,2.765,2.765,2.764,2.7645,8
2026-04-10 04:55:00,2.759,2.759,2.759,2.759,2.764,2.764,2.764,2.764,1
2026-04-10 04:56:00,2.7585,2.759,2.7585,2.7585,2.7635,2.764,2.7635,2.7635,3
2026-04-10 04:57:00,2.758,2.759,2.758,2.7585,2.763,2.764,2.763,2.7635,5
2026-04-10 04:58:00,2.759,2.759,2.7585,2.7585,2.764,2.764,2.7635,2.7635,4
2026-04-10 04:59:00,2.759,2.759,2.7585,2.7585,2.764,2.764,2.7635,2.7635,2
2026-04-10 05:00:00,2.759,2.759,2.7585,2.7585,2.764,2.764,2.7635,2.7635,2
2026-04-10 05:01:00,2.758,2.759,2.758,2.758,2.763,2.764,2.763,2.763,5
2026-04-10 05:02:00,2.754,2.7565,2.7525,2.756,2.759,2.7615,2.7575,2.761,27
2026-04-10 05:03:00,2.7565,2.7565,2.7555,2.7555,2.7615,2.7615,2.7605,2.7605,3
2026-04-10 05:04:00,2.755,2.756,2.755,2.755,2.76,2.761,2.76,2.76,3
2026-04-10 05:05:00,2.7555,2.756,2.755,2.755,2.7605,2.761,2.76,2.76,3
2026-04-10 05:06:00,2.7555,2.756,2.7555,2.756,2.7605,2.761,2.7605,2.761,2
2026-04-10 05:07:00,2.7565,2.7565,2.756,2.756,2.7615,2.7615,2.761,2.761,2
2026-04-10 05:08:00,2.7565,2.7565,2.7555,2.7555,2.7615,2.7615,2.7605,2.7605,3
2026-04-10 05:09:00,2.756,2.757,2.7555,2.757,2.761,2.762,2.7605,2.762,14
2026-04-10 05:10:00,2.758,2.758,2.758,2.758,2.763,2.763,2.763,2.763,1
2026-04-10 05:11:00,2.7595,2.7595,2.7585,2.7595,2.7645,2.7645,2.7635,2.7645,5
2026-04-10 05:12:00,2.76,2.76,2.758,2.758,2.765,2.765,2.763,2.763,3
2026-04-10 05:13:00,2.759,2.759,2.759,2.759,2.764,2.764,2.764,2.764,1
2026-04-10 05:14:00,2.7595,2.76,2.7595,2.76,2.7645,2.765,2.7645,2.765,2
2026-04-10 05:16:00,2.7605,2.761,2.7595,2.7595,2.7655,2.766,2.7645,2.7645,6
2026-04-10 05:17:00,2.76,2.7605,2.7595,2.76,2.765,2.7655,2.7645,2.765,4
2026-04-10 05:18:00,2.7595,2.7605,2.7595,2.7605,2.7645,2.7655,2.7645,2.7655,6
2026-04-10 05:19:00,2.761,2.761,2.7595,2.7595,2.766,2.766,2.7645,2.7645,3
2026-04-10 05:20:00,2.76,2.762,2.76,2.7615,2.765,2.767,2.765,2.7665,8
2026-04-10 05:21:00,2.7605,2.761,2.7605,2.7605,2.7655,2.766,2.7655,2.7655,11
2026-04-10 05:22:00,2.761,2.761,2.7605,2.761,2.766,2.766,2.7655,2.766,5
2026-04-10 05:23:00,2.7605,2.761,2.7605,2.7605,2.7655,2.766,2.7655,2.7655,3
2026-04-10 05:24:00,2.761,2.762,2.761,2.7615,2.766,2.767,2.766,2.7665,7
2026-04-10 05:25:00,2.7605,2.7615,2.7605,2.761,2.7655,2.7665,2.7655,2.766,7
2026-04-10 05:26:00,2.76,2.761,2.7595,2.76,2.765,2.766,2.7645,2.765,7
2026-04-10 05:27:00,2.7595,2.76,2.7595,2.76,2.7645,2.765,2.7645,2.765,2
2026-04-10 05:28:00,2.7605,2.761,2.7595,2.7595,2.7655,2.766,2.7645,2.7645,6
2026-04-10 05:29:00,2.76,2.7605,2.759,2.76,2.765,2.7655,2.764,2.765,7
2026-04-10 05:30:00,2.7605,2.761,2.7575,2.7575,2.7655,2.766,2.7625,2.7625,12
2026-04-10 05:31:00,2.757,2.7585,2.757,2.758,2.762,2.7635,2.762,2.763,13
2026-04-10 05:32:00,2.759,2.759,2.758,2.758,2.764,2.764,2.763,2.763,10
2026-04-10 05:33:00,2.757,2.757,2.755,2.755,2.762,2.762,2.76,2.76,7
2026-04-10 05:34:00,2.754,2.756,2.753,2.756,2.759,2.761,2.758,2.761,5
2026-04-10 05:35:00,2.7555,2.758,2.755,2.758,2.7605,2.763,2.76,2.763,11
2026-04-10 05:36:00,2.7585,2.7595,2.758,2.7595,2.7635,2.7645,2.763,2.7645,13
2026-04-10 05:37:00,2.7585,2.759,2.7575,2.7575,2.7635,2.764,2.7625,2.7625,10
2026-04-10 05:38:00,2.757,2.757,2.756,2.756,2.762,2.762,2.761,2.761,8
2026-04-10 05:39:00,2.7565,2.758,2.7565,2.7575,2.7615,2.763,2.7615,2.7625,4
2026-04-10 05:40:00,2.757,2.758,2.757,2.757,2.762,2.763,2.762,2.762,6
2026-04-10 05:41:00,2.756,2.7565,2.756,2.7565,2.761,2.7615,2.761,2.7615,2
2026-04-10 05:42:00,2.756,2.756,2.756,2.756,2.761,2.761,2.761,2.761,1
2026-04-10 05:43:00,2.757,2.757,2.756,2.756,2.762,2.762,2.761,2.761,4
2026-04-10 05:44:00,2.7565,2.7565,2.755,2.7565,2.7615,2.7615,2.76,2.7615,7
2026-04-10 05:45:00,2.756,2.756,2.754,2.754,2.761,2.761,2.759,2.759,7
2026-04-10 05:47:00,2.753,2.7535,2.753,2.7535,2.758,2.7585,2.758,2.7585,2
2026-04-10 05:48:00,2.753,2.755,2.753,2.755,2.758,2.76,2.758,2.76,8
2026-04-10 05:49:00,2.754,2.7555,2.754,2.7555,2.759,2.7605,2.759,2.7605,7
2026-04-10 05:50:00,2.755,2.7555,2.7545,2.755,2.76,2.7605,2.7595,2.76,11
2026-04-10 05:51:00,2.7555,2.756,2.7555,2.756,2.7605,2.761,2.7605,2.761,2
2026-04-10 05:52:00,2.757,2.757,2.756,2.756,2.762,2.762,2.761,2.761,6
2026-04-10 05:53:00,2.7565,2.7565,2.756,2.756,2.7615,2.7615,2.761,2.761,2
2026-04-10 05:54:00,2.7565,2.7565,2.7545,2.755,2.7615,2.7615,2.7595,2.76,6
2026-04-10 05:57:00,2.7555,2.7555,2.754,2.755,2.7605,2.7605,2.759,2.76,5
2026-04-10 05:58:00,2.7545,2.755,2.7545,2.755,2.7595,2.76,2.7595,2.76,2
2026-04-10 05:59:00,2.754,2.755,2.753,2.754,2.759,2.76,2.758,2.759,13
2026-04-10 06:00:00,2.7545,2.7545,2.754,2.7545,2.7595,2.7595,2.759,2.7595,3
2026-04-10 06:01:00,2.754,2.754,2.7535,2.7535,2.759,2.759,2.7585,2.7585,2
2026-04-10 06:02:00,2.753,2.753,2.751,2.752,2.758,2.758,2.756,2.757,6
2026-04-10 06:03:00,2.7525,2.7525,2.752,2.752,2.7575,2.7575,2.757,2.757,2
2026-04-10 06:04:00,2.753,2.753,2.752,2.753,2.758,2.758,2.757,2.758,10
2026-04-10 06:05:00,2.752,2.7525,2.752,2.752,2.757,2.7575,2.757,2.757,3
2026-04-10 06:06:00,2.753,2.754,2.753,2.754,2.758,2.759,2.758,2.759,3
2026-04-10 06:07:00,2.753,2.753,2.753,2.753,2.758,2.758,2.758,2.758,1
2026-04-10 06:10:00,2.752,2.752,2.751,2.7515,2.757,2.757,2.756,2.7565,9
2026-04-10 06:11:00,2.751,2.751,2.751,2.751,2.756,2.756,2.756,2.756,1
2026-04-10 06:13:00,2.7515,2.752,2.7515,2.752,2.7565,2.757,2.7565,2.757,2
2026-04-10 06:14:00,2.7515,2.7525,2.7515,2.752,2.7565,2.7575,2.7565,2.757,6
2026-04-10 06:15:00,2.751,2.751,2.7505,2.751,2.756,2.756,2.7555,2.756,5
2026-04-10 06:20:00,2.75,2.75,2.75,2.75,2.755,2.755,2.755,2.755,1
2026-04-10 06:23:00,2.7505,2.751,2.7505,2.751,2.7555,2.756,2.7555,2.756,2
2026-04-10 06:25:00,2.7515,2.752,2.751,2.751,2.7565,2.757,2.756,2.756,7
2026-04-10 06:27:00,2.7515,2.7515,2.751,2.751,2.7565,2.7565,2.756,2.756,2
2026-04-10 06:30:00,2.7505,2.751,2.7505,2.751,2.7555,2.756,2.7555,2.756,2
2026-04-10 06:31:00,2.7505,2.7505,2.75,2.75,2.7555,2.7555,2.755,2.755,4
2026-04-10 06:32:00,2.749,2.749,2.749,2.749,2.754,2.754,2.754,2.754,1
2026-04-10 06:34:00,2.7495,2.751,2.7495,2.75,2.7545,2.756,2.7545,2.755,5
2026-04-10 06:35:00,2.7505,2.7505,2.75,2.75,2.7555,2.7555,2.755,2.755,4
2026-04-10 06:36:00,2.7505,2.751,2.7505,2.751,2.7555,2.756,2.7555,2.756,2
2026-04-10 06:37:00,2.7505,2.7505,2.749,2.749,2.7555,2.7555,2.754,2.754,5
2026-04-10 06:38:00,2.7495,2.7495,2.749,2.7495,2.7545,2.7545,2.754,2.7545,3
2026-04-10 06:39:00,2.749,2.749,2.749,2.749,2.754,2.754,2.754,2.754,1
2026-04-10 06:44:00,2.7495,2.7495,2.7495,2.7495,2.7545,2.7545,2.7545,2.7545,1
2026-04-10 06:45:00,2.749,2.749,2.749,2.749,2.754,2.754,2.754,2.754,1
2026-04-10 06:47:00,2.7495,2.7495,2.749,2.749,2.7545,2.7545,2.754,2.754,2
2026-04-10 06:48:00,2.7495,2.75,2.7495,2.75,2.7545,2.755,2.7545,2.755,2
2026-04-10 06:49:00,2.7505,2.7505,2.75,2.75,2.7555,2.7555,2.755,2.755,2
2026-04-10 06:51:00,2.7505,2.7505,2.7505,2.7505,2.7555,2.7555,2.7555,2.7555,1
2026-04-10 06:52:00,2.75,2.75,2.75,2.75,2.755,2.755,2.755,2.755,1
2026-04-10 06:54:00,2.749,2.749,2.749,2.749,2.754,2.754,2.754,2.754,1
2026-04-10 06:56:00,2.7485,2.7485,2.7485,2.7485,2.7535,2.7535,2.7535,2.7535,1
2026-04-10 06:57:00,2.749,2.749,2.749,2.749,2.754,2.754,2.754,2.754,1
2026-04-10 06:59:00,2.75,2.75,2.749,2.749,2.755,2.755,2.754,2.754,2
2026-04-10 07:00:00,2.7495,2.75,2.749,2.749,2.7545,2.755,2.754,2.754,5
2026-04-10 07:02:00,2.75,2.7505,2.7495,2.75,2.755,2.7555,2.7545,2.755,7
2026-04-10 07:03:00,2.7505,2.7505,2.75,2.75,2.7555,2.7555,2.755,2.755,2
2026-04-10 07:04:00,2.7495,2.75,2.7495,2.75,2.7545,2.755,2.7545,2.755,2
2026-04-10 07:06:00,2.749,2.749,2.749,2.749,2.754,2.754,2.754,2.754,1
2026-04-10 07:11:00,2.7505,2.7505,2.75,2.7505,2.7555,2.7555,2.755,2.7555,3
2026-04-10 07:12:00,2.75,2.7515,2.75,2.7515,2.755,2.7565,2.755,2.7565,6
2026-04-10 07:13:00,2.751,2.7535,2.751,2.753,2.756,2.7585,2.756,2.758,9
2026-04-10 07:14:00,2.7535,2.754,2.753,2.754,2.7585,2.759,2.758,2.759,4
2026-04-10 07:15:00,2.7535,2.7535,2.753,2.753,2.7585,2.7585,2.758,2.758,2
2026-04-10 07:16:00,2.7525,2.7535,2.7525,2.7535,2.7575,2.7585,2.7575,2.7585,4
2026-04-10 07:17:00,2.753,2.753,2.7525,2.753,2.758,2.758,2.7575,2.758,3
2026-04-10 07:19:00,2.7525,2.7535,2.752,2.7535,2.7575,2.7585,2.757,2.7585,3
2026-04-10 07:20:00,2.753,2.753,2.751,2.751,2.758,2.758,2.756,2.756,3
2026-04-10 07:21:00,2.752,2.753,2.752,2.752,2.757,2.758,2.757,2.757,5
2026-04-10 07:22:00,2.7525,2.7525,2.752,2.7525,2.7575,2.7575,2.757,2.7575,5
2026-04-10 07:23:00,2.752,2.7535,2.752,2.753,2.757,2.7585,2.757,2.758,7
2026-04-10 07:24:00,2.7535,2.7535,2.7525,2.7525,2.7585,2.7585,2.7575,2.7575,3
2026-04-10 07:25:00,2.752,2.7525,2.752,2.7525,2.757,2.7575,2.757,2.7575,4
2026-04-10 07:26:00,2.752,2.752,2.752,2.752,2.757,2.757,2.757,2.757,1
2026-04-10 07:27:00,2.7525,2.7525,2.7525,2.7525,2.7575,2.7575,2.7575,2.7575,1
2026-04-10 07:28:00,2.753,2.753,2.753,2.753,2.758,2.758,2.758,2.758,1
2026-04-10 07:29:00,2.7535,2.755,2.7535,2.755,2.7585,2.76,2.7585,2.76,3
2026-04-10 07:30:00,2.7555,2.7555,2.754,2.7545,2.7605,2.7605,2.759,2.7595,7
2026-04-10 07:31:00,2.755,2.755,2.7545,2.7545,2.76,2.76,2.7595,2.7595,2
2026-04-10 07:32:00,2.754,2.754,2.754,2.754,2.759,2.759,2.759,2.759,1
2026-04-10 07:33:00,2.7545,2.755,2.7545,2.755,2.7595,2.76,2.7595,2.76,2
2026-04-10 07:35:00,2.7555,2.7565,2.7555,2.7565,2.7605,2.7615,2.7605,2.7615,6
2026-04-10 07:36:00,2.756,2.757,2.756,2.7565,2.761,2.762,2.761,2.7615,4
2026-04-10 07:37:00,2.756,2.756,2.756,2.756,2.761,2.761,2.761,2.761,1
2026-04-10 07:39:00,2.757,2.757,2.756,2.7565,2.762,2.762,2.761,2.7615,5
2026-04-10 07:40:00,2.756,2.756,2.7545,2.7545,2.761,2.761,2.7595,2.7595,3
2026-04-10 07:41:00,2.754,2.7555,2.754,2.755,2.759,2.7605,2.759,2.76,5
2026-04-10 07:42:00,2.7555,2.757,2.753,2.753,2.7605,2.762,2.758,2.758,8
2026-04-10 07:43:00,2.7535,2.754,2.752,2.752,2.7585,2.759,2.757,2.757,7
2026-04-10 07:44:00,2.7525,2.7525,2.752,2.752,2.7575,2.7575,2.757,2.757,2
2026-04-10 07:45:00,2.7525,2.7525,2.7525,2.7525,2.7575,2.7575,2.7575,2.7575,1
2026-04-10 07:46:00,2.752,2.752,2.752,2.752,2.757,2.757,2.757,2.757,1
2026-04-10 07:47:00,2.7515,2.7515,2.749,2.749,2.7565,2.7565,2.754,2.754,4
2026-04-10 07:48:00,2.7495,2.751,2.7495,2.751,2.7545,2.756,2.7545,2.756,3
2026-04-10 07:51:00,2.7505,2.7505,2.749,2.749,2.7555,2.7555,2.754,2.754,3
2026-04-10 07:52:00,2.7495,2.7495,2.7495,2.7495,2.7545,2.7545,2.7545,2.7545,1
2026-04-10 07:53:00,2.749,2.749,2.748,2.749,2.754,2.754,2.753,2.754,4
2026-04-10 07:54:00,2.7495,2.7495,2.749,2.7495,2.7545,2.7545,2.754,2.7545,3
2026-04-10 07:55:00,2.749,2.749,2.7485,2.7485,2.754,2.754,2.7535,2.7535,2
2026-04-10 07:56:00,2.748,2.749,2.7445,2.7475,2.753,2.754,2.7495,2.7525,14
2026-04-10 07:57:00,2.747,2.753,2.747,2.753,2.752,2.758,2.752,2.758,9
2026-04-10 07:58:00,2.7525,2.7525,2.7495,2.751,2.7575,2.7575,2.7545,2.756,8
2026-04-10 07:59:00,2.752,2.7535,2.752,2.753,2.757,2.7585,2.757,2.758,6
2026-04-10 08:00:00,2.7525,2.7545,2.7525,2.754,2.7575,2.7595,2.7575,2.759,15
2026-04-10 08:01:00,2.7545,2.759,2.7545,2.758,2.7595,2.764,2.7595,2.763,10
2026-04-10 08:02:00,2.7585,2.7615,2.7585,2.7615,2.7635,2.7665,2.7635,2.7665,9
2026-04-10 08:03:00,2.761,2.761,2.759,2.759,2.766,2.766,2.764,2.764,10
2026-04-10 08:04:00,2.758,2.759,2.757,2.7575,2.763,2.764,2.762,2.7625,15
2026-04-10 08:05:00,2.757,2.758,2.756,2.757,2.762,2.763,2.761,2.762,9
2026-04-10 08:06:00,2.7575,2.7575,2.756,2.756,2.7625,2.7625,2.761,2.761,11
2026-04-10 08:07:00,2.7555,2.757,2.754,2.7565,2.7605,2.762,2.759,2.7615,7
2026-04-10 08:08:00,2.756,2.757,2.7545,2.7545,2.761,2.762,2.7595,2.7595,6
2026-04-10 08:09:00,2.754,2.7545,2.754,2.7545,2.759,2.7595,2.759,2.7595,2
2026-04-10 08:10:00,2.755,2.757,2.7545,2.755,2.76,2.762,2.7595,2.76,8
2026-04-10 08:11:00,2.7545,2.7565,2.7545,2.7555,2.7595,2.7615,2.7595,2.7605,8
2026-04-10 08:12:00,2.7565,2.7565,2.7555,2.7555,2.7615,2.7615,2.7605,2.7605,2
2026-04-10 08:13:00,2.756,2.756,2.7555,2.756,2.761,2.761,2.7605,2.761,3
2026-04-10 08:14:00,2.7555,2.7575,2.755,2.757,2.7605,2.7625,2.76,2.762,11
2026-04-10 08:15:00,2.7575,2.7575,2.755,2.755,2.7625,2.7625,2.76,2.76,6
2026-04-10 08:16:00,2.754,2.755,2.7535,2.754,2.759,2.76,2.7585,2.759,6
2026-04-10 08:17:00,2.7545,2.7545,2.7545,2.7545,2.7595,2.7595,2.7595,2.7595,1
2026-04-10 08:18:00,2.754,2.755,2.7535,2.755,2.759,2.76,2.7585,2.76,11
2026-04-10 08:19:00,2.756,2.7575,2.755,2.756,2.761,2.7625,2.76,2.761,12
2026-04-10 08:20:00,2.7565,2.7585,2.7565,2.7585,2.7615,2.7635,2.7615,2.7635,9
2026-04-10 08:21:00,2.758,2.758,2.756,2.756,2.763,2.763,2.761,2.761,8
2026-04-10 08:22:00,2.7565,2.7575,2.756,2.7575,2.7615,2.7625,2.761,2.7625,7
2026-04-10 08:23:00,2.757,2.7575,2.757,2.7575,2.762,2.7625,2.762,2.7625,4
2026-04-10 08:24:00,2.757,2.7575,2.7565,2.7565,2.762,2.7625,2.7615,2.7615,3
2026-04-10 08:25:00,2.756,2.757,2.756,2.757,2.761,2.762,2.761,2.762,4
2026-04-10 08:26:00,2.7585,2.7595,2.7585,2.7595,2.7635,2.7645,2.7635,2.7645,3
2026-04-10 08:27:00,2.759,2.7595,2.7585,2.7585,2.764,2.7645,2.7635,2.7635,4
2026-04-10 08:28:00,2.759,2.759,2.757,2.757,2.764,2.764,2.762,2.762,6
2026-04-10 08:29:00,2.7565,2.7575,2.7565,2.757,2.7615,2.7625,2.7615,2.762,6
2026-04-10 08:30:00,2.7575,2.7605,2.757,2.76,2.7625,2.7655,2.762,2.765,12
2026-04-10 08:31:00,2.7595,2.761,2.7595,2.7605,2.7645,2.766,2.7645,2.7655,6
2026-04-10 08:32:00,2.761,2.761,2.76,2.76,2.766,2.766,2.765,2.765,6
2026-04-10 08:33:00,2.7605,2.7605,2.7565,2.758,2.7655,2.7655,2.7615,2.763,15
2026-04-10 08:34:00,2.759,2.759,2.756,2.757,2.764,2.764,2.761,2.762,8
2026-04-10 08:35:00,2.7575,2.7585,2.7575,2.7585,2.7625,2.7635,2.7625,2.7635,5
2026-04-10 08:36:00,2.759,2.7615,2.7585,2.7605,2.764,2.7665,2.7635,2.7655,18
2026-04-10 08:37:00,2.76,2.76,2.7575,2.7585,2.765,2.765,2.7625,2.7635,19
2026-04-10 08:38:00,2.758,2.7585,2.756,2.756,2.763,2.7635,2.761,2.761,7
2026-04-10 08:39:00,2.757,2.7585,2.756,2.7585,2.762,2.7635,2.761,2.7635,11
2026-04-10 08:40:00,2.759,2.76,2.758,2.7585,2.764,2.765,2.763,2.7635,11
2026-04-10 08:41:00,2.758,2.7585,2.7565,2.757,2.763,2.7635,2.7615,2.762,7
2026-04-10 08:42:00,2.7575,2.7585,2.757,2.7585,2.7625,2.7635,2.762,2.7635,9
2026-04-10 08:43:00,2.759,2.759,2.7575,2.758,2.764,2.764,2.7625,2.763,5
2026-04-10 08:44:00,2.7575,2.7575,2.757,2.7575,2.7625,2.7625,2.762,2.7625,7
2026-04-10 08:45:00,2.757,2.758,2.757,2.7575,2.762,2.763,2.762,2.7625,6
2026-04-10 08:46:00,2.758,2.758,2.757,2.757,2.763,2.763,2.762,2.762,6
2026-04-10 08:47:00,2.7575,2.759,2.757,2.758,2.7625,2.764,2.762,2.763,10
2026-04-10 08:48:00,2.7575,2.7585,2.757,2.7585,2.7625,2.7635,2.762,2.7635,5
2026-04-10 08:49:00,2.759,2.759,2.757,2.757,2.764,2.764,2.762,2.762,13
2026-04-10 08:50:00,2.7575,2.7575,2.757,2.7575,2.7625,2.7625,2.762,2.7625,7
2026-04-10 08:51:00,2.758,2.758,2.757,2.758,2.763,2.763,2.762,2.763,11
2026-04-10 08:52:00,2.7585,2.7585,2.7575,2.7575,2.7635,2.7635,2.7625,2.7625,4
2026-04-10 08:53:00,2.758,2.7595,2.758,2.759,2.763,2.7645,2.763,2.764,19
2026-04-10 08:54:00,2.7595,2.7605,2.7595,2.7605,2.7645,2.7655,2.7645,2.7655,3
2026-04-10 08:55:00,2.761,2.7615,2.76,2.7605,2.766,2.7665,2.765,2.7655,5
2026-04-10 08:56:00,2.761,2.7615,2.7595,2.7605,2.766,2.7665,2.7645,2.7655,17
2026-04-10 08:57:00,2.761,2.761,2.7585,2.759,2.766,2.766,2.7635,2.764,8
2026-04-10 08:58:00,2.7595,2.7595,2.759,2.759,2.7645,2.7645,2.764,2.764,2
2026-04-10 08:59:00,2.7595,2.7605,2.7595,2.7605,2.7645,2.7655,2.7645,2.7655,5
2026-04-10 09:00:00,2.761,2.762,2.758,2.762,2.766,2.767,2.763,2.767,21
2026-04-10 09:01:00,2.7625,2.7635,2.762,2.7635,2.7675,2.7685,2.767,2.7685,24
2026-04-10 09:02:00,2.764,2.765,2.764,2.765,2.769,2.77,2.769,2.77,11
2026-04-10 09:03:00,2.764,2.7655,2.764,2.7655,2.769,2.7705,2.769,2.7705,4
2026-04-10 09:04:00,2.765,2.767,2.764,2.764,2.77,2.772,2.769,2.769,14
2026-04-10 09:05:00,2.7635,2.7635,2.761,2.7615,2.7685,2.7685,2.766,2.7665,7
2026-04-10 09:06:00,2.762,2.765,2.7615,2.764,2.767,2.77,2.7665,2.769,15
2026-04-10 09:07:00,2.7645,2.766,2.764,2.765,2.7695,2.771,2.769,2.77,11
2026-04-10 09:08:00,2.7645,2.766,2.7645,2.766,2.7695,2.771,2.7695,2.771,6
2026-04-10 09:09:00,2.7665,2.768,2.766,2.768,2.7715,2.773,2.771,2.773,7
2026-04-10 09:10:00,2.7685,2.771,2.768,2.769,2.7735,2.776,2.773,2.774,15
2026-04-10 09:11:00,2.7695,2.77,2.768,2.768,2.7745,2.775,2.773,2.773,23
2026-04-10 09:12:00,2.769,2.769,2.766,2.767,2.774,2.774,2.771,2.772,15
2026-04-10 09:13:00,2.7665,2.772,2.7665,2.7705,2.7715,2.777,2.7715,2.7755,21
2026-04-10 09:14:00,2.7695,2.771,2.769,2.771,2.7745,2.776,2.774,2.776,14
2026-04-10 09:15:00,2.7715,2.772,2.77,2.7705,2.7765,2.777,2.775,2.7755,12
2026-04-10 09:16:00,2.77,2.7705,2.77,2.77,2.775,2.7755,2.775,2.775,3
2026-04-10 09:17:00,2.7705,2.773,2.77,2.7725,2.7755,2.778,2.775,2.7775,26
2026-04-10 09:18:00,2.772,2.774,2.772,2.773,2.777,2.779,2.777,2.778,6
2026-04-10 09:19:00,2.7725,2.775,2.772,2.775,2.7775,2.78,2.777,2.78,12
2026-04-10 09:20:00,2.7755,2.776,2.775,2.776,2.7805,2.781,2.78,2.781,6
2026-04-10 09:21:00,2.775,2.776,2.774,2.775,2.78,2.781,2.779,2.78,8
2026-04-10 09:22:00,2.7755,2.776,2.7745,2.775,2.7805,2.781,2.7795,2.78,21
2026-04-10 09:23:00,2.7755,2.776,2.772,2.7725,2.7805,2.781,2.777,2.7775,14
2026-04-10 09:24:00,2.772,2.7725,2.771,2.772,2.777,2.7775,2.776,2.777,11
2026-04-10 09:25:00,2.7715,2.772,2.7715,2.772,2.7765,2.777,2.7765,2.777,8
2026-04-10 09:26:00,2.7725,2.7745,2.7725,2.774,2.7775,2.7795,2.7775,2.779,14
2026-04-10 09:27:00,2.7745,2.7745,2.7735,2.7745,2.7795,2.7795,2.7785,2.7795,6
2026-04-10 09:28:00,2.775,2.775,2.774,2.774,2.78,2.78,2.779,2.779,6
2026-04-10 09:29:00,2.773,2.7735,2.7725,2.7735,2.778,2.7785,2.7775,2.7785,10
2026-04-10 09:30:00,2.7745,2.7745,2.7725,2.7745,2.7795,2.7795,2.7775,2.7795,17
2026-04-10 09:31:00,2.774,2.775,2.774,2.774,2.779,2.78,2.779,2.779,11
2026-04-10 09:32:00,2.775,2.775,2.773,2.7745,2.78,2.78,2.778,2.7795,12
2026-04-10 09:33:00,2.774,2.776,2.774,2.776,2.779,2.781,2.779,2.781,9
2026-04-10 09:34:00,2.775,2.776,2.775,2.775,2.78,2.781,2.78,2.78,4
2026-04-10 09:35:00,2.7745,2.7765,2.7745,2.7755,2.7795,2.7815,2.7795,2.7805,15
2026-04-10 09:36:00,2.776,2.776,2.7745,2.775,2.781,2.781,2.7795,2.78,7
2026-04-10 09:37:00,2.7745,2.775,2.774,2.774,2.7795,2.78,2.779,2.779,8
2026-04-10 09:38:00,2.775,2.7755,2.774,2.774,2.78,2.7805,2.779,2.779,14
2026-04-10 09:39:00,2.7745,2.775,2.772,2.773,2.7795,2.78,2.777,2.778,10
2026-04-10 09:40:00,2.7725,2.7745,2.7725,2.7745,2.7775,2.7795,2.7775,2.7795,7
2026-04-10 09:41:00,2.774,2.775,2.774,2.774,2.779,2.78,2.779,2.779,6
2026-04-10 09:42:00,2.7745,2.775,2.774,2.774,2.7795,2.78,2.779,2.779,7
2026-04-10 09:43:00,2.7735,2.774,2.7725,2.773,2.7785,2.779,2.7775,2.778,7
2026-04-10 09:44:00,2.7735,2.775,2.7735,2.7735,2.7785,2.78,2.7785,2.7785,14
2026-04-10 09:45:00,2.773,2.774,2.769,2.77,2.778,2.779,2.774,2.775,11
2026-04-10 09:46:00,2.771,2.771,2.766,2.767,2.776,2.776,2.771,2.772,20
2026-04-10 09:47:00,2.7665,2.769,2.7665,2.767,2.7715,2.774,2.7715,2.772,9
2026-04-10 09:48:00,2.768,2.768,2.767,2.7675,2.773,2.773,2.772,2.7725,5
2026-04-10 09:49:00,2.768,2.768,2.7675,2.768,2.773,2.773,2.7725,2.773,3
2026-04-10 09:50:00,2.767,2.7675,2.766,2.7665,2.772,2.7725,2.771,2.7715,16
2026-04-10 09:51:00,2.766,2.766,2.766,2.766,2.771,2.771,2.771,2.771,1
2026-04-10 09:52:00,2.765,2.766,2.765,2.765,2.77,2.771,2.77,2.77,5
2026-04-10 09:53:00,2.7655,2.7655,2.765,2.765,2.7705,2.7705,2.77,2.77,2
2026-04-10 09:54:00,2.7645,2.765,2.764,2.764,2.7695,2.77,2.769,2.769,3
2026-04-10 09:55:00,2.765,2.766,2.765,2.765,2.77,2.771,2.77,2.77,3
2026-04-10 09:56:00,2.766,2.767,2.766,2.767,2.771,2.772,2.771,2.772,3
2026-04-10 09:57:00,2.766,2.766,2.766,2.766,2.771,2.771,2.771,2.771,1
2026-04-10 09:58:00,2.7665,2.767,2.765,2.765,2.7715,2.772,2.77,2.77,11
2026-04-10 09:59:00,2.7645,2.767,2.7645,2.767,2.7695,2.772,2.7695,2.772,7
2026-04-10 10:00:00,2.766,2.766,2.7635,2.7635,2.771,2.771,2.7685,2.7685,15
2026-04-10 10:01:00,2.764,2.766,2.7635,2.766,2.769,2.771,2.7685,2.771,8
2026-04-10 10:02:00,2.7655,2.766,2.7645,2.7645,2.7705,2.771,2.7695,2.7695,9
2026-04-10 10:03:00,2.765,2.766,2.7645,2.7655,2.77,2.771,2.7695,2.7705,5
2026-04-10 10:04:00,2.766,2.766,2.765,2.7655,2.771,2.771,2.77,2.7705,12
2026-04-10 10:05:00,2.766,2.766,2.7655,2.7655,2.771,2.771,2.7705,2.7705,6
2026-04-10 10:06:00,2.765,2.7655,2.765,2.7655,2.77,2.7705,2.77,2.7705,2
2026-04-10 10:07:00,2.765,2.765,2.765,2.765,2.77,2.77,2.77,2.77,1
2026-04-10 10:08:00,2.7645,2.765,2.763,2.763,2.7695,2.77,2.768,2.768,10
2026-04-10 10:09:00,2.762,2.763,2.761,2.762,2.767,2.768,2.766,2.767,10
2026-04-10 10:10:00,2.7615,2.7625,2.7615,2.762,2.7665,2.7675,2.7665,2.767,8
2026-04-10 10:11:00,2.7615,2.7625,2.7615,2.7625,2.7665,2.7675,2.7665,2.7675,3
2026-04-10 10:12:00,2.763,2.7635,2.7625,2.7625,2.768,2.7685,2.7675,2.7675,12
2026-04-10 10:13:00,2.763,2.764,2.7625,2.764,2.768,2.769,2.7675,2.769,6
2026-04-10 10:14:00,2.763,2.764,2.763,2.764,2.768,2.769,2.768,2.769,4
2026-04-10 10:15:00,2.765,2.765,2.7635,2.765,2.77,2.77,2.7685,2.77,7
2026-04-10 10:17:00,2.7645,2.765,2.7645,2.765,2.7695,2.77,2.7695,2.77,4
2026-04-10 10:19:00,2.7655,2.766,2.7655,2.766,2.7705,2.771,2.7705,2.771,2
2026-04-10 10:20:00,2.7655,2.766,2.7635,2.764,2.7705,2.771,2.7685,2.769,6
2026-04-10 10:21:00,2.7635,2.764,2.762,2.763,2.7685,2.769,2.767,2.768,11
2026-04-10 10:22:00,2.7625,2.7625,2.7605,2.7605,2.7675,2.7675,2.7655,2.7655,14
2026-04-10 10:23:00,2.761,2.763,2.761,2.761,2.766,2.768,2.766,2.766,12
2026-04-10 10:24:00,2.7615,2.7615,2.759,2.76,2.7665,2.7665,2.764,2.765,19
2026-04-10 10:25:00,2.7595,2.763,2.759,2.7625,2.7645,2.768,2.764,2.7675,14
2026-04-10 10:26:00,2.762,2.762,2.7605,2.7605,2.767,2.767,2.7655,2.7655,9
2026-04-10 10:27:00,2.76,2.7625,2.76,2.762,2.765,2.7675,2.765,2.767,13
2026-04-10 10:28:00,2.761,2.762,2.758,2.758,2.766,2.767,2.763,2.763,18
2026-04-10 10:29:00,2.7585,2.76,2.757,2.76,2.7635,2.765,2.762,2.765,20
2026-04-10 10:30:00,2.7595,2.762,2.759,2.7605,2.7645,2.767,2.764,2.7655,14
2026-04-10 10:31:00,2.7615,2.7615,2.7595,2.7605,2.7665,2.7665,2.7645,2.7655,12
2026-04-10 10:32:00,2.76,2.7605,2.7585,2.759,2.765,2.7655,2.7635,2.764,8
2026-04-10 10:33:00,2.7585,2.759,2.756,2.759,2.7635,2.764,2.761,2.764,19
2026-04-10 10:34:00,2.758,2.759,2.7575,2.758,2.763,2.764,2.7625,2.763,8
2026-04-10 10:35:00,2.7575,2.758,2.757,2.758,2.7625,2.763,2.762,2.763,3
2026-04-10 10:36:00,2.7575,2.759,2.7575,2.759,2.7625,2.764,2.7625,2.764,9
2026-04-10 10:37:00,2.7595,2.7605,2.759,2.7605,2.7645,2.7655,2.764,2.7655,13
2026-04-10 10:38:00,2.76,2.761,2.76,2.76,2.765,2.766,2.765,2.765,14
2026-04-10 10:39:00,2.7605,2.7605,2.76,2.76,2.7655,2.7655,2.765,2.765,6
2026-04-10 10:40:00,2.7595,2.761,2.759,2.76,2.7645,2.766,2.764,2.765,9
2026-04-10 10:41:00,2.7595,2.762,2.7595,2.762,2.7645,2.767,2.7645,2.767,15
2026-04-10 10:42:00,2.7615,2.7625,2.7615,2.762,2.7665,2.7675,2.7665,2.767,6
2026-04-10 10:43:00,2.7615,2.762,2.7615,2.762,2.7665,2.767,2.7665,2.767,2
2026-04-10 10:44:00,2.76,2.761,2.76,2.761,2.765,2.766,2.765,2.766,11
2026-04-10 10:45:00,2.762,2.762,2.7615,2.7615,2.767,2.767,2.7665,2.7665,4
2026-04-10 10:46:00,2.761,2.7615,2.761,2.7615,2.766,2.7665,2.766,2.7665,8
2026-04-10 10:47:00,2.761,2.762,2.7605,2.7615,2.766,2.767,2.7655,2.7665,15
2026-04-10 10:48:00,2.761,2.7625,2.7605,2.7625,2.766,2.7675,2.7655,2.7675,11
2026-04-10 10:49:00,2.762,2.763,2.761,2.763,2.767,2.768,2.766,2.768,12
2026-04-10 10:50:00,2.7625,2.763,2.7615,2.762,2.7675,2.768,2.7665,2.767,27
2026-04-10 10:51:00,2.7625,2.7625,2.761,2.7625,2.7675,2.7675,2.766,2.7675,9
2026-04-10 10:52:00,2.762,2.7625,2.76,2.7615,2.767,2.7675,2.765,2.7665,11
2026-04-10 10:53:00,2.759,2.7625,2.759,2.762,2.764,2.7675,2.764,2.767,10
2026-04-10 10:54:00,2.761,2.762,2.761,2.761,2.766,2.767,2.766,2.766,7
2026-04-10 10:55:00,2.7615,2.762,2.7615,2.762,2.7665,2.767,2.7665,2.767,10
2026-04-10 10:56:00,2.7625,2.7635,2.761,2.7625,2.7675,2.7685,2.766,2.7675,11
2026-04-10 10:57:00,2.762,2.762,2.761,2.7615,2.767,2.767,2.766,2.7665,7
2026-04-10 10:58:00,2.762,2.762,2.7605,2.7605,2.767,2.767,2.7655,2.7655,8
2026-04-10 10:59:00,2.76,2.76,2.7595,2.76,2.765,2.765,2.7645,2.765,3
2026-04-10 11:00:00,2.759,2.761,2.759,2.7605,2.764,2.766,2.764,2.7655,7
2026-04-10 11:01:00,2.76,2.761,2.759,2.7595,2.765,2.766,2.764,2.7645,18
2026-04-10 11:02:00,2.759,2.761,2.7585,2.7605,2.764,2.766,2.7635,2.7655,32
2026-04-10 11:03:00,2.76,2.7605,2.7595,2.76,2.765,2.7655,2.7645,2.765,13
2026-04-10 11:04:00,2.7595,2.7605,2.7595,2.7595,2.7645,2.7655,2.7645,2.7645,23
2026-04-10 11:05:00,2.76,2.763,2.7595,2.7615,2.765,2.768,2.7645,2.7665,13
2026-04-10 11:06:00,2.761,2.761,2.7605,2.761,2.766,2.766,2.7655,2.766,7
2026-04-10 11:07:00,2.762,2.762,2.761,2.762,2.767,2.767,2.766,2.767,5
2026-04-10 11:08:00,2.7615,2.762,2.7615,2.762,2.7665,2.767,2.7665,2.767,4
2026-04-10 11:09:00,2.763,2.763,2.761,2.762,2.768,2.768,2.766,2.767,7
2026-04-10 11:10:00,2.7615,2.7625,2.7615,2.7625,2.7665,2.7675,2.7665,2.7675,5
2026-04-10 11:11:00,2.762,2.762,2.7605,2.761,2.767,2.767,2.7655,2.766,8
2026-04-10 11:12:00,2.762,2.762,2.761,2.761,2.767,2.767,2.766,2.766,3
2026-04-10 11:13:00,2.7615,2.7625,2.761,2.7615,2.7665,2.7675,2.766,2.7665,13
2026-04-10 11:14:00,2.762,2.7635,2.7615,2.7625,2.767,2.7685,2.7665,2.7675,9
2026-04-10 11:15:00,2.762,2.763,2.76,2.763,2.767,2.768,2.765,2.768,10
2026-04-10 11:16:00,2.762,2.762,2.7615,2.762,2.767,2.767,2.7665,2.767,5
2026-04-10 11:17:00,2.7615,2.7615,2.7605,2.7605,2.7665,2.7665,2.7655,2.7655,17
2026-04-10 11:18:00,2.76,2.7605,2.753,2.756,2.765,2.7655,2.758,2.761,29
2026-04-10 11:19:00,2.7565,2.757,2.7545,2.755,2.7615,2.762,2.7595,2.76,51
2026-04-10 11:20:00,2.7545,2.757,2.753,2.756,2.7595,2.762,2.758,2.761,26
2026-04-10 11:21:00,2.7555,2.757,2.7535,2.757,2.7605,2.762,2.7585,2.762,32
2026-04-10 11:22:00,2.756,2.758,2.7555,2.7575,2.761,2.763,2.7605,2.7625,17
2026-04-10 11:23:00,2.757,2.758,2.7555,2.756,2.762,2.763,2.7605,2.761,15
2026-04-10 11:24:00,2.7555,2.7575,2.7555,2.757,2.7605,2.7625,2.7605,2.762,39
2026-04-10 11:25:00,2.7575,2.758,2.7565,2.758,2.7625,2.763,2.7615,2.763,11
2026-04-10 11:26:00,2.7575,2.758,2.756,2.756,2.7625,2.763,2.761,2.761,4
2026-04-10 11:27:00,2.7565,2.758,2.756,2.757,2.7615,2.763,2.761,2.762,10
2026-04-10 11:28:00,2.7575,2.758,2.757,2.7575,2.7625,2.763,2.762,2.7625,7
2026-04-10 11:29:00,2.758,2.7585,2.7555,2.7585,2.763,2.7635,2.7605,2.7635,17
2026-04-10 11:30:00,2.759,2.7605,2.7585,2.7595,2.764,2.7655,2.7635,2.7645,14
2026-04-10 11:31:00,2.759,2.76,2.759,2.759,2.764,2.765,2.764,2.764,11
2026-04-10 11:32:00,2.7595,2.7605,2.7585,2.7595,2.7645,2.7655,2.7635,2.7645,20
2026-04-10 11:33:00,2.759,2.76,2.759,2.7595,2.764,2.765,2.764,2.7645,10
2026-04-10 11:34:00,2.759,2.7595,2.758,2.7585,2.764,2.7645,2.763,2.7635,16
2026-04-10 11:35:00,2.758,2.7585,2.7545,2.7545,2.763,2.7635,2.7595,2.7595,18
2026-04-10 11:36:00,2.755,2.758,2.755,2.7575,2.76,2.763,2.76,2.7625,7
2026-04-10 11:37:00,2.757,2.758,2.7565,2.7565,2.762,2.763,2.7615,2.7615,9
2026-04-10 11:38:00,2.757,2.757,2.756,2.756,2.762,2.762,2.761,2.761,2
2026-04-10 11:39:00,2.7565,2.759,2.7565,2.7585,2.7615,2.764,2.7615,2.7635,11
2026-04-10 11:40:00,2.758,2.758,2.757,2.757,2.763,2.763,2.762,2.762,2
2026-04-10 11:41:00,2.7565,2.758,2.756,2.7565,2.7615,2.763,2.761,2.7615,21
2026-04-10 11:42:00,2.757,2.758,2.7565,2.758,2.762,2.763,2.7615,2.763,11
2026-04-10 11:43:00,2.7575,2.7575,2.757,2.757,2.7625,2.7625,2.762,2.762,8
2026-04-10 11:44:00,2.7565,2.7585,2.7565,2.7585,2.7615,2.7635,2.7615,2.7635,23
2026-04-10 11:45:00,2.759,2.761,2.759,2.76,2.764,2.766,2.764,2.765,13
2026-04-10 11:46:00,2.7605,2.761,2.76,2.7605,2.7655,2.766,2.765,2.7655,12
2026-04-10 11:47:00,2.761,2.762,2.761,2.7615,2.766,2.767,2.766,2.7665,10
2026-04-10 11:48:00,2.762,2.763,2.762,2.7625,2.767,2.768,2.767,2.7675,3
2026-04-10 11:49:00,2.762,2.762,2.761,2.761,2.767,2.767,2.766,2.766,5
2026-04-10 11:50:00,2.762,2.762,2.761,2.762,2.767,2.767,2.766,2.767,6
2026-04-10 11:51:00,2.7625,2.7625,2.7615,2.762,2.7675,2.7675,2.7665,2.767,4
2026-04-10 11:52:00,2.7615,2.7615,2.76,2.7605,2.7665,2.7665,2.765,2.7655,8
2026-04-10 11:53:00,2.761,2.761,2.759,2.759,2.766,2.766,2.764,2.764,5
2026-04-10 11:54:00,2.7595,2.763,2.759,2.7625,2.7645,2.768,2.764,2.7675,14
2026-04-10 11:55:00,2.763,2.763,2.759,2.76,2.768,2.768,2.764,2.765,22
2026-04-10 11:56:00,2.7595,2.76,2.7585,2.759,2.7645,2.765,2.7635,2.764,8
2026-04-10 11:57:00,2.7595,2.762,2.7595,2.761,2.7645,2.767,2.7645,2.766,13
2026-04-10 11:58:00,2.7605,2.7615,2.76,2.761,2.7655,2.7665,2.765,2.766,12
2026-04-10 11:59:00,2.7605,2.762,2.7605,2.761,2.7655,2.767,2.7655,2.766,14
2026-04-10 12:00:00,2.7615,2.7615,2.759,2.759,2.7665,2.7665,2.764,2.764,7
2026-04-10 12:01:00,2.7595,2.763,2.759,2.763,2.7645,2.768,2.764,2.768,12
2026-04-10 12:02:00,2.762,2.762,2.761,2.761,2.767,2.767,2.766,2.766,5
2026-04-10 12:03:00,2.76,2.763,2.76,2.763,2.765,2.768,2.765,2.768,5
2026-04-10 12:04:00,2.7625,2.763,2.762,2.762,2.7675,2.768,2.767,2.767,6
2026-04-10 12:05:00,2.761,2.7625,2.761,2.762,2.766,2.7675,2.766,2.767,8
2026-04-10 12:06:00,2.7625,2.764,2.762,2.7635,2.7675,2.769,2.767,2.7685,18
2026-04-10 12:07:00,2.764,2.764,2.763,2.764,2.769,2.769,2.768,2.769,9
2026-04-10 12:08:00,2.763,2.7635,2.7615,2.762,2.768,2.7685,2.7665,2.767,6
2026-04-10 12:09:00,2.761,2.762,2.761,2.761,2.766,2.767,2.766,2.766,3
2026-04-10 12:10:00,2.7615,2.762,2.7605,2.7615,2.7665,2.767,2.7655,2.7665,10
2026-04-10 12:11:00,2.762,2.7625,2.758,2.758,2.767,2.7675,2.763,2.763,11
2026-04-10 12:12:00,2.759,2.7605,2.759,2.7595,2.764,2.7655,2.764,2.7645,8
2026-04-10 12:13:00,2.759,2.76,2.7585,2.759,2.764,2.765,2.7635,2.764,5
2026-04-10 12:14:00,2.76,2.76,2.76,2.76,2.765,2.765,2.765,2.765,1
2026-04-10 12:15:00,2.7605,2.761,2.76,2.761,2.7655,2.766,2.765,2.766,10
2026-04-10 12:17:00,2.76,2.763,2.759,2.762,2.765,2.768,2.764,2.767,26
2026-04-10 12:18:00,2.7625,2.763,2.761,2.7625,2.7675,2.768,2.766,2.7675,11
2026-04-10 12:19:00,2.763,2.763,2.761,2.7615,2.768,2.768,2.766,2.7665,5
2026-04-10 12:20:00,2.761,2.7625,2.761,2.7615,2.766,2.7675,2.766,2.7665,6
2026-04-10 12:21:00,2.762,2.762,2.761,2.761,2.767,2.767,2.766,2.766,2
2026-04-10 12:22:00,2.76,2.761,2.7595,2.761,2.765,2.766,2.7645,2.766,9
2026-04-10 12:23:00,2.7615,2.7615,2.761,2.761,2.7665,2.7665,2.766,2.766,2
2026-04-10 12:24:00,2.7615,2.7615,2.761,2.761,2.7665,2.7665,2.766,2.766,2
2026-04-10 12:25:00,2.7605,2.761,2.7585,2.759,2.7655,2.766,2.7635,2.764,10
2026-04-10 12:26:00,2.7585,2.7605,2.7575,2.76,2.7635,2.7655,2.7625,2.765,12
2026-04-10 12:27:00,2.7605,2.761,2.7575,2.758,2.7655,2.766,2.7625,2.763,11
2026-04-10 12:28:00,2.7575,2.7585,2.7575,2.7585,2.7625,2.7635,2.7625,2.7635,3
2026-04-10 12:29:00,2.759,2.759,2.7585,2.7585,2.764,2.764,2.7635,2.7635,2
2026-04-10 12:30:00,2.758,2.7595,2.758,2.7585,2.763,2.7645,2.763,2.7635,5
2026-04-10 12:31:00,2.759,2.7595,2.7585,2.7585,2.764,2.7645,2.7635,2.7635,9
2026-04-10 12:32:00,2.759,2.759,2.7565,2.757,2.764,2.764,2.7615,2.762,11
2026-04-10 12:33:00,2.7565,2.7565,2.755,2.7555,2.7615,2.7615,2.76,2.7605,17
2026-04-10 12:34:00,2.754,2.755,2.7535,2.755,2.759,2.76,2.7585,2.76,26
2026-04-10 12:35:00,2.756,2.757,2.7545,2.755,2.761,2.762,2.7595,2.76,9
2026-04-10 12:36:00,2.754,2.755,2.753,2.755,2.759,2.76,2.758,2.76,8
2026-04-10 12:37:00,2.756,2.7565,2.755,2.7565,2.761,2.7615,2.76,2.7615,8
2026-04-10 12:38:00,2.756,2.756,2.754,2.7545,2.761,2.761,2.759,2.7595,5
2026-04-10 12:39:00,2.755,2.755,2.7535,2.7535,2.76,2.76,2.7585,2.7585,3
2026-04-10 12:40:00,2.753,2.754,2.752,2.753,2.758,2.759,2.757,2.758,29
2026-04-10 12:41:00,2.7535,2.755,2.7525,2.7525,2.7585,2.76,2.7575,2.7575,10
2026-04-10 12:42:00,2.753,2.7545,2.7525,2.754,2.758,2.7595,2.7575,2.759,15
2026-04-10 12:43:00,2.7535,2.7565,2.7535,2.756,2.7585,2.7615,2.7585,2.761,12
2026-04-10 12:44:00,2.7555,2.7565,2.7555,2.7555,2.7605,2.7615,2.7605,2.7605,15
2026-04-10 12:45:00,2.755,2.757,2.755,2.757,2.76,2.762,2.76,2.762,5
2026-04-10 12:46:00,2.7565,2.7575,2.755,2.7565,2.7615,2.7625,2.76,2.7615,12
2026-04-10 12:47:00,2.756,2.7575,2.756,2.757,2.761,2.7625,2.761,2.762,15
2026-04-10 12:48:00,2.7565,2.757,2.756,2.756,2.7615,2.762,2.761,2.761,3
2026-04-10 12:49:00,2.7565,2.758,2.7545,2.7545,2.7615,2.763,2.7595,2.7595,11
2026-04-10 12:50:00,2.754,2.754,2.7515,2.752,2.759,2.759,2.7565,2.757,12
2026-04-10 12:51:00,2.7525,2.754,2.752,2.753,2.7575,2.759,2.757,2.758,13
2026-04-10 12:52:00,2.7525,2.753,2.751,2.7525,2.7575,2.758,2.756,2.7575,11
2026-04-10 12:53:00,2.753,2.7535,2.752,2.7535,2.758,2.7585,2.757,2.7585,4
2026-04-10 12:54:00,2.753,2.7535,2.752,2.752,2.758,2.7585,2.757,2.757,9
2026-04-10 12:55:00,2.7525,2.7535,2.752,2.7535,2.7575,2.7585,2.757,2.7585,5
2026-04-10 12:56:00,2.753,2.7545,2.753,2.754,2.758,2.7595,2.758,2.759,4
2026-04-10 12:57:00,2.753,2.753,2.752,2.752,2.758,2.758,2.757,2.757,2
2026-04-10 12:58:00,2.753,2.753,2.75,2.75,2.758,2.758,2.755,2.755,5
2026-04-10 12:59:00,2.749,2.7505,2.749,2.75,2.754,2.7555,2.754,2.755,9
2026-04-10 13:00:00,2.7495,2.751,2.749,2.7505,2.7545,2.756,2.754,2.7555,12
2026-04-10 13:01:00,2.751,2.752,2.749,2.75,2.756,2.757,2.754,2.755,7
2026-04-10 13:02:00,2.751,2.751,2.75,2.75,2.756,2.756,2.755,2.755,2
2026-04-10 13:03:00,2.7505,2.7515,2.7505,2.7515,2.7555,2.7565,2.7555,2.7565,9
2026-04-10 13:04:00,2.752,2.752,2.751,2.751,2.757,2.757,2.756,2.756,7
2026-04-10 13:05:00,2.752,2.754,2.7515,2.7535,2.757,2.759,2.7565,2.7585,11
2026-04-10 13:06:00,2.754,2.7565,2.754,2.7555,2.759,2.7615,2.759,2.7605,7
2026-04-10 13:07:00,2.7545,2.758,2.7545,2.756,2.7595,2.763,2.7595,2.761,8
2026-04-10 13:08:00,2.7565,2.7595,2.7565,2.7595,2.7615,2.7645,2.7615,2.7645,8
2026-04-10 13:09:00,2.759,2.761,2.759,2.7595,2.764,2.766,2.764,2.7645,14
2026-04-10 13:10:00,2.759,2.761,2.757,2.758,2.764,2.766,2.762,2.763,13
2026-04-10 13:11:00,2.7575,2.759,2.7575,2.759,2.7625,2.764,2.7625,2.764,4
2026-04-10 13:12:00,2.7585,2.759,2.7565,2.7565,2.7635,2.764,2.7615,2.7615,7
2026-04-10 13:13:00,2.757,2.757,2.755,2.7565,2.762,2.762,2.76,2.7615,11
2026-04-10 13:14:00,2.757,2.758,2.7565,2.7565,2.762,2.763,2.7615,2.7615,8
2026-04-10 13:15:00,2.757,2.7595,2.757,2.758,2.762,2.7645,2.762,2.763,10
2026-04-10 13:16:00,2.757,2.758,2.756,2.7575,2.762,2.763,2.761,2.7625,18
2026-04-10 13:17:00,2.757,2.758,2.7565,2.758,2.762,2.763,2.7615,2.763,9
2026-04-10 13:18:00,2.757,2.759,2.757,2.7585,2.762,2.764,2.762,2.7635,7
2026-04-10 13:19:00,2.758,2.7585,2.757,2.7585,2.763,2.7635,2.762,2.7635,5
2026-04-10 13:20:00,2.758,2.7585,2.757,2.757,2.763,2.7635,2.762,2.762,11
2026-04-10 13:21:00,2.758,2.758,2.755,2.755,2.763,2.763,2.76,2.76,12
2026-04-10 13:22:00,2.7545,2.7545,2.7515,2.7535,2.7595,2.7595,2.7565,2.7585,14
2026-04-10 13:23:00,2.753,2.753,2.752,2.7525,2.758,2.758,2.757,2.7575,10
2026-04-10 13:24:00,2.753,2.754,2.7525,2.7535,2.758,2.759,2.7575,2.7585,13
2026-04-10 13:25:00,2.754,2.7575,2.754,2.7555,2.759,2.7625,2.759,2.7605,16
2026-04-10 13:26:00,2.755,2.757,2.7545,2.756,2.76,2.762,2.7595,2.761,13
2026-04-10 13:27:00,2.757,2.757,2.7565,2.7565,2.762,2.762,2.7615,2.7615,4
2026-04-10 13:28:00,2.757,2.757,2.7565,2.7565,2.762,2.762,2.7615,2.7615,4
2026-04-10 13:29:00,2.756,2.7575,2.756,2.757,2.761,2.7625,2.761,2.762,5
2026-04-10 13:30:00,2.758,2.76,2.7575,2.7575,2.763,2.765,2.7625,2.7625,14
2026-04-10 13:31:00,2.757,2.759,2.757,2.759,2.762,2.764,2.762,2.764,12
2026-04-10 13:32:00,2.758,2.7605,2.757,2.7605,2.763,2.7655,2.762,2.7655,13
2026-04-10 13:33:00,2.76,2.76,2.756,2.757,2.765,2.765,2.761,2.762,9
2026-04-10 13:34:00,2.7575,2.76,2.7575,2.76,2.7625,2.765,2.7625,2.765,13
2026-04-10 13:35:00,2.761,2.761,2.757,2.757,2.766,2.766,2.762,2.762,13
2026-04-10 13:36:00,2.7575,2.759,2.756,2.756,2.7625,2.764,2.761,2.761,21
2026-04-10 13:37:00,2.757,2.757,2.756,2.757,2.762,2.762,2.761,2.762,5
2026-04-10 13:38:00,2.756,2.757,2.748,2.75,2.761,2.762,2.753,2.755,30
2026-04-10 13:39:00,2.7495,2.7505,2.749,2.75,2.7545,2.7555,2.754,2.755,6
2026-04-10 13:40:00,2.7495,2.7495,2.7435,2.7435,2.7545,2.7545,2.7485,2.7485,28
2026-04-10 13:41:00,2.7445,2.745,2.7395,2.743,2.7495,2.75,2.7445,2.748,25
2026-04-10 13:42:00,2.7435,2.744,2.743,2.744,2.7485,2.749,2.748,2.749,15
2026-04-10 13:43:00,2.7435,2.7455,2.7435,2.745,2.7485,2.7505,2.7485,2.75,12
2026-04-10 13:44:00,2.744,2.746,2.744,2.745,2.749,2.751,2.749,2.75,11
2026-04-10 13:45:00,2.7455,2.7475,2.7455,2.7465,2.7505,2.7525,2.7505,2.7515,11
2026-04-10 13:46:00,2.746,2.75,2.7455,2.75,2.751,2.755,2.7505,2.755,19
2026-04-10 13:47:00,2.7495,2.75,2.7465,2.7485,2.7545,2.755,2.7515,2.7535,19
2026-04-10 13:48:00,2.748,2.749,2.748,2.748,2.753,2.754,2.753,2.753,8
2026-04-10 13:49:00,2.7485,2.75,2.748,2.749,2.7535,2.755,2.753,2.754,5
2026-04-10 13:50:00,2.7485,2.749,2.7465,2.748,2.7535,2.754,2.7515,2.753,24
2026-04-10 13:51:00,2.7475,2.749,2.744,2.7445,2.7525,2.754,2.749,2.7495,28
2026-04-10 13:52:00,2.745,2.745,2.7405,2.7415,2.75,2.75,2.7455,2.7465,23
2026-04-10 13:53:00,2.741,2.7415,2.732,2.7355,2.746,2.7465,2.737,2.7405,26
2026-04-10 13:54:00,2.736,2.736,2.7305,2.731,2.741,2.741,2.7355,2.736,31
2026-04-10 13:55:00,2.7315,2.733,2.73,2.7325,2.7365,2.738,2.735,2.7375,35
2026-04-10 13:56:00,2.732,2.733,2.731,2.7325,2.737,2.738,2.736,2.7375,15
2026-04-10 13:57:00,2.732,2.732,2.73,2.7315,2.737,2.737,2.735,2.7365,24
2026-04-10 13:58:00,2.732,2.733,2.728,2.729,2.737,2.738,2.733,2.734,31
2026-04-10 13:59:00,2.7285,2.73,2.727,2.7285,2.7335,2.735,2.732,2.7335,23
2026-04-10 14:00:00,2.7295,2.7315,2.728,2.7305,2.7345,2.7365,2.733,2.7355,24
2026-04-10 14:01:00,2.7295,2.732,2.728,2.7305,2.7345,2.737,2.733,2.7355,32
2026-04-10 14:02:00,2.731,2.731,2.727,2.728,2.736,2.736,2.732,2.733,22
2026-04-10 14:03:00,2.7275,2.728,2.726,2.7275,2.7325,2.733,2.731,2.7325,25
2026-04-10 14:04:00,2.728,2.729,2.722,2.722,2.733,2.734,2.727,2.727,39
2026-04-10 14:05:00,2.7215,2.725,2.72,2.725,2.7265,2.73,2.725,2.73,37
2026-04-10 14:06:00,2.724,2.725,2.72,2.721,2.729,2.73,2.725,2.726,28
2026-04-10 14:07:00,2.7205,2.7205,2.717,2.7195,2.7255,2.7255,2.722,2.7245,24
2026-04-10 14:08:00,2.719,2.722,2.718,2.72,2.724,2.727,2.723,2.725,15
2026-04-10 14:09:00,2.7195,2.72,2.717,2.72,2.7245,2.725,2.722,2.725,18
2026-04-10 14:10:00,2.7195,2.72,2.715,2.7175,2.7245,2.725,2.72,2.7225,20
2026-04-10 14:11:00,2.718,2.72,2.717,2.718,2.723,2.725,2.722,2.723,9
2026-04-10 14:12:00,2.7175,2.7185,2.717,2.7185,2.7225,2.7235,2.722,2.7235,27
2026-04-10 14:13:00,2.718,2.72,2.718,2.719,2.723,2.725,2.723,2.724,23
2026-04-10 14:14:00,2.7195,2.7195,2.717,2.719,2.7245,2.7245,2.722,2.724,20
2026-04-10 14:15:00,2.72,2.722,2.719,2.722,2.725,2.727,2.724,2.727,29
2026-04-10 14:16:00,2.721,2.7285,2.721,2.7285,2.726,2.7335,2.726,2.7335,17
2026-04-10 14:17:00,2.728,2.732,2.726,2.731,2.733,2.737,2.731,2.736,33
2026-04-10 14:18:00,2.73,2.734,2.726,2.7265,2.735,2.739,2.731,2.7315,39
2026-04-10 14:19:00,2.727,2.731,2.725,2.7295,2.732,2.736,2.73,2.7345,39
2026-04-10 14:20:00,2.729,2.734,2.729,2.733,2.734,2.739,2.734,2.738,31
2026-04-10 14:21:00,2.7335,2.735,2.732,2.735,2.7385,2.74,2.737,2.74,21
2026-04-10 14:22:00,2.7355,2.738,2.734,2.736,2.7405,2.743,2.739,2.741,35
2026-04-10 14:23:00,2.737,2.738,2.7355,2.738,2.742,2.743,2.7405,2.743,21
2026-04-10 14:24:00,2.7385,2.74,2.737,2.7385,2.7435,2.745,2.742,2.7435,24
2026-04-10 14:25:00,2.739,2.743,2.7385,2.742,2.744,2.748,2.7435,2.747,20
2026-04-10 14:26:00,2.7425,2.745,2.742,2.744,2.7475,2.75,2.747,2.749,31
2026-04-10 14:27:00,2.745,2.747,2.745,2.7465,2.75,2.752,2.75,2.7515,28
2026-04-10 14:28:00,2.746,2.753,2.746,2.752,2.751,2.758,2.751,2.757,48
2026-04-10 14:29:00,2.753,2.755,2.752,2.7525,2.758,2.76,2.757,2.7575,37
2026-04-10 14:30:00,2.7535,2.757,2.752,2.7525,2.7585,2.762,2.757,2.7575,44
2026-04-10 14:31:00,2.752,2.754,2.752,2.754,2.757,2.759,2.757,2.759,14
2026-04-10 14:32:00,2.7545,2.755,2.75,2.75,2.7595,2.76,2.755,2.755,16
2026-04-10 14:33:00,2.749,2.751,2.747,2.751,2.754,2.756,2.752,2.756,17
2026-04-10 14:34:00,2.7515,2.753,2.751,2.7525,2.7565,2.758,2.756,2.7575,7
2026-04-10 14:35:00,2.753,2.7535,2.751,2.751,2.758,2.7585,2.756,2.756,12
2026-04-10 14:36:00,2.7515,2.7575,2.75,2.756,2.7565,2.7625,2.755,2.761,49
2026-04-10 14:37:00,2.7565,2.759,2.755,2.7575,2.7615,2.764,2.76,2.7625,20
2026-04-10 14:38:00,2.758,2.761,2.7575,2.758,2.763,2.766,2.7625,2.763,21
2026-04-10 14:39:00,2.7585,2.763,2.7585,2.762,2.7635,2.768,2.7635,2.767,25
2026-04-10 14:40:00,2.7615,2.766,2.7615,2.764,2.7665,2.771,2.7665,2.769,25
2026-04-10 14:41:00,2.7645,2.765,2.761,2.764,2.7695,2.77,2.766,2.769,21
2026-04-10 14:42:00,2.763,2.763,2.759,2.7615,2.768,2.768,2.764,2.7665,19
2026-04-10 14:43:00,2.7625,2.763,2.761,2.761,2.7675,2.768,2.766,2.766,19
2026-04-10 14:44:00,2.7615,2.77,2.761,2.768,2.7665,2.775,2.766,2.773,39
2026-04-10 14:45:00,2.7675,2.768,2.76,2.7625,2.7725,2.773,2.765,2.7675,29
2026-04-10 14:46:00,2.7635,2.764,2.761,2.762,2.7685,2.769,2.766,2.767,23
2026-04-10 14:47:00,2.7615,2.7615,2.758,2.7585,2.7665,2.7665,2.763,2.7635,36
2026-04-10 14:48:00,2.759,2.76,2.757,2.7595,2.764,2.765,2.762,2.7645,13
2026-04-10 14:49:00,2.759,2.7595,2.754,2.755,2.764,2.7645,2.759,2.76,37
2026-04-10 14:50:00,2.7555,2.7585,2.754,2.7575,2.7605,2.7635,2.759,2.7625,27
2026-04-10 14:51:00,2.7565,2.757,2.7495,2.7535,2.7615,2.762,2.7545,2.7585,47
2026-04-10 14:52:00,2.7545,2.7575,2.7535,2.755,2.7595,2.7625,2.7585,2.76,37
2026-04-10 14:53:00,2.7555,2.7575,2.7535,2.754,2.7605,2.7625,2.7585,2.759,29
2026-04-10 14:54:00,2.7545,2.764,2.754,2.761,2.7595,2.769,2.759,2.766,42
2026-04-10 14:55:00,2.7615,2.7615,2.7565,2.757,2.7665,2.7665,2.7615,2.762,23
2026-04-10 14:56:00,2.758,2.7615,2.755,2.759,2.763,2.7665,2.76,2.764,30
2026-04-10 14:57:00,2.7595,2.761,2.757,2.758,2.7645,2.766,2.762,2.763,31
2026-04-10 14:58:00,2.757,2.759,2.757,2.758,2.762,2.764,2.762,2.763,24
2026-04-10 14:59:00,2.759,2.7605,2.757,2.7575,2.764,2.7655,2.762,2.7625,11
2026-04-10 15:00:00,2.758,2.7715,2.757,2.766,2.763,2.7765,2.762,2.771,83
2026-04-10 15:01:00,2.7665,2.7705,2.764,2.765,2.7715,2.7755,2.769,2.77,48
2026-04-10 15:02:00,2.7655,2.7675,2.76,2.7635,2.7705,2.7725,2.765,2.7685,43
2026-04-10 15:03:00,2.763,2.765,2.76,2.7635,2.768,2.77,2.765,2.7685,30
2026-04-10 15:04:00,2.764,2.767,2.762,2.762,2.769,2.772,2.767,2.767,28
2026-04-10 15:05:00,2.7625,2.764,2.76,2.761,2.7675,2.769,2.765,2.766,25
2026-04-10 15:06:00,2.762,2.7635,2.761,2.762,2.767,2.7685,2.766,2.767,11
2026-04-10 15:07:00,2.761,2.761,2.76,2.76,2.766,2.766,2.765,2.765,19
2026-04-10 15:08:00,2.7605,2.7615,2.7585,2.7605,2.7655,2.7665,2.7635,2.7655,30
2026-04-10 15:09:00,2.76,2.7605,2.757,2.7575,2.765,2.7655,2.762,2.7625,14
2026-04-10 15:10:00,2.7585,2.761,2.756,2.758,2.7635,2.766,2.761,2.763,33
2026-04-10 15:11:00,2.7585,2.759,2.7565,2.758,2.7635,2.764,2.7615,2.763,18
2026-04-10 15:12:00,2.759,2.76,2.7575,2.7585,2.764,2.765,2.7625,2.7635,17
2026-04-10 15:13:00,2.758,2.76,2.758,2.759,2.763,2.765,2.763,2.764,17
2026-04-10 15:14:00,2.7585,2.76,2.757,2.759,2.7635,2.765,2.762,2.764,13
2026-04-10 15:15:00,2.758,2.762,2.757,2.7585,2.763,2.767,2.762,2.7635,44
2026-04-10 15:16:00,2.759,2.76,2.757,2.76,2.764,2.765,2.762,2.765,14
2026-04-10 15:17:00,2.7605,2.761,2.755,2.756,2.7655,2.766,2.76,2.761,25
2026-04-10 15:18:00,2.7555,2.758,2.755,2.758,2.7605,2.763,2.76,2.763,26
2026-04-10 15:19:00,2.759,2.759,2.757,2.757,2.764,2.764,2.762,2.762,12
2026-04-10 15:20:00,2.7565,2.758,2.756,2.757,2.7615,2.763,2.761,2.762,20
2026-04-10 15:21:00,2.7575,2.7575,2.75,2.751,2.7625,2.7625,2.755,2.756,22
2026-04-10 15:22:00,2.7515,2.7525,2.749,2.751,2.7565,2.7575,2.754,2.756,20
2026-04-10 15:23:00,2.7515,2.752,2.748,2.751,2.7565,2.757,2.753,2.756,23
2026-04-10 15:24:00,2.7505,2.751,2.7485,2.7495,2.7555,2.756,2.7535,2.7545,24
2026-04-10 15:25:00,2.7505,2.7515,2.749,2.7515,2.7555,2.7565,2.754,2.7565,13
2026-04-10 15:26:00,2.751,2.7525,2.7495,2.7505,2.756,2.7575,2.7545,2.7555,15
2026-04-10 15:27:00,2.751,2.751,2.748,2.7485,2.756,2.756,2.753,2.7535,15
2026-04-10 15:28:00,2.749,2.749,2.746,2.747,2.754,2.754,2.751,2.752,13
2026-04-10 15:29:00,2.7465,2.749,2.746,2.748,2.7515,2.754,2.751,2.753,20
2026-04-10 15:30:00,2.747,2.752,2.7465,2.749,2.752,2.757,2.7515,2.754,47
2026-04-10 15:31:00,2.7485,2.753,2.7475,2.75,2.7535,2.758,2.7525,2.755,23
2026-04-10 15:32:00,2.7495,2.751,2.743,2.744,2.7545,2.756,2.748,2.749,30
2026-04-10 15:33:00,2.7445,2.749,2.742,2.7435,2.7495,2.754,2.747,2.7485,42
2026-04-10 15:34:00,2.743,2.745,2.74,2.745,2.748,2.75,2.745,2.75,38
2026-04-10 15:35:00,2.7445,2.75,2.7445,2.746,2.7495,2.755,2.7495,2.751,33
2026-04-10 15:36:00,2.747,2.747,2.742,2.7425,2.752,2.752,2.747,2.7475,37
2026-04-10 15:37:00,2.742,2.745,2.742,2.743,2.747,2.75,2.747,2.748,32
2026-04-10 15:38:00,2.744,2.746,2.742,2.7435,2.749,2.751,2.747,2.7485,37
2026-04-10 15:39:00,2.7445,2.746,2.7405,2.7405,2.7495,2.751,2.7455,2.7455,30
2026-04-10 15:40:00,2.7415,2.746,2.741,2.741,2.7465,2.751,2.746,2.746,48
2026-04-10 15:41:00,2.7405,2.744,2.7395,2.7395,2.7455,2.749,2.7445,2.7445,22
2026-04-10 15:42:00,2.739,2.741,2.7385,2.7405,2.744,2.746,2.7435,2.7455,29
2026-04-10 15:43:00,2.7395,2.74,2.7365,2.7365,2.7445,2.745,2.7415,2.7415,8
2026-04-10 15:44:00,2.737,2.737,2.734,2.7355,2.742,2.742,2.739,2.7405,31
2026-04-10 15:45:00,2.735,2.737,2.735,2.7355,2.74,2.742,2.74,2.7405,19
2026-04-10 15:46:00,2.735,2.738,2.735,2.7375,2.74,2.743,2.74,2.7425,23
2026-04-10 15:47:00,2.7365,2.738,2.7365,2.7365,2.7415,2.743,2.7415,2.7415,15
2026-04-10 15:48:00,2.736,2.74,2.7345,2.7345,2.741,2.745,2.7395,2.7395,36
2026-04-10 15:49:00,2.735,2.738,2.734,2.7355,2.74,2.743,2.739,2.7405,18
2026-04-10 15:50:00,2.735,2.741,2.7335,2.7405,2.74,2.746,2.7385,2.7455,32
2026-04-10 15:51:00,2.739,2.7395,2.735,2.736,2.744,2.7445,2.74,2.741,12
2026-04-10 15:52:00,2.734,2.734,2.7315,2.7315,2.739,2.739,2.7365,2.7365,13
2026-04-10 15:53:00,2.732,2.733,2.73,2.731,2.737,2.738,2.735,2.736,19
2026-04-10 15:54:00,2.7305,2.7325,2.7305,2.731,2.7355,2.7375,2.7355,2.736,12
2026-04-10 15:55:00,2.7305,2.7325,2.73,2.73,2.7355,2.7375,2.735,2.735,23
2026-04-10 15:56:00,2.731,2.731,2.729,2.73,2.736,2.736,2.734,2.735,28
2026-04-10 15:57:00,2.729,2.73,2.728,2.7285,2.734,2.735,2.733,2.7335,18
2026-04-10 15:58:00,2.7295,2.7345,2.728,2.733,2.7345,2.7395,2.733,2.738,40
2026-04-10 15:59:00,2.735,2.736,2.732,2.735,2.74,2.741,2.737,2.74,70
2026-04-10 16:00:00,2.7355,2.74,2.735,2.7395,2.7405,2.745,2.74,2.7445,74
2026-04-10 16:01:00,2.74,2.743,2.738,2.74,2.745,2.748,2.743,2.745,84
2026-04-10 16:02:00,2.7395,2.743,2.736,2.7415,2.7445,2.748,2.741,2.7465,82
2026-04-10 16:03:00,2.74,2.741,2.738,2.739,2.745,2.746,2.743,2.744,24
2026-04-10 16:04:00,2.738,2.74,2.738,2.739,2.743,2.745,2.743,2.744,20
2026-04-10 16:05:00,2.7385,2.739,2.7375,2.739,2.7435,2.744,2.7425,2.744,26
2026-04-10 16:06:00,2.7385,2.739,2.737,2.738,2.7435,2.744,2.742,2.743,22
2026-04-10 16:07:00,2.739,2.74,2.738,2.739,2.744,2.745,2.743,2.744,28
2026-04-10 16:08:00,2.741,2.745,2.74,2.745,2.746,2.75,2.745,2.75,27
2026-04-10 16:09:00,2.746,2.746,2.7425,2.7445,2.751,2.751,2.7475,2.7495,40
2026-04-10 16:10:00,2.744,2.745,2.742,2.7425,2.749,2.75,2.747,2.7475,16
2026-04-10 16:11:00,2.743,2.743,2.739,2.7405,2.748,2.748,2.744,2.7455,26
2026-04-10 16:12:00,2.74,2.741,2.739,2.739,2.745,2.746,2.744,2.744,15
2026-04-10 16:13:00,2.7395,2.7425,2.7385,2.741,2.7445,2.7475,2.7435,2.746,31
2026-04-10 16:14:00,2.7405,2.7415,2.74,2.74,2.7455,2.7465,2.745,2.745,18
2026-04-10 16:15:00,2.739,2.741,2.7385,2.7385,2.744,2.746,2.7435,2.7435,17
2026-04-10 16:16:00,2.739,2.743,2.739,2.7425,2.744,2.748,2.744,2.7475,20
2026-04-10 16:17:00,2.743,2.743,2.739,2.739,2.748,2.748,2.744,2.744,14
2026-04-10 16:18:00,2.7395,2.7435,2.7395,2.7425,2.7445,2.7485,2.7445,2.7475,19
2026-04-10 16:19:00,2.743,2.7435,2.742,2.743,2.748,2.7485,2.747,2.748,11
2026-04-10 16:20:00,2.742,2.743,2.742,2.743,2.747,2.748,2.747,2.748,8
2026-04-10 16:21:00,2.7425,2.7425,2.74,2.741,2.7475,2.7475,2.745,2.746,18
2026-04-10 16:22:00,2.742,2.742,2.737,2.738,2.747,2.747,2.742,2.743,20
2026-04-10 16:23:00,2.737,2.7395,2.737,2.7395,2.742,2.7445,2.742,2.7445,6
2026-04-10 16:24:00,2.74,2.74,2.738,2.738,2.745,2.745,2.743,2.743,16
2026-04-10 16:25:00,2.7385,2.739,2.735,2.735,2.7435,2.744,2.74,2.74,16
2026-04-10 16:26:00,2.7355,2.737,2.735,2.736,2.7405,2.742,2.74,2.741,19
2026-04-10 16:27:00,2.7365,2.7445,2.736,2.744,2.7415,2.7495,2.741,2.749,23
2026-04-10 16:28:00,2.745,2.745,2.739,2.741,2.75,2.75,2.744,2.746,19
2026-04-10 16:29:00,2.7415,2.7415,2.739,2.7405,2.7465,2.7465,2.744,2.7455,16
2026-04-10 16:30:00,2.74,2.74,2.734,2.7345,2.745,2.745,2.739,2.7395,24
2026-04-10 16:31:00,2.735,2.736,2.7345,2.736,2.74,2.741,2.7395,2.741,17
2026-04-10 16:32:00,2.7355,2.7375,2.7355,2.7375,2.7405,2.7425,2.7405,2.7425,9
2026-04-10 16:33:00,2.739,2.739,2.735,2.7375,2.744,2.744,2.74,2.7425,17
2026-04-10 16:34:00,2.737,2.738,2.736,2.737,2.742,2.743,2.741,2.742,11
2026-04-10 16:35:00,2.7375,2.7375,2.735,2.7365,2.7425,2.7425,2.74,2.7415,17
2026-04-10 16:36:00,2.737,2.737,2.734,2.7345,2.742,2.742,2.739,2.7395,11
2026-04-10 16:37:00,2.7335,2.734,2.732,2.7325,2.7385,2.739,2.737,2.7375,24
2026-04-10 16:38:00,2.733,2.733,2.732,2.733,2.738,2.738,2.737,2.738,20
2026-04-10 16:39:00,2.7335,2.7495,2.7335,2.7465,2.7385,2.7545,2.7385,2.7515,48
2026-04-10 16:40:00,2.7475,2.763,2.7475,2.7595,2.7525,2.768,2.7525,2.7645,124
2026-04-10 16:41:00,2.76,2.76,2.755,2.7555,2.765,2.765,2.76,2.7605,47
2026-04-10 16:42:00,2.756,2.769,2.7555,2.769,2.761,2.774,2.7605,2.774,38
2026-04-10 16:43:00,2.7685,2.773,2.763,2.765,2.7735,2.778,2.768,2.77,57
2026-04-10 16:44:00,2.764,2.7725,2.762,2.769,2.769,2.7775,2.767,2.774,55
2026-04-10 16:45:00,2.7695,2.7695,2.764,2.7645,2.7745,2.7745,2.769,2.7695,31
2026-04-10 16:46:00,2.7655,2.7745,2.7645,2.771,2.7705,2.7795,2.7695,2.776,52
2026-04-10 16:47:00,2.7715,2.7715,2.769,2.769,2.7765,2.7765,2.774,2.774,20
2026-04-10 16:48:00,2.7695,2.773,2.7695,2.77,2.7745,2.778,2.7745,2.775,19
2026-04-10 16:49:00,2.7705,2.771,2.766,2.766,2.7755,2.776,2.771,2.771,22
2026-04-10 16:50:00,2.765,2.767,2.762,2.7645,2.77,2.772,2.767,2.7695,30
2026-04-10 16:51:00,2.764,2.766,2.762,2.763,2.769,2.771,2.767,2.768,24
2026-04-10 16:52:00,2.7635,2.767,2.761,2.7655,2.7685,2.772,2.766,2.7705,20
2026-04-10 16:53:00,2.765,2.7665,2.764,2.765,2.77,2.7715,2.769,2.77,27
2026-04-10 16:54:00,2.766,2.766,2.762,2.764,2.771,2.771,2.767,2.769,15
2026-04-10 16:55:00,2.763,2.764,2.762,2.764,2.768,2.769,2.767,2.769,21
2026-04-10 16:56:00,2.763,2.7635,2.761,2.762,2.768,2.7685,2.766,2.767,17
2026-04-10 16:57:00,2.761,2.761,2.7595,2.76,2.766,2.766,2.7645,2.765,21
2026-04-10 16:58:00,2.7595,2.762,2.759,2.76,2.7645,2.767,2.764,2.765,14
2026-04-10 16:59:00,2.761,2.763,2.7595,2.76,2.766,2.768,2.7645,2.765,28
2026-04-10 17:00:00,2.7595,2.7595,2.756,2.759,2.7645,2.7645,2.761,2.764,33
2026-04-10 17:01:00,2.7595,2.76,2.757,2.759,2.7645,2.765,2.762,2.764,28
2026-04-10 17:02:00,2.7585,2.76,2.758,2.759,2.7635,2.765,2.763,2.764,19
2026-04-10 17:03:00,2.7595,2.761,2.758,2.759,2.7645,2.766,2.763,2.764,12
2026-04-10 17:04:00,2.7585,2.759,2.757,2.757,2.7635,2.764,2.762,2.762,13
2026-04-10 17:05:00,2.7575,2.758,2.756,2.758,2.7625,2.763,2.761,2.763,13
2026-04-10 17:06:00,2.7575,2.758,2.756,2.757,2.7625,2.763,2.761,2.762,14
2026-04-10 17:07:00,2.758,2.7595,2.756,2.7585,2.763,2.7645,2.761,2.7635,22
2026-04-10 17:08:00,2.758,2.758,2.7555,2.756,2.763,2.763,2.7605,2.761,13
2026-04-10 17:09:00,2.7555,2.756,2.7535,2.756,2.7605,2.761,2.7585,2.761,16
2026-04-10 17:10:00,2.7555,2.756,2.7535,2.754,2.7605,2.761,2.7585,2.759,23
2026-04-10 17:11:00,2.7535,2.754,2.7525,2.7525,2.7585,2.759,2.7575,2.7575,31
2026-04-10 17:12:00,2.752,2.753,2.751,2.753,2.757,2.758,2.756,2.758,13
2026-04-10 17:13:00,2.754,2.756,2.7525,2.7525,2.759,2.761,2.7575,2.7575,18
2026-04-10 17:14:00,2.752,2.755,2.752,2.7545,2.757,2.76,2.757,2.7595,18
2026-04-10 17:15:00,2.754,2.754,2.751,2.753,2.759,2.759,2.756,2.758,13
2026-04-10 17:16:00,2.752,2.754,2.752,2.753,2.757,2.759,2.757,2.758,16
2026-04-10 17:17:00,2.7535,2.7545,2.752,2.752,2.7585,2.7595,2.757,2.757,15
2026-04-10 17:18:00,2.753,2.753,2.751,2.751,2.758,2.758,2.756,2.756,11
2026-04-10 17:19:00,2.7515,2.755,2.751,2.7535,2.7565,2.76,2.756,2.7585,20
2026-04-10 17:20:00,2.754,2.754,2.751,2.752,2.759,2.759,2.756,2.757,33
2026-04-10 17:21:00,2.7515,2.752,2.747,2.7485,2.7565,2.757,2.752,2.7535,17
2026-04-10 17:22:00,2.749,2.7495,2.747,2.7485,2.754,2.7545,2.752,2.7535,13
2026-04-10 17:23:00,2.748,2.751,2.748,2.75,2.753,2.756,2.753,2.755,8
2026-04-10 17:24:00,2.7505,2.7505,2.748,2.748,2.7555,2.7555,2.753,2.753,10
2026-04-10 17:25:00,2.749,2.751,2.748,2.751,2.754,2.756,2.753,2.756,16
2026-04-10 17:26:00,2.7515,2.753,2.751,2.7515,2.7565,2.758,2.756,2.7565,38
2026-04-10 17:27:00,2.752,2.756,2.752,2.755,2.757,2.761,2.757,2.76,16
2026-04-10 17:28:00,2.7555,2.756,2.754,2.7545,2.7605,2.761,2.759,2.7595,19
2026-04-10 17:29:00,2.7555,2.757,2.7545,2.7565,2.7605,2.762,2.7595,2.7615,19
2026-04-10 17:30:00,2.7555,2.7555,2.749,2.7535,2.7605,2.7605,2.754,2.7585,31
2026-04-10 17:31:00,2.753,2.755,2.752,2.7525,2.758,2.76,2.757,2.7575,32
2026-04-10 17:32:00,2.753,2.755,2.752,2.7525,2.758,2.76,2.757,2.7575,21
2026-04-10 17:33:00,2.753,2.753,2.75,2.751,2.758,2.758,2.755,2.756,10
2026-04-10 17:34:00,2.7515,2.755,2.751,2.752,2.7565,2.76,2.756,2.757,22
2026-04-10 17:35:00,2.7525,2.754,2.751,2.751,2.7575,2.759,2.756,2.756,25
2026-04-10 17:36:00,2.7515,2.754,2.751,2.752,2.7565,2.759,2.756,2.757,23
2026-04-10 17:37:00,2.7515,2.754,2.751,2.753,2.7565,2.759,2.756,2.758,13
2026-04-10 17:38:00,2.7535,2.757,2.7535,2.7565,2.7585,2.762,2.7585,2.7615,30
2026-04-10 17:39:00,2.757,2.757,2.754,2.7555,2.762,2.762,2.759,2.7605,37
2026-04-10 17:40:00,2.755,2.756,2.755,2.755,2.76,2.761,2.76,2.76,11
2026-04-10 17:41:00,2.7555,2.756,2.753,2.7535,2.7605,2.761,2.758,2.7585,15
2026-04-10 17:42:00,2.754,2.756,2.752,2.755,2.759,2.761,2.757,2.76,17
2026-04-10 17:43:00,2.7555,2.756,2.755,2.7555,2.7605,2.761,2.76,2.7605,16
2026-04-10 17:44:00,2.755,2.757,2.7525,2.7525,2.76,2.762,2.7575,2.7575,17
2026-04-10 17:45:00,2.7515,2.752,2.75,2.752,2.7565,2.757,2.755,2.757,20
2026-04-10 17:46:00,2.753,2.756,2.752,2.7525,2.758,2.761,2.757,2.7575,21
2026-04-10 17:47:00,2.752,2.753,2.75,2.75,2.757,2.758,2.755,2.755,37
2026-04-10 17:48:00,2.7505,2.751,2.75,2.751,2.7555,2.756,2.755,2.756,12
2026-04-10 17:49:00,2.7515,2.7515,2.747,2.7485,2.7565,2.7565,2.752,2.7535,33
2026-04-10 17:50:00,2.748,2.749,2.747,2.748,2.753,2.754,2.752,2.753,16
2026-04-10 17:51:00,2.7485,2.7485,2.744,2.7445,2.7535,2.7535,2.749,2.7495,37
2026-04-10 17:52:00,2.744,2.7445,2.7425,2.7425,2.749,2.7495,2.7475,2.7475,17
2026-04-10 17:53:00,2.743,2.747,2.742,2.744,2.748,2.752,2.747,2.749,23
2026-04-10 17:54:00,2.7445,2.7465,2.744,2.746,2.7495,2.7515,2.749,2.751,28
2026-04-10 17:55:00,2.747,2.747,2.745,2.7465,2.752,2.752,2.75,2.7515,13
2026-04-10 17:56:00,2.746,2.746,2.744,2.744,2.751,2.751,2.749,2.749,13
2026-04-10 17:57:00,2.7445,2.746,2.743,2.744,2.7495,2.751,2.748,2.749,17
2026-04-10 17:58:00,2.743,2.7445,2.743,2.744,2.748,2.7495,2.748,2.749,24
2026-04-10 17:59:00,2.7435,2.745,2.743,2.744,2.7485,2.75,2.748,2.749,9
2026-04-10 18:00:00,2.745,2.7455,2.743,2.744,2.75,2.7505,2.748,2.749,23
2026-04-10 18:01:00,2.7435,2.7455,2.743,2.745,2.7485,2.7505,2.748,2.75,21
2026-04-10 18:02:00,2.7445,2.7465,2.7435,2.744,2.7495,2.7515,2.7485,2.749,24
2026-04-10 18:03:00,2.745,2.745,2.7425,2.7425,2.75,2.75,2.7475,2.7475,15
2026-04-10 18:04:00,2.7435,2.7465,2.743,2.7465,2.7485,2.7515,2.748,2.7515,27
2026-04-10 18:05:00,2.747,2.748,2.746,2.748,2.752,2.753,2.751,2.753,14
2026-04-10 18:06:00,2.747,2.747,2.743,2.743,2.752,2.752,2.748,2.748,21
2026-04-10 18:07:00,2.7435,2.745,2.742,2.7445,2.7485,2.75,2.747,2.7495,39
2026-04-10 18:08:00,2.745,2.756,2.745,2.7555,2.75,2.761,2.75,2.7605,32
2026-04-10 18:09:00,2.755,2.76,2.755,2.759,2.76,2.765,2.76,2.764,19
2026-04-10 18:10:00,2.758,2.759,2.754,2.755,2.763,2.764,2.759,2.76,21
2026-04-10 18:11:00,2.7545,2.7545,2.751,2.752,2.7595,2.7595,2.756,2.757,22
2026-04-10 18:12:00,2.7515,2.754,2.751,2.7535,2.7565,2.759,2.756,2.7585,18
2026-04-10 18:13:00,2.753,2.7535,2.749,2.7535,2.758,2.7585,2.754,2.7585,33
2026-04-10 18:14:00,2.753,2.756,2.752,2.7545,2.758,2.761,2.757,2.7595,17
2026-04-10 18:15:00,2.7555,2.757,2.754,2.7565,2.7605,2.762,2.759,2.7615,19
2026-04-10 18:16:00,2.756,2.758,2.755,2.755,2.761,2.763,2.76,2.76,7
2026-04-10 18:17:00,2.7555,2.757,2.7555,2.757,2.7605,2.762,2.7605,2.762,4
2026-04-10 18:18:00,2.7575,2.759,2.7575,2.758,2.7625,2.764,2.7625,2.763,5
2026-04-10 18:19:00,2.759,2.759,2.757,2.758,2.764,2.764,2.762,2.763,22
2026-04-10 18:20:00,2.757,2.762,2.756,2.76,2.762,2.767,2.761,2.765,44
2026-04-10 18:21:00,2.7605,2.762,2.76,2.762,2.7655,2.767,2.765,2.767,23
2026-04-10 18:22:00,2.7615,2.762,2.7595,2.76,2.7665,2.767,2.7645,2.765,16
2026-04-10 18:23:00,2.7595,2.762,2.7595,2.762,2.7645,2.767,2.7645,2.767,8
2026-04-10 18:24:00,2.763,2.763,2.758,2.7595,2.768,2.768,2.763,2.7645,20
2026-04-10 18:25:00,2.759,2.762,2.759,2.761,2.764,2.767,2.764,2.766,35
2026-04-10 18:26:00,2.7615,2.764,2.761,2.763,2.7665,2.769,2.766,2.768,12
2026-04-10 18:27:00,2.764,2.764,2.756,2.7565,2.769,2.769,2.761,2.7615,37
2026-04-10 18:28:00,2.756,2.7585,2.754,2.7575,2.761,2.7635,2.759,2.7625,42
2026-04-10 18:29:00,2.757,2.7575,2.7555,2.7565,2.762,2.7625,2.7605,2.7615,19
2026-04-10 18:30:00,2.757,2.758,2.7565,2.757,2.762,2.763,2.7615,2.762,19
2026-04-10 18:31:00,2.756,2.757,2.755,2.755,2.761,2.762,2.76,2.76,11
2026-04-10 18:32:00,2.7545,2.755,2.753,2.754,2.7595,2.76,2.758,2.759,17
2026-04-10 18:33:00,2.753,2.754,2.752,2.754,2.758,2.759,2.757,2.759,13
2026-04-10 18:34:00,2.753,2.755,2.753,2.754,2.758,2.76,2.758,2.759,14
2026-04-10 18:35:00,2.7545,2.755,2.752,2.753,2.7595,2.76,2.757,2.758,11
2026-04-10 18:36:00,2.7535,2.754,2.751,2.752,2.7585,2.759,2.756,2.757,11
2026-04-10 18:37:00,2.7515,2.752,2.75,2.7515,2.7565,2.757,2.755,2.7565,8
2026-04-10 18:38:00,2.751,2.751,2.75,2.7505,2.756,2.756,2.755,2.7555,13
2026-04-10 18:39:00,2.75,2.752,2.75,2.7515,2.755,2.757,2.755,2.7565,12
2026-04-10 18:40:00,2.751,2.754,2.751,2.754,2.756,2.759,2.756,2.759,9
2026-04-10 18:41:00,2.7545,2.7545,2.751,2.751,2.7595,2.7595,2.756,2.756,12
2026-04-10 18:42:00,2.7515,2.7515,2.75,2.751,2.7565,2.7565,2.755,2.756,5
2026-04-10 18:43:00,2.752,2.753,2.7515,2.753,2.757,2.758,2.7565,2.758,6
2026-04-10 18:44:00,2.752,2.754,2.752,2.753,2.757,2.759,2.757,2.758,6
2026-04-10 18:45:00,2.7535,2.754,2.753,2.7535,2.7585,2.759,2.758,2.7585,10
2026-04-10 18:46:00,2.754,2.755,2.7515,2.7515,2.759,2.76,2.7565,2.7565,8
2026-04-10 18:47:00,2.752,2.755,2.7515,2.754,2.757,2.76,2.7565,2.759,9
2026-04-10 18:48:00,2.755,2.755,2.754,2.755,2.76,2.76,2.759,2.76,10
2026-04-10 18:49:00,2.756,2.757,2.7555,2.756,2.761,2.762,2.7605,2.761,14
2026-04-10 18:50:00,2.755,2.758,2.755,2.757,2.76,2.763,2.76,2.762,6
2026-04-10 18:51:00,2.7565,2.7565,2.755,2.755,2.7615,2.7615,2.76,2.76,3
2026-04-10 18:52:00,2.7555,2.7555,2.754,2.754,2.7605,2.7605,2.759,2.759,5
2026-04-10 18:53:00,2.7545,2.7545,2.751,2.752,2.7595,2.7595,2.756,2.757,20
2026-04-10 18:54:00,2.7525,2.7525,2.751,2.752,2.7575,2.7575,2.756,2.757,10
2026-04-10 18:55:00,2.753,2.753,2.7515,2.7515,2.758,2.758,2.7565,2.7565,8
2026-04-10 18:56:00,2.751,2.752,2.75,2.752,2.756,2.757,2.755,2.757,12
2026-04-10 18:57:00,2.751,2.752,2.751,2.751,2.756,2.757,2.756,2.756,4
2026-04-10 18:58:00,2.7505,2.752,2.7505,2.7515,2.7555,2.757,2.7555,2.7565,5
2026-04-10 18:59:00,2.752,2.752,2.749,2.75,2.757,2.757,2.754,2.755,10
2026-04-10 19:00:00,2.7495,2.75,2.743,2.7445,2.7545,2.755,2.748,2.7495,22
2026-04-10 19:01:00,2.744,2.7475,2.743,2.7475,2.749,2.7525,2.748,2.7525,13
2026-04-10 19:02:00,2.748,2.748,2.745,2.746,2.753,2.753,2.75,2.751,9
2026-04-10 19:03:00,2.745,2.746,2.744,2.746,2.75,2.751,2.749,2.751,7
2026-04-10 19:04:00,2.7465,2.747,2.745,2.747,2.7515,2.752,2.75,2.752,10
2026-04-10 19:05:00,2.7465,2.7465,2.745,2.7455,2.7515,2.7515,2.75,2.7505,9
2026-04-10 19:06:00,2.746,2.746,2.744,2.745,2.751,2.751,2.749,2.75,17
2026-04-10 19:07:00,2.7445,2.745,2.744,2.745,2.7495,2.75,2.749,2.75,13
2026-04-10 19:08:00,2.7445,2.745,2.741,2.7435,2.7495,2.75,2.746,2.7485,15
2026-04-10 19:09:00,2.744,2.744,2.742,2.742,2.749,2.749,2.747,2.747,11
2026-04-10 19:10:00,2.7425,2.743,2.741,2.742,2.7475,2.748,2.746,2.747,14
2026-04-10 19:11:00,2.7425,2.743,2.741,2.7415,2.7475,2.748,2.746,2.7465,11
2026-04-10 19:12:00,2.741,2.743,2.74,2.7405,2.746,2.748,2.745,2.7455,17
2026-04-10 19:13:00,2.7415,2.742,2.741,2.741,2.7465,2.747,2.746,2.746,23
2026-04-10 19:14:00,2.742,2.743,2.7415,2.743,2.747,2.748,2.7465,2.748,12
2026-04-10 19:15:00,2.7435,2.744,2.743,2.744,2.7485,2.749,2.748,2.749,9
2026-04-10 19:16:00,2.7435,2.7435,2.7425,2.743,2.7485,2.7485,2.7475,2.748,6
2026-04-10 19:17:00,2.742,2.744,2.742,2.744,2.747,2.749,2.747,2.749,12
2026-04-10 19:18:00,2.7435,2.744,2.7425,2.7425,2.7485,2.749,2.7475,2.7475,10
2026-04-10 19:19:00,2.743,2.7435,2.742,2.743,2.748,2.7485,2.747,2.748,11
2026-04-10 19:20:00,2.744,2.744,2.743,2.744,2.749,2.749,2.748,2.749,3
2026-04-10 19:21:00,2.7435,2.7435,2.741,2.741,2.7485,2.7485,2.746,2.746,9
2026-04-10 19:22:00,2.7415,2.744,2.7415,2.744,2.7465,2.749,2.7465,2.749,13
2026-04-10 19:23:00,2.7435,2.745,2.742,2.742,2.7485,2.75,2.747,2.747,12
2026-04-10 19:24:00,2.7415,2.742,2.738,2.739,2.7465,2.747,2.743,2.744,18
2026-04-10 19:25:00,2.7395,2.7395,2.738,2.739,2.7445,2.7445,2.743,2.744,12
2026-04-10 19:26:00,2.738,2.739,2.738,2.738,2.743,2.744,2.743,2.743,12
2026-04-10 19:27:00,2.737,2.737,2.736,2.737,2.742,2.742,2.741,2.742,6
2026-04-10 19:28:00,2.7375,2.738,2.7375,2.738,2.7425,2.743,2.7425,2.743,4
2026-04-10 19:29:00,2.7385,2.739,2.7365,2.7375,2.7435,2.744,2.7415,2.7425,16
2026-04-10 19:30:00,2.737,2.738,2.737,2.7375,2.742,2.743,2.742,2.7425,10
2026-04-10 19:31:00,2.738,2.738,2.736,2.738,2.743,2.743,2.741,2.743,9
2026-04-10 19:32:00,2.7375,2.7375,2.736,2.7365,2.7425,2.7425,2.741,2.7415,4
2026-04-10 19:33:00,2.736,2.736,2.7315,2.735,2.741,2.741,2.7365,2.74,14
2026-04-10 19:34:00,2.736,2.736,2.7345,2.735,2.741,2.741,2.7395,2.74,9
2026-04-10 19:35:00,2.736,2.736,2.734,2.7345,2.741,2.741,2.739,2.7395,9
2026-04-10 19:36:00,2.735,2.735,2.734,2.735,2.74,2.74,2.739,2.74,4
2026-04-10 19:37:00,2.734,2.7345,2.732,2.733,2.739,2.7395,2.737,2.738,7
2026-04-10 19:38:00,2.734,2.734,2.732,2.734,2.739,2.739,2.737,2.739,12
2026-04-10 19:39:00,2.7335,2.735,2.733,2.733,2.7385,2.74,2.738,2.738,13
2026-04-10 19:40:00,2.7335,2.736,2.7335,2.7345,2.7385,2.741,2.7385,2.7395,11
2026-04-10 19:41:00,2.734,2.735,2.734,2.734,2.739,2.74,2.739,2.739,44
2026-04-10 19:42:00,2.7345,2.7355,2.734,2.734,2.7395,2.7405,2.739,2.739,10
2026-04-10 19:43:00,2.735,2.735,2.735,2.735,2.74,2.74,2.74,2.74,1
2026-04-10 19:44:00,2.7345,2.737,2.734,2.7365,2.7395,2.742,2.739,2.7415,12
2026-04-10 19:45:00,2.737,2.737,2.734,2.7355,2.742,2.742,2.739,2.7405,18
2026-04-10 19:46:00,2.736,2.736,2.734,2.734,2.741,2.741,2.739,2.739,29
2026-04-10 19:47:00,2.735,2.735,2.733,2.734,2.74,2.74,2.738,2.739,9
2026-04-10 19:48:00,2.7335,2.734,2.733,2.734,2.7385,2.739,2.738,2.739,8
2026-04-10 19:49:00,2.7345,2.7345,2.734,2.734,2.7395,2.7395,2.739,2.739,2
2026-04-10 19:50:00,2.7335,2.734,2.733,2.734,2.7385,2.739,2.738,2.739,3
2026-04-10 19:51:00,2.735,2.7365,2.735,2.7365,2.74,2.7415,2.74,2.7415,8
2026-04-10 19:52:00,2.736,2.737,2.7345,2.735,2.741,2.742,2.7395,2.74,13
2026-04-10 19:53:00,2.7345,2.7345,2.733,2.734,2.7395,2.7395,2.738,2.739,11
2026-04-10 19:54:00,2.735,2.735,2.734,2.734,2.74,2.74,2.739,2.739,2
2026-04-10 19:55:00,2.7345,2.737,2.7345,2.735,2.7395,2.742,2.7395,2.74,19
2026-04-10 19:56:00,2.7345,2.737,2.734,2.736,2.7395,2.742,2.739,2.741,10
2026-04-10 19:57:00,2.737,2.738,2.736,2.7365,2.742,2.743,2.741,2.7415,16
2026-04-10 19:58:00,2.736,2.737,2.736,2.736,2.741,2.742,2.741,2.741,3
2026-04-10 19:59:00,2.737,2.737,2.736,2.736,2.742,2.742,2.741,2.741,9
2026-04-10 20:00:00,2.737,2.738,2.735,2.735,2.742,2.743,2.74,2.74,7
2026-04-10 20:01:00,2.734,2.736,2.734,2.735,2.739,2.741,2.739,2.74,9
2026-04-10 20:02:00,2.734,2.735,2.733,2.7345,2.739,2.74,2.738,2.7395,10
2026-04-10 20:03:00,2.7355,2.738,2.735,2.7365,2.7405,2.743,2.74,2.7415,14
2026-04-10 20:04:00,2.736,2.737,2.734,2.736,2.741,2.742,2.739,2.741,24
2026-04-10 20:05:00,2.7355,2.7365,2.734,2.7345,2.7405,2.7415,2.739,2.7395,15
2026-04-10 20:06:00,2.733,2.735,2.732,2.7325,2.738,2.74,2.737,2.7375,17
2026-04-10 20:07:00,2.733,2.734,2.732,2.734,2.738,2.739,2.737,2.739,6
2026-04-10 20:08:00,2.7345,2.7345,2.729,2.7295,2.7395,2.7395,2.734,2.7345,23
2026-04-10 20:09:00,2.7285,2.733,2.7285,2.733,2.7335,2.738,2.7335,2.738,17
2026-04-10 20:10:00,2.7335,2.734,2.733,2.733,2.7385,2.739,2.738,2.738,8
2026-04-10 20:11:00,2.734,2.734,2.732,2.734,2.739,2.739,2.737,2.739,14
2026-04-10 20:12:00,2.735,2.737,2.734,2.7365,2.74,2.742,2.739,2.7415,18
2026-04-10 20:13:00,2.737,2.737,2.7355,2.7355,2.742,2.742,2.7405,2.7405,15
2026-04-10 20:14:00,2.736,2.739,2.735,2.735,2.741,2.744,2.74,2.74,17
2026-04-10 20:15:00,2.7345,2.736,2.733,2.736,2.7395,2.741,2.738,2.741,9
2026-04-10 20:16:00,2.7365,2.737,2.73,2.734,2.7415,2.742,2.735,2.739,24
2026-04-10 20:17:00,2.7335,2.735,2.7325,2.7335,2.7385,2.74,2.7375,2.7385,22
2026-04-10 20:18:00,2.733,2.733,2.726,2.727,2.738,2.738,2.731,2.732,32
2026-04-10 20:19:00,2.728,2.729,2.726,2.7275,2.733,2.734,2.731,2.7325,30
2026-04-10 20:20:00,2.727,2.729,2.725,2.727,2.732,2.734,2.73,2.732,28
2026-04-10 20:21:00,2.726,2.727,2.724,2.726,2.731,2.732,2.729,2.731,44
2026-04-10 20:22:00,2.7255,2.7265,2.724,2.724,2.7305,2.7315,2.729,2.729,16
2026-04-10 20:23:00,2.723,2.726,2.723,2.726,2.728,2.731,2.728,2.731,24
2026-04-10 20:24:00,2.725,2.7265,2.724,2.724,2.73,2.7315,2.729,2.729,17
2026-04-10 20:25:00,2.7245,2.726,2.724,2.724,2.7295,2.731,2.729,2.729,33
2026-04-10 20:26:00,2.725,2.728,2.724,2.7275,2.73,2.733,2.729,2.7325,33
2026-04-10 20:27:00,2.728,2.733,2.7275,2.73,2.733,2.738,2.7325,2.735,29
2026-04-10 20:28:00,2.7305,2.737,2.729,2.736,2.7355,2.742,2.734,2.741,101
2026-04-10 20:29:00,2.737,2.7375,2.736,2.7375,2.742,2.7425,2.741,2.7425,51
2026-04-10 20:30:00,2.7365,2.739,2.736,2.739,2.7415,2.744,2.741,2.744,35
2026-04-10 20:31:00,2.7395,2.744,2.7395,2.741,2.7445,2.749,2.7445,2.746,39
2026-04-10 20:32:00,2.7405,2.7405,2.738,2.739,2.7455,2.7455,2.743,2.744,25
2026-04-10 20:33:00,2.7395,2.74,2.738,2.7385,2.7445,2.745,2.743,2.7435,27
2026-04-10 20:34:00,2.738,2.74,2.737,2.739,2.743,2.745,2.742,2.744,21
2026-04-10 20:35:00,2.7385,2.74,2.738,2.74,2.7435,2.745,2.743,2.745,14
2026-04-10 20:36:00,2.7395,2.7415,2.736,2.739,2.7445,2.7465,2.741,2.744,24
2026-04-10 20:37:00,2.7385,2.739,2.732,2.732,2.7435,2.744,2.737,2.737,31
2026-04-10 20:38:00,2.733,2.733,2.731,2.7325,2.738,2.738,2.736,2.7375,13
2026-04-10 20:39:00,2.733,2.733,2.731,2.7325,2.738,2.738,2.736,2.7375,9
2026-04-10 20:40:00,2.733,2.733,2.7305,2.733,2.738,2.738,2.7355,2.738,14
2026-04-10 20:41:00,2.732,2.736,2.732,2.735,2.737,2.741,2.737,2.74,22
2026-04-10 20:42:00,2.736,2.737,2.735,2.736,2.741,2.742,2.74,2.741,28
2026-04-10 20:43:00,2.737,2.737,2.735,2.735,2.742,2.742,2.74,2.74,12
2026-04-10 20:44:00,2.7345,2.735,2.733,2.7335,2.7395,2.74,2.738,2.7385,12
2026-04-10 20:45:00,2.733,2.734,2.733,2.734,2.738,2.739,2.738,2.739,3
2026-04-10 20:46:00,2.733,2.734,2.732,2.7325,2.738,2.739,2.737,2.7375,9
2026-04-10 20:47:00,2.732,2.734,2.731,2.732,2.737,2.739,2.736,2.737,11
2026-04-10 20:48:00,2.731,2.732,2.731,2.732,2.736,2.737,2.736,2.737,4
2026-04-10 20:49:00,2.7315,2.7315,2.731,2.731,2.7365,2.7365,2.736,2.736,2
2026-04-10 20:50:00,2.7315,2.733,2.7315,2.7325,2.7365,2.738,2.7365,2.7375,25
2026-04-10 20:51:00,2.734,2.734,2.731,2.731,2.739,2.739,2.736,2.736,10
2026-04-10 20:52:00,2.7305,2.731,2.726,2.727,2.7355,2.736,2.731,2.732,15
2026-04-10 20:53:00,2.726,2.726,2.726,2.726,2.731,2.731,2.731,2.731,1
2026-04-10 20:54:00,2.727,2.729,2.727,2.7275,2.732,2.734,2.732,2.7325,11
2026-04-10 20:55:00,2.727,2.7285,2.7265,2.728,2.732,2.7335,2.7315,2.733,10
2026-04-10 20:56:00,2.727,2.728,2.725,2.728,2.732,2.733,2.73,2.733,9
2026-04-10 20:57:00,2.729,2.731,2.728,2.7285,2.734,2.736,2.733,2.7335,8
2026-04-10 20:58:00,2.729,2.729,2.7285,2.7285,2.734,2.734,2.7335,2.7335,4
2026-04-10 20:59:00,2.729,2.7305,2.729,2.7305,2.734,2.7355,2.734,2.7355,8
2026-04-10 21:00:00,2.73,2.731,2.7285,2.731,2.735,2.736,2.7335,2.736,12
2026-04-10 21:01:00,2.73,2.731,2.73,2.731,2.735,2.736,2.735,2.736,7
2026-04-10 21:02:00,2.7315,2.7315,2.7315,2.7315,2.7365,2.7365,2.7365,2.7365,1
2026-04-10 21:03:00,2.731,2.7315,2.731,2.731,2.736,2.7365,2.736,2.736,5
2026-04-10 21:04:00,2.7315,2.732,2.7315,2.732,2.7365,2.737,2.7365,2.737,2
2026-04-10 21:05:00,2.7315,2.7315,2.73,2.73,2.7365,2.7365,2.735,2.735,4
2026-04-10 21:06:00,2.7305,2.732,2.7305,2.732,2.7355,2.737,2.7355,2.737,9
2026-04-10 21:07:00,2.7325,2.7325,2.73,2.731,2.7375,2.7375,2.735,2.736,6
2026-04-10 21:08:00,2.7305,2.732,2.73,2.732,2.7355,2.737,2.735,2.737,5
2026-04-10 21:09:00,2.731,2.732,2.731,2.732,2.736,2.737,2.736,2.737,11
2026-04-10 21:10:00,2.7315,2.7315,2.7295,2.7295,2.7365,2.7365,2.7345,2.7345,7
2026-04-10 21:11:00,2.729,2.7295,2.729,2.7295,2.734,2.7345,2.734,2.7345,2
2026-04-10 21:12:00,2.73,2.731,2.7295,2.73,2.735,2.736,2.7345,2.735,8
2026-04-10 21:13:00,2.731,2.731,2.73,2.7305,2.736,2.736,2.735,2.7355,4
2026-04-10 21:14:00,2.731,2.731,2.7295,2.73,2.736,2.736,2.7345,2.735,5
2026-04-10 21:15:00,2.7305,2.731,2.73,2.731,2.7355,2.736,2.735,2.736,3
2026-04-10 21:16:00,2.73,2.73,2.729,2.729,2.735,2.735,2.734,2.734,2
2026-04-10 21:17:00,2.73,2.731,2.73,2.731,2.735,2.736,2.735,2.736,9
2026-04-10 21:18:00,2.732,2.732,2.731,2.7315,2.737,2.737,2.736,2.7365,5
2026-04-10 21:19:00,2.731,2.731,2.73,2.73,2.736,2.736,2.735,2.735,3
2026-04-10 21:20:00,2.731,2.731,2.73,2.731,2.736,2.736,2.735,2.736,10
2026-04-10 21:21:00,2.7315,2.7315,2.729,2.7295,2.7365,2.7365,2.734,2.7345,6
2026-04-10 21:22:00,2.73,2.732,2.73,2.73,2.735,2.737,2.735,2.735,8
2026-04-10 21:23:00,2.729,2.73,2.727,2.728,2.734,2.735,2.732,2.733,8
2026-04-10 21:24:00,2.7285,2.73,2.728,2.729,2.7335,2.735,2.733,2.734,6
2026-04-10 21:25:00,2.73,2.7305,2.729,2.7305,2.735,2.7355,2.734,2.7355,5
2026-04-10 21:26:00,2.73,2.7305,2.7295,2.73,2.735,2.7355,2.7345,2.735,7
2026-04-10 21:27:00,2.731,2.731,2.73,2.73,2.736,2.736,2.735,2.735,17
2026-04-10 21:28:00,2.731,2.732,2.73,2.731,2.736,2.737,2.735,2.736,21
2026-04-10 21:29:00,2.7315,2.732,2.731,2.7315,2.7365,2.737,2.736,2.7365,6
2026-04-10 21:30:00,2.732,2.733,2.731,2.732,2.737,2.738,2.736,2.737,10
2026-04-10 21:31:00,2.733,2.733,2.731,2.731,2.738,2.738,2.736,2.736,7
2026-04-10 21:32:00,2.7315,2.735,2.7315,2.734,2.7365,2.74,2.7365,2.739,8
2026-04-10 21:33:00,2.7335,2.7335,2.7335,2.7335,2.7385,2.7385,2.7385,2.7385,1
2026-04-10 21:34:00,2.733,2.734,2.733,2.7335,2.738,2.739,2.738,2.7385,6
2026-04-10 21:35:00,2.733,2.734,2.733,2.733,2.738,2.739,2.738,2.738,7
2026-04-10 21:36:00,2.7335,2.734,2.7335,2.734,2.7385,2.739,2.7385,2.739,4
2026-04-10 21:37:00,2.7335,2.7345,2.733,2.734,2.7385,2.7395,2.738,2.739,6
2026-04-10 21:38:00,2.7345,2.735,2.733,2.734,2.7395,2.74,2.738,2.739,6
2026-04-10 21:39:00,2.7345,2.7345,2.734,2.734,2.7395,2.7395,2.739,2.739,8
2026-04-10 21:40:00,2.733,2.734,2.733,2.7335,2.738,2.739,2.738,2.7385,5
2026-04-10 21:41:00,2.733,2.734,2.733,2.734,2.738,2.739,2.738,2.739,4
2026-04-10 21:42:00,2.733,2.735,2.733,2.7345,2.738,2.74,2.738,2.7395,8
2026-04-10 21:43:00,2.735,2.737,2.735,2.737,2.74,2.742,2.74,2.742,7
2026-04-10 21:44:00,2.7375,2.738,2.737,2.737,2.7425,2.743,2.742,2.742,4
2026-04-10 21:45:00,2.7375,2.738,2.737,2.737,2.7425,2.743,2.742,2.742,4
2026-04-10 21:46:00,2.738,2.739,2.738,2.739,2.743,2.744,2.743,2.744,4
2026-04-10 21:47:00,2.7395,2.7395,2.739,2.739,2.7445,2.7445,2.744,2.744,6
2026-04-10 21:48:00,2.7395,2.7395,2.7395,2.7395,2.7445,2.7445,2.7445,2.7445,1
2026-04-10 21:49:00,2.739,2.74,2.739,2.74,2.744,2.745,2.744,2.745,4
2026-04-10 21:50:00,2.7405,2.742,2.74,2.742,2.7455,2.747,2.745,2.747,6
2026-04-10 21:51:00,2.743,2.743,2.742,2.742,2.748,2.748,2.747,2.747,3
2026-04-10 21:52:00,2.7425,2.7425,2.741,2.742,2.7475,2.7475,2.746,2.747,6
2026-04-10 21:55:00,2.743,2.744,2.742,2.7425,2.748,2.749,2.747,2.7475,12
2026-04-10 21:56:00,2.743,2.743,2.742,2.742,2.748,2.748,2.747,2.747,2
2026-04-10 21:57:00,2.7415,2.742,2.741,2.742,2.7465,2.747,2.746,2.747,4
2026-04-10 21:58:00,2.7425,2.7425,2.7425,2.7425,2.7475,2.7475,2.7475,2.7475,1
2026-04-10 21:59:00,2.743,2.743,2.741,2.741,2.748,2.748,2.746,2.746,24
2026-04-10 22:00:00,2.7415,2.7415,2.7385,2.739,2.7465,2.7465,2.7435,2.744,15
2026-04-10 22:01:00,2.7395,2.74,2.739,2.739,2.7445,2.745,2.744,2.744,8
2026-04-10 22:02:00,2.738,2.738,2.738,2.738,2.743,2.743,2.743,2.743,1
2026-04-10 22:03:00,2.7385,2.739,2.738,2.738,2.7435,2.744,2.743,2.743,6
2026-04-10 22:05:00,2.739,2.74,2.738,2.739,2.744,2.745,2.743,2.744,9
2026-04-10 22:06:00,2.738,2.738,2.738,2.738,2.743,2.743,2.743,2.743,1
2026-04-10 22:07:00,2.7375,2.7375,2.7375,2.7375,2.7425,2.7425,2.7425,2.7425,1
2026-04-10 22:08:00,2.738,2.739,2.737,2.739,2.743,2.744,2.742,2.744,7
2026-04-10 22:09:00,2.7385,2.739,2.737,2.737,2.7435,2.744,2.742,2.742,9
2026-04-10 22:10:00,2.7365,2.738,2.7365,2.737,2.7415,2.743,2.7415,2.742,11
2026-04-10 22:11:00,2.738,2.738,2.737,2.737,2.743,2.743,2.742,2.742,2
2026-04-10 22:13:00,2.7375,2.738,2.7375,2.738,2.7425,2.743,2.7425,2.743,2
2026-04-10 22:14:00,2.7385,2.7395,2.738,2.7395,2.7435,2.7445,2.743,2.7445,4
2026-04-10 22:15:00,2.74,2.74,2.7395,2.7395,2.745,2.745,2.7445,2.7445,2
2026-04-10 22:16:00,2.7405,2.741,2.7405,2.741,2.7455,2.746,2.7455,2.746,4
2026-04-10 22:17:00,2.7405,2.741,2.74,2.7405,2.7455,2.746,2.745,2.7455,5
2026-04-10 22:18:00,2.741,2.741,2.74,2.74,2.746,2.746,2.745,2.745,2
2026-04-10 22:19:00,2.7395,2.7395,2.739,2.7395,2.7445,2.7445,2.744,2.7445,3
2026-04-10 22:20:00,2.74,2.741,2.7385,2.741,2.745,2.746,2.7435,2.746,4
2026-04-10 22:21:00,2.7415,2.7415,2.74,2.74,2.7465,2.7465,2.745,2.745,3
2026-04-10 22:23:00,2.7405,2.7415,2.7405,2.741,2.7455,2.7465,2.7455,2.746,5
2026-04-10 22:24:00,2.74,2.74,2.74,2.74,2.745,2.745,2.745,2.745,1
2026-04-10 22:25:00,2.741,2.741,2.74,2.74,2.746,2.746,2.745,2.745,5
2026-04-10 22:26:00,2.739,2.739,2.7385,2.739,2.744,2.744,2.7435,2.744,3
2026-04-10 22:27:00,2.7385,2.739,2.7385,2.739,2.7435,2.744,2.7435,2.744,4
2026-04-10 22:28:00,2.7395,2.7395,2.735,2.7355,2.7445,2.7445,2.74,2.7405,9
2026-04-10 22:29:00,2.736,2.738,2.736,2.738,2.741,2.743,2.741,2.743,7
2026-04-10 22:30:00,2.7375,2.7375,2.736,2.737,2.7425,2.7425,2.741,2.742,7
2026-04-10 22:31:00,2.738,2.739,2.738,2.739,2.743,2.744,2.743,2.744,6
2026-04-10 22:32:00,2.7395,2.7395,2.738,2.739,2.7445,2.7445,2.743,2.744,7
2026-04-10 22:33:00,2.7385,2.7385,2.7385,2.7385,2.7435,2.7435,2.7435,2.7435,1
2026-04-10 22:34:00,2.739,2.739,2.739,2.739,2.744,2.744,2.744,2.744,1
2026-04-10 22:35:00,2.74,2.7405,2.74,2.74,2.745,2.7455,2.745,2.745,3
2026-04-10 22:36:00,2.7405,2.7405,2.74,2.74,2.7455,2.7455,2.745,2.745,2
2026-04-10 22:37:00,2.7405,2.7405,2.74,2.74,2.7455,2.7455,2.745,2.745,6
2026-04-10 22:38:00,2.7405,2.7405,2.74,2.7405,2.7455,2.7455,2.745,2.7455,3
2026-04-10 22:39:00,2.741,2.741,2.741,2.741,2.746,2.746,2.746,2.746,1
2026-04-10 22:40:00,2.7405,2.7415,2.7395,2.741,2.7455,2.7465,2.7445,2.746,8
2026-04-10 22:41:00,2.7415,2.742,2.741,2.741,2.7465,2.747,2.746,2.746,7
2026-04-10 22:42:00,2.7415,2.742,2.741,2.742,2.7465,2.747,2.746,2.747,15
2026-04-10 22:44:00,2.743,2.744,2.742,2.742,2.748,2.749,2.747,2.747,9
2026-04-10 22:45:00,2.741,2.7415,2.741,2.741,2.746,2.7465,2.746,2.746,3
2026-04-10 22:46:00,2.7415,2.742,2.7415,2.742,2.7465,2.747,2.7465,2.747,2
2026-04-10 22:47:00,2.7425,2.744,2.7425,2.743,2.7475,2.749,2.7475,2.748,7
2026-04-10 22:48:00,2.7435,2.7435,2.7435,2.7435,2.7485,2.7485,2.7485,2.7485,1
2026-04-10 22:49:00,2.743,2.7435,2.743,2.7435,2.748,2.7485,2.748,2.7485,2
2026-04-10 22:50:00,2.743,2.743,2.742,2.742,2.748,2.748,2.747,2.747,4
2026-04-10 22:51:00,2.7425,2.744,2.7415,2.7425,2.7475,2.749,2.7465,2.7475,11
2026-04-10 22:52:00,2.7415,2.742,2.74,2.7405,2.7465,2.747,2.745,2.7455,18
2026-04-10 22:53:00,2.741,2.741,2.741,2.741,2.746,2.746,2.746,2.746,1
2026-04-10 22:54:00,2.7405,2.741,2.74,2.74,2.7455,2.746,2.745,2.745,9
2026-04-10 22:55:00,2.7405,2.7405,2.7405,2.7405,2.7455,2.7455,2.7455,2.7455,1
2026-04-10 22:56:00,2.741,2.742,2.738,2.7405,2.746,2.747,2.743,2.7455,16
2026-04-10 22:57:00,2.741,2.741,2.74,2.741,2.746,2.746,2.745,2.746,5
2026-04-10 22:58:00,2.7415,2.742,2.741,2.7415,2.7465,2.747,2.746,2.7465,8
2026-04-10 22:59:00,2.741,2.7636,2.74,2.7636,2.746,2.7686,2.745,2.7686,17
2026-04-13 00:00:00,2.8006,2.8196,2.8006,2.8056,2.8056,2.8246,2.8056,2.8106,100
2026-04-13 00:01:00,2.8061,2.8101,2.8016,2.8066,2.8111,2.8151,2.8066,2.8116,73
2026-04-13 00:02:00,2.8071,2.8101,2.8036,2.8086,2.8121,2.8151,2.8086,2.8136,28
2026-04-13 00:03:00,2.8096,2.8161,2.8096,2.8161,2.8146,2.8211,2.8146,2.8211,22
2026-04-13 00:04:00,2.8156,2.8246,2.8156,2.8236,2.8206,2.8296,2.8206,2.8286,14
2026-04-13 00:05:00,2.8251,2.8266,2.8211,2.8216,2.8301,2.8316,2.8261,2.8266,16
2026-04-13 00:06:00,2.8221,2.8256,2.8206,2.8206,2.8271,2.8306,2.8256,2.8256,16
2026-04-13 00:07:00,2.8211,2.8211,2.8156,2.8176,2.8261,2.8261,2.8206,2.8226,15
2026-04-13 00:08:00,2.8171,2.8181,2.8146,2.8151,2.8221,2.8231,2.8196,2.8201,13
2026-04-13 00:09:00,2.8161,2.8201,2.8161,2.8201,2.8211,2.8251,2.8211,2.8251,9
2026-04-13 00:10:00,2.8196,2.8221,2.8171,2.8221,2.8246,2.8271,2.8221,2.8271,15
2026-04-13 00:11:00,2.8216,2.8221,2.8186,2.8186,2.8266,2.8271,2.8236,2.8236,14
2026-04-13 00:12:00,2.8191,2.8221,2.8191,2.8206,2.8241,2.8271,2.8241,2.8256,17
2026-04-13 00:13:00,2.8201,2.8216,2.8201,2.8201,2.8251,2.8266,2.8251,2.8251,6
2026-04-13 00:14:00,2.8206,2.8216,2.8201,2.8201,2.8256,2.8266,2.8251,2.8251,5
2026-04-13 00:15:00,2.8196,2.8211,2.8081,2.8081,2.8246,2.8261,2.8131,2.8131,22
2026-04-13 00:16:00,2.8066,2.8101,2.8066,2.8081,2.8116,2.8151,2.8116,2.8131,18
2026-04-13 00:17:00,2.8076,2.8096,2.8076,2.8096,2.8126,2.8146,2.8126,2.8146,3
2026-04-13 00:18:00,2.8091,2.8151,2.8091,2.8151,2.8141,2.8201,2.8141,2.8201,11
2026-04-13 00:19:00,2.8146,2.8151,2.8141,2.8146,2.8196,2.8201,2.8191,2.8196,5
2026-04-13 00:20:00,2.8141,2.8156,2.8136,2.8156,2.8191,2.8206,2.8186,2.8206,9
2026-04-13 00:21:00,2.8161,2.8206,2.8161,2.8186,2.8211,2.8256,2.8211,2.8236,22
2026-04-13 00:22:00,2.8166,2.8181,2.8151,2.8151,2.8216,2.8231,2.8201,2.8201,10
2026-04-13 00:23:00,2.8146,2.8146,2.8126,2.8141,2.8196,2.8196,2.8176,2.8191,10
2026-04-13 00:24:00,2.8136,2.8156,2.8136,2.8156,2.8186,2.8206,2.8186,2.8206,6
2026-04-13 00:25:00,2.8146,2.8151,2.8121,2.8151,2.8196,2.8201,2.8171,2.8201,7
2026-04-13 00:27:00,2.8156,2.8156,2.8136,2.8151,2.8206,2.8206,2.8186,2.8201,10
2026-04-13 00:28:00,2.8166,2.8176,2.8166,2.8171,2.8216,2.8226,2.8216,2.8221,4
2026-04-13 00:30:00,2.8176,2.8176,2.8171,2.8171,2.8226,2.8226,2.8221,2.8221,2
2026-04-13 00:31:00,2.8176,2.8191,2.8166,2.8171,2.8226,2.8241,2.8216,2.8221,6
2026-04-13 00:32:00,2.8181,2.8196,2.8176,2.8181,2.8231,2.8246,2.8226,2.8231,12
2026-04-13 00:33:00,2.8176,2.8176,2.8136,2.8141,2.8226,2.8226,2.8186,2.8191,6
2026-04-13 00:34:00,2.8136,2.8136,2.8101,2.8116,2.8186,2.8186,2.8151,2.8166,8
2026-04-13 00:35:00,2.8111,2.8131,2.8086,2.8126,2.8161,2.8181,2.8136,2.8176,14
2026-04-13 00:37:00,2.8136,2.8136,2.8131,2.8131,2.8186,2.8186,2.8181,2.8181,2
2026-04-13 00:38:00,2.8136,2.8141,2.8136,2.8141,2.8186,2.8191,2.8186,2.8191,2
2026-04-13 00:39:00,2.8136,2.8151,2.8131,2.8151,2.8186,2.8201,2.8181,2.8201,7
2026-04-13 00:40:00,2.8146,2.8146,2.8146,2.8146,2.8196,2.8196,2.8196,2.8196,1
2026-04-13 00:41:00,2.8141,2.8146,2.8141,2.8146,2.8191,2.8196,2.8191,2.8196,2
2026-04-13 00:42:00,2.8151,2.8151,2.8151,2.8151,2.8201,2.8201,2.8201,2.8201,1
2026-04-13 00:43:00,2.8156,2.8156,2.8131,2.8131,2.8206,2.8206,2.8181,2.8181,6
2026-04-13 00:44:00,2.8126,2.8131,2.8121,2.8121,2.8176,2.8181,2.8171,2.8171,6
2026-04-13 00:45:00,2.8131,2.8136,2.8116,2.8121,2.8181,2.8186,2.8166,2.8171,7
2026-04-13 00:46:00,2.8126,2.8126,2.8121,2.8121,2.8176,2.8176,2.8171,2.8171,2
2026-04-13 00:47:00,2.8126,2.8136,2.8096,2.8096,2.8176,2.8186,2.8146,2.8146,9
2026-04-13 00:48:00,2.8101,2.8136,2.8101,2.8136,2.8151,2.8186,2.8151,2.8186,5
2026-04-13 00:49:00,2.8141,2.8141,2.8131,2.8131,2.8191,2.8191,2.8181,2.8181,3
2026-04-13 00:51:00,2.8126,2.8126,2.8126,2.8126,2.8176,2.8176,2.8176,2.8176,1
2026-04-13 00:52:00,2.8131,2.8131,2.8116,2.8121,2.8181,2.8181,2.8166,2.8171,4
2026-04-13 00:53:00,2.8116,2.8136,2.8116,2.8136,2.8166,2.8186,2.8166,2.8186,5
2026-04-13 00:54:00,2.8141,2.8146,2.8141,2.8146,2.8191,2.8196,2.8191,2.8196,2
2026-04-13 00:55:00,2.8151,2.8151,2.8136,2.8146,2.8201,2.8201,2.8186,2.8196,4
2026-04-13 00:56:00,2.8141,2.8151,2.8141,2.8151,2.8191,2.8201,2.8191,2.8201,3
2026-04-13 00:57:00,2.8146,2.8151,2.8146,2.8146,2.8196,2.8201,2.8196,2.8196,3
2026-04-13 00:58:00,2.8151,2.8151,2.8136,2.8136,2.8201,2.8201,2.8186,2.8186,2
2026-04-13 00:59:00,2.8141,2.8151,2.8141,2.8151,2.8191,2.8201,2.8191,2.8201,3
2026-04-13 01:01:00,2.8156,2.8171,2.8156,2.8171,2.8206,2.8221,2.8206,2.8221,10
2026-04-13 01:02:00,2.8166,2.8176,2.8166,2.8176,2.8216,2.8226,2.8216,2.8226,3
2026-04-13 01:03:00,2.8171,2.8176,2.8166,2.8171,2.8221,2.8226,2.8216,2.8221,7
2026-04-13 01:04:00,2.8146,2.8166,2.8126,2.8161,2.8196,2.8216,2.8176,2.8211,8
2026-04-13 01:05:00,2.8166,2.8171,2.8151,2.8151,2.8216,2.8221,2.8201,2.8201,7
2026-04-13 01:06:00,2.8156,2.8161,2.8151,2.8161,2.8206,2.8211,2.8201,2.8211,3
2026-04-13 01:07:00,2.8166,2.8171,2.8146,2.8146,2.8216,2.8221,2.8196,2.8196,6
2026-04-13 01:08:00,2.8151,2.8151,2.8151,2.8151,2.8201,2.8201,2.8201,2.8201,1
2026-04-13 01:09:00,2.8156,2.8161,2.8141,2.8151,2.8206,2.8211,2.8191,2.8201,6
2026-04-13 01:11:00,2.8146,2.8146,2.8071,2.8071,2.8196,2.8196,2.8121,2.8121,8
2026-04-13 01:12:00,2.8081,2.8096,2.8081,2.8091,2.8131,2.8146,2.8131,2.8141,5
2026-04-13 01:13:00,2.8096,2.8101,2.8056,2.8066,2.8146,2.8151,2.8106,2.8116,10
2026-04-13 01:14:00,2.8071,2.8071,2.8071,2.8071,2.8121,2.8121,2.8121,2.8121,1
2026-04-13 01:15:00,2.8081,2.8136,2.8081,2.8136,2.8131,2.8186,2.8131,2.8186,11
2026-04-13 01:16:00,2.8131,2.8136,2.8121,2.8121,2.8181,2.8186,2.8171,2.8171,9
2026-04-13 01:17:00,2.8126,2.8136,2.8126,2.8136,2.8176,2.8186,2.8176,2.8186,3
2026-04-13 01:18:00,2.8131,2.8136,2.8126,2.8136,2.8181,2.8186,2.8176,2.8186,3
2026-04-13 01:19:00,2.8131,2.8141,2.8126,2.8136,2.8181,2.8191,2.8176,2.8186,8
2026-04-13 01:20:00,2.8131,2.8136,2.8131,2.8136,2.8181,2.8186,2.8181,2.8186,2
2026-04-13 01:21:00,2.8146,2.8166,2.8146,2.8161,2.8196,2.8216,2.8196,2.8211,6
2026-04-13 01:22:00,2.8166,2.8171,2.8151,2.8151,2.8216,2.8221,2.8201,2.8201,8
2026-04-13 01:23:00,2.8156,2.8156,2.8146,2.8146,2.8206,2.8206,2.8196,2.8196,3
2026-04-13 01:24:00,2.8141,2.8151,2.8131,2.8151,2.8191,2.8201,2.8181,2.8201,6
2026-04-13 01:25:00,2.8146,2.8186,2.8141,2.8171,2.8196,2.8236,2.8191,2.8221,8
2026-04-13 01:26:00,2.8166,2.8166,2.8136,2.8136,2.8216,2.8216,2.8186,2.8186,6
2026-04-13 01:27:00,2.8141,2.8151,2.8141,2.8146,2.8191,2.8201,2.8191,2.8196,4
2026-04-13 01:28:00,2.8151,2.8151,2.8131,2.8141,2.8201,2.8201,2.8181,2.8191,6
2026-04-13 01:29:00,2.8136,2.8136,2.8131,2.8136,2.8186,2.8186,2.8181,2.8186,3
2026-04-13 01:30:00,2.8146,2.8151,2.8146,2.8151,2.8196,2.8201,2.8196,2.8201,2
2026-04-13 01:31:00,2.8161,2.8161,2.8161,2.8161,2.8211,2.8211,2.8211,2.8211,1
2026-04-13 01:32:00,2.8151,2.8151,2.8141,2.8141,2.8201,2.8201,2.8191,2.8191,3
2026-04-13 01:33:00,2.8106,2.8106,2.8081,2.8091,2.8156,2.8156,2.8131,2.8141,5
2026-04-13 01:34:00,2.8086,2.8086,2.8081,2.8081,2.8136,2.8136,2.8131,2.8131,2
2026-04-13 01:35:00,2.8086,2.8096,2.8081,2.8096,2.8136,2.8146,2.8131,2.8146,7
2026-04-13 01:36:00,2.8091,2.8101,2.8091,2.8101,2.8141,2.8151,2.8141,2.8151,2
2026-04-13 01:37:00,2.8096,2.8116,2.8096,2.8111,2.8146,2.8166,2.8146,2.8161,9
2026-04-13 01:38:00,2.8116,2.8126,2.8116,2.8121,2.8166,2.8176,2.8166,2.8171,4
2026-04-13 01:39:00,2.8131,2.8131,2.8121,2.8126,2.8181,2.8181,2.8171,2.8176,4
2026-04-13 01:40:00,2.8121,2.8131,2.8121,2.8121,2.8171,2.8181,2.8171,2.8171,3
2026-04-13 01:41:00,2.8126,2.8126,2.8116,2.8116,2.8176,2.8176,2.8166,2.8166,2
2026-04-13 01:42:00,2.8121,2.8131,2.8121,2.8131,2.8171,2.8181,2.8171,2.8181,3
2026-04-13 01:43:00,2.8126,2.8126,2.8121,2.8121,2.8176,2.8176,2.8171,2.8171,2
2026-04-13 01:45:00,2.8116,2.8121,2.8116,2.8121,2.8166,2.8171,2.8166,2.8171,2
2026-04-13 01:46:00,2.8116,2.8116,2.8116,2.8116,2.8166,2.8166,2.8166,2.8166,1
2026-04-13 01:47:00,2.8121,2.8121,2.8121,2.8121,2.8171,2.8171,2.8171,2.8171,1
2026-04-13 01:50:00,2.8096,2.8106,2.8066,2.8066,2.8146,2.8156,2.8116,2.8116,6
2026-04-13 01:51:00,2.8071,2.8071,2.8056,2.8071,2.8121,2.8121,2.8106,2.8121,5
2026-04-13 01:52:00,2.8076,2.8076,2.8076,2.8076,2.8126,2.8126,2.8126,2.8126,1
2026-04-13 01:53:00,2.8091,2.8111,2.8091,2.8091,2.8141,2.8161,2.8141,2.8141,9
2026-04-13 01:54:00,2.8086,2.8101,2.8086,2.8096,2.8136,2.8151,2.8136,2.8146,7
2026-04-13 01:55:00,2.8106,2.8111,2.8106,2.8106,2.8156,2.8161,2.8156,2.8156,3
2026-04-13 01:56:00,2.8096,2.8096,2.8091,2.8091,2.8146,2.8146,2.8141,2.8141,2
2026-04-13 01:57:00,2.8101,2.8101,2.8101,2.8101,2.8151,2.8151,2.8151,2.8151,1
2026-04-13 01:58:00,2.8096,2.8096,2.8096,2.8096,2.8146,2.8146,2.8146,2.8146,1
2026-04-13 01:59:00,2.8101,2.8101,2.8096,2.8101,2.8151,2.8151,2.8146,2.8151,3
2026-04-13 02:00:00,2.8096,2.8096,2.8086,2.8091,2.8146,2.8146,2.8136,2.8141,6
2026-04-13 02:01:00,2.8096,2.8106,2.8086,2.8096,2.8146,2.8156,2.8136,2.8146,11
2026-04-13 02:02:00,2.8101,2.8106,2.8091,2.8101,2.8151,2.8156,2.8141,2.8151,6
2026-04-13 02:03:00,2.8106,2.8106,2.8091,2.8091,2.8156,2.8156,2.8141,2.8141,8
2026-04-13 02:04:00,2.8101,2.8111,2.8091,2.8101,2.8151,2.8161,2.8141,2.8151,8
2026-04-13 02:05:00,2.8106,2.8116,2.8091,2.8106,2.8156,2.8166,2.8141,2.8156,12
2026-04-13 02:06:00,2.8101,2.8116,2.8101,2.8111,2.8151,2.8166,2.8151,2.8161,9
2026-04-13 02:07:00,2.8101,2.8101,2.8096,2.8096,2.8151,2.8151,2.8146,2.8146,2
2026-04-13 02:09:00,2.8091,2.8091,2.8076,2.8086,2.8141,2.8141,2.8126,2.8136,11
2026-04-13 02:10:00,2.8081,2.8081,2.8056,2.8056,2.8131,2.8131,2.8106,2.8106,12
2026-04-13 02:11:00,2.8061,2.8066,2.8056,2.8061,2.8111,2.8116,2.8106,2.8111,9
2026-04-13 02:12:00,2.8056,2.8066,2.8056,2.8061,2.8106,2.8116,2.8106,2.8111,8
2026-04-13 02:13:00,2.8066,2.8066,2.8056,2.8061,2.8116,2.8116,2.8106,2.8111,4
2026-04-13 02:14:00,2.8056,2.8056,2.8036,2.8041,2.8106,2.8106,2.8086,2.8091,6
2026-04-13 02:15:00,2.8046,2.8051,2.8036,2.8051,2.8096,2.8101,2.8086,2.8101,11
2026-04-13 02:16:00,2.8056,2.8066,2.8051,2.8051,2.8106,2.8116,2.8101,2.8101,14
2026-04-13 02:17:00,2.8046,2.8056,2.8046,2.8051,2.8096,2.8106,2.8096,2.8101,4
2026-04-13 02:18:00,2.8046,2.8056,2.8046,2.8046,2.8096,2.8106,2.8096,2.8096,5
2026-04-13 02:19:00,2.8051,2.8051,2.8041,2.8041,2.8101,2.8101,2.8091,2.8091,4
2026-04-13 02:20:00,2.8046,2.8066,2.8041,2.8066,2.8096,2.8116,2.8091,2.8116,5
2026-04-13 02:21:00,2.8056,2.8061,2.8056,2.8061,2.8106,2.8111,2.8106,2.8111,2
2026-04-13 02:22:00,2.8066,2.8081,2.8066,2.8076,2.8116,2.8131,2.8116,2.8126,4
2026-04-13 02:23:00,2.8081,2.8081,2.8076,2.8076,2.8131,2.8131,2.8126,2.8126,2
2026-04-13 02:24:00,2.8071,2.8071,2.8066,2.8066,2.8121,2.8121,2.8116,2.8116,4
2026-04-13 02:25:00,2.8071,2.8076,2.8071,2.8071,2.8121,2.8126,2.8121,2.8121,3
2026-04-13 02:26:00,2.8076,2.8076,2.8071,2.8071,2.8126,2.8126,2.8121,2.8121,20
2026-04-13 02:27:00,2.8066,2.8066,2.8051,2.8051,2.8116,2.8116,2.8101,2.8101,2
2026-04-13 02:28:00,2.8041,2.8061,2.8041,2.8061,2.8091,2.8111,2.8091,2.8111,5
2026-04-13 02:29:00,2.8046,2.8051,2.8036,2.8051,2.8096,2.8101,2.8086,2.8101,5
2026-04-13 02:30:00,2.8056,2.8061,2.8056,2.8061,2.8106,2.8111,2.8106,2.8111,2
2026-04-13 02:31:00,2.8066,2.8066,2.8066,2.8066,2.8116,2.8116,2.8116,2.8116,1
2026-04-13 02:32:00,2.8061,2.8066,2.8061,2.8061,2.8111,2.8116,2.8111,2.8111,3
2026-04-13 02:34:00,2.8066,2.8066,2.8056,2.8056,2.8116,2.8116,2.8106,2.8106,2
2026-04-13 02:37:00,2.8061,2.8061,2.8056,2.8061,2.8111,2.8111,2.8106,2.8111,3
2026-04-13 02:39:00,2.8056,2.8056,2.8046,2.8051,2.8106,2.8106,2.8096,2.8101,6
2026-04-13 02:40:00,2.8046,2.8046,2.8036,2.8036,2.8096,2.8096,2.8086,2.8086,3
2026-04-13 02:41:00,2.8026,2.8026,2.7996,2.8006,2.8076,2.8076,2.8046,2.8056,20
2026-04-13 02:42:00,2.8001,2.8006,2.7996,2.8001,2.8051,2.8056,2.8046,2.8051,9
2026-04-13 02:43:00,2.7996,2.7996,2.7986,2.7996,2.8046,2.8046,2.8036,2.8046,4
2026-04-13 02:44:00,2.7991,2.8001,2.7991,2.7996,2.8041,2.8051,2.8041,2.8046,7
2026-04-13 02:45:00,2.7991,2.7996,2.7981,2.7981,2.8041,2.8046,2.8031,2.8031,9
2026-04-13 02:46:00,2.7986,2.8016,2.7986,2.7996,2.8036,2.8066,2.8036,2.8046,12
2026-04-13 02:47:00,2.8006,2.8006,2.7986,2.7986,2.8056,2.8056,2.8036,2.8036,5
2026-04-13 02:48:00,2.7981,2.7986,2.7981,2.7981,2.8031,2.8036,2.8031,2.8031,9
2026-04-13 02:49:00,2.7986,2.7986,2.7976,2.7976,2.8036,2.8036,2.8026,2.8026,5
2026-04-13 02:50:00,2.7981,2.7981,2.7946,2.7956,2.8031,2.8031,2.7996,2.8006,15
2026-04-13 02:51:00,2.7951,2.7956,2.7936,2.7936,2.8001,2.8006,2.7986,2.7986,11
2026-04-13 02:52:00,2.7926,2.7926,2.7921,2.7921,2.7976,2.7976,2.7971,2.7971,4
2026-04-13 02:53:00,2.7926,2.7926,2.7916,2.7926,2.7976,2.7976,2.7966,2.7976,13
2026-04-13 02:54:00,2.7921,2.7921,2.7901,2.7901,2.7971,2.7971,2.7951,2.7951,11
2026-04-13 02:55:00,2.7906,2.7916,2.7891,2.7906,2.7956,2.7966,2.7941,2.7956,11
2026-04-13 02:56:00,2.7901,2.7906,2.7891,2.7896,2.7951,2.7956,2.7941,2.7946,16
2026-04-13 02:57:00,2.7901,2.7901,2.7886,2.7891,2.7951,2.7951,2.7936,2.7941,11
2026-04-13 02:58:00,2.7896,2.7901,2.7886,2.7896,2.7946,2.7951,2.7936,2.7946,16
2026-04-13 02:59:00,2.7891,2.7891,2.7881,2.7881,2.7941,2.7941,2.7931,2.7931,15
2026-04-13 03:00:00,2.7876,2.7876,2.7836,2.7846,2.7926,2.7926,2.7886,2.7896,30
2026-04-13 03:01:00,2.7851,2.7856,2.7836,2.7851,2.7901,2.7906,2.7886,2.7901,17
2026-04-13 03:02:00,2.7846,2.7866,2.7846,2.7856,2.7896,2.7916,2.7896,2.7906,20
2026-04-13 03:03:00,2.7846,2.7856,2.7846,2.7851,2.7896,2.7906,2.7896,2.7901,11
2026-04-13 03:04:00,2.7846,2.7861,2.7836,2.7846,2.7896,2.7911,2.7886,2.7896,16
2026-04-13 03:05:00,2.7836,2.7876,2.7836,2.7876,2.7886,2.7926,2.7886,2.7926,13
2026-04-13 03:06:00,2.7866,2.7871,2.7861,2.7871,2.7916,2.7921,2.7911,2.7921,8
2026-04-13 03:07:00,2.7866,2.7866,2.7851,2.7851,2.7916,2.7916,2.7901,2.7901,10
2026-04-13 03:08:00,2.7841,2.7851,2.7841,2.7851,2.7891,2.7901,2.7891,2.7901,8
2026-04-13 03:09:00,2.7846,2.7856,2.7841,2.7841,2.7896,2.7906,2.7891,2.7891,13
2026-04-13 03:10:00,2.7846,2.7861,2.7841,2.7846,2.7896,2.7911,2.7891,2.7896,31
2026-04-13 03:11:00,2.7851,2.7866,2.7841,2.7851,2.7901,2.7916,2.7891,2.7901,17
2026-04-13 03:12:00,2.7841,2.7851,2.7831,2.7851,2.7891,2.7901,2.7881,2.7901,20
2026-04-13 03:13:00,2.7856,2.7861,2.7841,2.7856,2.7906,2.7911,2.7891,2.7906,9
2026-04-13 03:14:00,2.7861,2.7866,2.7851,2.7861,2.7911,2.7916,2.7901,2.7911,12
2026-04-13 03:15:00,2.7856,2.7856,2.7851,2.7851,2.7906,2.7906,2.7901,2.7901,4
2026-04-13 03:16:00,2.7846,2.7851,2.7841,2.7841,2.7896,2.7901,2.7891,2.7891,4
2026-04-13 03:17:00,2.7836,2.7851,2.7836,2.7841,2.7886,2.7901,2.7886,2.7891,15
2026-04-13 03:18:00,2.7851,2.7851,2.7851,2.7851,2.7901,2.7901,2.7901,2.7901,1
2026-04-13 03:19:00,2.7846,2.7846,2.7841,2.7841,2.7896,2.7896,2.7891,2.7891,8
2026-04-13 03:20:00,2.7851,2.7916,2.7851,2.7896,2.7901,2.7966,2.7901,2.7946,23
2026-04-13 03:21:00,2.7891,2.7901,2.7891,2.7901,2.7941,2.7951,2.7941,2.7951,2
2026-04-13 03:22:00,2.7896,2.7906,2.7896,2.7906,2.7946,2.7956,2.7946,2.7956,5
2026-04-13 03:23:00,2.7911,2.7926,2.7911,2.7916,2.7961,2.7976,2.7961,2.7966,10
2026-04-13 03:25:00,2.7926,2.7936,2.7921,2.7931,2.7976,2.7986,2.7971,2.7981,6
2026-04-13 03:26:00,2.7926,2.7936,2.7926,2.7931,2.7976,2.7986,2.7976,2.7981,14
2026-04-13 03:27:00,2.7936,2.7946,2.7926,2.7931,2.7986,2.7996,2.7976,2.7981,17
2026-04-13 03:28:00,2.7926,2.7931,2.7921,2.7931,2.7976,2.7981,2.7971,2.7981,10
2026-04-13 03:29:00,2.7926,2.7936,2.7926,2.7936,2.7976,2.7986,2.7976,2.7986,16
2026-04-13 03:30:00,2.7931,2.7936,2.7926,2.7936,2.7981,2.7986,2.7976,2.7986,4
2026-04-13 03:31:00,2.7926,2.7926,2.7916,2.7916,2.7976,2.7976,2.7966,2.7966,3
2026-04-13 03:32:00,2.7921,2.7926,2.7921,2.7926,2.7971,2.7976,2.7971,2.7976,2
2026-04-13 03:33:00,2.7911,2.7926,2.7906,2.7906,2.7961,2.7976,2.7956,2.7956,11
2026-04-13 03:34:00,2.7916,2.7921,2.7906,2.7906,2.7966,2.7971,2.7956,2.7956,4
2026-04-13 03:35:00,2.7911,2.7926,2.7911,2.7926,2.7961,2.7976,2.7961,2.7976,5
2026-04-13 03:36:00,2.7936,2.7936,2.7931,2.7936,2.7986,2.7986,2.7981,2.7986,3
2026-04-13 03:37:00,2.7931,2.7936,2.7931,2.7936,2.7981,2.7986,2.7981,2.7986,2
2026-04-13 03:39:00,2.7941,2.7946,2.7941,2.7941,2.7991,2.7996,2.7991,2.7991,3
2026-04-13 03:40:00,2.7946,2.7946,2.7936,2.7941,2.7996,2.7996,2.7986,2.7991,4
2026-04-13 03:41:00,2.7946,2.7946,2.7946,2.7946,2.7996,2.7996,2.7996,2.7996,1
2026-04-13 03:42:00,2.7936,2.7946,2.7936,2.7946,2.7986,2.7996,2.7986,2.7996,2
2026-04-13 03:43:00,2.7951,2.7956,2.7946,2.7946,2.8001,2.8006,2.7996,2.7996,7
2026-04-13 03:44:00,2.7951,2.7951,2.7946,2.7951,2.8001,2.8001,2.7996,2.8001,7
2026-04-13 03:45:00,2.7946,2.7946,2.7941,2.7941,2.7996,2.7996,2.7991,2.7991,2
2026-04-13 03:46:00,2.7946,2.7956,2.7946,2.7956,2.7996,2.8006,2.7996,2.8006,4
2026-04-13 03:47:00,2.7951,2.7951,2.7946,2.7946,2.8001,2.8001,2.7996,2.7996,2
2026-04-13 03:48:00,2.7941,2.7946,2.7936,2.7946,2.7991,2.7996,2.7986,2.7996,4
2026-04-13 03:49:00,2.7941,2.7946,2.7936,2.7946,2.7991,2.7996,2.7986,2.7996,6
2026-04-13 03:50:00,2.7951,2.7951,2.7951,2.7951,2.8001,2.8001,2.8001,2.8001,1
2026-04-13 03:51:00,2.7956,2.7966,2.7951,2.7956,2.8006,2.8016,2.8001,2.8006,5
2026-04-13 03:52:00,2.7951,2.7951,2.7946,2.7946,2.8001,2.8001,2.7996,2.7996,2
2026-04-13 03:53:00,2.7941,2.7941,2.7941,2.7941,2.7991,2.7991,2.7991,2.7991,1
2026-04-13 03:55:00,2.7926,2.7926,2.7916,2.7921,2.7976,2.7976,2.7966,2.7971,11
2026-04-13 03:56:00,2.7916,2.7926,2.7916,2.7926,2.7966,2.7976,2.7966,2.7976,2
2026-04-13 03:59:00,2.7916,2.7926,2.7916,2.7921,2.7966,2.7976,2.7966,2.7971,4
2026-04-13 04:00:00,2.7916,2.7926,2.7916,2.7926,2.7966,2.7976,2.7966,2.7976,3
2026-04-13 04:01:00,2.7921,2.7926,2.7921,2.7926,2.7971,2.7976,2.7971,2.7976,4
2026-04-13 04:05:00,2.7916,2.7921,2.7916,2.7916,2.7966,2.7971,2.7966,2.7966,3
2026-04-13 04:06:00,2.7921,2.7921,2.7921,2.7921,2.7971,2.7971,2.7971,2.7971,1
2026-04-13 04:07:00,2.7926,2.7926,2.7926,2.7926,2.7976,2.7976,2.7976,2.7976,1
2026-04-13 04:10:00,2.7916,2.7926,2.7916,2.7926,2.7966,2.7976,2.7966,2.7976,2
2026-04-13 04:12:00,2.7916,2.7926,2.7916,2.7926,2.7966,2.7976,2.7966,2.7976,3
2026-04-13 04:23:00,2.7916,2.7926,2.7916,2.7926,2.7966,2.7976,2.7966,2.7976,3
2026-04-13 04:24:00,2.7921,2.7926,2.7916,2.7926,2.7971,2.7976,2.7966,2.7976,3
2026-04-13 04:25:00,2.7921,2.7926,2.7916,2.7926,2.7971,2.7976,2.7966,2.7976,3
2026-04-13 04:29:00,2.7916,2.7926,2.7916,2.7926,2.7966,2.7976,2.7966,2.7976,3
2026-04-13 04:30:00,2.7921,2.7926,2.7921,2.7921,2.7971,2.7976,2.7971,2.7971,3
2026-04-13 04:31:00,2.7916,2.7921,2.7916,2.7921,2.7966,2.7971,2.7966,2.7971,2
2026-04-13 04:32:00,2.7916,2.7921,2.7916,2.7921,2.7966,2.7971,2.7966,2.7971,2
2026-04-13 04:33:00,2.7926,2.7926,2.7926,2.7926,2.7976,2.7976,2.7976,2.7976,1
2026-04-13 04:55:00,2.7921,2.7926,2.7916,2.7916,2.7971,2.7976,2.7966,2.7966,4
2026-04-13 04:58:00,2.7906,2.7916,2.7906,2.7911,2.7956,2.7966,2.7956,2.7961,3
2026-04-13 04:59:00,2.7916,2.7916,2.7916,2.7916,2.7966,2.7966,2.7966,2.7966,1
2026-04-13 05:00:00,2.7906,2.7916,2.7906,2.7916,2.7956,2.7966,2.7956,2.7966,2
2026-04-13 05:04:00,2.7921,2.7926,2.7916,2.7916,2.7971,2.7976,2.7966,2.7966,3
2026-04-13 05:05:00,2.7926,2.7926,2.7921,2.7921,2.7976,2.7976,2.7971,2.7971,2
2026-04-13 05:07:00,2.7916,2.7916,2.7906,2.7906,2.7966,2.7966,2.7956,2.7956,2
2026-04-13 05:08:00,2.7911,2.7911,2.7911,2.7911,2.7961,2.7961,2.7961,2.7961,1
2026-04-13 05:10:00,2.7916,2.7916,2.7911,2.7911,2.7966,2.7966,2.7961,2.7961,2
2026-04-13 05:11:00,2.7906,2.7906,2.7906,2.7906,2.7956,2.7956,2.7956,2.7956,1
2026-04-13 05:12:00,2.7911,2.7916,2.7911,2.7916,2.7961,2.7966,2.7961,2.7966,2
2026-04-13 05:14:00,2.7921,2.7921,2.7916,2.7916,2.7971,2.7971,2.7966,2.7966,4
2026-04-13 05:15:00,2.7921,2.7921,2.7916,2.7916,2.7971,2.7971,2.7966,2.7966,4
2026-04-13 05:16:00,2.7921,2.7921,2.7916,2.7916,2.7971,2.7971,2.7966,2.7966,4
2026-04-13 05:17:00,2.7921,2.7921,2.7916,2.7921,2.7971,2.7971,2.7966,2.7971,3
2026-04-13 05:18:00,2.7916,2.7916,2.7906,2.7906,2.7966,2.7966,2.7956,2.7956,2
2026-04-13 05:19:00,2.7911,2.7911,2.7896,2.7911,2.7961,2.7961,2.7946,2.7961,5
2026-04-13 05:20:00,2.7906,2.7906,2.7906,2.7906,2.7956,2.7956,2.7956,2.7956,1
2026-04-13 05:24:00,2.7896,2.7896,2.7886,2.7886,2.7946,2.7946,2.7936,2.7936,3
2026-04-13 05:25:00,2.7891,2.7891,2.7886,2.7891,2.7941,2.7941,2.7936,2.7941,3
2026-04-13 05:26:00,2.7896,2.7896,2.7896,2.7896,2.7946,2.7946,2.7946,2.7946,1
2026-04-13 05:27:00,2.7891,2.7891,2.7886,2.7891,2.7941,2.7941,2.7936,2.7941,3
2026-04-13 05:28:00,2.7886,2.7891,2.7886,2.7886,2.7936,2.7941,2.7936,2.7936,3
2026-04-13 05:29:00,2.7891,2.7896,2.7891,2.7896,2.7941,2.7946,2.7941,2.7946,2
2026-04-13 05:30:00,2.7886,2.7886,2.7806,2.7816,2.7936,2.7936,2.7856,2.7866,37
2026-04-13 05:31:00,2.7806,2.7806,2.7786,2.7796,2.7856,2.7856,2.7836,2.7846,14
2026-04-13 05:32:00,2.7806,2.7826,2.7806,2.7826,2.7856,2.7876,2.7856,2.7876,3
2026-04-13 05:33:00,2.7836,2.7836,2.7826,2.7826,2.7886,2.7886,2.7876,2.7876,8
2026-04-13 05:34:00,2.7816,2.7816,2.7816,2.7816,2.7866,2.7866,2.7866,2.7866,1
2026-04-13 05:35:00,2.7821,2.7821,2.7816,2.7816,2.7871,2.7871,2.7866,2.7866,4
2026-04-13 05:36:00,2.7826,2.7831,2.7826,2.7831,2.7876,2.7881,2.7876,2.7881,2
2026-04-13 05:37:00,2.7836,2.7846,2.7836,2.7846,2.7886,2.7896,2.7886,2.7896,4
2026-04-13 05:38:00,2.7851,2.7856,2.7836,2.7836,2.7901,2.7906,2.7886,2.7886,5
2026-04-13 05:39:00,2.7831,2.7846,2.7831,2.7841,2.7881,2.7896,2.7881,2.7891,8
2026-04-13 05:40:00,2.7836,2.7841,2.7831,2.7831,2.7886,2.7891,2.7881,2.7881,26
2026-04-13 05:41:00,2.7826,2.7836,2.7826,2.7826,2.7876,2.7886,2.7876,2.7876,9
2026-04-13 05:42:00,2.7831,2.7841,2.7826,2.7836,2.7881,2.7891,2.7876,2.7886,6
2026-04-13 05:43:00,2.7831,2.7836,2.7826,2.7836,2.7881,2.7886,2.7876,2.7886,6
2026-04-13 05:44:00,2.7826,2.7836,2.7826,2.7836,2.7876,2.7886,2.7876,2.7886,3
2026-04-13 05:45:00,2.7831,2.7841,2.7826,2.7826,2.7881,2.7891,2.7876,2.7876,9
2026-04-13 05:46:00,2.7831,2.7831,2.7776,2.7796,2.7881,2.7881,2.7826,2.7846,28
2026-04-13 05:47:00,2.7791,2.7806,2.7791,2.7801,2.7841,2.7856,2.7841,2.7851,18
2026-04-13 05:48:00,2.7796,2.7816,2.7791,2.7816,2.7846,2.7866,2.7841,2.7866,21
2026-04-13 05:49:00,2.7811,2.7811,2.7806,2.7806,2.7861,2.7861,2.7856,2.7856,4
2026-04-13 05:50:00,2.7801,2.7801,2.7776,2.7786,2.7851,2.7851,2.7826,2.7836,6
2026-04-13 05:51:00,2.7796,2.7796,2.7796,2.7796,2.7846,2.7846,2.7846,2.7846,1
2026-04-13 05:53:00,2.7791,2.7796,2.7776,2.7796,2.7841,2.7846,2.7826,2.7846,7
2026-04-13 05:54:00,2.7801,2.7806,2.7796,2.7806,2.7851,2.7856,2.7846,2.7856,5
2026-04-13 05:57:00,2.7816,2.7816,2.7816,2.7816,2.7866,2.7866,2.7866,2.7866,1
2026-04-13 05:58:00,2.7821,2.7821,2.7816,2.7816,2.7871,2.7871,2.7866,2.7866,2
2026-04-13 05:59:00,2.7826,2.7826,2.7826,2.7826,2.7876,2.7876,2.7876,2.7876,1
2026-04-13 06:02:00,2.7821,2.7821,2.7781,2.7786,2.7871,2.7871,2.7831,2.7836,11
2026-04-13 06:03:00,2.7781,2.7786,2.7781,2.7786,2.7831,2.7836,2.7831,2.7836,2
2026-04-13 06:04:00,2.7796,2.7796,2.7776,2.7786,2.7846,2.7846,2.7826,2.7836,22
2026-04-13 06:05:00,2.7781,2.7786,2.7776,2.7786,2.7831,2.7836,2.7826,2.7836,14
2026-04-13 06:06:00,2.7796,2.7796,2.7786,2.7786,2.7846,2.7846,2.7836,2.7836,8
2026-04-13 06:07:00,2.7781,2.7796,2.7781,2.7786,2.7831,2.7846,2.7831,2.7836,14
2026-04-13 06:08:00,2.7791,2.7791,2.7786,2.7786,2.7841,2.7841,2.7836,2.7836,2
2026-04-13 06:10:00,2.7791,2.7796,2.7786,2.7786,2.7841,2.7846,2.7836,2.7836,8
2026-04-13 06:11:00,2.7791,2.7796,2.7791,2.7796,2.7841,2.7846,2.7841,2.7846,2
2026-04-13 06:12:00,2.7786,2.7796,2.7786,2.7796,2.7836,2.7846,2.7836,2.7846,2
2026-04-13 06:15:00,2.7791,2.7806,2.7791,2.7806,2.7841,2.7856,2.7841,2.7856,11
2026-04-13 06:16:00,2.7796,2.7806,2.7776,2.7776,2.7846,2.7856,2.7826,2.7826,12
2026-04-13 06:17:00,2.7781,2.7781,2.7776,2.7781,2.7831,2.7831,2.7826,2.7831,9
2026-04-13 06:18:00,2.7786,2.7786,2.7776,2.7776,2.7836,2.7836,2.7826,2.7826,2
2026-04-13 06:19:00,2.7766,2.7776,2.7766,2.7776,2.7816,2.7826,2.7816,2.7826,5
2026-04-13 06:20:00,2.7771,2.7776,2.7766,2.7766,2.7821,2.7826,2.7816,2.7816,15
2026-04-13 06:21:00,2.7771,2.7786,2.7771,2.7776,2.7821,2.7836,2.7821,2.7826,5
2026-04-13 06:22:00,2.7786,2.7786,2.7776,2.7786,2.7836,2.7836,2.7826,2.7836,9
2026-04-13 06:23:00,2.7776,2.7791,2.7776,2.7786,2.7826,2.7841,2.7826,2.7836,13
2026-04-13 06:24:00,2.7796,2.7796,2.7781,2.7786,2.7846,2.7846,2.7831,2.7836,14
2026-04-13 06:25:00,2.7776,2.7776,2.7766,2.7766,2.7826,2.7826,2.7816,2.7816,5
2026-04-13 06:27:00,2.7771,2.7776,2.7766,2.7766,2.7821,2.7826,2.7816,2.7816,3
2026-04-13 06:28:00,2.7756,2.7766,2.7756,2.7756,2.7806,2.7816,2.7806,2.7806,8
2026-04-13 06:29:00,2.7761,2.7761,2.7756,2.7761,2.7811,2.7811,2.7806,2.7811,3
2026-04-13 06:30:00,2.7766,2.7766,2.7756,2.7756,2.7816,2.7816,2.7806,2.7806,5
2026-04-13 06:31:00,2.7761,2.7761,2.7756,2.7756,2.7811,2.7811,2.7806,2.7806,20
2026-04-13 06:32:00,2.7751,2.7756,2.7751,2.7756,2.7801,2.7806,2.7801,2.7806,8
2026-04-13 06:33:00,2.7761,2.7766,2.7761,2.7761,2.7811,2.7816,2.7811,2.7811,3
2026-04-13 06:34:00,2.7766,2.7766,2.7751,2.7761,2.7816,2.7816,2.7801,2.7811,11
2026-04-13 06:35:00,2.7766,2.7766,2.7761,2.7761,2.7816,2.7816,2.7811,2.7811,20
2026-04-13 06:36:00,2.7766,2.7766,2.7761,2.7766,2.7816,2.7816,2.7811,2.7816,11
2026-04-13 06:37:00,2.7761,2.7766,2.7761,2.7766,2.7811,2.7816,2.7811,2.7816,12
2026-04-13 06:39:00,2.7761,2.7761,2.7756,2.7761,2.7811,2.7811,2.7806,2.7811,3
2026-04-13 06:40:00,2.7766,2.7766,2.7756,2.7756,2.7816,2.7816,2.7806,2.7806,7
2026-04-13 06:41:00,2.7761,2.7761,2.7746,2.7746,2.7811,2.7811,2.7796,2.7796,4
2026-04-13 06:42:00,2.7751,2.7751,2.7746,2.7746,2.7801,2.7801,2.7796,2.7796,2
2026-04-13 06:43:00,2.7736,2.7746,2.7736,2.7746,2.7786,2.7796,2.7786,2.7796,2
2026-04-13 06:44:00,2.7751,2.7756,2.7746,2.7746,2.7801,2.7806,2.7796,2.7796,4
2026-04-13 06:45:00,2.7741,2.7746,2.7741,2.7746,2.7791,2.7796,2.7791,2.7796,2
2026-04-13 06:47:00,2.7756,2.7756,2.7746,2.7751,2.7806,2.7806,2.7796,2.7801,5
2026-04-13 06:48:00,2.7746,2.7746,2.7746,2.7746,2.7796,2.7796,2.7796,2.7796,1
2026-04-13 06:49:00,2.7751,2.7751,2.7751,2.7751,2.7801,2.7801,2.7801,2.7801,1
2026-04-13 06:50:00,2.7756,2.7756,2.7756,2.7756,2.7806,2.7806,2.7806,2.7806,1
2026-04-13 06:53:00,2.7761,2.7766,2.7756,2.7756,2.7811,2.7816,2.7806,2.7806,4
2026-04-13 06:54:00,2.7766,2.7766,2.7751,2.7756,2.7816,2.7816,2.7801,2.7806,6
2026-04-13 06:55:00,2.7751,2.7751,2.7741,2.7751,2.7801,2.7801,2.7791,2.7801,4
2026-04-13 06:56:00,2.7741,2.7751,2.7741,2.7746,2.7791,2.7801,2.7791,2.7796,4
2026-04-13 06:57:00,2.7751,2.7751,2.7746,2.7751,2.7801,2.7801,2.7796,2.7801,3
2026-04-13 06:58:00,2.7756,2.7781,2.7751,2.7781,2.7806,2.7831,2.7801,2.7831,10
2026-04-13 06:59:00,2.7786,2.7786,2.7786,2.7786,2.7836,2.7836,2.7836,2.7836,1
2026-04-13 07:00:00,2.7791,2.7791,2.7776,2.7786,2.7841,2.7841,2.7826,2.7836,4
2026-04-13 07:01:00,2.7791,2.7801,2.7786,2.7796,2.7841,2.7851,2.7836,2.7846,9
2026-04-13 07:02:00,2.7801,2.7806,2.7796,2.7796,2.7851,2.7856,2.7846,2.7846,7
2026-04-13 07:03:00,2.7801,2.7816,2.7796,2.7806,2.7851,2.7866,2.7846,2.7856,11
2026-04-13 07:04:00,2.7811,2.7816,2.7806,2.7806,2.7861,2.7866,2.7856,2.7856,4
2026-04-13 07:05:00,2.7796,2.7796,2.7796,2.7796,2.7846,2.7846,2.7846,2.7846,1
2026-04-13 07:06:00,2.7791,2.7796,2.7786,2.7791,2.7841,2.7846,2.7836,2.7841,4
2026-04-13 07:07:00,2.7786,2.7796,2.7786,2.7796,2.7836,2.7846,2.7836,2.7846,4
2026-04-13 07:08:00,2.7791,2.7796,2.7791,2.7796,2.7841,2.7846,2.7841,2.7846,2
2026-04-13 07:09:00,2.7801,2.7801,2.7796,2.7796,2.7851,2.7851,2.7846,2.7846,2
2026-04-13 07:10:00,2.7801,2.7806,2.7791,2.7796,2.7851,2.7856,2.7841,2.7846,11
2026-04-13 07:11:00,2.7791,2.7796,2.7791,2.7796,2.7841,2.7846,2.7841,2.7846,2
2026-04-13 07:12:00,2.7801,2.7806,2.7786,2.7791,2.7851,2.7856,2.7836,2.7841,11
2026-04-13 07:13:00,2.7796,2.7796,2.7786,2.7796,2.7846,2.7846,2.7836,2.7846,9
2026-04-13 07:14:00,2.7806,2.7816,2.7796,2.7806,2.7856,2.7866,2.7846,2.7856,7
2026-04-13 07:15:00,2.7811,2.7811,2.7806,2.7806,2.7861,2.7861,2.7856,2.7856,4
2026-04-13 07:16:00,2.7811,2.7816,2.7811,2.7816,2.7861,2.7866,2.7861,2.7866,2
2026-04-13 07:17:00,2.7826,2.7826,2.7801,2.7806,2.7876,2.7876,2.7851,2.7856,5
2026-04-13 07:20:00,2.7811,2.7816,2.7806,2.7806,2.7861,2.7866,2.7856,2.7856,3
2026-04-13 07:22:00,2.7796,2.7796,2.7796,2.7796,2.7846,2.7846,2.7846,2.7846,1
2026-04-13 07:23:00,2.7791,2.7796,2.7791,2.7791,2.7841,2.7846,2.7841,2.7841,3
2026-04-13 07:24:00,2.7796,2.7796,2.7786,2.7791,2.7846,2.7846,2.7836,2.7841,4
2026-04-13 07:25:00,2.7786,2.7786,2.7786,2.7786,2.7836,2.7836,2.7836,2.7836,1
2026-04-13 07:26:00,2.7791,2.7791,2.7791,2.7791,2.7841,2.7841,2.7841,2.7841,1
2026-04-13 07:27:00,2.7796,2.7796,2.7776,2.7776,2.7846,2.7846,2.7826,2.7826,5
2026-04-13 07:28:00,2.7786,2.7786,2.7781,2.7781,2.7836,2.7836,2.7831,2.7831,4
2026-04-13 07:29:00,2.7776,2.7786,2.7766,2.7776,2.7826,2.7836,2.7816,2.7826,5
2026-04-13 07:30:00,2.7771,2.7786,2.7771,2.7786,2.7821,2.7836,2.7821,2.7836,5
2026-04-13 07:31:00,2.7796,2.7806,2.7796,2.7806,2.7846,2.7856,2.7846,2.7856,3
2026-04-13 07:33:00,2.7796,2.7801,2.7796,2.7801,2.7846,2.7851,2.7846,2.7851,2
2026-04-13 07:34:00,2.7791,2.7801,2.7791,2.7796,2.7841,2.7851,2.7841,2.7846,7
2026-04-13 07:35:00,2.7791,2.7801,2.7786,2.7796,2.7841,2.7851,2.7836,2.7846,6
2026-04-13 07:36:00,2.7801,2.7806,2.7796,2.7801,2.7851,2.7856,2.7846,2.7851,4
2026-04-13 07:37:00,2.7806,2.7816,2.7806,2.7816,2.7856,2.7866,2.7856,2.7866,4
2026-04-13 07:38:00,2.7811,2.7826,2.7811,2.7816,2.7861,2.7876,2.7861,2.7866,9
2026-04-13 07:39:00,2.7826,2.7826,2.7811,2.7811,2.7876,2.7876,2.7861,2.7861,5
2026-04-13 07:40:00,2.7806,2.7806,2.7796,2.7796,2.7856,2.7856,2.7846,2.7846,2
2026-04-13 07:41:00,2.7801,2.7801,2.7796,2.7796,2.7851,2.7851,2.7846,2.7846,2
2026-04-13 07:42:00,2.7791,2.7791,2.7771,2.7786,2.7841,2.7841,2.7821,2.7836,9
2026-04-13 07:43:00,2.7781,2.7786,2.7781,2.7786,2.7831,2.7836,2.7831,2.7836,4
2026-04-13 07:47:00,2.7796,2.7796,2.7786,2.7791,2.7846,2.7846,2.7836,2.7841,3
2026-04-13 07:48:00,2.7796,2.7796,2.7786,2.7791,2.7846,2.7846,2.7836,2.7841,4
2026-04-13 07:49:00,2.7796,2.7806,2.7796,2.7806,2.7846,2.7856,2.7846,2.7856,3
2026-04-13 07:50:00,2.7816,2.7826,2.7816,2.7826,2.7866,2.7876,2.7866,2.7876,5
2026-04-13 07:51:00,2.7821,2.7821,2.7811,2.7811,2.7871,2.7871,2.7861,2.7861,3
2026-04-13 07:52:00,2.7816,2.7816,2.7806,2.7811,2.7866,2.7866,2.7856,2.7861,5
2026-04-13 07:53:00,2.7806,2.7811,2.7806,2.7811,2.7856,2.7861,2.7856,2.7861,2
2026-04-13 07:54:00,2.7806,2.7816,2.7806,2.7811,2.7856,2.7866,2.7856,2.7861,6
2026-04-13 07:55:00,2.7816,2.7821,2.7806,2.7821,2.7866,2.7871,2.7856,2.7871,7
2026-04-13 07:56:00,2.7816,2.7816,2.7806,2.7811,2.7866,2.7866,2.7856,2.7861,7
2026-04-13 07:57:00,2.7816,2.7821,2.7806,2.7816,2.7866,2.7871,2.7856,2.7866,7
2026-04-13 07:58:00,2.7821,2.7836,2.7821,2.7836,2.7871,2.7886,2.7871,2.7886,8
2026-04-13 07:59:00,2.7841,2.7846,2.7841,2.7846,2.7891,2.7896,2.7891,2.7896,2
2026-04-13 08:00:00,2.7841,2.7861,2.7836,2.7841,2.7891,2.7911,2.7886,2.7891,19
2026-04-13 08:01:00,2.7836,2.7876,2.7836,2.7866,2.7886,2.7926,2.7886,2.7916,10
2026-04-13 08:02:00,2.7856,2.7866,2.7851,2.7856,2.7906,2.7916,2.7901,2.7906,12
2026-04-13 08:03:00,2.7846,2.7851,2.7836,2.7851,2.7896,2.7901,2.7886,2.7901,11
2026-04-13 08:04:00,2.7856,2.7856,2.7846,2.7846,2.7906,2.7906,2.7896,2.7896,3
2026-04-13 08:05:00,2.7851,2.7866,2.7851,2.7866,2.7901,2.7916,2.7901,2.7916,3
2026-04-13 08:06:00,2.7861,2.7861,2.7856,2.7861,2.7911,2.7911,2.7906,2.7911,3
2026-04-13 08:07:00,2.7856,2.7861,2.7856,2.7861,2.7906,2.7911,2.7906,2.7911,4
2026-04-13 08:08:00,2.7856,2.7866,2.7856,2.7866,2.7906,2.7916,2.7906,2.7916,2
2026-04-13 08:09:00,2.7871,2.7871,2.7846,2.7856,2.7921,2.7921,2.7896,2.7906,15
2026-04-13 08:10:00,2.7851,2.7866,2.7851,2.7856,2.7901,2.7916,2.7901,2.7906,8
2026-04-13 08:11:00,2.7861,2.7861,2.7856,2.7856,2.7911,2.7911,2.7906,2.7906,6
2026-04-13 08:12:00,2.7851,2.7866,2.7851,2.7866,2.7901,2.7916,2.7901,2.7916,5
2026-04-13 08:13:00,2.7861,2.7876,2.7861,2.7871,2.7911,2.7926,2.7911,2.7921,8
2026-04-13 08:14:00,2.7866,2.7866,2.7866,2.7866,2.7916,2.7916,2.7916,2.7916,1
2026-04-13 08:15:00,2.7861,2.7866,2.7861,2.7861,2.7911,2.7916,2.7911,2.7911,3
2026-04-13 08:16:00,2.7851,2.7866,2.7851,2.7866,2.7901,2.7916,2.7901,2.7916,5
2026-04-13 08:17:00,2.7871,2.7876,2.7866,2.7866,2.7921,2.7926,2.7916,2.7916,3
2026-04-13 08:18:00,2.7861,2.7866,2.7856,2.7856,2.7911,2.7916,2.7906,2.7906,11
2026-04-13 08:19:00,2.7861,2.7866,2.7856,2.7866,2.7911,2.7916,2.7906,2.7916,3
2026-04-13 08:20:00,2.7876,2.7876,2.7866,2.7866,2.7926,2.7926,2.7916,2.7916,4
2026-04-13 08:21:00,2.7856,2.7866,2.7836,2.7836,2.7906,2.7916,2.7886,2.7886,6
2026-04-13 08:22:00,2.7831,2.7836,2.7826,2.7826,2.7881,2.7886,2.7876,2.7876,6
2026-04-13 08:23:00,2.7816,2.7816,2.7811,2.7811,2.7866,2.7866,2.7861,2.7861,2
2026-04-13 08:24:00,2.7806,2.7831,2.7806,2.7816,2.7856,2.7881,2.7856,2.7866,9
2026-04-13 08:25:00,2.7821,2.7821,2.7811,2.7821,2.7871,2.7871,2.7861,2.7871,7
2026-04-13 08:26:00,2.7811,2.7826,2.7811,2.7816,2.7861,2.7876,2.7861,2.7866,7
2026-04-13 08:27:00,2.7821,2.7821,2.7816,2.7821,2.7871,2.7871,2.7866,2.7871,3
2026-04-13 08:28:00,2.7816,2.7816,2.7816,2.7816,2.7866,2.7866,2.7866,2.7866,1
2026-04-13 08:29:00,2.7811,2.7816,2.7806,2.7816,2.7861,2.7866,2.7856,2.7866,6
2026-04-13 08:30:00,2.7821,2.7826,2.7806,2.7806,2.7871,2.7876,2.7856,2.7856,5
2026-04-13 08:31:00,2.7811,2.7826,2.7811,2.7821,2.7861,2.7876,2.7861,2.7871,7
2026-04-13 08:32:00,2.7826,2.7831,2.7821,2.7821,2.7876,2.7881,2.7871,2.7871,10
2026-04-13 08:33:00,2.7826,2.7826,2.7826,2.7826,2.7876,2.7876,2.7876,2.7876,1
2026-04-13 08:34:00,2.7821,2.7821,2.7806,2.7811,2.7871,2.7871,2.7856,2.7861,4
2026-04-13 08:35:00,2.7801,2.7801,2.7801,2.7801,2.7851,2.7851,2.7851,2.7851,1
2026-04-13 08:36:00,2.7791,2.7811,2.7786,2.7811,2.7841,2.7861,2.7836,2.7861,10
2026-04-13 08:37:00,2.7816,2.7821,2.7816,2.7821,2.7866,2.7871,2.7866,2.7871,2
2026-04-13 08:38:00,2.7816,2.7816,2.7796,2.7796,2.7866,2.7866,2.7846,2.7846,11
2026-04-13 08:39:00,2.7801,2.7801,2.7796,2.7796,2.7851,2.7851,2.7846,2.7846,2
2026-04-13 08:40:00,2.7791,2.7806,2.7791,2.7801,2.7841,2.7856,2.7841,2.7851,7
2026-04-13 08:41:00,2.7796,2.7806,2.7796,2.7806,2.7846,2.7856,2.7846,2.7856,5
2026-04-13 08:42:00,2.7801,2.7806,2.7791,2.7801,2.7851,2.7856,2.7841,2.7851,8
2026-04-13 08:43:00,2.7806,2.7806,2.7806,2.7806,2.7856,2.7856,2.7856,2.7856,1
2026-04-13 08:44:00,2.7801,2.7801,2.7781,2.7781,2.7851,2.7851,2.7831,2.7831,4
2026-04-13 08:45:00,2.7776,2.7786,2.7771,2.7776,2.7826,2.7836,2.7821,2.7826,12
2026-04-13 08:46:00,2.7786,2.7786,2.7726,2.7736,2.7836,2.7836,2.7776,2.7786,25
2026-04-13 08:47:00,2.7741,2.7756,2.7741,2.7746,2.7791,2.7806,2.7791,2.7796,8
2026-04-13 08:48:00,2.7756,2.7756,2.7746,2.7756,2.7806,2.7806,2.7796,2.7806,12
2026-04-13 08:49:00,2.7751,2.7756,2.7751,2.7756,2.7801,2.7806,2.7801,2.7806,2
2026-04-13 08:51:00,2.7746,2.7756,2.7746,2.7756,2.7796,2.7806,2.7796,2.7806,2
2026-04-13 08:53:00,2.7751,2.7751,2.7746,2.7746,2.7801,2.7801,2.7796,2.7796,2
2026-04-13 08:54:00,2.7736,2.7756,2.7736,2.7756,2.7786,2.7806,2.7786,2.7806,3
2026-04-13 08:56:00,2.7771,2.7781,2.7761,2.7766,2.7821,2.7831,2.7811,2.7816,8
2026-04-13 08:57:00,2.7761,2.7766,2.7756,2.7756,2.7811,2.7816,2.7806,2.7806,3
2026-04-13 08:58:00,2.7766,2.7771,2.7766,2.7766,2.7816,2.7821,2.7816,2.7816,3
2026-04-13 08:59:00,2.7771,2.7781,2.7771,2.7781,2.7821,2.7831,2.7821,2.7831,3
2026-04-13 09:00:00,2.7776,2.7781,2.7751,2.7776,2.7826,2.7831,2.7801,2.7826,18
2026-04-13 09:01:00,2.7771,2.7801,2.7771,2.7801,2.7821,2.7851,2.7821,2.7851,14
2026-04-13 09:02:00,2.7796,2.7806,2.7786,2.7791,2.7846,2.7856,2.7836,2.7841,13
2026-04-13 09:03:00,2.7796,2.7806,2.7786,2.7801,2.7846,2.7856,2.7836,2.7851,10
2026-04-13 09:04:00,2.7796,2.7816,2.7791,2.7796,2.7846,2.7866,2.7841,2.7846,12
2026-04-13 09:06:00,2.7806,2.7816,2.7806,2.7811,2.7856,2.7866,2.7856,2.7861,13
2026-04-13 09:07:00,2.7806,2.7806,2.7796,2.7806,2.7856,2.7856,2.7846,2.7856,6
2026-04-13 09:08:00,2.7816,2.7826,2.7816,2.7816,2.7866,2.7876,2.7866,2.7866,7
2026-04-13 09:09:00,2.7811,2.7816,2.7806,2.7811,2.7861,2.7866,2.7856,2.7861,10
2026-04-13 09:10:00,2.7816,2.7816,2.7811,2.7816,2.7866,2.7866,2.7861,2.7866,7
2026-04-13 09:11:00,2.7806,2.7821,2.7801,2.7801,2.7856,2.7871,2.7851,2.7851,8
2026-04-13 09:12:00,2.7806,2.7811,2.7796,2.7796,2.7856,2.7861,2.7846,2.7846,14
2026-04-13 09:13:00,2.7801,2.7806,2.7801,2.7801,2.7851,2.7856,2.7851,2.7851,3
2026-04-13 09:14:00,2.7806,2.7821,2.7806,2.7816,2.7856,2.7871,2.7856,2.7866,6
2026-04-13 09:15:00,2.7821,2.7826,2.7816,2.7826,2.7871,2.7876,2.7866,2.7876,6
2026-04-13 09:16:00,2.7816,2.7836,2.7816,2.7831,2.7866,2.7886,2.7866,2.7881,6
2026-04-13 09:17:00,2.7826,2.7836,2.7826,2.7836,2.7876,2.7886,2.7876,2.7886,4
2026-04-13 09:18:00,2.7831,2.7836,2.7816,2.7821,2.7881,2.7886,2.7866,2.7871,13
2026-04-13 09:19:00,2.7826,2.7826,2.7821,2.7826,2.7876,2.7876,2.7871,2.7876,3
2026-04-13 09:20:00,2.7831,2.7836,2.7801,2.7806,2.7881,2.7886,2.7851,2.7856,12
2026-04-13 09:21:00,2.7796,2.7801,2.7776,2.7786,2.7846,2.7851,2.7826,2.7836,12
2026-04-13 09:22:00,2.7791,2.7791,2.7756,2.7756,2.7841,2.7841,2.7806,2.7806,13
2026-04-13 09:23:00,2.7766,2.7781,2.7766,2.7781,2.7816,2.7831,2.7816,2.7831,4
2026-04-13 09:24:00,2.7786,2.7796,2.7781,2.7786,2.7836,2.7846,2.7831,2.7836,5
2026-04-13 09:25:00,2.7781,2.7796,2.7776,2.7786,2.7831,2.7846,2.7826,2.7836,15
2026-04-13 09:26:00,2.7796,2.7801,2.7796,2.7801,2.7846,2.7851,2.7846,2.7851,2
2026-04-13 09:27:00,2.7806,2.7806,2.7796,2.7796,2.7856,2.7856,2.7846,2.7846,4
2026-04-13 09:28:00,2.7801,2.7801,2.7786,2.7786,2.7851,2.7851,2.7836,2.7836,4
2026-04-13 09:29:00,2.7791,2.7791,2.7786,2.7791,2.7841,2.7841,2.7836,2.7841,5
2026-04-13 09:30:00,2.7796,2.7811,2.7786,2.7796,2.7846,2.7861,2.7836,2.7846,9
2026-04-13 09:31:00,2.7801,2.7816,2.7796,2.7816,2.7851,2.7866,2.7846,2.7866,10
2026-04-13 09:32:00,2.7821,2.7836,2.7811,2.7836,2.7871,2.7886,2.7861,2.7886,9
2026-04-13 09:33:00,2.7846,2.7846,2.7836,2.7846,2.7896,2.7896,2.7886,2.7896,6
2026-04-13 09:34:00,2.7841,2.7846,2.7841,2.7846,2.7891,2.7896,2.7891,2.7896,2
2026-04-13 09:35:00,2.7856,2.7856,2.7846,2.7846,2.7906,2.7906,2.7896,2.7896,6
2026-04-13 09:36:00,2.7856,2.7856,2.7846,2.7846,2.7906,2.7906,2.7896,2.7896,4
2026-04-13 09:38:00,2.7851,2.7851,2.7846,2.7846,2.7901,2.7901,2.7896,2.7896,2
2026-04-13 09:40:00,2.7851,2.7851,2.7836,2.7846,2.7901,2.7901,2.7886,2.7896,4
2026-04-13 09:41:00,2.7856,2.7856,2.7856,2.7856,2.7906,2.7906,2.7906,2.7906,1
2026-04-13 09:43:00,2.7861,2.7866,2.7856,2.7856,2.7911,2.7916,2.7906,2.7906,3
2026-04-13 09:44:00,2.7846,2.7846,2.7846,2.7846,2.7896,2.7896,2.7896,2.7896,1
2026-04-13 09:46:00,2.7851,2.7866,2.7851,2.7856,2.7901,2.7916,2.7901,2.7906,4
2026-04-13 09:47:00,2.7861,2.7866,2.7861,2.7866,2.7911,2.7916,2.7911,2.7916,2
2026-04-13 09:48:00,2.7861,2.7861,2.7856,2.7856,2.7911,2.7911,2.7906,2.7906,2
2026-04-13 09:50:00,2.7861,2.7866,2.7856,2.7856,2.7911,2.7916,2.7906,2.7906,3
2026-04-13 09:51:00,2.7846,2.7856,2.7846,2.7846,2.7896,2.7906,2.7896,2.7896,4
2026-04-13 09:52:00,2.7851,2.7856,2.7851,2.7856,2.7901,2.7906,2.7901,2.7906,2
2026-04-13 09:54:00,2.7861,2.7866,2.7861,2.7866,2.7911,2.7916,2.7911,2.7916,2
2026-04-13 09:55:00,2.7856,2.7856,2.7846,2.7846,2.7906,2.7906,2.7896,2.7896,7
2026-04-13 09:56:00,2.7836,2.7846,2.7831,2.7836,2.7886,2.7896,2.7881,2.7886,7
2026-04-13 09:57:00,2.7841,2.7846,2.7836,2.7841,2.7891,2.7896,2.7886,2.7891,11
2026-04-13 09:58:00,2.7846,2.7856,2.7841,2.7846,2.7896,2.7906,2.7891,2.7896,7
2026-04-13 09:59:00,2.7851,2.7871,2.7851,2.7866,2.7901,2.7921,2.7901,2.7916,10
2026-04-13 10:00:00,2.7876,2.7886,2.7866,2.7866,2.7926,2.7936,2.7916,2.7916,11
2026-04-13 10:01:00,2.7876,2.7876,2.7856,2.7856,2.7926,2.7926,2.7906,2.7906,6
2026-04-13 10:02:00,2.7851,2.7866,2.7846,2.7856,2.7901,2.7916,2.7896,2.7906,6
2026-04-13 10:03:00,2.7861,2.7871,2.7856,2.7871,2.7911,2.7921,2.7906,2.7921,7
2026-04-13 10:04:00,2.7866,2.7866,2.7856,2.7856,2.7916,2.7916,2.7906,2.7906,2
2026-04-13 10:05:00,2.7861,2.7866,2.7861,2.7866,2.7911,2.7916,2.7911,2.7916,2
2026-04-13 10:06:00,2.7871,2.7876,2.7856,2.7856,2.7921,2.7926,2.7906,2.7906,13
2026-04-13 10:08:00,2.7861,2.7866,2.7856,2.7856,2.7911,2.7916,2.7906,2.7906,3
2026-04-13 10:10:00,2.7861,2.7866,2.7856,2.7866,2.7911,2.7916,2.7906,2.7916,3
2026-04-13 10:11:00,2.7861,2.7861,2.7836,2.7836,2.7911,2.7911,2.7886,2.7886,8
2026-04-13 10:12:00,2.7846,2.7856,2.7841,2.7851,2.7896,2.7906,2.7891,2.7901,6
2026-04-13 10:13:00,2.7856,2.7856,2.7846,2.7846,2.7906,2.7906,2.7896,2.7896,3
2026-04-13 10:14:00,2.7836,2.7866,2.7836,2.7866,2.7886,2.7916,2.7886,2.7916,6
2026-04-13 10:15:00,2.7871,2.7876,2.7851,2.7861,2.7921,2.7926,2.7901,2.7911,12
2026-04-13 10:16:00,2.7866,2.7866,2.7851,2.7856,2.7916,2.7916,2.7901,2.7906,10
2026-04-13 10:17:00,2.7851,2.7856,2.7851,2.7856,2.7901,2.7906,2.7901,2.7906,2
2026-04-13 10:18:00,2.7851,2.7856,2.7851,2.7856,2.7901,2.7906,2.7901,2.7906,4
2026-04-13 10:20:00,2.7866,2.7866,2.7846,2.7846,2.7916,2.7916,2.7896,2.7896,3
2026-04-13 10:21:00,2.7851,2.7856,2.7851,2.7856,2.7901,2.7906,2.7901,2.7906,8
2026-04-13 10:22:00,2.7861,2.7861,2.7851,2.7856,2.7911,2.7911,2.7901,2.7906,8
2026-04-13 10:23:00,2.7861,2.7861,2.7846,2.7851,2.7911,2.7911,2.7896,2.7901,5
2026-04-13 10:24:00,2.7846,2.7846,2.7846,2.7846,2.7896,2.7896,2.7896,2.7896,1
2026-04-13 10:26:00,2.7851,2.7861,2.7846,2.7856,2.7901,2.7911,2.7896,2.7906,16
2026-04-13 10:27:00,2.7861,2.7861,2.7846,2.7846,2.7911,2.7911,2.7896,2.7896,5
2026-04-13 10:28:00,2.7856,2.7856,2.7856,2.7856,2.7906,2.7906,2.7906,2.7906,1
2026-04-13 10:29:00,2.7861,2.7871,2.7856,2.7866,2.7911,2.7921,2.7906,2.7916,6
2026-04-13 10:30:00,2.7871,2.7881,2.7871,2.7876,2.7921,2.7931,2.7921,2.7926,4
2026-04-13 10:31:00,2.7866,2.7871,2.7856,2.7866,2.7916,2.7921,2.7906,2.7916,6
2026-04-13 10:32:00,2.7871,2.7876,2.7866,2.7876,2.7921,2.7926,2.7916,2.7926,6
2026-04-13 10:33:00,2.7881,2.7896,2.7881,2.7896,2.7931,2.7946,2.7931,2.7946,6
2026-04-13 10:36:00,2.7906,2.7926,2.7906,2.7926,2.7956,2.7976,2.7956,2.7976,4
2026-04-13 10:37:00,2.7916,2.7926,2.7916,2.7926,2.7966,2.7976,2.7966,2.7976,3
2026-04-13 10:38:00,2.7916,2.7926,2.7906,2.7916,2.7966,2.7976,2.7956,2.7966,6
2026-04-13 10:39:00,2.7921,2.7926,2.7916,2.7926,2.7971,2.7976,2.7966,2.7976,4
2026-04-13 10:40:00,2.7916,2.7926,2.7916,2.7926,2.7966,2.7976,2.7966,2.7976,2
2026-04-13 10:41:00,2.7931,2.7976,2.7931,2.7956,2.7981,2.8026,2.7981,2.8006,27
2026-04-13 10:42:00,2.7961,2.7961,2.7951,2.7956,2.8011,2.8011,2.8001,2.8006,4
2026-04-13 10:43:00,2.7966,2.7966,2.7916,2.7916,2.8016,2.8016,2.7966,2.7966,28
2026-04-13 10:44:00,2.7921,2.7921,2.7896,2.7896,2.7971,2.7971,2.7946,2.7946,8
2026-04-13 10:45:00,2.7906,2.7921,2.7906,2.7916,2.7956,2.7971,2.7956,2.7966,8
2026-04-13 10:46:00,2.7921,2.7926,2.7916,2.7916,2.7971,2.7976,2.7966,2.7966,7
2026-04-13 10:47:00,2.7921,2.7921,2.7901,2.7906,2.7971,2.7971,2.7951,2.7956,5
2026-04-13 10:48:00,2.7896,2.7896,2.7876,2.7876,2.7946,2.7946,2.7926,2.7926,11
2026-04-13 10:49:00,2.7881,2.7896,2.7866,2.7876,2.7931,2.7946,2.7916,2.7926,19
2026-04-13 10:50:00,2.7871,2.7886,2.7856,2.7876,2.7921,2.7936,2.7906,2.7926,13
2026-04-13 10:51:00,2.7886,2.7896,2.7886,2.7896,2.7936,2.7946,2.7936,2.7946,12
2026-04-13 10:52:00,2.7886,2.7896,2.7876,2.7881,2.7936,2.7946,2.7926,2.7931,13
2026-04-13 10:53:00,2.7876,2.7876,2.7856,2.7866,2.7926,2.7926,2.7906,2.7916,9
2026-04-13 10:54:00,2.7861,2.7866,2.7851,2.7866,2.7911,2.7916,2.7901,2.7916,7
2026-04-13 10:55:00,2.7876,2.7876,2.7856,2.7856,2.7926,2.7926,2.7906,2.7906,8
2026-04-13 10:56:00,2.7846,2.7856,2.7846,2.7856,2.7896,2.7906,2.7896,2.7906,4
2026-04-13 10:57:00,2.7861,2.7871,2.7856,2.7871,2.7911,2.7921,2.7906,2.7921,5
2026-04-13 10:58:00,2.7866,2.7866,2.7851,2.7851,2.7916,2.7916,2.7901,2.7901,12
2026-04-13 10:59:00,2.7856,2.7866,2.7856,2.7856,2.7906,2.7916,2.7906,2.7906,4
2026-04-13 11:00:00,2.7846,2.7906,2.7826,2.7906,2.7896,2.7956,2.7876,2.7956,27
2026-04-13 11:01:00,2.7896,2.7906,2.7881,2.7896,2.7946,2.7956,2.7931,2.7946,22
2026-04-13 11:02:00,2.7901,2.7906,2.7896,2.7896,2.7951,2.7956,2.7946,2.7946,15
2026-04-13 11:03:00,2.7886,2.7896,2.7886,2.7896,2.7936,2.7946,2.7936,2.7946,2
2026-04-13 11:04:00,2.7901,2.7906,2.7891,2.7891,2.7951,2.7956,2.7941,2.7941,8
2026-04-13 11:05:00,2.7886,2.7901,2.7886,2.7901,2.7936,2.7951,2.7936,2.7951,9
2026-04-13 11:06:00,2.7896,2.7906,2.7896,2.7896,2.7946,2.7956,2.7946,2.7946,3
2026-04-13 11:07:00,2.7906,2.7906,2.7906,2.7906,2.7956,2.7956,2.7956,2.7956,1
2026-04-13 11:08:00,2.7916,2.7916,2.7901,2.7906,2.7966,2.7966,2.7951,2.7956,4
2026-04-13 11:09:00,2.7901,2.7916,2.7901,2.7916,2.7951,2.7966,2.7951,2.7966,7
2026-04-13 11:10:00,2.7911,2.7916,2.7896,2.7906,2.7961,2.7966,2.7946,2.7956,11
2026-04-13 11:11:00,2.7901,2.7911,2.7901,2.7906,2.7951,2.7961,2.7951,2.7956,4
2026-04-13 11:12:00,2.7911,2.7916,2.7906,2.7916,2.7961,2.7966,2.7956,2.7966,4
2026-04-13 11:13:00,2.7906,2.7911,2.7906,2.7911,2.7956,2.7961,2.7956,2.7961,2
2026-04-13 11:14:00,2.7916,2.7916,2.7906,2.7906,2.7966,2.7966,2.7956,2.7956,2
2026-04-13 11:15:00,2.7911,2.7916,2.7911,2.7916,2.7961,2.7966,2.7961,2.7966,2
2026-04-13 11:16:00,2.7911,2.7916,2.7906,2.7916,2.7961,2.7966,2.7956,2.7966,6
2026-04-13 11:17:00,2.7921,2.7921,2.7916,2.7916,2.7971,2.7971,2.7966,2.7966,4
2026-04-13 11:18:00,2.7921,2.7926,2.7916,2.7926,2.7971,2.7976,2.7966,2.7976,9
2026-04-13 11:19:00,2.7921,2.7921,2.7916,2.7916,2.7971,2.7971,2.7966,2.7966,4
2026-04-13 11:20:00,2.7906,2.7906,2.7896,2.7896,2.7956,2.7956,2.7946,2.7946,15
2026-04-13 11:21:00,2.7901,2.7906,2.7891,2.7896,2.7951,2.7956,2.7941,2.7946,8
2026-04-13 11:22:00,2.7891,2.7901,2.7891,2.7896,2.7941,2.7951,2.7941,2.7946,4
2026-04-13 11:23:00,2.7901,2.7906,2.7891,2.7891,2.7951,2.7956,2.7941,2.7941,9
2026-04-13 11:24:00,2.7886,2.7896,2.7886,2.7896,2.7936,2.7946,2.7936,2.7946,2
2026-04-13 11:25:00,2.7886,2.7896,2.7886,2.7896,2.7936,2.7946,2.7936,2.7946,4
2026-04-13 11:26:00,2.7891,2.7891,2.7881,2.7886,2.7941,2.7941,2.7931,2.7936,4
2026-04-13 11:27:00,2.7891,2.7901,2.7891,2.7901,2.7941,2.7951,2.7941,2.7951,3
2026-04-13 11:28:00,2.7896,2.7906,2.7896,2.7901,2.7946,2.7956,2.7946,2.7951,7
2026-04-13 11:29:00,2.7906,2.7906,2.7896,2.7901,2.7956,2.7956,2.7946,2.7951,3
2026-04-13 11:30:00,2.7906,2.7911,2.7896,2.7911,2.7956,2.7961,2.7946,2.7961,11
2026-04-13 11:31:00,2.7901,2.7906,2.7901,2.7906,2.7951,2.7956,2.7951,2.7956,2
2026-04-13 11:32:00,2.7901,2.7901,2.7876,2.7901,2.7951,2.7951,2.7926,2.7951,12
2026-04-13 11:33:00,2.7896,2.7901,2.7886,2.7886,2.7946,2.7951,2.7936,2.7936,7
2026-04-13 11:34:00,2.7891,2.7896,2.7886,2.7886,2.7941,2.7946,2.7936,2.7936,6
2026-04-13 11:36:00,2.7891,2.7901,2.7886,2.7901,2.7941,2.7951,2.7936,2.7951,7
2026-04-13 11:37:00,2.7896,2.7906,2.7896,2.7901,2.7946,2.7956,2.7946,2.7951,8
2026-04-13 11:38:00,2.7896,2.7906,2.7896,2.7906,2.7946,2.7956,2.7946,2.7956,2
2026-04-13 11:39:00,2.7896,2.7906,2.7896,2.7901,2.7946,2.7956,2.7946,2.7951,8
2026-04-13 11:40:00,2.7906,2.7911,2.7896,2.7901,2.7956,2.7961,2.7946,2.7951,5
2026-04-13 11:41:00,2.7906,2.7906,2.7901,2.7906,2.7956,2.7956,2.7951,2.7956,3
2026-04-13 11:42:00,2.7911,2.7926,2.7911,2.7926,2.7961,2.7976,2.7961,2.7976,3
2026-04-13 11:46:00,2.7916,2.7926,2.7916,2.7916,2.7966,2.7976,2.7966,2.7966,7
2026-04-13 11:47:00,2.7921,2.7926,2.7916,2.7916,2.7971,2.7976,2.7966,2.7966,5
2026-04-13 11:49:00,2.7921,2.7926,2.7921,2.7926,2.7971,2.7976,2.7971,2.7976,2
2026-04-13 11:50:00,2.7936,2.7936,2.7931,2.7936,2.7986,2.7986,2.7981,2.7986,7
2026-04-13 11:51:00,2.7931,2.7931,2.7921,2.7926,2.7981,2.7981,2.7971,2.7976,4
2026-04-13 11:52:00,2.7936,2.7946,2.7936,2.7946,2.7986,2.7996,2.7986,2.7996,2
2026-04-13 11:54:00,2.7956,2.7966,2.7956,2.7966,2.8006,2.8016,2.8006,2.8016,3
2026-04-13 11:55:00,2.7976,2.7976,2.7976,2.7976,2.8026,2.8026,2.8026,2.8026,1
2026-04-13 11:56:00,2.7966,2.7971,2.7951,2.7951,2.8016,2.8021,2.8001,2.8001,9
2026-04-13 11:57:00,2.7956,2.7956,2.7946,2.7956,2.8006,2.8006,2.7996,2.8006,5
2026-04-13 11:58:00,2.7946,2.7966,2.7946,2.7961,2.7996,2.8016,2.7996,2.8011,11
2026-04-13 11:59:00,2.7966,2.7976,2.7966,2.7966,2.8016,2.8026,2.8016,2.8016,4
2026-04-13 12:00:00,2.7971,2.7986,2.7971,2.7986,2.8021,2.8036,2.8021,2.8036,6
2026-04-13 12:01:00,2.7996,2.7996,2.7986,2.7996,2.8046,2.8046,2.8036,2.8046,6
2026-04-13 12:02:00,2.8006,2.8006,2.8006,2.8006,2.8056,2.8056,2.8056,2.8056,1
2026-04-13 12:03:00,2.8016,2.8036,2.8011,2.8036,2.8066,2.8086,2.8061,2.8086,7
2026-04-13 12:04:00,2.8031,2.8036,2.8026,2.8026,2.8081,2.8086,2.8076,2.8076,9
2026-04-13 12:05:00,2.8036,2.8046,2.8026,2.8026,2.8086,2.8096,2.8076,2.8076,8
2026-04-13 12:07:00,2.8021,2.8021,2.8016,2.8016,2.8071,2.8071,2.8066,2.8066,2
2026-04-13 12:08:00,2.8026,2.8026,2.8016,2.8016,2.8076,2.8076,2.8066,2.8066,8
2026-04-13 12:09:00,2.8026,2.8036,2.8016,2.8031,2.8076,2.8086,2.8066,2.8081,7
2026-04-13 12:10:00,2.8036,2.8036,2.8026,2.8026,2.8086,2.8086,2.8076,2.8076,8
2026-04-13 12:11:00,2.8036,2.8046,2.8026,2.8026,2.8086,2.8096,2.8076,2.8076,6
2026-04-13 12:12:00,2.8036,2.8041,2.8036,2.8036,2.8086,2.8091,2.8086,2.8086,3
2026-04-13 12:13:00,2.8046,2.8056,2.8046,2.8056,2.8096,2.8106,2.8096,2.8106,6
2026-04-13 12:14:00,2.8051,2.8056,2.8046,2.8046,2.8101,2.8106,2.8096,2.8096,5
2026-04-13 12:15:00,2.8051,2.8056,2.8046,2.8056,2.8101,2.8106,2.8096,2.8106,9
2026-04-13 12:17:00,2.8051,2.8056,2.8046,2.8056,2.8101,2.8106,2.8096,2.8106,3
2026-04-13 12:18:00,2.8061,2.8076,2.8061,2.8076,2.8111,2.8126,2.8111,2.8126,3
2026-04-13 12:20:00,2.8081,2.8086,2.8061,2.8066,2.8131,2.8136,2.8111,2.8116,6
2026-04-13 12:21:00,2.8071,2.8076,2.8071,2.8076,2.8121,2.8126,2.8121,2.8126,2
2026-04-13 12:22:00,2.8086,2.8086,2.8076,2.8076,2.8136,2.8136,2.8126,2.8126,2
2026-04-13 12:23:00,2.8071,2.8071,2.8056,2.8056,2.8121,2.8121,2.8106,2.8106,4
2026-04-13 12:24:00,2.8061,2.8066,2.8056,2.8056,2.8111,2.8116,2.8106,2.8106,3
2026-04-13 12:25:00,2.8061,2.8071,2.8056,2.8056,2.8111,2.8121,2.8106,2.8106,8
2026-04-13 12:26:00,2.8061,2.8066,2.8056,2.8056,2.8111,2.8116,2.8106,2.8106,3
2026-04-13 12:27:00,2.8061,2.8066,2.8056,2.8056,2.8111,2.8116,2.8106,2.8106,3
2026-04-13 12:29:00,2.8051,2.8051,2.8046,2.8046,2.8101,2.8101,2.8096,2.8096,2
2026-04-13 12:30:00,2.8036,2.8046,2.8036,2.8036,2.8086,2.8096,2.8086,2.8086,3
2026-04-13 12:31:00,2.8046,2.8066,2.8046,2.8056,2.8096,2.8116,2.8096,2.8106,10
2026-04-13 12:32:00,2.8061,2.8061,2.8056,2.8056,2.8111,2.8111,2.8106,2.8106,4
2026-04-13 12:33:00,2.8061,2.8066,2.8061,2.8066,2.8111,2.8116,2.8111,2.8116,2
2026-04-13 12:34:00,2.8056,2.8066,2.8056,2.8066,2.8106,2.8116,2.8106,2.8116,2
2026-04-13 12:35:00,2.8076,2.8076,2.8066,2.8066,2.8126,2.8126,2.8116,2.8116,6
2026-04-13 12:36:00,2.8056,2.8056,2.8056,2.8056,2.8106,2.8106,2.8106,2.8106,1
2026-04-13 12:37:00,2.8066,2.8066,2.8056,2.8056,2.8116,2.8116,2.8106,2.8106,2
2026-04-13 12:38:00,2.8066,2.8066,2.8066,2.8066,2.8116,2.8116,2.8116,2.8116,1
2026-04-13 12:39:00,2.8071,2.8076,2.8071,2.8076,2.8121,2.8126,2.8121,2.8126,2
2026-04-13 12:40:00,2.8081,2.8086,2.8076,2.8076,2.8131,2.8136,2.8126,2.8126,3
2026-04-13 12:41:00,2.8066,2.8086,2.8056,2.8056,2.8116,2.8136,2.8106,2.8106,13
2026-04-13 12:42:00,2.8061,2.8066,2.8046,2.8066,2.8111,2.8116,2.8096,2.8116,10
2026-04-13 12:44:00,2.8056,2.8061,2.8056,2.8061,2.8106,2.8111,2.8106,2.8111,2
2026-04-13 12:45:00,2.8056,2.8066,2.8056,2.8066,2.8106,2.8116,2.8106,2.8116,5
2026-04-13 12:47:00,2.8056,2.8076,2.8046,2.8076,2.8106,2.8126,2.8096,2.8126,13
2026-04-13 12:48:00,2.8081,2.8086,2.8076,2.8076,2.8131,2.8136,2.8126,2.8126,3
2026-04-13 12:49:00,2.8071,2.8076,2.8071,2.8076,2.8121,2.8126,2.8121,2.8126,2
2026-04-13 12:50:00,2.8086,2.8096,2.8086,2.8096,2.8136,2.8146,2.8136,2.8146,3
2026-04-13 12:51:00,2.8101,2.8116,2.8096,2.8116,2.8151,2.8166,2.8146,2.8166,6
2026-04-13 12:52:00,2.8106,2.8131,2.8106,2.8126,2.8156,2.8181,2.8156,2.8176,15
2026-04-13 12:53:00,2.8131,2.8136,2.8131,2.8136,2.8181,2.8186,2.8181,2.8186,4
2026-04-13 12:54:00,2.8146,2.8146,2.8136,2.8136,2.8196,2.8196,2.8186,2.8186,5
2026-04-13 12:55:00,2.8126,2.8141,2.8126,2.8136,2.8176,2.8191,2.8176,2.8186,7
2026-04-13 12:56:00,2.8126,2.8136,2.8126,2.8126,2.8176,2.8186,2.8176,2.8176,4
2026-04-13 12:57:00,2.8121,2.8136,2.8121,2.8126,2.8171,2.8186,2.8171,2.8176,24
2026-04-13 12:58:00,2.8131,2.8136,2.8126,2.8136,2.8181,2.8186,2.8176,2.8186,7
2026-04-13 12:59:00,2.8146,2.8146,2.8136,2.8146,2.8196,2.8196,2.8186,2.8196,7
2026-04-13 13:00:00,2.8136,2.8146,2.8116,2.8136,2.8186,2.8196,2.8166,2.8186,28
2026-04-13 13:01:00,2.8146,2.8146,2.8056,2.8056,2.8196,2.8196,2.8106,2.8106,17
2026-04-13 13:02:00,2.8051,2.8056,2.8046,2.8046,2.8101,2.8106,2.8096,2.8096,12
2026-04-13 13:03:00,2.8041,2.8041,2.7986,2.8016,2.8091,2.8091,2.8036,2.8066,24
2026-04-13 13:04:00,2.8021,2.8026,2.8016,2.8026,2.8071,2.8076,2.8066,2.8076,11
2026-04-13 13:05:00,2.8031,2.8036,2.8016,2.8036,2.8081,2.8086,2.8066,2.8086,8
2026-04-13 13:06:00,2.8046,2.8066,2.8046,2.8066,2.8096,2.8116,2.8096,2.8116,11
2026-04-13 13:07:00,2.8071,2.8086,2.8066,2.8076,2.8121,2.8136,2.8116,2.8126,11
2026-04-13 13:08:00,2.8086,2.8096,2.8076,2.8096,2.8136,2.8146,2.8126,2.8146,23
2026-04-13 13:09:00,2.8091,2.8106,2.8091,2.8096,2.8141,2.8156,2.8141,2.8146,12
2026-04-13 13:10:00,2.8101,2.8106,2.8096,2.8096,2.8151,2.8156,2.8146,2.8146,6
2026-04-13 13:11:00,2.8101,2.8126,2.8101,2.8126,2.8151,2.8176,2.8151,2.8176,21
2026-04-13 13:12:00,2.8121,2.8136,2.8121,2.8136,2.8171,2.8186,2.8171,2.8186,16
2026-04-13 13:13:00,2.8141,2.8146,2.8136,2.8146,2.8191,2.8196,2.8186,2.8196,11
2026-04-13 13:14:00,2.8141,2.8156,2.8141,2.8156,2.8191,2.8206,2.8191,2.8206,5
2026-04-13 13:15:00,2.8166,2.8166,2.8136,2.8136,2.8216,2.8216,2.8186,2.8186,10
2026-04-13 13:16:00,2.8131,2.8131,2.8116,2.8126,2.8181,2.8181,2.8166,2.8176,8
2026-04-13 13:17:00,2.8131,2.8146,2.8126,2.8146,2.8181,2.8196,2.8176,2.8196,9
2026-04-13 13:18:00,2.8151,2.8151,2.8146,2.8146,2.8201,2.8201,2.8196,2.8196,2
2026-04-13 13:19:00,2.8151,2.8166,2.8146,2.8166,2.8201,2.8216,2.8196,2.8216,11
2026-04-13 13:20:00,2.8176,2.8176,2.8166,2.8176,2.8226,2.8226,2.8216,2.8226,13
2026-04-13 13:21:00,2.8166,2.8206,2.8166,2.8206,2.8216,2.8256,2.8216,2.8256,17
2026-04-13 13:22:00,2.8216,2.8231,2.8216,2.8226,2.8266,2.8281,2.8266,2.8276,4
2026-04-13 13:23:00,2.8236,2.8296,2.8236,2.8276,2.8286,2.8346,2.8286,2.8326,20
2026-04-13 13:24:00,2.8291,2.8291,2.8266,2.8266,2.8341,2.8341,2.8316,2.8316,13
2026-04-13 13:25:00,2.8261,2.8266,2.8216,2.8221,2.8311,2.8316,2.8266,2.8271,20
2026-04-13 13:26:00,2.8216,2.8226,2.8206,2.8226,2.8266,2.8276,2.8256,2.8276,16
2026-04-13 13:27:00,2.8231,2.8251,2.8231,2.8246,2.8281,2.8301,2.8281,2.8296,8
2026-04-13 13:28:00,2.8236,2.8246,2.8236,2.8236,2.8286,2.8296,2.8286,2.8286,3
2026-04-13 13:29:00,2.8241,2.8251,2.8236,2.8251,2.8291,2.8301,2.8286,2.8301,7
2026-04-13 13:30:00,2.8256,2.8256,2.8226,2.8236,2.8306,2.8306,2.8276,2.8286,13
2026-04-13 13:31:00,2.8241,2.8256,2.8241,2.8246,2.8291,2.8306,2.8291,2.8296,15
2026-04-13 13:32:00,2.8256,2.8266,2.8246,2.8251,2.8306,2.8316,2.8296,2.8301,8
2026-04-13 13:33:00,2.8246,2.8266,2.8246,2.8261,2.8296,2.8316,2.8296,2.8311,9
2026-04-13 13:34:00,2.8256,2.8266,2.8246,2.8256,2.8306,2.8316,2.8296,2.8306,11
2026-04-13 13:35:00,2.8246,2.8256,2.8226,2.8246,2.8296,2.8306,2.8276,2.8296,13
2026-04-13 13:36:00,2.8256,2.8256,2.8246,2.8246,2.8306,2.8306,2.8296,2.8296,4
2026-04-13 13:37:00,2.8241,2.8246,2.8236,2.8246,2.8291,2.8296,2.8286,2.8296,5
2026-04-13 13:38:00,2.8236,2.8286,2.8236,2.8281,2.8286,2.8336,2.8286,2.8331,14
2026-04-13 13:39:00,2.8286,2.8286,2.8276,2.8276,2.8336,2.8336,2.8326,2.8326,6
2026-04-13 13:40:00,2.8281,2.8286,2.8256,2.8276,2.8331,2.8336,2.8306,2.8326,14
2026-04-13 13:41:00,2.8286,2.8286,2.8266,2.8276,2.8336,2.8336,2.8316,2.8326,7
2026-04-13 13:42:00,2.8266,2.8266,2.8266,2.8266,2.8316,2.8316,2.8316,2.8316,1
2026-04-13 13:43:00,2.8271,2.8286,2.8266,2.8286,2.8321,2.8336,2.8316,2.8336,4
2026-04-13 13:44:00,2.8296,2.8296,2.8206,2.8221,2.8346,2.8346,2.8256,2.8271,19
2026-04-13 13:45:00,2.8226,2.8256,2.8226,2.8246,2.8276,2.8306,2.8276,2.8296,14
2026-04-13 13:46:00,2.8256,2.8276,2.8246,2.8251,2.8306,2.8326,2.8296,2.8301,24
2026-04-13 13:47:00,2.8256,2.8296,2.8256,2.8286,2.8306,2.8346,2.8306,2.8336,15
2026-04-13 13:48:00,2.8291,2.8336,2.8286,2.8316,2.8341,2.8386,2.8336,2.8366,18
2026-04-13 13:49:00,2.8311,2.8326,2.8306,2.8306,2.8361,2.8376,2.8356,2.8356,10
2026-04-13 13:50:00,2.8316,2.8326,2.8286,2.8326,2.8366,2.8376,2.8336,2.8376,14
2026-04-13 13:51:00,2.8316,2.8316,2.8246,2.8256,2.8366,2.8366,2.8296,2.8306,27
2026-04-13 13:52:00,2.8251,2.8266,2.8236,2.8266,2.8301,2.8316,2.8286,2.8316,13
2026-04-13 13:53:00,2.8276,2.8276,2.8256,2.8266,2.8326,2.8326,2.8306,2.8316,8
2026-04-13 13:54:00,2.8271,2.8276,2.8246,2.8256,2.8321,2.8326,2.8296,2.8306,14
2026-04-13 13:55:00,2.8246,2.8256,2.8236,2.8236,2.8296,2.8306,2.8286,2.8286,12
2026-04-13 13:56:00,2.8241,2.8266,2.8241,2.8266,2.8291,2.8316,2.8291,2.8316,13
2026-04-13 13:57:00,2.8261,2.8276,2.8256,2.8256,2.8311,2.8326,2.8306,2.8306,14
2026-04-13 13:58:00,2.8261,2.8261,2.8246,2.8256,2.8311,2.8311,2.8296,2.8306,4
2026-04-13 13:59:00,2.8261,2.8276,2.8256,2.8266,2.8311,2.8326,2.8306,2.8316,20
2026-04-13 14:00:00,2.8271,2.8316,2.8271,2.8301,2.8321,2.8366,2.8321,2.8351,28
2026-04-13 14:01:00,2.8296,2.8316,2.8266,2.8286,2.8346,2.8366,2.8316,2.8336,19
2026-04-13 14:02:00,2.8281,2.8296,2.8216,2.8276,2.8331,2.8346,2.8266,2.8326,45
2026-04-13 14:03:00,2.8266,2.8286,2.8261,2.8286,2.8316,2.8336,2.8311,2.8336,11
2026-04-13 14:04:00,2.8296,2.8306,2.8296,2.8306,2.8346,2.8356,2.8346,2.8356,14
2026-04-13 14:05:00,2.8296,2.8306,2.8266,2.8276,2.8346,2.8356,2.8316,2.8326,20
2026-04-13 14:06:00,2.8281,2.8326,2.8276,2.8306,2.8331,2.8376,2.8326,2.8356,31
2026-04-13 14:07:00,2.8301,2.8316,2.8286,2.8296,2.8351,2.8366,2.8336,2.8346,14
2026-04-13 14:08:00,2.8306,2.8306,2.8296,2.8301,2.8356,2.8356,2.8346,2.8351,13
2026-04-13 14:09:00,2.8296,2.8306,2.8276,2.8276,2.8346,2.8356,2.8326,2.8326,12
2026-04-13 14:10:00,2.8261,2.8281,2.8216,2.8251,2.8311,2.8331,2.8266,2.8301,40
2026-04-13 14:11:00,2.8256,2.8276,2.8256,2.8261,2.8306,2.8326,2.8306,2.8311,18
2026-04-13 14:12:00,2.8266,2.8266,2.8236,2.8246,2.8316,2.8316,2.8286,2.8296,24
2026-04-13 14:13:00,2.8251,2.8256,2.8171,2.8186,2.8301,2.8306,2.8221,2.8236,35
2026-04-13 14:14:00,2.8196,2.8196,2.8116,2.8126,2.8246,2.8246,2.8166,2.8176,41
2026-04-13 14:15:00,2.8136,2.8136,2.8096,2.8116,2.8186,2.8186,2.8146,2.8166,50
2026-04-13 14:16:00,2.8106,2.8116,2.8086,2.8106,2.8156,2.8166,2.8136,2.8156,24
2026-04-13 14:17:00,2.8111,2.8116,2.8106,2.8116,2.8161,2.8166,2.8156,2.8166,11
2026-04-13 14:18:00,2.8126,2.8156,2.8116,2.8146,2.8176,2.8206,2.8166,2.8196,20
2026-04-13 14:19:00,2.8151,2.8181,2.8151,2.8171,2.8201,2.8231,2.8201,2.8221,9
2026-04-13 14:20:00,2.8166,2.8176,2.8146,2.8166,2.8216,2.8226,2.8196,2.8216,21
2026-04-13 14:21:00,2.8176,2.8186,2.8146,2.8181,2.8226,2.8236,2.8196,2.8231,16
2026-04-13 14:22:00,2.8186,2.8206,2.8186,2.8206,2.8236,2.8256,2.8236,2.8256,15
2026-04-13 14:23:00,2.8201,2.8206,2.8191,2.8191,2.8251,2.8256,2.8241,2.8241,11
2026-04-13 14:24:00,2.8196,2.8226,2.8181,2.8226,2.8246,2.8276,2.8231,2.8276,12
2026-04-13 14:25:00,2.8241,2.8286,2.8236,2.8266,2.8291,2.8336,2.8286,2.8316,25
2026-04-13 14:26:00,2.8271,2.8286,2.8256,2.8276,2.8321,2.8336,2.8306,2.8326,20
2026-04-13 14:27:00,2.8286,2.8296,2.8266,2.8266,2.8336,2.8346,2.8316,2.8316,20
2026-04-13 14:28:00,2.8276,2.8281,2.8271,2.8276,2.8326,2.8331,2.8321,2.8326,6
2026-04-13 14:29:00,2.8281,2.8286,2.8266,2.8276,2.8331,2.8336,2.8316,2.8326,25
2026-04-13 14:30:00,2.8281,2.8281,2.8196,2.8211,2.8331,2.8331,2.8246,2.8261,35
2026-04-13 14:31:00,2.8216,2.8236,2.8206,2.8226,2.8266,2.8286,2.8256,2.8276,16
2026-04-13 14:32:00,2.8231,2.8236,2.8226,2.8231,2.8281,2.8286,2.8276,2.8281,23
2026-04-13 14:33:00,2.8236,2.8256,2.8226,2.8246,2.8286,2.8306,2.8276,2.8296,16
2026-04-13 14:34:00,2.8251,2.8256,2.8236,2.8246,2.8301,2.8306,2.8286,2.8296,10
2026-04-13 14:35:00,2.8251,2.8256,2.8216,2.8216,2.8301,2.8306,2.8266,2.8266,6
2026-04-13 14:36:00,2.8221,2.8236,2.8206,2.8231,2.8271,2.8286,2.8256,2.8281,24
2026-04-13 14:37:00,2.8226,2.8226,2.8196,2.8196,2.8276,2.8276,2.8246,2.8246,21
2026-04-13 14:38:00,2.8201,2.8206,2.8176,2.8186,2.8251,2.8256,2.8226,2.8236,15
2026-04-13 14:39:00,2.8176,2.8206,2.8176,2.8191,2.8226,2.8256,2.8226,2.8241,18
2026-04-13 14:40:00,2.8186,2.8196,2.8116,2.8121,2.8236,2.8246,2.8166,2.8171,38
2026-04-13 14:41:00,2.8126,2.8136,2.8096,2.8136,2.8176,2.8186,2.8146,2.8186,37
2026-04-13 14:42:00,2.8146,2.8146,2.8126,2.8136,2.8196,2.8196,2.8176,2.8186,14
2026-04-13 14:43:00,2.8146,2.8156,2.8126,2.8151,2.8196,2.8206,2.8176,2.8201,24
2026-04-13 14:44:00,2.8146,2.8156,2.8146,2.8146,2.8196,2.8206,2.8196,2.8196,16
2026-04-13 14:45:00,2.8151,2.8151,2.8096,2.8106,2.8201,2.8201,2.8146,2.8156,32
2026-04-13 14:46:00,2.8116,2.8116,2.8066,2.8076,2.8166,2.8166,2.8116,2.8126,36
2026-04-13 14:47:00,2.8071,2.8096,2.8071,2.8076,2.8121,2.8146,2.8121,2.8126,20
2026-04-13 14:48:00,2.8086,2.8086,2.7976,2.8006,2.8136,2.8136,2.8026,2.8056,63
2026-04-13 14:49:00,2.8001,2.8026,2.7996,2.8016,2.8051,2.8076,2.8046,2.8066,28
2026-04-13 14:50:00,2.8011,2.8036,2.7981,2.8036,2.8061,2.8086,2.8031,2.8086,22
2026-04-13 14:51:00,2.8031,2.8086,2.8031,2.8086,2.8081,2.8136,2.8081,2.8136,23
2026-04-13 14:52:00,2.8076,2.8076,2.8046,2.8066,2.8126,2.8126,2.8096,2.8116,15
2026-04-13 14:53:00,2.8076,2.8086,2.8066,2.8066,2.8126,2.8136,2.8116,2.8116,8
2026-04-13 14:54:00,2.8061,2.8076,2.8056,2.8076,2.8111,2.8126,2.8106,2.8126,18
2026-04-13 14:55:00,2.8071,2.8106,2.8071,2.8101,2.8121,2.8156,2.8121,2.8151,14
2026-04-13 14:56:00,2.8096,2.8136,2.8086,2.8126,2.8146,2.8186,2.8136,2.8176,20
2026-04-13 14:57:00,2.8116,2.8136,2.8106,2.8136,2.8166,2.8186,2.8156,2.8186,12
2026-04-13 14:58:00,2.8146,2.8146,2.8126,2.8136,2.8196,2.8196,2.8176,2.8186,4
2026-04-13 14:59:00,2.8146,2.8146,2.8126,2.8141,2.8196,2.8196,2.8176,2.8191,23
2026-04-13 15:00:00,2.8156,2.8156,2.8106,2.8141,2.8206,2.8206,2.8156,2.8191,59
2026-04-13 15:01:00,2.8146,2.8146,2.8076,2.8116,2.8196,2.8196,2.8126,2.8166,54
2026-04-13 15:02:00,2.8121,2.8156,2.8096,2.8096,2.8171,2.8206,2.8146,2.8146,30
2026-04-13 15:03:00,2.8106,2.8116,2.8076,2.8116,2.8156,2.8166,2.8126,2.8166,13
2026-04-13 15:04:00,2.8106,2.8106,2.8076,2.8086,2.8156,2.8156,2.8126,2.8136,23
2026-04-13 15:05:00,2.8081,2.8106,2.8061,2.8061,2.8131,2.8156,2.8111,2.8111,16
2026-04-13 15:06:00,2.8051,2.8081,2.8026,2.8081,2.8101,2.8131,2.8076,2.8131,38
2026-04-13 15:07:00,2.8086,2.8106,2.8081,2.8096,2.8136,2.8156,2.8131,2.8146,17
2026-04-13 15:08:00,2.8091,2.8106,2.8076,2.8076,2.8141,2.8156,2.8126,2.8126,30
2026-04-13 15:09:00,2.8066,2.8091,2.8066,2.8086,2.8116,2.8141,2.8116,2.8136,17
2026-04-13 15:10:00,2.8091,2.8106,2.8086,2.8106,2.8141,2.8156,2.8136,2.8156,18
2026-04-13 15:11:00,2.8096,2.8106,2.8091,2.8106,2.8146,2.8156,2.8141,2.8156,13
2026-04-13 15:12:00,2.8096,2.8096,2.8076,2.8076,2.8146,2.8146,2.8126,2.8126,11
2026-04-13 15:13:00,2.8071,2.8096,2.8066,2.8086,2.8121,2.8146,2.8116,2.8136,15
2026-04-13 15:14:00,2.8081,2.8096,2.8076,2.8091,2.8131,2.8146,2.8126,2.8141,12
2026-04-13 15:15:00,2.8096,2.8096,2.8066,2.8066,2.8146,2.8146,2.8116,2.8116,19
2026-04-13 15:16:00,2.8076,2.8121,2.8066,2.8121,2.8126,2.8171,2.8116,2.8171,18
2026-04-13 15:17:00,2.8126,2.8176,2.8126,2.8166,2.8176,2.8226,2.8176,2.8216,27
2026-04-13 15:18:00,2.8171,2.8171,2.8156,2.8166,2.8221,2.8221,2.8206,2.8216,10
2026-04-13 15:19:00,2.8156,2.8196,2.8156,2.8186,2.8206,2.8246,2.8206,2.8236,31
2026-04-13 15:20:00,2.8196,2.8196,2.8186,2.8196,2.8246,2.8246,2.8236,2.8246,26
2026-04-13 15:21:00,2.8206,2.8206,2.8176,2.8176,2.8256,2.8256,2.8226,2.8226,17
2026-04-13 15:22:00,2.8181,2.8186,2.8156,2.8156,2.8231,2.8236,2.8206,2.8206,9
2026-04-13 15:23:00,2.8166,2.8176,2.8141,2.8141,2.8216,2.8226,2.8191,2.8191,15
2026-04-13 15:24:00,2.8136,2.8146,2.8106,2.8126,2.8186,2.8196,2.8156,2.8176,35
2026-04-13 15:25:00,2.8136,2.8136,2.8106,2.8106,2.8186,2.8186,2.8156,2.8156,26
2026-04-13 15:26:00,2.8116,2.8136,2.8116,2.8126,2.8166,2.8186,2.8166,2.8176,10
2026-04-13 15:27:00,2.8116,2.8131,2.8086,2.8091,2.8166,2.8181,2.8136,2.8141,14
2026-04-13 15:28:00,2.8101,2.8111,2.8086,2.8091,2.8151,2.8161,2.8136,2.8141,18
2026-04-13 15:29:00,2.8096,2.8126,2.8096,2.8116,2.8146,2.8176,2.8146,2.8166,23
2026-04-13 15:30:00,2.8121,2.8126,2.8096,2.8121,2.8171,2.8176,2.8146,2.8171,17
2026-04-13 15:31:00,2.8116,2.8166,2.8116,2.8146,2.8166,2.8216,2.8166,2.8196,36
2026-04-13 15:32:00,2.8141,2.8166,2.8131,2.8156,2.8191,2.8216,2.8181,2.8206,23
2026-04-13 15:33:00,2.8151,2.8176,2.8121,2.8121,2.8201,2.8226,2.8171,2.8171,38
2026-04-13 15:34:00,2.8126,2.8176,2.8126,2.8171,2.8176,2.8226,2.8176,2.8221,36
2026-04-13 15:35:00,2.8176,2.8176,2.8146,2.8166,2.8226,2.8226,2.8196,2.8216,45
2026-04-13 15:36:00,2.8171,2.8216,2.8166,2.8171,2.8221,2.8266,2.8216,2.8221,19
2026-04-13 15:37:00,2.8176,2.8176,2.8126,2.8136,2.8226,2.8226,2.8176,2.8186,16
2026-04-13 15:38:00,2.8141,2.8196,2.8116,2.8166,2.8191,2.8246,2.8166,2.8216,57
2026-04-13 15:39:00,2.8171,2.8181,2.8156,2.8166,2.8221,2.8231,2.8206,2.8216,20
2026-04-13 15:40:00,2.8171,2.8176,2.8126,2.8136,2.8221,2.8226,2.8176,2.8186,17
2026-04-13 15:41:00,2.8126,2.8156,2.8121,2.8141,2.8176,2.8206,2.8171,2.8191,16
2026-04-13 15:42:00,2.8136,2.8146,2.8116,2.8146,2.8186,2.8196,2.8166,2.8196,16
2026-04-13 15:43:00,2.8136,2.8146,2.8126,2.8136,2.8186,2.8196,2.8176,2.8186,24
2026-04-13 15:44:00,2.8141,2.8156,2.8116,2.8116,2.8191,2.8206,2.8166,2.8166,27
2026-04-13 15:45:00,2.8126,2.8126,2.8116,2.8121,2.8176,2.8176,2.8166,2.8171,8
2026-04-13 15:46:00,2.8116,2.8126,2.8026,2.8046,2.8166,2.8176,2.8076,2.8096,39
2026-04-13 15:47:00,2.8056,2.8076,2.8046,2.8066,2.8106,2.8126,2.8096,2.8116,21
2026-04-13 15:48:00,2.8061,2.8066,2.7976,2.8011,2.8111,2.8116,2.8026,2.8061,56
2026-04-13 15:49:00,2.8016,2.8036,2.7806,2.7836,2.8066,2.8086,2.7856,2.7886,104
2026-04-13 15:50:00,2.7841,2.7861,2.7766,2.7831,2.7891,2.7911,2.7816,2.7881,133
2026-04-13 15:51:00,2.7821,2.7856,2.7796,2.7846,2.7871,2.7906,2.7846,2.7896,108
2026-04-13 15:52:00,2.7841,2.7876,2.7826,2.7846,2.7891,2.7926,2.7876,2.7896,75
2026-04-13 15:53:00,2.7841,2.7861,2.7816,2.7816,2.7891,2.7911,2.7866,2.7866,56
2026-04-13 15:54:00,2.7806,2.7826,2.7776,2.7786,2.7856,2.7876,2.7826,2.7836,77
2026-04-13 15:55:00,2.7781,2.7786,2.7756,2.7766,2.7831,2.7836,2.7806,2.7816,48
2026-04-13 15:56:00,2.7761,2.7786,2.7746,2.7746,2.7811,2.7836,2.7796,2.7796,43
2026-04-13 15:57:00,2.7741,2.7836,2.7741,2.7806,2.7791,2.7886,2.7791,2.7856,51
2026-04-13 15:58:00,2.7816,2.7856,2.7816,2.7836,2.7866,2.7906,2.7866,2.7886,39
2026-04-13 15:59:00,2.7826,2.7836,2.7791,2.7806,2.7876,2.7886,2.7841,2.7856,43
2026-04-13 16:00:00,2.7811,2.7856,2.7796,2.7846,2.7861,2.7906,2.7846,2.7896,46
2026-04-13 16:01:00,2.7841,2.7876,2.7826,2.7876,2.7891,2.7926,2.7876,2.7926,39
2026-04-13 16:02:00,2.7871,2.7876,2.7841,2.7856,2.7921,2.7926,2.7891,2.7906,45
2026-04-13 16:03:00,2.7861,2.7886,2.7836,2.7846,2.7911,2.7936,2.7886,2.7896,37
2026-04-13 16:04:00,2.7836,2.7836,2.7786,2.7786,2.7886,2.7886,2.7836,2.7836,24
2026-04-13 16:05:00,2.7791,2.7816,2.7776,2.7781,2.7841,2.7866,2.7826,2.7831,30
2026-04-13 16:06:00,2.7776,2.7786,2.7726,2.7741,2.7826,2.7836,2.7776,2.7791,26
2026-04-13 16:07:00,2.7721,2.7746,2.7716,2.7746,2.7771,2.7796,2.7766,2.7796,21
2026-04-13 16:08:00,2.7751,2.7826,2.7751,2.7816,2.7801,2.7876,2.7801,2.7866,40
2026-04-13 16:09:00,2.7811,2.7826,2.7796,2.7796,2.7861,2.7876,2.7846,2.7846,37
2026-04-13 16:10:00,2.7786,2.7816,2.7771,2.7796,2.7836,2.7866,2.7821,2.7846,24
2026-04-13 16:11:00,2.7786,2.7796,2.7751,2.7786,2.7836,2.7846,2.7801,2.7836,30
2026-04-13 16:12:00,2.7776,2.7806,2.7766,2.7806,2.7826,2.7856,2.7816,2.7856,30
2026-04-13 16:13:00,2.7801,2.7806,2.7776,2.7796,2.7851,2.7856,2.7826,2.7846,27
2026-04-13 16:14:00,2.7786,2.7786,2.7756,2.7771,2.7836,2.7836,2.7806,2.7821,13
2026-04-13 16:15:00,2.7766,2.7776,2.7756,2.7776,2.7816,2.7826,2.7806,2.7826,28
2026-04-13 16:16:00,2.7781,2.7786,2.7756,2.7776,2.7831,2.7836,2.7806,2.7826,21
2026-04-13 16:17:00,2.7781,2.7796,2.7776,2.7791,2.7831,2.7846,2.7826,2.7841,31
2026-04-13 16:18:00,2.7796,2.7831,2.7776,2.7816,2.7846,2.7881,2.7826,2.7866,22
2026-04-13 16:19:00,2.7811,2.7821,2.7801,2.7806,2.7861,2.7871,2.7851,2.7856,16
2026-04-13 16:20:00,2.7796,2.7821,2.7791,2.7806,2.7846,2.7871,2.7841,2.7856,26
2026-04-13 16:21:00,2.7801,2.7816,2.7741,2.7741,2.7851,2.7866,2.7791,2.7791,25
2026-04-13 16:22:00,2.7736,2.7746,2.7706,2.7716,2.7786,2.7796,2.7756,2.7766,50
2026-04-13 16:23:00,2.7721,2.7836,2.7721,2.7806,2.7771,2.7886,2.7771,2.7856,62
2026-04-13 16:24:00,2.7796,2.7806,2.7726,2.7736,2.7846,2.7856,2.7776,2.7786,31
2026-04-13 16:25:00,2.7741,2.7771,2.7736,2.7756,2.7791,2.7821,2.7786,2.7806,25
2026-04-13 16:26:00,2.7751,2.7796,2.7736,2.7796,2.7801,2.7846,2.7786,2.7846,29
2026-04-13 16:27:00,2.7786,2.7796,2.7756,2.7756,2.7836,2.7846,2.7806,2.7806,14
2026-04-13 16:28:00,2.7746,2.7796,2.7746,2.7776,2.7796,2.7846,2.7796,2.7826,21
2026-04-13 16:29:00,2.7786,2.7816,2.7776,2.7806,2.7836,2.7866,2.7826,2.7856,24
2026-04-13 16:30:00,2.7811,2.7856,2.7811,2.7846,2.7861,2.7906,2.7861,2.7896,34
2026-04-13 16:31:00,2.7836,2.7856,2.7816,2.7826,2.7886,2.7906,2.7866,2.7876,54
2026-04-13 16:32:00,2.7821,2.7836,2.7816,2.7831,2.7871,2.7886,2.7866,2.7881,15
2026-04-13 16:33:00,2.7836,2.7886,2.7811,2.7886,2.7886,2.7936,2.7861,2.7936,34
2026-04-13 16:34:00,2.7881,2.7896,2.7846,2.7881,2.7931,2.7946,2.7896,2.7931,48
2026-04-13 16:35:00,2.7886,2.7906,2.7826,2.7836,2.7936,2.7956,2.7876,2.7886,28
2026-04-13 16:36:00,2.7831,2.7846,2.7826,2.7846,2.7881,2.7896,2.7876,2.7896,9
2026-04-13 16:37:00,2.7841,2.7846,2.7826,2.7831,2.7891,2.7896,2.7876,2.7881,16
2026-04-13 16:38:00,2.7826,2.7826,2.7796,2.7826,2.7876,2.7876,2.7846,2.7876,18
2026-04-13 16:39:00,2.7831,2.7866,2.7831,2.7866,2.7881,2.7916,2.7881,2.7916,11
2026-04-13 16:40:00,2.7871,2.7881,2.7846,2.7871,2.7921,2.7931,2.7896,2.7921,22
2026-04-13 16:41:00,2.7866,2.7881,2.7856,2.7876,2.7916,2.7931,2.7906,2.7926,23
2026-04-13 16:42:00,2.7866,2.7881,2.7856,2.7876,2.7916,2.7931,2.7906,2.7926,13
2026-04-13 16:43:00,2.7886,2.7886,2.7866,2.7876,2.7936,2.7936,2.7916,2.7926,12
2026-04-13 16:44:00,2.7866,2.7876,2.7816,2.7846,2.7916,2.7926,2.7866,2.7896,38
2026-04-13 16:45:00,2.7841,2.7846,2.7816,2.7821,2.7891,2.7896,2.7866,2.7871,31
2026-04-13 16:46:00,2.7816,2.7816,2.7786,2.7786,2.7866,2.7866,2.7836,2.7836,21
2026-04-13 16:47:00,2.7781,2.7806,2.7766,2.7796,2.7831,2.7856,2.7816,2.7846,22
2026-04-13 16:48:00,2.7806,2.7806,2.7771,2.7786,2.7856,2.7856,2.7821,2.7836,11
2026-04-13 16:49:00,2.7781,2.7816,2.7776,2.7796,2.7831,2.7866,2.7826,2.7846,18
2026-04-13 16:50:00,2.7786,2.7796,2.7766,2.7771,2.7836,2.7846,2.7816,2.7821,23
2026-04-13 16:51:00,2.7766,2.7786,2.7756,2.7786,2.7816,2.7836,2.7806,2.7836,11
2026-04-13 16:52:00,2.7776,2.7786,2.7756,2.7761,2.7826,2.7836,2.7806,2.7811,30
2026-04-13 16:53:00,2.7766,2.7766,2.7746,2.7751,2.7816,2.7816,2.7796,2.7801,11
2026-04-13 16:54:00,2.7756,2.7756,2.7736,2.7746,2.7806,2.7806,2.7786,2.7796,14
2026-04-13 16:55:00,2.7736,2.7746,2.7711,2.7716,2.7786,2.7796,2.7761,2.7766,24
2026-04-13 16:56:00,2.7706,2.7716,2.7686,2.7701,2.7756,2.7766,2.7736,2.7751,27
2026-04-13 16:57:00,2.7706,2.7706,2.7616,2.7626,2.7756,2.7756,2.7666,2.7676,23
2026-04-13 16:58:00,2.7636,2.7646,2.7606,2.7641,2.7686,2.7696,2.7656,2.7691,38
2026-04-13 16:59:00,2.7636,2.7656,2.7626,2.7636,2.7686,2.7706,2.7676,2.7686,44
2026-04-13 17:00:00,2.7626,2.7741,2.7626,2.7741,2.7676,2.7791,2.7676,2.7791,71
2026-04-13 17:01:00,2.7746,2.7746,2.7656,2.7666,2.7796,2.7796,2.7706,2.7716,54
2026-04-13 17:02:00,2.7661,2.7671,2.7651,2.7671,2.7711,2.7721,2.7701,2.7721,10
2026-04-13 17:03:00,2.7666,2.7691,2.7646,2.7691,2.7716,2.7741,2.7696,2.7741,31
2026-04-13 17:04:00,2.7681,2.7691,2.7656,2.7686,2.7731,2.7741,2.7706,2.7736,26
2026-04-13 17:05:00,2.7676,2.7686,2.7661,2.7686,2.7726,2.7736,2.7711,2.7736,35
2026-04-13 17:06:00,2.7696,2.7696,2.7606,2.7616,2.7746,2.7746,2.7656,2.7666,26
2026-04-13 17:07:00,2.7611,2.7616,2.7586,2.7606,2.7661,2.7666,2.7636,2.7656,31
2026-04-13 17:08:00,2.7616,2.7661,2.7616,2.7646,2.7666,2.7711,2.7666,2.7696,33
2026-04-13 17:09:00,2.7651,2.7676,2.7641,2.7646,2.7701,2.7726,2.7691,2.7696,27
2026-04-13 17:10:00,2.7656,2.7666,2.7646,2.7661,2.7706,2.7716,2.7696,2.7711,21
2026-04-13 17:11:00,2.7666,2.7666,2.7616,2.7626,2.7716,2.7716,2.7666,2.7676,24
2026-04-13 17:12:00,2.7621,2.7636,2.7606,2.7611,2.7671,2.7686,2.7656,2.7661,30
2026-04-13 17:13:00,2.7606,2.7656,2.7606,2.7646,2.7656,2.7706,2.7656,2.7696,38
2026-04-13 17:14:00,2.7641,2.7641,2.7586,2.7606,2.7691,2.7691,2.7636,2.7656,22
2026-04-13 17:15:00,2.7611,2.7611,2.7586,2.7606,2.7661,2.7661,2.7636,2.7656,35
2026-04-13 17:16:00,2.7611,2.7636,2.7606,2.7616,2.7661,2.7686,2.7656,2.7666,18
2026-04-13 17:17:00,2.7626,2.7626,2.7616,2.7616,2.7676,2.7676,2.7666,2.7666,16
2026-04-13 17:18:00,2.7621,2.7646,2.7621,2.7636,2.7671,2.7696,2.7671,2.7686,27
2026-04-13 17:19:00,2.7646,2.7656,2.7636,2.7656,2.7696,2.7706,2.7686,2.7706,25
2026-04-13 17:20:00,2.7646,2.7656,2.7626,2.7646,2.7696,2.7706,2.7676,2.7696,21
2026-04-13 17:21:00,2.7641,2.7646,2.7616,2.7626,2.7691,2.7696,2.7666,2.7676,25
2026-04-13 17:22:00,2.7621,2.7626,2.7601,2.7626,2.7671,2.7676,2.7651,2.7676,10
2026-04-13 17:23:00,2.7616,2.7616,2.7606,2.7611,2.7666,2.7666,2.7656,2.7661,18
2026-04-13 17:24:00,2.7606,2.7636,2.7606,2.7626,2.7656,2.7686,2.7656,2.7676,27
2026-04-13 17:25:00,2.7636,2.7636,2.7626,2.7636,2.7686,2.7686,2.7676,2.7686,8
2026-04-13 17:26:00,2.7641,2.7646,2.7626,2.7636,2.7691,2.7696,2.7676,2.7686,22
2026-04-13 17:27:00,2.7646,2.7656,2.7641,2.7646,2.7696,2.7706,2.7691,2.7696,11
2026-04-13 17:28:00,2.7641,2.7656,2.7626,2.7636,2.7691,2.7706,2.7676,2.7686,36
2026-04-13 17:29:00,2.7641,2.7656,2.7626,2.7656,2.7691,2.7706,2.7676,2.7706,22
2026-04-13 17:30:00,2.7651,2.7671,2.7646,2.7661,2.7701,2.7721,2.7696,2.7711,28
2026-04-13 17:31:00,2.7656,2.7686,2.7656,2.7686,2.7706,2.7736,2.7706,2.7736,21
2026-04-13 17:32:00,2.7681,2.7696,2.7676,2.7691,2.7731,2.7746,2.7726,2.7741,8
2026-04-13 17:33:00,2.7681,2.7681,2.7656,2.7656,2.7731,2.7731,2.7706,2.7706,28
2026-04-13 17:34:00,2.7646,2.7661,2.7646,2.7646,2.7696,2.7711,2.7696,2.7696,10
2026-04-13 17:35:00,2.7636,2.7656,2.7636,2.7646,2.7686,2.7706,2.7686,2.7696,11
2026-04-13 17:36:00,2.7656,2.7656,2.7616,2.7636,2.7706,2.7706,2.7666,2.7686,25
2026-04-13 17:37:00,2.7641,2.7646,2.7586,2.7606,2.7691,2.7696,2.7636,2.7656,30
2026-04-13 17:38:00,2.7596,2.7606,2.7486,2.7546,2.7646,2.7656,2.7536,2.7596,58
2026-04-13 17:39:00,2.7556,2.7576,2.7546,2.7561,2.7606,2.7626,2.7596,2.7611,35
2026-04-13 17:40:00,2.7551,2.7556,2.7526,2.7546,2.7601,2.7606,2.7576,2.7596,35
2026-04-13 17:41:00,2.7541,2.7541,2.7486,2.7506,2.7591,2.7591,2.7536,2.7556,21
2026-04-13 17:42:00,2.7491,2.7526,2.7481,2.7516,2.7541,2.7576,2.7531,2.7566,61
2026-04-13 17:43:00,2.7511,2.7516,2.7496,2.7511,2.7561,2.7566,2.7546,2.7561,27
2026-04-13 17:44:00,2.7516,2.7526,2.7501,2.7521,2.7566,2.7576,2.7551,2.7571,23
2026-04-13 17:45:00,2.7516,2.7536,2.7511,2.7536,2.7566,2.7586,2.7561,2.7586,19
2026-04-13 17:46:00,2.7541,2.7541,2.7521,2.7521,2.7591,2.7591,2.7571,2.7571,10
2026-04-13 17:47:00,2.7516,2.7526,2.7506,2.7516,2.7566,2.7576,2.7556,2.7566,10
2026-04-13 17:48:00,2.7526,2.7536,2.7516,2.7536,2.7576,2.7586,2.7566,2.7586,16
2026-04-13 17:49:00,2.7546,2.7546,2.7536,2.7546,2.7596,2.7596,2.7586,2.7596,4
2026-04-13 17:50:00,2.7556,2.7596,2.7546,2.7586,2.7606,2.7646,2.7596,2.7636,22
2026-04-13 17:51:00,2.7591,2.7606,2.7576,2.7576,2.7641,2.7656,2.7626,2.7626,30
2026-04-13 17:52:00,2.7581,2.7586,2.7526,2.7536,2.7631,2.7636,2.7576,2.7586,20
2026-04-13 17:53:00,2.7531,2.7536,2.7516,2.7526,2.7581,2.7586,2.7566,2.7576,32
2026-04-13 17:54:00,2.7536,2.7546,2.7526,2.7536,2.7586,2.7596,2.7576,2.7586,9
2026-04-13 17:55:00,2.7531,2.7576,2.7531,2.7566,2.7581,2.7626,2.7581,2.7616,15
2026-04-13 17:56:00,2.7561,2.7561,2.7536,2.7536,2.7611,2.7611,2.7586,2.7586,8
2026-04-13 17:57:00,2.7546,2.7556,2.7536,2.7536,2.7596,2.7606,2.7586,2.7586,12
2026-04-13 17:58:00,2.7531,2.7536,2.7526,2.7536,2.7581,2.7586,2.7576,2.7586,12
2026-04-13 17:59:00,2.7541,2.7546,2.7526,2.7536,2.7591,2.7596,2.7576,2.7586,12
2026-04-13 18:00:00,2.7526,2.7556,2.7526,2.7556,2.7576,2.7606,2.7576,2.7606,9
2026-04-13 18:01:00,2.7561,2.7566,2.7556,2.7556,2.7611,2.7616,2.7606,2.7606,9
2026-04-13 18:02:00,2.7566,2.7586,2.7561,2.7561,2.7616,2.7636,2.7611,2.7611,16
2026-04-13 18:03:00,2.7566,2.7566,2.7546,2.7546,2.7616,2.7616,2.7596,2.7596,3
2026-04-13 18:04:00,2.7536,2.7546,2.7536,2.7546,2.7586,2.7596,2.7586,2.7596,10
2026-04-13 18:05:00,2.7556,2.7576,2.7546,2.7566,2.7606,2.7626,2.7596,2.7616,20
2026-04-13 18:06:00,2.7561,2.7576,2.7496,2.7531,2.7611,2.7626,2.7546,2.7581,82
2026-04-13 18:07:00,2.7521,2.7576,2.7521,2.7566,2.7571,2.7626,2.7571,2.7616,47
2026-04-13 18:08:00,2.7561,2.7561,2.7526,2.7556,2.7611,2.7611,2.7576,2.7606,38
2026-04-13 18:09:00,2.7551,2.7556,2.7516,2.7526,2.7601,2.7606,2.7566,2.7576,22
2026-04-13 18:10:00,2.7531,2.7536,2.7486,2.7496,2.7581,2.7586,2.7536,2.7546,19
2026-04-13 18:11:00,2.7491,2.7496,2.7456,2.7476,2.7541,2.7546,2.7506,2.7526,21
2026-04-13 18:12:00,2.7471,2.7506,2.7466,2.7486,2.7521,2.7556,2.7516,2.7536,26
2026-04-13 18:13:00,2.7481,2.7496,2.7476,2.7486,2.7531,2.7546,2.7526,2.7536,26
2026-04-13 18:14:00,2.7476,2.7496,2.7476,2.7476,2.7526,2.7546,2.7526,2.7526,16
2026-04-13 18:15:00,2.7471,2.7496,2.7471,2.7496,2.7521,2.7546,2.7521,2.7546,10
2026-04-13 18:16:00,2.7491,2.7506,2.7476,2.7476,2.7541,2.7556,2.7526,2.7526,17
2026-04-13 18:17:00,2.7471,2.7476,2.7456,2.7466,2.7521,2.7526,2.7506,2.7516,17
2026-04-13 18:18:00,2.7461,2.7466,2.7416,2.7426,2.7511,2.7516,2.7466,2.7476,31
2026-04-13 18:19:00,2.7421,2.7476,2.7416,2.7461,2.7471,2.7526,2.7466,2.7511,18
2026-04-13 18:20:00,2.7456,2.7486,2.7426,2.7476,2.7506,2.7536,2.7476,2.7526,37
2026-04-13 18:21:00,2.7466,2.7486,2.7446,2.7466,2.7516,2.7536,2.7496,2.7516,27
2026-04-13 18:22:00,2.7476,2.7476,2.7466,2.7466,2.7526,2.7526,2.7516,2.7516,8
2026-04-13 18:23:00,2.7471,2.7486,2.7466,2.7486,2.7521,2.7536,2.7516,2.7536,10
2026-04-13 18:24:00,2.7481,2.7496,2.7466,2.7496,2.7531,2.7546,2.7516,2.7546,11
2026-04-13 18:25:00,2.7491,2.7501,2.7486,2.7496,2.7541,2.7551,2.7536,2.7546,23
2026-04-13 18:26:00,2.7486,2.7496,2.7481,2.7496,2.7536,2.7546,2.7531,2.7546,24
2026-04-13 18:27:00,2.7491,2.7506,2.7476,2.7486,2.7541,2.7556,2.7526,2.7536,21
2026-04-13 18:28:00,2.7481,2.7506,2.7481,2.7496,2.7531,2.7556,2.7531,2.7546,21
2026-04-13 18:29:00,2.7491,2.7516,2.7476,2.7516,2.7541,2.7566,2.7526,2.7566,31
2026-04-13 18:30:00,2.7511,2.7511,2.7476,2.7481,2.7561,2.7561,2.7526,2.7531,25
2026-04-13 18:31:00,2.7491,2.7496,2.7476,2.7496,2.7541,2.7546,2.7526,2.7546,28
2026-04-13 18:32:00,2.7501,2.7531,2.7496,2.7531,2.7551,2.7581,2.7546,2.7581,22
2026-04-13 18:33:00,2.7521,2.7526,2.7466,2.7501,2.7571,2.7576,2.7516,2.7551,47
2026-04-13 18:34:00,2.7511,2.7511,2.7486,2.7496,2.7561,2.7561,2.7536,2.7546,33
2026-04-13 18:35:00,2.7501,2.7506,2.7436,2.7451,2.7551,2.7556,2.7486,2.7501,41
2026-04-13 18:36:00,2.7446,2.7496,2.7431,2.7481,2.7496,2.7546,2.7481,2.7531,44
2026-04-13 18:37:00,2.7476,2.7476,2.7456,2.7476,2.7526,2.7526,2.7506,2.7526,25
2026-04-13 18:38:00,2.7471,2.7511,2.7466,2.7511,2.7521,2.7561,2.7516,2.7561,27
2026-04-13 18:39:00,2.7506,2.7506,2.7456,2.7486,2.7556,2.7556,2.7506,2.7536,35
2026-04-13 18:40:00,2.7481,2.7496,2.7436,2.7471,2.7531,2.7546,2.7486,2.7521,49
2026-04-13 18:41:00,2.7476,2.7546,2.7466,2.7516,2.7526,2.7596,2.7516,2.7566,65
2026-04-13 18:42:00,2.7511,2.7541,2.7506,2.7526,2.7561,2.7591,2.7556,2.7576,23
2026-04-13 18:43:00,2.7531,2.7536,2.7496,2.7501,2.7581,2.7586,2.7546,2.7551,43
2026-04-13 18:44:00,2.7496,2.7516,2.7496,2.7506,2.7546,2.7566,2.7546,2.7556,26
2026-04-13 18:45:00,2.7516,2.7546,2.7516,2.7546,2.7566,2.7596,2.7566,2.7596,14
2026-04-13 18:46:00,2.7536,2.7596,2.7536,2.7596,2.7586,2.7646,2.7586,2.7646,30
2026-04-13 18:47:00,2.7606,2.7616,2.7486,2.7556,2.7656,2.7666,2.7536,2.7606,77
2026-04-13 18:48:00,2.7561,2.7576,2.7516,2.7526,2.7611,2.7626,2.7566,2.7576,37
2026-04-13 18:49:00,2.7516,2.7546,2.7511,2.7511,2.7566,2.7596,2.7561,2.7561,44
2026-04-13 18:50:00,2.7501,2.7506,2.7456,2.7476,2.7551,2.7556,2.7506,2.7526,64
2026-04-13 18:51:00,2.7466,2.7496,2.7451,2.7491,2.7516,2.7546,2.7501,2.7541,48
2026-04-13 18:52:00,2.7486,2.7501,2.7476,2.7501,2.7536,2.7551,2.7526,2.7551,29
2026-04-13 18:53:00,2.7496,2.7496,2.7476,2.7496,2.7546,2.7546,2.7526,2.7546,13
2026-04-13 18:54:00,2.7506,2.7506,2.7476,2.7496,2.7556,2.7556,2.7526,2.7546,28
2026-04-13 18:55:00,2.7486,2.7526,2.7476,2.7481,2.7536,2.7576,2.7526,2.7531,52
2026-04-13 18:56:00,2.7476,2.7481,2.7436,2.7451,2.7526,2.7531,2.7486,2.7501,22
2026-04-13 18:57:00,2.7461,2.7466,2.7436,2.7446,2.7511,2.7516,2.7486,2.7496,42
2026-04-13 18:58:00,2.7441,2.7446,2.7396,2.7401,2.7491,2.7496,2.7446,2.7451,50
2026-04-13 18:59:00,2.7396,2.7406,2.7346,2.7366,2.7446,2.7456,2.7396,2.7416,81
2026-04-13 19:00:00,2.7361,2.7371,2.7266,2.7296,2.7411,2.7421,2.7316,2.7346,79
2026-04-13 19:01:00,2.7291,2.7346,2.7286,2.7341,2.7341,2.7396,2.7336,2.7391,69
2026-04-13 19:02:00,2.7351,2.7366,2.7346,2.7356,2.7401,2.7416,2.7396,2.7406,37
2026-04-13 19:03:00,2.7351,2.7376,2.7326,2.7366,2.7401,2.7426,2.7376,2.7416,52
2026-04-13 19:04:00,2.7361,2.7401,2.7356,2.7401,2.7411,2.7451,2.7406,2.7451,39
2026-04-13 19:05:00,2.7396,2.7426,2.7376,2.7426,2.7446,2.7476,2.7426,2.7476,40
2026-04-13 19:06:00,2.7421,2.7426,2.7406,2.7416,2.7471,2.7476,2.7456,2.7466,16
2026-04-13 19:07:00,2.7421,2.7506,2.7421,2.7501,2.7471,2.7556,2.7471,2.7551,55
2026-04-13 19:08:00,2.7496,2.7506,2.7461,2.7461,2.7546,2.7556,2.7511,2.7511,42
2026-04-13 19:09:00,2.7471,2.7481,2.7451,2.7466,2.7521,2.7531,2.7501,2.7516,39
2026-04-13 19:10:00,2.7461,2.7481,2.7396,2.7481,2.7511,2.7531,2.7446,2.7531,60
2026-04-13 19:11:00,2.7476,2.7476,2.7456,2.7456,2.7526,2.7526,2.7506,2.7506,38
2026-04-13 19:12:00,2.7451,2.7466,2.7436,2.7436,2.7501,2.7516,2.7486,2.7486,21
2026-04-13 19:13:00,2.7431,2.7431,2.7406,2.7416,2.7481,2.7481,2.7456,2.7466,26
2026-04-13 19:14:00,2.7426,2.7426,2.7416,2.7426,2.7476,2.7476,2.7466,2.7476,7
2026-04-13 19:15:00,2.7416,2.7426,2.7406,2.7416,2.7466,2.7476,2.7456,2.7466,7
2026-04-13 19:16:00,2.7426,2.7456,2.7426,2.7451,2.7476,2.7506,2.7476,2.7501,13
2026-04-13 19:17:00,2.7456,2.7476,2.7446,2.7456,2.7506,2.7526,2.7496,2.7506,25
2026-04-13 19:18:00,2.7446,2.7461,2.7446,2.7451,2.7496,2.7511,2.7496,2.7501,19
2026-04-13 19:19:00,2.7446,2.7446,2.7406,2.7446,2.7496,2.7496,2.7456,2.7496,21
2026-04-13 19:20:00,2.7451,2.7496,2.7451,2.7496,2.7501,2.7546,2.7501,2.7546,31
2026-04-13 19:21:00,2.7501,2.7526,2.7501,2.7516,2.7551,2.7576,2.7551,2.7566,29
2026-04-13 19:22:00,2.7521,2.7526,2.7496,2.7501,2.7571,2.7576,2.7546,2.7551,15
2026-04-13 19:23:00,2.7496,2.7496,2.7476,2.7486,2.7546,2.7546,2.7526,2.7536,7
2026-04-13 19:24:00,2.7491,2.7506,2.7471,2.7476,2.7541,2.7556,2.7521,2.7526,22
2026-04-13 19:25:00,2.7466,2.7506,2.7466,2.7496,2.7516,2.7556,2.7516,2.7546,17
2026-04-13 19:26:00,2.7491,2.7491,2.7466,2.7476,2.7541,2.7541,2.7516,2.7526,9
2026-04-13 19:27:00,2.7481,2.7506,2.7476,2.7496,2.7531,2.7556,2.7526,2.7546,12
2026-04-13 19:28:00,2.7506,2.7526,2.7496,2.7511,2.7556,2.7576,2.7546,2.7561,28
2026-04-13 19:29:00,2.7501,2.7506,2.7476,2.7481,2.7551,2.7556,2.7526,2.7531,13
2026-04-13 19:30:00,2.7466,2.7476,2.7426,2.7426,2.7516,2.7526,2.7476,2.7476,20
2026-04-13 19:31:00,2.7436,2.7446,2.7406,2.7416,2.7486,2.7496,2.7456,2.7466,23
2026-04-13 19:32:00,2.7406,2.7446,2.7406,2.7436,2.7456,2.7496,2.7456,2.7486,19
2026-04-13 19:33:00,2.7431,2.7446,2.7416,2.7416,2.7481,2.7496,2.7466,2.7466,19
2026-04-13 19:34:00,2.7426,2.7436,2.7426,2.7426,2.7476,2.7486,2.7476,2.7476,12
2026-04-13 19:35:00,2.7421,2.7446,2.7416,2.7436,2.7471,2.7496,2.7466,2.7486,16
2026-04-13 19:36:00,2.7431,2.7446,2.7416,2.7421,2.7481,2.7496,2.7466,2.7471,19
2026-04-13 19:37:00,2.7426,2.7446,2.7416,2.7431,2.7476,2.7496,2.7466,2.7481,21
2026-04-13 19:38:00,2.7436,2.7436,2.7416,2.7426,2.7486,2.7486,2.7466,2.7476,18
2026-04-13 19:39:00,2.7421,2.7426,2.7406,2.7416,2.7471,2.7476,2.7456,2.7466,20
2026-04-13 19:40:00,2.7421,2.7446,2.7421,2.7436,2.7471,2.7496,2.7471,2.7486,7
2026-04-13 19:41:00,2.7426,2.7446,2.7416,2.7416,2.7476,2.7496,2.7466,2.7466,15
2026-04-13 19:42:00,2.7411,2.7436,2.7406,2.7426,2.7461,2.7486,2.7456,2.7476,12
2026-04-13 19:43:00,2.7436,2.7436,2.7421,2.7421,2.7486,2.7486,2.7471,2.7471,10
2026-04-13 19:44:00,2.7426,2.7426,2.7386,2.7416,2.7476,2.7476,2.7436,2.7466,38
2026-04-13 19:45:00,2.7421,2.7431,2.7416,2.7421,2.7471,2.7481,2.7466,2.7471,17
2026-04-13 19:46:00,2.7426,2.7426,2.7396,2.7401,2.7476,2.7476,2.7446,2.7451,25
2026-04-13 19:47:00,2.7406,2.7416,2.7396,2.7416,2.7456,2.7466,2.7446,2.7466,27
2026-04-13 19:48:00,2.7411,2.7416,2.7386,2.7396,2.7461,2.7466,2.7436,2.7446,19
2026-04-13 19:49:00,2.7406,2.7406,2.7391,2.7396,2.7456,2.7456,2.7441,2.7446,14
2026-04-13 19:50:00,2.7386,2.7416,2.7386,2.7416,2.7436,2.7466,2.7436,2.7466,21
2026-04-13 19:51:00,2.7411,2.7426,2.7396,2.7416,2.7461,2.7476,2.7446,2.7466,35
2026-04-13 19:52:00,2.7411,2.7411,2.7386,2.7406,2.7461,2.7461,2.7436,2.7456,15
2026-04-13 19:53:00,2.7401,2.7401,2.7371,2.7391,2.7451,2.7451,2.7421,2.7441,23
2026-04-13 19:54:00,2.7386,2.7406,2.7386,2.7386,2.7436,2.7456,2.7436,2.7436,14
2026-04-13 19:55:00,2.7396,2.7416,2.7396,2.7406,2.7446,2.7466,2.7446,2.7456,18
2026-04-13 19:56:00,2.7411,2.7416,2.7411,2.7416,2.7461,2.7466,2.7461,2.7466,6
2026-04-13 19:57:00,2.7411,2.7416,2.7406,2.7406,2.7461,2.7466,2.7456,2.7456,6
2026-04-13 19:58:00,2.7416,2.7421,2.7406,2.7421,2.7466,2.7471,2.7456,2.7471,15
2026-04-13 19:59:00,2.7426,2.7436,2.7416,2.7421,2.7476,2.7486,2.7466,2.7471,8
2026-04-13 20:00:00,2.7426,2.7426,2.7406,2.7406,2.7476,2.7476,2.7456,2.7456,23
2026-04-13 20:01:00,2.7401,2.7406,2.7356,2.7371,2.7451,2.7456,2.7406,2.7421,15
2026-04-13 20:02:00,2.7376,2.7376,2.7326,2.7326,2.7426,2.7426,2.7376,2.7376,34
2026-04-13 20:03:00,2.7336,2.7366,2.7326,2.7356,2.7386,2.7416,2.7376,2.7406,19
2026-04-13 20:04:00,2.7351,2.7376,2.7341,2.7356,2.7401,2.7426,2.7391,2.7406,24
2026-04-13 20:05:00,2.7351,2.7356,2.7341,2.7356,2.7401,2.7406,2.7391,2.7406,20
2026-04-13 20:06:00,2.7351,2.7376,2.7351,2.7356,2.7401,2.7426,2.7401,2.7406,14
2026-04-13 20:07:00,2.7351,2.7356,2.7326,2.7351,2.7401,2.7406,2.7376,2.7401,27
2026-04-13 20:08:00,2.7356,2.7376,2.7306,2.7371,2.7406,2.7426,2.7356,2.7421,40
2026-04-13 20:09:00,2.7366,2.7376,2.7356,2.7376,2.7416,2.7426,2.7406,2.7426,10
2026-04-13 20:10:00,2.7366,2.7366,2.7346,2.7356,2.7416,2.7416,2.7396,2.7406,23
2026-04-13 20:11:00,2.7351,2.7366,2.7346,2.7366,2.7401,2.7416,2.7396,2.7416,18
2026-04-13 20:12:00,2.7356,2.7366,2.7346,2.7356,2.7406,2.7416,2.7396,2.7406,12
2026-04-13 20:13:00,2.7351,2.7366,2.7346,2.7356,2.7401,2.7416,2.7396,2.7406,22
2026-04-13 20:14:00,2.7346,2.7356,2.7336,2.7346,2.7396,2.7406,2.7386,2.7396,14
2026-04-13 20:15:00,2.7356,2.7366,2.7336,2.7346,2.7406,2.7416,2.7386,2.7396,24
2026-04-13 20:16:00,2.7341,2.7356,2.7336,2.7346,2.7391,2.7406,2.7386,2.7396,15
2026-04-13 20:17:00,2.7336,2.7356,2.7326,2.7336,2.7386,2.7406,2.7376,2.7386,39
2026-04-13 20:18:00,2.7326,2.7346,2.7326,2.7341,2.7376,2.7396,2.7376,2.7391,26
2026-04-13 20:19:00,2.7331,2.7356,2.7326,2.7356,2.7381,2.7406,2.7376,2.7406,26
2026-04-13 20:20:00,2.7361,2.7366,2.7346,2.7356,2.7411,2.7416,2.7396,2.7406,35
2026-04-13 20:21:00,2.7351,2.7366,2.7341,2.7356,2.7401,2.7416,2.7391,2.7406,31
2026-04-13 20:22:00,2.7361,2.7376,2.7356,2.7366,2.7411,2.7426,2.7406,2.7416,11
2026-04-13 20:23:00,2.7376,2.7386,2.7356,2.7366,2.7426,2.7436,2.7406,2.7416,18
2026-04-13 20:24:00,2.7376,2.7396,2.7361,2.7366,2.7426,2.7446,2.7411,2.7416,31
2026-04-13 20:25:00,2.7376,2.7386,2.7366,2.7376,2.7426,2.7436,2.7416,2.7426,16
2026-04-13 20:26:00,2.7366,2.7366,2.7356,2.7356,2.7416,2.7416,2.7406,2.7406,33
2026-04-13 20:27:00,2.7366,2.7386,2.7351,2.7376,2.7416,2.7436,2.7401,2.7426,37
2026-04-13 20:28:00,2.7386,2.7386,2.7351,2.7366,2.7436,2.7436,2.7401,2.7416,69
2026-04-13 20:29:00,2.7371,2.7401,2.7366,2.7376,2.7421,2.7451,2.7416,2.7426,52
2026-04-13 20:30:00,2.7371,2.7386,2.7341,2.7346,2.7421,2.7436,2.7391,2.7396,33
2026-04-13 20:31:00,2.7336,2.7346,2.7301,2.7316,2.7386,2.7396,2.7351,2.7366,47
2026-04-13 20:32:00,2.7326,2.7346,2.7316,2.7346,2.7376,2.7396,2.7366,2.7396,20
2026-04-13 20:33:00,2.7336,2.7366,2.7336,2.7356,2.7386,2.7416,2.7386,2.7406,29
2026-04-13 20:34:00,2.7346,2.7356,2.7336,2.7346,2.7396,2.7406,2.7386,2.7396,21
2026-04-13 20:35:00,2.7351,2.7386,2.7346,2.7376,2.7401,2.7436,2.7396,2.7426,20
2026-04-13 20:36:00,2.7381,2.7386,2.7351,2.7366,2.7431,2.7436,2.7401,2.7416,20
2026-04-13 20:37:00,2.7371,2.7376,2.7366,2.7366,2.7421,2.7426,2.7416,2.7416,7
2026-04-13 20:38:00,2.7371,2.7386,2.7366,2.7386,2.7421,2.7436,2.7416,2.7436,8
2026-04-13 20:39:00,2.7381,2.7386,2.7376,2.7376,2.7431,2.7436,2.7426,2.7426,21
2026-04-13 20:40:00,2.7381,2.7381,2.7356,2.7376,2.7431,2.7431,2.7406,2.7426,11
2026-04-13 20:41:00,2.7371,2.7386,2.7366,2.7386,2.7421,2.7436,2.7416,2.7436,20
2026-04-13 20:42:00,2.7381,2.7391,2.7381,2.7386,2.7431,2.7441,2.7431,2.7436,17
2026-04-13 20:43:00,2.7381,2.7396,2.7381,2.7386,2.7431,2.7446,2.7431,2.7436,9
2026-04-13 20:44:00,2.7396,2.7396,2.7376,2.7386,2.7446,2.7446,2.7426,2.7436,7
2026-04-13 20:45:00,2.7396,2.7431,2.7356,2.7376,2.7446,2.7481,2.7406,2.7426,38
2026-04-13 20:46:00,2.7371,2.7386,2.7371,2.7376,2.7421,2.7436,2.7421,2.7426,13
2026-04-13 20:47:00,2.7386,2.7386,2.7376,2.7376,2.7436,2.7436,2.7426,2.7426,5
2026-04-13 20:48:00,2.7386,2.7426,2.7386,2.7416,2.7436,2.7476,2.7436,2.7466,32
2026-04-13 20:49:00,2.7426,2.7426,2.7406,2.7406,2.7476,2.7476,2.7456,2.7456,5
2026-04-13 20:50:00,2.7401,2.7406,2.7396,2.7401,2.7451,2.7456,2.7446,2.7451,8
2026-04-13 20:51:00,2.7396,2.7406,2.7376,2.7396,2.7446,2.7456,2.7426,2.7446,32
2026-04-13 20:52:00,2.7391,2.7396,2.7376,2.7396,2.7441,2.7446,2.7426,2.7446,20
2026-04-13 20:53:00,2.7386,2.7406,2.7386,2.7406,2.7436,2.7456,2.7436,2.7456,8
2026-04-13 20:54:00,2.7416,2.7416,2.7386,2.7386,2.7466,2.7466,2.7436,2.7436,17
2026-04-13 20:55:00,2.7381,2.7386,2.7361,2.7376,2.7431,2.7436,2.7411,2.7426,23
2026-04-13 20:56:00,2.7381,2.7406,2.7376,2.7406,2.7431,2.7456,2.7426,2.7456,23
2026-04-13 20:57:00,2.7396,2.7406,2.7396,2.7406,2.7446,2.7456,2.7446,2.7456,11
2026-04-13 20:58:00,2.7396,2.7416,2.7396,2.7416,2.7446,2.7466,2.7446,2.7466,29
2026-04-13 20:59:00,2.7411,2.7416,2.7411,2.7416,2.7461,2.7466,2.7461,2.7466,4
2026-04-13 21:00:00,2.7411,2.7436,2.7406,2.7426,2.7461,2.7486,2.7456,2.7476,8
2026-04-13 21:01:00,2.7436,2.7436,2.7426,2.7436,2.7486,2.7486,2.7476,2.7486,3
2026-04-13 21:02:00,2.7441,2.7446,2.7436,2.7436,2.7491,2.7496,2.7486,2.7486,8
2026-04-13 21:03:00,2.7426,2.7436,2.7426,2.7426,2.7476,2.7486,2.7476,2.7476,7
2026-04-13 21:04:00,2.7416,2.7446,2.7416,2.7436,2.7466,2.7496,2.7466,2.7486,7
2026-04-13 21:05:00,2.7441,2.7451,2.7436,2.7436,2.7491,2.7501,2.7486,2.7486,7
2026-04-13 21:06:00,2.7441,2.7446,2.7441,2.7446,2.7491,2.7496,2.7491,2.7496,2
2026-04-13 21:07:00,2.7436,2.7446,2.7426,2.7436,2.7486,2.7496,2.7476,2.7486,11
2026-04-13 21:08:00,2.7426,2.7436,2.7426,2.7426,2.7476,2.7486,2.7476,2.7476,4
2026-04-13 21:09:00,2.7416,2.7416,2.7406,2.7406,2.7466,2.7466,2.7456,2.7456,2
2026-04-13 21:10:00,2.7416,2.7426,2.7416,2.7416,2.7466,2.7476,2.7466,2.7466,5
2026-04-13 21:11:00,2.7426,2.7426,2.7416,2.7416,2.7476,2.7476,2.7466,2.7466,3
2026-04-13 21:12:00,2.7411,2.7416,2.7406,2.7416,2.7461,2.7466,2.7456,2.7466,5
2026-04-13 21:13:00,2.7411,2.7421,2.7406,2.7416,2.7461,2.7471,2.7456,2.7466,6
2026-04-13 21:14:00,2.7406,2.7416,2.7396,2.7416,2.7456,2.7466,2.7446,2.7466,11
2026-04-13 21:16:00,2.7406,2.7406,2.7386,2.7386,2.7456,2.7456,2.7436,2.7436,4
2026-04-13 21:17:00,2.7381,2.7381,2.7361,2.7366,2.7431,2.7431,2.7411,2.7416,8
2026-04-13 21:18:00,2.7361,2.7376,2.7356,2.7376,2.7411,2.7426,2.7406,2.7426,6
2026-04-13 21:19:00,2.7366,2.7366,2.7366,2.7366,2.7416,2.7416,2.7416,2.7416,1
2026-04-13 21:20:00,2.7371,2.7371,2.7356,2.7366,2.7421,2.7421,2.7406,2.7416,8
2026-04-13 21:21:00,2.7371,2.7376,2.7366,2.7366,2.7421,2.7426,2.7416,2.7416,9
2026-04-13 21:22:00,2.7371,2.7371,2.7366,2.7366,2.7421,2.7421,2.7416,2.7416,2
2026-04-13 21:23:00,2.7361,2.7366,2.7356,2.7366,2.7411,2.7416,2.7406,2.7416,4
2026-04-13 21:25:00,2.7356,2.7381,2.7356,2.7376,2.7406,2.7431,2.7406,2.7426,8
2026-04-13 21:26:00,2.7386,2.7406,2.7386,2.7406,2.7436,2.7456,2.7436,2.7456,13
2026-04-13 21:27:00,2.7401,2.7401,2.7386,2.7396,2.7451,2.7451,2.7436,2.7446,4
2026-04-13 21:28:00,2.7406,2.7406,2.7396,2.7396,2.7456,2.7456,2.7446,2.7446,5
2026-04-13 21:29:00,2.7401,2.7416,2.7401,2.7406,2.7451,2.7466,2.7451,2.7456,11
2026-04-13 21:30:00,2.7416,2.7426,2.7406,2.7416,2.7466,2.7476,2.7456,2.7466,13
2026-04-13 21:31:00,2.7406,2.7406,2.7406,2.7406,2.7456,2.7456,2.7456,2.7456,1
2026-04-13 21:32:00,2.7416,2.7416,2.7416,2.7416,2.7466,2.7466,2.7466,2.7466,1
2026-04-13 21:33:00,2.7406,2.7406,2.7401,2.7406,2.7456,2.7456,2.7451,2.7456,3
2026-04-13 21:34:00,2.7401,2.7401,2.7396,2.7396,2.7451,2.7451,2.7446,2.7446,2
2026-04-13 21:35:00,2.7401,2.7411,2.7401,2.7406,2.7451,2.7461,2.7451,2.7456,4
2026-04-13 21:36:00,2.7396,2.7396,2.7381,2.7396,2.7446,2.7446,2.7431,2.7446,13
2026-04-13 21:37:00,2.7386,2.7396,2.7386,2.7386,2.7436,2.7446,2.7436,2.7436,3
2026-04-13 21:39:00,2.7381,2.7386,2.7381,2.7386,2.7431,2.7436,2.7431,2.7436,2
2026-04-13 21:40:00,2.7396,2.7396,2.7386,2.7391,2.7446,2.7446,2.7436,2.7441,5
2026-04-13 21:41:00,2.7386,2.7396,2.7386,2.7396,2.7436,2.7446,2.7436,2.7446,2
2026-04-13 21:42:00,2.7401,2.7406,2.7396,2.7406,2.7451,2.7456,2.7446,2.7456,8
2026-04-13 21:43:00,2.7396,2.7396,2.7386,2.7396,2.7446,2.7446,2.7436,2.7446,5
2026-04-13 21:44:00,2.7386,2.7391,2.7386,2.7391,2.7436,2.7441,2.7436,2.7441,2
2026-04-13 21:45:00,2.7396,2.7396,2.7386,2.7396,2.7446,2.7446,2.7436,2.7446,8
2026-04-13 21:46:00,2.7386,2.7396,2.7386,2.7386,2.7436,2.7446,2.7436,2.7436,3
2026-04-13 21:47:00,2.7396,2.7396,2.7396,2.7396,2.7446,2.7446,2.7446,2.7446,1
2026-04-13 21:48:00,2.7386,2.7396,2.7386,2.7396,2.7436,2.7446,2.7436,2.7446,6
2026-04-13 21:49:00,2.7386,2.7386,2.7386,2.7386,2.7436,2.7436,2.7436,2.7436,1
2026-04-13 21:50:00,2.7381,2.7386,2.7376,2.7376,2.7431,2.7436,2.7426,2.7426,6
2026-04-13 21:51:00,2.7386,2.7386,2.7371,2.7376,2.7436,2.7436,2.7421,2.7426,9
2026-04-13 21:52:00,2.7381,2.7386,2.7376,2.7376,2.7431,2.7436,2.7426,2.7426,6
2026-04-13 21:53:00,2.7366,2.7386,2.7366,2.7376,2.7416,2.7436,2.7416,2.7426,13
2026-04-13 21:54:00,2.7381,2.7381,2.7366,2.7376,2.7431,2.7431,2.7416,2.7426,8
2026-04-13 21:55:00,2.7381,2.7396,2.7376,2.7386,2.7431,2.7446,2.7426,2.7436,10
2026-04-13 21:56:00,2.7381,2.7386,2.7376,2.7386,2.7431,2.7436,2.7426,2.7436,7
2026-04-13 21:57:00,2.7396,2.7396,2.7391,2.7396,2.7446,2.7446,2.7441,2.7446,3
2026-04-13 21:58:00,2.7406,2.7406,2.7396,2.7406,2.7456,2.7456,2.7446,2.7456,7
2026-04-13 21:59:00,2.7401,2.7406,2.7401,2.7406,2.7451,2.7456,2.7451,2.7456,8
2026-04-13 22:00:00,2.7411,2.7416,2.7396,2.7406,2.7461,2.7466,2.7446,2.7456,9
2026-04-13 22:01:00,2.7411,2.7411,2.7396,2.7406,2.7461,2.7461,2.7446,2.7456,7
2026-04-13 22:02:00,2.7416,2.7426,2.7416,2.7416,2.7466,2.7476,2.7466,2.7466,3
2026-04-13 22:03:00,2.7411,2.7411,2.7386,2.7396,2.7461,2.7461,2.7436,2.7446,5
2026-04-13 22:04:00,2.7386,2.7396,2.7376,2.7376,2.7436,2.7446,2.7426,2.7426,5
2026-04-13 22:05:00,2.7386,2.7386,2.7386,2.7386,2.7436,2.7436,2.7436,2.7436,1
2026-04-13 22:06:00,2.7391,2.7406,2.7386,2.7396,2.7441,2.7456,2.7436,2.7446,6
2026-04-13 22:07:00,2.7406,2.7406,2.7391,2.7396,2.7456,2.7456,2.7441,2.7446,7
2026-04-13 22:08:00,2.7386,2.7396,2.7376,2.7386,2.7436,2.7446,2.7426,2.7436,7
2026-04-13 22:09:00,2.7391,2.7396,2.7386,2.7386,2.7441,2.7446,2.7436,2.7436,3
2026-04-13 22:10:00,2.7391,2.7396,2.7386,2.7386,2.7441,2.7446,2.7436,2.7436,3
2026-04-13 22:11:00,2.7381,2.7396,2.7376,2.7386,2.7431,2.7446,2.7426,2.7436,9
2026-04-13 22:12:00,2.7396,2.7396,2.7386,2.7386,2.7446,2.7446,2.7436,2.7436,3
2026-04-13 22:13:00,2.7396,2.7396,2.7386,2.7396,2.7446,2.7446,2.7436,2.7446,23
2026-04-13 22:15:00,2.7401,2.7406,2.7396,2.7406,2.7451,2.7456,2.7446,2.7456,16
2026-04-13 22:18:00,2.7401,2.7401,2.7396,2.7396,2.7451,2.7451,2.7446,2.7446,2
2026-04-13 22:21:00,2.7406,2.7416,2.7406,2.7406,2.7456,2.7466,2.7456,2.7456,3
2026-04-13 22:22:00,2.7416,2.7426,2.7396,2.7416,2.7466,2.7476,2.7446,2.7466,8
2026-04-13 22:23:00,2.7421,2.7446,2.7416,2.7426,2.7471,2.7496,2.7466,2.7476,15
2026-04-13 22:24:00,2.7416,2.7426,2.7416,2.7426,2.7466,2.7476,2.7466,2.7476,4
2026-04-13 22:25:00,2.7421,2.7421,2.7396,2.7401,2.7471,2.7471,2.7446,2.7451,12
2026-04-13 22:26:00,2.7406,2.7406,2.7396,2.7401,2.7456,2.7456,2.7446,2.7451,4
2026-04-13 22:27:00,2.7396,2.7396,2.7386,2.7391,2.7446,2.7446,2.7436,2.7441,7
2026-04-13 22:28:00,2.7401,2.7401,2.7391,2.7396,2.7451,2.7451,2.7441,2.7446,8
2026-04-13 22:29:00,2.7401,2.7401,2.7376,2.7391,2.7451,2.7451,2.7426,2.7441,6
2026-04-13 22:30:00,2.7386,2.7386,2.7386,2.7386,2.7436,2.7436,2.7436,2.7436,1
2026-04-13 22:31:00,2.7381,2.7396,2.7381,2.7391,2.7431,2.7446,2.7431,2.7441,6
2026-04-13 22:32:00,2.7386,2.7386,2.7386,2.7386,2.7436,2.7436,2.7436,2.7436,1
2026-04-13 22:33:00,2.7391,2.7391,2.7381,2.7381,2.7441,2.7441,2.7431,2.7431,2
2026-04-13 22:34:00,2.7386,2.7386,2.7376,2.7376,2.7436,2.7436,2.7426,2.7426,10
2026-04-13 22:35:00,2.7366,2.7376,2.7366,2.7371,2.7416,2.7426,2.7416,2.7421,9
2026-04-13 22:36:00,2.7376,2.7376,2.7371,2.7376,2.7426,2.7426,2.7421,2.7426,3
2026-04-13 22:37:00,2.7386,2.7386,2.7376,2.7376,2.7436,2.7436,2.7426,2.7426,2
2026-04-13 22:38:00,2.7381,2.7381,2.7376,2.7376,2.7431,2.7431,2.7426,2.7426,2
2026-04-13 22:39:00,2.7371,2.7376,2.7371,2.7376,2.7421,2.7426,2.7421,2.7426,2
2026-04-13 22:40:00,2.7371,2.7386,2.7371,2.7386,2.7421,2.7436,2.7421,2.7436,8
2026-04-13 22:41:00,2.7376,2.7386,2.7376,2.7376,2.7426,2.7436,2.7426,2.7426,5
2026-04-13 22:42:00,2.7366,2.7376,2.7366,2.7366,2.7416,2.7426,2.7416,2.7416,6
2026-04-13 22:43:00,2.7371,2.7371,2.7366,2.7366,2.7421,2.7421,2.7416,2.7416,2
2026-04-13 22:44:00,2.7356,2.7376,2.7356,2.7376,2.7406,2.7426,2.7406,2.7426,7
2026-04-13 22:45:00,2.7366,2.7376,2.7366,2.7371,2.7416,2.7426,2.7416,2.7421,7
2026-04-13 22:46:00,2.7361,2.7366,2.7361,2.7361,2.7411,2.7416,2.7411,2.7411,9
2026-04-13 22:47:00,2.7366,2.7376,2.7346,2.7351,2.7416,2.7426,2.7396,2.7401,15
2026-04-13 22:48:00,2.7356,2.7356,2.7346,2.7346,2.7406,2.7406,2.7396,2.7396,9
2026-04-13 22:49:00,2.7351,2.7366,2.7346,2.7351,2.7401,2.7416,2.7396,2.7401,15
2026-04-13 22:50:00,2.7346,2.7346,2.7336,2.7336,2.7396,2.7396,2.7386,2.7386,5
2026-04-13 22:53:00,2.7331,2.7336,2.7326,2.7326,2.7381,2.7386,2.7376,2.7376,14
2026-04-13 22:54:00,2.7331,2.7346,2.7331,2.7346,2.7381,2.7396,2.7381,2.7396,5
2026-04-13 22:55:00,2.7341,2.7351,2.7336,2.7346,2.7391,2.7401,2.7386,2.7396,7
2026-04-13 22:56:00,2.7341,2.7381,2.7341,2.7376,2.7391,2.7431,2.7391,2.7426,11
2026-04-13 22:57:00,2.7391,2.7396,2.7376,2.7376,2.7441,2.7446,2.7426,2.7426,8
2026-04-13 22:58:00,2.7381,2.7381,2.7366,2.7371,2.7431,2.7431,2.7416,2.7421,6
2026-04-13 22:59:00,2.7376,2.749,2.7376,2.7485,2.7426,2.754,2.7426,2.7535,20
2026-04-14 00:00:00,2.749,2.749,2.748,2.7485,2.754,2.754,2.753,2.7535,3
2026-04-14 00:01:00,2.748,2.751,2.748,2.751,2.753,2.756,2.753,2.756,9
2026-04-14 00:02:00,2.7505,2.751,2.749,2.7495,2.7555,2.756,2.754,2.7545,9
2026-04-14 00:03:00,2.749,2.7495,2.749,2.7495,2.754,2.7545,2.754,2.7545,2
2026-04-14 00:04:00,2.75,2.75,2.7495,2.75,2.755,2.755,2.7545,2.755,3
2026-04-14 00:06:00,2.7495,2.75,2.7495,2.75,2.7545,2.755,2.7545,2.755,4
2026-04-14 00:07:00,2.7495,2.7505,2.749,2.75,2.7545,2.7555,2.754,2.755,10
2026-04-14 00:08:00,2.7495,2.75,2.749,2.7495,2.7545,2.755,2.754,2.7545,5
2026-04-14 00:09:00,2.749,2.75,2.749,2.7495,2.754,2.755,2.754,2.7545,5
2026-04-14 00:10:00,2.75,2.75,2.7495,2.7495,2.755,2.755,2.7545,2.7545,2
2026-04-14 00:11:00,2.75,2.7505,2.75,2.7505,2.755,2.7555,2.755,2.7555,2
2026-04-14 00:13:00,2.7495,2.7495,2.7495,2.7495,2.7545,2.7545,2.7545,2.7545,1
2026-04-14 00:14:00,2.75,2.75,2.75,2.75,2.755,2.755,2.755,2.755,1
2026-04-14 00:15:00,2.7505,2.751,2.75,2.75,2.7555,2.756,2.755,2.755,4
2026-04-14 00:16:00,2.7505,2.751,2.7505,2.751,2.7555,2.756,2.7555,2.756,4
2026-04-14 00:17:00,2.7505,2.751,2.749,2.751,2.7555,2.756,2.754,2.756,7
2026-04-14 00:18:00,2.75,2.7505,2.75,2.7505,2.755,2.7555,2.755,2.7555,2
2026-04-14 00:19:00,2.751,2.751,2.75,2.75,2.756,2.756,2.755,2.755,3
2026-04-14 00:20:00,2.7495,2.7495,2.7495,2.7495,2.7545,2.7545,2.7545,2.7545,1
2026-04-14 00:21:00,2.75,2.75,2.7495,2.75,2.755,2.755,2.7545,2.755,3
2026-04-14 00:22:00,2.7495,2.7495,2.7495,2.7495,2.7545,2.7545,2.7545,2.7545,1
2026-04-14 00:24:00,2.749,2.749,2.749,2.749,2.754,2.754,2.754,2.754,1
2026-04-14 00:25:00,2.7495,2.7495,2.7495,2.7495,2.7545,2.7545,2.7545,2.7545,1
2026-04-14 00:27:00,2.75,2.75,2.75,2.75,2.755,2.755,2.755,2.755,1
2026-04-14 00:28:00,2.7505,2.7505,2.7505,2.7505,2.7555,2.7555,2.7555,2.7555,1
2026-04-14 00:29:00,2.75,2.75,2.7495,2.7495,2.755,2.755,2.7545,2.7545,2
2026-04-14 00:30:00,2.75,2.751,2.75,2.75,2.755,2.756,2.755,2.755,5
2026-04-14 00:31:00,2.7495,2.75,2.749,2.749,2.7545,2.755,2.754,2.754,4
2026-04-14 00:32:00,2.7495,2.7495,2.749,2.749,2.7545,2.7545,2.754,2.754,2
2026-04-14 00:33:00,2.7495,2.75,2.749,2.7495,2.7545,2.755,2.754,2.7545,5
2026-04-14 00:34:00,2.75,2.75,2.75,2.75,2.755,2.755,2.755,2.755,1
2026-04-14 00:37:00,2.7495,2.7495,2.7495,2.7495,2.7545,2.7545,2.7545,2.7545,1
2026-04-14 00:38:00,2.75,2.75,2.7495,2.75,2.755,2.755,2.7545,2.755,3
2026-04-14 00:40:00,2.7505,2.7505,2.749,2.749,2.7555,2.7555,2.754,2.754,4
2026-04-14 00:41:00,2.748,2.748,2.747,2.7475,2.753,2.753,2.752,2.7525,6
2026-04-14 00:42:00,2.748,2.748,2.748,2.748,2.753,2.753,2.753,2.753,1
2026-04-14 00:43:00,2.7485,2.749,2.7485,2.749,2.7535,2.754,2.7535,2.754,2
2026-04-14 00:44:00,2.7495,2.7495,2.749,2.7495,2.7545,2.7545,2.754,2.7545,3
2026-04-14 00:45:00,2.749,2.749,2.7485,2.749,2.754,2.754,2.7535,2.754,3
2026-04-14 00:46:00,2.7495,2.7495,2.749,2.749,2.7545,2.7545,2.754,2.754,2
2026-04-14 00:48:00,2.7485,2.7485,2.748,2.748,2.7535,2.7535,2.753,2.753,2
2026-04-14 00:49:00,2.749,2.749,2.749,2.749,2.754,2.754,2.754,2.754,1
2026-04-14 00:50:00,2.7485,2.7485,2.748,2.748,2.7535,2.7535,2.753,2.753,2
2026-04-14 00:53:00,2.747,2.747,2.7455,2.7455,2.752,2.752,2.7505,2.7505,3
2026-04-14 00:54:00,2.746,2.746,2.746,2.746,2.751,2.751,2.751,2.751,1
2026-04-14 00:55:00,2.7451,2.7451,2.7445,2.7445,2.75,2.75,2.7495,2.7495,4
2026-04-14 00:56:00,2.7451,2.7451,2.743,2.7435,2.75,2.75,2.748,2.7485,5
2026-04-14 00:57:00,2.744,2.7445,2.744,2.7445,2.749,2.7495,2.749,2.7495,4
2026-04-14 00:59:00,2.744,2.744,2.744,2.744,2.749,2.749,2.749,2.749,1
2026-04-14 01:00:00,2.7435,2.7435,2.741,2.742,2.7485,2.7485,2.746,2.747,7
2026-04-14 01:02:00,2.741,2.741,2.7405,2.7405,2.746,2.746,2.7455,2.7455,2
2026-04-14 01:03:00,2.741,2.741,2.7401,2.7401,2.746,2.746,2.7451,2.7451,2
2026-04-14 01:04:00,2.7405,2.741,2.7395,2.7405,2.7455,2.746,2.7445,2.7455,5
2026-04-14 01:05:00,2.7401,2.7405,2.7401,2.7405,2.7451,2.7455,2.7451,2.7455,2
2026-04-14 01:08:00,2.741,2.742,2.7405,2.741,2.746,2.747,2.7455,2.746,6
2026-04-14 01:09:00,2.7415,2.7415,2.741,2.741,2.7465,2.7465,2.746,2.746,2
2026-04-14 01:10:00,2.7415,2.7415,2.741,2.741,2.7465,2.7465,2.746,2.746,2
2026-04-14 01:11:00,2.7415,2.7415,2.7415,2.7415,2.7465,2.7465,2.7465,2.7465,1
2026-04-14 01:12:00,2.741,2.741,2.7401,2.7401,2.746,2.746,2.7451,2.7451,3
2026-04-14 01:13:00,2.7405,2.7405,2.7401,2.7405,2.7455,2.7455,2.7451,2.7455,9
2026-04-14 01:14:00,2.7401,2.741,2.7401,2.741,2.7451,2.746,2.7451,2.746,2
2026-04-14 01:16:00,2.7405,2.7405,2.7405,2.7405,2.7455,2.7455,2.7455,2.7455,1
2026-04-14 01:17:00,2.741,2.741,2.741,2.741,2.746,2.746,2.746,2.746,1
2026-04-14 01:20:00,2.742,2.742,2.742,2.742,2.747,2.747,2.747,2.747,1
2026-04-14 01:21:00,2.7415,2.742,2.7415,2.7415,2.7465,2.747,2.7465,2.7465,3
2026-04-14 01:24:00,2.742,2.742,2.742,2.742,2.747,2.747,2.747,2.747,1
2026-04-14 01:25:00,2.7415,2.742,2.7415,2.7415,2.7465,2.747,2.7465,2.7465,3
2026-04-14 01:26:00,2.742,2.743,2.7415,2.7425,2.747,2.748,2.7465,2.7475,5
2026-04-14 01:27:00,2.742,2.742,2.7405,2.7405,2.747,2.747,2.7455,2.7455,4
2026-04-14 01:29:00,2.7401,2.741,2.7401,2.7401,2.7451,2.746,2.7451,2.7451,4
2026-04-14 01:30:00,2.741,2.741,2.7405,2.7405,2.746,2.746,2.7455,2.7455,2
2026-04-14 01:31:00,2.741,2.741,2.741,2.741,2.746,2.746,2.746,2.746,1
2026-04-14 01:33:00,2.7405,2.7405,2.7405,2.7405,2.7455,2.7455,2.7455,2.7455,1
2026-04-14 01:34:00,2.7416,2.7425,2.741,2.7415,2.7466,2.7475,2.746,2.7465,4
2026-04-14 01:35:00,2.742,2.742,2.742,2.742,2.747,2.747,2.747,2.747,1
2026-04-14 01:36:00,2.7425,2.7425,2.7415,2.7415,2.7475,2.7475,2.7465,2.7465,3
2026-04-14 01:37:00,2.742,2.7425,2.742,2.742,2.747,2.7475,2.747,2.747,3
2026-04-14 01:40:00,2.7415,2.742,2.7415,2.742,2.7465,2.747,2.7465,2.747,2
2026-04-14 01:43:00,2.7425,2.7425,2.742,2.7425,2.7475,2.7475,2.747,2.7475,3
2026-04-14 01:45:00,2.742,2.742,2.7405,2.7405,2.747,2.747,2.7455,2.7455,3
2026-04-14 01:46:00,2.7401,2.7401,2.739,2.7401,2.7451,2.7451,2.744,2.7451,5
2026-04-14 01:47:00,2.7395,2.7401,2.7395,2.7401,2.7445,2.7451,2.7445,2.7451,2
2026-04-14 01:48:00,2.7395,2.7395,2.7395,2.7395,2.7445,2.7445,2.7445,2.7445,1
2026-04-14 01:49:00,2.739,2.7401,2.739,2.7401,2.744,2.7451,2.744,2.7451,3
2026-04-14 01:50:00,2.7395,2.741,2.7395,2.7405,2.7445,2.746,2.7445,2.7455,5
2026-04-14 01:51:00,2.741,2.741,2.741,2.741,2.746,2.746,2.746,2.746,1
2026-04-14 01:52:00,2.7415,2.7415,2.7415,2.7415,2.7465,2.7465,2.7465,2.7465,1
2026-04-14 01:53:00,2.741,2.742,2.741,2.742,2.746,2.747,2.746,2.747,2
2026-04-14 01:54:00,2.7425,2.7425,2.741,2.742,2.7475,2.7475,2.746,2.747,4
2026-04-14 01:55:00,2.7425,2.7425,2.742,2.742,2.7475,2.7475,2.747,2.747,2
2026-04-14 01:56:00,2.7415,2.7415,2.739,2.739,2.7465,2.7465,2.744,2.744,7
2026-04-14 01:57:00,2.7395,2.7401,2.7395,2.7401,2.7445,2.7451,2.7445,2.7451,4
2026-04-14 01:59:00,2.7405,2.7405,2.7401,2.7401,2.7455,2.7455,2.7451,2.7451,2
2026-04-14 02:00:00,2.741,2.743,2.741,2.7425,2.746,2.748,2.746,2.7475,8
2026-04-14 02:01:00,2.742,2.7425,2.742,2.7425,2.747,2.7475,2.747,2.7475,2
2026-04-14 02:02:00,2.742,2.7425,2.742,2.742,2.747,2.7475,2.747,2.747,5
2026-04-14 02:03:00,2.7425,2.743,2.7425,2.743,2.7475,2.748,2.7475,2.748,2
2026-04-14 02:04:00,2.742,2.7425,2.742,2.742,2.747,2.7475,2.747,2.747,3
2026-04-14 02:05:00,2.7425,2.743,2.7425,2.7425,2.7475,2.748,2.7475,2.7475,3
2026-04-14 02:06:00,2.743,2.743,2.742,2.742,2.748,2.748,2.747,2.747,3
2026-04-14 02:07:00,2.7415,2.7415,2.738,2.741,2.7465,2.7465,2.743,2.746,19
2026-04-14 02:08:00,2.7415,2.7425,2.7405,2.7425,2.7465,2.7475,2.7455,2.7475,24
2026-04-14 02:09:00,2.742,2.743,2.742,2.743,2.747,2.748,2.747,2.748,9
2026-04-14 02:10:00,2.742,2.742,2.7415,2.742,2.747,2.747,2.7465,2.747,15
2026-04-14 02:11:00,2.7415,2.7415,2.741,2.741,2.7465,2.7465,2.746,2.746,2
2026-04-14 02:12:00,2.7415,2.7415,2.7405,2.7405,2.7465,2.7465,2.7455,2.7455,30
2026-04-14 02:13:00,2.7415,2.743,2.7405,2.743,2.7465,2.748,2.7455,2.748,10
2026-04-14 02:14:00,2.7425,2.743,2.7425,2.743,2.7475,2.748,2.7475,2.748,4
2026-04-14 02:15:00,2.742,2.742,2.7405,2.7405,2.747,2.747,2.7455,2.7455,4
2026-04-14 02:16:00,2.741,2.741,2.7401,2.7401,2.746,2.746,2.7451,2.7451,5
2026-04-14 02:17:00,2.7395,2.741,2.7395,2.7401,2.7445,2.746,2.7445,2.7451,6
2026-04-14 02:18:00,2.7405,2.7405,2.7401,2.7401,2.7455,2.7455,2.7451,2.7451,2
2026-04-14 02:19:00,2.739,2.739,2.738,2.738,2.744,2.744,2.743,2.743,2
2026-04-14 02:20:00,2.7386,2.7395,2.738,2.7395,2.7435,2.7445,2.743,2.7445,8
2026-04-14 02:21:00,2.739,2.7395,2.739,2.739,2.744,2.7445,2.744,2.744,5
2026-04-14 02:22:00,2.7386,2.7386,2.736,2.736,2.7435,2.7435,2.741,2.741,10
2026-04-14 02:23:00,2.737,2.737,2.7355,2.7365,2.742,2.742,2.7405,2.7415,3
2026-04-14 02:24:00,2.736,2.736,2.735,2.736,2.741,2.741,2.74,2.741,6
2026-04-14 02:25:00,2.737,2.7375,2.7365,2.737,2.742,2.7425,2.7415,2.742,21
2026-04-14 02:26:00,2.738,2.738,2.735,2.735,2.743,2.743,2.74,2.74,6
2026-04-14 02:27:00,2.7355,2.7365,2.7355,2.7365,2.7405,2.7415,2.7405,2.7415,9
2026-04-14 02:28:00,2.7355,2.737,2.7355,2.737,2.7405,2.742,2.7405,2.742,6
2026-04-14 02:29:00,2.7375,2.7386,2.7375,2.7386,2.7425,2.7435,2.7425,2.7435,4
2026-04-14 02:30:00,2.739,2.739,2.738,2.738,2.744,2.744,2.743,2.743,3
2026-04-14 02:31:00,2.737,2.7375,2.735,2.735,2.742,2.7425,2.74,2.74,23
2026-04-14 02:32:00,2.736,2.7365,2.736,2.7365,2.741,2.7415,2.741,2.7415,2
2026-04-14 02:33:00,2.737,2.7375,2.737,2.737,2.742,2.7425,2.742,2.742,3
2026-04-14 02:34:00,2.7375,2.738,2.737,2.738,2.7425,2.743,2.742,2.743,5
2026-04-14 02:35:00,2.7375,2.7386,2.7375,2.7386,2.7425,2.7435,2.7425,2.7435,3
2026-04-14 02:36:00,2.738,2.7386,2.7375,2.738,2.743,2.7435,2.7425,2.743,5
2026-04-14 02:37:00,2.739,2.739,2.737,2.737,2.744,2.744,2.742,2.742,10
2026-04-14 02:38:00,2.7365,2.7375,2.7365,2.7375,2.7415,2.7425,2.7415,2.7425,3
2026-04-14 02:39:00,2.7365,2.737,2.7365,2.737,2.7415,2.742,2.7415,2.742,2
2026-04-14 02:40:00,2.7375,2.738,2.7365,2.737,2.7425,2.743,2.7415,2.742,6
2026-04-14 02:41:00,2.7365,2.737,2.7365,2.737,2.7415,2.742,2.7415,2.742,10
2026-04-14 02:42:00,2.7365,2.7365,2.7365,2.7365,2.7415,2.7415,2.7415,2.7415,1
2026-04-14 02:43:00,2.737,2.7375,2.7365,2.737,2.742,2.7425,2.7415,2.742,7
2026-04-14 02:44:00,2.7365,2.737,2.7365,2.7365,2.7415,2.742,2.7415,2.7415,3
2026-04-14 02:45:00,2.737,2.737,2.7365,2.737,2.742,2.742,2.7415,2.742,7
2026-04-14 02:46:00,2.7375,2.738,2.737,2.737,2.7425,2.743,2.742,2.742,4
2026-04-14 02:47:00,2.7375,2.7375,2.7375,2.7375,2.7425,2.7425,2.7425,2.7425,1
2026-04-14 02:49:00,2.737,2.737,2.7355,2.7365,2.742,2.742,2.7405,2.7415,4
2026-04-14 02:50:00,2.737,2.737,2.7365,2.7365,2.742,2.742,2.7415,2.7415,2
2026-04-14 02:51:00,2.736,2.736,2.735,2.735,2.741,2.741,2.74,2.74,2
2026-04-14 02:55:00,2.734,2.734,2.73,2.7321,2.739,2.739,2.735,2.737,7
2026-04-14 02:56:00,2.733,2.733,2.73,2.7315,2.738,2.738,2.735,2.7365,8
2026-04-14 02:57:00,2.7321,2.733,2.7321,2.733,2.737,2.738,2.737,2.738,3
2026-04-14 02:58:00,2.7335,2.7335,2.733,2.733,2.7385,2.7385,2.738,2.738,2
2026-04-14 02:59:00,2.734,2.734,2.734,2.734,2.739,2.739,2.739,2.739,1
2026-04-14 03:00:00,2.735,2.7375,2.734,2.7375,2.74,2.7425,2.739,2.7425,27
2026-04-14 03:01:00,2.737,2.738,2.7365,2.738,2.742,2.743,2.7415,2.743,10
2026-04-14 03:02:00,2.7375,2.7395,2.7375,2.739,2.7425,2.7445,2.7425,2.744,8
2026-04-14 03:03:00,2.7395,2.742,2.7395,2.741,2.7445,2.747,2.7445,2.746,7
2026-04-14 03:04:00,2.7415,2.7435,2.741,2.743,2.7465,2.7485,2.746,2.748,9
2026-04-14 03:05:00,2.7425,2.7425,2.741,2.742,2.7475,2.7475,2.746,2.747,4
2026-04-14 03:06:00,2.7425,2.7425,2.741,2.741,2.7475,2.7475,2.746,2.746,6
2026-04-14 03:07:00,2.7395,2.741,2.7395,2.7405,2.7445,2.746,2.7445,2.7455,7
2026-04-14 03:08:00,2.7401,2.7401,2.7386,2.7386,2.7451,2.7451,2.7435,2.7435,4
2026-04-14 03:09:00,2.739,2.7405,2.738,2.7401,2.744,2.7455,2.743,2.7451,14
2026-04-14 03:10:00,2.7405,2.7405,2.7405,2.7405,2.7455,2.7455,2.7455,2.7455,1
2026-04-14 03:11:00,2.74,2.741,2.738,2.739,2.745,2.746,2.743,2.744,20
2026-04-14 03:12:00,2.7395,2.7395,2.7395,2.7395,2.7445,2.7445,2.7445,2.7445,1
2026-04-14 03:13:00,2.739,2.7395,2.7386,2.7386,2.744,2.7445,2.7435,2.7435,5
2026-04-14 03:14:00,2.739,2.739,2.7386,2.7386,2.744,2.744,2.7435,2.7435,2
2026-04-14 03:15:00,2.739,2.7415,2.739,2.7405,2.744,2.7465,2.744,2.7455,8
2026-04-14 03:16:00,2.741,2.742,2.741,2.741,2.746,2.747,2.746,2.746,6
2026-04-14 03:18:00,2.7405,2.7405,2.7401,2.7401,2.7455,2.7455,2.7451,2.7451,2
2026-04-14 03:19:00,2.7395,2.7405,2.7395,2.7405,2.7445,2.7455,2.7445,2.7455,3
2026-04-14 03:20:00,2.741,2.741,2.7395,2.7395,2.746,2.746,2.7445,2.7445,3
2026-04-14 03:21:00,2.7401,2.7401,2.7386,2.7386,2.7451,2.7451,2.7435,2.7435,3
2026-04-14 03:22:00,2.738,2.7386,2.738,2.738,2.743,2.7435,2.743,2.743,3
2026-04-14 03:23:00,2.7386,2.739,2.737,2.738,2.7435,2.744,2.742,2.743,13
2026-04-14 03:24:00,2.7386,2.739,2.738,2.7386,2.7435,2.744,2.743,2.7435,11
2026-04-14 03:25:00,2.738,2.739,2.7375,2.7386,2.743,2.744,2.7425,2.7435,9
2026-04-14 03:26:00,2.738,2.7386,2.7375,2.738,2.743,2.7435,2.7425,2.743,12
2026-04-14 03:27:00,2.7386,2.7386,2.7375,2.738,2.7435,2.7435,2.7425,2.743,13
2026-04-14 03:28:00,2.7386,2.7395,2.7386,2.7386,2.7435,2.7445,2.7435,2.7435,18
2026-04-14 03:29:00,2.738,2.7386,2.738,2.7386,2.743,2.7435,2.743,2.7435,2
2026-04-14 03:30:00,2.739,2.7395,2.7386,2.7395,2.744,2.7445,2.7435,2.7445,10
2026-04-14 03:31:00,2.7386,2.7405,2.7386,2.7405,2.7435,2.7455,2.7435,2.7455,16
2026-04-14 03:32:00,2.7401,2.7405,2.7395,2.7405,2.7451,2.7455,2.7445,2.7455,3
2026-04-14 03:33:00,2.74,2.741,2.74,2.741,2.745,2.746,2.745,2.746,4
2026-04-14 03:34:00,2.7415,2.7415,2.7395,2.741,2.7465,2.7465,2.7445,2.746,5
2026-04-14 03:35:00,2.7395,2.7395,2.7395,2.7395,2.7445,2.7445,2.7445,2.7445,1
2026-04-14 03:36:00,2.7401,2.742,2.7401,2.742,2.7451,2.747,2.7451,2.747,7
2026-04-14 03:38:00,2.7425,2.743,2.741,2.7415,2.7475,2.748,2.746,2.7465,14
2026-04-14 03:39:00,2.741,2.741,2.741,2.741,2.746,2.746,2.746,2.746,1
2026-04-14 03:40:00,2.7405,2.7405,2.7401,2.7401,2.7455,2.7455,2.7451,2.7451,2
2026-04-14 03:41:00,2.7395,2.7401,2.7395,2.7401,2.7445,2.7451,2.7445,2.7451,2
2026-04-14 03:42:00,2.7405,2.741,2.7401,2.7405,2.7455,2.746,2.7451,2.7455,4
2026-04-14 03:43:00,2.7401,2.7405,2.7395,2.7395,2.7451,2.7455,2.7445,2.7445,6
2026-04-14 03:44:00,2.7401,2.7401,2.7395,2.7395,2.7451,2.7451,2.7445,2.7445,4
2026-04-14 03:45:00,2.739,2.7395,2.739,2.739,2.744,2.7445,2.744,2.744,3
2026-04-14 03:46:00,2.7401,2.7401,2.7395,2.7395,2.7451,2.7451,2.7445,2.7445,2
2026-04-14 03:48:00,2.738,2.738,2.738,2.738,2.743,2.743,2.743,2.743,1
2026-04-14 03:49:00,2.7386,2.7395,2.7386,2.739,2.7435,2.7445,2.7435,2.744,4
2026-04-14 03:51:00,2.7386,2.739,2.7386,2.739,2.7435,2.744,2.7435,2.744,2
2026-04-14 03:52:00,2.7401,2.7401,2.7395,2.7395,2.7451,2.7451,2.7445,2.7445,2
2026-04-14 03:53:00,2.739,2.739,2.739,2.739,2.744,2.744,2.744,2.744,1
2026-04-14 03:54:00,2.7395,2.7401,2.7395,2.7401,2.7445,2.7451,2.7445,2.7451,6
2026-04-14 03:55:00,2.739,2.7401,2.739,2.7401,2.744,2.7451,2.744,2.7451,5
2026-04-14 03:56:00,2.7395,2.7395,2.7395,2.7395,2.7445,2.7445,2.7445,2.7445,1
2026-04-14 03:57:00,2.739,2.739,2.7386,2.7386,2.744,2.744,2.7435,2.7435,2
2026-04-14 03:58:00,2.739,2.739,2.7386,2.7386,2.744,2.744,2.7435,2.7435,2
2026-04-14 03:59:00,2.739,2.7395,2.739,2.7395,2.744,2.7445,2.744,2.7445,4
2026-04-14 04:00:00,2.739,2.7405,2.739,2.7405,2.744,2.7455,2.744,2.7455,2
2026-04-14 04:01:00,2.7401,2.7401,2.7395,2.7395,2.7451,2.7451,2.7445,2.7445,2
2026-04-14 04:02:00,2.7401,2.7401,2.7395,2.7395,2.7451,2.7451,2.7445,2.7445,2
2026-04-14 04:03:00,2.7401,2.7405,2.7395,2.7401,2.7451,2.7455,2.7445,2.7451,7
2026-04-14 04:04:00,2.7405,2.7405,2.7401,2.7401,2.7455,2.7455,2.7451,2.7451,2
2026-04-14 04:05:00,2.7395,2.7401,2.739,2.739,2.7445,2.7451,2.744,2.744,5
2026-04-14 04:06:00,2.7395,2.7395,2.7395,2.7395,2.7445,2.7445,2.7445,2.7445,1
2026-04-14 04:07:00,2.739,2.739,2.737,2.737,2.744,2.744,2.742,2.742,3
2026-04-14 04:08:00,2.7375,2.7375,2.737,2.737,2.7425,2.7425,2.742,2.742,2
2026-04-14 04:11:00,2.736,2.736,2.735,2.735,2.741,2.741,2.74,2.74,2
2026-04-14 04:12:00,2.7355,2.736,2.7355,2.736,2.7405,2.741,2.7405,2.741,2
2026-04-14 04:14:00,2.7355,2.736,2.7355,2.736,2.7405,2.741,2.7405,2.741,2
2026-04-14 04:16:00,2.7365,2.7365,2.736,2.736,2.7415,2.7415,2.741,2.741,2
2026-04-14 04:17:00,2.7365,2.7365,2.735,2.735,2.7415,2.7415,2.74,2.74,4
2026-04-14 04:20:00,2.7345,2.7345,2.734,2.7345,2.7395,2.7395,2.739,2.7395,3
2026-04-14 04:22:00,2.734,2.734,2.734,2.734,2.739,2.739,2.739,2.739,1
2026-04-14 04:23:00,2.735,2.735,2.7345,2.735,2.74,2.74,2.7395,2.74,3
2026-04-14 04:24:00,2.736,2.7365,2.7355,2.7355,2.741,2.7415,2.7405,2.7405,10
2026-04-14 04:25:00,2.736,2.7365,2.736,2.7365,2.741,2.7415,2.741,2.7415,2
2026-04-14 04:26:00,2.736,2.736,2.736,2.736,2.741,2.741,2.741,2.741,1
2026-04-14 04:27:00,2.7365,2.7365,2.7365,2.7365,2.7415,2.7415,2.7415,2.7415,1
2026-04-14 04:29:00,2.737,2.738,2.7365,2.7365,2.742,2.743,2.7415,2.7415,4
2026-04-14 04:30:00,2.737,2.7386,2.737,2.7386,2.742,2.7435,2.742,2.7435,6
2026-04-14 04:31:00,2.738,2.738,2.7365,2.7375,2.743,2.743,2.7415,2.7425,4
2026-04-14 04:32:00,2.738,2.738,2.7375,2.7375,2.743,2.743,2.7425,2.7425,2
2026-04-14 04:35:00,2.738,2.738,2.738,2.738,2.743,2.743,2.743,2.743,1
2026-04-14 04:36:00,2.7386,2.7386,2.7375,2.738,2.7435,2.7435,2.7425,2.743,4
2026-04-14 04:37:00,2.7375,2.7375,2.7375,2.7375,2.7425,2.7425,2.7425,2.7425,1
2026-04-14 04:39:00,2.737,2.737,2.7365,2.737,2.742,2.742,2.7415,2.742,3
2026-04-14 04:40:00,2.736,2.7365,2.736,2.7365,2.741,2.7415,2.741,2.7415,2
2026-04-14 04:42:00,2.737,2.737,2.7365,2.7365,2.742,2.742,2.7415,2.7415,2
2026-04-14 04:43:00,2.736,2.736,2.736,2.736,2.741,2.741,2.741,2.741,1
2026-04-14 04:44:00,2.7355,2.7355,2.7345,2.735,2.7405,2.7405,2.7395,2.74,3
2026-04-14 04:45:00,2.7345,2.7355,2.733,2.735,2.7395,2.7405,2.738,2.74,8
2026-04-14 04:46:00,2.7355,2.736,2.7355,2.7355,2.7405,2.741,2.7405,2.7405,3
2026-04-14 04:47:00,2.7365,2.7365,2.7355,2.7355,2.7415,2.7415,2.7405,2.7405,4
2026-04-14 04:48:00,2.735,2.735,2.7335,2.7335,2.74,2.74,2.7385,2.7385,5
2026-04-14 04:50:00,2.734,2.734,2.734,2.734,2.739,2.739,2.739,2.739,1
2026-04-14 04:51:00,2.7335,2.7335,2.7335,2.7335,2.7385,2.7385,2.7385,2.7385,1
2026-04-14 04:52:00,2.734,2.734,2.7335,2.7335,2.739,2.739,2.7385,2.7385,2
2026-04-14 04:53:00,2.733,2.733,2.733,2.733,2.738,2.738,2.738,2.738,1
2026-04-14 04:54:00,2.734,2.734,2.7335,2.7335,2.739,2.739,2.7385,2.7385,2
2026-04-14 04:56:00,2.734,2.734,2.733,2.733,2.739,2.739,2.738,2.738,3
2026-04-14 04:57:00,2.7325,2.733,2.731,2.7321,2.7375,2.738,2.736,2.737,11
2026-04-14 04:58:00,2.7315,2.7321,2.7315,2.7315,2.7365,2.737,2.7365,2.7365,3
2026-04-14 04:59:00,2.731,2.733,2.731,2.733,2.736,2.738,2.736,2.738,8
2026-04-14 05:00:00,2.7335,2.7335,2.733,2.733,2.7385,2.7385,2.738,2.738,4
2026-04-14 05:02:00,2.7335,2.7335,2.7325,2.7325,2.7385,2.7385,2.7375,2.7375,3
2026-04-14 05:03:00,2.732,2.7321,2.732,2.7321,2.737,2.737,2.737,2.737,2
2026-04-14 05:04:00,2.7315,2.7315,2.731,2.7315,2.7365,2.7365,2.736,2.7365,3
2026-04-14 05:05:00,2.7321,2.733,2.7321,2.733,2.737,2.738,2.737,2.738,3
2026-04-14 05:06:00,2.7335,2.7335,2.733,2.733,2.7385,2.7385,2.738,2.738,4
2026-04-14 05:08:00,2.7335,2.7335,2.733,2.7335,2.7385,2.7385,2.738,2.7385,5
2026-04-14 05:09:00,2.733,2.734,2.733,2.734,2.738,2.739,2.738,2.739,3
2026-04-14 05:11:00,2.733,2.733,2.733,2.733,2.738,2.738,2.738,2.738,1
2026-04-14 05:12:00,2.7325,2.7325,2.7321,2.7325,2.7375,2.7375,2.737,2.7375,3
2026-04-14 05:13:00,2.7321,2.733,2.7321,2.7321,2.737,2.738,2.737,2.737,5
2026-04-14 05:14:00,2.7325,2.7325,2.7325,2.7325,2.7375,2.7375,2.7375,2.7375,1
2026-04-14 05:15:00,2.733,2.733,2.7321,2.733,2.738,2.738,2.737,2.738,4
2026-04-14 05:16:00,2.7325,2.7335,2.7325,2.7335,2.7375,2.7385,2.7375,2.7385,5
2026-04-14 05:17:00,2.734,2.735,2.734,2.734,2.739,2.74,2.739,2.739,4
2026-04-14 05:18:00,2.735,2.735,2.733,2.7335,2.74,2.74,2.738,2.7385,5
2026-04-14 05:19:00,2.733,2.733,2.733,2.733,2.738,2.738,2.738,2.738,1
2026-04-14 05:22:00,2.7335,2.7335,2.733,2.733,2.7385,2.7385,2.738,2.738,2
2026-04-14 05:23:00,2.7335,2.734,2.7335,2.734,2.7385,2.739,2.7385,2.739,2
2026-04-14 05:25:00,2.733,2.734,2.7315,2.7325,2.738,2.739,2.7365,2.7375,10
2026-04-14 05:26:00,2.733,2.733,2.7321,2.733,2.738,2.738,2.737,2.738,9
2026-04-14 05:28:00,2.734,2.734,2.733,2.733,2.739,2.739,2.738,2.738,2
2026-04-14 05:29:00,2.7335,2.7355,2.7335,2.7355,2.7385,2.7405,2.7385,2.7405,6
2026-04-14 05:30:00,2.736,2.736,2.734,2.734,2.741,2.741,2.739,2.739,8
2026-04-14 05:31:00,2.7335,2.7335,2.7321,2.7321,2.7385,2.7385,2.737,2.737,3
2026-04-14 05:32:00,2.7325,2.7325,2.7325,2.7325,2.7375,2.7375,2.7375,2.7375,1
2026-04-14 05:33:00,2.7321,2.7325,2.7315,2.7321,2.737,2.7375,2.7365,2.737,6
2026-04-14 05:34:00,2.7315,2.7315,2.731,2.731,2.7365,2.7365,2.736,2.736,2
2026-04-14 05:37:00,2.73,2.73,2.727,2.728,2.735,2.735,2.732,2.733,8
2026-04-14 05:38:00,2.7275,2.7275,2.722,2.726,2.7325,2.7325,2.727,2.731,20
2026-04-14 05:39:00,2.725,2.726,2.725,2.725,2.73,2.731,2.73,2.73,13
2026-04-14 05:40:00,2.7255,2.726,2.7241,2.725,2.7305,2.731,2.729,2.73,8
2026-04-14 05:41:00,2.7245,2.7245,2.7235,2.7235,2.7295,2.7295,2.7285,2.7285,25
2026-04-14 05:42:00,2.7241,2.727,2.7241,2.727,2.729,2.732,2.729,2.732,4
2026-04-14 05:43:00,2.728,2.728,2.727,2.7275,2.733,2.733,2.732,2.7325,6
2026-04-14 05:45:00,2.727,2.728,2.725,2.726,2.732,2.733,2.73,2.731,16
2026-04-14 05:46:00,2.7255,2.726,2.725,2.726,2.7305,2.731,2.73,2.731,3
2026-04-14 05:47:00,2.725,2.725,2.725,2.725,2.73,2.73,2.73,2.73,1
2026-04-14 05:49:00,2.726,2.726,2.7245,2.7245,2.731,2.731,2.7295,2.7295,5
2026-04-14 05:51:00,2.7241,2.7241,2.7241,2.7241,2.729,2.729,2.729,2.729,1
2026-04-14 05:54:00,2.7245,2.7245,2.7245,2.7245,2.7295,2.7295,2.7295,2.7295,1
2026-04-14 05:55:00,2.725,2.7255,2.725,2.725,2.73,2.7305,2.73,2.73,3
2026-04-14 05:56:00,2.7255,2.7265,2.725,2.7265,2.7305,2.7315,2.73,2.7315,4
2026-04-14 05:57:00,2.727,2.727,2.727,2.727,2.732,2.732,2.732,2.732,1
2026-04-14 05:59:00,2.728,2.729,2.7275,2.7275,2.733,2.734,2.7325,2.7325,8
2026-04-14 06:01:00,2.728,2.7285,2.727,2.727,2.733,2.7335,2.732,2.732,6
2026-04-14 06:02:00,2.7275,2.7275,2.7275,2.7275,2.7325,2.7325,2.7325,2.7325,1
2026-04-14 06:03:00,2.728,2.728,2.728,2.728,2.733,2.733,2.733,2.733,1
2026-04-14 06:05:00,2.7275,2.728,2.7275,2.728,2.7325,2.733,2.7325,2.733,2
2026-04-14 06:06:00,2.7285,2.729,2.728,2.728,2.7335,2.734,2.733,2.733,3
2026-04-14 06:10:00,2.7285,2.7285,2.7275,2.7275,2.7335,2.7335,2.7325,2.7325,5
2026-04-14 06:11:00,2.727,2.728,2.727,2.728,2.732,2.733,2.732,2.733,2
2026-04-14 06:12:00,2.727,2.727,2.7265,2.727,2.732,2.732,2.7315,2.732,3
2026-04-14 06:13:00,2.7275,2.7275,2.727,2.727,2.7325,2.7325,2.732,2.732,4
2026-04-14 06:14:00,2.7275,2.7275,2.727,2.7275,2.7325,2.7325,2.732,2.7325,3
2026-04-14 06:15:00,2.727,2.728,2.727,2.728,2.732,2.733,2.732,2.733,2
2026-04-14 06:16:00,2.7275,2.7275,2.7265,2.727,2.7325,2.7325,2.7315,2.732,6
2026-04-14 06:17:00,2.7275,2.728,2.727,2.7275,2.7325,2.733,2.732,2.7325,4
2026-04-14 06:18:00,2.729,2.7306,2.729,2.7306,2.734,2.7355,2.734,2.7355,3
2026-04-14 06:19:00,2.73,2.731,2.73,2.7306,2.735,2.736,2.735,2.7355,5
2026-04-14 06:20:00,2.73,2.7306,2.73,2.73,2.735,2.7355,2.735,2.735,3
2026-04-14 06:21:00,2.7306,2.7306,2.7295,2.7295,2.7355,2.7355,2.7345,2.7345,3
2026-04-14 06:22:00,2.73,2.73,2.7275,2.7275,2.735,2.735,2.7325,2.7325,4
2026-04-14 06:23:00,2.727,2.728,2.727,2.728,2.732,2.733,2.732,2.733,5
2026-04-14 06:24:00,2.7275,2.7275,2.727,2.727,2.7325,2.7325,2.732,2.732,2
2026-04-14 06:25:00,2.7275,2.7275,2.727,2.727,2.7325,2.7325,2.732,2.732,2
2026-04-14 06:28:00,2.7275,2.7275,2.727,2.727,2.7325,2.7325,2.732,2.732,2
2026-04-14 06:30:00,2.7275,2.7275,2.727,2.727,2.7325,2.7325,2.732,2.732,2
2026-04-14 06:31:00,2.7275,2.728,2.7275,2.7275,2.7325,2.733,2.7325,2.7325,3
2026-04-14 06:34:00,2.727,2.727,2.726,2.727,2.732,2.732,2.731,2.732,6
2026-04-14 06:35:00,2.7265,2.7265,2.726,2.726,2.7315,2.7315,2.731,2.731,2
2026-04-14 06:36:00,2.725,2.726,2.7245,2.725,2.73,2.731,2.7295,2.73,6
2026-04-14 06:37:00,2.7255,2.726,2.7255,2.726,2.7305,2.731,2.7305,2.731,2
2026-04-14 06:39:00,2.727,2.727,2.726,2.726,2.732,2.732,2.731,2.731,2
2026-04-14 06:41:00,2.7255,2.726,2.725,2.726,2.7305,2.731,2.73,2.731,3
2026-04-14 06:42:00,2.7255,2.726,2.725,2.725,2.7305,2.731,2.73,2.73,6
2026-04-14 06:44:00,2.7255,2.7255,2.725,2.725,2.7305,2.7305,2.73,2.73,2
2026-04-14 06:45:00,2.7255,2.7255,2.725,2.7255,2.7305,2.7305,2.73,2.7305,3
2026-04-14 06:46:00,2.725,2.7255,2.725,2.7255,2.73,2.7305,2.73,2.7305,4
2026-04-14 06:47:00,2.725,2.7255,2.725,2.725,2.73,2.7305,2.73,2.73,3
2026-04-14 06:48:00,2.7245,2.7245,2.7245,2.7245,2.7295,2.7295,2.7295,2.7295,1
2026-04-14 06:49:00,2.725,2.725,2.7245,2.7245,2.73,2.73,2.7295,2.7295,2
2026-04-14 06:50:00,2.7235,2.7245,2.723,2.7241,2.7285,2.7295,2.728,2.729,7
2026-04-14 06:51:00,2.7235,2.7235,2.723,2.723,2.7285,2.7285,2.728,2.728,4
2026-04-14 06:52:00,2.7241,2.7241,2.7235,2.7235,2.729,2.729,2.7285,2.7285,2
2026-04-14 06:53:00,2.7241,2.7245,2.7235,2.7245,2.729,2.7295,2.7285,2.7295,8
2026-04-14 06:54:00,2.7241,2.7245,2.7235,2.7235,2.729,2.7295,2.7285,2.7285,12
2026-04-14 06:55:00,2.7245,2.725,2.7245,2.725,2.7295,2.73,2.7295,2.73,2
2026-04-14 06:56:00,2.7245,2.725,2.7245,2.725,2.7295,2.73,2.7295,2.73,4
2026-04-14 06:57:00,2.726,2.726,2.726,2.726,2.731,2.731,2.731,2.731,1
2026-04-14 06:58:00,2.727,2.727,2.725,2.725,2.732,2.732,2.73,2.73,3
2026-04-14 06:59:00,2.7255,2.726,2.7255,2.726,2.7305,2.731,2.7305,2.731,2
2026-04-14 07:00:00,2.7255,2.7255,2.725,2.725,2.7305,2.7305,2.73,2.73,4
2026-04-14 07:01:00,2.7245,2.725,2.7241,2.7241,2.7295,2.73,2.729,2.729,6
2026-04-14 07:02:00,2.7235,2.7241,2.723,2.7235,2.7285,2.729,2.728,2.7285,7
2026-04-14 07:07:00,2.723,2.723,2.723,2.723,2.728,2.728,2.728,2.728,1
2026-04-14 07:08:00,2.7226,2.7226,2.72,2.72,2.7275,2.7275,2.725,2.725,9
2026-04-14 07:09:00,2.7205,2.723,2.7205,2.723,2.7255,2.728,2.7255,2.728,8
2026-04-14 07:10:00,2.7235,2.7245,2.7235,2.7245,2.7285,2.7295,2.7285,2.7295,4
2026-04-14 07:11:00,2.725,2.725,2.725,2.725,2.73,2.73,2.73,2.73,1
2026-04-14 07:12:00,2.7255,2.7255,2.723,2.723,2.7305,2.7305,2.728,2.728,4
2026-04-14 07:13:00,2.7226,2.7226,2.7226,2.7226,2.7275,2.7275,2.7275,2.7275,1
2026-04-14 07:14:00,2.723,2.7235,2.722,2.7235,2.728,2.7285,2.727,2.7285,5
2026-04-14 07:15:00,2.723,2.723,2.722,2.722,2.728,2.728,2.727,2.727,2
2026-04-14 07:16:00,2.7226,2.723,2.7226,2.7226,2.7275,2.728,2.7275,2.7275,3
2026-04-14 07:17:00,2.723,2.723,2.723,2.723,2.728,2.728,2.728,2.728,1
2026-04-14 07:18:00,2.7226,2.7241,2.722,2.7226,2.7275,2.729,2.727,2.7275,7
2026-04-14 07:19:00,2.7235,2.7241,2.723,2.7235,2.7285,2.729,2.728,2.7285,5
2026-04-14 07:20:00,2.723,2.7235,2.722,2.722,2.728,2.7285,2.727,2.727,5
2026-04-14 07:21:00,2.721,2.721,2.7205,2.7205,2.726,2.726,2.7255,2.7255,2
2026-04-14 07:22:00,2.72,2.7215,2.72,2.7215,2.725,2.7265,2.725,2.7265,6
2026-04-14 07:23:00,2.72,2.7215,2.72,2.7215,2.725,2.7265,2.725,2.7265,5
2026-04-14 07:24:00,2.721,2.721,2.721,2.721,2.726,2.726,2.726,2.726,1
2026-04-14 07:25:00,2.7215,2.7215,2.7205,2.7205,2.7265,2.7265,2.7255,2.7255,4
2026-04-14 07:26:00,2.7215,2.722,2.7205,2.7205,2.7265,2.727,2.7255,2.7255,7
2026-04-14 07:28:00,2.721,2.7241,2.721,2.7241,2.726,2.729,2.726,2.729,5
2026-04-14 07:29:00,2.7245,2.7245,2.7245,2.7245,2.7295,2.7295,2.7295,2.7295,1
2026-04-14 07:30:00,2.7241,2.7241,2.723,2.7241,2.729,2.729,2.728,2.729,5
2026-04-14 07:31:00,2.7245,2.725,2.7245,2.725,2.7295,2.73,2.7295,2.73,4
2026-04-14 07:32:00,2.726,2.726,2.7245,2.7245,2.731,2.731,2.7295,2.7295,6
2026-04-14 07:33:00,2.725,2.7255,2.725,2.7255,2.73,2.7305,2.73,2.7305,2
2026-04-14 07:34:00,2.726,2.726,2.726,2.726,2.731,2.731,2.731,2.731,1
2026-04-14 07:35:00,2.727,2.727,2.726,2.727,2.732,2.732,2.731,2.732,3
2026-04-14 07:36:00,2.7265,2.7275,2.7265,2.7275,2.7315,2.7325,2.7315,2.7325,3
2026-04-14 07:38:00,2.728,2.728,2.726,2.726,2.733,2.733,2.731,2.731,4
2026-04-14 07:40:00,2.727,2.727,2.7265,2.727,2.732,2.732,2.7315,2.732,3
2026-04-14 07:41:00,2.7265,2.727,2.726,2.726,2.7315,2.732,2.731,2.731,3
2026-04-14 07:42:00,2.7265,2.7265,2.726,2.726,2.7315,2.7315,2.731,2.731,2
2026-04-14 07:43:00,2.7265,2.727,2.726,2.7265,2.7315,2.732,2.731,2.7315,5
2026-04-14 07:44:00,2.726,2.7265,2.726,2.7265,2.731,2.7315,2.731,2.7315,2
2026-04-14 07:45:00,2.727,2.727,2.7265,2.727,2.732,2.732,2.7315,2.732,3
2026-04-14 07:46:00,2.7265,2.7265,2.7265,2.7265,2.7315,2.7315,2.7315,2.7315,1
2026-04-14 07:47:00,2.726,2.726,2.726,2.726,2.731,2.731,2.731,2.731,1
2026-04-14 07:51:00,2.725,2.7255,2.725,2.7255,2.73,2.7305,2.73,2.7305,2
2026-04-14 07:52:00,2.725,2.725,2.725,2.725,2.73,2.73,2.73,2.73,1
2026-04-14 07:53:00,2.7255,2.7255,2.7245,2.7245,2.7305,2.7305,2.7295,2.7295,3
2026-04-14 07:54:00,2.7241,2.725,2.7241,2.725,2.729,2.73,2.729,2.73,3
2026-04-14 07:56:00,2.726,2.7265,2.726,2.7265,2.731,2.7315,2.731,2.7315,2
2026-04-14 07:57:00,2.727,2.727,2.727,2.727,2.732,2.732,2.732,2.732,1
2026-04-14 08:00:00,2.7265,2.727,2.7255,2.727,2.7315,2.732,2.7305,2.732,5
2026-04-14 08:01:00,2.7265,2.7265,2.725,2.7255,2.7315,2.7315,2.73,2.7305,4
2026-04-14 08:02:00,2.725,2.725,2.7241,2.7241,2.73,2.73,2.729,2.729,2
2026-04-14 08:03:00,2.7245,2.7245,2.723,2.723,2.7295,2.7295,2.728,2.728,4
2026-04-14 08:04:00,2.7235,2.7241,2.7235,2.7235,2.7285,2.729,2.7285,2.7285,3
2026-04-14 08:05:00,2.723,2.723,2.723,2.723,2.728,2.728,2.728,2.728,1
2026-04-14 08:06:00,2.7226,2.7241,2.7226,2.723,2.7275,2.729,2.7275,2.728,5
2026-04-14 08:07:00,2.7235,2.7235,2.722,2.7226,2.7285,2.7285,2.727,2.7275,5
2026-04-14 08:08:00,2.721,2.723,2.721,2.723,2.726,2.728,2.726,2.728,3
2026-04-14 08:09:00,2.7235,2.7235,2.7235,2.7235,2.7285,2.7285,2.7285,2.7285,1
2026-04-14 08:10:00,2.7241,2.7241,2.723,2.723,2.729,2.729,2.728,2.728,5
2026-04-14 08:11:00,2.7235,2.7241,2.7235,2.7241,2.7285,2.729,2.7285,2.729,2
2026-04-14 08:12:00,2.7235,2.7241,2.723,2.7241,2.7285,2.729,2.728,2.729,3
2026-04-14 08:13:00,2.7235,2.7235,2.723,2.723,2.7285,2.7285,2.728,2.728,2
2026-04-14 08:14:00,2.7235,2.7241,2.7235,2.7241,2.7285,2.729,2.7285,2.729,2
2026-04-14 08:16:00,2.723,2.7241,2.722,2.7241,2.728,2.729,2.727,2.729,6
2026-04-14 08:17:00,2.725,2.725,2.725,2.725,2.73,2.73,2.73,2.73,1
2026-04-14 08:18:00,2.7245,2.7255,2.7245,2.7255,2.7295,2.7305,2.7295,2.7305,2
2026-04-14 08:19:00,2.725,2.725,2.7241,2.7245,2.73,2.73,2.729,2.7295,3
2026-04-14 08:22:00,2.725,2.725,2.725,2.725,2.73,2.73,2.73,2.73,1
2026-04-14 08:23:00,2.7245,2.7265,2.7245,2.726,2.7295,2.7315,2.7295,2.731,5
2026-04-14 08:24:00,2.7265,2.727,2.7265,2.727,2.7315,2.732,2.7315,2.732,2
2026-04-14 08:25:00,2.726,2.726,2.726,2.726,2.731,2.731,2.731,2.731,1
2026-04-14 08:27:00,2.7255,2.726,2.725,2.725,2.7305,2.731,2.73,2.73,5
2026-04-14 08:28:00,2.7241,2.7241,2.7235,2.7241,2.729,2.729,2.7285,2.729,3
2026-04-14 08:29:00,2.7235,2.7241,2.7235,2.7241,2.7285,2.729,2.7285,2.729,6
2026-04-14 08:30:00,2.7235,2.7241,2.7235,2.7241,2.7285,2.729,2.7285,2.729,2
2026-04-14 08:31:00,2.723,2.725,2.723,2.7245,2.728,2.73,2.728,2.7295,6
2026-04-14 08:32:00,2.7241,2.726,2.7241,2.726,2.729,2.731,2.729,2.731,9
2026-04-14 08:34:00,2.7265,2.7265,2.7265,2.7265,2.7315,2.7315,2.7315,2.7315,1
2026-04-14 08:36:00,2.726,2.7265,2.726,2.7265,2.731,2.7315,2.731,2.7315,4
2026-04-14 08:37:00,2.727,2.727,2.7255,2.7255,2.732,2.732,2.7305,2.7305,12
2026-04-14 08:38:00,2.725,2.725,2.725,2.725,2.73,2.73,2.73,2.73,1
2026-04-14 08:39:00,2.7245,2.7245,2.7245,2.7245,2.7295,2.7295,2.7295,2.7295,1
2026-04-14 08:40:00,2.725,2.7255,2.7241,2.7241,2.73,2.7305,2.729,2.729,5
2026-04-14 08:41:00,2.7235,2.7241,2.723,2.723,2.7285,2.729,2.728,2.728,4
2026-04-14 08:42:00,2.7226,2.7241,2.722,2.7241,2.7275,2.729,2.727,2.729,12
2026-04-14 08:43:00,2.7245,2.725,2.7235,2.7235,2.7295,2.73,2.7285,2.7285,5
2026-04-14 08:44:00,2.7241,2.7245,2.7235,2.7245,2.729,2.7295,2.7285,2.7295,4
2026-04-14 08:45:00,2.725,2.725,2.7245,2.7245,2.73,2.73,2.7295,2.7295,2
2026-04-14 08:46:00,2.725,2.726,2.725,2.7255,2.73,2.731,2.73,2.7305,7
2026-04-14 08:47:00,2.726,2.729,2.726,2.729,2.731,2.734,2.731,2.734,11
2026-04-14 08:48:00,2.7285,2.73,2.7285,2.73,2.7335,2.735,2.7335,2.735,8
2026-04-14 08:49:00,2.7295,2.73,2.729,2.729,2.7345,2.735,2.734,2.734,10
2026-04-14 08:50:00,2.7285,2.729,2.7285,2.729,2.7335,2.734,2.7335,2.734,6
2026-04-14 08:51:00,2.73,2.73,2.73,2.73,2.735,2.735,2.735,2.735,1
2026-04-14 08:52:00,2.7295,2.73,2.7295,2.7295,2.7345,2.735,2.7345,2.7345,3
2026-04-14 08:53:00,2.729,2.7306,2.7285,2.729,2.734,2.7355,2.7335,2.734,10
2026-04-14 08:54:00,2.7295,2.7306,2.729,2.7306,2.7345,2.7355,2.734,2.7355,6
2026-04-14 08:55:00,2.731,2.731,2.7306,2.731,2.736,2.736,2.7355,2.736,9
2026-04-14 08:56:00,2.73,2.7306,2.7295,2.73,2.735,2.7355,2.7345,2.735,5
2026-04-14 08:57:00,2.7306,2.731,2.73,2.73,2.7355,2.736,2.735,2.735,10
2026-04-14 08:58:00,2.7306,2.731,2.729,2.7295,2.7355,2.736,2.734,2.7345,8
2026-04-14 08:59:00,2.729,2.729,2.7275,2.7275,2.734,2.734,2.7325,2.7325,3
2026-04-14 09:00:00,2.727,2.7275,2.725,2.725,2.732,2.7325,2.73,2.73,19
2026-04-14 09:01:00,2.726,2.726,2.7255,2.7255,2.731,2.731,2.7305,2.7305,6
2026-04-14 09:02:00,2.726,2.726,2.717,2.719,2.731,2.731,2.722,2.724,33
2026-04-14 09:03:00,2.7195,2.7215,2.719,2.7215,2.7245,2.7265,2.724,2.7265,9
2026-04-14 09:04:00,2.721,2.7215,2.72,2.72,2.726,2.7265,2.725,2.725,14
2026-04-14 09:05:00,2.7195,2.7205,2.7185,2.7195,2.7245,2.7255,2.7235,2.7245,13
2026-04-14 09:06:00,2.719,2.719,2.715,2.7161,2.724,2.724,2.72,2.721,36
2026-04-14 09:07:00,2.7155,2.7161,2.71,2.7105,2.7205,2.721,2.715,2.7155,25
2026-04-14 09:08:00,2.7115,2.713,2.7075,2.709,2.7165,2.718,2.7125,2.714,24
2026-04-14 09:09:00,2.7095,2.7095,2.7066,2.709,2.7145,2.7145,2.7115,2.714,29
2026-04-14 09:10:00,2.71,2.714,2.7095,2.714,2.715,2.719,2.7145,2.719,18
2026-04-14 09:11:00,2.7135,2.717,2.7135,2.7161,2.7185,2.722,2.7185,2.721,18
2026-04-14 09:12:00,2.715,2.715,2.712,2.713,2.72,2.72,2.717,2.718,14
2026-04-14 09:13:00,2.7125,2.713,2.711,2.7115,2.7175,2.718,2.716,2.7165,18
2026-04-14 09:14:00,2.711,2.711,2.71,2.7105,2.716,2.716,2.715,2.7155,4
2026-04-14 09:15:00,2.711,2.711,2.709,2.711,2.716,2.716,2.714,2.716,11
2026-04-14 09:16:00,2.7115,2.7135,2.7115,2.712,2.7165,2.7185,2.7165,2.717,14
2026-04-14 09:17:00,2.7115,2.7146,2.7115,2.714,2.7165,2.7195,2.7165,2.719,11
2026-04-14 09:18:00,2.7146,2.715,2.7135,2.715,2.7195,2.72,2.7185,2.72,9
2026-04-14 09:19:00,2.7155,2.7161,2.715,2.715,2.7205,2.721,2.72,2.72,6
2026-04-14 09:20:00,2.7146,2.715,2.714,2.714,2.7195,2.72,2.719,2.719,7
2026-04-14 09:21:00,2.715,2.7155,2.712,2.713,2.72,2.7205,2.717,2.718,16
2026-04-14 09:22:00,2.7125,2.7135,2.712,2.712,2.7175,2.7185,2.717,2.717,8
2026-04-14 09:23:00,2.713,2.715,2.713,2.7146,2.718,2.72,2.718,2.7195,11
2026-04-14 09:24:00,2.715,2.7155,2.712,2.7146,2.72,2.7205,2.717,2.7195,21
2026-04-14 09:25:00,2.715,2.717,2.713,2.7135,2.72,2.722,2.718,2.7185,12
2026-04-14 09:26:00,2.713,2.713,2.712,2.712,2.718,2.718,2.717,2.717,2
2026-04-14 09:27:00,2.713,2.713,2.7105,2.7115,2.718,2.718,2.7155,2.7165,9
2026-04-14 09:28:00,2.711,2.711,2.711,2.711,2.716,2.716,2.716,2.716,1
2026-04-14 09:29:00,2.712,2.713,2.7115,2.7125,2.717,2.718,2.7165,2.7175,13
2026-04-14 09:30:00,2.712,2.7135,2.711,2.7125,2.717,2.7185,2.716,2.7175,13
2026-04-14 09:31:00,2.713,2.713,2.712,2.713,2.718,2.718,2.717,2.718,4
2026-04-14 09:32:00,2.7125,2.713,2.7115,2.7115,2.7175,2.718,2.7165,2.7165,8
2026-04-14 09:33:00,2.713,2.7146,2.713,2.7146,2.718,2.7195,2.718,2.7195,7
2026-04-14 09:34:00,2.714,2.7146,2.714,2.714,2.719,2.7195,2.719,2.719,3
2026-04-14 10:24:00,2.7241,2.7241,2.723,2.723,2.729,2.729,2.728,2.728,3
2026-04-14 10:25:00,2.7226,2.7245,2.7226,2.7235,2.7275,2.7295,2.7275,2.7285,21
2026-04-14 10:26:00,2.7241,2.725,2.7235,2.7241,2.729,2.73,2.7285,2.729,7
2026-04-14 10:27:00,2.725,2.725,2.7245,2.725,2.73,2.73,2.7295,2.73,3
2026-04-14 10:28:00,2.7241,2.7245,2.7235,2.7241,2.729,2.7295,2.7285,2.729,8
2026-04-14 10:29:00,2.7235,2.725,2.723,2.725,2.7285,2.73,2.728,2.73,8
2026-04-14 10:30:00,2.7255,2.726,2.7235,2.7235,2.7305,2.731,2.7285,2.7285,20
2026-04-14 10:31:00,2.7241,2.7245,2.7235,2.7235,2.729,2.7295,2.7285,2.7285,14
2026-04-14 10:32:00,2.723,2.7245,2.723,2.7241,2.728,2.7295,2.728,2.729,9
2026-04-14 10:33:00,2.7245,2.7245,2.7241,2.7245,2.7295,2.7295,2.729,2.7295,3
2026-04-14 10:34:00,2.7255,2.726,2.725,2.725,2.7305,2.731,2.73,2.73,9
2026-04-14 10:35:00,2.7255,2.7255,2.7226,2.723,2.7305,2.7305,2.7275,2.728,14
2026-04-14 10:36:00,2.7241,2.7245,2.7235,2.7245,2.729,2.7295,2.7285,2.7295,18
2026-04-14 10:37:00,2.7241,2.7245,2.7241,2.7241,2.729,2.7295,2.729,2.729,3
2026-04-14 10:38:00,2.7245,2.7245,2.7245,2.7245,2.7295,2.7295,2.7295,2.7295,1
2026-04-14 10:39:00,2.7241,2.7241,2.723,2.7235,2.729,2.729,2.728,2.7285,5
2026-04-14 10:40:00,2.723,2.7241,2.723,2.7241,2.728,2.729,2.728,2.729,3
2026-04-14 10:41:00,2.7245,2.7245,2.7241,2.7245,2.7295,2.7295,2.729,2.7295,5
2026-04-14 10:42:00,2.725,2.7255,2.725,2.7255,2.73,2.7305,2.73,2.7305,18
2026-04-14 10:43:00,2.726,2.727,2.726,2.727,2.731,2.732,2.731,2.732,3
2026-04-14 10:44:00,2.7255,2.726,2.7241,2.725,2.7305,2.731,2.729,2.73,7
2026-04-14 10:45:00,2.7255,2.726,2.725,2.725,2.7305,2.731,2.73,2.73,4
2026-04-14 10:47:00,2.7245,2.725,2.723,2.723,2.7295,2.73,2.728,2.728,7
2026-04-14 10:48:00,2.7226,2.7226,2.7195,2.721,2.7275,2.7275,2.7245,2.726,10
2026-04-14 10:49:00,2.7215,2.7215,2.7185,2.7195,2.7265,2.7265,2.7235,2.7245,12
2026-04-14 10:50:00,2.72,2.723,2.719,2.722,2.725,2.728,2.724,2.727,11
2026-04-14 10:51:00,2.7226,2.7226,2.721,2.721,2.7275,2.7275,2.726,2.726,9
2026-04-14 10:52:00,2.7215,2.7215,2.721,2.721,2.7265,2.7265,2.726,2.726,2
2026-04-14 10:53:00,2.72,2.721,2.72,2.721,2.725,2.726,2.725,2.726,9
2026-04-14 10:55:00,2.7215,2.7215,2.7215,2.7215,2.7265,2.7265,2.7265,2.7265,1
2026-04-14 10:56:00,2.722,2.723,2.722,2.7226,2.727,2.728,2.727,2.7275,9
2026-04-14 10:57:00,2.723,2.723,2.7215,2.722,2.728,2.728,2.7265,2.727,8
2026-04-14 10:58:00,2.7226,2.723,2.7226,2.7226,2.7275,2.728,2.7275,2.7275,3
2026-04-14 10:59:00,2.723,2.723,2.7205,2.721,2.728,2.728,2.7255,2.726,21
2026-04-14 11:00:00,2.7215,2.7245,2.721,2.7235,2.7265,2.7295,2.726,2.7285,12
2026-04-14 11:01:00,2.723,2.723,2.7215,2.722,2.728,2.728,2.7265,2.727,9
2026-04-14 11:02:00,2.7215,2.722,2.721,2.722,2.7265,2.727,2.726,2.727,3
2026-04-14 11:03:00,2.7215,2.7226,2.721,2.7226,2.7265,2.7275,2.726,2.7275,7
2026-04-14 11:04:00,2.723,2.723,2.7226,2.7226,2.728,2.728,2.7275,2.7275,4
2026-04-14 11:05:00,2.723,2.7241,2.722,2.7235,2.728,2.729,2.727,2.7285,14
2026-04-14 11:06:00,2.7241,2.725,2.7235,2.7245,2.729,2.73,2.7285,2.7295,16
2026-04-14 11:07:00,2.725,2.725,2.725,2.725,2.73,2.73,2.73,2.73,1
2026-04-14 11:08:00,2.7245,2.725,2.7235,2.7245,2.7295,2.73,2.7285,2.7295,9
2026-04-14 11:09:00,2.7241,2.7255,2.7241,2.7245,2.729,2.7305,2.729,2.7295,9
2026-04-14 11:10:00,2.7241,2.7245,2.7235,2.7235,2.729,2.7295,2.7285,2.7285,4
2026-04-14 11:11:00,2.723,2.7245,2.7215,2.7215,2.728,2.7295,2.7265,2.7265,12
2026-04-14 11:12:00,2.722,2.7226,2.7205,2.721,2.727,2.7275,2.7255,2.726,8
2026-04-14 11:13:00,2.722,2.7226,2.721,2.7215,2.727,2.7275,2.726,2.7265,11
2026-04-14 11:14:00,2.7226,2.723,2.7215,2.723,2.7275,2.728,2.7265,2.728,12
2026-04-14 11:15:00,2.7226,2.7226,2.72,2.7205,2.7275,2.7275,2.725,2.7255,10
2026-04-14 11:16:00,2.721,2.721,2.719,2.719,2.726,2.726,2.724,2.724,6
2026-04-14 11:17:00,2.7195,2.721,2.7195,2.7205,2.7245,2.726,2.7245,2.7255,9
2026-04-14 11:18:00,2.7215,2.7215,2.7205,2.7215,2.7265,2.7265,2.7255,2.7265,3
2026-04-14 11:19:00,2.722,2.7226,2.7215,2.7226,2.727,2.7275,2.7265,2.7275,11
2026-04-14 11:20:00,2.7241,2.7241,2.7226,2.723,2.729,2.729,2.7275,2.728,10
2026-04-14 11:21:00,2.7235,2.7235,2.722,2.723,2.7285,2.7285,2.727,2.728,10
2026-04-14 11:22:00,2.7235,2.7235,2.723,2.7235,2.7285,2.7285,2.728,2.7285,3
2026-04-14 11:23:00,2.7226,2.7226,2.7215,2.722,2.7275,2.7275,2.7265,2.727,4
2026-04-14 11:24:00,2.7226,2.7226,2.722,2.7226,2.7275,2.7275,2.727,2.7275,7
2026-04-14 11:25:00,2.723,2.7235,2.7226,2.723,2.728,2.7285,2.7275,2.728,17
2026-04-14 11:26:00,2.7226,2.723,2.7226,2.723,2.7275,2.728,2.7275,2.728,2
2026-04-14 11:27:00,2.7235,2.7235,2.722,2.7226,2.7285,2.7285,2.727,2.7275,13
2026-04-14 11:28:00,2.722,2.7226,2.722,2.722,2.727,2.7275,2.727,2.727,7
2026-04-14 11:29:00,2.7226,2.723,2.722,2.7226,2.7275,2.728,2.727,2.7275,8
2026-04-14 11:30:00,2.723,2.726,2.723,2.726,2.728,2.731,2.728,2.731,12
2026-04-14 11:31:00,2.727,2.727,2.726,2.726,2.732,2.732,2.731,2.731,3
2026-04-14 11:32:00,2.725,2.7255,2.7235,2.7235,2.73,2.7305,2.7285,2.7285,12
2026-04-14 11:33:00,2.7241,2.7241,2.723,2.7235,2.729,2.729,2.728,2.7285,10
2026-04-14 11:34:00,2.723,2.7241,2.722,2.7235,2.728,2.729,2.727,2.7285,7
2026-04-14 11:35:00,2.7241,2.7255,2.7241,2.7255,2.729,2.7305,2.729,2.7305,7
2026-04-14 11:36:00,2.726,2.726,2.725,2.7255,2.731,2.731,2.73,2.7305,4
2026-04-14 11:37:00,2.726,2.726,2.725,2.725,2.731,2.731,2.73,2.73,7
2026-04-14 11:38:00,2.7245,2.726,2.7235,2.726,2.7295,2.731,2.7285,2.731,8
2026-04-14 11:39:00,2.7255,2.726,2.7255,2.726,2.7305,2.731,2.7305,2.731,4
2026-04-14 11:40:00,2.7255,2.7255,2.7235,2.7241,2.7305,2.7305,2.7285,2.729,5
2026-04-14 11:41:00,2.725,2.725,2.7235,2.7241,2.73,2.73,2.7285,2.729,4
2026-04-14 11:42:00,2.725,2.727,2.725,2.727,2.73,2.732,2.73,2.732,5
2026-04-14 11:43:00,2.7265,2.7265,2.7245,2.725,2.7315,2.7315,2.7295,2.73,6
2026-04-14 11:44:00,2.7245,2.726,2.723,2.7255,2.7295,2.731,2.728,2.7305,10
2026-04-14 11:45:00,2.726,2.727,2.7255,2.7255,2.731,2.732,2.7305,2.7305,7
2026-04-14 11:46:00,2.725,2.7255,2.725,2.7255,2.73,2.7305,2.73,2.7305,2
2026-04-14 11:47:00,2.725,2.7265,2.725,2.7265,2.73,2.7315,2.73,2.7315,4
2026-04-14 11:48:00,2.726,2.7265,2.725,2.725,2.731,2.7315,2.73,2.73,10
2026-04-14 11:49:00,2.7245,2.7255,2.7245,2.7255,2.7295,2.7305,2.7295,2.7305,5
2026-04-14 11:50:00,2.725,2.725,2.7245,2.7245,2.73,2.73,2.7295,2.7295,2
2026-04-14 11:51:00,2.7241,2.7245,2.7241,2.7245,2.729,2.7295,2.729,2.7295,10
2026-04-14 11:52:00,2.7241,2.725,2.7241,2.7245,2.729,2.73,2.729,2.7295,6
2026-04-14 11:53:00,2.7241,2.7255,2.7241,2.7255,2.729,2.7305,2.729,2.7305,3
2026-04-14 11:54:00,2.726,2.7275,2.726,2.7275,2.731,2.7325,2.731,2.7325,6
2026-04-14 11:55:00,2.728,2.729,2.726,2.7265,2.733,2.734,2.731,2.7315,23
2026-04-14 11:56:00,2.726,2.727,2.726,2.7265,2.731,2.732,2.731,2.7315,4
2026-04-14 11:57:00,2.727,2.727,2.726,2.726,2.732,2.732,2.731,2.731,3
2026-04-14 11:58:00,2.7265,2.727,2.7255,2.7255,2.7315,2.732,2.7305,2.7305,18
2026-04-14 11:59:00,2.726,2.726,2.725,2.725,2.731,2.731,2.73,2.73,7
2026-04-14 12:00:00,2.7245,2.726,2.7241,2.726,2.7295,2.731,2.729,2.731,7
2026-04-14 12:01:00,2.727,2.727,2.7235,2.7235,2.732,2.732,2.7285,2.7285,5
2026-04-14 12:02:00,2.7241,2.7265,2.7241,2.7255,2.729,2.7315,2.729,2.7305,10
2026-04-14 12:03:00,2.725,2.7255,2.7245,2.7255,2.73,2.7305,2.7295,2.7305,4
2026-04-14 12:04:00,2.725,2.7255,2.7245,2.7245,2.73,2.7305,2.7295,2.7295,4
2026-04-14 12:05:00,2.725,2.725,2.7235,2.7241,2.73,2.73,2.7285,2.729,7
2026-04-14 12:06:00,2.7235,2.7241,2.723,2.7235,2.7285,2.729,2.728,2.7285,17
2026-04-14 12:07:00,2.7241,2.7241,2.723,2.723,2.729,2.729,2.728,2.728,2
2026-04-14 12:08:00,2.7226,2.723,2.722,2.7226,2.7275,2.728,2.727,2.7275,5
2026-04-14 12:09:00,2.723,2.723,2.722,2.7226,2.728,2.728,2.727,2.7275,6
2026-04-14 12:10:00,2.722,2.722,2.722,2.722,2.727,2.727,2.727,2.727,1
2026-04-14 12:11:00,2.7226,2.7226,2.722,2.722,2.7275,2.7275,2.727,2.727,2
2026-04-14 12:12:00,2.7215,2.722,2.721,2.722,2.7265,2.727,2.726,2.727,3
2026-04-14 12:13:00,2.721,2.723,2.721,2.723,2.726,2.728,2.726,2.728,4
2026-04-14 12:15:00,2.7235,2.7241,2.723,2.723,2.7285,2.729,2.728,2.728,6
2026-04-14 12:16:00,2.7235,2.7235,2.722,2.723,2.7285,2.7285,2.727,2.728,5
2026-04-14 12:17:00,2.722,2.723,2.7215,2.723,2.727,2.728,2.7265,2.728,5
2026-04-14 12:19:00,2.7226,2.7226,2.7215,2.7215,2.7275,2.7275,2.7265,2.7265,5
2026-04-14 12:20:00,2.722,2.722,2.721,2.722,2.727,2.727,2.726,2.727,7
2026-04-14 12:21:00,2.721,2.721,2.721,2.721,2.726,2.726,2.726,2.726,1
2026-04-14 12:22:00,2.7215,2.722,2.7215,2.722,2.7265,2.727,2.7265,2.727,2
2026-04-14 12:24:00,2.723,2.723,2.721,2.722,2.728,2.728,2.726,2.727,9
2026-04-14 12:25:00,2.7215,2.725,2.7215,2.722,2.7265,2.73,2.7265,2.727,10
2026-04-14 12:26:00,2.7226,2.723,2.722,2.723,2.7275,2.728,2.727,2.728,4
2026-04-14 12:27:00,2.7226,2.7226,2.7215,2.722,2.7275,2.7275,2.7265,2.727,6
2026-04-14 12:28:00,2.721,2.722,2.721,2.722,2.726,2.727,2.726,2.727,2
2026-04-14 12:29:00,2.723,2.7241,2.7215,2.7226,2.728,2.729,2.7265,2.7275,10
2026-04-14 12:30:00,2.722,2.725,2.722,2.7241,2.727,2.73,2.727,2.729,16
2026-04-14 12:31:00,2.7255,2.726,2.725,2.725,2.7305,2.731,2.73,2.73,3
2026-04-14 12:32:00,2.726,2.727,2.7245,2.7245,2.731,2.732,2.7295,2.7295,7
2026-04-14 12:33:00,2.725,2.725,2.725,2.725,2.73,2.73,2.73,2.73,1
2026-04-14 12:34:00,2.726,2.7265,2.726,2.726,2.731,2.7315,2.731,2.731,3
2026-04-14 12:35:00,2.7255,2.7255,2.725,2.725,2.7305,2.7305,2.73,2.73,4
2026-04-14 12:36:00,2.726,2.7265,2.726,2.7265,2.731,2.7315,2.731,2.7315,2
2026-04-14 12:37:00,2.726,2.7265,2.726,2.726,2.731,2.7315,2.731,2.731,3
2026-04-14 12:38:00,2.727,2.7275,2.7265,2.727,2.732,2.7325,2.7315,2.732,7
2026-04-14 12:39:00,2.7275,2.7275,2.726,2.726,2.7325,2.7325,2.731,2.731,5
2026-04-14 12:40:00,2.7265,2.7265,2.726,2.726,2.7315,2.7315,2.731,2.731,4
2026-04-14 12:42:00,2.7265,2.7275,2.7265,2.727,2.7315,2.7325,2.7315,2.732,4
2026-04-14 12:43:00,2.728,2.728,2.7265,2.727,2.733,2.733,2.7315,2.732,4
2026-04-14 12:45:00,2.728,2.729,2.7275,2.729,2.733,2.734,2.7325,2.734,8
2026-04-14 12:46:00,2.7285,2.7285,2.7275,2.728,2.7335,2.7335,2.7325,2.733,8
2026-04-14 12:47:00,2.729,2.729,2.7265,2.7275,2.734,2.734,2.7315,2.7325,8
2026-04-14 12:48:00,2.727,2.727,2.7245,2.7245,2.732,2.732,2.7295,2.7295,8
2026-04-14 12:49:00,2.725,2.725,2.725,2.725,2.73,2.73,2.73,2.73,1
2026-04-14 12:50:00,2.726,2.726,2.725,2.726,2.731,2.731,2.73,2.731,5
2026-04-14 12:51:00,2.7255,2.7255,2.7241,2.7245,2.7305,2.7305,2.729,2.7295,5
2026-04-14 12:52:00,2.7241,2.7241,2.7226,2.723,2.729,2.729,2.7275,2.728,10
2026-04-14 12:53:00,2.7235,2.7241,2.723,2.7241,2.7285,2.729,2.728,2.729,6
2026-04-14 12:54:00,2.725,2.725,2.7235,2.7241,2.73,2.73,2.7285,2.729,8
2026-04-14 12:55:00,2.725,2.725,2.7235,2.7241,2.73,2.73,2.7285,2.729,4
2026-04-14 12:56:00,2.725,2.7255,2.725,2.7255,2.73,2.7305,2.73,2.7305,2
2026-04-14 12:57:00,2.726,2.726,2.7255,2.726,2.731,2.731,2.7305,2.731,3
2026-04-14 12:58:00,2.7255,2.7255,2.7235,2.725,2.7305,2.7305,2.7285,2.73,7
2026-04-14 12:59:00,2.7255,2.726,2.725,2.725,2.7305,2.731,2.73,2.73,5
2026-04-14 13:00:00,2.726,2.73,2.726,2.73,2.731,2.735,2.731,2.735,13
2026-04-14 13:01:00,2.7295,2.7295,2.7265,2.727,2.7345,2.7345,2.7315,2.732,7
2026-04-14 13:02:00,2.726,2.73,2.726,2.73,2.731,2.735,2.731,2.735,19
2026-04-14 13:03:00,2.729,2.73,2.729,2.7295,2.734,2.735,2.734,2.7345,7
2026-04-14 13:04:00,2.73,2.733,2.729,2.729,2.735,2.738,2.734,2.734,14
2026-04-14 13:05:00,2.73,2.73,2.729,2.73,2.735,2.735,2.734,2.735,3
2026-04-14 13:06:00,2.7306,2.731,2.73,2.73,2.7355,2.736,2.735,2.735,6
2026-04-14 13:07:00,2.7306,2.7306,2.728,2.729,2.7355,2.7355,2.733,2.734,7
2026-04-14 13:08:00,2.728,2.729,2.728,2.729,2.733,2.734,2.733,2.734,3
2026-04-14 13:11:00,2.73,2.73,2.7285,2.729,2.735,2.735,2.7335,2.734,10
2026-04-14 13:12:00,2.7295,2.7295,2.729,2.729,2.7345,2.7345,2.734,2.734,2
2026-04-14 13:14:00,2.728,2.7295,2.728,2.728,2.733,2.7345,2.733,2.733,12
2026-04-14 13:15:00,2.729,2.729,2.726,2.7275,2.734,2.734,2.731,2.7325,16
2026-04-14 13:16:00,2.727,2.728,2.727,2.7275,2.732,2.733,2.732,2.7325,4
2026-04-14 13:17:00,2.727,2.729,2.727,2.728,2.732,2.734,2.732,2.733,4
2026-04-14 13:18:00,2.7275,2.728,2.7265,2.728,2.7325,2.733,2.7315,2.733,5
2026-04-14 13:19:00,2.729,2.729,2.725,2.726,2.734,2.734,2.73,2.731,10
2026-04-14 13:20:00,2.7255,2.728,2.725,2.7265,2.7305,2.733,2.73,2.7315,15
2026-04-14 13:21:00,2.727,2.728,2.726,2.726,2.732,2.733,2.731,2.731,14
2026-04-14 13:23:00,2.7265,2.7265,2.722,2.723,2.7315,2.7315,2.727,2.728,14
2026-04-14 13:24:00,2.7235,2.725,2.7235,2.7235,2.7285,2.73,2.7285,2.7285,12
2026-04-14 13:25:00,2.724,2.7241,2.723,2.7235,2.729,2.729,2.728,2.7285,12
2026-04-14 13:26:00,2.7241,2.7241,2.723,2.723,2.729,2.729,2.728,2.728,13
2026-04-14 13:27:00,2.7241,2.7241,2.723,2.7241,2.729,2.729,2.728,2.729,12
2026-04-14 13:28:00,2.7235,2.7235,2.721,2.7226,2.7285,2.7285,2.726,2.7275,10
2026-04-14 13:29:00,2.723,2.723,2.721,2.721,2.728,2.728,2.726,2.726,6
2026-04-14 13:30:00,2.722,2.726,2.722,2.7245,2.727,2.731,2.727,2.7295,24
2026-04-14 13:31:00,2.7241,2.7265,2.7241,2.7245,2.729,2.7315,2.729,2.7295,15
2026-04-14 13:32:00,2.725,2.726,2.7241,2.726,2.73,2.731,2.729,2.731,18
2026-04-14 13:33:00,2.727,2.727,2.7255,2.726,2.732,2.732,2.7305,2.731,8
2026-04-14 13:34:00,2.7265,2.727,2.725,2.726,2.7315,2.732,2.73,2.731,8
2026-04-14 13:35:00,2.725,2.727,2.7241,2.725,2.73,2.732,2.729,2.73,9
2026-04-14 13:36:00,2.7241,2.7241,2.722,2.723,2.729,2.729,2.727,2.728,6
2026-04-14 13:37:00,2.7235,2.7241,2.721,2.721,2.7285,2.729,2.726,2.726,6
2026-04-14 13:38:00,2.72,2.722,2.719,2.722,2.725,2.727,2.724,2.727,16
2026-04-14 13:39:00,2.721,2.721,2.72,2.72,2.726,2.726,2.725,2.725,2
2026-04-14 13:40:00,2.719,2.719,2.714,2.714,2.724,2.724,2.719,2.719,19
2026-04-14 13:41:00,2.7135,2.7135,2.712,2.713,2.7185,2.7185,2.717,2.718,19
2026-04-14 13:42:00,2.714,2.714,2.709,2.709,2.719,2.719,2.714,2.714,37
2026-04-14 13:43:00,2.71,2.712,2.709,2.712,2.715,2.717,2.714,2.717,17
2026-04-14 13:44:00,2.713,2.715,2.7125,2.714,2.718,2.72,2.7175,2.719,20
2026-04-14 13:45:00,2.713,2.717,2.713,2.717,2.718,2.722,2.718,2.722,23
2026-04-14 13:46:00,2.7161,2.7165,2.7146,2.7161,2.721,2.7215,2.7195,2.721,21
2026-04-14 13:47:00,2.7155,2.718,2.715,2.718,2.7205,2.723,2.72,2.723,16
2026-04-14 13:48:00,2.719,2.72,2.718,2.72,2.724,2.725,2.723,2.725,29
2026-04-14 13:49:00,2.7205,2.7215,2.72,2.7215,2.7255,2.7265,2.725,2.7265,13
2026-04-14 13:50:00,2.7205,2.7205,2.7155,2.718,2.7255,2.7255,2.7205,2.723,53
2026-04-14 13:51:00,2.7175,2.72,2.7165,2.72,2.7225,2.725,2.7215,2.725,14
2026-04-14 13:52:00,2.719,2.72,2.719,2.719,2.724,2.725,2.724,2.724,7
2026-04-14 13:53:00,2.7195,2.721,2.719,2.72,2.7245,2.726,2.724,2.725,11
2026-04-14 13:54:00,2.7205,2.722,2.72,2.722,2.7255,2.727,2.725,2.727,11
2026-04-14 13:55:00,2.721,2.721,2.719,2.719,2.726,2.726,2.724,2.724,3
2026-04-14 13:56:00,2.7195,2.721,2.7195,2.721,2.7245,2.726,2.7245,2.726,5
2026-04-14 13:57:00,2.7205,2.7205,2.7105,2.711,2.7255,2.7255,2.7155,2.716,35
2026-04-14 13:58:00,2.7115,2.713,2.6965,2.711,2.7165,2.718,2.7015,2.716,124
2026-04-14 13:59:00,2.712,2.7161,2.711,2.7155,2.717,2.721,2.716,2.7205,38
2026-04-14 14:00:00,2.715,2.72,2.712,2.712,2.72,2.725,2.717,2.717,38
2026-04-14 14:01:00,2.7125,2.713,2.7081,2.7095,2.7175,2.718,2.713,2.7145,29
2026-04-14 14:02:00,2.709,2.71,2.706,2.709,2.714,2.715,2.711,2.714,33
2026-04-14 14:03:00,2.7085,2.7085,2.705,2.706,2.7135,2.7135,2.71,2.711,24
2026-04-14 14:04:00,2.707,2.7075,2.706,2.707,2.712,2.7125,2.711,2.712,16
2026-04-14 14:05:00,2.7081,2.7081,2.705,2.705,2.713,2.713,2.71,2.71,14
2026-04-14 14:06:00,2.706,2.706,2.7001,2.7035,2.711,2.711,2.705,2.7085,43
2026-04-14 14:07:00,2.703,2.704,2.7001,2.7035,2.708,2.709,2.705,2.7085,21
2026-04-14 14:08:00,2.703,2.7035,2.7001,2.701,2.708,2.7085,2.705,2.706,43
2026-04-14 14:09:00,2.702,2.704,2.701,2.7025,2.707,2.709,2.706,2.7075,25
2026-04-14 14:10:00,2.702,2.704,2.701,2.703,2.707,2.709,2.706,2.708,21
2026-04-14 14:11:00,2.7025,2.707,2.7025,2.706,2.7075,2.712,2.7075,2.711,31
2026-04-14 14:12:00,2.705,2.709,2.705,2.7085,2.71,2.714,2.71,2.7135,23
2026-04-14 14:13:00,2.709,2.71,2.707,2.709,2.714,2.715,2.712,2.714,17
2026-04-14 14:14:00,2.71,2.712,2.706,2.707,2.715,2.717,2.711,2.712,34
2026-04-14 14:15:00,2.7081,2.709,2.705,2.707,2.713,2.714,2.71,2.712,23
2026-04-14 14:16:00,2.7066,2.709,2.705,2.706,2.7115,2.714,2.71,2.711,25
2026-04-14 14:17:00,2.7055,2.707,2.7035,2.704,2.7105,2.712,2.7085,2.709,26
2026-04-14 14:18:00,2.7035,2.7085,2.7035,2.7075,2.7085,2.7135,2.7085,2.7125,30
2026-04-14 14:19:00,2.7081,2.7081,2.706,2.7066,2.713,2.713,2.711,2.7115,8
2026-04-14 14:20:00,2.707,2.7081,2.706,2.707,2.712,2.713,2.711,2.712,18
2026-04-14 14:21:00,2.7075,2.7081,2.705,2.707,2.7125,2.713,2.71,2.712,16
2026-04-14 14:22:00,2.7066,2.709,2.706,2.7075,2.7115,2.714,2.711,2.7125,16
2026-04-14 14:23:00,2.7081,2.709,2.706,2.7081,2.713,2.714,2.711,2.713,14
2026-04-14 14:24:00,2.7075,2.71,2.707,2.7081,2.7125,2.715,2.712,2.713,33
2026-04-14 14:25:00,2.709,2.712,2.709,2.7115,2.714,2.717,2.714,2.7165,28
2026-04-14 14:26:00,2.711,2.711,2.704,2.7081,2.716,2.716,2.709,2.713,59
2026-04-14 14:27:00,2.7075,2.71,2.707,2.709,2.7125,2.715,2.712,2.714,31
2026-04-14 14:28:00,2.7081,2.711,2.7075,2.71,2.713,2.716,2.7125,2.715,24
2026-04-14 14:29:00,2.711,2.712,2.709,2.711,2.716,2.717,2.714,2.716,13
2026-04-14 14:30:00,2.7115,2.712,2.709,2.711,2.7165,2.717,2.714,2.716,18
2026-04-14 14:31:00,2.712,2.715,2.711,2.712,2.717,2.72,2.716,2.717,36
2026-04-14 14:32:00,2.7115,2.7115,2.707,2.7081,2.7165,2.7165,2.712,2.713,14
2026-04-14 14:33:00,2.7075,2.711,2.707,2.7105,2.7125,2.716,2.712,2.7155,23
2026-04-14 14:34:00,2.71,2.7135,2.709,2.713,2.715,2.7185,2.714,2.718,30
2026-04-14 14:35:00,2.714,2.714,2.713,2.714,2.719,2.719,2.718,2.719,11
2026-04-14 14:36:00,2.713,2.715,2.711,2.713,2.718,2.72,2.716,2.718,27
2026-04-14 14:37:00,2.712,2.717,2.712,2.715,2.717,2.722,2.717,2.72,35
2026-04-14 14:38:00,2.7146,2.7165,2.714,2.7161,2.7195,2.7215,2.719,2.721,28
2026-04-14 14:39:00,2.7155,2.72,2.714,2.72,2.7205,2.725,2.719,2.725,30
2026-04-14 14:40:00,2.719,2.721,2.719,2.721,2.724,2.726,2.724,2.726,28
2026-04-14 14:41:00,2.7205,2.721,2.7161,2.719,2.7255,2.726,2.721,2.724,36
2026-04-14 14:42:00,2.7195,2.72,2.718,2.719,2.7245,2.725,2.723,2.724,24
2026-04-14 14:43:00,2.72,2.73,2.7185,2.728,2.725,2.735,2.7235,2.733,61
2026-04-14 14:44:00,2.727,2.73,2.726,2.728,2.732,2.735,2.731,2.733,38
2026-04-14 14:45:00,2.727,2.7285,2.7241,2.725,2.732,2.7335,2.729,2.73,25
2026-04-14 14:46:00,2.726,2.736,2.726,2.736,2.731,2.741,2.731,2.741,71
2026-04-14 14:47:00,2.7355,2.7355,2.729,2.7325,2.7405,2.7405,2.734,2.7375,31
2026-04-14 14:48:00,2.7321,2.7321,2.729,2.73,2.737,2.737,2.734,2.735,18
2026-04-14 14:49:00,2.7306,2.734,2.7306,2.7321,2.7355,2.739,2.7355,2.737,30
2026-04-14 14:50:00,2.7325,2.734,2.727,2.73,2.7375,2.739,2.732,2.735,81
2026-04-14 14:51:00,2.729,2.7315,2.728,2.7295,2.734,2.7365,2.733,2.7345,27
2026-04-14 14:52:00,2.728,2.7295,2.725,2.729,2.733,2.7345,2.73,2.734,35
2026-04-14 14:53:00,2.7295,2.7295,2.726,2.727,2.7345,2.7345,2.731,2.732,17
2026-04-14 14:54:00,2.728,2.733,2.7275,2.7321,2.733,2.738,2.7325,2.737,42
2026-04-14 14:55:00,2.7325,2.737,2.729,2.7365,2.7375,2.742,2.734,2.7415,33
2026-04-14 14:56:00,2.736,2.737,2.735,2.737,2.741,2.742,2.74,2.742,29
2026-04-14 14:57:00,2.738,2.738,2.735,2.737,2.743,2.743,2.74,2.742,24
2026-04-14 14:58:00,2.738,2.7451,2.738,2.7451,2.743,2.75,2.743,2.75,26
2026-04-14 14:59:00,2.7455,2.7455,2.7401,2.741,2.7505,2.7505,2.7451,2.746,24
2026-04-14 15:00:00,2.7405,2.7451,2.7401,2.744,2.7455,2.75,2.7451,2.749,58
2026-04-14 15:01:00,2.7435,2.748,2.743,2.747,2.7485,2.753,2.748,2.752,36
2026-04-14 15:02:00,2.7475,2.7475,2.744,2.7451,2.7525,2.7525,2.749,2.75,42
2026-04-14 15:03:00,2.7445,2.747,2.741,2.746,2.7495,2.752,2.746,2.751,46
2026-04-14 15:04:00,2.7465,2.747,2.744,2.746,2.7515,2.752,2.749,2.751,39
2026-04-14 15:05:00,2.7465,2.748,2.746,2.746,2.7515,2.753,2.751,2.751,13
2026-04-14 15:06:00,2.7455,2.748,2.744,2.7451,2.7505,2.753,2.749,2.75,24
2026-04-14 15:07:00,2.7455,2.7546,2.742,2.751,2.7505,2.7595,2.747,2.756,57
2026-04-14 15:08:00,2.7515,2.7565,2.7515,2.7535,2.7565,2.7615,2.7565,2.7585,42
2026-04-14 15:09:00,2.754,2.76,2.754,2.755,2.759,2.765,2.759,2.76,45
2026-04-14 15:10:00,2.7555,2.763,2.755,2.7615,2.7605,2.768,2.76,2.7665,43
2026-04-14 15:11:00,2.762,2.774,2.762,2.773,2.767,2.779,2.767,2.778,80
2026-04-14 15:12:00,2.774,2.776,2.771,2.773,2.779,2.781,2.776,2.778,48
2026-04-14 15:13:00,2.7735,2.774,2.7715,2.7715,2.7785,2.779,2.7765,2.7765,15
2026-04-14 15:14:00,2.772,2.772,2.7691,2.7691,2.777,2.777,2.774,2.774,31
2026-04-14 15:15:00,2.7695,2.774,2.7695,2.7725,2.7745,2.779,2.7745,2.7775,23
2026-04-14 15:16:00,2.773,2.78,2.773,2.778,2.778,2.785,2.778,2.783,35
2026-04-14 15:17:00,2.779,2.779,2.775,2.775,2.784,2.784,2.78,2.78,17
2026-04-14 15:18:00,2.7745,2.7745,2.7691,2.7695,2.7795,2.7795,2.774,2.7745,31
2026-04-14 15:19:00,2.77,2.77,2.768,2.768,2.775,2.775,2.773,2.773,14
2026-04-14 15:20:00,2.7691,2.77,2.767,2.768,2.774,2.775,2.772,2.773,18
2026-04-14 15:21:00,2.7675,2.7675,2.762,2.764,2.7725,2.7725,2.767,2.769,18
2026-04-14 15:22:00,2.763,2.764,2.758,2.759,2.768,2.769,2.763,2.764,21
2026-04-14 15:23:00,2.76,2.7611,2.76,2.7611,2.765,2.766,2.765,2.766,14
2026-04-14 15:24:00,2.7605,2.7605,2.758,2.759,2.7655,2.7655,2.763,2.764,5
2026-04-14 15:25:00,2.7585,2.763,2.757,2.762,2.7635,2.768,2.762,2.767,26
2026-04-14 15:26:00,2.7625,2.766,2.7625,2.765,2.7675,2.771,2.7675,2.77,22
2026-04-14 15:27:00,2.7645,2.766,2.764,2.764,2.7695,2.771,2.769,2.769,16
2026-04-14 15:28:00,2.7645,2.766,2.7635,2.766,2.7695,2.771,2.7685,2.771,7
2026-04-14 15:29:00,2.765,2.766,2.764,2.764,2.77,2.771,2.769,2.769,42
2026-04-14 15:30:00,2.765,2.768,2.764,2.768,2.77,2.773,2.769,2.773,42
2026-04-14 15:31:00,2.7675,2.77,2.767,2.7691,2.7725,2.775,2.772,2.774,52
2026-04-14 15:32:00,2.7685,2.7691,2.765,2.765,2.7735,2.774,2.77,2.77,48
2026-04-14 15:33:00,2.7645,2.7645,2.762,2.764,2.7695,2.7695,2.767,2.769,50
2026-04-14 15:34:00,2.7635,2.764,2.7611,2.7611,2.7685,2.769,2.766,2.766,14
2026-04-14 15:35:00,2.7605,2.7605,2.754,2.754,2.7655,2.7655,2.759,2.759,27
2026-04-14 15:36:00,2.7535,2.754,2.749,2.7531,2.7585,2.759,2.754,2.758,38
2026-04-14 15:37:00,2.7525,2.757,2.752,2.7525,2.7575,2.762,2.757,2.7575,54
2026-04-14 15:38:00,2.7531,2.754,2.7505,2.7531,2.758,2.759,2.7555,2.758,28
2026-04-14 15:39:00,2.7525,2.756,2.7515,2.7515,2.7575,2.761,2.7565,2.7565,33
2026-04-14 15:40:00,2.752,2.755,2.751,2.752,2.757,2.76,2.756,2.757,22
2026-04-14 15:41:00,2.7531,2.755,2.752,2.754,2.758,2.76,2.757,2.759,28
2026-04-14 15:42:00,2.7545,2.756,2.7531,2.7535,2.7595,2.761,2.758,2.7585,26
2026-04-14 15:43:00,2.7531,2.7531,2.75,2.75,2.758,2.758,2.755,2.755,16
2026-04-14 15:44:00,2.7495,2.7495,2.743,2.746,2.7545,2.7545,2.748,2.751,40
2026-04-14 15:45:00,2.7455,2.746,2.7401,2.741,2.7505,2.751,2.7451,2.746,29
2026-04-14 15:46:00,2.742,2.742,2.738,2.741,2.747,2.747,2.743,2.746,34
2026-04-14 15:47:00,2.743,2.743,2.738,2.743,2.748,2.748,2.743,2.748,21
2026-04-14 15:48:00,2.744,2.744,2.7401,2.742,2.749,2.749,2.7451,2.747,18
2026-04-14 15:49:00,2.743,2.7451,2.741,2.741,2.748,2.75,2.746,2.746,27
2026-04-14 15:50:00,2.7401,2.743,2.7401,2.743,2.7451,2.748,2.7451,2.748,23
2026-04-14 15:51:00,2.7425,2.743,2.739,2.739,2.7475,2.748,2.744,2.744,21
2026-04-14 15:52:00,2.7401,2.742,2.7375,2.739,2.7451,2.747,2.7425,2.744,34
2026-04-14 15:53:00,2.7395,2.7401,2.735,2.736,2.7445,2.7451,2.74,2.741,54
2026-04-14 15:54:00,2.737,2.7386,2.733,2.734,2.742,2.7435,2.738,2.739,38
2026-04-14 15:55:00,2.735,2.735,2.7325,2.7325,2.74,2.74,2.7375,2.7375,12
2026-04-14 15:56:00,2.7321,2.7321,2.727,2.7275,2.737,2.737,2.732,2.7325,32
2026-04-14 15:57:00,2.727,2.7321,2.726,2.731,2.732,2.737,2.731,2.736,49
2026-04-14 15:58:00,2.7315,2.735,2.7306,2.735,2.7365,2.74,2.7355,2.74,36
2026-04-14 15:59:00,2.7345,2.737,2.7321,2.7345,2.7395,2.742,2.737,2.7395,34
2026-04-14 16:00:00,2.7335,2.7335,2.728,2.728,2.7385,2.7385,2.733,2.733,31
2026-04-14 16:01:00,2.727,2.7285,2.726,2.728,2.732,2.7335,2.731,2.733,31
2026-04-14 16:02:00,2.7285,2.733,2.727,2.73,2.7335,2.738,2.732,2.735,42
2026-04-14 16:03:00,2.729,2.73,2.728,2.7295,2.734,2.735,2.733,2.7345,17
2026-04-14 16:04:00,2.73,2.7321,2.727,2.7285,2.735,2.737,2.732,2.7335,34
2026-04-14 16:05:00,2.728,2.7321,2.728,2.73,2.733,2.737,2.733,2.735,20
2026-04-14 16:06:00,2.731,2.733,2.73,2.7321,2.736,2.738,2.735,2.737,43
2026-04-14 16:07:00,2.731,2.7325,2.729,2.731,2.736,2.7375,2.734,2.736,27
2026-04-14 16:08:00,2.7306,2.7321,2.729,2.729,2.7355,2.737,2.734,2.734,33
2026-04-14 16:09:00,2.7295,2.7295,2.723,2.725,2.7345,2.7345,2.728,2.73,60
2026-04-14 16:10:00,2.7245,2.728,2.7245,2.728,2.7295,2.733,2.7295,2.733,25
2026-04-14 16:11:00,2.727,2.734,2.727,2.7325,2.732,2.739,2.732,2.7375,38
2026-04-14 16:12:00,2.733,2.7345,2.729,2.733,2.738,2.7395,2.734,2.738,26
2026-04-14 16:13:00,2.7321,2.735,2.7321,2.7325,2.737,2.74,2.737,2.7375,26
2026-04-14 16:14:00,2.7321,2.733,2.73,2.73,2.737,2.738,2.735,2.735,41
2026-04-14 16:15:00,2.7306,2.7321,2.7306,2.7321,2.7355,2.737,2.7355,2.737,8
2026-04-14 16:16:00,2.7325,2.7335,2.731,2.7321,2.7375,2.7385,2.736,2.737,18
2026-04-14 16:17:00,2.7325,2.735,2.7321,2.733,2.7375,2.74,2.737,2.738,23
2026-04-14 16:18:00,2.7325,2.737,2.7321,2.737,2.7375,2.742,2.737,2.742,28
2026-04-14 16:19:00,2.7375,2.7401,2.736,2.736,2.7425,2.7451,2.741,2.741,30
2026-04-14 16:20:00,2.7365,2.7401,2.7365,2.738,2.7415,2.7451,2.7415,2.743,12
2026-04-14 16:21:00,2.7386,2.7401,2.738,2.738,2.7435,2.7451,2.743,2.743,17
2026-04-14 16:22:00,2.737,2.738,2.737,2.738,2.742,2.743,2.742,2.743,3
2026-04-14 16:23:00,2.737,2.741,2.736,2.739,2.742,2.746,2.741,2.744,32
2026-04-14 16:24:00,2.7401,2.7401,2.737,2.737,2.7451,2.7451,2.742,2.742,27
2026-04-14 16:25:00,2.738,2.743,2.737,2.742,2.743,2.748,2.742,2.747,19
2026-04-14 16:26:00,2.7425,2.7451,2.7425,2.744,2.7475,2.75,2.7475,2.749,21
2026-04-14 16:27:00,2.7445,2.749,2.7445,2.747,2.7495,2.754,2.7495,2.752,29
2026-04-14 16:28:00,2.7475,2.749,2.744,2.744,2.7525,2.754,2.749,2.749,26
2026-04-14 16:29:00,2.7445,2.747,2.743,2.746,2.7495,2.752,2.748,2.751,31
2026-04-14 16:30:00,2.748,2.75,2.7451,2.746,2.753,2.755,2.75,2.751,27
2026-04-14 16:31:00,2.7451,2.746,2.742,2.742,2.75,2.751,2.747,2.747,15
2026-04-14 16:32:00,2.7425,2.744,2.741,2.743,2.7475,2.749,2.746,2.748,24
2026-04-14 16:33:00,2.742,2.742,2.7401,2.741,2.747,2.747,2.7451,2.746,20
2026-04-14 16:34:00,2.7405,2.743,2.7401,2.742,2.7455,2.748,2.7451,2.747,19
2026-04-14 16:35:00,2.741,2.742,2.739,2.7401,2.746,2.747,2.744,2.7451,33
2026-04-14 16:36:00,2.7395,2.7395,2.733,2.734,2.7445,2.7445,2.738,2.739,16
2026-04-14 16:37:00,2.733,2.735,2.733,2.733,2.738,2.74,2.738,2.738,6
2026-04-14 16:38:00,2.7335,2.7395,2.7335,2.738,2.7385,2.7445,2.7385,2.743,32
2026-04-14 16:39:00,2.739,2.741,2.738,2.741,2.744,2.746,2.743,2.746,8
2026-04-14 16:40:00,2.742,2.746,2.742,2.7425,2.747,2.751,2.747,2.7475,21
2026-04-14 16:41:00,2.743,2.743,2.739,2.741,2.748,2.748,2.744,2.746,24
2026-04-14 16:42:00,2.7405,2.743,2.7401,2.742,2.7455,2.748,2.7451,2.747,16
2026-04-14 16:43:00,2.7415,2.743,2.7401,2.7401,2.7465,2.748,2.7451,2.7451,18
2026-04-14 16:44:00,2.7405,2.741,2.7386,2.739,2.7455,2.746,2.7435,2.744,12
2026-04-14 16:45:00,2.7401,2.742,2.739,2.741,2.7451,2.747,2.744,2.746,12
2026-04-14 16:46:00,2.7401,2.7401,2.736,2.737,2.7451,2.7451,2.741,2.742,13
2026-04-14 16:47:00,2.736,2.736,2.734,2.735,2.741,2.741,2.739,2.74,21
2026-04-14 16:48:00,2.734,2.735,2.734,2.734,2.739,2.74,2.739,2.739,15
2026-04-14 16:49:00,2.735,2.736,2.7335,2.736,2.74,2.741,2.7385,2.741,21
2026-04-14 16:50:00,2.7365,2.738,2.734,2.735,2.7415,2.743,2.739,2.74,28
2026-04-14 16:51:00,2.734,2.7355,2.733,2.733,2.739,2.7405,2.738,2.738,13
2026-04-14 16:52:00,2.7321,2.733,2.73,2.7315,2.737,2.738,2.735,2.7365,19
2026-04-14 16:53:00,2.731,2.733,2.731,2.733,2.736,2.738,2.736,2.738,27
2026-04-14 16:54:00,2.734,2.735,2.731,2.7325,2.739,2.74,2.736,2.7375,46
2026-04-14 16:55:00,2.7315,2.7315,2.729,2.7306,2.7365,2.7365,2.734,2.7355,14
2026-04-14 16:56:00,2.731,2.731,2.728,2.73,2.736,2.736,2.733,2.735,22
2026-04-14 16:57:00,2.729,2.733,2.729,2.733,2.734,2.738,2.734,2.738,23
2026-04-14 16:58:00,2.7321,2.733,2.731,2.731,2.737,2.738,2.736,2.736,14
2026-04-14 16:59:00,2.7315,2.733,2.731,2.733,2.7365,2.738,2.736,2.738,18
2026-04-14 17:00:00,2.734,2.736,2.7315,2.7315,2.739,2.741,2.7365,2.7365,31
2026-04-14 17:01:00,2.731,2.734,2.731,2.7321,2.736,2.739,2.736,2.737,27
2026-04-14 17:02:00,2.731,2.735,2.731,2.734,2.736,2.74,2.736,2.739,20
2026-04-14 17:03:00,2.735,2.735,2.7335,2.7335,2.74,2.74,2.7385,2.7385,7
2026-04-14 17:04:00,2.734,2.734,2.731,2.7321,2.739,2.739,2.736,2.737,15
2026-04-14 17:05:00,2.7315,2.734,2.731,2.733,2.7365,2.739,2.736,2.738,23
2026-04-14 17:06:00,2.7325,2.736,2.7321,2.733,2.7375,2.741,2.737,2.738,35
2026-04-14 17:07:00,2.7335,2.734,2.726,2.7275,2.7385,2.739,2.731,2.7325,30
2026-04-14 17:08:00,2.728,2.728,2.726,2.728,2.733,2.733,2.731,2.733,12
2026-04-14 17:09:00,2.7275,2.728,2.726,2.726,2.7325,2.733,2.731,2.731,20
2026-04-14 17:10:00,2.7255,2.726,2.7241,2.7241,2.7305,2.731,2.729,2.729,12
2026-04-14 17:11:00,2.7235,2.7241,2.723,2.7241,2.7285,2.729,2.728,2.729,15
2026-04-14 17:12:00,2.7245,2.725,2.723,2.7241,2.7295,2.73,2.728,2.729,23
2026-04-14 17:13:00,2.725,2.726,2.7235,2.7235,2.73,2.731,2.7285,2.7285,15
2026-04-14 17:14:00,2.7226,2.7245,2.7226,2.7241,2.7275,2.7295,2.7275,2.729,24
2026-04-14 17:15:00,2.7245,2.725,2.72,2.721,2.7295,2.73,2.725,2.726,30
2026-04-14 17:16:00,2.72,2.72,2.717,2.718,2.725,2.725,2.722,2.723,39
2026-04-14 17:17:00,2.719,2.722,2.719,2.72,2.724,2.727,2.724,2.725,21
2026-04-14 17:18:00,2.719,2.722,2.719,2.719,2.724,2.727,2.724,2.724,26
2026-04-14 17:19:00,2.717,2.717,2.7115,2.7115,2.722,2.722,2.7165,2.7165,36
2026-04-14 17:20:00,2.712,2.714,2.71,2.712,2.717,2.719,2.715,2.717,50
2026-04-14 17:21:00,2.711,2.7125,2.707,2.7105,2.716,2.7175,2.712,2.7155,35
2026-04-14 17:22:00,2.71,2.712,2.709,2.711,2.715,2.717,2.714,2.716,23
2026-04-14 17:23:00,2.712,2.7161,2.712,2.714,2.717,2.721,2.717,2.719,27
2026-04-14 17:24:00,2.7135,2.714,2.712,2.7135,2.7185,2.719,2.717,2.7185,33
2026-04-14 17:25:00,2.713,2.7161,2.713,2.715,2.718,2.721,2.718,2.72,26
2026-04-14 17:26:00,2.7155,2.717,2.713,2.713,2.7205,2.722,2.718,2.718,24
2026-04-14 17:27:00,2.714,2.715,2.712,2.715,2.719,2.72,2.717,2.72,23
2026-04-14 17:28:00,2.7161,2.7205,2.7161,2.717,2.721,2.7255,2.721,2.722,27
2026-04-14 17:29:00,2.7175,2.718,2.714,2.718,2.7225,2.723,2.719,2.723,25
2026-04-14 17:30:00,2.7175,2.722,2.7175,2.719,2.7225,2.727,2.7225,2.724,24
2026-04-14 17:31:00,2.7185,2.7195,2.7161,2.7161,2.7235,2.7245,2.721,2.721,25
2026-04-14 17:32:00,2.715,2.7161,2.714,2.714,2.72,2.721,2.719,2.719,20
2026-04-14 17:33:00,2.715,2.715,2.713,2.713,2.72,2.72,2.718,2.718,3
2026-04-14 17:34:00,2.7135,2.714,2.71,2.711,2.7185,2.719,2.715,2.716,17
2026-04-14 17:35:00,2.71,2.71,2.7035,2.705,2.715,2.715,2.7085,2.71,65
2026-04-14 17:36:00,2.7055,2.707,2.704,2.704,2.7105,2.712,2.709,2.709,26
2026-04-14 17:37:00,2.7045,2.706,2.704,2.706,2.7095,2.711,2.709,2.711,21
2026-04-14 17:38:00,2.7055,2.711,2.705,2.71,2.7105,2.716,2.71,2.715,54
2026-04-14 17:39:00,2.7095,2.71,2.705,2.71,2.7145,2.715,2.71,2.715,31
2026-04-14 17:40:00,2.7095,2.711,2.709,2.7105,2.7145,2.716,2.714,2.7155,25
2026-04-14 17:41:00,2.711,2.711,2.709,2.7095,2.716,2.716,2.714,2.7145,14
2026-04-14 17:42:00,2.709,2.709,2.7081,2.709,2.714,2.714,2.713,2.714,11
2026-04-14 17:43:00,2.7081,2.709,2.7035,2.7085,2.713,2.714,2.7085,2.7135,32
2026-04-14 17:44:00,2.709,2.709,2.705,2.706,2.714,2.714,2.71,2.711,10
2026-04-14 17:45:00,2.7055,2.7066,2.704,2.704,2.7105,2.7115,2.709,2.709,29
2026-04-14 17:46:00,2.705,2.705,2.704,2.704,2.71,2.71,2.709,2.709,12
2026-04-14 17:47:00,2.705,2.705,2.704,2.704,2.71,2.71,2.709,2.709,15
2026-04-14 17:48:00,2.7045,2.706,2.702,2.702,2.7095,2.711,2.707,2.707,47
2026-04-14 17:49:00,2.703,2.707,2.702,2.707,2.708,2.712,2.707,2.712,8
2026-04-14 17:50:00,2.706,2.707,2.705,2.705,2.711,2.712,2.71,2.71,16
2026-04-14 17:51:00,2.704,2.705,2.7025,2.7035,2.709,2.71,2.7075,2.7085,14
2026-04-14 17:52:00,2.703,2.704,2.703,2.704,2.708,2.709,2.708,2.709,21
2026-04-14 17:53:00,2.7045,2.705,2.703,2.7035,2.7095,2.71,2.708,2.7085,23
2026-04-14 17:54:00,2.7025,2.704,2.701,2.703,2.7075,2.709,2.706,2.708,34
2026-04-14 17:55:00,2.7025,2.703,2.702,2.702,2.7075,2.708,2.707,2.707,20
2026-04-14 17:56:00,2.703,2.704,2.699,2.699,2.708,2.709,2.704,2.704,9
2026-04-14 17:57:00,2.7001,2.7001,2.698,2.699,2.705,2.705,2.703,2.704,11
2026-04-14 17:58:00,2.7001,2.701,2.699,2.701,2.705,2.706,2.704,2.706,19
2026-04-14 17:59:00,2.7005,2.701,2.699,2.7001,2.7055,2.706,2.704,2.705,28
2026-04-14 18:00:00,2.6995,2.704,2.699,2.703,2.7045,2.709,2.704,2.708,28
2026-04-14 18:01:00,2.704,2.704,2.702,2.7025,2.709,2.709,2.707,2.7075,23
2026-04-14 18:02:00,2.702,2.702,2.699,2.7001,2.707,2.707,2.704,2.705,28
2026-04-14 18:03:00,2.7005,2.701,2.699,2.699,2.7055,2.706,2.704,2.704,9
2026-04-14 18:04:00,2.698,2.7001,2.698,2.699,2.703,2.705,2.703,2.704,18
2026-04-14 18:05:00,2.6986,2.701,2.698,2.699,2.7035,2.706,2.703,2.704,26
2026-04-14 18:06:00,2.7001,2.701,2.699,2.7001,2.705,2.706,2.704,2.705,14
2026-04-14 18:07:00,2.6995,2.7001,2.6921,2.6925,2.7045,2.705,2.697,2.6975,34
2026-04-14 18:08:00,2.6921,2.6925,2.69,2.6921,2.697,2.6975,2.695,2.697,45
2026-04-14 18:09:00,2.6915,2.6925,2.6895,2.69,2.6965,2.6975,2.6945,2.695,26
2026-04-14 18:10:00,2.689,2.69,2.687,2.69,2.694,2.695,2.692,2.695,14
2026-04-14 18:11:00,2.6906,2.6921,2.688,2.689,2.6955,2.697,2.693,2.694,34
2026-04-14 18:12:00,2.6885,2.691,2.688,2.689,2.6935,2.696,2.693,2.694,27
2026-04-14 18:13:00,2.688,2.688,2.6865,2.6875,2.693,2.693,2.6915,2.6925,18
2026-04-14 18:14:00,2.688,2.688,2.6841,2.6841,2.693,2.693,2.689,2.689,24
2026-04-14 18:15:00,2.685,2.685,2.683,2.6841,2.69,2.69,2.688,2.689,39
2026-04-14 18:16:00,2.6835,2.6841,2.682,2.682,2.6885,2.689,2.687,2.687,22
2026-04-14 18:17:00,2.6826,2.683,2.681,2.682,2.6875,2.688,2.686,2.687,12
2026-04-14 18:18:00,2.6815,2.686,2.6815,2.686,2.6865,2.691,2.6865,2.691,21
2026-04-14 18:19:00,2.6865,2.6865,2.6841,2.686,2.6915,2.6915,2.689,2.691,16
2026-04-14 18:20:00,2.6855,2.687,2.685,2.687,2.6905,2.692,2.69,2.692,10
2026-04-14 18:21:00,2.6865,2.689,2.686,2.688,2.6915,2.694,2.691,2.693,16
2026-04-14 18:22:00,2.689,2.6945,2.688,2.6945,2.694,2.6995,2.693,2.6995,25
2026-04-14 18:23:00,2.696,2.697,2.694,2.695,2.701,2.702,2.699,2.7,14
2026-04-14 18:24:00,2.696,2.703,2.696,2.702,2.701,2.708,2.701,2.707,24
2026-04-14 18:25:00,2.703,2.705,2.701,2.702,2.708,2.71,2.706,2.707,42
2026-04-14 18:26:00,2.7025,2.704,2.699,2.699,2.7075,2.709,2.704,2.704,18
2026-04-14 18:27:00,2.6995,2.7001,2.696,2.697,2.7045,2.705,2.701,2.702,14
2026-04-14 18:28:00,2.6965,2.697,2.696,2.6965,2.7015,2.702,2.701,2.7015,16
2026-04-14 18:29:00,2.696,2.698,2.695,2.6975,2.701,2.703,2.7,2.7025,19
2026-04-14 18:30:00,2.6965,2.697,2.695,2.695,2.7015,2.702,2.7,2.7,16
2026-04-14 18:31:00,2.696,2.696,2.695,2.696,2.701,2.701,2.7,2.701,8
2026-04-14 18:32:00,2.6955,2.697,2.695,2.696,2.7005,2.702,2.7,2.701,11
2026-04-14 18:33:00,2.6965,2.6965,2.694,2.695,2.7015,2.7015,2.699,2.7,22
2026-04-14 18:34:00,2.694,2.696,2.694,2.696,2.699,2.701,2.699,2.701,22
2026-04-14 18:35:00,2.6955,2.697,2.6945,2.6965,2.7005,2.702,2.6995,2.7015,21
2026-04-14 18:36:00,2.697,2.697,2.695,2.696,2.702,2.702,2.7,2.701,15
2026-04-14 18:37:00,2.697,2.697,2.6915,2.6921,2.702,2.702,2.6965,2.697,45
2026-04-14 18:38:00,2.6915,2.694,2.6906,2.693,2.6965,2.699,2.6955,2.698,58
2026-04-14 18:39:00,2.6925,2.697,2.6925,2.6955,2.6975,2.702,2.6975,2.7005,52
2026-04-14 18:40:00,2.6945,2.696,2.691,2.6921,2.6995,2.701,2.696,2.697,34
2026-04-14 18:41:00,2.6925,2.6955,2.691,2.693,2.6975,2.7005,2.696,2.698,34
2026-04-14 18:42:00,2.6935,2.694,2.6921,2.693,2.6985,2.699,2.697,2.698,26
2026-04-14 18:43:00,2.6935,2.6945,2.6925,2.6945,2.6985,2.6995,2.6975,2.6995,35
2026-04-14 18:44:00,2.6935,2.694,2.693,2.693,2.6985,2.699,2.698,2.698,26
2026-04-14 18:45:00,2.6935,2.694,2.691,2.691,2.6985,2.699,2.696,2.696,34
2026-04-14 18:46:00,2.6915,2.6925,2.691,2.6921,2.6965,2.6975,2.696,2.697,24
2026-04-14 18:47:00,2.6925,2.693,2.691,2.691,2.6975,2.698,2.696,2.696,16
2026-04-14 18:48:00,2.6906,2.6906,2.686,2.687,2.6955,2.6955,2.691,2.692,25
2026-04-14 18:49:00,2.6865,2.687,2.6841,2.6845,2.6915,2.692,2.689,2.6895,30
2026-04-14 18:50:00,2.6841,2.685,2.682,2.685,2.689,2.69,2.687,2.69,37
2026-04-14 18:51:00,2.686,2.689,2.6855,2.689,2.691,2.694,2.6905,2.694,24
2026-04-14 18:52:00,2.6885,2.689,2.687,2.689,2.6935,2.694,2.692,2.694,7
2026-04-14 18:53:00,2.69,2.691,2.689,2.6895,2.695,2.696,2.694,2.6945,39
2026-04-14 18:54:00,2.689,2.69,2.687,2.687,2.694,2.695,2.692,2.692,13
2026-04-14 18:55:00,2.6875,2.688,2.686,2.687,2.6925,2.693,2.691,2.692,13
2026-04-14 18:56:00,2.6875,2.694,2.6875,2.6925,2.6925,2.699,2.6925,2.6975,50
2026-04-14 18:57:00,2.6935,2.701,2.693,2.7005,2.6985,2.706,2.698,2.7055,64
2026-04-14 18:58:00,2.701,2.703,2.6955,2.698,2.706,2.708,2.7005,2.703,31
2026-04-14 18:59:00,2.697,2.699,2.6955,2.697,2.702,2.704,2.7005,2.702,25
2026-04-14 19:00:00,2.696,2.699,2.6955,2.6955,2.701,2.704,2.7005,2.7005,8
2026-04-14 19:01:00,2.695,2.696,2.694,2.6945,2.7,2.701,2.699,2.6995,15
2026-04-14 19:02:00,2.694,2.694,2.6921,2.693,2.699,2.699,2.697,2.698,11
2026-04-14 19:03:00,2.694,2.694,2.6921,2.6921,2.699,2.699,2.697,2.697,29
2026-04-14 19:04:00,2.693,2.6935,2.6915,2.693,2.698,2.6985,2.6965,2.698,10
2026-04-14 19:05:00,2.6925,2.693,2.6921,2.6921,2.6975,2.698,2.697,2.697,5
2026-04-14 19:06:00,2.693,2.693,2.691,2.6921,2.698,2.698,2.696,2.697,18
2026-04-14 19:07:00,2.691,2.693,2.691,2.693,2.696,2.698,2.696,2.698,14
2026-04-14 19:08:00,2.6921,2.695,2.6921,2.695,2.697,2.7,2.697,2.7,10
2026-04-14 19:09:00,2.6945,2.697,2.694,2.6945,2.6995,2.702,2.699,2.6995,13
2026-04-14 19:10:00,2.694,2.696,2.694,2.695,2.699,2.701,2.699,2.7,6
2026-04-14 19:11:00,2.694,2.695,2.6921,2.693,2.699,2.7,2.697,2.698,15
2026-04-14 19:12:00,2.6925,2.694,2.6921,2.6925,2.6975,2.699,2.697,2.6975,12
2026-04-14 19:13:00,2.6921,2.6921,2.6915,2.6921,2.697,2.697,2.6965,2.697,5
2026-04-14 19:14:00,2.6915,2.694,2.69,2.694,2.6965,2.699,2.695,2.699,16
2026-04-14 19:15:00,2.6935,2.699,2.6935,2.6975,2.6985,2.704,2.6985,2.7025,17
2026-04-14 19:16:00,2.698,2.699,2.696,2.696,2.703,2.704,2.701,2.701,20
2026-04-14 19:17:00,2.695,2.696,2.695,2.696,2.7,2.701,2.7,2.701,10
2026-04-14 19:18:00,2.6955,2.696,2.695,2.696,2.7005,2.701,2.7,2.701,13
2026-04-14 19:19:00,2.697,2.697,2.6955,2.696,2.702,2.702,2.7005,2.701,13
2026-04-14 19:20:00,2.697,2.7001,2.6965,2.7001,2.702,2.705,2.7015,2.705,24
2026-04-14 19:21:00,2.699,2.7081,2.699,2.707,2.704,2.713,2.704,2.712,29
2026-04-14 19:22:00,2.7075,2.71,2.707,2.71,2.7125,2.715,2.712,2.715,29
2026-04-14 19:23:00,2.711,2.714,2.7105,2.713,2.716,2.719,2.7155,2.718,13
2026-04-14 19:24:00,2.714,2.718,2.7135,2.717,2.719,2.723,2.7185,2.722,26
2026-04-14 19:25:00,2.7165,2.718,2.715,2.718,2.7215,2.723,2.72,2.723,30
2026-04-14 19:26:00,2.717,2.719,2.7161,2.717,2.722,2.724,2.721,2.722,18
2026-04-14 19:27:00,2.7175,2.7245,2.7175,2.7241,2.7225,2.7295,2.7225,2.729,28
2026-04-14 19:28:00,2.7245,2.7245,2.7195,2.72,2.7295,2.7295,2.7245,2.725,20
2026-04-14 19:29:00,2.7205,2.7241,2.7205,2.7215,2.7255,2.729,2.7255,2.7265,17
2026-04-14 19:30:00,2.722,2.722,2.7185,2.72,2.727,2.727,2.7235,2.725,11
2026-04-14 19:31:00,2.719,2.72,2.718,2.718,2.724,2.725,2.723,2.723,15
2026-04-14 19:32:00,2.7185,2.7185,2.714,2.715,2.7235,2.7235,2.719,2.72,28
2026-04-14 19:33:00,2.714,2.715,2.714,2.714,2.719,2.72,2.719,2.719,5
2026-04-14 19:34:00,2.7146,2.718,2.7146,2.7161,2.7195,2.723,2.7195,2.721,25
2026-04-14 19:35:00,2.717,2.717,2.713,2.715,2.722,2.722,2.718,2.72,34
2026-04-14 19:36:00,2.7146,2.715,2.712,2.713,2.7195,2.72,2.717,2.718,10
2026-04-14 19:37:00,2.7135,2.714,2.7125,2.7125,2.7185,2.719,2.7175,2.7175,11
2026-04-14 19:38:00,2.712,2.713,2.712,2.712,2.717,2.718,2.717,2.717,22
2026-04-14 19:39:00,2.7125,2.713,2.712,2.712,2.7175,2.718,2.717,2.717,5
2026-04-14 19:40:00,2.713,2.7135,2.712,2.712,2.718,2.7185,2.717,2.717,11
2026-04-14 19:41:00,2.711,2.711,2.711,2.711,2.716,2.716,2.716,2.716,1
2026-04-14 19:42:00,2.712,2.713,2.709,2.713,2.717,2.718,2.714,2.718,30
2026-04-14 19:43:00,2.7135,2.715,2.7135,2.715,2.7185,2.72,2.7185,2.72,5
2026-04-14 19:44:00,2.7146,2.715,2.712,2.7135,2.7195,2.72,2.717,2.7185,21
2026-04-14 19:45:00,2.713,2.714,2.712,2.712,2.718,2.719,2.717,2.717,9
2026-04-14 19:46:00,2.7125,2.7146,2.712,2.713,2.7175,2.7195,2.717,2.718,22
2026-04-14 19:47:00,2.7135,2.7146,2.713,2.713,2.7185,2.7195,2.718,2.718,8
2026-04-14 19:48:00,2.7135,2.714,2.712,2.713,2.7185,2.719,2.717,2.718,11
2026-04-14 19:49:00,2.7135,2.7161,2.7135,2.7161,2.7185,2.721,2.7185,2.721,11
2026-04-14 19:50:00,2.715,2.723,2.715,2.721,2.72,2.728,2.72,2.726,43
2026-04-14 19:51:00,2.7205,2.721,2.719,2.72,2.7255,2.726,2.724,2.725,19
2026-04-14 19:52:00,2.7195,2.72,2.718,2.718,2.7245,2.725,2.723,2.723,10
2026-04-14 19:53:00,2.7175,2.7175,2.715,2.7161,2.7225,2.7225,2.72,2.721,28
2026-04-14 19:54:00,2.717,2.719,2.7165,2.7165,2.722,2.724,2.7215,2.7215,21
2026-04-14 19:55:00,2.717,2.718,2.712,2.718,2.722,2.723,2.717,2.723,23
2026-04-14 19:56:00,2.7185,2.72,2.7165,2.718,2.7235,2.725,2.7215,2.723,18
2026-04-14 19:57:00,2.717,2.718,2.715,2.715,2.722,2.723,2.72,2.72,20
2026-04-14 19:58:00,2.7146,2.715,2.7135,2.7146,2.7195,2.72,2.7185,2.7195,17
2026-04-14 19:59:00,2.715,2.715,2.714,2.714,2.72,2.72,2.719,2.719,7
2026-04-14 20:00:00,2.7146,2.72,2.7146,2.7161,2.7195,2.725,2.7195,2.721,27
2026-04-14 20:01:00,2.718,2.72,2.7161,2.718,2.723,2.725,2.721,2.723,23
2026-04-14 20:02:00,2.719,2.719,2.7161,2.718,2.724,2.724,2.721,2.723,23
2026-04-14 20:03:00,2.717,2.7185,2.7165,2.7165,2.722,2.7235,2.7215,2.7215,18
2026-04-14 20:04:00,2.717,2.717,2.7161,2.7161,2.722,2.722,2.721,2.721,12
2026-04-14 20:05:00,2.7155,2.7161,2.712,2.713,2.7205,2.721,2.717,2.718,22
2026-04-14 20:06:00,2.714,2.715,2.713,2.7135,2.719,2.72,2.718,2.7185,13
2026-04-14 20:07:00,2.714,2.715,2.7125,2.713,2.719,2.72,2.7175,2.718,8
2026-04-14 20:08:00,2.712,2.7195,2.711,2.718,2.717,2.7245,2.716,2.723,36
2026-04-14 20:09:00,2.7185,2.719,2.7165,2.7165,2.7235,2.724,2.7215,2.7215,10
2026-04-14 20:10:00,2.717,2.718,2.7161,2.718,2.722,2.723,2.721,2.723,18
2026-04-14 20:11:00,2.7175,2.7195,2.7175,2.7185,2.7225,2.7245,2.7225,2.7235,27
2026-04-14 20:12:00,2.718,2.7185,2.7165,2.718,2.723,2.7235,2.7215,2.723,18
2026-04-14 20:13:00,2.7185,2.7185,2.7161,2.7165,2.7235,2.7235,2.721,2.7215,18
2026-04-14 20:14:00,2.7161,2.721,2.7161,2.72,2.721,2.726,2.721,2.725,16
2026-04-14 20:15:00,2.721,2.722,2.719,2.72,2.726,2.727,2.724,2.725,24
2026-04-14 20:16:00,2.719,2.72,2.718,2.718,2.724,2.725,2.723,2.723,12
2026-04-14 20:17:00,2.7185,2.721,2.718,2.72,2.7235,2.726,2.723,2.725,9
2026-04-14 20:18:00,2.7195,2.7195,2.7175,2.718,2.7245,2.7245,2.7225,2.723,12
2026-04-14 20:19:00,2.7175,2.72,2.7175,2.718,2.7225,2.725,2.7225,2.723,11
2026-04-14 20:20:00,2.7185,2.7195,2.718,2.719,2.7235,2.7245,2.723,2.724,15
2026-04-14 20:21:00,2.7195,2.72,2.7175,2.719,2.7245,2.725,2.7225,2.724,16
2026-04-14 20:22:00,2.7195,2.72,2.7185,2.719,2.7245,2.725,2.7235,2.724,11
2026-04-14 20:23:00,2.7185,2.721,2.718,2.719,2.7235,2.726,2.723,2.724,15
2026-04-14 20:24:00,2.7185,2.72,2.717,2.72,2.7235,2.725,2.722,2.725,24
2026-04-14 20:25:00,2.721,2.723,2.72,2.72,2.726,2.728,2.725,2.725,31
2026-04-14 20:26:00,2.719,2.719,2.7165,2.719,2.724,2.724,2.7215,2.724,25
2026-04-14 20:27:00,2.7185,2.725,2.718,2.7241,2.7235,2.73,2.723,2.729,57
2026-04-14 20:28:00,2.7245,2.7245,2.718,2.721,2.7295,2.7295,2.723,2.726,69
2026-04-14 20:29:00,2.722,2.722,2.714,2.7161,2.727,2.727,2.719,2.721,74
2026-04-14 20:30:00,2.7165,2.719,2.715,2.718,2.7215,2.724,2.72,2.723,30
2026-04-14 20:31:00,2.7185,2.719,2.718,2.718,2.7235,2.724,2.723,2.723,11
2026-04-14 20:32:00,2.7175,2.718,2.7155,2.718,2.7225,2.723,2.7205,2.723,11
2026-04-14 20:33:00,2.717,2.718,2.717,2.718,2.722,2.723,2.722,2.723,18
2026-04-14 20:34:00,2.7175,2.718,2.714,2.715,2.7225,2.723,2.719,2.72,10
2026-04-14 20:35:00,2.7155,2.719,2.7155,2.719,2.7205,2.724,2.7205,2.724,7
2026-04-14 20:36:00,2.7185,2.72,2.718,2.7195,2.7235,2.725,2.723,2.7245,10
2026-04-14 20:37:00,2.719,2.72,2.719,2.72,2.724,2.725,2.724,2.725,11
2026-04-14 20:38:00,2.7195,2.721,2.719,2.72,2.7245,2.726,2.724,2.725,8
2026-04-14 20:39:00,2.721,2.722,2.721,2.722,2.726,2.727,2.726,2.727,5
2026-04-14 20:40:00,2.723,2.725,2.722,2.725,2.728,2.73,2.727,2.73,17
2026-04-14 20:41:00,2.7255,2.73,2.7255,2.7295,2.7305,2.735,2.7305,2.7345,25
2026-04-14 20:42:00,2.729,2.733,2.729,2.7321,2.734,2.738,2.734,2.737,23
2026-04-14 20:43:00,2.7325,2.7325,2.728,2.728,2.7375,2.7375,2.733,2.733,23
2026-04-14 20:44:00,2.727,2.728,2.726,2.727,2.732,2.733,2.731,2.732,18
2026-04-14 20:45:00,2.728,2.728,2.726,2.726,2.733,2.733,2.731,2.731,6
2026-04-14 20:46:00,2.7265,2.728,2.726,2.727,2.7315,2.733,2.731,2.732,10
2026-04-14 20:47:00,2.728,2.729,2.728,2.728,2.733,2.734,2.733,2.733,25
2026-04-14 20:49:00,2.729,2.73,2.729,2.729,2.734,2.735,2.734,2.734,8
2026-04-14 20:50:00,2.7285,2.729,2.728,2.729,2.7335,2.734,2.733,2.734,16
2026-04-14 20:51:00,2.7295,2.73,2.729,2.729,2.7345,2.735,2.734,2.734,16
2026-04-14 20:52:00,2.728,2.728,2.727,2.727,2.733,2.733,2.732,2.732,4
2026-04-14 20:53:00,2.726,2.726,2.725,2.726,2.731,2.731,2.73,2.731,4
2026-04-14 20:54:00,2.7255,2.726,2.7245,2.725,2.7305,2.731,2.7295,2.73,6
2026-04-14 20:55:00,2.7255,2.7255,2.725,2.725,2.7305,2.7305,2.73,2.73,2
2026-04-14 20:56:00,2.726,2.726,2.725,2.725,2.731,2.731,2.73,2.73,6
2026-04-14 20:57:00,2.7241,2.7255,2.7241,2.725,2.729,2.7305,2.729,2.73,11
2026-04-14 20:58:00,2.7245,2.726,2.7245,2.726,2.7295,2.731,2.7295,2.731,7
2026-04-14 20:59:00,2.7265,2.727,2.7241,2.7241,2.7315,2.732,2.729,2.729,6
2026-04-14 21:00:00,2.723,2.7241,2.723,2.7241,2.728,2.729,2.728,2.729,2
2026-04-14 21:01:00,2.725,2.725,2.723,2.7241,2.73,2.73,2.728,2.729,5
2026-04-14 21:02:00,2.7235,2.7241,2.723,2.723,2.7285,2.729,2.728,2.728,5
2026-04-14 21:03:00,2.7235,2.7241,2.723,2.723,2.7285,2.729,2.728,2.728,3
2026-04-14 21:04:00,2.7226,2.723,2.722,2.723,2.7275,2.728,2.727,2.728,3
2026-04-14 21:05:00,2.7226,2.7226,2.7215,2.722,2.7275,2.7275,2.7265,2.727,4
2026-04-14 21:06:00,2.721,2.722,2.721,2.7215,2.726,2.727,2.726,2.7265,5
2026-04-14 21:07:00,2.722,2.723,2.72,2.7226,2.727,2.728,2.725,2.7275,20
2026-04-14 21:08:00,2.7241,2.7241,2.722,2.722,2.729,2.729,2.727,2.727,16
2026-04-14 21:09:00,2.7226,2.7226,2.7215,2.722,2.7275,2.7275,2.7265,2.727,6
2026-04-14 21:10:00,2.7215,2.722,2.7215,2.722,2.7265,2.727,2.7265,2.727,4
2026-04-14 21:11:00,2.721,2.722,2.721,2.722,2.726,2.727,2.726,2.727,3
2026-04-14 21:12:00,2.7215,2.723,2.7215,2.723,2.7265,2.728,2.7265,2.728,4
2026-04-14 21:13:00,2.7241,2.7241,2.723,2.723,2.729,2.729,2.728,2.728,2
2026-04-14 21:14:00,2.722,2.723,2.722,2.723,2.727,2.728,2.727,2.728,3
2026-04-14 21:15:00,2.7226,2.723,2.722,2.723,2.7275,2.728,2.727,2.728,4
2026-04-14 21:16:00,2.7241,2.7241,2.7226,2.7241,2.729,2.729,2.7275,2.729,10
2026-04-14 21:17:00,2.7235,2.7245,2.7235,2.7241,2.7285,2.7295,2.7285,2.729,6
2026-04-14 21:18:00,2.7245,2.7255,2.7241,2.7255,2.7295,2.7305,2.729,2.7305,6
2026-04-14 21:19:00,2.726,2.726,2.725,2.725,2.731,2.731,2.73,2.73,3
2026-04-14 21:21:00,2.7241,2.7245,2.7241,2.7245,2.729,2.7295,2.729,2.7295,6
2026-04-14 21:22:00,2.724,2.724,2.722,2.723,2.729,2.729,2.727,2.728,8
2026-04-14 21:23:00,2.7226,2.723,2.722,2.722,2.7275,2.728,2.727,2.727,10
2026-04-14 21:25:00,2.7215,2.722,2.721,2.721,2.7265,2.727,2.726,2.726,3
2026-04-14 21:27:00,2.722,2.722,2.721,2.721,2.727,2.727,2.726,2.726,4
2026-04-14 21:29:00,2.7205,2.7205,2.719,2.72,2.7255,2.7255,2.724,2.725,5
2026-04-14 21:30:00,2.721,2.721,2.719,2.72,2.726,2.726,2.724,2.725,9
2026-04-14 21:31:00,2.7195,2.721,2.7195,2.72,2.7245,2.726,2.7245,2.725,8
2026-04-14 21:32:00,2.721,2.721,2.72,2.72,2.726,2.726,2.725,2.725,2
2026-04-14 21:34:00,2.721,2.722,2.72,2.7215,2.726,2.727,2.725,2.7265,6
2026-04-14 21:35:00,2.722,2.722,2.721,2.721,2.727,2.727,2.726,2.726,2
2026-04-14 21:36:00,2.72,2.7215,2.72,2.7205,2.725,2.7265,2.725,2.7255,13
2026-04-14 21:37:00,2.72,2.721,2.72,2.721,2.725,2.726,2.725,2.726,2
2026-04-14 21:38:00,2.7205,2.721,2.72,2.72,2.7255,2.726,2.725,2.725,6
2026-04-14 21:40:00,2.721,2.721,2.72,2.72,2.726,2.726,2.725,2.725,5
2026-04-14 21:41:00,2.721,2.721,2.72,2.72,2.726,2.726,2.725,2.725,2
2026-04-14 21:42:00,2.721,2.721,2.72,2.721,2.726,2.726,2.725,2.726,5
2026-04-14 21:43:00,2.722,2.722,2.721,2.721,2.727,2.727,2.726,2.726,11
2026-04-14 21:44:00,2.722,2.723,2.7215,2.7226,2.727,2.728,2.7265,2.7275,14
2026-04-14 21:45:00,2.722,2.723,2.722,2.723,2.727,2.728,2.727,2.728,3
2026-04-14 21:46:00,2.7226,2.7226,2.722,2.722,2.7275,2.7275,2.727,2.727,2
2026-04-14 21:47:00,2.7226,2.723,2.722,2.7226,2.7275,2.728,2.727,2.7275,5
2026-04-14 21:48:00,2.722,2.722,2.7215,2.722,2.727,2.727,2.7265,2.727,5
2026-04-14 21:49:00,2.7215,2.722,2.721,2.721,2.7265,2.727,2.726,2.726,12
2026-04-14 21:50:00,2.7215,2.722,2.721,2.721,2.7265,2.727,2.726,2.726,6
2026-04-14 21:52:00,2.7205,2.7205,2.72,2.72,2.7255,2.7255,2.725,2.725,4
2026-04-14 21:53:00,2.718,2.719,2.7175,2.7185,2.723,2.724,2.7225,2.7235,7
2026-04-14 21:54:00,2.719,2.721,2.7185,2.72,2.724,2.726,2.7235,2.725,17
2026-04-14 21:55:00,2.7195,2.722,2.718,2.72,2.7245,2.727,2.723,2.725,10
2026-04-14 21:56:00,2.7195,2.72,2.719,2.7195,2.7245,2.725,2.724,2.7245,9
2026-04-14 21:57:00,2.719,2.72,2.719,2.72,2.724,2.725,2.724,2.725,2
2026-04-14 21:59:00,2.721,2.721,2.72,2.72,2.726,2.726,2.725,2.725,14
2026-04-14 22:00:00,2.7205,2.721,2.72,2.721,2.7255,2.726,2.725,2.726,12
2026-04-14 22:01:00,2.7205,2.7205,2.72,2.72,2.7255,2.7255,2.725,2.725,4
2026-04-14 22:02:00,2.7195,2.7195,2.718,2.718,2.7245,2.7245,2.723,2.723,5
2026-04-14 22:03:00,2.717,2.718,2.717,2.718,2.722,2.723,2.722,2.723,2
2026-04-14 22:04:00,2.7175,2.718,2.717,2.717,2.7225,2.723,2.722,2.722,3
2026-04-14 22:09:00,2.718,2.719,2.718,2.718,2.723,2.724,2.723,2.723,7
2026-04-14 22:10:00,2.7185,2.719,2.718,2.718,2.7235,2.724,2.723,2.723,4
2026-04-14 22:12:00,2.7195,2.72,2.719,2.719,2.7245,2.725,2.724,2.724,4
2026-04-14 22:13:00,2.72,2.72,2.7195,2.72,2.725,2.725,2.7245,2.725,7
2026-04-14 22:15:00,2.7195,2.72,2.7195,2.7195,2.7245,2.725,2.7245,2.7245,3
2026-04-14 22:16:00,2.72,2.72,2.7195,2.7195,2.725,2.725,2.7245,2.7245,2
2026-04-14 22:17:00,2.72,2.72,2.719,2.7195,2.725,2.725,2.724,2.7245,3
2026-04-14 22:18:00,2.72,2.72,2.719,2.7195,2.725,2.725,2.724,2.7245,4
2026-04-14 22:19:00,2.719,2.719,2.718,2.719,2.724,2.724,2.723,2.724,5
2026-04-14 22:20:00,2.72,2.72,2.7195,2.7195,2.725,2.725,2.7245,2.7245,4
2026-04-14 22:22:00,2.719,2.719,2.719,2.719,2.724,2.724,2.724,2.724,1
2026-04-14 22:24:00,2.7185,2.7185,2.7185,2.7185,2.7235,2.7235,2.7235,2.7235,1
2026-04-14 22:25:00,2.718,2.718,2.7175,2.718,2.723,2.723,2.7225,2.723,3
2026-04-14 22:26:00,2.717,2.7185,2.717,2.7185,2.722,2.7235,2.722,2.7235,9
2026-04-14 22:27:00,2.718,2.718,2.7175,2.718,2.723,2.723,2.7225,2.723,5
2026-04-14 22:28:00,2.7175,2.718,2.717,2.717,2.7225,2.723,2.722,2.722,6
2026-04-14 22:29:00,2.7175,2.718,2.717,2.717,2.7225,2.723,2.722,2.722,4
2026-04-14 22:30:00,2.7175,2.7175,2.717,2.7175,2.7225,2.7225,2.722,2.7225,5
2026-04-14 22:31:00,2.718,2.718,2.7161,2.7165,2.723,2.723,2.721,2.7215,11
2026-04-14 22:32:00,2.717,2.717,2.7165,2.717,2.722,2.722,2.7215,2.722,3
2026-04-14 22:33:00,2.7161,2.7165,2.7161,2.7165,2.721,2.7215,2.721,2.7215,2
2026-04-14 22:34:00,2.717,2.717,2.717,2.717,2.722,2.722,2.722,2.722,1
2026-04-14 22:35:00,2.718,2.718,2.7161,2.717,2.723,2.723,2.721,2.722,5
2026-04-14 22:36:00,2.7165,2.7175,2.7161,2.7165,2.7215,2.7225,2.721,2.7215,8
2026-04-14 22:37:00,2.7161,2.7165,2.7161,2.7165,2.721,2.7215,2.721,2.7215,2
2026-04-14 22:38:00,2.717,2.717,2.7165,2.7165,2.722,2.722,2.7215,2.7215,2
2026-04-14 22:39:00,2.7161,2.7161,2.714,2.715,2.721,2.721,2.719,2.72,4
2026-04-14 22:40:00,2.7146,2.715,2.7146,2.715,2.7195,2.72,2.7195,2.72,2
2026-04-14 22:41:00,2.7146,2.715,2.714,2.7146,2.7195,2.72,2.719,2.7195,8
2026-04-14 22:42:00,2.714,2.714,2.714,2.714,2.719,2.719,2.719,2.719,1
2026-04-14 22:43:00,2.7146,2.7146,2.712,2.712,2.7195,2.7195,2.717,2.717,15
2026-04-14 22:44:00,2.7125,2.713,2.712,2.712,2.7175,2.718,2.717,2.717,16
2026-04-14 22:45:00,2.7125,2.713,2.711,2.712,2.7175,2.718,2.716,2.717,19
2026-04-14 22:46:00,2.7125,2.7125,2.711,2.711,2.7175,2.7175,2.716,2.716,6
2026-04-14 22:47:00,2.71,2.711,2.71,2.711,2.715,2.716,2.715,2.716,2
2026-04-14 22:49:00,2.7105,2.711,2.7105,2.711,2.7155,2.716,2.7155,2.716,2
2026-04-14 22:50:00,2.7115,2.712,2.711,2.712,2.7165,2.717,2.716,2.717,10
2026-04-14 22:51:00,2.7115,2.714,2.7115,2.713,2.7165,2.719,2.7165,2.718,15
2026-04-14 22:53:00,2.7125,2.7125,2.7115,2.712,2.7175,2.7175,2.7165,2.717,4
2026-04-14 22:54:00,2.7125,2.7125,2.7125,2.7125,2.7175,2.7175,2.7175,2.7175,1
2026-04-14 22:55:00,2.713,2.714,2.712,2.7125,2.718,2.719,2.717,2.7175,7
2026-04-14 22:56:00,2.712,2.713,2.712,2.713,2.717,2.718,2.717,2.718,2
2026-04-14 22:57:00,2.7125,2.713,2.712,2.7125,2.7175,2.718,2.717,2.7175,9
2026-04-14 22:58:00,2.712,2.712,2.7115,2.712,2.717,2.717,2.7165,2.717,5
2026-04-14 22:59:00,2.7115,2.7178,2.7115,2.7168,2.7165,2.7228,2.7165,2.7218,20
2026-04-15 00:00:00,2.7248,2.7308,2.7248,2.7278,2.7298,2.7358,2.7298,2.7328,21
2026-04-15 00:01:00,2.7288,2.7298,2.7258,2.7268,2.7338,2.7348,2.7308,2.7318,11
2026-04-15 00:02:00,2.7263,2.7263,2.7228,2.7233,2.7313,2.7313,2.7278,2.7283,6
2026-04-15 00:03:00,2.7228,2.7228,2.7228,2.7228,2.7278,2.7278,2.7278,2.7278,1
2026-04-15 00:04:00,2.7233,2.7233,2.7218,2.7223,2.7283,2.7283,2.7268,2.7273,3
2026-04-15 00:05:00,2.7228,2.7238,2.7223,2.7228,2.7278,2.7288,2.7273,2.7278,6
2026-04-15 00:06:00,2.7223,2.7223,2.7188,2.7193,2.7273,2.7273,2.7238,2.7243,7
2026-04-15 00:07:00,2.7188,2.7193,2.7188,2.7188,2.7238,2.7243,2.7238,2.7238,3
2026-04-15 00:08:00,2.7193,2.7193,2.7193,2.7193,2.7243,2.7243,2.7243,2.7243,1
2026-04-15 00:09:00,2.7188,2.7188,2.7188,2.7188,2.7238,2.7238,2.7238,2.7238,1
2026-04-15 00:10:00,2.7198,2.7203,2.7183,2.7183,2.7248,2.7253,2.7233,2.7233,6
2026-04-15 00:12:00,2.7188,2.7188,2.7188,2.7188,2.7238,2.7238,2.7238,2.7238,1
2026-04-15 00:13:00,2.7183,2.7188,2.7183,2.7188,2.7233,2.7238,2.7233,2.7238,2
2026-04-15 00:14:00,2.7183,2.7183,2.7178,2.7178,2.7233,2.7233,2.7228,2.7228,2
2026-04-15 00:15:00,2.7173,2.7173,2.7163,2.7163,2.7223,2.7223,2.7213,2.7213,3
2026-04-15 00:16:00,2.7158,2.7158,2.7143,2.7148,2.7208,2.7208,2.7193,2.7198,4
2026-04-15 00:17:00,2.7153,2.7158,2.7153,2.7158,2.7203,2.7208,2.7203,2.7208,2
2026-04-15 00:18:00,2.7153,2.7158,2.7153,2.7158,2.7203,2.7208,2.7203,2.7208,2
2026-04-15 00:19:00,2.7153,2.7153,2.7138,2.7153,2.7203,2.7203,2.7188,2.7203,5
2026-04-15 00:21:00,2.7158,2.7158,2.7158,2.7158,2.7208,2.7208,2.7208,2.7208,1
2026-04-15 00:25:00,2.7153,2.7158,2.7153,2.7158,2.7203,2.7208,2.7203,2.7208,2
2026-04-15 00:27:00,2.7168,2.7168,2.7168,2.7168,2.7218,2.7218,2.7218,2.7218,1
2026-04-15 00:29:00,2.7158,2.7158,2.7138,2.7138,2.7208,2.7208,2.7188,2.7188,4
2026-04-15 00:30:00,2.7143,2.7148,2.7143,2.7148,2.7193,2.7198,2.7193,2.7198,2
2026-04-15 00:32:00,2.7143,2.7148,2.7138,2.7148,2.7193,2.7198,2.7188,2.7198,4
2026-04-15 00:33:00,2.7143,2.7148,2.7143,2.7148,2.7193,2.7198,2.7193,2.7198,2
2026-04-15 00:35:00,2.7158,2.7158,2.7158,2.7158,2.7208,2.7208,2.7208,2.7208,1
2026-04-15 00:38:00,2.7148,2.7148,2.7138,2.7138,2.7198,2.7198,2.7188,2.7188,2
2026-04-15 00:40:00,2.7133,2.7143,2.7128,2.7138,2.7183,2.7193,2.7178,2.7188,6
2026-04-15 00:44:00,2.7143,2.7143,2.7143,2.7143,2.7193,2.7193,2.7193,2.7193,1
2026-04-15 00:45:00,2.7148,2.7158,2.7138,2.7138,2.7198,2.7208,2.7188,2.7188,7
2026-04-15 00:46:00,2.7143,2.7148,2.7143,2.7148,2.7193,2.7198,2.7193,2.7198,2
2026-04-15 00:47:00,2.7158,2.7158,2.7158,2.7158,2.7208,2.7208,2.7208,2.7208,1
2026-04-15 00:52:00,2.7153,2.7153,2.7153,2.7153,2.7203,2.7203,2.7203,2.7203,1
2026-04-15 00:53:00,2.7158,2.7158,2.7158,2.7158,2.7208,2.7208,2.7208,2.7208,1
2026-04-15 00:54:00,2.7163,2.7168,2.7158,2.7158,2.7213,2.7218,2.7208,2.7208,3
2026-04-15 01:00:00,2.7163,2.7163,2.7163,2.7163,2.7213,2.7213,2.7213,2.7213,1
2026-04-15 01:01:00,2.7158,2.7163,2.7158,2.7158,2.7208,2.7213,2.7208,2.7208,3
2026-04-15 01:02:00,2.7148,2.7148,2.7148,2.7148,2.7198,2.7198,2.7198,2.7198,1
2026-04-15 01:08:00,2.7153,2.7153,2.7148,2.7148,2.7203,2.7203,2.7198,2.7198,2
2026-04-15 01:09:00,2.7143,2.7148,2.7143,2.7148,2.7193,2.7198,2.7193,2.7198,2
2026-04-15 01:12:00,2.7158,2.7158,2.7158,2.7158,2.7208,2.7208,2.7208,2.7208,1
2026-04-15 01:16:00,2.7148,2.7148,2.7148,2.7148,2.7198,2.7198,2.7198,2.7198,1
2026-04-15 01:17:00,2.7153,2.7153,2.7153,2.7153,2.7203,2.7203,2.7203,2.7203,1
2026-04-15 01:21:00,2.7148,2.7153,2.7148,2.7153,2.7198,2.7203,2.7198,2.7203,2
2026-04-15 01:22:00,2.7148,2.7148,2.7138,2.7143,2.7198,2.7198,2.7188,2.7193,3
2026-04-15 01:25:00,2.7148,2.7158,2.7148,2.7153,2.7198,2.7208,2.7198,2.7203,3
2026-04-15 01:26:00,2.7148,2.7148,2.7148,2.7148,2.7198,2.7198,2.7198,2.7198,1
2026-04-15 01:27:00,2.7143,2.7143,2.7143,2.7143,2.7193,2.7193,2.7193,2.7193,1
2026-04-15 01:28:00,2.7148,2.7148,2.7148,2.7148,2.7198,2.7198,2.7198,2.7198,1
2026-04-15 01:33:00,2.7143,2.7148,2.7138,2.7148,2.7193,2.7198,2.7188,2.7198,3
2026-04-15 01:34:00,2.7128,2.7128,2.7063,2.7063,2.7178,2.7178,2.7113,2.7113,21
2026-04-15 01:35:00,2.7068,2.7088,2.7053,2.7088,2.7118,2.7138,2.7103,2.7138,22
2026-04-15 01:36:00,2.7098,2.7098,2.7083,2.7098,2.7148,2.7148,2.7133,2.7148,11
2026-04-15 01:37:00,2.7103,2.7108,2.7093,2.7093,2.7153,2.7158,2.7143,2.7143,6
2026-04-15 01:38:00,2.7098,2.7103,2.7078,2.7078,2.7148,2.7153,2.7128,2.7128,13
2026-04-15 01:39:00,2.7093,2.7098,2.7078,2.7088,2.7143,2.7148,2.7128,2.7138,15
2026-04-15 01:40:00,2.7083,2.7098,2.7083,2.7083,2.7133,2.7148,2.7133,2.7133,9
2026-04-15 01:41:00,2.7088,2.7093,2.7088,2.7093,2.7138,2.7143,2.7138,2.7143,2
2026-04-15 01:43:00,2.7088,2.7088,2.7088,2.7088,2.7138,2.7138,2.7138,2.7138,1
2026-04-15 01:44:00,2.7093,2.7098,2.7088,2.7088,2.7143,2.7148,2.7138,2.7138,4
2026-04-15 01:45:00,2.7083,2.7093,2.7063,2.7083,2.7133,2.7143,2.7113,2.7133,12
2026-04-15 01:46:00,2.7088,2.7088,2.7078,2.7078,2.7138,2.7138,2.7128,2.7128,3
2026-04-15 01:47:00,2.7083,2.7098,2.7083,2.7093,2.7133,2.7148,2.7133,2.7143,6
2026-04-15 01:48:00,2.7098,2.7098,2.7093,2.7093,2.7148,2.7148,2.7143,2.7143,2
2026-04-15 01:49:00,2.7088,2.7103,2.7088,2.7098,2.7138,2.7153,2.7138,2.7148,5
2026-04-15 01:50:00,2.7093,2.7108,2.7093,2.7108,2.7143,2.7158,2.7143,2.7158,8
2026-04-15 01:51:00,2.7103,2.7123,2.7103,2.7123,2.7153,2.7173,2.7153,2.7173,5
2026-04-15 01:52:00,2.7128,2.7138,2.7123,2.7128,2.7178,2.7188,2.7173,2.7178,6
2026-04-15 01:53:00,2.7133,2.7133,2.7123,2.7123,2.7183,2.7183,2.7173,2.7173,6
2026-04-15 01:54:00,2.7128,2.7148,2.7128,2.7128,2.7178,2.7198,2.7178,2.7178,6
2026-04-15 01:55:00,2.7123,2.7133,2.7123,2.7133,2.7173,2.7183,2.7173,2.7183,3
2026-04-15 01:56:00,2.7143,2.7143,2.7133,2.7133,2.7193,2.7193,2.7183,2.7183,4
2026-04-15 01:57:00,2.7143,2.7148,2.7133,2.7148,2.7193,2.7198,2.7183,2.7198,3
2026-04-15 01:58:00,2.7143,2.7153,2.7143,2.7153,2.7193,2.7203,2.7193,2.7203,3
2026-04-15 01:59:00,2.7143,2.7153,2.7143,2.7153,2.7193,2.7203,2.7193,2.7203,5
2026-04-15 02:00:00,2.7158,2.7213,2.7158,2.7198,2.7208,2.7263,2.7208,2.7248,33
2026-04-15 02:01:00,2.7183,2.7183,2.7168,2.7173,2.7233,2.7233,2.7218,2.7223,11
2026-04-15 02:02:00,2.7168,2.7178,2.7168,2.7178,2.7218,2.7228,2.7218,2.7228,2
2026-04-15 02:03:00,2.7183,2.7193,2.7178,2.7193,2.7233,2.7243,2.7228,2.7243,4
2026-04-15 02:04:00,2.7188,2.7188,2.7168,2.7168,2.7238,2.7238,2.7218,2.7218,8
2026-04-15 02:05:00,2.7163,2.7163,2.7133,2.7138,2.7213,2.7213,2.7183,2.7188,8
2026-04-15 02:06:00,2.7148,2.7148,2.7133,2.7133,2.7198,2.7198,2.7183,2.7183,7
2026-04-15 02:07:00,2.7138,2.7138,2.7128,2.7133,2.7188,2.7188,2.7178,2.7183,13
2026-04-15 02:08:00,2.7138,2.7143,2.7128,2.7143,2.7188,2.7193,2.7178,2.7193,6
2026-04-15 02:09:00,2.7138,2.7138,2.7133,2.7133,2.7188,2.7188,2.7183,2.7183,2
2026-04-15 02:10:00,2.7148,2.7178,2.7143,2.7173,2.7198,2.7228,2.7193,2.7223,6
2026-04-15 02:12:00,2.7163,2.7163,2.7148,2.7153,2.7213,2.7213,2.7198,2.7203,4
2026-04-15 02:13:00,2.7163,2.7173,2.7163,2.7173,2.7213,2.7223,2.7213,2.7223,3
2026-04-15 02:14:00,2.7208,2.7208,2.7173,2.7173,2.7258,2.7258,2.7223,2.7223,4
2026-04-15 02:15:00,2.7168,2.7183,2.7168,2.7178,2.7218,2.7233,2.7218,2.7228,4
2026-04-15 02:16:00,2.7173,2.7173,2.7168,2.7168,2.7223,2.7223,2.7218,2.7218,2
2026-04-15 02:17:00,2.7163,2.7163,2.7163,2.7163,2.7213,2.7213,2.7213,2.7213,1
2026-04-15 02:19:00,2.7168,2.7168,2.7168,2.7168,2.7218,2.7218,2.7218,2.7218,1
2026-04-15 02:20:00,2.7163,2.7168,2.7143,2.7158,2.7213,2.7218,2.7193,2.7208,11
2026-04-15 02:21:00,2.7163,2.7163,2.7158,2.7158,2.7213,2.7213,2.7208,2.7208,2
2026-04-15 02:22:00,2.7153,2.7153,2.7128,2.7133,2.7203,2.7203,2.7178,2.7183,9
2026-04-15 02:23:00,2.7128,2.7143,2.7128,2.7143,2.7178,2.7193,2.7178,2.7193,4
2026-04-15 02:24:00,2.7138,2.7138,2.7133,2.7133,2.7188,2.7188,2.7183,2.7183,2
2026-04-15 02:25:00,2.7138,2.7138,2.7133,2.7133,2.7188,2.7188,2.7183,2.7183,2
2026-04-15 02:26:00,2.7148,2.7148,2.7128,2.7138,2.7198,2.7198,2.7178,2.7188,5
2026-04-15 02:27:00,2.7133,2.7133,2.7128,2.7128,2.7183,2.7183,2.7178,2.7178,2
2026-04-15 02:28:00,2.7123,2.7128,2.7123,2.7128,2.7173,2.7178,2.7173,2.7178,4
2026-04-15 02:29:00,2.7123,2.7148,2.7123,2.7128,2.7173,2.7198,2.7173,2.7178,10
2026-04-15 02:30:00,2.7138,2.7138,2.7133,2.7133,2.7188,2.7188,2.7183,2.7183,2
2026-04-15 02:31:00,2.7143,2.7143,2.7143,2.7143,2.7193,2.7193,2.7193,2.7193,1
2026-04-15 02:32:00,2.7138,2.7138,2.7138,2.7138,2.7188,2.7188,2.7188,2.7188,1
2026-04-15 02:33:00,2.7143,2.7163,2.7143,2.7143,2.7193,2.7213,2.7193,2.7193,5
2026-04-15 02:35:00,2.7138,2.7138,2.7138,2.7138,2.7188,2.7188,2.7188,2.7188,1
2026-04-15 02:37:00,2.7133,2.7133,2.7123,2.7123,2.7183,2.7183,2.7173,2.7173,2
2026-04-15 02:42:00,2.7118,2.7118,2.7118,2.7118,2.7168,2.7168,2.7168,2.7168,1
2026-04-15 02:43:00,2.7128,2.7133,2.7128,2.7133,2.7178,2.7183,2.7178,2.7183,2
2026-04-15 02:45:00,2.7138,2.7138,2.7113,2.7113,2.7188,2.7188,2.7163,2.7163,3
2026-04-15 02:46:00,2.7118,2.7133,2.7118,2.7133,2.7168,2.7183,2.7168,2.7183,3
2026-04-15 02:56:00,2.7128,2.7138,2.7128,2.7138,2.7178,2.7188,2.7178,2.7188,4
2026-04-15 02:57:00,2.7143,2.7143,2.7143,2.7143,2.7193,2.7193,2.7193,2.7193,1
2026-04-15 02:59:00,2.7153,2.7163,2.7153,2.7163,2.7203,2.7213,2.7203,2.7213,2
2026-04-15 03:00:00,2.7158,2.7178,2.7158,2.7178,2.7208,2.7228,2.7208,2.7228,5
2026-04-15 03:01:00,2.7173,2.7173,2.7153,2.7153,2.7223,2.7223,2.7203,2.7203,3
2026-04-15 03:02:00,2.7143,2.7168,2.7143,2.7168,2.7193,2.7218,2.7193,2.7218,9
2026-04-15 03:03:00,2.7173,2.7183,2.7173,2.7183,2.7223,2.7233,2.7223,2.7233,5
2026-04-15 03:04:00,2.7178,2.7183,2.7173,2.7173,2.7228,2.7233,2.7223,2.7223,9
2026-04-15 03:05:00,2.7183,2.7183,2.7173,2.7173,2.7233,2.7233,2.7223,2.7223,7
2026-04-15 03:06:00,2.7168,2.7173,2.7153,2.7153,2.7218,2.7223,2.7203,2.7203,11
2026-04-15 03:07:00,2.7148,2.7153,2.7148,2.7153,2.7198,2.7203,2.7198,2.7203,8
2026-04-15 03:08:00,2.7148,2.7148,2.7123,2.7133,2.7198,2.7198,2.7173,2.7183,10
2026-04-15 03:09:00,2.7128,2.7133,2.7123,2.7128,2.7178,2.7183,2.7173,2.7178,12
2026-04-15 03:10:00,2.7133,2.7163,2.7133,2.7153,2.7183,2.7213,2.7183,2.7203,8
2026-04-15 03:11:00,2.7143,2.7153,2.7143,2.7153,2.7193,2.7203,2.7193,2.7203,2
2026-04-15 03:12:00,2.7158,2.7163,2.7158,2.7163,2.7208,2.7213,2.7208,2.7213,2
2026-04-15 03:13:00,2.7158,2.7163,2.7148,2.7153,2.7208,2.7213,2.7198,2.7203,6
2026-04-15 03:15:00,2.7163,2.7168,2.7153,2.7168,2.7213,2.7218,2.7203,2.7218,14
2026-04-15 03:16:00,2.7163,2.7178,2.7163,2.7173,2.7213,2.7228,2.7213,2.7223,5
2026-04-15 03:17:00,2.7163,2.7173,2.7163,2.7163,2.7213,2.7223,2.7213,2.7213,6
2026-04-15 03:18:00,2.7153,2.7153,2.7153,2.7153,2.7203,2.7203,2.7203,2.7203,1
2026-04-15 03:19:00,2.7163,2.7163,2.7153,2.7153,2.7213,2.7213,2.7203,2.7203,3
2026-04-15 03:21:00,2.7158,2.7163,2.7158,2.7163,2.7208,2.7213,2.7208,2.7213,2
2026-04-15 03:22:00,2.7158,2.7163,2.7153,2.7163,2.7208,2.7213,2.7203,2.7213,4
2026-04-15 03:23:00,2.7168,2.7178,2.7163,2.7178,2.7218,2.7228,2.7213,2.7228,5
2026-04-15 03:24:00,2.7183,2.7183,2.7183,2.7183,2.7233,2.7233,2.7233,2.7233,1
2026-04-15 03:25:00,2.7173,2.7178,2.7163,2.7173,2.7223,2.7228,2.7213,2.7223,8
2026-04-15 03:26:00,2.7168,2.7178,2.7168,2.7178,2.7218,2.7228,2.7218,2.7228,5
2026-04-15 03:27:00,2.7173,2.7183,2.7173,2.7178,2.7223,2.7233,2.7223,2.7228,4
2026-04-15 03:28:00,2.7168,2.7178,2.7168,2.7173,2.7218,2.7228,2.7218,2.7223,3
2026-04-15 03:29:00,2.7168,2.7168,2.7168,2.7168,2.7218,2.7218,2.7218,2.7218,1
2026-04-15 03:30:00,2.7163,2.7173,2.7163,2.7173,2.7213,2.7223,2.7213,2.7223,3
2026-04-15 03:31:00,2.7178,2.7178,2.7178,2.7178,2.7228,2.7228,2.7228,2.7228,1
2026-04-15 03:32:00,2.7168,2.7168,2.7163,2.7168,2.7218,2.7218,2.7213,2.7218,3
2026-04-15 03:33:00,2.7178,2.7178,2.7173,2.7178,2.7228,2.7228,2.7223,2.7228,3
2026-04-15 03:35:00,2.7188,2.7188,2.7188,2.7188,2.7238,2.7238,2.7238,2.7238,1
2026-04-15 03:36:00,2.7183,2.7183,2.7173,2.7178,2.7233,2.7233,2.7223,2.7228,4
2026-04-15 03:37:00,2.7183,2.7183,2.7183,2.7183,2.7233,2.7233,2.7233,2.7233,1
2026-04-15 03:38:00,2.7188,2.7188,2.7188,2.7188,2.7238,2.7238,2.7238,2.7238,1
2026-04-15 03:39:00,2.7178,2.7188,2.7178,2.7183,2.7228,2.7238,2.7228,2.7233,3
2026-04-15 03:40:00,2.7178,2.7178,2.7168,2.7168,2.7228,2.7228,2.7218,2.7218,2
2026-04-15 03:41:00,2.7178,2.7178,2.7178,2.7178,2.7228,2.7228,2.7228,2.7228,1
2026-04-15 03:42:00,2.7173,2.7173,2.7173,2.7173,2.7223,2.7223,2.7223,2.7223,1
2026-04-15 03:44:00,2.7163,2.7168,2.7163,2.7168,2.7213,2.7218,2.7213,2.7218,2
2026-04-15 03:45:00,2.7163,2.7168,2.7163,2.7168,2.7213,2.7218,2.7213,2.7218,2
2026-04-15 03:47:00,2.7163,2.7168,2.7163,2.7168,2.7213,2.7218,2.7213,2.7218,2
2026-04-15 03:50:00,2.7173,2.7173,2.7168,2.7168,2.7223,2.7223,2.7218,2.7218,2
2026-04-15 03:51:00,2.7173,2.7173,2.7173,2.7173,2.7223,2.7223,2.7223,2.7223,1
2026-04-15 03:52:00,2.7168,2.7173,2.7168,2.7173,2.7218,2.7223,2.7218,2.7223,2
2026-04-15 03:53:00,2.7178,2.7178,2.7178,2.7178,2.7228,2.7228,2.7228,2.7228,1
2026-04-15 03:56:00,2.7173,2.7173,2.7163,2.7163,2.7223,2.7223,2.7213,2.7213,2
2026-04-15 03:57:00,2.7168,2.7168,2.7168,2.7168,2.7218,2.7218,2.7218,2.7218,1
2026-04-15 03:58:00,2.7163,2.7163,2.7163,2.7163,2.7213,2.7213,2.7213,2.7213,1
2026-04-15 03:59:00,2.7158,2.7158,2.7158,2.7158,2.7208,2.7208,2.7208,2.7208,1
2026-04-15 04:00:00,2.7168,2.7178,2.7168,2.7178,2.7218,2.7228,2.7218,2.7228,2
2026-04-15 04:01:00,2.7173,2.7178,2.7173,2.7178,2.7223,2.7228,2.7223,2.7228,2
2026-04-15 04:02:00,2.7183,2.7183,2.7183,2.7183,2.7233,2.7233,2.7233,2.7233,1
2026-04-15 04:03:00,2.7178,2.7178,2.7178,2.7178,2.7228,2.7228,2.7228,2.7228,1
2026-04-15 04:04:00,2.7173,2.7183,2.7173,2.7183,2.7223,2.7233,2.7223,2.7233,3
2026-04-15 04:05:00,2.7188,2.7188,2.7148,2.7158,2.7238,2.7238,2.7198,2.7208,16
2026-04-15 04:06:00,2.7153,2.7158,2.7148,2.7158,2.7203,2.7208,2.7198,2.7208,6
2026-04-15 04:07:00,2.7153,2.7153,2.7143,2.7143,2.7203,2.7203,2.7193,2.7193,3
2026-04-15 04:08:00,2.7138,2.7138,2.7138,2.7138,2.7188,2.7188,2.7188,2.7188,1
2026-04-15 04:09:00,2.7133,2.7133,2.7123,2.7128,2.7183,2.7183,2.7173,2.7178,6
2026-04-15 04:10:00,2.7138,2.7138,2.7133,2.7138,2.7188,2.7188,2.7183,2.7188,3
2026-04-15 04:12:00,2.7148,2.7148,2.7143,2.7148,2.7198,2.7198,2.7193,2.7198,3
2026-04-15 04:13:00,2.7143,2.7143,2.7138,2.7138,2.7193,2.7193,2.7188,2.7188,2
2026-04-15 04:14:00,2.7148,2.7148,2.7138,2.7138,2.7198,2.7198,2.7188,2.7188,3
2026-04-15 04:15:00,2.7143,2.7148,2.7143,2.7148,2.7193,2.7198,2.7193,2.7198,2
2026-04-15 04:17:00,2.7138,2.7148,2.7138,2.7148,2.7188,2.7198,2.7188,2.7198,2
2026-04-15 04:20:00,2.7158,2.7158,2.7158,2.7158,2.7208,2.7208,2.7208,2.7208,1
2026-04-15 04:21:00,2.7173,2.7183,2.7163,2.7178,2.7223,2.7233,2.7213,2.7228,7
2026-04-15 04:24:00,2.7173,2.7173,2.7168,2.7168,2.7223,2.7223,2.7218,2.7218,2
2026-04-15 04:25:00,2.7178,2.7178,2.7168,2.7173,2.7228,2.7228,2.7218,2.7223,3
2026-04-15 04:26:00,2.7178,2.7183,2.7173,2.7173,2.7228,2.7233,2.7223,2.7223,4
2026-04-15 04:28:00,2.7178,2.7178,2.7168,2.7168,2.7228,2.7228,2.7218,2.7218,2
2026-04-15 04:29:00,2.7163,2.7163,2.7163,2.7163,2.7213,2.7213,2.7213,2.7213,1
2026-04-15 04:30:00,2.7168,2.7173,2.7168,2.7168,2.7218,2.7223,2.7218,2.7218,3
2026-04-15 04:31:00,2.7173,2.7178,2.7173,2.7178,2.7223,2.7228,2.7223,2.7228,4
2026-04-15 04:33:00,2.7183,2.7183,2.7183,2.7183,2.7233,2.7233,2.7233,2.7233,1
2026-04-15 04:34:00,2.7188,2.7188,2.7188,2.7188,2.7238,2.7238,2.7238,2.7238,1
2026-04-15 04:35:00,2.7198,2.7208,2.7198,2.7203,2.7248,2.7258,2.7248,2.7253,3
2026-04-15 04:36:00,2.7198,2.7198,2.7198,2.7198,2.7248,2.7248,2.7248,2.7248,1
2026-04-15 04:38:00,2.7188,2.7188,2.7188,2.7188,2.7238,2.7238,2.7238,2.7238,1
2026-04-15 04:40:00,2.7198,2.7198,2.7198,2.7198,2.7248,2.7248,2.7248,2.7248,1
2026-04-15 04:42:00,2.7193,2.7198,2.7193,2.7198,2.7243,2.7248,2.7243,2.7248,2
2026-04-15 04:43:00,2.7188,2.7203,2.7188,2.7193,2.7238,2.7253,2.7238,2.7243,9
2026-04-15 04:45:00,2.7188,2.7188,2.7188,2.7188,2.7238,2.7238,2.7238,2.7238,1
2026-04-15 04:46:00,2.7193,2.7193,2.7183,2.7183,2.7243,2.7243,2.7233,2.7233,3
2026-04-15 04:48:00,2.7178,2.7183,2.7178,2.7183,2.7228,2.7233,2.7228,2.7233,2
2026-04-15 04:49:00,2.7188,2.7188,2.7183,2.7183,2.7238,2.7238,2.7233,2.7233,2
2026-04-15 04:50:00,2.7178,2.7178,2.7178,2.7178,2.7228,2.7228,2.7228,2.7228,1
2026-04-15 04:51:00,2.7183,2.7183,2.7163,2.7168,2.7233,2.7233,2.7213,2.7218,8
2026-04-15 04:52:00,2.7163,2.7163,2.7163,2.7163,2.7213,2.7213,2.7213,2.7213,1
2026-04-15 04:53:00,2.7168,2.7168,2.7168,2.7168,2.7218,2.7218,2.7218,2.7218,1
2026-04-15 04:54:00,2.7163,2.7163,2.7158,2.7158,2.7213,2.7213,2.7208,2.7208,2
2026-04-15 04:57:00,2.7153,2.7158,2.7153,2.7158,2.7203,2.7208,2.7203,2.7208,2
2026-04-15 04:59:00,2.7163,2.7183,2.7163,2.7183,2.7213,2.7233,2.7213,2.7233,6
2026-04-15 05:00:00,2.7173,2.7173,2.7173,2.7173,2.7223,2.7223,2.7223,2.7223,1
2026-04-15 05:01:00,2.7178,2.7183,2.7178,2.7183,2.7228,2.7233,2.7228,2.7233,2
2026-04-15 05:02:00,2.7173,2.7173,2.7173,2.7173,2.7223,2.7223,2.7223,2.7223,1
2026-04-15 05:03:00,2.7178,2.7178,2.7173,2.7178,2.7228,2.7228,2.7223,2.7228,5
2026-04-15 05:04:00,2.7173,2.7178,2.7173,2.7178,2.7223,2.7228,2.7223,2.7228,2
2026-04-15 05:05:00,2.7183,2.7183,2.7183,2.7183,2.7233,2.7233,2.7233,2.7233,1
2026-04-15 05:06:00,2.7193,2.7208,2.7193,2.7208,2.7243,2.7258,2.7243,2.7258,4
2026-04-15 05:07:00,2.7203,2.7203,2.7203,2.7203,2.7253,2.7253,2.7253,2.7253,1
2026-04-15 05:08:00,2.7198,2.7198,2.7198,2.7198,2.7248,2.7248,2.7248,2.7248,1
2026-04-15 05:12:00,2.7193,2.7208,2.7193,2.7203,2.7243,2.7258,2.7243,2.7253,6
2026-04-15 05:14:00,2.7193,2.7198,2.7193,2.7198,2.7243,2.7248,2.7243,2.7248,2
2026-04-15 05:16:00,2.7193,2.7193,2.7183,2.7183,2.7243,2.7243,2.7233,2.7233,3
2026-04-15 05:17:00,2.7178,2.7183,2.7178,2.7183,2.7228,2.7233,2.7228,2.7233,2
2026-04-15 05:18:00,2.7188,2.7188,2.7188,2.7188,2.7238,2.7238,2.7238,2.7238,1
2026-04-15 05:19:00,2.7183,2.7183,2.7183,2.7183,2.7233,2.7233,2.7233,2.7233,1
2026-04-15 05:20:00,2.7188,2.7188,2.7188,2.7188,2.7238,2.7238,2.7238,2.7238,1
2026-04-15 05:21:00,2.7183,2.7188,2.7183,2.7188,2.7233,2.7238,2.7233,2.7238,2
2026-04-15 05:23:00,2.7198,2.7198,2.7188,2.7193,2.7248,2.7248,2.7238,2.7243,3
2026-04-15 05:24:00,2.7198,2.7198,2.7198,2.7198,2.7248,2.7248,2.7248,2.7248,1
2026-04-15 05:25:00,2.7193,2.7193,2.7193,2.7193,2.7243,2.7243,2.7243,2.7243,1
2026-04-15 05:27:00,2.7198,2.7198,2.7193,2.7198,2.7248,2.7248,2.7243,2.7248,3
2026-04-15 05:29:00,2.7193,2.7198,2.7193,2.7198,2.7243,2.7248,2.7243,2.7248,2
2026-04-15 05:30:00,2.7193,2.7193,2.7193,2.7193,2.7243,2.7243,2.7243,2.7243,1
2026-04-15 05:31:00,2.7188,2.7188,2.7148,2.7148,2.7238,2.7238,2.7198,2.7198,12
2026-04-15 05:32:00,2.7153,2.7153,2.7153,2.7153,2.7203,2.7203,2.7203,2.7203,1
2026-04-15 05:33:00,2.7158,2.7168,2.7153,2.7163,2.7208,2.7218,2.7203,2.7213,5
2026-04-15 05:35:00,2.7168,2.7168,2.7168,2.7168,2.7218,2.7218,2.7218,2.7218,1
2026-04-15 05:36:00,2.7163,2.7163,2.7153,2.7158,2.7213,2.7213,2.7203,2.7208,4
2026-04-15 05:37:00,2.7148,2.7148,2.7148,2.7148,2.7198,2.7198,2.7198,2.7198,1
2026-04-15 05:39:00,2.7138,2.7138,2.7128,2.7128,2.7188,2.7188,2.7178,2.7178,4
2026-04-15 05:40:00,2.7133,2.7138,2.7128,2.7138,2.7183,2.7188,2.7178,2.7188,4
2026-04-15 05:42:00,2.7143,2.7148,2.7143,2.7148,2.7193,2.7198,2.7193,2.7198,2
2026-04-15 05:44:00,2.7143,2.7143,2.7143,2.7143,2.7193,2.7193,2.7193,2.7193,1
2026-04-15 05:45:00,2.7148,2.7148,2.7148,2.7148,2.7198,2.7198,2.7198,2.7198,1
2026-04-15 05:47:00,2.7158,2.7158,2.7158,2.7158,2.7208,2.7208,2.7208,2.7208,1
2026-04-15 05:48:00,2.7148,2.7158,2.7148,2.7158,2.7198,2.7208,2.7198,2.7208,2
2026-04-15 05:49:00,2.7153,2.7153,2.7153,2.7153,2.7203,2.7203,2.7203,2.7203,1
2026-04-15 05:50:00,2.7148,2.7148,2.7148,2.7148,2.7198,2.7198,2.7198,2.7198,1
2026-04-15 05:51:00,2.7158,2.7158,2.7148,2.7148,2.7208,2.7208,2.7198,2.7198,2
2026-04-15 05:52:00,2.7138,2.7138,2.7138,2.7138,2.7188,2.7188,2.7188,2.7188,1
2026-04-15 05:54:00,2.7133,2.7143,2.7128,2.7143,2.7183,2.7193,2.7178,2.7193,6
2026-04-15 05:57:00,2.7138,2.7138,2.7128,2.7128,2.7188,2.7188,2.7178,2.7178,2
2026-04-15 05:59:00,2.7133,2.7133,2.7118,2.7118,2.7183,2.7183,2.7168,2.7168,5
2026-04-15 06:00:00,2.7128,2.7128,2.7128,2.7128,2.7178,2.7178,2.7178,2.7178,1
2026-04-15 06:04:00,2.7133,2.7138,2.7128,2.7128,2.7183,2.7188,2.7178,2.7178,3
2026-04-15 06:05:00,2.7138,2.7148,2.7138,2.7148,2.7188,2.7198,2.7188,2.7198,2
2026-04-15 06:06:00,2.7153,2.7158,2.7153,2.7158,2.7203,2.7208,2.7203,2.7208,2
2026-04-15 06:07:00,2.7163,2.7163,2.7158,2.7158,2.7213,2.7213,2.7208,2.7208,2
2026-04-15 06:08:00,2.7173,2.7178,2.7168,2.7178,2.7223,2.7228,2.7218,2.7228,4
2026-04-15 06:09:00,2.7183,2.7183,2.7178,2.7183,2.7233,2.7233,2.7228,2.7233,3
2026-04-15 06:10:00,2.7178,2.7183,2.7168,2.7183,2.7228,2.7233,2.7218,2.7233,4
2026-04-15 06:11:00,2.7178,2.7178,2.7173,2.7173,2.7228,2.7228,2.7223,2.7223,2
2026-04-15 06:12:00,2.7168,2.7168,2.7158,2.7158,2.7218,2.7218,2.7208,2.7208,2
2026-04-15 06:14:00,2.7163,2.7163,2.7158,2.7158,2.7213,2.7213,2.7208,2.7208,2
2026-04-15 06:16:00,2.7163,2.7163,2.7158,2.7158,2.7213,2.7213,2.7208,2.7208,2
2026-04-15 06:17:00,2.7168,2.7168,2.7158,2.7158,2.7218,2.7218,2.7208,2.7208,2
2026-04-15 06:23:00,2.7163,2.7163,2.7163,2.7163,2.7213,2.7213,2.7213,2.7213,1
2026-04-15 06:24:00,2.7168,2.7168,2.7168,2.7168,2.7218,2.7218,2.7218,2.7218,1
2026-04-15 06:26:00,2.7173,2.7173,2.7173,2.7173,2.7223,2.7223,2.7223,2.7223,1
2026-04-15 06:27:00,2.7178,2.7178,2.7178,2.7178,2.7228,2.7228,2.7228,2.7228,1
2026-04-15 06:29:00,2.7173,2.7178,2.7173,2.7173,2.7223,2.7228,2.7223,2.7223,3
2026-04-15 06:30:00,2.7178,2.7178,2.7178,2.7178,2.7228,2.7228,2.7228,2.7228,1
2026-04-15 06:31:00,2.7188,2.7188,2.7188,2.7188,2.7238,2.7238,2.7238,2.7238,1
2026-04-15 06:32:00,2.7183,2.7188,2.7183,2.7188,2.7233,2.7238,2.7233,2.7238,2
2026-04-15 06:34:00,2.7183,2.7188,2.7183,2.7188,2.7233,2.7238,2.7233,2.7238,2
2026-04-15 06:36:00,2.7183,2.7188,2.7183,2.7188,2.7233,2.7238,2.7233,2.7238,2
2026-04-15 06:37:00,2.7193,2.7203,2.7193,2.7203,2.7243,2.7253,2.7243,2.7253,3
2026-04-15 06:38:00,2.7208,2.7228,2.7208,2.7218,2.7258,2.7278,2.7258,2.7268,4
2026-04-15 06:39:00,2.7223,2.7228,2.7223,2.7228,2.7273,2.7278,2.7273,2.7278,2
2026-04-15 06:42:00,2.7233,2.7233,2.7233,2.7233,2.7283,2.7283,2.7283,2.7283,1
2026-04-15 06:43:00,2.7238,2.7238,2.7228,2.7228,2.7288,2.7288,2.7278,2.7278,2
2026-04-15 06:45:00,2.7233,2.7238,2.7233,2.7238,2.7283,2.7288,2.7283,2.7288,2
2026-04-15 06:46:00,2.7233,2.7238,2.7233,2.7233,2.7283,2.7288,2.7283,2.7283,3
2026-04-15 06:47:00,2.7238,2.7243,2.7238,2.7238,2.7288,2.7293,2.7288,2.7288,5
2026-04-15 06:48:00,2.7233,2.7233,2.7233,2.7233,2.7283,2.7283,2.7283,2.7283,1
2026-04-15 06:49:00,2.7228,2.7228,2.7228,2.7228,2.7278,2.7278,2.7278,2.7278,1
2026-04-15 06:50:00,2.7218,2.7218,2.7218,2.7218,2.7268,2.7268,2.7268,2.7268,1
2026-04-15 06:53:00,2.7208,2.7208,2.7208,2.7208,2.7258,2.7258,2.7258,2.7258,1
2026-04-15 06:55:00,2.7198,2.7208,2.7198,2.7198,2.7248,2.7258,2.7248,2.7248,3
2026-04-15 06:56:00,2.7208,2.7208,2.7208,2.7208,2.7258,2.7258,2.7258,2.7258,1
2026-04-15 06:57:00,2.7203,2.7203,2.7198,2.7198,2.7253,2.7253,2.7248,2.7248,2
2026-04-15 06:59:00,2.7203,2.7208,2.7203,2.7208,2.7253,2.7258,2.7253,2.7258,2
2026-04-15 07:00:00,2.7198,2.7198,2.7178,2.7178,2.7248,2.7248,2.7228,2.7228,7
2026-04-15 07:03:00,2.7173,2.7178,2.7173,2.7178,2.7223,2.7228,2.7223,2.7228,2
2026-04-15 07:04:00,2.7188,2.7188,2.7178,2.7178,2.7238,2.7238,2.7228,2.7228,4
2026-04-15 07:05:00,2.7183,2.7188,2.7183,2.7188,2.7233,2.7238,2.7233,2.7238,2
2026-04-15 07:06:00,2.7193,2.7198,2.7188,2.7198,2.7243,2.7248,2.7238,2.7248,3
2026-04-15 07:07:00,2.7203,2.7213,2.7203,2.7208,2.7253,2.7263,2.7253,2.7258,4
2026-04-15 07:08:00,2.7213,2.7218,2.7208,2.7218,2.7263,2.7268,2.7258,2.7268,8
2026-04-15 07:10:00,2.7228,2.7238,2.7228,2.7233,2.7278,2.7288,2.7278,2.7283,4
2026-04-15 07:11:00,2.7228,2.7238,2.7228,2.7238,2.7278,2.7288,2.7278,2.7288,4
2026-04-15 07:12:00,2.7228,2.7238,2.7228,2.7228,2.7278,2.7288,2.7278,2.7278,3
2026-04-15 07:16:00,2.7218,2.7223,2.7208,2.7208,2.7268,2.7273,2.7258,2.7258,4
2026-04-15 07:17:00,2.7213,2.7218,2.7208,2.7218,2.7263,2.7268,2.7258,2.7268,3
2026-04-15 07:19:00,2.7223,2.7233,2.7223,2.7228,2.7273,2.7283,2.7273,2.7278,4
2026-04-15 07:21:00,2.7223,2.7223,2.7223,2.7223,2.7273,2.7273,2.7273,2.7273,1
2026-04-15 07:22:00,2.7218,2.7218,2.7218,2.7218,2.7268,2.7268,2.7268,2.7268,1
2026-04-15 07:23:00,2.7223,2.7223,2.7213,2.7218,2.7273,2.7273,2.7263,2.7268,5
2026-04-15 07:24:00,2.7233,2.7238,2.7233,2.7233,2.7283,2.7288,2.7283,2.7283,3
2026-04-15 07:25:00,2.7243,2.7248,2.7243,2.7248,2.7293,2.7298,2.7293,2.7298,4
2026-04-15 07:26:00,2.7243,2.7248,2.7243,2.7248,2.7293,2.7298,2.7293,2.7298,2
2026-04-15 07:27:00,2.7238,2.7248,2.7238,2.7243,2.7288,2.7298,2.7288,2.7293,5
2026-04-15 07:28:00,2.7238,2.7243,2.7238,2.7238,2.7288,2.7293,2.7288,2.7288,3
2026-04-15 07:29:00,2.7243,2.7243,2.7243,2.7243,2.7293,2.7293,2.7293,2.7293,1
2026-04-15 07:30:00,2.7248,2.7248,2.7238,2.7238,2.7298,2.7298,2.7288,2.7288,5
2026-04-15 07:32:00,2.7243,2.7243,2.7233,2.7233,2.7293,2.7293,2.7283,2.7283,3
2026-04-15 07:33:00,2.7238,2.7238,2.7228,2.7238,2.7288,2.7288,2.7278,2.7288,3
2026-04-15 07:34:00,2.7233,2.7243,2.7233,2.7233,2.7283,2.7293,2.7283,2.7283,7
2026-04-15 07:35:00,2.7238,2.7243,2.7238,2.7243,2.7288,2.7293,2.7288,2.7293,2
2026-04-15 07:36:00,2.7238,2.7243,2.7233,2.7238,2.7288,2.7293,2.7283,2.7288,5
2026-04-15 07:37:00,2.7243,2.7248,2.7243,2.7248,2.7293,2.7298,2.7293,2.7298,2
2026-04-15 07:38:00,2.7258,2.7258,2.7258,2.7258,2.7308,2.7308,2.7308,2.7308,1
2026-04-15 07:39:00,2.7253,2.7253,2.7238,2.7238,2.7303,2.7303,2.7288,2.7288,3
2026-04-15 07:43:00,2.7248,2.7248,2.7243,2.7243,2.7298,2.7298,2.7293,2.7293,2
2026-04-15 07:44:00,2.7248,2.7248,2.7238,2.7238,2.7298,2.7298,2.7288,2.7288,2
2026-04-15 07:45:00,2.7228,2.7228,2.7228,2.7228,2.7278,2.7278,2.7278,2.7278,1
2026-04-15 07:47:00,2.7233,2.7233,2.7218,2.7218,2.7283,2.7283,2.7268,2.7268,3
2026-04-15 07:48:00,2.7223,2.7223,2.7218,2.7223,2.7273,2.7273,2.7268,2.7273,7
2026-04-15 07:49:00,2.7218,2.7223,2.7218,2.7218,2.7268,2.7273,2.7268,2.7268,3
2026-04-15 07:50:00,2.7223,2.7228,2.7223,2.7228,2.7273,2.7278,2.7273,2.7278,2
2026-04-15 07:51:00,2.7233,2.7233,2.7228,2.7228,2.7283,2.7283,2.7278,2.7278,2
2026-04-15 07:52:00,2.7233,2.7233,2.7233,2.7233,2.7283,2.7283,2.7283,2.7283,1
2026-04-15 07:53:00,2.7228,2.7228,2.7228,2.7228,2.7278,2.7278,2.7278,2.7278,1
2026-04-15 07:54:00,2.7233,2.7243,2.7228,2.7233,2.7283,2.7293,2.7278,2.7283,10
2026-04-15 07:55:00,2.7238,2.7238,2.7233,2.7233,2.7288,2.7288,2.7283,2.7283,4
2026-04-15 07:56:00,2.7228,2.7238,2.7228,2.7233,2.7278,2.7288,2.7278,2.7283,4
2026-04-15 07:57:00,2.7228,2.7228,2.7218,2.7218,2.7278,2.7278,2.7268,2.7268,3
2026-04-15 07:58:00,2.7228,2.7228,2.7213,2.7213,2.7278,2.7278,2.7263,2.7263,5
2026-04-15 07:59:00,2.7208,2.7223,2.7208,2.7223,2.7258,2.7273,2.7258,2.7273,5
2026-04-15 08:00:00,2.7218,2.7223,2.7218,2.7218,2.7268,2.7273,2.7268,2.7268,7
2026-04-15 08:01:00,2.7223,2.7233,2.7218,2.7228,2.7273,2.7283,2.7268,2.7278,10
2026-04-15 08:02:00,2.7233,2.7233,2.7223,2.7233,2.7283,2.7283,2.7273,2.7283,4
2026-04-15 08:03:00,2.7238,2.7238,2.7228,2.7228,2.7288,2.7288,2.7278,2.7278,3
2026-04-15 08:05:00,2.7233,2.7233,2.7228,2.7228,2.7283,2.7283,2.7278,2.7278,2
2026-04-15 08:06:00,2.7238,2.7238,2.7223,2.7228,2.7288,2.7288,2.7273,2.7278,5
2026-04-15 08:07:00,2.7223,2.7228,2.7223,2.7228,2.7273,2.7278,2.7273,2.7278,2
2026-04-15 08:08:00,2.7223,2.7238,2.7223,2.7233,2.7273,2.7288,2.7273,2.7283,8
2026-04-15 08:09:00,2.7228,2.7233,2.7228,2.7233,2.7278,2.7283,2.7278,2.7283,2
2026-04-15 08:10:00,2.7223,2.7228,2.7188,2.7188,2.7273,2.7278,2.7238,2.7238,11
2026-04-15 08:11:00,2.7193,2.7193,2.7188,2.7188,2.7243,2.7243,2.7238,2.7238,10
2026-04-15 08:12:00,2.7193,2.7198,2.7178,2.7183,2.7243,2.7248,2.7228,2.7233,8
2026-04-15 08:13:00,2.7188,2.7188,2.7178,2.7183,2.7238,2.7238,2.7228,2.7233,6
2026-04-15 08:14:00,2.7193,2.7193,2.7188,2.7188,2.7243,2.7243,2.7238,2.7238,2
2026-04-15 08:15:00,2.7193,2.7193,2.7158,2.7158,2.7243,2.7243,2.7208,2.7208,10
2026-04-15 08:16:00,2.7168,2.7173,2.7158,2.7158,2.7218,2.7223,2.7208,2.7208,10
2026-04-15 08:17:00,2.7163,2.7173,2.7163,2.7163,2.7213,2.7223,2.7213,2.7213,7
2026-04-15 08:18:00,2.7168,2.7173,2.7153,2.7153,2.7218,2.7223,2.7203,2.7203,11
2026-04-15 08:19:00,2.7163,2.7163,2.7158,2.7163,2.7213,2.7213,2.7208,2.7213,3
2026-04-15 08:20:00,2.7158,2.7183,2.7158,2.7183,2.7208,2.7233,2.7208,2.7233,4
2026-04-15 08:21:00,2.7178,2.7183,2.7178,2.7183,2.7228,2.7233,2.7228,2.7233,2
2026-04-15 08:22:00,2.7188,2.7188,2.7183,2.7183,2.7238,2.7238,2.7233,2.7233,2
2026-04-15 08:23:00,2.7178,2.7183,2.7178,2.7178,2.7228,2.7233,2.7228,2.7228,3
2026-04-15 08:24:00,2.7183,2.7183,2.7178,2.7183,2.7233,2.7233,2.7228,2.7233,3
2026-04-15 08:25:00,2.7178,2.7183,2.7173,2.7183,2.7228,2.7233,2.7223,2.7233,3
2026-04-15 08:26:00,2.7178,2.7178,2.7168,2.7168,2.7228,2.7228,2.7218,2.7218,2
2026-04-15 08:27:00,2.7183,2.7183,2.7173,2.7178,2.7233,2.7233,2.7223,2.7228,7
2026-04-15 08:28:00,2.7168,2.7183,2.7168,2.7183,2.7218,2.7233,2.7218,2.7233,3
2026-04-15 08:29:00,2.7188,2.7198,2.7178,2.7178,2.7238,2.7248,2.7228,2.7228,15
2026-04-15 08:31:00,2.7183,2.7223,2.7183,2.7188,2.7233,2.7273,2.7233,2.7238,18
2026-04-15 08:32:00,2.7193,2.7193,2.7188,2.7188,2.7243,2.7243,2.7238,2.7238,4
2026-04-15 08:33:00,2.7183,2.7183,2.7173,2.7183,2.7233,2.7233,2.7223,2.7233,6
2026-04-15 08:34:00,2.7193,2.7208,2.7188,2.7208,2.7243,2.7258,2.7238,2.7258,6
2026-04-15 08:35:00,2.7203,2.7213,2.7203,2.7213,2.7253,2.7263,2.7253,2.7263,2
2026-04-15 08:36:00,2.7223,2.7223,2.7208,2.7208,2.7273,2.7273,2.7258,2.7258,2
2026-04-15 08:37:00,2.7203,2.7213,2.7198,2.7198,2.7253,2.7263,2.7248,2.7248,7
2026-04-15 08:39:00,2.7193,2.7203,2.7178,2.7203,2.7243,2.7253,2.7228,2.7253,13
2026-04-15 08:40:00,2.7188,2.7188,2.7183,2.7183,2.7238,2.7238,2.7233,2.7233,2
2026-04-15 08:41:00,2.7178,2.7183,2.7178,2.7178,2.7228,2.7233,2.7228,2.7228,3
2026-04-15 08:42:00,2.7183,2.7183,2.7168,2.7173,2.7233,2.7233,2.7218,2.7223,5
2026-04-15 08:43:00,2.7168,2.7173,2.7168,2.7168,2.7218,2.7223,2.7218,2.7218,5
2026-04-15 08:44:00,2.7173,2.7173,2.7168,2.7173,2.7223,2.7223,2.7218,2.7223,3
2026-04-15 08:45:00,2.7168,2.7188,2.7168,2.7188,2.7218,2.7238,2.7218,2.7238,7
2026-04-15 08:46:00,2.7178,2.7183,2.7173,2.7173,2.7228,2.7233,2.7223,2.7223,14
2026-04-15 08:47:00,2.7168,2.7173,2.7163,2.7168,2.7218,2.7223,2.7213,2.7218,5
2026-04-15 08:48:00,2.7163,2.7163,2.7153,2.7153,2.7213,2.7213,2.7203,2.7203,7
2026-04-15 08:49:00,2.7148,2.7148,2.7128,2.7133,2.7198,2.7198,2.7178,2.7183,5
2026-04-15 08:50:00,2.7138,2.7148,2.7138,2.7148,2.7188,2.7198,2.7188,2.7198,3
2026-04-15 08:51:00,2.7143,2.7148,2.7143,2.7143,2.7193,2.7198,2.7193,2.7193,3
2026-04-15 08:52:00,2.7148,2.7168,2.7148,2.7163,2.7198,2.7218,2.7198,2.7213,11
2026-04-15 08:53:00,2.7158,2.7173,2.7158,2.7173,2.7208,2.7223,2.7208,2.7223,4
2026-04-15 08:54:00,2.7178,2.7178,2.7178,2.7178,2.7228,2.7228,2.7228,2.7228,1
2026-04-15 08:55:00,2.7183,2.7188,2.7183,2.7188,2.7233,2.7238,2.7233,2.7238,4
2026-04-15 08:56:00,2.7198,2.7198,2.7188,2.7188,2.7248,2.7248,2.7238,2.7238,4
2026-04-15 08:57:00,2.7193,2.7193,2.7188,2.7193,2.7243,2.7243,2.7238,2.7243,3
2026-04-15 08:58:00,2.7188,2.7193,2.7188,2.7193,2.7238,2.7243,2.7238,2.7243,12
2026-04-15 08:59:00,2.7188,2.7198,2.7188,2.7188,2.7238,2.7248,2.7238,2.7238,7
2026-04-15 09:00:00,2.7193,2.7203,2.7173,2.7178,2.7243,2.7253,2.7223,2.7228,16
2026-04-15 09:01:00,2.7168,2.7178,2.7168,2.7178,2.7218,2.7228,2.7218,2.7228,3
2026-04-15 09:02:00,2.7188,2.7198,2.7173,2.7173,2.7238,2.7248,2.7223,2.7223,12
2026-04-15 09:03:00,2.7183,2.7193,2.7183,2.7183,2.7233,2.7243,2.7233,2.7233,4
2026-04-15 09:04:00,2.7178,2.7193,2.7178,2.7183,2.7228,2.7243,2.7228,2.7233,8
2026-04-15 09:05:00,2.7188,2.7188,2.7178,2.7183,2.7238,2.7238,2.7228,2.7233,4
2026-04-15 09:06:00,2.7178,2.7178,2.7173,2.7173,2.7228,2.7228,2.7223,2.7223,6
2026-04-15 09:07:00,2.7168,2.7178,2.7168,2.7168,2.7218,2.7228,2.7218,2.7218,6
2026-04-15 09:08:00,2.7163,2.7168,2.7163,2.7163,2.7213,2.7218,2.7213,2.7213,3
2026-04-15 09:09:00,2.7168,2.7168,2.7158,2.7163,2.7218,2.7218,2.7208,2.7213,6
2026-04-15 09:10:00,2.7138,2.7138,2.7128,2.7133,2.7188,2.7188,2.7178,2.7183,8
2026-04-15 09:11:00,2.7138,2.7138,2.7133,2.7138,2.7188,2.7188,2.7183,2.7188,5
2026-04-15 09:12:00,2.7133,2.7138,2.7133,2.7138,2.7183,2.7188,2.7183,2.7188,2
2026-04-15 09:13:00,2.7128,2.7138,2.7128,2.7138,2.7178,2.7188,2.7178,2.7188,3
2026-04-15 09:14:00,2.7133,2.7138,2.7128,2.7138,2.7183,2.7188,2.7178,2.7188,5
2026-04-15 09:15:00,2.7133,2.7133,2.7133,2.7133,2.7183,2.7183,2.7183,2.7183,1
2026-04-15 09:16:00,2.7138,2.7138,2.7128,2.7128,2.7188,2.7188,2.7178,2.7178,2
2026-04-15 09:17:00,2.7133,2.7138,2.7128,2.7128,2.7183,2.7188,2.7178,2.7178,4
2026-04-15 09:18:00,2.7133,2.7168,2.7128,2.7168,2.7183,2.7218,2.7178,2.7218,8
2026-04-15 09:19:00,2.7158,2.7168,2.7143,2.7158,2.7208,2.7218,2.7193,2.7208,9
2026-04-15 09:20:00,2.7148,2.7158,2.7143,2.7143,2.7198,2.7208,2.7193,2.7193,11
2026-04-15 09:21:00,2.7148,2.7148,2.7148,2.7148,2.7198,2.7198,2.7198,2.7198,1
2026-04-15 09:22:00,2.7153,2.7158,2.7153,2.7158,2.7203,2.7208,2.7203,2.7208,2
2026-04-15 09:23:00,2.7168,2.7168,2.7158,2.7158,2.7218,2.7218,2.7208,2.7208,5
2026-04-15 09:24:00,2.7148,2.7163,2.7143,2.7153,2.7198,2.7213,2.7193,2.7203,9
2026-04-15 09:25:00,2.7148,2.7158,2.7148,2.7158,2.7198,2.7208,2.7198,2.7208,7
2026-04-15 09:26:00,2.7153,2.7153,2.7143,2.7148,2.7203,2.7203,2.7193,2.7198,4
2026-04-15 09:27:00,2.7143,2.7148,2.7138,2.7138,2.7193,2.7198,2.7188,2.7188,6
2026-04-15 09:28:00,2.7143,2.7153,2.7138,2.7148,2.7193,2.7203,2.7188,2.7198,7
2026-04-15 09:29:00,2.7138,2.7168,2.7138,2.7168,2.7188,2.7218,2.7188,2.7218,12
2026-04-15 09:30:00,2.7158,2.7173,2.7148,2.7153,2.7208,2.7223,2.7198,2.7203,10
2026-04-15 09:31:00,2.7158,2.7198,2.7158,2.7173,2.7208,2.7248,2.7208,2.7223,13
2026-04-15 09:32:00,2.7168,2.7168,2.7158,2.7158,2.7218,2.7218,2.7208,2.7208,4
2026-04-15 09:33:00,2.7153,2.7158,2.7148,2.7148,2.7203,2.7208,2.7198,2.7198,4
2026-04-15 09:34:00,2.7158,2.7168,2.7158,2.7158,2.7208,2.7218,2.7208,2.7208,5
2026-04-15 09:35:00,2.7153,2.7158,2.7138,2.7153,2.7203,2.7208,2.7188,2.7203,12
2026-04-15 09:36:00,2.7158,2.7158,2.7148,2.7153,2.7208,2.7208,2.7198,2.7203,4
2026-04-15 09:37:00,2.7148,2.7163,2.7143,2.7148,2.7198,2.7213,2.7193,2.7198,9
2026-04-15 09:38:00,2.7158,2.7163,2.7148,2.7158,2.7208,2.7213,2.7198,2.7208,8
2026-04-15 09:39:00,2.7153,2.7168,2.7148,2.7168,2.7203,2.7218,2.7198,2.7218,7
2026-04-15 09:40:00,2.7163,2.7173,2.7158,2.7173,2.7213,2.7223,2.7208,2.7223,5
2026-04-15 09:42:00,2.7178,2.7178,2.7158,2.7158,2.7228,2.7228,2.7208,2.7208,4
2026-04-15 09:43:00,2.7163,2.7168,2.7148,2.7168,2.7213,2.7218,2.7198,2.7218,7
2026-04-15 09:44:00,2.7163,2.7178,2.7158,2.7178,2.7213,2.7228,2.7208,2.7228,4
2026-04-15 09:45:00,2.7183,2.7188,2.7173,2.7173,2.7233,2.7238,2.7223,2.7223,6
2026-04-15 09:46:00,2.7168,2.7188,2.7163,2.7168,2.7218,2.7238,2.7213,2.7218,13
2026-04-15 09:48:00,2.7163,2.7168,2.7158,2.7168,2.7213,2.7218,2.7208,2.7218,4
2026-04-15 09:49:00,2.7158,2.7168,2.7153,2.7158,2.7208,2.7218,2.7203,2.7208,8
2026-04-15 09:50:00,2.7153,2.7153,2.7133,2.7133,2.7203,2.7203,2.7183,2.7183,10
2026-04-15 09:51:00,2.7138,2.7138,2.7128,2.7138,2.7188,2.7188,2.7178,2.7188,13
2026-04-15 09:52:00,2.7148,2.7148,2.7133,2.7133,2.7198,2.7198,2.7183,2.7183,3
2026-04-15 09:53:00,2.7128,2.7138,2.7128,2.7138,2.7178,2.7188,2.7178,2.7188,3
2026-04-15 09:55:00,2.7148,2.7153,2.7148,2.7148,2.7198,2.7203,2.7198,2.7198,3
2026-04-15 09:57:00,2.7143,2.7143,2.7128,2.7128,2.7193,2.7193,2.7178,2.7178,9
2026-04-15 09:58:00,2.7123,2.7128,2.7118,2.7118,2.7173,2.7178,2.7168,2.7168,4
2026-04-15 09:59:00,2.7128,2.7128,2.7118,2.7118,2.7178,2.7178,2.7168,2.7168,5
2026-04-15 10:00:00,2.7123,2.7138,2.7118,2.7133,2.7173,2.7188,2.7168,2.7183,13
2026-04-15 10:01:00,2.7138,2.7153,2.7138,2.7148,2.7188,2.7203,2.7188,2.7198,6
2026-04-15 10:02:00,2.7143,2.7143,2.7128,2.7128,2.7193,2.7193,2.7178,2.7178,3
2026-04-15 10:03:00,2.7118,2.7138,2.7098,2.7108,2.7168,2.7188,2.7148,2.7158,14
2026-04-15 10:04:00,2.7118,2.7118,2.7108,2.7108,2.7168,2.7168,2.7158,2.7158,3
2026-04-15 10:05:00,2.7118,2.7128,2.7118,2.7128,2.7168,2.7178,2.7168,2.7178,2
2026-04-15 10:06:00,2.7133,2.7148,2.7133,2.7148,2.7183,2.7198,2.7183,2.7198,5
2026-04-15 10:07:00,2.7138,2.7143,2.7138,2.7138,2.7188,2.7193,2.7188,2.7188,3
2026-04-15 10:08:00,2.7143,2.7148,2.7143,2.7148,2.7193,2.7198,2.7193,2.7198,10
2026-04-15 10:09:00,2.7153,2.7163,2.7153,2.7158,2.7203,2.7213,2.7203,2.7208,6
2026-04-15 10:10:00,2.7163,2.7168,2.7158,2.7158,2.7213,2.7218,2.7208,2.7208,4
2026-04-15 10:11:00,2.7153,2.7178,2.7153,2.7173,2.7203,2.7228,2.7203,2.7223,8
2026-04-15 10:12:00,2.7178,2.7178,2.7163,2.7163,2.7228,2.7228,2.7213,2.7213,12
2026-04-15 10:13:00,2.7168,2.7168,2.7158,2.7168,2.7218,2.7218,2.7208,2.7218,7
2026-04-15 10:14:00,2.7178,2.7188,2.7168,2.7188,2.7228,2.7238,2.7218,2.7238,12
2026-04-15 10:15:00,2.7193,2.7203,2.7188,2.7188,2.7243,2.7253,2.7238,2.7238,21
2026-04-15 10:16:00,2.7183,2.7183,2.7153,2.7153,2.7233,2.7233,2.7203,2.7203,15
2026-04-15 10:17:00,2.7148,2.7168,2.7148,2.7168,2.7198,2.7218,2.7198,2.7218,11
2026-04-15 10:18:00,2.7173,2.7173,2.7158,2.7168,2.7223,2.7223,2.7208,2.7218,6
2026-04-15 10:19:00,2.7158,2.7173,2.7153,2.7168,2.7208,2.7223,2.7203,2.7218,7
2026-04-15 10:20:00,2.7173,2.7193,2.7173,2.7193,2.7223,2.7243,2.7223,2.7243,6
2026-04-15 10:21:00,2.7198,2.7203,2.7188,2.7203,2.7248,2.7253,2.7238,2.7253,7
2026-04-15 10:22:00,2.7208,2.7208,2.7203,2.7208,2.7258,2.7258,2.7253,2.7258,3
2026-04-15 10:24:00,2.7213,2.7218,2.7208,2.7208,2.7263,2.7268,2.7258,2.7258,10
2026-04-15 10:25:00,2.7213,2.7218,2.7198,2.7198,2.7263,2.7268,2.7248,2.7248,10
2026-04-15 10:26:00,2.7188,2.7198,2.7188,2.7198,2.7238,2.7248,2.7238,2.7248,2
2026-04-15 10:27:00,2.7203,2.7208,2.7198,2.7208,2.7253,2.7258,2.7248,2.7258,6
2026-04-15 10:28:00,2.7203,2.7208,2.7198,2.7208,2.7253,2.7258,2.7248,2.7258,4
2026-04-15 10:29:00,2.7198,2.7208,2.7193,2.7198,2.7248,2.7258,2.7243,2.7248,6
2026-04-15 10:30:00,2.7203,2.7208,2.7203,2.7208,2.7253,2.7258,2.7253,2.7258,2
2026-04-15 10:31:00,2.7203,2.7218,2.7203,2.7208,2.7253,2.7268,2.7253,2.7258,9
2026-04-15 10:32:00,2.7213,2.7218,2.7213,2.7218,2.7263,2.7268,2.7263,2.7268,2
2026-04-15 10:33:00,2.7208,2.7218,2.7203,2.7203,2.7258,2.7268,2.7253,2.7253,4
2026-04-15 10:34:00,2.7208,2.7208,2.7208,2.7208,2.7258,2.7258,2.7258,2.7258,1
2026-04-15 10:35:00,2.7213,2.7218,2.7198,2.7208,2.7263,2.7268,2.7248,2.7258,6
2026-04-15 10:36:00,2.7218,2.7228,2.7218,2.7218,2.7268,2.7278,2.7268,2.7268,3
2026-04-15 10:37:00,2.7223,2.7228,2.7223,2.7228,2.7273,2.7278,2.7273,2.7278,6
2026-04-15 10:38:00,2.7218,2.7223,2.7218,2.7223,2.7268,2.7273,2.7268,2.7273,2
2026-04-15 10:39:00,2.7218,2.7218,2.7213,2.7218,2.7268,2.7268,2.7263,2.7268,5
2026-04-15 10:40:00,2.7213,2.7213,2.7208,2.7208,2.7263,2.7263,2.7258,2.7258,6
2026-04-15 10:41:00,2.7213,2.7213,2.7208,2.7208,2.7263,2.7263,2.7258,2.7258,2
2026-04-15 10:42:00,2.7198,2.7208,2.7198,2.7203,2.7248,2.7258,2.7248,2.7253,6
2026-04-15 10:43:00,2.7198,2.7203,2.7198,2.7203,2.7248,2.7253,2.7248,2.7253,2
2026-04-15 10:44:00,2.7213,2.7218,2.7203,2.7213,2.7263,2.7268,2.7253,2.7263,12
2026-04-15 10:45:00,2.7218,2.7218,2.7203,2.7213,2.7268,2.7268,2.7253,2.7263,10
2026-04-15 10:46:00,2.7218,2.7218,2.7188,2.7188,2.7268,2.7268,2.7238,2.7238,7
2026-04-15 10:47:00,2.7183,2.7188,2.7178,2.7183,2.7233,2.7238,2.7228,2.7233,5
2026-04-15 10:48:00,2.7188,2.7188,2.7178,2.7183,2.7238,2.7238,2.7228,2.7233,6
2026-04-15 10:49:00,2.7178,2.7188,2.7178,2.7183,2.7228,2.7238,2.7228,2.7233,3
2026-04-15 10:50:00,2.7188,2.7188,2.7183,2.7188,2.7238,2.7238,2.7233,2.7238,3
2026-04-15 10:51:00,2.7193,2.7193,2.7193,2.7193,2.7243,2.7243,2.7243,2.7243,1
2026-04-15 10:52:00,2.7198,2.7198,2.7188,2.7188,2.7248,2.7248,2.7238,2.7238,3
2026-04-15 10:53:00,2.7193,2.7193,2.7178,2.7178,2.7243,2.7243,2.7228,2.7228,6
2026-04-15 10:54:00,2.7183,2.7188,2.7183,2.7188,2.7233,2.7238,2.7233,2.7238,2
2026-04-15 10:55:00,2.7178,2.7183,2.7178,2.7183,2.7228,2.7233,2.7228,2.7233,2
2026-04-15 10:56:00,2.7188,2.7188,2.7143,2.7153,2.7238,2.7238,2.7193,2.7203,8
2026-04-15 10:57:00,2.7158,2.7158,2.7158,2.7158,2.7208,2.7208,2.7208,2.7208,1
2026-04-15 10:58:00,2.7163,2.7178,2.7163,2.7173,2.7213,2.7228,2.7213,2.7223,6
2026-04-15 10:59:00,2.7198,2.7198,2.7178,2.7178,2.7248,2.7248,2.7228,2.7228,7
2026-04-15 11:00:00,2.7188,2.7198,2.7183,2.7188,2.7238,2.7248,2.7233,2.7238,5
2026-04-15 11:02:00,2.7183,2.7218,2.7178,2.7208,2.7233,2.7268,2.7228,2.7258,18
2026-04-15 11:03:00,2.7213,2.7213,2.7208,2.7208,2.7263,2.7263,2.7258,2.7258,2
2026-04-15 11:04:00,2.7203,2.7208,2.7203,2.7208,2.7253,2.7258,2.7253,2.7258,4
2026-04-15 11:05:00,2.7218,2.7238,2.7213,2.7228,2.7268,2.7288,2.7263,2.7278,17
2026-04-15 11:06:00,2.7218,2.7238,2.7218,2.7218,2.7268,2.7288,2.7268,2.7268,7
2026-04-15 11:07:00,2.7223,2.7228,2.7218,2.7223,2.7273,2.7278,2.7268,2.7273,12
2026-04-15 11:08:00,2.7228,2.7228,2.7218,2.7228,2.7278,2.7278,2.7268,2.7278,3
2026-04-15 11:10:00,2.7238,2.7243,2.7228,2.7238,2.7288,2.7293,2.7278,2.7288,8
2026-04-15 11:11:00,2.7243,2.7248,2.7228,2.7233,2.7293,2.7298,2.7278,2.7283,21
2026-04-15 11:12:00,2.7228,2.7228,2.7223,2.7223,2.7278,2.7278,2.7273,2.7273,6
2026-04-15 11:13:00,2.7218,2.7223,2.7218,2.7223,2.7268,2.7273,2.7268,2.7273,4
2026-04-15 11:14:00,2.7228,2.7228,2.7213,2.7213,2.7278,2.7278,2.7263,2.7263,4
2026-04-15 11:15:00,2.7218,2.7218,2.7198,2.7208,2.7268,2.7268,2.7248,2.7258,15
2026-04-15 11:16:00,2.7213,2.7218,2.7208,2.7213,2.7263,2.7268,2.7258,2.7263,11
2026-04-15 11:17:00,2.7208,2.7208,2.7203,2.7208,2.7258,2.7258,2.7253,2.7258,3
2026-04-15 11:18:00,2.7213,2.7213,2.7203,2.7203,2.7263,2.7263,2.7253,2.7253,7
2026-04-15 11:19:00,2.7208,2.7208,2.7208,2.7208,2.7258,2.7258,2.7258,2.7258,1
2026-04-15 11:20:00,2.7198,2.7203,2.7198,2.7203,2.7248,2.7253,2.7248,2.7253,4
2026-04-15 11:21:00,2.7198,2.7198,2.7188,2.7188,2.7248,2.7248,2.7238,2.7238,5
2026-04-15 11:22:00,2.7193,2.7198,2.7193,2.7198,2.7243,2.7248,2.7243,2.7248,8
2026-04-15 11:23:00,2.7193,2.7208,2.7193,2.7203,2.7243,2.7258,2.7243,2.7253,4
2026-04-15 11:24:00,2.7198,2.7208,2.7193,2.7198,2.7248,2.7258,2.7243,2.7248,7
2026-04-15 11:25:00,2.7193,2.7193,2.7188,2.7188,2.7243,2.7243,2.7238,2.7238,2
2026-04-15 11:26:00,2.7198,2.7198,2.7198,2.7198,2.7248,2.7248,2.7248,2.7248,1
2026-04-15 11:27:00,2.7203,2.7223,2.7203,2.7223,2.7253,2.7273,2.7253,2.7273,6
2026-04-15 11:28:00,2.7228,2.7238,2.7228,2.7228,2.7278,2.7288,2.7278,2.7278,5
2026-04-15 11:29:00,2.7233,2.7233,2.7228,2.7228,2.7283,2.7283,2.7278,2.7278,2
2026-04-15 11:30:00,2.7223,2.7223,2.7218,2.7223,2.7273,2.7273,2.7268,2.7273,3
2026-04-15 11:31:00,2.7218,2.7223,2.7208,2.7223,2.7268,2.7273,2.7258,2.7273,6
2026-04-15 11:32:00,2.7218,2.7218,2.7218,2.7218,2.7268,2.7268,2.7268,2.7268,1
2026-04-15 11:33:00,2.7213,2.7213,2.7208,2.7213,2.7263,2.7263,2.7258,2.7263,3
2026-04-15 11:34:00,2.7208,2.7208,2.7208,2.7208,2.7258,2.7258,2.7258,2.7258,1
2026-04-15 11:35:00,2.7203,2.7208,2.7203,2.7208,2.7253,2.7258,2.7253,2.7258,4
2026-04-15 11:36:00,2.7213,2.7218,2.7208,2.7208,2.7263,2.7268,2.7258,2.7258,6
2026-04-15 11:37:00,2.7203,2.7208,2.7203,2.7208,2.7253,2.7258,2.7253,2.7258,6
2026-04-15 11:38:00,2.7203,2.7208,2.7198,2.7208,2.7253,2.7258,2.7248,2.7258,3
2026-04-15 11:39:00,2.7203,2.7213,2.7203,2.7213,2.7253,2.7263,2.7253,2.7263,3
2026-04-15 11:40:00,2.7208,2.7218,2.7198,2.7198,2.7258,2.7268,2.7248,2.7248,8
2026-04-15 11:41:00,2.7203,2.7208,2.7198,2.7198,2.7253,2.7258,2.7248,2.7248,3
2026-04-15 11:43:00,2.7193,2.7193,2.7188,2.7188,2.7243,2.7243,2.7238,2.7238,2
2026-04-15 11:44:00,2.7193,2.7198,2.7193,2.7198,2.7243,2.7248,2.7243,2.7248,2
2026-04-15 11:46:00,2.7193,2.7193,2.7178,2.7178,2.7243,2.7243,2.7228,2.7228,3
2026-04-15 11:47:00,2.7183,2.7198,2.7178,2.7198,2.7233,2.7248,2.7228,2.7248,10
2026-04-15 11:48:00,2.7193,2.7198,2.7188,2.7188,2.7243,2.7248,2.7238,2.7238,5
2026-04-15 11:49:00,2.7193,2.7193,2.7188,2.7188,2.7243,2.7243,2.7238,2.7238,4
2026-04-15 11:50:00,2.7193,2.7193,2.7173,2.7183,2.7243,2.7243,2.7223,2.7233,9
2026-04-15 11:51:00,2.7188,2.7188,2.7173,2.7178,2.7238,2.7238,2.7223,2.7228,9
2026-04-15 11:52:00,2.7168,2.7173,2.7158,2.7173,2.7218,2.7223,2.7208,2.7223,10
2026-04-15 11:53:00,2.7178,2.7178,2.7168,2.7168,2.7228,2.7228,2.7218,2.7218,5
2026-04-15 11:55:00,2.7163,2.7168,2.7158,2.7168,2.7213,2.7218,2.7208,2.7218,4
2026-04-15 11:56:00,2.7163,2.7168,2.7163,2.7163,2.7213,2.7218,2.7213,2.7213,3
2026-04-15 11:57:00,2.7158,2.7168,2.7158,2.7163,2.7208,2.7218,2.7208,2.7213,3
2026-04-15 11:58:00,2.7158,2.7158,2.7158,2.7158,2.7208,2.7208,2.7208,2.7208,1
2026-04-15 11:59:00,2.7163,2.7163,2.7158,2.7158,2.7213,2.7213,2.7208,2.7208,2
2026-04-15 12:00:00,2.7153,2.7158,2.7143,2.7148,2.7203,2.7208,2.7193,2.7198,13
2026-04-15 12:01:00,2.7143,2.7148,2.7143,2.7148,2.7193,2.7198,2.7193,2.7198,2
2026-04-15 12:02:00,2.7153,2.7158,2.7153,2.7158,2.7203,2.7208,2.7203,2.7208,2
2026-04-15 12:03:00,2.7163,2.7163,2.7163,2.7163,2.7213,2.7213,2.7213,2.7213,1
2026-04-15 12:04:00,2.7168,2.7168,2.7158,2.7163,2.7218,2.7218,2.7208,2.7213,6
2026-04-15 12:05:00,2.7168,2.7168,2.7138,2.7138,2.7218,2.7218,2.7188,2.7188,7
2026-04-15 12:06:00,2.7133,2.7133,2.7098,2.7098,2.7183,2.7183,2.7148,2.7148,21
2026-04-15 12:07:00,2.7093,2.7093,2.7068,2.7088,2.7143,2.7143,2.7118,2.7138,14
2026-04-15 12:08:00,2.7083,2.7088,2.7083,2.7088,2.7133,2.7138,2.7133,2.7138,2
2026-04-15 12:09:00,2.7083,2.7088,2.7078,2.7083,2.7133,2.7138,2.7128,2.7133,10
2026-04-15 12:10:00,2.7088,2.7088,2.7088,2.7088,2.7138,2.7138,2.7138,2.7138,1
2026-04-15 12:11:00,2.7078,2.7098,2.7078,2.7088,2.7128,2.7148,2.7128,2.7138,4
2026-04-15 12:12:00,2.7098,2.7108,2.7098,2.7108,2.7148,2.7158,2.7148,2.7158,4
2026-04-15 12:13:00,2.7103,2.7123,2.7103,2.7113,2.7153,2.7173,2.7153,2.7163,11
2026-04-15 12:14:00,2.7108,2.7113,2.7108,2.7113,2.7158,2.7163,2.7158,2.7163,2
2026-04-15 12:15:00,2.7108,2.7138,2.7103,2.7123,2.7158,2.7188,2.7153,2.7173,25
2026-04-15 12:16:00,2.7128,2.7148,2.7118,2.7128,2.7178,2.7198,2.7168,2.7178,14
2026-04-15 12:17:00,2.7133,2.7158,2.7133,2.7148,2.7183,2.7208,2.7183,2.7198,14
2026-04-15 12:18:00,2.7143,2.7148,2.7133,2.7143,2.7193,2.7198,2.7183,2.7193,7
2026-04-15 12:19:00,2.7148,2.7148,2.7143,2.7148,2.7198,2.7198,2.7193,2.7198,3
2026-04-15 12:20:00,2.7143,2.7143,2.7138,2.7138,2.7193,2.7193,2.7188,2.7188,2
2026-04-15 12:21:00,2.7133,2.7148,2.7123,2.7143,2.7183,2.7198,2.7173,2.7193,13
2026-04-15 12:22:00,2.7148,2.7168,2.7143,2.7158,2.7198,2.7218,2.7193,2.7208,15
2026-04-15 12:23:00,2.7168,2.7168,2.7168,2.7168,2.7218,2.7218,2.7218,2.7218,1
2026-04-15 12:24:00,2.7158,2.7168,2.7148,2.7153,2.7208,2.7218,2.7198,2.7203,6
2026-04-15 12:25:00,2.7148,2.7158,2.7148,2.7153,2.7198,2.7208,2.7198,2.7203,4
2026-04-15 12:26:00,2.7158,2.7173,2.7158,2.7173,2.7208,2.7223,2.7208,2.7223,5
2026-04-15 12:27:00,2.7178,2.7198,2.7178,2.7193,2.7228,2.7248,2.7228,2.7243,6
2026-04-15 12:28:00,2.7188,2.7188,2.7188,2.7188,2.7238,2.7238,2.7238,2.7238,1
2026-04-15 12:29:00,2.7178,2.7178,2.7158,2.7158,2.7228,2.7228,2.7208,2.7208,6
2026-04-15 12:30:00,2.7168,2.7178,2.7163,2.7163,2.7218,2.7228,2.7213,2.7213,7
2026-04-15 12:31:00,2.7168,2.7178,2.7168,2.7173,2.7218,2.7228,2.7218,2.7223,7
2026-04-15 12:32:00,2.7178,2.7178,2.7173,2.7178,2.7228,2.7228,2.7223,2.7228,3
2026-04-15 12:33:00,2.7173,2.7173,2.7163,2.7163,2.7223,2.7223,2.7213,2.7213,7
2026-04-15 12:34:00,2.7158,2.7158,2.7148,2.7148,2.7208,2.7208,2.7198,2.7198,3
2026-04-15 12:35:00,2.7138,2.7153,2.7138,2.7148,2.7188,2.7203,2.7188,2.7198,4
2026-04-15 12:36:00,2.7153,2.7163,2.7153,2.7158,2.7203,2.7213,2.7203,2.7208,4
2026-04-15 12:37:00,2.7163,2.7168,2.7163,2.7168,2.7213,2.7218,2.7213,2.7218,4
2026-04-15 12:38:00,2.7173,2.7178,2.7168,2.7168,2.7223,2.7228,2.7218,2.7218,5
2026-04-15 12:39:00,2.7178,2.7183,2.7168,2.7178,2.7228,2.7233,2.7218,2.7228,8
2026-04-15 12:40:00,2.7183,2.7183,2.7178,2.7178,2.7233,2.7233,2.7228,2.7228,2
2026-04-15 12:41:00,2.7168,2.7188,2.7148,2.7188,2.7218,2.7238,2.7198,2.7238,17
2026-04-15 12:42:00,2.7183,2.7183,2.7128,2.7138,2.7233,2.7233,2.7178,2.7188,19
2026-04-15 12:43:00,2.7148,2.7158,2.7108,2.7108,2.7198,2.7208,2.7158,2.7158,24
2026-04-15 12:44:00,2.7103,2.7128,2.7103,2.7128,2.7153,2.7178,2.7153,2.7178,23
2026-04-15 12:45:00,2.7123,2.7128,2.7108,2.7118,2.7173,2.7178,2.7158,2.7168,12
2026-04-15 12:46:00,2.7113,2.7118,2.7093,2.7103,2.7163,2.7168,2.7143,2.7153,14
2026-04-15 12:47:00,2.7108,2.7118,2.7108,2.7118,2.7158,2.7168,2.7158,2.7168,11
2026-04-15 12:48:00,2.7123,2.7133,2.7118,2.7128,2.7173,2.7183,2.7168,2.7178,9
2026-04-15 12:49:00,2.7123,2.7148,2.7123,2.7128,2.7173,2.7198,2.7173,2.7178,10
2026-04-15 12:50:00,2.7138,2.7143,2.7128,2.7143,2.7188,2.7193,2.7178,2.7193,7
2026-04-15 12:51:00,2.7148,2.7178,2.7143,2.7168,2.7198,2.7228,2.7193,2.7218,8
2026-04-15 12:52:00,2.7163,2.7163,2.7153,2.7153,2.7213,2.7213,2.7203,2.7203,6
2026-04-15 12:53:00,2.7158,2.7158,2.7138,2.7143,2.7208,2.7208,2.7188,2.7193,16
2026-04-15 12:54:00,2.7138,2.7158,2.7138,2.7158,2.7188,2.7208,2.7188,2.7208,9
2026-04-15 12:55:00,2.7153,2.7163,2.7153,2.7163,2.7203,2.7213,2.7203,2.7213,3
2026-04-15 12:56:00,2.7168,2.7168,2.7153,2.7153,2.7218,2.7218,2.7203,2.7203,4
2026-04-15 12:57:00,2.7158,2.7158,2.7138,2.7138,2.7208,2.7208,2.7188,2.7188,6
2026-04-15 12:58:00,2.7148,2.7153,2.7138,2.7143,2.7198,2.7203,2.7188,2.7193,10
2026-04-15 12:59:00,2.7138,2.7143,2.7133,2.7133,2.7188,2.7193,2.7183,2.7183,3
2026-04-15 13:00:00,2.7128,2.7158,2.7123,2.7148,2.7178,2.7208,2.7173,2.7198,13
2026-04-15 13:01:00,2.7158,2.7168,2.7158,2.7158,2.7208,2.7218,2.7208,2.7208,5
2026-04-15 13:02:00,2.7168,2.7188,2.7168,2.7178,2.7218,2.7238,2.7218,2.7228,5
2026-04-15 13:03:00,2.7188,2.7188,2.7168,2.7168,2.7238,2.7238,2.7218,2.7218,4
2026-04-15 13:04:00,2.7178,2.7178,2.7168,2.7173,2.7228,2.7228,2.7218,2.7223,7
2026-04-15 13:05:00,2.7168,2.7198,2.7168,2.7198,2.7218,2.7248,2.7218,2.7248,10
2026-04-15 13:06:00,2.7193,2.7198,2.7188,2.7188,2.7243,2.7248,2.7238,2.7238,7
2026-04-15 13:07:00,2.7178,2.7188,2.7163,2.7188,2.7228,2.7238,2.7213,2.7238,12
2026-04-15 13:08:00,2.7178,2.7208,2.7178,2.7198,2.7228,2.7258,2.7228,2.7248,18
2026-04-15 13:09:00,2.7203,2.7208,2.7198,2.7208,2.7253,2.7258,2.7248,2.7258,5
2026-04-15 13:10:00,2.7203,2.7203,2.7178,2.7178,2.7253,2.7253,2.7228,2.7228,8
2026-04-15 13:12:00,2.7188,2.7188,2.7178,2.7188,2.7238,2.7238,2.7228,2.7238,7
2026-04-15 13:13:00,2.7183,2.7198,2.7183,2.7198,2.7233,2.7248,2.7233,2.7248,3
2026-04-15 13:14:00,2.7193,2.7198,2.7188,2.7188,2.7243,2.7248,2.7238,2.7238,16
2026-04-15 13:15:00,2.7178,2.7198,2.7178,2.7188,2.7228,2.7248,2.7228,2.7238,8
2026-04-15 13:16:00,2.7193,2.7198,2.7188,2.7188,2.7243,2.7248,2.7238,2.7238,14
2026-04-15 13:17:00,2.7198,2.7198,2.7193,2.7193,2.7248,2.7248,2.7243,2.7243,2
2026-04-15 13:18:00,2.7198,2.7198,2.7188,2.7198,2.7248,2.7248,2.7238,2.7248,6
2026-04-15 13:19:00,2.7193,2.7208,2.7188,2.7198,2.7243,2.7258,2.7238,2.7248,15
2026-04-15 13:20:00,2.7193,2.7198,2.7188,2.7193,2.7243,2.7248,2.7238,2.7243,4
2026-04-15 13:21:00,2.7198,2.7208,2.7188,2.7203,2.7248,2.7258,2.7238,2.7253,10
2026-04-15 13:22:00,2.7198,2.7203,2.7188,2.7193,2.7248,2.7253,2.7238,2.7243,10
2026-04-15 13:23:00,2.7188,2.7188,2.7168,2.7188,2.7238,2.7238,2.7218,2.7238,9
2026-04-15 13:24:00,2.7183,2.7188,2.7178,2.7188,2.7233,2.7238,2.7228,2.7238,10
2026-04-15 13:25:00,2.7183,2.7183,2.7163,2.7178,2.7233,2.7233,2.7213,2.7228,34
2026-04-15 13:26:00,2.7183,2.7188,2.7178,2.7188,2.7233,2.7238,2.7228,2.7238,9
2026-04-15 13:27:00,2.7183,2.7188,2.7178,2.7183,2.7233,2.7238,2.7228,2.7233,10
2026-04-15 13:28:00,2.7178,2.7188,2.7178,2.7178,2.7228,2.7238,2.7228,2.7228,6
2026-04-15 13:29:00,2.7188,2.7188,2.7168,2.7168,2.7238,2.7238,2.7218,2.7218,9
2026-04-15 13:30:00,2.7178,2.7183,2.7048,2.7068,2.7228,2.7233,2.7098,2.7118,47
2026-04-15 13:31:00,2.7073,2.7088,2.7073,2.7088,2.7123,2.7138,2.7123,2.7138,10
2026-04-15 13:32:00,2.7093,2.7098,2.7063,2.7068,2.7143,2.7148,2.7113,2.7118,20
2026-04-15 13:33:00,2.7058,2.7068,2.7053,2.7058,2.7108,2.7118,2.7103,2.7108,11
2026-04-15 13:34:00,2.7053,2.7058,2.7028,2.7043,2.7103,2.7108,2.7078,2.7093,20
2026-04-15 13:35:00,2.7048,2.7048,2.7028,2.7038,2.7098,2.7098,2.7078,2.7088,16
2026-04-15 13:36:00,2.7043,2.7068,2.7038,2.7038,2.7093,2.7118,2.7088,2.7088,16
2026-04-15 13:37:00,2.7043,2.7043,2.6968,2.6978,2.7093,2.7093,2.7018,2.7028,45
2026-04-15 13:38:00,2.6973,2.6998,2.6958,2.6988,2.7023,2.7048,2.7008,2.7038,45
2026-04-15 13:39:00,2.6993,2.7028,2.6978,2.7023,2.7043,2.7078,2.7028,2.7073,27
2026-04-15 13:40:00,2.7028,2.7048,2.7023,2.7043,2.7078,2.7098,2.7073,2.7093,13
2026-04-15 13:41:00,2.7038,2.7048,2.7033,2.7038,2.7088,2.7098,2.7083,2.7088,6
2026-04-15 13:42:00,2.7033,2.7038,2.7028,2.7028,2.7083,2.7088,2.7078,2.7078,18
2026-04-15 13:43:00,2.7038,2.7038,2.7033,2.7038,2.7088,2.7088,2.7083,2.7088,3
2026-04-15 13:44:00,2.7043,2.7058,2.7038,2.7058,2.7093,2.7108,2.7088,2.7108,16
2026-04-15 13:45:00,2.7053,2.7058,2.7028,2.7033,2.7103,2.7108,2.7078,2.7083,19
2026-04-15 13:46:00,2.7028,2.7048,2.6943,2.6998,2.7078,2.7098,2.6993,2.7048,46
2026-04-15 13:47:00,2.7013,2.7048,2.6998,2.7018,2.7063,2.7098,2.7048,2.7068,19
2026-04-15 13:48:00,2.7028,2.7068,2.7023,2.7068,2.7078,2.7118,2.7073,2.7118,19
2026-04-15 13:49:00,2.7058,2.7063,2.7018,2.7018,2.7108,2.7113,2.7068,2.7068,18
2026-04-15 13:50:00,2.7028,2.7033,2.7008,2.7018,2.7078,2.7083,2.7058,2.7068,20
2026-04-15 13:51:00,2.7013,2.7023,2.7008,2.7018,2.7063,2.7073,2.7058,2.7068,7
2026-04-15 13:52:00,2.7013,2.7038,2.6998,2.7038,2.7063,2.7088,2.7048,2.7088,29
2026-04-15 13:53:00,2.7048,2.7058,2.7038,2.7053,2.7098,2.7108,2.7088,2.7103,9
2026-04-15 13:54:00,2.7048,2.7053,2.7038,2.7038,2.7098,2.7103,2.7088,2.7088,6
2026-04-15 13:55:00,2.7043,2.7058,2.7043,2.7048,2.7093,2.7108,2.7093,2.7098,6
2026-04-15 13:56:00,2.7038,2.7058,2.7028,2.7043,2.7088,2.7108,2.7078,2.7093,18
2026-04-15 13:57:00,2.7048,2.7098,2.7048,2.7083,2.7098,2.7148,2.7098,2.7133,17
2026-04-15 13:58:00,2.7078,2.7148,2.7078,2.7123,2.7128,2.7198,2.7128,2.7173,31
2026-04-15 13:59:00,2.7118,2.7148,2.7118,2.7143,2.7168,2.7198,2.7168,2.7193,10
2026-04-15 14:00:00,2.7148,2.7193,2.7138,2.7153,2.7198,2.7243,2.7188,2.7203,28
2026-04-15 14:01:00,2.7163,2.7188,2.7143,2.7148,2.7213,2.7238,2.7193,2.7198,41
2026-04-15 14:02:00,2.7158,2.7178,2.7158,2.7173,2.7208,2.7228,2.7208,2.7223,20
2026-04-15 14:03:00,2.7168,2.7218,2.7158,2.7208,2.7218,2.7268,2.7208,2.7258,20
2026-04-15 14:04:00,2.7198,2.7208,2.7178,2.7183,2.7248,2.7258,2.7228,2.7233,30
2026-04-15 14:05:00,2.7188,2.7228,2.7188,2.7223,2.7238,2.7278,2.7238,2.7273,26
2026-04-15 14:06:00,2.7218,2.7233,2.7208,2.7218,2.7268,2.7283,2.7258,2.7268,31
2026-04-15 14:07:00,2.7213,2.7218,2.7198,2.7208,2.7263,2.7268,2.7248,2.7258,20
2026-04-15 14:08:00,2.7198,2.7218,2.7198,2.7198,2.7248,2.7268,2.7248,2.7248,38
2026-04-15 14:09:00,2.7203,2.7218,2.7198,2.7198,2.7253,2.7268,2.7248,2.7248,16
2026-04-15 14:10:00,2.7203,2.7218,2.7203,2.7203,2.7253,2.7268,2.7253,2.7253,14
2026-04-15 14:11:00,2.7208,2.7208,2.7158,2.7178,2.7258,2.7258,2.7208,2.7228,25
2026-04-15 14:12:00,2.7173,2.7258,2.7173,2.7253,2.7223,2.7308,2.7223,2.7303,47
2026-04-15 14:13:00,2.7248,2.7278,2.7248,2.7278,2.7298,2.7328,2.7298,2.7328,40
2026-04-15 14:14:00,2.7268,2.7328,2.7268,2.7313,2.7318,2.7378,2.7318,2.7363,24
2026-04-15 14:15:00,2.7308,2.7328,2.7298,2.7313,2.7358,2.7378,2.7348,2.7363,30
2026-04-15 14:16:00,2.7318,2.7318,2.7268,2.7273,2.7368,2.7368,2.7318,2.7323,33
2026-04-15 14:17:00,2.7278,2.7288,2.7258,2.7283,2.7328,2.7338,2.7308,2.7333,40
2026-04-15 14:18:00,2.7278,2.7298,2.7273,2.7288,2.7328,2.7348,2.7323,2.7338,25
2026-04-15 14:19:00,2.7293,2.7308,2.7288,2.7298,2.7343,2.7358,2.7338,2.7348,18
2026-04-15 14:20:00,2.7303,2.7348,2.7288,2.7343,2.7353,2.7398,2.7338,2.7393,30
2026-04-15 14:21:00,2.7338,2.7438,2.7328,2.7423,2.7388,2.7488,2.7378,2.7473,35
2026-04-15 14:22:00,2.7433,2.7433,2.7398,2.7408,2.7483,2.7483,2.7448,2.7458,21
2026-04-15 14:23:00,2.7413,2.7418,2.7388,2.7398,2.7463,2.7468,2.7438,2.7448,28
2026-04-15 14:24:00,2.7408,2.7413,2.7388,2.7408,2.7458,2.7463,2.7438,2.7458,29
2026-04-15 14:25:00,2.7413,2.7478,2.7413,2.7458,2.7463,2.7528,2.7463,2.7508,27
2026-04-15 14:26:00,2.7448,2.7458,2.7438,2.7438,2.7498,2.7508,2.7488,2.7488,30
2026-04-15 14:27:00,2.7428,2.7448,2.7418,2.7423,2.7478,2.7498,2.7468,2.7473,32
2026-04-15 14:28:00,2.7428,2.7438,2.7418,2.7433,2.7478,2.7488,2.7468,2.7483,23
2026-04-15 14:29:00,2.7428,2.7458,2.7398,2.7443,2.7478,2.7508,2.7448,2.7493,23
2026-04-15 14:30:00,2.7438,2.7453,2.7428,2.7438,2.7488,2.7503,2.7478,2.7488,35
2026-04-15 14:31:00,2.7433,2.7438,2.7368,2.7368,2.7483,2.7488,2.7418,2.7418,32
2026-04-15 14:32:00,2.7363,2.7368,2.7348,2.7358,2.7413,2.7418,2.7398,2.7408,16
2026-04-15 14:33:00,2.7363,2.7388,2.7348,2.7388,2.7413,2.7438,2.7398,2.7438,29
2026-04-15 14:34:00,2.7383,2.7408,2.7363,2.7403,2.7433,2.7458,2.7413,2.7453,27
2026-04-15 14:35:00,2.7408,2.7408,2.7378,2.7398,2.7458,2.7458,2.7428,2.7448,26
2026-04-15 14:36:00,2.7408,2.7408,2.7398,2.7398,2.7458,2.7458,2.7448,2.7448,10
2026-04-15 14:37:00,2.7393,2.7393,2.7378,2.7388,2.7443,2.7443,2.7428,2.7438,10
2026-04-15 14:38:00,2.7393,2.7403,2.7378,2.7388,2.7443,2.7453,2.7428,2.7438,15
2026-04-15 14:39:00,2.7393,2.7398,2.7368,2.7368,2.7443,2.7448,2.7418,2.7418,19
2026-04-15 14:40:00,2.7378,2.7413,2.7378,2.7378,2.7428,2.7463,2.7428,2.7428,24
2026-04-15 14:41:00,2.7388,2.7398,2.7383,2.7398,2.7438,2.7448,2.7433,2.7448,11
2026-04-15 14:42:00,2.7393,2.7398,2.7388,2.7398,2.7443,2.7448,2.7438,2.7448,6
2026-04-15 14:43:00,2.7403,2.7428,2.7398,2.7398,2.7453,2.7478,2.7448,2.7448,13
2026-04-15 14:44:00,2.7418,2.7418,2.7388,2.7403,2.7468,2.7468,2.7438,2.7453,10
2026-04-15 14:45:00,2.7398,2.7418,2.7358,2.7408,2.7448,2.7468,2.7408,2.7458,26
2026-04-15 14:46:00,2.7413,2.7413,2.7308,2.7308,2.7463,2.7463,2.7358,2.7358,27
2026-04-15 14:47:00,2.7313,2.7313,2.7258,2.7268,2.7363,2.7363,2.7308,2.7318,14
2026-04-15 14:48:00,2.7263,2.7308,2.7263,2.7288,2.7313,2.7358,2.7313,2.7338,32
2026-04-15 14:49:00,2.7298,2.7298,2.7258,2.7258,2.7348,2.7348,2.7308,2.7308,14
2026-04-15 14:50:00,2.7263,2.7308,2.7263,2.7308,2.7313,2.7358,2.7313,2.7358,27
2026-04-15 14:51:00,2.7298,2.7308,2.7268,2.7288,2.7348,2.7358,2.7318,2.7338,19
2026-04-15 14:52:00,2.7293,2.7358,2.7288,2.7358,2.7343,2.7408,2.7338,2.7408,32
2026-04-15 14:53:00,2.7353,2.7388,2.7353,2.7378,2.7403,2.7438,2.7403,2.7428,18
2026-04-15 14:54:00,2.7383,2.7408,2.7378,2.7388,2.7433,2.7458,2.7428,2.7438,28
2026-04-15 14:55:00,2.7383,2.7398,2.7378,2.7378,2.7433,2.7448,2.7428,2.7428,13
2026-04-15 14:56:00,2.7373,2.7408,2.7373,2.7378,2.7423,2.7458,2.7423,2.7428,13
2026-04-15 14:57:00,2.7368,2.7378,2.7348,2.7358,2.7418,2.7428,2.7398,2.7408,8
2026-04-15 14:58:00,2.7348,2.7378,2.7348,2.7378,2.7398,2.7428,2.7398,2.7428,21
2026-04-15 14:59:00,2.7383,2.7408,2.7363,2.7378,2.7433,2.7458,2.7413,2.7428,31
2026-04-15 15:00:00,2.7383,2.7438,2.7348,2.7398,2.7433,2.7488,2.7398,2.7448,122
2026-04-15 15:01:00,2.7393,2.7408,2.7353,2.7393,2.7443,2.7458,2.7403,2.7443,68
2026-04-15 15:02:00,2.7383,2.7413,2.7368,2.7408,2.7433,2.7463,2.7418,2.7458,38
2026-04-15 15:03:00,2.7403,2.7403,2.7353,2.7388,2.7453,2.7453,2.7403,2.7438,33
2026-04-15 15:04:00,2.7383,2.7388,2.7348,2.7358,2.7433,2.7438,2.7398,2.7408,12
2026-04-15 15:05:00,2.7348,2.7348,2.7318,2.7318,2.7398,2.7398,2.7368,2.7368,22
2026-04-15 15:06:00,2.7323,2.7368,2.7318,2.7368,2.7373,2.7418,2.7368,2.7418,23
2026-04-15 15:07:00,2.7363,2.7363,2.7328,2.7328,2.7413,2.7413,2.7378,2.7378,40
2026-04-15 15:08:00,2.7318,2.7318,2.7283,2.7283,2.7368,2.7368,2.7333,2.7333,24
2026-04-15 15:09:00,2.7278,2.7298,2.7263,2.7268,2.7328,2.7348,2.7313,2.7318,17
2026-04-15 15:10:00,2.7278,2.7298,2.7268,2.7288,2.7328,2.7348,2.7318,2.7338,9
2026-04-15 15:11:00,2.7283,2.7293,2.7248,2.7288,2.7333,2.7343,2.7298,2.7338,28
2026-04-15 15:12:00,2.7283,2.7308,2.7278,2.7308,2.7333,2.7358,2.7328,2.7358,20
2026-04-15 15:13:00,2.7313,2.7328,2.7298,2.7313,2.7363,2.7378,2.7348,2.7363,21
2026-04-15 15:14:00,2.7303,2.7318,2.7298,2.7308,2.7353,2.7368,2.7348,2.7358,20
2026-04-15 15:15:00,2.7303,2.7308,2.7248,2.7248,2.7353,2.7358,2.7298,2.7298,24
2026-04-15 15:16:00,2.7243,2.7268,2.7208,2.7208,2.7293,2.7318,2.7258,2.7258,33
2026-04-15 15:17:00,2.7203,2.7213,2.7178,2.7203,2.7253,2.7263,2.7228,2.7253,29
2026-04-15 15:18:00,2.7193,2.7208,2.7188,2.7198,2.7243,2.7258,2.7238,2.7248,14
2026-04-15 15:19:00,2.7193,2.7198,2.7178,2.7188,2.7243,2.7248,2.7228,2.7238,12
2026-04-15 15:20:00,2.7183,2.7218,2.7178,2.7203,2.7233,2.7268,2.7228,2.7253,34
2026-04-15 15:21:00,2.7208,2.7218,2.7178,2.7178,2.7258,2.7268,2.7228,2.7228,25
2026-04-15 15:22:00,2.7188,2.7203,2.7178,2.7203,2.7238,2.7253,2.7228,2.7253,12
2026-04-15 15:23:00,2.7208,2.7248,2.7208,2.7248,2.7258,2.7298,2.7258,2.7298,11
2026-04-15 15:24:00,2.7243,2.7258,2.7218,2.7248,2.7293,2.7308,2.7268,2.7298,31
2026-04-15 15:25:00,2.7238,2.7238,2.7173,2.7208,2.7288,2.7288,2.7223,2.7258,27
2026-04-15 15:26:00,2.7203,2.7208,2.7188,2.7198,2.7253,2.7258,2.7238,2.7248,15
2026-04-15 15:27:00,2.7193,2.7198,2.7148,2.7168,2.7243,2.7248,2.7198,2.7218,19
2026-04-15 15:28:00,2.7173,2.7218,2.7173,2.7208,2.7223,2.7268,2.7223,2.7258,13
2026-04-15 15:29:00,2.7198,2.7208,2.7163,2.7168,2.7248,2.7258,2.7213,2.7218,28
2026-04-15 15:30:00,2.7158,2.7178,2.7148,2.7158,2.7208,2.7228,2.7198,2.7208,44
2026-04-15 15:31:00,2.7148,2.7198,2.7148,2.7193,2.7198,2.7248,2.7198,2.7243,29
2026-04-15 15:32:00,2.7198,2.7198,2.7178,2.7198,2.7248,2.7248,2.7228,2.7248,23
2026-04-15 15:33:00,2.7188,2.7218,2.7173,2.7218,2.7238,2.7268,2.7223,2.7268,18
2026-04-15 15:34:00,2.7228,2.7243,2.7218,2.7228,2.7278,2.7293,2.7268,2.7278,17
2026-04-15 15:35:00,2.7218,2.7228,2.7098,2.7168,2.7268,2.7278,2.7148,2.7218,74
2026-04-15 15:36:00,2.7178,2.7208,2.7178,2.7188,2.7228,2.7258,2.7228,2.7238,19
2026-04-15 15:37:00,2.7198,2.7218,2.7183,2.7183,2.7248,2.7268,2.7233,2.7233,15
2026-04-15 15:38:00,2.7193,2.7193,2.7128,2.7158,2.7243,2.7243,2.7178,2.7208,25
2026-04-15 15:39:00,2.7148,2.7188,2.7138,2.7188,2.7198,2.7238,2.7188,2.7238,44
2026-04-15 15:40:00,2.7183,2.7208,2.7168,2.7193,2.7233,2.7258,2.7218,2.7243,42
2026-04-15 15:41:00,2.7198,2.7223,2.7188,2.7223,2.7248,2.7273,2.7238,2.7273,16
2026-04-15 15:42:00,2.7218,2.7238,2.7198,2.7238,2.7268,2.7288,2.7248,2.7288,30
2026-04-15 15:43:00,2.7243,2.7258,2.7238,2.7238,2.7293,2.7308,2.7288,2.7288,27
2026-04-15 15:44:00,2.7243,2.7258,2.7218,2.7218,2.7293,2.7308,2.7268,2.7268,30
2026-04-15 15:45:00,2.7213,2.7238,2.7183,2.7183,2.7263,2.7288,2.7233,2.7233,33
2026-04-15 15:46:00,2.7193,2.7218,2.7188,2.7188,2.7243,2.7268,2.7238,2.7238,14
2026-04-15 15:47:00,2.7193,2.7208,2.7188,2.7198,2.7243,2.7258,2.7238,2.7248,11
2026-04-15 15:48:00,2.7208,2.7218,2.7193,2.7218,2.7258,2.7268,2.7243,2.7268,13
2026-04-15 15:49:00,2.7213,2.7218,2.7198,2.7208,2.7263,2.7268,2.7248,2.7258,24
2026-04-15 15:50:00,2.7203,2.7203,2.7183,2.7193,2.7253,2.7253,2.7233,2.7243,16
2026-04-15 15:51:00,2.7198,2.7218,2.7188,2.7188,2.7248,2.7268,2.7238,2.7238,12
2026-04-15 15:52:00,2.7183,2.7208,2.7178,2.7208,2.7233,2.7258,2.7228,2.7258,13
2026-04-15 15:53:00,2.7203,2.7203,2.7188,2.7198,2.7253,2.7253,2.7238,2.7248,11
2026-04-15 15:54:00,2.7188,2.7208,2.7188,2.7198,2.7238,2.7258,2.7238,2.7248,25
2026-04-15 15:55:00,2.7188,2.7218,2.7188,2.7218,2.7238,2.7268,2.7238,2.7268,11
2026-04-15 15:56:00,2.7213,2.7258,2.7213,2.7253,2.7263,2.7308,2.7263,2.7303,26
2026-04-15 15:57:00,2.7258,2.7258,2.7233,2.7238,2.7308,2.7308,2.7283,2.7288,23
2026-04-15 15:58:00,2.7228,2.7248,2.7228,2.7228,2.7278,2.7298,2.7278,2.7278,8
2026-04-15 15:59:00,2.7233,2.7238,2.7218,2.7228,2.7283,2.7288,2.7268,2.7278,24
2026-04-15 16:00:00,2.7233,2.7248,2.7228,2.7238,2.7283,2.7298,2.7278,2.7288,28
2026-04-15 16:01:00,2.7233,2.7263,2.7208,2.7208,2.7283,2.7313,2.7258,2.7258,20
2026-04-15 16:02:00,2.7203,2.7208,2.7188,2.7203,2.7253,2.7258,2.7238,2.7253,18
2026-04-15 16:03:00,2.7193,2.7198,2.7178,2.7178,2.7243,2.7248,2.7228,2.7228,16
2026-04-15 16:04:00,2.7188,2.7198,2.7178,2.7188,2.7238,2.7248,2.7228,2.7238,14
2026-04-15 16:05:00,2.7198,2.7228,2.7198,2.7228,2.7248,2.7278,2.7248,2.7278,9
2026-04-15 16:06:00,2.7233,2.7238,2.7218,2.7228,2.7283,2.7288,2.7268,2.7278,6
2026-04-15 16:07:00,2.7218,2.7238,2.7218,2.7228,2.7268,2.7288,2.7268,2.7278,13
2026-04-15 16:08:00,2.7233,2.7248,2.7218,2.7223,2.7283,2.7298,2.7268,2.7273,20
2026-04-15 16:09:00,2.7218,2.7223,2.7208,2.7208,2.7268,2.7273,2.7258,2.7258,6
2026-04-15 16:10:00,2.7213,2.7218,2.7208,2.7218,2.7263,2.7268,2.7258,2.7268,6
2026-04-15 16:11:00,2.7228,2.7238,2.7228,2.7238,2.7278,2.7288,2.7278,2.7288,2
2026-04-15 16:12:00,2.7233,2.7238,2.7228,2.7228,2.7283,2.7288,2.7278,2.7278,11
2026-04-15 16:13:00,2.7223,2.7228,2.7198,2.7198,2.7273,2.7278,2.7248,2.7248,13
2026-04-15 16:14:00,2.7203,2.7203,2.7188,2.7198,2.7253,2.7253,2.7238,2.7248,17
2026-04-15 16:15:00,2.7203,2.7203,2.7188,2.7198,2.7253,2.7253,2.7238,2.7248,8
2026-04-15 16:16:00,2.7203,2.7218,2.7168,2.7168,2.7253,2.7268,2.7218,2.7218,14
2026-04-15 16:17:00,2.7173,2.7208,2.7168,2.7198,2.7223,2.7258,2.7218,2.7248,23
2026-04-15 16:18:00,2.7203,2.7218,2.7188,2.7208,2.7253,2.7268,2.7238,2.7258,15
2026-04-15 16:19:00,2.7203,2.7203,2.7168,2.7168,2.7253,2.7253,2.7218,2.7218,18
2026-04-15 16:20:00,2.7178,2.7178,2.7168,2.7168,2.7228,2.7228,2.7218,2.7218,9
2026-04-15 16:21:00,2.7173,2.7173,2.7158,2.7168,2.7223,2.7223,2.7208,2.7218,13
2026-04-15 16:22:00,2.7163,2.7188,2.7158,2.7188,2.7213,2.7238,2.7208,2.7238,6
2026-04-15 16:23:00,2.7183,2.7183,2.7153,2.7153,2.7233,2.7233,2.7203,2.7203,12
2026-04-15 16:24:00,2.7148,2.7188,2.7118,2.7153,2.7198,2.7238,2.7168,2.7203,52
2026-04-15 16:25:00,2.7168,2.7168,2.7128,2.7128,2.7218,2.7218,2.7178,2.7178,38
2026-04-15 16:26:00,2.7118,2.7178,2.7093,2.7158,2.7168,2.7228,2.7143,2.7208,36
2026-04-15 16:27:00,2.7163,2.7188,2.7158,2.7183,2.7213,2.7238,2.7208,2.7233,12
2026-04-15 16:28:00,2.7188,2.7238,2.7188,2.7238,2.7238,2.7288,2.7238,2.7288,18
2026-04-15 16:29:00,2.7233,2.7233,2.7188,2.7198,2.7283,2.7283,2.7238,2.7248,17
2026-04-15 16:30:00,2.7203,2.7268,2.7198,2.7268,2.7253,2.7318,2.7248,2.7318,27
2026-04-15 16:31:00,2.7258,2.7288,2.7258,2.7268,2.7308,2.7338,2.7308,2.7318,33
2026-04-15 16:32:00,2.7258,2.7268,2.7238,2.7253,2.7308,2.7318,2.7288,2.7303,26
2026-04-15 16:33:00,2.7258,2.7268,2.7258,2.7258,2.7308,2.7318,2.7308,2.7308,18
2026-04-15 16:34:00,2.7263,2.7298,2.7238,2.7248,2.7313,2.7348,2.7288,2.7298,29
2026-04-15 16:35:00,2.7258,2.7263,2.7238,2.7248,2.7308,2.7313,2.7288,2.7298,21
2026-04-15 16:36:00,2.7243,2.7278,2.7238,2.7278,2.7293,2.7328,2.7288,2.7328,19
2026-04-15 16:37:00,2.7268,2.7283,2.7263,2.7278,2.7318,2.7333,2.7313,2.7328,13
2026-04-15 16:38:00,2.7283,2.7358,2.7283,2.7348,2.7333,2.7408,2.7333,2.7398,40
2026-04-15 16:39:00,2.7353,2.7413,2.7353,2.7408,2.7403,2.7463,2.7403,2.7458,53
2026-04-15 16:40:00,2.7413,2.7448,2.7413,2.7423,2.7463,2.7498,2.7463,2.7473,39
2026-04-15 16:41:00,2.7428,2.7503,2.7428,2.7428,2.7478,2.7553,2.7478,2.7478,49
2026-04-15 16:42:00,2.7423,2.7428,2.7408,2.7408,2.7473,2.7478,2.7458,2.7458,15
2026-04-15 16:43:00,2.7398,2.7413,2.7388,2.7408,2.7448,2.7463,2.7438,2.7458,24
2026-04-15 16:44:00,2.7398,2.7408,2.7368,2.7368,2.7448,2.7458,2.7418,2.7418,18
2026-04-15 16:45:00,2.7363,2.7368,2.7348,2.7348,2.7413,2.7418,2.7398,2.7398,9
2026-04-15 16:46:00,2.7353,2.7378,2.7338,2.7378,2.7403,2.7428,2.7388,2.7428,29
2026-04-15 16:47:00,2.7368,2.7388,2.7358,2.7378,2.7418,2.7438,2.7408,2.7428,25
2026-04-15 16:48:00,2.7383,2.7418,2.7373,2.7408,2.7433,2.7468,2.7423,2.7458,20
2026-04-15 16:49:00,2.7403,2.7408,2.7378,2.7403,2.7453,2.7458,2.7428,2.7453,16
2026-04-15 16:50:00,2.7388,2.7408,2.7388,2.7408,2.7438,2.7458,2.7438,2.7458,16
2026-04-15 16:51:00,2.7403,2.7408,2.7388,2.7388,2.7453,2.7458,2.7438,2.7438,15
2026-04-15 16:52:00,2.7398,2.7398,2.7378,2.7393,2.7448,2.7448,2.7428,2.7443,14
2026-04-15 16:53:00,2.7398,2.7408,2.7383,2.7403,2.7448,2.7458,2.7433,2.7453,16
2026-04-15 16:54:00,2.7398,2.7403,2.7378,2.7388,2.7448,2.7453,2.7428,2.7438,26
2026-04-15 16:55:00,2.7383,2.7398,2.7368,2.7368,2.7433,2.7448,2.7418,2.7418,19
2026-04-15 16:56:00,2.7378,2.7398,2.7378,2.7398,2.7428,2.7448,2.7428,2.7448,14
2026-04-15 16:57:00,2.7393,2.7398,2.7378,2.7398,2.7443,2.7448,2.7428,2.7448,12
2026-04-15 16:58:00,2.7403,2.7408,2.7393,2.7398,2.7453,2.7458,2.7443,2.7448,9
2026-04-15 16:59:00,2.7403,2.7408,2.7388,2.7388,2.7453,2.7458,2.7438,2.7438,19
2026-04-15 17:00:00,2.7378,2.7388,2.7363,2.7368,2.7428,2.7438,2.7413,2.7418,10
2026-04-15 17:01:00,2.7373,2.7378,2.7338,2.7348,2.7423,2.7428,2.7388,2.7398,17
2026-04-15 17:02:00,2.7338,2.7353,2.7328,2.7343,2.7388,2.7403,2.7378,2.7393,10
2026-04-15 17:03:00,2.7338,2.7348,2.7328,2.7348,2.7388,2.7398,2.7378,2.7398,15
2026-04-15 17:04:00,2.7358,2.7368,2.7338,2.7343,2.7408,2.7418,2.7388,2.7393,12
2026-04-15 17:05:00,2.7338,2.7363,2.7338,2.7338,2.7388,2.7413,2.7388,2.7388,14
2026-04-15 17:06:00,2.7348,2.7348,2.7338,2.7338,2.7398,2.7398,2.7388,2.7388,10
2026-04-15 17:07:00,2.7348,2.7348,2.7333,2.7343,2.7398,2.7398,2.7383,2.7393,12
2026-04-15 17:08:00,2.7348,2.7358,2.7338,2.7353,2.7398,2.7408,2.7388,2.7403,14
2026-04-15 17:09:00,2.7358,2.7388,2.7348,2.7348,2.7408,2.7438,2.7398,2.7398,17
2026-04-15 17:10:00,2.7343,2.7343,2.7333,2.7343,2.7393,2.7393,2.7383,2.7393,5
2026-04-15 17:11:00,2.7348,2.7348,2.7333,2.7338,2.7398,2.7398,2.7383,2.7388,7
2026-04-15 17:12:00,2.7333,2.7338,2.7318,2.7328,2.7383,2.7388,2.7368,2.7378,32
2026-04-15 17:13:00,2.7338,2.7368,2.7338,2.7368,2.7388,2.7418,2.7388,2.7418,15
2026-04-15 17:14:00,2.7378,2.7388,2.7358,2.7358,2.7428,2.7438,2.7408,2.7408,11
2026-04-15 17:15:00,2.7368,2.7398,2.7368,2.7388,2.7418,2.7448,2.7418,2.7438,27
2026-04-15 17:16:00,2.7383,2.7388,2.7378,2.7388,2.7433,2.7438,2.7428,2.7438,12
2026-04-15 17:17:00,2.7398,2.7398,2.7348,2.7353,2.7448,2.7448,2.7398,2.7403,25
2026-04-15 17:18:00,2.7348,2.7358,2.7338,2.7338,2.7398,2.7408,2.7388,2.7388,9
2026-04-15 17:19:00,2.7328,2.7348,2.7328,2.7338,2.7378,2.7398,2.7378,2.7388,14
2026-04-15 17:20:00,2.7333,2.7338,2.7303,2.7318,2.7383,2.7388,2.7353,2.7368,13
2026-04-15 17:21:00,2.7323,2.7328,2.7318,2.7328,2.7373,2.7378,2.7368,2.7378,16
2026-04-15 17:22:00,2.7323,2.7338,2.7318,2.7328,2.7373,2.7388,2.7368,2.7378,17
2026-04-15 17:23:00,2.7338,2.7348,2.7328,2.7328,2.7388,2.7398,2.7378,2.7378,7
2026-04-15 17:24:00,2.7318,2.7323,2.7308,2.7308,2.7368,2.7373,2.7358,2.7358,9
2026-04-15 17:25:00,2.7298,2.7298,2.7278,2.7278,2.7348,2.7348,2.7328,2.7328,9
2026-04-15 17:26:00,2.7268,2.7268,2.7248,2.7268,2.7318,2.7318,2.7298,2.7318,17
2026-04-15 17:27:00,2.7258,2.7258,2.7228,2.7238,2.7308,2.7308,2.7278,2.7288,19
2026-04-15 17:28:00,2.7233,2.7278,2.7233,2.7273,2.7283,2.7328,2.7283,2.7323,17
2026-04-15 17:29:00,2.7278,2.7278,2.7258,2.7268,2.7328,2.7328,2.7308,2.7318,30
2026-04-15 17:30:00,2.7263,2.7263,2.7228,2.7248,2.7313,2.7313,2.7278,2.7298,22
2026-04-15 17:31:00,2.7243,2.7258,2.7208,2.7218,2.7293,2.7308,2.7258,2.7268,36
2026-04-15 17:32:00,2.7213,2.7228,2.7198,2.7218,2.7263,2.7278,2.7248,2.7268,28
2026-04-15 17:33:00,2.7228,2.7228,2.7198,2.7203,2.7278,2.7278,2.7248,2.7253,11
2026-04-15 17:34:00,2.7208,2.7228,2.7198,2.7228,2.7258,2.7278,2.7248,2.7278,17
2026-04-15 17:35:00,2.7223,2.7228,2.7158,2.7158,2.7273,2.7278,2.7208,2.7208,30
2026-04-15 17:36:00,2.7163,2.7168,2.7158,2.7168,2.7213,2.7218,2.7208,2.7218,17
2026-04-15 17:37:00,2.7173,2.7178,2.7168,2.7168,2.7223,2.7228,2.7218,2.7218,8
2026-04-15 17:38:00,2.7163,2.7168,2.7128,2.7128,2.7213,2.7218,2.7178,2.7178,31
2026-04-15 17:39:00,2.7138,2.7198,2.7138,2.7183,2.7188,2.7248,2.7188,2.7233,28
2026-04-15 17:40:00,2.7178,2.7188,2.7138,2.7148,2.7228,2.7238,2.7188,2.7198,32
2026-04-15 17:41:00,2.7138,2.7158,2.7128,2.7128,2.7188,2.7208,2.7178,2.7178,26
2026-04-15 17:42:00,2.7133,2.7138,2.7128,2.7128,2.7183,2.7188,2.7178,2.7178,18
2026-04-15 17:43:00,2.7123,2.7148,2.7123,2.7128,2.7173,2.7198,2.7173,2.7178,11
2026-04-15 17:44:00,2.7133,2.7138,2.7128,2.7138,2.7183,2.7188,2.7178,2.7188,14
2026-04-15 17:45:00,2.7143,2.7158,2.7138,2.7148,2.7193,2.7208,2.7188,2.7198,12
2026-04-15 17:46:00,2.7138,2.7138,2.7118,2.7118,2.7188,2.7188,2.7168,2.7168,12
2026-04-15 17:47:00,2.7128,2.7158,2.7128,2.7158,2.7178,2.7208,2.7178,2.7208,10
2026-04-15 17:48:00,2.7153,2.7158,2.7138,2.7138,2.7203,2.7208,2.7188,2.7188,16
2026-04-15 17:49:00,2.7133,2.7138,2.7118,2.7118,2.7183,2.7188,2.7168,2.7168,8
2026-04-15 17:50:00,2.7128,2.7128,2.7108,2.7118,2.7178,2.7178,2.7158,2.7168,16
2026-04-15 17:51:00,2.7123,2.7123,2.7098,2.7108,2.7173,2.7173,2.7148,2.7158,26
2026-04-15 17:52:00,2.7098,2.7108,2.7088,2.7098,2.7148,2.7158,2.7138,2.7148,11
2026-04-15 17:53:00,2.7078,2.7178,2.7078,2.7168,2.7128,2.7228,2.7128,2.7218,68
2026-04-15 17:54:00,2.7173,2.7218,2.7163,2.7218,2.7223,2.7268,2.7213,2.7268,20
2026-04-15 17:55:00,2.7228,2.7278,2.7228,2.7268,2.7278,2.7328,2.7278,2.7318,44
2026-04-15 17:56:00,2.7278,2.7298,2.7268,2.7288,2.7328,2.7348,2.7318,2.7338,36
2026-04-15 17:57:00,2.7293,2.7298,2.7268,2.7283,2.7343,2.7348,2.7318,2.7333,28
2026-04-15 17:58:00,2.7288,2.7323,2.7283,2.7313,2.7338,2.7373,2.7333,2.7363,34
2026-04-15 17:59:00,2.7328,2.7358,2.7308,2.7358,2.7378,2.7408,2.7358,2.7408,47
2026-04-15 18:00:00,2.7348,2.7378,2.7348,2.7368,2.7398,2.7428,2.7398,2.7418,34
2026-04-15 18:01:00,2.7358,2.7373,2.7313,2.7313,2.7408,2.7423,2.7363,2.7363,28
2026-04-15 18:02:00,2.7308,2.7313,2.7288,2.7288,2.7358,2.7363,2.7338,2.7338,15
2026-04-15 18:03:00,2.7278,2.7288,2.7278,2.7288,2.7328,2.7338,2.7328,2.7338,11
2026-04-15 18:04:00,2.7293,2.7298,2.7278,2.7278,2.7343,2.7348,2.7328,2.7328,13
2026-04-15 18:05:00,2.7288,2.7298,2.7278,2.7278,2.7338,2.7348,2.7328,2.7328,13
2026-04-15 18:06:00,2.7273,2.7298,2.7258,2.7298,2.7323,2.7348,2.7308,2.7348,21
2026-04-15 18:07:00,2.7308,2.7313,2.7308,2.7313,2.7358,2.7363,2.7358,2.7363,2
2026-04-15 18:08:00,2.7318,2.7318,2.7278,2.7278,2.7368,2.7368,2.7328,2.7328,9
2026-04-15 18:09:00,2.7288,2.7298,2.7288,2.7288,2.7338,2.7348,2.7338,2.7338,9
2026-04-15 18:10:00,2.7298,2.7298,2.7278,2.7278,2.7348,2.7348,2.7328,2.7328,7
2026-04-15 18:11:00,2.7283,2.7288,2.7278,2.7283,2.7333,2.7338,2.7328,2.7333,10
2026-04-15 18:12:00,2.7278,2.7288,2.7278,2.7283,2.7328,2.7338,2.7328,2.7333,11
2026-04-15 18:13:00,2.7278,2.7278,2.7268,2.7278,2.7328,2.7328,2.7318,2.7328,11
2026-04-15 18:15:00,2.7288,2.7288,2.7283,2.7283,2.7338,2.7338,2.7333,2.7333,2
2026-04-15 18:16:00,2.7288,2.7288,2.7278,2.7278,2.7338,2.7338,2.7328,2.7328,6
2026-04-15 18:18:00,2.7283,2.7288,2.7258,2.7268,2.7333,2.7338,2.7308,2.7318,7
2026-04-15 18:19:00,2.7258,2.7268,2.7238,2.7258,2.7308,2.7318,2.7288,2.7308,12
2026-04-15 18:20:00,2.7268,2.7278,2.7268,2.7278,2.7318,2.7328,2.7318,2.7328,10
2026-04-15 18:21:00,2.7268,2.7278,2.7263,2.7268,2.7318,2.7328,2.7313,2.7318,12
2026-04-15 18:22:00,2.7278,2.7278,2.7268,2.7268,2.7328,2.7328,2.7318,2.7318,22
2026-04-15 18:23:00,2.7258,2.7268,2.7233,2.7238,2.7308,2.7318,2.7283,2.7288,31
2026-04-15 18:24:00,2.7243,2.7243,2.7218,2.7238,2.7293,2.7293,2.7268,2.7288,21
2026-04-15 18:25:00,2.7243,2.7253,2.7238,2.7248,2.7293,2.7303,2.7288,2.7298,18
2026-04-15 18:26:00,2.7243,2.7248,2.7228,2.7238,2.7293,2.7298,2.7278,2.7288,13
2026-04-15 18:27:00,2.7233,2.7238,2.7208,2.7208,2.7283,2.7288,2.7258,2.7258,27
2026-04-15 18:28:00,2.7213,2.7238,2.7208,2.7238,2.7263,2.7288,2.7258,2.7288,20
2026-04-15 18:29:00,2.7248,2.7248,2.7238,2.7248,2.7298,2.7298,2.7288,2.7298,14
2026-04-15 18:30:00,2.7238,2.7238,2.7183,2.7198,2.7288,2.7288,2.7233,2.7248,101
2026-04-15 18:31:00,2.7208,2.7208,2.7138,2.7148,2.7258,2.7258,2.7188,2.7198,28
2026-04-15 18:32:00,2.7138,2.7158,2.7128,2.7133,2.7188,2.7208,2.7178,2.7183,50
2026-04-15 18:33:00,2.7138,2.7138,2.7108,2.7118,2.7188,2.7188,2.7158,2.7168,25
2026-04-15 18:34:00,2.7128,2.7148,2.7108,2.7128,2.7178,2.7198,2.7158,2.7178,34
2026-04-15 18:35:00,2.7123,2.7128,2.7098,2.7128,2.7173,2.7178,2.7148,2.7178,37
2026-04-15 18:36:00,2.7123,2.7123,2.7078,2.7088,2.7173,2.7173,2.7128,2.7138,23
2026-04-15 18:37:00,2.7098,2.7108,2.7088,2.7108,2.7148,2.7158,2.7138,2.7158,25
2026-04-15 18:38:00,2.7103,2.7128,2.7103,2.7128,2.7153,2.7178,2.7153,2.7178,26
2026-04-15 18:39:00,2.7118,2.7138,2.7098,2.7128,2.7168,2.7188,2.7148,2.7178,62
2026-04-15 18:40:00,2.7138,2.7148,2.7138,2.7148,2.7188,2.7198,2.7188,2.7198,13
2026-04-15 18:41:00,2.7143,2.7188,2.7143,2.7188,2.7193,2.7238,2.7193,2.7238,16
2026-04-15 18:42:00,2.7183,2.7198,2.7183,2.7198,2.7233,2.7248,2.7233,2.7248,13
2026-04-15 18:43:00,2.7203,2.7228,2.7203,2.7228,2.7253,2.7278,2.7253,2.7278,11
2026-04-15 18:44:00,2.7223,2.7233,2.7218,2.7228,2.7273,2.7283,2.7268,2.7278,18
2026-04-15 18:45:00,2.7238,2.7238,2.7208,2.7213,2.7288,2.7288,2.7258,2.7263,19
2026-04-15 18:46:00,2.7208,2.7218,2.7198,2.7203,2.7258,2.7268,2.7248,2.7253,17
2026-04-15 18:47:00,2.7198,2.7238,2.7198,2.7228,2.7248,2.7288,2.7248,2.7278,26
2026-04-15 18:48:00,2.7238,2.7238,2.7218,2.7223,2.7288,2.7288,2.7268,2.7273,6
2026-04-15 18:49:00,2.7228,2.7228,2.7198,2.7198,2.7278,2.7278,2.7248,2.7248,9
2026-04-15 18:50:00,2.7188,2.7218,2.7188,2.7203,2.7238,2.7268,2.7238,2.7253,19
2026-04-15 18:51:00,2.7208,2.7208,2.7188,2.7188,2.7258,2.7258,2.7238,2.7238,5
2026-04-15 18:52:00,2.7183,2.7188,2.7178,2.7183,2.7233,2.7238,2.7228,2.7233,14
2026-04-15 18:53:00,2.7178,2.7188,2.7168,2.7173,2.7228,2.7238,2.7218,2.7223,10
2026-04-15 18:54:00,2.7168,2.7178,2.7168,2.7168,2.7218,2.7228,2.7218,2.7218,3
2026-04-15 18:55:00,2.7173,2.7193,2.7173,2.7188,2.7223,2.7243,2.7223,2.7238,7
2026-04-15 18:56:00,2.7193,2.7208,2.7188,2.7198,2.7243,2.7258,2.7238,2.7248,9
2026-04-15 18:57:00,2.7193,2.7208,2.7193,2.7208,2.7243,2.7258,2.7243,2.7258,8
2026-04-15 18:58:00,2.7213,2.7253,2.7208,2.7218,2.7263,2.7303,2.7258,2.7268,31
2026-04-15 18:59:00,2.7213,2.7218,2.7208,2.7218,2.7263,2.7268,2.7258,2.7268,9
2026-04-15 19:00:00,2.7228,2.7228,2.7218,2.7218,2.7278,2.7278,2.7268,2.7268,2
2026-04-15 19:01:00,2.7223,2.7248,2.7223,2.7238,2.7273,2.7298,2.7273,2.7288,8
2026-04-15 19:02:00,2.7228,2.7248,2.7228,2.7238,2.7278,2.7298,2.7278,2.7288,18
2026-04-15 19:03:00,2.7243,2.7253,2.7238,2.7248,2.7293,2.7303,2.7288,2.7298,7
2026-04-15 19:04:00,2.7238,2.7253,2.7238,2.7248,2.7288,2.7303,2.7288,2.7298,24
2026-04-15 19:05:00,2.7253,2.7288,2.7253,2.7288,2.7303,2.7338,2.7303,2.7338,30
2026-04-15 19:06:00,2.7293,2.7313,2.7278,2.7278,2.7343,2.7363,2.7328,2.7328,46
2026-04-15 19:07:00,2.7273,2.7288,2.7258,2.7283,2.7323,2.7338,2.7308,2.7333,19
2026-04-15 19:08:00,2.7278,2.7288,2.7278,2.7288,2.7328,2.7338,2.7328,2.7338,4
2026-04-15 19:09:00,2.7278,2.7288,2.7278,2.7288,2.7328,2.7338,2.7328,2.7338,5
2026-04-15 19:10:00,2.7293,2.7308,2.7288,2.7308,2.7343,2.7358,2.7338,2.7358,6
2026-04-15 19:11:00,2.7303,2.7328,2.7268,2.7278,2.7353,2.7378,2.7318,2.7328,21
2026-04-15 19:12:00,2.7288,2.7298,2.7278,2.7298,2.7338,2.7348,2.7328,2.7348,11
2026-04-15 19:13:00,2.7303,2.7308,2.7298,2.7308,2.7353,2.7358,2.7348,2.7358,14
2026-04-15 19:14:00,2.7303,2.7308,2.7278,2.7288,2.7353,2.7358,2.7328,2.7338,15
2026-04-15 19:15:00,2.7278,2.7298,2.7268,2.7288,2.7328,2.7348,2.7318,2.7338,11
2026-04-15 19:16:00,2.7283,2.7288,2.7278,2.7278,2.7333,2.7338,2.7328,2.7328,9
2026-04-15 19:17:00,2.7288,2.7288,2.7258,2.7258,2.7338,2.7338,2.7308,2.7308,8
2026-04-15 19:18:00,2.7248,2.7268,2.7248,2.7268,2.7298,2.7318,2.7298,2.7318,5
2026-04-15 19:19:00,2.7258,2.7288,2.7258,2.7278,2.7308,2.7338,2.7308,2.7328,14
2026-04-15 19:20:00,2.7268,2.7278,2.7248,2.7258,2.7318,2.7328,2.7298,2.7308,9
2026-04-15 19:21:00,2.7253,2.7258,2.7248,2.7253,2.7303,2.7308,2.7298,2.7303,15
2026-04-15 19:22:00,2.7248,2.7258,2.7248,2.7258,2.7298,2.7308,2.7298,2.7308,5
2026-04-15 19:23:00,2.7248,2.7248,2.7238,2.7243,2.7298,2.7298,2.7288,2.7293,14
2026-04-15 19:24:00,2.7238,2.7248,2.7238,2.7238,2.7288,2.7298,2.7288,2.7288,9
2026-04-15 19:25:00,2.7248,2.7258,2.7248,2.7258,2.7298,2.7308,2.7298,2.7308,6
2026-04-15 19:26:00,2.7253,2.7258,2.7238,2.7238,2.7303,2.7308,2.7288,2.7288,13
2026-04-15 19:27:00,2.7248,2.7248,2.7238,2.7248,2.7298,2.7298,2.7288,2.7298,6
2026-04-15 19:28:00,2.7238,2.7238,2.7238,2.7238,2.7288,2.7288,2.7288,2.7288,1
2026-04-15 19:29:00,2.7228,2.7238,2.7218,2.7238,2.7278,2.7288,2.7268,2.7288,5
2026-04-15 19:30:00,2.7243,2.7258,2.7238,2.7238,2.7293,2.7308,2.7288,2.7288,9
2026-04-15 19:31:00,2.7243,2.7248,2.7233,2.7233,2.7293,2.7298,2.7283,2.7283,5
2026-04-15 19:32:00,2.7228,2.7233,2.7218,2.7218,2.7278,2.7283,2.7268,2.7268,9
2026-04-15 19:34:00,2.7208,2.7208,2.7208,2.7208,2.7258,2.7258,2.7258,2.7258,1
2026-04-15 19:35:00,2.7198,2.7208,2.7198,2.7198,2.7248,2.7258,2.7248,2.7248,6
2026-04-15 19:36:00,2.7208,2.7208,2.7198,2.7198,2.7258,2.7258,2.7248,2.7248,8
2026-04-15 19:37:00,2.7208,2.7208,2.7208,2.7208,2.7258,2.7258,2.7258,2.7258,1
2026-04-15 19:38:00,2.7218,2.7228,2.7218,2.7223,2.7268,2.7278,2.7268,2.7273,8
2026-04-15 19:39:00,2.7218,2.7228,2.7218,2.7228,2.7268,2.7278,2.7268,2.7278,9
2026-04-15 19:40:00,2.7238,2.7248,2.7228,2.7238,2.7288,2.7298,2.7278,2.7288,18
2026-04-15 19:41:00,2.7228,2.7258,2.7208,2.7253,2.7278,2.7308,2.7258,2.7303,24
2026-04-15 19:42:00,2.7248,2.7268,2.7248,2.7248,2.7298,2.7318,2.7298,2.7298,22
2026-04-15 19:43:00,2.7243,2.7248,2.7228,2.7238,2.7293,2.7298,2.7278,2.7288,9
2026-04-15 19:44:00,2.7248,2.7248,2.7238,2.7238,2.7298,2.7298,2.7288,2.7288,24
2026-04-15 19:45:00,2.7243,2.7258,2.7228,2.7228,2.7293,2.7308,2.7278,2.7278,14
2026-04-15 19:46:00,2.7233,2.7258,2.7233,2.7248,2.7283,2.7308,2.7283,2.7298,6
2026-04-15 19:47:00,2.7253,2.7278,2.7248,2.7263,2.7303,2.7328,2.7298,2.7313,20
2026-04-15 19:48:00,2.7268,2.7278,2.7268,2.7268,2.7318,2.7328,2.7318,2.7318,24
2026-04-15 19:49:00,2.7273,2.7273,2.7258,2.7268,2.7323,2.7323,2.7308,2.7318,12
2026-04-15 19:50:00,2.7263,2.7268,2.7258,2.7258,2.7313,2.7318,2.7308,2.7308,15
2026-04-15 19:51:00,2.7268,2.7298,2.7268,2.7298,2.7318,2.7348,2.7318,2.7348,25
2026-04-15 19:52:00,2.7303,2.7338,2.7303,2.7328,2.7353,2.7388,2.7353,2.7378,31
2026-04-15 19:53:00,2.7323,2.7328,2.7318,2.7318,2.7373,2.7378,2.7368,2.7368,8
2026-04-15 19:54:00,2.7313,2.7328,2.7308,2.7328,2.7363,2.7378,2.7358,2.7378,15
2026-04-15 19:55:00,2.7318,2.7318,2.7308,2.7308,2.7368,2.7368,2.7358,2.7358,4
2026-04-15 19:56:00,2.7313,2.7328,2.7308,2.7328,2.7363,2.7378,2.7358,2.7378,14
2026-04-15 19:57:00,2.7323,2.7323,2.7308,2.7308,2.7373,2.7373,2.7358,2.7358,5
2026-04-15 19:58:00,2.7298,2.7328,2.7298,2.7328,2.7348,2.7378,2.7348,2.7378,5
2026-04-15 19:59:00,2.7323,2.7328,2.7318,2.7318,2.7373,2.7378,2.7368,2.7368,10
2026-04-15 20:00:00,2.7323,2.7348,2.7318,2.7343,2.7373,2.7398,2.7368,2.7393,16
2026-04-15 20:01:00,2.7348,2.7348,2.7278,2.7308,2.7398,2.7398,2.7328,2.7358,52
2026-04-15 20:02:00,2.7303,2.7303,2.7198,2.7278,2.7353,2.7353,2.7248,2.7328,90
2026-04-15 20:03:00,2.7283,2.7298,2.7248,2.7268,2.7333,2.7348,2.7298,2.7318,37
2026-04-15 20:04:00,2.7263,2.7288,2.7263,2.7278,2.7313,2.7338,2.7313,2.7328,33
2026-04-15 20:05:00,2.7268,2.7278,2.7248,2.7263,2.7318,2.7328,2.7298,2.7313,18
2026-04-15 20:06:00,2.7258,2.7268,2.7238,2.7268,2.7308,2.7318,2.7288,2.7318,23
2026-04-15 20:07:00,2.7278,2.7288,2.7258,2.7258,2.7328,2.7338,2.7308,2.7308,24
2026-04-15 20:08:00,2.7263,2.7278,2.7263,2.7278,2.7313,2.7328,2.7313,2.7328,24
2026-04-15 20:09:00,2.7273,2.7298,2.7273,2.7293,2.7323,2.7348,2.7323,2.7343,22
2026-04-15 20:10:00,2.7288,2.7308,2.7283,2.7283,2.7338,2.7358,2.7333,2.7333,14
2026-04-15 20:11:00,2.7288,2.7308,2.7268,2.7288,2.7338,2.7358,2.7318,2.7338,27
2026-04-15 20:12:00,2.7298,2.7328,2.7298,2.7318,2.7348,2.7378,2.7348,2.7368,14
2026-04-15 20:13:00,2.7313,2.7333,2.7308,2.7313,2.7363,2.7383,2.7358,2.7363,22
2026-04-15 20:14:00,2.7318,2.7338,2.7308,2.7328,2.7368,2.7388,2.7358,2.7378,19
2026-04-15 20:15:00,2.7333,2.7348,2.7328,2.7348,2.7383,2.7398,2.7378,2.7398,13
2026-04-15 20:16:00,2.7358,2.7388,2.7358,2.7388,2.7408,2.7438,2.7408,2.7438,13
2026-04-15 20:17:00,2.7378,2.7398,2.7368,2.7398,2.7428,2.7448,2.7418,2.7448,17
2026-04-15 20:18:00,2.7403,2.7408,2.7388,2.7398,2.7453,2.7458,2.7438,2.7448,17
2026-04-15 20:19:00,2.7403,2.7438,2.7398,2.7428,2.7453,2.7488,2.7448,2.7478,23
2026-04-15 20:20:00,2.7433,2.7468,2.7433,2.7448,2.7483,2.7518,2.7483,2.7498,37
2026-04-15 20:21:00,2.7438,2.7448,2.7428,2.7438,2.7488,2.7498,2.7478,2.7488,16
2026-04-15 20:22:00,2.7428,2.7428,2.7378,2.7378,2.7478,2.7478,2.7428,2.7428,23
2026-04-15 20:23:00,2.7368,2.7383,2.7358,2.7368,2.7418,2.7433,2.7408,2.7418,14
2026-04-15 20:24:00,2.7358,2.7378,2.7348,2.7363,2.7408,2.7428,2.7398,2.7413,19
2026-04-15 20:25:00,2.7373,2.7398,2.7363,2.7378,2.7423,2.7448,2.7413,2.7428,26
2026-04-15 20:26:00,2.7373,2.7378,2.7318,2.7338,2.7423,2.7428,2.7368,2.7388,32
2026-04-15 20:27:00,2.7333,2.7333,2.7288,2.7313,2.7383,2.7383,2.7338,2.7363,34
2026-04-15 20:28:00,2.7318,2.7348,2.7298,2.7328,2.7368,2.7398,2.7348,2.7378,115
2026-04-15 20:29:00,2.7323,2.7348,2.7313,2.7333,2.7373,2.7398,2.7363,2.7383,79
2026-04-15 20:30:00,2.7328,2.7348,2.7288,2.7328,2.7378,2.7398,2.7338,2.7378,38
2026-04-15 20:31:00,2.7323,2.7338,2.7308,2.7328,2.7373,2.7388,2.7358,2.7378,16
2026-04-15 20:32:00,2.7338,2.7348,2.7328,2.7348,2.7388,2.7398,2.7378,2.7398,7
2026-04-15 20:33:00,2.7358,2.7368,2.7348,2.7348,2.7408,2.7418,2.7398,2.7398,9
2026-04-15 20:34:00,2.7343,2.7348,2.7338,2.7348,2.7393,2.7398,2.7388,2.7398,8
2026-04-15 20:35:00,2.7343,2.7348,2.7338,2.7338,2.7393,2.7398,2.7388,2.7388,11
2026-04-15 20:36:00,2.7348,2.7348,2.7318,2.7318,2.7398,2.7398,2.7368,2.7368,12
2026-04-15 20:37:00,2.7308,2.7328,2.7308,2.7328,2.7358,2.7378,2.7358,2.7378,5
2026-04-15 20:38:00,2.7323,2.7328,2.7318,2.7318,2.7373,2.7378,2.7368,2.7368,9
2026-04-15 20:39:00,2.7323,2.7348,2.7323,2.7348,2.7373,2.7398,2.7373,2.7398,5
2026-04-15 20:40:00,2.7343,2.7353,2.7328,2.7348,2.7393,2.7403,2.7378,2.7398,14
2026-04-15 20:41:00,2.7353,2.7353,2.7343,2.7348,2.7403,2.7403,2.7393,2.7398,10
2026-04-15 20:42:00,2.7338,2.7368,2.7338,2.7363,2.7388,2.7418,2.7388,2.7413,16
2026-04-15 20:43:00,2.7358,2.7378,2.7358,2.7363,2.7408,2.7428,2.7408,2.7413,11
2026-04-15 20:44:00,2.7368,2.7368,2.7358,2.7368,2.7418,2.7418,2.7408,2.7418,10
2026-04-15 20:45:00,2.7363,2.7363,2.7358,2.7358,2.7413,2.7413,2.7408,2.7408,4
2026-04-15 20:46:00,2.7348,2.7368,2.7348,2.7363,2.7398,2.7418,2.7398,2.7413,9
2026-04-15 20:47:00,2.7358,2.7398,2.7358,2.7393,2.7408,2.7448,2.7408,2.7443,9
2026-04-15 20:48:00,2.7388,2.7398,2.7388,2.7388,2.7438,2.7448,2.7438,2.7438,5
2026-04-15 20:49:00,2.7383,2.7383,2.7358,2.7368,2.7433,2.7433,2.7408,2.7418,6
2026-04-15 20:50:00,2.7373,2.7378,2.7368,2.7378,2.7423,2.7428,2.7418,2.7428,8
2026-04-15 20:51:00,2.7373,2.7373,2.7363,2.7368,2.7423,2.7423,2.7413,2.7418,6
2026-04-15 20:52:00,2.7363,2.7388,2.7363,2.7368,2.7413,2.7438,2.7413,2.7418,8
2026-04-15 20:53:00,2.7378,2.7398,2.7378,2.7398,2.7428,2.7448,2.7428,2.7448,3
2026-04-15 20:54:00,2.7388,2.7398,2.7388,2.7398,2.7438,2.7448,2.7438,2.7448,5
2026-04-15 20:55:00,2.7388,2.7388,2.7378,2.7378,2.7438,2.7438,2.7428,2.7428,5
2026-04-15 20:56:00,2.7373,2.7373,2.7368,2.7368,2.7423,2.7423,2.7418,2.7418,2
2026-04-15 20:57:00,2.7388,2.7438,2.7388,2.7428,2.7438,2.7488,2.7438,2.7478,14
2026-04-15 20:58:00,2.7423,2.7438,2.7423,2.7428,2.7473,2.7488,2.7473,2.7478,8
2026-04-15 20:59:00,2.7433,2.7438,2.7428,2.7428,2.7483,2.7488,2.7478,2.7478,9
2026-04-15 21:00:00,2.7423,2.7423,2.7413,2.7423,2.7473,2.7473,2.7463,2.7473,9
2026-04-15 21:01:00,2.7428,2.7428,2.7408,2.7423,2.7478,2.7478,2.7458,2.7473,4
2026-04-15 21:02:00,2.7428,2.7438,2.7428,2.7428,2.7478,2.7488,2.7478,2.7478,12
2026-04-15 21:03:00,2.7438,2.7438,2.7428,2.7428,2.7488,2.7488,2.7478,2.7478,2
2026-04-15 21:04:00,2.7438,2.7438,2.7408,2.7408,2.7488,2.7488,2.7458,2.7458,10
2026-04-15 21:05:00,2.7403,2.7408,2.7388,2.7398,2.7453,2.7458,2.7438,2.7448,22
2026-04-15 21:06:00,2.7408,2.7408,2.7398,2.7398,2.7458,2.7458,2.7448,2.7448,7
2026-04-15 21:07:00,2.7388,2.7398,2.7388,2.7393,2.7438,2.7448,2.7438,2.7443,27
2026-04-15 21:08:00,2.7398,2.7398,2.7388,2.7388,2.7448,2.7448,2.7438,2.7438,11
2026-04-15 21:09:00,2.7378,2.7388,2.7378,2.7378,2.7428,2.7438,2.7428,2.7428,17
2026-04-15 21:10:00,2.7383,2.7388,2.7383,2.7388,2.7433,2.7438,2.7433,2.7438,8
2026-04-15 21:11:00,2.7383,2.7383,2.7368,2.7378,2.7433,2.7433,2.7418,2.7428,6
2026-04-15 21:12:00,2.7373,2.7388,2.7373,2.7388,2.7423,2.7438,2.7423,2.7438,5
2026-04-15 21:13:00,2.7378,2.7378,2.7373,2.7373,2.7428,2.7428,2.7423,2.7423,2
2026-04-15 21:14:00,2.7368,2.7388,2.7368,2.7378,2.7418,2.7438,2.7418,2.7428,8
2026-04-15 21:15:00,2.7368,2.7378,2.7368,2.7378,2.7418,2.7428,2.7418,2.7428,8
2026-04-15 21:16:00,2.7373,2.7378,2.7373,2.7378,2.7423,2.7428,2.7423,2.7428,2
2026-04-15 21:17:00,2.7373,2.7373,2.7358,2.7368,2.7423,2.7423,2.7408,2.7418,7
2026-04-15 21:18:00,2.7373,2.7378,2.7348,2.7348,2.7423,2.7428,2.7398,2.7398,7
2026-04-15 21:21:00,2.7358,2.7358,2.7348,2.7358,2.7408,2.7408,2.7398,2.7408,5
2026-04-15 21:22:00,2.7353,2.7368,2.7353,2.7358,2.7403,2.7418,2.7403,2.7408,5
2026-04-15 21:23:00,2.7348,2.7358,2.7348,2.7348,2.7398,2.7408,2.7398,2.7398,4
2026-04-15 21:25:00,2.7338,2.7338,2.7338,2.7338,2.7388,2.7388,2.7388,2.7388,1
2026-04-15 21:26:00,2.7343,2.7343,2.7343,2.7343,2.7393,2.7393,2.7393,2.7393,1
2026-04-15 21:27:00,2.7348,2.7348,2.7343,2.7348,2.7398,2.7398,2.7393,2.7398,3
2026-04-15 21:29:00,2.7343,2.7348,2.7343,2.7348,2.7393,2.7398,2.7393,2.7398,2
2026-04-15 21:30:00,2.7358,2.7358,2.7348,2.7348,2.7408,2.7408,2.7398,2.7398,4
2026-04-15 21:31:00,2.7353,2.7358,2.7348,2.7358,2.7403,2.7408,2.7398,2.7408,5
2026-04-15 21:32:00,2.7368,2.7368,2.7358,2.7358,2.7418,2.7418,2.7408,2.7408,2
2026-04-15 21:33:00,2.7353,2.7363,2.7353,2.7363,2.7403,2.7413,2.7403,2.7413,5
2026-04-15 21:34:00,2.7358,2.7363,2.7348,2.7358,2.7408,2.7413,2.7398,2.7408,11
2026-04-15 21:35:00,2.7363,2.7363,2.7358,2.7358,2.7413,2.7413,2.7408,2.7408,2
2026-04-15 21:36:00,2.7348,2.7348,2.7348,2.7348,2.7398,2.7398,2.7398,2.7398,1
2026-04-15 21:37:00,2.7353,2.7353,2.7348,2.7348,2.7403,2.7403,2.7398,2.7398,2
2026-04-15 21:40:00,2.7338,2.7343,2.7338,2.7338,2.7388,2.7393,2.7388,2.7388,3
2026-04-15 21:41:00,2.7343,2.7343,2.7343,2.7343,2.7393,2.7393,2.7393,2.7393,1
2026-04-15 21:42:00,2.7338,2.7338,2.7338,2.7338,2.7388,2.7388,2.7388,2.7388,1
2026-04-15 21:44:00,2.7328,2.7333,2.7318,2.7333,2.7378,2.7383,2.7368,2.7383,10
2026-04-15 21:45:00,2.7328,2.7333,2.7328,2.7333,2.7378,2.7383,2.7378,2.7383,2
2026-04-15 21:46:00,2.7328,2.7333,2.7328,2.7328,2.7378,2.7383,2.7378,2.7378,3
2026-04-15 21:47:00,2.7323,2.7323,2.7318,2.7318,2.7373,2.7373,2.7368,2.7368,2
2026-04-15 21:48:00,2.7313,2.7313,2.7308,2.7308,2.7363,2.7363,2.7358,2.7358,2
2026-04-15 21:49:00,2.7303,2.7308,2.7303,2.7308,2.7353,2.7358,2.7353,2.7358,2
2026-04-15 21:50:00,2.7313,2.7318,2.7313,2.7318,2.7363,2.7368,2.7363,2.7368,4
2026-04-15 21:51:00,2.7308,2.7313,2.7308,2.7308,2.7358,2.7363,2.7358,2.7358,5
2026-04-15 21:52:00,2.7313,2.7318,2.7313,2.7318,2.7363,2.7368,2.7363,2.7368,2
2026-04-15 21:53:00,2.7328,2.7328,2.7318,2.7323,2.7378,2.7378,2.7368,2.7373,5
2026-04-15 21:54:00,2.7328,2.7338,2.7318,2.7318,2.7378,2.7388,2.7368,2.7368,5
2026-04-15 21:56:00,2.7323,2.7328,2.7323,2.7328,2.7373,2.7378,2.7373,2.7378,2
2026-04-15 21:58:00,2.7338,2.7338,2.7338,2.7338,2.7388,2.7388,2.7388,2.7388,1
2026-04-15 21:59:00,2.7333,2.7338,2.7328,2.7338,2.7383,2.7388,2.7378,2.7388,8
2026-04-15 22:00:00,2.7333,2.7333,2.7333,2.7333,2.7383,2.7383,2.7383,2.7383,1
2026-04-15 22:01:00,2.7338,2.7338,2.7338,2.7338,2.7388,2.7388,2.7388,2.7388,1
2026-04-15 22:02:00,2.7333,2.7338,2.7328,2.7333,2.7383,2.7388,2.7378,2.7383,5
2026-04-15 22:03:00,2.7328,2.7328,2.7328,2.7328,2.7378,2.7378,2.7378,2.7378,1
2026-04-15 22:04:00,2.7323,2.7338,2.7323,2.7338,2.7373,2.7388,2.7373,2.7388,3
2026-04-15 22:09:00,2.7348,2.7348,2.7338,2.7338,2.7398,2.7398,2.7388,2.7388,2
2026-04-15 22:10:00,2.7343,2.7343,2.7343,2.7343,2.7393,2.7393,2.7393,2.7393,1
2026-04-15 22:11:00,2.7348,2.7348,2.7338,2.7343,2.7398,2.7398,2.7388,2.7393,3
2026-04-15 22:12:00,2.7348,2.7348,2.7328,2.7328,2.7398,2.7398,2.7378,2.7378,4
2026-04-15 22:13:00,2.7318,2.7323,2.7318,2.7323,2.7368,2.7373,2.7368,2.7373,2
2026-04-15 22:14:00,2.7318,2.7318,2.7318,2.7318,2.7368,2.7368,2.7368,2.7368,1
2026-04-15 22:15:00,2.7323,2.7328,2.7323,2.7323,2.7373,2.7378,2.7373,2.7373,3
2026-04-15 22:17:00,2.7318,2.7318,2.7318,2.7318,2.7368,2.7368,2.7368,2.7368,1
2026-04-15 22:18:00,2.7308,2.7323,2.7308,2.7318,2.7358,2.7373,2.7358,2.7368,4
2026-04-15 22:20:00,2.7323,2.7328,2.7318,2.7323,2.7373,2.7378,2.7368,2.7373,5
2026-04-15 22:21:00,2.7318,2.7318,2.7308,2.7308,2.7368,2.7368,2.7358,2.7358,2
2026-04-15 22:22:00,2.7298,2.7308,2.7298,2.7308,2.7348,2.7358,2.7348,2.7358,4
2026-04-15 22:28:00,2.7303,2.7303,2.7298,2.7298,2.7353,2.7353,2.7348,2.7348,2
2026-04-15 22:29:00,2.7303,2.7308,2.7303,2.7303,2.7353,2.7358,2.7353,2.7353,5
2026-04-15 22:30:00,2.7308,2.7308,2.7298,2.7298,2.7358,2.7358,2.7348,2.7348,3
2026-04-15 22:33:00,2.7293,2.7298,2.7293,2.7298,2.7343,2.7348,2.7343,2.7348,2
2026-04-15 22:35:00,2.7303,2.7308,2.7288,2.7293,2.7353,2.7358,2.7338,2.7343,7
2026-04-15 22:36:00,2.7288,2.7298,2.7288,2.7298,2.7338,2.7348,2.7338,2.7348,3
2026-04-15 22:38:00,2.7308,2.7318,2.7308,2.7313,2.7358,2.7368,2.7358,2.7363,4
2026-04-15 22:39:00,2.7318,2.7318,2.7318,2.7318,2.7368,2.7368,2.7368,2.7368,1
2026-04-15 22:40:00,2.7323,2.7323,2.7308,2.7318,2.7373,2.7373,2.7358,2.7368,4
2026-04-15 22:42:00,2.7313,2.7318,2.7313,2.7318,2.7363,2.7368,2.7363,2.7368,2
2026-04-15 22:43:00,2.7313,2.7318,2.7313,2.7318,2.7363,2.7368,2.7363,2.7368,2
2026-04-15 22:44:00,2.7313,2.7318,2.7313,2.7318,2.7363,2.7368,2.7363,2.7368,2
2026-04-15 22:45:00,2.7323,2.7328,2.7303,2.7318,2.7373,2.7378,2.7353,2.7368,7
2026-04-15 22:46:00,2.7313,2.7313,2.7308,2.7308,2.7363,2.7363,2.7358,2.7358,2
2026-04-15 22:48:00,2.7303,2.7303,2.7303,2.7303,2.7353,2.7353,2.7353,2.7353,1
2026-04-15 22:49:00,2.7308,2.7308,2.7303,2.7303,2.7358,2.7358,2.7353,2.7353,2
2026-04-15 22:50:00,2.7308,2.7308,2.7303,2.7303,2.7358,2.7358,2.7353,2.7353,2
2026-04-15 22:51:00,2.7308,2.7308,2.7308,2.7308,2.7358,2.7358,2.7358,2.7358,1
2026-04-15 22:52:00,2.7298,2.7313,2.7298,2.7313,2.7348,2.7363,2.7348,2.7363,7
2026-04-15 22:53:00,2.7318,2.7328,2.7318,2.7328,2.7368,2.7378,2.7368,2.7378,2
2026-04-15 22:55:00,2.7338,2.7338,2.7338,2.7338,2.7388,2.7388,2.7388,2.7388,1
2026-04-15 22:56:00,2.7328,2.7338,2.7328,2.7328,2.7378,2.7388,2.7378,2.7378,8
2026-04-15 22:57:00,2.7323,2.7333,2.7323,2.7328,2.7373,2.7383,2.7373,2.7378,4
2026-04-15 22:58:00,2.7323,2.7363,2.7318,2.7338,2.7373,2.7413,2.7368,2.7388,15
2026-04-15 22:59:00,2.7343,2.7396,2.7338,2.7386,2.7393,2.7446,2.7388,2.7436,26
2026-04-16 00:00:00,2.7401,2.7441,2.7401,2.7421,2.7451,2.7491,2.7451,2.7471,8
2026-04-16 00:01:00,2.7416,2.7416,2.7396,2.7396,2.7466,2.7466,2.7446,2.7446,3
2026-04-16 00:02:00,2.7391,2.7401,2.7371,2.7381,2.7441,2.7451,2.7421,2.7431,9
2026-04-16 00:03:00,2.7386,2.7391,2.7386,2.7391,2.7436,2.7441,2.7436,2.7441,2
2026-04-16 00:04:00,2.7381,2.7381,2.7366,2.7371,2.7431,2.7431,2.7416,2.7421,5
2026-04-16 00:05:00,2.7376,2.7376,2.7371,2.7371,2.7426,2.7426,2.7421,2.7421,2
2026-04-16 00:06:00,2.7376,2.7376,2.7361,2.7361,2.7426,2.7426,2.7411,2.7411,3
2026-04-16 00:07:00,2.7356,2.7356,2.7356,2.7356,2.7406,2.7406,2.7406,2.7406,1
2026-04-16 00:09:00,2.7351,2.7361,2.7351,2.7361,2.7401,2.7411,2.7401,2.7411,3
2026-04-16 00:10:00,2.7351,2.7351,2.7351,2.7351,2.7401,2.7401,2.7401,2.7401,1
2026-04-16 00:14:00,2.7356,2.7356,2.7356,2.7356,2.7406,2.7406,2.7406,2.7406,1
2026-04-16 00:16:00,2.7351,2.7356,2.7351,2.7351,2.7401,2.7406,2.7401,2.7401,3
2026-04-16 00:17:00,2.7346,2.7346,2.7346,2.7346,2.7396,2.7396,2.7396,2.7396,1
2026-04-16 00:20:00,2.7356,2.7361,2.7356,2.7361,2.7406,2.7411,2.7406,2.7411,2
2026-04-16 00:21:00,2.7356,2.7361,2.7356,2.7356,2.7406,2.7411,2.7406,2.7406,3
2026-04-16 00:22:00,2.7361,2.7361,2.7356,2.7356,2.7411,2.7411,2.7406,2.7406,2
2026-04-16 00:23:00,2.7361,2.7361,2.7361,2.7361,2.7411,2.7411,2.7411,2.7411,1
2026-04-16 00:25:00,2.7356,2.7356,2.7356,2.7356,2.7406,2.7406,2.7406,2.7406,1
2026-04-16 00:30:00,2.7361,2.7361,2.7361,2.7361,2.7411,2.7411,2.7411,2.7411,1
2026-04-16 00:31:00,2.7356,2.7356,2.7356,2.7356,2.7406,2.7406,2.7406,2.7406,1
2026-04-16 00:32:00,2.7346,2.7351,2.7336,2.7336,2.7396,2.7401,2.7386,2.7386,6
2026-04-16 00:33:00,2.7341,2.7341,2.7336,2.7336,2.7391,2.7391,2.7386,2.7386,2
2026-04-16 00:35:00,2.7326,2.7326,2.7316,2.7321,2.7376,2.7376,2.7366,2.7371,4
2026-04-16 00:37:00,2.7316,2.7316,2.7316,2.7316,2.7366,2.7366,2.7366,2.7366,1
2026-04-16 00:39:00,2.7326,2.7326,2.7326,2.7326,2.7376,2.7376,2.7376,2.7376,1
2026-04-16 00:40:00,2.7321,2.7321,2.7321,2.7321,2.7371,2.7371,2.7371,2.7371,1
2026-04-16 00:41:00,2.7316,2.7326,2.7316,2.7326,2.7366,2.7376,2.7366,2.7376,2
2026-04-16 00:45:00,2.7331,2.7331,2.7331,2.7331,2.7381,2.7381,2.7381,2.7381,1
2026-04-16 00:47:00,2.7326,2.7326,2.7321,2.7321,2.7376,2.7376,2.7371,2.7371,2
2026-04-16 00:48:00,2.7316,2.7316,2.7316,2.7316,2.7366,2.7366,2.7366,2.7366,1
2026-04-16 00:49:00,2.7311,2.7311,2.7311,2.7311,2.7361,2.7361,2.7361,2.7361,1
2026-04-16 00:50:00,2.7316,2.7316,2.7316,2.7316,2.7366,2.7366,2.7366,2.7366,1
2026-04-16 00:51:00,2.7296,2.7296,2.7296,2.7296,2.7346,2.7346,2.7346,2.7346,1
2026-04-16 00:52:00,2.7306,2.7311,2.7306,2.7311,2.7356,2.7361,2.7356,2.7361,2
2026-04-16 00:54:00,2.7306,2.7306,2.7306,2.7306,2.7356,2.7356,2.7356,2.7356,1
2026-04-16 00:55:00,2.7301,2.7301,2.7301,2.7301,2.7351,2.7351,2.7351,2.7351,1
2026-04-16 00:56:00,2.7276,2.7276,2.7246,2.7246,2.7326,2.7326,2.7296,2.7296,7
2026-04-16 00:57:00,2.7256,2.7271,2.7256,2.7271,2.7306,2.7321,2.7306,2.7321,3
2026-04-16 00:58:00,2.7266,2.7271,2.7266,2.7271,2.7316,2.7321,2.7316,2.7321,2
2026-04-16 00:59:00,2.7276,2.7276,2.7276,2.7276,2.7326,2.7326,2.7326,2.7326,1
2026-04-16 01:00:00,2.7271,2.7271,2.7266,2.7266,2.7321,2.7321,2.7316,2.7316,2
2026-04-16 01:01:00,2.7276,2.7276,2.7271,2.7271,2.7326,2.7326,2.7321,2.7321,2
2026-04-16 01:02:00,2.7266,2.7266,2.7266,2.7266,2.7316,2.7316,2.7316,2.7316,1
2026-04-16 01:05:00,2.7261,2.7261,2.7261,2.7261,2.7311,2.7311,2.7311,2.7311,1
2026-04-16 01:06:00,2.7266,2.7266,2.7266,2.7266,2.7316,2.7316,2.7316,2.7316,1
2026-04-16 01:08:00,2.7261,2.7261,2.7256,2.7256,2.7311,2.7311,2.7306,2.7306,2
2026-04-16 01:09:00,2.7266,2.7266,2.7266,2.7266,2.7316,2.7316,2.7316,2.7316,1
2026-04-16 01:10:00,2.7261,2.7261,2.7261,2.7261,2.7311,2.7311,2.7311,2.7311,1
2026-04-16 01:16:00,2.7246,2.7246,2.7246,2.7246,2.7296,2.7296,2.7296,2.7296,1
2026-04-16 01:17:00,2.7241,2.7241,2.7241,2.7241,2.7291,2.7291,2.7291,2.7291,1
2026-04-16 01:21:00,2.7246,2.7256,2.7246,2.7251,2.7296,2.7306,2.7296,2.7301,5
2026-04-16 01:22:00,2.7246,2.7256,2.7241,2.7241,2.7296,2.7306,2.7291,2.7291,4
2026-04-16 01:28:00,2.7246,2.7246,2.7246,2.7246,2.7296,2.7296,2.7296,2.7296,1
2026-04-16 01:29:00,2.7241,2.7241,2.7241,2.7241,2.7291,2.7291,2.7291,2.7291,1
2026-04-16 01:30:00,2.7236,2.7241,2.7236,2.7236,2.7286,2.7291,2.7286,2.7286,3
2026-04-16 01:31:00,2.7231,2.7241,2.7231,2.7241,2.7281,2.7291,2.7281,2.7291,2
2026-04-16 01:32:00,2.7236,2.7246,2.7236,2.7246,2.7286,2.7296,2.7286,2.7296,3
2026-04-16 01:33:00,2.7241,2.7241,2.7241,2.7241,2.7291,2.7291,2.7291,2.7291,1
2026-04-16 01:34:00,2.7236,2.7236,2.7236,2.7236,2.7286,2.7286,2.7286,2.7286,1
2026-04-16 01:35:00,2.7241,2.7241,2.7241,2.7241,2.7291,2.7291,2.7291,2.7291,1
2026-04-16 01:36:00,2.7246,2.7246,2.7241,2.7241,2.7296,2.7296,2.7291,2.7291,2
2026-04-16 01:44:00,2.7246,2.7246,2.7246,2.7246,2.7296,2.7296,2.7296,2.7296,1
2026-04-16 01:51:00,2.7236,2.7236,2.7236,2.7236,2.7286,2.7286,2.7286,2.7286,1
2026-04-16 01:53:00,2.7241,2.7241,2.7241,2.7241,2.7291,2.7291,2.7291,2.7291,1
2026-04-16 01:54:00,2.7236,2.7236,2.7236,2.7236,2.7286,2.7286,2.7286,2.7286,1
2026-04-16 01:55:00,2.7246,2.7246,2.7246,2.7246,2.7296,2.7296,2.7296,2.7296,1
2026-04-16 01:56:00,2.7241,2.7241,2.7241,2.7241,2.7291,2.7291,2.7291,2.7291,1
2026-04-16 01:57:00,2.7226,2.7226,2.7226,2.7226,2.7276,2.7276,2.7276,2.7276,1
2026-04-16 01:58:00,2.7236,2.7246,2.7236,2.7241,2.7286,2.7296,2.7286,2.7291,3
2026-04-16 01:59:00,2.7236,2.7246,2.7236,2.7241,2.7286,2.7296,2.7286,2.7291,3
2026-04-16 02:00:00,2.7236,2.7236,2.7231,2.7231,2.7286,2.7286,2.7281,2.7281,2
2026-04-16 02:01:00,2.7226,2.7226,2.7226,2.7226,2.7276,2.7276,2.7276,2.7276,1
2026-04-16 02:02:00,2.7221,2.7251,2.7216,2.7216,2.7271,2.7301,2.7266,2.7266,9
2026-04-16 02:05:00,2.7211,2.7221,2.7211,2.7221,2.7261,2.7271,2.7261,2.7271,2
2026-04-16 02:06:00,2.7216,2.7221,2.7216,2.7221,2.7266,2.7271,2.7266,2.7271,2
2026-04-16 02:08:00,2.7231,2.7231,2.7211,2.7216,2.7281,2.7281,2.7261,2.7266,5
2026-04-16 02:09:00,2.7211,2.7216,2.7211,2.7216,2.7261,2.7266,2.7261,2.7266,2
2026-04-16 02:10:00,2.7211,2.7221,2.7211,2.7216,2.7261,2.7271,2.7261,2.7266,4
2026-04-16 02:11:00,2.7211,2.7216,2.7211,2.7211,2.7261,2.7266,2.7261,2.7261,3
2026-04-16 02:13:00,2.7216,2.7226,2.7216,2.7226,2.7266,2.7276,2.7266,2.7276,2
2026-04-16 02:14:00,2.7221,2.7221,2.7211,2.7211,2.7271,2.7271,2.7261,2.7261,5
2026-04-16 02:15:00,2.7221,2.7221,2.7206,2.7206,2.7271,2.7271,2.7256,2.7256,4
2026-04-16 02:16:00,2.7211,2.7216,2.7206,2.7211,2.7261,2.7266,2.7256,2.7261,4
2026-04-16 02:17:00,2.7216,2.7216,2.7211,2.7211,2.7266,2.7266,2.7261,2.7261,2
2026-04-16 02:18:00,2.7201,2.7201,2.7181,2.7196,2.7251,2.7251,2.7231,2.7246,8
2026-04-16 02:19:00,2.7191,2.7196,2.7181,2.7181,2.7241,2.7246,2.7231,2.7231,5
2026-04-16 02:20:00,2.7186,2.7186,2.7166,2.7181,2.7236,2.7236,2.7216,2.7231,9
2026-04-16 02:21:00,2.7186,2.7186,2.7181,2.7186,2.7236,2.7236,2.7231,2.7236,3
2026-04-16 02:22:00,2.7181,2.7181,2.7176,2.7176,2.7231,2.7231,2.7226,2.7226,2
2026-04-16 02:23:00,2.7166,2.7166,2.7166,2.7166,2.7216,2.7216,2.7216,2.7216,1
2026-04-16 02:24:00,2.7171,2.7181,2.7171,2.7181,2.7221,2.7231,2.7221,2.7231,3
2026-04-16 02:25:00,2.7186,2.7191,2.7181,2.7191,2.7236,2.7241,2.7231,2.7241,3
2026-04-16 02:27:00,2.7196,2.7196,2.7196,2.7196,2.7246,2.7246,2.7246,2.7246,1
2026-04-16 02:28:00,2.7191,2.7191,2.7181,2.7181,2.7241,2.7241,2.7231,2.7231,2
2026-04-16 02:30:00,2.7186,2.7191,2.7181,2.7191,2.7236,2.7241,2.7231,2.7241,3
2026-04-16 02:31:00,2.7216,2.7216,2.7201,2.7206,2.7266,2.7266,2.7251,2.7256,4
2026-04-16 02:32:00,2.7196,2.7201,2.7196,2.7201,2.7246,2.7251,2.7246,2.7251,2
2026-04-16 02:37:00,2.7196,2.7201,2.7196,2.7201,2.7246,2.7251,2.7246,2.7251,2
2026-04-16 02:40:00,2.7206,2.7206,2.7201,2.7201,2.7256,2.7256,2.7251,2.7251,2
2026-04-16 02:42:00,2.7196,2.7206,2.7196,2.7206,2.7246,2.7256,2.7246,2.7256,2
2026-04-16 02:46:00,2.7211,2.7216,2.7206,2.7211,2.7261,2.7266,2.7256,2.7261,4
2026-04-16 02:48:00,2.7206,2.7206,2.7191,2.7191,2.7256,2.7256,2.7241,2.7241,3
2026-04-16 02:49:00,2.7196,2.7196,2.7196,2.7196,2.7246,2.7246,2.7246,2.7246,1
2026-04-16 02:50:00,2.7201,2.7201,2.7201,2.7201,2.7251,2.7251,2.7251,2.7251,1
2026-04-16 02:52:00,2.7206,2.7216,2.7206,2.7216,2.7256,2.7266,2.7256,2.7266,3
2026-04-16 02:53:00,2.7211,2.7216,2.7211,2.7216,2.7261,2.7266,2.7261,2.7266,2
2026-04-16 02:54:00,2.7221,2.7221,2.7216,2.7216,2.7271,2.7271,2.7266,2.7266,2
2026-04-16 02:58:00,2.7221,2.7221,2.7216,2.7216,2.7271,2.7271,2.7266,2.7266,2
2026-04-16 02:59:00,2.7206,2.7206,2.7206,2.7206,2.7256,2.7256,2.7256,2.7256,1
2026-04-16 03:00:00,2.7201,2.7201,2.7181,2.7181,2.7251,2.7251,2.7231,2.7231,4
2026-04-16 03:01:00,2.7186,2.7186,2.7181,2.7186,2.7236,2.7236,2.7231,2.7236,3
2026-04-16 03:02:00,2.7181,2.7186,2.7176,2.7186,2.7231,2.7236,2.7226,2.7236,4
2026-04-16 03:05:00,2.7196,2.7196,2.7191,2.7191,2.7246,2.7246,2.7241,2.7241,2
2026-04-16 03:07:00,2.7186,2.7191,2.7186,2.7186,2.7236,2.7241,2.7236,2.7236,3
2026-04-16 03:08:00,2.7176,2.7176,2.7146,2.7151,2.7226,2.7226,2.7196,2.7201,6
2026-04-16 03:09:00,2.7156,2.7156,2.7151,2.7151,2.7206,2.7206,2.7201,2.7201,2
2026-04-16 03:10:00,2.7146,2.7146,2.7146,2.7146,2.7196,2.7196,2.7196,2.7196,1
2026-04-16 03:11:00,2.7136,2.7136,2.7131,2.7136,2.7186,2.7186,2.7181,2.7186,5
2026-04-16 03:12:00,2.7146,2.7146,2.7141,2.7141,2.7196,2.7196,2.7191,2.7191,2
2026-04-16 03:13:00,2.7146,2.7146,2.7141,2.7146,2.7196,2.7196,2.7191,2.7196,3
2026-04-16 03:15:00,2.7156,2.7156,2.7141,2.7146,2.7206,2.7206,2.7191,2.7196,4
2026-04-16 03:16:00,2.7151,2.7156,2.7146,2.7146,2.7201,2.7206,2.7196,2.7196,4
2026-04-16 03:17:00,2.7151,2.7151,2.7151,2.7151,2.7201,2.7201,2.7201,2.7201,1
2026-04-16 03:18:00,2.7156,2.7156,2.7146,2.7151,2.7206,2.7206,2.7196,2.7201,3
2026-04-16 03:19:00,2.7146,2.7146,2.7146,2.7146,2.7196,2.7196,2.7196,2.7196,1
2026-04-16 03:20:00,2.7141,2.7146,2.7141,2.7141,2.7191,2.7196,2.7191,2.7191,3
2026-04-16 03:21:00,2.7146,2.7146,2.7136,2.7146,2.7196,2.7196,2.7186,2.7196,5
2026-04-16 03:22:00,2.7151,2.7156,2.7151,2.7156,2.7201,2.7206,2.7201,2.7206,2
2026-04-16 03:23:00,2.7166,2.7176,2.7161,2.7161,2.7216,2.7226,2.7211,2.7211,5
2026-04-16 03:24:00,2.7156,2.7156,2.7151,2.7151,2.7206,2.7206,2.7201,2.7201,4
2026-04-16 03:25:00,2.7156,2.7156,2.7156,2.7156,2.7206,2.7206,2.7206,2.7206,1
2026-04-16 03:26:00,2.7151,2.7151,2.7151,2.7151,2.7201,2.7201,2.7201,2.7201,1
2026-04-16 03:27:00,2.7156,2.7156,2.7151,2.7151,2.7206,2.7206,2.7201,2.7201,2
2026-04-16 03:28:00,2.7156,2.7156,2.7156,2.7156,2.7206,2.7206,2.7206,2.7206,1
2026-04-16 03:29:00,2.7161,2.7166,2.7161,2.7166,2.7211,2.7216,2.7211,2.7216,2
2026-04-16 03:30:00,2.7156,2.7156,2.7156,2.7156,2.7206,2.7206,2.7206,2.7206,1
2026-04-16 03:31:00,2.7166,2.7166,2.7166,2.7166,2.7216,2.7216,2.7216,2.7216,1
2026-04-16 03:32:00,2.7171,2.7171,2.7166,2.7166,2.7221,2.7221,2.7216,2.7216,2
2026-04-16 03:33:00,2.7171,2.7176,2.7166,2.7171,2.7221,2.7226,2.7216,2.7221,5
2026-04-16 03:34:00,2.7166,2.7166,2.7166,2.7166,2.7216,2.7216,2.7216,2.7216,1
2026-04-16 03:35:00,2.7171,2.7181,2.7171,2.7176,2.7221,2.7231,2.7221,2.7226,4
2026-04-16 03:37:00,2.7181,2.7181,2.7176,2.7176,2.7231,2.7231,2.7226,2.7226,2
2026-04-16 03:39:00,2.7181,2.7186,2.7181,2.7181,2.7231,2.7236,2.7231,2.7231,3
2026-04-16 03:40:00,2.7191,2.7191,2.7181,2.7186,2.7241,2.7241,2.7231,2.7236,4
2026-04-16 03:41:00,2.7181,2.7181,2.7176,2.7176,2.7231,2.7231,2.7226,2.7226,2
2026-04-16 03:42:00,2.7166,2.7166,2.7166,2.7166,2.7216,2.7216,2.7216,2.7216,1
2026-04-16 03:44:00,2.7171,2.7171,2.7166,2.7166,2.7221,2.7221,2.7216,2.7216,2
2026-04-16 03:45:00,2.7176,2.7176,2.7166,2.7171,2.7226,2.7226,2.7216,2.7221,3
2026-04-16 03:47:00,2.7176,2.7176,2.7176,2.7176,2.7226,2.7226,2.7226,2.7226,1
2026-04-16 03:50:00,2.7166,2.7166,2.7166,2.7166,2.7216,2.7216,2.7216,2.7216,1
2026-04-16 03:53:00,2.7156,2.7166,2.7156,2.7166,2.7206,2.7216,2.7206,2.7216,6
2026-04-16 03:54:00,2.7171,2.7171,2.7171,2.7171,2.7221,2.7221,2.7221,2.7221,1
2026-04-16 03:55:00,2.7176,2.7176,2.7176,2.7176,2.7226,2.7226,2.7226,2.7226,1
2026-04-16 03:57:00,2.7186,2.7186,2.7186,2.7186,2.7236,2.7236,2.7236,2.7236,1
2026-04-16 03:59:00,2.7196,2.7196,2.7176,2.7176,2.7246,2.7246,2.7226,2.7226,4
2026-04-16 04:00:00,2.7181,2.7181,2.7171,2.7176,2.7231,2.7231,2.7221,2.7226,4
2026-04-16 04:02:00,2.7181,2.7186,2.7181,2.7186,2.7231,2.7236,2.7231,2.7236,2
2026-04-16 04:05:00,2.7191,2.7196,2.7191,2.7191,2.7241,2.7246,2.7241,2.7241,5
2026-04-16 04:06:00,2.7186,2.7191,2.7156,2.7166,2.7236,2.7241,2.7206,2.7216,16
2026-04-16 04:07:00,2.7161,2.7166,2.7161,2.7166,2.7211,2.7216,2.7211,2.7216,2
2026-04-16 04:08:00,2.7176,2.7176,2.7171,2.7171,2.7226,2.7226,2.7221,2.7221,2
2026-04-16 04:09:00,2.7181,2.7181,2.7171,2.7181,2.7231,2.7231,2.7221,2.7231,4
2026-04-16 04:12:00,2.7171,2.7171,2.7171,2.7171,2.7221,2.7221,2.7221,2.7221,1
2026-04-16 04:15:00,2.7166,2.7171,2.7166,2.7171,2.7216,2.7221,2.7216,2.7221,2
2026-04-16 04:17:00,2.7176,2.7176,2.7176,2.7176,2.7226,2.7226,2.7226,2.7226,1
2026-04-16 04:19:00,2.7171,2.7176,2.7171,2.7171,2.7221,2.7226,2.7221,2.7221,3
2026-04-16 04:20:00,2.7176,2.7176,2.7176,2.7176,2.7226,2.7226,2.7226,2.7226,1
2026-04-16 04:21:00,2.7181,2.7186,2.7181,2.7181,2.7231,2.7236,2.7231,2.7231,3
2026-04-16 04:22:00,2.7191,2.7191,2.7186,2.7186,2.7241,2.7241,2.7236,2.7236,2
2026-04-16 04:23:00,2.7196,2.7201,2.7191,2.7201,2.7246,2.7251,2.7241,2.7251,5
2026-04-16 04:24:00,2.7196,2.7196,2.7196,2.7196,2.7246,2.7246,2.7246,2.7246,1
2026-04-16 04:25:00,2.7191,2.7191,2.7191,2.7191,2.7241,2.7241,2.7241,2.7241,1
2026-04-16 04:26:00,2.7196,2.7196,2.7196,2.7196,2.7246,2.7246,2.7246,2.7246,1
2026-04-16 04:27:00,2.7191,2.7191,2.7191,2.7191,2.7241,2.7241,2.7241,2.7241,1
2026-04-16 04:29:00,2.7196,2.7196,2.7196,2.7196,2.7246,2.7246,2.7246,2.7246,1
2026-04-16 04:31:00,2.7191,2.7191,2.7191,2.7191,2.7241,2.7241,2.7241,2.7241,1
2026-04-16 04:32:00,2.7186,2.7186,2.7186,2.7186,2.7236,2.7236,2.7236,2.7236,1
2026-04-16 04:33:00,2.7196,2.7211,2.7191,2.7211,2.7246,2.7261,2.7241,2.7261,6
2026-04-16 04:34:00,2.7216,2.7216,2.7216,2.7216,2.7266,2.7266,2.7266,2.7266,1
2026-04-16 04:35:00,2.7211,2.7211,2.7206,2.7206,2.7261,2.7261,2.7256,2.7256,2
2026-04-16 04:36:00,2.7196,2.7206,2.7196,2.7206,2.7246,2.7256,2.7246,2.7256,5
2026-04-16 04:42:00,2.7196,2.7196,2.7196,2.7196,2.7246,2.7246,2.7246,2.7246,1
2026-04-16 04:43:00,2.7186,2.7191,2.7186,2.7191,2.7236,2.7241,2.7236,2.7241,2
2026-04-16 04:44:00,2.7186,2.7186,2.7181,2.7181,2.7236,2.7236,2.7231,2.7231,2
2026-04-16 04:45:00,2.7176,2.7176,2.7171,2.7176,2.7226,2.7226,2.7221,2.7226,11
2026-04-16 04:46:00,2.7171,2.7171,2.7171,2.7171,2.7221,2.7221,2.7221,2.7221,1
2026-04-16 04:47:00,2.7176,2.7176,2.7171,2.7171,2.7226,2.7226,2.7221,2.7221,2
2026-04-16 04:48:00,2.7176,2.7176,2.7171,2.7171,2.7226,2.7226,2.7221,2.7221,2
2026-04-16 04:49:00,2.7176,2.7176,2.7171,2.7171,2.7226,2.7226,2.7221,2.7221,4
2026-04-16 04:50:00,2.7176,2.7176,2.7166,2.7171,2.7226,2.7226,2.7216,2.7221,3
2026-04-16 04:51:00,2.7166,2.7171,2.7166,2.7171,2.7216,2.7221,2.7216,2.7221,2
2026-04-16 04:53:00,2.7176,2.7186,2.7171,2.7171,2.7226,2.7236,2.7221,2.7221,4
2026-04-16 04:54:00,2.7166,2.7166,2.7166,2.7166,2.7216,2.7216,2.7216,2.7216,1
2026-04-16 04:58:00,2.7176,2.7176,2.7176,2.7176,2.7226,2.7226,2.7226,2.7226,1
2026-04-16 05:01:00,2.7171,2.7171,2.7171,2.7171,2.7221,2.7221,2.7221,2.7221,1
2026-04-16 05:02:00,2.7166,2.7166,2.7166,2.7166,2.7216,2.7216,2.7216,2.7216,1
2026-04-16 05:07:00,2.7156,2.7156,2.7156,2.7156,2.7206,2.7206,2.7206,2.7206,1
2026-04-16 05:08:00,2.7151,2.7176,2.7151,2.7156,2.7201,2.7226,2.7201,2.7206,6
2026-04-16 05:10:00,2.7146,2.7146,2.7141,2.7141,2.7196,2.7196,2.7191,2.7191,2
2026-04-16 05:11:00,2.7146,2.7146,2.7146,2.7146,2.7196,2.7196,2.7196,2.7196,1
2026-04-16 05:13:00,2.7156,2.7156,2.7151,2.7156,2.7206,2.7206,2.7201,2.7206,3
2026-04-16 05:14:00,2.7151,2.7151,2.7151,2.7151,2.7201,2.7201,2.7201,2.7201,1
2026-04-16 05:16:00,2.7156,2.7156,2.7156,2.7156,2.7206,2.7206,2.7206,2.7206,1
2026-04-16 05:20:00,2.7166,2.7166,2.7161,2.7161,2.7216,2.7216,2.7211,2.7211,2
2026-04-16 05:21:00,2.7166,2.7166,2.7161,2.7161,2.7216,2.7216,2.7211,2.7211,2
2026-04-16 05:22:00,2.7166,2.7166,2.7161,2.7161,2.7216,2.7216,2.7211,2.7211,2
2026-04-16 05:23:00,2.7156,2.7156,2.7156,2.7156,2.7206,2.7206,2.7206,2.7206,1
2026-04-16 05:30:00,2.7161,2.7166,2.7156,2.7166,2.7211,2.7216,2.7206,2.7216,4
2026-04-16 05:31:00,2.7176,2.7186,2.7171,2.7181,2.7226,2.7236,2.7221,2.7231,5
2026-04-16 05:32:00,2.7176,2.7176,2.7176,2.7176,2.7226,2.7226,2.7226,2.7226,1
2026-04-16 05:33:00,2.7186,2.7206,2.7186,2.7196,2.7236,2.7256,2.7236,2.7246,4
2026-04-16 05:34:00,2.7206,2.7216,2.7206,2.7216,2.7256,2.7266,2.7256,2.7266,2
2026-04-16 05:35:00,2.7211,2.7211,2.7196,2.7196,2.7261,2.7261,2.7246,2.7246,4
2026-04-16 05:37:00,2.7206,2.7206,2.7206,2.7206,2.7256,2.7256,2.7256,2.7256,1
2026-04-16 05:39:00,2.7211,2.7211,2.7206,2.7206,2.7261,2.7261,2.7256,2.7256,2
2026-04-16 05:40:00,2.7201,2.7201,2.7196,2.7196,2.7251,2.7251,2.7246,2.7246,2
2026-04-16 05:41:00,2.7186,2.7186,2.7186,2.7186,2.7236,2.7236,2.7236,2.7236,1
2026-04-16 05:42:00,2.7196,2.7196,2.7186,2.7186,2.7246,2.7246,2.7236,2.7236,8
2026-04-16 05:47:00,2.7176,2.7186,2.7176,2.7186,2.7226,2.7236,2.7226,2.7236,3
2026-04-16 05:48:00,2.7191,2.7191,2.7191,2.7191,2.7241,2.7241,2.7241,2.7241,1
2026-04-16 05:50:00,2.7186,2.7186,2.7186,2.7186,2.7236,2.7236,2.7236,2.7236,1
2026-04-16 05:54:00,2.7196,2.7196,2.7186,2.7186,2.7246,2.7246,2.7236,2.7236,2
2026-04-16 05:59:00,2.7196,2.7196,2.7191,2.7196,2.7246,2.7246,2.7241,2.7246,3
2026-04-16 06:01:00,2.7201,2.7201,2.7196,2.7196,2.7251,2.7251,2.7246,2.7246,2
2026-04-16 06:02:00,2.7186,2.7186,2.7186,2.7186,2.7236,2.7236,2.7236,2.7236,1
2026-04-16 06:03:00,2.7191,2.7191,2.7186,2.7186,2.7241,2.7241,2.7236,2.7236,2
2026-04-16 06:05:00,2.7196,2.7196,2.7191,2.7196,2.7246,2.7246,2.7241,2.7246,3
2026-04-16 06:06:00,2.7206,2.7211,2.7201,2.7201,2.7256,2.7261,2.7251,2.7251,3
2026-04-16 06:07:00,2.7196,2.7206,2.7196,2.7206,2.7246,2.7256,2.7246,2.7256,2
2026-04-16 06:09:00,2.7211,2.7211,2.7206,2.7206,2.7261,2.7261,2.7256,2.7256,4
2026-04-16 06:10:00,2.7211,2.7216,2.7196,2.7196,2.7261,2.7266,2.7246,2.7246,7
2026-04-16 06:12:00,2.7191,2.7196,2.7191,2.7196,2.7241,2.7246,2.7241,2.7246,2
2026-04-16 06:13:00,2.7191,2.7191,2.7176,2.7181,2.7241,2.7241,2.7226,2.7231,5
2026-04-16 06:14:00,2.7186,2.7196,2.7186,2.7196,2.7236,2.7246,2.7236,2.7246,3
2026-04-16 06:17:00,2.7201,2.7201,2.7191,2.7196,2.7251,2.7251,2.7241,2.7246,3
2026-04-16 06:20:00,2.7186,2.7196,2.7186,2.7196,2.7236,2.7246,2.7236,2.7246,4
2026-04-16 06:21:00,2.7201,2.7201,2.7186,2.7196,2.7251,2.7251,2.7236,2.7246,6
2026-04-16 06:22:00,2.7201,2.7201,2.7201,2.7201,2.7251,2.7251,2.7251,2.7251,1
2026-04-16 06:24:00,2.7206,2.7206,2.7186,2.7186,2.7256,2.7256,2.7236,2.7236,3
2026-04-16 06:27:00,2.7176,2.7186,2.7176,2.7176,2.7226,2.7236,2.7226,2.7226,5
2026-04-16 06:28:00,2.7181,2.7181,2.7176,2.7181,2.7231,2.7231,2.7226,2.7231,3
2026-04-16 06:29:00,2.7186,2.7196,2.7186,2.7196,2.7236,2.7246,2.7236,2.7246,3
2026-04-16 06:30:00,2.7206,2.7206,2.7196,2.7201,2.7256,2.7256,2.7246,2.7251,3
2026-04-16 06:31:00,2.7206,2.7206,2.7196,2.7196,2.7256,2.7256,2.7246,2.7246,4
2026-04-16 06:34:00,2.7191,2.7191,2.7191,2.7191,2.7241,2.7241,2.7241,2.7241,1
2026-04-16 06:35:00,2.7186,2.7196,2.7186,2.7186,2.7236,2.7246,2.7236,2.7236,3
2026-04-16 06:36:00,2.7196,2.7206,2.7196,2.7196,2.7246,2.7256,2.7246,2.7246,5
2026-04-16 06:39:00,2.7191,2.7196,2.7186,2.7186,2.7241,2.7246,2.7236,2.7236,4
2026-04-16 06:41:00,2.7196,2.7196,2.7196,2.7196,2.7246,2.7246,2.7246,2.7246,1
2026-04-16 06:42:00,2.7201,2.7206,2.7201,2.7206,2.7251,2.7256,2.7251,2.7256,6
2026-04-16 06:43:00,2.7201,2.7206,2.7201,2.7206,2.7251,2.7256,2.7251,2.7256,2
2026-04-16 06:46:00,2.7216,2.7216,2.7196,2.7201,2.7266,2.7266,2.7246,2.7251,7
2026-04-16 06:48:00,2.7196,2.7196,2.7196,2.7196,2.7246,2.7246,2.7246,2.7246,1
2026-04-16 06:49:00,2.7201,2.7201,2.7186,2.7186,2.7251,2.7251,2.7236,2.7236,4
2026-04-16 06:53:00,2.7196,2.7196,2.7166,2.7166,2.7246,2.7246,2.7216,2.7216,4
2026-04-16 06:56:00,2.7171,2.7176,2.7161,2.7166,2.7221,2.7226,2.7211,2.7216,5
2026-04-16 06:57:00,2.7161,2.7176,2.7161,2.7176,2.7211,2.7226,2.7211,2.7226,3
2026-04-16 06:58:00,2.7171,2.7176,2.7171,2.7176,2.7221,2.7226,2.7221,2.7226,2
2026-04-16 06:59:00,2.7186,2.7186,2.7171,2.7176,2.7236,2.7236,2.7221,2.7226,4
2026-04-16 07:00:00,2.7191,2.7191,2.7181,2.7186,2.7241,2.7241,2.7231,2.7236,3
2026-04-16 07:01:00,2.7176,2.7186,2.7176,2.7181,2.7226,2.7236,2.7226,2.7231,5
2026-04-16 07:02:00,2.7186,2.7191,2.7181,2.7186,2.7236,2.7241,2.7231,2.7236,4
2026-04-16 07:04:00,2.7196,2.7196,2.7181,2.7181,2.7246,2.7246,2.7231,2.7231,4
2026-04-16 07:05:00,2.7186,2.7186,2.7176,2.7181,2.7236,2.7236,2.7226,2.7231,5
2026-04-16 07:06:00,2.7176,2.7176,2.7176,2.7176,2.7226,2.7226,2.7226,2.7226,1
2026-04-16 07:07:00,2.7181,2.7186,2.7171,2.7176,2.7231,2.7236,2.7221,2.7226,5
2026-04-16 07:09:00,2.7171,2.7176,2.7171,2.7176,2.7221,2.7226,2.7221,2.7226,4
2026-04-16 07:10:00,2.7171,2.7171,2.7171,2.7171,2.7221,2.7221,2.7221,2.7221,1
2026-04-16 07:11:00,2.7176,2.7176,2.7156,2.7156,2.7226,2.7226,2.7206,2.7206,7
2026-04-16 07:12:00,2.7166,2.7166,2.7166,2.7166,2.7216,2.7216,2.7216,2.7216,1
2026-04-16 07:13:00,2.7156,2.7156,2.7156,2.7156,2.7206,2.7206,2.7206,2.7206,1
2026-04-16 07:14:00,2.7166,2.7166,2.7166,2.7166,2.7216,2.7216,2.7216,2.7216,1
2026-04-16 07:15:00,2.7161,2.7166,2.7161,2.7166,2.7211,2.7216,2.7211,2.7216,4
2026-04-16 07:16:00,2.7161,2.7166,2.7161,2.7166,2.7211,2.7216,2.7211,2.7216,2
2026-04-16 07:18:00,2.7171,2.7181,2.7161,2.7161,2.7221,2.7231,2.7211,2.7211,4
2026-04-16 07:19:00,2.7156,2.7166,2.7156,2.7166,2.7206,2.7216,2.7206,2.7216,2
2026-04-16 07:21:00,2.7176,2.7176,2.7166,2.7171,2.7226,2.7226,2.7216,2.7221,3
2026-04-16 07:22:00,2.7166,2.7166,2.7156,2.7156,2.7216,2.7216,2.7206,2.7206,2
2026-04-16 07:26:00,2.7161,2.7166,2.7156,2.7166,2.7211,2.7216,2.7206,2.7216,5
2026-04-16 07:27:00,2.7156,2.7166,2.7156,2.7161,2.7206,2.7216,2.7206,2.7211,3
2026-04-16 07:28:00,2.7166,2.7171,2.7161,2.7161,2.7216,2.7221,2.7211,2.7211,8
2026-04-16 07:29:00,2.7166,2.7166,2.7156,2.7156,2.7216,2.7216,2.7206,2.7206,3
2026-04-16 07:30:00,2.7161,2.7171,2.7161,2.7161,2.7211,2.7221,2.7211,2.7211,5
2026-04-16 07:31:00,2.7166,2.7166,2.7161,2.7161,2.7216,2.7216,2.7211,2.7211,2
2026-04-16 07:32:00,2.7166,2.7176,2.7161,2.7166,2.7216,2.7226,2.7211,2.7216,9
2026-04-16 07:33:00,2.7171,2.7171,2.7171,2.7171,2.7221,2.7221,2.7221,2.7221,1
2026-04-16 07:34:00,2.7166,2.7181,2.7166,2.7176,2.7216,2.7231,2.7216,2.7226,6
2026-04-16 07:35:00,2.7171,2.7176,2.7156,2.7156,2.7221,2.7226,2.7206,2.7206,4
2026-04-16 07:36:00,2.7161,2.7166,2.7161,2.7161,2.7211,2.7216,2.7211,2.7211,3
2026-04-16 07:37:00,2.7171,2.7176,2.7171,2.7176,2.7221,2.7226,2.7221,2.7226,2
2026-04-16 07:38:00,2.7171,2.7171,2.7171,2.7171,2.7221,2.7221,2.7221,2.7221,1
2026-04-16 07:39:00,2.7176,2.7181,2.7176,2.7181,2.7226,2.7231,2.7226,2.7231,2
2026-04-16 07:40:00,2.7171,2.7176,2.7171,2.7171,2.7221,2.7226,2.7221,2.7221,3
2026-04-16 07:41:00,2.7166,2.7171,2.7166,2.7171,2.7216,2.7221,2.7216,2.7221,2
2026-04-16 07:43:00,2.7176,2.7181,2.7176,2.7176,2.7226,2.7231,2.7226,2.7226,3
2026-04-16 07:45:00,2.7186,2.7186,2.7176,2.7176,2.7236,2.7236,2.7226,2.7226,3
2026-04-16 07:46:00,2.7171,2.7171,2.7166,2.7171,2.7221,2.7221,2.7216,2.7221,3
2026-04-16 07:47:00,2.7176,2.7176,2.7166,2.7166,2.7226,2.7226,2.7216,2.7216,8
2026-04-16 07:48:00,2.7171,2.7176,2.7171,2.7176,2.7221,2.7226,2.7221,2.7226,2
2026-04-16 07:49:00,2.7171,2.7171,2.7171,2.7171,2.7221,2.7221,2.7221,2.7221,1
2026-04-16 07:50:00,2.7176,2.7176,2.7166,2.7166,2.7226,2.7226,2.7216,2.7216,3
2026-04-16 07:51:00,2.7161,2.7166,2.7161,2.7166,2.7211,2.7216,2.7211,2.7216,2
2026-04-16 07:52:00,2.7161,2.7161,2.7131,2.7141,2.7211,2.7211,2.7181,2.7191,8
2026-04-16 07:53:00,2.7146,2.7156,2.7146,2.7151,2.7196,2.7206,2.7196,2.7201,5
2026-04-16 07:54:00,2.7146,2.7166,2.7146,2.7151,2.7196,2.7216,2.7196,2.7201,6
2026-04-16 07:55:00,2.7156,2.7156,2.7146,2.7146,2.7206,2.7206,2.7196,2.7196,8
2026-04-16 07:56:00,2.7151,2.7161,2.7151,2.7161,2.7201,2.7211,2.7201,2.7211,2
2026-04-16 07:57:00,2.7166,2.7166,2.7166,2.7166,2.7216,2.7216,2.7216,2.7216,1
2026-04-16 07:59:00,2.7156,2.7156,2.7156,2.7156,2.7206,2.7206,2.7206,2.7206,1
2026-04-16 08:00:00,2.7161,2.7161,2.7156,2.7156,2.7211,2.7211,2.7206,2.7206,4
2026-04-16 08:02:00,2.7151,2.7156,2.7151,2.7156,2.7201,2.7206,2.7201,2.7206,2
2026-04-16 08:03:00,2.7146,2.7166,2.7136,2.7161,2.7196,2.7216,2.7186,2.7211,12
2026-04-16 08:04:00,2.7156,2.7166,2.7146,2.7146,2.7206,2.7216,2.7196,2.7196,9
2026-04-16 08:05:00,2.7156,2.7156,2.7146,2.7156,2.7206,2.7206,2.7196,2.7206,11
2026-04-16 08:06:00,2.7161,2.7161,2.7146,2.7156,2.7211,2.7211,2.7196,2.7206,5
2026-04-16 08:07:00,2.7146,2.7156,2.7146,2.7146,2.7196,2.7206,2.7196,2.7196,3
2026-04-16 08:08:00,2.7156,2.7156,2.7146,2.7156,2.7206,2.7206,2.7196,2.7206,5
2026-04-16 08:10:00,2.7146,2.7166,2.7146,2.7161,2.7196,2.7216,2.7196,2.7211,12
2026-04-16 08:11:00,2.7166,2.7171,2.7166,2.7171,2.7216,2.7221,2.7216,2.7221,2
2026-04-16 08:12:00,2.7176,2.7176,2.7171,2.7176,2.7226,2.7226,2.7221,2.7226,3
2026-04-16 08:13:00,2.7166,2.7176,2.7161,2.7166,2.7216,2.7226,2.7211,2.7216,6
2026-04-16 08:14:00,2.7161,2.7166,2.7156,2.7156,2.7211,2.7216,2.7206,2.7206,4
2026-04-16 08:15:00,2.7166,2.7166,2.7156,2.7156,2.7216,2.7216,2.7206,2.7206,2
2026-04-16 08:17:00,2.7146,2.7146,2.7136,2.7146,2.7196,2.7196,2.7186,2.7196,5
2026-04-16 08:18:00,2.7136,2.7146,2.7136,2.7146,2.7186,2.7196,2.7186,2.7196,6
2026-04-16 08:20:00,2.7136,2.7146,2.7126,2.7146,2.7186,2.7196,2.7176,2.7196,7
2026-04-16 08:21:00,2.7136,2.7146,2.7136,2.7146,2.7186,2.7196,2.7186,2.7196,4
2026-04-16 08:22:00,2.7141,2.7146,2.7136,2.7146,2.7191,2.7196,2.7186,2.7196,12
2026-04-16 08:23:00,2.7151,2.7151,2.7146,2.7146,2.7201,2.7201,2.7196,2.7196,2
2026-04-16 08:29:00,2.7151,2.7156,2.7151,2.7156,2.7201,2.7206,2.7201,2.7206,2
2026-04-16 08:30:00,2.7161,2.7166,2.7161,2.7166,2.7211,2.7216,2.7211,2.7216,2
2026-04-16 08:32:00,2.7171,2.7171,2.7161,2.7166,2.7221,2.7221,2.7211,2.7216,5
2026-04-16 08:33:00,2.7171,2.7186,2.7171,2.7186,2.7221,2.7236,2.7221,2.7236,3
2026-04-16 08:34:00,2.7181,2.7181,2.7181,2.7181,2.7231,2.7231,2.7231,2.7231,1
2026-04-16 08:35:00,2.7191,2.7196,2.7181,2.7181,2.7241,2.7246,2.7231,2.7231,6
2026-04-16 08:36:00,2.7186,2.7186,2.7186,2.7186,2.7236,2.7236,2.7236,2.7236,1
2026-04-16 08:37:00,2.7191,2.7191,2.7186,2.7186,2.7241,2.7241,2.7236,2.7236,2
2026-04-16 08:38:00,2.7191,2.7196,2.7191,2.7196,2.7241,2.7246,2.7241,2.7246,2
2026-04-16 08:39:00,2.7186,2.7191,2.7186,2.7186,2.7236,2.7241,2.7236,2.7236,3
2026-04-16 08:41:00,2.7176,2.7176,2.7161,2.7166,2.7226,2.7226,2.7211,2.7216,3
2026-04-16 08:42:00,2.7171,2.7171,2.7151,2.7151,2.7221,2.7221,2.7201,2.7201,4
2026-04-16 08:43:00,2.7156,2.7161,2.7156,2.7161,2.7206,2.7211,2.7206,2.7211,2
2026-04-16 08:44:00,2.7156,2.7166,2.7156,2.7161,2.7206,2.7216,2.7206,2.7211,3
2026-04-16 08:45:00,2.7166,2.7166,2.7166,2.7166,2.7216,2.7216,2.7216,2.7216,1
2026-04-16 08:46:00,2.7161,2.7166,2.7156,2.7156,2.7211,2.7216,2.7206,2.7206,3
2026-04-16 08:47:00,2.7161,2.7171,2.7161,2.7171,2.7211,2.7221,2.7211,2.7221,5
2026-04-16 08:48:00,2.7166,2.7166,2.7156,2.7156,2.7216,2.7216,2.7206,2.7206,2
2026-04-16 08:49:00,2.7151,2.7156,2.7151,2.7156,2.7201,2.7206,2.7201,2.7206,4
2026-04-16 08:50:00,2.7161,2.7166,2.7161,2.7166,2.7211,2.7216,2.7211,2.7216,2
2026-04-16 08:51:00,2.7171,2.7171,2.7166,2.7171,2.7221,2.7221,2.7216,2.7221,3
2026-04-16 08:52:00,2.7166,2.7186,2.7166,2.7176,2.7216,2.7236,2.7216,2.7226,9
2026-04-16 08:53:00,2.7181,2.7181,2.7176,2.7176,2.7231,2.7231,2.7226,2.7226,2
2026-04-16 08:54:00,2.7181,2.7191,2.7176,2.7176,2.7231,2.7241,2.7226,2.7226,7
2026-04-16 08:55:00,2.7181,2.7181,2.7181,2.7181,2.7231,2.7231,2.7231,2.7231,1
2026-04-16 08:56:00,2.7186,2.7186,2.7161,2.7161,2.7236,2.7236,2.7211,2.7211,6
2026-04-16 08:57:00,2.7171,2.7181,2.7171,2.7181,2.7221,2.7231,2.7221,2.7231,3
2026-04-16 08:58:00,2.7176,2.7181,2.7176,2.7181,2.7226,2.7231,2.7226,2.7231,2
2026-04-16 08:59:00,2.7186,2.7186,2.7166,2.7176,2.7236,2.7236,2.7216,2.7226,6
2026-04-16 09:00:00,2.7171,2.7201,2.7171,2.7196,2.7221,2.7251,2.7221,2.7246,10
2026-04-16 09:01:00,2.7201,2.7246,2.7196,2.7236,2.7251,2.7296,2.7246,2.7286,16
2026-04-16 09:02:00,2.7246,2.7276,2.7246,2.7266,2.7296,2.7326,2.7296,2.7316,19
2026-04-16 09:03:00,2.7271,2.7281,2.7266,2.7266,2.7321,2.7331,2.7316,2.7316,14
2026-04-16 09:04:00,2.7261,2.7281,2.7251,2.7276,2.7311,2.7331,2.7301,2.7326,8
2026-04-16 09:05:00,2.7286,2.7306,2.7286,2.7306,2.7336,2.7356,2.7336,2.7356,5
2026-04-16 09:06:00,2.7311,2.7316,2.7301,2.7306,2.7361,2.7366,2.7351,2.7356,10
2026-04-16 09:07:00,2.7301,2.7326,2.7301,2.7326,2.7351,2.7376,2.7351,2.7376,5
2026-04-16 09:08:00,2.7321,2.7346,2.7321,2.7331,2.7371,2.7396,2.7371,2.7381,13
2026-04-16 09:09:00,2.7336,2.7341,2.7336,2.7336,2.7386,2.7391,2.7386,2.7386,7
2026-04-16 09:10:00,2.7331,2.7331,2.7326,2.7326,2.7381,2.7381,2.7376,2.7376,4
2026-04-16 09:12:00,2.7331,2.7336,2.7326,2.7326,2.7381,2.7386,2.7376,2.7376,9
2026-04-16 09:13:00,2.7331,2.7331,2.7326,2.7326,2.7381,2.7381,2.7376,2.7376,2
2026-04-16 09:14:00,2.7316,2.7336,2.7316,2.7336,2.7366,2.7386,2.7366,2.7386,3
2026-04-16 09:17:00,2.7346,2.7346,2.7336,2.7346,2.7396,2.7396,2.7386,2.7396,3
2026-04-16 09:18:00,2.7351,2.7366,2.7351,2.7361,2.7401,2.7416,2.7401,2.7411,5
2026-04-16 09:19:00,2.7356,2.7356,2.7346,2.7356,2.7406,2.7406,2.7396,2.7406,12
2026-04-16 09:20:00,2.7351,2.7366,2.7351,2.7366,2.7401,2.7416,2.7401,2.7416,8
2026-04-16 09:21:00,2.7361,2.7376,2.7361,2.7376,2.7411,2.7426,2.7411,2.7426,4
2026-04-16 09:22:00,2.7366,2.7366,2.7356,2.7366,2.7416,2.7416,2.7406,2.7416,5
2026-04-16 09:23:00,2.7371,2.7371,2.7366,2.7366,2.7421,2.7421,2.7416,2.7416,2
2026-04-16 09:24:00,2.7356,2.7371,2.7356,2.7366,2.7406,2.7421,2.7406,2.7416,7
2026-04-16 09:25:00,2.7371,2.7376,2.7366,2.7376,2.7421,2.7426,2.7416,2.7426,9
2026-04-16 09:26:00,2.7366,2.7371,2.7361,2.7366,2.7416,2.7421,2.7411,2.7416,4
2026-04-16 09:27:00,2.7371,2.7371,2.7356,2.7356,2.7421,2.7421,2.7406,2.7406,4
2026-04-16 09:28:00,2.7361,2.7361,2.7356,2.7356,2.7411,2.7411,2.7406,2.7406,2
2026-04-16 09:29:00,2.7351,2.7351,2.7341,2.7341,2.7401,2.7401,2.7391,2.7391,3
2026-04-16 09:30:00,2.7336,2.7346,2.7326,2.7326,2.7386,2.7396,2.7376,2.7376,6
2026-04-16 09:31:00,2.7336,2.7336,2.7331,2.7331,2.7386,2.7386,2.7381,2.7381,2
2026-04-16 09:32:00,2.7336,2.7346,2.7336,2.7336,2.7386,2.7396,2.7386,2.7386,4
2026-04-16 09:33:00,2.7326,2.7326,2.7326,2.7326,2.7376,2.7376,2.7376,2.7376,1
2026-04-16 09:36:00,2.7321,2.7341,2.7321,2.7336,2.7371,2.7391,2.7371,2.7386,5
2026-04-16 09:37:00,2.7341,2.7341,2.7336,2.7336,2.7391,2.7391,2.7386,2.7386,4
2026-04-16 09:38:00,2.7341,2.7341,2.7336,2.7336,2.7391,2.7391,2.7386,2.7386,2
2026-04-16 09:39:00,2.7341,2.7341,2.7336,2.7336,2.7391,2.7391,2.7386,2.7386,6
2026-04-16 09:40:00,2.7341,2.7341,2.7326,2.7336,2.7391,2.7391,2.7376,2.7386,4
2026-04-16 09:41:00,2.7346,2.7351,2.7346,2.7346,2.7396,2.7401,2.7396,2.7396,3
2026-04-16 09:42:00,2.7351,2.7371,2.7351,2.7366,2.7401,2.7421,2.7401,2.7416,6
2026-04-16 09:43:00,2.7371,2.7386,2.7371,2.7386,2.7421,2.7436,2.7421,2.7436,4
2026-04-16 09:44:00,2.7376,2.7376,2.7376,2.7376,2.7426,2.7426,2.7426,2.7426,1
2026-04-16 09:45:00,2.7386,2.7386,2.7371,2.7386,2.7436,2.7436,2.7421,2.7436,23
2026-04-16 09:46:00,2.7396,2.7396,2.7386,2.7386,2.7446,2.7446,2.7436,2.7436,6
2026-04-16 09:47:00,2.7391,2.7406,2.7386,2.7406,2.7441,2.7456,2.7436,2.7456,10
2026-04-16 09:48:00,2.7401,2.7416,2.7401,2.7411,2.7451,2.7466,2.7451,2.7461,13
2026-04-16 09:49:00,2.7416,2.7416,2.7406,2.7406,2.7466,2.7466,2.7456,2.7456,3
2026-04-16 09:50:00,2.7416,2.7426,2.7416,2.7426,2.7466,2.7476,2.7466,2.7476,4
2026-04-16 09:51:00,2.7431,2.7436,2.7431,2.7436,2.7481,2.7486,2.7481,2.7486,2
2026-04-16 09:53:00,2.7446,2.7476,2.7441,2.7446,2.7496,2.7526,2.7491,2.7496,12
2026-04-16 09:54:00,2.7451,2.7516,2.7451,2.7516,2.7501,2.7566,2.7501,2.7566,21
2026-04-16 09:55:00,2.7521,2.7566,2.7521,2.7566,2.7571,2.7616,2.7571,2.7616,6
2026-04-16 09:56:00,2.7561,2.7586,2.7536,2.7541,2.7611,2.7636,2.7586,2.7591,15
2026-04-16 09:57:00,2.7536,2.7551,2.7526,2.7546,2.7586,2.7601,2.7576,2.7596,15
2026-04-16 09:58:00,2.7551,2.7556,2.7546,2.7546,2.7601,2.7606,2.7596,2.7596,3
2026-04-16 09:59:00,2.7536,2.7536,2.7526,2.7526,2.7586,2.7586,2.7576,2.7576,8
2026-04-16 10:00:00,2.7521,2.7546,2.7521,2.7546,2.7571,2.7596,2.7571,2.7596,13
2026-04-16 10:01:00,2.7551,2.7551,2.7501,2.7501,2.7601,2.7601,2.7551,2.7551,22
2026-04-16 10:02:00,2.7506,2.7521,2.7496,2.7506,2.7556,2.7571,2.7546,2.7556,21
2026-04-16 10:03:00,2.7501,2.7506,2.7466,2.7466,2.7551,2.7556,2.7516,2.7516,13
2026-04-16 10:04:00,2.7471,2.7486,2.7466,2.7486,2.7521,2.7536,2.7516,2.7536,13
2026-04-16 10:05:00,2.7491,2.7506,2.7481,2.7486,2.7541,2.7556,2.7531,2.7536,17
2026-04-16 10:06:00,2.7491,2.7536,2.7491,2.7526,2.7541,2.7586,2.7541,2.7576,10
2026-04-16 10:07:00,2.7536,2.7536,2.7526,2.7536,2.7586,2.7586,2.7576,2.7586,6
2026-04-16 10:08:00,2.7531,2.7536,2.7521,2.7521,2.7581,2.7586,2.7571,2.7571,7
2026-04-16 10:09:00,2.7516,2.7516,2.7506,2.7511,2.7566,2.7566,2.7556,2.7561,4
2026-04-16 10:10:00,2.7506,2.7511,2.7501,2.7506,2.7556,2.7561,2.7551,2.7556,5
2026-04-16 10:11:00,2.7501,2.7506,2.7496,2.7501,2.7551,2.7556,2.7546,2.7551,7
2026-04-16 10:12:00,2.7506,2.7516,2.7506,2.7516,2.7556,2.7566,2.7556,2.7566,4
2026-04-16 10:13:00,2.7521,2.7526,2.7521,2.7526,2.7571,2.7576,2.7571,2.7576,4
2026-04-16 10:14:00,2.7531,2.7551,2.7531,2.7536,2.7581,2.7601,2.7581,2.7586,10
2026-04-16 10:15:00,2.7526,2.7546,2.7526,2.7546,2.7576,2.7596,2.7576,2.7596,6
2026-04-16 10:16:00,2.7541,2.7541,2.7526,2.7531,2.7591,2.7591,2.7576,2.7581,7
2026-04-16 10:17:00,2.7526,2.7526,2.7496,2.7506,2.7576,2.7576,2.7546,2.7556,9
2026-04-16 10:18:00,2.7501,2.7501,2.7486,2.7486,2.7551,2.7551,2.7536,2.7536,5
2026-04-16 10:19:00,2.7496,2.7516,2.7496,2.7516,2.7546,2.7566,2.7546,2.7566,8
2026-04-16 10:20:00,2.7521,2.7521,2.7516,2.7516,2.7571,2.7571,2.7566,2.7566,2
2026-04-16 10:21:00,2.7511,2.7521,2.7506,2.7506,2.7561,2.7571,2.7556,2.7556,9
2026-04-16 10:22:00,2.7516,2.7526,2.7516,2.7516,2.7566,2.7576,2.7566,2.7566,10
2026-04-16 10:23:00,2.7521,2.7526,2.7516,2.7516,2.7571,2.7576,2.7566,2.7566,4
2026-04-16 10:24:00,2.7521,2.7526,2.7516,2.7526,2.7571,2.7576,2.7566,2.7576,7
2026-04-16 10:25:00,2.7536,2.7536,2.7506,2.7511,2.7586,2.7586,2.7556,2.7561,11
2026-04-16 10:26:00,2.7516,2.7516,2.7506,2.7506,2.7566,2.7566,2.7556,2.7556,15
2026-04-16 10:27:00,2.7496,2.7506,2.7496,2.7496,2.7546,2.7556,2.7546,2.7546,4
2026-04-16 10:28:00,2.7506,2.7506,2.7496,2.7496,2.7556,2.7556,2.7546,2.7546,7
2026-04-16 10:29:00,2.7501,2.7526,2.7496,2.7526,2.7551,2.7576,2.7546,2.7576,8
2026-04-16 10:30:00,2.7521,2.7526,2.7516,2.7516,2.7571,2.7576,2.7566,2.7566,9
2026-04-16 10:31:00,2.7526,2.7536,2.7526,2.7536,2.7576,2.7586,2.7576,2.7586,3
2026-04-16 10:32:00,2.7541,2.7546,2.7531,2.7536,2.7591,2.7596,2.7581,2.7586,7
2026-04-16 10:33:00,2.7541,2.7541,2.7541,2.7541,2.7591,2.7591,2.7591,2.7591,1
2026-04-16 10:34:00,2.7546,2.7556,2.7536,2.7536,2.7596,2.7606,2.7586,2.7586,6
2026-04-16 10:35:00,2.7526,2.7526,2.7526,2.7526,2.7576,2.7576,2.7576,2.7576,1
2026-04-16 10:36:00,2.7516,2.7516,2.7516,2.7516,2.7566,2.7566,2.7566,2.7566,1
2026-04-16 10:40:00,2.7521,2.7521,2.7506,2.7506,2.7571,2.7571,2.7556,2.7556,3
2026-04-16 10:41:00,2.7516,2.7516,2.7506,2.7506,2.7566,2.7566,2.7556,2.7556,5
2026-04-16 10:42:00,2.7496,2.7496,2.7491,2.7491,2.7546,2.7546,2.7541,2.7541,2
2026-04-16 10:43:00,2.7496,2.7501,2.7486,2.7486,2.7546,2.7551,2.7536,2.7536,4
2026-04-16 10:45:00,2.7491,2.7496,2.7476,2.7476,2.7541,2.7546,2.7526,2.7526,5
2026-04-16 10:47:00,2.7481,2.7486,2.7481,2.7486,2.7531,2.7536,2.7531,2.7536,2
2026-04-16 10:48:00,2.7491,2.7496,2.7486,2.7496,2.7541,2.7546,2.7536,2.7546,4
2026-04-16 10:50:00,2.7491,2.7496,2.7486,2.7496,2.7541,2.7546,2.7536,2.7546,5
2026-04-16 10:51:00,2.7491,2.7491,2.7486,2.7486,2.7541,2.7541,2.7536,2.7536,2
2026-04-16 10:52:00,2.7491,2.7496,2.7476,2.7476,2.7541,2.7546,2.7526,2.7526,5
2026-04-16 10:53:00,2.7486,2.7496,2.7476,2.7491,2.7536,2.7546,2.7526,2.7541,11
2026-04-16 10:54:00,2.7496,2.7496,2.7491,2.7496,2.7546,2.7546,2.7541,2.7546,15
2026-04-16 10:55:00,2.7491,2.7496,2.7481,2.7486,2.7541,2.7546,2.7531,2.7536,10
2026-04-16 10:56:00,2.7481,2.7486,2.7476,2.7476,2.7531,2.7536,2.7526,2.7526,6
2026-04-16 10:57:00,2.7466,2.7486,2.7466,2.7486,2.7516,2.7536,2.7516,2.7536,6
2026-04-16 10:58:00,2.7491,2.7491,2.7486,2.7486,2.7541,2.7541,2.7536,2.7536,2
2026-04-16 10:59:00,2.7481,2.7496,2.7481,2.7491,2.7531,2.7546,2.7531,2.7541,10
2026-04-16 11:00:00,2.7496,2.7496,2.7481,2.7486,2.7546,2.7546,2.7531,2.7536,4
2026-04-16 11:01:00,2.7476,2.7486,2.7476,2.7486,2.7526,2.7536,2.7526,2.7536,2
2026-04-16 11:04:00,2.7481,2.7481,2.7476,2.7476,2.7531,2.7531,2.7526,2.7526,2
2026-04-16 11:05:00,2.7466,2.7476,2.7466,2.7476,2.7516,2.7526,2.7516,2.7526,4
2026-04-16 11:06:00,2.7486,2.7486,2.7476,2.7476,2.7536,2.7536,2.7526,2.7526,2
2026-04-16 11:07:00,2.7486,2.7486,2.7476,2.7486,2.7536,2.7536,2.7526,2.7536,7
2026-04-16 11:09:00,2.7476,2.7481,2.7476,2.7476,2.7526,2.7531,2.7526,2.7526,3
2026-04-16 11:10:00,2.7481,2.7481,2.7466,2.7471,2.7531,2.7531,2.7516,2.7521,5
2026-04-16 11:11:00,2.7466,2.7466,2.7426,2.7431,2.7516,2.7516,2.7476,2.7481,9
2026-04-16 11:12:00,2.7436,2.7436,2.7416,2.7416,2.7486,2.7486,2.7466,2.7466,4
2026-04-16 11:13:00,2.7406,2.7406,2.7406,2.7406,2.7456,2.7456,2.7456,2.7456,1
2026-04-16 11:14:00,2.7416,2.7416,2.7416,2.7416,2.7466,2.7466,2.7466,2.7466,1
2026-04-16 11:15:00,2.7411,2.7416,2.7411,2.7416,2.7461,2.7466,2.7461,2.7466,4
2026-04-16 11:16:00,2.7421,2.7436,2.7421,2.7436,2.7471,2.7486,2.7471,2.7486,7
2026-04-16 11:18:00,2.7441,2.7446,2.7441,2.7446,2.7491,2.7496,2.7491,2.7496,2
2026-04-16 11:20:00,2.7436,2.7436,2.7436,2.7436,2.7486,2.7486,2.7486,2.7486,1
2026-04-16 11:21:00,2.7446,2.7446,2.7426,2.7426,2.7496,2.7496,2.7476,2.7476,6
2026-04-16 11:22:00,2.7431,2.7436,2.7431,2.7436,2.7481,2.7486,2.7481,2.7486,2
2026-04-16 11:23:00,2.7446,2.7446,2.7446,2.7446,2.7496,2.7496,2.7496,2.7496,1
2026-04-16 11:26:00,2.7436,2.7436,2.7406,2.7416,2.7486,2.7486,2.7456,2.7466,10
2026-04-16 11:27:00,2.7426,2.7426,2.7416,2.7416,2.7476,2.7476,2.7466,2.7466,5
2026-04-16 11:28:00,2.7406,2.7416,2.7406,2.7416,2.7456,2.7466,2.7456,2.7466,2
2026-04-16 11:29:00,2.7411,2.7411,2.7396,2.7396,2.7461,2.7461,2.7446,2.7446,3
2026-04-16 11:30:00,2.7406,2.7406,2.7391,2.7396,2.7456,2.7456,2.7441,2.7446,8
2026-04-16 11:31:00,2.7391,2.7396,2.7391,2.7396,2.7441,2.7446,2.7441,2.7446,4
2026-04-16 11:32:00,2.7391,2.7396,2.7391,2.7396,2.7441,2.7446,2.7441,2.7446,2
2026-04-16 11:33:00,2.7406,2.7406,2.7396,2.7396,2.7456,2.7456,2.7446,2.7446,3
2026-04-16 11:34:00,2.7386,2.7386,2.7386,2.7386,2.7436,2.7436,2.7436,2.7436,1
2026-04-16 11:36:00,2.7376,2.7386,2.7376,2.7386,2.7426,2.7436,2.7426,2.7436,4
2026-04-16 11:38:00,2.7376,2.7376,2.7376,2.7376,2.7426,2.7426,2.7426,2.7426,1
2026-04-16 11:40:00,2.7386,2.7386,2.7366,2.7376,2.7436,2.7436,2.7416,2.7426,16
2026-04-16 11:41:00,2.7371,2.7376,2.7366,2.7371,2.7421,2.7426,2.7416,2.7421,6
2026-04-16 11:42:00,2.7376,2.7391,2.7376,2.7391,2.7426,2.7441,2.7426,2.7441,3
2026-04-16 11:43:00,2.7396,2.7406,2.7391,2.7406,2.7446,2.7456,2.7441,2.7456,4
2026-04-16 11:44:00,2.7416,2.7416,2.7406,2.7406,2.7466,2.7466,2.7456,2.7456,2
2026-04-16 11:45:00,2.7416,2.7416,2.7406,2.7416,2.7466,2.7466,2.7456,2.7466,6
2026-04-16 11:46:00,2.7421,2.7426,2.7406,2.7406,2.7471,2.7476,2.7456,2.7456,7
2026-04-16 11:47:00,2.7396,2.7396,2.7396,2.7396,2.7446,2.7446,2.7446,2.7446,1
2026-04-16 11:48:00,2.7406,2.7416,2.7406,2.7411,2.7456,2.7466,2.7456,2.7461,8
2026-04-16 11:49:00,2.7416,2.7416,2.7416,2.7416,2.7466,2.7466,2.7466,2.7466,1
2026-04-16 11:51:00,2.7426,2.7426,2.7406,2.7406,2.7476,2.7476,2.7456,2.7456,7
2026-04-16 11:53:00,2.7396,2.7406,2.7391,2.7396,2.7446,2.7456,2.7441,2.7446,7
2026-04-16 11:55:00,2.7386,2.7396,2.7386,2.7396,2.7436,2.7446,2.7436,2.7446,2
2026-04-16 11:58:00,2.7386,2.7386,2.7356,2.7366,2.7436,2.7436,2.7406,2.7416,11
2026-04-16 11:59:00,2.7376,2.7386,2.7376,2.7386,2.7426,2.7436,2.7426,2.7436,2
2026-04-16 12:00:00,2.7396,2.7426,2.7386,2.7421,2.7446,2.7476,2.7436,2.7471,9
2026-04-16 12:01:00,2.7416,2.7421,2.7406,2.7411,2.7466,2.7471,2.7456,2.7461,7
2026-04-16 12:02:00,2.7416,2.7416,2.7406,2.7406,2.7466,2.7466,2.7456,2.7456,4
2026-04-16 12:03:00,2.7411,2.7411,2.7406,2.7406,2.7461,2.7461,2.7456,2.7456,2
2026-04-16 12:04:00,2.7411,2.7416,2.7411,2.7411,2.7461,2.7466,2.7461,2.7461,3
2026-04-16 12:05:00,2.7406,2.7406,2.7396,2.7406,2.7456,2.7456,2.7446,2.7456,3
2026-04-16 12:06:00,2.7411,2.7411,2.7411,2.7411,2.7461,2.7461,2.7461,2.7461,1
2026-04-16 12:07:00,2.7416,2.7416,2.7416,2.7416,2.7466,2.7466,2.7466,2.7466,1
2026-04-16 12:08:00,2.7406,2.7416,2.7406,2.7411,2.7456,2.7466,2.7456,2.7461,3
2026-04-16 12:09:00,2.7406,2.7406,2.7406,2.7406,2.7456,2.7456,2.7456,2.7456,1
2026-04-16 12:10:00,2.7416,2.7416,2.7406,2.7406,2.7466,2.7466,2.7456,2.7456,5
2026-04-16 12:11:00,2.7401,2.7406,2.7396,2.7396,2.7451,2.7456,2.7446,2.7446,3
2026-04-16 12:13:00,2.7406,2.7406,2.7406,2.7406,2.7456,2.7456,2.7456,2.7456,1
2026-04-16 12:14:00,2.7401,2.7401,2.7396,2.7396,2.7451,2.7451,2.7446,2.7446,2
2026-04-16 12:15:00,2.7386,2.7386,2.7386,2.7386,2.7436,2.7436,2.7436,2.7436,1
2026-04-16 12:16:00,2.7391,2.7391,2.7391,2.7391,2.7441,2.7441,2.7441,2.7441,1
2026-04-16 12:17:00,2.7396,2.7396,2.7386,2.7386,2.7446,2.7446,2.7436,2.7436,5
2026-04-16 12:19:00,2.7376,2.7386,2.7376,2.7386,2.7426,2.7436,2.7426,2.7436,2
2026-04-16 12:20:00,2.7381,2.7381,2.7376,2.7376,2.7431,2.7431,2.7426,2.7426,2
2026-04-16 12:21:00,2.7381,2.7381,2.7376,2.7376,2.7431,2.7431,2.7426,2.7426,2
2026-04-16 12:24:00,2.7386,2.7396,2.7386,2.7386,2.7436,2.7446,2.7436,2.7436,6
2026-04-16 12:25:00,2.7396,2.7396,2.7386,2.7396,2.7446,2.7446,2.7436,2.7446,3
2026-04-16 12:26:00,2.7391,2.7391,2.7386,2.7391,2.7441,2.7441,2.7436,2.7441,3
2026-04-16 12:27:00,2.7396,2.7396,2.7386,2.7386,2.7446,2.7446,2.7436,2.7436,2
2026-04-16 12:28:00,2.7376,2.7386,2.7376,2.7376,2.7426,2.7436,2.7426,2.7426,3
2026-04-16 12:29:00,2.7386,2.7386,2.7386,2.7386,2.7436,2.7436,2.7436,2.7436,1
2026-04-16 12:30:00,2.7396,2.7396,2.7386,2.7386,2.7446,2.7446,2.7436,2.7436,2
2026-04-16 12:31:00,2.7396,2.7396,2.7396,2.7396,2.7446,2.7446,2.7446,2.7446,1
2026-04-16 12:32:00,2.7406,2.7416,2.7406,2.7406,2.7456,2.7466,2.7456,2.7456,3
2026-04-16 12:33:00,2.7396,2.7396,2.7386,2.7396,2.7446,2.7446,2.7436,2.7446,3
2026-04-16 12:34:00,2.7406,2.7406,2.7406,2.7406,2.7456,2.7456,2.7456,2.7456,1
2026-04-16 12:35:00,2.7396,2.7406,2.7386,2.7396,2.7446,2.7456,2.7436,2.7446,9
2026-04-16 12:36:00,2.7386,2.7386,2.7386,2.7386,2.7436,2.7436,2.7436,2.7436,1
2026-04-16 12:37:00,2.7396,2.7396,2.7396,2.7396,2.7446,2.7446,2.7446,2.7446,1
2026-04-16 12:38:00,2.7386,2.7386,2.7336,2.7346,2.7436,2.7436,2.7386,2.7396,10
2026-04-16 12:39:00,2.7336,2.7346,2.7336,2.7341,2.7386,2.7396,2.7386,2.7391,5
2026-04-16 12:40:00,2.7336,2.7346,2.7336,2.7336,2.7386,2.7396,2.7386,2.7386,6
2026-04-16 12:41:00,2.7326,2.7336,2.7316,2.7336,2.7376,2.7386,2.7366,2.7386,5
2026-04-16 12:43:00,2.7341,2.7341,2.7336,2.7336,2.7391,2.7391,2.7386,2.7386,2
2026-04-16 12:45:00,2.7331,2.7331,2.7276,2.7276,2.7381,2.7381,2.7326,2.7326,9
2026-04-16 12:46:00,2.7271,2.7286,2.7271,2.7276,2.7321,2.7336,2.7321,2.7326,4
2026-04-16 12:47:00,2.7286,2.7286,2.7276,2.7276,2.7336,2.7336,2.7326,2.7326,2
2026-04-16 12:48:00,2.7266,2.7296,2.7266,2.7296,2.7316,2.7346,2.7316,2.7346,6
2026-04-16 12:49:00,2.7286,2.7286,2.7286,2.7286,2.7336,2.7336,2.7336,2.7336,1
2026-04-16 12:50:00,2.7281,2.7296,2.7281,2.7296,2.7331,2.7346,2.7331,2.7346,5
2026-04-16 12:51:00,2.7291,2.7296,2.7281,2.7286,2.7341,2.7346,2.7331,2.7336,5
2026-04-16 12:52:00,2.7276,2.7296,2.7276,2.7276,2.7326,2.7346,2.7326,2.7326,7
2026-04-16 12:54:00,2.7266,2.7276,2.7266,2.7276,2.7316,2.7326,2.7316,2.7326,8
2026-04-16 12:55:00,2.7286,2.7306,2.7266,2.7296,2.7336,2.7356,2.7316,2.7346,19
2026-04-16 12:56:00,2.7291,2.7291,2.7281,2.7286,2.7341,2.7341,2.7331,2.7336,3
2026-04-16 12:57:00,2.7296,2.7306,2.7286,2.7306,2.7346,2.7356,2.7336,2.7356,11
2026-04-16 12:58:00,2.7296,2.7306,2.7286,2.7296,2.7346,2.7356,2.7336,2.7346,16
2026-04-16 12:59:00,2.7291,2.7306,2.7286,2.7296,2.7341,2.7356,2.7336,2.7346,16
2026-04-16 13:00:00,2.7291,2.7291,2.7256,2.7276,2.7341,2.7341,2.7306,2.7326,17
2026-04-16 13:01:00,2.7271,2.7286,2.7266,2.7276,2.7321,2.7336,2.7316,2.7326,8
2026-04-16 13:03:00,2.7286,2.7296,2.7276,2.7276,2.7336,2.7346,2.7326,2.7326,7
2026-04-16 13:04:00,2.7271,2.7271,2.7256,2.7256,2.7321,2.7321,2.7306,2.7306,5
2026-04-16 13:05:00,2.7251,2.7256,2.7246,2.7256,2.7301,2.7306,2.7296,2.7306,11
2026-04-16 13:06:00,2.7261,2.7286,2.7261,2.7281,2.7311,2.7336,2.7311,2.7331,7
2026-04-16 13:07:00,2.7276,2.7296,2.7276,2.7296,2.7326,2.7346,2.7326,2.7346,7
2026-04-16 13:08:00,2.7301,2.7316,2.7301,2.7316,2.7351,2.7366,2.7351,2.7366,7
2026-04-16 13:09:00,2.7321,2.7326,2.7316,2.7321,2.7371,2.7376,2.7366,2.7371,13
2026-04-16 13:10:00,2.7316,2.7316,2.7306,2.7306,2.7366,2.7366,2.7356,2.7356,6
2026-04-16 13:11:00,2.7296,2.7316,2.7296,2.7296,2.7346,2.7366,2.7346,2.7346,7
2026-04-16 13:12:00,2.7306,2.7311,2.7296,2.7296,2.7356,2.7361,2.7346,2.7346,4
2026-04-16 13:13:00,2.7286,2.7306,2.7286,2.7306,2.7336,2.7356,2.7336,2.7356,3
2026-04-16 13:14:00,2.7301,2.7306,2.7296,2.7306,2.7351,2.7356,2.7346,2.7356,3
2026-04-16 13:15:00,2.7296,2.7306,2.7296,2.7306,2.7346,2.7356,2.7346,2.7356,4
2026-04-16 13:16:00,2.7311,2.7316,2.7306,2.7306,2.7361,2.7366,2.7356,2.7356,4
2026-04-16 13:17:00,2.7301,2.7306,2.7296,2.7301,2.7351,2.7356,2.7346,2.7351,11
2026-04-16 13:18:00,2.7306,2.7306,2.7301,2.7306,2.7356,2.7356,2.7351,2.7356,3
2026-04-16 13:19:00,2.7311,2.7316,2.7311,2.7316,2.7361,2.7366,2.7361,2.7366,2
2026-04-16 13:20:00,2.7306,2.7326,2.7301,2.7326,2.7356,2.7376,2.7351,2.7376,14
2026-04-16 13:21:00,2.7336,2.7336,2.7316,2.7321,2.7386,2.7386,2.7366,2.7371,7
2026-04-16 13:22:00,2.7326,2.7326,2.7321,2.7326,2.7376,2.7376,2.7371,2.7376,3
2026-04-16 13:23:00,2.7321,2.7336,2.7316,2.7326,2.7371,2.7386,2.7366,2.7376,6
2026-04-16 13:24:00,2.7336,2.7336,2.7331,2.7336,2.7386,2.7386,2.7381,2.7386,3
2026-04-16 13:25:00,2.7331,2.7386,2.7326,2.7386,2.7381,2.7436,2.7376,2.7436,12
2026-04-16 13:26:00,2.7381,2.7381,2.7366,2.7366,2.7431,2.7431,2.7416,2.7416,9
2026-04-16 13:27:00,2.7371,2.7376,2.7361,2.7371,2.7421,2.7426,2.7411,2.7421,6
2026-04-16 13:28:00,2.7376,2.7376,2.7356,2.7366,2.7426,2.7426,2.7406,2.7416,9
2026-04-16 13:29:00,2.7376,2.7381,2.7366,2.7376,2.7426,2.7431,2.7416,2.7426,12
2026-04-16 13:30:00,2.7371,2.7371,2.7346,2.7356,2.7421,2.7421,2.7396,2.7406,7
2026-04-16 13:31:00,2.7366,2.7366,2.7366,2.7366,2.7416,2.7416,2.7416,2.7416,1
2026-04-16 13:32:00,2.7376,2.7376,2.7376,2.7376,2.7426,2.7426,2.7426,2.7426,1
2026-04-16 13:33:00,2.7371,2.7376,2.7366,2.7366,2.7421,2.7426,2.7416,2.7416,10
2026-04-16 13:34:00,2.7371,2.7371,2.7361,2.7366,2.7421,2.7421,2.7411,2.7416,4
2026-04-16 13:35:00,2.7356,2.7366,2.7356,2.7356,2.7406,2.7416,2.7406,2.7406,4
2026-04-16 13:36:00,2.7346,2.7346,2.7326,2.7326,2.7396,2.7396,2.7376,2.7376,6
2026-04-16 13:37:00,2.7336,2.7341,2.7336,2.7336,2.7386,2.7391,2.7386,2.7386,3
2026-04-16 13:38:00,2.7341,2.7346,2.7341,2.7341,2.7391,2.7396,2.7391,2.7391,3
2026-04-16 13:39:00,2.7346,2.7346,2.7336,2.7341,2.7396,2.7396,2.7386,2.7391,3
2026-04-16 13:40:00,2.7336,2.7346,2.7336,2.7346,2.7386,2.7396,2.7386,2.7396,2
2026-04-16 13:41:00,2.7336,2.7336,2.7326,2.7326,2.7386,2.7386,2.7376,2.7376,2
2026-04-16 13:42:00,2.7321,2.7321,2.7306,2.7306,2.7371,2.7371,2.7356,2.7356,3
2026-04-16 13:43:00,2.7321,2.7326,2.7316,2.7326,2.7371,2.7376,2.7366,2.7376,4
2026-04-16 13:44:00,2.7316,2.7321,2.7316,2.7316,2.7366,2.7371,2.7366,2.7366,3
2026-04-16 13:46:00,2.7306,2.7306,2.7301,2.7301,2.7356,2.7356,2.7351,2.7351,2
2026-04-16 13:47:00,2.7296,2.7296,2.7291,2.7296,2.7346,2.7346,2.7341,2.7346,3
2026-04-16 13:48:00,2.7291,2.7326,2.7291,2.7326,2.7341,2.7376,2.7341,2.7376,11
2026-04-16 13:49:00,2.7336,2.7366,2.7326,2.7366,2.7386,2.7416,2.7376,2.7416,13
2026-04-16 13:50:00,2.7371,2.7376,2.7341,2.7356,2.7421,2.7426,2.7391,2.7406,24
2026-04-16 13:51:00,2.7361,2.7386,2.7346,2.7376,2.7411,2.7436,2.7396,2.7426,18
2026-04-16 13:52:00,2.7381,2.7431,2.7381,2.7426,2.7431,2.7481,2.7431,2.7476,11
2026-04-16 13:53:00,2.7431,2.7516,2.7426,2.7516,2.7481,2.7566,2.7476,2.7566,51
2026-04-16 13:54:00,2.7506,2.7536,2.7486,2.7516,2.7556,2.7586,2.7536,2.7566,31
2026-04-16 13:55:00,2.7511,2.7546,2.7496,2.7506,2.7561,2.7596,2.7546,2.7556,27
2026-04-16 13:56:00,2.7496,2.7511,2.7481,2.7486,2.7546,2.7561,2.7531,2.7536,20
2026-04-16 13:57:00,2.7491,2.7536,2.7491,2.7536,2.7541,2.7586,2.7541,2.7586,9
2026-04-16 13:58:00,2.7541,2.7541,2.7486,2.7486,2.7591,2.7591,2.7536,2.7536,25
2026-04-16 13:59:00,2.7496,2.7586,2.7496,2.7561,2.7546,2.7636,2.7546,2.7611,28
2026-04-16 14:00:00,2.7556,2.7561,2.7486,2.7506,2.7606,2.7611,2.7536,2.7556,34
2026-04-16 14:01:00,2.7511,2.7516,2.7486,2.7501,2.7561,2.7566,2.7536,2.7551,17
2026-04-16 14:02:00,2.7496,2.7526,2.7486,2.7516,2.7546,2.7576,2.7536,2.7566,15
2026-04-16 14:03:00,2.7511,2.7536,2.7506,2.7521,2.7561,2.7586,2.7556,2.7571,17
2026-04-16 14:04:00,2.7526,2.7556,2.7526,2.7526,2.7576,2.7606,2.7576,2.7576,14
2026-04-16 14:05:00,2.7516,2.7566,2.7516,2.7531,2.7566,2.7616,2.7566,2.7581,21
2026-04-16 14:06:00,2.7536,2.7536,2.7496,2.7521,2.7586,2.7586,2.7546,2.7571,32
2026-04-16 14:07:00,2.7516,2.7546,2.7516,2.7526,2.7566,2.7596,2.7566,2.7576,15
2026-04-16 14:08:00,2.7516,2.7536,2.7506,2.7536,2.7566,2.7586,2.7556,2.7586,15
2026-04-16 14:09:00,2.7541,2.7606,2.7541,2.7591,2.7591,2.7656,2.7591,2.7641,29
2026-04-16 14:10:00,2.7596,2.7646,2.7596,2.7626,2.7646,2.7696,2.7646,2.7676,33
2026-04-16 14:11:00,2.7616,2.7626,2.7576,2.7576,2.7666,2.7676,2.7626,2.7626,26
2026-04-16 14:12:00,2.7566,2.7611,2.7566,2.7586,2.7616,2.7661,2.7616,2.7636,14
2026-04-16 14:13:00,2.7581,2.7586,2.7546,2.7546,2.7631,2.7636,2.7596,2.7596,14
2026-04-16 14:14:00,2.7536,2.7556,2.7521,2.7531,2.7586,2.7606,2.7571,2.7581,14
2026-04-16 14:15:00,2.7526,2.7526,2.7466,2.7491,2.7576,2.7576,2.7516,2.7541,32
2026-04-16 14:16:00,2.7496,2.7496,2.7476,2.7481,2.7546,2.7546,2.7526,2.7531,22
2026-04-16 14:17:00,2.7476,2.7646,2.7476,2.7546,2.7526,2.7696,2.7526,2.7596,95
2026-04-16 14:18:00,2.7551,2.7551,2.7486,2.7511,2.7601,2.7601,2.7536,2.7561,49
2026-04-16 14:19:00,2.7506,2.7506,2.7471,2.7486,2.7556,2.7556,2.7521,2.7536,21
2026-04-16 14:20:00,2.7496,2.7496,2.7481,2.7496,2.7546,2.7546,2.7531,2.7546,10
2026-04-16 14:21:00,2.7506,2.7506,2.7476,2.7496,2.7556,2.7556,2.7526,2.7546,22
2026-04-16 14:22:00,2.7491,2.7506,2.7476,2.7506,2.7541,2.7556,2.7526,2.7556,14
2026-04-16 14:23:00,2.7511,2.7536,2.7496,2.7501,2.7561,2.7586,2.7546,2.7551,23
2026-04-16 14:24:00,2.7506,2.7516,2.7486,2.7501,2.7556,2.7566,2.7536,2.7551,32
2026-04-16 14:25:00,2.7496,2.7506,2.7441,2.7451,2.7546,2.7556,2.7491,2.7501,14
2026-04-16 14:26:00,2.7456,2.7466,2.7446,2.7466,2.7506,2.7516,2.7496,2.7516,11
2026-04-16 14:27:00,2.7456,2.7466,2.7426,2.7431,2.7506,2.7516,2.7476,2.7481,20
2026-04-16 14:28:00,2.7426,2.7436,2.7406,2.7406,2.7476,2.7486,2.7456,2.7456,20
2026-04-16 14:29:00,2.7396,2.7406,2.7396,2.7396,2.7446,2.7456,2.7446,2.7446,9
2026-04-16 14:30:00,2.7391,2.7426,2.7386,2.7396,2.7441,2.7476,2.7436,2.7446,29
2026-04-16 14:31:00,2.7406,2.7446,2.7401,2.7446,2.7456,2.7496,2.7451,2.7496,26
2026-04-16 14:32:00,2.7456,2.7466,2.7426,2.7426,2.7506,2.7516,2.7476,2.7476,19
2026-04-16 14:33:00,2.7436,2.7446,2.7416,2.7416,2.7486,2.7496,2.7466,2.7466,14
2026-04-16 14:34:00,2.7421,2.7456,2.7416,2.7416,2.7471,2.7506,2.7466,2.7466,19
2026-04-16 14:35:00,2.7406,2.7431,2.7396,2.7421,2.7456,2.7481,2.7446,2.7471,14
2026-04-16 14:36:00,2.7426,2.7451,2.7416,2.7441,2.7476,2.7501,2.7466,2.7491,19
2026-04-16 14:37:00,2.7446,2.7466,2.7441,2.7441,2.7496,2.7516,2.7491,2.7491,13
2026-04-16 14:38:00,2.7436,2.7471,2.7426,2.7461,2.7486,2.7521,2.7476,2.7511,11
2026-04-16 14:39:00,2.7466,2.7466,2.7416,2.7416,2.7516,2.7516,2.7466,2.7466,19
2026-04-16 14:40:00,2.7426,2.7436,2.7416,2.7436,2.7476,2.7486,2.7466,2.7486,17
2026-04-16 14:41:00,2.7431,2.7451,2.7416,2.7441,2.7481,2.7501,2.7466,2.7491,24
2026-04-16 14:42:00,2.7446,2.7446,2.7436,2.7436,2.7496,2.7496,2.7486,2.7486,9
2026-04-16 14:43:00,2.7431,2.7431,2.7366,2.7371,2.7481,2.7481,2.7416,2.7421,31
2026-04-16 14:44:00,2.7376,2.7381,2.7356,2.7381,2.7426,2.7431,2.7406,2.7431,11
2026-04-16 14:45:00,2.7386,2.7386,2.7376,2.7386,2.7436,2.7436,2.7426,2.7436,14
2026-04-16 14:46:00,2.7396,2.7396,2.7376,2.7376,2.7446,2.7446,2.7426,2.7426,8
2026-04-16 14:47:00,2.7381,2.7381,2.7356,2.7361,2.7431,2.7431,2.7406,2.7411,10
2026-04-16 14:48:00,2.7366,2.7366,2.7346,2.7346,2.7416,2.7416,2.7396,2.7396,6
2026-04-16 14:49:00,2.7351,2.7356,2.7336,2.7351,2.7401,2.7406,2.7386,2.7401,18
2026-04-16 14:50:00,2.7356,2.7366,2.7351,2.7356,2.7406,2.7416,2.7401,2.7406,5
2026-04-16 14:51:00,2.7361,2.7361,2.7341,2.7346,2.7411,2.7411,2.7391,2.7396,9
2026-04-16 14:52:00,2.7341,2.7366,2.7316,2.7366,2.7391,2.7416,2.7366,2.7416,21
2026-04-16 14:53:00,2.7371,2.7406,2.7371,2.7406,2.7421,2.7456,2.7421,2.7456,22
2026-04-16 14:54:00,2.7396,2.7416,2.7396,2.7416,2.7446,2.7466,2.7446,2.7466,15
2026-04-16 14:55:00,2.7411,2.7411,2.7386,2.7386,2.7461,2.7461,2.7436,2.7436,8
2026-04-16 14:56:00,2.7381,2.7396,2.7376,2.7376,2.7431,2.7446,2.7426,2.7426,11
2026-04-16 14:57:00,2.7381,2.7416,2.7376,2.7396,2.7431,2.7466,2.7426,2.7446,21
2026-04-16 14:58:00,2.7401,2.7466,2.7391,2.7436,2.7451,2.7516,2.7441,2.7486,25
2026-04-16 14:59:00,2.7431,2.7436,2.7396,2.7396,2.7481,2.7486,2.7446,2.7446,24
2026-04-16 15:00:00,2.7401,2.7401,2.7336,2.7366,2.7451,2.7451,2.7386,2.7416,50
2026-04-16 15:01:00,2.7371,2.7426,2.7346,2.7376,2.7421,2.7476,2.7396,2.7426,46
2026-04-16 15:02:00,2.7371,2.7371,2.7316,2.7316,2.7421,2.7421,2.7366,2.7366,33
2026-04-16 15:03:00,2.7321,2.7346,2.7321,2.7336,2.7371,2.7396,2.7371,2.7386,25
2026-04-16 15:04:00,2.7331,2.7426,2.7331,2.7411,2.7381,2.7476,2.7381,2.7461,39
2026-04-16 15:05:00,2.7406,2.7446,2.7386,2.7386,2.7456,2.7496,2.7436,2.7436,32
2026-04-16 15:06:00,2.7391,2.7456,2.7386,2.7456,2.7441,2.7506,2.7436,2.7506,24
2026-04-16 15:07:00,2.7466,2.7526,2.7466,2.7496,2.7516,2.7576,2.7516,2.7546,52
2026-04-16 15:08:00,2.7501,2.7516,2.7486,2.7486,2.7551,2.7566,2.7536,2.7536,18
2026-04-16 15:09:00,2.7491,2.7496,2.7466,2.7476,2.7541,2.7546,2.7516,2.7526,18
2026-04-16 15:10:00,2.7481,2.7506,2.7456,2.7456,2.7531,2.7556,2.7506,2.7506,27
2026-04-16 15:11:00,2.7451,2.7451,2.7426,2.7431,2.7501,2.7501,2.7476,2.7481,18
2026-04-16 15:12:00,2.7436,2.7456,2.7426,2.7436,2.7486,2.7506,2.7476,2.7486,23
2026-04-16 15:13:00,2.7431,2.7431,2.7421,2.7426,2.7481,2.7481,2.7471,2.7476,10
2026-04-16 15:14:00,2.7431,2.7456,2.7426,2.7441,2.7481,2.7506,2.7476,2.7491,18
2026-04-16 15:15:00,2.7446,2.7451,2.7411,2.7421,2.7496,2.7501,2.7461,2.7471,28
2026-04-16 15:16:00,2.7426,2.7466,2.7426,2.7446,2.7476,2.7516,2.7476,2.7496,15
2026-04-16 15:17:00,2.7456,2.7471,2.7451,2.7466,2.7506,2.7521,2.7501,2.7516,7
2026-04-16 15:18:00,2.7476,2.7476,2.7426,2.7426,2.7526,2.7526,2.7476,2.7476,14
2026-04-16 15:19:00,2.7436,2.7466,2.7426,2.7456,2.7486,2.7516,2.7476,2.7506,19
2026-04-16 15:20:00,2.7461,2.7546,2.7456,2.7506,2.7511,2.7596,2.7506,2.7556,35
2026-04-16 15:21:00,2.7496,2.7516,2.7486,2.7486,2.7546,2.7566,2.7536,2.7536,26
2026-04-16 15:22:00,2.7491,2.7516,2.7486,2.7501,2.7541,2.7566,2.7536,2.7551,11
2026-04-16 15:23:00,2.7516,2.7516,2.7476,2.7476,2.7566,2.7566,2.7526,2.7526,13
2026-04-16 15:24:00,2.7481,2.7481,2.7476,2.7476,2.7531,2.7531,2.7526,2.7526,2
2026-04-16 15:25:00,2.7466,2.7516,2.7466,2.7496,2.7516,2.7566,2.7516,2.7546,23
2026-04-16 15:26:00,2.7501,2.7546,2.7496,2.7526,2.7551,2.7596,2.7546,2.7576,23
2026-04-16 15:27:00,2.7516,2.7536,2.7486,2.7501,2.7566,2.7586,2.7536,2.7551,19
2026-04-16 15:28:00,2.7491,2.7501,2.7486,2.7486,2.7541,2.7551,2.7536,2.7536,12
2026-04-16 15:29:00,2.7496,2.7496,2.7446,2.7456,2.7546,2.7546,2.7496,2.7506,34
2026-04-16 15:30:00,2.7461,2.7476,2.7446,2.7451,2.7511,2.7526,2.7496,2.7501,38
2026-04-16 15:31:00,2.7446,2.7446,2.7406,2.7426,2.7496,2.7496,2.7456,2.7476,60
2026-04-16 15:32:00,2.7416,2.7436,2.7416,2.7436,2.7466,2.7486,2.7466,2.7486,12
2026-04-16 15:33:00,2.7446,2.7486,2.7446,2.7486,2.7496,2.7536,2.7496,2.7536,38
2026-04-16 15:34:00,2.7491,2.7516,2.7486,2.7496,2.7541,2.7566,2.7536,2.7546,42
2026-04-16 15:35:00,2.7501,2.7511,2.7496,2.7496,2.7551,2.7561,2.7546,2.7546,5
2026-04-16 15:36:00,2.7501,2.7511,2.7481,2.7496,2.7551,2.7561,2.7531,2.7546,19
2026-04-16 15:37:00,2.7501,2.7596,2.7501,2.7571,2.7551,2.7646,2.7551,2.7621,39
2026-04-16 15:38:00,2.7566,2.7596,2.7546,2.7566,2.7616,2.7646,2.7596,2.7616,33
2026-04-16 15:39:00,2.7556,2.7566,2.7541,2.7546,2.7606,2.7616,2.7591,2.7596,28
2026-04-16 15:40:00,2.7536,2.7576,2.7536,2.7571,2.7586,2.7626,2.7586,2.7621,13
2026-04-16 15:41:00,2.7576,2.7656,2.7566,2.7626,2.7626,2.7706,2.7616,2.7676,58
2026-04-16 15:42:00,2.7636,2.7636,2.7616,2.7626,2.7686,2.7686,2.7666,2.7676,18
2026-04-16 15:43:00,2.7631,2.7646,2.7626,2.7636,2.7681,2.7696,2.7676,2.7686,16
2026-04-16 15:44:00,2.7631,2.7656,2.7626,2.7626,2.7681,2.7706,2.7676,2.7676,15
2026-04-16 15:45:00,2.7636,2.7656,2.7616,2.7641,2.7686,2.7706,2.7666,2.7691,23
2026-04-16 15:46:00,2.7651,2.7686,2.7636,2.7681,2.7701,2.7736,2.7686,2.7731,30
2026-04-16 15:47:00,2.7676,2.7696,2.7656,2.7666,2.7726,2.7746,2.7706,2.7716,47
2026-04-16 15:48:00,2.7676,2.7726,2.7666,2.7701,2.7726,2.7776,2.7716,2.7751,16
2026-04-16 15:49:00,2.7676,2.7706,2.7626,2.7626,2.7726,2.7756,2.7676,2.7676,38
2026-04-16 15:50:00,2.7636,2.7671,2.7626,2.7666,2.7686,2.7721,2.7676,2.7716,24
2026-04-16 15:51:00,2.7656,2.7666,2.7626,2.7626,2.7706,2.7716,2.7676,2.7676,51
2026-04-16 15:52:00,2.7616,2.7651,2.7596,2.7646,2.7666,2.7701,2.7646,2.7696,18
2026-04-16 15:53:00,2.7651,2.7651,2.7626,2.7646,2.7701,2.7701,2.7676,2.7696,16
2026-04-16 15:54:00,2.7651,2.7686,2.7651,2.7666,2.7701,2.7736,2.7701,2.7716,27
2026-04-16 15:55:00,2.7676,2.7696,2.7666,2.7691,2.7726,2.7746,2.7716,2.7741,21
2026-04-16 15:56:00,2.7696,2.7696,2.7646,2.7666,2.7746,2.7746,2.7696,2.7716,20
2026-04-16 15:57:00,2.7661,2.7696,2.7651,2.7691,2.7711,2.7746,2.7701,2.7741,25
2026-04-16 15:58:00,2.7696,2.7726,2.7691,2.7716,2.7746,2.7776,2.7741,2.7766,21
2026-04-16 15:59:00,2.7726,2.7726,2.7686,2.7696,2.7776,2.7776,2.7736,2.7746,22
2026-04-16 16:00:00,2.7706,2.7726,2.7696,2.7706,2.7756,2.7776,2.7746,2.7756,36
2026-04-16 16:01:00,2.7711,2.7726,2.7706,2.7716,2.7761,2.7776,2.7756,2.7766,15
2026-04-16 16:02:00,2.7706,2.7706,2.7616,2.7631,2.7756,2.7756,2.7666,2.7681,25
2026-04-16 16:03:00,2.7626,2.7676,2.7626,2.7676,2.7676,2.7726,2.7676,2.7726,24
2026-04-16 16:04:00,2.7681,2.7721,2.7681,2.7706,2.7731,2.7771,2.7731,2.7756,24
2026-04-16 16:05:00,2.7696,2.7706,2.7686,2.7691,2.7746,2.7756,2.7736,2.7741,16
2026-04-16 16:06:00,2.7696,2.7706,2.7671,2.7671,2.7746,2.7756,2.7721,2.7721,13
2026-04-16 16:07:00,2.7666,2.7666,2.7631,2.7631,2.7716,2.7716,2.7681,2.7681,9
2026-04-16 16:08:00,2.7636,2.7636,2.7606,2.7611,2.7686,2.7686,2.7656,2.7661,17
2026-04-16 16:09:00,2.7621,2.7636,2.7606,2.7626,2.7671,2.7686,2.7656,2.7676,37
2026-04-16 16:10:00,2.7631,2.7631,2.7576,2.7581,2.7681,2.7681,2.7626,2.7631,11
2026-04-16 16:11:00,2.7586,2.7646,2.7576,2.7626,2.7636,2.7696,2.7626,2.7676,29
2026-04-16 16:12:00,2.7621,2.7661,2.7621,2.7641,2.7671,2.7711,2.7671,2.7691,38
2026-04-16 16:13:00,2.7636,2.7666,2.7631,2.7666,2.7686,2.7716,2.7681,2.7716,10
2026-04-16 16:14:00,2.7676,2.7676,2.7656,2.7656,2.7726,2.7726,2.7706,2.7706,6
2026-04-16 16:15:00,2.7666,2.7676,2.7656,2.7666,2.7716,2.7726,2.7706,2.7716,10
2026-04-16 16:16:00,2.7676,2.7676,2.7666,2.7676,2.7726,2.7726,2.7716,2.7726,8
2026-04-16 16:17:00,2.7681,2.7726,2.7681,2.7706,2.7731,2.7776,2.7731,2.7756,20
2026-04-16 16:18:00,2.7711,2.7716,2.7676,2.7676,2.7761,2.7766,2.7726,2.7726,7
2026-04-16 16:19:00,2.7666,2.7676,2.7666,2.7676,2.7716,2.7726,2.7716,2.7726,7
2026-04-16 16:20:00,2.7686,2.7696,2.7676,2.7686,2.7736,2.7746,2.7726,2.7736,10
2026-04-16 16:21:00,2.7676,2.7696,2.7676,2.7691,2.7726,2.7746,2.7726,2.7741,15
2026-04-16 16:22:00,2.7676,2.7706,2.7666,2.7691,2.7726,2.7756,2.7716,2.7741,26
2026-04-16 16:23:00,2.7696,2.7726,2.7696,2.7706,2.7746,2.7776,2.7746,2.7756,21
2026-04-16 16:24:00,2.7711,2.7726,2.7696,2.7696,2.7761,2.7776,2.7746,2.7746,19
2026-04-16 16:25:00,2.7701,2.7706,2.7686,2.7701,2.7751,2.7756,2.7736,2.7751,14
2026-04-16 16:26:00,2.7706,2.7706,2.7676,2.7691,2.7756,2.7756,2.7726,2.7741,26
2026-04-16 16:27:00,2.7686,2.7686,2.7661,2.7661,2.7736,2.7736,2.7711,2.7711,15
2026-04-16 16:28:00,2.7656,2.7656,2.7636,2.7656,2.7706,2.7706,2.7686,2.7706,25
2026-04-16 16:29:00,2.7661,2.7696,2.7651,2.7686,2.7711,2.7746,2.7701,2.7736,28
2026-04-16 16:30:00,2.7696,2.7796,2.7606,2.7706,2.7746,2.7846,2.7656,2.7756,147
2026-04-16 16:31:00,2.7701,2.7746,2.7681,2.7681,2.7751,2.7796,2.7731,2.7731,48
2026-04-16 16:32:00,2.7696,2.7726,2.7656,2.7666,2.7746,2.7776,2.7706,2.7716,46
2026-04-16 16:33:00,2.7661,2.7661,2.7566,2.7611,2.7711,2.7711,2.7616,2.7661,34
2026-04-16 16:34:00,2.7601,2.7631,2.7586,2.7631,2.7651,2.7681,2.7636,2.7681,12
2026-04-16 16:35:00,2.7646,2.7666,2.7636,2.7646,2.7696,2.7716,2.7686,2.7696,17
2026-04-16 16:36:00,2.7651,2.7676,2.7631,2.7666,2.7701,2.7726,2.7681,2.7716,23
2026-04-16 16:37:00,2.7671,2.7756,2.7651,2.7746,2.7721,2.7806,2.7701,2.7796,41
2026-04-16 16:38:00,2.7756,2.7776,2.7731,2.7731,2.7806,2.7826,2.7781,2.7781,29
2026-04-16 16:39:00,2.7716,2.7736,2.7706,2.7711,2.7766,2.7786,2.7756,2.7761,33
2026-04-16 16:40:00,2.7716,2.7746,2.7701,2.7701,2.7766,2.7796,2.7751,2.7751,16
2026-04-16 16:41:00,2.7696,2.7696,2.7666,2.7676,2.7746,2.7746,2.7716,2.7726,12
2026-04-16 16:42:00,2.7681,2.7696,2.7666,2.7676,2.7731,2.7746,2.7716,2.7726,15
2026-04-16 16:43:00,2.7681,2.7686,2.7661,2.7666,2.7731,2.7736,2.7711,2.7716,7
2026-04-16 16:44:00,2.7661,2.7696,2.7661,2.7686,2.7711,2.7746,2.7711,2.7736,18
2026-04-16 16:45:00,2.7676,2.7706,2.7676,2.7696,2.7726,2.7756,2.7726,2.7746,15
2026-04-16 16:46:00,2.7701,2.7756,2.7701,2.7746,2.7751,2.7806,2.7751,2.7796,16
2026-04-16 16:47:00,2.7736,2.7776,2.7736,2.7766,2.7786,2.7826,2.7786,2.7816,29
2026-04-16 16:48:00,2.7776,2.7856,2.7756,2.7831,2.7826,2.7906,2.7806,2.7881,45
2026-04-16 16:49:00,2.7826,2.7856,2.7806,2.7821,2.7876,2.7906,2.7856,2.7871,28
2026-04-16 16:50:00,2.7826,2.7871,2.7821,2.7866,2.7876,2.7921,2.7871,2.7916,28
2026-04-16 16:51:00,2.7871,2.7886,2.7826,2.7841,2.7921,2.7936,2.7876,2.7891,29
2026-04-16 16:52:00,2.7836,2.7841,2.7801,2.7816,2.7886,2.7891,2.7851,2.7866,32
2026-04-16 16:53:00,2.7821,2.7841,2.7806,2.7806,2.7871,2.7891,2.7856,2.7856,17
2026-04-16 16:54:00,2.7811,2.7821,2.7806,2.7816,2.7861,2.7871,2.7856,2.7866,12
2026-04-16 16:55:00,2.7811,2.7836,2.7796,2.7836,2.7861,2.7886,2.7846,2.7886,33
2026-04-16 16:56:00,2.7841,2.7846,2.7816,2.7826,2.7891,2.7896,2.7866,2.7876,25
2026-04-16 16:57:00,2.7831,2.7876,2.7816,2.7826,2.7881,2.7926,2.7866,2.7876,27
2026-04-16 16:58:00,2.7821,2.7836,2.7816,2.7826,2.7871,2.7886,2.7866,2.7876,9
2026-04-16 16:59:00,2.7836,2.7846,2.7821,2.7826,2.7886,2.7896,2.7871,2.7876,11
2026-04-16 17:00:00,2.7821,2.7821,2.7746,2.7776,2.7871,2.7871,2.7796,2.7826,24
2026-04-16 17:01:00,2.7766,2.7816,2.7766,2.7816,2.7816,2.7866,2.7816,2.7866,15
2026-04-16 17:02:00,2.7811,2.7836,2.7806,2.7811,2.7861,2.7886,2.7856,2.7861,13
2026-04-16 17:03:00,2.7806,2.7806,2.7786,2.7806,2.7856,2.7856,2.7836,2.7856,14
2026-04-16 17:04:00,2.7801,2.7806,2.7776,2.7806,2.7851,2.7856,2.7826,2.7856,25
2026-04-16 17:05:00,2.7801,2.7821,2.7796,2.7796,2.7851,2.7871,2.7846,2.7846,16
2026-04-16 17:06:00,2.7786,2.7786,2.7746,2.7786,2.7836,2.7836,2.7796,2.7836,22
2026-04-16 17:07:00,2.7791,2.7816,2.7786,2.7806,2.7841,2.7866,2.7836,2.7856,18
2026-04-16 17:08:00,2.7796,2.7796,2.7766,2.7766,2.7846,2.7846,2.7816,2.7816,9
2026-04-16 17:09:00,2.7756,2.7776,2.7756,2.7776,2.7806,2.7826,2.7806,2.7826,6
2026-04-16 17:10:00,2.7766,2.7776,2.7756,2.7776,2.7816,2.7826,2.7806,2.7826,19
2026-04-16 17:11:00,2.7766,2.7766,2.7756,2.7766,2.7816,2.7816,2.7806,2.7816,11
2026-04-16 17:12:00,2.7771,2.7776,2.7756,2.7756,2.7821,2.7826,2.7806,2.7806,4
2026-04-16 17:13:00,2.7766,2.7766,2.7736,2.7746,2.7816,2.7816,2.7786,2.7796,13
2026-04-16 17:14:00,2.7756,2.7756,2.7746,2.7746,2.7806,2.7806,2.7796,2.7796,9
2026-04-16 17:15:00,2.7751,2.7756,2.7731,2.7746,2.7801,2.7806,2.7781,2.7796,12
2026-04-16 17:16:00,2.7736,2.7746,2.7726,2.7726,2.7786,2.7796,2.7776,2.7776,17
2026-04-16 17:17:00,2.7731,2.7766,2.7731,2.7761,2.7781,2.7816,2.7781,2.7811,10
2026-04-16 17:18:00,2.7756,2.7766,2.7756,2.7766,2.7806,2.7816,2.7806,2.7816,8
2026-04-16 17:19:00,2.7761,2.7786,2.7756,2.7776,2.7811,2.7836,2.7806,2.7826,14
2026-04-16 17:20:00,2.7781,2.7786,2.7766,2.7766,2.7831,2.7836,2.7816,2.7816,8
2026-04-16 17:21:00,2.7776,2.7776,2.7756,2.7761,2.7826,2.7826,2.7806,2.7811,9
2026-04-16 17:22:00,2.7756,2.7771,2.7756,2.7766,2.7806,2.7821,2.7806,2.7816,6
2026-04-16 17:23:00,2.7771,2.7786,2.7756,2.7776,2.7821,2.7836,2.7806,2.7826,17
2026-04-16 17:24:00,2.7781,2.7786,2.7776,2.7776,2.7831,2.7836,2.7826,2.7826,4
2026-04-16 17:25:00,2.7781,2.7786,2.7736,2.7746,2.7831,2.7836,2.7786,2.7796,14
2026-04-16 17:26:00,2.7756,2.7786,2.7756,2.7776,2.7806,2.7836,2.7806,2.7826,23
2026-04-16 17:27:00,2.7786,2.7786,2.7766,2.7766,2.7836,2.7836,2.7816,2.7816,13
2026-04-16 17:28:00,2.7761,2.7761,2.7741,2.7741,2.7811,2.7811,2.7791,2.7791,12
2026-04-16 17:29:00,2.7746,2.7756,2.7746,2.7756,2.7796,2.7806,2.7796,2.7806,10
2026-04-16 17:30:00,2.7751,2.7766,2.7746,2.7746,2.7801,2.7816,2.7796,2.7796,12
2026-04-16 17:31:00,2.7751,2.7786,2.7751,2.7776,2.7801,2.7836,2.7801,2.7826,6
2026-04-16 17:32:00,2.7781,2.7791,2.7781,2.7786,2.7831,2.7841,2.7831,2.7836,4
2026-04-16 17:33:00,2.7796,2.7796,2.7786,2.7796,2.7846,2.7846,2.7836,2.7846,9
2026-04-16 17:34:00,2.7786,2.7786,2.7751,2.7756,2.7836,2.7836,2.7801,2.7806,16
2026-04-16 17:35:00,2.7761,2.7766,2.7751,2.7766,2.7811,2.7816,2.7801,2.7816,21
2026-04-16 17:36:00,2.7771,2.7776,2.7686,2.7726,2.7821,2.7826,2.7736,2.7776,36
2026-04-16 17:37:00,2.7731,2.7736,2.7671,2.7696,2.7781,2.7786,2.7721,2.7746,60
2026-04-16 17:38:00,2.7701,2.7726,2.7666,2.7686,2.7751,2.7776,2.7716,2.7736,62
2026-04-16 17:39:00,2.7691,2.7706,2.7686,2.7696,2.7741,2.7756,2.7736,2.7746,29
2026-04-16 17:40:00,2.7691,2.7726,2.7686,2.7706,2.7741,2.7776,2.7736,2.7756,19
2026-04-16 17:41:00,2.7696,2.7771,2.7696,2.7721,2.7746,2.7821,2.7746,2.7771,42
2026-04-16 17:42:00,2.7716,2.7736,2.7681,2.7726,2.7766,2.7786,2.7731,2.7776,38
2026-04-16 17:43:00,2.7721,2.7726,2.7716,2.7726,2.7771,2.7776,2.7766,2.7776,6
2026-04-16 17:44:00,2.7731,2.7756,2.7731,2.7751,2.7781,2.7806,2.7781,2.7801,35
2026-04-16 17:45:00,2.7746,2.7746,2.7731,2.7731,2.7796,2.7796,2.7781,2.7781,15
2026-04-16 17:46:00,2.7726,2.7736,2.7726,2.7736,2.7776,2.7786,2.7776,2.7786,5
2026-04-16 17:47:00,2.7726,2.7726,2.7716,2.7716,2.7776,2.7776,2.7766,2.7766,5
2026-04-16 17:48:00,2.7726,2.7726,2.7706,2.7716,2.7776,2.7776,2.7756,2.7766,12
2026-04-16 17:49:00,2.7726,2.7726,2.7716,2.7726,2.7776,2.7776,2.7766,2.7776,4
2026-04-16 17:50:00,2.7716,2.7716,2.7696,2.7706,2.7766,2.7766,2.7746,2.7756,8
2026-04-16 17:51:00,2.7701,2.7701,2.7671,2.7676,2.7751,2.7751,2.7721,2.7726,12
2026-04-16 17:52:00,2.7671,2.7686,2.7666,2.7676,2.7721,2.7736,2.7716,2.7726,25
2026-04-16 17:53:00,2.7666,2.7691,2.7666,2.7686,2.7716,2.7741,2.7716,2.7736,9
2026-04-16 17:54:00,2.7696,2.7696,2.7686,2.7686,2.7746,2.7746,2.7736,2.7736,5
2026-04-16 17:55:00,2.7691,2.7691,2.7676,2.7676,2.7741,2.7741,2.7726,2.7726,7
2026-04-16 17:56:00,2.7681,2.7681,2.7676,2.7676,2.7731,2.7731,2.7726,2.7726,2
2026-04-16 17:57:00,2.7681,2.7706,2.7681,2.7706,2.7731,2.7756,2.7731,2.7756,9
2026-04-16 17:58:00,2.7696,2.7701,2.7691,2.7696,2.7746,2.7751,2.7741,2.7746,7
2026-04-16 17:59:00,2.7691,2.7696,2.7686,2.7686,2.7741,2.7746,2.7736,2.7736,13
2026-04-16 18:00:00,2.7696,2.7696,2.7686,2.7686,2.7746,2.7746,2.7736,2.7736,2
2026-04-16 18:01:00,2.7696,2.7696,2.7666,2.7676,2.7746,2.7746,2.7716,2.7726,9
2026-04-16 18:02:00,2.7666,2.7676,2.7666,2.7666,2.7716,2.7726,2.7716,2.7716,10
2026-04-16 18:03:00,2.7656,2.7666,2.7606,2.7621,2.7706,2.7716,2.7656,2.7671,34
2026-04-16 18:04:00,2.7606,2.7626,2.7606,2.7626,2.7656,2.7676,2.7656,2.7676,19
2026-04-16 18:05:00,2.7616,2.7621,2.7606,2.7606,2.7666,2.7671,2.7656,2.7656,10
2026-04-16 18:06:00,2.7601,2.7601,2.7556,2.7556,2.7651,2.7651,2.7606,2.7606,32
2026-04-16 18:07:00,2.7566,2.7586,2.7556,2.7581,2.7616,2.7636,2.7606,2.7631,14
2026-04-16 18:08:00,2.7576,2.7606,2.7576,2.7606,2.7626,2.7656,2.7626,2.7656,11
2026-04-16 18:09:00,2.7601,2.7601,2.7576,2.7586,2.7651,2.7651,2.7626,2.7636,25
2026-04-16 18:10:00,2.7581,2.7581,2.7566,2.7576,2.7631,2.7631,2.7616,2.7626,9
2026-04-16 18:11:00,2.7586,2.7586,2.7576,2.7586,2.7636,2.7636,2.7626,2.7636,10
2026-04-16 18:12:00,2.7581,2.7586,2.7576,2.7586,2.7631,2.7636,2.7626,2.7636,14
2026-04-16 18:13:00,2.7581,2.7586,2.7576,2.7576,2.7631,2.7636,2.7626,2.7626,6
2026-04-16 18:14:00,2.7566,2.7576,2.7566,2.7571,2.7616,2.7626,2.7616,2.7621,7
2026-04-16 18:15:00,2.7561,2.7561,2.7526,2.7541,2.7611,2.7611,2.7576,2.7591,32
2026-04-16 18:16:00,2.7536,2.7556,2.7536,2.7551,2.7586,2.7606,2.7586,2.7601,4
2026-04-16 18:17:00,2.7546,2.7586,2.7546,2.7586,2.7596,2.7636,2.7596,2.7636,15
2026-04-16 18:18:00,2.7576,2.7586,2.7566,2.7576,2.7626,2.7636,2.7616,2.7626,9
2026-04-16 18:19:00,2.7566,2.7576,2.7566,2.7576,2.7616,2.7626,2.7616,2.7626,24
2026-04-16 18:20:00,2.7586,2.7586,2.7566,2.7576,2.7636,2.7636,2.7616,2.7626,12
2026-04-16 18:21:00,2.7581,2.7586,2.7571,2.7586,2.7631,2.7636,2.7621,2.7636,5
2026-04-16 18:22:00,2.7591,2.7601,2.7586,2.7596,2.7641,2.7651,2.7636,2.7646,5
2026-04-16 18:23:00,2.7591,2.7596,2.7591,2.7596,2.7641,2.7646,2.7641,2.7646,8
2026-04-16 18:24:00,2.7586,2.7596,2.7576,2.7586,2.7636,2.7646,2.7626,2.7636,13
2026-04-16 18:26:00,2.7596,2.7626,2.7586,2.7626,2.7646,2.7676,2.7636,2.7676,14
2026-04-16 18:27:00,2.7616,2.7631,2.7616,2.7631,2.7666,2.7681,2.7666,2.7681,16
2026-04-16 18:28:00,2.7626,2.7636,2.7596,2.7596,2.7676,2.7686,2.7646,2.7646,26
2026-04-16 18:29:00,2.7591,2.7596,2.7566,2.7586,2.7641,2.7646,2.7616,2.7636,38
2026-04-16 18:30:00,2.7596,2.7621,2.7591,2.7616,2.7646,2.7671,2.7641,2.7666,9
2026-04-16 18:31:00,2.7606,2.7616,2.7606,2.7616,2.7656,2.7666,2.7656,2.7666,3
2026-04-16 18:32:00,2.7626,2.7626,2.7606,2.7606,2.7676,2.7676,2.7656,2.7656,9
2026-04-16 18:33:00,2.7611,2.7686,2.7611,2.7681,2.7661,2.7736,2.7661,2.7731,43
2026-04-16 18:34:00,2.7686,2.7686,2.7656,2.7666,2.7736,2.7736,2.7706,2.7716,28
2026-04-16 18:35:00,2.7656,2.7656,2.7626,2.7626,2.7706,2.7706,2.7676,2.7676,17
2026-04-16 18:36:00,2.7631,2.7646,2.7626,2.7646,2.7681,2.7696,2.7676,2.7696,11
2026-04-16 18:37:00,2.7651,2.7666,2.7646,2.7661,2.7701,2.7716,2.7696,2.7711,9
2026-04-16 18:38:00,2.7656,2.7666,2.7646,2.7656,2.7706,2.7716,2.7696,2.7706,10
2026-04-16 18:39:00,2.7651,2.7666,2.7651,2.7666,2.7701,2.7716,2.7701,2.7716,9
2026-04-16 18:40:00,2.7661,2.7666,2.7656,2.7666,2.7711,2.7716,2.7706,2.7716,6
2026-04-16 18:41:00,2.7676,2.7676,2.7676,2.7676,2.7726,2.7726,2.7726,2.7726,1
2026-04-16 18:42:00,2.7686,2.7706,2.7681,2.7696,2.7736,2.7756,2.7731,2.7746,16
2026-04-16 18:43:00,2.7701,2.7716,2.7696,2.7716,2.7751,2.7766,2.7746,2.7766,5
2026-04-16 18:44:00,2.7706,2.7716,2.7696,2.7696,2.7756,2.7766,2.7746,2.7746,7
2026-04-16 18:45:00,2.7706,2.7706,2.7686,2.7686,2.7756,2.7756,2.7736,2.7736,14
2026-04-16 18:46:00,2.7681,2.7686,2.7676,2.7676,2.7731,2.7736,2.7726,2.7726,11
2026-04-16 18:47:00,2.7681,2.7686,2.7676,2.7676,2.7731,2.7736,2.7726,2.7726,10
2026-04-16 18:48:00,2.7666,2.7676,2.7656,2.7666,2.7716,2.7726,2.7706,2.7716,9
2026-04-16 18:49:00,2.7671,2.7686,2.7666,2.7666,2.7721,2.7736,2.7716,2.7716,5
2026-04-16 18:50:00,2.7656,2.7661,2.7636,2.7646,2.7706,2.7711,2.7686,2.7696,12
2026-04-16 18:51:00,2.7651,2.7656,2.7626,2.7631,2.7701,2.7706,2.7676,2.7681,9
2026-04-16 18:52:00,2.7626,2.7656,2.7626,2.7656,2.7676,2.7706,2.7676,2.7706,9
2026-04-16 18:53:00,2.7646,2.7646,2.7646,2.7646,2.7696,2.7696,2.7696,2.7696,1
2026-04-16 18:54:00,2.7631,2.7646,2.7631,2.7646,2.7681,2.7696,2.7681,2.7696,4
2026-04-16 18:55:00,2.7651,2.7661,2.7646,2.7661,2.7701,2.7711,2.7696,2.7711,4
2026-04-16 18:56:00,2.7656,2.7656,2.7656,2.7656,2.7706,2.7706,2.7706,2.7706,1
2026-04-16 18:57:00,2.7661,2.7661,2.7656,2.7656,2.7711,2.7711,2.7706,2.7706,2
2026-04-16 18:58:00,2.7661,2.7671,2.7661,2.7666,2.7711,2.7721,2.7711,2.7716,4
2026-04-16 18:59:00,2.7661,2.7661,2.7656,2.7656,2.7711,2.7711,2.7706,2.7706,2
2026-04-16 19:00:00,2.7651,2.7656,2.7646,2.7651,2.7701,2.7706,2.7696,2.7701,7
2026-04-16 19:01:00,2.7646,2.7656,2.7636,2.7636,2.7696,2.7706,2.7686,2.7686,5
2026-04-16 19:02:00,2.7626,2.7636,2.7616,2.7636,2.7676,2.7686,2.7666,2.7686,11
2026-04-16 19:03:00,2.7626,2.7636,2.7616,2.7636,2.7676,2.7686,2.7666,2.7686,11
2026-04-16 19:04:00,2.7646,2.7656,2.7646,2.7656,2.7696,2.7706,2.7696,2.7706,9
2026-04-16 19:05:00,2.7666,2.7666,2.7656,2.7666,2.7716,2.7716,2.7706,2.7716,3
2026-04-16 19:06:00,2.7661,2.7661,2.7636,2.7636,2.7711,2.7711,2.7686,2.7686,7
2026-04-16 19:08:00,2.7646,2.7646,2.7636,2.7636,2.7696,2.7696,2.7686,2.7686,2
2026-04-16 19:09:00,2.7641,2.7641,2.7626,2.7636,2.7691,2.7691,2.7676,2.7686,5
2026-04-16 19:10:00,2.7646,2.7646,2.7646,2.7646,2.7696,2.7696,2.7696,2.7696,1
2026-04-16 19:11:00,2.7636,2.7636,2.7626,2.7631,2.7686,2.7686,2.7676,2.7681,13
2026-04-16 19:12:00,2.7626,2.7641,2.7626,2.7636,2.7676,2.7691,2.7676,2.7686,6
2026-04-16 19:13:00,2.7626,2.7636,2.7626,2.7631,2.7676,2.7686,2.7676,2.7681,11
2026-04-16 19:14:00,2.7636,2.7646,2.7631,2.7636,2.7686,2.7696,2.7681,2.7686,6
2026-04-16 19:15:00,2.7631,2.7636,2.7626,2.7626,2.7681,2.7686,2.7676,2.7676,10
2026-04-16 19:16:00,2.7621,2.7626,2.7621,2.7626,2.7671,2.7676,2.7671,2.7676,2
2026-04-16 19:17:00,2.7636,2.7636,2.7626,2.7626,2.7686,2.7686,2.7676,2.7676,7
2026-04-16 19:18:00,2.7621,2.7636,2.7621,2.7636,2.7671,2.7686,2.7671,2.7686,8
2026-04-16 19:19:00,2.7641,2.7641,2.7636,2.7636,2.7691,2.7691,2.7686,2.7686,4
2026-04-16 19:20:00,2.7631,2.7631,2.7596,2.7596,2.7681,2.7681,2.7646,2.7646,5
2026-04-16 19:21:00,2.7601,2.7606,2.7596,2.7606,2.7651,2.7656,2.7646,2.7656,4
2026-04-16 19:22:00,2.7601,2.7606,2.7601,2.7606,2.7651,2.7656,2.7651,2.7656,4
2026-04-16 19:23:00,2.7596,2.7606,2.7586,2.7586,2.7646,2.7656,2.7636,2.7636,14
2026-04-16 19:24:00,2.7581,2.7586,2.7576,2.7586,2.7631,2.7636,2.7626,2.7636,4
2026-04-16 19:25:00,2.7581,2.7581,2.7556,2.7556,2.7631,2.7631,2.7606,2.7606,12
2026-04-16 19:26:00,2.7561,2.7596,2.7561,2.7591,2.7611,2.7646,2.7611,2.7641,8
2026-04-16 19:27:00,2.7596,2.7596,2.7586,2.7586,2.7646,2.7646,2.7636,2.7636,4
2026-04-16 19:28:00,2.7591,2.7591,2.7576,2.7586,2.7641,2.7641,2.7626,2.7636,5
2026-04-16 19:29:00,2.7596,2.7606,2.7596,2.7601,2.7646,2.7656,2.7646,2.7651,4
2026-04-16 19:30:00,2.7596,2.7646,2.7596,2.7626,2.7646,2.7696,2.7646,2.7676,29
2026-04-16 19:31:00,2.7616,2.7626,2.7616,2.7616,2.7666,2.7676,2.7666,2.7666,3
2026-04-16 19:32:00,2.7621,2.7626,2.7621,2.7621,2.7671,2.7676,2.7671,2.7671,5
2026-04-16 19:33:00,2.7616,2.7626,2.7606,2.7606,2.7666,2.7676,2.7656,2.7656,9
2026-04-16 19:34:00,2.7611,2.7636,2.7611,2.7616,2.7661,2.7686,2.7661,2.7666,13
2026-04-16 19:35:00,2.7626,2.7626,2.7591,2.7601,2.7676,2.7676,2.7641,2.7651,16
2026-04-16 19:36:00,2.7606,2.7606,2.7586,2.7596,2.7656,2.7656,2.7636,2.7646,7
2026-04-16 19:37:00,2.7591,2.7591,2.7566,2.7576,2.7641,2.7641,2.7616,2.7626,12
2026-04-16 19:38:00,2.7586,2.7586,2.7566,2.7566,2.7636,2.7636,2.7616,2.7616,5
2026-04-16 19:39:00,2.7576,2.7606,2.7576,2.7596,2.7626,2.7656,2.7626,2.7646,11
2026-04-16 19:40:00,2.7606,2.7606,2.7596,2.7596,2.7656,2.7656,2.7646,2.7646,2
2026-04-16 19:41:00,2.7606,2.7606,2.7586,2.7596,2.7656,2.7656,2.7636,2.7646,4
2026-04-16 19:42:00,2.7606,2.7606,2.7596,2.7596,2.7656,2.7656,2.7646,2.7646,5
2026-04-16 19:43:00,2.7586,2.7601,2.7586,2.7596,2.7636,2.7651,2.7636,2.7646,16
2026-04-16 19:44:00,2.7601,2.7606,2.7596,2.7596,2.7651,2.7656,2.7646,2.7646,4
2026-04-16 19:45:00,2.7601,2.7601,2.7586,2.7591,2.7651,2.7651,2.7636,2.7641,10
2026-04-16 19:46:00,2.7596,2.7606,2.7596,2.7596,2.7646,2.7656,2.7646,2.7646,8
2026-04-16 19:47:00,2.7601,2.7601,2.7596,2.7596,2.7651,2.7651,2.7646,2.7646,4
2026-04-16 19:48:00,2.7601,2.7606,2.7596,2.7606,2.7651,2.7656,2.7646,2.7656,6
2026-04-16 19:49:00,2.7601,2.7606,2.7596,2.7606,2.7651,2.7656,2.7646,2.7656,3
2026-04-16 19:50:00,2.7611,2.7616,2.7606,2.7606,2.7661,2.7666,2.7656,2.7656,4
2026-04-16 19:51:00,2.7611,2.7616,2.7606,2.7616,2.7661,2.7666,2.7656,2.7666,5
2026-04-16 19:52:00,2.7621,2.7626,2.7616,2.7626,2.7671,2.7676,2.7666,2.7676,3
2026-04-16 19:53:00,2.7621,2.7626,2.7606,2.7616,2.7671,2.7676,2.7656,2.7666,15
2026-04-16 19:54:00,2.7621,2.7631,2.7621,2.7631,2.7671,2.7681,2.7671,2.7681,5
2026-04-16 19:55:00,2.7636,2.7636,2.7616,2.7626,2.7686,2.7686,2.7666,2.7676,16
2026-04-16 19:56:00,2.7621,2.7626,2.7616,2.7626,2.7671,2.7676,2.7666,2.7676,15
2026-04-16 19:57:00,2.7631,2.7646,2.7606,2.7626,2.7681,2.7696,2.7656,2.7676,28
2026-04-16 19:58:00,2.7616,2.7626,2.7616,2.7626,2.7666,2.7676,2.7666,2.7676,7
2026-04-16 19:59:00,2.7621,2.7636,2.7616,2.7631,2.7671,2.7686,2.7666,2.7681,13
2026-04-16 20:00:00,2.7626,2.7636,2.7606,2.7616,2.7676,2.7686,2.7656,2.7666,27
2026-04-16 20:01:00,2.7611,2.7656,2.7596,2.7636,2.7661,2.7706,2.7646,2.7686,35
2026-04-16 20:02:00,2.7641,2.7671,2.7626,2.7666,2.7691,2.7721,2.7676,2.7716,24
2026-04-16 20:03:00,2.7656,2.7671,2.7651,2.7656,2.7706,2.7721,2.7701,2.7706,12
2026-04-16 20:04:00,2.7651,2.7661,2.7646,2.7656,2.7701,2.7711,2.7696,2.7706,10
2026-04-16 20:05:00,2.7651,2.7656,2.7636,2.7646,2.7701,2.7706,2.7686,2.7696,18
2026-04-16 20:06:00,2.7651,2.7656,2.7636,2.7651,2.7701,2.7706,2.7686,2.7701,13
2026-04-16 20:07:00,2.7646,2.7656,2.7646,2.7646,2.7696,2.7706,2.7696,2.7696,17
2026-04-16 20:08:00,2.7651,2.7651,2.7636,2.7636,2.7701,2.7701,2.7686,2.7686,10
2026-04-16 20:09:00,2.7646,2.7666,2.7646,2.7666,2.7696,2.7716,2.7696,2.7716,21
2026-04-16 20:10:00,2.7671,2.7686,2.7666,2.7681,2.7721,2.7736,2.7716,2.7731,10
2026-04-16 20:11:00,2.7676,2.7686,2.7666,2.7671,2.7726,2.7736,2.7716,2.7721,22
2026-04-16 20:12:00,2.7666,2.7686,2.7666,2.7686,2.7716,2.7736,2.7716,2.7736,22
2026-04-16 20:13:00,2.7681,2.7706,2.7676,2.7706,2.7731,2.7756,2.7726,2.7756,15
2026-04-16 20:14:00,2.7701,2.7706,2.7696,2.7706,2.7751,2.7756,2.7746,2.7756,20
2026-04-16 20:15:00,2.7696,2.7716,2.7696,2.7716,2.7746,2.7766,2.7746,2.7766,18
2026-04-16 20:16:00,2.7726,2.7726,2.7726,2.7726,2.7776,2.7776,2.7776,2.7776,1
2026-04-16 20:17:00,2.7731,2.7756,2.7731,2.7756,2.7781,2.7806,2.7781,2.7806,10
2026-04-16 20:18:00,2.7751,2.7751,2.7726,2.7726,2.7801,2.7801,2.7776,2.7776,19
2026-04-16 20:19:00,2.7716,2.7746,2.7716,2.7741,2.7766,2.7796,2.7766,2.7791,15
2026-04-16 20:20:00,2.7736,2.7746,2.7726,2.7736,2.7786,2.7796,2.7776,2.7786,20
2026-04-16 20:21:00,2.7741,2.7756,2.7731,2.7736,2.7791,2.7806,2.7781,2.7786,12
2026-04-16 20:22:00,2.7731,2.7746,2.7726,2.7736,2.7781,2.7796,2.7776,2.7786,7
2026-04-16 20:23:00,2.7726,2.7736,2.7726,2.7726,2.7776,2.7786,2.7776,2.7776,10
2026-04-16 20:24:00,2.7721,2.7726,2.7716,2.7726,2.7771,2.7776,2.7766,2.7776,7
2026-04-16 20:25:00,2.7731,2.7731,2.7706,2.7721,2.7781,2.7781,2.7756,2.7771,13
2026-04-16 20:26:00,2.7716,2.7726,2.7716,2.7716,2.7766,2.7776,2.7766,2.7766,7
2026-04-16 20:27:00,2.7706,2.7716,2.7696,2.7696,2.7756,2.7766,2.7746,2.7746,15
2026-04-16 20:28:00,2.7706,2.7731,2.7696,2.7696,2.7756,2.7781,2.7746,2.7746,44
2026-04-16 20:29:00,2.7701,2.7741,2.7696,2.7741,2.7751,2.7791,2.7746,2.7791,32
2026-04-16 20:30:00,2.7736,2.7736,2.7706,2.7731,2.7786,2.7786,2.7756,2.7781,15
2026-04-16 20:31:00,2.7741,2.7751,2.7736,2.7751,2.7791,2.7801,2.7786,2.7801,13
2026-04-16 20:32:00,2.7756,2.7766,2.7756,2.7766,2.7806,2.7816,2.7806,2.7816,2
2026-04-16 20:33:00,2.7761,2.7766,2.7756,2.7756,2.7811,2.7816,2.7806,2.7806,5
2026-04-16 20:34:00,2.7766,2.7766,2.7756,2.7766,2.7816,2.7816,2.7806,2.7816,23
2026-04-16 20:35:00,2.7756,2.7776,2.7756,2.7771,2.7806,2.7826,2.7806,2.7821,12
2026-04-16 20:36:00,2.7766,2.7796,2.7766,2.7796,2.7816,2.7846,2.7816,2.7846,10
2026-04-16 20:37:00,2.7786,2.7796,2.7776,2.7786,2.7836,2.7846,2.7826,2.7836,12
2026-04-16 20:38:00,2.7791,2.7796,2.7776,2.7776,2.7841,2.7846,2.7826,2.7826,38
2026-04-16 20:39:00,2.7786,2.7796,2.7776,2.7791,2.7836,2.7846,2.7826,2.7841,13
2026-04-16 20:40:00,2.7786,2.7796,2.7786,2.7796,2.7836,2.7846,2.7836,2.7846,3
2026-04-16 20:41:00,2.7806,2.7816,2.7806,2.7816,2.7856,2.7866,2.7856,2.7866,2
2026-04-16 20:42:00,2.7821,2.7826,2.7806,2.7826,2.7871,2.7876,2.7856,2.7876,7
2026-04-16 20:43:00,2.7831,2.7846,2.7831,2.7846,2.7881,2.7896,2.7881,2.7896,2
2026-04-16 20:44:00,2.7851,2.7856,2.7826,2.7851,2.7901,2.7906,2.7876,2.7901,17
2026-04-16 20:45:00,2.7856,2.7856,2.7836,2.7846,2.7906,2.7906,2.7886,2.7896,5
2026-04-16 20:46:00,2.7841,2.7846,2.7826,2.7846,2.7891,2.7896,2.7876,2.7896,18
2026-04-16 20:47:00,2.7841,2.7846,2.7836,2.7846,2.7891,2.7896,2.7886,2.7896,5
2026-04-16 20:48:00,2.7841,2.7841,2.7836,2.7836,2.7891,2.7891,2.7886,2.7886,2
2026-04-16 20:49:00,2.7831,2.7846,2.7831,2.7836,2.7881,2.7896,2.7881,2.7886,9
2026-04-16 20:50:00,2.7841,2.7846,2.7816,2.7816,2.7891,2.7896,2.7866,2.7866,8
2026-04-16 20:51:00,2.7806,2.7806,2.7796,2.7806,2.7856,2.7856,2.7846,2.7856,7
2026-04-16 20:52:00,2.7801,2.7801,2.7786,2.7786,2.7851,2.7851,2.7836,2.7836,11
2026-04-16 20:53:00,2.7796,2.7801,2.7786,2.7801,2.7846,2.7851,2.7836,2.7851,6
2026-04-16 20:54:00,2.7796,2.7801,2.7796,2.7796,2.7846,2.7851,2.7846,2.7846,3
2026-04-16 20:55:00,2.7806,2.7826,2.7796,2.7816,2.7856,2.7876,2.7846,2.7866,8
2026-04-16 20:56:00,2.7821,2.7836,2.7816,2.7836,2.7871,2.7886,2.7866,2.7886,11
2026-04-16 20:57:00,2.7831,2.7841,2.7826,2.7836,2.7881,2.7891,2.7876,2.7886,10
2026-04-16 20:58:00,2.7841,2.7856,2.7836,2.7851,2.7891,2.7906,2.7886,2.7901,12
2026-04-16 20:59:00,2.7846,2.7856,2.7846,2.7856,2.7896,2.7906,2.7896,2.7906,4
2026-04-16 21:00:00,2.7851,2.7876,2.7846,2.7866,2.7901,2.7926,2.7896,2.7916,10
2026-04-16 21:01:00,2.7876,2.7876,2.7846,2.7856,2.7926,2.7926,2.7896,2.7906,10
2026-04-16 21:02:00,2.7851,2.7856,2.7846,2.7856,2.7901,2.7906,2.7896,2.7906,3
2026-04-16 21:03:00,2.7851,2.7851,2.7851,2.7851,2.7901,2.7901,2.7901,2.7901,1
2026-04-16 21:04:00,2.7856,2.7866,2.7856,2.7866,2.7906,2.7916,2.7906,2.7916,6
2026-04-16 21:05:00,2.7871,2.7896,2.7866,2.7886,2.7921,2.7946,2.7916,2.7936,20
2026-04-16 21:06:00,2.7891,2.7896,2.7876,2.7886,2.7941,2.7946,2.7926,2.7936,43
2026-04-16 21:07:00,2.7896,2.7896,2.7886,2.7886,2.7946,2.7946,2.7936,2.7936,20
2026-04-16 21:08:00,2.7891,2.7891,2.7871,2.7876,2.7941,2.7941,2.7921,2.7926,25
2026-04-16 21:09:00,2.7871,2.7876,2.7871,2.7876,2.7921,2.7926,2.7921,2.7926,2
2026-04-16 21:10:00,2.7866,2.7876,2.7856,2.7856,2.7916,2.7926,2.7906,2.7906,16
2026-04-16 21:11:00,2.7861,2.7866,2.7856,2.7861,2.7911,2.7916,2.7906,2.7911,26
2026-04-16 21:12:00,2.7856,2.7886,2.7856,2.7886,2.7906,2.7936,2.7906,2.7936,16
2026-04-16 21:13:00,2.7876,2.7876,2.7856,2.7866,2.7926,2.7926,2.7906,2.7916,11
2026-04-16 21:14:00,2.7861,2.7866,2.7861,2.7866,2.7911,2.7916,2.7911,2.7916,2
2026-04-16 21:15:00,2.7871,2.7871,2.7866,2.7866,2.7921,2.7921,2.7916,2.7916,2
2026-04-16 21:16:00,2.7876,2.7876,2.7871,2.7876,2.7926,2.7926,2.7921,2.7926,5
2026-04-16 21:17:00,2.7871,2.7876,2.7866,2.7876,2.7921,2.7926,2.7916,2.7926,6
2026-04-16 21:18:00,2.7886,2.7886,2.7876,2.7886,2.7936,2.7936,2.7926,2.7936,4
2026-04-16 21:19:00,2.7876,2.7891,2.7876,2.7891,2.7926,2.7941,2.7926,2.7941,13
2026-04-16 21:20:00,2.7896,2.7896,2.7886,2.7896,2.7946,2.7946,2.7936,2.7946,7
2026-04-16 21:21:00,2.7886,2.7891,2.7886,2.7886,2.7936,2.7941,2.7936,2.7936,5
2026-04-16 21:22:00,2.7891,2.7926,2.7886,2.7921,2.7941,2.7976,2.7936,2.7971,23
2026-04-16 21:23:00,2.7911,2.7911,2.7896,2.7896,2.7961,2.7961,2.7946,2.7946,4
2026-04-16 21:24:00,2.7901,2.7906,2.7896,2.7901,2.7951,2.7956,2.7946,2.7951,4
2026-04-16 21:25:00,2.7906,2.7906,2.7886,2.7896,2.7956,2.7956,2.7936,2.7946,7
2026-04-16 21:26:00,2.7906,2.7906,2.7896,2.7896,2.7956,2.7956,2.7946,2.7946,6
2026-04-16 21:27:00,2.7891,2.7896,2.7886,2.7896,2.7941,2.7946,2.7936,2.7946,13
2026-04-16 21:28:00,2.7886,2.7896,2.7886,2.7896,2.7936,2.7946,2.7936,2.7946,2
2026-04-16 21:29:00,2.7891,2.7896,2.7891,2.7896,2.7941,2.7946,2.7941,2.7946,10
2026-04-16 21:30:00,2.7886,2.7886,2.7836,2.7866,2.7936,2.7936,2.7886,2.7916,15
2026-04-16 21:31:00,2.7871,2.7886,2.7871,2.7886,2.7921,2.7936,2.7921,2.7936,6
2026-04-16 21:32:00,2.7876,2.7886,2.7876,2.7886,2.7926,2.7936,2.7926,2.7936,11
2026-04-16 21:33:00,2.7891,2.7896,2.7886,2.7886,2.7941,2.7946,2.7936,2.7936,6
2026-04-16 21:34:00,2.7876,2.7886,2.7876,2.7881,2.7926,2.7936,2.7926,2.7931,3
2026-04-16 21:35:00,2.7876,2.7886,2.7876,2.7876,2.7926,2.7936,2.7926,2.7926,7
2026-04-16 21:36:00,2.7881,2.7891,2.7876,2.7891,2.7931,2.7941,2.7926,2.7941,5
2026-04-16 21:37:00,2.7886,2.7891,2.7886,2.7891,2.7936,2.7941,2.7936,2.7941,2
2026-04-16 21:38:00,2.7886,2.7886,2.7876,2.7876,2.7936,2.7936,2.7926,2.7926,2
2026-04-16 21:39:00,2.7866,2.7881,2.7866,2.7881,2.7916,2.7931,2.7916,2.7931,3
2026-04-16 21:40:00,2.7876,2.7906,2.7876,2.7906,2.7926,2.7956,2.7926,2.7956,10
2026-04-16 21:41:00,2.7901,2.7901,2.7896,2.7896,2.7951,2.7951,2.7946,2.7946,2
2026-04-16 21:42:00,2.7901,2.7926,2.7901,2.7916,2.7951,2.7976,2.7951,2.7966,15
2026-04-16 21:43:00,2.7921,2.7921,2.7916,2.7916,2.7971,2.7971,2.7966,2.7966,2
2026-04-16 21:45:00,2.7906,2.7926,2.7906,2.7916,2.7956,2.7976,2.7956,2.7966,8
2026-04-16 21:46:00,2.7926,2.7926,2.7916,2.7921,2.7976,2.7976,2.7966,2.7971,9
2026-04-16 21:47:00,2.7926,2.7926,2.7916,2.7926,2.7976,2.7976,2.7966,2.7976,5
2026-04-16 21:48:00,2.7921,2.7926,2.7916,2.7926,2.7971,2.7976,2.7966,2.7976,10
2026-04-16 21:49:00,2.7921,2.7921,2.7911,2.7916,2.7971,2.7971,2.7961,2.7966,4
2026-04-16 21:50:00,2.7911,2.7916,2.7911,2.7916,2.7961,2.7966,2.7961,2.7966,6
2026-04-16 21:52:00,2.7906,2.7916,2.7896,2.7896,2.7956,2.7966,2.7946,2.7946,7
2026-04-16 21:54:00,2.7906,2.7916,2.7896,2.7896,2.7956,2.7966,2.7946,2.7946,14
2026-04-16 21:55:00,2.7891,2.7896,2.7891,2.7896,2.7941,2.7946,2.7941,2.7946,2
2026-04-16 21:56:00,2.7906,2.7906,2.7886,2.7896,2.7956,2.7956,2.7936,2.7946,4
2026-04-16 21:57:00,2.7891,2.7896,2.7886,2.7891,2.7941,2.7946,2.7936,2.7941,12
2026-04-16 21:58:00,2.7896,2.7896,2.7886,2.7896,2.7946,2.7946,2.7936,2.7946,7
2026-04-16 21:59:00,2.7886,2.7896,2.7886,2.7896,2.7936,2.7946,2.7936,2.7946,2
2026-04-16 22:00:00,2.7886,2.7896,2.7876,2.7886,2.7936,2.7946,2.7926,2.7936,8
2026-04-16 22:01:00,2.7896,2.7906,2.7896,2.7896,2.7946,2.7956,2.7946,2.7946,3
2026-04-16 22:03:00,2.7901,2.7916,2.7901,2.7916,2.7951,2.7966,2.7951,2.7966,3
2026-04-16 22:05:00,2.7926,2.7926,2.7916,2.7916,2.7976,2.7976,2.7966,2.7966,2
2026-04-16 22:06:00,2.7911,2.7916,2.7911,2.7911,2.7961,2.7966,2.7961,2.7961,3
2026-04-16 22:07:00,2.7906,2.7906,2.7906,2.7906,2.7956,2.7956,2.7956,2.7956,1
2026-04-16 22:08:00,2.7911,2.7926,2.7906,2.7916,2.7961,2.7976,2.7956,2.7966,8
2026-04-16 22:09:00,2.7921,2.7926,2.7916,2.7916,2.7971,2.7976,2.7966,2.7966,8
2026-04-16 22:10:00,2.7921,2.7936,2.7921,2.7936,2.7971,2.7986,2.7971,2.7986,3
2026-04-16 22:11:00,2.7946,2.7946,2.7936,2.7936,2.7996,2.7996,2.7986,2.7986,4
2026-04-16 22:12:00,2.7941,2.7941,2.7931,2.7931,2.7991,2.7991,2.7981,2.7981,3
2026-04-16 22:13:00,2.7926,2.7926,2.7916,2.7926,2.7976,2.7976,2.7966,2.7976,3
2026-04-16 22:15:00,2.7916,2.7926,2.7916,2.7921,2.7966,2.7976,2.7966,2.7971,4
2026-04-16 22:16:00,2.7916,2.7921,2.7916,2.7916,2.7966,2.7971,2.7966,2.7966,3
2026-04-16 22:17:00,2.7911,2.7921,2.7906,2.7921,2.7961,2.7971,2.7956,2.7971,6
2026-04-16 22:18:00,2.7926,2.7926,2.7916,2.7921,2.7976,2.7976,2.7966,2.7971,5
2026-04-16 22:19:00,2.7916,2.7916,2.7911,2.7916,2.7966,2.7966,2.7961,2.7966,3
2026-04-16 22:21:00,2.7926,2.7926,2.7921,2.7926,2.7976,2.7976,2.7971,2.7976,3
2026-04-16 22:22:00,2.7931,2.7936,2.7926,2.7926,2.7981,2.7986,2.7976,2.7976,14
2026-04-16 22:23:00,2.7931,2.7936,2.7931,2.7936,2.7981,2.7986,2.7981,2.7986,4
2026-04-16 22:24:00,2.7931,2.7936,2.7931,2.7931,2.7981,2.7986,2.7981,2.7981,3
2026-04-16 22:25:00,2.7926,2.7931,2.7921,2.7921,2.7976,2.7981,2.7971,2.7971,8
2026-04-16 22:26:00,2.7916,2.7916,2.7916,2.7916,2.7966,2.7966,2.7966,2.7966,1
2026-04-16 22:27:00,2.7921,2.7926,2.7916,2.7921,2.7971,2.7976,2.7966,2.7971,5
2026-04-16 22:28:00,2.7926,2.7926,2.7916,2.7916,2.7976,2.7976,2.7966,2.7966,2
2026-04-16 22:29:00,2.7921,2.7921,2.7916,2.7916,2.7971,2.7971,2.7966,2.7966,2
2026-04-16 22:30:00,2.7921,2.7926,2.7916,2.7926,2.7971,2.7976,2.7966,2.7976,3
2026-04-16 22:34:00,2.7931,2.7931,2.7926,2.7926,2.7981,2.7981,2.7976,2.7976,4
2026-04-16 22:35:00,2.7931,2.7936,2.7926,2.7936,2.7981,2.7986,2.7976,2.7986,8
2026-04-16 22:36:00,2.7931,2.7931,2.7931,2.7931,2.7981,2.7981,2.7981,2.7981,1
2026-04-16 22:37:00,2.7936,2.7936,2.7936,2.7936,2.7986,2.7986,2.7986,2.7986,1
2026-04-16 22:38:00,2.7941,2.7956,2.7926,2.7936,2.7991,2.8006,2.7976,2.7986,9
2026-04-16 22:39:00,2.7931,2.7941,2.7931,2.7941,2.7981,2.7991,2.7981,2.7991,3
2026-04-16 22:40:00,2.7951,2.7951,2.7946,2.7951,2.8001,2.8001,2.7996,2.8001,3
2026-04-16 22:41:00,2.7946,2.7946,2.7936,2.7936,2.7996,2.7996,2.7986,2.7986,3
2026-04-16 22:42:00,2.7931,2.7936,2.7926,2.7936,2.7981,2.7986,2.7976,2.7986,7
2026-04-16 22:43:00,2.7931,2.7946,2.7931,2.7931,2.7981,2.7996,2.7981,2.7981,7
2026-04-16 22:45:00,2.7926,2.7931,2.7926,2.7926,2.7976,2.7981,2.7976,2.7976,3
2026-04-16 22:46:00,2.7921,2.7926,2.7916,2.7921,2.7971,2.7976,2.7966,2.7971,9
2026-04-16 22:47:00,2.7916,2.7926,2.7916,2.7926,2.7966,2.7976,2.7966,2.7976,2
2026-04-16 22:48:00,2.7931,2.7956,2.7931,2.7936,2.7981,2.8006,2.7981,2.7986,12
2026-04-16 22:49:00,2.7931,2.7946,2.7931,2.7931,2.7981,2.7996,2.7981,2.7981,5
2026-04-16 22:50:00,2.7926,2.7931,2.7926,2.7926,2.7976,2.7981,2.7976,2.7976,3
2026-04-16 22:51:00,2.7931,2.7966,2.7931,2.7961,2.7981,2.8016,2.7981,2.8011,12
2026-04-16 22:52:00,2.7966,2.7966,2.7956,2.7961,2.8016,2.8016,2.8006,2.8011,6
2026-04-16 22:53:00,2.7966,2.7966,2.7956,2.7956,2.8016,2.8016,2.8006,2.8006,3
2026-04-16 22:54:00,2.7951,2.7956,2.7951,2.7956,2.8001,2.8006,2.8001,2.8006,2
2026-04-16 22:55:00,2.7951,2.7956,2.7936,2.7941,2.8001,2.8006,2.7986,2.7991,10
2026-04-16 22:57:00,2.7946,2.7981,2.7946,2.7981,2.7996,2.8031,2.7996,2.8031,6
2026-04-16 22:58:00,2.7976,2.8001,2.7976,2.7991,2.8026,2.8051,2.8026,2.8041,15
2026-04-16 22:59:00,2.7996,2.8026,2.794,2.794,2.8046,2.8076,2.799,2.799,26
2026-04-17 00:00:00,2.7885,2.792,2.7885,2.79,2.7935,2.797,2.7935,2.795,6
2026-04-17 00:01:00,2.7915,2.7945,2.79,2.793,2.7965,2.7995,2.795,2.798,27
2026-04-17 00:02:00,2.7935,2.7935,2.791,2.791,2.7985,2.7985,2.796,2.796,5
2026-04-17 00:03:00,2.7915,2.792,2.7915,2.792,2.7965,2.797,2.7965,2.797,2
2026-04-17 00:04:00,2.7925,2.793,2.791,2.791,2.7975,2.798,2.796,2.796,8
2026-04-17 00:05:00,2.7915,2.792,2.79,2.79,2.7965,2.797,2.795,2.795,6
2026-04-17 00:08:00,2.7895,2.7895,2.7885,2.7895,2.7945,2.7945,2.7935,2.7945,4
2026-04-17 00:10:00,2.791,2.791,2.7885,2.7885,2.796,2.796,2.7935,2.7935,5
2026-04-17 00:11:00,2.788,2.7885,2.788,2.7885,2.793,2.7935,2.793,2.7935,2
2026-04-17 00:12:00,2.7895,2.79,2.789,2.79,2.7945,2.795,2.794,2.795,4
2026-04-17 00:14:00,2.7905,2.7905,2.79,2.79,2.7955,2.7955,2.795,2.795,2
2026-04-17 00:15:00,2.7895,2.79,2.7895,2.7895,2.7945,2.795,2.7945,2.7945,5
2026-04-17 00:16:00,2.79,2.79,2.789,2.789,2.795,2.795,2.794,2.794,3
2026-04-17 00:17:00,2.7885,2.789,2.787,2.7885,2.7935,2.794,2.792,2.7935,10
2026-04-17 00:18:00,2.789,2.7905,2.7885,2.7895,2.794,2.7955,2.7935,2.7945,21
2026-04-17 00:19:00,2.7885,2.7885,2.7885,2.7885,2.7935,2.7935,2.7935,2.7935,1
2026-04-17 00:20:00,2.789,2.7895,2.789,2.7895,2.794,2.7945,2.794,2.7945,4
2026-04-17 00:22:00,2.79,2.79,2.7895,2.7895,2.795,2.795,2.7945,2.7945,2
2026-04-17 00:23:00,2.79,2.79,2.79,2.79,2.795,2.795,2.795,2.795,1
2026-04-17 00:25:00,2.7895,2.7895,2.789,2.789,2.7945,2.7945,2.794,2.794,2
2026-04-17 00:31:00,2.7885,2.7885,2.7885,2.7885,2.7935,2.7935,2.7935,2.7935,1
2026-04-17 00:32:00,2.788,2.788,2.7875,2.7875,2.793,2.793,2.7925,2.7925,2
2026-04-17 00:34:00,2.7885,2.7885,2.788,2.788,2.7935,2.7935,2.793,2.793,4
2026-04-17 00:35:00,2.7885,2.7885,2.7885,2.7885,2.7935,2.7935,2.7935,2.7935,1
2026-04-17 00:37:00,2.788,2.7885,2.788,2.7885,2.793,2.7935,2.793,2.7935,2
2026-04-17 00:39:00,2.788,2.788,2.7875,2.7875,2.793,2.793,2.7925,2.7925,6
2026-04-17 00:41:00,2.788,2.788,2.7875,2.7875,2.793,2.793,2.7925,2.7925,2
2026-04-17 00:45:00,2.788,2.7885,2.788,2.7885,2.793,2.7935,2.793,2.7935,2
2026-04-17 00:47:00,2.789,2.789,2.7885,2.7885,2.794,2.794,2.7935,2.7935,2
2026-04-17 00:48:00,2.789,2.789,2.7875,2.788,2.794,2.794,2.7925,2.793,5
2026-04-17 00:49:00,2.7875,2.789,2.7875,2.788,2.7925,2.794,2.7925,2.793,3
2026-04-17 00:50:00,2.7885,2.7885,2.7875,2.7875,2.7935,2.7935,2.7925,2.7925,3
2026-04-17 00:52:00,2.788,2.788,2.787,2.7875,2.793,2.793,2.792,2.7925,4
2026-04-17 00:53:00,2.787,2.7875,2.787,2.7875,2.792,2.7925,2.792,2.7925,2
2026-04-17 00:54:00,2.7885,2.7885,2.788,2.7885,2.7935,2.7935,2.793,2.7935,3
2026-04-17 00:58:00,2.789,2.789,2.789,2.789,2.794,2.794,2.794,2.794,1
2026-04-17 01:00:00,2.7885,2.79,2.7885,2.79,2.7935,2.795,2.7935,2.795,3
2026-04-17 01:01:00,2.7895,2.7895,2.789,2.789,2.7945,2.7945,2.794,2.794,4
2026-04-17 01:03:00,2.79,2.79,2.789,2.789,2.795,2.795,2.794,2.794,3
2026-04-17 01:11:00,2.7895,2.7895,2.7895,2.7895,2.7945,2.7945,2.7945,2.7945,1
2026-04-17 01:12:00,2.79,2.79,2.79,2.79,2.795,2.795,2.795,2.795,1
2026-04-17 01:13:00,2.7895,2.79,2.7895,2.79,2.7945,2.795,2.7945,2.795,4
2026-04-17 01:15:00,2.7895,2.7895,2.789,2.789,2.7945,2.7945,2.794,2.794,2
2026-04-17 01:16:00,2.7895,2.7895,2.7895,2.7895,2.7945,2.7945,2.7945,2.7945,1
2026-04-17 01:18:00,2.79,2.79,2.7895,2.7895,2.795,2.795,2.7945,2.7945,4
2026-04-17 01:21:00,2.79,2.79,2.7895,2.7895,2.795,2.795,2.7945,2.7945,2
2026-04-17 01:22:00,2.789,2.7895,2.789,2.7895,2.794,2.7945,2.794,2.7945,2
2026-04-17 01:23:00,2.79,2.79,2.79,2.79,2.795,2.795,2.795,2.795,1
2026-04-17 01:24:00,2.7895,2.7895,2.7895,2.7895,2.7945,2.7945,2.7945,2.7945,1
2026-04-17 01:26:00,2.79,2.79,2.7895,2.7895,2.795,2.795,2.7945,2.7945,2
2026-04-17 01:27:00,2.789,2.7895,2.789,2.7895,2.794,2.7945,2.794,2.7945,2
2026-04-17 01:28:00,2.79,2.79,2.7895,2.7895,2.795,2.795,2.7945,2.7945,2
2026-04-17 01:31:00,2.79,2.79,2.789,2.789,2.795,2.795,2.794,2.794,4
2026-04-17 01:32:00,2.7895,2.7895,2.7895,2.7895,2.7945,2.7945,2.7945,2.7945,1
2026-04-17 01:33:00,2.7885,2.79,2.7885,2.79,2.7935,2.795,2.7935,2.795,3
2026-04-17 01:34:00,2.7905,2.7905,2.7905,2.7905,2.7955,2.7955,2.7955,2.7955,1
2026-04-17 01:36:00,2.79,2.79,2.79,2.79,2.795,2.795,2.795,2.795,1
2026-04-17 01:47:00,2.7905,2.7905,2.7895,2.79,2.7955,2.7955,2.7945,2.795,8
2026-04-17 01:50:00,2.791,2.791,2.7895,2.7905,2.796,2.796,2.7945,2.7955,4
2026-04-17 01:51:00,2.791,2.7925,2.791,2.7925,2.796,2.7975,2.796,2.7975,4
2026-04-17 01:52:00,2.792,2.7925,2.7905,2.7925,2.797,2.7975,2.7955,2.7975,5
2026-04-17 01:53:00,2.7915,2.7915,2.7915,2.7915,2.7965,2.7965,2.7965,2.7965,1
2026-04-17 01:54:00,2.791,2.791,2.7905,2.7905,2.796,2.796,2.7955,2.7955,2
2026-04-17 01:55:00,2.791,2.791,2.7895,2.7905,2.796,2.796,2.7945,2.7955,4
2026-04-17 01:56:00,2.79,2.7905,2.79,2.7905,2.795,2.7955,2.795,2.7955,2
2026-04-17 01:57:00,2.79,2.79,2.7895,2.7895,2.795,2.795,2.7945,2.7945,2
2026-04-17 01:59:00,2.79,2.79,2.7895,2.7895,2.795,2.795,2.7945,2.7945,2
2026-04-17 02:00:00,2.789,2.79,2.7885,2.789,2.794,2.795,2.7935,2.794,5
2026-04-17 02:01:00,2.7885,2.789,2.7885,2.7885,2.7935,2.794,2.7935,2.7935,3
2026-04-17 02:04:00,2.789,2.789,2.7885,2.7885,2.794,2.794,2.7935,2.7935,2
2026-04-17 02:05:00,2.7855,2.7865,2.7845,2.7855,2.7905,2.7915,2.7895,2.7905,8
2026-04-17 02:06:00,2.785,2.786,2.7845,2.7855,2.79,2.791,2.7895,2.7905,7
2026-04-17 02:07:00,2.786,2.7885,2.7855,2.7885,2.791,2.7935,2.7905,2.7935,7
2026-04-17 02:08:00,2.788,2.7885,2.788,2.7885,2.793,2.7935,2.793,2.7935,2
2026-04-17 02:09:00,2.788,2.7885,2.7875,2.7885,2.793,2.7935,2.7925,2.7935,5
2026-04-17 02:10:00,2.788,2.7885,2.7865,2.7865,2.793,2.7935,2.7915,2.7915,8
2026-04-17 02:11:00,2.787,2.788,2.787,2.7875,2.792,2.793,2.792,2.7925,6
2026-04-17 02:12:00,2.7885,2.79,2.7885,2.79,2.7935,2.795,2.7935,2.795,8
2026-04-17 02:13:00,2.7905,2.791,2.7905,2.791,2.7955,2.796,2.7955,2.796,2
2026-04-17 02:14:00,2.7915,2.7925,2.791,2.7915,2.7965,2.7975,2.796,2.7965,5
2026-04-17 02:15:00,2.792,2.7925,2.7915,2.7915,2.797,2.7975,2.7965,2.7965,6
2026-04-17 02:16:00,2.791,2.7925,2.791,2.7915,2.796,2.7975,2.796,2.7965,6
2026-04-17 02:17:00,2.791,2.791,2.7895,2.7895,2.796,2.796,2.7945,2.7945,6
2026-04-17 02:18:00,2.79,2.79,2.7895,2.7895,2.795,2.795,2.7945,2.7945,6
2026-04-17 02:19:00,2.789,2.789,2.787,2.7875,2.794,2.794,2.792,2.7925,9
2026-04-17 02:20:00,2.7885,2.7885,2.7885,2.7885,2.7935,2.7935,2.7935,2.7935,1
2026-04-17 02:21:00,2.788,2.7885,2.788,2.7885,2.793,2.7935,2.793,2.7935,2
2026-04-17 02:22:00,2.7895,2.7895,2.789,2.7895,2.7945,2.7945,2.794,2.7945,3
2026-04-17 02:23:00,2.789,2.789,2.789,2.789,2.794,2.794,2.794,2.794,1
2026-04-17 02:24:00,2.7895,2.7895,2.7895,2.7895,2.7945,2.7945,2.7945,2.7945,1
2026-04-17 02:25:00,2.789,2.789,2.7885,2.789,2.794,2.794,2.7935,2.794,3
2026-04-17 02:27:00,2.7885,2.7885,2.788,2.788,2.7935,2.7935,2.793,2.793,2
2026-04-17 02:28:00,2.7885,2.7885,2.788,2.7885,2.7935,2.7935,2.793,2.7935,15
2026-04-17 02:30:00,2.788,2.788,2.787,2.788,2.793,2.793,2.792,2.793,10
2026-04-17 02:33:00,2.7875,2.788,2.787,2.787,2.7925,2.793,2.792,2.792,4
2026-04-17 02:35:00,2.786,2.786,2.7845,2.7845,2.791,2.791,2.7895,2.7895,3
2026-04-17 02:36:00,2.784,2.7865,2.784,2.7865,2.789,2.7915,2.789,2.7915,5
2026-04-17 02:37:00,2.787,2.787,2.786,2.786,2.792,2.792,2.791,2.791,5
2026-04-17 02:38:00,2.7855,2.7875,2.7855,2.787,2.7905,2.7925,2.7905,2.792,8
2026-04-17 02:39:00,2.7865,2.787,2.7865,2.787,2.7915,2.792,2.7915,2.792,2
2026-04-17 02:40:00,2.786,2.787,2.786,2.7865,2.791,2.792,2.791,2.7915,4
2026-04-17 02:41:00,2.786,2.787,2.786,2.786,2.791,2.792,2.791,2.791,10
2026-04-17 02:42:00,2.787,2.787,2.786,2.7865,2.792,2.792,2.791,2.7915,4
2026-04-17 02:43:00,2.7855,2.786,2.785,2.786,2.7905,2.791,2.79,2.791,8
2026-04-17 02:44:00,2.7855,2.7855,2.7855,2.7855,2.7905,2.7905,2.7905,2.7905,1
2026-04-17 02:45:00,2.786,2.7865,2.7855,2.786,2.791,2.7915,2.7905,2.791,4
2026-04-17 02:46:00,2.785,2.786,2.785,2.7855,2.79,2.791,2.79,2.7905,4
2026-04-17 02:48:00,2.786,2.786,2.785,2.7855,2.791,2.791,2.79,2.7905,3
2026-04-17 02:49:00,2.785,2.7855,2.7845,2.7845,2.79,2.7905,2.7895,2.7895,4
2026-04-17 02:51:00,2.785,2.7855,2.784,2.7845,2.79,2.7905,2.789,2.7895,5
2026-04-17 02:52:00,2.784,2.7845,2.784,2.784,2.789,2.7895,2.789,2.789,11
2026-04-17 02:53:00,2.7835,2.784,2.7835,2.7835,2.7885,2.789,2.7885,2.7885,3
2026-04-17 02:54:00,2.784,2.784,2.784,2.784,2.789,2.789,2.789,2.789,1
2026-04-17 02:55:00,2.7835,2.7835,2.7835,2.7835,2.7885,2.7885,2.7885,2.7885,1
2026-04-17 02:56:00,2.783,2.7835,2.782,2.7825,2.788,2.7885,2.787,2.7875,7
2026-04-17 02:57:00,2.782,2.7825,2.7815,2.7815,2.787,2.7875,2.7865,2.7865,3
2026-04-17 02:58:00,2.781,2.7815,2.7795,2.7815,2.786,2.7865,2.7845,2.7865,15
2026-04-17 02:59:00,2.7825,2.783,2.7825,2.783,2.7875,2.788,2.7875,2.788,2
2026-04-17 03:00:00,2.7825,2.784,2.7825,2.7835,2.7875,2.789,2.7875,2.7885,7
2026-04-17 03:01:00,2.784,2.7855,2.784,2.785,2.789,2.7905,2.789,2.79,6
2026-04-17 03:02:00,2.7845,2.7845,2.7835,2.7835,2.7895,2.7895,2.7885,2.7885,4
2026-04-17 03:05:00,2.783,2.783,2.781,2.7815,2.788,2.788,2.786,2.7865,6
2026-04-17 03:06:00,2.782,2.7825,2.7815,2.782,2.787,2.7875,2.7865,2.787,4
2026-04-17 03:07:00,2.7815,2.782,2.781,2.781,2.7865,2.787,2.786,2.786,6
2026-04-17 03:08:00,2.782,2.782,2.7815,2.782,2.787,2.787,2.7865,2.787,3
2026-04-17 03:09:00,2.7825,2.7825,2.7825,2.7825,2.7875,2.7875,2.7875,2.7875,1
2026-04-17 03:11:00,2.782,2.782,2.782,2.782,2.787,2.787,2.787,2.787,1
2026-04-17 03:12:00,2.7815,2.7825,2.7815,2.7815,2.7865,2.7875,2.7865,2.7865,4
2026-04-17 03:13:00,2.782,2.7825,2.782,2.7825,2.787,2.7875,2.787,2.7875,2
2026-04-17 03:14:00,2.782,2.7825,2.782,2.782,2.787,2.7875,2.787,2.787,3
2026-04-17 03:15:00,2.7825,2.783,2.7825,2.783,2.7875,2.788,2.7875,2.788,2
2026-04-17 03:16:00,2.7835,2.7835,2.7825,2.7825,2.7885,2.7885,2.7875,2.7875,3
2026-04-17 03:17:00,2.782,2.782,2.782,2.782,2.787,2.787,2.787,2.787,1
2026-04-17 03:18:00,2.7825,2.783,2.782,2.783,2.7875,2.788,2.787,2.788,3
2026-04-17 03:19:00,2.7825,2.7835,2.782,2.7825,2.7875,2.7885,2.787,2.7875,8
2026-04-17 03:20:00,2.782,2.782,2.782,2.782,2.787,2.787,2.787,2.787,1
2026-04-17 03:21:00,2.781,2.782,2.781,2.782,2.786,2.787,2.786,2.787,4
2026-04-17 03:22:00,2.7835,2.7835,2.7825,2.7825,2.7885,2.7885,2.7875,2.7875,3
2026-04-17 03:23:00,2.783,2.783,2.7825,2.7825,2.788,2.788,2.7875,2.7875,4
2026-04-17 03:24:00,2.783,2.784,2.783,2.784,2.788,2.789,2.788,2.789,5
2026-04-17 03:25:00,2.7835,2.7835,2.783,2.783,2.7885,2.7885,2.788,2.788,2
2026-04-17 03:26:00,2.7825,2.7825,2.782,2.782,2.7875,2.7875,2.787,2.787,2
2026-04-17 03:27:00,2.7815,2.7815,2.7815,2.7815,2.7865,2.7865,2.7865,2.7865,1
2026-04-17 03:28:00,2.783,2.783,2.7825,2.783,2.788,2.788,2.7875,2.788,3
2026-04-17 03:29:00,2.7825,2.7825,2.7805,2.7815,2.7875,2.7875,2.7855,2.7865,9
2026-04-17 03:31:00,2.782,2.782,2.781,2.781,2.787,2.787,2.786,2.786,3
2026-04-17 03:33:00,2.7815,2.782,2.7815,2.782,2.7865,2.787,2.7865,2.787,2
2026-04-17 03:34:00,2.7825,2.7825,2.782,2.782,2.7875,2.7875,2.787,2.787,2
2026-04-17 03:35:00,2.7815,2.7815,2.781,2.781,2.7865,2.7865,2.786,2.786,2
2026-04-17 03:36:00,2.7805,2.7815,2.7805,2.7805,2.7855,2.7865,2.7855,2.7855,4
2026-04-17 03:37:00,2.781,2.781,2.781,2.781,2.786,2.786,2.786,2.786,1
2026-04-17 03:40:00,2.7815,2.7815,2.7805,2.7805,2.7865,2.7865,2.7855,2.7855,2
2026-04-17 03:41:00,2.781,2.781,2.7805,2.7805,2.786,2.786,2.7855,2.7855,2
2026-04-17 03:44:00,2.7795,2.78,2.7795,2.78,2.7845,2.785,2.7845,2.785,4
2026-04-17 03:45:00,2.7805,2.7815,2.7795,2.7795,2.7855,2.7865,2.7845,2.7845,5
2026-04-17 03:46:00,2.78,2.7805,2.78,2.7805,2.785,2.7855,2.785,2.7855,2
2026-04-17 03:47:00,2.781,2.781,2.7805,2.7805,2.786,2.786,2.7855,2.7855,2
2026-04-17 03:49:00,2.781,2.781,2.781,2.781,2.786,2.786,2.786,2.786,1
2026-04-17 03:50:00,2.782,2.782,2.781,2.781,2.787,2.787,2.786,2.786,3
2026-04-17 03:51:00,2.7815,2.782,2.781,2.781,2.7865,2.787,2.786,2.786,6
2026-04-17 03:53:00,2.7815,2.782,2.7815,2.7815,2.7865,2.787,2.7865,2.7865,3
2026-04-17 03:55:00,2.781,2.7815,2.781,2.781,2.786,2.7865,2.786,2.786,3
2026-04-17 03:57:00,2.7815,2.7835,2.7815,2.7835,2.7865,2.7885,2.7865,2.7885,4
2026-04-17 03:58:00,2.783,2.7835,2.7825,2.7835,2.788,2.7885,2.7875,2.7885,3
2026-04-17 03:59:00,2.784,2.784,2.7835,2.7835,2.789,2.789,2.7885,2.7885,2
2026-04-17 04:00:00,2.7825,2.7825,2.7815,2.7815,2.7875,2.7875,2.7865,2.7865,4
2026-04-17 04:01:00,2.782,2.782,2.7815,2.7815,2.787,2.787,2.7865,2.7865,4
2026-04-17 04:09:00,2.782,2.782,2.782,2.782,2.787,2.787,2.787,2.787,1
2026-04-17 04:11:00,2.7815,2.7815,2.7815,2.7815,2.7865,2.7865,2.7865,2.7865,1
2026-04-17 04:12:00,2.782,2.782,2.7815,2.7815,2.787,2.787,2.7865,2.7865,2
2026-04-17 04:13:00,2.782,2.782,2.7815,2.7815,2.787,2.787,2.7865,2.7865,4
2026-04-17 04:14:00,2.781,2.7815,2.781,2.7815,2.786,2.7865,2.786,2.7865,4
2026-04-17 04:15:00,2.781,2.7815,2.781,2.781,2.786,2.7865,2.786,2.786,3
2026-04-17 04:20:00,2.7805,2.7805,2.78,2.78,2.7855,2.7855,2.785,2.785,2
2026-04-17 04:22:00,2.7795,2.7805,2.7795,2.7805,2.7845,2.7855,2.7845,2.7855,2
2026-04-17 04:23:00,2.78,2.78,2.78,2.78,2.785,2.785,2.785,2.785,1
2026-04-17 04:25:00,2.7805,2.7805,2.7805,2.7805,2.7855,2.7855,2.7855,2.7855,1
2026-04-17 04:26:00,2.78,2.78,2.78,2.78,2.785,2.785,2.785,2.785,1
2026-04-17 04:27:00,2.7805,2.7805,2.78,2.78,2.7855,2.7855,2.785,2.785,2
2026-04-17 04:28:00,2.7795,2.78,2.7795,2.78,2.7845,2.785,2.7845,2.785,2
2026-04-17 04:29:00,2.7795,2.7795,2.7795,2.7795,2.7845,2.7845,2.7845,2.7845,1
2026-04-17 04:30:00,2.779,2.779,2.7785,2.7785,2.784,2.784,2.7835,2.7835,2
2026-04-17 04:34:00,2.778,2.7785,2.7765,2.7785,2.783,2.7835,2.7815,2.7835,12
2026-04-17 04:36:00,2.7775,2.7775,2.7775,2.7775,2.7825,2.7825,2.7825,2.7825,1
2026-04-17 04:38:00,2.7785,2.7785,2.778,2.778,2.7835,2.7835,2.783,2.783,2
2026-04-17 04:39:00,2.7785,2.7795,2.7785,2.779,2.7835,2.7845,2.7835,2.784,6
2026-04-17 04:40:00,2.7795,2.7795,2.7785,2.7785,2.7845,2.7845,2.7835,2.7835,2
2026-04-17 04:41:00,2.779,2.7795,2.779,2.7795,2.784,2.7845,2.784,2.7845,2
2026-04-17 04:42:00,2.78,2.78,2.7795,2.7795,2.785,2.785,2.7845,2.7845,2
2026-04-17 04:44:00,2.7805,2.7805,2.7805,2.7805,2.7855,2.7855,2.7855,2.7855,1
2026-04-17 04:46:00,2.7795,2.7795,2.7795,2.7795,2.7845,2.7845,2.7845,2.7845,1
2026-04-17 04:47:00,2.779,2.7795,2.779,2.7795,2.784,2.7845,2.784,2.7845,2
2026-04-17 04:48:00,2.7785,2.7785,2.7785,2.7785,2.7835,2.7835,2.7835,2.7835,1
2026-04-17 04:52:00,2.779,2.779,2.779,2.779,2.784,2.784,2.784,2.784,1
2026-04-17 04:54:00,2.7785,2.7795,2.7785,2.7795,2.7835,2.7845,2.7835,2.7845,2
2026-04-17 04:56:00,2.7805,2.7805,2.7795,2.78,2.7855,2.7855,2.7845,2.785,3
2026-04-17 04:57:00,2.7795,2.7815,2.7795,2.7815,2.7845,2.7865,2.7845,2.7865,4
2026-04-17 04:58:00,2.7825,2.7825,2.7815,2.782,2.7875,2.7875,2.7865,2.787,5
2026-04-17 05:00:00,2.7815,2.7815,2.7815,2.7815,2.7865,2.7865,2.7865,2.7865,1
2026-04-17 05:01:00,2.781,2.7815,2.7805,2.7805,2.786,2.7865,2.7855,2.7855,7
2026-04-17 05:02:00,2.7815,2.7825,2.781,2.782,2.7865,2.7875,2.786,2.787,5
2026-04-17 05:03:00,2.7825,2.7825,2.782,2.7825,2.7875,2.7875,2.787,2.7875,3
2026-04-17 05:04:00,2.7815,2.7825,2.7815,2.7825,2.7865,2.7875,2.7865,2.7875,2
2026-04-17 05:05:00,2.782,2.782,2.7815,2.7815,2.787,2.787,2.7865,2.7865,2
2026-04-17 05:06:00,2.782,2.782,2.78,2.7805,2.787,2.787,2.785,2.7855,15
2026-04-17 05:07:00,2.78,2.7805,2.78,2.7805,2.785,2.7855,2.785,2.7855,6
2026-04-17 05:11:00,2.78,2.781,2.7795,2.7805,2.785,2.786,2.7845,2.7855,5
2026-04-17 05:13:00,2.781,2.781,2.7805,2.7805,2.786,2.786,2.7855,2.7855,6
2026-04-17 05:14:00,2.7815,2.7815,2.7815,2.7815,2.7865,2.7865,2.7865,2.7865,1
2026-04-17 05:15:00,2.782,2.7825,2.7815,2.7825,2.787,2.7875,2.7865,2.7875,6
2026-04-17 05:17:00,2.7815,2.7815,2.7805,2.781,2.7865,2.7865,2.7855,2.786,4
2026-04-17 05:20:00,2.7815,2.7815,2.781,2.781,2.7865,2.7865,2.786,2.786,2
2026-04-17 05:21:00,2.7815,2.782,2.7815,2.7815,2.7865,2.787,2.7865,2.7865,3
2026-04-17 05:22:00,2.781,2.7815,2.781,2.7815,2.786,2.7865,2.786,2.7865,2
2026-04-17 05:23:00,2.782,2.782,2.782,2.782,2.787,2.787,2.787,2.787,1
2026-04-17 05:24:00,2.7825,2.7825,2.782,2.7825,2.7875,2.7875,2.787,2.7875,3
2026-04-17 05:25:00,2.782,2.782,2.782,2.782,2.787,2.787,2.787,2.787,1
2026-04-17 05:26:00,2.7825,2.7825,2.7815,2.7815,2.7875,2.7875,2.7865,2.7865,3
2026-04-17 05:27:00,2.782,2.782,2.782,2.782,2.787,2.787,2.787,2.787,1
2026-04-17 05:30:00,2.7815,2.782,2.7765,2.7765,2.7865,2.787,2.7815,2.7815,28
2026-04-17 05:31:00,2.7775,2.7785,2.7765,2.7775,2.7825,2.7835,2.7815,2.7825,14
2026-04-17 05:32:00,2.777,2.7775,2.7765,2.777,2.782,2.7825,2.7815,2.782,14
2026-04-17 05:33:00,2.7765,2.7765,2.7755,2.7755,2.7815,2.7815,2.7805,2.7805,8
2026-04-17 05:34:00,2.7765,2.7765,2.7755,2.7755,2.7815,2.7815,2.7805,2.7805,7
2026-04-17 05:35:00,2.7765,2.7765,2.7755,2.776,2.7815,2.7815,2.7805,2.781,5
2026-04-17 05:36:00,2.7755,2.776,2.7745,2.7745,2.7805,2.781,2.7795,2.7795,12
2026-04-17 05:37:00,2.775,2.775,2.7745,2.7745,2.78,2.78,2.7795,2.7795,4
2026-04-17 05:39:00,2.776,2.776,2.7755,2.7755,2.781,2.781,2.7805,2.7805,4
2026-04-17 05:40:00,2.7765,2.7765,2.7755,2.7755,2.7815,2.7815,2.7805,2.7805,2
2026-04-17 05:41:00,2.776,2.776,2.7755,2.7755,2.781,2.781,2.7805,2.7805,4
2026-04-17 05:42:00,2.776,2.776,2.7745,2.775,2.781,2.781,2.7795,2.78,11
2026-04-17 05:43:00,2.7755,2.776,2.7755,2.7755,2.7805,2.781,2.7805,2.7805,7
2026-04-17 05:44:00,2.776,2.7765,2.7755,2.7765,2.781,2.7815,2.7805,2.7815,6
2026-04-17 05:45:00,2.7755,2.7765,2.7755,2.7765,2.7805,2.7815,2.7805,2.7815,5
2026-04-17 05:46:00,2.777,2.777,2.7765,2.7765,2.782,2.782,2.7815,2.7815,4
2026-04-17 05:49:00,2.777,2.777,2.7765,2.7765,2.782,2.782,2.7815,2.7815,4
2026-04-17 05:51:00,2.777,2.777,2.7765,2.7765,2.782,2.782,2.7815,2.7815,6
2026-04-17 05:52:00,2.777,2.7775,2.7765,2.7775,2.782,2.7825,2.7815,2.7825,5
2026-04-17 05:53:00,2.7765,2.777,2.7765,2.7765,2.7815,2.782,2.7815,2.7815,3
2026-04-17 05:54:00,2.777,2.7775,2.7765,2.7765,2.782,2.7825,2.7815,2.7815,9
2026-04-17 05:55:00,2.777,2.777,2.7765,2.7765,2.782,2.782,2.7815,2.7815,4
2026-04-17 05:56:00,2.777,2.777,2.7765,2.7765,2.782,2.782,2.7815,2.7815,6
2026-04-17 05:57:00,2.777,2.777,2.7765,2.7765,2.782,2.782,2.7815,2.7815,2
2026-04-17 05:58:00,2.777,2.777,2.7765,2.7765,2.782,2.782,2.7815,2.7815,4
2026-04-17 06:00:00,2.777,2.777,2.7765,2.7765,2.782,2.782,2.7815,2.7815,2
2026-04-17 06:01:00,2.7755,2.777,2.7755,2.7765,2.7805,2.782,2.7805,2.7815,7
2026-04-17 06:02:00,2.776,2.776,2.7755,2.7755,2.781,2.781,2.7805,2.7805,2
2026-04-17 06:03:00,2.7765,2.778,2.7765,2.777,2.7815,2.783,2.7815,2.782,18
2026-04-17 06:04:00,2.7765,2.7775,2.7765,2.7775,2.7815,2.7825,2.7815,2.7825,2
2026-04-17 06:06:00,2.778,2.7785,2.778,2.7785,2.783,2.7835,2.783,2.7835,2
2026-04-17 06:07:00,2.779,2.7795,2.779,2.7795,2.784,2.7845,2.784,2.7845,2
2026-04-17 06:08:00,2.78,2.7815,2.7795,2.7805,2.785,2.7865,2.7845,2.7855,13
2026-04-17 06:09:00,2.7795,2.78,2.779,2.779,2.7845,2.785,2.784,2.784,6
2026-04-17 06:10:00,2.7785,2.7785,2.778,2.778,2.7835,2.7835,2.783,2.783,4
2026-04-17 06:11:00,2.7785,2.7785,2.778,2.778,2.7835,2.7835,2.783,2.783,2
2026-04-17 06:12:00,2.7775,2.778,2.7775,2.778,2.7825,2.783,2.7825,2.783,2
2026-04-17 06:13:00,2.7775,2.778,2.7775,2.778,2.7825,2.783,2.7825,2.783,4
2026-04-17 06:14:00,2.7785,2.7785,2.778,2.7785,2.7835,2.7835,2.783,2.7835,5
2026-04-17 06:16:00,2.779,2.7795,2.7785,2.7785,2.784,2.7845,2.7835,2.7835,11
2026-04-17 06:17:00,2.779,2.779,2.7785,2.7785,2.784,2.784,2.7835,2.7835,8
2026-04-17 06:18:00,2.7795,2.781,2.7795,2.7805,2.7845,2.786,2.7845,2.7855,11
2026-04-17 06:19:00,2.78,2.7805,2.78,2.78,2.785,2.7855,2.785,2.785,13
2026-04-17 06:20:00,2.7805,2.781,2.7795,2.7795,2.7855,2.786,2.7845,2.7845,6
2026-04-17 06:21:00,2.78,2.78,2.7795,2.78,2.785,2.785,2.7845,2.785,5
2026-04-17 06:22:00,2.7795,2.7805,2.778,2.779,2.7845,2.7855,2.783,2.784,10
2026-04-17 06:23:00,2.7785,2.7795,2.7785,2.7795,2.7835,2.7845,2.7835,2.7845,4
2026-04-17 06:24:00,2.7805,2.7805,2.779,2.7795,2.7855,2.7855,2.784,2.7845,21
2026-04-17 06:25:00,2.779,2.7805,2.779,2.78,2.784,2.7855,2.784,2.785,3
2026-04-17 06:26:00,2.7795,2.7795,2.7795,2.7795,2.7845,2.7845,2.7845,2.7845,1
2026-04-17 06:30:00,2.7785,2.7785,2.7785,2.7785,2.7835,2.7835,2.7835,2.7835,1
2026-04-17 06:31:00,2.7795,2.7805,2.7795,2.7795,2.7845,2.7855,2.7845,2.7845,6
2026-04-17 06:34:00,2.7785,2.7795,2.7785,2.779,2.7835,2.7845,2.7835,2.784,6
2026-04-17 06:35:00,2.7795,2.7795,2.7795,2.7795,2.7845,2.7845,2.7845,2.7845,1
2026-04-17 06:38:00,2.7805,2.7805,2.7805,2.7805,2.7855,2.7855,2.7855,2.7855,1
2026-04-17 06:39:00,2.781,2.781,2.781,2.781,2.786,2.786,2.786,2.786,1
2026-04-17 06:40:00,2.7805,2.781,2.7795,2.7805,2.7855,2.786,2.7845,2.7855,5
2026-04-17 06:41:00,2.78,2.7805,2.7795,2.78,2.785,2.7855,2.7845,2.785,11
2026-04-17 06:42:00,2.7805,2.781,2.7795,2.781,2.7855,2.786,2.7845,2.786,17
2026-04-17 06:43:00,2.7815,2.7815,2.781,2.7815,2.7865,2.7865,2.786,2.7865,3
2026-04-17 06:45:00,2.781,2.781,2.781,2.781,2.786,2.786,2.786,2.786,1
2026-04-17 06:46:00,2.7815,2.7815,2.781,2.781,2.7865,2.7865,2.786,2.786,2
2026-04-17 06:47:00,2.7805,2.7805,2.7795,2.78,2.7855,2.7855,2.7845,2.785,3
2026-04-17 06:49:00,2.7805,2.7805,2.78,2.78,2.7855,2.7855,2.785,2.785,6
2026-04-17 06:50:00,2.7805,2.7805,2.78,2.78,2.7855,2.7855,2.785,2.785,2
2026-04-17 06:52:00,2.7805,2.7805,2.78,2.78,2.7855,2.7855,2.785,2.785,4
2026-04-17 06:53:00,2.7805,2.7815,2.78,2.781,2.7855,2.7865,2.785,2.786,7
2026-04-17 06:54:00,2.7805,2.7805,2.7795,2.7805,2.7855,2.7855,2.7845,2.7855,5
2026-04-17 06:57:00,2.781,2.781,2.781,2.781,2.786,2.786,2.786,2.786,1
2026-04-17 06:58:00,2.7815,2.7815,2.7815,2.7815,2.7865,2.7865,2.7865,2.7865,1
2026-04-17 06:59:00,2.782,2.782,2.782,2.782,2.787,2.787,2.787,2.787,1
2026-04-17 07:00:00,2.7815,2.7835,2.7815,2.7835,2.7865,2.7885,2.7865,2.7885,8
2026-04-17 07:01:00,2.783,2.783,2.7825,2.7825,2.788,2.788,2.7875,2.7875,4
2026-04-17 07:02:00,2.783,2.7835,2.783,2.7835,2.788,2.7885,2.788,2.7885,2
2026-04-17 07:03:00,2.7825,2.7835,2.7825,2.7825,2.7875,2.7885,2.7875,2.7875,8
2026-04-17 07:05:00,2.7815,2.782,2.7815,2.782,2.7865,2.787,2.7865,2.787,2
2026-04-17 07:06:00,2.7815,2.7815,2.7815,2.7815,2.7865,2.7865,2.7865,2.7865,1
2026-04-17 07:07:00,2.782,2.782,2.781,2.781,2.787,2.787,2.786,2.786,3
2026-04-17 07:08:00,2.7805,2.781,2.7805,2.781,2.7855,2.786,2.7855,2.786,2
2026-04-17 07:10:00,2.7815,2.7815,2.781,2.7815,2.7865,2.7865,2.786,2.7865,5
2026-04-17 07:13:00,2.7805,2.7815,2.7795,2.78,2.7855,2.7865,2.7845,2.785,19
2026-04-17 07:14:00,2.7795,2.7815,2.7795,2.7805,2.7845,2.7865,2.7845,2.7855,19
2026-04-17 07:15:00,2.781,2.781,2.7805,2.7805,2.786,2.786,2.7855,2.7855,2
2026-04-17 07:16:00,2.78,2.78,2.78,2.78,2.785,2.785,2.785,2.785,1
2026-04-17 07:17:00,2.7805,2.7805,2.78,2.78,2.7855,2.7855,2.785,2.785,2
2026-04-17 07:18:00,2.7795,2.7805,2.7795,2.78,2.7845,2.7855,2.7845,2.785,7
2026-04-17 07:19:00,2.7795,2.7795,2.7785,2.7785,2.7845,2.7845,2.7835,2.7835,5
2026-04-17 07:20:00,2.7795,2.78,2.7785,2.7795,2.7845,2.785,2.7835,2.7845,5
2026-04-17 07:21:00,2.78,2.78,2.7795,2.7795,2.785,2.785,2.7845,2.7845,10
2026-04-17 07:22:00,2.78,2.78,2.78,2.78,2.785,2.785,2.785,2.785,1
2026-04-17 07:23:00,2.7805,2.7815,2.7805,2.7805,2.7855,2.7865,2.7855,2.7855,6
2026-04-17 07:24:00,2.781,2.781,2.7795,2.78,2.786,2.786,2.7845,2.785,4
2026-04-17 07:25:00,2.7805,2.7815,2.779,2.7805,2.7855,2.7865,2.784,2.7855,5
2026-04-17 07:26:00,2.7795,2.7815,2.7795,2.7815,2.7845,2.7865,2.7845,2.7865,3
2026-04-17 07:27:00,2.7805,2.782,2.7805,2.7815,2.7855,2.787,2.7855,2.7865,8
2026-04-17 07:28:00,2.781,2.781,2.781,2.781,2.786,2.786,2.786,2.786,1
2026-04-17 07:29:00,2.7805,2.7815,2.7805,2.7815,2.7855,2.7865,2.7855,2.7865,3
2026-04-17 07:30:00,2.781,2.7835,2.781,2.7825,2.786,2.7885,2.786,2.7875,5
2026-04-17 07:31:00,2.7815,2.783,2.7815,2.783,2.7865,2.788,2.7865,2.788,7
2026-04-17 07:32:00,2.7825,2.783,2.7825,2.7825,2.7875,2.788,2.7875,2.7875,19
2026-04-17 07:33:00,2.783,2.7835,2.783,2.7835,2.788,2.7885,2.788,2.7885,2
2026-04-17 07:36:00,2.784,2.7845,2.7815,2.7825,2.789,2.7895,2.7865,2.7875,10
2026-04-17 07:37:00,2.7835,2.7835,2.7815,2.783,2.7885,2.7885,2.7865,2.788,7
2026-04-17 07:39:00,2.7835,2.7835,2.783,2.7835,2.7885,2.7885,2.788,2.7885,5
2026-04-17 07:40:00,2.783,2.783,2.783,2.783,2.788,2.788,2.788,2.788,1
2026-04-17 07:41:00,2.7835,2.7835,2.7825,2.7835,2.7885,2.7885,2.7875,2.7885,3
2026-04-17 07:46:00,2.7825,2.7825,2.7825,2.7825,2.7875,2.7875,2.7875,2.7875,1
2026-04-17 07:48:00,2.7815,2.7825,2.7815,2.7825,2.7865,2.7875,2.7865,2.7875,6
2026-04-17 07:49:00,2.7835,2.7835,2.7825,2.783,2.7885,2.7885,2.7875,2.788,4
2026-04-17 07:50:00,2.7825,2.783,2.7825,2.7825,2.7875,2.788,2.7875,2.7875,3
2026-04-17 07:51:00,2.783,2.7835,2.783,2.7835,2.788,2.7885,2.788,2.7885,2
2026-04-17 07:52:00,2.7845,2.7845,2.7835,2.7845,2.7895,2.7895,2.7885,2.7895,11
2026-04-17 07:53:00,2.784,2.7845,2.784,2.784,2.789,2.7895,2.789,2.789,3
2026-04-17 07:55:00,2.7845,2.7845,2.784,2.784,2.7895,2.7895,2.789,2.789,2
2026-04-17 07:56:00,2.7835,2.7835,2.7825,2.7835,2.7885,2.7885,2.7875,2.7885,8
2026-04-17 07:57:00,2.783,2.7835,2.783,2.7835,2.788,2.7885,2.788,2.7885,2
2026-04-17 07:58:00,2.783,2.783,2.783,2.783,2.788,2.788,2.788,2.788,1
2026-04-17 07:59:00,2.7835,2.7835,2.783,2.783,2.7885,2.7885,2.788,2.788,4
2026-04-17 08:00:00,2.7825,2.783,2.7825,2.783,2.7875,2.788,2.7875,2.788,2
2026-04-17 08:01:00,2.7825,2.7825,2.7815,2.7825,2.7875,2.7875,2.7865,2.7875,3
2026-04-17 08:02:00,2.783,2.783,2.783,2.783,2.788,2.788,2.788,2.788,1
2026-04-17 08:03:00,2.7835,2.7835,2.7835,2.7835,2.7885,2.7885,2.7885,2.7885,1
2026-04-17 08:05:00,2.7845,2.7845,2.7845,2.7845,2.7895,2.7895,2.7895,2.7895,1
2026-04-17 08:07:00,2.7855,2.7855,2.7845,2.7855,2.7905,2.7905,2.7895,2.7905,5
2026-04-17 08:08:00,2.785,2.7855,2.7845,2.785,2.79,2.7905,2.7895,2.79,7
2026-04-17 08:09:00,2.7855,2.7865,2.7855,2.7865,2.7905,2.7915,2.7905,2.7915,2
2026-04-17 08:10:00,2.7855,2.7855,2.7855,2.7855,2.7905,2.7905,2.7905,2.7905,1
2026-04-17 08:12:00,2.7845,2.7855,2.7845,2.7855,2.7895,2.7905,2.7895,2.7905,3
2026-04-17 08:16:00,2.786,2.7865,2.7855,2.7855,2.791,2.7915,2.7905,2.7905,13
2026-04-17 08:17:00,2.7865,2.7865,2.7855,2.7855,2.7915,2.7915,2.7905,2.7905,3
2026-04-17 08:18:00,2.7865,2.7865,2.7865,2.7865,2.7915,2.7915,2.7915,2.7915,1
2026-04-17 08:19:00,2.7875,2.789,2.7875,2.7875,2.7925,2.794,2.7925,2.7925,7
2026-04-17 08:22:00,2.7885,2.7895,2.7885,2.7895,2.7935,2.7945,2.7935,2.7945,6
2026-04-17 08:24:00,2.789,2.7895,2.7885,2.7885,2.794,2.7945,2.7935,2.7935,4
2026-04-17 08:25:00,2.7875,2.7875,2.787,2.7875,2.7925,2.7925,2.792,2.7925,3
2026-04-17 08:27:00,2.7885,2.7895,2.7885,2.7895,2.7935,2.7945,2.7935,2.7945,5
2026-04-17 08:28:00,2.789,2.789,2.789,2.789,2.794,2.794,2.794,2.794,1
2026-04-17 08:29:00,2.79,2.7905,2.7895,2.7905,2.795,2.7955,2.7945,2.7955,3
2026-04-17 08:30:00,2.7915,2.7915,2.7905,2.7905,2.7965,2.7965,2.7955,2.7955,4
2026-04-17 08:31:00,2.7895,2.7895,2.7895,2.7895,2.7945,2.7945,2.7945,2.7945,1
2026-04-17 08:32:00,2.79,2.7925,2.79,2.7925,2.795,2.7975,2.795,2.7975,5
2026-04-17 08:33:00,2.792,2.792,2.7915,2.7915,2.797,2.797,2.7965,2.7965,2
2026-04-17 08:34:00,2.792,2.7925,2.792,2.7925,2.797,2.7975,2.797,2.7975,2
2026-04-17 08:35:00,2.792,2.792,2.7905,2.7915,2.797,2.797,2.7955,2.7965,6
2026-04-17 08:36:00,2.791,2.791,2.7905,2.7905,2.796,2.796,2.7955,2.7955,4
2026-04-17 08:37:00,2.791,2.7915,2.791,2.7915,2.796,2.7965,2.796,2.7965,2
2026-04-17 08:38:00,2.791,2.7915,2.791,2.7915,2.796,2.7965,2.796,2.7965,2
2026-04-17 08:39:00,2.791,2.7915,2.7905,2.7905,2.796,2.7965,2.7955,2.7955,5
2026-04-17 08:41:00,2.7895,2.7905,2.7895,2.7895,2.7945,2.7955,2.7945,2.7945,6
2026-04-17 08:43:00,2.789,2.7895,2.7885,2.7885,2.794,2.7945,2.7935,2.7935,4
2026-04-17 08:44:00,2.7895,2.7895,2.7895,2.7895,2.7945,2.7945,2.7945,2.7945,1
2026-04-17 08:45:00,2.79,2.79,2.7895,2.7895,2.795,2.795,2.7945,2.7945,6
2026-04-17 08:46:00,2.79,2.79,2.7895,2.7895,2.795,2.795,2.7945,2.7945,2
2026-04-17 08:47:00,2.7885,2.79,2.7885,2.79,2.7935,2.795,2.7935,2.795,6
2026-04-17 08:48:00,2.791,2.7925,2.79,2.7905,2.796,2.7975,2.795,2.7955,15
2026-04-17 08:49:00,2.7895,2.7925,2.7895,2.7905,2.7945,2.7975,2.7945,2.7955,22
2026-04-17 08:50:00,2.7915,2.7925,2.7915,2.7925,2.7965,2.7975,2.7965,2.7975,3
2026-04-17 08:51:00,2.793,2.7945,2.7925,2.7925,2.798,2.7995,2.7975,2.7975,13
2026-04-17 08:52:00,2.7915,2.7945,2.7915,2.794,2.7965,2.7995,2.7965,2.799,8
2026-04-17 08:53:00,2.7945,2.7945,2.7935,2.7935,2.7995,2.7995,2.7985,2.7985,7
2026-04-17 08:54:00,2.794,2.794,2.7915,2.792,2.799,2.799,2.7965,2.797,6
2026-04-17 08:55:00,2.793,2.7935,2.7925,2.793,2.798,2.7985,2.7975,2.798,7
2026-04-17 08:56:00,2.7925,2.7925,2.791,2.7915,2.7975,2.7975,2.796,2.7965,7
2026-04-17 08:58:00,2.792,2.7935,2.7915,2.7925,2.797,2.7985,2.7965,2.7975,8
2026-04-17 08:59:00,2.793,2.795,2.793,2.795,2.798,2.8,2.798,2.8,25
2026-04-17 09:00:00,2.7945,2.7945,2.7925,2.7935,2.7995,2.7995,2.7975,2.7985,24
2026-04-17 09:01:00,2.794,2.7965,2.794,2.7945,2.799,2.8015,2.799,2.7995,36
2026-04-17 09:02:00,2.795,2.7955,2.7935,2.794,2.8,2.8005,2.7985,2.799,16
2026-04-17 09:03:00,2.7945,2.7955,2.7945,2.795,2.7995,2.8005,2.7995,2.8,3
2026-04-17 09:04:00,2.7945,2.7965,2.7945,2.796,2.7995,2.8015,2.7995,2.801,9
2026-04-17 09:05:00,2.7965,2.7965,2.794,2.794,2.8015,2.8015,2.799,2.799,8
2026-04-17 09:06:00,2.7945,2.7965,2.7945,2.7955,2.7995,2.8015,2.7995,2.8005,6
2026-04-17 09:07:00,2.796,2.7965,2.795,2.795,2.801,2.8015,2.8,2.8,17
2026-04-17 09:08:00,2.7955,2.7955,2.7945,2.7945,2.8005,2.8005,2.7995,2.7995,13
2026-04-17 09:09:00,2.794,2.795,2.7935,2.7945,2.799,2.8,2.7985,2.7995,7
2026-04-17 09:10:00,2.795,2.7955,2.7925,2.7925,2.8,2.8005,2.7975,2.7975,12
2026-04-17 09:11:00,2.793,2.7935,2.7925,2.7935,2.798,2.7985,2.7975,2.7985,3
2026-04-17 09:12:00,2.7945,2.7945,2.7935,2.794,2.7995,2.7995,2.7985,2.799,5
2026-04-17 09:13:00,2.7945,2.7945,2.7925,2.7925,2.7995,2.7995,2.7975,2.7975,5
2026-04-17 09:14:00,2.792,2.792,2.7915,2.7915,2.797,2.797,2.7965,2.7965,4
2026-04-17 09:15:00,2.792,2.793,2.792,2.7925,2.797,2.798,2.797,2.7975,5
2026-04-17 09:16:00,2.793,2.7935,2.7925,2.7935,2.798,2.7985,2.7975,2.7985,6
2026-04-17 09:17:00,2.794,2.7945,2.794,2.7945,2.799,2.7995,2.799,2.7995,2
2026-04-17 09:18:00,2.794,2.7945,2.794,2.7945,2.799,2.7995,2.799,2.7995,2
2026-04-17 09:19:00,2.794,2.794,2.7935,2.7935,2.799,2.799,2.7985,2.7985,4
2026-04-17 09:20:00,2.794,2.794,2.7925,2.7935,2.799,2.799,2.7975,2.7985,8
2026-04-17 09:21:00,2.793,2.793,2.7925,2.7925,2.798,2.798,2.7975,2.7975,2
2026-04-17 09:22:00,2.793,2.7935,2.7925,2.793,2.798,2.7985,2.7975,2.798,9
2026-04-17 09:23:00,2.7925,2.793,2.7925,2.7925,2.7975,2.798,2.7975,2.7975,3
2026-04-17 09:24:00,2.7915,2.793,2.7905,2.7925,2.7965,2.798,2.7955,2.7975,16
2026-04-17 09:25:00,2.792,2.793,2.792,2.7925,2.797,2.798,2.797,2.7975,4
2026-04-17 09:26:00,2.792,2.793,2.792,2.793,2.797,2.798,2.797,2.798,5
2026-04-17 09:27:00,2.7925,2.7935,2.7925,2.793,2.7975,2.7985,2.7975,2.798,4
2026-04-17 09:29:00,2.7935,2.7935,2.793,2.793,2.7985,2.7985,2.798,2.798,2
2026-04-17 09:30:00,2.7935,2.7935,2.7925,2.7925,2.7985,2.7985,2.7975,2.7975,2
2026-04-17 09:31:00,2.7915,2.7915,2.7905,2.7905,2.7965,2.7965,2.7955,2.7955,7
2026-04-17 09:32:00,2.791,2.7915,2.7905,2.7915,2.796,2.7965,2.7955,2.7965,8
2026-04-17 09:33:00,2.791,2.7925,2.791,2.792,2.796,2.7975,2.796,2.797,16
2026-04-17 09:34:00,2.7925,2.7935,2.7925,2.7925,2.7975,2.7985,2.7975,2.7975,7
2026-04-17 09:35:00,2.793,2.794,2.793,2.7935,2.798,2.799,2.798,2.7985,6
2026-04-17 09:36:00,2.793,2.7945,2.793,2.794,2.798,2.7995,2.798,2.799,16
2026-04-17 09:37:00,2.7945,2.7965,2.7945,2.7945,2.7995,2.8015,2.7995,2.7995,11
2026-04-17 09:38:00,2.794,2.794,2.7925,2.793,2.799,2.799,2.7975,2.798,6
2026-04-17 09:39:00,2.7935,2.7935,2.7925,2.7925,2.7985,2.7985,2.7975,2.7975,7
2026-04-17 09:40:00,2.793,2.7935,2.7925,2.793,2.798,2.7985,2.7975,2.798,7
2026-04-17 09:41:00,2.7925,2.7925,2.7925,2.7925,2.7975,2.7975,2.7975,2.7975,1
2026-04-17 09:42:00,2.7915,2.7925,2.7915,2.792,2.7965,2.7975,2.7965,2.797,5
2026-04-17 09:43:00,2.7925,2.7925,2.792,2.7925,2.7975,2.7975,2.797,2.7975,3
2026-04-17 09:45:00,2.7915,2.7915,2.791,2.7915,2.7965,2.7965,2.796,2.7965,3
2026-04-17 09:46:00,2.7925,2.7935,2.7915,2.792,2.7975,2.7985,2.7965,2.797,7
2026-04-17 09:47:00,2.7925,2.7925,2.7915,2.7915,2.7975,2.7975,2.7965,2.7965,7
2026-04-17 09:49:00,2.791,2.7915,2.791,2.7915,2.796,2.7965,2.796,2.7965,2
2026-04-17 09:51:00,2.7905,2.7925,2.7905,2.7925,2.7955,2.7975,2.7955,2.7975,3
2026-04-17 09:52:00,2.7935,2.7945,2.7925,2.7945,2.7985,2.7995,2.7975,2.7995,4
2026-04-17 09:53:00,2.7955,2.7955,2.7945,2.7945,2.8005,2.8005,2.7995,2.7995,6
2026-04-17 09:54:00,2.795,2.7955,2.7945,2.7955,2.8,2.8005,2.7995,2.8005,11
2026-04-17 09:55:00,2.796,2.7965,2.7955,2.796,2.801,2.8015,2.8005,2.801,6
2026-04-17 09:56:00,2.7965,2.7975,2.7965,2.7975,2.8015,2.8025,2.8015,2.8025,5
2026-04-17 09:57:00,2.7965,2.7975,2.7965,2.7975,2.8015,2.8025,2.8015,2.8025,2
2026-04-17 09:58:00,2.7965,2.7965,2.7955,2.7965,2.8015,2.8015,2.8005,2.8015,10
2026-04-17 09:59:00,2.7975,2.7975,2.797,2.797,2.8025,2.8025,2.802,2.802,2
2026-04-17 10:00:00,2.7975,2.8005,2.7975,2.7985,2.8025,2.8055,2.8025,2.8035,13
2026-04-17 10:01:00,2.797,2.7975,2.7965,2.7975,2.802,2.8025,2.8015,2.8025,13
2026-04-17 10:02:00,2.798,2.7995,2.798,2.799,2.803,2.8045,2.803,2.804,6
2026-04-17 10:03:00,2.7985,2.799,2.797,2.797,2.8035,2.804,2.802,2.802,8
2026-04-17 10:04:00,2.7965,2.7965,2.7945,2.7945,2.8015,2.8015,2.7995,2.7995,4
2026-04-17 10:05:00,2.7955,2.7985,2.7955,2.7985,2.8005,2.8035,2.8005,2.8035,7
2026-04-17 10:06:00,2.799,2.8045,2.799,2.8025,2.804,2.8095,2.804,2.8075,11
2026-04-17 10:07:00,2.8015,2.8025,2.8015,2.8015,2.8065,2.8075,2.8065,2.8065,9
2026-04-17 10:08:00,2.8025,2.8025,2.8015,2.8025,2.8075,2.8075,2.8065,2.8075,4
2026-04-17 10:09:00,2.8035,2.8035,2.8025,2.8025,2.8085,2.8085,2.8075,2.8075,2
2026-04-17 10:10:00,2.8035,2.8035,2.8025,2.8035,2.8085,2.8085,2.8075,2.8085,6
2026-04-17 10:11:00,2.8045,2.8055,2.8035,2.8035,2.8095,2.8105,2.8085,2.8085,7
2026-04-17 10:12:00,2.8045,2.8045,2.803,2.804,2.8095,2.8095,2.808,2.809,6
2026-04-17 10:13:00,2.8045,2.805,2.803,2.8035,2.8095,2.81,2.808,2.8085,15
2026-04-17 10:14:00,2.804,2.8045,2.8015,2.8045,2.809,2.8095,2.8065,2.8095,12
2026-04-17 10:15:00,2.804,2.8076,2.8035,2.807,2.809,2.8125,2.8085,2.812,29
2026-04-17 10:16:00,2.8076,2.8076,2.8065,2.8065,2.8125,2.8125,2.8115,2.8115,3
2026-04-17 10:17:00,2.8076,2.8076,2.8065,2.8076,2.8125,2.8125,2.8115,2.8125,8
2026-04-17 10:18:00,2.808,2.808,2.8076,2.8076,2.813,2.813,2.8125,2.8125,2
2026-04-17 10:19:00,2.8065,2.8076,2.8065,2.8076,2.8115,2.8125,2.8115,2.8125,5
2026-04-17 10:20:00,2.8065,2.8065,2.8055,2.8055,2.8115,2.8115,2.8105,2.8105,6
2026-04-17 10:21:00,2.8065,2.8065,2.8055,2.806,2.8115,2.8115,2.8105,2.811,6
2026-04-17 10:22:00,2.8065,2.8065,2.8055,2.806,2.8115,2.8115,2.8105,2.811,7
2026-04-17 10:23:00,2.8065,2.8065,2.8055,2.8065,2.8115,2.8115,2.8105,2.8115,5
2026-04-17 10:24:00,2.806,2.806,2.8045,2.8045,2.811,2.811,2.8095,2.8095,8
2026-04-17 10:25:00,2.8035,2.8045,2.8035,2.8045,2.8085,2.8095,2.8085,2.8095,4
2026-04-17 10:26:00,2.8035,2.8045,2.8035,2.8045,2.8085,2.8095,2.8085,2.8095,2
2026-04-17 10:27:00,2.804,2.8045,2.8035,2.804,2.809,2.8095,2.8085,2.809,14
2026-04-17 10:28:00,2.8045,2.8045,2.8035,2.8045,2.8095,2.8095,2.8085,2.8095,12
2026-04-17 10:29:00,2.8035,2.8035,2.8035,2.8035,2.8085,2.8085,2.8085,2.8085,1
2026-04-17 10:30:00,2.804,2.805,2.804,2.8045,2.809,2.81,2.809,2.8095,4
2026-04-17 10:32:00,2.8035,2.8045,2.8025,2.8045,2.8085,2.8095,2.8075,2.8095,12
2026-04-17 10:33:00,2.8035,2.8035,2.8025,2.8025,2.8085,2.8085,2.8075,2.8075,5
2026-04-17 10:34:00,2.8035,2.804,2.8025,2.8035,2.8085,2.809,2.8075,2.8085,10
2026-04-17 10:35:00,2.803,2.803,2.8015,2.8015,2.808,2.808,2.8065,2.8065,4
2026-04-17 10:36:00,2.802,2.8025,2.802,2.8025,2.807,2.8075,2.807,2.8075,2
2026-04-17 10:37:00,2.803,2.803,2.8015,2.8015,2.808,2.808,2.8065,2.8065,6
2026-04-17 10:38:00,2.802,2.803,2.8015,2.8025,2.807,2.808,2.8065,2.8075,8
2026-04-17 10:39:00,2.8015,2.802,2.8015,2.8015,2.8065,2.807,2.8065,2.8065,3
2026-04-17 10:41:00,2.801,2.801,2.7985,2.7985,2.806,2.806,2.8035,2.8035,10
2026-04-17 10:42:00,2.7995,2.8005,2.799,2.7995,2.8045,2.8055,2.804,2.8045,5
2026-04-17 10:43:00,2.7985,2.8005,2.7985,2.8,2.8035,2.8055,2.8035,2.805,5
2026-04-17 10:44:00,2.7995,2.7995,2.7985,2.7985,2.8045,2.8045,2.8035,2.8035,19
2026-04-17 10:45:00,2.7995,2.8005,2.799,2.8,2.8045,2.8055,2.804,2.805,9
2026-04-17 10:46:00,2.8005,2.8005,2.7995,2.8005,2.8055,2.8055,2.8045,2.8055,6
2026-04-17 10:47:00,2.7995,2.801,2.7995,2.801,2.8045,2.806,2.8045,2.806,17
2026-04-17 10:48:00,2.8015,2.8025,2.8005,2.802,2.8065,2.8075,2.8055,2.807,8
2026-04-17 10:49:00,2.8015,2.8015,2.8005,2.8005,2.8065,2.8065,2.8055,2.8055,5
2026-04-17 10:50:00,2.801,2.8015,2.801,2.8015,2.806,2.8065,2.806,2.8065,2
2026-04-17 10:52:00,2.8005,2.8005,2.7995,2.7995,2.8055,2.8055,2.8045,2.8045,9
2026-04-17 10:53:00,2.8005,2.8005,2.7995,2.7995,2.8055,2.8055,2.8045,2.8045,3
2026-04-17 10:54:00,2.8,2.8005,2.7975,2.798,2.805,2.8055,2.8025,2.803,16
2026-04-17 10:55:00,2.7985,2.7995,2.7975,2.799,2.8035,2.8045,2.8025,2.804,19
2026-04-17 10:56:00,2.7995,2.7995,2.7985,2.7985,2.8045,2.8045,2.8035,2.8035,7
2026-04-17 10:57:00,2.7975,2.7995,2.7975,2.7995,2.8025,2.8045,2.8025,2.8045,16
2026-04-17 10:58:00,2.8,2.8,2.799,2.7995,2.805,2.805,2.804,2.8045,3
2026-04-17 10:59:00,2.799,2.7995,2.7985,2.799,2.804,2.8045,2.8035,2.804,12
2026-04-17 11:00:00,2.7985,2.8005,2.7985,2.7995,2.8035,2.8055,2.8035,2.8045,17
2026-04-17 11:01:00,2.799,2.7995,2.7985,2.799,2.804,2.8045,2.8035,2.804,9
2026-04-17 11:02:00,2.7995,2.7995,2.798,2.798,2.8045,2.8045,2.803,2.803,12
2026-04-17 11:03:00,2.7975,2.799,2.797,2.799,2.8025,2.804,2.802,2.804,14
2026-04-17 11:04:00,2.7995,2.7995,2.7995,2.7995,2.8045,2.8045,2.8045,2.8045,1
2026-04-17 11:05:00,2.799,2.799,2.7985,2.7985,2.804,2.804,2.8035,2.8035,2
2026-04-17 11:06:00,2.799,2.8,2.799,2.7995,2.804,2.805,2.804,2.8045,8
2026-04-17 11:07:00,2.8,2.8,2.7995,2.7995,2.805,2.805,2.8045,2.8045,2
2026-04-17 11:09:00,2.7985,2.7985,2.7985,2.7985,2.8035,2.8035,2.8035,2.8035,1
2026-04-17 11:10:00,2.799,2.7995,2.798,2.7985,2.804,2.8045,2.803,2.8035,10
2026-04-17 11:11:00,2.7995,2.7995,2.7985,2.7985,2.8045,2.8045,2.8035,2.8035,7
2026-04-17 11:12:00,2.798,2.7985,2.7975,2.798,2.803,2.8035,2.8025,2.803,8
2026-04-17 11:13:00,2.7985,2.7995,2.7985,2.7985,2.8035,2.8045,2.8035,2.8035,4
2026-04-17 11:14:00,2.7975,2.7985,2.7975,2.7985,2.8025,2.8035,2.8025,2.8035,2
2026-04-17 11:15:00,2.798,2.7985,2.7975,2.7975,2.803,2.8035,2.8025,2.8025,22
2026-04-17 11:16:00,2.7985,2.7985,2.7975,2.7975,2.8035,2.8035,2.8025,2.8025,3
2026-04-17 11:17:00,2.7985,2.7985,2.798,2.7985,2.8035,2.8035,2.803,2.8035,3
2026-04-17 11:18:00,2.7995,2.7995,2.7985,2.7985,2.8045,2.8045,2.8035,2.8035,11
2026-04-17 11:19:00,2.799,2.8,2.799,2.7995,2.804,2.805,2.804,2.8045,4
2026-04-17 11:20:00,2.7985,2.7995,2.7985,2.7995,2.8035,2.8045,2.8035,2.8045,3
2026-04-17 11:21:00,2.799,2.799,2.7985,2.7985,2.804,2.804,2.8035,2.8035,2
2026-04-17 11:22:00,2.7975,2.7995,2.7975,2.7995,2.8025,2.8045,2.8025,2.8045,4
2026-04-17 11:23:00,2.799,2.7995,2.799,2.799,2.804,2.8045,2.804,2.804,5
2026-04-17 11:24:00,2.7985,2.7995,2.7985,2.7995,2.8035,2.8045,2.8035,2.8045,4
2026-04-17 11:25:00,2.799,2.8,2.7975,2.7975,2.804,2.805,2.8025,2.8025,9
2026-04-17 11:26:00,2.7985,2.7985,2.797,2.798,2.8035,2.8035,2.802,2.803,6
2026-04-17 11:27:00,2.7985,2.7985,2.7965,2.7975,2.8035,2.8035,2.8015,2.8025,16
2026-04-17 11:28:00,2.797,2.797,2.7945,2.7955,2.802,2.802,2.7995,2.8005,16
2026-04-17 11:29:00,2.795,2.7965,2.795,2.7965,2.8,2.8015,2.8,2.8015,8
2026-04-17 11:30:00,2.796,2.7965,2.7945,2.7945,2.801,2.8015,2.7995,2.7995,13
2026-04-17 11:31:00,2.7935,2.794,2.7925,2.7935,2.7985,2.799,2.7975,2.7985,15
2026-04-17 11:32:00,2.793,2.7935,2.7925,2.793,2.798,2.7985,2.7975,2.798,9
2026-04-17 11:33:00,2.7925,2.793,2.7925,2.7925,2.7975,2.798,2.7975,2.7975,3
2026-04-17 11:34:00,2.793,2.793,2.7905,2.7905,2.798,2.798,2.7955,2.7955,10
2026-04-17 11:35:00,2.79,2.7905,2.7875,2.7905,2.795,2.7955,2.7925,2.7955,12
2026-04-17 11:36:00,2.7915,2.7925,2.7905,2.7925,2.7965,2.7975,2.7955,2.7975,7
2026-04-17 11:37:00,2.7935,2.7935,2.7925,2.7935,2.7985,2.7985,2.7975,2.7985,4
2026-04-17 11:38:00,2.793,2.7945,2.793,2.7945,2.798,2.7995,2.798,2.7995,10
2026-04-17 11:39:00,2.7935,2.7935,2.7915,2.7925,2.7985,2.7985,2.7965,2.7975,9
2026-04-17 11:40:00,2.793,2.7935,2.7925,2.7925,2.798,2.7985,2.7975,2.7975,12
2026-04-17 11:42:00,2.7915,2.7915,2.7915,2.7915,2.7965,2.7965,2.7965,2.7965,1
2026-04-17 11:43:00,2.7925,2.7925,2.791,2.7925,2.7975,2.7975,2.796,2.7975,29
2026-04-17 11:44:00,2.793,2.7935,2.7915,2.7925,2.798,2.7985,2.7965,2.7975,19
2026-04-17 11:45:00,2.7935,2.7935,2.7925,2.7935,2.7985,2.7985,2.7975,2.7985,4
2026-04-17 11:46:00,2.793,2.793,2.791,2.791,2.798,2.798,2.796,2.796,11
2026-04-17 11:47:00,2.7915,2.7915,2.7915,2.7915,2.7965,2.7965,2.7965,2.7965,1
2026-04-17 11:48:00,2.791,2.7915,2.7895,2.7895,2.796,2.7965,2.7945,2.7945,9
2026-04-17 11:49:00,2.789,2.7895,2.7885,2.7895,2.794,2.7945,2.7935,2.7945,9
2026-04-17 11:50:00,2.789,2.7895,2.789,2.789,2.794,2.7945,2.794,2.794,5
2026-04-17 11:51:00,2.7895,2.79,2.7885,2.7885,2.7945,2.795,2.7935,2.7935,8
2026-04-17 11:52:00,2.7875,2.7885,2.7875,2.7875,2.7925,2.7935,2.7925,2.7925,8
2026-04-17 11:53:00,2.788,2.7885,2.7865,2.7875,2.793,2.7935,2.7915,2.7925,8
2026-04-17 11:54:00,2.787,2.787,2.7855,2.786,2.792,2.792,2.7905,2.791,9
2026-04-17 11:55:00,2.7855,2.7865,2.7845,2.7855,2.7905,2.7915,2.7895,2.7905,15
2026-04-17 11:56:00,2.785,2.7865,2.7845,2.7865,2.79,2.7915,2.7895,2.7915,5
2026-04-17 11:57:00,2.786,2.7875,2.786,2.7865,2.791,2.7925,2.791,2.7915,5
2026-04-17 11:58:00,2.7875,2.7875,2.7865,2.7875,2.7925,2.7925,2.7915,2.7925,4
2026-04-17 11:59:00,2.787,2.787,2.7865,2.7865,2.792,2.792,2.7915,2.7915,2
2026-04-17 12:00:00,2.786,2.7875,2.7855,2.7875,2.791,2.7925,2.7905,2.7925,14
2026-04-17 12:01:00,2.787,2.7885,2.7865,2.7885,2.792,2.7935,2.7915,2.7935,11
2026-04-17 12:02:00,2.788,2.7885,2.7875,2.7885,2.793,2.7935,2.7925,2.7935,5
2026-04-17 12:04:00,2.7895,2.7895,2.7895,2.7895,2.7945,2.7945,2.7945,2.7945,1
2026-04-17 12:05:00,2.7885,2.7895,2.7875,2.7875,2.7935,2.7945,2.7925,2.7925,8
2026-04-17 12:06:00,2.788,2.79,2.788,2.79,2.793,2.795,2.793,2.795,5
2026-04-17 12:07:00,2.7895,2.7895,2.7895,2.7895,2.7945,2.7945,2.7945,2.7945,1
2026-04-17 12:08:00,2.7885,2.7885,2.787,2.7875,2.7935,2.7935,2.792,2.7925,4
2026-04-17 12:09:00,2.7865,2.7875,2.7865,2.7875,2.7915,2.7925,2.7915,2.7925,4
2026-04-17 12:10:00,2.787,2.7875,2.7865,2.7865,2.792,2.7925,2.7915,2.7915,4
2026-04-17 12:11:00,2.786,2.7885,2.786,2.7885,2.791,2.7935,2.791,2.7935,6
2026-04-17 12:12:00,2.7875,2.7885,2.787,2.7875,2.7925,2.7935,2.792,2.7925,7
2026-04-17 12:13:00,2.7865,2.7865,2.7835,2.7845,2.7915,2.7915,2.7885,2.7895,17
2026-04-17 12:14:00,2.785,2.7865,2.7845,2.7855,2.79,2.7915,2.7895,2.7905,8
2026-04-17 12:15:00,2.7865,2.7865,2.7865,2.7865,2.7915,2.7915,2.7915,2.7915,1
2026-04-17 12:16:00,2.7875,2.7895,2.7875,2.7875,2.7925,2.7945,2.7925,2.7925,13
2026-04-17 12:18:00,2.787,2.7875,2.787,2.7875,2.792,2.7925,2.792,2.7925,2
2026-04-17 12:20:00,2.7865,2.7865,2.7845,2.7855,2.7915,2.7915,2.7895,2.7905,4
2026-04-17 12:21:00,2.785,2.7855,2.784,2.7845,2.79,2.7905,2.789,2.7895,10
2026-04-17 12:22:00,2.784,2.7845,2.784,2.7845,2.789,2.7895,2.789,2.7895,2
2026-04-17 12:23:00,2.7835,2.7845,2.7835,2.7845,2.7885,2.7895,2.7885,2.7895,2
2026-04-17 12:24:00,2.7835,2.784,2.7835,2.7835,2.7885,2.789,2.7885,2.7885,3
2026-04-17 12:25:00,2.784,2.7845,2.783,2.7845,2.789,2.7895,2.788,2.7895,9
2026-04-17 12:26:00,2.784,2.7845,2.784,2.7845,2.789,2.7895,2.789,2.7895,2
2026-04-17 12:28:00,2.7855,2.787,2.7855,2.7865,2.7905,2.792,2.7905,2.7915,4
2026-04-17 12:29:00,2.786,2.7865,2.7855,2.7865,2.791,2.7915,2.7905,2.7915,5
2026-04-17 12:30:00,2.786,2.7865,2.7855,2.7855,2.791,2.7915,2.7905,2.7905,14
2026-04-17 12:31:00,2.786,2.7865,2.7855,2.786,2.791,2.7915,2.7905,2.791,8
2026-04-17 12:32:00,2.787,2.7875,2.7865,2.7865,2.792,2.7925,2.7915,2.7915,8
2026-04-17 12:33:00,2.786,2.7865,2.785,2.786,2.791,2.7915,2.79,2.791,9
2026-04-17 12:34:00,2.7865,2.7865,2.7865,2.7865,2.7915,2.7915,2.7915,2.7915,1
2026-04-17 12:35:00,2.786,2.7865,2.786,2.7865,2.791,2.7915,2.791,2.7915,2
2026-04-17 12:36:00,2.787,2.7875,2.7855,2.7855,2.792,2.7925,2.7905,2.7905,9
2026-04-17 12:37:00,2.786,2.7865,2.786,2.786,2.791,2.7915,2.791,2.791,3
2026-04-17 12:38:00,2.7865,2.7865,2.7865,2.7865,2.7915,2.7915,2.7915,2.7915,1
2026-04-17 12:39:00,2.787,2.7875,2.7865,2.7865,2.792,2.7925,2.7915,2.7915,5
2026-04-17 12:40:00,2.787,2.7875,2.787,2.7875,2.792,2.7925,2.792,2.7925,2
2026-04-17 12:41:00,2.789,2.7915,2.7885,2.791,2.794,2.7965,2.7935,2.796,24
2026-04-17 12:42:00,2.7905,2.7915,2.7895,2.7915,2.7955,2.7965,2.7945,2.7965,6
2026-04-17 12:43:00,2.792,2.7925,2.7905,2.7925,2.797,2.7975,2.7955,2.7975,10
2026-04-17 12:44:00,2.792,2.792,2.789,2.7895,2.797,2.797,2.794,2.7945,6
2026-04-17 12:45:00,2.7905,2.791,2.7895,2.7905,2.7955,2.796,2.7945,2.7955,15
2026-04-17 12:46:00,2.791,2.7915,2.7905,2.791,2.796,2.7965,2.7955,2.796,8
2026-04-17 12:47:00,2.7915,2.7925,2.791,2.7915,2.7965,2.7975,2.796,2.7965,8
2026-04-17 12:48:00,2.791,2.7925,2.791,2.792,2.796,2.7975,2.796,2.797,7
2026-04-17 12:49:00,2.7915,2.7925,2.7905,2.7915,2.7965,2.7975,2.7955,2.7965,7
2026-04-17 12:50:00,2.7905,2.791,2.7905,2.7905,2.7955,2.796,2.7955,2.7955,3
2026-04-17 12:51:00,2.79,2.791,2.79,2.7905,2.795,2.796,2.795,2.7955,4
2026-04-17 12:52:00,2.7915,2.7925,2.791,2.7915,2.7965,2.7975,2.796,2.7965,7
2026-04-17 12:53:00,2.7925,2.7965,2.7925,2.7965,2.7975,2.8015,2.7975,2.8015,15
2026-04-17 12:54:00,2.796,2.7965,2.7935,2.7935,2.801,2.8015,2.7985,2.7985,9
2026-04-17 12:55:00,2.794,2.796,2.7935,2.7955,2.799,2.801,2.7985,2.8005,14
2026-04-17 12:56:00,2.796,2.7965,2.7955,2.796,2.801,2.8015,2.8005,2.801,4
2026-04-17 12:57:00,2.7965,2.797,2.7965,2.7965,2.8015,2.802,2.8015,2.8015,3
2026-04-17 12:58:00,2.797,2.7995,2.7945,2.7945,2.802,2.8045,2.7995,2.7995,21
2026-04-17 12:59:00,2.7935,2.7955,2.7935,2.7945,2.7985,2.8005,2.7985,2.7995,11
2026-04-17 13:00:00,2.7955,2.7965,2.7925,2.7925,2.8005,2.8015,2.7975,2.7975,10
2026-04-17 13:01:00,2.793,2.794,2.793,2.7935,2.798,2.799,2.798,2.7985,8
2026-04-17 13:02:00,2.793,2.7935,2.7925,2.7925,2.798,2.7985,2.7975,2.7975,10
2026-04-17 13:03:00,2.7935,2.7945,2.7925,2.7945,2.7985,2.7995,2.7975,2.7995,9
2026-04-17 13:04:00,2.7935,2.7955,2.7935,2.7945,2.7985,2.8005,2.7985,2.7995,17
2026-04-17 13:05:00,2.795,2.7975,2.795,2.7965,2.8,2.8025,2.8,2.8015,22
2026-04-17 13:06:00,2.7975,2.7985,2.7965,2.7985,2.8025,2.8035,2.8015,2.8035,7
2026-04-17 13:07:00,2.7975,2.798,2.7965,2.798,2.8025,2.803,2.8015,2.803,9
2026-04-17 13:08:00,2.7975,2.7985,2.7975,2.7985,2.8025,2.8035,2.8025,2.8035,10
2026-04-17 13:09:00,2.7975,2.798,2.7975,2.7975,2.8025,2.803,2.8025,2.8025,3
2026-04-17 13:10:00,2.7965,2.7975,2.7965,2.7975,2.8015,2.8025,2.8015,2.8025,4
2026-04-17 13:12:00,2.7965,2.7975,2.7965,2.7975,2.8015,2.8025,2.8015,2.8025,11
2026-04-17 13:14:00,2.7985,2.7995,2.7985,2.7985,2.8035,2.8045,2.8035,2.8035,23
2026-04-17 13:15:00,2.7995,2.8005,2.799,2.7995,2.8045,2.8055,2.804,2.8045,16
2026-04-17 13:16:00,2.799,2.8005,2.7985,2.8,2.804,2.8055,2.8035,2.805,8
2026-04-17 13:17:00,2.8005,2.8005,2.7985,2.7985,2.8055,2.8055,2.8035,2.8035,17
2026-04-17 13:18:00,2.799,2.7995,2.7985,2.799,2.804,2.8045,2.8035,2.804,10
2026-04-17 13:19:00,2.7985,2.7985,2.7975,2.7985,2.8035,2.8035,2.8025,2.8035,8
2026-04-17 13:20:00,2.799,2.799,2.7975,2.7975,2.804,2.804,2.8025,2.8025,10
2026-04-17 13:21:00,2.798,2.7985,2.7975,2.798,2.803,2.8035,2.8025,2.803,16
2026-04-17 13:22:00,2.7985,2.7985,2.7965,2.7965,2.8035,2.8035,2.8015,2.8015,17
2026-04-17 13:23:00,2.797,2.7975,2.797,2.7975,2.802,2.8025,2.802,2.8025,2
2026-04-17 13:24:00,2.798,2.798,2.7975,2.7975,2.803,2.803,2.8025,2.8025,8
2026-04-17 13:25:00,2.7985,2.7985,2.7965,2.7975,2.8035,2.8035,2.8015,2.8025,5
2026-04-17 13:26:00,2.799,2.8005,2.799,2.8005,2.804,2.8055,2.804,2.8055,12
2026-04-17 13:27:00,2.802,2.8035,2.802,2.8035,2.807,2.8085,2.807,2.8085,8
2026-04-17 13:28:00,2.804,2.8045,2.8035,2.8045,2.809,2.8095,2.8085,2.8095,6
2026-04-17 13:29:00,2.804,2.804,2.8025,2.8025,2.809,2.809,2.8075,2.8075,4
2026-04-17 13:30:00,2.803,2.8055,2.8025,2.8035,2.808,2.8105,2.8075,2.8085,17
2026-04-17 13:31:00,2.804,2.804,2.8015,2.803,2.809,2.809,2.8065,2.808,9
2026-04-17 13:32:00,2.8035,2.804,2.8025,2.8025,2.8085,2.809,2.8075,2.8075,14
2026-04-17 13:33:00,2.803,2.8035,2.8025,2.803,2.808,2.8085,2.8075,2.808,15
2026-04-17 13:34:00,2.8025,2.8055,2.8025,2.8055,2.8075,2.8105,2.8075,2.8105,9
2026-04-17 13:35:00,2.8045,2.806,2.8045,2.805,2.8095,2.811,2.8095,2.81,10
2026-04-17 13:36:00,2.8045,2.805,2.8045,2.8045,2.8095,2.81,2.8095,2.8095,3
2026-04-17 13:37:00,2.805,2.8065,2.8045,2.8055,2.81,2.8115,2.8095,2.8105,7
2026-04-17 13:38:00,2.8045,2.8095,2.8045,2.8085,2.8095,2.8145,2.8095,2.8135,11
2026-04-17 13:39:00,2.809,2.8095,2.8076,2.8085,2.814,2.8145,2.8125,2.8135,12
2026-04-17 13:40:00,2.809,2.8125,2.8085,2.8115,2.814,2.8175,2.8135,2.8165,8
2026-04-17 13:41:00,2.8125,2.8125,2.8115,2.8125,2.8175,2.8175,2.8165,2.8175,8
2026-04-17 13:42:00,2.8135,2.8135,2.8125,2.813,2.8185,2.8185,2.8175,2.818,4
2026-04-17 13:43:00,2.8125,2.8135,2.8115,2.8115,2.8175,2.8185,2.8165,2.8165,14
2026-04-17 13:44:00,2.8105,2.8115,2.81,2.8105,2.8155,2.8165,2.815,2.8155,14
2026-04-17 13:45:00,2.81,2.81,2.8085,2.8085,2.815,2.815,2.8135,2.8135,5
2026-04-17 13:46:00,2.8095,2.8095,2.8076,2.8076,2.8145,2.8145,2.8125,2.8125,9
2026-04-17 13:47:00,2.8085,2.8105,2.8085,2.8085,2.8135,2.8155,2.8135,2.8135,9
2026-04-17 13:48:00,2.808,2.8085,2.8025,2.8025,2.813,2.8135,2.8075,2.8075,27
2026-04-17 13:49:00,2.8015,2.8065,2.8,2.8065,2.8065,2.8115,2.805,2.8115,23
2026-04-17 13:50:00,2.807,2.808,2.8045,2.8055,2.812,2.813,2.8095,2.8105,27
2026-04-17 13:51:00,2.806,2.807,2.8055,2.8065,2.811,2.812,2.8105,2.8115,17
2026-04-17 13:52:00,2.8055,2.8076,2.8055,2.8065,2.8105,2.8125,2.8105,2.8115,15
2026-04-17 13:53:00,2.806,2.8076,2.8055,2.8076,2.811,2.8125,2.8105,2.8125,7
2026-04-17 13:54:00,2.808,2.8085,2.8065,2.8076,2.813,2.8135,2.8115,2.8125,14
2026-04-17 13:55:00,2.8085,2.8085,2.8065,2.807,2.8135,2.8135,2.8115,2.812,14
2026-04-17 13:56:00,2.8065,2.8076,2.8065,2.8065,2.8115,2.8125,2.8115,2.8115,7
2026-04-17 13:57:00,2.807,2.8105,2.807,2.8095,2.812,2.8155,2.812,2.8145,25
2026-04-17 13:58:00,2.8105,2.8145,2.8105,2.8135,2.8155,2.8195,2.8155,2.8185,65
2026-04-17 13:59:00,2.813,2.8135,2.8125,2.813,2.818,2.8185,2.8175,2.818,22
2026-04-17 14:00:00,2.8125,2.8135,2.8105,2.8125,2.8175,2.8185,2.8155,2.8175,26
2026-04-17 14:01:00,2.8135,2.8145,2.8115,2.813,2.8185,2.8195,2.8165,2.818,30
2026-04-17 14:02:00,2.8135,2.8145,2.8135,2.8135,2.8185,2.8195,2.8185,2.8185,3
2026-04-17 14:03:00,2.8125,2.813,2.8115,2.8125,2.8175,2.818,2.8165,2.8175,13
2026-04-17 14:04:00,2.813,2.8156,2.813,2.8135,2.818,2.8205,2.818,2.8185,16
2026-04-17 14:05:00,2.813,2.8145,2.811,2.813,2.818,2.8195,2.816,2.818,14
2026-04-17 14:06:00,2.8135,2.8135,2.8105,2.8105,2.8185,2.8185,2.8155,2.8155,13
2026-04-17 14:07:00,2.811,2.8125,2.8105,2.8115,2.816,2.8175,2.8155,2.8165,17
2026-04-17 14:08:00,2.8125,2.8195,2.8125,2.818,2.8175,2.8245,2.8175,2.823,22
2026-04-17 14:09:00,2.8175,2.8185,2.8165,2.8175,2.8225,2.8235,2.8215,2.8225,13
2026-04-17 14:10:00,2.8185,2.8225,2.8185,2.8185,2.8235,2.8275,2.8235,2.8235,27
2026-04-17 14:11:00,2.8195,2.8195,2.8175,2.8185,2.8245,2.8245,2.8225,2.8235,9
2026-04-17 14:12:00,2.8175,2.8185,2.8156,2.8165,2.8225,2.8235,2.8205,2.8215,14
2026-04-17 14:13:00,2.8156,2.8165,2.8145,2.815,2.8205,2.8215,2.8195,2.82,8
2026-04-17 14:14:00,2.8145,2.8156,2.8135,2.8156,2.8195,2.8205,2.8185,2.8205,12
2026-04-17 14:15:00,2.8145,2.8145,2.8095,2.8115,2.8195,2.8195,2.8145,2.8165,23
2026-04-17 14:16:00,2.811,2.8115,2.807,2.807,2.816,2.8165,2.812,2.812,18
2026-04-17 14:17:00,2.8065,2.8065,2.8045,2.8065,2.8115,2.8115,2.8095,2.8115,5
2026-04-17 14:18:00,2.8076,2.8076,2.8015,2.802,2.8125,2.8125,2.8065,2.807,42
2026-04-17 14:19:00,2.8015,2.8035,2.7975,2.7985,2.8065,2.8085,2.8025,2.8035,39
2026-04-17 14:20:00,2.799,2.8005,2.7935,2.7965,2.804,2.8055,2.7985,2.8015,66
2026-04-17 14:21:00,2.797,2.8005,2.7955,2.798,2.802,2.8055,2.8005,2.803,34
2026-04-17 14:22:00,2.7985,2.7995,2.7985,2.7985,2.8035,2.8045,2.8035,2.8035,12
2026-04-17 14:23:00,2.7995,2.8005,2.7975,2.7985,2.8045,2.8055,2.8025,2.8035,33
2026-04-17 14:24:00,2.798,2.7995,2.7855,2.7865,2.803,2.8045,2.7905,2.7915,86
2026-04-17 14:25:00,2.7875,2.7895,2.7855,2.7855,2.7925,2.7945,2.7905,2.7905,118
2026-04-17 14:26:00,2.7865,2.7895,2.7835,2.7895,2.7915,2.7945,2.7885,2.7945,51
2026-04-17 14:27:00,2.789,2.7915,2.7885,2.7905,2.794,2.7965,2.7935,2.7955,50
2026-04-17 14:28:00,2.79,2.7905,2.7885,2.7885,2.795,2.7955,2.7935,2.7935,35
2026-04-17 14:29:00,2.788,2.7895,2.7875,2.789,2.793,2.7945,2.7925,2.794,15
2026-04-17 14:30:00,2.788,2.7895,2.7845,2.7855,2.793,2.7945,2.7895,2.7905,40
2026-04-17 14:31:00,2.785,2.7875,2.7845,2.7865,2.79,2.7925,2.7895,2.7915,26
2026-04-17 14:32:00,2.787,2.7895,2.787,2.789,2.792,2.7945,2.792,2.794,23
2026-04-17 14:33:00,2.7895,2.7915,2.7875,2.7875,2.7945,2.7965,2.7925,2.7925,61
2026-04-17 14:34:00,2.788,2.791,2.7865,2.7875,2.793,2.796,2.7915,2.7925,37
2026-04-17 14:35:00,2.788,2.7935,2.7865,2.7925,2.793,2.7985,2.7915,2.7975,36
2026-04-17 14:36:00,2.793,2.7955,2.793,2.7945,2.798,2.8005,2.798,2.7995,21
2026-04-17 14:37:00,2.794,2.7955,2.7915,2.7945,2.799,2.8005,2.7965,2.7995,25
2026-04-17 14:38:00,2.795,2.7955,2.7935,2.7945,2.8,2.8005,2.7985,2.7995,16
2026-04-17 14:39:00,2.7955,2.7965,2.7955,2.7965,2.8005,2.8015,2.8005,2.8015,4
2026-04-17 14:40:00,2.796,2.7995,2.7955,2.7995,2.801,2.8045,2.8005,2.8045,16
2026-04-17 14:41:00,2.799,2.799,2.795,2.795,2.804,2.804,2.8,2.8,15
2026-04-17 14:42:00,2.7955,2.7965,2.7935,2.7965,2.8005,2.8015,2.7985,2.8015,23
2026-04-17 14:43:00,2.7975,2.7975,2.7955,2.7955,2.8025,2.8025,2.8005,2.8005,18
2026-04-17 14:44:00,2.7965,2.7985,2.796,2.797,2.8015,2.8035,2.801,2.802,17
2026-04-17 14:45:00,2.7975,2.7975,2.789,2.789,2.8025,2.8025,2.794,2.794,21
2026-04-17 14:46:00,2.79,2.7915,2.7805,2.789,2.795,2.7965,2.7855,2.794,159
2026-04-17 14:47:00,2.7895,2.79,2.7835,2.7875,2.7945,2.795,2.7885,2.7925,94
2026-04-17 14:48:00,2.787,2.7875,2.7825,2.7845,2.792,2.7925,2.7875,2.7895,75
2026-04-17 14:49:00,2.785,2.785,2.7765,2.7785,2.79,2.79,2.7815,2.7835,104
2026-04-17 14:50:00,2.7775,2.7785,2.7725,2.7755,2.7825,2.7835,2.7775,2.7805,144
2026-04-17 14:51:00,2.776,2.7795,2.7715,2.774,2.781,2.7845,2.7765,2.779,86
2026-04-17 14:52:00,2.773,2.7755,2.7655,2.7665,2.778,2.7805,2.7705,2.7715,81
2026-04-17 14:53:00,2.766,2.7725,2.7655,2.7715,2.771,2.7775,2.7705,2.7765,94
2026-04-17 14:54:00,2.772,2.772,2.7615,2.7635,2.777,2.777,2.7665,2.7685,85
2026-04-17 14:55:00,2.7645,2.7685,2.758,2.762,2.7695,2.7735,2.763,2.767,105
2026-04-17 14:56:00,2.7615,2.7655,2.759,2.7635,2.7665,2.7705,2.764,2.7685,85
2026-04-17 14:57:00,2.7625,2.7675,2.7605,2.7665,2.7675,2.7725,2.7655,2.7715,45
2026-04-17 14:58:00,2.766,2.7675,2.7645,2.7655,2.771,2.7725,2.7695,2.7705,52
2026-04-17 14:59:00,2.7665,2.7665,2.7615,2.762,2.7715,2.7715,2.7665,2.767,71
2026-04-17 15:00:00,2.7605,2.7785,2.7605,2.7775,2.7655,2.7835,2.7655,2.7825,96
2026-04-17 15:01:00,2.7765,2.7785,2.7735,2.777,2.7815,2.7835,2.7785,2.782,50
2026-04-17 15:02:00,2.7775,2.7785,2.7735,2.7735,2.7825,2.7835,2.7785,2.7785,43
2026-04-17 15:03:00,2.7745,2.7785,2.7745,2.7775,2.7795,2.7835,2.7795,2.7825,40
2026-04-17 15:04:00,2.778,2.7805,2.7755,2.7795,2.783,2.7855,2.7805,2.7845,51
2026-04-17 15:05:00,2.779,2.7815,2.7765,2.7795,2.784,2.7865,2.7815,2.7845,44
2026-04-17 15:06:00,2.779,2.7795,2.771,2.7745,2.784,2.7845,2.776,2.7795,54
2026-04-17 15:07:00,2.774,2.7775,2.7725,2.7725,2.779,2.7825,2.7775,2.7775,45
2026-04-17 15:08:00,2.774,2.7745,2.7705,2.771,2.779,2.7795,2.7755,2.776,29
2026-04-17 15:09:00,2.7705,2.7735,2.7695,2.7695,2.7755,2.7785,2.7745,2.7745,48
2026-04-17 15:10:00,2.769,2.7715,2.7615,2.7625,2.774,2.7765,2.7665,2.7675,55
2026-04-17 15:11:00,2.7615,2.766,2.7605,2.763,2.7665,2.771,2.7655,2.768,69
2026-04-17 15:12:00,2.7615,2.764,2.76,2.7625,2.7665,2.769,2.765,2.7675,48
2026-04-17 15:13:00,2.763,2.7675,2.7625,2.7625,2.768,2.7725,2.7675,2.7675,37
2026-04-17 15:14:00,2.763,2.7635,2.7605,2.7635,2.768,2.7685,2.7655,2.7685,28
2026-04-17 15:15:00,2.763,2.7655,2.7605,2.763,2.768,2.7705,2.7655,2.768,37
2026-04-17 15:16:00,2.7625,2.7635,2.7615,2.7635,2.7675,2.7685,2.7665,2.7685,30
2026-04-17 15:17:00,2.763,2.7645,2.7615,2.7645,2.768,2.7695,2.7665,2.7695,35
2026-04-17 15:18:00,2.765,2.7665,2.7645,2.7655,2.77,2.7715,2.7695,2.7705,21
2026-04-17 15:19:00,2.765,2.7665,2.7625,2.765,2.77,2.7715,2.7675,2.77,21
2026-04-17 15:20:00,2.7655,2.7675,2.7645,2.7665,2.7705,2.7725,2.7695,2.7715,23
2026-04-17 15:21:00,2.7655,2.7655,2.7565,2.7575,2.7705,2.7705,2.7615,2.7625,42
2026-04-17 15:22:00,2.7565,2.7565,2.7455,2.7465,2.7615,2.7615,2.7505,2.7515,50
2026-04-17 15:23:00,2.747,2.749,2.7435,2.746,2.752,2.754,2.7485,2.751,51
2026-04-17 15:24:00,2.7445,2.7475,2.7415,2.7475,2.7495,2.7525,2.7465,2.7525,37
2026-04-17 15:25:00,2.747,2.7515,2.7465,2.75,2.752,2.7565,2.7515,2.755,36
2026-04-17 15:26:00,2.7505,2.759,2.7495,2.7575,2.7555,2.764,2.7545,2.7625,71
2026-04-17 15:27:00,2.757,2.7615,2.7495,2.7585,2.762,2.7665,2.7545,2.7635,92
2026-04-17 15:28:00,2.759,2.7605,2.7555,2.756,2.764,2.7655,2.7605,2.761,44
2026-04-17 15:29:00,2.7555,2.7575,2.7515,2.752,2.7605,2.7625,2.7565,2.757,69
2026-04-17 15:30:00,2.7515,2.754,2.7505,2.7505,2.7565,2.759,2.7555,2.7555,54
2026-04-17 15:31:00,2.751,2.7535,2.7505,2.7515,2.756,2.7585,2.7555,2.7565,34
2026-04-17 15:32:00,2.751,2.7585,2.7495,2.7585,2.756,2.7635,2.7545,2.7635,34
2026-04-17 15:33:00,2.759,2.7615,2.7565,2.7615,2.764,2.7665,2.7615,2.7665,43
2026-04-17 15:34:00,2.7605,2.7625,2.7595,2.762,2.7655,2.7675,2.7645,2.767,41
2026-04-17 15:35:00,2.7625,2.7675,2.7605,2.7645,2.7675,2.7725,2.7655,2.7695,82
2026-04-17 15:36:00,2.764,2.7675,2.759,2.7625,2.769,2.7725,2.764,2.7675,57
2026-04-17 15:37:00,2.763,2.765,2.7605,2.7625,2.768,2.77,2.7655,2.7675,37
2026-04-17 15:38:00,2.763,2.7635,2.76,2.76,2.768,2.7685,2.765,2.765,36
2026-04-17 15:39:00,2.7595,2.7605,2.7565,2.759,2.7645,2.7655,2.7615,2.764,51
2026-04-17 15:40:00,2.7585,2.7645,2.7585,2.764,2.7635,2.7695,2.7635,2.769,30
2026-04-17 15:41:00,2.7645,2.7705,2.7635,2.7675,2.7695,2.7755,2.7685,2.7725,59
2026-04-17 15:42:00,2.768,2.7725,2.768,2.7705,2.773,2.7775,2.773,2.7755,40
2026-04-17 15:43:00,2.771,2.7785,2.7705,2.7775,2.776,2.7835,2.7755,2.7825,63
2026-04-17 15:44:00,2.7785,2.7785,2.7705,2.7705,2.7835,2.7835,2.7755,2.7755,44
2026-04-17 15:45:00,2.7695,2.7715,2.7685,2.7685,2.7745,2.7765,2.7735,2.7735,20
2026-04-17 15:46:00,2.7675,2.7715,2.7665,2.771,2.7725,2.7765,2.7715,2.776,59
2026-04-17 15:47:00,2.772,2.7825,2.772,2.781,2.777,2.7875,2.777,2.786,107
2026-04-17 15:48:00,2.7805,2.7895,2.7795,2.7865,2.7855,2.7945,2.7845,2.7915,105
2026-04-17 15:49:00,2.786,2.789,2.784,2.7845,2.791,2.794,2.789,2.7895,47
2026-04-17 15:50:00,2.785,2.788,2.7845,2.7865,2.79,2.793,2.7895,2.7915,33
2026-04-17 15:51:00,2.7875,2.7885,2.7855,2.7855,2.7925,2.7935,2.7905,2.7905,56
2026-04-17 15:52:00,2.786,2.7875,2.7835,2.786,2.791,2.7925,2.7885,2.791,59
2026-04-17 15:53:00,2.7865,2.7875,2.7835,2.7845,2.7915,2.7925,2.7885,2.7895,25
2026-04-17 15:54:00,2.7835,2.7855,2.7825,2.7845,2.7885,2.7905,2.7875,2.7895,31
2026-04-17 15:55:00,2.784,2.7845,2.7835,2.784,2.789,2.7895,2.7885,2.789,36
2026-04-17 15:56:00,2.7845,2.7845,2.7835,2.7835,2.7895,2.7895,2.7885,2.7885,23
2026-04-17 15:57:00,2.784,2.7845,2.779,2.782,2.789,2.7895,2.784,2.787,46
2026-04-17 15:58:00,2.781,2.7855,2.7805,2.7825,2.786,2.7905,2.7855,2.7875,44
2026-04-17 15:59:00,2.783,2.7845,2.78,2.7805,2.788,2.7895,2.785,2.7855,44
2026-04-17 16:00:00,2.78,2.7835,2.78,2.7825,2.785,2.7885,2.785,2.7875,29
2026-04-17 16:01:00,2.783,2.7835,2.7775,2.7785,2.788,2.7885,2.7825,2.7835,43
2026-04-17 16:02:00,2.778,2.7815,2.7775,2.7785,2.783,2.7865,2.7825,2.7835,29
2026-04-17 16:03:00,2.7795,2.7795,2.776,2.7765,2.7845,2.7845,2.781,2.7815,27
2026-04-17 16:04:00,2.777,2.781,2.7765,2.7795,2.782,2.786,2.7815,2.7845,33
2026-04-17 16:05:00,2.78,2.7815,2.7795,2.7805,2.785,2.7865,2.7845,2.7855,21
2026-04-17 16:06:00,2.7815,2.7835,2.7805,2.783,2.7865,2.7885,2.7855,2.788,22
2026-04-17 16:07:00,2.7825,2.7835,2.7805,2.7815,2.7875,2.7885,2.7855,2.7865,37
2026-04-17 16:08:00,2.781,2.7815,2.7785,2.781,2.786,2.7865,2.7835,2.786,18
2026-04-17 16:09:00,2.7805,2.7815,2.7785,2.7785,2.7855,2.7865,2.7835,2.7835,20
2026-04-17 16:10:00,2.7795,2.7805,2.779,2.7795,2.7845,2.7855,2.784,2.7845,13
2026-04-17 16:11:00,2.7805,2.7835,2.7805,2.782,2.7855,2.7885,2.7855,2.787,22
2026-04-17 16:12:00,2.7825,2.784,2.7815,2.7835,2.7875,2.789,2.7865,2.7885,27
2026-04-17 16:13:00,2.7825,2.783,2.7795,2.7795,2.7875,2.788,2.7845,2.7845,12
2026-04-17 16:14:00,2.779,2.779,2.7745,2.7745,2.784,2.784,2.7795,2.7795,27
2026-04-17 16:15:00,2.7735,2.774,2.7715,2.7735,2.7785,2.779,2.7765,2.7785,54
2026-04-17 16:16:00,2.774,2.7765,2.7735,2.7735,2.779,2.7815,2.7785,2.7785,24
2026-04-17 16:17:00,2.7725,2.7755,2.7715,2.7745,2.7775,2.7805,2.7765,2.7795,18
2026-04-17 16:18:00,2.775,2.7755,2.7725,2.7755,2.78,2.7805,2.7775,2.7805,15
2026-04-17 16:19:00,2.775,2.7755,2.7715,2.7725,2.78,2.7805,2.7765,2.7775,22
2026-04-17 16:20:00,2.7735,2.779,2.772,2.7755,2.7785,2.784,2.777,2.7805,42
2026-04-17 16:21:00,2.776,2.7775,2.7745,2.7745,2.781,2.7825,2.7795,2.7795,37
2026-04-17 16:22:00,2.775,2.7755,2.7735,2.7755,2.78,2.7805,2.7785,2.7805,41
2026-04-17 16:23:00,2.775,2.775,2.773,2.7745,2.78,2.78,2.778,2.7795,13
2026-04-17 16:24:00,2.774,2.7755,2.7735,2.7735,2.779,2.7805,2.7785,2.7785,19
2026-04-17 16:25:00,2.774,2.7745,2.773,2.7745,2.779,2.7795,2.778,2.7795,8
2026-04-17 16:26:00,2.774,2.7775,2.7735,2.7755,2.779,2.7825,2.7785,2.7805,29
2026-04-17 16:27:00,2.776,2.7775,2.7755,2.7755,2.781,2.7825,2.7805,2.7805,20
2026-04-17 16:28:00,2.776,2.7775,2.7755,2.7775,2.781,2.7825,2.7805,2.7825,18
2026-04-17 16:29:00,2.778,2.7795,2.7765,2.7775,2.783,2.7845,2.7815,2.7825,16
2026-04-17 16:30:00,2.777,2.7785,2.7765,2.7785,2.782,2.7835,2.7815,2.7835,21
2026-04-17 16:31:00,2.7775,2.778,2.7715,2.7725,2.7825,2.783,2.7765,2.7775,26
2026-04-17 16:32:00,2.773,2.7735,2.7715,2.7715,2.778,2.7785,2.7765,2.7765,32
2026-04-17 16:33:00,2.772,2.774,2.7675,2.7685,2.777,2.779,2.7725,2.7735,37
2026-04-17 16:34:00,2.7695,2.7695,2.7645,2.768,2.7745,2.7745,2.7695,2.773,60
2026-04-17 16:35:00,2.7685,2.7735,2.7665,2.7715,2.7735,2.7785,2.7715,2.7765,59
2026-04-17 16:36:00,2.771,2.771,2.767,2.767,2.776,2.776,2.772,2.772,23
2026-04-17 16:37:00,2.7665,2.7685,2.7665,2.7675,2.7715,2.7735,2.7715,2.7725,4
2026-04-17 16:38:00,2.7685,2.7685,2.7645,2.7685,2.7735,2.7735,2.7695,2.7735,42
2026-04-17 16:39:00,2.7675,2.7695,2.7675,2.7685,2.7725,2.7745,2.7725,2.7735,22
2026-04-17 16:40:00,2.768,2.7685,2.7645,2.7655,2.773,2.7735,2.7695,2.7705,40
2026-04-17 16:41:00,2.765,2.7665,2.7645,2.7655,2.77,2.7715,2.7695,2.7705,54
2026-04-17 16:42:00,2.765,2.7675,2.7645,2.7655,2.77,2.7725,2.7695,2.7705,44
2026-04-17 16:43:00,2.765,2.7715,2.7645,2.7705,2.77,2.7765,2.7695,2.7755,55
2026-04-17 16:44:00,2.7715,2.7725,2.7705,2.7715,2.7765,2.7775,2.7755,2.7765,63
2026-04-17 16:45:00,2.772,2.774,2.7715,2.7725,2.777,2.779,2.7765,2.7775,51
2026-04-17 16:46:00,2.7735,2.7745,2.7715,2.7725,2.7785,2.7795,2.7765,2.7775,22
2026-04-17 16:47:00,2.7735,2.7735,2.7715,2.7725,2.7785,2.7785,2.7765,2.7775,21
2026-04-17 16:48:00,2.773,2.7765,2.7715,2.7765,2.778,2.7815,2.7765,2.7815,28
2026-04-17 16:49:00,2.776,2.776,2.7725,2.7755,2.781,2.781,2.7775,2.7805,20
2026-04-17 16:50:00,2.775,2.7755,2.7735,2.775,2.78,2.7805,2.7785,2.78,34
2026-04-17 16:51:00,2.7745,2.7755,2.771,2.7725,2.7795,2.7805,2.776,2.7775,43
2026-04-17 16:52:00,2.772,2.7725,2.7705,2.7725,2.777,2.7775,2.7755,2.7775,18
2026-04-17 16:53:00,2.772,2.776,2.772,2.776,2.777,2.781,2.777,2.781,23
2026-04-17 16:54:00,2.7745,2.7765,2.7735,2.7755,2.7795,2.7815,2.7785,2.7805,18
2026-04-17 16:55:00,2.776,2.78,2.7755,2.7795,2.781,2.785,2.7805,2.7845,36
2026-04-17 16:56:00,2.78,2.7805,2.7745,2.775,2.785,2.7855,2.7795,2.78,69
2026-04-17 16:57:00,2.7755,2.7775,2.7755,2.777,2.7805,2.7825,2.7805,2.782,9
2026-04-17 16:58:00,2.7775,2.7885,2.7765,2.7885,2.7825,2.7935,2.7815,2.7935,17
2026-04-17 16:59:00,2.7895,2.7935,2.7875,2.7925,2.7945,2.7985,2.7925,2.7975,58
2026-04-17 17:00:00,2.7935,2.8005,2.7895,2.7985,2.7985,2.8055,2.7945,2.8035,38
2026-04-17 17:01:00,2.798,2.8005,2.7955,2.7955,2.803,2.8055,2.8005,2.8005,36
2026-04-17 17:02:00,2.7965,2.8,2.7945,2.7955,2.8015,2.805,2.7995,2.8005,47
2026-04-17 17:03:00,2.7965,2.798,2.7915,2.7965,2.8015,2.803,2.7965,2.8015,51
2026-04-17 17:04:00,2.797,2.8005,2.7945,2.7965,2.802,2.8055,2.7995,2.8015,48
2026-04-17 17:05:00,2.7975,2.7985,2.7955,2.7965,2.8025,2.8035,2.8005,2.8015,30
2026-04-17 17:06:00,2.7975,2.7985,2.7965,2.798,2.8025,2.8035,2.8015,2.803,36
2026-04-17 17:07:00,2.7975,2.7985,2.794,2.7955,2.8025,2.8035,2.799,2.8005,28
2026-04-17 17:08:00,2.795,2.7985,2.795,2.797,2.8,2.8035,2.8,2.802,32
2026-04-17 17:09:00,2.7975,2.798,2.7965,2.7965,2.8025,2.803,2.8015,2.8015,9
2026-04-17 17:10:00,2.7975,2.8005,2.7975,2.7995,2.8025,2.8055,2.8025,2.8045,34
2026-04-17 17:11:00,2.8,2.8025,2.7995,2.7995,2.805,2.8075,2.8045,2.8045,29
2026-04-17 17:12:00,2.801,2.802,2.7985,2.7995,2.806,2.807,2.8035,2.8045,43
2026-04-17 17:13:00,2.8005,2.8025,2.8005,2.8015,2.8055,2.8075,2.8055,2.8065,23
2026-04-17 17:14:00,2.801,2.8055,2.801,2.8015,2.806,2.8105,2.806,2.8065,28
2026-04-17 17:15:00,2.802,2.803,2.8005,2.8005,2.807,2.808,2.8055,2.8055,11
2026-04-17 17:16:00,2.801,2.8015,2.7985,2.7995,2.806,2.8065,2.8035,2.8045,26
2026-04-17 17:17:00,2.8,2.803,2.8,2.8015,2.805,2.808,2.805,2.8065,11
2026-04-17 17:18:00,2.8025,2.8045,2.8025,2.8035,2.8075,2.8095,2.8075,2.8085,28
2026-04-17 17:19:00,2.804,2.8095,2.804,2.807,2.809,2.8145,2.809,2.812,34
2026-04-17 17:20:00,2.8076,2.8085,2.805,2.805,2.8125,2.8135,2.81,2.81,19
2026-04-17 17:21:00,2.8045,2.8045,2.8015,2.8025,2.8095,2.8095,2.8065,2.8075,21
2026-04-17 17:22:00,2.8035,2.804,2.803,2.804,2.8085,2.809,2.808,2.809,4
2026-04-17 17:23:00,2.8045,2.8045,2.8015,2.8015,2.8095,2.8095,2.8065,2.8065,6
2026-04-17 17:24:00,2.802,2.8025,2.8015,2.8015,2.807,2.8075,2.8065,2.8065,15
2026-04-17 17:25:00,2.8005,2.8005,2.7985,2.7995,2.8055,2.8055,2.8035,2.8045,14
2026-04-17 17:26:00,2.7985,2.8035,2.7985,2.8015,2.8035,2.8085,2.8035,2.8065,27
2026-04-17 17:27:00,2.8025,2.8035,2.8025,2.8035,2.8075,2.8085,2.8075,2.8085,7
2026-04-17 17:28:00,2.804,2.8045,2.8015,2.8025,2.809,2.8095,2.8065,2.8075,24
2026-04-17 17:29:00,2.8035,2.8035,2.8015,2.8015,2.8085,2.8085,2.8065,2.8065,34
2026-04-17 17:30:00,2.801,2.803,2.7995,2.8015,2.806,2.808,2.8045,2.8065,37
2026-04-17 17:31:00,2.802,2.802,2.7995,2.8015,2.807,2.807,2.8045,2.8065,19
2026-04-17 17:32:00,2.8005,2.8055,2.8005,2.8045,2.8055,2.8105,2.8055,2.8095,19
2026-04-17 17:33:00,2.805,2.8085,2.8045,2.8055,2.81,2.8135,2.8095,2.8105,31
2026-04-17 17:34:00,2.805,2.8065,2.8035,2.8055,2.81,2.8115,2.8085,2.8105,18
2026-04-17 17:35:00,2.806,2.808,2.806,2.8065,2.811,2.813,2.811,2.8115,9
2026-04-17 17:36:00,2.807,2.8115,2.8065,2.8115,2.812,2.8165,2.8115,2.8165,28
2026-04-17 17:37:00,2.812,2.814,2.811,2.812,2.817,2.819,2.816,2.817,32
2026-04-17 17:38:00,2.8125,2.8125,2.8105,2.8115,2.8175,2.8175,2.8155,2.8165,23
2026-04-17 17:39:00,2.8105,2.8115,2.8085,2.8095,2.8155,2.8165,2.8135,2.8145,16
2026-04-17 17:40:00,2.8085,2.8095,2.8055,2.8055,2.8135,2.8145,2.8105,2.8105,16
2026-04-17 17:41:00,2.805,2.8065,2.8025,2.8045,2.81,2.8115,2.8075,2.8095,23
2026-04-17 17:42:00,2.805,2.8076,2.805,2.8065,2.81,2.8125,2.81,2.8115,10
2026-04-17 17:43:00,2.807,2.8085,2.807,2.8076,2.812,2.8135,2.812,2.8125,16
2026-04-17 17:44:00,2.8085,2.8085,2.8045,2.8045,2.8135,2.8135,2.8095,2.8095,10
2026-04-17 17:45:00,2.805,2.8055,2.8035,2.8045,2.81,2.8105,2.8085,2.8095,21
2026-04-17 17:46:00,2.805,2.8055,2.8035,2.8045,2.81,2.8105,2.8085,2.8095,15
2026-04-17 17:47:00,2.805,2.8055,2.8035,2.8035,2.81,2.8105,2.8085,2.8085,14
2026-04-17 17:48:00,2.8045,2.8045,2.8025,2.8025,2.8095,2.8095,2.8075,2.8075,13
2026-04-17 17:49:00,2.8015,2.8015,2.7975,2.7985,2.8065,2.8065,2.8025,2.8035,30
2026-04-17 17:50:00,2.798,2.798,2.7905,2.7915,2.803,2.803,2.7955,2.7965,30
2026-04-17 17:51:00,2.791,2.7925,2.7905,2.7905,2.796,2.7975,2.7955,2.7955,15
2026-04-17 17:52:00,2.791,2.7945,2.791,2.7945,2.796,2.7995,2.796,2.7995,7
2026-04-17 17:53:00,2.7935,2.7965,2.7925,2.7965,2.7985,2.8015,2.7975,2.8015,12
2026-04-17 17:54:00,2.797,2.7995,2.796,2.7995,2.802,2.8045,2.801,2.8045,17
2026-04-17 17:55:00,2.8005,2.8035,2.8,2.8025,2.8055,2.8085,2.805,2.8075,23
2026-04-17 17:56:00,2.8035,2.8045,2.8025,2.8045,2.8085,2.8095,2.8075,2.8095,13
2026-04-17 17:57:00,2.804,2.804,2.8005,2.8005,2.809,2.809,2.8055,2.8055,15
2026-04-17 17:58:00,2.7995,2.8005,2.7995,2.8,2.8045,2.8055,2.8045,2.805,13
2026-04-17 17:59:00,2.8005,2.8005,2.7965,2.7985,2.8055,2.8055,2.8015,2.8035,29
2026-04-17 18:00:00,2.799,2.802,2.798,2.8005,2.804,2.807,2.803,2.8055,44
2026-04-17 18:01:00,2.8015,2.8015,2.799,2.8005,2.8065,2.8065,2.804,2.8055,23
2026-04-17 18:02:00,2.801,2.8025,2.8005,2.8005,2.806,2.8075,2.8055,2.8055,15
2026-04-17 18:03:00,2.7995,2.8025,2.7995,2.8025,2.8045,2.8075,2.8045,2.8075,7
2026-04-17 18:04:00,2.8035,2.8085,2.8025,2.8076,2.8085,2.8135,2.8075,2.8125,24
2026-04-17 18:05:00,2.808,2.8105,2.8055,2.8065,2.813,2.8155,2.8105,2.8115,24
2026-04-17 18:06:00,2.806,2.807,2.8055,2.8055,2.811,2.812,2.8105,2.8105,4
2026-04-17 18:07:00,2.806,2.8065,2.8055,2.8055,2.811,2.8115,2.8105,2.8105,18
2026-04-17 18:08:00,2.805,2.805,2.8015,2.8025,2.81,2.81,2.8065,2.8075,19
2026-04-17 18:09:00,2.8035,2.8055,2.8035,2.8055,2.8085,2.8105,2.8085,2.8105,3
2026-04-17 18:10:00,2.8065,2.8065,2.8045,2.805,2.8115,2.8115,2.8095,2.81,13
2026-04-17 18:11:00,2.8055,2.8065,2.8035,2.8035,2.8105,2.8115,2.8085,2.8085,13
2026-04-17 18:12:00,2.804,2.8055,2.8035,2.8045,2.809,2.8105,2.8085,2.8095,21
2026-04-17 18:13:00,2.8035,2.8045,2.7995,2.8005,2.8085,2.8095,2.8045,2.8055,24
2026-04-17 18:14:00,2.801,2.8035,2.801,2.8025,2.806,2.8085,2.806,2.8075,15
2026-04-17 18:15:00,2.803,2.804,2.8025,2.8035,2.808,2.809,2.8075,2.8085,10
2026-04-17 18:16:00,2.804,2.8055,2.804,2.8045,2.809,2.8105,2.809,2.8095,9
2026-04-17 18:17:00,2.805,2.8055,2.8015,2.803,2.81,2.8105,2.8065,2.808,21
2026-04-17 18:18:00,2.8035,2.8035,2.7975,2.7975,2.8085,2.8085,2.8025,2.8025,21
2026-04-17 18:19:00,2.797,2.7985,2.797,2.7975,2.802,2.8035,2.802,2.8025,12
2026-04-17 18:20:00,2.798,2.799,2.7975,2.7985,2.803,2.804,2.8025,2.8035,7
2026-04-17 18:21:00,2.7975,2.7985,2.7975,2.798,2.8025,2.8035,2.8025,2.803,8
2026-04-17 18:22:00,2.7985,2.801,2.7985,2.801,2.8035,2.806,2.8035,2.806,9
2026-04-17 18:23:00,2.8015,2.8025,2.8005,2.8015,2.8065,2.8075,2.8055,2.8065,14
2026-04-17 18:24:00,2.801,2.8045,2.8005,2.8035,2.806,2.8095,2.8055,2.8085,10
2026-04-17 18:25:00,2.8045,2.8045,2.8035,2.8045,2.8095,2.8095,2.8085,2.8095,16
2026-04-17 18:26:00,2.8035,2.8045,2.8035,2.8035,2.8085,2.8095,2.8085,2.8085,4
2026-04-17 18:27:00,2.8025,2.8055,2.8025,2.8045,2.8075,2.8105,2.8075,2.8095,7
2026-04-17 18:28:00,2.805,2.8055,2.8045,2.8055,2.81,2.8105,2.8095,2.8105,15
2026-04-17 18:29:00,2.805,2.8055,2.8045,2.8055,2.81,2.8105,2.8095,2.8105,8
2026-04-17 18:30:00,2.8045,2.8076,2.8045,2.8055,2.8095,2.8125,2.8095,2.8105,11
2026-04-17 18:31:00,2.805,2.8105,2.8035,2.8085,2.81,2.8155,2.8085,2.8135,39
2026-04-17 18:32:00,2.8076,2.8095,2.8076,2.8085,2.8125,2.8145,2.8125,2.8135,10
2026-04-17 18:33:00,2.8095,2.8095,2.8076,2.8076,2.8145,2.8145,2.8125,2.8125,13
2026-04-17 18:34:00,2.808,2.8085,2.8076,2.808,2.813,2.8135,2.8125,2.813,7
2026-04-17 18:35:00,2.8076,2.8085,2.803,2.803,2.8125,2.8135,2.808,2.808,29
2026-04-17 18:36:00,2.8035,2.8045,2.8025,2.8035,2.8085,2.8095,2.8075,2.8085,9
2026-04-17 18:37:00,2.803,2.8035,2.803,2.8035,2.808,2.8085,2.808,2.8085,2
2026-04-17 18:38:00,2.804,2.8045,2.8035,2.8035,2.809,2.8095,2.8085,2.8085,4
2026-04-17 18:39:00,2.8025,2.8025,2.8015,2.802,2.8075,2.8075,2.8065,2.807,5
2026-04-17 18:40:00,2.803,2.8035,2.8025,2.8035,2.808,2.8085,2.8075,2.8085,7
2026-04-17 18:41:00,2.804,2.8045,2.803,2.8045,2.809,2.8095,2.808,2.8095,10
2026-04-17 18:42:00,2.8055,2.8055,2.8045,2.8055,2.8105,2.8105,2.8095,2.8105,6
2026-04-17 18:43:00,2.806,2.8065,2.8055,2.8065,2.811,2.8115,2.8105,2.8115,10
2026-04-17 18:44:00,2.806,2.8085,2.806,2.807,2.811,2.8135,2.811,2.812,12
2026-04-17 18:45:00,2.8065,2.8085,2.8045,2.8055,2.8115,2.8135,2.8095,2.8105,12
2026-04-17 18:46:00,2.8045,2.8045,2.8045,2.8045,2.8095,2.8095,2.8095,2.8095,1
2026-04-17 18:47:00,2.805,2.8065,2.8045,2.8055,2.81,2.8115,2.8095,2.8105,11
2026-04-17 18:48:00,2.8045,2.805,2.804,2.8045,2.8095,2.81,2.809,2.8095,7
2026-04-17 18:49:00,2.805,2.8055,2.8035,2.8045,2.81,2.8105,2.8085,2.8095,5
2026-04-17 18:50:00,2.804,2.8045,2.8035,2.8035,2.809,2.8095,2.8085,2.8085,8
2026-04-17 18:51:00,2.8045,2.8045,2.8015,2.8025,2.8095,2.8095,2.8065,2.8075,36
2026-04-17 18:52:00,2.8035,2.8055,2.8035,2.8045,2.8085,2.8105,2.8085,2.8095,8
2026-04-17 18:53:00,2.805,2.8065,2.805,2.8055,2.81,2.8115,2.81,2.8105,5
2026-04-17 18:54:00,2.806,2.806,2.8045,2.8045,2.811,2.811,2.8095,2.8095,8
2026-04-17 18:56:00,2.8035,2.8035,2.8015,2.8035,2.8085,2.8085,2.8065,2.8085,12
2026-04-17 18:57:00,2.8045,2.8045,2.8025,2.8035,2.8095,2.8095,2.8075,2.8085,5
2026-04-17 18:58:00,2.803,2.8035,2.802,2.8035,2.808,2.8085,2.807,2.8085,7
2026-04-17 18:59:00,2.804,2.8045,2.8035,2.8045,2.809,2.8095,2.8085,2.8095,3
2026-04-17 19:00:00,2.8055,2.8085,2.8045,2.8076,2.8105,2.8135,2.8095,2.8125,32
2026-04-17 19:01:00,2.8085,2.8105,2.8085,2.8105,2.8135,2.8155,2.8135,2.8155,15
2026-04-17 19:02:00,2.8095,2.8125,2.8095,2.8125,2.8145,2.8175,2.8145,2.8175,17
2026-04-17 19:03:00,2.813,2.8135,2.8115,2.8135,2.818,2.8185,2.8165,2.8185,15
2026-04-17 19:04:00,2.8145,2.8145,2.8105,2.811,2.8195,2.8195,2.8155,2.816,16
2026-04-17 19:05:00,2.8115,2.8125,2.8105,2.8115,2.8165,2.8175,2.8155,2.8165,13
2026-04-17 19:06:00,2.811,2.8156,2.811,2.8156,2.816,2.8205,2.816,2.8205,8
2026-04-17 19:07:00,2.8165,2.8175,2.8156,2.8165,2.8215,2.8225,2.8205,2.8215,22
2026-04-17 19:08:00,2.817,2.8195,2.8145,2.8175,2.822,2.8245,2.8195,2.8225,41
2026-04-17 19:09:00,2.818,2.8185,2.8135,2.8135,2.823,2.8235,2.8185,2.8185,23
2026-04-17 19:10:00,2.814,2.8145,2.813,2.8135,2.819,2.8195,2.818,2.8185,12
2026-04-17 19:11:00,2.8145,2.8156,2.8145,2.8145,2.8195,2.8205,2.8195,2.8195,19
2026-04-17 19:12:00,2.814,2.816,2.8135,2.8145,2.819,2.821,2.8185,2.8195,19
2026-04-17 19:13:00,2.814,2.8145,2.8135,2.8135,2.819,2.8195,2.8185,2.8185,7
2026-04-17 19:14:00,2.814,2.8145,2.8115,2.8125,2.819,2.8195,2.8165,2.8175,18
2026-04-17 19:15:00,2.813,2.8145,2.8115,2.8145,2.818,2.8195,2.8165,2.8195,16
2026-04-17 19:16:00,2.8135,2.814,2.8125,2.8125,2.8185,2.819,2.8175,2.8175,9
2026-04-17 19:17:00,2.8135,2.8175,2.8135,2.8175,2.8185,2.8225,2.8185,2.8225,15
2026-04-17 19:18:00,2.817,2.8175,2.8165,2.8165,2.822,2.8225,2.8215,2.8215,4
2026-04-17 19:19:00,2.817,2.8185,2.8165,2.8185,2.822,2.8235,2.8215,2.8235,13
2026-04-17 19:20:00,2.8195,2.8205,2.8175,2.8195,2.8245,2.8255,2.8225,2.8245,26
2026-04-17 19:21:00,2.82,2.8205,2.8195,2.8195,2.825,2.8255,2.8245,2.8245,9
2026-04-17 19:22:00,2.8185,2.8195,2.8185,2.8185,2.8235,2.8245,2.8235,2.8235,6
2026-04-17 19:23:00,2.8195,2.8195,2.8185,2.8195,2.8245,2.8245,2.8235,2.8245,15
2026-04-17 19:24:00,2.8185,2.8215,2.8185,2.819,2.8235,2.8265,2.8235,2.824,50
2026-04-17 19:25:00,2.8185,2.824,2.8165,2.8225,2.8235,2.829,2.8215,2.8275,50
2026-04-17 19:26:00,2.8236,2.8245,2.8215,2.8225,2.8285,2.8295,2.8265,2.8275,39
2026-04-17 19:27:00,2.823,2.8236,2.8156,2.8185,2.828,2.8285,2.8205,2.8235,45
2026-04-17 19:28:00,2.818,2.8225,2.818,2.8215,2.823,2.8275,2.823,2.8265,36
2026-04-17 19:29:00,2.822,2.822,2.8195,2.8205,2.827,2.827,2.8245,2.8255,27
2026-04-17 19:30:00,2.8195,2.8205,2.8185,2.8195,2.8245,2.8255,2.8235,2.8245,23
2026-04-17 19:31:00,2.82,2.8205,2.8195,2.8205,2.825,2.8255,2.8245,2.8255,8
2026-04-17 19:32:00,2.821,2.8215,2.8195,2.8205,2.826,2.8265,2.8245,2.8255,17
2026-04-17 19:33:00,2.821,2.8215,2.8195,2.8205,2.826,2.8265,2.8245,2.8255,13
2026-04-17 19:34:00,2.8195,2.8195,2.8165,2.8175,2.8245,2.8245,2.8215,2.8225,25
2026-04-17 19:35:00,2.817,2.8175,2.8156,2.8156,2.822,2.8225,2.8205,2.8205,26
2026-04-17 19:36:00,2.816,2.8165,2.8156,2.8165,2.821,2.8215,2.8205,2.8215,16
2026-04-17 19:37:00,2.8156,2.8165,2.8145,2.816,2.8205,2.8215,2.8195,2.821,16
2026-04-17 19:38:00,2.8165,2.8175,2.816,2.8165,2.8215,2.8225,2.821,2.8215,13
2026-04-17 19:39:00,2.8175,2.8215,2.8165,2.8175,2.8225,2.8265,2.8215,2.8225,45
2026-04-17 19:40:00,2.8165,2.8175,2.8156,2.8156,2.8215,2.8225,2.8205,2.8205,23
2026-04-17 19:41:00,2.8165,2.8195,2.8156,2.8175,2.8215,2.8245,2.8205,2.8225,21
2026-04-17 19:42:00,2.8185,2.8185,2.8175,2.8175,2.8235,2.8235,2.8225,2.8225,6
2026-04-17 19:43:00,2.817,2.818,2.817,2.818,2.822,2.823,2.822,2.823,3
2026-04-17 19:44:00,2.8185,2.8185,2.8175,2.818,2.8235,2.8235,2.8225,2.823,15
2026-04-17 19:45:00,2.8175,2.8195,2.8165,2.8195,2.8225,2.8245,2.8215,2.8245,15
2026-04-17 19:46:00,2.819,2.819,2.8175,2.8175,2.824,2.824,2.8225,2.8225,4
2026-04-17 19:47:00,2.8165,2.8175,2.8165,2.8175,2.8215,2.8225,2.8215,2.8225,28
2026-04-17 19:48:00,2.817,2.817,2.8135,2.8145,2.822,2.822,2.8185,2.8195,18
2026-04-17 19:49:00,2.814,2.8175,2.8135,2.8165,2.819,2.8225,2.8185,2.8215,12
2026-04-17 19:50:00,2.817,2.8175,2.8165,2.8165,2.822,2.8225,2.8215,2.8215,21
2026-04-17 19:51:00,2.817,2.8185,2.816,2.8175,2.822,2.8235,2.821,2.8225,9
2026-04-17 19:52:00,2.817,2.817,2.815,2.8156,2.822,2.822,2.82,2.8205,13
2026-04-17 19:53:00,2.8165,2.8175,2.8165,2.8175,2.8215,2.8225,2.8215,2.8225,9
2026-04-17 19:54:00,2.817,2.8175,2.8156,2.8165,2.822,2.8225,2.8205,2.8215,12
2026-04-17 19:55:00,2.816,2.8185,2.816,2.8185,2.821,2.8235,2.821,2.8235,13
2026-04-17 19:56:00,2.818,2.8205,2.818,2.8195,2.823,2.8255,2.823,2.8245,12
2026-04-17 19:57:00,2.819,2.8205,2.8175,2.8185,2.824,2.8255,2.8225,2.8235,22
2026-04-17 19:58:00,2.8175,2.8195,2.817,2.8185,2.8225,2.8245,2.822,2.8235,16
2026-04-17 19:59:00,2.8195,2.82,2.819,2.82,2.8245,2.825,2.824,2.825,8
2026-04-17 20:00:00,2.8195,2.8195,2.8175,2.8185,2.8245,2.8245,2.8225,2.8235,15
2026-04-17 20:01:00,2.818,2.819,2.8175,2.8185,2.823,2.824,2.8225,2.8235,13
2026-04-17 20:02:00,2.818,2.8195,2.818,2.818,2.823,2.8245,2.823,2.823,13
2026-04-17 20:03:00,2.817,2.819,2.817,2.819,2.822,2.824,2.822,2.824,11
2026-04-17 20:04:00,2.8185,2.8195,2.8165,2.818,2.8235,2.8245,2.8215,2.823,14
2026-04-17 20:05:00,2.8175,2.8185,2.8165,2.8185,2.8225,2.8235,2.8215,2.8235,21
2026-04-17 20:06:00,2.818,2.819,2.8135,2.8135,2.823,2.824,2.8185,2.8185,15
2026-04-17 20:07:00,2.813,2.8145,2.8105,2.8115,2.818,2.8195,2.8155,2.8165,17
2026-04-17 20:08:00,2.811,2.8135,2.8105,2.811,2.816,2.8185,2.8155,2.816,13
2026-04-17 20:09:00,2.8115,2.813,2.8105,2.8115,2.8165,2.818,2.8155,2.8165,27
2026-04-17 20:10:00,2.8105,2.8105,2.8095,2.8105,2.8155,2.8155,2.8145,2.8155,3
2026-04-17 20:11:00,2.8115,2.8115,2.8085,2.811,2.8165,2.8165,2.8135,2.816,16
2026-04-17 20:12:00,2.8115,2.8115,2.8105,2.811,2.8165,2.8165,2.8155,2.816,13
2026-04-17 20:13:00,2.8115,2.8115,2.8105,2.811,2.8165,2.8165,2.8155,2.816,19
2026-04-17 20:14:00,2.8105,2.811,2.8095,2.8095,2.8155,2.816,2.8145,2.8145,9
2026-04-17 20:15:00,2.81,2.8105,2.8065,2.807,2.815,2.8155,2.8115,2.812,20
2026-04-17 20:16:00,2.8065,2.807,2.8055,2.8055,2.8115,2.812,2.8105,2.8105,11
2026-04-17 20:17:00,2.8065,2.8065,2.8055,2.8055,2.8115,2.8115,2.8105,2.8105,14
2026-04-17 20:18:00,2.805,2.805,2.8015,2.8015,2.81,2.81,2.8065,2.8065,22
2026-04-17 20:19:00,2.8025,2.803,2.8015,2.803,2.8075,2.808,2.8065,2.808,25
2026-04-17 20:20:00,2.802,2.802,2.7985,2.7985,2.807,2.807,2.8035,2.8035,12
2026-04-17 20:21:00,2.7975,2.798,2.7975,2.7975,2.8025,2.803,2.8025,2.8025,5
2026-04-17 20:22:00,2.7965,2.8005,2.7955,2.8,2.8015,2.8055,2.8005,2.805,16
2026-04-17 20:23:00,2.799,2.8005,2.7955,2.798,2.804,2.8055,2.8005,2.803,44
2026-04-17 20:24:00,2.7985,2.7995,2.7975,2.799,2.8035,2.8045,2.8025,2.804,28
2026-04-17 20:25:00,2.7985,2.8005,2.7965,2.798,2.8035,2.8055,2.8015,2.803,29
2026-04-17 20:26:00,2.7985,2.7995,2.7975,2.7995,2.8035,2.8045,2.8025,2.8045,23
2026-04-17 20:27:00,2.799,2.799,2.7925,2.7925,2.804,2.804,2.7975,2.7975,46
2026-04-17 20:28:00,2.792,2.7955,2.791,2.792,2.797,2.8005,2.796,2.797,83
2026-04-17 20:29:00,2.7915,2.7935,2.7905,2.7915,2.7965,2.7985,2.7955,2.7965,38
2026-04-17 20:30:00,2.792,2.7925,2.7875,2.7875,2.797,2.7975,2.7925,2.7925,41
2026-04-17 20:31:00,2.7865,2.7885,2.7845,2.787,2.7915,2.7935,2.7895,2.792,41
2026-04-17 20:32:00,2.7875,2.7875,2.7825,2.7845,2.7925,2.7925,2.7875,2.7895,27
2026-04-17 20:33:00,2.7855,2.7865,2.7845,2.786,2.7905,2.7915,2.7895,2.791,12
2026-04-17 20:34:00,2.7865,2.7885,2.7865,2.788,2.7915,2.7935,2.7915,2.793,28
2026-04-17 20:35:00,2.7885,2.7935,2.7885,2.7935,2.7935,2.7985,2.7935,2.7985,11
2026-04-17 20:36:00,2.7945,2.7975,2.7935,2.7965,2.7995,2.8025,2.7985,2.8015,11
2026-04-17 20:37:00,2.797,2.798,2.7965,2.798,2.802,2.803,2.8015,2.803,15
2026-04-17 20:38:00,2.7985,2.7985,2.7965,2.7965,2.8035,2.8035,2.8015,2.8015,13
2026-04-17 20:39:00,2.797,2.7975,2.7965,2.7965,2.802,2.8025,2.8015,2.8015,7
2026-04-17 20:40:00,2.797,2.7995,2.797,2.799,2.802,2.8045,2.802,2.804,20
2026-04-17 20:41:00,2.7985,2.799,2.7935,2.7945,2.8035,2.804,2.7985,2.7995,27
2026-04-17 20:42:00,2.795,2.795,2.7925,2.7935,2.8,2.8,2.7975,2.7985,13
2026-04-17 20:43:00,2.7945,2.7945,2.7925,2.7925,2.7995,2.7995,2.7975,2.7975,6
2026-04-17 20:44:00,2.7935,2.7935,2.7915,2.7915,2.7985,2.7985,2.7965,2.7965,3
2026-04-17 20:45:00,2.792,2.7935,2.7915,2.7925,2.797,2.7985,2.7965,2.7975,20
2026-04-17 20:46:00,2.793,2.7945,2.7925,2.7935,2.798,2.7995,2.7975,2.7985,14
2026-04-17 20:47:00,2.7945,2.7945,2.7935,2.7935,2.7995,2.7995,2.7985,2.7985,4
2026-04-17 20:48:00,2.794,2.7965,2.7935,2.796,2.799,2.8015,2.7985,2.801,7
2026-04-17 20:49:00,2.7955,2.796,2.7955,2.7955,2.8005,2.801,2.8005,2.8005,7
2026-04-17 20:50:00,2.7945,2.7955,2.7945,2.7945,2.7995,2.8005,2.7995,2.7995,31
2026-04-17 20:51:00,2.794,2.7945,2.7935,2.7945,2.799,2.7995,2.7985,2.7995,5
2026-04-17 20:52:00,2.794,2.7945,2.7915,2.7915,2.799,2.7995,2.7965,2.7965,25
2026-04-17 20:53:00,2.792,2.7925,2.7905,2.7905,2.797,2.7975,2.7955,2.7955,20
2026-04-17 20:54:00,2.791,2.7945,2.7905,2.7935,2.796,2.7995,2.7955,2.7985,47
2026-04-17 20:55:00,2.794,2.7945,2.7915,2.7935,2.799,2.7995,2.7965,2.7985,10
2026-04-17 20:56:00,2.793,2.7935,2.7925,2.7935,2.798,2.7985,2.7975,2.7985,8
2026-04-17 20:57:00,2.793,2.7985,2.7925,2.7985,2.798,2.8035,2.7975,2.8035,14
2026-04-17 20:58:00,2.7975,2.7985,2.7975,2.7975,2.8025,2.8035,2.8025,2.8025,4
2026-04-17 20:59:00,2.7985,2.7985,2.7965,2.7965,2.8035,2.8035,2.8015,2.8015,8
2026-04-17 21:00:00,2.7975,2.7975,2.7945,2.7955,2.8025,2.8025,2.7995,2.8005,14
2026-04-17 21:01:00,2.7945,2.7955,2.7945,2.7945,2.7995,2.8005,2.7995,2.7995,7
2026-04-17 21:02:00,2.794,2.7955,2.7935,2.7955,2.799,2.8005,2.7985,2.8005,13
2026-04-17 21:03:00,2.7945,2.7955,2.794,2.7955,2.7995,2.8005,2.799,2.8005,7
2026-04-17 21:04:00,2.795,2.7955,2.7935,2.7935,2.8,2.8005,2.7985,2.7985,5
2026-04-17 21:05:00,2.7945,2.7945,2.7945,2.7945,2.7995,2.7995,2.7995,2.7995,1
2026-04-17 21:06:00,2.7955,2.7955,2.7935,2.7935,2.8005,2.8005,2.7985,2.7985,5
2026-04-17 21:07:00,2.793,2.7935,2.792,2.7925,2.798,2.7985,2.797,2.7975,9
2026-04-17 21:08:00,2.793,2.7935,2.792,2.792,2.798,2.7985,2.797,2.797,7
2026-04-17 21:09:00,2.7915,2.7935,2.7915,2.793,2.7965,2.7985,2.7965,2.798,9
2026-04-17 21:10:00,2.7925,2.7935,2.7925,2.7935,2.7975,2.7985,2.7975,2.7985,6
2026-04-17 21:11:00,2.793,2.7945,2.792,2.794,2.798,2.7995,2.797,2.799,20
2026-04-17 21:12:00,2.7935,2.7975,2.7935,2.797,2.7985,2.8025,2.7985,2.802,30
2026-04-17 21:13:00,2.7975,2.798,2.7955,2.7955,2.8025,2.803,2.8005,2.8005,20
2026-04-17 21:14:00,2.795,2.7955,2.7925,2.7925,2.8,2.8005,2.7975,2.7975,12
2026-04-17 21:15:00,2.793,2.7955,2.793,2.7945,2.798,2.8005,2.798,2.7995,16
2026-04-17 21:16:00,2.7955,2.798,2.7935,2.798,2.8005,2.803,2.7985,2.803,20
2026-04-17 21:17:00,2.7975,2.7985,2.7975,2.798,2.8025,2.8035,2.8025,2.803,13
2026-04-17 21:18:00,2.7975,2.7985,2.7965,2.7975,2.8025,2.8035,2.8015,2.8025,7
2026-04-17 21:19:00,2.797,2.797,2.797,2.797,2.802,2.802,2.802,2.802,1
2026-04-17 21:20:00,2.7965,2.7965,2.7955,2.7965,2.8015,2.8015,2.8005,2.8015,9
2026-04-17 21:21:00,2.797,2.7975,2.797,2.797,2.802,2.8025,2.802,2.802,3
2026-04-17 21:22:00,2.7965,2.7975,2.7965,2.7975,2.8015,2.8025,2.8015,2.8025,3
2026-04-17 21:23:00,2.7965,2.7965,2.7965,2.7965,2.8015,2.8015,2.8015,2.8015,1
2026-04-17 21:24:00,2.796,2.7965,2.796,2.7965,2.801,2.8015,2.801,2.8015,2
2026-04-17 21:25:00,2.797,2.797,2.796,2.7965,2.802,2.802,2.801,2.8015,4
2026-04-17 21:26:00,2.7955,2.7965,2.7945,2.7965,2.8005,2.8015,2.7995,2.8015,7
2026-04-17 21:27:00,2.796,2.796,2.795,2.7955,2.801,2.801,2.8,2.8005,4
2026-04-17 21:28:00,2.795,2.7955,2.794,2.7955,2.8,2.8005,2.799,2.8005,6
2026-04-17 21:30:00,2.7965,2.7965,2.7955,2.7955,2.8015,2.8015,2.8005,2.8005,2
2026-04-17 21:31:00,2.797,2.7985,2.7965,2.797,2.802,2.8035,2.8015,2.802,8
2026-04-17 21:32:00,2.7975,2.7995,2.7975,2.7985,2.8025,2.8045,2.8025,2.8035,6
2026-04-17 21:33:00,2.799,2.7995,2.7975,2.7975,2.804,2.8045,2.8025,2.8025,9
2026-04-17 21:34:00,2.7965,2.7965,2.7965,2.7965,2.8015,2.8015,2.8015,2.8015,1
2026-04-17 21:36:00,2.796,2.7975,2.796,2.7975,2.801,2.8025,2.801,2.8025,11
2026-04-17 21:37:00,2.797,2.7975,2.7965,2.7965,2.802,2.8025,2.8015,2.8015,5
2026-04-17 21:38:00,2.797,2.7975,2.7965,2.7965,2.802,2.8025,2.8015,2.8015,5
2026-04-17 21:39:00,2.796,2.796,2.7955,2.7955,2.801,2.801,2.8005,2.8005,2
2026-04-17 21:40:00,2.7965,2.7965,2.7945,2.7965,2.8015,2.8015,2.7995,2.8015,11
2026-04-17 21:41:00,2.796,2.7975,2.796,2.797,2.801,2.8025,2.801,2.802,9
2026-04-17 21:42:00,2.7975,2.7975,2.7965,2.797,2.8025,2.8025,2.8015,2.802,9
2026-04-17 21:43:00,2.7965,2.7975,2.7965,2.7965,2.8015,2.8025,2.8015,2.8015,4
2026-04-17 21:45:00,2.7975,2.8,2.7965,2.7995,2.8025,2.805,2.8015,2.8045,7
2026-04-17 21:46:00,2.8,2.8005,2.8,2.8005,2.805,2.8055,2.805,2.8055,2
2026-04-17 21:47:00,2.8,2.8005,2.7995,2.7995,2.805,2.8055,2.8045,2.8045,3
2026-04-17 21:49:00,2.7985,2.7995,2.7985,2.7995,2.8035,2.8045,2.8035,2.8045,12
2026-04-17 21:50:00,2.7985,2.7995,2.7985,2.7995,2.8035,2.8045,2.8035,2.8045,2
2026-04-17 21:51:00,2.799,2.7995,2.7975,2.7985,2.804,2.8045,2.8025,2.8035,6
2026-04-17 21:52:00,2.7975,2.7985,2.7975,2.7985,2.8025,2.8035,2.8025,2.8035,3
2026-04-17 21:53:00,2.7975,2.799,2.7975,2.7985,2.8025,2.804,2.8025,2.8035,7
2026-04-17 21:54:00,2.7995,2.7995,2.798,2.798,2.8045,2.8045,2.803,2.803,5
2026-04-17 21:55:00,2.7975,2.798,2.7965,2.7965,2.8025,2.803,2.8015,2.8015,12
2026-04-17 21:56:00,2.796,2.797,2.7955,2.797,2.801,2.802,2.8005,2.802,13
2026-04-17 21:57:00,2.7975,2.7975,2.796,2.7965,2.8025,2.8025,2.801,2.8015,4
2026-04-17 21:58:00,2.797,2.7975,2.7965,2.7965,2.802,2.8025,2.8015,2.8015,11
2026-04-17 21:59:00,2.797,2.7975,2.7965,2.7975,2.802,2.8025,2.8015,2.8025,11
2026-04-17 22:00:00,2.798,2.798,2.7965,2.7965,2.803,2.803,2.8015,2.8015,6
2026-04-17 22:02:00,2.7975,2.798,2.7975,2.7975,2.8025,2.803,2.8025,2.8025,5
2026-04-17 22:03:00,2.798,2.8005,2.798,2.8005,2.803,2.8055,2.803,2.8055,4
2026-04-17 22:04:00,2.801,2.8015,2.8005,2.8005,2.806,2.8065,2.8055,2.8055,19
2026-04-17 22:05:00,2.7995,2.801,2.7995,2.8005,2.8045,2.806,2.8045,2.8055,8
2026-04-17 22:06:00,2.801,2.8015,2.8005,2.801,2.806,2.8065,2.8055,2.806,12
2026-04-17 22:07:00,2.8015,2.8015,2.7995,2.7995,2.8065,2.8065,2.8045,2.8045,13
2026-04-17 22:08:00,2.7985,2.7985,2.7965,2.7965,2.8035,2.8035,2.8015,2.8015,3
2026-04-17 22:09:00,2.796,2.7965,2.7955,2.7965,2.801,2.8015,2.8005,2.8015,7
2026-04-17 22:10:00,2.797,2.7975,2.7965,2.7965,2.802,2.8025,2.8015,2.8015,7
2026-04-17 22:11:00,2.796,2.796,2.7955,2.7955,2.801,2.801,2.8005,2.8005,4
2026-04-17 22:13:00,2.796,2.7965,2.796,2.796,2.801,2.8015,2.801,2.801,3
2026-04-17 22:14:00,2.7955,2.7965,2.7955,2.7955,2.8005,2.8015,2.8005,2.8005,6
2026-04-17 22:15:00,2.7965,2.7965,2.7955,2.7955,2.8015,2.8015,2.8005,2.8005,2
2026-04-17 22:16:00,2.796,2.796,2.7955,2.7955,2.801,2.801,2.8005,2.8005,2
2026-04-17 22:17:00,2.796,2.796,2.7955,2.7955,2.801,2.801,2.8005,2.8005,2
2026-04-17 22:18:00,2.795,2.796,2.795,2.7955,2.8,2.801,2.8,2.8005,6
2026-04-17 22:19:00,2.795,2.795,2.7935,2.7935,2.8,2.8,2.7985,2.7985,7
2026-04-17 22:20:00,2.794,2.7955,2.7935,2.794,2.799,2.8005,2.7985,2.799,15
2026-04-17 22:21:00,2.7935,2.7945,2.793,2.7935,2.7985,2.7995,2.798,2.7985,26
2026-04-17 22:22:00,2.7945,2.7945,2.7935,2.7935,2.7995,2.7995,2.7985,2.7985,5
2026-04-17 22:23:00,2.794,2.7945,2.7935,2.7935,2.799,2.7995,2.7985,2.7985,4
2026-04-17 22:24:00,2.794,2.7945,2.793,2.794,2.799,2.7995,2.798,2.799,9
2026-04-17 22:25:00,2.7945,2.7975,2.794,2.797,2.7995,2.8025,2.799,2.802,11
2026-04-17 22:26:00,2.796,2.7985,2.796,2.7985,2.801,2.8035,2.801,2.8035,8
2026-04-17 22:27:00,2.7975,2.798,2.7975,2.798,2.8025,2.803,2.8025,2.803,2
2026-04-17 22:28:00,2.799,2.799,2.7975,2.7975,2.804,2.804,2.8025,2.8025,5
2026-04-17 22:29:00,2.798,2.798,2.797,2.798,2.803,2.803,2.802,2.803,3
2026-04-17 22:30:00,2.7975,2.8025,2.7975,2.8,2.8025,2.8075,2.8025,2.805,23
2026-04-17 22:31:00,2.8005,2.8015,2.7995,2.8005,2.8055,2.8065,2.8045,2.8055,9
2026-04-17 22:32:00,2.801,2.801,2.8005,2.8005,2.806,2.806,2.8055,2.8055,12
2026-04-17 22:33:00,2.8,2.8005,2.7995,2.7995,2.805,2.8055,2.8045,2.8045,3
2026-04-17 22:34:00,2.799,2.799,2.7985,2.7985,2.804,2.804,2.8035,2.8035,2
2026-04-17 22:35:00,2.7975,2.7975,2.796,2.7965,2.8025,2.8025,2.801,2.8015,4
2026-04-17 22:36:00,2.7955,2.7955,2.7935,2.7945,2.8005,2.8005,2.7985,2.7995,9
2026-04-17 22:37:00,2.7935,2.7945,2.7935,2.794,2.7985,2.7995,2.7985,2.799,3
2026-04-17 22:38:00,2.7945,2.7945,2.7925,2.7935,2.7995,2.7995,2.7975,2.7985,6
2026-04-17 22:39:00,2.7945,2.7945,2.7935,2.794,2.7995,2.7995,2.7985,2.799,3
2026-04-17 22:40:00,2.7935,2.7935,2.7935,2.7935,2.7985,2.7985,2.7985,2.7985,1
2026-04-17 22:42:00,2.7945,2.7945,2.7935,2.7935,2.7995,2.7995,2.7985,2.7985,2
2026-04-17 22:43:00,2.793,2.7935,2.793,2.793,2.798,2.7985,2.798,2.798,3
2026-04-17 22:44:00,2.7935,2.7935,2.7935,2.7935,2.7985,2.7985,2.7985,2.7985,1
2026-04-17 22:45:00,2.794,2.794,2.7925,2.7925,2.799,2.799,2.7975,2.7975,12
2026-04-17 22:46:00,2.792,2.7945,2.792,2.7935,2.797,2.7995,2.797,2.7985,6
2026-04-17 22:47:00,2.794,2.794,2.794,2.794,2.799,2.799,2.799,2.799,1
2026-04-17 22:48:00,2.7945,2.7955,2.7945,2.795,2.7995,2.8005,2.7995,2.8,8
2026-04-17 22:49:00,2.7955,2.7965,2.7945,2.7945,2.8005,2.8015,2.7995,2.7995,9
2026-04-17 22:50:00,2.795,2.795,2.794,2.7945,2.8,2.8,2.799,2.7995,7
2026-04-17 22:51:00,2.795,2.7965,2.7945,2.7945,2.8,2.8015,2.7995,2.7995,8
2026-04-17 22:52:00,2.7955,2.7965,2.7955,2.7955,2.8005,2.8015,2.8005,2.8005,7
2026-04-17 22:53:00,2.796,2.798,2.7955,2.798,2.801,2.803,2.8005,2.803,11
2026-04-17 22:54:00,2.7975,2.7985,2.7975,2.798,2.8025,2.8035,2.8025,2.803,12
2026-04-17 22:55:00,2.797,2.798,2.7945,2.7945,2.802,2.803,2.7995,2.7995,15
2026-04-17 22:56:00,2.7955,2.7955,2.7945,2.795,2.8005,2.8005,2.7995,2.8,6
2026-04-17 22:57:00,2.7945,2.7955,2.7945,2.795,2.7995,2.8005,2.7995,2.8,8
2026-04-17 22:58:00,2.7955,2.796,2.794,2.7955,2.8005,2.801,2.799,2.8005,12
2026-04-17 22:59:00,2.795,2.8062,2.7945,2.8057,2.8,2.8112,2.7995,2.8107,30
2026-04-20 00:00:00,2.8227,2.8402,2.8227,2.8327,2.8277,2.8452,2.8277,2.8377,67
2026-04-20 00:01:00,2.8322,2.8392,2.8322,2.8357,2.8372,2.8442,2.8372,2.8407,27
2026-04-20 00:02:00,2.8367,2.8417,2.8352,2.8387,2.8417,2.8467,2.8402,2.8437,18
2026-04-20 00:03:00,2.8397,2.8432,2.8357,2.8417,2.8447,2.8482,2.8407,2.8467,29
2026-04-20 00:04:00,2.8412,2.8422,2.8382,2.8392,2.8462,2.8472,2.8432,2.8442,12
2026-04-20 00:05:00,2.8412,2.8432,2.8412,2.8422,2.8462,2.8482,2.8462,2.8472,12
2026-04-20 00:06:00,2.8417,2.8432,2.8402,2.8422,2.8467,2.8482,2.8452,2.8472,12
2026-04-20 00:07:00,2.8427,2.8447,2.8422,2.8442,2.8477,2.8497,2.8472,2.8492,7
2026-04-20 00:08:00,2.8437,2.8442,2.8417,2.8432,2.8487,2.8492,2.8467,2.8482,17
2026-04-20 00:09:00,2.8437,2.8437,2.8402,2.8417,2.8487,2.8487,2.8452,2.8467,13
2026-04-20 00:10:00,2.8422,2.8447,2.8422,2.8432,2.8472,2.8497,2.8472,2.8482,8
2026-04-20 00:11:00,2.8427,2.8477,2.8427,2.8477,2.8477,2.8527,2.8477,2.8527,7
2026-04-20 00:12:00,2.8472,2.8492,2.8452,2.8462,2.8522,2.8542,2.8502,2.8512,11
2026-04-20 00:13:00,2.8447,2.8447,2.8437,2.8437,2.8497,2.8497,2.8487,2.8487,3
2026-04-20 00:14:00,2.8432,2.8442,2.8427,2.8442,2.8482,2.8492,2.8477,2.8492,6
2026-04-20 00:15:00,2.8452,2.8452,2.8447,2.8447,2.8502,2.8502,2.8497,2.8497,2
2026-04-20 00:16:00,2.8442,2.8447,2.8427,2.8427,2.8492,2.8497,2.8477,2.8477,4
2026-04-20 00:17:00,2.8432,2.8447,2.8412,2.8447,2.8482,2.8497,2.8462,2.8497,7
2026-04-20 00:18:00,2.8452,2.8452,2.8437,2.8437,2.8502,2.8502,2.8487,2.8487,6
2026-04-20 00:19:00,2.8432,2.8442,2.8417,2.8442,2.8482,2.8492,2.8467,2.8492,8
2026-04-20 00:20:00,2.8452,2.8472,2.8442,2.8452,2.8502,2.8522,2.8492,2.8502,11
2026-04-20 00:21:00,2.8462,2.8482,2.8462,2.8467,2.8512,2.8532,2.8512,2.8517,7
2026-04-20 00:22:00,2.8472,2.8472,2.8442,2.8442,2.8522,2.8522,2.8492,2.8492,7
2026-04-20 00:23:00,2.8452,2.8452,2.8442,2.8447,2.8502,2.8502,2.8492,2.8497,3
2026-04-20 00:24:00,2.8452,2.8452,2.8437,2.8437,2.8502,2.8502,2.8487,2.8487,4
2026-04-20 00:25:00,2.8432,2.8432,2.8412,2.8412,2.8482,2.8482,2.8462,2.8462,3
2026-04-20 00:26:00,2.8417,2.8417,2.8402,2.8417,2.8467,2.8467,2.8452,2.8467,4
2026-04-20 00:27:00,2.8427,2.8432,2.8427,2.8427,2.8477,2.8482,2.8477,2.8477,5
2026-04-20 00:28:00,2.8432,2.8432,2.8427,2.8432,2.8482,2.8482,2.8477,2.8482,3
2026-04-20 00:29:00,2.8442,2.8452,2.8427,2.8447,2.8492,2.8502,2.8477,2.8497,8
2026-04-20 00:30:00,2.8452,2.8472,2.8452,2.8462,2.8502,2.8522,2.8502,2.8512,12
2026-04-20 00:31:00,2.8457,2.8462,2.8422,2.8422,2.8507,2.8512,2.8472,2.8472,8
2026-04-20 00:32:00,2.8427,2.8447,2.8422,2.8437,2.8477,2.8497,2.8472,2.8487,11
2026-04-20 00:33:00,2.8427,2.8432,2.8422,2.8432,2.8477,2.8482,2.8472,2.8482,7
2026-04-20 00:34:00,2.8427,2.8447,2.8427,2.8442,2.8477,2.8497,2.8477,2.8492,6
2026-04-20 00:35:00,2.8437,2.8437,2.8427,2.8427,2.8487,2.8487,2.8477,2.8477,3
2026-04-20 00:36:00,2.8422,2.8447,2.8422,2.8437,2.8472,2.8497,2.8472,2.8487,7
2026-04-20 00:37:00,2.8432,2.8437,2.8427,2.8437,2.8482,2.8487,2.8477,2.8487,4
2026-04-20 00:38:00,2.8442,2.8447,2.8432,2.8447,2.8492,2.8497,2.8482,2.8497,6
2026-04-20 00:39:00,2.8442,2.8447,2.8437,2.8437,2.8492,2.8497,2.8487,2.8487,4
2026-04-20 00:40:00,2.8442,2.8442,2.8437,2.8437,2.8492,2.8492,2.8487,2.8487,2
2026-04-20 00:41:00,2.8432,2.8442,2.8432,2.8437,2.8482,2.8492,2.8482,2.8487,7
2026-04-20 00:42:00,2.8432,2.8432,2.8422,2.8427,2.8482,2.8482,2.8472,2.8477,4
2026-04-20 00:44:00,2.8432,2.8457,2.8432,2.8457,2.8482,2.8507,2.8482,2.8507,6
2026-04-20 00:45:00,2.8452,2.8452,2.8442,2.8447,2.8502,2.8502,2.8492,2.8497,3
2026-04-20 00:46:00,2.8437,2.8437,2.8432,2.8432,2.8487,2.8487,2.8482,2.8482,2
2026-04-20 00:47:00,2.8427,2.8427,2.8417,2.8417,2.8477,2.8477,2.8467,2.8467,3
2026-04-20 00:48:00,2.8427,2.8427,2.8422,2.8422,2.8477,2.8477,2.8472,2.8472,2
2026-04-20 00:49:00,2.8417,2.8417,2.8417,2.8417,2.8467,2.8467,2.8467,2.8467,1
2026-04-20 00:52:00,2.8422,2.8447,2.8422,2.8447,2.8472,2.8497,2.8472,2.8497,5
2026-04-20 00:53:00,2.8452,2.8452,2.8442,2.8442,2.8502,2.8502,2.8492,2.8492,2
2026-04-20 00:54:00,2.8437,2.8437,2.8417,2.8422,2.8487,2.8487,2.8467,2.8472,3
2026-04-20 00:55:00,2.8417,2.8432,2.8417,2.8427,2.8467,2.8482,2.8467,2.8477,7
2026-04-20 00:56:00,2.8422,2.8422,2.8402,2.8402,2.8472,2.8472,2.8452,2.8452,4
2026-04-20 00:57:00,2.8407,2.8407,2.8407,2.8407,2.8457,2.8457,2.8457,2.8457,1
2026-04-20 00:58:00,2.8417,2.8432,2.8407,2.8432,2.8467,2.8482,2.8457,2.8482,4
2026-04-20 00:59:00,2.8442,2.8442,2.8437,2.8437,2.8492,2.8492,2.8487,2.8487,2
2026-04-20 01:00:00,2.8432,2.8432,2.8412,2.8417,2.8482,2.8482,2.8462,2.8467,4
2026-04-20 01:01:00,2.8412,2.8417,2.8412,2.8417,2.8462,2.8467,2.8462,2.8467,2
2026-04-20 01:02:00,2.8412,2.8422,2.8412,2.8422,2.8462,2.8472,2.8462,2.8472,2
2026-04-20 01:03:00,2.8417,2.8417,2.8417,2.8417,2.8467,2.8467,2.8467,2.8467,1
2026-04-20 01:05:00,2.8422,2.8432,2.8422,2.8427,2.8472,2.8482,2.8472,2.8477,4
2026-04-20 01:06:00,2.8422,2.8422,2.8422,2.8422,2.8472,2.8472,2.8472,2.8472,1
2026-04-20 01:07:00,2.8417,2.8417,2.8417,2.8417,2.8467,2.8467,2.8467,2.8467,1
2026-04-20 01:08:00,2.8412,2.8412,2.8407,2.8412,2.8462,2.8462,2.8457,2.8462,3
2026-04-20 01:09:00,2.8422,2.8422,2.8412,2.8412,2.8472,2.8472,2.8462,2.8462,3
2026-04-20 01:10:00,2.8407,2.8407,2.8407,2.8407,2.8457,2.8457,2.8457,2.8457,1
2026-04-20 01:11:00,2.8412,2.8412,2.8407,2.8407,2.8462,2.8462,2.8457,2.8457,2
2026-04-20 01:12:00,2.8412,2.8412,2.8412,2.8412,2.8462,2.8462,2.8462,2.8462,1
2026-04-20 01:14:00,2.8417,2.8417,2.8407,2.8407,2.8467,2.8467,2.8457,2.8457,3
2026-04-20 01:16:00,2.8417,2.8417,2.8397,2.8402,2.8467,2.8467,2.8447,2.8452,5
2026-04-20 01:17:00,2.8407,2.8407,2.8397,2.8397,2.8457,2.8457,2.8447,2.8447,11
2026-04-20 01:18:00,2.8402,2.8402,2.8397,2.8397,2.8452,2.8452,2.8447,2.8447,2
2026-04-20 01:20:00,2.8402,2.8402,2.8397,2.8397,2.8452,2.8452,2.8447,2.8447,2
2026-04-20 01:21:00,2.8402,2.8407,2.8402,2.8407,2.8452,2.8457,2.8452,2.8457,2
2026-04-20 01:22:00,2.8402,2.8402,2.8397,2.8397,2.8452,2.8452,2.8447,2.8447,2
2026-04-20 01:23:00,2.8402,2.8407,2.8402,2.8407,2.8452,2.8457,2.8452,2.8457,2
2026-04-20 01:24:00,2.8417,2.8417,2.8407,2.8407,2.8467,2.8467,2.8457,2.8457,2
2026-04-20 01:26:00,2.8412,2.8412,2.8412,2.8412,2.8462,2.8462,2.8462,2.8462,1
2026-04-20 01:27:00,2.8417,2.8432,2.8417,2.8432,2.8467,2.8482,2.8467,2.8482,2
2026-04-20 01:28:00,2.8422,2.8427,2.8422,2.8427,2.8472,2.8477,2.8472,2.8477,2
2026-04-20 01:30:00,2.8432,2.8437,2.8432,2.8437,2.8482,2.8487,2.8482,2.8487,2
2026-04-20 01:32:00,2.8432,2.8432,2.8427,2.8427,2.8482,2.8482,2.8477,2.8477,2
2026-04-20 01:33:00,2.8422,2.8437,2.8422,2.8437,2.8472,2.8487,2.8472,2.8487,3
2026-04-20 01:35:00,2.8442,2.8442,2.8442,2.8442,2.8492,2.8492,2.8492,2.8492,1
2026-04-20 01:36:00,2.8452,2.8467,2.8447,2.8467,2.8502,2.8517,2.8497,2.8517,5
2026-04-20 01:37:00,2.8482,2.8487,2.8482,2.8487,2.8532,2.8537,2.8532,2.8537,6
2026-04-20 01:38:00,2.8482,2.8492,2.8482,2.8487,2.8532,2.8542,2.8532,2.8537,4
2026-04-20 01:39:00,2.8482,2.8487,2.8472,2.8477,2.8532,2.8537,2.8522,2.8527,6
2026-04-20 01:40:00,2.8482,2.8487,2.8482,2.8487,2.8532,2.8537,2.8532,2.8537,6
2026-04-20 01:41:00,2.8492,2.8492,2.8492,2.8492,2.8542,2.8542,2.8542,2.8542,1
2026-04-20 01:42:00,2.8487,2.8487,2.8482,2.8487,2.8537,2.8537,2.8532,2.8537,3
2026-04-20 01:43:00,2.8492,2.8492,2.8477,2.8482,2.8542,2.8542,2.8527,2.8532,7
2026-04-20 01:44:00,2.8487,2.8487,2.8472,2.8477,2.8537,2.8537,2.8522,2.8527,7
2026-04-20 01:45:00,2.8472,2.8482,2.8472,2.8482,2.8522,2.8532,2.8522,2.8532,3
2026-04-20 01:47:00,2.8472,2.8492,2.8472,2.8487,2.8522,2.8542,2.8522,2.8537,4
2026-04-20 01:49:00,2.8482,2.8482,2.8482,2.8482,2.8532,2.8532,2.8532,2.8532,1
2026-04-20 01:50:00,2.8487,2.8487,2.8487,2.8487,2.8537,2.8537,2.8537,2.8537,1
2026-04-20 01:51:00,2.8492,2.8492,2.8487,2.8487,2.8542,2.8542,2.8537,2.8537,4
2026-04-20 01:53:00,2.8492,2.8492,2.8487,2.8487,2.8542,2.8542,2.8537,2.8537,2
2026-04-20 01:54:00,2.8482,2.8482,2.8482,2.8482,2.8532,2.8532,2.8532,2.8532,1
2026-04-20 01:57:00,2.8477,2.8492,2.8477,2.8492,2.8527,2.8542,2.8527,2.8542,4
2026-04-20 01:58:00,2.8487,2.8492,2.8482,2.8492,2.8537,2.8542,2.8532,2.8542,3
2026-04-20 01:59:00,2.8502,2.8502,2.8502,2.8502,2.8552,2.8552,2.8552,2.8552,1
2026-04-20 02:00:00,2.8512,2.8552,2.8512,2.8542,2.8562,2.8602,2.8562,2.8592,24
2026-04-20 02:01:00,2.8537,2.8547,2.8537,2.8542,2.8587,2.8597,2.8587,2.8592,10
2026-04-20 02:02:00,2.8537,2.8547,2.8532,2.8547,2.8587,2.8597,2.8582,2.8597,5
2026-04-20 02:03:00,2.8542,2.8542,2.8532,2.8537,2.8592,2.8592,2.8582,2.8587,7
2026-04-20 02:04:00,2.8542,2.8552,2.8537,2.8552,2.8592,2.8602,2.8587,2.8602,5
2026-04-20 02:05:00,2.8547,2.8547,2.8547,2.8547,2.8597,2.8597,2.8597,2.8597,1
2026-04-20 02:06:00,2.8552,2.8557,2.8552,2.8552,2.8602,2.8607,2.8602,2.8602,15
2026-04-20 02:07:00,2.8557,2.8557,2.8532,2.8547,2.8607,2.8607,2.8582,2.8597,7
2026-04-20 02:08:00,2.8552,2.8562,2.8537,2.8537,2.8602,2.8612,2.8587,2.8587,13
2026-04-20 02:09:00,2.8532,2.8542,2.8522,2.8532,2.8582,2.8592,2.8572,2.8582,13
2026-04-20 02:10:00,2.8527,2.8547,2.8527,2.8527,2.8577,2.8597,2.8577,2.8577,13
2026-04-20 02:11:00,2.8522,2.8522,2.8522,2.8522,2.8572,2.8572,2.8572,2.8572,1
2026-04-20 02:12:00,2.8517,2.8527,2.8517,2.8527,2.8567,2.8577,2.8567,2.8577,2
2026-04-20 02:13:00,2.8532,2.8532,2.8527,2.8532,2.8582,2.8582,2.8577,2.8582,3
2026-04-20 02:14:00,2.8527,2.8532,2.8522,2.8532,2.8577,2.8582,2.8572,2.8582,3
2026-04-20 02:15:00,2.8542,2.8542,2.8522,2.8532,2.8592,2.8592,2.8572,2.8582,5
2026-04-20 02:16:00,2.8527,2.8532,2.8512,2.8522,2.8577,2.8582,2.8562,2.8572,10
2026-04-20 02:17:00,2.8527,2.8532,2.8507,2.8522,2.8577,2.8582,2.8557,2.8572,15
2026-04-20 02:18:00,2.8527,2.8532,2.8522,2.8532,2.8577,2.8582,2.8572,2.8582,3
2026-04-20 02:20:00,2.8522,2.8532,2.8522,2.8532,2.8572,2.8582,2.8572,2.8582,2
2026-04-20 02:21:00,2.8537,2.8542,2.8537,2.8542,2.8587,2.8592,2.8587,2.8592,2
2026-04-20 02:22:00,2.8537,2.8537,2.8532,2.8537,2.8587,2.8587,2.8582,2.8587,3
2026-04-20 02:23:00,2.8542,2.8542,2.8537,2.8542,2.8592,2.8592,2.8587,2.8592,13
2026-04-20 02:24:00,2.8537,2.8542,2.8537,2.8537,2.8587,2.8592,2.8587,2.8587,5
2026-04-20 02:25:00,2.8532,2.8532,2.8512,2.8527,2.8582,2.8582,2.8562,2.8577,9
2026-04-20 02:26:00,2.8522,2.8532,2.8522,2.8532,2.8572,2.8582,2.8572,2.8582,5
2026-04-20 02:27:00,2.8522,2.8522,2.8482,2.8492,2.8572,2.8572,2.8532,2.8542,8
2026-04-20 02:28:00,2.8502,2.8502,2.8462,2.8482,2.8552,2.8552,2.8512,2.8532,9
2026-04-20 02:29:00,2.8487,2.8492,2.8482,2.8487,2.8537,2.8542,2.8532,2.8537,4
2026-04-20 02:30:00,2.8492,2.8492,2.8472,2.8492,2.8542,2.8542,2.8522,2.8542,6
2026-04-20 02:31:00,2.8487,2.8492,2.8482,2.8492,2.8537,2.8542,2.8532,2.8542,4
2026-04-20 02:32:00,2.8482,2.8492,2.8482,2.8492,2.8532,2.8542,2.8532,2.8542,13
2026-04-20 02:33:00,2.8487,2.8492,2.8477,2.8482,2.8537,2.8542,2.8527,2.8532,10
2026-04-20 02:34:00,2.8467,2.8492,2.8467,2.8482,2.8517,2.8542,2.8517,2.8532,16
2026-04-20 02:35:00,2.8477,2.8482,2.8477,2.8482,2.8527,2.8532,2.8527,2.8532,14
2026-04-20 02:37:00,2.8477,2.8492,2.8477,2.8492,2.8527,2.8542,2.8527,2.8542,8
2026-04-20 02:38:00,2.8482,2.8492,2.8472,2.8492,2.8532,2.8542,2.8522,2.8542,9
2026-04-20 02:39:00,2.8482,2.8487,2.8482,2.8487,2.8532,2.8537,2.8532,2.8537,2
2026-04-20 02:40:00,2.8482,2.8492,2.8482,2.8482,2.8532,2.8542,2.8532,2.8532,7
2026-04-20 02:44:00,2.8477,2.8482,2.8472,2.8482,2.8527,2.8532,2.8522,2.8532,3
2026-04-20 02:45:00,2.8472,2.8477,2.8472,2.8472,2.8522,2.8527,2.8522,2.8522,3
2026-04-20 02:46:00,2.8477,2.8477,2.8462,2.8472,2.8527,2.8527,2.8512,2.8522,4
2026-04-20 02:47:00,2.8462,2.8462,2.8462,2.8462,2.8512,2.8512,2.8512,2.8512,1
2026-04-20 02:56:00,2.8457,2.8462,2.8452,2.8452,2.8507,2.8512,2.8502,2.8502,6
2026-04-20 02:57:00,2.8462,2.8462,2.8452,2.8452,2.8512,2.8512,2.8502,2.8502,3
2026-04-20 02:58:00,2.8457,2.8457,2.8452,2.8452,2.8507,2.8507,2.8502,2.8502,2
2026-04-20 03:00:00,2.8442,2.8452,2.8422,2.8427,2.8492,2.8502,2.8472,2.8477,26
2026-04-20 03:01:00,2.8432,2.8447,2.8432,2.8432,2.8482,2.8497,2.8482,2.8482,11
2026-04-20 03:02:00,2.8437,2.8437,2.8422,2.8427,2.8487,2.8487,2.8472,2.8477,11
2026-04-20 03:03:00,2.8432,2.8432,2.8422,2.8427,2.8482,2.8482,2.8472,2.8477,5
2026-04-20 03:04:00,2.8422,2.8422,2.8422,2.8422,2.8472,2.8472,2.8472,2.8472,1
2026-04-20 03:05:00,2.8427,2.8442,2.8427,2.8432,2.8477,2.8492,2.8477,2.8482,4
2026-04-20 03:06:00,2.8422,2.8422,2.8422,2.8422,2.8472,2.8472,2.8472,2.8472,1
2026-04-20 03:07:00,2.8417,2.8417,2.8407,2.8407,2.8467,2.8467,2.8457,2.8457,5
2026-04-20 03:08:00,2.8412,2.8417,2.8402,2.8412,2.8462,2.8467,2.8452,2.8462,9
2026-04-20 03:09:00,2.8417,2.8422,2.8417,2.8422,2.8467,2.8472,2.8467,2.8472,2
2026-04-20 03:10:00,2.8432,2.8437,2.8432,2.8437,2.8482,2.8487,2.8482,2.8487,2
2026-04-20 03:11:00,2.8432,2.8432,2.8432,2.8432,2.8482,2.8482,2.8482,2.8482,1
2026-04-20 03:12:00,2.8442,2.8442,2.8442,2.8442,2.8492,2.8492,2.8492,2.8492,1
2026-04-20 03:13:00,2.8437,2.8437,2.8437,2.8437,2.8487,2.8487,2.8487,2.8487,1
2026-04-20 03:14:00,2.8442,2.8442,2.8437,2.8437,2.8492,2.8492,2.8487,2.8487,2
2026-04-20 03:16:00,2.8442,2.8442,2.8442,2.8442,2.8492,2.8492,2.8492,2.8492,1
2026-04-20 03:21:00,2.8437,2.8437,2.8427,2.8427,2.8487,2.8487,2.8477,2.8477,5
2026-04-20 03:22:00,2.8432,2.8432,2.8417,2.8432,2.8482,2.8482,2.8467,2.8482,6
2026-04-20 03:24:00,2.8422,2.8422,2.8412,2.8412,2.8472,2.8472,2.8462,2.8462,3
2026-04-20 03:25:00,2.8422,2.8422,2.8417,2.8417,2.8472,2.8472,2.8467,2.8467,2
2026-04-20 03:26:00,2.8422,2.8422,2.8422,2.8422,2.8472,2.8472,2.8472,2.8472,1
2026-04-20 03:30:00,2.8412,2.8417,2.8402,2.8407,2.8462,2.8467,2.8452,2.8457,6
2026-04-20 03:31:00,2.8412,2.8422,2.8407,2.8422,2.8462,2.8472,2.8457,2.8472,9
2026-04-20 03:32:00,2.8417,2.8422,2.8407,2.8412,2.8467,2.8472,2.8457,2.8462,5
2026-04-20 03:33:00,2.8417,2.8422,2.8417,2.8422,2.8467,2.8472,2.8467,2.8472,2
2026-04-20 03:34:00,2.8432,2.8432,2.8432,2.8432,2.8482,2.8482,2.8482,2.8482,1
2026-04-20 03:36:00,2.8437,2.8452,2.8437,2.8452,2.8487,2.8502,2.8487,2.8502,4
2026-04-20 03:37:00,2.8447,2.8447,2.8437,2.8437,2.8497,2.8497,2.8487,2.8487,5
2026-04-20 03:38:00,2.8442,2.8462,2.8437,2.8442,2.8492,2.8512,2.8487,2.8492,9
2026-04-20 03:39:00,2.8437,2.8437,2.8412,2.8422,2.8487,2.8487,2.8462,2.8472,10
2026-04-20 03:40:00,2.8427,2.8427,2.8412,2.8427,2.8477,2.8477,2.8462,2.8477,6
2026-04-20 03:41:00,2.8432,2.8432,2.8432,2.8432,2.8482,2.8482,2.8482,2.8482,1
2026-04-20 03:43:00,2.8437,2.8442,2.8432,2.8442,2.8487,2.8492,2.8482,2.8492,3
2026-04-20 03:44:00,2.8447,2.8452,2.8447,2.8447,2.8497,2.8502,2.8497,2.8497,3
2026-04-20 03:45:00,2.8452,2.8457,2.8452,2.8452,2.8502,2.8507,2.8502,2.8502,3
2026-04-20 03:47:00,2.8457,2.8457,2.8457,2.8457,2.8507,2.8507,2.8507,2.8507,1
2026-04-20 03:49:00,2.8452,2.8452,2.8452,2.8452,2.8502,2.8502,2.8502,2.8502,1
2026-04-20 03:50:00,2.8457,2.8457,2.8452,2.8452,2.8507,2.8507,2.8502,2.8502,4
2026-04-20 03:51:00,2.8457,2.8457,2.8437,2.8437,2.8507,2.8507,2.8487,2.8487,4
2026-04-20 03:52:00,2.8432,2.8432,2.8412,2.8412,2.8482,2.8482,2.8462,2.8462,4
2026-04-20 03:53:00,2.8417,2.8437,2.8417,2.8437,2.8467,2.8487,2.8467,2.8487,21
2026-04-20 03:54:00,2.8442,2.8447,2.8437,2.8447,2.8492,2.8497,2.8487,2.8497,15
2026-04-20 03:55:00,2.8442,2.8447,2.8437,2.8437,2.8492,2.8497,2.8487,2.8487,9
2026-04-20 03:56:00,2.8442,2.8442,2.8442,2.8442,2.8492,2.8492,2.8492,2.8492,1
2026-04-20 03:57:00,2.8447,2.8447,2.8447,2.8447,2.8497,2.8497,2.8497,2.8497,1
2026-04-20 03:58:00,2.8442,2.8447,2.8437,2.8442,2.8492,2.8497,2.8487,2.8492,10
2026-04-20 03:59:00,2.8437,2.8437,2.8437,2.8437,2.8487,2.8487,2.8487,2.8487,1
2026-04-20 04:00:00,2.8442,2.8447,2.8437,2.8447,2.8492,2.8497,2.8487,2.8497,12
2026-04-20 04:01:00,2.8452,2.8452,2.8427,2.8427,2.8502,2.8502,2.8477,2.8477,8
2026-04-20 04:02:00,2.8432,2.8432,2.8427,2.8432,2.8482,2.8482,2.8477,2.8482,3
2026-04-20 04:03:00,2.8427,2.8432,2.8427,2.8432,2.8477,2.8482,2.8477,2.8482,2
2026-04-20 04:05:00,2.8422,2.8432,2.8422,2.8432,2.8472,2.8482,2.8472,2.8482,2
2026-04-20 04:06:00,2.8427,2.8427,2.8422,2.8427,2.8477,2.8477,2.8472,2.8477,3
2026-04-20 04:08:00,2.8422,2.8422,2.8417,2.8417,2.8472,2.8472,2.8467,2.8467,4
2026-04-20 04:11:00,2.8407,2.8412,2.8392,2.8392,2.8457,2.8462,2.8442,2.8442,5
2026-04-20 04:17:00,2.8382,2.8382,2.8382,2.8382,2.8432,2.8432,2.8432,2.8432,1
2026-04-20 04:22:00,2.8392,2.8392,2.8382,2.8387,2.8442,2.8442,2.8432,2.8437,3
2026-04-20 04:23:00,2.8392,2.8392,2.8392,2.8392,2.8442,2.8442,2.8442,2.8442,1
2026-04-20 04:27:00,2.8382,2.8387,2.8382,2.8382,2.8432,2.8437,2.8432,2.8432,7
2026-04-20 04:28:00,2.8387,2.8392,2.8387,2.8392,2.8437,2.8442,2.8437,2.8442,2
2026-04-20 04:29:00,2.8402,2.8422,2.8402,2.8417,2.8452,2.8472,2.8452,2.8467,7
2026-04-20 04:30:00,2.8412,2.8417,2.8412,2.8412,2.8462,2.8467,2.8462,2.8462,3
2026-04-20 04:31:00,2.8417,2.8427,2.8417,2.8427,2.8467,2.8477,2.8467,2.8477,3
2026-04-20 04:32:00,2.8422,2.8427,2.8422,2.8427,2.8472,2.8477,2.8472,2.8477,4
2026-04-20 04:33:00,2.8432,2.8437,2.8427,2.8427,2.8482,2.8487,2.8477,2.8477,4
2026-04-20 04:34:00,2.8432,2.8437,2.8432,2.8432,2.8482,2.8487,2.8482,2.8482,3
2026-04-20 04:35:00,2.8437,2.8437,2.8432,2.8437,2.8487,2.8487,2.8482,2.8487,3
2026-04-20 04:36:00,2.8432,2.8432,2.8432,2.8432,2.8482,2.8482,2.8482,2.8482,1
2026-04-20 04:38:00,2.8437,2.8442,2.8437,2.8442,2.8487,2.8492,2.8487,2.8492,2
2026-04-20 04:39:00,2.8437,2.8442,2.8437,2.8442,2.8487,2.8492,2.8487,2.8492,4
2026-04-20 04:40:00,2.8437,2.8437,2.8437,2.8437,2.8487,2.8487,2.8487,2.8487,1
2026-04-20 04:42:00,2.8442,2.8442,2.8442,2.8442,2.8492,2.8492,2.8492,2.8492,1
2026-04-20 04:45:00,2.8432,2.8437,2.8432,2.8437,2.8482,2.8487,2.8482,2.8487,4
2026-04-20 04:46:00,2.8432,2.8437,2.8432,2.8437,2.8482,2.8487,2.8482,2.8487,2
2026-04-20 04:47:00,2.8442,2.8442,2.8432,2.8432,2.8492,2.8492,2.8482,2.8482,2
2026-04-20 04:51:00,2.8442,2.8442,2.8442,2.8442,2.8492,2.8492,2.8492,2.8492,1
2026-04-20 04:52:00,2.8447,2.8447,2.8442,2.8442,2.8497,2.8497,2.8492,2.8492,2
2026-04-20 04:53:00,2.8447,2.8447,2.8447,2.8447,2.8497,2.8497,2.8497,2.8497,1
2026-04-20 04:55:00,2.8442,2.8447,2.8442,2.8447,2.8492,2.8497,2.8492,2.8497,2
2026-04-20 04:57:00,2.8452,2.8452,2.8447,2.8447,2.8502,2.8502,2.8497,2.8497,2
2026-04-20 04:59:00,2.8442,2.8442,2.8442,2.8442,2.8492,2.8492,2.8492,2.8492,1
2026-04-20 05:00:00,2.8437,2.8437,2.8432,2.8432,2.8487,2.8487,2.8482,2.8482,4
2026-04-20 05:02:00,2.8422,2.8422,2.8412,2.8412,2.8472,2.8472,2.8462,2.8462,3
2026-04-20 05:04:00,2.8417,2.8417,2.8412,2.8412,2.8467,2.8467,2.8462,2.8462,2
2026-04-20 05:05:00,2.8417,2.8417,2.8412,2.8412,2.8467,2.8467,2.8462,2.8462,2
2026-04-20 05:06:00,2.8417,2.8422,2.8417,2.8422,2.8467,2.8472,2.8467,2.8472,2
2026-04-20 05:09:00,2.8417,2.8417,2.8417,2.8417,2.8467,2.8467,2.8467,2.8467,1
2026-04-20 05:10:00,2.8422,2.8422,2.8422,2.8422,2.8472,2.8472,2.8472,2.8472,1
2026-04-20 05:11:00,2.8432,2.8432,2.8432,2.8432,2.8482,2.8482,2.8482,2.8482,1
2026-04-20 05:12:00,2.8427,2.8427,2.8427,2.8427,2.8477,2.8477,2.8477,2.8477,1
2026-04-20 05:14:00,2.8432,2.8442,2.8432,2.8432,2.8482,2.8492,2.8482,2.8482,4
2026-04-20 05:16:00,2.8442,2.8442,2.8432,2.8432,2.8492,2.8492,2.8482,2.8482,3
2026-04-20 05:19:00,2.8442,2.8442,2.8437,2.8437,2.8492,2.8492,2.8487,2.8487,2
2026-04-20 05:20:00,2.8432,2.8437,2.8432,2.8437,2.8482,2.8487,2.8482,2.8487,2
2026-04-20 05:21:00,2.8447,2.8447,2.8447,2.8447,2.8497,2.8497,2.8497,2.8497,1
2026-04-20 05:22:00,2.8452,2.8452,2.8442,2.8442,2.8502,2.8502,2.8492,2.8492,2
2026-04-20 05:23:00,2.8437,2.8442,2.8437,2.8442,2.8487,2.8492,2.8487,2.8492,2
2026-04-20 05:25:00,2.8437,2.8437,2.8432,2.8432,2.8487,2.8487,2.8482,2.8482,2
2026-04-20 05:26:00,2.8437,2.8442,2.8422,2.8432,2.8487,2.8492,2.8472,2.8482,6
2026-04-20 05:30:00,2.8437,2.8437,2.8422,2.8422,2.8487,2.8487,2.8472,2.8472,8
2026-04-20 05:31:00,2.8412,2.8412,2.8392,2.8402,2.8462,2.8462,2.8442,2.8452,12
2026-04-20 05:32:00,2.8412,2.8412,2.8402,2.8402,2.8462,2.8462,2.8452,2.8452,3
2026-04-20 05:33:00,2.8412,2.8412,2.8412,2.8412,2.8462,2.8462,2.8462,2.8462,1
2026-04-20 05:35:00,2.8407,2.8407,2.8382,2.8382,2.8457,2.8457,2.8432,2.8432,3
2026-04-20 05:36:00,2.8387,2.8392,2.8382,2.8392,2.8437,2.8442,2.8432,2.8442,5
2026-04-20 05:37:00,2.8402,2.8402,2.8392,2.8392,2.8452,2.8452,2.8442,2.8442,2
2026-04-20 05:39:00,2.8397,2.8402,2.8392,2.8392,2.8447,2.8452,2.8442,2.8442,4
2026-04-20 05:40:00,2.8382,2.8392,2.8382,2.8392,2.8432,2.8442,2.8432,2.8442,4
2026-04-20 05:41:00,2.8397,2.8397,2.8392,2.8392,2.8447,2.8447,2.8442,2.8442,2
2026-04-20 05:45:00,2.8397,2.8422,2.8392,2.8412,2.8447,2.8472,2.8442,2.8462,7
2026-04-20 05:47:00,2.8422,2.8422,2.8412,2.8422,2.8472,2.8472,2.8462,2.8472,7
2026-04-20 05:48:00,2.8417,2.8417,2.8417,2.8417,2.8467,2.8467,2.8467,2.8467,1
2026-04-20 05:49:00,2.8412,2.8412,2.8407,2.8407,2.8462,2.8462,2.8457,2.8457,4
2026-04-20 05:50:00,2.8412,2.8412,2.8402,2.8402,2.8462,2.8462,2.8452,2.8452,5
2026-04-20 05:51:00,2.8412,2.8412,2.8412,2.8412,2.8462,2.8462,2.8462,2.8462,1
2026-04-20 05:58:00,2.8407,2.8412,2.8407,2.8412,2.8457,2.8462,2.8457,2.8462,2
2026-04-20 06:00:00,2.8402,2.8412,2.8402,2.8402,2.8452,2.8462,2.8452,2.8452,4
2026-04-20 06:01:00,2.8412,2.8412,2.8412,2.8412,2.8462,2.8462,2.8462,2.8462,1
2026-04-20 06:04:00,2.8422,2.8432,2.8422,2.8432,2.8472,2.8482,2.8472,2.8482,2
2026-04-20 06:08:00,2.8422,2.8442,2.8412,2.8442,2.8472,2.8492,2.8462,2.8492,7
2026-04-20 06:13:00,2.8447,2.8452,2.8447,2.8452,2.8497,2.8502,2.8497,2.8502,2
2026-04-20 06:14:00,2.8442,2.8452,2.8442,2.8442,2.8492,2.8502,2.8492,2.8492,4
2026-04-20 06:15:00,2.8447,2.8447,2.8447,2.8447,2.8497,2.8497,2.8497,2.8497,1
2026-04-20 06:16:00,2.8452,2.8452,2.8452,2.8452,2.8502,2.8502,2.8502,2.8502,1
2026-04-20 06:17:00,2.8447,2.8452,2.8447,2.8452,2.8497,2.8502,2.8497,2.8502,2
2026-04-20 06:18:00,2.8462,2.8462,2.8462,2.8462,2.8512,2.8512,2.8512,2.8512,1
2026-04-20 06:19:00,2.8457,2.8457,2.8452,2.8452,2.8507,2.8507,2.8502,2.8502,4
2026-04-20 06:23:00,2.8447,2.8457,2.8442,2.8457,2.8497,2.8507,2.8492,2.8507,8
2026-04-20 06:24:00,2.8447,2.8447,2.8447,2.8447,2.8497,2.8497,2.8497,2.8497,1
2026-04-20 06:26:00,2.8432,2.8432,2.8432,2.8432,2.8482,2.8482,2.8482,2.8482,1
2026-04-20 06:31:00,2.8442,2.8452,2.8442,2.8452,2.8492,2.8502,2.8492,2.8502,5
2026-04-20 06:32:00,2.8442,2.8452,2.8442,2.8452,2.8492,2.8502,2.8492,2.8502,2
2026-04-20 06:33:00,2.8457,2.8512,2.8457,2.8502,2.8507,2.8562,2.8507,2.8552,18
2026-04-20 06:34:00,2.8512,2.8512,2.8502,2.8502,2.8562,2.8562,2.8552,2.8552,6
2026-04-20 06:36:00,2.8507,2.8512,2.8507,2.8512,2.8557,2.8562,2.8557,2.8562,2
2026-04-20 06:37:00,2.8517,2.8517,2.8512,2.8517,2.8567,2.8567,2.8562,2.8567,3
2026-04-20 06:38:00,2.8522,2.8522,2.8522,2.8522,2.8572,2.8572,2.8572,2.8572,1
2026-04-20 06:39:00,2.8512,2.8512,2.8512,2.8512,2.8562,2.8562,2.8562,2.8562,1
2026-04-20 06:40:00,2.8502,2.8502,2.8502,2.8502,2.8552,2.8552,2.8552,2.8552,1
2026-04-20 06:41:00,2.8507,2.8507,2.8502,2.8502,2.8557,2.8557,2.8552,2.8552,4
2026-04-20 06:43:00,2.8512,2.8512,2.8492,2.8492,2.8562,2.8562,2.8542,2.8542,6
2026-04-20 06:45:00,2.8497,2.8502,2.8477,2.8492,2.8547,2.8552,2.8527,2.8542,10
2026-04-20 06:46:00,2.8497,2.8497,2.8472,2.8472,2.8547,2.8547,2.8522,2.8522,7
2026-04-20 06:47:00,2.8482,2.8482,2.8472,2.8482,2.8532,2.8532,2.8522,2.8532,4
2026-04-20 06:48:00,2.8472,2.8482,2.8472,2.8482,2.8522,2.8532,2.8522,2.8532,3
2026-04-20 06:50:00,2.8487,2.8492,2.8487,2.8492,2.8537,2.8542,2.8537,2.8542,2
2026-04-20 06:51:00,2.8502,2.8502,2.8492,2.8497,2.8552,2.8552,2.8542,2.8547,5
2026-04-20 06:52:00,2.8502,2.8502,2.8502,2.8502,2.8552,2.8552,2.8552,2.8552,1
2026-04-20 06:53:00,2.8497,2.8497,2.8472,2.8477,2.8547,2.8547,2.8522,2.8527,8
2026-04-20 06:54:00,2.8512,2.8512,2.8482,2.8482,2.8562,2.8562,2.8532,2.8532,5
2026-04-20 06:55:00,2.8477,2.8487,2.8477,2.8482,2.8527,2.8537,2.8527,2.8532,4
2026-04-20 06:56:00,2.8477,2.8487,2.8477,2.8487,2.8527,2.8537,2.8527,2.8537,5
2026-04-20 06:57:00,2.8482,2.8492,2.8482,2.8492,2.8532,2.8542,2.8532,2.8542,2
2026-04-20 06:58:00,2.8487,2.8492,2.8482,2.8482,2.8537,2.8542,2.8532,2.8532,11
2026-04-20 06:59:00,2.8487,2.8517,2.8482,2.8502,2.8537,2.8567,2.8532,2.8552,17
2026-04-20 07:00:00,2.8507,2.8507,2.8492,2.8492,2.8557,2.8557,2.8542,2.8542,5
2026-04-20 07:01:00,2.8487,2.8492,2.8487,2.8492,2.8537,2.8542,2.8537,2.8542,12
2026-04-20 07:02:00,2.8482,2.8492,2.8482,2.8492,2.8532,2.8542,2.8532,2.8542,2
2026-04-20 07:03:00,2.8502,2.8507,2.8502,2.8507,2.8552,2.8557,2.8552,2.8557,2
2026-04-20 07:04:00,2.8512,2.8512,2.8507,2.8507,2.8562,2.8562,2.8557,2.8557,2
2026-04-20 07:05:00,2.8502,2.8502,2.8502,2.8502,2.8552,2.8552,2.8552,2.8552,1
2026-04-20 07:06:00,2.8507,2.8507,2.8502,2.8502,2.8557,2.8557,2.8552,2.8552,2
2026-04-20 07:08:00,2.8497,2.8502,2.8497,2.8497,2.8547,2.8552,2.8547,2.8547,9
2026-04-20 07:09:00,2.8492,2.8492,2.8487,2.8492,2.8542,2.8542,2.8537,2.8542,3
2026-04-20 07:11:00,2.8487,2.8492,2.8487,2.8487,2.8537,2.8542,2.8537,2.8537,3
2026-04-20 07:13:00,2.8482,2.8482,2.8482,2.8482,2.8532,2.8532,2.8532,2.8532,1
2026-04-20 07:14:00,2.8492,2.8502,2.8492,2.8497,2.8542,2.8552,2.8542,2.8547,4
2026-04-20 07:15:00,2.8492,2.8517,2.8492,2.8502,2.8542,2.8567,2.8542,2.8552,4
2026-04-20 07:16:00,2.8492,2.8492,2.8492,2.8492,2.8542,2.8542,2.8542,2.8542,1
2026-04-20 07:17:00,2.8487,2.8492,2.8487,2.8487,2.8537,2.8542,2.8537,2.8537,3
2026-04-20 07:18:00,2.8492,2.8502,2.8487,2.8497,2.8542,2.8552,2.8537,2.8547,6
2026-04-20 07:19:00,2.8492,2.8497,2.8492,2.8497,2.8542,2.8547,2.8542,2.8547,2
2026-04-20 07:20:00,2.8487,2.8492,2.8487,2.8487,2.8537,2.8542,2.8537,2.8537,5
2026-04-20 07:21:00,2.8492,2.8497,2.8492,2.8492,2.8542,2.8547,2.8542,2.8542,3
2026-04-20 07:22:00,2.8497,2.8502,2.8497,2.8497,2.8547,2.8552,2.8547,2.8547,3
2026-04-20 07:23:00,2.8492,2.8497,2.8492,2.8497,2.8542,2.8547,2.8542,2.8547,2
2026-04-20 07:24:00,2.8492,2.8497,2.8492,2.8497,2.8542,2.8547,2.8542,2.8547,2
2026-04-20 07:25:00,2.8502,2.8527,2.8502,2.8522,2.8552,2.8577,2.8552,2.8572,6
2026-04-20 07:27:00,2.8532,2.8532,2.8532,2.8532,2.8582,2.8582,2.8582,2.8582,1
2026-04-20 07:28:00,2.8527,2.8537,2.8527,2.8537,2.8577,2.8587,2.8577,2.8587,3
2026-04-20 07:29:00,2.8532,2.8532,2.8522,2.8527,2.8582,2.8582,2.8572,2.8577,3
2026-04-20 07:30:00,2.8522,2.8522,2.8522,2.8522,2.8572,2.8572,2.8572,2.8572,1
2026-04-20 07:31:00,2.8512,2.8512,2.8512,2.8512,2.8562,2.8562,2.8562,2.8562,1
2026-04-20 07:35:00,2.8492,2.8507,2.8492,2.8502,2.8542,2.8557,2.8542,2.8552,3
2026-04-20 07:36:00,2.8507,2.8512,2.8507,2.8507,2.8557,2.8562,2.8557,2.8557,3
2026-04-20 07:37:00,2.8512,2.8512,2.8512,2.8512,2.8562,2.8562,2.8562,2.8562,1
2026-04-20 07:40:00,2.8507,2.8512,2.8502,2.8502,2.8557,2.8562,2.8552,2.8552,8
2026-04-20 07:42:00,2.8507,2.8512,2.8507,2.8512,2.8557,2.8562,2.8557,2.8562,2
2026-04-20 07:44:00,2.8507,2.8512,2.8507,2.8507,2.8557,2.8562,2.8557,2.8557,3
2026-04-20 07:45:00,2.8502,2.8507,2.8502,2.8502,2.8552,2.8557,2.8552,2.8552,3
2026-04-20 07:49:00,2.8497,2.8502,2.8492,2.8502,2.8547,2.8552,2.8542,2.8552,3
2026-04-20 07:50:00,2.8507,2.8507,2.8502,2.8502,2.8557,2.8557,2.8552,2.8552,4
2026-04-20 07:52:00,2.8507,2.8507,2.8502,2.8502,2.8557,2.8557,2.8552,2.8552,2
2026-04-20 07:54:00,2.8497,2.8497,2.8472,2.8472,2.8547,2.8547,2.8522,2.8522,4
2026-04-20 07:55:00,2.8477,2.8487,2.8477,2.8482,2.8527,2.8537,2.8527,2.8532,8
2026-04-20 07:56:00,2.8487,2.8487,2.8477,2.8482,2.8537,2.8537,2.8527,2.8532,4
2026-04-20 07:57:00,2.8477,2.8487,2.8477,2.8482,2.8527,2.8537,2.8527,2.8532,10
2026-04-20 07:58:00,2.8487,2.8487,2.8487,2.8487,2.8537,2.8537,2.8537,2.8537,1
2026-04-20 07:59:00,2.8492,2.8497,2.8492,2.8497,2.8542,2.8547,2.8542,2.8547,2
2026-04-20 08:00:00,2.8492,2.8512,2.8487,2.8492,2.8542,2.8562,2.8537,2.8542,11
2026-04-20 08:02:00,2.8497,2.8497,2.8472,2.8482,2.8547,2.8547,2.8522,2.8532,8
2026-04-20 08:03:00,2.8487,2.8487,2.8477,2.8482,2.8537,2.8537,2.8527,2.8532,8
2026-04-20 08:04:00,2.8477,2.8482,2.8477,2.8482,2.8527,2.8532,2.8527,2.8532,4
2026-04-20 08:05:00,2.8487,2.8492,2.8482,2.8492,2.8537,2.8542,2.8532,2.8542,4
2026-04-20 08:08:00,2.8502,2.8502,2.8492,2.8492,2.8552,2.8552,2.8542,2.8542,2
2026-04-20 08:09:00,2.8482,2.8492,2.8482,2.8492,2.8532,2.8542,2.8532,2.8542,2
2026-04-20 08:10:00,2.8487,2.8492,2.8487,2.8492,2.8537,2.8542,2.8537,2.8542,2
2026-04-20 08:13:00,2.8482,2.8487,2.8482,2.8482,2.8532,2.8537,2.8532,2.8532,5
2026-04-20 08:14:00,2.8492,2.8492,2.8492,2.8492,2.8542,2.8542,2.8542,2.8542,1
2026-04-20 08:15:00,2.8487,2.8492,2.8482,2.8492,2.8537,2.8542,2.8532,2.8542,6
2026-04-20 08:16:00,2.8497,2.8502,2.8497,2.8502,2.8547,2.8552,2.8547,2.8552,2
2026-04-20 08:18:00,2.8512,2.8542,2.8512,2.8532,2.8562,2.8592,2.8562,2.8582,14
2026-04-20 08:19:00,2.8522,2.8522,2.8517,2.8522,2.8572,2.8572,2.8567,2.8572,3
2026-04-20 08:21:00,2.8527,2.8532,2.8527,2.8532,2.8577,2.8582,2.8577,2.8582,2
2026-04-20 08:23:00,2.8527,2.8527,2.8522,2.8522,2.8577,2.8577,2.8572,2.8572,2
2026-04-20 08:24:00,2.8517,2.8522,2.8517,2.8517,2.8567,2.8572,2.8567,2.8567,3
2026-04-20 08:25:00,2.8522,2.8522,2.8497,2.8512,2.8572,2.8572,2.8547,2.8562,9
2026-04-20 08:26:00,2.8517,2.8527,2.8517,2.8522,2.8567,2.8577,2.8567,2.8572,3
2026-04-20 08:28:00,2.8527,2.8527,2.8522,2.8522,2.8577,2.8577,2.8572,2.8572,2
2026-04-20 08:29:00,2.8527,2.8542,2.8527,2.8542,2.8577,2.8592,2.8577,2.8592,4
2026-04-20 08:30:00,2.8532,2.8542,2.8532,2.8542,2.8582,2.8592,2.8582,2.8592,3
2026-04-20 08:31:00,2.8537,2.8537,2.8512,2.8522,2.8587,2.8587,2.8562,2.8572,7
2026-04-20 08:32:00,2.8517,2.8527,2.8517,2.8522,2.8567,2.8577,2.8567,2.8572,10
2026-04-20 08:33:00,2.8527,2.8527,2.8512,2.8522,2.8577,2.8577,2.8562,2.8572,7
2026-04-20 08:34:00,2.8527,2.8527,2.8502,2.8507,2.8577,2.8577,2.8552,2.8557,7
2026-04-20 08:35:00,2.8502,2.8512,2.8502,2.8512,2.8552,2.8562,2.8552,2.8562,3
2026-04-20 08:36:00,2.8517,2.8517,2.8512,2.8517,2.8567,2.8567,2.8562,2.8567,3
2026-04-20 08:37:00,2.8512,2.8527,2.8507,2.8522,2.8562,2.8577,2.8557,2.8572,6
2026-04-20 08:38:00,2.8527,2.8527,2.8522,2.8522,2.8577,2.8577,2.8572,2.8572,2
2026-04-20 08:39:00,2.8527,2.8542,2.8527,2.8532,2.8577,2.8592,2.8577,2.8582,5
2026-04-20 08:40:00,2.8537,2.8537,2.8532,2.8532,2.8587,2.8587,2.8582,2.8582,2
2026-04-20 08:41:00,2.8527,2.8527,2.8522,2.8522,2.8577,2.8577,2.8572,2.8572,2
2026-04-20 08:43:00,2.8527,2.8527,2.8522,2.8522,2.8577,2.8577,2.8572,2.8572,2
2026-04-20 08:44:00,2.8517,2.8522,2.8517,2.8522,2.8567,2.8572,2.8567,2.8572,4
2026-04-20 08:45:00,2.8527,2.8527,2.8522,2.8527,2.8577,2.8577,2.8572,2.8577,7
2026-04-20 08:46:00,2.8532,2.8532,2.8522,2.8522,2.8582,2.8582,2.8572,2.8572,5
2026-04-20 08:47:00,2.8527,2.8542,2.8527,2.8537,2.8577,2.8592,2.8577,2.8587,5
2026-04-20 08:48:00,2.8542,2.8542,2.8532,2.8537,2.8592,2.8592,2.8582,2.8587,3
2026-04-20 08:49:00,2.8542,2.8542,2.8527,2.8527,2.8592,2.8592,2.8577,2.8577,10
2026-04-20 08:50:00,2.8532,2.8532,2.8527,2.8532,2.8582,2.8582,2.8577,2.8582,5
2026-04-20 08:51:00,2.8527,2.8532,2.8517,2.8522,2.8577,2.8582,2.8567,2.8572,17
2026-04-20 08:52:00,2.8532,2.8532,2.8527,2.8532,2.8582,2.8582,2.8577,2.8582,7
2026-04-20 08:53:00,2.8527,2.8537,2.8522,2.8522,2.8577,2.8587,2.8572,2.8572,8
2026-04-20 08:54:00,2.8527,2.8532,2.8527,2.8527,2.8577,2.8582,2.8577,2.8577,5
2026-04-20 08:55:00,2.8532,2.8542,2.8532,2.8532,2.8582,2.8592,2.8582,2.8582,5
2026-04-20 08:56:00,2.8537,2.8552,2.8522,2.8527,2.8587,2.8602,2.8572,2.8577,18
2026-04-20 08:57:00,2.8532,2.8532,2.8522,2.8522,2.8582,2.8582,2.8572,2.8572,5
2026-04-20 08:58:00,2.8527,2.8532,2.8517,2.8532,2.8577,2.8582,2.8567,2.8582,13
2026-04-20 08:59:00,2.8537,2.8542,2.8537,2.8542,2.8587,2.8592,2.8587,2.8592,2
2026-04-20 09:00:00,2.8537,2.8562,2.8532,2.8552,2.8587,2.8612,2.8582,2.8602,31
2026-04-20 09:01:00,2.8547,2.8547,2.8497,2.8507,2.8597,2.8597,2.8547,2.8557,29
2026-04-20 09:02:00,2.8502,2.8502,2.8477,2.8477,2.8552,2.8552,2.8527,2.8527,19
2026-04-20 09:03:00,2.8472,2.8487,2.8462,2.8472,2.8522,2.8537,2.8512,2.8522,32
2026-04-20 09:04:00,2.8477,2.8492,2.8472,2.8487,2.8527,2.8542,2.8522,2.8537,20
2026-04-20 09:05:00,2.8482,2.8492,2.8472,2.8487,2.8532,2.8542,2.8522,2.8537,18
2026-04-20 09:06:00,2.8492,2.8517,2.8487,2.8502,2.8542,2.8567,2.8537,2.8552,18
2026-04-20 09:07:00,2.8497,2.8502,2.8482,2.8492,2.8547,2.8552,2.8532,2.8542,12
2026-04-20 09:08:00,2.8497,2.8497,2.8477,2.8487,2.8547,2.8547,2.8527,2.8537,12
2026-04-20 09:09:00,2.8492,2.8492,2.8482,2.8482,2.8542,2.8542,2.8532,2.8532,3
2026-04-20 09:10:00,2.8472,2.8477,2.8467,2.8467,2.8522,2.8527,2.8517,2.8517,8
2026-04-20 09:11:00,2.8462,2.8482,2.8462,2.8482,2.8512,2.8532,2.8512,2.8532,29
2026-04-20 09:12:00,2.8472,2.8487,2.8472,2.8482,2.8522,2.8537,2.8522,2.8532,7
2026-04-20 09:13:00,2.8487,2.8497,2.8482,2.8492,2.8537,2.8547,2.8532,2.8542,7
2026-04-20 09:14:00,2.8502,2.8502,2.8492,2.8492,2.8552,2.8552,2.8542,2.8542,3
2026-04-20 09:16:00,2.8482,2.8492,2.8482,2.8487,2.8532,2.8542,2.8532,2.8537,6
2026-04-20 09:17:00,2.8492,2.8492,2.8472,2.8482,2.8542,2.8542,2.8522,2.8532,6
2026-04-20 09:18:00,2.8477,2.8482,2.8472,2.8477,2.8527,2.8532,2.8522,2.8527,9
2026-04-20 09:19:00,2.8472,2.8472,2.8462,2.8462,2.8522,2.8522,2.8512,2.8512,11
2026-04-20 09:20:00,2.8457,2.8462,2.8452,2.8452,2.8507,2.8512,2.8502,2.8502,8
2026-04-20 09:21:00,2.8442,2.8452,2.8442,2.8452,2.8492,2.8502,2.8492,2.8502,11
2026-04-20 09:22:00,2.8457,2.8467,2.8452,2.8467,2.8507,2.8517,2.8502,2.8517,7
2026-04-20 09:23:00,2.8472,2.8482,2.8452,2.8452,2.8522,2.8532,2.8502,2.8502,15
2026-04-20 09:24:00,2.8457,2.8467,2.8457,2.8462,2.8507,2.8517,2.8507,2.8512,10
2026-04-20 09:25:00,2.8467,2.8467,2.8457,2.8467,2.8517,2.8517,2.8507,2.8517,8
2026-04-20 09:26:00,2.8472,2.8477,2.8472,2.8477,2.8522,2.8527,2.8522,2.8527,4
2026-04-20 09:27:00,2.8482,2.8492,2.8472,2.8487,2.8532,2.8542,2.8522,2.8537,22
2026-04-20 09:28:00,2.8492,2.8497,2.8482,2.8492,2.8542,2.8547,2.8532,2.8542,13
2026-04-20 09:29:00,2.8487,2.8492,2.8482,2.8482,2.8537,2.8542,2.8532,2.8532,8
2026-04-20 09:30:00,2.8472,2.8512,2.8472,2.8492,2.8522,2.8562,2.8522,2.8542,40
2026-04-20 09:31:00,2.8487,2.8497,2.8487,2.8492,2.8537,2.8547,2.8537,2.8542,22
2026-04-20 09:32:00,2.8487,2.8497,2.8482,2.8487,2.8537,2.8547,2.8532,2.8537,17
2026-04-20 09:33:00,2.8482,2.8502,2.8482,2.8497,2.8532,2.8552,2.8532,2.8547,12
2026-04-20 09:35:00,2.8492,2.8502,2.8492,2.8497,2.8542,2.8552,2.8542,2.8547,8
2026-04-20 09:36:00,2.8492,2.8502,2.8472,2.8482,2.8542,2.8552,2.8522,2.8532,9
2026-04-20 09:37:00,2.8472,2.8482,2.8472,2.8482,2.8522,2.8532,2.8522,2.8532,9
2026-04-20 09:38:00,2.8487,2.8492,2.8477,2.8492,2.8537,2.8542,2.8527,2.8542,11
2026-04-20 09:39:00,2.8497,2.8512,2.8492,2.8502,2.8547,2.8562,2.8542,2.8552,7
2026-04-20 09:40:00,2.8492,2.8497,2.8492,2.8497,2.8542,2.8547,2.8542,2.8547,2
2026-04-20 09:41:00,2.8492,2.8502,2.8492,2.8497,2.8542,2.8552,2.8542,2.8547,3
2026-04-20 09:42:00,2.8492,2.8492,2.8482,2.8482,2.8542,2.8542,2.8532,2.8532,7
2026-04-20 09:43:00,2.8487,2.8487,2.8487,2.8487,2.8537,2.8537,2.8537,2.8537,1
2026-04-20 09:45:00,2.8492,2.8492,2.8472,2.8482,2.8542,2.8542,2.8522,2.8532,8
2026-04-20 09:46:00,2.8477,2.8487,2.8477,2.8482,2.8527,2.8537,2.8527,2.8532,4
2026-04-20 09:47:00,2.8487,2.8492,2.8487,2.8492,2.8537,2.8542,2.8537,2.8542,2
2026-04-20 09:48:00,2.8482,2.8492,2.8482,2.8492,2.8532,2.8542,2.8532,2.8542,2
2026-04-20 09:50:00,2.8502,2.8502,2.8487,2.8492,2.8552,2.8552,2.8537,2.8542,6
2026-04-20 09:51:00,2.8487,2.8487,2.8487,2.8487,2.8537,2.8537,2.8537,2.8537,1
2026-04-20 09:52:00,2.8492,2.8492,2.8492,2.8492,2.8542,2.8542,2.8542,2.8542,1
2026-04-20 09:53:00,2.8482,2.8492,2.8482,2.8482,2.8532,2.8542,2.8532,2.8532,3
2026-04-20 09:54:00,2.8472,2.8482,2.8472,2.8482,2.8522,2.8532,2.8522,2.8532,8
2026-04-20 09:55:00,2.8487,2.8487,2.8477,2.8477,2.8537,2.8537,2.8527,2.8527,3
2026-04-20 09:56:00,2.8482,2.8482,2.8472,2.8477,2.8532,2.8532,2.8522,2.8527,11
2026-04-20 09:57:00,2.8482,2.8487,2.8482,2.8487,2.8532,2.8537,2.8532,2.8537,2
2026-04-20 09:58:00,2.8492,2.8502,2.8492,2.8502,2.8542,2.8552,2.8542,2.8552,3
2026-04-20 09:59:00,2.8492,2.8502,2.8492,2.8497,2.8542,2.8552,2.8542,2.8547,3
2026-04-20 10:00:00,2.8492,2.8497,2.8482,2.8492,2.8542,2.8547,2.8532,2.8542,6
2026-04-20 10:01:00,2.8482,2.8502,2.8482,2.8502,2.8532,2.8552,2.8532,2.8552,10
2026-04-20 10:02:00,2.8507,2.8532,2.8502,2.8527,2.8557,2.8582,2.8552,2.8577,10
2026-04-20 10:03:00,2.8522,2.8532,2.8522,2.8532,2.8572,2.8582,2.8572,2.8582,12
2026-04-20 10:04:00,2.8537,2.8537,2.8537,2.8537,2.8587,2.8587,2.8587,2.8587,1
2026-04-20 10:05:00,2.8532,2.8542,2.8522,2.8532,2.8582,2.8592,2.8572,2.8582,10
2026-04-20 10:06:00,2.8527,2.8542,2.8522,2.8542,2.8577,2.8592,2.8572,2.8592,4
2026-04-20 10:07:00,2.8532,2.8542,2.8532,2.8542,2.8582,2.8592,2.8582,2.8592,10
2026-04-20 10:08:00,2.8537,2.8542,2.8527,2.8532,2.8587,2.8592,2.8577,2.8582,13
2026-04-20 10:09:00,2.8537,2.8542,2.8532,2.8537,2.8587,2.8592,2.8582,2.8587,9
2026-04-20 10:10:00,2.8542,2.8542,2.8522,2.8522,2.8592,2.8592,2.8572,2.8572,7
2026-04-20 10:11:00,2.8527,2.8542,2.8522,2.8537,2.8577,2.8592,2.8572,2.8587,11
2026-04-20 10:12:00,2.8532,2.8542,2.8522,2.8537,2.8582,2.8592,2.8572,2.8587,14
2026-04-20 10:13:00,2.8542,2.8542,2.8532,2.8532,2.8592,2.8592,2.8582,2.8582,4
2026-04-20 10:14:00,2.8542,2.8542,2.8542,2.8542,2.8592,2.8592,2.8592,2.8592,1
2026-04-20 10:15:00,2.8552,2.8552,2.8542,2.8552,2.8602,2.8602,2.8592,2.8602,3
2026-04-20 10:16:00,2.8542,2.8552,2.8542,2.8542,2.8592,2.8602,2.8592,2.8592,14
2026-04-20 10:17:00,2.8537,2.8542,2.8537,2.8542,2.8587,2.8592,2.8587,2.8592,6
2026-04-20 10:18:00,2.8537,2.8542,2.8537,2.8537,2.8587,2.8592,2.8587,2.8587,3
2026-04-20 10:20:00,2.8532,2.8552,2.8532,2.8547,2.8582,2.8602,2.8582,2.8597,8
2026-04-20 10:21:00,2.8552,2.8552,2.8537,2.8537,2.8602,2.8602,2.8587,2.8587,19
2026-04-20 10:22:00,2.8542,2.8552,2.8537,2.8547,2.8592,2.8602,2.8587,2.8597,22
2026-04-20 10:23:00,2.8552,2.8552,2.8542,2.8552,2.8602,2.8602,2.8592,2.8602,5
2026-04-20 10:24:00,2.8562,2.8562,2.8542,2.8542,2.8612,2.8612,2.8592,2.8592,6
2026-04-20 10:25:00,2.8537,2.8542,2.8532,2.8532,2.8587,2.8592,2.8582,2.8582,6
2026-04-20 10:26:00,2.8537,2.8542,2.8537,2.8542,2.8587,2.8592,2.8587,2.8592,6
2026-04-20 10:27:00,2.8547,2.8547,2.8542,2.8542,2.8597,2.8597,2.8592,2.8592,4
2026-04-20 10:28:00,2.8532,2.8542,2.8532,2.8542,2.8582,2.8592,2.8582,2.8592,5
2026-04-20 10:29:00,2.8537,2.8537,2.8522,2.8527,2.8587,2.8587,2.8572,2.8577,11
2026-04-20 10:30:00,2.8532,2.8532,2.8522,2.8532,2.8582,2.8582,2.8572,2.8582,16
2026-04-20 10:31:00,2.8527,2.8532,2.8522,2.8532,2.8577,2.8582,2.8572,2.8582,18
2026-04-20 10:32:00,2.8522,2.8532,2.8522,2.8527,2.8572,2.8582,2.8572,2.8577,6
2026-04-20 10:33:00,2.8532,2.8532,2.8497,2.8497,2.8582,2.8582,2.8547,2.8547,10
2026-04-20 10:34:00,2.8502,2.8502,2.8497,2.8502,2.8552,2.8552,2.8547,2.8552,3
2026-04-20 10:35:00,2.8512,2.8512,2.8502,2.8502,2.8562,2.8562,2.8552,2.8552,3
2026-04-20 10:36:00,2.8507,2.8512,2.8502,2.8507,2.8557,2.8562,2.8552,2.8557,6
2026-04-20 10:37:00,2.8512,2.8522,2.8507,2.8512,2.8562,2.8572,2.8557,2.8562,5
2026-04-20 10:38:00,2.8502,2.8502,2.8497,2.8502,2.8552,2.8552,2.8547,2.8552,7
2026-04-20 10:39:00,2.8497,2.8502,2.8492,2.8492,2.8547,2.8552,2.8542,2.8542,4
2026-04-20 10:41:00,2.8487,2.8502,2.8482,2.8502,2.8537,2.8552,2.8532,2.8552,4
2026-04-20 10:43:00,2.8497,2.8502,2.8497,2.8502,2.8547,2.8552,2.8547,2.8552,2
2026-04-20 10:44:00,2.8497,2.8497,2.8497,2.8497,2.8547,2.8547,2.8547,2.8547,1
2026-04-20 10:45:00,2.8492,2.8532,2.8487,2.8522,2.8542,2.8582,2.8537,2.8572,15
2026-04-20 10:46:00,2.8532,2.8532,2.8512,2.8522,2.8582,2.8582,2.8562,2.8572,11
2026-04-20 10:47:00,2.8512,2.8522,2.8512,2.8522,2.8562,2.8572,2.8562,2.8572,6
2026-04-20 10:49:00,2.8527,2.8527,2.8512,2.8512,2.8577,2.8577,2.8562,2.8562,6
2026-04-20 10:52:00,2.8522,2.8542,2.8522,2.8527,2.8572,2.8592,2.8572,2.8577,7
2026-04-20 10:53:00,2.8532,2.8542,2.8532,2.8542,2.8582,2.8592,2.8582,2.8592,10
2026-04-20 10:54:00,2.8537,2.8542,2.8537,2.8537,2.8587,2.8592,2.8587,2.8587,3
2026-04-20 10:55:00,2.8532,2.8532,2.8522,2.8532,2.8582,2.8582,2.8572,2.8582,5
2026-04-20 10:56:00,2.8527,2.8537,2.8527,2.8532,2.8577,2.8587,2.8577,2.8582,9
2026-04-20 10:57:00,2.8522,2.8527,2.8512,2.8512,2.8572,2.8577,2.8562,2.8562,7
2026-04-20 10:58:00,2.8507,2.8507,2.8502,2.8507,2.8557,2.8557,2.8552,2.8557,7
2026-04-20 10:59:00,2.8512,2.8522,2.8507,2.8512,2.8562,2.8572,2.8557,2.8562,11
2026-04-20 11:00:00,2.8507,2.8512,2.8492,2.8497,2.8557,2.8562,2.8542,2.8547,18
2026-04-20 11:01:00,2.8492,2.8502,2.8492,2.8502,2.8542,2.8552,2.8542,2.8552,5
2026-04-20 11:02:00,2.8497,2.8502,2.8497,2.8502,2.8547,2.8552,2.8547,2.8552,2
2026-04-20 11:03:00,2.8497,2.8497,2.8492,2.8497,2.8547,2.8547,2.8542,2.8547,9
2026-04-20 11:04:00,2.8492,2.8502,2.8492,2.8502,2.8542,2.8552,2.8542,2.8552,3
2026-04-20 11:05:00,2.8492,2.8492,2.8482,2.8487,2.8542,2.8542,2.8532,2.8537,6
2026-04-20 11:06:00,2.8482,2.8512,2.8482,2.8512,2.8532,2.8562,2.8532,2.8562,6
2026-04-20 11:07:00,2.8507,2.8512,2.8507,2.8512,2.8557,2.8562,2.8557,2.8562,6
2026-04-20 11:08:00,2.8507,2.8512,2.8502,2.8512,2.8557,2.8562,2.8552,2.8562,17
2026-04-20 11:09:00,2.8522,2.8532,2.8522,2.8532,2.8572,2.8582,2.8572,2.8582,14
2026-04-20 11:10:00,2.8537,2.8542,2.8532,2.8537,2.8587,2.8592,2.8582,2.8587,9
2026-04-20 11:11:00,2.8542,2.8542,2.8537,2.8542,2.8592,2.8592,2.8587,2.8592,19
2026-04-20 11:12:00,2.8532,2.8547,2.8532,2.8542,2.8582,2.8597,2.8582,2.8592,10
2026-04-20 11:13:00,2.8537,2.8547,2.8537,2.8542,2.8587,2.8597,2.8587,2.8592,4
2026-04-20 11:14:00,2.8547,2.8552,2.8537,2.8537,2.8597,2.8602,2.8587,2.8587,15
2026-04-20 11:15:00,2.8542,2.8542,2.8537,2.8542,2.8592,2.8592,2.8587,2.8592,11
2026-04-20 11:16:00,2.8537,2.8542,2.8532,2.8537,2.8587,2.8592,2.8582,2.8587,13
2026-04-20 11:17:00,2.8532,2.8537,2.8532,2.8532,2.8582,2.8587,2.8582,2.8582,3
2026-04-20 11:18:00,2.8542,2.8542,2.8532,2.8532,2.8592,2.8592,2.8582,2.8582,5
2026-04-20 11:20:00,2.8542,2.8552,2.8542,2.8552,2.8592,2.8602,2.8592,2.8602,5
2026-04-20 11:21:00,2.8547,2.8547,2.8542,2.8542,2.8597,2.8597,2.8592,2.8592,4
2026-04-20 11:22:00,2.8547,2.8602,2.8542,2.8592,2.8597,2.8652,2.8592,2.8642,13
2026-04-20 11:23:00,2.8597,2.8597,2.8592,2.8592,2.8647,2.8647,2.8642,2.8642,12
2026-04-20 11:24:00,2.8597,2.8597,2.8582,2.8592,2.8647,2.8647,2.8632,2.8642,28
2026-04-20 11:26:00,2.8602,2.8602,2.8582,2.8582,2.8652,2.8652,2.8632,2.8632,4
2026-04-20 11:27:00,2.8592,2.8592,2.8592,2.8592,2.8642,2.8642,2.8642,2.8642,1
2026-04-20 11:29:00,2.8587,2.8587,2.8562,2.8572,2.8637,2.8637,2.8612,2.8622,7
2026-04-20 11:30:00,2.8567,2.8572,2.8562,2.8562,2.8617,2.8622,2.8612,2.8612,12
2026-04-20 11:31:00,2.8577,2.8577,2.8567,2.8572,2.8627,2.8627,2.8617,2.8622,12
2026-04-20 11:32:00,2.8567,2.8572,2.8567,2.8572,2.8617,2.8622,2.8617,2.8622,4
2026-04-20 11:33:00,2.8567,2.8572,2.8567,2.8567,2.8617,2.8622,2.8617,2.8617,3
2026-04-20 11:34:00,2.8572,2.8572,2.8562,2.8572,2.8622,2.8622,2.8612,2.8622,4
2026-04-20 11:35:00,2.8587,2.8587,2.8562,2.8572,2.8637,2.8637,2.8612,2.8622,19
2026-04-20 11:36:00,2.8582,2.8582,2.8572,2.8582,2.8632,2.8632,2.8622,2.8632,6
2026-04-20 11:37:00,2.8592,2.8592,2.8582,2.8592,2.8642,2.8642,2.8632,2.8642,4
2026-04-20 11:38:00,2.8597,2.8597,2.8582,2.8582,2.8647,2.8647,2.8632,2.8632,6
2026-04-20 11:39:00,2.8587,2.8602,2.8587,2.8602,2.8637,2.8652,2.8637,2.8652,7
2026-04-20 11:40:00,2.8597,2.8602,2.8592,2.8597,2.8647,2.8652,2.8642,2.8647,5
2026-04-20 11:41:00,2.8602,2.8612,2.8597,2.8597,2.8652,2.8662,2.8647,2.8647,4
2026-04-20 11:42:00,2.8592,2.8602,2.8592,2.8597,2.8642,2.8652,2.8642,2.8647,5
2026-04-20 11:43:00,2.8607,2.8612,2.8592,2.8592,2.8657,2.8662,2.8642,2.8642,6
2026-04-20 11:45:00,2.8587,2.8602,2.8587,2.8592,2.8637,2.8652,2.8637,2.8642,5
2026-04-20 11:46:00,2.8597,2.8597,2.8592,2.8592,2.8647,2.8647,2.8642,2.8642,4
2026-04-20 11:47:00,2.8587,2.8587,2.8572,2.8577,2.8637,2.8637,2.8622,2.8627,11
2026-04-20 11:48:00,2.8582,2.8582,2.8577,2.8577,2.8632,2.8632,2.8627,2.8627,2
2026-04-20 11:49:00,2.8582,2.8602,2.8582,2.8602,2.8632,2.8652,2.8632,2.8652,6
2026-04-20 11:50:00,2.8597,2.8597,2.8592,2.8592,2.8647,2.8647,2.8642,2.8642,2
2026-04-20 11:51:00,2.8587,2.8592,2.8582,2.8592,2.8637,2.8642,2.8632,2.8642,4
2026-04-20 11:52:00,2.8587,2.8602,2.8582,2.8592,2.8637,2.8652,2.8632,2.8642,6
2026-04-20 11:53:00,2.8587,2.8592,2.8587,2.8592,2.8637,2.8642,2.8637,2.8642,2
2026-04-20 11:54:00,2.8587,2.8602,2.8587,2.8597,2.8637,2.8652,2.8637,2.8647,4
2026-04-20 11:55:00,2.8602,2.8602,2.8602,2.8602,2.8652,2.8652,2.8652,2.8652,1
2026-04-20 11:56:00,2.8597,2.8607,2.8597,2.8607,2.8647,2.8657,2.8647,2.8657,7
2026-04-20 11:57:00,2.8612,2.8622,2.8602,2.8612,2.8662,2.8672,2.8652,2.8662,10
2026-04-20 11:58:00,2.8607,2.8622,2.8602,2.8612,2.8657,2.8672,2.8652,2.8662,11
2026-04-20 11:59:00,2.8617,2.8617,2.8612,2.8612,2.8667,2.8667,2.8662,2.8662,6
2026-04-20 12:00:00,2.8602,2.8622,2.8602,2.8622,2.8652,2.8672,2.8652,2.8672,7
2026-04-20 12:01:00,2.8632,2.8642,2.8632,2.8637,2.8682,2.8692,2.8682,2.8687,4
2026-04-20 12:02:00,2.8642,2.8642,2.8622,2.8632,2.8692,2.8692,2.8672,2.8682,11
2026-04-20 12:03:00,2.8637,2.8637,2.8632,2.8632,2.8687,2.8687,2.8682,2.8682,2
2026-04-20 12:05:00,2.8642,2.8642,2.8632,2.8632,2.8692,2.8692,2.8682,2.8682,6
2026-04-20 12:06:00,2.8627,2.8632,2.8627,2.8632,2.8677,2.8682,2.8677,2.8682,4
2026-04-20 12:07:00,2.8637,2.8642,2.8632,2.8632,2.8687,2.8692,2.8682,2.8682,6
2026-04-20 12:08:00,2.8627,2.8627,2.8617,2.8622,2.8677,2.8677,2.8667,2.8672,5
2026-04-20 12:09:00,2.8612,2.8617,2.8607,2.8617,2.8662,2.8667,2.8657,2.8667,13
2026-04-20 12:10:00,2.8622,2.8622,2.8612,2.8622,2.8672,2.8672,2.8662,2.8672,6
2026-04-20 12:11:00,2.8612,2.8632,2.8612,2.8632,2.8662,2.8682,2.8662,2.8682,10
2026-04-20 12:12:00,2.8642,2.8652,2.8632,2.8652,2.8692,2.8702,2.8682,2.8702,7
2026-04-20 12:13:00,2.8657,2.8672,2.8657,2.8662,2.8707,2.8722,2.8707,2.8712,6
2026-04-20 12:14:00,2.8657,2.8662,2.8652,2.8662,2.8707,2.8712,2.8702,2.8712,6
2026-04-20 12:15:00,2.8657,2.8662,2.8652,2.8657,2.8707,2.8712,2.8702,2.8707,7
2026-04-20 12:16:00,2.8652,2.8652,2.8637,2.8642,2.8702,2.8702,2.8687,2.8692,4
2026-04-20 12:17:00,2.8637,2.8642,2.8632,2.8632,2.8687,2.8692,2.8682,2.8682,7
2026-04-20 12:18:00,2.8637,2.8652,2.8622,2.8642,2.8687,2.8702,2.8672,2.8692,15
2026-04-20 12:19:00,2.8647,2.8657,2.8647,2.8652,2.8697,2.8707,2.8697,2.8702,6
2026-04-20 12:20:00,2.8657,2.8662,2.8652,2.8652,2.8707,2.8712,2.8702,2.8702,4
2026-04-20 12:21:00,2.8657,2.8657,2.8652,2.8652,2.8707,2.8707,2.8702,2.8702,4
2026-04-20 12:22:00,2.8657,2.8657,2.8652,2.8657,2.8707,2.8707,2.8702,2.8707,7
2026-04-20 12:23:00,2.8662,2.8662,2.8662,2.8662,2.8712,2.8712,2.8712,2.8712,1
2026-04-20 12:24:00,2.8667,2.8667,2.8657,2.8662,2.8717,2.8717,2.8707,2.8712,10
2026-04-20 12:26:00,2.8652,2.8662,2.8652,2.8652,2.8702,2.8712,2.8702,2.8702,7
2026-04-20 12:27:00,2.8657,2.8662,2.8652,2.8662,2.8707,2.8712,2.8702,2.8712,10
2026-04-20 12:28:00,2.8667,2.8672,2.8662,2.8662,2.8717,2.8722,2.8712,2.8712,3
2026-04-20 12:29:00,2.8647,2.8647,2.8632,2.8637,2.8697,2.8697,2.8682,2.8687,14
2026-04-20 12:30:00,2.8632,2.8632,2.8607,2.8622,2.8682,2.8682,2.8657,2.8672,25
2026-04-20 12:31:00,2.8627,2.8637,2.8627,2.8637,2.8677,2.8687,2.8677,2.8687,5
2026-04-20 12:32:00,2.8632,2.8637,2.8632,2.8632,2.8682,2.8687,2.8682,2.8682,5
2026-04-20 12:33:00,2.8637,2.8637,2.8632,2.8632,2.8687,2.8687,2.8682,2.8682,2
2026-04-20 12:34:00,2.8637,2.8642,2.8632,2.8642,2.8687,2.8692,2.8682,2.8692,4
2026-04-20 12:35:00,2.8647,2.8647,2.8642,2.8642,2.8697,2.8697,2.8692,2.8692,4
2026-04-20 12:36:00,2.8647,2.8647,2.8642,2.8647,2.8697,2.8697,2.8692,2.8697,7
2026-04-20 12:37:00,2.8652,2.8652,2.8642,2.8642,2.8702,2.8702,2.8692,2.8692,5
2026-04-20 12:38:00,2.8652,2.8657,2.8632,2.8632,2.8702,2.8707,2.8682,2.8682,18
2026-04-20 12:39:00,2.8637,2.8637,2.8632,2.8632,2.8687,2.8687,2.8682,2.8682,4
2026-04-20 12:40:00,2.8627,2.8647,2.8622,2.8637,2.8677,2.8697,2.8672,2.8687,11
2026-04-20 12:41:00,2.8632,2.8642,2.8632,2.8637,2.8682,2.8692,2.8682,2.8687,4
2026-04-20 12:42:00,2.8632,2.8637,2.8622,2.8622,2.8682,2.8687,2.8672,2.8672,6
2026-04-20 12:43:00,2.8617,2.8622,2.8612,2.8612,2.8667,2.8672,2.8662,2.8662,8
2026-04-20 12:44:00,2.8607,2.8622,2.8602,2.8622,2.8657,2.8672,2.8652,2.8672,8
2026-04-20 12:45:00,2.8612,2.8617,2.8607,2.8612,2.8662,2.8667,2.8657,2.8662,6
2026-04-20 12:46:00,2.8617,2.8622,2.8612,2.8612,2.8667,2.8672,2.8662,2.8662,10
2026-04-20 12:47:00,2.8617,2.8622,2.8602,2.8617,2.8667,2.8672,2.8652,2.8667,10
2026-04-20 12:48:00,2.8612,2.8622,2.8602,2.8617,2.8662,2.8672,2.8652,2.8667,12
2026-04-20 12:49:00,2.8622,2.8622,2.8617,2.8622,2.8672,2.8672,2.8667,2.8672,7
2026-04-20 12:50:00,2.8617,2.8617,2.8612,2.8612,2.8667,2.8667,2.8662,2.8662,2
2026-04-20 12:51:00,2.8617,2.8622,2.8617,2.8622,2.8667,2.8672,2.8667,2.8672,16
2026-04-20 12:52:00,2.8617,2.8632,2.8592,2.8602,2.8667,2.8682,2.8642,2.8652,24
2026-04-20 12:53:00,2.8607,2.8607,2.8602,2.8602,2.8657,2.8657,2.8652,2.8652,10
2026-04-20 12:54:00,2.8607,2.8612,2.8602,2.8612,2.8657,2.8662,2.8652,2.8662,8
2026-04-20 12:55:00,2.8602,2.8607,2.8592,2.8592,2.8652,2.8657,2.8642,2.8642,12
2026-04-20 12:56:00,2.8597,2.8602,2.8592,2.8592,2.8647,2.8652,2.8642,2.8642,9
2026-04-20 12:57:00,2.8597,2.8602,2.8592,2.8592,2.8647,2.8652,2.8642,2.8642,3
2026-04-20 12:59:00,2.8582,2.8592,2.8582,2.8582,2.8632,2.8642,2.8632,2.8632,7
2026-04-20 13:00:00,2.8587,2.8592,2.8582,2.8592,2.8637,2.8642,2.8632,2.8642,3
2026-04-20 13:04:00,2.8582,2.8582,2.8542,2.8547,2.8632,2.8632,2.8592,2.8597,10
2026-04-20 13:05:00,2.8552,2.8572,2.8552,2.8572,2.8602,2.8622,2.8602,2.8622,6
2026-04-20 13:06:00,2.8582,2.8582,2.8577,2.8577,2.8632,2.8632,2.8627,2.8627,4
2026-04-20 13:07:00,2.8572,2.8572,2.8552,2.8562,2.8622,2.8622,2.8602,2.8612,11
2026-04-20 13:08:00,2.8567,2.8572,2.8562,2.8567,2.8617,2.8622,2.8612,2.8617,4
2026-04-20 13:09:00,2.8572,2.8572,2.8567,2.8567,2.8622,2.8622,2.8617,2.8617,2
2026-04-20 13:10:00,2.8577,2.8602,2.8572,2.8592,2.8627,2.8652,2.8622,2.8642,22
2026-04-20 13:11:00,2.8587,2.8587,2.8567,2.8587,2.8637,2.8637,2.8617,2.8637,12
2026-04-20 13:12:00,2.8582,2.8592,2.8567,2.8572,2.8632,2.8642,2.8617,2.8622,19
2026-04-20 13:13:00,2.8577,2.8582,2.8577,2.8582,2.8627,2.8632,2.8627,2.8632,4
2026-04-20 13:14:00,2.8572,2.8582,2.8572,2.8572,2.8622,2.8632,2.8622,2.8622,4
2026-04-20 13:15:00,2.8562,2.8567,2.8552,2.8552,2.8612,2.8617,2.8602,2.8602,15
2026-04-20 13:16:00,2.8557,2.8562,2.8552,2.8562,2.8607,2.8612,2.8602,2.8612,8
2026-04-20 13:17:00,2.8567,2.8572,2.8562,2.8562,2.8617,2.8622,2.8612,2.8612,14
2026-04-20 13:18:00,2.8567,2.8592,2.8567,2.8592,2.8617,2.8642,2.8617,2.8642,14
2026-04-20 13:19:00,2.8587,2.8592,2.8567,2.8567,2.8637,2.8642,2.8617,2.8617,19
2026-04-20 13:20:00,2.8572,2.8572,2.8572,2.8572,2.8622,2.8622,2.8622,2.8622,1
2026-04-20 13:21:00,2.8577,2.8587,2.8577,2.8582,2.8627,2.8637,2.8627,2.8632,3
2026-04-20 13:22:00,2.8572,2.8577,2.8567,2.8577,2.8622,2.8627,2.8617,2.8627,12
2026-04-20 13:23:00,2.8572,2.8592,2.8562,2.8587,2.8622,2.8642,2.8612,2.8637,15
2026-04-20 13:24:00,2.8592,2.8592,2.8572,2.8572,2.8642,2.8642,2.8622,2.8622,5
2026-04-20 13:25:00,2.8582,2.8582,2.8572,2.8572,2.8632,2.8632,2.8622,2.8622,3
2026-04-20 13:26:00,2.8577,2.8602,2.8577,2.8602,2.8627,2.8652,2.8627,2.8652,8
2026-04-20 13:28:00,2.8597,2.8622,2.8592,2.8622,2.8647,2.8672,2.8642,2.8672,11
2026-04-20 13:29:00,2.8632,2.8632,2.8622,2.8632,2.8682,2.8682,2.8672,2.8682,6
2026-04-20 13:30:00,2.8627,2.8642,2.8622,2.8642,2.8677,2.8692,2.8672,2.8692,19
2026-04-20 13:31:00,2.8632,2.8642,2.8632,2.8642,2.8682,2.8692,2.8682,2.8692,7
2026-04-20 13:32:00,2.8647,2.8692,2.8642,2.8662,2.8697,2.8742,2.8692,2.8712,42
2026-04-20 13:33:00,2.8667,2.8692,2.8632,2.8672,2.8717,2.8742,2.8682,2.8722,41
2026-04-20 13:34:00,2.8667,2.8672,2.8642,2.8672,2.8717,2.8722,2.8692,2.8722,22
2026-04-20 13:35:00,2.8667,2.8702,2.8662,2.8692,2.8717,2.8752,2.8712,2.8742,29
2026-04-20 13:36:00,2.8687,2.8702,2.8662,2.8662,2.8737,2.8752,2.8712,2.8712,20
2026-04-20 13:37:00,2.8657,2.8657,2.8642,2.8652,2.8707,2.8707,2.8692,2.8702,12
2026-04-20 13:38:00,2.8662,2.8662,2.8662,2.8662,2.8712,2.8712,2.8712,2.8712,1
2026-04-20 13:39:00,2.8667,2.8667,2.8637,2.8652,2.8717,2.8717,2.8687,2.8702,16
2026-04-20 13:40:00,2.8647,2.8652,2.8642,2.8642,2.8697,2.8702,2.8692,2.8692,8
2026-04-20 13:41:00,2.8647,2.8652,2.8632,2.8642,2.8697,2.8702,2.8682,2.8692,12
2026-04-20 13:42:00,2.8652,2.8662,2.8632,2.8632,2.8702,2.8712,2.8682,2.8682,13
2026-04-20 13:43:00,2.8622,2.8642,2.8617,2.8632,2.8672,2.8692,2.8667,2.8682,17
2026-04-20 13:44:00,2.8622,2.8652,2.8622,2.8642,2.8672,2.8702,2.8672,2.8692,17
2026-04-20 13:45:00,2.8647,2.8652,2.8617,2.8622,2.8697,2.8702,2.8667,2.8672,16
2026-04-20 13:46:00,2.8632,2.8677,2.8622,2.8677,2.8682,2.8727,2.8672,2.8727,20
2026-04-20 13:47:00,2.8672,2.8712,2.8672,2.8702,2.8722,2.8762,2.8722,2.8752,14
2026-04-20 13:48:00,2.8707,2.8732,2.8697,2.8712,2.8757,2.8782,2.8747,2.8762,41
2026-04-20 13:49:00,2.8722,2.8722,2.8712,2.8717,2.8772,2.8772,2.8762,2.8767,16
2026-04-20 13:50:00,2.8712,2.8727,2.8692,2.8722,2.8762,2.8777,2.8742,2.8772,46
2026-04-20 13:51:00,2.8712,2.8722,2.8712,2.8712,2.8762,2.8772,2.8762,2.8762,23
2026-04-20 13:52:00,2.8717,2.8722,2.8612,2.8612,2.8767,2.8772,2.8662,2.8662,41
2026-04-20 13:53:00,2.8622,2.8632,2.8567,2.8602,2.8672,2.8682,2.8617,2.8652,27
2026-04-20 13:54:00,2.8612,2.8642,2.8602,2.8632,2.8662,2.8692,2.8652,2.8682,23
2026-04-20 13:55:00,2.8637,2.8637,2.8587,2.8612,2.8687,2.8687,2.8637,2.8662,34
2026-04-20 13:56:00,2.8607,2.8642,2.8597,2.8632,2.8657,2.8692,2.8647,2.8682,20
2026-04-20 13:57:00,2.8622,2.8647,2.8612,2.8632,2.8672,2.8697,2.8662,2.8682,32
2026-04-20 13:58:00,2.8637,2.8642,2.8617,2.8622,2.8687,2.8692,2.8667,2.8672,8
2026-04-20 13:59:00,2.8627,2.8627,2.8612,2.8622,2.8677,2.8677,2.8662,2.8672,12
2026-04-20 14:00:00,2.8617,2.8622,2.8572,2.8572,2.8667,2.8672,2.8622,2.8622,27
2026-04-20 14:01:00,2.8582,2.8582,2.8542,2.8552,2.8632,2.8632,2.8592,2.8602,17
2026-04-20 14:02:00,2.8532,2.8542,2.8522,2.8542,2.8582,2.8592,2.8572,2.8592,24
2026-04-20 14:03:00,2.8537,2.8547,2.8532,2.8532,2.8587,2.8597,2.8582,2.8582,23
2026-04-20 14:04:00,2.8527,2.8532,2.8432,2.8472,2.8577,2.8582,2.8482,2.8522,66
2026-04-20 14:05:00,2.8477,2.8497,2.8472,2.8492,2.8527,2.8547,2.8522,2.8542,38
2026-04-20 14:06:00,2.8487,2.8512,2.8487,2.8502,2.8537,2.8562,2.8537,2.8552,16
2026-04-20 14:07:00,2.8492,2.8492,2.8477,2.8482,2.8542,2.8542,2.8527,2.8532,5
2026-04-20 14:08:00,2.8487,2.8492,2.8482,2.8492,2.8537,2.8542,2.8532,2.8542,17
2026-04-20 14:09:00,2.8497,2.8507,2.8482,2.8492,2.8547,2.8557,2.8532,2.8542,17
2026-04-20 14:10:00,2.8487,2.8492,2.8457,2.8462,2.8537,2.8542,2.8507,2.8512,18
2026-04-20 14:11:00,2.8467,2.8467,2.8452,2.8457,2.8517,2.8517,2.8502,2.8507,15
2026-04-20 14:12:00,2.8462,2.8462,2.8427,2.8447,2.8512,2.8512,2.8477,2.8497,23
2026-04-20 14:13:00,2.8432,2.8462,2.8432,2.8442,2.8482,2.8512,2.8482,2.8492,26
2026-04-20 14:14:00,2.8447,2.8472,2.8442,2.8472,2.8497,2.8522,2.8492,2.8522,19
2026-04-20 14:15:00,2.8482,2.8522,2.8482,2.8512,2.8532,2.8572,2.8532,2.8562,10
2026-04-20 14:16:00,2.8517,2.8517,2.8452,2.8452,2.8567,2.8567,2.8502,2.8502,22
2026-04-20 14:17:00,2.8457,2.8492,2.8457,2.8487,2.8507,2.8542,2.8507,2.8537,22
2026-04-20 14:18:00,2.8482,2.8552,2.8482,2.8542,2.8532,2.8602,2.8532,2.8592,24
2026-04-20 14:19:00,2.8537,2.8542,2.8532,2.8532,2.8587,2.8592,2.8582,2.8582,4
2026-04-20 14:20:00,2.8537,2.8547,2.8512,2.8532,2.8587,2.8597,2.8562,2.8582,26
2026-04-20 14:21:00,2.8537,2.8542,2.8512,2.8532,2.8587,2.8592,2.8562,2.8582,27
2026-04-20 14:22:00,2.8527,2.8532,2.8482,2.8482,2.8577,2.8582,2.8532,2.8532,21
2026-04-20 14:23:00,2.8472,2.8502,2.8472,2.8492,2.8522,2.8552,2.8522,2.8542,16
2026-04-20 14:24:00,2.8487,2.8512,2.8487,2.8492,2.8537,2.8562,2.8537,2.8542,25
2026-04-20 14:25:00,2.8502,2.8512,2.8502,2.8512,2.8552,2.8562,2.8552,2.8562,15
2026-04-20 14:26:00,2.8507,2.8522,2.8502,2.8512,2.8557,2.8572,2.8552,2.8562,26
2026-04-20 14:27:00,2.8507,2.8532,2.8507,2.8522,2.8557,2.8582,2.8557,2.8572,17
2026-04-20 14:28:00,2.8527,2.8542,2.8522,2.8532,2.8577,2.8592,2.8572,2.8582,13
2026-04-20 14:29:00,2.8527,2.8532,2.8507,2.8512,2.8577,2.8582,2.8557,2.8562,15
2026-04-20 14:30:00,2.8502,2.8547,2.8492,2.8547,2.8552,2.8597,2.8542,2.8597,15
2026-04-20 14:31:00,2.8552,2.8627,2.8547,2.8622,2.8602,2.8677,2.8597,2.8672,30
2026-04-20 14:32:00,2.8617,2.8617,2.8582,2.8587,2.8667,2.8667,2.8632,2.8637,34
2026-04-20 14:33:00,2.8582,2.8592,2.8572,2.8587,2.8632,2.8642,2.8622,2.8637,37
2026-04-20 14:34:00,2.8582,2.8597,2.8577,2.8592,2.8632,2.8647,2.8627,2.8642,27
2026-04-20 14:35:00,2.8582,2.8587,2.8522,2.8527,2.8632,2.8637,2.8572,2.8577,22
2026-04-20 14:36:00,2.8522,2.8552,2.8482,2.8542,2.8572,2.8602,2.8532,2.8592,27
2026-04-20 14:37:00,2.8547,2.8552,2.8522,2.8532,2.8597,2.8602,2.8572,2.8582,26
2026-04-20 14:38:00,2.8537,2.8542,2.8517,2.8527,2.8587,2.8592,2.8567,2.8577,10
2026-04-20 14:39:00,2.8522,2.8527,2.8497,2.8522,2.8572,2.8577,2.8547,2.8572,17
2026-04-20 14:40:00,2.8517,2.8522,2.8472,2.8472,2.8567,2.8572,2.8522,2.8522,22
2026-04-20 14:41:00,2.8462,2.8512,2.8462,2.8472,2.8512,2.8562,2.8512,2.8522,46
2026-04-20 14:42:00,2.8467,2.8482,2.8452,2.8482,2.8517,2.8532,2.8502,2.8532,20
2026-04-20 14:43:00,2.8477,2.8482,2.8472,2.8472,2.8527,2.8532,2.8522,2.8522,9
2026-04-20 14:44:00,2.8462,2.8502,2.8462,2.8502,2.8512,2.8552,2.8512,2.8552,9
2026-04-20 14:45:00,2.8492,2.8492,2.8472,2.8472,2.8542,2.8542,2.8522,2.8522,11
2026-04-20 14:46:00,2.8477,2.8527,2.8452,2.8527,2.8527,2.8577,2.8502,2.8577,30
2026-04-20 14:47:00,2.8547,2.8592,2.8542,2.8562,2.8597,2.8642,2.8592,2.8612,23
2026-04-20 14:48:00,2.8557,2.8557,2.8527,2.8532,2.8607,2.8607,2.8577,2.8582,9
2026-04-20 14:49:00,2.8537,2.8557,2.8532,2.8552,2.8587,2.8607,2.8582,2.8602,14
2026-04-20 14:50:00,2.8557,2.8557,2.8537,2.8542,2.8607,2.8607,2.8587,2.8592,21
2026-04-20 14:51:00,2.8547,2.8552,2.8532,2.8542,2.8597,2.8602,2.8582,2.8592,17
2026-04-20 14:52:00,2.8547,2.8572,2.8547,2.8567,2.8597,2.8622,2.8597,2.8617,7
2026-04-20 14:53:00,2.8562,2.8577,2.8542,2.8567,2.8612,2.8627,2.8592,2.8617,22
2026-04-20 14:54:00,2.8572,2.8572,2.8562,2.8567,2.8622,2.8622,2.8612,2.8617,6
2026-04-20 14:55:00,2.8572,2.8592,2.8567,2.8572,2.8622,2.8642,2.8617,2.8622,25
2026-04-20 14:56:00,2.8582,2.8587,2.8572,2.8587,2.8632,2.8637,2.8622,2.8637,17
2026-04-20 14:57:00,2.8582,2.8587,2.8527,2.8527,2.8632,2.8637,2.8577,2.8577,24
2026-04-20 14:58:00,2.8522,2.8532,2.8502,2.8512,2.8572,2.8582,2.8552,2.8562,19
2026-04-20 14:59:00,2.8507,2.8522,2.8487,2.8517,2.8557,2.8572,2.8537,2.8567,22
2026-04-20 15:00:00,2.8522,2.8562,2.8502,2.8502,2.8572,2.8612,2.8552,2.8552,62
2026-04-20 15:01:00,2.8507,2.8532,2.8392,2.8437,2.8557,2.8582,2.8442,2.8487,69
2026-04-20 15:02:00,2.8442,2.8482,2.8407,2.8442,2.8492,2.8532,2.8457,2.8492,55
2026-04-20 15:03:00,2.8437,2.8482,2.8422,2.8472,2.8487,2.8532,2.8472,2.8522,39
2026-04-20 15:04:00,2.8467,2.8487,2.8442,2.8462,2.8517,2.8537,2.8492,2.8512,39
2026-04-20 15:05:00,2.8452,2.8462,2.8432,2.8432,2.8502,2.8512,2.8482,2.8482,17
2026-04-20 15:06:00,2.8422,2.8442,2.8422,2.8422,2.8472,2.8492,2.8472,2.8472,22
2026-04-20 15:07:00,2.8427,2.8437,2.8322,2.8342,2.8477,2.8487,2.8372,2.8392,40
2026-04-20 15:08:00,2.8337,2.8342,2.8227,2.8257,2.8387,2.8392,2.8277,2.8307,109
2026-04-20 15:09:00,2.8262,2.8292,2.8242,2.8292,2.8312,2.8342,2.8292,2.8342,57
2026-04-20 15:10:00,2.8287,2.8292,2.8242,2.8252,2.8337,2.8342,2.8292,2.8302,43
2026-04-20 15:11:00,2.8242,2.8252,2.8162,2.8177,2.8292,2.8302,2.8212,2.8227,51
2026-04-20 15:12:00,2.8187,2.8187,2.8097,2.8172,2.8237,2.8237,2.8147,2.8222,78
2026-04-20 15:13:00,2.8167,2.8212,2.8147,2.8202,2.8217,2.8262,2.8197,2.8252,73
2026-04-20 15:14:00,2.8197,2.8262,2.8197,2.8242,2.8247,2.8312,2.8247,2.8292,40
2026-04-20 15:15:00,2.8232,2.8232,2.8182,2.8227,2.8282,2.8282,2.8232,2.8277,29
2026-04-20 15:16:00,2.8222,2.8232,2.8192,2.8232,2.8272,2.8282,2.8242,2.8282,31
2026-04-20 15:17:00,2.8227,2.8227,2.8172,2.8182,2.8277,2.8277,2.8222,2.8232,22
2026-04-20 15:18:00,2.8187,2.8212,2.8162,2.8212,2.8237,2.8262,2.8212,2.8262,23
2026-04-20 15:19:00,2.8222,2.8232,2.8202,2.8212,2.8272,2.8282,2.8252,2.8262,7
2026-04-20 15:20:00,2.8202,2.8272,2.8202,2.8267,2.8252,2.8322,2.8252,2.8317,18
2026-04-20 15:21:00,2.8257,2.8257,2.8232,2.8232,2.8307,2.8307,2.8282,2.8282,13
2026-04-20 15:22:00,2.8237,2.8252,2.8192,2.8202,2.8287,2.8302,2.8242,2.8252,39
2026-04-20 15:23:00,2.8217,2.8247,2.8212,2.8222,2.8267,2.8297,2.8262,2.8272,37
2026-04-20 15:24:00,2.8217,2.8232,2.8212,2.8232,2.8267,2.8282,2.8262,2.8282,34
2026-04-20 15:25:00,2.8242,2.8242,2.8232,2.8242,2.8292,2.8292,2.8282,2.8292,10
2026-04-20 15:26:00,2.8247,2.8252,2.8182,2.8197,2.8297,2.8302,2.8232,2.8247,31
2026-04-20 15:27:00,2.8187,2.8192,2.8167,2.8182,2.8237,2.8242,2.8217,2.8232,31
2026-04-20 15:28:00,2.8172,2.8227,2.8172,2.8207,2.8222,2.8277,2.8222,2.8257,53
2026-04-20 15:29:00,2.8202,2.8212,2.8167,2.8192,2.8252,2.8262,2.8217,2.8242,36
2026-04-20 15:30:00,2.8187,2.8202,2.8142,2.8162,2.8237,2.8252,2.8192,2.8212,29
2026-04-20 15:31:00,2.8152,2.8182,2.8117,2.8152,2.8202,2.8232,2.8167,2.8202,57
2026-04-20 15:32:00,2.8147,2.8172,2.8142,2.8142,2.8197,2.8222,2.8192,2.8192,35
2026-04-20 15:33:00,2.8152,2.8152,2.8112,2.8122,2.8202,2.8202,2.8162,2.8172,23
2026-04-20 15:34:00,2.8117,2.8122,2.8032,2.8087,2.8167,2.8172,2.8082,2.8137,62
2026-04-20 15:35:00,2.8082,2.8102,2.8072,2.8097,2.8132,2.8152,2.8122,2.8147,34
2026-04-20 15:36:00,2.8102,2.8117,2.8087,2.8107,2.8152,2.8167,2.8137,2.8157,20
2026-04-20 15:37:00,2.8102,2.8112,2.8082,2.8102,2.8152,2.8162,2.8132,2.8152,26
2026-04-20 15:38:00,2.8097,2.8107,2.8072,2.8087,2.8147,2.8157,2.8122,2.8137,21
2026-04-20 15:39:00,2.8092,2.8132,2.8072,2.8132,2.8142,2.8182,2.8122,2.8182,56
2026-04-20 15:40:00,2.8127,2.8132,2.8077,2.8082,2.8177,2.8182,2.8127,2.8132,84
2026-04-20 15:41:00,2.8087,2.8112,2.8082,2.8102,2.8137,2.8162,2.8132,2.8152,36
2026-04-20 15:42:00,2.8097,2.8112,2.8087,2.8092,2.8147,2.8162,2.8137,2.8142,46
2026-04-20 15:43:00,2.8087,2.8092,2.8062,2.8082,2.8137,2.8142,2.8112,2.8132,26
2026-04-20 15:44:00,2.8092,2.8092,2.8057,2.8072,2.8142,2.8142,2.8107,2.8122,43
2026-04-20 15:45:00,2.8067,2.8072,2.8052,2.8067,2.8117,2.8122,2.8102,2.8117,23
2026-04-20 15:46:00,2.8057,2.8092,2.8042,2.8092,2.8107,2.8142,2.8092,2.8142,29
2026-04-20 15:47:00,2.8087,2.8102,2.8072,2.8092,2.8137,2.8152,2.8122,2.8142,31
2026-04-20 15:48:00,2.8087,2.8092,2.8062,2.8067,2.8137,2.8142,2.8112,2.8117,39
2026-04-20 15:49:00,2.8072,2.8082,2.8022,2.8052,2.8122,2.8132,2.8072,2.8102,40
2026-04-20 15:50:00,2.8047,2.8062,2.8042,2.8052,2.8097,2.8112,2.8092,2.8102,7
2026-04-20 15:51:00,2.8057,2.8082,2.8052,2.8057,2.8107,2.8132,2.8102,2.8107,40
2026-04-20 15:52:00,2.8052,2.8062,2.8032,2.8042,2.8102,2.8112,2.8082,2.8092,32
2026-04-20 15:53:00,2.8037,2.8062,2.8032,2.8062,2.8087,2.8112,2.8082,2.8112,25
2026-04-20 15:54:00,2.8057,2.8072,2.8042,2.8072,2.8107,2.8122,2.8092,2.8122,19
2026-04-20 15:55:00,2.8067,2.8102,2.8052,2.8102,2.8117,2.8152,2.8102,2.8152,44
2026-04-20 15:56:00,2.8097,2.8147,2.8092,2.8142,2.8147,2.8197,2.8142,2.8192,39
2026-04-20 15:57:00,2.8162,2.8192,2.8142,2.8182,2.8212,2.8242,2.8192,2.8232,40
2026-04-20 15:58:00,2.8177,2.8202,2.8152,2.8202,2.8227,2.8252,2.8202,2.8252,19
2026-04-20 15:59:00,2.8222,2.8237,2.8197,2.8197,2.8272,2.8287,2.8247,2.8247,22
2026-04-20 16:00:00,2.8202,2.8222,2.8182,2.8222,2.8252,2.8272,2.8232,2.8272,22
2026-04-20 16:01:00,2.8212,2.8232,2.8212,2.8222,2.8262,2.8282,2.8262,2.8272,13
2026-04-20 16:02:00,2.8227,2.8242,2.8202,2.8202,2.8277,2.8292,2.8252,2.8252,20
2026-04-20 16:03:00,2.8192,2.8212,2.8182,2.8202,2.8242,2.8262,2.8232,2.8252,18
2026-04-20 16:04:00,2.8207,2.8222,2.8202,2.8217,2.8257,2.8272,2.8252,2.8267,24
2026-04-20 16:05:00,2.8212,2.8222,2.8202,2.8202,2.8262,2.8272,2.8252,2.8252,15
2026-04-20 16:06:00,2.8197,2.8197,2.8187,2.8192,2.8247,2.8247,2.8237,2.8242,3
2026-04-20 16:07:00,2.8187,2.8202,2.8182,2.8202,2.8237,2.8252,2.8232,2.8252,15
2026-04-20 16:08:00,2.8192,2.8192,2.8162,2.8162,2.8242,2.8242,2.8212,2.8212,23
2026-04-20 16:09:00,2.8172,2.8172,2.8102,2.8107,2.8222,2.8222,2.8152,2.8157,31
2026-04-20 16:10:00,2.8102,2.8122,2.8102,2.8122,2.8152,2.8172,2.8152,2.8172,12
2026-04-20 16:11:00,2.8127,2.8162,2.8127,2.8147,2.8177,2.8212,2.8177,2.8197,37
2026-04-20 16:12:00,2.8152,2.8162,2.8142,2.8142,2.8202,2.8212,2.8192,2.8192,37
2026-04-20 16:13:00,2.8132,2.8132,2.8117,2.8132,2.8182,2.8182,2.8167,2.8182,10
2026-04-20 16:14:00,2.8127,2.8132,2.8122,2.8122,2.8177,2.8182,2.8172,2.8172,5
2026-04-20 16:15:00,2.8117,2.8132,2.8117,2.8132,2.8167,2.8182,2.8167,2.8182,20
2026-04-20 16:16:00,2.8127,2.8142,2.8122,2.8127,2.8177,2.8192,2.8172,2.8177,15
2026-04-20 16:17:00,2.8132,2.8142,2.8127,2.8132,2.8182,2.8192,2.8177,2.8182,11
2026-04-20 16:18:00,2.8142,2.8162,2.8122,2.8147,2.8192,2.8212,2.8172,2.8197,38
2026-04-20 16:19:00,2.8142,2.8152,2.8122,2.8122,2.8192,2.8202,2.8172,2.8172,34
2026-04-20 16:20:00,2.8127,2.8142,2.8122,2.8132,2.8177,2.8192,2.8172,2.8182,29
2026-04-20 16:21:00,2.8122,2.8122,2.8092,2.8092,2.8172,2.8172,2.8142,2.8142,26
2026-04-20 16:22:00,2.8082,2.8112,2.8082,2.8092,2.8132,2.8162,2.8132,2.8142,13
2026-04-20 16:23:00,2.8102,2.8102,2.8087,2.8097,2.8152,2.8152,2.8137,2.8147,17
2026-04-20 16:24:00,2.8102,2.8112,2.8092,2.8102,2.8152,2.8162,2.8142,2.8152,16
2026-04-20 16:25:00,2.8092,2.8127,2.8092,2.8122,2.8142,2.8177,2.8142,2.8172,15
2026-04-20 16:26:00,2.8127,2.8132,2.8112,2.8112,2.8177,2.8182,2.8162,2.8162,21
2026-04-20 16:27:00,2.8107,2.8122,2.8107,2.8122,2.8157,2.8172,2.8157,2.8172,16
2026-04-20 16:28:00,2.8117,2.8122,2.8087,2.8087,2.8167,2.8172,2.8137,2.8137,44
2026-04-20 16:29:00,2.8092,2.8092,2.8057,2.8062,2.8142,2.8142,2.8107,2.8112,35
2026-04-20 16:30:00,2.8057,2.8082,2.8057,2.8072,2.8107,2.8132,2.8107,2.8122,22
2026-04-20 16:31:00,2.8067,2.8072,2.8062,2.8067,2.8117,2.8122,2.8112,2.8117,12
2026-04-20 16:32:00,2.8062,2.8112,2.8052,2.8082,2.8112,2.8162,2.8102,2.8132,19
2026-04-20 16:33:00,2.8072,2.8092,2.8072,2.8092,2.8122,2.8142,2.8122,2.8142,7
2026-04-20 16:34:00,2.8112,2.8132,2.8102,2.8107,2.8162,2.8182,2.8152,2.8157,30
2026-04-20 16:35:00,2.8112,2.8172,2.8102,2.8172,2.8162,2.8222,2.8152,2.8222,20
2026-04-20 16:36:00,2.8182,2.8202,2.8162,2.8202,2.8232,2.8252,2.8212,2.8252,18
2026-04-20 16:37:00,2.8192,2.8202,2.8162,2.8167,2.8242,2.8252,2.8212,2.8217,20
2026-04-20 16:38:00,2.8172,2.8172,2.8162,2.8167,2.8222,2.8222,2.8212,2.8217,12
2026-04-20 16:39:00,2.8172,2.8202,2.8172,2.8197,2.8222,2.8252,2.8222,2.8247,22
2026-04-20 16:40:00,2.8192,2.8197,2.8177,2.8182,2.8242,2.8247,2.8227,2.8232,17
2026-04-20 16:41:00,2.8172,2.8222,2.8167,2.8172,2.8222,2.8272,2.8217,2.8222,30
2026-04-20 16:42:00,2.8167,2.8182,2.8152,2.8152,2.8217,2.8232,2.8202,2.8202,24
2026-04-20 16:43:00,2.8142,2.8152,2.8137,2.8137,2.8192,2.8202,2.8187,2.8187,14
2026-04-20 16:44:00,2.8132,2.8142,2.8132,2.8142,2.8182,2.8192,2.8182,2.8192,4
2026-04-20 16:45:00,2.8137,2.8142,2.8132,2.8142,2.8187,2.8192,2.8182,2.8192,6
2026-04-20 16:46:00,2.8132,2.8142,2.8132,2.8132,2.8182,2.8192,2.8182,2.8182,11
2026-04-20 16:47:00,2.8122,2.8142,2.8122,2.8132,2.8172,2.8192,2.8172,2.8182,9
2026-04-20 16:48:00,2.8137,2.8142,2.8112,2.8112,2.8187,2.8192,2.8162,2.8162,11
2026-04-20 16:49:00,2.8102,2.8112,2.8092,2.8092,2.8152,2.8162,2.8142,2.8142,9
2026-04-20 16:50:00,2.8087,2.8102,2.8087,2.8097,2.8137,2.8152,2.8137,2.8147,6
2026-04-20 16:51:00,2.8102,2.8252,2.8102,2.8197,2.8152,2.8302,2.8152,2.8247,121
2026-04-20 16:52:00,2.8202,2.8227,2.8192,2.8227,2.8252,2.8277,2.8242,2.8277,41
2026-04-20 16:53:00,2.8222,2.8252,2.8212,2.8252,2.8272,2.8302,2.8262,2.8302,27
2026-04-20 16:54:00,2.8257,2.8262,2.8222,2.8252,2.8307,2.8312,2.8272,2.8302,41
2026-04-20 16:55:00,2.8257,2.8272,2.8242,2.8252,2.8307,2.8322,2.8292,2.8302,34
2026-04-20 16:56:00,2.8242,2.8252,2.8232,2.8232,2.8292,2.8302,2.8282,2.8282,15
2026-04-20 16:57:00,2.8227,2.8232,2.8207,2.8217,2.8277,2.8282,2.8257,2.8267,21
2026-04-20 16:58:00,2.8212,2.8247,2.8212,2.8247,2.8262,2.8297,2.8262,2.8297,19
2026-04-20 16:59:00,2.8252,2.8292,2.8242,2.8282,2.8302,2.8342,2.8292,2.8332,51
2026-04-20 17:00:00,2.8277,2.8287,2.8242,2.8272,2.8327,2.8337,2.8292,2.8322,35
2026-04-20 17:01:00,2.8277,2.8292,2.8272,2.8272,2.8327,2.8342,2.8322,2.8322,12
2026-04-20 17:02:00,2.8277,2.8322,2.8262,2.8307,2.8327,2.8372,2.8312,2.8357,22
2026-04-20 17:03:00,2.8317,2.8322,2.8302,2.8302,2.8367,2.8372,2.8352,2.8352,19
2026-04-20 17:04:00,2.8297,2.8302,2.8272,2.8292,2.8347,2.8352,2.8322,2.8342,17
2026-04-20 17:05:00,2.8287,2.8302,2.8282,2.8292,2.8337,2.8352,2.8332,2.8342,21
2026-04-20 17:06:00,2.8297,2.8297,2.8272,2.8277,2.8347,2.8347,2.8322,2.8327,27
2026-04-20 17:07:00,2.8272,2.8282,2.8272,2.8282,2.8322,2.8332,2.8322,2.8332,10
2026-04-20 17:08:00,2.8277,2.8292,2.8272,2.8292,2.8327,2.8342,2.8322,2.8342,8
2026-04-20 17:09:00,2.8302,2.8322,2.8302,2.8322,2.8352,2.8372,2.8352,2.8372,15
2026-04-20 17:10:00,2.8332,2.8332,2.8312,2.8327,2.8382,2.8382,2.8362,2.8377,17
2026-04-20 17:11:00,2.8322,2.8342,2.8322,2.8342,2.8372,2.8392,2.8372,2.8392,35
2026-04-20 17:12:00,2.8347,2.8362,2.8347,2.8352,2.8397,2.8412,2.8397,2.8402,23
2026-04-20 17:13:00,2.8342,2.8372,2.8342,2.8372,2.8392,2.8422,2.8392,2.8422,11
2026-04-20 17:14:00,2.8362,2.8372,2.8312,2.8322,2.8412,2.8422,2.8362,2.8372,13
2026-04-20 17:15:00,2.8332,2.8342,2.8322,2.8337,2.8382,2.8392,2.8372,2.8387,25
2026-04-20 17:16:00,2.8332,2.8332,2.8322,2.8332,2.8382,2.8382,2.8372,2.8382,12
2026-04-20 17:17:00,2.8327,2.8332,2.8322,2.8327,2.8377,2.8382,2.8372,2.8377,5
2026-04-20 17:18:00,2.8332,2.8332,2.8322,2.8332,2.8382,2.8382,2.8372,2.8382,6
2026-04-20 17:19:00,2.8342,2.8357,2.8342,2.8352,2.8392,2.8407,2.8392,2.8402,10
2026-04-20 17:20:00,2.8347,2.8357,2.8322,2.8357,2.8397,2.8407,2.8372,2.8407,14
2026-04-20 17:21:00,2.8352,2.8357,2.8292,2.8322,2.8402,2.8407,2.8342,2.8372,71
2026-04-20 17:22:00,2.8312,2.8332,2.8277,2.8277,2.8362,2.8382,2.8327,2.8327,54
2026-04-20 17:23:00,2.8287,2.8302,2.8242,2.8247,2.8337,2.8352,2.8292,2.8297,32
2026-04-20 17:24:00,2.8237,2.8262,2.8227,2.8252,2.8287,2.8312,2.8277,2.8302,29
2026-04-20 17:25:00,2.8242,2.8287,2.8242,2.8252,2.8292,2.8337,2.8292,2.8302,31
2026-04-20 17:26:00,2.8262,2.8262,2.8212,2.8212,2.8312,2.8312,2.8262,2.8262,39
2026-04-20 17:27:00,2.8222,2.8252,2.8212,2.8252,2.8272,2.8302,2.8262,2.8302,13
2026-04-20 17:28:00,2.8262,2.8272,2.8252,2.8262,2.8312,2.8322,2.8302,2.8312,24
2026-04-20 17:29:00,2.8272,2.8277,2.8232,2.8232,2.8322,2.8327,2.8282,2.8282,23
2026-04-20 17:30:00,2.8222,2.8272,2.8222,2.8267,2.8272,2.8322,2.8272,2.8317,45
2026-04-20 17:31:00,2.8272,2.8282,2.8252,2.8252,2.8322,2.8332,2.8302,2.8302,25
2026-04-20 17:32:00,2.8257,2.8262,2.8232,2.8242,2.8307,2.8312,2.8282,2.8292,25
2026-04-20 17:33:00,2.8252,2.8252,2.8232,2.8242,2.8302,2.8302,2.8282,2.8292,23
2026-04-20 17:34:00,2.8252,2.8272,2.8242,2.8252,2.8302,2.8322,2.8292,2.8302,32
2026-04-20 17:35:00,2.8257,2.8282,2.8257,2.8262,2.8307,2.8332,2.8307,2.8312,31
2026-04-20 17:36:00,2.8272,2.8327,2.8272,2.8312,2.8322,2.8377,2.8322,2.8362,26
2026-04-20 17:37:00,2.8317,2.8332,2.8317,2.8327,2.8367,2.8382,2.8367,2.8377,13
2026-04-20 17:38:00,2.8332,2.8342,2.8322,2.8332,2.8382,2.8392,2.8372,2.8382,16
2026-04-20 17:39:00,2.8327,2.8332,2.8322,2.8327,2.8377,2.8382,2.8372,2.8377,8
2026-04-20 17:40:00,2.8332,2.8352,2.8332,2.8342,2.8382,2.8402,2.8382,2.8392,14
2026-04-20 17:41:00,2.8332,2.8342,2.8332,2.8342,2.8382,2.8392,2.8382,2.8392,11
2026-04-20 17:42:00,2.8332,2.8342,2.8332,2.8332,2.8382,2.8392,2.8382,2.8382,12
2026-04-20 17:43:00,2.8337,2.8342,2.8312,2.8312,2.8387,2.8392,2.8362,2.8362,12
2026-04-20 17:44:00,2.8322,2.8332,2.8322,2.8332,2.8372,2.8382,2.8372,2.8382,15
2026-04-20 17:45:00,2.8342,2.8392,2.8342,2.8382,2.8392,2.8442,2.8392,2.8432,51
2026-04-20 17:46:00,2.8372,2.8372,2.8362,2.8367,2.8422,2.8422,2.8412,2.8417,11
2026-04-20 17:47:00,2.8372,2.8382,2.8362,2.8377,2.8422,2.8432,2.8412,2.8427,22
2026-04-20 17:48:00,2.8372,2.8392,2.8322,2.8332,2.8422,2.8442,2.8372,2.8382,28
2026-04-20 17:49:00,2.8322,2.8332,2.8322,2.8327,2.8372,2.8382,2.8372,2.8377,9
2026-04-20 17:50:00,2.8322,2.8362,2.8322,2.8362,2.8372,2.8412,2.8372,2.8412,6
2026-04-20 17:51:00,2.8372,2.8372,2.8362,2.8362,2.8422,2.8422,2.8412,2.8412,11
2026-04-20 17:52:00,2.8372,2.8387,2.8362,2.8382,2.8422,2.8437,2.8412,2.8432,13
2026-04-20 17:53:00,2.8387,2.8437,2.8377,2.8432,2.8437,2.8487,2.8427,2.8482,31
2026-04-20 17:54:00,2.8437,2.8492,2.8432,2.8487,2.8487,2.8542,2.8482,2.8537,41
2026-04-20 17:55:00,2.8482,2.8482,2.8462,2.8462,2.8532,2.8532,2.8512,2.8512,6
2026-04-20 17:56:00,2.8457,2.8462,2.8442,2.8442,2.8507,2.8512,2.8492,2.8492,23
2026-04-20 17:57:00,2.8447,2.8462,2.8442,2.8452,2.8497,2.8512,2.8492,2.8502,28
2026-04-20 17:58:00,2.8442,2.8452,2.8442,2.8452,2.8492,2.8502,2.8492,2.8502,24
2026-04-20 17:59:00,2.8462,2.8462,2.8432,2.8437,2.8512,2.8512,2.8482,2.8487,10
2026-04-20 18:00:00,2.8442,2.8442,2.8422,2.8422,2.8492,2.8492,2.8472,2.8472,33
2026-04-20 18:01:00,2.8432,2.8432,2.8422,2.8422,2.8482,2.8482,2.8472,2.8472,4
2026-04-20 18:02:00,2.8412,2.8422,2.8412,2.8422,2.8462,2.8472,2.8462,2.8472,7
2026-04-20 18:03:00,2.8427,2.8432,2.8382,2.8382,2.8477,2.8482,2.8432,2.8432,10
2026-04-20 18:04:00,2.8377,2.8392,2.8377,2.8382,2.8427,2.8442,2.8427,2.8432,9
2026-04-20 18:05:00,2.8387,2.8397,2.8372,2.8372,2.8437,2.8447,2.8422,2.8422,15
2026-04-20 18:06:00,2.8367,2.8392,2.8362,2.8387,2.8417,2.8442,2.8412,2.8437,18
2026-04-20 18:07:00,2.8382,2.8392,2.8382,2.8392,2.8432,2.8442,2.8432,2.8442,3
2026-04-20 18:08:00,2.8382,2.8387,2.8372,2.8382,2.8432,2.8437,2.8422,2.8432,12
2026-04-20 18:09:00,2.8392,2.8392,2.8392,2.8392,2.8442,2.8442,2.8442,2.8442,1
2026-04-20 18:10:00,2.8382,2.8392,2.8382,2.8382,2.8432,2.8442,2.8432,2.8432,3
2026-04-20 18:11:00,2.8387,2.8392,2.8372,2.8372,2.8437,2.8442,2.8422,2.8422,16
2026-04-20 18:12:00,2.8377,2.8382,2.8372,2.8372,2.8427,2.8432,2.8422,2.8422,5
2026-04-20 18:13:00,2.8377,2.8392,2.8377,2.8392,2.8427,2.8442,2.8427,2.8442,5
2026-04-20 18:14:00,2.8382,2.8402,2.8382,2.8402,2.8432,2.8452,2.8432,2.8452,5
2026-04-20 18:15:00,2.8397,2.8402,2.8392,2.8392,2.8447,2.8452,2.8442,2.8442,12
2026-04-20 18:16:00,2.8397,2.8412,2.8392,2.8392,2.8447,2.8462,2.8442,2.8442,9
2026-04-20 18:17:00,2.8387,2.8402,2.8387,2.8392,2.8437,2.8452,2.8437,2.8442,14
2026-04-20 18:19:00,2.8387,2.8387,2.8382,2.8382,2.8437,2.8437,2.8432,2.8432,2
2026-04-20 18:20:00,2.8387,2.8387,2.8352,2.8362,2.8437,2.8437,2.8402,2.8412,12
2026-04-20 18:21:00,2.8367,2.8372,2.8362,2.8372,2.8417,2.8422,2.8412,2.8422,5
2026-04-20 18:22:00,2.8377,2.8387,2.8377,2.8382,2.8427,2.8437,2.8427,2.8432,4
2026-04-20 18:23:00,2.8377,2.8382,2.8372,2.8372,2.8427,2.8432,2.8422,2.8422,4
2026-04-20 18:24:00,2.8382,2.8382,2.8382,2.8382,2.8432,2.8432,2.8432,2.8432,1
2026-04-20 18:25:00,2.8377,2.8392,2.8372,2.8387,2.8427,2.8442,2.8422,2.8437,8
2026-04-20 18:26:00,2.8392,2.8397,2.8392,2.8392,2.8442,2.8447,2.8442,2.8442,5
2026-04-20 18:28:00,2.8397,2.8402,2.8392,2.8392,2.8447,2.8452,2.8442,2.8442,8
2026-04-20 18:29:00,2.8402,2.8402,2.8392,2.8392,2.8452,2.8452,2.8442,2.8442,6
2026-04-20 18:30:00,2.8397,2.8412,2.8392,2.8412,2.8447,2.8462,2.8442,2.8462,25
2026-04-20 18:31:00,2.8417,2.8422,2.8402,2.8412,2.8467,2.8472,2.8452,2.8462,18
2026-04-20 18:32:00,2.8417,2.8422,2.8412,2.8412,2.8467,2.8472,2.8462,2.8462,10
2026-04-20 18:33:00,2.8402,2.8417,2.8402,2.8412,2.8452,2.8467,2.8452,2.8462,4
2026-04-20 18:34:00,2.8417,2.8427,2.8412,2.8422,2.8467,2.8477,2.8462,2.8472,5
2026-04-20 18:35:00,2.8432,2.8432,2.8422,2.8422,2.8482,2.8482,2.8472,2.8472,12
2026-04-20 18:36:00,2.8427,2.8442,2.8412,2.8437,2.8477,2.8492,2.8462,2.8487,14
2026-04-20 18:37:00,2.8442,2.8442,2.8422,2.8422,2.8492,2.8492,2.8472,2.8472,17
2026-04-20 18:38:00,2.8417,2.8417,2.8412,2.8412,2.8467,2.8467,2.8462,2.8462,2
2026-04-20 18:39:00,2.8407,2.8432,2.8407,2.8412,2.8457,2.8482,2.8457,2.8462,8
2026-04-20 18:40:00,2.8417,2.8432,2.8417,2.8427,2.8467,2.8482,2.8467,2.8477,13
2026-04-20 18:41:00,2.8432,2.8432,2.8412,2.8412,2.8482,2.8482,2.8462,2.8462,11
2026-04-20 18:42:00,2.8422,2.8422,2.8392,2.8407,2.8472,2.8472,2.8442,2.8457,20
2026-04-20 18:43:00,2.8402,2.8412,2.8402,2.8402,2.8452,2.8462,2.8452,2.8452,22
2026-04-20 18:44:00,2.8407,2.8412,2.8402,2.8412,2.8457,2.8462,2.8452,2.8462,9
2026-04-20 18:45:00,2.8407,2.8407,2.8402,2.8402,2.8457,2.8457,2.8452,2.8452,2
2026-04-20 18:46:00,2.8407,2.8412,2.8407,2.8412,2.8457,2.8462,2.8457,2.8462,2
2026-04-20 18:47:00,2.8417,2.8417,2.8402,2.8402,2.8467,2.8467,2.8452,2.8452,5
2026-04-20 18:48:00,2.8392,2.8392,2.8362,2.8362,2.8442,2.8442,2.8412,2.8412,15
2026-04-20 18:49:00,2.8372,2.8372,2.8352,2.8362,2.8422,2.8422,2.8402,2.8412,11
2026-04-20 18:50:00,2.8357,2.8372,2.8357,2.8372,2.8407,2.8422,2.8407,2.8422,14
2026-04-20 18:51:00,2.8367,2.8372,2.8352,2.8362,2.8417,2.8422,2.8402,2.8412,18
2026-04-20 18:52:00,2.8357,2.8367,2.8342,2.8352,2.8407,2.8417,2.8392,2.8402,13
2026-04-20 18:53:00,2.8347,2.8352,2.8342,2.8352,2.8397,2.8402,2.8392,2.8402,4
2026-04-20 18:54:00,2.8347,2.8362,2.8332,2.8342,2.8397,2.8412,2.8382,2.8392,10
2026-04-20 18:55:00,2.8352,2.8362,2.8342,2.8352,2.8402,2.8412,2.8392,2.8402,18
2026-04-20 18:57:00,2.8357,2.8357,2.8357,2.8357,2.8407,2.8407,2.8407,2.8407,1
2026-04-20 18:58:00,2.8352,2.8362,2.8292,2.8302,2.8402,2.8412,2.8342,2.8352,19
2026-04-20 18:59:00,2.8307,2.8307,2.8292,2.8302,2.8357,2.8357,2.8342,2.8352,8
2026-04-20 19:00:00,2.8297,2.8302,2.8272,2.8302,2.8347,2.8352,2.8322,2.8352,18
2026-04-20 19:01:00,2.8292,2.8302,2.8277,2.8277,2.8342,2.8352,2.8327,2.8327,13
2026-04-20 19:02:00,2.8272,2.8282,2.8232,2.8247,2.8322,2.8332,2.8282,2.8297,35
2026-04-20 19:03:00,2.8252,2.8272,2.8222,2.8237,2.8302,2.8322,2.8272,2.8287,24
2026-04-20 19:04:00,2.8232,2.8242,2.8222,2.8242,2.8282,2.8292,2.8272,2.8292,15
2026-04-20 19:05:00,2.8252,2.8262,2.8242,2.8252,2.8302,2.8312,2.8292,2.8302,11
2026-04-20 19:06:00,2.8242,2.8262,2.8242,2.8252,2.8292,2.8312,2.8292,2.8302,10
2026-04-20 19:07:00,2.8247,2.8272,2.8247,2.8262,2.8297,2.8322,2.8297,2.8312,9
2026-04-20 19:08:00,2.8267,2.8272,2.8252,2.8262,2.8317,2.8322,2.8302,2.8312,16
2026-04-20 19:09:00,2.8267,2.8272,2.8262,2.8272,2.8317,2.8322,2.8312,2.8322,11
2026-04-20 19:10:00,2.8277,2.8292,2.8272,2.8282,2.8327,2.8342,2.8322,2.8332,10
2026-04-20 19:11:00,2.8287,2.8292,2.8282,2.8282,2.8337,2.8342,2.8332,2.8332,7
2026-04-20 19:12:00,2.8287,2.8312,2.8287,2.8312,2.8337,2.8362,2.8337,2.8362,4
2026-04-20 19:13:00,2.8307,2.8312,2.8297,2.8302,2.8357,2.8362,2.8347,2.8352,8
2026-04-20 19:14:00,2.8292,2.8302,2.8292,2.8302,2.8342,2.8352,2.8342,2.8352,2
2026-04-20 19:15:00,2.8307,2.8317,2.8302,2.8312,2.8357,2.8367,2.8352,2.8362,10
2026-04-20 19:16:00,2.8317,2.8322,2.8312,2.8322,2.8367,2.8372,2.8362,2.8372,17
2026-04-20 19:17:00,2.8327,2.8332,2.8312,2.8312,2.8377,2.8382,2.8362,2.8362,6
2026-04-20 19:18:00,2.8317,2.8332,2.8317,2.8327,2.8367,2.8382,2.8367,2.8377,5
2026-04-20 19:19:00,2.8322,2.8332,2.8322,2.8327,2.8372,2.8382,2.8372,2.8377,9
2026-04-20 19:20:00,2.8322,2.8332,2.8302,2.8307,2.8372,2.8382,2.8352,2.8357,8
2026-04-20 19:21:00,2.8312,2.8327,2.8312,2.8322,2.8362,2.8377,2.8362,2.8372,6
2026-04-20 19:22:00,2.8312,2.8322,2.8312,2.8322,2.8362,2.8372,2.8362,2.8372,5
2026-04-20 19:23:00,2.8317,2.8322,2.8312,2.8312,2.8367,2.8372,2.8362,2.8362,7
2026-04-20 19:24:00,2.8322,2.8322,2.8322,2.8322,2.8372,2.8372,2.8372,2.8372,1
2026-04-20 19:25:00,2.8312,2.8312,2.8312,2.8312,2.8362,2.8362,2.8362,2.8362,1
2026-04-20 19:26:00,2.8302,2.8312,2.8282,2.8282,2.8352,2.8362,2.8332,2.8332,13
2026-04-20 19:27:00,2.8277,2.8302,2.8272,2.8292,2.8327,2.8352,2.8322,2.8342,12
2026-04-20 19:28:00,2.8297,2.8312,2.8292,2.8292,2.8347,2.8362,2.8342,2.8342,6
2026-04-20 19:29:00,2.8297,2.8297,2.8292,2.8292,2.8347,2.8347,2.8342,2.8342,2
2026-04-20 19:30:00,2.8287,2.8292,2.8282,2.8292,2.8337,2.8342,2.8332,2.8342,6
2026-04-20 19:31:00,2.8282,2.8302,2.8282,2.8287,2.8332,2.8352,2.8332,2.8337,12
2026-04-20 19:32:00,2.8292,2.8292,2.8282,2.8292,2.8342,2.8342,2.8332,2.8342,15
2026-04-20 19:33:00,2.8297,2.8302,2.8292,2.8292,2.8347,2.8352,2.8342,2.8342,12
2026-04-20 19:34:00,2.8297,2.8332,2.8297,2.8322,2.8347,2.8382,2.8347,2.8372,9
2026-04-20 19:35:00,2.8332,2.8332,2.8292,2.8322,2.8382,2.8382,2.8342,2.8372,31
2026-04-20 19:36:00,2.8327,2.8327,2.8307,2.8312,2.8377,2.8377,2.8357,2.8362,26
2026-04-20 19:37:00,2.8307,2.8322,2.8302,2.8312,2.8357,2.8372,2.8352,2.8362,14
2026-04-20 19:38:00,2.8302,2.8307,2.8292,2.8302,2.8352,2.8357,2.8342,2.8352,13
2026-04-20 19:39:00,2.8297,2.8312,2.8287,2.8297,2.8347,2.8362,2.8337,2.8347,25
2026-04-20 19:40:00,2.8302,2.8302,2.8272,2.8287,2.8352,2.8352,2.8322,2.8337,14
2026-04-20 19:41:00,2.8292,2.8292,2.8277,2.8277,2.8342,2.8342,2.8327,2.8327,11
2026-04-20 19:42:00,2.8272,2.8282,2.8272,2.8282,2.8322,2.8332,2.8322,2.8332,3
2026-04-20 19:43:00,2.8277,2.8282,2.8272,2.8272,2.8327,2.8332,2.8322,2.8322,15
2026-04-20 19:44:00,2.8277,2.8277,2.8262,2.8262,2.8327,2.8327,2.8312,2.8312,12
2026-04-20 19:45:00,2.8257,2.8262,2.8252,2.8262,2.8307,2.8312,2.8302,2.8312,7
2026-04-20 19:46:00,2.8257,2.8267,2.8252,2.8262,2.8307,2.8317,2.8302,2.8312,10
2026-04-20 19:47:00,2.8252,2.8262,2.8252,2.8262,2.8302,2.8312,2.8302,2.8312,8
2026-04-20 19:48:00,2.8252,2.8252,2.8247,2.8247,2.8302,2.8302,2.8297,2.8297,2
2026-04-20 19:49:00,2.8242,2.8252,2.8232,2.8252,2.8292,2.8302,2.8282,2.8302,9
2026-04-20 19:50:00,2.8242,2.8247,2.8232,2.8232,2.8292,2.8297,2.8282,2.8282,9
2026-04-20 19:51:00,2.8242,2.8242,2.8232,2.8242,2.8292,2.8292,2.8282,2.8292,5
2026-04-20 19:52:00,2.8252,2.8252,2.8232,2.8232,2.8302,2.8302,2.8282,2.8282,10
2026-04-20 19:53:00,2.8242,2.8242,2.8232,2.8232,2.8292,2.8292,2.8282,2.8282,7
2026-04-20 19:54:00,2.8222,2.8232,2.8222,2.8232,2.8272,2.8282,2.8272,2.8282,5
2026-04-20 19:55:00,2.8222,2.8232,2.8212,2.8232,2.8272,2.8282,2.8262,2.8282,7
2026-04-20 19:56:00,2.8242,2.8252,2.8232,2.8252,2.8292,2.8302,2.8282,2.8302,19
2026-04-20 19:57:00,2.8262,2.8262,2.8262,2.8262,2.8312,2.8312,2.8312,2.8312,1
2026-04-20 19:58:00,2.8257,2.8272,2.8257,2.8272,2.8307,2.8322,2.8307,2.8322,6
2026-04-20 19:59:00,2.8267,2.8272,2.8257,2.8257,2.8317,2.8322,2.8307,2.8307,4
2026-04-20 20:00:00,2.8252,2.8252,2.8242,2.8242,2.8302,2.8302,2.8292,2.8292,2
2026-04-20 20:01:00,2.8252,2.8252,2.8232,2.8242,2.8302,2.8302,2.8282,2.8292,8
2026-04-20 20:02:00,2.8237,2.8247,2.8232,2.8242,2.8287,2.8297,2.8282,2.8292,9
2026-04-20 20:03:00,2.8237,2.8242,2.8237,2.8242,2.8287,2.8292,2.8287,2.8292,2
2026-04-20 20:04:00,2.8237,2.8242,2.8232,2.8242,2.8287,2.8292,2.8282,2.8292,5
2026-04-20 20:05:00,2.8252,2.8252,2.8242,2.8252,2.8302,2.8302,2.8292,2.8302,10
2026-04-20 20:06:00,2.8247,2.8272,2.8242,2.8262,2.8297,2.8322,2.8292,2.8312,6
2026-04-20 20:07:00,2.8272,2.8282,2.8272,2.8282,2.8322,2.8332,2.8322,2.8332,8
2026-04-20 20:08:00,2.8292,2.8302,2.8277,2.8302,2.8342,2.8352,2.8327,2.8352,10
2026-04-20 20:09:00,2.8292,2.8297,2.8282,2.8282,2.8342,2.8347,2.8332,2.8332,13
2026-04-20 20:10:00,2.8292,2.8312,2.8292,2.8302,2.8342,2.8362,2.8342,2.8352,9
2026-04-20 20:11:00,2.8297,2.8322,2.8292,2.8312,2.8347,2.8372,2.8342,2.8362,20
2026-04-20 20:12:00,2.8317,2.8322,2.8317,2.8322,2.8367,2.8372,2.8367,2.8372,4
2026-04-20 20:13:00,2.8312,2.8322,2.8302,2.8312,2.8362,2.8372,2.8352,2.8362,7
2026-04-20 20:14:00,2.8307,2.8322,2.8292,2.8292,2.8357,2.8372,2.8342,2.8342,21
2026-04-20 20:15:00,2.8297,2.8342,2.8297,2.8342,2.8347,2.8392,2.8347,2.8392,13
2026-04-20 20:16:00,2.8352,2.8352,2.8342,2.8352,2.8402,2.8402,2.8392,2.8402,5
2026-04-20 20:17:00,2.8362,2.8372,2.8352,2.8362,2.8412,2.8422,2.8402,2.8412,14
2026-04-20 20:18:00,2.8352,2.8362,2.8347,2.8352,2.8402,2.8412,2.8397,2.8402,9
2026-04-20 20:19:00,2.8342,2.8352,2.8312,2.8317,2.8392,2.8402,2.8362,2.8367,13
2026-04-20 20:20:00,2.8312,2.8312,2.8297,2.8307,2.8362,2.8362,2.8347,2.8357,11
2026-04-20 20:21:00,2.8312,2.8332,2.8302,2.8332,2.8362,2.8382,2.8352,2.8382,7
2026-04-20 20:22:00,2.8342,2.8342,2.8312,2.8322,2.8392,2.8392,2.8362,2.8372,13
2026-04-20 20:23:00,2.8312,2.8312,2.8292,2.8292,2.8362,2.8362,2.8342,2.8342,9
2026-04-20 20:24:00,2.8297,2.8302,2.8262,2.8262,2.8347,2.8352,2.8312,2.8312,12
2026-04-20 20:25:00,2.8267,2.8272,2.8232,2.8242,2.8317,2.8322,2.8282,2.8292,16
2026-04-20 20:26:00,2.8247,2.8252,2.8242,2.8242,2.8297,2.8302,2.8292,2.8292,10
2026-04-20 20:27:00,2.8237,2.8237,2.8192,2.8207,2.8287,2.8287,2.8242,2.8257,13
2026-04-20 20:28:00,2.8212,2.8242,2.8162,2.8167,2.8262,2.8292,2.8212,2.8217,111
2026-04-20 20:29:00,2.8172,2.8182,2.8152,2.8167,2.8222,2.8232,2.8202,2.8217,68
2026-04-20 20:30:00,2.8182,2.8207,2.8172,2.8192,2.8232,2.8257,2.8222,2.8242,34
2026-04-20 20:31:00,2.8182,2.8187,2.8162,2.8172,2.8232,2.8237,2.8212,2.8222,14
2026-04-20 20:32:00,2.8182,2.8192,2.8182,2.8192,2.8232,2.8242,2.8232,2.8242,2
2026-04-20 20:33:00,2.8187,2.8192,2.8172,2.8182,2.8237,2.8242,2.8222,2.8232,14
2026-04-20 20:34:00,2.8177,2.8192,2.8172,2.8177,2.8227,2.8242,2.8222,2.8227,24
2026-04-20 20:35:00,2.8162,2.8172,2.8162,2.8172,2.8212,2.8222,2.8212,2.8222,2
2026-04-20 20:36:00,2.8167,2.8182,2.8167,2.8177,2.8217,2.8232,2.8217,2.8227,17
2026-04-20 20:37:00,2.8182,2.8182,2.8172,2.8172,2.8232,2.8232,2.8222,2.8222,2
2026-04-20 20:38:00,2.8162,2.8172,2.8162,2.8167,2.8212,2.8222,2.8212,2.8217,7
2026-04-20 20:39:00,2.8172,2.8172,2.8157,2.8162,2.8222,2.8222,2.8207,2.8212,6
2026-04-20 20:40:00,2.8152,2.8162,2.8132,2.8142,2.8202,2.8212,2.8182,2.8192,14
2026-04-20 20:41:00,2.8137,2.8142,2.8122,2.8122,2.8187,2.8192,2.8172,2.8172,7
2026-04-20 20:42:00,2.8112,2.8122,2.8112,2.8112,2.8162,2.8172,2.8162,2.8162,3
2026-04-20 20:43:00,2.8102,2.8112,2.8102,2.8102,2.8152,2.8162,2.8152,2.8152,7
2026-04-20 20:44:00,2.8097,2.8112,2.8097,2.8107,2.8147,2.8162,2.8147,2.8157,35
2026-04-20 20:45:00,2.8102,2.8132,2.8102,2.8122,2.8152,2.8182,2.8152,2.8172,16
2026-04-20 20:46:00,2.8127,2.8132,2.8102,2.8122,2.8177,2.8182,2.8152,2.8172,13
2026-04-20 20:47:00,2.8112,2.8132,2.8112,2.8132,2.8162,2.8182,2.8162,2.8182,3
2026-04-20 20:48:00,2.8127,2.8127,2.8117,2.8122,2.8177,2.8177,2.8167,2.8172,4
2026-04-20 20:49:00,2.8127,2.8132,2.8122,2.8132,2.8177,2.8182,2.8172,2.8182,7
2026-04-20 20:50:00,2.8127,2.8142,2.8122,2.8132,2.8177,2.8192,2.8172,2.8182,7
2026-04-20 20:51:00,2.8137,2.8147,2.8122,2.8122,2.8187,2.8197,2.8172,2.8172,7
2026-04-20 20:52:00,2.8132,2.8132,2.8112,2.8117,2.8182,2.8182,2.8162,2.8167,8
2026-04-20 20:53:00,2.8122,2.8132,2.8112,2.8132,2.8172,2.8182,2.8162,2.8182,4
2026-04-20 20:54:00,2.8127,2.8132,2.8122,2.8127,2.8177,2.8182,2.8172,2.8177,11
2026-04-20 20:55:00,2.8132,2.8132,2.8112,2.8112,2.8182,2.8182,2.8162,2.8162,7
2026-04-20 20:56:00,2.8107,2.8112,2.8102,2.8112,2.8157,2.8162,2.8152,2.8162,5
2026-04-20 20:57:00,2.8107,2.8117,2.8107,2.8112,2.8157,2.8167,2.8157,2.8162,4
2026-04-20 20:58:00,2.8122,2.8127,2.8122,2.8122,2.8172,2.8177,2.8172,2.8172,3
2026-04-20 20:59:00,2.8132,2.8132,2.8132,2.8132,2.8182,2.8182,2.8182,2.8182,1
2026-04-20 21:00:00,2.8137,2.8142,2.8132,2.8132,2.8187,2.8192,2.8182,2.8182,5
2026-04-20 21:01:00,2.8127,2.8127,2.8107,2.8107,2.8177,2.8177,2.8157,2.8157,8
2026-04-20 21:02:00,2.8102,2.8102,2.8092,2.8092,2.8152,2.8152,2.8142,2.8142,3
2026-04-20 21:03:00,2.8102,2.8102,2.8097,2.8097,2.8152,2.8152,2.8147,2.8147,2
2026-04-20 21:04:00,2.8092,2.8112,2.8092,2.8112,2.8142,2.8162,2.8142,2.8162,14
2026-04-20 21:05:00,2.8107,2.8122,2.8102,2.8122,2.8157,2.8172,2.8152,2.8172,6
2026-04-20 21:06:00,2.8117,2.8132,2.8117,2.8122,2.8167,2.8182,2.8167,2.8172,4
2026-04-20 21:07:00,2.8132,2.8132,2.8127,2.8127,2.8182,2.8182,2.8177,2.8177,4
2026-04-20 21:08:00,2.8132,2.8132,2.8122,2.8122,2.8182,2.8182,2.8172,2.8172,3
2026-04-20 21:10:00,2.8112,2.8122,2.8107,2.8112,2.8162,2.8172,2.8157,2.8162,7
2026-04-20 21:11:00,2.8107,2.8107,2.8107,2.8107,2.8157,2.8157,2.8157,2.8157,1
2026-04-20 21:12:00,2.8112,2.8112,2.8102,2.8102,2.8162,2.8162,2.8152,2.8152,4
2026-04-20 21:13:00,2.8097,2.8102,2.8092,2.8102,2.8147,2.8152,2.8142,2.8152,14
2026-04-20 21:14:00,2.8097,2.8102,2.8092,2.8097,2.8147,2.8152,2.8142,2.8147,8
2026-04-20 21:15:00,2.8092,2.8102,2.8092,2.8102,2.8142,2.8152,2.8142,2.8152,2
2026-04-20 21:16:00,2.8097,2.8102,2.8097,2.8102,2.8147,2.8152,2.8147,2.8152,6
2026-04-20 21:17:00,2.8097,2.8122,2.8097,2.8112,2.8147,2.8172,2.8147,2.8162,8
2026-04-20 21:20:00,2.8107,2.8122,2.8107,2.8112,2.8157,2.8172,2.8157,2.8162,5
2026-04-20 21:21:00,2.8102,2.8112,2.8102,2.8102,2.8152,2.8162,2.8152,2.8152,5
2026-04-20 21:22:00,2.8112,2.8112,2.8102,2.8102,2.8162,2.8162,2.8152,2.8152,9
2026-04-20 21:23:00,2.8097,2.8097,2.8092,2.8092,2.8147,2.8147,2.8142,2.8142,2
2026-04-20 21:24:00,2.8102,2.8102,2.8092,2.8102,2.8152,2.8152,2.8142,2.8152,3
2026-04-20 21:25:00,2.8107,2.8112,2.8102,2.8102,2.8157,2.8162,2.8152,2.8152,4
2026-04-20 21:27:00,2.8092,2.8112,2.8092,2.8102,2.8142,2.8162,2.8142,2.8152,7
2026-04-20 21:28:00,2.8112,2.8112,2.8102,2.8102,2.8162,2.8162,2.8152,2.8152,3
2026-04-20 21:29:00,2.8112,2.8112,2.8102,2.8102,2.8162,2.8162,2.8152,2.8152,16
2026-04-20 21:30:00,2.8107,2.8112,2.8102,2.8102,2.8157,2.8162,2.8152,2.8152,9
2026-04-20 21:31:00,2.8097,2.8097,2.8092,2.8092,2.8147,2.8147,2.8142,2.8142,2
2026-04-20 21:32:00,2.8102,2.8102,2.8092,2.8102,2.8152,2.8152,2.8142,2.8152,4
2026-04-20 21:34:00,2.8107,2.8112,2.8092,2.8107,2.8157,2.8162,2.8142,2.8157,9
2026-04-20 21:35:00,2.8112,2.8122,2.8107,2.8112,2.8162,2.8172,2.8157,2.8162,9
2026-04-20 21:36:00,2.8102,2.8112,2.8102,2.8112,2.8152,2.8162,2.8152,2.8162,2
2026-04-20 21:37:00,2.8117,2.8127,2.8117,2.8127,2.8167,2.8177,2.8167,2.8177,5
2026-04-20 21:38:00,2.8132,2.8132,2.8127,2.8132,2.8182,2.8182,2.8177,2.8182,3
2026-04-20 21:40:00,2.8127,2.8132,2.8127,2.8132,2.8177,2.8182,2.8177,2.8182,2
2026-04-20 21:41:00,2.8127,2.8127,2.8122,2.8122,2.8177,2.8177,2.8172,2.8172,2
2026-04-20 21:42:00,2.8117,2.8122,2.8112,2.8117,2.8167,2.8172,2.8162,2.8167,7
2026-04-20 21:43:00,2.8112,2.8122,2.8112,2.8122,2.8162,2.8172,2.8162,2.8172,2
2026-04-20 21:44:00,2.8117,2.8122,2.8117,2.8122,2.8167,2.8172,2.8167,2.8172,2
2026-04-20 21:46:00,2.8112,2.8112,2.8112,2.8112,2.8162,2.8162,2.8162,2.8162,1
2026-04-20 21:47:00,2.8122,2.8122,2.8112,2.8112,2.8172,2.8172,2.8162,2.8162,3
2026-04-20 21:49:00,2.8117,2.8122,2.8102,2.8112,2.8167,2.8172,2.8152,2.8162,8
2026-04-20 21:50:00,2.8107,2.8122,2.8107,2.8117,2.8157,2.8172,2.8157,2.8167,5
2026-04-20 21:51:00,2.8112,2.8122,2.8112,2.8117,2.8162,2.8172,2.8162,2.8167,7
2026-04-20 21:52:00,2.8127,2.8127,2.8112,2.8122,2.8177,2.8177,2.8162,2.8172,5
2026-04-20 21:53:00,2.8127,2.8127,2.8102,2.8102,2.8177,2.8177,2.8152,2.8152,4
2026-04-20 21:54:00,2.8112,2.8112,2.8102,2.8112,2.8162,2.8162,2.8152,2.8162,6
2026-04-20 21:55:00,2.8117,2.8122,2.8112,2.8122,2.8167,2.8172,2.8162,2.8172,9
2026-04-20 21:56:00,2.8132,2.8132,2.8117,2.8122,2.8182,2.8182,2.8167,2.8172,15
2026-04-20 21:57:00,2.8117,2.8122,2.8112,2.8117,2.8167,2.8172,2.8162,2.8167,9
2026-04-20 21:58:00,2.8122,2.8142,2.8122,2.8132,2.8172,2.8192,2.8172,2.8182,4
2026-04-20 21:59:00,2.8122,2.8142,2.8122,2.8127,2.8172,2.8192,2.8172,2.8177,4
2026-04-20 22:00:00,2.8122,2.8127,2.8112,2.8112,2.8172,2.8177,2.8162,2.8162,5
2026-04-20 22:01:00,2.8102,2.8107,2.8102,2.8107,2.8152,2.8157,2.8152,2.8157,2
2026-04-20 22:02:00,2.8112,2.8112,2.8102,2.8107,2.8162,2.8162,2.8152,2.8157,5
2026-04-20 22:03:00,2.8112,2.8112,2.8102,2.8102,2.8162,2.8162,2.8152,2.8152,5
2026-04-20 22:04:00,2.8107,2.8112,2.8107,2.8107,2.8157,2.8162,2.8157,2.8157,3
2026-04-20 22:06:00,2.8112,2.8132,2.8102,2.8122,2.8162,2.8182,2.8152,2.8172,8
2026-04-20 22:07:00,2.8117,2.8122,2.8117,2.8117,2.8167,2.8172,2.8167,2.8167,3
2026-04-20 22:08:00,2.8122,2.8132,2.8112,2.8122,2.8172,2.8182,2.8162,2.8172,7
2026-04-20 22:09:00,2.8112,2.8122,2.8112,2.8117,2.8162,2.8172,2.8162,2.8167,3
2026-04-20 22:10:00,2.8122,2.8122,2.8112,2.8122,2.8172,2.8172,2.8162,2.8172,3
2026-04-20 22:12:00,2.8132,2.8132,2.8132,2.8132,2.8182,2.8182,2.8182,2.8182,1
2026-04-20 22:13:00,2.8122,2.8132,2.8122,2.8127,2.8172,2.8182,2.8172,2.8177,3
2026-04-20 22:14:00,2.8132,2.8132,2.8122,2.8122,2.8182,2.8182,2.8172,2.8172,3
2026-04-20 22:16:00,2.8132,2.8132,2.8132,2.8132,2.8182,2.8182,2.8182,2.8182,1
2026-04-20 22:18:00,2.8137,2.8137,2.8137,2.8137,2.8187,2.8187,2.8187,2.8187,1
2026-04-20 22:19:00,2.8127,2.8127,2.8127,2.8127,2.8177,2.8177,2.8177,2.8177,1
2026-04-20 22:20:00,2.8122,2.8132,2.8122,2.8132,2.8172,2.8182,2.8172,2.8182,2
2026-04-20 22:23:00,2.8112,2.8122,2.8112,2.8117,2.8162,2.8172,2.8162,2.8167,3
2026-04-20 22:26:00,2.8112,2.8112,2.8112,2.8112,2.8162,2.8162,2.8162,2.8162,1
2026-04-20 22:27:00,2.8107,2.8112,2.8107,2.8112,2.8157,2.8162,2.8157,2.8162,2
2026-04-20 22:28:00,2.8107,2.8112,2.8102,2.8107,2.8157,2.8162,2.8152,2.8157,6
2026-04-20 22:29:00,2.8102,2.8107,2.8102,2.8102,2.8152,2.8157,2.8152,2.8152,3
2026-04-20 22:30:00,2.8097,2.8107,2.8097,2.8107,2.8147,2.8157,2.8147,2.8157,2
2026-04-20 22:31:00,2.8102,2.8102,2.8092,2.8092,2.8152,2.8152,2.8142,2.8142,3
2026-04-20 22:34:00,2.8087,2.8092,2.8082,2.8082,2.8137,2.8142,2.8132,2.8132,5
2026-04-20 22:35:00,2.8072,2.8072,2.8062,2.8062,2.8122,2.8122,2.8112,2.8112,2
2026-04-20 22:36:00,2.8072,2.8082,2.8072,2.8077,2.8122,2.8132,2.8122,2.8127,10
2026-04-20 22:37:00,2.8082,2.8082,2.8082,2.8082,2.8132,2.8132,2.8132,2.8132,1
2026-04-20 22:39:00,2.8087,2.8087,2.8082,2.8082,2.8137,2.8137,2.8132,2.8132,2
2026-04-20 22:40:00,2.8087,2.8102,2.8082,2.8082,2.8137,2.8152,2.8132,2.8132,4
2026-04-20 22:41:00,2.8087,2.8087,2.8082,2.8082,2.8137,2.8137,2.8132,2.8132,8
2026-04-20 22:42:00,2.8087,2.8087,2.8082,2.8087,2.8137,2.8137,2.8132,2.8137,3
2026-04-20 22:43:00,2.8077,2.8092,2.8077,2.8087,2.8127,2.8142,2.8127,2.8137,7
2026-04-20 22:44:00,2.8082,2.8087,2.8072,2.8082,2.8132,2.8137,2.8122,2.8132,24
2026-04-20 22:45:00,2.8087,2.8087,2.8072,2.8072,2.8137,2.8137,2.8122,2.8122,14
2026-04-20 22:46:00,2.8062,2.8077,2.8062,2.8072,2.8112,2.8127,2.8112,2.8122,6
2026-04-20 22:47:00,2.8082,2.8082,2.8072,2.8077,2.8132,2.8132,2.8122,2.8127,8
2026-04-20 22:48:00,2.8072,2.8077,2.8072,2.8072,2.8122,2.8127,2.8122,2.8122,5
2026-04-20 22:49:00,2.8067,2.8072,2.8062,2.8067,2.8117,2.8122,2.8112,2.8117,5
2026-04-20 22:50:00,2.8062,2.8067,2.8052,2.8062,2.8112,2.8117,2.8102,2.8112,7
2026-04-20 22:51:00,2.8057,2.8062,2.8052,2.8062,2.8107,2.8112,2.8102,2.8112,6
2026-04-20 22:52:00,2.8067,2.8067,2.8062,2.8062,2.8117,2.8117,2.8112,2.8112,4
2026-04-20 22:53:00,2.8057,2.8067,2.8052,2.8062,2.8107,2.8117,2.8102,2.8112,7
2026-04-20 22:54:00,2.8057,2.8062,2.8052,2.8057,2.8107,2.8112,2.8102,2.8107,12
2026-04-20 22:55:00,2.8062,2.8062,2.8042,2.8062,2.8112,2.8112,2.8092,2.8112,6
2026-04-20 22:56:00,2.8072,2.8072,2.8052,2.8062,2.8122,2.8122,2.8102,2.8112,5
2026-04-20 22:57:00,2.8057,2.8062,2.8052,2.8062,2.8107,2.8112,2.8102,2.8112,3
2026-04-20 22:58:00,2.8057,2.8062,2.8052,2.8057,2.8107,2.8112,2.8102,2.8107,8
2026-04-20 22:59:00,2.8062,2.8121,2.8057,2.8111,2.8112,2.8171,2.8107,2.8161,22
2026-04-21 00:00:00,2.8001,2.8021,2.7901,2.8011,2.8051,2.8071,2.7951,2.8061,46
2026-04-21 00:01:00,2.8001,2.8001,2.7956,2.7981,2.8051,2.8051,2.8006,2.8031,18
2026-04-21 00:02:00,2.7996,2.8011,2.7976,2.8011,2.8046,2.8061,2.8026,2.8061,8
2026-04-21 00:03:00,2.8006,2.8026,2.8006,2.8006,2.8056,2.8076,2.8056,2.8056,9
2026-04-21 00:04:00,2.7996,2.8016,2.7991,2.8011,2.8046,2.8066,2.8041,2.8061,7
2026-04-21 00:06:00,2.7981,2.8006,2.7981,2.8006,2.8031,2.8056,2.8031,2.8056,7
2026-04-21 00:07:00,2.8011,2.8011,2.7996,2.7996,2.8061,2.8061,2.8046,2.8046,4
2026-04-21 00:08:00,2.7991,2.8026,2.7991,2.8026,2.8041,2.8076,2.8041,2.8076,5
2026-04-21 00:09:00,2.8016,2.8026,2.8016,2.8016,2.8066,2.8076,2.8066,2.8066,3
2026-04-21 00:10:00,2.8011,2.8026,2.8011,2.8026,2.8061,2.8076,2.8061,2.8076,2
2026-04-21 00:11:00,2.8021,2.8021,2.7996,2.7996,2.8071,2.8071,2.8046,2.8046,2
2026-04-21 00:12:00,2.8011,2.8021,2.8011,2.8021,2.8061,2.8071,2.8061,2.8071,2
2026-04-21 00:13:00,2.8016,2.8021,2.8011,2.8021,2.8066,2.8071,2.8061,2.8071,5
2026-04-21 00:14:00,2.8016,2.8016,2.8016,2.8016,2.8066,2.8066,2.8066,2.8066,1
2026-04-21 00:15:00,2.8021,2.8031,2.8021,2.8031,2.8071,2.8081,2.8071,2.8081,2
2026-04-21 00:16:00,2.8036,2.8036,2.8026,2.8026,2.8086,2.8086,2.8076,2.8076,2
2026-04-21 00:18:00,2.8031,2.8036,2.8031,2.8031,2.8081,2.8086,2.8081,2.8081,3
2026-04-21 00:19:00,2.8036,2.8036,2.8031,2.8031,2.8086,2.8086,2.8081,2.8081,2
2026-04-21 00:21:00,2.8036,2.8036,2.7996,2.8026,2.8086,2.8086,2.8046,2.8076,7
2026-04-21 00:22:00,2.8031,2.8036,2.8031,2.8036,2.8081,2.8086,2.8081,2.8086,2
2026-04-21 00:23:00,2.8031,2.8031,2.8031,2.8031,2.8081,2.8081,2.8081,2.8081,1
2026-04-21 00:25:00,2.8026,2.8026,2.8021,2.8021,2.8076,2.8076,2.8071,2.8071,2
2026-04-21 00:26:00,2.8026,2.8031,2.8026,2.8031,2.8076,2.8081,2.8076,2.8081,2
2026-04-21 00:27:00,2.8026,2.8041,2.8026,2.8041,2.8076,2.8091,2.8076,2.8091,6
2026-04-21 00:29:00,2.8036,2.8041,2.8036,2.8041,2.8086,2.8091,2.8086,2.8091,2
2026-04-21 00:32:00,2.8036,2.8046,2.8031,2.8046,2.8086,2.8096,2.8081,2.8096,5
2026-04-21 00:33:00,2.8036,2.8041,2.8036,2.8041,2.8086,2.8091,2.8086,2.8091,2
2026-04-21 00:35:00,2.8046,2.8046,2.8036,2.8036,2.8096,2.8096,2.8086,2.8086,2
2026-04-21 00:36:00,2.8026,2.8026,2.8026,2.8026,2.8076,2.8076,2.8076,2.8076,1
2026-04-21 00:37:00,2.8031,2.8036,2.8031,2.8036,2.8081,2.8086,2.8081,2.8086,2
2026-04-21 00:38:00,2.8031,2.8031,2.8031,2.8031,2.8081,2.8081,2.8081,2.8081,1
2026-04-21 00:40:00,2.8036,2.8036,2.8036,2.8036,2.8086,2.8086,2.8086,2.8086,1
2026-04-21 00:41:00,2.8026,2.8031,2.8026,2.8031,2.8076,2.8081,2.8076,2.8081,2
2026-04-21 00:42:00,2.8021,2.8021,2.8021,2.8021,2.8071,2.8071,2.8071,2.8071,1
2026-04-21 00:43:00,2.8016,2.8021,2.8016,2.8021,2.8066,2.8071,2.8066,2.8071,2
2026-04-21 00:44:00,2.8026,2.8031,2.8026,2.8031,2.8076,2.8081,2.8076,2.8081,2
2026-04-21 00:45:00,2.8026,2.8046,2.8026,2.8041,2.8076,2.8096,2.8076,2.8091,6
2026-04-21 00:46:00,2.8036,2.8036,2.8036,2.8036,2.8086,2.8086,2.8086,2.8086,1
2026-04-21 00:47:00,2.8041,2.8041,2.8041,2.8041,2.8091,2.8091,2.8091,2.8091,1
2026-04-21 00:48:00,2.8046,2.8046,2.8041,2.8041,2.8096,2.8096,2.8091,2.8091,4
2026-04-21 00:52:00,2.8031,2.8031,2.8031,2.8031,2.8081,2.8081,2.8081,2.8081,1
2026-04-21 00:53:00,2.8026,2.8036,2.8026,2.8036,2.8076,2.8086,2.8076,2.8086,5
2026-04-21 00:54:00,2.8046,2.8046,2.8036,2.8036,2.8096,2.8096,2.8086,2.8086,2
2026-04-21 00:56:00,2.8031,2.8031,2.8031,2.8031,2.8081,2.8081,2.8081,2.8081,1
2026-04-21 00:57:00,2.8036,2.8036,2.8026,2.8026,2.8086,2.8086,2.8076,2.8076,2
2026-04-21 00:58:00,2.8021,2.8026,2.8021,2.8026,2.8071,2.8076,2.8071,2.8076,2
2026-04-21 00:59:00,2.8021,2.8021,2.8021,2.8021,2.8071,2.8071,2.8071,2.8071,1
2026-04-21 01:00:00,2.8016,2.8016,2.8011,2.8011,2.8066,2.8066,2.8061,2.8061,2
2026-04-21 01:02:00,2.7996,2.8011,2.7996,2.8006,2.8046,2.8061,2.8046,2.8056,5
2026-04-21 01:03:00,2.8011,2.8016,2.8011,2.8016,2.8061,2.8066,2.8061,2.8066,2
2026-04-21 01:04:00,2.8011,2.8011,2.8011,2.8011,2.8061,2.8061,2.8061,2.8061,1
2026-04-21 01:08:00,2.8016,2.8016,2.8016,2.8016,2.8066,2.8066,2.8066,2.8066,1
2026-04-21 01:09:00,2.8011,2.8026,2.8011,2.8026,2.8061,2.8076,2.8061,2.8076,4
2026-04-21 01:10:00,2.8021,2.8026,2.8016,2.8016,2.8071,2.8076,2.8066,2.8066,3
2026-04-21 01:11:00,2.8011,2.8016,2.8011,2.8016,2.8061,2.8066,2.8061,2.8066,2
2026-04-21 01:12:00,2.8026,2.8026,2.8026,2.8026,2.8076,2.8076,2.8076,2.8076,1
2026-04-21 01:16:00,2.8016,2.8021,2.8016,2.8021,2.8066,2.8071,2.8066,2.8071,2
2026-04-21 01:17:00,2.8011,2.8011,2.8006,2.8006,2.8061,2.8061,2.8056,2.8056,2
2026-04-21 01:18:00,2.8001,2.8001,2.8001,2.8001,2.8051,2.8051,2.8051,2.8051,1
2026-04-21 01:20:00,2.8011,2.8011,2.8001,2.8011,2.8061,2.8061,2.8051,2.8061,5
2026-04-21 01:23:00,2.8016,2.8016,2.8016,2.8016,2.8066,2.8066,2.8066,2.8066,1
2026-04-21 01:24:00,2.8011,2.8011,2.8011,2.8011,2.8061,2.8061,2.8061,2.8061,1
2026-04-21 01:25:00,2.8016,2.8016,2.8016,2.8016,2.8066,2.8066,2.8066,2.8066,1
2026-04-21 01:29:00,2.8021,2.8021,2.8016,2.8016,2.8071,2.8071,2.8066,2.8066,2
2026-04-21 01:31:00,2.8021,2.8021,2.8021,2.8021,2.8071,2.8071,2.8071,2.8071,1
2026-04-21 01:36:00,2.8026,2.8031,2.8026,2.8031,2.8076,2.8081,2.8076,2.8081,2
2026-04-21 01:38:00,2.8041,2.8041,2.8041,2.8041,2.8091,2.8091,2.8091,2.8091,1
2026-04-21 01:39:00,2.8036,2.8036,2.8036,2.8036,2.8086,2.8086,2.8086,2.8086,1
2026-04-21 01:40:00,2.8041,2.8061,2.8041,2.8061,2.8091,2.8111,2.8091,2.8111,4
2026-04-21 01:43:00,2.8056,2.8061,2.8056,2.8056,2.8106,2.8111,2.8106,2.8106,3
2026-04-21 01:44:00,2.8061,2.8066,2.8056,2.8061,2.8111,2.8116,2.8106,2.8111,5
2026-04-21 01:57:00,2.8056,2.8056,2.8036,2.8041,2.8106,2.8106,2.8086,2.8091,5
2026-04-21 01:58:00,2.8036,2.8066,2.8036,2.8046,2.8086,2.8116,2.8086,2.8096,7
2026-04-21 01:59:00,2.8051,2.8051,2.8046,2.8046,2.8101,2.8101,2.8096,2.8096,6
2026-04-21 02:00:00,2.8041,2.8041,2.8001,2.8001,2.8091,2.8091,2.8051,2.8051,16
2026-04-21 02:01:00,2.7996,2.7996,2.7946,2.7951,2.8046,2.8046,2.7996,2.8001,19
2026-04-21 02:02:00,2.7946,2.7976,2.7946,2.7961,2.7996,2.8026,2.7996,2.8011,8
2026-04-21 02:03:00,2.7951,2.7956,2.7951,2.7956,2.8001,2.8006,2.8001,2.8006,2
2026-04-21 02:05:00,2.7961,2.7961,2.7956,2.7961,2.8011,2.8011,2.8006,2.8011,3
2026-04-21 02:06:00,2.7966,2.7966,2.7961,2.7966,2.8016,2.8016,2.8011,2.8016,3
2026-04-21 02:07:00,2.7971,2.7976,2.7961,2.7966,2.8021,2.8026,2.8011,2.8016,12
2026-04-21 02:08:00,2.7971,2.7971,2.7961,2.7961,2.8021,2.8021,2.8011,2.8011,3
2026-04-21 02:09:00,2.7966,2.7971,2.7966,2.7971,2.8016,2.8021,2.8016,2.8021,4
2026-04-21 02:10:00,2.7976,2.7976,2.7971,2.7971,2.8026,2.8026,2.8021,2.8021,2
2026-04-21 02:12:00,2.7961,2.7966,2.7961,2.7966,2.8011,2.8016,2.8011,2.8016,2
2026-04-21 02:13:00,2.7961,2.7961,2.7956,2.7956,2.8011,2.8011,2.8006,2.8006,4
2026-04-21 02:14:00,2.7961,2.7966,2.7961,2.7966,2.8011,2.8016,2.8011,2.8016,2
2026-04-21 02:15:00,2.7961,2.7971,2.7961,2.7966,2.8011,2.8021,2.8011,2.8016,4
2026-04-21 02:16:00,2.7961,2.7971,2.7956,2.7961,2.8011,2.8021,2.8006,2.8011,8
2026-04-21 02:17:00,2.7966,2.7966,2.7966,2.7966,2.8016,2.8016,2.8016,2.8016,1
2026-04-21 02:18:00,2.7971,2.7971,2.7956,2.7961,2.8021,2.8021,2.8006,2.8011,7
2026-04-21 02:19:00,2.7971,2.7976,2.7956,2.7956,2.8021,2.8026,2.8006,2.8006,4
2026-04-21 02:20:00,2.7961,2.7966,2.7961,2.7961,2.8011,2.8016,2.8011,2.8011,3
2026-04-21 02:21:00,2.7966,2.7966,2.7961,2.7961,2.8016,2.8016,2.8011,2.8011,2
2026-04-21 02:23:00,2.7956,2.7956,2.7956,2.7956,2.8006,2.8006,2.8006,2.8006,1
2026-04-21 02:24:00,2.7961,2.7961,2.7961,2.7961,2.8011,2.8011,2.8011,2.8011,1
2026-04-21 02:25:00,2.7966,2.7976,2.7966,2.7976,2.8016,2.8026,2.8016,2.8026,3
2026-04-21 02:26:00,2.7986,2.7986,2.7971,2.7971,2.8036,2.8036,2.8021,2.8021,5
2026-04-21 02:27:00,2.7966,2.7966,2.7956,2.7956,2.8016,2.8016,2.8006,2.8006,9
2026-04-21 02:30:00,2.7966,2.7966,2.7966,2.7966,2.8016,2.8016,2.8016,2.8016,1
2026-04-21 02:31:00,2.7971,2.7971,2.7966,2.7966,2.8021,2.8021,2.8016,2.8016,2
2026-04-21 02:32:00,2.7971,2.7971,2.7971,2.7971,2.8021,2.8021,2.8021,2.8021,1
2026-04-21 02:33:00,2.7976,2.7976,2.7966,2.7966,2.8026,2.8026,2.8016,2.8016,3
2026-04-21 02:34:00,2.7971,2.7971,2.7966,2.7966,2.8021,2.8021,2.8016,2.8016,2
2026-04-21 02:35:00,2.7971,2.7971,2.7966,2.7966,2.8021,2.8021,2.8016,2.8016,2
2026-04-21 02:37:00,2.7971,2.7971,2.7971,2.7971,2.8021,2.8021,2.8021,2.8021,1
2026-04-21 02:41:00,2.7966,2.7971,2.7956,2.7971,2.8016,2.8021,2.8006,2.8021,6
2026-04-21 02:43:00,2.7981,2.7991,2.7981,2.7991,2.8031,2.8041,2.8031,2.8041,2
2026-04-21 02:44:00,2.7996,2.7996,2.7996,2.7996,2.8046,2.8046,2.8046,2.8046,1
2026-04-21 02:45:00,2.8001,2.8011,2.8001,2.8011,2.8051,2.8061,2.8051,2.8061,7
2026-04-21 02:46:00,2.8016,2.8016,2.7991,2.7996,2.8066,2.8066,2.8041,2.8046,8
2026-04-21 02:47:00,2.8001,2.8001,2.7986,2.7991,2.8051,2.8051,2.8036,2.8041,5
2026-04-21 02:48:00,2.7986,2.7991,2.7971,2.7971,2.8036,2.8041,2.8021,2.8021,7
2026-04-21 02:49:00,2.7976,2.7976,2.7971,2.7976,2.8026,2.8026,2.8021,2.8026,3
2026-04-21 02:50:00,2.7971,2.7981,2.7971,2.7981,2.8021,2.8031,2.8021,2.8031,5
2026-04-21 02:51:00,2.7976,2.7981,2.7971,2.7981,2.8026,2.8031,2.8021,2.8031,4
2026-04-21 02:52:00,2.7986,2.7986,2.7986,2.7986,2.8036,2.8036,2.8036,2.8036,1
2026-04-21 02:53:00,2.7991,2.7991,2.7991,2.7991,2.8041,2.8041,2.8041,2.8041,1
2026-04-21 02:55:00,2.7981,2.7981,2.7981,2.7981,2.8031,2.8031,2.8031,2.8031,1
2026-04-21 02:58:00,2.7976,2.7981,2.7976,2.7981,2.8026,2.8031,2.8026,2.8031,2
2026-04-21 02:59:00,2.7976,2.7981,2.7976,2.7981,2.8026,2.8031,2.8026,2.8031,2
2026-04-21 03:00:00,2.7986,2.7991,2.7976,2.7991,2.8036,2.8041,2.8026,2.8041,11
2026-04-21 03:01:00,2.7971,2.7971,2.7946,2.7961,2.8021,2.8021,2.7996,2.8011,10
2026-04-21 03:02:00,2.7966,2.7971,2.7966,2.7966,2.8016,2.8021,2.8016,2.8016,3
2026-04-21 03:03:00,2.7971,2.7971,2.7961,2.7961,2.8021,2.8021,2.8011,2.8011,2
2026-04-21 03:04:00,2.7966,2.7966,2.7966,2.7966,2.8016,2.8016,2.8016,2.8016,1
2026-04-21 03:05:00,2.7961,2.7961,2.7951,2.7956,2.8011,2.8011,2.8001,2.8006,3
2026-04-21 03:06:00,2.7951,2.7956,2.7856,2.7916,2.8001,2.8006,2.7906,2.7966,16
2026-04-21 03:07:00,2.7906,2.7911,2.7901,2.7906,2.7956,2.7961,2.7951,2.7956,5
2026-04-21 03:08:00,2.7901,2.7906,2.7896,2.7896,2.7951,2.7956,2.7946,2.7946,5
2026-04-21 03:09:00,2.7911,2.7911,2.7901,2.7901,2.7961,2.7961,2.7951,2.7951,3
2026-04-21 03:10:00,2.7906,2.7906,2.7901,2.7906,2.7956,2.7956,2.7951,2.7956,5
2026-04-21 03:11:00,2.7911,2.7946,2.7911,2.7941,2.7961,2.7996,2.7961,2.7991,5
2026-04-21 03:12:00,2.7946,2.7946,2.7936,2.7941,2.7996,2.7996,2.7986,2.7991,6
2026-04-21 03:13:00,2.7946,2.7956,2.7946,2.7951,2.7996,2.8006,2.7996,2.8001,3
2026-04-21 03:16:00,2.7946,2.7951,2.7946,2.7951,2.7996,2.8001,2.7996,2.8001,2
2026-04-21 03:17:00,2.7936,2.7936,2.7921,2.7926,2.7986,2.7986,2.7971,2.7976,8
2026-04-21 03:18:00,2.7936,2.7941,2.7931,2.7936,2.7986,2.7991,2.7981,2.7986,7
2026-04-21 03:19:00,2.7931,2.7936,2.7926,2.7936,2.7981,2.7986,2.7976,2.7986,3
2026-04-21 03:20:00,2.7941,2.7946,2.7931,2.7941,2.7991,2.7996,2.7981,2.7991,9
2026-04-21 03:21:00,2.7951,2.7951,2.7951,2.7951,2.8001,2.8001,2.8001,2.8001,1
2026-04-21 03:22:00,2.7941,2.7941,2.7941,2.7941,2.7991,2.7991,2.7991,2.7991,1
2026-04-21 03:25:00,2.7946,2.7971,2.7946,2.7961,2.7996,2.8021,2.7996,2.8011,6
2026-04-21 03:30:00,2.7951,2.7951,2.7936,2.7941,2.8001,2.8001,2.7986,2.7991,3
2026-04-21 03:31:00,2.7946,2.7946,2.7946,2.7946,2.7996,2.7996,2.7996,2.7996,1
2026-04-21 03:32:00,2.7956,2.7956,2.7946,2.7946,2.8006,2.8006,2.7996,2.7996,3
2026-04-21 03:33:00,2.7941,2.7941,2.7936,2.7941,2.7991,2.7991,2.7986,2.7991,3
2026-04-21 03:37:00,2.7936,2.7936,2.7931,2.7931,2.7986,2.7986,2.7981,2.7981,2
2026-04-21 03:40:00,2.7926,2.7931,2.7926,2.7931,2.7976,2.7981,2.7976,2.7981,2
2026-04-21 03:41:00,2.7926,2.7926,2.7926,2.7926,2.7976,2.7976,2.7976,2.7976,1
2026-04-21 03:42:00,2.7931,2.7931,2.7931,2.7931,2.7981,2.7981,2.7981,2.7981,1
2026-04-21 03:45:00,2.7926,2.7931,2.7916,2.7931,2.7976,2.7981,2.7966,2.7981,6
2026-04-21 03:46:00,2.7936,2.7936,2.7931,2.7936,2.7986,2.7986,2.7981,2.7986,3
2026-04-21 03:47:00,2.7941,2.7946,2.7941,2.7941,2.7991,2.7996,2.7991,2.7991,5
2026-04-21 03:48:00,2.7946,2.7956,2.7946,2.7946,2.7996,2.8006,2.7996,2.7996,3
2026-04-21 03:49:00,2.7941,2.7946,2.7941,2.7946,2.7991,2.7996,2.7991,2.7996,2
2026-04-21 03:50:00,2.7936,2.7951,2.7926,2.7926,2.7986,2.8001,2.7976,2.7976,5
2026-04-21 03:51:00,2.7931,2.7936,2.7931,2.7931,2.7981,2.7986,2.7981,2.7981,3
2026-04-21 03:52:00,2.7936,2.7956,2.7936,2.7951,2.7986,2.8006,2.7986,2.8001,12
2026-04-21 03:55:00,2.7956,2.7976,2.7951,2.7971,2.8006,2.8026,2.8001,2.8021,10
2026-04-21 03:57:00,2.7976,2.7976,2.7971,2.7971,2.8026,2.8026,2.8021,2.8021,2
2026-04-21 03:58:00,2.7976,2.7976,2.7966,2.7966,2.8026,2.8026,2.8016,2.8016,3
2026-04-21 03:59:00,2.7981,2.7991,2.7961,2.7961,2.8031,2.8041,2.8011,2.8011,5
2026-04-21 04:00:00,2.7956,2.7966,2.7946,2.7961,2.8006,2.8016,2.7996,2.8011,5
2026-04-21 04:02:00,2.7966,2.7971,2.7966,2.7971,2.8016,2.8021,2.8016,2.8021,2
2026-04-21 04:03:00,2.7976,2.7976,2.7976,2.7976,2.8026,2.8026,2.8026,2.8026,1
2026-04-21 04:04:00,2.7986,2.7991,2.7986,2.7986,2.8036,2.8041,2.8036,2.8036,3
2026-04-21 04:05:00,2.7976,2.7976,2.7966,2.7971,2.8026,2.8026,2.8016,2.8021,12
2026-04-21 04:06:00,2.7976,2.7976,2.7961,2.7961,2.8026,2.8026,2.8011,2.8011,4
2026-04-21 04:07:00,2.7956,2.7956,2.7951,2.7951,2.8006,2.8006,2.8001,2.8001,2
2026-04-21 04:08:00,2.7956,2.7961,2.7956,2.7961,2.8006,2.8011,2.8006,2.8011,2
2026-04-21 04:09:00,2.7956,2.7966,2.7946,2.7961,2.8006,2.8016,2.7996,2.8011,5
2026-04-21 04:10:00,2.7966,2.7966,2.7961,2.7961,2.8016,2.8016,2.8011,2.8011,2
2026-04-21 04:11:00,2.7956,2.7956,2.7956,2.7956,2.8006,2.8006,2.8006,2.8006,1
2026-04-21 04:15:00,2.7961,2.7961,2.7961,2.7961,2.8011,2.8011,2.8011,2.8011,1
2026-04-21 04:17:00,2.7951,2.7961,2.7951,2.7956,2.8001,2.8011,2.8001,2.8006,4
2026-04-21 04:18:00,2.7951,2.7951,2.7951,2.7951,2.8001,2.8001,2.8001,2.8001,1
2026-04-21 04:19:00,2.7956,2.7961,2.7956,2.7956,2.8006,2.8011,2.8006,2.8006,3
2026-04-21 04:20:00,2.7961,2.7961,2.7961,2.7961,2.8011,2.8011,2.8011,2.8011,1
2026-04-21 04:23:00,2.7966,2.7966,2.7961,2.7961,2.8016,2.8016,2.8011,2.8011,2
2026-04-21 04:24:00,2.7966,2.7966,2.7961,2.7961,2.8016,2.8016,2.8011,2.8011,4
2026-04-21 04:27:00,2.7956,2.7956,2.7956,2.7956,2.8006,2.8006,2.8006,2.8006,1
2026-04-21 04:28:00,2.7961,2.7966,2.7961,2.7961,2.8011,2.8016,2.8011,2.8011,3
2026-04-21 04:29:00,2.7951,2.7956,2.7936,2.7941,2.8001,2.8006,2.7986,2.7991,11
2026-04-21 04:30:00,2.7946,2.7946,2.7941,2.7941,2.7996,2.7996,2.7991,2.7991,2
2026-04-21 04:31:00,2.7936,2.7936,2.7936,2.7936,2.7986,2.7986,2.7986,2.7986,1
2026-04-21 04:32:00,2.7941,2.7941,2.7936,2.7936,2.7991,2.7991,2.7986,2.7986,2
2026-04-21 04:33:00,2.7941,2.7956,2.7941,2.7951,2.7991,2.8006,2.7991,2.8001,6
2026-04-21 04:35:00,2.7956,2.7956,2.7956,2.7956,2.8006,2.8006,2.8006,2.8006,1
2026-04-21 04:36:00,2.7946,2.7946,2.7941,2.7941,2.7996,2.7996,2.7991,2.7991,2
2026-04-21 04:37:00,2.7951,2.7951,2.7951,2.7951,2.8001,2.8001,2.8001,2.8001,1
2026-04-21 04:39:00,2.7956,2.7956,2.7921,2.7921,2.8006,2.8006,2.7971,2.7971,8
2026-04-21 04:40:00,2.7926,2.7931,2.7926,2.7931,2.7976,2.7981,2.7976,2.7981,2
2026-04-21 04:43:00,2.7936,2.7936,2.7936,2.7936,2.7986,2.7986,2.7986,2.7986,1
2026-04-21 04:45:00,2.7941,2.7941,2.7936,2.7936,2.7991,2.7991,2.7986,2.7986,2
2026-04-21 04:46:00,2.7941,2.7946,2.7941,2.7941,2.7991,2.7996,2.7991,2.7991,3
2026-04-21 04:49:00,2.7946,2.7951,2.7946,2.7951,2.7996,2.8001,2.7996,2.8001,2
2026-04-21 04:52:00,2.7946,2.7946,2.7936,2.7936,2.7996,2.7996,2.7986,2.7986,2
2026-04-21 04:54:00,2.7941,2.7941,2.7936,2.7936,2.7991,2.7991,2.7986,2.7986,2
2026-04-21 04:56:00,2.7941,2.7946,2.7941,2.7941,2.7991,2.7996,2.7991,2.7991,5
2026-04-21 04:57:00,2.7946,2.7946,2.7941,2.7941,2.7996,2.7996,2.7991,2.7991,2
2026-04-21 04:58:00,2.7946,2.7946,2.7946,2.7946,2.7996,2.7996,2.7996,2.7996,1
2026-04-21 05:00:00,2.7956,2.7956,2.7936,2.7946,2.8006,2.8006,2.7986,2.7996,4
2026-04-21 05:02:00,2.7941,2.7941,2.7941,2.7941,2.7991,2.7991,2.7991,2.7991,1
2026-04-21 05:04:00,2.7946,2.7961,2.7946,2.7961,2.7996,2.8011,2.7996,2.8011,4
2026-04-21 05:06:00,2.7966,2.7966,2.7961,2.7961,2.8016,2.8016,2.8011,2.8011,2
2026-04-21 05:07:00,2.7966,2.7966,2.7961,2.7966,2.8016,2.8016,2.8011,2.8016,3
2026-04-21 05:08:00,2.7956,2.7956,2.7946,2.7946,2.8006,2.8006,2.7996,2.7996,2
2026-04-21 05:09:00,2.7951,2.7951,2.7951,2.7951,2.8001,2.8001,2.8001,2.8001,1
2026-04-21 05:11:00,2.7946,2.7956,2.7946,2.7956,2.7996,2.8006,2.7996,2.8006,3
2026-04-21 05:13:00,2.7951,2.7956,2.7951,2.7951,2.8001,2.8006,2.8001,2.8001,3
2026-04-21 05:14:00,2.7946,2.7951,2.7946,2.7951,2.7996,2.8001,2.7996,2.8001,2
2026-04-21 05:15:00,2.7946,2.7951,2.7946,2.7951,2.7996,2.8001,2.7996,2.8001,2
2026-04-21 05:16:00,2.7956,2.7956,2.7951,2.7951,2.8006,2.8006,2.8001,2.8001,2
2026-04-21 05:17:00,2.7946,2.7946,2.7946,2.7946,2.7996,2.7996,2.7996,2.7996,1
2026-04-21 05:18:00,2.7956,2.7956,2.7956,2.7956,2.8006,2.8006,2.8006,2.8006,1
2026-04-21 05:19:00,2.7951,2.7956,2.7951,2.7956,2.8001,2.8006,2.8001,2.8006,2
2026-04-21 05:20:00,2.7961,2.7961,2.7961,2.7961,2.8011,2.8011,2.8011,2.8011,1
2026-04-21 05:22:00,2.7966,2.7966,2.7966,2.7966,2.8016,2.8016,2.8016,2.8016,1
2026-04-21 05:23:00,2.7956,2.7966,2.7956,2.7961,2.8006,2.8016,2.8006,2.8011,3
2026-04-21 05:24:00,2.7956,2.7956,2.7951,2.7956,2.8006,2.8006,2.8001,2.8006,3
2026-04-21 05:25:00,2.7961,2.7961,2.7961,2.7961,2.8011,2.8011,2.8011,2.8011,1
2026-04-21 05:26:00,2.7956,2.7961,2.7956,2.7961,2.8006,2.8011,2.8006,2.8011,2
2026-04-21 05:27:00,2.7956,2.7956,2.7956,2.7956,2.8006,2.8006,2.8006,2.8006,1
2026-04-21 05:28:00,2.7951,2.7956,2.7951,2.7951,2.8001,2.8006,2.8001,2.8001,3
2026-04-21 05:29:00,2.7946,2.7946,2.7946,2.7946,2.7996,2.7996,2.7996,2.7996,1
2026-04-21 05:30:00,2.7956,2.7986,2.7951,2.7986,2.8006,2.8036,2.8001,2.8036,35
2026-04-21 05:31:00,2.7981,2.7991,2.7971,2.7986,2.8031,2.8041,2.8021,2.8036,16
2026-04-21 05:32:00,2.7991,2.8006,2.7991,2.8006,2.8041,2.8056,2.8041,2.8056,3
2026-04-21 05:33:00,2.8001,2.8016,2.8001,2.8016,2.8051,2.8066,2.8051,2.8066,12
2026-04-21 05:34:00,2.8011,2.8011,2.7976,2.7976,2.8061,2.8061,2.8026,2.8026,7
2026-04-21 05:35:00,2.7986,2.7986,2.7986,2.7986,2.8036,2.8036,2.8036,2.8036,1
2026-04-21 05:36:00,2.7976,2.7986,2.7956,2.7956,2.8026,2.8036,2.8006,2.8006,7
2026-04-21 05:37:00,2.7961,2.7961,2.7961,2.7961,2.8011,2.8011,2.8011,2.8011,1
2026-04-21 05:38:00,2.7956,2.7956,2.7946,2.7956,2.8006,2.8006,2.7996,2.8006,5
2026-04-21 05:39:00,2.7966,2.7976,2.7966,2.7971,2.8016,2.8026,2.8016,2.8021,5
2026-04-21 05:40:00,2.7966,2.7986,2.7966,2.7986,2.8016,2.8036,2.8016,2.8036,4
2026-04-21 05:41:00,2.7981,2.7981,2.7966,2.7976,2.8031,2.8031,2.8016,2.8026,3
2026-04-21 05:42:00,2.7971,2.7971,2.7966,2.7966,2.8021,2.8021,2.8016,2.8016,2
2026-04-21 05:44:00,2.7961,2.7961,2.7946,2.7956,2.8011,2.8011,2.7996,2.8006,3
2026-04-21 05:45:00,2.7966,2.7991,2.7966,2.7981,2.8016,2.8041,2.8016,2.8031,16
2026-04-21 05:46:00,2.7976,2.7976,2.7976,2.7976,2.8026,2.8026,2.8026,2.8026,1
2026-04-21 05:49:00,2.7966,2.7966,2.7961,2.7966,2.8016,2.8016,2.8011,2.8016,3
2026-04-21 05:50:00,2.7956,2.7956,2.7956,2.7956,2.8006,2.8006,2.8006,2.8006,1
2026-04-21 05:53:00,2.7951,2.7956,2.7946,2.7951,2.8001,2.8006,2.7996,2.8001,5
2026-04-21 05:54:00,2.7946,2.7946,2.7941,2.7941,2.7996,2.7996,2.7991,2.7991,2
2026-04-21 05:55:00,2.7946,2.7946,2.7946,2.7946,2.7996,2.7996,2.7996,2.7996,1
2026-04-21 05:56:00,2.7951,2.7951,2.7946,2.7946,2.8001,2.8001,2.7996,2.7996,2
2026-04-21 05:57:00,2.7951,2.7956,2.7951,2.7956,2.8001,2.8006,2.8001,2.8006,2
2026-04-21 05:58:00,2.7951,2.7951,2.7951,2.7951,2.8001,2.8001,2.8001,2.8001,1
2026-04-21 05:59:00,2.7956,2.7956,2.7956,2.7956,2.8006,2.8006,2.8006,2.8006,1
2026-04-21 06:02:00,2.7961,2.7961,2.7946,2.7956,2.8011,2.8011,2.7996,2.8006,6
2026-04-21 06:06:00,2.7946,2.7956,2.7946,2.7956,2.7996,2.8006,2.7996,2.8006,10
2026-04-21 06:07:00,2.7951,2.7951,2.7951,2.7951,2.8001,2.8001,2.8001,2.8001,1
2026-04-21 06:08:00,2.7956,2.7956,2.7956,2.7956,2.8006,2.8006,2.8006,2.8006,1
2026-04-21 06:09:00,2.7961,2.7966,2.7961,2.7966,2.8011,2.8016,2.8011,2.8016,2
2026-04-21 06:10:00,2.7961,2.7976,2.7961,2.7966,2.8011,2.8026,2.8011,2.8016,4
2026-04-21 06:11:00,2.7976,2.7986,2.7971,2.7976,2.8026,2.8036,2.8021,2.8026,8
2026-04-21 06:12:00,2.7981,2.7986,2.7976,2.7986,2.8031,2.8036,2.8026,2.8036,3
2026-04-21 06:13:00,2.7981,2.7981,2.7976,2.7976,2.8031,2.8031,2.8026,2.8026,2
2026-04-21 06:14:00,2.7986,2.7986,2.7976,2.7986,2.8036,2.8036,2.8026,2.8036,3
2026-04-21 06:15:00,2.7976,2.7986,2.7976,2.7981,2.8026,2.8036,2.8026,2.8031,3
2026-04-21 06:19:00,2.7986,2.7986,2.7986,2.7986,2.8036,2.8036,2.8036,2.8036,1
2026-04-21 06:20:00,2.7996,2.8006,2.7991,2.7996,2.8046,2.8056,2.8041,2.8046,7
2026-04-21 06:21:00,2.7991,2.7991,2.7986,2.7986,2.8041,2.8041,2.8036,2.8036,2
2026-04-21 06:22:00,2.7976,2.7986,2.7976,2.7981,2.8026,2.8036,2.8026,2.8031,6
2026-04-21 06:24:00,2.7986,2.7986,2.7986,2.7986,2.8036,2.8036,2.8036,2.8036,1
2026-04-21 06:25:00,2.7991,2.7996,2.7991,2.7991,2.8041,2.8046,2.8041,2.8041,3
2026-04-21 06:26:00,2.7996,2.7996,2.7991,2.7991,2.8046,2.8046,2.8041,2.8041,2
2026-04-21 06:27:00,2.7996,2.7996,2.7991,2.7991,2.8046,2.8046,2.8041,2.8041,2
2026-04-21 06:28:00,2.7996,2.7996,2.7991,2.7996,2.8046,2.8046,2.8041,2.8046,3
2026-04-21 06:36:00,2.8006,2.8016,2.8006,2.8006,2.8056,2.8066,2.8056,2.8056,5
2026-04-21 06:38:00,2.8016,2.8016,2.8001,2.8006,2.8066,2.8066,2.8051,2.8056,3
2026-04-21 06:39:00,2.7996,2.7996,2.7996,2.7996,2.8046,2.8046,2.8046,2.8046,1
2026-04-21 06:42:00,2.7986,2.7986,2.7966,2.7976,2.8036,2.8036,2.8016,2.8026,10
2026-04-21 06:43:00,2.7981,2.7981,2.7981,2.7981,2.8031,2.8031,2.8031,2.8031,1
2026-04-21 06:44:00,2.7976,2.7981,2.7976,2.7981,2.8026,2.8031,2.8026,2.8031,2
2026-04-21 06:45:00,2.7976,2.7976,2.7976,2.7976,2.8026,2.8026,2.8026,2.8026,1
2026-04-21 06:46:00,2.7981,2.7981,2.7981,2.7981,2.8031,2.8031,2.8031,2.8031,1
2026-04-21 06:47:00,2.7976,2.7976,2.7971,2.7971,2.8026,2.8026,2.8021,2.8021,2
2026-04-21 06:48:00,2.7976,2.7976,2.7976,2.7976,2.8026,2.8026,2.8026,2.8026,1
2026-04-21 06:49:00,2.7981,2.7981,2.7981,2.7981,2.8031,2.8031,2.8031,2.8031,1
2026-04-21 06:50:00,2.7986,2.7986,2.7981,2.7981,2.8036,2.8036,2.8031,2.8031,2
2026-04-21 06:51:00,2.7976,2.7986,2.7976,2.7986,2.8026,2.8036,2.8026,2.8036,2
2026-04-21 06:54:00,2.7991,2.7991,2.7991,2.7991,2.8041,2.8041,2.8041,2.8041,1
2026-04-21 06:56:00,2.7986,2.7986,2.7986,2.7986,2.8036,2.8036,2.8036,2.8036,1
2026-04-21 06:57:00,2.7996,2.8006,2.7996,2.7996,2.8046,2.8056,2.8046,2.8046,3
2026-04-21 06:58:00,2.7986,2.7986,2.7986,2.7986,2.8036,2.8036,2.8036,2.8036,1
2026-04-21 07:00:00,2.7981,2.7981,2.7981,2.7981,2.8031,2.8031,2.8031,2.8031,1
2026-04-21 07:01:00,2.7991,2.7991,2.7986,2.7986,2.8041,2.8041,2.8036,2.8036,2
2026-04-21 07:02:00,2.7981,2.7991,2.7976,2.7976,2.8031,2.8041,2.8026,2.8026,7
2026-04-21 07:04:00,2.7971,2.7971,2.7966,2.7966,2.8021,2.8021,2.8016,2.8016,2
2026-04-21 07:05:00,2.7961,2.7961,2.7956,2.7956,2.8011,2.8011,2.8006,2.8006,2
2026-04-21 07:06:00,2.7951,2.7956,2.7951,2.7956,2.8001,2.8006,2.8001,2.8006,2
2026-04-21 07:07:00,2.7951,2.7956,2.7951,2.7951,2.8001,2.8006,2.8001,2.8001,3
2026-04-21 07:08:00,2.7956,2.7966,2.7936,2.7946,2.8006,2.8016,2.7986,2.7996,12
2026-04-21 07:09:00,2.7956,2.7956,2.7946,2.7946,2.8006,2.8006,2.7996,2.7996,4
2026-04-21 07:10:00,2.7941,2.7976,2.7941,2.7976,2.7991,2.8026,2.7991,2.8026,5
2026-04-21 07:11:00,2.7971,2.7976,2.7971,2.7976,2.8021,2.8026,2.8021,2.8026,2
2026-04-21 07:13:00,2.7981,2.7996,2.7941,2.7941,2.8031,2.8046,2.7991,2.7991,10
2026-04-21 07:14:00,2.7936,2.7936,2.7936,2.7936,2.7986,2.7986,2.7986,2.7986,1
2026-04-21 07:15:00,2.7926,2.7926,2.7926,2.7926,2.7976,2.7976,2.7976,2.7976,1
2026-04-21 07:16:00,2.7931,2.7931,2.7926,2.7926,2.7981,2.7981,2.7976,2.7976,2
2026-04-21 07:17:00,2.7916,2.7926,2.7906,2.7921,2.7966,2.7976,2.7956,2.7971,6
2026-04-21 07:18:00,2.7926,2.7926,2.7906,2.7921,2.7976,2.7976,2.7956,2.7971,5
2026-04-21 07:19:00,2.7926,2.7926,2.7911,2.7911,2.7976,2.7976,2.7961,2.7961,4
2026-04-21 07:20:00,2.7916,2.7916,2.7911,2.7916,2.7966,2.7966,2.7961,2.7966,3
2026-04-21 07:21:00,2.7911,2.7921,2.7906,2.7916,2.7961,2.7971,2.7956,2.7966,7
2026-04-21 07:22:00,2.7906,2.7911,2.7906,2.7911,2.7956,2.7961,2.7956,2.7961,2
2026-04-21 07:23:00,2.7906,2.7906,2.7906,2.7906,2.7956,2.7956,2.7956,2.7956,1
2026-04-21 07:24:00,2.7916,2.7931,2.7916,2.7916,2.7966,2.7981,2.7966,2.7966,4
2026-04-21 07:25:00,2.7906,2.7906,2.7906,2.7906,2.7956,2.7956,2.7956,2.7956,1
2026-04-21 07:26:00,2.7901,2.7906,2.7901,2.7901,2.7951,2.7956,2.7951,2.7951,5
2026-04-21 07:27:00,2.7896,2.7906,2.7896,2.7906,2.7946,2.7956,2.7946,2.7956,2
2026-04-21 07:28:00,2.7896,2.7896,2.7876,2.7886,2.7946,2.7946,2.7926,2.7936,6
2026-04-21 07:29:00,2.7891,2.7911,2.7891,2.7896,2.7941,2.7961,2.7941,2.7946,7
2026-04-21 07:30:00,2.7891,2.7936,2.7891,2.7931,2.7941,2.7986,2.7941,2.7981,18
2026-04-21 07:31:00,2.7936,2.7936,2.7926,2.7931,2.7986,2.7986,2.7976,2.7981,4
2026-04-21 07:32:00,2.7941,2.7956,2.7941,2.7941,2.7991,2.8006,2.7991,2.7991,6
2026-04-21 07:35:00,2.7951,2.7951,2.7936,2.7951,2.8001,2.8001,2.7986,2.8001,5
2026-04-21 07:36:00,2.7946,2.7946,2.7936,2.7941,2.7996,2.7996,2.7986,2.7991,9
2026-04-21 07:37:00,2.7936,2.7936,2.7936,2.7936,2.7986,2.7986,2.7986,2.7986,1
2026-04-21 07:38:00,2.7946,2.7951,2.7941,2.7951,2.7996,2.8001,2.7991,2.8001,5
2026-04-21 07:39:00,2.7946,2.7951,2.7946,2.7946,2.7996,2.8001,2.7996,2.7996,3
2026-04-21 07:40:00,2.7941,2.7946,2.7936,2.7936,2.7991,2.7996,2.7986,2.7986,3
2026-04-21 07:41:00,2.7926,2.7926,2.7926,2.7926,2.7976,2.7976,2.7976,2.7976,1
2026-04-21 07:42:00,2.7921,2.7921,2.7896,2.7896,2.7971,2.7971,2.7946,2.7946,6
2026-04-21 07:43:00,2.7906,2.7921,2.7891,2.7916,2.7956,2.7971,2.7941,2.7966,14
2026-04-21 07:44:00,2.7906,2.7911,2.7901,2.7906,2.7956,2.7961,2.7951,2.7956,5
2026-04-21 07:45:00,2.7911,2.7931,2.7911,2.7921,2.7961,2.7981,2.7961,2.7971,4
2026-04-21 07:47:00,2.7926,2.7926,2.7916,2.7921,2.7976,2.7976,2.7966,2.7971,4
2026-04-21 07:48:00,2.7926,2.7926,2.7916,2.7916,2.7976,2.7976,2.7966,2.7966,3
2026-04-21 07:49:00,2.7926,2.7926,2.7911,2.7916,2.7976,2.7976,2.7961,2.7966,4
2026-04-21 07:50:00,2.7926,2.7926,2.7916,2.7916,2.7976,2.7976,2.7966,2.7966,2
2026-04-21 07:52:00,2.7921,2.7921,2.7916,2.7916,2.7971,2.7971,2.7966,2.7966,2
2026-04-21 07:54:00,2.7911,2.7911,2.7911,2.7911,2.7961,2.7961,2.7961,2.7961,1
2026-04-21 07:55:00,2.7916,2.7916,2.7911,2.7916,2.7966,2.7966,2.7961,2.7966,3
2026-04-21 07:56:00,2.7926,2.7926,2.7911,2.7911,2.7976,2.7976,2.7961,2.7961,3
2026-04-21 07:57:00,2.7906,2.7916,2.7906,2.7916,2.7956,2.7966,2.7956,2.7966,2
2026-04-21 07:59:00,2.7906,2.7916,2.7906,2.7916,2.7956,2.7966,2.7956,2.7966,3
2026-04-21 08:00:00,2.7911,2.7916,2.7911,2.7916,2.7961,2.7966,2.7961,2.7966,4
2026-04-21 08:01:00,2.7911,2.7921,2.7911,2.7916,2.7961,2.7971,2.7961,2.7966,6
2026-04-21 08:02:00,2.7921,2.7926,2.7916,2.7926,2.7971,2.7976,2.7966,2.7976,5
2026-04-21 08:03:00,2.7936,2.7936,2.7926,2.7936,2.7986,2.7986,2.7976,2.7986,3
2026-04-21 08:04:00,2.7941,2.7941,2.7886,2.7886,2.7991,2.7991,2.7936,2.7936,14
2026-04-21 08:05:00,2.7881,2.7916,2.7881,2.7901,2.7931,2.7966,2.7931,2.7951,11
2026-04-21 08:06:00,2.7896,2.7896,2.7886,2.7891,2.7946,2.7946,2.7936,2.7941,5
2026-04-21 08:07:00,2.7886,2.7886,2.7881,2.7886,2.7936,2.7936,2.7931,2.7936,3
2026-04-21 08:08:00,2.7896,2.7896,2.7876,2.7886,2.7946,2.7946,2.7926,2.7936,6
2026-04-21 08:09:00,2.7881,2.7886,2.7876,2.7876,2.7931,2.7936,2.7926,2.7926,4
2026-04-21 08:10:00,2.7881,2.7881,2.7876,2.7876,2.7931,2.7931,2.7926,2.7926,2
2026-04-21 08:11:00,2.7866,2.7896,2.7866,2.7896,2.7916,2.7946,2.7916,2.7946,8
2026-04-21 08:13:00,2.7891,2.7896,2.7886,2.7891,2.7941,2.7946,2.7936,2.7941,9
2026-04-21 08:14:00,2.7886,2.7886,2.7881,2.7886,2.7936,2.7936,2.7931,2.7936,3
2026-04-21 08:15:00,2.7881,2.7881,2.7826,2.7846,2.7931,2.7931,2.7876,2.7896,16
2026-04-21 08:16:00,2.7836,2.7846,2.7836,2.7846,2.7886,2.7896,2.7886,2.7896,4
2026-04-21 08:17:00,2.7841,2.7846,2.7836,2.7846,2.7891,2.7896,2.7886,2.7896,3
2026-04-21 08:18:00,2.7856,2.7856,2.7826,2.7836,2.7906,2.7906,2.7876,2.7886,14
2026-04-21 08:20:00,2.7831,2.7831,2.7791,2.7796,2.7881,2.7881,2.7841,2.7846,25
2026-04-21 08:21:00,2.7801,2.7801,2.7786,2.7796,2.7851,2.7851,2.7836,2.7846,6
2026-04-21 08:22:00,2.7791,2.7796,2.7791,2.7796,2.7841,2.7846,2.7841,2.7846,4
2026-04-21 08:23:00,2.7801,2.7816,2.7801,2.7806,2.7851,2.7866,2.7851,2.7856,4
2026-04-21 08:24:00,2.7801,2.7816,2.7801,2.7801,2.7851,2.7866,2.7851,2.7851,7
2026-04-21 08:25:00,2.7806,2.7831,2.7796,2.7831,2.7856,2.7881,2.7846,2.7881,16
2026-04-21 08:26:00,2.7836,2.7841,2.7836,2.7841,2.7886,2.7891,2.7886,2.7891,2
2026-04-21 08:27:00,2.7846,2.7846,2.7826,2.7831,2.7896,2.7896,2.7876,2.7881,9
2026-04-21 08:28:00,2.7826,2.7846,2.7826,2.7846,2.7876,2.7896,2.7876,2.7896,10
2026-04-21 08:29:00,2.7836,2.7836,2.7836,2.7836,2.7886,2.7886,2.7886,2.7886,1
2026-04-21 08:30:00,2.7831,2.7841,2.7826,2.7826,2.7881,2.7891,2.7876,2.7876,10
2026-04-21 08:31:00,2.7836,2.7836,2.7826,2.7826,2.7886,2.7886,2.7876,2.7876,3
2026-04-21 08:32:00,2.7831,2.7846,2.7826,2.7846,2.7881,2.7896,2.7876,2.7896,8
2026-04-21 08:33:00,2.7836,2.7836,2.7811,2.7816,2.7886,2.7886,2.7861,2.7866,6
2026-04-21 08:34:00,2.7811,2.7826,2.7811,2.7821,2.7861,2.7876,2.7861,2.7871,5
2026-04-21 08:35:00,2.7816,2.7821,2.7816,2.7816,2.7866,2.7871,2.7866,2.7866,3
2026-04-21 08:36:00,2.7811,2.7811,2.7786,2.7796,2.7861,2.7861,2.7836,2.7846,8
2026-04-21 08:37:00,2.7806,2.7816,2.7806,2.7806,2.7856,2.7866,2.7856,2.7856,4
2026-04-21 08:38:00,2.7811,2.7816,2.7811,2.7811,2.7861,2.7866,2.7861,2.7861,3
2026-04-21 08:39:00,2.7816,2.7816,2.7811,2.7811,2.7866,2.7866,2.7861,2.7861,2
2026-04-21 08:40:00,2.7806,2.7816,2.7806,2.7816,2.7856,2.7866,2.7856,2.7866,7
2026-04-21 08:41:00,2.7811,2.7826,2.7811,2.7826,2.7861,2.7876,2.7861,2.7876,3
2026-04-21 08:43:00,2.7821,2.7826,2.7821,2.7826,2.7871,2.7876,2.7871,2.7876,2
2026-04-21 08:44:00,2.7831,2.7836,2.7826,2.7826,2.7881,2.7886,2.7876,2.7876,3
2026-04-21 08:45:00,2.7816,2.7836,2.7816,2.7836,2.7866,2.7886,2.7866,2.7886,6
2026-04-21 08:46:00,2.7846,2.7846,2.7846,2.7846,2.7896,2.7896,2.7896,2.7896,1
2026-04-21 08:47:00,2.7836,2.7846,2.7836,2.7846,2.7886,2.7896,2.7886,2.7896,2
2026-04-21 08:49:00,2.7841,2.7846,2.7836,2.7846,2.7891,2.7896,2.7886,2.7896,6
2026-04-21 08:50:00,2.7856,2.7866,2.7856,2.7856,2.7906,2.7916,2.7906,2.7906,4
2026-04-21 08:51:00,2.7866,2.7876,2.7861,2.7876,2.7916,2.7926,2.7911,2.7926,8
2026-04-21 08:52:00,2.7866,2.7866,2.7856,2.7856,2.7916,2.7916,2.7906,2.7906,2
2026-04-21 08:53:00,2.7846,2.7846,2.7836,2.7836,2.7896,2.7896,2.7886,2.7886,4
2026-04-21 08:54:00,2.7831,2.7836,2.7831,2.7836,2.7881,2.7886,2.7881,2.7886,2
2026-04-21 08:55:00,2.7841,2.7841,2.7836,2.7836,2.7891,2.7891,2.7886,2.7886,2
2026-04-21 08:56:00,2.7846,2.7846,2.7836,2.7846,2.7896,2.7896,2.7886,2.7896,10
2026-04-21 08:57:00,2.7841,2.7851,2.7841,2.7851,2.7891,2.7901,2.7891,2.7901,3
2026-04-21 08:58:00,2.7856,2.7871,2.7856,2.7871,2.7906,2.7921,2.7906,2.7921,6
2026-04-21 08:59:00,2.7876,2.7876,2.7866,2.7866,2.7926,2.7926,2.7916,2.7916,5
2026-04-21 09:00:00,2.7856,2.7886,2.7856,2.7881,2.7906,2.7936,2.7906,2.7931,15
2026-04-21 09:01:00,2.7886,2.7901,2.7881,2.7881,2.7936,2.7951,2.7931,2.7931,14
2026-04-21 09:02:00,2.7886,2.7931,2.7886,2.7911,2.7936,2.7981,2.7936,2.7961,28
2026-04-21 09:03:00,2.7906,2.7946,2.7906,2.7946,2.7956,2.7996,2.7956,2.7996,20
2026-04-21 09:04:00,2.7936,2.7936,2.7926,2.7931,2.7986,2.7986,2.7976,2.7981,5
2026-04-21 09:05:00,2.7926,2.7926,2.7896,2.7901,2.7976,2.7976,2.7946,2.7951,18
2026-04-21 09:06:00,2.7896,2.7901,2.7886,2.7901,2.7946,2.7951,2.7936,2.7951,11
2026-04-21 09:07:00,2.7906,2.7906,2.7886,2.7886,2.7956,2.7956,2.7936,2.7936,4
2026-04-21 09:08:00,2.7891,2.7896,2.7886,2.7891,2.7941,2.7946,2.7936,2.7941,7
2026-04-21 09:09:00,2.7886,2.7901,2.7886,2.7901,2.7936,2.7951,2.7936,2.7951,2
2026-04-21 09:10:00,2.7896,2.7916,2.7896,2.7911,2.7946,2.7966,2.7946,2.7961,12
2026-04-21 09:11:00,2.7916,2.7926,2.7901,2.7916,2.7966,2.7976,2.7951,2.7966,14
2026-04-21 09:12:00,2.7921,2.7926,2.7921,2.7921,2.7971,2.7976,2.7971,2.7971,7
2026-04-21 09:13:00,2.7926,2.7926,2.7916,2.7926,2.7976,2.7976,2.7966,2.7976,7
2026-04-21 09:14:00,2.7921,2.7926,2.7906,2.7911,2.7971,2.7976,2.7956,2.7961,12
2026-04-21 09:15:00,2.7916,2.7926,2.7916,2.7926,2.7966,2.7976,2.7966,2.7976,8
2026-04-21 09:16:00,2.7921,2.7926,2.7896,2.7901,2.7971,2.7976,2.7946,2.7951,15
2026-04-21 09:17:00,2.7906,2.7926,2.7886,2.7901,2.7956,2.7976,2.7936,2.7951,15
2026-04-21 09:18:00,2.7896,2.7906,2.7886,2.7906,2.7946,2.7956,2.7936,2.7956,12
2026-04-21 09:19:00,2.7901,2.7906,2.7896,2.7906,2.7951,2.7956,2.7946,2.7956,10
2026-04-21 09:20:00,2.7901,2.7911,2.7901,2.7911,2.7951,2.7961,2.7951,2.7961,3
2026-04-21 09:21:00,2.7906,2.7916,2.7906,2.7916,2.7956,2.7966,2.7956,2.7966,11
2026-04-21 09:22:00,2.7911,2.7926,2.7911,2.7916,2.7961,2.7976,2.7961,2.7966,17
2026-04-21 09:23:00,2.7921,2.7926,2.7921,2.7921,2.7971,2.7976,2.7971,2.7971,3
2026-04-21 09:24:00,2.7916,2.7926,2.7911,2.7921,2.7966,2.7976,2.7961,2.7971,19
2026-04-21 09:25:00,2.7916,2.7921,2.7911,2.7911,2.7966,2.7971,2.7961,2.7961,17
2026-04-21 09:26:00,2.7916,2.7916,2.7906,2.7906,2.7966,2.7966,2.7956,2.7956,7
2026-04-21 09:27:00,2.7911,2.7916,2.7896,2.7896,2.7961,2.7966,2.7946,2.7946,9
2026-04-21 09:28:00,2.7901,2.7901,2.7901,2.7901,2.7951,2.7951,2.7951,2.7951,1
2026-04-21 09:29:00,2.7896,2.7901,2.7896,2.7901,2.7946,2.7951,2.7946,2.7951,2
2026-04-21 09:30:00,2.7896,2.7931,2.7896,2.7931,2.7946,2.7981,2.7946,2.7981,13
2026-04-21 09:31:00,2.7936,2.7936,2.7896,2.7896,2.7986,2.7986,2.7946,2.7946,7
2026-04-21 09:32:00,2.7901,2.7901,2.7896,2.7901,2.7951,2.7951,2.7946,2.7951,5
2026-04-21 09:33:00,2.7906,2.7906,2.7896,2.7896,2.7956,2.7956,2.7946,2.7946,5
2026-04-21 09:34:00,2.7901,2.7921,2.7901,2.7916,2.7951,2.7971,2.7951,2.7966,5
2026-04-21 09:35:00,2.7921,2.7921,2.7906,2.7906,2.7971,2.7971,2.7956,2.7956,4
2026-04-21 09:36:00,2.7911,2.7911,2.7896,2.7911,2.7961,2.7961,2.7946,2.7961,5
2026-04-21 09:37:00,2.7916,2.7916,2.7916,2.7916,2.7966,2.7966,2.7966,2.7966,1
2026-04-21 09:39:00,2.7921,2.7921,2.7921,2.7921,2.7971,2.7971,2.7971,2.7971,1
2026-04-21 09:40:00,2.7916,2.7921,2.7911,2.7921,2.7966,2.7971,2.7961,2.7971,10
2026-04-21 09:41:00,2.7926,2.7926,2.7911,2.7911,2.7976,2.7976,2.7961,2.7961,5
2026-04-21 09:42:00,2.7906,2.7916,2.7906,2.7916,2.7956,2.7966,2.7956,2.7966,7
2026-04-21 09:43:00,2.7911,2.7916,2.7906,2.7916,2.7961,2.7966,2.7956,2.7966,10
2026-04-21 09:44:00,2.7911,2.7916,2.7911,2.7911,2.7961,2.7966,2.7961,2.7961,5
2026-04-21 09:45:00,2.7916,2.7916,2.7911,2.7916,2.7966,2.7966,2.7961,2.7966,9
2026-04-21 09:46:00,2.7911,2.7916,2.7901,2.7916,2.7961,2.7966,2.7951,2.7966,13
2026-04-21 09:47:00,2.7911,2.7916,2.7911,2.7911,2.7961,2.7966,2.7961,2.7961,3
2026-04-21 09:48:00,2.7916,2.7916,2.7896,2.7906,2.7966,2.7966,2.7946,2.7956,7
2026-04-21 09:49:00,2.7901,2.7906,2.7886,2.7891,2.7951,2.7956,2.7936,2.7941,11
2026-04-21 09:50:00,2.7896,2.7896,2.7856,2.7896,2.7946,2.7946,2.7906,2.7946,30
2026-04-21 09:51:00,2.7901,2.7906,2.7891,2.7896,2.7951,2.7956,2.7941,2.7946,9
2026-04-21 09:53:00,2.7906,2.7921,2.7901,2.7901,2.7956,2.7971,2.7951,2.7951,10
2026-04-21 09:54:00,2.7906,2.7906,2.7901,2.7906,2.7956,2.7956,2.7951,2.7956,9
2026-04-21 09:55:00,2.7901,2.7906,2.7901,2.7906,2.7951,2.7956,2.7951,2.7956,6
2026-04-21 09:57:00,2.7916,2.7916,2.7906,2.7906,2.7966,2.7966,2.7956,2.7956,2
2026-04-21 09:58:00,2.7911,2.7916,2.7906,2.7906,2.7961,2.7966,2.7956,2.7956,12
2026-04-21 09:59:00,2.7896,2.7911,2.7896,2.7911,2.7946,2.7961,2.7946,2.7961,4
2026-04-21 10:00:00,2.7916,2.7946,2.7906,2.7931,2.7966,2.7996,2.7956,2.7981,18
2026-04-21 10:01:00,2.7936,2.7941,2.7921,2.7931,2.7986,2.7991,2.7971,2.7981,16
2026-04-21 10:02:00,2.7926,2.7946,2.7916,2.7931,2.7976,2.7996,2.7966,2.7981,24
2026-04-21 10:03:00,2.7926,2.7941,2.7926,2.7941,2.7976,2.7991,2.7976,2.7991,8
2026-04-21 10:04:00,2.7946,2.7961,2.7946,2.7956,2.7996,2.8011,2.7996,2.8006,4
2026-04-21 10:05:00,2.7951,2.7966,2.7946,2.7951,2.8001,2.8016,2.7996,2.8001,19
2026-04-21 10:06:00,2.7956,2.7956,2.7946,2.7956,2.8006,2.8006,2.7996,2.8006,17
2026-04-21 10:07:00,2.7951,2.7956,2.7946,2.7951,2.8001,2.8006,2.7996,2.8001,10
2026-04-21 10:08:00,2.7946,2.7946,2.7936,2.7936,2.7996,2.7996,2.7986,2.7986,5
2026-04-21 10:09:00,2.7941,2.7941,2.7936,2.7941,2.7991,2.7991,2.7986,2.7991,5
2026-04-21 10:10:00,2.7936,2.7951,2.7936,2.7946,2.7986,2.8001,2.7986,2.7996,5
2026-04-21 10:11:00,2.7951,2.7956,2.7946,2.7956,2.8001,2.8006,2.7996,2.8006,14
2026-04-21 10:12:00,2.7951,2.7966,2.7946,2.7966,2.8001,2.8016,2.7996,2.8016,33
2026-04-21 10:13:00,2.7976,2.7986,2.7976,2.7986,2.8026,2.8036,2.8026,2.8036,4
2026-04-21 10:14:00,2.7996,2.7996,2.7981,2.7981,2.8046,2.8046,2.8031,2.8031,5
2026-04-21 10:15:00,2.7986,2.7986,2.7966,2.7971,2.8036,2.8036,2.8016,2.8021,18
2026-04-21 10:16:00,2.7966,2.7976,2.7966,2.7976,2.8016,2.8026,2.8016,2.8026,6
2026-04-21 10:18:00,2.7986,2.7991,2.7986,2.7991,2.8036,2.8041,2.8036,2.8041,2
2026-04-21 10:19:00,2.7996,2.8016,2.7986,2.8006,2.8046,2.8066,2.8036,2.8056,28
2026-04-21 10:20:00,2.8011,2.8011,2.7986,2.7986,2.8061,2.8061,2.8036,2.8036,17
2026-04-21 10:21:00,2.7991,2.7991,2.7986,2.7986,2.8041,2.8041,2.8036,2.8036,6
2026-04-21 10:22:00,2.7976,2.8006,2.7976,2.8006,2.8026,2.8056,2.8026,2.8056,12
2026-04-21 10:23:00,2.8001,2.8001,2.7981,2.7981,2.8051,2.8051,2.8031,2.8031,5
2026-04-21 10:24:00,2.7986,2.7991,2.7976,2.7981,2.8036,2.8041,2.8026,2.8031,7
2026-04-21 10:25:00,2.7976,2.7986,2.7966,2.7966,2.8026,2.8036,2.8016,2.8016,10
2026-04-21 10:26:00,2.7971,2.7971,2.7961,2.7961,2.8021,2.8021,2.8011,2.8011,5
2026-04-21 10:27:00,2.7966,2.7966,2.7961,2.7966,2.8016,2.8016,2.8011,2.8016,13
2026-04-21 10:28:00,2.7961,2.7961,2.7941,2.7941,2.8011,2.8011,2.7991,2.7991,18
2026-04-21 10:29:00,2.7946,2.7956,2.7946,2.7956,2.7996,2.8006,2.7996,2.8006,8
2026-04-21 10:30:00,2.7961,2.7986,2.7956,2.7981,2.8011,2.8036,2.8006,2.8031,22
2026-04-21 10:31:00,2.7976,2.7981,2.7966,2.7966,2.8026,2.8031,2.8016,2.8016,8
2026-04-21 10:32:00,2.7971,2.7976,2.7966,2.7971,2.8021,2.8026,2.8016,2.8021,11
2026-04-21 10:33:00,2.7976,2.7976,2.7966,2.7966,2.8026,2.8026,2.8016,2.8016,6
2026-04-21 10:34:00,2.7961,2.7966,2.7956,2.7961,2.8011,2.8016,2.8006,2.8011,11
2026-04-21 10:35:00,2.7966,2.7976,2.7966,2.7976,2.8016,2.8026,2.8016,2.8026,17
2026-04-21 10:36:00,2.7986,2.7991,2.7981,2.7981,2.8036,2.8041,2.8031,2.8031,6
2026-04-21 10:37:00,2.7986,2.7986,2.7976,2.7976,2.8036,2.8036,2.8026,2.8026,3
2026-04-21 10:38:00,2.7981,2.7981,2.7976,2.7976,2.8031,2.8031,2.8026,2.8026,4
2026-04-21 10:39:00,2.7966,2.7976,2.7966,2.7971,2.8016,2.8026,2.8016,2.8021,3
2026-04-21 10:40:00,2.7976,2.7986,2.7971,2.7981,2.8026,2.8036,2.8021,2.8031,8
2026-04-21 10:41:00,2.7976,2.7996,2.7976,2.7986,2.8026,2.8046,2.8026,2.8036,5
2026-04-21 10:42:00,2.7981,2.7981,2.7966,2.7966,2.8031,2.8031,2.8016,2.8016,4
2026-04-21 10:43:00,2.7961,2.7966,2.7946,2.7946,2.8011,2.8016,2.7996,2.7996,7
2026-04-21 10:44:00,2.7951,2.7966,2.7951,2.7956,2.8001,2.8016,2.8001,2.8006,10
2026-04-21 10:45:00,2.7951,2.7961,2.7946,2.7951,2.8001,2.8011,2.7996,2.8001,8
2026-04-21 10:46:00,2.7956,2.7961,2.7946,2.7951,2.8006,2.8011,2.7996,2.8001,15
2026-04-21 10:47:00,2.7956,2.7966,2.7951,2.7966,2.8006,2.8016,2.8001,2.8016,8
2026-04-21 10:48:00,2.7961,2.7961,2.7956,2.7956,2.8011,2.8011,2.8006,2.8006,4
2026-04-21 10:49:00,2.7961,2.7976,2.7961,2.7971,2.8011,2.8026,2.8011,2.8021,5
2026-04-21 10:50:00,2.7966,2.7976,2.7966,2.7976,2.8016,2.8026,2.8016,2.8026,7
2026-04-21 10:51:00,2.7971,2.7976,2.7971,2.7976,2.8021,2.8026,2.8021,2.8026,2
2026-04-21 10:52:00,2.7971,2.7976,2.7946,2.7956,2.8021,2.8026,2.7996,2.8006,22
2026-04-21 10:53:00,2.7951,2.7951,2.7946,2.7946,2.8001,2.8001,2.7996,2.7996,4
2026-04-21 10:54:00,2.7951,2.7956,2.7946,2.7951,2.8001,2.8006,2.7996,2.8001,8
2026-04-21 10:55:00,2.7956,2.7966,2.7956,2.7956,2.8006,2.8016,2.8006,2.8006,4
2026-04-21 10:56:00,2.7961,2.7966,2.7961,2.7961,2.8011,2.8016,2.8011,2.8011,13
2026-04-21 10:57:00,2.7966,2.7976,2.7961,2.7971,2.8016,2.8026,2.8011,2.8021,13
2026-04-21 10:58:00,2.7976,2.7976,2.7966,2.7971,2.8026,2.8026,2.8016,2.8021,4
2026-04-21 10:59:00,2.7976,2.7976,2.7966,2.7971,2.8026,2.8026,2.8016,2.8021,5
2026-04-21 11:00:00,2.7976,2.7981,2.7966,2.7976,2.8026,2.8031,2.8016,2.8026,10
2026-04-21 11:01:00,2.7981,2.8001,2.7976,2.7986,2.8031,2.8051,2.8026,2.8036,21
2026-04-21 11:02:00,2.7981,2.8011,2.7976,2.8001,2.8031,2.8061,2.8026,2.8051,13
2026-04-21 11:03:00,2.8006,2.8011,2.7996,2.7996,2.8056,2.8061,2.8046,2.8046,15
2026-04-21 11:04:00,2.8006,2.8006,2.7996,2.8001,2.8056,2.8056,2.8046,2.8051,8
2026-04-21 11:05:00,2.7996,2.8006,2.7986,2.7991,2.8046,2.8056,2.8036,2.8041,17
2026-04-21 11:06:00,2.7996,2.8001,2.7981,2.7986,2.8046,2.8051,2.8031,2.8036,14
2026-04-21 11:07:00,2.7991,2.7991,2.7981,2.7981,2.8041,2.8041,2.8031,2.8031,12
2026-04-21 11:08:00,2.7991,2.7991,2.7981,2.7986,2.8041,2.8041,2.8031,2.8036,15
2026-04-21 11:09:00,2.7981,2.8006,2.7981,2.8001,2.8031,2.8056,2.8031,2.8051,7
2026-04-21 11:10:00,2.7996,2.7996,2.7986,2.7991,2.8046,2.8046,2.8036,2.8041,22
2026-04-21 11:11:00,2.7996,2.7996,2.7986,2.7996,2.8046,2.8046,2.8036,2.8046,11
2026-04-21 11:12:00,2.7991,2.7996,2.7991,2.7996,2.8041,2.8046,2.8041,2.8046,2
2026-04-21 11:13:00,2.7991,2.7991,2.7981,2.7981,2.8041,2.8041,2.8031,2.8031,3
2026-04-21 11:14:00,2.7976,2.7986,2.7976,2.7976,2.8026,2.8036,2.8026,2.8026,5
2026-04-21 11:15:00,2.7981,2.8006,2.7981,2.7996,2.8031,2.8056,2.8031,2.8046,6
2026-04-21 11:16:00,2.8001,2.8001,2.7996,2.8001,2.8051,2.8051,2.8046,2.8051,7
2026-04-21 11:17:00,2.7996,2.7996,2.7976,2.7976,2.8046,2.8046,2.8026,2.8026,6
2026-04-21 11:18:00,2.7966,2.7971,2.7966,2.7966,2.8016,2.8021,2.8016,2.8016,3
2026-04-21 11:19:00,2.7976,2.7976,2.7971,2.7971,2.8026,2.8026,2.8021,2.8021,4
2026-04-21 11:20:00,2.7976,2.7981,2.7971,2.7981,2.8026,2.8031,2.8021,2.8031,4
2026-04-21 11:21:00,2.7986,2.7996,2.7981,2.7996,2.8036,2.8046,2.8031,2.8046,6
2026-04-21 11:22:00,2.7986,2.7996,2.7986,2.7991,2.8036,2.8046,2.8036,2.8041,8
2026-04-21 11:23:00,2.7996,2.8001,2.7996,2.8001,2.8046,2.8051,2.8046,2.8051,2
2026-04-21 11:24:00,2.8006,2.8016,2.8006,2.8006,2.8056,2.8066,2.8056,2.8056,5
2026-04-21 11:25:00,2.8001,2.8001,2.7996,2.8001,2.8051,2.8051,2.8046,2.8051,5
2026-04-21 11:26:00,2.7996,2.7996,2.7986,2.7986,2.8046,2.8046,2.8036,2.8036,3
2026-04-21 11:28:00,2.7991,2.8001,2.7991,2.8001,2.8041,2.8051,2.8041,2.8051,5
2026-04-21 11:29:00,2.7996,2.8001,2.7991,2.7991,2.8046,2.8051,2.8041,2.8041,6
2026-04-21 11:30:00,2.7986,2.7986,2.7971,2.7976,2.8036,2.8036,2.8021,2.8026,9
2026-04-21 11:31:00,2.7971,2.7976,2.7971,2.7976,2.8021,2.8026,2.8021,2.8026,2
2026-04-21 11:32:00,2.7981,2.7981,2.7976,2.7976,2.8031,2.8031,2.8026,2.8026,2
2026-04-21 11:34:00,2.7966,2.7976,2.7966,2.7976,2.8016,2.8026,2.8016,2.8026,5
2026-04-21 11:35:00,2.7981,2.7981,2.7976,2.7976,2.8031,2.8031,2.8026,2.8026,2
2026-04-21 11:36:00,2.7981,2.7981,2.7976,2.7981,2.8031,2.8031,2.8026,2.8031,3
2026-04-21 11:37:00,2.7991,2.7991,2.7991,2.7991,2.8041,2.8041,2.8041,2.8041,1
2026-04-21 11:38:00,2.7986,2.7986,2.7966,2.7971,2.8036,2.8036,2.8016,2.8021,5
2026-04-21 11:39:00,2.7966,2.7966,2.7956,2.7956,2.8016,2.8016,2.8006,2.8006,7
2026-04-21 11:40:00,2.7951,2.7956,2.7931,2.7931,2.8001,2.8006,2.7981,2.7981,12
2026-04-21 11:41:00,2.7936,2.7941,2.7926,2.7926,2.7986,2.7991,2.7976,2.7976,5
2026-04-21 11:42:00,2.7921,2.7931,2.7916,2.7926,2.7971,2.7981,2.7966,2.7976,6
2026-04-21 11:43:00,2.7931,2.7936,2.7931,2.7936,2.7981,2.7986,2.7981,2.7986,2
2026-04-21 11:44:00,2.7931,2.7941,2.7921,2.7926,2.7981,2.7991,2.7971,2.7976,15
2026-04-21 11:45:00,2.7931,2.7946,2.7926,2.7936,2.7981,2.7996,2.7976,2.7986,8
2026-04-21 11:46:00,2.7941,2.7946,2.7941,2.7946,2.7991,2.7996,2.7991,2.7996,2
2026-04-21 11:47:00,2.7951,2.7966,2.7951,2.7966,2.8001,2.8016,2.8001,2.8016,4
2026-04-21 11:48:00,2.7961,2.7996,2.7961,2.7996,2.8011,2.8046,2.8011,2.8046,12
2026-04-21 11:49:00,2.7991,2.7991,2.7976,2.7976,2.8041,2.8041,2.8026,2.8026,6
2026-04-21 11:50:00,2.7971,2.7976,2.7966,2.7971,2.8021,2.8026,2.8016,2.8021,6
2026-04-21 11:51:00,2.7976,2.7991,2.7966,2.7966,2.8026,2.8041,2.8016,2.8016,7
2026-04-21 11:52:00,2.7961,2.7966,2.7956,2.7956,2.8011,2.8016,2.8006,2.8006,8
2026-04-21 11:54:00,2.7961,2.7986,2.7961,2.7976,2.8011,2.8036,2.8011,2.8026,7
2026-04-21 11:55:00,2.7986,2.8016,2.7986,2.8006,2.8036,2.8066,2.8036,2.8056,13
2026-04-21 11:56:00,2.8011,2.8011,2.8011,2.8011,2.8061,2.8061,2.8061,2.8061,1
2026-04-21 11:57:00,2.8016,2.8036,2.8016,2.8036,2.8066,2.8086,2.8066,2.8086,11
2026-04-21 11:58:00,2.8031,2.8031,2.8006,2.8016,2.8081,2.8081,2.8056,2.8066,8
2026-04-21 11:59:00,2.8021,2.8031,2.8016,2.8026,2.8071,2.8081,2.8066,2.8076,5
2026-04-21 12:00:00,2.8021,2.8036,2.8016,2.8016,2.8071,2.8086,2.8066,2.8066,10
2026-04-21 12:01:00,2.8006,2.8021,2.8006,2.8006,2.8056,2.8071,2.8056,2.8056,11
2026-04-21 12:02:00,2.7996,2.7996,2.7996,2.7996,2.8046,2.8046,2.8046,2.8046,1
2026-04-21 12:03:00,2.8001,2.8011,2.7996,2.7996,2.8051,2.8061,2.8046,2.8046,11
2026-04-21 12:04:00,2.7991,2.7996,2.7986,2.7996,2.8041,2.8046,2.8036,2.8046,9
2026-04-21 12:05:00,2.7991,2.7991,2.7976,2.7986,2.8041,2.8041,2.8026,2.8036,7
2026-04-21 12:06:00,2.7991,2.7996,2.7991,2.7996,2.8041,2.8046,2.8041,2.8046,6
2026-04-21 12:07:00,2.7991,2.8006,2.7991,2.7996,2.8041,2.8056,2.8041,2.8046,10
2026-04-21 12:09:00,2.7986,2.8006,2.7986,2.8006,2.8036,2.8056,2.8036,2.8056,15
2026-04-21 12:10:00,2.8016,2.8066,2.8011,2.8036,2.8066,2.8116,2.8061,2.8086,26
2026-04-21 12:11:00,2.8046,2.8056,2.8046,2.8056,2.8096,2.8106,2.8096,2.8106,2
2026-04-21 12:12:00,2.8051,2.8066,2.8046,2.8066,2.8101,2.8116,2.8096,2.8116,8
2026-04-21 12:13:00,2.8061,2.8066,2.8061,2.8066,2.8111,2.8116,2.8111,2.8116,4
2026-04-21 12:14:00,2.8061,2.8061,2.8021,2.8021,2.8111,2.8111,2.8071,2.8071,11
2026-04-21 12:15:00,2.8026,2.8026,2.8016,2.8016,2.8076,2.8076,2.8066,2.8066,2
2026-04-21 12:16:00,2.8021,2.8031,2.8021,2.8026,2.8071,2.8081,2.8071,2.8076,3
2026-04-21 12:18:00,2.8031,2.8036,2.8031,2.8036,2.8081,2.8086,2.8081,2.8086,2
2026-04-21 12:19:00,2.8046,2.8056,2.8046,2.8046,2.8096,2.8106,2.8096,2.8096,12
2026-04-21 12:20:00,2.8056,2.8056,2.8051,2.8051,2.8106,2.8106,2.8101,2.8101,2
2026-04-21 12:21:00,2.8046,2.8046,2.8036,2.8041,2.8096,2.8096,2.8086,2.8091,4
2026-04-21 12:22:00,2.8046,2.8056,2.8046,2.8056,2.8096,2.8106,2.8096,2.8106,4
2026-04-21 12:23:00,2.8066,2.8066,2.8046,2.8046,2.8116,2.8116,2.8096,2.8096,6
2026-04-21 12:24:00,2.8056,2.8056,2.8041,2.8056,2.8106,2.8106,2.8091,2.8106,4
2026-04-21 12:25:00,2.8061,2.8066,2.8051,2.8051,2.8111,2.8116,2.8101,2.8101,6
2026-04-21 12:26:00,2.8056,2.8056,2.8046,2.8046,2.8106,2.8106,2.8096,2.8096,5
2026-04-21 12:28:00,2.8056,2.8056,2.8026,2.8036,2.8106,2.8106,2.8076,2.8086,7
2026-04-21 12:29:00,2.8026,2.8036,2.8026,2.8036,2.8076,2.8086,2.8076,2.8086,2
2026-04-21 12:30:00,2.8046,2.8046,2.8031,2.8031,2.8096,2.8096,2.8081,2.8081,5
2026-04-21 12:31:00,2.8026,2.8026,2.8011,2.8016,2.8076,2.8076,2.8061,2.8066,4
2026-04-21 12:32:00,2.8011,2.8016,2.8011,2.8016,2.8061,2.8066,2.8061,2.8066,4
2026-04-21 12:33:00,2.8021,2.8026,2.8006,2.8016,2.8071,2.8076,2.8056,2.8066,11
2026-04-21 12:34:00,2.8026,2.8031,2.8021,2.8031,2.8076,2.8081,2.8071,2.8081,4
2026-04-21 12:35:00,2.8036,2.8041,2.8036,2.8036,2.8086,2.8091,2.8086,2.8086,3
2026-04-21 12:36:00,2.8031,2.8036,2.8011,2.8011,2.8081,2.8086,2.8061,2.8061,7
2026-04-21 12:37:00,2.8006,2.8006,2.7996,2.7996,2.8056,2.8056,2.8046,2.8046,9
2026-04-21 12:38:00,2.8001,2.8016,2.8001,2.8006,2.8051,2.8066,2.8051,2.8056,6
2026-04-21 12:39:00,2.8011,2.8011,2.7996,2.7996,2.8061,2.8061,2.8046,2.8046,10
2026-04-21 12:40:00,2.8001,2.8016,2.8001,2.8016,2.8051,2.8066,2.8051,2.8066,8
2026-04-21 12:41:00,2.8011,2.8046,2.8011,2.8036,2.8061,2.8096,2.8061,2.8086,12
2026-04-21 12:42:00,2.8041,2.8046,2.8026,2.8031,2.8091,2.8096,2.8076,2.8081,9
2026-04-21 12:43:00,2.8026,2.8036,2.8026,2.8036,2.8076,2.8086,2.8076,2.8086,3
2026-04-21 12:44:00,2.8041,2.8051,2.8041,2.8041,2.8091,2.8101,2.8091,2.8091,6
2026-04-21 12:45:00,2.8036,2.8041,2.8026,2.8026,2.8086,2.8091,2.8076,2.8076,3
2026-04-21 12:46:00,2.8016,2.8026,2.8016,2.8026,2.8066,2.8076,2.8066,2.8076,3
2026-04-21 12:47:00,2.8021,2.8036,2.8016,2.8026,2.8071,2.8086,2.8066,2.8076,9
2026-04-21 12:48:00,2.8031,2.8041,2.8026,2.8036,2.8081,2.8091,2.8076,2.8086,22
2026-04-21 12:49:00,2.8031,2.8041,2.8026,2.8036,2.8081,2.8091,2.8076,2.8086,6
2026-04-21 12:50:00,2.8041,2.8046,2.8031,2.8031,2.8091,2.8096,2.8081,2.8081,7
2026-04-21 12:51:00,2.8036,2.8036,2.8026,2.8026,2.8086,2.8086,2.8076,2.8076,3
2026-04-21 12:52:00,2.8031,2.8036,2.8031,2.8036,2.8081,2.8086,2.8081,2.8086,2
2026-04-21 12:53:00,2.8031,2.8031,2.8026,2.8026,2.8081,2.8081,2.8076,2.8076,2
2026-04-21 12:55:00,2.8016,2.8036,2.8016,2.8031,2.8066,2.8086,2.8066,2.8081,15
2026-04-21 12:56:00,2.8036,2.8036,2.8036,2.8036,2.8086,2.8086,2.8086,2.8086,1
2026-04-21 12:57:00,2.8046,2.8066,2.8046,2.8066,2.8096,2.8116,2.8096,2.8116,10
2026-04-21 12:58:00,2.8076,2.8101,2.8076,2.8096,2.8126,2.8151,2.8126,2.8146,9
2026-04-21 12:59:00,2.8101,2.8101,2.8076,2.8086,2.8151,2.8151,2.8126,2.8136,15
2026-04-21 13:00:00,2.8081,2.8106,2.8066,2.8066,2.8131,2.8156,2.8116,2.8116,57
2026-04-21 13:01:00,2.8071,2.8086,2.8071,2.8076,2.8121,2.8136,2.8121,2.8126,23
2026-04-21 13:02:00,2.8071,2.8086,2.8056,2.8061,2.8121,2.8136,2.8106,2.8111,25
2026-04-21 13:03:00,2.8066,2.8086,2.8056,2.8071,2.8116,2.8136,2.8106,2.8121,19
2026-04-21 13:04:00,2.8076,2.8081,2.8066,2.8081,2.8126,2.8131,2.8116,2.8131,12
2026-04-21 13:05:00,2.8076,2.8076,2.8066,2.8071,2.8126,2.8126,2.8116,2.8121,9
2026-04-21 13:06:00,2.8066,2.8066,2.8056,2.8066,2.8116,2.8116,2.8106,2.8116,17
2026-04-21 13:07:00,2.8071,2.8086,2.8071,2.8076,2.8121,2.8136,2.8121,2.8126,8
2026-04-21 13:08:00,2.8081,2.8096,2.8071,2.8091,2.8131,2.8146,2.8121,2.8141,18
2026-04-21 13:09:00,2.8096,2.8171,2.8091,2.8146,2.8146,2.8221,2.8141,2.8196,83
2026-04-21 13:10:00,2.8151,2.8166,2.8136,2.8141,2.8201,2.8216,2.8186,2.8191,33
2026-04-21 13:11:00,2.8136,2.8136,2.8121,2.8126,2.8186,2.8186,2.8171,2.8176,9
2026-04-21 13:12:00,2.8136,2.8156,2.8086,2.8101,2.8186,2.8206,2.8136,2.8151,32
2026-04-21 13:13:00,2.8106,2.8106,2.8096,2.8096,2.8156,2.8156,2.8146,2.8146,16
2026-04-21 13:14:00,2.8101,2.8106,2.8091,2.8096,2.8151,2.8156,2.8141,2.8146,16
2026-04-21 13:15:00,2.8091,2.8106,2.8076,2.8076,2.8141,2.8156,2.8126,2.8126,21
2026-04-21 13:16:00,2.8081,2.8096,2.8081,2.8096,2.8131,2.8146,2.8131,2.8146,9
2026-04-21 13:17:00,2.8091,2.8096,2.8091,2.8096,2.8141,2.8146,2.8141,2.8146,6
2026-04-21 13:18:00,2.8091,2.8096,2.8086,2.8091,2.8141,2.8146,2.8136,2.8141,9
2026-04-21 13:19:00,2.8096,2.8106,2.8091,2.8096,2.8146,2.8156,2.8141,2.8146,11
2026-04-21 13:20:00,2.8091,2.8096,2.8076,2.8086,2.8141,2.8146,2.8126,2.8136,13
2026-04-21 13:21:00,2.8076,2.8076,2.8046,2.8056,2.8126,2.8126,2.8096,2.8106,34
2026-04-21 13:22:00,2.8061,2.8066,2.8056,2.8066,2.8111,2.8116,2.8106,2.8116,6
2026-04-21 13:23:00,2.8061,2.8066,2.8056,2.8066,2.8111,2.8116,2.8106,2.8116,3
2026-04-21 13:24:00,2.8061,2.8066,2.8041,2.8056,2.8111,2.8116,2.8091,2.8106,14
2026-04-21 13:25:00,2.8051,2.8076,2.8051,2.8071,2.8101,2.8126,2.8101,2.8121,11
2026-04-21 13:26:00,2.8076,2.8081,2.8056,2.8066,2.8126,2.8131,2.8106,2.8116,11
2026-04-21 13:27:00,2.8061,2.8076,2.8026,2.8036,2.8111,2.8126,2.8076,2.8086,13
2026-04-21 13:28:00,2.8031,2.8056,2.8031,2.8056,2.8081,2.8106,2.8081,2.8106,4
2026-04-21 13:29:00,2.8051,2.8056,2.8046,2.8056,2.8101,2.8106,2.8096,2.8106,9
2026-04-21 13:30:00,2.8046,2.8056,2.8046,2.8046,2.8096,2.8106,2.8096,2.8096,8
2026-04-21 13:31:00,2.8041,2.8041,2.8031,2.8041,2.8091,2.8091,2.8081,2.8091,11
2026-04-21 13:32:00,2.8036,2.8056,2.8026,2.8041,2.8086,2.8106,2.8076,2.8091,14
2026-04-21 13:33:00,2.8051,2.8056,2.8036,2.8056,2.8101,2.8106,2.8086,2.8106,15
2026-04-21 13:34:00,2.8051,2.8061,2.8051,2.8051,2.8101,2.8111,2.8101,2.8101,5
2026-04-21 13:35:00,2.8056,2.8056,2.8026,2.8026,2.8106,2.8106,2.8076,2.8076,5
2026-04-21 13:36:00,2.8036,2.8036,2.7986,2.7996,2.8086,2.8086,2.8036,2.8046,30
2026-04-21 13:37:00,2.7991,2.8006,2.7986,2.8006,2.8041,2.8056,2.8036,2.8056,13
2026-04-21 13:38:00,2.8001,2.8006,2.7986,2.8006,2.8051,2.8056,2.8036,2.8056,18
2026-04-21 13:39:00,2.8011,2.8016,2.8006,2.8006,2.8061,2.8066,2.8056,2.8056,10
2026-04-21 13:40:00,2.8016,2.8026,2.8006,2.8016,2.8066,2.8076,2.8056,2.8066,19
2026-04-21 13:41:00,2.8011,2.8061,2.8011,2.8041,2.8061,2.8111,2.8061,2.8091,19
2026-04-21 13:42:00,2.8046,2.8046,2.7976,2.7981,2.8096,2.8096,2.8026,2.8031,14
2026-04-21 13:43:00,2.7986,2.8006,2.7976,2.8006,2.8036,2.8056,2.8026,2.8056,10
2026-04-21 13:44:00,2.8011,2.8026,2.8006,2.8016,2.8061,2.8076,2.8056,2.8066,18
2026-04-21 13:45:00,2.8011,2.8026,2.8011,2.8016,2.8061,2.8076,2.8061,2.8066,9
2026-04-21 13:46:00,2.8021,2.8026,2.8021,2.8021,2.8071,2.8076,2.8071,2.8071,3
2026-04-21 13:47:00,2.8016,2.8021,2.7996,2.7996,2.8066,2.8071,2.8046,2.8046,14
2026-04-21 13:48:00,2.7986,2.8006,2.7986,2.7986,2.8036,2.8056,2.8036,2.8036,13
2026-04-21 13:49:00,2.7981,2.8006,2.7981,2.8006,2.8031,2.8056,2.8031,2.8056,14
2026-04-21 13:50:00,2.8016,2.8036,2.8006,2.8006,2.8066,2.8086,2.8056,2.8056,29
2026-04-21 13:51:00,2.8011,2.8066,2.8006,2.8056,2.8061,2.8116,2.8056,2.8106,22
2026-04-21 13:52:00,2.8061,2.8106,2.8061,2.8091,2.8111,2.8156,2.8111,2.8141,26
2026-04-21 13:53:00,2.8096,2.8146,2.8086,2.8126,2.8146,2.8196,2.8136,2.8176,58
2026-04-21 13:54:00,2.8136,2.8196,2.8136,2.8186,2.8186,2.8246,2.8186,2.8236,65
2026-04-21 13:55:00,2.8181,2.8196,2.8156,2.8166,2.8231,2.8246,2.8206,2.8216,39
2026-04-21 13:56:00,2.8161,2.8186,2.8161,2.8176,2.8211,2.8236,2.8211,2.8226,12
2026-04-21 13:57:00,2.8186,2.8191,2.8156,2.8161,2.8236,2.8241,2.8206,2.8211,11
2026-04-21 13:58:00,2.8166,2.8176,2.8146,2.8146,2.8216,2.8226,2.8196,2.8196,15
2026-04-21 13:59:00,2.8136,2.8161,2.8136,2.8141,2.8186,2.8211,2.8186,2.8191,17
2026-04-21 14:00:00,2.8146,2.8216,2.8146,2.8186,2.8196,2.8266,2.8196,2.8236,40
2026-04-21 14:01:00,2.8176,2.8196,2.8176,2.8196,2.8226,2.8246,2.8226,2.8246,10
2026-04-21 14:02:00,2.8191,2.8191,2.8176,2.8186,2.8241,2.8241,2.8226,2.8236,10
2026-04-21 14:03:00,2.8201,2.8226,2.8196,2.8206,2.8251,2.8276,2.8246,2.8256,44
2026-04-21 14:04:00,2.8211,2.8216,2.8186,2.8191,2.8261,2.8266,2.8236,2.8241,24
2026-04-21 14:05:00,2.8196,2.8201,2.8176,2.8186,2.8246,2.8251,2.8226,2.8236,12
2026-04-21 14:06:00,2.8196,2.8206,2.8181,2.8186,2.8246,2.8256,2.8231,2.8236,21
2026-04-21 14:07:00,2.8191,2.8196,2.8171,2.8186,2.8241,2.8246,2.8221,2.8236,16
2026-04-21 14:08:00,2.8191,2.8196,2.8176,2.8196,2.8241,2.8246,2.8226,2.8246,19
2026-04-21 14:09:00,2.8186,2.8186,2.8176,2.8176,2.8236,2.8236,2.8226,2.8226,3
2026-04-21 14:10:00,2.8171,2.8176,2.8166,2.8166,2.8221,2.8226,2.8216,2.8216,4
2026-04-21 14:11:00,2.8161,2.8166,2.8146,2.8161,2.8211,2.8216,2.8196,2.8211,12
2026-04-21 14:12:00,2.8166,2.8176,2.8166,2.8171,2.8216,2.8226,2.8216,2.8221,8
2026-04-21 14:13:00,2.8166,2.8176,2.8166,2.8176,2.8216,2.8226,2.8216,2.8226,4
2026-04-21 14:14:00,2.8181,2.8246,2.8176,2.8236,2.8231,2.8296,2.8226,2.8286,33
2026-04-21 14:15:00,2.8241,2.8261,2.8226,2.8256,2.8291,2.8311,2.8276,2.8306,39
2026-04-21 14:16:00,2.8261,2.8266,2.8226,2.8226,2.8311,2.8316,2.8276,2.8276,17
2026-04-21 14:17:00,2.8231,2.8231,2.8226,2.8226,2.8281,2.8281,2.8276,2.8276,2
2026-04-21 14:18:00,2.8216,2.8236,2.8216,2.8216,2.8266,2.8286,2.8266,2.8266,15
2026-04-21 14:19:00,2.8221,2.8236,2.8216,2.8236,2.8271,2.8286,2.8266,2.8286,21
2026-04-21 14:20:00,2.8231,2.8236,2.8216,2.8216,2.8281,2.8286,2.8266,2.8266,5
2026-04-21 14:21:00,2.8211,2.8241,2.8196,2.8236,2.8261,2.8291,2.8246,2.8286,19
2026-04-21 14:22:00,2.8241,2.8241,2.8226,2.8226,2.8291,2.8291,2.8276,2.8276,10
2026-04-21 14:23:00,2.8231,2.8231,2.8221,2.8226,2.8281,2.8281,2.8271,2.8276,14
2026-04-21 14:24:00,2.8231,2.8236,2.8226,2.8226,2.8281,2.8286,2.8276,2.8276,24
2026-04-21 14:25:00,2.8231,2.8246,2.8231,2.8246,2.8281,2.8296,2.8281,2.8296,18
2026-04-21 14:26:00,2.8251,2.8251,2.8206,2.8216,2.8301,2.8301,2.8256,2.8266,32
2026-04-21 14:27:00,2.8211,2.8211,2.8181,2.8191,2.8261,2.8261,2.8231,2.8241,12
2026-04-21 14:28:00,2.8196,2.8206,2.8191,2.8201,2.8246,2.8256,2.8241,2.8251,19
2026-04-21 14:29:00,2.8206,2.8221,2.8196,2.8196,2.8256,2.8271,2.8246,2.8246,25
2026-04-21 14:30:00,2.8201,2.8216,2.8186,2.8206,2.8251,2.8266,2.8236,2.8256,41
2026-04-21 14:31:00,2.8201,2.8206,2.8171,2.8176,2.8251,2.8256,2.8221,2.8226,15
2026-04-21 14:32:00,2.8166,2.8166,2.8106,2.8116,2.8216,2.8216,2.8156,2.8166,54
2026-04-21 14:33:00,2.8121,2.8126,2.8116,2.8116,2.8171,2.8176,2.8166,2.8166,21
2026-04-21 14:34:00,2.8111,2.8136,2.8111,2.8126,2.8161,2.8186,2.8161,2.8176,20
2026-04-21 14:35:00,2.8121,2.8126,2.8116,2.8126,2.8171,2.8176,2.8166,2.8176,16
2026-04-21 14:36:00,2.8121,2.8121,2.8101,2.8106,2.8171,2.8171,2.8151,2.8156,14
2026-04-21 14:37:00,2.8111,2.8161,2.8101,2.8131,2.8161,2.8211,2.8151,2.8181,35
2026-04-21 14:38:00,2.8136,2.8186,2.8126,2.8156,2.8186,2.8236,2.8176,2.8206,34
2026-04-21 14:39:00,2.8161,2.8181,2.8146,2.8176,2.8211,2.8231,2.8196,2.8226,30
2026-04-21 14:40:00,2.8181,2.8216,2.8181,2.8196,2.8231,2.8266,2.8231,2.8246,45
2026-04-21 14:41:00,2.8206,2.8256,2.8201,2.8256,2.8256,2.8306,2.8251,2.8306,45
2026-04-21 14:42:00,2.8261,2.8276,2.8216,2.8231,2.8311,2.8326,2.8266,2.8281,25
2026-04-21 14:43:00,2.8226,2.8246,2.8206,2.8211,2.8276,2.8296,2.8256,2.8261,28
2026-04-21 14:44:00,2.8206,2.8246,2.8206,2.8236,2.8256,2.8296,2.8256,2.8286,21
2026-04-21 14:45:00,2.8231,2.8231,2.8196,2.8196,2.8281,2.8281,2.8246,2.8246,20
2026-04-21 14:46:00,2.8206,2.8206,2.8176,2.8176,2.8256,2.8256,2.8226,2.8226,18
2026-04-21 14:47:00,2.8171,2.8181,2.8156,2.8176,2.8221,2.8231,2.8206,2.8226,12
2026-04-21 14:48:00,2.8181,2.8216,2.8181,2.8216,2.8231,2.8266,2.8231,2.8266,6
2026-04-21 14:49:00,2.8206,2.8236,2.8206,2.8211,2.8256,2.8286,2.8256,2.8261,22
2026-04-21 14:50:00,2.8206,2.8236,2.8186,2.8236,2.8256,2.8286,2.8236,2.8286,46
2026-04-21 14:51:00,2.8226,2.8236,2.8216,2.8236,2.8276,2.8286,2.8266,2.8286,24
2026-04-21 14:52:00,2.8231,2.8246,2.8226,2.8236,2.8281,2.8296,2.8276,2.8286,10
2026-04-21 14:53:00,2.8231,2.8256,2.8216,2.8226,2.8281,2.8306,2.8266,2.8276,30
2026-04-21 14:54:00,2.8236,2.8256,2.8226,2.8236,2.8286,2.8306,2.8276,2.8286,30
2026-04-21 14:55:00,2.8241,2.8246,2.8236,2.8236,2.8291,2.8296,2.8286,2.8286,13
2026-04-21 14:56:00,2.8246,2.8246,2.8196,2.8211,2.8296,2.8296,2.8246,2.8261,33
2026-04-21 14:57:00,2.8216,2.8226,2.8211,2.8211,2.8266,2.8276,2.8261,2.8261,25
2026-04-21 14:58:00,2.8206,2.8221,2.8201,2.8206,2.8256,2.8271,2.8251,2.8256,12
2026-04-21 14:59:00,2.8211,2.8216,2.8206,2.8206,2.8261,2.8266,2.8256,2.8256,6
2026-04-21 15:00:00,2.8196,2.8206,2.8126,2.8156,2.8246,2.8256,2.8176,2.8206,70
2026-04-21 15:01:00,2.8151,2.8236,2.8151,2.8216,2.8201,2.8286,2.8201,2.8266,61
2026-04-21 15:02:00,2.8206,2.8216,2.8151,2.8166,2.8256,2.8266,2.8201,2.8216,44
2026-04-21 15:03:00,2.8161,2.8176,2.8146,2.8146,2.8211,2.8226,2.8196,2.8196,29
2026-04-21 15:04:00,2.8136,2.8166,2.8136,2.8151,2.8186,2.8216,2.8186,2.8201,27
2026-04-21 15:05:00,2.8146,2.8166,2.8136,2.8146,2.8196,2.8216,2.8186,2.8196,25
2026-04-21 15:06:00,2.8136,2.8141,2.8126,2.8136,2.8186,2.8191,2.8176,2.8186,13
2026-04-21 15:07:00,2.8126,2.8146,2.8126,2.8136,2.8176,2.8196,2.8176,2.8186,10
2026-04-21 15:08:00,2.8131,2.8146,2.8126,2.8146,2.8181,2.8196,2.8176,2.8196,11
2026-04-21 15:09:00,2.8136,2.8176,2.8136,2.8176,2.8186,2.8226,2.8186,2.8226,16
2026-04-21 15:10:00,2.8171,2.8176,2.8156,2.8166,2.8221,2.8226,2.8206,2.8216,13
2026-04-21 15:11:00,2.8171,2.8176,2.8156,2.8176,2.8221,2.8226,2.8206,2.8226,7
2026-04-21 15:12:00,2.8171,2.8176,2.8156,2.8161,2.8221,2.8226,2.8206,2.8211,11
2026-04-21 15:13:00,2.8166,2.8166,2.8096,2.8096,2.8216,2.8216,2.8146,2.8146,28
2026-04-21 15:14:00,2.8101,2.8136,2.8096,2.8126,2.8151,2.8186,2.8146,2.8176,33
2026-04-21 15:15:00,2.8121,2.8136,2.8106,2.8136,2.8171,2.8186,2.8156,2.8186,26
2026-04-21 15:16:00,2.8131,2.8131,2.8096,2.8106,2.8181,2.8181,2.8146,2.8156,19
2026-04-21 15:17:00,2.8101,2.8106,2.8066,2.8096,2.8151,2.8156,2.8116,2.8146,38
2026-04-21 15:18:00,2.8086,2.8101,2.8076,2.8086,2.8136,2.8151,2.8126,2.8136,20
2026-04-21 15:19:00,2.8091,2.8126,2.8091,2.8126,2.8141,2.8176,2.8141,2.8176,18
2026-04-21 15:20:00,2.8121,2.8141,2.8106,2.8106,2.8171,2.8191,2.8156,2.8156,16
2026-04-21 15:21:00,2.8111,2.8136,2.8106,2.8121,2.8161,2.8186,2.8156,2.8171,23
2026-04-21 15:22:00,2.8126,2.8126,2.8106,2.8121,2.8176,2.8176,2.8156,2.8171,17
2026-04-21 15:23:00,2.8126,2.8126,2.8076,2.8086,2.8176,2.8176,2.8126,2.8136,56
2026-04-21 15:24:00,2.8081,2.8086,2.8076,2.8076,2.8131,2.8136,2.8126,2.8126,26
2026-04-21 15:25:00,2.8086,2.8086,2.8076,2.8086,2.8136,2.8136,2.8126,2.8136,34
2026-04-21 15:26:00,2.8081,2.8111,2.8076,2.8111,2.8131,2.8161,2.8126,2.8161,18
2026-04-21 15:27:00,2.8116,2.8126,2.8106,2.8116,2.8166,2.8176,2.8156,2.8166,37
2026-04-21 15:28:00,2.8111,2.8141,2.8111,2.8136,2.8161,2.8191,2.8161,2.8186,34
2026-04-21 15:29:00,2.8131,2.8136,2.8096,2.8096,2.8181,2.8186,2.8146,2.8146,29
2026-04-21 15:30:00,2.8086,2.8131,2.8076,2.8131,2.8136,2.8181,2.8126,2.8181,30
2026-04-21 15:31:00,2.8136,2.8166,2.8116,2.8156,2.8186,2.8216,2.8166,2.8206,27
2026-04-21 15:32:00,2.8151,2.8156,2.8141,2.8156,2.8201,2.8206,2.8191,2.8206,10
2026-04-21 15:33:00,2.8161,2.8176,2.8156,2.8166,2.8211,2.8226,2.8206,2.8216,11
2026-04-21 15:34:00,2.8161,2.8186,2.8116,2.8116,2.8211,2.8236,2.8166,2.8166,42
2026-04-21 15:35:00,2.8106,2.8111,2.8011,2.8046,2.8156,2.8161,2.8061,2.8096,104
2026-04-21 15:36:00,2.8036,2.8086,2.8036,2.8056,2.8086,2.8136,2.8086,2.8106,36
2026-04-21 15:37:00,2.8066,2.8066,2.7986,2.7996,2.8116,2.8116,2.8036,2.8046,62
2026-04-21 15:38:00,2.7991,2.8041,2.7991,2.8036,2.8041,2.8091,2.8041,2.8086,31
2026-04-21 15:39:00,2.8031,2.8066,2.8031,2.8061,2.8081,2.8116,2.8081,2.8111,14
2026-04-21 15:40:00,2.8051,2.8056,2.8036,2.8036,2.8101,2.8106,2.8086,2.8086,25
2026-04-21 15:41:00,2.8041,2.8076,2.8026,2.8066,2.8091,2.8126,2.8076,2.8116,20
2026-04-21 15:42:00,2.8061,2.8091,2.8061,2.8091,2.8111,2.8141,2.8111,2.8141,16
2026-04-21 15:43:00,2.8086,2.8106,2.8071,2.8081,2.8136,2.8156,2.8121,2.8131,18
2026-04-21 15:44:00,2.8076,2.8086,2.8066,2.8076,2.8126,2.8136,2.8116,2.8126,20
2026-04-21 15:45:00,2.8066,2.8086,2.8066,2.8086,2.8116,2.8136,2.8116,2.8136,19
2026-04-21 15:46:00,2.8081,2.8086,2.8056,2.8086,2.8131,2.8136,2.8106,2.8136,39
2026-04-21 15:47:00,2.8081,2.8091,2.8061,2.8091,2.8131,2.8141,2.8111,2.8141,27
2026-04-21 15:48:00,2.8096,2.8106,2.8081,2.8086,2.8146,2.8156,2.8131,2.8136,31
2026-04-21 15:49:00,2.8091,2.8106,2.8086,2.8091,2.8141,2.8156,2.8136,2.8141,9
2026-04-21 15:50:00,2.8096,2.8116,2.8091,2.8096,2.8146,2.8166,2.8141,2.8146,11
2026-04-21 15:51:00,2.8086,2.8171,2.8086,2.8166,2.8136,2.8221,2.8136,2.8216,22
2026-04-21 15:52:00,2.8171,2.8196,2.8136,2.8136,2.8221,2.8246,2.8186,2.8186,32
2026-04-21 15:53:00,2.8141,2.8166,2.8136,2.8151,2.8191,2.8216,2.8186,2.8201,15
2026-04-21 15:54:00,2.8156,2.8156,2.8126,2.8136,2.8206,2.8206,2.8176,2.8186,23
2026-04-21 15:55:00,2.8141,2.8146,2.8126,2.8136,2.8191,2.8196,2.8176,2.8186,10
2026-04-21 15:56:00,2.8131,2.8136,2.8111,2.8111,2.8181,2.8186,2.8161,2.8161,23
2026-04-21 15:57:00,2.8101,2.8111,2.8086,2.8096,2.8151,2.8161,2.8136,2.8146,14
2026-04-21 15:58:00,2.8106,2.8106,2.8086,2.8086,2.8156,2.8156,2.8136,2.8136,15
2026-04-21 15:59:00,2.8096,2.8096,2.8066,2.8096,2.8146,2.8146,2.8116,2.8146,18
2026-04-21 16:00:00,2.8091,2.8126,2.8081,2.8126,2.8141,2.8176,2.8131,2.8176,42
2026-04-21 16:01:00,2.8131,2.8136,2.8116,2.8126,2.8181,2.8186,2.8166,2.8176,9
2026-04-21 16:02:00,2.8131,2.8136,2.8106,2.8106,2.8181,2.8186,2.8156,2.8156,14
2026-04-21 16:03:00,2.8111,2.8116,2.8096,2.8096,2.8161,2.8166,2.8146,2.8146,13
2026-04-21 16:04:00,2.8086,2.8106,2.8056,2.8061,2.8136,2.8156,2.8106,2.8111,26
2026-04-21 16:05:00,2.8066,2.8106,2.8046,2.8106,2.8116,2.8156,2.8096,2.8156,28
2026-04-21 16:06:00,2.8101,2.8106,2.8086,2.8096,2.8151,2.8156,2.8136,2.8146,8
2026-04-21 16:07:00,2.8091,2.8096,2.8066,2.8086,2.8141,2.8146,2.8116,2.8136,14
2026-04-21 16:08:00,2.8096,2.8096,2.8066,2.8076,2.8146,2.8146,2.8116,2.8126,6
2026-04-21 16:09:00,2.8066,2.8076,2.8056,2.8076,2.8116,2.8126,2.8106,2.8126,24
2026-04-21 16:10:00,2.8071,2.8126,2.8071,2.8126,2.8121,2.8176,2.8121,2.8176,23
2026-04-21 16:11:00,2.8136,2.8196,2.8136,2.8156,2.8186,2.8246,2.8186,2.8206,33
2026-04-21 16:12:00,2.8146,2.8181,2.8146,2.8166,2.8196,2.8231,2.8196,2.8216,10
2026-04-21 16:13:00,2.8176,2.8186,2.8166,2.8171,2.8226,2.8236,2.8216,2.8221,21
2026-04-21 16:14:00,2.8166,2.8166,2.8146,2.8166,2.8216,2.8216,2.8196,2.8216,19
2026-04-21 16:15:00,2.8176,2.8176,2.8136,2.8166,2.8226,2.8226,2.8186,2.8216,18
2026-04-21 16:16:00,2.8171,2.8186,2.8146,2.8146,2.8221,2.8236,2.8196,2.8196,17
2026-04-21 16:17:00,2.8151,2.8176,2.8151,2.8176,2.8201,2.8226,2.8201,2.8226,10
2026-04-21 16:18:00,2.8171,2.8171,2.8156,2.8166,2.8221,2.8221,2.8206,2.8216,5
2026-04-21 16:19:00,2.8171,2.8176,2.8156,2.8156,2.8221,2.8226,2.8206,2.8206,9
2026-04-21 16:20:00,2.8166,2.8166,2.8136,2.8151,2.8216,2.8216,2.8186,2.8201,13
2026-04-21 16:21:00,2.8156,2.8166,2.8146,2.8161,2.8206,2.8216,2.8196,2.8211,17
2026-04-21 16:22:00,2.8156,2.8171,2.8156,2.8156,2.8206,2.8221,2.8206,2.8206,8
2026-04-21 16:23:00,2.8161,2.8186,2.8161,2.8176,2.8211,2.8236,2.8211,2.8226,16
2026-04-21 16:24:00,2.8171,2.8181,2.8156,2.8156,2.8221,2.8231,2.8206,2.8206,11
2026-04-21 16:25:00,2.8161,2.8181,2.8161,2.8166,2.8211,2.8231,2.8211,2.8216,20
2026-04-21 16:26:00,2.8171,2.8216,2.8166,2.8206,2.8221,2.8266,2.8216,2.8256,19
2026-04-21 16:27:00,2.8216,2.8216,2.8186,2.8186,2.8266,2.8266,2.8236,2.8236,7
2026-04-21 16:28:00,2.8196,2.8216,2.8191,2.8191,2.8246,2.8266,2.8241,2.8241,36
2026-04-21 16:29:00,2.8181,2.8196,2.8176,2.8186,2.8231,2.8246,2.8226,2.8236,24
2026-04-21 16:30:00,2.8181,2.8186,2.8176,2.8176,2.8231,2.8236,2.8226,2.8226,48
2026-04-21 16:31:00,2.8181,2.8196,2.8181,2.8186,2.8231,2.8246,2.8231,2.8236,24
2026-04-21 16:32:00,2.8196,2.8216,2.8186,2.8216,2.8246,2.8266,2.8236,2.8266,19
2026-04-21 16:33:00,2.8226,2.8276,2.8196,2.8266,2.8276,2.8326,2.8246,2.8316,40
2026-04-21 16:34:00,2.8276,2.8306,2.8266,2.8296,2.8326,2.8356,2.8316,2.8346,47
2026-04-21 16:35:00,2.8286,2.8296,2.8266,2.8266,2.8336,2.8346,2.8316,2.8316,29
2026-04-21 16:36:00,2.8271,2.8276,2.8266,2.8266,2.8321,2.8326,2.8316,2.8316,55
2026-04-21 16:37:00,2.8276,2.8346,2.8276,2.8336,2.8326,2.8396,2.8326,2.8386,60
2026-04-21 16:38:00,2.8346,2.8346,2.8316,2.8326,2.8396,2.8396,2.8366,2.8376,26
2026-04-21 16:39:00,2.8331,2.8346,2.8326,2.8346,2.8381,2.8396,2.8376,2.8396,29
2026-04-21 16:40:00,2.8351,2.8386,2.8351,2.8376,2.8401,2.8436,2.8401,2.8426,20
2026-04-21 16:41:00,2.8386,2.8406,2.8336,2.8346,2.8436,2.8456,2.8386,2.8396,68
2026-04-21 16:42:00,2.8351,2.8376,2.8326,2.8366,2.8401,2.8426,2.8376,2.8416,23
2026-04-21 16:43:00,2.8371,2.8371,2.8336,2.8336,2.8421,2.8421,2.8386,2.8386,21
2026-04-21 16:44:00,2.8331,2.8331,2.8301,2.8306,2.8381,2.8381,2.8351,2.8356,9
2026-04-21 16:45:00,2.8296,2.8301,2.8251,2.8256,2.8346,2.8351,2.8301,2.8306,35
2026-04-21 16:46:00,2.8246,2.8296,2.8226,2.8276,2.8296,2.8346,2.8276,2.8326,31
2026-04-21 16:47:00,2.8281,2.8306,2.8281,2.8286,2.8331,2.8356,2.8331,2.8336,37
2026-04-21 16:48:00,2.8291,2.8296,2.8286,2.8286,2.8341,2.8346,2.8336,2.8336,11
2026-04-21 16:49:00,2.8291,2.8316,2.8291,2.8306,2.8341,2.8366,2.8341,2.8356,14
2026-04-21 16:50:00,2.8316,2.8316,2.8296,2.8306,2.8366,2.8366,2.8346,2.8356,14
2026-04-21 16:51:00,2.8296,2.8316,2.8296,2.8296,2.8346,2.8366,2.8346,2.8346,13
2026-04-21 16:52:00,2.8286,2.8306,2.8286,2.8296,2.8336,2.8356,2.8336,2.8346,19
2026-04-21 16:53:00,2.8301,2.8316,2.8296,2.8311,2.8351,2.8366,2.8346,2.8361,23
2026-04-21 16:54:00,2.8306,2.8336,2.8306,2.8331,2.8356,2.8386,2.8356,2.8381,22
2026-04-21 16:55:00,2.8336,2.8376,2.8336,2.8376,2.8386,2.8426,2.8386,2.8426,20
2026-04-21 16:56:00,2.8381,2.8386,2.8366,2.8376,2.8431,2.8436,2.8416,2.8426,20
2026-04-21 16:57:00,2.8381,2.8416,2.8381,2.8406,2.8431,2.8466,2.8431,2.8456,36
2026-04-21 16:58:00,2.8401,2.8416,2.8386,2.8386,2.8451,2.8466,2.8436,2.8436,60
2026-04-21 16:59:00,2.8396,2.8406,2.8366,2.8376,2.8446,2.8456,2.8416,2.8426,32
2026-04-21 17:00:00,2.8366,2.8396,2.8346,2.8356,2.8416,2.8446,2.8396,2.8406,38
2026-04-21 17:01:00,2.8346,2.8356,2.8326,2.8346,2.8396,2.8406,2.8376,2.8396,25
2026-04-21 17:02:00,2.8351,2.8366,2.8346,2.8356,2.8401,2.8416,2.8396,2.8406,24
2026-04-21 17:03:00,2.8361,2.8361,2.8346,2.8361,2.8411,2.8411,2.8396,2.8411,25
2026-04-21 17:04:00,2.8356,2.8371,2.8346,2.8356,2.8406,2.8421,2.8396,2.8406,14
2026-04-21 17:05:00,2.8361,2.8371,2.8326,2.8336,2.8411,2.8421,2.8376,2.8386,18
2026-04-21 17:06:00,2.8341,2.8341,2.8316,2.8331,2.8391,2.8391,2.8366,2.8381,31
2026-04-21 17:07:00,2.8336,2.8336,2.8296,2.8301,2.8386,2.8386,2.8346,2.8351,34
2026-04-21 17:08:00,2.8311,2.8311,2.8246,2.8246,2.8361,2.8361,2.8296,2.8296,25
2026-04-21 17:09:00,2.8241,2.8256,2.8206,2.8236,2.8291,2.8306,2.8256,2.8286,31
2026-04-21 17:10:00,2.8226,2.8236,2.8196,2.8201,2.8276,2.8286,2.8246,2.8251,34
2026-04-21 17:11:00,2.8211,2.8236,2.8196,2.8236,2.8261,2.8286,2.8246,2.8286,42
2026-04-21 17:12:00,2.8231,2.8246,2.8226,2.8246,2.8281,2.8296,2.8276,2.8296,14
2026-04-21 17:13:00,2.8251,2.8261,2.8246,2.8261,2.8301,2.8311,2.8296,2.8311,19
2026-04-21 17:14:00,2.8256,2.8266,2.8246,2.8256,2.8306,2.8316,2.8296,2.8306,19
2026-04-21 17:15:00,2.8266,2.8296,2.8256,2.8296,2.8316,2.8346,2.8306,2.8346,32
2026-04-21 17:16:00,2.8306,2.8361,2.8306,2.8356,2.8356,2.8411,2.8356,2.8406,26
2026-04-21 17:17:00,2.8361,2.8371,2.8356,2.8356,2.8411,2.8421,2.8406,2.8406,19
2026-04-21 17:18:00,2.8351,2.8356,2.8326,2.8326,2.8401,2.8406,2.8376,2.8376,22
2026-04-21 17:19:00,2.8321,2.8331,2.8276,2.8281,2.8371,2.8381,2.8326,2.8331,26
2026-04-21 17:20:00,2.8286,2.8296,2.8266,2.8286,2.8336,2.8346,2.8316,2.8336,18
2026-04-21 17:21:00,2.8291,2.8296,2.8286,2.8296,2.8341,2.8346,2.8336,2.8346,11
2026-04-21 17:22:00,2.8306,2.8316,2.8296,2.8306,2.8356,2.8366,2.8346,2.8356,13
2026-04-21 17:23:00,2.8311,2.8346,2.8306,2.8336,2.8361,2.8396,2.8356,2.8386,22
2026-04-21 17:24:00,2.8346,2.8356,2.8336,2.8346,2.8396,2.8406,2.8386,2.8396,27
2026-04-21 17:25:00,2.8351,2.8376,2.8346,2.8356,2.8401,2.8426,2.8396,2.8406,24
2026-04-21 17:26:00,2.8351,2.8356,2.8346,2.8346,2.8401,2.8406,2.8396,2.8396,23
2026-04-21 17:27:00,2.8351,2.8366,2.8346,2.8356,2.8401,2.8416,2.8396,2.8406,33
2026-04-21 17:28:00,2.8346,2.8376,2.8346,2.8366,2.8396,2.8426,2.8396,2.8416,22
2026-04-21 17:29:00,2.8361,2.8366,2.8316,2.8346,2.8411,2.8416,2.8366,2.8396,32
2026-04-21 17:30:00,2.8341,2.8376,2.8336,2.8346,2.8391,2.8426,2.8386,2.8396,37
2026-04-21 17:31:00,2.8351,2.8361,2.8336,2.8336,2.8401,2.8411,2.8386,2.8386,20
2026-04-21 17:32:00,2.8341,2.8356,2.8321,2.8356,2.8391,2.8406,2.8371,2.8406,18
2026-04-21 17:33:00,2.8361,2.8366,2.8336,2.8336,2.8411,2.8416,2.8386,2.8386,15
2026-04-21 17:34:00,2.8331,2.8336,2.8311,2.8311,2.8381,2.8386,2.8361,2.8361,19
2026-04-21 17:35:00,2.8306,2.8326,2.8306,2.8326,2.8356,2.8376,2.8356,2.8376,23
2026-04-21 17:36:00,2.8321,2.8331,2.8316,2.8316,2.8371,2.8381,2.8366,2.8366,18
2026-04-21 17:37:00,2.8311,2.8316,2.8306,2.8306,2.8361,2.8366,2.8356,2.8356,8
2026-04-21 17:38:00,2.8311,2.8336,2.8306,2.8336,2.8361,2.8386,2.8356,2.8386,11
2026-04-21 17:39:00,2.8346,2.8376,2.8336,2.8341,2.8396,2.8426,2.8386,2.8391,34
2026-04-21 17:40:00,2.8346,2.8356,2.8336,2.8356,2.8396,2.8406,2.8386,2.8406,15
2026-04-21 17:41:00,2.8361,2.8376,2.8361,2.8366,2.8411,2.8426,2.8411,2.8416,5
2026-04-21 17:42:00,2.8371,2.8376,2.8346,2.8346,2.8421,2.8426,2.8396,2.8396,22
2026-04-21 17:43:00,2.8351,2.8371,2.8351,2.8366,2.8401,2.8421,2.8401,2.8416,21
2026-04-21 17:44:00,2.8371,2.8396,2.8366,2.8391,2.8421,2.8446,2.8416,2.8441,17
2026-04-21 17:45:00,2.8396,2.8406,2.8366,2.8366,2.8446,2.8456,2.8416,2.8416,20
2026-04-21 17:46:00,2.8371,2.8376,2.8366,2.8376,2.8421,2.8426,2.8416,2.8426,20
2026-04-21 17:47:00,2.8381,2.8381,2.8376,2.8376,2.8431,2.8431,2.8426,2.8426,4
2026-04-21 17:48:00,2.8366,2.8376,2.8366,2.8371,2.8416,2.8426,2.8416,2.8421,15
2026-04-21 17:49:00,2.8366,2.8396,2.8366,2.8396,2.8416,2.8446,2.8416,2.8446,18
2026-04-21 17:50:00,2.8401,2.8416,2.8361,2.8366,2.8451,2.8466,2.8411,2.8416,32
2026-04-21 17:51:00,2.8376,2.8376,2.8366,2.8376,2.8426,2.8426,2.8416,2.8426,14
2026-04-21 17:52:00,2.8381,2.8386,2.8366,2.8366,2.8431,2.8436,2.8416,2.8416,20
2026-04-21 17:53:00,2.8371,2.8376,2.8341,2.8346,2.8421,2.8426,2.8391,2.8396,34
2026-04-21 17:54:00,2.8356,2.8386,2.8356,2.8376,2.8406,2.8436,2.8406,2.8426,31
2026-04-21 17:55:00,2.8366,2.8381,2.8361,2.8381,2.8416,2.8431,2.8411,2.8431,9
2026-04-21 17:56:00,2.8386,2.8406,2.8376,2.8406,2.8436,2.8456,2.8426,2.8456,9
2026-04-21 17:57:00,2.8416,2.8446,2.8406,2.8436,2.8466,2.8496,2.8456,2.8486,21
2026-04-21 17:58:00,2.8431,2.8436,2.8396,2.8396,2.8481,2.8486,2.8446,2.8446,11
2026-04-21 17:59:00,2.8406,2.8406,2.8401,2.8406,2.8456,2.8456,2.8451,2.8456,3
2026-04-21 18:00:00,2.8396,2.8406,2.8361,2.8396,2.8446,2.8456,2.8411,2.8446,17
2026-04-21 18:01:00,2.8406,2.8421,2.8406,2.8421,2.8456,2.8471,2.8456,2.8471,10
2026-04-21 18:02:00,2.8426,2.8446,2.8416,2.8431,2.8476,2.8496,2.8466,2.8481,16
2026-04-21 18:03:00,2.8436,2.8436,2.8396,2.8416,2.8486,2.8486,2.8446,2.8466,48
2026-04-21 18:04:00,2.8421,2.8436,2.8416,2.8436,2.8471,2.8486,2.8466,2.8486,21
2026-04-21 18:05:00,2.8431,2.8436,2.8426,2.8426,2.8481,2.8486,2.8476,2.8476,18
2026-04-21 18:06:00,2.8431,2.8456,2.8431,2.8446,2.8481,2.8506,2.8481,2.8496,15
2026-04-21 18:07:00,2.8456,2.8456,2.8446,2.8456,2.8506,2.8506,2.8496,2.8506,10
2026-04-21 18:08:00,2.8446,2.8476,2.8446,2.8466,2.8496,2.8526,2.8496,2.8516,37
2026-04-21 18:09:00,2.8461,2.8466,2.8436,2.8446,2.8511,2.8516,2.8486,2.8496,16
2026-04-21 18:10:00,2.8436,2.8456,2.8436,2.8456,2.8486,2.8506,2.8486,2.8506,14
2026-04-21 18:11:00,2.8466,2.8466,2.8456,2.8466,2.8516,2.8516,2.8506,2.8516,13
2026-04-21 18:12:00,2.8471,2.8496,2.8466,2.8476,2.8521,2.8546,2.8516,2.8526,34
2026-04-21 18:13:00,2.8481,2.8486,2.8476,2.8476,2.8531,2.8536,2.8526,2.8526,31
2026-04-21 18:14:00,2.8466,2.8476,2.8466,2.8466,2.8516,2.8526,2.8516,2.8516,14
2026-04-21 18:15:00,2.8476,2.8476,2.8426,2.8426,2.8526,2.8526,2.8476,2.8476,32
2026-04-21 18:16:00,2.8431,2.8446,2.8406,2.8416,2.8481,2.8496,2.8456,2.8466,14
2026-04-21 18:17:00,2.8426,2.8426,2.8406,2.8406,2.8476,2.8476,2.8456,2.8456,7
2026-04-21 18:18:00,2.8411,2.8416,2.8406,2.8416,2.8461,2.8466,2.8456,2.8466,5
2026-04-21 18:19:00,2.8411,2.8416,2.8406,2.8406,2.8461,2.8466,2.8456,2.8456,12
2026-04-21 18:20:00,2.8401,2.8416,2.8396,2.8396,2.8451,2.8466,2.8446,2.8446,21
2026-04-21 18:21:00,2.8406,2.8406,2.8386,2.8396,2.8456,2.8456,2.8436,2.8446,17
2026-04-21 18:22:00,2.8391,2.8396,2.8366,2.8376,2.8441,2.8446,2.8416,2.8426,26
2026-04-21 18:23:00,2.8381,2.8411,2.8381,2.8411,2.8431,2.8461,2.8431,2.8461,9
2026-04-21 18:24:00,2.8416,2.8436,2.8396,2.8401,2.8466,2.8486,2.8446,2.8451,26
2026-04-21 18:25:00,2.8406,2.8411,2.8396,2.8401,2.8456,2.8461,2.8446,2.8451,23
2026-04-21 18:26:00,2.8396,2.8406,2.8386,2.8396,2.8446,2.8456,2.8436,2.8446,5
2026-04-21 18:27:00,2.8391,2.8396,2.8366,2.8396,2.8441,2.8446,2.8416,2.8446,21
2026-04-21 18:28:00,2.8391,2.8406,2.8386,2.8391,2.8441,2.8456,2.8436,2.8441,14
2026-04-21 18:29:00,2.8396,2.8396,2.8386,2.8386,2.8446,2.8446,2.8436,2.8436,11
2026-04-21 18:30:00,2.8376,2.8376,2.8346,2.8366,2.8426,2.8426,2.8396,2.8416,12
2026-04-21 18:31:00,2.8371,2.8386,2.8366,2.8381,2.8421,2.8436,2.8416,2.8431,11
2026-04-21 18:32:00,2.8386,2.8406,2.8386,2.8396,2.8436,2.8456,2.8436,2.8446,14
2026-04-21 18:33:00,2.8401,2.8406,2.8381,2.8396,2.8451,2.8456,2.8431,2.8446,11
2026-04-21 18:34:00,2.8391,2.8406,2.8386,2.8386,2.8441,2.8456,2.8436,2.8436,16
2026-04-21 18:35:00,2.8391,2.8391,2.8356,2.8366,2.8441,2.8441,2.8406,2.8416,20
2026-04-21 18:36:00,2.8371,2.8376,2.8356,2.8366,2.8421,2.8426,2.8406,2.8416,15
2026-04-21 18:37:00,2.8376,2.8406,2.8376,2.8381,2.8426,2.8456,2.8426,2.8431,12
2026-04-21 18:38:00,2.8376,2.8386,2.8366,2.8386,2.8426,2.8436,2.8416,2.8436,11
2026-04-21 18:39:00,2.8381,2.8386,2.8366,2.8366,2.8431,2.8436,2.8416,2.8416,11
2026-04-21 18:40:00,2.8376,2.8386,2.8336,2.8336,2.8426,2.8436,2.8386,2.8386,33
2026-04-21 18:41:00,2.8346,2.8356,2.8346,2.8356,2.8396,2.8406,2.8396,2.8406,11
2026-04-21 18:42:00,2.8366,2.8366,2.8351,2.8351,2.8416,2.8416,2.8401,2.8401,7
2026-04-21 18:43:00,2.8346,2.8356,2.8346,2.8356,2.8396,2.8406,2.8396,2.8406,14
2026-04-21 18:44:00,2.8366,2.8366,2.8356,2.8356,2.8416,2.8416,2.8406,2.8406,3
2026-04-21 18:45:00,2.8346,2.8356,2.8346,2.8346,2.8396,2.8406,2.8396,2.8396,11
2026-04-21 18:46:00,2.8356,2.8366,2.8356,2.8366,2.8406,2.8416,2.8406,2.8416,3
2026-04-21 18:47:00,2.8361,2.8366,2.8356,2.8356,2.8411,2.8416,2.8406,2.8406,11
2026-04-21 18:48:00,2.8361,2.8361,2.8346,2.8346,2.8411,2.8411,2.8396,2.8396,7
2026-04-21 18:49:00,2.8351,2.8351,2.8346,2.8346,2.8401,2.8401,2.8396,2.8396,2
2026-04-21 18:50:00,2.8356,2.8356,2.8346,2.8346,2.8406,2.8406,2.8396,2.8396,5
2026-04-21 18:51:00,2.8336,2.8356,2.8336,2.8346,2.8386,2.8406,2.8386,2.8396,15
2026-04-21 18:52:00,2.8336,2.8346,2.8336,2.8346,2.8386,2.8396,2.8386,2.8396,12
2026-04-21 18:53:00,2.8356,2.8376,2.8356,2.8376,2.8406,2.8426,2.8406,2.8426,13
2026-04-21 18:54:00,2.8381,2.8386,2.8376,2.8381,2.8431,2.8436,2.8426,2.8431,12
2026-04-21 18:55:00,2.8376,2.8386,2.8376,2.8381,2.8426,2.8436,2.8426,2.8431,4
2026-04-21 18:56:00,2.8376,2.8386,2.8376,2.8386,2.8426,2.8436,2.8426,2.8436,8
2026-04-21 18:57:00,2.8376,2.8386,2.8376,2.8376,2.8426,2.8436,2.8426,2.8426,7
2026-04-21 18:58:00,2.8386,2.8386,2.8376,2.8376,2.8436,2.8436,2.8426,2.8426,3
2026-04-21 18:59:00,2.8366,2.8366,2.8346,2.8356,2.8416,2.8416,2.8396,2.8406,4
2026-04-21 19:00:00,2.8351,2.8356,2.8336,2.8336,2.8401,2.8406,2.8386,2.8386,8
2026-04-21 19:01:00,2.8331,2.8336,2.8326,2.8331,2.8381,2.8386,2.8376,2.8381,9
2026-04-21 19:02:00,2.8346,2.8346,2.8331,2.8331,2.8396,2.8396,2.8381,2.8381,15
2026-04-21 19:03:00,2.8326,2.8331,2.8306,2.8316,2.8376,2.8381,2.8356,2.8366,14
2026-04-21 19:05:00,2.8326,2.8386,2.8316,2.8376,2.8376,2.8436,2.8366,2.8426,63
2026-04-21 19:06:00,2.8371,2.8386,2.8351,2.8366,2.8421,2.8436,2.8401,2.8416,31
2026-04-21 19:07:00,2.8371,2.8376,2.8366,2.8366,2.8421,2.8426,2.8416,2.8416,28
2026-04-21 19:08:00,2.8356,2.8366,2.8356,2.8361,2.8406,2.8416,2.8406,2.8411,12
2026-04-21 19:09:00,2.8356,2.8366,2.8346,2.8356,2.8406,2.8416,2.8396,2.8406,32
2026-04-21 19:10:00,2.8346,2.8416,2.8346,2.8386,2.8396,2.8466,2.8396,2.8436,36
2026-04-21 19:11:00,2.8391,2.8396,2.8376,2.8386,2.8441,2.8446,2.8426,2.8436,45
2026-04-21 19:12:00,2.8381,2.8426,2.8376,2.8401,2.8431,2.8476,2.8426,2.8451,35
2026-04-21 19:13:00,2.8396,2.8421,2.8396,2.8416,2.8446,2.8471,2.8446,2.8466,45
2026-04-21 19:14:00,2.8411,2.8416,2.8396,2.8406,2.8461,2.8466,2.8446,2.8456,19
2026-04-21 19:15:00,2.8401,2.8406,2.8366,2.8371,2.8451,2.8456,2.8416,2.8421,32
2026-04-21 19:16:00,2.8376,2.8376,2.8366,2.8376,2.8426,2.8426,2.8416,2.8426,19
2026-04-21 19:17:00,2.8381,2.8386,2.8376,2.8376,2.8431,2.8436,2.8426,2.8426,9
2026-04-21 19:18:00,2.8386,2.8396,2.8376,2.8396,2.8436,2.8446,2.8426,2.8446,14
2026-04-21 19:19:00,2.8401,2.8401,2.8376,2.8376,2.8451,2.8451,2.8426,2.8426,5
2026-04-21 19:20:00,2.8366,2.8366,2.8346,2.8351,2.8416,2.8416,2.8396,2.8401,21
2026-04-21 19:21:00,2.8356,2.8366,2.8351,2.8351,2.8406,2.8416,2.8401,2.8401,16
2026-04-21 19:22:00,2.8346,2.8346,2.8336,2.8336,2.8396,2.8396,2.8386,2.8386,2
2026-04-21 19:23:00,2.8341,2.8356,2.8336,2.8346,2.8391,2.8406,2.8386,2.8396,11
2026-04-21 19:24:00,2.8341,2.8346,2.8336,2.8336,2.8391,2.8396,2.8386,2.8386,12
2026-04-21 19:25:00,2.8331,2.8336,2.8316,2.8316,2.8381,2.8386,2.8366,2.8366,46
2026-04-21 19:26:00,2.8321,2.8346,2.8321,2.8336,2.8371,2.8396,2.8371,2.8386,15
2026-04-21 19:27:00,2.8331,2.8341,2.8326,2.8326,2.8381,2.8391,2.8376,2.8376,9
2026-04-21 19:28:00,2.8336,2.8336,2.8316,2.8326,2.8386,2.8386,2.8366,2.8376,5
2026-04-21 19:29:00,2.8331,2.8336,2.8326,2.8331,2.8381,2.8386,2.8376,2.8381,7
2026-04-21 19:30:00,2.8326,2.8326,2.8286,2.8286,2.8376,2.8376,2.8336,2.8336,56
2026-04-21 19:31:00,2.8291,2.8296,2.8266,2.8286,2.8341,2.8346,2.8316,2.8336,27
2026-04-21 19:32:00,2.8281,2.8311,2.8276,2.8306,2.8331,2.8361,2.8326,2.8356,14
2026-04-21 19:33:00,2.8301,2.8301,2.8286,2.8296,2.8351,2.8351,2.8336,2.8346,26
2026-04-21 19:34:00,2.8301,2.8316,2.8301,2.8316,2.8351,2.8366,2.8351,2.8366,3
2026-04-21 19:35:00,2.8321,2.8326,2.8316,2.8326,2.8371,2.8376,2.8366,2.8376,15
2026-04-21 19:36:00,2.8331,2.8336,2.8316,2.8326,2.8381,2.8386,2.8366,2.8376,10
2026-04-21 19:37:00,2.8316,2.8326,2.8311,2.8326,2.8366,2.8376,2.8361,2.8376,19
2026-04-21 19:38:00,2.8331,2.8331,2.8231,2.8256,2.8381,2.8381,2.8281,2.8306,53
2026-04-21 19:39:00,2.8251,2.8286,2.8236,2.8276,2.8301,2.8336,2.8286,2.8326,85
2026-04-21 19:40:00,2.8271,2.8276,2.8216,2.8236,2.8321,2.8326,2.8266,2.8286,92
2026-04-21 19:41:00,2.8241,2.8261,2.8236,2.8256,2.8291,2.8311,2.8286,2.8306,60
2026-04-21 19:42:00,2.8251,2.8286,2.8246,2.8266,2.8301,2.8336,2.8296,2.8316,47
2026-04-21 19:43:00,2.8261,2.8286,2.8221,2.8246,2.8311,2.8336,2.8271,2.8296,87
2026-04-21 19:44:00,2.8241,2.8256,2.8236,2.8256,2.8291,2.8306,2.8286,2.8306,46
2026-04-21 19:45:00,2.8251,2.8266,2.8236,2.8266,2.8301,2.8316,2.8286,2.8316,41
2026-04-21 19:46:00,2.8261,2.8286,2.8256,2.8276,2.8311,2.8336,2.8306,2.8326,18
2026-04-21 19:47:00,2.8271,2.8296,2.8271,2.8296,2.8321,2.8346,2.8321,2.8346,20
2026-04-21 19:48:00,2.8291,2.8296,2.8266,2.8276,2.8341,2.8346,2.8316,2.8326,8
2026-04-21 19:49:00,2.8271,2.8276,2.8266,2.8271,2.8321,2.8326,2.8316,2.8321,31
2026-04-21 19:50:00,2.8276,2.8276,2.8246,2.8256,2.8326,2.8326,2.8296,2.8306,35
2026-04-21 19:51:00,2.8261,2.8266,2.8246,2.8246,2.8311,2.8316,2.8296,2.8296,15
2026-04-21 19:52:00,2.8241,2.8256,2.8236,2.8251,2.8291,2.8306,2.8286,2.8301,13
2026-04-21 19:53:00,2.8256,2.8266,2.8251,2.8266,2.8306,2.8316,2.8301,2.8316,17
2026-04-21 19:54:00,2.8261,2.8276,2.8256,2.8261,2.8311,2.8326,2.8306,2.8311,19
2026-04-21 19:55:00,2.8266,2.8276,2.8256,2.8261,2.8316,2.8326,2.8306,2.8311,23
2026-04-21 19:56:00,2.8256,2.8266,2.8251,2.8256,2.8306,2.8316,2.8301,2.8306,13
2026-04-21 19:57:00,2.8266,2.8266,2.8256,2.8261,2.8316,2.8316,2.8306,2.8311,25
2026-04-21 19:58:00,2.8266,2.8266,2.8246,2.8251,2.8316,2.8316,2.8296,2.8301,29
2026-04-21 19:59:00,2.8256,2.8256,2.8226,2.8236,2.8306,2.8306,2.8276,2.8286,54
2026-04-21 20:00:00,2.8231,2.8236,2.8221,2.8226,2.8281,2.8286,2.8271,2.8276,42
2026-04-21 20:01:00,2.8221,2.8261,2.8221,2.8256,2.8271,2.8311,2.8271,2.8306,24
2026-04-21 20:02:00,2.8251,2.8276,2.8251,2.8271,2.8301,2.8326,2.8301,2.8321,36
2026-04-21 20:03:00,2.8266,2.8296,2.8266,2.8286,2.8316,2.8346,2.8316,2.8336,36
2026-04-21 20:04:00,2.8281,2.8306,2.8281,2.8306,2.8331,2.8356,2.8331,2.8356,8
2026-04-21 20:05:00,2.8301,2.8301,2.8266,2.8266,2.8351,2.8351,2.8316,2.8316,26
2026-04-21 20:06:00,2.8276,2.8286,2.8256,2.8276,2.8326,2.8336,2.8306,2.8326,18
2026-04-21 20:07:00,2.8271,2.8326,2.8266,2.8306,2.8321,2.8376,2.8316,2.8356,36
2026-04-21 20:08:00,2.8316,2.8356,2.8316,2.8356,2.8366,2.8406,2.8366,2.8406,19
2026-04-21 20:09:00,2.8346,2.8356,2.8336,2.8346,2.8396,2.8406,2.8386,2.8396,12
2026-04-21 20:10:00,2.8356,2.8396,2.8356,2.8391,2.8406,2.8446,2.8406,2.8441,29
2026-04-21 20:11:00,2.8386,2.8396,2.8376,2.8391,2.8436,2.8446,2.8426,2.8441,11
2026-04-21 20:12:00,2.8386,2.8386,2.8366,2.8376,2.8436,2.8436,2.8416,2.8426,23
2026-04-21 20:13:00,2.8371,2.8376,2.8366,2.8366,2.8421,2.8426,2.8416,2.8416,16
2026-04-21 20:14:00,2.8361,2.8366,2.8351,2.8356,2.8411,2.8416,2.8401,2.8406,14
2026-04-21 20:15:00,2.8346,2.8356,2.8316,2.8316,2.8396,2.8406,2.8366,2.8366,12
2026-04-21 20:16:00,2.8311,2.8406,2.8306,2.8366,2.8361,2.8456,2.8356,2.8416,84
2026-04-21 20:17:00,2.8361,2.8396,2.8361,2.8366,2.8411,2.8446,2.8411,2.8416,22
2026-04-21 20:18:00,2.8361,2.8366,2.8336,2.8336,2.8411,2.8416,2.8386,2.8386,24
2026-04-21 20:19:00,2.8331,2.8351,2.8331,2.8351,2.8381,2.8401,2.8381,2.8401,18
2026-04-21 20:20:00,2.8356,2.8396,2.8351,2.8386,2.8406,2.8446,2.8401,2.8436,24
2026-04-21 20:21:00,2.8381,2.8386,2.8366,2.8376,2.8431,2.8436,2.8416,2.8426,13
2026-04-21 20:22:00,2.8386,2.8386,2.8366,2.8366,2.8436,2.8436,2.8416,2.8416,18
2026-04-21 20:23:00,2.8356,2.8356,2.8336,2.8341,2.8406,2.8406,2.8386,2.8391,10
2026-04-21 20:24:00,2.8336,2.8346,2.8331,2.8336,2.8386,2.8396,2.8381,2.8386,15
2026-04-21 20:25:00,2.8341,2.8341,2.8286,2.8306,2.8391,2.8391,2.8336,2.8356,36
2026-04-21 20:26:00,2.8311,2.8326,2.8311,2.8326,2.8361,2.8376,2.8361,2.8376,22
2026-04-21 20:27:00,2.8321,2.8341,2.8316,2.8326,2.8371,2.8391,2.8366,2.8376,22
2026-04-21 20:28:00,2.8331,2.8376,2.8326,2.8326,2.8381,2.8426,2.8376,2.8376,40
2026-04-21 20:29:00,2.8331,2.8331,2.8286,2.8296,2.8381,2.8381,2.8336,2.8346,37
2026-04-21 20:30:00,2.8301,2.8366,2.8301,2.8336,2.8351,2.8416,2.8351,2.8386,48
2026-04-21 20:31:00,2.8331,2.8346,2.8326,2.8336,2.8381,2.8396,2.8376,2.8386,35
2026-04-21 20:32:00,2.8346,2.8346,2.8316,2.8331,2.8396,2.8396,2.8366,2.8381,21
2026-04-21 20:33:00,2.8321,2.8331,2.8316,2.8326,2.8371,2.8381,2.8366,2.8376,9
2026-04-21 20:34:00,2.8316,2.8346,2.8316,2.8336,2.8366,2.8396,2.8366,2.8386,21
2026-04-21 20:35:00,2.8346,2.8366,2.8336,2.8366,2.8396,2.8416,2.8386,2.8416,16
2026-04-21 20:36:00,2.8356,2.8376,2.8351,2.8361,2.8406,2.8426,2.8401,2.8411,17
2026-04-21 20:37:00,2.8356,2.8366,2.8356,2.8361,2.8406,2.8416,2.8406,2.8411,7
2026-04-21 20:38:00,2.8366,2.8376,2.8346,2.8346,2.8416,2.8426,2.8396,2.8396,10
2026-04-21 20:39:00,2.8341,2.8351,2.8336,2.8346,2.8391,2.8401,2.8386,2.8396,7
2026-04-21 20:40:00,2.8356,2.8356,2.8326,2.8326,2.8406,2.8406,2.8376,2.8376,12
2026-04-21 20:41:00,2.8336,2.8351,2.8326,2.8351,2.8386,2.8401,2.8376,2.8401,8
2026-04-21 20:42:00,2.8356,2.8356,2.8336,2.8336,2.8406,2.8406,2.8386,2.8386,11
2026-04-21 20:43:00,2.8346,2.8356,2.8336,2.8356,2.8396,2.8406,2.8386,2.8406,9
2026-04-21 20:44:00,2.8351,2.8376,2.8351,2.8371,2.8401,2.8426,2.8401,2.8421,8
2026-04-21 20:45:00,2.8366,2.8366,2.8346,2.8346,2.8416,2.8416,2.8396,2.8396,10
2026-04-21 20:46:00,2.8351,2.8356,2.8351,2.8356,2.8401,2.8406,2.8401,2.8406,4
2026-04-21 20:47:00,2.8351,2.8366,2.8346,2.8356,2.8401,2.8416,2.8396,2.8406,20
2026-04-21 20:48:00,2.8366,2.8386,2.8366,2.8376,2.8416,2.8436,2.8416,2.8426,19
2026-04-21 20:49:00,2.8381,2.8386,2.8376,2.8386,2.8431,2.8436,2.8426,2.8436,3
2026-04-21 20:50:00,2.8376,2.8386,2.8376,2.8386,2.8426,2.8436,2.8426,2.8436,7
2026-04-21 20:51:00,2.8376,2.8386,2.8376,2.8386,2.8426,2.8436,2.8426,2.8436,4
2026-04-21 20:52:00,2.8391,2.8406,2.8386,2.8396,2.8441,2.8456,2.8436,2.8446,10
2026-04-21 20:53:00,2.8391,2.8396,2.8391,2.8396,2.8441,2.8446,2.8441,2.8446,4
2026-04-21 20:54:00,2.8386,2.8386,2.8301,2.8316,2.8436,2.8436,2.8351,2.8366,67
2026-04-21 20:55:00,2.8321,2.8346,2.8286,2.8346,2.8371,2.8396,2.8336,2.8396,100
2026-04-21 20:56:00,2.8351,2.8356,2.8336,2.8346,2.8401,2.8406,2.8386,2.8396,37
2026-04-21 20:57:00,2.8351,2.8356,2.8306,2.8316,2.8401,2.8406,2.8356,2.8366,41
2026-04-21 20:58:00,2.8321,2.8331,2.8316,2.8326,2.8371,2.8381,2.8366,2.8376,41
2026-04-21 20:59:00,2.8321,2.8331,2.8306,2.8316,2.8371,2.8381,2.8356,2.8366,19
2026-04-21 21:00:00,2.8306,2.8321,2.8301,2.8306,2.8356,2.8371,2.8351,2.8356,31
2026-04-21 21:01:00,2.8316,2.8316,2.8286,2.8296,2.8366,2.8366,2.8336,2.8346,37
2026-04-21 21:02:00,2.8301,2.8306,2.8296,2.8306,2.8351,2.8356,2.8346,2.8356,13
2026-04-21 21:03:00,2.8301,2.8316,2.8296,2.8306,2.8351,2.8366,2.8346,2.8356,14
2026-04-21 21:04:00,2.8301,2.8306,2.8296,2.8306,2.8351,2.8356,2.8346,2.8356,19
2026-04-21 21:05:00,2.8301,2.8306,2.8296,2.8306,2.8351,2.8356,2.8346,2.8356,9
2026-04-21 21:06:00,2.8311,2.8316,2.8306,2.8311,2.8361,2.8366,2.8356,2.8361,10
2026-04-21 21:07:00,2.8316,2.8336,2.8306,2.8311,2.8366,2.8386,2.8356,2.8361,28
2026-04-21 21:08:00,2.8306,2.8306,2.8306,2.8306,2.8356,2.8356,2.8356,2.8356,1
2026-04-21 21:09:00,2.8301,2.8326,2.8301,2.8316,2.8351,2.8376,2.8351,2.8366,9
2026-04-21 21:11:00,2.8311,2.8311,2.8306,2.8311,2.8361,2.8361,2.8356,2.8361,3
2026-04-21 21:12:00,2.8306,2.8306,2.8276,2.8286,2.8356,2.8356,2.8326,2.8336,14
2026-04-21 21:13:00,2.8276,2.8301,2.8276,2.8296,2.8326,2.8351,2.8326,2.8346,18
2026-04-21 21:14:00,2.8301,2.8336,2.8291,2.8326,2.8351,2.8386,2.8341,2.8376,66
2026-04-21 21:15:00,2.8321,2.8346,2.8316,2.8336,2.8371,2.8396,2.8366,2.8386,41
2026-04-21 21:16:00,2.8326,2.8326,2.8306,2.8326,2.8376,2.8376,2.8356,2.8376,20
2026-04-21 21:17:00,2.8321,2.8346,2.8321,2.8336,2.8371,2.8396,2.8371,2.8386,23
2026-04-21 21:18:00,2.8331,2.8346,2.8331,2.8346,2.8381,2.8396,2.8381,2.8396,14
2026-04-21 21:19:00,2.8356,2.8356,2.8346,2.8346,2.8406,2.8406,2.8396,2.8396,9
2026-04-21 21:20:00,2.8341,2.8341,2.8336,2.8341,2.8391,2.8391,2.8386,2.8391,3
2026-04-21 21:21:00,2.8336,2.8346,2.8306,2.8336,2.8386,2.8396,2.8356,2.8386,46
2026-04-21 21:22:00,2.8341,2.8376,2.8336,2.8366,2.8391,2.8426,2.8386,2.8416,23
2026-04-21 21:23:00,2.8356,2.8356,2.8346,2.8356,2.8406,2.8406,2.8396,2.8406,6
2026-04-21 21:24:00,2.8351,2.8356,2.8316,2.8316,2.8401,2.8406,2.8366,2.8366,22
2026-04-21 21:25:00,2.8321,2.8326,2.8306,2.8306,2.8371,2.8376,2.8356,2.8356,9
2026-04-21 21:26:00,2.8311,2.8326,2.8296,2.8296,2.8361,2.8376,2.8346,2.8346,14
2026-04-21 21:27:00,2.8301,2.8311,2.8301,2.8311,2.8351,2.8361,2.8351,2.8361,5
2026-04-21 21:28:00,2.8316,2.8316,2.8306,2.8316,2.8366,2.8366,2.8356,2.8366,9
2026-04-21 21:29:00,2.8321,2.8321,2.8306,2.8306,2.8371,2.8371,2.8356,2.8356,5
2026-04-21 21:30:00,2.8311,2.8316,2.8306,2.8311,2.8361,2.8366,2.8356,2.8361,10
2026-04-21 21:31:00,2.8316,2.8316,2.8306,2.8306,2.8366,2.8366,2.8356,2.8356,3
2026-04-21 21:32:00,2.8311,2.8311,2.8306,2.8306,2.8361,2.8361,2.8356,2.8356,2
2026-04-21 21:33:00,2.8316,2.8326,2.8306,2.8306,2.8366,2.8376,2.8356,2.8356,6
2026-04-21 21:34:00,2.8311,2.8336,2.8306,2.8326,2.8361,2.8386,2.8356,2.8376,12
2026-04-21 21:35:00,2.8331,2.8346,2.8331,2.8346,2.8381,2.8396,2.8381,2.8396,16
2026-04-21 21:36:00,2.8341,2.8361,2.8336,2.8356,2.8391,2.8411,2.8386,2.8406,16
2026-04-21 21:37:00,2.8361,2.8361,2.8356,2.8356,2.8411,2.8411,2.8406,2.8406,2
2026-04-21 21:38:00,2.8366,2.8376,2.8356,2.8371,2.8416,2.8426,2.8406,2.8421,23
2026-04-21 21:39:00,2.8376,2.8376,2.8366,2.8366,2.8426,2.8426,2.8416,2.8416,25
2026-04-21 21:40:00,2.8371,2.8386,2.8361,2.8366,2.8421,2.8436,2.8411,2.8416,22
2026-04-21 21:41:00,2.8361,2.8426,2.8356,2.8426,2.8411,2.8476,2.8406,2.8476,29
2026-04-21 21:42:00,2.8436,2.8466,2.8426,2.8446,2.8486,2.8516,2.8476,2.8496,93
2026-04-21 21:43:00,2.8451,2.8456,2.8426,2.8446,2.8501,2.8506,2.8476,2.8496,37
2026-04-21 21:44:00,2.8441,2.8446,2.8426,2.8436,2.8491,2.8496,2.8476,2.8486,27
2026-04-21 21:45:00,2.8431,2.8441,2.8416,2.8426,2.8481,2.8491,2.8466,2.8476,20
2026-04-21 21:46:00,2.8416,2.8446,2.8416,2.8446,2.8466,2.8496,2.8466,2.8496,34
2026-04-21 21:47:00,2.8436,2.8446,2.8396,2.8406,2.8486,2.8496,2.8446,2.8456,36
2026-04-21 21:48:00,2.8396,2.8411,2.8386,2.8406,2.8446,2.8461,2.8436,2.8456,13
2026-04-21 21:49:00,2.8411,2.8426,2.8401,2.8416,2.8461,2.8476,2.8451,2.8466,31
2026-04-21 21:50:00,2.8411,2.8426,2.8411,2.8421,2.8461,2.8476,2.8461,2.8471,18
2026-04-21 21:51:00,2.8426,2.8446,2.8416,2.8446,2.8476,2.8496,2.8466,2.8496,19
2026-04-21 21:52:00,2.8451,2.8486,2.8446,2.8481,2.8501,2.8536,2.8496,2.8531,24
2026-04-21 21:53:00,2.8486,2.8486,2.8466,2.8471,2.8536,2.8536,2.8516,2.8521,19
2026-04-21 21:54:00,2.8466,2.8466,2.8456,2.8456,2.8516,2.8516,2.8506,2.8506,4
2026-04-21 21:55:00,2.8466,2.8471,2.8456,2.8456,2.8516,2.8521,2.8506,2.8506,32
2026-04-21 21:56:00,2.8461,2.8486,2.8456,2.8456,2.8511,2.8536,2.8506,2.8506,22
2026-04-21 21:57:00,2.8461,2.8461,2.8446,2.8451,2.8511,2.8511,2.8496,2.8501,11
2026-04-21 21:58:00,2.8446,2.8456,2.8436,2.8441,2.8496,2.8506,2.8486,2.8491,19
2026-04-21 21:59:00,2.8446,2.8446,2.8416,2.8426,2.8496,2.8496,2.8466,2.8476,14
2026-04-21 22:00:00,2.8431,2.8446,2.8426,2.8436,2.8481,2.8496,2.8476,2.8486,17
2026-04-21 22:01:00,2.8441,2.8456,2.8436,2.8451,2.8491,2.8506,2.8486,2.8501,9
2026-04-21 22:02:00,2.8456,2.8466,2.8451,2.8456,2.8506,2.8516,2.8501,2.8506,12
2026-04-21 22:03:00,2.8461,2.8486,2.8461,2.8476,2.8511,2.8536,2.8511,2.8526,17
2026-04-21 22:04:00,2.8481,2.8486,2.8476,2.8481,2.8531,2.8536,2.8526,2.8531,5
2026-04-21 22:05:00,2.8476,2.8486,2.8466,2.8481,2.8526,2.8536,2.8516,2.8531,13
2026-04-21 22:06:00,2.8476,2.8496,2.8476,2.8491,2.8526,2.8546,2.8526,2.8541,4
2026-04-21 22:07:00,2.8496,2.8501,2.8486,2.8496,2.8546,2.8551,2.8536,2.8546,17
2026-04-21 22:08:00,2.8491,2.8546,2.8491,2.8536,2.8541,2.8596,2.8541,2.8586,32
2026-04-21 22:09:00,2.8541,2.8546,2.8366,2.8431,2.8591,2.8596,2.8416,2.8481,128
2026-04-21 22:10:00,2.8426,2.8456,2.8346,2.8371,2.8476,2.8506,2.8396,2.8421,141
2026-04-21 22:11:00,2.8376,2.8416,2.8371,2.8401,2.8426,2.8466,2.8421,2.8451,75
2026-04-21 22:12:00,2.8396,2.8456,2.8396,2.8431,2.8446,2.8506,2.8446,2.8481,52
2026-04-21 22:13:00,2.8436,2.8466,2.8431,2.8456,2.8486,2.8516,2.8481,2.8506,35
2026-04-21 22:14:00,2.8451,2.8466,2.8441,2.8446,2.8501,2.8516,2.8491,2.8496,33
2026-04-21 22:15:00,2.8441,2.8461,2.8426,2.8436,2.8491,2.8511,2.8476,2.8486,42
2026-04-21 22:16:00,2.8441,2.8441,2.8386,2.8391,2.8491,2.8491,2.8436,2.8441,33
2026-04-21 22:17:00,2.8386,2.8416,2.8371,2.8416,2.8436,2.8466,2.8421,2.8466,51
2026-04-21 22:18:00,2.8426,2.8461,2.8426,2.8461,2.8476,2.8511,2.8476,2.8511,33
2026-04-21 22:19:00,2.8451,2.8461,2.8446,2.8461,2.8501,2.8511,2.8496,2.8511,8
2026-04-21 22:20:00,2.8451,2.8456,2.8436,2.8446,2.8501,2.8506,2.8486,2.8496,19
2026-04-21 22:21:00,2.8451,2.8451,2.8431,2.8431,2.8501,2.8501,2.8481,2.8481,14
2026-04-21 22:22:00,2.8426,2.8431,2.8401,2.8406,2.8476,2.8481,2.8451,2.8456,10
2026-04-21 22:23:00,2.8411,2.8421,2.8411,2.8416,2.8461,2.8471,2.8461,2.8466,8
2026-04-21 22:24:00,2.8411,2.8411,2.8396,2.8401,2.8461,2.8461,2.8446,2.8451,18
2026-04-21 22:25:00,2.8396,2.8406,2.8396,2.8401,2.8446,2.8456,2.8446,2.8451,18
2026-04-21 22:26:00,2.8406,2.8441,2.8406,2.8441,2.8456,2.8491,2.8456,2.8491,20
2026-04-21 22:27:00,2.8436,2.8441,2.8431,2.8431,2.8486,2.8491,2.8481,2.8481,8
2026-04-21 22:28:00,2.8426,2.8436,2.8421,2.8431,2.8476,2.8486,2.8471,2.8481,18
2026-04-21 22:29:00,2.8426,2.8436,2.8411,2.8421,2.8476,2.8486,2.8461,2.8471,7
2026-04-21 22:30:00,2.8416,2.8421,2.8406,2.8406,2.8466,2.8471,2.8456,2.8456,7
2026-04-21 22:31:00,2.8401,2.8411,2.8381,2.8391,2.8451,2.8461,2.8431,2.8441,20
2026-04-21 22:32:00,2.8386,2.8386,2.8366,2.8371,2.8436,2.8436,2.8416,2.8421,7
2026-04-21 22:33:00,2.8381,2.8381,2.8361,2.8376,2.8431,2.8431,2.8411,2.8426,19
2026-04-21 22:34:00,2.8371,2.8371,2.8356,2.8356,2.8421,2.8421,2.8406,2.8406,8
2026-04-21 22:35:00,2.8366,2.8376,2.8366,2.8376,2.8416,2.8426,2.8416,2.8426,5
2026-04-21 22:36:00,2.8381,2.8381,2.8381,2.8381,2.8431,2.8431,2.8431,2.8431,1
2026-04-21 22:37:00,2.8386,2.8401,2.8386,2.8396,2.8436,2.8451,2.8436,2.8446,7
2026-04-21 22:38:00,2.8376,2.8386,2.8366,2.8366,2.8426,2.8436,2.8416,2.8416,7
2026-04-21 22:39:00,2.8371,2.8376,2.8371,2.8376,2.8421,2.8426,2.8421,2.8426,2
2026-04-21 22:40:00,2.8381,2.8386,2.8376,2.8381,2.8431,2.8436,2.8426,2.8431,7
2026-04-21 22:41:00,2.8391,2.8401,2.8391,2.8396,2.8441,2.8451,2.8441,2.8446,6
2026-04-21 22:42:00,2.8406,2.8411,2.8406,2.8406,2.8456,2.8461,2.8456,2.8456,3
2026-04-21 22:43:00,2.8401,2.8401,2.8396,2.8396,2.8451,2.8451,2.8446,2.8446,2
2026-04-21 22:44:00,2.8406,2.8416,2.8406,2.8416,2.8456,2.8466,2.8456,2.8466,2
2026-04-21 22:45:00,2.8411,2.8416,2.8406,2.8406,2.8461,2.8466,2.8456,2.8456,4
2026-04-21 22:46:00,2.8416,2.8416,2.8406,2.8416,2.8466,2.8466,2.8456,2.8466,11
2026-04-21 22:47:00,2.8411,2.8416,2.8411,2.8411,2.8461,2.8466,2.8461,2.8461,3
2026-04-21 22:48:00,2.8406,2.8411,2.8386,2.8391,2.8456,2.8461,2.8436,2.8441,11
2026-04-21 22:49:00,2.8396,2.8406,2.8396,2.8396,2.8446,2.8456,2.8446,2.8446,6
2026-04-21 22:50:00,2.8401,2.8401,2.8386,2.8386,2.8451,2.8451,2.8436,2.8436,7
2026-04-21 22:51:00,2.8391,2.8401,2.8386,2.8391,2.8441,2.8451,2.8436,2.8441,7
2026-04-21 22:52:00,2.8386,2.8391,2.8386,2.8386,2.8436,2.8441,2.8436,2.8436,3
2026-04-21 22:54:00,2.8391,2.8406,2.8391,2.8401,2.8441,2.8456,2.8441,2.8451,4
2026-04-21 22:55:00,2.8406,2.8406,2.8396,2.8406,2.8456,2.8456,2.8446,2.8456,6
2026-04-21 22:56:00,2.8401,2.8411,2.8401,2.8411,2.8451,2.8461,2.8451,2.8461,9
2026-04-21 22:57:00,2.8406,2.8421,2.8406,2.8416,2.8456,2.8471,2.8456,2.8466,4
2026-04-21 22:58:00,2.8421,2.8456,2.8421,2.8446,2.8471,2.8506,2.8471,2.8496,16
2026-04-21 22:59:00,2.8451,2.8515,2.8441,2.8505,2.8501,2.8565,2.8491,2.8555,51
2026-04-22 00:00:00,2.836,2.84,2.8345,2.8345,2.841,2.845,2.8395,2.8395,37
2026-04-22 00:01:00,2.834,2.835,2.827,2.829,2.839,2.84,2.832,2.834,24
2026-04-22 00:02:00,2.8285,2.831,2.827,2.8295,2.8335,2.836,2.832,2.8345,18
2026-04-22 00:03:00,2.828,2.83,2.8275,2.8275,2.833,2.835,2.8325,2.8325,5
2026-04-22 00:04:00,2.828,2.83,2.8275,2.8295,2.833,2.835,2.8325,2.8345,6
2026-04-22 00:05:00,2.83,2.8385,2.83,2.836,2.835,2.8435,2.835,2.841,11
2026-04-22 00:06:00,2.835,2.835,2.8325,2.835,2.84,2.84,2.8375,2.84,11
2026-04-22 00:07:00,2.8355,2.8375,2.8345,2.8345,2.8405,2.8425,2.8395,2.8395,5
2026-04-22 00:08:00,2.836,2.836,2.8355,2.8355,2.841,2.841,2.8405,2.8405,2
2026-04-22 00:09:00,2.8365,2.8365,2.8365,2.8365,2.8415,2.8415,2.8415,2.8415,1
2026-04-22 00:10:00,2.837,2.837,2.837,2.837,2.842,2.842,2.842,2.842,1
2026-04-22 00:11:00,2.836,2.836,2.834,2.835,2.841,2.841,2.839,2.84,5
2026-04-22 00:12:00,2.834,2.834,2.834,2.834,2.839,2.839,2.839,2.839,1
2026-04-22 00:13:00,2.8345,2.836,2.8345,2.8355,2.8395,2.841,2.8395,2.8405,6
2026-04-22 00:14:00,2.834,2.834,2.834,2.834,2.839,2.839,2.839,2.839,1
2026-04-22 00:15:00,2.8335,2.834,2.833,2.834,2.8385,2.839,2.838,2.839,3
2026-04-22 00:16:00,2.8345,2.836,2.8345,2.8355,2.8395,2.841,2.8395,2.8405,4
2026-04-22 00:17:00,2.835,2.835,2.833,2.833,2.84,2.84,2.838,2.838,3
2026-04-22 00:18:00,2.834,2.835,2.834,2.8345,2.839,2.84,2.839,2.8395,10
2026-04-22 00:19:00,2.834,2.836,2.834,2.8345,2.839,2.841,2.839,2.8395,4
2026-04-22 00:21:00,2.835,2.8355,2.8345,2.835,2.84,2.8405,2.8395,2.84,4
2026-04-22 00:22:00,2.8345,2.8345,2.8345,2.8345,2.8395,2.8395,2.8395,2.8395,1
2026-04-22 00:24:00,2.834,2.834,2.834,2.834,2.839,2.839,2.839,2.839,1
2026-04-22 00:25:00,2.8335,2.8345,2.8335,2.8345,2.8385,2.8395,2.8385,2.8395,3
2026-04-22 00:29:00,2.834,2.8345,2.834,2.8345,2.839,2.8395,2.839,2.8395,2
2026-04-22 00:30:00,2.835,2.835,2.835,2.835,2.84,2.84,2.84,2.84,1
2026-04-22 00:31:00,2.8355,2.8355,2.835,2.835,2.8405,2.8405,2.84,2.84,2
2026-04-22 00:32:00,2.8355,2.836,2.8355,2.836,2.8405,2.841,2.8405,2.841,2
2026-04-22 00:33:00,2.8355,2.8355,2.8345,2.8345,2.8405,2.8405,2.8395,2.8395,4
2026-04-22 00:34:00,2.835,2.835,2.835,2.835,2.84,2.84,2.84,2.84,1
2026-04-22 00:35:00,2.8345,2.835,2.8345,2.8345,2.8395,2.84,2.8395,2.8395,11
2026-04-22 00:36:00,2.835,2.835,2.8345,2.8345,2.84,2.84,2.8395,2.8395,2
2026-04-22 00:37:00,2.8335,2.8335,2.833,2.833,2.8385,2.8385,2.838,2.838,2
2026-04-22 00:38:00,2.8335,2.8335,2.8335,2.8335,2.8385,2.8385,2.8385,2.8385,1
2026-04-22 00:39:00,2.833,2.833,2.833,2.833,2.838,2.838,2.838,2.838,1
2026-04-22 00:41:00,2.8335,2.8335,2.8335,2.8335,2.8385,2.8385,2.8385,2.8385,1
2026-04-22 00:56:00,2.833,2.8335,2.833,2.833,2.838,2.8385,2.838,2.838,3
2026-04-22 00:57:00,2.8335,2.834,2.833,2.833,2.8385,2.839,2.838,2.838,4
2026-04-22 01:01:00,2.8335,2.834,2.833,2.833,2.8385,2.839,2.838,2.838,5
2026-04-22 01:02:00,2.8335,2.8335,2.8335,2.8335,2.8385,2.8385,2.8385,2.8385,1
2026-04-22 01:04:00,2.833,2.833,2.833,2.833,2.838,2.838,2.838,2.838,1
2026-04-22 01:05:00,2.8335,2.834,2.8335,2.834,2.8385,2.839,2.8385,2.839,2
2026-04-22 01:06:00,2.833,2.833,2.8325,2.833,2.838,2.838,2.8375,2.838,3
2026-04-22 01:08:00,2.8335,2.8335,2.8335,2.8335,2.8385,2.8385,2.8385,2.8385,1
2026-04-22 01:10:00,2.834,2.834,2.833,2.833,2.839,2.839,2.838,2.838,2
2026-04-22 01:11:00,2.8335,2.8335,2.8335,2.8335,2.8385,2.8385,2.8385,2.8385,1
2026-04-22 01:14:00,2.834,2.834,2.8335,2.8335,2.839,2.839,2.8385,2.8385,2
2026-04-22 01:15:00,2.8345,2.8355,2.8345,2.8345,2.8395,2.8405,2.8395,2.8395,3
2026-04-22 01:16:00,2.834,2.834,2.834,2.834,2.839,2.839,2.839,2.839,1
2026-04-22 01:20:00,2.8345,2.835,2.8335,2.8335,2.8395,2.84,2.8385,2.8385,3
2026-04-22 01:26:00,2.833,2.833,2.832,2.832,2.838,2.838,2.837,2.837,2
2026-04-22 01:28:00,2.8325,2.838,2.8325,2.8365,2.8375,2.843,2.8375,2.8415,3
2026-04-22 01:30:00,2.836,2.836,2.836,2.836,2.841,2.841,2.841,2.841,1
2026-04-22 01:32:00,2.8355,2.8355,2.8355,2.8355,2.8405,2.8405,2.8405,2.8405,1
2026-04-22 01:35:00,2.836,2.836,2.836,2.836,2.841,2.841,2.841,2.841,1
2026-04-22 01:36:00,2.8365,2.8365,2.8365,2.8365,2.8415,2.8415,2.8415,2.8415,1
2026-04-22 01:37:00,2.836,2.836,2.836,2.836,2.841,2.841,2.841,2.841,1
2026-04-22 01:39:00,2.8365,2.8365,2.836,2.836,2.8415,2.8415,2.841,2.841,2
2026-04-22 01:40:00,2.837,2.8375,2.8365,2.8365,2.842,2.8425,2.8415,2.8415,3
2026-04-22 01:53:00,2.837,2.8375,2.8365,2.8365,2.842,2.8425,2.8415,2.8415,3
2026-04-22 01:58:00,2.836,2.8365,2.836,2.836,2.841,2.8415,2.841,2.841,3
2026-04-22 01:59:00,2.835,2.835,2.835,2.835,2.84,2.84,2.84,2.84,1
2026-04-22 02:00:00,2.8345,2.8345,2.8325,2.833,2.8395,2.8395,2.8375,2.838,9
2026-04-22 02:01:00,2.8325,2.8345,2.8325,2.8325,2.8375,2.8395,2.8375,2.8375,16
2026-04-22 02:02:00,2.832,2.833,2.832,2.8325,2.837,2.838,2.837,2.8375,12
2026-04-22 02:03:00,2.832,2.8325,2.8315,2.8325,2.837,2.8375,2.8365,2.8375,6
2026-04-22 02:05:00,2.834,2.834,2.831,2.831,2.839,2.839,2.836,2.836,12
2026-04-22 02:06:00,2.832,2.832,2.831,2.831,2.837,2.837,2.836,2.836,3
2026-04-22 02:07:00,2.83,2.831,2.83,2.831,2.835,2.836,2.835,2.836,13
2026-04-22 02:08:00,2.8305,2.8305,2.828,2.8285,2.8355,2.8355,2.833,2.8335,6
2026-04-22 02:09:00,2.828,2.829,2.828,2.8285,2.833,2.834,2.833,2.8335,21
2026-04-22 02:10:00,2.829,2.829,2.8275,2.8285,2.834,2.834,2.8325,2.8335,10
2026-04-22 02:11:00,2.828,2.829,2.828,2.829,2.833,2.834,2.833,2.834,4
2026-04-22 02:12:00,2.828,2.8285,2.828,2.8285,2.833,2.8335,2.833,2.8335,6
2026-04-22 02:13:00,2.828,2.828,2.825,2.825,2.833,2.833,2.83,2.83,6
2026-04-22 02:14:00,2.8255,2.827,2.8255,2.8265,2.8305,2.832,2.8305,2.8315,9
2026-04-22 02:15:00,2.827,2.827,2.8245,2.825,2.832,2.832,2.8295,2.83,5
2026-04-22 02:16:00,2.8255,2.827,2.8255,2.8265,2.8305,2.832,2.8305,2.8315,7
2026-04-22 02:17:00,2.826,2.826,2.824,2.8245,2.831,2.831,2.829,2.8295,9
2026-04-22 02:18:00,2.825,2.825,2.822,2.8235,2.83,2.83,2.827,2.8285,17
2026-04-22 02:19:00,2.824,2.826,2.8235,2.8255,2.829,2.831,2.8285,2.8305,10
2026-04-22 02:20:00,2.826,2.827,2.8245,2.826,2.831,2.832,2.8295,2.831,11
2026-04-22 02:21:00,2.825,2.826,2.825,2.8255,2.83,2.831,2.83,2.8305,3
2026-04-22 02:22:00,2.825,2.8255,2.8245,2.825,2.83,2.8305,2.8295,2.83,7
2026-04-22 02:23:00,2.8255,2.8255,2.824,2.824,2.8305,2.8305,2.829,2.829,5
2026-04-22 02:24:00,2.8245,2.826,2.824,2.8245,2.8295,2.831,2.829,2.8295,10
2026-04-22 02:25:00,2.8255,2.8255,2.825,2.8255,2.8305,2.8305,2.83,2.8305,3
2026-04-22 02:26:00,2.827,2.8275,2.827,2.8275,2.832,2.8325,2.832,2.8325,4
2026-04-22 02:27:00,2.828,2.828,2.8265,2.8275,2.833,2.833,2.8315,2.8325,7
2026-04-22 02:28:00,2.827,2.8275,2.827,2.8275,2.832,2.8325,2.832,2.8325,2
2026-04-22 02:29:00,2.827,2.827,2.8265,2.8265,2.832,2.832,2.8315,2.8315,2
2026-04-22 02:30:00,2.827,2.827,2.8265,2.8265,2.832,2.832,2.8315,2.8315,2
2026-04-22 02:31:00,2.827,2.827,2.8265,2.8265,2.832,2.832,2.8315,2.8315,2
2026-04-22 02:32:00,2.826,2.826,2.8245,2.8245,2.831,2.831,2.8295,2.8295,3
2026-04-22 02:33:00,2.825,2.8275,2.825,2.827,2.83,2.8325,2.83,2.832,9
2026-04-22 02:34:00,2.8265,2.827,2.8255,2.8255,2.8315,2.832,2.8305,2.8305,6
2026-04-22 02:35:00,2.826,2.827,2.826,2.8265,2.831,2.832,2.831,2.8315,4
2026-04-22 02:36:00,2.8255,2.8265,2.8255,2.8255,2.8305,2.8315,2.8305,2.8305,7
2026-04-22 02:37:00,2.826,2.826,2.8255,2.8255,2.831,2.831,2.8305,2.8305,2
2026-04-22 02:38:00,2.826,2.826,2.8255,2.8255,2.831,2.831,2.8305,2.8305,6
2026-04-22 02:40:00,2.826,2.826,2.826,2.826,2.831,2.831,2.831,2.831,1
2026-04-22 02:41:00,2.8265,2.827,2.825,2.825,2.8315,2.832,2.83,2.83,8
2026-04-22 02:42:00,2.8255,2.8265,2.8255,2.8265,2.8305,2.8315,2.8305,2.8315,2
2026-04-22 02:44:00,2.8255,2.8265,2.8255,2.8255,2.8305,2.8315,2.8305,2.8305,5
2026-04-22 02:45:00,2.826,2.8265,2.825,2.826,2.831,2.8315,2.83,2.831,11
2026-04-22 02:46:00,2.827,2.8275,2.826,2.8265,2.832,2.8325,2.831,2.8315,10
2026-04-22 02:47:00,2.827,2.8275,2.8265,2.8265,2.832,2.8325,2.8315,2.8315,6
2026-04-22 02:48:00,2.826,2.827,2.826,2.827,2.831,2.832,2.831,2.832,4
2026-04-22 02:49:00,2.8265,2.828,2.826,2.8275,2.8315,2.833,2.831,2.8325,16
2026-04-22 02:50:00,2.8265,2.8275,2.8265,2.8275,2.8315,2.8325,2.8315,2.8325,3
2026-04-22 02:51:00,2.828,2.828,2.827,2.8275,2.833,2.833,2.832,2.8325,4
2026-04-22 02:52:00,2.827,2.8275,2.827,2.827,2.832,2.8325,2.832,2.832,3
2026-04-22 02:53:00,2.8265,2.8265,2.8265,2.8265,2.8315,2.8315,2.8315,2.8315,1
2026-04-22 02:54:00,2.827,2.827,2.826,2.826,2.832,2.832,2.831,2.831,4
2026-04-22 02:56:00,2.8275,2.8275,2.8265,2.8265,2.8325,2.8325,2.8315,2.8315,2
2026-04-22 02:59:00,2.827,2.827,2.827,2.827,2.832,2.832,2.832,2.832,1
2026-04-22 03:00:00,2.826,2.826,2.825,2.825,2.831,2.831,2.83,2.83,5
2026-04-22 03:01:00,2.824,2.824,2.823,2.823,2.829,2.829,2.828,2.828,2
2026-04-22 03:02:00,2.8235,2.8235,2.8225,2.823,2.8285,2.8285,2.8275,2.828,19
2026-04-22 03:03:00,2.8235,2.824,2.822,2.8225,2.8285,2.829,2.827,2.8275,11
2026-04-22 03:04:00,2.822,2.8225,2.821,2.8215,2.827,2.8275,2.826,2.8265,9
2026-04-22 03:05:00,2.822,2.8225,2.8215,2.822,2.827,2.8275,2.8265,2.827,7
2026-04-22 03:06:00,2.8225,2.823,2.8215,2.823,2.8275,2.828,2.8265,2.828,12
2026-04-22 03:07:00,2.8235,2.824,2.8235,2.824,2.8285,2.829,2.8285,2.829,4
2026-04-22 03:08:00,2.825,2.825,2.8245,2.825,2.83,2.83,2.8295,2.83,5
2026-04-22 03:09:00,2.8245,2.8245,2.824,2.824,2.8295,2.8295,2.829,2.829,2
2026-04-22 03:10:00,2.8235,2.8245,2.823,2.8245,2.8285,2.8295,2.828,2.8295,6
2026-04-22 03:11:00,2.825,2.825,2.8235,2.8245,2.83,2.83,2.8285,2.8295,6
2026-04-22 03:12:00,2.824,2.8245,2.8235,2.8245,2.829,2.8295,2.8285,2.8295,9
2026-04-22 03:13:00,2.824,2.8245,2.8235,2.8245,2.829,2.8295,2.8285,2.8295,4
2026-04-22 03:14:00,2.8255,2.826,2.8255,2.8255,2.8305,2.831,2.8305,2.8305,3
2026-04-22 03:15:00,2.826,2.826,2.825,2.8255,2.831,2.831,2.83,2.8305,3
2026-04-22 03:16:00,2.826,2.826,2.825,2.825,2.831,2.831,2.83,2.83,3
2026-04-22 03:17:00,2.8245,2.8245,2.8245,2.8245,2.8295,2.8295,2.8295,2.8295,1
2026-04-22 03:18:00,2.825,2.8255,2.8245,2.825,2.83,2.8305,2.8295,2.83,6
2026-04-22 03:19:00,2.8255,2.8255,2.825,2.825,2.8305,2.8305,2.83,2.83,2
2026-04-22 03:20:00,2.8245,2.8245,2.824,2.824,2.8295,2.8295,2.829,2.829,2
2026-04-22 03:21:00,2.8245,2.8245,2.8235,2.8235,2.8295,2.8295,2.8285,2.8285,3
2026-04-22 03:22:00,2.823,2.823,2.823,2.823,2.828,2.828,2.828,2.828,1
2026-04-22 03:23:00,2.8225,2.823,2.8225,2.823,2.8275,2.828,2.8275,2.828,2
2026-04-22 03:24:00,2.8235,2.824,2.8235,2.8235,2.8285,2.829,2.8285,2.8285,3
2026-04-22 03:25:00,2.824,2.824,2.8225,2.8225,2.829,2.829,2.8275,2.8275,6
2026-04-22 03:26:00,2.823,2.823,2.8225,2.8225,2.828,2.828,2.8275,2.8275,2
2026-04-22 03:27:00,2.823,2.823,2.823,2.823,2.828,2.828,2.828,2.828,1
2026-04-22 03:28:00,2.8225,2.824,2.8225,2.823,2.8275,2.829,2.8275,2.828,8
2026-04-22 03:29:00,2.8225,2.8225,2.822,2.822,2.8275,2.8275,2.827,2.827,2
2026-04-22 03:30:00,2.8225,2.824,2.8225,2.823,2.8275,2.829,2.8275,2.828,11
2026-04-22 03:31:00,2.8235,2.8235,2.8225,2.8225,2.8285,2.8285,2.8275,2.8275,3
2026-04-22 03:32:00,2.823,2.824,2.823,2.8235,2.828,2.829,2.828,2.8285,5
2026-04-22 03:33:00,2.823,2.8235,2.8225,2.823,2.828,2.8285,2.8275,2.828,5
2026-04-22 03:36:00,2.824,2.824,2.823,2.823,2.829,2.829,2.828,2.828,2
2026-04-22 03:37:00,2.8225,2.8225,2.822,2.8225,2.8275,2.8275,2.827,2.8275,3
2026-04-22 03:38:00,2.823,2.823,2.823,2.823,2.828,2.828,2.828,2.828,1
2026-04-22 03:39:00,2.8225,2.823,2.8225,2.823,2.8275,2.828,2.8275,2.828,2
2026-04-22 03:40:00,2.8235,2.824,2.8225,2.823,2.8285,2.829,2.8275,2.828,10
2026-04-22 03:41:00,2.8225,2.823,2.8225,2.823,2.8275,2.828,2.8275,2.828,2
2026-04-22 03:44:00,2.8235,2.8235,2.8235,2.8235,2.8285,2.8285,2.8285,2.8285,1
2026-04-22 03:45:00,2.823,2.8235,2.823,2.8235,2.828,2.8285,2.828,2.8285,2
2026-04-22 03:46:00,2.824,2.8245,2.823,2.824,2.829,2.8295,2.828,2.829,10
2026-04-22 03:47:00,2.8235,2.8245,2.823,2.823,2.8285,2.8295,2.828,2.828,8
2026-04-22 03:48:00,2.824,2.827,2.824,2.826,2.829,2.832,2.829,2.831,6
2026-04-22 03:49:00,2.8255,2.8255,2.824,2.824,2.8305,2.8305,2.829,2.829,4
2026-04-22 03:50:00,2.8235,2.8255,2.8235,2.8255,2.8285,2.8305,2.8285,2.8305,4
2026-04-22 03:51:00,2.825,2.8255,2.825,2.8255,2.83,2.8305,2.83,2.8305,2
2026-04-22 03:52:00,2.824,2.824,2.824,2.824,2.829,2.829,2.829,2.829,1
2026-04-22 03:54:00,2.825,2.825,2.824,2.8245,2.83,2.83,2.829,2.8295,4
2026-04-22 03:56:00,2.8255,2.8255,2.825,2.825,2.8305,2.8305,2.83,2.83,2
2026-04-22 03:57:00,2.8245,2.825,2.8245,2.825,2.8295,2.83,2.8295,2.83,2
2026-04-22 03:58:00,2.8245,2.8245,2.8245,2.8245,2.8295,2.8295,2.8295,2.8295,1
2026-04-22 03:59:00,2.825,2.8255,2.825,2.8255,2.83,2.8305,2.83,2.8305,2
2026-04-22 04:00:00,2.825,2.825,2.8245,2.8245,2.83,2.83,2.8295,2.8295,2
2026-04-22 04:01:00,2.824,2.824,2.824,2.824,2.829,2.829,2.829,2.829,1
2026-04-22 04:02:00,2.8245,2.8255,2.8245,2.825,2.8295,2.8305,2.8295,2.83,3
2026-04-22 04:04:00,2.826,2.826,2.8255,2.8255,2.831,2.831,2.8305,2.8305,2
2026-04-22 04:06:00,2.826,2.826,2.826,2.826,2.831,2.831,2.831,2.831,1
2026-04-22 04:14:00,2.825,2.8255,2.825,2.8255,2.83,2.8305,2.83,2.8305,2
2026-04-22 04:16:00,2.826,2.827,2.826,2.8265,2.831,2.832,2.831,2.8315,3
2026-04-22 04:18:00,2.827,2.828,2.8265,2.828,2.832,2.833,2.8315,2.833,3
2026-04-22 04:21:00,2.827,2.827,2.826,2.827,2.832,2.832,2.831,2.832,3
2026-04-22 04:23:00,2.8265,2.8265,2.826,2.826,2.8315,2.8315,2.831,2.831,2
2026-04-22 04:24:00,2.827,2.827,2.827,2.827,2.832,2.832,2.832,2.832,1
2026-04-22 04:25:00,2.8275,2.8275,2.8265,2.8265,2.8325,2.8325,2.8315,2.8315,3
2026-04-22 04:26:00,2.827,2.827,2.8265,2.827,2.832,2.832,2.8315,2.832,3
2026-04-22 04:27:00,2.8275,2.8275,2.827,2.827,2.8325,2.8325,2.832,2.832,4
2026-04-22 04:28:00,2.8265,2.8265,2.8265,2.8265,2.8315,2.8315,2.8315,2.8315,1
2026-04-22 04:29:00,2.828,2.828,2.8275,2.8275,2.833,2.833,2.8325,2.8325,2
2026-04-22 04:30:00,2.8265,2.8265,2.825,2.825,2.8315,2.8315,2.83,2.83,6
2026-04-22 04:31:00,2.8255,2.8255,2.8255,2.8255,2.8305,2.8305,2.8305,2.8305,1
2026-04-22 04:32:00,2.826,2.826,2.826,2.826,2.831,2.831,2.831,2.831,1
2026-04-22 04:33:00,2.825,2.826,2.825,2.826,2.83,2.831,2.83,2.831,3
2026-04-22 04:34:00,2.8255,2.8255,2.8255,2.8255,2.8305,2.8305,2.8305,2.8305,1
2026-04-22 04:35:00,2.8265,2.8265,2.8255,2.8255,2.8315,2.8315,2.8305,2.8305,5
2026-04-22 04:36:00,2.825,2.825,2.824,2.8245,2.83,2.83,2.829,2.8295,5
2026-04-22 04:38:00,2.825,2.825,2.825,2.825,2.83,2.83,2.83,2.83,1
2026-04-22 04:39:00,2.8245,2.8245,2.8245,2.8245,2.8295,2.8295,2.8295,2.8295,1
2026-04-22 04:40:00,2.824,2.825,2.824,2.825,2.829,2.83,2.829,2.83,3
2026-04-22 04:41:00,2.8245,2.8245,2.8245,2.8245,2.8295,2.8295,2.8295,2.8295,1
2026-04-22 04:42:00,2.825,2.825,2.825,2.825,2.83,2.83,2.83,2.83,1
2026-04-22 04:43:00,2.8255,2.8255,2.8255,2.8255,2.8305,2.8305,2.8305,2.8305,1
2026-04-22 04:44:00,2.826,2.826,2.825,2.826,2.831,2.831,2.83,2.831,4
2026-04-22 04:45:00,2.8265,2.8265,2.8265,2.8265,2.8315,2.8315,2.8315,2.8315,1
2026-04-22 04:46:00,2.826,2.826,2.826,2.826,2.831,2.831,2.831,2.831,1
2026-04-22 04:48:00,2.8265,2.8295,2.826,2.828,2.8315,2.8345,2.831,2.833,9
2026-04-22 04:49:00,2.8285,2.829,2.8275,2.828,2.8335,2.834,2.8325,2.833,7
2026-04-22 04:50:00,2.8285,2.831,2.8285,2.831,2.8335,2.836,2.8335,2.836,7
2026-04-22 04:51:00,2.8305,2.833,2.8305,2.832,2.8355,2.838,2.8355,2.837,6
2026-04-22 04:52:00,2.8315,2.832,2.8315,2.8315,2.8365,2.837,2.8365,2.8365,3
2026-04-22 04:53:00,2.832,2.834,2.832,2.8335,2.837,2.839,2.837,2.8385,13
2026-04-22 04:54:00,2.834,2.834,2.8335,2.834,2.839,2.839,2.8385,2.839,3
2026-04-22 04:55:00,2.8335,2.834,2.8335,2.8335,2.8385,2.839,2.8385,2.8385,3
2026-04-22 04:56:00,2.8345,2.835,2.834,2.835,2.8395,2.84,2.839,2.84,3
2026-04-22 04:57:00,2.8345,2.8345,2.8345,2.8345,2.8395,2.8395,2.8395,2.8395,1
2026-04-22 04:58:00,2.834,2.834,2.8335,2.8335,2.839,2.839,2.8385,2.8385,2
2026-04-22 05:00:00,2.833,2.833,2.8325,2.833,2.838,2.838,2.8375,2.838,5
2026-04-22 05:01:00,2.8325,2.8325,2.8325,2.8325,2.8375,2.8375,2.8375,2.8375,1
2026-04-22 05:02:00,2.8335,2.8375,2.8325,2.8365,2.8385,2.8425,2.8375,2.8415,22
2026-04-22 05:03:00,2.8355,2.8375,2.8345,2.8345,2.8405,2.8425,2.8395,2.8395,9
2026-04-22 05:04:00,2.8355,2.8395,2.8355,2.839,2.8405,2.8445,2.8405,2.844,16
2026-04-22 05:05:00,2.8395,2.842,2.8395,2.8405,2.8445,2.847,2.8445,2.8455,16
2026-04-22 05:06:00,2.8415,2.8415,2.84,2.84,2.8465,2.8465,2.845,2.845,4
2026-04-22 05:07:00,2.8395,2.841,2.8395,2.841,2.8445,2.846,2.8445,2.846,3
2026-04-22 05:08:00,2.8425,2.846,2.8425,2.845,2.8475,2.851,2.8475,2.85,10
2026-04-22 05:09:00,2.846,2.846,2.8455,2.8455,2.851,2.851,2.8505,2.8505,2
2026-04-22 05:10:00,2.845,2.849,2.845,2.8485,2.85,2.854,2.85,2.8535,10
2026-04-22 05:11:00,2.849,2.849,2.847,2.848,2.854,2.854,2.852,2.853,10
2026-04-22 05:12:00,2.8485,2.849,2.8485,2.8485,2.8535,2.854,2.8535,2.8535,3
2026-04-22 05:13:00,2.849,2.851,2.8485,2.8495,2.854,2.856,2.8535,2.8545,13
2026-04-22 05:14:00,2.85,2.8525,2.85,2.852,2.855,2.8575,2.855,2.857,28
2026-04-22 05:15:00,2.851,2.8515,2.848,2.848,2.856,2.8565,2.853,2.853,7
2026-04-22 05:16:00,2.8485,2.8485,2.846,2.847,2.8535,2.8535,2.851,2.852,11
2026-04-22 05:17:00,2.8475,2.8495,2.8475,2.849,2.8525,2.8545,2.8525,2.854,6
2026-04-22 05:18:00,2.8485,2.8505,2.848,2.8505,2.8535,2.8555,2.853,2.8555,8
2026-04-22 05:19:00,2.851,2.8515,2.8505,2.8515,2.856,2.8565,2.8555,2.8565,9
2026-04-22 05:20:00,2.851,2.853,2.85,2.853,2.856,2.858,2.855,2.858,9
2026-04-22 05:21:00,2.8535,2.856,2.8525,2.8555,2.8585,2.861,2.8575,2.8605,10
2026-04-22 05:22:00,2.856,2.857,2.855,2.8555,2.861,2.862,2.86,2.8605,9
2026-04-22 05:23:00,2.855,2.856,2.8545,2.8555,2.86,2.861,2.8595,2.8605,5
2026-04-22 05:24:00,2.855,2.8565,2.853,2.8565,2.86,2.8615,2.858,2.8615,8
2026-04-22 05:25:00,2.857,2.863,2.857,2.8605,2.862,2.868,2.862,2.8655,23
2026-04-22 05:26:00,2.861,2.8615,2.859,2.8595,2.866,2.8665,2.864,2.8645,12
2026-04-22 05:27:00,2.8585,2.861,2.8585,2.8605,2.8635,2.866,2.8635,2.8655,13
2026-04-22 05:28:00,2.86,2.86,2.8585,2.8585,2.865,2.865,2.8635,2.8635,6
2026-04-22 05:29:00,2.858,2.8585,2.858,2.858,2.863,2.8635,2.863,2.863,3
2026-04-22 05:30:00,2.8575,2.8575,2.85,2.852,2.8625,2.8625,2.855,2.857,22
2026-04-22 05:31:00,2.8525,2.858,2.8515,2.855,2.8575,2.863,2.8565,2.86,25
2026-04-22 05:32:00,2.854,2.8545,2.852,2.852,2.859,2.8595,2.857,2.857,13
2026-04-22 05:33:00,2.8515,2.8545,2.851,2.853,2.8565,2.8595,2.856,2.858,24
2026-04-22 05:34:00,2.8525,2.8535,2.8515,2.852,2.8575,2.8585,2.8565,2.857,13
2026-04-22 05:35:00,2.8525,2.8535,2.851,2.851,2.8575,2.8585,2.856,2.856,13
2026-04-22 05:36:00,2.8515,2.8515,2.85,2.85,2.8565,2.8565,2.855,2.855,3
2026-04-22 05:37:00,2.8505,2.854,2.8505,2.8525,2.8555,2.859,2.8555,2.8575,14
2026-04-22 05:38:00,2.853,2.8565,2.852,2.8545,2.858,2.8615,2.857,2.8595,25
2026-04-22 05:39:00,2.854,2.856,2.853,2.856,2.859,2.861,2.858,2.861,12
2026-04-22 05:40:00,2.855,2.8565,2.8535,2.854,2.86,2.8615,2.8585,2.859,13
2026-04-22 05:41:00,2.8545,2.858,2.8545,2.858,2.8595,2.863,2.8595,2.863,16
2026-04-22 05:42:00,2.8575,2.858,2.856,2.856,2.8625,2.863,2.861,2.861,20
2026-04-22 05:43:00,2.8565,2.86,2.856,2.86,2.8615,2.865,2.861,2.865,34
2026-04-22 05:44:00,2.8595,2.862,2.8595,2.8605,2.8645,2.867,2.8645,2.8655,26
2026-04-22 05:45:00,2.8595,2.8595,2.8585,2.859,2.8645,2.8645,2.8635,2.864,7
2026-04-22 05:46:00,2.858,2.858,2.8555,2.8555,2.863,2.863,2.8605,2.8605,9
2026-04-22 05:47:00,2.8565,2.8565,2.8555,2.856,2.8615,2.8615,2.8605,2.861,4
2026-04-22 05:48:00,2.8555,2.8555,2.8555,2.8555,2.8605,2.8605,2.8605,2.8605,1
2026-04-22 05:49:00,2.856,2.856,2.855,2.855,2.861,2.861,2.86,2.86,4
2026-04-22 05:50:00,2.8545,2.8545,2.8545,2.8545,2.8595,2.8595,2.8595,2.8595,1
2026-04-22 05:51:00,2.854,2.854,2.852,2.852,2.859,2.859,2.857,2.857,10
2026-04-22 05:52:00,2.8525,2.853,2.852,2.852,2.8575,2.858,2.857,2.857,3
2026-04-22 05:54:00,2.8525,2.853,2.852,2.8525,2.8575,2.858,2.857,2.8575,7
2026-04-22 05:55:00,2.853,2.8535,2.853,2.853,2.858,2.8585,2.858,2.858,3
2026-04-22 05:56:00,2.8525,2.853,2.852,2.853,2.8575,2.858,2.857,2.858,4
2026-04-22 05:57:00,2.8535,2.854,2.8535,2.854,2.8585,2.859,2.8585,2.859,2
2026-04-22 05:58:00,2.855,2.855,2.8545,2.8545,2.86,2.86,2.8595,2.8595,4
2026-04-22 05:59:00,2.854,2.8545,2.8535,2.854,2.859,2.8595,2.8585,2.859,7
2026-04-22 06:00:00,2.8545,2.8545,2.854,2.854,2.8595,2.8595,2.859,2.859,2
2026-04-22 06:01:00,2.8545,2.855,2.8525,2.853,2.8595,2.86,2.8575,2.858,7
2026-04-22 06:02:00,2.8535,2.8535,2.8535,2.8535,2.8585,2.8585,2.8585,2.8585,1
2026-04-22 06:03:00,2.854,2.855,2.8535,2.8535,2.859,2.86,2.8585,2.8585,6
2026-04-22 06:04:00,2.854,2.854,2.853,2.854,2.859,2.859,2.858,2.859,4
2026-04-22 06:05:00,2.855,2.855,2.855,2.855,2.86,2.86,2.86,2.86,1
2026-04-22 06:06:00,2.8565,2.859,2.8555,2.8585,2.8615,2.864,2.8605,2.8635,15
2026-04-22 06:07:00,2.858,2.8585,2.8575,2.8585,2.863,2.8635,2.8625,2.8635,3
2026-04-22 06:08:00,2.859,2.859,2.8585,2.8585,2.864,2.864,2.8635,2.8635,4
2026-04-22 06:09:00,2.859,2.859,2.8585,2.859,2.864,2.864,2.8635,2.864,3
2026-04-22 06:10:00,2.8585,2.859,2.857,2.8575,2.8635,2.864,2.862,2.8625,6
2026-04-22 06:11:00,2.857,2.8575,2.857,2.8575,2.862,2.8625,2.862,2.8625,10
2026-04-22 06:12:00,2.857,2.8575,2.857,2.857,2.862,2.8625,2.862,2.862,3
2026-04-22 06:13:00,2.8575,2.8595,2.857,2.859,2.8625,2.8645,2.862,2.864,12
2026-04-22 06:14:00,2.8585,2.8585,2.8575,2.8585,2.8635,2.8635,2.8625,2.8635,4
2026-04-22 06:15:00,2.858,2.8585,2.858,2.8585,2.863,2.8635,2.863,2.8635,2
2026-04-22 06:16:00,2.858,2.858,2.8575,2.858,2.863,2.863,2.8625,2.863,3
2026-04-22 06:17:00,2.8575,2.8585,2.8575,2.858,2.8625,2.8635,2.8625,2.863,7
2026-04-22 06:18:00,2.8575,2.8575,2.8575,2.8575,2.8625,2.8625,2.8625,2.8625,1
2026-04-22 06:19:00,2.8565,2.8565,2.8565,2.8565,2.8615,2.8615,2.8615,2.8615,1
2026-04-22 06:20:00,2.857,2.857,2.8565,2.8565,2.862,2.862,2.8615,2.8615,2
2026-04-22 06:21:00,2.857,2.8575,2.8565,2.8565,2.862,2.8625,2.8615,2.8615,6
2026-04-22 06:23:00,2.857,2.857,2.8565,2.8565,2.862,2.862,2.8615,2.8615,2
2026-04-22 06:24:00,2.856,2.8565,2.856,2.856,2.861,2.8615,2.861,2.861,3
2026-04-22 06:25:00,2.8565,2.8565,2.856,2.8565,2.8615,2.8615,2.861,2.8615,5
2026-04-22 06:26:00,2.857,2.857,2.856,2.856,2.862,2.862,2.861,2.861,2
2026-04-22 06:27:00,2.8565,2.8565,2.856,2.856,2.8615,2.8615,2.861,2.861,12
2026-04-22 06:28:00,2.8565,2.8565,2.856,2.8565,2.8615,2.8615,2.861,2.8615,3
2026-04-22 06:29:00,2.856,2.8565,2.856,2.8565,2.861,2.8615,2.861,2.8615,4
2026-04-22 06:32:00,2.857,2.858,2.857,2.8575,2.862,2.863,2.862,2.8625,4
2026-04-22 06:33:00,2.857,2.859,2.856,2.8585,2.862,2.864,2.861,2.8635,14
2026-04-22 06:34:00,2.858,2.8585,2.8575,2.8575,2.863,2.8635,2.8625,2.8625,6
2026-04-22 06:35:00,2.858,2.8585,2.858,2.8585,2.863,2.8635,2.863,2.8635,6
2026-04-22 06:36:00,2.858,2.8585,2.8575,2.858,2.863,2.8635,2.8625,2.863,9
2026-04-22 06:37:00,2.8585,2.859,2.8585,2.8585,2.8635,2.864,2.8635,2.8635,3
2026-04-22 06:38:00,2.859,2.859,2.858,2.858,2.864,2.864,2.863,2.863,5
2026-04-22 06:39:00,2.8575,2.8585,2.8575,2.8585,2.8625,2.8635,2.8625,2.8635,7
2026-04-22 06:40:00,2.858,2.858,2.8575,2.8575,2.863,2.863,2.8625,2.8625,2
2026-04-22 06:41:00,2.858,2.858,2.8575,2.8575,2.863,2.863,2.8625,2.8625,2
2026-04-22 06:42:00,2.857,2.8575,2.857,2.857,2.862,2.8625,2.862,2.862,3
2026-04-22 06:44:00,2.8575,2.8575,2.8565,2.8565,2.8625,2.8625,2.8615,2.8615,3
2026-04-22 06:45:00,2.856,2.856,2.855,2.8555,2.861,2.861,2.86,2.8605,3
2026-04-22 06:46:00,2.855,2.855,2.854,2.854,2.86,2.86,2.859,2.859,2
2026-04-22 06:47:00,2.8545,2.8565,2.8545,2.8565,2.8595,2.8615,2.8595,2.8615,5
2026-04-22 06:48:00,2.856,2.8565,2.854,2.854,2.861,2.8615,2.859,2.859,7
2026-04-22 06:49:00,2.8545,2.8545,2.854,2.8545,2.8595,2.8595,2.859,2.8595,9
2026-04-22 06:50:00,2.854,2.8555,2.854,2.8555,2.859,2.8605,2.859,2.8605,4
2026-04-22 06:51:00,2.856,2.8565,2.856,2.8565,2.861,2.8615,2.861,2.8615,2
2026-04-22 06:52:00,2.856,2.856,2.856,2.856,2.861,2.861,2.861,2.861,1
2026-04-22 06:53:00,2.8565,2.857,2.856,2.857,2.8615,2.862,2.861,2.862,4
2026-04-22 06:56:00,2.8565,2.859,2.8555,2.858,2.8615,2.864,2.8605,2.863,6
2026-04-22 06:59:00,2.857,2.858,2.857,2.858,2.862,2.863,2.862,2.863,3
2026-04-22 07:01:00,2.8585,2.859,2.8585,2.859,2.8635,2.864,2.8635,2.864,2
2026-04-22 07:02:00,2.86,2.86,2.859,2.859,2.865,2.865,2.864,2.864,3
2026-04-22 07:03:00,2.8575,2.8585,2.8575,2.8585,2.8625,2.8635,2.8625,2.8635,2
2026-04-22 07:04:00,2.858,2.858,2.855,2.855,2.863,2.863,2.86,2.86,10
2026-04-22 07:05:00,2.8545,2.8545,2.854,2.854,2.8595,2.8595,2.859,2.859,4
2026-04-22 07:06:00,2.8545,2.8545,2.8535,2.8545,2.8595,2.8595,2.8585,2.8595,5
2026-04-22 07:07:00,2.854,2.854,2.8535,2.8535,2.859,2.859,2.8585,2.8585,2
2026-04-22 07:08:00,2.854,2.855,2.854,2.8545,2.859,2.86,2.859,2.8595,5
2026-04-22 07:09:00,2.854,2.8545,2.854,2.8545,2.859,2.8595,2.859,2.8595,2
2026-04-22 07:10:00,2.855,2.855,2.855,2.855,2.86,2.86,2.86,2.86,1
2026-04-22 07:11:00,2.856,2.856,2.856,2.856,2.861,2.861,2.861,2.861,1
2026-04-22 07:12:00,2.855,2.8555,2.855,2.8555,2.86,2.8605,2.86,2.8605,2
2026-04-22 07:13:00,2.856,2.8595,2.856,2.859,2.861,2.8645,2.861,2.864,10
2026-04-22 07:14:00,2.8585,2.859,2.8585,2.8585,2.8635,2.864,2.8635,2.8635,3
2026-04-22 07:15:00,2.859,2.8595,2.8585,2.8595,2.864,2.8645,2.8635,2.8645,4
2026-04-22 07:16:00,2.859,2.8595,2.852,2.854,2.864,2.8645,2.857,2.859,38
2026-04-22 07:17:00,2.8535,2.8545,2.853,2.854,2.8585,2.8595,2.858,2.859,13
2026-04-22 07:18:00,2.8545,2.855,2.854,2.854,2.8595,2.86,2.859,2.859,6
2026-04-22 07:19:00,2.855,2.855,2.854,2.854,2.86,2.86,2.859,2.859,3
2026-04-22 07:20:00,2.8545,2.856,2.8535,2.8545,2.8595,2.861,2.8585,2.8595,9
2026-04-22 07:21:00,2.854,2.854,2.8515,2.852,2.859,2.859,2.8565,2.857,8
2026-04-22 07:22:00,2.8525,2.8525,2.8515,2.8515,2.8575,2.8575,2.8565,2.8565,3
2026-04-22 07:23:00,2.851,2.8515,2.85,2.851,2.856,2.8565,2.855,2.856,6
2026-04-22 07:24:00,2.8505,2.8525,2.85,2.85,2.8555,2.8575,2.855,2.855,15
2026-04-22 07:25:00,2.8515,2.8555,2.85,2.8555,2.8565,2.8605,2.855,2.8605,17
2026-04-22 07:26:00,2.856,2.857,2.855,2.8565,2.861,2.862,2.86,2.8615,7
2026-04-22 07:27:00,2.856,2.8565,2.856,2.856,2.861,2.8615,2.861,2.861,3
2026-04-22 07:28:00,2.8565,2.857,2.8565,2.857,2.8615,2.862,2.8615,2.862,2
2026-04-22 07:29:00,2.8575,2.8575,2.857,2.857,2.8625,2.8625,2.862,2.862,4
2026-04-22 07:30:00,2.856,2.8575,2.856,2.8575,2.861,2.8625,2.861,2.8625,3
2026-04-22 07:31:00,2.857,2.858,2.857,2.858,2.862,2.863,2.862,2.863,14
2026-04-22 07:32:00,2.8565,2.8595,2.8565,2.858,2.8615,2.8645,2.8615,2.863,15
2026-04-22 07:33:00,2.8585,2.859,2.858,2.8585,2.8635,2.864,2.863,2.8635,4
2026-04-22 07:34:00,2.858,2.8585,2.8565,2.8585,2.863,2.8635,2.8615,2.8635,8
2026-04-22 07:35:00,2.858,2.8595,2.858,2.8595,2.863,2.8645,2.863,2.8645,5
2026-04-22 07:36:00,2.86,2.861,2.859,2.859,2.865,2.866,2.864,2.864,6
2026-04-22 07:37:00,2.8595,2.86,2.8575,2.8585,2.8645,2.865,2.8625,2.8635,12
2026-04-22 07:38:00,2.859,2.86,2.859,2.86,2.864,2.865,2.864,2.865,2
2026-04-22 07:39:00,2.8605,2.8615,2.8605,2.861,2.8655,2.8665,2.8655,2.866,3
2026-04-22 07:40:00,2.8615,2.862,2.857,2.859,2.8665,2.867,2.862,2.864,27
2026-04-22 07:41:00,2.8595,2.8595,2.8595,2.8595,2.8645,2.8645,2.8645,2.8645,1
2026-04-22 07:43:00,2.859,2.859,2.858,2.859,2.864,2.864,2.863,2.864,3
2026-04-22 07:44:00,2.858,2.86,2.858,2.86,2.863,2.865,2.863,2.865,7
2026-04-22 07:45:00,2.8605,2.8615,2.8605,2.8615,2.8655,2.8665,2.8655,2.8665,5
2026-04-22 07:46:00,2.861,2.861,2.861,2.861,2.866,2.866,2.866,2.866,1
2026-04-22 07:47:00,2.8615,2.862,2.8605,2.8615,2.8665,2.867,2.8655,2.8665,6
2026-04-22 07:48:00,2.861,2.8615,2.861,2.861,2.866,2.8665,2.866,2.866,3
2026-04-22 07:49:00,2.86,2.8605,2.86,2.8605,2.865,2.8655,2.865,2.8655,6
2026-04-22 07:50:00,2.861,2.861,2.861,2.861,2.866,2.866,2.866,2.866,1
2026-04-22 07:51:00,2.86,2.8605,2.858,2.859,2.865,2.8655,2.863,2.864,13
2026-04-22 07:54:00,2.8595,2.86,2.859,2.8595,2.8645,2.865,2.864,2.8645,6
2026-04-22 07:56:00,2.859,2.86,2.8585,2.8595,2.864,2.865,2.8635,2.8645,5
2026-04-22 07:57:00,2.86,2.86,2.86,2.86,2.865,2.865,2.865,2.865,1
2026-04-22 07:58:00,2.8595,2.86,2.8595,2.86,2.8645,2.865,2.8645,2.865,2
2026-04-22 08:00:00,2.8605,2.8605,2.86,2.86,2.8655,2.8655,2.865,2.865,10
2026-04-22 08:01:00,2.8605,2.861,2.8605,2.861,2.8655,2.866,2.8655,2.866,2
2026-04-22 08:02:00,2.86,2.861,2.86,2.86,2.865,2.866,2.865,2.865,4
2026-04-22 08:03:00,2.861,2.861,2.861,2.861,2.866,2.866,2.866,2.866,1
2026-04-22 08:04:00,2.86,2.8605,2.86,2.8605,2.865,2.8655,2.865,2.8655,4
2026-04-22 08:05:00,2.861,2.8615,2.861,2.861,2.866,2.8665,2.866,2.866,3
2026-04-22 08:06:00,2.8615,2.863,2.8615,2.862,2.8665,2.868,2.8665,2.867,4
2026-04-22 08:07:00,2.861,2.862,2.858,2.8585,2.866,2.867,2.863,2.8635,12
2026-04-22 08:08:00,2.857,2.858,2.857,2.858,2.862,2.863,2.862,2.863,2
2026-04-22 08:09:00,2.8585,2.8585,2.858,2.858,2.8635,2.8635,2.863,2.863,2
2026-04-22 08:12:00,2.8585,2.859,2.858,2.858,2.8635,2.864,2.863,2.863,4
2026-04-22 08:13:00,2.859,2.8595,2.859,2.8595,2.864,2.8645,2.864,2.8645,2
2026-04-22 08:14:00,2.86,2.86,2.859,2.859,2.865,2.865,2.864,2.864,3
2026-04-22 08:15:00,2.8585,2.8585,2.8585,2.8585,2.8635,2.8635,2.8635,2.8635,1
2026-04-22 08:16:00,2.859,2.86,2.8565,2.8575,2.864,2.865,2.8615,2.8625,8
2026-04-22 08:17:00,2.857,2.859,2.857,2.858,2.862,2.864,2.862,2.863,4
2026-04-22 08:21:00,2.8585,2.859,2.858,2.859,2.8635,2.864,2.863,2.864,10
2026-04-22 08:22:00,2.8585,2.8595,2.8585,2.859,2.8635,2.8645,2.8635,2.864,4
2026-04-22 08:24:00,2.858,2.858,2.858,2.858,2.863,2.863,2.863,2.863,1
2026-04-22 08:25:00,2.859,2.859,2.857,2.858,2.864,2.864,2.862,2.863,7
2026-04-22 08:27:00,2.8575,2.858,2.857,2.858,2.8625,2.863,2.862,2.863,7
2026-04-22 08:28:00,2.8575,2.858,2.857,2.858,2.8625,2.863,2.862,2.863,4
2026-04-22 08:29:00,2.859,2.859,2.857,2.857,2.864,2.864,2.862,2.862,6
2026-04-22 08:30:00,2.858,2.858,2.857,2.858,2.863,2.863,2.862,2.863,7
2026-04-22 08:31:00,2.859,2.86,2.859,2.86,2.864,2.865,2.864,2.865,2
2026-04-22 08:32:00,2.8615,2.8615,2.859,2.859,2.8665,2.8665,2.864,2.864,8
2026-04-22 08:34:00,2.858,2.8595,2.857,2.8595,2.863,2.8645,2.862,2.8645,8
2026-04-22 08:35:00,2.859,2.8595,2.859,2.8595,2.864,2.8645,2.864,2.8645,4
2026-04-22 08:36:00,2.859,2.8595,2.857,2.8575,2.864,2.8645,2.862,2.8625,8
2026-04-22 08:37:00,2.858,2.858,2.8545,2.8545,2.863,2.863,2.8595,2.8595,10
2026-04-22 08:38:00,2.855,2.8555,2.855,2.8555,2.86,2.8605,2.86,2.8605,4
2026-04-22 08:39:00,2.856,2.857,2.8555,2.8555,2.861,2.862,2.8605,2.8605,12
2026-04-22 08:40:00,2.855,2.8565,2.8545,2.8555,2.86,2.8615,2.8595,2.8605,6
2026-04-22 08:41:00,2.856,2.8565,2.856,2.8565,2.861,2.8615,2.861,2.8615,2
2026-04-22 08:42:00,2.856,2.8565,2.8555,2.8565,2.861,2.8615,2.8605,2.8615,4
2026-04-22 08:43:00,2.8575,2.8575,2.8565,2.8565,2.8625,2.8625,2.8615,2.8615,3
2026-04-22 08:44:00,2.857,2.857,2.8565,2.8565,2.862,2.862,2.8615,2.8615,2
2026-04-22 08:45:00,2.856,2.856,2.8535,2.855,2.861,2.861,2.8585,2.86,8
2026-04-22 08:46:00,2.854,2.854,2.8535,2.8535,2.859,2.859,2.8585,2.8585,2
2026-04-22 08:47:00,2.854,2.854,2.854,2.854,2.859,2.859,2.859,2.859,1
2026-04-22 08:48:00,2.8535,2.8535,2.8525,2.8525,2.8585,2.8585,2.8575,2.8575,3
2026-04-22 08:49:00,2.8535,2.8545,2.8535,2.8545,2.8585,2.8595,2.8585,2.8595,3
2026-04-22 08:50:00,2.855,2.856,2.855,2.856,2.86,2.861,2.86,2.861,5
2026-04-22 08:51:00,2.8555,2.8555,2.855,2.855,2.8605,2.8605,2.86,2.86,2
2026-04-22 08:52:00,2.8555,2.8575,2.8555,2.8565,2.8605,2.8625,2.8605,2.8615,6
2026-04-22 08:53:00,2.856,2.856,2.8555,2.8555,2.861,2.861,2.8605,2.8605,2
2026-04-22 08:54:00,2.856,2.8565,2.856,2.856,2.861,2.8615,2.861,2.861,5
2026-04-22 08:55:00,2.8565,2.8565,2.856,2.8565,2.8615,2.8615,2.861,2.8615,3
2026-04-22 08:56:00,2.856,2.856,2.855,2.8555,2.861,2.861,2.86,2.8605,4
2026-04-22 08:57:00,2.855,2.856,2.855,2.856,2.86,2.861,2.86,2.861,3
2026-04-22 08:58:00,2.8555,2.857,2.855,2.855,2.8605,2.862,2.86,2.86,4
2026-04-22 09:00:00,2.8555,2.857,2.8535,2.8545,2.8605,2.862,2.8585,2.8595,17
2026-04-22 09:01:00,2.854,2.855,2.854,2.8545,2.859,2.86,2.859,2.8595,4
2026-04-22 09:02:00,2.8555,2.8575,2.8545,2.8545,2.8605,2.8625,2.8595,2.8595,10
2026-04-22 09:03:00,2.855,2.855,2.855,2.855,2.86,2.86,2.86,2.86,1
2026-04-22 09:04:00,2.8555,2.856,2.8555,2.8555,2.8605,2.861,2.8605,2.8605,3
2026-04-22 09:05:00,2.855,2.856,2.855,2.855,2.86,2.861,2.86,2.86,6
2026-04-22 09:06:00,2.8555,2.8555,2.855,2.855,2.8605,2.8605,2.86,2.86,2
2026-04-22 09:07:00,2.8555,2.858,2.8555,2.858,2.8605,2.863,2.8605,2.863,9
2026-04-22 09:08:00,2.8575,2.8575,2.8565,2.8565,2.8625,2.8625,2.8615,2.8615,3
2026-04-22 09:09:00,2.856,2.8565,2.856,2.8565,2.861,2.8615,2.861,2.8615,2
2026-04-22 09:10:00,2.857,2.857,2.856,2.8565,2.862,2.862,2.861,2.8615,4
2026-04-22 09:11:00,2.857,2.857,2.8565,2.857,2.862,2.862,2.8615,2.862,7
2026-04-22 09:12:00,2.8565,2.8565,2.8565,2.8565,2.8615,2.8615,2.8615,2.8615,1
2026-04-22 09:13:00,2.857,2.857,2.8565,2.857,2.862,2.862,2.8615,2.862,3
2026-04-22 09:14:00,2.8565,2.8575,2.8565,2.8575,2.8615,2.8625,2.8615,2.8625,5
2026-04-22 09:15:00,2.858,2.859,2.8575,2.8585,2.863,2.864,2.8625,2.8635,6
2026-04-22 09:16:00,2.859,2.859,2.8585,2.859,2.864,2.864,2.8635,2.864,19
2026-04-22 09:17:00,2.8595,2.86,2.859,2.8595,2.8645,2.865,2.864,2.8645,14
2026-04-22 09:18:00,2.86,2.8605,2.86,2.86,2.865,2.8655,2.865,2.865,3
2026-04-22 09:19:00,2.859,2.861,2.859,2.86,2.864,2.866,2.864,2.865,13
2026-04-22 09:20:00,2.861,2.861,2.86,2.861,2.866,2.866,2.865,2.866,11
2026-04-22 09:21:00,2.862,2.862,2.86,2.861,2.867,2.867,2.865,2.866,15
2026-04-22 09:22:00,2.8615,2.8615,2.86,2.861,2.8665,2.8665,2.865,2.866,7
2026-04-22 09:23:00,2.8615,2.863,2.8615,2.863,2.8665,2.868,2.8665,2.868,6
2026-04-22 09:24:00,2.8625,2.863,2.862,2.8625,2.8675,2.868,2.867,2.8675,13
2026-04-22 09:25:00,2.862,2.8635,2.862,2.863,2.867,2.8685,2.867,2.868,8
2026-04-22 09:26:00,2.8625,2.863,2.861,2.861,2.8675,2.868,2.866,2.866,4
2026-04-22 09:27:00,2.86,2.861,2.86,2.861,2.865,2.866,2.865,2.866,2
2026-04-22 09:28:00,2.8605,2.861,2.86,2.8605,2.8655,2.866,2.865,2.8655,6
2026-04-22 09:29:00,2.861,2.861,2.86,2.861,2.866,2.866,2.865,2.866,5
2026-04-22 09:30:00,2.8605,2.861,2.86,2.861,2.8655,2.866,2.865,2.866,3
2026-04-22 09:31:00,2.86,2.8615,2.86,2.861,2.865,2.8665,2.865,2.866,7
2026-04-22 09:32:00,2.8605,2.861,2.86,2.86,2.8655,2.866,2.865,2.865,4
2026-04-22 09:33:00,2.8605,2.861,2.8605,2.8605,2.8655,2.866,2.8655,2.8655,3
2026-04-22 09:34:00,2.861,2.861,2.8605,2.861,2.866,2.866,2.8655,2.866,9
2026-04-22 09:35:00,2.8605,2.861,2.86,2.861,2.8655,2.866,2.865,2.866,4
2026-04-22 09:36:00,2.86,2.8605,2.86,2.86,2.865,2.8655,2.865,2.865,3
2026-04-22 09:37:00,2.8605,2.861,2.8605,2.8605,2.8655,2.866,2.8655,2.8655,3
2026-04-22 09:38:00,2.861,2.8615,2.861,2.861,2.866,2.8665,2.866,2.866,3
2026-04-22 09:39:00,2.8615,2.863,2.8615,2.863,2.8665,2.868,2.8665,2.868,8
2026-04-22 09:40:00,2.8625,2.865,2.8625,2.8645,2.8675,2.87,2.8675,2.8695,16
2026-04-22 09:41:00,2.864,2.8645,2.863,2.863,2.869,2.8695,2.868,2.868,8
2026-04-22 09:43:00,2.862,2.862,2.862,2.862,2.867,2.867,2.867,2.867,1
2026-04-22 09:45:00,2.863,2.863,2.8625,2.8625,2.868,2.868,2.8675,2.8675,2
2026-04-22 09:46:00,2.863,2.863,2.8625,2.8625,2.868,2.868,2.8675,2.8675,4
2026-04-22 09:47:00,2.862,2.8625,2.859,2.86,2.867,2.8675,2.864,2.865,15
2026-04-22 09:48:00,2.8595,2.8595,2.859,2.8595,2.8645,2.8645,2.864,2.8645,3
2026-04-22 09:49:00,2.86,2.86,2.86,2.86,2.865,2.865,2.865,2.865,1
2026-04-22 09:50:00,2.8605,2.8605,2.86,2.86,2.8655,2.8655,2.865,2.865,2
2026-04-22 09:53:00,2.859,2.8595,2.859,2.859,2.864,2.8645,2.864,2.864,5
2026-04-22 09:54:00,2.8585,2.859,2.858,2.859,2.8635,2.864,2.863,2.864,4
2026-04-22 09:55:00,2.8585,2.86,2.8585,2.86,2.8635,2.865,2.8635,2.865,3
2026-04-22 09:56:00,2.859,2.859,2.8585,2.859,2.864,2.864,2.8635,2.864,5
2026-04-22 09:57:00,2.8595,2.8595,2.859,2.859,2.8645,2.8645,2.864,2.864,2
2026-04-22 09:58:00,2.8585,2.859,2.857,2.858,2.8635,2.864,2.862,2.863,12
2026-04-22 09:59:00,2.8585,2.859,2.8585,2.8585,2.8635,2.864,2.8635,2.8635,3
2026-04-22 10:00:00,2.859,2.859,2.858,2.8585,2.864,2.864,2.863,2.8635,6
2026-04-22 10:01:00,2.859,2.859,2.8585,2.8585,2.864,2.864,2.8635,2.8635,12
2026-04-22 10:02:00,2.859,2.861,2.8585,2.8585,2.864,2.866,2.8635,2.8635,15
2026-04-22 10:03:00,2.859,2.859,2.859,2.859,2.864,2.864,2.864,2.864,1
2026-04-22 10:04:00,2.8595,2.86,2.859,2.859,2.8645,2.865,2.864,2.864,8
2026-04-22 10:05:00,2.8595,2.8595,2.859,2.8595,2.8645,2.8645,2.864,2.8645,3
2026-04-22 10:06:00,2.86,2.861,2.86,2.861,2.865,2.866,2.865,2.866,6
2026-04-22 10:07:00,2.8605,2.861,2.8605,2.861,2.8655,2.866,2.8655,2.866,6
2026-04-22 10:08:00,2.8605,2.862,2.86,2.86,2.8655,2.867,2.865,2.865,7
2026-04-22 10:09:00,2.8595,2.86,2.859,2.859,2.8645,2.865,2.864,2.864,4
2026-04-22 10:10:00,2.858,2.86,2.858,2.8585,2.863,2.865,2.863,2.8635,10
2026-04-22 10:11:00,2.859,2.859,2.8585,2.8585,2.864,2.864,2.8635,2.8635,4
2026-04-22 10:12:00,2.859,2.859,2.8585,2.859,2.864,2.864,2.8635,2.864,3
2026-04-22 10:13:00,2.8585,2.8595,2.8585,2.8595,2.8635,2.8645,2.8635,2.8645,5
2026-04-22 10:14:00,2.86,2.86,2.859,2.859,2.865,2.865,2.864,2.864,2
2026-04-22 10:15:00,2.86,2.8605,2.859,2.8605,2.865,2.8655,2.864,2.8655,21
2026-04-22 10:16:00,2.86,2.8615,2.8595,2.86,2.865,2.8665,2.8645,2.865,38
2026-04-22 10:17:00,2.8595,2.86,2.859,2.859,2.8645,2.865,2.864,2.864,7
2026-04-22 10:18:00,2.858,2.858,2.858,2.858,2.863,2.863,2.863,2.863,1
2026-04-22 10:19:00,2.8585,2.859,2.858,2.859,2.8635,2.864,2.863,2.864,5
2026-04-22 10:20:00,2.8595,2.8605,2.8595,2.8605,2.8645,2.8655,2.8645,2.8655,3
2026-04-22 10:21:00,2.861,2.861,2.86,2.86,2.866,2.866,2.865,2.865,9
2026-04-22 10:22:00,2.861,2.8615,2.86,2.861,2.866,2.8665,2.865,2.866,7
2026-04-22 10:23:00,2.8615,2.8635,2.861,2.8635,2.8665,2.8685,2.866,2.8685,11
2026-04-22 10:24:00,2.863,2.864,2.862,2.8625,2.868,2.869,2.867,2.8675,11
2026-04-22 10:25:00,2.863,2.863,2.862,2.862,2.868,2.868,2.867,2.867,5
2026-04-22 10:26:00,2.8625,2.8625,2.861,2.862,2.8675,2.8675,2.866,2.867,12
2026-04-22 10:27:00,2.8625,2.863,2.8615,2.8625,2.8675,2.868,2.8665,2.8675,9
2026-04-22 10:28:00,2.862,2.864,2.862,2.863,2.867,2.869,2.867,2.868,11
2026-04-22 10:29:00,2.8635,2.864,2.863,2.864,2.8685,2.869,2.868,2.869,21
2026-04-22 10:30:00,2.8635,2.8635,2.86,2.8605,2.8685,2.8685,2.865,2.8655,9
2026-04-22 10:31:00,2.861,2.864,2.8605,2.862,2.866,2.869,2.8655,2.867,11
2026-04-22 10:32:00,2.8625,2.8645,2.8625,2.864,2.8675,2.8695,2.8675,2.869,9
2026-04-22 10:33:00,2.865,2.866,2.865,2.8655,2.87,2.871,2.87,2.8705,16
2026-04-22 10:34:00,2.866,2.867,2.865,2.865,2.871,2.872,2.87,2.87,14
2026-04-22 10:35:00,2.8655,2.866,2.865,2.865,2.8705,2.871,2.87,2.87,15
2026-04-22 10:36:00,2.8655,2.868,2.8655,2.867,2.8705,2.873,2.8705,2.872,15
2026-04-22 10:37:00,2.8675,2.868,2.867,2.867,2.8725,2.873,2.872,2.872,7
2026-04-22 10:38:00,2.8675,2.8695,2.8675,2.8695,2.8725,2.8745,2.8725,2.8745,8
2026-04-22 10:39:00,2.87,2.8725,2.87,2.8705,2.875,2.8775,2.875,2.8755,12
2026-04-22 10:40:00,2.871,2.872,2.8705,2.8715,2.876,2.877,2.8755,2.8765,13
2026-04-22 10:41:00,2.871,2.873,2.871,2.872,2.876,2.878,2.876,2.877,10
2026-04-22 10:42:00,2.8725,2.8725,2.871,2.8715,2.8775,2.8775,2.876,2.8765,6
2026-04-22 10:43:00,2.872,2.872,2.8705,2.8705,2.877,2.877,2.8755,2.8755,3
2026-04-22 10:44:00,2.87,2.8705,2.8695,2.8705,2.875,2.8755,2.8745,2.8755,11
2026-04-22 10:45:00,2.87,2.8725,2.87,2.872,2.875,2.8775,2.875,2.877,21
2026-04-22 10:46:00,2.8725,2.8725,2.871,2.8715,2.8775,2.8775,2.876,2.8765,12
2026-04-22 10:47:00,2.872,2.873,2.871,2.873,2.877,2.878,2.876,2.878,9
2026-04-22 10:48:00,2.872,2.8725,2.872,2.872,2.877,2.8775,2.877,2.877,5
2026-04-22 10:49:00,2.8715,2.872,2.8715,2.872,2.8765,2.877,2.8765,2.877,2
2026-04-22 10:50:00,2.8725,2.874,2.872,2.8725,2.8775,2.879,2.877,2.8775,9
2026-04-22 10:51:00,2.872,2.872,2.87,2.8705,2.877,2.877,2.875,2.8755,7
2026-04-22 10:52:00,2.87,2.87,2.8695,2.87,2.875,2.875,2.8745,2.875,3
2026-04-22 10:53:00,2.8705,2.871,2.87,2.87,2.8755,2.876,2.875,2.875,3
2026-04-22 10:54:00,2.8705,2.8715,2.8705,2.8715,2.8755,2.8765,2.8755,2.8765,4
2026-04-22 10:55:00,2.872,2.872,2.871,2.8715,2.877,2.877,2.876,2.8765,5
2026-04-22 10:56:00,2.872,2.8725,2.871,2.8725,2.877,2.8775,2.876,2.8775,6
2026-04-22 10:57:00,2.872,2.8725,2.872,2.872,2.877,2.8775,2.877,2.877,9
2026-04-22 10:58:00,2.8715,2.872,2.871,2.871,2.8765,2.877,2.876,2.876,8
2026-04-22 10:59:00,2.872,2.873,2.872,2.8725,2.877,2.878,2.877,2.8775,9
2026-04-22 11:00:00,2.8735,2.874,2.868,2.87,2.8785,2.879,2.873,2.875,28
2026-04-22 11:01:00,2.8705,2.871,2.87,2.871,2.8755,2.876,2.875,2.876,5
2026-04-22 11:02:00,2.872,2.8725,2.871,2.8725,2.877,2.8775,2.876,2.8775,6
2026-04-22 11:03:00,2.872,2.872,2.871,2.872,2.877,2.877,2.876,2.877,11
2026-04-22 11:04:00,2.8715,2.8725,2.871,2.872,2.8765,2.8775,2.876,2.877,19
2026-04-22 11:05:00,2.8715,2.8715,2.8705,2.8705,2.8765,2.8765,2.8755,2.8755,3
2026-04-22 11:06:00,2.871,2.871,2.87,2.87,2.876,2.876,2.875,2.875,9
2026-04-22 11:07:00,2.869,2.871,2.869,2.8705,2.874,2.876,2.874,2.8755,10
2026-04-22 11:08:00,2.87,2.871,2.8695,2.871,2.875,2.876,2.8745,2.876,17
2026-04-22 11:09:00,2.8705,2.871,2.87,2.87,2.8755,2.876,2.875,2.875,8
2026-04-22 11:10:00,2.871,2.871,2.87,2.87,2.876,2.876,2.875,2.875,2
2026-04-22 11:11:00,2.8705,2.871,2.8705,2.871,2.8755,2.876,2.8755,2.876,6
2026-04-22 11:12:00,2.8705,2.8705,2.87,2.8705,2.8755,2.8755,2.875,2.8755,3
2026-04-22 11:13:00,2.8695,2.87,2.869,2.8695,2.8745,2.875,2.874,2.8745,6
2026-04-22 11:14:00,2.869,2.87,2.869,2.8695,2.874,2.875,2.874,2.8745,9
2026-04-22 11:15:00,2.87,2.87,2.87,2.87,2.875,2.875,2.875,2.875,1
2026-04-22 11:16:00,2.8695,2.8695,2.8695,2.8695,2.8745,2.8745,2.8745,2.8745,1
2026-04-22 11:17:00,2.869,2.869,2.869,2.869,2.874,2.874,2.874,2.874,1
2026-04-22 11:18:00,2.8695,2.8695,2.868,2.868,2.8745,2.8745,2.873,2.873,11
2026-04-22 11:19:00,2.8685,2.869,2.868,2.8685,2.8735,2.874,2.873,2.8735,7
2026-04-22 11:20:00,2.869,2.869,2.868,2.868,2.874,2.874,2.873,2.873,8
2026-04-22 11:21:00,2.8675,2.8675,2.867,2.867,2.8725,2.8725,2.872,2.872,2
2026-04-22 11:22:00,2.8665,2.867,2.8665,2.867,2.8715,2.872,2.8715,2.872,4
2026-04-22 11:23:00,2.8665,2.867,2.866,2.867,2.8715,2.872,2.871,2.872,4
2026-04-22 11:24:00,2.8665,2.8685,2.8665,2.8685,2.8715,2.8735,2.8715,2.8735,7
2026-04-22 11:25:00,2.869,2.869,2.868,2.869,2.874,2.874,2.873,2.874,6
2026-04-22 11:26:00,2.868,2.869,2.868,2.868,2.873,2.874,2.873,2.873,8
2026-04-22 11:27:00,2.8685,2.869,2.8675,2.869,2.8735,2.874,2.8725,2.874,21
2026-04-22 11:28:00,2.87,2.8705,2.869,2.87,2.875,2.8755,2.874,2.875,5
2026-04-22 11:29:00,2.8705,2.871,2.8705,2.871,2.8755,2.876,2.8755,2.876,4
2026-04-22 11:30:00,2.8705,2.871,2.87,2.871,2.8755,2.876,2.875,2.876,6
2026-04-22 11:32:00,2.8705,2.871,2.87,2.8705,2.8755,2.876,2.875,2.8755,6
2026-04-22 11:33:00,2.871,2.871,2.8705,2.8705,2.876,2.876,2.8755,2.8755,4
2026-04-22 11:34:00,2.87,2.87,2.87,2.87,2.875,2.875,2.875,2.875,1
2026-04-22 11:35:00,2.8695,2.8695,2.869,2.869,2.8745,2.8745,2.874,2.874,2
2026-04-22 11:36:00,2.8695,2.87,2.869,2.8695,2.8745,2.875,2.874,2.8745,5
2026-04-22 11:37:00,2.87,2.8705,2.87,2.8705,2.875,2.8755,2.875,2.8755,2
2026-04-22 11:38:00,2.871,2.871,2.87,2.87,2.876,2.876,2.875,2.875,3
2026-04-22 11:39:00,2.8695,2.87,2.8695,2.87,2.8745,2.875,2.8745,2.875,8
2026-04-22 11:40:00,2.869,2.87,2.869,2.87,2.874,2.875,2.874,2.875,3
2026-04-22 11:42:00,2.871,2.871,2.8705,2.8705,2.876,2.876,2.8755,2.8755,2
2026-04-22 11:43:00,2.871,2.871,2.87,2.87,2.876,2.876,2.875,2.875,3
2026-04-22 11:44:00,2.8705,2.8705,2.87,2.87,2.8755,2.8755,2.875,2.875,2
2026-04-22 11:45:00,2.8705,2.871,2.8705,2.8705,2.8755,2.876,2.8755,2.8755,3
2026-04-22 11:46:00,2.87,2.87,2.87,2.87,2.875,2.875,2.875,2.875,1
2026-04-22 11:47:00,2.869,2.8705,2.869,2.87,2.874,2.8755,2.874,2.875,5
2026-04-22 11:48:00,2.8695,2.8725,2.8695,2.8725,2.8745,2.8775,2.8745,2.8775,8
2026-04-22 11:49:00,2.872,2.872,2.871,2.871,2.877,2.877,2.876,2.876,6
2026-04-22 11:50:00,2.872,2.874,2.8715,2.8735,2.877,2.879,2.8765,2.8785,10
2026-04-22 11:51:00,2.874,2.878,2.8735,2.874,2.879,2.883,2.8785,2.879,21
2026-04-22 11:52:00,2.8735,2.876,2.873,2.8755,2.8785,2.881,2.878,2.8805,12
2026-04-22 11:53:00,2.876,2.877,2.8755,2.876,2.881,2.882,2.8805,2.881,12
2026-04-22 11:54:00,2.877,2.877,2.8755,2.8755,2.882,2.882,2.8805,2.8805,21
2026-04-22 11:55:00,2.875,2.8765,2.875,2.875,2.88,2.8815,2.88,2.88,11
2026-04-22 11:56:00,2.8745,2.875,2.8745,2.875,2.8795,2.88,2.8795,2.88,2
2026-04-22 11:57:00,2.874,2.874,2.874,2.874,2.879,2.879,2.879,2.879,1
2026-04-22 11:59:00,2.8745,2.8745,2.8735,2.874,2.8795,2.8795,2.8785,2.879,7
2026-04-22 12:00:00,2.875,2.876,2.8735,2.874,2.88,2.881,2.8785,2.879,11
2026-04-22 12:01:00,2.8735,2.874,2.873,2.8735,2.8785,2.879,2.878,2.8785,10
2026-04-22 12:02:00,2.874,2.874,2.8735,2.874,2.879,2.879,2.8785,2.879,9
2026-04-22 12:03:00,2.875,2.875,2.8745,2.875,2.88,2.88,2.8795,2.88,5
2026-04-22 12:04:00,2.8755,2.8755,2.8745,2.8745,2.8805,2.8805,2.8795,2.8795,3
2026-04-22 12:05:00,2.875,2.875,2.874,2.875,2.88,2.88,2.879,2.88,3
2026-04-22 12:06:00,2.8755,2.8755,2.8745,2.8745,2.8805,2.8805,2.8795,2.8795,3
2026-04-22 12:07:00,2.875,2.875,2.8745,2.875,2.88,2.88,2.8795,2.88,3
2026-04-22 12:08:00,2.8755,2.8755,2.8755,2.8755,2.8805,2.8805,2.8805,2.8805,1
2026-04-22 12:09:00,2.875,2.877,2.875,2.8765,2.88,2.882,2.88,2.8815,12
2026-04-22 12:10:00,2.877,2.877,2.877,2.877,2.882,2.882,2.882,2.882,1
2026-04-22 12:11:00,2.8765,2.877,2.876,2.876,2.8815,2.882,2.881,2.881,11
2026-04-22 12:12:00,2.8765,2.8765,2.8755,2.876,2.8815,2.8815,2.8805,2.881,8
2026-04-22 12:13:00,2.875,2.8755,2.875,2.8755,2.88,2.8805,2.88,2.8805,2
2026-04-22 12:14:00,2.875,2.8755,2.875,2.875,2.88,2.8805,2.88,2.88,3
2026-04-22 12:15:00,2.8745,2.8745,2.872,2.872,2.8795,2.8795,2.877,2.877,6
2026-04-22 12:16:00,2.8715,2.872,2.871,2.871,2.8765,2.877,2.876,2.876,3
2026-04-22 12:17:00,2.8715,2.8725,2.8715,2.8725,2.8765,2.8775,2.8765,2.8775,9
2026-04-22 12:18:00,2.872,2.872,2.871,2.871,2.877,2.877,2.876,2.876,7
2026-04-22 12:19:00,2.87,2.871,2.87,2.87,2.875,2.876,2.875,2.875,5
2026-04-22 12:20:00,2.8695,2.8705,2.8695,2.8705,2.8745,2.8755,2.8745,2.8755,5
2026-04-22 12:21:00,2.87,2.8705,2.869,2.8705,2.875,2.8755,2.874,2.8755,5
2026-04-22 12:22:00,2.87,2.8705,2.8695,2.87,2.875,2.8755,2.8745,2.875,9
2026-04-22 12:23:00,2.8705,2.8705,2.87,2.87,2.8755,2.8755,2.875,2.875,2
2026-04-22 12:24:00,2.8695,2.87,2.868,2.8695,2.8745,2.875,2.873,2.8745,6
2026-04-22 12:25:00,2.869,2.8695,2.8685,2.8695,2.874,2.8745,2.8735,2.8745,9
2026-04-22 12:26:00,2.869,2.8695,2.867,2.868,2.874,2.8745,2.872,2.873,7
2026-04-22 12:27:00,2.869,2.869,2.868,2.868,2.874,2.874,2.873,2.873,3
2026-04-22 12:28:00,2.8685,2.869,2.866,2.866,2.8735,2.874,2.871,2.871,9
2026-04-22 12:29:00,2.865,2.8655,2.8645,2.865,2.87,2.8705,2.8695,2.87,9
2026-04-22 12:30:00,2.8645,2.8645,2.864,2.864,2.8695,2.8695,2.869,2.869,2
2026-04-22 12:31:00,2.8645,2.865,2.8645,2.8645,2.8695,2.87,2.8695,2.8695,3
2026-04-22 12:32:00,2.865,2.865,2.864,2.864,2.87,2.87,2.869,2.869,5
2026-04-22 12:33:00,2.865,2.866,2.8645,2.866,2.87,2.871,2.8695,2.871,5
2026-04-22 12:34:00,2.865,2.868,2.865,2.868,2.87,2.873,2.87,2.873,12
2026-04-22 12:35:00,2.867,2.867,2.865,2.866,2.872,2.872,2.87,2.871,12
2026-04-22 12:36:00,2.8665,2.867,2.8665,2.8665,2.8715,2.872,2.8715,2.8715,5
2026-04-22 12:37:00,2.867,2.867,2.8665,2.867,2.872,2.872,2.8715,2.872,3
2026-04-22 12:38:00,2.8665,2.868,2.8665,2.8675,2.8715,2.873,2.8715,2.8725,8
2026-04-22 12:39:00,2.8665,2.867,2.866,2.867,2.8715,2.872,2.871,2.872,4
2026-04-22 12:40:00,2.8675,2.869,2.8675,2.869,2.8725,2.874,2.8725,2.874,12
2026-04-22 12:41:00,2.8685,2.8685,2.8675,2.868,2.8735,2.8735,2.8725,2.873,8
2026-04-22 12:42:00,2.8675,2.869,2.8675,2.869,2.8725,2.874,2.8725,2.874,8
2026-04-22 12:43:00,2.8685,2.8695,2.8685,2.8695,2.8735,2.8745,2.8735,2.8745,3
2026-04-22 12:44:00,2.869,2.869,2.8685,2.869,2.874,2.874,2.8735,2.874,3
2026-04-22 12:45:00,2.8685,2.87,2.868,2.87,2.8735,2.875,2.873,2.875,9
2026-04-22 12:46:00,2.871,2.871,2.8695,2.871,2.876,2.876,2.8745,2.876,6
2026-04-22 12:47:00,2.8705,2.871,2.864,2.8655,2.8755,2.876,2.869,2.8705,22
2026-04-22 12:48:00,2.866,2.868,2.866,2.867,2.871,2.873,2.871,2.872,11
2026-04-22 12:49:00,2.8675,2.868,2.866,2.867,2.8725,2.873,2.871,2.872,10
2026-04-22 12:50:00,2.8675,2.8675,2.866,2.867,2.8725,2.8725,2.871,2.872,11
2026-04-22 12:51:00,2.8665,2.8665,2.8655,2.8655,2.8715,2.8715,2.8705,2.8705,7
2026-04-22 12:52:00,2.866,2.8675,2.866,2.8675,2.871,2.8725,2.871,2.8725,3
2026-04-22 12:53:00,2.867,2.867,2.8665,2.867,2.872,2.872,2.8715,2.872,5
2026-04-22 12:56:00,2.8675,2.8675,2.863,2.863,2.8725,2.8725,2.868,2.868,10
2026-04-22 12:57:00,2.8635,2.865,2.8635,2.865,2.8685,2.87,2.8685,2.87,8
2026-04-22 12:58:00,2.864,2.865,2.864,2.8645,2.869,2.87,2.869,2.8695,8
2026-04-22 12:59:00,2.864,2.865,2.864,2.865,2.869,2.87,2.869,2.87,9
2026-04-22 13:00:00,2.864,2.865,2.8635,2.864,2.869,2.87,2.8685,2.869,8
2026-04-22 13:01:00,2.8645,2.8665,2.8645,2.8655,2.8695,2.8715,2.8695,2.8705,12
2026-04-22 13:02:00,2.865,2.8665,2.8645,2.865,2.87,2.8715,2.8695,2.87,12
2026-04-22 13:03:00,2.8655,2.866,2.8635,2.865,2.8705,2.871,2.8685,2.87,16
2026-04-22 13:04:00,2.8645,2.867,2.8645,2.8655,2.8695,2.872,2.8695,2.8705,14
2026-04-22 13:05:00,2.865,2.866,2.865,2.866,2.87,2.871,2.87,2.871,5
2026-04-22 13:06:00,2.8665,2.867,2.866,2.866,2.8715,2.872,2.871,2.871,12
2026-04-22 13:07:00,2.8665,2.8675,2.8665,2.867,2.8715,2.8725,2.8715,2.872,6
2026-04-22 13:08:00,2.8675,2.8695,2.8675,2.868,2.8725,2.8745,2.8725,2.873,6
2026-04-22 13:09:00,2.8685,2.8685,2.865,2.866,2.8735,2.8735,2.87,2.871,8
2026-04-22 13:10:00,2.8655,2.866,2.8645,2.8655,2.8705,2.871,2.8695,2.8705,7
2026-04-22 13:11:00,2.865,2.866,2.865,2.865,2.87,2.871,2.87,2.87,7
2026-04-22 13:12:00,2.864,2.8645,2.863,2.863,2.869,2.8695,2.868,2.868,3
2026-04-22 13:13:00,2.8625,2.863,2.862,2.8625,2.8675,2.868,2.867,2.8675,4
2026-04-22 13:14:00,2.863,2.863,2.862,2.863,2.868,2.868,2.867,2.868,3
2026-04-22 13:15:00,2.8635,2.8645,2.863,2.8645,2.8685,2.8695,2.868,2.8695,11
2026-04-22 13:16:00,2.865,2.8655,2.865,2.865,2.87,2.8705,2.87,2.87,5
2026-04-22 13:17:00,2.8655,2.868,2.8655,2.8675,2.8705,2.873,2.8705,2.8725,7
2026-04-22 13:18:00,2.868,2.868,2.8655,2.8655,2.873,2.873,2.8705,2.8705,7
2026-04-22 13:19:00,2.866,2.867,2.866,2.867,2.871,2.872,2.871,2.872,3
2026-04-22 13:20:00,2.8665,2.867,2.866,2.866,2.8715,2.872,2.871,2.871,3
2026-04-22 13:21:00,2.8655,2.87,2.8655,2.8665,2.8705,2.875,2.8705,2.8715,17
2026-04-22 13:22:00,2.866,2.867,2.865,2.8655,2.871,2.872,2.87,2.8705,13
2026-04-22 13:23:00,2.866,2.8695,2.8655,2.8695,2.871,2.8745,2.8705,2.8745,13
2026-04-22 13:24:00,2.869,2.872,2.869,2.8715,2.874,2.877,2.874,2.8765,13
2026-04-22 13:25:00,2.872,2.872,2.8685,2.8685,2.877,2.877,2.8735,2.8735,16
2026-04-22 13:26:00,2.869,2.8705,2.8685,2.8705,2.874,2.8755,2.8735,2.8755,12
2026-04-22 13:27:00,2.871,2.871,2.8705,2.871,2.876,2.876,2.8755,2.876,5
2026-04-22 13:28:00,2.8705,2.871,2.869,2.871,2.8755,2.876,2.874,2.876,9
2026-04-22 13:29:00,2.8715,2.8715,2.87,2.87,2.8765,2.8765,2.875,2.875,12
2026-04-22 13:30:00,2.869,2.869,2.8665,2.867,2.874,2.874,2.8715,2.872,6
2026-04-22 13:31:00,2.8665,2.874,2.865,2.8725,2.8715,2.879,2.87,2.8775,25
2026-04-22 13:32:00,2.872,2.873,2.8715,2.8715,2.877,2.878,2.8765,2.8765,14
2026-04-22 13:33:00,2.872,2.873,2.872,2.872,2.877,2.878,2.877,2.877,6
2026-04-22 13:34:00,2.8725,2.873,2.87,2.87,2.8775,2.878,2.875,2.875,11
2026-04-22 13:35:00,2.869,2.87,2.869,2.869,2.874,2.875,2.874,2.874,6
2026-04-22 13:36:00,2.8695,2.871,2.8695,2.8705,2.8745,2.876,2.8745,2.8755,11
2026-04-22 13:37:00,2.87,2.871,2.869,2.871,2.875,2.876,2.874,2.876,5
2026-04-22 13:38:00,2.87,2.8705,2.87,2.87,2.875,2.8755,2.875,2.875,3
2026-04-22 13:39:00,2.8705,2.8705,2.8695,2.8705,2.8755,2.8755,2.8745,2.8755,10
2026-04-22 13:40:00,2.87,2.871,2.87,2.87,2.875,2.876,2.875,2.875,11
2026-04-22 13:41:00,2.871,2.871,2.8695,2.8695,2.876,2.876,2.8745,2.8745,4
2026-04-22 13:42:00,2.869,2.872,2.8665,2.8665,2.874,2.877,2.8715,2.8715,37
2026-04-22 13:43:00,2.867,2.868,2.8655,2.8675,2.872,2.873,2.8705,2.8725,29
2026-04-22 13:44:00,2.867,2.8685,2.864,2.8675,2.872,2.8735,2.869,2.8725,25
2026-04-22 13:45:00,2.867,2.867,2.8645,2.865,2.872,2.872,2.8695,2.87,7
2026-04-22 13:46:00,2.866,2.8665,2.864,2.865,2.871,2.8715,2.869,2.87,8
2026-04-22 13:47:00,2.8645,2.8645,2.862,2.863,2.8695,2.8695,2.867,2.868,8
2026-04-22 13:48:00,2.8635,2.867,2.8635,2.866,2.8685,2.872,2.8685,2.871,21
2026-04-22 13:49:00,2.865,2.868,2.8645,2.8655,2.87,2.873,2.8695,2.8705,19
2026-04-22 13:50:00,2.866,2.866,2.866,2.866,2.871,2.871,2.871,2.871,1
2026-04-22 13:51:00,2.8655,2.8675,2.8655,2.8665,2.8705,2.8725,2.8705,2.8715,16
2026-04-22 13:52:00,2.867,2.87,2.8665,2.8695,2.872,2.875,2.8715,2.8745,14
2026-04-22 13:53:00,2.87,2.874,2.87,2.874,2.875,2.879,2.875,2.879,18
2026-04-22 13:54:00,2.873,2.875,2.872,2.875,2.878,2.88,2.877,2.88,27
2026-04-22 13:55:00,2.8745,2.876,2.873,2.874,2.8795,2.881,2.878,2.879,25
2026-04-22 13:56:00,2.8735,2.874,2.871,2.8715,2.8785,2.879,2.876,2.8765,19
2026-04-22 13:57:00,2.872,2.872,2.87,2.8705,2.877,2.877,2.875,2.8755,8
2026-04-22 13:58:00,2.871,2.871,2.869,2.869,2.876,2.876,2.874,2.874,4
2026-04-22 13:59:00,2.868,2.872,2.868,2.872,2.873,2.877,2.873,2.877,16
2026-04-22 14:00:00,2.8715,2.872,2.8675,2.8675,2.8765,2.877,2.8725,2.8725,24
2026-04-22 14:01:00,2.867,2.869,2.8665,2.8685,2.872,2.874,2.8715,2.8735,13
2026-04-22 14:02:00,2.869,2.871,2.868,2.869,2.874,2.876,2.873,2.874,13
2026-04-22 14:03:00,2.8685,2.8685,2.867,2.867,2.8735,2.8735,2.872,2.872,6
2026-04-22 14:04:00,2.8675,2.8675,2.865,2.865,2.8725,2.8725,2.87,2.87,12
2026-04-22 14:05:00,2.8655,2.8655,2.862,2.864,2.8705,2.8705,2.867,2.869,14
2026-04-22 14:06:00,2.865,2.865,2.856,2.856,2.87,2.87,2.861,2.861,35
2026-04-22 14:07:00,2.8555,2.856,2.849,2.851,2.8605,2.861,2.854,2.856,33
2026-04-22 14:08:00,2.8515,2.852,2.8505,2.851,2.8565,2.857,2.8555,2.856,16
2026-04-22 14:09:00,2.852,2.852,2.849,2.849,2.857,2.857,2.854,2.854,15
2026-04-22 14:10:00,2.848,2.848,2.843,2.844,2.853,2.853,2.848,2.849,23
2026-04-22 14:11:00,2.8435,2.845,2.842,2.8445,2.8485,2.85,2.847,2.8495,38
2026-04-22 14:12:00,2.845,2.8495,2.844,2.8495,2.85,2.8545,2.849,2.8545,40
2026-04-22 14:13:00,2.849,2.849,2.8455,2.8465,2.854,2.854,2.8505,2.8515,35
2026-04-22 14:14:00,2.846,2.848,2.845,2.846,2.851,2.853,2.85,2.851,21
2026-04-22 14:15:00,2.8465,2.847,2.842,2.8455,2.8515,2.852,2.847,2.8505,29
2026-04-22 14:16:00,2.846,2.848,2.8455,2.848,2.851,2.853,2.8505,2.853,14
2026-04-22 14:17:00,2.8475,2.8485,2.847,2.8475,2.8525,2.8535,2.852,2.8525,15
2026-04-22 14:18:00,2.847,2.849,2.847,2.8485,2.852,2.854,2.852,2.8535,26
2026-04-22 14:19:00,2.848,2.856,2.848,2.856,2.853,2.861,2.853,2.861,26
2026-04-22 14:20:00,2.8555,2.857,2.8545,2.855,2.8605,2.862,2.8595,2.86,22
2026-04-22 14:21:00,2.8555,2.86,2.8535,2.86,2.8605,2.865,2.8585,2.865,25
2026-04-22 14:22:00,2.8595,2.86,2.8575,2.858,2.8645,2.865,2.8625,2.863,24
2026-04-22 14:23:00,2.8575,2.863,2.857,2.863,2.8625,2.868,2.862,2.868,12
2026-04-22 14:24:00,2.8625,2.8625,2.86,2.8615,2.8675,2.8675,2.865,2.8665,29
2026-04-22 14:25:00,2.862,2.862,2.859,2.86,2.867,2.867,2.864,2.865,17
2026-04-22 14:26:00,2.8605,2.8625,2.859,2.8625,2.8655,2.8675,2.864,2.8675,12
2026-04-22 14:27:00,2.8635,2.865,2.8635,2.864,2.8685,2.87,2.8685,2.869,20
2026-04-22 14:28:00,2.8645,2.867,2.8615,2.8615,2.8695,2.872,2.8665,2.8665,24
2026-04-22 14:29:00,2.8625,2.867,2.86,2.867,2.8675,2.872,2.865,2.872,55
2026-04-22 14:30:00,2.8675,2.8685,2.8655,2.8675,2.8725,2.8735,2.8705,2.8725,47
2026-04-22 14:31:00,2.867,2.868,2.865,2.866,2.872,2.873,2.87,2.871,25
2026-04-22 14:32:00,2.8665,2.8675,2.865,2.866,2.8715,2.8725,2.87,2.871,26
2026-04-22 14:33:00,2.8665,2.868,2.8655,2.867,2.8715,2.873,2.8705,2.872,22
2026-04-22 14:34:00,2.868,2.868,2.866,2.8675,2.873,2.873,2.871,2.8725,29
2026-04-22 14:35:00,2.867,2.87,2.867,2.8675,2.872,2.875,2.872,2.8725,33
2026-04-22 14:36:00,2.868,2.869,2.865,2.865,2.873,2.874,2.87,2.87,16
2026-04-22 14:37:00,2.866,2.8695,2.866,2.8685,2.871,2.8745,2.871,2.8735,16
2026-04-22 14:38:00,2.869,2.8695,2.865,2.8665,2.874,2.8745,2.87,2.8715,21
2026-04-22 14:39:00,2.867,2.8685,2.867,2.868,2.872,2.8735,2.872,2.873,7
2026-04-22 14:40:00,2.869,2.87,2.868,2.868,2.874,2.875,2.873,2.873,14
2026-04-22 14:41:00,2.8685,2.871,2.8665,2.8675,2.8735,2.876,2.8715,2.8725,39
2026-04-22 14:42:00,2.868,2.868,2.8645,2.867,2.873,2.873,2.8695,2.872,39
2026-04-22 14:43:00,2.8675,2.873,2.866,2.872,2.8725,2.878,2.871,2.877,23
2026-04-22 14:44:00,2.873,2.874,2.871,2.8715,2.878,2.879,2.876,2.8765,27
2026-04-22 14:45:00,2.872,2.8755,2.872,2.8755,2.877,2.8805,2.877,2.8805,29
2026-04-22 14:46:00,2.877,2.878,2.876,2.877,2.882,2.883,2.881,2.882,36
2026-04-22 14:47:00,2.878,2.878,2.874,2.875,2.883,2.883,2.879,2.88,19
2026-04-22 14:48:00,2.8755,2.879,2.8755,2.8775,2.8805,2.884,2.8805,2.8825,31
2026-04-22 14:49:00,2.877,2.884,2.8765,2.882,2.882,2.889,2.8815,2.887,33
2026-04-22 14:50:00,2.8815,2.882,2.877,2.8785,2.8865,2.887,2.882,2.8835,17
2026-04-22 14:51:00,2.879,2.88,2.878,2.879,2.884,2.885,2.883,2.884,23
2026-04-22 14:52:00,2.8785,2.879,2.876,2.877,2.8835,2.884,2.881,2.882,19
2026-04-22 14:53:00,2.876,2.877,2.876,2.876,2.881,2.882,2.881,2.881,7
2026-04-22 14:54:00,2.875,2.877,2.874,2.876,2.88,2.882,2.879,2.881,23
2026-04-22 14:55:00,2.8755,2.877,2.875,2.876,2.8805,2.882,2.88,2.881,13
2026-04-22 14:56:00,2.8765,2.877,2.874,2.8745,2.8815,2.882,2.879,2.8795,13
2026-04-22 14:57:00,2.874,2.878,2.874,2.8775,2.879,2.883,2.879,2.8825,14
2026-04-22 14:58:00,2.878,2.8815,2.877,2.881,2.883,2.8865,2.882,2.886,23
2026-04-22 14:59:00,2.8805,2.882,2.88,2.8815,2.8855,2.887,2.885,2.8865,32
2026-04-22 15:00:00,2.882,2.888,2.88,2.8845,2.887,2.893,2.885,2.8895,96
2026-04-22 15:01:00,2.884,2.888,2.884,2.887,2.889,2.893,2.889,2.892,41
2026-04-22 15:02:00,2.8875,2.89,2.886,2.887,2.8925,2.895,2.891,2.892,45
2026-04-22 15:03:00,2.8875,2.891,2.8855,2.8905,2.8925,2.896,2.8905,2.8955,39
2026-04-22 15:04:00,2.891,2.8925,2.889,2.889,2.896,2.8975,2.894,2.894,38
2026-04-22 15:05:00,2.89,2.892,2.89,2.8915,2.895,2.897,2.895,2.8965,26
2026-04-22 15:06:00,2.891,2.892,2.885,2.886,2.896,2.897,2.89,2.891,39
2026-04-22 15:07:00,2.8865,2.887,2.883,2.883,2.8915,2.892,2.888,2.888,29
2026-04-22 15:08:00,2.8835,2.886,2.882,2.8855,2.8885,2.891,2.887,2.8905,30
2026-04-22 15:09:00,2.886,2.888,2.878,2.882,2.891,2.893,2.883,2.887,79
2026-04-22 15:10:00,2.8825,2.888,2.882,2.886,2.8875,2.893,2.887,2.891,33
2026-04-22 15:11:00,2.8865,2.89,2.886,2.888,2.8915,2.895,2.891,2.893,26
2026-04-22 15:12:00,2.8875,2.8885,2.887,2.8875,2.8925,2.8935,2.892,2.8925,34
2026-04-22 15:13:00,2.887,2.888,2.885,2.886,2.892,2.893,2.89,2.891,25
2026-04-22 15:14:00,2.8865,2.888,2.886,2.887,2.8915,2.893,2.891,2.892,18
2026-04-22 15:15:00,2.8875,2.8885,2.887,2.888,2.8925,2.8935,2.892,2.893,19
2026-04-22 15:16:00,2.889,2.89,2.8855,2.8855,2.894,2.895,2.8905,2.8905,41
2026-04-22 15:17:00,2.886,2.887,2.883,2.884,2.891,2.892,2.888,2.889,37
2026-04-22 15:18:00,2.882,2.884,2.879,2.8795,2.887,2.889,2.884,2.8845,36
2026-04-22 15:19:00,2.879,2.882,2.876,2.879,2.884,2.887,2.881,2.884,81
2026-04-22 15:20:00,2.8785,2.8825,2.878,2.882,2.8835,2.8875,2.883,2.887,63
2026-04-22 15:21:00,2.8825,2.8855,2.8825,2.8855,2.8875,2.8905,2.8875,2.8905,25
2026-04-22 15:22:00,2.885,2.888,2.885,2.885,2.89,2.893,2.89,2.89,20
2026-04-22 15:23:00,2.8845,2.885,2.8805,2.884,2.8895,2.89,2.8855,2.889,22
2026-04-22 15:24:00,2.8845,2.885,2.881,2.882,2.8895,2.89,2.886,2.887,30
2026-04-22 15:25:00,2.8825,2.883,2.882,2.8825,2.8875,2.888,2.887,2.8875,5
2026-04-22 15:26:00,2.882,2.8835,2.882,2.883,2.887,2.8885,2.887,2.888,13
2026-04-22 15:27:00,2.8835,2.884,2.8825,2.8825,2.8885,2.889,2.8875,2.8875,11
2026-04-22 15:28:00,2.882,2.8825,2.881,2.882,2.887,2.8875,2.886,2.887,17
2026-04-22 15:29:00,2.8825,2.883,2.879,2.879,2.8875,2.888,2.884,2.884,19
2026-04-22 15:30:00,2.878,2.883,2.878,2.881,2.883,2.888,2.883,2.886,54
2026-04-22 15:31:00,2.882,2.885,2.881,2.884,2.887,2.89,2.886,2.889,29
2026-04-22 15:32:00,2.8845,2.885,2.881,2.8835,2.8895,2.89,2.886,2.8885,38
2026-04-22 15:33:00,2.883,2.884,2.882,2.8825,2.888,2.889,2.887,2.8875,19
2026-04-22 15:34:00,2.883,2.884,2.882,2.884,2.888,2.889,2.887,2.889,13
2026-04-22 15:35:00,2.8845,2.8855,2.884,2.885,2.8895,2.8905,2.889,2.89,10
2026-04-22 15:36:00,2.8845,2.885,2.881,2.8835,2.8895,2.89,2.886,2.8885,30
2026-04-22 15:37:00,2.884,2.8845,2.874,2.8785,2.889,2.8895,2.879,2.8835,74
2026-04-22 15:38:00,2.878,2.883,2.877,2.881,2.883,2.888,2.882,2.886,47
2026-04-22 15:39:00,2.8805,2.882,2.879,2.8805,2.8855,2.887,2.884,2.8855,21
2026-04-22 15:40:00,2.881,2.882,2.8805,2.881,2.886,2.887,2.8855,2.886,20
2026-04-22 15:41:00,2.88,2.881,2.8775,2.879,2.885,2.886,2.8825,2.884,30
2026-04-22 15:42:00,2.8795,2.881,2.8795,2.881,2.8845,2.886,2.8845,2.886,15
2026-04-22 15:43:00,2.88,2.883,2.88,2.883,2.885,2.888,2.885,2.888,17
2026-04-22 15:44:00,2.882,2.886,2.882,2.885,2.887,2.891,2.887,2.89,13
2026-04-22 15:45:00,2.886,2.887,2.883,2.884,2.891,2.892,2.888,2.889,34
2026-04-22 15:46:00,2.8845,2.885,2.883,2.883,2.8895,2.89,2.888,2.888,17
2026-04-22 15:47:00,2.8825,2.8835,2.881,2.8825,2.8875,2.8885,2.886,2.8875,16
2026-04-22 15:48:00,2.882,2.885,2.882,2.8845,2.887,2.89,2.887,2.8895,29
2026-04-22 15:49:00,2.885,2.887,2.8845,2.886,2.89,2.892,2.8895,2.891,19
2026-04-22 15:50:00,2.8865,2.889,2.8865,2.888,2.8915,2.894,2.8915,2.893,20
2026-04-22 15:51:00,2.889,2.889,2.8865,2.887,2.894,2.894,2.8915,2.892,25
2026-04-22 15:52:00,2.886,2.886,2.883,2.8835,2.891,2.891,2.888,2.8885,13
2026-04-22 15:53:00,2.883,2.8855,2.8825,2.8855,2.888,2.8905,2.8875,2.8905,8
2026-04-22 15:54:00,2.885,2.8865,2.8835,2.8835,2.89,2.8915,2.8885,2.8885,16
2026-04-22 15:55:00,2.885,2.886,2.882,2.8835,2.89,2.891,2.887,2.8885,12
2026-04-22 15:56:00,2.884,2.885,2.8825,2.883,2.889,2.89,2.8875,2.888,8
2026-04-22 15:57:00,2.8835,2.8835,2.881,2.881,2.8885,2.8885,2.886,2.886,9
2026-04-22 15:58:00,2.8815,2.8815,2.88,2.88,2.8865,2.8865,2.885,2.885,13
2026-04-22 15:59:00,2.8805,2.8815,2.88,2.88,2.8855,2.8865,2.885,2.885,10
2026-04-22 16:00:00,2.881,2.8815,2.875,2.876,2.886,2.8865,2.88,2.881,50
2026-04-22 16:01:00,2.8755,2.8775,2.874,2.8775,2.8805,2.8825,2.879,2.8825,19
2026-04-22 16:02:00,2.8785,2.879,2.877,2.877,2.8835,2.884,2.882,2.882,10
2026-04-22 16:03:00,2.8765,2.877,2.8755,2.8755,2.8815,2.882,2.8805,2.8805,25
2026-04-22 16:04:00,2.8765,2.879,2.876,2.878,2.8815,2.884,2.881,2.883,14
2026-04-22 16:05:00,2.879,2.88,2.878,2.88,2.884,2.885,2.883,2.885,10
2026-04-22 16:06:00,2.8795,2.88,2.877,2.877,2.8845,2.885,2.882,2.882,9
2026-04-22 16:07:00,2.878,2.878,2.877,2.878,2.883,2.883,2.882,2.883,11
2026-04-22 16:08:00,2.876,2.8785,2.876,2.878,2.881,2.8835,2.881,2.883,18
2026-04-22 16:09:00,2.8785,2.879,2.8775,2.878,2.8835,2.884,2.8825,2.883,12
2026-04-22 16:10:00,2.8775,2.878,2.877,2.877,2.8825,2.883,2.882,2.882,17
2026-04-22 16:11:00,2.8775,2.8805,2.8775,2.88,2.8825,2.8855,2.8825,2.885,8
2026-04-22 16:12:00,2.881,2.883,2.88,2.882,2.886,2.888,2.885,2.887,7
2026-04-22 16:13:00,2.8825,2.8825,2.88,2.882,2.8875,2.8875,2.885,2.887,37
2026-04-22 16:14:00,2.8815,2.882,2.88,2.881,2.8865,2.887,2.885,2.886,10
2026-04-22 16:15:00,2.88,2.881,2.88,2.881,2.885,2.886,2.885,2.886,3
2026-04-22 16:16:00,2.8805,2.882,2.88,2.882,2.8855,2.887,2.885,2.887,19
2026-04-22 16:17:00,2.881,2.8815,2.878,2.879,2.886,2.8865,2.883,2.884,19
2026-04-22 16:18:00,2.8795,2.88,2.8795,2.88,2.8845,2.885,2.8845,2.885,6
2026-04-22 16:19:00,2.8805,2.881,2.876,2.8765,2.8855,2.886,2.881,2.8815,22
2026-04-22 16:20:00,2.876,2.877,2.875,2.876,2.881,2.882,2.88,2.881,15
2026-04-22 16:21:00,2.875,2.876,2.875,2.875,2.88,2.881,2.88,2.88,10
2026-04-22 16:22:00,2.876,2.883,2.875,2.882,2.881,2.888,2.88,2.887,25
2026-04-22 16:23:00,2.883,2.888,2.882,2.887,2.888,2.893,2.887,2.892,60
2026-04-22 16:24:00,2.8865,2.887,2.885,2.8855,2.8915,2.892,2.89,2.8905,17
2026-04-22 16:25:00,2.8845,2.8845,2.883,2.8835,2.8895,2.8895,2.888,2.8885,7
2026-04-22 16:26:00,2.883,2.8835,2.88,2.8815,2.888,2.8885,2.885,2.8865,26
2026-04-22 16:27:00,2.881,2.882,2.881,2.881,2.886,2.887,2.886,2.886,14
2026-04-22 16:28:00,2.882,2.882,2.878,2.879,2.887,2.887,2.883,2.884,14
2026-04-22 16:29:00,2.8795,2.88,2.878,2.879,2.8845,2.885,2.883,2.884,17
2026-04-22 16:30:00,2.8795,2.8815,2.878,2.88,2.8845,2.8865,2.883,2.885,33
2026-04-22 16:31:00,2.879,2.881,2.879,2.879,2.884,2.886,2.884,2.884,23
2026-04-22 16:32:00,2.8795,2.885,2.878,2.882,2.8845,2.89,2.883,2.887,70
2026-04-22 16:33:00,2.8825,2.883,2.8815,2.8815,2.8875,2.888,2.8865,2.8865,13
2026-04-22 16:34:00,2.881,2.881,2.878,2.878,2.886,2.886,2.883,2.883,23
2026-04-22 16:35:00,2.8785,2.8815,2.878,2.88,2.8835,2.8865,2.883,2.885,28
2026-04-22 16:36:00,2.881,2.881,2.879,2.88,2.886,2.886,2.884,2.885,24
2026-04-22 16:37:00,2.8795,2.8795,2.8785,2.8785,2.8845,2.8845,2.8835,2.8835,7
2026-04-22 16:38:00,2.879,2.881,2.879,2.88,2.884,2.886,2.884,2.885,13
2026-04-22 16:39:00,2.881,2.881,2.87,2.8725,2.886,2.886,2.875,2.8775,35
2026-04-22 16:40:00,2.873,2.8745,2.871,2.872,2.878,2.8795,2.876,2.877,33
2026-04-22 16:41:00,2.8715,2.8715,2.8695,2.871,2.8765,2.8765,2.8745,2.876,32
2026-04-22 16:42:00,2.8715,2.875,2.8715,2.875,2.8765,2.88,2.8765,2.88,41
2026-04-22 16:43:00,2.8755,2.877,2.874,2.875,2.8805,2.882,2.879,2.88,23
2026-04-22 16:44:00,2.876,2.879,2.8755,2.878,2.881,2.884,2.8805,2.883,24
2026-04-22 16:45:00,2.8785,2.879,2.8775,2.8775,2.8835,2.884,2.8825,2.8825,18
2026-04-22 16:46:00,2.877,2.88,2.877,2.88,2.882,2.885,2.882,2.885,14
2026-04-22 16:47:00,2.8795,2.88,2.8795,2.88,2.8845,2.885,2.8845,2.885,6
2026-04-22 16:48:00,2.881,2.884,2.88,2.884,2.886,2.889,2.885,2.889,50
2026-04-22 16:49:00,2.8845,2.885,2.883,2.885,2.8895,2.89,2.888,2.89,29
2026-04-22 16:50:00,2.8855,2.886,2.883,2.883,2.8905,2.891,2.888,2.888,21
2026-04-22 16:51:00,2.8835,2.884,2.883,2.883,2.8885,2.889,2.888,2.888,12
2026-04-22 16:52:00,2.8835,2.89,2.883,2.89,2.8885,2.895,2.888,2.895,32
2026-04-22 16:53:00,2.8905,2.894,2.889,2.892,2.8955,2.899,2.894,2.897,47
2026-04-22 16:54:00,2.893,2.894,2.8885,2.8885,2.898,2.899,2.8935,2.8935,33
2026-04-22 16:55:00,2.889,2.891,2.887,2.887,2.894,2.896,2.892,2.892,16
2026-04-22 16:56:00,2.888,2.8905,2.888,2.8885,2.893,2.8955,2.893,2.8935,26
2026-04-22 16:57:00,2.888,2.89,2.887,2.8895,2.893,2.895,2.892,2.8945,24
2026-04-22 16:58:00,2.89,2.8905,2.8885,2.8895,2.895,2.8955,2.8935,2.8945,25
2026-04-22 16:59:00,2.889,2.889,2.888,2.888,2.894,2.894,2.893,2.893,15
2026-04-22 17:00:00,2.8885,2.89,2.8855,2.8865,2.8935,2.895,2.8905,2.8915,32
2026-04-22 17:01:00,2.887,2.888,2.886,2.8875,2.892,2.893,2.891,2.8925,19
2026-04-22 17:02:00,2.888,2.89,2.887,2.889,2.893,2.895,2.892,2.894,21
2026-04-22 17:03:00,2.8895,2.8905,2.889,2.89,2.8945,2.8955,2.894,2.895,14
2026-04-22 17:04:00,2.8905,2.892,2.89,2.891,2.8955,2.897,2.895,2.896,10
2026-04-22 17:05:00,2.8915,2.892,2.89,2.891,2.8965,2.897,2.895,2.896,15
2026-04-22 17:06:00,2.8915,2.892,2.891,2.8915,2.8965,2.897,2.896,2.8965,12
2026-04-22 17:07:00,2.891,2.891,2.886,2.887,2.896,2.896,2.891,2.892,46
2026-04-22 17:08:00,2.8875,2.888,2.887,2.8875,2.8925,2.893,2.892,2.8925,16
2026-04-22 17:09:00,2.888,2.889,2.884,2.887,2.893,2.894,2.889,2.892,32
2026-04-22 17:10:00,2.8875,2.8875,2.883,2.8835,2.8925,2.8925,2.888,2.8885,34
2026-04-22 17:11:00,2.883,2.8855,2.883,2.8855,2.888,2.8905,2.888,2.8905,23
2026-04-22 17:12:00,2.886,2.889,2.886,2.888,2.891,2.894,2.891,2.893,21
2026-04-22 17:13:00,2.8885,2.8895,2.888,2.888,2.8935,2.8945,2.893,2.893,7
2026-04-22 17:14:00,2.8885,2.89,2.888,2.888,2.8935,2.895,2.893,2.893,15
2026-04-22 17:15:00,2.8885,2.89,2.888,2.888,2.8935,2.895,2.893,2.893,18
2026-04-22 17:16:00,2.8885,2.889,2.8875,2.8885,2.8935,2.894,2.8925,2.8935,13
2026-04-22 17:17:00,2.889,2.891,2.888,2.888,2.894,2.896,2.893,2.893,13
2026-04-22 17:18:00,2.8885,2.89,2.887,2.8875,2.8935,2.895,2.892,2.8925,23
2026-04-22 17:19:00,2.887,2.888,2.885,2.886,2.892,2.893,2.89,2.891,23
2026-04-22 17:20:00,2.8865,2.887,2.886,2.886,2.8915,2.892,2.891,2.891,6
2026-04-22 17:21:00,2.8865,2.887,2.886,2.886,2.8915,2.892,2.891,2.891,18
2026-04-22 17:22:00,2.8865,2.887,2.886,2.886,2.8915,2.892,2.891,2.891,6
2026-04-22 17:23:00,2.8865,2.888,2.886,2.8865,2.8915,2.893,2.891,2.8915,20
2026-04-22 17:24:00,2.887,2.888,2.886,2.888,2.892,2.893,2.891,2.893,15
2026-04-22 17:25:00,2.8875,2.889,2.887,2.8885,2.8925,2.894,2.892,2.8935,7
2026-04-22 17:26:00,2.889,2.89,2.888,2.8895,2.894,2.895,2.893,2.8945,18
2026-04-22 17:27:00,2.89,2.891,2.889,2.89,2.895,2.896,2.894,2.895,14
2026-04-22 17:28:00,2.889,2.891,2.889,2.891,2.894,2.896,2.894,2.896,13
2026-04-22 17:29:00,2.8915,2.8925,2.888,2.891,2.8965,2.8975,2.893,2.896,34
2026-04-22 17:30:00,2.8915,2.894,2.891,2.892,2.8965,2.899,2.896,2.897,38
2026-04-22 17:31:00,2.8925,2.895,2.892,2.8935,2.8975,2.9,2.897,2.8985,25
2026-04-22 17:32:00,2.893,2.895,2.892,2.894,2.898,2.9,2.897,2.899,36
2026-04-22 17:33:00,2.8945,2.895,2.894,2.895,2.8995,2.9,2.899,2.9,9
2026-04-22 17:34:00,2.896,2.903,2.896,2.9,2.901,2.908,2.901,2.905,35
2026-04-22 17:35:00,2.9005,2.902,2.899,2.899,2.9055,2.907,2.904,2.904,15
2026-04-22 17:36:00,2.8995,2.8995,2.898,2.899,2.9045,2.9045,2.903,2.904,13
2026-04-22 17:37:00,2.898,2.899,2.8955,2.896,2.903,2.904,2.9005,2.901,21
2026-04-22 17:38:00,2.8955,2.896,2.895,2.896,2.9005,2.901,2.9,2.901,16
2026-04-22 17:39:00,2.8965,2.897,2.896,2.896,2.9015,2.902,2.901,2.901,19
2026-04-22 17:40:00,2.897,2.898,2.896,2.898,2.902,2.903,2.901,2.903,20
2026-04-22 17:42:00,2.8985,2.899,2.898,2.899,2.9035,2.904,2.903,2.904,13
2026-04-22 17:43:00,2.9,2.902,2.899,2.899,2.905,2.907,2.904,2.904,26
2026-04-22 17:44:00,2.8985,2.899,2.898,2.8985,2.9035,2.904,2.903,2.9035,13
2026-04-22 17:45:00,2.899,2.899,2.897,2.8975,2.904,2.904,2.902,2.9025,4
2026-04-22 17:46:00,2.898,2.8985,2.8965,2.897,2.903,2.9035,2.9015,2.902,10
2026-04-22 17:47:00,2.896,2.899,2.896,2.898,2.901,2.904,2.901,2.903,19
2026-04-22 17:48:00,2.8985,2.9,2.898,2.899,2.9035,2.905,2.903,2.904,8
2026-04-22 17:49:00,2.8995,2.9,2.899,2.8995,2.9045,2.905,2.904,2.9045,11
2026-04-22 17:50:00,2.9,2.9,2.8985,2.8985,2.905,2.905,2.9035,2.9035,15
2026-04-22 17:51:00,2.898,2.899,2.897,2.898,2.903,2.904,2.902,2.903,15
2026-04-22 17:52:00,2.8975,2.8975,2.896,2.897,2.9025,2.9025,2.901,2.902,6
2026-04-22 17:53:00,2.898,2.898,2.897,2.898,2.903,2.903,2.902,2.903,6
2026-04-22 17:54:00,2.8985,2.899,2.898,2.898,2.9035,2.904,2.903,2.903,15
2026-04-22 17:55:00,2.8975,2.898,2.897,2.897,2.9025,2.903,2.902,2.902,19
2026-04-22 17:56:00,2.8965,2.8975,2.8965,2.897,2.9015,2.9025,2.9015,2.902,14
2026-04-22 17:57:00,2.8975,2.898,2.897,2.897,2.9025,2.903,2.902,2.902,15
2026-04-22 17:58:00,2.8975,2.898,2.896,2.896,2.9025,2.903,2.901,2.901,20
2026-04-22 17:59:00,2.8965,2.8975,2.896,2.897,2.9015,2.9025,2.901,2.902,18
2026-04-22 18:00:00,2.8965,2.897,2.896,2.8965,2.9015,2.902,2.901,2.9015,21
2026-04-22 18:01:00,2.896,2.897,2.896,2.896,2.901,2.902,2.901,2.901,8
2026-04-22 18:02:00,2.895,2.895,2.895,2.895,2.9,2.9,2.9,2.9,1
2026-04-22 18:03:00,2.894,2.896,2.894,2.896,2.899,2.901,2.899,2.901,10
2026-04-22 18:04:00,2.8965,2.897,2.893,2.8935,2.9015,2.902,2.898,2.8985,14
2026-04-22 18:05:00,2.894,2.895,2.894,2.894,2.899,2.9,2.899,2.899,3
2026-04-22 18:06:00,2.895,2.895,2.894,2.894,2.9,2.9,2.899,2.899,14
2026-04-22 18:07:00,2.8945,2.896,2.8945,2.896,2.8995,2.901,2.8995,2.901,10
2026-04-22 18:08:00,2.897,2.897,2.896,2.896,2.902,2.902,2.901,2.901,12
2026-04-22 18:09:00,2.8965,2.897,2.895,2.8955,2.9015,2.902,2.9,2.9005,9
2026-04-22 18:10:00,2.895,2.897,2.895,2.8965,2.9,2.902,2.9,2.9015,13
2026-04-22 18:11:00,2.896,2.898,2.896,2.897,2.901,2.903,2.901,2.902,12
2026-04-22 18:12:00,2.896,2.897,2.896,2.8965,2.901,2.902,2.901,2.9015,8
2026-04-22 18:13:00,2.896,2.897,2.8955,2.896,2.901,2.902,2.9005,2.901,8
2026-04-22 18:14:00,2.895,2.896,2.895,2.896,2.9,2.901,2.9,2.901,3
2026-04-22 18:15:00,2.895,2.896,2.894,2.895,2.9,2.901,2.899,2.9,12
2026-04-22 18:16:00,2.8945,2.895,2.894,2.894,2.8995,2.9,2.899,2.899,5
2026-04-22 18:17:00,2.8945,2.895,2.894,2.895,2.8995,2.9,2.899,2.9,18
2026-04-22 18:18:00,2.8945,2.8955,2.8945,2.895,2.8995,2.9005,2.8995,2.9,4
2026-04-22 18:19:00,2.896,2.896,2.896,2.896,2.901,2.901,2.901,2.901,1
2026-04-22 18:20:00,2.8955,2.896,2.895,2.896,2.9005,2.901,2.9,2.901,4
2026-04-22 18:21:00,2.8955,2.896,2.894,2.8955,2.9005,2.901,2.899,2.9005,13
2026-04-22 18:22:00,2.895,2.896,2.894,2.895,2.9,2.901,2.899,2.9,16
2026-04-22 18:23:00,2.8945,2.895,2.893,2.893,2.8995,2.9,2.898,2.898,8
2026-04-22 18:24:00,2.8925,2.893,2.892,2.892,2.8975,2.898,2.897,2.897,8
2026-04-22 18:25:00,2.8925,2.894,2.892,2.893,2.8975,2.899,2.897,2.898,7
2026-04-22 18:26:00,2.8925,2.8925,2.8915,2.8915,2.8975,2.8975,2.8965,2.8965,3
2026-04-22 18:27:00,2.892,2.893,2.892,2.892,2.897,2.898,2.897,2.897,3
2026-04-22 18:28:00,2.8915,2.8915,2.89,2.89,2.8965,2.8965,2.895,2.895,8
2026-04-22 18:29:00,2.8905,2.8905,2.889,2.889,2.8955,2.8955,2.894,2.894,24
2026-04-22 18:30:00,2.8895,2.89,2.889,2.889,2.8945,2.895,2.894,2.894,26
2026-04-22 18:31:00,2.89,2.89,2.8885,2.889,2.895,2.895,2.8935,2.894,45
2026-04-22 18:32:00,2.888,2.888,2.887,2.887,2.893,2.893,2.892,2.892,2
2026-04-22 18:33:00,2.8865,2.8865,2.885,2.8855,2.8915,2.8915,2.89,2.8905,25
2026-04-22 18:34:00,2.885,2.8855,2.884,2.885,2.89,2.8905,2.889,2.89,5
2026-04-22 18:35:00,2.8845,2.8845,2.88,2.883,2.8895,2.8895,2.885,2.888,36
2026-04-22 18:36:00,2.882,2.886,2.881,2.885,2.887,2.891,2.886,2.89,23
2026-04-22 18:37:00,2.8855,2.887,2.8855,2.887,2.8905,2.892,2.8905,2.892,24
2026-04-22 18:38:00,2.8875,2.888,2.886,2.887,2.8925,2.893,2.891,2.892,15
2026-04-22 18:39:00,2.888,2.888,2.886,2.886,2.893,2.893,2.891,2.891,11
2026-04-22 18:40:00,2.8865,2.887,2.885,2.886,2.8915,2.892,2.89,2.891,17
2026-04-22 18:41:00,2.885,2.887,2.885,2.8865,2.89,2.892,2.89,2.8915,11
2026-04-22 18:42:00,2.887,2.887,2.886,2.886,2.892,2.892,2.891,2.891,13
2026-04-22 18:43:00,2.8865,2.888,2.8855,2.8865,2.8915,2.893,2.8905,2.8915,40
2026-04-22 18:44:00,2.886,2.887,2.886,2.887,2.891,2.892,2.891,2.892,12
2026-04-22 18:45:00,2.8865,2.8865,2.884,2.8845,2.8915,2.8915,2.889,2.8895,16
2026-04-22 18:46:00,2.884,2.8845,2.882,2.882,2.889,2.8895,2.887,2.887,16
2026-04-22 18:47:00,2.8825,2.884,2.882,2.8835,2.8875,2.889,2.887,2.8885,19
2026-04-22 18:48:00,2.884,2.885,2.884,2.884,2.889,2.89,2.889,2.889,7
2026-04-22 18:49:00,2.885,2.885,2.884,2.885,2.89,2.89,2.889,2.89,8
2026-04-22 18:50:00,2.8855,2.886,2.884,2.884,2.8905,2.891,2.889,2.889,15
2026-04-22 18:51:00,2.8845,2.8845,2.883,2.883,2.8895,2.8895,2.888,2.888,13
2026-04-22 18:52:00,2.8835,2.884,2.8825,2.8825,2.8885,2.889,2.8875,2.8875,6
2026-04-22 18:53:00,2.883,2.8835,2.882,2.882,2.888,2.8885,2.887,2.887,16
2026-04-22 18:54:00,2.881,2.882,2.8795,2.8805,2.886,2.887,2.8845,2.8855,25
2026-04-22 18:55:00,2.88,2.88,2.878,2.878,2.885,2.885,2.883,2.883,10
2026-04-22 18:56:00,2.8775,2.878,2.876,2.877,2.8825,2.883,2.881,2.882,30
2026-04-22 18:57:00,2.876,2.877,2.875,2.877,2.881,2.882,2.88,2.882,20
2026-04-22 18:58:00,2.878,2.878,2.877,2.878,2.883,2.883,2.882,2.883,11
2026-04-22 18:59:00,2.8775,2.878,2.876,2.877,2.8825,2.883,2.881,2.882,15
2026-04-22 19:00:00,2.8765,2.877,2.876,2.876,2.8815,2.882,2.881,2.881,14
2026-04-22 19:01:00,2.8755,2.8755,2.866,2.8665,2.8805,2.8805,2.871,2.8715,72
2026-04-22 19:02:00,2.865,2.869,2.863,2.8665,2.87,2.874,2.868,2.8715,43
2026-04-22 19:03:00,2.866,2.867,2.866,2.866,2.871,2.872,2.871,2.871,3
2026-04-22 19:04:00,2.8655,2.866,2.862,2.8645,2.8705,2.871,2.867,2.8695,30
2026-04-22 19:05:00,2.864,2.8655,2.862,2.8655,2.869,2.8705,2.867,2.8705,12
2026-04-22 19:06:00,2.8665,2.867,2.865,2.866,2.8715,2.872,2.87,2.871,18
2026-04-22 19:07:00,2.8655,2.8675,2.8655,2.8675,2.8705,2.8725,2.8705,2.8725,11
2026-04-22 19:08:00,2.867,2.8675,2.866,2.867,2.872,2.8725,2.871,2.872,11
2026-04-22 19:09:00,2.866,2.867,2.865,2.865,2.871,2.872,2.87,2.87,21
2026-04-22 19:10:00,2.8655,2.866,2.862,2.862,2.8705,2.871,2.867,2.867,23
2026-04-22 19:11:00,2.8615,2.8615,2.852,2.854,2.8665,2.8665,2.857,2.859,35
2026-04-22 19:12:00,2.8545,2.8575,2.8545,2.857,2.8595,2.8625,2.8595,2.862,18
2026-04-22 19:13:00,2.8565,2.859,2.8565,2.858,2.8615,2.864,2.8615,2.863,25
2026-04-22 19:14:00,2.8585,2.86,2.858,2.8595,2.8635,2.865,2.863,2.8645,12
2026-04-22 19:15:00,2.859,2.862,2.859,2.861,2.864,2.867,2.864,2.866,11
2026-04-22 19:16:00,2.862,2.863,2.861,2.862,2.867,2.868,2.866,2.867,31
2026-04-22 19:17:00,2.863,2.867,2.862,2.863,2.868,2.872,2.867,2.868,27
2026-04-22 19:18:00,2.8635,2.865,2.863,2.864,2.8685,2.87,2.868,2.869,21
2026-04-22 19:19:00,2.863,2.864,2.863,2.864,2.868,2.869,2.868,2.869,10
2026-04-22 19:20:00,2.863,2.8635,2.8625,2.8625,2.868,2.8685,2.8675,2.8675,6
2026-04-22 19:21:00,2.862,2.862,2.857,2.858,2.867,2.867,2.862,2.863,14
2026-04-22 19:22:00,2.8575,2.858,2.857,2.857,2.8625,2.863,2.862,2.862,11
2026-04-22 19:23:00,2.8575,2.859,2.857,2.8585,2.8625,2.864,2.862,2.8635,27
2026-04-22 19:24:00,2.859,2.859,2.8555,2.857,2.864,2.864,2.8605,2.862,24
2026-04-22 19:25:00,2.8565,2.858,2.8565,2.857,2.8615,2.863,2.8615,2.862,17
2026-04-22 19:26:00,2.858,2.858,2.8565,2.857,2.863,2.863,2.8615,2.862,6
2026-04-22 19:27:00,2.8565,2.8565,2.855,2.856,2.8615,2.8615,2.86,2.861,19
2026-04-22 19:28:00,2.8555,2.859,2.855,2.8585,2.8605,2.864,2.86,2.8635,35
2026-04-22 19:29:00,2.858,2.859,2.857,2.8575,2.863,2.864,2.862,2.8625,11
2026-04-22 19:30:00,2.857,2.8595,2.857,2.8595,2.862,2.8645,2.862,2.8645,22
2026-04-22 19:31:00,2.86,2.861,2.859,2.861,2.865,2.866,2.864,2.866,18
2026-04-22 19:32:00,2.862,2.8645,2.861,2.864,2.867,2.8695,2.866,2.869,14
2026-04-22 19:33:00,2.8645,2.8645,2.863,2.8645,2.8695,2.8695,2.868,2.8695,13
2026-04-22 19:34:00,2.865,2.865,2.864,2.865,2.87,2.87,2.869,2.87,8
2026-04-22 19:35:00,2.864,2.8645,2.863,2.864,2.869,2.8695,2.868,2.869,13
2026-04-22 19:36:00,2.863,2.864,2.862,2.863,2.868,2.869,2.867,2.868,10
2026-04-22 19:37:00,2.8625,2.863,2.8615,2.862,2.8675,2.868,2.8665,2.867,12
2026-04-22 19:38:00,2.861,2.862,2.86,2.8605,2.866,2.867,2.865,2.8655,10
2026-04-22 19:39:00,2.861,2.8625,2.861,2.8625,2.866,2.8675,2.866,2.8675,12
2026-04-22 19:40:00,2.862,2.863,2.8615,2.862,2.867,2.868,2.8665,2.867,12
2026-04-22 19:41:00,2.8625,2.863,2.862,2.8625,2.8675,2.868,2.867,2.8675,4
2026-04-22 19:42:00,2.8615,2.8615,2.8595,2.86,2.8665,2.8665,2.8645,2.865,23
2026-04-22 19:43:00,2.8595,2.8595,2.858,2.859,2.8645,2.8645,2.863,2.864,10
2026-04-22 19:44:00,2.8585,2.8585,2.8585,2.8585,2.8635,2.8635,2.8635,2.8635,1
2026-04-22 19:45:00,2.858,2.859,2.858,2.859,2.863,2.864,2.863,2.864,4
2026-04-22 19:46:00,2.858,2.859,2.858,2.8585,2.863,2.864,2.863,2.8635,8
2026-04-22 19:47:00,2.858,2.858,2.851,2.8545,2.863,2.863,2.856,2.8595,52
2026-04-22 19:48:00,2.855,2.856,2.8525,2.8525,2.86,2.861,2.8575,2.8575,28
2026-04-22 19:49:00,2.852,2.852,2.851,2.8515,2.857,2.857,2.856,2.8565,5
2026-04-22 19:50:00,2.851,2.853,2.851,2.8525,2.856,2.858,2.856,2.8575,11
2026-04-22 19:51:00,2.852,2.852,2.8505,2.851,2.857,2.857,2.8555,2.856,7
2026-04-22 19:52:00,2.85,2.851,2.85,2.851,2.855,2.856,2.855,2.856,2
2026-04-22 19:53:00,2.852,2.853,2.852,2.8525,2.857,2.858,2.857,2.8575,9
2026-04-22 19:54:00,2.852,2.852,2.851,2.851,2.857,2.857,2.856,2.856,7
2026-04-22 19:55:00,2.8515,2.853,2.851,2.852,2.8565,2.858,2.856,2.857,16
2026-04-22 19:56:00,2.8525,2.853,2.852,2.853,2.8575,2.858,2.857,2.858,9
2026-04-22 19:57:00,2.8525,2.854,2.852,2.853,2.8575,2.859,2.857,2.858,9
2026-04-22 19:58:00,2.8535,2.8545,2.853,2.8545,2.8585,2.8595,2.858,2.8595,10
2026-04-22 19:59:00,2.854,2.855,2.853,2.854,2.859,2.86,2.858,2.859,10
2026-04-22 20:00:00,2.853,2.854,2.851,2.852,2.858,2.859,2.856,2.857,9
2026-04-22 20:01:00,2.853,2.853,2.852,2.852,2.858,2.858,2.857,2.857,10
2026-04-22 20:02:00,2.853,2.853,2.853,2.853,2.858,2.858,2.858,2.858,1
2026-04-22 20:03:00,2.8525,2.855,2.852,2.852,2.8575,2.86,2.857,2.857,13
2026-04-22 20:04:00,2.8515,2.852,2.851,2.851,2.8565,2.857,2.856,2.856,9
2026-04-22 20:05:00,2.852,2.852,2.846,2.848,2.857,2.857,2.851,2.853,20
2026-04-22 20:06:00,2.8475,2.849,2.847,2.849,2.8525,2.854,2.852,2.854,6
2026-04-22 20:07:00,2.848,2.849,2.8475,2.848,2.853,2.854,2.8525,2.853,11
2026-04-22 20:08:00,2.849,2.852,2.849,2.8515,2.854,2.857,2.854,2.8565,5
2026-04-22 20:09:00,2.852,2.852,2.852,2.852,2.857,2.857,2.857,2.857,1
2026-04-22 20:10:00,2.853,2.855,2.851,2.8545,2.858,2.86,2.856,2.8595,15
2026-04-22 20:11:00,2.8535,2.854,2.8515,2.853,2.8585,2.859,2.8565,2.858,13
2026-04-22 20:12:00,2.8525,2.853,2.852,2.852,2.8575,2.858,2.857,2.857,17
2026-04-22 20:13:00,2.8525,2.854,2.8525,2.853,2.8575,2.859,2.8575,2.858,5
2026-04-22 20:14:00,2.8535,2.854,2.852,2.853,2.8585,2.859,2.857,2.858,10
2026-04-22 20:15:00,2.8525,2.853,2.8515,2.852,2.8575,2.858,2.8565,2.857,10
2026-04-22 20:16:00,2.853,2.8535,2.852,2.852,2.858,2.8585,2.857,2.857,5
2026-04-22 20:17:00,2.8515,2.854,2.8515,2.852,2.8565,2.859,2.8565,2.857,8
2026-04-22 20:18:00,2.8515,2.852,2.851,2.852,2.8565,2.857,2.856,2.857,9
2026-04-22 20:19:00,2.8515,2.853,2.851,2.852,2.8565,2.858,2.856,2.857,9
2026-04-22 20:20:00,2.8525,2.853,2.852,2.853,2.8575,2.858,2.857,2.858,6
2026-04-22 20:21:00,2.8525,2.8545,2.8525,2.854,2.8575,2.8595,2.8575,2.859,8
2026-04-22 20:22:00,2.8545,2.855,2.8535,2.8535,2.8595,2.86,2.8585,2.8585,17
2026-04-22 20:23:00,2.854,2.855,2.854,2.854,2.859,2.86,2.859,2.859,10
2026-04-22 20:24:00,2.8545,2.855,2.853,2.8535,2.8595,2.86,2.858,2.8585,17
2026-04-22 20:25:00,2.853,2.854,2.853,2.8535,2.858,2.859,2.858,2.8585,21
2026-04-22 20:26:00,2.853,2.854,2.853,2.853,2.858,2.859,2.858,2.858,19
2026-04-22 20:27:00,2.8535,2.8535,2.851,2.852,2.8585,2.8585,2.856,2.857,17
2026-04-22 20:28:00,2.8525,2.862,2.852,2.859,2.8575,2.867,2.857,2.864,82
2026-04-22 20:29:00,2.8595,2.862,2.8595,2.862,2.8645,2.867,2.8645,2.867,36
2026-04-22 20:30:00,2.8615,2.862,2.8585,2.859,2.8665,2.867,2.8635,2.864,19
2026-04-22 20:31:00,2.86,2.861,2.857,2.857,2.865,2.866,2.862,2.862,18
2026-04-22 20:32:00,2.856,2.858,2.856,2.857,2.861,2.863,2.861,2.862,13
2026-04-22 20:33:00,2.8575,2.858,2.856,2.856,2.8625,2.863,2.861,2.861,6
2026-04-22 20:34:00,2.8565,2.8575,2.8565,2.857,2.8615,2.8625,2.8615,2.862,3
2026-04-22 20:35:00,2.856,2.857,2.855,2.856,2.861,2.862,2.86,2.861,12
2026-04-22 20:36:00,2.8565,2.8575,2.8565,2.857,2.8615,2.8625,2.8615,2.862,4
2026-04-22 20:37:00,2.858,2.858,2.852,2.853,2.863,2.863,2.857,2.858,20
2026-04-22 20:38:00,2.8535,2.8555,2.853,2.8555,2.8585,2.8605,2.858,2.8605,9
2026-04-22 20:39:00,2.856,2.856,2.854,2.855,2.861,2.861,2.859,2.86,6
2026-04-22 20:40:00,2.856,2.856,2.855,2.8555,2.861,2.861,2.86,2.8605,8
2026-04-22 20:41:00,2.856,2.856,2.854,2.854,2.861,2.861,2.859,2.859,7
2026-04-22 20:42:00,2.853,2.8535,2.852,2.853,2.858,2.8585,2.857,2.858,8
2026-04-22 20:43:00,2.8525,2.853,2.852,2.852,2.8575,2.858,2.857,2.857,10
2026-04-22 20:44:00,2.853,2.853,2.852,2.8525,2.858,2.858,2.857,2.8575,5
2026-04-22 20:45:00,2.852,2.853,2.852,2.852,2.857,2.858,2.857,2.857,7
2026-04-22 20:47:00,2.851,2.851,2.851,2.851,2.856,2.856,2.856,2.856,1
2026-04-22 20:48:00,2.8515,2.852,2.851,2.8515,2.8565,2.857,2.856,2.8565,4
2026-04-22 20:49:00,2.851,2.8525,2.85,2.851,2.856,2.8575,2.855,2.856,8
2026-04-22 20:50:00,2.8505,2.851,2.85,2.8505,2.8555,2.856,2.855,2.8555,4
2026-04-22 20:51:00,2.85,2.85,2.849,2.849,2.855,2.855,2.854,2.854,4
2026-04-22 20:52:00,2.8485,2.85,2.8485,2.8495,2.8535,2.855,2.8535,2.8545,9
2026-04-22 20:53:00,2.849,2.8495,2.8485,2.8485,2.854,2.8545,2.8535,2.8535,6
2026-04-22 20:54:00,2.849,2.849,2.848,2.849,2.854,2.854,2.853,2.854,13
2026-04-22 20:55:00,2.8485,2.849,2.8485,2.849,2.8535,2.854,2.8535,2.854,4
2026-04-22 20:56:00,2.8495,2.851,2.849,2.8505,2.8545,2.856,2.854,2.8555,12
2026-04-22 20:57:00,2.85,2.851,2.8495,2.85,2.855,2.856,2.8545,2.855,7
2026-04-22 20:58:00,2.8505,2.851,2.85,2.85,2.8555,2.856,2.855,2.855,6
2026-04-22 21:00:00,2.851,2.851,2.85,2.85,2.856,2.856,2.855,2.855,5
2026-04-22 21:01:00,2.851,2.852,2.8505,2.8515,2.856,2.857,2.8555,2.8565,8
2026-04-22 21:02:00,2.8505,2.852,2.8505,2.852,2.8555,2.857,2.8555,2.857,7
2026-04-22 21:03:00,2.8515,2.8515,2.85,2.85,2.8565,2.8565,2.855,2.855,3
2026-04-22 21:05:00,2.8505,2.8505,2.85,2.85,2.8555,2.8555,2.855,2.855,2
2026-04-22 21:07:00,2.851,2.851,2.85,2.85,2.856,2.856,2.855,2.855,3
2026-04-22 21:08:00,2.849,2.85,2.849,2.85,2.854,2.855,2.854,2.855,6
2026-04-22 21:09:00,2.8505,2.8505,2.85,2.85,2.8555,2.8555,2.855,2.855,2
2026-04-22 21:10:00,2.8505,2.8515,2.8505,2.8515,2.8555,2.8565,2.8555,2.8565,5
2026-04-22 21:11:00,2.8505,2.851,2.8505,2.851,2.8555,2.856,2.8555,2.856,2
2026-04-22 21:12:00,2.8505,2.8505,2.85,2.85,2.8555,2.8555,2.855,2.855,2
2026-04-22 21:13:00,2.8505,2.8515,2.8505,2.8505,2.8555,2.8565,2.8555,2.8555,9
2026-04-22 21:14:00,2.8495,2.851,2.8495,2.85,2.8545,2.856,2.8545,2.855,19
2026-04-22 21:15:00,2.8505,2.851,2.8495,2.8495,2.8555,2.856,2.8545,2.8545,6
2026-04-22 21:16:00,2.85,2.8505,2.849,2.8495,2.855,2.8555,2.854,2.8545,13
2026-04-22 21:17:00,2.849,2.851,2.849,2.851,2.854,2.856,2.854,2.856,9
2026-04-22 21:18:00,2.852,2.852,2.852,2.852,2.857,2.857,2.857,2.857,1
2026-04-22 21:19:00,2.851,2.852,2.851,2.852,2.856,2.857,2.856,2.857,5
2026-04-22 21:20:00,2.853,2.854,2.852,2.853,2.858,2.859,2.857,2.858,30
2026-04-22 21:21:00,2.8525,2.854,2.8525,2.854,2.8575,2.859,2.8575,2.859,3
2026-04-22 21:23:00,2.853,2.853,2.852,2.852,2.858,2.858,2.857,2.857,3
2026-04-22 21:24:00,2.8525,2.853,2.8515,2.852,2.8575,2.858,2.8565,2.857,6
2026-04-22 21:25:00,2.8515,2.8515,2.85,2.851,2.8565,2.8565,2.855,2.856,10
2026-04-22 21:26:00,2.8505,2.851,2.85,2.851,2.8555,2.856,2.855,2.856,13
2026-04-22 21:27:00,2.8505,2.8505,2.85,2.85,2.8555,2.8555,2.855,2.855,2
2026-04-22 21:28:00,2.8495,2.8495,2.8495,2.8495,2.8545,2.8545,2.8545,2.8545,1
2026-04-22 21:29:00,2.85,2.851,2.85,2.8505,2.855,2.856,2.855,2.8555,5
2026-04-22 21:30:00,2.851,2.852,2.851,2.8515,2.856,2.857,2.856,2.8565,4
2026-04-22 21:31:00,2.851,2.852,2.851,2.852,2.856,2.857,2.856,2.857,6
2026-04-22 21:32:00,2.851,2.851,2.8505,2.851,2.856,2.856,2.8555,2.856,3
2026-04-22 21:33:00,2.8505,2.851,2.85,2.85,2.8555,2.856,2.855,2.855,6
2026-04-22 21:34:00,2.8505,2.851,2.85,2.85,2.8555,2.856,2.855,2.855,7
2026-04-22 21:35:00,2.851,2.851,2.85,2.8505,2.856,2.856,2.855,2.8555,6
2026-04-22 21:37:00,2.85,2.85,2.85,2.85,2.855,2.855,2.855,2.855,1
2026-04-22 21:38:00,2.8495,2.85,2.8495,2.85,2.8545,2.855,2.8545,2.855,2
2026-04-22 21:39:00,2.8495,2.8495,2.849,2.849,2.8545,2.8545,2.854,2.854,2
2026-04-22 21:40:00,2.85,2.85,2.85,2.85,2.855,2.855,2.855,2.855,1
2026-04-22 21:41:00,2.851,2.851,2.85,2.851,2.856,2.856,2.855,2.856,7
2026-04-22 21:42:00,2.8515,2.8515,2.851,2.851,2.8565,2.8565,2.856,2.856,2
2026-04-22 21:43:00,2.852,2.852,2.851,2.852,2.857,2.857,2.856,2.857,9
2026-04-22 21:44:00,2.8525,2.853,2.8525,2.853,2.8575,2.858,2.8575,2.858,2
2026-04-22 21:45:00,2.8535,2.8535,2.8525,2.8525,2.8585,2.8585,2.8575,2.8575,5
2026-04-22 21:46:00,2.852,2.852,2.852,2.852,2.857,2.857,2.857,2.857,1
2026-04-22 21:48:00,2.853,2.853,2.852,2.852,2.858,2.858,2.857,2.857,5
2026-04-22 21:50:00,2.851,2.851,2.85,2.85,2.856,2.856,2.855,2.855,4
2026-04-22 21:51:00,2.8495,2.85,2.848,2.848,2.8545,2.855,2.853,2.853,14
2026-04-22 21:52:00,2.8485,2.8485,2.847,2.8475,2.8535,2.8535,2.852,2.8525,6
2026-04-22 21:53:00,2.848,2.848,2.8465,2.8465,2.853,2.853,2.8515,2.8515,9
2026-04-22 21:54:00,2.846,2.848,2.846,2.847,2.851,2.853,2.851,2.852,7
2026-04-22 21:55:00,2.8475,2.848,2.847,2.848,2.8525,2.853,2.852,2.853,10
2026-04-22 21:56:00,2.8485,2.85,2.848,2.85,2.8535,2.855,2.853,2.855,12
2026-04-22 21:57:00,2.849,2.85,2.849,2.85,2.854,2.855,2.854,2.855,3
2026-04-22 21:59:00,2.849,2.85,2.849,2.85,2.854,2.855,2.854,2.855,5
2026-04-22 22:00:00,2.8495,2.85,2.8495,2.8495,2.8545,2.855,2.8545,2.8545,3
2026-04-22 22:01:00,2.849,2.85,2.849,2.85,2.854,2.855,2.854,2.855,7
2026-04-22 22:02:00,2.8495,2.85,2.8495,2.85,2.8545,2.855,2.8545,2.855,4
2026-04-22 22:04:00,2.8505,2.8505,2.85,2.85,2.8555,2.8555,2.855,2.855,2
2026-04-22 22:05:00,2.8505,2.8505,2.85,2.85,2.8555,2.8555,2.855,2.855,2
2026-04-22 22:06:00,2.8505,2.851,2.85,2.85,2.8555,2.856,2.855,2.855,3
2026-04-22 22:07:00,2.8505,2.8505,2.848,2.8485,2.8555,2.8555,2.853,2.8535,7
2026-04-22 22:08:00,2.848,2.849,2.848,2.848,2.853,2.854,2.853,2.853,7
2026-04-22 22:09:00,2.8485,2.849,2.848,2.848,2.8535,2.854,2.853,2.853,6
2026-04-22 22:10:00,2.8475,2.848,2.846,2.846,2.8525,2.853,2.851,2.851,18
2026-04-22 22:11:00,2.8465,2.847,2.846,2.847,2.8515,2.852,2.851,2.852,6
2026-04-22 22:12:00,2.8465,2.8485,2.846,2.8485,2.8515,2.8535,2.851,2.8535,7
2026-04-22 22:13:00,2.848,2.848,2.848,2.848,2.853,2.853,2.853,2.853,1
2026-04-22 22:15:00,2.8475,2.8475,2.847,2.847,2.8525,2.8525,2.852,2.852,2
2026-04-22 22:16:00,2.846,2.846,2.846,2.846,2.851,2.851,2.851,2.851,1
2026-04-22 22:17:00,2.8455,2.8455,2.8455,2.8455,2.8505,2.8505,2.8505,2.8505,1
2026-04-22 22:18:00,2.845,2.8455,2.845,2.845,2.85,2.8505,2.85,2.85,3
2026-04-22 22:19:00,2.8455,2.846,2.845,2.846,2.8505,2.851,2.85,2.851,4
2026-04-22 22:21:00,2.8455,2.8455,2.845,2.845,2.8505,2.8505,2.85,2.85,2
2026-04-22 22:24:00,2.844,2.845,2.844,2.845,2.849,2.85,2.849,2.85,5
2026-04-22 22:25:00,2.8455,2.846,2.845,2.8455,2.8505,2.851,2.85,2.8505,6
2026-04-22 22:26:00,2.846,2.846,2.845,2.845,2.851,2.851,2.85,2.85,3
2026-04-22 22:27:00,2.8455,2.8455,2.8445,2.8445,2.8505,2.8505,2.8495,2.8495,3
2026-04-22 22:28:00,2.844,2.844,2.844,2.844,2.849,2.849,2.849,2.849,1
2026-04-22 22:29:00,2.845,2.845,2.844,2.845,2.85,2.85,2.849,2.85,8
2026-04-22 22:30:00,2.8445,2.845,2.844,2.844,2.8495,2.85,2.849,2.849,10
2026-04-22 22:31:00,2.8445,2.846,2.8445,2.8455,2.8495,2.851,2.8495,2.8505,4
2026-04-22 22:32:00,2.845,2.8455,2.845,2.845,2.85,2.8505,2.85,2.85,3
2026-04-22 22:35:00,2.8455,2.846,2.845,2.845,2.8505,2.851,2.85,2.85,4
2026-04-22 22:36:00,2.846,2.848,2.845,2.846,2.851,2.853,2.85,2.851,12
2026-04-22 22:37:00,2.8465,2.847,2.8455,2.846,2.8515,2.852,2.8505,2.851,15
2026-04-22 22:38:00,2.8455,2.846,2.8455,2.846,2.8505,2.851,2.8505,2.851,4
2026-04-22 22:42:00,2.847,2.848,2.8465,2.848,2.852,2.853,2.8515,2.853,5
2026-04-22 22:43:00,2.8475,2.8495,2.8475,2.8485,2.8525,2.8545,2.8525,2.8535,8
2026-04-22 22:44:00,2.848,2.849,2.848,2.8485,2.853,2.854,2.853,2.8535,4
2026-04-22 22:45:00,2.848,2.848,2.848,2.848,2.853,2.853,2.853,2.853,1
2026-04-22 22:46:00,2.849,2.851,2.849,2.851,2.854,2.856,2.854,2.856,3
2026-04-22 22:47:00,2.8505,2.851,2.85,2.8505,2.8555,2.856,2.855,2.8555,7
2026-04-22 22:48:00,2.85,2.851,2.85,2.85,2.855,2.856,2.855,2.855,8
2026-04-22 22:49:00,2.8495,2.8505,2.8495,2.85,2.8545,2.8555,2.8545,2.855,4
2026-04-22 22:50:00,2.849,2.85,2.849,2.85,2.854,2.855,2.854,2.855,3
2026-04-22 22:51:00,2.849,2.851,2.849,2.851,2.854,2.856,2.854,2.856,6
2026-04-22 22:52:00,2.8505,2.851,2.8495,2.85,2.8555,2.856,2.8545,2.855,7
2026-04-22 22:54:00,2.8505,2.852,2.8505,2.8505,2.8555,2.857,2.8555,2.8555,9
2026-04-22 22:55:00,2.849,2.85,2.849,2.8495,2.854,2.855,2.854,2.8545,5
2026-04-22 22:56:00,2.849,2.853,2.849,2.853,2.854,2.858,2.854,2.858,12
2026-04-22 22:57:00,2.8515,2.853,2.851,2.8515,2.8565,2.858,2.856,2.8565,14
2026-04-22 22:58:00,2.851,2.8515,2.851,2.8515,2.856,2.8565,2.856,2.8565,4
2026-04-22 22:59:00,2.851,2.8594,2.85,2.8594,2.856,2.8644,2.855,2.8644,7
2026-04-23 00:00:00,2.8584,2.8584,2.8569,2.8569,2.8634,2.8634,2.8619,2.8619,3
2026-04-23 00:01:00,2.8579,2.8579,2.8569,2.8569,2.8629,2.8629,2.8619,2.8619,3
2026-04-23 00:02:00,2.8574,2.8579,2.8574,2.8574,2.8624,2.8629,2.8624,2.8624,5
2026-04-23 00:03:00,2.8579,2.8584,2.8579,2.8584,2.8629,2.8634,2.8629,2.8634,2
2026-04-23 00:04:00,2.8574,2.8579,2.8574,2.8579,2.8624,2.8629,2.8624,2.8629,2
2026-04-23 00:05:00,2.8584,2.8584,2.8584,2.8584,2.8634,2.8634,2.8634,2.8634,1
2026-04-23 00:06:00,2.8574,2.8579,2.8574,2.8579,2.8624,2.8629,2.8624,2.8629,4
2026-04-23 00:07:00,2.8574,2.8579,2.8574,2.8579,2.8624,2.8629,2.8624,2.8629,2
2026-04-23 00:08:00,2.8574,2.8574,2.8574,2.8574,2.8624,2.8624,2.8624,2.8624,1
2026-04-23 00:09:00,2.8579,2.8584,2.8574,2.8579,2.8629,2.8634,2.8624,2.8629,6
2026-04-23 00:10:00,2.8584,2.8584,2.8579,2.8584,2.8634,2.8634,2.8629,2.8634,3
2026-04-23 00:11:00,2.8579,2.8579,2.8574,2.8579,2.8629,2.8629,2.8624,2.8629,3
2026-04-23 00:12:00,2.8584,2.8584,2.8584,2.8584,2.8634,2.8634,2.8634,2.8634,1
2026-04-23 00:14:00,2.8589,2.8589,2.8589,2.8589,2.8639,2.8639,2.8639,2.8639,1
2026-04-23 00:15:00,2.8594,2.8599,2.8589,2.8599,2.8644,2.8649,2.8639,2.8649,4
2026-04-23 00:16:00,2.8594,2.8594,2.8594,2.8594,2.8644,2.8644,2.8644,2.8644,1
2026-04-23 00:18:00,2.8584,2.8584,2.8584,2.8584,2.8634,2.8634,2.8634,2.8634,1
2026-04-23 00:21:00,2.8594,2.8594,2.8594,2.8594,2.8644,2.8644,2.8644,2.8644,1
2026-04-23 00:24:00,2.8599,2.8604,2.8594,2.8594,2.8649,2.8654,2.8644,2.8644,3
2026-04-23 00:31:00,2.8604,2.8604,2.8604,2.8604,2.8654,2.8654,2.8654,2.8654,1
2026-04-23 00:34:00,2.8594,2.8594,2.8589,2.8589,2.8644,2.8644,2.8639,2.8639,2
2026-04-23 00:35:00,2.8594,2.8594,2.8594,2.8594,2.8644,2.8644,2.8644,2.8644,1
2026-04-23 00:41:00,2.8589,2.8589,2.8589,2.8589,2.8639,2.8639,2.8639,2.8639,1
2026-04-23 00:42:00,2.8584,2.8584,2.8584,2.8584,2.8634,2.8634,2.8634,2.8634,1
2026-04-23 00:43:00,2.8579,2.8579,2.8564,2.8564,2.8629,2.8629,2.8614,2.8614,3
2026-04-23 00:47:00,2.8574,2.8574,2.8569,2.8574,2.8624,2.8624,2.8619,2.8624,3
2026-04-23 01:00:00,2.8584,2.8584,2.8584,2.8584,2.8634,2.8634,2.8634,2.8634,1
2026-04-23 01:01:00,2.8579,2.8579,2.8574,2.8574,2.8629,2.8629,2.8624,2.8624,2
2026-04-23 01:03:00,2.8564,2.8569,2.8564,2.8569,2.8614,2.8619,2.8614,2.8619,4
2026-04-23 01:04:00,2.8564,2.8564,2.8564,2.8564,2.8614,2.8614,2.8614,2.8614,1
2026-04-23 01:07:00,2.8569,2.8574,2.8569,2.8574,2.8619,2.8624,2.8619,2.8624,4
2026-04-23 01:14:00,2.8579,2.8584,2.8579,2.8584,2.8629,2.8634,2.8629,2.8634,2
2026-04-23 01:17:00,2.8574,2.8574,2.8574,2.8574,2.8624,2.8624,2.8624,2.8624,1
2026-04-23 01:21:00,2.8584,2.8584,2.8584,2.8584,2.8634,2.8634,2.8634,2.8634,1
2026-04-23 01:23:00,2.8594,2.8594,2.8584,2.8584,2.8644,2.8644,2.8634,2.8634,2
2026-04-23 01:24:00,2.8589,2.8589,2.8589,2.8589,2.8639,2.8639,2.8639,2.8639,1
2026-04-23 01:25:00,2.8584,2.8584,2.8584,2.8584,2.8634,2.8634,2.8634,2.8634,1
2026-04-23 01:30:00,2.8594,2.8594,2.8589,2.8594,2.8644,2.8644,2.8639,2.8644,5
2026-04-23 01:31:00,2.8584,2.8589,2.8584,2.8584,2.8634,2.8639,2.8634,2.8634,3
2026-04-23 01:32:00,2.8589,2.8594,2.8589,2.8594,2.8639,2.8644,2.8639,2.8644,2
2026-04-23 01:35:00,2.8589,2.8594,2.8589,2.8594,2.8639,2.8644,2.8639,2.8644,2
2026-04-23 01:37:00,2.8599,2.8599,2.8594,2.8594,2.8649,2.8649,2.8644,2.8644,2
2026-04-23 01:42:00,2.8584,2.8584,2.8584,2.8584,2.8634,2.8634,2.8634,2.8634,1
2026-04-23 01:43:00,2.8589,2.8589,2.8584,2.8584,2.8639,2.8639,2.8634,2.8634,2
2026-04-23 01:45:00,2.8589,2.8589,2.8574,2.8574,2.8639,2.8639,2.8624,2.8624,3
2026-04-23 01:46:00,2.8579,2.8584,2.8579,2.8584,2.8629,2.8634,2.8629,2.8634,2
2026-04-23 01:49:00,2.8589,2.8594,2.8584,2.8594,2.8639,2.8644,2.8634,2.8644,6
2026-04-23 01:50:00,2.8584,2.8584,2.8559,2.8569,2.8634,2.8634,2.8609,2.8619,14
2026-04-23 01:51:00,2.8564,2.8584,2.8564,2.8584,2.8614,2.8634,2.8614,2.8634,15
2026-04-23 01:54:00,2.8579,2.8579,2.8579,2.8579,2.8629,2.8629,2.8629,2.8629,1
2026-04-23 01:55:00,2.8584,2.8589,2.8574,2.8579,2.8634,2.8639,2.8624,2.8629,15
2026-04-23 01:57:00,2.8584,2.8584,2.8579,2.8584,2.8634,2.8634,2.8629,2.8634,5
2026-04-23 01:58:00,2.8589,2.8589,2.8589,2.8589,2.8639,2.8639,2.8639,2.8639,1
2026-04-23 01:59:00,2.8584,2.8594,2.8584,2.8594,2.8634,2.8644,2.8634,2.8644,4
2026-04-23 02:00:00,2.8589,2.8589,2.8559,2.8569,2.8639,2.8639,2.8609,2.8619,14
2026-04-23 02:01:00,2.8574,2.8594,2.8574,2.8589,2.8624,2.8644,2.8624,2.8639,5
2026-04-23 02:02:00,2.8594,2.8594,2.8589,2.8594,2.8644,2.8644,2.8639,2.8644,3
2026-04-23 02:03:00,2.8584,2.8584,2.8584,2.8584,2.8634,2.8634,2.8634,2.8634,1
2026-04-23 02:04:00,2.8594,2.8609,2.8594,2.8604,2.8644,2.8659,2.8644,2.8654,6
2026-04-23 02:05:00,2.8599,2.8614,2.8594,2.8599,2.8649,2.8664,2.8644,2.8649,17
2026-04-23 02:06:00,2.8594,2.8614,2.8594,2.8609,2.8644,2.8664,2.8644,2.8659,6
2026-04-23 02:07:00,2.8604,2.8609,2.8594,2.8599,2.8654,2.8659,2.8644,2.8649,7
2026-04-23 02:08:00,2.8594,2.8609,2.8594,2.8604,2.8644,2.8659,2.8644,2.8654,13
2026-04-23 02:09:00,2.8609,2.8644,2.8609,2.8644,2.8659,2.8694,2.8659,2.8694,26
2026-04-23 02:10:00,2.8639,2.8674,2.8639,2.8664,2.8689,2.8724,2.8689,2.8714,23
2026-04-23 02:11:00,2.8674,2.8694,2.8674,2.8684,2.8724,2.8744,2.8724,2.8734,13
2026-04-23 02:12:00,2.8689,2.8694,2.8684,2.8694,2.8739,2.8744,2.8734,2.8744,14
2026-04-23 02:13:00,2.8704,2.8714,2.8679,2.8684,2.8754,2.8764,2.8729,2.8734,30
2026-04-23 02:14:00,2.8689,2.8744,2.8679,2.8734,2.8739,2.8794,2.8729,2.8784,37
2026-04-23 02:15:00,2.8744,2.8774,2.8739,2.8764,2.8794,2.8824,2.8789,2.8814,36
2026-04-23 02:16:00,2.8759,2.8849,2.8754,2.8824,2.8809,2.8899,2.8804,2.8874,49
2026-04-23 02:17:00,2.8829,2.8844,2.8774,2.8794,2.8879,2.8894,2.8824,2.8844,43
2026-04-23 02:18:00,2.8804,2.8814,2.8749,2.8759,2.8854,2.8864,2.8799,2.8809,45
2026-04-23 02:19:00,2.8754,2.8754,2.8664,2.8694,2.8804,2.8804,2.8714,2.8744,107
2026-04-23 02:20:00,2.8689,2.8729,2.8679,2.8724,2.8739,2.8779,2.8729,2.8774,96
2026-04-23 02:21:00,2.8729,2.8744,2.8704,2.8739,2.8779,2.8794,2.8754,2.8789,57
2026-04-23 02:22:00,2.8729,2.8739,2.8699,2.8704,2.8779,2.8789,2.8749,2.8754,32
2026-04-23 02:23:00,2.8714,2.8729,2.8709,2.8729,2.8764,2.8779,2.8759,2.8779,16
2026-04-23 02:24:00,2.8734,2.8734,2.8714,2.8729,2.8784,2.8784,2.8764,2.8779,26
2026-04-23 02:25:00,2.8724,2.8729,2.8709,2.8714,2.8774,2.8779,2.8759,2.8764,15
2026-04-23 02:26:00,2.8709,2.8714,2.8709,2.8714,2.8759,2.8764,2.8759,2.8764,6
2026-04-23 02:27:00,2.8724,2.8724,2.8704,2.8704,2.8774,2.8774,2.8754,2.8754,6
2026-04-23 02:28:00,2.8714,2.8714,2.8694,2.8694,2.8764,2.8764,2.8744,2.8744,20
2026-04-23 02:29:00,2.8684,2.8694,2.8684,2.8689,2.8734,2.8744,2.8734,2.8739,11
2026-04-23 02:30:00,2.8694,2.8699,2.8654,2.8664,2.8744,2.8749,2.8704,2.8714,16
2026-04-23 02:31:00,2.8669,2.8684,2.8669,2.8684,2.8719,2.8734,2.8719,2.8734,8
2026-04-23 02:32:00,2.8674,2.8684,2.8674,2.8684,2.8724,2.8734,2.8724,2.8734,3
2026-04-23 02:33:00,2.8689,2.8694,2.8684,2.8684,2.8739,2.8744,2.8734,2.8734,6
2026-04-23 02:34:00,2.8689,2.8689,2.8684,2.8684,2.8739,2.8739,2.8734,2.8734,2
2026-04-23 02:35:00,2.8694,2.8694,2.8694,2.8694,2.8744,2.8744,2.8744,2.8744,1
2026-04-23 02:36:00,2.8699,2.8699,2.8689,2.8689,2.8749,2.8749,2.8739,2.8739,9
2026-04-23 02:37:00,2.8684,2.8699,2.8684,2.8694,2.8734,2.8749,2.8734,2.8744,8
2026-04-23 02:38:00,2.8699,2.8704,2.8699,2.8704,2.8749,2.8754,2.8749,2.8754,2
2026-04-23 02:39:00,2.8714,2.8714,2.8709,2.8714,2.8764,2.8764,2.8759,2.8764,3
2026-04-23 02:40:00,2.8709,2.8709,2.8699,2.8699,2.8759,2.8759,2.8749,2.8749,5
2026-04-23 02:41:00,2.8704,2.8704,2.8704,2.8704,2.8754,2.8754,2.8754,2.8754,1
2026-04-23 02:42:00,2.8709,2.8714,2.8694,2.8699,2.8759,2.8764,2.8744,2.8749,11
2026-04-23 02:43:00,2.8704,2.8709,2.8704,2.8709,2.8754,2.8759,2.8754,2.8759,4
2026-04-23 02:44:00,2.8714,2.8714,2.8699,2.8699,2.8764,2.8764,2.8749,2.8749,6
2026-04-23 02:45:00,2.8704,2.8704,2.8694,2.8694,2.8754,2.8754,2.8744,2.8744,3
2026-04-23 02:46:00,2.8704,2.8704,2.8659,2.8659,2.8754,2.8754,2.8709,2.8709,11
2026-04-23 02:48:00,2.8654,2.8654,2.8654,2.8654,2.8704,2.8704,2.8704,2.8704,1
2026-04-23 02:51:00,2.8664,2.8664,2.8604,2.8604,2.8714,2.8714,2.8654,2.8654,12
2026-04-23 02:52:00,2.8614,2.8619,2.8609,2.8619,2.8664,2.8669,2.8659,2.8669,6
2026-04-23 02:53:00,2.8624,2.8624,2.8624,2.8624,2.8674,2.8674,2.8674,2.8674,1
2026-04-23 02:54:00,2.8619,2.8619,2.8619,2.8619,2.8669,2.8669,2.8669,2.8669,1
2026-04-23 02:55:00,2.8624,2.8624,2.8619,2.8619,2.8674,2.8674,2.8669,2.8669,2
2026-04-23 02:56:00,2.8604,2.8609,2.8604,2.8604,2.8654,2.8659,2.8654,2.8654,3
2026-04-23 02:57:00,2.8609,2.8614,2.8604,2.8609,2.8659,2.8664,2.8654,2.8659,5
2026-04-23 02:58:00,2.8604,2.8604,2.8604,2.8604,2.8654,2.8654,2.8654,2.8654,1
2026-04-23 02:59:00,2.8594,2.8599,2.8594,2.8599,2.8644,2.8649,2.8644,2.8649,4
2026-04-23 03:00:00,2.8609,2.8609,2.8559,2.8599,2.8659,2.8659,2.8609,2.8649,28
2026-04-23 03:01:00,2.8604,2.8619,2.8589,2.8594,2.8654,2.8669,2.8639,2.8644,13
2026-04-23 03:02:00,2.8589,2.8594,2.8584,2.8594,2.8639,2.8644,2.8634,2.8644,6
2026-04-23 03:03:00,2.8589,2.8599,2.8589,2.8594,2.8639,2.8649,2.8639,2.8644,9
2026-04-23 03:04:00,2.8589,2.8604,2.8589,2.8589,2.8639,2.8654,2.8639,2.8639,11
2026-04-23 03:05:00,2.8594,2.8614,2.8589,2.8614,2.8644,2.8664,2.8639,2.8664,14
2026-04-23 03:06:00,2.8619,2.8619,2.8609,2.8614,2.8669,2.8669,2.8659,2.8664,4
2026-04-23 03:07:00,2.8619,2.8629,2.8614,2.8629,2.8669,2.8679,2.8664,2.8679,5
2026-04-23 03:08:00,2.8624,2.8629,2.8614,2.8629,2.8674,2.8679,2.8664,2.8679,7
2026-04-23 03:09:00,2.8624,2.8649,2.8624,2.8644,2.8674,2.8699,2.8674,2.8694,9
2026-04-23 03:10:00,2.8649,2.8654,2.8644,2.8649,2.8699,2.8704,2.8694,2.8699,6
2026-04-23 03:11:00,2.8654,2.8659,2.8654,2.8654,2.8704,2.8709,2.8704,2.8704,5
2026-04-23 03:12:00,2.8649,2.8659,2.8649,2.8659,2.8699,2.8709,2.8699,2.8709,3
2026-04-23 03:13:00,2.8664,2.8664,2.8659,2.8664,2.8714,2.8714,2.8709,2.8714,3
2026-04-23 03:14:00,2.8674,2.8674,2.8669,2.8674,2.8724,2.8724,2.8719,2.8724,3
2026-04-23 03:15:00,2.8669,2.8669,2.8659,2.8664,2.8719,2.8719,2.8709,2.8714,4
2026-04-23 03:16:00,2.8674,2.8674,2.8664,2.8664,2.8724,2.8724,2.8714,2.8714,3
2026-04-23 03:17:00,2.8669,2.8669,2.8649,2.8649,2.8719,2.8719,2.8699,2.8699,5
2026-04-23 03:18:00,2.8644,2.8644,2.8639,2.8639,2.8694,2.8694,2.8689,2.8689,2
2026-04-23 03:19:00,2.8644,2.8649,2.8644,2.8649,2.8694,2.8699,2.8694,2.8699,2
2026-04-23 03:20:00,2.8644,2.8649,2.8644,2.8649,2.8694,2.8699,2.8694,2.8699,2
2026-04-23 03:22:00,2.8644,2.8659,2.8644,2.8654,2.8694,2.8709,2.8694,2.8704,4
2026-04-23 03:23:00,2.8659,2.8659,2.8654,2.8654,2.8709,2.8709,2.8704,2.8704,2
2026-04-23 03:24:00,2.8649,2.8659,2.8644,2.8654,2.8699,2.8709,2.8694,2.8704,4
2026-04-23 03:25:00,2.8644,2.8644,2.8614,2.8634,2.8694,2.8694,2.8664,2.8684,14
2026-04-23 03:26:00,2.8639,2.8644,2.8639,2.8639,2.8689,2.8694,2.8689,2.8689,3
2026-04-23 03:27:00,2.8634,2.8634,2.8634,2.8634,2.8684,2.8684,2.8684,2.8684,1
2026-04-23 03:28:00,2.8629,2.8644,2.8629,2.8634,2.8679,2.8694,2.8679,2.8684,4
2026-04-23 03:29:00,2.8639,2.8644,2.8639,2.8644,2.8689,2.8694,2.8689,2.8694,4
2026-04-23 03:30:00,2.8639,2.8644,2.8619,2.8619,2.8689,2.8694,2.8669,2.8669,9
2026-04-23 03:31:00,2.8614,2.8614,2.8609,2.8614,2.8664,2.8664,2.8659,2.8664,3
2026-04-23 03:32:00,2.8609,2.8634,2.8604,2.8619,2.8659,2.8684,2.8654,2.8669,15
2026-04-23 03:33:00,2.8614,2.8649,2.8614,2.8649,2.8664,2.8699,2.8664,2.8699,13
2026-04-23 03:34:00,2.8654,2.8654,2.8639,2.8644,2.8704,2.8704,2.8689,2.8694,5
2026-04-23 03:35:00,2.8639,2.8639,2.8624,2.8624,2.8689,2.8689,2.8674,2.8674,5
2026-04-23 03:36:00,2.8629,2.8634,2.8624,2.8624,2.8679,2.8684,2.8674,2.8674,4
2026-04-23 03:37:00,2.8629,2.8644,2.8629,2.8639,2.8679,2.8694,2.8679,2.8689,6
2026-04-23 03:38:00,2.8644,2.8644,2.8644,2.8644,2.8694,2.8694,2.8694,2.8694,1
2026-04-23 03:39:00,2.8634,2.8634,2.8614,2.8624,2.8684,2.8684,2.8664,2.8674,5
2026-04-23 03:40:00,2.8634,2.8634,2.8634,2.8634,2.8684,2.8684,2.8684,2.8684,1
2026-04-23 03:41:00,2.8629,2.8634,2.8629,2.8634,2.8679,2.8684,2.8679,2.8684,2
2026-04-23 03:42:00,2.8629,2.8634,2.8629,2.8634,2.8679,2.8684,2.8679,2.8684,2
2026-04-23 03:43:00,2.8629,2.8629,2.8629,2.8629,2.8679,2.8679,2.8679,2.8679,1
2026-04-23 03:44:00,2.8634,2.8634,2.8629,2.8629,2.8684,2.8684,2.8679,2.8679,2
2026-04-23 03:45:00,2.8634,2.8634,2.8629,2.8629,2.8684,2.8684,2.8679,2.8679,4
2026-04-23 03:46:00,2.8634,2.8634,2.8629,2.8629,2.8684,2.8684,2.8679,2.8679,2
2026-04-23 03:47:00,2.8634,2.8644,2.8629,2.8634,2.8684,2.8694,2.8679,2.8684,11
2026-04-23 03:48:00,2.8639,2.8639,2.8634,2.8639,2.8689,2.8689,2.8684,2.8689,3
2026-04-23 03:49:00,2.8644,2.8644,2.8639,2.8639,2.8694,2.8694,2.8689,2.8689,2
2026-04-23 03:50:00,2.8634,2.8634,2.8624,2.8624,2.8684,2.8684,2.8674,2.8674,3
2026-04-23 03:51:00,2.8629,2.8629,2.8624,2.8624,2.8679,2.8679,2.8674,2.8674,2
2026-04-23 03:52:00,2.8619,2.8619,2.8619,2.8619,2.8669,2.8669,2.8669,2.8669,1
2026-04-23 03:53:00,2.8624,2.8624,2.8624,2.8624,2.8674,2.8674,2.8674,2.8674,1
2026-04-23 03:54:00,2.8634,2.8634,2.8624,2.8634,2.8684,2.8684,2.8674,2.8684,12
2026-04-23 03:55:00,2.8629,2.8629,2.8624,2.8624,2.8679,2.8679,2.8674,2.8674,4
2026-04-23 03:56:00,2.8619,2.8619,2.8614,2.8614,2.8669,2.8669,2.8664,2.8664,2
2026-04-23 03:57:00,2.8619,2.8619,2.8614,2.8619,2.8669,2.8669,2.8664,2.8669,3
2026-04-23 03:59:00,2.8624,2.8629,2.8614,2.8619,2.8674,2.8679,2.8664,2.8669,12
2026-04-23 04:00:00,2.8614,2.8629,2.8614,2.8629,2.8664,2.8679,2.8664,2.8679,6
2026-04-23 04:01:00,2.8624,2.8629,2.8619,2.8619,2.8674,2.8679,2.8669,2.8669,10
2026-04-23 04:02:00,2.8624,2.8634,2.8624,2.8629,2.8674,2.8684,2.8674,2.8679,6
2026-04-23 04:03:00,2.8634,2.8654,2.8634,2.8649,2.8684,2.8704,2.8684,2.8699,11
2026-04-23 04:04:00,2.8654,2.8654,2.8639,2.8639,2.8704,2.8704,2.8689,2.8689,5
2026-04-23 04:05:00,2.8629,2.8634,2.8624,2.8634,2.8679,2.8684,2.8674,2.8684,3
2026-04-23 04:06:00,2.8639,2.8644,2.8634,2.8639,2.8689,2.8694,2.8684,2.8689,7
2026-04-23 04:07:00,2.8634,2.8654,2.8634,2.8654,2.8684,2.8704,2.8684,2.8704,9
2026-04-23 04:08:00,2.8664,2.8664,2.8659,2.8659,2.8714,2.8714,2.8709,2.8709,2
2026-04-23 04:09:00,2.8654,2.8654,2.8654,2.8654,2.8704,2.8704,2.8704,2.8704,1
2026-04-23 04:10:00,2.8644,2.8654,2.8644,2.8654,2.8694,2.8704,2.8694,2.8704,3
2026-04-23 04:11:00,2.8649,2.8669,2.8649,2.8669,2.8699,2.8719,2.8699,2.8719,5
2026-04-23 04:12:00,2.8664,2.8674,2.8664,2.8669,2.8714,2.8724,2.8714,2.8719,3
2026-04-23 04:13:00,2.8664,2.8679,2.8664,2.8679,2.8714,2.8729,2.8714,2.8729,8
2026-04-23 04:14:00,2.8669,2.8674,2.8669,2.8674,2.8719,2.8724,2.8719,2.8724,2
2026-04-23 04:15:00,2.8679,2.8679,2.8679,2.8679,2.8729,2.8729,2.8729,2.8729,1
2026-04-23 04:16:00,2.8674,2.8674,2.8669,2.8674,2.8724,2.8724,2.8719,2.8724,5
2026-04-23 04:17:00,2.8679,2.8684,2.8669,2.8684,2.8729,2.8734,2.8719,2.8734,7
2026-04-23 04:18:00,2.8674,2.8679,2.8674,2.8679,2.8724,2.8729,2.8724,2.8729,2
2026-04-23 04:19:00,2.8684,2.8684,2.8674,2.8674,2.8734,2.8734,2.8724,2.8724,3
2026-04-23 04:20:00,2.8669,2.8674,2.8664,2.8664,2.8719,2.8724,2.8714,2.8714,6
2026-04-23 04:21:00,2.8669,2.8674,2.8664,2.8664,2.8719,2.8724,2.8714,2.8714,9
2026-04-23 04:22:00,2.8659,2.8664,2.8659,2.8664,2.8709,2.8714,2.8709,2.8714,4
2026-04-23 04:23:00,2.8669,2.8684,2.8669,2.8674,2.8719,2.8734,2.8719,2.8724,8
2026-04-23 04:25:00,2.8669,2.8679,2.8669,2.8669,2.8719,2.8729,2.8719,2.8719,7
2026-04-23 04:26:00,2.8674,2.8684,2.8669,2.8674,2.8724,2.8734,2.8719,2.8724,8
2026-04-23 04:27:00,2.8669,2.8669,2.8669,2.8669,2.8719,2.8719,2.8719,2.8719,1
2026-04-23 04:28:00,2.8674,2.8679,2.8669,2.8674,2.8724,2.8729,2.8719,2.8724,5
2026-04-23 04:29:00,2.8679,2.8679,2.8669,2.8669,2.8729,2.8729,2.8719,2.8719,6
2026-04-23 04:30:00,2.8674,2.8684,2.8664,2.8679,2.8724,2.8734,2.8714,2.8729,11
2026-04-23 04:31:00,2.8674,2.8674,2.8664,2.8664,2.8724,2.8724,2.8714,2.8714,5
2026-04-23 04:32:00,2.8654,2.8654,2.8644,2.8649,2.8704,2.8704,2.8694,2.8699,10
2026-04-23 04:33:00,2.8654,2.8654,2.8654,2.8654,2.8704,2.8704,2.8704,2.8704,1
2026-04-23 04:34:00,2.8649,2.8654,2.8649,2.8649,2.8699,2.8704,2.8699,2.8699,5
2026-04-23 04:35:00,2.8639,2.8639,2.8634,2.8634,2.8689,2.8689,2.8684,2.8684,4
2026-04-23 04:36:00,2.8639,2.8639,2.8639,2.8639,2.8689,2.8689,2.8689,2.8689,1
2026-04-23 04:37:00,2.8644,2.8654,2.8644,2.8644,2.8694,2.8704,2.8694,2.8694,3
2026-04-23 04:38:00,2.8649,2.8649,2.8649,2.8649,2.8699,2.8699,2.8699,2.8699,1
2026-04-23 04:39:00,2.8639,2.8644,2.8639,2.8644,2.8689,2.8694,2.8689,2.8694,6
2026-04-23 04:40:00,2.8639,2.8644,2.8634,2.8644,2.8689,2.8694,2.8684,2.8694,6
2026-04-23 04:41:00,2.8634,2.8644,2.8634,2.8639,2.8684,2.8694,2.8684,2.8689,6
2026-04-23 04:42:00,2.8634,2.8639,2.8634,2.8639,2.8684,2.8689,2.8684,2.8689,2
2026-04-23 04:44:00,2.8644,2.8649,2.8639,2.8644,2.8694,2.8699,2.8689,2.8694,8
2026-04-23 04:45:00,2.8649,2.8649,2.8639,2.8649,2.8699,2.8699,2.8689,2.8699,5
2026-04-23 04:46:00,2.8644,2.8649,2.8639,2.8639,2.8694,2.8699,2.8689,2.8689,7
2026-04-23 04:47:00,2.8644,2.8649,2.8639,2.8639,2.8694,2.8699,2.8689,2.8689,4
2026-04-23 04:48:00,2.8644,2.8644,2.8639,2.8639,2.8694,2.8694,2.8689,2.8689,4
2026-04-23 04:49:00,2.8634,2.8644,2.8634,2.8644,2.8684,2.8694,2.8684,2.8694,2
2026-04-23 04:50:00,2.8639,2.8644,2.8639,2.8644,2.8689,2.8694,2.8689,2.8694,8
2026-04-23 04:51:00,2.8639,2.8644,2.8639,2.8644,2.8689,2.8694,2.8689,2.8694,2
2026-04-23 04:53:00,2.8639,2.8664,2.8639,2.8654,2.8689,2.8714,2.8689,2.8704,5
2026-04-23 04:54:00,2.8664,2.8664,2.8659,2.8664,2.8714,2.8714,2.8709,2.8714,3
2026-04-23 04:55:00,2.8659,2.8694,2.8659,2.8694,2.8709,2.8744,2.8709,2.8744,7
2026-04-23 04:56:00,2.8699,2.8724,2.8684,2.8689,2.8749,2.8774,2.8734,2.8739,19
2026-04-23 04:57:00,2.8694,2.8694,2.8684,2.8694,2.8744,2.8744,2.8734,2.8744,3
2026-04-23 04:58:00,2.8689,2.8694,2.8684,2.8694,2.8739,2.8744,2.8734,2.8744,5
2026-04-23 04:59:00,2.8689,2.8694,2.8689,2.8694,2.8739,2.8744,2.8739,2.8744,10
2026-04-23 05:00:00,2.8689,2.8694,2.8689,2.8694,2.8739,2.8744,2.8739,2.8744,6
2026-04-23 05:01:00,2.8689,2.8699,2.8684,2.8684,2.8739,2.8749,2.8734,2.8734,10
2026-04-23 05:02:00,2.8689,2.8689,2.8674,2.8684,2.8739,2.8739,2.8724,2.8734,12
2026-04-23 05:03:00,2.8679,2.8679,2.8679,2.8679,2.8729,2.8729,2.8729,2.8729,1
2026-04-23 05:04:00,2.8684,2.8684,2.8674,2.8684,2.8734,2.8734,2.8724,2.8734,8
2026-04-23 05:05:00,2.8679,2.8684,2.8674,2.8674,2.8729,2.8734,2.8724,2.8724,13
2026-04-23 05:06:00,2.8684,2.8684,2.8669,2.8679,2.8734,2.8734,2.8719,2.8729,9
2026-04-23 05:07:00,2.8674,2.8679,2.8669,2.8679,2.8724,2.8729,2.8719,2.8729,4
2026-04-23 05:08:00,2.8684,2.8694,2.8679,2.8679,2.8734,2.8744,2.8729,2.8729,5
2026-04-23 05:09:00,2.8674,2.8679,2.8669,2.8674,2.8724,2.8729,2.8719,2.8724,7
2026-04-23 05:10:00,2.8679,2.8679,2.8674,2.8674,2.8729,2.8729,2.8724,2.8724,6
2026-04-23 05:11:00,2.8679,2.8679,2.8674,2.8674,2.8729,2.8729,2.8724,2.8724,2
2026-04-23 05:12:00,2.8669,2.8674,2.8669,2.8674,2.8719,2.8724,2.8719,2.8724,4
2026-04-23 05:13:00,2.8669,2.8674,2.8669,2.8669,2.8719,2.8724,2.8719,2.8719,3
2026-04-23 05:14:00,2.8664,2.8664,2.8664,2.8664,2.8714,2.8714,2.8714,2.8714,1
2026-04-23 05:15:00,2.8669,2.8669,2.8659,2.8664,2.8719,2.8719,2.8709,2.8714,10
2026-04-23 05:16:00,2.8659,2.8674,2.8659,2.8669,2.8709,2.8724,2.8709,2.8719,6
2026-04-23 05:17:00,2.8664,2.8669,2.8664,2.8669,2.8714,2.8719,2.8714,2.8719,6
2026-04-23 05:18:00,2.8664,2.8664,2.8664,2.8664,2.8714,2.8714,2.8714,2.8714,1
2026-04-23 05:19:00,2.8669,2.8669,2.8669,2.8669,2.8719,2.8719,2.8719,2.8719,1
2026-04-23 05:20:00,2.8664,2.8664,2.8664,2.8664,2.8714,2.8714,2.8714,2.8714,1
2026-04-23 05:21:00,2.8669,2.8669,2.8654,2.8664,2.8719,2.8719,2.8704,2.8714,6
2026-04-23 05:22:00,2.8659,2.8664,2.8659,2.8664,2.8709,2.8714,2.8709,2.8714,4
2026-04-23 05:23:00,2.8659,2.8659,2.8654,2.8654,2.8709,2.8709,2.8704,2.8704,2
2026-04-23 05:24:00,2.8659,2.8659,2.8654,2.8654,2.8709,2.8709,2.8704,2.8704,4
2026-04-23 05:25:00,2.8659,2.8659,2.8634,2.8634,2.8709,2.8709,2.8684,2.8684,8
2026-04-23 05:26:00,2.8629,2.8634,2.8624,2.8629,2.8679,2.8684,2.8674,2.8679,5
2026-04-23 05:27:00,2.8624,2.8634,2.8624,2.8629,2.8674,2.8684,2.8674,2.8679,3
2026-04-23 05:28:00,2.8634,2.8634,2.8629,2.8634,2.8684,2.8684,2.8679,2.8684,5
2026-04-23 05:30:00,2.8639,2.8714,2.8639,2.8684,2.8689,2.8764,2.8689,2.8734,26
2026-04-23 05:31:00,2.8689,2.8694,2.8684,2.8684,2.8739,2.8744,2.8734,2.8734,10
2026-04-23 05:32:00,2.8689,2.8694,2.8674,2.8689,2.8739,2.8744,2.8724,2.8739,9
2026-04-23 05:33:00,2.8694,2.8694,2.8684,2.8689,2.8744,2.8744,2.8734,2.8739,4
2026-04-23 05:34:00,2.8684,2.8684,2.8674,2.8679,2.8734,2.8734,2.8724,2.8729,7
2026-04-23 05:35:00,2.8684,2.8684,2.8684,2.8684,2.8734,2.8734,2.8734,2.8734,1
2026-04-23 05:36:00,2.8679,2.8684,2.8669,2.8679,2.8729,2.8734,2.8719,2.8729,11
2026-04-23 05:37:00,2.8684,2.8684,2.8674,2.8679,2.8734,2.8734,2.8724,2.8729,12
2026-04-23 05:38:00,2.8684,2.8684,2.8669,2.8674,2.8734,2.8734,2.8719,2.8724,7
2026-04-23 05:39:00,2.8669,2.8674,2.8669,2.8669,2.8719,2.8724,2.8719,2.8719,3
2026-04-23 05:40:00,2.8664,2.8669,2.8664,2.8664,2.8714,2.8719,2.8714,2.8714,9
2026-04-23 05:41:00,2.8669,2.8674,2.8664,2.8669,2.8719,2.8724,2.8714,2.8719,5
2026-04-23 05:42:00,2.8674,2.8674,2.8669,2.8669,2.8724,2.8724,2.8719,2.8719,4
2026-04-23 05:43:00,2.8674,2.8679,2.8674,2.8679,2.8724,2.8729,2.8724,2.8729,6
2026-04-23 05:44:00,2.8674,2.8679,2.8674,2.8674,2.8724,2.8729,2.8724,2.8724,9
2026-04-23 05:45:00,2.8669,2.8679,2.8669,2.8669,2.8719,2.8729,2.8719,2.8719,6
2026-04-23 05:46:00,2.8674,2.8679,2.8669,2.8669,2.8724,2.8729,2.8719,2.8719,8
2026-04-23 05:48:00,2.8674,2.8674,2.8664,2.8664,2.8724,2.8724,2.8714,2.8714,4
2026-04-23 05:49:00,2.8654,2.8654,2.8639,2.8644,2.8704,2.8704,2.8689,2.8694,4
2026-04-23 05:52:00,2.8649,2.8654,2.8639,2.8639,2.8699,2.8704,2.8689,2.8689,7
2026-04-23 05:53:00,2.8644,2.8649,2.8639,2.8649,2.8694,2.8699,2.8689,2.8699,4
2026-04-23 05:55:00,2.8654,2.8654,2.8654,2.8654,2.8704,2.8704,2.8704,2.8704,1
2026-04-23 05:57:00,2.8649,2.8649,2.8649,2.8649,2.8699,2.8699,2.8699,2.8699,1
2026-04-23 05:58:00,2.8644,2.8649,2.8644,2.8649,2.8694,2.8699,2.8694,2.8699,2
2026-04-23 05:59:00,2.8644,2.8644,2.8644,2.8644,2.8694,2.8694,2.8694,2.8694,1
2026-04-23 06:00:00,2.8639,2.8639,2.8619,2.8619,2.8689,2.8689,2.8669,2.8669,7
2026-04-23 06:01:00,2.8614,2.8619,2.8614,2.8619,2.8664,2.8669,2.8664,2.8669,4
2026-04-23 06:02:00,2.8614,2.8619,2.8614,2.8619,2.8664,2.8669,2.8664,2.8669,2
2026-04-23 06:04:00,2.8624,2.8624,2.8624,2.8624,2.8674,2.8674,2.8674,2.8674,1
2026-04-23 06:05:00,2.8634,2.8634,2.8604,2.8614,2.8684,2.8684,2.8654,2.8664,13
2026-04-23 06:06:00,2.8619,2.8619,2.8614,2.8619,2.8669,2.8669,2.8664,2.8669,3
2026-04-23 06:08:00,2.8614,2.8619,2.8614,2.8614,2.8664,2.8669,2.8664,2.8664,3
2026-04-23 06:10:00,2.8609,2.8629,2.8609,2.8614,2.8659,2.8679,2.8659,2.8664,17
2026-04-23 06:11:00,2.8604,2.8609,2.8604,2.8609,2.8654,2.8659,2.8654,2.8659,2
2026-04-23 06:12:00,2.8604,2.8614,2.8604,2.8609,2.8654,2.8664,2.8654,2.8659,7
2026-04-23 06:13:00,2.8614,2.8614,2.8614,2.8614,2.8664,2.8664,2.8664,2.8664,1
2026-04-23 06:14:00,2.8609,2.8614,2.8604,2.8609,2.8659,2.8664,2.8654,2.8659,5
2026-04-23 06:15:00,2.8614,2.8614,2.8609,2.8614,2.8664,2.8664,2.8659,2.8664,3
2026-04-23 06:16:00,2.8609,2.8614,2.8609,2.8614,2.8659,2.8664,2.8659,2.8664,4
2026-04-23 06:17:00,2.8609,2.8614,2.8594,2.8604,2.8659,2.8664,2.8644,2.8654,9
2026-04-23 06:18:00,2.8609,2.8609,2.8609,2.8609,2.8659,2.8659,2.8659,2.8659,1
2026-04-23 06:19:00,2.8614,2.8619,2.8614,2.8619,2.8664,2.8669,2.8664,2.8669,2
2026-04-23 06:20:00,2.8614,2.8619,2.8614,2.8614,2.8664,2.8669,2.8664,2.8664,3
2026-04-23 06:21:00,2.8619,2.8624,2.8619,2.8619,2.8669,2.8674,2.8669,2.8669,3
2026-04-23 06:22:00,2.8624,2.8624,2.8614,2.8614,2.8674,2.8674,2.8664,2.8664,3
2026-04-23 06:23:00,2.8619,2.8619,2.8604,2.8604,2.8669,2.8669,2.8654,2.8654,7
2026-04-23 06:24:00,2.8614,2.8619,2.8614,2.8619,2.8664,2.8669,2.8664,2.8669,2
2026-04-23 06:25:00,2.8624,2.8624,2.8614,2.8619,2.8674,2.8674,2.8664,2.8669,4
2026-04-23 06:26:00,2.8624,2.8624,2.8619,2.8619,2.8674,2.8674,2.8669,2.8669,4
2026-04-23 06:27:00,2.8624,2.8624,2.8619,2.8619,2.8674,2.8674,2.8669,2.8669,2
2026-04-23 06:30:00,2.8614,2.8624,2.8614,2.8624,2.8664,2.8674,2.8664,2.8674,8
2026-04-23 06:31:00,2.8619,2.8624,2.8619,2.8624,2.8669,2.8674,2.8669,2.8674,2
2026-04-23 06:32:00,2.8619,2.8619,2.8619,2.8619,2.8669,2.8669,2.8669,2.8669,1
2026-04-23 06:33:00,2.8624,2.8624,2.8614,2.8614,2.8674,2.8674,2.8664,2.8664,5
2026-04-23 06:34:00,2.8604,2.8614,2.8604,2.8609,2.8654,2.8664,2.8654,2.8659,3
2026-04-23 06:35:00,2.8604,2.8604,2.8584,2.8589,2.8654,2.8654,2.8634,2.8639,11
2026-04-23 06:36:00,2.8594,2.8604,2.8594,2.8604,2.8644,2.8654,2.8644,2.8654,3
2026-04-23 06:37:00,2.8599,2.8604,2.8599,2.8599,2.8649,2.8654,2.8649,2.8649,3
2026-04-23 06:38:00,2.8604,2.8604,2.8594,2.8599,2.8654,2.8654,2.8644,2.8649,13
2026-04-23 06:39:00,2.8594,2.8594,2.8594,2.8594,2.8644,2.8644,2.8644,2.8644,1
2026-04-23 06:40:00,2.8599,2.8604,2.8599,2.8599,2.8649,2.8654,2.8649,2.8649,3
2026-04-23 06:41:00,2.8594,2.8604,2.8594,2.8594,2.8644,2.8654,2.8644,2.8644,9
2026-04-23 06:42:00,2.8599,2.8599,2.8594,2.8599,2.8649,2.8649,2.8644,2.8649,5
2026-04-23 06:43:00,2.8594,2.8624,2.8594,2.8624,2.8644,2.8674,2.8644,2.8674,10
2026-04-23 06:44:00,2.8619,2.8624,2.8614,2.8614,2.8669,2.8674,2.8664,2.8664,6
2026-04-23 06:46:00,2.8619,2.8619,2.8614,2.8614,2.8669,2.8669,2.8664,2.8664,2
2026-04-23 06:47:00,2.8619,2.8619,2.8614,2.8614,2.8669,2.8669,2.8664,2.8664,4
2026-04-23 06:48:00,2.8619,2.8624,2.8619,2.8624,2.8669,2.8674,2.8669,2.8674,8
2026-04-23 06:49:00,2.8619,2.8619,2.8614,2.8614,2.8669,2.8669,2.8664,2.8664,2
2026-04-23 06:51:00,2.8609,2.8609,2.8609,2.8609,2.8659,2.8659,2.8659,2.8659,1
2026-04-23 06:52:00,2.8604,2.8609,2.8604,2.8604,2.8654,2.8659,2.8654,2.8654,3
2026-04-23 06:53:00,2.8599,2.8604,2.8594,2.8594,2.8649,2.8654,2.8644,2.8644,7
2026-04-23 06:54:00,2.8599,2.8599,2.8594,2.8599,2.8649,2.8649,2.8644,2.8649,3
2026-04-23 06:56:00,2.8594,2.8594,2.8594,2.8594,2.8644,2.8644,2.8644,2.8644,1
2026-04-23 06:58:00,2.8604,2.8604,2.8599,2.8599,2.8654,2.8654,2.8649,2.8649,8
2026-04-23 06:59:00,2.8589,2.8599,2.8589,2.8594,2.8639,2.8649,2.8639,2.8644,3
2026-04-23 07:00:00,2.8604,2.8604,2.8594,2.8599,2.8654,2.8654,2.8644,2.8649,6
2026-04-23 07:01:00,2.8604,2.8604,2.8599,2.8599,2.8654,2.8654,2.8649,2.8649,2
2026-04-23 07:02:00,2.8594,2.8614,2.8594,2.8599,2.8644,2.8664,2.8644,2.8649,8
2026-04-23 07:03:00,2.8604,2.8614,2.8604,2.8609,2.8654,2.8664,2.8654,2.8659,4
2026-04-23 07:04:00,2.8614,2.8614,2.8614,2.8614,2.8664,2.8664,2.8664,2.8664,1
2026-04-23 07:06:00,2.8619,2.8619,2.8619,2.8619,2.8669,2.8669,2.8669,2.8669,1
2026-04-23 07:07:00,2.8614,2.8619,2.8614,2.8619,2.8664,2.8669,2.8664,2.8669,2
2026-04-23 07:08:00,2.8614,2.8619,2.8614,2.8619,2.8664,2.8669,2.8664,2.8669,2
2026-04-23 07:09:00,2.8614,2.8619,2.8604,2.8614,2.8664,2.8669,2.8654,2.8664,5
2026-04-23 07:12:00,2.8609,2.8614,2.8604,2.8614,2.8659,2.8664,2.8654,2.8664,3
2026-04-23 07:16:00,2.8624,2.8624,2.8614,2.8614,2.8674,2.8674,2.8664,2.8664,2
2026-04-23 07:17:00,2.8624,2.8624,2.8624,2.8624,2.8674,2.8674,2.8674,2.8674,1
2026-04-23 07:18:00,2.8614,2.8619,2.8614,2.8619,2.8664,2.8669,2.8664,2.8669,6
2026-04-23 07:19:00,2.8614,2.8624,2.8614,2.8619,2.8664,2.8674,2.8664,2.8669,4
2026-04-23 07:20:00,2.8614,2.8624,2.8614,2.8624,2.8664,2.8674,2.8664,2.8674,2
2026-04-23 07:21:00,2.8619,2.8619,2.8614,2.8614,2.8669,2.8669,2.8664,2.8664,2
2026-04-23 07:22:00,2.8619,2.8619,2.8619,2.8619,2.8669,2.8669,2.8669,2.8669,1
2026-04-23 07:23:00,2.8624,2.8624,2.8624,2.8624,2.8674,2.8674,2.8674,2.8674,1
2026-04-23 07:24:00,2.8614,2.8624,2.8614,2.8624,2.8664,2.8674,2.8664,2.8674,2
2026-04-23 07:25:00,2.8629,2.8629,2.8629,2.8629,2.8679,2.8679,2.8679,2.8679,1
2026-04-23 07:26:00,2.8624,2.8634,2.8624,2.8629,2.8674,2.8684,2.8674,2.8679,4
2026-04-23 07:27:00,2.8624,2.8629,2.8624,2.8629,2.8674,2.8679,2.8674,2.8679,2
2026-04-23 07:28:00,2.8624,2.8624,2.8624,2.8624,2.8674,2.8674,2.8674,2.8674,1
2026-04-23 07:29:00,2.8629,2.8629,2.8629,2.8629,2.8679,2.8679,2.8679,2.8679,1
2026-04-23 07:30:00,2.8624,2.8634,2.8624,2.8624,2.8674,2.8684,2.8674,2.8674,9
2026-04-23 07:32:00,2.8629,2.8629,2.8624,2.8624,2.8679,2.8679,2.8674,2.8674,2
2026-04-23 07:33:00,2.8614,2.8619,2.8604,2.8614,2.8664,2.8669,2.8654,2.8664,8
2026-04-23 07:34:00,2.8619,2.8619,2.8614,2.8614,2.8669,2.8669,2.8664,2.8664,2
2026-04-23 07:36:00,2.8619,2.8619,2.8614,2.8614,2.8669,2.8669,2.8664,2.8664,2
2026-04-23 07:38:00,2.8619,2.8624,2.8614,2.8624,2.8669,2.8674,2.8664,2.8674,4
2026-04-23 07:39:00,2.8619,2.8619,2.8619,2.8619,2.8669,2.8669,2.8669,2.8669,1
2026-04-23 07:41:00,2.8614,2.8614,2.8614,2.8614,2.8664,2.8664,2.8664,2.8664,1
2026-04-23 07:46:00,2.8609,2.8614,2.8609,2.8614,2.8659,2.8664,2.8659,2.8664,2
2026-04-23 07:50:00,2.8609,2.8614,2.8604,2.8604,2.8659,2.8664,2.8654,2.8654,8
2026-04-23 07:51:00,2.8599,2.8604,2.8594,2.8594,2.8649,2.8654,2.8644,2.8644,6
2026-04-23 07:52:00,2.8589,2.8589,2.8574,2.8584,2.8639,2.8639,2.8624,2.8634,3
2026-04-23 07:54:00,2.8589,2.8589,2.8579,2.8579,2.8639,2.8639,2.8629,2.8629,3
2026-04-23 07:55:00,2.8584,2.8584,2.8574,2.8584,2.8634,2.8634,2.8624,2.8634,9
2026-04-23 07:56:00,2.8579,2.8584,2.8579,2.8584,2.8629,2.8634,2.8629,2.8634,2
2026-04-23 07:58:00,2.8579,2.8584,2.8574,2.8574,2.8629,2.8634,2.8624,2.8624,9
2026-04-23 07:59:00,2.8584,2.8584,2.8574,2.8579,2.8634,2.8634,2.8624,2.8629,8
2026-04-23 08:00:00,2.8574,2.8574,2.8544,2.8574,2.8624,2.8624,2.8594,2.8624,21
2026-04-23 08:01:00,2.8569,2.8574,2.8534,2.8569,2.8619,2.8624,2.8584,2.8619,18
2026-04-23 08:02:00,2.8574,2.8589,2.8564,2.8589,2.8624,2.8639,2.8614,2.8639,9
2026-04-23 08:03:00,2.8594,2.8604,2.8584,2.8604,2.8644,2.8654,2.8634,2.8654,5
2026-04-23 08:04:00,2.8594,2.8599,2.8594,2.8594,2.8644,2.8649,2.8644,2.8644,9
2026-04-23 08:05:00,2.8599,2.8599,2.8599,2.8599,2.8649,2.8649,2.8649,2.8649,1
2026-04-23 08:06:00,2.8594,2.8594,2.8594,2.8594,2.8644,2.8644,2.8644,2.8644,1
2026-04-23 08:07:00,2.8599,2.8599,2.8584,2.8584,2.8649,2.8649,2.8634,2.8634,6
2026-04-23 08:09:00,2.8574,2.8574,2.8554,2.8554,2.8624,2.8624,2.8604,2.8604,4
2026-04-23 08:10:00,2.8559,2.8574,2.8544,2.8574,2.8609,2.8624,2.8594,2.8624,7
2026-04-23 08:11:00,2.8584,2.8594,2.8569,2.8579,2.8634,2.8644,2.8619,2.8629,15
2026-04-23 08:12:00,2.8574,2.8584,2.8574,2.8584,2.8624,2.8634,2.8624,2.8634,5
2026-04-23 08:13:00,2.8579,2.8589,2.8574,2.8584,2.8629,2.8639,2.8624,2.8634,7
2026-04-23 08:14:00,2.8579,2.8584,2.8574,2.8574,2.8629,2.8634,2.8624,2.8624,8
2026-04-23 08:15:00,2.8579,2.8584,2.8564,2.8574,2.8629,2.8634,2.8614,2.8624,8
2026-04-23 08:16:00,2.8569,2.8569,2.8569,2.8569,2.8619,2.8619,2.8619,2.8619,1
2026-04-23 08:17:00,2.8574,2.8574,2.8559,2.8569,2.8624,2.8624,2.8609,2.8619,6
2026-04-23 08:18:00,2.8564,2.8574,2.8564,2.8574,2.8614,2.8624,2.8614,2.8624,3
2026-04-23 08:19:00,2.8569,2.8574,2.8569,2.8569,2.8619,2.8624,2.8619,2.8619,5
2026-04-23 08:20:00,2.8574,2.8614,2.8574,2.8614,2.8624,2.8664,2.8624,2.8664,11
2026-04-23 08:21:00,2.8624,2.8624,2.8619,2.8619,2.8674,2.8674,2.8669,2.8669,2
2026-04-23 08:22:00,2.8614,2.8619,2.8614,2.8614,2.8664,2.8669,2.8664,2.8664,3
2026-04-23 08:23:00,2.8619,2.8624,2.8619,2.8624,2.8669,2.8674,2.8669,2.8674,2
2026-04-23 08:24:00,2.8614,2.8619,2.8604,2.8614,2.8664,2.8669,2.8654,2.8664,6
2026-04-23 08:25:00,2.8619,2.8639,2.8619,2.8634,2.8669,2.8689,2.8669,2.8684,9
2026-04-23 08:26:00,2.8624,2.8629,2.8624,2.8624,2.8674,2.8679,2.8674,2.8674,3
2026-04-23 08:27:00,2.8629,2.8629,2.8614,2.8619,2.8679,2.8679,2.8664,2.8669,6
2026-04-23 08:28:00,2.8614,2.8624,2.8604,2.8609,2.8664,2.8674,2.8654,2.8659,10
2026-04-23 08:29:00,2.8614,2.8614,2.8614,2.8614,2.8664,2.8664,2.8664,2.8664,1
2026-04-23 08:30:00,2.8619,2.8629,2.8619,2.8624,2.8669,2.8679,2.8669,2.8674,6
2026-04-23 08:31:00,2.8629,2.8629,2.8624,2.8624,2.8679,2.8679,2.8674,2.8674,6
2026-04-23 08:32:00,2.8629,2.8634,2.8624,2.8629,2.8679,2.8684,2.8674,2.8679,8
2026-04-23 08:33:00,2.8634,2.8639,2.8624,2.8634,2.8684,2.8689,2.8674,2.8684,9
2026-04-23 08:34:00,2.8639,2.8639,2.8629,2.8634,2.8689,2.8689,2.8679,2.8684,6
2026-04-23 08:35:00,2.8644,2.8644,2.8634,2.8634,2.8694,2.8694,2.8684,2.8684,7
2026-04-23 08:37:00,2.8624,2.8634,2.8624,2.8634,2.8674,2.8684,2.8674,2.8684,18
2026-04-23 08:38:00,2.8629,2.8629,2.8624,2.8624,2.8679,2.8679,2.8674,2.8674,2
2026-04-23 08:39:00,2.8634,2.8634,2.8624,2.8634,2.8684,2.8684,2.8674,2.8684,8
2026-04-23 08:40:00,2.8639,2.8639,2.8634,2.8634,2.8689,2.8689,2.8684,2.8684,2
2026-04-23 08:41:00,2.8629,2.8634,2.8629,2.8634,2.8679,2.8684,2.8679,2.8684,8
2026-04-23 08:42:00,2.8629,2.8634,2.8629,2.8634,2.8679,2.8684,2.8679,2.8684,4
2026-04-23 08:43:00,2.8629,2.8639,2.8629,2.8639,2.8679,2.8689,2.8679,2.8689,6
2026-04-23 08:44:00,2.8634,2.8639,2.8629,2.8629,2.8684,2.8689,2.8679,2.8679,24
2026-04-23 08:45:00,2.8634,2.8634,2.8624,2.8629,2.8684,2.8684,2.8674,2.8679,8
2026-04-23 08:46:00,2.8634,2.8639,2.8634,2.8634,2.8684,2.8689,2.8684,2.8684,5
2026-04-23 08:47:00,2.8639,2.8654,2.8634,2.8639,2.8689,2.8704,2.8684,2.8689,9
2026-04-23 08:48:00,2.8644,2.8649,2.8644,2.8649,2.8694,2.8699,2.8694,2.8699,2
2026-04-23 08:49:00,2.8644,2.8649,2.8644,2.8649,2.8694,2.8699,2.8694,2.8699,4
2026-04-23 08:50:00,2.8644,2.8649,2.8634,2.8634,2.8694,2.8699,2.8684,2.8684,12
2026-04-23 08:51:00,2.8639,2.8639,2.8634,2.8634,2.8689,2.8689,2.8684,2.8684,2
2026-04-23 08:52:00,2.8624,2.8634,2.8624,2.8624,2.8674,2.8684,2.8674,2.8674,4
2026-04-23 08:53:00,2.8629,2.8629,2.8604,2.8614,2.8679,2.8679,2.8654,2.8664,8
2026-04-23 08:54:00,2.8609,2.8644,2.8604,2.8639,2.8659,2.8694,2.8654,2.8689,15
2026-04-23 08:55:00,2.8644,2.8654,2.8634,2.8634,2.8694,2.8704,2.8684,2.8684,5
2026-04-23 08:56:00,2.8624,2.8629,2.8624,2.8629,2.8674,2.8679,2.8674,2.8679,2
2026-04-23 08:57:00,2.8634,2.8634,2.8614,2.8619,2.8684,2.8684,2.8664,2.8669,5
2026-04-23 08:58:00,2.8624,2.8624,2.8614,2.8614,2.8674,2.8674,2.8664,2.8664,4
2026-04-23 08:59:00,2.8619,2.8629,2.8614,2.8614,2.8669,2.8679,2.8664,2.8664,8
2026-04-23 09:00:00,2.8609,2.8624,2.8599,2.8619,2.8659,2.8674,2.8649,2.8669,20
2026-04-23 09:01:00,2.8614,2.8624,2.8614,2.8624,2.8664,2.8674,2.8664,2.8674,8
2026-04-23 09:02:00,2.8629,2.8634,2.8624,2.8634,2.8679,2.8684,2.8674,2.8684,4
2026-04-23 09:03:00,2.8644,2.8659,2.8644,2.8654,2.8694,2.8709,2.8694,2.8704,10
2026-04-23 09:04:00,2.8644,2.8644,2.8634,2.8644,2.8694,2.8694,2.8684,2.8694,6
2026-04-23 09:05:00,2.8654,2.8654,2.8624,2.8624,2.8704,2.8704,2.8674,2.8674,6
2026-04-23 09:06:00,2.8619,2.8624,2.8614,2.8619,2.8669,2.8674,2.8664,2.8669,7
2026-04-23 09:07:00,2.8624,2.8644,2.8624,2.8639,2.8674,2.8694,2.8674,2.8689,23
2026-04-23 09:08:00,2.8644,2.8644,2.8634,2.8634,2.8694,2.8694,2.8684,2.8684,4
2026-04-23 09:09:00,2.8639,2.8639,2.8634,2.8639,2.8689,2.8689,2.8684,2.8689,3
2026-04-23 09:10:00,2.8634,2.8639,2.8634,2.8634,2.8684,2.8689,2.8684,2.8684,7
2026-04-23 09:11:00,2.8639,2.8639,2.8634,2.8634,2.8689,2.8689,2.8684,2.8684,2
2026-04-23 09:12:00,2.8639,2.8644,2.8634,2.8639,2.8689,2.8694,2.8684,2.8689,9
2026-04-23 09:13:00,2.8634,2.8634,2.8634,2.8634,2.8684,2.8684,2.8684,2.8684,1
2026-04-23 09:16:00,2.8639,2.8644,2.8614,2.8624,2.8689,2.8694,2.8664,2.8674,10
2026-04-23 09:17:00,2.8634,2.8644,2.8634,2.8644,2.8684,2.8694,2.8684,2.8694,3
2026-04-23 09:18:00,2.8649,2.8649,2.8644,2.8644,2.8699,2.8699,2.8694,2.8694,2
2026-04-23 09:19:00,2.8634,2.8644,2.8634,2.8634,2.8684,2.8694,2.8684,2.8684,6
2026-04-23 09:20:00,2.8639,2.8649,2.8639,2.8649,2.8689,2.8699,2.8689,2.8699,5
2026-04-23 09:21:00,2.8644,2.8664,2.8644,2.8654,2.8694,2.8714,2.8694,2.8704,19
2026-04-23 09:22:00,2.8649,2.8654,2.8644,2.8644,2.8699,2.8704,2.8694,2.8694,20
2026-04-23 09:23:00,2.8649,2.8649,2.8644,2.8644,2.8699,2.8699,2.8694,2.8694,2
2026-04-23 09:24:00,2.8654,2.8654,2.8644,2.8644,2.8704,2.8704,2.8694,2.8694,7
2026-04-23 09:25:00,2.8634,2.8644,2.8619,2.8619,2.8684,2.8694,2.8669,2.8669,17
2026-04-23 09:26:00,2.8624,2.8629,2.8624,2.8624,2.8674,2.8679,2.8674,2.8674,11
2026-04-23 09:27:00,2.8634,2.8634,2.8619,2.8624,2.8684,2.8684,2.8669,2.8674,4
2026-04-23 09:28:00,2.8619,2.8624,2.8619,2.8624,2.8669,2.8674,2.8669,2.8674,2
2026-04-23 09:30:00,2.8614,2.8624,2.8604,2.8614,2.8664,2.8674,2.8654,2.8664,11
2026-04-23 09:31:00,2.8609,2.8614,2.8604,2.8614,2.8659,2.8664,2.8654,2.8664,4
2026-04-23 09:32:00,2.8609,2.8614,2.8604,2.8604,2.8659,2.8664,2.8654,2.8654,6
2026-04-23 09:33:00,2.8609,2.8614,2.8604,2.8609,2.8659,2.8664,2.8654,2.8659,7
2026-04-23 09:34:00,2.8604,2.8604,2.8604,2.8604,2.8654,2.8654,2.8654,2.8654,1
2026-04-23 09:35:00,2.8594,2.8594,2.8574,2.8584,2.8644,2.8644,2.8624,2.8634,14
2026-04-23 09:36:00,2.8574,2.8604,2.8574,2.8594,2.8624,2.8654,2.8624,2.8644,12
2026-04-23 09:37:00,2.8589,2.8604,2.8589,2.8604,2.8639,2.8654,2.8639,2.8654,8
2026-04-23 09:38:00,2.8609,2.8614,2.8604,2.8614,2.8659,2.8664,2.8654,2.8664,13
2026-04-23 09:39:00,2.8609,2.8614,2.8609,2.8609,2.8659,2.8664,2.8659,2.8659,15
2026-04-23 09:40:00,2.8614,2.8624,2.8609,2.8614,2.8664,2.8674,2.8659,2.8664,10
2026-04-23 09:41:00,2.8609,2.8614,2.8604,2.8614,2.8659,2.8664,2.8654,2.8664,7
2026-04-23 09:42:00,2.8619,2.8619,2.8614,2.8614,2.8669,2.8669,2.8664,2.8664,4
2026-04-23 09:43:00,2.8619,2.8619,2.8589,2.8589,2.8669,2.8669,2.8639,2.8639,15
2026-04-23 09:44:00,2.8594,2.8594,2.8564,2.8574,2.8644,2.8644,2.8614,2.8624,15
2026-04-23 09:45:00,2.8564,2.8584,2.8559,2.8584,2.8614,2.8634,2.8609,2.8634,7
2026-04-23 09:46:00,2.8579,2.8584,2.8579,2.8584,2.8629,2.8634,2.8629,2.8634,4
2026-04-23 09:48:00,2.8579,2.8579,2.8564,2.8574,2.8629,2.8629,2.8614,2.8624,6
2026-04-23 09:49:00,2.8569,2.8574,2.8544,2.8544,2.8619,2.8624,2.8594,2.8594,19
2026-04-23 09:50:00,2.8554,2.8564,2.8544,2.8564,2.8604,2.8614,2.8594,2.8614,6
2026-04-23 09:51:00,2.8569,2.8569,2.8559,2.8564,2.8619,2.8619,2.8609,2.8614,4
2026-04-23 09:52:00,2.8559,2.8574,2.8554,2.8574,2.8609,2.8624,2.8604,2.8624,19
2026-04-23 09:53:00,2.8569,2.8574,2.8564,2.8569,2.8619,2.8624,2.8614,2.8619,7
2026-04-23 09:54:00,2.8564,2.8564,2.8564,2.8564,2.8614,2.8614,2.8614,2.8614,1
2026-04-23 09:55:00,2.8559,2.8559,2.8549,2.8554,2.8609,2.8609,2.8599,2.8604,3
2026-04-23 09:56:00,2.8564,2.8574,2.8564,2.8569,2.8614,2.8624,2.8614,2.8619,5
2026-04-23 09:57:00,2.8574,2.8574,2.8564,2.8564,2.8624,2.8624,2.8614,2.8614,4
2026-04-23 09:58:00,2.8574,2.8574,2.8564,2.8564,2.8624,2.8624,2.8614,2.8614,3
2026-04-23 09:59:00,2.8559,2.8574,2.8554,2.8569,2.8609,2.8624,2.8604,2.8619,10
2026-04-23 10:00:00,2.8579,2.8584,2.8574,2.8584,2.8629,2.8634,2.8624,2.8634,4
2026-04-23 10:01:00,2.8589,2.8589,2.8584,2.8584,2.8639,2.8639,2.8634,2.8634,2
2026-04-23 10:02:00,2.8579,2.8594,2.8574,2.8594,2.8629,2.8644,2.8624,2.8644,13
2026-04-23 10:03:00,2.8584,2.8594,2.8584,2.8594,2.8634,2.8644,2.8634,2.8644,8
2026-04-23 10:04:00,2.8589,2.8589,2.8564,2.8574,2.8639,2.8639,2.8614,2.8624,7
2026-04-23 10:05:00,2.8569,2.8584,2.8569,2.8574,2.8619,2.8634,2.8619,2.8624,8
2026-04-23 10:06:00,2.8579,2.8584,2.8564,2.8584,2.8629,2.8634,2.8614,2.8634,10
2026-04-23 10:07:00,2.8579,2.8589,2.8574,2.8584,2.8629,2.8639,2.8624,2.8634,7
2026-04-23 10:09:00,2.8594,2.8594,2.8584,2.8584,2.8644,2.8644,2.8634,2.8634,2
2026-04-23 10:10:00,2.8574,2.8574,2.8564,2.8564,2.8624,2.8624,2.8614,2.8614,3
2026-04-23 10:11:00,2.8574,2.8574,2.8564,2.8574,2.8624,2.8624,2.8614,2.8624,11
2026-04-23 10:12:00,2.8569,2.8579,2.8564,2.8574,2.8619,2.8629,2.8614,2.8624,24
2026-04-23 10:13:00,2.8579,2.8579,2.8554,2.8564,2.8629,2.8629,2.8604,2.8614,21
2026-04-23 10:14:00,2.8569,2.8574,2.8569,2.8569,2.8619,2.8624,2.8619,2.8619,7
2026-04-23 10:15:00,2.8574,2.8574,2.8564,2.8564,2.8624,2.8624,2.8614,2.8614,2
2026-04-23 10:17:00,2.8569,2.8574,2.8554,2.8554,2.8619,2.8624,2.8604,2.8604,15
2026-04-23 10:18:00,2.8559,2.8569,2.8554,2.8564,2.8609,2.8619,2.8604,2.8614,7
2026-04-23 10:19:00,2.8569,2.8574,2.8564,2.8569,2.8619,2.8624,2.8614,2.8619,21
2026-04-23 10:20:00,2.8564,2.8574,2.8564,2.8574,2.8614,2.8624,2.8614,2.8624,3
2026-04-23 10:22:00,2.8579,2.8584,2.8574,2.8574,2.8629,2.8634,2.8624,2.8624,4
2026-04-23 10:23:00,2.8579,2.8584,2.8579,2.8584,2.8629,2.8634,2.8629,2.8634,2
2026-04-23 10:24:00,2.8574,2.8574,2.8564,2.8564,2.8624,2.8624,2.8614,2.8614,5
2026-04-23 10:25:00,2.8574,2.8574,2.8569,2.8569,2.8624,2.8624,2.8619,2.8619,4
2026-04-23 10:26:00,2.8574,2.8574,2.8554,2.8554,2.8624,2.8624,2.8604,2.8604,3
2026-04-23 10:27:00,2.8544,2.8554,2.8544,2.8554,2.8594,2.8604,2.8594,2.8604,2
2026-04-23 10:28:00,2.8559,2.8559,2.8544,2.8549,2.8609,2.8609,2.8594,2.8599,13
2026-04-23 10:29:00,2.8554,2.8584,2.8554,2.8574,2.8604,2.8634,2.8604,2.8624,32
2026-04-23 10:30:00,2.8579,2.8584,2.8574,2.8574,2.8629,2.8634,2.8624,2.8624,21
2026-04-23 10:31:00,2.8579,2.8584,2.8574,2.8584,2.8629,2.8634,2.8624,2.8634,11
2026-04-23 10:32:00,2.8579,2.8584,2.8579,2.8579,2.8629,2.8634,2.8629,2.8629,9
2026-04-23 10:33:00,2.8574,2.8579,2.8569,2.8569,2.8624,2.8629,2.8619,2.8619,4
2026-04-23 10:34:00,2.8574,2.8574,2.8564,2.8574,2.8624,2.8624,2.8614,2.8624,5
2026-04-23 10:35:00,2.8564,2.8584,2.8564,2.8584,2.8614,2.8634,2.8614,2.8634,7
2026-04-23 10:36:00,2.8574,2.8604,2.8574,2.8604,2.8624,2.8654,2.8624,2.8654,21
2026-04-23 10:37:00,2.8599,2.8604,2.8594,2.8594,2.8649,2.8654,2.8644,2.8644,15
2026-04-23 10:39:00,2.8589,2.8594,2.8589,2.8594,2.8639,2.8644,2.8639,2.8644,4
2026-04-23 10:40:00,2.8589,2.8624,2.8589,2.8624,2.8639,2.8674,2.8639,2.8674,25
2026-04-23 10:41:00,2.8629,2.8644,2.8624,2.8634,2.8679,2.8694,2.8674,2.8684,37
2026-04-23 10:42:00,2.8629,2.8634,2.8624,2.8629,2.8679,2.8684,2.8674,2.8679,11
2026-04-23 10:43:00,2.8624,2.8634,2.8624,2.8634,2.8674,2.8684,2.8674,2.8684,3
2026-04-23 10:44:00,2.8639,2.8644,2.8629,2.8629,2.8689,2.8694,2.8679,2.8679,11
2026-04-23 10:45:00,2.8634,2.8634,2.8624,2.8634,2.8684,2.8684,2.8674,2.8684,5
2026-04-23 10:46:00,2.8629,2.8634,2.8624,2.8634,2.8679,2.8684,2.8674,2.8684,13
2026-04-23 10:47:00,2.8624,2.8634,2.8624,2.8629,2.8674,2.8684,2.8674,2.8679,8
2026-04-23 10:48:00,2.8624,2.8629,2.8619,2.8619,2.8674,2.8679,2.8669,2.8669,4
2026-04-23 10:49:00,2.8614,2.8614,2.8594,2.8594,2.8664,2.8664,2.8644,2.8644,6
2026-04-23 10:50:00,2.8604,2.8614,2.8604,2.8609,2.8654,2.8664,2.8654,2.8659,6
2026-04-23 10:51:00,2.8604,2.8614,2.8604,2.8614,2.8654,2.8664,2.8654,2.8664,11
2026-04-23 10:52:00,2.8619,2.8629,2.8614,2.8624,2.8669,2.8679,2.8664,2.8674,10
2026-04-23 10:54:00,2.8614,2.8634,2.8614,2.8629,2.8664,2.8684,2.8664,2.8679,6
2026-04-23 10:55:00,2.8634,2.8634,2.8624,2.8634,2.8684,2.8684,2.8674,2.8684,5
2026-04-23 10:56:00,2.8629,2.8629,2.8624,2.8624,2.8679,2.8679,2.8674,2.8674,6
2026-04-23 10:57:00,2.8629,2.8634,2.8624,2.8634,2.8679,2.8684,2.8674,2.8684,8
2026-04-23 10:58:00,2.8624,2.8624,2.8624,2.8624,2.8674,2.8674,2.8674,2.8674,1
2026-04-23 10:59:00,2.8634,2.8634,2.8624,2.8634,2.8684,2.8684,2.8674,2.8684,9
2026-04-23 11:00:00,2.8629,2.8644,2.8624,2.8644,2.8679,2.8694,2.8674,2.8694,16
2026-04-23 11:01:00,2.8634,2.8639,2.8634,2.8634,2.8684,2.8689,2.8684,2.8684,3
2026-04-23 11:02:00,2.8624,2.8634,2.8624,2.8624,2.8674,2.8684,2.8674,2.8674,3
2026-04-23 11:03:00,2.8634,2.8634,2.8624,2.8624,2.8684,2.8684,2.8674,2.8674,12
2026-04-23 11:04:00,2.8634,2.8634,2.8624,2.8624,2.8684,2.8684,2.8674,2.8674,4
2026-04-23 11:05:00,2.8614,2.8629,2.8614,2.8624,2.8664,2.8679,2.8664,2.8674,7
2026-04-23 11:06:00,2.8619,2.8624,2.8614,2.8614,2.8669,2.8674,2.8664,2.8664,6
2026-04-23 11:07:00,2.8619,2.8624,2.8619,2.8624,2.8669,2.8674,2.8669,2.8674,2
2026-04-23 11:08:00,2.8634,2.8644,2.8624,2.8634,2.8684,2.8694,2.8674,2.8684,10
2026-04-23 11:09:00,2.8639,2.8644,2.8639,2.8644,2.8689,2.8694,2.8689,2.8694,2
2026-04-23 11:10:00,2.8639,2.8644,2.8634,2.8634,2.8689,2.8694,2.8684,2.8684,4
2026-04-23 11:11:00,2.8629,2.8634,2.8629,2.8634,2.8679,2.8684,2.8679,2.8684,2
2026-04-23 11:12:00,2.8624,2.8634,2.8624,2.8624,2.8674,2.8684,2.8674,2.8674,6
2026-04-23 11:13:00,2.8619,2.8624,2.8619,2.8624,2.8669,2.8674,2.8669,2.8674,2
2026-04-23 11:14:00,2.8619,2.8619,2.8614,2.8614,2.8669,2.8669,2.8664,2.8664,2
2026-04-23 11:15:00,2.8609,2.8619,2.8604,2.8604,2.8659,2.8669,2.8654,2.8654,7
2026-04-23 11:16:00,2.8614,2.8614,2.8604,2.8604,2.8664,2.8664,2.8654,2.8654,4
2026-04-23 11:17:00,2.8594,2.8594,2.8564,2.8589,2.8644,2.8644,2.8614,2.8639,20
2026-04-23 11:18:00,2.8594,2.8594,2.8554,2.8564,2.8644,2.8644,2.8604,2.8614,20
2026-04-23 11:19:00,2.8569,2.8574,2.8569,2.8574,2.8619,2.8624,2.8619,2.8624,8
2026-04-23 11:20:00,2.8584,2.8589,2.8574,2.8574,2.8634,2.8639,2.8624,2.8624,9
2026-04-23 11:21:00,2.8579,2.8584,2.8579,2.8584,2.8629,2.8634,2.8629,2.8634,8
2026-04-23 11:22:00,2.8589,2.8589,2.8584,2.8584,2.8639,2.8639,2.8634,2.8634,14
2026-04-23 11:23:00,2.8579,2.8584,2.8574,2.8574,2.8629,2.8634,2.8624,2.8624,5
2026-04-23 11:24:00,2.8579,2.8584,2.8579,2.8584,2.8629,2.8634,2.8629,2.8634,4
2026-04-23 11:25:00,2.8589,2.8594,2.8574,2.8574,2.8639,2.8644,2.8624,2.8624,10
2026-04-23 11:26:00,2.8579,2.8584,2.8574,2.8574,2.8629,2.8634,2.8624,2.8624,26
2026-04-23 11:27:00,2.8579,2.8579,2.8564,2.8569,2.8629,2.8629,2.8614,2.8619,11
2026-04-23 11:28:00,2.8574,2.8574,2.8569,2.8574,2.8624,2.8624,2.8619,2.8624,3
2026-04-23 11:29:00,2.8584,2.8584,2.8579,2.8584,2.8634,2.8634,2.8629,2.8634,3
2026-04-23 11:30:00,2.8579,2.8579,2.8564,2.8564,2.8629,2.8629,2.8614,2.8614,3
2026-04-23 11:31:00,2.8569,2.8569,2.8564,2.8564,2.8619,2.8619,2.8614,2.8614,10
2026-04-23 11:32:00,2.8569,2.8574,2.8564,2.8574,2.8619,2.8624,2.8614,2.8624,8
2026-04-23 11:33:00,2.8569,2.8574,2.8569,2.8574,2.8619,2.8624,2.8619,2.8624,6
2026-04-23 11:34:00,2.8564,2.8574,2.8564,2.8574,2.8614,2.8624,2.8614,2.8624,2
2026-04-23 11:35:00,2.8584,2.8589,2.8584,2.8584,2.8634,2.8639,2.8634,2.8634,5
2026-04-23 11:36:00,2.8579,2.8584,2.8574,2.8584,2.8629,2.8634,2.8624,2.8634,8
2026-04-23 11:38:00,2.8594,2.8604,2.8594,2.8594,2.8644,2.8654,2.8644,2.8644,4
2026-04-23 11:39:00,2.8599,2.8604,2.8594,2.8604,2.8649,2.8654,2.8644,2.8654,6
2026-04-23 11:40:00,2.8594,2.8604,2.8594,2.8604,2.8644,2.8654,2.8644,2.8654,2
2026-04-23 11:42:00,2.8609,2.8614,2.8604,2.8614,2.8659,2.8664,2.8654,2.8664,3
2026-04-23 11:43:00,2.8609,2.8614,2.8604,2.8604,2.8659,2.8664,2.8654,2.8654,4
2026-04-23 11:44:00,2.8609,2.8614,2.8604,2.8604,2.8659,2.8664,2.8654,2.8654,7
2026-04-23 11:46:00,2.8614,2.8614,2.8614,2.8614,2.8664,2.8664,2.8664,2.8664,1
2026-04-23 11:47:00,2.8619,2.8624,2.8619,2.8624,2.8669,2.8674,2.8669,2.8674,2
2026-04-23 11:48:00,2.8634,2.8664,2.8624,2.8664,2.8684,2.8714,2.8674,2.8714,19
2026-04-23 11:49:00,2.8659,2.8664,2.8649,2.8649,2.8709,2.8714,2.8699,2.8699,4
2026-04-23 11:50:00,2.8644,2.8649,2.8639,2.8644,2.8694,2.8699,2.8689,2.8694,9
2026-04-23 11:51:00,2.8639,2.8644,2.8639,2.8644,2.8689,2.8694,2.8689,2.8694,4
2026-04-23 11:52:00,2.8639,2.8639,2.8634,2.8634,2.8689,2.8689,2.8684,2.8684,2
2026-04-23 11:53:00,2.8629,2.8644,2.8624,2.8644,2.8679,2.8694,2.8674,2.8694,4
2026-04-23 11:54:00,2.8639,2.8664,2.8634,2.8664,2.8689,2.8714,2.8684,2.8714,13
2026-04-23 11:55:00,2.8674,2.8674,2.8664,2.8664,2.8724,2.8724,2.8714,2.8714,5
2026-04-23 11:56:00,2.8669,2.8674,2.8664,2.8664,2.8719,2.8724,2.8714,2.8714,3
2026-04-23 11:57:00,2.8674,2.8674,2.8664,2.8664,2.8724,2.8724,2.8714,2.8714,3
2026-04-23 11:58:00,2.8669,2.8674,2.8669,2.8674,2.8719,2.8724,2.8719,2.8724,2
2026-04-23 11:59:00,2.8679,2.8684,2.8674,2.8674,2.8729,2.8734,2.8724,2.8724,5
2026-04-23 12:00:00,2.8684,2.8684,2.8664,2.8674,2.8734,2.8734,2.8714,2.8724,6
2026-04-23 12:01:00,2.8664,2.8674,2.8664,2.8674,2.8714,2.8724,2.8714,2.8724,7
2026-04-23 12:02:00,2.8664,2.8674,2.8664,2.8674,2.8714,2.8724,2.8714,2.8724,2
2026-04-23 12:03:00,2.8664,2.8669,2.8664,2.8664,2.8714,2.8719,2.8714,2.8714,3
2026-04-23 12:04:00,2.8654,2.8674,2.8654,2.8674,2.8704,2.8724,2.8704,2.8724,4
2026-04-23 12:05:00,2.8664,2.8674,2.8664,2.8674,2.8714,2.8724,2.8714,2.8724,6
2026-04-23 12:06:00,2.8669,2.8669,2.8664,2.8664,2.8719,2.8719,2.8714,2.8714,2
2026-04-23 12:07:00,2.8659,2.8664,2.8649,2.8654,2.8709,2.8714,2.8699,2.8704,13
2026-04-23 12:08:00,2.8659,2.8664,2.8659,2.8664,2.8709,2.8714,2.8709,2.8714,2
2026-04-23 12:09:00,2.8654,2.8664,2.8654,2.8664,2.8704,2.8714,2.8704,2.8714,2
2026-04-23 12:11:00,2.8654,2.8654,2.8654,2.8654,2.8704,2.8704,2.8704,2.8704,1
2026-04-23 12:12:00,2.8664,2.8684,2.8664,2.8684,2.8714,2.8734,2.8714,2.8734,4
2026-04-23 12:13:00,2.8689,2.8704,2.8684,2.8694,2.8739,2.8754,2.8734,2.8744,7
2026-04-23 12:14:00,2.8689,2.8694,2.8684,2.8684,2.8739,2.8744,2.8734,2.8734,5
2026-04-23 12:15:00,2.8679,2.8679,2.8674,2.8679,2.8729,2.8729,2.8724,2.8729,3
2026-04-23 12:16:00,2.8684,2.8704,2.8684,2.8684,2.8734,2.8754,2.8734,2.8734,15
2026-04-23 12:17:00,2.8674,2.8684,2.8669,2.8669,2.8724,2.8734,2.8719,2.8719,4
2026-04-23 12:18:00,2.8664,2.8669,2.8664,2.8664,2.8714,2.8719,2.8714,2.8714,3
2026-04-23 12:19:00,2.8674,2.8674,2.8664,2.8664,2.8724,2.8724,2.8714,2.8714,3
2026-04-23 12:20:00,2.8669,2.8694,2.8664,2.8684,2.8719,2.8744,2.8714,2.8734,16
2026-04-23 12:21:00,2.8689,2.8694,2.8684,2.8689,2.8739,2.8744,2.8734,2.8739,10
2026-04-23 12:22:00,2.8694,2.8694,2.8674,2.8674,2.8744,2.8744,2.8724,2.8724,6
2026-04-23 12:23:00,2.8664,2.8664,2.8644,2.8654,2.8714,2.8714,2.8694,2.8704,12
2026-04-23 12:25:00,2.8659,2.8659,2.8654,2.8654,2.8709,2.8709,2.8704,2.8704,2
2026-04-23 12:26:00,2.8664,2.8664,2.8654,2.8664,2.8714,2.8714,2.8704,2.8714,7
2026-04-23 12:27:00,2.8659,2.8664,2.8644,2.8644,2.8709,2.8714,2.8694,2.8694,6
2026-04-23 12:28:00,2.8639,2.8639,2.8634,2.8634,2.8689,2.8689,2.8684,2.8684,2
2026-04-23 12:29:00,2.8644,2.8644,2.8644,2.8644,2.8694,2.8694,2.8694,2.8694,1
2026-04-23 12:30:00,2.8649,2.8654,2.8644,2.8644,2.8699,2.8704,2.8694,2.8694,3
2026-04-23 12:31:00,2.8654,2.8654,2.8654,2.8654,2.8704,2.8704,2.8704,2.8704,1
2026-04-23 12:32:00,2.8644,2.8644,2.8644,2.8644,2.8694,2.8694,2.8694,2.8694,1
2026-04-23 12:33:00,2.8654,2.8664,2.8654,2.8654,2.8704,2.8714,2.8704,2.8704,3
2026-04-23 12:34:00,2.8644,2.8644,2.8634,2.8634,2.8694,2.8694,2.8684,2.8684,4
2026-04-23 12:35:00,2.8629,2.8634,2.8604,2.8614,2.8679,2.8684,2.8654,2.8664,8
2026-04-23 12:36:00,2.8619,2.8624,2.8619,2.8624,2.8669,2.8674,2.8669,2.8674,2
2026-04-23 12:38:00,2.8629,2.8664,2.8629,2.8664,2.8679,2.8714,2.8679,2.8714,8
2026-04-23 12:39:00,2.8659,2.8659,2.8654,2.8654,2.8709,2.8709,2.8704,2.8704,2
2026-04-23 12:40:00,2.8664,2.8674,2.8654,2.8664,2.8714,2.8724,2.8704,2.8714,11
2026-04-23 12:41:00,2.8674,2.8679,2.8669,2.8669,2.8724,2.8729,2.8719,2.8719,4
2026-04-23 12:42:00,2.8659,2.8674,2.8659,2.8664,2.8709,2.8724,2.8709,2.8714,5
2026-04-23 12:43:00,2.8674,2.8694,2.8674,2.8694,2.8724,2.8744,2.8724,2.8744,5
2026-04-23 12:44:00,2.8699,2.8704,2.8694,2.8694,2.8749,2.8754,2.8744,2.8744,15
2026-04-23 12:45:00,2.8684,2.8694,2.8684,2.8684,2.8734,2.8744,2.8734,2.8734,4
2026-04-23 12:46:00,2.8689,2.8694,2.8689,2.8694,2.8739,2.8744,2.8739,2.8744,2
2026-04-23 12:47:00,2.8689,2.8704,2.8684,2.8704,2.8739,2.8754,2.8734,2.8754,8
2026-04-23 12:48:00,2.8699,2.8724,2.8699,2.8714,2.8749,2.8774,2.8749,2.8764,12
2026-04-23 12:49:00,2.8724,2.8724,2.8714,2.8714,2.8774,2.8774,2.8764,2.8764,7
2026-04-23 12:50:00,2.8719,2.8724,2.8704,2.8714,2.8769,2.8774,2.8754,2.8764,12
2026-04-23 12:51:00,2.8709,2.8709,2.8699,2.8699,2.8759,2.8759,2.8749,2.8749,3
2026-04-23 12:52:00,2.8694,2.8694,2.8674,2.8684,2.8744,2.8744,2.8724,2.8734,8
2026-04-23 12:53:00,2.8689,2.8709,2.8684,2.8704,2.8739,2.8759,2.8734,2.8754,8
2026-04-23 12:54:00,2.8699,2.8699,2.8684,2.8689,2.8749,2.8749,2.8734,2.8739,17
2026-04-23 12:55:00,2.8694,2.8694,2.8674,2.8694,2.8744,2.8744,2.8724,2.8744,14
2026-04-23 12:56:00,2.8689,2.8694,2.8684,2.8684,2.8739,2.8744,2.8734,2.8734,5
2026-04-23 12:57:00,2.8679,2.8714,2.8674,2.8684,2.8729,2.8764,2.8724,2.8734,31
2026-04-23 12:58:00,2.8679,2.8679,2.8634,2.8644,2.8729,2.8729,2.8684,2.8694,19
2026-04-23 12:59:00,2.8649,2.8674,2.8649,2.8669,2.8699,2.8724,2.8699,2.8719,10
2026-04-23 13:00:00,2.8664,2.8664,2.8644,2.8664,2.8714,2.8714,2.8694,2.8714,25
2026-04-23 13:01:00,2.8669,2.8669,2.8624,2.8634,2.8719,2.8719,2.8674,2.8684,10
2026-04-23 13:02:00,2.8639,2.8654,2.8639,2.8654,2.8689,2.8704,2.8689,2.8704,9
2026-04-23 13:03:00,2.8664,2.8674,2.8664,2.8664,2.8714,2.8724,2.8714,2.8714,6
2026-04-23 13:04:00,2.8669,2.8669,2.8654,2.8654,2.8719,2.8719,2.8704,2.8704,6
2026-04-23 13:05:00,2.8664,2.8664,2.8654,2.8654,2.8714,2.8714,2.8704,2.8704,2
2026-04-23 13:06:00,2.8664,2.8664,2.8654,2.8664,2.8714,2.8714,2.8704,2.8714,3
2026-04-23 13:07:00,2.8674,2.8674,2.8644,2.8664,2.8724,2.8724,2.8694,2.8714,13
2026-04-23 13:08:00,2.8659,2.8664,2.8654,2.8664,2.8709,2.8714,2.8704,2.8714,5
2026-04-23 13:09:00,2.8669,2.8674,2.8664,2.8669,2.8719,2.8724,2.8714,2.8719,15
2026-04-23 13:10:00,2.8664,2.8674,2.8664,2.8669,2.8714,2.8724,2.8714,2.8719,10
2026-04-23 13:11:00,2.8664,2.8684,2.8664,2.8674,2.8714,2.8734,2.8714,2.8724,15
2026-04-23 13:12:00,2.8679,2.8689,2.8679,2.8689,2.8729,2.8739,2.8729,2.8739,9
2026-04-23 13:13:00,2.8684,2.8689,2.8679,2.8679,2.8734,2.8739,2.8729,2.8729,6
2026-04-23 13:14:00,2.8674,2.8694,2.8674,2.8684,2.8724,2.8744,2.8724,2.8734,13
2026-04-23 13:15:00,2.8694,2.8719,2.8684,2.8714,2.8744,2.8769,2.8734,2.8764,24
2026-04-23 13:16:00,2.8719,2.8729,2.8719,2.8724,2.8769,2.8779,2.8769,2.8774,4
2026-04-23 13:17:00,2.8714,2.8724,2.8714,2.8714,2.8764,2.8774,2.8764,2.8764,8
2026-04-23 13:18:00,2.8704,2.8719,2.8694,2.8719,2.8754,2.8769,2.8744,2.8769,12
2026-04-23 13:19:00,2.8714,2.8734,2.8714,2.8724,2.8764,2.8784,2.8764,2.8774,13
2026-04-23 13:20:00,2.8714,2.8724,2.8714,2.8724,2.8764,2.8774,2.8764,2.8774,14
2026-04-23 13:21:00,2.8729,2.8754,2.8729,2.8749,2.8779,2.8804,2.8779,2.8799,4
2026-04-23 13:22:00,2.8754,2.8754,2.8734,2.8744,2.8804,2.8804,2.8784,2.8794,13
2026-04-23 13:23:00,2.8749,2.8774,2.8744,2.8774,2.8799,2.8824,2.8794,2.8824,32
2026-04-23 13:24:00,2.8764,2.8794,2.8764,2.8784,2.8814,2.8844,2.8814,2.8834,26
2026-04-23 13:25:00,2.8779,2.8779,2.8754,2.8764,2.8829,2.8829,2.8804,2.8814,14
2026-04-23 13:26:00,2.8759,2.8784,2.8754,2.8774,2.8809,2.8834,2.8804,2.8824,26
2026-04-23 13:27:00,2.8769,2.8774,2.8764,2.8774,2.8819,2.8824,2.8814,2.8824,23
2026-04-23 13:28:00,2.8764,2.8794,2.8764,2.8784,2.8814,2.8844,2.8814,2.8834,33
2026-04-23 13:29:00,2.8794,2.8814,2.8784,2.8809,2.8844,2.8864,2.8834,2.8859,50
2026-04-23 13:30:00,2.8814,2.8819,2.8804,2.8809,2.8864,2.8869,2.8854,2.8859,19
2026-04-23 13:31:00,2.8814,2.8844,2.8794,2.8844,2.8864,2.8894,2.8844,2.8894,13
2026-04-23 13:32:00,2.8854,2.8854,2.8834,2.8834,2.8904,2.8904,2.8884,2.8884,7
2026-04-23 13:33:00,2.8829,2.8839,2.8814,2.8824,2.8879,2.8889,2.8864,2.8874,9
2026-04-23 13:34:00,2.8829,2.8844,2.8824,2.8824,2.8879,2.8894,2.8874,2.8874,10
2026-04-23 13:35:00,2.8829,2.8829,2.8784,2.8789,2.8879,2.8879,2.8834,2.8839,28
2026-04-23 13:36:00,2.8794,2.8794,2.8754,2.8764,2.8844,2.8844,2.8804,2.8814,28
2026-04-23 13:37:00,2.8754,2.8804,2.8704,2.8784,2.8804,2.8854,2.8754,2.8834,50
2026-04-23 13:38:00,2.8774,2.8804,2.8774,2.8804,2.8824,2.8854,2.8824,2.8854,18
2026-04-23 13:39:00,2.8799,2.8799,2.8784,2.8794,2.8849,2.8849,2.8834,2.8844,6
2026-04-23 13:40:00,2.8789,2.8794,2.8784,2.8784,2.8839,2.8844,2.8834,2.8834,17
2026-04-23 13:41:00,2.8774,2.8774,2.8769,2.8774,2.8824,2.8824,2.8819,2.8824,3
2026-04-23 13:42:00,2.8769,2.8769,2.8734,2.8754,2.8819,2.8819,2.8784,2.8804,18
2026-04-23 13:43:00,2.8759,2.8774,2.8744,2.8764,2.8809,2.8824,2.8794,2.8814,12
2026-04-23 13:44:00,2.8769,2.8774,2.8714,2.8714,2.8819,2.8824,2.8764,2.8764,14
2026-04-23 13:45:00,2.8724,2.8724,2.8714,2.8714,2.8774,2.8774,2.8764,2.8764,9
2026-04-23 13:46:00,2.8704,2.8724,2.8704,2.8714,2.8754,2.8774,2.8754,2.8764,18
2026-04-23 13:47:00,2.8719,2.8719,2.8684,2.8694,2.8769,2.8769,2.8734,2.8744,23
2026-04-23 13:48:00,2.8699,2.8704,2.8684,2.8704,2.8749,2.8754,2.8734,2.8754,12
2026-04-23 13:49:00,2.8709,2.8714,2.8684,2.8684,2.8759,2.8764,2.8734,2.8734,13
2026-04-23 13:50:00,2.8694,2.8714,2.8694,2.8704,2.8744,2.8764,2.8744,2.8754,23
2026-04-23 13:51:00,2.8709,2.8714,2.8704,2.8709,2.8759,2.8764,2.8754,2.8759,10
2026-04-23 13:52:00,2.8714,2.8714,2.8684,2.8694,2.8764,2.8764,2.8734,2.8744,24
2026-04-23 13:53:00,2.8699,2.8704,2.8694,2.8704,2.8749,2.8754,2.8744,2.8754,13
2026-04-23 13:54:00,2.8694,2.8704,2.8689,2.8694,2.8744,2.8754,2.8739,2.8744,22
2026-04-23 13:55:00,2.8689,2.8724,2.8684,2.8704,2.8739,2.8774,2.8734,2.8754,38
2026-04-23 13:56:00,2.8709,2.8734,2.8704,2.8714,2.8759,2.8784,2.8754,2.8764,36
2026-04-23 13:57:00,2.8704,2.8724,2.8704,2.8714,2.8754,2.8774,2.8754,2.8764,22
2026-04-23 13:58:00,2.8719,2.8734,2.8714,2.8734,2.8769,2.8784,2.8764,2.8784,22
2026-04-23 13:59:00,2.8729,2.8754,2.8719,2.8724,2.8779,2.8804,2.8769,2.8774,32
2026-04-23 14:00:00,2.8719,2.8744,2.8714,2.8739,2.8769,2.8794,2.8764,2.8789,26
2026-04-23 14:01:00,2.8744,2.8754,2.8714,2.8744,2.8794,2.8804,2.8764,2.8794,20
2026-04-23 14:02:00,2.8749,2.8749,2.8724,2.8729,2.8799,2.8799,2.8774,2.8779,11
2026-04-23 14:03:00,2.8734,2.8734,2.8724,2.8724,2.8784,2.8784,2.8774,2.8774,12
2026-04-23 14:04:00,2.8734,2.8734,2.8724,2.8724,2.8784,2.8784,2.8774,2.8774,4
2026-04-23 14:05:00,2.8714,2.8714,2.8684,2.8704,2.8764,2.8764,2.8734,2.8754,13
2026-04-23 14:06:00,2.8694,2.8694,2.8594,2.8654,2.8744,2.8744,2.8644,2.8704,87
2026-04-23 14:07:00,2.8659,2.8664,2.8624,2.8644,2.8709,2.8714,2.8674,2.8694,46
2026-04-23 14:08:00,2.8639,2.8654,2.8604,2.8604,2.8689,2.8704,2.8654,2.8654,34
2026-04-23 14:09:00,2.8594,2.8614,2.8584,2.8594,2.8644,2.8664,2.8634,2.8644,31
2026-04-23 14:10:00,2.8584,2.8594,2.8559,2.8569,2.8634,2.8644,2.8609,2.8619,21
2026-04-23 14:11:00,2.8564,2.8564,2.8464,2.8494,2.8614,2.8614,2.8514,2.8544,62
2026-04-23 14:12:00,2.8504,2.8504,2.8414,2.8474,2.8554,2.8554,2.8464,2.8524,91
2026-04-23 14:13:00,2.8479,2.8494,2.8464,2.8464,2.8529,2.8544,2.8514,2.8514,39
2026-04-23 14:14:00,2.8469,2.8474,2.8444,2.8469,2.8519,2.8524,2.8494,2.8519,52
2026-04-23 14:15:00,2.8474,2.8484,2.8464,2.8484,2.8524,2.8534,2.8514,2.8534,48
2026-04-23 14:16:00,2.8489,2.8524,2.8484,2.8504,2.8539,2.8574,2.8534,2.8554,40
2026-04-23 14:17:00,2.8499,2.8504,2.8464,2.8479,2.8549,2.8554,2.8514,2.8529,50
2026-04-23 14:18:00,2.8474,2.8474,2.8424,2.8429,2.8524,2.8524,2.8474,2.8479,40
2026-04-23 14:19:00,2.8434,2.8474,2.8404,2.8474,2.8484,2.8524,2.8454,2.8524,45
2026-04-23 14:20:00,2.8479,2.8494,2.8469,2.8494,2.8529,2.8544,2.8519,2.8544,37
2026-04-23 14:21:00,2.8489,2.8514,2.8474,2.8504,2.8539,2.8564,2.8524,2.8554,25
2026-04-23 14:22:00,2.8494,2.8504,2.8484,2.8504,2.8544,2.8554,2.8534,2.8554,16
2026-04-23 14:23:00,2.8494,2.8524,2.8494,2.8509,2.8544,2.8574,2.8544,2.8559,32
2026-04-23 14:24:00,2.8514,2.8514,2.8494,2.8499,2.8564,2.8564,2.8544,2.8549,25
2026-04-23 14:25:00,2.8494,2.8504,2.8424,2.8434,2.8544,2.8554,2.8474,2.8484,36
2026-04-23 14:26:00,2.8439,2.8454,2.8424,2.8439,2.8489,2.8504,2.8474,2.8489,22
2026-04-23 14:27:00,2.8444,2.8459,2.8434,2.8444,2.8494,2.8509,2.8484,2.8494,25
2026-04-23 14:28:00,2.8439,2.8454,2.8404,2.8404,2.8489,2.8504,2.8454,2.8454,24
2026-04-23 14:29:00,2.8409,2.8409,2.8304,2.8334,2.8459,2.8459,2.8354,2.8384,50
2026-04-23 14:30:00,2.8319,2.8344,2.8274,2.8284,2.8369,2.8394,2.8324,2.8334,73
2026-04-23 14:31:00,2.8279,2.8279,2.8224,2.8234,2.8329,2.8329,2.8274,2.8284,74
2026-04-23 14:32:00,2.8224,2.8244,2.8204,2.8204,2.8274,2.8294,2.8254,2.8254,53
2026-04-23 14:33:00,2.8199,2.8214,2.8184,2.8204,2.8249,2.8264,2.8234,2.8254,72
2026-04-23 14:34:00,2.8194,2.8194,2.8174,2.8184,2.8244,2.8244,2.8224,2.8234,40
2026-04-23 14:35:00,2.8174,2.8204,2.8174,2.8194,2.8224,2.8254,2.8224,2.8244,40
2026-04-23 14:36:00,2.8199,2.8214,2.8179,2.8204,2.8249,2.8264,2.8229,2.8254,48
2026-04-23 14:37:00,2.8209,2.8214,2.8084,2.8134,2.8259,2.8264,2.8134,2.8184,85
2026-04-23 14:38:00,2.8124,2.8144,2.8104,2.8139,2.8174,2.8194,2.8154,2.8189,42
2026-04-23 14:39:00,2.8134,2.8184,2.8134,2.8184,2.8184,2.8234,2.8184,2.8234,45
2026-04-23 14:40:00,2.8194,2.8214,2.8194,2.8214,2.8244,2.8264,2.8244,2.8264,19
2026-04-23 14:41:00,2.8209,2.8224,2.8174,2.8224,2.8259,2.8274,2.8224,2.8274,25
2026-04-23 14:42:00,2.8229,2.8244,2.8219,2.8224,2.8279,2.8294,2.8269,2.8274,27
2026-04-23 14:43:00,2.8229,2.8244,2.8219,2.8234,2.8279,2.8294,2.8269,2.8284,19
2026-04-23 14:44:00,2.8244,2.8264,2.8244,2.8254,2.8294,2.8314,2.8294,2.8304,44
2026-04-23 14:45:00,2.8259,2.8269,2.8194,2.8264,2.8309,2.8319,2.8244,2.8314,64
2026-04-23 14:46:00,2.8274,2.8304,2.8224,2.8274,2.8324,2.8354,2.8274,2.8324,115
2026-04-23 14:47:00,2.8279,2.8304,2.8264,2.8294,2.8329,2.8354,2.8314,2.8344,33
2026-04-23 14:48:00,2.8299,2.8304,2.8274,2.8294,2.8349,2.8354,2.8324,2.8344,49
2026-04-23 14:49:00,2.8284,2.8284,2.8254,2.8269,2.8334,2.8334,2.8304,2.8319,38
2026-04-23 14:50:00,2.8274,2.8284,2.8254,2.8284,2.8324,2.8334,2.8304,2.8334,22
2026-04-23 14:51:00,2.8289,2.8294,2.8269,2.8274,2.8339,2.8344,2.8319,2.8324,21
2026-04-23 14:52:00,2.8269,2.8274,2.8254,2.8269,2.8319,2.8324,2.8304,2.8319,23
2026-04-23 14:53:00,2.8264,2.8274,2.8204,2.8214,2.8314,2.8324,2.8254,2.8264,25
2026-04-23 14:54:00,2.8219,2.8219,2.8194,2.8194,2.8269,2.8269,2.8244,2.8244,15
2026-04-23 14:55:00,2.8189,2.8189,2.8154,2.8174,2.8239,2.8239,2.8204,2.8224,22
2026-04-23 14:56:00,2.8164,2.8184,2.8134,2.8144,2.8214,2.8234,2.8184,2.8194,29
2026-04-23 14:57:00,2.8149,2.8174,2.8134,2.8174,2.8199,2.8224,2.8184,2.8224,45
2026-04-23 14:58:00,2.8164,2.8199,2.8164,2.8189,2.8214,2.8249,2.8214,2.8239,25
2026-04-23 14:59:00,2.8184,2.8194,2.8174,2.8174,2.8234,2.8244,2.8224,2.8224,28
2026-04-23 15:00:00,2.8179,2.8184,2.8134,2.8184,2.8229,2.8234,2.8184,2.8234,74
2026-04-23 15:01:00,2.8194,2.8204,2.8169,2.8194,2.8244,2.8254,2.8219,2.8244,21
2026-04-23 15:02:00,2.8199,2.8224,2.8119,2.8144,2.8249,2.8274,2.8169,2.8194,60
2026-04-23 15:03:00,2.8124,2.8154,2.8109,2.8144,2.8174,2.8204,2.8159,2.8194,24
2026-04-23 15:04:00,2.8154,2.8164,2.8124,2.8164,2.8204,2.8214,2.8174,2.8214,27
2026-04-23 15:05:00,2.8154,2.8154,2.8054,2.8064,2.8204,2.8204,2.8104,2.8114,70
2026-04-23 15:06:00,2.8069,2.8084,2.8044,2.8084,2.8119,2.8134,2.8094,2.8134,26
2026-04-23 15:07:00,2.8074,2.8089,2.8024,2.8084,2.8124,2.8139,2.8074,2.8134,50
2026-04-23 15:08:00,2.8079,2.8114,2.8079,2.8094,2.8129,2.8164,2.8129,2.8144,10
2026-04-23 15:09:00,2.8084,2.8104,2.8074,2.8079,2.8134,2.8154,2.8124,2.8129,23
2026-04-23 15:10:00,2.8064,2.8089,2.7994,2.8004,2.8114,2.8139,2.8044,2.8054,30
2026-04-23 15:11:00,2.7999,2.8014,2.7974,2.7984,2.8049,2.8064,2.8024,2.8034,44
2026-04-23 15:12:00,2.7974,2.8004,2.7974,2.7974,2.8024,2.8054,2.8024,2.8024,17
2026-04-23 15:13:00,2.7984,2.8004,2.7984,2.7994,2.8034,2.8054,2.8034,2.8044,16
2026-04-23 15:14:00,2.7984,2.7984,2.7864,2.7894,2.8034,2.8034,2.7914,2.7944,80
2026-04-23 15:15:00,2.7889,2.7924,2.7874,2.7914,2.7939,2.7974,2.7924,2.7964,34
2026-04-23 15:16:00,2.7924,2.7944,2.7899,2.7919,2.7974,2.7994,2.7949,2.7969,41
2026-04-23 15:17:00,2.7904,2.7954,2.7904,2.7954,2.7954,2.8004,2.7954,2.8004,46
2026-04-23 15:18:00,2.7944,2.7944,2.7904,2.7924,2.7994,2.7994,2.7954,2.7974,45
2026-04-23 15:19:00,2.7929,2.7934,2.7914,2.7934,2.7979,2.7984,2.7964,2.7984,14
2026-04-23 15:20:00,2.7929,2.7934,2.7894,2.7899,2.7979,2.7984,2.7944,2.7949,48
2026-04-23 15:21:00,2.7889,2.7914,2.7884,2.7914,2.7939,2.7964,2.7934,2.7964,50
2026-04-23 15:22:00,2.7909,2.7964,2.7904,2.7964,2.7959,2.8014,2.7954,2.8014,29
2026-04-23 15:23:00,2.7974,2.7984,2.7949,2.7959,2.8024,2.8034,2.7999,2.8009,26
2026-04-23 15:24:00,2.7954,2.7984,2.7949,2.7964,2.8004,2.8034,2.7999,2.8014,24
2026-04-23 15:25:00,2.7974,2.7974,2.7949,2.7949,2.8024,2.8024,2.7999,2.7999,12
2026-04-23 15:26:00,2.7954,2.7984,2.7944,2.7979,2.8004,2.8034,2.7994,2.8029,26
2026-04-23 15:27:00,2.7984,2.8009,2.7964,2.8004,2.8034,2.8059,2.8014,2.8054,22
2026-04-23 15:28:00,2.7999,2.8014,2.7994,2.8009,2.8049,2.8064,2.8044,2.8059,20
2026-04-23 15:29:00,2.7999,2.7999,2.7964,2.7974,2.8049,2.8049,2.8014,2.8024,35
2026-04-23 15:30:00,2.7984,2.7994,2.7939,2.7944,2.8034,2.8044,2.7989,2.7994,38
2026-04-23 15:31:00,2.7949,2.7954,2.7929,2.7949,2.7999,2.8004,2.7979,2.7999,23
2026-04-23 15:32:00,2.7959,2.7974,2.7944,2.7954,2.8009,2.8024,2.7994,2.8004,14
2026-04-23 15:33:00,2.7959,2.7984,2.7954,2.7964,2.8009,2.8034,2.8004,2.8014,25
2026-04-23 15:34:00,2.7974,2.7984,2.7929,2.7954,2.8024,2.8034,2.7979,2.8004,34
2026-04-23 15:35:00,2.7959,2.7959,2.7934,2.7944,2.8009,2.8009,2.7984,2.7994,25
2026-04-23 15:36:00,2.7949,2.7959,2.7934,2.7944,2.7999,2.8009,2.7984,2.7994,13
2026-04-23 15:37:00,2.7949,2.7954,2.7944,2.7949,2.7999,2.8004,2.7994,2.7999,11
2026-04-23 15:38:00,2.7954,2.7969,2.7934,2.7934,2.8004,2.8019,2.7984,2.7984,26
2026-04-23 15:39:00,2.7929,2.7934,2.7914,2.7924,2.7979,2.7984,2.7964,2.7974,16
2026-04-23 15:40:00,2.7919,2.7919,2.7864,2.7884,2.7969,2.7969,2.7914,2.7934,17
2026-04-23 15:41:00,2.7874,2.7904,2.7874,2.7884,2.7924,2.7954,2.7924,2.7934,36
2026-04-23 15:42:00,2.7879,2.7894,2.7864,2.7884,2.7929,2.7944,2.7914,2.7934,25
2026-04-23 15:43:00,2.7889,2.7894,2.7874,2.7884,2.7939,2.7944,2.7924,2.7934,14
2026-04-23 15:44:00,2.7889,2.7904,2.7889,2.7904,2.7939,2.7954,2.7939,2.7954,25
2026-04-23 15:45:00,2.7899,2.7954,2.7899,2.7944,2.7949,2.8004,2.7949,2.7994,31
2026-04-23 15:46:00,2.7934,2.7934,2.7874,2.7879,2.7984,2.7984,2.7924,2.7929,22
2026-04-23 15:47:00,2.7874,2.7894,2.7874,2.7884,2.7924,2.7944,2.7924,2.7934,14
2026-04-23 15:48:00,2.7874,2.7884,2.7854,2.7864,2.7924,2.7934,2.7904,2.7914,20
2026-04-23 15:49:00,2.7869,2.7884,2.7854,2.7854,2.7919,2.7934,2.7904,2.7904,13
2026-04-23 15:50:00,2.7859,2.7894,2.7859,2.7894,2.7909,2.7944,2.7909,2.7944,26
2026-04-23 15:51:00,2.7889,2.7894,2.7864,2.7874,2.7939,2.7944,2.7914,2.7924,26
2026-04-23 15:52:00,2.7869,2.7884,2.7869,2.7884,2.7919,2.7934,2.7919,2.7934,7
2026-04-23 15:53:00,2.7879,2.7879,2.7864,2.7864,2.7929,2.7929,2.7914,2.7914,9
2026-04-23 15:54:00,2.7859,2.7874,2.7854,2.7874,2.7909,2.7924,2.7904,2.7924,40
2026-04-23 15:55:00,2.7869,2.7869,2.7834,2.7844,2.7919,2.7919,2.7884,2.7894,25
2026-04-23 15:56:00,2.7849,2.7854,2.7834,2.7844,2.7899,2.7904,2.7884,2.7894,22
2026-04-23 15:57:00,2.7849,2.7874,2.7844,2.7864,2.7899,2.7924,2.7894,2.7914,21
2026-04-23 15:58:00,2.7874,2.7884,2.7874,2.7884,2.7924,2.7934,2.7924,2.7934,7
2026-04-23 15:59:00,2.7894,2.7894,2.7879,2.7894,2.7944,2.7944,2.7929,2.7944,52
2026-04-23 16:00:00,2.7884,2.7924,2.7874,2.7919,2.7934,2.7974,2.7924,2.7969,82
2026-04-23 16:01:00,2.7909,2.7954,2.7904,2.7929,2.7959,2.8004,2.7954,2.7979,118
2026-04-23 16:02:00,2.7924,2.7924,2.7884,2.7884,2.7974,2.7974,2.7934,2.7934,48
2026-04-23 16:03:00,2.7894,2.7904,2.7869,2.7869,2.7944,2.7954,2.7919,2.7919,42
2026-04-23 16:04:00,2.7884,2.7894,2.7884,2.7884,2.7934,2.7944,2.7934,2.7934,62
2026-04-23 16:05:00,2.7874,2.7884,2.7854,2.7864,2.7924,2.7934,2.7904,2.7914,23
2026-04-23 16:06:00,2.7874,2.7884,2.7869,2.7884,2.7924,2.7934,2.7919,2.7934,13
2026-04-23 16:07:00,2.7889,2.7889,2.7849,2.7854,2.7939,2.7939,2.7899,2.7904,14
2026-04-23 16:08:00,2.7849,2.7854,2.7834,2.7844,2.7899,2.7904,2.7884,2.7894,21
2026-04-23 16:09:00,2.7839,2.7854,2.7834,2.7834,2.7889,2.7904,2.7884,2.7884,35
2026-04-23 16:10:00,2.7824,2.7844,2.7824,2.7839,2.7874,2.7894,2.7874,2.7889,17
2026-04-23 16:11:00,2.7834,2.7854,2.7834,2.7834,2.7884,2.7904,2.7884,2.7884,15
2026-04-23 16:12:00,2.7824,2.7854,2.7824,2.7849,2.7874,2.7904,2.7874,2.7899,29
2026-04-23 16:13:00,2.7844,2.7874,2.7844,2.7874,2.7894,2.7924,2.7894,2.7924,26
2026-04-23 16:14:00,2.7884,2.7884,2.7864,2.7864,2.7934,2.7934,2.7914,2.7914,20
2026-04-23 16:15:00,2.7869,2.7874,2.7864,2.7864,2.7919,2.7924,2.7914,2.7914,14
2026-04-23 16:16:00,2.7854,2.7874,2.7854,2.7869,2.7904,2.7924,2.7904,2.7919,15
2026-04-23 16:17:00,2.7864,2.7914,2.7864,2.7894,2.7914,2.7964,2.7914,2.7944,24
2026-04-23 16:18:00,2.7889,2.7889,2.7874,2.7879,2.7939,2.7939,2.7924,2.7929,19
2026-04-23 16:19:00,2.7884,2.7884,2.7864,2.7864,2.7934,2.7934,2.7914,2.7914,8
2026-04-23 16:20:00,2.7859,2.7894,2.7854,2.7894,2.7909,2.7944,2.7904,2.7944,21
2026-04-23 16:21:00,2.7889,2.7894,2.7854,2.7854,2.7939,2.7944,2.7904,2.7904,11
2026-04-23 16:22:00,2.7864,2.7879,2.7864,2.7874,2.7914,2.7929,2.7914,2.7924,10
2026-04-23 16:23:00,2.7884,2.7884,2.7874,2.7874,2.7934,2.7934,2.7924,2.7924,9
2026-04-23 16:24:00,2.7879,2.7894,2.7874,2.7874,2.7929,2.7944,2.7924,2.7924,12
2026-04-23 16:25:00,2.7884,2.7894,2.7874,2.7894,2.7934,2.7944,2.7924,2.7944,20
2026-04-23 16:26:00,2.7904,2.7924,2.7894,2.7914,2.7954,2.7974,2.7944,2.7964,25
2026-04-23 16:27:00,2.7904,2.7934,2.7904,2.7924,2.7954,2.7984,2.7954,2.7974,25
2026-04-23 16:28:00,2.7929,2.8014,2.7929,2.7959,2.7979,2.8064,2.7979,2.8009,88
2026-04-23 16:29:00,2.7964,2.7964,2.7929,2.7939,2.8014,2.8014,2.7979,2.7989,44
2026-04-23 16:30:00,2.7944,2.7944,2.7674,2.7704,2.7994,2.7994,2.7724,2.7754,239
2026-04-23 16:31:00,2.7714,2.7754,2.7689,2.7734,2.7764,2.7804,2.7739,2.7784,89
2026-04-23 16:32:00,2.7724,2.7784,2.7724,2.7764,2.7774,2.7834,2.7774,2.7814,36
2026-04-23 16:33:00,2.7774,2.7784,2.7724,2.7724,2.7824,2.7834,2.7774,2.7774,33
2026-04-23 16:34:00,2.7719,2.7739,2.7664,2.7714,2.7769,2.7789,2.7714,2.7764,76
2026-04-23 16:35:00,2.7709,2.7734,2.7689,2.7709,2.7759,2.7784,2.7739,2.7759,54
2026-04-23 16:36:00,2.7704,2.7704,2.7664,2.7674,2.7754,2.7754,2.7714,2.7724,42
2026-04-23 16:37:00,2.7679,2.7684,2.7634,2.7654,2.7729,2.7734,2.7684,2.7704,37
2026-04-23 16:38:00,2.7644,2.7664,2.7644,2.7659,2.7694,2.7714,2.7694,2.7709,40
2026-04-23 16:39:00,2.7664,2.7664,2.7584,2.7604,2.7714,2.7714,2.7634,2.7654,71
2026-04-23 16:40:00,2.7609,2.7624,2.7584,2.7594,2.7659,2.7674,2.7634,2.7644,48
2026-04-23 16:41:00,2.7584,2.7589,2.7534,2.7574,2.7634,2.7639,2.7584,2.7624,48
2026-04-23 16:42:00,2.7564,2.7564,2.7529,2.7534,2.7614,2.7614,2.7579,2.7584,56
2026-04-23 16:43:00,2.7544,2.7544,2.7504,2.7509,2.7594,2.7594,2.7554,2.7559,39
2026-04-23 16:44:00,2.7514,2.7524,2.7484,2.7494,2.7564,2.7574,2.7534,2.7544,38
2026-04-23 16:45:00,2.7484,2.7514,2.7474,2.7509,2.7534,2.7564,2.7524,2.7559,68
2026-04-23 16:46:00,2.7504,2.7544,2.7494,2.7534,2.7554,2.7594,2.7544,2.7584,36
2026-04-23 16:47:00,2.7539,2.7544,2.7514,2.7534,2.7589,2.7594,2.7564,2.7584,63
2026-04-23 16:48:00,2.7524,2.7529,2.7499,2.7509,2.7574,2.7579,2.7549,2.7559,23
2026-04-23 16:49:00,2.7514,2.7514,2.7469,2.7494,2.7564,2.7564,2.7519,2.7544,32
2026-04-23 16:50:00,2.7499,2.7524,2.7499,2.7524,2.7549,2.7574,2.7549,2.7574,25
2026-04-23 16:51:00,2.7519,2.7544,2.7514,2.7534,2.7569,2.7594,2.7564,2.7584,37
2026-04-23 16:52:00,2.7529,2.7534,2.7494,2.7499,2.7579,2.7584,2.7544,2.7549,27
2026-04-23 16:53:00,2.7504,2.7504,2.7474,2.7494,2.7554,2.7554,2.7524,2.7544,31
2026-04-23 16:54:00,2.7484,2.7504,2.7474,2.7474,2.7534,2.7554,2.7524,2.7524,15
2026-04-23 16:55:00,2.7479,2.7504,2.7464,2.7499,2.7529,2.7554,2.7514,2.7549,32
2026-04-23 16:56:00,2.7494,2.7514,2.7494,2.7499,2.7544,2.7564,2.7544,2.7549,21
2026-04-23 16:57:00,2.7494,2.7534,2.7494,2.7504,2.7544,2.7584,2.7544,2.7554,26
2026-04-23 16:58:00,2.7509,2.7524,2.7504,2.7504,2.7559,2.7574,2.7554,2.7554,13
2026-04-23 16:59:00,2.7494,2.7514,2.7474,2.7484,2.7544,2.7564,2.7524,2.7534,41
2026-04-23 17:00:00,2.7479,2.7494,2.7474,2.7494,2.7529,2.7544,2.7524,2.7544,23
2026-04-23 17:01:00,2.7489,2.7504,2.7474,2.7474,2.7539,2.7554,2.7524,2.7524,32
2026-04-23 17:02:00,2.7464,2.7474,2.7434,2.7464,2.7514,2.7524,2.7484,2.7514,43
2026-04-23 17:03:00,2.7454,2.7484,2.7454,2.7474,2.7504,2.7534,2.7504,2.7524,31
2026-04-23 17:04:00,2.7464,2.7484,2.7464,2.7469,2.7514,2.7534,2.7514,2.7519,24
2026-04-23 17:05:00,2.7474,2.7499,2.7474,2.7499,2.7524,2.7549,2.7524,2.7549,14
2026-04-23 17:06:00,2.7494,2.7524,2.7494,2.7504,2.7544,2.7574,2.7544,2.7554,30
2026-04-23 17:07:00,2.7514,2.7514,2.7474,2.7504,2.7564,2.7564,2.7524,2.7554,31
2026-04-23 17:08:00,2.7509,2.7529,2.7509,2.7514,2.7559,2.7579,2.7559,2.7564,13
2026-04-23 17:09:00,2.7519,2.7524,2.7504,2.7514,2.7569,2.7574,2.7554,2.7564,30
2026-04-23 17:10:00,2.7504,2.7554,2.7504,2.7544,2.7554,2.7604,2.7554,2.7594,27
2026-04-23 17:11:00,2.7534,2.7564,2.7534,2.7549,2.7584,2.7614,2.7584,2.7599,34
2026-04-23 17:12:00,2.7544,2.7574,2.7544,2.7574,2.7594,2.7624,2.7594,2.7624,27
2026-04-23 17:13:00,2.7569,2.7574,2.7564,2.7574,2.7619,2.7624,2.7614,2.7624,15
2026-04-23 17:14:00,2.7579,2.7634,2.7579,2.7614,2.7629,2.7684,2.7629,2.7664,52
2026-04-23 17:15:00,2.7619,2.7624,2.7534,2.7534,2.7669,2.7674,2.7584,2.7584,40
2026-04-23 17:16:00,2.7544,2.7544,2.7524,2.7534,2.7594,2.7594,2.7574,2.7584,21
2026-04-23 17:17:00,2.7524,2.7534,2.7524,2.7524,2.7574,2.7584,2.7574,2.7574,18
2026-04-23 17:18:00,2.7529,2.7529,2.7504,2.7504,2.7579,2.7579,2.7554,2.7554,11
2026-04-23 17:19:00,2.7494,2.7514,2.7494,2.7504,2.7544,2.7564,2.7544,2.7554,4
2026-04-23 17:20:00,2.7514,2.7514,2.7514,2.7514,2.7564,2.7564,2.7564,2.7564,1
2026-04-23 17:21:00,2.7504,2.7514,2.7494,2.7499,2.7554,2.7564,2.7544,2.7549,15
2026-04-23 17:22:00,2.7504,2.7514,2.7494,2.7494,2.7554,2.7564,2.7544,2.7544,13
2026-04-23 17:23:00,2.7504,2.7504,2.7484,2.7484,2.7554,2.7554,2.7534,2.7534,9
2026-04-23 17:24:00,2.7474,2.7504,2.7474,2.7499,2.7524,2.7554,2.7524,2.7549,21
2026-04-23 17:25:00,2.7504,2.7504,2.7494,2.7504,2.7554,2.7554,2.7544,2.7554,16
2026-04-23 17:26:00,2.7499,2.7514,2.7494,2.7504,2.7549,2.7564,2.7544,2.7554,16
2026-04-23 17:27:00,2.7494,2.7524,2.7494,2.7524,2.7544,2.7574,2.7544,2.7574,28
2026-04-23 17:28:00,2.7534,2.7534,2.7524,2.7524,2.7584,2.7584,2.7574,2.7574,18
2026-04-23 17:29:00,2.7534,2.7534,2.7524,2.7534,2.7584,2.7584,2.7574,2.7584,23
2026-04-23 17:30:00,2.7544,2.7564,2.7529,2.7554,2.7594,2.7614,2.7579,2.7604,32
2026-04-23 17:31:00,2.7559,2.7564,2.7509,2.7509,2.7609,2.7614,2.7559,2.7559,37
2026-04-23 17:32:00,2.7499,2.7499,2.7474,2.7484,2.7549,2.7549,2.7524,2.7534,23
2026-04-23 17:33:00,2.7474,2.7494,2.7464,2.7474,2.7524,2.7544,2.7514,2.7524,16
2026-04-23 17:34:00,2.7484,2.7494,2.7464,2.7474,2.7534,2.7544,2.7514,2.7524,33
2026-04-23 17:35:00,2.7469,2.7474,2.7469,2.7474,2.7519,2.7524,2.7519,2.7524,2
2026-04-23 17:36:00,2.7464,2.7474,2.7439,2.7444,2.7514,2.7524,2.7489,2.7494,15
2026-04-23 17:37:00,2.7434,2.7444,2.7364,2.7374,2.7484,2.7494,2.7414,2.7424,53
2026-04-23 17:38:00,2.7369,2.7374,2.7334,2.7374,2.7419,2.7424,2.7384,2.7424,26
2026-04-23 17:39:00,2.7369,2.7384,2.7364,2.7374,2.7419,2.7434,2.7414,2.7424,22
2026-04-23 17:40:00,2.7364,2.7374,2.7354,2.7364,2.7414,2.7424,2.7404,2.7414,17
2026-04-23 17:41:00,2.7359,2.7374,2.7334,2.7349,2.7409,2.7424,2.7384,2.7399,34
2026-04-23 17:42:00,2.7354,2.7384,2.7349,2.7374,2.7404,2.7434,2.7399,2.7424,22
2026-04-23 17:43:00,2.7364,2.7384,2.7354,2.7384,2.7414,2.7434,2.7404,2.7434,24
2026-04-23 17:44:00,2.7374,2.7394,2.7369,2.7384,2.7424,2.7444,2.7419,2.7434,20
2026-04-23 17:45:00,2.7389,2.7404,2.7389,2.7394,2.7439,2.7454,2.7439,2.7444,16
2026-04-23 17:46:00,2.7389,2.7394,2.7374,2.7384,2.7439,2.7444,2.7424,2.7434,13
2026-04-23 17:47:00,2.7374,2.7384,2.7354,2.7374,2.7424,2.7434,2.7404,2.7424,22
2026-04-23 17:48:00,2.7384,2.7394,2.7364,2.7394,2.7434,2.7444,2.7414,2.7444,14
2026-04-23 17:49:00,2.7389,2.7394,2.7374,2.7374,2.7439,2.7444,2.7424,2.7424,6
2026-04-23 17:50:00,2.7369,2.7384,2.7364,2.7374,2.7419,2.7434,2.7414,2.7424,23
2026-04-23 17:51:00,2.7379,2.7379,2.7354,2.7364,2.7429,2.7429,2.7404,2.7414,16
2026-04-23 17:52:00,2.7359,2.7374,2.7354,2.7364,2.7409,2.7424,2.7404,2.7414,17
2026-04-23 17:53:00,2.7369,2.7374,2.7364,2.7374,2.7419,2.7424,2.7414,2.7424,8
2026-04-23 17:54:00,2.7379,2.7399,2.7374,2.7394,2.7429,2.7449,2.7424,2.7444,15
2026-04-23 17:55:00,2.7389,2.7389,2.7354,2.7364,2.7439,2.7439,2.7404,2.7414,9
2026-04-23 17:56:00,2.7359,2.7364,2.7354,2.7354,2.7409,2.7414,2.7404,2.7404,27
2026-04-23 17:57:00,2.7349,2.7354,2.7344,2.7354,2.7399,2.7404,2.7394,2.7404,25
2026-04-23 17:58:00,2.7349,2.7374,2.7344,2.7374,2.7399,2.7424,2.7394,2.7424,11
2026-04-23 17:59:00,2.7364,2.7414,2.7364,2.7389,2.7414,2.7464,2.7414,2.7439,17
2026-04-23 18:00:00,2.7394,2.7414,2.7384,2.7404,2.7444,2.7464,2.7434,2.7454,20
2026-04-23 18:01:00,2.7409,2.7459,2.7404,2.7459,2.7459,2.7509,2.7454,2.7509,18
2026-04-23 18:02:00,2.7469,2.7494,2.7434,2.7434,2.7519,2.7544,2.7484,2.7484,32
2026-04-23 18:03:00,2.7439,2.7444,2.7414,2.7414,2.7489,2.7494,2.7464,2.7464,26
2026-04-23 18:04:00,2.7424,2.7424,2.7404,2.7404,2.7474,2.7474,2.7454,2.7454,5
2026-04-23 18:05:00,2.7399,2.7414,2.7394,2.7404,2.7449,2.7464,2.7444,2.7454,16
2026-04-23 18:06:00,2.7399,2.7399,2.7374,2.7374,2.7449,2.7449,2.7424,2.7424,9
2026-04-23 18:07:00,2.7364,2.7384,2.7364,2.7374,2.7414,2.7434,2.7414,2.7424,16
2026-04-23 18:08:00,2.7364,2.7374,2.7364,2.7374,2.7414,2.7424,2.7414,2.7424,7
2026-04-23 18:09:00,2.7369,2.7374,2.7354,2.7364,2.7419,2.7424,2.7404,2.7414,20
2026-04-23 18:10:00,2.7359,2.7374,2.7354,2.7354,2.7409,2.7424,2.7404,2.7404,17
2026-04-23 18:11:00,2.7364,2.7374,2.7359,2.7364,2.7414,2.7424,2.7409,2.7414,7
2026-04-23 18:12:00,2.7354,2.7354,2.7354,2.7354,2.7404,2.7404,2.7404,2.7404,1
2026-04-23 18:13:00,2.7364,2.7364,2.7354,2.7364,2.7414,2.7414,2.7404,2.7414,31
2026-04-23 18:14:00,2.7354,2.7374,2.7344,2.7374,2.7404,2.7424,2.7394,2.7424,12
2026-04-23 18:15:00,2.7364,2.7374,2.7349,2.7354,2.7414,2.7424,2.7399,2.7404,25
2026-04-23 18:16:00,2.7364,2.7364,2.7344,2.7344,2.7414,2.7414,2.7394,2.7394,4
2026-04-23 18:17:00,2.7339,2.7339,2.7324,2.7324,2.7389,2.7389,2.7374,2.7374,10
2026-04-23 18:18:00,2.7319,2.7334,2.7309,2.7334,2.7369,2.7384,2.7359,2.7384,15
2026-04-23 18:19:00,2.7329,2.7334,2.7314,2.7324,2.7379,2.7384,2.7364,2.7374,19
2026-04-23 18:20:00,2.7334,2.7344,2.7324,2.7324,2.7384,2.7394,2.7374,2.7374,18
2026-04-23 18:21:00,2.7329,2.7334,2.7304,2.7304,2.7379,2.7384,2.7354,2.7354,26
2026-04-23 18:22:00,2.7309,2.7319,2.7294,2.7319,2.7359,2.7369,2.7344,2.7369,30
2026-04-23 18:23:00,2.7324,2.7364,2.7319,2.7354,2.7374,2.7414,2.7369,2.7404,17
2026-04-23 18:24:00,2.7349,2.7354,2.7334,2.7339,2.7399,2.7404,2.7384,2.7389,10
2026-04-23 18:25:00,2.7344,2.7344,2.7324,2.7324,2.7394,2.7394,2.7374,2.7374,13
2026-04-23 18:26:00,2.7319,2.7324,2.7314,2.7324,2.7369,2.7374,2.7364,2.7374,6
2026-04-23 18:27:00,2.7314,2.7319,2.7304,2.7314,2.7364,2.7369,2.7354,2.7364,15
2026-04-23 18:28:00,2.7324,2.7364,2.7319,2.7349,2.7374,2.7414,2.7369,2.7399,23
2026-04-23 18:29:00,2.7344,2.7344,2.7334,2.7344,2.7394,2.7394,2.7384,2.7394,11
2026-04-23 18:30:00,2.7334,2.7344,2.7324,2.7324,2.7384,2.7394,2.7374,2.7374,9
2026-04-23 18:31:00,2.7319,2.7324,2.7314,2.7314,2.7369,2.7374,2.7364,2.7364,11
2026-04-23 18:32:00,2.7324,2.7354,2.7324,2.7334,2.7374,2.7404,2.7374,2.7384,12
2026-04-23 18:33:00,2.7324,2.7324,2.7319,2.7324,2.7374,2.7374,2.7369,2.7374,3
2026-04-23 18:34:00,2.7319,2.7324,2.7304,2.7304,2.7369,2.7374,2.7354,2.7354,12
2026-04-23 18:35:00,2.7309,2.7314,2.7289,2.7289,2.7359,2.7364,2.7339,2.7339,20
2026-04-23 18:36:00,2.7294,2.7294,2.7254,2.7254,2.7344,2.7344,2.7304,2.7304,27
2026-04-23 18:37:00,2.7264,2.7274,2.7244,2.7264,2.7314,2.7324,2.7294,2.7314,32
2026-04-23 18:38:00,2.7274,2.7274,2.7264,2.7264,2.7324,2.7324,2.7314,2.7314,11
2026-04-23 18:39:00,2.7274,2.7274,2.7224,2.7224,2.7324,2.7324,2.7274,2.7274,32
2026-04-23 18:40:00,2.7229,2.7234,2.7194,2.7214,2.7279,2.7284,2.7244,2.7264,60
2026-04-23 18:41:00,2.7224,2.7224,2.7214,2.7214,2.7274,2.7274,2.7264,2.7264,26
2026-04-23 18:42:00,2.7194,2.7204,2.7184,2.7194,2.7244,2.7254,2.7234,2.7244,15
2026-04-23 18:43:00,2.7204,2.7214,2.7194,2.7194,2.7254,2.7264,2.7244,2.7244,24
2026-04-23 18:44:00,2.7204,2.7204,2.7184,2.7184,2.7254,2.7254,2.7234,2.7234,9
2026-04-23 18:45:00,2.7179,2.7204,2.7174,2.7204,2.7229,2.7254,2.7224,2.7254,24
2026-04-23 18:46:00,2.7194,2.7204,2.7194,2.7204,2.7244,2.7254,2.7244,2.7254,18
2026-04-23 18:47:00,2.7194,2.7214,2.7194,2.7194,2.7244,2.7264,2.7244,2.7244,11
2026-04-23 18:48:00,2.7204,2.7204,2.7194,2.7204,2.7254,2.7254,2.7244,2.7254,13
2026-04-23 18:49:00,2.7199,2.7204,2.7194,2.7194,2.7249,2.7254,2.7244,2.7244,6
2026-04-23 18:50:00,2.7184,2.7184,2.7164,2.7174,2.7234,2.7234,2.7214,2.7224,24
2026-04-23 18:51:00,2.7179,2.7194,2.7174,2.7194,2.7229,2.7244,2.7224,2.7244,22
2026-04-23 18:52:00,2.7204,2.7214,2.7204,2.7209,2.7254,2.7264,2.7254,2.7259,18
2026-04-23 18:53:00,2.7204,2.7204,2.7194,2.7194,2.7254,2.7254,2.7244,2.7244,16
2026-04-23 18:54:00,2.7199,2.7204,2.7194,2.7194,2.7249,2.7254,2.7244,2.7244,16
2026-04-23 18:55:00,2.7204,2.7224,2.7204,2.7224,2.7254,2.7274,2.7254,2.7274,14
2026-04-23 18:56:00,2.7219,2.7219,2.7189,2.7189,2.7269,2.7269,2.7239,2.7239,11
2026-04-23 18:57:00,2.7179,2.7184,2.7164,2.7174,2.7229,2.7234,2.7214,2.7224,20
2026-04-23 18:58:00,2.7169,2.7214,2.7164,2.7189,2.7219,2.7264,2.7214,2.7239,37
2026-04-23 18:59:00,2.7194,2.7214,2.7184,2.7209,2.7244,2.7264,2.7234,2.7259,27
2026-04-23 19:00:00,2.7199,2.7199,2.7174,2.7179,2.7249,2.7249,2.7224,2.7229,33
2026-04-23 19:01:00,2.7184,2.7284,2.7179,2.7269,2.7234,2.7334,2.7229,2.7319,94
2026-04-23 19:02:00,2.7279,2.7299,2.7254,2.7269,2.7329,2.7349,2.7304,2.7319,54
2026-04-23 19:03:00,2.7264,2.7284,2.7244,2.7264,2.7314,2.7334,2.7294,2.7314,35
2026-04-23 19:04:00,2.7254,2.7284,2.7254,2.7274,2.7304,2.7334,2.7304,2.7324,20
2026-04-23 19:05:00,2.7279,2.7334,2.7274,2.7334,2.7329,2.7384,2.7324,2.7384,31
2026-04-23 19:06:00,2.7324,2.7334,2.7294,2.7294,2.7374,2.7384,2.7344,2.7344,30
2026-04-23 19:07:00,2.7304,2.7314,2.7284,2.7284,2.7354,2.7364,2.7334,2.7334,30
2026-04-23 19:08:00,2.7289,2.7334,2.7264,2.7334,2.7339,2.7384,2.7314,2.7384,48
2026-04-23 19:09:00,2.7329,2.7364,2.7314,2.7344,2.7379,2.7414,2.7364,2.7394,23
2026-04-23 19:10:00,2.7339,2.7394,2.7339,2.7374,2.7389,2.7444,2.7389,2.7424,61
2026-04-23 19:11:00,2.7379,2.7384,2.7339,2.7339,2.7429,2.7434,2.7389,2.7389,35
2026-04-23 19:12:00,2.7329,2.7329,2.7294,2.7314,2.7379,2.7379,2.7344,2.7364,35
2026-04-23 19:13:00,2.7319,2.7319,2.7294,2.7294,2.7369,2.7369,2.7344,2.7344,12
2026-04-23 19:14:00,2.7284,2.7304,2.7284,2.7304,2.7334,2.7354,2.7334,2.7354,23
2026-04-23 19:15:00,2.7314,2.7314,2.7294,2.7314,2.7364,2.7364,2.7344,2.7364,21
2026-04-23 19:16:00,2.7309,2.7334,2.7284,2.7294,2.7359,2.7384,2.7334,2.7344,33
2026-04-23 19:17:00,2.7304,2.7314,2.7284,2.7294,2.7354,2.7364,2.7334,2.7344,40
2026-04-23 19:18:00,2.7304,2.7304,2.7294,2.7294,2.7354,2.7354,2.7344,2.7344,11
2026-04-23 19:19:00,2.7304,2.7314,2.7294,2.7299,2.7354,2.7364,2.7344,2.7349,26
2026-04-23 19:20:00,2.7294,2.7304,2.7284,2.7294,2.7344,2.7354,2.7334,2.7344,22
2026-04-23 19:21:00,2.7289,2.7314,2.7284,2.7314,2.7339,2.7364,2.7334,2.7364,18
2026-04-23 19:22:00,2.7309,2.7319,2.7294,2.7294,2.7359,2.7369,2.7344,2.7344,33
2026-04-23 19:23:00,2.7284,2.7284,2.7269,2.7274,2.7334,2.7334,2.7319,2.7324,15
2026-04-23 19:24:00,2.7269,2.7274,2.7264,2.7264,2.7319,2.7324,2.7314,2.7314,15
2026-04-23 19:25:00,2.7259,2.7304,2.7259,2.7294,2.7309,2.7354,2.7309,2.7344,32
2026-04-23 19:26:00,2.7284,2.7284,2.7264,2.7284,2.7334,2.7334,2.7314,2.7334,68
2026-04-23 19:27:00,2.7294,2.7314,2.7284,2.7304,2.7344,2.7364,2.7334,2.7354,24
2026-04-23 19:28:00,2.7309,2.7344,2.7304,2.7314,2.7359,2.7394,2.7354,2.7364,27
2026-04-23 19:29:00,2.7319,2.7344,2.7314,2.7339,2.7369,2.7394,2.7364,2.7389,33
2026-04-23 19:30:00,2.7334,2.7364,2.7334,2.7349,2.7384,2.7414,2.7384,2.7399,34
2026-04-23 19:31:00,2.7344,2.7374,2.7344,2.7364,2.7394,2.7424,2.7394,2.7414,42
2026-04-23 19:32:00,2.7354,2.7384,2.7354,2.7379,2.7404,2.7434,2.7404,2.7429,37
2026-04-23 19:33:00,2.7384,2.7394,2.7369,2.7374,2.7434,2.7444,2.7419,2.7424,31
2026-04-23 19:34:00,2.7364,2.7394,2.7364,2.7384,2.7414,2.7444,2.7414,2.7434,14
2026-04-23 19:35:00,2.7374,2.7404,2.7374,2.7399,2.7424,2.7454,2.7424,2.7449,47
2026-04-23 19:36:00,2.7394,2.7474,2.7394,2.7454,2.7444,2.7524,2.7444,2.7504,47
2026-04-23 19:37:00,2.7444,2.7454,2.7424,2.7429,2.7494,2.7504,2.7474,2.7479,57
2026-04-23 19:38:00,2.7434,2.7434,2.7394,2.7404,2.7484,2.7484,2.7444,2.7454,19
2026-04-23 19:39:00,2.7414,2.7454,2.7404,2.7444,2.7464,2.7504,2.7454,2.7494,13
2026-04-23 19:40:00,2.7454,2.7464,2.7444,2.7454,2.7504,2.7514,2.7494,2.7504,18
2026-04-23 19:41:00,2.7459,2.7514,2.7454,2.7499,2.7509,2.7564,2.7504,2.7549,37
2026-04-23 19:42:00,2.7494,2.7544,2.7474,2.7534,2.7544,2.7594,2.7524,2.7584,37
2026-04-23 19:43:00,2.7524,2.7534,2.7509,2.7509,2.7574,2.7584,2.7559,2.7559,34
2026-04-23 19:44:00,2.7514,2.7524,2.7504,2.7514,2.7564,2.7574,2.7554,2.7564,13
2026-04-23 19:45:00,2.7519,2.7534,2.7514,2.7529,2.7569,2.7584,2.7564,2.7579,11
2026-04-23 19:46:00,2.7534,2.7534,2.7499,2.7534,2.7584,2.7584,2.7549,2.7584,18
2026-04-23 19:47:00,2.7544,2.7544,2.7454,2.7469,2.7594,2.7594,2.7504,2.7519,64
2026-04-23 19:48:00,2.7484,2.7494,2.7439,2.7449,2.7534,2.7544,2.7489,2.7499,45
2026-04-23 19:49:00,2.7454,2.7454,2.7434,2.7444,2.7504,2.7504,2.7484,2.7494,33
2026-04-23 19:50:00,2.7459,2.7484,2.7454,2.7454,2.7509,2.7534,2.7504,2.7504,24
2026-04-23 19:51:00,2.7459,2.7464,2.7414,2.7419,2.7509,2.7514,2.7464,2.7469,27
2026-04-23 19:52:00,2.7414,2.7444,2.7404,2.7434,2.7464,2.7494,2.7454,2.7484,21
2026-04-23 19:53:00,2.7439,2.7439,2.7284,2.7339,2.7489,2.7489,2.7334,2.7389,173
2026-04-23 19:54:00,2.7349,2.7394,2.7349,2.7394,2.7399,2.7444,2.7399,2.7444,60
2026-04-23 19:55:00,2.7399,2.7424,2.7384,2.7384,2.7449,2.7474,2.7434,2.7434,53
2026-04-23 19:56:00,2.7379,2.7394,2.7364,2.7379,2.7429,2.7444,2.7414,2.7429,55
2026-04-23 19:57:00,2.7384,2.7394,2.7364,2.7384,2.7434,2.7444,2.7414,2.7434,22
2026-04-23 19:58:00,2.7394,2.7394,2.7364,2.7379,2.7444,2.7444,2.7414,2.7429,27
2026-04-23 19:59:00,2.7374,2.7394,2.7364,2.7369,2.7424,2.7444,2.7414,2.7419,57
2026-04-23 20:00:00,2.7374,2.7384,2.7354,2.7374,2.7424,2.7434,2.7404,2.7424,41
2026-04-23 20:01:00,2.7379,2.7394,2.7344,2.7364,2.7429,2.7444,2.7394,2.7414,53
2026-04-23 20:02:00,2.7354,2.7394,2.7354,2.7394,2.7404,2.7444,2.7404,2.7444,36
2026-04-23 20:03:00,2.7389,2.7459,2.7384,2.7444,2.7439,2.7509,2.7434,2.7494,47
2026-04-23 20:04:00,2.7454,2.7504,2.7449,2.7494,2.7504,2.7554,2.7499,2.7544,29
2026-04-23 20:05:00,2.7499,2.7554,2.7494,2.7514,2.7549,2.7604,2.7544,2.7564,75
2026-04-23 20:06:00,2.7519,2.7524,2.7484,2.7499,2.7569,2.7574,2.7534,2.7549,32
2026-04-23 20:07:00,2.7504,2.7524,2.7459,2.7459,2.7554,2.7574,2.7509,2.7509,38
2026-04-23 20:08:00,2.7454,2.7514,2.7454,2.7509,2.7504,2.7564,2.7504,2.7559,28
2026-04-23 20:09:00,2.7504,2.7504,2.7464,2.7504,2.7554,2.7554,2.7514,2.7554,54
2026-04-23 20:10:00,2.7509,2.7514,2.7444,2.7444,2.7559,2.7564,2.7494,2.7494,88
2026-04-23 20:11:00,2.7454,2.7494,2.7454,2.7494,2.7504,2.7544,2.7504,2.7544,23
2026-04-23 20:12:00,2.7504,2.7514,2.7494,2.7504,2.7554,2.7564,2.7544,2.7554,13
2026-04-23 20:13:00,2.7514,2.7514,2.7484,2.7494,2.7564,2.7564,2.7534,2.7544,13
2026-04-23 20:14:00,2.7489,2.7504,2.7484,2.7504,2.7539,2.7554,2.7534,2.7554,14
2026-04-23 20:15:00,2.7514,2.7554,2.7504,2.7549,2.7564,2.7604,2.7554,2.7599,29
2026-04-23 20:16:00,2.7544,2.7554,2.7524,2.7524,2.7594,2.7604,2.7574,2.7574,27
2026-04-23 20:17:00,2.7514,2.7519,2.7484,2.7509,2.7564,2.7569,2.7534,2.7559,19
2026-04-23 20:18:00,2.7514,2.7514,2.7464,2.7489,2.7564,2.7564,2.7514,2.7539,40
2026-04-23 20:19:00,2.7494,2.7509,2.7474,2.7484,2.7544,2.7559,2.7524,2.7534,18
2026-04-23 20:20:00,2.7489,2.7504,2.7484,2.7494,2.7539,2.7554,2.7534,2.7544,31
2026-04-23 20:21:00,2.7484,2.7584,2.7484,2.7574,2.7534,2.7634,2.7534,2.7624,55
2026-04-23 20:22:00,2.7584,2.7634,2.7574,2.7634,2.7634,2.7684,2.7624,2.7684,42
2026-04-23 20:23:00,2.7629,2.7644,2.7604,2.7624,2.7679,2.7694,2.7654,2.7674,39
2026-04-23 20:24:00,2.7619,2.7634,2.7599,2.7604,2.7669,2.7684,2.7649,2.7654,30
2026-04-23 20:25:00,2.7609,2.7644,2.7604,2.7639,2.7659,2.7694,2.7654,2.7689,14
2026-04-23 20:26:00,2.7644,2.7644,2.7604,2.7604,2.7694,2.7694,2.7654,2.7654,37
2026-04-23 20:27:00,2.7599,2.7634,2.7594,2.7604,2.7649,2.7684,2.7644,2.7654,44
2026-04-23 20:28:00,2.7614,2.7664,2.7594,2.7664,2.7664,2.7714,2.7644,2.7714,80
2026-04-23 20:29:00,2.7654,2.7704,2.7654,2.7684,2.7704,2.7754,2.7704,2.7734,63
2026-04-23 20:30:00,2.7679,2.7704,2.7634,2.7644,2.7729,2.7754,2.7684,2.7694,70
2026-04-23 20:31:00,2.7654,2.7664,2.7629,2.7629,2.7704,2.7714,2.7679,2.7679,33
2026-04-23 20:32:00,2.7624,2.7634,2.7614,2.7634,2.7674,2.7684,2.7664,2.7684,21
2026-04-23 20:33:00,2.7629,2.7644,2.7614,2.7624,2.7679,2.7694,2.7664,2.7674,9
2026-04-23 20:34:00,2.7614,2.7634,2.7614,2.7629,2.7664,2.7684,2.7664,2.7679,27
2026-04-23 20:35:00,2.7634,2.7644,2.7614,2.7644,2.7684,2.7694,2.7664,2.7694,15
2026-04-23 20:36:00,2.7639,2.7644,2.7564,2.7574,2.7689,2.7694,2.7614,2.7624,37
2026-04-23 20:37:00,2.7589,2.7594,2.7564,2.7574,2.7639,2.7644,2.7614,2.7624,25
2026-04-23 20:38:00,2.7569,2.7604,2.7564,2.7604,2.7619,2.7654,2.7614,2.7654,29
2026-04-23 20:39:00,2.7594,2.7619,2.7594,2.7604,2.7644,2.7669,2.7644,2.7654,25
2026-04-23 20:40:00,2.7614,2.7614,2.7604,2.7609,2.7664,2.7664,2.7654,2.7659,19
2026-04-23 20:41:00,2.7614,2.7624,2.7609,2.7614,2.7664,2.7674,2.7659,2.7664,24
2026-04-23 20:42:00,2.7624,2.7654,2.7614,2.7654,2.7674,2.7704,2.7664,2.7704,23
2026-04-23 20:43:00,2.7644,2.7684,2.7614,2.7614,2.7694,2.7734,2.7664,2.7664,60
2026-04-23 20:44:00,2.7619,2.7624,2.7599,2.7599,2.7669,2.7674,2.7649,2.7649,21
2026-04-23 20:45:00,2.7604,2.7624,2.7604,2.7619,2.7654,2.7674,2.7654,2.7669,23
2026-04-23 20:46:00,2.7624,2.7634,2.7614,2.7629,2.7674,2.7684,2.7664,2.7679,26
2026-04-23 20:47:00,2.7624,2.7639,2.7614,2.7624,2.7674,2.7689,2.7664,2.7674,16
2026-04-23 20:48:00,2.7634,2.7644,2.7634,2.7634,2.7684,2.7694,2.7684,2.7684,15
2026-04-23 20:49:00,2.7639,2.7654,2.7624,2.7624,2.7689,2.7704,2.7674,2.7674,23
2026-04-23 20:50:00,2.7629,2.7649,2.7594,2.7594,2.7679,2.7699,2.7644,2.7644,25
2026-04-23 20:51:00,2.7604,2.7624,2.7584,2.7584,2.7654,2.7674,2.7634,2.7634,20
2026-04-23 20:52:00,2.7589,2.7594,2.7554,2.7554,2.7639,2.7644,2.7604,2.7604,8
2026-04-23 20:53:00,2.7559,2.7564,2.7544,2.7554,2.7609,2.7614,2.7594,2.7604,13
2026-04-23 20:54:00,2.7549,2.7554,2.7534,2.7534,2.7599,2.7604,2.7584,2.7584,10
2026-04-23 20:55:00,2.7544,2.7554,2.7534,2.7554,2.7594,2.7604,2.7584,2.7604,7
2026-04-23 20:57:00,2.7559,2.7559,2.7554,2.7554,2.7609,2.7609,2.7604,2.7604,2
2026-04-23 20:58:00,2.7564,2.7564,2.7554,2.7554,2.7614,2.7614,2.7604,2.7604,6
2026-04-23 20:59:00,2.7544,2.7594,2.7544,2.7564,2.7594,2.7644,2.7594,2.7614,55
2026-04-23 21:00:00,2.7559,2.7574,2.7544,2.7564,2.7609,2.7624,2.7594,2.7614,68
2026-04-23 21:01:00,2.7559,2.7564,2.7534,2.7534,2.7609,2.7614,2.7584,2.7584,16
2026-04-23 21:02:00,2.7539,2.7559,2.7539,2.7554,2.7589,2.7609,2.7589,2.7604,10
2026-04-23 21:03:00,2.7559,2.7569,2.7554,2.7564,2.7609,2.7619,2.7604,2.7614,11
2026-04-23 21:04:00,2.7569,2.7574,2.7564,2.7564,2.7619,2.7624,2.7614,2.7614,4
2026-04-23 21:05:00,2.7554,2.7564,2.7554,2.7559,2.7604,2.7614,2.7604,2.7609,5
2026-04-23 21:06:00,2.7564,2.7564,2.7544,2.7544,2.7614,2.7614,2.7594,2.7594,8
2026-04-23 21:07:00,2.7554,2.7564,2.7544,2.7544,2.7604,2.7614,2.7594,2.7594,7
2026-04-23 21:08:00,2.7554,2.7564,2.7554,2.7554,2.7604,2.7614,2.7604,2.7604,4
2026-04-23 21:09:00,2.7549,2.7554,2.7544,2.7549,2.7599,2.7604,2.7594,2.7599,11
2026-04-23 21:10:00,2.7544,2.7544,2.7529,2.7544,2.7594,2.7594,2.7579,2.7594,12
2026-04-23 21:11:00,2.7539,2.7539,2.7529,2.7529,2.7589,2.7589,2.7579,2.7579,5
2026-04-23 21:12:00,2.7524,2.7544,2.7524,2.7544,2.7574,2.7594,2.7574,2.7594,7
2026-04-23 21:13:00,2.7554,2.7554,2.7544,2.7549,2.7604,2.7604,2.7594,2.7599,12
2026-04-23 21:14:00,2.7544,2.7554,2.7534,2.7539,2.7594,2.7604,2.7584,2.7589,11
2026-04-23 21:15:00,2.7534,2.7534,2.7524,2.7534,2.7584,2.7584,2.7574,2.7584,3
2026-04-23 21:16:00,2.7524,2.7524,2.7524,2.7524,2.7574,2.7574,2.7574,2.7574,1
2026-04-23 21:17:00,2.7529,2.7544,2.7529,2.7534,2.7579,2.7594,2.7579,2.7584,4
2026-04-23 21:18:00,2.7544,2.7544,2.7529,2.7529,2.7594,2.7594,2.7579,2.7579,5
2026-04-23 21:19:00,2.7534,2.7534,2.7524,2.7524,2.7584,2.7584,2.7574,2.7574,3
2026-04-23 21:20:00,2.7534,2.7534,2.7524,2.7524,2.7584,2.7584,2.7574,2.7574,15
2026-04-23 21:21:00,2.7529,2.7534,2.7524,2.7524,2.7579,2.7584,2.7574,2.7574,6
2026-04-23 21:24:00,2.7519,2.7519,2.7504,2.7509,2.7569,2.7569,2.7554,2.7559,12
2026-04-23 21:25:00,2.7514,2.7514,2.7504,2.7514,2.7564,2.7564,2.7554,2.7564,3
2026-04-23 21:26:00,2.7504,2.7514,2.7504,2.7504,2.7554,2.7564,2.7554,2.7554,7
2026-04-23 21:27:00,2.7514,2.7514,2.7474,2.7484,2.7564,2.7564,2.7524,2.7534,7
2026-04-23 21:28:00,2.7479,2.7484,2.7464,2.7484,2.7529,2.7534,2.7514,2.7534,25
2026-04-23 21:29:00,2.7474,2.7494,2.7474,2.7479,2.7524,2.7544,2.7524,2.7529,11
2026-04-23 21:30:00,2.7484,2.7484,2.7474,2.7479,2.7534,2.7534,2.7524,2.7529,9
2026-04-23 21:31:00,2.7474,2.7479,2.7469,2.7474,2.7524,2.7529,2.7519,2.7524,9
2026-04-23 21:32:00,2.7464,2.7464,2.7454,2.7459,2.7514,2.7514,2.7504,2.7509,12
2026-04-23 21:33:00,2.7464,2.7479,2.7459,2.7479,2.7514,2.7529,2.7509,2.7529,8
2026-04-23 21:34:00,2.7474,2.7484,2.7474,2.7484,2.7524,2.7534,2.7524,2.7534,5
2026-04-23 21:35:00,2.7489,2.7494,2.7474,2.7474,2.7539,2.7544,2.7524,2.7524,14
2026-04-23 21:36:00,2.7479,2.7484,2.7469,2.7474,2.7529,2.7534,2.7519,2.7524,9
2026-04-23 21:37:00,2.7469,2.7474,2.7464,2.7469,2.7519,2.7524,2.7514,2.7519,9
2026-04-23 21:38:00,2.7474,2.7474,2.7444,2.7454,2.7524,2.7524,2.7494,2.7504,12
2026-04-23 21:39:00,2.7459,2.7464,2.7454,2.7454,2.7509,2.7514,2.7504,2.7504,8
2026-04-23 21:40:00,2.7449,2.7454,2.7444,2.7454,2.7499,2.7504,2.7494,2.7504,7
2026-04-23 21:41:00,2.7449,2.7464,2.7449,2.7464,2.7499,2.7514,2.7499,2.7514,7
2026-04-23 21:42:00,2.7474,2.7474,2.7464,2.7464,2.7524,2.7524,2.7514,2.7514,2
2026-04-23 21:43:00,2.7469,2.7474,2.7464,2.7474,2.7519,2.7524,2.7514,2.7524,4
2026-04-23 21:44:00,2.7479,2.7484,2.7474,2.7484,2.7529,2.7534,2.7524,2.7534,6
2026-04-23 21:45:00,2.7479,2.7479,2.7454,2.7464,2.7529,2.7529,2.7504,2.7514,13
2026-04-23 21:46:00,2.7469,2.7474,2.7464,2.7464,2.7519,2.7524,2.7514,2.7514,4
2026-04-23 21:47:00,2.7459,2.7464,2.7459,2.7464,2.7509,2.7514,2.7509,2.7514,2
2026-04-23 21:49:00,2.7454,2.7464,2.7444,2.7444,2.7504,2.7514,2.7494,2.7494,10
2026-04-23 21:50:00,2.7449,2.7454,2.7434,2.7449,2.7499,2.7504,2.7484,2.7499,26
2026-04-23 21:51:00,2.7454,2.7454,2.7444,2.7454,2.7504,2.7504,2.7494,2.7504,8
2026-04-23 21:52:00,2.7444,2.7454,2.7444,2.7454,2.7494,2.7504,2.7494,2.7504,3
2026-04-23 21:53:00,2.7449,2.7449,2.7444,2.7444,2.7499,2.7499,2.7494,2.7494,2
2026-04-23 21:54:00,2.7454,2.7454,2.7444,2.7454,2.7504,2.7504,2.7494,2.7504,15
2026-04-23 21:55:00,2.7449,2.7449,2.7444,2.7444,2.7499,2.7499,2.7494,2.7494,8
2026-04-23 21:56:00,2.7439,2.7459,2.7439,2.7454,2.7489,2.7509,2.7489,2.7504,13
2026-04-23 21:57:00,2.7449,2.7449,2.7434,2.7434,2.7499,2.7499,2.7484,2.7484,7
2026-04-23 21:58:00,2.7424,2.7434,2.7424,2.7434,2.7474,2.7484,2.7474,2.7484,2
2026-04-23 21:59:00,2.7429,2.7444,2.7429,2.7434,2.7479,2.7494,2.7479,2.7484,8
2026-04-23 22:00:00,2.7439,2.7444,2.7434,2.7434,2.7489,2.7494,2.7484,2.7484,5
2026-04-23 22:01:00,2.7444,2.7444,2.7429,2.7429,2.7494,2.7494,2.7479,2.7479,5
2026-04-23 22:02:00,2.7434,2.7434,2.7424,2.7424,2.7484,2.7484,2.7474,2.7474,5
2026-04-23 22:03:00,2.7429,2.7434,2.7429,2.7434,2.7479,2.7484,2.7479,2.7484,2
2026-04-23 22:05:00,2.7444,2.7444,2.7429,2.7434,2.7494,2.7494,2.7479,2.7484,8
2026-04-23 22:06:00,2.7429,2.7434,2.7429,2.7434,2.7479,2.7484,2.7479,2.7484,2
2026-04-23 22:07:00,2.7439,2.7439,2.7434,2.7434,2.7489,2.7489,2.7484,2.7484,6
2026-04-23 22:08:00,2.7439,2.7439,2.7424,2.7434,2.7489,2.7489,2.7474,2.7484,6
2026-04-23 22:09:00,2.7429,2.7434,2.7409,2.7414,2.7479,2.7484,2.7459,2.7464,23
2026-04-23 22:10:00,2.7409,2.7414,2.7394,2.7394,2.7459,2.7464,2.7444,2.7444,15
2026-04-23 22:11:00,2.7389,2.7404,2.7389,2.7389,2.7439,2.7454,2.7439,2.7439,15
2026-04-23 22:12:00,2.7394,2.7414,2.7379,2.7414,2.7444,2.7464,2.7429,2.7464,16
2026-04-23 22:13:00,2.7419,2.7419,2.7414,2.7414,2.7469,2.7469,2.7464,2.7464,2
2026-04-23 22:14:00,2.7419,2.7424,2.7414,2.7424,2.7469,2.7474,2.7464,2.7474,10
2026-04-23 22:15:00,2.7434,2.7444,2.7434,2.7434,2.7484,2.7494,2.7484,2.7484,6
2026-04-23 22:18:00,2.7424,2.7434,2.7424,2.7434,2.7474,2.7484,2.7474,2.7484,2
2026-04-23 22:19:00,2.7429,2.7434,2.7429,2.7429,2.7479,2.7484,2.7479,2.7479,3
2026-04-23 22:20:00,2.7424,2.7429,2.7414,2.7424,2.7474,2.7479,2.7464,2.7474,12
2026-04-23 22:21:00,2.7434,2.7434,2.7429,2.7429,2.7484,2.7484,2.7479,2.7479,2
2026-04-23 22:22:00,2.7434,2.7434,2.7424,2.7429,2.7484,2.7484,2.7474,2.7479,10
2026-04-23 22:23:00,2.7434,2.7434,2.7429,2.7429,2.7484,2.7484,2.7479,2.7479,2
2026-04-23 22:24:00,2.7424,2.7429,2.7419,2.7419,2.7474,2.7479,2.7469,2.7469,4
2026-04-23 22:25:00,2.7414,2.7434,2.7414,2.7434,2.7464,2.7484,2.7464,2.7484,8
2026-04-23 22:26:00,2.7424,2.7429,2.7419,2.7424,2.7474,2.7479,2.7469,2.7474,7
2026-04-23 22:27:00,2.7419,2.7424,2.7419,2.7424,2.7469,2.7474,2.7469,2.7474,4
2026-04-23 22:28:00,2.7419,2.7419,2.7414,2.7414,2.7469,2.7469,2.7464,2.7464,16
2026-04-23 22:29:00,2.7409,2.7414,2.7404,2.7414,2.7459,2.7464,2.7454,2.7464,7
2026-04-23 22:30:00,2.7419,2.7419,2.7404,2.7414,2.7469,2.7469,2.7454,2.7464,4
2026-04-23 22:31:00,2.7409,2.7414,2.7404,2.7414,2.7459,2.7464,2.7454,2.7464,3
2026-04-23 22:32:00,2.7424,2.7424,2.7424,2.7424,2.7474,2.7474,2.7474,2.7474,1
2026-04-23 22:33:00,2.7419,2.7419,2.7414,2.7414,2.7469,2.7469,2.7464,2.7464,2
2026-04-23 22:34:00,2.7424,2.7434,2.7419,2.7419,2.7474,2.7484,2.7469,2.7469,8
2026-04-23 22:35:00,2.7414,2.7424,2.7414,2.7419,2.7464,2.7474,2.7464,2.7469,5
2026-04-23 22:36:00,2.7414,2.7414,2.7409,2.7414,2.7464,2.7464,2.7459,2.7464,5
2026-04-23 22:37:00,2.7409,2.7414,2.7404,2.7404,2.7459,2.7464,2.7454,2.7454,9
2026-04-23 22:38:00,2.7409,2.7409,2.7404,2.7404,2.7459,2.7459,2.7454,2.7454,2
2026-04-23 22:39:00,2.7409,2.7409,2.7404,2.7404,2.7459,2.7459,2.7454,2.7454,4
2026-04-23 22:40:00,2.7399,2.7414,2.7399,2.7404,2.7449,2.7464,2.7449,2.7454,7
2026-04-23 22:41:00,2.7399,2.7414,2.7399,2.7404,2.7449,2.7464,2.7449,2.7454,4
2026-04-23 22:43:00,2.7409,2.7414,2.7404,2.7409,2.7459,2.7464,2.7454,2.7459,6
2026-04-23 22:44:00,2.7414,2.7414,2.7404,2.7404,2.7464,2.7464,2.7454,2.7454,2
2026-04-23 22:45:00,2.7399,2.7399,2.7399,2.7399,2.7449,2.7449,2.7449,2.7449,1
2026-04-23 22:46:00,2.7404,2.7414,2.7399,2.7404,2.7454,2.7464,2.7449,2.7454,5
2026-04-23 22:47:00,2.7414,2.7414,2.7404,2.7404,2.7464,2.7464,2.7454,2.7454,2
2026-04-23 22:48:00,2.7409,2.7414,2.7404,2.7409,2.7459,2.7464,2.7454,2.7459,11
2026-04-23 22:49:00,2.7414,2.7434,2.7404,2.7434,2.7464,2.7484,2.7454,2.7484,11
2026-04-23 22:50:00,2.7429,2.7434,2.7429,2.7429,2.7479,2.7484,2.7479,2.7479,5
2026-04-23 22:51:00,2.7434,2.7474,2.7429,2.7469,2.7484,2.7524,2.7479,2.7519,18
2026-04-23 22:52:00,2.7464,2.7474,2.7444,2.7444,2.7514,2.7524,2.7494,2.7494,27
2026-04-23 22:53:00,2.7439,2.7444,2.7434,2.7434,2.7489,2.7494,2.7484,2.7484,10
2026-04-23 22:54:00,2.7439,2.7439,2.7424,2.7434,2.7489,2.7489,2.7474,2.7484,7
2026-04-23 22:55:00,2.7444,2.7449,2.7429,2.7429,2.7494,2.7499,2.7479,2.7479,17
2026-04-23 22:56:00,2.7434,2.7434,2.7424,2.7429,2.7484,2.7484,2.7474,2.7479,4
2026-04-23 22:57:00,2.7439,2.7494,2.7439,2.7474,2.7489,2.7544,2.7489,2.7524,30
2026-04-23 22:58:00,2.7484,2.7489,2.7479,2.7489,2.7534,2.7539,2.7529,2.7539,13
2026-04-23 22:59:00,2.7484,2.7606,2.7484,2.7596,2.7534,2.7656,2.7534,2.7646,24
2026-04-24 00:00:00,2.7536,2.7551,2.7531,2.7531,2.7586,2.7601,2.7581,2.7581,10
2026-04-24 00:01:00,2.7536,2.7546,2.7531,2.7536,2.7586,2.7596,2.7581,2.7586,4
2026-04-24 00:02:00,2.7531,2.7536,2.7531,2.7536,2.7581,2.7586,2.7581,2.7586,2
2026-04-24 00:03:00,2.7541,2.7566,2.7536,2.7566,2.7591,2.7616,2.7586,2.7616,4
2026-04-24 00:04:00,2.7591,2.7591,2.7561,2.7576,2.7641,2.7641,2.7611,2.7626,6
2026-04-24 00:05:00,2.7571,2.7571,2.7551,2.7561,2.7621,2.7621,2.7601,2.7611,8
2026-04-24 00:08:00,2.7541,2.7541,2.7526,2.7526,2.7591,2.7591,2.7576,2.7576,4
2026-04-24 00:09:00,2.7531,2.7551,2.7531,2.7541,2.7581,2.7601,2.7581,2.7591,6
2026-04-24 00:10:00,2.7551,2.7551,2.7551,2.7551,2.7601,2.7601,2.7601,2.7601,1
2026-04-24 00:11:00,2.7561,2.7561,2.7551,2.7556,2.7611,2.7611,2.7601,2.7606,5
2026-04-24 00:12:00,2.7551,2.7556,2.7466,2.7491,2.7601,2.7606,2.7516,2.7541,8
2026-04-24 00:14:00,2.7496,2.7501,2.7496,2.7501,2.7546,2.7551,2.7546,2.7551,2
2026-04-24 00:17:00,2.7506,2.7516,2.7506,2.7516,2.7556,2.7566,2.7556,2.7566,3
2026-04-24 00:18:00,2.7526,2.7531,2.7526,2.7531,2.7576,2.7581,2.7576,2.7581,2
2026-04-24 00:19:00,2.7521,2.7521,2.7521,2.7521,2.7571,2.7571,2.7571,2.7571,1
2026-04-24 00:21:00,2.7526,2.7526,2.7521,2.7526,2.7576,2.7576,2.7571,2.7576,3
2026-04-24 00:26:00,2.7546,2.7546,2.7521,2.7526,2.7596,2.7596,2.7571,2.7576,8
2026-04-24 00:29:00,2.7521,2.7526,2.7521,2.7526,2.7571,2.7576,2.7571,2.7576,2
2026-04-24 00:32:00,2.7531,2.7531,2.7531,2.7531,2.7581,2.7581,2.7581,2.7581,1
2026-04-24 00:35:00,2.7526,2.7526,2.7526,2.7526,2.7576,2.7576,2.7576,2.7576,1
2026-04-24 00:37:00,2.7521,2.7526,2.7516,2.7526,2.7571,2.7576,2.7566,2.7576,3
2026-04-24 00:38:00,2.7521,2.7521,2.7521,2.7521,2.7571,2.7571,2.7571,2.7571,1
2026-04-24 00:39:00,2.7526,2.7536,2.7526,2.7536,2.7576,2.7586,2.7576,2.7586,3
2026-04-24 00:43:00,2.7531,2.7536,2.7531,2.7536,2.7581,2.7586,2.7581,2.7586,4
2026-04-24 00:50:00,2.7541,2.7541,2.7541,2.7541,2.7591,2.7591,2.7591,2.7591,1
2026-04-24 00:51:00,2.7536,2.7541,2.7536,2.7541,2.7586,2.7591,2.7586,2.7591,2
2026-04-24 00:53:00,2.7536,2.7541,2.7536,2.7541,2.7586,2.7591,2.7586,2.7591,2
2026-04-24 00:55:00,2.7531,2.7541,2.7531,2.7531,2.7581,2.7591,2.7581,2.7581,4
2026-04-24 00:56:00,2.7536,2.7536,2.7531,2.7531,2.7586,2.7586,2.7581,2.7581,4
2026-04-24 00:59:00,2.7536,2.7546,2.7531,2.7546,2.7586,2.7596,2.7581,2.7596,4
2026-04-24 01:00:00,2.7551,2.7551,2.7541,2.7541,2.7601,2.7601,2.7591,2.7591,2
2026-04-24 01:01:00,2.7536,2.7536,2.7531,2.7531,2.7586,2.7586,2.7581,2.7581,2
2026-04-24 01:02:00,2.7536,2.7536,2.7536,2.7536,2.7586,2.7586,2.7586,2.7586,1
2026-04-24 01:03:00,2.7541,2.7541,2.7541,2.7541,2.7591,2.7591,2.7591,2.7591,1
2026-04-24 01:06:00,2.7536,2.7536,2.7536,2.7536,2.7586,2.7586,2.7586,2.7586,1
2026-04-24 01:10:00,2.7531,2.7531,2.7531,2.7531,2.7581,2.7581,2.7581,2.7581,1
2026-04-24 01:14:00,2.7541,2.7541,2.7541,2.7541,2.7591,2.7591,2.7591,2.7591,1
2026-04-24 01:15:00,2.7531,2.7531,2.7531,2.7531,2.7581,2.7581,2.7581,2.7581,1
2026-04-24 01:16:00,2.7516,2.7516,2.7501,2.7501,2.7566,2.7566,2.7551,2.7551,4
2026-04-24 01:17:00,2.7506,2.7516,2.7506,2.7516,2.7556,2.7566,2.7556,2.7566,2
2026-04-24 01:18:00,2.7511,2.7511,2.7511,2.7511,2.7561,2.7561,2.7561,2.7561,1
2026-04-24 01:19:00,2.7506,2.7506,2.7506,2.7506,2.7556,2.7556,2.7556,2.7556,1
2026-04-24 01:20:00,2.7511,2.7516,2.7511,2.7516,2.7561,2.7566,2.7561,2.7566,2
2026-04-24 01:21:00,2.7521,2.7521,2.7521,2.7521,2.7571,2.7571,2.7571,2.7571,1
2026-04-24 01:23:00,2.7516,2.7516,2.7516,2.7516,2.7566,2.7566,2.7566,2.7566,1
2026-04-24 01:25:00,2.7506,2.7506,2.7501,2.7501,2.7556,2.7556,2.7551,2.7551,2
2026-04-24 01:26:00,2.7506,2.7516,2.7506,2.7516,2.7556,2.7566,2.7556,2.7566,3
2026-04-24 01:28:00,2.7506,2.7511,2.7506,2.7511,2.7556,2.7561,2.7556,2.7561,2
2026-04-24 01:30:00,2.7501,2.7501,2.7501,2.7501,2.7551,2.7551,2.7551,2.7551,1
2026-04-24 01:31:00,2.7506,2.7511,2.7506,2.7511,2.7556,2.7561,2.7556,2.7561,2
2026-04-24 01:32:00,2.7506,2.7506,2.7501,2.7501,2.7556,2.7556,2.7551,2.7551,2
2026-04-24 01:34:00,2.7496,2.7496,2.7496,2.7496,2.7546,2.7546,2.7546,2.7546,1
2026-04-24 01:35:00,2.7491,2.7491,2.7491,2.7491,2.7541,2.7541,2.7541,2.7541,1
2026-04-24 01:49:00,2.7486,2.7486,2.7486,2.7486,2.7536,2.7536,2.7536,2.7536,1
2026-04-24 01:50:00,2.7481,2.7486,2.7461,2.7466,2.7531,2.7536,2.7511,2.7516,25
2026-04-24 01:51:00,2.7461,2.7471,2.7441,2.7446,2.7511,2.7521,2.7491,2.7496,12
2026-04-24 01:52:00,2.7451,2.7461,2.7451,2.7456,2.7501,2.7511,2.7501,2.7506,3
2026-04-24 01:53:00,2.7461,2.7461,2.7451,2.7451,2.7511,2.7511,2.7501,2.7501,6
2026-04-24 01:55:00,2.7446,2.7446,2.7441,2.7446,2.7496,2.7496,2.7491,2.7496,3
2026-04-24 01:56:00,2.7451,2.7451,2.7446,2.7446,2.7501,2.7501,2.7496,2.7496,2
2026-04-24 01:57:00,2.7451,2.7461,2.7451,2.7451,2.7501,2.7511,2.7501,2.7501,3
2026-04-24 01:58:00,2.7446,2.7451,2.7446,2.7446,2.7496,2.7501,2.7496,2.7496,3
2026-04-24 01:59:00,2.7451,2.7461,2.7441,2.7451,2.7501,2.7511,2.7491,2.7501,5
2026-04-24 02:00:00,2.7441,2.7471,2.7441,2.7471,2.7491,2.7521,2.7491,2.7521,13
2026-04-24 02:01:00,2.7461,2.7471,2.7451,2.7456,2.7511,2.7521,2.7501,2.7506,14
2026-04-24 02:02:00,2.7461,2.7466,2.7461,2.7466,2.7511,2.7516,2.7511,2.7516,2
2026-04-24 02:03:00,2.7471,2.7481,2.7466,2.7476,2.7521,2.7531,2.7516,2.7526,12
2026-04-24 02:04:00,2.7481,2.7481,2.7471,2.7481,2.7531,2.7531,2.7521,2.7531,5
2026-04-24 02:05:00,2.7471,2.7481,2.7466,2.7466,2.7521,2.7531,2.7516,2.7516,6
2026-04-24 02:06:00,2.7471,2.7481,2.7471,2.7481,2.7521,2.7531,2.7521,2.7531,2
2026-04-24 02:07:00,2.7476,2.7491,2.7471,2.7486,2.7526,2.7541,2.7521,2.7536,11
2026-04-24 02:08:00,2.7481,2.7481,2.7466,2.7471,2.7531,2.7531,2.7516,2.7521,9
2026-04-24 02:09:00,2.7476,2.7476,2.7471,2.7476,2.7526,2.7526,2.7521,2.7526,3
2026-04-24 02:10:00,2.7481,2.7481,2.7471,2.7471,2.7531,2.7531,2.7521,2.7521,11
2026-04-24 02:11:00,2.7481,2.7481,2.7476,2.7481,2.7531,2.7531,2.7526,2.7531,5
2026-04-24 02:12:00,2.7491,2.7491,2.7486,2.7486,2.7541,2.7541,2.7536,2.7536,2
2026-04-24 02:13:00,2.7481,2.7486,2.7471,2.7481,2.7531,2.7536,2.7521,2.7531,10
2026-04-24 02:14:00,2.7476,2.7481,2.7471,2.7471,2.7526,2.7531,2.7521,2.7521,4
2026-04-24 02:15:00,2.7466,2.7471,2.7451,2.7461,2.7516,2.7521,2.7501,2.7511,18
2026-04-24 02:16:00,2.7451,2.7461,2.7451,2.7461,2.7501,2.7511,2.7501,2.7511,7
2026-04-24 02:17:00,2.7456,2.7461,2.7451,2.7461,2.7506,2.7511,2.7501,2.7511,4
2026-04-24 02:19:00,2.7456,2.7466,2.7451,2.7466,2.7506,2.7516,2.7501,2.7516,4
2026-04-24 02:20:00,2.7461,2.7466,2.7461,2.7461,2.7511,2.7516,2.7511,2.7511,3
2026-04-24 02:21:00,2.7466,2.7471,2.7466,2.7466,2.7516,2.7521,2.7516,2.7516,3
2026-04-24 02:22:00,2.7471,2.7471,2.7471,2.7471,2.7521,2.7521,2.7521,2.7521,1
2026-04-24 02:24:00,2.7461,2.7466,2.7461,2.7461,2.7511,2.7516,2.7511,2.7511,3
2026-04-24 02:26:00,2.7471,2.7476,2.7461,2.7471,2.7521,2.7526,2.7511,2.7521,7
2026-04-24 02:27:00,2.7476,2.7476,2.7471,2.7471,2.7526,2.7526,2.7521,2.7521,2
2026-04-24 02:28:00,2.7476,2.7476,2.7466,2.7471,2.7526,2.7526,2.7516,2.7521,4
2026-04-24 02:29:00,2.7466,2.7476,2.7461,2.7471,2.7516,2.7526,2.7511,2.7521,6
2026-04-24 02:30:00,2.7466,2.7476,2.7466,2.7476,2.7516,2.7526,2.7516,2.7526,3
2026-04-24 02:31:00,2.7481,2.7481,2.7481,2.7481,2.7531,2.7531,2.7531,2.7531,1
2026-04-24 02:32:00,2.7486,2.7486,2.7481,2.7486,2.7536,2.7536,2.7531,2.7536,3
2026-04-24 02:33:00,2.7481,2.7491,2.7481,2.7491,2.7531,2.7541,2.7531,2.7541,5
2026-04-24 02:34:00,2.7486,2.7486,2.7486,2.7486,2.7536,2.7536,2.7536,2.7536,1
2026-04-24 02:35:00,2.7476,2.7476,2.7471,2.7471,2.7526,2.7526,2.7521,2.7521,2
2026-04-24 02:36:00,2.7481,2.7481,2.7471,2.7471,2.7531,2.7531,2.7521,2.7521,7
2026-04-24 02:37:00,2.7476,2.7481,2.7476,2.7481,2.7526,2.7531,2.7526,2.7531,2
2026-04-24 02:38:00,2.7476,2.7476,2.7471,2.7471,2.7526,2.7526,2.7521,2.7521,2
2026-04-24 02:40:00,2.7476,2.7476,2.7471,2.7471,2.7526,2.7526,2.7521,2.7521,2
2026-04-24 02:41:00,2.7461,2.7481,2.7461,2.7476,2.7511,2.7531,2.7511,2.7526,13
2026-04-24 02:42:00,2.7471,2.7471,2.7466,2.7471,2.7521,2.7521,2.7516,2.7521,3
2026-04-24 02:43:00,2.7476,2.7481,2.7476,2.7476,2.7526,2.7531,2.7526,2.7526,3
2026-04-24 02:44:00,2.7471,2.7476,2.7471,2.7476,2.7521,2.7526,2.7521,2.7526,2
2026-04-24 02:45:00,2.7481,2.7481,2.7476,2.7481,2.7531,2.7531,2.7526,2.7531,3
2026-04-24 02:46:00,2.7476,2.7481,2.7476,2.7481,2.7526,2.7531,2.7526,2.7531,2
2026-04-24 02:47:00,2.7476,2.7476,2.7476,2.7476,2.7526,2.7526,2.7526,2.7526,1
2026-04-24 02:48:00,2.7481,2.7491,2.7481,2.7491,2.7531,2.7541,2.7531,2.7541,5
2026-04-24 02:49:00,2.7496,2.7496,2.7486,2.7491,2.7546,2.7546,2.7536,2.7541,5
2026-04-24 02:51:00,2.7496,2.7501,2.7491,2.7496,2.7546,2.7551,2.7541,2.7546,9
2026-04-24 02:53:00,2.7491,2.7491,2.7491,2.7491,2.7541,2.7541,2.7541,2.7541,1
2026-04-24 02:54:00,2.7486,2.7491,2.7486,2.7486,2.7536,2.7541,2.7536,2.7536,3
2026-04-24 02:55:00,2.7491,2.7491,2.7481,2.7481,2.7541,2.7541,2.7531,2.7531,4
2026-04-24 02:57:00,2.7486,2.7486,2.7486,2.7486,2.7536,2.7536,2.7536,2.7536,1
2026-04-24 02:58:00,2.7481,2.7486,2.7481,2.7486,2.7531,2.7536,2.7531,2.7536,2
2026-04-24 02:59:00,2.7481,2.7486,2.7471,2.7481,2.7531,2.7536,2.7521,2.7531,5
2026-04-24 03:00:00,2.7476,2.7486,2.7471,2.7481,2.7526,2.7536,2.7521,2.7531,12
2026-04-24 03:01:00,2.7486,2.7491,2.7486,2.7486,2.7536,2.7541,2.7536,2.7536,5
2026-04-24 03:02:00,2.7491,2.7491,2.7486,2.7486,2.7541,2.7541,2.7536,2.7536,4
2026-04-24 03:03:00,2.7481,2.7481,2.7481,2.7481,2.7531,2.7531,2.7531,2.7531,1
2026-04-24 03:04:00,2.7486,2.7491,2.7486,2.7486,2.7536,2.7541,2.7536,2.7536,13
2026-04-24 03:05:00,2.7491,2.7491,2.7481,2.7481,2.7541,2.7541,2.7531,2.7531,5
2026-04-24 03:06:00,2.7476,2.7481,2.7461,2.7471,2.7526,2.7531,2.7511,2.7521,10
2026-04-24 03:07:00,2.7476,2.7481,2.7471,2.7471,2.7526,2.7531,2.7521,2.7521,5
2026-04-24 03:08:00,2.7476,2.7476,2.7476,2.7476,2.7526,2.7526,2.7526,2.7526,1
2026-04-24 03:09:00,2.7481,2.7481,2.7481,2.7481,2.7531,2.7531,2.7531,2.7531,1
2026-04-24 03:10:00,2.7486,2.7486,2.7481,2.7481,2.7536,2.7536,2.7531,2.7531,2
2026-04-24 03:11:00,2.7476,2.7476,2.7461,2.7466,2.7526,2.7526,2.7511,2.7516,7
2026-04-24 03:12:00,2.7471,2.7476,2.7461,2.7471,2.7521,2.7526,2.7511,2.7521,8
2026-04-24 03:13:00,2.7466,2.7466,2.7441,2.7461,2.7516,2.7516,2.7491,2.7511,9
2026-04-24 03:14:00,2.7471,2.7471,2.7461,2.7466,2.7521,2.7521,2.7511,2.7516,4
2026-04-24 03:15:00,2.7461,2.7466,2.7456,2.7461,2.7511,2.7516,2.7506,2.7511,7
2026-04-24 03:16:00,2.7456,2.7456,2.7456,2.7456,2.7506,2.7506,2.7506,2.7506,1
2026-04-24 03:17:00,2.7461,2.7471,2.7451,2.7451,2.7511,2.7521,2.7501,2.7501,5
2026-04-24 03:18:00,2.7456,2.7456,2.7441,2.7446,2.7506,2.7506,2.7491,2.7496,6
2026-04-24 03:19:00,2.7451,2.7451,2.7441,2.7441,2.7501,2.7501,2.7491,2.7491,5
2026-04-24 03:21:00,2.7451,2.7471,2.7441,2.7471,2.7501,2.7521,2.7491,2.7521,12
2026-04-24 03:22:00,2.7466,2.7471,2.7466,2.7471,2.7516,2.7521,2.7516,2.7521,4
2026-04-24 03:24:00,2.7466,2.7466,2.7466,2.7466,2.7516,2.7516,2.7516,2.7516,1
2026-04-24 03:25:00,2.7461,2.7471,2.7461,2.7471,2.7511,2.7521,2.7511,2.7521,3
2026-04-24 03:26:00,2.7466,2.7466,2.7466,2.7466,2.7516,2.7516,2.7516,2.7516,1
2026-04-24 03:29:00,2.7471,2.7471,2.7466,2.7471,2.7521,2.7521,2.7516,2.7521,3
2026-04-24 03:30:00,2.7466,2.7466,2.7466,2.7466,2.7516,2.7516,2.7516,2.7516,1
2026-04-24 03:31:00,2.7461,2.7461,2.7461,2.7461,2.7511,2.7511,2.7511,2.7511,1
2026-04-24 03:32:00,2.7471,2.7481,2.7471,2.7481,2.7521,2.7531,2.7521,2.7531,2
2026-04-24 03:33:00,2.7476,2.7481,2.7476,2.7481,2.7526,2.7531,2.7526,2.7531,2
2026-04-24 03:34:00,2.7476,2.7481,2.7476,2.7481,2.7526,2.7531,2.7526,2.7531,8
2026-04-24 03:35:00,2.7491,2.7496,2.7481,2.7491,2.7541,2.7546,2.7531,2.7541,5
2026-04-24 03:36:00,2.7486,2.7491,2.7486,2.7486,2.7536,2.7541,2.7536,2.7536,3
2026-04-24 03:37:00,2.7481,2.7481,2.7461,2.7466,2.7531,2.7531,2.7511,2.7516,7
2026-04-24 03:38:00,2.7461,2.7466,2.7451,2.7456,2.7511,2.7516,2.7501,2.7506,9
2026-04-24 03:39:00,2.7461,2.7461,2.7456,2.7456,2.7511,2.7511,2.7506,2.7506,4
2026-04-24 03:40:00,2.7461,2.7461,2.7441,2.7441,2.7511,2.7511,2.7491,2.7491,21
2026-04-24 03:41:00,2.7446,2.7451,2.7441,2.7446,2.7496,2.7501,2.7491,2.7496,5
2026-04-24 03:42:00,2.7451,2.7451,2.7441,2.7441,2.7501,2.7501,2.7491,2.7491,4
2026-04-24 03:43:00,2.7446,2.7451,2.7441,2.7451,2.7496,2.7501,2.7491,2.7501,5
2026-04-24 03:45:00,2.7446,2.7451,2.7441,2.7441,2.7496,2.7501,2.7491,2.7491,7
2026-04-24 03:46:00,2.7451,2.7451,2.7441,2.7441,2.7501,2.7501,2.7491,2.7491,9
2026-04-24 03:47:00,2.7451,2.7461,2.7451,2.7456,2.7501,2.7511,2.7501,2.7506,8
2026-04-24 03:48:00,2.7451,2.7451,2.7441,2.7446,2.7501,2.7501,2.7491,2.7496,7
2026-04-24 03:49:00,2.7451,2.7451,2.7446,2.7446,2.7501,2.7501,2.7496,2.7496,2
2026-04-24 03:50:00,2.7451,2.7451,2.7451,2.7451,2.7501,2.7501,2.7501,2.7501,1
2026-04-24 03:51:00,2.7456,2.7456,2.7451,2.7451,2.7506,2.7506,2.7501,2.7501,2
2026-04-24 03:53:00,2.7456,2.7456,2.7451,2.7451,2.7506,2.7506,2.7501,2.7501,2
2026-04-24 03:54:00,2.7456,2.7456,2.7451,2.7451,2.7506,2.7506,2.7501,2.7501,2
2026-04-24 03:55:00,2.7456,2.7461,2.7456,2.7461,2.7506,2.7511,2.7506,2.7511,2
2026-04-24 03:56:00,2.7466,2.7471,2.7451,2.7451,2.7516,2.7521,2.7501,2.7501,7
2026-04-24 03:57:00,2.7441,2.7446,2.7441,2.7441,2.7491,2.7496,2.7491,2.7491,13
2026-04-24 03:58:00,2.7446,2.7446,2.7441,2.7441,2.7496,2.7496,2.7491,2.7491,10
2026-04-24 03:59:00,2.7451,2.7451,2.7446,2.7446,2.7501,2.7501,2.7496,2.7496,2
2026-04-24 04:00:00,2.7451,2.7451,2.7451,2.7451,2.7501,2.7501,2.7501,2.7501,1
2026-04-24 04:01:00,2.7446,2.7446,2.7441,2.7446,2.7496,2.7496,2.7491,2.7496,3
2026-04-24 04:02:00,2.7451,2.7451,2.7451,2.7451,2.7501,2.7501,2.7501,2.7501,1
2026-04-24 04:05:00,2.7456,2.7461,2.7451,2.7451,2.7506,2.7511,2.7501,2.7501,3
2026-04-24 04:06:00,2.7441,2.7451,2.7441,2.7451,2.7491,2.7501,2.7491,2.7501,5
2026-04-24 04:07:00,2.7446,2.7451,2.7446,2.7451,2.7496,2.7501,2.7496,2.7501,2
2026-04-24 04:08:00,2.7446,2.7446,2.7446,2.7446,2.7496,2.7496,2.7496,2.7496,1
2026-04-24 04:09:00,2.7451,2.7451,2.7446,2.7451,2.7501,2.7501,2.7496,2.7501,3
2026-04-24 04:11:00,2.7446,2.7446,2.7446,2.7446,2.7496,2.7496,2.7496,2.7496,1
2026-04-24 04:12:00,2.7451,2.7451,2.7451,2.7451,2.7501,2.7501,2.7501,2.7501,1
2026-04-24 04:13:00,2.7446,2.7446,2.7441,2.7441,2.7496,2.7496,2.7491,2.7491,2
2026-04-24 04:16:00,2.7431,2.7441,2.7411,2.7441,2.7481,2.7491,2.7461,2.7491,15
2026-04-24 04:17:00,2.7431,2.7446,2.7431,2.7446,2.7481,2.7496,2.7481,2.7496,5
2026-04-24 04:18:00,2.7451,2.7451,2.7451,2.7451,2.7501,2.7501,2.7501,2.7501,1
2026-04-24 04:19:00,2.7446,2.7446,2.7431,2.7431,2.7496,2.7496,2.7481,2.7481,4
2026-04-24 04:21:00,2.7421,2.7431,2.7421,2.7431,2.7471,2.7481,2.7471,2.7481,2
2026-04-24 04:25:00,2.7421,2.7431,2.7421,2.7426,2.7471,2.7481,2.7471,2.7476,3
2026-04-24 04:26:00,2.7431,2.7431,2.7431,2.7431,2.7481,2.7481,2.7481,2.7481,1
2026-04-24 04:27:00,2.7436,2.7436,2.7436,2.7436,2.7486,2.7486,2.7486,2.7486,1
2026-04-24 04:28:00,2.7441,2.7441,2.7421,2.7431,2.7491,2.7491,2.7471,2.7481,6
2026-04-24 04:29:00,2.7441,2.7441,2.7431,2.7431,2.7491,2.7491,2.7481,2.7481,3
2026-04-24 04:30:00,2.7426,2.7431,2.7426,2.7426,2.7476,2.7481,2.7476,2.7476,3
2026-04-24 04:31:00,2.7421,2.7426,2.7416,2.7421,2.7471,2.7476,2.7466,2.7471,5
2026-04-24 04:32:00,2.7416,2.7421,2.7416,2.7421,2.7466,2.7471,2.7466,2.7471,10
2026-04-24 04:33:00,2.7416,2.7421,2.7411,2.7416,2.7466,2.7471,2.7461,2.7466,11
2026-04-24 04:34:00,2.7411,2.7411,2.7406,2.7411,2.7461,2.7461,2.7456,2.7461,3
2026-04-24 04:35:00,2.7406,2.7411,2.7406,2.7406,2.7456,2.7461,2.7456,2.7456,9
2026-04-24 04:36:00,2.7411,2.7416,2.7411,2.7411,2.7461,2.7466,2.7461,2.7461,3
2026-04-24 04:37:00,2.7416,2.7421,2.7411,2.7411,2.7466,2.7471,2.7461,2.7461,6
2026-04-24 04:38:00,2.7416,2.7416,2.7401,2.7401,2.7466,2.7466,2.7451,2.7451,6
2026-04-24 04:39:00,2.7411,2.7411,2.7411,2.7411,2.7461,2.7461,2.7461,2.7461,1
2026-04-24 04:44:00,2.7421,2.7421,2.7411,2.7411,2.7471,2.7471,2.7461,2.7461,3
2026-04-24 04:45:00,2.7416,2.7416,2.7416,2.7416,2.7466,2.7466,2.7466,2.7466,1
2026-04-24 04:46:00,2.7411,2.7416,2.7411,2.7411,2.7461,2.7466,2.7461,2.7461,3
2026-04-24 04:47:00,2.7416,2.7416,2.7411,2.7411,2.7466,2.7466,2.7461,2.7461,2
2026-04-24 04:49:00,2.7421,2.7421,2.7411,2.7411,2.7471,2.7471,2.7461,2.7461,2
2026-04-24 04:51:00,2.7416,2.7416,2.7411,2.7411,2.7466,2.7466,2.7461,2.7461,2
2026-04-24 04:53:00,2.7406,2.7411,2.7401,2.7411,2.7456,2.7461,2.7451,2.7461,7
2026-04-24 04:54:00,2.7421,2.7421,2.7401,2.7406,2.7471,2.7471,2.7451,2.7456,5
2026-04-24 04:55:00,2.7411,2.7411,2.7411,2.7411,2.7461,2.7461,2.7461,2.7461,1
2026-04-24 04:58:00,2.7416,2.7416,2.7411,2.7416,2.7466,2.7466,2.7461,2.7466,7
2026-04-24 04:59:00,2.7421,2.7421,2.7411,2.7411,2.7471,2.7471,2.7461,2.7461,3
2026-04-24 05:00:00,2.7416,2.7416,2.7411,2.7411,2.7466,2.7466,2.7461,2.7461,4
2026-04-24 05:02:00,2.7421,2.7421,2.7411,2.7416,2.7471,2.7471,2.7461,2.7466,4
2026-04-24 05:04:00,2.7421,2.7421,2.7411,2.7411,2.7471,2.7471,2.7461,2.7461,5
2026-04-24 05:05:00,2.7416,2.7416,2.7411,2.7416,2.7466,2.7466,2.7461,2.7466,3
2026-04-24 05:06:00,2.7421,2.7421,2.7411,2.7411,2.7471,2.7471,2.7461,2.7461,3
2026-04-24 05:07:00,2.7401,2.7401,2.7401,2.7401,2.7451,2.7451,2.7451,2.7451,1
2026-04-24 05:08:00,2.7391,2.7401,2.7391,2.7401,2.7441,2.7451,2.7441,2.7451,5
2026-04-24 05:10:00,2.7406,2.7406,2.7406,2.7406,2.7456,2.7456,2.7456,2.7456,1
2026-04-24 05:12:00,2.7401,2.7401,2.7401,2.7401,2.7451,2.7451,2.7451,2.7451,1
2026-04-24 05:13:00,2.7396,2.7401,2.7391,2.7391,2.7446,2.7451,2.7441,2.7441,8
2026-04-24 05:14:00,2.7396,2.7401,2.7396,2.7396,2.7446,2.7451,2.7446,2.7446,3
2026-04-24 05:15:00,2.7391,2.7391,2.7391,2.7391,2.7441,2.7441,2.7441,2.7441,1
2026-04-24 05:18:00,2.7386,2.7386,2.7386,2.7386,2.7436,2.7436,2.7436,2.7436,1
2026-04-24 05:20:00,2.7391,2.7391,2.7381,2.7386,2.7441,2.7441,2.7431,2.7436,5
2026-04-24 05:21:00,2.7381,2.7381,2.7381,2.7381,2.7431,2.7431,2.7431,2.7431,1
2026-04-24 05:23:00,2.7386,2.7391,2.7386,2.7391,2.7436,2.7441,2.7436,2.7441,2
2026-04-24 05:24:00,2.7381,2.7381,2.7371,2.7381,2.7431,2.7431,2.7421,2.7431,3
2026-04-24 05:25:00,2.7371,2.7381,2.7351,2.7376,2.7421,2.7431,2.7401,2.7426,25
2026-04-24 05:26:00,2.7371,2.7376,2.7371,2.7371,2.7421,2.7426,2.7421,2.7421,7
2026-04-24 05:27:00,2.7376,2.7391,2.7371,2.7386,2.7426,2.7441,2.7421,2.7436,11
2026-04-24 05:28:00,2.7381,2.7401,2.7381,2.7391,2.7431,2.7451,2.7431,2.7441,6
2026-04-24 05:29:00,2.7396,2.7401,2.7391,2.7391,2.7446,2.7451,2.7441,2.7441,3
2026-04-24 05:30:00,2.7396,2.7401,2.7391,2.7391,2.7446,2.7451,2.7441,2.7441,10
2026-04-24 05:31:00,2.7381,2.7391,2.7376,2.7381,2.7431,2.7441,2.7426,2.7431,10
2026-04-24 05:33:00,2.7376,2.7376,2.7371,2.7371,2.7426,2.7426,2.7421,2.7421,2
2026-04-24 05:34:00,2.7381,2.7381,2.7371,2.7371,2.7431,2.7431,2.7421,2.7421,2
2026-04-24 05:35:00,2.7381,2.7386,2.7381,2.7386,2.7431,2.7436,2.7431,2.7436,2
2026-04-24 05:36:00,2.7381,2.7386,2.7381,2.7381,2.7431,2.7436,2.7431,2.7431,5
2026-04-24 05:38:00,2.7386,2.7391,2.7381,2.7391,2.7436,2.7441,2.7431,2.7441,6
2026-04-24 05:39:00,2.7386,2.7386,2.7381,2.7381,2.7436,2.7436,2.7431,2.7431,2
2026-04-24 05:45:00,2.7371,2.7381,2.7371,2.7381,2.7421,2.7431,2.7421,2.7431,6
2026-04-24 05:46:00,2.7371,2.7376,2.7371,2.7371,2.7421,2.7426,2.7421,2.7421,3
2026-04-24 05:47:00,2.7376,2.7381,2.7376,2.7381,2.7426,2.7431,2.7426,2.7431,6
2026-04-24 05:48:00,2.7376,2.7381,2.7371,2.7376,2.7426,2.7431,2.7421,2.7426,9
2026-04-24 05:49:00,2.7371,2.7376,2.7371,2.7371,2.7421,2.7426,2.7421,2.7421,7
2026-04-24 05:50:00,2.7376,2.7376,2.7371,2.7376,2.7426,2.7426,2.7421,2.7426,3
2026-04-24 05:51:00,2.7381,2.7381,2.7376,2.7381,2.7431,2.7431,2.7426,2.7431,5
2026-04-24 05:52:00,2.7376,2.7381,2.7376,2.7381,2.7426,2.7431,2.7426,2.7431,2
2026-04-24 05:53:00,2.7386,2.7391,2.7386,2.7391,2.7436,2.7441,2.7436,2.7441,2
2026-04-24 05:56:00,2.7381,2.7391,2.7381,2.7391,2.7431,2.7441,2.7431,2.7441,4
2026-04-24 05:57:00,2.7386,2.7401,2.7381,2.7401,2.7436,2.7451,2.7431,2.7451,5
2026-04-24 05:58:00,2.7391,2.7401,2.7391,2.7396,2.7441,2.7451,2.7441,2.7446,8
2026-04-24 05:59:00,2.7391,2.7396,2.7391,2.7391,2.7441,2.7446,2.7441,2.7441,7
2026-04-24 06:00:00,2.7396,2.7411,2.7396,2.7406,2.7446,2.7461,2.7446,2.7456,6
2026-04-24 06:01:00,2.7411,2.7411,2.7401,2.7406,2.7461,2.7461,2.7451,2.7456,6
2026-04-24 06:02:00,2.7401,2.7406,2.7401,2.7401,2.7451,2.7456,2.7451,2.7451,3
2026-04-24 06:03:00,2.7406,2.7411,2.7391,2.7401,2.7456,2.7461,2.7441,2.7451,6
2026-04-24 06:05:00,2.7391,2.7401,2.7391,2.7396,2.7441,2.7451,2.7441,2.7446,7
2026-04-24 06:06:00,2.7391,2.7391,2.7391,2.7391,2.7441,2.7441,2.7441,2.7441,1
2026-04-24 06:07:00,2.7396,2.7396,2.7381,2.7381,2.7446,2.7446,2.7431,2.7431,9
2026-04-24 06:08:00,2.7391,2.7391,2.7381,2.7381,2.7441,2.7441,2.7431,2.7431,2
2026-04-24 06:09:00,2.7376,2.7386,2.7376,2.7381,2.7426,2.7436,2.7426,2.7431,4
2026-04-24 06:10:00,2.7376,2.7381,2.7371,2.7381,2.7426,2.7431,2.7421,2.7431,6
2026-04-24 06:11:00,2.7376,2.7381,2.7376,2.7381,2.7426,2.7431,2.7426,2.7431,4
2026-04-24 06:12:00,2.7376,2.7381,2.7371,2.7381,2.7426,2.7431,2.7421,2.7431,4
2026-04-24 06:13:00,2.7386,2.7386,2.7386,2.7386,2.7436,2.7436,2.7436,2.7436,1
2026-04-24 06:14:00,2.7381,2.7386,2.7381,2.7381,2.7431,2.7436,2.7431,2.7431,3
2026-04-24 06:15:00,2.7386,2.7401,2.7386,2.7391,2.7436,2.7451,2.7436,2.7441,15
2026-04-24 06:16:00,2.7396,2.7396,2.7396,2.7396,2.7446,2.7446,2.7446,2.7446,1
2026-04-24 06:17:00,2.7391,2.7396,2.7391,2.7396,2.7441,2.7446,2.7441,2.7446,2
2026-04-24 06:18:00,2.7401,2.7401,2.7396,2.7401,2.7451,2.7451,2.7446,2.7451,3
2026-04-24 06:19:00,2.7396,2.7401,2.7396,2.7401,2.7446,2.7451,2.7446,2.7451,2
2026-04-24 06:20:00,2.7396,2.7401,2.7396,2.7401,2.7446,2.7451,2.7446,2.7451,2
2026-04-24 06:21:00,2.7396,2.7396,2.7381,2.7391,2.7446,2.7446,2.7431,2.7441,8
2026-04-24 06:22:00,2.7386,2.7391,2.7386,2.7386,2.7436,2.7441,2.7436,2.7436,3
2026-04-24 06:23:00,2.7381,2.7386,2.7376,2.7376,2.7431,2.7436,2.7426,2.7426,12
2026-04-24 06:24:00,2.7381,2.7381,2.7381,2.7381,2.7431,2.7431,2.7431,2.7431,1
2026-04-24 06:25:00,2.7371,2.7386,2.7371,2.7381,2.7421,2.7436,2.7421,2.7431,6
2026-04-24 06:31:00,2.7386,2.7391,2.7381,2.7391,2.7436,2.7441,2.7431,2.7441,4
2026-04-24 06:32:00,2.7381,2.7391,2.7381,2.7386,2.7431,2.7441,2.7431,2.7436,8
2026-04-24 06:33:00,2.7381,2.7386,2.7381,2.7386,2.7431,2.7436,2.7431,2.7436,4
2026-04-24 06:35:00,2.7381,2.7386,2.7381,2.7381,2.7431,2.7436,2.7431,2.7431,3
2026-04-24 06:36:00,2.7386,2.7386,2.7381,2.7381,2.7436,2.7436,2.7431,2.7431,2
2026-04-24 06:37:00,2.7391,2.7391,2.7381,2.7391,2.7441,2.7441,2.7431,2.7441,5
2026-04-24 06:39:00,2.7396,2.7401,2.7391,2.7391,2.7446,2.7451,2.7441,2.7441,7
2026-04-24 06:43:00,2.7386,2.7386,2.7386,2.7386,2.7436,2.7436,2.7436,2.7436,1
2026-04-24 06:45:00,2.7381,2.7381,2.7381,2.7381,2.7431,2.7431,2.7431,2.7431,1
2026-04-24 06:47:00,2.7376,2.7381,2.7371,2.7376,2.7426,2.7431,2.7421,2.7426,10
2026-04-24 06:48:00,2.7371,2.7381,2.7371,2.7376,2.7421,2.7431,2.7421,2.7426,3
2026-04-24 06:49:00,2.7381,2.7381,2.7376,2.7376,2.7431,2.7431,2.7426,2.7426,4
2026-04-24 06:50:00,2.7371,2.7371,2.7371,2.7371,2.7421,2.7421,2.7421,2.7421,1
2026-04-24 06:51:00,2.7381,2.7381,2.7371,2.7371,2.7431,2.7431,2.7421,2.7421,3
2026-04-24 06:53:00,2.7381,2.7381,2.7371,2.7376,2.7431,2.7431,2.7421,2.7426,5
2026-04-24 06:54:00,2.7371,2.7381,2.7371,2.7381,2.7421,2.7431,2.7421,2.7431,3
2026-04-24 06:55:00,2.7371,2.7371,2.7371,2.7371,2.7421,2.7421,2.7421,2.7421,1
2026-04-24 06:56:00,2.7376,2.7376,2.7371,2.7371,2.7426,2.7426,2.7421,2.7421,2
2026-04-24 06:59:00,2.7376,2.7381,2.7371,2.7371,2.7426,2.7431,2.7421,2.7421,3
2026-04-24 07:00:00,2.7376,2.7381,2.7371,2.7376,2.7426,2.7431,2.7421,2.7426,14
2026-04-24 07:01:00,2.7381,2.7381,2.7371,2.7381,2.7431,2.7431,2.7421,2.7431,8
2026-04-24 07:05:00,2.7376,2.7391,2.7371,2.7391,2.7426,2.7441,2.7421,2.7441,9
2026-04-24 07:11:00,2.7396,2.7411,2.7396,2.7406,2.7446,2.7461,2.7446,2.7456,9
2026-04-24 07:12:00,2.7411,2.7411,2.7411,2.7411,2.7461,2.7461,2.7461,2.7461,1
2026-04-24 07:15:00,2.7406,2.7406,2.7406,2.7406,2.7456,2.7456,2.7456,2.7456,1
2026-04-24 07:16:00,2.7411,2.7431,2.7411,2.7431,2.7461,2.7481,2.7461,2.7481,3
2026-04-24 07:17:00,2.7441,2.7441,2.7431,2.7436,2.7491,2.7491,2.7481,2.7486,3
2026-04-24 07:18:00,2.7441,2.7441,2.7441,2.7441,2.7491,2.7491,2.7491,2.7491,1
2026-04-24 07:20:00,2.7446,2.7446,2.7441,2.7441,2.7496,2.7496,2.7491,2.7491,2
2026-04-24 07:21:00,2.7446,2.7446,2.7441,2.7441,2.7496,2.7496,2.7491,2.7491,4
2026-04-24 07:23:00,2.7431,2.7431,2.7431,2.7431,2.7481,2.7481,2.7481,2.7481,1
2026-04-24 07:26:00,2.7426,2.7426,2.7416,2.7416,2.7476,2.7476,2.7466,2.7466,3
2026-04-24 07:27:00,2.7411,2.7416,2.7411,2.7411,2.7461,2.7466,2.7461,2.7461,3
2026-04-24 07:28:00,2.7416,2.7416,2.7416,2.7416,2.7466,2.7466,2.7466,2.7466,1
2026-04-24 07:29:00,2.7411,2.7416,2.7406,2.7411,2.7461,2.7466,2.7456,2.7461,4
2026-04-24 07:30:00,2.7406,2.7411,2.7401,2.7411,2.7456,2.7461,2.7451,2.7461,4
2026-04-24 07:32:00,2.7421,2.7421,2.7406,2.7411,2.7471,2.7471,2.7456,2.7461,13
2026-04-24 07:33:00,2.7406,2.7411,2.7406,2.7411,2.7456,2.7461,2.7456,2.7461,2
2026-04-24 07:34:00,2.7406,2.7406,2.7401,2.7401,2.7456,2.7456,2.7451,2.7451,2
2026-04-24 07:35:00,2.7406,2.7406,2.7381,2.7391,2.7456,2.7456,2.7431,2.7441,8
2026-04-24 07:36:00,2.7396,2.7406,2.7396,2.7401,2.7446,2.7456,2.7446,2.7451,6
2026-04-24 07:37:00,2.7406,2.7406,2.7401,2.7401,2.7456,2.7456,2.7451,2.7451,4
2026-04-24 07:39:00,2.7406,2.7406,2.7401,2.7401,2.7456,2.7456,2.7451,2.7451,2
2026-04-24 07:40:00,2.7406,2.7406,2.7401,2.7401,2.7456,2.7456,2.7451,2.7451,4
2026-04-24 07:41:00,2.7391,2.7396,2.7391,2.7391,2.7441,2.7446,2.7441,2.7441,19
2026-04-24 07:42:00,2.7396,2.7396,2.7396,2.7396,2.7446,2.7446,2.7446,2.7446,1
2026-04-24 07:43:00,2.7401,2.7411,2.7401,2.7401,2.7451,2.7461,2.7451,2.7451,3
2026-04-24 07:44:00,2.7406,2.7406,2.7401,2.7401,2.7456,2.7456,2.7451,2.7451,2
2026-04-24 07:45:00,2.7411,2.7411,2.7411,2.7411,2.7461,2.7461,2.7461,2.7461,1
2026-04-24 07:46:00,2.7406,2.7411,2.7401,2.7401,2.7456,2.7461,2.7451,2.7451,4
2026-04-24 07:47:00,2.7406,2.7406,2.7396,2.7401,2.7456,2.7456,2.7446,2.7451,8
2026-04-24 07:50:00,2.7406,2.7406,2.7401,2.7401,2.7456,2.7456,2.7451,2.7451,4
2026-04-24 07:51:00,2.7406,2.7421,2.7406,2.7421,2.7456,2.7471,2.7456,2.7471,7
2026-04-24 07:52:00,2.7411,2.7411,2.7401,2.7406,2.7461,2.7461,2.7451,2.7456,3
2026-04-24 07:53:00,2.7401,2.7421,2.7401,2.7411,2.7451,2.7471,2.7451,2.7461,22
2026-04-24 07:54:00,2.7416,2.7416,2.7416,2.7416,2.7466,2.7466,2.7466,2.7466,1
2026-04-24 07:55:00,2.7411,2.7421,2.7411,2.7416,2.7461,2.7471,2.7461,2.7466,4
2026-04-24 07:56:00,2.7421,2.7421,2.7421,2.7421,2.7471,2.7471,2.7471,2.7471,1
2026-04-24 07:57:00,2.7416,2.7416,2.7411,2.7411,2.7466,2.7466,2.7461,2.7461,2
2026-04-24 07:58:00,2.7421,2.7421,2.7411,2.7411,2.7471,2.7471,2.7461,2.7461,3
2026-04-24 07:59:00,2.7416,2.7416,2.7411,2.7411,2.7466,2.7466,2.7461,2.7461,2
2026-04-24 08:00:00,2.7406,2.7406,2.7386,2.7391,2.7456,2.7456,2.7436,2.7441,29
2026-04-24 08:01:00,2.7396,2.7411,2.7391,2.7391,2.7446,2.7461,2.7441,2.7441,9
2026-04-24 08:02:00,2.7401,2.7401,2.7396,2.7401,2.7451,2.7451,2.7446,2.7451,3
2026-04-24 08:03:00,2.7396,2.7401,2.7391,2.7396,2.7446,2.7451,2.7441,2.7446,6
2026-04-24 08:04:00,2.7401,2.7401,2.7396,2.7401,2.7451,2.7451,2.7446,2.7451,3
2026-04-24 08:05:00,2.7406,2.7411,2.7391,2.7391,2.7456,2.7461,2.7441,2.7441,9
2026-04-24 08:06:00,2.7386,2.7391,2.7386,2.7386,2.7436,2.7441,2.7436,2.7436,3
2026-04-24 08:07:00,2.7391,2.7391,2.7391,2.7391,2.7441,2.7441,2.7441,2.7441,1
2026-04-24 08:08:00,2.7396,2.7396,2.7396,2.7396,2.7446,2.7446,2.7446,2.7446,1
2026-04-24 08:09:00,2.7401,2.7401,2.7401,2.7401,2.7451,2.7451,2.7451,2.7451,1
2026-04-24 08:10:00,2.7411,2.7411,2.7401,2.7401,2.7461,2.7461,2.7451,2.7451,4
2026-04-24 08:11:00,2.7406,2.7411,2.7391,2.7401,2.7456,2.7461,2.7441,2.7451,7
2026-04-24 08:12:00,2.7396,2.7396,2.7381,2.7391,2.7446,2.7446,2.7431,2.7441,7
2026-04-24 08:13:00,2.7386,2.7391,2.7376,2.7376,2.7436,2.7441,2.7426,2.7426,7
2026-04-24 08:14:00,2.7381,2.7401,2.7381,2.7386,2.7431,2.7451,2.7431,2.7436,13
2026-04-24 08:15:00,2.7391,2.7401,2.7391,2.7401,2.7441,2.7451,2.7441,2.7451,5
2026-04-24 08:18:00,2.7391,2.7411,2.7391,2.7411,2.7441,2.7461,2.7441,2.7461,7
2026-04-24 08:21:00,2.7421,2.7431,2.7421,2.7421,2.7471,2.7481,2.7471,2.7471,11
2026-04-24 08:22:00,2.7426,2.7426,2.7421,2.7421,2.7476,2.7476,2.7471,2.7471,2
2026-04-24 08:23:00,2.7416,2.7421,2.7411,2.7416,2.7466,2.7471,2.7461,2.7466,7
2026-04-24 08:24:00,2.7411,2.7431,2.7411,2.7431,2.7461,2.7481,2.7461,2.7481,4
2026-04-24 08:25:00,2.7426,2.7431,2.7421,2.7431,2.7476,2.7481,2.7471,2.7481,13
2026-04-24 08:27:00,2.7426,2.7426,2.7421,2.7421,2.7476,2.7476,2.7471,2.7471,2
2026-04-24 08:31:00,2.7431,2.7431,2.7421,2.7426,2.7481,2.7481,2.7471,2.7476,6
2026-04-24 08:32:00,2.7431,2.7436,2.7426,2.7436,2.7481,2.7486,2.7476,2.7486,4
2026-04-24 08:33:00,2.7431,2.7441,2.7431,2.7441,2.7481,2.7491,2.7481,2.7491,3
2026-04-24 08:35:00,2.7431,2.7441,2.7431,2.7431,2.7481,2.7491,2.7481,2.7481,8
2026-04-24 08:36:00,2.7436,2.7441,2.7431,2.7431,2.7486,2.7491,2.7481,2.7481,3
2026-04-24 08:37:00,2.7436,2.7436,2.7431,2.7436,2.7486,2.7486,2.7481,2.7486,3
2026-04-24 08:38:00,2.7431,2.7436,2.7431,2.7436,2.7481,2.7486,2.7481,2.7486,2
2026-04-24 08:39:00,2.7431,2.7436,2.7431,2.7431,2.7481,2.7486,2.7481,2.7481,11
2026-04-24 08:40:00,2.7436,2.7436,2.7421,2.7426,2.7486,2.7486,2.7471,2.7476,4
2026-04-24 08:41:00,2.7421,2.7431,2.7421,2.7431,2.7471,2.7481,2.7471,2.7481,13
2026-04-24 08:42:00,2.7426,2.7426,2.7421,2.7421,2.7476,2.7476,2.7471,2.7471,20
2026-04-24 08:43:00,2.7426,2.7426,2.7421,2.7421,2.7476,2.7476,2.7471,2.7471,4
2026-04-24 08:44:00,2.7426,2.7431,2.7421,2.7426,2.7476,2.7481,2.7471,2.7476,15
2026-04-24 08:45:00,2.7431,2.7441,2.7421,2.7421,2.7481,2.7491,2.7471,2.7471,13
2026-04-24 08:46:00,2.7411,2.7426,2.7411,2.7421,2.7461,2.7476,2.7461,2.7471,5
2026-04-24 08:47:00,2.7431,2.7431,2.7411,2.7431,2.7481,2.7481,2.7461,2.7481,9
2026-04-24 08:48:00,2.7436,2.7451,2.7436,2.7451,2.7486,2.7501,2.7486,2.7501,18
2026-04-24 08:49:00,2.7446,2.7461,2.7441,2.7461,2.7496,2.7511,2.7491,2.7511,9
2026-04-24 08:50:00,2.7466,2.7471,2.7461,2.7461,2.7516,2.7521,2.7511,2.7511,7
2026-04-24 08:52:00,2.7466,2.7466,2.7461,2.7461,2.7516,2.7516,2.7511,2.7511,2
2026-04-24 08:53:00,2.7466,2.7471,2.7466,2.7471,2.7516,2.7521,2.7516,2.7521,2
2026-04-24 08:54:00,2.7476,2.7486,2.7466,2.7466,2.7526,2.7536,2.7516,2.7516,21
2026-04-24 08:55:00,2.7461,2.7471,2.7451,2.7451,2.7511,2.7521,2.7501,2.7501,24
2026-04-24 08:56:00,2.7446,2.7451,2.7416,2.7421,2.7496,2.7501,2.7466,2.7471,16
2026-04-24 08:57:00,2.7416,2.7436,2.7416,2.7431,2.7466,2.7486,2.7466,2.7481,11
2026-04-24 08:58:00,2.7426,2.7431,2.7411,2.7416,2.7476,2.7481,2.7461,2.7466,15
2026-04-24 08:59:00,2.7421,2.7431,2.7421,2.7421,2.7471,2.7481,2.7471,2.7471,5
2026-04-24 09:00:00,2.7426,2.7441,2.7411,2.7421,2.7476,2.7491,2.7461,2.7471,27
2026-04-24 09:01:00,2.7431,2.7431,2.7421,2.7421,2.7481,2.7481,2.7471,2.7471,10
2026-04-24 09:02:00,2.7416,2.7416,2.7371,2.7371,2.7466,2.7466,2.7421,2.7421,16
2026-04-24 09:03:00,2.7376,2.7376,2.7361,2.7361,2.7426,2.7426,2.7411,2.7411,8
2026-04-24 09:04:00,2.7371,2.7371,2.7361,2.7361,2.7421,2.7421,2.7411,2.7411,8
2026-04-24 09:05:00,2.7356,2.7361,2.7351,2.7356,2.7406,2.7411,2.7401,2.7406,11
2026-04-24 09:06:00,2.7351,2.7351,2.7336,2.7341,2.7401,2.7401,2.7386,2.7391,13
2026-04-24 09:07:00,2.7351,2.7371,2.7351,2.7366,2.7401,2.7421,2.7401,2.7416,7
2026-04-24 09:08:00,2.7361,2.7366,2.7346,2.7346,2.7411,2.7416,2.7396,2.7396,5
2026-04-24 09:09:00,2.7351,2.7361,2.7346,2.7356,2.7401,2.7411,2.7396,2.7406,9
2026-04-24 09:10:00,2.7361,2.7366,2.7351,2.7361,2.7411,2.7416,2.7401,2.7411,13
2026-04-24 09:11:00,2.7366,2.7371,2.7366,2.7371,2.7416,2.7421,2.7416,2.7421,2
2026-04-24 09:12:00,2.7366,2.7381,2.7366,2.7366,2.7416,2.7431,2.7416,2.7416,8
2026-04-24 09:13:00,2.7371,2.7371,2.7366,2.7371,2.7421,2.7421,2.7416,2.7421,5
2026-04-24 09:14:00,2.7376,2.7386,2.7376,2.7386,2.7426,2.7436,2.7426,2.7436,5
2026-04-24 09:15:00,2.7381,2.7391,2.7381,2.7391,2.7431,2.7441,2.7431,2.7441,4
2026-04-24 09:16:00,2.7381,2.7396,2.7381,2.7391,2.7431,2.7446,2.7431,2.7441,7
2026-04-24 09:17:00,2.7396,2.7401,2.7391,2.7396,2.7446,2.7451,2.7441,2.7446,5
2026-04-24 09:18:00,2.7401,2.7401,2.7401,2.7401,2.7451,2.7451,2.7451,2.7451,1
2026-04-24 09:19:00,2.7406,2.7421,2.7406,2.7411,2.7456,2.7471,2.7456,2.7461,6
2026-04-24 09:20:00,2.7406,2.7406,2.7391,2.7396,2.7456,2.7456,2.7441,2.7446,12
2026-04-24 09:21:00,2.7401,2.7401,2.7386,2.7396,2.7451,2.7451,2.7436,2.7446,11
2026-04-24 09:22:00,2.7401,2.7406,2.7401,2.7401,2.7451,2.7456,2.7451,2.7451,7
2026-04-24 09:23:00,2.7396,2.7401,2.7391,2.7401,2.7446,2.7451,2.7441,2.7451,6
2026-04-24 09:24:00,2.7396,2.7401,2.7391,2.7396,2.7446,2.7451,2.7441,2.7446,7
2026-04-24 09:25:00,2.7401,2.7406,2.7401,2.7401,2.7451,2.7456,2.7451,2.7451,7
2026-04-24 09:26:00,2.7411,2.7411,2.7401,2.7401,2.7461,2.7461,2.7451,2.7451,5
2026-04-24 09:27:00,2.7406,2.7421,2.7401,2.7421,2.7456,2.7471,2.7451,2.7471,6
2026-04-24 09:28:00,2.7411,2.7416,2.7411,2.7416,2.7461,2.7466,2.7461,2.7466,2
2026-04-24 09:29:00,2.7411,2.7411,2.7401,2.7401,2.7461,2.7461,2.7451,2.7451,2
2026-04-24 09:30:00,2.7406,2.7411,2.7406,2.7411,2.7456,2.7461,2.7456,2.7461,4
2026-04-24 09:31:00,2.7416,2.7416,2.7401,2.7411,2.7466,2.7466,2.7451,2.7461,9
2026-04-24 09:32:00,2.7406,2.7441,2.7401,2.7431,2.7456,2.7491,2.7451,2.7481,8
2026-04-24 09:33:00,2.7441,2.7441,2.7431,2.7436,2.7491,2.7491,2.7481,2.7486,8
2026-04-24 09:34:00,2.7431,2.7431,2.7421,2.7431,2.7481,2.7481,2.7471,2.7481,5
2026-04-24 09:35:00,2.7441,2.7441,2.7436,2.7436,2.7491,2.7491,2.7486,2.7486,2
2026-04-24 09:36:00,2.7431,2.7431,2.7431,2.7431,2.7481,2.7481,2.7481,2.7481,1
2026-04-24 09:37:00,2.7441,2.7446,2.7441,2.7441,2.7491,2.7496,2.7491,2.7491,7
2026-04-24 09:38:00,2.7431,2.7441,2.7431,2.7431,2.7481,2.7491,2.7481,2.7481,9
2026-04-24 09:39:00,2.7421,2.7436,2.7421,2.7436,2.7471,2.7486,2.7471,2.7486,3
2026-04-24 09:40:00,2.7441,2.7441,2.7431,2.7431,2.7491,2.7491,2.7481,2.7481,5
2026-04-24 09:41:00,2.7441,2.7461,2.7441,2.7456,2.7491,2.7511,2.7491,2.7506,7
2026-04-24 09:42:00,2.7461,2.7476,2.7461,2.7471,2.7511,2.7526,2.7511,2.7521,10
2026-04-24 09:43:00,2.7466,2.7481,2.7466,2.7476,2.7516,2.7531,2.7516,2.7526,6
2026-04-24 09:44:00,2.7481,2.7491,2.7481,2.7491,2.7531,2.7541,2.7531,2.7541,5
2026-04-24 09:45:00,2.7486,2.7501,2.7486,2.7486,2.7536,2.7551,2.7536,2.7536,9
2026-04-24 09:46:00,2.7491,2.7491,2.7481,2.7481,2.7541,2.7541,2.7531,2.7531,5
2026-04-24 09:47:00,2.7471,2.7491,2.7471,2.7491,2.7521,2.7541,2.7521,2.7541,9
2026-04-24 09:48:00,2.7486,2.7496,2.7481,2.7491,2.7536,2.7546,2.7531,2.7541,9
2026-04-24 09:49:00,2.7481,2.7501,2.7481,2.7491,2.7531,2.7551,2.7531,2.7541,8
2026-04-24 09:50:00,2.7496,2.7501,2.7481,2.7481,2.7546,2.7551,2.7531,2.7531,8
2026-04-24 09:51:00,2.7476,2.7486,2.7471,2.7471,2.7526,2.7536,2.7521,2.7521,13
2026-04-24 09:52:00,2.7476,2.7481,2.7471,2.7481,2.7526,2.7531,2.7521,2.7531,10
2026-04-24 09:53:00,2.7476,2.7481,2.7471,2.7471,2.7526,2.7531,2.7521,2.7521,9
2026-04-24 09:54:00,2.7461,2.7461,2.7456,2.7456,2.7511,2.7511,2.7506,2.7506,2
2026-04-24 09:55:00,2.7451,2.7451,2.7441,2.7441,2.7501,2.7501,2.7491,2.7491,4
2026-04-24 09:56:00,2.7436,2.7441,2.7426,2.7431,2.7486,2.7491,2.7476,2.7481,6
2026-04-24 09:57:00,2.7441,2.7441,2.7431,2.7441,2.7491,2.7491,2.7481,2.7491,3
2026-04-24 09:58:00,2.7436,2.7441,2.7431,2.7431,2.7486,2.7491,2.7481,2.7481,3
2026-04-24 09:59:00,2.7426,2.7431,2.7426,2.7426,2.7476,2.7481,2.7476,2.7476,3
2026-04-24 10:00:00,2.7431,2.7446,2.7426,2.7431,2.7481,2.7496,2.7476,2.7481,17
2026-04-24 10:01:00,2.7421,2.7441,2.7421,2.7431,2.7471,2.7491,2.7471,2.7481,14
2026-04-24 10:02:00,2.7441,2.7441,2.7431,2.7431,2.7491,2.7491,2.7481,2.7481,5
2026-04-24 10:03:00,2.7426,2.7441,2.7411,2.7421,2.7476,2.7491,2.7461,2.7471,13
2026-04-24 10:04:00,2.7431,2.7471,2.7431,2.7451,2.7481,2.7521,2.7481,2.7501,29
2026-04-24 10:05:00,2.7461,2.7471,2.7451,2.7471,2.7511,2.7521,2.7501,2.7521,12
2026-04-24 10:06:00,2.7461,2.7496,2.7461,2.7481,2.7511,2.7546,2.7511,2.7531,19
2026-04-24 10:07:00,2.7486,2.7496,2.7481,2.7486,2.7536,2.7546,2.7531,2.7536,16
2026-04-24 10:08:00,2.7491,2.7501,2.7476,2.7491,2.7541,2.7551,2.7526,2.7541,14
2026-04-24 10:09:00,2.7496,2.7506,2.7491,2.7491,2.7546,2.7556,2.7541,2.7541,13
2026-04-24 10:10:00,2.7501,2.7511,2.7491,2.7491,2.7551,2.7561,2.7541,2.7541,10
2026-04-24 10:11:00,2.7496,2.7511,2.7496,2.7506,2.7546,2.7561,2.7546,2.7556,11
2026-04-24 10:12:00,2.7501,2.7511,2.7491,2.7501,2.7551,2.7561,2.7541,2.7551,17
2026-04-24 10:13:00,2.7496,2.7501,2.7491,2.7491,2.7546,2.7551,2.7541,2.7541,7
2026-04-24 10:14:00,2.7496,2.7501,2.7491,2.7501,2.7546,2.7551,2.7541,2.7551,6
2026-04-24 10:15:00,2.7496,2.7496,2.7436,2.7436,2.7546,2.7546,2.7486,2.7486,27
2026-04-24 10:16:00,2.7441,2.7451,2.7441,2.7446,2.7491,2.7501,2.7491,2.7496,13
2026-04-24 10:17:00,2.7441,2.7461,2.7441,2.7456,2.7491,2.7511,2.7491,2.7506,17
2026-04-24 10:18:00,2.7461,2.7476,2.7456,2.7461,2.7511,2.7526,2.7506,2.7511,13
2026-04-24 10:19:00,2.7466,2.7481,2.7461,2.7471,2.7516,2.7531,2.7511,2.7521,8
2026-04-24 10:20:00,2.7461,2.7466,2.7456,2.7466,2.7511,2.7516,2.7506,2.7516,6
2026-04-24 10:21:00,2.7461,2.7466,2.7451,2.7466,2.7511,2.7516,2.7501,2.7516,11
2026-04-24 10:22:00,2.7461,2.7481,2.7461,2.7481,2.7511,2.7531,2.7511,2.7531,11
2026-04-24 10:23:00,2.7471,2.7491,2.7471,2.7491,2.7521,2.7541,2.7521,2.7541,8
2026-04-24 10:24:00,2.7486,2.7491,2.7481,2.7486,2.7536,2.7541,2.7531,2.7536,12
2026-04-24 10:25:00,2.7481,2.7491,2.7481,2.7491,2.7531,2.7541,2.7531,2.7541,3
2026-04-24 10:26:00,2.7496,2.7496,2.7486,2.7491,2.7546,2.7546,2.7536,2.7541,8
2026-04-24 10:27:00,2.7501,2.7511,2.7501,2.7506,2.7551,2.7561,2.7551,2.7556,7
2026-04-24 10:28:00,2.7501,2.7511,2.7501,2.7506,2.7551,2.7561,2.7551,2.7556,9
2026-04-24 10:29:00,2.7501,2.7511,2.7491,2.7511,2.7551,2.7561,2.7541,2.7561,14
2026-04-24 10:30:00,2.7506,2.7511,2.7491,2.7501,2.7556,2.7561,2.7541,2.7551,8
2026-04-24 10:31:00,2.7496,2.7501,2.7491,2.7501,2.7546,2.7551,2.7541,2.7551,14
2026-04-24 10:32:00,2.7496,2.7501,2.7486,2.7491,2.7546,2.7551,2.7536,2.7541,7
2026-04-24 10:33:00,2.7496,2.7501,2.7496,2.7496,2.7546,2.7551,2.7546,2.7546,3
2026-04-24 10:34:00,2.7501,2.7511,2.7496,2.7501,2.7551,2.7561,2.7546,2.7551,6
2026-04-24 10:35:00,2.7491,2.7491,2.7471,2.7471,2.7541,2.7541,2.7521,2.7521,7
2026-04-24 10:36:00,2.7461,2.7471,2.7451,2.7466,2.7511,2.7521,2.7501,2.7516,10
2026-04-24 10:37:00,2.7461,2.7476,2.7456,2.7461,2.7511,2.7526,2.7506,2.7511,10
2026-04-24 10:38:00,2.7466,2.7481,2.7461,2.7476,2.7516,2.7531,2.7511,2.7526,24
2026-04-24 10:39:00,2.7481,2.7481,2.7411,2.7416,2.7531,2.7531,2.7461,2.7466,17
2026-04-24 10:40:00,2.7431,2.7431,2.7401,2.7411,2.7481,2.7481,2.7451,2.7461,18
2026-04-24 10:41:00,2.7406,2.7426,2.7401,2.7421,2.7456,2.7476,2.7451,2.7471,19
2026-04-24 10:42:00,2.7426,2.7446,2.7426,2.7431,2.7476,2.7496,2.7476,2.7481,22
2026-04-24 10:43:00,2.7441,2.7451,2.7436,2.7436,2.7491,2.7501,2.7486,2.7486,12
2026-04-24 10:44:00,2.7441,2.7441,2.7426,2.7431,2.7491,2.7491,2.7476,2.7481,15
2026-04-24 10:45:00,2.7421,2.7421,2.7391,2.7401,2.7471,2.7471,2.7441,2.7451,17
2026-04-24 10:46:00,2.7396,2.7401,2.7381,2.7401,2.7446,2.7451,2.7431,2.7451,25
2026-04-24 10:47:00,2.7396,2.7401,2.7386,2.7401,2.7446,2.7451,2.7436,2.7451,21
2026-04-24 10:48:00,2.7406,2.7431,2.7401,2.7431,2.7456,2.7481,2.7451,2.7481,7
2026-04-24 10:49:00,2.7436,2.7441,2.7401,2.7401,2.7486,2.7491,2.7451,2.7451,8
2026-04-24 10:50:00,2.7396,2.7411,2.7396,2.7406,2.7446,2.7461,2.7446,2.7456,14
2026-04-24 10:51:00,2.7391,2.7406,2.7386,2.7391,2.7441,2.7456,2.7436,2.7441,17
2026-04-24 10:52:00,2.7386,2.7401,2.7386,2.7401,2.7436,2.7451,2.7436,2.7451,14
2026-04-24 10:53:00,2.7396,2.7396,2.7371,2.7376,2.7446,2.7446,2.7421,2.7426,11
2026-04-24 10:54:00,2.7381,2.7396,2.7376,2.7381,2.7431,2.7446,2.7426,2.7431,8
2026-04-24 10:55:00,2.7371,2.7371,2.7291,2.7331,2.7421,2.7421,2.7341,2.7381,43
2026-04-24 10:56:00,2.7341,2.7371,2.7341,2.7371,2.7391,2.7421,2.7391,2.7421,9
2026-04-24 10:57:00,2.7376,2.7386,2.7371,2.7376,2.7426,2.7436,2.7421,2.7426,10
2026-04-24 10:58:00,2.7371,2.7381,2.7371,2.7381,2.7421,2.7431,2.7421,2.7431,11
2026-04-24 10:59:00,2.7376,2.7376,2.7341,2.7351,2.7426,2.7426,2.7391,2.7401,11
2026-04-24 11:00:00,2.7341,2.7356,2.7321,2.7321,2.7391,2.7406,2.7371,2.7371,12
2026-04-24 11:01:00,2.7326,2.7341,2.7301,2.7341,2.7376,2.7391,2.7351,2.7391,9
2026-04-24 11:02:00,2.7346,2.7381,2.7346,2.7376,2.7396,2.7431,2.7396,2.7426,20
2026-04-24 11:03:00,2.7381,2.7391,2.7381,2.7381,2.7431,2.7441,2.7431,2.7431,17
2026-04-24 11:04:00,2.7376,2.7376,2.7371,2.7371,2.7426,2.7426,2.7421,2.7421,2
2026-04-24 11:05:00,2.7376,2.7381,2.7361,2.7361,2.7426,2.7431,2.7411,2.7411,16
2026-04-24 11:06:00,2.7356,2.7361,2.7341,2.7356,2.7406,2.7411,2.7391,2.7406,22
2026-04-24 11:07:00,2.7361,2.7361,2.7356,2.7356,2.7411,2.7411,2.7406,2.7406,8
2026-04-24 11:08:00,2.7361,2.7361,2.7311,2.7311,2.7411,2.7411,2.7361,2.7361,16
2026-04-24 11:09:00,2.7301,2.7341,2.7301,2.7336,2.7351,2.7391,2.7351,2.7386,10
2026-04-24 11:10:00,2.7331,2.7351,2.7331,2.7351,2.7381,2.7401,2.7381,2.7401,21
2026-04-24 11:11:00,2.7346,2.7366,2.7341,2.7356,2.7396,2.7416,2.7391,2.7406,11
2026-04-24 11:12:00,2.7351,2.7371,2.7326,2.7326,2.7401,2.7421,2.7376,2.7376,19
2026-04-24 11:13:00,2.7331,2.7341,2.7296,2.7306,2.7381,2.7391,2.7346,2.7356,30
2026-04-24 11:14:00,2.7321,2.7331,2.7311,2.7326,2.7371,2.7381,2.7361,2.7376,16
2026-04-24 11:15:00,2.7331,2.7331,2.7291,2.7291,2.7381,2.7381,2.7341,2.7341,28
2026-04-24 11:16:00,2.7286,2.7291,2.7281,2.7281,2.7336,2.7341,2.7331,2.7331,7
2026-04-24 11:17:00,2.7286,2.7311,2.7281,2.7301,2.7336,2.7361,2.7331,2.7351,12
2026-04-24 11:18:00,2.7306,2.7311,2.7281,2.7281,2.7356,2.7361,2.7331,2.7331,22
2026-04-24 11:19:00,2.7276,2.7276,2.7256,2.7256,2.7326,2.7326,2.7306,2.7306,4
2026-04-24 11:20:00,2.7251,2.7251,2.7236,2.7241,2.7301,2.7301,2.7286,2.7291,6
2026-04-24 11:21:00,2.7246,2.7251,2.7241,2.7251,2.7296,2.7301,2.7291,2.7301,10
2026-04-24 11:22:00,2.7261,2.7261,2.7241,2.7241,2.7311,2.7311,2.7291,2.7291,9
2026-04-24 11:23:00,2.7231,2.7251,2.7231,2.7241,2.7281,2.7301,2.7281,2.7291,15
2026-04-24 11:25:00,2.7231,2.7251,2.7231,2.7236,2.7281,2.7301,2.7281,2.7286,18
2026-04-24 11:26:00,2.7241,2.7241,2.7231,2.7231,2.7291,2.7291,2.7281,2.7281,5
2026-04-24 11:27:00,2.7221,2.7221,2.7201,2.7211,2.7271,2.7271,2.7251,2.7261,9
2026-04-24 11:28:00,2.7201,2.7201,2.7181,2.7181,2.7251,2.7251,2.7231,2.7231,21
2026-04-24 11:29:00,2.7186,2.7221,2.7186,2.7211,2.7236,2.7271,2.7236,2.7261,9
2026-04-24 11:30:00,2.7206,2.7206,2.7181,2.7181,2.7256,2.7256,2.7231,2.7231,4
2026-04-24 11:31:00,2.7191,2.7191,2.7181,2.7181,2.7241,2.7241,2.7231,2.7231,5
2026-04-24 11:32:00,2.7191,2.7191,2.7186,2.7191,2.7241,2.7241,2.7236,2.7241,3
2026-04-24 11:33:00,2.7196,2.7201,2.7196,2.7201,2.7246,2.7251,2.7246,2.7251,2
2026-04-24 11:34:00,2.7206,2.7211,2.7201,2.7201,2.7256,2.7261,2.7251,2.7251,6
2026-04-24 11:35:00,2.7206,2.7211,2.7201,2.7211,2.7256,2.7261,2.7251,2.7261,7
2026-04-24 11:36:00,2.7216,2.7241,2.7216,2.7231,2.7266,2.7291,2.7266,2.7281,12
2026-04-24 11:37:00,2.7236,2.7241,2.7201,2.7201,2.7286,2.7291,2.7251,2.7251,11
2026-04-24 11:38:00,2.7191,2.7206,2.7191,2.7201,2.7241,2.7256,2.7241,2.7251,4
2026-04-24 11:40:00,2.7211,2.7221,2.7201,2.7211,2.7261,2.7271,2.7251,2.7261,11
2026-04-24 11:41:00,2.7221,2.7241,2.7221,2.7231,2.7271,2.7291,2.7271,2.7281,6
2026-04-24 11:42:00,2.7241,2.7241,2.7231,2.7231,2.7291,2.7291,2.7281,2.7281,3
2026-04-24 11:43:00,2.7221,2.7241,2.7221,2.7241,2.7271,2.7291,2.7271,2.7291,4
2026-04-24 11:44:00,2.7246,2.7251,2.7241,2.7241,2.7296,2.7301,2.7291,2.7291,4
2026-04-24 11:45:00,2.7246,2.7251,2.7231,2.7241,2.7296,2.7301,2.7281,2.7291,8
2026-04-24 11:46:00,2.7231,2.7241,2.7231,2.7241,2.7281,2.7291,2.7281,2.7291,2
2026-04-24 11:47:00,2.7236,2.7236,2.7231,2.7231,2.7286,2.7286,2.7281,2.7281,4
2026-04-24 11:49:00,2.7236,2.7236,2.7221,2.7221,2.7286,2.7286,2.7271,2.7271,10
2026-04-24 11:50:00,2.7226,2.7236,2.7226,2.7231,2.7276,2.7286,2.7276,2.7281,4
2026-04-24 11:51:00,2.7236,2.7251,2.7231,2.7251,2.7286,2.7301,2.7281,2.7301,8
2026-04-24 11:52:00,2.7246,2.7251,2.7246,2.7251,2.7296,2.7301,2.7296,2.7301,2
2026-04-24 11:53:00,2.7246,2.7251,2.7246,2.7251,2.7296,2.7301,2.7296,2.7301,2
2026-04-24 11:54:00,2.7261,2.7261,2.7251,2.7251,2.7311,2.7311,2.7301,2.7301,6
2026-04-24 11:55:00,2.7256,2.7261,2.7251,2.7261,2.7306,2.7311,2.7301,2.7311,3
2026-04-24 11:56:00,2.7256,2.7261,2.7251,2.7251,2.7306,2.7311,2.7301,2.7301,3
2026-04-24 11:57:00,2.7256,2.7261,2.7251,2.7261,2.7306,2.7311,2.7301,2.7311,3
2026-04-24 11:58:00,2.7266,2.7271,2.7261,2.7261,2.7316,2.7321,2.7311,2.7311,5
2026-04-24 11:59:00,2.7251,2.7251,2.7251,2.7251,2.7301,2.7301,2.7301,2.7301,1
2026-04-24 12:00:00,2.7256,2.7256,2.7251,2.7251,2.7306,2.7306,2.7301,2.7301,2
2026-04-24 12:02:00,2.7256,2.7271,2.7256,2.7261,2.7306,2.7321,2.7306,2.7311,7
2026-04-24 12:03:00,2.7271,2.7271,2.7246,2.7251,2.7321,2.7321,2.7296,2.7301,5
2026-04-24 12:04:00,2.7256,2.7256,2.7251,2.7251,2.7306,2.7306,2.7301,2.7301,2
2026-04-24 12:05:00,2.7261,2.7261,2.7261,2.7261,2.7311,2.7311,2.7311,2.7311,1
2026-04-24 12:06:00,2.7266,2.7271,2.7261,2.7261,2.7316,2.7321,2.7311,2.7311,14
2026-04-24 12:07:00,2.7256,2.7271,2.7251,2.7261,2.7306,2.7321,2.7301,2.7311,10
2026-04-24 12:08:00,2.7256,2.7256,2.7251,2.7251,2.7306,2.7306,2.7301,2.7301,2
2026-04-24 12:09:00,2.7246,2.7251,2.7241,2.7241,2.7296,2.7301,2.7291,2.7291,4
2026-04-24 12:10:00,2.7246,2.7246,2.7241,2.7246,2.7296,2.7296,2.7291,2.7296,3
2026-04-24 12:11:00,2.7241,2.7241,2.7241,2.7241,2.7291,2.7291,2.7291,2.7291,1
2026-04-24 12:12:00,2.7251,2.7251,2.7241,2.7241,2.7301,2.7301,2.7291,2.7291,3
2026-04-24 12:13:00,2.7246,2.7251,2.7231,2.7251,2.7296,2.7301,2.7281,2.7301,12
2026-04-24 12:16:00,2.7261,2.7261,2.7251,2.7261,2.7311,2.7311,2.7301,2.7311,4
2026-04-24 12:17:00,2.7251,2.7251,2.7241,2.7241,2.7301,2.7301,2.7291,2.7291,2
2026-04-24 12:19:00,2.7251,2.7251,2.7251,2.7251,2.7301,2.7301,2.7301,2.7301,1
2026-04-24 12:20:00,2.7246,2.7251,2.7246,2.7251,2.7296,2.7301,2.7296,2.7301,4
2026-04-24 12:21:00,2.7256,2.7266,2.7256,2.7261,2.7306,2.7316,2.7306,2.7311,4
2026-04-24 12:22:00,2.7266,2.7271,2.7256,2.7256,2.7316,2.7321,2.7306,2.7306,4
2026-04-24 12:23:00,2.7251,2.7261,2.7251,2.7261,2.7301,2.7311,2.7301,2.7311,3
2026-04-24 12:24:00,2.7266,2.7271,2.7251,2.7256,2.7316,2.7321,2.7301,2.7306,16
2026-04-24 12:25:00,2.7261,2.7276,2.7261,2.7261,2.7311,2.7326,2.7311,2.7311,11
2026-04-24 12:26:00,2.7266,2.7271,2.7261,2.7261,2.7316,2.7321,2.7311,2.7311,6
2026-04-24 12:27:00,2.7271,2.7271,2.7261,2.7271,2.7321,2.7321,2.7311,2.7321,4
2026-04-24 12:28:00,2.7266,2.7271,2.7261,2.7266,2.7316,2.7321,2.7311,2.7316,5
2026-04-24 12:29:00,2.7271,2.7271,2.7266,2.7266,2.7321,2.7321,2.7316,2.7316,6
2026-04-24 12:30:00,2.7271,2.7271,2.7251,2.7251,2.7321,2.7321,2.7301,2.7301,4
2026-04-24 12:31:00,2.7256,2.7321,2.7256,2.7301,2.7306,2.7371,2.7306,2.7351,24
2026-04-24 12:33:00,2.7296,2.7296,2.7291,2.7291,2.7346,2.7346,2.7341,2.7341,2
2026-04-24 12:34:00,2.7296,2.7306,2.7296,2.7306,2.7346,2.7356,2.7346,2.7356,3
2026-04-24 12:35:00,2.7301,2.7306,2.7291,2.7301,2.7351,2.7356,2.7341,2.7351,6
2026-04-24 12:36:00,2.7306,2.7311,2.7301,2.7311,2.7356,2.7361,2.7351,2.7361,5
2026-04-24 12:37:00,2.7301,2.7301,2.7296,2.7301,2.7351,2.7351,2.7346,2.7351,5
2026-04-24 12:38:00,2.7306,2.7311,2.7301,2.7301,2.7356,2.7361,2.7351,2.7351,5
2026-04-24 12:39:00,2.7311,2.7311,2.7306,2.7306,2.7361,2.7361,2.7356,2.7356,6
2026-04-24 12:40:00,2.7301,2.7321,2.7301,2.7321,2.7351,2.7371,2.7351,2.7371,7
2026-04-24 12:41:00,2.7316,2.7341,2.7311,2.7341,2.7366,2.7391,2.7361,2.7391,9
2026-04-24 12:42:00,2.7336,2.7341,2.7331,2.7331,2.7386,2.7391,2.7381,2.7381,3
2026-04-24 12:43:00,2.7321,2.7326,2.7301,2.7301,2.7371,2.7376,2.7351,2.7351,16
2026-04-24 12:44:00,2.7306,2.7311,2.7291,2.7291,2.7356,2.7361,2.7341,2.7341,5
2026-04-24 12:45:00,2.7281,2.7291,2.7281,2.7291,2.7331,2.7341,2.7331,2.7341,5
2026-04-24 12:46:00,2.7286,2.7296,2.7286,2.7291,2.7336,2.7346,2.7336,2.7341,4
2026-04-24 12:47:00,2.7281,2.7281,2.7271,2.7271,2.7331,2.7331,2.7321,2.7321,4
2026-04-24 12:48:00,2.7281,2.7291,2.7281,2.7291,2.7331,2.7341,2.7331,2.7341,10
2026-04-24 12:49:00,2.7281,2.7291,2.7281,2.7286,2.7331,2.7341,2.7331,2.7336,3
2026-04-24 12:50:00,2.7281,2.7281,2.7281,2.7281,2.7331,2.7331,2.7331,2.7331,1
2026-04-24 12:51:00,2.7286,2.7286,2.7271,2.7271,2.7336,2.7336,2.7321,2.7321,10
2026-04-24 12:52:00,2.7261,2.7291,2.7261,2.7281,2.7311,2.7341,2.7311,2.7331,8
2026-04-24 12:53:00,2.7291,2.7291,2.7281,2.7281,2.7341,2.7341,2.7331,2.7331,3
2026-04-24 12:54:00,2.7271,2.7271,2.7271,2.7271,2.7321,2.7321,2.7321,2.7321,1
2026-04-24 12:55:00,2.7276,2.7276,2.7271,2.7271,2.7326,2.7326,2.7321,2.7321,2
2026-04-24 12:56:00,2.7276,2.7291,2.7276,2.7281,2.7326,2.7341,2.7326,2.7331,9
2026-04-24 12:57:00,2.7286,2.7286,2.7281,2.7281,2.7336,2.7336,2.7331,2.7331,4
2026-04-24 12:58:00,2.7271,2.7291,2.7271,2.7286,2.7321,2.7341,2.7321,2.7336,9
2026-04-24 12:59:00,2.7291,2.7291,2.7281,2.7281,2.7341,2.7341,2.7331,2.7331,7
2026-04-24 13:00:00,2.7271,2.7276,2.7251,2.7261,2.7321,2.7326,2.7301,2.7311,17
2026-04-24 13:01:00,2.7251,2.7261,2.7251,2.7251,2.7301,2.7311,2.7301,2.7301,7
2026-04-24 13:04:00,2.7241,2.7251,2.7206,2.7221,2.7291,2.7301,2.7256,2.7271,17
2026-04-24 13:05:00,2.7226,2.7241,2.7191,2.7201,2.7276,2.7291,2.7241,2.7251,71
2026-04-24 13:06:00,2.7206,2.7281,2.7201,2.7251,2.7256,2.7331,2.7251,2.7301,48
2026-04-24 13:07:00,2.7256,2.7256,2.7181,2.7181,2.7306,2.7306,2.7231,2.7231,58
2026-04-24 13:08:00,2.7191,2.7251,2.7181,2.7246,2.7241,2.7301,2.7231,2.7296,50
2026-04-24 13:09:00,2.7251,2.7251,2.7206,2.7236,2.7301,2.7301,2.7256,2.7286,38
2026-04-24 13:10:00,2.7231,2.7246,2.7221,2.7241,2.7281,2.7296,2.7271,2.7291,11
2026-04-24 13:11:00,2.7246,2.7251,2.7221,2.7246,2.7296,2.7301,2.7271,2.7296,26
2026-04-24 13:12:00,2.7241,2.7241,2.7226,2.7241,2.7291,2.7291,2.7276,2.7291,35
2026-04-24 13:13:00,2.7236,2.7246,2.7221,2.7236,2.7286,2.7296,2.7271,2.7286,18
2026-04-24 13:14:00,2.7231,2.7251,2.7231,2.7241,2.7281,2.7301,2.7281,2.7291,15
2026-04-24 13:15:00,2.7246,2.7246,2.7206,2.7211,2.7296,2.7296,2.7256,2.7261,15
2026-04-24 13:16:00,2.7201,2.7236,2.7201,2.7221,2.7251,2.7286,2.7251,2.7271,20
2026-04-24 13:17:00,2.7211,2.7221,2.7206,2.7211,2.7261,2.7271,2.7256,2.7261,14
2026-04-24 13:18:00,2.7216,2.7221,2.7211,2.7216,2.7266,2.7271,2.7261,2.7266,14
2026-04-24 13:19:00,2.7221,2.7221,2.7181,2.7191,2.7271,2.7271,2.7231,2.7241,17
2026-04-24 13:20:00,2.7186,2.7201,2.7181,2.7196,2.7236,2.7251,2.7231,2.7246,20
2026-04-24 13:21:00,2.7201,2.7211,2.7111,2.7141,2.7251,2.7261,2.7161,2.7191,69
2026-04-24 13:22:00,2.7151,2.7151,2.7121,2.7146,2.7201,2.7201,2.7171,2.7196,41
2026-04-24 13:23:00,2.7151,2.7151,2.7141,2.7146,2.7201,2.7201,2.7191,2.7196,16
2026-04-24 13:24:00,2.7151,2.7176,2.7141,2.7166,2.7201,2.7226,2.7191,2.7216,38
2026-04-24 13:25:00,2.7161,2.7171,2.7141,2.7151,2.7211,2.7221,2.7191,2.7201,29
2026-04-24 13:26:00,2.7146,2.7146,2.7116,2.7116,2.7196,2.7196,2.7166,2.7166,30
2026-04-24 13:27:00,2.7121,2.7121,2.7011,2.7016,2.7171,2.7171,2.7061,2.7066,57
2026-04-24 13:28:00,2.7021,2.7051,2.7011,2.7041,2.7071,2.7101,2.7061,2.7091,19
2026-04-24 13:29:00,2.7036,2.7036,2.7006,2.7006,2.7086,2.7086,2.7056,2.7056,16
2026-04-24 13:30:00,2.6996,2.7031,2.6936,2.7016,2.7046,2.7081,2.6986,2.7066,87
2026-04-24 13:31:00,2.7011,2.7036,2.7006,2.7036,2.7061,2.7086,2.7056,2.7086,32
2026-04-24 13:32:00,2.7026,2.7111,2.7021,2.7096,2.7076,2.7161,2.7071,2.7146,38
2026-04-24 13:33:00,2.7101,2.7116,2.7086,2.7096,2.7151,2.7166,2.7136,2.7146,29
2026-04-24 13:34:00,2.7101,2.7101,2.7071,2.7086,2.7151,2.7151,2.7121,2.7136,20
2026-04-24 13:35:00,2.7091,2.7101,2.7051,2.7051,2.7141,2.7151,2.7101,2.7101,20
2026-04-24 13:36:00,2.7056,2.7071,2.7051,2.7066,2.7106,2.7121,2.7101,2.7116,17
2026-04-24 13:37:00,2.7071,2.7071,2.7036,2.7056,2.7121,2.7121,2.7086,2.7106,19
2026-04-24 13:38:00,2.7051,2.7071,2.7051,2.7071,2.7101,2.7121,2.7101,2.7121,7
2026-04-24 13:39:00,2.7076,2.7081,2.7056,2.7061,2.7126,2.7131,2.7106,2.7111,10
2026-04-24 13:40:00,2.7066,2.7081,2.7061,2.7081,2.7116,2.7131,2.7111,2.7131,9
2026-04-24 13:41:00,2.7086,2.7091,2.7041,2.7041,2.7136,2.7141,2.7091,2.7091,15
2026-04-24 13:42:00,2.7051,2.7111,2.7051,2.7111,2.7101,2.7161,2.7101,2.7161,13
2026-04-24 13:43:00,2.7116,2.7131,2.7111,2.7121,2.7166,2.7181,2.7161,2.7171,19
2026-04-24 13:44:00,2.7126,2.7136,2.7116,2.7116,2.7176,2.7186,2.7166,2.7166,12
2026-04-24 13:45:00,2.7121,2.7141,2.7121,2.7141,2.7171,2.7191,2.7171,2.7191,9
2026-04-24 13:46:00,2.7146,2.7146,2.7101,2.7111,2.7196,2.7196,2.7151,2.7161,23
2026-04-24 13:47:00,2.7121,2.7121,2.7081,2.7101,2.7171,2.7171,2.7131,2.7151,15
2026-04-24 13:48:00,2.7091,2.7091,2.7061,2.7066,2.7141,2.7141,2.7111,2.7116,9
2026-04-24 13:49:00,2.7071,2.7091,2.7071,2.7081,2.7121,2.7141,2.7121,2.7131,10
2026-04-24 13:50:00,2.7071,2.7071,2.7051,2.7061,2.7121,2.7121,2.7101,2.7111,9
2026-04-24 13:51:00,2.7056,2.7086,2.7056,2.7086,2.7106,2.7136,2.7106,2.7136,7
2026-04-24 13:52:00,2.7091,2.7151,2.7091,2.7136,2.7141,2.7201,2.7141,2.7186,24
2026-04-24 13:53:00,2.7131,2.7151,2.7131,2.7136,2.7181,2.7201,2.7181,2.7186,17
2026-04-24 13:54:00,2.7131,2.7141,2.7131,2.7141,2.7181,2.7191,2.7181,2.7191,2
2026-04-24 13:55:00,2.7151,2.7161,2.7141,2.7161,2.7201,2.7211,2.7191,2.7211,8
2026-04-24 13:56:00,2.7156,2.7156,2.7091,2.7141,2.7206,2.7206,2.7141,2.7191,20
2026-04-24 13:57:00,2.7136,2.7151,2.7131,2.7131,2.7186,2.7201,2.7181,2.7181,13
2026-04-24 13:58:00,2.7141,2.7141,2.7101,2.7101,2.7191,2.7191,2.7151,2.7151,12
2026-04-24 13:59:00,2.7106,2.7121,2.7091,2.7091,2.7156,2.7171,2.7141,2.7141,14
2026-04-24 14:00:00,2.7096,2.7096,2.7021,2.7021,2.7146,2.7146,2.7071,2.7071,28
2026-04-24 14:01:00,2.7031,2.7081,2.7021,2.7066,2.7081,2.7131,2.7071,2.7116,33
2026-04-24 14:02:00,2.7076,2.7081,2.7051,2.7076,2.7126,2.7131,2.7101,2.7126,13
2026-04-24 14:03:00,2.7081,2.7111,2.7061,2.7106,2.7131,2.7161,2.7111,2.7156,24
2026-04-24 14:04:00,2.7101,2.7121,2.7091,2.7116,2.7151,2.7171,2.7141,2.7166,22
2026-04-24 14:05:00,2.7111,2.7111,2.7086,2.7091,2.7161,2.7161,2.7136,2.7141,12
2026-04-24 14:06:00,2.7086,2.7086,2.7051,2.7071,2.7136,2.7136,2.7101,2.7121,27
2026-04-24 14:07:00,2.7066,2.7066,2.7031,2.7051,2.7116,2.7116,2.7081,2.7101,18
2026-04-24 14:08:00,2.7046,2.7051,2.7021,2.7041,2.7096,2.7101,2.7071,2.7091,12
2026-04-24 14:09:00,2.7051,2.7051,2.7021,2.7051,2.7101,2.7101,2.7071,2.7101,17
2026-04-24 14:10:00,2.7061,2.7071,2.7041,2.7061,2.7111,2.7121,2.7091,2.7111,16
2026-04-24 14:11:00,2.7066,2.7131,2.7066,2.7121,2.7116,2.7181,2.7116,2.7171,22
2026-04-24 14:12:00,2.7116,2.7201,2.7116,2.7176,2.7166,2.7251,2.7166,2.7226,48
2026-04-24 14:13:00,2.7171,2.7171,2.7146,2.7166,2.7221,2.7221,2.7196,2.7216,19
2026-04-24 14:14:00,2.7161,2.7171,2.7121,2.7131,2.7211,2.7221,2.7171,2.7181,36
2026-04-24 14:15:00,2.7136,2.7151,2.7121,2.7141,2.7186,2.7201,2.7171,2.7191,32
2026-04-24 14:16:00,2.7151,2.7151,2.7141,2.7151,2.7201,2.7201,2.7191,2.7201,9
2026-04-24 14:17:00,2.7156,2.7161,2.7121,2.7121,2.7206,2.7211,2.7171,2.7171,24
2026-04-24 14:18:00,2.7116,2.7121,2.7111,2.7111,2.7166,2.7171,2.7161,2.7161,17
2026-04-24 14:19:00,2.7116,2.7201,2.7111,2.7141,2.7166,2.7251,2.7161,2.7191,70
2026-04-24 14:20:00,2.7146,2.7171,2.7141,2.7171,2.7196,2.7221,2.7191,2.7221,18
2026-04-24 14:21:00,2.7166,2.7181,2.7151,2.7181,2.7216,2.7231,2.7201,2.7231,32
2026-04-24 14:22:00,2.7176,2.7211,2.7176,2.7201,2.7226,2.7261,2.7226,2.7251,34
2026-04-24 14:23:00,2.7206,2.7211,2.7161,2.7171,2.7256,2.7261,2.7211,2.7221,21
2026-04-24 14:24:00,2.7161,2.7161,2.7086,2.7111,2.7211,2.7211,2.7136,2.7161,22
2026-04-24 14:25:00,2.7106,2.7116,2.7081,2.7111,2.7156,2.7166,2.7131,2.7161,19
2026-04-24 14:26:00,2.7116,2.7146,2.7101,2.7101,2.7166,2.7196,2.7151,2.7151,20
2026-04-24 14:27:00,2.7111,2.7151,2.7101,2.7131,2.7161,2.7201,2.7151,2.7181,20
2026-04-24 14:28:00,2.7126,2.7131,2.7101,2.7111,2.7176,2.7181,2.7151,2.7161,18
2026-04-24 14:29:00,2.7106,2.7141,2.7096,2.7126,2.7156,2.7191,2.7146,2.7176,25
2026-04-24 14:30:00,2.7121,2.7161,2.7116,2.7161,2.7171,2.7211,2.7166,2.7211,27
2026-04-24 14:31:00,2.7166,2.7221,2.7151,2.7211,2.7216,2.7271,2.7201,2.7261,24
2026-04-24 14:32:00,2.7206,2.7206,2.7181,2.7191,2.7256,2.7256,2.7231,2.7241,13
2026-04-24 14:33:00,2.7201,2.7251,2.7196,2.7231,2.7251,2.7301,2.7246,2.7281,20
2026-04-24 14:34:00,2.7221,2.7251,2.7221,2.7246,2.7271,2.7301,2.7271,2.7296,16
2026-04-24 14:35:00,2.7241,2.7251,2.7226,2.7241,2.7291,2.7301,2.7276,2.7291,16
2026-04-24 14:36:00,2.7236,2.7236,2.7201,2.7221,2.7286,2.7286,2.7251,2.7271,20
2026-04-24 14:37:00,2.7231,2.7231,2.7191,2.7191,2.7281,2.7281,2.7241,2.7241,11
2026-04-24 14:38:00,2.7196,2.7231,2.7191,2.7211,2.7246,2.7281,2.7241,2.7261,26
2026-04-24 14:39:00,2.7221,2.7221,2.7211,2.7211,2.7271,2.7271,2.7261,2.7261,14
2026-04-24 14:40:00,2.7201,2.7221,2.7191,2.7196,2.7251,2.7271,2.7241,2.7246,14
2026-04-24 14:41:00,2.7201,2.7211,2.7196,2.7206,2.7251,2.7261,2.7246,2.7256,12
2026-04-24 14:42:00,2.7201,2.7246,2.7191,2.7246,2.7251,2.7296,2.7241,2.7296,11
2026-04-24 14:43:00,2.7251,2.7251,2.7216,2.7231,2.7301,2.7301,2.7266,2.7281,13
2026-04-24 14:44:00,2.7221,2.7251,2.7221,2.7241,2.7271,2.7301,2.7271,2.7291,9
2026-04-24 14:45:00,2.7251,2.7286,2.7221,2.7231,2.7301,2.7336,2.7271,2.7281,30
2026-04-24 14:46:00,2.7221,2.7231,2.7221,2.7231,2.7271,2.7281,2.7271,2.7281,15
2026-04-24 14:47:00,2.7236,2.7251,2.7231,2.7241,2.7286,2.7301,2.7281,2.7291,15
2026-04-24 14:48:00,2.7246,2.7271,2.7246,2.7251,2.7296,2.7321,2.7296,2.7301,20
2026-04-24 14:49:00,2.7261,2.7341,2.7261,2.7326,2.7311,2.7391,2.7311,2.7376,62
2026-04-24 14:50:00,2.7316,2.7331,2.7271,2.7281,2.7366,2.7381,2.7321,2.7331,33
2026-04-24 14:51:00,2.7276,2.7311,2.7251,2.7291,2.7326,2.7361,2.7301,2.7341,30
2026-04-24 14:52:00,2.7296,2.7331,2.7291,2.7321,2.7346,2.7381,2.7341,2.7371,25
2026-04-24 14:53:00,2.7326,2.7331,2.7291,2.7301,2.7376,2.7381,2.7341,2.7351,19
2026-04-24 14:54:00,2.7296,2.7301,2.7281,2.7301,2.7346,2.7351,2.7331,2.7351,21
2026-04-24 14:55:00,2.7291,2.7341,2.7291,2.7311,2.7341,2.7391,2.7341,2.7361,38
2026-04-24 14:56:00,2.7316,2.7316,2.7281,2.7296,2.7366,2.7366,2.7331,2.7346,29
2026-04-24 14:57:00,2.7291,2.7341,2.7291,2.7331,2.7341,2.7391,2.7341,2.7381,22
2026-04-24 14:58:00,2.7326,2.7341,2.7321,2.7331,2.7376,2.7391,2.7371,2.7381,22
2026-04-24 14:59:00,2.7341,2.7361,2.7331,2.7336,2.7391,2.7411,2.7381,2.7386,36
2026-04-24 15:00:00,2.7331,2.7351,2.7136,2.7151,2.7381,2.7401,2.7186,2.7201,102
2026-04-24 15:01:00,2.7141,2.7191,2.7131,2.7151,2.7191,2.7241,2.7181,2.7201,64
2026-04-24 15:02:00,2.7146,2.7171,2.7111,2.7171,2.7196,2.7221,2.7161,2.7221,52
2026-04-24 15:03:00,2.7176,2.7201,2.7161,2.7171,2.7226,2.7251,2.7211,2.7221,16
2026-04-24 15:04:00,2.7176,2.7191,2.7161,2.7171,2.7226,2.7241,2.7211,2.7221,17
2026-04-24 15:05:00,2.7181,2.7181,2.7151,2.7151,2.7231,2.7231,2.7201,2.7201,18
2026-04-24 15:06:00,2.7161,2.7166,2.7071,2.7081,2.7211,2.7216,2.7121,2.7131,35
2026-04-24 15:07:00,2.7076,2.7081,2.7041,2.7061,2.7126,2.7131,2.7091,2.7111,62
2026-04-24 15:08:00,2.7071,2.7081,2.7051,2.7071,2.7121,2.7131,2.7101,2.7121,29
2026-04-24 15:09:00,2.7076,2.7136,2.7076,2.7121,2.7126,2.7186,2.7126,2.7171,25
2026-04-24 15:10:00,2.7116,2.7151,2.7116,2.7116,2.7166,2.7201,2.7166,2.7166,30
2026-04-24 15:11:00,2.7111,2.7141,2.7061,2.7116,2.7161,2.7191,2.7111,2.7166,61
2026-04-24 15:12:00,2.7121,2.7131,2.7111,2.7131,2.7171,2.7181,2.7161,2.7181,27
2026-04-24 15:13:00,2.7121,2.7131,2.7101,2.7131,2.7171,2.7181,2.7151,2.7181,20
2026-04-24 15:14:00,2.7126,2.7131,2.7101,2.7111,2.7176,2.7181,2.7151,2.7161,21
2026-04-24 15:15:00,2.7101,2.7121,2.7091,2.7121,2.7151,2.7171,2.7141,2.7171,11
2026-04-24 15:16:00,2.7116,2.7116,2.7091,2.7101,2.7166,2.7166,2.7141,2.7151,19
2026-04-24 15:17:00,2.7096,2.7121,2.7081,2.7091,2.7146,2.7171,2.7131,2.7141,24
2026-04-24 15:18:00,2.7101,2.7101,2.7021,2.7051,2.7151,2.7151,2.7071,2.7101,44
2026-04-24 15:19:00,2.7061,2.7061,2.7041,2.7051,2.7111,2.7111,2.7091,2.7101,17
2026-04-24 15:20:00,2.7046,2.7081,2.7036,2.7071,2.7096,2.7131,2.7086,2.7121,40
2026-04-24 15:21:00,2.7066,2.7111,2.7061,2.7086,2.7116,2.7161,2.7111,2.7136,28
2026-04-24 15:22:00,2.7081,2.7126,2.7076,2.7111,2.7131,2.7176,2.7126,2.7161,12
2026-04-24 15:23:00,2.7106,2.7121,2.7091,2.7111,2.7156,2.7171,2.7141,2.7161,26
2026-04-24 15:24:00,2.7101,2.7111,2.7081,2.7111,2.7151,2.7161,2.7131,2.7161,16
2026-04-24 15:25:00,2.7106,2.7111,2.7091,2.7101,2.7156,2.7161,2.7141,2.7151,18
2026-04-24 15:26:00,2.7096,2.7096,2.7081,2.7086,2.7146,2.7146,2.7131,2.7136,7
2026-04-24 15:27:00,2.7091,2.7091,2.7081,2.7091,2.7141,2.7141,2.7131,2.7141,7
2026-04-24 15:28:00,2.7081,2.7091,2.7066,2.7071,2.7131,2.7141,2.7116,2.7121,20
2026-04-24 15:29:00,2.7066,2.7081,2.7061,2.7061,2.7116,2.7131,2.7111,2.7111,19
2026-04-24 15:30:00,2.7066,2.7071,2.7021,2.7056,2.7116,2.7121,2.7071,2.7106,45
2026-04-24 15:31:00,2.7061,2.7071,2.7051,2.7061,2.7111,2.7121,2.7101,2.7111,27
2026-04-24 15:32:00,2.7071,2.7081,2.7056,2.7061,2.7121,2.7131,2.7106,2.7111,9
2026-04-24 15:33:00,2.7071,2.7081,2.7041,2.7051,2.7121,2.7131,2.7091,2.7101,25
2026-04-24 15:34:00,2.7061,2.7061,2.6971,2.6981,2.7111,2.7111,2.7021,2.7031,45
2026-04-24 15:35:00,2.6986,2.6991,2.6941,2.6941,2.7036,2.7041,2.6991,2.6991,39
2026-04-24 15:36:00,2.6936,2.6951,2.6931,2.6951,2.6986,2.7001,2.6981,2.7001,28
2026-04-24 15:37:00,2.6946,2.6961,2.6931,2.6931,2.6996,2.7011,2.6981,2.6981,38
2026-04-24 15:38:00,2.6936,2.6981,2.6926,2.6981,2.6986,2.7031,2.6976,2.7031,31
2026-04-24 15:39:00,2.6991,2.7031,2.6981,2.7031,2.7041,2.7081,2.7031,2.7081,18
2026-04-24 15:40:00,2.7031,2.7036,2.7006,2.7021,2.7081,2.7086,2.7056,2.7071,35
2026-04-24 15:41:00,2.7016,2.7041,2.7001,2.7031,2.7066,2.7091,2.7051,2.7081,21
2026-04-24 15:42:00,2.7026,2.7061,2.7021,2.7061,2.7076,2.7111,2.7071,2.7111,37
2026-04-24 15:43:00,2.7051,2.7101,2.7051,2.7101,2.7101,2.7151,2.7101,2.7151,14
2026-04-24 15:44:00,2.7091,2.7091,2.7051,2.7061,2.7141,2.7141,2.7101,2.7111,38
2026-04-24 15:45:00,2.7056,2.7061,2.7021,2.7036,2.7106,2.7111,2.7071,2.7086,43
2026-04-24 15:46:00,2.7041,2.7041,2.7006,2.7011,2.7091,2.7091,2.7056,2.7061,18
2026-04-24 15:47:00,2.7001,2.7011,2.6971,2.6971,2.7051,2.7061,2.7021,2.7021,12
2026-04-24 15:48:00,2.6966,2.6966,2.6936,2.6946,2.7016,2.7016,2.6986,2.6996,24
2026-04-24 15:49:00,2.6951,2.7001,2.6941,2.6991,2.7001,2.7051,2.6991,2.7041,38
2026-04-24 15:50:00,2.6986,2.7001,2.6981,2.6991,2.7036,2.7051,2.7031,2.7041,10
2026-04-24 15:51:00,2.7001,2.7011,2.6991,2.7001,2.7051,2.7061,2.7041,2.7051,22
2026-04-24 15:52:00,2.7011,2.7011,2.6971,2.6971,2.7061,2.7061,2.7021,2.7021,27
2026-04-24 15:53:00,2.6976,2.6981,2.6936,2.6941,2.7026,2.7031,2.6986,2.6991,31
2026-04-24 15:54:00,2.6931,2.6961,2.6931,2.6961,2.6981,2.7011,2.6981,2.7011,22
2026-04-24 15:55:00,2.6956,2.6971,2.6951,2.6961,2.7006,2.7021,2.7001,2.7011,12
2026-04-24 15:56:00,2.6956,2.6981,2.6956,2.6961,2.7006,2.7031,2.7006,2.7011,8
2026-04-24 15:57:00,2.6951,2.6966,2.6951,2.6966,2.7001,2.7016,2.7001,2.7016,3
2026-04-24 15:58:00,2.6961,2.6981,2.6961,2.6971,2.7011,2.7031,2.7011,2.7021,16
2026-04-24 15:59:00,2.6976,2.6991,2.6961,2.6961,2.7026,2.7041,2.7011,2.7011,10
2026-04-24 16:00:00,2.6966,2.6971,2.6941,2.6941,2.7016,2.7021,2.6991,2.6991,24
2026-04-24 16:01:00,2.6951,2.6951,2.6841,2.6861,2.7001,2.7001,2.6891,2.6911,80
2026-04-24 16:02:00,2.6866,2.6881,2.6856,2.6871,2.6916,2.6931,2.6906,2.6921,35
2026-04-24 16:03:00,2.6866,2.6881,2.6861,2.6871,2.6916,2.6931,2.6911,2.6921,23
2026-04-24 16:04:00,2.6876,2.6901,2.6871,2.6901,2.6926,2.6951,2.6921,2.6951,27
2026-04-24 16:05:00,2.6891,2.6921,2.6876,2.6911,2.6941,2.6971,2.6926,2.6961,35
2026-04-24 16:06:00,2.6921,2.6931,2.6911,2.6921,2.6971,2.6981,2.6961,2.6971,23
2026-04-24 16:07:00,2.6931,2.7001,2.6926,2.6961,2.6981,2.7051,2.6976,2.7011,55
2026-04-24 16:08:00,2.6956,2.6961,2.6921,2.6941,2.7006,2.7011,2.6971,2.6991,28
2026-04-24 16:09:00,2.6936,2.6941,2.6921,2.6936,2.6986,2.6991,2.6971,2.6986,31
2026-04-24 16:10:00,2.6941,2.6941,2.6921,2.6931,2.6991,2.6991,2.6971,2.6981,18
2026-04-24 16:11:00,2.6921,2.6931,2.6901,2.6911,2.6971,2.6981,2.6951,2.6961,19
2026-04-24 16:12:00,2.6906,2.6921,2.6891,2.6921,2.6956,2.6971,2.6941,2.6971,32
2026-04-24 16:13:00,2.6916,2.6951,2.6911,2.6951,2.6966,2.7001,2.6961,2.7001,27
2026-04-24 16:14:00,2.6961,2.6981,2.6961,2.6971,2.7011,2.7031,2.7011,2.7021,30
2026-04-24 16:15:00,2.6966,2.7001,2.6961,2.7001,2.7016,2.7051,2.7011,2.7051,23
2026-04-24 16:16:00,2.6991,2.6991,2.6966,2.6981,2.7041,2.7041,2.7016,2.7031,16
2026-04-24 16:17:00,2.6991,2.7001,2.6961,2.7001,2.7041,2.7051,2.7011,2.7051,39
2026-04-24 16:18:00,2.6996,2.7001,2.6971,2.6981,2.7046,2.7051,2.7021,2.7031,17
2026-04-24 16:19:00,2.6991,2.6991,2.6971,2.6981,2.7041,2.7041,2.7021,2.7031,15
2026-04-24 16:20:00,2.6976,2.6981,2.6956,2.6981,2.7026,2.7031,2.7006,2.7031,20
2026-04-24 16:21:00,2.6991,2.7001,2.6981,2.7001,2.7041,2.7051,2.7031,2.7051,23
2026-04-24 16:22:00,2.6991,2.6991,2.6981,2.6991,2.7041,2.7041,2.7031,2.7041,5
2026-04-24 16:23:00,2.7001,2.7011,2.6991,2.7001,2.7051,2.7061,2.7041,2.7051,22
2026-04-24 16:24:00,2.7006,2.7021,2.7001,2.7021,2.7056,2.7071,2.7051,2.7071,20
2026-04-24 16:25:00,2.7011,2.7026,2.6991,2.6991,2.7061,2.7076,2.7041,2.7041,21
2026-04-24 16:26:00,2.6986,2.6986,2.6971,2.6971,2.7036,2.7036,2.7021,2.7021,27
2026-04-24 16:27:00,2.6976,2.6991,2.6976,2.6981,2.7026,2.7041,2.7026,2.7031,14
2026-04-24 16:28:00,2.6991,2.7001,2.6941,2.6956,2.7041,2.7051,2.6991,2.7006,20
2026-04-24 16:29:00,2.6951,2.7011,2.6951,2.7011,2.7001,2.7061,2.7001,2.7061,25
2026-04-24 16:30:00,2.7006,2.7006,2.6931,2.6936,2.7056,2.7056,2.6981,2.6986,22
2026-04-24 16:31:00,2.6931,2.6941,2.6931,2.6941,2.6981,2.6991,2.6981,2.6991,8
2026-04-24 16:32:00,2.6931,2.6931,2.6921,2.6931,2.6981,2.6981,2.6971,2.6981,10
2026-04-24 16:33:00,2.6936,2.6941,2.6926,2.6936,2.6986,2.6991,2.6976,2.6986,8
2026-04-24 16:34:00,2.6931,2.6931,2.6881,2.6891,2.6981,2.6981,2.6931,2.6941,35
2026-04-24 16:35:00,2.6901,2.6901,2.6871,2.6886,2.6951,2.6951,2.6921,2.6936,10
2026-04-24 16:36:00,2.6881,2.6891,2.6861,2.6861,2.6931,2.6941,2.6911,2.6911,24
2026-04-24 16:37:00,2.6856,2.6861,2.6831,2.6846,2.6906,2.6911,2.6881,2.6896,27
2026-04-24 16:38:00,2.6851,2.6876,2.6831,2.6841,2.6901,2.6926,2.6881,2.6891,21
2026-04-24 16:39:00,2.6836,2.6851,2.6831,2.6851,2.6886,2.6901,2.6881,2.6901,30
2026-04-24 16:40:00,2.6846,2.6846,2.6831,2.6841,2.6896,2.6896,2.6881,2.6891,5
2026-04-24 16:41:00,2.6836,2.6871,2.6831,2.6856,2.6886,2.6921,2.6881,2.6906,14
2026-04-24 16:42:00,2.6846,2.6856,2.6831,2.6841,2.6896,2.6906,2.6881,2.6891,18
2026-04-24 16:43:00,2.6836,2.6841,2.6831,2.6841,2.6886,2.6891,2.6881,2.6891,3
2026-04-24 16:44:00,2.6836,2.6841,2.6831,2.6841,2.6886,2.6891,2.6881,2.6891,11
2026-04-24 16:45:00,2.6851,2.6861,2.6841,2.6861,2.6901,2.6911,2.6891,2.6911,14
2026-04-24 16:46:00,2.6851,2.6861,2.6811,2.6831,2.6901,2.6911,2.6861,2.6881,32
2026-04-24 16:47:00,2.6821,2.6831,2.6761,2.6771,2.6871,2.6881,2.6811,2.6821,41
2026-04-24 16:48:00,2.6776,2.6851,2.6776,2.6851,2.6826,2.6901,2.6826,2.6901,32
2026-04-24 16:49:00,2.6861,2.6871,2.6846,2.6851,2.6911,2.6921,2.6896,2.6901,36
2026-04-24 16:50:00,2.6841,2.6881,2.6831,2.6871,2.6891,2.6931,2.6881,2.6921,22
2026-04-24 16:51:00,2.6876,2.6891,2.6861,2.6871,2.6926,2.6941,2.6911,2.6921,17
2026-04-24 16:52:00,2.6876,2.6901,2.6876,2.6886,2.6926,2.6951,2.6926,2.6936,18
2026-04-24 16:53:00,2.6881,2.6901,2.6861,2.6896,2.6931,2.6951,2.6911,2.6946,24
2026-04-24 16:54:00,2.6891,2.6906,2.6881,2.6881,2.6941,2.6956,2.6931,2.6931,8
2026-04-24 16:55:00,2.6871,2.6901,2.6871,2.6881,2.6921,2.6951,2.6921,2.6931,30
2026-04-24 16:56:00,2.6886,2.6901,2.6871,2.6881,2.6936,2.6951,2.6921,2.6931,16
2026-04-24 16:57:00,2.6891,2.6891,2.6881,2.6881,2.6941,2.6941,2.6931,2.6931,10
2026-04-24 16:58:00,2.6886,2.6921,2.6881,2.6921,2.6936,2.6971,2.6931,2.6971,16
2026-04-24 16:59:00,2.6931,2.6941,2.6901,2.6921,2.6981,2.6991,2.6951,2.6971,28
2026-04-24 17:00:00,2.6916,2.6941,2.6911,2.6941,2.6966,2.6991,2.6961,2.6991,39
2026-04-24 17:01:00,2.6946,2.6961,2.6941,2.6941,2.6996,2.7011,2.6991,2.6991,24
2026-04-24 17:02:00,2.6946,2.6966,2.6941,2.6961,2.6996,2.7016,2.6991,2.7011,15
2026-04-24 17:03:00,2.6971,2.7011,2.6961,2.7011,2.7021,2.7061,2.7011,2.7061,38
2026-04-24 17:04:00,2.7016,2.7021,2.6991,2.7006,2.7066,2.7071,2.7041,2.7056,42
2026-04-24 17:05:00,2.7011,2.7011,2.6961,2.6971,2.7061,2.7061,2.7011,2.7021,27
2026-04-24 17:06:00,2.6966,2.6971,2.6961,2.6961,2.7016,2.7021,2.7011,2.7011,5
2026-04-24 17:07:00,2.6971,2.6971,2.6961,2.6961,2.7021,2.7021,2.7011,2.7011,7
2026-04-24 17:08:00,2.6971,2.6971,2.6951,2.6951,2.7021,2.7021,2.7001,2.7001,4
2026-04-24 17:09:00,2.6941,2.6951,2.6891,2.6901,2.6991,2.7001,2.6941,2.6951,13
2026-04-24 17:10:00,2.6891,2.6951,2.6891,2.6916,2.6941,2.7001,2.6941,2.6966,33
2026-04-24 17:11:00,2.6921,2.6921,2.6871,2.6881,2.6971,2.6971,2.6921,2.6931,23
2026-04-24 17:12:00,2.6886,2.6891,2.6861,2.6871,2.6936,2.6941,2.6911,2.6921,15
2026-04-24 17:13:00,2.6881,2.6921,2.6871,2.6911,2.6931,2.6971,2.6921,2.6961,20
2026-04-24 17:14:00,2.6921,2.6951,2.6916,2.6921,2.6971,2.7001,2.6966,2.6971,21
2026-04-24 17:15:00,2.6916,2.6921,2.6906,2.6911,2.6966,2.6971,2.6956,2.6961,13
2026-04-24 17:16:00,2.6901,2.6906,2.6891,2.6901,2.6951,2.6956,2.6941,2.6951,5
2026-04-24 17:17:00,2.6911,2.6921,2.6901,2.6901,2.6961,2.6971,2.6951,2.6951,25
2026-04-24 17:18:00,2.6906,2.6906,2.6861,2.6861,2.6956,2.6956,2.6911,2.6911,12
2026-04-24 17:19:00,2.6856,2.6861,2.6841,2.6861,2.6906,2.6911,2.6891,2.6911,10
2026-04-24 17:20:00,2.6856,2.6871,2.6851,2.6861,2.6906,2.6921,2.6901,2.6911,8
2026-04-24 17:21:00,2.6871,2.6876,2.6861,2.6861,2.6921,2.6926,2.6911,2.6911,14
2026-04-24 17:22:00,2.6871,2.6881,2.6861,2.6861,2.6921,2.6931,2.6911,2.6911,8
2026-04-24 17:23:00,2.6851,2.6861,2.6841,2.6861,2.6901,2.6911,2.6891,2.6911,18
2026-04-24 17:24:00,2.6856,2.6871,2.6846,2.6861,2.6906,2.6921,2.6896,2.6911,20
2026-04-24 17:25:00,2.6851,2.6881,2.6851,2.6881,2.6901,2.6931,2.6901,2.6931,7
2026-04-24 17:26:00,2.6871,2.6901,2.6871,2.6891,2.6921,2.6951,2.6921,2.6941,16
2026-04-24 17:27:00,2.6901,2.6901,2.6891,2.6901,2.6951,2.6951,2.6941,2.6951,22
2026-04-24 17:28:00,2.6891,2.6901,2.6841,2.6851,2.6941,2.6951,2.6891,2.6901,21
2026-04-24 17:29:00,2.6841,2.6856,2.6811,2.6816,2.6891,2.6906,2.6861,2.6866,31
2026-04-24 17:30:00,2.6801,2.6811,2.6781,2.6781,2.6851,2.6861,2.6831,2.6831,31
2026-04-24 17:31:00,2.6771,2.6781,2.6751,2.6771,2.6821,2.6831,2.6801,2.6821,33
2026-04-24 17:32:00,2.6761,2.6796,2.6751,2.6786,2.6811,2.6846,2.6801,2.6836,43
2026-04-24 17:33:00,2.6781,2.6781,2.6741,2.6751,2.6831,2.6831,2.6791,2.6801,25
2026-04-24 17:34:00,2.6761,2.6761,2.6751,2.6751,2.6811,2.6811,2.6801,2.6801,7
2026-04-24 17:35:00,2.6756,2.6771,2.6746,2.6771,2.6806,2.6821,2.6796,2.6821,18
2026-04-24 17:36:00,2.6776,2.6811,2.6771,2.6791,2.6826,2.6861,2.6821,2.6841,25
2026-04-24 17:37:00,2.6781,2.6801,2.6781,2.6796,2.6831,2.6851,2.6831,2.6846,17
2026-04-24 17:38:00,2.6791,2.6811,2.6791,2.6811,2.6841,2.6861,2.6841,2.6861,22
2026-04-24 17:39:00,2.6806,2.6831,2.6801,2.6831,2.6856,2.6881,2.6851,2.6881,14
2026-04-24 17:40:00,2.6826,2.6871,2.6826,2.6871,2.6876,2.6921,2.6876,2.6921,16
2026-04-24 17:41:00,2.6881,2.6891,2.6841,2.6856,2.6931,2.6941,2.6891,2.6906,22
2026-04-24 17:42:00,2.6851,2.6871,2.6851,2.6861,2.6901,2.6921,2.6901,2.6911,9
2026-04-24 17:43:00,2.6851,2.6851,2.6841,2.6841,2.6901,2.6901,2.6891,2.6891,5
2026-04-24 17:44:00,2.6846,2.6846,2.6731,2.6741,2.6896,2.6896,2.6781,2.6791,85
2026-04-24 17:45:00,2.6731,2.6761,2.6691,2.6741,2.6781,2.6811,2.6741,2.6791,103
2026-04-24 17:46:00,2.6751,2.6766,2.6721,2.6761,2.6801,2.6816,2.6771,2.6811,62
2026-04-24 17:47:00,2.6751,2.6761,2.6741,2.6761,2.6801,2.6811,2.6791,2.6811,59
2026-04-24 17:48:00,2.6756,2.6771,2.6741,2.6761,2.6806,2.6821,2.6791,2.6811,47
2026-04-24 17:49:00,2.6756,2.6761,2.6751,2.6761,2.6806,2.6811,2.6801,2.6811,8
2026-04-24 17:50:00,2.6756,2.6756,2.6711,2.6721,2.6806,2.6806,2.6761,2.6771,35
2026-04-24 17:51:00,2.6726,2.6771,2.6726,2.6771,2.6776,2.6821,2.6776,2.6821,37
2026-04-24 17:52:00,2.6761,2.6761,2.6731,2.6746,2.6811,2.6811,2.6781,2.6796,25
2026-04-24 17:53:00,2.6741,2.6751,2.6721,2.6731,2.6791,2.6801,2.6771,2.6781,34
2026-04-24 17:54:00,2.6736,2.6741,2.6716,2.6716,2.6786,2.6791,2.6766,2.6766,28
2026-04-24 17:55:00,2.6721,2.6721,2.6681,2.6691,2.6771,2.6771,2.6731,2.6741,17
2026-04-24 17:56:00,2.6696,2.6711,2.6671,2.6696,2.6746,2.6761,2.6721,2.6746,33
2026-04-24 17:57:00,2.6701,2.6711,2.6691,2.6701,2.6751,2.6761,2.6741,2.6751,12
2026-04-24 17:58:00,2.6706,2.6741,2.6701,2.6741,2.6756,2.6791,2.6751,2.6791,26
2026-04-24 17:59:00,2.6731,2.6731,2.6721,2.6721,2.6781,2.6781,2.6771,2.6771,11
2026-04-24 18:00:00,2.6716,2.6721,2.6681,2.6701,2.6766,2.6771,2.6731,2.6751,29
2026-04-24 18:01:00,2.6711,2.6716,2.6701,2.6701,2.6761,2.6766,2.6751,2.6751,13
2026-04-24 18:02:00,2.6706,2.6711,2.6691,2.6696,2.6756,2.6761,2.6741,2.6746,24
2026-04-24 18:03:00,2.6706,2.6721,2.6701,2.6711,2.6756,2.6771,2.6751,2.6761,16
2026-04-24 18:04:00,2.6706,2.6711,2.6696,2.6711,2.6756,2.6761,2.6746,2.6761,16
2026-04-24 18:05:00,2.6706,2.6711,2.6696,2.6711,2.6756,2.6761,2.6746,2.6761,18
2026-04-24 18:06:00,2.6721,2.6721,2.6706,2.6711,2.6771,2.6771,2.6756,2.6761,8
2026-04-24 18:07:00,2.6716,2.6741,2.6716,2.6741,2.6766,2.6791,2.6766,2.6791,13
2026-04-24 18:08:00,2.6731,2.6751,2.6731,2.6741,2.6781,2.6801,2.6781,2.6791,8
2026-04-24 18:09:00,2.6731,2.6741,2.6731,2.6731,2.6781,2.6791,2.6781,2.6781,28
2026-04-24 18:10:00,2.6736,2.6751,2.6721,2.6751,2.6786,2.6801,2.6771,2.6801,24
2026-04-24 18:11:00,2.6741,2.6751,2.6731,2.6751,2.6791,2.6801,2.6781,2.6801,28
2026-04-24 18:12:00,2.6756,2.6776,2.6751,2.6771,2.6806,2.6826,2.6801,2.6821,14
2026-04-24 18:13:00,2.6761,2.6801,2.6761,2.6791,2.6811,2.6851,2.6811,2.6841,21
2026-04-24 18:14:00,2.6781,2.6821,2.6781,2.6821,2.6831,2.6871,2.6831,2.6871,22
2026-04-24 18:15:00,2.6826,2.6891,2.6821,2.6876,2.6876,2.6941,2.6871,2.6926,37
2026-04-24 18:16:00,2.6871,2.6901,2.6846,2.6851,2.6921,2.6951,2.6896,2.6901,18
2026-04-24 18:17:00,2.6861,2.6871,2.6851,2.6851,2.6911,2.6921,2.6901,2.6901,12
2026-04-24 18:18:00,2.6841,2.6841,2.6811,2.6811,2.6891,2.6891,2.6861,2.6861,16
2026-04-24 18:19:00,2.6821,2.6821,2.6811,2.6811,2.6871,2.6871,2.6861,2.6861,9
2026-04-24 18:20:00,2.6821,2.6826,2.6801,2.6821,2.6871,2.6876,2.6851,2.6871,10
2026-04-24 18:21:00,2.6811,2.6821,2.6791,2.6801,2.6861,2.6871,2.6841,2.6851,9
2026-04-24 18:22:00,2.6811,2.6821,2.6801,2.6801,2.6861,2.6871,2.6851,2.6851,12
2026-04-24 18:23:00,2.6791,2.6806,2.6791,2.6801,2.6841,2.6856,2.6841,2.6851,8
2026-04-24 18:24:00,2.6811,2.6821,2.6801,2.6811,2.6861,2.6871,2.6851,2.6861,10
2026-04-24 18:25:00,2.6806,2.6821,2.6801,2.6821,2.6856,2.6871,2.6851,2.6871,22
2026-04-24 18:26:00,2.6816,2.6851,2.6811,2.6846,2.6866,2.6901,2.6861,2.6896,12
2026-04-24 18:27:00,2.6841,2.6871,2.6841,2.6841,2.6891,2.6921,2.6891,2.6891,13
2026-04-24 18:28:00,2.6846,2.6871,2.6846,2.6861,2.6896,2.6921,2.6896,2.6911,15
2026-04-24 18:29:00,2.6866,2.6881,2.6861,2.6871,2.6916,2.6931,2.6911,2.6921,12
2026-04-24 18:30:00,2.6861,2.6951,2.6851,2.6941,2.6911,2.7001,2.6901,2.6991,51
2026-04-24 18:31:00,2.6946,2.6951,2.6906,2.6921,2.6996,2.7001,2.6956,2.6971,32
2026-04-24 18:32:00,2.6931,2.6941,2.6921,2.6926,2.6981,2.6991,2.6971,2.6976,22
2026-04-24 18:33:00,2.6931,2.6961,2.6931,2.6951,2.6981,2.7011,2.6981,2.7001,33
2026-04-24 18:34:00,2.6961,2.6971,2.6941,2.6941,2.7011,2.7021,2.6991,2.6991,14
2026-04-24 18:35:00,2.6951,2.6951,2.6921,2.6931,2.7001,2.7001,2.6971,2.6981,12
2026-04-24 18:36:00,2.6921,2.6931,2.6921,2.6931,2.6971,2.6981,2.6971,2.6981,15
2026-04-24 18:37:00,2.6921,2.6921,2.6901,2.6921,2.6971,2.6971,2.6951,2.6971,11
2026-04-24 18:38:00,2.6916,2.6926,2.6911,2.6926,2.6966,2.6976,2.6961,2.6976,12
2026-04-24 18:39:00,2.6931,2.6936,2.6911,2.6931,2.6981,2.6986,2.6961,2.6981,11
2026-04-24 18:40:00,2.6926,2.6926,2.6921,2.6921,2.6976,2.6976,2.6971,2.6971,2
2026-04-24 18:41:00,2.6926,2.6941,2.6906,2.6911,2.6976,2.6991,2.6956,2.6961,11
2026-04-24 18:42:00,2.6906,2.6931,2.6906,2.6931,2.6956,2.6981,2.6956,2.6981,5
2026-04-24 18:43:00,2.6926,2.6931,2.6921,2.6921,2.6976,2.6981,2.6971,2.6971,10
2026-04-24 18:44:00,2.6916,2.6916,2.6891,2.6891,2.6966,2.6966,2.6941,2.6941,11
2026-04-24 18:45:00,2.6881,2.6901,2.6881,2.6891,2.6931,2.6951,2.6931,2.6941,23
2026-04-24 18:46:00,2.6901,2.6911,2.6891,2.6911,2.6951,2.6961,2.6941,2.6961,10
2026-04-24 18:47:00,2.6901,2.6936,2.6901,2.6936,2.6951,2.6986,2.6951,2.6986,24
2026-04-24 18:48:00,2.6941,2.6981,2.6941,2.6966,2.6991,2.7031,2.6991,2.7016,18
2026-04-24 18:49:00,2.6961,2.6996,2.6961,2.6991,2.7011,2.7046,2.7011,2.7041,15
2026-04-24 18:50:00,2.6986,2.7031,2.6976,2.7016,2.7036,2.7081,2.7026,2.7066,33
2026-04-24 18:51:00,2.7006,2.7006,2.6981,2.7001,2.7056,2.7056,2.7031,2.7051,31
2026-04-24 18:52:00,2.7011,2.7021,2.7001,2.7011,2.7061,2.7071,2.7051,2.7061,22
2026-04-24 18:53:00,2.7006,2.7021,2.6981,2.7006,2.7056,2.7071,2.7031,2.7056,28
2026-04-24 18:54:00,2.7001,2.7021,2.7001,2.7001,2.7051,2.7071,2.7051,2.7051,10
2026-04-24 18:55:00,2.7011,2.7011,2.7001,2.7001,2.7061,2.7061,2.7051,2.7051,9
2026-04-24 18:56:00,2.6996,2.7001,2.6981,2.6981,2.7046,2.7051,2.7031,2.7031,9
2026-04-24 18:57:00,2.6991,2.7011,2.6991,2.7011,2.7041,2.7061,2.7041,2.7061,6
2026-04-24 18:58:00,2.7001,2.7011,2.6981,2.7001,2.7051,2.7061,2.7031,2.7051,27
2026-04-24 18:59:00,2.7006,2.7011,2.6981,2.7001,2.7056,2.7061,2.7031,2.7051,26
2026-04-24 19:00:00,2.7011,2.7021,2.7011,2.7021,2.7061,2.7071,2.7061,2.7071,4
2026-04-24 19:01:00,2.7011,2.7011,2.6991,2.7001,2.7061,2.7061,2.7041,2.7051,11
2026-04-24 19:02:00,2.7011,2.7016,2.6991,2.7006,2.7061,2.7066,2.7041,2.7056,22
2026-04-24 19:03:00,2.7016,2.7031,2.7011,2.7021,2.7066,2.7081,2.7061,2.7071,19
2026-04-24 19:04:00,2.7016,2.7021,2.6991,2.7021,2.7066,2.7071,2.7041,2.7071,22
2026-04-24 19:05:00,2.7011,2.7021,2.7011,2.7021,2.7061,2.7071,2.7061,2.7071,11
2026-04-24 19:06:00,2.7031,2.7031,2.7011,2.7016,2.7081,2.7081,2.7061,2.7066,12
2026-04-24 19:07:00,2.7011,2.7041,2.7011,2.7031,2.7061,2.7091,2.7061,2.7081,19
2026-04-24 19:08:00,2.7021,2.7031,2.7011,2.7031,2.7071,2.7081,2.7061,2.7081,21
2026-04-24 19:09:00,2.7021,2.7021,2.7011,2.7021,2.7071,2.7071,2.7061,2.7071,11
2026-04-24 19:10:00,2.7011,2.7016,2.7006,2.7016,2.7061,2.7066,2.7056,2.7066,8
2026-04-24 19:11:00,2.7011,2.7031,2.7011,2.7031,2.7061,2.7081,2.7061,2.7081,11
2026-04-24 19:12:00,2.7021,2.7036,2.7011,2.7031,2.7071,2.7086,2.7061,2.7081,12
2026-04-24 19:13:00,2.7021,2.7031,2.7011,2.7031,2.7071,2.7081,2.7061,2.7081,16
2026-04-24 19:14:00,2.7041,2.7041,2.7031,2.7031,2.7091,2.7091,2.7081,2.7081,5
2026-04-24 19:15:00,2.7041,2.7041,2.7031,2.7041,2.7091,2.7091,2.7081,2.7091,10
2026-04-24 19:16:00,2.7046,2.7061,2.7016,2.7016,2.7096,2.7111,2.7066,2.7066,27
2026-04-24 19:17:00,2.7011,2.7031,2.7001,2.7021,2.7061,2.7081,2.7051,2.7071,19
2026-04-24 19:18:00,2.7026,2.7031,2.7021,2.7021,2.7076,2.7081,2.7071,2.7071,9
2026-04-24 19:19:00,2.7011,2.7021,2.7001,2.7021,2.7061,2.7071,2.7051,2.7071,9
2026-04-24 19:20:00,2.7016,2.7031,2.7016,2.7021,2.7066,2.7081,2.7066,2.7071,18
2026-04-24 19:21:00,2.7011,2.7041,2.7011,2.7031,2.7061,2.7091,2.7061,2.7081,13
2026-04-24 19:22:00,2.7036,2.7051,2.7031,2.7051,2.7086,2.7101,2.7081,2.7101,22
2026-04-24 19:23:00,2.7056,2.7061,2.7036,2.7036,2.7106,2.7111,2.7086,2.7086,18
2026-04-24 19:24:00,2.7031,2.7041,2.7021,2.7041,2.7081,2.7091,2.7071,2.7091,16
2026-04-24 19:25:00,2.7036,2.7081,2.7021,2.7066,2.7086,2.7131,2.7071,2.7116,28
2026-04-24 19:26:00,2.7076,2.7091,2.7066,2.7081,2.7126,2.7141,2.7116,2.7131,15
2026-04-24 19:27:00,2.7071,2.7081,2.7061,2.7061,2.7121,2.7131,2.7111,2.7111,11
2026-04-24 19:28:00,2.7071,2.7091,2.7061,2.7086,2.7121,2.7141,2.7111,2.7136,14
2026-04-24 19:29:00,2.7091,2.7111,2.7081,2.7111,2.7141,2.7161,2.7131,2.7161,16
2026-04-24 19:30:00,2.7121,2.7131,2.7071,2.7081,2.7171,2.7181,2.7121,2.7131,42
2026-04-24 19:31:00,2.7086,2.7086,2.7071,2.7071,2.7136,2.7136,2.7121,2.7121,10
2026-04-24 19:32:00,2.7061,2.7061,2.7041,2.7041,2.7111,2.7111,2.7091,2.7091,4
2026-04-24 19:33:00,2.7031,2.7031,2.7011,2.7026,2.7081,2.7081,2.7061,2.7076,26
2026-04-24 19:34:00,2.7031,2.7041,2.7021,2.7031,2.7081,2.7091,2.7071,2.7081,24
2026-04-24 19:35:00,2.7036,2.7051,2.7021,2.7021,2.7086,2.7101,2.7071,2.7071,31
2026-04-24 19:36:00,2.7016,2.7031,2.7011,2.7021,2.7066,2.7081,2.7061,2.7071,24
2026-04-24 19:37:00,2.7016,2.7091,2.7011,2.7086,2.7066,2.7141,2.7061,2.7136,34
2026-04-24 19:38:00,2.7091,2.7121,2.7091,2.7101,2.7141,2.7171,2.7141,2.7151,17
2026-04-24 19:39:00,2.7106,2.7121,2.7101,2.7111,2.7156,2.7171,2.7151,2.7161,10
2026-04-24 19:40:00,2.7121,2.7131,2.7101,2.7111,2.7171,2.7181,2.7151,2.7161,33
2026-04-24 19:41:00,2.7106,2.7111,2.7101,2.7111,2.7156,2.7161,2.7151,2.7161,21
2026-04-24 19:42:00,2.7116,2.7131,2.7101,2.7111,2.7166,2.7181,2.7151,2.7161,14
2026-04-24 19:43:00,2.7116,2.7116,2.7101,2.7101,2.7166,2.7166,2.7151,2.7151,7
2026-04-24 19:44:00,2.7106,2.7111,2.7096,2.7101,2.7156,2.7161,2.7146,2.7151,15
2026-04-24 19:45:00,2.7106,2.7106,2.7091,2.7091,2.7156,2.7156,2.7141,2.7141,24
2026-04-24 19:46:00,2.7086,2.7091,2.7086,2.7091,2.7136,2.7141,2.7136,2.7141,2
2026-04-24 19:47:00,2.7081,2.7081,2.7051,2.7061,2.7131,2.7131,2.7101,2.7111,16
2026-04-24 19:48:00,2.7066,2.7091,2.7061,2.7091,2.7116,2.7141,2.7111,2.7141,17
2026-04-24 19:49:00,2.7086,2.7111,2.7081,2.7091,2.7136,2.7161,2.7131,2.7141,14
2026-04-24 19:50:00,2.7086,2.7086,2.7081,2.7081,2.7136,2.7136,2.7131,2.7131,2
2026-04-24 19:51:00,2.7071,2.7091,2.7071,2.7081,2.7121,2.7141,2.7121,2.7131,24
2026-04-24 19:52:00,2.7086,2.7091,2.7071,2.7086,2.7136,2.7141,2.7121,2.7136,7
2026-04-24 19:53:00,2.7081,2.7091,2.7081,2.7086,2.7131,2.7141,2.7131,2.7136,8
2026-04-24 19:54:00,2.7081,2.7081,2.7016,2.7051,2.7131,2.7131,2.7066,2.7101,27
2026-04-24 19:55:00,2.7061,2.7061,2.7036,2.7051,2.7111,2.7111,2.7086,2.7101,12
2026-04-24 19:56:00,2.7061,2.7071,2.7051,2.7061,2.7111,2.7121,2.7101,2.7111,17
2026-04-24 19:57:00,2.7066,2.7091,2.7061,2.7091,2.7116,2.7141,2.7111,2.7141,18
2026-04-24 19:58:00,2.7081,2.7101,2.7071,2.7081,2.7131,2.7151,2.7121,2.7131,18
2026-04-24 19:59:00,2.7071,2.7091,2.7071,2.7091,2.7121,2.7141,2.7121,2.7141,11
2026-04-24 20:00:00,2.7101,2.7116,2.7091,2.7111,2.7151,2.7166,2.7141,2.7161,26
2026-04-24 20:01:00,2.7116,2.7131,2.7101,2.7101,2.7166,2.7181,2.7151,2.7151,19
2026-04-24 20:02:00,2.7106,2.7121,2.7101,2.7121,2.7156,2.7171,2.7151,2.7171,27
2026-04-24 20:03:00,2.7126,2.7141,2.7126,2.7141,2.7176,2.7191,2.7176,2.7191,28
2026-04-24 20:04:00,2.7146,2.7146,2.7121,2.7131,2.7196,2.7196,2.7171,2.7181,27
2026-04-24 20:05:00,2.7141,2.7141,2.7121,2.7141,2.7191,2.7191,2.7171,2.7191,15
2026-04-24 20:06:00,2.7136,2.7141,2.7101,2.7101,2.7186,2.7191,2.7151,2.7151,19
2026-04-24 20:07:00,2.7096,2.7096,2.7051,2.7071,2.7146,2.7146,2.7101,2.7121,22
2026-04-24 20:08:00,2.7061,2.7061,2.7051,2.7061,2.7111,2.7111,2.7101,2.7111,5
2026-04-24 20:09:00,2.7071,2.7071,2.7061,2.7066,2.7121,2.7121,2.7111,2.7116,8
2026-04-24 20:10:00,2.7061,2.7071,2.7031,2.7031,2.7111,2.7121,2.7081,2.7081,23
2026-04-24 20:11:00,2.7041,2.7041,2.7021,2.7031,2.7091,2.7091,2.7071,2.7081,17
2026-04-24 20:12:00,2.7036,2.7051,2.7021,2.7051,2.7086,2.7101,2.7071,2.7101,19
2026-04-24 20:13:00,2.7061,2.7061,2.7031,2.7031,2.7111,2.7111,2.7081,2.7081,20
2026-04-24 20:14:00,2.7021,2.7031,2.7001,2.7016,2.7071,2.7081,2.7051,2.7066,19
2026-04-24 20:15:00,2.7011,2.7041,2.7001,2.7011,2.7061,2.7091,2.7051,2.7061,23
2026-04-24 20:16:00,2.7016,2.7021,2.6991,2.6991,2.7066,2.7071,2.7041,2.7041,18
2026-04-24 20:17:00,2.6981,2.6991,2.6971,2.6991,2.7031,2.7041,2.7021,2.7041,14
2026-04-24 20:18:00,2.6986,2.6986,2.6951,2.6951,2.7036,2.7036,2.7001,2.7001,12
2026-04-24 20:19:00,2.6956,2.6966,2.6941,2.6951,2.7006,2.7016,2.6991,2.7001,28
2026-04-24 20:20:00,2.6946,2.6961,2.6926,2.6931,2.6996,2.7011,2.6976,2.6981,25
2026-04-24 20:21:00,2.6951,2.6981,2.6951,2.6961,2.7001,2.7031,2.7001,2.7011,30
2026-04-24 20:22:00,2.6966,2.6981,2.6961,2.6981,2.7016,2.7031,2.7011,2.7031,29
2026-04-24 20:23:00,2.6976,2.6981,2.6971,2.6971,2.7026,2.7031,2.7021,2.7021,13
2026-04-24 20:24:00,2.6981,2.7001,2.6981,2.7001,2.7031,2.7051,2.7031,2.7051,18
2026-04-24 20:25:00,2.7006,2.7006,2.6981,2.7001,2.7056,2.7056,2.7031,2.7051,36
2026-04-24 20:26:00,2.6996,2.7031,2.6991,2.7011,2.7046,2.7081,2.7041,2.7061,30
2026-04-24 20:27:00,2.7016,2.7031,2.7001,2.7021,2.7066,2.7081,2.7051,2.7071,12
2026-04-24 20:28:00,2.7016,2.7021,2.6986,2.7001,2.7066,2.7071,2.7036,2.7051,129
2026-04-24 20:29:00,2.7006,2.7021,2.6991,2.7006,2.7056,2.7071,2.7041,2.7056,68
2026-04-24 20:30:00,2.7011,2.7041,2.7001,2.7041,2.7061,2.7091,2.7051,2.7091,26
2026-04-24 20:31:00,2.7046,2.7051,2.7031,2.7031,2.7096,2.7101,2.7081,2.7081,18
2026-04-24 20:32:00,2.7036,2.7051,2.7031,2.7031,2.7086,2.7101,2.7081,2.7081,10
2026-04-24 20:33:00,2.7041,2.7051,2.7031,2.7041,2.7091,2.7101,2.7081,2.7091,17
2026-04-24 20:34:00,2.7036,2.7061,2.7031,2.7061,2.7086,2.7111,2.7081,2.7111,20
2026-04-24 20:35:00,2.7066,2.7071,2.7061,2.7061,2.7116,2.7121,2.7111,2.7111,11
2026-04-24 20:36:00,2.7066,2.7091,2.7066,2.7081,2.7116,2.7141,2.7116,2.7131,7
2026-04-24 20:37:00,2.7076,2.7076,2.7061,2.7071,2.7126,2.7126,2.7111,2.7121,5
2026-04-24 20:38:00,2.7066,2.7076,2.7051,2.7061,2.7116,2.7126,2.7101,2.7111,19
2026-04-24 20:39:00,2.7066,2.7071,2.7051,2.7061,2.7116,2.7121,2.7101,2.7111,13
2026-04-24 20:40:00,2.7066,2.7081,2.7061,2.7061,2.7116,2.7131,2.7111,2.7111,11
2026-04-24 20:41:00,2.7051,2.7071,2.7051,2.7061,2.7101,2.7121,2.7101,2.7111,10
2026-04-24 20:42:00,2.7066,2.7081,2.7066,2.7081,2.7116,2.7131,2.7116,2.7131,4
2026-04-24 20:43:00,2.7076,2.7081,2.7071,2.7071,2.7126,2.7131,2.7121,2.7121,7
2026-04-24 20:44:00,2.7066,2.7066,2.7031,2.7041,2.7116,2.7116,2.7081,2.7091,9
2026-04-24 20:45:00,2.7031,2.7061,2.7031,2.7041,2.7081,2.7111,2.7081,2.7091,16
2026-04-24 20:46:00,2.7061,2.7071,2.7041,2.7041,2.7111,2.7121,2.7091,2.7091,6
2026-04-24 20:47:00,2.7036,2.7041,2.7031,2.7031,2.7086,2.7091,2.7081,2.7081,10
2026-04-24 20:48:00,2.7036,2.7051,2.7031,2.7041,2.7086,2.7101,2.7081,2.7091,15
2026-04-24 20:49:00,2.7031,2.7041,2.7021,2.7021,2.7081,2.7091,2.7071,2.7071,11
2026-04-24 20:50:00,2.7031,2.7051,2.7011,2.7041,2.7081,2.7101,2.7061,2.7091,29
2026-04-24 20:51:00,2.7046,2.7051,2.7031,2.7031,2.7096,2.7101,2.7081,2.7081,7
2026-04-24 20:53:00,2.7026,2.7051,2.7021,2.7041,2.7076,2.7101,2.7071,2.7091,6
2026-04-24 20:54:00,2.7036,2.7036,2.7036,2.7036,2.7086,2.7086,2.7086,2.7086,1
2026-04-24 20:55:00,2.7031,2.7041,2.7021,2.7036,2.7081,2.7091,2.7071,2.7086,12
2026-04-24 20:56:00,2.7031,2.7041,2.7021,2.7041,2.7081,2.7091,2.7071,2.7091,13
2026-04-24 20:57:00,2.7046,2.7061,2.7041,2.7051,2.7096,2.7111,2.7091,2.7101,8
2026-04-24 20:58:00,2.7056,2.7071,2.7051,2.7061,2.7106,2.7121,2.7101,2.7111,12
2026-04-24 20:59:00,2.7056,2.7071,2.7051,2.7061,2.7106,2.7121,2.7101,2.7111,12
2026-04-24 21:00:00,2.7056,2.7061,2.7056,2.7061,2.7106,2.7111,2.7106,2.7111,2
2026-04-24 21:01:00,2.7056,2.7061,2.7031,2.7031,2.7106,2.7111,2.7081,2.7081,12
2026-04-24 21:02:00,2.7026,2.7031,2.7021,2.7021,2.7076,2.7081,2.7071,2.7071,7
2026-04-24 21:03:00,2.7026,2.7041,2.7021,2.7041,2.7076,2.7091,2.7071,2.7091,12
2026-04-24 21:04:00,2.7051,2.7051,2.7041,2.7041,2.7101,2.7101,2.7091,2.7091,6
2026-04-24 21:05:00,2.7031,2.7031,2.7021,2.7021,2.7081,2.7081,2.7071,2.7071,4
2026-04-24 21:06:00,2.7011,2.7021,2.7001,2.7011,2.7061,2.7071,2.7051,2.7061,12
2026-04-24 21:07:00,2.7021,2.7021,2.6981,2.6981,2.7071,2.7071,2.7031,2.7031,7
2026-04-24 21:08:00,2.6986,2.6991,2.6981,2.6981,2.7036,2.7041,2.7031,2.7031,6
2026-04-24 21:09:00,2.6991,2.7011,2.6991,2.6996,2.7041,2.7061,2.7041,2.7046,9
2026-04-24 21:10:00,2.6991,2.6996,2.6981,2.6981,2.7041,2.7046,2.7031,2.7031,15
2026-04-24 21:11:00,2.6986,2.7001,2.6986,2.6991,2.7036,2.7051,2.7036,2.7041,5
2026-04-24 21:12:00,2.6986,2.6986,2.6981,2.6981,2.7036,2.7036,2.7031,2.7031,2
2026-04-24 21:13:00,2.6976,2.6981,2.6976,2.6981,2.7026,2.7031,2.7026,2.7031,4
2026-04-24 21:14:00,2.6971,2.6981,2.6971,2.6971,2.7021,2.7031,2.7021,2.7021,4
2026-04-24 21:16:00,2.6961,2.6971,2.6961,2.6961,2.7011,2.7021,2.7011,2.7011,4
2026-04-24 21:17:00,2.6966,2.6971,2.6941,2.6951,2.7016,2.7021,2.6991,2.7001,11
2026-04-24 21:18:00,2.6956,2.6961,2.6951,2.6951,2.7006,2.7011,2.7001,2.7001,5
2026-04-24 21:19:00,2.6956,2.6956,2.6946,2.6951,2.7006,2.7006,2.6996,2.7001,4
2026-04-24 21:20:00,2.6941,2.6961,2.6936,2.6961,2.6991,2.7011,2.6986,2.7011,6
2026-04-24 21:21:00,2.6971,2.6981,2.6971,2.6971,2.7021,2.7031,2.7021,2.7021,10
2026-04-24 21:22:00,2.6981,2.6981,2.6971,2.6976,2.7031,2.7031,2.7021,2.7026,3
2026-04-24 21:23:00,2.6971,2.6981,2.6971,2.6981,2.7021,2.7031,2.7021,2.7031,12
2026-04-24 21:24:00,2.6991,2.6991,2.6981,2.6981,2.7041,2.7041,2.7031,2.7031,2
2026-04-24 21:25:00,2.6971,2.6981,2.6971,2.6976,2.7021,2.7031,2.7021,2.7026,9
2026-04-24 21:26:00,2.6971,2.6981,2.6971,2.6981,2.7021,2.7031,2.7021,2.7031,7
2026-04-24 21:27:00,2.6971,2.6981,2.6961,2.6961,2.7021,2.7031,2.7011,2.7011,4
2026-04-24 21:28:00,2.6971,2.6971,2.6971,2.6971,2.7021,2.7021,2.7021,2.7021,1
2026-04-24 21:29:00,2.6961,2.6961,2.6961,2.6961,2.7011,2.7011,2.7011,2.7011,1
2026-04-24 21:30:00,2.6956,2.6961,2.6956,2.6961,2.7006,2.7011,2.7006,2.7011,2
2026-04-24 21:31:00,2.6956,2.6961,2.6951,2.6951,2.7006,2.7011,2.7001,2.7001,3
2026-04-24 21:32:00,2.6961,2.6971,2.6951,2.6961,2.7011,2.7021,2.7001,2.7011,7
2026-04-24 21:34:00,2.6971,2.6971,2.6961,2.6961,2.7021,2.7021,2.7011,2.7011,2
2026-04-24 21:35:00,2.6971,2.6971,2.6961,2.6961,2.7021,2.7021,2.7011,2.7011,4
2026-04-24 21:37:00,2.6951,2.6951,2.6936,2.6941,2.7001,2.7001,2.6986,2.6991,7
2026-04-24 21:38:00,2.6946,2.6966,2.6946,2.6961,2.6996,2.7016,2.6996,2.7011,5
2026-04-24 21:39:00,2.6971,2.6991,2.6971,2.6981,2.7021,2.7041,2.7021,2.7031,5
2026-04-24 21:40:00,2.6976,2.6981,2.6971,2.6976,2.7026,2.7031,2.7021,2.7026,14
2026-04-24 21:41:00,2.6971,2.6981,2.6971,2.6981,2.7021,2.7031,2.7021,2.7031,2
2026-04-24 21:42:00,2.6991,2.6991,2.6981,2.6991,2.7041,2.7041,2.7031,2.7041,8
2026-04-24 21:43:00,2.7001,2.7001,2.6991,2.6991,2.7051,2.7051,2.7041,2.7041,3
2026-04-24 21:44:00,2.6996,2.7001,2.6996,2.7001,2.7046,2.7051,2.7046,2.7051,2
2026-04-24 21:45:00,2.7011,2.7011,2.7006,2.7006,2.7061,2.7061,2.7056,2.7056,2
2026-04-24 21:46:00,2.7001,2.7011,2.7001,2.7011,2.7051,2.7061,2.7051,2.7061,4
2026-04-24 21:47:00,2.7016,2.7021,2.7011,2.7016,2.7066,2.7071,2.7061,2.7066,6
2026-04-24 21:48:00,2.7011,2.7021,2.7011,2.7011,2.7061,2.7071,2.7061,2.7061,5
2026-04-24 21:50:00,2.7016,2.7021,2.7011,2.7021,2.7066,2.7071,2.7061,2.7071,13
2026-04-24 21:51:00,2.7031,2.7031,2.7011,2.7021,2.7081,2.7081,2.7061,2.7071,15
2026-04-24 21:52:00,2.7031,2.7031,2.7016,2.7021,2.7081,2.7081,2.7066,2.7071,5
2026-04-24 21:55:00,2.7011,2.7031,2.7011,2.7021,2.7061,2.7081,2.7061,2.7071,9
2026-04-24 21:56:00,2.7031,2.7031,2.7021,2.7031,2.7081,2.7081,2.7071,2.7081,11
2026-04-24 21:57:00,2.7026,2.7031,2.7021,2.7021,2.7076,2.7081,2.7071,2.7071,6
2026-04-24 21:58:00,2.7026,2.7031,2.7021,2.7021,2.7076,2.7081,2.7071,2.7071,3
2026-04-24 21:59:00,2.7026,2.7031,2.7026,2.7031,2.7076,2.7081,2.7076,2.7081,2
2026-04-24 22:00:00,2.7041,2.7041,2.7031,2.7036,2.7091,2.7091,2.7081,2.7086,3
2026-04-24 22:01:00,2.7031,2.7031,2.7031,2.7031,2.7081,2.7081,2.7081,2.7081,1
2026-04-24 22:02:00,2.7026,2.7031,2.7021,2.7021,2.7076,2.7081,2.7071,2.7071,4
2026-04-24 22:03:00,2.7026,2.7026,2.7011,2.7021,2.7076,2.7076,2.7061,2.7071,6
2026-04-24 22:04:00,2.7016,2.7016,2.7001,2.7006,2.7066,2.7066,2.7051,2.7056,5
2026-04-24 22:05:00,2.7001,2.7011,2.6981,2.6986,2.7051,2.7061,2.7031,2.7036,9
2026-04-24 22:06:00,2.6981,2.6991,2.6981,2.6991,2.7031,2.7041,2.7031,2.7041,3
2026-04-24 22:07:00,2.7001,2.7031,2.7001,2.7011,2.7051,2.7081,2.7051,2.7061,12
2026-04-24 22:08:00,2.7006,2.7016,2.7001,2.7011,2.7056,2.7066,2.7051,2.7061,9
2026-04-24 22:09:00,2.7006,2.7011,2.7001,2.7001,2.7056,2.7061,2.7051,2.7051,3
2026-04-24 22:10:00,2.7011,2.7026,2.7011,2.7021,2.7061,2.7076,2.7061,2.7071,5
2026-04-24 22:11:00,2.7031,2.7031,2.7021,2.7031,2.7081,2.7081,2.7071,2.7081,5
2026-04-24 22:13:00,2.7026,2.7041,2.7026,2.7041,2.7076,2.7091,2.7076,2.7091,6
2026-04-24 22:14:00,2.7031,2.7031,2.7021,2.7031,2.7081,2.7081,2.7071,2.7081,5
2026-04-24 22:16:00,2.7036,2.7036,2.7031,2.7031,2.7086,2.7086,2.7081,2.7081,2
2026-04-24 22:17:00,2.7021,2.7021,2.7006,2.7011,2.7071,2.7071,2.7056,2.7061,5
2026-04-24 22:18:00,2.7021,2.7021,2.7011,2.7011,2.7071,2.7071,2.7061,2.7061,6
2026-04-24 22:19:00,2.7016,2.7031,2.7011,2.7031,2.7066,2.7081,2.7061,2.7081,6
2026-04-24 22:20:00,2.7021,2.7031,2.7021,2.7021,2.7071,2.7081,2.7071,2.7071,11
2026-04-24 22:21:00,2.7026,2.7031,2.7026,2.7031,2.7076,2.7081,2.7076,2.7081,2
2026-04-24 22:23:00,2.7041,2.7041,2.7031,2.7031,2.7091,2.7091,2.7081,2.7081,4
2026-04-24 22:24:00,2.7041,2.7041,2.7031,2.7036,2.7091,2.7091,2.7081,2.7086,8
2026-04-24 22:25:00,2.7031,2.7041,2.7031,2.7036,2.7081,2.7091,2.7081,2.7086,7
2026-04-24 22:26:00,2.7041,2.7041,2.7031,2.7031,2.7091,2.7091,2.7081,2.7081,6
2026-04-24 22:27:00,2.7036,2.7036,2.7021,2.7021,2.7086,2.7086,2.7071,2.7071,7
2026-04-24 22:28:00,2.7026,2.7041,2.7021,2.7031,2.7076,2.7091,2.7071,2.7081,14
2026-04-24 22:29:00,2.7026,2.7031,2.7016,2.7016,2.7076,2.7081,2.7066,2.7066,9
2026-04-24 22:30:00,2.7021,2.7021,2.7011,2.7016,2.7071,2.7071,2.7061,2.7066,6
2026-04-24 22:31:00,2.7021,2.7021,2.7016,2.7016,2.7071,2.7071,2.7066,2.7066,2
2026-04-24 22:32:00,2.7011,2.7021,2.7011,2.7011,2.7061,2.7071,2.7061,2.7061,9
2026-04-24 22:33:00,2.7016,2.7021,2.7016,2.7016,2.7066,2.7071,2.7066,2.7066,3
2026-04-24 22:34:00,2.7021,2.7021,2.7021,2.7021,2.7071,2.7071,2.7071,2.7071,1
2026-04-24 22:35:00,2.7016,2.7026,2.7016,2.7026,2.7066,2.7076,2.7066,2.7076,3
2026-04-24 22:36:00,2.7021,2.7026,2.7011,2.7021,2.7071,2.7076,2.7061,2.7071,9
2026-04-24 22:37:00,2.7026,2.7031,2.7026,2.7026,2.7076,2.7081,2.7076,2.7076,5
2026-04-24 22:38:00,2.7031,2.7031,2.7021,2.7031,2.7081,2.7081,2.7071,2.7081,7
2026-04-24 22:39:00,2.7011,2.7026,2.7011,2.7021,2.7061,2.7076,2.7061,2.7071,6
2026-04-24 22:41:00,2.7031,2.7031,2.7016,2.7021,2.7081,2.7081,2.7066,2.7071,7
2026-04-24 22:42:00,2.7026,2.7031,2.7021,2.7021,2.7076,2.7081,2.7071,2.7071,11
2026-04-24 22:43:00,2.7031,2.7031,2.7011,2.7011,2.7081,2.7081,2.7061,2.7061,7
2026-04-24 22:44:00,2.7021,2.7031,2.7011,2.7021,2.7071,2.7081,2.7061,2.7071,29
2026-04-24 22:45:00,2.7031,2.7031,2.7021,2.7021,2.7081,2.7081,2.7071,2.7071,16
2026-04-24 22:46:00,2.7026,2.7026,2.7021,2.7021,2.7076,2.7076,2.7071,2.7071,2
2026-04-24 22:47:00,2.7011,2.7021,2.7011,2.7021,2.7061,2.7071,2.7061,2.7071,18
2026-04-24 22:48:00,2.7016,2.7021,2.7016,2.7021,2.7066,2.7071,2.7066,2.7071,2
2026-04-24 22:49:00,2.7026,2.7041,2.7011,2.7016,2.7076,2.7091,2.7061,2.7066,17
2026-04-24 22:50:00,2.7021,2.7021,2.7011,2.7011,2.7071,2.7071,2.7061,2.7061,4
2026-04-24 22:51:00,2.7016,2.7031,2.7016,2.7021,2.7066,2.7081,2.7066,2.7071,9
2026-04-24 22:52:00,2.7026,2.7031,2.7021,2.7026,2.7076,2.7081,2.7071,2.7076,9
2026-04-24 22:53:00,2.7031,2.7051,2.7021,2.7041,2.7081,2.7101,2.7071,2.7091,33
2026-04-24 22:54:00,2.7051,2.7071,2.7041,2.7046,2.7101,2.7121,2.7091,2.7096,17
2026-04-24 22:55:00,2.7051,2.7066,2.7051,2.7056,2.7101,2.7116,2.7101,2.7106,17
2026-04-24 22:56:00,2.7061,2.7061,2.7051,2.7061,2.7111,2.7111,2.7101,2.7111,10
2026-04-24 22:57:00,2.7056,2.7061,2.7051,2.7061,2.7106,2.7111,2.7101,2.7111,3
2026-04-24 22:58:00,2.7056,2.7061,2.7051,2.7056,2.7106,2.7111,2.7101,2.7106,16
2026-04-24 22:59:00,2.7061,2.7393,2.7056,2.7388,2.7111,2.7443,2.7106,2.7438,25
2026-04-27 00:00:00,2.7313,2.7373,2.7278,2.7328,2.7363,2.7423,2.7328,2.7378,38
2026-04-27 00:01:00,2.7318,2.7353,2.7288,2.7343,2.7368,2.7403,2.7338,2.7393,22
2026-04-27 00:02:00,2.7338,2.7353,2.7338,2.7348,2.7388,2.7403,2.7388,2.7398,16
2026-04-27 00:03:00,2.7353,2.7368,2.7328,2.7368,2.7403,2.7418,2.7378,2.7418,12
2026-04-27 00:04:00,2.7363,2.7418,2.7363,2.7408,2.7413,2.7468,2.7413,2.7458,12
2026-04-27 00:05:00,2.7413,2.7413,2.7328,2.7333,2.7463,2.7463,2.7378,2.7383,15
2026-04-27 00:06:00,2.7338,2.7358,2.7318,2.7358,2.7388,2.7408,2.7368,2.7408,10
2026-04-27 00:07:00,2.7363,2.7408,2.7363,2.7398,2.7413,2.7458,2.7413,2.7448,7
2026-04-27 00:08:00,2.7408,2.7458,2.7398,2.7448,2.7458,2.7508,2.7448,2.7498,15
2026-04-27 00:09:00,2.7443,2.7443,2.7398,2.7398,2.7493,2.7493,2.7448,2.7448,8
2026-04-27 00:10:00,2.7403,2.7418,2.7393,2.7393,2.7453,2.7468,2.7443,2.7443,8
2026-04-27 00:11:00,2.7388,2.7388,2.7358,2.7368,2.7438,2.7438,2.7408,2.7418,11
2026-04-27 00:12:00,2.7363,2.7378,2.7363,2.7378,2.7413,2.7428,2.7413,2.7428,4
2026-04-27 00:13:00,2.7388,2.7408,2.7373,2.7373,2.7438,2.7458,2.7423,2.7423,8
2026-04-27 00:14:00,2.7363,2.7363,2.7348,2.7348,2.7413,2.7413,2.7398,2.7398,5
2026-04-27 00:15:00,2.7353,2.7383,2.7353,2.7383,2.7403,2.7433,2.7403,2.7433,4
2026-04-27 00:16:00,2.7378,2.7378,2.7368,2.7378,2.7428,2.7428,2.7418,2.7428,6
2026-04-27 00:17:00,2.7368,2.7368,2.7353,2.7353,2.7418,2.7418,2.7403,2.7403,2
2026-04-27 00:18:00,2.7358,2.7373,2.7353,2.7363,2.7408,2.7423,2.7403,2.7413,11
2026-04-27 00:19:00,2.7373,2.7378,2.7368,2.7373,2.7423,2.7428,2.7418,2.7423,8
2026-04-27 00:20:00,2.7378,2.7383,2.7373,2.7373,2.7428,2.7433,2.7423,2.7423,6
2026-04-27 00:21:00,2.7378,2.7388,2.7378,2.7383,2.7428,2.7438,2.7428,2.7433,5
2026-04-27 00:22:00,2.7378,2.7408,2.7378,2.7388,2.7428,2.7458,2.7428,2.7438,8
2026-04-27 00:23:00,2.7393,2.7408,2.7393,2.7408,2.7443,2.7458,2.7443,2.7458,3
2026-04-27 00:25:00,2.7413,2.7418,2.7413,2.7418,2.7463,2.7468,2.7463,2.7468,4
2026-04-27 00:26:00,2.7413,2.7418,2.7413,2.7413,2.7463,2.7468,2.7463,2.7463,3
2026-04-27 00:28:00,2.7408,2.7413,2.7398,2.7413,2.7458,2.7463,2.7448,2.7463,6
2026-04-27 00:29:00,2.7418,2.7418,2.7388,2.7388,2.7468,2.7468,2.7438,2.7438,14
2026-04-27 00:30:00,2.7403,2.7403,2.7383,2.7383,2.7453,2.7453,2.7433,2.7433,6
2026-04-27 00:31:00,2.7398,2.7428,2.7398,2.7418,2.7448,2.7478,2.7448,2.7468,9
2026-04-27 00:32:00,2.7413,2.7413,2.7413,2.7413,2.7463,2.7463,2.7463,2.7463,1
2026-04-27 00:33:00,2.7408,2.7418,2.7403,2.7403,2.7458,2.7468,2.7453,2.7453,4
2026-04-27 00:34:00,2.7398,2.7403,2.7398,2.7403,2.7448,2.7453,2.7448,2.7453,2
2026-04-27 00:35:00,2.7398,2.7408,2.7398,2.7408,2.7448,2.7458,2.7448,2.7458,3
2026-04-27 00:36:00,2.7403,2.7408,2.7403,2.7408,2.7453,2.7458,2.7453,2.7458,2
2026-04-27 00:37:00,2.7403,2.7438,2.7403,2.7433,2.7453,2.7488,2.7453,2.7483,6
2026-04-27 00:38:00,2.7438,2.7453,2.7438,2.7453,2.7488,2.7503,2.7488,2.7503,3
2026-04-27 00:39:00,2.7458,2.7468,2.7458,2.7463,2.7508,2.7518,2.7508,2.7513,4
2026-04-27 00:40:00,2.7468,2.7483,2.7468,2.7478,2.7518,2.7533,2.7518,2.7528,3
2026-04-27 00:41:00,2.7483,2.7483,2.7483,2.7483,2.7533,2.7533,2.7533,2.7533,1
2026-04-27 00:42:00,2.7493,2.7498,2.7483,2.7483,2.7543,2.7548,2.7533,2.7533,4
2026-04-27 00:43:00,2.7478,2.7488,2.7468,2.7488,2.7528,2.7538,2.7518,2.7538,9
2026-04-27 00:44:00,2.7483,2.7488,2.7478,2.7478,2.7533,2.7538,2.7528,2.7528,3
2026-04-27 00:45:00,2.7488,2.7488,2.7478,2.7483,2.7538,2.7538,2.7528,2.7533,4
2026-04-27 00:47:00,2.7478,2.7478,2.7473,2.7473,2.7528,2.7528,2.7523,2.7523,2
2026-04-27 00:48:00,2.7468,2.7468,2.7463,2.7463,2.7518,2.7518,2.7513,2.7513,2
2026-04-27 00:50:00,2.7468,2.7473,2.7468,2.7473,2.7518,2.7523,2.7518,2.7523,2
2026-04-27 00:51:00,2.7478,2.7478,2.7473,2.7473,2.7528,2.7528,2.7523,2.7523,2
2026-04-27 00:52:00,2.7463,2.7468,2.7463,2.7463,2.7513,2.7518,2.7513,2.7513,3
2026-04-27 00:53:00,2.7458,2.7468,2.7448,2.7463,2.7508,2.7518,2.7498,2.7513,5
2026-04-27 00:54:00,2.7468,2.7468,2.7443,2.7448,2.7518,2.7518,2.7493,2.7498,7
2026-04-27 00:55:00,2.7453,2.7458,2.7438,2.7448,2.7503,2.7508,2.7488,2.7498,6
2026-04-27 00:56:00,2.7443,2.7448,2.7443,2.7448,2.7493,2.7498,2.7493,2.7498,2
2026-04-27 00:57:00,2.7443,2.7448,2.7438,2.7448,2.7493,2.7498,2.7488,2.7498,3
2026-04-27 00:59:00,2.7443,2.7448,2.7418,2.7418,2.7493,2.7498,2.7468,2.7468,8
2026-04-27 01:00:00,2.7408,2.7408,2.7408,2.7408,2.7458,2.7458,2.7458,2.7458,1
2026-04-27 01:01:00,2.7413,2.7413,2.7413,2.7413,2.7463,2.7463,2.7463,2.7463,1
2026-04-27 01:02:00,2.7418,2.7418,2.7418,2.7418,2.7468,2.7468,2.7468,2.7468,1
2026-04-27 01:03:00,2.7428,2.7433,2.7428,2.7433,2.7478,2.7483,2.7478,2.7483,2
2026-04-27 01:04:00,2.7438,2.7438,2.7428,2.7428,2.7488,2.7488,2.7478,2.7478,5
2026-04-27 01:05:00,2.7433,2.7433,2.7413,2.7418,2.7483,2.7483,2.7463,2.7468,4
2026-04-27 01:06:00,2.7428,2.7428,2.7408,2.7418,2.7478,2.7478,2.7458,2.7468,7
2026-04-27 01:07:00,2.7413,2.7413,2.7408,2.7408,2.7463,2.7463,2.7458,2.7458,2
2026-04-27 01:09:00,2.7413,2.7418,2.7403,2.7418,2.7463,2.7468,2.7453,2.7468,6
2026-04-27 01:10:00,2.7408,2.7413,2.7408,2.7413,2.7458,2.7463,2.7458,2.7463,2
2026-04-27 01:12:00,2.7403,2.7403,2.7403,2.7403,2.7453,2.7453,2.7453,2.7453,1
2026-04-27 01:14:00,2.7408,2.7408,2.7408,2.7408,2.7458,2.7458,2.7458,2.7458,1
2026-04-27 01:15:00,2.7413,2.7413,2.7413,2.7413,2.7463,2.7463,2.7463,2.7463,1
2026-04-27 01:17:00,2.7408,2.7408,2.7408,2.7408,2.7458,2.7458,2.7458,2.7458,1
2026-04-27 01:18:00,2.7398,2.7398,2.7398,2.7398,2.7448,2.7448,2.7448,2.7448,1
2026-04-27 01:19:00,2.7403,2.7403,2.7403,2.7403,2.7453,2.7453,2.7453,2.7453,1
2026-04-27 01:20:00,2.7388,2.7388,2.7388,2.7388,2.7438,2.7438,2.7438,2.7438,1
2026-04-27 01:21:00,2.7378,2.7383,2.7378,2.7383,2.7428,2.7433,2.7428,2.7433,2
2026-04-27 01:23:00,2.7378,2.7388,2.7378,2.7383,2.7428,2.7438,2.7428,2.7433,4
2026-04-27 01:25:00,2.7378,2.7383,2.7378,2.7383,2.7428,2.7433,2.7428,2.7433,2
2026-04-27 01:28:00,2.7388,2.7393,2.7388,2.7393,2.7438,2.7443,2.7438,2.7443,2
2026-04-27 01:30:00,2.7398,2.7398,2.7398,2.7398,2.7448,2.7448,2.7448,2.7448,1
2026-04-27 01:31:00,2.7393,2.7393,2.7393,2.7393,2.7443,2.7443,2.7443,2.7443,1
2026-04-27 01:32:00,2.7398,2.7398,2.7398,2.7398,2.7448,2.7448,2.7448,2.7448,1
2026-04-27 01:34:00,2.7393,2.7398,2.7393,2.7398,2.7443,2.7448,2.7443,2.7448,2
2026-04-27 01:37:00,2.7393,2.7398,2.7393,2.7393,2.7443,2.7448,2.7443,2.7443,3
2026-04-27 01:38:00,2.7398,2.7398,2.7378,2.7378,2.7448,2.7448,2.7428,2.7428,3
2026-04-27 01:39:00,2.7373,2.7373,2.7373,2.7373,2.7423,2.7423,2.7423,2.7423,1
2026-04-27 01:40:00,2.7378,2.7378,2.7378,2.7378,2.7428,2.7428,2.7428,2.7428,1
2026-04-27 01:41:00,2.7368,2.7368,2.7368,2.7368,2.7418,2.7418,2.7418,2.7418,1
2026-04-27 01:42:00,2.7358,2.7358,2.7358,2.7358,2.7408,2.7408,2.7408,2.7408,1
2026-04-27 01:43:00,2.7348,2.7358,2.7348,2.7353,2.7398,2.7408,2.7398,2.7403,3
2026-04-27 01:44:00,2.7358,2.7358,2.7358,2.7358,2.7408,2.7408,2.7408,2.7408,1
2026-04-27 01:45:00,2.7348,2.7348,2.7348,2.7348,2.7398,2.7398,2.7398,2.7398,1
2026-04-27 01:47:00,2.7358,2.7358,2.7353,2.7353,2.7408,2.7408,2.7403,2.7403,4
2026-04-27 01:48:00,2.7358,2.7358,2.7358,2.7358,2.7408,2.7408,2.7408,2.7408,1
2026-04-27 01:50:00,2.7353,2.7353,2.7353,2.7353,2.7403,2.7403,2.7403,2.7403,1
2026-04-27 01:51:00,2.7348,2.7358,2.7348,2.7353,2.7398,2.7408,2.7398,2.7403,3
2026-04-27 01:53:00,2.7358,2.7358,2.7358,2.7358,2.7408,2.7408,2.7408,2.7408,1
2026-04-27 01:54:00,2.7348,2.7358,2.7348,2.7353,2.7398,2.7408,2.7398,2.7403,3
2026-04-27 01:55:00,2.7348,2.7348,2.7348,2.7348,2.7398,2.7398,2.7398,2.7398,1
2026-04-27 01:56:00,2.7353,2.7353,2.7353,2.7353,2.7403,2.7403,2.7403,2.7403,1
2026-04-27 01:57:00,2.7348,2.7348,2.7338,2.7348,2.7398,2.7398,2.7388,2.7398,5
2026-04-27 01:58:00,2.7343,2.7348,2.7343,2.7348,2.7393,2.7398,2.7393,2.7398,2
2026-04-27 01:59:00,2.7343,2.7343,2.7338,2.7338,2.7393,2.7393,2.7388,2.7388,2
2026-04-27 02:00:00,2.7348,2.7348,2.7338,2.7338,2.7398,2.7398,2.7388,2.7388,4
2026-04-27 02:01:00,2.7348,2.7348,2.7338,2.7343,2.7398,2.7398,2.7388,2.7393,7
2026-04-27 02:02:00,2.7348,2.7358,2.7348,2.7358,2.7398,2.7408,2.7398,2.7408,9
2026-04-27 02:03:00,2.7363,2.7363,2.7358,2.7358,2.7413,2.7413,2.7408,2.7408,4
2026-04-27 02:04:00,2.7363,2.7368,2.7358,2.7358,2.7413,2.7418,2.7408,2.7408,3
2026-04-27 02:05:00,2.7363,2.7368,2.7358,2.7363,2.7413,2.7418,2.7408,2.7413,6
2026-04-27 02:06:00,2.7368,2.7393,2.7363,2.7388,2.7418,2.7443,2.7413,2.7438,8
2026-04-27 02:07:00,2.7393,2.7413,2.7393,2.7413,2.7443,2.7463,2.7443,2.7463,12
2026-04-27 02:08:00,2.7403,2.7408,2.7398,2.7408,2.7453,2.7458,2.7448,2.7458,5
2026-04-27 02:09:00,2.7403,2.7408,2.7393,2.7403,2.7453,2.7458,2.7443,2.7453,9
2026-04-27 02:11:00,2.7408,2.7408,2.7393,2.7393,2.7458,2.7458,2.7443,2.7443,4
2026-04-27 02:12:00,2.7388,2.7408,2.7388,2.7408,2.7438,2.7458,2.7438,2.7458,6
2026-04-27 02:13:00,2.7398,2.7398,2.7398,2.7398,2.7448,2.7448,2.7448,2.7448,1
2026-04-27 02:14:00,2.7403,2.7403,2.7398,2.7398,2.7453,2.7453,2.7448,2.7448,2
2026-04-27 02:15:00,2.7393,2.7408,2.7388,2.7408,2.7443,2.7458,2.7438,2.7458,8
2026-04-27 02:16:00,2.7398,2.7398,2.7398,2.7398,2.7448,2.7448,2.7448,2.7448,1
2026-04-27 02:19:00,2.7393,2.7393,2.7393,2.7393,2.7443,2.7443,2.7443,2.7443,1
2026-04-27 02:20:00,2.7398,2.7398,2.7393,2.7398,2.7448,2.7448,2.7443,2.7448,3
2026-04-27 02:23:00,2.7403,2.7403,2.7398,2.7398,2.7453,2.7453,2.7448,2.7448,2
2026-04-27 02:24:00,2.7393,2.7403,2.7393,2.7403,2.7443,2.7453,2.7443,2.7453,3
2026-04-27 02:25:00,2.7398,2.7398,2.7398,2.7398,2.7448,2.7448,2.7448,2.7448,1
2026-04-27 02:26:00,2.7403,2.7403,2.7403,2.7403,2.7453,2.7453,2.7453,2.7453,1
2026-04-27 02:27:00,2.7408,2.7408,2.7408,2.7408,2.7458,2.7458,2.7458,2.7458,1
2026-04-27 02:28:00,2.7403,2.7408,2.7403,2.7408,2.7453,2.7458,2.7453,2.7458,2
2026-04-27 02:29:00,2.7413,2.7413,2.7408,2.7408,2.7463,2.7463,2.7458,2.7458,2
2026-04-27 02:31:00,2.7413,2.7413,2.7408,2.7408,2.7463,2.7463,2.7458,2.7458,6
2026-04-27 02:33:00,2.7413,2.7413,2.7408,2.7408,2.7463,2.7463,2.7458,2.7458,2
2026-04-27 02:34:00,2.7413,2.7413,2.7413,2.7413,2.7463,2.7463,2.7463,2.7463,1
2026-04-27 02:35:00,2.7428,2.7428,2.7418,2.7418,2.7478,2.7478,2.7468,2.7468,2
2026-04-27 02:37:00,2.7423,2.7423,2.7418,2.7418,2.7473,2.7473,2.7468,2.7468,2
2026-04-27 02:41:00,2.7423,2.7423,2.7418,2.7418,2.7473,2.7473,2.7468,2.7468,2
2026-04-27 02:43:00,2.7423,2.7423,2.7423,2.7423,2.7473,2.7473,2.7473,2.7473,1
2026-04-27 02:44:00,2.7428,2.7428,2.7428,2.7428,2.7478,2.7478,2.7478,2.7478,1
2026-04-27 02:46:00,2.7423,2.7423,2.7418,2.7418,2.7473,2.7473,2.7468,2.7468,2
2026-04-27 02:48:00,2.7413,2.7428,2.7413,2.7428,2.7463,2.7478,2.7463,2.7478,3
2026-04-27 02:49:00,2.7418,2.7418,2.7408,2.7418,2.7468,2.7468,2.7458,2.7468,3
2026-04-27 02:52:00,2.7423,2.7423,2.7408,2.7408,2.7473,2.7473,2.7458,2.7458,3
2026-04-27 02:53:00,2.7413,2.7413,2.7408,2.7408,2.7463,2.7463,2.7458,2.7458,2
2026-04-27 02:54:00,2.7418,2.7418,2.7418,2.7418,2.7468,2.7468,2.7468,2.7468,1
2026-04-27 02:56:00,2.7413,2.7413,2.7413,2.7413,2.7463,2.7463,2.7463,2.7463,1
2026-04-27 02:57:00,2.7408,2.7408,2.7403,2.7408,2.7458,2.7458,2.7453,2.7458,3
2026-04-27 02:58:00,2.7403,2.7403,2.7353,2.7383,2.7453,2.7453,2.7403,2.7433,28
2026-04-27 02:59:00,2.7373,2.7398,2.7368,2.7398,2.7423,2.7448,2.7418,2.7448,13
2026-04-27 03:00:00,2.7388,2.7398,2.7388,2.7398,2.7438,2.7448,2.7438,2.7448,7
2026-04-27 03:01:00,2.7393,2.7398,2.7368,2.7388,2.7443,2.7448,2.7418,2.7438,25
2026-04-27 03:02:00,2.7393,2.7398,2.7388,2.7388,2.7443,2.7448,2.7438,2.7438,9
2026-04-27 03:03:00,2.7398,2.7418,2.7398,2.7413,2.7448,2.7468,2.7448,2.7463,12
2026-04-27 03:04:00,2.7418,2.7433,2.7418,2.7418,2.7468,2.7483,2.7468,2.7468,16
2026-04-27 03:06:00,2.7428,2.7428,2.7428,2.7428,2.7478,2.7478,2.7478,2.7478,1
2026-04-27 03:07:00,2.7433,2.7448,2.7428,2.7448,2.7483,2.7498,2.7478,2.7498,7
2026-04-27 03:08:00,2.7443,2.7463,2.7438,2.7463,2.7493,2.7513,2.7488,2.7513,7
2026-04-27 03:09:00,2.7468,2.7488,2.7468,2.7488,2.7518,2.7538,2.7518,2.7538,7
2026-04-27 03:10:00,2.7498,2.7498,2.7478,2.7488,2.7548,2.7548,2.7528,2.7538,7
2026-04-27 03:11:00,2.7483,2.7483,2.7473,2.7473,2.7533,2.7533,2.7523,2.7523,3
2026-04-27 03:12:00,2.7468,2.7498,2.7468,2.7493,2.7518,2.7548,2.7518,2.7543,11
2026-04-27 03:13:00,2.7498,2.7498,2.7488,2.7488,2.7548,2.7548,2.7538,2.7538,5
2026-04-27 03:15:00,2.7493,2.7508,2.7493,2.7508,2.7543,2.7558,2.7543,2.7558,3
2026-04-27 03:16:00,2.7513,2.7558,2.7513,2.7558,2.7563,2.7608,2.7563,2.7608,13
2026-04-27 03:17:00,2.7548,2.7558,2.7548,2.7553,2.7598,2.7608,2.7598,2.7603,8
2026-04-27 03:18:00,2.7548,2.7548,2.7548,2.7548,2.7598,2.7598,2.7598,2.7598,1
2026-04-27 03:19:00,2.7553,2.7578,2.7553,2.7578,2.7603,2.7628,2.7603,2.7628,5
2026-04-27 03:20:00,2.7588,2.7608,2.7588,2.7598,2.7638,2.7658,2.7638,2.7648,16
2026-04-27 03:21:00,2.7593,2.7593,2.7548,2.7558,2.7643,2.7643,2.7598,2.7608,11
2026-04-27 03:22:00,2.7548,2.7548,2.7533,2.7533,2.7598,2.7598,2.7583,2.7583,3
2026-04-27 03:23:00,2.7528,2.7543,2.7528,2.7528,2.7578,2.7593,2.7578,2.7578,8
2026-04-27 03:24:00,2.7533,2.7548,2.7533,2.7548,2.7583,2.7598,2.7583,2.7598,3
2026-04-27 03:25:00,2.7553,2.7563,2.7553,2.7558,2.7603,2.7613,2.7603,2.7608,4
2026-04-27 03:26:00,2.7548,2.7553,2.7538,2.7538,2.7598,2.7603,2.7588,2.7588,5
2026-04-27 03:28:00,2.7533,2.7533,2.7498,2.7508,2.7583,2.7583,2.7548,2.7558,7
2026-04-27 03:29:00,2.7498,2.7498,2.7488,2.7498,2.7548,2.7548,2.7538,2.7548,5
2026-04-27 03:30:00,2.7493,2.7498,2.7488,2.7498,2.7543,2.7548,2.7538,2.7548,4
2026-04-27 03:31:00,2.7493,2.7498,2.7493,2.7498,2.7543,2.7548,2.7543,2.7548,2
2026-04-27 03:32:00,2.7493,2.7498,2.7488,2.7488,2.7543,2.7548,2.7538,2.7538,5
2026-04-27 03:33:00,2.7498,2.7498,2.7483,2.7483,2.7548,2.7548,2.7533,2.7533,7
2026-04-27 03:34:00,2.7478,2.7478,2.7478,2.7478,2.7528,2.7528,2.7528,2.7528,1
2026-04-27 03:35:00,2.7468,2.7478,2.7468,2.7478,2.7518,2.7528,2.7518,2.7528,6
2026-04-27 03:36:00,2.7473,2.7473,2.7468,2.7468,2.7523,2.7523,2.7518,2.7518,2
2026-04-27 03:38:00,2.7478,2.7478,2.7468,2.7468,2.7528,2.7528,2.7518,2.7518,2
2026-04-27 03:39:00,2.7473,2.7473,2.7473,2.7473,2.7523,2.7523,2.7523,2.7523,1
2026-04-27 03:40:00,2.7478,2.7478,2.7468,2.7473,2.7528,2.7528,2.7518,2.7523,3
2026-04-27 03:41:00,2.7468,2.7473,2.7468,2.7473,2.7518,2.7523,2.7518,2.7523,2
2026-04-27 03:42:00,2.7478,2.7483,2.7473,2.7478,2.7528,2.7533,2.7523,2.7528,4
2026-04-27 03:43:00,2.7483,2.7488,2.7473,2.7488,2.7533,2.7538,2.7523,2.7538,5
2026-04-27 03:44:00,2.7483,2.7483,2.7468,2.7468,2.7533,2.7533,2.7518,2.7518,8
2026-04-27 03:46:00,2.7458,2.7468,2.7453,2.7468,2.7508,2.7518,2.7503,2.7518,7
2026-04-27 03:48:00,2.7463,2.7478,2.7463,2.7478,2.7513,2.7528,2.7513,2.7528,4
2026-04-27 03:49:00,2.7473,2.7473,2.7468,2.7473,2.7523,2.7523,2.7518,2.7523,5
2026-04-27 03:50:00,2.7468,2.7478,2.7468,2.7468,2.7518,2.7528,2.7518,2.7518,7
2026-04-27 03:51:00,2.7473,2.7483,2.7473,2.7483,2.7523,2.7533,2.7523,2.7533,3
2026-04-27 03:52:00,2.7478,2.7488,2.7473,2.7478,2.7528,2.7538,2.7523,2.7528,7
2026-04-27 03:54:00,2.7483,2.7488,2.7468,2.7468,2.7533,2.7538,2.7518,2.7518,4
2026-04-27 03:56:00,2.7473,2.7488,2.7473,2.7478,2.7523,2.7538,2.7523,2.7528,8
2026-04-27 03:57:00,2.7473,2.7483,2.7473,2.7473,2.7523,2.7533,2.7523,2.7523,5
2026-04-27 04:00:00,2.7468,2.7473,2.7458,2.7468,2.7518,2.7523,2.7508,2.7518,13
2026-04-27 04:01:00,2.7473,2.7473,2.7463,2.7473,2.7523,2.7523,2.7513,2.7523,7
2026-04-27 04:02:00,2.7468,2.7478,2.7468,2.7478,2.7518,2.7528,2.7518,2.7528,3
2026-04-27 04:03:00,2.7468,2.7473,2.7468,2.7468,2.7518,2.7523,2.7518,2.7518,3
2026-04-27 04:04:00,2.7463,2.7463,2.7463,2.7463,2.7513,2.7513,2.7513,2.7513,1
2026-04-27 04:05:00,2.7458,2.7458,2.7453,2.7453,2.7508,2.7508,2.7503,2.7503,6
2026-04-27 04:06:00,2.7458,2.7458,2.7453,2.7453,2.7508,2.7508,2.7503,2.7503,2
2026-04-27 04:07:00,2.7458,2.7458,2.7453,2.7453,2.7508,2.7508,2.7503,2.7503,2
2026-04-27 04:08:00,2.7448,2.7448,2.7448,2.7448,2.7498,2.7498,2.7498,2.7498,1
2026-04-27 04:11:00,2.7458,2.7458,2.7458,2.7458,2.7508,2.7508,2.7508,2.7508,1
2026-04-27 04:13:00,2.7453,2.7458,2.7448,2.7453,2.7503,2.7508,2.7498,2.7503,5
2026-04-27 04:14:00,2.7448,2.7448,2.7443,2.7443,2.7498,2.7498,2.7493,2.7493,2
2026-04-27 04:15:00,2.7438,2.7438,2.7438,2.7438,2.7488,2.7488,2.7488,2.7488,1
2026-04-27 04:16:00,2.7448,2.7448,2.7438,2.7438,2.7498,2.7498,2.7488,2.7488,3
2026-04-27 04:17:00,2.7428,2.7438,2.7418,2.7418,2.7478,2.7488,2.7468,2.7468,5
2026-04-27 04:19:00,2.7428,2.7428,2.7418,2.7418,2.7478,2.7478,2.7468,2.7468,3
2026-04-27 04:20:00,2.7423,2.7423,2.7423,2.7423,2.7473,2.7473,2.7473,2.7473,1
2026-04-27 04:21:00,2.7413,2.7428,2.7413,2.7428,2.7463,2.7478,2.7463,2.7478,3
2026-04-27 04:23:00,2.7438,2.7438,2.7428,2.7428,2.7488,2.7488,2.7478,2.7478,2
2026-04-27 04:24:00,2.7423,2.7423,2.7418,2.7423,2.7473,2.7473,2.7468,2.7473,3
2026-04-27 04:25:00,2.7428,2.7428,2.7423,2.7428,2.7478,2.7478,2.7473,2.7478,3
2026-04-27 04:26:00,2.7423,2.7428,2.7423,2.7423,2.7473,2.7478,2.7473,2.7473,3
2026-04-27 04:27:00,2.7428,2.7428,2.7428,2.7428,2.7478,2.7478,2.7478,2.7478,1
2026-04-27 04:28:00,2.7433,2.7438,2.7433,2.7438,2.7483,2.7488,2.7483,2.7488,2
2026-04-27 04:30:00,2.7428,2.7438,2.7418,2.7428,2.7478,2.7488,2.7468,2.7478,9
2026-04-27 04:31:00,2.7413,2.7423,2.7413,2.7418,2.7463,2.7473,2.7463,2.7468,4
2026-04-27 04:32:00,2.7423,2.7428,2.7418,2.7428,2.7473,2.7478,2.7468,2.7478,3
2026-04-27 04:33:00,2.7433,2.7433,2.7428,2.7433,2.7483,2.7483,2.7478,2.7483,5
2026-04-27 04:34:00,2.7428,2.7433,2.7428,2.7428,2.7478,2.7483,2.7478,2.7478,3
2026-04-27 04:35:00,2.7433,2.7433,2.7433,2.7433,2.7483,2.7483,2.7483,2.7483,1
2026-04-27 04:37:00,2.7428,2.7428,2.7428,2.7428,2.7478,2.7478,2.7478,2.7478,1
2026-04-27 04:39:00,2.7438,2.7448,2.7438,2.7448,2.7488,2.7498,2.7488,2.7498,2
2026-04-27 04:42:00,2.7453,2.7453,2.7453,2.7453,2.7503,2.7503,2.7503,2.7503,1
2026-04-27 04:43:00,2.7448,2.7458,2.7448,2.7458,2.7498,2.7508,2.7498,2.7508,3
2026-04-27 04:44:00,2.7448,2.7448,2.7448,2.7448,2.7498,2.7498,2.7498,2.7498,1
2026-04-27 04:45:00,2.7453,2.7468,2.7453,2.7468,2.7503,2.7518,2.7503,2.7518,3
2026-04-27 04:48:00,2.7458,2.7458,2.7453,2.7453,2.7508,2.7508,2.7503,2.7503,2
2026-04-27 04:50:00,2.7458,2.7458,2.7458,2.7458,2.7508,2.7508,2.7508,2.7508,1
2026-04-27 04:53:00,2.7463,2.7463,2.7463,2.7463,2.7513,2.7513,2.7513,2.7513,1
2026-04-27 04:54:00,2.7468,2.7468,2.7463,2.7463,2.7518,2.7518,2.7513,2.7513,2
2026-04-27 04:55:00,2.7468,2.7468,2.7468,2.7468,2.7518,2.7518,2.7518,2.7518,1
2026-04-27 04:56:00,2.7458,2.7458,2.7458,2.7458,2.7508,2.7508,2.7508,2.7508,1
2026-04-27 04:59:00,2.7453,2.7458,2.7453,2.7453,2.7503,2.7508,2.7503,2.7503,3
2026-04-27 05:00:00,2.7448,2.7448,2.7398,2.7408,2.7498,2.7498,2.7448,2.7458,17
2026-04-27 05:01:00,2.7418,2.7418,2.7408,2.7408,2.7468,2.7468,2.7458,2.7458,3
2026-04-27 05:03:00,2.7403,2.7408,2.7403,2.7408,2.7453,2.7458,2.7453,2.7458,2
2026-04-27 05:07:00,2.7413,2.7413,2.7408,2.7408,2.7463,2.7463,2.7458,2.7458,2
2026-04-27 05:08:00,2.7413,2.7413,2.7413,2.7413,2.7463,2.7463,2.7463,2.7463,1
2026-04-27 05:09:00,2.7418,2.7428,2.7418,2.7428,2.7468,2.7478,2.7468,2.7478,2
2026-04-27 05:14:00,2.7438,2.7438,2.7438,2.7438,2.7488,2.7488,2.7488,2.7488,1
2026-04-27 05:15:00,2.7428,2.7428,2.7423,2.7428,2.7478,2.7478,2.7473,2.7478,3
2026-04-27 05:18:00,2.7433,2.7433,2.7428,2.7428,2.7483,2.7483,2.7478,2.7478,2
2026-04-27 05:20:00,2.7418,2.7428,2.7418,2.7428,2.7468,2.7478,2.7468,2.7478,2
2026-04-27 05:21:00,2.7423,2.7428,2.7423,2.7428,2.7473,2.7478,2.7473,2.7478,2
2026-04-27 05:22:00,2.7433,2.7433,2.7428,2.7428,2.7483,2.7483,2.7478,2.7478,2
2026-04-27 05:23:00,2.7418,2.7423,2.7418,2.7423,2.7468,2.7473,2.7468,2.7473,6
2026-04-27 05:24:00,2.7418,2.7418,2.7418,2.7418,2.7468,2.7468,2.7468,2.7468,1
2026-04-27 05:25:00,2.7413,2.7418,2.7408,2.7408,2.7463,2.7468,2.7458,2.7458,4
2026-04-27 05:26:00,2.7418,2.7418,2.7413,2.7413,2.7468,2.7468,2.7463,2.7463,2
2026-04-27 05:27:00,2.7418,2.7418,2.7418,2.7418,2.7468,2.7468,2.7468,2.7468,1
2026-04-27 05:30:00,2.7423,2.7428,2.7418,2.7428,2.7473,2.7478,2.7468,2.7478,4
2026-04-27 05:31:00,2.7423,2.7423,2.7413,2.7418,2.7473,2.7473,2.7463,2.7468,4
2026-04-27 05:32:00,2.7413,2.7418,2.7408,2.7418,2.7463,2.7468,2.7458,2.7468,4
2026-04-27 05:33:00,2.7413,2.7418,2.7413,2.7418,2.7463,2.7468,2.7463,2.7468,2
2026-04-27 05:34:00,2.7413,2.7418,2.7388,2.7398,2.7463,2.7468,2.7438,2.7448,12
2026-04-27 05:36:00,2.7393,2.7398,2.7388,2.7388,2.7443,2.7448,2.7438,2.7438,6
2026-04-27 05:37:00,2.7383,2.7383,2.7373,2.7378,2.7433,2.7433,2.7423,2.7428,5
2026-04-27 05:38:00,2.7373,2.7378,2.7368,2.7373,2.7423,2.7428,2.7418,2.7423,9
2026-04-27 05:39:00,2.7368,2.7373,2.7368,2.7368,2.7418,2.7423,2.7418,2.7418,7
2026-04-27 05:40:00,2.7373,2.7373,2.7358,2.7363,2.7423,2.7423,2.7408,2.7413,5
2026-04-27 05:41:00,2.7368,2.7368,2.7368,2.7368,2.7418,2.7418,2.7418,2.7418,1
2026-04-27 05:42:00,2.7363,2.7373,2.7363,2.7368,2.7413,2.7423,2.7413,2.7418,4
2026-04-27 05:43:00,2.7378,2.7378,2.7368,2.7368,2.7428,2.7428,2.7418,2.7418,3
2026-04-27 05:44:00,2.7373,2.7373,2.7363,2.7363,2.7423,2.7423,2.7413,2.7413,3
2026-04-27 05:45:00,2.7368,2.7378,2.7368,2.7378,2.7418,2.7428,2.7418,2.7428,3
2026-04-27 05:46:00,2.7373,2.7373,2.7373,2.7373,2.7423,2.7423,2.7423,2.7423,1
2026-04-27 05:47:00,2.7368,2.7378,2.7368,2.7368,2.7418,2.7428,2.7418,2.7418,7
2026-04-27 05:48:00,2.7363,2.7368,2.7363,2.7368,2.7413,2.7418,2.7413,2.7418,2
2026-04-27 05:49:00,2.7363,2.7363,2.7363,2.7363,2.7413,2.7413,2.7413,2.7413,1
2026-04-27 05:50:00,2.7368,2.7368,2.7358,2.7368,2.7418,2.7418,2.7408,2.7418,6
2026-04-27 05:51:00,2.7373,2.7378,2.7368,2.7368,2.7423,2.7428,2.7418,2.7418,8
2026-04-27 05:52:00,2.7373,2.7373,2.7368,2.7373,2.7423,2.7423,2.7418,2.7423,3
2026-04-27 05:53:00,2.7378,2.7378,2.7378,2.7378,2.7428,2.7428,2.7428,2.7428,1
2026-04-27 05:54:00,2.7373,2.7378,2.7363,2.7368,2.7423,2.7428,2.7413,2.7418,8
2026-04-27 05:55:00,2.7363,2.7373,2.7363,2.7368,2.7413,2.7423,2.7413,2.7418,4
2026-04-27 05:56:00,2.7363,2.7363,2.7363,2.7363,2.7413,2.7413,2.7413,2.7413,1
2026-04-27 05:57:00,2.7368,2.7378,2.7368,2.7378,2.7418,2.7428,2.7418,2.7428,2
2026-04-27 05:58:00,2.7383,2.7383,2.7383,2.7383,2.7433,2.7433,2.7433,2.7433,1
2026-04-27 05:59:00,2.7388,2.7388,2.7378,2.7378,2.7438,2.7438,2.7428,2.7428,4
2026-04-27 06:00:00,2.7388,2.7388,2.7368,2.7373,2.7438,2.7438,2.7418,2.7423,5
2026-04-27 06:01:00,2.7378,2.7378,2.7378,2.7378,2.7428,2.7428,2.7428,2.7428,1
2026-04-27 06:02:00,2.7373,2.7373,2.7368,2.7368,2.7423,2.7423,2.7418,2.7418,2
2026-04-27 06:03:00,2.7378,2.7378,2.7368,2.7368,2.7428,2.7428,2.7418,2.7418,3
2026-04-27 06:05:00,2.7358,2.7368,2.7333,2.7348,2.7408,2.7418,2.7383,2.7398,10
2026-04-27 06:06:00,2.7343,2.7368,2.7343,2.7368,2.7393,2.7418,2.7393,2.7418,15
2026-04-27 06:07:00,2.7363,2.7368,2.7358,2.7368,2.7413,2.7418,2.7408,2.7418,3
2026-04-27 06:08:00,2.7373,2.7373,2.7368,2.7368,2.7423,2.7423,2.7418,2.7418,2
2026-04-27 06:10:00,2.7363,2.7368,2.7363,2.7368,2.7413,2.7418,2.7413,2.7418,2
2026-04-27 06:14:00,2.7373,2.7378,2.7373,2.7378,2.7423,2.7428,2.7423,2.7428,4
2026-04-27 06:19:00,2.7373,2.7378,2.7373,2.7378,2.7423,2.7428,2.7423,2.7428,2
2026-04-27 06:21:00,2.7373,2.7388,2.7373,2.7388,2.7423,2.7438,2.7423,2.7438,7
2026-04-27 06:22:00,2.7378,2.7378,2.7368,2.7368,2.7428,2.7428,2.7418,2.7418,3
2026-04-27 06:23:00,2.7373,2.7373,2.7368,2.7368,2.7423,2.7423,2.7418,2.7418,2
2026-04-27 06:24:00,2.7373,2.7373,2.7373,2.7373,2.7423,2.7423,2.7423,2.7423,1
2026-04-27 06:25:00,2.7368,2.7373,2.7368,2.7373,2.7418,2.7423,2.7418,2.7423,2
2026-04-27 06:27:00,2.7378,2.7378,2.7368,2.7368,2.7428,2.7428,2.7418,2.7418,3
2026-04-27 06:28:00,2.7358,2.7373,2.7358,2.7368,2.7408,2.7423,2.7408,2.7418,10
2026-04-27 06:29:00,2.7373,2.7373,2.7373,2.7373,2.7423,2.7423,2.7423,2.7423,1
2026-04-27 06:30:00,2.7368,2.7378,2.7368,2.7378,2.7418,2.7428,2.7418,2.7428,3
2026-04-27 06:31:00,2.7373,2.7373,2.7373,2.7373,2.7423,2.7423,2.7423,2.7423,1
2026-04-27 06:32:00,2.7378,2.7378,2.7373,2.7378,2.7428,2.7428,2.7423,2.7428,5
2026-04-27 06:34:00,2.7373,2.7373,2.7373,2.7373,2.7423,2.7423,2.7423,2.7423,1
2026-04-27 06:35:00,2.7368,2.7378,2.7368,2.7373,2.7418,2.7428,2.7418,2.7423,3
2026-04-27 06:36:00,2.7378,2.7378,2.7378,2.7378,2.7428,2.7428,2.7428,2.7428,1
2026-04-27 06:38:00,2.7368,2.7373,2.7368,2.7373,2.7418,2.7423,2.7418,2.7423,2
2026-04-27 06:39:00,2.7363,2.7363,2.7338,2.7338,2.7413,2.7413,2.7388,2.7388,13
2026-04-27 06:40:00,2.7343,2.7348,2.7338,2.7338,2.7393,2.7398,2.7388,2.7388,6
2026-04-27 06:41:00,2.7343,2.7348,2.7338,2.7338,2.7393,2.7398,2.7388,2.7388,5
2026-04-27 06:42:00,2.7348,2.7348,2.7348,2.7348,2.7398,2.7398,2.7398,2.7398,1
2026-04-27 06:45:00,2.7353,2.7353,2.7353,2.7353,2.7403,2.7403,2.7403,2.7403,1
2026-04-27 06:46:00,2.7348,2.7353,2.7348,2.7348,2.7398,2.7403,2.7398,2.7398,3
2026-04-27 06:47:00,2.7353,2.7358,2.7353,2.7358,2.7403,2.7408,2.7403,2.7408,2
2026-04-27 06:49:00,2.7348,2.7353,2.7348,2.7348,2.7398,2.7403,2.7398,2.7398,3
2026-04-27 06:50:00,2.7353,2.7358,2.7348,2.7353,2.7403,2.7408,2.7398,2.7403,7
2026-04-27 06:51:00,2.7358,2.7358,2.7358,2.7358,2.7408,2.7408,2.7408,2.7408,1
2026-04-27 06:54:00,2.7363,2.7363,2.7363,2.7363,2.7413,2.7413,2.7413,2.7413,1
2026-04-27 06:55:00,2.7368,2.7378,2.7368,2.7378,2.7418,2.7428,2.7418,2.7428,2
2026-04-27 06:58:00,2.7368,2.7373,2.7368,2.7373,2.7418,2.7423,2.7418,2.7423,2
2026-04-27 06:59:00,2.7368,2.7368,2.7368,2.7368,2.7418,2.7418,2.7418,2.7418,1
2026-04-27 07:00:00,2.7378,2.7378,2.7378,2.7378,2.7428,2.7428,2.7428,2.7428,1
2026-04-27 07:01:00,2.7373,2.7373,2.7348,2.7358,2.7423,2.7423,2.7398,2.7408,6
2026-04-27 07:02:00,2.7353,2.7353,2.7338,2.7343,2.7403,2.7403,2.7388,2.7393,4
2026-04-27 07:03:00,2.7338,2.7348,2.7338,2.7348,2.7388,2.7398,2.7388,2.7398,3
2026-04-27 07:04:00,2.7353,2.7353,2.7348,2.7348,2.7403,2.7403,2.7398,2.7398,4
2026-04-27 07:05:00,2.7353,2.7353,2.7348,2.7348,2.7403,2.7403,2.7398,2.7398,6
2026-04-27 07:06:00,2.7338,2.7338,2.7338,2.7338,2.7388,2.7388,2.7388,2.7388,1
2026-04-27 07:09:00,2.7328,2.7338,2.7328,2.7333,2.7378,2.7388,2.7378,2.7383,3
2026-04-27 07:10:00,2.7338,2.7338,2.7338,2.7338,2.7388,2.7388,2.7388,2.7388,1
2026-04-27 07:16:00,2.7328,2.7333,2.7328,2.7333,2.7378,2.7383,2.7378,2.7383,2
2026-04-27 07:18:00,2.7328,2.7328,2.7323,2.7323,2.7378,2.7378,2.7373,2.7373,2
2026-04-27 07:19:00,2.7328,2.7328,2.7328,2.7328,2.7378,2.7378,2.7378,2.7378,1
2026-04-27 07:22:00,2.7333,2.7333,2.7328,2.7328,2.7383,2.7383,2.7378,2.7378,2
2026-04-27 07:23:00,2.7338,2.7338,2.7333,2.7338,2.7388,2.7388,2.7383,2.7388,3
2026-04-27 07:32:00,2.7353,2.7378,2.7353,2.7378,2.7403,2.7428,2.7403,2.7428,10
2026-04-27 07:33:00,2.7373,2.7388,2.7373,2.7388,2.7423,2.7438,2.7423,2.7438,3
2026-04-27 07:34:00,2.7383,2.7388,2.7383,2.7383,2.7433,2.7438,2.7433,2.7433,3
2026-04-27 07:35:00,2.7378,2.7398,2.7378,2.7398,2.7428,2.7448,2.7428,2.7448,4
2026-04-27 07:36:00,2.7393,2.7393,2.7378,2.7378,2.7443,2.7443,2.7428,2.7428,3
2026-04-27 07:38:00,2.7383,2.7393,2.7383,2.7388,2.7433,2.7443,2.7433,2.7438,4
2026-04-27 07:39:00,2.7383,2.7393,2.7383,2.7388,2.7433,2.7443,2.7433,2.7438,4
2026-04-27 07:40:00,2.7393,2.7398,2.7393,2.7398,2.7443,2.7448,2.7443,2.7448,2
2026-04-27 07:41:00,2.7388,2.7393,2.7388,2.7393,2.7438,2.7443,2.7438,2.7443,2
2026-04-27 07:42:00,2.7398,2.7398,2.7398,2.7398,2.7448,2.7448,2.7448,2.7448,1
2026-04-27 07:44:00,2.7388,2.7388,2.7388,2.7388,2.7438,2.7438,2.7438,2.7438,1
2026-04-27 07:45:00,2.7378,2.7388,2.7378,2.7388,2.7428,2.7438,2.7428,2.7438,2
2026-04-27 07:46:00,2.7383,2.7388,2.7383,2.7388,2.7433,2.7438,2.7433,2.7438,2
2026-04-27 07:48:00,2.7403,2.7403,2.7398,2.7398,2.7453,2.7453,2.7448,2.7448,2
2026-04-27 07:49:00,2.7388,2.7398,2.7388,2.7398,2.7438,2.7448,2.7438,2.7448,3
2026-04-27 07:50:00,2.7403,2.7408,2.7403,2.7408,2.7453,2.7458,2.7453,2.7458,2
2026-04-27 07:51:00,2.7403,2.7408,2.7383,2.7388,2.7453,2.7458,2.7433,2.7438,6
2026-04-27 07:52:00,2.7393,2.7393,2.7393,2.7393,2.7443,2.7443,2.7443,2.7443,1
2026-04-27 07:53:00,2.7383,2.7388,2.7383,2.7383,2.7433,2.7438,2.7433,2.7433,3
2026-04-27 07:54:00,2.7378,2.7383,2.7378,2.7383,2.7428,2.7433,2.7428,2.7433,2
2026-04-27 07:55:00,2.7378,2.7378,2.7353,2.7353,2.7428,2.7428,2.7403,2.7403,5
2026-04-27 07:57:00,2.7358,2.7363,2.7338,2.7348,2.7408,2.7413,2.7388,2.7398,6
2026-04-27 07:58:00,2.7343,2.7353,2.7338,2.7353,2.7393,2.7403,2.7388,2.7403,4
2026-04-27 07:59:00,2.7348,2.7363,2.7348,2.7348,2.7398,2.7413,2.7398,2.7398,7
2026-04-27 08:00:00,2.7353,2.7388,2.7348,2.7378,2.7403,2.7438,2.7398,2.7428,23
2026-04-27 08:01:00,2.7368,2.7368,2.7338,2.7338,2.7418,2.7418,2.7388,2.7388,10
2026-04-27 08:02:00,2.7343,2.7348,2.7333,2.7348,2.7393,2.7398,2.7383,2.7398,8
2026-04-27 08:03:00,2.7353,2.7358,2.7353,2.7358,2.7403,2.7408,2.7403,2.7408,4
2026-04-27 08:04:00,2.7363,2.7368,2.7358,2.7363,2.7413,2.7418,2.7408,2.7413,5
2026-04-27 08:05:00,2.7358,2.7368,2.7358,2.7368,2.7408,2.7418,2.7408,2.7418,5
2026-04-27 08:06:00,2.7373,2.7388,2.7373,2.7388,2.7423,2.7438,2.7423,2.7438,4
2026-04-27 08:07:00,2.7393,2.7393,2.7373,2.7373,2.7443,2.7443,2.7423,2.7423,5
2026-04-27 08:08:00,2.7378,2.7383,2.7373,2.7373,2.7428,2.7433,2.7423,2.7423,6
2026-04-27 08:09:00,2.7378,2.7398,2.7378,2.7388,2.7428,2.7448,2.7428,2.7438,9
2026-04-27 08:10:00,2.7383,2.7388,2.7378,2.7378,2.7433,2.7438,2.7428,2.7428,4
2026-04-27 08:11:00,2.7368,2.7368,2.7358,2.7358,2.7418,2.7418,2.7408,2.7408,3
2026-04-27 08:12:00,2.7363,2.7363,2.7358,2.7358,2.7413,2.7413,2.7408,2.7408,2
2026-04-27 08:13:00,2.7363,2.7363,2.7358,2.7358,2.7413,2.7413,2.7408,2.7408,4
2026-04-27 08:14:00,2.7353,2.7353,2.7338,2.7348,2.7403,2.7403,2.7388,2.7398,5
2026-04-27 08:15:00,2.7353,2.7363,2.7348,2.7363,2.7403,2.7413,2.7398,2.7413,5
2026-04-27 08:16:00,2.7358,2.7368,2.7358,2.7358,2.7408,2.7418,2.7408,2.7408,11
2026-04-27 08:17:00,2.7363,2.7368,2.7358,2.7368,2.7413,2.7418,2.7408,2.7418,5
2026-04-27 08:18:00,2.7358,2.7358,2.7353,2.7358,2.7408,2.7408,2.7403,2.7408,3
2026-04-27 08:19:00,2.7353,2.7353,2.7348,2.7353,2.7403,2.7403,2.7398,2.7403,3
2026-04-27 08:20:00,2.7358,2.7363,2.7348,2.7348,2.7408,2.7413,2.7398,2.7398,11
2026-04-27 08:21:00,2.7353,2.7353,2.7348,2.7348,2.7403,2.7403,2.7398,2.7398,2
2026-04-27 08:22:00,2.7353,2.7358,2.7353,2.7358,2.7403,2.7408,2.7403,2.7408,2
2026-04-27 08:23:00,2.7363,2.7363,2.7358,2.7363,2.7413,2.7413,2.7408,2.7413,3
2026-04-27 08:24:00,2.7358,2.7358,2.7358,2.7358,2.7408,2.7408,2.7408,2.7408,1
2026-04-27 08:25:00,2.7348,2.7363,2.7348,2.7358,2.7398,2.7413,2.7398,2.7408,7
2026-04-27 08:26:00,2.7348,2.7348,2.7343,2.7343,2.7398,2.7398,2.7393,2.7393,2
2026-04-27 08:27:00,2.7338,2.7343,2.7338,2.7338,2.7388,2.7393,2.7388,2.7388,5
2026-04-27 08:28:00,2.7343,2.7358,2.7343,2.7358,2.7393,2.7408,2.7393,2.7408,5
2026-04-27 08:29:00,2.7363,2.7368,2.7353,2.7353,2.7413,2.7418,2.7403,2.7403,4
2026-04-27 08:30:00,2.7358,2.7378,2.7353,2.7363,2.7408,2.7428,2.7403,2.7413,12
2026-04-27 08:31:00,2.7358,2.7363,2.7358,2.7363,2.7408,2.7413,2.7408,2.7413,2
2026-04-27 08:32:00,2.7368,2.7368,2.7358,2.7358,2.7418,2.7418,2.7408,2.7408,3
2026-04-27 08:34:00,2.7363,2.7368,2.7358,2.7368,2.7413,2.7418,2.7408,2.7418,6
2026-04-27 08:35:00,2.7378,2.7378,2.7358,2.7358,2.7428,2.7428,2.7408,2.7408,6
2026-04-27 08:36:00,2.7353,2.7353,2.7348,2.7348,2.7403,2.7403,2.7398,2.7398,2
2026-04-27 08:37:00,2.7358,2.7358,2.7358,2.7358,2.7408,2.7408,2.7408,2.7408,1
2026-04-27 08:38:00,2.7348,2.7358,2.7348,2.7358,2.7398,2.7408,2.7398,2.7408,2
2026-04-27 08:39:00,2.7363,2.7383,2.7358,2.7378,2.7413,2.7433,2.7408,2.7428,8
2026-04-27 08:40:00,2.7383,2.7398,2.7378,2.7388,2.7433,2.7448,2.7428,2.7438,10
2026-04-27 08:41:00,2.7393,2.7393,2.7388,2.7388,2.7443,2.7443,2.7438,2.7438,8
2026-04-27 08:42:00,2.7378,2.7388,2.7378,2.7378,2.7428,2.7438,2.7428,2.7428,4
2026-04-27 08:43:00,2.7383,2.7393,2.7378,2.7388,2.7433,2.7443,2.7428,2.7438,8
2026-04-27 08:44:00,2.7393,2.7393,2.7388,2.7388,2.7443,2.7443,2.7438,2.7438,2
2026-04-27 08:45:00,2.7378,2.7383,2.7368,2.7378,2.7428,2.7433,2.7418,2.7428,6
2026-04-27 08:46:00,2.7373,2.7398,2.7373,2.7398,2.7423,2.7448,2.7423,2.7448,7
2026-04-27 08:47:00,2.7403,2.7408,2.7388,2.7388,2.7453,2.7458,2.7438,2.7438,5
2026-04-27 08:48:00,2.7393,2.7393,2.7378,2.7383,2.7443,2.7443,2.7428,2.7433,5
2026-04-27 08:49:00,2.7388,2.7388,2.7378,2.7388,2.7438,2.7438,2.7428,2.7438,3
2026-04-27 08:50:00,2.7383,2.7388,2.7383,2.7388,2.7433,2.7438,2.7433,2.7438,8
2026-04-27 08:52:00,2.7393,2.7398,2.7388,2.7398,2.7443,2.7448,2.7438,2.7448,4
2026-04-27 08:53:00,2.7403,2.7403,2.7388,2.7388,2.7453,2.7453,2.7438,2.7438,4
2026-04-27 08:54:00,2.7383,2.7388,2.7383,2.7388,2.7433,2.7438,2.7433,2.7438,2
2026-04-27 08:55:00,2.7393,2.7398,2.7388,2.7388,2.7443,2.7448,2.7438,2.7438,5
2026-04-27 08:56:00,2.7393,2.7393,2.7388,2.7393,2.7443,2.7443,2.7438,2.7443,3
2026-04-27 08:57:00,2.7388,2.7408,2.7388,2.7408,2.7438,2.7458,2.7438,2.7458,4
2026-04-27 08:58:00,2.7398,2.7398,2.7393,2.7398,2.7448,2.7448,2.7443,2.7448,3
2026-04-27 08:59:00,2.7393,2.7393,2.7368,2.7378,2.7443,2.7443,2.7418,2.7428,5
2026-04-27 09:00:00,2.7368,2.7378,2.7343,2.7378,2.7418,2.7428,2.7393,2.7428,19
2026-04-27 09:01:00,2.7388,2.7398,2.7388,2.7388,2.7438,2.7448,2.7438,2.7438,7
2026-04-27 09:02:00,2.7393,2.7398,2.7378,2.7398,2.7443,2.7448,2.7428,2.7448,9
2026-04-27 09:04:00,2.7403,2.7413,2.7403,2.7408,2.7453,2.7463,2.7453,2.7458,3
2026-04-27 09:05:00,2.7413,2.7418,2.7408,2.7408,2.7463,2.7468,2.7458,2.7458,3
2026-04-27 09:06:00,2.7413,2.7448,2.7413,2.7438,2.7463,2.7498,2.7463,2.7488,13
2026-04-27 09:07:00,2.7433,2.7433,2.7423,2.7428,2.7483,2.7483,2.7473,2.7478,6
2026-04-27 09:08:00,2.7433,2.7443,2.7428,2.7428,2.7483,2.7493,2.7478,2.7478,11
2026-04-27 09:09:00,2.7433,2.7433,2.7413,2.7413,2.7483,2.7483,2.7463,2.7463,16
2026-04-27 09:10:00,2.7428,2.7433,2.7418,2.7433,2.7478,2.7483,2.7468,2.7483,6
2026-04-27 09:11:00,2.7438,2.7448,2.7433,2.7448,2.7488,2.7498,2.7483,2.7498,8
2026-04-27 09:12:00,2.7443,2.7448,2.7438,2.7448,2.7493,2.7498,2.7488,2.7498,8
2026-04-27 09:13:00,2.7453,2.7458,2.7448,2.7448,2.7503,2.7508,2.7498,2.7498,4
2026-04-27 09:14:00,2.7453,2.7458,2.7448,2.7453,2.7503,2.7508,2.7498,2.7503,4
2026-04-27 09:15:00,2.7448,2.7448,2.7438,2.7448,2.7498,2.7498,2.7488,2.7498,10
2026-04-27 09:16:00,2.7453,2.7458,2.7443,2.7448,2.7503,2.7508,2.7493,2.7498,9
2026-04-27 09:17:00,2.7443,2.7443,2.7438,2.7438,2.7493,2.7493,2.7488,2.7488,2
2026-04-27 09:18:00,2.7443,2.7448,2.7438,2.7448,2.7493,2.7498,2.7488,2.7498,5
2026-04-27 09:19:00,2.7443,2.7443,2.7438,2.7438,2.7493,2.7493,2.7488,2.7488,2
2026-04-27 09:20:00,2.7443,2.7448,2.7418,2.7428,2.7493,2.7498,2.7468,2.7478,18
2026-04-27 09:21:00,2.7438,2.7448,2.7428,2.7448,2.7488,2.7498,2.7478,2.7498,9
2026-04-27 09:22:00,2.7438,2.7438,2.7428,2.7438,2.7488,2.7488,2.7478,2.7488,5
2026-04-27 09:23:00,2.7443,2.7443,2.7438,2.7438,2.7493,2.7493,2.7488,2.7488,4
2026-04-27 09:24:00,2.7428,2.7438,2.7423,2.7423,2.7478,2.7488,2.7473,2.7473,6
2026-04-27 09:25:00,2.7418,2.7428,2.7413,2.7423,2.7468,2.7478,2.7463,2.7473,9
2026-04-27 09:26:00,2.7418,2.7438,2.7418,2.7438,2.7468,2.7488,2.7468,2.7488,4
2026-04-27 09:27:00,2.7443,2.7478,2.7443,2.7478,2.7493,2.7528,2.7493,2.7528,31
2026-04-27 09:28:00,2.7488,2.7488,2.7478,2.7483,2.7538,2.7538,2.7528,2.7533,6
2026-04-27 09:29:00,2.7488,2.7488,2.7478,2.7488,2.7538,2.7538,2.7528,2.7538,6
2026-04-27 09:30:00,2.7483,2.7483,2.7468,2.7473,2.7533,2.7533,2.7518,2.7523,13
2026-04-27 09:31:00,2.7478,2.7478,2.7448,2.7448,2.7528,2.7528,2.7498,2.7498,6
2026-04-27 09:32:00,2.7438,2.7438,2.7433,2.7438,2.7488,2.7488,2.7483,2.7488,3
2026-04-27 09:33:00,2.7448,2.7448,2.7418,2.7418,2.7498,2.7498,2.7468,2.7468,11
2026-04-27 09:34:00,2.7428,2.7428,2.7418,2.7423,2.7478,2.7478,2.7468,2.7473,4
2026-04-27 09:35:00,2.7418,2.7418,2.7408,2.7418,2.7468,2.7468,2.7458,2.7468,11
2026-04-27 09:36:00,2.7423,2.7428,2.7418,2.7428,2.7473,2.7478,2.7468,2.7478,8
2026-04-27 09:37:00,2.7433,2.7433,2.7433,2.7433,2.7483,2.7483,2.7483,2.7483,1
2026-04-27 09:38:00,2.7428,2.7443,2.7428,2.7443,2.7478,2.7493,2.7478,2.7493,5
2026-04-27 09:39:00,2.7438,2.7453,2.7438,2.7453,2.7488,2.7503,2.7488,2.7503,7
2026-04-27 09:40:00,2.7448,2.7453,2.7428,2.7428,2.7498,2.7503,2.7478,2.7478,8
2026-04-27 09:41:00,2.7423,2.7428,2.7418,2.7418,2.7473,2.7478,2.7468,2.7468,5
2026-04-27 09:42:00,2.7423,2.7438,2.7423,2.7428,2.7473,2.7488,2.7473,2.7478,5
2026-04-27 09:43:00,2.7423,2.7428,2.7423,2.7423,2.7473,2.7478,2.7473,2.7473,3
2026-04-27 09:44:00,2.7418,2.7423,2.7418,2.7418,2.7468,2.7473,2.7468,2.7468,5
2026-04-27 09:45:00,2.7423,2.7428,2.7418,2.7418,2.7473,2.7478,2.7468,2.7468,7
2026-04-27 09:46:00,2.7408,2.7408,2.7408,2.7408,2.7458,2.7458,2.7458,2.7458,1
2026-04-27 09:47:00,2.7418,2.7418,2.7413,2.7413,2.7468,2.7468,2.7463,2.7463,2
2026-04-27 09:48:00,2.7418,2.7418,2.7408,2.7408,2.7468,2.7468,2.7458,2.7458,2
2026-04-27 09:49:00,2.7403,2.7403,2.7393,2.7393,2.7453,2.7453,2.7443,2.7443,4
2026-04-27 09:50:00,2.7388,2.7403,2.7388,2.7398,2.7438,2.7453,2.7438,2.7448,4
2026-04-27 09:51:00,2.7403,2.7408,2.7398,2.7403,2.7453,2.7458,2.7448,2.7453,4
2026-04-27 09:52:00,2.7413,2.7428,2.7408,2.7413,2.7463,2.7478,2.7458,2.7463,12
2026-04-27 09:53:00,2.7408,2.7408,2.7408,2.7408,2.7458,2.7458,2.7458,2.7458,1
2026-04-27 09:54:00,2.7413,2.7428,2.7408,2.7428,2.7463,2.7478,2.7458,2.7478,5
2026-04-27 09:55:00,2.7423,2.7433,2.7423,2.7433,2.7473,2.7483,2.7473,2.7483,3
2026-04-27 09:56:00,2.7438,2.7438,2.7433,2.7438,2.7488,2.7488,2.7483,2.7488,3
2026-04-27 09:57:00,2.7428,2.7478,2.7428,2.7478,2.7478,2.7528,2.7478,2.7528,16
2026-04-27 09:58:00,2.7468,2.7478,2.7468,2.7473,2.7518,2.7528,2.7518,2.7523,7
2026-04-27 09:59:00,2.7478,2.7488,2.7473,2.7488,2.7528,2.7538,2.7523,2.7538,4
2026-04-27 10:00:00,2.7483,2.7488,2.7473,2.7483,2.7533,2.7538,2.7523,2.7533,12
2026-04-27 10:01:00,2.7478,2.7488,2.7468,2.7488,2.7528,2.7538,2.7518,2.7538,8
2026-04-27 10:02:00,2.7498,2.7503,2.7488,2.7488,2.7548,2.7553,2.7538,2.7538,7
2026-04-27 10:03:00,2.7493,2.7493,2.7488,2.7488,2.7543,2.7543,2.7538,2.7538,2
2026-04-27 10:04:00,2.7498,2.7498,2.7488,2.7488,2.7548,2.7548,2.7538,2.7538,16
2026-04-27 10:05:00,2.7478,2.7483,2.7478,2.7478,2.7528,2.7533,2.7528,2.7528,5
2026-04-27 10:06:00,2.7488,2.7508,2.7488,2.7508,2.7538,2.7558,2.7538,2.7558,4
2026-04-27 10:08:00,2.7518,2.7518,2.7508,2.7508,2.7568,2.7568,2.7558,2.7558,2
2026-04-27 10:09:00,2.7503,2.7508,2.7498,2.7498,2.7553,2.7558,2.7548,2.7548,14
2026-04-27 10:10:00,2.7503,2.7518,2.7498,2.7498,2.7553,2.7568,2.7548,2.7548,10
2026-04-27 10:11:00,2.7503,2.7508,2.7498,2.7498,2.7553,2.7558,2.7548,2.7548,4
2026-04-27 10:13:00,2.7488,2.7488,2.7478,2.7478,2.7538,2.7538,2.7528,2.7528,2
2026-04-27 10:14:00,2.7468,2.7468,2.7468,2.7468,2.7518,2.7518,2.7518,2.7518,1
2026-04-27 10:15:00,2.7458,2.7463,2.7453,2.7458,2.7508,2.7513,2.7503,2.7508,5
2026-04-27 10:16:00,2.7463,2.7478,2.7463,2.7478,2.7513,2.7528,2.7513,2.7528,7
2026-04-27 10:17:00,2.7483,2.7488,2.7478,2.7478,2.7533,2.7538,2.7528,2.7528,6
2026-04-27 10:18:00,2.7488,2.7488,2.7478,2.7478,2.7538,2.7538,2.7528,2.7528,4
2026-04-27 10:20:00,2.7473,2.7478,2.7458,2.7468,2.7523,2.7528,2.7508,2.7518,9
2026-04-27 10:21:00,2.7473,2.7478,2.7468,2.7478,2.7523,2.7528,2.7518,2.7528,4
2026-04-27 10:22:00,2.7483,2.7498,2.7483,2.7498,2.7533,2.7548,2.7533,2.7548,5
2026-04-27 10:23:00,2.7503,2.7503,2.7483,2.7488,2.7553,2.7553,2.7533,2.7538,6
2026-04-27 10:25:00,2.7493,2.7498,2.7488,2.7488,2.7543,2.7548,2.7538,2.7538,6
2026-04-27 10:26:00,2.7483,2.7498,2.7483,2.7488,2.7533,2.7548,2.7533,2.7538,6
2026-04-27 10:27:00,2.7493,2.7503,2.7493,2.7498,2.7543,2.7553,2.7543,2.7548,4
2026-04-27 10:28:00,2.7503,2.7508,2.7493,2.7498,2.7553,2.7558,2.7543,2.7548,8
2026-04-27 10:29:00,2.7493,2.7518,2.7493,2.7513,2.7543,2.7568,2.7543,2.7563,12
2026-04-27 10:30:00,2.7508,2.7518,2.7498,2.7518,2.7558,2.7568,2.7548,2.7568,12
2026-04-27 10:31:00,2.7523,2.7538,2.7523,2.7523,2.7573,2.7588,2.7573,2.7573,4
2026-04-27 10:32:00,2.7518,2.7528,2.7518,2.7523,2.7568,2.7578,2.7568,2.7573,7
2026-04-27 10:33:00,2.7518,2.7528,2.7518,2.7528,2.7568,2.7578,2.7568,2.7578,8
2026-04-27 10:35:00,2.7538,2.7538,2.7518,2.7518,2.7588,2.7588,2.7568,2.7568,11
2026-04-27 10:36:00,2.7523,2.7533,2.7518,2.7523,2.7573,2.7583,2.7568,2.7573,11
2026-04-27 10:37:00,2.7518,2.7528,2.7518,2.7518,2.7568,2.7578,2.7568,2.7568,3
2026-04-27 10:39:00,2.7528,2.7538,2.7528,2.7528,2.7578,2.7588,2.7578,2.7578,5
2026-04-27 10:40:00,2.7533,2.7533,2.7528,2.7528,2.7583,2.7583,2.7578,2.7578,4
2026-04-27 10:41:00,2.7523,2.7523,2.7518,2.7518,2.7573,2.7573,2.7568,2.7568,2
2026-04-27 10:43:00,2.7528,2.7528,2.7518,2.7528,2.7578,2.7578,2.7568,2.7578,3
2026-04-27 10:44:00,2.7523,2.7523,2.7498,2.7503,2.7573,2.7573,2.7548,2.7553,10
2026-04-27 10:45:00,2.7498,2.7508,2.7488,2.7488,2.7548,2.7558,2.7538,2.7538,7
2026-04-27 10:46:00,2.7498,2.7498,2.7498,2.7498,2.7548,2.7548,2.7548,2.7548,1
2026-04-27 10:47:00,2.7503,2.7503,2.7498,2.7498,2.7553,2.7553,2.7548,2.7548,8
2026-04-27 10:48:00,2.7503,2.7508,2.7503,2.7508,2.7553,2.7558,2.7553,2.7558,2
2026-04-27 10:49:00,2.7503,2.7508,2.7493,2.7493,2.7553,2.7558,2.7543,2.7543,5
2026-04-27 10:50:00,2.7498,2.7503,2.7498,2.7498,2.7548,2.7553,2.7548,2.7548,5
2026-04-27 10:51:00,2.7503,2.7508,2.7503,2.7508,2.7553,2.7558,2.7553,2.7558,2
2026-04-27 10:52:00,2.7513,2.7518,2.7508,2.7508,2.7563,2.7568,2.7558,2.7558,12
2026-04-27 10:53:00,2.7518,2.7528,2.7518,2.7528,2.7568,2.7578,2.7568,2.7578,3
2026-04-27 10:54:00,2.7523,2.7528,2.7518,2.7528,2.7573,2.7578,2.7568,2.7578,4
2026-04-27 10:55:00,2.7523,2.7523,2.7508,2.7508,2.7573,2.7573,2.7558,2.7558,6
2026-04-27 10:56:00,2.7518,2.7538,2.7508,2.7538,2.7568,2.7588,2.7558,2.7588,9
2026-04-27 10:57:00,2.7548,2.7548,2.7548,2.7548,2.7598,2.7598,2.7598,2.7598,1
2026-04-27 10:58:00,2.7538,2.7558,2.7538,2.7558,2.7588,2.7608,2.7588,2.7608,13
2026-04-27 11:00:00,2.7548,2.7558,2.7528,2.7548,2.7598,2.7608,2.7578,2.7598,16
2026-04-27 11:01:00,2.7538,2.7548,2.7538,2.7543,2.7588,2.7598,2.7588,2.7593,10
2026-04-27 11:02:00,2.7538,2.7558,2.7538,2.7558,2.7588,2.7608,2.7588,2.7608,10
2026-04-27 11:03:00,2.7553,2.7558,2.7538,2.7543,2.7603,2.7608,2.7588,2.7593,8
2026-04-27 11:04:00,2.7538,2.7538,2.7538,2.7538,2.7588,2.7588,2.7588,2.7588,1
2026-04-27 11:05:00,2.7533,2.7533,2.7528,2.7528,2.7583,2.7583,2.7578,2.7578,2
2026-04-27 11:06:00,2.7533,2.7538,2.7533,2.7538,2.7583,2.7588,2.7583,2.7588,4
2026-04-27 11:07:00,2.7528,2.7528,2.7528,2.7528,2.7578,2.7578,2.7578,2.7578,1
2026-04-27 11:08:00,2.7518,2.7528,2.7518,2.7528,2.7568,2.7578,2.7568,2.7578,2
2026-04-27 11:09:00,2.7523,2.7548,2.7518,2.7548,2.7573,2.7598,2.7568,2.7598,9
2026-04-27 11:10:00,2.7558,2.7568,2.7558,2.7568,2.7608,2.7618,2.7608,2.7618,2
2026-04-27 11:11:00,2.7573,2.7573,2.7573,2.7573,2.7623,2.7623,2.7623,2.7623,1
2026-04-27 11:12:00,2.7568,2.7578,2.7568,2.7578,2.7618,2.7628,2.7618,2.7628,5
2026-04-27 11:13:00,2.7583,2.7593,2.7583,2.7593,2.7633,2.7643,2.7633,2.7643,9
2026-04-27 11:14:00,2.7588,2.7588,2.7578,2.7588,2.7638,2.7638,2.7628,2.7638,3
2026-04-27 11:15:00,2.7593,2.7593,2.7588,2.7588,2.7643,2.7643,2.7638,2.7638,4
2026-04-27 11:16:00,2.7598,2.7598,2.7588,2.7588,2.7648,2.7648,2.7638,2.7638,3
2026-04-27 11:17:00,2.7583,2.7583,2.7558,2.7583,2.7633,2.7633,2.7608,2.7633,8
2026-04-27 11:18:00,2.7578,2.7598,2.7578,2.7598,2.7628,2.7648,2.7628,2.7648,5
2026-04-27 11:19:00,2.7608,2.7608,2.7593,2.7593,2.7658,2.7658,2.7643,2.7643,3
2026-04-27 11:20:00,2.7588,2.7593,2.7588,2.7593,2.7638,2.7643,2.7638,2.7643,4
2026-04-27 11:21:00,2.7588,2.7598,2.7588,2.7598,2.7638,2.7648,2.7638,2.7648,3
2026-04-27 11:22:00,2.7608,2.7633,2.7598,2.7608,2.7658,2.7683,2.7648,2.7658,12
2026-04-27 11:23:00,2.7618,2.7618,2.7608,2.7608,2.7668,2.7668,2.7658,2.7658,7
2026-04-27 11:24:00,2.7618,2.7628,2.7618,2.7618,2.7668,2.7678,2.7668,2.7668,3
2026-04-27 11:26:00,2.7608,2.7618,2.7608,2.7618,2.7658,2.7668,2.7658,2.7668,3
2026-04-27 11:27:00,2.7608,2.7618,2.7608,2.7618,2.7658,2.7668,2.7658,2.7668,2
2026-04-27 11:28:00,2.7608,2.7608,2.7598,2.7598,2.7658,2.7658,2.7648,2.7648,4
2026-04-27 11:29:00,2.7588,2.7588,2.7588,2.7588,2.7638,2.7638,2.7638,2.7638,1
2026-04-27 11:30:00,2.7583,2.7603,2.7578,2.7598,2.7633,2.7653,2.7628,2.7648,13
2026-04-27 11:31:00,2.7603,2.7613,2.7598,2.7608,2.7653,2.7663,2.7648,2.7658,6
2026-04-27 11:32:00,2.7618,2.7628,2.7618,2.7628,2.7668,2.7678,2.7668,2.7678,3
2026-04-27 11:34:00,2.7623,2.7623,2.7618,2.7618,2.7673,2.7673,2.7668,2.7668,2
2026-04-27 11:35:00,2.7623,2.7628,2.7623,2.7628,2.7673,2.7678,2.7673,2.7678,2
2026-04-27 11:36:00,2.7618,2.7628,2.7618,2.7618,2.7668,2.7678,2.7668,2.7668,3
2026-04-27 11:37:00,2.7623,2.7638,2.7623,2.7638,2.7673,2.7688,2.7673,2.7688,3
2026-04-27 11:38:00,2.7628,2.7628,2.7628,2.7628,2.7678,2.7678,2.7678,2.7678,1
2026-04-27 11:39:00,2.7633,2.7638,2.7633,2.7638,2.7683,2.7688,2.7683,2.7688,2
2026-04-27 11:40:00,2.7643,2.7643,2.7628,2.7628,2.7693,2.7693,2.7678,2.7678,3
2026-04-27 11:41:00,2.7638,2.7648,2.7638,2.7648,2.7688,2.7698,2.7688,2.7698,6
2026-04-27 11:42:00,2.7643,2.7648,2.7638,2.7648,2.7693,2.7698,2.7688,2.7698,6
2026-04-27 11:43:00,2.7653,2.7658,2.7653,2.7658,2.7703,2.7708,2.7703,2.7708,2
2026-04-27 11:44:00,2.7653,2.7658,2.7648,2.7658,2.7703,2.7708,2.7698,2.7708,4
2026-04-27 11:45:00,2.7663,2.7668,2.7658,2.7658,2.7713,2.7718,2.7708,2.7708,11
2026-04-27 11:46:00,2.7653,2.7653,2.7628,2.7638,2.7703,2.7703,2.7678,2.7688,4
2026-04-27 11:47:00,2.7648,2.7658,2.7648,2.7658,2.7698,2.7708,2.7698,2.7708,3
2026-04-27 11:48:00,2.7663,2.7668,2.7663,2.7668,2.7713,2.7718,2.7713,2.7718,2
2026-04-27 11:50:00,2.7658,2.7668,2.7658,2.7658,2.7708,2.7718,2.7708,2.7708,3
2026-04-27 11:51:00,2.7668,2.7668,2.7668,2.7668,2.7718,2.7718,2.7718,2.7718,1
2026-04-27 11:52:00,2.7658,2.7658,2.7648,2.7648,2.7708,2.7708,2.7698,2.7698,2
2026-04-27 11:53:00,2.7658,2.7658,2.7638,2.7638,2.7708,2.7708,2.7688,2.7688,9
2026-04-27 11:54:00,2.7643,2.7643,2.7638,2.7638,2.7693,2.7693,2.7688,2.7688,2
2026-04-27 11:57:00,2.7648,2.7648,2.7648,2.7648,2.7698,2.7698,2.7698,2.7698,1
2026-04-27 11:58:00,2.7653,2.7653,2.7643,2.7648,2.7703,2.7703,2.7693,2.7698,6
2026-04-27 11:59:00,2.7638,2.7643,2.7638,2.7638,2.7688,2.7693,2.7688,2.7688,3
2026-04-27 12:00:00,2.7628,2.7638,2.7628,2.7638,2.7678,2.7688,2.7678,2.7688,8
2026-04-27 12:01:00,2.7643,2.7648,2.7638,2.7638,2.7693,2.7698,2.7688,2.7688,6
2026-04-27 12:02:00,2.7643,2.7648,2.7643,2.7648,2.7693,2.7698,2.7693,2.7698,2
2026-04-27 12:03:00,2.7643,2.7648,2.7638,2.7638,2.7693,2.7698,2.7688,2.7688,9
2026-04-27 12:04:00,2.7643,2.7648,2.7628,2.7628,2.7693,2.7698,2.7678,2.7678,18
2026-04-27 12:05:00,2.7618,2.7618,2.7618,2.7618,2.7668,2.7668,2.7668,2.7668,1
2026-04-27 12:06:00,2.7608,2.7618,2.7608,2.7608,2.7658,2.7668,2.7658,2.7658,3
2026-04-27 12:07:00,2.7613,2.7618,2.7608,2.7608,2.7663,2.7668,2.7658,2.7658,5
2026-04-27 12:09:00,2.7603,2.7608,2.7598,2.7598,2.7653,2.7658,2.7648,2.7648,6
2026-04-27 12:10:00,2.7608,2.7608,2.7608,2.7608,2.7658,2.7658,2.7658,2.7658,1
2026-04-27 12:12:00,2.7618,2.7618,2.7608,2.7608,2.7668,2.7668,2.7658,2.7658,2
2026-04-27 12:13:00,2.7613,2.7628,2.7613,2.7623,2.7663,2.7678,2.7663,2.7673,4
2026-04-27 12:14:00,2.7618,2.7628,2.7618,2.7628,2.7668,2.7678,2.7668,2.7678,2
2026-04-27 12:15:00,2.7618,2.7628,2.7618,2.7628,2.7668,2.7678,2.7668,2.7678,3
2026-04-27 12:16:00,2.7633,2.7668,2.7633,2.7658,2.7683,2.7718,2.7683,2.7708,12
2026-04-27 12:17:00,2.7663,2.7678,2.7658,2.7678,2.7713,2.7728,2.7708,2.7728,11
2026-04-27 12:18:00,2.7673,2.7673,2.7658,2.7658,2.7723,2.7723,2.7708,2.7708,6
2026-04-27 12:19:00,2.7663,2.7668,2.7658,2.7658,2.7713,2.7718,2.7708,2.7708,3
2026-04-27 12:21:00,2.7668,2.7668,2.7668,2.7668,2.7718,2.7718,2.7718,2.7718,1
2026-04-27 12:22:00,2.7678,2.7683,2.7673,2.7678,2.7728,2.7733,2.7723,2.7728,5
2026-04-27 12:24:00,2.7673,2.7698,2.7673,2.7688,2.7723,2.7748,2.7723,2.7738,25
2026-04-27 12:25:00,2.7683,2.7698,2.7678,2.7698,2.7733,2.7748,2.7728,2.7748,8
2026-04-27 12:26:00,2.7703,2.7718,2.7698,2.7708,2.7753,2.7768,2.7748,2.7758,9
2026-04-27 12:27:00,2.7713,2.7768,2.7708,2.7768,2.7763,2.7818,2.7758,2.7818,15
2026-04-27 12:28:00,2.7778,2.7808,2.7778,2.7798,2.7828,2.7858,2.7828,2.7848,23
2026-04-27 12:29:00,2.7803,2.7818,2.7803,2.7813,2.7853,2.7868,2.7853,2.7863,12
2026-04-27 12:30:00,2.7808,2.7813,2.7798,2.7808,2.7858,2.7863,2.7848,2.7858,10
2026-04-27 12:31:00,2.7798,2.7798,2.7778,2.7788,2.7848,2.7848,2.7828,2.7838,8
2026-04-27 12:32:00,2.7778,2.7788,2.7768,2.7778,2.7828,2.7838,2.7818,2.7828,8
2026-04-27 12:33:00,2.7788,2.7788,2.7788,2.7788,2.7838,2.7838,2.7838,2.7838,1
2026-04-27 12:34:00,2.7778,2.7783,2.7768,2.7778,2.7828,2.7833,2.7818,2.7828,8
2026-04-27 12:35:00,2.7768,2.7788,2.7768,2.7768,2.7818,2.7838,2.7818,2.7818,8
2026-04-27 12:36:00,2.7773,2.7778,2.7758,2.7778,2.7823,2.7828,2.7808,2.7828,13
2026-04-27 12:37:00,2.7768,2.7778,2.7758,2.7768,2.7818,2.7828,2.7808,2.7818,26
2026-04-27 12:38:00,2.7778,2.7788,2.7768,2.7778,2.7828,2.7838,2.7818,2.7828,11
2026-04-27 12:39:00,2.7773,2.7788,2.7773,2.7788,2.7823,2.7838,2.7823,2.7838,3
2026-04-27 12:40:00,2.7778,2.7798,2.7778,2.7798,2.7828,2.7848,2.7828,2.7848,3
2026-04-27 12:41:00,2.7793,2.7808,2.7778,2.7808,2.7843,2.7858,2.7828,2.7858,6
2026-04-27 12:42:00,2.7818,2.7818,2.7808,2.7808,2.7868,2.7868,2.7858,2.7858,10
2026-04-27 12:44:00,2.7798,2.7808,2.7798,2.7798,2.7848,2.7858,2.7848,2.7848,4
2026-04-27 12:45:00,2.7808,2.7838,2.7808,2.7833,2.7858,2.7888,2.7858,2.7883,21
2026-04-27 12:46:00,2.7828,2.7888,2.7828,2.7888,2.7878,2.7938,2.7878,2.7938,30
2026-04-27 12:47:00,2.7883,2.7888,2.7878,2.7888,2.7933,2.7938,2.7928,2.7938,8
2026-04-27 12:48:00,2.7898,2.7918,2.7888,2.7908,2.7948,2.7968,2.7938,2.7958,18
2026-04-27 12:49:00,2.7918,2.7918,2.7908,2.7908,2.7968,2.7968,2.7958,2.7958,7
2026-04-27 12:50:00,2.7913,2.7978,2.7908,2.7978,2.7963,2.8028,2.7958,2.8028,28
2026-04-27 12:51:00,2.7983,2.8028,2.7983,2.8018,2.8033,2.8078,2.8033,2.8068,22
2026-04-27 12:52:00,2.8028,2.8028,2.7988,2.8018,2.8078,2.8078,2.8038,2.8068,30
2026-04-27 12:53:00,2.8023,2.8028,2.7988,2.7998,2.8073,2.8078,2.8038,2.8048,24
2026-04-27 12:54:00,2.7993,2.7998,2.7988,2.7988,2.8043,2.8048,2.8038,2.8038,7
2026-04-27 12:55:00,2.7993,2.7998,2.7988,2.7988,2.8043,2.8048,2.8038,2.8038,5
2026-04-27 12:56:00,2.7998,2.8008,2.7988,2.8008,2.8048,2.8058,2.8038,2.8058,13
2026-04-27 12:57:00,2.8003,2.8008,2.7998,2.8008,2.8053,2.8058,2.8048,2.8058,4
2026-04-27 12:58:00,2.8003,2.8028,2.7998,2.8028,2.8053,2.8078,2.8048,2.8078,10
2026-04-27 12:59:00,2.8018,2.8028,2.7998,2.8008,2.8068,2.8078,2.8048,2.8058,9
2026-04-27 13:00:00,2.7998,2.8078,2.7993,2.8078,2.8048,2.8128,2.8043,2.8128,24
2026-04-27 13:01:00,2.8083,2.8108,2.8028,2.8038,2.8133,2.8158,2.8078,2.8088,39
2026-04-27 13:02:00,2.8048,2.8068,2.8038,2.8038,2.8098,2.8118,2.8088,2.8088,22
2026-04-27 13:03:00,2.8048,2.8073,2.8048,2.8058,2.8098,2.8123,2.8098,2.8108,15
2026-04-27 13:04:00,2.8063,2.8088,2.8058,2.8078,2.8113,2.8138,2.8108,2.8128,14
2026-04-27 13:05:00,2.8083,2.8128,2.8078,2.8093,2.8133,2.8178,2.8128,2.8143,23
2026-04-27 13:06:00,2.8098,2.8098,2.8058,2.8078,2.8148,2.8148,2.8108,2.8128,21
2026-04-27 13:07:00,2.8068,2.8078,2.8063,2.8078,2.8118,2.8128,2.8113,2.8128,10
2026-04-27 13:08:00,2.8073,2.8078,2.8068,2.8068,2.8123,2.8128,2.8118,2.8118,18
2026-04-27 13:09:00,2.8073,2.8088,2.8058,2.8058,2.8123,2.8138,2.8108,2.8108,9
2026-04-27 13:10:00,2.8048,2.8058,2.8048,2.8048,2.8098,2.8108,2.8098,2.8098,6
2026-04-27 13:11:00,2.8043,2.8088,2.8028,2.8088,2.8093,2.8138,2.8078,2.8138,47
2026-04-27 13:12:00,2.8083,2.8088,2.8078,2.8078,2.8133,2.8138,2.8128,2.8128,4
2026-04-27 13:13:00,2.8083,2.8108,2.8083,2.8093,2.8133,2.8158,2.8133,2.8143,24
2026-04-27 13:14:00,2.8098,2.8098,2.8088,2.8098,2.8148,2.8148,2.8138,2.8148,7
2026-04-27 13:15:00,2.8108,2.8128,2.8078,2.8093,2.8158,2.8178,2.8128,2.8143,23
2026-04-27 13:16:00,2.8088,2.8118,2.8088,2.8118,2.8138,2.8168,2.8138,2.8168,11
2026-04-27 13:17:00,2.8123,2.8138,2.8088,2.8103,2.8173,2.8188,2.8138,2.8153,35
2026-04-27 13:18:00,2.8108,2.8123,2.8088,2.8088,2.8158,2.8173,2.8138,2.8138,19
2026-04-27 13:19:00,2.8078,2.8083,2.8058,2.8078,2.8128,2.8133,2.8108,2.8128,18
2026-04-27 13:20:00,2.8073,2.8103,2.8068,2.8078,2.8123,2.8153,2.8118,2.8128,17
2026-04-27 13:21:00,2.8088,2.8088,2.8078,2.8078,2.8138,2.8138,2.8128,2.8128,8
2026-04-27 13:23:00,2.8073,2.8078,2.7978,2.7988,2.8123,2.8128,2.8028,2.8038,43
2026-04-27 13:24:00,2.7993,2.8043,2.7988,2.7998,2.8043,2.8093,2.8038,2.8048,35
2026-04-27 13:25:00,2.8003,2.8008,2.7978,2.7998,2.8053,2.8058,2.8028,2.8048,14
2026-04-27 13:26:00,2.7988,2.8008,2.7978,2.8008,2.8038,2.8058,2.8028,2.8058,22
2026-04-27 13:27:00,2.8013,2.8023,2.8008,2.8018,2.8063,2.8073,2.8058,2.8068,4
2026-04-27 13:28:00,2.8028,2.8038,2.8023,2.8023,2.8078,2.8088,2.8073,2.8073,5
2026-04-27 13:29:00,2.8018,2.8018,2.7998,2.8008,2.8068,2.8068,2.8048,2.8058,10
2026-04-27 13:30:00,2.8003,2.8018,2.7998,2.8008,2.8053,2.8068,2.8048,2.8058,7
2026-04-27 13:31:00,2.7998,2.8008,2.7998,2.8008,2.8048,2.8058,2.8048,2.8058,2
2026-04-27 13:32:00,2.8003,2.8008,2.7988,2.8008,2.8053,2.8058,2.8038,2.8058,10
2026-04-27 13:33:00,2.8013,2.8018,2.7998,2.8008,2.8063,2.8068,2.8048,2.8058,20
2026-04-27 13:34:00,2.8013,2.8028,2.8008,2.8028,2.8063,2.8078,2.8058,2.8078,16
2026-04-27 13:35:00,2.8038,2.8038,2.8028,2.8028,2.8088,2.8088,2.8078,2.8078,16
2026-04-27 13:36:00,2.8038,2.8048,2.8028,2.8028,2.8088,2.8098,2.8078,2.8078,6
2026-04-27 13:37:00,2.8018,2.8028,2.8018,2.8018,2.8068,2.8078,2.8068,2.8068,4
2026-04-27 13:38:00,2.8028,2.8048,2.8028,2.8038,2.8078,2.8098,2.8078,2.8088,20
2026-04-27 13:39:00,2.8028,2.8028,2.8018,2.8028,2.8078,2.8078,2.8068,2.8078,4
2026-04-27 13:40:00,2.8038,2.8058,2.8023,2.8058,2.8088,2.8108,2.8073,2.8108,12
2026-04-27 13:41:00,2.8053,2.8053,2.8028,2.8038,2.8103,2.8103,2.8078,2.8088,9
2026-04-27 13:42:00,2.8028,2.8038,2.8028,2.8028,2.8078,2.8088,2.8078,2.8078,3
2026-04-27 13:43:00,2.8018,2.8038,2.8008,2.8028,2.8068,2.8088,2.8058,2.8078,11
2026-04-27 13:44:00,2.8038,2.8058,2.8038,2.8058,2.8088,2.8108,2.8088,2.8108,5
2026-04-27 13:45:00,2.8053,2.8058,2.8048,2.8058,2.8103,2.8108,2.8098,2.8108,7
2026-04-27 13:46:00,2.8063,2.8073,2.8058,2.8068,2.8113,2.8123,2.8108,2.8118,10
2026-04-27 13:47:00,2.8073,2.8088,2.8073,2.8088,2.8123,2.8138,2.8123,2.8138,5
2026-04-27 13:48:00,2.8093,2.8158,2.8093,2.8158,2.8143,2.8208,2.8143,2.8208,19
2026-04-27 13:49:00,2.8148,2.8158,2.8143,2.8148,2.8198,2.8208,2.8193,2.8198,19
2026-04-27 13:50:00,2.8138,2.8143,2.8118,2.8118,2.8188,2.8193,2.8168,2.8168,10
2026-04-27 13:51:00,2.8123,2.8128,2.8118,2.8128,2.8173,2.8178,2.8168,2.8178,12
2026-04-27 13:52:00,2.8118,2.8123,2.8098,2.8108,2.8168,2.8173,2.8148,2.8158,10
2026-04-27 13:53:00,2.8118,2.8148,2.8118,2.8138,2.8168,2.8198,2.8168,2.8188,9
2026-04-27 13:54:00,2.8128,2.8168,2.8128,2.8158,2.8178,2.8218,2.8178,2.8208,16
2026-04-27 13:55:00,2.8148,2.8158,2.8138,2.8153,2.8198,2.8208,2.8188,2.8203,14
2026-04-27 13:56:00,2.8148,2.8168,2.8148,2.8158,2.8198,2.8218,2.8198,2.8208,20
2026-04-27 13:57:00,2.8163,2.8183,2.8158,2.8168,2.8213,2.8233,2.8208,2.8218,12
2026-04-27 13:58:00,2.8178,2.8178,2.8148,2.8148,2.8228,2.8228,2.8198,2.8198,6
2026-04-27 13:59:00,2.8153,2.8158,2.8143,2.8143,2.8203,2.8208,2.8193,2.8193,7
2026-04-27 14:00:00,2.8128,2.8148,2.8078,2.8148,2.8178,2.8198,2.8128,2.8198,46
2026-04-27 14:01:00,2.8138,2.8138,2.8108,2.8108,2.8188,2.8188,2.8158,2.8158,49
2026-04-27 14:02:00,2.8103,2.8118,2.8088,2.8088,2.8153,2.8168,2.8138,2.8138,16
2026-04-27 14:03:00,2.8093,2.8118,2.8088,2.8088,2.8143,2.8168,2.8138,2.8138,12
2026-04-27 14:04:00,2.8083,2.8088,2.8058,2.8058,2.8133,2.8138,2.8108,2.8108,11
2026-04-27 14:05:00,2.8068,2.8068,2.8038,2.8038,2.8118,2.8118,2.8088,2.8088,12
2026-04-27 14:06:00,2.8028,2.8088,2.8008,2.8088,2.8078,2.8138,2.8058,2.8138,13
2026-04-27 14:07:00,2.8083,2.8098,2.8058,2.8078,2.8133,2.8148,2.8108,2.8128,16
2026-04-27 14:08:00,2.8083,2.8088,2.8028,2.8028,2.8133,2.8138,2.8078,2.8078,15
2026-04-27 14:09:00,2.8018,2.8048,2.8008,2.8038,2.8068,2.8098,2.8058,2.8088,22
2026-04-27 14:10:00,2.8028,2.8068,2.8008,2.8053,2.8078,2.8118,2.8058,2.8103,20
2026-04-27 14:11:00,2.8068,2.8088,2.8058,2.8063,2.8118,2.8138,2.8108,2.8113,20
2026-04-27 14:12:00,2.8068,2.8158,2.8068,2.8138,2.8118,2.8208,2.8118,2.8188,39
2026-04-27 14:13:00,2.8148,2.8168,2.8138,2.8158,2.8198,2.8218,2.8188,2.8208,21
2026-04-27 14:14:00,2.8168,2.8198,2.8158,2.8178,2.8218,2.8248,2.8208,2.8228,14
2026-04-27 14:15:00,2.8188,2.8258,2.8188,2.8238,2.8238,2.8308,2.8238,2.8288,33
2026-04-27 14:16:00,2.8243,2.8243,2.8178,2.8188,2.8293,2.8293,2.8228,2.8238,40
2026-04-27 14:17:00,2.8183,2.8213,2.8178,2.8213,2.8233,2.8263,2.8228,2.8263,16
2026-04-27 14:18:00,2.8218,2.8238,2.8208,2.8208,2.8268,2.8288,2.8258,2.8258,16
2026-04-27 14:19:00,2.8213,2.8218,2.8188,2.8198,2.8263,2.8268,2.8238,2.8248,23
2026-04-27 14:20:00,2.8208,2.8218,2.8188,2.8188,2.8258,2.8268,2.8238,2.8238,12
2026-04-27 14:21:00,2.8193,2.8218,2.8188,2.8208,2.8243,2.8268,2.8238,2.8258,19
2026-04-27 14:22:00,2.8213,2.8258,2.8208,2.8238,2.8263,2.8308,2.8258,2.8288,16
2026-04-27 14:23:00,2.8248,2.8298,2.8248,2.8293,2.8298,2.8348,2.8298,2.8343,28
2026-04-27 14:24:00,2.8303,2.8328,2.8298,2.8318,2.8353,2.8378,2.8348,2.8368,44
2026-04-27 14:25:00,2.8323,2.8368,2.8318,2.8358,2.8373,2.8418,2.8368,2.8408,47
2026-04-27 14:26:00,2.8368,2.8448,2.8368,2.8398,2.8418,2.8498,2.8418,2.8448,48
2026-04-27 14:27:00,2.8403,2.8423,2.8398,2.8418,2.8453,2.8473,2.8448,2.8468,22
2026-04-27 14:28:00,2.8423,2.8428,2.8358,2.8358,2.8473,2.8478,2.8408,2.8408,28
2026-04-27 14:29:00,2.8353,2.8363,2.8308,2.8348,2.8403,2.8413,2.8358,2.8398,28
2026-04-27 14:30:00,2.8353,2.8358,2.8298,2.8328,2.8403,2.8408,2.8348,2.8378,63
2026-04-27 14:31:00,2.8333,2.8388,2.8328,2.8358,2.8383,2.8438,2.8378,2.8408,46
2026-04-27 14:32:00,2.8363,2.8393,2.8358,2.8358,2.8413,2.8443,2.8408,2.8408,49
2026-04-27 14:33:00,2.8368,2.8368,2.8338,2.8348,2.8418,2.8418,2.8388,2.8398,17
2026-04-27 14:34:00,2.8358,2.8388,2.8348,2.8368,2.8408,2.8438,2.8398,2.8418,20
2026-04-27 14:35:00,2.8378,2.8378,2.8318,2.8318,2.8428,2.8428,2.8368,2.8368,14
2026-04-27 14:36:00,2.8298,2.8308,2.8253,2.8253,2.8348,2.8358,2.8303,2.8303,44
2026-04-27 14:37:00,2.8258,2.8258,2.8218,2.8228,2.8308,2.8308,2.8268,2.8278,20
2026-04-27 14:38:00,2.8218,2.8228,2.8168,2.8218,2.8268,2.8278,2.8218,2.8268,58
2026-04-27 14:39:00,2.8223,2.8228,2.8198,2.8198,2.8273,2.8278,2.8248,2.8248,32
2026-04-27 14:40:00,2.8193,2.8218,2.8178,2.8198,2.8243,2.8268,2.8228,2.8248,41
2026-04-27 14:41:00,2.8188,2.8218,2.8188,2.8198,2.8238,2.8268,2.8238,2.8248,32
2026-04-27 14:42:00,2.8203,2.8208,2.8178,2.8188,2.8253,2.8258,2.8228,2.8238,20
2026-04-27 14:43:00,2.8198,2.8208,2.8178,2.8183,2.8248,2.8258,2.8228,2.8233,24
2026-04-27 14:44:00,2.8198,2.8218,2.8188,2.8208,2.8248,2.8268,2.8238,2.8258,20
2026-04-27 14:45:00,2.8218,2.8218,2.8188,2.8188,2.8268,2.8268,2.8238,2.8238,35
2026-04-27 14:46:00,2.8193,2.8213,2.8188,2.8198,2.8243,2.8263,2.8238,2.8248,25
2026-04-27 14:47:00,2.8203,2.8208,2.8188,2.8198,2.8253,2.8258,2.8238,2.8248,14
2026-04-27 14:48:00,2.8208,2.8218,2.8198,2.8208,2.8258,2.8268,2.8248,2.8258,36
2026-04-27 14:49:00,2.8203,2.8213,2.8183,2.8188,2.8253,2.8263,2.8233,2.8238,16
2026-04-27 14:50:00,2.8183,2.8198,2.8178,2.8178,2.8233,2.8248,2.8228,2.8228,18
2026-04-27 14:51:00,2.8183,2.8208,2.8178,2.8198,2.8233,2.8258,2.8228,2.8248,27
2026-04-27 14:52:00,2.8203,2.8278,2.8198,2.8248,2.8253,2.8328,2.8248,2.8298,38
2026-04-27 14:53:00,2.8243,2.8278,2.8208,2.8213,2.8293,2.8328,2.8258,2.8263,38
2026-04-27 14:54:00,2.8218,2.8238,2.8218,2.8228,2.8268,2.8288,2.8268,2.8278,18
2026-04-27 14:55:00,2.8223,2.8278,2.8218,2.8278,2.8273,2.8328,2.8268,2.8328,24
2026-04-27 14:56:00,2.8283,2.8308,2.8258,2.8268,2.8333,2.8358,2.8308,2.8318,32
2026-04-27 14:57:00,2.8273,2.8348,2.8273,2.8338,2.8323,2.8398,2.8323,2.8388,26
2026-04-27 14:58:00,2.8343,2.8368,2.8333,2.8358,2.8393,2.8418,2.8383,2.8408,27
2026-04-27 14:59:00,2.8363,2.8368,2.8313,2.8313,2.8413,2.8418,2.8363,2.8363,21
2026-04-27 15:00:00,2.8303,2.8398,2.8298,2.8318,2.8353,2.8448,2.8348,2.8368,80
2026-04-27 15:01:00,2.8328,2.8448,2.8318,2.8408,2.8378,2.8498,2.8368,2.8458,49
2026-04-27 15:02:00,2.8418,2.8438,2.8408,2.8418,2.8468,2.8488,2.8458,2.8468,23
2026-04-27 15:03:00,2.8408,2.8423,2.8398,2.8408,2.8458,2.8473,2.8448,2.8458,40
2026-04-27 15:04:00,2.8413,2.8413,2.8348,2.8348,2.8463,2.8463,2.8398,2.8398,29
2026-04-27 15:05:00,2.8358,2.8388,2.8353,2.8378,2.8408,2.8438,2.8403,2.8428,17
2026-04-27 15:06:00,2.8383,2.8408,2.8318,2.8398,2.8433,2.8458,2.8368,2.8448,33
2026-04-27 15:07:00,2.8408,2.8413,2.8388,2.8398,2.8458,2.8463,2.8438,2.8448,26
2026-04-27 15:08:00,2.8393,2.8393,2.8378,2.8388,2.8443,2.8443,2.8428,2.8438,6
2026-04-27 15:09:00,2.8393,2.8408,2.8388,2.8398,2.8443,2.8458,2.8438,2.8448,20
2026-04-27 15:10:00,2.8403,2.8408,2.8368,2.8378,2.8453,2.8458,2.8418,2.8428,26
2026-04-27 15:11:00,2.8388,2.8408,2.8378,2.8398,2.8438,2.8458,2.8428,2.8448,36
2026-04-27 15:12:00,2.8408,2.8478,2.8398,2.8473,2.8458,2.8528,2.8448,2.8523,29
2026-04-27 15:13:00,2.8478,2.8478,2.8408,2.8413,2.8528,2.8528,2.8458,2.8463,14
2026-04-27 15:14:00,2.8408,2.8458,2.8408,2.8428,2.8458,2.8508,2.8458,2.8478,49
2026-04-27 15:15:00,2.8433,2.8453,2.8378,2.8398,2.8483,2.8503,2.8428,2.8448,31
2026-04-27 15:16:00,2.8403,2.8423,2.8368,2.8398,2.8453,2.8473,2.8418,2.8448,48
2026-04-27 15:17:00,2.8403,2.8408,2.8378,2.8388,2.8453,2.8458,2.8428,2.8438,16
2026-04-27 15:18:00,2.8398,2.8408,2.8383,2.8388,2.8448,2.8458,2.8433,2.8438,17
2026-04-27 15:19:00,2.8378,2.8418,2.8378,2.8408,2.8428,2.8468,2.8428,2.8458,17
2026-04-27 15:20:00,2.8413,2.8413,2.8368,2.8368,2.8463,2.8463,2.8418,2.8418,16
2026-04-27 15:21:00,2.8373,2.8393,2.8373,2.8388,2.8423,2.8443,2.8423,2.8438,24
2026-04-27 15:22:00,2.8393,2.8408,2.8388,2.8393,2.8443,2.8458,2.8438,2.8443,10
2026-04-27 15:23:00,2.8388,2.8398,2.8378,2.8388,2.8438,2.8448,2.8428,2.8438,7
2026-04-27 15:24:00,2.8393,2.8393,2.8318,2.8318,2.8443,2.8443,2.8368,2.8368,37
2026-04-27 15:25:00,2.8323,2.8358,2.8323,2.8348,2.8373,2.8408,2.8373,2.8398,23
2026-04-27 15:26:00,2.8338,2.8338,2.8308,2.8333,2.8388,2.8388,2.8358,2.8383,32
2026-04-27 15:27:00,2.8338,2.8378,2.8338,2.8358,2.8388,2.8428,2.8388,2.8408,16
2026-04-27 15:28:00,2.8363,2.8378,2.8278,2.8288,2.8413,2.8428,2.8328,2.8338,23
2026-04-27 15:29:00,2.8278,2.8318,2.8278,2.8303,2.8328,2.8368,2.8328,2.8353,18
2026-04-27 15:30:00,2.8298,2.8308,2.8268,2.8298,2.8348,2.8358,2.8318,2.8348,70
2026-04-27 15:31:00,2.8308,2.8338,2.8298,2.8318,2.8358,2.8388,2.8348,2.8368,84
2026-04-27 15:32:00,2.8328,2.8348,2.8328,2.8338,2.8378,2.8398,2.8378,2.8388,26
2026-04-27 15:33:00,2.8333,2.8343,2.8308,2.8328,2.8383,2.8393,2.8358,2.8378,34
2026-04-27 15:34:00,2.8318,2.8393,2.8318,2.8393,2.8368,2.8443,2.8368,2.8443,82
2026-04-27 15:35:00,2.8398,2.8463,2.8388,2.8428,2.8448,2.8513,2.8438,2.8478,92
2026-04-27 15:36:00,2.8438,2.8468,2.8423,2.8423,2.8488,2.8518,2.8473,2.8473,42
2026-04-27 15:37:00,2.8428,2.8438,2.8418,2.8428,2.8478,2.8488,2.8468,2.8478,76
2026-04-27 15:38:00,2.8438,2.8438,2.8388,2.8388,2.8488,2.8488,2.8438,2.8438,24
2026-04-27 15:39:00,2.8393,2.8438,2.8393,2.8423,2.8443,2.8488,2.8443,2.8473,16
2026-04-27 15:40:00,2.8418,2.8438,2.8408,2.8423,2.8468,2.8488,2.8458,2.8473,24
2026-04-27 15:41:00,2.8428,2.8438,2.8418,2.8428,2.8478,2.8488,2.8468,2.8478,25
2026-04-27 15:42:00,2.8438,2.8478,2.8428,2.8458,2.8488,2.8528,2.8478,2.8508,28
2026-04-27 15:43:00,2.8453,2.8478,2.8448,2.8468,2.8503,2.8528,2.8498,2.8518,15
2026-04-27 15:44:00,2.8473,2.8488,2.8468,2.8468,2.8523,2.8538,2.8518,2.8518,21
2026-04-27 15:45:00,2.8473,2.8478,2.8458,2.8463,2.8523,2.8528,2.8508,2.8513,26
2026-04-27 15:46:00,2.8448,2.8458,2.8438,2.8448,2.8498,2.8508,2.8488,2.8498,40
2026-04-27 15:47:00,2.8453,2.8468,2.8438,2.8443,2.8503,2.8518,2.8488,2.8493,12
2026-04-27 15:48:00,2.8448,2.8468,2.8443,2.8458,2.8498,2.8518,2.8493,2.8508,18
2026-04-27 15:49:00,2.8453,2.8468,2.8453,2.8458,2.8503,2.8518,2.8503,2.8508,16
2026-04-27 15:50:00,2.8463,2.8473,2.8418,2.8423,2.8513,2.8523,2.8468,2.8473,17
2026-04-27 15:51:00,2.8418,2.8428,2.8398,2.8398,2.8468,2.8478,2.8448,2.8448,19
2026-04-27 15:52:00,2.8403,2.8413,2.8388,2.8388,2.8453,2.8463,2.8438,2.8438,12
2026-04-27 15:53:00,2.8398,2.8443,2.8398,2.8443,2.8448,2.8493,2.8448,2.8493,15
2026-04-27 15:54:00,2.8438,2.8438,2.8418,2.8438,2.8488,2.8488,2.8468,2.8488,24
2026-04-27 15:55:00,2.8428,2.8458,2.8428,2.8458,2.8478,2.8508,2.8478,2.8508,25
2026-04-27 15:56:00,2.8448,2.8473,2.8433,2.8438,2.8498,2.8523,2.8483,2.8488,26
2026-04-27 15:57:00,2.8443,2.8458,2.8438,2.8458,2.8493,2.8508,2.8488,2.8508,26
2026-04-27 15:58:00,2.8448,2.8458,2.8438,2.8443,2.8498,2.8508,2.8488,2.8493,35
2026-04-27 15:59:00,2.8448,2.8468,2.8443,2.8468,2.8498,2.8518,2.8493,2.8518,80
2026-04-27 16:00:00,2.8458,2.8518,2.8458,2.8508,2.8508,2.8568,2.8508,2.8558,122
2026-04-27 16:01:00,2.8513,2.8528,2.8498,2.8523,2.8563,2.8578,2.8548,2.8573,62
2026-04-27 16:02:00,2.8538,2.8538,2.8448,2.8458,2.8588,2.8588,2.8498,2.8508,98
2026-04-27 16:03:00,2.8468,2.8473,2.8448,2.8448,2.8518,2.8523,2.8498,2.8498,24
2026-04-27 16:04:00,2.8458,2.8473,2.8448,2.8468,2.8508,2.8523,2.8498,2.8518,48
2026-04-27 16:05:00,2.8458,2.8488,2.8448,2.8488,2.8508,2.8538,2.8498,2.8538,56
2026-04-27 16:06:00,2.8483,2.8483,2.8438,2.8448,2.8533,2.8533,2.8488,2.8498,55
2026-04-27 16:07:00,2.8458,2.8488,2.8453,2.8468,2.8508,2.8538,2.8503,2.8518,20
2026-04-27 16:08:00,2.8473,2.8488,2.8468,2.8468,2.8523,2.8538,2.8518,2.8518,16
2026-04-27 16:09:00,2.8478,2.8488,2.8468,2.8488,2.8528,2.8538,2.8518,2.8538,25
2026-04-27 16:10:00,2.8498,2.8508,2.8478,2.8488,2.8548,2.8558,2.8528,2.8538,17
2026-04-27 16:11:00,2.8483,2.8488,2.8428,2.8438,2.8533,2.8538,2.8478,2.8488,25
2026-04-27 16:12:00,2.8443,2.8488,2.8438,2.8488,2.8493,2.8538,2.8488,2.8538,22
2026-04-27 16:13:00,2.8478,2.8488,2.8468,2.8478,2.8528,2.8538,2.8518,2.8528,14
2026-04-27 16:14:00,2.8473,2.8488,2.8468,2.8488,2.8523,2.8538,2.8518,2.8538,13
2026-04-27 16:15:00,2.8483,2.8508,2.8478,2.8498,2.8533,2.8558,2.8528,2.8548,13
2026-04-27 16:16:00,2.8503,2.8508,2.8498,2.8508,2.8553,2.8558,2.8548,2.8558,18
2026-04-27 16:17:00,2.8513,2.8518,2.8498,2.8498,2.8563,2.8568,2.8548,2.8548,15
2026-04-27 16:18:00,2.8508,2.8528,2.8498,2.8508,2.8558,2.8578,2.8548,2.8558,13
2026-04-27 16:19:00,2.8513,2.8518,2.8488,2.8488,2.8563,2.8568,2.8538,2.8538,19
2026-04-27 16:20:00,2.8478,2.8498,2.8468,2.8498,2.8528,2.8548,2.8518,2.8548,9
2026-04-27 16:21:00,2.8488,2.8493,2.8478,2.8488,2.8538,2.8543,2.8528,2.8538,14
2026-04-27 16:22:00,2.8483,2.8498,2.8478,2.8498,2.8533,2.8548,2.8528,2.8548,13
2026-04-27 16:23:00,2.8488,2.8493,2.8468,2.8473,2.8538,2.8543,2.8518,2.8523,18
2026-04-27 16:24:00,2.8468,2.8468,2.8438,2.8438,2.8518,2.8518,2.8488,2.8488,17
2026-04-27 16:25:00,2.8433,2.8458,2.8428,2.8458,2.8483,2.8508,2.8478,2.8508,19
2026-04-27 16:26:00,2.8448,2.8458,2.8438,2.8458,2.8498,2.8508,2.8488,2.8508,18
2026-04-27 16:27:00,2.8453,2.8458,2.8448,2.8458,2.8503,2.8508,2.8498,2.8508,10
2026-04-27 16:28:00,2.8468,2.8473,2.8448,2.8453,2.8518,2.8523,2.8498,2.8503,19
2026-04-27 16:29:00,2.8458,2.8478,2.8448,2.8448,2.8508,2.8528,2.8498,2.8498,10
2026-04-27 16:30:00,2.8458,2.8468,2.8448,2.8458,2.8508,2.8518,2.8498,2.8508,20
2026-04-27 16:31:00,2.8448,2.8458,2.8428,2.8458,2.8498,2.8508,2.8478,2.8508,11
2026-04-27 16:32:00,2.8468,2.8488,2.8458,2.8478,2.8518,2.8538,2.8508,2.8528,12
2026-04-27 16:33:00,2.8473,2.8478,2.8463,2.8473,2.8523,2.8528,2.8513,2.8523,13
2026-04-27 16:34:00,2.8468,2.8478,2.8448,2.8448,2.8518,2.8528,2.8498,2.8498,12
2026-04-27 16:35:00,2.8458,2.8458,2.8398,2.8398,2.8508,2.8508,2.8448,2.8448,15
2026-04-27 16:36:00,2.8393,2.8413,2.8358,2.8408,2.8443,2.8463,2.8408,2.8458,47
2026-04-27 16:37:00,2.8413,2.8438,2.8413,2.8423,2.8463,2.8488,2.8463,2.8473,10
2026-04-27 16:38:00,2.8418,2.8438,2.8418,2.8428,2.8468,2.8488,2.8468,2.8478,10
2026-04-27 16:39:00,2.8433,2.8488,2.8433,2.8488,2.8483,2.8538,2.8483,2.8538,16
2026-04-27 16:40:00,2.8498,2.8518,2.8478,2.8508,2.8548,2.8568,2.8528,2.8558,26
2026-04-27 16:41:00,2.8518,2.8548,2.8518,2.8538,2.8568,2.8598,2.8568,2.8588,17
2026-04-27 16:42:00,2.8548,2.8568,2.8548,2.8558,2.8598,2.8618,2.8598,2.8608,21
2026-04-27 16:43:00,2.8563,2.8568,2.8548,2.8548,2.8613,2.8618,2.8598,2.8598,28
2026-04-27 16:44:00,2.8538,2.8548,2.8508,2.8518,2.8588,2.8598,2.8558,2.8568,34
2026-04-27 16:45:00,2.8523,2.8528,2.8488,2.8498,2.8573,2.8578,2.8538,2.8548,44
2026-04-27 16:46:00,2.8478,2.8488,2.8448,2.8453,2.8528,2.8538,2.8498,2.8503,26
2026-04-27 16:47:00,2.8468,2.8478,2.8428,2.8438,2.8518,2.8528,2.8478,2.8488,21
2026-04-27 16:48:00,2.8448,2.8468,2.8438,2.8468,2.8498,2.8518,2.8488,2.8518,12
2026-04-27 16:49:00,2.8473,2.8508,2.8473,2.8498,2.8523,2.8558,2.8523,2.8548,14
2026-04-27 16:50:00,2.8488,2.8488,2.8448,2.8448,2.8538,2.8538,2.8498,2.8498,8
2026-04-27 16:51:00,2.8458,2.8478,2.8438,2.8468,2.8508,2.8528,2.8488,2.8518,10
2026-04-27 16:52:00,2.8478,2.8478,2.8458,2.8473,2.8528,2.8528,2.8508,2.8523,18
2026-04-27 16:53:00,2.8468,2.8478,2.8458,2.8478,2.8518,2.8528,2.8508,2.8528,15
2026-04-27 16:54:00,2.8468,2.8493,2.8468,2.8468,2.8518,2.8543,2.8518,2.8518,31
2026-04-27 16:55:00,2.8463,2.8478,2.8448,2.8448,2.8513,2.8528,2.8498,2.8498,22
2026-04-27 16:56:00,2.8453,2.8463,2.8448,2.8458,2.8503,2.8513,2.8498,2.8508,25
2026-04-27 16:57:00,2.8468,2.8468,2.8458,2.8458,2.8518,2.8518,2.8508,2.8508,8
2026-04-27 16:58:00,2.8463,2.8468,2.8428,2.8438,2.8513,2.8518,2.8478,2.8488,13
2026-04-27 16:59:00,2.8428,2.8438,2.8418,2.8438,2.8478,2.8488,2.8468,2.8488,18
2026-04-27 17:00:00,2.8428,2.8448,2.8428,2.8448,2.8478,2.8498,2.8478,2.8498,20
2026-04-27 17:01:00,2.8458,2.8488,2.8448,2.8488,2.8508,2.8538,2.8498,2.8538,28
2026-04-27 17:02:00,2.8493,2.8508,2.8488,2.8498,2.8543,2.8558,2.8538,2.8548,11
2026-04-27 17:03:00,2.8488,2.8498,2.8448,2.8468,2.8538,2.8548,2.8498,2.8518,30
2026-04-27 17:04:00,2.8458,2.8458,2.8418,2.8418,2.8508,2.8508,2.8468,2.8468,18
2026-04-27 17:05:00,2.8428,2.8448,2.8428,2.8438,2.8478,2.8498,2.8478,2.8488,21
2026-04-27 17:06:00,2.8433,2.8448,2.8428,2.8448,2.8483,2.8498,2.8478,2.8498,10
2026-04-27 17:07:00,2.8443,2.8448,2.8428,2.8438,2.8493,2.8498,2.8478,2.8488,12
2026-04-27 17:08:00,2.8428,2.8438,2.8388,2.8388,2.8478,2.8488,2.8438,2.8438,18
2026-04-27 17:09:00,2.8393,2.8408,2.8388,2.8408,2.8443,2.8458,2.8438,2.8458,15
2026-04-27 17:10:00,2.8418,2.8418,2.8408,2.8413,2.8468,2.8468,2.8458,2.8463,12
2026-04-27 17:11:00,2.8408,2.8428,2.8408,2.8428,2.8458,2.8478,2.8458,2.8478,5
2026-04-27 17:12:00,2.8438,2.8458,2.8428,2.8438,2.8488,2.8508,2.8478,2.8488,13
2026-04-27 17:13:00,2.8443,2.8468,2.8443,2.8458,2.8493,2.8518,2.8493,2.8508,11
2026-04-27 17:14:00,2.8463,2.8488,2.8458,2.8488,2.8513,2.8538,2.8508,2.8538,27
2026-04-27 17:15:00,2.8493,2.8498,2.8448,2.8488,2.8543,2.8548,2.8498,2.8538,19
2026-04-27 17:16:00,2.8493,2.8498,2.8478,2.8478,2.8543,2.8548,2.8528,2.8528,31
2026-04-27 17:17:00,2.8468,2.8478,2.8468,2.8478,2.8518,2.8528,2.8518,2.8528,10
2026-04-27 17:18:00,2.8473,2.8508,2.8468,2.8508,2.8523,2.8558,2.8518,2.8558,12
2026-04-27 17:19:00,2.8518,2.8518,2.8508,2.8508,2.8568,2.8568,2.8558,2.8558,5
2026-04-27 17:20:00,2.8513,2.8538,2.8508,2.8528,2.8563,2.8588,2.8558,2.8578,25
2026-04-27 17:21:00,2.8533,2.8538,2.8508,2.8533,2.8583,2.8588,2.8558,2.8583,23
2026-04-27 17:22:00,2.8538,2.8548,2.8528,2.8528,2.8588,2.8598,2.8578,2.8578,21
2026-04-27 17:23:00,2.8533,2.8533,2.8508,2.8508,2.8583,2.8583,2.8558,2.8558,19
2026-04-27 17:24:00,2.8513,2.8548,2.8513,2.8538,2.8563,2.8598,2.8563,2.8588,10
2026-04-27 17:25:00,2.8543,2.8548,2.8528,2.8538,2.8593,2.8598,2.8578,2.8588,16
2026-04-27 17:26:00,2.8528,2.8538,2.8508,2.8508,2.8578,2.8588,2.8558,2.8558,27
2026-04-27 17:27:00,2.8513,2.8528,2.8488,2.8488,2.8563,2.8578,2.8538,2.8538,27
2026-04-27 17:28:00,2.8478,2.8488,2.8438,2.8438,2.8528,2.8538,2.8488,2.8488,29
2026-04-27 17:29:00,2.8443,2.8448,2.8408,2.8438,2.8493,2.8498,2.8458,2.8488,27
2026-04-27 17:30:00,2.8443,2.8468,2.8428,2.8448,2.8493,2.8518,2.8478,2.8498,31
2026-04-27 17:31:00,2.8438,2.8448,2.8428,2.8438,2.8488,2.8498,2.8478,2.8488,19
2026-04-27 17:32:00,2.8428,2.8438,2.8408,2.8428,2.8478,2.8488,2.8458,2.8478,18
2026-04-27 17:33:00,2.8423,2.8438,2.8423,2.8428,2.8473,2.8488,2.8473,2.8478,17
2026-04-27 17:34:00,2.8433,2.8448,2.8433,2.8443,2.8483,2.8498,2.8483,2.8493,7
2026-04-27 17:35:00,2.8438,2.8448,2.8428,2.8438,2.8488,2.8498,2.8478,2.8488,14
2026-04-27 17:36:00,2.8443,2.8448,2.8398,2.8418,2.8493,2.8498,2.8448,2.8468,35
2026-04-27 17:37:00,2.8408,2.8438,2.8408,2.8438,2.8458,2.8488,2.8458,2.8488,8
2026-04-27 17:38:00,2.8443,2.8458,2.8443,2.8448,2.8493,2.8508,2.8493,2.8498,12
2026-04-27 17:39:00,2.8458,2.8468,2.8448,2.8458,2.8508,2.8518,2.8498,2.8508,6
2026-04-27 17:40:00,2.8463,2.8468,2.8458,2.8468,2.8513,2.8518,2.8508,2.8518,8
2026-04-27 17:41:00,2.8458,2.8458,2.8428,2.8438,2.8508,2.8508,2.8478,2.8488,8
2026-04-27 17:42:00,2.8448,2.8448,2.8433,2.8438,2.8498,2.8498,2.8483,2.8488,15
2026-04-27 17:43:00,2.8448,2.8458,2.8438,2.8438,2.8498,2.8508,2.8488,2.8488,4
2026-04-27 17:44:00,2.8433,2.8438,2.8423,2.8438,2.8483,2.8488,2.8473,2.8488,9
2026-04-27 17:45:00,2.8428,2.8428,2.8398,2.8418,2.8478,2.8478,2.8448,2.8468,10
2026-04-27 17:46:00,2.8428,2.8428,2.8408,2.8418,2.8478,2.8478,2.8458,2.8468,15
2026-04-27 17:47:00,2.8408,2.8408,2.8338,2.8348,2.8458,2.8458,2.8388,2.8398,33
2026-04-27 17:48:00,2.8343,2.8348,2.8298,2.8308,2.8393,2.8398,2.8348,2.8358,14
2026-04-27 17:49:00,2.8303,2.8308,2.8278,2.8303,2.8353,2.8358,2.8328,2.8353,15
2026-04-27 17:50:00,2.8298,2.8308,2.8283,2.8298,2.8348,2.8358,2.8333,2.8348,25
2026-04-27 17:51:00,2.8308,2.8308,2.8288,2.8288,2.8358,2.8358,2.8338,2.8338,16
2026-04-27 17:52:00,2.8283,2.8288,2.8268,2.8268,2.8333,2.8338,2.8318,2.8318,16
2026-04-27 17:53:00,2.8263,2.8278,2.8258,2.8268,2.8313,2.8328,2.8308,2.8318,12
2026-04-27 17:54:00,2.8263,2.8273,2.8238,2.8238,2.8313,2.8323,2.8288,2.8288,12
2026-04-27 17:55:00,2.8233,2.8233,2.8178,2.8188,2.8283,2.8283,2.8228,2.8238,25
2026-04-27 17:56:00,2.8178,2.8178,2.8148,2.8158,2.8228,2.8228,2.8198,2.8208,23
2026-04-27 17:57:00,2.8138,2.8178,2.8128,2.8138,2.8188,2.8228,2.8178,2.8188,35
2026-04-27 17:58:00,2.8128,2.8128,2.8108,2.8118,2.8178,2.8178,2.8158,2.8168,25
2026-04-27 17:59:00,2.8128,2.8158,2.8108,2.8158,2.8178,2.8208,2.8158,2.8208,17
2026-04-27 18:00:00,2.8153,2.8158,2.8128,2.8128,2.8203,2.8208,2.8178,2.8178,27
2026-04-27 18:01:00,2.8138,2.8168,2.8128,2.8168,2.8188,2.8218,2.8178,2.8218,23
2026-04-27 18:02:00,2.8158,2.8178,2.8158,2.8173,2.8208,2.8228,2.8208,2.8223,8
2026-04-27 18:03:00,2.8168,2.8228,2.8168,2.8228,2.8218,2.8278,2.8218,2.8278,8
2026-04-27 18:04:00,2.8218,2.8218,2.8188,2.8198,2.8268,2.8268,2.8238,2.8248,11
2026-04-27 18:05:00,2.8208,2.8248,2.8208,2.8248,2.8258,2.8298,2.8258,2.8298,16
2026-04-27 18:06:00,2.8238,2.8253,2.8188,2.8198,2.8288,2.8303,2.8238,2.8248,30
2026-04-27 18:07:00,2.8188,2.8198,2.8148,2.8168,2.8238,2.8248,2.8198,2.8218,31
2026-04-27 18:08:00,2.8163,2.8188,2.8158,2.8188,2.8213,2.8238,2.8208,2.8238,17
2026-04-27 18:09:00,2.8178,2.8188,2.8168,2.8173,2.8228,2.8238,2.8218,2.8223,11
2026-04-27 18:10:00,2.8168,2.8178,2.8148,2.8148,2.8218,2.8228,2.8198,2.8198,15
2026-04-27 18:11:00,2.8158,2.8178,2.8158,2.8173,2.8208,2.8228,2.8208,2.8223,11
2026-04-27 18:12:00,2.8178,2.8188,2.8178,2.8178,2.8228,2.8238,2.8228,2.8228,14
2026-04-27 18:13:00,2.8183,2.8188,2.8183,2.8188,2.8233,2.8238,2.8233,2.8238,2
2026-04-27 18:14:00,2.8183,2.8183,2.8168,2.8178,2.8233,2.8233,2.8218,2.8228,11
2026-04-27 18:15:00,2.8183,2.8208,2.8183,2.8198,2.8233,2.8258,2.8233,2.8248,13
2026-04-27 18:16:00,2.8203,2.8218,2.8198,2.8203,2.8253,2.8268,2.8248,2.8253,12
2026-04-27 18:17:00,2.8198,2.8203,2.8173,2.8173,2.8248,2.8253,2.8223,2.8223,16
2026-04-27 18:18:00,2.8178,2.8188,2.8178,2.8188,2.8228,2.8238,2.8228,2.8238,4
2026-04-27 18:19:00,2.8198,2.8198,2.8193,2.8198,2.8248,2.8248,2.8243,2.8248,5
2026-04-27 18:20:00,2.8188,2.8218,2.8168,2.8208,2.8238,2.8268,2.8218,2.8258,11
2026-04-27 18:21:00,2.8218,2.8218,2.8138,2.8158,2.8268,2.8268,2.8188,2.8208,13
2026-04-27 18:22:00,2.8148,2.8168,2.8148,2.8168,2.8198,2.8218,2.8198,2.8218,8
2026-04-27 18:23:00,2.8163,2.8178,2.8158,2.8173,2.8213,2.8228,2.8208,2.8223,8
2026-04-27 18:24:00,2.8178,2.8198,2.8178,2.8188,2.8228,2.8248,2.8228,2.8238,5
2026-04-27 18:25:00,2.8178,2.8228,2.8168,2.8208,2.8228,2.8278,2.8218,2.8258,14
2026-04-27 18:26:00,2.8213,2.8228,2.8213,2.8228,2.8263,2.8278,2.8263,2.8278,3
2026-04-27 18:27:00,2.8233,2.8238,2.8228,2.8238,2.8283,2.8288,2.8278,2.8288,12
2026-04-27 18:28:00,2.8233,2.8248,2.8233,2.8248,2.8283,2.8298,2.8283,2.8298,11
2026-04-27 18:29:00,2.8238,2.8248,2.8228,2.8248,2.8288,2.8298,2.8278,2.8298,14
2026-04-27 18:30:00,2.8253,2.8258,2.8248,2.8258,2.8303,2.8308,2.8298,2.8308,4
2026-04-27 18:31:00,2.8248,2.8258,2.8248,2.8248,2.8298,2.8308,2.8298,2.8298,12
2026-04-27 18:32:00,2.8253,2.8258,2.8228,2.8238,2.8303,2.8308,2.8278,2.8288,8
2026-04-27 18:33:00,2.8233,2.8238,2.8218,2.8218,2.8283,2.8288,2.8268,2.8268,22
2026-04-27 18:34:00,2.8228,2.8238,2.8228,2.8233,2.8278,2.8288,2.8278,2.8283,6
2026-04-27 18:35:00,2.8228,2.8233,2.8218,2.8228,2.8278,2.8283,2.8268,2.8278,12
2026-04-27 18:36:00,2.8218,2.8218,2.8208,2.8218,2.8268,2.8268,2.8258,2.8268,16
2026-04-27 18:37:00,2.8223,2.8228,2.8198,2.8208,2.8273,2.8278,2.8248,2.8258,17
2026-04-27 18:38:00,2.8203,2.8203,2.8203,2.8203,2.8253,2.8253,2.8253,2.8253,1
2026-04-27 18:39:00,2.8208,2.8208,2.8188,2.8198,2.8258,2.8258,2.8238,2.8248,9
2026-04-27 18:40:00,2.8208,2.8218,2.8198,2.8218,2.8258,2.8268,2.8248,2.8268,4
2026-04-27 18:41:00,2.8223,2.8248,2.8223,2.8248,2.8273,2.8298,2.8273,2.8298,11
2026-04-27 18:42:00,2.8238,2.8278,2.8238,2.8268,2.8288,2.8328,2.8288,2.8318,20
2026-04-27 18:43:00,2.8273,2.8278,2.8238,2.8253,2.8323,2.8328,2.8288,2.8303,14
2026-04-27 18:44:00,2.8248,2.8278,2.8248,2.8278,2.8298,2.8328,2.8298,2.8328,7
2026-04-27 18:45:00,2.8273,2.8273,2.8238,2.8238,2.8323,2.8323,2.8288,2.8288,7
2026-04-27 18:46:00,2.8248,2.8248,2.8218,2.8228,2.8298,2.8298,2.8268,2.8278,12
2026-04-27 18:47:00,2.8233,2.8233,2.8218,2.8218,2.8283,2.8283,2.8268,2.8268,11
2026-04-27 18:48:00,2.8213,2.8213,2.8208,2.8208,2.8263,2.8263,2.8258,2.8258,8
2026-04-27 18:49:00,2.8203,2.8203,2.8188,2.8188,2.8253,2.8253,2.8238,2.8238,17
2026-04-27 18:50:00,2.8198,2.8208,2.8188,2.8188,2.8248,2.8258,2.8238,2.8238,4
2026-04-27 18:51:00,2.8178,2.8188,2.8168,2.8168,2.8228,2.8238,2.8218,2.8218,8
2026-04-27 18:52:00,2.8158,2.8158,2.8148,2.8158,2.8208,2.8208,2.8198,2.8208,9
2026-04-27 18:53:00,2.8163,2.8178,2.8158,2.8173,2.8213,2.8228,2.8208,2.8223,9
2026-04-27 18:54:00,2.8168,2.8208,2.8168,2.8208,2.8218,2.8258,2.8218,2.8258,15
2026-04-27 18:55:00,2.8198,2.8208,2.8188,2.8188,2.8248,2.8258,2.8238,2.8238,16
2026-04-27 18:56:00,2.8193,2.8208,2.8193,2.8208,2.8243,2.8258,2.8243,2.8258,4
2026-04-27 18:57:00,2.8198,2.8198,2.8198,2.8198,2.8248,2.8248,2.8248,2.8248,1
2026-04-27 18:58:00,2.8203,2.8208,2.8198,2.8198,2.8253,2.8258,2.8248,2.8248,6
2026-04-27 18:59:00,2.8203,2.8208,2.8198,2.8198,2.8253,2.8258,2.8248,2.8248,7
2026-04-27 19:00:00,2.8208,2.8208,2.8198,2.8208,2.8258,2.8258,2.8248,2.8258,13
2026-04-27 19:01:00,2.8203,2.8208,2.8198,2.8198,2.8253,2.8258,2.8248,2.8248,5
2026-04-27 19:02:00,2.8188,2.8188,2.8158,2.8158,2.8238,2.8238,2.8208,2.8208,5
2026-04-27 19:03:00,2.8168,2.8168,2.8168,2.8168,2.8218,2.8218,2.8218,2.8218,1
2026-04-27 19:04:00,2.8173,2.8178,2.8158,2.8178,2.8223,2.8228,2.8208,2.8228,7
2026-04-27 19:05:00,2.8183,2.8188,2.8168,2.8178,2.8233,2.8238,2.8218,2.8228,6
2026-04-27 19:06:00,2.8168,2.8178,2.8168,2.8173,2.8218,2.8228,2.8218,2.8223,7
2026-04-27 19:07:00,2.8168,2.8188,2.8168,2.8188,2.8218,2.8238,2.8218,2.8238,5
2026-04-27 19:08:00,2.8198,2.8218,2.8188,2.8208,2.8248,2.8268,2.8238,2.8258,6
2026-04-27 19:09:00,2.8218,2.8238,2.8208,2.8218,2.8268,2.8288,2.8258,2.8268,13
2026-04-27 19:10:00,2.8228,2.8228,2.8218,2.8218,2.8278,2.8278,2.8268,2.8268,2
2026-04-27 19:11:00,2.8213,2.8233,2.8208,2.8233,2.8263,2.8283,2.8258,2.8283,7
2026-04-27 19:12:00,2.8228,2.8238,2.8218,2.8218,2.8278,2.8288,2.8268,2.8268,14
2026-04-27 19:13:00,2.8213,2.8218,2.8208,2.8208,2.8263,2.8268,2.8258,2.8258,6
2026-04-27 19:14:00,2.8198,2.8218,2.8198,2.8198,2.8248,2.8268,2.8248,2.8248,7
2026-04-27 19:15:00,2.8188,2.8188,2.8158,2.8168,2.8238,2.8238,2.8208,2.8218,25
2026-04-27 19:16:00,2.8158,2.8198,2.8158,2.8198,2.8208,2.8248,2.8208,2.8248,20
2026-04-27 19:17:00,2.8208,2.8208,2.8198,2.8198,2.8258,2.8258,2.8248,2.8248,13
2026-04-27 19:18:00,2.8193,2.8208,2.8188,2.8188,2.8243,2.8258,2.8238,2.8238,18
2026-04-27 19:19:00,2.8198,2.8198,2.8178,2.8178,2.8248,2.8248,2.8228,2.8228,5
2026-04-27 19:20:00,2.8183,2.8198,2.8178,2.8188,2.8233,2.8248,2.8228,2.8238,9
2026-04-27 19:21:00,2.8178,2.8188,2.8168,2.8168,2.8228,2.8238,2.8218,2.8218,13
2026-04-27 19:22:00,2.8178,2.8178,2.8158,2.8158,2.8228,2.8228,2.8208,2.8208,4
2026-04-27 19:23:00,2.8148,2.8158,2.8123,2.8148,2.8198,2.8208,2.8173,2.8198,50
2026-04-27 19:24:00,2.8143,2.8158,2.8128,2.8128,2.8193,2.8208,2.8178,2.8178,11
2026-04-27 19:25:00,2.8123,2.8123,2.8048,2.8108,2.8173,2.8173,2.8098,2.8158,42
2026-04-27 19:26:00,2.8103,2.8118,2.8093,2.8108,2.8153,2.8168,2.8143,2.8158,16
2026-04-27 19:27:00,2.8118,2.8128,2.8103,2.8103,2.8168,2.8178,2.8153,2.8153,13
2026-04-27 19:28:00,2.8098,2.8118,2.8088,2.8093,2.8148,2.8168,2.8138,2.8143,17
2026-04-27 19:29:00,2.8088,2.8098,2.8088,2.8098,2.8138,2.8148,2.8138,2.8148,3
2026-04-27 19:30:00,2.8088,2.8098,2.8078,2.8078,2.8138,2.8148,2.8128,2.8128,16
2026-04-27 19:31:00,2.8088,2.8098,2.8078,2.8098,2.8138,2.8148,2.8128,2.8148,9
2026-04-27 19:32:00,2.8108,2.8118,2.8098,2.8098,2.8158,2.8168,2.8148,2.8148,9
2026-04-27 19:33:00,2.8103,2.8118,2.8088,2.8088,2.8153,2.8168,2.8138,2.8138,21
2026-04-27 19:34:00,2.8078,2.8108,2.8078,2.8088,2.8128,2.8158,2.8128,2.8138,14
2026-04-27 19:35:00,2.8098,2.8108,2.8093,2.8108,2.8148,2.8158,2.8143,2.8158,5
2026-04-27 19:36:00,2.8118,2.8128,2.8108,2.8108,2.8168,2.8178,2.8158,2.8158,26
2026-04-27 19:37:00,2.8113,2.8118,2.8038,2.8043,2.8163,2.8168,2.8088,2.8093,49
2026-04-27 19:38:00,2.8053,2.8078,2.8048,2.8068,2.8103,2.8128,2.8098,2.8118,22
2026-04-27 19:39:00,2.8073,2.8098,2.8073,2.8088,2.8123,2.8148,2.8123,2.8138,22
2026-04-27 19:40:00,2.8078,2.8088,2.8063,2.8063,2.8128,2.8138,2.8113,2.8113,20
2026-04-27 19:41:00,2.8058,2.8058,2.8008,2.8023,2.8108,2.8108,2.8058,2.8073,35
2026-04-27 19:42:00,2.8018,2.8028,2.7998,2.8013,2.8068,2.8078,2.8048,2.8063,40
2026-04-27 19:43:00,2.8008,2.8028,2.8008,2.8018,2.8058,2.8078,2.8058,2.8068,9
2026-04-27 19:44:00,2.8028,2.8038,2.8018,2.8028,2.8078,2.8088,2.8068,2.8078,14
2026-04-27 19:45:00,2.8023,2.8078,2.8023,2.8078,2.8073,2.8128,2.8073,2.8128,16
2026-04-27 19:46:00,2.8073,2.8098,2.8068,2.8088,2.8123,2.8148,2.8118,2.8138,12
2026-04-27 19:47:00,2.8093,2.8098,2.8088,2.8098,2.8143,2.8148,2.8138,2.8148,6
2026-04-27 19:48:00,2.8093,2.8098,2.8078,2.8088,2.8143,2.8148,2.8128,2.8138,15
2026-04-27 19:49:00,2.8083,2.8088,2.8078,2.8078,2.8133,2.8138,2.8128,2.8128,11
2026-04-27 19:50:00,2.8073,2.8078,2.8038,2.8048,2.8123,2.8128,2.8088,2.8098,11
2026-04-27 19:51:00,2.8053,2.8053,2.8018,2.8018,2.8103,2.8103,2.8068,2.8068,18
2026-04-27 19:52:00,2.8023,2.8028,2.8008,2.8018,2.8073,2.8078,2.8058,2.8068,8
2026-04-27 19:53:00,2.8013,2.8028,2.7998,2.7998,2.8063,2.8078,2.8048,2.8048,23
2026-04-27 19:54:00,2.7988,2.7998,2.7988,2.7998,2.8038,2.8048,2.8038,2.8048,7
2026-04-27 19:55:00,2.7968,2.7998,2.7968,2.7988,2.8018,2.8048,2.8018,2.8038,20
2026-04-27 19:56:00,2.7978,2.7998,2.7978,2.7998,2.8028,2.8048,2.8028,2.8048,16
2026-04-27 19:57:00,2.7993,2.8028,2.7988,2.8028,2.8043,2.8078,2.8038,2.8078,17
2026-04-27 19:58:00,2.8033,2.8058,2.8028,2.8038,2.8083,2.8108,2.8078,2.8088,22
2026-04-27 19:59:00,2.8048,2.8048,2.8038,2.8043,2.8098,2.8098,2.8088,2.8093,14
2026-04-27 20:00:00,2.8048,2.8048,2.8038,2.8038,2.8098,2.8098,2.8088,2.8088,16
2026-04-27 20:01:00,2.8028,2.8038,2.8028,2.8038,2.8078,2.8088,2.8078,2.8088,8
2026-04-27 20:02:00,2.8043,2.8048,2.8028,2.8048,2.8093,2.8098,2.8078,2.8098,16
2026-04-27 20:03:00,2.8043,2.8048,2.8028,2.8043,2.8093,2.8098,2.8078,2.8093,12
2026-04-27 20:04:00,2.8048,2.8053,2.8038,2.8048,2.8098,2.8103,2.8088,2.8098,12
2026-04-27 20:05:00,2.8053,2.8058,2.8028,2.8048,2.8103,2.8108,2.8078,2.8098,20
2026-04-27 20:06:00,2.8053,2.8053,2.7993,2.7993,2.8103,2.8103,2.8043,2.8043,20
2026-04-27 20:07:00,2.7988,2.8008,2.7988,2.8008,2.8038,2.8058,2.8038,2.8058,26
2026-04-27 20:08:00,2.8003,2.8018,2.7998,2.8008,2.8053,2.8068,2.8048,2.8058,31
2026-04-27 20:09:00,2.8013,2.8013,2.7998,2.7998,2.8063,2.8063,2.8048,2.8048,16
2026-04-27 20:10:00,2.8008,2.8053,2.7998,2.8048,2.8058,2.8103,2.8048,2.8098,25
2026-04-27 20:11:00,2.8043,2.8048,2.8018,2.8038,2.8093,2.8098,2.8068,2.8088,21
2026-04-27 20:12:00,2.8033,2.8038,2.8028,2.8038,2.8083,2.8088,2.8078,2.8088,41
2026-04-27 20:13:00,2.8043,2.8068,2.8043,2.8068,2.8093,2.8118,2.8093,2.8118,16
2026-04-27 20:14:00,2.8073,2.8128,2.8068,2.8128,2.8123,2.8178,2.8118,2.8178,30
2026-04-27 20:15:00,2.8138,2.8138,2.8098,2.8118,2.8188,2.8188,2.8148,2.8168,29
2026-04-27 20:16:00,2.8123,2.8138,2.8098,2.8098,2.8173,2.8188,2.8148,2.8148,20
2026-04-27 20:17:00,2.8093,2.8098,2.8078,2.8078,2.8143,2.8148,2.8128,2.8128,26
2026-04-27 20:18:00,2.8083,2.8098,2.8078,2.8078,2.8133,2.8148,2.8128,2.8128,19
2026-04-27 20:19:00,2.8068,2.8068,2.8053,2.8058,2.8118,2.8118,2.8103,2.8108,11
2026-04-27 20:20:00,2.8063,2.8078,2.8038,2.8048,2.8113,2.8128,2.8088,2.8098,19
2026-04-27 20:21:00,2.8038,2.8058,2.8038,2.8043,2.8088,2.8108,2.8088,2.8093,20
2026-04-27 20:22:00,2.8048,2.8058,2.8028,2.8038,2.8098,2.8108,2.8078,2.8088,12
2026-04-27 20:23:00,2.8028,2.8028,2.8008,2.8018,2.8078,2.8078,2.8058,2.8068,22
2026-04-27 20:24:00,2.8013,2.8018,2.7928,2.7933,2.8063,2.8068,2.7978,2.7983,70
2026-04-27 20:25:00,2.7938,2.7998,2.7928,2.7973,2.7988,2.8048,2.7978,2.8023,65
2026-04-27 20:26:00,2.7978,2.7978,2.7963,2.7963,2.8028,2.8028,2.8013,2.8013,38
2026-04-27 20:27:00,2.7953,2.7968,2.7928,2.7938,2.8003,2.8018,2.7978,2.7988,67
2026-04-27 20:28:00,2.7948,2.7948,2.7738,2.7758,2.7998,2.7998,2.7788,2.7808,180
2026-04-27 20:29:00,2.7753,2.7778,2.7718,2.7728,2.7803,2.7828,2.7768,2.7778,151
2026-04-27 20:30:00,2.7738,2.7788,2.7718,2.7768,2.7788,2.7838,2.7768,2.7818,37
2026-04-27 20:31:00,2.7773,2.7798,2.7753,2.7798,2.7823,2.7848,2.7803,2.7848,24
2026-04-27 20:32:00,2.7793,2.7838,2.7778,2.7838,2.7843,2.7888,2.7828,2.7888,19
2026-04-27 20:33:00,2.7833,2.7848,2.7818,2.7843,2.7883,2.7898,2.7868,2.7893,27
2026-04-27 20:34:00,2.7838,2.7848,2.7838,2.7838,2.7888,2.7898,2.7888,2.7888,12
2026-04-27 20:35:00,2.7848,2.7858,2.7838,2.7848,2.7898,2.7908,2.7888,2.7898,21
2026-04-27 20:36:00,2.7843,2.7848,2.7838,2.7848,2.7893,2.7898,2.7888,2.7898,20
2026-04-27 20:37:00,2.7843,2.7858,2.7838,2.7848,2.7893,2.7908,2.7888,2.7898,25
2026-04-27 20:38:00,2.7843,2.7848,2.7818,2.7823,2.7893,2.7898,2.7868,2.7873,10
2026-04-27 20:39:00,2.7818,2.7823,2.7798,2.7808,2.7868,2.7873,2.7848,2.7858,15
2026-04-27 20:40:00,2.7803,2.7803,2.7778,2.7778,2.7853,2.7853,2.7828,2.7828,6
2026-04-27 20:41:00,2.7783,2.7808,2.7783,2.7798,2.7833,2.7858,2.7833,2.7848,11
2026-04-27 20:42:00,2.7803,2.7808,2.7798,2.7808,2.7853,2.7858,2.7848,2.7858,9
2026-04-27 20:43:00,2.7813,2.7828,2.7813,2.7828,2.7863,2.7878,2.7863,2.7878,7
2026-04-27 20:44:00,2.7823,2.7828,2.7818,2.7818,2.7873,2.7878,2.7868,2.7868,13
2026-04-27 20:45:00,2.7823,2.7823,2.7808,2.7818,2.7873,2.7873,2.7858,2.7868,8
2026-04-27 20:46:00,2.7823,2.7828,2.7818,2.7828,2.7873,2.7878,2.7868,2.7878,3
2026-04-27 20:47:00,2.7838,2.7838,2.7833,2.7838,2.7888,2.7888,2.7883,2.7888,3
2026-04-27 20:48:00,2.7848,2.7848,2.7828,2.7828,2.7898,2.7898,2.7878,2.7878,3
2026-04-27 20:49:00,2.7838,2.7838,2.7828,2.7828,2.7888,2.7888,2.7878,2.7878,2
2026-04-27 20:50:00,2.7833,2.7838,2.7818,2.7818,2.7883,2.7888,2.7868,2.7868,6
2026-04-27 20:51:00,2.7823,2.7848,2.7818,2.7838,2.7873,2.7898,2.7868,2.7888,13
2026-04-27 20:52:00,2.7843,2.7848,2.7838,2.7838,2.7893,2.7898,2.7888,2.7888,4
2026-04-27 20:53:00,2.7848,2.7868,2.7843,2.7858,2.7898,2.7918,2.7893,2.7908,11
2026-04-27 20:54:00,2.7868,2.7868,2.7858,2.7868,2.7918,2.7918,2.7908,2.7918,3
2026-04-27 20:55:00,2.7858,2.7868,2.7858,2.7868,2.7908,2.7918,2.7908,2.7918,5
2026-04-27 20:56:00,2.7873,2.7878,2.7868,2.7868,2.7923,2.7928,2.7918,2.7918,7
2026-04-27 20:57:00,2.7858,2.7868,2.7848,2.7858,2.7908,2.7918,2.7898,2.7908,7
2026-04-27 20:58:00,2.7853,2.7858,2.7848,2.7858,2.7903,2.7908,2.7898,2.7908,3
2026-04-27 20:59:00,2.7853,2.7858,2.7838,2.7858,2.7903,2.7908,2.7888,2.7908,7
2026-04-27 21:00:00,2.7853,2.7858,2.7848,2.7848,2.7903,2.7908,2.7898,2.7898,14
2026-04-27 21:01:00,2.7858,2.7868,2.7858,2.7858,2.7908,2.7918,2.7908,2.7908,7
2026-04-27 21:02:00,2.7848,2.7848,2.7838,2.7843,2.7898,2.7898,2.7888,2.7893,3
2026-04-27 21:03:00,2.7848,2.7848,2.7828,2.7833,2.7898,2.7898,2.7878,2.7883,5
2026-04-27 21:04:00,2.7838,2.7848,2.7828,2.7833,2.7888,2.7898,2.7878,2.7883,8
2026-04-27 21:05:00,2.7828,2.7828,2.7818,2.7818,2.7878,2.7878,2.7868,2.7868,6
2026-04-27 21:06:00,2.7828,2.7828,2.7818,2.7818,2.7878,2.7878,2.7868,2.7868,3
2026-04-27 21:07:00,2.7808,2.7808,2.7808,2.7808,2.7858,2.7858,2.7858,2.7858,1
2026-04-27 21:08:00,2.7818,2.7818,2.7808,2.7813,2.7868,2.7868,2.7858,2.7863,3
2026-04-27 21:09:00,2.7818,2.7818,2.7808,2.7813,2.7868,2.7868,2.7858,2.7863,5
2026-04-27 21:10:00,2.7808,2.7813,2.7808,2.7808,2.7858,2.7863,2.7858,2.7858,3
2026-04-27 21:11:00,2.7813,2.7818,2.7813,2.7818,2.7863,2.7868,2.7863,2.7868,2
2026-04-27 21:12:00,2.7808,2.7818,2.7808,2.7808,2.7858,2.7868,2.7858,2.7858,4
2026-04-27 21:13:00,2.7813,2.7813,2.7808,2.7808,2.7863,2.7863,2.7858,2.7858,4
2026-04-27 21:14:00,2.7798,2.7818,2.7798,2.7818,2.7848,2.7868,2.7848,2.7868,5
2026-04-27 21:15:00,2.7808,2.7808,2.7808,2.7808,2.7858,2.7858,2.7858,2.7858,1
2026-04-27 21:16:00,2.7818,2.7818,2.7818,2.7818,2.7868,2.7868,2.7868,2.7868,1
2026-04-27 21:17:00,2.7823,2.7828,2.7823,2.7828,2.7873,2.7878,2.7873,2.7878,2
2026-04-27 21:20:00,2.7823,2.7828,2.7818,2.7828,2.7873,2.7878,2.7868,2.7878,6
2026-04-27 21:21:00,2.7818,2.7818,2.7818,2.7818,2.7868,2.7868,2.7868,2.7868,1
2026-04-27 21:22:00,2.7813,2.7813,2.7798,2.7808,2.7863,2.7863,2.7848,2.7858,4
2026-04-27 21:23:00,2.7818,2.7848,2.7818,2.7848,2.7868,2.7898,2.7868,2.7898,6
2026-04-27 21:24:00,2.7843,2.7848,2.7838,2.7848,2.7893,2.7898,2.7888,2.7898,7
2026-04-27 21:26:00,2.7843,2.7843,2.7838,2.7838,2.7893,2.7893,2.7888,2.7888,2
2026-04-27 21:27:00,2.7828,2.7828,2.7828,2.7828,2.7878,2.7878,2.7878,2.7878,1
2026-04-27 21:29:00,2.7838,2.7838,2.7833,2.7838,2.7888,2.7888,2.7883,2.7888,3
2026-04-27 21:30:00,2.7833,2.7833,2.7828,2.7828,2.7883,2.7883,2.7878,2.7878,2
2026-04-27 21:32:00,2.7818,2.7818,2.7818,2.7818,2.7868,2.7868,2.7868,2.7868,1
2026-04-27 21:34:00,2.7828,2.7828,2.7818,2.7818,2.7878,2.7878,2.7868,2.7868,2
2026-04-27 21:35:00,2.7823,2.7828,2.7818,2.7818,2.7873,2.7878,2.7868,2.7868,3
2026-04-27 21:36:00,2.7828,2.7833,2.7828,2.7828,2.7878,2.7883,2.7878,2.7878,5
2026-04-27 21:37:00,2.7833,2.7838,2.7833,2.7838,2.7883,2.7888,2.7883,2.7888,4
2026-04-27 21:38:00,2.7833,2.7838,2.7828,2.7838,2.7883,2.7888,2.7878,2.7888,4
2026-04-27 21:39:00,2.7833,2.7838,2.7828,2.7828,2.7883,2.7888,2.7878,2.7878,7
2026-04-27 21:41:00,2.7823,2.7823,2.7823,2.7823,2.7873,2.7873,2.7873,2.7873,1
2026-04-27 21:42:00,2.7808,2.7818,2.7808,2.7818,2.7858,2.7868,2.7858,2.7868,4
2026-04-27 21:44:00,2.7828,2.7828,2.7818,2.7818,2.7878,2.7878,2.7868,2.7868,2
2026-04-27 21:45:00,2.7823,2.7828,2.7798,2.7818,2.7873,2.7878,2.7848,2.7868,16
2026-04-27 21:46:00,2.7828,2.7828,2.7818,2.7818,2.7878,2.7878,2.7868,2.7868,7
2026-04-27 21:47:00,2.7823,2.7828,2.7818,2.7828,2.7873,2.7878,2.7868,2.7878,5
2026-04-27 21:48:00,2.7838,2.7838,2.7828,2.7828,2.7888,2.7888,2.7878,2.7878,8
2026-04-27 21:49:00,2.7818,2.7828,2.7818,2.7818,2.7868,2.7878,2.7868,2.7868,13
2026-04-27 21:50:00,2.7813,2.7813,2.7808,2.7808,2.7863,2.7863,2.7858,2.7858,2
2026-04-27 21:51:00,2.7803,2.7813,2.7798,2.7808,2.7853,2.7863,2.7848,2.7858,5
2026-04-27 21:52:00,2.7803,2.7803,2.7793,2.7798,2.7853,2.7853,2.7843,2.7848,3
2026-04-27 21:54:00,2.7803,2.7808,2.7798,2.7803,2.7853,2.7858,2.7848,2.7853,6
2026-04-27 21:55:00,2.7808,2.7818,2.7788,2.7813,2.7858,2.7868,2.7838,2.7863,8
2026-04-27 21:56:00,2.7808,2.7808,2.7808,2.7808,2.7858,2.7858,2.7858,2.7858,1
2026-04-27 21:57:00,2.7798,2.7808,2.7788,2.7798,2.7848,2.7858,2.7838,2.7848,7
2026-04-27 21:58:00,2.7803,2.7808,2.7798,2.7798,2.7853,2.7858,2.7848,2.7848,7
2026-04-27 21:59:00,2.7808,2.7808,2.7778,2.7788,2.7858,2.7858,2.7828,2.7838,11
2026-04-27 22:00:00,2.7798,2.7798,2.7778,2.7778,2.7848,2.7848,2.7828,2.7828,13
2026-04-27 22:01:00,2.7788,2.7788,2.7778,2.7778,2.7838,2.7838,2.7828,2.7828,5
2026-04-27 22:02:00,2.7783,2.7788,2.7778,2.7778,2.7833,2.7838,2.7828,2.7828,8
2026-04-27 22:04:00,2.7788,2.7788,2.7783,2.7783,2.7838,2.7838,2.7833,2.7833,2
2026-04-27 22:05:00,2.7778,2.7788,2.7778,2.7788,2.7828,2.7838,2.7828,2.7838,2
2026-04-27 22:06:00,2.7793,2.7793,2.7778,2.7783,2.7843,2.7843,2.7828,2.7833,5
2026-04-27 22:07:00,2.7788,2.7788,2.7738,2.7738,2.7838,2.7838,2.7788,2.7788,20
2026-04-27 22:08:00,2.7748,2.7748,2.7738,2.7738,2.7798,2.7798,2.7788,2.7788,5
2026-04-27 22:09:00,2.7743,2.7748,2.7743,2.7748,2.7793,2.7798,2.7793,2.7798,2
2026-04-27 22:10:00,2.7738,2.7748,2.7738,2.7748,2.7788,2.7798,2.7788,2.7798,9
2026-04-27 22:11:00,2.7743,2.7748,2.7743,2.7748,2.7793,2.7798,2.7793,2.7798,2
2026-04-27 22:12:00,2.7738,2.7738,2.7738,2.7738,2.7788,2.7788,2.7788,2.7788,1
2026-04-27 22:13:00,2.7728,2.7748,2.7728,2.7748,2.7778,2.7798,2.7778,2.7798,5
2026-04-27 22:14:00,2.7738,2.7758,2.7738,2.7748,2.7788,2.7808,2.7788,2.7798,6
2026-04-27 22:15:00,2.7743,2.7743,2.7738,2.7738,2.7793,2.7793,2.7788,2.7788,2
2026-04-27 22:16:00,2.7748,2.7748,2.7743,2.7748,2.7798,2.7798,2.7793,2.7798,3
2026-04-27 22:18:00,2.7738,2.7758,2.7738,2.7743,2.7788,2.7808,2.7788,2.7793,9
2026-04-27 22:19:00,2.7748,2.7748,2.7738,2.7748,2.7798,2.7798,2.7788,2.7798,14
2026-04-27 22:20:00,2.7743,2.7753,2.7743,2.7753,2.7793,2.7803,2.7793,2.7803,7
2026-04-27 22:21:00,2.7758,2.7768,2.7758,2.7768,2.7808,2.7818,2.7808,2.7818,3
2026-04-27 22:24:00,2.7763,2.7763,2.7748,2.7758,2.7813,2.7813,2.7798,2.7808,8
2026-04-27 22:25:00,2.7753,2.7758,2.7748,2.7748,2.7803,2.7808,2.7798,2.7798,4
2026-04-27 22:26:00,2.7753,2.7758,2.7738,2.7748,2.7803,2.7808,2.7788,2.7798,10
2026-04-27 22:27:00,2.7743,2.7743,2.7733,2.7738,2.7793,2.7793,2.7783,2.7788,6
2026-04-27 22:28:00,2.7748,2.7758,2.7748,2.7758,2.7798,2.7808,2.7798,2.7808,7
2026-04-27 22:29:00,2.7753,2.7768,2.7748,2.7768,2.7803,2.7818,2.7798,2.7818,10
2026-04-27 22:30:00,2.7763,2.7763,2.7758,2.7763,2.7813,2.7813,2.7808,2.7813,3
2026-04-27 22:31:00,2.7773,2.7778,2.7768,2.7768,2.7823,2.7828,2.7818,2.7818,4
2026-04-27 22:32:00,2.7773,2.7778,2.7773,2.7778,2.7823,2.7828,2.7823,2.7828,2
2026-04-27 22:33:00,2.7783,2.7788,2.7778,2.7788,2.7833,2.7838,2.7828,2.7838,4
2026-04-27 22:34:00,2.7778,2.7783,2.7778,2.7783,2.7828,2.7833,2.7828,2.7833,4
2026-04-27 22:35:00,2.7778,2.7788,2.7778,2.7788,2.7828,2.7838,2.7828,2.7838,4
2026-04-27 22:36:00,2.7783,2.7813,2.7783,2.7808,2.7833,2.7863,2.7833,2.7858,18
2026-04-27 22:37:00,2.7798,2.7808,2.7798,2.7803,2.7848,2.7858,2.7848,2.7853,12
2026-04-27 22:38:00,2.7798,2.7808,2.7798,2.7808,2.7848,2.7858,2.7848,2.7858,5
2026-04-27 22:40:00,2.7803,2.7803,2.7798,2.7798,2.7853,2.7853,2.7848,2.7848,2
2026-04-27 22:41:00,2.7808,2.7808,2.7803,2.7803,2.7858,2.7858,2.7853,2.7853,2
2026-04-27 22:42:00,2.7798,2.7818,2.7798,2.7798,2.7848,2.7868,2.7848,2.7848,5
2026-04-27 22:43:00,2.7793,2.7808,2.7793,2.7803,2.7843,2.7858,2.7843,2.7853,7
2026-04-27 22:44:00,2.7798,2.7803,2.7798,2.7798,2.7848,2.7853,2.7848,2.7848,3
2026-04-27 22:45:00,2.7803,2.7808,2.7803,2.7808,2.7853,2.7858,2.7853,2.7858,4
2026-04-27 22:46:00,2.7803,2.7808,2.7798,2.7803,2.7853,2.7858,2.7848,2.7853,8
2026-04-27 22:47:00,2.7808,2.7828,2.7798,2.7803,2.7858,2.7878,2.7848,2.7853,8
2026-04-27 22:48:00,2.7808,2.7808,2.7803,2.7808,2.7858,2.7858,2.7853,2.7858,3
2026-04-27 22:49:00,2.7803,2.7803,2.7783,2.7798,2.7853,2.7853,2.7833,2.7848,7
2026-04-27 22:50:00,2.7793,2.7798,2.7788,2.7788,2.7843,2.7848,2.7838,2.7838,4
2026-04-27 22:51:00,2.7798,2.7798,2.7788,2.7798,2.7848,2.7848,2.7838,2.7848,13
2026-04-27 22:52:00,2.7808,2.7808,2.7808,2.7808,2.7858,2.7858,2.7858,2.7858,1
2026-04-27 22:53:00,2.7803,2.7808,2.7798,2.7798,2.7853,2.7858,2.7848,2.7848,3
2026-04-27 22:54:00,2.7793,2.7793,2.7788,2.7788,2.7843,2.7843,2.7838,2.7838,2
2026-04-27 22:56:00,2.7778,2.7788,2.7778,2.7788,2.7828,2.7838,2.7828,2.7838,2
2026-04-27 22:57:00,2.7783,2.7788,2.7778,2.7778,2.7833,2.7838,2.7828,2.7828,6
2026-04-27 22:58:00,2.7783,2.7818,2.7778,2.7808,2.7833,2.7868,2.7828,2.7858,18
2026-04-27 22:59:00,2.7803,2.7901,2.7798,2.7901,2.7853,2.7951,2.7848,2.7951,4
2026-04-28 00:00:00,2.7896,2.7921,2.7896,2.7921,2.7946,2.7971,2.7946,2.7971,16
2026-04-28 00:01:00,2.7916,2.7916,2.7871,2.7871,2.7966,2.7966,2.7921,2.7921,7
2026-04-28 00:02:00,2.7866,2.7866,2.7841,2.7856,2.7916,2.7916,2.7891,2.7906,12
2026-04-28 00:03:00,2.7861,2.7871,2.7856,2.7871,2.7911,2.7921,2.7906,2.7921,6
2026-04-28 00:04:00,2.7866,2.7866,2.7856,2.7861,2.7916,2.7916,2.7906,2.7911,3
2026-04-28 00:05:00,2.7856,2.7856,2.7846,2.7846,2.7906,2.7906,2.7896,2.7896,7
2026-04-28 00:06:00,2.7841,2.7841,2.7831,2.7841,2.7891,2.7891,2.7881,2.7891,4
2026-04-28 00:07:00,2.7836,2.7841,2.7836,2.7841,2.7886,2.7891,2.7886,2.7891,4
2026-04-28 00:08:00,2.7836,2.7836,2.7831,2.7831,2.7886,2.7886,2.7881,2.7881,2
2026-04-28 00:09:00,2.7841,2.7841,2.7841,2.7841,2.7891,2.7891,2.7891,2.7891,1
2026-04-28 00:10:00,2.7851,2.7851,2.7841,2.7851,2.7901,2.7901,2.7891,2.7901,3
2026-04-28 00:11:00,2.7841,2.7846,2.7841,2.7841,2.7891,2.7896,2.7891,2.7891,3
2026-04-28 00:12:00,2.7831,2.7831,2.7821,2.7826,2.7881,2.7881,2.7871,2.7876,4
2026-04-28 00:13:00,2.7821,2.7821,2.7821,2.7821,2.7871,2.7871,2.7871,2.7871,1
2026-04-28 00:14:00,2.7836,2.7841,2.7836,2.7836,2.7886,2.7891,2.7886,2.7886,3
2026-04-28 00:15:00,2.7831,2.7831,2.7831,2.7831,2.7881,2.7881,2.7881,2.7881,1
2026-04-28 00:17:00,2.7821,2.7831,2.7821,2.7831,2.7871,2.7881,2.7871,2.7881,6
2026-04-28 00:19:00,2.7836,2.7836,2.7836,2.7836,2.7886,2.7886,2.7886,2.7886,1
2026-04-28 00:20:00,2.7831,2.7836,2.7831,2.7836,2.7881,2.7886,2.7881,2.7886,2
2026-04-28 00:22:00,2.7841,2.7841,2.7831,2.7831,2.7891,2.7891,2.7881,2.7881,3
2026-04-28 00:24:00,2.7836,2.7841,2.7836,2.7841,2.7886,2.7891,2.7886,2.7891,2
2026-04-28 00:25:00,2.7846,2.7846,2.7846,2.7846,2.7896,2.7896,2.7896,2.7896,1
2026-04-28 00:27:00,2.7851,2.7851,2.7846,2.7846,2.7901,2.7901,2.7896,2.7896,2
2026-04-28 00:28:00,2.7841,2.7841,2.7841,2.7841,2.7891,2.7891,2.7891,2.7891,1
2026-04-28 00:29:00,2.7846,2.7846,2.7846,2.7846,2.7896,2.7896,2.7896,2.7896,1
2026-04-28 00:30:00,2.7841,2.7841,2.7821,2.7821,2.7891,2.7891,2.7871,2.7871,3
2026-04-28 00:31:00,2.7826,2.7826,2.7826,2.7826,2.7876,2.7876,2.7876,2.7876,1
2026-04-28 00:33:00,2.7821,2.7831,2.7821,2.7831,2.7871,2.7881,2.7871,2.7881,2
2026-04-28 00:34:00,2.7836,2.7851,2.7836,2.7851,2.7886,2.7901,2.7886,2.7901,4
2026-04-28 00:36:00,2.7841,2.7851,2.7841,2.7851,2.7891,2.7901,2.7891,2.7901,2
2026-04-28 00:40:00,2.7861,2.7861,2.7861,2.7861,2.7911,2.7911,2.7911,2.7911,1
2026-04-28 00:45:00,2.7851,2.7851,2.7851,2.7851,2.7901,2.7901,2.7901,2.7901,1
2026-04-28 00:58:00,2.7846,2.7846,2.7831,2.7831,2.7896,2.7896,2.7881,2.7881,2
2026-04-28 00:59:00,2.7841,2.7841,2.7841,2.7841,2.7891,2.7891,2.7891,2.7891,1
2026-04-28 01:01:00,2.7851,2.7851,2.7851,2.7851,2.7901,2.7901,2.7901,2.7901,1
2026-04-28 01:02:00,2.7846,2.7851,2.7846,2.7851,2.7896,2.7901,2.7896,2.7901,2
2026-04-28 01:05:00,2.7846,2.7851,2.7846,2.7851,2.7896,2.7901,2.7896,2.7901,2
2026-04-28 01:08:00,2.7846,2.7851,2.7841,2.7841,2.7896,2.7901,2.7891,2.7891,5
2026-04-28 01:09:00,2.7836,2.7836,2.7836,2.7836,2.7886,2.7886,2.7886,2.7886,1
2026-04-28 01:13:00,2.7826,2.7826,2.7826,2.7826,2.7876,2.7876,2.7876,2.7876,1
2026-04-28 01:14:00,2.7821,2.7841,2.7821,2.7841,2.7871,2.7891,2.7871,2.7891,2
2026-04-28 01:20:00,2.7851,2.7851,2.7846,2.7846,2.7901,2.7901,2.7896,2.7896,2
2026-04-28 01:21:00,2.7851,2.7851,2.7841,2.7841,2.7901,2.7901,2.7891,2.7891,2
2026-04-28 01:25:00,2.7851,2.7851,2.7841,2.7841,2.7901,2.7901,2.7891,2.7891,5
2026-04-28 01:26:00,2.7831,2.7831,2.7831,2.7831,2.7881,2.7881,2.7881,2.7881,1
2026-04-28 01:27:00,2.7841,2.7841,2.7841,2.7841,2.7891,2.7891,2.7891,2.7891,1
2026-04-28 01:37:00,2.7836,2.7836,2.7836,2.7836,2.7886,2.7886,2.7886,2.7886,1
2026-04-28 01:39:00,2.7841,2.7841,2.7836,2.7836,2.7891,2.7891,2.7886,2.7886,2
2026-04-28 01:40:00,2.7841,2.7841,2.7841,2.7841,2.7891,2.7891,2.7891,2.7891,1
2026-04-28 01:41:00,2.7836,2.7836,2.7836,2.7836,2.7886,2.7886,2.7886,2.7886,1
2026-04-28 01:47:00,2.7841,2.7841,2.7841,2.7841,2.7891,2.7891,2.7891,2.7891,1
2026-04-28 01:48:00,2.7846,2.7846,2.7846,2.7846,2.7896,2.7896,2.7896,2.7896,1
2026-04-28 01:49:00,2.7851,2.7851,2.7851,2.7851,2.7901,2.7901,2.7901,2.7901,1
2026-04-28 01:50:00,2.7841,2.7846,2.7841,2.7846,2.7891,2.7896,2.7891,2.7896,2
2026-04-28 01:51:00,2.7841,2.7841,2.7836,2.7841,2.7891,2.7891,2.7886,2.7891,3
2026-04-28 01:55:00,2.7851,2.7851,2.7851,2.7851,2.7901,2.7901,2.7901,2.7901,1
2026-04-28 01:56:00,2.7841,2.7841,2.7841,2.7841,2.7891,2.7891,2.7891,2.7891,1
2026-04-28 01:57:00,2.7851,2.7851,2.7841,2.7841,2.7901,2.7901,2.7891,2.7891,3
2026-04-28 01:59:00,2.7836,2.7846,2.7836,2.7846,2.7886,2.7896,2.7886,2.7896,2
2026-04-28 02:00:00,2.7851,2.7851,2.7841,2.7841,2.7901,2.7901,2.7891,2.7891,5
2026-04-28 02:02:00,2.7836,2.7836,2.7831,2.7831,2.7886,2.7886,2.7881,2.7881,2
2026-04-28 02:03:00,2.7836,2.7841,2.7836,2.7841,2.7886,2.7891,2.7886,2.7891,2
2026-04-28 02:05:00,2.7836,2.7836,2.7831,2.7831,2.7886,2.7886,2.7881,2.7881,4
2026-04-28 02:06:00,2.7836,2.7851,2.7836,2.7851,2.7886,2.7901,2.7886,2.7901,2
2026-04-28 02:07:00,2.7846,2.7861,2.7846,2.7846,2.7896,2.7911,2.7896,2.7896,7
2026-04-28 02:08:00,2.7841,2.7851,2.7831,2.7836,2.7891,2.7901,2.7881,2.7886,6
2026-04-28 02:09:00,2.7831,2.7831,2.7811,2.7816,2.7881,2.7881,2.7861,2.7866,10
2026-04-28 02:10:00,2.7821,2.7821,2.7811,2.7811,2.7871,2.7871,2.7861,2.7861,3
2026-04-28 02:11:00,2.7801,2.7801,2.7801,2.7801,2.7851,2.7851,2.7851,2.7851,1
2026-04-28 02:13:00,2.7811,2.7811,2.7806,2.7806,2.7861,2.7861,2.7856,2.7856,4
2026-04-28 02:14:00,2.7811,2.7811,2.7791,2.7801,2.7861,2.7861,2.7841,2.7851,3
2026-04-28 02:15:00,2.7811,2.7811,2.7801,2.7801,2.7861,2.7861,2.7851,2.7851,3
2026-04-28 02:16:00,2.7796,2.7801,2.7791,2.7791,2.7846,2.7851,2.7841,2.7841,8
2026-04-28 02:17:00,2.7796,2.7796,2.7791,2.7791,2.7846,2.7846,2.7841,2.7841,2
2026-04-28 02:19:00,2.7796,2.7811,2.7796,2.7811,2.7846,2.7861,2.7846,2.7861,4
2026-04-28 02:20:00,2.7806,2.7806,2.7801,2.7801,2.7856,2.7856,2.7851,2.7851,2
2026-04-28 02:22:00,2.7811,2.7811,2.7801,2.7801,2.7861,2.7861,2.7851,2.7851,3
2026-04-28 02:23:00,2.7796,2.7796,2.7796,2.7796,2.7846,2.7846,2.7846,2.7846,1
2026-04-28 02:24:00,2.7801,2.7801,2.7791,2.7791,2.7851,2.7851,2.7841,2.7841,3
2026-04-28 02:25:00,2.7796,2.7796,2.7796,2.7796,2.7846,2.7846,2.7846,2.7846,1
2026-04-28 02:26:00,2.7801,2.7801,2.7796,2.7801,2.7851,2.7851,2.7846,2.7851,3
2026-04-28 02:27:00,2.7811,2.7811,2.7801,2.7811,2.7861,2.7861,2.7851,2.7861,3
2026-04-28 02:28:00,2.7806,2.7811,2.7801,2.7801,2.7856,2.7861,2.7851,2.7851,5
2026-04-28 02:29:00,2.7796,2.7796,2.7796,2.7796,2.7846,2.7846,2.7846,2.7846,1
2026-04-28 02:30:00,2.7801,2.7801,2.7771,2.7771,2.7851,2.7851,2.7821,2.7821,5
2026-04-28 02:31:00,2.7761,2.7781,2.7761,2.7771,2.7811,2.7831,2.7811,2.7821,11
2026-04-28 02:32:00,2.7761,2.7761,2.7761,2.7761,2.7811,2.7811,2.7811,2.7811,1
2026-04-28 02:36:00,2.7756,2.7756,2.7751,2.7751,2.7806,2.7806,2.7801,2.7801,2
2026-04-28 02:38:00,2.7741,2.7751,2.7741,2.7741,2.7791,2.7801,2.7791,2.7791,4
2026-04-28 02:40:00,2.7751,2.7751,2.7731,2.7731,2.7801,2.7801,2.7781,2.7781,3
2026-04-28 02:41:00,2.7741,2.7741,2.7741,2.7741,2.7791,2.7791,2.7791,2.7791,1
2026-04-28 02:42:00,2.7736,2.7741,2.7736,2.7741,2.7786,2.7791,2.7786,2.7791,4
2026-04-28 02:43:00,2.7731,2.7736,2.7731,2.7731,2.7781,2.7786,2.7781,2.7781,3
2026-04-28 02:46:00,2.7726,2.7731,2.7721,2.7731,2.7776,2.7781,2.7771,2.7781,3
2026-04-28 02:47:00,2.7726,2.7731,2.7726,2.7731,2.7776,2.7781,2.7776,2.7781,2
2026-04-28 02:49:00,2.7726,2.7731,2.7726,2.7731,2.7776,2.7781,2.7776,2.7781,2
2026-04-28 02:53:00,2.7736,2.7751,2.7731,2.7741,2.7786,2.7801,2.7781,2.7791,7
2026-04-28 02:54:00,2.7746,2.7751,2.7736,2.7751,2.7796,2.7801,2.7786,2.7801,7
2026-04-28 02:55:00,2.7746,2.7746,2.7746,2.7746,2.7796,2.7796,2.7796,2.7796,1
2026-04-28 02:56:00,2.7751,2.7771,2.7751,2.7771,2.7801,2.7821,2.7801,2.7821,6
2026-04-28 02:57:00,2.7761,2.7771,2.7761,2.7761,2.7811,2.7821,2.7811,2.7811,3
2026-04-28 02:58:00,2.7771,2.7771,2.7771,2.7771,2.7821,2.7821,2.7821,2.7821,1
2026-04-28 02:59:00,2.7761,2.7771,2.7761,2.7766,2.7811,2.7821,2.7811,2.7816,5
2026-04-28 03:00:00,2.7761,2.7811,2.7756,2.7806,2.7811,2.7861,2.7806,2.7856,21
2026-04-28 03:01:00,2.7811,2.7836,2.7806,2.7826,2.7861,2.7886,2.7856,2.7876,7
2026-04-28 03:02:00,2.7821,2.7831,2.7821,2.7826,2.7871,2.7881,2.7871,2.7876,6
2026-04-28 03:03:00,2.7821,2.7821,2.7806,2.7806,2.7871,2.7871,2.7856,2.7856,5
2026-04-28 03:04:00,2.7801,2.7801,2.7791,2.7801,2.7851,2.7851,2.7841,2.7851,5
2026-04-28 03:05:00,2.7791,2.7801,2.7791,2.7796,2.7841,2.7851,2.7841,2.7846,6
2026-04-28 03:06:00,2.7801,2.7801,2.7791,2.7796,2.7851,2.7851,2.7841,2.7846,4
2026-04-28 03:07:00,2.7791,2.7791,2.7781,2.7791,2.7841,2.7841,2.7831,2.7841,3
2026-04-28 03:08:00,2.7786,2.7791,2.7786,2.7791,2.7836,2.7841,2.7836,2.7841,4
2026-04-28 03:09:00,2.7786,2.7791,2.7786,2.7791,2.7836,2.7841,2.7836,2.7841,4
2026-04-28 03:10:00,2.7786,2.7791,2.7786,2.7791,2.7836,2.7841,2.7836,2.7841,2
2026-04-28 03:11:00,2.7786,2.7786,2.7781,2.7781,2.7836,2.7836,2.7831,2.7831,2
2026-04-28 03:14:00,2.7791,2.7791,2.7791,2.7791,2.7841,2.7841,2.7841,2.7841,1
2026-04-28 03:15:00,2.7786,2.7786,2.7786,2.7786,2.7836,2.7836,2.7836,2.7836,1
2026-04-28 03:16:00,2.7791,2.7801,2.7791,2.7801,2.7841,2.7851,2.7841,2.7851,2
2026-04-28 03:17:00,2.7796,2.7796,2.7781,2.7781,2.7846,2.7846,2.7831,2.7831,3
2026-04-28 03:18:00,2.7771,2.7781,2.7771,2.7781,2.7821,2.7831,2.7821,2.7831,4
2026-04-28 03:19:00,2.7786,2.7791,2.7786,2.7791,2.7836,2.7841,2.7836,2.7841,2
2026-04-28 03:21:00,2.7786,2.7786,2.7786,2.7786,2.7836,2.7836,2.7836,2.7836,1
2026-04-28 03:22:00,2.7781,2.7781,2.7781,2.7781,2.7831,2.7831,2.7831,2.7831,1
2026-04-28 03:23:00,2.7791,2.7791,2.7791,2.7791,2.7841,2.7841,2.7841,2.7841,1
2026-04-28 03:24:00,2.7801,2.7801,2.7791,2.7791,2.7851,2.7851,2.7841,2.7841,3
2026-04-28 03:25:00,2.7786,2.7786,2.7786,2.7786,2.7836,2.7836,2.7836,2.7836,1
2026-04-28 03:26:00,2.7791,2.7791,2.7791,2.7791,2.7841,2.7841,2.7841,2.7841,1
2026-04-28 03:27:00,2.7771,2.7786,2.7771,2.7786,2.7821,2.7836,2.7821,2.7836,3
2026-04-28 03:28:00,2.7791,2.7791,2.7786,2.7786,2.7841,2.7841,2.7836,2.7836,2
2026-04-28 03:29:00,2.7781,2.7781,2.7776,2.7776,2.7831,2.7831,2.7826,2.7826,4
2026-04-28 03:30:00,2.7781,2.7781,2.7781,2.7781,2.7831,2.7831,2.7831,2.7831,1
2026-04-28 03:31:00,2.7791,2.7791,2.7791,2.7791,2.7841,2.7841,2.7841,2.7841,1
2026-04-28 03:32:00,2.7801,2.7801,2.7801,2.7801,2.7851,2.7851,2.7851,2.7851,1
2026-04-28 03:33:00,2.7811,2.7811,2.7801,2.7801,2.7861,2.7861,2.7851,2.7851,6
2026-04-28 03:34:00,2.7796,2.7796,2.7786,2.7791,2.7846,2.7846,2.7836,2.7841,4
2026-04-28 03:35:00,2.7781,2.7781,2.7781,2.7781,2.7831,2.7831,2.7831,2.7831,1
2026-04-28 03:36:00,2.7776,2.7776,2.7766,2.7766,2.7826,2.7826,2.7816,2.7816,5
2026-04-28 03:38:00,2.7771,2.7771,2.7756,2.7756,2.7821,2.7821,2.7806,2.7806,3
2026-04-28 03:39:00,2.7751,2.7751,2.7746,2.7746,2.7801,2.7801,2.7796,2.7796,4
2026-04-28 03:40:00,2.7751,2.7751,2.7746,2.7746,2.7801,2.7801,2.7796,2.7796,2
2026-04-28 03:41:00,2.7751,2.7751,2.7746,2.7746,2.7801,2.7801,2.7796,2.7796,2
2026-04-28 03:42:00,2.7741,2.7751,2.7741,2.7751,2.7791,2.7801,2.7791,2.7801,2
2026-04-28 03:43:00,2.7746,2.7746,2.7741,2.7741,2.7796,2.7796,2.7791,2.7791,2
2026-04-28 03:44:00,2.7736,2.7736,2.7736,2.7736,2.7786,2.7786,2.7786,2.7786,1
2026-04-28 03:45:00,2.7741,2.7741,2.7741,2.7741,2.7791,2.7791,2.7791,2.7791,1
2026-04-28 03:46:00,2.7751,2.7751,2.7746,2.7746,2.7801,2.7801,2.7796,2.7796,2
2026-04-28 03:47:00,2.7741,2.7741,2.7741,2.7741,2.7791,2.7791,2.7791,2.7791,1
2026-04-28 03:48:00,2.7746,2.7746,2.7731,2.7741,2.7796,2.7796,2.7781,2.7791,4
2026-04-28 03:49:00,2.7751,2.7761,2.7746,2.7761,2.7801,2.7811,2.7796,2.7811,5
2026-04-28 03:50:00,2.7771,2.7771,2.7771,2.7771,2.7821,2.7821,2.7821,2.7821,1
2026-04-28 03:52:00,2.7766,2.7771,2.7766,2.7771,2.7816,2.7821,2.7816,2.7821,2
2026-04-28 03:54:00,2.7776,2.7786,2.7771,2.7781,2.7826,2.7836,2.7821,2.7831,8
2026-04-28 03:55:00,2.7791,2.7791,2.7781,2.7786,2.7841,2.7841,2.7831,2.7836,6
2026-04-28 03:56:00,2.7791,2.7791,2.7771,2.7771,2.7841,2.7841,2.7821,2.7821,4
2026-04-28 03:57:00,2.7766,2.7781,2.7766,2.7776,2.7816,2.7831,2.7816,2.7826,8
2026-04-28 03:59:00,2.7771,2.7771,2.7766,2.7771,2.7821,2.7821,2.7816,2.7821,5
2026-04-28 04:00:00,2.7781,2.7781,2.7781,2.7781,2.7831,2.7831,2.7831,2.7831,1
2026-04-28 04:02:00,2.7776,2.7781,2.7776,2.7781,2.7826,2.7831,2.7826,2.7831,2
2026-04-28 04:03:00,2.7776,2.7791,2.7776,2.7791,2.7826,2.7841,2.7826,2.7841,4
2026-04-28 04:04:00,2.7786,2.7791,2.7776,2.7776,2.7836,2.7841,2.7826,2.7826,4
2026-04-28 04:05:00,2.7771,2.7781,2.7771,2.7776,2.7821,2.7831,2.7821,2.7826,3
2026-04-28 04:06:00,2.7771,2.7786,2.7771,2.7786,2.7821,2.7836,2.7821,2.7836,6
2026-04-28 04:07:00,2.7801,2.7801,2.7801,2.7801,2.7851,2.7851,2.7851,2.7851,1
2026-04-28 04:08:00,2.7791,2.7791,2.7781,2.7781,2.7841,2.7841,2.7831,2.7831,3
2026-04-28 04:11:00,2.7786,2.7786,2.7786,2.7786,2.7836,2.7836,2.7836,2.7836,1
2026-04-28 04:12:00,2.7791,2.7791,2.7791,2.7791,2.7841,2.7841,2.7841,2.7841,1
2026-04-28 04:13:00,2.7786,2.7786,2.7786,2.7786,2.7836,2.7836,2.7836,2.7836,1
2026-04-28 04:14:00,2.7781,2.7786,2.7781,2.7786,2.7831,2.7836,2.7831,2.7836,2
2026-04-28 04:16:00,2.7791,2.7791,2.7791,2.7791,2.7841,2.7841,2.7841,2.7841,1
2026-04-28 04:17:00,2.7786,2.7791,2.7786,2.7786,2.7836,2.7841,2.7836,2.7836,3
2026-04-28 04:18:00,2.7781,2.7781,2.7771,2.7771,2.7831,2.7831,2.7821,2.7821,3
2026-04-28 04:19:00,2.7776,2.7781,2.7776,2.7776,2.7826,2.7831,2.7826,2.7826,3
2026-04-28 04:20:00,2.7781,2.7781,2.7781,2.7781,2.7831,2.7831,2.7831,2.7831,1
2026-04-28 04:21:00,2.7786,2.7786,2.7786,2.7786,2.7836,2.7836,2.7836,2.7836,1
2026-04-28 04:22:00,2.7791,2.7791,2.7776,2.7781,2.7841,2.7841,2.7826,2.7831,6
2026-04-28 04:23:00,2.7786,2.7786,2.7786,2.7786,2.7836,2.7836,2.7836,2.7836,1
2026-04-28 04:24:00,2.7791,2.7791,2.7791,2.7791,2.7841,2.7841,2.7841,2.7841,1
2026-04-28 04:26:00,2.7786,2.7786,2.7786,2.7786,2.7836,2.7836,2.7836,2.7836,1
2026-04-28 04:27:00,2.7781,2.7781,2.7781,2.7781,2.7831,2.7831,2.7831,2.7831,1
2026-04-28 04:29:00,2.7776,2.7781,2.7776,2.7776,2.7826,2.7831,2.7826,2.7826,13
2026-04-28 04:30:00,2.7771,2.7781,2.7771,2.7781,2.7821,2.7831,2.7821,2.7831,2
2026-04-28 04:32:00,2.7771,2.7781,2.7771,2.7776,2.7821,2.7831,2.7821,2.7826,4
2026-04-28 04:33:00,2.7781,2.7781,2.7781,2.7781,2.7831,2.7831,2.7831,2.7831,1
2026-04-28 04:36:00,2.7776,2.7776,2.7776,2.7776,2.7826,2.7826,2.7826,2.7826,1
2026-04-28 04:37:00,2.7781,2.7781,2.7776,2.7776,2.7831,2.7831,2.7826,2.7826,6
2026-04-28 04:39:00,2.7771,2.7781,2.7771,2.7781,2.7821,2.7831,2.7821,2.7831,2
2026-04-28 04:40:00,2.7776,2.7776,2.7776,2.7776,2.7826,2.7826,2.7826,2.7826,1
2026-04-28 04:41:00,2.7781,2.7781,2.7781,2.7781,2.7831,2.7831,2.7831,2.7831,1
2026-04-28 04:43:00,2.7776,2.7776,2.7776,2.7776,2.7826,2.7826,2.7826,2.7826,1
2026-04-28 04:44:00,2.7781,2.7781,2.7776,2.7781,2.7831,2.7831,2.7826,2.7831,3
2026-04-28 04:45:00,2.7776,2.7776,2.7776,2.7776,2.7826,2.7826,2.7826,2.7826,1
2026-04-28 04:48:00,2.7771,2.7791,2.7771,2.7781,2.7821,2.7841,2.7821,2.7831,6
2026-04-28 04:50:00,2.7776,2.7776,2.7776,2.7776,2.7826,2.7826,2.7826,2.7826,1
2026-04-28 04:51:00,2.7786,2.7791,2.7786,2.7791,2.7836,2.7841,2.7836,2.7841,2
2026-04-28 04:52:00,2.7786,2.7786,2.7786,2.7786,2.7836,2.7836,2.7836,2.7836,1
2026-04-28 04:53:00,2.7776,2.7776,2.7776,2.7776,2.7826,2.7826,2.7826,2.7826,1
2026-04-28 04:54:00,2.7771,2.7771,2.7761,2.7761,2.7821,2.7821,2.7811,2.7811,6
2026-04-28 04:55:00,2.7766,2.7766,2.7766,2.7766,2.7816,2.7816,2.7816,2.7816,1
2026-04-28 04:56:00,2.7771,2.7776,2.7771,2.7776,2.7821,2.7826,2.7821,2.7826,2
2026-04-28 04:57:00,2.7781,2.7786,2.7781,2.7786,2.7831,2.7836,2.7831,2.7836,2
2026-04-28 04:58:00,2.7781,2.7781,2.7781,2.7781,2.7831,2.7831,2.7831,2.7831,1
2026-04-28 04:59:00,2.7786,2.7791,2.7786,2.7786,2.7836,2.7841,2.7836,2.7836,7
2026-04-28 05:01:00,2.7796,2.7796,2.7796,2.7796,2.7846,2.7846,2.7846,2.7846,1
2026-04-28 05:02:00,2.7791,2.7791,2.7786,2.7786,2.7841,2.7841,2.7836,2.7836,2
2026-04-28 05:03:00,2.7781,2.7781,2.7766,2.7766,2.7831,2.7831,2.7816,2.7816,6
2026-04-28 05:04:00,2.7771,2.7791,2.7761,2.7771,2.7821,2.7841,2.7811,2.7821,9
2026-04-28 05:05:00,2.7776,2.7776,2.7771,2.7771,2.7826,2.7826,2.7821,2.7821,2
2026-04-28 05:06:00,2.7766,2.7771,2.7766,2.7771,2.7816,2.7821,2.7816,2.7821,2
2026-04-28 05:08:00,2.7781,2.7781,2.7771,2.7771,2.7831,2.7831,2.7821,2.7821,2
2026-04-28 05:09:00,2.7761,2.7761,2.7761,2.7761,2.7811,2.7811,2.7811,2.7811,1
2026-04-28 05:10:00,2.7766,2.7766,2.7761,2.7761,2.7816,2.7816,2.7811,2.7811,2
2026-04-28 05:11:00,2.7756,2.7761,2.7756,2.7761,2.7806,2.7811,2.7806,2.7811,2
2026-04-28 05:12:00,2.7756,2.7761,2.7756,2.7756,2.7806,2.7811,2.7806,2.7806,3
2026-04-28 05:14:00,2.7761,2.7761,2.7761,2.7761,2.7811,2.7811,2.7811,2.7811,1
2026-04-28 05:17:00,2.7756,2.7756,2.7756,2.7756,2.7806,2.7806,2.7806,2.7806,1
2026-04-28 05:19:00,2.7761,2.7761,2.7731,2.7731,2.7811,2.7811,2.7781,2.7781,7
2026-04-28 05:20:00,2.7741,2.7741,2.7741,2.7741,2.7791,2.7791,2.7791,2.7791,1
2026-04-28 05:21:00,2.7736,2.7741,2.7731,2.7731,2.7786,2.7791,2.7781,2.7781,4
2026-04-28 05:22:00,2.7736,2.7736,2.7731,2.7736,2.7786,2.7786,2.7781,2.7786,3
2026-04-28 05:23:00,2.7731,2.7731,2.7731,2.7731,2.7781,2.7781,2.7781,2.7781,1
2026-04-28 05:24:00,2.7736,2.7761,2.7736,2.7746,2.7786,2.7811,2.7786,2.7796,10
2026-04-28 05:25:00,2.7741,2.7741,2.7736,2.7741,2.7791,2.7791,2.7786,2.7791,3
2026-04-28 05:26:00,2.7746,2.7751,2.7746,2.7751,2.7796,2.7801,2.7796,2.7801,2
2026-04-28 05:28:00,2.7741,2.7751,2.7741,2.7751,2.7791,2.7801,2.7791,2.7801,3
2026-04-28 05:29:00,2.7746,2.7746,2.7746,2.7746,2.7796,2.7796,2.7796,2.7796,1
2026-04-28 05:30:00,2.7751,2.7811,2.7751,2.7806,2.7801,2.7861,2.7801,2.7856,15
2026-04-28 05:31:00,2.7801,2.7841,2.7801,2.7811,2.7851,2.7891,2.7851,2.7861,15
2026-04-28 05:32:00,2.7806,2.7806,2.7786,2.7806,2.7856,2.7856,2.7836,2.7856,10
2026-04-28 05:33:00,2.7811,2.7811,2.7796,2.7801,2.7861,2.7861,2.7846,2.7851,12
2026-04-28 05:34:00,2.7796,2.7811,2.7796,2.7796,2.7846,2.7861,2.7846,2.7846,12
2026-04-28 05:35:00,2.7791,2.7791,2.7766,2.7766,2.7841,2.7841,2.7816,2.7816,7
2026-04-28 05:36:00,2.7761,2.7761,2.7751,2.7751,2.7811,2.7811,2.7801,2.7801,3
2026-04-28 05:37:00,2.7746,2.7761,2.7741,2.7756,2.7796,2.7811,2.7791,2.7806,6
2026-04-28 05:38:00,2.7761,2.7776,2.7761,2.7776,2.7811,2.7826,2.7811,2.7826,11
2026-04-28 05:39:00,2.7771,2.7791,2.7771,2.7781,2.7821,2.7841,2.7821,2.7831,12
2026-04-28 05:40:00,2.7786,2.7786,2.7781,2.7781,2.7836,2.7836,2.7831,2.7831,2
2026-04-28 05:41:00,2.7771,2.7791,2.7771,2.7791,2.7821,2.7841,2.7821,2.7841,4
2026-04-28 05:42:00,2.7801,2.7801,2.7801,2.7801,2.7851,2.7851,2.7851,2.7851,1
2026-04-28 05:43:00,2.7806,2.7806,2.7806,2.7806,2.7856,2.7856,2.7856,2.7856,1
2026-04-28 05:44:00,2.7801,2.7801,2.7801,2.7801,2.7851,2.7851,2.7851,2.7851,1
2026-04-28 05:45:00,2.7811,2.7811,2.7801,2.7801,2.7861,2.7861,2.7851,2.7851,2
2026-04-28 05:46:00,2.7791,2.7791,2.7786,2.7791,2.7841,2.7841,2.7836,2.7841,5
2026-04-28 05:47:00,2.7786,2.7791,2.7781,2.7781,2.7836,2.7841,2.7831,2.7831,3
2026-04-28 05:50:00,2.7771,2.7771,2.7766,2.7766,2.7821,2.7821,2.7816,2.7816,2
2026-04-28 05:51:00,2.7771,2.7771,2.7771,2.7771,2.7821,2.7821,2.7821,2.7821,1
2026-04-28 05:54:00,2.7776,2.7781,2.7771,2.7771,2.7826,2.7831,2.7821,2.7821,6
2026-04-28 05:56:00,2.7776,2.7776,2.7776,2.7776,2.7826,2.7826,2.7826,2.7826,1
2026-04-28 05:57:00,2.7781,2.7781,2.7776,2.7776,2.7831,2.7831,2.7826,2.7826,2
2026-04-28 05:58:00,2.7781,2.7786,2.7776,2.7781,2.7831,2.7836,2.7826,2.7831,5
2026-04-28 06:01:00,2.7771,2.7771,2.7761,2.7761,2.7821,2.7821,2.7811,2.7811,2
2026-04-28 06:02:00,2.7766,2.7771,2.7766,2.7771,2.7816,2.7821,2.7816,2.7821,2
2026-04-28 06:04:00,2.7781,2.7781,2.7761,2.7776,2.7831,2.7831,2.7811,2.7826,7
2026-04-28 06:05:00,2.7771,2.7791,2.7771,2.7791,2.7821,2.7841,2.7821,2.7841,5
2026-04-28 06:06:00,2.7786,2.7786,2.7781,2.7781,2.7836,2.7836,2.7831,2.7831,2
2026-04-28 06:07:00,2.7776,2.7781,2.7776,2.7781,2.7826,2.7831,2.7826,2.7831,2
2026-04-28 06:08:00,2.7786,2.7786,2.7781,2.7781,2.7836,2.7836,2.7831,2.7831,2
2026-04-28 06:09:00,2.7786,2.7791,2.7781,2.7781,2.7836,2.7841,2.7831,2.7831,4
2026-04-28 06:10:00,2.7776,2.7781,2.7776,2.7776,2.7826,2.7831,2.7826,2.7826,5
2026-04-28 06:11:00,2.7781,2.7781,2.7781,2.7781,2.7831,2.7831,2.7831,2.7831,1
2026-04-28 06:15:00,2.7786,2.7796,2.7781,2.7791,2.7836,2.7846,2.7831,2.7841,5
2026-04-28 06:16:00,2.7796,2.7801,2.7791,2.7796,2.7846,2.7851,2.7841,2.7846,5
2026-04-28 06:17:00,2.7791,2.7791,2.7781,2.7781,2.7841,2.7841,2.7831,2.7831,2
2026-04-28 06:18:00,2.7791,2.7791,2.7776,2.7781,2.7841,2.7841,2.7826,2.7831,4
2026-04-28 06:19:00,2.7786,2.7786,2.7781,2.7781,2.7836,2.7836,2.7831,2.7831,2
2026-04-28 06:20:00,2.7776,2.7776,2.7771,2.7771,2.7826,2.7826,2.7821,2.7821,2
2026-04-28 06:28:00,2.7761,2.7761,2.7761,2.7761,2.7811,2.7811,2.7811,2.7811,1
2026-04-28 06:37:00,2.7751,2.7751,2.7751,2.7751,2.7801,2.7801,2.7801,2.7801,1
2026-04-28 06:40:00,2.7756,2.7761,2.7756,2.7761,2.7806,2.7811,2.7806,2.7811,2
2026-04-28 06:41:00,2.7756,2.7756,2.7751,2.7751,2.7806,2.7806,2.7801,2.7801,2
2026-04-28 06:43:00,2.7761,2.7761,2.7751,2.7751,2.7811,2.7811,2.7801,2.7801,4
2026-04-28 06:45:00,2.7756,2.7756,2.7756,2.7756,2.7806,2.7806,2.7806,2.7806,1
2026-04-28 06:46:00,2.7751,2.7761,2.7751,2.7761,2.7801,2.7811,2.7801,2.7811,2
2026-04-28 06:47:00,2.7751,2.7751,2.7751,2.7751,2.7801,2.7801,2.7801,2.7801,1
2026-04-28 06:52:00,2.7746,2.7746,2.7741,2.7741,2.7796,2.7796,2.7791,2.7791,2
2026-04-28 06:54:00,2.7746,2.7746,2.7741,2.7741,2.7796,2.7796,2.7791,2.7791,2
2026-04-28 06:55:00,2.7746,2.7746,2.7741,2.7741,2.7796,2.7796,2.7791,2.7791,2
2026-04-28 07:01:00,2.7751,2.7751,2.7741,2.7741,2.7801,2.7801,2.7791,2.7791,3
2026-04-28 07:05:00,2.7736,2.7736,2.7736,2.7736,2.7786,2.7786,2.7786,2.7786,1
2026-04-28 07:06:00,2.7741,2.7741,2.7741,2.7741,2.7791,2.7791,2.7791,2.7791,1
2026-04-28 07:09:00,2.7751,2.7761,2.7751,2.7761,2.7801,2.7811,2.7801,2.7811,3
2026-04-28 07:10:00,2.7751,2.7751,2.7751,2.7751,2.7801,2.7801,2.7801,2.7801,1
2026-04-28 07:11:00,2.7746,2.7751,2.7746,2.7751,2.7796,2.7801,2.7796,2.7801,4
2026-04-28 07:12:00,2.7746,2.7746,2.7736,2.7741,2.7796,2.7796,2.7786,2.7791,5
2026-04-28 07:13:00,2.7736,2.7736,2.7736,2.7736,2.7786,2.7786,2.7786,2.7786,1
2026-04-28 07:14:00,2.7741,2.7741,2.7741,2.7741,2.7791,2.7791,2.7791,2.7791,1
2026-04-28 07:20:00,2.7736,2.7736,2.7731,2.7731,2.7786,2.7786,2.7781,2.7781,2
2026-04-28 07:22:00,2.7741,2.7741,2.7741,2.7741,2.7791,2.7791,2.7791,2.7791,1
2026-04-28 07:23:00,2.7731,2.7731,2.7721,2.7721,2.7781,2.7781,2.7771,2.7771,4
2026-04-28 07:24:00,2.7731,2.7731,2.7731,2.7731,2.7781,2.7781,2.7781,2.7781,1
2026-04-28 07:27:00,2.7721,2.7726,2.7721,2.7726,2.7771,2.7776,2.7771,2.7776,2
2026-04-28 07:28:00,2.7731,2.7731,2.7726,2.7726,2.7781,2.7781,2.7776,2.7776,2
2026-04-28 07:29:00,2.7731,2.7731,2.7721,2.7721,2.7781,2.7781,2.7771,2.7771,2
2026-04-28 07:30:00,2.7716,2.7721,2.7701,2.7721,2.7766,2.7771,2.7751,2.7771,4
2026-04-28 07:31:00,2.7731,2.7731,2.7721,2.7721,2.7781,2.7781,2.7771,2.7771,2
2026-04-28 07:32:00,2.7731,2.7751,2.7731,2.7751,2.7781,2.7801,2.7781,2.7801,7
2026-04-28 07:33:00,2.7756,2.7756,2.7751,2.7751,2.7806,2.7806,2.7801,2.7801,2
2026-04-28 07:34:00,2.7756,2.7781,2.7756,2.7781,2.7806,2.7831,2.7806,2.7831,11
2026-04-28 07:35:00,2.7786,2.7801,2.7781,2.7796,2.7836,2.7851,2.7831,2.7846,13
2026-04-28 07:36:00,2.7801,2.7826,2.7801,2.7826,2.7851,2.7876,2.7851,2.7876,8
2026-04-28 07:37:00,2.7831,2.7831,2.7801,2.7806,2.7881,2.7881,2.7851,2.7856,8
2026-04-28 07:38:00,2.7801,2.7801,2.7791,2.7791,2.7851,2.7851,2.7841,2.7841,3
2026-04-28 07:39:00,2.7781,2.7781,2.7781,2.7781,2.7831,2.7831,2.7831,2.7831,1
2026-04-28 07:40:00,2.7761,2.7781,2.7761,2.7781,2.7811,2.7831,2.7811,2.7831,7
2026-04-28 07:41:00,2.7776,2.7801,2.7776,2.7781,2.7826,2.7851,2.7826,2.7831,11
2026-04-28 07:42:00,2.7791,2.7791,2.7781,2.7781,2.7841,2.7841,2.7831,2.7831,6
2026-04-28 07:43:00,2.7776,2.7781,2.7771,2.7781,2.7826,2.7831,2.7821,2.7831,3
2026-04-28 07:44:00,2.7776,2.7781,2.7771,2.7771,2.7826,2.7831,2.7821,2.7821,5
2026-04-28 07:45:00,2.7766,2.7771,2.7761,2.7771,2.7816,2.7821,2.7811,2.7821,4
2026-04-28 07:46:00,2.7766,2.7781,2.7766,2.7781,2.7816,2.7831,2.7816,2.7831,5
2026-04-28 07:47:00,2.7776,2.7781,2.7771,2.7771,2.7826,2.7831,2.7821,2.7821,3
2026-04-28 07:48:00,2.7781,2.7781,2.7781,2.7781,2.7831,2.7831,2.7831,2.7831,1
2026-04-28 07:50:00,2.7776,2.7781,2.7771,2.7781,2.7826,2.7831,2.7821,2.7831,6
2026-04-28 07:51:00,2.7776,2.7786,2.7776,2.7786,2.7826,2.7836,2.7826,2.7836,3
2026-04-28 07:52:00,2.7791,2.7791,2.7781,2.7781,2.7841,2.7841,2.7831,2.7831,3
2026-04-28 07:54:00,2.7786,2.7791,2.7786,2.7791,2.7836,2.7841,2.7836,2.7841,2
2026-04-28 07:58:00,2.7781,2.7786,2.7771,2.7776,2.7831,2.7836,2.7821,2.7826,8
2026-04-28 07:59:00,2.7781,2.7781,2.7781,2.7781,2.7831,2.7831,2.7831,2.7831,1
2026-04-28 08:00:00,2.7786,2.7791,2.7781,2.7791,2.7836,2.7841,2.7831,2.7841,4
2026-04-28 08:01:00,2.7781,2.7821,2.7781,2.7806,2.7831,2.7871,2.7831,2.7856,12
2026-04-28 08:02:00,2.7811,2.7811,2.7801,2.7801,2.7861,2.7861,2.7851,2.7851,3
2026-04-28 08:03:00,2.7796,2.7811,2.7791,2.7806,2.7846,2.7861,2.7841,2.7856,7
2026-04-28 08:04:00,2.7811,2.7811,2.7806,2.7811,2.7861,2.7861,2.7856,2.7861,5
2026-04-28 08:05:00,2.7821,2.7821,2.7811,2.7816,2.7871,2.7871,2.7861,2.7866,13
2026-04-28 08:06:00,2.7811,2.7821,2.7791,2.7791,2.7861,2.7871,2.7841,2.7841,7
2026-04-28 08:07:00,2.7786,2.7786,2.7756,2.7756,2.7836,2.7836,2.7806,2.7806,7
2026-04-28 08:08:00,2.7761,2.7761,2.7746,2.7746,2.7811,2.7811,2.7796,2.7796,5
2026-04-28 08:09:00,2.7741,2.7761,2.7741,2.7761,2.7791,2.7811,2.7791,2.7811,4
2026-04-28 08:10:00,2.7766,2.7781,2.7761,2.7781,2.7816,2.7831,2.7811,2.7831,4
2026-04-28 08:11:00,2.7776,2.7781,2.7766,2.7781,2.7826,2.7831,2.7816,2.7831,8
2026-04-28 08:12:00,2.7771,2.7771,2.7746,2.7761,2.7821,2.7821,2.7796,2.7811,8
2026-04-28 08:13:00,2.7751,2.7761,2.7751,2.7761,2.7801,2.7811,2.7801,2.7811,6
2026-04-28 08:14:00,2.7756,2.7756,2.7751,2.7751,2.7806,2.7806,2.7801,2.7801,2
2026-04-28 08:15:00,2.7756,2.7766,2.7751,2.7761,2.7806,2.7816,2.7801,2.7811,6
2026-04-28 08:16:00,2.7751,2.7756,2.7751,2.7756,2.7801,2.7806,2.7801,2.7806,2
2026-04-28 08:17:00,2.7751,2.7751,2.7741,2.7746,2.7801,2.7801,2.7791,2.7796,4
2026-04-28 08:18:00,2.7751,2.7751,2.7751,2.7751,2.7801,2.7801,2.7801,2.7801,1
2026-04-28 08:19:00,2.7746,2.7751,2.7746,2.7746,2.7796,2.7801,2.7796,2.7796,3
2026-04-28 08:20:00,2.7741,2.7766,2.7741,2.7766,2.7791,2.7816,2.7791,2.7816,6
2026-04-28 08:21:00,2.7761,2.7781,2.7761,2.7771,2.7811,2.7831,2.7811,2.7821,5
2026-04-28 08:22:00,2.7776,2.7776,2.7776,2.7776,2.7826,2.7826,2.7826,2.7826,1
2026-04-28 08:23:00,2.7771,2.7781,2.7771,2.7781,2.7821,2.7831,2.7821,2.7831,5
2026-04-28 08:24:00,2.7776,2.7776,2.7776,2.7776,2.7826,2.7826,2.7826,2.7826,1
2026-04-28 08:25:00,2.7791,2.7791,2.7761,2.7761,2.7841,2.7841,2.7811,2.7811,12
2026-04-28 08:26:00,2.7751,2.7751,2.7751,2.7751,2.7801,2.7801,2.7801,2.7801,1
2026-04-28 08:27:00,2.7761,2.7761,2.7756,2.7761,2.7811,2.7811,2.7806,2.7811,3
2026-04-28 08:28:00,2.7751,2.7751,2.7751,2.7751,2.7801,2.7801,2.7801,2.7801,1
2026-04-28 08:29:00,2.7746,2.7751,2.7741,2.7741,2.7796,2.7801,2.7791,2.7791,5
2026-04-28 08:31:00,2.7746,2.7751,2.7741,2.7741,2.7796,2.7801,2.7791,2.7791,4
2026-04-28 08:34:00,2.7746,2.7756,2.7741,2.7741,2.7796,2.7806,2.7791,2.7791,6
2026-04-28 08:35:00,2.7736,2.7751,2.7731,2.7746,2.7786,2.7801,2.7781,2.7796,15
2026-04-28 08:36:00,2.7751,2.7756,2.7751,2.7751,2.7801,2.7806,2.7801,2.7801,3
2026-04-28 08:38:00,2.7761,2.7761,2.7761,2.7761,2.7811,2.7811,2.7811,2.7811,1
2026-04-28 08:39:00,2.7751,2.7751,2.7751,2.7751,2.7801,2.7801,2.7801,2.7801,1
2026-04-28 08:40:00,2.7746,2.7756,2.7741,2.7756,2.7796,2.7806,2.7791,2.7806,7
2026-04-28 08:41:00,2.7751,2.7751,2.7751,2.7751,2.7801,2.7801,2.7801,2.7801,1
2026-04-28 08:44:00,2.7741,2.7741,2.7741,2.7741,2.7791,2.7791,2.7791,2.7791,1
2026-04-28 08:45:00,2.7736,2.7741,2.7731,2.7741,2.7786,2.7791,2.7781,2.7791,6
2026-04-28 08:46:00,2.7736,2.7741,2.7726,2.7741,2.7786,2.7791,2.7776,2.7791,8
2026-04-28 08:47:00,2.7731,2.7736,2.7731,2.7731,2.7781,2.7786,2.7781,2.7781,3
2026-04-28 08:48:00,2.7736,2.7736,2.7731,2.7731,2.7786,2.7786,2.7781,2.7781,2
2026-04-28 08:49:00,2.7736,2.7736,2.7736,2.7736,2.7786,2.7786,2.7786,2.7786,1
2026-04-28 08:50:00,2.7731,2.7751,2.7731,2.7746,2.7781,2.7801,2.7781,2.7796,6
2026-04-28 08:51:00,2.7741,2.7751,2.7736,2.7741,2.7791,2.7801,2.7786,2.7791,8
2026-04-28 08:52:00,2.7746,2.7746,2.7731,2.7741,2.7796,2.7796,2.7781,2.7791,5
2026-04-28 08:53:00,2.7736,2.7741,2.7721,2.7731,2.7786,2.7791,2.7771,2.7781,8
2026-04-28 08:54:00,2.7726,2.7731,2.7726,2.7731,2.7776,2.7781,2.7776,2.7781,2
2026-04-28 08:55:00,2.7736,2.7736,2.7731,2.7731,2.7786,2.7786,2.7781,2.7781,2
2026-04-28 08:57:00,2.7736,2.7736,2.7731,2.7731,2.7786,2.7786,2.7781,2.7781,2
2026-04-28 08:58:00,2.7726,2.7741,2.7726,2.7731,2.7776,2.7791,2.7776,2.7781,6
2026-04-28 08:59:00,2.7741,2.7751,2.7741,2.7741,2.7791,2.7801,2.7791,2.7791,9
2026-04-28 09:00:00,2.7736,2.7741,2.7731,2.7741,2.7786,2.7791,2.7781,2.7791,6
2026-04-28 09:01:00,2.7731,2.7731,2.7696,2.7706,2.7781,2.7781,2.7746,2.7756,9
2026-04-28 09:02:00,2.7711,2.7721,2.7706,2.7711,2.7761,2.7771,2.7756,2.7761,5
2026-04-28 09:03:00,2.7716,2.7721,2.7716,2.7721,2.7766,2.7771,2.7766,2.7771,2
2026-04-28 09:04:00,2.7716,2.7721,2.7706,2.7711,2.7766,2.7771,2.7756,2.7761,10
2026-04-28 09:05:00,2.7706,2.7711,2.7706,2.7711,2.7756,2.7761,2.7756,2.7761,2
2026-04-28 09:06:00,2.7706,2.7716,2.7701,2.7716,2.7756,2.7766,2.7751,2.7766,9
2026-04-28 09:07:00,2.7731,2.7736,2.7711,2.7721,2.7781,2.7786,2.7761,2.7771,9
2026-04-28 09:08:00,2.7711,2.7711,2.7711,2.7711,2.7761,2.7761,2.7761,2.7761,1
2026-04-28 09:12:00,2.7716,2.7741,2.7716,2.7741,2.7766,2.7791,2.7766,2.7791,5
2026-04-28 09:13:00,2.7736,2.7736,2.7716,2.7721,2.7786,2.7786,2.7766,2.7771,4
2026-04-28 09:14:00,2.7716,2.7721,2.7716,2.7721,2.7766,2.7771,2.7766,2.7771,4
2026-04-28 09:15:00,2.7726,2.7731,2.7721,2.7731,2.7776,2.7781,2.7771,2.7781,8
2026-04-28 09:16:00,2.7741,2.7756,2.7741,2.7751,2.7791,2.7806,2.7791,2.7801,5
2026-04-28 09:17:00,2.7746,2.7751,2.7731,2.7741,2.7796,2.7801,2.7781,2.7791,9
2026-04-28 09:18:00,2.7736,2.7761,2.7731,2.7756,2.7786,2.7811,2.7781,2.7806,10
2026-04-28 09:19:00,2.7751,2.7751,2.7751,2.7751,2.7801,2.7801,2.7801,2.7801,1
2026-04-28 09:20:00,2.7746,2.7751,2.7741,2.7741,2.7796,2.7801,2.7791,2.7791,4
2026-04-28 09:21:00,2.7736,2.7751,2.7731,2.7751,2.7786,2.7801,2.7781,2.7801,4
2026-04-28 09:22:00,2.7746,2.7761,2.7746,2.7751,2.7796,2.7811,2.7796,2.7801,6
2026-04-28 09:23:00,2.7761,2.7771,2.7756,2.7761,2.7811,2.7821,2.7806,2.7811,9
2026-04-28 09:24:00,2.7771,2.7771,2.7761,2.7761,2.7821,2.7821,2.7811,2.7811,2
2026-04-28 09:25:00,2.7766,2.7766,2.7766,2.7766,2.7816,2.7816,2.7816,2.7816,1
2026-04-28 09:26:00,2.7771,2.7771,2.7761,2.7771,2.7821,2.7821,2.7811,2.7821,3
2026-04-28 09:27:00,2.7781,2.7781,2.7771,2.7776,2.7831,2.7831,2.7821,2.7826,7
2026-04-28 09:28:00,2.7771,2.7781,2.7771,2.7776,2.7821,2.7831,2.7821,2.7826,6
2026-04-28 09:29:00,2.7786,2.7806,2.7786,2.7796,2.7836,2.7856,2.7836,2.7846,7
2026-04-28 09:30:00,2.7791,2.7811,2.7791,2.7791,2.7841,2.7861,2.7841,2.7841,9
2026-04-28 09:31:00,2.7801,2.7801,2.7791,2.7791,2.7851,2.7851,2.7841,2.7841,2
2026-04-28 09:32:00,2.7781,2.7801,2.7781,2.7791,2.7831,2.7851,2.7831,2.7841,6
2026-04-28 09:33:00,2.7781,2.7796,2.7781,2.7796,2.7831,2.7846,2.7831,2.7846,6
2026-04-28 09:34:00,2.7801,2.7811,2.7796,2.7811,2.7851,2.7861,2.7846,2.7861,5
2026-04-28 09:35:00,2.7801,2.7801,2.7786,2.7791,2.7851,2.7851,2.7836,2.7841,4
2026-04-28 09:36:00,2.7801,2.7801,2.7791,2.7791,2.7851,2.7851,2.7841,2.7841,2
2026-04-28 09:37:00,2.7801,2.7801,2.7771,2.7771,2.7851,2.7851,2.7821,2.7821,4
2026-04-28 09:38:00,2.7766,2.7771,2.7766,2.7771,2.7816,2.7821,2.7816,2.7821,6
2026-04-28 09:39:00,2.7766,2.7771,2.7761,2.7761,2.7816,2.7821,2.7811,2.7811,4
2026-04-28 09:40:00,2.7766,2.7771,2.7761,2.7771,2.7816,2.7821,2.7811,2.7821,5
2026-04-28 09:41:00,2.7776,2.7781,2.7776,2.7781,2.7826,2.7831,2.7826,2.7831,4
2026-04-28 09:42:00,2.7771,2.7776,2.7771,2.7776,2.7821,2.7826,2.7821,2.7826,4
2026-04-28 09:43:00,2.7771,2.7786,2.7771,2.7786,2.7821,2.7836,2.7821,2.7836,3
2026-04-28 09:44:00,2.7781,2.7781,2.7781,2.7781,2.7831,2.7831,2.7831,2.7831,1
2026-04-28 09:45:00,2.7771,2.7771,2.7771,2.7771,2.7821,2.7821,2.7821,2.7821,1
2026-04-28 09:46:00,2.7761,2.7771,2.7761,2.7771,2.7811,2.7821,2.7811,2.7821,6
2026-04-28 09:47:00,2.7761,2.7766,2.7751,2.7751,2.7811,2.7816,2.7801,2.7801,6
2026-04-28 09:50:00,2.7771,2.7781,2.7771,2.7781,2.7821,2.7831,2.7821,2.7831,3
2026-04-28 09:51:00,2.7776,2.7776,2.7746,2.7751,2.7826,2.7826,2.7796,2.7801,11
2026-04-28 09:52:00,2.7746,2.7751,2.7741,2.7746,2.7796,2.7801,2.7791,2.7796,7
2026-04-28 09:53:00,2.7751,2.7761,2.7746,2.7751,2.7801,2.7811,2.7796,2.7801,6
2026-04-28 09:54:00,2.7756,2.7761,2.7751,2.7751,2.7806,2.7811,2.7801,2.7801,3
2026-04-28 09:55:00,2.7756,2.7771,2.7756,2.7771,2.7806,2.7821,2.7806,2.7821,3
2026-04-28 09:56:00,2.7761,2.7771,2.7761,2.7771,2.7811,2.7821,2.7811,2.7821,2
2026-04-28 09:57:00,2.7781,2.7781,2.7756,2.7761,2.7831,2.7831,2.7806,2.7811,7
2026-04-28 09:58:00,2.7756,2.7756,2.7731,2.7731,2.7806,2.7806,2.7781,2.7781,6
2026-04-28 09:59:00,2.7741,2.7741,2.7721,2.7721,2.7791,2.7791,2.7771,2.7771,11
2026-04-28 10:00:00,2.7726,2.7731,2.7686,2.7711,2.7776,2.7781,2.7736,2.7761,16
2026-04-28 10:01:00,2.7701,2.7721,2.7701,2.7706,2.7751,2.7771,2.7751,2.7756,13
2026-04-28 10:02:00,2.7701,2.7711,2.7696,2.7701,2.7751,2.7761,2.7746,2.7751,12
2026-04-28 10:03:00,2.7696,2.7711,2.7691,2.7691,2.7746,2.7761,2.7741,2.7741,15
2026-04-28 10:04:00,2.7686,2.7686,2.7681,2.7681,2.7736,2.7736,2.7731,2.7731,2
2026-04-28 10:05:00,2.7686,2.7686,2.7661,2.7661,2.7736,2.7736,2.7711,2.7711,10
2026-04-28 10:06:00,2.7671,2.7681,2.7661,2.7661,2.7721,2.7731,2.7711,2.7711,12
2026-04-28 10:07:00,2.7656,2.7661,2.7651,2.7651,2.7706,2.7711,2.7701,2.7701,5
2026-04-28 10:08:00,2.7661,2.7681,2.7661,2.7661,2.7711,2.7731,2.7711,2.7711,6
2026-04-28 10:09:00,2.7656,2.7666,2.7641,2.7651,2.7706,2.7716,2.7691,2.7701,7
2026-04-28 10:10:00,2.7646,2.7651,2.7641,2.7646,2.7696,2.7701,2.7691,2.7696,7
2026-04-28 10:11:00,2.7641,2.7701,2.7641,2.7701,2.7691,2.7751,2.7691,2.7751,12
2026-04-28 10:12:00,2.7691,2.7701,2.7691,2.7701,2.7741,2.7751,2.7741,2.7751,5
2026-04-28 10:13:00,2.7706,2.7716,2.7706,2.7711,2.7756,2.7766,2.7756,2.7761,4
2026-04-28 10:14:00,2.7706,2.7711,2.7706,2.7706,2.7756,2.7761,2.7756,2.7756,3
2026-04-28 10:15:00,2.7701,2.7721,2.7701,2.7711,2.7751,2.7771,2.7751,2.7761,9
2026-04-28 10:16:00,2.7706,2.7721,2.7701,2.7721,2.7756,2.7771,2.7751,2.7771,6
2026-04-28 10:17:00,2.7711,2.7716,2.7711,2.7716,2.7761,2.7766,2.7761,2.7766,2
2026-04-28 10:18:00,2.7711,2.7731,2.7711,2.7731,2.7761,2.7781,2.7761,2.7781,8
2026-04-28 10:19:00,2.7736,2.7736,2.7736,2.7736,2.7786,2.7786,2.7786,2.7786,1
2026-04-28 10:20:00,2.7731,2.7736,2.7726,2.7726,2.7781,2.7786,2.7776,2.7776,7
2026-04-28 10:21:00,2.7731,2.7731,2.7731,2.7731,2.7781,2.7781,2.7781,2.7781,1
2026-04-28 10:22:00,2.7736,2.7741,2.7731,2.7736,2.7786,2.7791,2.7781,2.7786,6
2026-04-28 10:23:00,2.7731,2.7741,2.7721,2.7731,2.7781,2.7791,2.7771,2.7781,5
2026-04-28 10:24:00,2.7741,2.7766,2.7741,2.7761,2.7791,2.7816,2.7791,2.7811,7
2026-04-28 10:25:00,2.7766,2.7766,2.7751,2.7761,2.7816,2.7816,2.7801,2.7811,6
2026-04-28 10:26:00,2.7756,2.7756,2.7741,2.7746,2.7806,2.7806,2.7791,2.7796,10
2026-04-28 10:27:00,2.7741,2.7751,2.7741,2.7751,2.7791,2.7801,2.7791,2.7801,3
2026-04-28 10:28:00,2.7746,2.7746,2.7731,2.7741,2.7796,2.7796,2.7781,2.7791,10
2026-04-28 10:29:00,2.7746,2.7751,2.7726,2.7726,2.7796,2.7801,2.7776,2.7776,6
2026-04-28 10:30:00,2.7716,2.7721,2.7701,2.7711,2.7766,2.7771,2.7751,2.7761,39
2026-04-28 10:31:00,2.7706,2.7721,2.7701,2.7721,2.7756,2.7771,2.7751,2.7771,9
2026-04-28 10:32:00,2.7716,2.7716,2.7691,2.7701,2.7766,2.7766,2.7741,2.7751,9
2026-04-28 10:33:00,2.7691,2.7701,2.7691,2.7701,2.7741,2.7751,2.7741,2.7751,3
2026-04-28 10:34:00,2.7696,2.7701,2.7691,2.7701,2.7746,2.7751,2.7741,2.7751,7
2026-04-28 10:35:00,2.7706,2.7711,2.7686,2.7686,2.7756,2.7761,2.7736,2.7736,6
2026-04-28 10:36:00,2.7691,2.7691,2.7691,2.7691,2.7741,2.7741,2.7741,2.7741,1
2026-04-28 10:37:00,2.7681,2.7691,2.7681,2.7691,2.7731,2.7741,2.7731,2.7741,3
2026-04-28 10:38:00,2.7681,2.7686,2.7681,2.7686,2.7731,2.7736,2.7731,2.7736,2
2026-04-28 10:39:00,2.7691,2.7696,2.7681,2.7691,2.7741,2.7746,2.7731,2.7741,9
2026-04-28 10:42:00,2.7686,2.7691,2.7686,2.7691,2.7736,2.7741,2.7736,2.7741,4
2026-04-28 10:44:00,2.7681,2.7681,2.7681,2.7681,2.7731,2.7731,2.7731,2.7731,1
2026-04-28 10:45:00,2.7691,2.7691,2.7681,2.7691,2.7741,2.7741,2.7731,2.7741,6
2026-04-28 10:46:00,2.7681,2.7681,2.7676,2.7676,2.7731,2.7731,2.7726,2.7726,2
2026-04-28 10:47:00,2.7681,2.7681,2.7671,2.7671,2.7731,2.7731,2.7721,2.7721,2
2026-04-28 10:48:00,2.7681,2.7681,2.7671,2.7681,2.7731,2.7731,2.7721,2.7731,3
2026-04-28 10:49:00,2.7671,2.7671,2.7671,2.7671,2.7721,2.7721,2.7721,2.7721,1
2026-04-28 10:50:00,2.7666,2.7681,2.7661,2.7681,2.7716,2.7731,2.7711,2.7731,9
2026-04-28 10:51:00,2.7671,2.7676,2.7671,2.7671,2.7721,2.7726,2.7721,2.7721,7
2026-04-28 10:52:00,2.7681,2.7681,2.7671,2.7676,2.7731,2.7731,2.7721,2.7726,17
2026-04-28 10:53:00,2.7671,2.7671,2.7671,2.7671,2.7721,2.7721,2.7721,2.7721,1
2026-04-28 10:54:00,2.7666,2.7666,2.7656,2.7661,2.7716,2.7716,2.7706,2.7711,6
2026-04-28 10:55:00,2.7666,2.7671,2.7666,2.7666,2.7716,2.7721,2.7716,2.7716,5
2026-04-28 10:56:00,2.7661,2.7671,2.7661,2.7666,2.7711,2.7721,2.7711,2.7716,6
2026-04-28 10:57:00,2.7671,2.7676,2.7666,2.7671,2.7721,2.7726,2.7716,2.7721,4
2026-04-28 10:58:00,2.7681,2.7681,2.7671,2.7671,2.7731,2.7731,2.7721,2.7721,2
2026-04-28 11:00:00,2.7676,2.7686,2.7676,2.7681,2.7726,2.7736,2.7726,2.7731,4
2026-04-28 11:01:00,2.7671,2.7676,2.7671,2.7671,2.7721,2.7726,2.7721,2.7721,3
2026-04-28 11:02:00,2.7666,2.7671,2.7661,2.7666,2.7716,2.7721,2.7711,2.7716,12
2026-04-28 11:03:00,2.7661,2.7671,2.7661,2.7661,2.7711,2.7721,2.7711,2.7711,5
2026-04-28 11:04:00,2.7656,2.7671,2.7656,2.7666,2.7706,2.7721,2.7706,2.7716,4
2026-04-28 11:05:00,2.7661,2.7671,2.7661,2.7671,2.7711,2.7721,2.7711,2.7721,7
2026-04-28 11:07:00,2.7661,2.7676,2.7661,2.7671,2.7711,2.7726,2.7711,2.7721,9
2026-04-28 11:08:00,2.7676,2.7676,2.7671,2.7671,2.7726,2.7726,2.7721,2.7721,2
2026-04-28 11:09:00,2.7661,2.7661,2.7661,2.7661,2.7711,2.7711,2.7711,2.7711,1
2026-04-28 11:10:00,2.7656,2.7661,2.7651,2.7661,2.7706,2.7711,2.7701,2.7711,7
2026-04-28 11:12:00,2.7656,2.7661,2.7651,2.7656,2.7706,2.7711,2.7701,2.7706,6
2026-04-28 11:13:00,2.7661,2.7661,2.7661,2.7661,2.7711,2.7711,2.7711,2.7711,1
2026-04-28 11:14:00,2.7666,2.7671,2.7661,2.7671,2.7716,2.7721,2.7711,2.7721,5
2026-04-28 11:15:00,2.7676,2.7681,2.7671,2.7671,2.7726,2.7731,2.7721,2.7721,6
2026-04-28 11:16:00,2.7681,2.7681,2.7671,2.7681,2.7731,2.7731,2.7721,2.7731,4
2026-04-28 11:17:00,2.7676,2.7676,2.7676,2.7676,2.7726,2.7726,2.7726,2.7726,1
2026-04-28 11:18:00,2.7671,2.7671,2.7671,2.7671,2.7721,2.7721,2.7721,2.7721,1
2026-04-28 11:20:00,2.7681,2.7681,2.7676,2.7681,2.7731,2.7731,2.7726,2.7731,3
2026-04-28 11:21:00,2.7676,2.7686,2.7671,2.7686,2.7726,2.7736,2.7721,2.7736,5
2026-04-28 11:22:00,2.7691,2.7691,2.7691,2.7691,2.7741,2.7741,2.7741,2.7741,1
2026-04-28 11:23:00,2.7681,2.7691,2.7681,2.7691,2.7731,2.7741,2.7731,2.7741,5
2026-04-28 11:24:00,2.7686,2.7691,2.7686,2.7691,2.7736,2.7741,2.7736,2.7741,2
2026-04-28 11:25:00,2.7686,2.7686,2.7666,2.7671,2.7736,2.7736,2.7716,2.7721,9
2026-04-28 11:26:00,2.7666,2.7671,2.7666,2.7666,2.7716,2.7721,2.7716,2.7716,5
2026-04-28 11:27:00,2.7661,2.7671,2.7661,2.7661,2.7711,2.7721,2.7711,2.7711,5
2026-04-28 11:28:00,2.7656,2.7661,2.7656,2.7661,2.7706,2.7711,2.7706,2.7711,2
2026-04-28 11:29:00,2.7656,2.7661,2.7651,2.7661,2.7706,2.7711,2.7701,2.7711,4
2026-04-28 11:30:00,2.7666,2.7671,2.7666,2.7671,2.7716,2.7721,2.7716,2.7721,4
2026-04-28 11:31:00,2.7666,2.7666,2.7661,2.7661,2.7716,2.7716,2.7711,2.7711,4
2026-04-28 11:32:00,2.7666,2.7666,2.7661,2.7666,2.7716,2.7716,2.7711,2.7716,11
2026-04-28 11:33:00,2.7671,2.7671,2.7661,2.7661,2.7721,2.7721,2.7711,2.7711,4
2026-04-28 11:34:00,2.7656,2.7661,2.7651,2.7656,2.7706,2.7711,2.7701,2.7706,4
2026-04-28 11:35:00,2.7651,2.7651,2.7651,2.7651,2.7701,2.7701,2.7701,2.7701,1
2026-04-28 11:37:00,2.7646,2.7651,2.7646,2.7651,2.7696,2.7701,2.7696,2.7701,2
2026-04-28 11:38:00,2.7641,2.7651,2.7641,2.7651,2.7691,2.7701,2.7691,2.7701,2
2026-04-28 11:40:00,2.7646,2.7646,2.7626,2.7626,2.7696,2.7696,2.7676,2.7676,3
2026-04-28 11:41:00,2.7621,2.7621,2.7606,2.7611,2.7671,2.7671,2.7656,2.7661,3
2026-04-28 11:42:00,2.7621,2.7621,2.7621,2.7621,2.7671,2.7671,2.7671,2.7671,1
2026-04-28 11:43:00,2.7616,2.7621,2.7611,2.7621,2.7666,2.7671,2.7661,2.7671,4
2026-04-28 11:44:00,2.7616,2.7616,2.7611,2.7611,2.7666,2.7666,2.7661,2.7661,2
2026-04-28 11:45:00,2.7606,2.7611,2.7601,2.7611,2.7656,2.7661,2.7651,2.7661,5
2026-04-28 11:47:00,2.7606,2.7611,2.7606,2.7611,2.7656,2.7661,2.7656,2.7661,4
2026-04-28 11:48:00,2.7606,2.7611,2.7601,2.7611,2.7656,2.7661,2.7651,2.7661,4
2026-04-28 11:49:00,2.7606,2.7611,2.7601,2.7611,2.7656,2.7661,2.7651,2.7661,8
2026-04-28 11:50:00,2.7621,2.7621,2.7601,2.7606,2.7671,2.7671,2.7651,2.7656,4
2026-04-28 11:51:00,2.7601,2.7611,2.7601,2.7606,2.7651,2.7661,2.7651,2.7656,6
2026-04-28 11:52:00,2.7611,2.7611,2.7596,2.7596,2.7661,2.7661,2.7646,2.7646,4
2026-04-28 11:53:00,2.7601,2.7601,2.7591,2.7591,2.7651,2.7651,2.7641,2.7641,4
2026-04-28 11:54:00,2.7581,2.7591,2.7571,2.7581,2.7631,2.7641,2.7621,2.7631,8
2026-04-28 11:55:00,2.7571,2.7591,2.7571,2.7581,2.7621,2.7641,2.7621,2.7631,7
2026-04-28 11:56:00,2.7586,2.7601,2.7586,2.7596,2.7636,2.7651,2.7636,2.7646,3
2026-04-28 11:57:00,2.7601,2.7601,2.7581,2.7586,2.7651,2.7651,2.7631,2.7636,16
2026-04-28 11:58:00,2.7581,2.7581,2.7571,2.7581,2.7631,2.7631,2.7621,2.7631,3
2026-04-28 11:59:00,2.7576,2.7581,2.7576,2.7581,2.7626,2.7631,2.7626,2.7631,2
2026-04-28 12:00:00,2.7571,2.7581,2.7551,2.7566,2.7621,2.7631,2.7601,2.7616,21
2026-04-28 12:01:00,2.7561,2.7561,2.7536,2.7536,2.7611,2.7611,2.7586,2.7586,7
2026-04-28 12:02:00,2.7531,2.7531,2.7531,2.7531,2.7581,2.7581,2.7581,2.7581,1
2026-04-28 12:03:00,2.7526,2.7551,2.7526,2.7541,2.7576,2.7601,2.7576,2.7591,5
2026-04-28 12:04:00,2.7531,2.7551,2.7531,2.7551,2.7581,2.7601,2.7581,2.7601,8
2026-04-28 12:05:00,2.7546,2.7546,2.7531,2.7531,2.7596,2.7596,2.7581,2.7581,8
2026-04-28 12:06:00,2.7541,2.7541,2.7531,2.7541,2.7591,2.7591,2.7581,2.7591,6
2026-04-28 12:07:00,2.7531,2.7531,2.7521,2.7526,2.7581,2.7581,2.7571,2.7576,5
2026-04-28 12:08:00,2.7521,2.7541,2.7521,2.7541,2.7571,2.7591,2.7571,2.7591,12
2026-04-28 12:09:00,2.7536,2.7541,2.7526,2.7541,2.7586,2.7591,2.7576,2.7591,7
2026-04-28 12:10:00,2.7536,2.7541,2.7531,2.7536,2.7586,2.7591,2.7581,2.7586,8
2026-04-28 12:11:00,2.7541,2.7541,2.7531,2.7531,2.7591,2.7591,2.7581,2.7581,3
2026-04-28 12:12:00,2.7526,2.7526,2.7521,2.7521,2.7576,2.7576,2.7571,2.7571,2
2026-04-28 12:13:00,2.7526,2.7531,2.7526,2.7526,2.7576,2.7581,2.7576,2.7576,3
2026-04-28 12:14:00,2.7531,2.7531,2.7531,2.7531,2.7581,2.7581,2.7581,2.7581,1
2026-04-28 12:15:00,2.7541,2.7541,2.7526,2.7526,2.7591,2.7591,2.7576,2.7576,3
2026-04-28 12:16:00,2.7521,2.7531,2.7521,2.7531,2.7571,2.7581,2.7571,2.7581,2
2026-04-28 12:17:00,2.7526,2.7531,2.7511,2.7511,2.7576,2.7581,2.7561,2.7561,9
2026-04-28 12:18:00,2.7521,2.7521,2.7491,2.7501,2.7571,2.7571,2.7541,2.7551,9
2026-04-28 12:19:00,2.7496,2.7501,2.7491,2.7491,2.7546,2.7551,2.7541,2.7541,4
2026-04-28 12:20:00,2.7496,2.7516,2.7496,2.7516,2.7546,2.7566,2.7546,2.7566,3
2026-04-28 12:21:00,2.7511,2.7511,2.7491,2.7506,2.7561,2.7561,2.7541,2.7556,13
2026-04-28 12:22:00,2.7511,2.7521,2.7511,2.7511,2.7561,2.7571,2.7561,2.7561,9
2026-04-28 12:25:00,2.7521,2.7541,2.7511,2.7531,2.7571,2.7591,2.7561,2.7581,15
2026-04-28 12:26:00,2.7536,2.7541,2.7531,2.7531,2.7586,2.7591,2.7581,2.7581,6
2026-04-28 12:27:00,2.7526,2.7536,2.7526,2.7536,2.7576,2.7586,2.7576,2.7586,7
2026-04-28 12:28:00,2.7531,2.7531,2.7511,2.7521,2.7581,2.7581,2.7561,2.7571,4
2026-04-28 12:29:00,2.7541,2.7551,2.7541,2.7551,2.7591,2.7601,2.7591,2.7601,7
2026-04-28 12:30:00,2.7546,2.7546,2.7516,2.7516,2.7596,2.7596,2.7566,2.7566,11
2026-04-28 12:31:00,2.7511,2.7511,2.7496,2.7501,2.7561,2.7561,2.7546,2.7551,3
2026-04-28 12:32:00,2.7496,2.7501,2.7491,2.7501,2.7546,2.7551,2.7541,2.7551,8
2026-04-28 12:33:00,2.7491,2.7491,2.7451,2.7461,2.7541,2.7541,2.7501,2.7511,13
2026-04-28 12:34:00,2.7456,2.7461,2.7441,2.7441,2.7506,2.7511,2.7491,2.7491,9
2026-04-28 12:35:00,2.7451,2.7451,2.7421,2.7441,2.7501,2.7501,2.7471,2.7491,19
2026-04-28 12:36:00,2.7431,2.7456,2.7431,2.7456,2.7481,2.7506,2.7481,2.7506,19
2026-04-28 12:37:00,2.7451,2.7451,2.7451,2.7451,2.7501,2.7501,2.7501,2.7501,1
2026-04-28 12:38:00,2.7456,2.7461,2.7451,2.7451,2.7506,2.7511,2.7501,2.7501,7
2026-04-28 12:39:00,2.7456,2.7461,2.7451,2.7456,2.7506,2.7511,2.7501,2.7506,13
2026-04-28 12:40:00,2.7461,2.7461,2.7451,2.7451,2.7511,2.7511,2.7501,2.7501,5
2026-04-28 12:41:00,2.7446,2.7451,2.7441,2.7441,2.7496,2.7501,2.7491,2.7491,5
2026-04-28 12:42:00,2.7436,2.7436,2.7406,2.7411,2.7486,2.7486,2.7456,2.7461,9
2026-04-28 12:43:00,2.7401,2.7411,2.7401,2.7401,2.7451,2.7461,2.7451,2.7451,8
2026-04-28 12:44:00,2.7391,2.7406,2.7391,2.7401,2.7441,2.7456,2.7441,2.7451,9
2026-04-28 12:45:00,2.7391,2.7401,2.7391,2.7401,2.7441,2.7451,2.7441,2.7451,4
2026-04-28 12:46:00,2.7396,2.7401,2.7396,2.7401,2.7446,2.7451,2.7446,2.7451,8
2026-04-28 12:47:00,2.7391,2.7421,2.7391,2.7416,2.7441,2.7471,2.7441,2.7466,5
2026-04-28 12:48:00,2.7421,2.7421,2.7411,2.7421,2.7471,2.7471,2.7461,2.7471,3
2026-04-28 12:49:00,2.7431,2.7451,2.7421,2.7446,2.7481,2.7501,2.7471,2.7496,8
2026-04-28 12:50:00,2.7451,2.7461,2.7441,2.7441,2.7501,2.7511,2.7491,2.7491,11
2026-04-28 12:51:00,2.7451,2.7451,2.7436,2.7451,2.7501,2.7501,2.7486,2.7501,9
2026-04-28 12:52:00,2.7441,2.7451,2.7431,2.7451,2.7491,2.7501,2.7481,2.7501,6
2026-04-28 12:53:00,2.7446,2.7446,2.7421,2.7431,2.7496,2.7496,2.7471,2.7481,10
2026-04-28 12:54:00,2.7426,2.7456,2.7426,2.7456,2.7476,2.7506,2.7476,2.7506,4
2026-04-28 12:55:00,2.7461,2.7461,2.7441,2.7441,2.7511,2.7511,2.7491,2.7491,4
2026-04-28 12:56:00,2.7446,2.7451,2.7441,2.7451,2.7496,2.7501,2.7491,2.7501,3
2026-04-28 12:57:00,2.7441,2.7461,2.7441,2.7461,2.7491,2.7511,2.7491,2.7511,6
2026-04-28 12:58:00,2.7466,2.7471,2.7466,2.7466,2.7516,2.7521,2.7516,2.7516,3
2026-04-28 12:59:00,2.7461,2.7461,2.7446,2.7446,2.7511,2.7511,2.7496,2.7496,4
2026-04-28 13:00:00,2.7451,2.7466,2.7426,2.7461,2.7501,2.7516,2.7476,2.7511,17
2026-04-28 13:01:00,2.7471,2.7496,2.7471,2.7486,2.7521,2.7546,2.7521,2.7536,12
2026-04-28 13:02:00,2.7501,2.7501,2.7486,2.7486,2.7551,2.7551,2.7536,2.7536,4
2026-04-28 13:03:00,2.7481,2.7511,2.7481,2.7501,2.7531,2.7561,2.7531,2.7551,11
2026-04-28 13:04:00,2.7496,2.7516,2.7491,2.7511,2.7546,2.7566,2.7541,2.7561,6
2026-04-28 13:05:00,2.7516,2.7516,2.7491,2.7496,2.7566,2.7566,2.7541,2.7546,18
2026-04-28 13:06:00,2.7491,2.7496,2.7491,2.7491,2.7541,2.7546,2.7541,2.7541,3
2026-04-28 13:07:00,2.7486,2.7511,2.7486,2.7501,2.7536,2.7561,2.7536,2.7551,8
2026-04-28 13:08:00,2.7511,2.7521,2.7501,2.7521,2.7561,2.7571,2.7551,2.7571,5
2026-04-28 13:09:00,2.7516,2.7531,2.7511,2.7521,2.7566,2.7581,2.7561,2.7571,7
2026-04-28 13:10:00,2.7516,2.7521,2.7511,2.7521,2.7566,2.7571,2.7561,2.7571,7
2026-04-28 13:11:00,2.7516,2.7521,2.7511,2.7511,2.7566,2.7571,2.7561,2.7561,5
2026-04-28 13:12:00,2.7516,2.7521,2.7511,2.7521,2.7566,2.7571,2.7561,2.7571,9
2026-04-28 13:13:00,2.7516,2.7521,2.7511,2.7516,2.7566,2.7571,2.7561,2.7566,8
2026-04-28 13:14:00,2.7521,2.7546,2.7511,2.7546,2.7571,2.7596,2.7561,2.7596,11
2026-04-28 13:15:00,2.7556,2.7581,2.7556,2.7576,2.7606,2.7631,2.7606,2.7626,12
2026-04-28 13:16:00,2.7581,2.7591,2.7571,2.7586,2.7631,2.7641,2.7621,2.7636,6
2026-04-28 13:17:00,2.7581,2.7591,2.7581,2.7591,2.7631,2.7641,2.7631,2.7641,6
2026-04-28 13:18:00,2.7586,2.7586,2.7571,2.7581,2.7636,2.7636,2.7621,2.7631,4
2026-04-28 13:19:00,2.7591,2.7626,2.7591,2.7611,2.7641,2.7676,2.7641,2.7661,12
2026-04-28 13:20:00,2.7601,2.7621,2.7591,2.7611,2.7651,2.7671,2.7641,2.7661,9
2026-04-28 13:21:00,2.7606,2.7656,2.7601,2.7651,2.7656,2.7706,2.7651,2.7701,26
2026-04-28 13:22:00,2.7641,2.7671,2.7641,2.7671,2.7691,2.7721,2.7691,2.7721,19
2026-04-28 13:23:00,2.7681,2.7691,2.7671,2.7686,2.7731,2.7741,2.7721,2.7736,11
2026-04-28 13:24:00,2.7681,2.7691,2.7671,2.7691,2.7731,2.7741,2.7721,2.7741,13
2026-04-28 13:25:00,2.7696,2.7701,2.7641,2.7656,2.7746,2.7751,2.7691,2.7706,18
2026-04-28 13:26:00,2.7661,2.7681,2.7651,2.7681,2.7711,2.7731,2.7701,2.7731,10
2026-04-28 13:27:00,2.7671,2.7671,2.7641,2.7671,2.7721,2.7721,2.7691,2.7721,14
2026-04-28 13:28:00,2.7666,2.7666,2.7651,2.7661,2.7716,2.7716,2.7701,2.7711,6
2026-04-28 13:29:00,2.7666,2.7691,2.7651,2.7691,2.7716,2.7741,2.7701,2.7741,15
2026-04-28 13:30:00,2.7681,2.7691,2.7671,2.7691,2.7731,2.7741,2.7721,2.7741,11
2026-04-28 13:31:00,2.7681,2.7711,2.7671,2.7711,2.7731,2.7761,2.7721,2.7761,19
2026-04-28 13:32:00,2.7701,2.7761,2.7701,2.7761,2.7751,2.7811,2.7751,2.7811,18
2026-04-28 13:33:00,2.7751,2.7761,2.7726,2.7761,2.7801,2.7811,2.7776,2.7811,11
2026-04-28 13:34:00,2.7771,2.7876,2.7771,2.7876,2.7821,2.7926,2.7821,2.7926,29
2026-04-28 13:35:00,2.7881,2.7966,2.7881,2.7936,2.7931,2.8016,2.7931,2.7986,29
2026-04-28 13:36:00,2.7931,2.7966,2.7921,2.7941,2.7981,2.8016,2.7971,2.7991,25
2026-04-28 13:37:00,2.7946,2.7971,2.7921,2.7931,2.7996,2.8021,2.7971,2.7981,16
2026-04-28 13:38:00,2.7921,2.7931,2.7871,2.7911,2.7971,2.7981,2.7921,2.7961,31
2026-04-28 13:39:00,2.7906,2.7926,2.7876,2.7901,2.7956,2.7976,2.7926,2.7951,27
2026-04-28 13:40:00,2.7906,2.7936,2.7891,2.7911,2.7956,2.7986,2.7941,2.7961,16
2026-04-28 13:41:00,2.7906,2.7921,2.7891,2.7896,2.7956,2.7971,2.7941,2.7946,15
2026-04-28 13:42:00,2.7891,2.7891,2.7841,2.7851,2.7941,2.7941,2.7891,2.7901,12
2026-04-28 13:43:00,2.7841,2.7851,2.7826,2.7831,2.7891,2.7901,2.7876,2.7881,8
2026-04-28 13:44:00,2.7826,2.7856,2.7821,2.7851,2.7876,2.7906,2.7871,2.7901,18
2026-04-28 13:45:00,2.7841,2.7901,2.7831,2.7856,2.7891,2.7951,2.7881,2.7906,27
2026-04-28 13:46:00,2.7851,2.7886,2.7841,2.7886,2.7901,2.7936,2.7891,2.7936,18
2026-04-28 13:47:00,2.7881,2.7901,2.7846,2.7871,2.7931,2.7951,2.7896,2.7921,22
2026-04-28 13:48:00,2.7881,2.7991,2.7876,2.7941,2.7931,2.8041,2.7926,2.7991,62
2026-04-28 13:49:00,2.7951,2.7996,2.7941,2.7961,2.8001,2.8046,2.7991,2.8011,25
2026-04-28 13:50:00,2.7956,2.7961,2.7891,2.7901,2.8006,2.8011,2.7941,2.7951,29
2026-04-28 13:51:00,2.7891,2.7931,2.7881,2.7921,2.7941,2.7981,2.7931,2.7971,22
2026-04-28 13:52:00,2.7916,2.7936,2.7911,2.7926,2.7966,2.7986,2.7961,2.7976,18
2026-04-28 13:53:00,2.7921,2.7941,2.7911,2.7941,2.7971,2.7991,2.7961,2.7991,21
2026-04-28 13:54:00,2.7946,2.7971,2.7891,2.7911,2.7996,2.8021,2.7941,2.7961,23
2026-04-28 13:55:00,2.7901,2.7901,2.7861,2.7861,2.7951,2.7951,2.7911,2.7911,6
2026-04-28 13:56:00,2.7866,2.7901,2.7866,2.7896,2.7916,2.7951,2.7916,2.7946,18
2026-04-28 13:57:00,2.7891,2.7896,2.7861,2.7871,2.7941,2.7946,2.7911,2.7921,21
2026-04-28 13:58:00,2.7866,2.7871,2.7861,2.7871,2.7916,2.7921,2.7911,2.7921,7
2026-04-28 13:59:00,2.7866,2.7876,2.7861,2.7871,2.7916,2.7926,2.7911,2.7921,12
2026-04-28 14:00:00,2.7856,2.7871,2.7811,2.7831,2.7906,2.7921,2.7861,2.7881,38
2026-04-28 14:01:00,2.7826,2.7831,2.7791,2.7811,2.7876,2.7881,2.7841,2.7861,11
2026-04-28 15:31:00,2.7666,2.7696,2.7661,2.7691,2.7716,2.7746,2.7711,2.7741,44
2026-04-28 15:32:00,2.7686,2.7711,2.7681,2.7701,2.7736,2.7761,2.7731,2.7751,29
2026-04-28 15:33:00,2.7711,2.7711,2.7666,2.7671,2.7761,2.7761,2.7716,2.7721,19
2026-04-28 15:34:00,2.7676,2.7771,2.7676,2.7756,2.7726,2.7821,2.7726,2.7806,34
2026-04-28 15:35:00,2.7751,2.7751,2.7701,2.7706,2.7801,2.7801,2.7751,2.7756,43
2026-04-28 15:36:00,2.7711,2.7781,2.7701,2.7766,2.7761,2.7831,2.7751,2.7816,54
2026-04-28 15:37:00,2.7756,2.7771,2.7751,2.7761,2.7806,2.7821,2.7801,2.7811,12
2026-04-28 15:38:00,2.7756,2.7761,2.7701,2.7731,2.7806,2.7811,2.7751,2.7781,41
2026-04-28 15:39:00,2.7736,2.7751,2.7711,2.7716,2.7786,2.7801,2.7761,2.7766,24
2026-04-28 15:40:00,2.7726,2.7761,2.7726,2.7756,2.7776,2.7811,2.7776,2.7806,17
2026-04-28 15:41:00,2.7761,2.7761,2.7716,2.7716,2.7811,2.7811,2.7766,2.7766,25
2026-04-28 15:42:00,2.7711,2.7721,2.7691,2.7691,2.7761,2.7771,2.7741,2.7741,31
2026-04-28 15:43:00,2.7686,2.7691,2.7666,2.7666,2.7736,2.7741,2.7716,2.7716,21
2026-04-28 15:44:00,2.7651,2.7696,2.7641,2.7696,2.7701,2.7746,2.7691,2.7746,17
2026-04-28 15:45:00,2.7691,2.7701,2.7681,2.7686,2.7741,2.7751,2.7731,2.7736,20
2026-04-28 15:46:00,2.7701,2.7711,2.7681,2.7701,2.7751,2.7761,2.7731,2.7751,26
2026-04-28 15:47:00,2.7691,2.7726,2.7691,2.7721,2.7741,2.7776,2.7741,2.7771,23
2026-04-28 15:48:00,2.7731,2.7731,2.7711,2.7726,2.7781,2.7781,2.7761,2.7776,15
2026-04-28 15:49:00,2.7731,2.7751,2.7721,2.7721,2.7781,2.7801,2.7771,2.7771,13
2026-04-28 15:50:00,2.7716,2.7716,2.7681,2.7701,2.7766,2.7766,2.7731,2.7751,25
2026-04-28 15:51:00,2.7691,2.7701,2.7626,2.7626,2.7741,2.7751,2.7676,2.7676,17
2026-04-28 15:52:00,2.7621,2.7681,2.7621,2.7681,2.7671,2.7731,2.7671,2.7731,21
2026-04-28 15:53:00,2.7676,2.7726,2.7671,2.7711,2.7726,2.7776,2.7721,2.7761,26
2026-04-28 15:54:00,2.7721,2.7721,2.7691,2.7711,2.7771,2.7771,2.7741,2.7761,20
2026-04-28 15:55:00,2.7716,2.7731,2.7711,2.7721,2.7766,2.7781,2.7761,2.7771,8
2026-04-28 15:56:00,2.7716,2.7721,2.7711,2.7721,2.7766,2.7771,2.7761,2.7771,9
2026-04-28 15:57:00,2.7726,2.7726,2.7696,2.7711,2.7776,2.7776,2.7746,2.7761,16
2026-04-28 15:58:00,2.7716,2.7771,2.7716,2.7746,2.7766,2.7821,2.7766,2.7796,22
2026-04-28 15:59:00,2.7761,2.7771,2.7741,2.7761,2.7811,2.7821,2.7791,2.7811,18
2026-04-28 16:00:00,2.7756,2.7771,2.7711,2.7711,2.7806,2.7821,2.7761,2.7761,33
2026-04-28 16:01:00,2.7721,2.7771,2.7701,2.7741,2.7771,2.7821,2.7751,2.7791,32
2026-04-28 16:02:00,2.7751,2.7821,2.7751,2.7791,2.7801,2.7871,2.7801,2.7841,36
2026-04-28 16:03:00,2.7781,2.7791,2.7771,2.7771,2.7831,2.7841,2.7821,2.7821,23
2026-04-28 16:04:00,2.7766,2.7771,2.7751,2.7761,2.7816,2.7821,2.7801,2.7811,11
2026-04-28 16:05:00,2.7766,2.7771,2.7756,2.7761,2.7816,2.7821,2.7806,2.7811,15
2026-04-28 16:06:00,2.7766,2.7786,2.7766,2.7781,2.7816,2.7836,2.7816,2.7831,10
2026-04-28 16:07:00,2.7771,2.7781,2.7751,2.7756,2.7821,2.7831,2.7801,2.7806,14
2026-04-28 16:08:00,2.7751,2.7816,2.7751,2.7811,2.7801,2.7866,2.7801,2.7861,18
2026-04-28 16:09:00,2.7816,2.7831,2.7816,2.7821,2.7866,2.7881,2.7866,2.7871,14
2026-04-28 16:10:00,2.7826,2.7841,2.7821,2.7821,2.7876,2.7891,2.7871,2.7871,18
2026-04-28 16:11:00,2.7831,2.7881,2.7831,2.7861,2.7881,2.7931,2.7881,2.7911,22
2026-04-28 16:12:00,2.7866,2.7876,2.7861,2.7871,2.7916,2.7926,2.7911,2.7921,16
2026-04-28 16:13:00,2.7866,2.7871,2.7861,2.7861,2.7916,2.7921,2.7911,2.7911,6
2026-04-28 16:14:00,2.7851,2.7861,2.7851,2.7851,2.7901,2.7911,2.7901,2.7901,13
2026-04-28 16:15:00,2.7856,2.7871,2.7856,2.7861,2.7906,2.7921,2.7906,2.7911,15
2026-04-28 16:16:00,2.7871,2.7886,2.7861,2.7881,2.7921,2.7936,2.7911,2.7931,22
2026-04-28 16:17:00,2.7891,2.7906,2.7881,2.7906,2.7941,2.7956,2.7931,2.7956,11
2026-04-28 16:18:00,2.7911,2.7941,2.7911,2.7931,2.7961,2.7991,2.7961,2.7981,11
2026-04-28 16:19:00,2.7921,2.7946,2.7921,2.7931,2.7971,2.7996,2.7971,2.7981,21
2026-04-28 16:20:00,2.7921,2.7931,2.7906,2.7916,2.7971,2.7981,2.7956,2.7966,21
2026-04-28 16:21:00,2.7921,2.7951,2.7921,2.7941,2.7971,2.8001,2.7971,2.7991,13
2026-04-28 16:22:00,2.7931,2.7946,2.7911,2.7931,2.7981,2.7996,2.7961,2.7981,20
2026-04-28 16:23:00,2.7926,2.7931,2.7911,2.7926,2.7976,2.7981,2.7961,2.7976,13
2026-04-28 16:24:00,2.7931,2.7931,2.7921,2.7921,2.7981,2.7981,2.7971,2.7971,6
2026-04-28 16:25:00,2.7911,2.7931,2.7901,2.7931,2.7961,2.7981,2.7951,2.7981,15
2026-04-28 16:26:00,2.7921,2.7951,2.7921,2.7941,2.7971,2.8001,2.7971,2.7991,7
2026-04-28 16:27:00,2.7936,2.7941,2.7931,2.7931,2.7986,2.7991,2.7981,2.7981,7
2026-04-28 16:28:00,2.7936,2.7961,2.7931,2.7951,2.7986,2.8011,2.7981,2.8001,23
2026-04-28 16:29:00,2.7946,2.7951,2.7926,2.7946,2.7996,2.8001,2.7976,2.7996,11
2026-04-28 16:30:00,2.7951,2.7961,2.7926,2.7926,2.8001,2.8011,2.7976,2.7976,13
2026-04-28 16:31:00,2.7941,2.7941,2.7911,2.7916,2.7991,2.7991,2.7961,2.7966,16
2026-04-28 16:32:00,2.7921,2.7921,2.7896,2.7901,2.7971,2.7971,2.7946,2.7951,10
2026-04-28 16:33:00,2.7911,2.7911,2.7891,2.7891,2.7961,2.7961,2.7941,2.7941,9
2026-04-28 16:34:00,2.7901,2.7911,2.7881,2.7891,2.7951,2.7961,2.7931,2.7941,16
2026-04-28 16:35:00,2.7886,2.7911,2.7881,2.7901,2.7936,2.7961,2.7931,2.7951,18
2026-04-28 16:36:00,2.7911,2.7911,2.7901,2.7911,2.7961,2.7961,2.7951,2.7961,20
2026-04-28 16:37:00,2.7901,2.7921,2.7901,2.7921,2.7951,2.7971,2.7951,2.7971,12
2026-04-28 16:38:00,2.7926,2.8021,2.7926,2.8021,2.7976,2.8071,2.7976,2.8071,20
2026-04-28 16:39:00,2.8016,2.8031,2.8001,2.8011,2.8066,2.8081,2.8051,2.8061,21
2026-04-28 16:40:00,2.8006,2.8011,2.7956,2.7961,2.8056,2.8061,2.8006,2.8011,18
2026-04-28 16:41:00,2.7956,2.7956,2.7911,2.7931,2.8006,2.8006,2.7961,2.7981,25
2026-04-28 16:42:00,2.7926,2.7961,2.7921,2.7961,2.7976,2.8011,2.7971,2.8011,15
2026-04-28 16:43:00,2.7951,2.7971,2.7951,2.7961,2.8001,2.8021,2.8001,2.8011,8
2026-04-28 16:44:00,2.7956,2.7961,2.7956,2.7961,2.8006,2.8011,2.8006,2.8011,6
2026-04-28 16:45:00,2.7966,2.8001,2.7961,2.7991,2.8016,2.8051,2.8011,2.8041,21
2026-04-28 16:46:00,2.7996,2.8001,2.7971,2.7971,2.8046,2.8051,2.8021,2.8021,23
2026-04-28 16:47:00,2.7976,2.7991,2.7881,2.7881,2.8026,2.8041,2.7931,2.7931,17
2026-04-28 16:48:00,2.7876,2.7931,2.7866,2.7886,2.7926,2.7981,2.7916,2.7936,39
2026-04-28 16:49:00,2.7881,2.7921,2.7861,2.7921,2.7931,2.7971,2.7911,2.7971,15
2026-04-28 16:50:00,2.7926,2.7926,2.7886,2.7901,2.7976,2.7976,2.7936,2.7951,14
2026-04-28 16:51:00,2.7906,2.7911,2.7891,2.7901,2.7956,2.7961,2.7941,2.7951,11
2026-04-28 16:52:00,2.7906,2.7906,2.7861,2.7876,2.7956,2.7956,2.7911,2.7926,19
2026-04-28 16:53:00,2.7866,2.7871,2.7861,2.7866,2.7916,2.7921,2.7911,2.7916,17
2026-04-28 16:54:00,2.7861,2.7881,2.7861,2.7861,2.7911,2.7931,2.7911,2.7911,20
2026-04-28 16:55:00,2.7871,2.7881,2.7831,2.7851,2.7921,2.7931,2.7881,2.7901,39
2026-04-28 16:56:00,2.7856,2.7856,2.7791,2.7831,2.7906,2.7906,2.7841,2.7881,28
2026-04-28 16:57:00,2.7846,2.7861,2.7821,2.7846,2.7896,2.7911,2.7871,2.7896,38
2026-04-28 16:58:00,2.7841,2.7861,2.7831,2.7851,2.7891,2.7911,2.7881,2.7901,15
2026-04-28 16:59:00,2.7846,2.7851,2.7811,2.7811,2.7896,2.7901,2.7861,2.7861,34
2026-04-28 17:00:00,2.7801,2.7801,2.7741,2.7761,2.7851,2.7851,2.7791,2.7811,36
2026-04-28 17:01:00,2.7756,2.7791,2.7746,2.7791,2.7806,2.7841,2.7796,2.7841,36
2026-04-28 17:02:00,2.7796,2.7796,2.7761,2.7771,2.7846,2.7846,2.7811,2.7821,17
2026-04-28 17:03:00,2.7766,2.7771,2.7746,2.7766,2.7816,2.7821,2.7796,2.7816,19
2026-04-28 17:04:00,2.7771,2.7781,2.7761,2.7761,2.7821,2.7831,2.7811,2.7811,17
2026-04-28 17:05:00,2.7756,2.7771,2.7741,2.7771,2.7806,2.7821,2.7791,2.7821,26
2026-04-28 17:06:00,2.7761,2.7801,2.7756,2.7801,2.7811,2.7851,2.7806,2.7851,18
2026-04-28 17:07:00,2.7796,2.7811,2.7786,2.7791,2.7846,2.7861,2.7836,2.7841,15
2026-04-28 17:08:00,2.7796,2.7796,2.7771,2.7771,2.7846,2.7846,2.7821,2.7821,16
2026-04-28 17:09:00,2.7781,2.7791,2.7771,2.7781,2.7831,2.7841,2.7821,2.7831,10
2026-04-28 17:10:00,2.7791,2.7811,2.7771,2.7781,2.7841,2.7861,2.7821,2.7831,14
2026-04-28 17:11:00,2.7771,2.7781,2.7761,2.7771,2.7821,2.7831,2.7811,2.7821,11
2026-04-28 17:12:00,2.7761,2.7771,2.7751,2.7751,2.7811,2.7821,2.7801,2.7801,11
2026-04-28 17:13:00,2.7741,2.7771,2.7741,2.7756,2.7791,2.7821,2.7791,2.7806,20
2026-04-28 17:14:00,2.7761,2.7776,2.7751,2.7776,2.7811,2.7826,2.7801,2.7826,10
2026-04-28 17:15:00,2.7781,2.7801,2.7756,2.7756,2.7831,2.7851,2.7806,2.7806,24
2026-04-28 17:16:00,2.7761,2.7761,2.7726,2.7731,2.7811,2.7811,2.7776,2.7781,26
2026-04-28 17:17:00,2.7721,2.7741,2.7721,2.7721,2.7771,2.7791,2.7771,2.7771,13
2026-04-28 17:18:00,2.7711,2.7711,2.7701,2.7701,2.7761,2.7761,2.7751,2.7751,2
2026-04-28 17:19:00,2.7696,2.7701,2.7691,2.7691,2.7746,2.7751,2.7741,2.7741,7
2026-04-28 17:20:00,2.7696,2.7701,2.7671,2.7676,2.7746,2.7751,2.7721,2.7726,20
2026-04-28 17:21:00,2.7691,2.7701,2.7671,2.7691,2.7741,2.7751,2.7721,2.7741,20
2026-04-28 17:22:00,2.7686,2.7691,2.7681,2.7691,2.7736,2.7741,2.7731,2.7741,8
2026-04-28 17:23:00,2.7686,2.7691,2.7671,2.7681,2.7736,2.7741,2.7721,2.7731,10
2026-04-28 17:24:00,2.7671,2.7681,2.7661,2.7661,2.7721,2.7731,2.7711,2.7711,20
2026-04-28 17:25:00,2.7651,2.7681,2.7651,2.7681,2.7701,2.7731,2.7701,2.7731,5
2026-04-28 17:26:00,2.7676,2.7681,2.7666,2.7671,2.7726,2.7731,2.7716,2.7721,5
2026-04-28 17:27:00,2.7666,2.7691,2.7661,2.7691,2.7716,2.7741,2.7711,2.7741,7
2026-04-28 17:28:00,2.7686,2.7721,2.7686,2.7711,2.7736,2.7771,2.7736,2.7761,9
2026-04-28 17:29:00,2.7706,2.7731,2.7706,2.7731,2.7756,2.7781,2.7756,2.7781,14
2026-04-28 17:30:00,2.7721,2.7796,2.7721,2.7761,2.7771,2.7846,2.7771,2.7811,45
2026-04-28 17:31:00,2.7766,2.7801,2.7766,2.7801,2.7816,2.7851,2.7816,2.7851,13
2026-04-28 17:32:00,2.7811,2.7871,2.7811,2.7826,2.7861,2.7921,2.7861,2.7876,43
2026-04-28 17:33:00,2.7821,2.7821,2.7786,2.7801,2.7871,2.7871,2.7836,2.7851,10
2026-04-28 17:34:00,2.7796,2.7796,2.7781,2.7786,2.7846,2.7846,2.7831,2.7836,11
2026-04-28 17:35:00,2.7781,2.7791,2.7761,2.7766,2.7831,2.7841,2.7811,2.7816,16
2026-04-28 17:36:00,2.7761,2.7771,2.7751,2.7751,2.7811,2.7821,2.7801,2.7801,8
2026-04-28 17:37:00,2.7761,2.7761,2.7711,2.7721,2.7811,2.7811,2.7761,2.7771,10
2026-04-28 17:38:00,2.7711,2.7771,2.7711,2.7766,2.7761,2.7821,2.7761,2.7816,16
2026-04-28 17:39:00,2.7771,2.7781,2.7761,2.7771,2.7821,2.7831,2.7811,2.7821,23
2026-04-28 17:40:00,2.7781,2.7786,2.7771,2.7781,2.7831,2.7836,2.7821,2.7831,12
2026-04-28 17:41:00,2.7776,2.7776,2.7761,2.7771,2.7826,2.7826,2.7811,2.7821,11
2026-04-28 17:42:00,2.7776,2.7781,2.7771,2.7781,2.7826,2.7831,2.7821,2.7831,9
2026-04-28 17:43:00,2.7791,2.7801,2.7781,2.7781,2.7841,2.7851,2.7831,2.7831,4
2026-04-28 17:44:00,2.7791,2.7801,2.7781,2.7791,2.7841,2.7851,2.7831,2.7841,13
2026-04-28 17:45:00,2.7801,2.7811,2.7791,2.7791,2.7851,2.7861,2.7841,2.7841,11
2026-04-28 17:46:00,2.7801,2.7811,2.7791,2.7811,2.7851,2.7861,2.7841,2.7861,5
2026-04-28 17:47:00,2.7816,2.7816,2.7801,2.7811,2.7866,2.7866,2.7851,2.7861,6
2026-04-28 17:48:00,2.7801,2.7811,2.7801,2.7806,2.7851,2.7861,2.7851,2.7856,11
2026-04-28 17:49:00,2.7811,2.7821,2.7801,2.7811,2.7861,2.7871,2.7851,2.7861,11
2026-04-28 17:50:00,2.7801,2.7811,2.7801,2.7801,2.7851,2.7861,2.7851,2.7851,5
2026-04-28 17:51:00,2.7791,2.7811,2.7791,2.7801,2.7841,2.7861,2.7841,2.7851,12
2026-04-28 17:52:00,2.7791,2.7801,2.7791,2.7791,2.7841,2.7851,2.7841,2.7841,4
2026-04-28 17:53:00,2.7801,2.7811,2.7791,2.7811,2.7851,2.7861,2.7841,2.7861,15
2026-04-28 17:54:00,2.7806,2.7811,2.7791,2.7801,2.7856,2.7861,2.7841,2.7851,7
2026-04-28 17:55:00,2.7791,2.7831,2.7791,2.7826,2.7841,2.7881,2.7841,2.7876,7
2026-04-28 17:56:00,2.7831,2.7841,2.7821,2.7831,2.7881,2.7891,2.7871,2.7881,9
2026-04-28 17:57:00,2.7841,2.7841,2.7811,2.7816,2.7891,2.7891,2.7861,2.7866,16
2026-04-28 17:58:00,2.7811,2.7821,2.7811,2.7811,2.7861,2.7871,2.7861,2.7861,5
2026-04-28 17:59:00,2.7816,2.7816,2.7811,2.7811,2.7866,2.7866,2.7861,2.7861,2
2026-04-28 18:00:00,2.7821,2.7826,2.7811,2.7811,2.7871,2.7876,2.7861,2.7861,4
2026-04-28 18:01:00,2.7816,2.7821,2.7801,2.7811,2.7866,2.7871,2.7851,2.7861,20
2026-04-28 18:02:00,2.7821,2.7831,2.7821,2.7821,2.7871,2.7881,2.7871,2.7871,6
2026-04-28 18:03:00,2.7816,2.7821,2.7801,2.7801,2.7866,2.7871,2.7851,2.7851,6
2026-04-28 18:04:00,2.7806,2.7811,2.7801,2.7801,2.7856,2.7861,2.7851,2.7851,11
2026-04-28 18:06:00,2.7796,2.7796,2.7776,2.7776,2.7846,2.7846,2.7826,2.7826,15
2026-04-28 18:07:00,2.7771,2.7771,2.7766,2.7766,2.7821,2.7821,2.7816,2.7816,4
2026-04-28 18:08:00,2.7761,2.7771,2.7761,2.7771,2.7811,2.7821,2.7811,2.7821,5
2026-04-28 18:09:00,2.7776,2.7791,2.7776,2.7791,2.7826,2.7841,2.7826,2.7841,3
2026-04-28 18:10:00,2.7781,2.7791,2.7781,2.7781,2.7831,2.7841,2.7831,2.7831,8
2026-04-28 18:11:00,2.7766,2.7766,2.7761,2.7761,2.7816,2.7816,2.7811,2.7811,4
2026-04-28 18:12:00,2.7771,2.7781,2.7761,2.7771,2.7821,2.7831,2.7811,2.7821,7
2026-04-28 18:13:00,2.7781,2.7781,2.7761,2.7761,2.7831,2.7831,2.7811,2.7811,8
2026-04-28 18:14:00,2.7756,2.7761,2.7756,2.7756,2.7806,2.7811,2.7806,2.7806,5
2026-04-28 18:15:00,2.7751,2.7791,2.7751,2.7786,2.7801,2.7841,2.7801,2.7836,12
2026-04-28 18:16:00,2.7791,2.7801,2.7781,2.7781,2.7841,2.7851,2.7831,2.7831,6
2026-04-28 18:17:00,2.7786,2.7786,2.7751,2.7751,2.7836,2.7836,2.7801,2.7801,6
2026-04-28 18:18:00,2.7741,2.7751,2.7726,2.7731,2.7791,2.7801,2.7776,2.7781,10
2026-04-28 18:19:00,2.7736,2.7741,2.7731,2.7741,2.7786,2.7791,2.7781,2.7791,12
2026-04-28 18:20:00,2.7746,2.7751,2.7731,2.7731,2.7796,2.7801,2.7781,2.7781,7
2026-04-28 18:21:00,2.7736,2.7746,2.7731,2.7741,2.7786,2.7796,2.7781,2.7791,12
2026-04-28 18:22:00,2.7746,2.7761,2.7741,2.7761,2.7796,2.7811,2.7791,2.7811,6
2026-04-28 18:23:00,2.7766,2.7771,2.7751,2.7751,2.7816,2.7821,2.7801,2.7801,10
2026-04-28 18:24:00,2.7756,2.7756,2.7741,2.7751,2.7806,2.7806,2.7791,2.7801,4
2026-04-28 18:25:00,2.7761,2.7761,2.7751,2.7761,2.7811,2.7811,2.7801,2.7811,3
2026-04-28 18:26:00,2.7751,2.7751,2.7741,2.7741,2.7801,2.7801,2.7791,2.7791,2
2026-04-28 18:27:00,2.7736,2.7751,2.7731,2.7751,2.7786,2.7801,2.7781,2.7801,6
2026-04-28 18:28:00,2.7741,2.7741,2.7741,2.7741,2.7791,2.7791,2.7791,2.7791,1
2026-04-28 18:29:00,2.7736,2.7751,2.7731,2.7741,2.7786,2.7801,2.7781,2.7791,9
2026-04-28 18:30:00,2.7746,2.7751,2.7731,2.7731,2.7796,2.7801,2.7781,2.7781,10
2026-04-28 18:31:00,2.7721,2.7731,2.7721,2.7721,2.7771,2.7781,2.7771,2.7771,7
2026-04-28 18:32:00,2.7731,2.7731,2.7721,2.7731,2.7781,2.7781,2.7771,2.7781,6
2026-04-28 18:33:00,2.7741,2.7741,2.7721,2.7721,2.7791,2.7791,2.7771,2.7771,6
2026-04-28 18:34:00,2.7731,2.7741,2.7721,2.7741,2.7781,2.7791,2.7771,2.7791,5
2026-04-28 18:35:00,2.7746,2.7751,2.7726,2.7726,2.7796,2.7801,2.7776,2.7776,7
2026-04-28 18:36:00,2.7721,2.7721,2.7711,2.7711,2.7771,2.7771,2.7761,2.7761,8
2026-04-28 18:37:00,2.7721,2.7741,2.7721,2.7741,2.7771,2.7791,2.7771,2.7791,4
2026-04-28 18:39:00,2.7731,2.7756,2.7731,2.7736,2.7781,2.7806,2.7781,2.7786,10
2026-04-28 18:40:00,2.7731,2.7741,2.7731,2.7731,2.7781,2.7791,2.7781,2.7781,7
2026-04-28 18:41:00,2.7741,2.7741,2.7721,2.7721,2.7791,2.7791,2.7771,2.7771,7
2026-04-28 18:42:00,2.7731,2.7731,2.7711,2.7711,2.7781,2.7781,2.7761,2.7761,7
2026-04-28 18:44:00,2.7706,2.7711,2.7681,2.7706,2.7756,2.7761,2.7731,2.7756,18
2026-04-28 18:45:00,2.7711,2.7731,2.7701,2.7716,2.7761,2.7781,2.7751,2.7766,21
2026-04-28 18:46:00,2.7711,2.7731,2.7711,2.7731,2.7761,2.7781,2.7761,2.7781,7
2026-04-28 18:47:00,2.7726,2.7741,2.7721,2.7741,2.7776,2.7791,2.7771,2.7791,11
2026-04-28 18:48:00,2.7731,2.7761,2.7731,2.7746,2.7781,2.7811,2.7781,2.7796,22
2026-04-28 18:49:00,2.7756,2.7761,2.7741,2.7751,2.7806,2.7811,2.7791,2.7801,8
2026-04-28 18:50:00,2.7746,2.7746,2.7731,2.7731,2.7796,2.7796,2.7781,2.7781,8
2026-04-28 18:51:00,2.7736,2.7741,2.7731,2.7731,2.7786,2.7791,2.7781,2.7781,12
2026-04-28 18:52:00,2.7721,2.7731,2.7721,2.7721,2.7771,2.7781,2.7771,2.7771,8
2026-04-28 18:53:00,2.7731,2.7731,2.7711,2.7731,2.7781,2.7781,2.7761,2.7781,16
2026-04-28 18:54:00,2.7741,2.7756,2.7731,2.7751,2.7791,2.7806,2.7781,2.7801,11
2026-04-28 18:55:00,2.7756,2.7761,2.7741,2.7741,2.7806,2.7811,2.7791,2.7791,4
2026-04-28 18:56:00,2.7751,2.7761,2.7751,2.7761,2.7801,2.7811,2.7801,2.7811,2
2026-04-28 18:57:00,2.7751,2.7751,2.7751,2.7751,2.7801,2.7801,2.7801,2.7801,1
2026-04-28 18:58:00,2.7756,2.7761,2.7756,2.7761,2.7806,2.7811,2.7806,2.7811,2
2026-04-28 18:59:00,2.7756,2.7756,2.7741,2.7746,2.7806,2.7806,2.7791,2.7796,6
2026-04-28 19:00:00,2.7736,2.7741,2.7731,2.7731,2.7786,2.7791,2.7781,2.7781,3
2026-04-28 19:01:00,2.7741,2.7741,2.7721,2.7721,2.7791,2.7791,2.7771,2.7771,7
2026-04-28 19:02:00,2.7716,2.7721,2.7716,2.7721,2.7766,2.7771,2.7766,2.7771,2
2026-04-28 19:03:00,2.7716,2.7721,2.7711,2.7711,2.7766,2.7771,2.7761,2.7761,15
2026-04-28 19:04:00,2.7716,2.7731,2.7716,2.7721,2.7766,2.7781,2.7766,2.7771,11
2026-04-28 19:05:00,2.7716,2.7721,2.7691,2.7691,2.7766,2.7771,2.7741,2.7741,11
2026-04-28 19:06:00,2.7681,2.7691,2.7671,2.7691,2.7731,2.7741,2.7721,2.7741,13
2026-04-28 19:07:00,2.7686,2.7691,2.7681,2.7691,2.7736,2.7741,2.7731,2.7741,6
2026-04-28 19:08:00,2.7686,2.7686,2.7671,2.7676,2.7736,2.7736,2.7721,2.7726,5
2026-04-28 19:09:00,2.7671,2.7691,2.7671,2.7681,2.7721,2.7741,2.7721,2.7731,7
2026-04-28 19:10:00,2.7676,2.7701,2.7676,2.7701,2.7726,2.7751,2.7726,2.7751,6
2026-04-28 19:11:00,2.7696,2.7696,2.7661,2.7666,2.7746,2.7746,2.7711,2.7716,9
2026-04-28 19:12:00,2.7661,2.7681,2.7651,2.7681,2.7711,2.7731,2.7701,2.7731,32
2026-04-28 19:13:00,2.7671,2.7671,2.7661,2.7671,2.7721,2.7721,2.7711,2.7721,5
2026-04-28 19:14:00,2.7661,2.7671,2.7641,2.7671,2.7711,2.7721,2.7691,2.7721,14
2026-04-28 19:15:00,2.7681,2.7681,2.7671,2.7671,2.7731,2.7731,2.7721,2.7721,8
2026-04-28 19:16:00,2.7681,2.7691,2.7681,2.7681,2.7731,2.7741,2.7731,2.7731,7
2026-04-28 19:18:00,2.7691,2.7691,2.7681,2.7681,2.7741,2.7741,2.7731,2.7731,5
2026-04-28 19:19:00,2.7671,2.7681,2.7671,2.7681,2.7721,2.7731,2.7721,2.7731,2
2026-04-28 19:20:00,2.7676,2.7691,2.7676,2.7681,2.7726,2.7741,2.7726,2.7731,7
2026-04-28 19:21:00,2.7676,2.7676,2.7651,2.7651,2.7726,2.7726,2.7701,2.7701,10
2026-04-28 19:22:00,2.7641,2.7651,2.7641,2.7651,2.7691,2.7701,2.7691,2.7701,12
2026-04-28 19:23:00,2.7661,2.7661,2.7651,2.7661,2.7711,2.7711,2.7701,2.7711,4
2026-04-28 19:24:00,2.7671,2.7671,2.7651,2.7651,2.7721,2.7721,2.7701,2.7701,5
2026-04-28 19:25:00,2.7656,2.7661,2.7651,2.7661,2.7706,2.7711,2.7701,2.7711,4
2026-04-28 19:26:00,2.7651,2.7661,2.7651,2.7661,2.7701,2.7711,2.7701,2.7711,3
2026-04-28 19:27:00,2.7651,2.7661,2.7651,2.7651,2.7701,2.7711,2.7701,2.7701,3
2026-04-28 19:28:00,2.7661,2.7661,2.7651,2.7651,2.7711,2.7711,2.7701,2.7701,3
2026-04-28 19:29:00,2.7641,2.7661,2.7641,2.7651,2.7691,2.7711,2.7691,2.7701,10
2026-04-28 19:30:00,2.7641,2.7641,2.7591,2.7611,2.7691,2.7691,2.7641,2.7661,14
2026-04-28 19:31:00,2.7606,2.7631,2.7591,2.7601,2.7656,2.7681,2.7641,2.7651,13
2026-04-28 19:32:00,2.7591,2.7621,2.7591,2.7611,2.7641,2.7671,2.7641,2.7661,13
2026-04-28 19:33:00,2.7606,2.7611,2.7596,2.7596,2.7656,2.7661,2.7646,2.7646,7
2026-04-28 19:34:00,2.7601,2.7616,2.7601,2.7611,2.7651,2.7666,2.7651,2.7661,15
2026-04-28 19:35:00,2.7601,2.7611,2.7591,2.7591,2.7651,2.7661,2.7641,2.7641,11
2026-04-28 19:36:00,2.7581,2.7581,2.7541,2.7551,2.7631,2.7631,2.7591,2.7601,26
2026-04-28 19:37:00,2.7546,2.7571,2.7546,2.7561,2.7596,2.7621,2.7596,2.7611,8
2026-04-28 19:38:00,2.7551,2.7561,2.7551,2.7561,2.7601,2.7611,2.7601,2.7611,5
2026-04-28 19:39:00,2.7551,2.7571,2.7551,2.7561,2.7601,2.7621,2.7601,2.7611,4
2026-04-28 19:40:00,2.7556,2.7591,2.7556,2.7571,2.7606,2.7641,2.7606,2.7621,11
2026-04-28 19:41:00,2.7581,2.7591,2.7576,2.7586,2.7631,2.7641,2.7626,2.7636,6
2026-04-28 19:42:00,2.7581,2.7591,2.7581,2.7581,2.7631,2.7641,2.7631,2.7631,15
2026-04-28 19:43:00,2.7571,2.7571,2.7531,2.7541,2.7621,2.7621,2.7581,2.7591,11
2026-04-28 19:44:00,2.7546,2.7551,2.7521,2.7521,2.7596,2.7601,2.7571,2.7571,30
2026-04-28 19:45:00,2.7531,2.7541,2.7521,2.7541,2.7581,2.7591,2.7571,2.7591,14
2026-04-28 19:46:00,2.7536,2.7541,2.7526,2.7541,2.7586,2.7591,2.7576,2.7591,16
2026-04-28 19:47:00,2.7536,2.7586,2.7531,2.7586,2.7586,2.7636,2.7581,2.7636,13
2026-04-28 19:48:00,2.7591,2.7601,2.7581,2.7591,2.7641,2.7651,2.7631,2.7641,12
2026-04-28 19:49:00,2.7596,2.7601,2.7591,2.7591,2.7646,2.7651,2.7641,2.7641,15
2026-04-28 19:50:00,2.7596,2.7621,2.7591,2.7611,2.7646,2.7671,2.7641,2.7661,13
2026-04-28 19:51:00,2.7606,2.7606,2.7591,2.7591,2.7656,2.7656,2.7641,2.7641,4
2026-04-28 19:52:00,2.7586,2.7631,2.7581,2.7621,2.7636,2.7681,2.7631,2.7671,19
2026-04-28 19:53:00,2.7611,2.7611,2.7591,2.7591,2.7661,2.7661,2.7641,2.7641,8
2026-04-28 19:55:00,2.7581,2.7591,2.7581,2.7581,2.7631,2.7641,2.7631,2.7631,9
2026-04-28 19:56:00,2.7576,2.7581,2.7561,2.7566,2.7626,2.7631,2.7611,2.7616,14
2026-04-28 19:57:00,2.7571,2.7581,2.7561,2.7571,2.7621,2.7631,2.7611,2.7621,23
2026-04-28 19:58:00,2.7576,2.7591,2.7571,2.7571,2.7626,2.7641,2.7621,2.7621,11
2026-04-28 19:59:00,2.7561,2.7566,2.7541,2.7541,2.7611,2.7616,2.7591,2.7591,13
2026-04-28 20:00:00,2.7551,2.7551,2.7501,2.7511,2.7601,2.7601,2.7551,2.7561,46
2026-04-28 20:01:00,2.7506,2.7531,2.7501,2.7511,2.7556,2.7581,2.7551,2.7561,25
2026-04-28 20:02:00,2.7521,2.7521,2.7501,2.7511,2.7571,2.7571,2.7551,2.7561,28
2026-04-28 20:03:00,2.7501,2.7531,2.7496,2.7521,2.7551,2.7581,2.7546,2.7571,30
2026-04-28 20:04:00,2.7526,2.7571,2.7491,2.7556,2.7576,2.7621,2.7541,2.7606,41
2026-04-28 20:05:00,2.7551,2.7581,2.7536,2.7536,2.7601,2.7631,2.7586,2.7586,34
2026-04-28 20:06:00,2.7521,2.7561,2.7521,2.7541,2.7571,2.7611,2.7571,2.7591,34
2026-04-28 20:07:00,2.7546,2.7581,2.7546,2.7581,2.7596,2.7631,2.7596,2.7631,34
2026-04-28 20:08:00,2.7586,2.7616,2.7586,2.7596,2.7636,2.7666,2.7636,2.7646,37
2026-04-28 20:09:00,2.7591,2.7611,2.7581,2.7596,2.7641,2.7661,2.7631,2.7646,34
2026-04-28 20:10:00,2.7611,2.7631,2.7596,2.7626,2.7661,2.7681,2.7646,2.7676,27
2026-04-28 20:11:00,2.7631,2.7651,2.7631,2.7651,2.7681,2.7701,2.7681,2.7701,23
2026-04-28 20:12:00,2.7636,2.7651,2.7631,2.7631,2.7686,2.7701,2.7681,2.7681,21
2026-04-28 20:13:00,2.7626,2.7626,2.7591,2.7596,2.7676,2.7676,2.7641,2.7646,31
2026-04-28 20:14:00,2.7601,2.7601,2.7561,2.7581,2.7651,2.7651,2.7611,2.7631,35
2026-04-28 20:15:00,2.7576,2.7576,2.7521,2.7521,2.7626,2.7626,2.7571,2.7571,43
2026-04-28 20:16:00,2.7516,2.7571,2.7511,2.7551,2.7566,2.7621,2.7561,2.7601,26
2026-04-28 20:17:00,2.7546,2.7561,2.7536,2.7541,2.7596,2.7611,2.7586,2.7591,23
2026-04-28 20:18:00,2.7551,2.7551,2.7521,2.7541,2.7601,2.7601,2.7571,2.7591,22
2026-04-28 20:19:00,2.7531,2.7571,2.7521,2.7541,2.7581,2.7621,2.7571,2.7591,31
2026-04-28 20:20:00,2.7536,2.7551,2.7506,2.7511,2.7586,2.7601,2.7556,2.7561,24
2026-04-28 20:21:00,2.7501,2.7521,2.7501,2.7511,2.7551,2.7571,2.7551,2.7561,17
2026-04-28 20:22:00,2.7516,2.7531,2.7511,2.7511,2.7566,2.7581,2.7561,2.7561,11
2026-04-28 20:23:00,2.7506,2.7511,2.7471,2.7481,2.7556,2.7561,2.7521,2.7531,27
2026-04-28 20:24:00,2.7476,2.7491,2.7471,2.7481,2.7526,2.7541,2.7521,2.7531,35
2026-04-28 20:25:00,2.7476,2.7501,2.7471,2.7491,2.7526,2.7551,2.7521,2.7541,32
2026-04-28 20:26:00,2.7486,2.7516,2.7486,2.7511,2.7536,2.7566,2.7536,2.7561,18
2026-04-28 20:27:00,2.7501,2.7511,2.7491,2.7496,2.7551,2.7561,2.7541,2.7546,24
2026-04-28 20:28:00,2.7501,2.7516,2.7491,2.7501,2.7551,2.7566,2.7541,2.7551,56
2026-04-28 20:29:00,2.7496,2.7501,2.7471,2.7491,2.7546,2.7551,2.7521,2.7541,56
2026-04-28 20:30:00,2.7481,2.7531,2.7481,2.7511,2.7531,2.7581,2.7531,2.7561,23
2026-04-28 20:31:00,2.7516,2.7531,2.7501,2.7521,2.7566,2.7581,2.7551,2.7571,28
2026-04-28 20:32:00,2.7531,2.7541,2.7521,2.7521,2.7581,2.7591,2.7571,2.7571,9
2026-04-28 20:33:00,2.7526,2.7546,2.7521,2.7541,2.7576,2.7596,2.7571,2.7591,17
2026-04-28 20:34:00,2.7546,2.7546,2.7511,2.7521,2.7596,2.7596,2.7561,2.7571,19
2026-04-28 20:35:00,2.7511,2.7521,2.7501,2.7501,2.7561,2.7571,2.7551,2.7551,7
2026-04-28 20:36:00,2.7491,2.7491,2.7451,2.7456,2.7541,2.7541,2.7501,2.7506,18
2026-04-28 20:37:00,2.7451,2.7451,2.7426,2.7426,2.7501,2.7501,2.7476,2.7476,17
2026-04-28 20:38:00,2.7431,2.7431,2.7401,2.7401,2.7481,2.7481,2.7451,2.7451,17
2026-04-28 20:39:00,2.7411,2.7416,2.7401,2.7416,2.7461,2.7466,2.7451,2.7466,8
2026-04-28 20:40:00,2.7421,2.7431,2.7401,2.7401,2.7471,2.7481,2.7451,2.7451,13
2026-04-28 20:41:00,2.7406,2.7421,2.7406,2.7411,2.7456,2.7471,2.7456,2.7461,10
2026-04-28 20:42:00,2.7421,2.7421,2.7401,2.7401,2.7471,2.7471,2.7451,2.7451,12
2026-04-28 20:43:00,2.7411,2.7411,2.7401,2.7406,2.7461,2.7461,2.7451,2.7456,8
2026-04-28 20:44:00,2.7411,2.7416,2.7406,2.7411,2.7461,2.7466,2.7456,2.7461,7
2026-04-28 20:45:00,2.7401,2.7411,2.7391,2.7391,2.7451,2.7461,2.7441,2.7441,11
2026-04-28 20:46:00,2.7381,2.7391,2.7346,2.7361,2.7431,2.7441,2.7396,2.7411,20
2026-04-28 20:48:00,2.7371,2.7371,2.7336,2.7341,2.7421,2.7421,2.7386,2.7391,20
2026-04-28 20:49:00,2.7336,2.7361,2.7336,2.7361,2.7386,2.7411,2.7386,2.7411,8
2026-04-28 20:50:00,2.7356,2.7361,2.7351,2.7351,2.7406,2.7411,2.7401,2.7401,10
2026-04-28 20:51:00,2.7361,2.7361,2.7351,2.7351,2.7411,2.7411,2.7401,2.7401,9
2026-04-28 20:52:00,2.7341,2.7341,2.7321,2.7336,2.7391,2.7391,2.7371,2.7386,17
2026-04-28 20:53:00,2.7331,2.7351,2.7331,2.7341,2.7381,2.7401,2.7381,2.7391,13
2026-04-28 20:54:00,2.7346,2.7411,2.7346,2.7391,2.7396,2.7461,2.7396,2.7441,22
2026-04-28 20:55:00,2.7396,2.7421,2.7396,2.7411,2.7446,2.7471,2.7446,2.7461,10
2026-04-28 20:56:00,2.7406,2.7416,2.7401,2.7411,2.7456,2.7466,2.7451,2.7461,11
2026-04-28 20:57:00,2.7401,2.7406,2.7391,2.7401,2.7451,2.7456,2.7441,2.7451,9
2026-04-28 20:58:00,2.7396,2.7401,2.7386,2.7391,2.7446,2.7451,2.7436,2.7441,13
2026-04-28 20:59:00,2.7396,2.7406,2.7391,2.7406,2.7446,2.7456,2.7441,2.7456,10
2026-04-28 21:00:00,2.7401,2.7406,2.7391,2.7401,2.7451,2.7456,2.7441,2.7451,8
2026-04-28 21:01:00,2.7396,2.7401,2.7381,2.7381,2.7446,2.7451,2.7431,2.7431,7
2026-04-28 21:02:00,2.7386,2.7391,2.7381,2.7391,2.7436,2.7441,2.7431,2.7441,4
2026-04-28 21:03:00,2.7381,2.7401,2.7381,2.7401,2.7431,2.7451,2.7431,2.7451,6
2026-04-28 21:04:00,2.7396,2.7401,2.7396,2.7401,2.7446,2.7451,2.7446,2.7451,4
2026-04-28 21:05:00,2.7396,2.7401,2.7391,2.7401,2.7446,2.7451,2.7441,2.7451,9
2026-04-28 21:06:00,2.7406,2.7411,2.7391,2.7401,2.7456,2.7461,2.7441,2.7451,15
2026-04-28 21:07:00,2.7396,2.7401,2.7371,2.7381,2.7446,2.7451,2.7421,2.7431,12
2026-04-28 21:08:00,2.7376,2.7376,2.7366,2.7376,2.7426,2.7426,2.7416,2.7426,5
2026-04-28 21:09:00,2.7371,2.7381,2.7371,2.7376,2.7421,2.7431,2.7421,2.7426,9
2026-04-28 21:10:00,2.7381,2.7391,2.7381,2.7381,2.7431,2.7441,2.7431,2.7431,7
2026-04-28 21:11:00,2.7386,2.7386,2.7371,2.7371,2.7436,2.7436,2.7421,2.7421,14
2026-04-28 21:12:00,2.7376,2.7381,2.7371,2.7381,2.7426,2.7431,2.7421,2.7431,5
2026-04-28 21:13:00,2.7386,2.7386,2.7381,2.7381,2.7436,2.7436,2.7431,2.7431,2
2026-04-28 21:14:00,2.7386,2.7391,2.7381,2.7381,2.7436,2.7441,2.7431,2.7431,9
2026-04-28 21:15:00,2.7391,2.7391,2.7381,2.7381,2.7441,2.7441,2.7431,2.7431,4
2026-04-28 21:16:00,2.7386,2.7386,2.7381,2.7381,2.7436,2.7436,2.7431,2.7431,4
2026-04-28 21:17:00,2.7376,2.7411,2.7376,2.7401,2.7426,2.7461,2.7426,2.7451,12
2026-04-28 21:18:00,2.7406,2.7416,2.7401,2.7401,2.7456,2.7466,2.7451,2.7451,17
2026-04-28 21:19:00,2.7411,2.7411,2.7401,2.7401,2.7461,2.7461,2.7451,2.7451,9
2026-04-28 21:20:00,2.7406,2.7406,2.7406,2.7406,2.7456,2.7456,2.7456,2.7456,1
2026-04-28 21:21:00,2.7416,2.7421,2.7416,2.7421,2.7466,2.7471,2.7466,2.7471,2
2026-04-28 21:22:00,2.7431,2.7431,2.7416,2.7416,2.7481,2.7481,2.7466,2.7466,13
2026-04-28 21:23:00,2.7421,2.7431,2.7411,2.7421,2.7471,2.7481,2.7461,2.7471,5
2026-04-28 21:24:00,2.7431,2.7441,2.7426,2.7441,2.7481,2.7491,2.7476,2.7491,6
2026-04-28 21:25:00,2.7431,2.7461,2.7431,2.7451,2.7481,2.7511,2.7481,2.7501,12
2026-04-28 21:26:00,2.7446,2.7451,2.7441,2.7441,2.7496,2.7501,2.7491,2.7491,5
2026-04-28 21:27:00,2.7436,2.7441,2.7436,2.7441,2.7486,2.7491,2.7486,2.7491,2
2026-04-28 21:28:00,2.7446,2.7451,2.7441,2.7446,2.7496,2.7501,2.7491,2.7496,5
2026-04-28 21:29:00,2.7441,2.7461,2.7441,2.7456,2.7491,2.7511,2.7491,2.7506,8
2026-04-28 21:30:00,2.7461,2.7461,2.7451,2.7451,2.7511,2.7511,2.7501,2.7501,5
2026-04-28 21:31:00,2.7441,2.7451,2.7441,2.7451,2.7491,2.7501,2.7491,2.7501,6
2026-04-28 21:33:00,2.7441,2.7451,2.7441,2.7441,2.7491,2.7501,2.7491,2.7491,4
2026-04-28 21:34:00,2.7431,2.7441,2.7431,2.7431,2.7481,2.7491,2.7481,2.7481,4
2026-04-28 21:35:00,2.7441,2.7441,2.7421,2.7431,2.7491,2.7491,2.7471,2.7481,8
2026-04-28 21:36:00,2.7436,2.7441,2.7436,2.7436,2.7486,2.7491,2.7486,2.7486,5
2026-04-28 21:37:00,2.7431,2.7446,2.7431,2.7446,2.7481,2.7496,2.7481,2.7496,5
2026-04-28 21:38:00,2.7441,2.7441,2.7431,2.7441,2.7491,2.7491,2.7481,2.7491,3
2026-04-28 21:39:00,2.7431,2.7441,2.7431,2.7436,2.7481,2.7491,2.7481,2.7486,7
2026-04-28 21:40:00,2.7431,2.7441,2.7431,2.7431,2.7481,2.7491,2.7481,2.7481,4
2026-04-28 21:41:00,2.7436,2.7451,2.7436,2.7441,2.7486,2.7501,2.7486,2.7491,4
2026-04-28 21:42:00,2.7446,2.7446,2.7436,2.7441,2.7496,2.7496,2.7486,2.7491,4
2026-04-28 21:43:00,2.7446,2.7471,2.7446,2.7466,2.7496,2.7521,2.7496,2.7516,10
2026-04-28 21:44:00,2.7461,2.7466,2.7461,2.7461,2.7511,2.7516,2.7511,2.7511,7
2026-04-28 21:46:00,2.7466,2.7466,2.7461,2.7461,2.7516,2.7516,2.7511,2.7511,2
2026-04-28 21:47:00,2.7466,2.7476,2.7466,2.7471,2.7516,2.7526,2.7516,2.7521,5
2026-04-28 21:49:00,2.7481,2.7481,2.7471,2.7471,2.7531,2.7531,2.7521,2.7521,2
2026-04-28 21:50:00,2.7461,2.7461,2.7461,2.7461,2.7511,2.7511,2.7511,2.7511,1
2026-04-28 21:51:00,2.7456,2.7461,2.7456,2.7461,2.7506,2.7511,2.7506,2.7511,2
2026-04-28 21:53:00,2.7471,2.7471,2.7461,2.7471,2.7521,2.7521,2.7511,2.7521,7
2026-04-28 21:54:00,2.7466,2.7466,2.7461,2.7461,2.7516,2.7516,2.7511,2.7511,2
2026-04-28 21:55:00,2.7466,2.7466,2.7456,2.7456,2.7516,2.7516,2.7506,2.7506,3
2026-04-28 21:56:00,2.7461,2.7461,2.7451,2.7451,2.7511,2.7511,2.7501,2.7501,5
2026-04-28 21:58:00,2.7461,2.7471,2.7456,2.7466,2.7511,2.7521,2.7506,2.7516,5
2026-04-28 21:59:00,2.7471,2.7471,2.7461,2.7461,2.7521,2.7521,2.7511,2.7511,12
2026-04-28 22:00:00,2.7471,2.7471,2.7461,2.7461,2.7521,2.7521,2.7511,2.7511,6
2026-04-28 22:02:00,2.7466,2.7466,2.7466,2.7466,2.7516,2.7516,2.7516,2.7516,1
2026-04-28 22:03:00,2.7461,2.7466,2.7461,2.7466,2.7511,2.7516,2.7511,2.7516,2
2026-04-28 22:06:00,2.7461,2.7461,2.7456,2.7461,2.7511,2.7511,2.7506,2.7511,3
2026-04-28 22:07:00,2.7456,2.7461,2.7446,2.7446,2.7506,2.7511,2.7496,2.7496,4
2026-04-28 22:08:00,2.7441,2.7441,2.7416,2.7416,2.7491,2.7491,2.7466,2.7466,9
2026-04-28 22:09:00,2.7421,2.7421,2.7411,2.7411,2.7471,2.7471,2.7461,2.7461,10
2026-04-28 22:10:00,2.7416,2.7421,2.7406,2.7406,2.7466,2.7471,2.7456,2.7456,7
2026-04-28 22:11:00,2.7411,2.7411,2.7396,2.7401,2.7461,2.7461,2.7446,2.7451,7
2026-04-28 22:12:00,2.7396,2.7411,2.7396,2.7401,2.7446,2.7461,2.7446,2.7451,12
2026-04-28 22:13:00,2.7411,2.7426,2.7411,2.7426,2.7461,2.7476,2.7461,2.7476,7
2026-04-28 22:14:00,2.7421,2.7421,2.7421,2.7421,2.7471,2.7471,2.7471,2.7471,1
2026-04-28 22:15:00,2.7411,2.7411,2.7411,2.7411,2.7461,2.7461,2.7461,2.7461,1
2026-04-28 22:16:00,2.7416,2.7441,2.7416,2.7431,2.7466,2.7491,2.7466,2.7481,6
2026-04-28 22:18:00,2.7426,2.7431,2.7426,2.7431,2.7476,2.7481,2.7476,2.7481,2
2026-04-28 22:19:00,2.7441,2.7441,2.7426,2.7431,2.7491,2.7491,2.7476,2.7481,4
2026-04-28 22:20:00,2.7421,2.7426,2.7411,2.7421,2.7471,2.7476,2.7461,2.7471,6
2026-04-28 22:22:00,2.7416,2.7416,2.7416,2.7416,2.7466,2.7466,2.7466,2.7466,1
2026-04-28 22:23:00,2.7421,2.7421,2.7416,2.7416,2.7471,2.7471,2.7466,2.7466,2
2026-04-28 22:24:00,2.7411,2.7411,2.7411,2.7411,2.7461,2.7461,2.7461,2.7461,1
2026-04-28 22:25:00,2.7406,2.7406,2.7406,2.7406,2.7456,2.7456,2.7456,2.7456,1
2026-04-28 22:26:00,2.7411,2.7411,2.7401,2.7401,2.7461,2.7461,2.7451,2.7451,2
2026-04-28 22:27:00,2.7406,2.7426,2.7406,2.7411,2.7456,2.7476,2.7456,2.7461,5
2026-04-28 22:28:00,2.7431,2.7441,2.7421,2.7441,2.7481,2.7491,2.7471,2.7491,13
2026-04-28 22:29:00,2.7436,2.7436,2.7426,2.7426,2.7486,2.7486,2.7476,2.7476,2
2026-04-28 22:30:00,2.7431,2.7431,2.7421,2.7431,2.7481,2.7481,2.7471,2.7481,10
2026-04-28 22:31:00,2.7421,2.7426,2.7421,2.7426,2.7471,2.7476,2.7471,2.7476,4
2026-04-28 22:33:00,2.7421,2.7426,2.7421,2.7426,2.7471,2.7476,2.7471,2.7476,2
2026-04-28 22:34:00,2.7421,2.7436,2.7421,2.7431,2.7471,2.7486,2.7471,2.7481,5
2026-04-28 22:35:00,2.7426,2.7431,2.7426,2.7431,2.7476,2.7481,2.7476,2.7481,2
2026-04-28 22:36:00,2.7426,2.7426,2.7426,2.7426,2.7476,2.7476,2.7476,2.7476,1
2026-04-28 22:37:00,2.7421,2.7431,2.7421,2.7431,2.7471,2.7481,2.7471,2.7481,3
2026-04-28 22:38:00,2.7426,2.7426,2.7421,2.7421,2.7476,2.7476,2.7471,2.7471,4
2026-04-28 22:39:00,2.7426,2.7431,2.7421,2.7426,2.7476,2.7481,2.7471,2.7476,5
2026-04-28 22:40:00,2.7436,2.7436,2.7436,2.7436,2.7486,2.7486,2.7486,2.7486,1
2026-04-28 22:41:00,2.7431,2.7431,2.7431,2.7431,2.7481,2.7481,2.7481,2.7481,1
2026-04-28 22:42:00,2.7436,2.7436,2.7431,2.7431,2.7486,2.7486,2.7481,2.7481,2
2026-04-28 22:43:00,2.7426,2.7426,2.7411,2.7416,2.7476,2.7476,2.7461,2.7466,9
2026-04-28 22:44:00,2.7421,2.7421,2.7421,2.7421,2.7471,2.7471,2.7471,2.7471,1
2026-04-28 22:45:00,2.7416,2.7421,2.7411,2.7416,2.7466,2.7471,2.7461,2.7466,8
2026-04-28 22:46:00,2.7411,2.7416,2.7411,2.7416,2.7461,2.7466,2.7461,2.7466,2
2026-04-28 22:47:00,2.7421,2.7431,2.7421,2.7426,2.7471,2.7481,2.7471,2.7476,5
2026-04-28 22:49:00,2.7421,2.7431,2.7421,2.7426,2.7471,2.7481,2.7471,2.7476,3
2026-04-28 22:50:00,2.7421,2.7441,2.7421,2.7441,2.7471,2.7491,2.7471,2.7491,3
2026-04-28 22:51:00,2.7431,2.7451,2.7431,2.7451,2.7481,2.7501,2.7481,2.7501,7
2026-04-28 22:52:00,2.7441,2.7441,2.7441,2.7441,2.7491,2.7491,2.7491,2.7491,1
2026-04-28 22:53:00,2.7436,2.7436,2.7411,2.7421,2.7486,2.7486,2.7461,2.7471,5
2026-04-28 22:54:00,2.7416,2.7421,2.7401,2.7401,2.7466,2.7471,2.7451,2.7451,4
2026-04-28 22:55:00,2.7396,2.7401,2.7381,2.7386,2.7446,2.7451,2.7431,2.7436,6
2026-04-28 22:56:00,2.7381,2.7381,2.7381,2.7381,2.7431,2.7431,2.7431,2.7431,1
2026-04-28 22:57:00,2.7376,2.7386,2.7376,2.7381,2.7426,2.7436,2.7426,2.7431,4
2026-04-28 22:58:00,2.7391,2.7391,2.7391,2.7391,2.7441,2.7441,2.7441,2.7441,1
2026-04-28 22:59:00,2.7381,2.7492,2.7371,2.7492,2.7431,2.7542,2.7421,2.7542,10
2026-04-29 00:00:00,2.7507,2.7512,2.7482,2.7512,2.7557,2.7562,2.7532,2.7562,20
2026-04-29 00:01:00,2.7507,2.7522,2.7507,2.7512,2.7557,2.7572,2.7557,2.7562,15
2026-04-29 00:02:00,2.7517,2.7522,2.7507,2.7512,2.7567,2.7572,2.7557,2.7562,10
2026-04-29 00:03:00,2.7502,2.7517,2.7502,2.7517,2.7552,2.7567,2.7552,2.7567,3
2026-04-29 00:04:00,2.7507,2.7512,2.7502,2.7512,2.7557,2.7562,2.7552,2.7562,8
2026-04-29 00:08:00,2.7502,2.7512,2.7502,2.7512,2.7552,2.7562,2.7552,2.7562,2
2026-04-29 00:10:00,2.7517,2.7522,2.7517,2.7522,2.7567,2.7572,2.7567,2.7572,2
2026-04-29 00:13:00,2.7527,2.7532,2.7527,2.7532,2.7577,2.7582,2.7577,2.7582,2
2026-04-29 00:16:00,2.7527,2.7527,2.7527,2.7527,2.7577,2.7577,2.7577,2.7577,1
2026-04-29 00:17:00,2.7532,2.7532,2.7522,2.7522,2.7582,2.7582,2.7572,2.7572,3
2026-04-29 00:19:00,2.7512,2.7512,2.7512,2.7512,2.7562,2.7562,2.7562,2.7562,1
2026-04-29 00:25:00,2.7517,2.7517,2.7512,2.7512,2.7567,2.7567,2.7562,2.7562,2
2026-04-29 00:26:00,2.7502,2.7512,2.7502,2.7512,2.7552,2.7562,2.7552,2.7562,3
2026-04-29 00:27:00,2.7517,2.7517,2.7517,2.7517,2.7567,2.7567,2.7567,2.7567,1
2026-04-29 00:28:00,2.7522,2.7522,2.7517,2.7517,2.7572,2.7572,2.7567,2.7567,2
2026-04-29 00:29:00,2.7507,2.7507,2.7502,2.7502,2.7557,2.7557,2.7552,2.7552,2
2026-04-29 00:30:00,2.7497,2.7497,2.7497,2.7497,2.7547,2.7547,2.7547,2.7547,1
2026-04-29 00:31:00,2.7502,2.7502,2.7502,2.7502,2.7552,2.7552,2.7552,2.7552,1
2026-04-29 00:36:00,2.7512,2.7512,2.7512,2.7512,2.7562,2.7562,2.7562,2.7562,1
2026-04-29 00:39:00,2.7522,2.7522,2.7517,2.7517,2.7572,2.7572,2.7567,2.7567,2
2026-04-29 00:41:00,2.7522,2.7522,2.7522,2.7522,2.7572,2.7572,2.7572,2.7572,1
2026-04-29 00:45:00,2.7527,2.7527,2.7527,2.7527,2.7577,2.7577,2.7577,2.7577,1
2026-04-29 00:46:00,2.7522,2.7522,2.7512,2.7512,2.7572,2.7572,2.7562,2.7562,2
2026-04-29 00:48:00,2.7522,2.7522,2.7512,2.7512,2.7572,2.7572,2.7562,2.7562,4
2026-04-29 00:51:00,2.7517,2.7522,2.7517,2.7522,2.7567,2.7572,2.7567,2.7572,2
2026-04-29 00:54:00,2.7512,2.7522,2.7512,2.7522,2.7562,2.7572,2.7562,2.7572,2
2026-04-29 00:59:00,2.7527,2.7527,2.7517,2.7517,2.7577,2.7577,2.7567,2.7567,3
2026-04-29 01:00:00,2.7512,2.7512,2.7512,2.7512,2.7562,2.7562,2.7562,2.7562,1
2026-04-29 01:05:00,2.7522,2.7522,2.7512,2.7512,2.7572,2.7572,2.7562,2.7562,3
2026-04-29 01:20:00,2.7522,2.7522,2.7512,2.7512,2.7572,2.7572,2.7562,2.7562,2
2026-04-29 01:21:00,2.7507,2.7507,2.7502,2.7502,2.7557,2.7557,2.7552,2.7552,2
2026-04-29 01:22:00,2.7512,2.7512,2.7512,2.7512,2.7562,2.7562,2.7562,2.7562,1
2026-04-29 01:25:00,2.7532,2.7532,2.7532,2.7532,2.7582,2.7582,2.7582,2.7582,1
2026-04-29 01:26:00,2.7537,2.7537,2.7537,2.7537,2.7587,2.7587,2.7587,2.7587,1
2026-04-29 01:27:00,2.7552,2.7552,2.7532,2.7532,2.7602,2.7602,2.7582,2.7582,3
2026-04-29 01:47:00,2.7522,2.7522,2.7522,2.7522,2.7572,2.7572,2.7572,2.7572,1
2026-04-29 01:53:00,2.7527,2.7527,2.7522,2.7522,2.7577,2.7577,2.7572,2.7572,2
2026-04-29 01:55:00,2.7512,2.7512,2.7512,2.7512,2.7562,2.7562,2.7562,2.7562,1
2026-04-29 01:56:00,2.7517,2.7522,2.7512,2.7522,2.7567,2.7572,2.7562,2.7572,5
2026-04-29 01:57:00,2.7517,2.7522,2.7512,2.7522,2.7567,2.7572,2.7562,2.7572,5
2026-04-29 01:58:00,2.7517,2.7517,2.7517,2.7517,2.7567,2.7567,2.7567,2.7567,1
2026-04-29 02:00:00,2.7512,2.7512,2.7502,2.7512,2.7562,2.7562,2.7552,2.7562,10
2026-04-29 02:01:00,2.7502,2.7512,2.7492,2.7492,2.7552,2.7562,2.7542,2.7542,4
2026-04-29 02:02:00,2.7502,2.7502,2.7492,2.7497,2.7552,2.7552,2.7542,2.7547,4
2026-04-29 02:03:00,2.7492,2.7502,2.7492,2.7502,2.7542,2.7552,2.7542,2.7552,5
2026-04-29 02:04:00,2.7497,2.7497,2.7437,2.7462,2.7547,2.7547,2.7487,2.7512,14
2026-04-29 02:05:00,2.7477,2.7522,2.7477,2.7512,2.7527,2.7572,2.7527,2.7562,12
2026-04-29 02:06:00,2.7522,2.7522,2.7512,2.7522,2.7572,2.7572,2.7562,2.7572,4
2026-04-29 02:07:00,2.7527,2.7527,2.7512,2.7522,2.7577,2.7577,2.7562,2.7572,8
2026-04-29 02:08:00,2.7512,2.7512,2.7502,2.7512,2.7562,2.7562,2.7552,2.7562,6
2026-04-29 02:10:00,2.7507,2.7507,2.7502,2.7502,2.7557,2.7557,2.7552,2.7552,2
2026-04-29 02:11:00,2.7507,2.7512,2.7502,2.7502,2.7557,2.7562,2.7552,2.7552,4
2026-04-29 02:12:00,2.7487,2.7487,2.7477,2.7482,2.7537,2.7537,2.7527,2.7532,6
2026-04-29 02:14:00,2.7487,2.7487,2.7472,2.7472,2.7537,2.7537,2.7522,2.7522,10
2026-04-29 02:15:00,2.7462,2.7462,2.7442,2.7452,2.7512,2.7512,2.7492,2.7502,8
2026-04-29 02:16:00,2.7457,2.7457,2.7452,2.7452,2.7507,2.7507,2.7502,2.7502,2
2026-04-29 02:17:00,2.7462,2.7462,2.7452,2.7452,2.7512,2.7512,2.7502,2.7502,2
2026-04-29 02:19:00,2.7462,2.7462,2.7452,2.7452,2.7512,2.7512,2.7502,2.7502,2
2026-04-29 02:20:00,2.7462,2.7462,2.7462,2.7462,2.7512,2.7512,2.7512,2.7512,1
2026-04-29 02:21:00,2.7472,2.7472,2.7472,2.7472,2.7522,2.7522,2.7522,2.7522,1
2026-04-29 02:24:00,2.7477,2.7482,2.7472,2.7472,2.7527,2.7532,2.7522,2.7522,3
2026-04-29 02:26:00,2.7467,2.7472,2.7452,2.7452,2.7517,2.7522,2.7502,2.7502,5
2026-04-29 02:27:00,2.7447,2.7462,2.7447,2.7452,2.7497,2.7512,2.7497,2.7502,4
2026-04-29 02:30:00,2.7457,2.7457,2.7452,2.7457,2.7507,2.7507,2.7502,2.7507,3
2026-04-29 02:32:00,2.7462,2.7462,2.7462,2.7462,2.7512,2.7512,2.7512,2.7512,1
2026-04-29 02:34:00,2.7467,2.7467,2.7467,2.7467,2.7517,2.7517,2.7517,2.7517,1
2026-04-29 02:35:00,2.7462,2.7462,2.7462,2.7462,2.7512,2.7512,2.7512,2.7512,1
2026-04-29 02:41:00,2.7457,2.7457,2.7442,2.7442,2.7507,2.7507,2.7492,2.7492,3
2026-04-29 02:42:00,2.7452,2.7452,2.7452,2.7452,2.7502,2.7502,2.7502,2.7502,1
2026-04-29 02:43:00,2.7447,2.7447,2.7442,2.7442,2.7497,2.7497,2.7492,2.7492,4
2026-04-29 02:44:00,2.7447,2.7447,2.7442,2.7442,2.7497,2.7497,2.7492,2.7492,2
2026-04-29 02:47:00,2.7452,2.7452,2.7452,2.7452,2.7502,2.7502,2.7502,2.7502,1
2026-04-29 02:48:00,2.7442,2.7442,2.7442,2.7442,2.7492,2.7492,2.7492,2.7492,1
2026-04-29 02:49:00,2.7452,2.7452,2.7452,2.7452,2.7502,2.7502,2.7502,2.7502,1
2026-04-29 02:50:00,2.7462,2.7462,2.7452,2.7457,2.7512,2.7512,2.7502,2.7507,7
2026-04-29 02:51:00,2.7452,2.7452,2.7452,2.7452,2.7502,2.7502,2.7502,2.7502,1
2026-04-29 02:54:00,2.7447,2.7452,2.7447,2.7452,2.7497,2.7502,2.7497,2.7502,2
2026-04-29 02:56:00,2.7442,2.7452,2.7422,2.7432,2.7492,2.7502,2.7472,2.7482,9
2026-04-29 02:57:00,2.7437,2.7442,2.7437,2.7442,2.7487,2.7492,2.7487,2.7492,2
2026-04-29 02:59:00,2.7432,2.7437,2.7432,2.7432,2.7482,2.7487,2.7482,2.7482,3
2026-04-29 03:00:00,2.7422,2.7442,2.7412,2.7422,2.7472,2.7492,2.7462,2.7472,15
2026-04-29 03:01:00,2.7427,2.7432,2.7427,2.7432,2.7477,2.7482,2.7477,2.7482,2
2026-04-29 03:02:00,2.7437,2.7442,2.7437,2.7442,2.7487,2.7492,2.7487,2.7492,2
2026-04-29 03:03:00,2.7447,2.7447,2.7442,2.7447,2.7497,2.7497,2.7492,2.7497,3
2026-04-29 03:04:00,2.7442,2.7462,2.7442,2.7452,2.7492,2.7512,2.7492,2.7502,6
2026-04-29 03:05:00,2.7442,2.7462,2.7442,2.7452,2.7492,2.7512,2.7492,2.7502,5
2026-04-29 03:06:00,2.7462,2.7462,2.7452,2.7462,2.7512,2.7512,2.7502,2.7512,18
2026-04-29 03:07:00,2.7457,2.7472,2.7452,2.7462,2.7507,2.7522,2.7502,2.7512,8
2026-04-29 03:08:00,2.7472,2.7472,2.7467,2.7467,2.7522,2.7522,2.7517,2.7517,2
2026-04-29 03:09:00,2.7462,2.7467,2.7457,2.7467,2.7512,2.7517,2.7507,2.7517,6
2026-04-29 03:10:00,2.7462,2.7462,2.7462,2.7462,2.7512,2.7512,2.7512,2.7512,1
2026-04-29 03:12:00,2.7467,2.7472,2.7467,2.7472,2.7517,2.7522,2.7517,2.7522,2
2026-04-29 03:14:00,2.7467,2.7472,2.7462,2.7462,2.7517,2.7522,2.7512,2.7512,3
2026-04-29 03:16:00,2.7467,2.7472,2.7462,2.7467,2.7517,2.7522,2.7512,2.7517,5
2026-04-29 03:18:00,2.7472,2.7472,2.7462,2.7462,2.7522,2.7522,2.7512,2.7512,4
2026-04-29 03:19:00,2.7457,2.7472,2.7457,2.7472,2.7507,2.7522,2.7507,2.7522,5
2026-04-29 03:22:00,2.7482,2.7482,2.7482,2.7482,2.7532,2.7532,2.7532,2.7532,1
2026-04-29 03:24:00,2.7492,2.7492,2.7482,2.7482,2.7542,2.7542,2.7532,2.7532,6
2026-04-29 03:28:00,2.7487,2.7492,2.7487,2.7492,2.7537,2.7542,2.7537,2.7542,2
2026-04-29 03:29:00,2.7487,2.7492,2.7487,2.7492,2.7537,2.7542,2.7537,2.7542,2
2026-04-29 03:31:00,2.7487,2.7487,2.7482,2.7482,2.7537,2.7537,2.7532,2.7532,2
2026-04-29 03:36:00,2.7492,2.7492,2.7487,2.7487,2.7542,2.7542,2.7537,2.7537,2
2026-04-29 03:37:00,2.7492,2.7492,2.7492,2.7492,2.7542,2.7542,2.7542,2.7542,1
2026-04-29 03:38:00,2.7487,2.7487,2.7482,2.7482,2.7537,2.7537,2.7532,2.7532,2
2026-04-29 03:40:00,2.7447,2.7447,2.7432,2.7442,2.7497,2.7497,2.7482,2.7492,4
2026-04-29 03:41:00,2.7447,2.7452,2.7442,2.7452,2.7497,2.7502,2.7492,2.7502,6
2026-04-29 03:42:00,2.7442,2.7452,2.7442,2.7452,2.7492,2.7502,2.7492,2.7502,4
2026-04-29 03:43:00,2.7462,2.7462,2.7462,2.7462,2.7512,2.7512,2.7512,2.7512,1
2026-04-29 03:47:00,2.7472,2.7472,2.7467,2.7467,2.7522,2.7522,2.7517,2.7517,2
2026-04-29 03:48:00,2.7472,2.7472,2.7467,2.7472,2.7522,2.7522,2.7517,2.7522,3
2026-04-29 03:49:00,2.7467,2.7472,2.7467,2.7472,2.7517,2.7522,2.7517,2.7522,4
2026-04-29 03:50:00,2.7477,2.7482,2.7472,2.7482,2.7527,2.7532,2.7522,2.7532,9
2026-04-29 03:51:00,2.7477,2.7482,2.7477,2.7477,2.7527,2.7532,2.7527,2.7527,3
2026-04-29 03:52:00,2.7482,2.7482,2.7482,2.7482,2.7532,2.7532,2.7532,2.7532,1
2026-04-29 03:53:00,2.7477,2.7477,2.7472,2.7472,2.7527,2.7527,2.7522,2.7522,2
2026-04-29 03:54:00,2.7467,2.7467,2.7462,2.7462,2.7517,2.7517,2.7512,2.7512,2
2026-04-29 03:55:00,2.7457,2.7462,2.7457,2.7462,2.7507,2.7512,2.7507,2.7512,2
2026-04-29 03:56:00,2.7457,2.7462,2.7457,2.7462,2.7507,2.7512,2.7507,2.7512,4
2026-04-29 03:58:00,2.7457,2.7462,2.7452,2.7457,2.7507,2.7512,2.7502,2.7507,4
2026-04-29 03:59:00,2.7452,2.7452,2.7447,2.7447,2.7502,2.7502,2.7497,2.7497,2
2026-04-29 04:00:00,2.7452,2.7452,2.7442,2.7442,2.7502,2.7502,2.7492,2.7492,2
2026-04-29 04:01:00,2.7447,2.7447,2.7437,2.7442,2.7497,2.7497,2.7487,2.7492,4
2026-04-29 04:02:00,2.7437,2.7442,2.7437,2.7442,2.7487,2.7492,2.7487,2.7492,2
2026-04-29 04:03:00,2.7437,2.7442,2.7432,2.7442,2.7487,2.7492,2.7482,2.7492,6
2026-04-29 04:04:00,2.7447,2.7452,2.7447,2.7447,2.7497,2.7502,2.7497,2.7497,3
2026-04-29 04:05:00,2.7452,2.7462,2.7447,2.7447,2.7502,2.7512,2.7497,2.7497,6
2026-04-29 04:06:00,2.7442,2.7447,2.7442,2.7447,2.7492,2.7497,2.7492,2.7497,2
2026-04-29 04:07:00,2.7442,2.7442,2.7437,2.7437,2.7492,2.7492,2.7487,2.7487,2
2026-04-29 04:08:00,2.7432,2.7432,2.7422,2.7422,2.7482,2.7482,2.7472,2.7472,2
2026-04-29 04:09:00,2.7417,2.7417,2.7412,2.7412,2.7467,2.7467,2.7462,2.7462,2
2026-04-29 04:10:00,2.7417,2.7417,2.7412,2.7412,2.7467,2.7467,2.7462,2.7462,2
2026-04-29 04:11:00,2.7422,2.7422,2.7407,2.7412,2.7472,2.7472,2.7457,2.7462,4
2026-04-29 04:12:00,2.7402,2.7412,2.7402,2.7402,2.7452,2.7462,2.7452,2.7452,7
2026-04-29 04:13:00,2.7407,2.7412,2.7407,2.7407,2.7457,2.7462,2.7457,2.7457,3
2026-04-29 04:14:00,2.7402,2.7402,2.7402,2.7402,2.7452,2.7452,2.7452,2.7452,1
2026-04-29 04:15:00,2.7412,2.7412,2.7407,2.7407,2.7462,2.7462,2.7457,2.7457,2
2026-04-29 04:16:00,2.7412,2.7412,2.7402,2.7402,2.7462,2.7462,2.7452,2.7452,4
2026-04-29 04:19:00,2.7412,2.7412,2.7402,2.7407,2.7462,2.7462,2.7452,2.7457,4
2026-04-29 04:20:00,2.7402,2.7402,2.7402,2.7402,2.7452,2.7452,2.7452,2.7452,1
2026-04-29 04:21:00,2.7407,2.7412,2.7407,2.7407,2.7457,2.7462,2.7457,2.7457,3
2026-04-29 04:23:00,2.7412,2.7412,2.7402,2.7412,2.7462,2.7462,2.7452,2.7462,4
2026-04-29 04:24:00,2.7407,2.7407,2.7402,2.7402,2.7457,2.7457,2.7452,2.7452,2
2026-04-29 04:25:00,2.7397,2.7397,2.7372,2.7382,2.7447,2.7447,2.7422,2.7432,6
2026-04-29 04:26:00,2.7387,2.7417,2.7387,2.7412,2.7437,2.7467,2.7437,2.7462,7
2026-04-29 04:27:00,2.7422,2.7432,2.7422,2.7422,2.7472,2.7482,2.7472,2.7472,6
2026-04-29 04:28:00,2.7432,2.7432,2.7427,2.7427,2.7482,2.7482,2.7477,2.7477,8
2026-04-29 04:29:00,2.7422,2.7422,2.7412,2.7412,2.7472,2.7472,2.7462,2.7462,3
2026-04-29 04:30:00,2.7422,2.7422,2.7412,2.7412,2.7472,2.7472,2.7462,2.7462,2
2026-04-29 04:31:00,2.7407,2.7407,2.7392,2.7402,2.7457,2.7457,2.7442,2.7452,9
2026-04-29 04:32:00,2.7412,2.7412,2.7402,2.7402,2.7462,2.7462,2.7452,2.7452,2
2026-04-29 04:34:00,2.7392,2.7392,2.7392,2.7392,2.7442,2.7442,2.7442,2.7442,1
2026-04-29 04:35:00,2.7397,2.7402,2.7397,2.7402,2.7447,2.7452,2.7447,2.7452,2
2026-04-29 04:40:00,2.7412,2.7412,2.7402,2.7412,2.7462,2.7462,2.7452,2.7462,3
2026-04-29 04:42:00,2.7417,2.7417,2.7417,2.7417,2.7467,2.7467,2.7467,2.7467,1
2026-04-29 04:43:00,2.7422,2.7422,2.7422,2.7422,2.7472,2.7472,2.7472,2.7472,1
2026-04-29 04:44:00,2.7427,2.7432,2.7422,2.7432,2.7477,2.7482,2.7472,2.7482,4
2026-04-29 04:47:00,2.7427,2.7427,2.7427,2.7427,2.7477,2.7477,2.7477,2.7477,1
2026-04-29 04:48:00,2.7422,2.7422,2.7417,2.7417,2.7472,2.7472,2.7467,2.7467,2
2026-04-29 04:49:00,2.7422,2.7422,2.7412,2.7412,2.7472,2.7472,2.7462,2.7462,3
2026-04-29 04:50:00,2.7417,2.7417,2.7417,2.7417,2.7467,2.7467,2.7467,2.7467,1
2026-04-29 04:51:00,2.7412,2.7412,2.7397,2.7402,2.7462,2.7462,2.7447,2.7452,4
2026-04-29 04:52:00,2.7412,2.7412,2.7382,2.7382,2.7462,2.7462,2.7432,2.7432,5
2026-04-29 04:53:00,2.7392,2.7392,2.7382,2.7392,2.7442,2.7442,2.7432,2.7442,3
2026-04-29 04:54:00,2.7387,2.7387,2.7387,2.7387,2.7437,2.7437,2.7437,2.7437,1
2026-04-29 04:55:00,2.7382,2.7392,2.7382,2.7392,2.7432,2.7442,2.7432,2.7442,2
2026-04-29 04:56:00,2.7387,2.7387,2.7377,2.7377,2.7437,2.7437,2.7427,2.7427,9
2026-04-29 04:57:00,2.7382,2.7382,2.7382,2.7382,2.7432,2.7432,2.7432,2.7432,1
2026-04-29 05:00:00,2.7392,2.7392,2.7382,2.7382,2.7442,2.7442,2.7432,2.7432,2
2026-04-29 05:01:00,2.7387,2.7402,2.7387,2.7402,2.7437,2.7452,2.7437,2.7452,4
2026-04-29 05:02:00,2.7392,2.7392,2.7387,2.7387,2.7442,2.7442,2.7437,2.7437,4
2026-04-29 05:03:00,2.7382,2.7387,2.7382,2.7387,2.7432,2.7437,2.7432,2.7437,2
2026-04-29 05:04:00,2.7382,2.7382,2.7382,2.7382,2.7432,2.7432,2.7432,2.7432,1
2026-04-29 05:05:00,2.7372,2.7372,2.7372,2.7372,2.7422,2.7422,2.7422,2.7422,1
2026-04-29 05:06:00,2.7357,2.7372,2.7347,2.7352,2.7407,2.7422,2.7397,2.7402,8
2026-04-29 05:08:00,2.7347,2.7352,2.7347,2.7352,2.7397,2.7402,2.7397,2.7402,6
2026-04-29 05:10:00,2.7362,2.7362,2.7352,2.7357,2.7412,2.7412,2.7402,2.7407,4
2026-04-29 05:11:00,2.7352,2.7352,2.7352,2.7352,2.7402,2.7402,2.7402,2.7402,1
2026-04-29 05:14:00,2.7362,2.7362,2.7352,2.7352,2.7412,2.7412,2.7402,2.7402,3
2026-04-29 05:16:00,2.7357,2.7362,2.7352,2.7352,2.7407,2.7412,2.7402,2.7402,3
2026-04-29 05:17:00,2.7362,2.7362,2.7362,2.7362,2.7412,2.7412,2.7412,2.7412,1
2026-04-29 05:25:00,2.7372,2.7372,2.7362,2.7362,2.7422,2.7422,2.7412,2.7412,2
2026-04-29 05:26:00,2.7372,2.7372,2.7362,2.7362,2.7422,2.7422,2.7412,2.7412,2
2026-04-29 05:27:00,2.7367,2.7367,2.7362,2.7362,2.7417,2.7417,2.7412,2.7412,2
2026-04-29 05:28:00,2.7372,2.7372,2.7362,2.7362,2.7422,2.7422,2.7412,2.7412,3
2026-04-29 05:29:00,2.7367,2.7372,2.7362,2.7362,2.7417,2.7422,2.7412,2.7412,4
2026-04-29 05:30:00,2.7372,2.7382,2.7372,2.7372,2.7422,2.7432,2.7422,2.7422,5
2026-04-29 05:31:00,2.7382,2.7382,2.7372,2.7372,2.7432,2.7432,2.7422,2.7422,3
2026-04-29 05:32:00,2.7362,2.7362,2.7362,2.7362,2.7412,2.7412,2.7412,2.7412,1
2026-04-29 05:37:00,2.7372,2.7372,2.7362,2.7372,2.7422,2.7422,2.7412,2.7422,5
2026-04-29 05:40:00,2.7367,2.7372,2.7362,2.7362,2.7417,2.7422,2.7412,2.7412,3
2026-04-29 05:46:00,2.7367,2.7367,2.7367,2.7367,2.7417,2.7417,2.7417,2.7417,1
2026-04-29 05:47:00,2.7372,2.7372,2.7362,2.7372,2.7422,2.7422,2.7412,2.7422,6
2026-04-29 05:49:00,2.7382,2.7382,2.7382,2.7382,2.7432,2.7432,2.7432,2.7432,1
2026-04-29 05:50:00,2.7377,2.7377,2.7377,2.7377,2.7427,2.7427,2.7427,2.7427,1
2026-04-29 05:51:00,2.7372,2.7372,2.7372,2.7372,2.7422,2.7422,2.7422,2.7422,1
2026-04-29 05:53:00,2.7362,2.7362,2.7362,2.7362,2.7412,2.7412,2.7412,2.7412,1
2026-04-29 05:54:00,2.7367,2.7377,2.7367,2.7377,2.7417,2.7427,2.7417,2.7427,3
2026-04-29 05:55:00,2.7382,2.7392,2.7377,2.7382,2.7432,2.7442,2.7427,2.7432,5
2026-04-29 05:56:00,2.7387,2.7392,2.7382,2.7392,2.7437,2.7442,2.7432,2.7442,3
2026-04-29 05:58:00,2.7387,2.7392,2.7387,2.7392,2.7437,2.7442,2.7437,2.7442,2
2026-04-29 05:59:00,2.7387,2.7392,2.7382,2.7392,2.7437,2.7442,2.7432,2.7442,4
2026-04-29 06:01:00,2.7382,2.7382,2.7382,2.7382,2.7432,2.7432,2.7432,2.7432,1
2026-04-29 06:04:00,2.7387,2.7402,2.7387,2.7397,2.7437,2.7452,2.7437,2.7447,3
2026-04-29 06:06:00,2.7402,2.7402,2.7402,2.7402,2.7452,2.7452,2.7452,2.7452,1
2026-04-29 06:07:00,2.7397,2.7402,2.7397,2.7402,2.7447,2.7452,2.7447,2.7452,2
2026-04-29 06:14:00,2.7392,2.7392,2.7372,2.7372,2.7442,2.7442,2.7422,2.7422,7
2026-04-29 06:27:00,2.7362,2.7372,2.7362,2.7372,2.7412,2.7422,2.7412,2.7422,2
2026-04-29 06:28:00,2.7367,2.7372,2.7367,2.7372,2.7417,2.7422,2.7417,2.7422,4
2026-04-29 06:29:00,2.7367,2.7372,2.7367,2.7372,2.7417,2.7422,2.7417,2.7422,2
2026-04-29 06:30:00,2.7382,2.7382,2.7372,2.7372,2.7432,2.7432,2.7422,2.7422,7
2026-04-29 06:31:00,2.7377,2.7377,2.7372,2.7372,2.7427,2.7427,2.7422,2.7422,2
2026-04-29 06:32:00,2.7377,2.7382,2.7377,2.7377,2.7427,2.7432,2.7427,2.7427,7
2026-04-29 06:33:00,2.7382,2.7382,2.7382,2.7382,2.7432,2.7432,2.7432,2.7432,1
2026-04-29 06:34:00,2.7372,2.7372,2.7372,2.7372,2.7422,2.7422,2.7422,2.7422,1
2026-04-29 06:35:00,2.7367,2.7372,2.7367,2.7372,2.7417,2.7422,2.7417,2.7422,2
2026-04-29 06:39:00,2.7367,2.7367,2.7367,2.7367,2.7417,2.7417,2.7417,2.7417,1
2026-04-29 06:40:00,2.7362,2.7372,2.7362,2.7372,2.7412,2.7422,2.7412,2.7422,5
2026-04-29 06:41:00,2.7377,2.7382,2.7372,2.7372,2.7427,2.7432,2.7422,2.7422,3
2026-04-29 06:46:00,2.7382,2.7382,2.7382,2.7382,2.7432,2.7432,2.7432,2.7432,1
2026-04-29 06:47:00,2.7392,2.7392,2.7392,2.7392,2.7442,2.7442,2.7442,2.7442,1
2026-04-29 06:48:00,2.7397,2.7402,2.7397,2.7402,2.7447,2.7452,2.7447,2.7452,2
2026-04-29 06:49:00,2.7397,2.7412,2.7397,2.7407,2.7447,2.7462,2.7447,2.7457,8
2026-04-29 06:50:00,2.7402,2.7417,2.7392,2.7412,2.7452,2.7467,2.7442,2.7462,10
2026-04-29 06:51:00,2.7422,2.7427,2.7417,2.7422,2.7472,2.7477,2.7467,2.7472,5
2026-04-29 06:52:00,2.7412,2.7412,2.7402,2.7412,2.7462,2.7462,2.7452,2.7462,3
2026-04-29 06:55:00,2.7417,2.7422,2.7417,2.7422,2.7467,2.7472,2.7467,2.7472,2
2026-04-29 06:56:00,2.7427,2.7427,2.7417,2.7422,2.7477,2.7477,2.7467,2.7472,4
2026-04-29 06:57:00,2.7417,2.7422,2.7412,2.7412,2.7467,2.7472,2.7462,2.7462,5
2026-04-29 06:58:00,2.7407,2.7412,2.7407,2.7412,2.7457,2.7462,2.7457,2.7462,2
2026-04-29 06:59:00,2.7407,2.7407,2.7402,2.7402,2.7457,2.7457,2.7452,2.7452,2
2026-04-29 07:00:00,2.7397,2.7402,2.7397,2.7402,2.7447,2.7452,2.7447,2.7452,2
2026-04-29 07:01:00,2.7397,2.7402,2.7392,2.7392,2.7447,2.7452,2.7442,2.7442,3
2026-04-29 07:05:00,2.7402,2.7402,2.7382,2.7402,2.7452,2.7452,2.7432,2.7452,7
2026-04-29 07:06:00,2.7412,2.7412,2.7412,2.7412,2.7462,2.7462,2.7462,2.7462,1
2026-04-29 07:09:00,2.7422,2.7422,2.7417,2.7422,2.7472,2.7472,2.7467,2.7472,3
2026-04-29 07:10:00,2.7427,2.7432,2.7422,2.7422,2.7477,2.7482,2.7472,2.7472,4
2026-04-29 07:11:00,2.7427,2.7432,2.7427,2.7432,2.7477,2.7482,2.7477,2.7482,2
2026-04-29 07:12:00,2.7437,2.7442,2.7422,2.7442,2.7487,2.7492,2.7472,2.7492,5
2026-04-29 07:13:00,2.7447,2.7447,2.7442,2.7442,2.7497,2.7497,2.7492,2.7492,2
2026-04-29 07:14:00,2.7447,2.7447,2.7437,2.7437,2.7497,2.7497,2.7487,2.7487,5
2026-04-29 07:15:00,2.7442,2.7442,2.7442,2.7442,2.7492,2.7492,2.7492,2.7492,1
2026-04-29 07:16:00,2.7452,2.7452,2.7442,2.7442,2.7502,2.7502,2.7492,2.7492,2
2026-04-29 07:18:00,2.7447,2.7452,2.7447,2.7452,2.7497,2.7502,2.7497,2.7502,2
2026-04-29 07:19:00,2.7447,2.7447,2.7432,2.7432,2.7497,2.7497,2.7482,2.7482,3
2026-04-29 07:20:00,2.7422,2.7422,2.7422,2.7422,2.7472,2.7472,2.7472,2.7472,1
2026-04-29 07:22:00,2.7432,2.7432,2.7427,2.7432,2.7482,2.7482,2.7477,2.7482,3
2026-04-29 07:24:00,2.7422,2.7422,2.7422,2.7422,2.7472,2.7472,2.7472,2.7472,1
2026-04-29 07:25:00,2.7432,2.7432,2.7432,2.7432,2.7482,2.7482,2.7482,2.7482,1
2026-04-29 07:26:00,2.7422,2.7422,2.7422,2.7422,2.7472,2.7472,2.7472,2.7472,1
2026-04-29 07:28:00,2.7427,2.7452,2.7427,2.7447,2.7477,2.7502,2.7477,2.7497,6
2026-04-29 07:29:00,2.7452,2.7452,2.7447,2.7452,2.7502,2.7502,2.7497,2.7502,3
2026-04-29 07:30:00,2.7442,2.7442,2.7442,2.7442,2.7492,2.7492,2.7492,2.7492,1
2026-04-29 07:31:00,2.7437,2.7442,2.7437,2.7442,2.7487,2.7492,2.7487,2.7492,2
2026-04-29 07:36:00,2.7432,2.7432,2.7432,2.7432,2.7482,2.7482,2.7482,2.7482,1
2026-04-29 07:37:00,2.7442,2.7442,2.7442,2.7442,2.7492,2.7492,2.7492,2.7492,1
2026-04-29 07:44:00,2.7432,2.7442,2.7432,2.7442,2.7482,2.7492,2.7482,2.7492,4
2026-04-29 07:47:00,2.7437,2.7442,2.7437,2.7442,2.7487,2.7492,2.7487,2.7492,2
2026-04-29 07:49:00,2.7452,2.7462,2.7452,2.7462,2.7502,2.7512,2.7502,2.7512,3
2026-04-29 07:50:00,2.7472,2.7472,2.7467,2.7472,2.7522,2.7522,2.7517,2.7522,3
2026-04-29 07:51:00,2.7462,2.7462,2.7462,2.7462,2.7512,2.7512,2.7512,2.7512,1
2026-04-29 07:53:00,2.7467,2.7472,2.7467,2.7472,2.7517,2.7522,2.7517,2.7522,2
2026-04-29 07:54:00,2.7462,2.7472,2.7462,2.7472,2.7512,2.7522,2.7512,2.7522,4
2026-04-29 07:55:00,2.7477,2.7482,2.7477,2.7482,2.7527,2.7532,2.7527,2.7532,2
2026-04-29 07:57:00,2.7472,2.7472,2.7472,2.7472,2.7522,2.7522,2.7522,2.7522,1
2026-04-29 07:59:00,2.7477,2.7477,2.7477,2.7477,2.7527,2.7527,2.7527,2.7527,1
2026-04-29 08:00:00,2.7472,2.7472,2.7462,2.7472,2.7522,2.7522,2.7512,2.7522,3
2026-04-29 08:01:00,2.7482,2.7482,2.7467,2.7472,2.7532,2.7532,2.7517,2.7522,4
2026-04-29 08:02:00,2.7482,2.7487,2.7482,2.7482,2.7532,2.7537,2.7532,2.7532,3
2026-04-29 08:03:00,2.7477,2.7477,2.7472,2.7472,2.7527,2.7527,2.7522,2.7522,2
2026-04-29 08:05:00,2.7482,2.7482,2.7472,2.7472,2.7532,2.7532,2.7522,2.7522,2
2026-04-29 08:06:00,2.7482,2.7492,2.7477,2.7492,2.7532,2.7542,2.7527,2.7542,6
2026-04-29 08:07:00,2.7497,2.7497,2.7492,2.7497,2.7547,2.7547,2.7542,2.7547,3
2026-04-29 08:08:00,2.7492,2.7492,2.7492,2.7492,2.7542,2.7542,2.7542,2.7542,1
2026-04-29 08:10:00,2.7482,2.7482,2.7482,2.7482,2.7532,2.7532,2.7532,2.7532,1
2026-04-29 08:11:00,2.7477,2.7477,2.7472,2.7472,2.7527,2.7527,2.7522,2.7522,2
2026-04-29 08:13:00,2.7467,2.7482,2.7462,2.7477,2.7517,2.7532,2.7512,2.7527,12
2026-04-29 08:14:00,2.7482,2.7482,2.7472,2.7482,2.7532,2.7532,2.7522,2.7532,4
2026-04-29 08:15:00,2.7477,2.7477,2.7472,2.7472,2.7527,2.7527,2.7522,2.7522,2
2026-04-29 08:18:00,2.7462,2.7462,2.7462,2.7462,2.7512,2.7512,2.7512,2.7512,1
2026-04-29 08:19:00,2.7472,2.7472,2.7462,2.7472,2.7522,2.7522,2.7512,2.7522,4
2026-04-29 08:21:00,2.7477,2.7482,2.7477,2.7482,2.7527,2.7532,2.7527,2.7532,2
2026-04-29 08:22:00,2.7487,2.7492,2.7487,2.7492,2.7537,2.7542,2.7537,2.7542,2
2026-04-29 08:24:00,2.7487,2.7487,2.7472,2.7472,2.7537,2.7537,2.7522,2.7522,15
2026-04-29 08:25:00,2.7477,2.7477,2.7472,2.7472,2.7527,2.7527,2.7522,2.7522,4
2026-04-29 08:26:00,2.7477,2.7477,2.7472,2.7472,2.7527,2.7527,2.7522,2.7522,2
2026-04-29 08:28:00,2.7477,2.7522,2.7477,2.7522,2.7527,2.7572,2.7527,2.7572,13
2026-04-29 08:29:00,2.7517,2.7532,2.7512,2.7522,2.7567,2.7582,2.7562,2.7572,10
2026-04-29 08:30:00,2.7532,2.7532,2.7512,2.7512,2.7582,2.7582,2.7562,2.7562,10
2026-04-29 08:31:00,2.7507,2.7522,2.7507,2.7522,2.7557,2.7572,2.7557,2.7572,4
2026-04-29 08:32:00,2.7527,2.7532,2.7522,2.7532,2.7577,2.7582,2.7572,2.7582,6
2026-04-29 08:34:00,2.7542,2.7552,2.7542,2.7552,2.7592,2.7602,2.7592,2.7602,6
2026-04-29 08:35:00,2.7547,2.7552,2.7542,2.7542,2.7597,2.7602,2.7592,2.7592,7
2026-04-29 08:36:00,2.7552,2.7552,2.7532,2.7532,2.7602,2.7602,2.7582,2.7582,3
2026-04-29 08:37:00,2.7527,2.7542,2.7527,2.7542,2.7577,2.7592,2.7577,2.7592,4
2026-04-29 08:39:00,2.7537,2.7537,2.7532,2.7532,2.7587,2.7587,2.7582,2.7582,6
2026-04-29 08:40:00,2.7527,2.7537,2.7522,2.7532,2.7577,2.7587,2.7572,2.7582,5
2026-04-29 08:41:00,2.7537,2.7537,2.7537,2.7537,2.7587,2.7587,2.7587,2.7587,1
2026-04-29 08:42:00,2.7532,2.7532,2.7532,2.7532,2.7582,2.7582,2.7582,2.7582,1
2026-04-29 08:43:00,2.7537,2.7537,2.7532,2.7532,2.7587,2.7587,2.7582,2.7582,2
2026-04-29 08:44:00,2.7542,2.7542,2.7532,2.7532,2.7592,2.7592,2.7582,2.7582,2
2026-04-29 08:45:00,2.7537,2.7542,2.7537,2.7542,2.7587,2.7592,2.7587,2.7592,2
2026-04-29 08:46:00,2.7537,2.7537,2.7522,2.7527,2.7587,2.7587,2.7572,2.7577,7
2026-04-29 08:47:00,2.7522,2.7527,2.7517,2.7517,2.7572,2.7577,2.7567,2.7567,10
2026-04-29 08:48:00,2.7522,2.7522,2.7522,2.7522,2.7572,2.7572,2.7572,2.7572,1
2026-04-29 08:50:00,2.7532,2.7532,2.7532,2.7532,2.7582,2.7582,2.7582,2.7582,1
2026-04-29 08:51:00,2.7537,2.7537,2.7537,2.7537,2.7587,2.7587,2.7587,2.7587,1
2026-04-29 08:52:00,2.7532,2.7532,2.7522,2.7522,2.7582,2.7582,2.7572,2.7572,3
2026-04-29 08:53:00,2.7517,2.7517,2.7512,2.7512,2.7567,2.7567,2.7562,2.7562,2
2026-04-29 08:55:00,2.7517,2.7517,2.7512,2.7517,2.7567,2.7567,2.7562,2.7567,3
2026-04-29 08:56:00,2.7512,2.7522,2.7512,2.7522,2.7562,2.7572,2.7562,2.7572,2
2026-04-29 08:57:00,2.7532,2.7532,2.7532,2.7532,2.7582,2.7582,2.7582,2.7582,1
2026-04-29 08:58:00,2.7522,2.7522,2.7522,2.7522,2.7572,2.7572,2.7572,2.7572,1
2026-04-29 08:59:00,2.7512,2.7522,2.7512,2.7522,2.7562,2.7572,2.7562,2.7572,2
2026-04-29 09:00:00,2.7517,2.7522,2.7507,2.7522,2.7567,2.7572,2.7557,2.7572,12
2026-04-29 09:01:00,2.7517,2.7522,2.7517,2.7517,2.7567,2.7572,2.7567,2.7567,5
2026-04-29 09:02:00,2.7522,2.7532,2.7522,2.7522,2.7572,2.7582,2.7572,2.7572,3
2026-04-29 09:03:00,2.7532,2.7542,2.7532,2.7532,2.7582,2.7592,2.7582,2.7582,4
2026-04-29 09:04:00,2.7522,2.7532,2.7517,2.7532,2.7572,2.7582,2.7567,2.7582,5
2026-04-29 09:05:00,2.7527,2.7532,2.7522,2.7532,2.7577,2.7582,2.7572,2.7582,5
2026-04-29 09:06:00,2.7527,2.7537,2.7527,2.7537,2.7577,2.7587,2.7577,2.7587,3
2026-04-29 09:07:00,2.7532,2.7532,2.7517,2.7517,2.7582,2.7582,2.7567,2.7567,7
2026-04-29 09:08:00,2.7522,2.7522,2.7512,2.7512,2.7572,2.7572,2.7562,2.7562,6
2026-04-29 09:09:00,2.7517,2.7522,2.7512,2.7522,2.7567,2.7572,2.7562,2.7572,5
2026-04-29 09:10:00,2.7532,2.7537,2.7522,2.7522,2.7582,2.7587,2.7572,2.7572,9
2026-04-29 09:11:00,2.7527,2.7537,2.7522,2.7522,2.7577,2.7587,2.7572,2.7572,5
2026-04-29 09:12:00,2.7517,2.7522,2.7517,2.7522,2.7567,2.7572,2.7567,2.7572,4
2026-04-29 09:13:00,2.7527,2.7527,2.7527,2.7527,2.7577,2.7577,2.7577,2.7577,1
2026-04-29 09:14:00,2.7532,2.7532,2.7522,2.7522,2.7582,2.7582,2.7572,2.7572,2
2026-04-29 09:15:00,2.7517,2.7517,2.7502,2.7512,2.7567,2.7567,2.7552,2.7562,8
2026-04-29 09:16:00,2.7507,2.7512,2.7507,2.7512,2.7557,2.7562,2.7557,2.7562,2
2026-04-29 09:17:00,2.7507,2.7512,2.7502,2.7502,2.7557,2.7562,2.7552,2.7552,5
2026-04-29 09:18:00,2.7507,2.7507,2.7502,2.7502,2.7557,2.7557,2.7552,2.7552,2
2026-04-29 09:19:00,2.7497,2.7502,2.7492,2.7502,2.7547,2.7552,2.7542,2.7552,6
2026-04-29 09:20:00,2.7492,2.7492,2.7492,2.7492,2.7542,2.7542,2.7542,2.7542,1
2026-04-29 09:21:00,2.7497,2.7502,2.7497,2.7502,2.7547,2.7552,2.7547,2.7552,2
2026-04-29 09:24:00,2.7512,2.7512,2.7492,2.7502,2.7562,2.7562,2.7542,2.7552,6
2026-04-29 09:25:00,2.7492,2.7512,2.7492,2.7512,2.7542,2.7562,2.7542,2.7562,8
2026-04-29 09:27:00,2.7517,2.7517,2.7482,2.7482,2.7567,2.7567,2.7532,2.7532,5
2026-04-29 09:28:00,2.7487,2.7492,2.7482,2.7492,2.7537,2.7542,2.7532,2.7542,4
2026-04-29 09:30:00,2.7487,2.7492,2.7482,2.7482,2.7537,2.7542,2.7532,2.7532,4
2026-04-29 09:31:00,2.7492,2.7492,2.7492,2.7492,2.7542,2.7542,2.7542,2.7542,1
2026-04-29 09:32:00,2.7502,2.7502,2.7492,2.7492,2.7552,2.7552,2.7542,2.7542,2
2026-04-29 09:36:00,2.7502,2.7502,2.7492,2.7492,2.7552,2.7552,2.7542,2.7542,2
2026-04-29 09:37:00,2.7482,2.7482,2.7482,2.7482,2.7532,2.7532,2.7532,2.7532,1
2026-04-29 09:38:00,2.7492,2.7492,2.7492,2.7492,2.7542,2.7542,2.7542,2.7542,1
2026-04-29 09:39:00,2.7502,2.7542,2.7502,2.7532,2.7552,2.7592,2.7552,2.7582,14
2026-04-29 09:40:00,2.7537,2.7542,2.7532,2.7532,2.7587,2.7592,2.7582,2.7582,6
2026-04-29 09:41:00,2.7537,2.7542,2.7532,2.7542,2.7587,2.7592,2.7582,2.7592,3
2026-04-29 09:42:00,2.7547,2.7562,2.7542,2.7542,2.7597,2.7612,2.7592,2.7592,8
2026-04-29 09:43:00,2.7547,2.7547,2.7532,2.7532,2.7597,2.7597,2.7582,2.7582,6
2026-04-29 09:44:00,2.7527,2.7532,2.7522,2.7527,2.7577,2.7582,2.7572,2.7577,5
2026-04-29 09:45:00,2.7522,2.7542,2.7522,2.7542,2.7572,2.7592,2.7572,2.7592,8
2026-04-29 09:46:00,2.7552,2.7557,2.7542,2.7547,2.7602,2.7607,2.7592,2.7597,7
2026-04-29 09:47:00,2.7552,2.7552,2.7532,2.7532,2.7602,2.7602,2.7582,2.7582,8
2026-04-29 09:48:00,2.7542,2.7542,2.7537,2.7537,2.7592,2.7592,2.7587,2.7587,6
2026-04-29 09:49:00,2.7542,2.7542,2.7522,2.7522,2.7592,2.7592,2.7572,2.7572,9
2026-04-29 09:50:00,2.7517,2.7532,2.7517,2.7532,2.7567,2.7582,2.7567,2.7582,3
2026-04-29 09:51:00,2.7527,2.7542,2.7527,2.7532,2.7577,2.7592,2.7577,2.7582,4
2026-04-29 09:52:00,2.7527,2.7532,2.7522,2.7522,2.7577,2.7582,2.7572,2.7572,9
2026-04-29 09:53:00,2.7527,2.7532,2.7517,2.7522,2.7577,2.7582,2.7567,2.7572,10
2026-04-29 09:54:00,2.7527,2.7542,2.7527,2.7542,2.7577,2.7592,2.7577,2.7592,5
2026-04-29 09:55:00,2.7537,2.7537,2.7522,2.7522,2.7587,2.7587,2.7572,2.7572,10
2026-04-29 09:56:00,2.7527,2.7542,2.7527,2.7532,2.7577,2.7592,2.7577,2.7582,5
2026-04-29 09:58:00,2.7542,2.7542,2.7542,2.7542,2.7592,2.7592,2.7592,2.7592,1
2026-04-29 10:00:00,2.7537,2.7542,2.7532,2.7542,2.7587,2.7592,2.7582,2.7592,12
2026-04-29 10:01:00,2.7552,2.7562,2.7512,2.7512,2.7602,2.7612,2.7562,2.7562,14
2026-04-29 10:02:00,2.7517,2.7542,2.7517,2.7532,2.7567,2.7592,2.7567,2.7582,10
2026-04-29 10:03:00,2.7542,2.7542,2.7537,2.7542,2.7592,2.7592,2.7587,2.7592,3
2026-04-29 10:04:00,2.7547,2.7552,2.7537,2.7542,2.7597,2.7602,2.7587,2.7592,9
2026-04-29 10:05:00,2.7537,2.7582,2.7532,2.7562,2.7587,2.7632,2.7582,2.7612,24
2026-04-29 10:06:00,2.7557,2.7612,2.7552,2.7592,2.7607,2.7662,2.7602,2.7642,19
2026-04-29 10:07:00,2.7587,2.7592,2.7582,2.7587,2.7637,2.7642,2.7632,2.7637,21
2026-04-29 10:08:00,2.7582,2.7602,2.7582,2.7597,2.7632,2.7652,2.7632,2.7647,12
2026-04-29 10:09:00,2.7592,2.7607,2.7592,2.7597,2.7642,2.7657,2.7642,2.7647,12
2026-04-29 10:10:00,2.7602,2.7607,2.7587,2.7602,2.7652,2.7657,2.7637,2.7652,9
2026-04-29 10:11:00,2.7597,2.7597,2.7582,2.7592,2.7647,2.7647,2.7632,2.7642,5
2026-04-29 10:12:00,2.7587,2.7587,2.7567,2.7567,2.7637,2.7637,2.7617,2.7617,7
2026-04-29 10:13:00,2.7572,2.7572,2.7557,2.7572,2.7622,2.7622,2.7607,2.7622,8
2026-04-29 10:14:00,2.7567,2.7577,2.7562,2.7572,2.7617,2.7627,2.7612,2.7622,8
2026-04-29 10:15:00,2.7577,2.7577,2.7572,2.7572,2.7627,2.7627,2.7622,2.7622,2
2026-04-29 10:16:00,2.7582,2.7592,2.7582,2.7582,2.7632,2.7642,2.7632,2.7632,4
2026-04-29 10:17:00,2.7587,2.7592,2.7572,2.7572,2.7637,2.7642,2.7622,2.7622,10
2026-04-29 10:18:00,2.7577,2.7592,2.7577,2.7592,2.7627,2.7642,2.7627,2.7642,4
2026-04-29 10:23:00,2.7582,2.7582,2.7582,2.7582,2.7632,2.7632,2.7632,2.7632,1
2026-04-29 10:24:00,2.7592,2.7592,2.7572,2.7572,2.7642,2.7642,2.7622,2.7622,4
2026-04-29 10:25:00,2.7567,2.7572,2.7562,2.7562,2.7617,2.7622,2.7612,2.7612,7
2026-04-29 10:27:00,2.7572,2.7592,2.7572,2.7592,2.7622,2.7642,2.7622,2.7642,3
2026-04-29 10:28:00,2.7587,2.7592,2.7562,2.7577,2.7637,2.7642,2.7612,2.7627,10
2026-04-29 10:29:00,2.7582,2.7602,2.7567,2.7597,2.7632,2.7652,2.7617,2.7647,13
2026-04-29 10:30:00,2.7592,2.7597,2.7582,2.7592,2.7642,2.7647,2.7632,2.7642,7
2026-04-29 10:31:00,2.7602,2.7602,2.7592,2.7602,2.7652,2.7652,2.7642,2.7652,7
2026-04-29 10:33:00,2.7612,2.7612,2.7602,2.7602,2.7662,2.7662,2.7652,2.7652,8
2026-04-29 10:34:00,2.7607,2.7612,2.7602,2.7602,2.7657,2.7662,2.7652,2.7652,14
2026-04-29 10:35:00,2.7607,2.7607,2.7592,2.7592,2.7657,2.7657,2.7642,2.7642,7
2026-04-29 10:36:00,2.7597,2.7602,2.7592,2.7592,2.7647,2.7652,2.7642,2.7642,8
2026-04-29 10:37:00,2.7597,2.7602,2.7572,2.7572,2.7647,2.7652,2.7622,2.7622,6
2026-04-29 10:38:00,2.7567,2.7572,2.7567,2.7572,2.7617,2.7622,2.7617,2.7622,2
2026-04-29 10:39:00,2.7577,2.7602,2.7572,2.7602,2.7627,2.7652,2.7622,2.7652,7
2026-04-29 10:40:00,2.7592,2.7592,2.7582,2.7582,2.7642,2.7642,2.7632,2.7632,8
2026-04-29 10:42:00,2.7592,2.7592,2.7582,2.7592,2.7642,2.7642,2.7632,2.7642,10
2026-04-29 10:43:00,2.7582,2.7587,2.7582,2.7582,2.7632,2.7637,2.7632,2.7632,3
2026-04-29 10:44:00,2.7567,2.7567,2.7522,2.7532,2.7617,2.7617,2.7572,2.7582,22
2026-04-29 10:45:00,2.7522,2.7527,2.7522,2.7522,2.7572,2.7577,2.7572,2.7572,5
2026-04-29 10:46:00,2.7527,2.7527,2.7522,2.7522,2.7577,2.7577,2.7572,2.7572,2
2026-04-29 10:47:00,2.7527,2.7552,2.7527,2.7547,2.7577,2.7602,2.7577,2.7597,6
2026-04-29 10:48:00,2.7542,2.7547,2.7532,2.7547,2.7592,2.7597,2.7582,2.7597,11
2026-04-29 10:49:00,2.7552,2.7552,2.7487,2.7497,2.7602,2.7602,2.7537,2.7547,12
2026-04-29 10:50:00,2.7492,2.7492,2.7482,2.7492,2.7542,2.7542,2.7532,2.7542,9
2026-04-29 10:51:00,2.7497,2.7497,2.7492,2.7492,2.7547,2.7547,2.7542,2.7542,4
2026-04-29 10:52:00,2.7497,2.7502,2.7472,2.7472,2.7547,2.7552,2.7522,2.7522,5
2026-04-29 10:53:00,2.7477,2.7482,2.7462,2.7462,2.7527,2.7532,2.7512,2.7512,9
2026-04-29 10:54:00,2.7452,2.7462,2.7452,2.7462,2.7502,2.7512,2.7502,2.7512,2
2026-04-29 10:55:00,2.7472,2.7472,2.7442,2.7447,2.7522,2.7522,2.7492,2.7497,11
2026-04-29 10:56:00,2.7442,2.7472,2.7442,2.7472,2.7492,2.7522,2.7492,2.7522,7
2026-04-29 10:57:00,2.7477,2.7477,2.7447,2.7452,2.7527,2.7527,2.7497,2.7502,6
2026-04-29 10:58:00,2.7462,2.7462,2.7452,2.7457,2.7512,2.7512,2.7502,2.7507,13
2026-04-29 10:59:00,2.7452,2.7457,2.7442,2.7452,2.7502,2.7507,2.7492,2.7502,5
2026-04-29 11:00:00,2.7457,2.7492,2.7457,2.7487,2.7507,2.7542,2.7507,2.7537,18
2026-04-29 11:01:00,2.7492,2.7492,2.7482,2.7482,2.7542,2.7542,2.7532,2.7532,5
2026-04-29 11:02:00,2.7492,2.7492,2.7492,2.7492,2.7542,2.7542,2.7542,2.7542,1
2026-04-29 11:03:00,2.7482,2.7512,2.7482,2.7512,2.7532,2.7562,2.7532,2.7562,6
2026-04-29 11:04:00,2.7517,2.7522,2.7512,2.7512,2.7567,2.7572,2.7562,2.7562,4
2026-04-29 11:05:00,2.7502,2.7502,2.7502,2.7502,2.7552,2.7552,2.7552,2.7552,1
2026-04-29 11:06:00,2.7512,2.7512,2.7512,2.7512,2.7562,2.7562,2.7562,2.7562,1
2026-04-29 11:07:00,2.7507,2.7507,2.7497,2.7502,2.7557,2.7557,2.7547,2.7552,6
2026-04-29 11:08:00,2.7497,2.7502,2.7497,2.7502,2.7547,2.7552,2.7547,2.7552,2
2026-04-29 11:09:00,2.7492,2.7502,2.7482,2.7492,2.7542,2.7552,2.7532,2.7542,8
2026-04-29 11:10:00,2.7482,2.7492,2.7482,2.7492,2.7532,2.7542,2.7532,2.7542,8
2026-04-29 11:11:00,2.7502,2.7502,2.7492,2.7492,2.7552,2.7552,2.7542,2.7542,2
2026-04-29 11:12:00,2.7487,2.7492,2.7487,2.7492,2.7537,2.7542,2.7537,2.7542,4
2026-04-29 11:14:00,2.7502,2.7502,2.7492,2.7502,2.7552,2.7552,2.7542,2.7552,3
2026-04-29 11:15:00,2.7497,2.7497,2.7497,2.7497,2.7547,2.7547,2.7547,2.7547,1
2026-04-29 11:16:00,2.7492,2.7502,2.7492,2.7502,2.7542,2.7552,2.7542,2.7552,2
2026-04-29 11:18:00,2.7497,2.7497,2.7492,2.7492,2.7547,2.7547,2.7542,2.7542,2
2026-04-29 11:19:00,2.7482,2.7482,2.7482,2.7482,2.7532,2.7532,2.7532,2.7532,1
2026-04-29 11:20:00,2.7492,2.7492,2.7482,2.7482,2.7542,2.7542,2.7532,2.7532,3
2026-04-29 11:22:00,2.7487,2.7497,2.7487,2.7497,2.7537,2.7547,2.7537,2.7547,4
2026-04-29 11:23:00,2.7502,2.7502,2.7482,2.7482,2.7552,2.7552,2.7532,2.7532,4
2026-04-29 11:26:00,2.7477,2.7482,2.7472,2.7482,2.7527,2.7532,2.7522,2.7532,5
2026-04-29 11:28:00,2.7477,2.7477,2.7457,2.7462,2.7527,2.7527,2.7507,2.7512,6
2026-04-29 11:30:00,2.7452,2.7462,2.7452,2.7462,2.7502,2.7512,2.7502,2.7512,8
2026-04-29 11:31:00,2.7467,2.7472,2.7467,2.7472,2.7517,2.7522,2.7517,2.7522,4
2026-04-29 11:32:00,2.7462,2.7462,2.7462,2.7462,2.7512,2.7512,2.7512,2.7512,1
2026-04-29 11:33:00,2.7452,2.7472,2.7452,2.7472,2.7502,2.7522,2.7502,2.7522,6
2026-04-29 11:35:00,2.7462,2.7467,2.7422,2.7422,2.7512,2.7517,2.7472,2.7472,20
2026-04-29 11:36:00,2.7427,2.7432,2.7422,2.7432,2.7477,2.7482,2.7472,2.7482,5
2026-04-29 11:37:00,2.7427,2.7432,2.7417,2.7417,2.7477,2.7482,2.7467,2.7467,19
2026-04-29 11:38:00,2.7427,2.7432,2.7422,2.7432,2.7477,2.7482,2.7472,2.7482,8
2026-04-29 11:39:00,2.7442,2.7452,2.7442,2.7452,2.7492,2.7502,2.7492,2.7502,8
2026-04-29 11:40:00,2.7462,2.7472,2.7462,2.7462,2.7512,2.7522,2.7512,2.7512,5
2026-04-29 11:42:00,2.7457,2.7462,2.7452,2.7462,2.7507,2.7512,2.7502,2.7512,4
2026-04-29 11:45:00,2.7457,2.7462,2.7442,2.7447,2.7507,2.7512,2.7492,2.7497,8
2026-04-29 11:46:00,2.7442,2.7452,2.7442,2.7452,2.7492,2.7502,2.7492,2.7502,3
2026-04-29 11:47:00,2.7462,2.7462,2.7462,2.7462,2.7512,2.7512,2.7512,2.7512,1
2026-04-29 11:49:00,2.7467,2.7472,2.7457,2.7462,2.7517,2.7522,2.7507,2.7512,6
2026-04-29 11:50:00,2.7457,2.7462,2.7452,2.7452,2.7507,2.7512,2.7502,2.7502,4
2026-04-29 11:52:00,2.7457,2.7472,2.7457,2.7462,2.7507,2.7522,2.7507,2.7512,4
2026-04-29 11:53:00,2.7457,2.7457,2.7452,2.7452,2.7507,2.7507,2.7502,2.7502,2
2026-04-29 11:56:00,2.7442,2.7442,2.7422,2.7422,2.7492,2.7492,2.7472,2.7472,3
2026-04-29 11:57:00,2.7432,2.7432,2.7422,2.7422,2.7482,2.7482,2.7472,2.7472,5
2026-04-29 11:58:00,2.7427,2.7432,2.7422,2.7422,2.7477,2.7482,2.7472,2.7472,3
2026-04-29 11:59:00,2.7432,2.7442,2.7432,2.7437,2.7482,2.7492,2.7482,2.7487,5
2026-04-29 12:00:00,2.7442,2.7442,2.7412,2.7412,2.7492,2.7492,2.7462,2.7462,9
2026-04-29 12:02:00,2.7402,2.7422,2.7402,2.7412,2.7452,2.7472,2.7452,2.7462,9
2026-04-29 12:03:00,2.7407,2.7407,2.7402,2.7402,2.7457,2.7457,2.7452,2.7452,2
2026-04-29 12:04:00,2.7397,2.7402,2.7382,2.7382,2.7447,2.7452,2.7432,2.7432,16
2026-04-29 12:05:00,2.7377,2.7382,2.7372,2.7372,2.7427,2.7432,2.7422,2.7422,11
2026-04-29 12:06:00,2.7367,2.7367,2.7342,2.7352,2.7417,2.7417,2.7392,2.7402,14
2026-04-29 12:07:00,2.7362,2.7372,2.7362,2.7372,2.7412,2.7422,2.7412,2.7422,6
2026-04-29 12:08:00,2.7367,2.7367,2.7357,2.7362,2.7417,2.7417,2.7407,2.7412,4
2026-04-29 12:09:00,2.7357,2.7362,2.7357,2.7362,2.7407,2.7412,2.7407,2.7412,4
2026-04-29 12:12:00,2.7372,2.7372,2.7362,2.7362,2.7422,2.7422,2.7412,2.7412,4
2026-04-29 12:13:00,2.7372,2.7372,2.7352,2.7352,2.7422,2.7422,2.7402,2.7402,3
2026-04-29 12:14:00,2.7342,2.7342,2.7312,2.7342,2.7392,2.7392,2.7362,2.7392,9
2026-04-29 12:15:00,2.7347,2.7347,2.7332,2.7332,2.7397,2.7397,2.7382,2.7382,3
2026-04-29 12:16:00,2.7322,2.7332,2.7312,2.7312,2.7372,2.7382,2.7362,2.7362,6
2026-04-29 12:17:00,2.7307,2.7312,2.7302,2.7302,2.7357,2.7362,2.7352,2.7352,3
2026-04-29 12:18:00,2.7297,2.7297,2.7282,2.7282,2.7347,2.7347,2.7332,2.7332,8
2026-04-29 12:20:00,2.7287,2.7292,2.7287,2.7292,2.7337,2.7342,2.7337,2.7342,2
2026-04-29 12:21:00,2.7297,2.7322,2.7297,2.7312,2.7347,2.7372,2.7347,2.7362,8
2026-04-29 12:23:00,2.7317,2.7322,2.7312,2.7312,2.7367,2.7372,2.7362,2.7362,7
2026-04-29 12:24:00,2.7322,2.7322,2.7302,2.7322,2.7372,2.7372,2.7352,2.7372,9
2026-04-29 12:25:00,2.7332,2.7332,2.7322,2.7322,2.7382,2.7382,2.7372,2.7372,2
2026-04-29 12:26:00,2.7317,2.7317,2.7302,2.7302,2.7367,2.7367,2.7352,2.7352,3
2026-04-29 12:27:00,2.7312,2.7312,2.7302,2.7302,2.7362,2.7362,2.7352,2.7352,2
2026-04-29 12:28:00,2.7292,2.7302,2.7292,2.7302,2.7342,2.7352,2.7342,2.7352,2
2026-04-29 12:29:00,2.7307,2.7312,2.7307,2.7312,2.7357,2.7362,2.7357,2.7362,2
2026-04-29 12:30:00,2.7322,2.7322,2.7312,2.7312,2.7372,2.7372,2.7362,2.7362,2
2026-04-29 12:31:00,2.7307,2.7312,2.7282,2.7302,2.7357,2.7362,2.7332,2.7352,9
2026-04-29 12:32:00,2.7292,2.7292,2.7292,2.7292,2.7342,2.7342,2.7342,2.7342,1
2026-04-29 12:33:00,2.7297,2.7302,2.7292,2.7292,2.7347,2.7352,2.7342,2.7342,3
2026-04-29 12:34:00,2.7312,2.7312,2.7292,2.7292,2.7362,2.7362,2.7342,2.7342,7
2026-04-29 12:35:00,2.7287,2.7292,2.7282,2.7292,2.7337,2.7342,2.7332,2.7342,3
2026-04-29 12:36:00,2.7282,2.7322,2.7282,2.7322,2.7332,2.7372,2.7332,2.7372,6
2026-04-29 12:38:00,2.7332,2.7332,2.7302,2.7312,2.7382,2.7382,2.7352,2.7362,6
2026-04-29 12:39:00,2.7307,2.7322,2.7307,2.7312,2.7357,2.7372,2.7357,2.7362,4
2026-04-29 12:40:00,2.7322,2.7322,2.7312,2.7322,2.7372,2.7372,2.7362,2.7372,8
2026-04-29 12:41:00,2.7332,2.7332,2.7332,2.7332,2.7382,2.7382,2.7382,2.7382,1
2026-04-29 12:42:00,2.7342,2.7352,2.7332,2.7342,2.7392,2.7402,2.7382,2.7392,6
2026-04-29 12:43:00,2.7347,2.7352,2.7342,2.7352,2.7397,2.7402,2.7392,2.7402,4
2026-04-29 12:44:00,2.7362,2.7362,2.7352,2.7352,2.7412,2.7412,2.7402,2.7402,2
2026-04-29 12:45:00,2.7347,2.7352,2.7332,2.7352,2.7397,2.7402,2.7382,2.7402,4
2026-04-29 12:46:00,2.7362,2.7362,2.7352,2.7352,2.7412,2.7412,2.7402,2.7402,2
2026-04-29 12:48:00,2.7362,2.7392,2.7362,2.7382,2.7412,2.7442,2.7412,2.7432,8
2026-04-29 12:49:00,2.7377,2.7382,2.7362,2.7372,2.7427,2.7432,2.7412,2.7422,13
2026-04-29 12:50:00,2.7367,2.7382,2.7362,2.7372,2.7417,2.7432,2.7412,2.7422,8
2026-04-29 12:51:00,2.7362,2.7362,2.7362,2.7362,2.7412,2.7412,2.7412,2.7412,1
2026-04-29 12:52:00,2.7367,2.7372,2.7362,2.7362,2.7417,2.7422,2.7412,2.7412,5
2026-04-29 12:53:00,2.7352,2.7352,2.7352,2.7352,2.7402,2.7402,2.7402,2.7402,1
2026-04-29 12:54:00,2.7362,2.7382,2.7362,2.7372,2.7412,2.7432,2.7412,2.7422,6
2026-04-29 12:55:00,2.7377,2.7382,2.7362,2.7372,2.7427,2.7432,2.7412,2.7422,6
2026-04-29 12:56:00,2.7377,2.7387,2.7377,2.7387,2.7427,2.7437,2.7427,2.7437,4
2026-04-29 12:57:00,2.7382,2.7382,2.7372,2.7382,2.7432,2.7432,2.7422,2.7432,3
2026-04-29 12:58:00,2.7377,2.7382,2.7372,2.7372,2.7427,2.7432,2.7422,2.7422,4
2026-04-29 12:59:00,2.7382,2.7382,2.7372,2.7372,2.7432,2.7432,2.7422,2.7422,2
2026-04-29 13:00:00,2.7367,2.7367,2.7327,2.7357,2.7417,2.7417,2.7377,2.7407,18
2026-04-29 13:01:00,2.7347,2.7352,2.7327,2.7327,2.7397,2.7402,2.7377,2.7377,9
2026-04-29 13:02:00,2.7317,2.7332,2.7312,2.7317,2.7367,2.7382,2.7362,2.7367,18
2026-04-29 13:03:00,2.7322,2.7327,2.7302,2.7322,2.7372,2.7377,2.7352,2.7372,10
2026-04-29 13:04:00,2.7317,2.7322,2.7312,2.7312,2.7367,2.7372,2.7362,2.7362,4
2026-04-29 13:05:00,2.7307,2.7312,2.7302,2.7302,2.7357,2.7362,2.7352,2.7352,6
2026-04-29 13:06:00,2.7292,2.7292,2.7262,2.7282,2.7342,2.7342,2.7312,2.7332,17
2026-04-29 13:07:00,2.7272,2.7292,2.7267,2.7267,2.7322,2.7342,2.7317,2.7317,10
2026-04-29 13:08:00,2.7272,2.7272,2.7262,2.7262,2.7322,2.7322,2.7312,2.7312,7
2026-04-29 13:09:00,2.7267,2.7297,2.7262,2.7282,2.7317,2.7347,2.7312,2.7332,13
2026-04-29 13:10:00,2.7292,2.7302,2.7287,2.7292,2.7342,2.7352,2.7337,2.7342,8
2026-04-29 13:11:00,2.7312,2.7312,2.7292,2.7302,2.7362,2.7362,2.7342,2.7352,7
2026-04-29 13:12:00,2.7297,2.7302,2.7292,2.7292,2.7347,2.7352,2.7342,2.7342,5
2026-04-29 13:13:00,2.7297,2.7302,2.7282,2.7282,2.7347,2.7352,2.7332,2.7332,12
2026-04-29 13:14:00,2.7272,2.7282,2.7272,2.7272,2.7322,2.7332,2.7322,2.7322,4
2026-04-29 13:15:00,2.7267,2.7277,2.7252,2.7277,2.7317,2.7327,2.7302,2.7327,10
2026-04-29 13:16:00,2.7292,2.7312,2.7292,2.7307,2.7342,2.7362,2.7342,2.7357,12
2026-04-29 13:17:00,2.7302,2.7302,2.7302,2.7302,2.7352,2.7352,2.7352,2.7352,1
2026-04-29 13:18:00,2.7312,2.7332,2.7312,2.7327,2.7362,2.7382,2.7362,2.7377,10
2026-04-29 13:19:00,2.7332,2.7332,2.7302,2.7302,2.7382,2.7382,2.7352,2.7352,9
2026-04-29 13:20:00,2.7297,2.7302,2.7277,2.7277,2.7347,2.7352,2.7327,2.7327,10
2026-04-29 13:21:00,2.7272,2.7272,2.7262,2.7272,2.7322,2.7322,2.7312,2.7322,8
2026-04-29 13:22:00,2.7262,2.7262,2.7232,2.7257,2.7312,2.7312,2.7282,2.7307,19
2026-04-29 13:23:00,2.7252,2.7262,2.7232,2.7232,2.7302,2.7312,2.7282,2.7282,9
2026-04-29 13:24:00,2.7237,2.7237,2.7222,2.7222,2.7287,2.7287,2.7272,2.7272,12
2026-04-29 13:25:00,2.7217,2.7222,2.7192,2.7197,2.7267,2.7272,2.7242,2.7247,18
2026-04-29 13:26:00,2.7192,2.7222,2.7172,2.7217,2.7242,2.7272,2.7222,2.7267,36
2026-04-29 13:27:00,2.7212,2.7232,2.7202,2.7212,2.7262,2.7282,2.7252,2.7262,13
2026-04-29 13:28:00,2.7207,2.7212,2.7202,2.7212,2.7257,2.7262,2.7252,2.7262,9
2026-04-29 13:29:00,2.7202,2.7212,2.7202,2.7212,2.7252,2.7262,2.7252,2.7262,7
2026-04-29 13:30:00,2.7202,2.7222,2.7202,2.7202,2.7252,2.7272,2.7252,2.7252,14
2026-04-29 13:31:00,2.7197,2.7202,2.7182,2.7202,2.7247,2.7252,2.7232,2.7252,6
2026-04-29 13:32:00,2.7197,2.7197,2.7182,2.7192,2.7247,2.7247,2.7232,2.7242,3
2026-04-29 13:33:00,2.7187,2.7187,2.7122,2.7132,2.7237,2.7237,2.7172,2.7182,28
2026-04-29 13:34:00,2.7127,2.7162,2.7112,2.7162,2.7177,2.7212,2.7162,2.7212,11
2026-04-29 13:35:00,2.7152,2.7202,2.7152,2.7202,2.7202,2.7252,2.7202,2.7252,18
2026-04-29 13:36:00,2.7207,2.7232,2.7207,2.7232,2.7257,2.7282,2.7257,2.7282,16
2026-04-29 13:37:00,2.7227,2.7252,2.7227,2.7247,2.7277,2.7302,2.7277,2.7297,14
2026-04-29 13:38:00,2.7252,2.7272,2.7232,2.7262,2.7302,2.7322,2.7282,2.7312,17
2026-04-29 13:39:00,2.7272,2.7302,2.7272,2.7302,2.7322,2.7352,2.7322,2.7352,10
2026-04-29 13:40:00,2.7307,2.7327,2.7302,2.7322,2.7357,2.7377,2.7352,2.7372,13
2026-04-29 13:41:00,2.7312,2.7322,2.7312,2.7322,2.7362,2.7372,2.7362,2.7372,2
2026-04-29 13:42:00,2.7327,2.7332,2.7292,2.7292,2.7377,2.7382,2.7342,2.7342,8
2026-04-29 13:43:00,2.7302,2.7312,2.7292,2.7312,2.7352,2.7362,2.7342,2.7362,14
2026-04-29 13:44:00,2.7322,2.7342,2.7322,2.7337,2.7372,2.7392,2.7372,2.7387,7
2026-04-29 13:45:00,2.7332,2.7342,2.7302,2.7312,2.7382,2.7392,2.7352,2.7362,20
2026-04-29 13:46:00,2.7307,2.7322,2.7302,2.7302,2.7357,2.7372,2.7352,2.7352,6
2026-04-29 13:47:00,2.7307,2.7312,2.7302,2.7312,2.7357,2.7362,2.7352,2.7362,9
2026-04-29 13:48:00,2.7302,2.7302,2.7262,2.7262,2.7352,2.7352,2.7312,2.7312,9
2026-04-29 13:49:00,2.7252,2.7252,2.7232,2.7242,2.7302,2.7302,2.7282,2.7292,12
2026-04-29 13:50:00,2.7232,2.7252,2.7222,2.7242,2.7282,2.7302,2.7272,2.7292,16
2026-04-29 13:51:00,2.7232,2.7262,2.7232,2.7257,2.7282,2.7312,2.7282,2.7307,14
2026-04-29 13:52:00,2.7247,2.7252,2.7222,2.7222,2.7297,2.7302,2.7272,2.7272,11
2026-04-29 13:53:00,2.7232,2.7232,2.7222,2.7222,2.7282,2.7282,2.7272,2.7272,2
2026-04-29 17:45:00,2.7192,2.7192,2.7172,2.7177,2.7242,2.7242,2.7222,2.7227,4
2026-04-29 17:46:00,2.7182,2.7192,2.7182,2.7182,2.7232,2.7242,2.7232,2.7232,7
2026-04-29 17:47:00,2.7192,2.7192,2.7192,2.7192,2.7242,2.7242,2.7242,2.7242,1
2026-04-29 17:48:00,2.7197,2.7197,2.7177,2.7182,2.7247,2.7247,2.7227,2.7232,9
2026-04-29 17:49:00,2.7192,2.7202,2.7192,2.7202,2.7242,2.7252,2.7242,2.7252,4
2026-04-29 17:50:00,2.7197,2.7197,2.7172,2.7172,2.7247,2.7247,2.7222,2.7222,7
2026-04-29 17:51:00,2.7162,2.7202,2.7152,2.7187,2.7212,2.7252,2.7202,2.7237,39
2026-04-29 17:52:00,2.7192,2.7222,2.7182,2.7197,2.7242,2.7272,2.7232,2.7247,35
2026-04-29 17:53:00,2.7192,2.7252,2.7182,2.7252,2.7242,2.7302,2.7232,2.7302,32
2026-04-29 17:54:00,2.7257,2.7282,2.7222,2.7227,2.7307,2.7332,2.7272,2.7277,38
2026-04-29 17:55:00,2.7222,2.7222,2.7197,2.7217,2.7272,2.7272,2.7247,2.7267,19
2026-04-29 17:56:00,2.7212,2.7252,2.7212,2.7242,2.7262,2.7302,2.7262,2.7292,23
2026-04-29 17:57:00,2.7252,2.7252,2.7197,2.7202,2.7302,2.7302,2.7247,2.7252,33
2026-04-29 17:58:00,2.7207,2.7207,2.7192,2.7192,2.7257,2.7257,2.7242,2.7242,14
2026-04-29 17:59:00,2.7197,2.7222,2.7192,2.7192,2.7247,2.7272,2.7242,2.7242,18
2026-04-29 18:00:00,2.7182,2.7192,2.7177,2.7182,2.7232,2.7242,2.7227,2.7232,7
2026-04-29 18:01:00,2.7187,2.7192,2.7162,2.7162,2.7237,2.7242,2.7212,2.7212,13
2026-04-29 18:02:00,2.7157,2.7182,2.7152,2.7172,2.7207,2.7232,2.7202,2.7222,20
2026-04-29 18:03:00,2.7182,2.7192,2.7177,2.7192,2.7232,2.7242,2.7227,2.7242,18
2026-04-29 18:04:00,2.7202,2.7202,2.7177,2.7182,2.7252,2.7252,2.7227,2.7232,12
2026-04-29 18:05:00,2.7172,2.7172,2.7152,2.7162,2.7222,2.7222,2.7202,2.7212,16
2026-04-29 18:06:00,2.7152,2.7162,2.7152,2.7162,2.7202,2.7212,2.7202,2.7212,17
2026-04-29 18:07:00,2.7157,2.7162,2.7152,2.7152,2.7207,2.7212,2.7202,2.7202,6
2026-04-29 18:08:00,2.7162,2.7162,2.7152,2.7152,2.7212,2.7212,2.7202,2.7202,4
2026-04-29 18:09:00,2.7142,2.7142,2.7102,2.7112,2.7192,2.7192,2.7152,2.7162,23
2026-04-29 18:10:00,2.7107,2.7132,2.7102,2.7122,2.7157,2.7182,2.7152,2.7172,24
2026-04-29 18:11:00,2.7127,2.7162,2.7112,2.7157,2.7177,2.7212,2.7162,2.7207,26
2026-04-29 18:12:00,2.7162,2.7162,2.7112,2.7112,2.7212,2.7212,2.7162,2.7162,32
2026-04-29 18:13:00,2.7117,2.7117,2.7112,2.7112,2.7167,2.7167,2.7162,2.7162,2
2026-04-29 18:14:00,2.7122,2.7132,2.7112,2.7132,2.7172,2.7182,2.7162,2.7182,14
2026-04-29 18:15:00,2.7127,2.7142,2.7117,2.7142,2.7177,2.7192,2.7167,2.7192,7
2026-04-29 18:16:00,2.7137,2.7147,2.7132,2.7137,2.7187,2.7197,2.7182,2.7187,11
2026-04-29 18:17:00,2.7142,2.7142,2.7122,2.7142,2.7192,2.7192,2.7172,2.7192,17
2026-04-29 18:18:00,2.7137,2.7142,2.7132,2.7142,2.7187,2.7192,2.7182,2.7192,13
2026-04-29 18:19:00,2.7152,2.7152,2.7142,2.7152,2.7202,2.7202,2.7192,2.7202,7
2026-04-29 18:20:00,2.7162,2.7162,2.7132,2.7147,2.7212,2.7212,2.7182,2.7197,21
2026-04-29 18:21:00,2.7142,2.7142,2.7112,2.7122,2.7192,2.7192,2.7162,2.7172,9
2026-04-29 18:22:00,2.7127,2.7142,2.7122,2.7142,2.7177,2.7192,2.7172,2.7192,8
2026-04-29 18:23:00,2.7137,2.7142,2.7122,2.7132,2.7187,2.7192,2.7172,2.7182,9
2026-04-29 18:24:00,2.7142,2.7142,2.7122,2.7132,2.7192,2.7192,2.7172,2.7182,8
2026-04-29 18:25:00,2.7122,2.7147,2.7122,2.7142,2.7172,2.7197,2.7172,2.7192,12
2026-04-29 18:26:00,2.7132,2.7142,2.7127,2.7127,2.7182,2.7192,2.7177,2.7177,19
2026-04-29 18:27:00,2.7122,2.7127,2.7112,2.7112,2.7172,2.7177,2.7162,2.7162,4
2026-04-29 18:28:00,2.7122,2.7127,2.7117,2.7117,2.7172,2.7177,2.7167,2.7167,6
2026-04-29 18:29:00,2.7122,2.7147,2.7122,2.7137,2.7172,2.7197,2.7172,2.7187,19
2026-04-29 18:30:00,2.7132,2.7142,2.7132,2.7142,2.7182,2.7192,2.7182,2.7192,9
2026-04-29 18:31:00,2.7147,2.7147,2.7112,2.7112,2.7197,2.7197,2.7162,2.7162,16
2026-04-29 18:32:00,2.7107,2.7112,2.7092,2.7112,2.7157,2.7162,2.7142,2.7162,10
2026-04-29 18:33:00,2.7107,2.7132,2.7102,2.7132,2.7157,2.7182,2.7152,2.7182,20
2026-04-29 18:34:00,2.7142,2.7152,2.7122,2.7137,2.7192,2.7202,2.7172,2.7187,20
2026-04-29 18:35:00,2.7132,2.7142,2.7122,2.7132,2.7182,2.7192,2.7172,2.7182,7
2026-04-29 18:36:00,2.7127,2.7142,2.7122,2.7127,2.7177,2.7192,2.7172,2.7177,18
2026-04-29 18:37:00,2.7122,2.7147,2.7122,2.7142,2.7172,2.7197,2.7172,2.7192,9
2026-04-29 18:38:00,2.7137,2.7162,2.7132,2.7152,2.7187,2.7212,2.7182,2.7202,14
2026-04-29 18:39:00,2.7162,2.7172,2.7152,2.7162,2.7212,2.7222,2.7202,2.7212,23
2026-04-29 18:40:00,2.7172,2.7172,2.7152,2.7152,2.7222,2.7222,2.7202,2.7202,10
2026-04-29 18:41:00,2.7157,2.7162,2.7137,2.7137,2.7207,2.7212,2.7187,2.7187,10
2026-04-29 18:42:00,2.7132,2.7132,2.7132,2.7132,2.7182,2.7182,2.7182,2.7182,1
2026-04-29 18:43:00,2.7122,2.7122,2.7122,2.7122,2.7172,2.7172,2.7172,2.7172,1
2026-04-29 18:44:00,2.7132,2.7132,2.7122,2.7122,2.7182,2.7182,2.7172,2.7172,5
2026-04-29 18:45:00,2.7132,2.7132,2.7122,2.7122,2.7182,2.7182,2.7172,2.7172,2
2026-04-29 18:46:00,2.7112,2.7132,2.7112,2.7132,2.7162,2.7182,2.7162,2.7182,8
2026-04-29 18:47:00,2.7122,2.7122,2.7112,2.7117,2.7172,2.7172,2.7162,2.7167,5
2026-04-29 18:48:00,2.7112,2.7112,2.7082,2.7082,2.7162,2.7162,2.7132,2.7132,10
2026-04-29 18:49:00,2.7087,2.7092,2.7082,2.7092,2.7137,2.7142,2.7132,2.7142,7
2026-04-29 18:50:00,2.7102,2.7102,2.7092,2.7092,2.7152,2.7152,2.7142,2.7142,4
2026-04-29 18:51:00,2.7102,2.7102,2.7092,2.7092,2.7152,2.7152,2.7142,2.7142,11
2026-04-29 18:52:00,2.7097,2.7102,2.7092,2.7102,2.7147,2.7152,2.7142,2.7152,7
2026-04-29 18:53:00,2.7107,2.7112,2.7102,2.7112,2.7157,2.7162,2.7152,2.7162,5
2026-04-29 18:54:00,2.7102,2.7112,2.7102,2.7112,2.7152,2.7162,2.7152,2.7162,2
2026-04-29 18:55:00,2.7122,2.7122,2.7112,2.7122,2.7172,2.7172,2.7162,2.7172,9
2026-04-29 18:56:00,2.7112,2.7122,2.7112,2.7122,2.7162,2.7172,2.7162,2.7172,9
2026-04-29 18:57:00,2.7132,2.7132,2.7122,2.7122,2.7182,2.7182,2.7172,2.7172,2
2026-04-29 18:58:00,2.7112,2.7112,2.7102,2.7112,2.7162,2.7162,2.7152,2.7162,3
2026-04-29 18:59:00,2.7107,2.7112,2.7052,2.7052,2.7157,2.7162,2.7102,2.7102,22
2026-04-29 19:00:00,2.7062,2.7062,2.7032,2.7052,2.7112,2.7112,2.7082,2.7102,22
2026-04-29 19:01:00,2.7042,2.7082,2.7042,2.7082,2.7092,2.7132,2.7092,2.7132,8
2026-04-29 19:02:00,2.7072,2.7082,2.7052,2.7052,2.7122,2.7132,2.7102,2.7102,9
2026-04-29 19:03:00,2.7047,2.7052,2.7012,2.7042,2.7097,2.7102,2.7062,2.7092,15
2026-04-29 19:04:00,2.7047,2.7052,2.7022,2.7022,2.7097,2.7102,2.7072,2.7072,12
2026-04-29 19:05:00,2.7027,2.7037,2.7012,2.7032,2.7077,2.7087,2.7062,2.7082,23
2026-04-29 19:07:00,2.7042,2.7042,2.7032,2.7032,2.7092,2.7092,2.7082,2.7082,6
2026-04-29 19:08:00,2.7037,2.7037,2.7032,2.7032,2.7087,2.7087,2.7082,2.7082,4
2026-04-29 19:10:00,2.7022,2.7032,2.7012,2.7022,2.7072,2.7082,2.7062,2.7072,10
2026-04-29 19:11:00,2.7027,2.7052,2.7022,2.7052,2.7077,2.7102,2.7072,2.7102,19
2026-04-29 19:12:00,2.7057,2.7077,2.7057,2.7072,2.7107,2.7127,2.7107,2.7122,10
2026-04-29 19:13:00,2.7062,2.7072,2.7062,2.7062,2.7112,2.7122,2.7112,2.7112,5
2026-04-29 19:14:00,2.7057,2.7062,2.7052,2.7062,2.7107,2.7112,2.7102,2.7112,8
2026-04-29 19:15:00,2.7052,2.7062,2.7052,2.7062,2.7102,2.7112,2.7102,2.7112,4
2026-04-29 19:16:00,2.7072,2.7082,2.7067,2.7072,2.7122,2.7132,2.7117,2.7122,8
2026-04-29 19:17:00,2.7062,2.7062,2.7042,2.7047,2.7112,2.7112,2.7092,2.7097,6
2026-04-29 19:18:00,2.7052,2.7052,2.7032,2.7052,2.7102,2.7102,2.7082,2.7102,9
2026-04-29 19:19:00,2.7042,2.7052,2.7042,2.7052,2.7092,2.7102,2.7092,2.7102,4
2026-04-29 19:20:00,2.7047,2.7052,2.7022,2.7042,2.7097,2.7102,2.7072,2.7092,19
2026-04-29 19:21:00,2.7037,2.7042,2.7032,2.7042,2.7087,2.7092,2.7082,2.7092,10
2026-04-29 19:22:00,2.7037,2.7052,2.7032,2.7042,2.7087,2.7102,2.7082,2.7092,7
2026-04-29 19:23:00,2.7037,2.7042,2.7032,2.7032,2.7087,2.7092,2.7082,2.7082,3
2026-04-29 19:24:00,2.7022,2.7032,2.7012,2.7022,2.7072,2.7082,2.7062,2.7072,12
2026-04-29 19:25:00,2.7017,2.7022,2.7002,2.7002,2.7067,2.7072,2.7052,2.7052,13
2026-04-29 19:26:00,2.7007,2.7012,2.7007,2.7012,2.7057,2.7062,2.7057,2.7062,2
2026-04-29 19:27:00,2.7017,2.7032,2.7012,2.7032,2.7067,2.7082,2.7062,2.7082,11
2026-04-29 19:28:00,2.7037,2.7052,2.7037,2.7052,2.7087,2.7102,2.7087,2.7102,11
2026-04-29 19:29:00,2.7047,2.7062,2.7037,2.7052,2.7097,2.7112,2.7087,2.7102,10
2026-04-29 19:30:00,2.7047,2.7072,2.7042,2.7062,2.7097,2.7122,2.7092,2.7112,18
2026-04-29 19:31:00,2.7052,2.7072,2.7032,2.7057,2.7102,2.7122,2.7082,2.7107,23
2026-04-29 19:32:00,2.7062,2.7072,2.7052,2.7052,2.7112,2.7122,2.7102,2.7102,8
2026-04-29 19:33:00,2.7047,2.7052,2.7037,2.7037,2.7097,2.7102,2.7087,2.7087,5
2026-04-29 19:34:00,2.7042,2.7042,2.7022,2.7032,2.7092,2.7092,2.7072,2.7082,9
2026-04-29 19:35:00,2.7022,2.7042,2.7022,2.7042,2.7072,2.7092,2.7072,2.7092,3
2026-04-29 19:36:00,2.7032,2.7052,2.7027,2.7042,2.7082,2.7102,2.7077,2.7092,6
2026-04-29 19:37:00,2.7052,2.7052,2.7032,2.7052,2.7102,2.7102,2.7082,2.7102,17
2026-04-29 19:38:00,2.7047,2.7062,2.7042,2.7062,2.7097,2.7112,2.7092,2.7112,11
2026-04-29 19:39:00,2.7072,2.7082,2.7072,2.7072,2.7122,2.7132,2.7122,2.7122,6
2026-04-29 19:40:00,2.7082,2.7087,2.7082,2.7082,2.7132,2.7137,2.7132,2.7132,3
2026-04-29 19:41:00,2.7087,2.7092,2.7072,2.7072,2.7137,2.7142,2.7122,2.7122,7
2026-04-29 19:42:00,2.7077,2.7082,2.7077,2.7082,2.7127,2.7132,2.7127,2.7132,2
2026-04-29 19:43:00,2.7077,2.7102,2.7072,2.7072,2.7127,2.7152,2.7122,2.7122,15
2026-04-29 19:44:00,2.7077,2.7082,2.7072,2.7082,2.7127,2.7132,2.7122,2.7132,11
2026-04-29 19:45:00,2.7072,2.7082,2.7062,2.7082,2.7122,2.7132,2.7112,2.7132,10
2026-04-29 19:46:00,2.7077,2.7082,2.7072,2.7072,2.7127,2.7132,2.7122,2.7122,10
2026-04-29 19:47:00,2.7077,2.7082,2.7077,2.7082,2.7127,2.7132,2.7127,2.7132,2
2026-04-29 19:48:00,2.7072,2.7072,2.7042,2.7042,2.7122,2.7122,2.7092,2.7092,19
2026-04-29 19:49:00,2.7052,2.7072,2.7052,2.7072,2.7102,2.7122,2.7102,2.7122,3
2026-04-29 19:50:00,2.7077,2.7082,2.7062,2.7062,2.7127,2.7132,2.7112,2.7112,6
2026-04-29 19:51:00,2.7057,2.7062,2.7052,2.7052,2.7107,2.7112,2.7102,2.7102,8
2026-04-29 19:52:00,2.7042,2.7062,2.7042,2.7062,2.7092,2.7112,2.7092,2.7112,10
2026-04-29 19:53:00,2.7072,2.7072,2.7052,2.7062,2.7122,2.7122,2.7102,2.7112,4
2026-04-29 19:54:00,2.7072,2.7072,2.7052,2.7062,2.7122,2.7122,2.7102,2.7112,5
2026-04-29 19:55:00,2.7057,2.7067,2.7057,2.7062,2.7107,2.7117,2.7107,2.7112,4
2026-04-29 19:56:00,2.7067,2.7072,2.7052,2.7072,2.7117,2.7122,2.7102,2.7122,6
2026-04-29 19:57:00,2.7082,2.7092,2.7082,2.7092,2.7132,2.7142,2.7132,2.7142,2
2026-04-29 19:58:00,2.7102,2.7102,2.7092,2.7092,2.7152,2.7152,2.7142,2.7142,10
2026-04-29 20:00:00,2.7077,2.7087,2.7072,2.7082,2.7127,2.7137,2.7122,2.7132,20
2026-04-29 20:01:00,2.7092,2.7107,2.7082,2.7092,2.7142,2.7157,2.7132,2.7142,11
2026-04-29 20:02:00,2.7082,2.7102,2.7082,2.7087,2.7132,2.7152,2.7132,2.7137,13
2026-04-29 20:03:00,2.7082,2.7082,2.7072,2.7072,2.7132,2.7132,2.7122,2.7122,9
2026-04-29 20:04:00,2.7077,2.7092,2.7072,2.7092,2.7127,2.7142,2.7122,2.7142,10
2026-04-29 20:05:00,2.7102,2.7132,2.7092,2.7122,2.7152,2.7182,2.7142,2.7172,8
2026-04-29 20:06:00,2.7132,2.7142,2.7122,2.7132,2.7182,2.7192,2.7172,2.7182,6
2026-04-29 20:07:00,2.7127,2.7127,2.7092,2.7112,2.7177,2.7177,2.7142,2.7162,11
2026-04-29 20:08:00,2.7117,2.7117,2.7112,2.7112,2.7167,2.7167,2.7162,2.7162,2
2026-04-29 20:09:00,2.7107,2.7107,2.7102,2.7102,2.7157,2.7157,2.7152,2.7152,2
2026-04-29 20:10:00,2.7112,2.7112,2.7102,2.7112,2.7162,2.7162,2.7152,2.7162,6
2026-04-29 20:11:00,2.7107,2.7107,2.7087,2.7102,2.7157,2.7157,2.7137,2.7152,11
2026-04-29 20:12:00,2.7097,2.7102,2.7082,2.7102,2.7147,2.7152,2.7132,2.7152,6
2026-04-29 20:13:00,2.7107,2.7132,2.7102,2.7122,2.7157,2.7182,2.7152,2.7172,9
2026-04-29 20:14:00,2.7132,2.7142,2.7122,2.7142,2.7182,2.7192,2.7172,2.7192,12
2026-04-29 20:15:00,2.7132,2.7147,2.7122,2.7122,2.7182,2.7197,2.7172,2.7172,13
2026-04-29 20:16:00,2.7117,2.7122,2.7112,2.7122,2.7167,2.7172,2.7162,2.7172,7
2026-04-29 20:17:00,2.7117,2.7127,2.7102,2.7122,2.7167,2.7177,2.7152,2.7172,12
2026-04-29 20:18:00,2.7127,2.7132,2.7112,2.7122,2.7177,2.7182,2.7162,2.7172,13
2026-04-29 20:19:00,2.7127,2.7147,2.7122,2.7142,2.7177,2.7197,2.7172,2.7192,13
2026-04-29 20:20:00,2.7147,2.7152,2.7142,2.7142,2.7197,2.7202,2.7192,2.7192,12
2026-04-29 20:21:00,2.7152,2.7162,2.7142,2.7152,2.7202,2.7212,2.7192,2.7202,10
2026-04-29 20:22:00,2.7142,2.7162,2.7142,2.7152,2.7192,2.7212,2.7192,2.7202,16
2026-04-29 20:23:00,2.7147,2.7147,2.7142,2.7142,2.7197,2.7197,2.7192,2.7192,2
2026-04-29 20:24:00,2.7137,2.7142,2.7122,2.7142,2.7187,2.7192,2.7172,2.7192,6
2026-04-29 20:25:00,2.7152,2.7162,2.7142,2.7152,2.7202,2.7212,2.7192,2.7202,35
2026-04-29 20:26:00,2.7157,2.7222,2.7152,2.7197,2.7207,2.7272,2.7202,2.7247,33
2026-04-29 20:27:00,2.7182,2.7192,2.7172,2.7182,2.7232,2.7242,2.7222,2.7232,20
2026-04-29 20:28:00,2.7172,2.7187,2.7142,2.7177,2.7222,2.7237,2.7192,2.7227,78
2026-04-29 20:29:00,2.7172,2.7202,2.7162,2.7202,2.7222,2.7252,2.7212,2.7252,67
2026-04-29 20:30:00,2.7207,2.7207,2.7172,2.7182,2.7257,2.7257,2.7222,2.7232,11
2026-04-29 20:31:00,2.7192,2.7192,2.7182,2.7192,2.7242,2.7242,2.7232,2.7242,10
2026-04-29 20:32:00,2.7182,2.7192,2.7172,2.7182,2.7232,2.7242,2.7222,2.7232,8
2026-04-29 20:33:00,2.7177,2.7192,2.7177,2.7192,2.7227,2.7242,2.7227,2.7242,10
2026-04-29 20:34:00,2.7202,2.7202,2.7182,2.7192,2.7252,2.7252,2.7232,2.7242,6
2026-04-29 20:35:00,2.7182,2.7182,2.7152,2.7172,2.7232,2.7232,2.7202,2.7222,18
2026-04-29 20:36:00,2.7167,2.7167,2.7142,2.7147,2.7217,2.7217,2.7192,2.7197,11
2026-04-29 20:37:00,2.7142,2.7167,2.7137,2.7157,2.7192,2.7217,2.7187,2.7207,15
2026-04-29 20:38:00,2.7152,2.7167,2.7152,2.7152,2.7202,2.7217,2.7202,2.7202,6
2026-04-29 20:39:00,2.7147,2.7152,2.7142,2.7142,2.7197,2.7202,2.7192,2.7192,4
2026-04-29 20:40:00,2.7132,2.7142,2.7132,2.7142,2.7182,2.7192,2.7182,2.7192,11
2026-04-29 20:41:00,2.7132,2.7142,2.7122,2.7142,2.7182,2.7192,2.7172,2.7192,8
2026-04-29 20:42:00,2.7137,2.7147,2.7137,2.7142,2.7187,2.7197,2.7187,2.7192,10
2026-04-29 20:43:00,2.7152,2.7152,2.7122,2.7132,2.7202,2.7202,2.7172,2.7182,8
2026-04-29 20:44:00,2.7137,2.7142,2.7132,2.7142,2.7187,2.7192,2.7182,2.7192,12
2026-04-29 20:46:00,2.7137,2.7142,2.7132,2.7132,2.7187,2.7192,2.7182,2.7182,4
2026-04-29 20:47:00,2.7122,2.7132,2.7122,2.7132,2.7172,2.7182,2.7172,2.7182,11
2026-04-29 20:48:00,2.7122,2.7142,2.7122,2.7142,2.7172,2.7192,2.7172,2.7192,6
2026-04-29 20:50:00,2.7147,2.7162,2.7142,2.7152,2.7197,2.7212,2.7192,2.7202,11
2026-04-29 20:51:00,2.7142,2.7142,2.7132,2.7132,2.7192,2.7192,2.7182,2.7182,2
2026-04-29 20:52:00,2.7142,2.7142,2.7122,2.7132,2.7192,2.7192,2.7172,2.7182,4
2026-04-29 20:53:00,2.7127,2.7132,2.7127,2.7132,2.7177,2.7182,2.7177,2.7182,2
2026-04-29 20:54:00,2.7137,2.7137,2.7132,2.7132,2.7187,2.7187,2.7182,2.7182,2
2026-04-29 20:55:00,2.7122,2.7122,2.7102,2.7112,2.7172,2.7172,2.7152,2.7162,5
2026-04-29 20:58:00,2.7107,2.7112,2.7102,2.7102,2.7157,2.7162,2.7152,2.7152,7
2026-04-29 20:59:00,2.7107,2.7112,2.7107,2.7112,2.7157,2.7162,2.7157,2.7162,2
2026-04-29 21:00:00,2.7117,2.7122,2.7112,2.7112,2.7167,2.7172,2.7162,2.7162,5
2026-04-29 21:01:00,2.7117,2.7122,2.7112,2.7112,2.7167,2.7172,2.7162,2.7162,3
2026-04-29 21:02:00,2.7107,2.7112,2.7097,2.7102,2.7157,2.7162,2.7147,2.7152,6
2026-04-29 21:03:00,2.7107,2.7107,2.7107,2.7107,2.7157,2.7157,2.7157,2.7157,1
2026-04-29 21:04:00,2.7112,2.7127,2.7112,2.7122,2.7162,2.7177,2.7162,2.7172,7
2026-04-29 21:05:00,2.7127,2.7132,2.7127,2.7132,2.7177,2.7182,2.7177,2.7182,2
2026-04-29 21:06:00,2.7127,2.7132,2.7122,2.7122,2.7177,2.7182,2.7172,2.7172,5
2026-04-29 21:07:00,2.7127,2.7127,2.7122,2.7127,2.7177,2.7177,2.7172,2.7177,3
2026-04-29 21:08:00,2.7122,2.7142,2.7122,2.7142,2.7172,2.7192,2.7172,2.7192,10
2026-04-29 21:09:00,2.7137,2.7152,2.7137,2.7142,2.7187,2.7202,2.7187,2.7192,4
2026-04-29 21:10:00,2.7147,2.7147,2.7132,2.7132,2.7197,2.7197,2.7182,2.7182,4
2026-04-29 21:11:00,2.7127,2.7132,2.7122,2.7122,2.7177,2.7182,2.7172,2.7172,4
2026-04-29 21:13:00,2.7112,2.7122,2.7112,2.7122,2.7162,2.7172,2.7162,2.7172,2
2026-04-29 21:14:00,2.7117,2.7122,2.7117,2.7122,2.7167,2.7172,2.7167,2.7172,2
2026-04-29 21:15:00,2.7117,2.7122,2.7117,2.7122,2.7167,2.7172,2.7167,2.7172,4
2026-04-29 21:16:00,2.7117,2.7122,2.7112,2.7122,2.7167,2.7172,2.7162,2.7172,12
2026-04-29 21:18:00,2.7127,2.7127,2.7122,2.7127,2.7177,2.7177,2.7172,2.7177,5
2026-04-29 21:19:00,2.7132,2.7132,2.7122,2.7122,2.7182,2.7182,2.7172,2.7172,7
2026-04-29 21:20:00,2.7132,2.7132,2.7132,2.7132,2.7182,2.7182,2.7182,2.7182,1
2026-04-29 21:21:00,2.7122,2.7137,2.7122,2.7137,2.7172,2.7187,2.7172,2.7187,3
2026-04-29 21:22:00,2.7132,2.7142,2.7132,2.7142,2.7182,2.7192,2.7182,2.7192,5
2026-04-29 21:23:00,2.7132,2.7147,2.7132,2.7142,2.7182,2.7197,2.7182,2.7192,4
2026-04-29 21:24:00,2.7137,2.7142,2.7132,2.7142,2.7187,2.7192,2.7182,2.7192,4
2026-04-29 21:27:00,2.7152,2.7152,2.7142,2.7142,2.7202,2.7202,2.7192,2.7192,5
2026-04-29 21:29:00,2.7147,2.7152,2.7147,2.7152,2.7197,2.7202,2.7197,2.7202,2
2026-04-29 21:30:00,2.7162,2.7162,2.7162,2.7162,2.7212,2.7212,2.7212,2.7212,1
2026-04-29 21:31:00,2.7172,2.7172,2.7162,2.7162,2.7222,2.7222,2.7212,2.7212,2
2026-04-29 21:32:00,2.7157,2.7162,2.7152,2.7157,2.7207,2.7212,2.7202,2.7207,8
2026-04-29 21:33:00,2.7162,2.7182,2.7157,2.7172,2.7212,2.7232,2.7207,2.7222,11
2026-04-29 21:34:00,2.7167,2.7172,2.7162,2.7162,2.7217,2.7222,2.7212,2.7212,4
2026-04-29 21:35:00,2.7152,2.7162,2.7142,2.7142,2.7202,2.7212,2.7192,2.7192,6
2026-04-29 21:36:00,2.7132,2.7142,2.7132,2.7142,2.7182,2.7192,2.7182,2.7192,2
2026-04-29 21:37:00,2.7137,2.7137,2.7132,2.7132,2.7187,2.7187,2.7182,2.7182,2
2026-04-29 21:38:00,2.7122,2.7142,2.7122,2.7142,2.7172,2.7192,2.7172,2.7192,7
2026-04-29 21:39:00,2.7152,2.7152,2.7142,2.7142,2.7202,2.7202,2.7192,2.7192,6
2026-04-29 21:40:00,2.7147,2.7152,2.7147,2.7152,2.7197,2.7202,2.7197,2.7202,2
2026-04-29 21:41:00,2.7142,2.7152,2.7142,2.7152,2.7192,2.7202,2.7192,2.7202,2
2026-04-29 21:42:00,2.7142,2.7142,2.7142,2.7142,2.7192,2.7192,2.7192,2.7192,1
2026-04-29 21:43:00,2.7152,2.7162,2.7152,2.7152,2.7202,2.7212,2.7202,2.7202,3
2026-04-29 21:44:00,2.7162,2.7172,2.7152,2.7162,2.7212,2.7222,2.7202,2.7212,11
2026-04-29 21:45:00,2.7157,2.7162,2.7152,2.7152,2.7207,2.7212,2.7202,2.7202,4
2026-04-29 21:48:00,2.7157,2.7157,2.7142,2.7142,2.7207,2.7207,2.7192,2.7192,3
2026-04-29 21:49:00,2.7137,2.7142,2.7137,2.7142,2.7187,2.7192,2.7187,2.7192,4
2026-04-29 21:50:00,2.7132,2.7132,2.7122,2.7132,2.7182,2.7182,2.7172,2.7182,11
2026-04-29 21:52:00,2.7127,2.7132,2.7127,2.7132,2.7177,2.7182,2.7177,2.7182,2
2026-04-29 21:53:00,2.7122,2.7132,2.7122,2.7132,2.7172,2.7182,2.7172,2.7182,4
2026-04-29 21:54:00,2.7142,2.7142,2.7122,2.7127,2.7192,2.7192,2.7172,2.7177,10
2026-04-29 21:55:00,2.7122,2.7127,2.7122,2.7127,2.7172,2.7177,2.7172,2.7177,6
2026-04-29 21:56:00,2.7132,2.7132,2.7122,2.7127,2.7182,2.7182,2.7172,2.7177,6
2026-04-29 21:57:00,2.7122,2.7132,2.7122,2.7122,2.7172,2.7182,2.7172,2.7172,16
2026-04-29 21:58:00,2.7117,2.7122,2.7117,2.7122,2.7167,2.7172,2.7167,2.7172,2
2026-04-29 21:59:00,2.7132,2.7132,2.7122,2.7127,2.7182,2.7182,2.7172,2.7177,3
2026-04-29 22:00:00,2.7122,2.7132,2.7122,2.7132,2.7172,2.7182,2.7172,2.7182,2
2026-04-29 22:01:00,2.7137,2.7152,2.7137,2.7152,2.7187,2.7202,2.7187,2.7202,3
2026-04-29 22:02:00,2.7162,2.7162,2.7132,2.7137,2.7212,2.7212,2.7182,2.7187,14
2026-04-29 22:03:00,2.7142,2.7147,2.7142,2.7147,2.7192,2.7197,2.7192,2.7197,2
2026-04-29 22:04:00,2.7132,2.7142,2.7132,2.7142,2.7182,2.7192,2.7182,2.7192,2
2026-04-29 22:05:00,2.7132,2.7142,2.7132,2.7142,2.7182,2.7192,2.7182,2.7192,2
2026-04-29 22:07:00,2.7147,2.7147,2.7142,2.7142,2.7197,2.7197,2.7192,2.7192,2
2026-04-29 22:08:00,2.7137,2.7142,2.7132,2.7132,2.7187,2.7192,2.7182,2.7182,5
2026-04-29 22:09:00,2.7137,2.7137,2.7132,2.7132,2.7187,2.7187,2.7182,2.7182,2
2026-04-29 22:12:00,2.7137,2.7147,2.7132,2.7147,2.7187,2.7197,2.7182,2.7197,5
2026-04-29 22:13:00,2.7152,2.7152,2.7142,2.7152,2.7202,2.7202,2.7192,2.7202,3
2026-04-29 22:14:00,2.7157,2.7157,2.7152,2.7152,2.7207,2.7207,2.7202,2.7202,2
2026-04-29 22:15:00,2.7157,2.7162,2.7152,2.7157,2.7207,2.7212,2.7202,2.7207,4
2026-04-29 22:16:00,2.7162,2.7162,2.7162,2.7162,2.7212,2.7212,2.7212,2.7212,1
2026-04-29 22:17:00,2.7167,2.7172,2.7162,2.7162,2.7217,2.7222,2.7212,2.7212,5
2026-04-29 22:18:00,2.7167,2.7167,2.7162,2.7162,2.7217,2.7217,2.7212,2.7212,4
2026-04-29 22:19:00,2.7167,2.7172,2.7162,2.7172,2.7217,2.7222,2.7212,2.7222,5
2026-04-29 22:21:00,2.7162,2.7162,2.7162,2.7162,2.7212,2.7212,2.7212,2.7212,1
2026-04-29 22:22:00,2.7152,2.7162,2.7152,2.7152,2.7202,2.7212,2.7202,2.7202,7
2026-04-29 22:24:00,2.7147,2.7162,2.7142,2.7162,2.7197,2.7212,2.7192,2.7212,7
2026-04-29 22:25:00,2.7167,2.7182,2.7167,2.7172,2.7217,2.7232,2.7217,2.7222,4
2026-04-29 22:26:00,2.7167,2.7172,2.7162,2.7172,2.7217,2.7222,2.7212,2.7222,3
2026-04-29 22:27:00,2.7167,2.7167,2.7167,2.7167,2.7217,2.7217,2.7217,2.7217,1
2026-04-29 22:28:00,2.7172,2.7172,2.7162,2.7172,2.7222,2.7222,2.7212,2.7222,8
2026-04-29 22:29:00,2.7167,2.7172,2.7167,2.7167,2.7217,2.7222,2.7217,2.7217,9
2026-04-29 22:30:00,2.7172,2.7172,2.7162,2.7162,2.7222,2.7222,2.7212,2.7212,6
2026-04-29 22:32:00,2.7157,2.7172,2.7152,2.7162,2.7207,2.7222,2.7202,2.7212,8
2026-04-29 22:33:00,2.7167,2.7167,2.7157,2.7167,2.7217,2.7217,2.7207,2.7217,4
2026-04-29 22:34:00,2.7162,2.7162,2.7162,2.7162,2.7212,2.7212,2.7212,2.7212,1
2026-04-29 22:39:00,2.7167,2.7167,2.7167,2.7167,2.7217,2.7217,2.7217,2.7217,1
2026-04-29 22:40:00,2.7172,2.7172,2.7162,2.7162,2.7222,2.7222,2.7212,2.7212,2
2026-04-29 22:43:00,2.7152,2.7162,2.7152,2.7162,2.7202,2.7212,2.7202,2.7212,2
2026-04-29 22:45:00,2.7167,2.7167,2.7167,2.7167,2.7217,2.7217,2.7217,2.7217,1
2026-04-29 22:46:00,2.7172,2.7177,2.7167,2.7172,2.7222,2.7227,2.7217,2.7222,13
2026-04-29 22:47:00,2.7177,2.7177,2.7172,2.7177,2.7227,2.7227,2.7222,2.7227,3
2026-04-29 22:48:00,2.7182,2.7182,2.7177,2.7177,2.7232,2.7232,2.7227,2.7227,4
2026-04-29 22:49:00,2.7182,2.7182,2.7177,2.7177,2.7232,2.7232,2.7227,2.7227,2
2026-04-29 22:50:00,2.7172,2.7182,2.7172,2.7177,2.7222,2.7232,2.7222,2.7227,6
2026-04-29 22:51:00,2.7172,2.7172,2.7162,2.7162,2.7222,2.7222,2.7212,2.7212,3
2026-04-29 22:52:00,2.7167,2.7167,2.7162,2.7162,2.7217,2.7217,2.7212,2.7212,2
2026-04-29 22:53:00,2.7167,2.7167,2.7167,2.7167,2.7217,2.7217,2.7217,2.7217,1
2026-04-29 22:54:00,2.7162,2.7172,2.7162,2.7167,2.7212,2.7222,2.7212,2.7217,4
2026-04-29 22:55:00,2.7172,2.7172,2.7162,2.7172,2.7222,2.7222,2.7212,2.7222,4
2026-04-29 22:56:00,2.7167,2.7172,2.7167,2.7172,2.7217,2.7222,2.7217,2.7222,2
2026-04-29 22:57:00,2.7167,2.7172,2.7167,2.7172,2.7217,2.7222,2.7217,2.7222,4
2026-04-29 22:58:00,2.7177,2.7177,2.7172,2.7172,2.7227,2.7227,2.7222,2.7222,2
2026-04-29 22:59:00,2.7177,2.7273,2.7172,2.7263,2.7227,2.7323,2.7222,2.7313,6
2026-04-30 00:00:00,2.7293,2.7338,2.7293,2.7323,2.7343,2.7388,2.7343,2.7373,12
2026-04-30 00:01:00,2.7333,2.7333,2.7288,2.7288,2.7383,2.7383,2.7338,2.7338,7
2026-04-30 00:02:00,2.7293,2.7293,2.7283,2.7283,2.7343,2.7343,2.7333,2.7333,3
2026-04-30 00:03:00,2.7288,2.7288,2.7288,2.7288,2.7338,2.7338,2.7338,2.7338,1
2026-04-30 00:04:00,2.7283,2.7288,2.7283,2.7288,2.7333,2.7338,2.7333,2.7338,2
2026-04-30 00:06:00,2.7273,2.7273,2.7268,2.7268,2.7323,2.7323,2.7318,2.7318,2
2026-04-30 00:07:00,2.7243,2.7243,2.7228,2.7228,2.7293,2.7293,2.7278,2.7278,4
2026-04-30 00:08:00,2.7218,2.7218,2.7218,2.7218,2.7268,2.7268,2.7268,2.7268,1
2026-04-30 00:09:00,2.7213,2.7223,2.7213,2.7218,2.7263,2.7273,2.7263,2.7268,4
2026-04-30 00:10:00,2.7223,2.7228,2.7223,2.7228,2.7273,2.7278,2.7273,2.7278,2
2026-04-30 00:11:00,2.7233,2.7233,2.7213,2.7213,2.7283,2.7283,2.7263,2.7263,6
2026-04-30 00:14:00,2.7198,2.7198,2.7158,2.7173,2.7248,2.7248,2.7208,2.7223,12
2026-04-30 00:15:00,2.7163,2.7168,2.7153,2.7158,2.7213,2.7218,2.7203,2.7208,7
2026-04-30 00:16:00,2.7163,2.7173,2.7163,2.7173,2.7213,2.7223,2.7213,2.7223,3
2026-04-30 00:17:00,2.7168,2.7168,2.7163,2.7163,2.7218,2.7218,2.7213,2.7213,2
2026-04-30 00:18:00,2.7168,2.7168,2.7168,2.7168,2.7218,2.7218,2.7218,2.7218,1
2026-04-30 00:19:00,2.7173,2.7173,2.7173,2.7173,2.7223,2.7223,2.7223,2.7223,1
2026-04-30 00:20:00,2.7183,2.7183,2.7178,2.7178,2.7233,2.7233,2.7228,2.7228,2
2026-04-30 00:21:00,2.7173,2.7178,2.7173,2.7178,2.7223,2.7228,2.7223,2.7228,2
2026-04-30 00:23:00,2.7183,2.7183,2.7183,2.7183,2.7233,2.7233,2.7233,2.7233,1
2026-04-30 00:24:00,2.7173,2.7183,2.7173,2.7183,2.7223,2.7233,2.7223,2.7233,3
2026-04-30 00:26:00,2.7188,2.7188,2.7188,2.7188,2.7238,2.7238,2.7238,2.7238,1
2026-04-30 00:27:00,2.7183,2.7188,2.7183,2.7188,2.7233,2.7238,2.7233,2.7238,2
2026-04-30 00:29:00,2.7193,2.7193,2.7193,2.7193,2.7243,2.7243,2.7243,2.7243,1
2026-04-30 00:30:00,2.7188,2.7188,2.7188,2.7188,2.7238,2.7238,2.7238,2.7238,1
2026-04-30 00:32:00,2.7193,2.7193,2.7193,2.7193,2.7243,2.7243,2.7243,2.7243,1
2026-04-30 00:33:00,2.7198,2.7203,2.7198,2.7198,2.7248,2.7253,2.7248,2.7248,3
2026-04-30 00:34:00,2.7208,2.7213,2.7208,2.7213,2.7258,2.7263,2.7258,2.7263,2
2026-04-30 00:35:00,2.7208,2.7208,2.7208,2.7208,2.7258,2.7258,2.7258,2.7258,1
2026-04-30 00:37:00,2.7193,2.7198,2.7193,2.7198,2.7243,2.7248,2.7243,2.7248,2
2026-04-30 00:38:00,2.7203,2.7203,2.7188,2.7198,2.7253,2.7253,2.7238,2.7248,5
2026-04-30 00:40:00,2.7193,2.7193,2.7193,2.7193,2.7243,2.7243,2.7243,2.7243,1
2026-04-30 00:41:00,2.7188,2.7193,2.7188,2.7193,2.7238,2.7243,2.7238,2.7243,2
2026-04-30 00:43:00,2.7198,2.7198,2.7188,2.7188,2.7248,2.7248,2.7238,2.7238,3
2026-04-30 00:46:00,2.7193,2.7193,2.7193,2.7193,2.7243,2.7243,2.7243,2.7243,1
2026-04-30 00:49:00,2.7198,2.7198,2.7198,2.7198,2.7248,2.7248,2.7248,2.7248,1
2026-04-30 00:51:00,2.7203,2.7213,2.7198,2.7198,2.7253,2.7263,2.7248,2.7248,3
2026-04-30 00:55:00,2.7203,2.7208,2.7203,2.7203,2.7253,2.7258,2.7253,2.7253,3
2026-04-30 00:56:00,2.7198,2.7198,2.7193,2.7193,2.7248,2.7248,2.7243,2.7243,2
2026-04-30 00:57:00,2.7188,2.7188,2.7188,2.7188,2.7238,2.7238,2.7238,2.7238,1
2026-04-30 01:01:00,2.7193,2.7193,2.7193,2.7193,2.7243,2.7243,2.7243,2.7243,1
2026-04-30 01:04:00,2.7198,2.7198,2.7188,2.7188,2.7248,2.7248,2.7238,2.7238,3
2026-04-30 01:10:00,2.7193,2.7193,2.7193,2.7193,2.7243,2.7243,2.7243,2.7243,1
2026-04-30 01:12:00,2.7198,2.7198,2.7198,2.7198,2.7248,2.7248,2.7248,2.7248,1
2026-04-30 01:13:00,2.7203,2.7203,2.7193,2.7193,2.7253,2.7253,2.7243,2.7243,2
2026-04-30 01:14:00,2.7198,2.7198,2.7198,2.7198,2.7248,2.7248,2.7248,2.7248,1
2026-04-30 01:15:00,2.7203,2.7203,2.7198,2.7198,2.7253,2.7253,2.7248,2.7248,2
2026-04-30 01:17:00,2.7203,2.7203,2.7188,2.7188,2.7253,2.7253,2.7238,2.7238,3
2026-04-30 01:19:00,2.7193,2.7193,2.7193,2.7193,2.7243,2.7243,2.7243,2.7243,1
2026-04-30 01:22:00,2.7188,2.7188,2.7188,2.7188,2.7238,2.7238,2.7238,2.7238,1
2026-04-30 01:30:00,2.7193,2.7193,2.7193,2.7193,2.7243,2.7243,2.7243,2.7243,1
2026-04-30 01:36:00,2.7188,2.7188,2.7188,2.7188,2.7238,2.7238,2.7238,2.7238,1
2026-04-30 01:38:00,2.7183,2.7183,2.7168,2.7168,2.7233,2.7233,2.7218,2.7218,3
2026-04-30 01:39:00,2.7163,2.7163,2.7163,2.7163,2.7213,2.7213,2.7213,2.7213,1
2026-04-30 01:40:00,2.7168,2.7173,2.7168,2.7168,2.7218,2.7223,2.7218,2.7218,3
2026-04-30 01:42:00,2.7173,2.7203,2.7173,2.7188,2.7223,2.7253,2.7223,2.7238,4
2026-04-30 01:43:00,2.7193,2.7198,2.7188,2.7188,2.7243,2.7248,2.7238,2.7238,4
2026-04-30 01:44:00,2.7183,2.7183,2.7183,2.7183,2.7233,2.7233,2.7233,2.7233,1
2026-04-30 01:45:00,2.7188,2.7188,2.7188,2.7188,2.7238,2.7238,2.7238,2.7238,1
2026-04-30 01:48:00,2.7198,2.7198,2.7198,2.7198,2.7248,2.7248,2.7248,2.7248,1
2026-04-30 01:51:00,2.7193,2.7193,2.7193,2.7193,2.7243,2.7243,2.7243,2.7243,1
2026-04-30 01:52:00,2.7198,2.7198,2.7198,2.7198,2.7248,2.7248,2.7248,2.7248,1
2026-04-30 01:54:00,2.7193,2.7193,2.7178,2.7178,2.7243,2.7243,2.7228,2.7228,3
2026-04-30 02:00:00,2.7168,2.7168,2.7108,2.7118,2.7218,2.7218,2.7158,2.7168,29
2026-04-30 02:01:00,2.7113,2.7118,2.7103,2.7113,2.7163,2.7168,2.7153,2.7163,8
2026-04-30 02:02:00,2.7118,2.7163,2.7118,2.7148,2.7168,2.7213,2.7168,2.7198,12
2026-04-30 02:03:00,2.7153,2.7173,2.7148,2.7173,2.7203,2.7223,2.7198,2.7223,6
2026-04-30 02:04:00,2.7178,2.7193,2.7173,2.7173,2.7228,2.7243,2.7223,2.7223,7
2026-04-30 02:05:00,2.7183,2.7188,2.7178,2.7178,2.7233,2.7238,2.7228,2.7228,4
2026-04-30 02:06:00,2.7183,2.7183,2.7153,2.7153,2.7233,2.7233,2.7203,2.7203,4
2026-04-30 02:07:00,2.7148,2.7153,2.7143,2.7148,2.7198,2.7203,2.7193,2.7198,9
2026-04-30 02:08:00,2.7143,2.7143,2.7123,2.7138,2.7193,2.7193,2.7173,2.7188,16
2026-04-30 02:09:00,2.7143,2.7143,2.7128,2.7133,2.7193,2.7193,2.7178,2.7183,10
2026-04-30 02:10:00,2.7138,2.7148,2.7128,2.7143,2.7188,2.7198,2.7178,2.7193,9
2026-04-30 02:11:00,2.7148,2.7158,2.7148,2.7158,2.7198,2.7208,2.7198,2.7208,6
2026-04-30 02:12:00,2.7153,2.7153,2.7148,2.7153,2.7203,2.7203,2.7198,2.7203,3
2026-04-30 02:13:00,2.7148,2.7158,2.7148,2.7158,2.7198,2.7208,2.7198,2.7208,7
2026-04-30 02:14:00,2.7163,2.7163,2.7163,2.7163,2.7213,2.7213,2.7213,2.7213,1
2026-04-30 02:15:00,2.7158,2.7158,2.7148,2.7148,2.7208,2.7208,2.7198,2.7198,6
2026-04-30 02:16:00,2.7153,2.7153,2.7143,2.7143,2.7203,2.7203,2.7193,2.7193,3
2026-04-30 02:17:00,2.7153,2.7153,2.7148,2.7153,2.7203,2.7203,2.7198,2.7203,3
2026-04-30 02:18:00,2.7163,2.7163,2.7133,2.7148,2.7213,2.7213,2.7183,2.7198,15
2026-04-30 02:19:00,2.7153,2.7153,2.7133,2.7133,2.7203,2.7203,2.7183,2.7183,10
2026-04-30 02:20:00,2.7143,2.7163,2.7143,2.7153,2.7193,2.7213,2.7193,2.7203,6
2026-04-30 02:21:00,2.7148,2.7153,2.7143,2.7153,2.7198,2.7203,2.7193,2.7203,3
2026-04-30 02:22:00,2.7158,2.7163,2.7148,2.7148,2.7208,2.7213,2.7198,2.7198,8
2026-04-30 02:23:00,2.7153,2.7153,2.7148,2.7153,2.7203,2.7203,2.7198,2.7203,3
2026-04-30 02:25:00,2.7158,2.7158,2.7153,2.7153,2.7208,2.7208,2.7203,2.7203,6
2026-04-30 02:26:00,2.7148,2.7153,2.7148,2.7153,2.7198,2.7203,2.7198,2.7203,2
2026-04-30 02:28:00,2.7148,2.7158,2.7148,2.7153,2.7198,2.7208,2.7198,2.7203,4
2026-04-30 02:29:00,2.7148,2.7153,2.7143,2.7143,2.7198,2.7203,2.7193,2.7193,5
2026-04-30 02:31:00,2.7148,2.7148,2.7148,2.7148,2.7198,2.7198,2.7198,2.7198,1
2026-04-30 02:32:00,2.7143,2.7153,2.7143,2.7153,2.7193,2.7203,2.7193,2.7203,2
2026-04-30 02:33:00,2.7148,2.7153,2.7123,2.7123,2.7198,2.7203,2.7173,2.7173,12
2026-04-30 02:34:00,2.7128,2.7138,2.7128,2.7128,2.7178,2.7188,2.7178,2.7178,5
2026-04-30 02:35:00,2.7133,2.7138,2.7128,2.7133,2.7183,2.7188,2.7178,2.7183,5
2026-04-30 02:36:00,2.7128,2.7143,2.7123,2.7143,2.7178,2.7193,2.7173,2.7193,6
2026-04-30 02:37:00,2.7138,2.7143,2.7138,2.7143,2.7188,2.7193,2.7188,2.7193,2
2026-04-30 02:38:00,2.7138,2.7143,2.7138,2.7143,2.7188,2.7193,2.7188,2.7193,2
2026-04-30 02:39:00,2.7138,2.7138,2.7128,2.7128,2.7188,2.7188,2.7178,2.7178,3
2026-04-30 02:40:00,2.7133,2.7133,2.7133,2.7133,2.7183,2.7183,2.7183,2.7183,1
2026-04-30 02:41:00,2.7138,2.7138,2.7138,2.7138,2.7188,2.7188,2.7188,2.7188,1
2026-04-30 02:42:00,2.7133,2.7138,2.7123,2.7128,2.7183,2.7188,2.7173,2.7178,7
2026-04-30 02:43:00,2.7133,2.7133,2.7133,2.7133,2.7183,2.7183,2.7183,2.7183,1
2026-04-30 02:45:00,2.7128,2.7143,2.7128,2.7133,2.7178,2.7193,2.7178,2.7183,7
2026-04-30 02:46:00,2.7128,2.7128,2.7128,2.7128,2.7178,2.7178,2.7178,2.7178,1
2026-04-30 02:47:00,2.7133,2.7133,2.7128,2.7133,2.7183,2.7183,2.7178,2.7183,5
2026-04-30 02:48:00,2.7123,2.7123,2.7093,2.7093,2.7173,2.7173,2.7143,2.7143,8
2026-04-30 02:49:00,2.7083,2.7093,2.7083,2.7088,2.7133,2.7143,2.7133,2.7138,4
2026-04-30 02:50:00,2.7093,2.7093,2.7073,2.7093,2.7143,2.7143,2.7123,2.7143,8
2026-04-30 02:51:00,2.7103,2.7103,2.7093,2.7098,2.7153,2.7153,2.7143,2.7148,6
2026-04-30 02:52:00,2.7103,2.7123,2.7103,2.7113,2.7153,2.7173,2.7153,2.7163,5
2026-04-30 02:53:00,2.7118,2.7118,2.7113,2.7113,2.7168,2.7168,2.7163,2.7163,2
2026-04-30 02:54:00,2.7108,2.7133,2.7108,2.7123,2.7158,2.7183,2.7158,2.7173,8
2026-04-30 02:56:00,2.7133,2.7133,2.7123,2.7133,2.7183,2.7183,2.7173,2.7183,9
2026-04-30 02:57:00,2.7138,2.7143,2.7138,2.7138,2.7188,2.7193,2.7188,2.7188,3
2026-04-30 02:58:00,2.7133,2.7143,2.7133,2.7143,2.7183,2.7193,2.7183,2.7193,5
2026-04-30 02:59:00,2.7138,2.7138,2.7123,2.7123,2.7188,2.7188,2.7173,2.7173,8
2026-04-30 03:00:00,2.7133,2.7143,2.7123,2.7133,2.7183,2.7193,2.7173,2.7183,11
2026-04-30 03:01:00,2.7123,2.7133,2.7123,2.7128,2.7173,2.7183,2.7173,2.7178,6
2026-04-30 03:02:00,2.7133,2.7133,2.7108,2.7113,2.7183,2.7183,2.7158,2.7163,12
2026-04-30 03:03:00,2.7108,2.7113,2.7108,2.7113,2.7158,2.7163,2.7158,2.7163,8
2026-04-30 03:04:00,2.7108,2.7108,2.7103,2.7103,2.7158,2.7158,2.7153,2.7153,2
2026-04-30 03:05:00,2.7108,2.7123,2.7108,2.7123,2.7158,2.7173,2.7158,2.7173,7
2026-04-30 03:06:00,2.7118,2.7118,2.7113,2.7113,2.7168,2.7168,2.7163,2.7163,2
2026-04-30 03:07:00,2.7108,2.7113,2.7108,2.7113,2.7158,2.7163,2.7158,2.7163,2
2026-04-30 03:08:00,2.7108,2.7113,2.7108,2.7113,2.7158,2.7163,2.7158,2.7163,6
2026-04-30 03:09:00,2.7118,2.7118,2.7118,2.7118,2.7168,2.7168,2.7168,2.7168,1
2026-04-30 03:10:00,2.7113,2.7113,2.7108,2.7113,2.7163,2.7163,2.7158,2.7163,5
2026-04-30 03:11:00,2.7108,2.7108,2.7108,2.7108,2.7158,2.7158,2.7158,2.7158,1
2026-04-30 03:12:00,2.7113,2.7113,2.7108,2.7108,2.7163,2.7163,2.7158,2.7158,6
2026-04-30 03:13:00,2.7113,2.7113,2.7108,2.7108,2.7163,2.7163,2.7158,2.7158,4
2026-04-30 03:14:00,2.7113,2.7113,2.7113,2.7113,2.7163,2.7163,2.7163,2.7163,1
2026-04-30 03:15:00,2.7108,2.7108,2.7108,2.7108,2.7158,2.7158,2.7158,2.7158,1
2026-04-30 03:16:00,2.7103,2.7113,2.7103,2.7108,2.7153,2.7163,2.7153,2.7158,3
2026-04-30 03:19:00,2.7113,2.7113,2.7113,2.7113,2.7163,2.7163,2.7163,2.7163,1
2026-04-30 03:20:00,2.7108,2.7113,2.7108,2.7108,2.7158,2.7163,2.7158,2.7158,3
2026-04-30 03:21:00,2.7113,2.7113,2.7108,2.7113,2.7163,2.7163,2.7158,2.7163,3
2026-04-30 03:23:00,2.7118,2.7123,2.7118,2.7123,2.7168,2.7173,2.7168,2.7173,2
2026-04-30 03:24:00,2.7118,2.7118,2.7118,2.7118,2.7168,2.7168,2.7168,2.7168,1
2026-04-30 03:25:00,2.7123,2.7123,2.7108,2.7108,2.7173,2.7173,2.7158,2.7158,4
2026-04-30 03:27:00,2.7103,2.7108,2.7103,2.7108,2.7153,2.7158,2.7153,2.7158,2
2026-04-30 03:28:00,2.7113,2.7113,2.7108,2.7108,2.7163,2.7163,2.7158,2.7158,6
2026-04-30 03:29:00,2.7113,2.7113,2.7103,2.7108,2.7163,2.7163,2.7153,2.7158,8
2026-04-30 03:30:00,2.7103,2.7103,2.7103,2.7103,2.7153,2.7153,2.7153,2.7153,1
2026-04-30 03:32:00,2.7108,2.7108,2.7103,2.7103,2.7158,2.7158,2.7153,2.7153,4
2026-04-30 03:33:00,2.7098,2.7098,2.7093,2.7093,2.7148,2.7148,2.7143,2.7143,2
2026-04-30 03:34:00,2.7088,2.7088,2.7088,2.7088,2.7138,2.7138,2.7138,2.7138,1
2026-04-30 03:36:00,2.7093,2.7103,2.7093,2.7098,2.7143,2.7153,2.7143,2.7148,5
2026-04-30 03:37:00,2.7103,2.7103,2.7098,2.7103,2.7153,2.7153,2.7148,2.7153,9
2026-04-30 03:38:00,2.7098,2.7098,2.7098,2.7098,2.7148,2.7148,2.7148,2.7148,1
2026-04-30 03:39:00,2.7093,2.7098,2.7093,2.7098,2.7143,2.7148,2.7143,2.7148,4
2026-04-30 03:40:00,2.7093,2.7093,2.7093,2.7093,2.7143,2.7143,2.7143,2.7143,1
2026-04-30 03:41:00,2.7083,2.7083,2.7063,2.7073,2.7133,2.7133,2.7113,2.7123,8
2026-04-30 03:42:00,2.7068,2.7083,2.7068,2.7083,2.7118,2.7133,2.7118,2.7133,8
2026-04-30 03:43:00,2.7078,2.7078,2.7078,2.7078,2.7128,2.7128,2.7128,2.7128,1
2026-04-30 03:44:00,2.7083,2.7088,2.7083,2.7088,2.7133,2.7138,2.7133,2.7138,2
2026-04-30 03:45:00,2.7083,2.7093,2.7083,2.7093,2.7133,2.7143,2.7133,2.7143,3
2026-04-30 03:46:00,2.7098,2.7108,2.7098,2.7108,2.7148,2.7158,2.7148,2.7158,3
2026-04-30 03:48:00,2.7113,2.7113,2.7093,2.7103,2.7163,2.7163,2.7143,2.7153,6
2026-04-30 03:49:00,2.7098,2.7103,2.7093,2.7103,2.7148,2.7153,2.7143,2.7153,5
2026-04-30 03:50:00,2.7108,2.7113,2.7108,2.7113,2.7158,2.7163,2.7158,2.7163,2
2026-04-30 03:51:00,2.7108,2.7133,2.7108,2.7128,2.7158,2.7183,2.7158,2.7178,6
2026-04-30 03:52:00,2.7123,2.7123,2.7123,2.7123,2.7173,2.7173,2.7173,2.7173,1
2026-04-30 03:53:00,2.7118,2.7123,2.7118,2.7118,2.7168,2.7173,2.7168,2.7168,3
2026-04-30 03:54:00,2.7113,2.7113,2.7113,2.7113,2.7163,2.7163,2.7163,2.7163,1
2026-04-30 03:55:00,2.7108,2.7113,2.7103,2.7103,2.7158,2.7163,2.7153,2.7153,4
2026-04-30 03:56:00,2.7098,2.7103,2.7098,2.7103,2.7148,2.7153,2.7148,2.7153,2
2026-04-30 03:57:00,2.7098,2.7098,2.7098,2.7098,2.7148,2.7148,2.7148,2.7148,1
2026-04-30 03:58:00,2.7093,2.7098,2.7093,2.7093,2.7143,2.7148,2.7143,2.7143,3
2026-04-30 04:01:00,2.7103,2.7103,2.7103,2.7103,2.7153,2.7153,2.7153,2.7153,1
2026-04-30 04:02:00,2.7098,2.7103,2.7098,2.7103,2.7148,2.7153,2.7148,2.7153,2
2026-04-30 04:04:00,2.7113,2.7113,2.7108,2.7108,2.7163,2.7163,2.7158,2.7158,2
2026-04-30 04:05:00,2.7113,2.7113,2.7113,2.7113,2.7163,2.7163,2.7163,2.7163,1
2026-04-30 04:06:00,2.7108,2.7108,2.7098,2.7098,2.7158,2.7158,2.7148,2.7148,3
2026-04-30 04:07:00,2.7103,2.7108,2.7103,2.7103,2.7153,2.7158,2.7153,2.7153,3
2026-04-30 04:11:00,2.7108,2.7113,2.7108,2.7113,2.7158,2.7163,2.7158,2.7163,2
2026-04-30 04:13:00,2.7108,2.7113,2.7108,2.7113,2.7158,2.7163,2.7158,2.7163,2
2026-04-30 04:14:00,2.7108,2.7113,2.7108,2.7113,2.7158,2.7163,2.7158,2.7163,6
2026-04-30 04:15:00,2.7108,2.7108,2.7108,2.7108,2.7158,2.7158,2.7158,2.7158,1
2026-04-30 04:16:00,2.7113,2.7118,2.7113,2.7113,2.7163,2.7168,2.7163,2.7163,3
2026-04-30 04:17:00,2.7118,2.7123,2.7118,2.7118,2.7168,2.7173,2.7168,2.7168,3
2026-04-30 04:18:00,2.7123,2.7138,2.7123,2.7133,2.7173,2.7188,2.7173,2.7183,6
2026-04-30 04:19:00,2.7128,2.7143,2.7128,2.7143,2.7178,2.7193,2.7178,2.7193,4
2026-04-30 04:20:00,2.7138,2.7138,2.7133,2.7133,2.7188,2.7188,2.7183,2.7183,2
2026-04-30 04:22:00,2.7138,2.7143,2.7133,2.7138,2.7188,2.7193,2.7183,2.7188,5
2026-04-30 04:23:00,2.7133,2.7138,2.7133,2.7133,2.7183,2.7188,2.7183,2.7183,3
2026-04-30 04:24:00,2.7128,2.7143,2.7128,2.7143,2.7178,2.7193,2.7178,2.7193,3
2026-04-30 04:25:00,2.7138,2.7138,2.7138,2.7138,2.7188,2.7188,2.7188,2.7188,1
2026-04-30 04:26:00,2.7133,2.7138,2.7133,2.7138,2.7183,2.7188,2.7183,2.7188,2
2026-04-30 04:27:00,2.7143,2.7148,2.7143,2.7143,2.7193,2.7198,2.7193,2.7193,3
2026-04-30 04:28:00,2.7138,2.7148,2.7138,2.7148,2.7188,2.7198,2.7188,2.7198,7
2026-04-30 04:29:00,2.7143,2.7173,2.7143,2.7158,2.7193,2.7223,2.7193,2.7208,10
2026-04-30 04:30:00,2.7153,2.7173,2.7148,2.7168,2.7203,2.7223,2.7198,2.7218,8
2026-04-30 04:31:00,2.7163,2.7173,2.7163,2.7173,2.7213,2.7223,2.7213,2.7223,3
2026-04-30 04:32:00,2.7163,2.7163,2.7163,2.7163,2.7213,2.7213,2.7213,2.7213,1
2026-04-30 04:33:00,2.7168,2.7173,2.7163,2.7168,2.7218,2.7223,2.7213,2.7218,5
2026-04-30 04:34:00,2.7163,2.7173,2.7163,2.7173,2.7213,2.7223,2.7213,2.7223,2
2026-04-30 04:35:00,2.7178,2.7183,2.7173,2.7173,2.7228,2.7233,2.7223,2.7223,9
2026-04-30 04:36:00,2.7178,2.7178,2.7163,2.7163,2.7228,2.7228,2.7213,2.7213,5
2026-04-30 04:37:00,2.7173,2.7173,2.7168,2.7168,2.7223,2.7223,2.7218,2.7218,2
2026-04-30 04:38:00,2.7173,2.7173,2.7168,2.7168,2.7223,2.7223,2.7218,2.7218,4
2026-04-30 04:39:00,2.7163,2.7168,2.7163,2.7168,2.7213,2.7218,2.7213,2.7218,2
2026-04-30 04:40:00,2.7163,2.7163,2.7158,2.7163,2.7213,2.7213,2.7208,2.7213,5
2026-04-30 04:41:00,2.7153,2.7163,2.7153,2.7163,2.7203,2.7213,2.7203,2.7213,3
2026-04-30 04:42:00,2.7153,2.7163,2.7153,2.7163,2.7203,2.7213,2.7203,2.7213,3
2026-04-30 04:43:00,2.7168,2.7178,2.7163,2.7178,2.7218,2.7228,2.7213,2.7228,9
2026-04-30 04:44:00,2.7183,2.7183,2.7173,2.7173,2.7233,2.7233,2.7223,2.7223,3
2026-04-30 04:45:00,2.7168,2.7178,2.7168,2.7173,2.7218,2.7228,2.7218,2.7223,6
2026-04-30 04:46:00,2.7168,2.7173,2.7168,2.7173,2.7218,2.7223,2.7218,2.7223,2
2026-04-30 04:47:00,2.7178,2.7183,2.7173,2.7173,2.7228,2.7233,2.7223,2.7223,7
2026-04-30 04:48:00,2.7163,2.7173,2.7163,2.7173,2.7213,2.7223,2.7213,2.7223,2
2026-04-30 04:49:00,2.7168,2.7173,2.7163,2.7163,2.7218,2.7223,2.7213,2.7213,6
2026-04-30 04:50:00,2.7158,2.7163,2.7158,2.7158,2.7208,2.7213,2.7208,2.7208,5
2026-04-30 04:51:00,2.7163,2.7163,2.7163,2.7163,2.7213,2.7213,2.7213,2.7213,1
2026-04-30 04:52:00,2.7153,2.7153,2.7153,2.7153,2.7203,2.7203,2.7203,2.7203,1
2026-04-30 04:53:00,2.7158,2.7173,2.7158,2.7163,2.7208,2.7223,2.7208,2.7213,8
2026-04-30 04:54:00,2.7158,2.7163,2.7153,2.7158,2.7208,2.7213,2.7203,2.7208,4
2026-04-30 04:55:00,2.7163,2.7168,2.7158,2.7168,2.7213,2.7218,2.7208,2.7218,4
2026-04-30 04:56:00,2.7163,2.7173,2.7163,2.7173,2.7213,2.7223,2.7213,2.7223,3
2026-04-30 04:57:00,2.7168,2.7168,2.7168,2.7168,2.7218,2.7218,2.7218,2.7218,1
2026-04-30 04:59:00,2.7173,2.7173,2.7163,2.7163,2.7223,2.7223,2.7213,2.7213,3
2026-04-30 05:00:00,2.7153,2.7168,2.7153,2.7163,2.7203,2.7218,2.7203,2.7213,5
2026-04-30 05:01:00,2.7168,2.7168,2.7163,2.7163,2.7218,2.7218,2.7213,2.7213,2
2026-04-30 05:04:00,2.7168,2.7173,2.7168,2.7173,2.7218,2.7223,2.7218,2.7223,4
2026-04-30 05:05:00,2.7168,2.7173,2.7168,2.7173,2.7218,2.7223,2.7218,2.7223,2
2026-04-30 05:06:00,2.7163,2.7163,2.7153,2.7153,2.7213,2.7213,2.7203,2.7203,2
2026-04-30 05:07:00,2.7158,2.7183,2.7158,2.7183,2.7208,2.7233,2.7208,2.7233,4
2026-04-30 05:08:00,2.7178,2.7208,2.7178,2.7193,2.7228,2.7258,2.7228,2.7243,13
2026-04-30 05:09:00,2.7198,2.7198,2.7193,2.7198,2.7248,2.7248,2.7243,2.7248,3
2026-04-30 05:10:00,2.7188,2.7193,2.7183,2.7183,2.7238,2.7243,2.7233,2.7233,3
2026-04-30 05:11:00,2.7188,2.7193,2.7188,2.7193,2.7238,2.7243,2.7238,2.7243,2
2026-04-30 05:12:00,2.7198,2.7213,2.7193,2.7208,2.7248,2.7263,2.7243,2.7258,10
2026-04-30 05:13:00,2.7213,2.7233,2.7213,2.7223,2.7263,2.7283,2.7263,2.7273,9
2026-04-30 05:14:00,2.7218,2.7223,2.7208,2.7213,2.7268,2.7273,2.7258,2.7263,6
2026-04-30 05:15:00,2.7208,2.7213,2.7203,2.7203,2.7258,2.7263,2.7253,2.7253,4
2026-04-30 05:17:00,2.7213,2.7213,2.7213,2.7213,2.7263,2.7263,2.7263,2.7263,1
2026-04-30 05:18:00,2.7223,2.7223,2.7213,2.7213,2.7273,2.7273,2.7263,2.7263,2
2026-04-30 05:19:00,2.7218,2.7223,2.7213,2.7223,2.7268,2.7273,2.7263,2.7273,4
2026-04-30 05:20:00,2.7228,2.7233,2.7218,2.7218,2.7278,2.7283,2.7268,2.7268,5
2026-04-30 05:21:00,2.7213,2.7218,2.7213,2.7218,2.7263,2.7268,2.7263,2.7268,2
2026-04-30 05:22:00,2.7213,2.7213,2.7213,2.7213,2.7263,2.7263,2.7263,2.7263,1
2026-04-30 05:23:00,2.7218,2.7218,2.7203,2.7213,2.7268,2.7268,2.7253,2.7263,3
2026-04-30 05:24:00,2.7223,2.7223,2.7223,2.7223,2.7273,2.7273,2.7273,2.7273,1
2026-04-30 05:25:00,2.7218,2.7218,2.7203,2.7203,2.7268,2.7268,2.7253,2.7253,4
2026-04-30 05:26:00,2.7213,2.7213,2.7213,2.7213,2.7263,2.7263,2.7263,2.7263,1
2026-04-30 05:27:00,2.7208,2.7213,2.7188,2.7188,2.7258,2.7263,2.7238,2.7238,5
2026-04-30 05:28:00,2.7193,2.7193,2.7188,2.7188,2.7243,2.7243,2.7238,2.7238,2
2026-04-30 05:29:00,2.7193,2.7198,2.7193,2.7198,2.7243,2.7248,2.7243,2.7248,2
2026-04-30 05:30:00,2.7193,2.7198,2.7188,2.7198,2.7243,2.7248,2.7238,2.7248,4
2026-04-30 05:31:00,2.7193,2.7203,2.7183,2.7203,2.7243,2.7253,2.7233,2.7253,7
2026-04-30 05:32:00,2.7193,2.7193,2.7183,2.7183,2.7243,2.7243,2.7233,2.7233,3
2026-04-30 05:35:00,2.7173,2.7183,2.7163,2.7183,2.7223,2.7233,2.7213,2.7233,12
2026-04-30 05:37:00,2.7193,2.7203,2.7188,2.7203,2.7243,2.7253,2.7238,2.7253,6
2026-04-30 05:38:00,2.7198,2.7198,2.7193,2.7193,2.7248,2.7248,2.7243,2.7243,2
2026-04-30 05:41:00,2.7203,2.7203,2.7203,2.7203,2.7253,2.7253,2.7253,2.7253,1
2026-04-30 05:42:00,2.7193,2.7203,2.7193,2.7203,2.7243,2.7253,2.7243,2.7253,2
2026-04-30 05:45:00,2.7193,2.7193,2.7193,2.7193,2.7243,2.7243,2.7243,2.7243,1
2026-04-30 05:46:00,2.7203,2.7203,2.7193,2.7193,2.7253,2.7253,2.7243,2.7243,3
2026-04-30 05:47:00,2.7183,2.7203,2.7183,2.7203,2.7233,2.7253,2.7233,2.7253,5
2026-04-30 05:51:00,2.7198,2.7198,2.7183,2.7183,2.7248,2.7248,2.7233,2.7233,3
2026-04-30 05:52:00,2.7178,2.7183,2.7168,2.7168,2.7228,2.7233,2.7218,2.7218,11
2026-04-30 05:53:00,2.7178,2.7188,2.7178,2.7183,2.7228,2.7238,2.7228,2.7233,4
2026-04-30 05:54:00,2.7193,2.7193,2.7183,2.7183,2.7243,2.7243,2.7233,2.7233,2
2026-04-30 05:56:00,2.7188,2.7188,2.7183,2.7183,2.7238,2.7238,2.7233,2.7233,2
2026-04-30 05:59:00,2.7188,2.7188,2.7183,2.7183,2.7238,2.7238,2.7233,2.7233,2
2026-04-30 06:00:00,2.7188,2.7188,2.7183,2.7188,2.7238,2.7238,2.7233,2.7238,5
2026-04-30 06:01:00,2.7193,2.7193,2.7193,2.7193,2.7243,2.7243,2.7243,2.7243,1
2026-04-30 06:02:00,2.7198,2.7198,2.7193,2.7198,2.7248,2.7248,2.7243,2.7248,3
2026-04-30 06:03:00,2.7193,2.7223,2.7188,2.7213,2.7243,2.7273,2.7238,2.7263,9
2026-04-30 06:04:00,2.7218,2.7218,2.7213,2.7213,2.7268,2.7268,2.7263,2.7263,6
2026-04-30 06:05:00,2.7208,2.7213,2.7208,2.7213,2.7258,2.7263,2.7258,2.7263,2
2026-04-30 06:06:00,2.7223,2.7223,2.7213,2.7213,2.7273,2.7273,2.7263,2.7263,2
2026-04-30 06:07:00,2.7208,2.7208,2.7203,2.7203,2.7258,2.7258,2.7253,2.7253,2
2026-04-30 06:08:00,2.7208,2.7208,2.7203,2.7203,2.7258,2.7258,2.7253,2.7253,2
2026-04-30 06:11:00,2.7208,2.7208,2.7208,2.7208,2.7258,2.7258,2.7258,2.7258,1
2026-04-30 06:12:00,2.7213,2.7228,2.7213,2.7223,2.7263,2.7278,2.7263,2.7273,4
2026-04-30 06:13:00,2.7228,2.7233,2.7228,2.7233,2.7278,2.7283,2.7278,2.7283,2
2026-04-30 06:14:00,2.7228,2.7228,2.7223,2.7223,2.7278,2.7278,2.7273,2.7273,2
2026-04-30 06:15:00,2.7228,2.7233,2.7223,2.7223,2.7278,2.7283,2.7273,2.7273,4
2026-04-30 06:16:00,2.7228,2.7233,2.7213,2.7218,2.7278,2.7283,2.7263,2.7268,8
2026-04-30 06:17:00,2.7223,2.7223,2.7218,2.7218,2.7273,2.7273,2.7268,2.7268,4
2026-04-30 06:18:00,2.7223,2.7223,2.7213,2.7213,2.7273,2.7273,2.7263,2.7263,2
2026-04-30 06:19:00,2.7203,2.7208,2.7203,2.7208,2.7253,2.7258,2.7253,2.7258,2
2026-04-30 06:20:00,2.7213,2.7213,2.7203,2.7208,2.7263,2.7263,2.7253,2.7258,7
2026-04-30 06:21:00,2.7213,2.7213,2.7198,2.7198,2.7263,2.7263,2.7248,2.7248,10
2026-04-30 06:22:00,2.7203,2.7203,2.7193,2.7203,2.7253,2.7253,2.7243,2.7253,7
2026-04-30 06:23:00,2.7213,2.7213,2.7208,2.7213,2.7263,2.7263,2.7258,2.7263,3
2026-04-30 06:24:00,2.7203,2.7203,2.7203,2.7203,2.7253,2.7253,2.7253,2.7253,1
2026-04-30 06:25:00,2.7198,2.7203,2.7193,2.7193,2.7248,2.7253,2.7243,2.7243,4
2026-04-30 06:26:00,2.7198,2.7198,2.7193,2.7193,2.7248,2.7248,2.7243,2.7243,2
2026-04-30 06:27:00,2.7198,2.7203,2.7198,2.7203,2.7248,2.7253,2.7248,2.7253,4
2026-04-30 06:28:00,2.7198,2.7198,2.7188,2.7193,2.7248,2.7248,2.7238,2.7243,4
2026-04-30 06:29:00,2.7188,2.7213,2.7173,2.7203,2.7238,2.7263,2.7223,2.7253,10
2026-04-30 06:30:00,2.7208,2.7248,2.7203,2.7233,2.7258,2.7298,2.7253,2.7283,26
2026-04-30 06:31:00,2.7223,2.7233,2.7223,2.7233,2.7273,2.7283,2.7273,2.7283,2
2026-04-30 06:33:00,2.7243,2.7243,2.7233,2.7243,2.7293,2.7293,2.7283,2.7293,5
2026-04-30 06:34:00,2.7253,2.7253,2.7233,2.7233,2.7303,2.7303,2.7283,2.7283,7
2026-04-30 06:35:00,2.7228,2.7228,2.7218,2.7223,2.7278,2.7278,2.7268,2.7273,4
2026-04-30 06:36:00,2.7218,2.7238,2.7218,2.7223,2.7268,2.7288,2.7268,2.7273,5
2026-04-30 06:38:00,2.7218,2.7218,2.7213,2.7213,2.7268,2.7268,2.7263,2.7263,4
2026-04-30 06:39:00,2.7223,2.7223,2.7218,2.7218,2.7273,2.7273,2.7268,2.7268,2
2026-04-30 06:40:00,2.7223,2.7223,2.7218,2.7223,2.7273,2.7273,2.7268,2.7273,3
2026-04-30 06:41:00,2.7218,2.7233,2.7218,2.7228,2.7268,2.7283,2.7268,2.7278,6
2026-04-30 06:42:00,2.7233,2.7233,2.7223,2.7223,2.7283,2.7283,2.7273,2.7273,5
2026-04-30 06:43:00,2.7218,2.7218,2.7203,2.7203,2.7268,2.7268,2.7253,2.7253,4
2026-04-30 06:44:00,2.7198,2.7238,2.7183,2.7238,2.7248,2.7288,2.7233,2.7288,14
2026-04-30 06:45:00,2.7243,2.7243,2.7228,2.7228,2.7293,2.7293,2.7278,2.7278,8
2026-04-30 06:46:00,2.7223,2.7243,2.7223,2.7243,2.7273,2.7293,2.7273,2.7293,4
2026-04-30 06:48:00,2.7238,2.7243,2.7233,2.7238,2.7288,2.7293,2.7283,2.7288,7
2026-04-30 06:49:00,2.7243,2.7243,2.7233,2.7233,2.7293,2.7293,2.7283,2.7283,7
2026-04-30 06:50:00,2.7238,2.7243,2.7238,2.7243,2.7288,2.7293,2.7288,2.7293,4
2026-04-30 06:51:00,2.7248,2.7253,2.7238,2.7238,2.7298,2.7303,2.7288,2.7288,6
2026-04-30 06:53:00,2.7233,2.7243,2.7233,2.7243,2.7283,2.7293,2.7283,2.7293,7
2026-04-30 06:54:00,2.7248,2.7248,2.7248,2.7248,2.7298,2.7298,2.7298,2.7298,1
2026-04-30 06:55:00,2.7243,2.7243,2.7243,2.7243,2.7293,2.7293,2.7293,2.7293,1
2026-04-30 06:57:00,2.7248,2.7248,2.7243,2.7243,2.7298,2.7298,2.7293,2.7293,2
2026-04-30 06:58:00,2.7248,2.7253,2.7248,2.7248,2.7298,2.7303,2.7298,2.7298,3
2026-04-30 06:59:00,2.7253,2.7253,2.7248,2.7253,2.7303,2.7303,2.7298,2.7303,3
2026-04-30 07:00:00,2.7243,2.7243,2.7243,2.7243,2.7293,2.7293,2.7293,2.7293,1
2026-04-30 07:01:00,2.7238,2.7238,2.7208,2.7213,2.7288,2.7288,2.7258,2.7263,13
2026-04-30 07:02:00,2.7208,2.7213,2.7208,2.7208,2.7258,2.7263,2.7258,2.7258,3
2026-04-30 07:03:00,2.7203,2.7213,2.7203,2.7213,2.7253,2.7263,2.7253,2.7263,3
2026-04-30 07:04:00,2.7218,2.7228,2.7218,2.7228,2.7268,2.7278,2.7268,2.7278,3
2026-04-30 07:05:00,2.7223,2.7223,2.7223,2.7223,2.7273,2.7273,2.7273,2.7273,1
2026-04-30 07:06:00,2.7213,2.7213,2.7208,2.7208,2.7263,2.7263,2.7258,2.7258,4
2026-04-30 07:07:00,2.7213,2.7213,2.7213,2.7213,2.7263,2.7263,2.7263,2.7263,1
2026-04-30 07:08:00,2.7208,2.7213,2.7208,2.7213,2.7258,2.7263,2.7258,2.7263,4
2026-04-30 07:09:00,2.7218,2.7218,2.7193,2.7198,2.7268,2.7268,2.7243,2.7248,10
2026-04-30 07:10:00,2.7193,2.7208,2.7193,2.7193,2.7243,2.7258,2.7243,2.7243,8
2026-04-30 07:11:00,2.7203,2.7213,2.7198,2.7208,2.7253,2.7263,2.7248,2.7258,7
2026-04-30 07:12:00,2.7213,2.7213,2.7208,2.7213,2.7263,2.7263,2.7258,2.7263,5
2026-04-30 07:13:00,2.7218,2.7218,2.7218,2.7218,2.7268,2.7268,2.7268,2.7268,1
2026-04-30 07:14:00,2.7208,2.7213,2.7208,2.7213,2.7258,2.7263,2.7258,2.7263,2
2026-04-30 07:15:00,2.7208,2.7213,2.7208,2.7208,2.7258,2.7263,2.7258,2.7258,7
2026-04-30 07:16:00,2.7213,2.7213,2.7203,2.7203,2.7263,2.7263,2.7253,2.7253,3
2026-04-30 07:17:00,2.7208,2.7208,2.7208,2.7208,2.7258,2.7258,2.7258,2.7258,1
2026-04-30 07:18:00,2.7213,2.7213,2.7213,2.7213,2.7263,2.7263,2.7263,2.7263,1
2026-04-30 07:19:00,2.7208,2.7208,2.7203,2.7208,2.7258,2.7258,2.7253,2.7258,3
2026-04-30 07:20:00,2.7213,2.7233,2.7213,2.7218,2.7263,2.7283,2.7263,2.7268,8
2026-04-30 07:21:00,2.7213,2.7223,2.7213,2.7218,2.7263,2.7273,2.7263,2.7268,6
2026-04-30 07:22:00,2.7223,2.7223,2.7198,2.7203,2.7273,2.7273,2.7248,2.7253,5
2026-04-30 07:23:00,2.7198,2.7218,2.7198,2.7218,2.7248,2.7268,2.7248,2.7268,18
2026-04-30 07:25:00,2.7223,2.7228,2.7218,2.7228,2.7273,2.7278,2.7268,2.7278,4
2026-04-30 07:26:00,2.7233,2.7243,2.7233,2.7243,2.7283,2.7293,2.7283,2.7293,3
2026-04-30 07:27:00,2.7238,2.7248,2.7238,2.7248,2.7288,2.7298,2.7288,2.7298,3
2026-04-30 07:28:00,2.7243,2.7248,2.7238,2.7238,2.7293,2.7298,2.7288,2.7288,4
2026-04-30 07:29:00,2.7233,2.7233,2.7233,2.7233,2.7283,2.7283,2.7283,2.7283,1
2026-04-30 07:30:00,2.7238,2.7238,2.7223,2.7233,2.7288,2.7288,2.7273,2.7283,5
2026-04-30 07:31:00,2.7223,2.7228,2.7213,2.7223,2.7273,2.7278,2.7263,2.7273,12
2026-04-30 07:32:00,2.7218,2.7218,2.7218,2.7218,2.7268,2.7268,2.7268,2.7268,1
2026-04-30 07:33:00,2.7223,2.7228,2.7223,2.7228,2.7273,2.7278,2.7273,2.7278,2
2026-04-30 07:34:00,2.7223,2.7223,2.7213,2.7218,2.7273,2.7273,2.7263,2.7268,6
2026-04-30 07:35:00,2.7223,2.7223,2.7213,2.7213,2.7273,2.7273,2.7263,2.7263,2
2026-04-30 07:36:00,2.7208,2.7213,2.7208,2.7213,2.7258,2.7263,2.7258,2.7263,24
2026-04-30 07:37:00,2.7208,2.7223,2.7208,2.7223,2.7258,2.7273,2.7258,2.7273,16
2026-04-30 07:38:00,2.7218,2.7223,2.7213,2.7213,2.7268,2.7273,2.7263,2.7263,16
2026-04-30 07:39:00,2.7208,2.7223,2.7208,2.7223,2.7258,2.7273,2.7258,2.7273,11
2026-04-30 07:40:00,2.7218,2.7218,2.7213,2.7213,2.7268,2.7268,2.7263,2.7263,4
2026-04-30 07:41:00,2.7223,2.7238,2.7223,2.7238,2.7273,2.7288,2.7273,2.7288,24
2026-04-30 07:42:00,2.7233,2.7238,2.7233,2.7238,2.7283,2.7288,2.7283,2.7288,2
2026-04-30 07:43:00,2.7243,2.7248,2.7233,2.7233,2.7293,2.7298,2.7283,2.7283,5
2026-04-30 07:44:00,2.7228,2.7238,2.7228,2.7233,2.7278,2.7288,2.7278,2.7283,4
2026-04-30 07:45:00,2.7238,2.7238,2.7223,2.7223,2.7288,2.7288,2.7273,2.7273,3
2026-04-30 07:47:00,2.7218,2.7218,2.7213,2.7213,2.7268,2.7268,2.7263,2.7263,2
2026-04-30 07:48:00,2.7218,2.7228,2.7218,2.7223,2.7268,2.7278,2.7268,2.7273,6
2026-04-30 07:50:00,2.7228,2.7228,2.7223,2.7223,2.7278,2.7278,2.7273,2.7273,2
2026-04-30 07:51:00,2.7218,2.7223,2.7218,2.7218,2.7268,2.7273,2.7268,2.7268,3
2026-04-30 07:52:00,2.7213,2.7223,2.7213,2.7213,2.7263,2.7273,2.7263,2.7263,4
2026-04-30 07:53:00,2.7218,2.7218,2.7213,2.7213,2.7268,2.7268,2.7263,2.7263,2
2026-04-30 07:54:00,2.7218,2.7218,2.7213,2.7213,2.7268,2.7268,2.7263,2.7263,2
2026-04-30 07:55:00,2.7218,2.7228,2.7203,2.7223,2.7268,2.7278,2.7253,2.7273,14
2026-04-30 07:56:00,2.7228,2.7233,2.7223,2.7233,2.7278,2.7283,2.7273,2.7283,5
2026-04-30 07:57:00,2.7228,2.7233,2.7218,2.7233,2.7278,2.7283,2.7268,2.7283,15
2026-04-30 07:58:00,2.7238,2.7238,2.7228,2.7228,2.7288,2.7288,2.7278,2.7278,7
2026-04-30 07:59:00,2.7223,2.7228,2.7213,2.7213,2.7273,2.7278,2.7263,2.7263,16
2026-04-30 08:00:00,2.7208,2.7213,2.7208,2.7213,2.7258,2.7263,2.7258,2.7263,10
2026-04-30 08:01:00,2.7208,2.7218,2.7203,2.7203,2.7258,2.7268,2.7253,2.7253,15
2026-04-30 08:02:00,2.7193,2.7203,2.7193,2.7193,2.7243,2.7253,2.7243,2.7243,4
2026-04-30 08:03:00,2.7198,2.7203,2.7193,2.7203,2.7248,2.7253,2.7243,2.7253,3
2026-04-30 08:04:00,2.7208,2.7213,2.7203,2.7213,2.7258,2.7263,2.7253,2.7263,5
2026-04-30 08:07:00,2.7203,2.7233,2.7203,2.7233,2.7253,2.7283,2.7253,2.7283,14
2026-04-30 08:08:00,2.7243,2.7243,2.7223,2.7223,2.7293,2.7293,2.7273,2.7273,11
2026-04-30 08:09:00,2.7233,2.7233,2.7223,2.7233,2.7283,2.7283,2.7273,2.7283,13
2026-04-30 08:10:00,2.7243,2.7253,2.7233,2.7238,2.7293,2.7303,2.7283,2.7288,9
2026-04-30 08:11:00,2.7233,2.7243,2.7233,2.7243,2.7283,2.7293,2.7283,2.7293,5
2026-04-30 08:12:00,2.7238,2.7238,2.7228,2.7228,2.7288,2.7288,2.7278,2.7278,3
2026-04-30 08:13:00,2.7223,2.7233,2.7223,2.7233,2.7273,2.7283,2.7273,2.7283,2
2026-04-30 08:14:00,2.7238,2.7243,2.7223,2.7228,2.7288,2.7293,2.7273,2.7278,7
2026-04-30 08:15:00,2.7233,2.7233,2.7223,2.7233,2.7283,2.7283,2.7273,2.7283,5
2026-04-30 08:16:00,2.7228,2.7228,2.7218,2.7218,2.7278,2.7278,2.7268,2.7268,5
2026-04-30 08:17:00,2.7223,2.7223,2.7208,2.7218,2.7273,2.7273,2.7258,2.7268,10
2026-04-30 08:18:00,2.7223,2.7238,2.7223,2.7238,2.7273,2.7288,2.7273,2.7288,3
2026-04-30 08:19:00,2.7233,2.7233,2.7233,2.7233,2.7283,2.7283,2.7283,2.7283,1
2026-04-30 08:20:00,2.7243,2.7243,2.7243,2.7243,2.7293,2.7293,2.7293,2.7293,1
2026-04-30 08:21:00,2.7253,2.7253,2.7233,2.7243,2.7303,2.7303,2.7283,2.7293,5
2026-04-30 08:22:00,2.7253,2.7263,2.7248,2.7253,2.7303,2.7313,2.7298,2.7303,16
2026-04-30 08:23:00,2.7263,2.7263,2.7263,2.7263,2.7313,2.7313,2.7313,2.7313,1
2026-04-30 08:24:00,2.7268,2.7273,2.7263,2.7268,2.7318,2.7323,2.7313,2.7318,13
2026-04-30 08:25:00,2.7263,2.7273,2.7263,2.7263,2.7313,2.7323,2.7313,2.7313,4
2026-04-30 08:26:00,2.7253,2.7253,2.7253,2.7253,2.7303,2.7303,2.7303,2.7303,1
2026-04-30 08:28:00,2.7258,2.7258,2.7253,2.7253,2.7308,2.7308,2.7303,2.7303,2
2026-04-30 08:29:00,2.7243,2.7248,2.7243,2.7243,2.7293,2.7298,2.7293,2.7293,3
2026-04-30 08:30:00,2.7233,2.7233,2.7223,2.7228,2.7283,2.7283,2.7273,2.7278,3
2026-04-30 08:31:00,2.7223,2.7238,2.7223,2.7238,2.7273,2.7288,2.7273,2.7288,6
2026-04-30 08:32:00,2.7243,2.7243,2.7223,2.7223,2.7293,2.7293,2.7273,2.7273,4
2026-04-30 08:33:00,2.7218,2.7218,2.7183,2.7188,2.7268,2.7268,2.7233,2.7238,7
2026-04-30 08:34:00,2.7193,2.7203,2.7183,2.7198,2.7243,2.7253,2.7233,2.7248,11
2026-04-30 08:35:00,2.7193,2.7213,2.7183,2.7198,2.7243,2.7263,2.7233,2.7248,13
2026-04-30 08:36:00,2.7203,2.7203,2.7193,2.7198,2.7253,2.7253,2.7243,2.7248,3
2026-04-30 08:37:00,2.7193,2.7203,2.7193,2.7193,2.7243,2.7253,2.7243,2.7243,6
2026-04-30 08:38:00,2.7198,2.7198,2.7183,2.7193,2.7248,2.7248,2.7233,2.7243,5
2026-04-30 08:39:00,2.7198,2.7203,2.7193,2.7203,2.7248,2.7253,2.7243,2.7253,4
2026-04-30 08:40:00,2.7193,2.7203,2.7193,2.7193,2.7243,2.7253,2.7243,2.7243,11
2026-04-30 08:41:00,2.7198,2.7203,2.7193,2.7203,2.7248,2.7253,2.7243,2.7253,12
2026-04-30 08:42:00,2.7213,2.7213,2.7193,2.7193,2.7263,2.7263,2.7243,2.7243,15
2026-04-30 08:43:00,2.7198,2.7213,2.7198,2.7213,2.7248,2.7263,2.7248,2.7263,3
2026-04-30 08:44:00,2.7208,2.7208,2.7208,2.7208,2.7258,2.7258,2.7258,2.7258,1
2026-04-30 08:45:00,2.7213,2.7213,2.7173,2.7173,2.7263,2.7263,2.7223,2.7223,14
2026-04-30 08:46:00,2.7178,2.7188,2.7173,2.7173,2.7228,2.7238,2.7223,2.7223,5
2026-04-30 08:47:00,2.7183,2.7188,2.7173,2.7178,2.7233,2.7238,2.7223,2.7228,9
2026-04-30 08:48:00,2.7183,2.7188,2.7173,2.7173,2.7233,2.7238,2.7223,2.7223,17
2026-04-30 08:49:00,2.7183,2.7183,2.7173,2.7173,2.7233,2.7233,2.7223,2.7223,2
2026-04-30 08:50:00,2.7183,2.7183,2.7153,2.7153,2.7233,2.7233,2.7203,2.7203,5
2026-04-30 08:51:00,2.7143,2.7153,2.7143,2.7153,2.7193,2.7203,2.7193,2.7203,2
2026-04-30 08:52:00,2.7143,2.7153,2.7143,2.7153,2.7193,2.7203,2.7193,2.7203,5
2026-04-30 08:53:00,2.7163,2.7163,2.7153,2.7153,2.7213,2.7213,2.7203,2.7203,9
2026-04-30 08:54:00,2.7158,2.7158,2.7143,2.7143,2.7208,2.7208,2.7193,2.7193,4
2026-04-30 08:55:00,2.7138,2.7138,2.7128,2.7133,2.7188,2.7188,2.7178,2.7183,3
2026-04-30 08:56:00,2.7143,2.7153,2.7138,2.7143,2.7193,2.7203,2.7188,2.7193,9
2026-04-30 08:58:00,2.7148,2.7153,2.7143,2.7153,2.7198,2.7203,2.7193,2.7203,6
2026-04-30 08:59:00,2.7148,2.7148,2.7133,2.7138,2.7198,2.7198,2.7183,2.7188,12
2026-04-30 09:00:00,2.7143,2.7143,2.7113,2.7123,2.7193,2.7193,2.7163,2.7173,12
2026-04-30 09:01:00,2.7133,2.7133,2.7123,2.7133,2.7183,2.7183,2.7173,2.7183,9
2026-04-30 09:02:00,2.7138,2.7143,2.7103,2.7108,2.7188,2.7193,2.7153,2.7158,9
2026-04-30 09:03:00,2.7103,2.7113,2.7103,2.7113,2.7153,2.7163,2.7153,2.7163,2
2026-04-30 09:04:00,2.7118,2.7118,2.7113,2.7113,2.7168,2.7168,2.7163,2.7163,2
2026-04-30 09:05:00,2.7118,2.7118,2.7118,2.7118,2.7168,2.7168,2.7168,2.7168,1
2026-04-30 09:06:00,2.7113,2.7113,2.7093,2.7093,2.7163,2.7163,2.7143,2.7143,4
2026-04-30 09:07:00,2.7088,2.7093,2.7073,2.7083,2.7138,2.7143,2.7123,2.7133,14
2026-04-30 09:08:00,2.7078,2.7083,2.7073,2.7073,2.7128,2.7133,2.7123,2.7123,8
2026-04-30 09:09:00,2.7063,2.7093,2.7058,2.7093,2.7113,2.7143,2.7108,2.7143,12
2026-04-30 09:10:00,2.7098,2.7098,2.7078,2.7083,2.7148,2.7148,2.7128,2.7133,12
2026-04-30 09:11:00,2.7078,2.7093,2.7078,2.7093,2.7128,2.7143,2.7128,2.7143,3
2026-04-30 09:12:00,2.7088,2.7108,2.7088,2.7108,2.7138,2.7158,2.7138,2.7158,13
2026-04-30 09:13:00,2.7113,2.7123,2.7113,2.7123,2.7163,2.7173,2.7163,2.7173,8
2026-04-30 09:14:00,2.7118,2.7118,2.7113,2.7118,2.7168,2.7168,2.7163,2.7168,5
2026-04-30 09:15:00,2.7128,2.7138,2.7113,2.7133,2.7178,2.7188,2.7163,2.7183,12
2026-04-30 09:16:00,2.7128,2.7133,2.7123,2.7123,2.7178,2.7183,2.7173,2.7173,5
2026-04-30 09:17:00,2.7113,2.7138,2.7113,2.7138,2.7163,2.7188,2.7163,2.7188,10
2026-04-30 09:18:00,2.7133,2.7133,2.7128,2.7128,2.7183,2.7183,2.7178,2.7178,6
2026-04-30 09:19:00,2.7133,2.7133,2.7123,2.7133,2.7183,2.7183,2.7173,2.7183,9
2026-04-30 09:20:00,2.7128,2.7133,2.7123,2.7123,2.7178,2.7183,2.7173,2.7173,4
2026-04-30 09:21:00,2.7128,2.7143,2.7128,2.7138,2.7178,2.7193,2.7178,2.7188,9
2026-04-30 09:22:00,2.7143,2.7148,2.7133,2.7133,2.7193,2.7198,2.7183,2.7183,6
2026-04-30 09:24:00,2.7123,2.7138,2.7123,2.7133,2.7173,2.7188,2.7173,2.7183,12
2026-04-30 09:25:00,2.7128,2.7128,2.7123,2.7123,2.7178,2.7178,2.7173,2.7173,2
2026-04-30 09:26:00,2.7133,2.7138,2.7128,2.7128,2.7183,2.7188,2.7178,2.7178,6
2026-04-30 09:27:00,2.7123,2.7123,2.7113,2.7118,2.7173,2.7173,2.7163,2.7168,8
2026-04-30 09:28:00,2.7123,2.7123,2.7118,2.7123,2.7173,2.7173,2.7168,2.7173,3
2026-04-30 09:29:00,2.7128,2.7128,2.7123,2.7123,2.7178,2.7178,2.7173,2.7173,2
2026-04-30 09:30:00,2.7113,2.7123,2.7093,2.7098,2.7163,2.7173,2.7143,2.7148,18
2026-04-30 09:31:00,2.7103,2.7103,2.7093,2.7103,2.7153,2.7153,2.7143,2.7153,6
2026-04-30 09:32:00,2.7098,2.7103,2.7093,2.7093,2.7148,2.7153,2.7143,2.7143,12
2026-04-30 09:33:00,2.7103,2.7103,2.7078,2.7083,2.7153,2.7153,2.7128,2.7133,6
2026-04-30 09:34:00,2.7088,2.7093,2.7083,2.7083,2.7138,2.7143,2.7133,2.7133,12
2026-04-30 09:35:00,2.7093,2.7103,2.7088,2.7093,2.7143,2.7153,2.7138,2.7143,7
2026-04-30 09:36:00,2.7103,2.7108,2.7103,2.7108,2.7153,2.7158,2.7153,2.7158,2
2026-04-30 09:37:00,2.7118,2.7118,2.7098,2.7103,2.7168,2.7168,2.7148,2.7153,8
2026-04-30 09:38:00,2.7108,2.7113,2.7098,2.7103,2.7158,2.7163,2.7148,2.7153,6
2026-04-30 09:39:00,2.7108,2.7108,2.7103,2.7108,2.7158,2.7158,2.7153,2.7158,3
2026-04-30 09:40:00,2.7113,2.7118,2.7103,2.7103,2.7163,2.7168,2.7153,2.7153,7
2026-04-30 09:41:00,2.7108,2.7108,2.7088,2.7093,2.7158,2.7158,2.7138,2.7143,9
2026-04-30 09:43:00,2.7098,2.7098,2.7093,2.7093,2.7148,2.7148,2.7143,2.7143,6
2026-04-30 09:44:00,2.7098,2.7103,2.7093,2.7093,2.7148,2.7153,2.7143,2.7143,8
2026-04-30 09:45:00,2.7098,2.7098,2.7078,2.7078,2.7148,2.7148,2.7128,2.7128,6
2026-04-30 09:46:00,2.7083,2.7113,2.7083,2.7113,2.7133,2.7163,2.7133,2.7163,6
2026-04-30 09:47:00,2.7103,2.7103,2.7103,2.7103,2.7153,2.7153,2.7153,2.7153,1
2026-04-30 09:48:00,2.7098,2.7098,2.7083,2.7088,2.7148,2.7148,2.7133,2.7138,5
2026-04-30 09:49:00,2.7093,2.7103,2.7093,2.7103,2.7143,2.7153,2.7143,2.7153,5
2026-04-30 09:51:00,2.7098,2.7098,2.7093,2.7093,2.7148,2.7148,2.7143,2.7143,2
2026-04-30 09:52:00,2.7098,2.7098,2.7093,2.7093,2.7148,2.7148,2.7143,2.7143,4
2026-04-30 09:53:00,2.7083,2.7083,2.7073,2.7073,2.7133,2.7133,2.7123,2.7123,3
2026-04-30 09:54:00,2.7083,2.7083,2.7083,2.7083,2.7133,2.7133,2.7133,2.7133,1
2026-04-30 09:55:00,2.7093,2.7093,2.7083,2.7083,2.7143,2.7143,2.7133,2.7133,3
2026-04-30 09:56:00,2.7088,2.7088,2.7078,2.7078,2.7138,2.7138,2.7128,2.7128,3
2026-04-30 09:57:00,2.7073,2.7083,2.7073,2.7083,2.7123,2.7133,2.7123,2.7133,11
2026-04-30 09:58:00,2.7093,2.7103,2.7093,2.7103,2.7143,2.7153,2.7143,2.7153,2
2026-04-30 09:59:00,2.7098,2.7103,2.7088,2.7088,2.7148,2.7153,2.7138,2.7138,11
2026-04-30 10:00:00,2.7083,2.7103,2.7083,2.7093,2.7133,2.7153,2.7133,2.7143,10
2026-04-30 10:01:00,2.7098,2.7103,2.7093,2.7093,2.7148,2.7153,2.7143,2.7143,4
2026-04-30 10:02:00,2.7103,2.7103,2.7093,2.7103,2.7153,2.7153,2.7143,2.7153,3
2026-04-30 10:03:00,2.7108,2.7123,2.7108,2.7123,2.7158,2.7173,2.7158,2.7173,3
2026-04-30 10:04:00,2.7128,2.7128,2.7123,2.7123,2.7178,2.7178,2.7173,2.7173,4
2026-04-30 10:05:00,2.7118,2.7123,2.7118,2.7123,2.7168,2.7173,2.7168,2.7173,2
2026-04-30 10:06:00,2.7128,2.7133,2.7123,2.7123,2.7178,2.7183,2.7173,2.7173,18
2026-04-30 10:08:00,2.7128,2.7133,2.7123,2.7123,2.7178,2.7183,2.7173,2.7173,3
2026-04-30 10:09:00,2.7128,2.7133,2.7123,2.7128,2.7178,2.7183,2.7173,2.7178,7
2026-04-30 10:10:00,2.7123,2.7133,2.7123,2.7123,2.7173,2.7183,2.7173,2.7173,7
2026-04-30 10:11:00,2.7128,2.7133,2.7123,2.7123,2.7178,2.7183,2.7173,2.7173,5
2026-04-30 10:12:00,2.7128,2.7133,2.7113,2.7113,2.7178,2.7183,2.7163,2.7163,16
2026-04-30 10:13:00,2.7103,2.7103,2.7088,2.7088,2.7153,2.7153,2.7138,2.7138,9
2026-04-30 10:14:00,2.7083,2.7103,2.7083,2.7098,2.7133,2.7153,2.7133,2.7148,5
2026-04-30 10:15:00,2.7103,2.7103,2.7093,2.7093,2.7153,2.7153,2.7143,2.7143,3
2026-04-30 10:16:00,2.7098,2.7103,2.7073,2.7073,2.7148,2.7153,2.7123,2.7123,8
2026-04-30 10:17:00,2.7068,2.7073,2.7063,2.7073,2.7118,2.7123,2.7113,2.7123,4
2026-04-30 10:18:00,2.7078,2.7083,2.7073,2.7078,2.7128,2.7133,2.7123,2.7128,6
2026-04-30 10:19:00,2.7073,2.7083,2.7073,2.7073,2.7123,2.7133,2.7123,2.7123,7
2026-04-30 10:21:00,2.7063,2.7073,2.7063,2.7073,2.7113,2.7123,2.7113,2.7123,2
2026-04-30 10:22:00,2.7083,2.7083,2.7073,2.7078,2.7133,2.7133,2.7123,2.7128,4
2026-04-30 10:23:00,2.7083,2.7083,2.7063,2.7073,2.7133,2.7133,2.7113,2.7123,6
2026-04-30 10:24:00,2.7078,2.7083,2.7073,2.7078,2.7128,2.7133,2.7123,2.7128,4
2026-04-30 10:25:00,2.7073,2.7073,2.7073,2.7073,2.7123,2.7123,2.7123,2.7123,1
2026-04-30 10:26:00,2.7083,2.7083,2.7073,2.7073,2.7133,2.7133,2.7123,2.7123,3
2026-04-30 10:27:00,2.7078,2.7078,2.7078,2.7078,2.7128,2.7128,2.7128,2.7128,1
2026-04-30 10:28:00,2.7073,2.7073,2.7063,2.7063,2.7123,2.7123,2.7113,2.7113,3
2026-04-30 10:29:00,2.7073,2.7073,2.7058,2.7058,2.7123,2.7123,2.7108,2.7108,10
2026-04-30 10:30:00,2.7068,2.7068,2.7028,2.7038,2.7118,2.7118,2.7078,2.7088,16
2026-04-30 10:31:00,2.7033,2.7033,2.7023,2.7028,2.7083,2.7083,2.7073,2.7078,3
2026-04-30 10:32:00,2.7033,2.7043,2.7023,2.7043,2.7083,2.7093,2.7073,2.7093,7
2026-04-30 10:33:00,2.7033,2.7043,2.7033,2.7033,2.7083,2.7093,2.7083,2.7083,4
2026-04-30 10:34:00,2.7038,2.7043,2.7033,2.7043,2.7088,2.7093,2.7083,2.7093,7
2026-04-30 10:35:00,2.7053,2.7053,2.7043,2.7053,2.7103,2.7103,2.7093,2.7103,3
2026-04-30 10:36:00,2.7048,2.7048,2.7023,2.7028,2.7098,2.7098,2.7073,2.7078,5
2026-04-30 10:37:00,2.7023,2.7033,2.7023,2.7023,2.7073,2.7083,2.7073,2.7073,6
2026-04-30 10:38:00,2.7013,2.7013,2.7013,2.7013,2.7063,2.7063,2.7063,2.7063,1
2026-04-30 10:40:00,2.7023,2.7023,2.7013,2.7013,2.7073,2.7073,2.7063,2.7063,2
2026-04-30 10:41:00,2.7018,2.7023,2.7018,2.7023,2.7068,2.7073,2.7068,2.7073,4
2026-04-30 10:42:00,2.7018,2.7023,2.7013,2.7018,2.7068,2.7073,2.7063,2.7068,4
2026-04-30 10:43:00,2.7013,2.7023,2.7013,2.7023,2.7063,2.7073,2.7063,2.7073,4
2026-04-30 10:44:00,2.7028,2.7043,2.7028,2.7043,2.7078,2.7093,2.7078,2.7093,3
2026-04-30 10:45:00,2.7033,2.7033,2.7023,2.7023,2.7083,2.7083,2.7073,2.7073,2
2026-04-30 10:46:00,2.7033,2.7043,2.7033,2.7033,2.7083,2.7093,2.7083,2.7083,4
2026-04-30 10:47:00,2.7038,2.7043,2.7033,2.7033,2.7088,2.7093,2.7083,2.7083,3
2026-04-30 10:48:00,2.7038,2.7038,2.7033,2.7038,2.7088,2.7088,2.7083,2.7088,3
2026-04-30 10:49:00,2.7033,2.7053,2.7033,2.7043,2.7083,2.7103,2.7083,2.7093,10
2026-04-30 10:50:00,2.7033,2.7043,2.7033,2.7043,2.7083,2.7093,2.7083,2.7093,6
2026-04-30 10:51:00,2.7033,2.7048,2.7033,2.7038,2.7083,2.7098,2.7083,2.7088,11
2026-04-30 10:52:00,2.7043,2.7043,2.7033,2.7033,2.7093,2.7093,2.7083,2.7083,9
2026-04-30 10:53:00,2.7038,2.7038,2.7028,2.7033,2.7088,2.7088,2.7078,2.7083,10
2026-04-30 10:54:00,2.7028,2.7033,2.7008,2.7008,2.7078,2.7083,2.7058,2.7058,15
2026-04-30 10:55:00,2.7013,2.7028,2.7008,2.7023,2.7063,2.7078,2.7058,2.7073,8
2026-04-30 10:56:00,2.7028,2.7038,2.7023,2.7033,2.7078,2.7088,2.7073,2.7083,10
2026-04-30 10:57:00,2.7038,2.7053,2.7038,2.7043,2.7088,2.7103,2.7088,2.7093,6
2026-04-30 10:58:00,2.7053,2.7073,2.7048,2.7058,2.7103,2.7123,2.7098,2.7108,16
2026-04-30 10:59:00,2.7063,2.7078,2.7063,2.7073,2.7113,2.7128,2.7113,2.7123,4
2026-04-30 11:00:00,2.7083,2.7088,2.7073,2.7088,2.7133,2.7138,2.7123,2.7138,7
2026-04-30 11:01:00,2.7098,2.7113,2.7093,2.7093,2.7148,2.7163,2.7143,2.7143,10
2026-04-30 11:02:00,2.7098,2.7118,2.7098,2.7113,2.7148,2.7168,2.7148,2.7163,9
2026-04-30 11:03:00,2.7123,2.7123,2.7113,2.7118,2.7173,2.7173,2.7163,2.7168,5
2026-04-30 11:04:00,2.7113,2.7133,2.7113,2.7133,2.7163,2.7183,2.7163,2.7183,20
2026-04-30 11:05:00,2.7138,2.7153,2.7138,2.7153,2.7188,2.7203,2.7188,2.7203,7
2026-04-30 11:06:00,2.7158,2.7173,2.7153,2.7163,2.7208,2.7223,2.7203,2.7213,7
2026-04-30 11:07:00,2.7173,2.7173,2.7153,2.7163,2.7223,2.7223,2.7203,2.7213,4
2026-04-30 11:08:00,2.7168,2.7168,2.7153,2.7163,2.7218,2.7218,2.7203,2.7213,8
2026-04-30 11:09:00,2.7153,2.7153,2.7133,2.7133,2.7203,2.7203,2.7183,2.7183,3
2026-04-30 11:10:00,2.7143,2.7168,2.7143,2.7148,2.7193,2.7218,2.7193,2.7198,30
2026-04-30 11:11:00,2.7143,2.7158,2.7143,2.7153,2.7193,2.7208,2.7193,2.7203,5
2026-04-30 11:12:00,2.7148,2.7153,2.7143,2.7153,2.7198,2.7203,2.7193,2.7203,4
2026-04-30 11:13:00,2.7148,2.7153,2.7143,2.7143,2.7198,2.7203,2.7193,2.7193,9
2026-04-30 11:14:00,2.7148,2.7148,2.7133,2.7133,2.7198,2.7198,2.7183,2.7183,3
2026-04-30 11:15:00,2.7143,2.7148,2.7123,2.7123,2.7193,2.7198,2.7173,2.7173,7
2026-04-30 11:16:00,2.7118,2.7123,2.7118,2.7118,2.7168,2.7173,2.7168,2.7168,7
2026-04-30 11:17:00,2.7123,2.7123,2.7123,2.7123,2.7173,2.7173,2.7173,2.7173,1
2026-04-30 11:19:00,2.7128,2.7133,2.7128,2.7133,2.7178,2.7183,2.7178,2.7183,2
2026-04-30 11:20:00,2.7143,2.7143,2.7123,2.7128,2.7193,2.7193,2.7173,2.7178,7
2026-04-30 11:21:00,2.7133,2.7133,2.7128,2.7133,2.7183,2.7183,2.7178,2.7183,7
2026-04-30 11:22:00,2.7123,2.7133,2.7118,2.7118,2.7173,2.7183,2.7168,2.7168,9
2026-04-30 11:23:00,2.7123,2.7123,2.7118,2.7123,2.7173,2.7173,2.7168,2.7173,5
2026-04-30 11:24:00,2.7113,2.7123,2.7113,2.7123,2.7163,2.7173,2.7163,2.7173,5
2026-04-30 11:25:00,2.7113,2.7123,2.7113,2.7118,2.7163,2.7173,2.7163,2.7168,5
2026-04-30 11:26:00,2.7113,2.7113,2.7098,2.7103,2.7163,2.7163,2.7148,2.7153,5
2026-04-30 11:27:00,2.7093,2.7103,2.7078,2.7078,2.7143,2.7153,2.7128,2.7128,6
2026-04-30 11:28:00,2.7073,2.7073,2.7053,2.7063,2.7123,2.7123,2.7103,2.7113,22
2026-04-30 11:29:00,2.7053,2.7073,2.7053,2.7063,2.7103,2.7123,2.7103,2.7113,18
2026-04-30 11:30:00,2.7058,2.7058,2.7013,2.7013,2.7108,2.7108,2.7063,2.7063,25
2026-04-30 11:31:00,2.7008,2.7033,2.6993,2.7023,2.7058,2.7083,2.7043,2.7073,19
2026-04-30 11:32:00,2.7033,2.7068,2.7023,2.7068,2.7083,2.7118,2.7073,2.7118,17
2026-04-30 11:33:00,2.7073,2.7083,2.7053,2.7053,2.7123,2.7133,2.7103,2.7103,24
2026-04-30 11:34:00,2.7063,2.7073,2.7053,2.7073,2.7113,2.7123,2.7103,2.7123,11
2026-04-30 11:35:00,2.7078,2.7083,2.7063,2.7063,2.7128,2.7133,2.7113,2.7113,14
2026-04-30 11:36:00,2.7073,2.7073,2.7063,2.7063,2.7123,2.7123,2.7113,2.7113,5
2026-04-30 11:37:00,2.7073,2.7073,2.7063,2.7073,2.7123,2.7123,2.7113,2.7123,13
2026-04-30 11:39:00,2.7078,2.7083,2.7058,2.7063,2.7128,2.7133,2.7108,2.7113,9
2026-04-30 11:40:00,2.7073,2.7073,2.7063,2.7063,2.7123,2.7123,2.7113,2.7113,4
2026-04-30 11:41:00,2.7073,2.7083,2.7063,2.7078,2.7123,2.7133,2.7113,2.7128,8
2026-04-30 11:42:00,2.7083,2.7083,2.7063,2.7078,2.7133,2.7133,2.7113,2.7128,14
2026-04-30 11:43:00,2.7083,2.7083,2.7073,2.7073,2.7133,2.7133,2.7123,2.7123,8
2026-04-30 11:44:00,2.7078,2.7083,2.7058,2.7058,2.7128,2.7133,2.7108,2.7108,10
2026-04-30 11:45:00,2.7063,2.7083,2.7063,2.7083,2.7113,2.7133,2.7113,2.7133,7
2026-04-30 11:46:00,2.7078,2.7083,2.7063,2.7063,2.7128,2.7133,2.7113,2.7113,6
2026-04-30 11:47:00,2.7058,2.7068,2.7053,2.7063,2.7108,2.7118,2.7103,2.7113,11
2026-04-30 11:48:00,2.7058,2.7058,2.7043,2.7053,2.7108,2.7108,2.7093,2.7103,6
2026-04-30 11:49:00,2.7048,2.7063,2.7048,2.7053,2.7098,2.7113,2.7098,2.7103,9
2026-04-30 11:50:00,2.7048,2.7063,2.7048,2.7053,2.7098,2.7113,2.7098,2.7103,7
2026-04-30 11:51:00,2.7063,2.7073,2.7058,2.7063,2.7113,2.7123,2.7108,2.7113,5
2026-04-30 11:52:00,2.7058,2.7063,2.7033,2.7043,2.7108,2.7113,2.7083,2.7093,11
2026-04-30 11:53:00,2.7038,2.7038,2.7033,2.7033,2.7088,2.7088,2.7083,2.7083,2
2026-04-30 11:54:00,2.7043,2.7043,2.7033,2.7033,2.7093,2.7093,2.7083,2.7083,10
2026-04-30 11:55:00,2.7038,2.7053,2.7038,2.7043,2.7088,2.7103,2.7088,2.7093,10
2026-04-30 11:56:00,2.7048,2.7053,2.7043,2.7053,2.7098,2.7103,2.7093,2.7103,4
2026-04-30 11:57:00,2.7063,2.7063,2.7043,2.7043,2.7113,2.7113,2.7093,2.7093,4
2026-04-30 11:58:00,2.7053,2.7053,2.7033,2.7038,2.7103,2.7103,2.7083,2.7088,7
2026-04-30 11:59:00,2.7043,2.7058,2.7043,2.7058,2.7093,2.7108,2.7093,2.7108,6
2026-04-30 12:00:00,2.7063,2.7063,2.7048,2.7058,2.7113,2.7113,2.7098,2.7108,15
2026-04-30 12:01:00,2.7053,2.7053,2.7038,2.7053,2.7103,2.7103,2.7088,2.7103,8
2026-04-30 12:02:00,2.7048,2.7073,2.7048,2.7073,2.7098,2.7123,2.7098,2.7123,12
2026-04-30 12:03:00,2.7068,2.7073,2.7063,2.7073,2.7118,2.7123,2.7113,2.7123,4
2026-04-30 12:04:00,2.7083,2.7083,2.7073,2.7073,2.7133,2.7133,2.7123,2.7123,2
2026-04-30 12:05:00,2.7068,2.7073,2.7048,2.7053,2.7118,2.7123,2.7098,2.7103,16
2026-04-30 12:06:00,2.7063,2.7088,2.7063,2.7073,2.7113,2.7138,2.7113,2.7123,7
2026-04-30 12:07:00,2.7063,2.7068,2.7058,2.7063,2.7113,2.7118,2.7108,2.7113,9
2026-04-30 12:08:00,2.7068,2.7068,2.7063,2.7063,2.7118,2.7118,2.7113,2.7113,4
2026-04-30 12:09:00,2.7068,2.7073,2.7053,2.7058,2.7118,2.7123,2.7103,2.7108,10
2026-04-30 12:10:00,2.7053,2.7053,2.7043,2.7043,2.7103,2.7103,2.7093,2.7093,7
2026-04-30 12:12:00,2.7048,2.7048,2.7033,2.7033,2.7098,2.7098,2.7083,2.7083,3
2026-04-30 12:13:00,2.7023,2.7043,2.7023,2.7043,2.7073,2.7093,2.7073,2.7093,5
2026-04-30 12:14:00,2.7048,2.7058,2.7048,2.7053,2.7098,2.7108,2.7098,2.7103,6
2026-04-30 12:16:00,2.7043,2.7043,2.7033,2.7038,2.7093,2.7093,2.7083,2.7088,8
2026-04-30 12:17:00,2.7043,2.7043,2.7033,2.7033,2.7093,2.7093,2.7083,2.7083,4
2026-04-30 12:18:00,2.7028,2.7028,2.7023,2.7023,2.7078,2.7078,2.7073,2.7073,2
2026-04-30 12:19:00,2.7033,2.7033,2.7023,2.7033,2.7083,2.7083,2.7073,2.7083,3
2026-04-30 12:20:00,2.7023,2.7033,2.7023,2.7033,2.7073,2.7083,2.7073,2.7083,3
2026-04-30 12:21:00,2.7028,2.7033,2.7013,2.7023,2.7078,2.7083,2.7063,2.7073,8
2026-04-30 12:22:00,2.7033,2.7033,2.7033,2.7033,2.7083,2.7083,2.7083,2.7083,1
2026-04-30 12:23:00,2.7013,2.7013,2.7003,2.7013,2.7063,2.7063,2.7053,2.7063,4
2026-04-30 12:24:00,2.7023,2.7023,2.7013,2.7023,2.7073,2.7073,2.7063,2.7073,6
2026-04-30 12:25:00,2.7028,2.7028,2.7023,2.7023,2.7078,2.7078,2.7073,2.7073,2
2026-04-30 12:26:00,2.7028,2.7028,2.7013,2.7013,2.7078,2.7078,2.7063,2.7063,3
2026-04-30 12:27:00,2.7003,2.7008,2.7003,2.7008,2.7053,2.7058,2.7053,2.7058,2
2026-04-30 12:28:00,2.7013,2.7013,2.7013,2.7013,2.7063,2.7063,2.7063,2.7063,1
2026-04-30 12:30:00,2.7008,2.7023,2.7008,2.7023,2.7058,2.7073,2.7058,2.7073,8
2026-04-30 12:31:00,2.7013,2.7018,2.7003,2.7003,2.7063,2.7068,2.7053,2.7053,5
2026-04-30 12:32:00,2.6998,2.7013,2.6993,2.7013,2.7048,2.7063,2.7043,2.7063,5
2026-04-30 12:33:00,2.7023,2.7043,2.7023,2.7038,2.7073,2.7093,2.7073,2.7088,6
2026-04-30 12:34:00,2.7033,2.7033,2.7013,2.7023,2.7083,2.7083,2.7063,2.7073,12
2026-04-30 12:35:00,2.7028,2.7028,2.7013,2.7013,2.7078,2.7078,2.7063,2.7063,9
2026-04-30 12:36:00,2.7023,2.7028,2.7003,2.7013,2.7073,2.7078,2.7053,2.7063,16
2026-04-30 12:37:00,2.7018,2.7033,2.7018,2.7018,2.7068,2.7083,2.7068,2.7068,14
2026-04-30 12:38:00,2.7013,2.7023,2.7013,2.7013,2.7063,2.7073,2.7063,2.7063,5
2026-04-30 12:39:00,2.7018,2.7023,2.7008,2.7013,2.7068,2.7073,2.7058,2.7063,8
2026-04-30 12:40:00,2.7018,2.7018,2.7003,2.7008,2.7068,2.7068,2.7053,2.7058,4
2026-04-30 12:41:00,2.7003,2.7023,2.7003,2.7023,2.7053,2.7073,2.7053,2.7073,4
2026-04-30 12:42:00,2.7028,2.7033,2.7023,2.7023,2.7078,2.7083,2.7073,2.7073,3
2026-04-30 12:43:00,2.7028,2.7033,2.7003,2.7008,2.7078,2.7083,2.7053,2.7058,14
2026-04-30 12:44:00,2.7013,2.7023,2.7003,2.7013,2.7063,2.7073,2.7053,2.7063,14
2026-04-30 12:45:00,2.7008,2.7013,2.7008,2.7013,2.7058,2.7063,2.7058,2.7063,2
2026-04-30 12:46:00,2.7008,2.7033,2.7008,2.7033,2.7058,2.7083,2.7058,2.7083,7
2026-04-30 12:47:00,2.7023,2.7023,2.7013,2.7023,2.7073,2.7073,2.7063,2.7073,7
2026-04-30 12:48:00,2.7018,2.7018,2.7008,2.7013,2.7068,2.7068,2.7058,2.7063,4
2026-04-30 12:49:00,2.7018,2.7033,2.7018,2.7023,2.7068,2.7083,2.7068,2.7073,11
2026-04-30 12:50:00,2.7028,2.7028,2.7013,2.7013,2.7078,2.7078,2.7063,2.7063,4
2026-04-30 12:51:00,2.7018,2.7023,2.7013,2.7023,2.7068,2.7073,2.7063,2.7073,16
2026-04-30 12:52:00,2.7018,2.7023,2.7013,2.7013,2.7068,2.7073,2.7063,2.7063,4
2026-04-30 12:53:00,2.7018,2.7033,2.7018,2.7023,2.7068,2.7083,2.7068,2.7073,6
2026-04-30 12:54:00,2.7018,2.7033,2.7013,2.7013,2.7068,2.7083,2.7063,2.7063,9
2026-04-30 12:55:00,2.7023,2.7028,2.7013,2.7018,2.7073,2.7078,2.7063,2.7068,7
2026-04-30 12:56:00,2.7023,2.7023,2.7013,2.7013,2.7073,2.7073,2.7063,2.7063,3
2026-04-30 12:58:00,2.7023,2.7023,2.6978,2.6983,2.7073,2.7073,2.7028,2.7033,8
2026-04-30 12:59:00,2.6978,2.6993,2.6978,2.6993,2.7028,2.7043,2.7028,2.7043,8
2026-04-30 13:00:00,2.6998,2.7033,2.6998,2.7023,2.7048,2.7083,2.7048,2.7073,10
2026-04-30 13:01:00,2.7013,2.7043,2.7013,2.7038,2.7063,2.7093,2.7063,2.7088,5
2026-04-30 13:02:00,2.7043,2.7063,2.7013,2.7033,2.7093,2.7113,2.7063,2.7083,15
2026-04-30 13:03:00,2.7028,2.7038,2.7028,2.7028,2.7078,2.7088,2.7078,2.7078,9
2026-04-30 13:04:00,2.7023,2.7023,2.7003,2.7013,2.7073,2.7073,2.7053,2.7063,9
2026-04-30 13:05:00,2.7023,2.7033,2.7013,2.7023,2.7073,2.7083,2.7063,2.7073,13
2026-04-30 13:06:00,2.7028,2.7058,2.7028,2.7058,2.7078,2.7108,2.7078,2.7108,11
2026-04-30 13:07:00,2.7053,2.7058,2.7038,2.7043,2.7103,2.7108,2.7088,2.7093,6
2026-04-30 13:08:00,2.7048,2.7063,2.7043,2.7043,2.7098,2.7113,2.7093,2.7093,14
2026-04-30 13:09:00,2.7038,2.7053,2.7023,2.7033,2.7088,2.7103,2.7073,2.7083,15
2026-04-30 13:10:00,2.7048,2.7073,2.7043,2.7063,2.7098,2.7123,2.7093,2.7113,14
2026-04-30 13:11:00,2.7068,2.7093,2.7063,2.7073,2.7118,2.7143,2.7113,2.7123,10
2026-04-30 13:12:00,2.7083,2.7083,2.7043,2.7043,2.7133,2.7133,2.7093,2.7093,10
2026-04-30 13:13:00,2.7038,2.7043,2.7028,2.7033,2.7088,2.7093,2.7078,2.7083,9
2026-04-30 13:14:00,2.7038,2.7043,2.7033,2.7033,2.7088,2.7093,2.7083,2.7083,3
2026-04-30 13:15:00,2.7038,2.7053,2.7013,2.7033,2.7088,2.7103,2.7063,2.7083,14
2026-04-30 13:16:00,2.7043,2.7043,2.7028,2.7038,2.7093,2.7093,2.7078,2.7088,9
2026-04-30 13:17:00,2.7043,2.7043,2.7028,2.7043,2.7093,2.7093,2.7078,2.7093,12
2026-04-30 13:18:00,2.7033,2.7043,2.7023,2.7028,2.7083,2.7093,2.7073,2.7078,15
2026-04-30 13:19:00,2.7023,2.7043,2.7023,2.7043,2.7073,2.7093,2.7073,2.7093,15
2026-04-30 13:20:00,2.7048,2.7053,2.7043,2.7053,2.7098,2.7103,2.7093,2.7103,7
2026-04-30 13:21:00,2.7043,2.7068,2.7043,2.7058,2.7093,2.7118,2.7093,2.7108,21
2026-04-30 13:22:00,2.7063,2.7073,2.7043,2.7053,2.7113,2.7123,2.7093,2.7103,27
2026-04-30 13:23:00,2.7043,2.7058,2.7043,2.7058,2.7093,2.7108,2.7093,2.7108,3
2026-04-30 13:24:00,2.7053,2.7063,2.7053,2.7058,2.7103,2.7113,2.7103,2.7108,4
2026-04-30 13:25:00,2.7063,2.7063,2.7033,2.7038,2.7113,2.7113,2.7083,2.7088,14
2026-04-30 13:26:00,2.7033,2.7053,2.7033,2.7053,2.7083,2.7103,2.7083,2.7103,14
2026-04-30 13:27:00,2.7048,2.7053,2.7043,2.7053,2.7098,2.7103,2.7093,2.7103,22
2026-04-30 13:28:00,2.7048,2.7063,2.7033,2.7063,2.7098,2.7113,2.7083,2.7113,30
2026-04-30 13:29:00,2.7058,2.7058,2.6983,2.7003,2.7108,2.7108,2.7033,2.7053,50
2026-04-30 13:30:00,2.6993,2.7038,2.6983,2.6983,2.7043,2.7088,2.7033,2.7033,32
2026-04-30 13:31:00,2.6993,2.7008,2.6913,2.6913,2.7043,2.7058,2.6963,2.6963,21
2026-04-30 13:32:00,2.6918,2.6943,2.6868,2.6878,2.6968,2.6993,2.6918,2.6928,19
2026-04-30 13:33:00,2.6873,2.6893,2.6873,2.6878,2.6923,2.6943,2.6923,2.6928,14
2026-04-30 13:34:00,2.6868,2.6883,2.6853,2.6873,2.6918,2.6933,2.6903,2.6923,19
2026-04-30 13:35:00,2.6868,2.6913,2.6868,2.6898,2.6918,2.6963,2.6918,2.6948,18
2026-04-30 13:36:00,2.6903,2.6923,2.6898,2.6898,2.6953,2.6973,2.6948,2.6948,15
2026-04-30 13:37:00,2.6903,2.6913,2.6883,2.6893,2.6953,2.6963,2.6933,2.6943,11
2026-04-30 13:38:00,2.6898,2.6913,2.6893,2.6913,2.6948,2.6963,2.6943,2.6963,12
2026-04-30 13:39:00,2.6918,2.6953,2.6918,2.6943,2.6968,2.7003,2.6968,2.6993,14
2026-04-30 13:40:00,2.6938,2.6968,2.6933,2.6948,2.6988,2.7018,2.6983,2.6998,16
2026-04-30 13:41:00,2.6953,2.6953,2.6923,2.6923,2.7003,2.7003,2.6973,2.6973,10
2026-04-30 13:42:00,2.6928,2.6943,2.6928,2.6928,2.6978,2.6993,2.6978,2.6978,10
2026-04-30 13:43:00,2.6923,2.6933,2.6913,2.6918,2.6973,2.6983,2.6963,2.6968,10
2026-04-30 13:44:00,2.6923,2.6923,2.6913,2.6923,2.6973,2.6973,2.6963,2.6973,8
2026-04-30 13:45:00,2.6913,2.6928,2.6893,2.6893,2.6963,2.6978,2.6943,2.6943,13
2026-04-30 13:46:00,2.6903,2.6903,2.6893,2.6893,2.6953,2.6953,2.6943,2.6943,13
2026-04-30 13:47:00,2.6903,2.6923,2.6893,2.6898,2.6953,2.6973,2.6943,2.6948,9
2026-04-30 13:48:00,2.6908,2.6913,2.6903,2.6913,2.6958,2.6963,2.6953,2.6963,6
2026-04-30 13:49:00,2.6903,2.6903,2.6893,2.6893,2.6953,2.6953,2.6943,2.6943,2
2026-04-30 13:50:00,2.6883,2.6903,2.6873,2.6883,2.6933,2.6953,2.6923,2.6933,19
2026-04-30 13:51:00,2.6873,2.6903,2.6873,2.6893,2.6923,2.6953,2.6923,2.6943,10
2026-04-30 13:52:00,2.6898,2.6903,2.6883,2.6893,2.6948,2.6953,2.6933,2.6943,11
2026-04-30 13:53:00,2.6883,2.6883,2.6873,2.6883,2.6933,2.6933,2.6923,2.6933,11
2026-04-30 13:54:00,2.6873,2.6873,2.6873,2.6873,2.6923,2.6923,2.6923,2.6923,1
2026-04-30 13:55:00,2.6863,2.6863,2.6833,2.6843,2.6913,2.6913,2.6883,2.6893,16
2026-04-30 13:56:00,2.6838,2.6843,2.6823,2.6843,2.6888,2.6893,2.6873,2.6893,15
2026-04-30 13:57:00,2.6853,2.6853,2.6803,2.6813,2.6903,2.6903,2.6853,2.6863,30
2026-04-30 13:58:00,2.6818,2.6843,2.6818,2.6833,2.6868,2.6893,2.6868,2.6883,16
2026-04-30 13:59:00,2.6843,2.6843,2.6833,2.6833,2.6893,2.6893,2.6883,2.6883,5
2026-04-30 14:00:00,2.6843,2.6843,2.6813,2.6833,2.6893,2.6893,2.6863,2.6883,13
2026-04-30 14:01:00,2.6843,2.6843,2.6808,2.6813,2.6893,2.6893,2.6858,2.6863,22
2026-04-30 14:02:00,2.6803,2.6833,2.6803,2.6823,2.6853,2.6883,2.6853,2.6873,22
2026-04-30 14:03:00,2.6828,2.6828,2.6763,2.6763,2.6878,2.6878,2.6813,2.6813,27
2026-04-30 14:04:00,2.6758,2.6763,2.6723,2.6723,2.6808,2.6813,2.6773,2.6773,25
2026-04-30 14:05:00,2.6733,2.6773,2.6733,2.6753,2.6783,2.6823,2.6783,2.6803,26
2026-04-30 14:06:00,2.6758,2.6788,2.6753,2.6788,2.6808,2.6838,2.6803,2.6838,15
2026-04-30 14:07:00,2.6783,2.6793,2.6773,2.6783,2.6833,2.6843,2.6823,2.6833,10
2026-04-30 14:08:00,2.6778,2.6793,2.6768,2.6783,2.6828,2.6843,2.6818,2.6833,14
2026-04-30 14:09:00,2.6778,2.6793,2.6763,2.6793,2.6828,2.6843,2.6813,2.6843,16
2026-04-30 14:10:00,2.6803,2.6843,2.6798,2.6843,2.6853,2.6893,2.6848,2.6893,19
2026-04-30 14:11:00,2.6833,2.6863,2.6833,2.6853,2.6883,2.6913,2.6883,2.6903,5
2026-04-30 14:12:00,2.6863,2.6863,2.6843,2.6843,2.6913,2.6913,2.6893,2.6893,9
2026-04-30 14:13:00,2.6848,2.6883,2.6843,2.6868,2.6898,2.6933,2.6893,2.6918,12
2026-04-30 14:14:00,2.6863,2.6868,2.6853,2.6863,2.6913,2.6918,2.6903,2.6913,18
2026-04-30 14:15:00,2.6873,2.6873,2.6863,2.6863,2.6923,2.6923,2.6913,2.6913,7
2026-04-30 14:16:00,2.6873,2.6928,2.6873,2.6928,2.6923,2.6978,2.6923,2.6978,17
2026-04-30 14:17:00,2.6923,2.6923,2.6883,2.6903,2.6973,2.6973,2.6933,2.6953,12
2026-04-30 14:18:00,2.6893,2.6893,2.6863,2.6893,2.6943,2.6943,2.6913,2.6943,19
2026-04-30 14:19:00,2.6888,2.6888,2.6853,2.6873,2.6938,2.6938,2.6903,2.6923,14
2026-04-30 14:20:00,2.6863,2.6863,2.6843,2.6853,2.6913,2.6913,2.6893,2.6903,19
2026-04-30 14:21:00,2.6848,2.6848,2.6818,2.6833,2.6898,2.6898,2.6868,2.6883,22
2026-04-30 14:22:00,2.6823,2.6833,2.6823,2.6833,2.6873,2.6883,2.6873,2.6883,10
2026-04-30 14:23:00,2.6828,2.6848,2.6823,2.6848,2.6878,2.6898,2.6873,2.6898,7
2026-04-30 14:24:00,2.6843,2.6843,2.6833,2.6843,2.6893,2.6893,2.6883,2.6893,11
2026-04-30 14:25:00,2.6838,2.6843,2.6823,2.6843,2.6888,2.6893,2.6873,2.6893,12
2026-04-30 14:26:00,2.6833,2.6843,2.6828,2.6838,2.6883,2.6893,2.6878,2.6888,8
2026-04-30 14:27:00,2.6833,2.6843,2.6823,2.6843,2.6883,2.6893,2.6873,2.6893,7
2026-04-30 14:28:00,2.6848,2.6848,2.6813,2.6833,2.6898,2.6898,2.6863,2.6883,19
2026-04-30 14:29:00,2.6828,2.6848,2.6823,2.6843,2.6878,2.6898,2.6873,2.6893,27
2026-04-30 14:30:00,2.6838,2.6863,2.6813,2.6833,2.6888,2.6913,2.6863,2.6883,19
2026-04-30 14:31:00,2.6843,2.6853,2.6833,2.6853,2.6893,2.6903,2.6883,2.6903,37
2026-04-30 14:32:00,2.6843,2.6843,2.6828,2.6833,2.6893,2.6893,2.6878,2.6883,10
2026-04-30 14:33:00,2.6843,2.6873,2.6833,2.6873,2.6893,2.6923,2.6883,2.6923,23
2026-04-30 14:34:00,2.6863,2.6923,2.6853,2.6913,2.6913,2.6973,2.6903,2.6963,29
2026-04-30 14:35:00,2.6918,2.6923,2.6903,2.6913,2.6968,2.6973,2.6953,2.6963,24
2026-04-30 14:36:00,2.6918,2.6993,2.6903,2.6953,2.6968,2.7043,2.6953,2.7003,40
2026-04-30 14:37:00,2.6963,2.6973,2.6943,2.6963,2.7013,2.7023,2.6993,2.7013,14
2026-04-30 14:38:00,2.6968,2.6993,2.6953,2.6958,2.7018,2.7043,2.7003,2.7008,18
2026-04-30 14:39:00,2.6968,2.6983,2.6953,2.6983,2.7018,2.7033,2.7003,2.7033,14
2026-04-30 14:40:00,2.6988,2.7073,2.6988,2.7073,2.7038,2.7123,2.7038,2.7123,21
2026-04-30 14:41:00,2.7083,2.7083,2.7053,2.7083,2.7133,2.7133,2.7103,2.7133,16
2026-04-30 14:42:00,2.7078,2.7078,2.6993,2.7003,2.7128,2.7128,2.7043,2.7053,31
2026-04-30 14:43:00,2.6993,2.7028,2.6993,2.7023,2.7043,2.7078,2.7043,2.7073,22
2026-04-30 14:44:00,2.7033,2.7103,2.7033,2.7088,2.7083,2.7153,2.7083,2.7138,39
2026-04-30 14:45:00,2.7083,2.7138,2.7073,2.7118,2.7133,2.7188,2.7123,2.7168,22
2026-04-30 14:46:00,2.7128,2.7133,2.7103,2.7123,2.7178,2.7183,2.7153,2.7173,15
2026-04-30 14:47:00,2.7118,2.7158,2.7093,2.7158,2.7168,2.7208,2.7143,2.7208,31
2026-04-30 14:48:00,2.7148,2.7283,2.7138,2.7268,2.7198,2.7333,2.7188,2.7318,95
2026-04-30 14:49:00,2.7263,2.7273,2.7213,2.7263,2.7313,2.7323,2.7263,2.7313,41
2026-04-30 14:50:00,2.7268,2.7343,2.7268,2.7313,2.7318,2.7393,2.7318,2.7363,59
2026-04-30 14:51:00,2.7318,2.7323,2.7283,2.7303,2.7368,2.7373,2.7333,2.7353,51
2026-04-30 14:52:00,2.7313,2.7328,2.7283,2.7298,2.7363,2.7378,2.7333,2.7348,36
2026-04-30 14:53:00,2.7293,2.7343,2.7293,2.7333,2.7343,2.7393,2.7343,2.7383,46
2026-04-30 14:54:00,2.7343,2.7363,2.7323,2.7358,2.7393,2.7413,2.7373,2.7408,35
2026-04-30 14:55:00,2.7363,2.7383,2.7343,2.7373,2.7413,2.7433,2.7393,2.7423,25
2026-04-30 14:56:00,2.7363,2.7408,2.7353,2.7408,2.7413,2.7458,2.7403,2.7458,47
2026-04-30 14:57:00,2.7398,2.7423,2.7368,2.7423,2.7448,2.7473,2.7418,2.7473,35
2026-04-30 14:58:00,2.7428,2.7453,2.7393,2.7433,2.7478,2.7503,2.7443,2.7483,45
2026-04-30 14:59:00,2.7428,2.7453,2.7423,2.7443,2.7478,2.7503,2.7473,2.7493,16
2026-04-30 15:00:00,2.7433,2.7453,2.7363,2.7363,2.7483,2.7503,2.7413,2.7413,73
2026-04-30 15:01:00,2.7358,2.7363,2.7323,2.7353,2.7408,2.7413,2.7373,2.7403,41
2026-04-30 15:02:00,2.7363,2.7423,2.7353,2.7403,2.7413,2.7473,2.7403,2.7453,34
2026-04-30 15:03:00,2.7413,2.7413,2.7313,2.7323,2.7463,2.7463,2.7363,2.7373,41
2026-04-30 15:04:00,2.7313,2.7313,2.7243,2.7273,2.7363,2.7363,2.7293,2.7323,49
2026-04-30 15:05:00,2.7268,2.7293,2.7253,2.7273,2.7318,2.7343,2.7303,2.7323,45
2026-04-30 15:06:00,2.7283,2.7283,2.7223,2.7233,2.7333,2.7333,2.7273,2.7283,27
2026-04-30 15:07:00,2.7243,2.7263,2.7158,2.7173,2.7293,2.7313,2.7208,2.7223,48
2026-04-30 15:08:00,2.7163,2.7188,2.7143,2.7178,2.7213,2.7238,2.7193,2.7228,37
2026-04-30 15:09:00,2.7183,2.7193,2.7103,2.7113,2.7233,2.7243,2.7153,2.7163,27
2026-04-30 15:10:00,2.7103,2.7153,2.7103,2.7133,2.7153,2.7203,2.7153,2.7183,32
2026-04-30 15:11:00,2.7128,2.7133,2.7083,2.7083,2.7178,2.7183,2.7133,2.7133,44
2026-04-30 15:12:00,2.7088,2.7123,2.7073,2.7123,2.7138,2.7173,2.7123,2.7173,31
2026-04-30 15:13:00,2.7118,2.7118,2.7073,2.7083,2.7168,2.7168,2.7123,2.7133,25
2026-04-30 15:14:00,2.7088,2.7103,2.7073,2.7083,2.7138,2.7153,2.7123,2.7133,19
2026-04-30 15:15:00,2.7088,2.7093,2.7053,2.7063,2.7138,2.7143,2.7103,2.7113,28
2026-04-30 15:16:00,2.7058,2.7103,2.7033,2.7103,2.7108,2.7153,2.7083,2.7153,32
2026-04-30 15:17:00,2.7113,2.7113,2.7088,2.7093,2.7163,2.7163,2.7138,2.7143,17
2026-04-30 15:18:00,2.7103,2.7123,2.7093,2.7123,2.7153,2.7173,2.7143,2.7173,14
2026-04-30 15:19:00,2.7113,2.7153,2.7113,2.7153,2.7163,2.7203,2.7163,2.7203,10
2026-04-30 15:20:00,2.7158,2.7213,2.7158,2.7183,2.7208,2.7263,2.7208,2.7233,40
2026-04-30 15:21:00,2.7173,2.7223,2.7168,2.7213,2.7223,2.7273,2.7218,2.7263,27
2026-04-30 15:22:00,2.7208,2.7248,2.7203,2.7238,2.7258,2.7298,2.7253,2.7288,46
2026-04-30 15:23:00,2.7243,2.7243,2.7228,2.7228,2.7293,2.7293,2.7278,2.7278,20
2026-04-30 15:24:00,2.7223,2.7243,2.7213,2.7233,2.7273,2.7293,2.7263,2.7283,26
2026-04-30 15:25:00,2.7243,2.7243,2.7168,2.7173,2.7293,2.7293,2.7218,2.7223,26
2026-04-30 15:26:00,2.7163,2.7233,2.7163,2.7233,2.7213,2.7283,2.7213,2.7283,14
2026-04-30 15:27:00,2.7223,2.7228,2.7203,2.7223,2.7273,2.7278,2.7253,2.7273,28
2026-04-30 15:28:00,2.7233,2.7233,2.7213,2.7233,2.7283,2.7283,2.7263,2.7283,24
2026-04-30 15:29:00,2.7228,2.7273,2.7223,2.7263,2.7278,2.7323,2.7273,2.7313,36
2026-04-30 15:30:00,2.7258,2.7258,2.7233,2.7243,2.7308,2.7308,2.7283,2.7293,26
2026-04-30 15:31:00,2.7248,2.7333,2.7248,2.7333,2.7298,2.7383,2.7298,2.7383,12
2026-04-30 15:32:00,2.7323,2.7323,2.7273,2.7293,2.7373,2.7373,2.7323,2.7343,23
2026-04-30 15:33:00,2.7298,2.7313,2.7283,2.7293,2.7348,2.7363,2.7333,2.7343,29
2026-04-30 15:34:00,2.7298,2.7313,2.7293,2.7313,2.7348,2.7363,2.7343,2.7363,19
2026-04-30 15:35:00,2.7318,2.7323,2.7278,2.7298,2.7368,2.7373,2.7328,2.7348,20
2026-04-30 15:36:00,2.7293,2.7323,2.7288,2.7313,2.7343,2.7373,2.7338,2.7363,26
2026-04-30 15:37:00,2.7308,2.7353,2.7308,2.7313,2.7358,2.7403,2.7358,2.7363,24
2026-04-30 15:38:00,2.7308,2.7308,2.7293,2.7293,2.7358,2.7358,2.7343,2.7343,8
2026-04-30 15:39:00,2.7298,2.7303,2.7283,2.7293,2.7348,2.7353,2.7333,2.7343,21
2026-04-30 15:40:00,2.7303,2.7313,2.7293,2.7303,2.7353,2.7363,2.7343,2.7353,7
2026-04-30 15:41:00,2.7308,2.7313,2.7283,2.7313,2.7358,2.7363,2.7333,2.7363,15
2026-04-30 15:42:00,2.7323,2.7358,2.7303,2.7358,2.7373,2.7408,2.7353,2.7408,15
2026-04-30 15:43:00,2.7373,2.7373,2.7343,2.7363,2.7423,2.7423,2.7393,2.7413,17
2026-04-30 15:44:00,2.7358,2.7373,2.7353,2.7363,2.7408,2.7423,2.7403,2.7413,14
2026-04-30 15:45:00,2.7353,2.7373,2.7353,2.7363,2.7403,2.7423,2.7403,2.7413,21
2026-04-30 15:46:00,2.7358,2.7373,2.7323,2.7373,2.7408,2.7423,2.7373,2.7423,30
2026-04-30 15:47:00,2.7383,2.7383,2.7363,2.7363,2.7433,2.7433,2.7413,2.7413,5
2026-04-30 15:48:00,2.7373,2.7373,2.7348,2.7363,2.7423,2.7423,2.7398,2.7413,12
2026-04-30 15:49:00,2.7373,2.7403,2.7363,2.7403,2.7423,2.7453,2.7413,2.7453,20
2026-04-30 15:50:00,2.7398,2.7403,2.7393,2.7403,2.7448,2.7453,2.7443,2.7453,10
2026-04-30 15:51:00,2.7413,2.7413,2.7383,2.7408,2.7463,2.7463,2.7433,2.7458,27
2026-04-30 15:52:00,2.7418,2.7433,2.7413,2.7423,2.7468,2.7483,2.7463,2.7473,13
2026-04-30 15:53:00,2.7413,2.7423,2.7393,2.7403,2.7463,2.7473,2.7443,2.7453,10
2026-04-30 15:54:00,2.7398,2.7433,2.7398,2.7433,2.7448,2.7483,2.7448,2.7483,20
2026-04-30 15:55:00,2.7438,2.7463,2.7433,2.7433,2.7488,2.7513,2.7483,2.7483,24
2026-04-30 15:56:00,2.7428,2.7463,2.7428,2.7463,2.7478,2.7513,2.7478,2.7513,10
2026-04-30 15:57:00,2.7453,2.7493,2.7443,2.7483,2.7503,2.7543,2.7493,2.7533,13
2026-04-30 15:58:00,2.7493,2.7503,2.7473,2.7488,2.7543,2.7553,2.7523,2.7538,13
2026-04-30 15:59:00,2.7503,2.7523,2.7453,2.7473,2.7553,2.7573,2.7503,2.7523,29
2026-04-30 16:00:00,2.7463,2.7473,2.7438,2.7438,2.7513,2.7523,2.7488,2.7488,22
2026-04-30 16:01:00,2.7433,2.7463,2.7433,2.7463,2.7483,2.7513,2.7483,2.7513,30
2026-04-30 16:02:00,2.7458,2.7463,2.7433,2.7453,2.7508,2.7513,2.7483,2.7503,12
2026-04-30 16:03:00,2.7458,2.7463,2.7433,2.7433,2.7508,2.7513,2.7483,2.7483,11
2026-04-30 16:04:00,2.7443,2.7463,2.7443,2.7453,2.7493,2.7513,2.7493,2.7503,17
2026-04-30 16:05:00,2.7448,2.7458,2.7413,2.7413,2.7498,2.7508,2.7463,2.7463,18
2026-04-30 16:06:00,2.7403,2.7463,2.7403,2.7453,2.7453,2.7513,2.7453,2.7503,28
2026-04-30 16:07:00,2.7463,2.7483,2.7453,2.7473,2.7513,2.7533,2.7503,2.7523,23
2026-04-30 16:08:00,2.7483,2.7523,2.7473,2.7513,2.7533,2.7573,2.7523,2.7563,12
2026-04-30 16:09:00,2.7518,2.7533,2.7513,2.7533,2.7568,2.7583,2.7563,2.7583,35
2026-04-30 16:10:00,2.7543,2.7543,2.7508,2.7508,2.7593,2.7593,2.7558,2.7558,26
2026-04-30 16:11:00,2.7513,2.7523,2.7478,2.7503,2.7563,2.7573,2.7528,2.7553,30
2026-04-30 16:12:00,2.7493,2.7513,2.7463,2.7463,2.7543,2.7563,2.7513,2.7513,43
2026-04-30 16:13:00,2.7458,2.7463,2.7428,2.7428,2.7508,2.7513,2.7478,2.7478,34
2026-04-30 16:14:00,2.7433,2.7453,2.7433,2.7448,2.7483,2.7503,2.7483,2.7498,9
2026-04-30 16:15:00,2.7443,2.7463,2.7423,2.7433,2.7493,2.7513,2.7473,2.7483,42
2026-04-30 16:16:00,2.7438,2.7498,2.7433,2.7493,2.7488,2.7548,2.7483,2.7543,25
2026-04-30 16:17:00,2.7498,2.7543,2.7493,2.7543,2.7548,2.7593,2.7543,2.7593,30
2026-04-30 16:18:00,2.7538,2.7543,2.7503,2.7523,2.7588,2.7593,2.7553,2.7573,26
2026-04-30 16:19:00,2.7528,2.7543,2.7523,2.7533,2.7578,2.7593,2.7573,2.7583,23
2026-04-30 16:20:00,2.7528,2.7553,2.7513,2.7543,2.7578,2.7603,2.7563,2.7593,22
2026-04-30 16:21:00,2.7538,2.7543,2.7508,2.7533,2.7588,2.7593,2.7558,2.7583,23
2026-04-30 16:22:00,2.7543,2.7553,2.7503,2.7508,2.7593,2.7603,2.7553,2.7558,29
2026-04-30 16:23:00,2.7503,2.7553,2.7503,2.7553,2.7553,2.7603,2.7553,2.7603,19
2026-04-30 16:24:00,2.7563,2.7643,2.7558,2.7633,2.7613,2.7693,2.7608,2.7683,52
2026-04-30 16:25:00,2.7638,2.7663,2.7588,2.7593,2.7688,2.7713,2.7638,2.7643,49
2026-04-30 16:26:00,2.7588,2.7603,2.7543,2.7543,2.7638,2.7653,2.7593,2.7593,52
2026-04-30 16:27:00,2.7553,2.7563,2.7513,2.7513,2.7603,2.7613,2.7563,2.7563,40
2026-04-30 16:28:00,2.7523,2.7533,2.7503,2.7513,2.7573,2.7583,2.7553,2.7563,34
2026-04-30 16:29:00,2.7523,2.7563,2.7493,2.7553,2.7573,2.7613,2.7543,2.7603,35
2026-04-30 16:30:00,2.7558,2.7828,2.7548,2.7813,2.7608,2.7878,2.7598,2.7863,286
2026-04-30 16:31:00,2.7803,2.7828,2.7753,2.7768,2.7853,2.7878,2.7803,2.7818,116
2026-04-30 16:32:00,2.7758,2.7773,2.7723,2.7723,2.7808,2.7823,2.7773,2.7773,47
2026-04-30 16:33:00,2.7733,2.7753,2.7653,2.7683,2.7783,2.7803,2.7703,2.7733,69
2026-04-30 16:34:00,2.7668,2.7723,2.7653,2.7663,2.7718,2.7773,2.7703,2.7713,39
2026-04-30 16:35:00,2.7658,2.7723,2.7653,2.7703,2.7708,2.7773,2.7703,2.7753,40
2026-04-30 16:36:00,2.7713,2.7753,2.7693,2.7753,2.7763,2.7803,2.7743,2.7803,40
2026-04-30 16:37:00,2.7748,2.7783,2.7743,2.7783,2.7798,2.7833,2.7793,2.7833,50
2026-04-30 16:38:00,2.7788,2.7793,2.7773,2.7793,2.7838,2.7843,2.7823,2.7843,66
2026-04-30 16:39:00,2.7788,2.7793,2.7743,2.7763,2.7838,2.7843,2.7793,2.7813,46
2026-04-30 16:40:00,2.7768,2.7783,2.7743,2.7773,2.7818,2.7833,2.7793,2.7823,46
2026-04-30 16:41:00,2.7778,2.7793,2.7763,2.7778,2.7828,2.7843,2.7813,2.7828,40
2026-04-30 16:42:00,2.7763,2.7813,2.7743,2.7813,2.7813,2.7863,2.7793,2.7863,22
2026-04-30 16:43:00,2.7823,2.7823,2.7753,2.7753,2.7873,2.7873,2.7803,2.7803,22
2026-04-30 16:44:00,2.7758,2.7763,2.7733,2.7753,2.7808,2.7813,2.7783,2.7803,11
2026-04-30 16:45:00,2.7743,2.7758,2.7723,2.7743,2.7793,2.7808,2.7773,2.7793,17
2026-04-30 16:46:00,2.7738,2.7738,2.7668,2.7693,2.7788,2.7788,2.7718,2.7743,19
2026-04-30 16:47:00,2.7703,2.7743,2.7703,2.7728,2.7753,2.7793,2.7753,2.7778,23
2026-04-30 16:48:00,2.7713,2.7733,2.7713,2.7723,2.7763,2.7783,2.7763,2.7773,21
2026-04-30 16:49:00,2.7728,2.7743,2.7708,2.7733,2.7778,2.7793,2.7758,2.7783,22
2026-04-30 16:50:00,2.7728,2.7733,2.7713,2.7713,2.7778,2.7783,2.7763,2.7763,19
2026-04-30 16:51:00,2.7693,2.7693,2.7663,2.7663,2.7743,2.7743,2.7713,2.7713,29
2026-04-30 16:52:00,2.7673,2.7703,2.7663,2.7668,2.7723,2.7753,2.7713,2.7718,36
2026-04-30 16:53:00,2.7673,2.7683,2.7653,2.7663,2.7723,2.7733,2.7703,2.7713,19
2026-04-30 16:54:00,2.7668,2.7673,2.7663,2.7663,2.7718,2.7723,2.7713,2.7713,13
2026-04-30 16:55:00,2.7673,2.7673,2.7653,2.7668,2.7723,2.7723,2.7703,2.7718,15
2026-04-30 16:56:00,2.7653,2.7653,2.7603,2.7623,2.7703,2.7703,2.7653,2.7673,31
2026-04-30 16:57:00,2.7603,2.7623,2.7593,2.7623,2.7653,2.7673,2.7643,2.7673,11
2026-04-30 16:58:00,2.7633,2.7633,2.7593,2.7593,2.7683,2.7683,2.7643,2.7643,18
2026-04-30 16:59:00,2.7588,2.7598,2.7563,2.7598,2.7638,2.7648,2.7613,2.7648,36
2026-04-30 17:00:00,2.7583,2.7623,2.7553,2.7593,2.7633,2.7673,2.7603,2.7643,33
2026-04-30 17:01:00,2.7603,2.7613,2.7573,2.7583,2.7653,2.7663,2.7623,2.7633,22
2026-04-30 17:02:00,2.7588,2.7613,2.7588,2.7593,2.7638,2.7663,2.7638,2.7643,22
2026-04-30 17:03:00,2.7603,2.7613,2.7593,2.7593,2.7653,2.7663,2.7643,2.7643,10
2026-04-30 17:04:00,2.7583,2.7593,2.7573,2.7573,2.7633,2.7643,2.7623,2.7623,15
2026-04-30 17:05:00,2.7578,2.7593,2.7573,2.7583,2.7628,2.7643,2.7623,2.7633,18
2026-04-30 17:06:00,2.7573,2.7633,2.7573,2.7633,2.7623,2.7683,2.7623,2.7683,20
2026-04-30 17:07:00,2.7628,2.7633,2.7563,2.7568,2.7678,2.7683,2.7613,2.7618,46
2026-04-30 17:08:00,2.7583,2.7623,2.7583,2.7613,2.7633,2.7673,2.7633,2.7663,39
2026-04-30 17:09:00,2.7618,2.7628,2.7603,2.7613,2.7668,2.7678,2.7653,2.7663,33
2026-04-30 17:10:00,2.7608,2.7633,2.7603,2.7633,2.7658,2.7683,2.7653,2.7683,38
2026-04-30 17:11:00,2.7628,2.7663,2.7623,2.7663,2.7678,2.7713,2.7673,2.7713,30
2026-04-30 17:12:00,2.7673,2.7673,2.7648,2.7673,2.7723,2.7723,2.7698,2.7723,26
2026-04-30 17:13:00,2.7713,2.7723,2.7698,2.7703,2.7763,2.7773,2.7748,2.7753,10
2026-04-30 17:14:00,2.7713,2.7743,2.7713,2.7723,2.7763,2.7793,2.7763,2.7773,29
2026-04-30 17:15:00,2.7728,2.7743,2.7703,2.7728,2.7778,2.7793,2.7753,2.7778,21
2026-04-30 17:16:00,2.7723,2.7783,2.7723,2.7773,2.7773,2.7833,2.7773,2.7823,19
2026-04-30 17:17:00,2.7783,2.7793,2.7733,2.7743,2.7833,2.7843,2.7783,2.7793,21
2026-04-30 17:18:00,2.7733,2.7733,2.7713,2.7713,2.7783,2.7783,2.7763,2.7763,17
2026-04-30 17:19:00,2.7723,2.7723,2.7683,2.7698,2.7773,2.7773,2.7733,2.7748,18
2026-04-30 17:20:00,2.7693,2.7713,2.7693,2.7703,2.7743,2.7763,2.7743,2.7753,17
2026-04-30 17:21:00,2.7708,2.7733,2.7703,2.7728,2.7758,2.7783,2.7753,2.7778,6
2026-04-30 17:22:00,2.7723,2.7763,2.7723,2.7743,2.7773,2.7813,2.7773,2.7793,14
2026-04-30 17:23:00,2.7758,2.7763,2.7743,2.7743,2.7808,2.7813,2.7793,2.7793,19
2026-04-30 17:24:00,2.7748,2.7753,2.7743,2.7748,2.7798,2.7803,2.7793,2.7798,18
2026-04-30 17:25:00,2.7743,2.7763,2.7743,2.7753,2.7793,2.7813,2.7793,2.7803,10
2026-04-30 17:26:00,2.7748,2.7773,2.7743,2.7773,2.7798,2.7823,2.7793,2.7823,19
2026-04-30 17:27:00,2.7783,2.7788,2.7718,2.7718,2.7833,2.7838,2.7768,2.7768,25
2026-04-30 17:28:00,2.7713,2.7723,2.7703,2.7723,2.7763,2.7773,2.7753,2.7773,16
2026-04-30 17:29:00,2.7718,2.7733,2.7683,2.7703,2.7768,2.7783,2.7733,2.7753,25
2026-04-30 17:30:00,2.7713,2.7713,2.7633,2.7638,2.7763,2.7763,2.7683,2.7688,22
2026-04-30 17:31:00,2.7628,2.7643,2.7583,2.7643,2.7678,2.7693,2.7633,2.7693,27
2026-04-30 17:32:00,2.7638,2.7683,2.7638,2.7673,2.7688,2.7733,2.7688,2.7723,19
2026-04-30 17:33:00,2.7668,2.7668,2.7643,2.7653,2.7718,2.7718,2.7693,2.7703,16
2026-04-30 17:34:00,2.7648,2.7673,2.7643,2.7663,2.7698,2.7723,2.7693,2.7713,18
2026-04-30 17:35:00,2.7673,2.7683,2.7673,2.7683,2.7723,2.7733,2.7723,2.7733,15
2026-04-30 17:36:00,2.7688,2.7698,2.7683,2.7683,2.7738,2.7748,2.7733,2.7733,14
2026-04-30 17:37:00,2.7678,2.7693,2.7673,2.7683,2.7728,2.7743,2.7723,2.7733,14
2026-04-30 17:38:00,2.7673,2.7683,2.7653,2.7663,2.7723,2.7733,2.7703,2.7713,14
2026-04-30 17:39:00,2.7673,2.7673,2.7663,2.7673,2.7723,2.7723,2.7713,2.7723,9
2026-04-30 17:40:00,2.7663,2.7703,2.7663,2.7683,2.7713,2.7753,2.7713,2.7733,13
2026-04-30 17:41:00,2.7688,2.7688,2.7673,2.7673,2.7738,2.7738,2.7723,2.7723,9
2026-04-30 17:42:00,2.7678,2.7683,2.7663,2.7673,2.7728,2.7733,2.7713,2.7723,6
2026-04-30 17:43:00,2.7668,2.7668,2.7653,2.7663,2.7718,2.7718,2.7703,2.7713,5
2026-04-30 17:44:00,2.7668,2.7668,2.7653,2.7658,2.7718,2.7718,2.7703,2.7708,5
2026-04-30 17:45:00,2.7663,2.7683,2.7653,2.7673,2.7713,2.7733,2.7703,2.7723,16
2026-04-30 17:46:00,2.7683,2.7713,2.7683,2.7703,2.7733,2.7763,2.7733,2.7753,16
2026-04-30 17:47:00,2.7713,2.7728,2.7703,2.7723,2.7763,2.7778,2.7753,2.7773,9
2026-04-30 17:48:00,2.7733,2.7733,2.7713,2.7723,2.7783,2.7783,2.7763,2.7773,11
2026-04-30 17:49:00,2.7728,2.7733,2.7713,2.7723,2.7778,2.7783,2.7763,2.7773,11
2026-04-30 17:50:00,2.7713,2.7733,2.7703,2.7713,2.7763,2.7783,2.7753,2.7763,16
2026-04-30 17:51:00,2.7723,2.7753,2.7703,2.7743,2.7773,2.7803,2.7753,2.7793,21
2026-04-30 17:52:00,2.7748,2.7753,2.7733,2.7733,2.7798,2.7803,2.7783,2.7783,8
2026-04-30 17:53:00,2.7738,2.7743,2.7733,2.7738,2.7788,2.7793,2.7783,2.7788,10
2026-04-30 17:54:00,2.7733,2.7743,2.7733,2.7733,2.7783,2.7793,2.7783,2.7783,10
2026-04-30 17:55:00,2.7728,2.7728,2.7723,2.7723,2.7778,2.7778,2.7773,2.7773,2
2026-04-30 17:56:00,2.7718,2.7723,2.7713,2.7723,2.7768,2.7773,2.7763,2.7773,6
2026-04-30 17:57:00,2.7713,2.7738,2.7713,2.7733,2.7763,2.7788,2.7763,2.7783,9
2026-04-30 17:58:00,2.7738,2.7743,2.7733,2.7733,2.7788,2.7793,2.7783,2.7783,9
2026-04-30 17:59:00,2.7743,2.7763,2.7733,2.7763,2.7793,2.7813,2.7783,2.7813,10
2026-04-30 18:00:00,2.7773,2.7783,2.7758,2.7758,2.7823,2.7833,2.7808,2.7808,9
2026-04-30 18:01:00,2.7748,2.7763,2.7748,2.7753,2.7798,2.7813,2.7798,2.7803,4
2026-04-30 18:02:00,2.7758,2.7783,2.7743,2.7743,2.7808,2.7833,2.7793,2.7793,17
2026-04-30 18:03:00,2.7753,2.7763,2.7743,2.7743,2.7803,2.7813,2.7793,2.7793,4
2026-04-30 18:04:00,2.7738,2.7738,2.7703,2.7713,2.7788,2.7788,2.7753,2.7763,20
2026-04-30 18:05:00,2.7708,2.7733,2.7703,2.7723,2.7758,2.7783,2.7753,2.7773,19
2026-04-30 18:06:00,2.7728,2.7733,2.7703,2.7733,2.7778,2.7783,2.7753,2.7783,18
2026-04-30 18:07:00,2.7723,2.7733,2.7723,2.7733,2.7773,2.7783,2.7773,2.7783,3
2026-04-30 18:08:00,2.7743,2.7783,2.7733,2.7773,2.7793,2.7833,2.7783,2.7823,19
2026-04-30 18:09:00,2.7778,2.7803,2.7773,2.7793,2.7828,2.7853,2.7823,2.7843,20
2026-04-30 18:10:00,2.7798,2.7908,2.7793,2.7908,2.7848,2.7958,2.7843,2.7958,51
2026-04-30 18:11:00,2.7893,2.7933,2.7893,2.7923,2.7943,2.7983,2.7943,2.7973,27
2026-04-30 18:12:00,2.7918,2.7933,2.7903,2.7923,2.7968,2.7983,2.7953,2.7973,28
2026-04-30 18:13:00,2.7928,2.7933,2.7903,2.7923,2.7978,2.7983,2.7953,2.7973,16
2026-04-30 18:14:00,2.7918,2.7918,2.7893,2.7903,2.7968,2.7968,2.7943,2.7953,16
2026-04-30 18:15:00,2.7908,2.7933,2.7908,2.7923,2.7958,2.7983,2.7958,2.7973,10
2026-04-30 18:16:00,2.7933,2.7933,2.7888,2.7913,2.7983,2.7983,2.7938,2.7963,22
2026-04-30 18:17:00,2.7918,2.7923,2.7878,2.7883,2.7968,2.7973,2.7928,2.7933,13
2026-04-30 18:18:00,2.7893,2.7893,2.7883,2.7893,2.7943,2.7943,2.7933,2.7943,6
2026-04-30 18:19:00,2.7888,2.7893,2.7868,2.7878,2.7938,2.7943,2.7918,2.7928,11
2026-04-30 18:20:00,2.7883,2.7908,2.7878,2.7908,2.7933,2.7958,2.7928,2.7958,14
2026-04-30 18:21:00,2.7913,2.7943,2.7913,2.7943,2.7963,2.7993,2.7963,2.7993,17
2026-04-30 18:22:00,2.7948,2.7993,2.7943,2.7968,2.7998,2.8043,2.7993,2.8018,34
2026-04-30 18:23:00,2.7963,2.8043,2.7963,2.7983,2.8013,2.8093,2.8013,2.8033,49
2026-04-30 18:24:00,2.7988,2.8108,2.7988,2.8103,2.8038,2.8158,2.8038,2.8153,56
2026-04-30 18:25:00,2.8113,2.8143,2.8103,2.8133,2.8163,2.8193,2.8153,2.8183,47
2026-04-30 18:26:00,2.8143,2.8143,2.8103,2.8123,2.8193,2.8193,2.8153,2.8173,23
2026-04-30 18:27:00,2.8113,2.8163,2.8113,2.8123,2.8163,2.8213,2.8163,2.8173,29
2026-04-30 18:28:00,2.8128,2.8153,2.8123,2.8143,2.8178,2.8203,2.8173,2.8193,27
2026-04-30 18:29:00,2.8133,2.8153,2.8113,2.8118,2.8183,2.8203,2.8163,2.8168,38
2026-04-30 18:30:00,2.8113,2.8178,2.8113,2.8143,2.8163,2.8228,2.8163,2.8193,27
2026-04-30 18:31:00,2.8153,2.8343,2.8143,2.8313,2.8203,2.8393,2.8193,2.8363,100
2026-04-30 18:32:00,2.8318,2.8403,2.8318,2.8393,2.8368,2.8453,2.8368,2.8443,77
2026-04-30 18:33:00,2.8398,2.8528,2.8393,2.8523,2.8448,2.8578,2.8443,2.8573,123
2026-04-30 18:34:00,2.8533,2.8563,2.8483,2.8483,2.8583,2.8613,2.8533,2.8533,68
2026-04-30 18:35:00,2.8493,2.8533,2.8483,2.8493,2.8543,2.8583,2.8533,2.8543,68
2026-04-30 18:36:00,2.8498,2.8523,2.8463,2.8473,2.8548,2.8573,2.8513,2.8523,70
2026-04-30 18:37:00,2.8478,2.8603,2.8478,2.8568,2.8528,2.8653,2.8528,2.8618,47
2026-04-30 18:38:00,2.8563,2.8643,2.8563,2.8598,2.8613,2.8693,2.8613,2.8648,64
2026-04-30 18:39:00,2.8583,2.8668,2.8573,2.8633,2.8633,2.8718,2.8623,2.8683,67
2026-04-30 18:40:00,2.8638,2.8733,2.8603,2.8683,2.8688,2.8783,2.8653,2.8733,96
2026-04-30 18:41:00,2.8673,2.8693,2.8653,2.8673,2.8723,2.8743,2.8703,2.8723,33
2026-04-30 18:42:00,2.8678,2.8683,2.8633,2.8633,2.8728,2.8733,2.8683,2.8683,53
2026-04-30 18:43:00,2.8643,2.8663,2.8533,2.8553,2.8693,2.8713,2.8583,2.8603,63
2026-04-30 18:44:00,2.8558,2.8613,2.8503,2.8593,2.8608,2.8663,2.8553,2.8643,77
2026-04-30 18:45:00,2.8598,2.8653,2.8583,2.8583,2.8648,2.8703,2.8633,2.8633,44
2026-04-30 18:46:00,2.8588,2.8603,2.8553,2.8588,2.8638,2.8653,2.8603,2.8638,34
2026-04-30 18:47:00,2.8593,2.8623,2.8573,2.8583,2.8643,2.8673,2.8623,2.8633,32
2026-04-30 18:48:00,2.8593,2.8603,2.8513,2.8538,2.8643,2.8653,2.8563,2.8588,49
2026-04-30 18:49:00,2.8533,2.8553,2.8483,2.8528,2.8583,2.8603,2.8533,2.8578,42
2026-04-30 18:50:00,2.8533,2.8573,2.8518,2.8548,2.8583,2.8623,2.8568,2.8598,21
2026-04-30 18:51:00,2.8553,2.8598,2.8533,2.8563,2.8603,2.8648,2.8583,2.8613,59
2026-04-30 18:52:00,2.8568,2.8583,2.8553,2.8578,2.8618,2.8633,2.8603,2.8628,42
2026-04-30 18:53:00,2.8583,2.8593,2.8553,2.8553,2.8633,2.8643,2.8603,2.8603,27
2026-04-30 18:54:00,2.8563,2.8603,2.8553,2.8563,2.8613,2.8653,2.8603,2.8613,38
2026-04-30 18:55:00,2.8558,2.8558,2.8473,2.8483,2.8608,2.8608,2.8523,2.8533,37
2026-04-30 18:56:00,2.8478,2.8483,2.8363,2.8363,2.8528,2.8533,2.8413,2.8413,60
2026-04-30 18:57:00,2.8368,2.8368,2.8323,2.8333,2.8418,2.8418,2.8373,2.8383,41
2026-04-30 18:58:00,2.8328,2.8343,2.8273,2.8288,2.8378,2.8393,2.8323,2.8338,33
2026-04-30 18:59:00,2.8293,2.8338,2.8293,2.8303,2.8343,2.8388,2.8343,2.8353,31
2026-04-30 19:00:00,2.8313,2.8353,2.8273,2.8313,2.8363,2.8403,2.8323,2.8363,60
2026-04-30 19:01:00,2.8318,2.8353,2.8273,2.8303,2.8368,2.8403,2.8323,2.8353,42
2026-04-30 19:02:00,2.8308,2.8323,2.8293,2.8293,2.8358,2.8373,2.8343,2.8343,23
2026-04-30 19:03:00,2.8303,2.8328,2.8303,2.8303,2.8353,2.8378,2.8353,2.8353,14
2026-04-30 19:04:00,2.8298,2.8303,2.8253,2.8273,2.8348,2.8353,2.8303,2.8323,34
2026-04-30 19:05:00,2.8283,2.8293,2.8233,2.8258,2.8333,2.8343,2.8283,2.8308,35
2026-04-30 19:06:00,2.8263,2.8283,2.8258,2.8273,2.8313,2.8333,2.8308,2.8323,21
2026-04-30 19:07:00,2.8278,2.8313,2.8273,2.8283,2.8328,2.8363,2.8323,2.8333,21
2026-04-30 19:08:00,2.8278,2.8363,2.8278,2.8363,2.8328,2.8413,2.8328,2.8413,46
2026-04-30 19:09:00,2.8358,2.8383,2.8353,2.8373,2.8408,2.8433,2.8403,2.8423,31
2026-04-30 19:10:00,2.8378,2.8403,2.8363,2.8363,2.8428,2.8453,2.8413,2.8413,27
2026-04-30 19:11:00,2.8368,2.8398,2.8358,2.8358,2.8418,2.8448,2.8408,2.8408,22
2026-04-30 19:12:00,2.8363,2.8363,2.8343,2.8343,2.8413,2.8413,2.8393,2.8393,16
2026-04-30 19:13:00,2.8353,2.8353,2.8328,2.8343,2.8403,2.8403,2.8378,2.8393,19
2026-04-30 19:14:00,2.8333,2.8353,2.8333,2.8338,2.8383,2.8403,2.8383,2.8388,8
2026-04-30 19:15:00,2.8343,2.8353,2.8323,2.8333,2.8393,2.8403,2.8373,2.8383,28
2026-04-30 19:16:00,2.8343,2.8353,2.8333,2.8333,2.8393,2.8403,2.8383,2.8383,21
2026-04-30 19:17:00,2.8338,2.8393,2.8313,2.8383,2.8388,2.8443,2.8363,2.8433,23
2026-04-30 19:18:00,2.8393,2.8393,2.8363,2.8383,2.8443,2.8443,2.8413,2.8433,16
2026-04-30 19:19:00,2.8388,2.8393,2.8348,2.8348,2.8438,2.8443,2.8398,2.8398,17
2026-04-30 19:20:00,2.8343,2.8343,2.8323,2.8343,2.8393,2.8393,2.8373,2.8393,24
2026-04-30 19:21:00,2.8348,2.8363,2.8343,2.8353,2.8398,2.8413,2.8393,2.8403,9
2026-04-30 19:22:00,2.8358,2.8423,2.8353,2.8418,2.8408,2.8473,2.8403,2.8468,18
2026-04-30 19:23:00,2.8423,2.8453,2.8418,2.8433,2.8473,2.8503,2.8468,2.8483,26
2026-04-30 19:24:00,2.8428,2.8428,2.8383,2.8423,2.8478,2.8478,2.8433,2.8473,20
2026-04-30 19:25:00,2.8428,2.8443,2.8403,2.8413,2.8478,2.8493,2.8453,2.8463,28
2026-04-30 19:26:00,2.8403,2.8413,2.8383,2.8393,2.8453,2.8463,2.8433,2.8443,17
2026-04-30 19:27:00,2.8403,2.8403,2.8373,2.8383,2.8453,2.8453,2.8423,2.8433,10
2026-04-30 19:28:00,2.8388,2.8393,2.8383,2.8383,2.8438,2.8443,2.8433,2.8433,17
2026-04-30 19:29:00,2.8393,2.8393,2.8363,2.8368,2.8443,2.8443,2.8413,2.8418,8
2026-04-30 19:30:00,2.8363,2.8363,2.8233,2.8268,2.8413,2.8413,2.8283,2.8318,63
2026-04-30 19:31:00,2.8263,2.8318,2.8243,2.8318,2.8313,2.8368,2.8293,2.8368,61
2026-04-30 19:32:00,2.8323,2.8333,2.8323,2.8333,2.8373,2.8383,2.8373,2.8383,21
2026-04-30 19:33:00,2.8343,2.8353,2.8333,2.8343,2.8393,2.8403,2.8383,2.8393,14
2026-04-30 19:34:00,2.8353,2.8353,2.8323,2.8323,2.8403,2.8403,2.8373,2.8373,12
2026-04-30 19:35:00,2.8328,2.8333,2.8293,2.8293,2.8378,2.8383,2.8343,2.8343,32
2026-04-30 19:36:00,2.8288,2.8308,2.8283,2.8303,2.8338,2.8358,2.8333,2.8353,9
2026-04-30 19:37:00,2.8308,2.8313,2.8293,2.8313,2.8358,2.8363,2.8343,2.8363,14
2026-04-30 19:38:00,2.8298,2.8303,2.8293,2.8303,2.8348,2.8353,2.8343,2.8353,14
2026-04-30 19:39:00,2.8298,2.8333,2.8293,2.8323,2.8348,2.8383,2.8343,2.8373,14
2026-04-30 19:40:00,2.8328,2.8393,2.8323,2.8393,2.8378,2.8443,2.8373,2.8443,33
2026-04-30 19:41:00,2.8388,2.8398,2.8363,2.8398,2.8438,2.8448,2.8413,2.8448,12
2026-04-30 19:42:00,2.8388,2.8443,2.8383,2.8433,2.8438,2.8493,2.8433,2.8483,20
2026-04-30 19:43:00,2.8438,2.8443,2.8413,2.8423,2.8488,2.8493,2.8463,2.8473,9
2026-04-30 19:44:00,2.8413,2.8413,2.8373,2.8408,2.8463,2.8463,2.8423,2.8458,19
2026-04-30 19:45:00,2.8413,2.8413,2.8383,2.8403,2.8463,2.8463,2.8433,2.8453,25
2026-04-30 19:46:00,2.8398,2.8423,2.8353,2.8373,2.8448,2.8473,2.8403,2.8423,32
2026-04-30 19:47:00,2.8383,2.8393,2.8368,2.8393,2.8433,2.8443,2.8418,2.8443,15
2026-04-30 19:48:00,2.8383,2.8383,2.8363,2.8373,2.8433,2.8433,2.8413,2.8423,8
2026-04-30 19:49:00,2.8383,2.8393,2.8383,2.8383,2.8433,2.8443,2.8433,2.8433,5
2026-04-30 19:50:00,2.8378,2.8383,2.8373,2.8373,2.8428,2.8433,2.8423,2.8423,18
2026-04-30 19:51:00,2.8383,2.8433,2.8383,2.8423,2.8433,2.8483,2.8433,2.8473,19
2026-04-30 19:52:00,2.8433,2.8443,2.8413,2.8423,2.8483,2.8493,2.8463,2.8473,30
2026-04-30 19:53:00,2.8418,2.8423,2.8403,2.8413,2.8468,2.8473,2.8453,2.8463,9
2026-04-30 19:54:00,2.8423,2.8433,2.8418,2.8423,2.8473,2.8483,2.8468,2.8473,14
2026-04-30 19:55:00,2.8428,2.8433,2.8413,2.8433,2.8478,2.8483,2.8463,2.8483,19
2026-04-30 19:56:00,2.8438,2.8438,2.8413,2.8433,2.8488,2.8488,2.8463,2.8483,10
2026-04-30 19:57:00,2.8428,2.8468,2.8423,2.8453,2.8478,2.8518,2.8473,2.8503,20
2026-04-30 19:58:00,2.8443,2.8483,2.8443,2.8463,2.8493,2.8533,2.8493,2.8513,20
2026-04-30 19:59:00,2.8458,2.8463,2.8433,2.8433,2.8508,2.8513,2.8483,2.8483,10
2026-04-30 20:00:00,2.8428,2.8433,2.8413,2.8433,2.8478,2.8483,2.8463,2.8483,15
2026-04-30 20:01:00,2.8428,2.8463,2.8403,2.8453,2.8478,2.8513,2.8453,2.8503,25
2026-04-30 20:02:00,2.8458,2.8463,2.8423,2.8423,2.8508,2.8513,2.8473,2.8473,21
2026-04-30 20:03:00,2.8428,2.8443,2.8423,2.8443,2.8478,2.8493,2.8473,2.8493,12
2026-04-30 20:04:00,2.8438,2.8443,2.8423,2.8443,2.8488,2.8493,2.8473,2.8493,16
2026-04-30 20:05:00,2.8438,2.8448,2.8423,2.8433,2.8488,2.8498,2.8473,2.8483,15
2026-04-30 20:06:00,2.8423,2.8473,2.8403,2.8473,2.8473,2.8523,2.8453,2.8523,21
2026-04-30 20:07:00,2.8478,2.8493,2.8473,2.8483,2.8528,2.8543,2.8523,2.8533,22
2026-04-30 20:08:00,2.8493,2.8523,2.8473,2.8523,2.8543,2.8573,2.8523,2.8573,18
2026-04-30 20:09:00,2.8518,2.8543,2.8513,2.8528,2.8568,2.8593,2.8563,2.8578,24
2026-04-30 20:10:00,2.8533,2.8553,2.8533,2.8543,2.8583,2.8603,2.8583,2.8593,22
2026-04-30 20:11:00,2.8533,2.8543,2.8513,2.8533,2.8583,2.8593,2.8563,2.8583,14
2026-04-30 20:12:00,2.8523,2.8533,2.8523,2.8523,2.8573,2.8583,2.8573,2.8573,18
2026-04-30 20:13:00,2.8528,2.8543,2.8518,2.8518,2.8578,2.8593,2.8568,2.8568,17
2026-04-30 20:14:00,2.8523,2.8538,2.8523,2.8523,2.8573,2.8588,2.8573,2.8573,11
2026-04-30 20:15:00,2.8513,2.8523,2.8483,2.8483,2.8563,2.8573,2.8533,2.8533,30
2026-04-30 20:16:00,2.8473,2.8493,2.8463,2.8468,2.8523,2.8543,2.8513,2.8518,19
2026-04-30 20:17:00,2.8473,2.8493,2.8463,2.8483,2.8523,2.8543,2.8513,2.8533,21
2026-04-30 20:18:00,2.8473,2.8483,2.8468,2.8473,2.8523,2.8533,2.8518,2.8523,8
2026-04-30 20:19:00,2.8483,2.8503,2.8473,2.8503,2.8533,2.8553,2.8523,2.8553,6
2026-04-30 20:20:00,2.8508,2.8518,2.8463,2.8483,2.8558,2.8568,2.8513,2.8533,18
2026-04-30 20:21:00,2.8488,2.8523,2.8473,2.8493,2.8538,2.8573,2.8523,2.8543,21
2026-04-30 20:22:00,2.8483,2.8493,2.8453,2.8473,2.8533,2.8543,2.8503,2.8523,24
2026-04-30 20:23:00,2.8483,2.8493,2.8473,2.8473,2.8533,2.8543,2.8523,2.8523,13
2026-04-30 20:24:00,2.8463,2.8493,2.8463,2.8483,2.8513,2.8543,2.8513,2.8533,20
2026-04-30 20:25:00,2.8488,2.8553,2.8483,2.8533,2.8538,2.8603,2.8533,2.8583,35
2026-04-30 20:26:00,2.8543,2.8613,2.8533,2.8593,2.8593,2.8663,2.8583,2.8643,51
2026-04-30 20:27:00,2.8598,2.8608,2.8533,2.8563,2.8648,2.8658,2.8583,2.8613,53
2026-04-30 20:28:00,2.8568,2.8573,2.8423,2.8423,2.8618,2.8623,2.8473,2.8473,81
2026-04-30 20:29:00,2.8413,2.8453,2.8403,2.8438,2.8463,2.8503,2.8453,2.8488,33
2026-04-30 20:30:00,2.8433,2.8448,2.8433,2.8448,2.8483,2.8498,2.8483,2.8498,17
2026-04-30 20:31:00,2.8453,2.8453,2.8403,2.8403,2.8503,2.8503,2.8453,2.8453,28
2026-04-30 20:32:00,2.8413,2.8423,2.8383,2.8418,2.8463,2.8473,2.8433,2.8468,18
2026-04-30 20:33:00,2.8423,2.8433,2.8423,2.8433,2.8473,2.8483,2.8473,2.8483,14
2026-04-30 20:34:00,2.8443,2.8463,2.8443,2.8463,2.8493,2.8513,2.8493,2.8513,10
2026-04-30 20:35:00,2.8453,2.8463,2.8453,2.8453,2.8503,2.8513,2.8503,2.8503,3
2026-04-30 20:36:00,2.8458,2.8463,2.8423,2.8438,2.8508,2.8513,2.8473,2.8488,18
2026-04-30 20:37:00,2.8443,2.8478,2.8443,2.8463,2.8493,2.8528,2.8493,2.8513,12
2026-04-30 20:38:00,2.8473,2.8493,2.8473,2.8493,2.8523,2.8543,2.8523,2.8543,5
2026-04-30 20:39:00,2.8498,2.8513,2.8493,2.8513,2.8548,2.8563,2.8543,2.8563,8
2026-04-30 20:40:00,2.8523,2.8523,2.8503,2.8513,2.8573,2.8573,2.8553,2.8563,5
2026-04-30 20:41:00,2.8518,2.8523,2.8513,2.8523,2.8568,2.8573,2.8563,2.8573,6
2026-04-30 20:42:00,2.8513,2.8533,2.8513,2.8533,2.8563,2.8583,2.8563,2.8583,5
2026-04-30 20:43:00,2.8528,2.8528,2.8513,2.8523,2.8578,2.8578,2.8563,2.8573,8
2026-04-30 20:44:00,2.8513,2.8523,2.8513,2.8518,2.8563,2.8573,2.8563,2.8568,9
2026-04-30 20:45:00,2.8523,2.8523,2.8503,2.8503,2.8573,2.8573,2.8553,2.8553,5
2026-04-30 20:46:00,2.8493,2.8503,2.8493,2.8493,2.8543,2.8553,2.8543,2.8543,6
2026-04-30 20:47:00,2.8498,2.8503,2.8493,2.8503,2.8548,2.8553,2.8543,2.8553,9
2026-04-30 20:48:00,2.8508,2.8513,2.8493,2.8493,2.8558,2.8563,2.8543,2.8543,7
2026-04-30 20:49:00,2.8483,2.8498,2.8483,2.8498,2.8533,2.8548,2.8533,2.8548,7
2026-04-30 20:50:00,2.8493,2.8503,2.8493,2.8503,2.8543,2.8553,2.8543,2.8553,7
2026-04-30 20:51:00,2.8508,2.8523,2.8503,2.8523,2.8558,2.8573,2.8553,2.8573,8
2026-04-30 20:52:00,2.8518,2.8518,2.8503,2.8503,2.8568,2.8568,2.8553,2.8553,3
2026-04-30 20:53:00,2.8493,2.8513,2.8493,2.8503,2.8543,2.8563,2.8543,2.8553,8
2026-04-30 20:54:00,2.8493,2.8493,2.8493,2.8493,2.8543,2.8543,2.8543,2.8543,1
2026-04-30 20:55:00,2.8498,2.8503,2.8473,2.8473,2.8548,2.8553,2.8523,2.8523,16
2026-04-30 20:56:00,2.8463,2.8483,2.8463,2.8483,2.8513,2.8533,2.8513,2.8533,4
2026-04-30 20:57:00,2.8478,2.8483,2.8463,2.8478,2.8528,2.8533,2.8513,2.8528,10
2026-04-30 20:58:00,2.8473,2.8483,2.8473,2.8483,2.8523,2.8533,2.8523,2.8533,5
2026-04-30 20:59:00,2.8473,2.8473,2.8463,2.8463,2.8523,2.8523,2.8513,2.8513,2
2026-04-30 21:00:00,2.8468,2.8473,2.8443,2.8443,2.8518,2.8523,2.8493,2.8493,6
2026-04-30 21:01:00,2.8453,2.8453,2.8443,2.8448,2.8503,2.8503,2.8493,2.8498,4
2026-04-30 21:02:00,2.8453,2.8453,2.8443,2.8443,2.8503,2.8503,2.8493,2.8493,9
2026-04-30 21:03:00,2.8438,2.8453,2.8423,2.8448,2.8488,2.8503,2.8473,2.8498,14
2026-04-30 21:04:00,2.8453,2.8453,2.8443,2.8443,2.8503,2.8503,2.8493,2.8493,6
2026-04-30 21:05:00,2.8453,2.8453,2.8453,2.8453,2.8503,2.8503,2.8503,2.8503,1
2026-04-30 21:06:00,2.8448,2.8448,2.8403,2.8423,2.8498,2.8498,2.8453,2.8473,19
2026-04-30 21:07:00,2.8428,2.8448,2.8428,2.8443,2.8478,2.8498,2.8478,2.8493,6
2026-04-30 21:08:00,2.8448,2.8463,2.8448,2.8453,2.8498,2.8513,2.8498,2.8503,3
2026-04-30 21:09:00,2.8458,2.8458,2.8443,2.8443,2.8508,2.8508,2.8493,2.8493,7
2026-04-30 21:10:00,2.8423,2.8438,2.8423,2.8423,2.8473,2.8488,2.8473,2.8473,8
2026-04-30 21:11:00,2.8428,2.8433,2.8413,2.8433,2.8478,2.8483,2.8463,2.8483,12
2026-04-30 21:12:00,2.8428,2.8433,2.8423,2.8423,2.8478,2.8483,2.8473,2.8473,8
2026-04-30 21:13:00,2.8433,2.8433,2.8413,2.8423,2.8483,2.8483,2.8463,2.8473,18
2026-04-30 21:14:00,2.8413,2.8423,2.8403,2.8423,2.8463,2.8473,2.8453,2.8473,5
2026-04-30 21:15:00,2.8428,2.8433,2.8423,2.8433,2.8478,2.8483,2.8473,2.8483,4
2026-04-30 21:16:00,2.8438,2.8453,2.8438,2.8443,2.8488,2.8503,2.8488,2.8493,8
2026-04-30 21:18:00,2.8433,2.8438,2.8433,2.8438,2.8483,2.8488,2.8483,2.8488,2
2026-04-30 21:19:00,2.8443,2.8443,2.8443,2.8443,2.8493,2.8493,2.8493,2.8493,1
2026-04-30 21:21:00,2.8448,2.8453,2.8448,2.8453,2.8498,2.8503,2.8498,2.8503,2
2026-04-30 21:22:00,2.8463,2.8473,2.8463,2.8463,2.8513,2.8523,2.8513,2.8513,3
2026-04-30 21:23:00,2.8453,2.8463,2.8453,2.8453,2.8503,2.8513,2.8503,2.8503,4
2026-04-30 21:24:00,2.8443,2.8443,2.8413,2.8423,2.8493,2.8493,2.8463,2.8473,7
2026-04-30 21:26:00,2.8413,2.8433,2.8413,2.8433,2.8463,2.8483,2.8463,2.8483,6
2026-04-30 21:27:00,2.8428,2.8433,2.8423,2.8433,2.8478,2.8483,2.8473,2.8483,8
2026-04-30 21:29:00,2.8428,2.8433,2.8423,2.8433,2.8478,2.8483,2.8473,2.8483,6
2026-04-30 21:30:00,2.8428,2.8428,2.8413,2.8418,2.8478,2.8478,2.8463,2.8468,7
2026-04-30 21:31:00,2.8428,2.8428,2.8423,2.8423,2.8478,2.8478,2.8473,2.8473,6
2026-04-30 21:32:00,2.8433,2.8433,2.8413,2.8418,2.8483,2.8483,2.8463,2.8468,5
2026-04-30 21:33:00,2.8413,2.8413,2.8403,2.8413,2.8463,2.8463,2.8453,2.8463,5
2026-04-30 21:34:00,2.8423,2.8433,2.8413,2.8433,2.8473,2.8483,2.8463,2.8483,5
2026-04-30 21:35:00,2.8438,2.8443,2.8438,2.8443,2.8488,2.8493,2.8488,2.8493,2
2026-04-30 21:36:00,2.8433,2.8433,2.8423,2.8433,2.8483,2.8483,2.8473,2.8483,9
2026-04-30 21:37:00,2.8423,2.8433,2.8423,2.8433,2.8473,2.8483,2.8473,2.8483,2
2026-04-30 21:38:00,2.8428,2.8433,2.8423,2.8433,2.8478,2.8483,2.8473,2.8483,6
2026-04-30 21:39:00,2.8438,2.8443,2.8438,2.8443,2.8488,2.8493,2.8488,2.8493,2
2026-04-30 21:40:00,2.8448,2.8453,2.8443,2.8453,2.8498,2.8503,2.8493,2.8503,4
2026-04-30 21:41:00,2.8443,2.8463,2.8443,2.8453,2.8493,2.8513,2.8493,2.8503,11
2026-04-30 21:42:00,2.8448,2.8453,2.8443,2.8453,2.8498,2.8503,2.8493,2.8503,4
2026-04-30 21:43:00,2.8443,2.8443,2.8443,2.8443,2.8493,2.8493,2.8493,2.8493,1
2026-04-30 21:44:00,2.8433,2.8443,2.8433,2.8433,2.8483,2.8493,2.8483,2.8483,3
2026-04-30 21:45:00,2.8423,2.8433,2.8423,2.8433,2.8473,2.8483,2.8473,2.8483,2
2026-04-30 21:46:00,2.8423,2.8433,2.8423,2.8423,2.8473,2.8483,2.8473,2.8473,4
2026-04-30 21:47:00,2.8413,2.8423,2.8413,2.8423,2.8463,2.8473,2.8463,2.8473,2
2026-04-30 21:48:00,2.8418,2.8423,2.8413,2.8423,2.8468,2.8473,2.8463,2.8473,4
2026-04-30 21:49:00,2.8413,2.8433,2.8413,2.8423,2.8463,2.8483,2.8463,2.8473,6
2026-04-30 21:50:00,2.8428,2.8433,2.8418,2.8418,2.8478,2.8483,2.8468,2.8468,4
2026-04-30 21:51:00,2.8423,2.8423,2.8413,2.8413,2.8473,2.8473,2.8463,2.8463,3
2026-04-30 21:52:00,2.8403,2.8413,2.8403,2.8413,2.8453,2.8463,2.8453,2.8463,2
2026-04-30 21:55:00,2.8418,2.8418,2.8413,2.8413,2.8468,2.8468,2.8463,2.8463,6
2026-04-30 21:57:00,2.8418,2.8423,2.8413,2.8423,2.8468,2.8473,2.8463,2.8473,4
2026-04-30 21:58:00,2.8428,2.8438,2.8423,2.8433,2.8478,2.8488,2.8473,2.8483,6
2026-04-30 21:59:00,2.8438,2.8443,2.8418,2.8418,2.8488,2.8493,2.8468,2.8468,12
2026-04-30 22:00:00,2.8428,2.8428,2.8413,2.8423,2.8478,2.8478,2.8463,2.8473,9
2026-04-30 22:01:00,2.8418,2.8418,2.8403,2.8403,2.8468,2.8468,2.8453,2.8453,5
2026-04-30 22:02:00,2.8408,2.8423,2.8408,2.8423,2.8458,2.8473,2.8458,2.8473,3
2026-04-30 22:03:00,2.8433,2.8433,2.8423,2.8428,2.8483,2.8483,2.8473,2.8478,4
2026-04-30 22:04:00,2.8433,2.8468,2.8433,2.8458,2.8483,2.8518,2.8483,2.8508,14
2026-04-30 22:05:00,2.8453,2.8453,2.8428,2.8428,2.8503,2.8503,2.8478,2.8478,9
2026-04-30 22:06:00,2.8423,2.8423,2.8423,2.8423,2.8473,2.8473,2.8473,2.8473,1
2026-04-30 22:07:00,2.8413,2.8438,2.8413,2.8438,2.8463,2.8488,2.8463,2.8488,7
2026-04-30 22:08:00,2.8443,2.8463,2.8443,2.8453,2.8493,2.8513,2.8493,2.8503,21
2026-04-30 22:09:00,2.8458,2.8463,2.8453,2.8458,2.8508,2.8513,2.8503,2.8508,8
2026-04-30 22:10:00,2.8463,2.8463,2.8448,2.8458,2.8513,2.8513,2.8498,2.8508,12
2026-04-30 22:11:00,2.8463,2.8463,2.8453,2.8458,2.8513,2.8513,2.8503,2.8508,4
2026-04-30 22:12:00,2.8463,2.8463,2.8433,2.8433,2.8513,2.8513,2.8483,2.8483,11
2026-04-30 22:13:00,2.8428,2.8438,2.8428,2.8438,2.8478,2.8488,2.8478,2.8488,5
2026-04-30 22:14:00,2.8428,2.8433,2.8423,2.8428,2.8478,2.8483,2.8473,2.8478,5
2026-04-30 22:15:00,2.8433,2.8433,2.8418,2.8418,2.8483,2.8483,2.8468,2.8468,4
2026-04-30 22:16:00,2.8423,2.8423,2.8413,2.8418,2.8473,2.8473,2.8463,2.8468,3
2026-04-30 22:18:00,2.8413,2.8413,2.8403,2.8403,2.8463,2.8463,2.8453,2.8453,2
2026-04-30 22:19:00,2.8398,2.8403,2.8393,2.8403,2.8448,2.8453,2.8443,2.8453,3
2026-04-30 22:22:00,2.8408,2.8413,2.8403,2.8413,2.8458,2.8463,2.8453,2.8463,4
2026-04-30 22:23:00,2.8408,2.8413,2.8403,2.8408,2.8458,2.8463,2.8453,2.8458,11
2026-04-30 22:24:00,2.8403,2.8403,2.8383,2.8383,2.8453,2.8453,2.8433,2.8433,8
2026-04-30 22:25:00,2.8393,2.8403,2.8393,2.8403,2.8443,2.8453,2.8443,2.8453,3
2026-04-30 22:26:00,2.8398,2.8398,2.8393,2.8393,2.8448,2.8448,2.8443,2.8443,2
2026-04-30 22:27:00,2.8403,2.8403,2.8393,2.8393,2.8453,2.8453,2.8443,2.8443,3
2026-04-30 22:28:00,2.8398,2.8398,2.8363,2.8368,2.8448,2.8448,2.8413,2.8418,11
2026-04-30 22:29:00,2.8373,2.8383,2.8363,2.8363,2.8423,2.8433,2.8413,2.8413,7
2026-04-30 22:30:00,2.8353,2.8373,2.8353,2.8373,2.8403,2.8423,2.8403,2.8423,5
2026-04-30 22:31:00,2.8363,2.8373,2.8363,2.8368,2.8413,2.8423,2.8413,2.8418,3
2026-04-30 22:32:00,2.8373,2.8398,2.8373,2.8398,2.8423,2.8448,2.8423,2.8448,3
2026-04-30 22:34:00,2.8408,2.8423,2.8408,2.8423,2.8458,2.8473,2.8458,2.8473,3
2026-04-30 22:38:00,2.8428,2.8433,2.8423,2.8433,2.8478,2.8483,2.8473,2.8483,4
2026-04-30 22:40:00,2.8428,2.8433,2.8423,2.8433,2.8478,2.8483,2.8473,2.8483,4
2026-04-30 22:42:00,2.8438,2.8438,2.8438,2.8438,2.8488,2.8488,2.8488,2.8488,1
2026-04-30 22:43:00,2.8443,2.8468,2.8443,2.8463,2.8493,2.8518,2.8493,2.8513,12
2026-04-30 22:45:00,2.8453,2.8458,2.8453,2.8453,2.8503,2.8508,2.8503,2.8503,5
2026-04-30 22:46:00,2.8448,2.8448,2.8448,2.8448,2.8498,2.8498,2.8498,2.8498,1
2026-04-30 22:47:00,2.8443,2.8453,2.8443,2.8448,2.8493,2.8503,2.8493,2.8498,5
2026-04-30 22:48:00,2.8453,2.8453,2.8453,2.8453,2.8503,2.8503,2.8503,2.8503,1
2026-04-30 22:50:00,2.8448,2.8448,2.8433,2.8443,2.8498,2.8498,2.8483,2.8493,11
2026-04-30 22:51:00,2.8448,2.8453,2.8443,2.8453,2.8498,2.8503,2.8493,2.8503,4
2026-04-30 22:52:00,2.8443,2.8453,2.8423,2.8423,2.8493,2.8503,2.8473,2.8473,13
2026-04-30 22:53:00,2.8428,2.8433,2.8423,2.8423,2.8478,2.8483,2.8473,2.8473,6
2026-04-30 22:54:00,2.8413,2.8413,2.8413,2.8413,2.8463,2.8463,2.8463,2.8463,1
2026-04-30 22:55:00,2.8423,2.8453,2.8423,2.8433,2.8473,2.8503,2.8473,2.8483,10
2026-04-30 22:56:00,2.8443,2.8448,2.8413,2.8433,2.8493,2.8498,2.8463,2.8483,25
2026-04-30 22:57:00,2.8438,2.8458,2.8413,2.8413,2.8488,2.8508,2.8463,2.8463,20
2026-04-30 22:58:00,2.8408,2.8413,2.8393,2.8393,2.8458,2.8463,2.8443,2.8443,24
2026-04-30 22:59:00,2.8388,2.843,2.8383,2.842,2.8438,2.848,2.8433,2.847,38
2026-05-01 00:00:00,2.839,2.841,2.8325,2.8325,2.844,2.846,2.8375,2.8375,31
2026-05-01 00:01:00,2.833,2.836,2.833,2.835,2.838,2.841,2.838,2.84,14
2026-05-01 00:02:00,2.8345,2.8345,2.8345,2.8345,2.8395,2.8395,2.8395,2.8395,1
2026-05-01 00:03:00,2.835,2.835,2.834,2.834,2.84,2.84,2.839,2.839,3
2026-05-01 00:04:00,2.8335,2.834,2.833,2.8335,2.8385,2.839,2.838,2.8385,5
2026-05-01 00:05:00,2.8345,2.84,2.8345,2.84,2.8395,2.845,2.8395,2.845,12
2026-05-01 00:06:00,2.8395,2.8395,2.839,2.839,2.8445,2.8445,2.844,2.844,2
2026-05-01 00:07:00,2.8395,2.84,2.8395,2.84,2.8445,2.845,2.8445,2.845,4
2026-05-01 00:08:00,2.8395,2.8395,2.839,2.839,2.8445,2.8445,2.844,2.844,2
2026-05-01 00:09:00,2.8385,2.839,2.838,2.839,2.8435,2.844,2.843,2.844,4
2026-05-01 00:10:00,2.8395,2.8405,2.8395,2.8405,2.8445,2.8455,2.8445,2.8455,3
2026-05-01 00:11:00,2.84,2.8405,2.8395,2.8405,2.845,2.8455,2.8445,2.8455,4
2026-05-01 00:12:00,2.8395,2.8395,2.8385,2.8395,2.8445,2.8445,2.8435,2.8445,5
2026-05-01 00:13:00,2.84,2.84,2.84,2.84,2.845,2.845,2.845,2.845,1
2026-05-01 00:15:00,2.8395,2.841,2.8395,2.841,2.8445,2.846,2.8445,2.846,3
2026-05-01 00:17:00,2.8405,2.8405,2.8395,2.8405,2.8455,2.8455,2.8445,2.8455,4
2026-05-01 00:18:00,2.84,2.84,2.84,2.84,2.845,2.845,2.845,2.845,1
2026-05-01 00:26:00,2.8405,2.842,2.8405,2.842,2.8455,2.847,2.8455,2.847,3
2026-05-01 00:27:00,2.8425,2.8425,2.8425,2.8425,2.8475,2.8475,2.8475,2.8475,1
2026-05-01 00:28:00,2.842,2.842,2.8395,2.8395,2.847,2.847,2.8445,2.8445,4
2026-05-01 00:30:00,2.84,2.84,2.84,2.84,2.845,2.845,2.845,2.845,1
2026-05-01 00:31:00,2.8405,2.841,2.8405,2.841,2.8455,2.846,2.8455,2.846,2
2026-05-01 00:32:00,2.84,2.8405,2.84,2.8405,2.845,2.8455,2.845,2.8455,2
2026-05-01 00:33:00,2.841,2.841,2.841,2.841,2.846,2.846,2.846,2.846,1
2026-05-01 00:34:00,2.8415,2.8415,2.8415,2.8415,2.8465,2.8465,2.8465,2.8465,1
2026-05-01 00:38:00,2.842,2.842,2.8415,2.8415,2.847,2.847,2.8465,2.8465,2
2026-05-01 00:39:00,2.841,2.842,2.841,2.842,2.846,2.847,2.846,2.847,2
2026-05-01 00:41:00,2.8425,2.8425,2.8425,2.8425,2.8475,2.8475,2.8475,2.8475,1
2026-05-01 00:42:00,2.843,2.8435,2.843,2.8435,2.848,2.8485,2.848,2.8485,2
2026-05-01 00:43:00,2.843,2.843,2.842,2.842,2.848,2.848,2.847,2.847,2
2026-05-01 00:44:00,2.8425,2.8425,2.8425,2.8425,2.8475,2.8475,2.8475,2.8475,1
2026-05-01 00:46:00,2.842,2.842,2.841,2.8415,2.847,2.847,2.846,2.8465,4
2026-05-01 00:48:00,2.842,2.842,2.841,2.841,2.847,2.847,2.846,2.846,2
2026-05-01 00:49:00,2.8405,2.8405,2.84,2.84,2.8455,2.8455,2.845,2.845,2
2026-05-01 00:53:00,2.8395,2.8395,2.8395,2.8395,2.8445,2.8445,2.8445,2.8445,1
2026-05-01 00:55:00,2.84,2.84,2.84,2.84,2.845,2.845,2.845,2.845,1
2026-05-01 00:57:00,2.839,2.84,2.839,2.8395,2.844,2.845,2.844,2.8445,3
2026-05-01 00:58:00,2.839,2.839,2.839,2.839,2.844,2.844,2.844,2.844,1
2026-05-01 00:59:00,2.84,2.84,2.8395,2.8395,2.845,2.845,2.8445,2.8445,2
2026-05-01 01:00:00,2.839,2.839,2.8385,2.8385,2.844,2.844,2.8435,2.8435,2
2026-05-01 01:01:00,2.839,2.839,2.839,2.839,2.844,2.844,2.844,2.844,1
2026-05-01 01:02:00,2.8385,2.8385,2.8385,2.8385,2.8435,2.8435,2.8435,2.8435,1
2026-05-01 01:03:00,2.8395,2.841,2.839,2.841,2.8445,2.846,2.844,2.846,5
2026-05-01 01:05:00,2.8405,2.8425,2.84,2.842,2.8455,2.8475,2.845,2.847,6
2026-05-01 01:06:00,2.8415,2.8415,2.8415,2.8415,2.8465,2.8465,2.8465,2.8465,1
2026-05-01 01:08:00,2.841,2.841,2.841,2.841,2.846,2.846,2.846,2.846,1
2026-05-01 01:13:00,2.8415,2.8415,2.8415,2.8415,2.8465,2.8465,2.8465,2.8465,1
2026-05-01 01:15:00,2.842,2.842,2.842,2.842,2.847,2.847,2.847,2.847,1
2026-05-01 01:16:00,2.843,2.843,2.843,2.843,2.848,2.848,2.848,2.848,1
2026-05-01 01:17:00,2.842,2.8425,2.842,2.842,2.847,2.8475,2.847,2.847,3
2026-05-01 01:18:00,2.843,2.8435,2.843,2.8435,2.848,2.8485,2.848,2.8485,2
2026-05-01 01:19:00,2.843,2.843,2.843,2.843,2.848,2.848,2.848,2.848,1
2026-05-01 01:20:00,2.8425,2.844,2.8425,2.844,2.8475,2.849,2.8475,2.849,3
2026-05-01 01:21:00,2.843,2.8435,2.843,2.8435,2.848,2.8485,2.848,2.8485,2
2026-05-01 01:24:00,2.843,2.845,2.843,2.844,2.848,2.85,2.848,2.849,5
2026-05-01 01:27:00,2.845,2.845,2.845,2.845,2.85,2.85,2.85,2.85,1
2026-05-01 01:28:00,2.8445,2.8445,2.844,2.844,2.8495,2.8495,2.849,2.849,2
2026-05-01 01:29:00,2.845,2.845,2.845,2.845,2.85,2.85,2.85,2.85,1
2026-05-01 01:33:00,2.8445,2.8445,2.844,2.844,2.8495,2.8495,2.849,2.849,2
2026-05-01 01:35:00,2.8445,2.845,2.8445,2.845,2.8495,2.85,2.8495,2.85,2
2026-05-01 01:36:00,2.844,2.844,2.844,2.844,2.849,2.849,2.849,2.849,1
2026-05-01 01:46:00,2.843,2.843,2.843,2.843,2.848,2.848,2.848,2.848,1
2026-05-01 01:47:00,2.844,2.8445,2.844,2.8445,2.849,2.8495,2.849,2.8495,2
2026-05-01 01:48:00,2.845,2.845,2.845,2.845,2.85,2.85,2.85,2.85,1
2026-05-01 01:50:00,2.8445,2.845,2.8445,2.845,2.8495,2.85,2.8495,2.85,2
2026-05-01 01:53:00,2.8455,2.8455,2.8455,2.8455,2.8505,2.8505,2.8505,2.8505,1
2026-05-01 01:54:00,2.845,2.8455,2.845,2.8455,2.85,2.8505,2.85,2.8505,2
2026-05-01 01:56:00,2.846,2.846,2.846,2.846,2.851,2.851,2.851,2.851,1
2026-05-01 01:57:00,2.845,2.845,2.844,2.845,2.85,2.85,2.849,2.85,3
2026-05-01 01:58:00,2.844,2.845,2.844,2.845,2.849,2.85,2.849,2.85,2
2026-05-01 01:59:00,2.8445,2.845,2.844,2.844,2.8495,2.85,2.849,2.849,4
2026-05-01 02:00:00,2.8435,2.8435,2.8435,2.8435,2.8485,2.8485,2.8485,2.8485,1
2026-05-01 02:01:00,2.844,2.8465,2.844,2.8465,2.849,2.8515,2.849,2.8515,6
2026-05-01 02:02:00,2.845,2.845,2.84,2.843,2.85,2.85,2.845,2.848,11
2026-05-01 02:03:00,2.8435,2.844,2.8435,2.8435,2.8485,2.849,2.8485,2.8485,3
2026-05-01 02:04:00,2.842,2.8435,2.842,2.8425,2.847,2.8485,2.847,2.8475,5
2026-05-01 02:05:00,2.843,2.843,2.842,2.842,2.848,2.848,2.847,2.847,2
2026-05-01 02:06:00,2.8425,2.843,2.8415,2.8415,2.8475,2.848,2.8465,2.8465,4
2026-05-01 02:07:00,2.841,2.843,2.841,2.8425,2.846,2.848,2.846,2.8475,14
2026-05-01 02:08:00,2.843,2.8455,2.843,2.844,2.848,2.8505,2.848,2.849,9
2026-05-01 02:09:00,2.8445,2.847,2.8445,2.8465,2.8495,2.852,2.8495,2.8515,20
2026-05-01 02:10:00,2.847,2.849,2.847,2.849,2.852,2.854,2.852,2.854,8
2026-05-01 02:11:00,2.848,2.849,2.848,2.849,2.853,2.854,2.853,2.854,2
2026-05-01 02:12:00,2.85,2.85,2.849,2.85,2.855,2.855,2.854,2.855,4
2026-05-01 02:13:00,2.8505,2.854,2.8505,2.853,2.8555,2.859,2.8555,2.858,11
2026-05-01 02:15:00,2.8525,2.8525,2.852,2.852,2.8575,2.8575,2.857,2.857,2
2026-05-01 02:16:00,2.8525,2.8525,2.852,2.852,2.8575,2.8575,2.857,2.857,2
2026-05-01 02:17:00,2.8525,2.8535,2.8525,2.8535,2.8575,2.8585,2.8575,2.8585,4
2026-05-01 02:18:00,2.853,2.854,2.853,2.8535,2.858,2.859,2.858,2.8585,11
2026-05-01 02:19:00,2.853,2.854,2.851,2.851,2.858,2.859,2.856,2.856,9
2026-05-01 02:20:00,2.8515,2.852,2.8515,2.852,2.8565,2.857,2.8565,2.857,4
2026-05-01 02:21:00,2.851,2.8515,2.851,2.8515,2.856,2.8565,2.856,2.8565,2
2026-05-01 02:23:00,2.851,2.8525,2.851,2.8525,2.856,2.8575,2.856,2.8575,4
2026-05-01 02:24:00,2.854,2.854,2.853,2.853,2.859,2.859,2.858,2.858,5
2026-05-01 02:26:00,2.852,2.853,2.852,2.853,2.857,2.858,2.857,2.858,2
2026-05-01 02:27:00,2.8535,2.8535,2.853,2.8535,2.8585,2.8585,2.858,2.8585,3
2026-05-01 02:28:00,2.853,2.8535,2.853,2.8535,2.858,2.8585,2.858,2.8585,2
2026-05-01 02:29:00,2.853,2.8535,2.853,2.8535,2.858,2.8585,2.858,2.8585,4
2026-05-01 02:30:00,2.854,2.854,2.851,2.851,2.859,2.859,2.856,2.856,8
2026-05-01 02:31:00,2.85,2.85,2.848,2.848,2.855,2.855,2.853,2.853,3
2026-05-01 02:32:00,2.8485,2.8495,2.8485,2.8495,2.8535,2.8545,2.8535,2.8545,3
2026-05-01 02:33:00,2.85,2.85,2.85,2.85,2.855,2.855,2.855,2.855,1
2026-05-01 02:34:00,2.8505,2.8505,2.85,2.85,2.8555,2.8555,2.855,2.855,2
2026-05-01 02:35:00,2.8505,2.8505,2.8505,2.8505,2.8555,2.8555,2.8555,2.8555,1
2026-05-01 02:36:00,2.851,2.851,2.851,2.851,2.856,2.856,2.856,2.856,1
2026-05-01 02:40:00,2.852,2.852,2.85,2.851,2.857,2.857,2.855,2.856,4
2026-05-01 02:41:00,2.85,2.8505,2.85,2.8505,2.855,2.8555,2.855,2.8555,2
2026-05-01 02:42:00,2.85,2.85,2.85,2.85,2.855,2.855,2.855,2.855,1
2026-05-01 02:44:00,2.8505,2.851,2.85,2.85,2.8555,2.856,2.855,2.855,3
2026-05-01 02:46:00,2.849,2.85,2.849,2.85,2.854,2.855,2.854,2.855,2
2026-05-01 02:47:00,2.8495,2.8515,2.849,2.8515,2.8545,2.8565,2.854,2.8565,6
2026-05-01 02:49:00,2.852,2.853,2.852,2.852,2.857,2.858,2.857,2.857,3
2026-05-01 02:50:00,2.8525,2.8535,2.8525,2.8535,2.8575,2.8585,2.8575,2.8585,3
2026-05-01 02:51:00,2.854,2.854,2.853,2.854,2.859,2.859,2.858,2.859,5
2026-05-01 02:52:00,2.8545,2.8545,2.854,2.854,2.8595,2.8595,2.859,2.859,2
2026-05-01 02:53:00,2.8545,2.8545,2.854,2.854,2.8595,2.8595,2.859,2.859,2
2026-05-01 02:55:00,2.853,2.853,2.853,2.853,2.858,2.858,2.858,2.858,1
2026-05-01 02:56:00,2.8535,2.8545,2.8535,2.854,2.8585,2.8595,2.8585,2.859,4
2026-05-01 02:57:00,2.8545,2.855,2.854,2.854,2.8595,2.86,2.859,2.859,6
2026-05-01 02:58:00,2.853,2.8535,2.853,2.853,2.858,2.8585,2.858,2.858,3
2026-05-01 02:59:00,2.8535,2.8535,2.853,2.853,2.8585,2.8585,2.858,2.858,4
2026-05-01 03:00:00,2.8535,2.854,2.853,2.8535,2.8585,2.859,2.858,2.8585,4
2026-05-01 03:01:00,2.853,2.855,2.853,2.8545,2.858,2.86,2.858,2.8595,10
2026-05-01 03:02:00,2.854,2.8545,2.854,2.8545,2.859,2.8595,2.859,2.8595,4
2026-05-01 03:03:00,2.854,2.8545,2.854,2.854,2.859,2.8595,2.859,2.859,3
2026-05-01 03:04:00,2.855,2.855,2.8545,2.8545,2.86,2.86,2.8595,2.8595,2
2026-05-01 03:05:00,2.855,2.855,2.8545,2.8545,2.86,2.86,2.8595,2.8595,2
2026-05-01 03:06:00,2.855,2.855,2.854,2.8545,2.86,2.86,2.859,2.8595,4
2026-05-01 03:07:00,2.855,2.855,2.8545,2.8545,2.86,2.86,2.8595,2.8595,2
2026-05-01 03:09:00,2.855,2.855,2.855,2.855,2.86,2.86,2.86,2.86,1
2026-05-01 03:10:00,2.854,2.857,2.854,2.857,2.859,2.862,2.859,2.862,6
2026-05-01 03:11:00,2.8575,2.8575,2.857,2.8575,2.8625,2.8625,2.862,2.8625,5
2026-05-01 03:14:00,2.857,2.857,2.8535,2.8535,2.862,2.862,2.8585,2.8585,8
2026-05-01 03:15:00,2.854,2.8545,2.854,2.8545,2.859,2.8595,2.859,2.8595,2
2026-05-01 03:16:00,2.854,2.855,2.854,2.855,2.859,2.86,2.859,2.86,2
2026-05-01 03:17:00,2.8555,2.8555,2.8555,2.8555,2.8605,2.8605,2.8605,2.8605,1
2026-05-01 03:19:00,2.856,2.856,2.8555,2.8555,2.861,2.861,2.8605,2.8605,2
2026-05-01 03:20:00,2.856,2.857,2.8555,2.857,2.861,2.862,2.8605,2.862,4
2026-05-01 03:21:00,2.856,2.857,2.855,2.857,2.861,2.862,2.86,2.862,7
2026-05-01 03:23:00,2.8565,2.857,2.8565,2.857,2.8615,2.862,2.8615,2.862,2
2026-05-01 03:24:00,2.856,2.856,2.8555,2.8555,2.861,2.861,2.8605,2.8605,2
2026-05-01 03:25:00,2.854,2.8555,2.854,2.855,2.859,2.8605,2.859,2.86,7
2026-05-01 03:26:00,2.8555,2.8555,2.855,2.8555,2.8605,2.8605,2.86,2.8605,11
2026-05-01 03:27:00,2.855,2.8555,2.855,2.8555,2.86,2.8605,2.86,2.8605,10
2026-05-01 03:28:00,2.855,2.8555,2.855,2.855,2.86,2.8605,2.86,2.86,5
2026-05-01 03:29:00,2.8555,2.8555,2.854,2.855,2.8605,2.8605,2.859,2.86,4
2026-05-01 03:30:00,2.8545,2.855,2.854,2.854,2.8595,2.86,2.859,2.859,4
2026-05-01 03:31:00,2.853,2.853,2.851,2.851,2.858,2.858,2.856,2.856,4
2026-05-01 03:32:00,2.852,2.8525,2.852,2.8525,2.857,2.8575,2.857,2.8575,2
2026-05-01 03:33:00,2.853,2.854,2.8525,2.8535,2.858,2.859,2.8575,2.8585,5
2026-05-01 03:34:00,2.853,2.853,2.853,2.853,2.858,2.858,2.858,2.858,1
2026-05-01 03:35:00,2.8535,2.854,2.8535,2.854,2.8585,2.859,2.8585,2.859,2
2026-05-01 03:36:00,2.853,2.8535,2.853,2.8535,2.858,2.8585,2.858,2.8585,2
2026-05-01 03:38:00,2.854,2.856,2.854,2.855,2.859,2.861,2.859,2.86,6
2026-05-01 03:39:00,2.8555,2.8555,2.855,2.8555,2.8605,2.8605,2.86,2.8605,3
2026-05-01 03:41:00,2.856,2.856,2.855,2.855,2.861,2.861,2.86,2.86,9
2026-05-01 03:42:00,2.8555,2.856,2.8555,2.8555,2.8605,2.861,2.8605,2.8605,3
2026-05-01 03:43:00,2.856,2.859,2.856,2.858,2.861,2.864,2.861,2.863,14
2026-05-01 03:44:00,2.8575,2.858,2.8575,2.858,2.8625,2.863,2.8625,2.863,2
2026-05-01 03:45:00,2.859,2.859,2.859,2.859,2.864,2.864,2.864,2.864,1
2026-05-01 03:46:00,2.8585,2.859,2.8585,2.859,2.8635,2.864,2.8635,2.864,4
2026-05-01 03:47:00,2.858,2.858,2.858,2.858,2.863,2.863,2.863,2.863,1
2026-05-01 03:48:00,2.8585,2.8585,2.857,2.857,2.8635,2.8635,2.862,2.862,3
2026-05-01 03:49:00,2.8565,2.8565,2.856,2.856,2.8615,2.8615,2.861,2.861,2
2026-05-01 03:50:00,2.8555,2.856,2.8555,2.856,2.8605,2.861,2.8605,2.861,2
2026-05-01 03:52:00,2.8565,2.8575,2.856,2.8575,2.8615,2.8625,2.861,2.8625,4
2026-05-01 03:54:00,2.858,2.859,2.858,2.859,2.863,2.864,2.863,2.864,2
2026-05-01 03:56:00,2.8585,2.859,2.858,2.8585,2.8635,2.864,2.863,2.8635,8
2026-05-01 03:57:00,2.858,2.8585,2.858,2.8585,2.863,2.8635,2.863,2.8635,2
2026-05-01 03:58:00,2.858,2.8585,2.858,2.858,2.863,2.8635,2.863,2.863,3
2026-05-01 03:59:00,2.859,2.859,2.858,2.858,2.864,2.864,2.863,2.863,3
2026-05-01 04:00:00,2.857,2.858,2.857,2.857,2.862,2.863,2.862,2.862,6
2026-05-01 04:01:00,2.858,2.858,2.856,2.856,2.863,2.863,2.861,2.861,8
2026-05-01 04:02:00,2.857,2.857,2.8565,2.8565,2.862,2.862,2.8615,2.8615,2
2026-05-01 04:03:00,2.857,2.857,2.857,2.857,2.862,2.862,2.862,2.862,1
2026-05-01 04:04:00,2.8575,2.8575,2.857,2.857,2.8625,2.8625,2.862,2.862,2
2026-05-01 04:05:00,2.8575,2.858,2.8575,2.858,2.8625,2.863,2.8625,2.863,2
2026-05-01 04:07:00,2.8575,2.8575,2.8565,2.857,2.8625,2.8625,2.8615,2.862,3
2026-05-01 04:09:00,2.8565,2.857,2.8565,2.857,2.8615,2.862,2.8615,2.862,2
2026-05-01 04:11:00,2.8575,2.8575,2.8575,2.8575,2.8625,2.8625,2.8625,2.8625,1
2026-05-01 04:12:00,2.858,2.858,2.858,2.858,2.863,2.863,2.863,2.863,1
2026-05-01 04:14:00,2.8575,2.858,2.8575,2.858,2.8625,2.863,2.8625,2.863,6
2026-05-01 04:15:00,2.857,2.858,2.857,2.858,2.862,2.863,2.862,2.863,4
2026-05-01 04:16:00,2.857,2.8585,2.857,2.8585,2.862,2.8635,2.862,2.8635,8
2026-05-01 04:18:00,2.858,2.858,2.858,2.858,2.863,2.863,2.863,2.863,1
2026-05-01 04:19:00,2.859,2.859,2.8585,2.859,2.864,2.864,2.8635,2.864,7
2026-05-01 04:20:00,2.858,2.858,2.8575,2.858,2.863,2.863,2.8625,2.863,3
2026-05-01 04:23:00,2.8585,2.8585,2.858,2.858,2.8635,2.8635,2.863,2.863,2
2026-05-01 04:25:00,2.8575,2.8575,2.857,2.857,2.8625,2.8625,2.862,2.862,2
2026-05-01 04:28:00,2.856,2.857,2.856,2.857,2.861,2.862,2.861,2.862,2
2026-05-01 04:30:00,2.8575,2.8575,2.856,2.856,2.8625,2.8625,2.861,2.861,3
2026-05-01 04:31:00,2.857,2.858,2.857,2.858,2.862,2.863,2.862,2.863,3
2026-05-01 04:32:00,2.8585,2.8585,2.8585,2.8585,2.8635,2.8635,2.8635,2.8635,1
2026-05-01 04:33:00,2.858,2.859,2.858,2.859,2.863,2.864,2.863,2.864,3
2026-05-01 04:35:00,2.858,2.859,2.858,2.859,2.863,2.864,2.863,2.864,2
2026-05-01 04:36:00,2.8585,2.859,2.8585,2.859,2.8635,2.864,2.8635,2.864,2
2026-05-01 04:39:00,2.8595,2.8595,2.859,2.859,2.8645,2.8645,2.864,2.864,2
2026-05-01 04:40:00,2.858,2.858,2.8575,2.8575,2.863,2.863,2.8625,2.8625,2
2026-05-01 04:41:00,2.858,2.858,2.8565,2.857,2.863,2.863,2.8615,2.862,5
2026-05-01 04:42:00,2.8565,2.8565,2.856,2.856,2.8615,2.8615,2.861,2.861,2
2026-05-01 04:43:00,2.8565,2.8565,2.8555,2.856,2.8615,2.8615,2.8605,2.861,4
2026-05-01 04:45:00,2.857,2.8575,2.856,2.857,2.862,2.8625,2.861,2.862,6
2026-05-01 04:46:00,2.856,2.8565,2.856,2.8565,2.861,2.8615,2.861,2.8615,2
2026-05-01 04:47:00,2.856,2.8565,2.856,2.8565,2.861,2.8615,2.861,2.8615,2
2026-05-01 04:48:00,2.857,2.858,2.857,2.858,2.862,2.863,2.862,2.863,2
2026-05-01 04:49:00,2.857,2.857,2.857,2.857,2.862,2.862,2.862,2.862,1
2026-05-01 04:50:00,2.8575,2.8575,2.8555,2.8555,2.8625,2.8625,2.8605,2.8605,5
2026-05-01 04:51:00,2.855,2.855,2.855,2.855,2.86,2.86,2.86,2.86,1
2026-05-01 04:52:00,2.856,2.856,2.856,2.856,2.861,2.861,2.861,2.861,1
2026-05-01 04:53:00,2.8555,2.856,2.855,2.855,2.8605,2.861,2.86,2.86,4
2026-05-01 04:56:00,2.8545,2.8555,2.8545,2.855,2.8595,2.8605,2.8595,2.86,10
2026-05-01 04:57:00,2.8555,2.8555,2.8555,2.8555,2.8605,2.8605,2.8605,2.8605,1
2026-05-01 04:58:00,2.855,2.8555,2.853,2.853,2.86,2.8605,2.858,2.858,8
2026-05-01 05:00:00,2.854,2.854,2.853,2.853,2.859,2.859,2.858,2.858,3
2026-05-01 05:01:00,2.8535,2.8545,2.8535,2.8545,2.8585,2.8595,2.8585,2.8595,3
2026-05-01 05:02:00,2.854,2.855,2.854,2.8545,2.859,2.86,2.859,2.8595,3
2026-05-01 05:03:00,2.854,2.854,2.853,2.853,2.859,2.859,2.858,2.858,3
2026-05-01 05:04:00,2.854,2.854,2.854,2.854,2.859,2.859,2.859,2.859,1
2026-05-01 05:09:00,2.855,2.855,2.854,2.854,2.86,2.86,2.859,2.859,3
2026-05-01 05:11:00,2.8545,2.8545,2.8545,2.8545,2.8595,2.8595,2.8595,2.8595,1
2026-05-01 05:12:00,2.854,2.855,2.8535,2.854,2.859,2.86,2.8585,2.859,8
2026-05-01 05:15:00,2.8545,2.8545,2.854,2.8545,2.8595,2.8595,2.859,2.8595,3
2026-05-01 05:16:00,2.855,2.856,2.854,2.856,2.86,2.861,2.859,2.861,7
2026-05-01 05:19:00,2.855,2.857,2.855,2.8565,2.86,2.862,2.86,2.8615,7
2026-05-01 05:20:00,2.857,2.857,2.8565,2.8565,2.862,2.862,2.8615,2.8615,2
2026-05-01 05:21:00,2.856,2.857,2.856,2.8565,2.861,2.862,2.861,2.8615,4
2026-05-01 05:24:00,2.856,2.856,2.856,2.856,2.861,2.861,2.861,2.861,1
2026-05-01 05:25:00,2.8565,2.8565,2.856,2.8565,2.8615,2.8615,2.861,2.8615,3
2026-05-01 05:26:00,2.857,2.857,2.857,2.857,2.862,2.862,2.862,2.862,1
2026-05-01 05:27:00,2.8575,2.8575,2.8575,2.8575,2.8625,2.8625,2.8625,2.8625,1
2026-05-01 05:28:00,2.858,2.859,2.858,2.859,2.863,2.864,2.863,2.864,5
2026-05-01 05:32:00,2.86,2.86,2.86,2.86,2.865,2.865,2.865,2.865,1
2026-05-01 05:34:00,2.859,2.86,2.859,2.86,2.864,2.865,2.864,2.865,3
2026-05-01 05:35:00,2.859,2.859,2.859,2.859,2.864,2.864,2.864,2.864,1
2026-05-01 05:36:00,2.8595,2.8595,2.859,2.859,2.8645,2.8645,2.864,2.864,2
2026-05-01 05:38:00,2.858,2.8595,2.858,2.8595,2.863,2.8645,2.863,2.8645,3
2026-05-01 05:39:00,2.86,2.86,2.859,2.8595,2.865,2.865,2.864,2.8645,3
2026-05-01 05:40:00,2.86,2.86,2.86,2.86,2.865,2.865,2.865,2.865,1
2026-05-01 05:41:00,2.8605,2.864,2.8605,2.864,2.8655,2.869,2.8655,2.869,13
2026-05-01 05:42:00,2.863,2.865,2.8625,2.865,2.868,2.87,2.8675,2.87,12
2026-05-01 05:43:00,2.866,2.8665,2.8655,2.866,2.871,2.8715,2.8705,2.871,5
2026-05-01 05:44:00,2.8665,2.867,2.865,2.866,2.8715,2.872,2.87,2.871,15
2026-05-01 05:45:00,2.867,2.867,2.866,2.867,2.872,2.872,2.871,2.872,3
2026-05-01 05:46:00,2.8665,2.867,2.866,2.867,2.8715,2.872,2.871,2.872,8
2026-05-01 05:47:00,2.8675,2.869,2.867,2.867,2.8725,2.874,2.872,2.872,6
2026-05-01 05:48:00,2.8675,2.868,2.8675,2.868,2.8725,2.873,2.8725,2.873,4
2026-05-01 05:49:00,2.8675,2.8675,2.8665,2.867,2.8725,2.8725,2.8715,2.872,3
2026-05-01 05:50:00,2.8675,2.8675,2.867,2.867,2.8725,2.8725,2.872,2.872,2
2026-05-01 05:51:00,2.8675,2.868,2.867,2.8675,2.8725,2.873,2.872,2.8725,4
2026-05-01 05:52:00,2.868,2.87,2.867,2.869,2.873,2.875,2.872,2.874,10
2026-05-01 05:53:00,2.8695,2.87,2.868,2.869,2.8745,2.875,2.873,2.874,12
2026-05-01 05:54:00,2.868,2.869,2.868,2.869,2.873,2.874,2.873,2.874,2
2026-05-01 05:55:00,2.868,2.868,2.8645,2.867,2.873,2.873,2.8695,2.872,8
2026-05-01 05:56:00,2.8665,2.867,2.8655,2.866,2.8715,2.872,2.8705,2.871,11
2026-05-01 05:58:00,2.867,2.868,2.866,2.868,2.872,2.873,2.871,2.873,8
2026-05-01 05:59:00,2.867,2.867,2.861,2.8625,2.872,2.872,2.866,2.8675,13
2026-05-01 06:00:00,2.862,2.8625,2.859,2.859,2.867,2.8675,2.864,2.864,13
2026-05-01 06:01:00,2.8595,2.86,2.8595,2.86,2.8645,2.865,2.8645,2.865,4
2026-05-01 06:02:00,2.861,2.862,2.861,2.862,2.866,2.867,2.866,2.867,7
2026-05-01 06:03:00,2.863,2.865,2.863,2.865,2.868,2.87,2.868,2.87,4
2026-05-01 06:04:00,2.8645,2.865,2.8645,2.865,2.8695,2.87,2.8695,2.87,2
2026-05-01 06:06:00,2.864,2.864,2.863,2.863,2.869,2.869,2.868,2.868,3
2026-05-01 06:10:00,2.8635,2.8635,2.863,2.863,2.8685,2.8685,2.868,2.868,2
2026-05-01 06:12:00,2.8635,2.8635,2.862,2.8635,2.8685,2.8685,2.867,2.8685,5
2026-05-01 06:13:00,2.864,2.864,2.864,2.864,2.869,2.869,2.869,2.869,1
2026-05-01 06:14:00,2.8635,2.8635,2.863,2.863,2.8685,2.8685,2.868,2.868,2
2026-05-01 06:15:00,2.8625,2.8625,2.8615,2.8615,2.8675,2.8675,2.8665,2.8665,2
2026-05-01 06:17:00,2.861,2.862,2.86,2.8615,2.866,2.867,2.865,2.8665,8
2026-05-01 06:19:00,2.861,2.861,2.861,2.861,2.866,2.866,2.866,2.866,1
2026-05-01 06:21:00,2.863,2.864,2.862,2.862,2.868,2.869,2.867,2.867,5
2026-05-01 06:22:00,2.8625,2.8635,2.8625,2.863,2.8675,2.8685,2.8675,2.868,6
2026-05-01 06:24:00,2.862,2.862,2.862,2.862,2.867,2.867,2.867,2.867,1
2026-05-01 06:25:00,2.861,2.862,2.861,2.862,2.866,2.867,2.866,2.867,2
2026-05-01 06:26:00,2.863,2.863,2.863,2.863,2.868,2.868,2.868,2.868,1
2026-05-01 06:27:00,2.864,2.864,2.8635,2.8635,2.869,2.869,2.8685,2.8685,2
2026-05-01 06:28:00,2.864,2.864,2.863,2.8635,2.869,2.869,2.868,2.8685,10
2026-05-01 06:29:00,2.863,2.864,2.863,2.863,2.868,2.869,2.868,2.868,4
2026-05-01 06:31:00,2.8635,2.8635,2.8635,2.8635,2.8685,2.8685,2.8685,2.8685,1
2026-05-01 06:32:00,2.863,2.865,2.863,2.865,2.868,2.87,2.868,2.87,9
2026-05-01 06:33:00,2.864,2.864,2.8635,2.8635,2.869,2.869,2.8685,2.8685,2
2026-05-01 06:34:00,2.864,2.864,2.864,2.864,2.869,2.869,2.869,2.869,1
2026-05-01 06:35:00,2.8635,2.8635,2.8635,2.8635,2.8685,2.8685,2.8685,2.8685,1
2026-05-01 06:36:00,2.864,2.864,2.861,2.862,2.869,2.869,2.866,2.867,6
2026-05-01 06:38:00,2.8625,2.863,2.8625,2.863,2.8675,2.868,2.8675,2.868,2
2026-05-01 06:39:00,2.862,2.8625,2.862,2.8625,2.867,2.8675,2.867,2.8675,4
2026-05-01 06:40:00,2.862,2.8625,2.862,2.8625,2.867,2.8675,2.867,2.8675,4
2026-05-01 06:41:00,2.863,2.863,2.8625,2.8625,2.868,2.868,2.8675,2.8675,2
2026-05-01 06:42:00,2.863,2.863,2.863,2.863,2.868,2.868,2.868,2.868,1
2026-05-01 06:43:00,2.8625,2.8625,2.86,2.86,2.8675,2.8675,2.865,2.865,3
2026-05-01 06:44:00,2.859,2.86,2.859,2.86,2.864,2.865,2.864,2.865,3
2026-05-01 06:45:00,2.859,2.86,2.859,2.86,2.864,2.865,2.864,2.865,3
2026-05-01 06:46:00,2.861,2.861,2.8605,2.8605,2.866,2.866,2.8655,2.8655,2
2026-05-01 06:47:00,2.86,2.8615,2.86,2.8615,2.865,2.8665,2.865,2.8665,4
2026-05-01 06:48:00,2.861,2.8615,2.861,2.8615,2.866,2.8665,2.866,2.8665,2
2026-05-01 06:50:00,2.861,2.8615,2.861,2.8615,2.866,2.8665,2.866,2.8665,2
2026-05-01 06:51:00,2.8625,2.863,2.862,2.863,2.8675,2.868,2.867,2.868,6
2026-05-01 06:55:00,2.862,2.862,2.8615,2.862,2.867,2.867,2.8665,2.867,3
2026-05-01 06:56:00,2.861,2.862,2.861,2.862,2.866,2.867,2.866,2.867,7
2026-05-01 06:57:00,2.8625,2.8625,2.8625,2.8625,2.8675,2.8675,2.8675,2.8675,1
2026-05-01 06:58:00,2.863,2.863,2.862,2.862,2.868,2.868,2.867,2.867,3
2026-05-01 06:59:00,2.8625,2.863,2.8625,2.863,2.8675,2.868,2.8675,2.868,2
2026-05-01 07:00:00,2.8625,2.865,2.8625,2.8645,2.8675,2.87,2.8675,2.8695,6
2026-05-01 07:01:00,2.865,2.866,2.865,2.866,2.87,2.871,2.87,2.871,2
2026-05-01 07:02:00,2.8665,2.8665,2.865,2.8665,2.8715,2.8715,2.87,2.8715,6
2026-05-01 07:03:00,2.866,2.866,2.866,2.866,2.871,2.871,2.871,2.871,1
2026-05-01 07:04:00,2.865,2.866,2.865,2.866,2.87,2.871,2.87,2.871,5
2026-05-01 07:05:00,2.8665,2.8665,2.866,2.866,2.8715,2.8715,2.871,2.871,2
2026-05-01 07:06:00,2.8665,2.867,2.866,2.866,2.8715,2.872,2.871,2.871,3
2026-05-01 07:08:00,2.865,2.8655,2.864,2.864,2.87,2.8705,2.869,2.869,4
2026-05-01 07:09:00,2.865,2.8655,2.865,2.8655,2.87,2.8705,2.87,2.8705,2
2026-05-01 07:10:00,2.866,2.866,2.865,2.8655,2.871,2.871,2.87,2.8705,3
2026-05-01 07:12:00,2.866,2.866,2.866,2.866,2.871,2.871,2.871,2.871,1
2026-05-01 07:14:00,2.865,2.865,2.8645,2.865,2.87,2.87,2.8695,2.87,3
2026-05-01 07:16:00,2.8645,2.8645,2.8645,2.8645,2.8695,2.8695,2.8695,2.8695,1
2026-05-01 07:17:00,2.865,2.8665,2.865,2.8665,2.87,2.8715,2.87,2.8715,3
2026-05-01 07:18:00,2.867,2.8675,2.867,2.8675,2.872,2.8725,2.872,2.8725,2
2026-05-01 07:19:00,2.867,2.8675,2.867,2.8675,2.872,2.8725,2.872,2.8725,2
2026-05-01 07:20:00,2.867,2.867,2.867,2.867,2.872,2.872,2.872,2.872,1
2026-05-01 07:21:00,2.8675,2.8675,2.8675,2.8675,2.8725,2.8725,2.8725,2.8725,1
2026-05-01 07:22:00,2.867,2.867,2.867,2.867,2.872,2.872,2.872,2.872,1
2026-05-01 07:24:00,2.8665,2.867,2.8665,2.867,2.8715,2.872,2.8715,2.872,2
2026-05-01 07:25:00,2.8665,2.8665,2.8665,2.8665,2.8715,2.8715,2.8715,2.8715,1
2026-05-01 07:26:00,2.866,2.867,2.866,2.8665,2.871,2.872,2.871,2.8715,5
2026-05-01 07:27:00,2.8675,2.8675,2.867,2.8675,2.8725,2.8725,2.872,2.8725,3
2026-05-01 07:30:00,2.868,2.8685,2.868,2.8685,2.873,2.8735,2.873,2.8735,2
2026-05-01 07:31:00,2.868,2.869,2.868,2.869,2.873,2.874,2.873,2.874,4
2026-05-01 07:32:00,2.868,2.8685,2.868,2.8685,2.873,2.8735,2.873,2.8735,2
2026-05-01 07:33:00,2.868,2.868,2.868,2.868,2.873,2.873,2.873,2.873,1
2026-05-01 07:34:00,2.8685,2.8685,2.8685,2.8685,2.8735,2.8735,2.8735,2.8735,1
2026-05-01 07:35:00,2.868,2.8685,2.868,2.8685,2.873,2.8735,2.873,2.8735,2
2026-05-01 07:36:00,2.868,2.8685,2.868,2.8685,2.873,2.8735,2.873,2.8735,2
2026-05-01 07:37:00,2.869,2.869,2.869,2.869,2.874,2.874,2.874,2.874,1
2026-05-01 07:40:00,2.8685,2.8685,2.868,2.8685,2.8735,2.8735,2.873,2.8735,5
2026-05-01 07:41:00,2.869,2.869,2.869,2.869,2.874,2.874,2.874,2.874,1
2026-05-01 07:42:00,2.87,2.871,2.87,2.87,2.875,2.876,2.875,2.875,3
2026-05-01 07:43:00,2.8695,2.8705,2.869,2.8705,2.8745,2.8755,2.874,2.8755,5
2026-05-01 07:44:00,2.871,2.871,2.87,2.87,2.876,2.876,2.875,2.875,2
2026-05-01 07:45:00,2.8695,2.871,2.8695,2.87,2.8745,2.876,2.8745,2.875,6
2026-05-01 07:46:00,2.8705,2.8705,2.8705,2.8705,2.8755,2.8755,2.8755,2.8755,1
2026-05-01 07:47:00,2.87,2.8705,2.87,2.8705,2.875,2.8755,2.875,2.8755,2
2026-05-01 07:49:00,2.87,2.87,2.87,2.87,2.875,2.875,2.875,2.875,1
2026-05-01 07:50:00,2.8695,2.8695,2.8695,2.8695,2.8745,2.8745,2.8745,2.8745,1
2026-05-01 07:51:00,2.87,2.87,2.87,2.87,2.875,2.875,2.875,2.875,1
2026-05-01 07:52:00,2.871,2.871,2.87,2.8705,2.876,2.876,2.875,2.8755,3
2026-05-01 07:53:00,2.87,2.87,2.869,2.869,2.875,2.875,2.874,2.874,2
2026-05-01 07:54:00,2.87,2.8705,2.8695,2.8695,2.875,2.8755,2.8745,2.8745,6
2026-05-01 07:55:00,2.87,2.87,2.869,2.869,2.875,2.875,2.874,2.874,4
2026-05-01 07:56:00,2.8685,2.8685,2.8685,2.8685,2.8735,2.8735,2.8735,2.8735,1
2026-05-01 07:57:00,2.869,2.869,2.8685,2.869,2.874,2.874,2.8735,2.874,3
2026-05-01 07:58:00,2.8695,2.87,2.8685,2.869,2.8745,2.875,2.8735,2.874,5
2026-05-01 08:00:00,2.8685,2.871,2.8685,2.871,2.8735,2.876,2.8735,2.876,4
2026-05-01 08:01:00,2.8715,2.873,2.871,2.873,2.8765,2.878,2.876,2.878,6
2026-05-01 08:02:00,2.8735,2.8745,2.8735,2.874,2.8785,2.8795,2.8785,2.879,3
2026-05-01 08:03:00,2.873,2.8735,2.873,2.8735,2.878,2.8785,2.878,2.8785,6
2026-05-01 08:04:00,2.874,2.875,2.874,2.8745,2.879,2.88,2.879,2.8795,5
2026-05-01 08:05:00,2.874,2.875,2.874,2.875,2.879,2.88,2.879,2.88,3
2026-05-01 08:06:00,2.876,2.876,2.876,2.876,2.881,2.881,2.881,2.881,1
2026-05-01 08:07:00,2.877,2.881,2.876,2.881,2.882,2.886,2.881,2.886,14
2026-05-01 08:08:00,2.8815,2.883,2.8815,2.8815,2.8865,2.888,2.8865,2.8865,7
2026-05-01 08:09:00,2.882,2.8825,2.882,2.882,2.887,2.8875,2.887,2.887,3
2026-05-01 08:10:00,2.8825,2.883,2.881,2.8815,2.8875,2.888,2.886,2.8865,7
2026-05-01 08:11:00,2.882,2.883,2.881,2.883,2.887,2.888,2.886,2.888,10
2026-05-01 08:14:00,2.882,2.883,2.882,2.883,2.887,2.888,2.887,2.888,2
2026-05-01 08:17:00,2.884,2.888,2.884,2.888,2.889,2.893,2.889,2.893,11
2026-05-01 08:18:00,2.8885,2.891,2.888,2.891,2.8935,2.896,2.893,2.896,8
2026-05-01 08:19:00,2.892,2.8925,2.891,2.8915,2.897,2.8975,2.896,2.8965,12
2026-05-01 08:20:00,2.891,2.893,2.891,2.893,2.896,2.898,2.896,2.898,5
2026-05-01 08:21:00,2.892,2.896,2.892,2.894,2.897,2.901,2.897,2.899,12
2026-05-01 08:22:00,2.893,2.894,2.893,2.893,2.898,2.899,2.898,2.898,4
2026-05-01 08:23:00,2.894,2.894,2.893,2.894,2.899,2.899,2.898,2.899,14
2026-05-01 08:24:00,2.8935,2.894,2.893,2.894,2.8985,2.899,2.898,2.899,4
2026-05-01 08:25:00,2.8945,2.896,2.8945,2.895,2.8995,2.901,2.8995,2.9,5
2026-05-01 08:26:00,2.8945,2.895,2.893,2.894,2.8995,2.9,2.898,2.899,8
2026-05-01 08:27:00,2.8945,2.895,2.894,2.894,2.8995,2.9,2.899,2.899,6
2026-05-01 08:28:00,2.895,2.896,2.894,2.894,2.9,2.901,2.899,2.899,9
2026-05-01 08:29:00,2.895,2.895,2.895,2.895,2.9,2.9,2.9,2.9,1
2026-05-01 08:30:00,2.894,2.8955,2.893,2.893,2.899,2.9005,2.898,2.898,14
2026-05-01 08:31:00,2.892,2.894,2.891,2.893,2.897,2.899,2.896,2.898,11
2026-05-01 08:32:00,2.894,2.894,2.8915,2.8915,2.899,2.899,2.8965,2.8965,11
2026-05-01 08:33:00,2.892,2.893,2.892,2.893,2.897,2.898,2.897,2.898,5
2026-05-01 08:34:00,2.8935,2.894,2.8925,2.8925,2.8985,2.899,2.8975,2.8975,4
2026-05-01 08:35:00,2.892,2.892,2.891,2.892,2.897,2.897,2.896,2.897,4
2026-05-01 08:36:00,2.891,2.894,2.891,2.892,2.896,2.899,2.896,2.897,16
2026-05-01 08:37:00,2.8925,2.893,2.891,2.8915,2.8975,2.898,2.896,2.8965,6
2026-05-01 08:38:00,2.891,2.892,2.891,2.892,2.896,2.897,2.896,2.897,14
2026-05-01 08:39:00,2.891,2.892,2.891,2.891,2.896,2.897,2.896,2.896,6
2026-05-01 08:40:00,2.892,2.892,2.891,2.892,2.897,2.897,2.896,2.897,12
2026-05-01 08:42:00,2.893,2.895,2.893,2.894,2.898,2.9,2.898,2.899,8
2026-05-01 08:43:00,2.8945,2.898,2.8945,2.897,2.8995,2.903,2.8995,2.902,9
2026-05-01 08:44:00,2.8975,2.8975,2.895,2.895,2.9025,2.9025,2.9,2.9,12
2026-05-01 08:45:00,2.8955,2.896,2.894,2.895,2.9005,2.901,2.899,2.9,10
2026-05-01 08:46:00,2.8955,2.8965,2.895,2.896,2.9005,2.9015,2.9,2.901,6
2026-05-01 08:47:00,2.8955,2.896,2.894,2.894,2.9005,2.901,2.899,2.899,8
2026-05-01 08:48:00,2.8935,2.8945,2.8935,2.894,2.8985,2.8995,2.8985,2.899,6
2026-05-01 08:49:00,2.8945,2.8945,2.894,2.8945,2.8995,2.8995,2.899,2.8995,5
2026-05-01 08:50:00,2.894,2.894,2.893,2.894,2.899,2.899,2.898,2.899,4
2026-05-01 08:51:00,2.895,2.8955,2.895,2.8955,2.9,2.9005,2.9,2.9005,6
2026-05-01 08:52:00,2.896,2.896,2.896,2.896,2.901,2.901,2.901,2.901,1
2026-05-01 08:53:00,2.8955,2.8955,2.895,2.895,2.9005,2.9005,2.9,2.9,2
2026-05-01 08:54:00,2.8955,2.8955,2.894,2.894,2.9005,2.9005,2.899,2.899,7
2026-05-01 08:55:00,2.8945,2.895,2.893,2.894,2.8995,2.9,2.898,2.899,6
2026-05-01 08:57:00,2.895,2.8955,2.895,2.895,2.9,2.9005,2.9,2.9,5
2026-05-01 08:58:00,2.8955,2.8955,2.895,2.895,2.9005,2.9005,2.9,2.9,4
2026-05-01 08:59:00,2.8955,2.8955,2.895,2.8955,2.9005,2.9005,2.9,2.9005,5
2026-05-01 09:00:00,2.896,2.896,2.8915,2.893,2.901,2.901,2.8965,2.898,23
2026-05-01 09:01:00,2.892,2.894,2.892,2.893,2.897,2.899,2.897,2.898,12
2026-05-01 09:02:00,2.894,2.894,2.892,2.893,2.899,2.899,2.897,2.898,9
2026-05-01 09:03:00,2.8935,2.894,2.893,2.8935,2.8985,2.899,2.898,2.8985,9
2026-05-01 09:04:00,2.893,2.894,2.8925,2.8925,2.898,2.899,2.8975,2.8975,4
2026-05-01 09:05:00,2.892,2.893,2.892,2.893,2.897,2.898,2.897,2.898,10
2026-05-01 09:06:00,2.8925,2.8925,2.8915,2.8915,2.8975,2.8975,2.8965,2.8965,5
2026-05-01 09:07:00,2.892,2.894,2.892,2.8925,2.897,2.899,2.897,2.8975,11
2026-05-01 09:08:00,2.892,2.8925,2.885,2.885,2.897,2.8975,2.89,2.89,18
2026-05-01 09:09:00,2.8855,2.886,2.878,2.879,2.8905,2.891,2.883,2.884,30
2026-05-01 09:10:00,2.8795,2.88,2.8765,2.8765,2.8845,2.885,2.8815,2.8815,13
2026-05-01 09:11:00,2.876,2.879,2.872,2.873,2.881,2.884,2.877,2.878,34
2026-05-01 09:12:00,2.8735,2.8755,2.8735,2.8745,2.8785,2.8805,2.8785,2.8795,19
2026-05-01 09:13:00,2.875,2.8775,2.8745,2.877,2.88,2.8825,2.8795,2.882,21
2026-05-01 09:14:00,2.876,2.876,2.873,2.873,2.881,2.881,2.878,2.878,4
2026-05-01 09:15:00,2.8745,2.8775,2.874,2.877,2.8795,2.8825,2.879,2.882,9
2026-05-01 09:16:00,2.8775,2.878,2.873,2.873,2.8825,2.883,2.878,2.878,12
2026-05-01 09:17:00,2.8725,2.8725,2.87,2.8705,2.8775,2.8775,2.875,2.8755,10
2026-05-01 09:18:00,2.871,2.872,2.8705,2.872,2.876,2.877,2.8755,2.877,11
2026-05-01 09:19:00,2.871,2.8715,2.871,2.871,2.876,2.8765,2.876,2.876,3
2026-05-01 09:20:00,2.8715,2.8715,2.867,2.868,2.8765,2.8765,2.872,2.873,17
2026-05-01 09:21:00,2.8675,2.869,2.867,2.869,2.8725,2.874,2.872,2.874,17
2026-05-01 09:22:00,2.868,2.87,2.868,2.87,2.873,2.875,2.873,2.875,5
2026-05-01 09:23:00,2.869,2.871,2.869,2.869,2.874,2.876,2.874,2.874,7
2026-05-01 09:24:00,2.8695,2.871,2.869,2.87,2.8745,2.876,2.874,2.875,15
2026-05-01 09:25:00,2.8705,2.872,2.8705,2.8715,2.8755,2.877,2.8755,2.8765,12
2026-05-01 09:26:00,2.872,2.873,2.872,2.8725,2.877,2.878,2.877,2.8775,12
2026-05-01 09:27:00,2.8715,2.872,2.869,2.869,2.8765,2.877,2.874,2.874,10
2026-05-01 09:28:00,2.8695,2.8705,2.8675,2.868,2.8745,2.8755,2.8725,2.873,13
2026-05-01 09:29:00,2.869,2.87,2.8685,2.8695,2.874,2.875,2.8735,2.8745,10
2026-05-01 09:30:00,2.87,2.871,2.8695,2.871,2.875,2.876,2.8745,2.876,12
2026-05-01 09:31:00,2.8715,2.872,2.871,2.872,2.8765,2.877,2.876,2.877,6
2026-05-01 09:32:00,2.873,2.873,2.873,2.873,2.878,2.878,2.878,2.878,1
2026-05-01 09:33:00,2.8735,2.875,2.872,2.874,2.8785,2.88,2.877,2.879,8
2026-05-01 09:34:00,2.8745,2.875,2.8715,2.8715,2.8795,2.88,2.8765,2.8765,10
2026-05-01 09:35:00,2.872,2.874,2.871,2.872,2.877,2.879,2.876,2.877,13
2026-05-01 09:36:00,2.8725,2.873,2.872,2.873,2.8775,2.878,2.877,2.878,13
2026-05-01 09:37:00,2.8735,2.875,2.873,2.873,2.8785,2.88,2.878,2.878,5
2026-05-01 09:38:00,2.8735,2.8735,2.8705,2.871,2.8785,2.8785,2.8755,2.876,14
2026-05-01 09:39:00,2.8715,2.873,2.871,2.872,2.8765,2.878,2.876,2.877,17
2026-05-01 09:40:00,2.8715,2.872,2.871,2.8715,2.8765,2.877,2.876,2.8765,6
2026-05-01 09:41:00,2.871,2.872,2.8695,2.872,2.876,2.877,2.8745,2.877,10
2026-05-01 09:42:00,2.8725,2.8745,2.8725,2.8745,2.8775,2.8795,2.8775,2.8795,4
2026-05-01 09:43:00,2.874,2.8745,2.873,2.8735,2.879,2.8795,2.878,2.8785,7
2026-05-01 09:44:00,2.873,2.876,2.873,2.875,2.878,2.881,2.878,2.88,15
2026-05-01 09:45:00,2.8745,2.8755,2.874,2.875,2.8795,2.8805,2.879,2.88,8
2026-05-01 09:46:00,2.874,2.8755,2.874,2.8755,2.879,2.8805,2.879,2.8805,7
2026-05-01 09:47:00,2.875,2.8755,2.8735,2.8735,2.88,2.8805,2.8785,2.8785,8
2026-05-01 09:48:00,2.873,2.874,2.873,2.8735,2.878,2.879,2.878,2.8785,3
2026-05-01 09:49:00,2.874,2.874,2.8675,2.8675,2.879,2.879,2.8725,2.8725,13
2026-05-01 09:50:00,2.867,2.87,2.867,2.87,2.872,2.875,2.872,2.875,10
2026-05-01 09:51:00,2.8705,2.879,2.8705,2.878,2.8755,2.884,2.8755,2.883,25
2026-05-01 09:52:00,2.877,2.877,2.8715,2.8715,2.882,2.882,2.8765,2.8765,16
2026-05-01 09:53:00,2.872,2.873,2.8715,2.873,2.877,2.878,2.8765,2.878,7
2026-05-01 09:54:00,2.874,2.8745,2.871,2.872,2.879,2.8795,2.876,2.877,17
2026-05-01 09:55:00,2.8725,2.873,2.872,2.872,2.8775,2.878,2.877,2.877,6
2026-05-01 09:56:00,2.873,2.873,2.872,2.872,2.878,2.878,2.877,2.877,2
2026-05-01 09:57:00,2.8725,2.873,2.872,2.873,2.8775,2.878,2.877,2.878,11
2026-05-01 09:58:00,2.8725,2.873,2.872,2.872,2.8775,2.878,2.877,2.877,9
2026-05-01 09:59:00,2.873,2.873,2.872,2.872,2.878,2.878,2.877,2.877,9
2026-05-01 10:00:00,2.8725,2.876,2.8725,2.874,2.8775,2.881,2.8775,2.879,22
2026-05-01 10:01:00,2.873,2.8775,2.873,2.876,2.878,2.8825,2.878,2.881,14
2026-05-01 10:02:00,2.875,2.875,2.873,2.873,2.88,2.88,2.878,2.878,10
2026-05-01 10:03:00,2.8725,2.874,2.8725,2.873,2.8775,2.879,2.8775,2.878,7
2026-05-01 10:04:00,2.8735,2.874,2.87,2.87,2.8785,2.879,2.875,2.875,12
2026-05-01 10:05:00,2.871,2.8715,2.871,2.8715,2.876,2.8765,2.876,2.8765,10
2026-05-01 10:06:00,2.872,2.873,2.872,2.873,2.877,2.878,2.877,2.878,2
2026-05-01 10:07:00,2.8725,2.8725,2.871,2.872,2.8775,2.8775,2.876,2.877,5
2026-05-01 10:08:00,2.8725,2.8725,2.871,2.871,2.8775,2.8775,2.876,2.876,13
2026-05-01 10:09:00,2.8715,2.872,2.871,2.871,2.8765,2.877,2.876,2.876,7
2026-05-01 10:10:00,2.8715,2.8725,2.869,2.869,2.8765,2.8775,2.874,2.874,20
2026-05-01 10:11:00,2.87,2.871,2.87,2.871,2.875,2.876,2.875,2.876,9
2026-05-01 10:12:00,2.8705,2.871,2.87,2.87,2.8755,2.876,2.875,2.875,6
2026-05-01 10:13:00,2.8705,2.871,2.87,2.8705,2.8755,2.876,2.875,2.8755,4
2026-05-01 10:14:00,2.871,2.873,2.871,2.871,2.876,2.878,2.876,2.876,11
2026-05-01 10:15:00,2.8705,2.871,2.8705,2.871,2.8755,2.876,2.8755,2.876,2
2026-05-01 10:16:00,2.8715,2.874,2.871,2.871,2.8765,2.879,2.876,2.876,10
2026-05-01 10:17:00,2.872,2.872,2.8705,2.871,2.877,2.877,2.8755,2.876,4
2026-05-01 10:18:00,2.8715,2.873,2.8715,2.872,2.8765,2.878,2.8765,2.877,6
2026-05-01 10:19:00,2.8715,2.872,2.87,2.87,2.8765,2.877,2.875,2.875,9
2026-05-01 10:20:00,2.871,2.871,2.8695,2.87,2.876,2.876,2.8745,2.875,8
2026-05-01 10:21:00,2.8705,2.8705,2.869,2.87,2.8755,2.8755,2.874,2.875,15
2026-05-01 10:22:00,2.8705,2.872,2.87,2.8705,2.8755,2.877,2.875,2.8755,14
2026-05-01 10:23:00,2.87,2.8705,2.8695,2.8695,2.875,2.8755,2.8745,2.8745,4
2026-05-01 10:24:00,2.869,2.8715,2.869,2.8705,2.874,2.8765,2.874,2.8755,9
2026-05-01 10:25:00,2.871,2.871,2.87,2.87,2.876,2.876,2.875,2.875,7
2026-05-01 10:26:00,2.8705,2.8715,2.8705,2.871,2.8755,2.8765,2.8755,2.876,17
2026-05-01 10:27:00,2.8705,2.871,2.87,2.871,2.8755,2.876,2.875,2.876,12
2026-05-01 10:28:00,2.8715,2.8715,2.8705,2.8715,2.8765,2.8765,2.8755,2.8765,17
2026-05-01 10:29:00,2.872,2.8725,2.869,2.872,2.877,2.8775,2.874,2.877,19
2026-05-01 10:30:00,2.8725,2.873,2.8725,2.873,2.8775,2.878,2.8775,2.878,16
2026-05-01 10:31:00,2.8725,2.875,2.8725,2.875,2.8775,2.88,2.8775,2.88,11
2026-05-01 10:32:00,2.874,2.8755,2.874,2.875,2.879,2.8805,2.879,2.88,11
2026-05-01 10:33:00,2.8755,2.8755,2.874,2.8755,2.8805,2.8805,2.879,2.8805,7
2026-05-01 10:34:00,2.875,2.875,2.875,2.875,2.88,2.88,2.88,2.88,1
2026-05-01 10:35:00,2.8755,2.8755,2.875,2.875,2.8805,2.8805,2.88,2.88,2
2026-05-01 10:36:00,2.8755,2.8755,2.874,2.874,2.8805,2.8805,2.879,2.879,10
2026-05-01 10:37:00,2.8745,2.876,2.874,2.876,2.8795,2.881,2.879,2.881,11
2026-05-01 10:38:00,2.8765,2.88,2.8765,2.8765,2.8815,2.885,2.8815,2.8815,13
2026-05-01 10:39:00,2.877,2.878,2.877,2.877,2.882,2.883,2.882,2.882,10
2026-05-01 10:40:00,2.8775,2.878,2.8775,2.878,2.8825,2.883,2.8825,2.883,2
2026-05-01 10:41:00,2.8785,2.8785,2.877,2.878,2.8835,2.8835,2.882,2.883,9
2026-05-01 10:42:00,2.8785,2.879,2.8775,2.8775,2.8835,2.884,2.8825,2.8825,8
2026-05-01 10:43:00,2.878,2.8795,2.876,2.8765,2.883,2.8845,2.881,2.8815,8
2026-05-01 10:44:00,2.876,2.876,2.875,2.8755,2.881,2.881,2.88,2.8805,3
2026-05-01 10:45:00,2.877,2.877,2.8765,2.8765,2.882,2.882,2.8815,2.8815,8
2026-05-01 10:46:00,2.877,2.877,2.8765,2.877,2.882,2.882,2.8815,2.882,3
2026-05-01 10:48:00,2.8775,2.879,2.877,2.879,2.8825,2.884,2.882,2.884,6
2026-05-01 10:49:00,2.88,2.8815,2.879,2.88,2.885,2.8865,2.884,2.885,13
2026-05-01 10:50:00,2.8805,2.881,2.878,2.88,2.8855,2.886,2.883,2.885,18
2026-05-01 10:51:00,2.8795,2.8795,2.879,2.879,2.8845,2.8845,2.884,2.884,8
2026-05-01 10:52:00,2.8795,2.881,2.879,2.879,2.8845,2.886,2.884,2.884,7
2026-05-01 10:53:00,2.88,2.88,2.879,2.879,2.885,2.885,2.884,2.884,2
2026-05-01 10:54:00,2.8785,2.879,2.8775,2.879,2.8835,2.884,2.8825,2.884,6
2026-05-01 10:55:00,2.88,2.88,2.88,2.88,2.885,2.885,2.885,2.885,1
2026-05-01 10:56:00,2.8805,2.882,2.8805,2.882,2.8855,2.887,2.8855,2.887,5
2026-05-01 10:57:00,2.881,2.883,2.881,2.883,2.886,2.888,2.886,2.888,3
2026-05-01 10:59:00,2.8835,2.8835,2.883,2.8835,2.8885,2.8885,2.888,2.8885,5
2026-05-01 11:00:00,2.884,2.886,2.884,2.886,2.889,2.891,2.889,2.891,5
2026-05-01 11:01:00,2.8865,2.888,2.886,2.887,2.8915,2.893,2.891,2.892,12
2026-05-01 11:02:00,2.888,2.888,2.887,2.887,2.893,2.893,2.892,2.892,3
2026-05-01 11:03:00,2.888,2.888,2.887,2.887,2.893,2.893,2.892,2.892,16
2026-05-01 11:04:00,2.8875,2.888,2.887,2.888,2.8925,2.893,2.892,2.893,5
2026-05-01 11:05:00,2.8875,2.8875,2.887,2.887,2.8925,2.8925,2.892,2.892,2
2026-05-01 11:06:00,2.8865,2.888,2.884,2.8875,2.8915,2.893,2.889,2.8925,16
2026-05-01 11:07:00,2.887,2.888,2.886,2.886,2.892,2.893,2.891,2.891,8
2026-05-01 11:08:00,2.885,2.886,2.885,2.8855,2.89,2.891,2.89,2.8905,7
2026-05-01 11:09:00,2.886,2.8865,2.885,2.886,2.891,2.8915,2.89,2.891,17
2026-05-01 11:10:00,2.8855,2.8855,2.885,2.885,2.8905,2.8905,2.89,2.89,2
2026-05-01 11:11:00,2.884,2.885,2.884,2.885,2.889,2.89,2.889,2.89,5
2026-05-01 11:12:00,2.8845,2.885,2.884,2.885,2.8895,2.89,2.889,2.89,8
2026-05-01 11:13:00,2.8855,2.8855,2.885,2.885,2.8905,2.8905,2.89,2.89,8
2026-05-01 11:14:00,2.8855,2.8855,2.885,2.885,2.8905,2.8905,2.89,2.89,2
2026-05-01 11:15:00,2.8855,2.8855,2.8835,2.884,2.8905,2.8905,2.8885,2.889,5
2026-05-01 11:16:00,2.885,2.885,2.884,2.8845,2.89,2.89,2.889,2.8895,5
2026-05-01 11:17:00,2.884,2.884,2.8815,2.882,2.889,2.889,2.8865,2.887,8
2026-05-01 11:19:00,2.881,2.881,2.8805,2.881,2.886,2.886,2.8855,2.886,3
2026-05-01 11:20:00,2.8805,2.881,2.88,2.88,2.8855,2.886,2.885,2.885,10
2026-05-01 11:21:00,2.8805,2.882,2.88,2.882,2.8855,2.887,2.885,2.887,4
2026-05-01 11:22:00,2.883,2.883,2.882,2.8825,2.888,2.888,2.887,2.8875,11
2026-05-01 11:23:00,2.883,2.883,2.883,2.883,2.888,2.888,2.888,2.888,1
2026-05-01 11:24:00,2.882,2.882,2.8805,2.881,2.887,2.887,2.8855,2.886,5
2026-05-01 11:25:00,2.8805,2.881,2.88,2.88,2.8855,2.886,2.885,2.885,5
2026-05-01 11:26:00,2.881,2.883,2.881,2.882,2.886,2.888,2.886,2.887,5
2026-05-01 11:27:00,2.8815,2.8815,2.881,2.881,2.8865,2.8865,2.886,2.886,2
2026-05-01 11:28:00,2.882,2.883,2.882,2.882,2.887,2.888,2.887,2.887,3
2026-05-01 11:29:00,2.881,2.882,2.881,2.882,2.886,2.887,2.886,2.887,3
2026-05-01 11:30:00,2.883,2.883,2.882,2.882,2.888,2.888,2.887,2.887,2
2026-05-01 11:31:00,2.8815,2.8815,2.881,2.881,2.8865,2.8865,2.886,2.886,4
2026-05-01 11:32:00,2.8815,2.882,2.881,2.881,2.8865,2.887,2.886,2.886,5
2026-05-01 11:33:00,2.8815,2.882,2.8815,2.882,2.8865,2.887,2.8865,2.887,2
2026-05-01 11:34:00,2.8825,2.8825,2.8825,2.8825,2.8875,2.8875,2.8875,2.8875,1
2026-05-01 11:35:00,2.883,2.883,2.881,2.881,2.888,2.888,2.886,2.886,3
2026-05-01 11:36:00,2.8815,2.884,2.881,2.884,2.8865,2.889,2.886,2.889,5
2026-05-01 11:37:00,2.8835,2.884,2.883,2.884,2.8885,2.889,2.888,2.889,8
2026-05-01 11:38:00,2.8835,2.884,2.8835,2.884,2.8885,2.889,2.8885,2.889,2
2026-05-01 11:39:00,2.885,2.886,2.885,2.886,2.89,2.891,2.89,2.891,5
2026-05-01 11:40:00,2.8855,2.8855,2.884,2.884,2.8905,2.8905,2.889,2.889,6
2026-05-01 11:41:00,2.885,2.886,2.885,2.8855,2.89,2.891,2.89,2.8905,8
2026-05-01 11:42:00,2.885,2.885,2.885,2.885,2.89,2.89,2.89,2.89,1
2026-05-01 11:43:00,2.8855,2.886,2.8855,2.886,2.8905,2.891,2.8905,2.891,2
2026-05-01 11:44:00,2.885,2.886,2.885,2.886,2.89,2.891,2.89,2.891,2
2026-05-01 11:45:00,2.885,2.886,2.885,2.886,2.89,2.891,2.89,2.891,2
2026-05-01 11:46:00,2.8865,2.8895,2.8865,2.8895,2.8915,2.8945,2.8915,2.8945,10
2026-05-01 11:47:00,2.89,2.894,2.89,2.894,2.895,2.899,2.895,2.899,9
2026-05-01 11:48:00,2.893,2.893,2.892,2.892,2.898,2.898,2.897,2.897,2
2026-05-01 11:49:00,2.8915,2.892,2.89,2.89,2.8965,2.897,2.895,2.895,6
2026-05-01 11:50:00,2.8905,2.891,2.89,2.89,2.8955,2.896,2.895,2.895,10
2026-05-01 11:51:00,2.8895,2.891,2.889,2.891,2.8945,2.896,2.894,2.896,9
2026-05-01 11:52:00,2.892,2.893,2.892,2.893,2.897,2.898,2.897,2.898,3
2026-05-01 11:53:00,2.8925,2.8925,2.891,2.891,2.8975,2.8975,2.896,2.896,6
2026-05-01 11:54:00,2.8905,2.892,2.89,2.89,2.8955,2.897,2.895,2.895,8
2026-05-01 11:55:00,2.8905,2.8905,2.89,2.89,2.8955,2.8955,2.895,2.895,2
2026-05-01 11:56:00,2.891,2.891,2.89,2.89,2.896,2.896,2.895,2.895,3
2026-05-01 11:57:00,2.891,2.891,2.889,2.89,2.896,2.896,2.894,2.895,14
2026-05-01 11:58:00,2.889,2.89,2.887,2.887,2.894,2.895,2.892,2.892,11
2026-05-01 11:59:00,2.888,2.888,2.888,2.888,2.893,2.893,2.893,2.893,1
2026-05-01 12:00:00,2.889,2.8895,2.8875,2.889,2.894,2.8945,2.8925,2.894,7
2026-05-01 12:01:00,2.89,2.89,2.887,2.888,2.895,2.895,2.892,2.893,6
2026-05-01 12:02:00,2.8875,2.888,2.887,2.888,2.8925,2.893,2.892,2.893,10
2026-05-01 12:03:00,2.887,2.8875,2.886,2.887,2.892,2.8925,2.891,2.892,6
2026-05-01 12:04:00,2.8875,2.8875,2.887,2.887,2.8925,2.8925,2.892,2.892,2
2026-05-01 12:06:00,2.888,2.888,2.888,2.888,2.893,2.893,2.893,2.893,1
2026-05-01 12:07:00,2.887,2.8885,2.885,2.8855,2.892,2.8935,2.89,2.8905,15
2026-05-01 12:08:00,2.886,2.886,2.885,2.885,2.891,2.891,2.89,2.89,6
2026-05-01 12:09:00,2.8855,2.886,2.885,2.8855,2.8905,2.891,2.89,2.8905,7
2026-05-01 12:10:00,2.886,2.886,2.883,2.883,2.891,2.891,2.888,2.888,8
2026-05-01 12:11:00,2.8835,2.886,2.883,2.8855,2.8885,2.891,2.888,2.8905,11
2026-05-01 12:12:00,2.886,2.886,2.884,2.884,2.891,2.891,2.889,2.889,3
2026-05-01 12:13:00,2.885,2.885,2.8845,2.8845,2.89,2.89,2.8895,2.8895,2
2026-05-01 12:14:00,2.884,2.8855,2.884,2.885,2.889,2.8905,2.889,2.89,4
2026-05-01 12:15:00,2.886,2.887,2.886,2.887,2.891,2.892,2.891,2.892,9
2026-05-01 12:16:00,2.8865,2.8865,2.886,2.8865,2.8915,2.8915,2.891,2.8915,3
2026-05-01 12:17:00,2.887,2.888,2.887,2.888,2.892,2.893,2.892,2.893,3
2026-05-01 12:18:00,2.8885,2.889,2.888,2.889,2.8935,2.894,2.893,2.894,4
2026-05-01 12:20:00,2.8885,2.8885,2.887,2.888,2.8935,2.8935,2.892,2.893,3
2026-05-01 12:21:00,2.8875,2.889,2.887,2.889,2.8925,2.894,2.892,2.894,12
2026-05-01 12:22:00,2.888,2.888,2.887,2.888,2.893,2.893,2.892,2.893,3
2026-05-01 12:23:00,2.887,2.888,2.8865,2.887,2.892,2.893,2.8915,2.892,6
2026-05-01 12:25:00,2.888,2.888,2.888,2.888,2.893,2.893,2.893,2.893,1
2026-05-01 12:26:00,2.889,2.89,2.889,2.89,2.894,2.895,2.894,2.895,7
2026-05-01 12:27:00,2.8895,2.891,2.8895,2.891,2.8945,2.896,2.8945,2.896,5
2026-05-01 12:30:00,2.89,2.8915,2.8865,2.887,2.895,2.8965,2.8915,2.892,14
2026-05-01 12:31:00,2.888,2.888,2.887,2.888,2.893,2.893,2.892,2.893,5
2026-05-01 12:32:00,2.889,2.889,2.889,2.889,2.894,2.894,2.894,2.894,1
2026-05-01 12:33:00,2.888,2.888,2.887,2.888,2.893,2.893,2.892,2.893,7
2026-05-01 12:34:00,2.887,2.887,2.886,2.886,2.892,2.892,2.891,2.891,2
2026-05-01 12:35:00,2.885,2.886,2.8845,2.885,2.89,2.891,2.8895,2.89,5
2026-05-01 12:36:00,2.8855,2.8865,2.8855,2.886,2.8905,2.8915,2.8905,2.891,4
2026-05-01 12:37:00,2.887,2.887,2.885,2.886,2.892,2.892,2.89,2.891,6
2026-05-01 12:39:00,2.8855,2.887,2.885,2.887,2.8905,2.892,2.89,2.892,4
2026-05-01 12:40:00,2.8865,2.8865,2.885,2.885,2.8915,2.8915,2.89,2.89,2
2026-05-01 12:41:00,2.884,2.886,2.884,2.886,2.889,2.891,2.889,2.891,5
2026-05-01 12:42:00,2.887,2.887,2.887,2.887,2.892,2.892,2.892,2.892,1
2026-05-01 12:43:00,2.8865,2.887,2.886,2.886,2.8915,2.892,2.891,2.891,5
2026-05-01 12:44:00,2.885,2.885,2.8805,2.881,2.89,2.89,2.8855,2.886,11
2026-05-01 12:45:00,2.88,2.88,2.8775,2.878,2.885,2.885,2.8825,2.883,8
2026-05-01 12:46:00,2.8785,2.88,2.878,2.88,2.8835,2.885,2.883,2.885,5
2026-05-01 12:47:00,2.881,2.882,2.881,2.881,2.886,2.887,2.886,2.886,3
2026-05-01 12:48:00,2.882,2.882,2.881,2.881,2.887,2.887,2.886,2.886,6
2026-05-01 12:49:00,2.882,2.882,2.881,2.881,2.887,2.887,2.886,2.886,5
2026-05-01 12:50:00,2.88,2.88,2.878,2.878,2.885,2.885,2.883,2.883,4
2026-05-01 12:51:00,2.8785,2.883,2.8785,2.882,2.8835,2.888,2.8835,2.887,12
2026-05-01 12:52:00,2.8815,2.8815,2.8805,2.881,2.8865,2.8865,2.8855,2.886,3
2026-05-01 12:53:00,2.882,2.882,2.88,2.88,2.887,2.887,2.885,2.885,3
2026-05-01 12:54:00,2.881,2.881,2.88,2.881,2.886,2.886,2.885,2.886,3
2026-05-01 12:55:00,2.88,2.8845,2.88,2.882,2.885,2.8895,2.885,2.887,13
2026-05-01 12:56:00,2.8815,2.883,2.881,2.883,2.8865,2.888,2.886,2.888,9
2026-05-01 12:57:00,2.8825,2.883,2.882,2.882,2.8875,2.888,2.887,2.887,4
2026-05-01 12:58:00,2.881,2.881,2.879,2.88,2.886,2.886,2.884,2.885,10
2026-05-01 12:59:00,2.881,2.881,2.879,2.88,2.886,2.886,2.884,2.885,7
2026-05-01 13:00:00,2.8795,2.88,2.877,2.877,2.8845,2.885,2.882,2.882,15
2026-05-01 13:01:00,2.878,2.8795,2.878,2.878,2.883,2.8845,2.883,2.883,9
2026-05-01 13:02:00,2.8785,2.881,2.878,2.8795,2.8835,2.886,2.883,2.8845,15
2026-05-01 13:03:00,2.88,2.882,2.877,2.881,2.885,2.887,2.882,2.886,15
2026-05-01 13:04:00,2.88,2.881,2.879,2.879,2.885,2.886,2.884,2.884,9
2026-05-01 13:05:00,2.88,2.882,2.88,2.881,2.885,2.887,2.885,2.886,13
2026-05-01 13:06:00,2.88,2.88,2.866,2.867,2.885,2.885,2.871,2.872,36
2026-05-01 13:07:00,2.8675,2.868,2.865,2.8655,2.8725,2.873,2.87,2.8705,15
2026-05-01 13:08:00,2.865,2.866,2.86,2.861,2.87,2.871,2.865,2.866,15
2026-05-01 13:09:00,2.862,2.862,2.8545,2.855,2.867,2.867,2.8595,2.86,14
2026-05-01 13:10:00,2.8545,2.858,2.854,2.8545,2.8595,2.863,2.859,2.8595,20
2026-05-01 13:11:00,2.854,2.86,2.854,2.859,2.859,2.865,2.859,2.864,32
2026-05-01 13:12:00,2.858,2.86,2.857,2.858,2.863,2.865,2.862,2.863,7
2026-05-01 13:13:00,2.857,2.858,2.855,2.855,2.862,2.863,2.86,2.86,9
2026-05-01 13:14:00,2.8545,2.8545,2.8525,2.8525,2.8595,2.8595,2.8575,2.8575,10
2026-05-01 13:15:00,2.853,2.857,2.853,2.857,2.858,2.862,2.858,2.862,10
2026-05-01 13:16:00,2.8565,2.859,2.8555,2.856,2.8615,2.864,2.8605,2.861,15
2026-05-01 13:17:00,2.8555,2.856,2.851,2.8525,2.8605,2.861,2.856,2.8575,15
2026-05-01 13:18:00,2.854,2.859,2.854,2.856,2.859,2.864,2.859,2.861,26
2026-05-01 13:19:00,2.855,2.861,2.855,2.861,2.86,2.866,2.86,2.866,29
2026-05-01 13:20:00,2.86,2.862,2.86,2.8605,2.865,2.867,2.865,2.8655,16
2026-05-01 13:21:00,2.86,2.8635,2.86,2.863,2.865,2.8685,2.865,2.868,18
2026-05-01 13:22:00,2.8635,2.8635,2.863,2.863,2.8685,2.8685,2.868,2.868,6
2026-05-01 13:23:00,2.8635,2.864,2.8635,2.864,2.8685,2.869,2.8685,2.869,2
2026-05-01 13:24:00,2.863,2.863,2.8605,2.8605,2.868,2.868,2.8655,2.8655,6
2026-05-01 13:25:00,2.861,2.8635,2.861,2.861,2.866,2.8685,2.866,2.866,17
2026-05-01 13:26:00,2.86,2.861,2.859,2.8605,2.865,2.866,2.864,2.8655,15
2026-05-01 13:27:00,2.861,2.862,2.859,2.86,2.866,2.867,2.864,2.865,11
2026-05-01 13:28:00,2.861,2.861,2.86,2.861,2.866,2.866,2.865,2.866,6
2026-05-01 13:29:00,2.8615,2.862,2.859,2.86,2.8665,2.867,2.864,2.865,14
2026-05-01 13:30:00,2.861,2.861,2.856,2.8565,2.866,2.866,2.861,2.8615,15
2026-05-01 13:31:00,2.856,2.859,2.856,2.859,2.861,2.864,2.861,2.864,12
2026-05-01 13:32:00,2.8595,2.867,2.859,2.8665,2.8645,2.872,2.864,2.8715,25
2026-05-01 13:33:00,2.866,2.871,2.866,2.87,2.871,2.876,2.871,2.875,24
2026-05-01 13:34:00,2.8695,2.872,2.868,2.87,2.8745,2.877,2.873,2.875,16
2026-05-01 13:35:00,2.8705,2.872,2.87,2.8705,2.8755,2.877,2.875,2.8755,12
2026-05-01 13:36:00,2.871,2.873,2.87,2.871,2.876,2.878,2.875,2.876,12
2026-05-01 13:37:00,2.8705,2.872,2.869,2.8705,2.8755,2.877,2.874,2.8755,16
2026-05-01 13:38:00,2.871,2.872,2.871,2.871,2.876,2.877,2.876,2.876,4
2026-05-01 13:39:00,2.872,2.877,2.872,2.877,2.877,2.882,2.877,2.882,19
2026-05-01 13:40:00,2.8765,2.8765,2.871,2.871,2.8815,2.8815,2.876,2.876,14
2026-05-01 13:41:00,2.872,2.875,2.872,2.875,2.877,2.88,2.877,2.88,13
2026-05-01 13:42:00,2.8745,2.878,2.874,2.878,2.8795,2.883,2.879,2.883,23
2026-05-01 13:43:00,2.877,2.878,2.8745,2.877,2.882,2.883,2.8795,2.882,14
2026-05-01 13:44:00,2.878,2.88,2.876,2.88,2.883,2.885,2.881,2.885,19
2026-05-01 13:45:00,2.881,2.881,2.88,2.881,2.886,2.886,2.885,2.886,12
2026-05-01 13:46:00,2.88,2.881,2.879,2.88,2.885,2.886,2.884,2.885,18
2026-05-01 13:47:00,2.8805,2.881,2.876,2.878,2.8855,2.886,2.881,2.883,24
2026-05-01 13:48:00,2.8785,2.879,2.8785,2.879,2.8835,2.884,2.8835,2.884,4
2026-05-01 13:49:00,2.88,2.882,2.88,2.88,2.885,2.887,2.885,2.885,6
2026-05-01 13:50:00,2.8795,2.8795,2.874,2.878,2.8845,2.8845,2.879,2.883,21
2026-05-01 13:51:00,2.877,2.878,2.8755,2.878,2.882,2.883,2.8805,2.883,14
2026-05-01 13:52:00,2.879,2.879,2.878,2.878,2.884,2.884,2.883,2.883,8
2026-05-01 13:53:00,2.8785,2.882,2.8785,2.88,2.8835,2.887,2.8835,2.885,16
2026-05-01 13:54:00,2.878,2.879,2.874,2.877,2.883,2.884,2.879,2.882,21
2026-05-01 13:55:00,2.8765,2.879,2.875,2.878,2.8815,2.884,2.88,2.883,11
2026-05-01 13:56:00,2.877,2.8785,2.877,2.8785,2.882,2.8835,2.882,2.8835,7
2026-05-01 13:57:00,2.879,2.881,2.8765,2.8765,2.884,2.886,2.8815,2.8815,21
2026-05-01 13:58:00,2.877,2.88,2.877,2.8785,2.882,2.885,2.882,2.8835,12
2026-05-01 13:59:00,2.878,2.879,2.876,2.878,2.883,2.884,2.881,2.883,14
2026-05-01 14:00:00,2.8785,2.881,2.8785,2.8805,2.8835,2.886,2.8835,2.8855,25
2026-05-01 14:01:00,2.88,2.884,2.88,2.881,2.885,2.889,2.885,2.886,33
2026-05-01 14:02:00,2.882,2.882,2.879,2.88,2.887,2.887,2.884,2.885,23
2026-05-01 14:03:00,2.881,2.884,2.881,2.883,2.886,2.889,2.886,2.888,23
2026-05-01 14:04:00,2.8835,2.884,2.881,2.881,2.8885,2.889,2.886,2.886,14
2026-05-01 14:05:00,2.8805,2.884,2.878,2.8825,2.8855,2.889,2.883,2.8875,31
2026-05-01 14:06:00,2.882,2.882,2.88,2.88,2.887,2.887,2.885,2.885,16
2026-05-01 14:07:00,2.8805,2.887,2.88,2.8845,2.8855,2.892,2.885,2.8895,25
2026-05-01 14:08:00,2.885,2.886,2.8835,2.885,2.89,2.891,2.8885,2.89,12
2026-05-01 14:09:00,2.884,2.888,2.884,2.888,2.889,2.893,2.889,2.893,19
2026-05-01 14:10:00,2.8875,2.888,2.8865,2.8865,2.8925,2.893,2.8915,2.8915,9
2026-05-01 14:11:00,2.887,2.898,2.8865,2.897,2.892,2.903,2.8915,2.902,34
2026-05-01 14:12:00,2.8975,2.904,2.895,2.9,2.9025,2.909,2.9,2.905,81
2026-05-01 14:13:00,2.9005,2.903,2.896,2.899,2.9055,2.908,2.901,2.904,60
2026-05-01 14:14:00,2.8995,2.901,2.8945,2.901,2.9045,2.906,2.8995,2.906,59
2026-05-01 14:15:00,2.9015,2.902,2.8995,2.9005,2.9065,2.907,2.9045,2.9055,32
2026-05-01 14:16:00,2.8995,2.8995,2.891,2.8945,2.9045,2.9045,2.896,2.8995,51
2026-05-01 14:17:00,2.894,2.8955,2.8905,2.892,2.899,2.9005,2.8955,2.897,35
2026-05-01 14:18:00,2.8925,2.893,2.882,2.882,2.8975,2.898,2.887,2.887,56
2026-05-01 14:19:00,2.8825,2.887,2.864,2.865,2.8875,2.892,2.869,2.87,88
2026-05-01 14:20:00,2.864,2.87,2.854,2.8675,2.869,2.875,2.859,2.8725,133
2026-05-01 14:21:00,2.868,2.873,2.861,2.87,2.873,2.878,2.866,2.875,98
2026-05-01 14:22:00,2.8695,2.873,2.858,2.858,2.8745,2.878,2.863,2.863,44
2026-05-01 14:23:00,2.859,2.862,2.856,2.8615,2.864,2.867,2.861,2.8665,68
2026-05-01 14:24:00,2.861,2.863,2.855,2.857,2.866,2.868,2.86,2.862,44
2026-05-01 14:25:00,2.8575,2.867,2.857,2.8665,2.8625,2.872,2.862,2.8715,43
2026-05-01 14:26:00,2.867,2.872,2.8565,2.857,2.872,2.877,2.8615,2.862,62
2026-05-01 14:27:00,2.858,2.86,2.852,2.859,2.863,2.865,2.857,2.864,64
2026-05-01 14:28:00,2.86,2.86,2.857,2.859,2.865,2.865,2.862,2.864,29
2026-05-01 14:29:00,2.8595,2.867,2.859,2.863,2.8645,2.872,2.864,2.868,53
2026-05-01 14:30:00,2.8635,2.866,2.86,2.866,2.8685,2.871,2.865,2.871,44
2026-05-01 14:31:00,2.8655,2.871,2.864,2.868,2.8705,2.876,2.869,2.873,38
2026-05-01 14:32:00,2.8675,2.877,2.8645,2.871,2.8725,2.882,2.8695,2.876,61
2026-05-01 14:33:00,2.872,2.8735,2.867,2.867,2.877,2.8785,2.872,2.872,43
2026-05-01 14:34:00,2.8675,2.871,2.866,2.871,2.8725,2.876,2.871,2.876,26
2026-05-01 14:35:00,2.8715,2.875,2.871,2.874,2.8765,2.88,2.876,2.879,18
2026-05-01 14:36:00,2.875,2.8815,2.875,2.8765,2.88,2.8865,2.88,2.8815,29
2026-05-01 14:37:00,2.877,2.886,2.877,2.884,2.882,2.891,2.882,2.889,47
2026-05-01 14:38:00,2.8835,2.8845,2.877,2.8785,2.8885,2.8895,2.882,2.8835,57
2026-05-01 14:39:00,2.879,2.879,2.874,2.8755,2.884,2.884,2.879,2.8805,35
2026-05-01 14:40:00,2.876,2.879,2.876,2.8785,2.881,2.884,2.881,2.8835,22
2026-05-01 14:41:00,2.879,2.8835,2.876,2.8765,2.884,2.8885,2.881,2.8815,68
2026-05-01 14:42:00,2.877,2.881,2.876,2.8765,2.882,2.886,2.881,2.8815,36
2026-05-01 14:43:00,2.875,2.8785,2.871,2.875,2.88,2.8835,2.876,2.88,43
2026-05-01 14:44:00,2.8755,2.88,2.874,2.876,2.8805,2.885,2.879,2.881,49
2026-05-01 14:45:00,2.8765,2.877,2.873,2.874,2.8815,2.882,2.878,2.879,24
2026-05-01 14:46:00,2.8735,2.879,2.87,2.8785,2.8785,2.884,2.875,2.8835,24
2026-05-01 14:47:00,2.879,2.879,2.8745,2.877,2.884,2.884,2.8795,2.882,25
2026-05-01 14:48:00,2.876,2.8795,2.876,2.8785,2.881,2.8845,2.881,2.8835,21
2026-05-01 14:49:00,2.879,2.879,2.875,2.877,2.884,2.884,2.88,2.882,21
2026-05-01 14:50:00,2.876,2.883,2.876,2.8795,2.881,2.888,2.881,2.8845,27
2026-05-01 14:51:00,2.8785,2.8785,2.873,2.8755,2.8835,2.8835,2.878,2.8805,37
2026-05-01 14:52:00,2.875,2.876,2.8735,2.874,2.88,2.881,2.8785,2.879,22
2026-05-01 14:53:00,2.8745,2.875,2.8725,2.875,2.8795,2.88,2.8775,2.88,18
2026-05-01 14:54:00,2.876,2.881,2.873,2.881,2.881,2.886,2.878,2.886,30
2026-05-01 14:55:00,2.882,2.882,2.877,2.877,2.887,2.887,2.882,2.882,35
2026-05-01 14:56:00,2.878,2.878,2.876,2.876,2.883,2.883,2.881,2.881,12
2026-05-01 14:57:00,2.8755,2.877,2.875,2.876,2.8805,2.882,2.88,2.881,12
2026-05-01 14:58:00,2.877,2.879,2.876,2.877,2.882,2.884,2.881,2.882,31
2026-05-01 14:59:00,2.8775,2.885,2.877,2.885,2.8825,2.89,2.882,2.89,33
2026-05-01 15:00:00,2.8855,2.891,2.8855,2.89,2.8905,2.896,2.8905,2.895,79
2026-05-01 15:01:00,2.8915,2.893,2.888,2.889,2.8965,2.898,2.893,2.894,38
2026-05-01 15:02:00,2.8895,2.895,2.888,2.891,2.8945,2.9,2.893,2.896,51
2026-05-01 15:03:00,2.8905,2.895,2.89,2.894,2.8955,2.9,2.895,2.899,32
2026-05-01 15:04:00,2.8945,2.895,2.89,2.895,2.8995,2.9,2.895,2.9,46
2026-05-01 15:05:00,2.8945,2.895,2.886,2.8875,2.8995,2.9,2.891,2.8925,67
2026-05-01 15:06:00,2.888,2.89,2.888,2.888,2.893,2.895,2.893,2.893,25
2026-05-01 15:07:00,2.889,2.889,2.8865,2.887,2.894,2.894,2.8915,2.892,29
2026-05-01 15:08:00,2.8875,2.891,2.886,2.889,2.8925,2.896,2.891,2.894,28
2026-05-01 15:09:00,2.8895,2.893,2.886,2.887,2.8945,2.898,2.891,2.892,23
2026-05-01 15:10:00,2.8865,2.8885,2.884,2.885,2.8915,2.8935,2.889,2.89,41
2026-05-01 15:11:00,2.886,2.887,2.8715,2.875,2.891,2.892,2.8765,2.88,47
2026-05-01 15:12:00,2.876,2.877,2.875,2.875,2.881,2.882,2.88,2.88,25
2026-05-01 15:13:00,2.8755,2.877,2.87,2.871,2.8805,2.882,2.875,2.876,29
2026-05-01 15:14:00,2.87,2.875,2.869,2.872,2.875,2.88,2.874,2.877,36
2026-05-01 15:15:00,2.8725,2.873,2.87,2.873,2.8775,2.878,2.875,2.878,38
2026-05-01 15:16:00,2.874,2.879,2.874,2.8785,2.879,2.884,2.879,2.8835,46
2026-05-01 15:17:00,2.879,2.879,2.8705,2.8705,2.884,2.884,2.8755,2.8755,37
2026-05-01 15:18:00,2.8715,2.872,2.863,2.865,2.8765,2.877,2.868,2.87,45
2026-05-01 15:19:00,2.8655,2.867,2.862,2.865,2.8705,2.872,2.867,2.87,29
2026-05-01 15:20:00,2.8655,2.871,2.865,2.866,2.8705,2.876,2.87,2.871,32
2026-05-01 15:21:00,2.8665,2.868,2.8655,2.867,2.8715,2.873,2.8705,2.872,22
2026-05-01 15:22:00,2.8675,2.869,2.864,2.864,2.8725,2.874,2.869,2.869,25
2026-05-01 15:23:00,2.865,2.868,2.864,2.867,2.87,2.873,2.869,2.872,28
2026-05-01 15:24:00,2.866,2.867,2.863,2.866,2.871,2.872,2.868,2.871,21
2026-05-01 15:25:00,2.8665,2.868,2.864,2.865,2.8715,2.873,2.869,2.87,20
2026-05-01 15:26:00,2.8645,2.8655,2.861,2.864,2.8695,2.8705,2.866,2.869,42
2026-05-01 15:27:00,2.865,2.868,2.8645,2.868,2.87,2.873,2.8695,2.873,22
2026-05-01 15:28:00,2.8675,2.868,2.866,2.867,2.8725,2.873,2.871,2.872,15
2026-05-01 15:29:00,2.866,2.8685,2.865,2.865,2.871,2.8735,2.87,2.87,34
2026-05-01 15:30:00,2.8655,2.868,2.859,2.863,2.8705,2.873,2.864,2.868,52
2026-05-01 15:31:00,2.864,2.867,2.862,2.867,2.869,2.872,2.867,2.872,36
2026-05-01 15:32:00,2.868,2.868,2.856,2.857,2.873,2.873,2.861,2.862,47
2026-05-01 15:33:00,2.858,2.859,2.856,2.857,2.863,2.864,2.861,2.862,28
2026-05-01 15:34:00,2.858,2.859,2.853,2.858,2.863,2.864,2.858,2.863,51
2026-05-01 15:35:00,2.8585,2.861,2.856,2.858,2.8635,2.866,2.861,2.863,55
2026-05-01 15:36:00,2.8585,2.859,2.857,2.8575,2.8635,2.864,2.862,2.8625,13
2026-05-01 15:37:00,2.858,2.861,2.8565,2.859,2.863,2.866,2.8615,2.864,29
2026-05-01 15:38:00,2.8585,2.8595,2.8575,2.858,2.8635,2.8645,2.8625,2.863,11
2026-05-01 15:39:00,2.859,2.869,2.858,2.8685,2.864,2.874,2.863,2.8735,45
2026-05-01 15:40:00,2.868,2.873,2.868,2.8705,2.873,2.878,2.873,2.8755,19
2026-05-01 15:41:00,2.869,2.869,2.865,2.866,2.874,2.874,2.87,2.871,27
2026-05-01 15:42:00,2.867,2.868,2.8645,2.8645,2.872,2.873,2.8695,2.8695,23
2026-05-01 15:43:00,2.865,2.867,2.863,2.864,2.87,2.872,2.868,2.869,28
2026-05-01 15:44:00,2.8635,2.8635,2.86,2.86,2.8685,2.8685,2.865,2.865,24
2026-05-01 15:45:00,2.8605,2.864,2.8595,2.863,2.8655,2.869,2.8645,2.868,30
2026-05-01 15:46:00,2.862,2.865,2.861,2.864,2.867,2.87,2.866,2.869,44
2026-05-01 15:47:00,2.8635,2.8675,2.8635,2.867,2.8685,2.8725,2.8685,2.872,18
2026-05-01 15:48:00,2.8675,2.8675,2.862,2.863,2.8725,2.8725,2.867,2.868,30
2026-05-01 15:49:00,2.8625,2.864,2.862,2.8625,2.8675,2.869,2.867,2.8675,64
2026-05-01 15:50:00,2.863,2.865,2.86,2.861,2.868,2.87,2.865,2.866,52
2026-05-01 15:51:00,2.86,2.862,2.859,2.86,2.865,2.867,2.864,2.865,40
2026-05-01 15:52:00,2.8605,2.861,2.857,2.8575,2.8655,2.866,2.862,2.8625,44
2026-05-01 15:53:00,2.858,2.862,2.858,2.862,2.863,2.867,2.863,2.867,18
2026-05-01 15:54:00,2.861,2.861,2.855,2.857,2.866,2.866,2.86,2.862,64
2026-05-01 15:55:00,2.8575,2.858,2.845,2.851,2.8625,2.863,2.85,2.856,93
2026-05-01 15:56:00,2.8505,2.853,2.8495,2.852,2.8555,2.858,2.8545,2.857,46
2026-05-01 15:57:00,2.8525,2.858,2.852,2.857,2.8575,2.863,2.857,2.862,34
2026-05-01 15:58:00,2.8575,2.858,2.8545,2.855,2.8625,2.863,2.8595,2.86,27
2026-05-01 15:59:00,2.8555,2.856,2.852,2.8525,2.8605,2.861,2.857,2.8575,16
2026-05-01 16:00:00,2.852,2.856,2.85,2.855,2.857,2.861,2.855,2.86,40
2026-05-01 16:01:00,2.8545,2.8545,2.852,2.853,2.8595,2.8595,2.857,2.858,17
2026-05-01 16:02:00,2.8535,2.855,2.849,2.849,2.8585,2.86,2.854,2.854,37
2026-05-01 16:03:00,2.85,2.851,2.844,2.846,2.855,2.856,2.849,2.851,49
2026-05-01 16:04:00,2.8465,2.8485,2.845,2.8465,2.8515,2.8535,2.85,2.8515,39
2026-05-01 16:05:00,2.846,2.848,2.844,2.847,2.851,2.853,2.849,2.852,32
2026-05-01 16:06:00,2.8475,2.848,2.844,2.8445,2.8525,2.853,2.849,2.8495,21
2026-05-01 16:07:00,2.845,2.845,2.839,2.84,2.85,2.85,2.844,2.845,41
2026-05-01 16:08:00,2.8405,2.845,2.84,2.8435,2.8455,2.85,2.845,2.8485,19
2026-05-01 16:09:00,2.843,2.845,2.842,2.844,2.848,2.85,2.847,2.849,26
2026-05-01 16:10:00,2.845,2.845,2.8425,2.843,2.85,2.85,2.8475,2.848,16
2026-05-01 16:11:00,2.8425,2.844,2.841,2.8415,2.8475,2.849,2.846,2.8465,55
2026-05-01 16:12:00,2.841,2.842,2.835,2.835,2.846,2.847,2.84,2.84,37
2026-05-01 16:13:00,2.8355,2.8365,2.83,2.832,2.8405,2.8415,2.835,2.837,34
2026-05-01 16:14:00,2.833,2.835,2.831,2.833,2.838,2.84,2.836,2.838,48
2026-05-01 16:15:00,2.8325,2.837,2.831,2.8365,2.8375,2.842,2.836,2.8415,35
2026-05-01 16:16:00,2.838,2.84,2.837,2.837,2.843,2.845,2.842,2.842,38
2026-05-01 16:17:00,2.8375,2.84,2.837,2.84,2.8425,2.845,2.842,2.845,29
2026-05-01 16:18:00,2.839,2.8395,2.836,2.8385,2.844,2.8445,2.841,2.8435,28
2026-05-01 16:19:00,2.838,2.841,2.838,2.84,2.843,2.846,2.843,2.845,15
2026-05-01 16:20:00,2.8395,2.84,2.837,2.839,2.8445,2.845,2.842,2.844,33
2026-05-01 16:21:00,2.838,2.842,2.838,2.841,2.843,2.847,2.843,2.846,16
2026-05-01 16:22:00,2.8405,2.842,2.84,2.84,2.8455,2.847,2.845,2.845,13
2026-05-01 16:23:00,2.8405,2.841,2.8355,2.837,2.8455,2.846,2.8405,2.842,33
2026-05-01 16:24:00,2.836,2.8385,2.835,2.8385,2.841,2.8435,2.84,2.8435,29
2026-05-01 16:25:00,2.839,2.842,2.838,2.841,2.844,2.847,2.843,2.846,38
2026-05-01 16:26:00,2.8415,2.843,2.84,2.841,2.8465,2.848,2.845,2.846,30
2026-05-01 16:27:00,2.842,2.846,2.842,2.843,2.847,2.851,2.847,2.848,30
2026-05-01 16:28:00,2.844,2.844,2.841,2.841,2.849,2.849,2.846,2.846,12
2026-05-01 16:29:00,2.842,2.843,2.84,2.842,2.847,2.848,2.845,2.847,64
2026-05-01 16:30:00,2.8425,2.845,2.841,2.844,2.8475,2.85,2.846,2.849,58
2026-05-01 16:31:00,2.845,2.845,2.842,2.844,2.85,2.85,2.847,2.849,68
2026-05-01 16:32:00,2.8435,2.845,2.843,2.844,2.8485,2.85,2.848,2.849,32
2026-05-01 16:33:00,2.843,2.843,2.838,2.8385,2.848,2.848,2.843,2.8435,23
2026-05-01 16:34:00,2.839,2.841,2.839,2.841,2.844,2.846,2.844,2.846,28
2026-05-01 16:35:00,2.8415,2.844,2.841,2.843,2.8465,2.849,2.846,2.848,25
2026-05-01 16:36:00,2.8435,2.846,2.843,2.846,2.8485,2.851,2.848,2.851,38
2026-05-01 16:37:00,2.847,2.851,2.845,2.85,2.852,2.856,2.85,2.855,33
2026-05-01 16:38:00,2.851,2.851,2.848,2.849,2.856,2.856,2.853,2.854,17
2026-05-01 16:39:00,2.85,2.851,2.85,2.85,2.855,2.856,2.855,2.855,13
2026-05-01 16:40:00,2.8505,2.8515,2.849,2.85,2.8555,2.8565,2.854,2.855,13
2026-05-01 16:41:00,2.8505,2.857,2.85,2.857,2.8555,2.862,2.855,2.862,41
2026-05-01 16:42:00,2.8565,2.86,2.8565,2.859,2.8615,2.865,2.8615,2.864,19
2026-05-01 16:43:00,2.858,2.86,2.856,2.857,2.863,2.865,2.861,2.862,28
2026-05-01 16:44:00,2.8575,2.86,2.8575,2.86,2.8625,2.865,2.8625,2.865,27
2026-05-01 16:45:00,2.861,2.864,2.861,2.864,2.866,2.869,2.866,2.869,22
2026-05-01 16:46:00,2.8635,2.865,2.863,2.863,2.8685,2.87,2.868,2.868,17
2026-05-01 16:47:00,2.8625,2.866,2.862,2.8655,2.8675,2.871,2.867,2.8705,19
2026-05-01 16:48:00,2.865,2.8665,2.8645,2.866,2.87,2.8715,2.8695,2.871,20
2026-05-01 16:49:00,2.8655,2.8665,2.865,2.866,2.8705,2.8715,2.87,2.871,15
2026-05-01 16:50:00,2.8655,2.8655,2.852,2.852,2.8705,2.8705,2.857,2.857,57
2026-05-01 16:51:00,2.8525,2.853,2.851,2.852,2.8575,2.858,2.856,2.857,24
2026-05-01 16:52:00,2.8525,2.858,2.8525,2.857,2.8575,2.863,2.8575,2.862,24
2026-05-01 16:53:00,2.8575,2.859,2.857,2.858,2.8625,2.864,2.862,2.863,16
2026-05-01 16:54:00,2.8585,2.861,2.858,2.86,2.8635,2.866,2.863,2.865,24
2026-05-01 16:55:00,2.8595,2.86,2.857,2.857,2.8645,2.865,2.862,2.862,16
2026-05-01 16:56:00,2.858,2.859,2.853,2.853,2.863,2.864,2.858,2.858,23
2026-05-01 16:57:00,2.8535,2.858,2.852,2.856,2.8585,2.863,2.857,2.861,31
2026-05-01 16:58:00,2.8565,2.858,2.856,2.857,2.8615,2.863,2.861,2.862,15
2026-05-01 16:59:00,2.8565,2.858,2.856,2.858,2.8615,2.863,2.861,2.863,11
2026-05-01 17:00:00,2.859,2.86,2.857,2.859,2.864,2.865,2.862,2.864,49
2026-05-01 17:01:00,2.86,2.861,2.859,2.86,2.865,2.866,2.864,2.865,27
2026-05-01 17:02:00,2.861,2.8635,2.859,2.859,2.866,2.8685,2.864,2.864,14
2026-05-01 17:03:00,2.8595,2.86,2.858,2.859,2.8645,2.865,2.863,2.864,14
2026-05-01 17:04:00,2.86,2.86,2.8575,2.859,2.865,2.865,2.8625,2.864,22
2026-05-01 17:05:00,2.858,2.86,2.8575,2.8575,2.863,2.865,2.8625,2.8625,18
2026-05-01 17:06:00,2.858,2.8595,2.8575,2.859,2.863,2.8645,2.8625,2.864,13
2026-05-01 17:07:00,2.858,2.859,2.858,2.859,2.863,2.864,2.863,2.864,4
2026-05-01 17:08:00,2.8585,2.859,2.856,2.857,2.8635,2.864,2.861,2.862,20
2026-05-01 17:09:00,2.858,2.858,2.856,2.856,2.863,2.863,2.861,2.861,20
2026-05-01 17:10:00,2.8565,2.8595,2.8565,2.859,2.8615,2.8645,2.8615,2.864,21
2026-05-01 17:11:00,2.8595,2.8595,2.855,2.856,2.8645,2.8645,2.86,2.861,27
2026-05-01 17:12:00,2.8565,2.857,2.854,2.8545,2.8615,2.862,2.859,2.8595,26
2026-05-01 17:13:00,2.854,2.856,2.85,2.85,2.859,2.861,2.855,2.855,21
2026-05-01 17:14:00,2.851,2.854,2.851,2.852,2.856,2.859,2.856,2.857,24
2026-05-01 17:15:00,2.851,2.857,2.851,2.8565,2.856,2.862,2.856,2.8615,31
2026-05-01 17:16:00,2.856,2.857,2.855,2.855,2.861,2.862,2.86,2.86,8
2026-05-01 17:17:00,2.8555,2.856,2.854,2.8545,2.8605,2.861,2.859,2.8595,28
2026-05-01 17:18:00,2.855,2.856,2.854,2.8545,2.86,2.861,2.859,2.8595,10
2026-05-01 17:19:00,2.855,2.855,2.853,2.854,2.86,2.86,2.858,2.859,13
2026-05-01 17:20:00,2.853,2.855,2.853,2.855,2.858,2.86,2.858,2.86,19
2026-05-01 17:21:00,2.8555,2.856,2.855,2.855,2.8605,2.861,2.86,2.86,12
2026-05-01 17:22:00,2.856,2.856,2.854,2.854,2.861,2.861,2.859,2.859,7
2026-05-01 17:23:00,2.8535,2.854,2.853,2.853,2.8585,2.859,2.858,2.858,7
2026-05-01 17:24:00,2.8535,2.8545,2.8535,2.8545,2.8585,2.8595,2.8585,2.8595,3
2026-05-01 17:25:00,2.854,2.8545,2.853,2.853,2.859,2.8595,2.858,2.858,16
2026-05-01 17:26:00,2.8535,2.8545,2.8525,2.854,2.8585,2.8595,2.8575,2.859,15
2026-05-01 17:27:00,2.8545,2.855,2.8525,2.8535,2.8595,2.86,2.8575,2.8585,17
2026-05-01 17:28:00,2.854,2.856,2.8535,2.856,2.859,2.861,2.8585,2.861,16
2026-05-01 17:29:00,2.855,2.856,2.853,2.855,2.86,2.861,2.858,2.86,22
2026-05-01 17:30:00,2.8545,2.855,2.85,2.851,2.8595,2.86,2.855,2.856,26
2026-05-01 17:31:00,2.85,2.853,2.8495,2.852,2.855,2.858,2.8545,2.857,14
2026-05-01 17:32:00,2.8525,2.855,2.8525,2.854,2.8575,2.86,2.8575,2.859,17
2026-05-01 17:33:00,2.8535,2.855,2.853,2.8545,2.8585,2.86,2.858,2.8595,13
2026-05-01 17:34:00,2.854,2.855,2.854,2.855,2.859,2.86,2.859,2.86,7
2026-05-01 17:35:00,2.8555,2.856,2.855,2.8555,2.8605,2.861,2.86,2.8605,11
2026-05-01 17:36:00,2.855,2.855,2.852,2.853,2.86,2.86,2.857,2.858,13
2026-05-01 17:37:00,2.854,2.855,2.851,2.853,2.859,2.86,2.856,2.858,10
2026-05-01 17:38:00,2.854,2.854,2.853,2.8535,2.859,2.859,2.858,2.8585,11
2026-05-01 17:39:00,2.853,2.854,2.852,2.853,2.858,2.859,2.857,2.858,13
2026-05-01 17:40:00,2.852,2.852,2.848,2.849,2.857,2.857,2.853,2.854,10
2026-05-01 17:41:00,2.85,2.8515,2.849,2.851,2.855,2.8565,2.854,2.856,12
2026-05-01 17:42:00,2.85,2.851,2.85,2.851,2.855,2.856,2.855,2.856,6
2026-05-01 17:43:00,2.8505,2.8505,2.849,2.849,2.8555,2.8555,2.854,2.854,6
2026-05-01 17:44:00,2.85,2.85,2.847,2.848,2.855,2.855,2.852,2.853,23
2026-05-01 17:45:00,2.849,2.85,2.848,2.849,2.854,2.855,2.853,2.854,9
2026-05-01 17:46:00,2.848,2.85,2.848,2.849,2.853,2.855,2.853,2.854,12
2026-05-01 17:47:00,2.85,2.851,2.849,2.85,2.855,2.856,2.854,2.855,28
2026-05-01 17:48:00,2.849,2.85,2.847,2.848,2.854,2.855,2.852,2.853,22
2026-05-01 17:49:00,2.847,2.848,2.847,2.8475,2.852,2.853,2.852,2.8525,5
2026-05-01 17:50:00,2.848,2.851,2.846,2.849,2.853,2.856,2.851,2.854,32
2026-05-01 17:51:00,2.85,2.85,2.849,2.849,2.855,2.855,2.854,2.854,7
2026-05-01 17:52:00,2.8495,2.8545,2.8495,2.853,2.8545,2.8595,2.8545,2.858,11
2026-05-01 17:53:00,2.8525,2.853,2.852,2.8525,2.8575,2.858,2.857,2.8575,4
2026-05-01 17:54:00,2.853,2.853,2.852,2.852,2.858,2.858,2.857,2.857,11
2026-05-01 17:55:00,2.851,2.8545,2.851,2.8545,2.856,2.8595,2.856,2.8595,6
2026-05-01 17:56:00,2.855,2.855,2.8535,2.855,2.86,2.86,2.8585,2.86,8
2026-05-01 17:57:00,2.856,2.858,2.855,2.858,2.861,2.863,2.86,2.863,6
2026-05-01 17:58:00,2.857,2.857,2.8545,2.8545,2.862,2.862,2.8595,2.8595,8
2026-05-01 17:59:00,2.854,2.8545,2.8535,2.854,2.859,2.8595,2.8585,2.859,5
2026-05-01 18:00:00,2.853,2.853,2.843,2.843,2.858,2.858,2.848,2.848,24
2026-05-01 18:01:00,2.842,2.842,2.838,2.841,2.847,2.847,2.843,2.846,40
2026-05-01 18:02:00,2.8405,2.843,2.839,2.843,2.8455,2.848,2.844,2.848,12
2026-05-01 18:03:00,2.8425,2.847,2.842,2.846,2.8475,2.852,2.847,2.851,16
2026-05-01 18:04:00,2.8455,2.8455,2.841,2.844,2.8505,2.8505,2.846,2.849,13
2026-05-01 18:05:00,2.845,2.845,2.843,2.843,2.85,2.85,2.848,2.848,8
2026-05-01 18:06:00,2.844,2.844,2.837,2.8375,2.849,2.849,2.842,2.8425,32
2026-05-01 18:07:00,2.838,2.838,2.834,2.836,2.843,2.843,2.839,2.841,16
2026-05-01 18:08:00,2.8365,2.8365,2.834,2.835,2.8415,2.8415,2.839,2.84,9
2026-05-01 18:09:00,2.836,2.836,2.833,2.835,2.841,2.841,2.838,2.84,19
2026-05-01 18:10:00,2.834,2.836,2.834,2.835,2.839,2.841,2.839,2.84,20
2026-05-01 18:11:00,2.8345,2.8345,2.833,2.834,2.8395,2.8395,2.838,2.839,9
2026-05-01 18:12:00,2.833,2.837,2.833,2.837,2.838,2.842,2.838,2.842,13
2026-05-01 18:13:00,2.838,2.838,2.836,2.837,2.843,2.843,2.841,2.842,15
2026-05-01 18:14:00,2.838,2.839,2.837,2.839,2.843,2.844,2.842,2.844,12
2026-05-01 18:15:00,2.8395,2.8395,2.8365,2.838,2.8445,2.8445,2.8415,2.843,16
2026-05-01 18:16:00,2.837,2.839,2.837,2.838,2.842,2.844,2.842,2.843,9
2026-05-01 18:17:00,2.837,2.838,2.835,2.835,2.842,2.843,2.84,2.84,10
2026-05-01 18:18:00,2.834,2.835,2.833,2.835,2.839,2.84,2.838,2.84,29
2026-05-01 18:19:00,2.8345,2.835,2.833,2.834,2.8395,2.84,2.838,2.839,14
2026-05-01 18:20:00,2.835,2.835,2.8335,2.835,2.84,2.84,2.8385,2.84,18
2026-05-01 18:21:00,2.8345,2.8345,2.832,2.8335,2.8395,2.8395,2.837,2.8385,20
2026-05-01 18:22:00,2.835,2.836,2.834,2.836,2.84,2.841,2.839,2.841,4
2026-05-01 18:23:00,2.8365,2.843,2.836,2.842,2.8415,2.848,2.841,2.847,79
2026-05-01 18:24:00,2.8425,2.844,2.839,2.841,2.8475,2.849,2.844,2.846,71
2026-05-01 18:25:00,2.8415,2.844,2.841,2.844,2.8465,2.849,2.846,2.849,35
2026-05-01 18:26:00,2.8435,2.844,2.8415,2.8435,2.8485,2.849,2.8465,2.8485,25
2026-05-01 18:27:00,2.843,2.8445,2.842,2.8445,2.848,2.8495,2.847,2.8495,20
2026-05-01 18:28:00,2.844,2.847,2.844,2.846,2.849,2.852,2.849,2.851,21
2026-05-01 18:29:00,2.8465,2.856,2.8465,2.8555,2.8515,2.861,2.8515,2.8605,43
2026-05-01 18:30:00,2.855,2.858,2.8545,2.858,2.86,2.863,2.8595,2.863,42
2026-05-01 18:31:00,2.8575,2.858,2.85,2.851,2.8625,2.863,2.855,2.856,36
2026-05-01 18:32:00,2.8515,2.853,2.851,2.853,2.8565,2.858,2.856,2.858,15
2026-05-01 18:33:00,2.8525,2.854,2.852,2.853,2.8575,2.859,2.857,2.858,12
2026-05-01 18:34:00,2.8525,2.853,2.85,2.852,2.8575,2.858,2.855,2.857,12
2026-05-01 18:35:00,2.851,2.8525,2.849,2.849,2.856,2.8575,2.854,2.854,20
2026-05-01 18:36:00,2.8495,2.852,2.849,2.8515,2.8545,2.857,2.854,2.8565,28
2026-05-01 18:37:00,2.851,2.851,2.845,2.8465,2.856,2.856,2.85,2.8515,32
2026-05-01 18:38:00,2.847,2.8475,2.845,2.847,2.852,2.8525,2.85,2.852,19
2026-05-01 18:39:00,2.848,2.85,2.848,2.849,2.853,2.855,2.853,2.854,16
2026-05-01 18:40:00,2.8485,2.849,2.848,2.848,2.8535,2.854,2.853,2.853,13
2026-05-01 18:41:00,2.849,2.85,2.849,2.8495,2.854,2.855,2.854,2.8545,19
2026-05-01 18:42:00,2.85,2.853,2.8485,2.853,2.855,2.858,2.8535,2.858,28
2026-05-01 18:43:00,2.854,2.855,2.853,2.854,2.859,2.86,2.858,2.859,15
2026-05-01 18:44:00,2.8545,2.857,2.854,2.856,2.8595,2.862,2.859,2.861,27
2026-05-01 18:45:00,2.8555,2.8555,2.851,2.853,2.8605,2.8605,2.856,2.858,17
2026-05-01 18:46:00,2.854,2.854,2.853,2.854,2.859,2.859,2.858,2.859,8
2026-05-01 18:47:00,2.853,2.854,2.853,2.854,2.858,2.859,2.858,2.859,11
2026-05-01 18:48:00,2.8535,2.8535,2.852,2.853,2.8585,2.8585,2.857,2.858,8
2026-05-01 18:49:00,2.854,2.854,2.851,2.853,2.859,2.859,2.856,2.858,11
2026-05-01 18:50:00,2.854,2.855,2.853,2.855,2.859,2.86,2.858,2.86,23
2026-05-01 18:51:00,2.8545,2.857,2.8545,2.8565,2.8595,2.862,2.8595,2.8615,6
2026-05-01 18:52:00,2.856,2.8565,2.855,2.8565,2.861,2.8615,2.86,2.8615,10
2026-05-01 18:53:00,2.857,2.857,2.8545,2.856,2.862,2.862,2.8595,2.861,12
2026-05-01 18:54:00,2.8555,2.857,2.854,2.8555,2.8605,2.862,2.859,2.8605,37
2026-05-01 18:55:00,2.856,2.857,2.856,2.857,2.861,2.862,2.861,2.862,11
2026-05-01 18:56:00,2.8565,2.857,2.856,2.856,2.8615,2.862,2.861,2.861,15
2026-05-01 18:57:00,2.857,2.857,2.856,2.857,2.862,2.862,2.861,2.862,4
2026-05-01 18:58:00,2.856,2.857,2.856,2.857,2.861,2.862,2.861,2.862,5
2026-05-01 18:59:00,2.8575,2.8575,2.856,2.857,2.8625,2.8625,2.861,2.862,13
2026-05-01 19:00:00,2.858,2.858,2.856,2.857,2.863,2.863,2.861,2.862,16
2026-05-01 19:01:00,2.8575,2.859,2.856,2.857,2.8625,2.864,2.861,2.862,11
2026-05-01 19:02:00,2.8575,2.8575,2.8545,2.8545,2.8625,2.8625,2.8595,2.8595,14
2026-05-01 19:03:00,2.854,2.854,2.852,2.853,2.859,2.859,2.857,2.858,16
2026-05-01 19:04:00,2.8525,2.855,2.8525,2.855,2.8575,2.86,2.8575,2.86,11
2026-05-01 19:05:00,2.856,2.856,2.855,2.856,2.861,2.861,2.86,2.861,5
2026-05-01 19:06:00,2.8565,2.861,2.8565,2.86,2.8615,2.866,2.8615,2.865,23
2026-05-01 19:07:00,2.861,2.861,2.86,2.861,2.866,2.866,2.865,2.866,12
2026-05-01 19:08:00,2.86,2.861,2.86,2.861,2.865,2.866,2.865,2.866,14
2026-05-01 19:09:00,2.86,2.861,2.8595,2.86,2.865,2.866,2.8645,2.865,13
2026-05-01 19:10:00,2.859,2.86,2.859,2.859,2.864,2.865,2.864,2.864,7
2026-05-01 19:11:00,2.8595,2.861,2.859,2.8605,2.8645,2.866,2.864,2.8655,9
2026-05-01 19:12:00,2.86,2.86,2.86,2.86,2.865,2.865,2.865,2.865,1
2026-05-01 19:13:00,2.861,2.861,2.857,2.8575,2.866,2.866,2.862,2.8625,13
2026-05-01 19:14:00,2.858,2.858,2.854,2.855,2.863,2.863,2.859,2.86,18
2026-05-01 19:15:00,2.854,2.8545,2.853,2.8545,2.859,2.8595,2.858,2.8595,7
2026-05-01 19:16:00,2.854,2.855,2.854,2.854,2.859,2.86,2.859,2.859,12
2026-05-01 19:17:00,2.855,2.856,2.854,2.8545,2.86,2.861,2.859,2.8595,9
2026-05-01 19:18:00,2.854,2.854,2.851,2.852,2.859,2.859,2.856,2.857,13
2026-05-01 19:19:00,2.8525,2.8525,2.85,2.852,2.8575,2.8575,2.855,2.857,6
2026-05-01 19:20:00,2.8515,2.852,2.85,2.8515,2.8565,2.857,2.855,2.8565,6
2026-05-01 19:21:00,2.852,2.853,2.852,2.8525,2.857,2.858,2.857,2.8575,7
2026-05-01 19:22:00,2.8535,2.857,2.853,2.857,2.8585,2.862,2.858,2.862,8
2026-05-01 19:23:00,2.856,2.856,2.854,2.855,2.861,2.861,2.859,2.86,5
2026-05-01 19:24:00,2.854,2.855,2.853,2.8545,2.859,2.86,2.858,2.8595,9
2026-05-01 19:25:00,2.854,2.855,2.854,2.854,2.859,2.86,2.859,2.859,7
2026-05-01 19:26:00,2.855,2.855,2.854,2.855,2.86,2.86,2.859,2.86,4
2026-05-01 19:27:00,2.8545,2.855,2.8545,2.855,2.8595,2.86,2.8595,2.86,2
2026-05-01 19:28:00,2.856,2.857,2.856,2.857,2.861,2.862,2.861,2.862,2
2026-05-01 19:29:00,2.856,2.857,2.8545,2.855,2.861,2.862,2.8595,2.86,9
2026-05-01 19:30:00,2.8545,2.8545,2.854,2.854,2.8595,2.8595,2.859,2.859,2
2026-05-01 19:31:00,2.853,2.853,2.8525,2.853,2.858,2.858,2.8575,2.858,5
2026-05-01 19:32:00,2.8525,2.855,2.8525,2.854,2.8575,2.86,2.8575,2.859,9
2026-05-01 19:33:00,2.8545,2.855,2.8545,2.855,2.8595,2.86,2.8595,2.86,6
2026-05-01 19:34:00,2.856,2.856,2.854,2.855,2.861,2.861,2.859,2.86,15
2026-05-01 19:35:00,2.8545,2.856,2.8545,2.855,2.8595,2.861,2.8595,2.86,12
2026-05-01 19:36:00,2.8555,2.863,2.8555,2.859,2.8605,2.868,2.8605,2.864,20
2026-05-01 19:37:00,2.8595,2.862,2.859,2.859,2.8645,2.867,2.864,2.864,29
2026-05-01 19:38:00,2.858,2.858,2.8575,2.858,2.863,2.863,2.8625,2.863,3
2026-05-01 19:40:00,2.857,2.859,2.857,2.859,2.862,2.864,2.862,2.864,6
2026-05-01 19:41:00,2.8595,2.8595,2.858,2.858,2.8645,2.8645,2.863,2.863,9
2026-05-01 19:42:00,2.857,2.862,2.857,2.861,2.862,2.867,2.862,2.866,15
2026-05-01 19:43:00,2.8615,2.862,2.861,2.861,2.8665,2.867,2.866,2.866,5
2026-05-01 19:44:00,2.86,2.861,2.86,2.86,2.865,2.866,2.865,2.865,14
2026-05-01 19:45:00,2.861,2.8615,2.859,2.8595,2.866,2.8665,2.864,2.8645,16
2026-05-01 19:46:00,2.859,2.859,2.858,2.859,2.864,2.864,2.863,2.864,5
2026-05-01 19:47:00,2.8595,2.86,2.859,2.859,2.8645,2.865,2.864,2.864,10
2026-05-01 19:48:00,2.858,2.859,2.856,2.8565,2.863,2.864,2.861,2.8615,14
2026-05-01 19:49:00,2.857,2.858,2.857,2.858,2.862,2.863,2.862,2.863,12
2026-05-01 19:50:00,2.857,2.858,2.855,2.857,2.862,2.863,2.86,2.862,9
2026-05-01 19:51:00,2.8575,2.858,2.857,2.857,2.8625,2.863,2.862,2.862,3
2026-05-01 19:52:00,2.8565,2.8575,2.8565,2.8575,2.8615,2.8625,2.8615,2.8625,5
2026-05-01 19:53:00,2.857,2.857,2.852,2.855,2.862,2.862,2.857,2.86,37
2026-05-01 19:54:00,2.854,2.854,2.854,2.854,2.859,2.859,2.859,2.859,1
2026-05-01 19:55:00,2.855,2.855,2.852,2.852,2.86,2.86,2.857,2.857,31
2026-05-01 19:56:00,2.851,2.851,2.8505,2.851,2.856,2.856,2.8555,2.856,5
2026-05-01 19:57:00,2.8515,2.852,2.85,2.852,2.8565,2.857,2.855,2.857,9
2026-05-01 19:58:00,2.8515,2.853,2.851,2.853,2.8565,2.858,2.856,2.858,6
2026-05-01 19:59:00,2.8525,2.8525,2.851,2.8515,2.8575,2.8575,2.856,2.8565,4
2026-05-01 20:00:00,2.852,2.852,2.849,2.85,2.857,2.857,2.854,2.855,18
2026-05-01 20:01:00,2.851,2.852,2.85,2.852,2.856,2.857,2.855,2.857,11
2026-05-01 20:02:00,2.8515,2.853,2.851,2.852,2.8565,2.858,2.856,2.857,13
2026-05-01 20:03:00,2.8515,2.853,2.85,2.852,2.8565,2.858,2.855,2.857,14
2026-05-01 20:04:00,2.853,2.856,2.853,2.856,2.858,2.861,2.858,2.861,10
2026-05-01 20:05:00,2.8555,2.858,2.855,2.858,2.8605,2.863,2.86,2.863,23
2026-05-01 20:06:00,2.859,2.863,2.8575,2.858,2.864,2.868,2.8625,2.863,29
2026-05-01 20:07:00,2.857,2.86,2.857,2.859,2.862,2.865,2.862,2.864,20
2026-05-01 20:08:00,2.8585,2.859,2.856,2.856,2.8635,2.864,2.861,2.861,11
2026-05-01 20:09:00,2.857,2.86,2.857,2.858,2.862,2.865,2.862,2.863,23
2026-05-01 20:10:00,2.859,2.863,2.858,2.8625,2.864,2.868,2.863,2.8675,19
2026-05-01 20:11:00,2.863,2.867,2.862,2.866,2.868,2.872,2.867,2.871,28
2026-05-01 20:12:00,2.8655,2.869,2.865,2.866,2.8705,2.874,2.87,2.871,29
2026-05-01 20:13:00,2.867,2.867,2.865,2.866,2.872,2.872,2.87,2.871,33
2026-05-01 20:14:00,2.865,2.865,2.863,2.8635,2.87,2.87,2.868,2.8685,19
2026-05-01 20:15:00,2.863,2.864,2.861,2.862,2.868,2.869,2.866,2.867,18
2026-05-01 20:16:00,2.8615,2.863,2.86,2.862,2.8665,2.868,2.865,2.867,20
2026-05-01 20:17:00,2.861,2.864,2.861,2.863,2.866,2.869,2.866,2.868,13
2026-05-01 20:18:00,2.8635,2.864,2.863,2.863,2.8685,2.869,2.868,2.868,14
2026-05-01 20:19:00,2.8635,2.8635,2.861,2.8625,2.8685,2.8685,2.866,2.8675,17
2026-05-01 20:20:00,2.862,2.863,2.861,2.863,2.867,2.868,2.866,2.868,14
2026-05-01 20:22:00,2.862,2.865,2.862,2.864,2.867,2.87,2.867,2.869,7
2026-05-01 20:23:00,2.8645,2.865,2.863,2.863,2.8695,2.87,2.868,2.868,9
2026-05-01 20:24:00,2.862,2.863,2.862,2.862,2.867,2.868,2.867,2.867,3
2026-05-01 20:25:00,2.8625,2.863,2.861,2.862,2.8675,2.868,2.866,2.867,23
2026-05-01 20:26:00,2.863,2.8675,2.863,2.864,2.868,2.8725,2.868,2.869,27
2026-05-01 20:27:00,2.862,2.864,2.862,2.863,2.867,2.869,2.867,2.868,18
2026-05-01 20:28:00,2.862,2.863,2.861,2.8625,2.867,2.868,2.866,2.8675,55
2026-05-01 20:29:00,2.863,2.867,2.863,2.8655,2.868,2.872,2.868,2.8705,65
2026-05-01 20:30:00,2.8645,2.87,2.864,2.868,2.8695,2.875,2.869,2.873,35
2026-05-01 20:31:00,2.867,2.869,2.866,2.868,2.872,2.874,2.871,2.873,36
2026-05-01 20:32:00,2.8685,2.8695,2.868,2.868,2.8735,2.8745,2.873,2.873,20
2026-05-01 20:33:00,2.867,2.868,2.867,2.868,2.872,2.873,2.872,2.873,4
2026-05-01 20:34:00,2.867,2.867,2.865,2.867,2.872,2.872,2.87,2.872,8
2026-05-01 20:35:00,2.8675,2.869,2.867,2.867,2.8725,2.874,2.872,2.872,17
2026-05-01 20:36:00,2.8665,2.868,2.8665,2.8675,2.8715,2.873,2.8715,2.8725,11
2026-05-01 20:37:00,2.867,2.867,2.866,2.867,2.872,2.872,2.871,2.872,8
2026-05-01 20:38:00,2.8665,2.867,2.866,2.866,2.8715,2.872,2.871,2.871,6
2026-05-01 20:39:00,2.867,2.867,2.865,2.867,2.872,2.872,2.87,2.872,11
2026-05-01 20:40:00,2.8665,2.867,2.866,2.867,2.8715,2.872,2.871,2.872,5
2026-05-01 20:41:00,2.8665,2.867,2.866,2.867,2.8715,2.872,2.871,2.872,14
2026-05-01 20:42:00,2.8675,2.868,2.867,2.8675,2.8725,2.873,2.872,2.8725,4
2026-05-01 20:43:00,2.868,2.869,2.867,2.868,2.873,2.874,2.872,2.873,9
2026-05-01 20:44:00,2.867,2.868,2.867,2.868,2.872,2.873,2.872,2.873,13
2026-05-01 20:45:00,2.8675,2.868,2.867,2.868,2.8725,2.873,2.872,2.873,7
2026-05-01 20:46:00,2.8685,2.869,2.868,2.868,2.8735,2.874,2.873,2.873,7
2026-05-01 20:47:00,2.869,2.869,2.868,2.868,2.874,2.874,2.873,2.873,7
2026-05-01 20:48:00,2.8675,2.869,2.867,2.869,2.8725,2.874,2.872,2.874,7
2026-05-01 20:49:00,2.8695,2.87,2.869,2.87,2.8745,2.875,2.874,2.875,3
2026-05-01 20:50:00,2.8695,2.87,2.869,2.87,2.8745,2.875,2.874,2.875,3
2026-05-01 20:51:00,2.869,2.87,2.869,2.87,2.874,2.875,2.874,2.875,11
2026-05-01 20:52:00,2.871,2.871,2.87,2.87,2.876,2.876,2.875,2.875,2
2026-05-01 20:53:00,2.8695,2.87,2.8695,2.8695,2.8745,2.875,2.8745,2.8745,3
2026-05-01 20:54:00,2.869,2.869,2.869,2.869,2.874,2.874,2.874,2.874,1
2026-05-01 20:55:00,2.8685,2.8685,2.868,2.8685,2.8735,2.8735,2.873,2.8735,5
2026-05-01 20:56:00,2.868,2.8695,2.868,2.869,2.873,2.8745,2.873,2.874,12
2026-05-01 20:59:00,2.87,2.87,2.868,2.869,2.875,2.875,2.873,2.874,12
2026-05-01 21:00:00,2.8695,2.8705,2.869,2.87,2.8745,2.8755,2.874,2.875,15
2026-05-01 21:01:00,2.869,2.87,2.867,2.867,2.874,2.875,2.872,2.872,13
2026-05-01 21:02:00,2.868,2.869,2.867,2.869,2.873,2.874,2.872,2.874,5
2026-05-01 21:03:00,2.8685,2.869,2.868,2.869,2.8735,2.874,2.873,2.874,8
2026-05-01 21:05:00,2.8695,2.87,2.868,2.87,2.8745,2.875,2.873,2.875,10
2026-05-01 21:06:00,2.869,2.87,2.869,2.87,2.874,2.875,2.874,2.875,3
2026-05-01 21:08:00,2.8705,2.871,2.87,2.871,2.8755,2.876,2.875,2.876,4
2026-05-01 21:10:00,2.8715,2.8725,2.871,2.872,2.8765,2.8775,2.876,2.877,5
2026-05-01 21:11:00,2.8715,2.8715,2.87,2.871,2.8765,2.8765,2.875,2.876,4
2026-05-01 21:12:00,2.8705,2.872,2.87,2.871,2.8755,2.877,2.875,2.876,6
2026-05-01 21:13:00,2.872,2.872,2.871,2.871,2.877,2.877,2.876,2.876,2
2026-05-01 21:14:00,2.8705,2.8705,2.87,2.87,2.8755,2.8755,2.875,2.875,2
2026-05-01 21:15:00,2.871,2.871,2.87,2.87,2.876,2.876,2.875,2.875,6
2026-05-01 21:16:00,2.8695,2.87,2.8695,2.87,2.8745,2.875,2.8745,2.875,2
2026-05-01 21:18:00,2.871,2.871,2.8705,2.8705,2.876,2.876,2.8755,2.8755,2
2026-05-01 21:19:00,2.87,2.872,2.87,2.871,2.875,2.877,2.875,2.876,8
2026-05-01 21:20:00,2.872,2.873,2.871,2.873,2.877,2.878,2.876,2.878,10
2026-05-01 21:21:00,2.874,2.874,2.873,2.873,2.879,2.879,2.878,2.878,2
2026-05-01 21:22:00,2.874,2.874,2.873,2.873,2.879,2.879,2.878,2.878,4
2026-05-01 21:23:00,2.8735,2.875,2.8735,2.875,2.8785,2.88,2.8785,2.88,6
2026-05-01 21:24:00,2.8745,2.875,2.874,2.8745,2.8795,2.88,2.879,2.8795,4
2026-05-01 21:25:00,2.875,2.875,2.8735,2.874,2.88,2.88,2.8785,2.879,5
2026-05-01 21:26:00,2.873,2.873,2.872,2.873,2.878,2.878,2.877,2.878,5
2026-05-01 21:27:00,2.8725,2.873,2.8725,2.873,2.8775,2.878,2.8775,2.878,4
2026-05-01 21:28:00,2.872,2.873,2.872,2.873,2.877,2.878,2.877,2.878,2
2026-05-01 21:29:00,2.872,2.872,2.872,2.872,2.877,2.877,2.877,2.877,1
2026-05-01 21:30:00,2.8715,2.872,2.871,2.872,2.8765,2.877,2.876,2.877,3
2026-05-01 21:31:00,2.8725,2.8725,2.872,2.872,2.8775,2.8775,2.877,2.877,2
2026-05-01 21:36:00,2.8725,2.873,2.872,2.873,2.8775,2.878,2.877,2.878,5
2026-05-01 21:37:00,2.874,2.875,2.873,2.8735,2.879,2.88,2.878,2.8785,11
2026-05-01 21:38:00,2.872,2.873,2.872,2.873,2.877,2.878,2.877,2.878,2
2026-05-01 21:40:00,2.872,2.874,2.872,2.874,2.877,2.879,2.877,2.879,10
2026-05-01 21:41:00,2.8735,2.874,2.8735,2.874,2.8785,2.879,2.8785,2.879,2
2026-05-01 21:42:00,2.875,2.875,2.875,2.875,2.88,2.88,2.88,2.88,1
2026-05-01 21:43:00,2.8745,2.8755,2.8745,2.875,2.8795,2.8805,2.8795,2.88,6
2026-05-01 21:44:00,2.874,2.876,2.874,2.875,2.879,2.881,2.879,2.88,4
2026-05-01 21:45:00,2.874,2.874,2.874,2.874,2.879,2.879,2.879,2.879,1
2026-05-01 21:46:00,2.875,2.875,2.874,2.874,2.88,2.88,2.879,2.879,2
2026-05-01 21:47:00,2.8735,2.874,2.873,2.873,2.8785,2.879,2.878,2.878,9
2026-05-01 21:48:00,2.874,2.8745,2.874,2.874,2.879,2.8795,2.879,2.879,3
2026-05-01 21:49:00,2.8745,2.875,2.874,2.874,2.8795,2.88,2.879,2.879,17
2026-05-01 21:50:00,2.8745,2.875,2.873,2.873,2.8795,2.88,2.878,2.878,7
2026-05-01 21:51:00,2.8725,2.873,2.872,2.872,2.8775,2.878,2.877,2.877,6
2026-05-01 21:52:00,2.873,2.873,2.871,2.871,2.878,2.878,2.876,2.876,4
2026-05-01 21:53:00,2.8715,2.872,2.871,2.871,2.8765,2.877,2.876,2.876,4
2026-05-01 21:54:00,2.8705,2.8705,2.869,2.8695,2.8755,2.8755,2.874,2.8745,7
2026-05-01 21:55:00,2.87,2.871,2.869,2.87,2.875,2.876,2.874,2.875,14
2026-05-01 21:56:00,2.8695,2.87,2.869,2.87,2.8745,2.875,2.874,2.875,6
2026-05-01 21:58:00,2.8695,2.87,2.869,2.87,2.8745,2.875,2.874,2.875,8
2026-05-01 21:59:00,2.871,2.871,2.869,2.87,2.876,2.876,2.874,2.875,3
2026-05-01 22:00:00,2.869,2.869,2.869,2.869,2.874,2.874,2.874,2.874,1
2026-05-01 22:02:00,2.8685,2.869,2.8685,2.869,2.8735,2.874,2.8735,2.874,2
2026-05-01 22:03:00,2.868,2.87,2.868,2.869,2.873,2.875,2.873,2.874,9
2026-05-01 22:04:00,2.868,2.869,2.868,2.869,2.873,2.874,2.873,2.874,2
2026-05-01 22:05:00,2.8685,2.869,2.868,2.869,2.8735,2.874,2.873,2.874,7
2026-05-01 22:06:00,2.8685,2.869,2.868,2.8685,2.8735,2.874,2.873,2.8735,9
2026-05-01 22:07:00,2.869,2.87,2.869,2.87,2.874,2.875,2.874,2.875,6
2026-05-01 22:08:00,2.8705,2.871,2.87,2.8705,2.8755,2.876,2.875,2.8755,6
2026-05-01 22:09:00,2.871,2.872,2.871,2.872,2.876,2.877,2.876,2.877,2
2026-05-01 22:12:00,2.8715,2.8715,2.871,2.871,2.8765,2.8765,2.876,2.876,2
2026-05-01 22:15:00,2.8715,2.872,2.8715,2.872,2.8765,2.877,2.8765,2.877,2
2026-05-01 22:16:00,2.8715,2.8715,2.8715,2.8715,2.8765,2.8765,2.8765,2.8765,1
2026-05-01 22:17:00,2.872,2.872,2.872,2.872,2.877,2.877,2.877,2.877,1
2026-05-01 22:18:00,2.873,2.873,2.871,2.8715,2.878,2.878,2.876,2.8765,6
2026-05-01 22:19:00,2.871,2.871,2.871,2.871,2.876,2.876,2.876,2.876,1
2026-05-01 22:20:00,2.87,2.872,2.87,2.871,2.875,2.877,2.875,2.876,4
2026-05-01 22:22:00,2.87,2.8715,2.87,2.871,2.875,2.8765,2.875,2.876,4
2026-05-01 22:23:00,2.872,2.873,2.872,2.873,2.877,2.878,2.877,2.878,5
2026-05-01 22:24:00,2.8725,2.874,2.872,2.872,2.8775,2.879,2.877,2.877,9
2026-05-01 22:25:00,2.8725,2.873,2.871,2.871,2.8775,2.878,2.876,2.876,6
2026-05-01 22:26:00,2.8715,2.8715,2.87,2.8705,2.8765,2.8765,2.875,2.8755,5
2026-05-01 22:27:00,2.871,2.871,2.871,2.871,2.876,2.876,2.876,2.876,1
2026-05-01 22:29:00,2.87,2.871,2.87,2.871,2.875,2.876,2.875,2.876,2
2026-05-01 22:30:00,2.8715,2.872,2.871,2.871,2.8765,2.877,2.876,2.876,13
2026-05-01 22:32:00,2.872,2.873,2.871,2.871,2.877,2.878,2.876,2.876,5
2026-05-01 22:33:00,2.872,2.873,2.8705,2.871,2.877,2.878,2.8755,2.876,12
2026-05-01 22:34:00,2.872,2.872,2.871,2.871,2.877,2.877,2.876,2.876,2
2026-05-01 22:35:00,2.8705,2.871,2.87,2.871,2.8755,2.876,2.875,2.876,6
2026-05-01 22:42:00,2.872,2.872,2.871,2.871,2.877,2.877,2.876,2.876,3
2026-05-01 22:43:00,2.87,2.873,2.869,2.87,2.875,2.878,2.874,2.875,11
2026-05-01 22:44:00,2.869,2.87,2.868,2.869,2.874,2.875,2.873,2.874,15
2026-05-01 22:45:00,2.87,2.87,2.868,2.869,2.875,2.875,2.873,2.874,19
2026-05-01 22:46:00,2.8685,2.869,2.867,2.868,2.8735,2.874,2.872,2.873,27
2026-05-01 22:47:00,2.8685,2.869,2.868,2.869,2.8735,2.874,2.873,2.874,5
2026-05-01 22:49:00,2.868,2.868,2.868,2.868,2.873,2.873,2.873,2.873,1
2026-05-01 22:50:00,2.867,2.867,2.867,2.867,2.872,2.872,2.872,2.872,1
2026-05-01 22:51:00,2.8665,2.867,2.865,2.865,2.8715,2.872,2.87,2.87,18
2026-05-01 22:52:00,2.866,2.866,2.866,2.866,2.871,2.871,2.871,2.871,1
2026-05-01 22:53:00,2.8665,2.8675,2.866,2.866,2.8715,2.8725,2.871,2.871,26
2026-05-01 22:54:00,2.8655,2.8655,2.865,2.8655,2.8705,2.8705,2.87,2.8705,3
2026-05-01 22:55:00,2.8665,2.867,2.865,2.866,2.8715,2.872,2.87,2.871,11
2026-05-01 22:56:00,2.8665,2.869,2.8665,2.8685,2.8715,2.874,2.8715,2.8735,20
2026-05-01 22:57:00,2.869,2.876,2.869,2.8735,2.874,2.881,2.874,2.8785,23
2026-05-01 22:58:00,2.873,2.874,2.871,2.8735,2.878,2.879,2.876,2.8785,12
2026-05-01 22:59:00,2.874,2.9091,2.872,2.9081,2.879,2.9141,2.877,2.9131,13
2026-05-04 00:00:00,2.8976,2.8976,2.8741,2.8956,2.9026,2.9026,2.8791,2.9006,34
2026-05-04 00:01:00,2.8951,2.8966,2.8831,2.8921,2.9001,2.9016,2.8881,2.8971,25
2026-05-04 00:02:00,2.8916,2.9031,2.8911,2.9016,2.8966,2.9081,2.8961,2.9066,15
2026-05-04 00:03:00,2.9021,2.9026,2.8986,2.9011,2.9071,2.9076,2.9036,2.9061,14
2026-05-04 00:04:00,2.9016,2.9016,2.8966,2.8976,2.9066,2.9066,2.9016,2.9026,8
2026-05-04 00:05:00,2.8981,2.9031,2.8981,2.9031,2.9031,2.9081,2.9031,2.9081,9
2026-05-04 00:06:00,2.9041,2.9096,2.9041,2.9066,2.9091,2.9146,2.9091,2.9116,14
2026-05-04 00:07:00,2.9081,2.9121,2.9061,2.9061,2.9131,2.9171,2.9111,2.9111,19
2026-05-04 00:08:00,2.9071,2.9086,2.9071,2.9086,2.9121,2.9136,2.9121,2.9136,3
2026-05-04 00:09:00,2.9081,2.9081,2.9066,2.9071,2.9131,2.9131,2.9116,2.9121,4
2026-05-04 00:10:00,2.9066,2.9066,2.9056,2.9056,2.9116,2.9116,2.9106,2.9106,2
2026-05-04 00:11:00,2.9066,2.9091,2.9061,2.9076,2.9116,2.9141,2.9111,2.9126,7
2026-05-04 00:12:00,2.9081,2.9091,2.9071,2.9076,2.9131,2.9141,2.9121,2.9126,8
2026-05-04 00:13:00,2.9081,2.9081,2.9071,2.9071,2.9131,2.9131,2.9121,2.9121,5
2026-05-04 00:14:00,2.9056,2.9061,2.9056,2.9061,2.9106,2.9111,2.9106,2.9111,2
2026-05-04 00:15:00,2.9066,2.9091,2.9066,2.9091,2.9116,2.9141,2.9116,2.9141,7
2026-05-04 00:16:00,2.9096,2.9106,2.9091,2.9106,2.9146,2.9156,2.9141,2.9156,6
2026-05-04 00:17:00,2.9111,2.9116,2.9101,2.9101,2.9161,2.9166,2.9151,2.9151,4
2026-05-04 00:18:00,2.9106,2.9111,2.9091,2.9096,2.9156,2.9161,2.9141,2.9146,5
2026-05-04 00:19:00,2.9101,2.9111,2.9101,2.9111,2.9151,2.9161,2.9151,2.9161,3
2026-05-04 00:20:00,2.9106,2.9111,2.9106,2.9111,2.9156,2.9161,2.9156,2.9161,2
2026-05-04 00:21:00,2.9101,2.9156,2.9101,2.9131,2.9151,2.9206,2.9151,2.9181,10
2026-05-04 00:22:00,2.9141,2.9181,2.9141,2.9151,2.9191,2.9231,2.9191,2.9201,13
2026-05-04 00:23:00,2.9141,2.9146,2.9121,2.9146,2.9191,2.9196,2.9171,2.9196,9
2026-05-04 00:24:00,2.9136,2.9136,2.9131,2.9131,2.9186,2.9186,2.9181,2.9181,2
2026-05-04 00:25:00,2.9136,2.9166,2.9131,2.9161,2.9186,2.9216,2.9181,2.9211,7
2026-05-04 00:26:00,2.9156,2.9156,2.9141,2.9141,2.9206,2.9206,2.9191,2.9191,4
2026-05-04 00:27:00,2.9136,2.9136,2.9136,2.9136,2.9186,2.9186,2.9186,2.9186,1
2026-05-04 00:28:00,2.9131,2.9131,2.9111,2.9116,2.9181,2.9181,2.9161,2.9166,4
2026-05-04 00:29:00,2.9121,2.9131,2.9111,2.9111,2.9171,2.9181,2.9161,2.9161,4
2026-05-04 00:30:00,2.9106,2.9106,2.9101,2.9106,2.9156,2.9156,2.9151,2.9156,3
2026-05-04 00:31:00,2.9101,2.9101,2.9101,2.9101,2.9151,2.9151,2.9151,2.9151,1
2026-05-04 00:32:00,2.9121,2.9131,2.9121,2.9121,2.9171,2.9181,2.9171,2.9171,3
2026-05-04 00:33:00,2.9131,2.9141,2.9126,2.9141,2.9181,2.9191,2.9176,2.9191,8
2026-05-04 00:34:00,2.9136,2.9141,2.9136,2.9141,2.9186,2.9191,2.9186,2.9191,4
2026-05-04 00:35:00,2.9136,2.9136,2.9136,2.9136,2.9186,2.9186,2.9186,2.9186,1
2026-05-04 00:36:00,2.9141,2.9166,2.9141,2.9156,2.9191,2.9216,2.9191,2.9206,4
2026-05-04 00:37:00,2.9151,2.9151,2.9151,2.9151,2.9201,2.9201,2.9201,2.9201,1
2026-05-04 00:38:00,2.9161,2.9171,2.9161,2.9171,2.9211,2.9221,2.9211,2.9221,7
2026-05-04 00:39:00,2.9176,2.9176,2.9161,2.9166,2.9226,2.9226,2.9211,2.9216,6
2026-05-04 00:41:00,2.9161,2.9161,2.9151,2.9151,2.9211,2.9211,2.9201,2.9201,2
2026-05-04 00:43:00,2.9156,2.9166,2.9151,2.9166,2.9206,2.9216,2.9201,2.9216,5
2026-05-04 00:44:00,2.9156,2.9156,2.9151,2.9151,2.9206,2.9206,2.9201,2.9201,2
2026-05-04 00:45:00,2.9146,2.9151,2.9146,2.9151,2.9196,2.9201,2.9196,2.9201,2
2026-05-04 00:46:00,2.9166,2.9171,2.9166,2.9171,2.9216,2.9221,2.9216,2.9221,2
2026-05-04 00:47:00,2.9161,2.9161,2.9161,2.9161,2.9211,2.9211,2.9211,2.9211,1
2026-05-04 00:49:00,2.9151,2.9161,2.9151,2.9161,2.9201,2.9211,2.9201,2.9211,2
2026-05-04 00:50:00,2.9171,2.9181,2.9171,2.9181,2.9221,2.9231,2.9221,2.9231,2
2026-05-04 00:51:00,2.9171,2.9171,2.9161,2.9171,2.9221,2.9221,2.9211,2.9221,4
2026-05-04 00:52:00,2.9166,2.9171,2.9166,2.9171,2.9216,2.9221,2.9216,2.9221,2
2026-05-04 00:53:00,2.9161,2.9191,2.9161,2.9191,2.9211,2.9241,2.9211,2.9241,9
2026-05-04 00:54:00,2.9196,2.9251,2.9196,2.9241,2.9246,2.9301,2.9246,2.9291,19
2026-05-04 00:55:00,2.9236,2.9236,2.9236,2.9236,2.9286,2.9286,2.9286,2.9286,1
2026-05-04 17:22:00,2.9946,2.9956,2.9891,2.9921,2.9996,3.0006,2.9941,2.9971,64
2026-05-04 17:23:00,2.9926,2.9941,2.9901,2.9911,2.9976,2.9991,2.9951,2.9961,47
2026-05-04 17:24:00,2.9906,2.9911,2.9901,2.9911,2.9956,2.9961,2.9951,2.9961,13
2026-05-04 17:25:00,2.9921,2.9921,2.9881,2.9891,2.9971,2.9971,2.9931,2.9941,20
2026-05-04 17:26:00,2.9901,2.9911,2.9881,2.9906,2.9951,2.9961,2.9931,2.9956,34
2026-05-04 17:27:00,2.9896,2.9911,2.9886,2.9886,2.9946,2.9961,2.9936,2.9936,23
2026-05-04 17:28:00,2.9881,2.9916,2.9881,2.9911,2.9931,2.9966,2.9931,2.9961,24
2026-05-04 17:29:00,2.9906,2.9911,2.9901,2.9911,2.9956,2.9961,2.9951,2.9961,22
2026-05-04 17:30:00,2.9921,2.9951,2.9911,2.9936,2.9971,3.0001,2.9961,2.9986,48
2026-05-04 17:31:00,2.9921,2.9941,2.9901,2.9911,2.9971,2.9991,2.9951,2.9961,52
2026-05-04 17:32:00,2.9916,2.9941,2.9916,2.9931,2.9966,2.9991,2.9966,2.9981,17
2026-05-04 17:33:00,2.9921,2.9921,2.9901,2.9901,2.9971,2.9971,2.9951,2.9951,5
2026-05-04 17:34:00,2.9911,2.9921,2.9901,2.9911,2.9961,2.9971,2.9951,2.9961,13
2026-05-04 17:35:00,2.9906,2.9921,2.9906,2.9921,2.9956,2.9971,2.9956,2.9971,10
2026-05-04 17:36:00,2.9911,2.9921,2.9881,2.9891,2.9961,2.9971,2.9931,2.9941,14
2026-05-04 17:37:00,2.9901,2.9901,2.9846,2.9846,2.9951,2.9951,2.9896,2.9896,21
2026-05-04 17:38:00,2.9831,2.9841,2.9791,2.9831,2.9881,2.9891,2.9841,2.9881,55
2026-05-04 17:39:00,2.9836,2.9841,2.9831,2.9841,2.9886,2.9891,2.9881,2.9891,6
2026-05-04 17:40:00,2.9851,2.9851,2.9801,2.9801,2.9901,2.9901,2.9851,2.9851,27
2026-05-04 17:41:00,2.9806,2.9821,2.9781,2.9811,2.9856,2.9871,2.9831,2.9861,19
2026-05-04 17:42:00,2.9816,2.9831,2.9781,2.9791,2.9866,2.9881,2.9831,2.9841,22
2026-05-04 17:43:00,2.9801,2.9816,2.9751,2.9751,2.9851,2.9866,2.9801,2.9801,43
2026-05-04 17:44:00,2.9756,2.9771,2.9731,2.9741,2.9806,2.9821,2.9781,2.9791,34
2026-05-04 17:45:00,2.9746,2.9761,2.9731,2.9751,2.9796,2.9811,2.9781,2.9801,15
2026-05-04 17:46:00,2.9761,2.9761,2.9721,2.9741,2.9811,2.9811,2.9771,2.9791,13
2026-05-04 17:47:00,2.9731,2.9781,2.9716,2.9776,2.9781,2.9831,2.9766,2.9826,32
2026-05-04 17:48:00,2.9781,2.9781,2.9761,2.9776,2.9831,2.9831,2.9811,2.9826,19
2026-05-04 17:49:00,2.9766,2.9811,2.9751,2.9801,2.9816,2.9861,2.9801,2.9851,26
2026-05-04 17:50:00,2.9806,2.9821,2.9781,2.9791,2.9856,2.9871,2.9831,2.9841,25
2026-05-04 17:51:00,2.9801,2.9821,2.9791,2.9821,2.9851,2.9871,2.9841,2.9871,24
2026-05-04 17:52:00,2.9831,2.9831,2.9761,2.9781,2.9881,2.9881,2.9811,2.9831,65
2026-05-04 17:53:00,2.9791,2.9796,2.9761,2.9771,2.9841,2.9846,2.9811,2.9821,20
2026-05-04 17:54:00,2.9761,2.9816,2.9761,2.9801,2.9811,2.9866,2.9811,2.9851,18
2026-05-04 17:55:00,2.9806,2.9811,2.9791,2.9791,2.9856,2.9861,2.9841,2.9841,14
2026-05-04 17:56:00,2.9801,2.9801,2.9791,2.9796,2.9851,2.9851,2.9841,2.9846,22
2026-05-04 17:57:00,2.9801,2.9821,2.9791,2.9821,2.9851,2.9871,2.9841,2.9871,12
2026-05-04 17:58:00,2.9826,2.9841,2.9821,2.9826,2.9876,2.9891,2.9871,2.9876,17
2026-05-04 17:59:00,2.9831,2.9841,2.9821,2.9836,2.9881,2.9891,2.9871,2.9886,13
2026-05-04 18:00:00,2.9831,2.9851,2.9811,2.9811,2.9881,2.9901,2.9861,2.9861,23
2026-05-04 18:01:00,2.9821,2.9831,2.9816,2.9821,2.9871,2.9881,2.9866,2.9871,14
2026-05-04 18:02:00,2.9816,2.9826,2.9811,2.9821,2.9866,2.9876,2.9861,2.9871,20
2026-05-04 18:03:00,2.9811,2.9821,2.9811,2.9811,2.9861,2.9871,2.9861,2.9861,20
2026-05-04 18:04:00,2.9816,2.9821,2.9801,2.9801,2.9866,2.9871,2.9851,2.9851,7
2026-05-04 18:05:00,2.9811,2.9841,2.9811,2.9821,2.9861,2.9891,2.9861,2.9871,27
2026-05-04 18:06:00,2.9816,2.9816,2.9806,2.9811,2.9866,2.9866,2.9856,2.9861,4
2026-05-04 18:07:00,2.9821,2.9841,2.9796,2.9841,2.9871,2.9891,2.9846,2.9891,50
2026-05-04 18:08:00,2.9851,2.9901,2.9841,2.9861,2.9901,2.9951,2.9891,2.9911,80
2026-05-04 18:09:00,2.9856,2.9876,2.9846,2.9866,2.9906,2.9926,2.9896,2.9916,30
2026-05-04 18:10:00,2.9871,2.9871,2.9851,2.9851,2.9921,2.9921,2.9901,2.9901,25
2026-05-04 18:11:00,2.9841,2.9851,2.9831,2.9831,2.9891,2.9901,2.9881,2.9881,5
2026-05-04 18:12:00,2.9841,2.9856,2.9841,2.9851,2.9891,2.9906,2.9891,2.9901,9
2026-05-04 18:13:00,2.9856,2.9881,2.9846,2.9846,2.9906,2.9931,2.9896,2.9896,21
2026-05-04 18:14:00,2.9841,2.9841,2.9821,2.9821,2.9891,2.9891,2.9871,2.9871,8
2026-05-04 18:15:00,2.9826,2.9826,2.9801,2.9821,2.9876,2.9876,2.9851,2.9871,17
2026-05-04 18:16:00,2.9811,2.9821,2.9781,2.9801,2.9861,2.9871,2.9831,2.9851,28
2026-05-04 18:17:00,2.9806,2.9821,2.9771,2.9811,2.9856,2.9871,2.9821,2.9861,41
2026-05-04 18:18:00,2.9816,2.9821,2.9796,2.9796,2.9866,2.9871,2.9846,2.9846,16
2026-05-04 18:19:00,2.9801,2.9801,2.9746,2.9776,2.9851,2.9851,2.9796,2.9826,33
2026-05-04 18:20:00,2.9771,2.9791,2.9751,2.9781,2.9821,2.9841,2.9801,2.9831,21
2026-05-04 18:21:00,2.9771,2.9806,2.9771,2.9801,2.9821,2.9856,2.9821,2.9851,12
2026-05-04 18:22:00,2.9796,2.9801,2.9791,2.9801,2.9846,2.9851,2.9841,2.9851,7
2026-05-04 18:23:00,2.9796,2.9821,2.9796,2.9811,2.9846,2.9871,2.9846,2.9861,14
2026-05-04 18:24:00,2.9821,2.9851,2.9821,2.9841,2.9871,2.9901,2.9871,2.9891,8
2026-05-04 18:25:00,2.9836,2.9851,2.9831,2.9851,2.9886,2.9901,2.9881,2.9901,12
2026-05-04 18:26:00,2.9846,2.9851,2.9841,2.9841,2.9896,2.9901,2.9891,2.9891,9
2026-05-04 18:27:00,2.9846,2.9891,2.9846,2.9891,2.9896,2.9941,2.9896,2.9941,26
2026-05-04 18:28:00,2.9901,2.9916,2.9891,2.9891,2.9951,2.9966,2.9941,2.9941,19
2026-05-04 18:29:00,2.9896,2.9901,2.9891,2.9891,2.9946,2.9951,2.9941,2.9941,13
2026-05-04 18:30:00,2.9901,2.9921,2.9891,2.9911,2.9951,2.9971,2.9941,2.9961,15
2026-05-04 18:31:00,2.9906,2.9921,2.9906,2.9911,2.9956,2.9971,2.9956,2.9961,12
2026-05-04 18:32:00,2.9916,2.9931,2.9911,2.9931,2.9966,2.9981,2.9961,2.9981,9
2026-05-04 18:33:00,2.9941,2.9991,2.9941,2.9971,2.9991,3.0041,2.9991,3.0021,30
2026-05-04 18:34:00,2.9966,2.9971,2.9901,2.9901,3.0016,3.0021,2.9951,2.9951,25
2026-05-04 18:35:00,2.9891,2.9906,2.9891,2.9901,2.9941,2.9956,2.9941,2.9951,9
2026-05-04 18:36:00,2.9906,2.9906,2.9876,2.9886,2.9956,2.9956,2.9926,2.9936,12
2026-05-04 18:37:00,2.9891,2.9891,2.9881,2.9881,2.9941,2.9941,2.9931,2.9931,14
2026-05-04 18:38:00,2.9886,2.9931,2.9886,2.9921,2.9936,2.9981,2.9936,2.9971,40
2026-05-04 18:39:00,2.9911,2.9926,2.9911,2.9921,2.9961,2.9976,2.9961,2.9971,15
2026-05-04 18:40:00,2.9926,2.9931,2.9911,2.9911,2.9976,2.9981,2.9961,2.9961,13
2026-05-04 18:41:00,2.9921,2.9951,2.9911,2.9941,2.9971,3.0001,2.9961,2.9991,27
2026-05-04 18:42:00,2.9931,2.9951,2.9931,2.9941,2.9981,3.0001,2.9981,2.9991,13
2026-05-04 18:43:00,2.9946,2.9971,2.9941,2.9971,2.9996,3.0021,2.9991,3.0021,9
2026-05-04 18:44:00,2.9961,2.9971,2.9961,2.9961,3.0011,3.0021,3.0011,3.0011,17
2026-05-04 18:45:00,2.9966,2.9971,2.9941,2.9971,3.0016,3.0021,2.9991,3.0021,24
2026-05-04 18:46:00,2.9976,3.0001,2.9961,2.9961,3.0026,3.0051,3.0011,3.0011,31
2026-05-04 18:47:00,2.9951,3.0001,2.9941,2.9991,3.0001,3.0051,2.9991,3.0041,36
2026-05-04 18:48:00,2.9996,3.0001,2.9961,2.9976,3.0046,3.0051,3.0011,3.0026,32
2026-05-04 18:49:00,2.9971,2.9971,2.9941,2.9951,3.0021,3.0021,2.9991,3.0001,20
2026-05-04 18:50:00,2.9956,2.9961,2.9931,2.9931,3.0006,3.0011,2.9981,2.9981,10
2026-05-04 18:51:00,2.9941,2.9971,2.9941,2.9961,2.9991,3.0021,2.9991,3.0011,16
2026-05-04 18:52:00,2.9966,3.0001,2.9941,2.9951,3.0016,3.0051,2.9991,3.0001,49
2026-05-04 18:53:00,2.9961,2.9986,2.9961,2.9981,3.0011,3.0036,3.0011,3.0031,19
2026-05-04 18:54:00,2.9986,2.9991,2.9981,2.9991,3.0036,3.0041,3.0031,3.0041,5
2026-05-04 18:55:00,3.0001,3.0011,2.9981,2.9991,3.0051,3.0061,3.0031,3.0041,23
2026-05-04 18:56:00,2.9996,3.0001,2.9976,2.9991,3.0046,3.0051,3.0026,3.0041,17
2026-05-04 18:57:00,2.9986,2.9991,2.9981,2.9991,3.0036,3.0041,3.0031,3.0041,8
2026-05-04 18:58:00,3.0001,3.0021,2.9991,3.0011,3.0051,3.0071,3.0041,3.0061,14
2026-05-04 18:59:00,3.0001,3.0001,2.9991,2.9991,3.0051,3.0051,3.0041,3.0041,11
2026-05-04 19:00:00,2.9996,3.0021,2.9991,3.0011,3.0046,3.0071,3.0041,3.0061,25
2026-05-04 19:01:00,3.0016,3.0031,2.9971,2.9991,3.0066,3.0081,3.0021,3.0041,39
2026-05-04 19:02:00,2.9996,3.0021,2.9996,3.0011,3.0046,3.0071,3.0046,3.0061,15
2026-05-04 19:03:00,3.0021,3.0021,3.0001,3.0011,3.0071,3.0071,3.0051,3.0061,15
2026-05-04 19:04:00,3.0021,3.0021,3.0006,3.0006,3.0071,3.0071,3.0056,3.0056,7
2026-05-04 19:05:00,3.0011,3.0016,3.0001,3.0001,3.0061,3.0066,3.0051,3.0051,10
2026-05-04 19:06:00,3.0011,3.0011,3.0001,3.0001,3.0061,3.0061,3.0051,3.0051,9
2026-05-04 19:07:00,3.0011,3.0011,3.0006,3.0011,3.0061,3.0061,3.0056,3.0061,3
2026-05-04 19:08:00,3.0021,3.0021,3.0021,3.0021,3.0071,3.0071,3.0071,3.0071,1
2026-05-04 19:09:00,3.0011,3.0021,2.9991,3.0001,3.0061,3.0071,3.0041,3.0051,10
2026-05-04 19:10:00,2.9996,3.0006,2.9991,3.0001,3.0046,3.0056,3.0041,3.0051,8
2026-05-04 19:11:00,2.9991,2.9991,2.9951,2.9951,3.0041,3.0041,3.0001,3.0001,14
2026-05-04 19:12:00,2.9956,2.9981,2.9926,2.9971,3.0006,3.0031,2.9976,3.0021,19
2026-05-04 19:13:00,2.9981,2.9991,2.9971,2.9971,3.0031,3.0041,3.0021,3.0021,10
2026-05-04 19:14:00,2.9981,3.0001,2.9981,2.9991,3.0031,3.0051,3.0031,3.0041,13
2026-05-04 19:15:00,3.0001,3.0001,2.9981,2.9991,3.0051,3.0051,3.0031,3.0041,19
2026-05-04 19:16:00,3.0001,3.0001,2.9981,2.9981,3.0051,3.0051,3.0031,3.0031,7
2026-05-04 19:17:00,2.9991,2.9991,2.9901,2.9921,3.0041,3.0041,2.9951,2.9971,71
2026-05-04 19:18:00,2.9926,2.9926,2.9901,2.9916,2.9976,2.9976,2.9951,2.9966,27
2026-05-04 19:19:00,2.9911,2.9931,2.9901,2.9926,2.9961,2.9981,2.9951,2.9976,14
2026-05-04 19:20:00,2.9921,2.9931,2.9916,2.9921,2.9971,2.9981,2.9966,2.9971,16
2026-05-04 19:21:00,2.9916,2.9921,2.9901,2.9911,2.9966,2.9971,2.9951,2.9961,18
2026-05-04 19:22:00,2.9906,2.9911,2.9891,2.9901,2.9956,2.9961,2.9941,2.9951,10
2026-05-04 19:23:00,2.9906,2.9906,2.9881,2.9881,2.9956,2.9956,2.9931,2.9931,5
2026-05-04 19:24:00,2.9886,2.9901,2.9881,2.9901,2.9936,2.9951,2.9931,2.9951,12
2026-05-04 19:25:00,2.9911,2.9931,2.9911,2.9921,2.9961,2.9981,2.9961,2.9971,15
2026-05-04 19:26:00,2.9916,2.9921,2.9901,2.9906,2.9966,2.9971,2.9951,2.9956,14
2026-05-04 19:27:00,2.9901,2.9911,2.9881,2.9881,2.9951,2.9961,2.9931,2.9931,19
2026-05-04 19:28:00,2.9891,2.9901,2.9891,2.9891,2.9941,2.9951,2.9941,2.9941,10
2026-05-04 19:29:00,2.9886,2.9901,2.9886,2.9901,2.9936,2.9951,2.9936,2.9951,7
2026-05-04 19:30:00,2.9891,2.9911,2.9891,2.9901,2.9941,2.9961,2.9941,2.9951,10
2026-05-04 19:31:00,2.9911,2.9931,2.9911,2.9921,2.9961,2.9981,2.9961,2.9971,17
2026-05-04 19:32:00,2.9931,2.9941,2.9931,2.9941,2.9981,2.9991,2.9981,2.9991,6
2026-05-04 19:33:00,2.9931,2.9941,2.9891,2.9901,2.9981,2.9991,2.9941,2.9951,19
2026-05-04 19:34:00,2.9911,2.9921,2.9886,2.9891,2.9961,2.9971,2.9936,2.9941,11
2026-05-04 19:35:00,2.9901,2.9901,2.9891,2.9891,2.9951,2.9951,2.9941,2.9941,2
2026-05-04 19:36:00,2.9881,2.9901,2.9881,2.9891,2.9931,2.9951,2.9931,2.9941,8
2026-05-04 19:37:00,2.9901,2.9911,2.9901,2.9911,2.9951,2.9961,2.9951,2.9961,2
2026-05-04 19:39:00,2.9921,2.9921,2.9901,2.9906,2.9971,2.9971,2.9951,2.9956,5
2026-05-04 19:40:00,2.9911,2.9951,2.9911,2.9941,2.9961,3.0001,2.9961,2.9991,17
2026-05-04 19:41:00,2.9931,2.9941,2.9911,2.9931,2.9981,2.9991,2.9961,2.9981,10
2026-05-04 19:42:00,2.9921,2.9961,2.9911,2.9961,2.9971,3.0011,2.9961,3.0011,31
2026-05-04 19:43:00,2.9971,2.9981,2.9931,2.9936,3.0021,3.0031,2.9981,2.9986,28
2026-05-04 19:44:00,2.9931,2.9936,2.9901,2.9901,2.9981,2.9986,2.9951,2.9951,10
2026-05-04 19:45:00,2.9911,2.9921,2.9911,2.9921,2.9961,2.9971,2.9961,2.9971,2
2026-05-04 19:46:00,2.9931,2.9931,2.9921,2.9921,2.9981,2.9981,2.9971,2.9971,7
2026-05-04 19:47:00,2.9916,2.9921,2.9911,2.9911,2.9966,2.9971,2.9961,2.9961,11
2026-05-04 19:48:00,2.9921,2.9921,2.9881,2.9891,2.9971,2.9971,2.9931,2.9941,14
2026-05-04 19:49:00,2.9886,2.9886,2.9831,2.9841,2.9936,2.9936,2.9881,2.9891,19
2026-05-04 19:50:00,2.9846,2.9851,2.9841,2.9851,2.9896,2.9901,2.9891,2.9901,8
2026-05-04 19:51:00,2.9841,2.9851,2.9841,2.9841,2.9891,2.9901,2.9891,2.9891,3
2026-05-04 19:52:00,2.9791,2.9831,2.9791,2.9831,2.9841,2.9881,2.9841,2.9881,22
2026-05-04 19:53:00,2.9841,2.9841,2.9781,2.9801,2.9891,2.9891,2.9831,2.9851,37
2026-05-04 19:54:00,2.9796,2.9821,2.9796,2.9821,2.9846,2.9871,2.9846,2.9871,12
2026-05-04 19:55:00,2.9811,2.9841,2.9811,2.9831,2.9861,2.9891,2.9861,2.9881,16
2026-05-04 19:56:00,2.9836,2.9851,2.9831,2.9841,2.9886,2.9901,2.9881,2.9891,10
2026-05-04 19:57:00,2.9831,2.9861,2.9821,2.9851,2.9881,2.9911,2.9871,2.9901,17
2026-05-04 19:58:00,2.9841,2.9861,2.9841,2.9851,2.9891,2.9911,2.9891,2.9901,4
2026-05-04 19:59:00,2.9846,2.9851,2.9841,2.9846,2.9896,2.9901,2.9891,2.9896,11
2026-05-04 20:00:00,2.9851,2.9851,2.9821,2.9821,2.9901,2.9901,2.9871,2.9871,14
2026-05-04 20:01:00,2.9811,2.9831,2.9811,2.9821,2.9861,2.9881,2.9861,2.9871,11
2026-05-04 20:02:00,2.9831,2.9836,2.9821,2.9831,2.9881,2.9886,2.9871,2.9881,6
2026-05-04 20:03:00,2.9821,2.9851,2.9811,2.9841,2.9871,2.9901,2.9861,2.9891,34
2026-05-04 20:04:00,2.9836,2.9841,2.9831,2.9841,2.9886,2.9891,2.9881,2.9891,11
2026-05-04 20:05:00,2.9851,2.9851,2.9831,2.9831,2.9901,2.9901,2.9881,2.9881,7
2026-05-04 20:06:00,2.9841,2.9841,2.9761,2.9781,2.9891,2.9891,2.9811,2.9831,30
2026-05-04 20:07:00,2.9791,2.9821,2.9781,2.9821,2.9841,2.9871,2.9831,2.9871,16
2026-05-04 20:08:00,2.9816,2.9816,2.9776,2.9781,2.9866,2.9866,2.9826,2.9831,16
2026-05-04 20:09:00,2.9786,2.9801,2.9771,2.9786,2.9836,2.9851,2.9821,2.9836,21
2026-05-04 20:10:00,2.9781,2.9821,2.9771,2.9811,2.9831,2.9871,2.9821,2.9861,12
2026-05-04 20:11:00,2.9816,2.9831,2.9811,2.9821,2.9866,2.9881,2.9861,2.9871,22
2026-05-04 20:12:00,2.9826,2.9841,2.9826,2.9841,2.9876,2.9891,2.9876,2.9891,5
2026-05-04 20:13:00,2.9836,2.9836,2.9821,2.9831,2.9886,2.9886,2.9871,2.9881,10
2026-05-04 20:14:00,2.9821,2.9821,2.9791,2.9816,2.9871,2.9871,2.9841,2.9866,14
2026-05-04 20:15:00,2.9811,2.9826,2.9806,2.9821,2.9861,2.9876,2.9856,2.9871,18
2026-05-04 20:16:00,2.9816,2.9821,2.9811,2.9811,2.9866,2.9871,2.9861,2.9861,13
2026-05-04 20:17:00,2.9821,2.9821,2.9811,2.9811,2.9871,2.9871,2.9861,2.9861,12
2026-05-04 20:18:00,2.9821,2.9861,2.9821,2.9861,2.9871,2.9911,2.9871,2.9911,13
2026-05-04 20:19:00,2.9851,2.9861,2.9831,2.9846,2.9901,2.9911,2.9881,2.9896,27
2026-05-04 20:20:00,2.9851,2.9861,2.9821,2.9831,2.9901,2.9911,2.9871,2.9881,32
2026-05-04 20:21:00,2.9841,2.9891,2.9826,2.9891,2.9891,2.9941,2.9876,2.9941,13
2026-05-04 20:22:00,2.9901,2.9951,2.9891,2.9941,2.9951,3.0001,2.9941,2.9991,29
2026-05-04 20:23:00,2.9936,2.9961,2.9926,2.9931,2.9986,3.0011,2.9976,2.9981,31
2026-05-04 20:24:00,2.9926,2.9926,2.9901,2.9901,2.9976,2.9976,2.9951,2.9951,14
2026-05-04 20:25:00,2.9906,2.9921,2.9886,2.9901,2.9956,2.9971,2.9936,2.9951,21
2026-05-04 20:26:00,2.9896,2.9901,2.9891,2.9901,2.9946,2.9951,2.9941,2.9951,3
2026-05-04 20:27:00,2.9896,2.9921,2.9891,2.9911,2.9946,2.9971,2.9941,2.9961,13
2026-05-04 20:28:00,2.9906,2.9911,2.9851,2.9861,2.9956,2.9961,2.9901,2.9911,114
2026-05-04 20:29:00,2.9866,2.9871,2.9831,2.9851,2.9916,2.9921,2.9881,2.9901,85
2026-05-04 20:30:00,2.9846,2.9891,2.9841,2.9881,2.9896,2.9941,2.9891,2.9931,34
2026-05-04 20:31:00,2.9871,2.9881,2.9831,2.9841,2.9921,2.9931,2.9881,2.9891,32
2026-05-04 20:32:00,2.9846,2.9851,2.9811,2.9821,2.9896,2.9901,2.9861,2.9871,42
2026-05-04 20:33:00,2.9816,2.9821,2.9781,2.9816,2.9866,2.9871,2.9831,2.9866,43
2026-05-04 20:34:00,2.9821,2.9836,2.9781,2.9811,2.9871,2.9886,2.9831,2.9861,43
2026-05-04 20:35:00,2.9816,2.9821,2.9801,2.9811,2.9866,2.9871,2.9851,2.9861,20
2026-05-04 20:36:00,2.9816,2.9816,2.9811,2.9811,2.9866,2.9866,2.9861,2.9861,4
2026-05-04 20:37:00,2.9821,2.9831,2.9821,2.9821,2.9871,2.9881,2.9871,2.9871,7
2026-05-04 20:38:00,2.9816,2.9816,2.9791,2.9791,2.9866,2.9866,2.9841,2.9841,10
2026-05-04 20:40:00,2.9801,2.9801,2.9781,2.9791,2.9851,2.9851,2.9831,2.9841,6
2026-05-04 20:41:00,2.9796,2.9801,2.9761,2.9771,2.9846,2.9851,2.9811,2.9821,11
2026-05-04 20:42:00,2.9781,2.9781,2.9771,2.9771,2.9831,2.9831,2.9821,2.9821,10
2026-05-04 20:43:00,2.9781,2.9781,2.9771,2.9776,2.9831,2.9831,2.9821,2.9826,6
2026-05-04 20:44:00,2.9781,2.9791,2.9771,2.9781,2.9831,2.9841,2.9821,2.9831,9
2026-05-04 20:45:00,2.9771,2.9781,2.9761,2.9766,2.9821,2.9831,2.9811,2.9816,16
2026-05-04 20:46:00,2.9761,2.9781,2.9761,2.9771,2.9811,2.9831,2.9811,2.9821,9
2026-05-04 20:47:00,2.9781,2.9791,2.9776,2.9776,2.9831,2.9841,2.9826,2.9826,11
2026-05-04 20:48:00,2.9771,2.9771,2.9766,2.9771,2.9821,2.9821,2.9816,2.9821,3
2026-05-04 20:49:00,2.9776,2.9786,2.9776,2.9781,2.9826,2.9836,2.9826,2.9831,6
2026-05-04 20:50:00,2.9776,2.9776,2.9761,2.9771,2.9826,2.9826,2.9811,2.9821,14
2026-05-04 20:51:00,2.9761,2.9761,2.9741,2.9741,2.9811,2.9811,2.9791,2.9791,5
2026-05-04 20:52:00,2.9746,2.9781,2.9741,2.9771,2.9796,2.9831,2.9791,2.9821,33
2026-05-04 20:54:00,2.9776,2.9776,2.9761,2.9766,2.9826,2.9826,2.9811,2.9816,12
2026-05-04 20:55:00,2.9771,2.9771,2.9766,2.9771,2.9821,2.9821,2.9816,2.9821,5
2026-05-04 20:56:00,2.9761,2.9761,2.9741,2.9741,2.9811,2.9811,2.9791,2.9791,13
2026-05-04 20:57:00,2.9746,2.9761,2.9741,2.9751,2.9796,2.9811,2.9791,2.9801,21
2026-05-04 20:58:00,2.9746,2.9761,2.9741,2.9751,2.9796,2.9811,2.9791,2.9801,8
2026-05-04 20:59:00,2.9761,2.9771,2.9751,2.9751,2.9811,2.9821,2.9801,2.9801,7
2026-05-04 21:00:00,2.9741,2.9761,2.9741,2.9751,2.9791,2.9811,2.9791,2.9801,10
2026-05-04 21:01:00,2.9746,2.9746,2.9741,2.9741,2.9796,2.9796,2.9791,2.9791,2
2026-05-04 21:02:00,2.9736,2.9741,2.9731,2.9741,2.9786,2.9791,2.9781,2.9791,3
2026-05-04 21:03:00,2.9746,2.9771,2.9741,2.9741,2.9796,2.9821,2.9791,2.9791,17
2026-05-04 21:04:00,2.9731,2.9741,2.9711,2.9731,2.9781,2.9791,2.9761,2.9781,10
2026-05-04 21:05:00,2.9721,2.9721,2.9711,2.9711,2.9771,2.9771,2.9761,2.9761,4
2026-05-04 21:06:00,2.9706,2.9711,2.9666,2.9666,2.9756,2.9761,2.9716,2.9716,48
2026-05-04 21:07:00,2.9671,2.9691,2.9661,2.9686,2.9721,2.9741,2.9711,2.9736,29
2026-05-04 21:08:00,2.9691,2.9701,2.9671,2.9691,2.9741,2.9751,2.9721,2.9741,14
2026-05-04 21:09:00,2.9701,2.9711,2.9686,2.9701,2.9751,2.9761,2.9736,2.9751,20
2026-05-04 21:10:00,2.9706,2.9721,2.9701,2.9711,2.9756,2.9771,2.9751,2.9761,16
2026-05-04 21:11:00,2.9716,2.9721,2.9711,2.9716,2.9766,2.9771,2.9761,2.9766,5
2026-05-04 21:12:00,2.9721,2.9721,2.9706,2.9711,2.9771,2.9771,2.9756,2.9761,7
2026-05-04 21:13:00,2.9701,2.9711,2.9701,2.9711,2.9751,2.9761,2.9751,2.9761,4
2026-05-04 21:14:00,2.9706,2.9711,2.9701,2.9706,2.9756,2.9761,2.9751,2.9756,7
2026-05-04 21:15:00,2.9701,2.9726,2.9691,2.9721,2.9751,2.9776,2.9741,2.9771,13
2026-05-04 21:16:00,2.9716,2.9716,2.9691,2.9701,2.9766,2.9766,2.9741,2.9751,10
2026-05-04 21:17:00,2.9711,2.9711,2.9701,2.9711,2.9761,2.9761,2.9751,2.9761,5
2026-05-04 21:18:00,2.9701,2.9716,2.9701,2.9711,2.9751,2.9766,2.9751,2.9761,19
2026-05-04 21:19:00,2.9701,2.9711,2.9701,2.9711,2.9751,2.9761,2.9751,2.9761,10
2026-05-04 21:20:00,2.9706,2.9711,2.9691,2.9691,2.9756,2.9761,2.9741,2.9741,11
2026-05-04 21:21:00,2.9686,2.9691,2.9671,2.9671,2.9736,2.9741,2.9721,2.9721,9
2026-05-04 21:22:00,2.9681,2.9681,2.9676,2.9681,2.9731,2.9731,2.9726,2.9731,3
2026-05-04 21:23:00,2.9676,2.9681,2.9671,2.9681,2.9726,2.9731,2.9721,2.9731,10
2026-05-04 21:24:00,2.9671,2.9681,2.9666,2.9671,2.9721,2.9731,2.9716,2.9721,7
2026-05-04 21:25:00,2.9666,2.9691,2.9661,2.9666,2.9716,2.9741,2.9711,2.9716,16
2026-05-04 21:26:00,2.9671,2.9681,2.9661,2.9661,2.9721,2.9731,2.9711,2.9711,15
2026-05-04 21:27:00,2.9671,2.9691,2.9671,2.9691,2.9721,2.9741,2.9721,2.9741,5
2026-05-04 21:28:00,2.9686,2.9686,2.9661,2.9681,2.9736,2.9736,2.9711,2.9731,10
2026-05-04 21:29:00,2.9671,2.9681,2.9671,2.9681,2.9721,2.9731,2.9721,2.9731,2
2026-05-04 21:30:00,2.9671,2.9681,2.9666,2.9666,2.9721,2.9731,2.9716,2.9716,4
2026-05-04 21:31:00,2.9661,2.9661,2.9651,2.9661,2.9711,2.9711,2.9701,2.9711,6
2026-05-04 21:32:00,2.9656,2.9661,2.9651,2.9661,2.9706,2.9711,2.9701,2.9711,8
2026-05-04 21:33:00,2.9651,2.9661,2.9651,2.9661,2.9701,2.9711,2.9701,2.9711,3
2026-05-04 21:34:00,2.9666,2.9671,2.9666,2.9671,2.9716,2.9721,2.9716,2.9721,2
2026-05-04 21:35:00,2.9666,2.9726,2.9666,2.9721,2.9716,2.9776,2.9716,2.9771,18
2026-05-04 21:36:00,2.9731,2.9731,2.9721,2.9731,2.9781,2.9781,2.9771,2.9781,10
2026-05-04 21:37:00,2.9721,2.9721,2.9711,2.9711,2.9771,2.9771,2.9761,2.9761,5
2026-05-04 21:38:00,2.9716,2.9716,2.9701,2.9701,2.9766,2.9766,2.9751,2.9751,6
2026-05-04 21:39:00,2.9706,2.9706,2.9701,2.9701,2.9756,2.9756,2.9751,2.9751,2
2026-05-04 21:40:00,2.9696,2.9711,2.9696,2.9706,2.9746,2.9761,2.9746,2.9756,10
2026-05-04 21:41:00,2.9711,2.9721,2.9701,2.9711,2.9761,2.9771,2.9751,2.9761,17
2026-05-04 21:43:00,2.9716,2.9721,2.9711,2.9711,2.9766,2.9771,2.9761,2.9761,6
2026-05-04 21:44:00,2.9701,2.9716,2.9701,2.9716,2.9751,2.9766,2.9751,2.9766,6
2026-05-04 21:45:00,2.9711,2.9721,2.9711,2.9721,2.9761,2.9771,2.9761,2.9771,2
2026-05-04 21:46:00,2.9711,2.9721,2.9711,2.9721,2.9761,2.9771,2.9761,2.9771,7
2026-05-04 21:48:00,2.9726,2.9731,2.9721,2.9726,2.9776,2.9781,2.9771,2.9776,10
2026-05-04 21:49:00,2.9721,2.9721,2.9681,2.9691,2.9771,2.9771,2.9731,2.9741,9
2026-05-04 21:50:00,2.9701,2.9701,2.9671,2.9681,2.9751,2.9751,2.9721,2.9731,18
2026-05-04 21:51:00,2.9676,2.9691,2.9676,2.9691,2.9726,2.9741,2.9726,2.9741,12
2026-05-04 21:52:00,2.9681,2.9691,2.9681,2.9686,2.9731,2.9741,2.9731,2.9736,5
2026-05-04 21:53:00,2.9681,2.9701,2.9681,2.9681,2.9731,2.9751,2.9731,2.9731,10
2026-05-04 21:54:00,2.9671,2.9681,2.9671,2.9681,2.9721,2.9731,2.9721,2.9731,2
2026-05-04 21:55:00,2.9686,2.9686,2.9671,2.9671,2.9736,2.9736,2.9721,2.9721,7
2026-05-04 21:56:00,2.9661,2.9671,2.9661,2.9661,2.9711,2.9721,2.9711,2.9711,9
2026-05-04 21:57:00,2.9671,2.9671,2.9661,2.9671,2.9721,2.9721,2.9711,2.9721,7
2026-05-04 21:58:00,2.9681,2.9681,2.9666,2.9671,2.9731,2.9731,2.9716,2.9721,4
2026-05-04 21:59:00,2.9666,2.9681,2.9666,2.9671,2.9716,2.9731,2.9716,2.9721,11
2026-05-04 22:00:00,2.9676,2.9681,2.9671,2.9676,2.9726,2.9731,2.9721,2.9726,9
2026-05-04 22:01:00,2.9681,2.9681,2.9671,2.9681,2.9731,2.9731,2.9721,2.9731,6
2026-05-04 22:02:00,2.9676,2.9691,2.9676,2.9691,2.9726,2.9741,2.9726,2.9741,4
2026-05-04 22:03:00,2.9686,2.9691,2.9686,2.9686,2.9736,2.9741,2.9736,2.9736,3
2026-05-04 22:04:00,2.9691,2.9691,2.9681,2.9686,2.9741,2.9741,2.9731,2.9736,11
2026-05-04 22:05:00,2.9671,2.9681,2.9661,2.9676,2.9721,2.9731,2.9711,2.9726,16
2026-05-04 22:06:00,2.9681,2.9681,2.9681,2.9681,2.9731,2.9731,2.9731,2.9731,1
2026-05-04 22:07:00,2.9676,2.9681,2.9671,2.9676,2.9726,2.9731,2.9721,2.9726,5
2026-05-04 22:08:00,2.9681,2.9681,2.9671,2.9681,2.9731,2.9731,2.9721,2.9731,4
2026-05-04 22:09:00,2.9676,2.9681,2.9671,2.9676,2.9726,2.9731,2.9721,2.9726,9
2026-05-04 22:10:00,2.9671,2.9681,2.9671,2.9681,2.9721,2.9731,2.9721,2.9731,5
2026-05-04 22:11:00,2.9671,2.9671,2.9666,2.9666,2.9721,2.9721,2.9716,2.9716,4
2026-05-04 22:12:00,2.9681,2.9681,2.9666,2.9671,2.9731,2.9731,2.9716,2.9721,6
2026-05-04 22:13:00,2.9676,2.9676,2.9671,2.9676,2.9726,2.9726,2.9721,2.9726,3
2026-05-04 22:14:00,2.9671,2.9676,2.9671,2.9676,2.9721,2.9726,2.9721,2.9726,2
2026-05-04 22:15:00,2.9671,2.9671,2.9671,2.9671,2.9721,2.9721,2.9721,2.9721,1
2026-05-04 22:16:00,2.9676,2.9711,2.9676,2.9711,2.9726,2.9761,2.9726,2.9761,7
2026-05-04 22:17:00,2.9706,2.9706,2.9701,2.9701,2.9756,2.9756,2.9751,2.9751,2
2026-05-04 22:19:00,2.9696,2.9696,2.9691,2.9691,2.9746,2.9746,2.9741,2.9741,2
2026-05-04 22:20:00,2.9696,2.9701,2.9691,2.9691,2.9746,2.9751,2.9741,2.9741,5
2026-05-04 22:23:00,2.9701,2.9701,2.9691,2.9691,2.9751,2.9751,2.9741,2.9741,12
2026-05-04 22:24:00,2.9696,2.9696,2.9691,2.9691,2.9746,2.9746,2.9741,2.9741,2
2026-05-04 22:26:00,2.9696,2.9731,2.9691,2.9721,2.9746,2.9781,2.9741,2.9771,12
2026-05-04 22:27:00,2.9716,2.9716,2.9716,2.9716,2.9766,2.9766,2.9766,2.9766,1
2026-05-04 22:28:00,2.9711,2.9731,2.9711,2.9721,2.9761,2.9781,2.9761,2.9771,6
2026-05-04 22:29:00,2.9731,2.9731,2.9701,2.9711,2.9781,2.9781,2.9751,2.9761,10
2026-05-04 22:30:00,2.9721,2.9721,2.9706,2.9711,2.9771,2.9771,2.9756,2.9761,7
2026-05-04 22:33:00,2.9716,2.9721,2.9716,2.9721,2.9766,2.9771,2.9766,2.9771,2
2026-05-04 22:36:00,2.9726,2.9731,2.9726,2.9731,2.9776,2.9781,2.9776,2.9781,2
2026-05-04 22:37:00,2.9721,2.9721,2.9721,2.9721,2.9771,2.9771,2.9771,2.9771,1
2026-05-04 22:38:00,2.9726,2.9726,2.9721,2.9721,2.9776,2.9776,2.9771,2.9771,2
2026-05-04 22:39:00,2.9716,2.9716,2.9716,2.9716,2.9766,2.9766,2.9766,2.9766,1
2026-05-04 22:40:00,2.9721,2.9721,2.9716,2.9716,2.9771,2.9771,2.9766,2.9766,2
2026-05-04 22:41:00,2.9711,2.9711,2.9711,2.9711,2.9761,2.9761,2.9761,2.9761,1
2026-05-04 22:43:00,2.9716,2.9721,2.9711,2.9716,2.9766,2.9771,2.9761,2.9766,6
2026-05-04 22:44:00,2.9721,2.9721,2.9721,2.9721,2.9771,2.9771,2.9771,2.9771,1
2026-05-04 22:45:00,2.9711,2.9721,2.9711,2.9721,2.9761,2.9771,2.9761,2.9771,5
2026-05-04 22:46:00,2.9716,2.9726,2.9711,2.9716,2.9766,2.9776,2.9761,2.9766,5
2026-05-04 22:47:00,2.9711,2.9716,2.9711,2.9716,2.9761,2.9766,2.9761,2.9766,2
2026-05-04 22:48:00,2.9721,2.9721,2.9711,2.9711,2.9771,2.9771,2.9761,2.9761,3
2026-05-04 22:49:00,2.9721,2.9731,2.9716,2.9731,2.9771,2.9781,2.9766,2.9781,6
2026-05-04 22:50:00,2.9736,2.9741,2.9731,2.9736,2.9786,2.9791,2.9781,2.9786,13
2026-05-04 22:51:00,2.9741,2.9741,2.9741,2.9741,2.9791,2.9791,2.9791,2.9791,1
2026-05-04 22:54:00,2.9736,2.9741,2.9736,2.9736,2.9786,2.9791,2.9786,2.9786,3
2026-05-04 22:55:00,2.9741,2.9741,2.9741,2.9741,2.9791,2.9791,2.9791,2.9791,1
2026-05-04 22:56:00,2.9746,2.9771,2.9746,2.9761,2.9796,2.9821,2.9796,2.9811,20
2026-05-04 22:57:00,2.9781,2.9781,2.9771,2.9771,2.9831,2.9831,2.9821,2.9821,8
2026-05-04 22:58:00,2.9766,2.9781,2.9766,2.9766,2.9816,2.9831,2.9816,2.9816,13
2026-05-04 22:59:00,2.9771,2.9859,2.9761,2.9849,2.9821,2.9909,2.9811,2.9899,34
2026-05-05 00:00:00,2.9789,2.9824,2.9789,2.9809,2.9839,2.9874,2.9839,2.9859,8
2026-05-05 00:01:00,2.9814,2.9814,2.9814,2.9814,2.9864,2.9864,2.9864,2.9864,1
2026-05-05 00:02:00,2.9794,2.9829,2.9794,2.9829,2.9844,2.9879,2.9844,2.9879,4
2026-05-05 00:03:00,2.9819,2.9819,2.9789,2.9794,2.9869,2.9869,2.9839,2.9844,7
2026-05-05 00:04:00,2.9789,2.9809,2.9789,2.9794,2.9839,2.9859,2.9839,2.9844,6
2026-05-05 00:08:00,2.9789,2.9789,2.9744,2.9744,2.9839,2.9839,2.9794,2.9794,12
2026-05-05 00:09:00,2.9749,2.9759,2.9734,2.9744,2.9799,2.9809,2.9784,2.9794,7
2026-05-05 00:11:00,2.9749,2.9749,2.9739,2.9749,2.9799,2.9799,2.9789,2.9799,4
2026-05-05 00:13:00,2.9744,2.9749,2.9729,2.9729,2.9794,2.9799,2.9779,2.9779,8
2026-05-05 00:15:00,2.9734,2.9739,2.9734,2.9739,2.9784,2.9789,2.9784,2.9789,2
2026-05-05 00:16:00,2.9749,2.9769,2.9749,2.9759,2.9799,2.9819,2.9799,2.9809,4
2026-05-05 00:18:00,2.9764,2.9769,2.9764,2.9769,2.9814,2.9819,2.9814,2.9819,2
2026-05-05 00:19:00,2.9774,2.9774,2.9774,2.9774,2.9824,2.9824,2.9824,2.9824,1
2026-05-05 00:20:00,2.9769,2.9769,2.9769,2.9769,2.9819,2.9819,2.9819,2.9819,1
2026-05-05 00:26:00,2.9774,2.9774,2.9769,2.9774,2.9824,2.9824,2.9819,2.9824,3
2026-05-05 00:28:00,2.9769,2.9769,2.9769,2.9769,2.9819,2.9819,2.9819,2.9819,1
2026-05-05 00:33:00,2.9759,2.9759,2.9749,2.9754,2.9809,2.9809,2.9799,2.9804,3
2026-05-05 00:38:00,2.9759,2.9759,2.9739,2.9739,2.9809,2.9809,2.9789,2.9789,3
2026-05-05 00:41:00,2.9744,2.9744,2.9744,2.9744,2.9794,2.9794,2.9794,2.9794,1
2026-05-05 00:44:00,2.9749,2.9749,2.9749,2.9749,2.9799,2.9799,2.9799,2.9799,1
2026-05-05 00:46:00,2.9744,2.9749,2.9744,2.9749,2.9794,2.9799,2.9794,2.9799,2
2026-05-05 00:49:00,2.9754,2.9759,2.9754,2.9759,2.9804,2.9809,2.9804,2.9809,2
2026-05-05 00:50:00,2.9749,2.9759,2.9749,2.9749,2.9799,2.9809,2.9799,2.9799,3
2026-05-05 00:51:00,2.9754,2.9754,2.9754,2.9754,2.9804,2.9804,2.9804,2.9804,1
2026-05-05 00:52:00,2.9759,2.9759,2.9759,2.9759,2.9809,2.9809,2.9809,2.9809,1
2026-05-05 01:00:00,2.9754,2.9754,2.9749,2.9749,2.9804,2.9804,2.9799,2.9799,2
2026-05-05 01:04:00,2.9744,2.9799,2.9739,2.9789,2.9794,2.9849,2.9789,2.9839,6
2026-05-05 01:05:00,2.9794,2.9794,2.9779,2.9779,2.9844,2.9844,2.9829,2.9829,3
2026-05-05 01:06:00,2.9784,2.9789,2.9784,2.9789,2.9834,2.9839,2.9834,2.9839,4
2026-05-05 01:07:00,2.9784,2.9784,2.9784,2.9784,2.9834,2.9834,2.9834,2.9834,1
2026-05-05 01:09:00,2.9779,2.9779,2.9779,2.9779,2.9829,2.9829,2.9829,2.9829,1
2026-05-05 01:11:00,2.9769,2.9774,2.9769,2.9774,2.9819,2.9824,2.9819,2.9824,2
2026-05-05 01:12:00,2.9779,2.9779,2.9779,2.9779,2.9829,2.9829,2.9829,2.9829,1
2026-05-05 01:13:00,2.9774,2.9779,2.9774,2.9779,2.9824,2.9829,2.9824,2.9829,2
2026-05-05 01:14:00,2.9774,2.9774,2.9774,2.9774,2.9824,2.9824,2.9824,2.9824,1
2026-05-05 01:15:00,2.9769,2.9779,2.9769,2.9774,2.9819,2.9829,2.9819,2.9824,4
2026-05-05 01:16:00,2.9769,2.9769,2.9769,2.9769,2.9819,2.9819,2.9819,2.9819,1
2026-05-05 01:18:00,2.9779,2.9779,2.9779,2.9779,2.9829,2.9829,2.9829,2.9829,1
2026-05-05 01:27:00,2.9789,2.9799,2.9789,2.9789,2.9839,2.9849,2.9839,2.9839,5
2026-05-05 01:29:00,2.9784,2.9789,2.9784,2.9789,2.9834,2.9839,2.9834,2.9839,2
2026-05-05 01:30:00,2.9784,2.9784,2.9784,2.9784,2.9834,2.9834,2.9834,2.9834,1
2026-05-05 01:46:00,2.9779,2.9779,2.9779,2.9779,2.9829,2.9829,2.9829,2.9829,1
2026-05-05 01:51:00,2.9789,2.9789,2.9784,2.9784,2.9839,2.9839,2.9834,2.9834,2
2026-05-05 01:58:00,2.9779,2.9779,2.9779,2.9779,2.9829,2.9829,2.9829,2.9829,1
2026-05-05 02:00:00,2.9789,2.9789,2.9779,2.9789,2.9839,2.9839,2.9829,2.9839,9
2026-05-05 02:01:00,2.9784,2.9784,2.9754,2.9754,2.9834,2.9834,2.9804,2.9804,5
2026-05-05 02:02:00,2.9749,2.9754,2.9749,2.9754,2.9799,2.9804,2.9799,2.9804,2
2026-05-05 02:03:00,2.9759,2.9759,2.9729,2.9734,2.9809,2.9809,2.9779,2.9784,8
2026-05-05 02:04:00,2.9729,2.9734,2.9729,2.9729,2.9779,2.9784,2.9779,2.9779,3
2026-05-05 02:05:00,2.9739,2.9749,2.9739,2.9744,2.9789,2.9799,2.9789,2.9794,5
2026-05-05 02:06:00,2.9739,2.9744,2.9734,2.9739,2.9789,2.9794,2.9784,2.9789,4
2026-05-05 02:07:00,2.9744,2.9744,2.9709,2.9714,2.9794,2.9794,2.9759,2.9764,10
2026-05-05 02:08:00,2.9709,2.9714,2.9709,2.9714,2.9759,2.9764,2.9759,2.9764,2
2026-05-05 02:09:00,2.9704,2.9704,2.9704,2.9704,2.9754,2.9754,2.9754,2.9754,1
2026-05-05 02:10:00,2.9699,2.9709,2.9699,2.9709,2.9749,2.9759,2.9749,2.9759,3
2026-05-05 02:11:00,2.9714,2.9719,2.9674,2.9694,2.9764,2.9769,2.9724,2.9744,14
2026-05-05 02:12:00,2.9689,2.9699,2.9689,2.9694,2.9739,2.9749,2.9739,2.9744,5
2026-05-05 02:13:00,2.9699,2.9699,2.9699,2.9699,2.9749,2.9749,2.9749,2.9749,1
2026-05-05 02:14:00,2.9694,2.9699,2.9689,2.9689,2.9744,2.9749,2.9739,2.9739,5
2026-05-05 02:15:00,2.9684,2.9684,2.9684,2.9684,2.9734,2.9734,2.9734,2.9734,1
2026-05-05 02:16:00,2.9689,2.9689,2.9669,2.9674,2.9739,2.9739,2.9719,2.9724,6
2026-05-05 02:17:00,2.9669,2.9669,2.9639,2.9649,2.9719,2.9719,2.9689,2.9699,6
2026-05-05 02:18:00,2.9654,2.9659,2.9644,2.9649,2.9704,2.9709,2.9694,2.9699,9
2026-05-05 02:19:00,2.9654,2.9679,2.9654,2.9674,2.9704,2.9729,2.9704,2.9724,5
2026-05-05 02:20:00,2.9679,2.9689,2.9679,2.9679,2.9729,2.9739,2.9729,2.9729,4
2026-05-05 02:22:00,2.9674,2.9674,2.9659,2.9659,2.9724,2.9724,2.9709,2.9709,9
2026-05-05 02:23:00,2.9664,2.9664,2.9654,2.9659,2.9714,2.9714,2.9704,2.9709,4
2026-05-05 02:24:00,2.9649,2.9679,2.9649,2.9679,2.9699,2.9729,2.9699,2.9729,5
2026-05-05 02:25:00,2.9684,2.9689,2.9684,2.9689,2.9734,2.9739,2.9734,2.9739,2
2026-05-05 02:26:00,2.9694,2.9699,2.9689,2.9699,2.9744,2.9749,2.9739,2.9749,4
2026-05-05 02:27:00,2.9694,2.9694,2.9684,2.9684,2.9744,2.9744,2.9734,2.9734,3
2026-05-05 02:28:00,2.9679,2.9679,2.9669,2.9674,2.9729,2.9729,2.9719,2.9724,3
2026-05-05 02:29:00,2.9679,2.9679,2.9649,2.9649,2.9729,2.9729,2.9699,2.9699,6
2026-05-05 02:30:00,2.9654,2.9659,2.9649,2.9659,2.9704,2.9709,2.9699,2.9709,4
2026-05-05 02:31:00,2.9664,2.9689,2.9664,2.9674,2.9714,2.9739,2.9714,2.9724,6
2026-05-05 02:32:00,2.9669,2.9674,2.9669,2.9674,2.9719,2.9724,2.9719,2.9724,2
2026-05-05 02:33:00,2.9679,2.9679,2.9674,2.9674,2.9729,2.9729,2.9724,2.9724,2
2026-05-05 02:34:00,2.9679,2.9679,2.9674,2.9679,2.9729,2.9729,2.9724,2.9729,3
2026-05-05 02:35:00,2.9674,2.9684,2.9674,2.9684,2.9724,2.9734,2.9724,2.9734,3
2026-05-05 02:36:00,2.9679,2.9689,2.9679,2.9689,2.9729,2.9739,2.9729,2.9739,4
2026-05-05 02:37:00,2.9699,2.9699,2.9679,2.9679,2.9749,2.9749,2.9729,2.9729,3
2026-05-05 02:38:00,2.9684,2.9689,2.9684,2.9689,2.9734,2.9739,2.9734,2.9739,4
2026-05-05 02:41:00,2.9699,2.9709,2.9699,2.9704,2.9749,2.9759,2.9749,2.9754,4
2026-05-05 02:42:00,2.9699,2.9709,2.9694,2.9699,2.9749,2.9759,2.9744,2.9749,5
2026-05-05 02:43:00,2.9709,2.9709,2.9689,2.9699,2.9759,2.9759,2.9739,2.9749,7
2026-05-05 02:45:00,2.9694,2.9699,2.9689,2.9699,2.9744,2.9749,2.9739,2.9749,3
2026-05-05 02:46:00,2.9694,2.9699,2.9694,2.9699,2.9744,2.9749,2.9744,2.9749,2
2026-05-05 02:48:00,2.9689,2.9689,2.9669,2.9669,2.9739,2.9739,2.9719,2.9719,5
2026-05-05 02:49:00,2.9679,2.9699,2.9679,2.9689,2.9729,2.9749,2.9729,2.9739,6
2026-05-05 02:50:00,2.9694,2.9694,2.9679,2.9689,2.9744,2.9744,2.9729,2.9739,8
2026-05-05 02:51:00,2.9694,2.9709,2.9694,2.9709,2.9744,2.9759,2.9744,2.9759,5
2026-05-05 02:52:00,2.9699,2.9709,2.9694,2.9699,2.9749,2.9759,2.9744,2.9749,6
2026-05-05 02:55:00,2.9694,2.9699,2.9694,2.9699,2.9744,2.9749,2.9744,2.9749,2
2026-05-05 02:56:00,2.9694,2.9709,2.9694,2.9699,2.9744,2.9759,2.9744,2.9749,8
2026-05-05 02:58:00,2.9704,2.9709,2.9699,2.9709,2.9754,2.9759,2.9749,2.9759,5
2026-05-05 03:00:00,2.9714,2.9724,2.9709,2.9719,2.9764,2.9774,2.9759,2.9769,9
2026-05-05 03:01:00,2.9729,2.9754,2.9719,2.9724,2.9779,2.9804,2.9769,2.9774,16
2026-05-05 03:02:00,2.9729,2.9734,2.9729,2.9729,2.9779,2.9784,2.9779,2.9779,5
2026-05-05 03:03:00,2.9734,2.9734,2.9724,2.9729,2.9784,2.9784,2.9774,2.9779,9
2026-05-05 03:05:00,2.9724,2.9729,2.9724,2.9729,2.9774,2.9779,2.9774,2.9779,2
2026-05-05 03:06:00,2.9719,2.9729,2.9719,2.9729,2.9769,2.9779,2.9769,2.9779,2
2026-05-05 03:07:00,2.9724,2.9729,2.9719,2.9719,2.9774,2.9779,2.9769,2.9769,7
2026-05-05 03:08:00,2.9724,2.9729,2.9719,2.9724,2.9774,2.9779,2.9769,2.9774,5
2026-05-05 03:09:00,2.9729,2.9729,2.9724,2.9724,2.9779,2.9779,2.9774,2.9774,2
2026-05-05 03:10:00,2.9729,2.9729,2.9729,2.9729,2.9779,2.9779,2.9779,2.9779,1
2026-05-05 03:11:00,2.9739,2.9739,2.9739,2.9739,2.9789,2.9789,2.9789,2.9789,1
2026-05-05 03:12:00,2.9734,2.9739,2.9734,2.9739,2.9784,2.9789,2.9784,2.9789,2
2026-05-05 03:14:00,2.9744,2.9744,2.9744,2.9744,2.9794,2.9794,2.9794,2.9794,1
2026-05-05 03:15:00,2.9739,2.9759,2.9739,2.9749,2.9789,2.9809,2.9789,2.9799,6
2026-05-05 03:16:00,2.9744,2.9759,2.9739,2.9759,2.9794,2.9809,2.9789,2.9809,6
2026-05-05 03:17:00,2.9754,2.9759,2.9754,2.9759,2.9804,2.9809,2.9804,2.9809,2
2026-05-05 03:18:00,2.9764,2.9764,2.9739,2.9739,2.9814,2.9814,2.9789,2.9789,6
2026-05-05 03:19:00,2.9734,2.9739,2.9734,2.9739,2.9784,2.9789,2.9784,2.9789,2
2026-05-05 03:21:00,2.9734,2.9739,2.9734,2.9739,2.9784,2.9789,2.9784,2.9789,2
2026-05-05 03:23:00,2.9749,2.9749,2.9739,2.9739,2.9799,2.9799,2.9789,2.9789,2
2026-05-05 03:25:00,2.9734,2.9739,2.9724,2.9739,2.9784,2.9789,2.9774,2.9789,6
2026-05-05 03:26:00,2.9749,2.9749,2.9749,2.9749,2.9799,2.9799,2.9799,2.9799,1
2026-05-05 03:27:00,2.9744,2.9744,2.9739,2.9739,2.9794,2.9794,2.9789,2.9789,2
2026-05-05 03:28:00,2.9734,2.9739,2.9729,2.9739,2.9784,2.9789,2.9779,2.9789,6
2026-05-05 03:29:00,2.9749,2.9749,2.9739,2.9739,2.9799,2.9799,2.9789,2.9789,3
2026-05-05 03:32:00,2.9729,2.9729,2.9729,2.9729,2.9779,2.9779,2.9779,2.9779,1
2026-05-05 03:33:00,2.9734,2.9739,2.9724,2.9729,2.9784,2.9789,2.9774,2.9779,6
2026-05-05 03:35:00,2.9719,2.9729,2.9719,2.9729,2.9769,2.9779,2.9769,2.9779,2
2026-05-05 03:36:00,2.9734,2.9734,2.9729,2.9729,2.9784,2.9784,2.9779,2.9779,4
2026-05-05 03:37:00,2.9724,2.9724,2.9709,2.9724,2.9774,2.9774,2.9759,2.9774,9
2026-05-05 03:38:00,2.9719,2.9724,2.9719,2.9724,2.9769,2.9774,2.9769,2.9774,2
2026-05-05 03:40:00,2.9719,2.9724,2.9719,2.9724,2.9769,2.9774,2.9769,2.9774,2
2026-05-05 03:41:00,2.9729,2.9729,2.9709,2.9709,2.9779,2.9779,2.9759,2.9759,4
2026-05-05 03:42:00,2.9704,2.9704,2.9704,2.9704,2.9754,2.9754,2.9754,2.9754,1
2026-05-05 03:43:00,2.9694,2.9694,2.9684,2.9684,2.9744,2.9744,2.9734,2.9734,2
2026-05-05 03:44:00,2.9679,2.9679,2.9669,2.9669,2.9729,2.9729,2.9719,2.9719,5
2026-05-05 03:45:00,2.9674,2.9679,2.9674,2.9679,2.9724,2.9729,2.9724,2.9729,2
2026-05-05 03:46:00,2.9669,2.9674,2.9669,2.9669,2.9719,2.9724,2.9719,2.9719,3
2026-05-05 03:47:00,2.9664,2.9669,2.9664,2.9669,2.9714,2.9719,2.9714,2.9719,2
2026-05-05 03:48:00,2.9664,2.9664,2.9659,2.9664,2.9714,2.9714,2.9709,2.9714,3
2026-05-05 03:49:00,2.9669,2.9669,2.9669,2.9669,2.9719,2.9719,2.9719,2.9719,1
2026-05-05 03:50:00,2.9664,2.9669,2.9659,2.9664,2.9714,2.9719,2.9709,2.9714,4
2026-05-05 03:51:00,2.9669,2.9669,2.9669,2.9669,2.9719,2.9719,2.9719,2.9719,1
2026-05-05 03:52:00,2.9664,2.9669,2.9659,2.9669,2.9714,2.9719,2.9709,2.9719,5
2026-05-05 03:53:00,2.9664,2.9664,2.9664,2.9664,2.9714,2.9714,2.9714,2.9714,1
2026-05-05 03:54:00,2.9659,2.9659,2.9659,2.9659,2.9709,2.9709,2.9709,2.9709,1
2026-05-05 03:55:00,2.9669,2.9704,2.9669,2.9694,2.9719,2.9754,2.9719,2.9744,11
2026-05-05 03:56:00,2.9699,2.9704,2.9699,2.9704,2.9749,2.9754,2.9749,2.9754,2
2026-05-05 03:57:00,2.9699,2.9699,2.9684,2.9684,2.9749,2.9749,2.9734,2.9734,3
2026-05-05 03:58:00,2.9689,2.9689,2.9689,2.9689,2.9739,2.9739,2.9739,2.9739,1
2026-05-05 03:59:00,2.9684,2.9684,2.9684,2.9684,2.9734,2.9734,2.9734,2.9734,1
2026-05-05 04:00:00,2.9679,2.9679,2.9669,2.9669,2.9729,2.9729,2.9719,2.9719,5
2026-05-05 04:01:00,2.9659,2.9659,2.9609,2.9609,2.9709,2.9709,2.9659,2.9659,13
2026-05-05 04:02:00,2.9604,2.9619,2.9599,2.9619,2.9654,2.9669,2.9649,2.9669,4
2026-05-05 04:03:00,2.9624,2.9624,2.9624,2.9624,2.9674,2.9674,2.9674,2.9674,1
2026-05-05 04:04:00,2.9629,2.9639,2.9629,2.9639,2.9679,2.9689,2.9679,2.9689,4
2026-05-05 04:05:00,2.9634,2.9639,2.9634,2.9639,2.9684,2.9689,2.9684,2.9689,2
2026-05-05 04:06:00,2.9644,2.9649,2.9644,2.9649,2.9694,2.9699,2.9694,2.9699,2
2026-05-05 04:07:00,2.9644,2.9649,2.9644,2.9649,2.9694,2.9699,2.9694,2.9699,2
2026-05-05 04:08:00,2.9644,2.9644,2.9639,2.9639,2.9694,2.9694,2.9689,2.9689,2
2026-05-05 04:09:00,2.9634,2.9639,2.9634,2.9639,2.9684,2.9689,2.9684,2.9689,2
2026-05-05 04:10:00,2.9644,2.9644,2.9639,2.9639,2.9694,2.9694,2.9689,2.9689,2
2026-05-05 04:11:00,2.9644,2.9644,2.9549,2.9549,2.9694,2.9694,2.9599,2.9599,12
2026-05-05 04:12:00,2.9559,2.9589,2.9559,2.9589,2.9609,2.9639,2.9609,2.9639,5
2026-05-05 04:13:00,2.9579,2.9599,2.9579,2.9599,2.9629,2.9649,2.9629,2.9649,8
2026-05-05 04:14:00,2.9604,2.9609,2.9599,2.9609,2.9654,2.9659,2.9649,2.9659,4
2026-05-05 04:16:00,2.9619,2.9619,2.9599,2.9599,2.9669,2.9669,2.9649,2.9649,5
2026-05-05 04:17:00,2.9594,2.9594,2.9589,2.9594,2.9644,2.9644,2.9639,2.9644,3
2026-05-05 04:18:00,2.9599,2.9614,2.9579,2.9609,2.9649,2.9664,2.9629,2.9659,10
2026-05-05 04:20:00,2.9604,2.9604,2.9599,2.9599,2.9654,2.9654,2.9649,2.9649,2
2026-05-05 04:21:00,2.9609,2.9614,2.9609,2.9609,2.9659,2.9664,2.9659,2.9659,3
2026-05-05 04:23:00,2.9599,2.9599,2.9589,2.9589,2.9649,2.9649,2.9639,2.9639,3
2026-05-05 04:24:00,2.9594,2.9599,2.9584,2.9584,2.9644,2.9649,2.9634,2.9634,8
2026-05-05 04:25:00,2.9589,2.9594,2.9589,2.9589,2.9639,2.9644,2.9639,2.9639,3
2026-05-05 04:26:00,2.9594,2.9599,2.9594,2.9599,2.9644,2.9649,2.9644,2.9649,2
2026-05-05 04:28:00,2.9589,2.9589,2.9584,2.9584,2.9639,2.9639,2.9634,2.9634,2
2026-05-05 04:29:00,2.9579,2.9589,2.9574,2.9589,2.9629,2.9639,2.9624,2.9639,5
2026-05-05 04:30:00,2.9599,2.9599,2.9599,2.9599,2.9649,2.9649,2.9649,2.9649,1
2026-05-05 04:31:00,2.9604,2.9604,2.9594,2.9594,2.9654,2.9654,2.9644,2.9644,3
2026-05-05 04:32:00,2.9589,2.9589,2.9589,2.9589,2.9639,2.9639,2.9639,2.9639,1
2026-05-05 04:33:00,2.9594,2.9604,2.9594,2.9599,2.9644,2.9654,2.9644,2.9649,3
2026-05-05 04:35:00,2.9604,2.9604,2.9599,2.9599,2.9654,2.9654,2.9649,2.9649,4
2026-05-05 04:36:00,2.9604,2.9604,2.9599,2.9599,2.9654,2.9654,2.9649,2.9649,2
2026-05-05 04:38:00,2.9594,2.9594,2.9579,2.9594,2.9644,2.9644,2.9629,2.9644,7
2026-05-05 04:39:00,2.9589,2.9589,2.9579,2.9589,2.9639,2.9639,2.9629,2.9639,6
2026-05-05 04:40:00,2.9584,2.9589,2.9584,2.9589,2.9634,2.9639,2.9634,2.9639,2
2026-05-05 04:41:00,2.9594,2.9594,2.9579,2.9579,2.9644,2.9644,2.9629,2.9629,5
2026-05-05 04:42:00,2.9584,2.9589,2.9574,2.9589,2.9634,2.9639,2.9624,2.9639,6
2026-05-05 04:43:00,2.9579,2.9579,2.9579,2.9579,2.9629,2.9629,2.9629,2.9629,1
2026-05-05 04:45:00,2.9589,2.9594,2.9584,2.9594,2.9639,2.9644,2.9634,2.9644,4
2026-05-05 04:46:00,2.9589,2.9594,2.9589,2.9589,2.9639,2.9644,2.9639,2.9639,3
2026-05-05 04:47:00,2.9584,2.9584,2.9574,2.9574,2.9634,2.9634,2.9624,2.9624,2
2026-05-05 04:48:00,2.9579,2.9579,2.9579,2.9579,2.9629,2.9629,2.9629,2.9629,1
2026-05-05 04:49:00,2.9584,2.9619,2.9584,2.9604,2.9634,2.9669,2.9634,2.9654,16
2026-05-05 04:50:00,2.9609,2.9609,2.9594,2.9599,2.9659,2.9659,2.9644,2.9649,4
2026-05-05 04:51:00,2.9594,2.9594,2.9564,2.9574,2.9644,2.9644,2.9614,2.9624,8
2026-05-05 04:52:00,2.9579,2.9579,2.9574,2.9574,2.9629,2.9629,2.9624,2.9624,2
2026-05-05 04:53:00,2.9579,2.9579,2.9579,2.9579,2.9629,2.9629,2.9629,2.9629,1
2026-05-05 04:54:00,2.9574,2.9579,2.9574,2.9574,2.9624,2.9629,2.9624,2.9624,3
2026-05-05 04:55:00,2.9579,2.9604,2.9574,2.9589,2.9629,2.9654,2.9624,2.9639,7
2026-05-05 04:58:00,2.9599,2.9599,2.9584,2.9589,2.9649,2.9649,2.9634,2.9639,3
2026-05-05 04:59:00,2.9594,2.9594,2.9589,2.9594,2.9644,2.9644,2.9639,2.9644,3
2026-05-05 05:00:00,2.9589,2.9599,2.9589,2.9599,2.9639,2.9649,2.9639,2.9649,3
2026-05-05 05:01:00,2.9594,2.9599,2.9594,2.9599,2.9644,2.9649,2.9644,2.9649,2
2026-05-05 05:04:00,2.9589,2.9599,2.9589,2.9599,2.9639,2.9649,2.9639,2.9649,2
2026-05-05 05:06:00,2.9604,2.9604,2.9604,2.9604,2.9654,2.9654,2.9654,2.9654,1
2026-05-05 05:07:00,2.9609,2.9609,2.9609,2.9609,2.9659,2.9659,2.9659,2.9659,1
2026-05-05 05:12:00,2.9604,2.9604,2.9599,2.9604,2.9654,2.9654,2.9649,2.9654,3
2026-05-05 05:15:00,2.9599,2.9599,2.9599,2.9599,2.9649,2.9649,2.9649,2.9649,1
2026-05-05 05:16:00,2.9594,2.9594,2.9584,2.9584,2.9644,2.9644,2.9634,2.9634,3
2026-05-05 05:17:00,2.9589,2.9589,2.9584,2.9589,2.9639,2.9639,2.9634,2.9639,3
2026-05-05 05:19:00,2.9594,2.9609,2.9594,2.9604,2.9644,2.9659,2.9644,2.9654,5
2026-05-05 05:20:00,2.9599,2.9599,2.9594,2.9594,2.9649,2.9649,2.9644,2.9644,2
2026-05-05 05:21:00,2.9599,2.9599,2.9584,2.9584,2.9649,2.9649,2.9634,2.9634,3
2026-05-05 05:23:00,2.9589,2.9589,2.9584,2.9584,2.9639,2.9639,2.9634,2.9634,2
2026-05-05 05:25:00,2.9589,2.9589,2.9584,2.9584,2.9639,2.9639,2.9634,2.9634,2
2026-05-05 05:27:00,2.9579,2.9584,2.9569,2.9584,2.9629,2.9634,2.9619,2.9634,4
2026-05-05 05:28:00,2.9579,2.9584,2.9579,2.9584,2.9629,2.9634,2.9629,2.9634,2
2026-05-05 05:29:00,2.9579,2.9579,2.9569,2.9574,2.9629,2.9629,2.9619,2.9624,3
2026-05-05 05:30:00,2.9579,2.9699,2.9579,2.9699,2.9629,2.9749,2.9629,2.9749,61
2026-05-05 05:31:00,2.9704,2.9734,2.9689,2.9719,2.9754,2.9784,2.9739,2.9769,28
2026-05-05 05:32:00,2.9729,2.9749,2.9689,2.9689,2.9779,2.9799,2.9739,2.9739,16
2026-05-05 05:33:00,2.9699,2.9734,2.9699,2.9714,2.9749,2.9784,2.9749,2.9764,9
2026-05-05 05:34:00,2.9719,2.9734,2.9709,2.9724,2.9769,2.9784,2.9759,2.9774,7
2026-05-05 05:35:00,2.9719,2.9739,2.9719,2.9724,2.9769,2.9789,2.9769,2.9774,15
2026-05-05 05:36:00,2.9719,2.9729,2.9714,2.9719,2.9769,2.9779,2.9764,2.9769,10
2026-05-05 05:37:00,2.9714,2.9719,2.9704,2.9704,2.9764,2.9769,2.9754,2.9754,8
2026-05-05 05:38:00,2.9699,2.9699,2.9689,2.9699,2.9749,2.9749,2.9739,2.9749,5
2026-05-05 05:39:00,2.9689,2.9689,2.9689,2.9689,2.9739,2.9739,2.9739,2.9739,1
2026-05-05 05:40:00,2.9684,2.9699,2.9684,2.9699,2.9734,2.9749,2.9734,2.9749,6
2026-05-05 05:41:00,2.9689,2.9689,2.9689,2.9689,2.9739,2.9739,2.9739,2.9739,1
2026-05-05 05:42:00,2.9684,2.9684,2.9684,2.9684,2.9734,2.9734,2.9734,2.9734,1
2026-05-05 05:43:00,2.9679,2.9689,2.9679,2.9689,2.9729,2.9739,2.9729,2.9739,2
2026-05-05 05:44:00,2.9679,2.9679,2.9679,2.9679,2.9729,2.9729,2.9729,2.9729,1
2026-05-05 05:45:00,2.9674,2.9679,2.9669,2.9679,2.9724,2.9729,2.9719,2.9729,3
2026-05-05 05:46:00,2.9674,2.9699,2.9674,2.9689,2.9724,2.9749,2.9724,2.9739,11
2026-05-05 05:47:00,2.9684,2.9684,2.9674,2.9679,2.9734,2.9734,2.9724,2.9729,4
2026-05-05 05:49:00,2.9669,2.9679,2.9669,2.9679,2.9719,2.9729,2.9719,2.9729,2
2026-05-05 05:50:00,2.9689,2.9689,2.9689,2.9689,2.9739,2.9739,2.9739,2.9739,1
2026-05-05 05:51:00,2.9699,2.9709,2.9684,2.9699,2.9749,2.9759,2.9734,2.9749,17
2026-05-05 05:52:00,2.9704,2.9704,2.9704,2.9704,2.9754,2.9754,2.9754,2.9754,1
2026-05-05 05:53:00,2.9709,2.9749,2.9709,2.9749,2.9759,2.9799,2.9759,2.9799,10
2026-05-05 05:54:00,2.9739,2.9769,2.9739,2.9764,2.9789,2.9819,2.9789,2.9814,14
2026-05-05 05:55:00,2.9769,2.9829,2.9769,2.9829,2.9819,2.9879,2.9819,2.9879,22
2026-05-05 05:56:00,2.9824,2.9829,2.9779,2.9789,2.9874,2.9879,2.9829,2.9839,24
2026-05-05 05:57:00,2.9779,2.9779,2.9769,2.9769,2.9829,2.9829,2.9819,2.9819,4
2026-05-05 05:58:00,2.9764,2.9779,2.9739,2.9769,2.9814,2.9829,2.9789,2.9819,19
2026-05-05 05:59:00,2.9764,2.9764,2.9749,2.9749,2.9814,2.9814,2.9799,2.9799,6
2026-05-05 06:00:00,2.9759,2.9759,2.9754,2.9754,2.9809,2.9809,2.9804,2.9804,4
2026-05-05 06:01:00,2.9749,2.9749,2.9749,2.9749,2.9799,2.9799,2.9799,2.9799,1
2026-05-05 06:02:00,2.9759,2.9759,2.9719,2.9729,2.9809,2.9809,2.9769,2.9779,8
2026-05-05 06:03:00,2.9709,2.9719,2.9709,2.9714,2.9759,2.9769,2.9759,2.9764,3
2026-05-05 06:04:00,2.9709,2.9709,2.9709,2.9709,2.9759,2.9759,2.9759,2.9759,1
2026-05-05 06:05:00,2.9714,2.9734,2.9714,2.9724,2.9764,2.9784,2.9764,2.9774,5
2026-05-05 06:06:00,2.9729,2.9734,2.9729,2.9734,2.9779,2.9784,2.9779,2.9784,4
2026-05-05 06:07:00,2.9729,2.9729,2.9714,2.9719,2.9779,2.9779,2.9764,2.9769,7
2026-05-05 06:08:00,2.9709,2.9714,2.9709,2.9714,2.9759,2.9764,2.9759,2.9764,2
2026-05-05 06:10:00,2.9709,2.9709,2.9699,2.9699,2.9759,2.9759,2.9749,2.9749,5
2026-05-05 06:11:00,2.9709,2.9709,2.9694,2.9699,2.9759,2.9759,2.9744,2.9749,7
2026-05-05 06:12:00,2.9694,2.9699,2.9679,2.9699,2.9744,2.9749,2.9729,2.9749,12
2026-05-05 06:14:00,2.9689,2.9709,2.9689,2.9709,2.9739,2.9759,2.9739,2.9759,4
2026-05-05 06:15:00,2.9699,2.9724,2.9699,2.9724,2.9749,2.9774,2.9749,2.9774,6
2026-05-05 06:16:00,2.9729,2.9739,2.9719,2.9729,2.9779,2.9789,2.9769,2.9779,16
2026-05-05 06:17:00,2.9724,2.9724,2.9714,2.9714,2.9774,2.9774,2.9764,2.9764,5
2026-05-05 06:18:00,2.9709,2.9724,2.9709,2.9724,2.9759,2.9774,2.9759,2.9774,4
2026-05-05 06:19:00,2.9729,2.9739,2.9724,2.9724,2.9779,2.9789,2.9774,2.9774,8
2026-05-05 06:21:00,2.9729,2.9729,2.9709,2.9709,2.9779,2.9779,2.9759,2.9759,4
2026-05-05 06:22:00,2.9704,2.9704,2.9699,2.9699,2.9754,2.9754,2.9749,2.9749,2
2026-05-05 06:23:00,2.9704,2.9719,2.9699,2.9699,2.9754,2.9769,2.9749,2.9749,6
2026-05-05 06:24:00,2.9704,2.9704,2.9699,2.9699,2.9754,2.9754,2.9749,2.9749,2
2026-05-05 06:25:00,2.9704,2.9709,2.9679,2.9679,2.9754,2.9759,2.9729,2.9729,8
2026-05-05 06:26:00,2.9684,2.9689,2.9679,2.9679,2.9734,2.9739,2.9729,2.9729,6
2026-05-05 06:27:00,2.9689,2.9699,2.9684,2.9694,2.9739,2.9749,2.9734,2.9744,8
2026-05-05 06:28:00,2.9689,2.9719,2.9689,2.9709,2.9739,2.9769,2.9739,2.9759,9
2026-05-05 06:29:00,2.9699,2.9709,2.9699,2.9709,2.9749,2.9759,2.9749,2.9759,2
2026-05-05 06:30:00,2.9714,2.9714,2.9709,2.9714,2.9764,2.9764,2.9759,2.9764,5
2026-05-05 06:31:00,2.9709,2.9709,2.9704,2.9704,2.9759,2.9759,2.9754,2.9754,4
2026-05-05 06:32:00,2.9699,2.9699,2.9674,2.9689,2.9749,2.9749,2.9724,2.9739,7
2026-05-05 06:33:00,2.9699,2.9699,2.9699,2.9699,2.9749,2.9749,2.9749,2.9749,1
2026-05-05 06:34:00,2.9694,2.9694,2.9679,2.9679,2.9744,2.9744,2.9729,2.9729,4
2026-05-05 06:35:00,2.9674,2.9679,2.9669,2.9674,2.9724,2.9729,2.9719,2.9724,11
2026-05-05 06:36:00,2.9669,2.9679,2.9669,2.9679,2.9719,2.9729,2.9719,2.9729,2
2026-05-05 06:37:00,2.9674,2.9679,2.9674,2.9679,2.9724,2.9729,2.9724,2.9729,2
2026-05-05 06:38:00,2.9674,2.9674,2.9674,2.9674,2.9724,2.9724,2.9724,2.9724,1
2026-05-05 06:40:00,2.9679,2.9679,2.9679,2.9679,2.9729,2.9729,2.9729,2.9729,1
2026-05-05 06:41:00,2.9689,2.9689,2.9679,2.9679,2.9739,2.9739,2.9729,2.9729,3
2026-05-05 06:43:00,2.9689,2.9689,2.9689,2.9689,2.9739,2.9739,2.9739,2.9739,1
2026-05-05 06:44:00,2.9684,2.9689,2.9684,2.9689,2.9734,2.9739,2.9734,2.9739,4
2026-05-05 06:45:00,2.9684,2.9684,2.9679,2.9684,2.9734,2.9734,2.9729,2.9734,5
2026-05-05 06:46:00,2.9679,2.9689,2.9679,2.9689,2.9729,2.9739,2.9729,2.9739,5
2026-05-05 06:47:00,2.9679,2.9679,2.9674,2.9674,2.9729,2.9729,2.9724,2.9724,2
2026-05-05 06:48:00,2.9669,2.9669,2.9619,2.9629,2.9719,2.9719,2.9669,2.9679,10
2026-05-05 06:51:00,2.9619,2.9619,2.9614,2.9614,2.9669,2.9669,2.9664,2.9664,2
2026-05-05 06:52:00,2.9619,2.9619,2.9614,2.9614,2.9669,2.9669,2.9664,2.9664,2
2026-05-05 06:53:00,2.9619,2.9629,2.9619,2.9619,2.9669,2.9679,2.9669,2.9669,9
2026-05-05 06:54:00,2.9624,2.9644,2.9619,2.9639,2.9674,2.9694,2.9669,2.9689,8
2026-05-05 06:55:00,2.9649,2.9654,2.9649,2.9654,2.9699,2.9704,2.9699,2.9704,2
2026-05-05 06:57:00,2.9649,2.9654,2.9649,2.9654,2.9699,2.9704,2.9699,2.9704,2
2026-05-05 06:58:00,2.9659,2.9659,2.9654,2.9654,2.9709,2.9709,2.9704,2.9704,2
2026-05-05 06:59:00,2.9644,2.9649,2.9634,2.9634,2.9694,2.9699,2.9684,2.9684,9
2026-05-05 07:00:00,2.9639,2.9649,2.9629,2.9649,2.9689,2.9699,2.9679,2.9699,6
2026-05-05 07:01:00,2.9654,2.9669,2.9649,2.9649,2.9704,2.9719,2.9699,2.9699,7
2026-05-05 07:02:00,2.9654,2.9659,2.9649,2.9654,2.9704,2.9709,2.9699,2.9704,5
2026-05-05 07:03:00,2.9659,2.9659,2.9629,2.9639,2.9709,2.9709,2.9679,2.9689,10
2026-05-05 07:04:00,2.9644,2.9644,2.9644,2.9644,2.9694,2.9694,2.9694,2.9694,1
2026-05-05 07:05:00,2.9649,2.9659,2.9649,2.9659,2.9699,2.9709,2.9699,2.9709,3
2026-05-05 07:06:00,2.9654,2.9659,2.9629,2.9629,2.9704,2.9709,2.9679,2.9679,7
2026-05-05 07:07:00,2.9634,2.9639,2.9634,2.9634,2.9684,2.9689,2.9684,2.9684,3
2026-05-05 07:08:00,2.9629,2.9649,2.9629,2.9649,2.9679,2.9699,2.9679,2.9699,4
2026-05-05 07:09:00,2.9644,2.9649,2.9644,2.9649,2.9694,2.9699,2.9694,2.9699,2
2026-05-05 07:11:00,2.9654,2.9654,2.9649,2.9649,2.9704,2.9704,2.9699,2.9699,4
2026-05-05 07:12:00,2.9654,2.9659,2.9649,2.9659,2.9704,2.9709,2.9699,2.9709,16
2026-05-05 07:13:00,2.9669,2.9669,2.9649,2.9649,2.9719,2.9719,2.9699,2.9699,14
2026-05-05 07:14:00,2.9654,2.9654,2.9654,2.9654,2.9704,2.9704,2.9704,2.9704,1
2026-05-05 07:15:00,2.9659,2.9659,2.9659,2.9659,2.9709,2.9709,2.9709,2.9709,1
2026-05-05 07:16:00,2.9649,2.9649,2.9629,2.9639,2.9699,2.9699,2.9679,2.9689,6
2026-05-05 07:17:00,2.9634,2.9634,2.9634,2.9634,2.9684,2.9684,2.9684,2.9684,1
2026-05-05 07:18:00,2.9629,2.9629,2.9594,2.9594,2.9679,2.9679,2.9644,2.9644,5
2026-05-05 07:19:00,2.9599,2.9614,2.9599,2.9614,2.9649,2.9664,2.9649,2.9664,5
2026-05-05 07:20:00,2.9619,2.9619,2.9609,2.9619,2.9669,2.9669,2.9659,2.9669,8
2026-05-05 07:21:00,2.9614,2.9614,2.9609,2.9614,2.9664,2.9664,2.9659,2.9664,5
2026-05-05 07:22:00,2.9619,2.9624,2.9619,2.9624,2.9669,2.9674,2.9669,2.9674,2
2026-05-05 07:23:00,2.9629,2.9649,2.9629,2.9649,2.9679,2.9699,2.9679,2.9699,4
2026-05-05 07:24:00,2.9659,2.9659,2.9639,2.9659,2.9709,2.9709,2.9689,2.9709,10
2026-05-05 07:25:00,2.9654,2.9654,2.9654,2.9654,2.9704,2.9704,2.9704,2.9704,1
2026-05-05 07:26:00,2.9659,2.9659,2.9644,2.9644,2.9709,2.9709,2.9694,2.9694,8
2026-05-05 07:27:00,2.9634,2.9634,2.9609,2.9614,2.9684,2.9684,2.9659,2.9664,9
2026-05-05 07:28:00,2.9619,2.9634,2.9619,2.9629,2.9669,2.9684,2.9669,2.9679,6
2026-05-05 07:29:00,2.9624,2.9624,2.9619,2.9624,2.9674,2.9674,2.9669,2.9674,3
2026-05-05 07:30:00,2.9619,2.9619,2.9619,2.9619,2.9669,2.9669,2.9669,2.9669,1
2026-05-05 07:31:00,2.9629,2.9629,2.9629,2.9629,2.9679,2.9679,2.9679,2.9679,1
2026-05-05 07:32:00,2.9634,2.9639,2.9634,2.9634,2.9684,2.9689,2.9684,2.9684,5
2026-05-05 07:33:00,2.9629,2.9634,2.9629,2.9634,2.9679,2.9684,2.9679,2.9684,4
2026-05-05 07:34:00,2.9639,2.9639,2.9619,2.9624,2.9689,2.9689,2.9669,2.9674,12
2026-05-05 07:35:00,2.9619,2.9629,2.9614,2.9619,2.9669,2.9679,2.9664,2.9669,7
2026-05-05 07:36:00,2.9614,2.9614,2.9599,2.9614,2.9664,2.9664,2.9649,2.9664,8
2026-05-05 07:37:00,2.9609,2.9629,2.9609,2.9614,2.9659,2.9679,2.9659,2.9664,5
2026-05-05 07:38:00,2.9609,2.9634,2.9609,2.9629,2.9659,2.9684,2.9659,2.9679,6
2026-05-05 07:39:00,2.9634,2.9639,2.9629,2.9629,2.9684,2.9689,2.9679,2.9679,8
2026-05-05 07:41:00,2.9634,2.9634,2.9629,2.9629,2.9684,2.9684,2.9679,2.9679,2
2026-05-05 07:42:00,2.9624,2.9629,2.9624,2.9629,2.9674,2.9679,2.9674,2.9679,4
2026-05-05 07:43:00,2.9624,2.9624,2.9609,2.9609,2.9674,2.9674,2.9659,2.9659,6
2026-05-05 07:44:00,2.9604,2.9629,2.9604,2.9619,2.9654,2.9679,2.9654,2.9669,15
2026-05-05 07:45:00,2.9614,2.9619,2.9599,2.9619,2.9664,2.9669,2.9649,2.9669,8
2026-05-05 07:46:00,2.9609,2.9619,2.9589,2.9589,2.9659,2.9669,2.9639,2.9639,9
2026-05-05 07:47:00,2.9594,2.9614,2.9589,2.9614,2.9644,2.9664,2.9639,2.9664,9
2026-05-05 07:48:00,2.9609,2.9609,2.9609,2.9609,2.9659,2.9659,2.9659,2.9659,1
2026-05-05 07:49:00,2.9614,2.9614,2.9599,2.9609,2.9664,2.9664,2.9649,2.9659,6
2026-05-05 07:52:00,2.9614,2.9614,2.9614,2.9614,2.9664,2.9664,2.9664,2.9664,1
2026-05-05 07:53:00,2.9604,2.9604,2.9594,2.9599,2.9654,2.9654,2.9644,2.9649,4
2026-05-05 07:54:00,2.9594,2.9594,2.9594,2.9594,2.9644,2.9644,2.9644,2.9644,1
2026-05-05 07:55:00,2.9599,2.9619,2.9599,2.9619,2.9649,2.9669,2.9649,2.9669,5
2026-05-05 07:56:00,2.9624,2.9624,2.9599,2.9599,2.9674,2.9674,2.9649,2.9649,5
2026-05-05 08:00:00,2.9589,2.9609,2.9589,2.9599,2.9639,2.9659,2.9639,2.9649,13
2026-05-05 08:01:00,2.9589,2.9669,2.9579,2.9649,2.9639,2.9719,2.9629,2.9699,30
2026-05-05 08:02:00,2.9639,2.9674,2.9639,2.9659,2.9689,2.9724,2.9689,2.9709,36
2026-05-05 08:03:00,2.9654,2.9669,2.9654,2.9664,2.9704,2.9719,2.9704,2.9714,16
2026-05-05 08:04:00,2.9659,2.9659,2.9649,2.9654,2.9709,2.9709,2.9699,2.9704,3
2026-05-05 08:05:00,2.9659,2.9689,2.9659,2.9684,2.9709,2.9739,2.9709,2.9734,11
2026-05-05 08:06:00,2.9679,2.9679,2.9669,2.9674,2.9729,2.9729,2.9719,2.9724,4
2026-05-05 08:07:00,2.9669,2.9679,2.9659,2.9674,2.9719,2.9729,2.9709,2.9724,12
2026-05-05 08:08:00,2.9669,2.9679,2.9669,2.9674,2.9719,2.9729,2.9719,2.9724,6
2026-05-05 08:09:00,2.9669,2.9689,2.9669,2.9689,2.9719,2.9739,2.9719,2.9739,5
2026-05-05 08:10:00,2.9684,2.9689,2.9679,2.9679,2.9734,2.9739,2.9729,2.9729,3
2026-05-05 08:11:00,2.9689,2.9699,2.9689,2.9699,2.9739,2.9749,2.9739,2.9749,8
2026-05-05 08:12:00,2.9689,2.9699,2.9689,2.9694,2.9739,2.9749,2.9739,2.9744,8
2026-05-05 08:13:00,2.9699,2.9709,2.9694,2.9709,2.9749,2.9759,2.9744,2.9759,6
2026-05-05 08:14:00,2.9704,2.9749,2.9704,2.9744,2.9754,2.9799,2.9754,2.9794,13
2026-05-05 08:15:00,2.9739,2.9749,2.9729,2.9749,2.9789,2.9799,2.9779,2.9799,6
2026-05-05 08:16:00,2.9754,2.9764,2.9754,2.9754,2.9804,2.9814,2.9804,2.9804,4
2026-05-05 08:17:00,2.9749,2.9749,2.9729,2.9729,2.9799,2.9799,2.9779,2.9779,5
2026-05-05 08:18:00,2.9719,2.9719,2.9709,2.9714,2.9769,2.9769,2.9759,2.9764,6
2026-05-05 08:19:00,2.9719,2.9719,2.9719,2.9719,2.9769,2.9769,2.9769,2.9769,1
2026-05-05 08:20:00,2.9724,2.9724,2.9719,2.9719,2.9774,2.9774,2.9769,2.9769,2
2026-05-05 08:21:00,2.9724,2.9724,2.9724,2.9724,2.9774,2.9774,2.9774,2.9774,1
2026-05-05 08:22:00,2.9729,2.9739,2.9729,2.9734,2.9779,2.9789,2.9779,2.9784,5
2026-05-05 08:23:00,2.9729,2.9734,2.9724,2.9734,2.9779,2.9784,2.9774,2.9784,3
2026-05-05 08:24:00,2.9729,2.9764,2.9729,2.9759,2.9779,2.9814,2.9779,2.9809,22
2026-05-05 08:25:00,2.9764,2.9769,2.9749,2.9749,2.9814,2.9819,2.9799,2.9799,8
2026-05-05 08:26:00,2.9754,2.9759,2.9739,2.9739,2.9804,2.9809,2.9789,2.9789,6
2026-05-05 08:27:00,2.9729,2.9729,2.9719,2.9719,2.9779,2.9779,2.9769,2.9769,5
2026-05-05 08:28:00,2.9729,2.9729,2.9724,2.9724,2.9779,2.9779,2.9774,2.9774,2
2026-05-05 08:29:00,2.9719,2.9719,2.9719,2.9719,2.9769,2.9769,2.9769,2.9769,1
2026-05-05 08:30:00,2.9714,2.9719,2.9689,2.9709,2.9764,2.9769,2.9739,2.9759,14
2026-05-05 08:31:00,2.9719,2.9729,2.9714,2.9714,2.9769,2.9779,2.9764,2.9764,6
2026-05-05 08:32:00,2.9709,2.9719,2.9704,2.9714,2.9759,2.9769,2.9754,2.9764,6
2026-05-05 08:33:00,2.9719,2.9724,2.9709,2.9709,2.9769,2.9774,2.9759,2.9759,5
2026-05-05 08:34:00,2.9714,2.9734,2.9714,2.9719,2.9764,2.9784,2.9764,2.9769,15
2026-05-05 08:35:00,2.9714,2.9714,2.9709,2.9709,2.9764,2.9764,2.9759,2.9759,2
2026-05-05 08:36:00,2.9704,2.9709,2.9704,2.9709,2.9754,2.9759,2.9754,2.9759,2
2026-05-05 08:37:00,2.9704,2.9709,2.9699,2.9699,2.9754,2.9759,2.9749,2.9749,4
2026-05-05 08:38:00,2.9689,2.9699,2.9689,2.9689,2.9739,2.9749,2.9739,2.9739,4
2026-05-05 08:39:00,2.9679,2.9684,2.9674,2.9679,2.9729,2.9734,2.9724,2.9729,4
2026-05-05 08:40:00,2.9684,2.9704,2.9684,2.9699,2.9734,2.9754,2.9734,2.9749,4
2026-05-05 08:41:00,2.9689,2.9689,2.9689,2.9689,2.9739,2.9739,2.9739,2.9739,1
2026-05-05 08:42:00,2.9684,2.9694,2.9679,2.9689,2.9734,2.9744,2.9729,2.9739,11
2026-05-05 08:43:00,2.9694,2.9699,2.9674,2.9699,2.9744,2.9749,2.9724,2.9749,13
2026-05-05 08:44:00,2.9689,2.9699,2.9689,2.9694,2.9739,2.9749,2.9739,2.9744,8
2026-05-05 08:45:00,2.9689,2.9694,2.9684,2.9689,2.9739,2.9744,2.9734,2.9739,7
2026-05-05 08:46:00,2.9684,2.9684,2.9659,2.9664,2.9734,2.9734,2.9709,2.9714,9
2026-05-05 08:47:00,2.9659,2.9659,2.9659,2.9659,2.9709,2.9709,2.9709,2.9709,1
2026-05-05 08:48:00,2.9669,2.9679,2.9659,2.9679,2.9719,2.9729,2.9709,2.9729,7
2026-05-05 08:49:00,2.9674,2.9679,2.9669,2.9669,2.9724,2.9729,2.9719,2.9719,6
2026-05-05 08:50:00,2.9679,2.9679,2.9674,2.9674,2.9729,2.9729,2.9724,2.9724,4
2026-05-05 08:51:00,2.9669,2.9684,2.9669,2.9679,2.9719,2.9734,2.9719,2.9729,4
2026-05-05 08:52:00,2.9674,2.9684,2.9669,2.9684,2.9724,2.9734,2.9719,2.9734,12
2026-05-05 08:53:00,2.9679,2.9679,2.9669,2.9679,2.9729,2.9729,2.9719,2.9729,4
2026-05-05 08:54:00,2.9689,2.9689,2.9684,2.9689,2.9739,2.9739,2.9734,2.9739,5
2026-05-05 08:55:00,2.9694,2.9694,2.9689,2.9689,2.9744,2.9744,2.9739,2.9739,2
2026-05-05 08:56:00,2.9694,2.9704,2.9689,2.9694,2.9744,2.9754,2.9739,2.9744,6
2026-05-05 08:57:00,2.9689,2.9689,2.9679,2.9684,2.9739,2.9739,2.9729,2.9734,11
2026-05-05 08:58:00,2.9679,2.9689,2.9679,2.9689,2.9729,2.9739,2.9729,2.9739,9
2026-05-05 08:59:00,2.9684,2.9689,2.9684,2.9689,2.9734,2.9739,2.9734,2.9739,2
2026-05-05 09:00:00,2.9694,2.9699,2.9674,2.9689,2.9744,2.9749,2.9724,2.9739,12
2026-05-05 09:01:00,2.9679,2.9699,2.9674,2.9684,2.9729,2.9749,2.9724,2.9734,11
2026-05-05 09:02:00,2.9679,2.9699,2.9679,2.9689,2.9729,2.9749,2.9729,2.9739,7
2026-05-05 09:03:00,2.9684,2.9689,2.9679,2.9689,2.9734,2.9739,2.9729,2.9739,4
2026-05-05 09:04:00,2.9684,2.9689,2.9669,2.9669,2.9734,2.9739,2.9719,2.9719,9
2026-05-05 09:05:00,2.9679,2.9679,2.9669,2.9669,2.9729,2.9729,2.9719,2.9719,8
2026-05-05 09:06:00,2.9664,2.9679,2.9664,2.9679,2.9714,2.9729,2.9714,2.9729,4
2026-05-05 09:07:00,2.9689,2.9689,2.9669,2.9674,2.9739,2.9739,2.9719,2.9724,9
2026-05-05 09:08:00,2.9669,2.9679,2.9669,2.9679,2.9719,2.9729,2.9719,2.9729,6
2026-05-05 09:09:00,2.9684,2.9684,2.9679,2.9684,2.9734,2.9734,2.9729,2.9734,3
2026-05-05 09:10:00,2.9689,2.9699,2.9679,2.9679,2.9739,2.9749,2.9729,2.9729,8
2026-05-05 09:11:00,2.9674,2.9679,2.9664,2.9669,2.9724,2.9729,2.9714,2.9719,8
2026-05-05 09:12:00,2.9664,2.9669,2.9659,2.9664,2.9714,2.9719,2.9709,2.9714,7
2026-05-05 09:13:00,2.9659,2.9669,2.9659,2.9669,2.9709,2.9719,2.9709,2.9719,5
2026-05-05 09:14:00,2.9664,2.9669,2.9664,2.9664,2.9714,2.9719,2.9714,2.9714,3
2026-05-05 09:15:00,2.9669,2.9669,2.9649,2.9649,2.9719,2.9719,2.9699,2.9699,7
2026-05-05 09:16:00,2.9659,2.9659,2.9649,2.9649,2.9709,2.9709,2.9699,2.9699,6
2026-05-05 09:17:00,2.9659,2.9664,2.9654,2.9664,2.9709,2.9714,2.9704,2.9714,4
2026-05-05 09:18:00,2.9659,2.9659,2.9659,2.9659,2.9709,2.9709,2.9709,2.9709,1
2026-05-05 09:19:00,2.9669,2.9669,2.9629,2.9629,2.9719,2.9719,2.9679,2.9679,8
2026-05-05 09:20:00,2.9624,2.9629,2.9619,2.9624,2.9674,2.9679,2.9669,2.9674,7
2026-05-05 09:21:00,2.9629,2.9629,2.9629,2.9629,2.9679,2.9679,2.9679,2.9679,1
2026-05-05 09:22:00,2.9634,2.9634,2.9609,2.9609,2.9684,2.9684,2.9659,2.9659,5
2026-05-05 09:23:00,2.9599,2.9609,2.9599,2.9604,2.9649,2.9659,2.9649,2.9654,5
2026-05-05 09:24:00,2.9609,2.9629,2.9609,2.9619,2.9659,2.9679,2.9659,2.9669,12
2026-05-05 09:25:00,2.9624,2.9639,2.9619,2.9619,2.9674,2.9689,2.9669,2.9669,13
2026-05-05 09:26:00,2.9624,2.9624,2.9619,2.9619,2.9674,2.9674,2.9669,2.9669,2
2026-05-05 09:28:00,2.9629,2.9629,2.9599,2.9599,2.9679,2.9679,2.9649,2.9649,7
2026-05-05 09:29:00,2.9589,2.9594,2.9579,2.9589,2.9639,2.9644,2.9629,2.9639,7
2026-05-05 09:30:00,2.9584,2.9584,2.9559,2.9569,2.9634,2.9634,2.9609,2.9619,23
2026-05-05 09:31:00,2.9564,2.9569,2.9549,2.9549,2.9614,2.9619,2.9599,2.9599,11
2026-05-05 09:32:00,2.9559,2.9559,2.9549,2.9559,2.9609,2.9609,2.9599,2.9609,8
2026-05-05 09:33:00,2.9569,2.9579,2.9559,2.9564,2.9619,2.9629,2.9609,2.9614,15
2026-05-05 09:34:00,2.9559,2.9559,2.9539,2.9539,2.9609,2.9609,2.9589,2.9589,5
2026-05-05 09:35:00,2.9529,2.9549,2.9519,2.9539,2.9579,2.9599,2.9569,2.9589,20
2026-05-05 09:36:00,2.9534,2.9534,2.9419,2.9439,2.9584,2.9584,2.9469,2.9489,68
2026-05-05 09:37:00,2.9434,2.9459,2.9424,2.9459,2.9484,2.9509,2.9474,2.9509,25
2026-05-05 09:38:00,2.9454,2.9454,2.9419,2.9439,2.9504,2.9504,2.9469,2.9489,28
2026-05-05 09:39:00,2.9434,2.9439,2.9424,2.9424,2.9484,2.9489,2.9474,2.9474,18
2026-05-05 09:40:00,2.9429,2.9439,2.9419,2.9439,2.9479,2.9489,2.9469,2.9489,12
2026-05-05 09:41:00,2.9444,2.9449,2.9434,2.9444,2.9494,2.9499,2.9484,2.9494,14
2026-05-05 09:42:00,2.9439,2.9449,2.9434,2.9449,2.9489,2.9499,2.9484,2.9499,11
2026-05-05 09:43:00,2.9454,2.9459,2.9454,2.9459,2.9504,2.9509,2.9504,2.9509,4
2026-05-05 09:44:00,2.9464,2.9489,2.9459,2.9479,2.9514,2.9539,2.9509,2.9529,10
2026-05-05 09:45:00,2.9469,2.9484,2.9469,2.9484,2.9519,2.9534,2.9519,2.9534,12
2026-05-05 09:46:00,2.9489,2.9489,2.9474,2.9479,2.9539,2.9539,2.9524,2.9529,8
2026-05-05 09:47:00,2.9474,2.9479,2.9469,2.9469,2.9524,2.9529,2.9519,2.9519,11
2026-05-05 09:48:00,2.9474,2.9484,2.9469,2.9479,2.9524,2.9534,2.9519,2.9529,7
2026-05-05 09:49:00,2.9484,2.9494,2.9484,2.9494,2.9534,2.9544,2.9534,2.9544,3
2026-05-05 09:50:00,2.9499,2.9514,2.9494,2.9494,2.9549,2.9564,2.9544,2.9544,9
2026-05-05 09:51:00,2.9499,2.9509,2.9489,2.9489,2.9549,2.9559,2.9539,2.9539,8
2026-05-05 09:52:00,2.9479,2.9499,2.9479,2.9494,2.9529,2.9549,2.9529,2.9544,12
2026-05-05 09:53:00,2.9499,2.9504,2.9499,2.9499,2.9549,2.9554,2.9549,2.9549,5
2026-05-05 09:54:00,2.9504,2.9519,2.9499,2.9519,2.9554,2.9569,2.9549,2.9569,9
2026-05-05 09:55:00,2.9529,2.9534,2.9529,2.9534,2.9579,2.9584,2.9579,2.9584,2
2026-05-05 09:56:00,2.9529,2.9549,2.9529,2.9544,2.9579,2.9599,2.9579,2.9594,12
2026-05-05 09:57:00,2.9539,2.9539,2.9529,2.9529,2.9589,2.9589,2.9579,2.9579,3
2026-05-05 09:58:00,2.9539,2.9539,2.9529,2.9534,2.9589,2.9589,2.9579,2.9584,13
2026-05-05 09:59:00,2.9529,2.9534,2.9514,2.9514,2.9579,2.9584,2.9564,2.9564,10
2026-05-05 10:00:00,2.9509,2.9549,2.9499,2.9539,2.9559,2.9599,2.9549,2.9589,35
2026-05-05 10:01:00,2.9544,2.9544,2.9524,2.9529,2.9594,2.9594,2.9574,2.9579,15
2026-05-05 10:02:00,2.9524,2.9524,2.9509,2.9514,2.9574,2.9574,2.9559,2.9564,5
2026-05-05 10:03:00,2.9509,2.9514,2.9509,2.9509,2.9559,2.9564,2.9559,2.9559,3
2026-05-05 10:04:00,2.9519,2.9519,2.9509,2.9519,2.9569,2.9569,2.9559,2.9569,17
2026-05-05 10:05:00,2.9514,2.9519,2.9494,2.9519,2.9564,2.9569,2.9544,2.9569,21
2026-05-05 10:06:00,2.9509,2.9519,2.9509,2.9519,2.9559,2.9569,2.9559,2.9569,5
2026-05-05 10:07:00,2.9529,2.9549,2.9524,2.9539,2.9579,2.9599,2.9574,2.9589,18
2026-05-05 10:08:00,2.9534,2.9539,2.9534,2.9539,2.9584,2.9589,2.9584,2.9589,2
2026-05-05 10:09:00,2.9534,2.9539,2.9519,2.9534,2.9584,2.9589,2.9569,2.9584,14
2026-05-05 10:10:00,2.9529,2.9539,2.9529,2.9529,2.9579,2.9589,2.9579,2.9579,10
2026-05-05 10:11:00,2.9534,2.9539,2.9529,2.9529,2.9584,2.9589,2.9579,2.9579,7
2026-05-05 10:12:00,2.9534,2.9539,2.9529,2.9529,2.9584,2.9589,2.9579,2.9579,11
2026-05-05 10:14:00,2.9519,2.9519,2.9519,2.9519,2.9569,2.9569,2.9569,2.9569,1
2026-05-05 10:15:00,2.9524,2.9549,2.9524,2.9539,2.9574,2.9599,2.9574,2.9589,12
2026-05-05 10:16:00,2.9544,2.9559,2.9539,2.9554,2.9594,2.9609,2.9589,2.9604,6
2026-05-05 10:17:00,2.9559,2.9559,2.9539,2.9544,2.9609,2.9609,2.9589,2.9594,16
2026-05-05 10:18:00,2.9539,2.9544,2.9529,2.9529,2.9589,2.9594,2.9579,2.9579,8
2026-05-05 10:19:00,2.9539,2.9539,2.9529,2.9539,2.9589,2.9589,2.9579,2.9589,14
2026-05-05 10:20:00,2.9534,2.9539,2.9529,2.9529,2.9584,2.9589,2.9579,2.9579,7
2026-05-05 10:21:00,2.9519,2.9529,2.9514,2.9514,2.9569,2.9579,2.9564,2.9564,15
2026-05-05 10:22:00,2.9504,2.9509,2.9499,2.9509,2.9554,2.9559,2.9549,2.9559,8
2026-05-05 10:23:00,2.9504,2.9514,2.9499,2.9509,2.9554,2.9564,2.9549,2.9559,6
2026-05-05 10:24:00,2.9514,2.9519,2.9514,2.9519,2.9564,2.9569,2.9564,2.9569,2
2026-05-05 10:25:00,2.9514,2.9514,2.9479,2.9489,2.9564,2.9564,2.9529,2.9539,31
2026-05-05 10:26:00,2.9494,2.9509,2.9489,2.9489,2.9544,2.9559,2.9539,2.9539,14
2026-05-05 10:27:00,2.9494,2.9509,2.9494,2.9499,2.9544,2.9559,2.9544,2.9549,17
2026-05-05 10:28:00,2.9489,2.9504,2.9489,2.9499,2.9539,2.9554,2.9539,2.9549,14
2026-05-05 10:29:00,2.9494,2.9514,2.9489,2.9514,2.9544,2.9564,2.9539,2.9564,30
2026-05-05 10:30:00,2.9509,2.9534,2.9509,2.9509,2.9559,2.9584,2.9559,2.9559,14
2026-05-05 10:31:00,2.9504,2.9509,2.9494,2.9494,2.9554,2.9559,2.9544,2.9544,7
2026-05-05 10:32:00,2.9499,2.9499,2.9479,2.9479,2.9549,2.9549,2.9529,2.9529,9
2026-05-05 10:33:00,2.9489,2.9509,2.9484,2.9499,2.9539,2.9559,2.9534,2.9549,10
2026-05-05 10:34:00,2.9504,2.9509,2.9499,2.9499,2.9554,2.9559,2.9549,2.9549,16
2026-05-05 10:35:00,2.9494,2.9504,2.9494,2.9499,2.9544,2.9554,2.9544,2.9549,6
2026-05-05 10:36:00,2.9504,2.9509,2.9499,2.9509,2.9554,2.9559,2.9549,2.9559,6
2026-05-05 10:37:00,2.9504,2.9509,2.9499,2.9509,2.9554,2.9559,2.9549,2.9559,8
2026-05-05 10:38:00,2.9499,2.9509,2.9499,2.9509,2.9549,2.9559,2.9549,2.9559,2
2026-05-05 10:39:00,2.9499,2.9509,2.9499,2.9499,2.9549,2.9559,2.9549,2.9549,6
2026-05-05 10:40:00,2.9504,2.9514,2.9504,2.9509,2.9554,2.9564,2.9554,2.9559,6
2026-05-05 10:41:00,2.9514,2.9524,2.9509,2.9514,2.9564,2.9574,2.9559,2.9564,7
2026-05-05 10:42:00,2.9509,2.9519,2.9504,2.9509,2.9559,2.9569,2.9554,2.9559,5
2026-05-05 10:43:00,2.9504,2.9509,2.9499,2.9509,2.9554,2.9559,2.9549,2.9559,10
2026-05-05 10:44:00,2.9514,2.9519,2.9504,2.9514,2.9564,2.9569,2.9554,2.9564,8
2026-05-05 10:45:00,2.9519,2.9519,2.9489,2.9509,2.9569,2.9569,2.9539,2.9559,20
2026-05-05 10:46:00,2.9504,2.9509,2.9499,2.9509,2.9554,2.9559,2.9549,2.9559,8
2026-05-05 10:47:00,2.9504,2.9509,2.9489,2.9489,2.9554,2.9559,2.9539,2.9539,5
2026-05-05 10:48:00,2.9494,2.9494,2.9489,2.9489,2.9544,2.9544,2.9539,2.9539,2
2026-05-05 10:49:00,2.9494,2.9494,2.9479,2.9489,2.9544,2.9544,2.9529,2.9539,4
2026-05-05 10:50:00,2.9479,2.9484,2.9469,2.9479,2.9529,2.9534,2.9519,2.9529,5
2026-05-05 10:51:00,2.9474,2.9474,2.9449,2.9464,2.9524,2.9524,2.9499,2.9514,12
2026-05-05 10:52:00,2.9459,2.9459,2.9449,2.9454,2.9509,2.9509,2.9499,2.9504,4
2026-05-05 10:53:00,2.9449,2.9469,2.9449,2.9464,2.9499,2.9519,2.9499,2.9514,13
2026-05-05 10:54:00,2.9469,2.9474,2.9464,2.9469,2.9519,2.9524,2.9514,2.9519,7
2026-05-05 10:55:00,2.9474,2.9479,2.9469,2.9469,2.9524,2.9529,2.9519,2.9519,8
2026-05-05 10:57:00,2.9474,2.9499,2.9469,2.9499,2.9524,2.9549,2.9519,2.9549,11
2026-05-05 10:58:00,2.9494,2.9494,2.9489,2.9494,2.9544,2.9544,2.9539,2.9544,3
2026-05-05 10:59:00,2.9489,2.9499,2.9489,2.9494,2.9539,2.9549,2.9539,2.9544,4
2026-05-05 11:00:00,2.9499,2.9574,2.9499,2.9559,2.9549,2.9624,2.9549,2.9609,30
2026-05-05 11:01:00,2.9564,2.9569,2.9539,2.9539,2.9614,2.9619,2.9589,2.9589,24
2026-05-05 11:02:00,2.9529,2.9539,2.9519,2.9529,2.9579,2.9589,2.9569,2.9579,9
2026-05-05 11:03:00,2.9524,2.9529,2.9509,2.9524,2.9574,2.9579,2.9559,2.9574,11
2026-05-05 11:04:00,2.9519,2.9539,2.9519,2.9539,2.9569,2.9589,2.9569,2.9589,7
2026-05-05 11:05:00,2.9544,2.9544,2.9529,2.9529,2.9594,2.9594,2.9579,2.9579,9
2026-05-05 11:06:00,2.9534,2.9544,2.9529,2.9539,2.9584,2.9594,2.9579,2.9589,10
2026-05-05 11:07:00,2.9534,2.9559,2.9529,2.9554,2.9584,2.9609,2.9579,2.9604,8
2026-05-05 11:08:00,2.9559,2.9569,2.9549,2.9569,2.9609,2.9619,2.9599,2.9619,5
2026-05-05 11:09:00,2.9564,2.9569,2.9549,2.9569,2.9614,2.9619,2.9599,2.9619,9
2026-05-05 11:10:00,2.9559,2.9564,2.9554,2.9559,2.9609,2.9614,2.9604,2.9609,5
2026-05-05 11:11:00,2.9569,2.9574,2.9554,2.9554,2.9619,2.9624,2.9604,2.9604,10
2026-05-05 11:12:00,2.9559,2.9569,2.9549,2.9569,2.9609,2.9619,2.9599,2.9619,5
2026-05-05 11:13:00,2.9579,2.9579,2.9579,2.9579,2.9629,2.9629,2.9629,2.9629,1
2026-05-05 11:14:00,2.9589,2.9589,2.9579,2.9579,2.9639,2.9639,2.9629,2.9629,3
2026-05-05 11:15:00,2.9584,2.9589,2.9579,2.9589,2.9634,2.9639,2.9629,2.9639,3
2026-05-05 11:16:00,2.9599,2.9609,2.9589,2.9609,2.9649,2.9659,2.9639,2.9659,5
2026-05-05 11:17:00,2.9604,2.9619,2.9604,2.9609,2.9654,2.9669,2.9654,2.9659,6
2026-05-05 11:18:00,2.9619,2.9624,2.9619,2.9619,2.9669,2.9674,2.9669,2.9669,3
2026-05-05 11:19:00,2.9614,2.9624,2.9609,2.9624,2.9664,2.9674,2.9659,2.9674,9
2026-05-05 11:20:00,2.9619,2.9629,2.9619,2.9629,2.9669,2.9679,2.9669,2.9679,3
2026-05-05 11:21:00,2.9639,2.9639,2.9629,2.9629,2.9689,2.9689,2.9679,2.9679,3
2026-05-05 11:22:00,2.9634,2.9639,2.9629,2.9629,2.9684,2.9689,2.9679,2.9679,5
2026-05-05 11:23:00,2.9634,2.9649,2.9629,2.9649,2.9684,2.9699,2.9679,2.9699,6
2026-05-05 11:24:00,2.9644,2.9644,2.9639,2.9639,2.9694,2.9694,2.9689,2.9689,4
2026-05-05 11:25:00,2.9644,2.9669,2.9644,2.9659,2.9694,2.9719,2.9694,2.9709,12
2026-05-05 11:27:00,2.9664,2.9669,2.9649,2.9659,2.9714,2.9719,2.9699,2.9709,9
2026-05-05 11:28:00,2.9664,2.9669,2.9659,2.9659,2.9714,2.9719,2.9709,2.9709,5
2026-05-05 11:29:00,2.9649,2.9649,2.9619,2.9624,2.9699,2.9699,2.9669,2.9674,9
2026-05-05 11:30:00,2.9629,2.9639,2.9629,2.9629,2.9679,2.9689,2.9679,2.9679,11
2026-05-05 11:31:00,2.9634,2.9639,2.9629,2.9629,2.9684,2.9689,2.9679,2.9679,4
2026-05-05 11:32:00,2.9634,2.9634,2.9629,2.9629,2.9684,2.9684,2.9679,2.9679,2
2026-05-05 11:33:00,2.9634,2.9639,2.9634,2.9639,2.9684,2.9689,2.9684,2.9689,2
2026-05-05 11:34:00,2.9634,2.9639,2.9634,2.9634,2.9684,2.9689,2.9684,2.9684,3
2026-05-05 11:35:00,2.9639,2.9659,2.9639,2.9659,2.9689,2.9709,2.9689,2.9709,4
2026-05-05 11:36:00,2.9669,2.9669,2.9659,2.9659,2.9719,2.9719,2.9709,2.9709,2
2026-05-05 11:37:00,2.9669,2.9669,2.9649,2.9649,2.9719,2.9719,2.9699,2.9699,3
2026-05-05 11:38:00,2.9644,2.9659,2.9644,2.9649,2.9694,2.9709,2.9694,2.9699,5
2026-05-05 11:39:00,2.9644,2.9649,2.9639,2.9644,2.9694,2.9699,2.9689,2.9694,8
2026-05-05 11:40:00,2.9639,2.9639,2.9634,2.9634,2.9689,2.9689,2.9684,2.9684,2
2026-05-05 11:41:00,2.9639,2.9639,2.9629,2.9639,2.9689,2.9689,2.9679,2.9689,6
2026-05-05 11:42:00,2.9644,2.9644,2.9609,2.9619,2.9694,2.9694,2.9659,2.9669,8
2026-05-05 11:43:00,2.9624,2.9629,2.9619,2.9629,2.9674,2.9679,2.9669,2.9679,6
2026-05-05 11:44:00,2.9624,2.9624,2.9619,2.9619,2.9674,2.9674,2.9669,2.9669,2
2026-05-05 11:45:00,2.9624,2.9629,2.9624,2.9624,2.9674,2.9679,2.9674,2.9674,3
2026-05-05 11:46:00,2.9619,2.9629,2.9619,2.9624,2.9669,2.9679,2.9669,2.9674,3
2026-05-05 11:47:00,2.9629,2.9629,2.9619,2.9619,2.9679,2.9679,2.9669,2.9669,2
2026-05-05 11:48:00,2.9614,2.9619,2.9609,2.9619,2.9664,2.9669,2.9659,2.9669,10
2026-05-05 11:49:00,2.9609,2.9609,2.9604,2.9609,2.9659,2.9659,2.9654,2.9659,3
2026-05-05 11:50:00,2.9604,2.9609,2.9599,2.9609,2.9654,2.9659,2.9649,2.9659,4
2026-05-05 11:51:00,2.9619,2.9619,2.9609,2.9609,2.9669,2.9669,2.9659,2.9659,8
2026-05-05 11:52:00,2.9614,2.9619,2.9614,2.9619,2.9664,2.9669,2.9664,2.9669,4
2026-05-05 11:53:00,2.9609,2.9619,2.9609,2.9619,2.9659,2.9669,2.9659,2.9669,3
2026-05-05 11:54:00,2.9614,2.9619,2.9609,2.9609,2.9664,2.9669,2.9659,2.9659,7
2026-05-05 11:55:00,2.9599,2.9599,2.9589,2.9594,2.9649,2.9649,2.9639,2.9644,7
2026-05-05 11:56:00,2.9599,2.9599,2.9569,2.9569,2.9649,2.9649,2.9619,2.9619,7
2026-05-05 11:57:00,2.9574,2.9589,2.9569,2.9589,2.9624,2.9639,2.9619,2.9639,5
2026-05-05 11:58:00,2.9594,2.9599,2.9594,2.9599,2.9644,2.9649,2.9644,2.9649,2
2026-05-05 11:59:00,2.9589,2.9609,2.9584,2.9589,2.9639,2.9659,2.9634,2.9639,11
2026-05-05 12:00:00,2.9594,2.9594,2.9589,2.9589,2.9644,2.9644,2.9639,2.9639,2
2026-05-05 12:01:00,2.9599,2.9609,2.9599,2.9609,2.9649,2.9659,2.9649,2.9659,6
2026-05-05 12:02:00,2.9604,2.9619,2.9604,2.9614,2.9654,2.9669,2.9654,2.9664,12
2026-05-05 12:03:00,2.9619,2.9619,2.9619,2.9619,2.9669,2.9669,2.9669,2.9669,1
2026-05-05 12:04:00,2.9614,2.9614,2.9609,2.9609,2.9664,2.9664,2.9659,2.9659,4
2026-05-05 12:05:00,2.9614,2.9619,2.9609,2.9619,2.9664,2.9669,2.9659,2.9669,12
2026-05-05 12:06:00,2.9614,2.9614,2.9609,2.9609,2.9664,2.9664,2.9659,2.9659,2
2026-05-05 12:07:00,2.9614,2.9619,2.9614,2.9619,2.9664,2.9669,2.9664,2.9669,2
2026-05-05 12:08:00,2.9614,2.9619,2.9609,2.9609,2.9664,2.9669,2.9659,2.9659,3
2026-05-05 12:09:00,2.9619,2.9619,2.9619,2.9619,2.9669,2.9669,2.9669,2.9669,1
2026-05-05 12:10:00,2.9609,2.9619,2.9609,2.9614,2.9659,2.9669,2.9659,2.9664,6
2026-05-05 12:11:00,2.9619,2.9619,2.9599,2.9609,2.9669,2.9669,2.9649,2.9659,5
2026-05-05 12:12:00,2.9604,2.9604,2.9579,2.9589,2.9654,2.9654,2.9629,2.9639,9
2026-05-05 12:13:00,2.9594,2.9599,2.9594,2.9599,2.9644,2.9649,2.9644,2.9649,2
2026-05-05 12:14:00,2.9609,2.9619,2.9609,2.9619,2.9659,2.9669,2.9659,2.9669,2
2026-05-05 12:15:00,2.9609,2.9619,2.9609,2.9609,2.9659,2.9669,2.9659,2.9659,7
2026-05-05 12:17:00,2.9619,2.9629,2.9619,2.9629,2.9669,2.9679,2.9669,2.9679,2
2026-05-05 12:18:00,2.9639,2.9639,2.9619,2.9629,2.9689,2.9689,2.9669,2.9679,8
2026-05-05 12:19:00,2.9639,2.9679,2.9639,2.9679,2.9689,2.9729,2.9689,2.9729,9
2026-05-05 12:20:00,2.9674,2.9689,2.9669,2.9679,2.9724,2.9739,2.9719,2.9729,13
2026-05-05 12:21:00,2.9669,2.9669,2.9659,2.9659,2.9719,2.9719,2.9709,2.9709,6
2026-05-05 12:23:00,2.9669,2.9679,2.9669,2.9679,2.9719,2.9729,2.9719,2.9729,3
2026-05-05 12:24:00,2.9689,2.9719,2.9689,2.9709,2.9739,2.9769,2.9739,2.9759,17
2026-05-05 12:25:00,2.9714,2.9739,2.9714,2.9739,2.9764,2.9789,2.9764,2.9789,6
2026-05-05 12:26:00,2.9734,2.9734,2.9714,2.9719,2.9784,2.9784,2.9764,2.9769,7
2026-05-05 12:27:00,2.9714,2.9719,2.9699,2.9699,2.9764,2.9769,2.9749,2.9749,4
2026-05-05 12:28:00,2.9689,2.9699,2.9689,2.9689,2.9739,2.9749,2.9739,2.9739,7
2026-05-05 12:29:00,2.9699,2.9699,2.9679,2.9679,2.9749,2.9749,2.9729,2.9729,7
2026-05-05 12:30:00,2.9689,2.9724,2.9679,2.9724,2.9739,2.9774,2.9729,2.9774,25
2026-05-05 12:31:00,2.9719,2.9729,2.9709,2.9709,2.9769,2.9779,2.9759,2.9759,10
2026-05-05 12:32:00,2.9714,2.9719,2.9714,2.9719,2.9764,2.9769,2.9764,2.9769,2
2026-05-05 12:33:00,2.9709,2.9719,2.9699,2.9709,2.9759,2.9769,2.9749,2.9759,9
2026-05-05 12:34:00,2.9704,2.9704,2.9634,2.9654,2.9754,2.9754,2.9684,2.9704,44
2026-05-05 12:35:00,2.9664,2.9669,2.9629,2.9659,2.9714,2.9719,2.9679,2.9709,15
2026-05-05 12:36:00,2.9669,2.9689,2.9659,2.9679,2.9719,2.9739,2.9709,2.9729,14
2026-05-05 12:37:00,2.9684,2.9694,2.9679,2.9689,2.9734,2.9744,2.9729,2.9739,13
2026-05-05 12:38:00,2.9679,2.9689,2.9679,2.9684,2.9729,2.9739,2.9729,2.9734,8
2026-05-05 12:39:00,2.9689,2.9699,2.9669,2.9669,2.9739,2.9749,2.9719,2.9719,10
2026-05-05 12:40:00,2.9674,2.9679,2.9599,2.9599,2.9724,2.9729,2.9649,2.9649,14
2026-05-05 12:41:00,2.9589,2.9599,2.9529,2.9579,2.9639,2.9649,2.9579,2.9629,35
2026-05-05 12:42:00,2.9584,2.9599,2.9579,2.9589,2.9634,2.9649,2.9629,2.9639,14
2026-05-05 12:43:00,2.9594,2.9604,2.9589,2.9599,2.9644,2.9654,2.9639,2.9649,7
2026-05-05 12:44:00,2.9609,2.9609,2.9589,2.9599,2.9659,2.9659,2.9639,2.9649,8
2026-05-05 12:45:00,2.9604,2.9629,2.9579,2.9619,2.9654,2.9679,2.9629,2.9669,22
2026-05-05 12:46:00,2.9614,2.9619,2.9589,2.9614,2.9664,2.9669,2.9639,2.9664,11
2026-05-05 12:47:00,2.9609,2.9619,2.9609,2.9609,2.9659,2.9669,2.9659,2.9659,8
2026-05-05 12:48:00,2.9619,2.9639,2.9619,2.9629,2.9669,2.9689,2.9669,2.9679,6
2026-05-05 12:49:00,2.9624,2.9629,2.9624,2.9629,2.9674,2.9679,2.9674,2.9679,2
2026-05-05 12:50:00,2.9634,2.9639,2.9629,2.9639,2.9684,2.9689,2.9679,2.9689,10
2026-05-05 12:51:00,2.9629,2.9639,2.9629,2.9629,2.9679,2.9689,2.9679,2.9679,4
2026-05-05 12:53:00,2.9634,2.9649,2.9629,2.9629,2.9684,2.9699,2.9679,2.9679,15
2026-05-05 12:54:00,2.9639,2.9649,2.9639,2.9639,2.9689,2.9699,2.9689,2.9689,8
2026-05-05 12:55:00,2.9629,2.9634,2.9624,2.9624,2.9679,2.9684,2.9674,2.9674,12
2026-05-05 12:56:00,2.9629,2.9639,2.9619,2.9629,2.9679,2.9689,2.9669,2.9679,6
2026-05-05 12:57:00,2.9639,2.9644,2.9639,2.9644,2.9689,2.9694,2.9689,2.9694,4
2026-05-05 12:58:00,2.9649,2.9649,2.9639,2.9649,2.9699,2.9699,2.9689,2.9699,4
2026-05-05 12:59:00,2.9644,2.9649,2.9644,2.9649,2.9694,2.9699,2.9694,2.9699,2
2026-05-05 13:00:00,2.9639,2.9689,2.9624,2.9679,2.9689,2.9739,2.9674,2.9729,27
2026-05-05 13:01:00,2.9689,2.9809,2.9689,2.9804,2.9739,2.9859,2.9739,2.9854,42
2026-05-05 13:02:00,2.9799,2.9799,2.9749,2.9749,2.9849,2.9849,2.9799,2.9799,23
2026-05-05 13:03:00,2.9754,2.9779,2.9739,2.9769,2.9804,2.9829,2.9789,2.9819,21
2026-05-05 13:04:00,2.9759,2.9789,2.9759,2.9789,2.9809,2.9839,2.9809,2.9839,24
2026-05-05 13:05:00,2.9794,2.9819,2.9789,2.9809,2.9844,2.9869,2.9839,2.9859,20
2026-05-05 13:06:00,2.9799,2.9809,2.9774,2.9789,2.9849,2.9859,2.9824,2.9839,20
2026-05-05 13:07:00,2.9794,2.9794,2.9774,2.9789,2.9844,2.9844,2.9824,2.9839,8
2026-05-05 13:08:00,2.9779,2.9819,2.9769,2.9819,2.9829,2.9869,2.9819,2.9869,19
2026-05-05 13:09:00,2.9814,2.9814,2.9799,2.9799,2.9864,2.9864,2.9849,2.9849,4
2026-05-05 13:10:00,2.9804,2.9819,2.9804,2.9804,2.9854,2.9869,2.9854,2.9854,7
2026-05-05 13:11:00,2.9809,2.9809,2.9784,2.9799,2.9859,2.9859,2.9834,2.9849,20
2026-05-05 13:12:00,2.9809,2.9839,2.9809,2.9829,2.9859,2.9889,2.9859,2.9879,14
2026-05-05 13:13:00,2.9819,2.9839,2.9819,2.9839,2.9869,2.9889,2.9869,2.9889,9
2026-05-05 13:14:00,2.9834,2.9854,2.9829,2.9839,2.9884,2.9904,2.9879,2.9889,16
2026-05-05 13:15:00,2.9829,2.9849,2.9819,2.9849,2.9879,2.9899,2.9869,2.9899,17
2026-05-05 13:16:00,2.9844,2.9899,2.9839,2.9889,2.9894,2.9949,2.9889,2.9939,28
2026-05-05 13:17:00,2.9894,2.9909,2.9889,2.9899,2.9944,2.9959,2.9939,2.9949,22
2026-05-05 13:18:00,2.9909,2.9909,2.9869,2.9869,2.9959,2.9959,2.9919,2.9919,10
2026-05-05 13:19:00,2.9874,2.9889,2.9874,2.9889,2.9924,2.9939,2.9924,2.9939,7
2026-05-05 13:20:00,2.9879,2.9879,2.9864,2.9864,2.9929,2.9929,2.9914,2.9914,7
2026-05-05 13:21:00,2.9869,2.9889,2.9864,2.9889,2.9919,2.9939,2.9914,2.9939,19
2026-05-05 13:22:00,2.9879,2.9889,2.9819,2.9819,2.9929,2.9939,2.9869,2.9869,24
2026-05-05 13:23:00,2.9829,2.9869,2.9819,2.9829,2.9879,2.9919,2.9869,2.9879,26
2026-05-05 13:24:00,2.9819,2.9839,2.9819,2.9819,2.9869,2.9889,2.9869,2.9869,8
2026-05-05 13:25:00,2.9809,2.9819,2.9799,2.9809,2.9859,2.9869,2.9849,2.9859,18
2026-05-05 13:26:00,2.9819,2.9899,2.9814,2.9899,2.9869,2.9949,2.9864,2.9949,21
2026-05-05 13:27:00,2.9909,2.9909,2.9879,2.9879,2.9959,2.9959,2.9929,2.9929,8
2026-05-05 13:28:00,2.9889,2.9899,2.9849,2.9869,2.9939,2.9949,2.9899,2.9919,34
2026-05-05 13:29:00,2.9864,2.9889,2.9859,2.9874,2.9914,2.9939,2.9909,2.9924,19
2026-05-05 13:30:00,2.9879,2.9889,2.9869,2.9884,2.9929,2.9939,2.9919,2.9934,6
2026-05-05 13:31:00,2.9879,2.9889,2.9749,2.9784,2.9929,2.9939,2.9799,2.9834,32
2026-05-05 13:32:00,2.9779,2.9799,2.9779,2.9789,2.9829,2.9849,2.9829,2.9839,17
2026-05-05 13:33:00,2.9799,2.9839,2.9794,2.9829,2.9849,2.9889,2.9844,2.9879,9
2026-05-05 13:34:00,2.9834,2.9834,2.9799,2.9819,2.9884,2.9884,2.9849,2.9869,16
2026-05-05 13:35:00,2.9809,2.9809,2.9739,2.9744,2.9859,2.9859,2.9789,2.9794,22
2026-05-05 13:36:00,2.9749,2.9759,2.9729,2.9739,2.9799,2.9809,2.9779,2.9789,10
2026-05-06 05:39:00,2.9082,2.9082,2.9072,2.9072,2.9132,2.9132,2.9122,2.9122,3
2026-05-06 05:40:00,2.9082,2.9082,2.9072,2.9072,2.9132,2.9132,2.9122,2.9122,16
2026-05-06 05:45:00,2.9067,2.9072,2.9067,2.9072,2.9117,2.9122,2.9117,2.9122,4
2026-05-06 05:48:00,2.9077,2.9082,2.9072,2.9082,2.9127,2.9132,2.9122,2.9132,7
2026-05-06 05:49:00,2.9092,2.9092,2.9082,2.9082,2.9142,2.9142,2.9132,2.9132,2
2026-05-06 05:51:00,2.9092,2.9092,2.9092,2.9092,2.9142,2.9142,2.9142,2.9142,1
2026-05-06 05:54:00,2.9082,2.9082,2.9082,2.9082,2.9132,2.9132,2.9132,2.9132,1
2026-05-06 05:58:00,2.9077,2.9092,2.9077,2.9092,2.9127,2.9142,2.9127,2.9142,3
2026-05-06 05:59:00,2.9102,2.9112,2.9102,2.9112,2.9152,2.9162,2.9152,2.9162,2
2026-05-06 06:03:00,2.9107,2.9112,2.9107,2.9112,2.9157,2.9162,2.9157,2.9162,2
2026-05-06 06:04:00,2.9122,2.9122,2.9112,2.9112,2.9172,2.9172,2.9162,2.9162,3
2026-05-06 06:05:00,2.9122,2.9122,2.9112,2.9117,2.9172,2.9172,2.9162,2.9167,11
2026-05-06 06:06:00,2.9112,2.9117,2.9112,2.9112,2.9162,2.9167,2.9162,2.9162,7
2026-05-06 06:07:00,2.9107,2.9112,2.9107,2.9112,2.9157,2.9162,2.9157,2.9162,2
2026-05-06 06:08:00,2.9102,2.9102,2.9102,2.9102,2.9152,2.9152,2.9152,2.9152,1
2026-05-06 06:11:00,2.9112,2.9112,2.9112,2.9112,2.9162,2.9162,2.9162,2.9162,1
2026-05-06 06:15:00,2.9102,2.9112,2.9102,2.9112,2.9152,2.9162,2.9152,2.9162,5
2026-05-06 06:17:00,2.9107,2.9112,2.9107,2.9112,2.9157,2.9162,2.9157,2.9162,2
2026-05-06 06:18:00,2.9107,2.9112,2.9107,2.9112,2.9157,2.9162,2.9157,2.9162,2
2026-05-06 06:22:00,2.9107,2.9112,2.9102,2.9102,2.9157,2.9162,2.9152,2.9152,4
2026-05-06 06:26:00,2.9107,2.9112,2.9107,2.9112,2.9157,2.9162,2.9157,2.9162,2
2026-05-06 06:27:00,2.9102,2.9112,2.9097,2.9097,2.9152,2.9162,2.9147,2.9147,6
2026-05-06 06:28:00,2.9102,2.9102,2.9092,2.9092,2.9152,2.9152,2.9142,2.9142,3
2026-05-06 06:30:00,2.9102,2.9102,2.9097,2.9097,2.9152,2.9152,2.9147,2.9147,2
2026-05-06 06:31:00,2.9102,2.9102,2.9092,2.9102,2.9152,2.9152,2.9142,2.9152,9
2026-05-06 06:32:00,2.9112,2.9112,2.9102,2.9107,2.9162,2.9162,2.9152,2.9157,5
2026-05-06 06:33:00,2.9102,2.9102,2.9102,2.9102,2.9152,2.9152,2.9152,2.9152,1
2026-05-06 06:34:00,2.9107,2.9112,2.9107,2.9112,2.9157,2.9162,2.9157,2.9162,4
2026-05-06 06:35:00,2.9117,2.9117,2.9112,2.9112,2.9167,2.9167,2.9162,2.9162,2
2026-05-06 06:37:00,2.9122,2.9122,2.9102,2.9112,2.9172,2.9172,2.9152,2.9162,7
2026-05-06 06:39:00,2.9117,2.9117,2.9112,2.9112,2.9167,2.9167,2.9162,2.9162,2
2026-05-06 06:43:00,2.9122,2.9122,2.9122,2.9122,2.9172,2.9172,2.9172,2.9172,1
2026-05-06 06:47:00,2.9117,2.9122,2.9117,2.9122,2.9167,2.9172,2.9167,2.9172,2
2026-05-06 06:49:00,2.9117,2.9122,2.9117,2.9122,2.9167,2.9172,2.9167,2.9172,2
2026-05-06 06:52:00,2.9127,2.9127,2.9122,2.9122,2.9177,2.9177,2.9172,2.9172,2
2026-05-06 06:53:00,2.9112,2.9122,2.9112,2.9122,2.9162,2.9172,2.9162,2.9172,6
2026-05-06 06:55:00,2.9117,2.9117,2.9092,2.9092,2.9167,2.9167,2.9142,2.9142,3
2026-05-06 06:56:00,2.9087,2.9092,2.9087,2.9092,2.9137,2.9142,2.9137,2.9142,2
2026-05-06 06:57:00,2.9097,2.9097,2.9092,2.9097,2.9147,2.9147,2.9142,2.9147,3
2026-05-06 06:58:00,2.9092,2.9097,2.9092,2.9092,2.9142,2.9147,2.9142,2.9142,3
2026-05-06 06:59:00,2.9102,2.9102,2.9092,2.9097,2.9152,2.9152,2.9142,2.9147,3
2026-05-06 07:00:00,2.9102,2.9102,2.9102,2.9102,2.9152,2.9152,2.9152,2.9152,1
2026-05-06 07:03:00,2.9107,2.9107,2.9107,2.9107,2.9157,2.9157,2.9157,2.9157,1
2026-05-06 07:04:00,2.9112,2.9112,2.9092,2.9092,2.9162,2.9162,2.9142,2.9142,4
2026-05-06 07:05:00,2.9102,2.9102,2.9092,2.9092,2.9152,2.9152,2.9142,2.9142,3
2026-05-06 07:09:00,2.9102,2.9107,2.9102,2.9107,2.9152,2.9157,2.9152,2.9157,2
2026-05-06 07:10:00,2.9112,2.9112,2.9112,2.9112,2.9162,2.9162,2.9162,2.9162,1
2026-05-06 07:11:00,2.9122,2.9122,2.9102,2.9107,2.9172,2.9172,2.9152,2.9157,6
2026-05-06 07:12:00,2.9112,2.9112,2.9112,2.9112,2.9162,2.9162,2.9162,2.9162,1
2026-05-06 07:13:00,2.9107,2.9112,2.9107,2.9112,2.9157,2.9162,2.9157,2.9162,2
2026-05-06 07:14:00,2.9107,2.9117,2.9102,2.9117,2.9157,2.9167,2.9152,2.9167,4
2026-05-06 07:15:00,2.9122,2.9137,2.9112,2.9112,2.9172,2.9187,2.9162,2.9162,7
2026-05-06 07:16:00,2.9117,2.9122,2.9117,2.9122,2.9167,2.9172,2.9167,2.9172,2
2026-05-06 07:18:00,2.9112,2.9117,2.9112,2.9112,2.9162,2.9167,2.9162,2.9162,3
2026-05-06 07:19:00,2.9117,2.9122,2.9117,2.9122,2.9167,2.9172,2.9167,2.9172,2
2026-05-06 07:20:00,2.9117,2.9117,2.9117,2.9117,2.9167,2.9167,2.9167,2.9167,1
2026-05-06 07:21:00,2.9122,2.9127,2.9122,2.9127,2.9172,2.9177,2.9172,2.9177,2
2026-05-06 07:22:00,2.9132,2.9137,2.9132,2.9137,2.9182,2.9187,2.9182,2.9187,2
2026-05-06 07:23:00,2.9142,2.9152,2.9142,2.9142,2.9192,2.9202,2.9192,2.9192,3
2026-05-06 07:24:00,2.9147,2.9152,2.9147,2.9147,2.9197,2.9202,2.9197,2.9197,3
2026-05-06 07:25:00,2.9142,2.9152,2.9142,2.9147,2.9192,2.9202,2.9192,2.9197,4
2026-05-06 07:26:00,2.9142,2.9142,2.9142,2.9142,2.9192,2.9192,2.9192,2.9192,1
2026-05-06 07:27:00,2.9132,2.9137,2.9127,2.9127,2.9182,2.9187,2.9177,2.9177,4
2026-05-06 07:28:00,2.9132,2.9142,2.9132,2.9142,2.9182,2.9192,2.9182,2.9192,3
2026-05-06 07:30:00,2.9137,2.9137,2.9132,2.9132,2.9187,2.9187,2.9182,2.9182,4
2026-05-06 07:31:00,2.9142,2.9147,2.9142,2.9142,2.9192,2.9197,2.9192,2.9192,3
2026-05-06 07:32:00,2.9137,2.9142,2.9137,2.9142,2.9187,2.9192,2.9187,2.9192,2
2026-05-06 07:33:00,2.9147,2.9147,2.9142,2.9142,2.9197,2.9197,2.9192,2.9192,2
2026-05-06 07:34:00,2.9132,2.9142,2.9132,2.9142,2.9182,2.9192,2.9182,2.9192,3
2026-05-06 07:35:00,2.9147,2.9152,2.9142,2.9142,2.9197,2.9202,2.9192,2.9192,4
2026-05-06 07:36:00,2.9137,2.9137,2.9137,2.9137,2.9187,2.9187,2.9187,2.9187,1
2026-05-06 07:37:00,2.9142,2.9142,2.9137,2.9137,2.9192,2.9192,2.9187,2.9187,2
2026-05-06 07:40:00,2.9142,2.9142,2.9137,2.9142,2.9192,2.9192,2.9187,2.9192,3
2026-05-06 07:41:00,2.9137,2.9142,2.9137,2.9142,2.9187,2.9192,2.9187,2.9192,2
2026-05-06 07:42:00,2.9147,2.9147,2.9147,2.9147,2.9197,2.9197,2.9197,2.9197,1
2026-05-06 07:43:00,2.9142,2.9142,2.9142,2.9142,2.9192,2.9192,2.9192,2.9192,1
2026-05-06 07:44:00,2.9132,2.9132,2.9132,2.9132,2.9182,2.9182,2.9182,2.9182,1
2026-05-06 07:45:00,2.9122,2.9132,2.9122,2.9132,2.9172,2.9182,2.9172,2.9182,3
2026-05-06 07:46:00,2.9137,2.9147,2.9132,2.9147,2.9187,2.9197,2.9182,2.9197,6
2026-05-06 07:47:00,2.9142,2.9147,2.9132,2.9132,2.9192,2.9197,2.9182,2.9182,4
2026-05-06 07:48:00,2.9137,2.9147,2.9137,2.9142,2.9187,2.9197,2.9187,2.9192,4
2026-05-06 07:49:00,2.9147,2.9152,2.9142,2.9147,2.9197,2.9202,2.9192,2.9197,4
2026-05-06 07:50:00,2.9142,2.9142,2.9142,2.9142,2.9192,2.9192,2.9192,2.9192,1
2026-05-06 07:55:00,2.9137,2.9137,2.9137,2.9137,2.9187,2.9187,2.9187,2.9187,1
2026-05-06 07:56:00,2.9132,2.9132,2.9127,2.9132,2.9182,2.9182,2.9177,2.9182,3
2026-05-06 07:59:00,2.9122,2.9147,2.9122,2.9142,2.9172,2.9197,2.9172,2.9192,10
2026-05-06 08:00:00,2.9132,2.9137,2.9072,2.9072,2.9182,2.9187,2.9122,2.9122,17
2026-05-06 08:01:00,2.9077,2.9102,2.9072,2.9102,2.9127,2.9152,2.9122,2.9152,14
2026-05-06 08:02:00,2.9092,2.9122,2.9092,2.9112,2.9142,2.9172,2.9142,2.9162,10
2026-05-06 08:03:00,2.9117,2.9142,2.9117,2.9137,2.9167,2.9192,2.9167,2.9187,6
2026-05-06 08:04:00,2.9132,2.9142,2.9132,2.9142,2.9182,2.9192,2.9182,2.9192,3
2026-05-06 08:06:00,2.9152,2.9162,2.9147,2.9157,2.9202,2.9212,2.9197,2.9207,6
2026-05-06 08:07:00,2.9152,2.9162,2.9152,2.9157,2.9202,2.9212,2.9202,2.9207,4
2026-05-06 08:08:00,2.9152,2.9167,2.9152,2.9167,2.9202,2.9217,2.9202,2.9217,3
2026-05-06 08:09:00,2.9162,2.9162,2.9152,2.9152,2.9212,2.9212,2.9202,2.9202,2
2026-05-06 08:10:00,2.9157,2.9162,2.9152,2.9157,2.9207,2.9212,2.9202,2.9207,5
2026-05-06 08:11:00,2.9152,2.9152,2.9132,2.9142,2.9202,2.9202,2.9182,2.9192,8
2026-05-06 08:13:00,2.9132,2.9132,2.9112,2.9117,2.9182,2.9182,2.9162,2.9167,4
2026-05-06 08:14:00,2.9102,2.9102,2.9087,2.9102,2.9152,2.9152,2.9137,2.9152,6
2026-05-06 08:15:00,2.9107,2.9107,2.9107,2.9107,2.9157,2.9157,2.9157,2.9157,1
2026-05-06 08:16:00,2.9102,2.9107,2.9102,2.9107,2.9152,2.9157,2.9152,2.9157,2
2026-05-06 08:17:00,2.9112,2.9112,2.9112,2.9112,2.9162,2.9162,2.9162,2.9162,1
2026-05-06 08:18:00,2.9117,2.9117,2.9107,2.9107,2.9167,2.9167,2.9157,2.9157,3
2026-05-06 08:20:00,2.9112,2.9122,2.9112,2.9122,2.9162,2.9172,2.9162,2.9172,3
2026-05-06 08:21:00,2.9132,2.9142,2.9127,2.9137,2.9182,2.9192,2.9177,2.9187,8
2026-05-06 08:22:00,2.9147,2.9147,2.9142,2.9142,2.9197,2.9197,2.9192,2.9192,4
2026-05-06 08:23:00,2.9132,2.9137,2.9132,2.9137,2.9182,2.9187,2.9182,2.9187,2
2026-05-06 08:24:00,2.9142,2.9147,2.9142,2.9147,2.9192,2.9197,2.9192,2.9197,2
2026-05-06 08:25:00,2.9142,2.9142,2.9132,2.9137,2.9192,2.9192,2.9182,2.9187,6
2026-05-06 08:26:00,2.9142,2.9147,2.9132,2.9137,2.9192,2.9197,2.9182,2.9187,5
2026-05-06 08:27:00,2.9132,2.9132,2.9132,2.9132,2.9182,2.9182,2.9182,2.9182,1
2026-05-06 08:28:00,2.9127,2.9127,2.9122,2.9122,2.9177,2.9177,2.9172,2.9172,2
2026-05-06 08:29:00,2.9127,2.9132,2.9127,2.9132,2.9177,2.9182,2.9177,2.9182,2
2026-05-06 08:30:00,2.9127,2.9127,2.9122,2.9122,2.9177,2.9177,2.9172,2.9172,2
2026-05-06 08:31:00,2.9127,2.9132,2.9122,2.9122,2.9177,2.9182,2.9172,2.9172,4
2026-05-06 08:32:00,2.9132,2.9142,2.9132,2.9132,2.9182,2.9192,2.9182,2.9182,3
2026-05-06 08:33:00,2.9127,2.9132,2.9122,2.9132,2.9177,2.9182,2.9172,2.9182,4
2026-05-06 08:34:00,2.9122,2.9122,2.9122,2.9122,2.9172,2.9172,2.9172,2.9172,1
2026-05-06 08:35:00,2.9127,2.9132,2.9127,2.9132,2.9177,2.9182,2.9177,2.9182,2
2026-05-06 08:37:00,2.9122,2.9122,2.9122,2.9122,2.9172,2.9172,2.9172,2.9172,1
2026-05-06 08:38:00,2.9117,2.9137,2.9117,2.9137,2.9167,2.9187,2.9167,2.9187,4
2026-05-06 08:39:00,2.9132,2.9137,2.9132,2.9137,2.9182,2.9187,2.9182,2.9187,2
2026-05-06 08:40:00,2.9132,2.9142,2.9127,2.9142,2.9182,2.9192,2.9177,2.9192,4
2026-05-06 08:41:00,2.9147,2.9167,2.9142,2.9162,2.9197,2.9217,2.9192,2.9212,8
2026-05-06 08:42:00,2.9172,2.9237,2.9172,2.9227,2.9222,2.9287,2.9222,2.9277,26
2026-05-06 08:43:00,2.9222,2.9222,2.9187,2.9187,2.9272,2.9272,2.9237,2.9237,10
2026-05-06 08:44:00,2.9177,2.9177,2.9127,2.9127,2.9227,2.9227,2.9177,2.9177,14
2026-05-06 08:45:00,2.9122,2.9152,2.9122,2.9152,2.9172,2.9202,2.9172,2.9202,6
2026-05-06 08:46:00,2.9142,2.9162,2.9142,2.9162,2.9192,2.9212,2.9192,2.9212,4
2026-05-06 08:47:00,2.9167,2.9182,2.9167,2.9172,2.9217,2.9232,2.9217,2.9222,5
2026-05-06 08:48:00,2.9167,2.9167,2.9162,2.9167,2.9217,2.9217,2.9212,2.9217,3
2026-05-06 08:49:00,2.9172,2.9172,2.9172,2.9172,2.9222,2.9222,2.9222,2.9222,1
2026-05-06 08:50:00,2.9182,2.9187,2.9167,2.9172,2.9232,2.9237,2.9217,2.9222,11
2026-05-06 08:51:00,2.9177,2.9177,2.9162,2.9177,2.9227,2.9227,2.9212,2.9227,9
2026-05-06 08:52:00,2.9172,2.9177,2.9172,2.9177,2.9222,2.9227,2.9222,2.9227,2
2026-05-06 08:53:00,2.9172,2.9177,2.9172,2.9177,2.9222,2.9227,2.9222,2.9227,2
2026-05-06 08:54:00,2.9172,2.9177,2.9172,2.9177,2.9222,2.9227,2.9222,2.9227,2
2026-05-06 08:55:00,2.9172,2.9172,2.9172,2.9172,2.9222,2.9222,2.9222,2.9222,1
2026-05-06 08:56:00,2.9177,2.9182,2.9172,2.9172,2.9227,2.9232,2.9222,2.9222,4
2026-05-06 08:57:00,2.9177,2.9182,2.9167,2.9172,2.9227,2.9232,2.9217,2.9222,6
2026-05-06 08:58:00,2.9177,2.9177,2.9172,2.9177,2.9227,2.9227,2.9222,2.9227,7
2026-05-06 08:59:00,2.9182,2.9197,2.9182,2.9197,2.9232,2.9247,2.9232,2.9247,6
2026-05-06 09:00:00,2.9202,2.9222,2.9202,2.9212,2.9252,2.9272,2.9252,2.9262,11
2026-05-06 09:01:00,2.9222,2.9222,2.9177,2.9177,2.9272,2.9272,2.9227,2.9227,14
2026-05-06 09:02:00,2.9182,2.9192,2.9172,2.9177,2.9232,2.9242,2.9222,2.9227,11
2026-05-06 09:03:00,2.9182,2.9182,2.9177,2.9177,2.9232,2.9232,2.9227,2.9227,6
2026-05-06 09:04:00,2.9172,2.9172,2.9162,2.9172,2.9222,2.9222,2.9212,2.9222,8
2026-05-06 09:05:00,2.9182,2.9182,2.9172,2.9182,2.9232,2.9232,2.9222,2.9232,7
2026-05-06 09:06:00,2.9187,2.9192,2.9182,2.9192,2.9237,2.9242,2.9232,2.9242,5
2026-05-06 09:07:00,2.9202,2.9202,2.9182,2.9182,2.9252,2.9252,2.9232,2.9232,7
2026-05-06 09:09:00,2.9187,2.9187,2.9177,2.9182,2.9237,2.9237,2.9227,2.9232,4
2026-05-06 09:10:00,2.9187,2.9187,2.9177,2.9182,2.9237,2.9237,2.9227,2.9232,6
2026-05-06 09:11:00,2.9172,2.9182,2.9172,2.9172,2.9222,2.9232,2.9222,2.9222,3
2026-05-06 09:12:00,2.9182,2.9182,2.9182,2.9182,2.9232,2.9232,2.9232,2.9232,1
2026-05-06 09:13:00,2.9187,2.9192,2.9182,2.9182,2.9237,2.9242,2.9232,2.9232,3
2026-05-06 09:14:00,2.9177,2.9182,2.9172,2.9172,2.9227,2.9232,2.9222,2.9222,5
2026-05-06 09:15:00,2.9162,2.9172,2.9162,2.9172,2.9212,2.9222,2.9212,2.9222,2
2026-05-06 09:16:00,2.9167,2.9182,2.9162,2.9177,2.9217,2.9232,2.9212,2.9227,8
2026-05-06 09:17:00,2.9172,2.9182,2.9172,2.9182,2.9222,2.9232,2.9222,2.9232,6
2026-05-06 09:18:00,2.9177,2.9182,2.9177,2.9182,2.9227,2.9232,2.9227,2.9232,2
2026-05-06 09:19:00,2.9177,2.9182,2.9172,2.9172,2.9227,2.9232,2.9222,2.9222,8
2026-05-06 09:20:00,2.9167,2.9167,2.9142,2.9142,2.9217,2.9217,2.9192,2.9192,6
2026-05-06 09:21:00,2.9147,2.9147,2.9142,2.9147,2.9197,2.9197,2.9192,2.9197,3
2026-05-06 09:22:00,2.9137,2.9137,2.9127,2.9132,2.9187,2.9187,2.9177,2.9182,6
2026-05-06 09:23:00,2.9122,2.9132,2.9122,2.9132,2.9172,2.9182,2.9172,2.9182,5
2026-05-06 09:24:00,2.9142,2.9152,2.9142,2.9147,2.9192,2.9202,2.9192,2.9197,6
2026-05-06 09:25:00,2.9142,2.9162,2.9137,2.9142,2.9192,2.9212,2.9187,2.9192,11
2026-05-06 09:26:00,2.9152,2.9152,2.9152,2.9152,2.9202,2.9202,2.9202,2.9202,1
2026-05-06 09:28:00,2.9147,2.9152,2.9147,2.9147,2.9197,2.9202,2.9197,2.9197,3
2026-05-06 09:29:00,2.9142,2.9152,2.9132,2.9152,2.9192,2.9202,2.9182,2.9202,7
2026-05-06 09:31:00,2.9162,2.9182,2.9142,2.9172,2.9212,2.9232,2.9192,2.9222,11
2026-05-06 09:32:00,2.9162,2.9182,2.9162,2.9167,2.9212,2.9232,2.9212,2.9217,6
2026-05-06 09:33:00,2.9162,2.9167,2.9157,2.9157,2.9212,2.9217,2.9207,2.9207,8
2026-05-06 09:34:00,2.9162,2.9162,2.9152,2.9162,2.9212,2.9212,2.9202,2.9212,9
2026-05-06 09:35:00,2.9157,2.9162,2.9152,2.9157,2.9207,2.9212,2.9202,2.9207,10
2026-05-06 09:36:00,2.9152,2.9152,2.9152,2.9152,2.9202,2.9202,2.9202,2.9202,1
2026-05-06 09:37:00,2.9157,2.9172,2.9152,2.9172,2.9207,2.9222,2.9202,2.9222,7
2026-05-06 09:38:00,2.9162,2.9162,2.9152,2.9157,2.9212,2.9212,2.9202,2.9207,3
2026-05-06 09:39:00,2.9162,2.9172,2.9162,2.9162,2.9212,2.9222,2.9212,2.9212,4
2026-05-06 09:40:00,2.9167,2.9192,2.9167,2.9182,2.9217,2.9242,2.9217,2.9232,17
2026-05-06 09:41:00,2.9172,2.9182,2.9172,2.9177,2.9222,2.9232,2.9222,2.9227,8
2026-05-06 09:42:00,2.9172,2.9177,2.9172,2.9172,2.9222,2.9227,2.9222,2.9222,5
2026-05-06 09:43:00,2.9177,2.9182,2.9172,2.9172,2.9227,2.9232,2.9222,2.9222,7
2026-05-06 09:44:00,2.9182,2.9182,2.9147,2.9157,2.9232,2.9232,2.9197,2.9207,12
2026-05-06 09:45:00,2.9152,2.9157,2.9097,2.9097,2.9202,2.9207,2.9147,2.9147,22
2026-05-06 09:46:00,2.9092,2.9122,2.9062,2.9102,2.9142,2.9172,2.9112,2.9152,41
2026-05-06 09:47:00,2.9112,2.9117,2.9097,2.9117,2.9162,2.9167,2.9147,2.9167,16
2026-05-06 09:48:00,2.9112,2.9112,2.9092,2.9102,2.9162,2.9162,2.9142,2.9152,9
2026-05-06 09:49:00,2.9097,2.9102,2.9087,2.9092,2.9147,2.9152,2.9137,2.9142,14
2026-05-06 09:50:00,2.9082,2.9092,2.9077,2.9082,2.9132,2.9142,2.9127,2.9132,5
2026-05-06 09:51:00,2.9072,2.9082,2.9072,2.9072,2.9122,2.9132,2.9122,2.9122,6
2026-05-06 09:52:00,2.9062,2.9087,2.9052,2.9057,2.9112,2.9137,2.9102,2.9107,16
2026-05-06 09:53:00,2.9052,2.9072,2.9042,2.9072,2.9102,2.9122,2.9092,2.9122,16
2026-05-06 09:54:00,2.9067,2.9067,2.9052,2.9062,2.9117,2.9117,2.9102,2.9112,6
2026-05-06 09:55:00,2.9052,2.9052,2.9012,2.9032,2.9102,2.9102,2.9062,2.9082,14
2026-05-06 09:56:00,2.9027,2.9027,2.8912,2.8922,2.9077,2.9077,2.8962,2.8972,51
2026-05-06 09:57:00,2.8932,2.8962,2.8912,2.8922,2.8982,2.9012,2.8962,2.8972,30
2026-05-06 09:58:00,2.8912,2.8932,2.8887,2.8927,2.8962,2.8982,2.8937,2.8977,33
2026-05-06 09:59:00,2.8932,2.8962,2.8932,2.8937,2.8982,2.9012,2.8982,2.8987,49
2026-05-06 10:00:00,2.8932,2.8977,2.8902,2.8972,2.8982,2.9027,2.8952,2.9022,36
2026-05-06 10:01:00,2.8977,2.8992,2.8977,2.8987,2.9027,2.9042,2.9027,2.9037,16
2026-05-06 10:02:00,2.8992,2.9022,2.8987,2.9017,2.9042,2.9072,2.9037,2.9067,20
2026-05-06 10:03:00,2.9012,2.9032,2.8992,2.8992,2.9062,2.9082,2.9042,2.9042,14
2026-05-06 10:04:00,2.8987,2.8992,2.8962,2.8982,2.9037,2.9042,2.9012,2.9032,24
2026-05-06 10:05:00,2.8987,2.9002,2.8977,2.8992,2.9037,2.9052,2.9027,2.9042,14
2026-05-06 10:06:00,2.8997,2.9022,2.8997,2.9012,2.9047,2.9072,2.9047,2.9062,6
2026-05-06 10:07:00,2.9007,2.9012,2.8992,2.8992,2.9057,2.9062,2.9042,2.9042,7
2026-05-06 10:08:00,2.9002,2.9017,2.9002,2.9012,2.9052,2.9067,2.9052,2.9062,10
2026-05-06 10:09:00,2.9007,2.9007,2.8992,2.9002,2.9057,2.9057,2.9042,2.9052,4
2026-05-06 10:10:00,2.8997,2.9002,2.8952,2.8972,2.9047,2.9052,2.9002,2.9022,27
2026-05-06 10:11:00,2.8977,2.9002,2.8972,2.8987,2.9027,2.9052,2.9022,2.9037,16
2026-05-06 10:12:00,2.8992,2.9022,2.8982,2.9017,2.9042,2.9072,2.9032,2.9067,23
2026-05-06 10:13:00,2.9022,2.9032,2.9012,2.9017,2.9072,2.9082,2.9062,2.9067,11
2026-05-06 10:14:00,2.9022,2.9022,2.9012,2.9022,2.9072,2.9072,2.9062,2.9072,14
2026-05-06 10:15:00,2.9027,2.9052,2.9027,2.9042,2.9077,2.9102,2.9077,2.9092,19
2026-05-06 10:16:00,2.9047,2.9062,2.9032,2.9062,2.9097,2.9112,2.9082,2.9112,8
2026-05-06 10:17:00,2.9057,2.9062,2.9042,2.9052,2.9107,2.9112,2.9092,2.9102,13
2026-05-06 10:18:00,2.9042,2.9052,2.9042,2.9042,2.9092,2.9102,2.9092,2.9092,6
2026-05-06 10:20:00,2.9052,2.9072,2.9052,2.9067,2.9102,2.9122,2.9102,2.9117,8
2026-05-06 10:21:00,2.9072,2.9072,2.9062,2.9072,2.9122,2.9122,2.9112,2.9122,14
2026-05-06 10:22:00,2.9077,2.9082,2.9072,2.9072,2.9127,2.9132,2.9122,2.9122,3
2026-05-06 10:23:00,2.9077,2.9092,2.9077,2.9082,2.9127,2.9142,2.9127,2.9132,6
2026-05-06 10:24:00,2.9087,2.9087,2.9082,2.9082,2.9137,2.9137,2.9132,2.9132,4
2026-05-06 10:25:00,2.9072,2.9097,2.9072,2.9082,2.9122,2.9147,2.9122,2.9132,10
2026-05-06 10:26:00,2.9072,2.9082,2.9072,2.9082,2.9122,2.9132,2.9122,2.9132,3
2026-05-06 10:27:00,2.9077,2.9082,2.9077,2.9082,2.9127,2.9132,2.9127,2.9132,2
2026-05-06 10:28:00,2.9087,2.9092,2.9082,2.9082,2.9137,2.9142,2.9132,2.9132,3
2026-05-06 10:29:00,2.9077,2.9122,2.9077,2.9102,2.9127,2.9172,2.9127,2.9152,18
2026-05-06 10:30:00,2.9097,2.9107,2.9092,2.9097,2.9147,2.9157,2.9142,2.9147,15
2026-05-06 10:31:00,2.9092,2.9092,2.9087,2.9092,2.9142,2.9142,2.9137,2.9142,5
2026-05-06 10:32:00,2.9102,2.9107,2.9092,2.9107,2.9152,2.9157,2.9142,2.9157,13
2026-05-06 10:33:00,2.9102,2.9107,2.9097,2.9097,2.9152,2.9157,2.9147,2.9147,4
2026-05-06 10:34:00,2.9102,2.9112,2.9102,2.9102,2.9152,2.9162,2.9152,2.9152,6
2026-05-06 10:35:00,2.9092,2.9102,2.9092,2.9102,2.9142,2.9152,2.9142,2.9152,2
2026-05-06 10:36:00,2.9112,2.9112,2.9107,2.9112,2.9162,2.9162,2.9157,2.9162,3
2026-05-06 10:37:00,2.9122,2.9122,2.9102,2.9112,2.9172,2.9172,2.9152,2.9162,9
2026-05-06 10:38:00,2.9117,2.9127,2.9112,2.9112,2.9167,2.9177,2.9162,2.9162,5
2026-05-06 10:39:00,2.9117,2.9117,2.9092,2.9102,2.9167,2.9167,2.9142,2.9152,10
2026-05-06 10:40:00,2.9107,2.9107,2.9107,2.9107,2.9157,2.9157,2.9157,2.9157,1
2026-05-06 10:41:00,2.9102,2.9142,2.9102,2.9112,2.9152,2.9192,2.9152,2.9162,14
2026-05-06 10:42:00,2.9122,2.9122,2.9117,2.9122,2.9172,2.9172,2.9167,2.9172,7
2026-05-06 10:43:00,2.9127,2.9142,2.9127,2.9132,2.9177,2.9192,2.9177,2.9182,8
2026-05-06 10:44:00,2.9137,2.9137,2.9127,2.9127,2.9187,2.9187,2.9177,2.9177,5
2026-05-06 10:45:00,2.9132,2.9132,2.9127,2.9132,2.9182,2.9182,2.9177,2.9182,7
2026-05-06 10:46:00,2.9127,2.9127,2.9122,2.9122,2.9177,2.9177,2.9172,2.9172,2
2026-05-06 10:47:00,2.9132,2.9142,2.9132,2.9132,2.9182,2.9192,2.9182,2.9182,5
2026-05-06 10:48:00,2.9122,2.9132,2.9117,2.9122,2.9172,2.9182,2.9167,2.9172,13
2026-05-06 10:49:00,2.9127,2.9127,2.9122,2.9127,2.9177,2.9177,2.9172,2.9177,5
2026-05-06 10:50:00,2.9132,2.9132,2.8882,2.8947,2.9182,2.9182,2.8932,2.8997,151
2026-05-06 10:51:00,2.8952,2.9012,2.8937,2.8992,2.9002,2.9062,2.8987,2.9042,75
2026-05-06 10:52:00,2.9002,2.9002,2.8912,2.8937,2.9052,2.9052,2.8962,2.8987,85
2026-05-06 10:53:00,2.8942,2.8952,2.8892,2.8942,2.8992,2.9002,2.8942,2.8992,73
2026-05-06 10:54:00,2.8937,2.8937,2.8832,2.8897,2.8987,2.8987,2.8882,2.8947,79
2026-05-06 10:55:00,2.8892,2.8912,2.8827,2.8837,2.8942,2.8962,2.8877,2.8887,61
2026-05-06 10:56:00,2.8832,2.8837,2.8722,2.8737,2.8882,2.8887,2.8772,2.8787,46
2026-05-06 10:57:00,2.8727,2.8772,2.8702,2.8762,2.8777,2.8822,2.8752,2.8812,46
2026-05-06 10:58:00,2.8757,2.8757,2.8707,2.8707,2.8807,2.8807,2.8757,2.8757,33
2026-05-06 10:59:00,2.8712,2.8712,2.8652,2.8682,2.8762,2.8762,2.8702,2.8732,45
2026-05-06 11:00:00,2.8677,2.8712,2.8662,2.8712,2.8727,2.8762,2.8712,2.8762,41
2026-05-06 11:01:00,2.8707,2.8712,2.8682,2.8682,2.8757,2.8762,2.8732,2.8732,13
2026-05-06 11:02:00,2.8677,2.8712,2.8672,2.8702,2.8727,2.8762,2.8722,2.8752,27
2026-05-06 11:03:00,2.8712,2.8722,2.8702,2.8722,2.8762,2.8772,2.8752,2.8772,27
2026-05-06 11:04:00,2.8717,2.8727,2.8692,2.8727,2.8767,2.8777,2.8742,2.8777,29
2026-05-06 11:05:00,2.8732,2.8762,2.8722,2.8757,2.8782,2.8812,2.8772,2.8807,27
2026-05-06 11:06:00,2.8752,2.8762,2.8742,2.8742,2.8802,2.8812,2.8792,2.8792,25
2026-05-06 11:07:00,2.8732,2.8762,2.8732,2.8747,2.8782,2.8812,2.8782,2.8797,15
2026-05-06 11:08:00,2.8757,2.8762,2.8742,2.8742,2.8807,2.8812,2.8792,2.8792,19
2026-05-06 11:09:00,2.8747,2.8752,2.8722,2.8722,2.8797,2.8802,2.8772,2.8772,20
2026-05-06 11:10:00,2.8732,2.8732,2.8712,2.8717,2.8782,2.8782,2.8762,2.8767,10
2026-05-06 11:11:00,2.8712,2.8722,2.8712,2.8712,2.8762,2.8772,2.8762,2.8762,11
2026-05-06 11:12:00,2.8722,2.8732,2.8707,2.8727,2.8772,2.8782,2.8757,2.8777,12
2026-05-06 11:13:00,2.8732,2.8757,2.8732,2.8757,2.8782,2.8807,2.8782,2.8807,16
2026-05-06 11:14:00,2.8762,2.8762,2.8747,2.8752,2.8812,2.8812,2.8797,2.8802,15
2026-05-06 11:15:00,2.8762,2.8762,2.8732,2.8752,2.8812,2.8812,2.8782,2.8802,17
2026-05-06 11:16:00,2.8747,2.8752,2.8692,2.8692,2.8797,2.8802,2.8742,2.8742,21
2026-05-06 11:17:00,2.8697,2.8702,2.8692,2.8702,2.8747,2.8752,2.8742,2.8752,6
2026-05-06 11:18:00,2.8692,2.8702,2.8672,2.8677,2.8742,2.8752,2.8722,2.8727,23
2026-05-06 11:19:00,2.8672,2.8692,2.8627,2.8632,2.8722,2.8742,2.8677,2.8682,44
2026-05-06 11:20:00,2.8637,2.8682,2.8637,2.8667,2.8687,2.8732,2.8687,2.8717,43
2026-05-06 11:21:00,2.8662,2.8712,2.8662,2.8682,2.8712,2.8762,2.8712,2.8732,34
2026-05-06 11:22:00,2.8687,2.8692,2.8667,2.8687,2.8737,2.8742,2.8717,2.8737,23
2026-05-06 11:23:00,2.8692,2.8692,2.8672,2.8682,2.8742,2.8742,2.8722,2.8732,21
2026-05-06 11:24:00,2.8692,2.8697,2.8677,2.8677,2.8742,2.8747,2.8727,2.8727,13
2026-05-06 11:25:00,2.8667,2.8672,2.8642,2.8662,2.8717,2.8722,2.8692,2.8712,17
2026-05-06 11:26:00,2.8672,2.8672,2.8647,2.8662,2.8722,2.8722,2.8697,2.8712,21
2026-05-06 11:27:00,2.8672,2.8672,2.8672,2.8672,2.8722,2.8722,2.8722,2.8722,1
2026-05-06 11:28:00,2.8662,2.8672,2.8662,2.8672,2.8712,2.8722,2.8712,2.8722,2
2026-05-06 11:29:00,2.8677,2.8712,2.8667,2.8712,2.8727,2.8762,2.8717,2.8762,9
2026-05-06 11:30:00,2.8717,2.8732,2.8707,2.8717,2.8767,2.8782,2.8757,2.8767,19
2026-05-06 11:31:00,2.8722,2.8727,2.8707,2.8712,2.8772,2.8777,2.8757,2.8762,13
2026-05-06 11:32:00,2.8707,2.8712,2.8672,2.8687,2.8757,2.8762,2.8722,2.8737,52
2026-05-06 11:33:00,2.8677,2.8692,2.8672,2.8682,2.8727,2.8742,2.8722,2.8732,19
2026-05-06 11:34:00,2.8687,2.8702,2.8682,2.8692,2.8737,2.8752,2.8732,2.8742,25
2026-05-06 11:35:00,2.8687,2.8717,2.8687,2.8712,2.8737,2.8767,2.8737,2.8762,20
2026-05-06 11:36:00,2.8702,2.8707,2.8672,2.8677,2.8752,2.8757,2.8722,2.8727,30
2026-05-06 11:37:00,2.8672,2.8687,2.8667,2.8682,2.8722,2.8737,2.8717,2.8732,25
2026-05-06 11:38:00,2.8672,2.8712,2.8672,2.8702,2.8722,2.8762,2.8722,2.8752,22
2026-05-06 11:39:00,2.8707,2.8707,2.8682,2.8697,2.8757,2.8757,2.8732,2.8747,16
2026-05-06 11:40:00,2.8692,2.8712,2.8692,2.8707,2.8742,2.8762,2.8742,2.8757,16
2026-05-06 11:41:00,2.8702,2.8837,2.8702,2.8832,2.8752,2.8887,2.8752,2.8882,36
2026-05-06 11:42:00,2.8827,2.8902,2.8822,2.8892,2.8877,2.8952,2.8872,2.8942,29
2026-05-06 11:43:00,2.8887,2.8887,2.8862,2.8872,2.8937,2.8937,2.8912,2.8922,14
2026-05-06 11:44:00,2.8877,2.8877,2.8852,2.8862,2.8927,2.8927,2.8902,2.8912,12
2026-05-06 11:45:00,2.8852,2.8862,2.8852,2.8862,2.8902,2.8912,2.8902,2.8912,4
2026-05-06 11:46:00,2.8857,2.8857,2.8852,2.8857,2.8907,2.8907,2.8902,2.8907,7
2026-05-06 11:47:00,2.8862,2.8877,2.8852,2.8877,2.8912,2.8927,2.8902,2.8927,12
2026-05-06 11:48:00,2.8872,2.8872,2.8832,2.8842,2.8922,2.8922,2.8882,2.8892,9
2026-05-06 11:49:00,2.8832,2.8862,2.8832,2.8857,2.8882,2.8912,2.8882,2.8907,12
2026-05-06 11:50:00,2.8862,2.8877,2.8822,2.8877,2.8912,2.8927,2.8872,2.8927,31
2026-05-06 11:51:00,2.8872,2.8877,2.8847,2.8857,2.8922,2.8927,2.8897,2.8907,29
2026-05-06 11:52:00,2.8862,2.8862,2.8802,2.8807,2.8912,2.8912,2.8852,2.8857,26
2026-05-06 11:53:00,2.8812,2.8822,2.8812,2.8822,2.8862,2.8872,2.8862,2.8872,13
2026-05-06 11:54:00,2.8827,2.8832,2.8822,2.8832,2.8877,2.8882,2.8872,2.8882,4
2026-05-06 11:55:00,2.8822,2.8822,2.8802,2.8812,2.8872,2.8872,2.8852,2.8862,19
2026-05-06 11:56:00,2.8822,2.8822,2.8787,2.8802,2.8872,2.8872,2.8837,2.8852,20
2026-05-06 11:57:00,2.8792,2.8802,2.8772,2.8782,2.8842,2.8852,2.8822,2.8832,18
2026-05-06 11:58:00,2.8787,2.8802,2.8787,2.8792,2.8837,2.8852,2.8837,2.8842,19
2026-05-06 11:59:00,2.8782,2.8807,2.8782,2.8797,2.8832,2.8857,2.8832,2.8847,12
2026-05-06 12:00:00,2.8802,2.8802,2.8762,2.8792,2.8852,2.8852,2.8812,2.8842,49
2026-05-06 12:01:00,2.8787,2.8832,2.8767,2.8827,2.8837,2.8882,2.8817,2.8877,25
2026-05-06 12:02:00,2.8822,2.8822,2.8792,2.8812,2.8872,2.8872,2.8842,2.8862,33
2026-05-06 12:03:00,2.8817,2.8827,2.8812,2.8827,2.8867,2.8877,2.8862,2.8877,13
2026-05-06 12:04:00,2.8842,2.8852,2.8812,2.8827,2.8892,2.8902,2.8862,2.8877,31
2026-05-06 12:05:00,2.8822,2.8827,2.8817,2.8822,2.8872,2.8877,2.8867,2.8872,5
2026-05-06 12:06:00,2.8832,2.8832,2.8812,2.8812,2.8882,2.8882,2.8862,2.8862,12
2026-05-06 12:07:00,2.8817,2.8837,2.8812,2.8827,2.8867,2.8887,2.8862,2.8877,20
2026-05-06 12:08:00,2.8822,2.8857,2.8822,2.8857,2.8872,2.8907,2.8872,2.8907,14
2026-05-06 12:09:00,2.8862,2.8867,2.8832,2.8847,2.8912,2.8917,2.8882,2.8897,17
2026-05-06 12:10:00,2.8857,2.8882,2.8857,2.8882,2.8907,2.8932,2.8907,2.8932,14
2026-05-06 12:11:00,2.8887,2.8937,2.8887,2.8932,2.8937,2.8987,2.8937,2.8982,13
2026-05-06 12:12:00,2.8937,2.8942,2.8932,2.8937,2.8987,2.8992,2.8982,2.8987,8
2026-05-06 12:13:00,2.8932,2.8952,2.8932,2.8932,2.8982,2.9002,2.8982,2.8982,10
2026-05-06 12:14:00,2.8927,2.8952,2.8927,2.8952,2.8977,2.9002,2.8977,2.9002,7
2026-05-06 12:15:00,2.8942,2.8952,2.8942,2.8942,2.8992,2.9002,2.8992,2.8992,3
2026-05-06 12:16:00,2.8947,2.8952,2.8902,2.8902,2.8997,2.9002,2.8952,2.8952,12
2026-05-06 12:17:00,2.8907,2.8922,2.8892,2.8907,2.8957,2.8972,2.8942,2.8957,11
2026-05-06 12:18:00,2.8902,2.8912,2.8862,2.8872,2.8952,2.8962,2.8912,2.8922,19
2026-05-06 12:19:00,2.8877,2.8892,2.8872,2.8877,2.8927,2.8942,2.8922,2.8927,11
2026-05-06 12:20:00,2.8872,2.8877,2.8842,2.8867,2.8922,2.8927,2.8892,2.8917,14
2026-05-06 12:21:00,2.8877,2.8897,2.8872,2.8892,2.8927,2.8947,2.8922,2.8942,13
2026-05-06 12:22:00,2.8882,2.8902,2.8882,2.8882,2.8932,2.8952,2.8932,2.8932,8
2026-05-06 12:23:00,2.8892,2.8902,2.8882,2.8902,2.8942,2.8952,2.8932,2.8952,7
2026-05-06 12:24:00,2.8892,2.8902,2.8882,2.8892,2.8942,2.8952,2.8932,2.8942,11
2026-05-06 12:25:00,2.8897,2.8902,2.8882,2.8902,2.8947,2.8952,2.8932,2.8952,16
2026-05-06 12:26:00,2.8912,2.8927,2.8912,2.8922,2.8962,2.8977,2.8962,2.8972,6
2026-05-06 12:27:00,2.8912,2.8922,2.8902,2.8902,2.8962,2.8972,2.8952,2.8952,8
2026-05-06 12:28:00,2.8907,2.8922,2.8902,2.8922,2.8957,2.8972,2.8952,2.8972,8
2026-05-06 12:29:00,2.8912,2.8927,2.8912,2.8927,2.8962,2.8977,2.8962,2.8977,4
2026-05-06 12:30:00,2.8922,2.8927,2.8902,2.8922,2.8972,2.8977,2.8952,2.8972,14
2026-05-06 12:31:00,2.8927,2.8927,2.8902,2.8912,2.8977,2.8977,2.8952,2.8962,15
2026-05-06 12:32:00,2.8902,2.8902,2.8887,2.8887,2.8952,2.8952,2.8937,2.8937,3
2026-05-06 12:33:00,2.8882,2.8882,2.8807,2.8812,2.8932,2.8932,2.8857,2.8862,30
2026-05-06 12:34:00,2.8817,2.8872,2.8802,2.8862,2.8867,2.8922,2.8852,2.8912,31
2026-05-06 12:35:00,2.8867,2.8927,2.8867,2.8917,2.8917,2.8977,2.8917,2.8967,14
2026-05-06 12:36:00,2.8912,2.8917,2.8862,2.8882,2.8962,2.8967,2.8912,2.8932,32
2026-05-06 12:37:00,2.8887,2.8892,2.8862,2.8872,2.8937,2.8942,2.8912,2.8922,16
2026-05-06 12:38:00,2.8877,2.8892,2.8872,2.8882,2.8927,2.8942,2.8922,2.8932,11
2026-05-06 12:39:00,2.8887,2.8887,2.8862,2.8867,2.8937,2.8937,2.8912,2.8917,7
2026-05-06 12:40:00,2.8872,2.8872,2.8822,2.8827,2.8922,2.8922,2.8872,2.8877,18
2026-05-06 12:41:00,2.8822,2.8827,2.8792,2.8802,2.8872,2.8877,2.8842,2.8852,39
2026-05-06 12:42:00,2.8792,2.8802,2.8722,2.8727,2.8842,2.8852,2.8772,2.8777,25
2026-05-06 12:43:00,2.8717,2.8717,2.8572,2.8617,2.8767,2.8767,2.8622,2.8667,83
2026-05-06 12:44:00,2.8612,2.8712,2.8612,2.8702,2.8662,2.8762,2.8662,2.8752,36
2026-05-06 12:45:00,2.8697,2.8732,2.8682,2.8692,2.8747,2.8782,2.8732,2.8742,38
2026-05-06 12:46:00,2.8702,2.8707,2.8652,2.8672,2.8752,2.8757,2.8702,2.8722,29
2026-05-06 12:47:00,2.8682,2.8682,2.8632,2.8642,2.8732,2.8732,2.8682,2.8692,27
2026-05-06 12:48:00,2.8647,2.8657,2.8602,2.8607,2.8697,2.8707,2.8652,2.8657,36
2026-05-06 12:49:00,2.8612,2.8702,2.8602,2.8682,2.8662,2.8752,2.8652,2.8732,61
2026-05-06 12:50:00,2.8672,2.8682,2.8592,2.8622,2.8722,2.8732,2.8642,2.8672,48
2026-05-06 12:51:00,2.8617,2.8662,2.8612,2.8662,2.8667,2.8712,2.8662,2.8712,16
2026-05-06 12:52:00,2.8657,2.8682,2.8652,2.8662,2.8707,2.8732,2.8702,2.8712,40
2026-05-06 12:53:00,2.8657,2.8657,2.8547,2.8552,2.8707,2.8707,2.8597,2.8602,59
2026-05-06 12:54:00,2.8547,2.8572,2.8522,2.8572,2.8597,2.8622,2.8572,2.8622,55
2026-05-06 12:55:00,2.8567,2.8582,2.8552,2.8577,2.8617,2.8632,2.8602,2.8627,65
2026-05-06 12:56:00,2.8582,2.8597,2.8547,2.8557,2.8632,2.8647,2.8597,2.8607,38
2026-05-06 12:57:00,2.8552,2.8562,2.8502,2.8507,2.8602,2.8612,2.8552,2.8557,53
2026-05-06 12:58:00,2.8497,2.8497,2.8412,2.8497,2.8547,2.8547,2.8462,2.8547,66
2026-05-06 12:59:00,2.8492,2.8522,2.8472,2.8492,2.8542,2.8572,2.8522,2.8542,59
2026-05-06 13:00:00,2.8482,2.8492,2.8452,2.8487,2.8532,2.8542,2.8502,2.8537,41
2026-05-06 13:01:00,2.8482,2.8492,2.8427,2.8472,2.8532,2.8542,2.8477,2.8522,59
2026-05-06 13:02:00,2.8467,2.8492,2.8462,2.8477,2.8517,2.8542,2.8512,2.8527,53
2026-05-06 13:03:00,2.8482,2.8482,2.8437,2.8472,2.8532,2.8532,2.8487,2.8522,30
2026-05-06 13:04:00,2.8467,2.8492,2.8457,2.8457,2.8517,2.8542,2.8507,2.8507,35
2026-05-06 13:05:00,2.8462,2.8472,2.8442,2.8447,2.8512,2.8522,2.8492,2.8497,30
2026-05-06 13:06:00,2.8442,2.8452,2.8417,2.8432,2.8492,2.8502,2.8467,2.8482,42
2026-05-06 13:07:00,2.8437,2.8442,2.8392,2.8437,2.8487,2.8492,2.8442,2.8487,35
2026-05-06 13:08:00,2.8442,2.8442,2.8402,2.8412,2.8492,2.8492,2.8452,2.8462,14
2026-05-06 13:09:00,2.8407,2.8422,2.8342,2.8422,2.8457,2.8472,2.8392,2.8472,66
2026-05-06 13:10:00,2.8417,2.8447,2.8402,2.8447,2.8467,2.8497,2.8452,2.8497,32
2026-05-06 13:11:00,2.8442,2.8482,2.8437,2.8457,2.8492,2.8532,2.8487,2.8507,41
2026-05-06 13:12:00,2.8452,2.8507,2.8452,2.8487,2.8502,2.8557,2.8502,2.8537,54
2026-05-06 13:13:00,2.8492,2.8497,2.8462,2.8497,2.8542,2.8547,2.8512,2.8547,25
2026-05-06 13:14:00,2.8502,2.8502,2.8472,2.8492,2.8552,2.8552,2.8522,2.8542,31
2026-05-06 13:15:00,2.8487,2.8502,2.8457,2.8462,2.8537,2.8552,2.8507,2.8512,28
2026-05-06 13:16:00,2.8472,2.8472,2.8462,2.8472,2.8522,2.8522,2.8512,2.8522,10
2026-05-06 13:17:00,2.8462,2.8472,2.8437,2.8447,2.8512,2.8522,2.8487,2.8497,22
2026-05-06 13:18:00,2.8442,2.8462,2.8432,2.8457,2.8492,2.8512,2.8482,2.8507,25
2026-05-06 13:19:00,2.8452,2.8482,2.8437,2.8482,2.8502,2.8532,2.8487,2.8532,19
2026-05-06 13:20:00,2.8472,2.8492,2.8462,2.8472,2.8522,2.8542,2.8512,2.8522,26
2026-05-06 13:21:00,2.8477,2.8482,2.8452,2.8462,2.8527,2.8532,2.8502,2.8512,20
2026-05-06 13:22:00,2.8467,2.8472,2.8452,2.8457,2.8517,2.8522,2.8502,2.8507,26
2026-05-06 13:23:00,2.8462,2.8492,2.8452,2.8487,2.8512,2.8542,2.8502,2.8537,25
2026-05-06 13:24:00,2.8492,2.8497,2.8482,2.8482,2.8542,2.8547,2.8532,2.8532,8
2026-05-06 13:25:00,2.8477,2.8487,2.8452,2.8487,2.8527,2.8537,2.8502,2.8537,20
2026-05-06 13:26:00,2.8482,2.8502,2.8462,2.8492,2.8532,2.8552,2.8512,2.8542,32
2026-05-06 13:27:00,2.8502,2.8502,2.8462,2.8462,2.8552,2.8552,2.8512,2.8512,9
2026-05-06 13:28:00,2.8457,2.8467,2.8452,2.8462,2.8507,2.8517,2.8502,2.8512,11
2026-05-06 13:29:00,2.8457,2.8462,2.8442,2.8442,2.8507,2.8512,2.8492,2.8492,9
2026-05-06 13:30:00,2.8432,2.8452,2.8382,2.8412,2.8482,2.8502,2.8432,2.8462,33
2026-05-06 13:31:00,2.8392,2.8407,2.8312,2.8362,2.8442,2.8457,2.8362,2.8412,34
2026-05-06 13:32:00,2.8357,2.8472,2.8357,2.8462,2.8407,2.8522,2.8407,2.8512,27
2026-05-06 13:33:00,2.8457,2.8477,2.8417,2.8477,2.8507,2.8527,2.8467,2.8527,26
2026-05-06 13:34:00,2.8482,2.8482,2.8402,2.8402,2.8532,2.8532,2.8452,2.8452,23
2026-05-06 13:35:00,2.8407,2.8422,2.8392,2.8407,2.8457,2.8472,2.8442,2.8457,18
2026-05-06 13:36:00,2.8402,2.8412,2.8372,2.8372,2.8452,2.8462,2.8422,2.8422,12
2026-05-06 13:37:00,2.8382,2.8382,2.8342,2.8382,2.8432,2.8432,2.8392,2.8432,31
2026-05-06 13:38:00,2.8377,2.8442,2.8362,2.8437,2.8427,2.8492,2.8412,2.8487,33
2026-05-06 13:39:00,2.8442,2.8447,2.8392,2.8402,2.8492,2.8497,2.8442,2.8452,15
2026-05-06 13:40:00,2.8392,2.8447,2.8382,2.8422,2.8442,2.8497,2.8432,2.8472,39
2026-05-06 13:41:00,2.8427,2.8522,2.8417,2.8487,2.8477,2.8572,2.8467,2.8537,56
2026-05-06 13:42:00,2.8477,2.8477,2.8422,2.8457,2.8527,2.8527,2.8472,2.8507,48
2026-05-06 13:43:00,2.8447,2.8472,2.8442,2.8472,2.8497,2.8522,2.8492,2.8522,24
2026-05-06 13:44:00,2.8477,2.8542,2.8462,2.8532,2.8527,2.8592,2.8512,2.8582,38
2026-05-06 13:45:00,2.8527,2.8552,2.8522,2.8552,2.8577,2.8602,2.8572,2.8602,22
2026-05-06 13:46:00,2.8547,2.8547,2.8512,2.8517,2.8597,2.8597,2.8562,2.8567,22
2026-05-06 13:47:00,2.8512,2.8512,2.8482,2.8492,2.8562,2.8562,2.8532,2.8542,19
2026-05-06 13:48:00,2.8497,2.8542,2.8497,2.8507,2.8547,2.8592,2.8547,2.8557,20
2026-05-06 13:49:00,2.8502,2.8512,2.8492,2.8502,2.8552,2.8562,2.8542,2.8552,9
2026-05-06 13:50:00,2.8507,2.8512,2.8482,2.8497,2.8557,2.8562,2.8532,2.8547,32
2026-05-06 13:51:00,2.8502,2.8517,2.8492,2.8502,2.8552,2.8567,2.8542,2.8552,17
2026-05-06 13:52:00,2.8507,2.8527,2.8472,2.8517,2.8557,2.8577,2.8522,2.8567,19
2026-05-06 13:53:00,2.8512,2.8532,2.8512,2.8532,2.8562,2.8582,2.8562,2.8582,9
2026-05-06 13:54:00,2.8542,2.8542,2.8522,2.8527,2.8592,2.8592,2.8572,2.8577,8
2026-05-06 13:55:00,2.8542,2.8622,2.8527,2.8592,2.8592,2.8672,2.8577,2.8642,58
2026-05-06 13:56:00,2.8587,2.8602,2.8522,2.8562,2.8637,2.8652,2.8572,2.8612,35
2026-05-06 13:57:00,2.8552,2.8562,2.8552,2.8562,2.8602,2.8612,2.8602,2.8612,11
2026-05-06 13:58:00,2.8572,2.8582,2.8557,2.8557,2.8622,2.8632,2.8607,2.8607,22
2026-05-06 13:59:00,2.8562,2.8562,2.8532,2.8557,2.8612,2.8612,2.8582,2.8607,22
2026-05-06 14:00:00,2.8572,2.8677,2.8572,2.8662,2.8622,2.8727,2.8622,2.8712,55
2026-05-06 14:01:00,2.8667,2.8672,2.8617,2.8642,2.8717,2.8722,2.8667,2.8692,33
2026-05-06 14:02:00,2.8632,2.8652,2.8607,2.8607,2.8682,2.8702,2.8657,2.8657,27
2026-05-06 14:03:00,2.8602,2.8632,2.8582,2.8622,2.8652,2.8682,2.8632,2.8672,19
2026-05-06 14:04:00,2.8632,2.8642,2.8572,2.8572,2.8682,2.8692,2.8622,2.8622,32
2026-05-06 14:05:00,2.8577,2.8592,2.8532,2.8592,2.8627,2.8642,2.8582,2.8642,30
2026-05-06 14:06:00,2.8597,2.8652,2.8577,2.8627,2.8647,2.8702,2.8627,2.8677,59
2026-05-06 14:07:00,2.8632,2.8642,2.8602,2.8602,2.8682,2.8692,2.8652,2.8652,24
2026-05-06 14:08:00,2.8592,2.8632,2.8592,2.8622,2.8642,2.8682,2.8642,2.8672,38
2026-05-06 14:09:00,2.8617,2.8627,2.8582,2.8587,2.8667,2.8677,2.8632,2.8637,24
2026-05-06 14:10:00,2.8592,2.8612,2.8542,2.8607,2.8642,2.8662,2.8592,2.8657,41
2026-05-06 14:11:00,2.8612,2.8632,2.8602,2.8602,2.8662,2.8682,2.8652,2.8652,21
2026-05-06 14:12:00,2.8592,2.8627,2.8562,2.8617,2.8642,2.8677,2.8612,2.8667,42
2026-05-06 14:13:00,2.8612,2.8622,2.8612,2.8622,2.8662,2.8672,2.8662,2.8672,2
2026-05-06 14:14:00,2.8612,2.8692,2.8612,2.8637,2.8662,2.8742,2.8662,2.8687,62
2026-05-06 14:15:00,2.8632,2.8702,2.8577,2.8592,2.8682,2.8752,2.8627,2.8642,76
2026-05-06 14:16:00,2.8582,2.8632,2.8582,2.8602,2.8632,2.8682,2.8632,2.8652,40
2026-05-06 14:17:00,2.8607,2.8632,2.8587,2.8612,2.8657,2.8682,2.8637,2.8662,37
2026-05-06 14:18:00,2.8607,2.8652,2.8607,2.8652,2.8657,2.8702,2.8657,2.8702,43
2026-05-06 14:19:00,2.8657,2.8672,2.8612,2.8622,2.8707,2.8722,2.8662,2.8672,38
2026-05-06 14:20:00,2.8617,2.8622,2.8592,2.8612,2.8667,2.8672,2.8642,2.8662,51
2026-05-06 14:21:00,2.8622,2.8622,2.8592,2.8617,2.8672,2.8672,2.8642,2.8667,50
2026-05-06 14:22:00,2.8612,2.8662,2.8607,2.8642,2.8662,2.8712,2.8657,2.8692,41
2026-05-06 14:23:00,2.8637,2.8637,2.8612,2.8622,2.8687,2.8687,2.8662,2.8672,15
2026-05-06 14:24:00,2.8632,2.8642,2.8622,2.8632,2.8682,2.8692,2.8672,2.8682,25
2026-05-06 14:25:00,2.8637,2.8642,2.8582,2.8592,2.8687,2.8692,2.8632,2.8642,47
2026-05-06 14:26:00,2.8587,2.8722,2.8562,2.8667,2.8637,2.8772,2.8612,2.8717,68
2026-05-06 14:27:00,2.8677,2.8702,2.8662,2.8692,2.8727,2.8752,2.8712,2.8742,33
2026-05-06 14:28:00,2.8687,2.8762,2.8682,2.8732,2.8737,2.8812,2.8732,2.8782,44
2026-05-06 14:29:00,2.8737,2.8737,2.8682,2.8687,2.8787,2.8787,2.8732,2.8737,35
2026-05-06 14:30:00,2.8692,2.8707,2.8647,2.8707,2.8742,2.8757,2.8697,2.8757,28
2026-05-06 14:31:00,2.8702,2.8742,2.8672,2.8722,2.8752,2.8792,2.8722,2.8772,41
2026-05-06 14:32:00,2.8712,2.8717,2.8687,2.8692,2.8762,2.8767,2.8737,2.8742,16
2026-05-06 14:33:00,2.8687,2.8702,2.8667,2.8682,2.8737,2.8752,2.8717,2.8732,31
2026-05-06 14:34:00,2.8677,2.8692,2.8662,2.8672,2.8727,2.8742,2.8712,2.8722,20
2026-05-06 14:35:00,2.8682,2.8717,2.8672,2.8677,2.8732,2.8767,2.8722,2.8727,28
2026-05-06 14:36:00,2.8682,2.8702,2.8662,2.8692,2.8732,2.8752,2.8712,2.8742,22
2026-05-06 14:37:00,2.8682,2.8752,2.8682,2.8742,2.8732,2.8802,2.8732,2.8792,67
2026-05-06 14:38:00,2.8747,2.8762,2.8702,2.8737,2.8797,2.8812,2.8752,2.8787,30
2026-05-06 14:39:00,2.8752,2.8752,2.8702,2.8727,2.8802,2.8802,2.8752,2.8777,29
2026-05-06 14:40:00,2.8737,2.8762,2.8717,2.8762,2.8787,2.8812,2.8767,2.8812,16
2026-05-06 14:41:00,2.8757,2.8762,2.8732,2.8747,2.8807,2.8812,2.8782,2.8797,23
2026-05-06 14:42:00,2.8742,2.8742,2.8707,2.8722,2.8792,2.8792,2.8757,2.8772,23
2026-05-06 14:43:00,2.8712,2.8727,2.8692,2.8702,2.8762,2.8777,2.8742,2.8752,14
2026-05-06 14:44:00,2.8697,2.8697,2.8612,2.8622,2.8747,2.8747,2.8662,2.8672,31
2026-05-06 14:45:00,2.8632,2.8682,2.8632,2.8677,2.8682,2.8732,2.8682,2.8727,17
2026-05-06 14:46:00,2.8672,2.8697,2.8662,2.8682,2.8722,2.8747,2.8712,2.8732,17
2026-05-06 14:47:00,2.8672,2.8692,2.8647,2.8662,2.8722,2.8742,2.8697,2.8712,27
2026-05-06 14:48:00,2.8652,2.8692,2.8642,2.8682,2.8702,2.8742,2.8692,2.8732,16
2026-05-06 14:49:00,2.8687,2.8722,2.8672,2.8687,2.8737,2.8772,2.8722,2.8737,33
2026-05-06 14:50:00,2.8702,2.8722,2.8682,2.8712,2.8752,2.8772,2.8732,2.8762,16
2026-05-06 14:51:00,2.8717,2.8772,2.8702,2.8752,2.8767,2.8822,2.8752,2.8802,32
2026-05-06 14:52:00,2.8747,2.8812,2.8732,2.8802,2.8797,2.8862,2.8782,2.8852,31
2026-05-06 14:53:00,2.8792,2.8907,2.8792,2.8897,2.8842,2.8957,2.8842,2.8947,69
2026-05-06 14:54:00,2.8912,2.8972,2.8872,2.8942,2.8962,2.9022,2.8922,2.8992,66
2026-05-06 14:55:00,2.8947,2.8952,2.8862,2.8872,2.8997,2.9002,2.8912,2.8922,42
2026-05-06 14:56:00,2.8882,2.8932,2.8872,2.8897,2.8932,2.8982,2.8922,2.8947,31
2026-05-06 14:57:00,2.8887,2.8887,2.8832,2.8862,2.8937,2.8937,2.8882,2.8912,34
2026-05-06 14:58:00,2.8872,2.8872,2.8752,2.8787,2.8922,2.8922,2.8802,2.8837,54
2026-05-06 14:59:00,2.8797,2.8812,2.8772,2.8772,2.8847,2.8862,2.8822,2.8822,30
2026-05-06 15:00:00,2.8767,2.8802,2.8672,2.8687,2.8817,2.8852,2.8722,2.8737,53
2026-05-06 15:01:00,2.8697,2.8697,2.8572,2.8607,2.8747,2.8747,2.8622,2.8657,60
2026-05-06 15:02:00,2.8597,2.8622,2.8582,2.8612,2.8647,2.8672,2.8632,2.8662,48
2026-05-06 15:03:00,2.8602,2.8607,2.8577,2.8587,2.8652,2.8657,2.8627,2.8637,35
2026-05-06 15:04:00,2.8592,2.8652,2.8532,2.8627,2.8642,2.8702,2.8582,2.8677,67
2026-05-06 15:05:00,2.8617,2.8627,2.8567,2.8587,2.8667,2.8677,2.8617,2.8637,64
2026-05-06 15:06:00,2.8582,2.8652,2.8577,2.8622,2.8632,2.8702,2.8627,2.8672,65
2026-05-06 15:07:00,2.8627,2.8647,2.8597,2.8642,2.8677,2.8697,2.8647,2.8692,35
2026-05-06 15:08:00,2.8647,2.8652,2.8592,2.8597,2.8697,2.8702,2.8642,2.8647,50
2026-05-06 15:09:00,2.8602,2.8692,2.8592,2.8672,2.8652,2.8742,2.8642,2.8722,34
2026-05-06 15:10:00,2.8682,2.8682,2.8582,2.8582,2.8732,2.8732,2.8632,2.8632,42
2026-05-06 15:11:00,2.8572,2.8582,2.8542,2.8542,2.8622,2.8632,2.8592,2.8592,42
2026-05-06 15:12:00,2.8547,2.8552,2.8522,2.8547,2.8597,2.8602,2.8572,2.8597,42
2026-05-06 15:13:00,2.8542,2.8572,2.8542,2.8562,2.8592,2.8622,2.8592,2.8612,38
2026-05-06 15:14:00,2.8552,2.8552,2.8512,2.8532,2.8602,2.8602,2.8562,2.8582,37
2026-05-06 15:15:00,2.8537,2.8552,2.8482,2.8492,2.8587,2.8602,2.8532,2.8542,44
2026-05-06 15:16:00,2.8502,2.8512,2.8422,2.8462,2.8552,2.8562,2.8472,2.8512,39
2026-05-06 15:17:00,2.8467,2.8477,2.8452,2.8452,2.8517,2.8527,2.8502,2.8502,36
2026-05-06 15:18:00,2.8442,2.8492,2.8432,2.8482,2.8492,2.8542,2.8482,2.8532,38
2026-05-06 15:19:00,2.8487,2.8532,2.8482,2.8517,2.8537,2.8582,2.8532,2.8567,43
2026-05-06 15:20:00,2.8512,2.8582,2.8502,2.8552,2.8562,2.8632,2.8552,2.8602,52
2026-05-06 15:21:00,2.8547,2.8582,2.8532,2.8582,2.8597,2.8632,2.8582,2.8632,35
2026-05-06 15:22:00,2.8577,2.8582,2.8537,2.8552,2.8627,2.8632,2.8587,2.8602,38
2026-05-06 15:23:00,2.8542,2.8552,2.8517,2.8517,2.8592,2.8602,2.8567,2.8567,15
2026-05-06 15:24:00,2.8502,2.8532,2.8492,2.8532,2.8552,2.8582,2.8542,2.8582,36
2026-05-06 15:25:00,2.8542,2.8552,2.8522,2.8532,2.8592,2.8602,2.8572,2.8582,26
2026-05-06 15:26:00,2.8522,2.8562,2.8512,2.8552,2.8572,2.8612,2.8562,2.8602,34
2026-05-06 15:27:00,2.8547,2.8562,2.8542,2.8552,2.8597,2.8612,2.8592,2.8602,22
2026-05-06 15:28:00,2.8547,2.8582,2.8542,2.8572,2.8597,2.8632,2.8592,2.8622,14
2026-05-06 15:29:00,2.8582,2.8592,2.8542,2.8542,2.8632,2.8642,2.8592,2.8592,28
2026-05-06 15:30:00,2.8557,2.8592,2.8532,2.8582,2.8607,2.8642,2.8582,2.8632,51
2026-05-06 15:31:00,2.8577,2.8577,2.8512,2.8512,2.8627,2.8627,2.8562,2.8562,37
2026-05-06 15:32:00,2.8517,2.8532,2.8477,2.8487,2.8567,2.8582,2.8527,2.8537,31
2026-05-06 15:33:00,2.8482,2.8492,2.8432,2.8437,2.8532,2.8542,2.8482,2.8487,30
2026-05-06 15:34:00,2.8442,2.8452,2.8402,2.8407,2.8492,2.8502,2.8452,2.8457,32
2026-05-06 15:35:00,2.8412,2.8412,2.8372,2.8397,2.8462,2.8462,2.8422,2.8447,37
2026-05-06 15:36:00,2.8387,2.8402,2.8362,2.8377,2.8437,2.8452,2.8412,2.8427,45
2026-05-06 15:37:00,2.8372,2.8402,2.8362,2.8392,2.8422,2.8452,2.8412,2.8442,31
2026-05-06 15:38:00,2.8402,2.8417,2.8392,2.8412,2.8452,2.8467,2.8442,2.8462,31
2026-05-06 15:39:00,2.8407,2.8432,2.8402,2.8427,2.8457,2.8482,2.8452,2.8477,41
2026-05-06 15:40:00,2.8432,2.8462,2.8417,2.8452,2.8482,2.8512,2.8467,2.8502,47
2026-05-06 15:41:00,2.8447,2.8472,2.8402,2.8422,2.8497,2.8522,2.8452,2.8472,56
2026-05-06 15:42:00,2.8417,2.8432,2.8407,2.8432,2.8467,2.8482,2.8457,2.8482,25
2026-05-06 15:43:00,2.8437,2.8452,2.8432,2.8432,2.8487,2.8502,2.8482,2.8482,15
2026-05-06 15:44:00,2.8437,2.8442,2.8412,2.8417,2.8487,2.8492,2.8462,2.8467,30
2026-05-06 15:45:00,2.8412,2.8422,2.8402,2.8422,2.8462,2.8472,2.8452,2.8472,32
2026-05-06 15:46:00,2.8432,2.8442,2.8412,2.8412,2.8482,2.8492,2.8462,2.8462,18
2026-05-06 15:47:00,2.8402,2.8402,2.8352,2.8352,2.8452,2.8452,2.8402,2.8402,17
2026-05-06 15:48:00,2.8357,2.8397,2.8352,2.8397,2.8407,2.8447,2.8402,2.8447,54
2026-05-06 15:49:00,2.8402,2.8432,2.8372,2.8377,2.8452,2.8482,2.8422,2.8427,34
2026-05-06 15:50:00,2.8382,2.8402,2.8372,2.8402,2.8432,2.8452,2.8422,2.8452,28
2026-05-06 15:51:00,2.8407,2.8407,2.8372,2.8377,2.8457,2.8457,2.8422,2.8427,19
2026-05-06 15:52:00,2.8372,2.8382,2.8362,2.8372,2.8422,2.8432,2.8412,2.8422,31
2026-05-06 15:53:00,2.8367,2.8382,2.8367,2.8372,2.8417,2.8432,2.8417,2.8422,15
2026-05-06 15:54:00,2.8367,2.8372,2.8272,2.8277,2.8417,2.8422,2.8322,2.8327,40
2026-05-06 15:55:00,2.8287,2.8302,2.8252,2.8302,2.8337,2.8352,2.8302,2.8352,51
2026-05-06 15:56:00,2.8297,2.8302,2.8282,2.8282,2.8347,2.8352,2.8332,2.8332,25
2026-05-06 15:57:00,2.8277,2.8322,2.8277,2.8322,2.8327,2.8372,2.8327,2.8372,28
2026-05-06 15:58:00,2.8327,2.8332,2.8312,2.8332,2.8377,2.8382,2.8362,2.8382,62
2026-05-06 15:59:00,2.8352,2.8352,2.8312,2.8322,2.8402,2.8402,2.8362,2.8372,92
2026-05-06 16:00:00,2.8317,2.8322,2.8282,2.8282,2.8367,2.8372,2.8332,2.8332,56
2026-05-06 16:01:00,2.8277,2.8312,2.8272,2.8307,2.8327,2.8362,2.8322,2.8357,42
2026-05-06 16:02:00,2.8297,2.8352,2.8297,2.8342,2.8347,2.8402,2.8347,2.8392,58
2026-05-06 16:03:00,2.8352,2.8362,2.8337,2.8352,2.8402,2.8412,2.8387,2.8402,76
2026-05-06 16:04:00,2.8362,2.8362,2.8347,2.8362,2.8412,2.8412,2.8397,2.8412,19
2026-05-06 16:05:00,2.8352,2.8362,2.8342,2.8342,2.8402,2.8412,2.8392,2.8392,23
2026-05-06 16:06:00,2.8347,2.8452,2.8342,2.8447,2.8397,2.8502,2.8392,2.8497,62
2026-05-06 16:07:00,2.8442,2.8512,2.8432,2.8452,2.8492,2.8562,2.8482,2.8502,84
2026-05-06 16:08:00,2.8447,2.8452,2.8422,2.8442,2.8497,2.8502,2.8472,2.8492,38
2026-05-06 16:09:00,2.8432,2.8452,2.8422,2.8422,2.8482,2.8502,2.8472,2.8472,18
2026-05-06 16:10:00,2.8417,2.8432,2.8392,2.8417,2.8467,2.8482,2.8442,2.8467,24
2026-05-06 16:11:00,2.8427,2.8452,2.8427,2.8452,2.8477,2.8502,2.8477,2.8502,21
2026-05-06 16:12:00,2.8442,2.8442,2.8397,2.8407,2.8492,2.8492,2.8447,2.8457,28
2026-05-06 16:13:00,2.8412,2.8412,2.8402,2.8407,2.8462,2.8462,2.8452,2.8457,15
2026-05-06 16:14:00,2.8412,2.8432,2.8412,2.8432,2.8462,2.8482,2.8462,2.8482,17
2026-05-06 16:15:00,2.8422,2.8447,2.8422,2.8442,2.8472,2.8497,2.8472,2.8492,21
2026-05-06 16:16:00,2.8447,2.8452,2.8432,2.8442,2.8497,2.8502,2.8482,2.8492,8
2026-05-06 16:17:00,2.8447,2.8497,2.8437,2.8472,2.8497,2.8547,2.8487,2.8522,22
2026-05-06 16:18:00,2.8467,2.8502,2.8467,2.8492,2.8517,2.8552,2.8517,2.8542,17
2026-05-06 16:19:00,2.8487,2.8492,2.8467,2.8472,2.8537,2.8542,2.8517,2.8522,17
2026-05-06 16:20:00,2.8467,2.8467,2.8432,2.8432,2.8517,2.8517,2.8482,2.8482,20
2026-05-06 16:21:00,2.8437,2.8452,2.8417,2.8442,2.8487,2.8502,2.8467,2.8492,14
2026-05-06 16:22:00,2.8437,2.8442,2.8422,2.8432,2.8487,2.8492,2.8472,2.8482,15
2026-05-06 16:23:00,2.8427,2.8432,2.8392,2.8392,2.8477,2.8482,2.8442,2.8442,15
2026-05-06 16:24:00,2.8397,2.8397,2.8372,2.8377,2.8447,2.8447,2.8422,2.8427,18
2026-05-06 16:25:00,2.8392,2.8392,2.8352,2.8362,2.8442,2.8442,2.8402,2.8412,28
2026-05-06 16:26:00,2.8367,2.8377,2.8347,2.8362,2.8417,2.8427,2.8397,2.8412,29
2026-05-06 16:27:00,2.8357,2.8402,2.8357,2.8402,2.8407,2.8452,2.8407,2.8452,22
2026-05-06 16:28:00,2.8407,2.8412,2.8402,2.8402,2.8457,2.8462,2.8452,2.8452,7
2026-05-06 16:29:00,2.8407,2.8412,2.8392,2.8402,2.8457,2.8462,2.8442,2.8452,40
2026-05-06 16:30:00,2.8407,2.8407,2.8362,2.8382,2.8457,2.8457,2.8412,2.8432,70
2026-05-06 16:31:00,2.8372,2.8382,2.8352,2.8367,2.8422,2.8432,2.8402,2.8417,15
2026-05-06 16:32:00,2.8372,2.8382,2.8342,2.8342,2.8422,2.8432,2.8392,2.8392,35
2026-05-06 16:33:00,2.8337,2.8372,2.8337,2.8352,2.8387,2.8422,2.8387,2.8402,36
2026-05-06 16:34:00,2.8362,2.8372,2.8352,2.8367,2.8412,2.8422,2.8402,2.8417,46
2026-05-06 16:35:00,2.8362,2.8382,2.8347,2.8382,2.8412,2.8432,2.8397,2.8432,13
2026-05-06 16:36:00,2.8387,2.8402,2.8347,2.8357,2.8437,2.8452,2.8397,2.8407,42
2026-05-06 16:37:00,2.8372,2.8382,2.8362,2.8382,2.8422,2.8432,2.8412,2.8432,16
2026-05-06 16:38:00,2.8377,2.8412,2.8372,2.8402,2.8427,2.8462,2.8422,2.8452,21
2026-05-06 16:39:00,2.8407,2.8422,2.8392,2.8402,2.8457,2.8472,2.8442,2.8452,23
2026-05-06 16:40:00,2.8397,2.8412,2.8392,2.8402,2.8447,2.8462,2.8442,2.8452,25
2026-05-06 16:41:00,2.8407,2.8452,2.8407,2.8442,2.8457,2.8502,2.8457,2.8492,27
2026-05-06 16:42:00,2.8432,2.8472,2.8427,2.8437,2.8482,2.8522,2.8477,2.8487,49
2026-05-06 16:43:00,2.8432,2.8472,2.8422,2.8467,2.8482,2.8522,2.8472,2.8517,47
2026-05-06 16:44:00,2.8462,2.8507,2.8462,2.8482,2.8512,2.8557,2.8512,2.8532,28
2026-05-06 16:45:00,2.8487,2.8512,2.8472,2.8502,2.8537,2.8562,2.8522,2.8552,22
2026-05-06 16:46:00,2.8507,2.8507,2.8492,2.8492,2.8557,2.8557,2.8542,2.8542,18
2026-05-06 16:47:00,2.8497,2.8522,2.8487,2.8522,2.8547,2.8572,2.8537,2.8572,30
2026-05-06 16:48:00,2.8517,2.8582,2.8512,2.8572,2.8567,2.8632,2.8562,2.8622,31
2026-05-06 16:49:00,2.8577,2.8582,2.8527,2.8532,2.8627,2.8632,2.8577,2.8582,21
2026-05-06 16:50:00,2.8537,2.8582,2.8537,2.8572,2.8587,2.8632,2.8587,2.8622,25
2026-05-06 16:51:00,2.8577,2.8602,2.8572,2.8582,2.8627,2.8652,2.8622,2.8632,11
2026-05-06 16:52:00,2.8572,2.8617,2.8572,2.8617,2.8622,2.8667,2.8622,2.8667,25
2026-05-06 16:53:00,2.8622,2.8642,2.8602,2.8607,2.8672,2.8692,2.8652,2.8657,24
2026-05-06 16:54:00,2.8602,2.8607,2.8582,2.8582,2.8652,2.8657,2.8632,2.8632,27
2026-05-06 16:55:00,2.8592,2.8592,2.8532,2.8542,2.8642,2.8642,2.8582,2.8592,33
2026-05-06 16:56:00,2.8547,2.8577,2.8542,2.8562,2.8597,2.8627,2.8592,2.8612,18
2026-05-06 16:57:00,2.8567,2.8572,2.8552,2.8562,2.8617,2.8622,2.8602,2.8612,10
2026-05-06 16:58:00,2.8557,2.8562,2.8522,2.8522,2.8607,2.8612,2.8572,2.8572,12
2026-05-06 16:59:00,2.8532,2.8532,2.8492,2.8507,2.8582,2.8582,2.8542,2.8557,16
2026-05-06 17:00:00,2.8512,2.8527,2.8502,2.8507,2.8562,2.8577,2.8552,2.8557,27
2026-05-06 17:01:00,2.8517,2.8522,2.8492,2.8497,2.8567,2.8572,2.8542,2.8547,14
2026-05-06 17:02:00,2.8502,2.8502,2.8457,2.8462,2.8552,2.8552,2.8507,2.8512,27
2026-05-06 17:03:00,2.8472,2.8492,2.8472,2.8487,2.8522,2.8542,2.8522,2.8537,13
2026-05-06 17:04:00,2.8492,2.8512,2.8487,2.8487,2.8542,2.8562,2.8537,2.8537,27
2026-05-06 17:05:00,2.8482,2.8522,2.8472,2.8522,2.8532,2.8572,2.8522,2.8572,15
2026-05-06 17:06:00,2.8517,2.8522,2.8497,2.8502,2.8567,2.8572,2.8547,2.8552,10
2026-05-06 17:07:00,2.8512,2.8517,2.8502,2.8512,2.8562,2.8567,2.8552,2.8562,12
2026-05-06 17:08:00,2.8522,2.8542,2.8502,2.8542,2.8572,2.8592,2.8552,2.8592,36
2026-05-06 17:09:00,2.8537,2.8542,2.8502,2.8507,2.8587,2.8592,2.8552,2.8557,28
2026-05-06 17:10:00,2.8512,2.8512,2.8487,2.8492,2.8562,2.8562,2.8537,2.8542,21
2026-05-06 17:11:00,2.8482,2.8482,2.8452,2.8452,2.8532,2.8532,2.8502,2.8502,8
2026-05-06 17:12:00,2.8442,2.8472,2.8432,2.8472,2.8492,2.8522,2.8482,2.8522,34
2026-05-06 17:13:00,2.8462,2.8497,2.8462,2.8497,2.8512,2.8547,2.8512,2.8547,28
2026-05-06 17:14:00,2.8492,2.8502,2.8487,2.8492,2.8542,2.8552,2.8537,2.8542,13
2026-05-06 17:15:00,2.8497,2.8502,2.8482,2.8482,2.8547,2.8552,2.8532,2.8532,11
2026-05-06 17:16:00,2.8472,2.8482,2.8457,2.8457,2.8522,2.8532,2.8507,2.8507,11
2026-05-06 17:17:00,2.8442,2.8472,2.8442,2.8472,2.8492,2.8522,2.8492,2.8522,8
2026-05-06 17:18:00,2.8467,2.8482,2.8467,2.8472,2.8517,2.8532,2.8517,2.8522,8
2026-05-06 17:19:00,2.8477,2.8477,2.8462,2.8462,2.8527,2.8527,2.8512,2.8512,6
2026-05-06 17:20:00,2.8457,2.8457,2.8422,2.8432,2.8507,2.8507,2.8472,2.8482,23
2026-05-06 17:21:00,2.8427,2.8452,2.8427,2.8427,2.8477,2.8502,2.8477,2.8477,14
2026-05-06 17:22:00,2.8432,2.8432,2.8412,2.8422,2.8482,2.8482,2.8462,2.8472,11
2026-05-06 17:23:00,2.8417,2.8422,2.8412,2.8422,2.8467,2.8472,2.8462,2.8472,5
2026-05-06 17:24:00,2.8412,2.8452,2.8412,2.8427,2.8462,2.8502,2.8462,2.8477,36
2026-05-06 17:25:00,2.8432,2.8452,2.8412,2.8412,2.8482,2.8502,2.8462,2.8462,33
2026-05-06 17:26:00,2.8422,2.8422,2.8412,2.8417,2.8472,2.8472,2.8462,2.8467,7
2026-05-06 17:27:00,2.8412,2.8412,2.8382,2.8392,2.8462,2.8462,2.8432,2.8442,17
2026-05-06 17:28:00,2.8402,2.8422,2.8402,2.8412,2.8452,2.8472,2.8452,2.8462,15
2026-05-06 17:29:00,2.8417,2.8417,2.8362,2.8372,2.8467,2.8467,2.8412,2.8422,36
2026-05-06 17:30:00,2.8367,2.8387,2.8347,2.8382,2.8417,2.8437,2.8397,2.8432,30
2026-05-06 17:31:00,2.8387,2.8412,2.8382,2.8407,2.8437,2.8462,2.8432,2.8457,23
2026-05-06 17:32:00,2.8397,2.8422,2.8387,2.8412,2.8447,2.8472,2.8437,2.8462,18
2026-05-06 17:33:00,2.8407,2.8422,2.8397,2.8402,2.8457,2.8472,2.8447,2.8452,25
2026-05-06 17:34:00,2.8392,2.8392,2.8382,2.8387,2.8442,2.8442,2.8432,2.8437,22
2026-05-06 17:35:00,2.8392,2.8412,2.8382,2.8382,2.8442,2.8462,2.8432,2.8432,16
2026-05-06 17:36:00,2.8387,2.8387,2.8372,2.8377,2.8437,2.8437,2.8422,2.8427,5
2026-05-06 17:37:00,2.8372,2.8392,2.8372,2.8387,2.8422,2.8442,2.8422,2.8437,15
2026-05-06 17:38:00,2.8392,2.8422,2.8382,2.8407,2.8442,2.8472,2.8432,2.8457,24
2026-05-06 17:39:00,2.8402,2.8412,2.8402,2.8402,2.8452,2.8462,2.8452,2.8452,17
2026-05-06 17:40:00,2.8407,2.8407,2.8382,2.8392,2.8457,2.8457,2.8432,2.8442,33
2026-05-06 17:41:00,2.8387,2.8407,2.8382,2.8392,2.8437,2.8457,2.8432,2.8442,12
2026-05-06 17:42:00,2.8402,2.8402,2.8392,2.8392,2.8452,2.8452,2.8442,2.8442,36
2026-05-06 17:43:00,2.8387,2.8422,2.8372,2.8422,2.8437,2.8472,2.8422,2.8472,29
2026-05-06 17:44:00,2.8427,2.8452,2.8382,2.8402,2.8477,2.8502,2.8432,2.8452,41
2026-05-06 17:45:00,2.8407,2.8442,2.8392,2.8427,2.8457,2.8492,2.8442,2.8477,38
2026-05-06 17:46:00,2.8432,2.8452,2.8427,2.8437,2.8482,2.8502,2.8477,2.8487,18
2026-05-06 17:47:00,2.8452,2.8462,2.8442,2.8462,2.8502,2.8512,2.8492,2.8512,16
2026-05-06 17:48:00,2.8457,2.8462,2.8452,2.8452,2.8507,2.8512,2.8502,2.8502,7
2026-05-06 17:49:00,2.8472,2.8472,2.8422,2.8427,2.8522,2.8522,2.8472,2.8477,17
2026-05-06 17:50:00,2.8422,2.8442,2.8422,2.8432,2.8472,2.8492,2.8472,2.8482,16
2026-05-06 17:51:00,2.8442,2.8452,2.8432,2.8432,2.8492,2.8502,2.8482,2.8482,9
2026-05-06 17:52:00,2.8442,2.8462,2.8432,2.8457,2.8492,2.8512,2.8482,2.8507,17
2026-05-06 17:53:00,2.8462,2.8462,2.8452,2.8462,2.8512,2.8512,2.8502,2.8512,15
2026-05-06 17:54:00,2.8472,2.8482,2.8462,2.8472,2.8522,2.8532,2.8512,2.8522,24
2026-05-06 17:55:00,2.8467,2.8467,2.8447,2.8467,2.8517,2.8517,2.8497,2.8517,13
2026-05-06 17:56:00,2.8472,2.8482,2.8462,2.8472,2.8522,2.8532,2.8512,2.8522,9
2026-05-06 17:57:00,2.8462,2.8462,2.8447,2.8462,2.8512,2.8512,2.8497,2.8512,17
2026-05-06 17:58:00,2.8457,2.8472,2.8452,2.8452,2.8507,2.8522,2.8502,2.8502,10
2026-05-06 17:59:00,2.8457,2.8477,2.8452,2.8477,2.8507,2.8527,2.8502,2.8527,14
2026-05-06 18:00:00,2.8482,2.8512,2.8482,2.8512,2.8532,2.8562,2.8532,2.8562,17
2026-05-06 18:01:00,2.8507,2.8552,2.8502,2.8522,2.8557,2.8602,2.8552,2.8572,27
2026-05-06 18:02:00,2.8532,2.8542,2.8512,2.8532,2.8582,2.8592,2.8562,2.8582,15
2026-05-06 18:03:00,2.8527,2.8532,2.8512,2.8512,2.8577,2.8582,2.8562,2.8562,9
2026-05-06 18:04:00,2.8507,2.8507,2.8487,2.8502,2.8557,2.8557,2.8537,2.8552,7
2026-05-06 18:05:00,2.8497,2.8497,2.8482,2.8482,2.8547,2.8547,2.8532,2.8532,6
2026-05-06 18:06:00,2.8487,2.8497,2.8482,2.8482,2.8537,2.8547,2.8532,2.8532,14
2026-05-06 18:07:00,2.8477,2.8482,2.8462,2.8462,2.8527,2.8532,2.8512,2.8512,5
2026-05-06 18:08:00,2.8467,2.8522,2.8467,2.8517,2.8517,2.8572,2.8517,2.8567,21
2026-05-06 18:09:00,2.8522,2.8532,2.8512,2.8522,2.8572,2.8582,2.8562,2.8572,5
2026-05-06 18:10:00,2.8527,2.8532,2.8517,2.8522,2.8577,2.8582,2.8567,2.8572,5
2026-05-06 18:11:00,2.8517,2.8522,2.8502,2.8507,2.8567,2.8572,2.8552,2.8557,7
2026-05-06 18:12:00,2.8512,2.8512,2.8492,2.8502,2.8562,2.8562,2.8542,2.8552,14
2026-05-06 18:13:00,2.8507,2.8512,2.8492,2.8497,2.8557,2.8562,2.8542,2.8547,10
2026-05-06 18:14:00,2.8492,2.8502,2.8482,2.8487,2.8542,2.8552,2.8532,2.8537,15
2026-05-06 18:15:00,2.8492,2.8502,2.8482,2.8492,2.8542,2.8552,2.8532,2.8542,10
2026-05-06 18:16:00,2.8482,2.8492,2.8482,2.8482,2.8532,2.8542,2.8532,2.8532,10
2026-05-06 18:17:00,2.8492,2.8492,2.8472,2.8477,2.8542,2.8542,2.8522,2.8527,7
2026-05-06 18:18:00,2.8482,2.8482,2.8462,2.8462,2.8532,2.8532,2.8512,2.8512,8
2026-05-06 18:19:00,2.8452,2.8472,2.8452,2.8452,2.8502,2.8522,2.8502,2.8502,7
2026-05-06 18:20:00,2.8447,2.8447,2.8412,2.8412,2.8497,2.8497,2.8462,2.8462,9
2026-05-06 18:21:00,2.8402,2.8422,2.8402,2.8422,2.8452,2.8472,2.8452,2.8472,6
2026-05-06 18:22:00,2.8432,2.8432,2.8432,2.8432,2.8482,2.8482,2.8482,2.8482,1
2026-05-06 18:23:00,2.8442,2.8442,2.8432,2.8442,2.8492,2.8492,2.8482,2.8492,3
2026-05-06 18:24:00,2.8432,2.8432,2.8422,2.8432,2.8482,2.8482,2.8472,2.8482,11
2026-05-06 18:25:00,2.8422,2.8442,2.8422,2.8427,2.8472,2.8492,2.8472,2.8477,17
2026-05-06 18:26:00,2.8422,2.8432,2.8422,2.8432,2.8472,2.8482,2.8472,2.8482,20
2026-05-06 18:28:00,2.8427,2.8427,2.8412,2.8422,2.8477,2.8477,2.8462,2.8472,7
2026-05-06 18:29:00,2.8427,2.8427,2.8422,2.8422,2.8477,2.8477,2.8472,2.8472,2
2026-05-06 18:30:00,2.8432,2.8442,2.8427,2.8432,2.8482,2.8492,2.8477,2.8482,4
2026-05-06 18:31:00,2.8427,2.8437,2.8422,2.8432,2.8477,2.8487,2.8472,2.8482,5
2026-05-06 18:32:00,2.8437,2.8442,2.8432,2.8432,2.8487,2.8492,2.8482,2.8482,21
2026-05-06 18:33:00,2.8442,2.8452,2.8432,2.8452,2.8492,2.8502,2.8482,2.8502,10
2026-05-06 18:34:00,2.8457,2.8472,2.8457,2.8462,2.8507,2.8522,2.8507,2.8512,16
2026-05-06 18:35:00,2.8472,2.8482,2.8472,2.8472,2.8522,2.8532,2.8522,2.8522,3
2026-05-06 18:36:00,2.8477,2.8492,2.8462,2.8462,2.8527,2.8542,2.8512,2.8512,11
2026-05-06 18:37:00,2.8457,2.8472,2.8457,2.8462,2.8507,2.8522,2.8507,2.8512,11
2026-05-06 18:38:00,2.8457,2.8482,2.8457,2.8472,2.8507,2.8532,2.8507,2.8522,25
2026-05-06 18:39:00,2.8482,2.8527,2.8482,2.8522,2.8532,2.8577,2.8532,2.8572,24
2026-05-06 18:40:00,2.8532,2.8582,2.8532,2.8572,2.8582,2.8632,2.8582,2.8622,25
2026-05-06 18:41:00,2.8577,2.8612,2.8577,2.8607,2.8627,2.8662,2.8627,2.8657,26
2026-05-06 18:42:00,2.8622,2.8662,2.8602,2.8612,2.8672,2.8712,2.8652,2.8662,26
2026-05-06 18:43:00,2.8617,2.8642,2.8617,2.8642,2.8667,2.8692,2.8667,2.8692,24
2026-05-06 18:44:00,2.8632,2.8637,2.8612,2.8622,2.8682,2.8687,2.8662,2.8672,15
2026-05-06 18:45:00,2.8632,2.8632,2.8592,2.8607,2.8682,2.8682,2.8642,2.8657,27
2026-05-06 18:46:00,2.8602,2.8602,2.8552,2.8552,2.8652,2.8652,2.8602,2.8602,14
2026-05-06 18:47:00,2.8557,2.8567,2.8552,2.8562,2.8607,2.8617,2.8602,2.8612,9
2026-05-06 18:48:00,2.8572,2.8577,2.8562,2.8562,2.8622,2.8627,2.8612,2.8612,12
2026-05-06 18:49:00,2.8567,2.8582,2.8562,2.8582,2.8617,2.8632,2.8612,2.8632,18
2026-05-06 18:50:00,2.8572,2.8612,2.8572,2.8612,2.8622,2.8662,2.8622,2.8662,17
2026-05-06 18:51:00,2.8617,2.8647,2.8617,2.8647,2.8667,2.8697,2.8667,2.8697,10
2026-05-06 18:52:00,2.8662,2.8662,2.8632,2.8647,2.8712,2.8712,2.8682,2.8697,34
2026-05-06 18:53:00,2.8642,2.8662,2.8642,2.8642,2.8692,2.8712,2.8692,2.8692,25
2026-05-06 18:54:00,2.8647,2.8662,2.8632,2.8632,2.8697,2.8712,2.8682,2.8682,23
2026-05-06 18:55:00,2.8627,2.8652,2.8627,2.8647,2.8677,2.8702,2.8677,2.8697,24
2026-05-06 18:56:00,2.8642,2.8652,2.8632,2.8632,2.8692,2.8702,2.8682,2.8682,9
2026-05-06 18:57:00,2.8627,2.8662,2.8622,2.8652,2.8677,2.8712,2.8672,2.8702,22
2026-05-06 18:58:00,2.8657,2.8687,2.8652,2.8672,2.8707,2.8737,2.8702,2.8722,29
2026-05-06 18:59:00,2.8662,2.8662,2.8632,2.8642,2.8712,2.8712,2.8682,2.8692,12
2026-05-06 19:00:00,2.8647,2.8652,2.8632,2.8632,2.8697,2.8702,2.8682,2.8682,21
2026-05-06 19:01:00,2.8637,2.8637,2.8612,2.8617,2.8687,2.8687,2.8662,2.8667,7
2026-05-06 19:02:00,2.8622,2.8622,2.8602,2.8602,2.8672,2.8672,2.8652,2.8652,22
2026-05-06 19:03:00,2.8607,2.8612,2.8602,2.8612,2.8657,2.8662,2.8652,2.8662,4
2026-05-06 19:04:00,2.8617,2.8622,2.8602,2.8602,2.8667,2.8672,2.8652,2.8652,12
2026-05-06 19:05:00,2.8612,2.8612,2.8587,2.8592,2.8662,2.8662,2.8637,2.8642,14
2026-05-06 19:06:00,2.8597,2.8602,2.8582,2.8582,2.8647,2.8652,2.8632,2.8632,14
2026-05-06 19:07:00,2.8572,2.8572,2.8557,2.8557,2.8622,2.8622,2.8607,2.8607,8
2026-05-06 19:08:00,2.8552,2.8562,2.8552,2.8562,2.8602,2.8612,2.8602,2.8612,11
2026-05-06 19:09:00,2.8572,2.8582,2.8562,2.8572,2.8622,2.8632,2.8612,2.8622,13
2026-05-06 19:10:00,2.8567,2.8582,2.8567,2.8572,2.8617,2.8632,2.8617,2.8622,7
2026-05-06 19:11:00,2.8582,2.8612,2.8582,2.8602,2.8632,2.8662,2.8632,2.8652,12
2026-05-06 19:12:00,2.8607,2.8612,2.8597,2.8597,2.8657,2.8662,2.8647,2.8647,8
2026-05-06 19:13:00,2.8602,2.8602,2.8582,2.8582,2.8652,2.8652,2.8632,2.8632,9
2026-05-06 19:14:00,2.8577,2.8582,2.8572,2.8582,2.8627,2.8632,2.8622,2.8632,9
2026-05-06 19:15:00,2.8572,2.8582,2.8562,2.8572,2.8622,2.8632,2.8612,2.8622,6
2026-05-06 19:16:00,2.8567,2.8572,2.8567,2.8572,2.8617,2.8622,2.8617,2.8622,2
2026-05-06 19:17:00,2.8562,2.8572,2.8552,2.8562,2.8612,2.8622,2.8602,2.8612,12
2026-05-06 19:18:00,2.8552,2.8562,2.8552,2.8552,2.8602,2.8612,2.8602,2.8602,7
2026-05-06 19:19:00,2.8562,2.8562,2.8552,2.8562,2.8612,2.8612,2.8602,2.8612,9
2026-05-06 19:20:00,2.8552,2.8562,2.8552,2.8562,2.8602,2.8612,2.8602,2.8612,7
2026-05-06 19:21:00,2.8557,2.8557,2.8547,2.8552,2.8607,2.8607,2.8597,2.8602,4
2026-05-06 19:22:00,2.8557,2.8562,2.8552,2.8552,2.8607,2.8612,2.8602,2.8602,11
2026-05-06 19:23:00,2.8557,2.8562,2.8557,2.8562,2.8607,2.8612,2.8607,2.8612,2
2026-05-06 19:24:00,2.8567,2.8592,2.8562,2.8592,2.8617,2.8642,2.8612,2.8642,6
2026-05-06 19:25:00,2.8587,2.8592,2.8582,2.8582,2.8637,2.8642,2.8632,2.8632,6
2026-05-06 19:26:00,2.8577,2.8587,2.8572,2.8582,2.8627,2.8637,2.8622,2.8632,6
2026-05-06 19:27:00,2.8572,2.8582,2.8562,2.8572,2.8622,2.8632,2.8612,2.8622,5
2026-05-06 19:28:00,2.8567,2.8567,2.8552,2.8562,2.8617,2.8617,2.8602,2.8612,10
2026-05-06 19:29:00,2.8557,2.8577,2.8552,2.8577,2.8607,2.8627,2.8602,2.8627,16
2026-05-06 19:30:00,2.8572,2.8572,2.8532,2.8552,2.8622,2.8622,2.8582,2.8602,11
2026-05-06 19:31:00,2.8547,2.8552,2.8542,2.8542,2.8597,2.8602,2.8592,2.8592,20
2026-05-06 19:32:00,2.8532,2.8542,2.8532,2.8532,2.8582,2.8592,2.8582,2.8582,3
2026-05-06 19:33:00,2.8537,2.8542,2.8532,2.8532,2.8587,2.8592,2.8582,2.8582,5
2026-05-06 19:34:00,2.8542,2.8542,2.8542,2.8542,2.8592,2.8592,2.8592,2.8592,1
2026-05-06 19:35:00,2.8532,2.8532,2.8532,2.8532,2.8582,2.8582,2.8582,2.8582,1
2026-05-06 19:36:00,2.8542,2.8542,2.8522,2.8527,2.8592,2.8592,2.8572,2.8577,8
2026-05-06 19:37:00,2.8522,2.8542,2.8522,2.8532,2.8572,2.8592,2.8572,2.8582,7
2026-05-06 19:38:00,2.8527,2.8527,2.8512,2.8512,2.8577,2.8577,2.8562,2.8562,8
2026-05-06 19:39:00,2.8522,2.8542,2.8512,2.8532,2.8572,2.8592,2.8562,2.8582,16
2026-05-06 19:40:00,2.8537,2.8542,2.8522,2.8532,2.8587,2.8592,2.8572,2.8582,14
2026-05-06 19:41:00,2.8527,2.8552,2.8522,2.8552,2.8577,2.8602,2.8572,2.8602,19
2026-05-06 19:42:00,2.8562,2.8562,2.8517,2.8552,2.8612,2.8612,2.8567,2.8602,15
2026-05-06 19:43:00,2.8547,2.8617,2.8547,2.8617,2.8597,2.8667,2.8597,2.8667,28
2026-05-06 19:44:00,2.8612,2.8622,2.8592,2.8592,2.8662,2.8672,2.8642,2.8642,17
2026-05-06 19:45:00,2.8602,2.8602,2.8587,2.8587,2.8652,2.8652,2.8637,2.8637,11
2026-05-06 19:46:00,2.8592,2.8592,2.8552,2.8552,2.8642,2.8642,2.8602,2.8602,8
2026-05-06 19:47:00,2.8562,2.8562,2.8552,2.8552,2.8612,2.8612,2.8602,2.8602,14
2026-05-06 19:48:00,2.8562,2.8572,2.8562,2.8572,2.8612,2.8622,2.8612,2.8622,22
2026-05-06 19:49:00,2.8567,2.8577,2.8562,2.8572,2.8617,2.8627,2.8612,2.8622,6
2026-05-06 19:50:00,2.8582,2.8602,2.8572,2.8592,2.8632,2.8652,2.8622,2.8642,19
2026-05-06 19:51:00,2.8582,2.8592,2.8582,2.8582,2.8632,2.8642,2.8632,2.8632,7
2026-05-06 19:52:00,2.8587,2.8602,2.8582,2.8597,2.8637,2.8652,2.8632,2.8647,18
2026-05-06 19:53:00,2.8592,2.8602,2.8592,2.8597,2.8642,2.8652,2.8642,2.8647,8
2026-05-06 19:54:00,2.8592,2.8592,2.8562,2.8572,2.8642,2.8642,2.8612,2.8622,8
2026-05-06 19:55:00,2.8567,2.8567,2.8547,2.8552,2.8617,2.8617,2.8597,2.8602,5
2026-05-06 19:56:00,2.8542,2.8562,2.8542,2.8552,2.8592,2.8612,2.8592,2.8602,6
2026-05-06 19:57:00,2.8547,2.8562,2.8542,2.8552,2.8597,2.8612,2.8592,2.8602,18
2026-05-06 19:58:00,2.8557,2.8602,2.8552,2.8582,2.8607,2.8652,2.8602,2.8632,27
2026-05-06 19:59:00,2.8577,2.8592,2.8572,2.8592,2.8627,2.8642,2.8622,2.8642,9
2026-05-06 20:00:00,2.8597,2.8622,2.8597,2.8607,2.8647,2.8672,2.8647,2.8657,15
2026-05-06 20:01:00,2.8612,2.8612,2.8577,2.8592,2.8662,2.8662,2.8627,2.8642,19
2026-05-06 20:02:00,2.8587,2.8612,2.8587,2.8612,2.8637,2.8662,2.8637,2.8662,12
2026-05-06 20:03:00,2.8622,2.8632,2.8612,2.8622,2.8672,2.8682,2.8662,2.8672,8
2026-05-06 20:04:00,2.8627,2.8652,2.8627,2.8637,2.8677,2.8702,2.8677,2.8687,12
2026-05-06 20:05:00,2.8642,2.8642,2.8627,2.8632,2.8692,2.8692,2.8677,2.8682,14
2026-05-06 20:06:00,2.8637,2.8672,2.8632,2.8632,2.8687,2.8722,2.8682,2.8682,19
2026-05-06 20:07:00,2.8637,2.8662,2.8622,2.8642,2.8687,2.8712,2.8672,2.8692,15
2026-05-06 20:08:00,2.8652,2.8657,2.8642,2.8652,2.8702,2.8707,2.8692,2.8702,8
2026-05-06 20:09:00,2.8642,2.8652,2.8632,2.8637,2.8692,2.8702,2.8682,2.8687,10
2026-05-06 20:10:00,2.8642,2.8652,2.8632,2.8637,2.8692,2.8702,2.8682,2.8687,14
2026-05-06 20:11:00,2.8632,2.8652,2.8612,2.8642,2.8682,2.8702,2.8662,2.8692,14
2026-05-06 20:12:00,2.8647,2.8652,2.8632,2.8652,2.8697,2.8702,2.8682,2.8702,6
2026-05-06 20:13:00,2.8657,2.8662,2.8652,2.8662,2.8707,2.8712,2.8702,2.8712,8
2026-05-06 20:14:00,2.8657,2.8672,2.8642,2.8672,2.8707,2.8722,2.8692,2.8722,10
2026-05-06 20:15:00,2.8667,2.8692,2.8667,2.8682,2.8717,2.8742,2.8717,2.8732,28
2026-05-06 20:16:00,2.8672,2.8692,2.8672,2.8682,2.8722,2.8742,2.8722,2.8732,17
2026-05-06 20:17:00,2.8687,2.8692,2.8672,2.8672,2.8737,2.8742,2.8722,2.8722,12
2026-05-06 20:18:00,2.8682,2.8682,2.8642,2.8642,2.8732,2.8732,2.8692,2.8692,15
2026-05-06 20:19:00,2.8637,2.8652,2.8632,2.8652,2.8687,2.8702,2.8682,2.8702,13
2026-05-06 20:20:00,2.8642,2.8652,2.8602,2.8612,2.8692,2.8702,2.8652,2.8662,40
2026-05-06 20:21:00,2.8607,2.8622,2.8582,2.8602,2.8657,2.8672,2.8632,2.8652,18
2026-05-06 20:22:00,2.8612,2.8612,2.8592,2.8592,2.8662,2.8662,2.8642,2.8642,14
2026-05-06 20:23:00,2.8587,2.8592,2.8562,2.8562,2.8637,2.8642,2.8612,2.8612,15
2026-05-06 20:24:00,2.8557,2.8562,2.8522,2.8552,2.8607,2.8612,2.8572,2.8602,35
2026-05-06 20:25:00,2.8562,2.8592,2.8542,2.8582,2.8612,2.8642,2.8592,2.8632,29
2026-05-06 20:26:00,2.8592,2.8607,2.8582,2.8592,2.8642,2.8657,2.8632,2.8642,20
2026-05-06 20:27:00,2.8602,2.8632,2.8602,2.8602,2.8652,2.8682,2.8652,2.8652,26
2026-05-06 20:28:00,2.8592,2.8652,2.8552,2.8642,2.8642,2.8702,2.8602,2.8692,100
2026-05-06 20:29:00,2.8652,2.8687,2.8642,2.8672,2.8702,2.8737,2.8692,2.8722,32
2026-05-06 20:30:00,2.8667,2.8667,2.8637,2.8662,2.8717,2.8717,2.8687,2.8712,23
2026-05-06 20:31:00,2.8657,2.8662,2.8627,2.8642,2.8707,2.8712,2.8677,2.8692,11
2026-05-06 20:32:00,2.8637,2.8642,2.8632,2.8632,2.8687,2.8692,2.8682,2.8682,9
2026-05-06 20:33:00,2.8627,2.8642,2.8607,2.8632,2.8677,2.8692,2.8657,2.8682,11
2026-05-06 20:34:00,2.8652,2.8662,2.8642,2.8662,2.8702,2.8712,2.8692,2.8712,6
2026-05-06 20:35:00,2.8657,2.8657,2.8627,2.8632,2.8707,2.8707,2.8677,2.8682,8
2026-05-06 20:36:00,2.8622,2.8632,2.8622,2.8632,2.8672,2.8682,2.8672,2.8682,4
2026-05-06 20:37:00,2.8637,2.8642,2.8622,2.8622,2.8687,2.8692,2.8672,2.8672,12
2026-05-06 20:38:00,2.8612,2.8622,2.8612,2.8617,2.8662,2.8672,2.8662,2.8667,3
2026-05-06 20:39:00,2.8622,2.8622,2.8612,2.8612,2.8672,2.8672,2.8662,2.8662,9
2026-05-06 20:40:00,2.8607,2.8612,2.8602,2.8612,2.8657,2.8662,2.8652,2.8662,7
2026-05-06 20:41:00,2.8617,2.8622,2.8607,2.8617,2.8667,2.8672,2.8657,2.8667,8
2026-05-06 20:42:00,2.8612,2.8622,2.8612,2.8612,2.8662,2.8672,2.8662,2.8662,10
2026-05-06 20:43:00,2.8617,2.8622,2.8617,2.8622,2.8667,2.8672,2.8667,2.8672,6
2026-05-06 20:44:00,2.8632,2.8632,2.8622,2.8622,2.8682,2.8682,2.8672,2.8672,12
2026-05-06 20:45:00,2.8627,2.8627,2.8612,2.8622,2.8677,2.8677,2.8662,2.8672,6
2026-05-06 20:46:00,2.8632,2.8642,2.8627,2.8632,2.8682,2.8692,2.8677,2.8682,7
2026-05-06 20:47:00,2.8627,2.8642,2.8627,2.8642,2.8677,2.8692,2.8677,2.8692,6
2026-05-06 20:48:00,2.8637,2.8637,2.8632,2.8632,2.8687,2.8687,2.8682,2.8682,2
2026-05-06 20:49:00,2.8637,2.8637,2.8602,2.8602,2.8687,2.8687,2.8652,2.8652,7
2026-05-06 20:50:00,2.8592,2.8592,2.8582,2.8582,2.8642,2.8642,2.8632,2.8632,4
2026-05-06 20:51:00,2.8577,2.8577,2.8572,2.8577,2.8627,2.8627,2.8622,2.8627,3
2026-05-06 20:52:00,2.8582,2.8582,2.8577,2.8577,2.8632,2.8632,2.8627,2.8627,2
2026-05-06 20:53:00,2.8572,2.8582,2.8572,2.8582,2.8622,2.8632,2.8622,2.8632,2
2026-05-06 20:54:00,2.8572,2.8572,2.8572,2.8572,2.8622,2.8622,2.8622,2.8622,1
2026-05-06 20:55:00,2.8582,2.8582,2.8562,2.8562,2.8632,2.8632,2.8612,2.8612,5
2026-05-06 20:57:00,2.8567,2.8572,2.8562,2.8562,2.8617,2.8622,2.8612,2.8612,6
2026-05-06 20:58:00,2.8567,2.8567,2.8562,2.8562,2.8617,2.8617,2.8612,2.8612,2
2026-05-06 20:59:00,2.8572,2.8572,2.8562,2.8567,2.8622,2.8622,2.8612,2.8617,7
2026-05-06 21:00:00,2.8562,2.8567,2.8562,2.8567,2.8612,2.8617,2.8612,2.8617,6
2026-05-06 21:01:00,2.8572,2.8572,2.8562,2.8562,2.8622,2.8622,2.8612,2.8612,5
2026-05-06 21:02:00,2.8567,2.8572,2.8552,2.8562,2.8617,2.8622,2.8602,2.8612,10
2026-05-06 21:03:00,2.8552,2.8562,2.8547,2.8552,2.8602,2.8612,2.8597,2.8602,7
2026-05-06 21:04:00,2.8542,2.8552,2.8532,2.8532,2.8592,2.8602,2.8582,2.8582,7
2026-05-06 21:05:00,2.8537,2.8552,2.8537,2.8542,2.8587,2.8602,2.8587,2.8592,3
2026-05-06 21:06:00,2.8552,2.8552,2.8542,2.8542,2.8602,2.8602,2.8592,2.8592,8
2026-05-06 21:07:00,2.8552,2.8552,2.8542,2.8552,2.8602,2.8602,2.8592,2.8602,5
2026-05-06 21:08:00,2.8557,2.8562,2.8552,2.8562,2.8607,2.8612,2.8602,2.8612,9
2026-05-06 21:09:00,2.8552,2.8557,2.8552,2.8552,2.8602,2.8607,2.8602,2.8602,3
2026-05-06 21:10:00,2.8557,2.8557,2.8532,2.8532,2.8607,2.8607,2.8582,2.8582,3
2026-05-06 21:11:00,2.8527,2.8532,2.8522,2.8532,2.8577,2.8582,2.8572,2.8582,6
2026-05-06 21:12:00,2.8527,2.8532,2.8522,2.8527,2.8577,2.8582,2.8572,2.8577,5
2026-05-06 21:13:00,2.8532,2.8532,2.8522,2.8522,2.8582,2.8582,2.8572,2.8572,5
2026-05-06 21:14:00,2.8517,2.8532,2.8517,2.8532,2.8567,2.8582,2.8567,2.8582,3
2026-05-06 21:15:00,2.8522,2.8532,2.8522,2.8527,2.8572,2.8582,2.8572,2.8577,4
2026-05-06 21:16:00,2.8522,2.8522,2.8512,2.8517,2.8572,2.8572,2.8562,2.8567,7
2026-05-06 21:17:00,2.8512,2.8522,2.8512,2.8522,2.8562,2.8572,2.8562,2.8572,2
2026-05-06 21:18:00,2.8527,2.8532,2.8522,2.8522,2.8577,2.8582,2.8572,2.8572,4
2026-05-06 21:20:00,2.8517,2.8517,2.8512,2.8512,2.8567,2.8567,2.8562,2.8562,2
2026-05-06 21:21:00,2.8522,2.8522,2.8512,2.8512,2.8572,2.8572,2.8562,2.8562,4
2026-05-06 21:24:00,2.8517,2.8517,2.8512,2.8512,2.8567,2.8567,2.8562,2.8562,2
2026-05-06 21:25:00,2.8517,2.8517,2.8512,2.8512,2.8567,2.8567,2.8562,2.8562,2
2026-05-06 21:26:00,2.8522,2.8522,2.8512,2.8522,2.8572,2.8572,2.8562,2.8572,3
2026-05-06 21:27:00,2.8532,2.8532,2.8522,2.8532,2.8582,2.8582,2.8572,2.8582,3
2026-05-06 21:28:00,2.8537,2.8537,2.8537,2.8537,2.8587,2.8587,2.8587,2.8587,1
2026-05-06 21:29:00,2.8542,2.8557,2.8542,2.8557,2.8592,2.8607,2.8592,2.8607,3
2026-05-06 21:30:00,2.8562,2.8592,2.8562,2.8582,2.8612,2.8642,2.8612,2.8632,10
2026-05-06 21:31:00,2.8577,2.8577,2.8562,2.8567,2.8627,2.8627,2.8612,2.8617,5
2026-05-06 21:32:00,2.8572,2.8572,2.8562,2.8562,2.8622,2.8622,2.8612,2.8612,3
2026-05-06 21:33:00,2.8552,2.8562,2.8552,2.8557,2.8602,2.8612,2.8602,2.8607,4
2026-05-06 21:34:00,2.8562,2.8562,2.8552,2.8562,2.8612,2.8612,2.8602,2.8612,4
2026-05-06 21:35:00,2.8557,2.8562,2.8552,2.8552,2.8607,2.8612,2.8602,2.8602,9
2026-05-06 21:36:00,2.8562,2.8562,2.8552,2.8562,2.8612,2.8612,2.8602,2.8612,7
2026-05-06 21:37:00,2.8552,2.8552,2.8542,2.8542,2.8602,2.8602,2.8592,2.8592,4
2026-05-06 21:39:00,2.8537,2.8542,2.8527,2.8537,2.8587,2.8592,2.8577,2.8587,14
2026-05-06 21:40:00,2.8532,2.8542,2.8532,2.8532,2.8582,2.8592,2.8582,2.8582,5
2026-05-06 21:41:00,2.8537,2.8542,2.8537,2.8542,2.8587,2.8592,2.8587,2.8592,2
2026-05-06 21:42:00,2.8532,2.8542,2.8532,2.8532,2.8582,2.8592,2.8582,2.8582,4
2026-05-06 21:45:00,2.8527,2.8532,2.8522,2.8522,2.8577,2.8582,2.8572,2.8572,5
2026-05-06 21:46:00,2.8517,2.8527,2.8512,2.8522,2.8567,2.8577,2.8562,2.8572,7
2026-05-06 21:47:00,2.8532,2.8532,2.8512,2.8512,2.8582,2.8582,2.8562,2.8562,5
2026-05-06 21:49:00,2.8507,2.8512,2.8507,2.8512,2.8557,2.8562,2.8557,2.8562,2
2026-05-06 21:50:00,2.8507,2.8512,2.8502,2.8512,2.8557,2.8562,2.8552,2.8562,4
2026-05-06 21:51:00,2.8517,2.8517,2.8512,2.8512,2.8567,2.8567,2.8562,2.8562,2
2026-05-06 21:54:00,2.8522,2.8532,2.8512,2.8532,2.8572,2.8582,2.8562,2.8582,11
2026-05-06 21:55:00,2.8522,2.8532,2.8522,2.8532,2.8572,2.8582,2.8572,2.8582,9
2026-05-06 21:57:00,2.8522,2.8532,2.8522,2.8532,2.8572,2.8582,2.8572,2.8582,2
2026-05-06 21:58:00,2.8537,2.8542,2.8532,2.8537,2.8587,2.8592,2.8582,2.8587,7
2026-05-06 21:59:00,2.8542,2.8542,2.8532,2.8537,2.8592,2.8592,2.8582,2.8587,10
2026-05-06 22:00:00,2.8542,2.8542,2.8532,2.8542,2.8592,2.8592,2.8582,2.8592,8
2026-05-06 22:03:00,2.8547,2.8547,2.8542,2.8542,2.8597,2.8597,2.8592,2.8592,2
2026-05-06 22:04:00,2.8532,2.8542,2.8532,2.8532,2.8582,2.8592,2.8582,2.8582,3
2026-05-06 22:05:00,2.8527,2.8532,2.8522,2.8522,2.8577,2.8582,2.8572,2.8572,6
2026-05-06 22:06:00,2.8527,2.8532,2.8522,2.8532,2.8577,2.8582,2.8572,2.8582,13
2026-05-06 22:07:00,2.8542,2.8542,2.8502,2.8502,2.8592,2.8592,2.8552,2.8552,6
2026-05-06 22:08:00,2.8497,2.8512,2.8497,2.8502,2.8547,2.8562,2.8547,2.8552,9
2026-05-06 22:09:00,2.8497,2.8512,2.8492,2.8507,2.8547,2.8562,2.8542,2.8557,14
2026-05-06 22:10:00,2.8502,2.8532,2.8502,2.8502,2.8552,2.8582,2.8552,2.8552,13
2026-05-06 22:11:00,2.8507,2.8512,2.8497,2.8502,2.8557,2.8562,2.8547,2.8552,8
2026-05-06 22:12:00,2.8512,2.8532,2.8502,2.8532,2.8562,2.8582,2.8552,2.8582,13
2026-05-06 22:13:00,2.8527,2.8532,2.8522,2.8522,2.8577,2.8582,2.8572,2.8572,10
2026-05-06 22:14:00,2.8527,2.8542,2.8522,2.8527,2.8577,2.8592,2.8572,2.8577,9
2026-05-06 22:15:00,2.8522,2.8542,2.8522,2.8542,2.8572,2.8592,2.8572,2.8592,5
2026-05-06 22:16:00,2.8562,2.8567,2.8547,2.8552,2.8612,2.8617,2.8597,2.8602,8
2026-05-06 22:17:00,2.8547,2.8557,2.8547,2.8552,2.8597,2.8607,2.8597,2.8602,4
2026-05-06 22:18:00,2.8557,2.8557,2.8552,2.8552,2.8607,2.8607,2.8602,2.8602,4
2026-05-06 22:19:00,2.8547,2.8552,2.8547,2.8552,2.8597,2.8602,2.8597,2.8602,2
2026-05-06 22:20:00,2.8557,2.8557,2.8532,2.8537,2.8607,2.8607,2.8582,2.8587,6
2026-05-06 22:21:00,2.8532,2.8537,2.8532,2.8532,2.8582,2.8587,2.8582,2.8582,3
2026-05-06 22:22:00,2.8527,2.8532,2.8527,2.8532,2.8577,2.8582,2.8577,2.8582,2
2026-05-06 22:23:00,2.8527,2.8527,2.8527,2.8527,2.8577,2.8577,2.8577,2.8577,1
2026-05-06 22:24:00,2.8532,2.8537,2.8532,2.8537,2.8582,2.8587,2.8582,2.8587,2
2026-05-06 22:25:00,2.8532,2.8532,2.8517,2.8517,2.8582,2.8582,2.8567,2.8567,7
2026-05-06 22:26:00,2.8522,2.8522,2.8492,2.8507,2.8572,2.8572,2.8542,2.8557,7
2026-05-06 22:27:00,2.8512,2.8512,2.8512,2.8512,2.8562,2.8562,2.8562,2.8562,1
2026-05-06 22:28:00,2.8507,2.8512,2.8507,2.8507,2.8557,2.8562,2.8557,2.8557,9
2026-05-06 22:29:00,2.8512,2.8517,2.8507,2.8507,2.8562,2.8567,2.8557,2.8557,10
2026-05-06 22:30:00,2.8512,2.8512,2.8507,2.8507,2.8562,2.8562,2.8557,2.8557,6
2026-05-06 22:31:00,2.8502,2.8512,2.8502,2.8507,2.8552,2.8562,2.8552,2.8557,3
2026-05-06 22:32:00,2.8512,2.8522,2.8507,2.8517,2.8562,2.8572,2.8557,2.8567,7
2026-05-06 22:33:00,2.8522,2.8527,2.8517,2.8522,2.8572,2.8577,2.8567,2.8572,5
2026-05-06 22:34:00,2.8517,2.8517,2.8502,2.8502,2.8567,2.8567,2.8552,2.8552,6
2026-05-06 22:35:00,2.8507,2.8522,2.8507,2.8517,2.8557,2.8572,2.8557,2.8567,9
2026-05-06 22:36:00,2.8522,2.8522,2.8502,2.8502,2.8572,2.8572,2.8552,2.8552,5
2026-05-06 22:37:00,2.8497,2.8497,2.8492,2.8497,2.8547,2.8547,2.8542,2.8547,3
2026-05-06 22:38:00,2.8502,2.8507,2.8502,2.8507,2.8552,2.8557,2.8552,2.8557,4
2026-05-06 22:39:00,2.8502,2.8507,2.8502,2.8507,2.8552,2.8557,2.8552,2.8557,4
2026-05-06 22:41:00,2.8512,2.8512,2.8507,2.8512,2.8562,2.8562,2.8557,2.8562,3
2026-05-06 22:42:00,2.8502,2.8517,2.8502,2.8507,2.8552,2.8567,2.8552,2.8557,6
2026-05-06 22:43:00,2.8502,2.8537,2.8502,2.8537,2.8552,2.8587,2.8552,2.8587,22
2026-05-06 22:44:00,2.8542,2.8552,2.8532,2.8537,2.8592,2.8602,2.8582,2.8587,9
2026-05-06 22:45:00,2.8542,2.8547,2.8542,2.8547,2.8592,2.8597,2.8592,2.8597,6
2026-05-06 22:46:00,2.8542,2.8542,2.8542,2.8542,2.8592,2.8592,2.8592,2.8592,1
2026-05-06 22:47:00,2.8547,2.8552,2.8547,2.8552,2.8597,2.8602,2.8597,2.8602,2
2026-05-06 22:48:00,2.8557,2.8572,2.8552,2.8567,2.8607,2.8622,2.8602,2.8617,13
2026-05-06 22:49:00,2.8562,2.8567,2.8562,2.8567,2.8612,2.8617,2.8612,2.8617,6
2026-05-06 22:50:00,2.8572,2.8582,2.8572,2.8582,2.8622,2.8632,2.8622,2.8632,3
2026-05-06 22:51:00,2.8577,2.8577,2.8572,2.8572,2.8627,2.8627,2.8622,2.8622,2
2026-05-06 22:52:00,2.8562,2.8572,2.8562,2.8567,2.8612,2.8622,2.8612,2.8617,4
2026-05-06 22:53:00,2.8572,2.8582,2.8567,2.8582,2.8622,2.8632,2.8617,2.8632,4
2026-05-06 22:55:00,2.8572,2.8582,2.8572,2.8582,2.8622,2.8632,2.8622,2.8632,3
2026-05-06 22:56:00,2.8572,2.8577,2.8572,2.8572,2.8622,2.8627,2.8622,2.8622,3
2026-05-06 22:57:00,2.8577,2.8577,2.8572,2.8572,2.8627,2.8627,2.8622,2.8622,4
2026-05-06 22:58:00,2.8577,2.8577,2.8562,2.8572,2.8627,2.8627,2.8612,2.8622,4
2026-05-06 22:59:00,2.8644,2.8644,2.8644,2.8644,2.8694,2.8694,2.8694,2.8694,1
2026-05-07 00:00:00,2.8644,2.8644,2.8609,2.8609,2.8694,2.8694,2.8659,2.8659,16
2026-05-07 00:01:00,2.8604,2.8619,2.8604,2.8609,2.8654,2.8669,2.8654,2.8659,6
2026-05-07 00:02:00,2.8614,2.8614,2.8614,2.8614,2.8664,2.8664,2.8664,2.8664,1
2026-05-07 00:03:00,2.8604,2.8614,2.8604,2.8609,2.8654,2.8664,2.8654,2.8659,3
2026-05-07 00:04:00,2.8604,2.8604,2.8589,2.8594,2.8654,2.8654,2.8639,2.8644,5
2026-05-07 00:05:00,2.8604,2.8604,2.8604,2.8604,2.8654,2.8654,2.8654,2.8654,1
2026-05-07 00:06:00,2.8614,2.8614,2.8594,2.8594,2.8664,2.8664,2.8644,2.8644,3
2026-05-07 00:08:00,2.8599,2.8599,2.8599,2.8599,2.8649,2.8649,2.8649,2.8649,1
2026-05-07 00:10:00,2.8604,2.8604,2.8604,2.8604,2.8654,2.8654,2.8654,2.8654,1
2026-05-07 00:11:00,2.8614,2.8614,2.8614,2.8614,2.8664,2.8664,2.8664,2.8664,1
2026-05-07 00:12:00,2.8619,2.8624,2.8609,2.8614,2.8669,2.8674,2.8659,2.8664,5
2026-05-07 00:13:00,2.8619,2.8619,2.8619,2.8619,2.8669,2.8669,2.8669,2.8669,1
2026-05-07 00:15:00,2.8614,2.8614,2.8614,2.8614,2.8664,2.8664,2.8664,2.8664,1
2026-05-07 00:17:00,2.8604,2.8604,2.8584,2.8604,2.8654,2.8654,2.8634,2.8654,4
2026-05-07 00:18:00,2.8609,2.8624,2.8609,2.8624,2.8659,2.8674,2.8659,2.8674,2
2026-05-07 00:24:00,2.8614,2.8619,2.8614,2.8619,2.8664,2.8669,2.8664,2.8669,2
2026-05-07 00:26:00,2.8624,2.8624,2.8624,2.8624,2.8674,2.8674,2.8674,2.8674,1
2026-05-07 00:29:00,2.8634,2.8634,2.8634,2.8634,2.8684,2.8684,2.8684,2.8684,1
2026-05-07 00:30:00,2.8629,2.8629,2.8624,2.8624,2.8679,2.8679,2.8674,2.8674,2
2026-05-07 00:31:00,2.8629,2.8634,2.8629,2.8634,2.8679,2.8684,2.8679,2.8684,2
2026-05-07 00:32:00,2.8639,2.8639,2.8634,2.8634,2.8689,2.8689,2.8684,2.8684,2
2026-05-07 00:33:00,2.8639,2.8639,2.8639,2.8639,2.8689,2.8689,2.8689,2.8689,1
2026-05-07 00:34:00,2.8644,2.8644,2.8644,2.8644,2.8694,2.8694,2.8694,2.8694,1
2026-05-07 00:36:00,2.8654,2.8654,2.8644,2.8654,2.8704,2.8704,2.8694,2.8704,3
2026-05-07 00:38:00,2.8644,2.8644,2.8624,2.8624,2.8694,2.8694,2.8674,2.8674,3
2026-05-07 00:39:00,2.8629,2.8629,2.8629,2.8629,2.8679,2.8679,2.8679,2.8679,1
2026-05-07 00:41:00,2.8624,2.8629,2.8624,2.8629,2.8674,2.8679,2.8674,2.8679,2
2026-05-07 00:42:00,2.8634,2.8634,2.8634,2.8634,2.8684,2.8684,2.8684,2.8684,1
2026-05-07 00:44:00,2.8639,2.8639,2.8634,2.8634,2.8689,2.8689,2.8684,2.8684,2
2026-05-07 00:48:00,2.8639,2.8639,2.8619,2.8619,2.8689,2.8689,2.8669,2.8669,4
2026-05-07 00:49:00,2.8614,2.8614,2.8614,2.8614,2.8664,2.8664,2.8664,2.8664,1
2026-05-07 00:52:00,2.8624,2.8624,2.8614,2.8614,2.8674,2.8674,2.8664,2.8664,2
2026-05-07 00:53:00,2.8619,2.8619,2.8614,2.8614,2.8669,2.8669,2.8664,2.8664,2
2026-05-07 00:54:00,2.8619,2.8629,2.8619,2.8629,2.8669,2.8679,2.8669,2.8679,3
2026-05-07 00:55:00,2.8624,2.8634,2.8624,2.8629,2.8674,2.8684,2.8674,2.8679,4
2026-05-07 00:56:00,2.8634,2.8634,2.8624,2.8634,2.8684,2.8684,2.8674,2.8684,5
2026-05-07 00:57:00,2.8629,2.8634,2.8629,2.8629,2.8679,2.8684,2.8679,2.8679,3
2026-05-07 00:58:00,2.8634,2.8634,2.8634,2.8634,2.8684,2.8684,2.8684,2.8684,1
2026-05-07 05:38:00,2.8629,2.8634,2.8629,2.8634,2.8679,2.8684,2.8679,2.8684,2
2026-05-07 05:39:00,2.8624,2.8624,2.8624,2.8624,2.8674,2.8674,2.8674,2.8674,1
2026-05-07 05:40:00,2.8634,2.8634,2.8624,2.8624,2.8684,2.8684,2.8674,2.8674,2
2026-05-07 05:43:00,2.8634,2.8634,2.8624,2.8624,2.8684,2.8684,2.8674,2.8674,2
2026-05-07 05:44:00,2.8634,2.8634,2.8624,2.8634,2.8684,2.8684,2.8674,2.8684,4
2026-05-07 05:50:00,2.8644,2.8644,2.8634,2.8634,2.8694,2.8694,2.8684,2.8684,3
2026-05-07 05:52:00,2.8639,2.8644,2.8639,2.8644,2.8689,2.8694,2.8689,2.8694,2
2026-05-07 05:56:00,2.8634,2.8634,2.8634,2.8634,2.8684,2.8684,2.8684,2.8684,1
2026-05-07 05:57:00,2.8644,2.8644,2.8644,2.8644,2.8694,2.8694,2.8694,2.8694,1
2026-05-07 06:05:00,2.8649,2.8649,2.8639,2.8644,2.8699,2.8699,2.8689,2.8694,4
2026-05-07 06:09:00,2.8634,2.8644,2.8634,2.8644,2.8684,2.8694,2.8684,2.8694,2
2026-05-07 06:10:00,2.8634,2.8644,2.8634,2.8644,2.8684,2.8694,2.8684,2.8694,2
2026-05-07 06:13:00,2.8649,2.8649,2.8644,2.8644,2.8699,2.8699,2.8694,2.8694,2
2026-05-07 06:14:00,2.8654,2.8654,2.8644,2.8649,2.8704,2.8704,2.8694,2.8699,5
2026-05-07 06:15:00,2.8644,2.8654,2.8644,2.8644,2.8694,2.8704,2.8694,2.8694,4
2026-05-07 06:17:00,2.8649,2.8649,2.8644,2.8644,2.8699,2.8699,2.8694,2.8694,4
2026-05-07 06:20:00,2.8649,2.8649,2.8649,2.8649,2.8699,2.8699,2.8699,2.8699,1
2026-05-07 06:21:00,2.8644,2.8644,2.8644,2.8644,2.8694,2.8694,2.8694,2.8694,1
2026-05-07 06:26:00,2.8639,2.8644,2.8634,2.8644,2.8689,2.8694,2.8684,2.8694,6
2026-05-07 06:31:00,2.8654,2.8664,2.8654,2.8664,2.8704,2.8714,2.8704,2.8714,2
2026-05-07 06:32:00,2.8669,2.8674,2.8664,2.8664,2.8719,2.8724,2.8714,2.8714,5
2026-05-07 06:33:00,2.8674,2.8674,2.8664,2.8674,2.8724,2.8724,2.8714,2.8724,8
2026-05-07 06:34:00,2.8664,2.8694,2.8664,2.8684,2.8714,2.8744,2.8714,2.8734,9
2026-05-07 06:35:00,2.8679,2.8679,2.8674,2.8674,2.8729,2.8729,2.8724,2.8724,4
2026-05-07 06:36:00,2.8679,2.8679,2.8679,2.8679,2.8729,2.8729,2.8729,2.8729,1
2026-05-07 06:38:00,2.8674,2.8674,2.8664,2.8664,2.8724,2.8724,2.8714,2.8714,2
2026-05-07 06:39:00,2.8659,2.8659,2.8659,2.8659,2.8709,2.8709,2.8709,2.8709,1
2026-05-07 06:41:00,2.8664,2.8664,2.8664,2.8664,2.8714,2.8714,2.8714,2.8714,1
2026-05-07 06:42:00,2.8669,2.8669,2.8669,2.8669,2.8719,2.8719,2.8719,2.8719,1
2026-05-07 06:43:00,2.8664,2.8689,2.8664,2.8684,2.8714,2.8739,2.8714,2.8734,5
2026-05-07 06:44:00,2.8679,2.8679,2.8674,2.8674,2.8729,2.8729,2.8724,2.8724,6
2026-05-07 06:45:00,2.8679,2.8679,2.8679,2.8679,2.8729,2.8729,2.8729,2.8729,1
2026-05-07 06:47:00,2.8689,2.8689,2.8674,2.8674,2.8739,2.8739,2.8724,2.8724,3
2026-05-07 06:48:00,2.8679,2.8679,2.8674,2.8679,2.8729,2.8729,2.8724,2.8729,5
2026-05-07 06:49:00,2.8674,2.8679,2.8664,2.8679,2.8724,2.8729,2.8714,2.8729,4
2026-05-07 06:51:00,2.8674,2.8674,2.8674,2.8674,2.8724,2.8724,2.8724,2.8724,1
2026-05-07 06:54:00,2.8669,2.8669,2.8664,2.8664,2.8719,2.8719,2.8714,2.8714,2
2026-05-07 06:56:00,2.8669,2.8669,2.8664,2.8669,2.8719,2.8719,2.8714,2.8719,3
2026-05-07 06:57:00,2.8664,2.8664,2.8664,2.8664,2.8714,2.8714,2.8714,2.8714,1
2026-05-07 06:58:00,2.8669,2.8674,2.8659,2.8659,2.8719,2.8724,2.8709,2.8709,4
2026-05-07 06:59:00,2.8654,2.8659,2.8654,2.8659,2.8704,2.8709,2.8704,2.8709,4
2026-05-07 07:00:00,2.8664,2.8664,2.8654,2.8659,2.8714,2.8714,2.8704,2.8709,4
2026-05-07 07:01:00,2.8654,2.8654,2.8654,2.8654,2.8704,2.8704,2.8704,2.8704,1
2026-05-07 07:04:00,2.8644,2.8644,2.8634,2.8634,2.8694,2.8694,2.8684,2.8684,2
2026-05-07 07:05:00,2.8639,2.8654,2.8639,2.8644,2.8689,2.8704,2.8689,2.8694,6
2026-05-07 07:06:00,2.8649,2.8664,2.8649,2.8664,2.8699,2.8714,2.8699,2.8714,5
2026-05-07 07:07:00,2.8659,2.8659,2.8639,2.8644,2.8709,2.8709,2.8689,2.8694,4
2026-05-07 07:08:00,2.8654,2.8654,2.8644,2.8644,2.8704,2.8704,2.8694,2.8694,2
2026-05-07 07:09:00,2.8649,2.8654,2.8634,2.8634,2.8699,2.8704,2.8684,2.8684,12
2026-05-07 07:10:00,2.8639,2.8654,2.8634,2.8649,2.8689,2.8704,2.8684,2.8699,18
2026-05-07 07:11:00,2.8654,2.8654,2.8644,2.8644,2.8704,2.8704,2.8694,2.8694,4
2026-05-07 07:12:00,2.8654,2.8654,2.8644,2.8649,2.8704,2.8704,2.8694,2.8699,10
2026-05-07 07:13:00,2.8654,2.8654,2.8634,2.8639,2.8704,2.8704,2.8684,2.8689,5
2026-05-07 07:14:00,2.8634,2.8644,2.8634,2.8639,2.8684,2.8694,2.8684,2.8689,3
2026-05-07 07:15:00,2.8644,2.8644,2.8639,2.8644,2.8694,2.8694,2.8689,2.8694,3
2026-05-07 07:22:00,2.8639,2.8644,2.8634,2.8639,2.8689,2.8694,2.8684,2.8689,5
2026-05-07 07:23:00,2.8644,2.8644,2.8639,2.8644,2.8694,2.8694,2.8689,2.8694,3
2026-05-07 07:31:00,2.8654,2.8654,2.8644,2.8644,2.8704,2.8704,2.8694,2.8694,2
2026-05-07 07:32:00,2.8649,2.8654,2.8649,2.8654,2.8699,2.8704,2.8699,2.8704,4
2026-05-07 07:36:00,2.8644,2.8654,2.8644,2.8649,2.8694,2.8704,2.8694,2.8699,3
2026-05-07 07:37:00,2.8644,2.8659,2.8644,2.8659,2.8694,2.8709,2.8694,2.8709,4
2026-05-07 07:38:00,2.8654,2.8654,2.8654,2.8654,2.8704,2.8704,2.8704,2.8704,1
2026-05-07 07:39:00,2.8659,2.8664,2.8659,2.8664,2.8709,2.8714,2.8709,2.8714,2
2026-05-07 07:46:00,2.8674,2.8674,2.8674,2.8674,2.8724,2.8724,2.8724,2.8724,1
2026-05-07 07:49:00,2.8669,2.8669,2.8654,2.8654,2.8719,2.8719,2.8704,2.8704,5
2026-05-07 07:50:00,2.8649,2.8649,2.8634,2.8639,2.8699,2.8699,2.8684,2.8689,3
2026-05-07 07:51:00,2.8644,2.8644,2.8639,2.8639,2.8694,2.8694,2.8689,2.8689,2
2026-05-07 07:52:00,2.8644,2.8644,2.8639,2.8639,2.8694,2.8694,2.8689,2.8689,2
2026-05-07 07:53:00,2.8644,2.8644,2.8639,2.8639,2.8694,2.8694,2.8689,2.8689,2
2026-05-07 07:54:00,2.8644,2.8644,2.8644,2.8644,2.8694,2.8694,2.8694,2.8694,1
2026-05-07 07:55:00,2.8639,2.8644,2.8639,2.8644,2.8689,2.8694,2.8689,2.8694,4
2026-05-07 07:56:00,2.8639,2.8639,2.8634,2.8634,2.8689,2.8689,2.8684,2.8684,2
2026-05-07 07:57:00,2.8624,2.8624,2.8609,2.8614,2.8674,2.8674,2.8659,2.8664,4
2026-05-07 07:58:00,2.8609,2.8614,2.8604,2.8609,2.8659,2.8664,2.8654,2.8659,5
2026-05-07 08:00:00,2.8614,2.8624,2.8604,2.8609,2.8664,2.8674,2.8654,2.8659,15
2026-05-07 08:01:00,2.8614,2.8614,2.8614,2.8614,2.8664,2.8664,2.8664,2.8664,1
2026-05-07 08:02:00,2.8604,2.8614,2.8604,2.8614,2.8654,2.8664,2.8654,2.8664,2
2026-05-07 08:03:00,2.8609,2.8609,2.8599,2.8604,2.8659,2.8659,2.8649,2.8654,6
2026-05-07 08:04:00,2.8599,2.8604,2.8599,2.8604,2.8649,2.8654,2.8649,2.8654,8
2026-05-07 08:05:00,2.8599,2.8609,2.8599,2.8604,2.8649,2.8659,2.8649,2.8654,8
2026-05-07 08:06:00,2.8599,2.8604,2.8574,2.8574,2.8649,2.8654,2.8624,2.8624,12
2026-05-07 08:07:00,2.8579,2.8584,2.8574,2.8584,2.8629,2.8634,2.8624,2.8634,8
2026-05-07 08:08:00,2.8574,2.8574,2.8554,2.8564,2.8624,2.8624,2.8604,2.8614,8
2026-05-07 08:09:00,2.8559,2.8574,2.8554,2.8564,2.8609,2.8624,2.8604,2.8614,8
2026-05-07 08:10:00,2.8574,2.8574,2.8554,2.8554,2.8624,2.8624,2.8604,2.8604,6
2026-05-07 08:12:00,2.8559,2.8569,2.8559,2.8564,2.8609,2.8619,2.8609,2.8614,4
2026-05-07 08:13:00,2.8569,2.8574,2.8564,2.8564,2.8619,2.8624,2.8614,2.8614,6
2026-05-07 08:14:00,2.8574,2.8599,2.8574,2.8594,2.8624,2.8649,2.8624,2.8644,11
2026-05-07 08:15:00,2.8599,2.8604,2.8594,2.8599,2.8649,2.8654,2.8644,2.8649,5
2026-05-07 08:16:00,2.8604,2.8604,2.8599,2.8604,2.8654,2.8654,2.8649,2.8654,3
2026-05-07 08:17:00,2.8614,2.8624,2.8614,2.8614,2.8664,2.8674,2.8664,2.8664,7
2026-05-07 08:18:00,2.8609,2.8609,2.8589,2.8594,2.8659,2.8659,2.8639,2.8644,7
2026-05-07 08:19:00,2.8589,2.8594,2.8584,2.8584,2.8639,2.8644,2.8634,2.8634,3
2026-05-07 08:20:00,2.8594,2.8594,2.8554,2.8554,2.8644,2.8644,2.8604,2.8604,9
2026-05-07 08:21:00,2.8559,2.8564,2.8554,2.8564,2.8609,2.8614,2.8604,2.8614,6
2026-05-07 08:22:00,2.8574,2.8589,2.8574,2.8579,2.8624,2.8639,2.8624,2.8629,6
2026-05-07 08:23:00,2.8574,2.8584,2.8574,2.8584,2.8624,2.8634,2.8624,2.8634,3
2026-05-07 08:24:00,2.8589,2.8589,2.8574,2.8579,2.8639,2.8639,2.8624,2.8629,5
2026-05-07 08:26:00,2.8574,2.8584,2.8564,2.8579,2.8624,2.8634,2.8614,2.8629,6
2026-05-07 08:27:00,2.8574,2.8579,2.8574,2.8574,2.8624,2.8629,2.8624,2.8624,3
2026-05-07 08:28:00,2.8569,2.8574,2.8569,2.8569,2.8619,2.8624,2.8619,2.8619,3
2026-05-07 08:29:00,2.8579,2.8579,2.8579,2.8579,2.8629,2.8629,2.8629,2.8629,1
2026-05-07 08:30:00,2.8574,2.8584,2.8574,2.8574,2.8624,2.8634,2.8624,2.8624,7
2026-05-07 08:31:00,2.8569,2.8574,2.8569,2.8569,2.8619,2.8624,2.8619,2.8619,3
2026-05-07 08:32:00,2.8574,2.8574,2.8564,2.8569,2.8624,2.8624,2.8614,2.8619,4
2026-05-07 08:33:00,2.8564,2.8574,2.8564,2.8569,2.8614,2.8624,2.8614,2.8619,3
2026-05-07 08:34:00,2.8574,2.8574,2.8554,2.8554,2.8624,2.8624,2.8604,2.8604,5
2026-05-07 08:35:00,2.8544,2.8549,2.8519,2.8524,2.8594,2.8599,2.8569,2.8574,13
2026-05-07 08:36:00,2.8534,2.8534,2.8529,2.8534,2.8584,2.8584,2.8579,2.8584,3
2026-05-07 08:37:00,2.8544,2.8544,2.8534,2.8539,2.8594,2.8594,2.8584,2.8589,3
2026-05-07 08:38:00,2.8534,2.8539,2.8534,2.8534,2.8584,2.8589,2.8584,2.8584,3
2026-05-07 08:39:00,2.8524,2.8544,2.8524,2.8544,2.8574,2.8594,2.8574,2.8594,4
2026-05-07 08:40:00,2.8534,2.8544,2.8529,2.8539,2.8584,2.8594,2.8579,2.8589,6
2026-05-07 08:41:00,2.8544,2.8544,2.8534,2.8534,2.8594,2.8594,2.8584,2.8584,8
2026-05-07 08:42:00,2.8529,2.8534,2.8519,2.8524,2.8579,2.8584,2.8569,2.8574,8
2026-05-07 08:43:00,2.8519,2.8529,2.8489,2.8504,2.8569,2.8579,2.8539,2.8554,24
2026-05-07 08:44:00,2.8509,2.8509,2.8469,2.8469,2.8559,2.8559,2.8519,2.8519,16
2026-05-07 08:45:00,2.8464,2.8524,2.8444,2.8514,2.8514,2.8574,2.8494,2.8564,28
2026-05-07 08:46:00,2.8504,2.8514,2.8499,2.8504,2.8554,2.8564,2.8549,2.8554,9
2026-05-07 08:47:00,2.8499,2.8509,2.8479,2.8504,2.8549,2.8559,2.8529,2.8554,10
2026-05-07 08:48:00,2.8509,2.8524,2.8509,2.8519,2.8559,2.8574,2.8559,2.8569,12
2026-05-07 08:49:00,2.8514,2.8529,2.8514,2.8524,2.8564,2.8579,2.8564,2.8574,12
2026-05-07 08:50:00,2.8519,2.8524,2.8514,2.8524,2.8569,2.8574,2.8564,2.8574,10
2026-05-07 08:51:00,2.8514,2.8524,2.8514,2.8514,2.8564,2.8574,2.8564,2.8564,5
2026-05-07 08:52:00,2.8524,2.8524,2.8524,2.8524,2.8574,2.8574,2.8574,2.8574,1
2026-05-07 08:53:00,2.8529,2.8529,2.8524,2.8524,2.8579,2.8579,2.8574,2.8574,4
2026-05-07 08:54:00,2.8519,2.8524,2.8514,2.8514,2.8569,2.8574,2.8564,2.8564,8
2026-05-07 08:55:00,2.8524,2.8524,2.8514,2.8514,2.8574,2.8574,2.8564,2.8564,7
2026-05-07 08:56:00,2.8519,2.8519,2.8519,2.8519,2.8569,2.8569,2.8569,2.8569,1
2026-05-07 08:57:00,2.8514,2.8519,2.8514,2.8514,2.8564,2.8569,2.8564,2.8564,3
2026-05-07 08:58:00,2.8519,2.8524,2.8514,2.8524,2.8569,2.8574,2.8564,2.8574,4
2026-05-07 08:59:00,2.8519,2.8519,2.8494,2.8494,2.8569,2.8569,2.8544,2.8544,10
2026-05-07 09:00:00,2.8499,2.8499,2.8444,2.8454,2.8549,2.8549,2.8494,2.8504,23
2026-05-07 09:01:00,2.8449,2.8464,2.8444,2.8444,2.8499,2.8514,2.8494,2.8494,11
2026-05-07 09:02:00,2.8454,2.8454,2.8419,2.8424,2.8504,2.8504,2.8469,2.8474,11
2026-05-07 09:03:00,2.8429,2.8464,2.8429,2.8454,2.8479,2.8514,2.8479,2.8504,18
2026-05-07 09:04:00,2.8449,2.8474,2.8449,2.8459,2.8499,2.8524,2.8499,2.8509,11
2026-05-07 09:05:00,2.8454,2.8464,2.8454,2.8464,2.8504,2.8514,2.8504,2.8514,4
2026-05-07 09:06:00,2.8469,2.8484,2.8439,2.8439,2.8519,2.8534,2.8489,2.8489,22
2026-05-07 09:07:00,2.8444,2.8464,2.8354,2.8364,2.8494,2.8514,2.8404,2.8414,41
2026-05-07 09:08:00,2.8354,2.8399,2.8354,2.8394,2.8404,2.8449,2.8404,2.8444,42
2026-05-07 09:09:00,2.8399,2.8404,2.8384,2.8384,2.8449,2.8454,2.8434,2.8434,18
2026-05-07 09:10:00,2.8389,2.8404,2.8384,2.8394,2.8439,2.8454,2.8434,2.8444,19
2026-05-07 09:11:00,2.8384,2.8404,2.8354,2.8364,2.8434,2.8454,2.8404,2.8414,26
2026-05-07 09:12:00,2.8359,2.8389,2.8354,2.8384,2.8409,2.8439,2.8404,2.8434,13
2026-05-07 09:13:00,2.8374,2.8394,2.8374,2.8394,2.8424,2.8444,2.8424,2.8444,18
2026-05-07 09:14:00,2.8389,2.8394,2.8374,2.8384,2.8439,2.8444,2.8424,2.8434,28
2026-05-07 09:15:00,2.8379,2.8424,2.8374,2.8414,2.8429,2.8474,2.8424,2.8464,38
2026-05-07 09:16:00,2.8424,2.8434,2.8404,2.8409,2.8474,2.8484,2.8454,2.8459,25
2026-05-07 09:17:00,2.8414,2.8414,2.8389,2.8404,2.8464,2.8464,2.8439,2.8454,31
2026-05-07 09:18:00,2.8399,2.8414,2.8394,2.8414,2.8449,2.8464,2.8444,2.8464,5
2026-05-07 09:19:00,2.8409,2.8424,2.8399,2.8414,2.8459,2.8474,2.8449,2.8464,26
2026-05-07 09:20:00,2.8404,2.8429,2.8404,2.8424,2.8454,2.8479,2.8454,2.8474,10
2026-05-07 09:21:00,2.8429,2.8439,2.8414,2.8414,2.8479,2.8489,2.8464,2.8464,12
2026-05-07 09:22:00,2.8419,2.8424,2.8409,2.8414,2.8469,2.8474,2.8459,2.8464,12
2026-05-07 09:23:00,2.8409,2.8424,2.8409,2.8419,2.8459,2.8474,2.8459,2.8469,16
2026-05-07 09:24:00,2.8424,2.8434,2.8404,2.8414,2.8474,2.8484,2.8454,2.8464,20
2026-05-07 09:25:00,2.8404,2.8419,2.8404,2.8409,2.8454,2.8469,2.8454,2.8459,16
2026-05-07 09:26:00,2.8404,2.8414,2.8384,2.8399,2.8454,2.8464,2.8434,2.8449,17
2026-05-07 09:27:00,2.8394,2.8404,2.8394,2.8404,2.8444,2.8454,2.8444,2.8454,9
2026-05-07 09:28:00,2.8409,2.8414,2.8404,2.8414,2.8459,2.8464,2.8454,2.8464,8
2026-05-07 09:29:00,2.8419,2.8424,2.8409,2.8414,2.8469,2.8474,2.8459,2.8464,6
2026-05-07 09:30:00,2.8424,2.8424,2.8394,2.8409,2.8474,2.8474,2.8444,2.8459,30
2026-05-07 09:31:00,2.8419,2.8439,2.8419,2.8439,2.8469,2.8489,2.8469,2.8489,6
2026-05-07 09:32:00,2.8434,2.8434,2.8424,2.8434,2.8484,2.8484,2.8474,2.8484,7
2026-05-07 09:33:00,2.8429,2.8444,2.8429,2.8439,2.8479,2.8494,2.8479,2.8489,6
2026-05-07 09:34:00,2.8444,2.8444,2.8444,2.8444,2.8494,2.8494,2.8494,2.8494,1
2026-05-07 09:35:00,2.8454,2.8454,2.8444,2.8444,2.8504,2.8504,2.8494,2.8494,8
2026-05-07 09:36:00,2.8439,2.8454,2.8434,2.8454,2.8489,2.8504,2.8484,2.8504,12
2026-05-07 09:37:00,2.8449,2.8454,2.8424,2.8434,2.8499,2.8504,2.8474,2.8484,14
2026-05-07 09:38:00,2.8439,2.8474,2.8439,2.8464,2.8489,2.8524,2.8489,2.8514,10
2026-05-07 09:39:00,2.8459,2.8464,2.8459,2.8464,2.8509,2.8514,2.8509,2.8514,6
2026-05-07 09:41:00,2.8469,2.8484,2.8469,2.8484,2.8519,2.8534,2.8519,2.8534,5
2026-05-07 09:42:00,2.8479,2.8484,2.8469,2.8469,2.8529,2.8534,2.8519,2.8519,7
2026-05-07 09:43:00,2.8474,2.8494,2.8474,2.8484,2.8524,2.8544,2.8524,2.8534,6
2026-05-07 09:44:00,2.8474,2.8514,2.8474,2.8504,2.8524,2.8564,2.8524,2.8554,13
2026-05-07 09:45:00,2.8509,2.8534,2.8504,2.8529,2.8559,2.8584,2.8554,2.8579,30
2026-05-07 09:46:00,2.8524,2.8534,2.8514,2.8529,2.8574,2.8584,2.8564,2.8579,15
2026-05-07 09:47:00,2.8524,2.8534,2.8509,2.8524,2.8574,2.8584,2.8559,2.8574,13
2026-05-07 09:48:00,2.8514,2.8514,2.8509,2.8514,2.8564,2.8564,2.8559,2.8564,3
2026-05-07 09:49:00,2.8504,2.8524,2.8504,2.8514,2.8554,2.8574,2.8554,2.8564,14
2026-05-07 09:50:00,2.8509,2.8514,2.8504,2.8514,2.8559,2.8564,2.8554,2.8564,4
2026-05-07 09:51:00,2.8524,2.8524,2.8514,2.8514,2.8574,2.8574,2.8564,2.8564,2
2026-05-07 09:52:00,2.8504,2.8524,2.8504,2.8524,2.8554,2.8574,2.8554,2.8574,7
2026-05-07 09:53:00,2.8529,2.8544,2.8529,2.8534,2.8579,2.8594,2.8579,2.8584,4
2026-05-07 09:54:00,2.8544,2.8544,2.8539,2.8539,2.8594,2.8594,2.8589,2.8589,2
2026-05-07 09:55:00,2.8534,2.8534,2.8504,2.8504,2.8584,2.8584,2.8554,2.8554,8
2026-05-07 09:57:00,2.8514,2.8514,2.8514,2.8514,2.8564,2.8564,2.8564,2.8564,1
2026-05-07 09:58:00,2.8504,2.8509,2.8494,2.8494,2.8554,2.8559,2.8544,2.8544,5
2026-05-07 09:59:00,2.8504,2.8504,2.8484,2.8484,2.8554,2.8554,2.8534,2.8534,7
2026-05-07 10:00:00,2.8474,2.8494,2.8464,2.8484,2.8524,2.8544,2.8514,2.8534,15
2026-05-07 10:01:00,2.8489,2.8494,2.8479,2.8494,2.8539,2.8544,2.8529,2.8544,12
2026-05-07 10:02:00,2.8504,2.8504,2.8479,2.8484,2.8554,2.8554,2.8529,2.8534,14
2026-05-07 10:03:00,2.8494,2.8494,2.8494,2.8494,2.8544,2.8544,2.8544,2.8544,1
2026-05-07 10:04:00,2.8489,2.8494,2.8474,2.8474,2.8539,2.8544,2.8524,2.8524,10
2026-05-07 10:05:00,2.8484,2.8494,2.8484,2.8484,2.8534,2.8544,2.8534,2.8534,5
2026-05-07 10:06:00,2.8479,2.8484,2.8474,2.8484,2.8529,2.8534,2.8524,2.8534,3
2026-05-07 10:07:00,2.8489,2.8489,2.8484,2.8484,2.8539,2.8539,2.8534,2.8534,4
2026-05-07 10:08:00,2.8494,2.8499,2.8484,2.8499,2.8544,2.8549,2.8534,2.8549,9
2026-05-07 10:09:00,2.8494,2.8504,2.8489,2.8494,2.8544,2.8554,2.8539,2.8544,10
2026-05-07 10:10:00,2.8484,2.8514,2.8484,2.8514,2.8534,2.8564,2.8534,2.8564,10
2026-05-07 10:11:00,2.8509,2.8544,2.8504,2.8544,2.8559,2.8594,2.8554,2.8594,16
2026-05-07 10:12:00,2.8534,2.8544,2.8524,2.8534,2.8584,2.8594,2.8574,2.8584,13
2026-05-07 10:13:00,2.8539,2.8539,2.8524,2.8534,2.8589,2.8589,2.8574,2.8584,8
2026-05-07 10:14:00,2.8544,2.8544,2.8534,2.8534,2.8594,2.8594,2.8584,2.8584,2
2026-05-07 10:15:00,2.8539,2.8554,2.8534,2.8544,2.8589,2.8604,2.8584,2.8594,14
2026-05-07 10:16:00,2.8534,2.8554,2.8534,2.8554,2.8584,2.8604,2.8584,2.8604,6
2026-05-07 10:17:00,2.8549,2.8554,2.8534,2.8554,2.8599,2.8604,2.8584,2.8604,11
2026-05-07 10:18:00,2.8549,2.8559,2.8544,2.8554,2.8599,2.8609,2.8594,2.8604,17
2026-05-07 10:19:00,2.8559,2.8564,2.8549,2.8549,2.8609,2.8614,2.8599,2.8599,10
2026-05-07 10:20:00,2.8554,2.8554,2.8539,2.8544,2.8604,2.8604,2.8589,2.8594,12
2026-05-07 10:21:00,2.8539,2.8554,2.8539,2.8554,2.8589,2.8604,2.8589,2.8604,3
2026-05-07 10:22:00,2.8544,2.8554,2.8544,2.8544,2.8594,2.8604,2.8594,2.8594,11
2026-05-07 10:23:00,2.8549,2.8564,2.8549,2.8559,2.8599,2.8614,2.8599,2.8609,7
2026-05-07 10:24:00,2.8554,2.8554,2.8544,2.8554,2.8604,2.8604,2.8594,2.8604,4
2026-05-07 10:25:00,2.8564,2.8609,2.8564,2.8604,2.8614,2.8659,2.8614,2.8654,31
2026-05-07 10:26:00,2.8599,2.8604,2.8579,2.8584,2.8649,2.8654,2.8629,2.8634,18
2026-05-07 10:27:00,2.8574,2.8584,2.8569,2.8584,2.8624,2.8634,2.8619,2.8634,9
2026-05-07 10:28:00,2.8574,2.8584,2.8569,2.8579,2.8624,2.8634,2.8619,2.8629,11
2026-05-07 10:29:00,2.8569,2.8594,2.8569,2.8584,2.8619,2.8644,2.8619,2.8634,18
2026-05-07 10:30:00,2.8594,2.8604,2.8579,2.8584,2.8644,2.8654,2.8629,2.8634,15
2026-05-07 10:31:00,2.8574,2.8574,2.8544,2.8549,2.8624,2.8624,2.8594,2.8599,16
2026-05-07 10:32:00,2.8554,2.8579,2.8554,2.8574,2.8604,2.8629,2.8604,2.8624,8
2026-05-07 10:33:00,2.8564,2.8574,2.8564,2.8574,2.8614,2.8624,2.8614,2.8624,6
2026-05-07 10:34:00,2.8564,2.8574,2.8559,2.8564,2.8614,2.8624,2.8609,2.8614,6
2026-05-07 10:35:00,2.8574,2.8574,2.8544,2.8544,2.8624,2.8624,2.8594,2.8594,9
2026-05-07 10:36:00,2.8549,2.8574,2.8544,2.8564,2.8599,2.8624,2.8594,2.8614,10
2026-05-07 10:38:00,2.8569,2.8574,2.8564,2.8569,2.8619,2.8624,2.8614,2.8619,7
2026-05-07 10:39:00,2.8564,2.8564,2.8564,2.8564,2.8614,2.8614,2.8614,2.8614,1
2026-05-07 10:41:00,2.8574,2.8584,2.8574,2.8584,2.8624,2.8634,2.8624,2.8634,3
2026-05-07 10:42:00,2.8589,2.8589,2.8584,2.8584,2.8639,2.8639,2.8634,2.8634,16
2026-05-07 10:43:00,2.8589,2.8594,2.8584,2.8594,2.8639,2.8644,2.8634,2.8644,6
2026-05-07 10:44:00,2.8584,2.8584,2.8584,2.8584,2.8634,2.8634,2.8634,2.8634,1
2026-05-07 10:45:00,2.8579,2.8584,2.8564,2.8569,2.8629,2.8634,2.8614,2.8619,9
2026-05-07 10:46:00,2.8574,2.8574,2.8564,2.8564,2.8624,2.8624,2.8614,2.8614,2
2026-05-07 10:47:00,2.8569,2.8569,2.8564,2.8564,2.8619,2.8619,2.8614,2.8614,2
2026-05-07 10:48:00,2.8554,2.8564,2.8554,2.8554,2.8604,2.8614,2.8604,2.8604,7
2026-05-07 10:49:00,2.8564,2.8564,2.8554,2.8564,2.8614,2.8614,2.8604,2.8614,4
2026-05-07 10:52:00,2.8569,2.8594,2.8569,2.8584,2.8619,2.8644,2.8619,2.8634,11
2026-05-07 10:53:00,2.8574,2.8584,2.8574,2.8584,2.8624,2.8634,2.8624,2.8634,10
2026-05-07 10:54:00,2.8574,2.8584,2.8574,2.8574,2.8624,2.8634,2.8624,2.8624,11
2026-05-07 10:55:00,2.8579,2.8584,2.8579,2.8584,2.8629,2.8634,2.8629,2.8634,2
2026-05-07 10:57:00,2.8589,2.8599,2.8589,2.8599,2.8639,2.8649,2.8639,2.8649,3
2026-05-07 10:58:00,2.8604,2.8614,2.8594,2.8604,2.8654,2.8664,2.8644,2.8654,16
2026-05-07 10:59:00,2.8594,2.8604,2.8584,2.8594,2.8644,2.8654,2.8634,2.8644,10
2026-05-07 11:00:00,2.8589,2.8594,2.8574,2.8594,2.8639,2.8644,2.8624,2.8644,9
2026-05-07 11:01:00,2.8599,2.8614,2.8594,2.8614,2.8649,2.8664,2.8644,2.8664,11
2026-05-07 11:02:00,2.8609,2.8609,2.8594,2.8604,2.8659,2.8659,2.8644,2.8654,7
2026-05-07 11:03:00,2.8609,2.8614,2.8604,2.8614,2.8659,2.8664,2.8654,2.8664,7
2026-05-07 11:05:00,2.8619,2.8654,2.8619,2.8644,2.8669,2.8704,2.8669,2.8694,8
2026-05-07 11:06:00,2.8639,2.8654,2.8634,2.8644,2.8689,2.8704,2.8684,2.8694,12
2026-05-07 11:07:00,2.8639,2.8639,2.8619,2.8624,2.8689,2.8689,2.8669,2.8674,10
2026-05-07 11:08:00,2.8619,2.8634,2.8619,2.8624,2.8669,2.8684,2.8669,2.8674,4
2026-05-07 11:09:00,2.8614,2.8634,2.8614,2.8634,2.8664,2.8684,2.8664,2.8684,5
2026-05-07 11:10:00,2.8624,2.8634,2.8619,2.8619,2.8674,2.8684,2.8669,2.8669,6
2026-05-07 11:11:00,2.8614,2.8614,2.8604,2.8614,2.8664,2.8664,2.8654,2.8664,4
2026-05-07 11:12:00,2.8609,2.8614,2.8604,2.8614,2.8659,2.8664,2.8654,2.8664,5
2026-05-07 11:13:00,2.8609,2.8609,2.8594,2.8604,2.8659,2.8659,2.8644,2.8654,5
2026-05-07 11:14:00,2.8614,2.8629,2.8614,2.8624,2.8664,2.8679,2.8664,2.8674,4
2026-05-07 11:15:00,2.8619,2.8624,2.8594,2.8604,2.8669,2.8674,2.8644,2.8654,14
2026-05-07 11:16:00,2.8609,2.8609,2.8594,2.8599,2.8659,2.8659,2.8644,2.8649,8
2026-05-07 11:17:00,2.8594,2.8604,2.8594,2.8594,2.8644,2.8654,2.8644,2.8644,5
2026-05-07 11:18:00,2.8599,2.8604,2.8594,2.8594,2.8649,2.8654,2.8644,2.8644,5
2026-05-07 11:19:00,2.8589,2.8589,2.8574,2.8584,2.8639,2.8639,2.8624,2.8634,4
2026-05-07 11:20:00,2.8579,2.8594,2.8579,2.8584,2.8629,2.8644,2.8629,2.8634,7
2026-05-07 11:21:00,2.8589,2.8589,2.8574,2.8579,2.8639,2.8639,2.8624,2.8629,13
2026-05-07 11:22:00,2.8584,2.8584,2.8564,2.8569,2.8634,2.8634,2.8614,2.8619,14
2026-05-07 11:23:00,2.8564,2.8574,2.8564,2.8564,2.8614,2.8624,2.8614,2.8614,9
2026-05-07 11:24:00,2.8569,2.8574,2.8569,2.8574,2.8619,2.8624,2.8619,2.8624,2
2026-05-07 11:25:00,2.8564,2.8564,2.8564,2.8564,2.8614,2.8614,2.8614,2.8614,1
2026-05-07 11:26:00,2.8569,2.8574,2.8569,2.8574,2.8619,2.8624,2.8619,2.8624,2
2026-05-07 11:27:00,2.8579,2.8584,2.8574,2.8579,2.8629,2.8634,2.8624,2.8629,10
2026-05-07 11:28:00,2.8574,2.8584,2.8574,2.8584,2.8624,2.8634,2.8624,2.8634,7
2026-05-07 11:29:00,2.8579,2.8579,2.8574,2.8574,2.8629,2.8629,2.8624,2.8624,2
2026-05-07 11:30:00,2.8579,2.8584,2.8574,2.8584,2.8629,2.8634,2.8624,2.8634,7
2026-05-07 11:31:00,2.8579,2.8579,2.8564,2.8574,2.8629,2.8629,2.8614,2.8624,8
2026-05-07 11:33:00,2.8569,2.8584,2.8564,2.8579,2.8619,2.8634,2.8614,2.8629,14
2026-05-07 11:34:00,2.8574,2.8574,2.8569,2.8569,2.8624,2.8624,2.8619,2.8619,6
2026-05-07 11:35:00,2.8574,2.8584,2.8569,2.8584,2.8624,2.8634,2.8619,2.8634,5
2026-05-07 11:36:00,2.8579,2.8584,2.8579,2.8584,2.8629,2.8634,2.8629,2.8634,2
2026-05-07 11:37:00,2.8574,2.8579,2.8569,2.8574,2.8624,2.8629,2.8619,2.8624,5
2026-05-07 11:38:00,2.8584,2.8584,2.8574,2.8574,2.8634,2.8634,2.8624,2.8624,3
2026-05-07 11:39:00,2.8579,2.8589,2.8574,2.8584,2.8629,2.8639,2.8624,2.8634,12
2026-05-07 11:40:00,2.8589,2.8594,2.8584,2.8594,2.8639,2.8644,2.8634,2.8644,8
2026-05-07 11:41:00,2.8604,2.8604,2.8594,2.8594,2.8654,2.8654,2.8644,2.8644,11
2026-05-07 11:42:00,2.8604,2.8604,2.8594,2.8594,2.8654,2.8654,2.8644,2.8644,4
2026-05-07 11:43:00,2.8599,2.8599,2.8584,2.8594,2.8649,2.8649,2.8634,2.8644,5
2026-05-07 11:44:00,2.8589,2.8614,2.8579,2.8614,2.8639,2.8664,2.8629,2.8664,15
2026-05-07 11:45:00,2.8609,2.8614,2.8604,2.8614,2.8659,2.8664,2.8654,2.8664,8
2026-05-07 11:46:00,2.8609,2.8609,2.8594,2.8594,2.8659,2.8659,2.8644,2.8644,6
2026-05-07 11:47:00,2.8589,2.8594,2.8574,2.8574,2.8639,2.8644,2.8624,2.8624,11
2026-05-07 11:48:00,2.8579,2.8579,2.8554,2.8574,2.8629,2.8629,2.8604,2.8624,19
2026-05-07 11:50:00,2.8569,2.8594,2.8564,2.8594,2.8619,2.8644,2.8614,2.8644,12
2026-05-07 11:51:00,2.8599,2.8614,2.8599,2.8614,2.8649,2.8664,2.8649,2.8664,3
2026-05-07 11:52:00,2.8619,2.8664,2.8619,2.8654,2.8669,2.8714,2.8669,2.8704,10
2026-05-07 11:53:00,2.8649,2.8654,2.8629,2.8634,2.8699,2.8704,2.8679,2.8684,9
2026-05-07 11:54:00,2.8644,2.8644,2.8634,2.8644,2.8694,2.8694,2.8684,2.8694,16
2026-05-07 11:55:00,2.8649,2.8664,2.8644,2.8664,2.8699,2.8714,2.8694,2.8714,12
2026-05-07 11:56:00,2.8659,2.8674,2.8654,2.8674,2.8709,2.8724,2.8704,2.8724,16
2026-05-07 11:57:00,2.8664,2.8674,2.8659,2.8674,2.8714,2.8724,2.8709,2.8724,21
2026-05-07 11:58:00,2.8664,2.8674,2.8664,2.8674,2.8714,2.8724,2.8714,2.8724,7
2026-05-07 11:59:00,2.8669,2.8674,2.8664,2.8674,2.8719,2.8724,2.8714,2.8724,13
2026-05-07 12:00:00,2.8664,2.8689,2.8664,2.8664,2.8714,2.8739,2.8714,2.8714,9
2026-05-07 12:01:00,2.8669,2.8674,2.8649,2.8654,2.8719,2.8724,2.8699,2.8704,18
2026-05-07 12:02:00,2.8659,2.8664,2.8644,2.8659,2.8709,2.8714,2.8694,2.8709,17
2026-05-07 12:03:00,2.8654,2.8659,2.8644,2.8659,2.8704,2.8709,2.8694,2.8709,10
2026-05-07 12:04:00,2.8664,2.8664,2.8654,2.8659,2.8714,2.8714,2.8704,2.8709,11
2026-05-07 12:05:00,2.8664,2.8664,2.8654,2.8654,2.8714,2.8714,2.8704,2.8704,16
2026-05-07 12:06:00,2.8664,2.8669,2.8664,2.8669,2.8714,2.8719,2.8714,2.8719,4
2026-05-07 12:07:00,2.8664,2.8669,2.8664,2.8669,2.8714,2.8719,2.8714,2.8719,6
2026-05-07 12:08:00,2.8674,2.8674,2.8654,2.8654,2.8724,2.8724,2.8704,2.8704,3
2026-05-07 12:10:00,2.8644,2.8669,2.8644,2.8664,2.8694,2.8719,2.8694,2.8714,13
2026-05-07 12:11:00,2.8674,2.8674,2.8674,2.8674,2.8724,2.8724,2.8724,2.8724,1
2026-05-07 12:12:00,2.8664,2.8674,2.8664,2.8674,2.8714,2.8724,2.8714,2.8724,2
2026-05-07 12:13:00,2.8679,2.8724,2.8679,2.8714,2.8729,2.8774,2.8729,2.8764,22
2026-05-07 12:14:00,2.8709,2.8714,2.8704,2.8704,2.8759,2.8764,2.8754,2.8754,4
2026-05-07 12:15:00,2.8709,2.8724,2.8699,2.8704,2.8759,2.8774,2.8749,2.8754,14
2026-05-07 12:17:00,2.8699,2.8704,2.8694,2.8704,2.8749,2.8754,2.8744,2.8754,5
2026-05-07 12:18:00,2.8699,2.8704,2.8699,2.8704,2.8749,2.8754,2.8749,2.8754,4
2026-05-07 12:19:00,2.8714,2.8724,2.8704,2.8714,2.8764,2.8774,2.8754,2.8764,10
2026-05-07 12:20:00,2.8709,2.8714,2.8704,2.8714,2.8759,2.8764,2.8754,2.8764,5
2026-05-07 12:21:00,2.8709,2.8709,2.8694,2.8694,2.8759,2.8759,2.8744,2.8744,3
2026-05-07 12:22:00,2.8704,2.8704,2.8689,2.8694,2.8754,2.8754,2.8739,2.8744,13
2026-05-07 12:23:00,2.8689,2.8704,2.8689,2.8704,2.8739,2.8754,2.8739,2.8754,16
2026-05-07 12:24:00,2.8714,2.8714,2.8694,2.8704,2.8764,2.8764,2.8744,2.8754,15
2026-05-07 12:25:00,2.8694,2.8704,2.8694,2.8704,2.8744,2.8754,2.8744,2.8754,15
2026-05-07 12:26:00,2.8699,2.8704,2.8694,2.8704,2.8749,2.8754,2.8744,2.8754,9
2026-05-07 12:27:00,2.8699,2.8704,2.8694,2.8694,2.8749,2.8754,2.8744,2.8744,5
2026-05-07 12:28:00,2.8689,2.8704,2.8689,2.8694,2.8739,2.8754,2.8739,2.8744,5
2026-05-07 12:30:00,2.8699,2.8704,2.8684,2.8689,2.8749,2.8754,2.8734,2.8739,17
2026-05-07 12:31:00,2.8694,2.8694,2.8659,2.8664,2.8744,2.8744,2.8709,2.8714,14
2026-05-07 12:32:00,2.8669,2.8684,2.8644,2.8644,2.8719,2.8734,2.8694,2.8694,10
2026-05-07 12:33:00,2.8649,2.8654,2.8634,2.8639,2.8699,2.8704,2.8684,2.8689,13
2026-05-07 12:34:00,2.8634,2.8714,2.8634,2.8704,2.8684,2.8764,2.8684,2.8754,39
2026-05-07 12:35:00,2.8699,2.8704,2.8694,2.8694,2.8749,2.8754,2.8744,2.8744,4
2026-05-07 12:36:00,2.8704,2.8714,2.8699,2.8704,2.8754,2.8764,2.8749,2.8754,11
2026-05-07 12:37:00,2.8709,2.8714,2.8704,2.8704,2.8759,2.8764,2.8754,2.8754,5
2026-05-07 12:39:00,2.8709,2.8709,2.8704,2.8704,2.8759,2.8759,2.8754,2.8754,2
2026-05-07 12:40:00,2.8709,2.8709,2.8709,2.8709,2.8759,2.8759,2.8759,2.8759,1
2026-05-07 12:41:00,2.8704,2.8714,2.8704,2.8704,2.8754,2.8764,2.8754,2.8754,10
2026-05-07 12:42:00,2.8694,2.8704,2.8694,2.8694,2.8744,2.8754,2.8744,2.8744,17
2026-05-07 12:43:00,2.8704,2.8704,2.8704,2.8704,2.8754,2.8754,2.8754,2.8754,1
2026-05-07 12:44:00,2.8694,2.8694,2.8634,2.8634,2.8744,2.8744,2.8684,2.8684,12
2026-05-07 12:45:00,2.8629,2.8629,2.8624,2.8624,2.8679,2.8679,2.8674,2.8674,2
2026-05-07 12:46:00,2.8629,2.8644,2.8629,2.8634,2.8679,2.8694,2.8679,2.8684,17
2026-05-07 12:47:00,2.8639,2.8644,2.8624,2.8624,2.8689,2.8694,2.8674,2.8674,18
2026-05-07 12:48:00,2.8634,2.8634,2.8634,2.8634,2.8684,2.8684,2.8684,2.8684,1
2026-05-07 12:49:00,2.8639,2.8644,2.8634,2.8639,2.8689,2.8694,2.8684,2.8689,7
2026-05-07 12:50:00,2.8634,2.8644,2.8629,2.8644,2.8684,2.8694,2.8679,2.8694,10
2026-05-07 12:51:00,2.8639,2.8654,2.8634,2.8649,2.8689,2.8704,2.8684,2.8699,16
2026-05-07 12:52:00,2.8644,2.8654,2.8634,2.8654,2.8694,2.8704,2.8684,2.8704,15
2026-05-07 12:53:00,2.8659,2.8664,2.8644,2.8654,2.8709,2.8714,2.8694,2.8704,8
2026-05-07 12:54:00,2.8644,2.8644,2.8629,2.8634,2.8694,2.8694,2.8679,2.8684,8
2026-05-07 12:55:00,2.8639,2.8654,2.8639,2.8654,2.8689,2.8704,2.8689,2.8704,16
2026-05-07 12:56:00,2.8649,2.8654,2.8639,2.8649,2.8699,2.8704,2.8689,2.8699,15
2026-05-07 12:57:00,2.8654,2.8669,2.8654,2.8669,2.8704,2.8719,2.8704,2.8719,3
2026-05-07 12:58:00,2.8674,2.8674,2.8664,2.8664,2.8724,2.8724,2.8714,2.8714,12
2026-05-07 12:59:00,2.8659,2.8664,2.8654,2.8659,2.8709,2.8714,2.8704,2.8709,9
2026-05-07 13:00:00,2.8664,2.8664,2.8644,2.8644,2.8714,2.8714,2.8694,2.8694,9
2026-05-07 13:01:00,2.8634,2.8634,2.8584,2.8584,2.8684,2.8684,2.8634,2.8634,10
2026-05-07 13:02:00,2.8589,2.8594,2.8574,2.8574,2.8639,2.8644,2.8624,2.8624,25
2026-05-07 13:03:00,2.8569,2.8574,2.8544,2.8554,2.8619,2.8624,2.8594,2.8604,15
2026-05-07 13:04:00,2.8564,2.8584,2.8564,2.8574,2.8614,2.8634,2.8614,2.8624,20
2026-05-07 13:05:00,2.8584,2.8604,2.8584,2.8599,2.8634,2.8654,2.8634,2.8649,16
2026-05-07 13:06:00,2.8594,2.8604,2.8584,2.8584,2.8644,2.8654,2.8634,2.8634,12
2026-05-07 13:07:00,2.8579,2.8579,2.8549,2.8554,2.8629,2.8629,2.8599,2.8604,6
2026-05-07 13:08:00,2.8559,2.8569,2.8554,2.8564,2.8609,2.8619,2.8604,2.8614,16
2026-05-07 13:09:00,2.8569,2.8574,2.8554,2.8554,2.8619,2.8624,2.8604,2.8604,13
2026-05-07 13:10:00,2.8559,2.8569,2.8554,2.8564,2.8609,2.8619,2.8604,2.8614,10
2026-05-07 13:11:00,2.8559,2.8564,2.8559,2.8564,2.8609,2.8614,2.8609,2.8614,10
2026-05-07 13:12:00,2.8574,2.8579,2.8574,2.8579,2.8624,2.8629,2.8624,2.8629,2
2026-05-07 13:13:00,2.8584,2.8614,2.8584,2.8594,2.8634,2.8664,2.8634,2.8644,22
2026-05-07 13:14:00,2.8589,2.8594,2.8584,2.8584,2.8639,2.8644,2.8634,2.8634,6
2026-05-07 13:15:00,2.8589,2.8604,2.8579,2.8579,2.8639,2.8654,2.8629,2.8629,16
2026-05-07 13:16:00,2.8584,2.8584,2.8574,2.8579,2.8634,2.8634,2.8624,2.8629,4
2026-05-07 13:17:00,2.8574,2.8584,2.8564,2.8579,2.8624,2.8634,2.8614,2.8629,11
2026-05-07 13:18:00,2.8584,2.8584,2.8559,2.8579,2.8634,2.8634,2.8609,2.8629,22
2026-05-07 13:19:00,2.8574,2.8574,2.8549,2.8554,2.8624,2.8624,2.8599,2.8604,7
2026-05-07 13:20:00,2.8559,2.8564,2.8554,2.8559,2.8609,2.8614,2.8604,2.8609,9
2026-05-07 13:21:00,2.8554,2.8559,2.8524,2.8544,2.8604,2.8609,2.8574,2.8594,16
2026-05-07 13:22:00,2.8534,2.8544,2.8534,2.8544,2.8584,2.8594,2.8584,2.8594,12
2026-05-07 13:23:00,2.8539,2.8544,2.8529,2.8529,2.8589,2.8594,2.8579,2.8579,9
2026-05-07 13:24:00,2.8524,2.8529,2.8514,2.8519,2.8574,2.8579,2.8564,2.8569,12
2026-05-07 13:25:00,2.8529,2.8564,2.8529,2.8564,2.8579,2.8614,2.8579,2.8614,17
2026-05-07 13:26:00,2.8554,2.8564,2.8549,2.8564,2.8604,2.8614,2.8599,2.8614,9
2026-05-07 13:27:00,2.8559,2.8564,2.8544,2.8544,2.8609,2.8614,2.8594,2.8594,13
2026-05-07 13:28:00,2.8554,2.8554,2.8554,2.8554,2.8604,2.8604,2.8604,2.8604,1
2026-05-07 13:29:00,2.8559,2.8584,2.8554,2.8584,2.8609,2.8634,2.8604,2.8634,23
2026-05-07 13:30:00,2.8579,2.8579,2.8504,2.8514,2.8629,2.8629,2.8554,2.8564,16
2026-05-07 13:31:00,2.8519,2.8519,2.8494,2.8494,2.8569,2.8569,2.8544,2.8544,12
2026-05-07 13:32:00,2.8504,2.8514,2.8484,2.8484,2.8554,2.8564,2.8534,2.8534,9
2026-05-07 13:33:00,2.8474,2.8499,2.8474,2.8494,2.8524,2.8549,2.8524,2.8544,12
2026-05-07 13:34:00,2.8504,2.8514,2.8504,2.8504,2.8554,2.8564,2.8554,2.8554,8
2026-05-07 13:35:00,2.8499,2.8534,2.8499,2.8534,2.8549,2.8584,2.8549,2.8584,11
2026-05-07 13:36:00,2.8544,2.8554,2.8534,2.8534,2.8594,2.8604,2.8584,2.8584,19
2026-05-07 13:37:00,2.8524,2.8524,2.8514,2.8514,2.8574,2.8574,2.8564,2.8564,14
2026-05-07 13:38:00,2.8519,2.8524,2.8504,2.8519,2.8569,2.8574,2.8554,2.8569,29
2026-05-07 13:39:00,2.8524,2.8524,2.8484,2.8499,2.8574,2.8574,2.8534,2.8549,16
2026-05-07 13:40:00,2.8494,2.8504,2.8484,2.8499,2.8544,2.8554,2.8534,2.8549,18
2026-05-07 13:41:00,2.8494,2.8499,2.8474,2.8474,2.8544,2.8549,2.8524,2.8524,17
2026-05-07 13:42:00,2.8469,2.8494,2.8464,2.8494,2.8519,2.8544,2.8514,2.8544,9
2026-05-07 13:43:00,2.8489,2.8494,2.8474,2.8484,2.8539,2.8544,2.8524,2.8534,15
2026-05-07 13:44:00,2.8479,2.8484,2.8469,2.8479,2.8529,2.8534,2.8519,2.8529,16
2026-05-07 13:45:00,2.8484,2.8494,2.8414,2.8414,2.8534,2.8544,2.8464,2.8464,18
2026-05-07 13:46:00,2.8419,2.8454,2.8414,2.8449,2.8469,2.8504,2.8464,2.8499,19
2026-05-07 13:47:00,2.8444,2.8454,2.8434,2.8444,2.8494,2.8504,2.8484,2.8494,17
2026-05-07 13:48:00,2.8439,2.8444,2.8424,2.8424,2.8489,2.8494,2.8474,2.8474,6
2026-05-07 13:49:00,2.8429,2.8434,2.8419,2.8424,2.8479,2.8484,2.8469,2.8474,19
2026-05-07 13:50:00,2.8429,2.8494,2.8429,2.8474,2.8479,2.8544,2.8479,2.8524,58
2026-05-07 13:51:00,2.8479,2.8484,2.8474,2.8474,2.8529,2.8534,2.8524,2.8524,17
2026-05-07 13:52:00,2.8479,2.8484,2.8464,2.8474,2.8529,2.8534,2.8514,2.8524,21
2026-05-07 13:53:00,2.8469,2.8469,2.8444,2.8444,2.8519,2.8519,2.8494,2.8494,15
2026-05-07 13:54:00,2.8439,2.8439,2.8424,2.8434,2.8489,2.8489,2.8474,2.8484,15
2026-05-07 13:55:00,2.8439,2.8444,2.8434,2.8444,2.8489,2.8494,2.8484,2.8494,16
2026-05-07 13:56:00,2.8449,2.8454,2.8444,2.8444,2.8499,2.8504,2.8494,2.8494,10
2026-05-07 13:57:00,2.8439,2.8439,2.8434,2.8434,2.8489,2.8489,2.8484,2.8484,4
2026-05-07 13:58:00,2.8439,2.8439,2.8424,2.8434,2.8489,2.8489,2.8474,2.8484,12
2026-05-07 13:59:00,2.8429,2.8429,2.8344,2.8374,2.8479,2.8479,2.8394,2.8424,42
2026-05-07 14:00:00,2.8379,2.8434,2.8379,2.8419,2.8429,2.8484,2.8429,2.8469,20
2026-05-07 14:01:00,2.8414,2.8454,2.8414,2.8414,2.8464,2.8504,2.8464,2.8464,25
2026-05-07 14:02:00,2.8424,2.8489,2.8424,2.8489,2.8474,2.8539,2.8474,2.8539,19
2026-05-07 14:03:00,2.8494,2.8544,2.8484,2.8524,2.8544,2.8594,2.8534,2.8574,32
2026-05-07 14:04:00,2.8529,2.8534,2.8494,2.8524,2.8579,2.8584,2.8544,2.8574,21
2026-05-07 14:05:00,2.8529,2.8549,2.8524,2.8549,2.8579,2.8599,2.8574,2.8599,13
2026-05-07 14:06:00,2.8554,2.8554,2.8534,2.8549,2.8604,2.8604,2.8584,2.8599,12
2026-05-07 14:07:00,2.8544,2.8544,2.8514,2.8539,2.8594,2.8594,2.8564,2.8589,20
2026-05-07 14:08:00,2.8534,2.8554,2.8534,2.8534,2.8584,2.8604,2.8584,2.8584,21
2026-05-07 14:09:00,2.8544,2.8584,2.8539,2.8574,2.8594,2.8634,2.8589,2.8624,15
2026-05-07 14:10:00,2.8579,2.8594,2.8574,2.8584,2.8629,2.8644,2.8624,2.8634,21
2026-05-07 14:11:00,2.8594,2.8594,2.8524,2.8554,2.8644,2.8644,2.8574,2.8604,45
2026-05-07 14:12:00,2.8559,2.8584,2.8549,2.8569,2.8609,2.8634,2.8599,2.8619,21
2026-05-07 14:13:00,2.8564,2.8609,2.8544,2.8609,2.8614,2.8659,2.8594,2.8659,54
2026-05-07 14:14:00,2.8614,2.8614,2.8584,2.8594,2.8664,2.8664,2.8634,2.8644,26
2026-05-07 14:15:00,2.8589,2.8614,2.8564,2.8579,2.8639,2.8664,2.8614,2.8629,35
2026-05-07 14:16:00,2.8584,2.8609,2.8579,2.8579,2.8634,2.8659,2.8629,2.8629,33
2026-05-07 14:17:00,2.8574,2.8599,2.8554,2.8594,2.8624,2.8649,2.8604,2.8644,34
2026-05-07 14:18:00,2.8599,2.8604,2.8564,2.8594,2.8649,2.8654,2.8614,2.8644,20
2026-05-07 14:19:00,2.8599,2.8599,2.8574,2.8584,2.8649,2.8649,2.8624,2.8634,14
2026-05-07 14:20:00,2.8589,2.8594,2.8519,2.8519,2.8639,2.8644,2.8569,2.8569,42
2026-05-07 14:21:00,2.8529,2.8534,2.8469,2.8484,2.8579,2.8584,2.8519,2.8534,54
2026-05-07 14:22:00,2.8489,2.8494,2.8394,2.8469,2.8539,2.8544,2.8444,2.8519,72
2026-05-07 14:23:00,2.8474,2.8484,2.8454,2.8469,2.8524,2.8534,2.8504,2.8519,34
2026-05-07 14:24:00,2.8459,2.8474,2.8454,2.8469,2.8509,2.8524,2.8504,2.8519,26
2026-05-07 14:25:00,2.8464,2.8514,2.8464,2.8464,2.8514,2.8564,2.8514,2.8514,32
2026-05-07 14:26:00,2.8474,2.8474,2.8444,2.8469,2.8524,2.8524,2.8494,2.8519,30
2026-05-07 14:27:00,2.8459,2.8474,2.8434,2.8449,2.8509,2.8524,2.8484,2.8499,58
2026-05-07 14:28:00,2.8444,2.8454,2.8444,2.8444,2.8494,2.8504,2.8494,2.8494,29
2026-05-07 14:29:00,2.8449,2.8454,2.8434,2.8444,2.8499,2.8504,2.8484,2.8494,26
2026-05-07 14:30:00,2.8434,2.8434,2.8374,2.8389,2.8484,2.8484,2.8424,2.8439,54
2026-05-07 14:31:00,2.8394,2.8424,2.8354,2.8414,2.8444,2.8474,2.8404,2.8464,60
2026-05-07 14:32:00,2.8409,2.8419,2.8379,2.8389,2.8459,2.8469,2.8429,2.8439,49
2026-05-07 14:33:00,2.8384,2.8404,2.8369,2.8374,2.8434,2.8454,2.8419,2.8424,28
2026-05-07 14:34:00,2.8369,2.8384,2.8354,2.8364,2.8419,2.8434,2.8404,2.8414,30
2026-05-07 14:35:00,2.8359,2.8364,2.8284,2.8309,2.8409,2.8414,2.8334,2.8359,25
2026-05-07 14:36:00,2.8304,2.8384,2.8294,2.8374,2.8354,2.8434,2.8344,2.8424,31
2026-05-07 14:37:00,2.8384,2.8434,2.8374,2.8434,2.8434,2.8484,2.8424,2.8484,31
2026-05-07 14:38:00,2.8424,2.8434,2.8424,2.8434,2.8474,2.8484,2.8474,2.8484,18
2026-05-07 14:39:00,2.8429,2.8434,2.8404,2.8414,2.8479,2.8484,2.8454,2.8464,35
2026-05-07 14:40:00,2.8419,2.8429,2.8394,2.8394,2.8469,2.8479,2.8444,2.8444,32
2026-05-07 14:41:00,2.8389,2.8389,2.8259,2.8259,2.8439,2.8439,2.8309,2.8309,40
2026-05-07 14:42:00,2.8244,2.8259,2.8234,2.8244,2.8294,2.8309,2.8284,2.8294,24
2026-05-07 14:43:00,2.8234,2.8274,2.8229,2.8234,2.8284,2.8324,2.8279,2.8284,34
2026-05-07 14:44:00,2.8224,2.8234,2.8174,2.8224,2.8274,2.8284,2.8224,2.8274,59
2026-05-07 14:45:00,2.8214,2.8324,2.8204,2.8314,2.8264,2.8374,2.8254,2.8364,65
2026-05-07 14:46:00,2.8309,2.8374,2.8269,2.8349,2.8359,2.8424,2.8319,2.8399,73
2026-05-07 14:47:00,2.8354,2.8474,2.8334,2.8424,2.8404,2.8524,2.8384,2.8474,115
2026-05-07 14:48:00,2.8419,2.8439,2.8384,2.8439,2.8469,2.8489,2.8434,2.8489,33
2026-05-07 14:49:00,2.8424,2.8424,2.8354,2.8394,2.8474,2.8474,2.8404,2.8444,48
2026-05-07 14:50:00,2.8384,2.8409,2.8364,2.8409,2.8434,2.8459,2.8414,2.8459,33
2026-05-07 14:51:00,2.8399,2.8414,2.8384,2.8409,2.8449,2.8464,2.8434,2.8459,22
2026-05-07 14:52:00,2.8404,2.8414,2.8344,2.8379,2.8454,2.8464,2.8394,2.8429,53
2026-05-07 14:53:00,2.8369,2.8369,2.8274,2.8294,2.8419,2.8419,2.8324,2.8344,51
2026-05-07 14:54:00,2.8299,2.8304,2.8294,2.8304,2.8349,2.8354,2.8344,2.8354,17
2026-05-07 14:55:00,2.8294,2.8314,2.8264,2.8304,2.8344,2.8364,2.8314,2.8354,47
2026-05-07 14:56:00,2.8314,2.8314,2.8284,2.8304,2.8364,2.8364,2.8334,2.8354,31
2026-05-07 14:57:00,2.8294,2.8304,2.8264,2.8304,2.8344,2.8354,2.8314,2.8354,49
2026-05-07 14:58:00,2.8299,2.8299,2.8254,2.8264,2.8349,2.8349,2.8304,2.8314,17
2026-05-07 14:59:00,2.8269,2.8284,2.8259,2.8269,2.8319,2.8334,2.8309,2.8319,47
2026-05-07 15:00:00,2.8274,2.8304,2.8244,2.8284,2.8324,2.8354,2.8294,2.8334,94
2026-05-07 15:01:00,2.8279,2.8314,2.8274,2.8304,2.8329,2.8364,2.8324,2.8354,48
2026-05-07 15:02:00,2.8294,2.8314,2.8274,2.8314,2.8344,2.8364,2.8324,2.8364,38
2026-05-07 15:03:00,2.8309,2.8324,2.8294,2.8304,2.8359,2.8374,2.8344,2.8354,24
2026-05-07 15:04:00,2.8314,2.8324,2.8294,2.8314,2.8364,2.8374,2.8344,2.8364,24
2026-05-07 15:05:00,2.8319,2.8384,2.8254,2.8364,2.8369,2.8434,2.8304,2.8414,62
2026-05-07 15:06:00,2.8359,2.8444,2.8354,2.8439,2.8409,2.8494,2.8404,2.8489,56
2026-05-07 15:07:00,2.8454,2.8514,2.8444,2.8459,2.8504,2.8564,2.8494,2.8509,57
2026-05-07 15:08:00,2.8454,2.8459,2.8414,2.8424,2.8504,2.8509,2.8464,2.8474,44
2026-05-07 15:09:00,2.8419,2.8424,2.8354,2.8359,2.8469,2.8474,2.8404,2.8409,16
2026-05-07 15:10:00,2.8374,2.8374,2.8354,2.8359,2.8424,2.8424,2.8404,2.8409,19
2026-05-07 15:11:00,2.8364,2.8514,2.8364,2.8474,2.8414,2.8564,2.8414,2.8524,54
2026-05-07 15:12:00,2.8479,2.8504,2.8464,2.8474,2.8529,2.8554,2.8514,2.8524,48
2026-05-07 15:13:00,2.8479,2.8564,2.8479,2.8544,2.8529,2.8614,2.8529,2.8594,78
2026-05-07 15:14:00,2.8554,2.8564,2.8424,2.8439,2.8604,2.8614,2.8474,2.8489,65
2026-05-07 15:15:00,2.8424,2.8444,2.8414,2.8434,2.8474,2.8494,2.8464,2.8484,25
2026-05-07 15:16:00,2.8429,2.8484,2.8424,2.8454,2.8479,2.8534,2.8474,2.8504,50
2026-05-07 15:17:00,2.8444,2.8444,2.8374,2.8374,2.8494,2.8494,2.8424,2.8424,40
2026-05-07 15:18:00,2.8384,2.8414,2.8374,2.8404,2.8434,2.8464,2.8424,2.8454,28
2026-05-07 15:19:00,2.8384,2.8394,2.8344,2.8364,2.8434,2.8444,2.8394,2.8414,37
2026-05-07 15:20:00,2.8359,2.8394,2.8359,2.8389,2.8409,2.8444,2.8409,2.8439,25
2026-05-07 15:21:00,2.8384,2.8384,2.8334,2.8384,2.8434,2.8434,2.8384,2.8434,43
2026-05-07 15:22:00,2.8374,2.8384,2.8354,2.8374,2.8424,2.8434,2.8404,2.8424,17
2026-05-07 15:23:00,2.8379,2.8384,2.8364,2.8374,2.8429,2.8434,2.8414,2.8424,11
2026-05-07 15:24:00,2.8384,2.8404,2.8374,2.8384,2.8434,2.8454,2.8424,2.8434,32
2026-05-07 15:25:00,2.8374,2.8389,2.8374,2.8384,2.8424,2.8439,2.8424,2.8434,12
2026-05-07 15:26:00,2.8379,2.8404,2.8374,2.8399,2.8429,2.8454,2.8424,2.8449,10
2026-05-07 15:27:00,2.8394,2.8394,2.8354,2.8364,2.8444,2.8444,2.8404,2.8414,18
2026-05-07 15:28:00,2.8359,2.8364,2.8329,2.8329,2.8409,2.8414,2.8379,2.8379,22
2026-05-07 15:29:00,2.8339,2.8384,2.8339,2.8354,2.8389,2.8434,2.8389,2.8404,44
2026-05-07 15:30:00,2.8349,2.8364,2.8304,2.8324,2.8399,2.8414,2.8354,2.8374,98
2026-05-07 15:31:00,2.8319,2.8344,2.8314,2.8339,2.8369,2.8394,2.8364,2.8389,42
2026-05-07 15:32:00,2.8334,2.8364,2.8334,2.8344,2.8384,2.8414,2.8384,2.8394,58
2026-05-07 15:33:00,2.8339,2.8339,2.8294,2.8304,2.8389,2.8389,2.8344,2.8354,62
2026-05-07 15:34:00,2.8309,2.8324,2.8264,2.8274,2.8359,2.8374,2.8314,2.8324,46
2026-05-07 15:35:00,2.8254,2.8264,2.8214,2.8254,2.8304,2.8314,2.8264,2.8304,80
2026-05-07 15:36:00,2.8264,2.8299,2.8254,2.8274,2.8314,2.8349,2.8304,2.8324,52
2026-05-07 15:37:00,2.8284,2.8289,2.8264,2.8284,2.8334,2.8339,2.8314,2.8334,27
2026-05-07 15:38:00,2.8274,2.8274,2.8224,2.8234,2.8324,2.8324,2.8274,2.8284,46
2026-05-07 15:39:00,2.8244,2.8284,2.8239,2.8244,2.8294,2.8334,2.8289,2.8294,31
2026-05-07 15:40:00,2.8234,2.8244,2.8204,2.8209,2.8284,2.8294,2.8254,2.8259,33
2026-05-07 15:41:00,2.8204,2.8224,2.8194,2.8224,2.8254,2.8274,2.8244,2.8274,12
2026-05-07 15:42:00,2.8214,2.8244,2.8214,2.8244,2.8264,2.8294,2.8264,2.8294,11
2026-05-07 15:43:00,2.8234,2.8244,2.8234,2.8234,2.8284,2.8294,2.8284,2.8284,3
2026-05-07 15:44:00,2.8239,2.8259,2.8234,2.8259,2.8289,2.8309,2.8284,2.8309,32
2026-05-07 15:45:00,2.8254,2.8309,2.8254,2.8294,2.8304,2.8359,2.8304,2.8344,48
2026-05-07 15:46:00,2.8289,2.8314,2.8249,2.8304,2.8339,2.8364,2.8299,2.8354,67
2026-05-07 15:47:00,2.8299,2.8394,2.8294,2.8369,2.8349,2.8444,2.8344,2.8419,60
2026-05-07 15:48:00,2.8374,2.8374,2.8319,2.8324,2.8424,2.8424,2.8369,2.8374,62
2026-05-07 15:49:00,2.8329,2.8344,2.8314,2.8324,2.8379,2.8394,2.8364,2.8374,18
2026-05-07 15:50:00,2.8319,2.8329,2.8304,2.8324,2.8369,2.8379,2.8354,2.8374,38
2026-05-07 15:51:00,2.8319,2.8329,2.8304,2.8314,2.8369,2.8379,2.8354,2.8364,35
2026-05-07 15:52:00,2.8309,2.8309,2.8274,2.8294,2.8359,2.8359,2.8324,2.8344,25
2026-05-07 15:53:00,2.8284,2.8324,2.8284,2.8309,2.8334,2.8374,2.8334,2.8359,19
2026-05-07 15:54:00,2.8304,2.8344,2.8304,2.8324,2.8354,2.8394,2.8354,2.8374,46
2026-05-07 15:55:00,2.8319,2.8324,2.8274,2.8274,2.8369,2.8374,2.8324,2.8324,33
2026-05-07 15:56:00,2.8279,2.8284,2.8234,2.8274,2.8329,2.8334,2.8284,2.8324,49
2026-05-07 15:57:00,2.8269,2.8289,2.8264,2.8284,2.8319,2.8339,2.8314,2.8334,10
2026-05-07 15:58:00,2.8279,2.8284,2.8264,2.8284,2.8329,2.8334,2.8314,2.8334,15
2026-05-07 15:59:00,2.8274,2.8284,2.8254,2.8259,2.8324,2.8334,2.8304,2.8309,24
2026-05-07 16:00:00,2.8254,2.8264,2.8239,2.8254,2.8304,2.8314,2.8289,2.8304,11
2026-05-07 16:01:00,2.8249,2.8284,2.8249,2.8274,2.8299,2.8334,2.8299,2.8324,17
2026-05-07 16:02:00,2.8264,2.8294,2.8254,2.8289,2.8314,2.8344,2.8304,2.8339,27
2026-05-07 16:03:00,2.8284,2.8334,2.8284,2.8324,2.8334,2.8384,2.8334,2.8374,40
2026-05-07 16:04:00,2.8314,2.8314,2.8284,2.8294,2.8364,2.8364,2.8334,2.8344,24
2026-05-07 16:05:00,2.8304,2.8324,2.8294,2.8304,2.8354,2.8374,2.8344,2.8354,15
2026-05-07 16:06:00,2.8309,2.8319,2.8304,2.8314,2.8359,2.8369,2.8354,2.8364,5
2026-05-07 16:07:00,2.8309,2.8314,2.8304,2.8314,2.8359,2.8364,2.8354,2.8364,10
2026-05-07 16:08:00,2.8304,2.8314,2.8284,2.8284,2.8354,2.8364,2.8334,2.8334,29
2026-05-07 16:09:00,2.8294,2.8294,2.8284,2.8294,2.8344,2.8344,2.8334,2.8344,3
2026-05-07 16:10:00,2.8299,2.8334,2.8294,2.8324,2.8349,2.8384,2.8344,2.8374,16
2026-05-07 16:11:00,2.8329,2.8329,2.8264,2.8304,2.8379,2.8379,2.8314,2.8354,54
2026-05-07 16:12:00,2.8294,2.8304,2.8279,2.8284,2.8344,2.8354,2.8329,2.8334,21
2026-05-07 16:13:00,2.8294,2.8314,2.8284,2.8314,2.8344,2.8364,2.8334,2.8364,28
2026-05-07 16:14:00,2.8309,2.8314,2.8294,2.8294,2.8359,2.8364,2.8344,2.8344,20
2026-05-07 16:15:00,2.8299,2.8344,2.8299,2.8344,2.8349,2.8394,2.8349,2.8394,15
2026-05-07 16:16:00,2.8354,2.8364,2.8334,2.8339,2.8404,2.8414,2.8384,2.8389,43
2026-05-07 16:17:00,2.8349,2.8364,2.8339,2.8354,2.8399,2.8414,2.8389,2.8404,29
2026-05-07 16:18:00,2.8344,2.8364,2.8334,2.8364,2.8394,2.8414,2.8384,2.8414,31
2026-05-07 16:19:00,2.8354,2.8374,2.8354,2.8374,2.8404,2.8424,2.8404,2.8424,19
2026-05-07 16:20:00,2.8379,2.8434,2.8364,2.8414,2.8429,2.8484,2.8414,2.8464,37
2026-05-07 16:21:00,2.8409,2.8434,2.8394,2.8404,2.8459,2.8484,2.8444,2.8454,24
2026-05-07 16:22:00,2.8414,2.8434,2.8404,2.8409,2.8464,2.8484,2.8454,2.8459,11
2026-05-07 16:23:00,2.8399,2.8424,2.8394,2.8404,2.8449,2.8474,2.8444,2.8454,35
2026-05-07 16:24:00,2.8394,2.8424,2.8389,2.8404,2.8444,2.8474,2.8439,2.8454,18
2026-05-07 16:25:00,2.8414,2.8414,2.8394,2.8404,2.8464,2.8464,2.8444,2.8454,12
2026-05-07 16:26:00,2.8399,2.8399,2.8374,2.8384,2.8449,2.8449,2.8424,2.8434,21
2026-05-07 16:27:00,2.8394,2.8444,2.8379,2.8444,2.8444,2.8494,2.8429,2.8494,32
2026-05-07 16:28:00,2.8449,2.8504,2.8449,2.8459,2.8499,2.8554,2.8499,2.8509,80
2026-05-07 16:29:00,2.8449,2.8534,2.8444,2.8504,2.8499,2.8584,2.8494,2.8554,88
2026-05-07 16:30:00,2.8499,2.8994,2.8499,2.8899,2.8549,2.9044,2.8549,2.8949,451
2026-05-07 16:31:00,2.8909,2.8964,2.8854,2.8854,2.8959,2.9014,2.8904,2.8904,182
2026-05-07 16:32:00,2.8849,2.8944,2.8849,2.8889,2.8899,2.8994,2.8899,2.8939,135
2026-05-07 16:33:00,2.8894,2.8914,2.8874,2.8889,2.8944,2.8964,2.8924,2.8939,79
2026-05-07 16:34:00,2.8864,2.8964,2.8864,2.8924,2.8914,2.9014,2.8914,2.8974,123
2026-05-07 16:35:00,2.8929,2.9094,2.8914,2.9064,2.8979,2.9144,2.8964,2.9114,112
2026-05-07 16:36:00,2.9059,2.9224,2.9054,2.9209,2.9109,2.9274,2.9104,2.9259,144
2026-05-07 16:37:00,2.9194,2.9244,2.9129,2.9134,2.9244,2.9294,2.9179,2.9184,104
2026-05-07 16:38:00,2.9139,2.9144,2.9074,2.9084,2.9189,2.9194,2.9124,2.9134,96
2026-05-07 16:39:00,2.9074,2.9174,2.9064,2.9159,2.9124,2.9224,2.9114,2.9209,71
2026-05-07 16:40:00,2.9154,2.9234,2.9154,2.9229,2.9204,2.9284,2.9204,2.9279,39
2026-05-07 16:41:00,2.9234,2.9274,2.9164,2.9179,2.9284,2.9324,2.9214,2.9229,68
2026-05-07 16:42:00,2.9174,2.9174,2.9094,2.9099,2.9224,2.9224,2.9144,2.9149,44
2026-05-07 16:43:00,2.9084,2.9254,2.9084,2.9244,2.9134,2.9304,2.9134,2.9294,93
2026-05-07 16:44:00,2.9254,2.9339,2.9234,2.9324,2.9304,2.9389,2.9284,2.9374,90
2026-05-07 16:45:00,2.9319,2.9324,2.9244,2.9244,2.9369,2.9374,2.9294,2.9294,68
2026-05-07 16:46:00,2.9254,2.9274,2.9234,2.9274,2.9304,2.9324,2.9284,2.9324,28
2026-05-07 16:47:00,2.9279,2.9294,2.9214,2.9214,2.9329,2.9344,2.9264,2.9264,59
2026-05-07 16:48:00,2.9224,2.9304,2.9224,2.9289,2.9274,2.9354,2.9274,2.9339,43
2026-05-07 16:49:00,2.9274,2.9294,2.9234,2.9274,2.9324,2.9344,2.9284,2.9324,40
2026-05-07 16:50:00,2.9284,2.9294,2.9244,2.9244,2.9334,2.9344,2.9294,2.9294,37
2026-05-07 16:51:00,2.9254,2.9274,2.9254,2.9254,2.9304,2.9324,2.9304,2.9304,29
2026-05-07 16:52:00,2.9259,2.9284,2.9254,2.9264,2.9309,2.9334,2.9304,2.9314,32
2026-05-07 16:53:00,2.9274,2.9364,2.9254,2.9334,2.9324,2.9414,2.9304,2.9384,86
2026-05-07 16:54:00,2.9324,2.9364,2.9314,2.9339,2.9374,2.9414,2.9364,2.9389,72
2026-05-07 16:55:00,2.9329,2.9394,2.9314,2.9374,2.9379,2.9444,2.9364,2.9424,40
2026-05-07 16:56:00,2.9384,2.9394,2.9334,2.9349,2.9434,2.9444,2.9384,2.9399,53
2026-05-07 16:57:00,2.9354,2.9374,2.9344,2.9364,2.9404,2.9424,2.9394,2.9414,25
2026-05-07 16:58:00,2.9354,2.9359,2.9284,2.9314,2.9404,2.9409,2.9334,2.9364,41
2026-05-07 16:59:00,2.9304,2.9354,2.9304,2.9334,2.9354,2.9404,2.9354,2.9384,106
2026-05-07 17:00:00,2.9329,2.9354,2.9304,2.9314,2.9379,2.9404,2.9354,2.9364,100
2026-05-07 17:01:00,2.9319,2.9364,2.9304,2.9334,2.9369,2.9414,2.9354,2.9384,88
2026-05-07 17:02:00,2.9324,2.9394,2.9324,2.9389,2.9374,2.9444,2.9374,2.9439,124
2026-05-07 17:03:00,2.9384,2.9394,2.9324,2.9334,2.9434,2.9444,2.9374,2.9384,92
2026-05-07 17:04:00,2.9329,2.9334,2.9284,2.9284,2.9379,2.9384,2.9334,2.9334,43
2026-05-07 17:05:00,2.9274,2.9284,2.9224,2.9284,2.9324,2.9334,2.9274,2.9334,65
2026-05-07 17:06:00,2.9274,2.9324,2.9274,2.9294,2.9324,2.9374,2.9324,2.9344,39
2026-05-07 17:07:00,2.9304,2.9334,2.9304,2.9324,2.9354,2.9384,2.9354,2.9374,20
2026-05-07 17:08:00,2.9334,2.9364,2.9324,2.9334,2.9384,2.9414,2.9374,2.9384,21
2026-05-07 17:09:00,2.9324,2.9354,2.9304,2.9314,2.9374,2.9404,2.9354,2.9364,22
2026-05-07 17:10:00,2.9324,2.9344,2.9304,2.9334,2.9374,2.9394,2.9354,2.9384,24
2026-05-07 17:11:00,2.9339,2.9344,2.9324,2.9329,2.9389,2.9394,2.9374,2.9379,19
2026-05-07 17:12:00,2.9334,2.9414,2.9334,2.9414,2.9384,2.9464,2.9384,2.9464,50
2026-05-07 17:13:00,2.9424,2.9424,2.9374,2.9384,2.9474,2.9474,2.9424,2.9434,54
2026-05-07 17:14:00,2.9389,2.9394,2.9344,2.9344,2.9439,2.9444,2.9394,2.9394,33
2026-05-07 17:15:00,2.9354,2.9354,2.9314,2.9324,2.9404,2.9404,2.9364,2.9374,50
2026-05-07 17:16:00,2.9319,2.9324,2.9294,2.9294,2.9369,2.9374,2.9344,2.9344,20
2026-05-07 17:17:00,2.9304,2.9304,2.9254,2.9274,2.9354,2.9354,2.9304,2.9324,40
2026-05-07 17:18:00,2.9284,2.9304,2.9274,2.9304,2.9334,2.9354,2.9324,2.9354,10
2026-05-07 17:19:00,2.9314,2.9314,2.9304,2.9304,2.9364,2.9364,2.9354,2.9354,16
2026-05-07 17:20:00,2.9314,2.9314,2.9259,2.9269,2.9364,2.9364,2.9309,2.9319,22
2026-05-07 17:21:00,2.9284,2.9294,2.9264,2.9284,2.9334,2.9344,2.9314,2.9334,21
2026-05-07 17:22:00,2.9294,2.9314,2.9289,2.9314,2.9344,2.9364,2.9339,2.9364,23
2026-05-07 17:23:00,2.9334,2.9334,2.9284,2.9294,2.9384,2.9384,2.9334,2.9344,35
2026-05-07 17:24:00,2.9304,2.9339,2.9269,2.9314,2.9354,2.9389,2.9319,2.9364,61
2026-05-07 17:25:00,2.9309,2.9314,2.9294,2.9304,2.9359,2.9364,2.9344,2.9354,32
2026-05-07 17:26:00,2.9314,2.9354,2.9294,2.9354,2.9364,2.9404,2.9344,2.9404,42
2026-05-07 17:27:00,2.9359,2.9384,2.9344,2.9364,2.9409,2.9434,2.9394,2.9414,50
2026-05-07 17:28:00,2.9354,2.9419,2.9354,2.9414,2.9404,2.9469,2.9404,2.9464,58
2026-05-07 17:29:00,2.9424,2.9424,2.9354,2.9354,2.9474,2.9474,2.9404,2.9404,43
2026-05-07 17:30:00,2.9359,2.9369,2.9344,2.9344,2.9409,2.9419,2.9394,2.9394,32
2026-05-07 17:31:00,2.9354,2.9364,2.9294,2.9304,2.9404,2.9414,2.9344,2.9354,32
2026-05-07 17:32:00,2.9314,2.9314,2.9274,2.9294,2.9364,2.9364,2.9324,2.9344,25
2026-05-07 17:33:00,2.9284,2.9294,2.9244,2.9264,2.9334,2.9344,2.9294,2.9314,24
2026-05-07 17:34:00,2.9269,2.9269,2.9214,2.9239,2.9319,2.9319,2.9264,2.9289,41
2026-05-07 17:35:00,2.9254,2.9294,2.9254,2.9279,2.9304,2.9344,2.9304,2.9329,24
2026-05-07 17:36:00,2.9284,2.9294,2.9269,2.9284,2.9334,2.9344,2.9319,2.9334,30
2026-05-07 17:37:00,2.9279,2.9284,2.9264,2.9264,2.9329,2.9334,2.9314,2.9314,19
2026-05-07 17:38:00,2.9274,2.9284,2.9194,2.9214,2.9324,2.9334,2.9244,2.9264,37
2026-05-07 17:39:00,2.9209,2.9234,2.9194,2.9234,2.9259,2.9284,2.9244,2.9284,23
2026-05-07 17:40:00,2.9244,2.9264,2.9244,2.9259,2.9294,2.9314,2.9294,2.9309,15
2026-05-07 17:41:00,2.9254,2.9284,2.9254,2.9264,2.9304,2.9334,2.9304,2.9314,21
2026-05-07 17:42:00,2.9274,2.9294,2.9264,2.9289,2.9324,2.9344,2.9314,2.9339,36
2026-05-07 17:43:00,2.9294,2.9354,2.9284,2.9344,2.9344,2.9404,2.9334,2.9394,33
2026-05-07 17:44:00,2.9354,2.9354,2.9324,2.9344,2.9404,2.9404,2.9374,2.9394,20
2026-05-07 17:45:00,2.9354,2.9374,2.9354,2.9374,2.9404,2.9424,2.9404,2.9424,11
2026-05-07 17:46:00,2.9384,2.9394,2.9344,2.9354,2.9434,2.9444,2.9394,2.9404,24
2026-05-07 17:47:00,2.9349,2.9354,2.9344,2.9354,2.9399,2.9404,2.9394,2.9404,7
2026-05-07 17:48:00,2.9349,2.9354,2.9319,2.9354,2.9399,2.9404,2.9369,2.9404,20
2026-05-07 17:49:00,2.9349,2.9349,2.9289,2.9304,2.9399,2.9399,2.9339,2.9354,30
2026-05-07 17:50:00,2.9299,2.9314,2.9294,2.9304,2.9349,2.9364,2.9344,2.9354,24
2026-05-07 17:51:00,2.9299,2.9324,2.9294,2.9314,2.9349,2.9374,2.9344,2.9364,25
2026-05-07 17:52:00,2.9319,2.9339,2.9314,2.9314,2.9369,2.9389,2.9364,2.9364,23
2026-05-07 17:53:00,2.9304,2.9314,2.9294,2.9309,2.9354,2.9364,2.9344,2.9359,13
2026-05-07 17:54:00,2.9304,2.9314,2.9294,2.9299,2.9354,2.9364,2.9344,2.9349,14
2026-05-07 17:55:00,2.9304,2.9314,2.9294,2.9304,2.9354,2.9364,2.9344,2.9354,31
2026-05-07 17:56:00,2.9309,2.9314,2.9304,2.9304,2.9359,2.9364,2.9354,2.9354,3
2026-05-07 17:57:00,2.9299,2.9314,2.9274,2.9314,2.9349,2.9364,2.9324,2.9364,27
2026-05-07 17:58:00,2.9304,2.9314,2.9264,2.9264,2.9354,2.9364,2.9314,2.9314,15
2026-05-07 17:59:00,2.9254,2.9314,2.9244,2.9294,2.9304,2.9364,2.9294,2.9344,35
2026-05-07 18:00:00,2.9304,2.9344,2.9294,2.9334,2.9354,2.9394,2.9344,2.9384,33
2026-05-07 18:01:00,2.9329,2.9329,2.9284,2.9304,2.9379,2.9379,2.9334,2.9354,20
2026-05-07 18:02:00,2.9314,2.9354,2.9304,2.9344,2.9364,2.9404,2.9354,2.9394,32
2026-05-07 18:03:00,2.9349,2.9364,2.9334,2.9354,2.9399,2.9414,2.9384,2.9404,36
2026-05-07 18:04:00,2.9349,2.9369,2.9344,2.9349,2.9399,2.9419,2.9394,2.9399,33
2026-05-07 18:05:00,2.9354,2.9354,2.9324,2.9324,2.9404,2.9404,2.9374,2.9374,15
2026-05-07 18:06:00,2.9334,2.9334,2.9324,2.9324,2.9384,2.9384,2.9374,2.9374,19
2026-05-07 18:07:00,2.9319,2.9344,2.9314,2.9324,2.9369,2.9394,2.9364,2.9374,27
2026-05-07 18:08:00,2.9334,2.9334,2.9314,2.9324,2.9384,2.9384,2.9364,2.9374,18
2026-05-07 18:09:00,2.9319,2.9354,2.9314,2.9334,2.9369,2.9404,2.9364,2.9384,15
2026-05-07 18:10:00,2.9324,2.9344,2.9324,2.9324,2.9374,2.9394,2.9374,2.9374,20
2026-05-07 18:11:00,2.9334,2.9334,2.9304,2.9324,2.9384,2.9384,2.9354,2.9374,29
2026-05-07 18:12:00,2.9329,2.9334,2.9314,2.9324,2.9379,2.9384,2.9364,2.9374,12
2026-05-07 18:13:00,2.9319,2.9324,2.9304,2.9304,2.9369,2.9374,2.9354,2.9354,7
2026-05-07 18:14:00,2.9299,2.9364,2.9294,2.9354,2.9349,2.9414,2.9344,2.9404,24
2026-05-07 18:15:00,2.9364,2.9384,2.9354,2.9364,2.9414,2.9434,2.9404,2.9414,14
2026-05-07 18:16:00,2.9359,2.9484,2.9354,2.9474,2.9409,2.9534,2.9404,2.9524,66
2026-05-07 18:17:00,2.9479,2.9534,2.9464,2.9484,2.9529,2.9584,2.9514,2.9534,60
2026-05-07 18:18:00,2.9494,2.9524,2.9484,2.9509,2.9544,2.9574,2.9534,2.9559,33
2026-05-07 18:19:00,2.9514,2.9544,2.9499,2.9504,2.9564,2.9594,2.9549,2.9554,46
2026-05-07 18:20:00,2.9499,2.9514,2.9484,2.9494,2.9549,2.9564,2.9534,2.9544,38
2026-05-07 18:21:00,2.9499,2.9524,2.9499,2.9514,2.9549,2.9574,2.9549,2.9564,12
2026-05-07 18:22:00,2.9504,2.9504,2.9454,2.9464,2.9554,2.9554,2.9504,2.9514,19
2026-05-07 18:23:00,2.9474,2.9474,2.9454,2.9464,2.9524,2.9524,2.9504,2.9514,18
2026-05-07 18:24:00,2.9454,2.9494,2.9454,2.9489,2.9504,2.9544,2.9504,2.9539,34
2026-05-07 18:25:00,2.9494,2.9494,2.9464,2.9474,2.9544,2.9544,2.9514,2.9524,15
2026-05-07 18:26:00,2.9479,2.9494,2.9479,2.9494,2.9529,2.9544,2.9529,2.9544,29
2026-05-07 18:27:00,2.9499,2.9499,2.9444,2.9449,2.9549,2.9549,2.9494,2.9499,12
2026-05-07 18:28:00,2.9444,2.9464,2.9444,2.9444,2.9494,2.9514,2.9494,2.9494,11
2026-05-07 18:29:00,2.9454,2.9484,2.9434,2.9469,2.9504,2.9534,2.9484,2.9519,23
2026-05-07 18:30:00,2.9464,2.9474,2.9434,2.9444,2.9514,2.9524,2.9484,2.9494,19
2026-05-07 18:31:00,2.9449,2.9454,2.9424,2.9434,2.9499,2.9504,2.9474,2.9484,20
2026-05-07 18:32:00,2.9444,2.9444,2.9374,2.9384,2.9494,2.9494,2.9424,2.9434,14
2026-05-07 18:33:00,2.9374,2.9394,2.9364,2.9369,2.9424,2.9444,2.9414,2.9419,41
2026-05-07 18:34:00,2.9374,2.9424,2.9374,2.9414,2.9424,2.9474,2.9424,2.9464,25
2026-05-07 18:35:00,2.9404,2.9414,2.9384,2.9384,2.9454,2.9464,2.9434,2.9434,16
2026-05-07 18:36:00,2.9389,2.9404,2.9384,2.9384,2.9439,2.9454,2.9434,2.9434,8
2026-05-07 18:37:00,2.9379,2.9394,2.9374,2.9384,2.9429,2.9444,2.9424,2.9434,10
2026-05-07 18:38:00,2.9389,2.9414,2.9384,2.9389,2.9439,2.9464,2.9434,2.9439,23
2026-05-07 18:39:00,2.9394,2.9399,2.9384,2.9394,2.9444,2.9449,2.9434,2.9444,9
2026-05-07 18:40:00,2.9389,2.9404,2.9374,2.9389,2.9439,2.9454,2.9424,2.9439,15
2026-05-07 18:41:00,2.9384,2.9394,2.9354,2.9364,2.9434,2.9444,2.9404,2.9414,19
2026-05-07 18:42:00,2.9359,2.9364,2.9314,2.9364,2.9409,2.9414,2.9364,2.9414,32
2026-05-07 18:43:00,2.9369,2.9404,2.9369,2.9394,2.9419,2.9454,2.9419,2.9444,24
2026-05-07 18:44:00,2.9389,2.9394,2.9374,2.9374,2.9439,2.9444,2.9424,2.9424,10
2026-05-07 18:45:00,2.9384,2.9404,2.9384,2.9394,2.9434,2.9454,2.9434,2.9444,17
2026-05-07 18:46:00,2.9404,2.9404,2.9354,2.9384,2.9454,2.9454,2.9404,2.9434,21
2026-05-07 18:47:00,2.9394,2.9394,2.9344,2.9354,2.9444,2.9444,2.9394,2.9404,38
2026-05-07 18:48:00,2.9359,2.9374,2.9334,2.9374,2.9409,2.9424,2.9384,2.9424,23
2026-05-07 18:49:00,2.9379,2.9379,2.9349,2.9354,2.9429,2.9429,2.9399,2.9404,16
2026-05-07 18:50:00,2.9349,2.9384,2.9349,2.9364,2.9399,2.9434,2.9399,2.9414,18
2026-05-07 18:51:00,2.9374,2.9384,2.9354,2.9374,2.9424,2.9434,2.9404,2.9424,14
2026-05-07 18:52:00,2.9364,2.9374,2.9344,2.9354,2.9414,2.9424,2.9394,2.9404,23
2026-05-07 18:53:00,2.9349,2.9354,2.9329,2.9339,2.9399,2.9404,2.9379,2.9389,24
2026-05-07 18:54:00,2.9344,2.9354,2.9339,2.9344,2.9394,2.9404,2.9389,2.9394,8
2026-05-07 18:55:00,2.9354,2.9354,2.9304,2.9304,2.9404,2.9404,2.9354,2.9354,14
2026-05-07 18:56:00,2.9299,2.9299,2.9264,2.9274,2.9349,2.9349,2.9314,2.9324,28
2026-05-07 18:57:00,2.9279,2.9284,2.9264,2.9264,2.9329,2.9334,2.9314,2.9314,18
2026-05-07 18:58:00,2.9274,2.9274,2.9244,2.9254,2.9324,2.9324,2.9294,2.9304,27
2026-05-07 18:59:00,2.9264,2.9274,2.9264,2.9269,2.9314,2.9324,2.9314,2.9319,10
2026-05-07 19:00:00,2.9254,2.9279,2.9254,2.9254,2.9304,2.9329,2.9304,2.9304,11
2026-05-07 19:01:00,2.9259,2.9284,2.9254,2.9284,2.9309,2.9334,2.9304,2.9334,12
2026-05-07 19:02:00,2.9279,2.9284,2.9274,2.9284,2.9329,2.9334,2.9324,2.9334,16
2026-05-07 19:03:00,2.9279,2.9284,2.9274,2.9284,2.9329,2.9334,2.9324,2.9334,15
2026-05-07 19:04:00,2.9274,2.9284,2.9269,2.9284,2.9324,2.9334,2.9319,2.9334,12
2026-05-07 19:05:00,2.9274,2.9274,2.9259,2.9274,2.9324,2.9324,2.9309,2.9324,16
2026-05-07 19:06:00,2.9284,2.9284,2.9264,2.9269,2.9334,2.9334,2.9314,2.9319,25
2026-05-07 19:07:00,2.9264,2.9274,2.9254,2.9264,2.9314,2.9324,2.9304,2.9314,16
2026-05-07 19:08:00,2.9274,2.9279,2.9269,2.9279,2.9324,2.9329,2.9319,2.9329,4
2026-05-07 19:09:00,2.9274,2.9304,2.9274,2.9294,2.9324,2.9354,2.9324,2.9344,26
2026-05-07 19:10:00,2.9284,2.9294,2.9274,2.9284,2.9334,2.9344,2.9324,2.9334,31
2026-05-07 19:11:00,2.9279,2.9294,2.9274,2.9274,2.9329,2.9344,2.9324,2.9324,18
2026-05-07 19:12:00,2.9279,2.9284,2.9269,2.9274,2.9329,2.9334,2.9319,2.9324,20
2026-05-07 19:13:00,2.9279,2.9284,2.9264,2.9269,2.9329,2.9334,2.9314,2.9319,15
2026-05-07 19:14:00,2.9274,2.9274,2.9214,2.9234,2.9324,2.9324,2.9264,2.9284,25
2026-05-07 19:15:00,2.9239,2.9244,2.9224,2.9244,2.9289,2.9294,2.9274,2.9294,25
2026-05-07 19:16:00,2.9234,2.9239,2.9164,2.9164,2.9284,2.9289,2.9214,2.9214,23
2026-05-07 19:17:00,2.9169,2.9174,2.9094,2.9124,2.9219,2.9224,2.9144,2.9174,57
2026-05-07 19:18:00,2.9129,2.9149,2.9094,2.9134,2.9179,2.9199,2.9144,2.9184,37
2026-05-07 19:19:00,2.9129,2.9144,2.9114,2.9124,2.9179,2.9194,2.9164,2.9174,9
2026-05-07 19:20:00,2.9114,2.9134,2.9094,2.9124,2.9164,2.9184,2.9144,2.9174,38
2026-05-07 19:21:00,2.9134,2.9164,2.9124,2.9154,2.9184,2.9214,2.9174,2.9204,29
2026-05-07 19:22:00,2.9159,2.9159,2.9134,2.9139,2.9209,2.9209,2.9184,2.9189,11
2026-05-07 19:23:00,2.9144,2.9144,2.9124,2.9124,2.9194,2.9194,2.9174,2.9174,16
2026-05-07 19:24:00,2.9129,2.9154,2.9114,2.9154,2.9179,2.9204,2.9164,2.9204,31
2026-05-07 19:25:00,2.9149,2.9214,2.9134,2.9184,2.9199,2.9264,2.9184,2.9234,53
2026-05-07 19:26:00,2.9189,2.9264,2.9179,2.9259,2.9239,2.9314,2.9229,2.9309,73
2026-05-07 19:27:00,2.9249,2.9314,2.9244,2.9269,2.9299,2.9364,2.9294,2.9319,85
2026-05-07 19:28:00,2.9279,2.9314,2.9264,2.9274,2.9329,2.9364,2.9314,2.9324,71
2026-05-07 19:29:00,2.9264,2.9284,2.9244,2.9274,2.9314,2.9334,2.9294,2.9324,54
2026-05-07 19:30:00,2.9269,2.9304,2.9254,2.9264,2.9319,2.9354,2.9304,2.9314,35
2026-05-07 19:31:00,2.9274,2.9304,2.9269,2.9299,2.9324,2.9354,2.9319,2.9349,29
2026-05-07 19:32:00,2.9304,2.9314,2.9284,2.9294,2.9354,2.9364,2.9334,2.9344,30
2026-05-07 19:33:00,2.9299,2.9314,2.9294,2.9314,2.9349,2.9364,2.9344,2.9364,21
2026-05-07 19:34:00,2.9324,2.9334,2.9304,2.9304,2.9374,2.9384,2.9354,2.9354,18
2026-05-07 19:35:00,2.9314,2.9324,2.9284,2.9304,2.9364,2.9374,2.9334,2.9354,37
2026-05-07 19:36:00,2.9314,2.9314,2.9304,2.9304,2.9364,2.9364,2.9354,2.9354,10
2026-05-07 19:37:00,2.9309,2.9309,2.9274,2.9284,2.9359,2.9359,2.9324,2.9334,28
2026-05-07 19:38:00,2.9279,2.9304,2.9259,2.9294,2.9329,2.9354,2.9309,2.9344,30
2026-05-07 19:39:00,2.9289,2.9289,2.9264,2.9274,2.9339,2.9339,2.9314,2.9324,15
2026-05-07 19:40:00,2.9279,2.9294,2.9274,2.9284,2.9329,2.9344,2.9324,2.9334,16
2026-05-07 19:41:00,2.9294,2.9304,2.9284,2.9294,2.9344,2.9354,2.9334,2.9344,13
2026-05-07 19:42:00,2.9299,2.9304,2.9284,2.9294,2.9349,2.9354,2.9334,2.9344,16
2026-05-07 19:43:00,2.9304,2.9304,2.9294,2.9294,2.9354,2.9354,2.9344,2.9344,15
2026-05-07 19:44:00,2.9284,2.9294,2.9274,2.9274,2.9334,2.9344,2.9324,2.9324,10
2026-05-07 19:45:00,2.9269,2.9284,2.9264,2.9274,2.9319,2.9334,2.9314,2.9324,13
2026-05-07 19:46:00,2.9284,2.9299,2.9274,2.9294,2.9334,2.9349,2.9324,2.9344,16
2026-05-07 19:47:00,2.9299,2.9299,2.9284,2.9294,2.9349,2.9349,2.9334,2.9344,13
2026-05-07 19:48:00,2.9299,2.9304,2.9294,2.9294,2.9349,2.9354,2.9344,2.9344,14
2026-05-07 19:49:00,2.9299,2.9299,2.9289,2.9289,2.9349,2.9349,2.9339,2.9339,13
2026-05-07 19:50:00,2.9294,2.9314,2.9294,2.9304,2.9344,2.9364,2.9344,2.9354,21
2026-05-07 19:51:00,2.9299,2.9314,2.9289,2.9314,2.9349,2.9364,2.9339,2.9364,7
2026-05-07 19:52:00,2.9304,2.9324,2.9294,2.9304,2.9354,2.9374,2.9344,2.9354,10
2026-05-07 19:53:00,2.9294,2.9304,2.9294,2.9304,2.9344,2.9354,2.9344,2.9354,7
2026-05-07 19:54:00,2.9299,2.9299,2.9284,2.9289,2.9349,2.9349,2.9334,2.9339,10
2026-05-07 19:55:00,2.9294,2.9314,2.9294,2.9304,2.9344,2.9364,2.9344,2.9354,6
2026-05-07 19:56:00,2.9294,2.9304,2.9204,2.9269,2.9344,2.9354,2.9254,2.9319,76
2026-05-07 19:57:00,2.9254,2.9274,2.9244,2.9249,2.9304,2.9324,2.9294,2.9299,33
2026-05-07 19:58:00,2.9254,2.9254,2.9174,2.9184,2.9304,2.9304,2.9224,2.9234,32
2026-05-07 19:59:00,2.9179,2.9184,2.9149,2.9159,2.9229,2.9234,2.9199,2.9209,23
2026-05-07 20:00:00,2.9144,2.9154,2.9034,2.9049,2.9194,2.9204,2.9084,2.9099,43
2026-05-07 20:01:00,2.9064,2.9064,2.8974,2.9034,2.9114,2.9114,2.9024,2.9084,68
2026-05-07 20:02:00,2.9039,2.9044,2.8994,2.8994,2.9089,2.9094,2.9044,2.9044,55
2026-05-07 20:03:00,2.9004,2.9004,2.8924,2.8959,2.9054,2.9054,2.8974,2.9009,96
2026-05-07 20:04:00,2.8954,2.9004,2.8944,2.8989,2.9004,2.9054,2.8994,2.9039,31
2026-05-07 20:05:00,2.8979,2.8984,2.8924,2.8934,2.9029,2.9034,2.8974,2.8984,35
2026-05-07 20:06:00,2.8944,2.8964,2.8924,2.8964,2.8994,2.9014,2.8974,2.9014,42
2026-05-07 20:07:00,2.8974,2.9004,2.8964,2.8989,2.9024,2.9054,2.9014,2.9039,44
2026-05-07 20:08:00,2.8984,2.9014,2.8984,2.9004,2.9034,2.9064,2.9034,2.9054,24
2026-05-07 20:09:00,2.9009,2.9054,2.9009,2.9049,2.9059,2.9104,2.9059,2.9099,22
2026-05-07 20:10:00,2.9044,2.9114,2.9044,2.9104,2.9094,2.9164,2.9094,2.9154,41
2026-05-07 20:11:00,2.9094,2.9124,2.9084,2.9114,2.9144,2.9174,2.9134,2.9164,29
2026-05-07 20:12:00,2.9119,2.9144,2.9114,2.9124,2.9169,2.9194,2.9164,2.9174,38
2026-05-07 20:13:00,2.9129,2.9144,2.9129,2.9134,2.9179,2.9194,2.9179,2.9184,15
2026-05-07 20:14:00,2.9129,2.9144,2.9129,2.9144,2.9179,2.9194,2.9179,2.9194,15
2026-05-07 20:15:00,2.9139,2.9139,2.9104,2.9114,2.9189,2.9189,2.9154,2.9164,16
2026-05-07 20:16:00,2.9109,2.9114,2.9094,2.9114,2.9159,2.9164,2.9144,2.9164,14
2026-05-07 20:17:00,2.9109,2.9134,2.9104,2.9109,2.9159,2.9184,2.9154,2.9159,18
2026-05-07 20:18:00,2.9114,2.9124,2.9109,2.9114,2.9164,2.9174,2.9159,2.9164,25
2026-05-07 20:19:00,2.9119,2.9139,2.9114,2.9134,2.9169,2.9189,2.9164,2.9184,14
2026-05-07 20:20:00,2.9139,2.9164,2.9124,2.9134,2.9189,2.9214,2.9174,2.9184,29
2026-05-07 20:21:00,2.9144,2.9154,2.9139,2.9154,2.9194,2.9204,2.9189,2.9204,8
2026-05-07 20:22:00,2.9149,2.9154,2.9124,2.9134,2.9199,2.9204,2.9174,2.9184,13
2026-05-07 20:23:00,2.9139,2.9174,2.9139,2.9154,2.9189,2.9224,2.9189,2.9204,22
2026-05-07 20:24:00,2.9149,2.9154,2.9124,2.9134,2.9199,2.9204,2.9174,2.9184,26
2026-05-07 20:25:00,2.9139,2.9139,2.9104,2.9129,2.9189,2.9189,2.9154,2.9179,47
2026-05-07 20:26:00,2.9124,2.9159,2.9124,2.9154,2.9174,2.9209,2.9174,2.9204,40
2026-05-07 20:27:00,2.9159,2.9164,2.9114,2.9134,2.9209,2.9214,2.9164,2.9184,41
2026-05-07 20:28:00,2.9129,2.9129,2.9054,2.9109,2.9179,2.9179,2.9104,2.9159,67
2026-05-07 20:29:00,2.9114,2.9154,2.9104,2.9134,2.9164,2.9204,2.9154,2.9184,70
2026-05-07 20:30:00,2.9124,2.9124,2.9084,2.9094,2.9174,2.9174,2.9134,2.9144,23
2026-05-07 20:31:00,2.9089,2.9114,2.9089,2.9104,2.9139,2.9164,2.9139,2.9154,14
2026-05-07 20:32:00,2.9099,2.9124,2.9099,2.9119,2.9149,2.9174,2.9149,2.9169,18
2026-05-07 20:33:00,2.9114,2.9114,2.9064,2.9084,2.9164,2.9164,2.9114,2.9134,15
2026-05-07 20:34:00,2.9089,2.9094,2.9084,2.9094,2.9139,2.9144,2.9134,2.9144,16
2026-05-07 20:35:00,2.9084,2.9104,2.9084,2.9094,2.9134,2.9154,2.9134,2.9144,18
2026-05-07 20:36:00,2.9089,2.9104,2.9079,2.9094,2.9139,2.9154,2.9129,2.9144,18
2026-05-07 20:37:00,2.9084,2.9124,2.9084,2.9114,2.9134,2.9174,2.9134,2.9164,13
2026-05-07 20:38:00,2.9119,2.9129,2.9084,2.9094,2.9169,2.9179,2.9134,2.9144,27
2026-05-07 20:39:00,2.9104,2.9104,2.9069,2.9074,2.9154,2.9154,2.9119,2.9124,14
2026-05-07 20:40:00,2.9069,2.9084,2.9064,2.9074,2.9119,2.9134,2.9114,2.9124,14
2026-05-07 20:41:00,2.9064,2.9094,2.9064,2.9084,2.9114,2.9144,2.9114,2.9134,25
2026-05-07 20:42:00,2.9079,2.9094,2.9064,2.9069,2.9129,2.9144,2.9114,2.9119,25
2026-05-07 20:43:00,2.9064,2.9084,2.9064,2.9074,2.9114,2.9134,2.9114,2.9124,10
2026-05-07 20:44:00,2.9079,2.9134,2.9074,2.9114,2.9129,2.9184,2.9124,2.9164,66
2026-05-07 20:45:00,2.9109,2.9144,2.9099,2.9099,2.9159,2.9194,2.9149,2.9149,43
2026-05-07 20:46:00,2.9109,2.9114,2.9099,2.9099,2.9159,2.9164,2.9149,2.9149,21
2026-05-07 20:47:00,2.9104,2.9129,2.9084,2.9129,2.9154,2.9179,2.9134,2.9179,25
2026-05-07 20:48:00,2.9124,2.9134,2.9114,2.9134,2.9174,2.9184,2.9164,2.9184,18
2026-05-07 20:49:00,2.9129,2.9144,2.9124,2.9139,2.9179,2.9194,2.9174,2.9189,11
2026-05-07 20:50:00,2.9134,2.9154,2.9134,2.9144,2.9184,2.9204,2.9184,2.9194,25
2026-05-07 20:51:00,2.9154,2.9154,2.9129,2.9134,2.9204,2.9204,2.9179,2.9184,8
2026-05-07 20:52:00,2.9124,2.9134,2.9114,2.9124,2.9174,2.9184,2.9164,2.9174,10
2026-05-07 20:53:00,2.9114,2.9144,2.9114,2.9144,2.9164,2.9194,2.9164,2.9194,26
2026-05-07 20:54:00,2.9139,2.9144,2.9134,2.9134,2.9189,2.9194,2.9184,2.9184,18
2026-05-07 20:55:00,2.9144,2.9159,2.9124,2.9134,2.9194,2.9209,2.9174,2.9184,27
2026-05-07 20:56:00,2.9139,2.9144,2.9114,2.9134,2.9189,2.9194,2.9164,2.9184,25
2026-05-07 20:57:00,2.9144,2.9144,2.9104,2.9114,2.9194,2.9194,2.9154,2.9164,24
2026-05-07 20:58:00,2.9109,2.9124,2.9094,2.9114,2.9159,2.9174,2.9144,2.9164,17
2026-05-07 20:59:00,2.9119,2.9124,2.9114,2.9114,2.9169,2.9174,2.9164,2.9164,9
2026-05-07 21:00:00,2.9104,2.9124,2.9094,2.9114,2.9154,2.9174,2.9144,2.9164,7
2026-05-07 21:01:00,2.9119,2.9124,2.9104,2.9114,2.9169,2.9174,2.9154,2.9164,5
2026-05-07 21:02:00,2.9119,2.9154,2.9114,2.9144,2.9169,2.9204,2.9164,2.9194,13
2026-05-07 21:03:00,2.9154,2.9154,2.9134,2.9154,2.9204,2.9204,2.9184,2.9204,7
2026-05-07 21:04:00,2.9149,2.9164,2.9149,2.9164,2.9199,2.9214,2.9199,2.9214,5
2026-05-07 21:05:00,2.9154,2.9169,2.9154,2.9154,2.9204,2.9219,2.9204,2.9204,9
2026-05-07 21:06:00,2.9149,2.9154,2.9134,2.9139,2.9199,2.9204,2.9184,2.9189,10
2026-05-07 21:07:00,2.9144,2.9149,2.9134,2.9149,2.9194,2.9199,2.9184,2.9199,7
2026-05-07 21:08:00,2.9144,2.9154,2.9124,2.9124,2.9194,2.9204,2.9174,2.9174,13
2026-05-07 21:09:00,2.9119,2.9124,2.9114,2.9124,2.9169,2.9174,2.9164,2.9174,17
2026-05-07 21:10:00,2.9114,2.9134,2.9114,2.9124,2.9164,2.9184,2.9164,2.9174,10
2026-05-07 21:11:00,2.9129,2.9134,2.9114,2.9114,2.9179,2.9184,2.9164,2.9164,6
2026-05-07 21:12:00,2.9104,2.9104,2.9084,2.9104,2.9154,2.9154,2.9134,2.9154,13
2026-05-07 21:14:00,2.9114,2.9134,2.9114,2.9134,2.9164,2.9184,2.9164,2.9184,5
2026-05-07 21:15:00,2.9124,2.9134,2.9124,2.9124,2.9174,2.9184,2.9174,2.9174,3
2026-05-07 21:16:00,2.9114,2.9124,2.9114,2.9114,2.9164,2.9174,2.9164,2.9164,4
2026-05-07 21:17:00,2.9109,2.9164,2.9109,2.9154,2.9159,2.9214,2.9159,2.9204,31
2026-05-07 21:18:00,2.9159,2.9164,2.9129,2.9144,2.9209,2.9214,2.9179,2.9194,30
2026-05-07 21:19:00,2.9154,2.9154,2.9144,2.9154,2.9204,2.9204,2.9194,2.9204,20
2026-05-07 21:20:00,2.9144,2.9154,2.9134,2.9144,2.9194,2.9204,2.9184,2.9194,9
2026-05-07 21:21:00,2.9149,2.9154,2.9134,2.9144,2.9199,2.9204,2.9184,2.9194,14
2026-05-07 21:22:00,2.9154,2.9154,2.9134,2.9144,2.9204,2.9204,2.9184,2.9194,4
2026-05-07 21:23:00,2.9154,2.9154,2.9134,2.9134,2.9204,2.9204,2.9184,2.9184,11
2026-05-07 21:24:00,2.9124,2.9164,2.9124,2.9164,2.9174,2.9214,2.9174,2.9214,14
2026-05-07 21:25:00,2.9174,2.9224,2.9164,2.9214,2.9224,2.9274,2.9214,2.9264,27
2026-05-07 21:26:00,2.9219,2.9234,2.9214,2.9219,2.9269,2.9284,2.9264,2.9269,13
2026-05-07 21:27:00,2.9224,2.9224,2.9194,2.9204,2.9274,2.9274,2.9244,2.9254,9
2026-05-07 21:28:00,2.9214,2.9214,2.9194,2.9214,2.9264,2.9264,2.9244,2.9264,11
2026-05-07 21:29:00,2.9209,2.9209,2.9194,2.9199,2.9259,2.9259,2.9244,2.9249,10
2026-05-07 21:30:00,2.9204,2.9204,2.9179,2.9194,2.9254,2.9254,2.9229,2.9244,19
2026-05-07 21:31:00,2.9189,2.9204,2.9164,2.9179,2.9239,2.9254,2.9214,2.9229,18
2026-05-07 21:32:00,2.9184,2.9184,2.9164,2.9164,2.9234,2.9234,2.9214,2.9214,5
2026-05-07 21:33:00,2.9169,2.9174,2.9154,2.9154,2.9219,2.9224,2.9204,2.9204,4
2026-05-07 21:34:00,2.9144,2.9154,2.9144,2.9144,2.9194,2.9204,2.9194,2.9194,5
2026-05-07 21:35:00,2.9139,2.9144,2.9134,2.9144,2.9189,2.9194,2.9184,2.9194,8
2026-05-07 21:36:00,2.9139,2.9154,2.9134,2.9139,2.9189,2.9204,2.9184,2.9189,13
2026-05-07 21:37:00,2.9144,2.9179,2.9134,2.9154,2.9194,2.9229,2.9184,2.9204,9
2026-05-07 21:38:00,2.9164,2.9164,2.9154,2.9154,2.9214,2.9214,2.9204,2.9204,7
2026-05-07 21:39:00,2.9164,2.9174,2.9154,2.9174,2.9214,2.9224,2.9204,2.9224,12
2026-05-07 21:40:00,2.9169,2.9184,2.9164,2.9184,2.9219,2.9234,2.9214,2.9234,15
2026-05-07 21:41:00,2.9194,2.9214,2.9189,2.9214,2.9244,2.9264,2.9239,2.9264,9
2026-05-07 21:42:00,2.9204,2.9209,2.9194,2.9204,2.9254,2.9259,2.9244,2.9254,14
2026-05-07 21:43:00,2.9199,2.9199,2.9194,2.9194,2.9249,2.9249,2.9244,2.9244,2
2026-05-07 21:44:00,2.9204,2.9214,2.9194,2.9214,2.9254,2.9264,2.9244,2.9264,19
2026-05-07 21:45:00,2.9219,2.9224,2.9214,2.9224,2.9269,2.9274,2.9264,2.9274,7
2026-05-07 21:46:00,2.9214,2.9219,2.9214,2.9214,2.9264,2.9269,2.9264,2.9264,7
2026-05-07 21:47:00,2.9224,2.9224,2.9194,2.9204,2.9274,2.9274,2.9244,2.9254,10
2026-05-07 21:48:00,2.9199,2.9204,2.9189,2.9189,2.9249,2.9254,2.9239,2.9239,9
2026-05-07 21:49:00,2.9194,2.9194,2.9159,2.9174,2.9244,2.9244,2.9209,2.9224,21
2026-05-07 21:50:00,2.9179,2.9184,2.9174,2.9174,2.9229,2.9234,2.9224,2.9224,7
2026-05-07 21:51:00,2.9179,2.9184,2.9174,2.9184,2.9229,2.9234,2.9224,2.9234,4
2026-05-07 21:52:00,2.9194,2.9254,2.9184,2.9244,2.9244,2.9304,2.9234,2.9294,71
2026-05-07 21:53:00,2.9249,2.9254,2.9244,2.9254,2.9299,2.9304,2.9294,2.9304,17
2026-05-07 21:54:00,2.9244,2.9244,2.9224,2.9229,2.9294,2.9294,2.9274,2.9279,15
2026-05-07 21:55:00,2.9224,2.9234,2.9224,2.9234,2.9274,2.9284,2.9274,2.9284,14
2026-05-07 21:56:00,2.9224,2.9274,2.9224,2.9274,2.9274,2.9324,2.9274,2.9324,17
2026-05-07 21:57:00,2.9279,2.9284,2.9244,2.9244,2.9329,2.9334,2.9294,2.9294,21
2026-05-07 21:58:00,2.9234,2.9234,2.9224,2.9234,2.9284,2.9284,2.9274,2.9284,11
2026-05-07 21:59:00,2.9244,2.9244,2.9234,2.9244,2.9294,2.9294,2.9284,2.9294,13
2026-05-07 22:00:00,2.9239,2.9244,2.9224,2.9244,2.9289,2.9294,2.9274,2.9294,22
2026-05-07 22:01:00,2.9254,2.9259,2.9224,2.9239,2.9304,2.9309,2.9274,2.9289,20
2026-05-07 22:02:00,2.9234,2.9244,2.9184,2.9184,2.9284,2.9294,2.9234,2.9234,61
2026-05-07 22:03:00,2.9189,2.9209,2.9184,2.9209,2.9239,2.9259,2.9234,2.9259,30
2026-05-07 22:04:00,2.9204,2.9224,2.9164,2.9224,2.9254,2.9274,2.9214,2.9274,33
2026-05-07 22:05:00,2.9219,2.9239,2.9219,2.9229,2.9269,2.9289,2.9269,2.9279,25
2026-05-07 22:06:00,2.9234,2.9239,2.9229,2.9234,2.9284,2.9289,2.9279,2.9284,28
2026-05-07 22:07:00,2.9239,2.9239,2.9229,2.9234,2.9289,2.9289,2.9279,2.9284,10
2026-05-07 22:08:00,2.9224,2.9324,2.9224,2.9324,2.9274,2.9374,2.9274,2.9374,27
2026-05-07 22:09:00,2.9314,2.9334,2.9314,2.9334,2.9364,2.9384,2.9364,2.9384,13
2026-05-07 22:10:00,2.9324,2.9334,2.9314,2.9329,2.9374,2.9384,2.9364,2.9379,22
2026-05-07 22:11:00,2.9324,2.9339,2.9324,2.9334,2.9374,2.9389,2.9374,2.9384,16
2026-05-07 22:12:00,2.9344,2.9354,2.9309,2.9309,2.9394,2.9404,2.9359,2.9359,23
2026-05-07 22:13:00,2.9304,2.9304,2.9284,2.9284,2.9354,2.9354,2.9334,2.9334,15
2026-05-07 22:14:00,2.9289,2.9289,2.9284,2.9284,2.9339,2.9339,2.9334,2.9334,2
2026-05-07 22:15:00,2.9294,2.9294,2.9294,2.9294,2.9344,2.9344,2.9344,2.9344,1
2026-05-07 22:16:00,2.9284,2.9289,2.9284,2.9289,2.9334,2.9339,2.9334,2.9339,4
2026-05-07 22:17:00,2.9284,2.9299,2.9284,2.9289,2.9334,2.9349,2.9334,2.9339,19
2026-05-07 22:18:00,2.9284,2.9284,2.9274,2.9279,2.9334,2.9334,2.9324,2.9329,5
2026-05-07 22:19:00,2.9284,2.9284,2.9274,2.9274,2.9334,2.9334,2.9324,2.9324,5
2026-05-07 22:20:00,2.9264,2.9274,2.9259,2.9264,2.9314,2.9324,2.9309,2.9314,5
2026-05-07 22:21:00,2.9254,2.9264,2.9254,2.9264,2.9304,2.9314,2.9304,2.9314,2
2026-05-07 22:22:00,2.9274,2.9284,2.9264,2.9274,2.9324,2.9334,2.9314,2.9324,16
2026-05-07 22:23:00,2.9264,2.9264,2.9254,2.9259,2.9314,2.9314,2.9304,2.9309,3
2026-05-07 22:24:00,2.9254,2.9254,2.9244,2.9244,2.9304,2.9304,2.9294,2.9294,10
2026-05-07 22:25:00,2.9254,2.9254,2.9244,2.9244,2.9304,2.9304,2.9294,2.9294,11
2026-05-07 22:26:00,2.9239,2.9244,2.9234,2.9234,2.9289,2.9294,2.9284,2.9284,6
2026-05-07 22:27:00,2.9239,2.9244,2.9239,2.9244,2.9289,2.9294,2.9289,2.9294,2
2026-05-07 22:28:00,2.9239,2.9239,2.9234,2.9239,2.9289,2.9289,2.9284,2.9289,3
2026-05-07 22:29:00,2.9234,2.9254,2.9234,2.9254,2.9284,2.9304,2.9284,2.9304,5
2026-05-07 22:30:00,2.9259,2.9294,2.9259,2.9289,2.9309,2.9344,2.9309,2.9339,6
2026-05-07 22:31:00,2.9294,2.9294,2.9264,2.9269,2.9344,2.9344,2.9314,2.9319,8
2026-05-07 22:32:00,2.9274,2.9279,2.9269,2.9279,2.9324,2.9329,2.9319,2.9329,8
2026-05-07 22:33:00,2.9284,2.9289,2.9284,2.9284,2.9334,2.9339,2.9334,2.9334,7
2026-05-07 22:34:00,2.9274,2.9284,2.9274,2.9284,2.9324,2.9334,2.9324,2.9334,5
2026-05-07 22:35:00,2.9289,2.9289,2.9284,2.9284,2.9339,2.9339,2.9334,2.9334,6
2026-05-07 22:36:00,2.9274,2.9284,2.9274,2.9274,2.9324,2.9334,2.9324,2.9324,3
2026-05-07 22:37:00,2.9284,2.9354,2.9284,2.9344,2.9334,2.9404,2.9334,2.9394,33
2026-05-07 22:38:00,2.9339,2.9364,2.9314,2.9354,2.9389,2.9414,2.9364,2.9404,48
2026-05-07 22:39:00,2.9349,2.9354,2.9344,2.9349,2.9399,2.9404,2.9394,2.9399,15
2026-05-07 22:40:00,2.9344,2.9354,2.9304,2.9319,2.9394,2.9404,2.9354,2.9369,31
2026-05-07 22:41:00,2.9324,2.9329,2.9294,2.9299,2.9374,2.9379,2.9344,2.9349,8
2026-05-07 22:42:00,2.9304,2.9304,2.9284,2.9284,2.9354,2.9354,2.9334,2.9334,19
2026-05-07 22:43:00,2.9289,2.9294,2.9289,2.9289,2.9339,2.9344,2.9339,2.9339,9
2026-05-07 22:44:00,2.9284,2.9294,2.9284,2.9284,2.9334,2.9344,2.9334,2.9334,4
2026-05-07 22:45:00,2.9274,2.9274,2.9254,2.9254,2.9324,2.9324,2.9304,2.9304,4
2026-05-07 22:46:00,2.9259,2.9259,2.9249,2.9259,2.9309,2.9309,2.9299,2.9309,27
2026-05-07 22:47:00,2.9254,2.9284,2.9254,2.9279,2.9304,2.9334,2.9304,2.9329,23
2026-05-07 22:48:00,2.9274,2.9274,2.9254,2.9254,2.9324,2.9324,2.9304,2.9304,17
2026-05-07 22:49:00,2.9259,2.9259,2.9254,2.9254,2.9309,2.9309,2.9304,2.9304,2
2026-05-07 22:50:00,2.9249,2.9249,2.9234,2.9239,2.9299,2.9299,2.9284,2.9289,19
2026-05-07 22:51:00,2.9234,2.9244,2.9224,2.9229,2.9284,2.9294,2.9274,2.9279,20
2026-05-07 22:52:00,2.9224,2.9234,2.9224,2.9234,2.9274,2.9284,2.9274,2.9284,4
2026-05-07 22:54:00,2.9244,2.9244,2.9224,2.9224,2.9294,2.9294,2.9274,2.9274,12
2026-05-07 22:55:00,2.9229,2.9229,2.9214,2.9224,2.9279,2.9279,2.9264,2.9274,7
2026-05-07 22:56:00,2.9234,2.9244,2.9229,2.9234,2.9284,2.9294,2.9279,2.9284,9
2026-05-07 22:57:00,2.9229,2.9234,2.9224,2.9224,2.9279,2.9284,2.9274,2.9274,4
2026-05-07 22:58:00,2.9219,2.9244,2.9214,2.9244,2.9269,2.9294,2.9264,2.9294,27
2026-05-07 22:59:00,2.9249,2.9254,2.9192,2.9192,2.9299,2.9304,2.9242,2.9242,45
2026-05-08 00:00:00,2.9297,2.9297,2.9187,2.9202,2.9347,2.9347,2.9237,2.9252,26
2026-05-08 00:01:00,2.9197,2.9202,2.9187,2.9202,2.9247,2.9252,2.9237,2.9252,4
2026-05-08 00:02:00,2.9197,2.9197,2.9162,2.9172,2.9247,2.9247,2.9212,2.9222,8
2026-05-08 00:03:00,2.9167,2.9182,2.9157,2.9162,2.9217,2.9232,2.9207,2.9212,6
2026-05-08 00:04:00,2.9157,2.9177,2.9157,2.9177,2.9207,2.9227,2.9207,2.9227,9
2026-05-08 00:05:00,2.9167,2.9167,2.9157,2.9157,2.9217,2.9217,2.9207,2.9207,2
2026-05-08 00:06:00,2.9152,2.9177,2.9152,2.9167,2.9202,2.9227,2.9202,2.9217,6
2026-05-08 00:07:00,2.9162,2.9172,2.9162,2.9167,2.9212,2.9222,2.9212,2.9217,4
2026-05-08 00:08:00,2.9157,2.9162,2.9157,2.9157,2.9207,2.9212,2.9207,2.9207,3
2026-05-08 00:09:00,2.9152,2.9162,2.9152,2.9162,2.9202,2.9212,2.9202,2.9212,2
2026-05-08 00:10:00,2.9167,2.9182,2.9167,2.9177,2.9217,2.9232,2.9217,2.9227,7
2026-05-08 00:11:00,2.9172,2.9187,2.9167,2.9187,2.9222,2.9237,2.9217,2.9237,7
2026-05-08 00:12:00,2.9182,2.9182,2.9162,2.9177,2.9232,2.9232,2.9212,2.9227,13
2026-05-08 00:13:00,2.9167,2.9177,2.9167,2.9167,2.9217,2.9227,2.9217,2.9217,5
2026-05-08 00:14:00,2.9172,2.9182,2.9172,2.9177,2.9222,2.9232,2.9222,2.9227,4
2026-05-08 00:15:00,2.9172,2.9172,2.9167,2.9172,2.9222,2.9222,2.9217,2.9222,3
2026-05-08 00:16:00,2.9177,2.9177,2.9137,2.9152,2.9227,2.9227,2.9187,2.9202,11
2026-05-08 00:17:00,2.9157,2.9162,2.9152,2.9162,2.9207,2.9212,2.9202,2.9212,3
2026-05-08 00:18:00,2.9172,2.9172,2.9172,2.9172,2.9222,2.9222,2.9222,2.9222,1
2026-05-08 00:19:00,2.9162,2.9172,2.9152,2.9172,2.9212,2.9222,2.9202,2.9222,6
2026-05-08 00:20:00,2.9182,2.9222,2.9182,2.9202,2.9232,2.9272,2.9232,2.9252,9
2026-05-08 00:21:00,2.9192,2.9202,2.9162,2.9172,2.9242,2.9252,2.9212,2.9222,17
2026-05-08 00:22:00,2.9182,2.9202,2.9182,2.9192,2.9232,2.9252,2.9232,2.9242,9
2026-05-08 00:23:00,2.9187,2.9187,2.9177,2.9177,2.9237,2.9237,2.9227,2.9227,3
2026-05-08 00:25:00,2.9182,2.9182,2.9182,2.9182,2.9232,2.9232,2.9232,2.9232,1
2026-05-08 00:26:00,2.9187,2.9192,2.9187,2.9187,2.9237,2.9242,2.9237,2.9237,3
2026-05-08 00:28:00,2.9192,2.9202,2.9182,2.9187,2.9242,2.9252,2.9232,2.9237,6
2026-05-08 00:29:00,2.9182,2.9182,2.9167,2.9172,2.9232,2.9232,2.9217,2.9222,3
2026-05-08 00:30:00,2.9182,2.9182,2.9177,2.9177,2.9232,2.9232,2.9227,2.9227,2
2026-05-08 00:33:00,2.9182,2.9192,2.9182,2.9182,2.9232,2.9242,2.9232,2.9232,5
2026-05-08 00:34:00,2.9192,2.9242,2.9192,2.9242,2.9242,2.9292,2.9242,2.9292,10
2026-05-08 00:35:00,2.9237,2.9237,2.9232,2.9232,2.9287,2.9287,2.9282,2.9282,2
2026-05-08 00:40:00,2.9237,2.9247,2.9237,2.9247,2.9287,2.9297,2.9287,2.9297,3
2026-05-08 00:41:00,2.9242,2.9247,2.9242,2.9247,2.9292,2.9297,2.9292,2.9297,2
2026-05-08 00:42:00,2.9242,2.9242,2.9242,2.9242,2.9292,2.9292,2.9292,2.9292,1
2026-05-08 00:43:00,2.9252,2.9252,2.9242,2.9242,2.9302,2.9302,2.9292,2.9292,2
2026-05-08 00:45:00,2.9262,2.9262,2.9232,2.9232,2.9312,2.9312,2.9282,2.9282,7
2026-05-08 00:46:00,2.9242,2.9247,2.9237,2.9242,2.9292,2.9297,2.9287,2.9292,5
2026-05-08 00:47:00,2.9237,2.9237,2.9232,2.9232,2.9287,2.9287,2.9282,2.9282,2
2026-05-08 00:48:00,2.9237,2.9242,2.9232,2.9237,2.9287,2.9292,2.9282,2.9287,5
2026-05-08 00:50:00,2.9242,2.9242,2.9237,2.9237,2.9292,2.9292,2.9287,2.9287,2
2026-05-08 00:56:00,2.9242,2.9242,2.9237,2.9237,2.9292,2.9292,2.9287,2.9287,2
2026-05-08 00:57:00,2.9232,2.9232,2.9232,2.9232,2.9282,2.9282,2.9282,2.9282,1
2026-05-08 01:00:00,2.9237,2.9237,2.9232,2.9232,2.9287,2.9287,2.9282,2.9282,4
2026-05-08 01:06:00,2.9242,2.9242,2.9237,2.9237,2.9292,2.9292,2.9287,2.9287,2
2026-05-08 01:07:00,2.9232,2.9232,2.9232,2.9232,2.9282,2.9282,2.9282,2.9282,1
2026-05-08 01:15:00,2.9237,2.9237,2.9237,2.9237,2.9287,2.9287,2.9287,2.9287,1
2026-05-08 01:16:00,2.9247,2.9252,2.9237,2.9247,2.9297,2.9302,2.9287,2.9297,5
2026-05-08 01:18:00,2.9242,2.9242,2.9242,2.9242,2.9292,2.9292,2.9292,2.9292,1
2026-05-08 01:21:00,2.9237,2.9242,2.9237,2.9242,2.9287,2.9292,2.9287,2.9292,4
2026-05-08 01:23:00,2.9247,2.9247,2.9242,2.9242,2.9297,2.9297,2.9292,2.9292,2
2026-05-08 01:24:00,2.9247,2.9247,2.9247,2.9247,2.9297,2.9297,2.9297,2.9297,1
2026-05-08 01:26:00,2.9242,2.9242,2.9242,2.9242,2.9292,2.9292,2.9292,2.9292,1
2026-05-08 01:31:00,2.9247,2.9247,2.9247,2.9247,2.9297,2.9297,2.9297,2.9297,1
2026-05-08 01:33:00,2.9252,2.9252,2.9252,2.9252,2.9302,2.9302,2.9302,2.9302,1
2026-05-08 01:36:00,2.9262,2.9262,2.9252,2.9252,2.9312,2.9312,2.9302,2.9302,2
2026-05-08 01:38:00,2.9262,2.9262,2.9262,2.9262,2.9312,2.9312,2.9312,2.9312,1
2026-05-08 01:39:00,2.9257,2.9257,2.9257,2.9257,2.9307,2.9307,2.9307,2.9307,1
2026-05-08 01:40:00,2.9252,2.9252,2.9252,2.9252,2.9302,2.9302,2.9302,2.9302,1
2026-05-08 01:41:00,2.9247,2.9252,2.9247,2.9252,2.9297,2.9302,2.9297,2.9302,2
2026-05-08 01:42:00,2.9247,2.9247,2.9247,2.9247,2.9297,2.9297,2.9297,2.9297,1
2026-05-08 01:51:00,2.9242,2.9242,2.9237,2.9237,2.9292,2.9292,2.9287,2.9287,2
2026-05-08 01:52:00,2.9232,2.9242,2.9232,2.9242,2.9282,2.9292,2.9282,2.9292,2
2026-05-08 01:53:00,2.9237,2.9237,2.9237,2.9237,2.9287,2.9287,2.9287,2.9287,1
2026-05-08 01:54:00,2.9232,2.9232,2.9232,2.9232,2.9282,2.9282,2.9282,2.9282,1
2026-05-08 01:55:00,2.9237,2.9237,2.9237,2.9237,2.9287,2.9287,2.9287,2.9287,1
2026-05-08 01:56:00,2.9232,2.9237,2.9232,2.9237,2.9282,2.9287,2.9282,2.9287,2
2026-05-08 01:57:00,2.9252,2.9252,2.9242,2.9242,2.9302,2.9302,2.9292,2.9292,2
2026-05-08 01:58:00,2.9247,2.9247,2.9242,2.9242,2.9297,2.9297,2.9292,2.9292,2
2026-05-08 02:00:00,2.9237,2.9252,2.9232,2.9242,2.9287,2.9302,2.9282,2.9292,6
2026-05-08 02:01:00,2.9237,2.9242,2.9232,2.9237,2.9287,2.9292,2.9282,2.9287,4
2026-05-08 02:02:00,2.9232,2.9232,2.9232,2.9232,2.9282,2.9282,2.9282,2.9282,1
2026-05-08 02:04:00,2.9242,2.9242,2.9232,2.9237,2.9292,2.9292,2.9282,2.9287,4
2026-05-08 02:05:00,2.9232,2.9232,2.9232,2.9232,2.9282,2.9282,2.9282,2.9282,1
2026-05-08 02:06:00,2.9222,2.9232,2.9212,2.9222,2.9272,2.9282,2.9262,2.9272,15
2026-05-08 02:07:00,2.9227,2.9232,2.9227,2.9232,2.9277,2.9282,2.9277,2.9282,2
2026-05-08 02:08:00,2.9237,2.9242,2.9232,2.9232,2.9287,2.9292,2.9282,2.9282,6
2026-05-08 02:09:00,2.9222,2.9222,2.9222,2.9222,2.9272,2.9272,2.9272,2.9272,1
2026-05-08 02:10:00,2.9217,2.9222,2.9217,2.9222,2.9267,2.9272,2.9267,2.9272,2
2026-05-08 02:11:00,2.9227,2.9227,2.9217,2.9227,2.9277,2.9277,2.9267,2.9277,15
2026-05-08 02:12:00,2.9222,2.9252,2.9222,2.9252,2.9272,2.9302,2.9272,2.9302,9
2026-05-08 02:13:00,2.9262,2.9262,2.9262,2.9262,2.9312,2.9312,2.9312,2.9312,1
2026-05-08 02:14:00,2.9257,2.9262,2.9252,2.9252,2.9307,2.9312,2.9302,2.9302,6
2026-05-08 02:15:00,2.9257,2.9272,2.9252,2.9267,2.9307,2.9322,2.9302,2.9317,7
2026-05-08 02:16:00,2.9272,2.9302,2.9262,2.9262,2.9322,2.9352,2.9312,2.9312,11
2026-05-08 02:17:00,2.9257,2.9272,2.9252,2.9267,2.9307,2.9322,2.9302,2.9317,6
2026-05-08 02:18:00,2.9272,2.9292,2.9272,2.9282,2.9322,2.9342,2.9322,2.9332,16
2026-05-08 02:19:00,2.9287,2.9292,2.9282,2.9287,2.9337,2.9342,2.9332,2.9337,5
2026-05-08 02:20:00,2.9292,2.9292,2.9272,2.9272,2.9342,2.9342,2.9322,2.9322,4
2026-05-08 02:21:00,2.9262,2.9262,2.9262,2.9262,2.9312,2.9312,2.9312,2.9312,1
2026-05-08 02:24:00,2.9267,2.9277,2.9262,2.9262,2.9317,2.9327,2.9312,2.9312,5
2026-05-08 02:25:00,2.9267,2.9282,2.9267,2.9282,2.9317,2.9332,2.9317,2.9332,10
2026-05-08 02:26:00,2.9272,2.9272,2.9262,2.9272,2.9322,2.9322,2.9312,2.9322,6
2026-05-08 02:27:00,2.9282,2.9292,2.9282,2.9282,2.9332,2.9342,2.9332,2.9332,6
2026-05-08 02:28:00,2.9277,2.9277,2.9267,2.9267,2.9327,2.9327,2.9317,2.9317,3
2026-05-08 02:29:00,2.9262,2.9272,2.9262,2.9272,2.9312,2.9322,2.9312,2.9322,3
2026-05-08 02:30:00,2.9267,2.9272,2.9267,2.9267,2.9317,2.9322,2.9317,2.9317,3
2026-05-08 02:31:00,2.9272,2.9282,2.9272,2.9277,2.9322,2.9332,2.9322,2.9327,5
2026-05-08 02:32:00,2.9272,2.9277,2.9252,2.9252,2.9322,2.9327,2.9302,2.9302,10
2026-05-08 02:33:00,2.9257,2.9262,2.9252,2.9257,2.9307,2.9312,2.9302,2.9307,5
2026-05-08 02:35:00,2.9262,2.9262,2.9262,2.9262,2.9312,2.9312,2.9312,2.9312,1
2026-05-08 02:36:00,2.9252,2.9252,2.9242,2.9247,2.9302,2.9302,2.9292,2.9297,3
2026-05-08 02:38:00,2.9242,2.9242,2.9242,2.9242,2.9292,2.9292,2.9292,2.9292,1
2026-05-08 02:42:00,2.9252,2.9252,2.9252,2.9252,2.9302,2.9302,2.9302,2.9302,1
2026-05-08 02:44:00,2.9242,2.9247,2.9242,2.9247,2.9292,2.9297,2.9292,2.9297,2
2026-05-08 02:45:00,2.9242,2.9247,2.9242,2.9247,2.9292,2.9297,2.9292,2.9297,2
2026-05-08 02:46:00,2.9242,2.9242,2.9242,2.9242,2.9292,2.9292,2.9292,2.9292,1
2026-05-08 02:47:00,2.9237,2.9242,2.9237,2.9242,2.9287,2.9292,2.9287,2.9292,4
2026-05-08 02:48:00,2.9247,2.9247,2.9247,2.9247,2.9297,2.9297,2.9297,2.9297,1
2026-05-08 02:49:00,2.9242,2.9242,2.9242,2.9242,2.9292,2.9292,2.9292,2.9292,1
2026-05-08 02:50:00,2.9247,2.9247,2.9242,2.9247,2.9297,2.9297,2.9292,2.9297,3
2026-05-08 02:51:00,2.9242,2.9252,2.9242,2.9252,2.9292,2.9302,2.9292,2.9302,3
2026-05-08 02:52:00,2.9262,2.9272,2.9252,2.9252,2.9312,2.9322,2.9302,2.9302,4
2026-05-08 02:53:00,2.9257,2.9272,2.9257,2.9272,2.9307,2.9322,2.9307,2.9322,5
2026-05-08 02:55:00,2.9277,2.9282,2.9272,2.9282,2.9327,2.9332,2.9322,2.9332,4
2026-05-08 02:56:00,2.9267,2.9277,2.9267,2.9277,2.9317,2.9327,2.9317,2.9327,5
2026-05-08 02:57:00,2.9272,2.9272,2.9267,2.9272,2.9322,2.9322,2.9317,2.9322,3
2026-05-08 02:59:00,2.9277,2.9277,2.9262,2.9262,2.9327,2.9327,2.9312,2.9312,5
2026-05-08 03:00:00,2.9257,2.9262,2.9192,2.9192,2.9307,2.9312,2.9242,2.9242,48
2026-05-08 03:01:00,2.9197,2.9242,2.9197,2.9242,2.9247,2.9292,2.9247,2.9292,14
2026-05-08 03:02:00,2.9247,2.9257,2.9247,2.9252,2.9297,2.9307,2.9297,2.9302,18
2026-05-08 03:03:00,2.9247,2.9252,2.9232,2.9237,2.9297,2.9302,2.9282,2.9287,11
2026-05-08 03:04:00,2.9242,2.9242,2.9237,2.9242,2.9292,2.9292,2.9287,2.9292,3
2026-05-08 03:05:00,2.9237,2.9242,2.9232,2.9242,2.9287,2.9292,2.9282,2.9292,5
2026-05-08 03:07:00,2.9252,2.9252,2.9242,2.9252,2.9302,2.9302,2.9292,2.9302,4
2026-05-08 03:08:00,2.9247,2.9247,2.9242,2.9242,2.9297,2.9297,2.9292,2.9292,6
2026-05-08 03:09:00,2.9232,2.9242,2.9232,2.9242,2.9282,2.9292,2.9282,2.9292,4
2026-05-08 03:10:00,2.9237,2.9242,2.9237,2.9242,2.9287,2.9292,2.9287,2.9292,4
2026-05-08 03:12:00,2.9237,2.9242,2.9237,2.9242,2.9287,2.9292,2.9287,2.9292,6
2026-05-08 03:13:00,2.9237,2.9237,2.9232,2.9232,2.9287,2.9287,2.9282,2.9282,4
2026-05-08 03:14:00,2.9227,2.9242,2.9227,2.9242,2.9277,2.9292,2.9277,2.9292,2
2026-05-08 03:15:00,2.9247,2.9247,2.9247,2.9247,2.9297,2.9297,2.9297,2.9297,1
2026-05-08 03:16:00,2.9252,2.9257,2.9242,2.9242,2.9302,2.9307,2.9292,2.9292,5
2026-05-08 03:17:00,2.9232,2.9232,2.9227,2.9227,2.9282,2.9282,2.9277,2.9277,2
2026-05-08 03:18:00,2.9232,2.9232,2.9212,2.9217,2.9282,2.9282,2.9262,2.9267,5
2026-05-08 03:19:00,2.9222,2.9222,2.9222,2.9222,2.9272,2.9272,2.9272,2.9272,1
2026-05-08 03:20:00,2.9227,2.9227,2.9217,2.9222,2.9277,2.9277,2.9267,2.9272,6
2026-05-08 03:21:00,2.9217,2.9222,2.9212,2.9212,2.9267,2.9272,2.9262,2.9262,5
2026-05-08 03:22:00,2.9217,2.9217,2.9202,2.9212,2.9267,2.9267,2.9252,2.9262,3
2026-05-08 03:23:00,2.9207,2.9207,2.9207,2.9207,2.9257,2.9257,2.9257,2.9257,1
2026-05-08 03:24:00,2.9202,2.9207,2.9197,2.9197,2.9252,2.9257,2.9247,2.9247,5
2026-05-08 03:25:00,2.9202,2.9212,2.9202,2.9207,2.9252,2.9262,2.9252,2.9257,5
2026-05-08 03:26:00,2.9202,2.9202,2.9197,2.9197,2.9252,2.9252,2.9247,2.9247,4
2026-05-08 03:27:00,2.9202,2.9202,2.9192,2.9202,2.9252,2.9252,2.9242,2.9252,3
2026-05-08 03:28:00,2.9207,2.9212,2.9207,2.9207,2.9257,2.9262,2.9257,2.9257,5
2026-05-08 03:29:00,2.9202,2.9202,2.9197,2.9197,2.9252,2.9252,2.9247,2.9247,22
2026-05-08 03:30:00,2.9202,2.9202,2.9202,2.9202,2.9252,2.9252,2.9252,2.9252,1
2026-05-08 03:31:00,2.9207,2.9207,2.9197,2.9202,2.9257,2.9257,2.9247,2.9252,6
2026-05-08 03:32:00,2.9207,2.9207,2.9202,2.9207,2.9257,2.9257,2.9252,2.9257,5
2026-05-08 03:33:00,2.9202,2.9212,2.9202,2.9212,2.9252,2.9262,2.9252,2.9262,3
2026-05-08 03:34:00,2.9207,2.9207,2.9207,2.9207,2.9257,2.9257,2.9257,2.9257,1
2026-05-08 03:35:00,2.9212,2.9212,2.9212,2.9212,2.9262,2.9262,2.9262,2.9262,1
2026-05-08 03:36:00,2.9207,2.9212,2.9202,2.9202,2.9257,2.9262,2.9252,2.9252,5
2026-05-08 03:37:00,2.9207,2.9217,2.9207,2.9217,2.9257,2.9267,2.9257,2.9267,3
2026-05-08 03:38:00,2.9222,2.9222,2.9217,2.9222,2.9272,2.9272,2.9267,2.9272,3
2026-05-08 03:40:00,2.9217,2.9217,2.9217,2.9217,2.9267,2.9267,2.9267,2.9267,1
2026-05-08 03:41:00,2.9222,2.9222,2.9217,2.9217,2.9272,2.9272,2.9267,2.9267,2
2026-05-08 03:42:00,2.9222,2.9222,2.9222,2.9222,2.9272,2.9272,2.9272,2.9272,1
2026-05-08 03:44:00,2.9217,2.9217,2.9217,2.9217,2.9267,2.9267,2.9267,2.9267,1
2026-05-08 03:45:00,2.9202,2.9212,2.9192,2.9212,2.9252,2.9262,2.9242,2.9262,5
2026-05-08 03:46:00,2.9202,2.9212,2.9197,2.9207,2.9252,2.9262,2.9247,2.9257,12
2026-05-08 03:47:00,2.9212,2.9217,2.9207,2.9217,2.9262,2.9267,2.9257,2.9267,6
2026-05-08 03:48:00,2.9222,2.9222,2.9217,2.9222,2.9272,2.9272,2.9267,2.9272,3
2026-05-08 03:52:00,2.9217,2.9222,2.9212,2.9222,2.9267,2.9272,2.9262,2.9272,4
2026-05-08 03:54:00,2.9212,2.9227,2.9212,2.9227,2.9262,2.9277,2.9262,2.9277,3
2026-05-08 03:55:00,2.9222,2.9222,2.9222,2.9222,2.9272,2.9272,2.9272,2.9272,1
2026-05-08 03:58:00,2.9227,2.9227,2.9222,2.9222,2.9277,2.9277,2.9272,2.9272,6
2026-05-08 03:59:00,2.9227,2.9232,2.9227,2.9227,2.9277,2.9282,2.9277,2.9277,3
2026-05-08 04:00:00,2.9222,2.9222,2.9222,2.9222,2.9272,2.9272,2.9272,2.9272,1
2026-05-08 04:01:00,2.9217,2.9222,2.9217,2.9222,2.9267,2.9272,2.9267,2.9272,2
2026-05-08 04:02:00,2.9217,2.9222,2.9217,2.9222,2.9267,2.9272,2.9267,2.9272,2
2026-05-08 04:03:00,2.9217,2.9217,2.9212,2.9212,2.9267,2.9267,2.9262,2.9262,2
2026-05-08 04:06:00,2.9207,2.9212,2.9207,2.9212,2.9257,2.9262,2.9257,2.9262,2
2026-05-08 04:07:00,2.9222,2.9222,2.9222,2.9222,2.9272,2.9272,2.9272,2.9272,1
2026-05-08 04:10:00,2.9217,2.9222,2.9212,2.9212,2.9267,2.9272,2.9262,2.9262,3
2026-05-08 04:13:00,2.9222,2.9222,2.9217,2.9217,2.9272,2.9272,2.9267,2.9267,2
2026-05-08 04:15:00,2.9212,2.9217,2.9212,2.9217,2.9262,2.9267,2.9262,2.9267,2
2026-05-08 04:16:00,2.9212,2.9212,2.9202,2.9202,2.9262,2.9262,2.9252,2.9252,5
2026-05-08 04:17:00,2.9207,2.9212,2.9207,2.9212,2.9257,2.9262,2.9257,2.9262,2
2026-05-08 04:18:00,2.9202,2.9207,2.9202,2.9207,2.9252,2.9257,2.9252,2.9257,4
2026-05-08 04:19:00,2.9202,2.9207,2.9202,2.9207,2.9252,2.9257,2.9252,2.9257,2
2026-05-08 04:21:00,2.9202,2.9202,2.9187,2.9187,2.9252,2.9252,2.9237,2.9237,3
2026-05-08 04:22:00,2.9192,2.9202,2.9192,2.9192,2.9242,2.9252,2.9242,2.9242,7
2026-05-08 04:27:00,2.9202,2.9202,2.9197,2.9197,2.9252,2.9252,2.9247,2.9247,2
2026-05-08 04:28:00,2.9182,2.9187,2.9182,2.9187,2.9232,2.9237,2.9232,2.9237,2
2026-05-08 04:29:00,2.9182,2.9187,2.9182,2.9187,2.9232,2.9237,2.9232,2.9237,2
2026-05-08 04:30:00,2.9177,2.9182,2.9172,2.9182,2.9227,2.9232,2.9222,2.9232,5
2026-05-08 04:31:00,2.9192,2.9197,2.9182,2.9182,2.9242,2.9247,2.9232,2.9232,5
2026-05-08 04:35:00,2.9187,2.9237,2.9187,2.9222,2.9237,2.9287,2.9237,2.9272,18
2026-05-08 04:36:00,2.9217,2.9267,2.9217,2.9257,2.9267,2.9317,2.9267,2.9307,20
2026-05-08 04:37:00,2.9262,2.9262,2.9252,2.9262,2.9312,2.9312,2.9302,2.9312,13
2026-05-08 04:38:00,2.9257,2.9272,2.9252,2.9252,2.9307,2.9322,2.9302,2.9302,15
2026-05-08 04:39:00,2.9247,2.9247,2.9247,2.9247,2.9297,2.9297,2.9297,2.9297,1
2026-05-08 04:40:00,2.9262,2.9272,2.9242,2.9242,2.9312,2.9322,2.9292,2.9292,4
2026-05-08 04:41:00,2.9237,2.9242,2.9232,2.9242,2.9287,2.9292,2.9282,2.9292,10
2026-05-08 04:42:00,2.9247,2.9247,2.9242,2.9242,2.9297,2.9297,2.9292,2.9292,4
2026-05-08 04:43:00,2.9232,2.9237,2.9232,2.9237,2.9282,2.9287,2.9282,2.9287,2
2026-05-08 04:44:00,2.9242,2.9242,2.9242,2.9242,2.9292,2.9292,2.9292,2.9292,1
2026-05-08 04:48:00,2.9237,2.9237,2.9232,2.9232,2.9287,2.9287,2.9282,2.9282,4
2026-05-08 04:49:00,2.9217,2.9217,2.9172,2.9177,2.9267,2.9267,2.9222,2.9227,11
2026-05-08 04:50:00,2.9182,2.9182,2.9152,2.9177,2.9232,2.9232,2.9202,2.9227,28
2026-05-08 04:51:00,2.9172,2.9182,2.9157,2.9162,2.9222,2.9232,2.9207,2.9212,15
2026-05-08 04:52:00,2.9167,2.9172,2.9167,2.9172,2.9217,2.9222,2.9217,2.9222,2
2026-05-08 04:53:00,2.9182,2.9182,2.9182,2.9182,2.9232,2.9232,2.9232,2.9232,1
2026-05-08 04:54:00,2.9177,2.9182,2.9177,2.9182,2.9227,2.9232,2.9227,2.9232,2
2026-05-08 04:55:00,2.9177,2.9177,2.9172,2.9172,2.9227,2.9227,2.9222,2.9222,2
2026-05-08 04:56:00,2.9182,2.9182,2.9182,2.9182,2.9232,2.9232,2.9232,2.9232,1
2026-05-08 04:57:00,2.9192,2.9192,2.9182,2.9182,2.9242,2.9242,2.9232,2.9232,2
2026-05-08 04:58:00,2.9187,2.9187,2.9182,2.9182,2.9237,2.9237,2.9232,2.9232,2
2026-05-08 04:59:00,2.9177,2.9182,2.9172,2.9182,2.9227,2.9232,2.9222,2.9232,4
2026-05-08 05:00:00,2.9177,2.9177,2.9172,2.9172,2.9227,2.9227,2.9222,2.9222,2
2026-05-08 05:01:00,2.9177,2.9182,2.9172,2.9182,2.9227,2.9232,2.9222,2.9232,3
2026-05-08 05:03:00,2.9177,2.9182,2.9137,2.9137,2.9227,2.9232,2.9187,2.9187,13
2026-05-08 05:04:00,2.9142,2.9142,2.9132,2.9142,2.9192,2.9192,2.9182,2.9192,6
2026-05-08 05:05:00,2.9147,2.9152,2.9147,2.9152,2.9197,2.9202,2.9197,2.9202,2
2026-05-08 05:06:00,2.9147,2.9147,2.9147,2.9147,2.9197,2.9197,2.9197,2.9197,1
2026-05-08 05:07:00,2.9152,2.9152,2.9152,2.9152,2.9202,2.9202,2.9202,2.9202,1
2026-05-08 05:11:00,2.9147,2.9152,2.9147,2.9152,2.9197,2.9202,2.9197,2.9202,2
2026-05-08 05:14:00,2.9147,2.9152,2.9147,2.9147,2.9197,2.9202,2.9197,2.9197,3
2026-05-08 05:15:00,2.9152,2.9152,2.9147,2.9147,2.9202,2.9202,2.9197,2.9197,2
2026-05-08 05:16:00,2.9152,2.9152,2.9147,2.9147,2.9202,2.9202,2.9197,2.9197,2
2026-05-08 05:17:00,2.9152,2.9152,2.9152,2.9152,2.9202,2.9202,2.9202,2.9202,1
2026-05-08 05:20:00,2.9142,2.9142,2.9142,2.9142,2.9192,2.9192,2.9192,2.9192,1
2026-05-08 05:21:00,2.9132,2.9132,2.9132,2.9132,2.9182,2.9182,2.9182,2.9182,1
2026-05-08 05:22:00,2.9142,2.9142,2.9137,2.9137,2.9192,2.9192,2.9187,2.9187,4
2026-05-08 05:25:00,2.9132,2.9132,2.9132,2.9132,2.9182,2.9182,2.9182,2.9182,1
2026-05-08 05:26:00,2.9137,2.9137,2.9137,2.9137,2.9187,2.9187,2.9187,2.9187,1
2026-05-08 05:28:00,2.9142,2.9142,2.9142,2.9142,2.9192,2.9192,2.9192,2.9192,1
2026-05-08 05:29:00,2.9137,2.9142,2.9137,2.9137,2.9187,2.9192,2.9187,2.9187,3
2026-05-08 05:30:00,2.9142,2.9142,2.9137,2.9142,2.9192,2.9192,2.9187,2.9192,3
2026-05-08 05:31:00,2.9132,2.9132,2.9132,2.9132,2.9182,2.9182,2.9182,2.9182,1
2026-05-08 05:32:00,2.9127,2.9127,2.9127,2.9127,2.9177,2.9177,2.9177,2.9177,1
2026-05-08 05:33:00,2.9122,2.9127,2.9112,2.9117,2.9172,2.9177,2.9162,2.9167,14
2026-05-08 05:34:00,2.9122,2.9122,2.9117,2.9117,2.9172,2.9172,2.9167,2.9167,6
2026-05-08 05:35:00,2.9127,2.9132,2.9127,2.9132,2.9177,2.9182,2.9177,2.9182,2
2026-05-08 05:44:00,2.9122,2.9122,2.9112,2.9122,2.9172,2.9172,2.9162,2.9172,6
2026-05-08 05:46:00,2.9132,2.9132,2.9127,2.9132,2.9182,2.9182,2.9177,2.9182,3
2026-05-08 05:47:00,2.9122,2.9122,2.9122,2.9122,2.9172,2.9172,2.9172,2.9172,1
2026-05-08 05:48:00,2.9127,2.9132,2.9117,2.9117,2.9177,2.9182,2.9167,2.9167,4
2026-05-08 05:49:00,2.9122,2.9122,2.9122,2.9122,2.9172,2.9172,2.9172,2.9172,1
2026-05-08 05:53:00,2.9132,2.9132,2.9122,2.9122,2.9182,2.9182,2.9172,2.9172,2
2026-05-08 05:54:00,2.9132,2.9132,2.9122,2.9122,2.9182,2.9182,2.9172,2.9172,3
2026-05-08 05:56:00,2.9127,2.9127,2.9122,2.9122,2.9177,2.9177,2.9172,2.9172,2
2026-05-08 06:01:00,2.9127,2.9127,2.9112,2.9112,2.9177,2.9177,2.9162,2.9162,3
2026-05-08 06:05:00,2.9122,2.9122,2.9112,2.9112,2.9172,2.9172,2.9162,2.9162,3
2026-05-08 06:08:00,2.9122,2.9122,2.9122,2.9122,2.9172,2.9172,2.9172,2.9172,1
2026-05-08 06:10:00,2.9112,2.9122,2.9112,2.9117,2.9162,2.9172,2.9162,2.9167,3
2026-05-08 06:11:00,2.9112,2.9117,2.9112,2.9117,2.9162,2.9167,2.9162,2.9167,2
2026-05-08 06:12:00,2.9112,2.9122,2.9112,2.9117,2.9162,2.9172,2.9162,2.9167,4
2026-05-08 06:13:00,2.9112,2.9112,2.9112,2.9112,2.9162,2.9162,2.9162,2.9162,1
2026-05-08 06:14:00,2.9122,2.9122,2.9112,2.9117,2.9172,2.9172,2.9162,2.9167,3
2026-05-08 06:15:00,2.9112,2.9142,2.9112,2.9132,2.9162,2.9192,2.9162,2.9182,18
2026-05-08 06:16:00,2.9122,2.9142,2.9122,2.9142,2.9172,2.9192,2.9172,2.9192,18
2026-05-08 06:17:00,2.9137,2.9142,2.9132,2.9132,2.9187,2.9192,2.9182,2.9182,4
2026-05-08 06:18:00,2.9137,2.9137,2.9127,2.9132,2.9187,2.9187,2.9177,2.9182,4
2026-05-08 06:19:00,2.9127,2.9132,2.9127,2.9132,2.9177,2.9182,2.9177,2.9182,2
2026-05-08 06:20:00,2.9137,2.9147,2.9137,2.9142,2.9187,2.9197,2.9187,2.9192,3
2026-05-08 06:21:00,2.9137,2.9137,2.9132,2.9132,2.9187,2.9187,2.9182,2.9182,2
2026-05-08 06:22:00,2.9137,2.9142,2.9137,2.9142,2.9187,2.9192,2.9187,2.9192,2
2026-05-08 06:23:00,2.9137,2.9147,2.9137,2.9147,2.9187,2.9197,2.9187,2.9197,3
2026-05-08 06:24:00,2.9142,2.9142,2.9142,2.9142,2.9192,2.9192,2.9192,2.9192,1
2026-05-08 06:25:00,2.9147,2.9152,2.9147,2.9147,2.9197,2.9202,2.9197,2.9197,5
2026-05-08 06:27:00,2.9152,2.9152,2.9152,2.9152,2.9202,2.9202,2.9202,2.9202,1
2026-05-08 06:28:00,2.9162,2.9162,2.9152,2.9152,2.9212,2.9212,2.9202,2.9202,3
2026-05-08 06:29:00,2.9147,2.9147,2.9142,2.9142,2.9197,2.9197,2.9192,2.9192,2
2026-05-08 06:30:00,2.9137,2.9137,2.9132,2.9137,2.9187,2.9187,2.9182,2.9187,5
2026-05-08 06:31:00,2.9142,2.9142,2.9142,2.9142,2.9192,2.9192,2.9192,2.9192,1
2026-05-08 06:32:00,2.9132,2.9142,2.9132,2.9132,2.9182,2.9192,2.9182,2.9182,4
2026-05-08 06:33:00,2.9137,2.9142,2.9137,2.9142,2.9187,2.9192,2.9187,2.9192,2
2026-05-08 06:38:00,2.9137,2.9137,2.9137,2.9137,2.9187,2.9187,2.9187,2.9187,1
2026-05-08 06:40:00,2.9132,2.9142,2.9132,2.9142,2.9182,2.9192,2.9182,2.9192,5
2026-05-08 06:41:00,2.9152,2.9152,2.9142,2.9147,2.9202,2.9202,2.9192,2.9197,3
2026-05-08 06:42:00,2.9142,2.9157,2.9142,2.9152,2.9192,2.9207,2.9192,2.9202,13
2026-05-08 06:43:00,2.9157,2.9162,2.9152,2.9162,2.9207,2.9212,2.9202,2.9212,7
2026-05-08 06:44:00,2.9157,2.9157,2.9152,2.9157,2.9207,2.9207,2.9202,2.9207,3
2026-05-08 06:45:00,2.9152,2.9152,2.9152,2.9152,2.9202,2.9202,2.9202,2.9202,1
2026-05-08 06:49:00,2.9157,2.9157,2.9142,2.9152,2.9207,2.9207,2.9192,2.9202,4
2026-05-08 06:50:00,2.9147,2.9147,2.9147,2.9147,2.9197,2.9197,2.9197,2.9197,1
2026-05-08 06:51:00,2.9152,2.9152,2.9147,2.9147,2.9202,2.9202,2.9197,2.9197,4
2026-05-08 06:52:00,2.9142,2.9142,2.9142,2.9142,2.9192,2.9192,2.9192,2.9192,1
2026-05-08 06:53:00,2.9147,2.9147,2.9142,2.9142,2.9197,2.9197,2.9192,2.9192,2
2026-05-08 06:54:00,2.9152,2.9152,2.9142,2.9142,2.9202,2.9202,2.9192,2.9192,3
2026-05-08 06:55:00,2.9147,2.9152,2.9142,2.9152,2.9197,2.9202,2.9192,2.9202,4
2026-05-08 06:56:00,2.9142,2.9142,2.9142,2.9142,2.9192,2.9192,2.9192,2.9192,1
2026-05-08 06:57:00,2.9137,2.9137,2.9122,2.9132,2.9187,2.9187,2.9172,2.9182,3
2026-05-08 06:58:00,2.9137,2.9137,2.9062,2.9072,2.9187,2.9187,2.9112,2.9122,30
2026-05-08 06:59:00,2.9077,2.9077,2.9072,2.9072,2.9127,2.9127,2.9122,2.9122,2
2026-05-08 07:00:00,2.9067,2.9072,2.9067,2.9072,2.9117,2.9122,2.9117,2.9122,2
2026-05-08 07:01:00,2.9077,2.9092,2.9077,2.9092,2.9127,2.9142,2.9127,2.9142,8
2026-05-08 07:02:00,2.9102,2.9112,2.9102,2.9112,2.9152,2.9162,2.9152,2.9162,5
2026-05-08 07:04:00,2.9102,2.9102,2.9092,2.9092,2.9152,2.9152,2.9142,2.9142,2
2026-05-08 07:05:00,2.9097,2.9097,2.9092,2.9092,2.9147,2.9147,2.9142,2.9142,2
2026-05-08 07:06:00,2.9097,2.9102,2.9092,2.9092,2.9147,2.9152,2.9142,2.9142,4
2026-05-08 07:09:00,2.9097,2.9097,2.9092,2.9092,2.9147,2.9147,2.9142,2.9142,2
2026-05-08 07:10:00,2.9082,2.9082,2.9082,2.9082,2.9132,2.9132,2.9132,2.9132,1
2026-05-08 07:11:00,2.9092,2.9092,2.9092,2.9092,2.9142,2.9142,2.9142,2.9142,1
2026-05-08 07:12:00,2.9097,2.9097,2.9092,2.9092,2.9147,2.9147,2.9142,2.9142,2
2026-05-08 07:15:00,2.9102,2.9107,2.9092,2.9102,2.9152,2.9157,2.9142,2.9152,5
2026-05-08 07:16:00,2.9107,2.9132,2.9102,2.9132,2.9157,2.9182,2.9152,2.9182,5
2026-05-08 07:17:00,2.9122,2.9127,2.9122,2.9122,2.9172,2.9177,2.9172,2.9172,3
2026-05-08 07:18:00,2.9117,2.9122,2.9117,2.9122,2.9167,2.9172,2.9167,2.9172,2
2026-05-08 07:19:00,2.9127,2.9132,2.9127,2.9127,2.9177,2.9182,2.9177,2.9177,3
2026-05-08 07:20:00,2.9132,2.9152,2.9132,2.9152,2.9182,2.9202,2.9182,2.9202,3
2026-05-08 07:21:00,2.9147,2.9152,2.9147,2.9152,2.9197,2.9202,2.9197,2.9202,2
2026-05-08 07:22:00,2.9162,2.9162,2.9152,2.9152,2.9212,2.9212,2.9202,2.9202,3
2026-05-08 07:24:00,2.9142,2.9147,2.9142,2.9147,2.9192,2.9197,2.9192,2.9197,2
2026-05-08 07:25:00,2.9142,2.9142,2.9142,2.9142,2.9192,2.9192,2.9192,2.9192,1
2026-05-08 07:26:00,2.9147,2.9147,2.9142,2.9142,2.9197,2.9197,2.9192,2.9192,2
2026-05-08 07:27:00,2.9152,2.9162,2.9152,2.9157,2.9202,2.9212,2.9202,2.9207,3
2026-05-08 07:28:00,2.9162,2.9162,2.9152,2.9152,2.9212,2.9212,2.9202,2.9202,2
2026-05-08 07:30:00,2.9162,2.9162,2.9127,2.9127,2.9212,2.9212,2.9177,2.9177,6
2026-05-08 07:31:00,2.9117,2.9147,2.9117,2.9147,2.9167,2.9197,2.9167,2.9197,4
2026-05-08 07:32:00,2.9142,2.9152,2.9142,2.9142,2.9192,2.9202,2.9192,2.9192,6
2026-05-08 07:33:00,2.9147,2.9147,2.9142,2.9142,2.9197,2.9197,2.9192,2.9192,8
2026-05-08 07:34:00,2.9147,2.9147,2.9142,2.9147,2.9197,2.9197,2.9192,2.9197,3
2026-05-08 07:35:00,2.9142,2.9152,2.9142,2.9152,2.9192,2.9202,2.9192,2.9202,3
2026-05-08 07:36:00,2.9157,2.9162,2.9152,2.9152,2.9207,2.9212,2.9202,2.9202,3
2026-05-08 07:39:00,2.9162,2.9162,2.9162,2.9162,2.9212,2.9212,2.9212,2.9212,1
2026-05-08 07:40:00,2.9152,2.9152,2.9152,2.9152,2.9202,2.9202,2.9202,2.9202,1
2026-05-08 07:41:00,2.9162,2.9162,2.9162,2.9162,2.9212,2.9212,2.9212,2.9212,1
2026-05-08 07:42:00,2.9157,2.9157,2.9152,2.9152,2.9207,2.9207,2.9202,2.9202,2
2026-05-08 07:43:00,2.9157,2.9172,2.9157,2.9162,2.9207,2.9222,2.9207,2.9212,4
2026-05-08 07:44:00,2.9167,2.9167,2.9167,2.9167,2.9217,2.9217,2.9217,2.9217,1
2026-05-08 07:45:00,2.9172,2.9172,2.9167,2.9167,2.9222,2.9222,2.9217,2.9217,2
2026-05-08 07:46:00,2.9162,2.9167,2.9162,2.9167,2.9212,2.9217,2.9212,2.9217,2
2026-05-08 07:49:00,2.9172,2.9172,2.9172,2.9172,2.9222,2.9222,2.9222,2.9222,1
2026-05-08 07:50:00,2.9167,2.9172,2.9162,2.9162,2.9217,2.9222,2.9212,2.9212,4
2026-05-08 07:51:00,2.9172,2.9172,2.9167,2.9172,2.9222,2.9222,2.9217,2.9222,3
2026-05-08 07:52:00,2.9162,2.9162,2.9152,2.9152,2.9212,2.9212,2.9202,2.9202,5
2026-05-08 07:53:00,2.9157,2.9162,2.9152,2.9162,2.9207,2.9212,2.9202,2.9212,6
2026-05-08 07:56:00,2.9167,2.9167,2.9167,2.9167,2.9217,2.9217,2.9217,2.9217,1
2026-05-08 07:57:00,2.9162,2.9167,2.9162,2.9167,2.9212,2.9217,2.9212,2.9217,2
2026-05-08 07:58:00,2.9172,2.9172,2.9167,2.9167,2.9222,2.9222,2.9217,2.9217,4
2026-05-08 07:59:00,2.9162,2.9167,2.9162,2.9167,2.9212,2.9217,2.9212,2.9217,2
2026-05-08 08:00:00,2.9172,2.9177,2.9172,2.9177,2.9222,2.9227,2.9222,2.9227,2
2026-05-08 08:01:00,2.9182,2.9192,2.9182,2.9187,2.9232,2.9242,2.9232,2.9237,5
2026-05-08 08:02:00,2.9182,2.9182,2.9167,2.9172,2.9232,2.9232,2.9217,2.9222,5
2026-05-08 08:03:00,2.9167,2.9182,2.9167,2.9177,2.9217,2.9232,2.9217,2.9227,5
2026-05-08 08:04:00,2.9182,2.9182,2.9162,2.9162,2.9232,2.9232,2.9212,2.9212,7
2026-05-08 08:05:00,2.9157,2.9162,2.9157,2.9162,2.9207,2.9212,2.9207,2.9212,10
2026-05-08 08:06:00,2.9157,2.9157,2.9132,2.9147,2.9207,2.9207,2.9182,2.9197,10
2026-05-08 08:07:00,2.9152,2.9152,2.9152,2.9152,2.9202,2.9202,2.9202,2.9202,1
2026-05-08 08:08:00,2.9157,2.9162,2.9157,2.9162,2.9207,2.9212,2.9207,2.9212,2
2026-05-08 08:09:00,2.9167,2.9182,2.9167,2.9167,2.9217,2.9232,2.9217,2.9217,7
2026-05-08 08:10:00,2.9172,2.9177,2.9172,2.9172,2.9222,2.9227,2.9222,2.9222,3
2026-05-08 08:11:00,2.9162,2.9172,2.9152,2.9162,2.9212,2.9222,2.9202,2.9212,8
2026-05-08 08:12:00,2.9157,2.9162,2.9152,2.9152,2.9207,2.9212,2.9202,2.9202,8
2026-05-08 08:13:00,2.9157,2.9162,2.9147,2.9152,2.9207,2.9212,2.9197,2.9202,7
2026-05-08 08:14:00,2.9142,2.9167,2.9142,2.9167,2.9192,2.9217,2.9192,2.9217,5
2026-05-08 08:15:00,2.9162,2.9167,2.9157,2.9162,2.9212,2.9217,2.9207,2.9212,5
2026-05-08 08:16:00,2.9157,2.9162,2.9152,2.9162,2.9207,2.9212,2.9202,2.9212,4
2026-05-08 08:17:00,2.9167,2.9172,2.9162,2.9162,2.9217,2.9222,2.9212,2.9212,4
2026-05-08 08:18:00,2.9172,2.9182,2.9167,2.9167,2.9222,2.9232,2.9217,2.9217,9
2026-05-08 08:19:00,2.9172,2.9172,2.9162,2.9162,2.9222,2.9222,2.9212,2.9212,2
2026-05-08 08:20:00,2.9167,2.9172,2.9162,2.9172,2.9217,2.9222,2.9212,2.9222,3
2026-05-08 08:21:00,2.9177,2.9182,2.9172,2.9177,2.9227,2.9232,2.9222,2.9227,6
2026-05-08 08:22:00,2.9182,2.9182,2.9172,2.9177,2.9232,2.9232,2.9222,2.9227,4
2026-05-08 08:23:00,2.9172,2.9172,2.9172,2.9172,2.9222,2.9222,2.9222,2.9222,1
2026-05-08 08:24:00,2.9167,2.9172,2.9162,2.9162,2.9217,2.9222,2.9212,2.9212,5
2026-05-08 08:25:00,2.9167,2.9167,2.9162,2.9162,2.9217,2.9217,2.9212,2.9212,2
2026-05-08 08:26:00,2.9167,2.9167,2.9142,2.9142,2.9217,2.9217,2.9192,2.9192,16
2026-05-08 08:27:00,2.9137,2.9137,2.9102,2.9102,2.9187,2.9187,2.9152,2.9152,11
2026-05-08 08:28:00,2.9107,2.9112,2.9082,2.9112,2.9157,2.9162,2.9132,2.9162,16
2026-05-08 08:29:00,2.9122,2.9132,2.9122,2.9122,2.9172,2.9182,2.9172,2.9172,11
2026-05-08 08:30:00,2.9127,2.9132,2.9117,2.9127,2.9177,2.9182,2.9167,2.9177,15
2026-05-08 08:31:00,2.9132,2.9157,2.9127,2.9157,2.9182,2.9207,2.9177,2.9207,16
2026-05-08 08:32:00,2.9152,2.9167,2.9152,2.9162,2.9202,2.9217,2.9202,2.9212,5
2026-05-08 08:34:00,2.9152,2.9162,2.9142,2.9147,2.9202,2.9212,2.9192,2.9197,7
2026-05-08 08:35:00,2.9152,2.9152,2.9132,2.9137,2.9202,2.9202,2.9182,2.9187,5
2026-05-08 08:36:00,2.9142,2.9147,2.9142,2.9147,2.9192,2.9197,2.9192,2.9197,2
2026-05-08 08:37:00,2.9142,2.9152,2.9142,2.9152,2.9192,2.9202,2.9192,2.9202,3
2026-05-08 08:38:00,2.9147,2.9152,2.9147,2.9152,2.9197,2.9202,2.9197,2.9202,2
2026-05-08 08:40:00,2.9147,2.9152,2.9142,2.9147,2.9197,2.9202,2.9192,2.9197,4
2026-05-08 08:41:00,2.9142,2.9152,2.9142,2.9152,2.9192,2.9202,2.9192,2.9202,2
2026-05-08 08:42:00,2.9147,2.9162,2.9147,2.9157,2.9197,2.9212,2.9197,2.9207,9
2026-05-08 08:43:00,2.9152,2.9152,2.9142,2.9147,2.9202,2.9202,2.9192,2.9197,6
2026-05-08 08:44:00,2.9152,2.9162,2.9147,2.9162,2.9202,2.9212,2.9197,2.9212,14
2026-05-08 08:45:00,2.9152,2.9167,2.9152,2.9162,2.9202,2.9217,2.9202,2.9212,8
2026-05-08 08:46:00,2.9157,2.9162,2.9152,2.9162,2.9207,2.9212,2.9202,2.9212,3
2026-05-08 08:47:00,2.9172,2.9182,2.9172,2.9172,2.9222,2.9232,2.9222,2.9222,3
2026-05-08 08:48:00,2.9177,2.9177,2.9162,2.9167,2.9227,2.9227,2.9212,2.9217,15
2026-05-08 08:49:00,2.9172,2.9182,2.9172,2.9172,2.9222,2.9232,2.9222,2.9222,5
2026-05-08 08:50:00,2.9167,2.9172,2.9142,2.9152,2.9217,2.9222,2.9192,2.9202,13
2026-05-08 08:51:00,2.9142,2.9157,2.9142,2.9142,2.9192,2.9207,2.9192,2.9192,11
2026-05-08 08:53:00,2.9147,2.9147,2.9142,2.9142,2.9197,2.9197,2.9192,2.9192,2
2026-05-08 08:55:00,2.9152,2.9152,2.9142,2.9142,2.9202,2.9202,2.9192,2.9192,2
2026-05-08 08:56:00,2.9132,2.9142,2.9132,2.9142,2.9182,2.9192,2.9182,2.9192,4
2026-05-08 08:57:00,2.9147,2.9167,2.9147,2.9162,2.9197,2.9217,2.9197,2.9212,5
2026-05-08 08:58:00,2.9157,2.9162,2.9152,2.9152,2.9207,2.9212,2.9202,2.9202,8
2026-05-08 08:59:00,2.9157,2.9162,2.9152,2.9152,2.9207,2.9212,2.9202,2.9202,11
2026-05-08 09:00:00,2.9147,2.9147,2.9122,2.9122,2.9197,2.9197,2.9172,2.9172,23
2026-05-08 09:01:00,2.9117,2.9117,2.9092,2.9092,2.9167,2.9167,2.9142,2.9142,7
2026-05-08 09:02:00,2.9097,2.9102,2.9092,2.9102,2.9147,2.9152,2.9142,2.9152,4
2026-05-08 09:03:00,2.9097,2.9117,2.9092,2.9117,2.9147,2.9167,2.9142,2.9167,12
2026-05-08 09:04:00,2.9122,2.9122,2.9107,2.9107,2.9172,2.9172,2.9157,2.9157,8
2026-05-08 09:05:00,2.9102,2.9122,2.9102,2.9122,2.9152,2.9172,2.9152,2.9172,18
2026-05-08 09:06:00,2.9112,2.9122,2.9112,2.9112,2.9162,2.9172,2.9162,2.9162,7
2026-05-08 09:07:00,2.9122,2.9132,2.9112,2.9122,2.9172,2.9182,2.9162,2.9172,13
2026-05-08 09:08:00,2.9127,2.9132,2.9122,2.9132,2.9177,2.9182,2.9172,2.9182,4
2026-05-08 09:09:00,2.9142,2.9147,2.9132,2.9137,2.9192,2.9197,2.9182,2.9187,6
2026-05-08 09:10:00,2.9142,2.9177,2.9142,2.9172,2.9192,2.9227,2.9192,2.9222,19
2026-05-08 09:11:00,2.9167,2.9167,2.9152,2.9152,2.9217,2.9217,2.9202,2.9202,4
2026-05-08 09:13:00,2.9142,2.9152,2.9142,2.9142,2.9192,2.9202,2.9192,2.9192,7
2026-05-08 09:14:00,2.9147,2.9177,2.9147,2.9177,2.9197,2.9227,2.9197,2.9227,11
2026-05-08 09:15:00,2.9182,2.9182,2.9172,2.9177,2.9232,2.9232,2.9222,2.9227,13
2026-05-08 09:16:00,2.9182,2.9192,2.9182,2.9182,2.9232,2.9242,2.9232,2.9232,6
2026-05-08 09:17:00,2.9187,2.9192,2.9172,2.9182,2.9237,2.9242,2.9222,2.9232,16
2026-05-08 09:18:00,2.9187,2.9192,2.9177,2.9182,2.9237,2.9242,2.9227,2.9232,6
2026-05-08 09:19:00,2.9172,2.9192,2.9172,2.9172,2.9222,2.9242,2.9222,2.9222,8
2026-05-08 09:20:00,2.9177,2.9192,2.9172,2.9182,2.9227,2.9242,2.9222,2.9232,12
2026-05-08 09:21:00,2.9192,2.9202,2.9182,2.9182,2.9242,2.9252,2.9232,2.9232,7
2026-05-08 09:22:00,2.9187,2.9192,2.9182,2.9182,2.9237,2.9242,2.9232,2.9232,11
2026-05-08 09:23:00,2.9187,2.9187,2.9172,2.9177,2.9237,2.9237,2.9222,2.9227,7
2026-05-08 09:24:00,2.9182,2.9182,2.9177,2.9182,2.9232,2.9232,2.9227,2.9232,3
2026-05-08 09:25:00,2.9172,2.9202,2.9172,2.9202,2.9222,2.9252,2.9222,2.9252,14
2026-05-08 09:26:00,2.9197,2.9202,2.9182,2.9192,2.9247,2.9252,2.9232,2.9242,12
2026-05-08 09:27:00,2.9187,2.9192,2.9162,2.9167,2.9237,2.9242,2.9212,2.9217,11
2026-05-08 09:28:00,2.9172,2.9177,2.9167,2.9172,2.9222,2.9227,2.9217,2.9222,7
2026-05-08 09:29:00,2.9177,2.9177,2.9167,2.9177,2.9227,2.9227,2.9217,2.9227,10
2026-05-08 09:30:00,2.9172,2.9172,2.9142,2.9152,2.9222,2.9222,2.9192,2.9202,14
2026-05-08 09:31:00,2.9142,2.9152,2.9142,2.9142,2.9192,2.9202,2.9192,2.9192,12
2026-05-08 09:32:00,2.9147,2.9182,2.9147,2.9167,2.9197,2.9232,2.9197,2.9217,13
2026-05-08 09:33:00,2.9162,2.9162,2.9147,2.9147,2.9212,2.9212,2.9197,2.9197,4
2026-05-08 09:34:00,2.9152,2.9172,2.9152,2.9172,2.9202,2.9222,2.9202,2.9222,8
2026-05-08 09:35:00,2.9177,2.9182,2.9152,2.9162,2.9227,2.9232,2.9202,2.9212,16
2026-05-08 09:36:00,2.9167,2.9182,2.9167,2.9172,2.9217,2.9232,2.9217,2.9222,10
2026-05-08 09:37:00,2.9167,2.9167,2.9157,2.9167,2.9217,2.9217,2.9207,2.9217,7
2026-05-08 09:38:00,2.9162,2.9162,2.9152,2.9152,2.9212,2.9212,2.9202,2.9202,4
2026-05-08 09:39:00,2.9157,2.9162,2.9152,2.9157,2.9207,2.9212,2.9202,2.9207,7
2026-05-08 09:40:00,2.9162,2.9167,2.9162,2.9162,2.9212,2.9217,2.9212,2.9212,3
2026-05-08 09:41:00,2.9167,2.9177,2.9162,2.9177,2.9217,2.9227,2.9212,2.9227,12
2026-05-08 09:42:00,2.9172,2.9182,2.9172,2.9177,2.9222,2.9232,2.9222,2.9227,4
2026-05-08 09:43:00,2.9182,2.9182,2.9162,2.9167,2.9232,2.9232,2.9212,2.9217,10
2026-05-08 09:44:00,2.9172,2.9172,2.9172,2.9172,2.9222,2.9222,2.9222,2.9222,1
2026-05-08 09:45:00,2.9167,2.9167,2.9132,2.9152,2.9217,2.9217,2.9182,2.9202,10
2026-05-08 09:46:00,2.9147,2.9152,2.9147,2.9152,2.9197,2.9202,2.9197,2.9202,8
2026-05-08 09:48:00,2.9157,2.9162,2.9152,2.9152,2.9207,2.9212,2.9202,2.9202,10
2026-05-08 09:49:00,2.9162,2.9167,2.9157,2.9162,2.9212,2.9217,2.9207,2.9212,13
2026-05-08 09:50:00,2.9167,2.9167,2.9152,2.9162,2.9217,2.9217,2.9202,2.9212,7
2026-05-08 09:51:00,2.9167,2.9172,2.9162,2.9172,2.9217,2.9222,2.9212,2.9222,9
2026-05-08 09:52:00,2.9177,2.9177,2.9172,2.9177,2.9227,2.9227,2.9222,2.9227,5
2026-05-08 09:53:00,2.9172,2.9182,2.9172,2.9182,2.9222,2.9232,2.9222,2.9232,11
2026-05-08 09:54:00,2.9192,2.9192,2.9187,2.9192,2.9242,2.9242,2.9237,2.9242,3
2026-05-08 09:55:00,2.9202,2.9202,2.9192,2.9192,2.9252,2.9252,2.9242,2.9242,2
2026-05-08 09:56:00,2.9182,2.9197,2.9182,2.9197,2.9232,2.9247,2.9232,2.9247,5
2026-05-08 09:57:00,2.9192,2.9222,2.9192,2.9222,2.9242,2.9272,2.9242,2.9272,9
2026-05-08 09:58:00,2.9217,2.9222,2.9202,2.9202,2.9267,2.9272,2.9252,2.9252,5
2026-05-08 10:00:00,2.9192,2.9242,2.9192,2.9232,2.9242,2.9292,2.9242,2.9282,16
2026-05-08 10:01:00,2.9237,2.9242,2.9232,2.9232,2.9287,2.9292,2.9282,2.9282,18
2026-05-08 10:02:00,2.9237,2.9242,2.9232,2.9242,2.9287,2.9292,2.9282,2.9292,5
2026-05-08 10:03:00,2.9237,2.9242,2.9232,2.9242,2.9287,2.9292,2.9282,2.9292,7
2026-05-08 10:04:00,2.9232,2.9252,2.9232,2.9242,2.9282,2.9302,2.9282,2.9292,5
2026-05-08 10:05:00,2.9252,2.9272,2.9252,2.9272,2.9302,2.9322,2.9302,2.9322,5
2026-05-08 10:06:00,2.9282,2.9332,2.9282,2.9332,2.9332,2.9382,2.9332,2.9382,16
2026-05-08 10:07:00,2.9322,2.9342,2.9322,2.9332,2.9372,2.9392,2.9372,2.9382,21
2026-05-08 10:08:00,2.9322,2.9342,2.9312,2.9342,2.9372,2.9392,2.9362,2.9392,15
2026-05-08 10:09:00,2.9347,2.9402,2.9347,2.9402,2.9397,2.9452,2.9397,2.9452,11
2026-05-08 10:10:00,2.9412,2.9502,2.9412,2.9502,2.9462,2.9552,2.9462,2.9552,46
2026-05-08 10:11:00,2.9517,2.9562,2.9517,2.9532,2.9567,2.9612,2.9567,2.9582,33
2026-05-08 10:12:00,2.9522,2.9522,2.9492,2.9512,2.9572,2.9572,2.9542,2.9562,19
2026-05-08 10:13:00,2.9522,2.9562,2.9522,2.9562,2.9572,2.9612,2.9572,2.9612,23
2026-05-08 10:14:00,2.9567,2.9567,2.9492,2.9517,2.9617,2.9617,2.9542,2.9567,27
2026-05-08 10:15:00,2.9512,2.9517,2.9482,2.9482,2.9562,2.9567,2.9532,2.9532,12
2026-05-08 10:16:00,2.9477,2.9492,2.9462,2.9472,2.9527,2.9542,2.9512,2.9522,23
2026-05-08 10:17:00,2.9462,2.9462,2.9452,2.9452,2.9512,2.9512,2.9502,2.9502,3
2026-05-08 10:18:00,2.9457,2.9462,2.9442,2.9452,2.9507,2.9512,2.9492,2.9502,6
2026-05-08 10:19:00,2.9462,2.9472,2.9442,2.9472,2.9512,2.9522,2.9492,2.9522,11
2026-05-08 10:20:00,2.9462,2.9462,2.9452,2.9462,2.9512,2.9512,2.9502,2.9512,4
2026-05-08 10:21:00,2.9457,2.9457,2.9427,2.9442,2.9507,2.9507,2.9477,2.9492,8
2026-05-08 10:22:00,2.9432,2.9452,2.9432,2.9442,2.9482,2.9502,2.9482,2.9492,5
2026-05-08 10:23:00,2.9452,2.9452,2.9427,2.9427,2.9502,2.9502,2.9477,2.9477,6
2026-05-08 10:24:00,2.9417,2.9442,2.9412,2.9442,2.9467,2.9492,2.9462,2.9492,21
2026-05-08 10:25:00,2.9437,2.9437,2.9402,2.9402,2.9487,2.9487,2.9452,2.9452,7
2026-05-08 10:26:00,2.9407,2.9437,2.9407,2.9422,2.9457,2.9487,2.9457,2.9472,16
2026-05-08 10:27:00,2.9427,2.9432,2.9422,2.9422,2.9477,2.9482,2.9472,2.9472,4
2026-05-08 10:28:00,2.9412,2.9417,2.9367,2.9382,2.9462,2.9467,2.9417,2.9432,19
2026-05-08 10:29:00,2.9377,2.9392,2.9372,2.9377,2.9427,2.9442,2.9422,2.9427,9
2026-05-08 10:30:00,2.9387,2.9402,2.9332,2.9342,2.9437,2.9452,2.9382,2.9392,33
2026-05-08 10:31:00,2.9347,2.9352,2.9342,2.9342,2.9397,2.9402,2.9392,2.9392,8
2026-05-08 10:32:00,2.9337,2.9367,2.9322,2.9352,2.9387,2.9417,2.9372,2.9402,15
2026-05-08 10:33:00,2.9362,2.9362,2.9352,2.9362,2.9412,2.9412,2.9402,2.9412,4
2026-05-08 10:34:00,2.9372,2.9407,2.9362,2.9407,2.9422,2.9457,2.9412,2.9457,17
2026-05-08 10:35:00,2.9397,2.9412,2.9392,2.9402,2.9447,2.9462,2.9442,2.9452,8
2026-05-08 10:36:00,2.9412,2.9412,2.9402,2.9402,2.9462,2.9462,2.9452,2.9452,5
2026-05-08 10:37:00,2.9407,2.9422,2.9392,2.9412,2.9457,2.9472,2.9442,2.9462,14
2026-05-08 10:38:00,2.9417,2.9442,2.9417,2.9432,2.9467,2.9492,2.9467,2.9482,8
2026-05-08 10:39:00,2.9442,2.9452,2.9442,2.9442,2.9492,2.9502,2.9492,2.9492,12
2026-05-08 10:40:00,2.9447,2.9452,2.9432,2.9442,2.9497,2.9502,2.9482,2.9492,14
2026-05-08 10:41:00,2.9447,2.9447,2.9442,2.9442,2.9497,2.9497,2.9492,2.9492,2
2026-05-08 10:42:00,2.9447,2.9472,2.9442,2.9472,2.9497,2.9522,2.9492,2.9522,17
2026-05-08 10:43:00,2.9482,2.9492,2.9462,2.9472,2.9532,2.9542,2.9512,2.9522,16
2026-05-08 10:44:00,2.9467,2.9472,2.9462,2.9472,2.9517,2.9522,2.9512,2.9522,5
2026-05-08 10:45:00,2.9477,2.9482,2.9442,2.9442,2.9527,2.9532,2.9492,2.9492,13
2026-05-08 10:46:00,2.9452,2.9452,2.9432,2.9452,2.9502,2.9502,2.9482,2.9502,15
2026-05-08 10:47:00,2.9447,2.9447,2.9432,2.9442,2.9497,2.9497,2.9482,2.9492,6
2026-05-08 10:48:00,2.9432,2.9442,2.9392,2.9402,2.9482,2.9492,2.9442,2.9452,18
2026-05-08 10:49:00,2.9407,2.9412,2.9367,2.9372,2.9457,2.9462,2.9417,2.9422,21
2026-05-08 10:50:00,2.9382,2.9402,2.9372,2.9392,2.9432,2.9452,2.9422,2.9442,12
2026-05-08 10:51:00,2.9397,2.9402,2.9382,2.9382,2.9447,2.9452,2.9432,2.9432,10
2026-05-08 10:52:00,2.9392,2.9402,2.9392,2.9392,2.9442,2.9452,2.9442,2.9442,9
2026-05-08 10:53:00,2.9402,2.9402,2.9352,2.9352,2.9452,2.9452,2.9402,2.9402,12
2026-05-08 10:56:00,2.9362,2.9372,2.9352,2.9352,2.9412,2.9422,2.9402,2.9402,9
2026-05-08 10:57:00,2.9357,2.9357,2.9352,2.9352,2.9407,2.9407,2.9402,2.9402,4
2026-05-08 10:58:00,2.9362,2.9372,2.9352,2.9352,2.9412,2.9422,2.9402,2.9402,4
2026-05-08 10:59:00,2.9362,2.9362,2.9352,2.9362,2.9412,2.9412,2.9402,2.9412,4
2026-05-08 11:00:00,2.9367,2.9372,2.9352,2.9362,2.9417,2.9422,2.9402,2.9412,21
2026-05-08 11:01:00,2.9357,2.9372,2.9352,2.9357,2.9407,2.9422,2.9402,2.9407,8
2026-05-08 11:02:00,2.9362,2.9377,2.9352,2.9352,2.9412,2.9427,2.9402,2.9402,9
2026-05-08 11:03:00,2.9347,2.9352,2.9342,2.9352,2.9397,2.9402,2.9392,2.9402,8
2026-05-08 11:04:00,2.9347,2.9372,2.9347,2.9352,2.9397,2.9422,2.9397,2.9402,7
2026-05-08 11:05:00,2.9342,2.9352,2.9332,2.9352,2.9392,2.9402,2.9382,2.9402,5
2026-05-08 11:06:00,2.9357,2.9362,2.9342,2.9352,2.9407,2.9412,2.9392,2.9402,8
2026-05-08 11:07:00,2.9357,2.9382,2.9357,2.9382,2.9407,2.9432,2.9407,2.9432,14
2026-05-08 11:08:00,2.9377,2.9382,2.9377,2.9382,2.9427,2.9432,2.9427,2.9432,2
2026-05-08 11:09:00,2.9387,2.9397,2.9387,2.9392,2.9437,2.9447,2.9437,2.9442,6
2026-05-08 11:10:00,2.9402,2.9402,2.9387,2.9392,2.9452,2.9452,2.9437,2.9442,8
2026-05-08 11:11:00,2.9382,2.9387,2.9377,2.9382,2.9432,2.9437,2.9427,2.9432,5
2026-05-08 11:12:00,2.9392,2.9412,2.9392,2.9407,2.9442,2.9462,2.9442,2.9457,8
2026-05-08 11:13:00,2.9397,2.9402,2.9382,2.9392,2.9447,2.9452,2.9432,2.9442,9
2026-05-08 11:14:00,2.9382,2.9397,2.9382,2.9392,2.9432,2.9447,2.9432,2.9442,4
2026-05-08 11:15:00,2.9402,2.9402,2.9392,2.9392,2.9452,2.9452,2.9442,2.9442,5
2026-05-08 11:17:00,2.9397,2.9417,2.9392,2.9417,2.9447,2.9467,2.9442,2.9467,7
2026-05-08 11:18:00,2.9422,2.9437,2.9422,2.9432,2.9472,2.9487,2.9472,2.9482,21
2026-05-08 11:19:00,2.9427,2.9427,2.9422,2.9422,2.9477,2.9477,2.9472,2.9472,4
2026-05-08 11:20:00,2.9412,2.9412,2.9412,2.9412,2.9462,2.9462,2.9462,2.9462,1
2026-05-08 11:21:00,2.9402,2.9412,2.9382,2.9387,2.9452,2.9462,2.9432,2.9437,10
2026-05-08 11:22:00,2.9392,2.9402,2.9392,2.9402,2.9442,2.9452,2.9442,2.9452,4
2026-05-08 11:24:00,2.9412,2.9422,2.9402,2.9412,2.9462,2.9472,2.9452,2.9462,5
2026-05-08 11:25:00,2.9407,2.9412,2.9392,2.9392,2.9457,2.9462,2.9442,2.9442,16
2026-05-08 11:26:00,2.9387,2.9402,2.9387,2.9402,2.9437,2.9452,2.9437,2.9452,10
2026-05-08 11:27:00,2.9407,2.9407,2.9407,2.9407,2.9457,2.9457,2.9457,2.9457,1
2026-05-08 11:28:00,2.9402,2.9412,2.9362,2.9372,2.9452,2.9462,2.9412,2.9422,20
2026-05-08 11:29:00,2.9367,2.9372,2.9362,2.9367,2.9417,2.9422,2.9412,2.9417,9
2026-05-08 11:30:00,2.9372,2.9382,2.9372,2.9382,2.9422,2.9432,2.9422,2.9432,9
2026-05-08 11:31:00,2.9387,2.9407,2.9387,2.9407,2.9437,2.9457,2.9437,2.9457,4
2026-05-08 11:32:00,2.9402,2.9412,2.9392,2.9402,2.9452,2.9462,2.9442,2.9452,7
2026-05-08 11:33:00,2.9397,2.9402,2.9392,2.9392,2.9447,2.9452,2.9442,2.9442,7
2026-05-08 11:34:00,2.9402,2.9407,2.9392,2.9402,2.9452,2.9457,2.9442,2.9452,13
2026-05-08 11:35:00,2.9397,2.9402,2.9397,2.9402,2.9447,2.9452,2.9447,2.9452,2
2026-05-08 11:36:00,2.9392,2.9392,2.9377,2.9382,2.9442,2.9442,2.9427,2.9432,4
2026-05-08 11:37:00,2.9387,2.9392,2.9382,2.9382,2.9437,2.9442,2.9432,2.9432,4
2026-05-08 11:39:00,2.9387,2.9397,2.9387,2.9392,2.9437,2.9447,2.9437,2.9442,6
2026-05-08 11:40:00,2.9397,2.9422,2.9392,2.9402,2.9447,2.9472,2.9442,2.9452,12
2026-05-08 11:41:00,2.9392,2.9392,2.9392,2.9392,2.9442,2.9442,2.9442,2.9442,1
2026-05-08 11:42:00,2.9387,2.9412,2.9382,2.9412,2.9437,2.9462,2.9432,2.9462,11
2026-05-08 11:43:00,2.9417,2.9417,2.9397,2.9402,2.9467,2.9467,2.9447,2.9452,6
2026-05-08 11:44:00,2.9392,2.9402,2.9392,2.9402,2.9442,2.9452,2.9442,2.9452,15
2026-05-08 11:45:00,2.9392,2.9392,2.9367,2.9382,2.9442,2.9442,2.9417,2.9432,7
2026-05-08 11:46:00,2.9392,2.9442,2.9392,2.9432,2.9442,2.9492,2.9442,2.9482,16
2026-05-08 11:47:00,2.9437,2.9437,2.9432,2.9432,2.9487,2.9487,2.9482,2.9482,2
2026-05-08 11:48:00,2.9437,2.9457,2.9437,2.9457,2.9487,2.9507,2.9487,2.9507,11
2026-05-08 11:49:00,2.9462,2.9472,2.9457,2.9462,2.9512,2.9522,2.9507,2.9512,6
2026-05-08 11:50:00,2.9457,2.9482,2.9452,2.9472,2.9507,2.9532,2.9502,2.9522,24
2026-05-08 11:51:00,2.9467,2.9482,2.9467,2.9482,2.9517,2.9532,2.9517,2.9532,14
2026-05-08 11:52:00,2.9472,2.9482,2.9472,2.9472,2.9522,2.9532,2.9522,2.9522,4
2026-05-08 11:53:00,2.9482,2.9487,2.9472,2.9482,2.9532,2.9537,2.9522,2.9532,5
2026-05-08 11:54:00,2.9472,2.9472,2.9472,2.9472,2.9522,2.9522,2.9522,2.9522,1
2026-05-08 11:55:00,2.9477,2.9482,2.9472,2.9482,2.9527,2.9532,2.9522,2.9532,7
2026-05-08 11:56:00,2.9487,2.9497,2.9487,2.9492,2.9537,2.9547,2.9537,2.9542,4
2026-05-08 11:57:00,2.9482,2.9492,2.9482,2.9492,2.9532,2.9542,2.9532,2.9542,8
2026-05-08 11:58:00,2.9482,2.9492,2.9482,2.9492,2.9532,2.9542,2.9532,2.9542,3
2026-05-08 11:59:00,2.9502,2.9502,2.9502,2.9502,2.9552,2.9552,2.9552,2.9552,1
2026-05-08 12:00:00,2.9507,2.9537,2.9507,2.9512,2.9557,2.9587,2.9557,2.9562,20
2026-05-08 12:01:00,2.9522,2.9522,2.9517,2.9517,2.9572,2.9572,2.9567,2.9567,2
2026-05-08 12:02:00,2.9512,2.9532,2.9512,2.9532,2.9562,2.9582,2.9562,2.9582,5
2026-05-08 12:03:00,2.9537,2.9537,2.9507,2.9512,2.9587,2.9587,2.9557,2.9562,13
2026-05-08 12:04:00,2.9522,2.9532,2.9522,2.9522,2.9572,2.9582,2.9572,2.9572,3
2026-05-08 12:05:00,2.9512,2.9512,2.9502,2.9502,2.9562,2.9562,2.9552,2.9552,2
2026-05-08 12:06:00,2.9512,2.9522,2.9512,2.9522,2.9562,2.9572,2.9562,2.9572,5
2026-05-08 12:07:00,2.9512,2.9522,2.9512,2.9517,2.9562,2.9572,2.9562,2.9567,5
2026-05-08 12:08:00,2.9512,2.9522,2.9492,2.9517,2.9562,2.9572,2.9542,2.9567,35
2026-05-08 12:09:00,2.9522,2.9597,2.9522,2.9597,2.9572,2.9647,2.9572,2.9647,25
2026-05-08 12:10:00,2.9602,2.9627,2.9602,2.9612,2.9652,2.9677,2.9652,2.9662,13
2026-05-08 12:11:00,2.9607,2.9612,2.9582,2.9582,2.9657,2.9662,2.9632,2.9632,15
2026-05-08 12:12:00,2.9587,2.9592,2.9582,2.9582,2.9637,2.9642,2.9632,2.9632,3
2026-05-08 12:13:00,2.9587,2.9602,2.9582,2.9582,2.9637,2.9652,2.9632,2.9632,5
2026-05-08 12:14:00,2.9587,2.9592,2.9587,2.9592,2.9637,2.9642,2.9637,2.9642,2
2026-05-08 12:15:00,2.9602,2.9602,2.9532,2.9542,2.9652,2.9652,2.9582,2.9592,17
2026-05-08 12:16:00,2.9532,2.9552,2.9532,2.9542,2.9582,2.9602,2.9582,2.9592,7
2026-05-08 12:17:00,2.9552,2.9552,2.9542,2.9542,2.9602,2.9602,2.9592,2.9592,4
2026-05-08 12:18:00,2.9552,2.9552,2.9542,2.9542,2.9602,2.9602,2.9592,2.9592,6
2026-05-08 12:19:00,2.9532,2.9552,2.9532,2.9552,2.9582,2.9602,2.9582,2.9602,9
2026-05-08 12:20:00,2.9547,2.9572,2.9542,2.9572,2.9597,2.9622,2.9592,2.9622,27
2026-05-08 12:21:00,2.9582,2.9592,2.9567,2.9592,2.9632,2.9642,2.9617,2.9642,9
2026-05-08 12:22:00,2.9587,2.9592,2.9572,2.9582,2.9637,2.9642,2.9622,2.9632,14
2026-05-08 12:23:00,2.9572,2.9577,2.9552,2.9552,2.9622,2.9627,2.9602,2.9602,20
2026-05-08 12:24:00,2.9547,2.9562,2.9547,2.9562,2.9597,2.9612,2.9597,2.9612,15
2026-05-08 12:25:00,2.9552,2.9562,2.9547,2.9547,2.9602,2.9612,2.9597,2.9597,8
2026-05-08 12:26:00,2.9542,2.9562,2.9542,2.9552,2.9592,2.9612,2.9592,2.9602,16
2026-05-08 12:27:00,2.9562,2.9577,2.9562,2.9562,2.9612,2.9627,2.9612,2.9612,13
2026-05-08 12:28:00,2.9552,2.9557,2.9537,2.9542,2.9602,2.9607,2.9587,2.9592,9
2026-05-08 12:29:00,2.9532,2.9532,2.9512,2.9517,2.9582,2.9582,2.9562,2.9567,15
2026-05-08 12:30:00,2.9512,2.9512,2.9502,2.9502,2.9562,2.9562,2.9552,2.9552,4
2026-05-08 12:31:00,2.9507,2.9532,2.9442,2.9442,2.9557,2.9582,2.9492,2.9492,26
2026-05-08 12:32:00,2.9447,2.9452,2.9377,2.9392,2.9497,2.9502,2.9427,2.9442,32
2026-05-08 12:33:00,2.9382,2.9412,2.9382,2.9402,2.9432,2.9462,2.9432,2.9452,22
2026-05-08 12:34:00,2.9412,2.9452,2.9412,2.9442,2.9462,2.9502,2.9462,2.9492,8
2026-05-08 12:35:00,2.9452,2.9462,2.9417,2.9432,2.9502,2.9512,2.9467,2.9482,17
2026-05-08 12:36:00,2.9442,2.9452,2.9442,2.9442,2.9492,2.9502,2.9492,2.9492,7
2026-05-08 12:37:00,2.9452,2.9462,2.9452,2.9452,2.9502,2.9512,2.9502,2.9502,6
2026-05-08 12:38:00,2.9462,2.9462,2.9437,2.9442,2.9512,2.9512,2.9487,2.9492,14
2026-05-08 12:39:00,2.9437,2.9452,2.9437,2.9452,2.9487,2.9502,2.9487,2.9502,4
2026-05-08 12:40:00,2.9447,2.9462,2.9447,2.9462,2.9497,2.9512,2.9497,2.9512,6
2026-05-08 12:41:00,2.9467,2.9467,2.9467,2.9467,2.9517,2.9517,2.9517,2.9517,1
2026-05-08 12:42:00,2.9472,2.9482,2.9472,2.9482,2.9522,2.9532,2.9522,2.9532,6
2026-05-08 12:43:00,2.9472,2.9512,2.9462,2.9472,2.9522,2.9562,2.9512,2.9522,16
2026-05-08 12:44:00,2.9487,2.9502,2.9482,2.9502,2.9537,2.9552,2.9532,2.9552,12
2026-05-08 12:45:00,2.9497,2.9502,2.9472,2.9492,2.9547,2.9552,2.9522,2.9542,20
2026-05-08 12:46:00,2.9487,2.9492,2.9477,2.9482,2.9537,2.9542,2.9527,2.9532,10
2026-05-08 12:47:00,2.9472,2.9482,2.9462,2.9462,2.9522,2.9532,2.9512,2.9512,12
2026-05-08 12:48:00,2.9467,2.9502,2.9467,2.9497,2.9517,2.9552,2.9517,2.9547,9
2026-05-08 12:49:00,2.9502,2.9502,2.9482,2.9492,2.9552,2.9552,2.9532,2.9542,13
2026-05-08 12:50:00,2.9502,2.9502,2.9472,2.9472,2.9552,2.9552,2.9522,2.9522,11
2026-05-08 12:51:00,2.9482,2.9502,2.9472,2.9502,2.9532,2.9552,2.9522,2.9552,11
2026-05-08 12:52:00,2.9512,2.9527,2.9502,2.9502,2.9562,2.9577,2.9552,2.9552,13
2026-05-08 12:53:00,2.9512,2.9532,2.9502,2.9522,2.9562,2.9582,2.9552,2.9572,12
2026-05-08 12:54:00,2.9517,2.9527,2.9512,2.9522,2.9567,2.9577,2.9562,2.9572,12
2026-05-08 12:55:00,2.9512,2.9547,2.9512,2.9532,2.9562,2.9597,2.9562,2.9582,44
2026-05-08 12:56:00,2.9527,2.9562,2.9527,2.9547,2.9577,2.9612,2.9577,2.9597,11
2026-05-08 12:57:00,2.9562,2.9612,2.9552,2.9597,2.9612,2.9662,2.9602,2.9647,23
2026-05-08 12:58:00,2.9592,2.9592,2.9572,2.9582,2.9642,2.9642,2.9622,2.9632,8
2026-05-08 12:59:00,2.9592,2.9592,2.9562,2.9572,2.9642,2.9642,2.9612,2.9622,13
2026-05-08 13:00:00,2.9577,2.9582,2.9512,2.9512,2.9627,2.9632,2.9562,2.9562,30
2026-05-08 13:01:00,2.9517,2.9532,2.9492,2.9492,2.9567,2.9582,2.9542,2.9542,13
2026-05-08 13:02:00,2.9487,2.9487,2.9442,2.9467,2.9537,2.9537,2.9492,2.9517,17
2026-05-08 13:03:00,2.9477,2.9492,2.9472,2.9482,2.9527,2.9542,2.9522,2.9532,16
2026-05-08 13:04:00,2.9472,2.9477,2.9462,2.9462,2.9522,2.9527,2.9512,2.9512,12
2026-05-08 13:05:00,2.9467,2.9492,2.9467,2.9492,2.9517,2.9542,2.9517,2.9542,6
2026-05-08 13:06:00,2.9502,2.9522,2.9492,2.9522,2.9552,2.9572,2.9542,2.9572,6
2026-05-08 13:07:00,2.9532,2.9542,2.9512,2.9512,2.9582,2.9592,2.9562,2.9562,6
2026-05-08 13:08:00,2.9522,2.9532,2.9507,2.9532,2.9572,2.9582,2.9557,2.9582,11
2026-05-08 13:09:00,2.9542,2.9552,2.9512,2.9512,2.9592,2.9602,2.9562,2.9562,12
2026-05-08 13:10:00,2.9517,2.9542,2.9512,2.9522,2.9567,2.9592,2.9562,2.9572,20
2026-05-08 13:11:00,2.9532,2.9542,2.9507,2.9512,2.9582,2.9592,2.9557,2.9562,24
2026-05-08 13:12:00,2.9522,2.9527,2.9522,2.9522,2.9572,2.9577,2.9572,2.9572,3
2026-05-08 13:13:00,2.9527,2.9532,2.9522,2.9522,2.9577,2.9582,2.9572,2.9572,5
2026-05-08 13:14:00,2.9527,2.9532,2.9517,2.9517,2.9577,2.9582,2.9567,2.9567,8
2026-05-08 13:15:00,2.9512,2.9512,2.9412,2.9417,2.9562,2.9562,2.9462,2.9467,37
2026-05-08 13:16:00,2.9422,2.9432,2.9412,2.9432,2.9472,2.9482,2.9462,2.9482,20
2026-05-08 13:17:00,2.9427,2.9432,2.9412,2.9427,2.9477,2.9482,2.9462,2.9477,17
2026-05-08 13:18:00,2.9422,2.9427,2.9412,2.9422,2.9472,2.9477,2.9462,2.9472,7
2026-05-08 13:19:00,2.9427,2.9432,2.9412,2.9412,2.9477,2.9482,2.9462,2.9462,5
2026-05-08 13:20:00,2.9422,2.9422,2.9412,2.9412,2.9472,2.9472,2.9462,2.9462,4
2026-05-08 13:21:00,2.9407,2.9407,2.9402,2.9402,2.9457,2.9457,2.9452,2.9452,2
2026-05-08 13:22:00,2.9392,2.9422,2.9392,2.9412,2.9442,2.9472,2.9442,2.9462,7
2026-05-08 13:23:00,2.9417,2.9472,2.9412,2.9472,2.9467,2.9522,2.9462,2.9522,15
2026-05-08 13:24:00,2.9482,2.9482,2.9402,2.9442,2.9532,2.9532,2.9452,2.9492,28
2026-05-08 13:25:00,2.9437,2.9437,2.9377,2.9382,2.9487,2.9487,2.9427,2.9432,19
2026-05-08 13:26:00,2.9392,2.9402,2.9382,2.9402,2.9442,2.9452,2.9432,2.9452,4
2026-05-08 13:27:00,2.9412,2.9422,2.9392,2.9407,2.9462,2.9472,2.9442,2.9457,16
2026-05-08 13:28:00,2.9412,2.9412,2.9392,2.9402,2.9462,2.9462,2.9442,2.9452,12
2026-05-08 13:29:00,2.9392,2.9402,2.9382,2.9402,2.9442,2.9452,2.9432,2.9452,22
2026-05-08 13:30:00,2.9397,2.9402,2.9372,2.9382,2.9447,2.9452,2.9422,2.9432,14
2026-05-08 13:31:00,2.9372,2.9387,2.9362,2.9387,2.9422,2.9437,2.9412,2.9437,7
2026-05-08 13:32:00,2.9392,2.9392,2.9372,2.9372,2.9442,2.9442,2.9422,2.9422,15
2026-05-08 13:33:00,2.9362,2.9392,2.9362,2.9377,2.9412,2.9442,2.9412,2.9427,17
2026-05-08 13:34:00,2.9372,2.9372,2.9342,2.9357,2.9422,2.9422,2.9392,2.9407,16
2026-05-08 13:35:00,2.9362,2.9362,2.9242,2.9262,2.9412,2.9412,2.9292,2.9312,31
2026-05-08 13:36:00,2.9252,2.9287,2.9252,2.9272,2.9302,2.9337,2.9302,2.9322,22
2026-05-08 13:37:00,2.9267,2.9272,2.9247,2.9252,2.9317,2.9322,2.9297,2.9302,17
2026-05-08 13:38:00,2.9242,2.9262,2.9192,2.9202,2.9292,2.9312,2.9242,2.9252,31
2026-05-08 13:39:00,2.9192,2.9202,2.9172,2.9182,2.9242,2.9252,2.9222,2.9232,25
2026-05-08 13:40:00,2.9177,2.9177,2.9152,2.9172,2.9227,2.9227,2.9202,2.9222,10
2026-05-08 13:41:00,2.9177,2.9192,2.9102,2.9142,2.9227,2.9242,2.9152,2.9192,36
2026-05-08 13:42:00,2.9137,2.9152,2.9132,2.9152,2.9187,2.9202,2.9182,2.9202,20
2026-05-08 13:43:00,2.9162,2.9172,2.9152,2.9167,2.9212,2.9222,2.9202,2.9217,25
2026-05-08 13:44:00,2.9152,2.9172,2.9147,2.9172,2.9202,2.9222,2.9197,2.9222,13
2026-05-08 13:45:00,2.9162,2.9162,2.9122,2.9152,2.9212,2.9212,2.9172,2.9202,23
2026-05-08 13:46:00,2.9157,2.9157,2.9127,2.9147,2.9207,2.9207,2.9177,2.9197,19
2026-05-08 13:47:00,2.9152,2.9162,2.9112,2.9122,2.9202,2.9212,2.9162,2.9172,17
2026-05-08 13:48:00,2.9112,2.9132,2.9112,2.9122,2.9162,2.9182,2.9162,2.9172,12
2026-05-08 13:49:00,2.9117,2.9122,2.8992,2.9017,2.9167,2.9172,2.9042,2.9067,35
2026-05-08 13:50:00,2.9022,2.9062,2.9022,2.9057,2.9072,2.9112,2.9072,2.9107,51
2026-05-08 13:51:00,2.9052,2.9072,2.9042,2.9072,2.9102,2.9122,2.9092,2.9122,21
2026-05-08 13:52:00,2.9077,2.9112,2.9077,2.9102,2.9127,2.9162,2.9127,2.9152,17
2026-05-08 13:53:00,2.9097,2.9132,2.9082,2.9122,2.9147,2.9182,2.9132,2.9172,18
2026-05-08 13:54:00,2.9117,2.9117,2.9012,2.9062,2.9167,2.9167,2.9062,2.9112,50
2026-05-08 13:55:00,2.9052,2.9062,2.9042,2.9057,2.9102,2.9112,2.9092,2.9107,35
2026-05-08 13:56:00,2.9067,2.9122,2.9067,2.9122,2.9117,2.9172,2.9117,2.9172,35
2026-05-08 13:57:00,2.9112,2.9232,2.9087,2.9227,2.9162,2.9282,2.9137,2.9277,45
2026-05-08 13:58:00,2.9237,2.9262,2.9202,2.9262,2.9287,2.9312,2.9252,2.9312,33
2026-05-08 13:59:00,2.9252,2.9272,2.9222,2.9247,2.9302,2.9322,2.9272,2.9297,36
2026-05-08 14:00:00,2.9257,2.9287,2.9102,2.9122,2.9307,2.9337,2.9152,2.9172,77
2026-05-08 14:01:00,2.9132,2.9222,2.9132,2.9222,2.9182,2.9272,2.9182,2.9272,57
2026-05-08 14:02:00,2.9217,2.9242,2.9192,2.9227,2.9267,2.9292,2.9242,2.9277,12
2026-05-08 14:03:00,2.9222,2.9262,2.9222,2.9232,2.9272,2.9312,2.9272,2.9282,36
2026-05-08 14:04:00,2.9222,2.9272,2.9212,2.9252,2.9272,2.9322,2.9262,2.9302,29
2026-05-08 14:05:00,2.9257,2.9307,2.9242,2.9282,2.9307,2.9357,2.9292,2.9332,51
2026-05-08 14:06:00,2.9277,2.9292,2.9242,2.9272,2.9327,2.9342,2.9292,2.9322,43
2026-05-08 14:07:00,2.9262,2.9272,2.9157,2.9157,2.9312,2.9322,2.9207,2.9207,41
2026-05-08 14:08:00,2.9152,2.9172,2.9132,2.9172,2.9202,2.9222,2.9182,2.9222,29
2026-05-08 14:09:00,2.9167,2.9192,2.9162,2.9172,2.9217,2.9242,2.9212,2.9222,35
2026-05-08 14:10:00,2.9167,2.9232,2.9162,2.9217,2.9217,2.9282,2.9212,2.9267,61
2026-05-08 14:11:00,2.9207,2.9232,2.9182,2.9232,2.9257,2.9282,2.9232,2.9282,29
2026-05-08 14:12:00,2.9227,2.9227,2.9132,2.9137,2.9277,2.9277,2.9182,2.9187,39
2026-05-08 14:13:00,2.9127,2.9207,2.9122,2.9202,2.9177,2.9257,2.9172,2.9252,32
2026-05-08 14:14:00,2.9197,2.9197,2.9167,2.9172,2.9247,2.9247,2.9217,2.9222,17
2026-05-08 14:15:00,2.9162,2.9162,2.9122,2.9132,2.9212,2.9212,2.9172,2.9182,23
2026-05-08 14:16:00,2.9137,2.9152,2.9122,2.9137,2.9187,2.9202,2.9172,2.9187,21
2026-05-08 14:17:00,2.9142,2.9142,2.9092,2.9122,2.9192,2.9192,2.9142,2.9172,29
2026-05-08 14:18:00,2.9117,2.9117,2.9062,2.9082,2.9167,2.9167,2.9112,2.9132,44
2026-05-08 14:19:00,2.9092,2.9102,2.9062,2.9092,2.9142,2.9152,2.9112,2.9142,21
2026-05-08 14:20:00,2.9087,2.9172,2.9082,2.9142,2.9137,2.9222,2.9132,2.9192,38
2026-05-08 14:21:00,2.9147,2.9202,2.9147,2.9192,2.9197,2.9252,2.9197,2.9242,44
2026-05-08 14:22:00,2.9182,2.9192,2.9162,2.9172,2.9232,2.9242,2.9212,2.9222,10
2026-05-08 14:23:00,2.9167,2.9172,2.9162,2.9162,2.9217,2.9222,2.9212,2.9212,4
2026-05-08 14:24:00,2.9152,2.9167,2.9147,2.9162,2.9202,2.9217,2.9197,2.9212,6
2026-05-08 14:25:00,2.9172,2.9182,2.9162,2.9182,2.9222,2.9232,2.9212,2.9232,16
2026-05-08 14:26:00,2.9172,2.9212,2.9172,2.9202,2.9222,2.9262,2.9222,2.9252,28
2026-05-08 14:27:00,2.9197,2.9212,2.9182,2.9212,2.9247,2.9262,2.9232,2.9262,18
2026-05-08 14:28:00,2.9217,2.9312,2.9217,2.9297,2.9267,2.9362,2.9267,2.9347,37
2026-05-08 14:29:00,2.9302,2.9332,2.9292,2.9312,2.9352,2.9382,2.9342,2.9362,37
2026-05-08 14:30:00,2.9307,2.9342,2.9292,2.9292,2.9357,2.9392,2.9342,2.9342,16
2026-05-08 14:31:00,2.9282,2.9342,2.9282,2.9332,2.9332,2.9392,2.9332,2.9382,35
2026-05-08 14:32:00,2.9327,2.9362,2.9322,2.9342,2.9377,2.9412,2.9372,2.9392,41
2026-05-08 14:33:00,2.9332,2.9362,2.9322,2.9352,2.9382,2.9412,2.9372,2.9402,60
2026-05-08 14:34:00,2.9347,2.9392,2.9332,2.9382,2.9397,2.9442,2.9382,2.9432,61
2026-05-08 14:35:00,2.9377,2.9382,2.9342,2.9362,2.9427,2.9432,2.9392,2.9412,34
2026-05-08 14:36:00,2.9367,2.9422,2.9322,2.9342,2.9417,2.9472,2.9372,2.9392,87
2026-05-08 14:37:00,2.9347,2.9392,2.9332,2.9352,2.9397,2.9442,2.9382,2.9402,54
2026-05-08 14:38:00,2.9362,2.9362,2.9252,2.9282,2.9412,2.9412,2.9302,2.9332,41
2026-05-08 14:39:00,2.9277,2.9282,2.9212,2.9227,2.9327,2.9332,2.9262,2.9277,47
2026-05-08 14:40:00,2.9242,2.9302,2.9232,2.9272,2.9292,2.9352,2.9282,2.9322,32
2026-05-08 14:41:00,2.9262,2.9277,2.9232,2.9232,2.9312,2.9327,2.9282,2.9282,20
2026-05-08 14:42:00,2.9222,2.9262,2.9222,2.9247,2.9272,2.9312,2.9272,2.9297,21
2026-05-08 14:43:00,2.9242,2.9262,2.9217,2.9232,2.9292,2.9312,2.9267,2.9282,25
2026-05-08 14:44:00,2.9237,2.9282,2.9237,2.9272,2.9287,2.9332,2.9287,2.9322,32
2026-05-08 14:45:00,2.9277,2.9282,2.9242,2.9262,2.9327,2.9332,2.9292,2.9312,32
2026-05-08 14:46:00,2.9257,2.9292,2.9232,2.9247,2.9307,2.9342,2.9282,2.9297,30
2026-05-08 14:47:00,2.9237,2.9257,2.9217,2.9217,2.9287,2.9307,2.9267,2.9267,23
2026-05-08 14:48:00,2.9227,2.9252,2.9212,2.9242,2.9277,2.9302,2.9262,2.9292,24
2026-05-08 14:49:00,2.9252,2.9272,2.9232,2.9247,2.9302,2.9322,2.9282,2.9297,30
2026-05-08 14:50:00,2.9252,2.9272,2.9242,2.9257,2.9302,2.9322,2.9292,2.9307,24
2026-05-08 14:51:00,2.9262,2.9262,2.9252,2.9252,2.9312,2.9312,2.9302,2.9302,16
2026-05-08 14:52:00,2.9262,2.9282,2.9252,2.9262,2.9312,2.9332,2.9302,2.9312,15
2026-05-08 14:53:00,2.9272,2.9282,2.9262,2.9262,2.9322,2.9332,2.9312,2.9312,12
2026-05-08 14:54:00,2.9272,2.9282,2.9242,2.9242,2.9322,2.9332,2.9292,2.9292,16
2026-05-08 14:55:00,2.9252,2.9262,2.9232,2.9247,2.9302,2.9312,2.9282,2.9297,19
2026-05-08 14:56:00,2.9252,2.9252,2.9182,2.9197,2.9302,2.9302,2.9232,2.9247,48
2026-05-08 14:57:00,2.9207,2.9332,2.9207,2.9327,2.9257,2.9382,2.9257,2.9377,46
2026-05-08 14:58:00,2.9332,2.9352,2.9282,2.9337,2.9382,2.9402,2.9332,2.9387,50
2026-05-08 14:59:00,2.9332,2.9357,2.9312,2.9332,2.9382,2.9407,2.9362,2.9382,56
2026-05-08 15:00:00,2.9337,2.9432,2.9307,2.9422,2.9387,2.9482,2.9357,2.9472,75
2026-05-08 15:01:00,2.9432,2.9472,2.9407,2.9412,2.9482,2.9522,2.9457,2.9462,52
2026-05-08 15:02:00,2.9422,2.9452,2.9392,2.9427,2.9472,2.9502,2.9442,2.9477,26
2026-05-08 15:03:00,2.9432,2.9442,2.9282,2.9312,2.9482,2.9492,2.9332,2.9362,72
2026-05-08 15:04:00,2.9317,2.9387,2.9317,2.9372,2.9367,2.9437,2.9367,2.9422,43
2026-05-08 15:05:00,2.9377,2.9412,2.9332,2.9342,2.9427,2.9462,2.9382,2.9392,40
2026-05-08 15:06:00,2.9347,2.9482,2.9327,2.9467,2.9397,2.9532,2.9377,2.9517,60
2026-05-08 15:07:00,2.9472,2.9732,2.9472,2.9702,2.9522,2.9782,2.9522,2.9752,159
2026-05-08 15:08:00,2.9712,2.9732,2.9652,2.9652,2.9762,2.9782,2.9702,2.9702,80
2026-05-08 15:09:00,2.9662,2.9682,2.9632,2.9632,2.9712,2.9732,2.9682,2.9682,53
2026-05-08 15:10:00,2.9642,2.9692,2.9617,2.9652,2.9692,2.9742,2.9667,2.9702,68
2026-05-08 15:11:00,2.9657,2.9762,2.9642,2.9732,2.9707,2.9812,2.9692,2.9782,80
2026-05-08 15:12:00,2.9727,2.9792,2.9727,2.9777,2.9777,2.9842,2.9777,2.9827,110
2026-05-08 15:13:00,2.9767,2.9767,2.9727,2.9742,2.9817,2.9817,2.9777,2.9792,37
2026-05-08 15:14:00,2.9732,2.9802,2.9722,2.9782,2.9782,2.9852,2.9772,2.9832,80
2026-05-08 15:15:00,2.9777,2.9812,2.9672,2.9722,2.9827,2.9862,2.9722,2.9772,78
2026-05-08 15:16:00,2.9712,2.9722,2.9632,2.9657,2.9762,2.9772,2.9682,2.9707,30
2026-05-08 15:17:00,2.9652,2.9702,2.9642,2.9662,2.9702,2.9752,2.9692,2.9712,47
2026-05-08 15:18:00,2.9682,2.9702,2.9642,2.9662,2.9732,2.9752,2.9692,2.9712,31
2026-05-08 15:19:00,2.9657,2.9672,2.9642,2.9652,2.9707,2.9722,2.9692,2.9702,18
2026-05-08 15:20:00,2.9642,2.9652,2.9622,2.9637,2.9692,2.9702,2.9672,2.9687,28
2026-05-08 15:21:00,2.9642,2.9642,2.9532,2.9592,2.9692,2.9692,2.9582,2.9642,48
2026-05-08 15:22:00,2.9597,2.9652,2.9592,2.9642,2.9647,2.9702,2.9642,2.9692,36
2026-05-08 15:23:00,2.9632,2.9642,2.9622,2.9642,2.9682,2.9692,2.9672,2.9692,20
2026-05-08 15:24:00,2.9637,2.9692,2.9632,2.9682,2.9687,2.9742,2.9682,2.9732,27
2026-05-08 15:25:00,2.9672,2.9672,2.9632,2.9637,2.9722,2.9722,2.9682,2.9687,21
2026-05-08 15:26:00,2.9632,2.9662,2.9632,2.9647,2.9682,2.9712,2.9682,2.9697,35
2026-05-08 15:27:00,2.9652,2.9662,2.9592,2.9597,2.9702,2.9712,2.9642,2.9647,33
2026-05-08 15:28:00,2.9607,2.9632,2.9602,2.9612,2.9657,2.9682,2.9652,2.9662,14
2026-05-08 15:29:00,2.9622,2.9652,2.9622,2.9647,2.9672,2.9702,2.9672,2.9697,27
2026-05-08 15:30:00,2.9632,2.9692,2.9622,2.9672,2.9682,2.9742,2.9672,2.9722,36
2026-05-08 15:31:00,2.9667,2.9732,2.9647,2.9697,2.9717,2.9782,2.9697,2.9747,47
2026-05-08 15:32:00,2.9682,2.9712,2.9682,2.9707,2.9732,2.9762,2.9732,2.9757,32
2026-05-08 15:33:00,2.9697,2.9722,2.9692,2.9692,2.9747,2.9772,2.9742,2.9742,33
2026-05-08 15:34:00,2.9702,2.9752,2.9692,2.9752,2.9752,2.9802,2.9742,2.9802,44
2026-05-08 15:35:00,2.9742,2.9772,2.9732,2.9757,2.9792,2.9822,2.9782,2.9807,33
2026-05-08 15:36:00,2.9762,2.9762,2.9722,2.9742,2.9812,2.9812,2.9772,2.9792,37
2026-05-08 15:37:00,2.9747,2.9792,2.9742,2.9762,2.9797,2.9842,2.9792,2.9812,42
2026-05-08 15:38:00,2.9757,2.9772,2.9752,2.9762,2.9807,2.9822,2.9802,2.9812,24
2026-05-08 15:39:00,2.9767,2.9792,2.9767,2.9772,2.9817,2.9842,2.9817,2.9822,27
2026-05-08 15:40:00,2.9782,2.9792,2.9732,2.9742,2.9832,2.9842,2.9782,2.9792,56
2026-05-08 15:41:00,2.9732,2.9762,2.9732,2.9742,2.9782,2.9812,2.9782,2.9792,26
2026-05-08 15:42:00,2.9747,2.9752,2.9692,2.9697,2.9797,2.9802,2.9742,2.9747,19
2026-05-08 15:43:00,2.9702,2.9712,2.9652,2.9662,2.9752,2.9762,2.9702,2.9712,22
2026-05-08 15:44:00,2.9652,2.9652,2.9602,2.9632,2.9702,2.9702,2.9652,2.9682,26
2026-05-08 15:45:00,2.9622,2.9622,2.9582,2.9612,2.9672,2.9672,2.9632,2.9662,40
2026-05-08 15:46:00,2.9602,2.9607,2.9537,2.9562,2.9652,2.9657,2.9587,2.9612,49
2026-05-08 15:47:00,2.9567,2.9617,2.9567,2.9612,2.9617,2.9667,2.9617,2.9662,17
2026-05-08 15:48:00,2.9622,2.9642,2.9612,2.9632,2.9672,2.9692,2.9662,2.9682,24
2026-05-08 15:49:00,2.9637,2.9642,2.9612,2.9622,2.9687,2.9692,2.9662,2.9672,24
2026-05-08 15:50:00,2.9617,2.9622,2.9582,2.9582,2.9667,2.9672,2.9632,2.9632,21
2026-05-08 15:51:00,2.9587,2.9617,2.9582,2.9612,2.9637,2.9667,2.9632,2.9662,35
2026-05-08 15:52:00,2.9622,2.9672,2.9622,2.9652,2.9672,2.9722,2.9672,2.9702,33
2026-05-08 15:53:00,2.9642,2.9642,2.9612,2.9622,2.9692,2.9692,2.9662,2.9672,12
2026-05-08 15:54:00,2.9617,2.9622,2.9597,2.9597,2.9667,2.9672,2.9647,2.9647,11
2026-05-08 15:55:00,2.9592,2.9592,2.9557,2.9572,2.9642,2.9642,2.9607,2.9622,32
2026-05-08 15:56:00,2.9577,2.9622,2.9572,2.9622,2.9627,2.9672,2.9622,2.9672,21
2026-05-08 15:57:00,2.9612,2.9622,2.9602,2.9602,2.9662,2.9672,2.9652,2.9652,21
2026-05-08 15:58:00,2.9607,2.9612,2.9572,2.9582,2.9657,2.9662,2.9622,2.9632,15
2026-05-08 15:59:00,2.9577,2.9587,2.9572,2.9587,2.9627,2.9637,2.9622,2.9637,27
2026-05-08 16:00:00,2.9592,2.9612,2.9572,2.9572,2.9642,2.9662,2.9622,2.9622,42
2026-05-08 16:01:00,2.9577,2.9582,2.9552,2.9562,2.9627,2.9632,2.9602,2.9612,41
2026-05-08 16:02:00,2.9557,2.9582,2.9552,2.9567,2.9607,2.9632,2.9602,2.9617,20
2026-05-08 16:03:00,2.9577,2.9622,2.9567,2.9612,2.9627,2.9672,2.9617,2.9662,21
2026-05-08 16:04:00,2.9617,2.9642,2.9617,2.9622,2.9667,2.9692,2.9667,2.9672,17
2026-05-08 16:05:00,2.9632,2.9642,2.9622,2.9632,2.9682,2.9692,2.9672,2.9682,22
2026-05-08 16:06:00,2.9637,2.9667,2.9632,2.9652,2.9687,2.9717,2.9682,2.9702,31
2026-05-08 16:07:00,2.9657,2.9682,2.9647,2.9677,2.9707,2.9732,2.9697,2.9727,29
2026-05-08 16:08:00,2.9672,2.9732,2.9672,2.9697,2.9722,2.9782,2.9722,2.9747,29
2026-05-08 16:09:00,2.9692,2.9712,2.9692,2.9707,2.9742,2.9762,2.9742,2.9757,27
2026-05-08 16:10:00,2.9702,2.9722,2.9702,2.9712,2.9752,2.9772,2.9752,2.9762,38
2026-05-08 16:11:00,2.9717,2.9727,2.9712,2.9712,2.9767,2.9777,2.9762,2.9762,22
2026-05-08 16:12:00,2.9717,2.9742,2.9712,2.9742,2.9767,2.9792,2.9762,2.9792,14
2026-05-08 16:13:00,2.9752,2.9762,2.9742,2.9742,2.9802,2.9812,2.9792,2.9792,31
2026-05-08 16:14:00,2.9732,2.9742,2.9732,2.9732,2.9782,2.9792,2.9782,2.9782,23
2026-05-08 16:15:00,2.9752,2.9752,2.9672,2.9692,2.9802,2.9802,2.9722,2.9742,25
2026-05-08 16:16:00,2.9687,2.9687,2.9652,2.9652,2.9737,2.9737,2.9702,2.9702,15
2026-05-08 16:17:00,2.9647,2.9662,2.9587,2.9592,2.9697,2.9712,2.9637,2.9642,38
2026-05-08 16:18:00,2.9602,2.9622,2.9602,2.9622,2.9652,2.9672,2.9652,2.9672,15
2026-05-08 16:19:00,2.9617,2.9627,2.9557,2.9562,2.9667,2.9677,2.9607,2.9612,21
2026-05-08 16:20:00,2.9557,2.9582,2.9552,2.9572,2.9607,2.9632,2.9602,2.9622,38
2026-05-08 16:21:00,2.9582,2.9592,2.9572,2.9582,2.9632,2.9642,2.9622,2.9632,23
2026-05-08 16:22:00,2.9587,2.9602,2.9562,2.9562,2.9637,2.9652,2.9612,2.9612,11
2026-05-08 16:23:00,2.9567,2.9582,2.9562,2.9582,2.9617,2.9632,2.9612,2.9632,18
2026-05-08 16:24:00,2.9587,2.9602,2.9582,2.9592,2.9637,2.9652,2.9632,2.9642,13
2026-05-08 16:25:00,2.9582,2.9582,2.9522,2.9532,2.9632,2.9632,2.9572,2.9582,26
2026-05-08 16:26:00,2.9542,2.9542,2.9502,2.9527,2.9592,2.9592,2.9552,2.9577,30
2026-05-08 16:27:00,2.9532,2.9582,2.9532,2.9572,2.9582,2.9632,2.9582,2.9622,44
2026-05-08 16:28:00,2.9577,2.9592,2.9552,2.9557,2.9627,2.9642,2.9602,2.9607,78
2026-05-08 16:29:00,2.9562,2.9572,2.9542,2.9552,2.9612,2.9622,2.9592,2.9602,40
2026-05-08 16:30:00,2.9557,2.9562,2.9532,2.9542,2.9607,2.9612,2.9582,2.9592,58
2026-05-08 16:31:00,2.9532,2.9532,2.9512,2.9512,2.9582,2.9582,2.9562,2.9562,38
2026-05-08 16:32:00,2.9517,2.9517,2.9462,2.9492,2.9567,2.9567,2.9512,2.9542,68
2026-05-08 16:33:00,2.9497,2.9552,2.9497,2.9547,2.9547,2.9602,2.9547,2.9597,66
2026-05-08 16:34:00,2.9542,2.9562,2.9532,2.9552,2.9592,2.9612,2.9582,2.9602,17
2026-05-08 16:35:00,2.9547,2.9562,2.9542,2.9562,2.9597,2.9612,2.9592,2.9612,11
2026-05-08 16:36:00,2.9557,2.9557,2.9537,2.9547,2.9607,2.9607,2.9587,2.9597,13
2026-05-08 16:37:00,2.9562,2.9562,2.9522,2.9532,2.9612,2.9612,2.9572,2.9582,30
2026-05-08 16:38:00,2.9527,2.9552,2.9522,2.9547,2.9577,2.9602,2.9572,2.9597,22
2026-05-08 16:39:00,2.9537,2.9572,2.9532,2.9562,2.9587,2.9622,2.9582,2.9612,15
2026-05-08 16:40:00,2.9572,2.9592,2.9547,2.9562,2.9622,2.9642,2.9597,2.9612,14
2026-05-08 16:41:00,2.9567,2.9582,2.9562,2.9582,2.9617,2.9632,2.9612,2.9632,8
2026-05-08 16:42:00,2.9572,2.9627,2.9572,2.9627,2.9622,2.9677,2.9622,2.9677,12
2026-05-08 16:43:00,2.9622,2.9622,2.9592,2.9592,2.9672,2.9672,2.9642,2.9642,18
2026-05-08 16:44:00,2.9602,2.9612,2.9592,2.9612,2.9652,2.9662,2.9642,2.9662,16
2026-05-08 16:45:00,2.9607,2.9612,2.9562,2.9567,2.9657,2.9662,2.9612,2.9617,19
2026-05-08 16:46:00,2.9562,2.9572,2.9542,2.9547,2.9612,2.9622,2.9592,2.9597,36
2026-05-08 16:47:00,2.9552,2.9562,2.9537,2.9552,2.9602,2.9612,2.9587,2.9602,11
2026-05-08 16:48:00,2.9562,2.9602,2.9562,2.9592,2.9612,2.9652,2.9612,2.9642,10
2026-05-08 16:49:00,2.9602,2.9602,2.9562,2.9562,2.9652,2.9652,2.9612,2.9612,12
2026-05-08 16:50:00,2.9572,2.9582,2.9562,2.9582,2.9622,2.9632,2.9612,2.9632,13
2026-05-08 16:51:00,2.9587,2.9592,2.9582,2.9582,2.9637,2.9642,2.9632,2.9632,8
2026-05-08 16:52:00,2.9572,2.9632,2.9572,2.9612,2.9622,2.9682,2.9622,2.9662,23
2026-05-08 16:53:00,2.9602,2.9617,2.9592,2.9602,2.9652,2.9667,2.9642,2.9652,19
2026-05-08 16:54:00,2.9607,2.9612,2.9552,2.9572,2.9657,2.9662,2.9602,2.9622,27
2026-05-08 16:55:00,2.9582,2.9582,2.9552,2.9562,2.9632,2.9632,2.9602,2.9612,17
2026-05-08 16:56:00,2.9567,2.9572,2.9567,2.9572,2.9617,2.9622,2.9617,2.9622,2
2026-05-08 16:57:00,2.9562,2.9582,2.9562,2.9582,2.9612,2.9632,2.9612,2.9632,5
2026-05-08 16:58:00,2.9592,2.9607,2.9582,2.9597,2.9642,2.9657,2.9632,2.9647,29
2026-05-08 16:59:00,2.9602,2.9627,2.9602,2.9612,2.9652,2.9677,2.9652,2.9662,19
2026-05-08 17:00:00,2.9622,2.9622,2.9597,2.9612,2.9672,2.9672,2.9647,2.9662,23
2026-05-08 17:01:00,2.9607,2.9612,2.9592,2.9602,2.9657,2.9662,2.9642,2.9652,6
2026-05-08 17:02:00,2.9607,2.9662,2.9607,2.9657,2.9657,2.9712,2.9657,2.9707,24
2026-05-08 17:03:00,2.9672,2.9672,2.9642,2.9647,2.9722,2.9722,2.9692,2.9697,9
2026-05-08 17:04:00,2.9642,2.9647,2.9642,2.9642,2.9692,2.9697,2.9692,2.9692,3
2026-05-08 17:05:00,2.9647,2.9662,2.9642,2.9657,2.9697,2.9712,2.9692,2.9707,7
2026-05-08 17:06:00,2.9652,2.9652,2.9602,2.9612,2.9702,2.9702,2.9652,2.9662,22
2026-05-08 17:07:00,2.9622,2.9622,2.9562,2.9592,2.9672,2.9672,2.9612,2.9642,24
2026-05-08 17:08:00,2.9597,2.9632,2.9597,2.9632,2.9647,2.9682,2.9647,2.9682,22
2026-05-08 17:09:00,2.9637,2.9642,2.9572,2.9582,2.9687,2.9692,2.9622,2.9632,25
2026-05-08 17:10:00,2.9587,2.9592,2.9562,2.9562,2.9637,2.9642,2.9612,2.9612,12
2026-05-08 17:11:00,2.9567,2.9582,2.9552,2.9572,2.9617,2.9632,2.9602,2.9622,28
2026-05-08 17:12:00,2.9577,2.9602,2.9577,2.9597,2.9627,2.9652,2.9627,2.9647,11
2026-05-08 17:13:00,2.9592,2.9612,2.9592,2.9602,2.9642,2.9662,2.9642,2.9652,22
2026-05-08 17:14:00,2.9612,2.9632,2.9602,2.9602,2.9662,2.9682,2.9652,2.9652,17
2026-05-08 17:15:00,2.9612,2.9612,2.9582,2.9592,2.9662,2.9662,2.9632,2.9642,17
2026-05-08 17:16:00,2.9597,2.9597,2.9552,2.9562,2.9647,2.9647,2.9602,2.9612,25
2026-05-08 17:17:00,2.9567,2.9592,2.9562,2.9587,2.9617,2.9642,2.9612,2.9637,6
2026-05-08 17:18:00,2.9582,2.9597,2.9582,2.9592,2.9632,2.9647,2.9632,2.9642,8
2026-05-08 17:19:00,2.9582,2.9582,2.9562,2.9572,2.9632,2.9632,2.9612,2.9622,7
2026-05-08 17:20:00,2.9562,2.9577,2.9562,2.9572,2.9612,2.9627,2.9612,2.9622,4
2026-05-08 17:21:00,2.9567,2.9572,2.9562,2.9572,2.9617,2.9622,2.9612,2.9622,10
2026-05-08 17:22:00,2.9567,2.9572,2.9562,2.9562,2.9617,2.9622,2.9612,2.9612,6
2026-05-08 17:23:00,2.9567,2.9577,2.9517,2.9517,2.9617,2.9627,2.9567,2.9567,20
2026-05-08 17:24:00,2.9507,2.9532,2.9502,2.9522,2.9557,2.9582,2.9552,2.9572,16
2026-05-08 17:25:00,2.9532,2.9532,2.9512,2.9512,2.9582,2.9582,2.9562,2.9562,6
2026-05-08 17:26:00,2.9507,2.9532,2.9502,2.9522,2.9557,2.9582,2.9552,2.9572,25
2026-05-08 17:27:00,2.9517,2.9517,2.9492,2.9502,2.9567,2.9567,2.9542,2.9552,13
2026-05-08 17:28:00,2.9492,2.9492,2.9427,2.9452,2.9542,2.9542,2.9477,2.9502,23
2026-05-08 17:29:00,2.9447,2.9447,2.9342,2.9372,2.9497,2.9497,2.9392,2.9422,66
2026-05-08 17:30:00,2.9382,2.9402,2.9297,2.9392,2.9432,2.9452,2.9347,2.9442,107
2026-05-08 17:31:00,2.9382,2.9417,2.9382,2.9402,2.9432,2.9467,2.9432,2.9452,50
2026-05-08 17:32:00,2.9397,2.9402,2.9382,2.9402,2.9447,2.9452,2.9432,2.9452,26
2026-05-08 17:33:00,2.9412,2.9442,2.9412,2.9432,2.9462,2.9492,2.9462,2.9482,34
2026-05-08 17:34:00,2.9442,2.9457,2.9432,2.9437,2.9492,2.9507,2.9482,2.9487,20
2026-05-08 17:35:00,2.9427,2.9432,2.9402,2.9427,2.9477,2.9482,2.9452,2.9477,55
2026-05-08 17:36:00,2.9432,2.9452,2.9422,2.9432,2.9482,2.9502,2.9472,2.9482,32
2026-05-08 17:37:00,2.9442,2.9472,2.9442,2.9472,2.9492,2.9522,2.9492,2.9522,8
2026-05-08 17:38:00,2.9467,2.9472,2.9437,2.9437,2.9517,2.9522,2.9487,2.9487,19
2026-05-08 17:39:00,2.9432,2.9432,2.9407,2.9417,2.9482,2.9482,2.9457,2.9467,33
2026-05-08 17:40:00,2.9432,2.9432,2.9412,2.9412,2.9482,2.9482,2.9462,2.9462,20
2026-05-08 17:41:00,2.9407,2.9422,2.9402,2.9402,2.9457,2.9472,2.9452,2.9452,16
2026-05-08 17:42:00,2.9392,2.9402,2.9377,2.9392,2.9442,2.9452,2.9427,2.9442,20
2026-05-08 17:43:00,2.9402,2.9452,2.9392,2.9442,2.9452,2.9502,2.9442,2.9492,25
2026-05-08 17:44:00,2.9432,2.9442,2.9422,2.9442,2.9482,2.9492,2.9472,2.9492,19
2026-05-08 17:45:00,2.9437,2.9462,2.9422,2.9442,2.9487,2.9512,2.9472,2.9492,36
2026-05-08 17:46:00,2.9437,2.9472,2.9422,2.9472,2.9487,2.9522,2.9472,2.9522,29
2026-05-08 17:47:00,2.9482,2.9482,2.9452,2.9462,2.9532,2.9532,2.9502,2.9512,26
2026-05-08 17:48:00,2.9467,2.9482,2.9462,2.9482,2.9517,2.9532,2.9512,2.9532,13
2026-05-08 17:49:00,2.9477,2.9482,2.9472,2.9472,2.9527,2.9532,2.9522,2.9522,8
2026-05-08 17:50:00,2.9467,2.9467,2.9452,2.9452,2.9517,2.9517,2.9502,2.9502,5
2026-05-08 17:51:00,2.9442,2.9462,2.9442,2.9452,2.9492,2.9512,2.9492,2.9502,19
2026-05-08 17:52:00,2.9462,2.9472,2.9462,2.9462,2.9512,2.9522,2.9512,2.9512,10
2026-05-08 17:53:00,2.9472,2.9472,2.9452,2.9452,2.9522,2.9522,2.9502,2.9502,7
2026-05-08 17:54:00,2.9457,2.9462,2.9452,2.9452,2.9507,2.9512,2.9502,2.9502,9
2026-05-08 17:55:00,2.9457,2.9462,2.9442,2.9442,2.9507,2.9512,2.9492,2.9492,8
2026-05-08 17:56:00,2.9437,2.9452,2.9432,2.9437,2.9487,2.9502,2.9482,2.9487,14
2026-05-08 17:57:00,2.9442,2.9442,2.9412,2.9412,2.9492,2.9492,2.9462,2.9462,12
2026-05-08 17:58:00,2.9417,2.9422,2.9412,2.9422,2.9467,2.9472,2.9462,2.9472,27
2026-05-08 17:59:00,2.9412,2.9412,2.9402,2.9402,2.9462,2.9462,2.9452,2.9452,5
2026-05-08 18:00:00,2.9397,2.9412,2.9382,2.9412,2.9447,2.9462,2.9432,2.9462,38
2026-05-08 18:01:00,2.9407,2.9412,2.9392,2.9412,2.9457,2.9462,2.9442,2.9462,10
2026-05-08 18:02:00,2.9402,2.9407,2.9392,2.9402,2.9452,2.9457,2.9442,2.9452,27
2026-05-08 18:03:00,2.9397,2.9412,2.9392,2.9402,2.9447,2.9462,2.9442,2.9452,17
2026-05-08 18:04:00,2.9397,2.9402,2.9372,2.9382,2.9447,2.9452,2.9422,2.9432,13
2026-05-08 18:05:00,2.9372,2.9372,2.9327,2.9347,2.9422,2.9422,2.9377,2.9397,39
2026-05-08 18:06:00,2.9352,2.9382,2.9352,2.9382,2.9402,2.9432,2.9402,2.9432,21
2026-05-08 18:07:00,2.9372,2.9382,2.9362,2.9372,2.9422,2.9432,2.9412,2.9422,18
2026-05-08 18:08:00,2.9377,2.9402,2.9377,2.9392,2.9427,2.9452,2.9427,2.9442,7
2026-05-08 18:09:00,2.9382,2.9382,2.9377,2.9382,2.9432,2.9432,2.9427,2.9432,3
2026-05-08 18:10:00,2.9372,2.9392,2.9372,2.9372,2.9422,2.9442,2.9422,2.9422,13
2026-05-08 18:12:00,2.9362,2.9372,2.9352,2.9357,2.9412,2.9422,2.9402,2.9407,15
2026-05-08 18:13:00,2.9352,2.9352,2.9332,2.9342,2.9402,2.9402,2.9382,2.9392,6
2026-05-08 18:14:00,2.9332,2.9342,2.9322,2.9332,2.9382,2.9392,2.9372,2.9382,23
2026-05-08 18:15:00,2.9327,2.9332,2.9302,2.9322,2.9377,2.9382,2.9352,2.9372,22
2026-05-08 18:16:00,2.9312,2.9332,2.9297,2.9332,2.9362,2.9382,2.9347,2.9382,24
2026-05-08 18:17:00,2.9327,2.9332,2.9302,2.9302,2.9377,2.9382,2.9352,2.9352,22
2026-05-08 18:18:00,2.9297,2.9302,2.9282,2.9292,2.9347,2.9352,2.9332,2.9342,22
2026-05-08 18:19:00,2.9282,2.9302,2.9282,2.9302,2.9332,2.9352,2.9332,2.9352,16
2026-05-08 18:20:00,2.9312,2.9312,2.9292,2.9307,2.9362,2.9362,2.9342,2.9357,22
2026-05-08 18:21:00,2.9302,2.9307,2.9292,2.9302,2.9352,2.9357,2.9342,2.9352,17
2026-05-08 18:22:00,2.9292,2.9307,2.9292,2.9302,2.9342,2.9357,2.9342,2.9352,11
2026-05-08 18:23:00,2.9297,2.9312,2.9297,2.9307,2.9347,2.9362,2.9347,2.9357,3
2026-05-08 18:24:00,2.9312,2.9312,2.9302,2.9302,2.9362,2.9362,2.9352,2.9352,2
2026-05-08 18:25:00,2.9292,2.9312,2.9292,2.9302,2.9342,2.9362,2.9342,2.9352,6
2026-05-08 18:26:00,2.9292,2.9302,2.9287,2.9292,2.9342,2.9352,2.9337,2.9342,7
2026-05-08 18:28:00,2.9282,2.9327,2.9282,2.9322,2.9332,2.9377,2.9332,2.9372,10
2026-05-08 18:29:00,2.9317,2.9322,2.9292,2.9302,2.9367,2.9372,2.9342,2.9352,18
2026-05-08 18:30:00,2.9292,2.9297,2.9222,2.9247,2.9342,2.9347,2.9272,2.9297,51
2026-05-08 18:31:00,2.9237,2.9242,2.9222,2.9232,2.9287,2.9292,2.9272,2.9282,16
2026-05-08 18:32:00,2.9227,2.9232,2.9222,2.9222,2.9277,2.9282,2.9272,2.9272,11
2026-05-08 18:33:00,2.9212,2.9222,2.9202,2.9222,2.9262,2.9272,2.9252,2.9272,29
2026-05-08 18:34:00,2.9217,2.9222,2.9197,2.9197,2.9267,2.9272,2.9247,2.9247,8
2026-05-08 18:35:00,2.9192,2.9202,2.9182,2.9202,2.9242,2.9252,2.9232,2.9252,21
2026-05-08 18:36:00,2.9192,2.9222,2.9182,2.9222,2.9242,2.9272,2.9232,2.9272,23
2026-05-08 18:37:00,2.9212,2.9252,2.9212,2.9252,2.9262,2.9302,2.9262,2.9302,13
2026-05-08 18:38:00,2.9257,2.9262,2.9242,2.9262,2.9307,2.9312,2.9292,2.9312,14
2026-05-08 18:39:00,2.9282,2.9282,2.9242,2.9242,2.9332,2.9332,2.9292,2.9292,14
2026-05-08 18:40:00,2.9232,2.9232,2.9222,2.9232,2.9282,2.9282,2.9272,2.9282,8
2026-05-08 18:41:00,2.9242,2.9242,2.9232,2.9232,2.9292,2.9292,2.9282,2.9282,27
2026-05-08 18:42:00,2.9237,2.9242,2.9222,2.9222,2.9287,2.9292,2.9272,2.9272,8
2026-05-08 18:43:00,2.9212,2.9222,2.9162,2.9172,2.9262,2.9272,2.9212,2.9222,45
2026-05-08 18:44:00,2.9167,2.9172,2.9152,2.9162,2.9217,2.9222,2.9202,2.9212,22
2026-05-08 18:45:00,2.9157,2.9162,2.9132,2.9142,2.9207,2.9212,2.9182,2.9192,35
2026-05-08 18:46:00,2.9152,2.9162,2.9142,2.9152,2.9202,2.9212,2.9192,2.9202,15
2026-05-08 18:47:00,2.9142,2.9152,2.9142,2.9147,2.9192,2.9202,2.9192,2.9197,23
2026-05-08 18:48:00,2.9152,2.9152,2.9142,2.9142,2.9202,2.9202,2.9192,2.9192,8
2026-05-08 18:49:00,2.9137,2.9152,2.9102,2.9152,2.9187,2.9202,2.9152,2.9202,24
2026-05-08 18:50:00,2.9142,2.9152,2.9132,2.9142,2.9192,2.9202,2.9182,2.9192,6
2026-05-08 18:52:00,2.9137,2.9182,2.9132,2.9172,2.9187,2.9232,2.9182,2.9222,21
2026-05-08 18:53:00,2.9162,2.9172,2.9162,2.9172,2.9212,2.9222,2.9212,2.9222,13
2026-05-08 18:54:00,2.9167,2.9172,2.9162,2.9162,2.9217,2.9222,2.9212,2.9212,11
2026-05-08 18:55:00,2.9152,2.9152,2.9152,2.9152,2.9202,2.9202,2.9202,2.9202,1
2026-05-08 18:56:00,2.9147,2.9147,2.9122,2.9142,2.9197,2.9197,2.9172,2.9192,9
2026-05-08 18:57:00,2.9152,2.9152,2.9142,2.9152,2.9202,2.9202,2.9192,2.9202,5
2026-05-08 18:58:00,2.9142,2.9162,2.9142,2.9152,2.9192,2.9212,2.9192,2.9202,8
2026-05-08 18:59:00,2.9162,2.9172,2.9152,2.9162,2.9212,2.9222,2.9202,2.9212,23
2026-05-08 19:00:00,2.9157,2.9162,2.9022,2.9052,2.9207,2.9212,2.9072,2.9102,129
2026-05-08 19:01:00,2.9047,2.9152,2.9047,2.9082,2.9097,2.9202,2.9097,2.9132,66
2026-05-08 19:02:00,2.9077,2.9132,2.9067,2.9102,2.9127,2.9182,2.9117,2.9152,29
2026-05-08 19:03:00,2.9092,2.9092,2.9032,2.9042,2.9142,2.9142,2.9082,2.9092,34
2026-05-08 19:04:00,2.9047,2.9072,2.9042,2.9062,2.9097,2.9122,2.9092,2.9112,28
2026-05-08 19:05:00,2.9057,2.9072,2.9052,2.9062,2.9107,2.9122,2.9102,2.9112,18
2026-05-08 19:06:00,2.9072,2.9082,2.9022,2.9032,2.9122,2.9132,2.9072,2.9082,28
2026-05-08 19:07:00,2.9027,2.9032,2.8902,2.8912,2.9077,2.9082,2.8952,2.8962,63
2026-05-08 19:08:00,2.8917,2.8932,2.8892,2.8932,2.8967,2.8982,2.8942,2.8982,40
2026-05-08 19:09:00,2.8942,2.8952,2.8922,2.8937,2.8992,2.9002,2.8972,2.8987,28
2026-05-08 19:10:00,2.8932,2.8942,2.8897,2.8897,2.8982,2.8992,2.8947,2.8947,37
2026-05-08 19:11:00,2.8912,2.8912,2.8852,2.8892,2.8962,2.8962,2.8902,2.8942,36
2026-05-08 19:12:00,2.8902,2.8912,2.8897,2.8897,2.8952,2.8962,2.8947,2.8947,17
2026-05-08 19:13:00,2.8902,2.8962,2.8902,2.8952,2.8952,2.9012,2.8952,2.9002,33
2026-05-08 19:14:00,2.8947,2.9002,2.8947,2.8962,2.8997,2.9052,2.8997,2.9012,38
2026-05-08 19:15:00,2.8972,2.8972,2.8922,2.8922,2.9022,2.9022,2.8972,2.8972,42
2026-05-08 19:16:00,2.8932,2.8932,2.8892,2.8917,2.8982,2.8982,2.8942,2.8967,37
2026-05-08 19:17:00,2.8912,2.8942,2.8902,2.8942,2.8962,2.8992,2.8952,2.8992,25
2026-05-08 19:18:00,2.8937,2.8942,2.8922,2.8942,2.8987,2.8992,2.8972,2.8992,19
2026-05-08 19:19:00,2.8952,2.8977,2.8942,2.8962,2.9002,2.9027,2.8992,2.9012,20
2026-05-08 19:20:00,2.8967,2.8972,2.8952,2.8957,2.9017,2.9022,2.9002,2.9007,10
2026-05-08 19:21:00,2.8952,2.8962,2.8932,2.8932,2.9002,2.9012,2.8982,2.8982,17
2026-05-08 19:22:00,2.8942,2.8982,2.8937,2.8972,2.8992,2.9032,2.8987,2.9022,18
2026-05-08 19:23:00,2.8982,2.9012,2.8972,2.9007,2.9032,2.9062,2.9022,2.9057,32
2026-05-08 19:24:00,2.9002,2.9012,2.8992,2.9012,2.9052,2.9062,2.9042,2.9062,16
2026-05-08 19:25:00,2.9017,2.9032,2.9002,2.9032,2.9067,2.9082,2.9052,2.9082,29
2026-05-08 19:26:00,2.9027,2.9032,2.9002,2.9012,2.9077,2.9082,2.9052,2.9062,17
2026-05-08 19:27:00,2.9007,2.9022,2.8992,2.9022,2.9057,2.9072,2.9042,2.9072,12
2026-05-08 19:28:00,2.9017,2.9022,2.9002,2.9002,2.9067,2.9072,2.9052,2.9052,23
2026-05-08 19:29:00,2.9007,2.9007,2.8992,2.9002,2.9057,2.9057,2.9042,2.9052,11
2026-05-08 19:30:00,2.9007,2.9012,2.8977,2.9002,2.9057,2.9062,2.9027,2.9052,20
2026-05-08 19:31:00,2.8992,2.9002,2.8972,2.8982,2.9042,2.9052,2.9022,2.9032,19
2026-05-08 19:32:00,2.8992,2.8992,2.8957,2.8957,2.9042,2.9042,2.9007,2.9007,15
2026-05-08 19:33:00,2.8962,2.8982,2.8962,2.8972,2.9012,2.9032,2.9012,2.9022,13
2026-05-08 19:34:00,2.8962,2.8982,2.8962,2.8972,2.9012,2.9032,2.9012,2.9022,11
2026-05-08 19:35:00,2.8982,2.8982,2.8947,2.8952,2.9032,2.9032,2.8997,2.9002,12
2026-05-08 19:36:00,2.8942,2.8952,2.8932,2.8952,2.8992,2.9002,2.8982,2.9002,17
2026-05-08 19:37:00,2.8947,2.8962,2.8942,2.8952,2.8997,2.9012,2.8992,2.9002,12
2026-05-08 19:38:00,2.8942,2.8952,2.8927,2.8927,2.8992,2.9002,2.8977,2.8977,11
2026-05-08 19:39:00,2.8932,2.8932,2.8912,2.8917,2.8982,2.8982,2.8962,2.8967,14
2026-05-08 19:40:00,2.8922,2.8922,2.8912,2.8912,2.8972,2.8972,2.8962,2.8962,28
2026-05-08 19:41:00,2.8917,2.8922,2.8912,2.8912,2.8967,2.8972,2.8962,2.8962,14
2026-05-08 19:42:00,2.8902,2.8912,2.8902,2.8902,2.8952,2.8962,2.8952,2.8952,18
2026-05-08 19:43:00,2.8912,2.8912,2.8892,2.8912,2.8962,2.8962,2.8942,2.8962,15
2026-05-08 19:44:00,2.8902,2.8922,2.8902,2.8912,2.8952,2.8972,2.8952,2.8962,13
2026-05-08 19:45:00,2.8907,2.8922,2.8902,2.8907,2.8957,2.8972,2.8952,2.8957,21
2026-05-08 19:46:00,2.8912,2.8922,2.8902,2.8912,2.8962,2.8972,2.8952,2.8962,13
2026-05-08 19:47:00,2.8907,2.8907,2.8872,2.8892,2.8957,2.8957,2.8922,2.8942,17
2026-05-08 19:48:00,2.8882,2.8892,2.8862,2.8862,2.8932,2.8942,2.8912,2.8912,28
2026-05-08 19:49:00,2.8867,2.8872,2.8852,2.8862,2.8917,2.8922,2.8902,2.8912,20
2026-05-08 19:50:00,2.8872,2.8892,2.8862,2.8872,2.8922,2.8942,2.8912,2.8922,18
2026-05-08 19:51:00,2.8867,2.8882,2.8832,2.8852,2.8917,2.8932,2.8882,2.8902,33
2026-05-08 19:52:00,2.8862,2.8872,2.8862,2.8872,2.8912,2.8922,2.8912,2.8922,2
2026-05-08 19:53:00,2.8867,2.8902,2.8867,2.8882,2.8917,2.8952,2.8917,2.8932,17
2026-05-08 19:54:00,2.8887,2.8897,2.8882,2.8897,2.8937,2.8947,2.8932,2.8947,6
2026-05-08 19:55:00,2.8892,2.8892,2.8877,2.8882,2.8942,2.8942,2.8927,2.8932,23
2026-05-08 19:56:00,2.8892,2.8892,2.8862,2.8882,2.8942,2.8942,2.8912,2.8932,31
2026-05-08 19:57:00,2.8877,2.8912,2.8862,2.8902,2.8927,2.8962,2.8912,2.8952,15
2026-05-08 19:58:00,2.8892,2.8892,2.8882,2.8892,2.8942,2.8942,2.8932,2.8942,4
2026-05-08 19:59:00,2.8887,2.8887,2.8802,2.8842,2.8937,2.8937,2.8852,2.8892,35
2026-05-08 20:00:00,2.8847,2.8862,2.8782,2.8822,2.8897,2.8912,2.8832,2.8872,72
2026-05-08 20:01:00,2.8817,2.8842,2.8802,2.8802,2.8867,2.8892,2.8852,2.8852,29
2026-05-08 20:02:00,2.8792,2.8802,2.8782,2.8802,2.8842,2.8852,2.8832,2.8852,25
2026-05-08 20:03:00,2.8807,2.8822,2.8797,2.8807,2.8857,2.8872,2.8847,2.8857,18
2026-05-08 20:04:00,2.8817,2.8822,2.8802,2.8807,2.8867,2.8872,2.8852,2.8857,14
2026-05-08 20:05:00,2.8817,2.8822,2.8802,2.8822,2.8867,2.8872,2.8852,2.8872,21
2026-05-08 20:06:00,2.8827,2.8827,2.8777,2.8782,2.8877,2.8877,2.8827,2.8832,24
2026-05-08 20:07:00,2.8777,2.8812,2.8772,2.8802,2.8827,2.8862,2.8822,2.8852,27
2026-05-08 20:08:00,2.8792,2.8792,2.8767,2.8792,2.8842,2.8842,2.8817,2.8842,21
2026-05-08 20:09:00,2.8802,2.8812,2.8772,2.8782,2.8852,2.8862,2.8822,2.8832,18
2026-05-08 20:10:00,2.8792,2.8792,2.8772,2.8777,2.8842,2.8842,2.8822,2.8827,12
2026-05-08 20:11:00,2.8782,2.8782,2.8762,2.8767,2.8832,2.8832,2.8812,2.8817,16
2026-05-08 20:12:00,2.8762,2.8762,2.8732,2.8732,2.8812,2.8812,2.8782,2.8782,24
2026-05-08 20:13:00,2.8737,2.8762,2.8737,2.8762,2.8787,2.8812,2.8787,2.8812,18
2026-05-08 20:14:00,2.8772,2.8792,2.8772,2.8782,2.8822,2.8842,2.8822,2.8832,15
2026-05-08 20:15:00,2.8787,2.8812,2.8782,2.8802,2.8837,2.8862,2.8832,2.8852,30
2026-05-08 20:16:00,2.8792,2.8802,2.8772,2.8792,2.8842,2.8852,2.8822,2.8842,15
2026-05-08 20:17:00,2.8802,2.8812,2.8782,2.8802,2.8852,2.8862,2.8832,2.8852,8
2026-05-08 20:18:00,2.8792,2.8822,2.8792,2.8822,2.8842,2.8872,2.8842,2.8872,9
2026-05-08 20:19:00,2.8812,2.8842,2.8812,2.8832,2.8862,2.8892,2.8862,2.8882,18
2026-05-08 20:20:00,2.8822,2.8882,2.8822,2.8862,2.8872,2.8932,2.8872,2.8912,25
2026-05-08 20:21:00,2.8872,2.8912,2.8862,2.8902,2.8922,2.8962,2.8912,2.8952,19
2026-05-08 20:22:00,2.8912,2.8912,2.8862,2.8867,2.8962,2.8962,2.8912,2.8917,27
2026-05-08 20:23:00,2.8872,2.8882,2.8857,2.8877,2.8922,2.8932,2.8907,2.8927,24
2026-05-08 20:24:00,2.8882,2.8882,2.8872,2.8882,2.8932,2.8932,2.8922,2.8932,16
2026-05-08 20:25:00,2.8877,2.8922,2.8872,2.8912,2.8927,2.8972,2.8922,2.8962,29
2026-05-08 20:26:00,2.8907,2.8912,2.8892,2.8902,2.8957,2.8962,2.8942,2.8952,17
2026-05-08 20:27:00,2.8912,2.8932,2.8912,2.8932,2.8962,2.8982,2.8962,2.8982,18
2026-05-08 20:28:00,2.8942,2.8962,2.8922,2.8937,2.8992,2.9012,2.8972,2.8987,58
2026-05-08 20:29:00,2.8932,2.8962,2.8932,2.8957,2.8982,2.9012,2.8982,2.9007,68
2026-05-08 20:30:00,2.8952,2.8962,2.8892,2.8927,2.9002,2.9012,2.8942,2.8977,31
2026-05-08 20:31:00,2.8932,2.8942,2.8912,2.8912,2.8982,2.8992,2.8962,2.8962,26
2026-05-08 20:32:00,2.8902,2.8902,2.8877,2.8892,2.8952,2.8952,2.8927,2.8942,18
2026-05-08 20:33:00,2.8882,2.8897,2.8862,2.8892,2.8932,2.8947,2.8912,2.8942,17
2026-05-08 20:34:00,2.8887,2.8902,2.8882,2.8882,2.8937,2.8952,2.8932,2.8932,23
2026-05-08 20:35:00,2.8887,2.8892,2.8832,2.8842,2.8937,2.8942,2.8882,2.8892,24
2026-05-08 20:36:00,2.8847,2.8847,2.8832,2.8842,2.8897,2.8897,2.8882,2.8892,4
2026-05-08 20:37:00,2.8832,2.8842,2.8827,2.8827,2.8882,2.8892,2.8877,2.8877,3
2026-05-08 20:38:00,2.8822,2.8832,2.8822,2.8822,2.8872,2.8882,2.8872,2.8872,3
2026-05-08 20:39:00,2.8812,2.8822,2.8802,2.8812,2.8862,2.8872,2.8852,2.8862,10
2026-05-08 20:40:00,2.8802,2.8812,2.8802,2.8812,2.8852,2.8862,2.8852,2.8862,19
2026-05-08 20:41:00,2.8822,2.8822,2.8812,2.8812,2.8872,2.8872,2.8862,2.8862,5
2026-05-08 20:42:00,2.8822,2.8822,2.8802,2.8802,2.8872,2.8872,2.8852,2.8852,3
2026-05-08 20:43:00,2.8812,2.8822,2.8802,2.8817,2.8862,2.8872,2.8852,2.8867,11
2026-05-08 20:44:00,2.8822,2.8822,2.8802,2.8802,2.8872,2.8872,2.8852,2.8852,16
2026-05-08 20:45:00,2.8797,2.8797,2.8767,2.8772,2.8847,2.8847,2.8817,2.8822,25
2026-05-08 20:46:00,2.8782,2.8792,2.8772,2.8782,2.8832,2.8842,2.8822,2.8832,11
2026-05-08 20:47:00,2.8787,2.8807,2.8787,2.8797,2.8837,2.8857,2.8837,2.8847,16
2026-05-08 20:48:00,2.8802,2.8802,2.8787,2.8792,2.8852,2.8852,2.8837,2.8842,14
2026-05-08 20:49:00,2.8802,2.8812,2.8782,2.8802,2.8852,2.8862,2.8832,2.8852,30
2026-05-08 20:50:00,2.8807,2.8812,2.8802,2.8812,2.8857,2.8862,2.8852,2.8862,16
2026-05-08 20:51:00,2.8807,2.8812,2.8792,2.8792,2.8857,2.8862,2.8842,2.8842,7
2026-05-08 20:52:00,2.8782,2.8792,2.8782,2.8792,2.8832,2.8842,2.8832,2.8842,8
2026-05-08 20:53:00,2.8802,2.8802,2.8792,2.8797,2.8852,2.8852,2.8842,2.8847,11
2026-05-08 20:54:00,2.8807,2.8832,2.8807,2.8832,2.8857,2.8882,2.8857,2.8882,4
2026-05-08 20:55:00,2.8837,2.8842,2.8822,2.8842,2.8887,2.8892,2.8872,2.8892,33
2026-05-08 20:56:00,2.8837,2.8842,2.8832,2.8832,2.8887,2.8892,2.8882,2.8882,9
2026-05-08 20:57:00,2.8837,2.8842,2.8832,2.8832,2.8887,2.8892,2.8882,2.8882,4
2026-05-08 20:59:00,2.8827,2.8827,2.8822,2.8827,2.8877,2.8877,2.8872,2.8877,3
2026-05-08 21:00:00,2.8817,2.8817,2.8792,2.8792,2.8867,2.8867,2.8842,2.8842,14
2026-05-08 21:01:00,2.8782,2.8812,2.8782,2.8812,2.8832,2.8862,2.8832,2.8862,7
2026-05-08 21:02:00,2.8822,2.8842,2.8822,2.8842,2.8872,2.8892,2.8872,2.8892,14
2026-05-08 21:06:00,2.8837,2.8837,2.8812,2.8812,2.8887,2.8887,2.8862,2.8862,8
2026-05-08 21:07:00,2.8817,2.8822,2.8812,2.8822,2.8867,2.8872,2.8862,2.8872,11
2026-05-08 21:08:00,2.8827,2.8827,2.8822,2.8822,2.8877,2.8877,2.8872,2.8872,2
2026-05-08 21:09:00,2.8827,2.8832,2.8827,2.8832,2.8877,2.8882,2.8877,2.8882,2
2026-05-08 21:10:00,2.8837,2.8842,2.8832,2.8832,2.8887,2.8892,2.8882,2.8882,14
2026-05-08 21:11:00,2.8842,2.8842,2.8832,2.8832,2.8892,2.8892,2.8882,2.8882,4
2026-05-08 21:12:00,2.8837,2.8842,2.8837,2.8842,2.8887,2.8892,2.8887,2.8892,2
2026-05-08 21:13:00,2.8837,2.8842,2.8832,2.8842,2.8887,2.8892,2.8882,2.8892,7
2026-05-08 21:14:00,2.8837,2.8837,2.8832,2.8832,2.8887,2.8887,2.8882,2.8882,2
2026-05-08 21:15:00,2.8842,2.8842,2.8842,2.8842,2.8892,2.8892,2.8892,2.8892,1
2026-05-08 21:17:00,2.8852,2.8872,2.8852,2.8852,2.8902,2.8922,2.8902,2.8902,11
2026-05-08 21:18:00,2.8862,2.8862,2.8862,2.8862,2.8912,2.8912,2.8912,2.8912,1
2026-05-08 21:19:00,2.8852,2.8862,2.8842,2.8852,2.8902,2.8912,2.8892,2.8902,9
2026-05-08 21:20:00,2.8847,2.8847,2.8832,2.8832,2.8897,2.8897,2.8882,2.8882,3
2026-05-08 21:21:00,2.8822,2.8842,2.8822,2.8842,2.8872,2.8892,2.8872,2.8892,4
2026-05-08 21:23:00,2.8837,2.8842,2.8822,2.8842,2.8887,2.8892,2.8872,2.8892,6
2026-05-08 21:25:00,2.8852,2.8872,2.8852,2.8862,2.8902,2.8922,2.8902,2.8912,7
2026-05-08 21:26:00,2.8857,2.8862,2.8857,2.8862,2.8907,2.8912,2.8907,2.8912,2
2026-05-08 21:27:00,2.8872,2.8872,2.8872,2.8872,2.8922,2.8922,2.8922,2.8922,1
2026-05-08 21:29:00,2.8882,2.8882,2.8872,2.8872,2.8932,2.8932,2.8922,2.8922,9
2026-05-08 21:30:00,2.8877,2.8882,2.8852,2.8852,2.8927,2.8932,2.8902,2.8902,7
2026-05-08 21:31:00,2.8862,2.8862,2.8852,2.8852,2.8912,2.8912,2.8902,2.8902,2
2026-05-08 21:32:00,2.8862,2.8862,2.8852,2.8862,2.8912,2.8912,2.8902,2.8912,3
2026-05-08 21:33:00,2.8852,2.8862,2.8852,2.8852,2.8902,2.8912,2.8902,2.8902,5
2026-05-08 21:34:00,2.8842,2.8857,2.8842,2.8852,2.8892,2.8907,2.8892,2.8902,9
2026-05-08 21:35:00,2.8862,2.8862,2.8852,2.8862,2.8912,2.8912,2.8902,2.8912,8
2026-05-08 21:36:00,2.8857,2.8857,2.8852,2.8852,2.8907,2.8907,2.8902,2.8902,2
2026-05-08 21:37:00,2.8842,2.8852,2.8842,2.8852,2.8892,2.8902,2.8892,2.8902,7
2026-05-08 21:38:00,2.8842,2.8862,2.8842,2.8857,2.8892,2.8912,2.8892,2.8907,8
2026-05-08 21:39:00,2.8852,2.8862,2.8852,2.8862,2.8902,2.8912,2.8902,2.8912,6
2026-05-08 21:40:00,2.8857,2.8857,2.8832,2.8847,2.8907,2.8907,2.8882,2.8897,18
2026-05-08 21:41:00,2.8842,2.8847,2.8842,2.8842,2.8892,2.8897,2.8892,2.8892,3
2026-05-08 21:42:00,2.8852,2.8852,2.8852,2.8852,2.8902,2.8902,2.8902,2.8902,1
2026-05-08 21:43:00,2.8847,2.8862,2.8847,2.8862,2.8897,2.8912,2.8897,2.8912,3
2026-05-08 21:44:00,2.8872,2.8872,2.8862,2.8872,2.8922,2.8922,2.8912,2.8922,3
2026-05-08 21:47:00,2.8882,2.8882,2.8877,2.8882,2.8932,2.8932,2.8927,2.8932,3
2026-05-08 21:48:00,2.8872,2.8882,2.8872,2.8882,2.8922,2.8932,2.8922,2.8932,5
2026-05-08 21:49:00,2.8892,2.8892,2.8872,2.8882,2.8942,2.8942,2.8922,2.8932,6
2026-05-08 21:50:00,2.8892,2.8892,2.8882,2.8882,2.8942,2.8942,2.8932,2.8932,4
2026-05-08 21:52:00,2.8892,2.8902,2.8892,2.8902,2.8942,2.8952,2.8942,2.8952,2
2026-05-08 21:53:00,2.8907,2.8912,2.8907,2.8912,2.8957,2.8962,2.8957,2.8962,2
2026-05-08 21:54:00,2.8902,2.8912,2.8902,2.8902,2.8952,2.8962,2.8952,2.8952,3
2026-05-08 21:55:00,2.8892,2.8892,2.8892,2.8892,2.8942,2.8942,2.8942,2.8942,1
2026-05-08 21:56:00,2.8902,2.8912,2.8902,2.8912,2.8952,2.8962,2.8952,2.8962,2
2026-05-08 21:57:00,2.8922,2.8922,2.8902,2.8902,2.8972,2.8972,2.8952,2.8952,3
2026-05-08 21:58:00,2.8907,2.8912,2.8902,2.8902,2.8957,2.8962,2.8952,2.8952,3
2026-05-08 21:59:00,2.8907,2.8912,2.8902,2.8907,2.8957,2.8962,2.8952,2.8957,17
2026-05-08 22:00:00,2.8912,2.8912,2.8902,2.8912,2.8962,2.8962,2.8952,2.8962,8
2026-05-08 22:01:00,2.8907,2.8912,2.8902,2.8902,2.8957,2.8962,2.8952,2.8952,6
2026-05-08 22:02:00,2.8907,2.8907,2.8892,2.8892,2.8957,2.8957,2.8942,2.8942,11
2026-05-08 22:03:00,2.8887,2.8892,2.8832,2.8832,2.8937,2.8942,2.8882,2.8882,21
2026-05-08 22:04:00,2.8837,2.8857,2.8837,2.8852,2.8887,2.8907,2.8887,2.8902,9
2026-05-08 22:05:00,2.8857,2.8862,2.8852,2.8852,2.8907,2.8912,2.8902,2.8902,22
2026-05-08 22:06:00,2.8857,2.8857,2.8822,2.8827,2.8907,2.8907,2.8872,2.8877,13
2026-05-08 22:07:00,2.8822,2.8852,2.8812,2.8852,2.8872,2.8902,2.8862,2.8902,18
2026-05-08 22:08:00,2.8847,2.8847,2.8812,2.8832,2.8897,2.8897,2.8862,2.8882,6
2026-05-08 22:09:00,2.8822,2.8842,2.8822,2.8842,2.8872,2.8892,2.8872,2.8892,4
2026-05-08 22:10:00,2.8852,2.8862,2.8852,2.8862,2.8902,2.8912,2.8902,2.8912,6
2026-05-08 22:11:00,2.8852,2.8852,2.8852,2.8852,2.8902,2.8902,2.8902,2.8902,1
2026-05-08 22:12:00,2.8842,2.8847,2.8832,2.8832,2.8892,2.8897,2.8882,2.8882,4
2026-05-08 22:13:00,2.8837,2.8842,2.8827,2.8827,2.8887,2.8892,2.8877,2.8877,14
2026-05-08 22:14:00,2.8832,2.8837,2.8812,2.8832,2.8882,2.8887,2.8862,2.8882,8
2026-05-08 22:15:00,2.8842,2.8842,2.8822,2.8822,2.8892,2.8892,2.8872,2.8872,3
2026-05-08 22:16:00,2.8842,2.8847,2.8842,2.8847,2.8892,2.8897,2.8892,2.8897,2
2026-05-08 22:17:00,2.8842,2.8852,2.8832,2.8842,2.8892,2.8902,2.8882,2.8892,33
2026-05-08 22:18:00,2.8847,2.8852,2.8832,2.8852,2.8897,2.8902,2.8882,2.8902,14
2026-05-08 22:19:00,2.8862,2.8872,2.8862,2.8872,2.8912,2.8922,2.8912,2.8922,4
2026-05-08 22:20:00,2.8877,2.8877,2.8867,2.8872,2.8927,2.8927,2.8917,2.8922,4
2026-05-08 22:21:00,2.8867,2.8867,2.8867,2.8867,2.8917,2.8917,2.8917,2.8917,1
2026-05-08 22:22:00,2.8862,2.8872,2.8862,2.8872,2.8912,2.8922,2.8912,2.8922,4
2026-05-08 22:23:00,2.8877,2.8877,2.8872,2.8877,2.8927,2.8927,2.8922,2.8927,5
2026-05-08 22:24:00,2.8872,2.8872,2.8862,2.8872,2.8922,2.8922,2.8912,2.8922,6
2026-05-08 22:26:00,2.8877,2.8877,2.8872,2.8872,2.8927,2.8927,2.8922,2.8922,2
2026-05-08 22:27:00,2.8877,2.8877,2.8872,2.8872,2.8927,2.8927,2.8922,2.8922,2
2026-05-08 22:28:00,2.8862,2.8867,2.8862,2.8867,2.8912,2.8917,2.8912,2.8917,2
2026-05-08 22:29:00,2.8872,2.8872,2.8857,2.8857,2.8922,2.8922,2.8907,2.8907,10
2026-05-08 22:30:00,2.8867,2.8872,2.8852,2.8852,2.8917,2.8922,2.8902,2.8902,14
2026-05-08 22:31:00,2.8857,2.8862,2.8852,2.8862,2.8907,2.8912,2.8902,2.8912,3
2026-05-08 22:32:00,2.8867,2.8872,2.8862,2.8872,2.8917,2.8922,2.8912,2.8922,7
2026-05-08 22:33:00,2.8877,2.8877,2.8852,2.8872,2.8927,2.8927,2.8902,2.8922,12
2026-05-08 22:35:00,2.8862,2.8862,2.8862,2.8862,2.8912,2.8912,2.8912,2.8912,1
2026-05-08 22:36:00,2.8867,2.8867,2.8862,2.8867,2.8917,2.8917,2.8912,2.8917,3
2026-05-08 22:37:00,2.8872,2.8872,2.8867,2.8867,2.8922,2.8922,2.8917,2.8917,2
2026-05-08 22:38:00,2.8872,2.8882,2.8862,2.8877,2.8922,2.8932,2.8912,2.8927,6
2026-05-08 22:39:00,2.8872,2.8877,2.8872,2.8877,2.8922,2.8927,2.8922,2.8927,2
2026-05-08 22:40:00,2.8882,2.8892,2.8877,2.8877,2.8932,2.8942,2.8927,2.8927,6
2026-05-08 22:41:00,2.8882,2.8882,2.8882,2.8882,2.8932,2.8932,2.8932,2.8932,1
2026-05-08 22:42:00,2.8877,2.8877,2.8872,2.8872,2.8927,2.8927,2.8922,2.8922,4
2026-05-08 22:43:00,2.8877,2.8877,2.8867,2.8872,2.8927,2.8927,2.8917,2.8922,8
2026-05-08 22:44:00,2.8877,2.8882,2.8872,2.8872,2.8927,2.8932,2.8922,2.8922,4
2026-05-08 22:45:00,2.8877,2.8882,2.8867,2.8867,2.8927,2.8932,2.8917,2.8917,5
2026-05-08 22:46:00,2.8872,2.8872,2.8862,2.8862,2.8922,2.8922,2.8912,2.8912,6
2026-05-08 22:47:00,2.8867,2.8867,2.8862,2.8867,2.8917,2.8917,2.8912,2.8917,3
2026-05-08 22:48:00,2.8862,2.8862,2.8862,2.8862,2.8912,2.8912,2.8912,2.8912,1
2026-05-08 22:49:00,2.8867,2.8867,2.8862,2.8862,2.8917,2.8917,2.8912,2.8912,6
2026-05-08 22:50:00,2.8867,2.8877,2.8867,2.8877,2.8917,2.8927,2.8917,2.8927,5
2026-05-08 22:51:00,2.8872,2.8877,2.8872,2.8872,2.8922,2.8927,2.8922,2.8922,5
2026-05-08 22:52:00,2.8867,2.8872,2.8867,2.8872,2.8917,2.8922,2.8917,2.8922,2
2026-05-08 22:53:00,2.8867,2.8872,2.8867,2.8867,2.8917,2.8922,2.8917,2.8917,5
2026-05-08 22:54:00,2.8877,2.8882,2.8862,2.8877,2.8927,2.8932,2.8912,2.8927,13
2026-05-08 22:55:00,2.8882,2.8892,2.8877,2.8877,2.8932,2.8942,2.8927,2.8927,5
2026-05-08 22:56:00,2.8872,2.8882,2.8872,2.8882,2.8922,2.8932,2.8922,2.8932,6
2026-05-08 22:57:00,2.8887,2.8887,2.8882,2.8882,2.8937,2.8937,2.8932,2.8932,6
2026-05-08 22:58:00,2.8887,2.8892,2.8882,2.8882,2.8937,2.8942,2.8932,2.8932,4
2026-05-08 22:59:00,2.8887,2.9118,2.8862,2.9118,2.8937,2.9168,2.8912,2.9168,19
2026-05-11 01:14:00,2.9598,2.9598,2.9598,2.9598,2.9648,2.9648,2.9648,2.9648,1
2026-05-11 01:18:00,2.9608,2.9608,2.9593,2.9593,2.9658,2.9658,2.9643,2.9643,2
2026-05-11 01:19:00,2.9598,2.9608,2.9598,2.9608,2.9648,2.9658,2.9648,2.9658,3
2026-05-11 01:20:00,2.9613,2.9613,2.9613,2.9613,2.9663,2.9663,2.9663,2.9663,1
2026-05-11 01:21:00,2.9603,2.9608,2.9598,2.9608,2.9653,2.9658,2.9648,2.9658,5
2026-05-11 01:23:00,2.9613,2.9618,2.9613,2.9613,2.9663,2.9668,2.9663,2.9663,3
2026-05-11 01:24:00,2.9608,2.9608,2.9608,2.9608,2.9658,2.9658,2.9658,2.9658,1
2026-05-11 01:25:00,2.9603,2.9603,2.9598,2.9603,2.9653,2.9653,2.9648,2.9653,3
2026-05-11 01:26:00,2.9593,2.9603,2.9593,2.9603,2.9643,2.9653,2.9643,2.9653,2
2026-05-11 01:27:00,2.9608,2.9618,2.9608,2.9618,2.9658,2.9668,2.9658,2.9668,2
2026-05-11 01:30:00,2.9623,2.9623,2.9618,2.9618,2.9673,2.9673,2.9668,2.9668,2
2026-05-11 01:32:00,2.9623,2.9638,2.9623,2.9638,2.9673,2.9688,2.9673,2.9688,3
2026-05-11 01:33:00,2.9668,2.9668,2.9648,2.9658,2.9718,2.9718,2.9698,2.9708,4
2026-05-11 01:35:00,2.9653,2.9653,2.9653,2.9653,2.9703,2.9703,2.9703,2.9703,1
2026-05-11 01:36:00,2.9658,2.9658,2.9648,2.9653,2.9708,2.9708,2.9698,2.9703,3
2026-05-11 01:37:00,2.9648,2.9648,2.9638,2.9638,2.9698,2.9698,2.9688,2.9688,2
2026-05-11 01:44:00,2.9653,2.9683,2.9638,2.9668,2.9703,2.9733,2.9688,2.9718,13
2026-05-11 01:45:00,2.9663,2.9668,2.9663,2.9663,2.9713,2.9718,2.9713,2.9713,5
2026-05-11 01:46:00,2.9658,2.9658,2.9638,2.9658,2.9708,2.9708,2.9688,2.9708,6
2026-05-11 01:47:00,2.9653,2.9658,2.9653,2.9653,2.9703,2.9708,2.9703,2.9703,3
2026-05-11 01:48:00,2.9658,2.9663,2.9658,2.9663,2.9708,2.9713,2.9708,2.9713,4
2026-05-11 01:49:00,2.9668,2.9678,2.9668,2.9678,2.9718,2.9728,2.9718,2.9728,2
2026-05-11 01:50:00,2.9673,2.9673,2.9663,2.9668,2.9723,2.9723,2.9713,2.9718,5
2026-05-11 01:51:00,2.9658,2.9658,2.9648,2.9653,2.9708,2.9708,2.9698,2.9703,4
2026-05-11 01:52:00,2.9658,2.9663,2.9658,2.9663,2.9708,2.9713,2.9708,2.9713,2
2026-05-11 01:56:00,2.9668,2.9673,2.9668,2.9673,2.9718,2.9723,2.9718,2.9723,2
2026-05-11 01:57:00,2.9678,2.9678,2.9678,2.9678,2.9728,2.9728,2.9728,2.9728,1
2026-05-11 01:58:00,2.9683,2.9688,2.9678,2.9688,2.9733,2.9738,2.9728,2.9738,6
2026-05-11 01:59:00,2.9683,2.9688,2.9683,2.9683,2.9733,2.9738,2.9733,2.9733,3
2026-05-11 02:00:00,2.9688,2.9698,2.9658,2.9668,2.9738,2.9748,2.9708,2.9718,10
2026-05-11 02:01:00,2.9673,2.9678,2.9663,2.9673,2.9723,2.9728,2.9713,2.9723,8
2026-05-11 02:02:00,2.9678,2.9688,2.9678,2.9688,2.9728,2.9738,2.9728,2.9738,3
2026-05-11 02:03:00,2.9683,2.9688,2.9683,2.9688,2.9733,2.9738,2.9733,2.9738,2
2026-05-11 02:04:00,2.9683,2.9688,2.9663,2.9663,2.9733,2.9738,2.9713,2.9713,7
2026-05-11 02:05:00,2.9668,2.9668,2.9638,2.9643,2.9718,2.9718,2.9688,2.9693,8
2026-05-11 02:06:00,2.9648,2.9658,2.9638,2.9658,2.9698,2.9708,2.9688,2.9708,10
2026-05-11 02:07:00,2.9648,2.9653,2.9633,2.9653,2.9698,2.9703,2.9683,2.9703,10
2026-05-11 02:08:00,2.9668,2.9673,2.9648,2.9648,2.9718,2.9723,2.9698,2.9698,10
2026-05-11 02:09:00,2.9653,2.9663,2.9653,2.9663,2.9703,2.9713,2.9703,2.9713,3
2026-05-11 02:10:00,2.9668,2.9673,2.9668,2.9673,2.9718,2.9723,2.9718,2.9723,2
2026-05-11 02:11:00,2.9678,2.9693,2.9678,2.9688,2.9728,2.9743,2.9728,2.9738,5
2026-05-11 02:12:00,2.9693,2.9698,2.9688,2.9688,2.9743,2.9748,2.9738,2.9738,3
2026-05-11 02:13:00,2.9693,2.9758,2.9688,2.9758,2.9743,2.9808,2.9738,2.9808,13
2026-05-11 02:14:00,2.9768,2.9818,2.9768,2.9818,2.9818,2.9868,2.9818,2.9868,12
2026-05-11 02:15:00,2.9813,2.9828,2.9803,2.9808,2.9863,2.9878,2.9853,2.9858,14
2026-05-11 02:16:00,2.9813,2.9823,2.9808,2.9818,2.9863,2.9873,2.9858,2.9868,5
2026-05-11 02:17:00,2.9813,2.9813,2.9798,2.9798,2.9863,2.9863,2.9848,2.9848,5
2026-05-11 02:18:00,2.9793,2.9798,2.9788,2.9798,2.9843,2.9848,2.9838,2.9848,7
2026-05-11 02:19:00,2.9803,2.9808,2.9803,2.9808,2.9853,2.9858,2.9853,2.9858,2
2026-05-11 02:20:00,2.9798,2.9803,2.9798,2.9803,2.9848,2.9853,2.9848,2.9853,2
2026-05-11 02:21:00,2.9808,2.9808,2.9788,2.9793,2.9858,2.9858,2.9838,2.9843,7
2026-05-11 02:22:00,2.9798,2.9798,2.9798,2.9798,2.9848,2.9848,2.9848,2.9848,1
2026-05-11 02:23:00,2.9793,2.9808,2.9768,2.9783,2.9843,2.9858,2.9818,2.9833,12
2026-05-11 02:24:00,2.9788,2.9808,2.9788,2.9808,2.9838,2.9858,2.9838,2.9858,10
2026-05-11 02:25:00,2.9813,2.9818,2.9808,2.9818,2.9863,2.9868,2.9858,2.9868,6
2026-05-11 02:27:00,2.9808,2.9828,2.9808,2.9823,2.9858,2.9878,2.9858,2.9873,7
2026-05-11 02:28:00,2.9828,2.9878,2.9828,2.9878,2.9878,2.9928,2.9878,2.9928,5
2026-05-11 02:29:00,2.9868,2.9878,2.9838,2.9848,2.9918,2.9928,2.9888,2.9898,9
2026-05-11 02:30:00,2.9838,2.9848,2.9818,2.9848,2.9888,2.9898,2.9868,2.9898,16
2026-05-11 02:31:00,2.9853,2.9858,2.9848,2.9848,2.9903,2.9908,2.9898,2.9898,9
2026-05-11 02:32:00,2.9858,2.9868,2.9828,2.9848,2.9908,2.9918,2.9878,2.9898,11
2026-05-11 02:33:00,2.9853,2.9853,2.9848,2.9848,2.9903,2.9903,2.9898,2.9898,2
2026-05-11 02:34:00,2.9843,2.9858,2.9843,2.9858,2.9893,2.9908,2.9893,2.9908,4
2026-05-11 02:35:00,2.9863,2.9863,2.9838,2.9848,2.9913,2.9913,2.9888,2.9898,11
2026-05-11 02:36:00,2.9843,2.9853,2.9838,2.9853,2.9893,2.9903,2.9888,2.9903,4
2026-05-11 02:37:00,2.9843,2.9858,2.9843,2.9848,2.9893,2.9908,2.9893,2.9898,5
2026-05-11 02:38:00,2.9858,2.9863,2.9853,2.9863,2.9908,2.9913,2.9903,2.9913,4
2026-05-11 02:39:00,2.9868,2.9868,2.9858,2.9868,2.9918,2.9918,2.9908,2.9918,4
2026-05-11 02:40:00,2.9873,2.9878,2.9868,2.9878,2.9923,2.9928,2.9918,2.9928,5
2026-05-11 02:41:00,2.9873,2.9878,2.9868,2.9868,2.9923,2.9928,2.9918,2.9918,4
2026-05-11 02:42:00,2.9873,2.9878,2.9868,2.9878,2.9923,2.9928,2.9918,2.9928,5
2026-05-11 02:43:00,2.9888,2.9888,2.9868,2.9873,2.9938,2.9938,2.9918,2.9923,5
2026-05-11 02:44:00,2.9878,2.9888,2.9878,2.9878,2.9928,2.9938,2.9928,2.9928,6
2026-05-11 02:45:00,2.9883,2.9888,2.9878,2.9878,2.9933,2.9938,2.9928,2.9928,3
2026-05-11 02:46:00,2.9883,2.9888,2.9868,2.9873,2.9933,2.9938,2.9918,2.9923,10
2026-05-11 02:47:00,2.9868,2.9868,2.9838,2.9838,2.9918,2.9918,2.9888,2.9888,9
2026-05-11 02:48:00,2.9833,2.9838,2.9813,2.9823,2.9883,2.9888,2.9863,2.9873,21
2026-05-11 02:49:00,2.9833,2.9838,2.9833,2.9838,2.9883,2.9888,2.9883,2.9888,2
2026-05-11 02:50:00,2.9843,2.9853,2.9843,2.9848,2.9893,2.9903,2.9893,2.9898,6
2026-05-11 02:51:00,2.9853,2.9853,2.9838,2.9838,2.9903,2.9903,2.9888,2.9888,5
2026-05-11 02:52:00,2.9843,2.9858,2.9808,2.9853,2.9893,2.9908,2.9858,2.9903,22
2026-05-11 02:53:00,2.9848,2.9853,2.9838,2.9838,2.9898,2.9903,2.9888,2.9888,6
2026-05-11 02:54:00,2.9828,2.9848,2.9828,2.9848,2.9878,2.9898,2.9878,2.9898,7
2026-05-11 02:55:00,2.9838,2.9838,2.9818,2.9838,2.9888,2.9888,2.9868,2.9888,11
2026-05-11 02:56:00,2.9833,2.9843,2.9823,2.9828,2.9883,2.9893,2.9873,2.9878,9
2026-05-11 02:57:00,2.9833,2.9833,2.9828,2.9828,2.9883,2.9883,2.9878,2.9878,6
2026-05-11 02:58:00,2.9823,2.9838,2.9823,2.9838,2.9873,2.9888,2.9873,2.9888,3
2026-05-11 02:59:00,2.9833,2.9858,2.9833,2.9853,2.9883,2.9908,2.9883,2.9903,5
2026-05-11 03:00:00,2.9848,2.9848,2.9798,2.9848,2.9898,2.9898,2.9848,2.9898,21
2026-05-11 03:01:00,2.9843,2.9858,2.9838,2.9838,2.9893,2.9908,2.9888,2.9888,12
2026-05-11 03:02:00,2.9848,2.9863,2.9828,2.9833,2.9898,2.9913,2.9878,2.9883,16
2026-05-11 03:03:00,2.9838,2.9838,2.9833,2.9833,2.9888,2.9888,2.9883,2.9883,2
2026-05-11 03:04:00,2.9838,2.9838,2.9838,2.9838,2.9888,2.9888,2.9888,2.9888,1
2026-05-11 03:05:00,2.9828,2.9838,2.9828,2.9838,2.9878,2.9888,2.9878,2.9888,6
2026-05-11 03:06:00,2.9843,2.9843,2.9833,2.9833,2.9893,2.9893,2.9883,2.9883,3
2026-05-11 03:07:00,2.9828,2.9838,2.9828,2.9838,2.9878,2.9888,2.9878,2.9888,3
2026-05-11 03:08:00,2.9848,2.9848,2.9833,2.9833,2.9898,2.9898,2.9883,2.9883,5
2026-05-11 03:09:00,2.9848,2.9858,2.9833,2.9833,2.9898,2.9908,2.9883,2.9883,8
2026-05-11 03:10:00,2.9838,2.9848,2.9818,2.9823,2.9888,2.9898,2.9868,2.9873,9
2026-05-11 03:11:00,2.9818,2.9818,2.9808,2.9813,2.9868,2.9868,2.9858,2.9863,5
2026-05-11 03:12:00,2.9808,2.9808,2.9798,2.9808,2.9858,2.9858,2.9848,2.9858,4
2026-05-11 03:13:00,2.9803,2.9808,2.9798,2.9808,2.9853,2.9858,2.9848,2.9858,4
2026-05-11 03:14:00,2.9818,2.9823,2.9808,2.9823,2.9868,2.9873,2.9858,2.9873,4
2026-05-11 03:15:00,2.9828,2.9828,2.9808,2.9823,2.9878,2.9878,2.9858,2.9873,5
2026-05-11 03:16:00,2.9818,2.9818,2.9808,2.9808,2.9868,2.9868,2.9858,2.9858,2
2026-05-11 03:17:00,2.9813,2.9818,2.9813,2.9818,2.9863,2.9868,2.9863,2.9868,4
2026-05-11 03:18:00,2.9808,2.9823,2.9808,2.9823,2.9858,2.9873,2.9858,2.9873,3
2026-05-11 03:20:00,2.9818,2.9818,2.9818,2.9818,2.9868,2.9868,2.9868,2.9868,1
2026-05-11 03:21:00,2.9833,2.9863,2.9833,2.9863,2.9883,2.9913,2.9883,2.9913,5
2026-05-11 03:22:00,2.9868,2.9873,2.9848,2.9848,2.9918,2.9923,2.9898,2.9898,7
2026-05-11 03:23:00,2.9853,2.9868,2.9853,2.9863,2.9903,2.9918,2.9903,2.9913,4
2026-05-11 03:24:00,2.9868,2.9878,2.9868,2.9878,2.9918,2.9928,2.9918,2.9928,4
2026-05-11 03:25:00,2.9888,2.9893,2.9878,2.9888,2.9938,2.9943,2.9928,2.9938,7
2026-05-11 03:26:00,2.9893,2.9893,2.9888,2.9888,2.9943,2.9943,2.9938,2.9938,2
2026-05-11 03:28:00,2.9883,2.9883,2.9873,2.9878,2.9933,2.9933,2.9923,2.9928,4
2026-05-11 03:30:00,2.9883,2.9888,2.9873,2.9873,2.9933,2.9938,2.9923,2.9923,7
2026-05-11 03:31:00,2.9878,2.9878,2.9868,2.9878,2.9928,2.9928,2.9918,2.9928,4
2026-05-11 03:33:00,2.9883,2.9888,2.9878,2.9878,2.9933,2.9938,2.9928,2.9928,3
2026-05-11 03:34:00,2.9868,2.9883,2.9868,2.9883,2.9918,2.9933,2.9918,2.9933,3
2026-05-11 03:35:00,2.9888,2.9908,2.9888,2.9908,2.9938,2.9958,2.9938,2.9958,3
2026-05-11 03:36:00,2.9898,2.9898,2.9888,2.9888,2.9948,2.9948,2.9938,2.9938,3
2026-05-11 03:37:00,2.9898,2.9898,2.9888,2.9888,2.9948,2.9948,2.9938,2.9938,2
2026-05-11 03:38:00,2.9898,2.9903,2.9898,2.9898,2.9948,2.9953,2.9948,2.9948,3
2026-05-11 03:39:00,2.9893,2.9908,2.9888,2.9898,2.9943,2.9958,2.9938,2.9948,9
2026-05-11 03:40:00,2.9908,2.9908,2.9878,2.9878,2.9958,2.9958,2.9928,2.9928,6
2026-05-11 03:41:00,2.9883,2.9883,2.9873,2.9873,2.9933,2.9933,2.9923,2.9923,5
2026-05-11 03:42:00,2.9868,2.9868,2.9858,2.9858,2.9918,2.9918,2.9908,2.9908,4
2026-05-11 03:44:00,2.9853,2.9853,2.9853,2.9853,2.9903,2.9903,2.9903,2.9903,1
2026-05-11 03:45:00,2.9848,2.9848,2.9848,2.9848,2.9898,2.9898,2.9898,2.9898,1
2026-05-11 03:46:00,2.9853,2.9853,2.9838,2.9838,2.9903,2.9903,2.9888,2.9888,5
2026-05-11 03:48:00,2.9848,2.9848,2.9838,2.9843,2.9898,2.9898,2.9888,2.9893,3
2026-05-11 03:49:00,2.9838,2.9838,2.9838,2.9838,2.9888,2.9888,2.9888,2.9888,1
2026-05-11 03:50:00,2.9843,2.9848,2.9843,2.9848,2.9893,2.9898,2.9893,2.9898,4
2026-05-11 03:51:00,2.9843,2.9843,2.9833,2.9838,2.9893,2.9893,2.9883,2.9888,4
2026-05-11 03:52:00,2.9833,2.9833,2.9833,2.9833,2.9883,2.9883,2.9883,2.9883,1
2026-05-11 03:53:00,2.9838,2.9838,2.9838,2.9838,2.9888,2.9888,2.9888,2.9888,1
2026-05-11 03:54:00,2.9843,2.9848,2.9838,2.9838,2.9893,2.9898,2.9888,2.9888,4
2026-05-11 03:55:00,2.9828,2.9838,2.9828,2.9838,2.9878,2.9888,2.9878,2.9888,2
2026-05-11 03:56:00,2.9848,2.9858,2.9848,2.9848,2.9898,2.9908,2.9898,2.9898,3
2026-05-11 03:57:00,2.9853,2.9858,2.9848,2.9858,2.9903,2.9908,2.9898,2.9908,5
2026-05-11 03:58:00,2.9848,2.9858,2.9848,2.9858,2.9898,2.9908,2.9898,2.9908,2
2026-05-11 03:59:00,2.9848,2.9848,2.9848,2.9848,2.9898,2.9898,2.9898,2.9898,1
2026-05-11 04:00:00,2.9853,2.9853,2.9843,2.9848,2.9903,2.9903,2.9893,2.9898,5
2026-05-11 04:01:00,2.9843,2.9843,2.9838,2.9838,2.9893,2.9893,2.9888,2.9888,2
2026-05-11 04:03:00,2.9868,2.9868,2.9848,2.9858,2.9918,2.9918,2.9898,2.9908,7
2026-05-11 04:04:00,2.9868,2.9868,2.9858,2.9858,2.9918,2.9918,2.9908,2.9908,4
2026-05-11 04:05:00,2.9848,2.9853,2.9848,2.9848,2.9898,2.9903,2.9898,2.9898,3
2026-05-11 04:06:00,2.9853,2.9858,2.9853,2.9858,2.9903,2.9908,2.9903,2.9908,2
2026-05-11 04:10:00,2.9873,2.9893,2.9848,2.9848,2.9923,2.9943,2.9898,2.9898,13
2026-05-11 04:11:00,2.9853,2.9863,2.9848,2.9853,2.9903,2.9913,2.9898,2.9903,7
2026-05-11 04:12:00,2.9848,2.9858,2.9848,2.9853,2.9898,2.9908,2.9898,2.9903,4
2026-05-11 04:13:00,2.9858,2.9868,2.9858,2.9868,2.9908,2.9918,2.9908,2.9918,2
2026-05-11 04:14:00,2.9873,2.9878,2.9873,2.9878,2.9923,2.9928,2.9923,2.9928,2
2026-05-11 04:15:00,2.9888,2.9888,2.9878,2.9878,2.9938,2.9938,2.9928,2.9928,3
2026-05-11 04:16:00,2.9888,2.9888,2.9878,2.9883,2.9938,2.9938,2.9928,2.9933,4
2026-05-11 04:17:00,2.9888,2.9893,2.9888,2.9893,2.9938,2.9943,2.9938,2.9943,2
2026-05-11 04:18:00,2.9888,2.9893,2.9888,2.9893,2.9938,2.9943,2.9938,2.9943,4
2026-05-11 04:20:00,2.9888,2.9898,2.9888,2.9893,2.9938,2.9948,2.9938,2.9943,6
2026-05-11 04:21:00,2.9888,2.9893,2.9888,2.9888,2.9938,2.9943,2.9938,2.9938,5
2026-05-11 04:23:00,2.9893,2.9903,2.9888,2.9903,2.9943,2.9953,2.9938,2.9953,4
2026-05-11 04:24:00,2.9908,2.9908,2.9888,2.9893,2.9958,2.9958,2.9938,2.9943,5
2026-05-11 04:26:00,2.9898,2.9903,2.9898,2.9898,2.9948,2.9953,2.9948,2.9948,3
2026-05-11 04:27:00,2.9888,2.9898,2.9888,2.9898,2.9938,2.9948,2.9938,2.9948,2
2026-05-11 04:28:00,2.9903,2.9903,2.9898,2.9898,2.9953,2.9953,2.9948,2.9948,2
2026-05-11 04:29:00,2.9893,2.9898,2.9888,2.9898,2.9943,2.9948,2.9938,2.9948,3
2026-05-11 04:30:00,2.9888,2.9893,2.9888,2.9893,2.9938,2.9943,2.9938,2.9943,2
2026-05-11 04:31:00,2.9898,2.9898,2.9893,2.9893,2.9948,2.9948,2.9943,2.9943,2
2026-05-11 04:32:00,2.9898,2.9898,2.9893,2.9893,2.9948,2.9948,2.9943,2.9943,2
2026-05-11 04:33:00,2.9898,2.9903,2.9898,2.9903,2.9948,2.9953,2.9948,2.9953,4
2026-05-11 04:34:00,2.9898,2.9903,2.9898,2.9903,2.9948,2.9953,2.9948,2.9953,2
2026-05-11 04:35:00,2.9908,2.9908,2.9898,2.9908,2.9958,2.9958,2.9948,2.9958,3
2026-05-11 04:36:00,2.9903,2.9908,2.9903,2.9908,2.9953,2.9958,2.9953,2.9958,2
2026-05-11 04:37:00,2.9903,2.9908,2.9903,2.9908,2.9953,2.9958,2.9953,2.9958,2
2026-05-11 04:38:00,2.9918,2.9928,2.9918,2.9928,2.9968,2.9978,2.9968,2.9978,6
2026-05-11 04:44:00,2.9938,2.9948,2.9918,2.9928,2.9988,2.9998,2.9968,2.9978,6
2026-05-11 04:45:00,2.9933,2.9938,2.9928,2.9938,2.9983,2.9988,2.9978,2.9988,5
2026-05-11 04:46:00,2.9928,2.9938,2.9903,2.9908,2.9978,2.9988,2.9953,2.9958,18
2026-05-11 04:47:00,2.9918,2.9918,2.9888,2.9903,2.9968,2.9968,2.9938,2.9953,10
2026-05-11 04:48:00,2.9898,2.9923,2.9898,2.9918,2.9948,2.9973,2.9948,2.9968,8
2026-05-11 04:51:00,2.9913,2.9913,2.9908,2.9908,2.9963,2.9963,2.9958,2.9958,4
2026-05-11 04:52:00,2.9913,2.9918,2.9913,2.9918,2.9963,2.9968,2.9963,2.9968,2
2026-05-11 04:53:00,2.9908,2.9913,2.9908,2.9913,2.9958,2.9963,2.9958,2.9963,4
2026-05-11 05:33:00,2.9708,2.9718,2.9708,2.9708,2.9758,2.9768,2.9758,2.9758,7
2026-05-11 05:34:00,2.9713,2.9723,2.9708,2.9718,2.9763,2.9773,2.9758,2.9768,16
2026-05-11 05:35:00,2.9723,2.9743,2.9708,2.9708,2.9773,2.9793,2.9758,2.9758,14
2026-05-11 05:36:00,2.9713,2.9718,2.9698,2.9703,2.9763,2.9768,2.9748,2.9753,21
2026-05-11 05:37:00,2.9708,2.9713,2.9708,2.9708,2.9758,2.9763,2.9758,2.9758,5
2026-05-11 05:38:00,2.9713,2.9738,2.9708,2.9728,2.9763,2.9788,2.9758,2.9778,7
2026-05-11 05:39:00,2.9723,2.9738,2.9718,2.9728,2.9773,2.9788,2.9768,2.9778,13
2026-05-11 05:40:00,2.9743,2.9743,2.9728,2.9728,2.9793,2.9793,2.9778,2.9778,5
2026-05-11 05:41:00,2.9733,2.9738,2.9733,2.9738,2.9783,2.9788,2.9783,2.9788,2
2026-05-11 05:42:00,2.9748,2.9768,2.9748,2.9758,2.9798,2.9818,2.9798,2.9808,12
2026-05-11 05:43:00,2.9753,2.9768,2.9748,2.9758,2.9803,2.9818,2.9798,2.9808,14
2026-05-11 05:44:00,2.9763,2.9778,2.9758,2.9768,2.9813,2.9828,2.9808,2.9818,9
2026-05-11 05:45:00,2.9763,2.9768,2.9728,2.9733,2.9813,2.9818,2.9778,2.9783,27
2026-05-11 05:46:00,2.9728,2.9738,2.9728,2.9728,2.9778,2.9788,2.9778,2.9778,5
2026-05-11 05:47:00,2.9733,2.9733,2.9718,2.9718,2.9783,2.9783,2.9768,2.9768,5
2026-05-11 05:48:00,2.9723,2.9723,2.9698,2.9708,2.9773,2.9773,2.9748,2.9758,7
2026-05-11 05:49:00,2.9698,2.9718,2.9698,2.9708,2.9748,2.9768,2.9748,2.9758,8
2026-05-11 05:50:00,2.9718,2.9718,2.9708,2.9718,2.9768,2.9768,2.9758,2.9768,6
2026-05-11 05:51:00,2.9723,2.9723,2.9718,2.9718,2.9773,2.9773,2.9768,2.9768,2
2026-05-11 05:52:00,2.9708,2.9713,2.9708,2.9708,2.9758,2.9763,2.9758,2.9758,11
2026-05-11 05:53:00,2.9698,2.9708,2.9698,2.9708,2.9748,2.9758,2.9748,2.9758,6
2026-05-11 05:54:00,2.9713,2.9728,2.9708,2.9718,2.9763,2.9778,2.9758,2.9768,9
2026-05-11 05:55:00,2.9723,2.9723,2.9718,2.9718,2.9773,2.9773,2.9768,2.9768,2
2026-05-11 05:56:00,2.9723,2.9723,2.9718,2.9718,2.9773,2.9773,2.9768,2.9768,2
2026-05-11 05:57:00,2.9723,2.9723,2.9718,2.9718,2.9773,2.9773,2.9768,2.9768,4
2026-05-11 05:58:00,2.9723,2.9723,2.9708,2.9713,2.9773,2.9773,2.9758,2.9763,8
2026-05-11 05:59:00,2.9708,2.9708,2.9708,2.9708,2.9758,2.9758,2.9758,2.9758,1
2026-05-11 06:01:00,2.9718,2.9723,2.9718,2.9718,2.9768,2.9773,2.9768,2.9768,3
2026-05-11 06:02:00,2.9723,2.9728,2.9718,2.9718,2.9773,2.9778,2.9768,2.9768,5
2026-05-11 06:03:00,2.9708,2.9708,2.9708,2.9708,2.9758,2.9758,2.9758,2.9758,1
2026-05-11 06:04:00,2.9713,2.9718,2.9708,2.9708,2.9763,2.9768,2.9758,2.9758,14
2026-05-11 06:08:00,2.9713,2.9728,2.9713,2.9728,2.9763,2.9778,2.9763,2.9778,5
2026-05-11 06:09:00,2.9733,2.9733,2.9728,2.9728,2.9783,2.9783,2.9778,2.9778,2
2026-05-11 06:10:00,2.9733,2.9738,2.9733,2.9738,2.9783,2.9788,2.9783,2.9788,2
2026-05-11 06:13:00,2.9748,2.9758,2.9728,2.9738,2.9798,2.9808,2.9778,2.9788,8
2026-05-11 06:14:00,2.9728,2.9738,2.9728,2.9728,2.9778,2.9788,2.9778,2.9778,14
2026-05-11 06:15:00,2.9733,2.9738,2.9733,2.9738,2.9783,2.9788,2.9783,2.9788,4
2026-05-11 06:16:00,2.9728,2.9728,2.9728,2.9728,2.9778,2.9778,2.9778,2.9778,1
2026-05-11 06:18:00,2.9738,2.9738,2.9738,2.9738,2.9788,2.9788,2.9788,2.9788,1
2026-05-11 06:19:00,2.9733,2.9733,2.9728,2.9728,2.9783,2.9783,2.9778,2.9778,4
2026-05-11 06:22:00,2.9718,2.9718,2.9648,2.9658,2.9768,2.9768,2.9698,2.9708,16
2026-05-11 06:23:00,2.9648,2.9648,2.9648,2.9648,2.9698,2.9698,2.9698,2.9698,1
2026-05-11 06:24:00,2.9638,2.9643,2.9638,2.9638,2.9688,2.9693,2.9688,2.9688,3
2026-05-11 06:25:00,2.9633,2.9648,2.9623,2.9648,2.9683,2.9698,2.9673,2.9698,10
2026-05-11 06:26:00,2.9658,2.9658,2.9648,2.9658,2.9708,2.9708,2.9698,2.9708,4
2026-05-11 06:27:00,2.9668,2.9668,2.9668,2.9668,2.9718,2.9718,2.9718,2.9718,1
2026-05-11 06:28:00,2.9658,2.9668,2.9658,2.9658,2.9708,2.9718,2.9708,2.9708,4
2026-05-11 06:29:00,2.9663,2.9668,2.9658,2.9668,2.9713,2.9718,2.9708,2.9718,7
2026-05-11 06:30:00,2.9673,2.9673,2.9668,2.9673,2.9723,2.9723,2.9718,2.9723,3
2026-05-11 06:31:00,2.9678,2.9718,2.9678,2.9708,2.9728,2.9768,2.9728,2.9758,12
2026-05-11 06:32:00,2.9713,2.9713,2.9708,2.9708,2.9763,2.9763,2.9758,2.9758,2
2026-05-11 06:33:00,2.9718,2.9718,2.9708,2.9708,2.9768,2.9768,2.9758,2.9758,13
2026-05-11 06:35:00,2.9713,2.9718,2.9688,2.9688,2.9763,2.9768,2.9738,2.9738,6
2026-05-11 06:36:00,2.9698,2.9698,2.9688,2.9688,2.9748,2.9748,2.9738,2.9738,7
2026-05-11 06:37:00,2.9693,2.9698,2.9688,2.9698,2.9743,2.9748,2.9738,2.9748,3
2026-05-11 06:40:00,2.9693,2.9698,2.9688,2.9698,2.9743,2.9748,2.9738,2.9748,6
2026-05-11 06:41:00,2.9693,2.9698,2.9688,2.9688,2.9743,2.9748,2.9738,2.9738,4
2026-05-11 06:42:00,2.9678,2.9688,2.9678,2.9688,2.9728,2.9738,2.9728,2.9738,2
2026-05-11 06:44:00,2.9693,2.9693,2.9688,2.9688,2.9743,2.9743,2.9738,2.9738,2
2026-05-11 06:45:00,2.9678,2.9678,2.9678,2.9678,2.9728,2.9728,2.9728,2.9728,1
2026-05-11 06:47:00,2.9668,2.9668,2.9648,2.9648,2.9718,2.9718,2.9698,2.9698,5
2026-05-11 06:48:00,2.9643,2.9648,2.9638,2.9648,2.9693,2.9698,2.9688,2.9698,3
2026-05-11 06:49:00,2.9658,2.9663,2.9648,2.9663,2.9708,2.9713,2.9698,2.9713,5
2026-05-11 06:50:00,2.9658,2.9658,2.9658,2.9658,2.9708,2.9708,2.9708,2.9708,1
2026-05-11 06:51:00,2.9663,2.9668,2.9658,2.9658,2.9713,2.9718,2.9708,2.9708,11
2026-05-11 06:52:00,2.9663,2.9663,2.9658,2.9658,2.9713,2.9713,2.9708,2.9708,2
2026-05-11 06:53:00,2.9668,2.9668,2.9658,2.9668,2.9718,2.9718,2.9708,2.9718,7
2026-05-11 06:54:00,2.9663,2.9663,2.9658,2.9658,2.9713,2.9713,2.9708,2.9708,2
2026-05-11 06:55:00,2.9663,2.9663,2.9658,2.9658,2.9713,2.9713,2.9708,2.9708,2
2026-05-11 06:56:00,2.9663,2.9663,2.9658,2.9658,2.9713,2.9713,2.9708,2.9708,2
2026-05-11 06:57:00,2.9668,2.9673,2.9663,2.9668,2.9718,2.9723,2.9713,2.9718,7
2026-05-11 06:58:00,2.9663,2.9668,2.9663,2.9668,2.9713,2.9718,2.9713,2.9718,8
2026-05-11 06:59:00,2.9663,2.9673,2.9658,2.9668,2.9713,2.9723,2.9708,2.9718,9
2026-05-11 07:00:00,2.9678,2.9678,2.9678,2.9678,2.9728,2.9728,2.9728,2.9728,1
2026-05-11 07:01:00,2.9668,2.9678,2.9668,2.9668,2.9718,2.9728,2.9718,2.9718,16
2026-05-11 07:03:00,2.9678,2.9678,2.9673,2.9678,2.9728,2.9728,2.9723,2.9728,3
2026-05-11 07:04:00,2.9673,2.9678,2.9668,2.9668,2.9723,2.9728,2.9718,2.9718,8
2026-05-11 07:08:00,2.9673,2.9673,2.9668,2.9668,2.9723,2.9723,2.9718,2.9718,2
2026-05-11 07:12:00,2.9663,2.9668,2.9648,2.9648,2.9713,2.9718,2.9698,2.9698,5
2026-05-11 07:14:00,2.9658,2.9658,2.9648,2.9648,2.9708,2.9708,2.9698,2.9698,8
2026-05-11 07:16:00,2.9653,2.9658,2.9648,2.9648,2.9703,2.9708,2.9698,2.9698,10
2026-05-11 07:17:00,2.9653,2.9653,2.9648,2.9648,2.9703,2.9703,2.9698,2.9698,2
2026-05-11 07:18:00,2.9653,2.9653,2.9648,2.9648,2.9703,2.9703,2.9698,2.9698,4
2026-05-11 07:21:00,2.9658,2.9658,2.9658,2.9658,2.9708,2.9708,2.9708,2.9708,1
2026-05-11 07:24:00,2.9668,2.9668,2.9658,2.9658,2.9718,2.9718,2.9708,2.9708,2
2026-05-11 07:25:00,2.9663,2.9683,2.9658,2.9663,2.9713,2.9733,2.9708,2.9713,8
2026-05-11 07:26:00,2.9658,2.9668,2.9648,2.9648,2.9708,2.9718,2.9698,2.9698,8
2026-05-11 07:29:00,2.9643,2.9648,2.9643,2.9648,2.9693,2.9698,2.9693,2.9698,2
2026-05-11 07:30:00,2.9658,2.9658,2.9658,2.9658,2.9708,2.9708,2.9708,2.9708,1
2026-05-11 07:31:00,2.9668,2.9668,2.9668,2.9668,2.9718,2.9718,2.9718,2.9718,1
2026-05-11 07:33:00,2.9673,2.9673,2.9668,2.9668,2.9723,2.9723,2.9718,2.9718,2
2026-05-11 07:34:00,2.9658,2.9658,2.9658,2.9658,2.9708,2.9708,2.9708,2.9708,1
2026-05-11 07:35:00,2.9663,2.9668,2.9658,2.9668,2.9713,2.9718,2.9708,2.9718,5
2026-05-11 07:36:00,2.9663,2.9663,2.9658,2.9658,2.9713,2.9713,2.9708,2.9708,2
2026-05-11 07:37:00,2.9648,2.9648,2.9633,2.9633,2.9698,2.9698,2.9683,2.9683,3
2026-05-11 07:38:00,2.9628,2.9638,2.9628,2.9638,2.9678,2.9688,2.9678,2.9688,21
2026-05-11 07:39:00,2.9628,2.9638,2.9628,2.9633,2.9678,2.9688,2.9678,2.9683,12
2026-05-11 07:40:00,2.9628,2.9638,2.9628,2.9638,2.9678,2.9688,2.9678,2.9688,3
2026-05-11 07:41:00,2.9633,2.9638,2.9628,2.9628,2.9683,2.9688,2.9678,2.9678,3
2026-05-11 07:42:00,2.9633,2.9638,2.9628,2.9638,2.9683,2.9688,2.9678,2.9688,13
2026-05-11 07:43:00,2.9648,2.9648,2.9638,2.9638,2.9698,2.9698,2.9688,2.9688,2
2026-05-11 07:45:00,2.9643,2.9643,2.9633,2.9638,2.9693,2.9693,2.9683,2.9688,6
2026-05-11 07:46:00,2.9633,2.9638,2.9628,2.9628,2.9683,2.9688,2.9678,2.9678,8
2026-05-11 07:48:00,2.9633,2.9638,2.9628,2.9628,2.9683,2.9688,2.9678,2.9678,4
2026-05-11 07:49:00,2.9623,2.9628,2.9623,2.9628,2.9673,2.9678,2.9673,2.9678,2
2026-05-11 07:50:00,2.9623,2.9658,2.9623,2.9658,2.9673,2.9708,2.9673,2.9708,10
2026-05-11 07:52:00,2.9653,2.9653,2.9648,2.9648,2.9703,2.9703,2.9698,2.9698,2
2026-05-11 07:54:00,2.9643,2.9648,2.9638,2.9648,2.9693,2.9698,2.9688,2.9698,4
2026-05-11 07:57:00,2.9643,2.9643,2.9638,2.9638,2.9693,2.9693,2.9688,2.9688,2
2026-05-11 07:58:00,2.9628,2.9648,2.9628,2.9638,2.9678,2.9698,2.9678,2.9688,5
2026-05-11 07:59:00,2.9643,2.9648,2.9638,2.9648,2.9693,2.9698,2.9688,2.9698,3
2026-05-11 08:00:00,2.9643,2.9643,2.9558,2.9588,2.9693,2.9693,2.9608,2.9638,25
2026-05-11 08:01:00,2.9583,2.9598,2.9578,2.9588,2.9633,2.9648,2.9628,2.9638,12
2026-05-11 08:02:00,2.9593,2.9593,2.9578,2.9588,2.9643,2.9643,2.9628,2.9638,11
2026-05-11 08:03:00,2.9593,2.9608,2.9588,2.9588,2.9643,2.9658,2.9638,2.9638,6
2026-05-11 08:04:00,2.9578,2.9588,2.9578,2.9583,2.9628,2.9638,2.9628,2.9633,14
2026-05-11 08:05:00,2.9578,2.9583,2.9578,2.9578,2.9628,2.9633,2.9628,2.9628,3
2026-05-11 08:06:00,2.9588,2.9588,2.9548,2.9558,2.9638,2.9638,2.9598,2.9608,14
2026-05-11 08:07:00,2.9553,2.9558,2.9548,2.9548,2.9603,2.9608,2.9598,2.9598,12
2026-05-11 08:08:00,2.9553,2.9558,2.9548,2.9548,2.9603,2.9608,2.9598,2.9598,4
2026-05-11 08:09:00,2.9558,2.9568,2.9548,2.9568,2.9608,2.9618,2.9598,2.9618,5
2026-05-11 08:10:00,2.9563,2.9563,2.9558,2.9558,2.9613,2.9613,2.9608,2.9608,2
2026-05-11 08:11:00,2.9553,2.9588,2.9553,2.9578,2.9603,2.9638,2.9603,2.9628,8
2026-05-11 08:12:00,2.9583,2.9583,2.9568,2.9578,2.9633,2.9633,2.9618,2.9628,5
2026-05-11 08:13:00,2.9568,2.9568,2.9568,2.9568,2.9618,2.9618,2.9618,2.9618,1
2026-05-11 08:14:00,2.9573,2.9588,2.9568,2.9583,2.9623,2.9638,2.9618,2.9633,10
2026-05-11 08:15:00,2.9588,2.9588,2.9578,2.9578,2.9638,2.9638,2.9628,2.9628,5
2026-05-11 08:16:00,2.9583,2.9588,2.9578,2.9578,2.9633,2.9638,2.9628,2.9628,10
2026-05-11 08:17:00,2.9583,2.9598,2.9578,2.9593,2.9633,2.9648,2.9628,2.9643,8
2026-05-11 08:18:00,2.9598,2.9598,2.9598,2.9598,2.9648,2.9648,2.9648,2.9648,1
2026-05-11 08:19:00,2.9603,2.9603,2.9598,2.9598,2.9653,2.9653,2.9648,2.9648,4
2026-05-11 08:20:00,2.9588,2.9588,2.9568,2.9573,2.9638,2.9638,2.9618,2.9623,5
2026-05-11 08:21:00,2.9578,2.9588,2.9578,2.9583,2.9628,2.9638,2.9628,2.9633,4
2026-05-11 08:22:00,2.9588,2.9598,2.9588,2.9588,2.9638,2.9648,2.9638,2.9638,4
2026-05-11 08:23:00,2.9598,2.9608,2.9598,2.9608,2.9648,2.9658,2.9648,2.9658,6
2026-05-11 08:24:00,2.9603,2.9618,2.9588,2.9588,2.9653,2.9668,2.9638,2.9638,8
2026-05-11 08:25:00,2.9598,2.9608,2.9583,2.9598,2.9648,2.9658,2.9633,2.9648,10
2026-05-11 08:26:00,2.9603,2.9608,2.9588,2.9593,2.9653,2.9658,2.9638,2.9643,8
2026-05-11 08:27:00,2.9598,2.9608,2.9598,2.9598,2.9648,2.9658,2.9648,2.9648,3
2026-05-11 08:28:00,2.9608,2.9608,2.9598,2.9598,2.9658,2.9658,2.9648,2.9648,3
2026-05-11 08:29:00,2.9593,2.9598,2.9588,2.9588,2.9643,2.9648,2.9638,2.9638,3
2026-05-11 08:30:00,2.9578,2.9583,2.9578,2.9583,2.9628,2.9633,2.9628,2.9633,4
2026-05-11 08:31:00,2.9578,2.9578,2.9568,2.9578,2.9628,2.9628,2.9618,2.9628,8
2026-05-11 08:32:00,2.9568,2.9578,2.9568,2.9578,2.9618,2.9628,2.9618,2.9628,8
2026-05-11 08:33:00,2.9573,2.9578,2.9558,2.9558,2.9623,2.9628,2.9608,2.9608,11
2026-05-11 08:34:00,2.9563,2.9563,2.9548,2.9553,2.9613,2.9613,2.9598,2.9603,13
2026-05-11 08:35:00,2.9548,2.9563,2.9548,2.9563,2.9598,2.9613,2.9598,2.9613,4
2026-05-11 08:36:00,2.9568,2.9568,2.9558,2.9568,2.9618,2.9618,2.9608,2.9618,6
2026-05-11 08:37:00,2.9563,2.9563,2.9558,2.9558,2.9613,2.9613,2.9608,2.9608,2
2026-05-11 08:38:00,2.9563,2.9563,2.9563,2.9563,2.9613,2.9613,2.9613,2.9613,1
2026-05-11 08:39:00,2.9568,2.9578,2.9568,2.9573,2.9618,2.9628,2.9618,2.9623,6
2026-05-11 08:41:00,2.9578,2.9578,2.9573,2.9573,2.9628,2.9628,2.9623,2.9623,6
2026-05-11 08:42:00,2.9568,2.9573,2.9568,2.9568,2.9618,2.9623,2.9618,2.9618,5
2026-05-11 08:43:00,2.9573,2.9578,2.9568,2.9568,2.9623,2.9628,2.9618,2.9618,5
2026-05-11 08:44:00,2.9578,2.9598,2.9553,2.9568,2.9628,2.9648,2.9603,2.9618,12
2026-05-11 08:45:00,2.9558,2.9568,2.9548,2.9558,2.9608,2.9618,2.9598,2.9608,17
2026-05-11 08:46:00,2.9568,2.9568,2.9558,2.9558,2.9618,2.9618,2.9608,2.9608,3
2026-05-11 08:47:00,2.9563,2.9568,2.9558,2.9558,2.9613,2.9618,2.9608,2.9608,3
2026-05-11 08:48:00,2.9553,2.9558,2.9553,2.9553,2.9603,2.9608,2.9603,2.9603,3
2026-05-11 08:49:00,2.9558,2.9558,2.9558,2.9558,2.9608,2.9608,2.9608,2.9608,1
2026-05-11 08:50:00,2.9553,2.9553,2.9553,2.9553,2.9603,2.9603,2.9603,2.9603,1
2026-05-11 08:51:00,2.9548,2.9548,2.9548,2.9548,2.9598,2.9598,2.9598,2.9598,1
2026-05-11 08:52:00,2.9538,2.9538,2.9538,2.9538,2.9588,2.9588,2.9588,2.9588,1
2026-05-11 08:53:00,2.9548,2.9548,2.9548,2.9548,2.9598,2.9598,2.9598,2.9598,1
2026-05-11 08:54:00,2.9558,2.9558,2.9543,2.9548,2.9608,2.9608,2.9593,2.9598,5
2026-05-11 08:55:00,2.9553,2.9553,2.9548,2.9548,2.9603,2.9603,2.9598,2.9598,2
2026-05-11 08:56:00,2.9553,2.9553,2.9548,2.9548,2.9603,2.9603,2.9598,2.9598,2
2026-05-11 08:58:00,2.9558,2.9558,2.9548,2.9558,2.9608,2.9608,2.9598,2.9608,4
2026-05-11 08:59:00,2.9553,2.9558,2.9548,2.9558,2.9603,2.9608,2.9598,2.9608,5
2026-05-11 09:00:00,2.9553,2.9588,2.9553,2.9568,2.9603,2.9638,2.9603,2.9618,14
2026-05-11 09:01:00,2.9563,2.9568,2.9548,2.9548,2.9613,2.9618,2.9598,2.9598,7
2026-05-11 09:02:00,2.9553,2.9558,2.9553,2.9558,2.9603,2.9608,2.9603,2.9608,2
2026-05-11 09:03:00,2.9553,2.9558,2.9548,2.9558,2.9603,2.9608,2.9598,2.9608,8
2026-05-11 09:04:00,2.9548,2.9558,2.9548,2.9558,2.9598,2.9608,2.9598,2.9608,2
2026-05-11 09:05:00,2.9568,2.9568,2.9558,2.9568,2.9618,2.9618,2.9608,2.9618,4
2026-05-11 09:06:00,2.9573,2.9578,2.9568,2.9578,2.9623,2.9628,2.9618,2.9628,4
2026-05-11 09:07:00,2.9568,2.9588,2.9568,2.9578,2.9618,2.9638,2.9618,2.9628,7
2026-05-11 09:08:00,2.9588,2.9588,2.9578,2.9588,2.9638,2.9638,2.9628,2.9638,9
2026-05-11 09:09:00,2.9598,2.9598,2.9588,2.9588,2.9648,2.9648,2.9638,2.9638,4
2026-05-11 09:10:00,2.9593,2.9598,2.9588,2.9588,2.9643,2.9648,2.9638,2.9638,12
2026-05-11 09:11:00,2.9593,2.9608,2.9588,2.9608,2.9643,2.9658,2.9638,2.9658,10
2026-05-11 09:12:00,2.9618,2.9653,2.9618,2.9648,2.9668,2.9703,2.9668,2.9698,12
2026-05-11 09:13:00,2.9653,2.9653,2.9633,2.9638,2.9703,2.9703,2.9683,2.9688,15
2026-05-11 09:14:00,2.9643,2.9653,2.9638,2.9648,2.9693,2.9703,2.9688,2.9698,5
2026-05-11 09:15:00,2.9658,2.9658,2.9648,2.9648,2.9708,2.9708,2.9698,2.9698,15
2026-05-11 09:16:00,2.9653,2.9668,2.9648,2.9648,2.9703,2.9718,2.9698,2.9698,5
2026-05-11 09:17:00,2.9658,2.9658,2.9648,2.9658,2.9708,2.9708,2.9698,2.9708,8
2026-05-11 09:18:00,2.9663,2.9668,2.9658,2.9658,2.9713,2.9718,2.9708,2.9708,8
2026-05-11 09:19:00,2.9668,2.9668,2.9663,2.9668,2.9718,2.9718,2.9713,2.9718,3
2026-05-11 09:20:00,2.9678,2.9698,2.9678,2.9698,2.9728,2.9748,2.9728,2.9748,3
2026-05-11 09:21:00,2.9688,2.9688,2.9668,2.9678,2.9738,2.9738,2.9718,2.9728,20
2026-05-11 09:22:00,2.9673,2.9678,2.9673,2.9678,2.9723,2.9728,2.9723,2.9728,2
2026-05-11 09:23:00,2.9688,2.9688,2.9668,2.9668,2.9738,2.9738,2.9718,2.9718,13
2026-05-11 09:24:00,2.9663,2.9668,2.9663,2.9668,2.9713,2.9718,2.9713,2.9718,4
2026-05-11 09:25:00,2.9663,2.9678,2.9663,2.9668,2.9713,2.9728,2.9713,2.9718,11
2026-05-11 09:26:00,2.9673,2.9683,2.9673,2.9678,2.9723,2.9733,2.9723,2.9728,4
2026-05-11 09:27:00,2.9683,2.9698,2.9683,2.9688,2.9733,2.9748,2.9733,2.9738,6
2026-05-11 09:28:00,2.9693,2.9693,2.9693,2.9693,2.9743,2.9743,2.9743,2.9743,1
2026-05-11 09:29:00,2.9698,2.9708,2.9698,2.9698,2.9748,2.9758,2.9748,2.9748,8
2026-05-11 09:30:00,2.9688,2.9688,2.9688,2.9688,2.9738,2.9738,2.9738,2.9738,1
2026-05-11 09:31:00,2.9683,2.9688,2.9683,2.9688,2.9733,2.9738,2.9733,2.9738,2
2026-05-11 09:32:00,2.9693,2.9693,2.9688,2.9688,2.9743,2.9743,2.9738,2.9738,6
2026-05-11 09:33:00,2.9693,2.9698,2.9688,2.9688,2.9743,2.9748,2.9738,2.9738,5
2026-05-11 09:34:00,2.9683,2.9683,2.9668,2.9668,2.9733,2.9733,2.9718,2.9718,8
2026-05-11 09:35:00,2.9673,2.9678,2.9673,2.9678,2.9723,2.9728,2.9723,2.9728,2
2026-05-11 09:36:00,2.9688,2.9688,2.9678,2.9678,2.9738,2.9738,2.9728,2.9728,4
2026-05-11 09:37:00,2.9688,2.9703,2.9683,2.9683,2.9738,2.9753,2.9733,2.9733,6
2026-05-11 09:38:00,2.9688,2.9718,2.9688,2.9708,2.9738,2.9768,2.9738,2.9758,10
2026-05-11 09:39:00,2.9698,2.9698,2.9698,2.9698,2.9748,2.9748,2.9748,2.9748,1
2026-05-11 09:40:00,2.9703,2.9708,2.9698,2.9708,2.9753,2.9758,2.9748,2.9758,12
2026-05-11 09:41:00,2.9703,2.9718,2.9703,2.9708,2.9753,2.9768,2.9753,2.9758,6
2026-05-11 09:44:00,2.9713,2.9718,2.9708,2.9708,2.9763,2.9768,2.9758,2.9758,6
2026-05-11 09:45:00,2.9713,2.9723,2.9708,2.9718,2.9763,2.9773,2.9758,2.9768,6
2026-05-11 09:46:00,2.9723,2.9728,2.9723,2.9728,2.9773,2.9778,2.9773,2.9778,2
2026-05-11 09:48:00,2.9733,2.9733,2.9723,2.9728,2.9783,2.9783,2.9773,2.9778,4
2026-05-11 09:49:00,2.9723,2.9723,2.9708,2.9708,2.9773,2.9773,2.9758,2.9758,11
2026-05-11 09:50:00,2.9698,2.9698,2.9678,2.9683,2.9748,2.9748,2.9728,2.9733,4
2026-05-11 09:51:00,2.9688,2.9698,2.9673,2.9678,2.9738,2.9748,2.9723,2.9728,25
2026-05-11 09:52:00,2.9683,2.9683,2.9678,2.9678,2.9733,2.9733,2.9728,2.9728,2
2026-05-11 09:53:00,2.9683,2.9698,2.9683,2.9693,2.9733,2.9748,2.9733,2.9743,4
2026-05-11 09:54:00,2.9698,2.9708,2.9698,2.9698,2.9748,2.9758,2.9748,2.9748,4
2026-05-11 09:55:00,2.9703,2.9708,2.9703,2.9708,2.9753,2.9758,2.9753,2.9758,2
2026-05-11 09:56:00,2.9703,2.9718,2.9703,2.9718,2.9753,2.9768,2.9753,2.9768,17
2026-05-11 09:57:00,2.9708,2.9743,2.9708,2.9728,2.9758,2.9793,2.9758,2.9778,15
2026-05-11 09:58:00,2.9723,2.9738,2.9718,2.9728,2.9773,2.9788,2.9768,2.9778,17
2026-05-11 09:59:00,2.9733,2.9743,2.9728,2.9733,2.9783,2.9793,2.9778,2.9783,11
2026-05-11 10:00:00,2.9743,2.9758,2.9738,2.9738,2.9793,2.9808,2.9788,2.9788,7
2026-05-11 10:01:00,2.9733,2.9738,2.9703,2.9718,2.9783,2.9788,2.9753,2.9768,22
2026-05-11 10:02:00,2.9713,2.9718,2.9703,2.9718,2.9763,2.9768,2.9753,2.9768,14
2026-05-11 10:03:00,2.9723,2.9733,2.9723,2.9728,2.9773,2.9783,2.9773,2.9778,6
2026-05-11 10:04:00,2.9718,2.9723,2.9718,2.9718,2.9768,2.9773,2.9768,2.9768,3
2026-05-11 10:05:00,2.9708,2.9718,2.9688,2.9693,2.9758,2.9768,2.9738,2.9743,15
2026-05-11 10:06:00,2.9698,2.9708,2.9683,2.9693,2.9748,2.9758,2.9733,2.9743,21
2026-05-11 10:07:00,2.9688,2.9698,2.9688,2.9688,2.9738,2.9748,2.9738,2.9738,11
2026-05-11 10:08:00,2.9693,2.9698,2.9688,2.9698,2.9743,2.9748,2.9738,2.9748,5
2026-05-11 10:09:00,2.9688,2.9698,2.9688,2.9688,2.9738,2.9748,2.9738,2.9738,5
2026-05-11 10:10:00,2.9678,2.9688,2.9668,2.9688,2.9728,2.9738,2.9718,2.9738,8
2026-05-11 10:11:00,2.9693,2.9693,2.9673,2.9673,2.9743,2.9743,2.9723,2.9723,6
2026-05-11 10:12:00,2.9668,2.9668,2.9648,2.9658,2.9718,2.9718,2.9698,2.9708,12
2026-05-11 10:13:00,2.9668,2.9668,2.9648,2.9658,2.9718,2.9718,2.9698,2.9708,9
2026-05-11 10:14:00,2.9663,2.9663,2.9648,2.9648,2.9713,2.9713,2.9698,2.9698,7
2026-05-11 10:15:00,2.9643,2.9648,2.9638,2.9643,2.9693,2.9698,2.9688,2.9693,9
2026-05-11 10:16:00,2.9648,2.9648,2.9613,2.9628,2.9698,2.9698,2.9663,2.9678,9
2026-05-11 10:17:00,2.9633,2.9638,2.9628,2.9633,2.9683,2.9688,2.9678,2.9683,10
2026-05-11 10:18:00,2.9638,2.9638,2.9618,2.9623,2.9688,2.9688,2.9668,2.9673,8
2026-05-11 10:19:00,2.9628,2.9638,2.9628,2.9638,2.9678,2.9688,2.9678,2.9688,2
2026-05-11 10:20:00,2.9633,2.9638,2.9608,2.9608,2.9683,2.9688,2.9658,2.9658,20
2026-05-11 10:21:00,2.9598,2.9608,2.9593,2.9593,2.9648,2.9658,2.9643,2.9643,7
2026-05-11 10:22:00,2.9588,2.9593,2.9578,2.9588,2.9638,2.9643,2.9628,2.9638,7
2026-05-11 10:23:00,2.9578,2.9598,2.9578,2.9598,2.9628,2.9648,2.9628,2.9648,5
2026-05-11 10:24:00,2.9593,2.9603,2.9588,2.9588,2.9643,2.9653,2.9638,2.9638,10
2026-05-11 10:25:00,2.9583,2.9588,2.9568,2.9578,2.9633,2.9638,2.9618,2.9628,15
2026-05-11 10:26:00,2.9583,2.9598,2.9583,2.9583,2.9633,2.9648,2.9633,2.9633,16
2026-05-11 10:27:00,2.9578,2.9588,2.9568,2.9568,2.9628,2.9638,2.9618,2.9618,12
2026-05-11 10:28:00,2.9573,2.9588,2.9568,2.9583,2.9623,2.9638,2.9618,2.9633,9
2026-05-11 10:29:00,2.9578,2.9598,2.9578,2.9598,2.9628,2.9648,2.9628,2.9648,11
2026-05-11 10:30:00,2.9593,2.9608,2.9588,2.9588,2.9643,2.9658,2.9638,2.9638,14
2026-05-11 10:31:00,2.9598,2.9598,2.9578,2.9578,2.9648,2.9648,2.9628,2.9628,11
2026-05-11 10:32:00,2.9568,2.9593,2.9563,2.9593,2.9618,2.9643,2.9613,2.9643,10
2026-05-11 10:33:00,2.9598,2.9608,2.9593,2.9593,2.9648,2.9658,2.9643,2.9643,5
2026-05-11 10:34:00,2.9588,2.9598,2.9588,2.9593,2.9638,2.9648,2.9638,2.9643,3
2026-05-11 10:35:00,2.9588,2.9593,2.9588,2.9593,2.9638,2.9643,2.9638,2.9643,4
2026-05-11 10:36:00,2.9588,2.9608,2.9588,2.9588,2.9638,2.9658,2.9638,2.9638,19
2026-05-11 10:37:00,2.9593,2.9603,2.9593,2.9598,2.9643,2.9653,2.9643,2.9648,4
2026-05-11 10:38:00,2.9608,2.9608,2.9603,2.9608,2.9658,2.9658,2.9653,2.9658,5
2026-05-11 10:39:00,2.9613,2.9628,2.9613,2.9613,2.9663,2.9678,2.9663,2.9663,10
2026-05-11 10:40:00,2.9608,2.9608,2.9598,2.9598,2.9658,2.9658,2.9648,2.9648,3
2026-05-11 10:41:00,2.9603,2.9603,2.9598,2.9598,2.9653,2.9653,2.9648,2.9648,2
2026-05-11 10:43:00,2.9608,2.9628,2.9603,2.9628,2.9658,2.9678,2.9653,2.9678,7
2026-05-11 10:44:00,2.9618,2.9618,2.9598,2.9608,2.9668,2.9668,2.9648,2.9658,4
2026-05-11 10:45:00,2.9603,2.9608,2.9603,2.9608,2.9653,2.9658,2.9653,2.9658,2
2026-05-11 10:46:00,2.9613,2.9613,2.9608,2.9608,2.9663,2.9663,2.9658,2.9658,2
2026-05-11 10:47:00,2.9618,2.9618,2.9608,2.9608,2.9668,2.9668,2.9658,2.9658,6
2026-05-11 10:49:00,2.9603,2.9608,2.9603,2.9608,2.9653,2.9658,2.9653,2.9658,6
2026-05-11 10:50:00,2.9598,2.9598,2.9568,2.9578,2.9648,2.9648,2.9618,2.9628,12
2026-05-11 10:51:00,2.9583,2.9593,2.9583,2.9588,2.9633,2.9643,2.9633,2.9638,6
2026-05-11 10:52:00,2.9593,2.9598,2.9593,2.9593,2.9643,2.9648,2.9643,2.9643,3
2026-05-11 10:53:00,2.9588,2.9608,2.9578,2.9598,2.9638,2.9658,2.9628,2.9648,12
2026-05-11 10:54:00,2.9593,2.9593,2.9578,2.9588,2.9643,2.9643,2.9628,2.9638,6
2026-05-11 10:55:00,2.9583,2.9583,2.9568,2.9568,2.9633,2.9633,2.9618,2.9618,6
2026-05-11 10:56:00,2.9578,2.9578,2.9573,2.9573,2.9628,2.9628,2.9623,2.9623,12
2026-05-11 10:57:00,2.9578,2.9578,2.9568,2.9578,2.9628,2.9628,2.9618,2.9628,5
2026-05-11 10:58:00,2.9583,2.9588,2.9578,2.9583,2.9633,2.9638,2.9628,2.9633,5
2026-05-11 10:59:00,2.9578,2.9588,2.9578,2.9588,2.9628,2.9638,2.9628,2.9638,5
2026-05-11 11:00:00,2.9593,2.9603,2.9538,2.9538,2.9643,2.9653,2.9588,2.9588,19
2026-05-11 11:01:00,2.9528,2.9538,2.9503,2.9523,2.9578,2.9588,2.9553,2.9573,31
2026-05-11 11:02:00,2.9518,2.9528,2.9498,2.9513,2.9568,2.9578,2.9548,2.9563,15
2026-05-11 11:03:00,2.9518,2.9543,2.9518,2.9543,2.9568,2.9593,2.9568,2.9593,7
2026-05-11 11:04:00,2.9538,2.9538,2.9518,2.9523,2.9588,2.9588,2.9568,2.9573,5
2026-05-11 11:05:00,2.9528,2.9568,2.9528,2.9553,2.9578,2.9618,2.9578,2.9603,8
2026-05-11 11:06:00,2.9558,2.9568,2.9523,2.9523,2.9608,2.9618,2.9573,2.9573,17
2026-05-11 11:07:00,2.9518,2.9538,2.9518,2.9538,2.9568,2.9588,2.9568,2.9588,8
2026-05-11 11:08:00,2.9548,2.9548,2.9528,2.9538,2.9598,2.9598,2.9578,2.9588,7
2026-05-11 11:09:00,2.9533,2.9543,2.9533,2.9543,2.9583,2.9593,2.9583,2.9593,3
2026-05-11 11:10:00,2.9548,2.9553,2.9538,2.9553,2.9598,2.9603,2.9588,2.9603,7
2026-05-11 11:11:00,2.9548,2.9548,2.9528,2.9528,2.9598,2.9598,2.9578,2.9578,4
2026-05-11 11:12:00,2.9533,2.9543,2.9533,2.9538,2.9583,2.9593,2.9583,2.9588,4
2026-05-11 11:13:00,2.9528,2.9533,2.9528,2.9533,2.9578,2.9583,2.9578,2.9583,2
2026-05-11 11:14:00,2.9538,2.9558,2.9538,2.9553,2.9588,2.9608,2.9588,2.9603,9
2026-05-11 11:15:00,2.9548,2.9558,2.9528,2.9533,2.9598,2.9608,2.9578,2.9583,9
2026-05-11 11:16:00,2.9538,2.9548,2.9538,2.9538,2.9588,2.9598,2.9588,2.9588,4
2026-05-11 11:17:00,2.9543,2.9543,2.9538,2.9538,2.9593,2.9593,2.9588,2.9588,4
2026-05-11 11:18:00,2.9543,2.9543,2.9528,2.9538,2.9593,2.9593,2.9578,2.9588,6
2026-05-11 11:19:00,2.9533,2.9538,2.9528,2.9528,2.9583,2.9588,2.9578,2.9578,6
2026-05-11 11:21:00,2.9523,2.9528,2.9513,2.9528,2.9573,2.9578,2.9563,2.9578,7
2026-05-11 11:22:00,2.9533,2.9538,2.9533,2.9538,2.9583,2.9588,2.9583,2.9588,2
2026-05-11 11:23:00,2.9543,2.9558,2.9543,2.9558,2.9593,2.9608,2.9593,2.9608,3
2026-05-11 11:25:00,2.9568,2.9578,2.9568,2.9568,2.9618,2.9628,2.9618,2.9618,3
2026-05-11 11:26:00,2.9573,2.9588,2.9568,2.9583,2.9623,2.9638,2.9618,2.9633,6
2026-05-11 11:27:00,2.9578,2.9578,2.9558,2.9568,2.9628,2.9628,2.9608,2.9618,6
2026-05-11 11:28:00,2.9573,2.9578,2.9568,2.9578,2.9623,2.9628,2.9618,2.9628,6
2026-05-11 11:29:00,2.9588,2.9588,2.9578,2.9578,2.9638,2.9638,2.9628,2.9628,2
2026-05-11 11:30:00,2.9583,2.9588,2.9578,2.9578,2.9633,2.9638,2.9628,2.9628,3
2026-05-11 11:31:00,2.9583,2.9588,2.9578,2.9578,2.9633,2.9638,2.9628,2.9628,4
2026-05-11 11:33:00,2.9588,2.9588,2.9578,2.9578,2.9638,2.9638,2.9628,2.9628,7
2026-05-11 11:34:00,2.9588,2.9588,2.9578,2.9578,2.9638,2.9638,2.9628,2.9628,7
2026-05-11 11:35:00,2.9583,2.9588,2.9583,2.9588,2.9633,2.9638,2.9633,2.9638,2
2026-05-11 11:37:00,2.9578,2.9598,2.9578,2.9598,2.9628,2.9648,2.9628,2.9648,3
2026-05-11 11:38:00,2.9593,2.9593,2.9583,2.9588,2.9643,2.9643,2.9633,2.9638,4
2026-05-11 11:39:00,2.9593,2.9593,2.9588,2.9593,2.9643,2.9643,2.9638,2.9643,3
2026-05-11 11:40:00,2.9598,2.9598,2.9598,2.9598,2.9648,2.9648,2.9648,2.9648,1
2026-05-11 11:41:00,2.9608,2.9613,2.9598,2.9608,2.9658,2.9663,2.9648,2.9658,6
2026-05-11 11:42:00,2.9603,2.9608,2.9593,2.9593,2.9653,2.9658,2.9643,2.9643,10
2026-05-11 11:43:00,2.9598,2.9598,2.9598,2.9598,2.9648,2.9648,2.9648,2.9648,1
2026-05-11 11:44:00,2.9603,2.9608,2.9603,2.9608,2.9653,2.9658,2.9653,2.9658,2
2026-05-11 11:45:00,2.9618,2.9618,2.9618,2.9618,2.9668,2.9668,2.9668,2.9668,1
2026-05-11 11:46:00,2.9608,2.9608,2.9593,2.9593,2.9658,2.9658,2.9643,2.9643,3
2026-05-11 11:47:00,2.9598,2.9598,2.9588,2.9588,2.9648,2.9648,2.9638,2.9638,3
2026-05-11 11:48:00,2.9583,2.9588,2.9578,2.9588,2.9633,2.9638,2.9628,2.9638,6
2026-05-11 11:49:00,2.9598,2.9598,2.9558,2.9558,2.9648,2.9648,2.9608,2.9608,18
2026-05-11 11:50:00,2.9553,2.9558,2.9548,2.9558,2.9603,2.9608,2.9598,2.9608,5
2026-05-11 11:51:00,2.9563,2.9578,2.9563,2.9568,2.9613,2.9628,2.9613,2.9618,7
2026-05-11 11:52:00,2.9573,2.9578,2.9573,2.9578,2.9623,2.9628,2.9623,2.9628,2
2026-05-11 11:53:00,2.9583,2.9583,2.9573,2.9573,2.9633,2.9633,2.9623,2.9623,3
2026-05-11 11:54:00,2.9568,2.9578,2.9568,2.9578,2.9618,2.9628,2.9618,2.9628,4
2026-05-11 11:55:00,2.9583,2.9583,2.9578,2.9578,2.9633,2.9633,2.9628,2.9628,4
2026-05-11 11:56:00,2.9583,2.9588,2.9578,2.9583,2.9633,2.9638,2.9628,2.9633,8
2026-05-11 11:57:00,2.9588,2.9588,2.9568,2.9568,2.9638,2.9638,2.9618,2.9618,6
2026-05-11 11:58:00,2.9578,2.9578,2.9568,2.9568,2.9628,2.9628,2.9618,2.9618,7
2026-05-11 11:59:00,2.9573,2.9578,2.9558,2.9558,2.9623,2.9628,2.9608,2.9608,5
2026-05-11 12:00:00,2.9568,2.9568,2.9533,2.9533,2.9618,2.9618,2.9583,2.9583,15
2026-05-11 12:01:00,2.9538,2.9538,2.9528,2.9533,2.9588,2.9588,2.9578,2.9583,5
2026-05-11 12:02:00,2.9538,2.9548,2.9528,2.9548,2.9588,2.9598,2.9578,2.9598,5
2026-05-11 12:03:00,2.9553,2.9558,2.9553,2.9558,2.9603,2.9608,2.9603,2.9608,2
2026-05-11 12:04:00,2.9568,2.9568,2.9528,2.9528,2.9618,2.9618,2.9578,2.9578,8
2026-05-11 12:05:00,2.9518,2.9528,2.9518,2.9528,2.9568,2.9578,2.9568,2.9578,2
2026-05-11 12:06:00,2.9533,2.9538,2.9528,2.9538,2.9583,2.9588,2.9578,2.9588,4
2026-05-11 12:07:00,2.9533,2.9533,2.9528,2.9528,2.9583,2.9583,2.9578,2.9578,2
2026-05-11 12:08:00,2.9538,2.9548,2.9538,2.9538,2.9588,2.9598,2.9588,2.9588,5
2026-05-11 12:10:00,2.9543,2.9548,2.9518,2.9538,2.9593,2.9598,2.9568,2.9588,9
2026-05-11 12:11:00,2.9543,2.9543,2.9538,2.9538,2.9593,2.9593,2.9588,2.9588,2
2026-05-11 12:12:00,2.9543,2.9548,2.9543,2.9543,2.9593,2.9598,2.9593,2.9593,3
2026-05-11 12:13:00,2.9538,2.9548,2.9538,2.9538,2.9588,2.9598,2.9588,2.9588,4
2026-05-11 12:14:00,2.9543,2.9553,2.9543,2.9553,2.9593,2.9603,2.9593,2.9603,3
2026-05-11 12:15:00,2.9548,2.9553,2.9548,2.9553,2.9598,2.9603,2.9598,2.9603,2
2026-05-11 12:16:00,2.9548,2.9548,2.9548,2.9548,2.9598,2.9598,2.9598,2.9598,1
2026-05-11 12:17:00,2.9538,2.9538,2.9538,2.9538,2.9588,2.9588,2.9588,2.9588,1
2026-05-11 12:19:00,2.9528,2.9528,2.9518,2.9518,2.9578,2.9578,2.9568,2.9568,2
2026-05-11 12:20:00,2.9513,2.9513,2.9438,2.9478,2.9563,2.9563,2.9488,2.9528,23
2026-05-11 12:21:00,2.9488,2.9493,2.9488,2.9488,2.9538,2.9543,2.9538,2.9538,5
2026-05-11 12:22:00,2.9483,2.9513,2.9483,2.9508,2.9533,2.9563,2.9533,2.9558,5
2026-05-11 12:23:00,2.9513,2.9538,2.9508,2.9518,2.9563,2.9588,2.9558,2.9568,11
2026-05-11 12:24:00,2.9513,2.9513,2.9478,2.9488,2.9563,2.9563,2.9528,2.9538,14
2026-05-11 12:25:00,2.9498,2.9528,2.9498,2.9518,2.9548,2.9578,2.9548,2.9568,10
2026-05-11 12:26:00,2.9528,2.9528,2.9508,2.9513,2.9578,2.9578,2.9558,2.9563,10
2026-05-11 12:27:00,2.9518,2.9548,2.9518,2.9548,2.9568,2.9598,2.9568,2.9598,10
2026-05-11 12:28:00,2.9553,2.9563,2.9538,2.9538,2.9603,2.9613,2.9588,2.9588,12
2026-05-11 12:29:00,2.9543,2.9558,2.9538,2.9558,2.9593,2.9608,2.9588,2.9608,6
2026-05-11 12:30:00,2.9553,2.9588,2.9548,2.9588,2.9603,2.9638,2.9598,2.9638,13
2026-05-11 12:31:00,2.9583,2.9588,2.9568,2.9568,2.9633,2.9638,2.9618,2.9618,25
2026-05-11 12:32:00,2.9558,2.9558,2.9538,2.9548,2.9608,2.9608,2.9588,2.9598,11
2026-05-11 12:33:00,2.9553,2.9563,2.9548,2.9563,2.9603,2.9613,2.9598,2.9613,4
2026-05-11 12:34:00,2.9568,2.9578,2.9568,2.9568,2.9618,2.9628,2.9618,2.9618,6
2026-05-11 12:35:00,2.9578,2.9608,2.9578,2.9608,2.9628,2.9658,2.9628,2.9658,4
2026-05-11 12:36:00,2.9603,2.9603,2.9568,2.9578,2.9653,2.9653,2.9618,2.9628,13
2026-05-11 12:37:00,2.9588,2.9603,2.9583,2.9598,2.9638,2.9653,2.9633,2.9648,6
2026-05-11 12:38:00,2.9593,2.9593,2.9568,2.9578,2.9643,2.9643,2.9618,2.9628,15
2026-05-11 12:39:00,2.9583,2.9593,2.9583,2.9593,2.9633,2.9643,2.9633,2.9643,5
2026-05-11 12:40:00,2.9588,2.9593,2.9588,2.9588,2.9638,2.9643,2.9638,2.9638,5
2026-05-11 12:41:00,2.9593,2.9598,2.9588,2.9593,2.9643,2.9648,2.9638,2.9643,5
2026-05-11 12:42:00,2.9608,2.9628,2.9608,2.9618,2.9658,2.9678,2.9658,2.9668,12
2026-05-11 12:43:00,2.9623,2.9648,2.9618,2.9638,2.9673,2.9698,2.9668,2.9688,7
2026-05-11 12:44:00,2.9633,2.9638,2.9628,2.9638,2.9683,2.9688,2.9678,2.9688,4
2026-05-11 12:45:00,2.9633,2.9648,2.9628,2.9648,2.9683,2.9698,2.9678,2.9698,12
2026-05-11 12:46:00,2.9638,2.9668,2.9628,2.9668,2.9688,2.9718,2.9678,2.9718,12
2026-05-11 12:47:00,2.9673,2.9678,2.9668,2.9678,2.9723,2.9728,2.9718,2.9728,16
2026-05-11 12:48:00,2.9668,2.9678,2.9648,2.9648,2.9718,2.9728,2.9698,2.9698,14
2026-05-11 12:49:00,2.9643,2.9643,2.9633,2.9638,2.9693,2.9693,2.9683,2.9688,3
2026-05-11 12:50:00,2.9633,2.9648,2.9618,2.9638,2.9683,2.9698,2.9668,2.9688,24
2026-05-11 12:51:00,2.9643,2.9648,2.9628,2.9648,2.9693,2.9698,2.9678,2.9698,13
2026-05-11 12:52:00,2.9658,2.9658,2.9638,2.9658,2.9708,2.9708,2.9688,2.9708,8
2026-05-11 12:53:00,2.9663,2.9693,2.9663,2.9688,2.9713,2.9743,2.9713,2.9738,12
2026-05-11 12:54:00,2.9678,2.9698,2.9673,2.9698,2.9728,2.9748,2.9723,2.9748,11
2026-05-11 12:55:00,2.9693,2.9708,2.9688,2.9703,2.9743,2.9758,2.9738,2.9753,23
2026-05-11 12:56:00,2.9698,2.9728,2.9698,2.9723,2.9748,2.9778,2.9748,2.9773,23
2026-05-11 12:57:00,2.9728,2.9738,2.9718,2.9728,2.9778,2.9788,2.9768,2.9778,11
2026-05-11 12:58:00,2.9733,2.9738,2.9668,2.9678,2.9783,2.9788,2.9718,2.9728,18
2026-05-11 12:59:00,2.9673,2.9678,2.9648,2.9668,2.9723,2.9728,2.9698,2.9718,23
2026-05-11 13:00:00,2.9663,2.9663,2.9588,2.9643,2.9713,2.9713,2.9638,2.9693,36
2026-05-11 13:01:00,2.9638,2.9748,2.9638,2.9748,2.9688,2.9798,2.9688,2.9798,42
2026-05-11 13:02:00,2.9758,2.9783,2.9718,2.9748,2.9808,2.9833,2.9768,2.9798,27
2026-05-11 13:03:00,2.9758,2.9758,2.9738,2.9738,2.9808,2.9808,2.9788,2.9788,13
2026-05-11 13:08:00,2.9788,2.9793,2.9778,2.9778,2.9838,2.9843,2.9828,2.9828,8
2026-05-11 13:09:00,2.9783,2.9828,2.9783,2.9823,2.9833,2.9878,2.9833,2.9873,16
2026-05-11 13:10:00,2.9828,2.9863,2.9818,2.9848,2.9878,2.9913,2.9868,2.9898,21
2026-05-11 13:11:00,2.9853,2.9868,2.9828,2.9828,2.9903,2.9918,2.9878,2.9878,9
2026-05-11 13:12:00,2.9833,2.9848,2.9828,2.9838,2.9883,2.9898,2.9878,2.9888,17
2026-05-11 13:13:00,2.9848,2.9878,2.9838,2.9868,2.9898,2.9928,2.9888,2.9918,26
2026-05-11 13:14:00,2.9878,2.9878,2.9868,2.9868,2.9928,2.9928,2.9918,2.9918,7
2026-05-11 13:15:00,2.9878,2.9898,2.9868,2.9883,2.9928,2.9948,2.9918,2.9933,24
2026-05-11 13:16:00,2.9878,2.9883,2.9848,2.9848,2.9928,2.9933,2.9898,2.9898,10
2026-05-11 13:17:00,2.9858,2.9868,2.9838,2.9863,2.9908,2.9918,2.9888,2.9913,27
2026-05-11 13:18:00,2.9858,2.9868,2.9838,2.9838,2.9908,2.9918,2.9888,2.9888,20
2026-05-11 13:19:00,2.9843,2.9848,2.9838,2.9838,2.9893,2.9898,2.9888,2.9888,11
2026-05-11 13:20:00,2.9828,2.9878,2.9818,2.9878,2.9878,2.9928,2.9868,2.9928,26
2026-05-11 13:21:00,2.9888,2.9958,2.9888,2.9928,2.9938,3.0008,2.9938,2.9978,30
2026-05-11 13:22:00,2.9938,2.9948,2.9928,2.9933,2.9988,2.9998,2.9978,2.9983,12
2026-05-11 13:23:00,2.9938,2.9948,2.9918,2.9933,2.9988,2.9998,2.9968,2.9983,18
2026-05-11 13:24:00,2.9928,2.9933,2.9888,2.9908,2.9978,2.9983,2.9938,2.9958,37
2026-05-11 13:25:00,2.9913,2.9928,2.9908,2.9918,2.9963,2.9978,2.9958,2.9968,12
2026-05-11 13:26:00,2.9923,2.9928,2.9893,2.9898,2.9973,2.9978,2.9943,2.9948,11
2026-05-11 13:27:00,2.9893,2.9908,2.9888,2.9908,2.9943,2.9958,2.9938,2.9958,14
2026-05-11 13:28:00,2.9918,2.9923,2.9908,2.9913,2.9968,2.9973,2.9958,2.9963,11
2026-05-11 13:29:00,2.9908,2.9948,2.9898,2.9938,2.9958,2.9998,2.9948,2.9988,12
2026-05-11 13:30:00,2.9943,2.9998,2.9943,2.9978,2.9993,3.0048,2.9993,3.0028,31
2026-05-11 13:31:00,2.9983,2.9993,2.9978,2.9988,3.0033,3.0043,3.0028,3.0038,12
2026-05-11 13:32:00,2.9983,3.0018,2.9983,3.0008,3.0033,3.0068,3.0033,3.0058,20
2026-05-11 13:33:00,3.0003,3.0003,2.9988,2.9988,3.0053,3.0053,3.0038,3.0038,3
2026-05-11 13:34:00,2.9993,2.9993,2.9968,2.9988,3.0043,3.0043,3.0018,3.0038,13
2026-05-11 13:35:00,2.9978,3.0008,2.9968,2.9988,3.0028,3.0058,3.0018,3.0038,21
2026-05-11 13:36:00,2.9998,3.0008,2.9988,2.9998,3.0048,3.0058,3.0038,3.0048,8
2026-05-11 13:37:00,3.0003,3.0098,2.9998,3.0068,3.0053,3.0148,3.0048,3.0118,39
2026-05-11 13:38:00,3.0058,3.0098,3.0048,3.0088,3.0108,3.0148,3.0098,3.0138,17
2026-05-11 13:39:00,3.0083,3.0108,3.0073,3.0098,3.0133,3.0158,3.0123,3.0148,22
2026-05-11 13:40:00,3.0083,3.0088,3.0023,3.0028,3.0133,3.0138,3.0073,3.0078,31
2026-05-11 13:41:00,3.0038,3.0038,3.0018,3.0028,3.0088,3.0088,3.0068,3.0078,16
2026-05-11 13:42:00,3.0013,3.0018,2.9938,2.9943,3.0063,3.0068,2.9988,2.9993,20
2026-05-11 13:43:00,2.9948,2.9958,2.9908,2.9918,2.9998,3.0008,2.9958,2.9968,45
2026-05-11 13:44:00,2.9923,2.9923,2.9848,2.9903,2.9973,2.9973,2.9898,2.9953,32
2026-05-11 13:45:00,2.9908,2.9918,2.9878,2.9908,2.9958,2.9968,2.9928,2.9958,20
2026-05-11 13:46:00,2.9898,2.9918,2.9878,2.9908,2.9948,2.9968,2.9928,2.9958,18
2026-05-11 13:47:00,2.9898,2.9918,2.9888,2.9888,2.9948,2.9968,2.9938,2.9938,22
2026-05-11 13:48:00,2.9898,2.9898,2.9848,2.9878,2.9948,2.9948,2.9898,2.9928,15
2026-05-11 13:49:00,2.9873,2.9938,2.9868,2.9933,2.9923,2.9988,2.9918,2.9983,17
2026-05-11 13:50:00,2.9938,2.9938,2.9908,2.9933,2.9988,2.9988,2.9958,2.9983,23
2026-05-11 13:51:00,2.9938,2.9978,2.9928,2.9978,2.9988,3.0028,2.9978,3.0028,37
2026-05-11 13:52:00,2.9988,3.0053,2.9968,3.0048,3.0038,3.0103,3.0018,3.0098,26
2026-05-11 13:53:00,3.0043,3.0108,3.0038,3.0048,3.0093,3.0158,3.0088,3.0098,37
2026-05-11 13:54:00,3.0053,3.0058,3.0018,3.0033,3.0103,3.0108,3.0068,3.0083,24
2026-05-11 13:55:00,3.0028,3.0048,2.9998,3.0028,3.0078,3.0098,3.0048,3.0078,22
2026-05-11 13:56:00,3.0033,3.0058,3.0028,3.0043,3.0083,3.0108,3.0078,3.0093,21
2026-05-11 13:57:00,3.0048,3.0058,3.0038,3.0038,3.0098,3.0108,3.0088,3.0088,16
2026-05-11 13:58:00,3.0028,3.0048,3.0028,3.0043,3.0078,3.0098,3.0078,3.0093,21
2026-05-11 13:59:00,3.0038,3.0048,3.0028,3.0028,3.0088,3.0098,3.0078,3.0078,20
2026-05-11 14:00:00,3.0018,3.0138,3.0018,3.0118,3.0068,3.0188,3.0068,3.0168,67
2026-05-11 14:01:00,3.0128,3.0168,3.0058,3.0078,3.0178,3.0218,3.0108,3.0128,39
2026-05-11 14:02:00,3.0073,3.0078,3.0028,3.0038,3.0123,3.0128,3.0078,3.0088,35
2026-05-11 14:03:00,3.0033,3.0073,3.0013,3.0018,3.0083,3.0123,3.0063,3.0068,51
2026-05-11 14:04:00,3.0023,3.0053,2.9993,2.9993,3.0073,3.0103,3.0043,3.0043,34
2026-05-11 14:05:00,2.9998,3.0098,2.9988,3.0083,3.0048,3.0148,3.0038,3.0133,37
2026-05-11 14:06:00,3.0078,3.0088,3.0058,3.0078,3.0128,3.0138,3.0108,3.0128,21
2026-05-11 14:07:00,3.0073,3.0098,3.0028,3.0033,3.0123,3.0148,3.0078,3.0083,38
2026-05-11 14:08:00,3.0038,3.0048,3.0018,3.0023,3.0088,3.0098,3.0068,3.0073,21
2026-05-11 14:09:00,3.0028,3.0048,2.9998,2.9998,3.0078,3.0098,3.0048,3.0048,31
2026-05-11 14:10:00,3.0008,3.0028,2.9988,3.0028,3.0058,3.0078,3.0038,3.0078,30
2026-05-11 14:11:00,3.0033,3.0058,2.9978,2.9998,3.0083,3.0108,3.0028,3.0048,26
2026-05-11 14:12:00,3.0003,3.0043,3.0003,3.0043,3.0053,3.0093,3.0053,3.0093,11
2026-05-11 14:13:00,3.0038,3.0068,3.0023,3.0023,3.0088,3.0118,3.0073,3.0073,21
2026-05-11 14:14:00,3.0038,3.0048,3.0018,3.0028,3.0088,3.0098,3.0068,3.0078,16
2026-05-11 14:15:00,3.0018,3.0038,2.9928,2.9948,3.0068,3.0088,2.9978,2.9998,59
2026-05-11 14:16:00,2.9958,2.9973,2.9948,2.9968,3.0008,3.0023,2.9998,3.0018,30
2026-05-11 14:17:00,2.9973,2.9998,2.9963,2.9968,3.0023,3.0048,3.0013,3.0018,40
2026-05-11 14:18:00,2.9973,2.9978,2.9948,2.9958,3.0023,3.0028,2.9998,3.0008,14
2026-05-11 14:19:00,2.9968,2.9988,2.9948,2.9978,3.0018,3.0038,2.9998,3.0028,29
2026-05-11 14:20:00,2.9988,2.9988,2.9928,2.9933,3.0038,3.0038,2.9978,2.9983,27
2026-05-11 14:21:00,2.9938,2.9938,2.9893,2.9893,2.9988,2.9988,2.9943,2.9943,30
2026-05-11 14:22:00,2.9898,2.9918,2.9893,2.9908,2.9948,2.9968,2.9943,2.9958,13
2026-05-11 14:23:00,2.9913,2.9938,2.9893,2.9898,2.9963,2.9988,2.9943,2.9948,34
2026-05-11 14:24:00,2.9888,2.9928,2.9878,2.9908,2.9938,2.9978,2.9928,2.9958,29
2026-05-11 14:25:00,2.9903,2.9918,2.9888,2.9918,2.9953,2.9968,2.9938,2.9968,30
2026-05-11 14:26:00,2.9913,2.9918,2.9868,2.9868,2.9963,2.9968,2.9918,2.9918,21
2026-05-11 14:27:00,2.9858,2.9878,2.9853,2.9868,2.9908,2.9928,2.9903,2.9918,25
2026-05-11 14:28:00,2.9863,2.9878,2.9848,2.9868,2.9913,2.9928,2.9898,2.9918,13
2026-05-11 14:29:00,2.9863,2.9908,2.9848,2.9878,2.9913,2.9958,2.9898,2.9928,29
2026-05-11 14:30:00,2.9898,2.9938,2.9883,2.9898,2.9948,2.9988,2.9933,2.9948,40
2026-05-11 14:31:00,2.9908,2.9908,2.9858,2.9888,2.9958,2.9958,2.9908,2.9938,26
2026-05-11 14:32:00,2.9878,2.9903,2.9858,2.9878,2.9928,2.9953,2.9908,2.9928,50
2026-05-11 14:33:00,2.9883,2.9893,2.9868,2.9883,2.9933,2.9943,2.9918,2.9933,12
2026-05-11 14:34:00,2.9878,2.9888,2.9863,2.9878,2.9928,2.9938,2.9913,2.9928,19
2026-05-11 14:35:00,2.9868,2.9878,2.9858,2.9868,2.9918,2.9928,2.9908,2.9918,25
2026-05-11 14:36:00,2.9878,2.9883,2.9818,2.9858,2.9928,2.9933,2.9868,2.9908,42
2026-05-11 14:37:00,2.9863,2.9898,2.9848,2.9883,2.9913,2.9948,2.9898,2.9933,20
2026-05-11 14:38:00,2.9893,2.9923,2.9878,2.9908,2.9943,2.9973,2.9928,2.9958,27
2026-05-11 14:39:00,2.9898,2.9913,2.9898,2.9913,2.9948,2.9963,2.9948,2.9963,5
2026-05-11 14:40:00,2.9918,2.9918,2.9893,2.9898,2.9968,2.9968,2.9943,2.9948,18
2026-05-11 14:41:00,2.9888,2.9898,2.9868,2.9883,2.9938,2.9948,2.9918,2.9933,18
2026-05-11 14:42:00,2.9888,2.9908,2.9868,2.9903,2.9938,2.9958,2.9918,2.9953,18
2026-05-11 14:43:00,2.9908,2.9918,2.9903,2.9908,2.9958,2.9968,2.9953,2.9958,7
2026-05-11 14:44:00,2.9898,2.9908,2.9888,2.9888,2.9948,2.9958,2.9938,2.9938,6
2026-05-11 14:45:00,2.9878,2.9888,2.9878,2.9888,2.9928,2.9938,2.9928,2.9938,2
2026-05-11 14:46:00,2.9878,2.9908,2.9828,2.9893,2.9928,2.9958,2.9878,2.9943,37
2026-05-11 14:47:00,2.9898,2.9978,2.9868,2.9958,2.9948,3.0028,2.9918,3.0008,77
2026-05-11 14:48:00,2.9953,2.9973,2.9888,2.9898,3.0003,3.0023,2.9938,2.9948,56
2026-05-11 14:49:00,2.9903,2.9908,2.9893,2.9893,2.9953,2.9958,2.9943,2.9943,11
2026-05-11 17:34:00,3.0708,3.0708,3.0678,3.0693,3.0758,3.0758,3.0728,3.0743,41
2026-05-11 17:35:00,3.0698,3.0728,3.0688,3.0718,3.0748,3.0778,3.0738,3.0768,44
2026-05-11 17:36:00,3.0728,3.0738,3.0728,3.0728,3.0778,3.0788,3.0778,3.0778,12
2026-05-11 17:37:00,3.0723,3.0723,3.0668,3.0678,3.0773,3.0773,3.0718,3.0728,32
2026-05-11 17:38:00,3.0668,3.0668,3.0628,3.0638,3.0718,3.0718,3.0678,3.0688,20
2026-05-11 17:39:00,3.0643,3.0668,3.0643,3.0663,3.0693,3.0718,3.0693,3.0713,20
2026-05-11 17:40:00,3.0668,3.0668,3.0658,3.0668,3.0718,3.0718,3.0708,3.0718,32
2026-05-11 17:41:00,3.0678,3.0698,3.0668,3.0688,3.0728,3.0748,3.0718,3.0738,16
2026-05-11 17:42:00,3.0693,3.0708,3.0678,3.0678,3.0743,3.0758,3.0728,3.0728,18
2026-05-11 17:43:00,3.0688,3.0688,3.0678,3.0678,3.0738,3.0738,3.0728,3.0728,11
2026-05-11 17:44:00,3.0673,3.0673,3.0568,3.0578,3.0723,3.0723,3.0618,3.0628,48
2026-05-11 17:45:00,3.0583,3.0603,3.0558,3.0588,3.0633,3.0653,3.0608,3.0638,42
2026-05-11 17:46:00,3.0593,3.0598,3.0578,3.0593,3.0643,3.0648,3.0628,3.0643,24
2026-05-11 17:47:00,3.0598,3.0598,3.0548,3.0558,3.0648,3.0648,3.0598,3.0608,35
2026-05-11 17:48:00,3.0548,3.0578,3.0538,3.0568,3.0598,3.0628,3.0588,3.0618,20
2026-05-11 17:49:00,3.0573,3.0598,3.0573,3.0588,3.0623,3.0648,3.0623,3.0638,14
2026-05-11 17:50:00,3.0598,3.0598,3.0568,3.0588,3.0648,3.0648,3.0618,3.0638,25
2026-05-11 17:51:00,3.0578,3.0603,3.0578,3.0593,3.0628,3.0653,3.0628,3.0643,12
2026-05-11 17:52:00,3.0588,3.0608,3.0588,3.0598,3.0638,3.0658,3.0638,3.0648,17
2026-05-11 17:53:00,3.0588,3.0598,3.0568,3.0568,3.0638,3.0648,3.0618,3.0618,21
2026-05-11 17:54:00,3.0558,3.0568,3.0548,3.0553,3.0608,3.0618,3.0598,3.0603,32
2026-05-11 17:55:00,3.0548,3.0548,3.0473,3.0498,3.0598,3.0598,3.0523,3.0548,50
2026-05-11 17:56:00,3.0508,3.0538,3.0488,3.0538,3.0558,3.0588,3.0538,3.0588,30
2026-05-11 17:57:00,3.0533,3.0558,3.0518,3.0538,3.0583,3.0608,3.0568,3.0588,31
2026-05-11 17:58:00,3.0543,3.0578,3.0533,3.0568,3.0593,3.0628,3.0583,3.0618,54
2026-05-11 17:59:00,3.0563,3.0568,3.0543,3.0543,3.0613,3.0618,3.0593,3.0593,12
2026-05-11 18:00:00,3.0548,3.0578,3.0548,3.0558,3.0598,3.0628,3.0598,3.0608,15
2026-05-11 18:01:00,3.0568,3.0568,3.0548,3.0558,3.0618,3.0618,3.0598,3.0608,13
2026-05-11 18:02:00,3.0568,3.0568,3.0528,3.0528,3.0618,3.0618,3.0578,3.0578,17
2026-05-11 18:03:00,3.0533,3.0548,3.0528,3.0528,3.0583,3.0598,3.0578,3.0578,25
2026-05-11 18:04:00,3.0523,3.0528,3.0503,3.0508,3.0573,3.0578,3.0553,3.0558,22
2026-05-11 18:05:00,3.0513,3.0528,3.0508,3.0528,3.0563,3.0578,3.0558,3.0578,15
2026-05-11 18:06:00,3.0538,3.0543,3.0523,3.0538,3.0588,3.0593,3.0573,3.0588,13
2026-05-11 18:07:00,3.0543,3.0558,3.0538,3.0548,3.0593,3.0608,3.0588,3.0598,16
2026-05-11 18:08:00,3.0538,3.0558,3.0538,3.0558,3.0588,3.0608,3.0588,3.0608,7
2026-05-11 18:09:00,3.0563,3.0598,3.0563,3.0588,3.0613,3.0648,3.0613,3.0638,15
2026-05-11 18:10:00,3.0593,3.0608,3.0588,3.0608,3.0643,3.0658,3.0638,3.0658,14
2026-05-11 18:11:00,3.0618,3.0628,3.0608,3.0608,3.0668,3.0678,3.0658,3.0658,17
2026-05-11 18:13:00,3.0603,3.0618,3.0603,3.0608,3.0653,3.0668,3.0653,3.0658,23
2026-05-11 18:14:00,3.0613,3.0638,3.0608,3.0618,3.0663,3.0688,3.0658,3.0668,18
2026-05-11 18:15:00,3.0608,3.0618,3.0603,3.0603,3.0658,3.0668,3.0653,3.0653,7
2026-05-11 18:16:00,3.0598,3.0608,3.0593,3.0593,3.0648,3.0658,3.0643,3.0643,4
2026-05-11 18:17:00,3.0588,3.0608,3.0588,3.0598,3.0638,3.0658,3.0638,3.0648,17
2026-05-11 18:18:00,3.0608,3.0618,3.0588,3.0598,3.0658,3.0668,3.0638,3.0648,20
2026-05-11 18:19:00,3.0588,3.0598,3.0578,3.0588,3.0638,3.0648,3.0628,3.0638,30
2026-05-11 18:20:00,3.0578,3.0588,3.0578,3.0588,3.0628,3.0638,3.0628,3.0638,14
2026-05-11 18:21:00,3.0593,3.0598,3.0593,3.0598,3.0643,3.0648,3.0643,3.0648,2
2026-05-11 18:22:00,3.0588,3.0598,3.0568,3.0568,3.0638,3.0648,3.0618,3.0618,7
2026-05-11 18:23:00,3.0573,3.0588,3.0573,3.0588,3.0623,3.0638,3.0623,3.0638,5
2026-05-11 18:24:00,3.0598,3.0608,3.0578,3.0598,3.0648,3.0658,3.0628,3.0648,12
2026-05-11 18:25:00,3.0608,3.0608,3.0598,3.0608,3.0658,3.0658,3.0648,3.0658,5
2026-05-11 18:26:00,3.0598,3.0608,3.0558,3.0558,3.0648,3.0658,3.0608,3.0608,21
2026-05-11 18:27:00,3.0568,3.0568,3.0558,3.0558,3.0618,3.0618,3.0608,3.0608,18
2026-05-11 18:28:00,3.0548,3.0548,3.0538,3.0548,3.0598,3.0598,3.0588,3.0598,4
2026-05-11 18:29:00,3.0538,3.0548,3.0528,3.0548,3.0588,3.0598,3.0578,3.0598,8
2026-05-11 18:30:00,3.0538,3.0538,3.0508,3.0508,3.0588,3.0588,3.0558,3.0558,19
2026-05-11 18:31:00,3.0498,3.0538,3.0498,3.0538,3.0548,3.0588,3.0548,3.0588,18
2026-05-11 18:32:00,3.0543,3.0558,3.0543,3.0548,3.0593,3.0608,3.0593,3.0598,7
2026-05-11 18:33:00,3.0543,3.0548,3.0543,3.0543,3.0593,3.0598,3.0593,3.0593,3
2026-05-11 18:34:00,3.0548,3.0558,3.0548,3.0553,3.0598,3.0608,3.0598,3.0603,10
2026-05-11 18:35:00,3.0548,3.0578,3.0548,3.0568,3.0598,3.0628,3.0598,3.0618,22
2026-05-11 18:36:00,3.0578,3.0608,3.0568,3.0598,3.0628,3.0658,3.0618,3.0648,16
2026-05-11 18:37:00,3.0608,3.0608,3.0598,3.0598,3.0658,3.0658,3.0648,3.0648,13
2026-05-11 18:38:00,3.0593,3.0598,3.0568,3.0578,3.0643,3.0648,3.0618,3.0628,23
2026-05-11 18:39:00,3.0573,3.0588,3.0558,3.0588,3.0623,3.0638,3.0608,3.0638,20
2026-05-11 18:40:00,3.0598,3.0598,3.0588,3.0588,3.0648,3.0648,3.0638,3.0638,11
2026-05-11 18:41:00,3.0583,3.0618,3.0578,3.0598,3.0633,3.0668,3.0628,3.0648,26
2026-05-11 18:42:00,3.0593,3.0618,3.0593,3.0608,3.0643,3.0668,3.0643,3.0658,26
2026-05-11 18:43:00,3.0613,3.0618,3.0598,3.0608,3.0663,3.0668,3.0648,3.0658,16
2026-05-11 18:44:00,3.0618,3.0618,3.0608,3.0618,3.0668,3.0668,3.0658,3.0668,25
2026-05-11 18:45:00,3.0623,3.0633,3.0618,3.0618,3.0673,3.0683,3.0668,3.0668,10
2026-05-11 18:46:00,3.0608,3.0618,3.0608,3.0608,3.0658,3.0668,3.0658,3.0658,14
2026-05-11 18:48:00,3.0618,3.0618,3.0598,3.0598,3.0668,3.0668,3.0648,3.0648,18
2026-05-11 18:49:00,3.0603,3.0608,3.0598,3.0598,3.0653,3.0658,3.0648,3.0648,21
2026-05-11 18:50:00,3.0608,3.0608,3.0568,3.0588,3.0658,3.0658,3.0618,3.0638,21
2026-05-11 18:51:00,3.0583,3.0598,3.0573,3.0588,3.0633,3.0648,3.0623,3.0638,18
2026-05-11 18:52:00,3.0578,3.0583,3.0568,3.0578,3.0628,3.0633,3.0618,3.0628,15
2026-05-11 18:54:00,3.0588,3.0598,3.0588,3.0593,3.0638,3.0648,3.0638,3.0643,5
2026-05-11 18:55:00,3.0598,3.0598,3.0588,3.0598,3.0648,3.0648,3.0638,3.0648,5
2026-05-11 18:56:00,3.0608,3.0608,3.0608,3.0608,3.0658,3.0658,3.0658,3.0658,1
2026-05-11 18:57:00,3.0603,3.0608,3.0598,3.0598,3.0653,3.0658,3.0648,3.0648,13
2026-05-11 18:58:00,3.0593,3.0608,3.0593,3.0608,3.0643,3.0658,3.0643,3.0658,13
2026-05-11 18:59:00,3.0613,3.0618,3.0598,3.0608,3.0663,3.0668,3.0648,3.0658,8
2026-05-11 19:00:00,3.0618,3.0628,3.0608,3.0618,3.0668,3.0678,3.0658,3.0668,17
2026-05-11 19:01:00,3.0613,3.0613,3.0608,3.0608,3.0663,3.0663,3.0658,3.0658,2
2026-05-11 19:02:00,3.0613,3.0618,3.0578,3.0578,3.0663,3.0668,3.0628,3.0628,11
2026-05-11 19:03:00,3.0568,3.0588,3.0568,3.0588,3.0618,3.0638,3.0618,3.0638,8
2026-05-11 19:04:00,3.0578,3.0583,3.0568,3.0578,3.0628,3.0633,3.0618,3.0628,6
2026-05-11 19:05:00,3.0583,3.0588,3.0578,3.0588,3.0633,3.0638,3.0628,3.0638,6
2026-05-11 19:06:00,3.0593,3.0608,3.0593,3.0598,3.0643,3.0658,3.0643,3.0648,5
2026-05-11 19:07:00,3.0608,3.0618,3.0598,3.0608,3.0658,3.0668,3.0648,3.0658,11
2026-05-11 19:08:00,3.0613,3.0618,3.0598,3.0608,3.0663,3.0668,3.0648,3.0658,10
2026-05-11 19:09:00,3.0603,3.0608,3.0598,3.0608,3.0653,3.0658,3.0648,3.0658,3
2026-05-11 19:10:00,3.0598,3.0618,3.0598,3.0608,3.0648,3.0668,3.0648,3.0658,12
2026-05-11 19:11:00,3.0603,3.0613,3.0598,3.0608,3.0653,3.0663,3.0648,3.0658,9
2026-05-11 19:15:00,3.0618,3.0618,3.0593,3.0608,3.0668,3.0668,3.0643,3.0658,13
2026-05-11 19:16:00,3.0598,3.0618,3.0598,3.0608,3.0648,3.0668,3.0648,3.0658,19
2026-05-11 19:17:00,3.0613,3.0638,3.0608,3.0638,3.0663,3.0688,3.0658,3.0688,21
2026-05-11 19:18:00,3.0648,3.0658,3.0628,3.0658,3.0698,3.0708,3.0678,3.0708,17
2026-05-11 19:19:00,3.0663,3.0688,3.0663,3.0678,3.0713,3.0738,3.0713,3.0728,9
2026-05-11 19:20:00,3.0683,3.0718,3.0678,3.0698,3.0733,3.0768,3.0728,3.0748,13
2026-05-11 19:21:00,3.0688,3.0698,3.0668,3.0668,3.0738,3.0748,3.0718,3.0718,9
2026-05-11 19:22:00,3.0678,3.0698,3.0668,3.0688,3.0728,3.0748,3.0718,3.0738,14
2026-05-11 19:23:00,3.0693,3.0703,3.0688,3.0703,3.0743,3.0753,3.0738,3.0753,10
2026-05-11 19:24:00,3.0698,3.0718,3.0698,3.0708,3.0748,3.0768,3.0748,3.0758,15
2026-05-11 19:25:00,3.0718,3.0768,3.0718,3.0758,3.0768,3.0818,3.0768,3.0808,20
2026-05-11 19:26:00,3.0748,3.0758,3.0748,3.0748,3.0798,3.0808,3.0798,3.0798,8
2026-05-11 19:27:00,3.0738,3.0738,3.0708,3.0708,3.0788,3.0788,3.0758,3.0758,9
2026-05-11 19:28:00,3.0713,3.0728,3.0708,3.0718,3.0763,3.0778,3.0758,3.0768,5
2026-05-11 19:29:00,3.0728,3.0728,3.0718,3.0718,3.0778,3.0778,3.0768,3.0768,6
2026-05-11 19:30:00,3.0728,3.0733,3.0718,3.0718,3.0778,3.0783,3.0768,3.0768,15
2026-05-11 19:31:00,3.0713,3.0713,3.0698,3.0708,3.0763,3.0763,3.0748,3.0758,6
2026-05-11 19:32:00,3.0698,3.0708,3.0698,3.0708,3.0748,3.0758,3.0748,3.0758,17
2026-05-11 19:33:00,3.0713,3.0713,3.0708,3.0708,3.0763,3.0763,3.0758,3.0758,2
2026-05-11 19:34:00,3.0713,3.0728,3.0708,3.0718,3.0763,3.0778,3.0758,3.0768,7
2026-05-11 19:35:00,3.0723,3.0728,3.0698,3.0703,3.0773,3.0778,3.0748,3.0753,22
2026-05-11 19:36:00,3.0718,3.0718,3.0698,3.0708,3.0768,3.0768,3.0748,3.0758,11
2026-05-11 19:37:00,3.0718,3.0718,3.0708,3.0718,3.0768,3.0768,3.0758,3.0768,6
2026-05-11 19:38:00,3.0713,3.0718,3.0698,3.0708,3.0763,3.0768,3.0748,3.0758,11
2026-05-11 19:39:00,3.0713,3.0718,3.0708,3.0713,3.0763,3.0768,3.0758,3.0763,17
2026-05-11 19:40:00,3.0708,3.0718,3.0698,3.0708,3.0758,3.0768,3.0748,3.0758,17
2026-05-11 19:41:00,3.0713,3.0718,3.0708,3.0708,3.0763,3.0768,3.0758,3.0758,7
2026-05-11 19:42:00,3.0713,3.0713,3.0698,3.0708,3.0763,3.0763,3.0748,3.0758,5
2026-05-11 19:43:00,3.0718,3.0718,3.0708,3.0708,3.0768,3.0768,3.0758,3.0758,18
2026-05-11 19:45:00,3.0703,3.0708,3.0698,3.0698,3.0753,3.0758,3.0748,3.0748,6
2026-05-11 19:46:00,3.0708,3.0708,3.0708,3.0708,3.0758,3.0758,3.0758,3.0758,1
2026-05-11 19:48:00,3.0693,3.0713,3.0688,3.0708,3.0743,3.0763,3.0738,3.0758,6
2026-05-11 19:49:00,3.0703,3.0703,3.0698,3.0698,3.0753,3.0753,3.0748,3.0748,2
2026-05-11 19:50:00,3.0703,3.0708,3.0703,3.0708,3.0753,3.0758,3.0753,3.0758,4
2026-05-11 19:51:00,3.0698,3.0708,3.0698,3.0698,3.0748,3.0758,3.0748,3.0748,7
2026-05-11 19:52:00,3.0688,3.0703,3.0678,3.0698,3.0738,3.0753,3.0728,3.0748,7
2026-05-11 19:53:00,3.0708,3.0708,3.0698,3.0708,3.0758,3.0758,3.0748,3.0758,6
2026-05-11 19:56:00,3.0718,3.0718,3.0698,3.0703,3.0768,3.0768,3.0748,3.0753,4
2026-05-11 19:57:00,3.0708,3.0718,3.0708,3.0708,3.0758,3.0768,3.0758,3.0758,11
2026-05-11 19:58:00,3.0718,3.0718,3.0708,3.0708,3.0768,3.0768,3.0758,3.0758,2
2026-05-11 19:59:00,3.0713,3.0728,3.0708,3.0728,3.0763,3.0778,3.0758,3.0778,16
2026-05-11 20:00:00,3.0723,3.0728,3.0688,3.0698,3.0773,3.0778,3.0738,3.0748,22
2026-05-11 20:01:00,3.0693,3.0723,3.0688,3.0718,3.0743,3.0773,3.0738,3.0768,9
2026-05-11 20:02:00,3.0708,3.0708,3.0698,3.0708,3.0758,3.0758,3.0748,3.0758,16
2026-05-11 20:03:00,3.0698,3.0708,3.0698,3.0708,3.0748,3.0758,3.0748,3.0758,24
2026-05-11 20:04:00,3.0718,3.0738,3.0718,3.0728,3.0768,3.0788,3.0768,3.0778,18
2026-05-11 20:05:00,3.0738,3.0748,3.0728,3.0728,3.0788,3.0798,3.0778,3.0778,8
2026-05-11 20:06:00,3.0718,3.0768,3.0718,3.0758,3.0768,3.0818,3.0768,3.0808,37
2026-05-11 20:07:00,3.0748,3.0778,3.0748,3.0768,3.0798,3.0828,3.0798,3.0818,11
2026-05-11 20:08:00,3.0773,3.0788,3.0748,3.0758,3.0823,3.0838,3.0798,3.0808,17
2026-05-11 20:09:00,3.0748,3.0758,3.0748,3.0758,3.0798,3.0808,3.0798,3.0808,9
2026-05-11 20:10:00,3.0748,3.0758,3.0738,3.0758,3.0798,3.0808,3.0788,3.0808,17
2026-05-11 20:11:00,3.0763,3.0768,3.0728,3.0748,3.0813,3.0818,3.0778,3.0798,21
2026-05-11 20:12:00,3.0758,3.0758,3.0718,3.0728,3.0808,3.0808,3.0768,3.0778,11
2026-05-11 20:13:00,3.0723,3.0728,3.0718,3.0728,3.0773,3.0778,3.0768,3.0778,15
2026-05-11 20:14:00,3.0733,3.0733,3.0718,3.0718,3.0783,3.0783,3.0768,3.0768,3
2026-05-11 20:15:00,3.0713,3.0718,3.0708,3.0718,3.0763,3.0768,3.0758,3.0768,5
2026-05-11 20:16:00,3.0713,3.0718,3.0688,3.0698,3.0763,3.0768,3.0738,3.0748,9
2026-05-11 20:17:00,3.0688,3.0688,3.0648,3.0653,3.0738,3.0738,3.0698,3.0703,34
2026-05-11 20:18:00,3.0658,3.0658,3.0588,3.0588,3.0708,3.0708,3.0638,3.0638,30
2026-05-11 20:19:00,3.0598,3.0598,3.0538,3.0568,3.0648,3.0648,3.0588,3.0618,25
2026-05-11 20:20:00,3.0558,3.0588,3.0538,3.0548,3.0608,3.0638,3.0588,3.0598,26
2026-05-11 20:21:00,3.0558,3.0578,3.0548,3.0558,3.0608,3.0628,3.0598,3.0608,10
2026-05-11 20:22:00,3.0553,3.0588,3.0553,3.0578,3.0603,3.0638,3.0603,3.0628,28
2026-05-11 20:23:00,3.0583,3.0633,3.0578,3.0633,3.0633,3.0683,3.0628,3.0683,30
2026-05-11 20:24:00,3.0638,3.0638,3.0618,3.0628,3.0688,3.0688,3.0668,3.0678,16
2026-05-11 20:25:00,3.0623,3.0628,3.0558,3.0558,3.0673,3.0678,3.0608,3.0608,44
2026-05-11 20:26:00,3.0563,3.0638,3.0558,3.0628,3.0613,3.0688,3.0608,3.0678,41
2026-05-11 20:27:00,3.0623,3.0703,3.0618,3.0688,3.0673,3.0753,3.0668,3.0738,30
2026-05-11 20:28:00,3.0683,3.0728,3.0678,3.0703,3.0733,3.0778,3.0728,3.0753,45
2026-05-11 20:29:00,3.0698,3.0748,3.0698,3.0738,3.0748,3.0798,3.0748,3.0788,51
2026-05-11 20:30:00,3.0728,3.0748,3.0718,3.0748,3.0778,3.0798,3.0768,3.0798,32
2026-05-11 20:31:00,3.0758,3.0778,3.0758,3.0758,3.0808,3.0828,3.0808,3.0808,23
2026-05-11 20:32:00,3.0763,3.0763,3.0733,3.0748,3.0813,3.0813,3.0783,3.0798,29
2026-05-11 20:33:00,3.0738,3.0758,3.0733,3.0758,3.0788,3.0808,3.0783,3.0808,19
2026-05-11 20:34:00,3.0753,3.0763,3.0748,3.0763,3.0803,3.0813,3.0798,3.0813,17
2026-05-11 20:35:00,3.0768,3.0798,3.0763,3.0783,3.0818,3.0848,3.0813,3.0833,21
2026-05-11 20:36:00,3.0778,3.0788,3.0778,3.0783,3.0828,3.0838,3.0828,3.0833,16
2026-05-11 20:37:00,3.0778,3.0798,3.0778,3.0798,3.0828,3.0848,3.0828,3.0848,9
2026-05-11 20:38:00,3.0793,3.0828,3.0788,3.0818,3.0843,3.0878,3.0838,3.0868,25
2026-05-11 20:39:00,3.0813,3.0818,3.0798,3.0808,3.0863,3.0868,3.0848,3.0858,8
2026-05-11 20:40:00,3.0813,3.0843,3.0813,3.0838,3.0863,3.0893,3.0863,3.0888,14
2026-05-11 20:41:00,3.0843,3.0848,3.0818,3.0838,3.0893,3.0898,3.0868,3.0888,17
2026-05-11 20:42:00,3.0833,3.0858,3.0823,3.0838,3.0883,3.0908,3.0873,3.0888,18
2026-05-11 20:43:00,3.0833,3.0838,3.0818,3.0828,3.0883,3.0888,3.0868,3.0878,21
2026-05-11 20:44:00,3.0838,3.0838,3.0818,3.0828,3.0888,3.0888,3.0868,3.0878,13
2026-05-11 20:45:00,3.0833,3.0858,3.0828,3.0843,3.0883,3.0908,3.0878,3.0893,12
2026-05-11 20:46:00,3.0838,3.0838,3.0808,3.0823,3.0888,3.0888,3.0858,3.0873,17
2026-05-11 20:47:00,3.0828,3.0828,3.0818,3.0828,3.0878,3.0878,3.0868,3.0878,10
2026-05-11 20:48:00,3.0823,3.0823,3.0818,3.0818,3.0873,3.0873,3.0868,3.0868,2
2026-05-11 20:49:00,3.0823,3.0838,3.0818,3.0838,3.0873,3.0888,3.0868,3.0888,12
2026-05-11 20:50:00,3.0828,3.0838,3.0828,3.0838,3.0878,3.0888,3.0878,3.0888,7
2026-05-11 20:51:00,3.0833,3.0838,3.0823,3.0823,3.0883,3.0888,3.0873,3.0873,11
2026-05-11 20:52:00,3.0828,3.0838,3.0828,3.0838,3.0878,3.0888,3.0878,3.0888,3
2026-05-11 20:53:00,3.0828,3.0838,3.0828,3.0828,3.0878,3.0888,3.0878,3.0878,9
2026-05-11 20:54:00,3.0818,3.0818,3.0818,3.0818,3.0868,3.0868,3.0868,3.0868,1
2026-05-11 20:56:00,3.0828,3.0848,3.0808,3.0808,3.0878,3.0898,3.0858,3.0858,21
2026-05-11 20:57:00,3.0803,3.0828,3.0798,3.0818,3.0853,3.0878,3.0848,3.0868,9
2026-05-11 20:58:00,3.0823,3.0848,3.0818,3.0843,3.0873,3.0898,3.0868,3.0893,9
2026-05-11 20:59:00,3.0848,3.0858,3.0848,3.0848,3.0898,3.0908,3.0898,3.0898,18
2026-05-11 21:00:00,3.0858,3.0858,3.0838,3.0853,3.0908,3.0908,3.0888,3.0903,8
2026-05-11 21:01:00,3.0858,3.0858,3.0848,3.0858,3.0908,3.0908,3.0898,3.0908,6
2026-05-11 21:02:00,3.0848,3.0848,3.0843,3.0843,3.0898,3.0898,3.0893,3.0893,2
2026-05-11 21:03:00,3.0848,3.0858,3.0848,3.0858,3.0898,3.0908,3.0898,3.0908,7
2026-05-11 21:04:00,3.0853,3.0858,3.0853,3.0858,3.0903,3.0908,3.0903,3.0908,2
2026-05-11 21:05:00,3.0848,3.0858,3.0848,3.0858,3.0898,3.0908,3.0898,3.0908,2
2026-05-11 21:08:00,3.0868,3.0878,3.0858,3.0863,3.0918,3.0928,3.0908,3.0913,24
2026-05-11 21:09:00,3.0858,3.0878,3.0858,3.0878,3.0908,3.0928,3.0908,3.0928,15
2026-05-11 21:10:00,3.0883,3.0888,3.0868,3.0873,3.0933,3.0938,3.0918,3.0923,12
2026-05-11 21:11:00,3.0868,3.0868,3.0848,3.0848,3.0918,3.0918,3.0898,3.0898,11
2026-05-11 21:12:00,3.0838,3.0843,3.0838,3.0838,3.0888,3.0893,3.0888,3.0888,3
2026-05-11 21:13:00,3.0848,3.0848,3.0838,3.0838,3.0898,3.0898,3.0888,3.0888,2
2026-05-11 21:14:00,3.0833,3.0833,3.0828,3.0828,3.0883,3.0883,3.0878,3.0878,2
2026-05-11 21:15:00,3.0818,3.0828,3.0818,3.0828,3.0868,3.0878,3.0868,3.0878,2
2026-05-11 21:16:00,3.0838,3.0838,3.0828,3.0838,3.0888,3.0888,3.0878,3.0888,3
2026-05-11 21:17:00,3.0828,3.0838,3.0828,3.0828,3.0878,3.0888,3.0878,3.0878,6
2026-05-11 21:18:00,3.0838,3.0838,3.0838,3.0838,3.0888,3.0888,3.0888,3.0888,1
2026-05-11 21:19:00,3.0828,3.0828,3.0818,3.0828,3.0878,3.0878,3.0868,3.0878,4
2026-05-11 21:20:00,3.0833,3.0838,3.0828,3.0838,3.0883,3.0888,3.0878,3.0888,4
2026-05-11 21:21:00,3.0848,3.0848,3.0838,3.0848,3.0898,3.0898,3.0888,3.0898,3
2026-05-11 21:22:00,3.0858,3.0858,3.0858,3.0858,3.0908,3.0908,3.0908,3.0908,1
2026-05-11 21:23:00,3.0853,3.0853,3.0848,3.0848,3.0903,3.0903,3.0898,3.0898,2
2026-05-11 21:24:00,3.0853,3.0868,3.0848,3.0868,3.0903,3.0918,3.0898,3.0918,8
2026-05-11 21:25:00,3.0873,3.0873,3.0858,3.0858,3.0923,3.0923,3.0908,3.0908,6
2026-05-11 21:26:00,3.0853,3.0858,3.0848,3.0848,3.0903,3.0908,3.0898,3.0898,6
2026-05-11 21:27:00,3.0853,3.0853,3.0838,3.0838,3.0903,3.0903,3.0888,3.0888,3
2026-05-11 21:28:00,3.0843,3.0848,3.0843,3.0848,3.0893,3.0898,3.0893,3.0898,2
2026-05-11 21:29:00,3.0843,3.0848,3.0843,3.0848,3.0893,3.0898,3.0893,3.0898,2
2026-05-11 21:30:00,3.0843,3.0848,3.0823,3.0823,3.0893,3.0898,3.0873,3.0873,9
2026-05-11 21:31:00,3.0828,3.0838,3.0818,3.0828,3.0878,3.0888,3.0868,3.0878,13
2026-05-11 21:32:00,3.0838,3.0838,3.0828,3.0828,3.0888,3.0888,3.0878,3.0878,2
2026-05-11 21:33:00,3.0838,3.0843,3.0838,3.0838,3.0888,3.0893,3.0888,3.0888,3
2026-05-11 21:34:00,3.0833,3.0833,3.0828,3.0828,3.0883,3.0883,3.0878,3.0878,2
2026-05-11 21:35:00,3.0838,3.0838,3.0828,3.0838,3.0888,3.0888,3.0878,3.0888,3
2026-05-11 21:36:00,3.0828,3.0838,3.0828,3.0833,3.0878,3.0888,3.0878,3.0883,3
2026-05-11 21:37:00,3.0828,3.0828,3.0818,3.0828,3.0878,3.0878,3.0868,3.0878,3
2026-05-11 21:38:00,3.0833,3.0838,3.0833,3.0838,3.0883,3.0888,3.0883,3.0888,2
2026-05-11 21:39:00,3.0848,3.0848,3.0838,3.0838,3.0898,3.0898,3.0888,3.0888,4
2026-05-11 21:40:00,3.0833,3.0838,3.0828,3.0838,3.0883,3.0888,3.0878,3.0888,5
2026-05-11 21:41:00,3.0828,3.0838,3.0828,3.0838,3.0878,3.0888,3.0878,3.0888,2
2026-05-11 21:43:00,3.0848,3.0848,3.0818,3.0823,3.0898,3.0898,3.0868,3.0873,9
2026-05-11 21:44:00,3.0818,3.0833,3.0818,3.0818,3.0868,3.0883,3.0868,3.0868,7
2026-05-11 21:45:00,3.0808,3.0818,3.0808,3.0818,3.0858,3.0868,3.0858,3.0868,2
2026-05-11 21:46:00,3.0813,3.0818,3.0798,3.0798,3.0863,3.0868,3.0848,3.0848,7
2026-05-11 21:47:00,3.0788,3.0793,3.0758,3.0763,3.0838,3.0843,3.0808,3.0813,17
2026-05-11 21:48:00,3.0758,3.0768,3.0758,3.0763,3.0808,3.0818,3.0808,3.0813,11
2026-05-11 21:49:00,3.0758,3.0768,3.0758,3.0768,3.0808,3.0818,3.0808,3.0818,4
2026-05-11 21:50:00,3.0778,3.0778,3.0778,3.0778,3.0828,3.0828,3.0828,3.0828,1
2026-05-11 21:51:00,3.0768,3.0778,3.0768,3.0778,3.0818,3.0828,3.0818,3.0828,2
2026-05-11 21:52:00,3.0768,3.0778,3.0768,3.0778,3.0818,3.0828,3.0818,3.0828,3
2026-05-11 21:53:00,3.0783,3.0783,3.0778,3.0778,3.0833,3.0833,3.0828,3.0828,4
2026-05-11 21:54:00,3.0788,3.0788,3.0788,3.0788,3.0838,3.0838,3.0838,3.0838,1
2026-05-11 21:55:00,3.0778,3.0788,3.0778,3.0778,3.0828,3.0838,3.0828,3.0828,3
2026-05-11 21:56:00,3.0768,3.0788,3.0768,3.0788,3.0818,3.0838,3.0818,3.0838,21
2026-05-11 21:57:00,3.0783,3.0788,3.0758,3.0768,3.0833,3.0838,3.0808,3.0818,12
2026-05-11 21:58:00,3.0763,3.0768,3.0758,3.0768,3.0813,3.0818,3.0808,3.0818,4
2026-05-11 21:59:00,3.0773,3.0778,3.0768,3.0768,3.0823,3.0828,3.0818,3.0818,3
2026-05-11 22:00:00,3.0773,3.0778,3.0768,3.0778,3.0823,3.0828,3.0818,3.0828,12
2026-05-11 22:01:00,3.0788,3.0788,3.0778,3.0778,3.0838,3.0838,3.0828,3.0828,2
2026-05-11 22:02:00,3.0783,3.0788,3.0778,3.0783,3.0833,3.0838,3.0828,3.0833,6
2026-05-11 22:03:00,3.0778,3.0788,3.0778,3.0788,3.0828,3.0838,3.0828,3.0838,4
2026-05-11 22:04:00,3.0783,3.0788,3.0778,3.0783,3.0833,3.0838,3.0828,3.0833,9
2026-05-11 22:05:00,3.0778,3.0778,3.0768,3.0778,3.0828,3.0828,3.0818,3.0828,8
2026-05-11 22:06:00,3.0773,3.0778,3.0768,3.0778,3.0823,3.0828,3.0818,3.0828,3
2026-05-11 22:07:00,3.0768,3.0788,3.0768,3.0788,3.0818,3.0838,3.0818,3.0838,7
2026-05-11 22:08:00,3.0793,3.0843,3.0788,3.0828,3.0843,3.0893,3.0838,3.0878,14
2026-05-11 22:10:00,3.0838,3.0848,3.0828,3.0843,3.0888,3.0898,3.0878,3.0893,7
2026-05-11 22:11:00,3.0848,3.0973,3.0848,3.0948,3.0898,3.1023,3.0898,3.0998,34
2026-05-11 22:12:00,3.0943,3.0953,3.0928,3.0943,3.0993,3.1003,3.0978,3.0993,23
2026-05-11 22:13:00,3.0933,3.0938,3.0888,3.0893,3.0983,3.0988,3.0938,3.0943,18
2026-05-11 22:14:00,3.0888,3.0893,3.0873,3.0883,3.0938,3.0943,3.0923,3.0933,10
2026-05-11 22:15:00,3.0878,3.0888,3.0863,3.0878,3.0928,3.0938,3.0913,3.0928,8
2026-05-11 22:16:00,3.0883,3.0883,3.0863,3.0863,3.0933,3.0933,3.0913,3.0913,13
2026-05-11 22:17:00,3.0858,3.0888,3.0858,3.0878,3.0908,3.0938,3.0908,3.0928,10
2026-05-11 22:18:00,3.0873,3.0873,3.0858,3.0868,3.0923,3.0923,3.0908,3.0918,9
2026-05-11 22:20:00,3.0878,3.0878,3.0858,3.0873,3.0928,3.0928,3.0908,3.0923,8
2026-05-11 22:21:00,3.0868,3.0878,3.0848,3.0858,3.0918,3.0928,3.0898,3.0908,11
2026-05-11 22:22:00,3.0863,3.0868,3.0863,3.0868,3.0913,3.0918,3.0913,3.0918,2
2026-05-11 22:23:00,3.0873,3.0888,3.0868,3.0883,3.0923,3.0938,3.0918,3.0933,6
2026-05-11 22:24:00,3.0873,3.0873,3.0858,3.0858,3.0923,3.0923,3.0908,3.0908,3
2026-05-11 22:25:00,3.0863,3.0863,3.0853,3.0853,3.0913,3.0913,3.0903,3.0903,3
2026-05-11 22:26:00,3.0848,3.0858,3.0848,3.0858,3.0898,3.0908,3.0898,3.0908,7
2026-05-11 22:27:00,3.0853,3.0868,3.0853,3.0868,3.0903,3.0918,3.0903,3.0918,2
2026-05-11 22:28:00,3.0873,3.0878,3.0868,3.0873,3.0923,3.0928,3.0918,3.0923,4
2026-05-11 22:29:00,3.0868,3.0873,3.0858,3.0868,3.0918,3.0923,3.0908,3.0918,5
2026-05-11 22:30:00,3.0873,3.0873,3.0863,3.0863,3.0923,3.0923,3.0913,3.0913,3
2026-05-11 22:31:00,3.0858,3.0858,3.0858,3.0858,3.0908,3.0908,3.0908,3.0908,1
2026-05-11 22:32:00,3.0853,3.0858,3.0853,3.0858,3.0903,3.0908,3.0903,3.0908,2
2026-05-11 22:33:00,3.0853,3.0858,3.0848,3.0853,3.0903,3.0908,3.0898,3.0903,6
2026-05-11 22:34:00,3.0858,3.0858,3.0848,3.0848,3.0908,3.0908,3.0898,3.0898,5
2026-05-11 22:35:00,3.0858,3.0868,3.0848,3.0863,3.0908,3.0918,3.0898,3.0913,9
2026-05-11 22:36:00,3.0858,3.0868,3.0848,3.0863,3.0908,3.0918,3.0898,3.0913,11
2026-05-11 22:37:00,3.0858,3.0858,3.0858,3.0858,3.0908,3.0908,3.0908,3.0908,1
2026-05-11 22:38:00,3.0853,3.0858,3.0848,3.0858,3.0903,3.0908,3.0898,3.0908,8
2026-05-11 22:39:00,3.0853,3.0868,3.0853,3.0868,3.0903,3.0918,3.0903,3.0918,3
2026-05-11 22:40:00,3.0878,3.0888,3.0873,3.0888,3.0928,3.0938,3.0923,3.0938,6
2026-05-11 22:41:00,3.0883,3.0883,3.0868,3.0868,3.0933,3.0933,3.0918,3.0918,6
2026-05-11 22:43:00,3.0863,3.0868,3.0863,3.0868,3.0913,3.0918,3.0913,3.0918,2
2026-05-11 22:44:00,3.0863,3.0868,3.0858,3.0858,3.0913,3.0918,3.0908,3.0908,3
2026-05-11 22:45:00,3.0868,3.0868,3.0848,3.0858,3.0918,3.0918,3.0898,3.0908,9
2026-05-11 22:46:00,3.0848,3.0858,3.0848,3.0853,3.0898,3.0908,3.0898,3.0903,5
2026-05-11 22:47:00,3.0848,3.0868,3.0848,3.0868,3.0898,3.0918,3.0898,3.0918,5
2026-05-11 22:48:00,3.0863,3.0903,3.0863,3.0903,3.0913,3.0953,3.0913,3.0953,15
2026-05-11 22:49:00,3.0898,3.0918,3.0898,3.0908,3.0948,3.0968,3.0948,3.0958,14
2026-05-11 22:50:00,3.0898,3.0918,3.0898,3.0918,3.0948,3.0968,3.0948,3.0968,5
2026-05-11 22:51:00,3.0908,3.0908,3.0888,3.0893,3.0958,3.0958,3.0938,3.0943,5
2026-05-11 22:52:00,3.0888,3.0903,3.0888,3.0898,3.0938,3.0953,3.0938,3.0948,10
2026-05-11 22:53:00,3.0893,3.0898,3.0888,3.0898,3.0943,3.0948,3.0938,3.0948,8
2026-05-11 22:54:00,3.0888,3.0908,3.0878,3.0888,3.0938,3.0958,3.0928,3.0938,10
2026-05-11 22:55:00,3.0883,3.0888,3.0878,3.0883,3.0933,3.0938,3.0928,3.0933,7
2026-05-11 22:56:00,3.0878,3.0888,3.0878,3.0888,3.0928,3.0938,3.0928,3.0938,2
2026-05-11 22:57:00,3.0883,3.0888,3.0878,3.0878,3.0933,3.0938,3.0928,3.0928,8
2026-05-11 22:58:00,3.0888,3.0918,3.0888,3.0908,3.0938,3.0968,3.0938,3.0958,22
2026-05-11 22:59:00,3.0913,3.0943,3.0789,3.0794,3.0963,3.0993,3.0839,3.0844,18
2026-05-12 00:00:00,3.0749,3.0769,3.0674,3.0709,3.0799,3.0819,3.0724,3.0759,24
2026-05-12 00:01:00,3.0694,3.0694,3.0659,3.0659,3.0744,3.0744,3.0709,3.0709,9
2026-05-12 00:02:00,3.0664,3.0714,3.0664,3.0704,3.0714,3.0764,3.0714,3.0754,13
2026-05-12 00:03:00,3.0694,3.0709,3.0684,3.0684,3.0744,3.0759,3.0734,3.0734,11
2026-05-12 00:04:00,3.0679,3.0684,3.0674,3.0684,3.0729,3.0734,3.0724,3.0734,3
2026-05-12 00:05:00,3.0689,3.0714,3.0679,3.0704,3.0739,3.0764,3.0729,3.0754,12
2026-05-12 00:06:00,3.0699,3.0699,3.0689,3.0689,3.0749,3.0749,3.0739,3.0739,3
2026-05-12 00:07:00,3.0684,3.0684,3.0679,3.0679,3.0734,3.0734,3.0729,3.0729,2
2026-05-12 00:08:00,3.0674,3.0674,3.0669,3.0669,3.0724,3.0724,3.0719,3.0719,2
2026-05-12 00:09:00,3.0664,3.0664,3.0664,3.0664,3.0714,3.0714,3.0714,3.0714,1
2026-05-12 00:10:00,3.0674,3.0684,3.0674,3.0684,3.0724,3.0734,3.0724,3.0734,2
2026-05-12 00:11:00,3.0689,3.0694,3.0689,3.0694,3.0739,3.0744,3.0739,3.0744,4
2026-05-12 00:12:00,3.0699,3.0699,3.0694,3.0694,3.0749,3.0749,3.0744,3.0744,2
2026-05-12 00:13:00,3.0699,3.0704,3.0699,3.0699,3.0749,3.0754,3.0749,3.0749,3
2026-05-12 00:16:00,3.0694,3.0714,3.0684,3.0714,3.0744,3.0764,3.0734,3.0764,6
2026-05-12 00:17:00,3.0709,3.0709,3.0699,3.0699,3.0759,3.0759,3.0749,3.0749,3
2026-05-12 00:18:00,3.0704,3.0709,3.0699,3.0709,3.0754,3.0759,3.0749,3.0759,5
2026-05-12 00:20:00,3.0704,3.0704,3.0704,3.0704,3.0754,3.0754,3.0754,3.0754,1
2026-05-12 00:21:00,3.0714,3.0714,3.0709,3.0709,3.0764,3.0764,3.0759,3.0759,2
2026-05-12 00:22:00,3.0704,3.0704,3.0704,3.0704,3.0754,3.0754,3.0754,3.0754,1
2026-05-12 00:23:00,3.0699,3.0704,3.0699,3.0704,3.0749,3.0754,3.0749,3.0754,2
2026-05-12 00:24:00,3.0709,3.0714,3.0704,3.0714,3.0759,3.0764,3.0754,3.0764,3
2026-05-12 00:25:00,3.0709,3.0714,3.0699,3.0714,3.0759,3.0764,3.0749,3.0764,5
2026-05-12 00:26:00,3.0709,3.0709,3.0709,3.0709,3.0759,3.0759,3.0759,3.0759,1
2026-05-12 00:27:00,3.0704,3.0704,3.0699,3.0699,3.0754,3.0754,3.0749,3.0749,4
2026-05-12 00:28:00,3.0709,3.0709,3.0709,3.0709,3.0759,3.0759,3.0759,3.0759,1
2026-05-12 00:30:00,3.0714,3.0714,3.0714,3.0714,3.0764,3.0764,3.0764,3.0764,1
2026-05-12 00:31:00,3.0709,3.0709,3.0709,3.0709,3.0759,3.0759,3.0759,3.0759,1
2026-05-12 00:32:00,3.0704,3.0704,3.0704,3.0704,3.0754,3.0754,3.0754,3.0754,1
2026-05-12 00:33:00,3.0709,3.0714,3.0704,3.0709,3.0759,3.0764,3.0754,3.0759,4
2026-05-12 00:34:00,3.0714,3.0724,3.0714,3.0724,3.0764,3.0774,3.0764,3.0774,4
2026-05-12 00:35:00,3.0719,3.0719,3.0714,3.0714,3.0769,3.0769,3.0764,3.0764,2
2026-05-12 00:36:00,3.0709,3.0714,3.0709,3.0714,3.0759,3.0764,3.0759,3.0764,2
2026-05-12 00:37:00,3.0709,3.0714,3.0709,3.0709,3.0759,3.0764,3.0759,3.0759,3
2026-05-12 00:40:00,3.0704,3.0714,3.0704,3.0714,3.0754,3.0764,3.0754,3.0764,2
2026-05-12 00:44:00,3.0709,3.0709,3.0709,3.0709,3.0759,3.0759,3.0759,3.0759,1
2026-05-12 00:45:00,3.0714,3.0724,3.0714,3.0724,3.0764,3.0774,3.0764,3.0774,2
2026-05-12 00:46:00,3.0719,3.0719,3.0714,3.0714,3.0769,3.0769,3.0764,3.0764,2
2026-05-12 00:47:00,3.0724,3.0724,3.0724,3.0724,3.0774,3.0774,3.0774,3.0774,1
2026-05-12 00:52:00,3.0714,3.0714,3.0709,3.0709,3.0764,3.0764,3.0759,3.0759,2
2026-05-12 00:54:00,3.0714,3.0714,3.0714,3.0714,3.0764,3.0764,3.0764,3.0764,1
2026-05-12 01:00:00,3.0724,3.0734,3.0724,3.0734,3.0774,3.0784,3.0774,3.0784,5
2026-05-12 01:01:00,3.0744,3.0749,3.0744,3.0749,3.0794,3.0799,3.0794,3.0799,4
2026-05-12 01:02:00,3.0744,3.0744,3.0744,3.0744,3.0794,3.0794,3.0794,3.0794,1
2026-05-12 01:06:00,3.0784,3.0794,3.0784,3.0784,3.0834,3.0844,3.0834,3.0834,5
2026-05-12 01:08:00,3.0774,3.0774,3.0759,3.0759,3.0824,3.0824,3.0809,3.0809,3
2026-05-12 01:09:00,3.0754,3.0754,3.0749,3.0749,3.0804,3.0804,3.0799,3.0799,2
2026-05-12 01:10:00,3.0744,3.0744,3.0744,3.0744,3.0794,3.0794,3.0794,3.0794,1
2026-05-12 01:11:00,3.0734,3.0744,3.0719,3.0724,3.0784,3.0794,3.0769,3.0774,9
2026-05-12 01:12:00,3.0729,3.0729,3.0729,3.0729,3.0779,3.0779,3.0779,3.0779,1
2026-05-12 01:13:00,3.0724,3.0729,3.0724,3.0729,3.0774,3.0779,3.0774,3.0779,2
2026-05-12 01:14:00,3.0724,3.0729,3.0724,3.0724,3.0774,3.0779,3.0774,3.0774,3
2026-05-12 01:16:00,3.0734,3.0749,3.0729,3.0729,3.0784,3.0799,3.0779,3.0779,5
2026-05-12 01:17:00,3.0734,3.0739,3.0734,3.0739,3.0784,3.0789,3.0784,3.0789,2
2026-05-12 01:20:00,3.0744,3.0744,3.0744,3.0744,3.0794,3.0794,3.0794,3.0794,1
2026-05-12 01:22:00,3.0749,3.0749,3.0749,3.0749,3.0799,3.0799,3.0799,3.0799,1
2026-05-12 01:25:00,3.0739,3.0739,3.0734,3.0734,3.0789,3.0789,3.0784,3.0784,4
2026-05-12 01:39:00,3.0739,3.0739,3.0739,3.0739,3.0789,3.0789,3.0789,3.0789,1
2026-05-12 01:40:00,3.0744,3.0744,3.0744,3.0744,3.0794,3.0794,3.0794,3.0794,1
2026-05-12 01:42:00,3.0739,3.0739,3.0729,3.0729,3.0789,3.0789,3.0779,3.0779,3
2026-05-12 01:43:00,3.0734,3.0734,3.0734,3.0734,3.0784,3.0784,3.0784,3.0784,1
2026-05-12 01:44:00,3.0729,3.0729,3.0729,3.0729,3.0779,3.0779,3.0779,3.0779,1
2026-05-12 01:48:00,3.0734,3.0734,3.0734,3.0734,3.0784,3.0784,3.0784,3.0784,1
2026-05-12 01:49:00,3.0739,3.0739,3.0739,3.0739,3.0789,3.0789,3.0789,3.0789,1
2026-05-12 01:50:00,3.0744,3.0744,3.0734,3.0734,3.0794,3.0794,3.0784,3.0784,2
2026-05-12 01:51:00,3.0724,3.0744,3.0724,3.0729,3.0774,3.0794,3.0774,3.0779,6
2026-05-12 01:55:00,3.0724,3.0724,3.0724,3.0724,3.0774,3.0774,3.0774,3.0774,1
2026-05-12 01:56:00,3.0729,3.0729,3.0714,3.0714,3.0779,3.0779,3.0764,3.0764,4
2026-05-12 01:57:00,3.0724,3.0724,3.0724,3.0724,3.0774,3.0774,3.0774,3.0774,1
2026-05-12 01:59:00,3.0714,3.0719,3.0714,3.0719,3.0764,3.0769,3.0764,3.0769,2
2026-05-12 02:00:00,3.0714,3.0734,3.0714,3.0734,3.0764,3.0784,3.0764,3.0784,3
2026-05-12 02:01:00,3.0739,3.0784,3.0739,3.0769,3.0789,3.0834,3.0789,3.0819,18
2026-05-12 02:02:00,3.0759,3.0759,3.0754,3.0759,3.0809,3.0809,3.0804,3.0809,5
2026-05-12 02:03:00,3.0754,3.0754,3.0744,3.0744,3.0804,3.0804,3.0794,3.0794,8
2026-05-12 02:04:00,3.0749,3.0764,3.0744,3.0744,3.0799,3.0814,3.0794,3.0794,7
2026-05-12 02:05:00,3.0739,3.0744,3.0714,3.0744,3.0789,3.0794,3.0764,3.0794,9
2026-05-12 02:06:00,3.0749,3.0754,3.0739,3.0739,3.0799,3.0804,3.0789,3.0789,7
2026-05-12 02:07:00,3.0734,3.0744,3.0734,3.0739,3.0784,3.0794,3.0784,3.0789,15
2026-05-12 02:08:00,3.0744,3.0754,3.0734,3.0744,3.0794,3.0804,3.0784,3.0794,20
2026-05-12 02:09:00,3.0749,3.0754,3.0734,3.0739,3.0799,3.0804,3.0784,3.0789,9
2026-05-12 02:10:00,3.0744,3.0754,3.0744,3.0754,3.0794,3.0804,3.0794,3.0804,2
2026-05-12 02:11:00,3.0749,3.0754,3.0749,3.0749,3.0799,3.0804,3.0799,3.0799,19
2026-05-12 02:12:00,3.0754,3.0754,3.0744,3.0749,3.0804,3.0804,3.0794,3.0799,9
2026-05-12 02:13:00,3.0754,3.0754,3.0744,3.0744,3.0804,3.0804,3.0794,3.0794,9
2026-05-12 02:14:00,3.0749,3.0749,3.0744,3.0749,3.0799,3.0799,3.0794,3.0799,3
2026-05-12 02:15:00,3.0744,3.0754,3.0744,3.0749,3.0794,3.0804,3.0794,3.0799,14
2026-05-12 02:16:00,3.0754,3.0754,3.0749,3.0754,3.0804,3.0804,3.0799,3.0804,3
2026-05-12 02:17:00,3.0764,3.0774,3.0759,3.0759,3.0814,3.0824,3.0809,3.0809,4
2026-05-12 02:18:00,3.0764,3.0764,3.0754,3.0764,3.0814,3.0814,3.0804,3.0814,4
2026-05-12 02:19:00,3.0754,3.0754,3.0754,3.0754,3.0804,3.0804,3.0804,3.0804,1
2026-05-12 02:21:00,3.0759,3.0764,3.0754,3.0754,3.0809,3.0814,3.0804,3.0804,3
2026-05-12 02:22:00,3.0759,3.0764,3.0754,3.0764,3.0809,3.0814,3.0804,3.0814,3
2026-05-12 02:23:00,3.0774,3.0774,3.0764,3.0769,3.0824,3.0824,3.0814,3.0819,5
2026-05-12 02:24:00,3.0774,3.0774,3.0764,3.0764,3.0824,3.0824,3.0814,3.0814,6
2026-05-12 02:25:00,3.0769,3.0769,3.0764,3.0764,3.0819,3.0819,3.0814,3.0814,2
2026-05-12 02:26:00,3.0754,3.0754,3.0754,3.0754,3.0804,3.0804,3.0804,3.0804,1
2026-05-12 02:28:00,3.0764,3.0764,3.0764,3.0764,3.0814,3.0814,3.0814,3.0814,1
2026-05-12 02:29:00,3.0754,3.0759,3.0754,3.0754,3.0804,3.0809,3.0804,3.0804,3
2026-05-12 02:31:00,3.0759,3.0764,3.0759,3.0764,3.0809,3.0814,3.0809,3.0814,2
2026-05-12 02:34:00,3.0759,3.0759,3.0754,3.0759,3.0809,3.0809,3.0804,3.0809,11
2026-05-12 02:36:00,3.0754,3.0759,3.0754,3.0754,3.0804,3.0809,3.0804,3.0804,5
2026-05-12 02:37:00,3.0764,3.0764,3.0749,3.0749,3.0814,3.0814,3.0799,3.0799,3
2026-05-12 02:38:00,3.0754,3.0754,3.0754,3.0754,3.0804,3.0804,3.0804,3.0804,1
2026-05-12 02:39:00,3.0744,3.0744,3.0734,3.0734,3.0794,3.0794,3.0784,3.0784,4
2026-05-12 02:40:00,3.0744,3.0794,3.0744,3.0794,3.0794,3.0844,3.0794,3.0844,12
2026-05-12 02:41:00,3.0789,3.0834,3.0774,3.0814,3.0839,3.0884,3.0824,3.0864,12
2026-05-12 02:42:00,3.0809,3.0814,3.0804,3.0814,3.0859,3.0864,3.0854,3.0864,3
2026-05-12 02:43:00,3.0809,3.0814,3.0804,3.0804,3.0859,3.0864,3.0854,3.0854,6
2026-05-12 02:45:00,3.0809,3.0814,3.0804,3.0814,3.0859,3.0864,3.0854,3.0864,3
2026-05-12 02:46:00,3.0809,3.0809,3.0804,3.0804,3.0859,3.0859,3.0854,3.0854,2
2026-05-12 02:48:00,3.0809,3.0809,3.0804,3.0804,3.0859,3.0859,3.0854,3.0854,2
2026-05-12 02:49:00,3.0809,3.0809,3.0804,3.0804,3.0859,3.0859,3.0854,3.0854,2
2026-05-12 02:50:00,3.0799,3.0799,3.0764,3.0764,3.0849,3.0849,3.0814,3.0814,6
2026-05-12 02:51:00,3.0754,3.0754,3.0754,3.0754,3.0804,3.0804,3.0804,3.0804,1
2026-05-12 02:52:00,3.0749,3.0759,3.0744,3.0754,3.0799,3.0809,3.0794,3.0804,5
2026-05-12 02:53:00,3.0764,3.0764,3.0699,3.0704,3.0814,3.0814,3.0749,3.0754,11
2026-05-12 02:56:00,3.0694,3.0714,3.0694,3.0714,3.0744,3.0764,3.0744,3.0764,6
2026-05-12 02:57:00,3.0704,3.0709,3.0704,3.0704,3.0754,3.0759,3.0754,3.0754,3
2026-05-12 02:59:00,3.0709,3.0724,3.0709,3.0719,3.0759,3.0774,3.0759,3.0769,5
2026-05-12 03:00:00,3.0714,3.0714,3.0704,3.0714,3.0764,3.0764,3.0754,3.0764,4
2026-05-12 03:01:00,3.0709,3.0744,3.0704,3.0714,3.0759,3.0794,3.0754,3.0764,15
2026-05-12 03:02:00,3.0709,3.0734,3.0704,3.0709,3.0759,3.0784,3.0754,3.0759,17
2026-05-12 03:03:00,3.0704,3.0704,3.0674,3.0684,3.0754,3.0754,3.0724,3.0734,7
2026-05-12 03:04:00,3.0674,3.0684,3.0669,3.0669,3.0724,3.0734,3.0719,3.0719,13
2026-05-12 03:05:00,3.0674,3.0674,3.0654,3.0654,3.0724,3.0724,3.0704,3.0704,4
2026-05-12 03:06:00,3.0659,3.0659,3.0654,3.0654,3.0709,3.0709,3.0704,3.0704,2
2026-05-12 03:07:00,3.0649,3.0664,3.0644,3.0664,3.0699,3.0714,3.0694,3.0714,7
2026-05-12 03:08:00,3.0659,3.0669,3.0659,3.0664,3.0709,3.0719,3.0709,3.0714,6
2026-05-12 03:09:00,3.0669,3.0674,3.0664,3.0674,3.0719,3.0724,3.0714,3.0724,3
2026-05-12 03:10:00,3.0669,3.0674,3.0669,3.0674,3.0719,3.0724,3.0719,3.0724,2
2026-05-12 03:12:00,3.0679,3.0679,3.0679,3.0679,3.0729,3.0729,3.0729,3.0729,1
2026-05-12 03:13:00,3.0674,3.0674,3.0674,3.0674,3.0724,3.0724,3.0724,3.0724,1
2026-05-12 03:14:00,3.0679,3.0684,3.0674,3.0674,3.0729,3.0734,3.0724,3.0724,4
2026-05-12 03:15:00,3.0684,3.0684,3.0684,3.0684,3.0734,3.0734,3.0734,3.0734,1
2026-05-12 03:16:00,3.0694,3.0694,3.0684,3.0689,3.0744,3.0744,3.0734,3.0739,20
2026-05-12 03:17:00,3.0684,3.0689,3.0684,3.0684,3.0734,3.0739,3.0734,3.0734,3
2026-05-12 03:18:00,3.0674,3.0684,3.0674,3.0674,3.0724,3.0734,3.0724,3.0724,3
2026-05-12 03:19:00,3.0684,3.0684,3.0664,3.0669,3.0734,3.0734,3.0714,3.0719,5
2026-05-12 03:20:00,3.0664,3.0664,3.0664,3.0664,3.0714,3.0714,3.0714,3.0714,1
2026-05-12 03:21:00,3.0659,3.0664,3.0659,3.0664,3.0709,3.0714,3.0709,3.0714,2
2026-05-12 03:22:00,3.0659,3.0664,3.0659,3.0659,3.0709,3.0714,3.0709,3.0709,9
2026-05-12 03:23:00,3.0664,3.0664,3.0664,3.0664,3.0714,3.0714,3.0714,3.0714,1
2026-05-12 03:24:00,3.0654,3.0664,3.0654,3.0659,3.0704,3.0714,3.0704,3.0709,4
2026-05-12 03:25:00,3.0664,3.0674,3.0654,3.0654,3.0714,3.0724,3.0704,3.0704,9
2026-05-12 03:26:00,3.0659,3.0674,3.0654,3.0669,3.0709,3.0724,3.0704,3.0719,8
2026-05-12 03:27:00,3.0664,3.0669,3.0664,3.0669,3.0714,3.0719,3.0714,3.0719,2
2026-05-12 03:28:00,3.0664,3.0664,3.0664,3.0664,3.0714,3.0714,3.0714,3.0714,1
2026-05-12 03:29:00,3.0654,3.0654,3.0644,3.0649,3.0704,3.0704,3.0694,3.0699,6
2026-05-12 03:30:00,3.0654,3.0654,3.0654,3.0654,3.0704,3.0704,3.0704,3.0704,1
2026-05-12 03:31:00,3.0659,3.0669,3.0659,3.0669,3.0709,3.0719,3.0709,3.0719,3
2026-05-12 03:32:00,3.0664,3.0664,3.0654,3.0659,3.0714,3.0714,3.0704,3.0709,3
2026-05-12 03:33:00,3.0664,3.0664,3.0659,3.0664,3.0714,3.0714,3.0709,3.0714,3
2026-05-12 03:35:00,3.0654,3.0664,3.0654,3.0664,3.0704,3.0714,3.0704,3.0714,3
2026-05-12 03:36:00,3.0659,3.0664,3.0659,3.0664,3.0709,3.0714,3.0709,3.0714,4
2026-05-12 03:38:00,3.0659,3.0664,3.0659,3.0664,3.0709,3.0714,3.0709,3.0714,2
2026-05-12 03:39:00,3.0659,3.0664,3.0654,3.0654,3.0709,3.0714,3.0704,3.0704,5
2026-05-12 03:40:00,3.0664,3.0684,3.0654,3.0684,3.0714,3.0734,3.0704,3.0734,7
2026-05-12 03:41:00,3.0694,3.0694,3.0684,3.0689,3.0744,3.0744,3.0734,3.0739,3
2026-05-12 03:42:00,3.0679,3.0684,3.0669,3.0674,3.0729,3.0734,3.0719,3.0724,6
2026-05-12 03:43:00,3.0669,3.0674,3.0669,3.0669,3.0719,3.0724,3.0719,3.0719,3
2026-05-12 03:44:00,3.0659,3.0674,3.0659,3.0664,3.0709,3.0724,3.0709,3.0714,5
2026-05-12 03:45:00,3.0669,3.0669,3.0664,3.0669,3.0719,3.0719,3.0714,3.0719,3
2026-05-12 03:47:00,3.0674,3.0674,3.0664,3.0664,3.0724,3.0724,3.0714,3.0714,5
2026-05-12 03:49:00,3.0654,3.0654,3.0649,3.0649,3.0704,3.0704,3.0699,3.0699,2
2026-05-12 03:50:00,3.0654,3.0654,3.0654,3.0654,3.0704,3.0704,3.0704,3.0704,1
2026-05-12 03:52:00,3.0664,3.0664,3.0664,3.0664,3.0714,3.0714,3.0714,3.0714,1
2026-05-12 03:53:00,3.0669,3.0674,3.0669,3.0674,3.0719,3.0724,3.0719,3.0724,2
2026-05-12 03:54:00,3.0679,3.0684,3.0664,3.0664,3.0729,3.0734,3.0714,3.0714,5
2026-05-12 03:55:00,3.0669,3.0674,3.0669,3.0674,3.0719,3.0724,3.0719,3.0724,4
2026-05-12 03:58:00,3.0669,3.0669,3.0664,3.0664,3.0719,3.0719,3.0714,3.0714,2
2026-05-12 04:00:00,3.0654,3.0654,3.0639,3.0644,3.0704,3.0704,3.0689,3.0694,4
2026-05-12 04:01:00,3.0649,3.0649,3.0644,3.0649,3.0699,3.0699,3.0694,3.0699,3
2026-05-12 04:02:00,3.0654,3.0654,3.0654,3.0654,3.0704,3.0704,3.0704,3.0704,1
2026-05-12 04:04:00,3.0649,3.0649,3.0649,3.0649,3.0699,3.0699,3.0699,3.0699,1
2026-05-12 04:05:00,3.0654,3.0654,3.0649,3.0654,3.0704,3.0704,3.0699,3.0704,3
2026-05-12 04:06:00,3.0659,3.0664,3.0659,3.0664,3.0709,3.0714,3.0709,3.0714,2
2026-05-12 04:07:00,3.0654,3.0654,3.0654,3.0654,3.0704,3.0704,3.0704,3.0704,1
2026-05-12 04:08:00,3.0644,3.0654,3.0644,3.0654,3.0694,3.0704,3.0694,3.0704,2
2026-05-12 04:12:00,3.0644,3.0644,3.0644,3.0644,3.0694,3.0694,3.0694,3.0694,1
2026-05-12 04:15:00,3.0654,3.0654,3.0654,3.0654,3.0704,3.0704,3.0704,3.0704,1
2026-05-12 04:16:00,3.0664,3.0674,3.0664,3.0674,3.0714,3.0724,3.0714,3.0724,3
2026-05-12 04:17:00,3.0694,3.0694,3.0694,3.0694,3.0744,3.0744,3.0744,3.0744,1
2026-05-12 04:18:00,3.0704,3.0704,3.0704,3.0704,3.0754,3.0754,3.0754,3.0754,1
2026-05-12 04:19:00,3.0694,3.0699,3.0694,3.0699,3.0744,3.0749,3.0744,3.0749,2
2026-05-12 04:21:00,3.0704,3.0704,3.0694,3.0694,3.0754,3.0754,3.0744,3.0744,2
2026-05-12 04:22:00,3.0684,3.0684,3.0684,3.0684,3.0734,3.0734,3.0734,3.0734,1
2026-05-12 04:24:00,3.0679,3.0679,3.0669,3.0674,3.0729,3.0729,3.0719,3.0724,6
2026-05-12 04:26:00,3.0679,3.0679,3.0674,3.0674,3.0729,3.0729,3.0724,3.0724,6
2026-05-12 04:27:00,3.0679,3.0679,3.0679,3.0679,3.0729,3.0729,3.0729,3.0729,1
2026-05-12 04:28:00,3.0674,3.0679,3.0674,3.0674,3.0724,3.0729,3.0724,3.0724,13
2026-05-12 04:29:00,3.0679,3.0679,3.0674,3.0674,3.0729,3.0729,3.0724,3.0724,2
2026-05-12 04:30:00,3.0679,3.0684,3.0679,3.0684,3.0729,3.0734,3.0729,3.0734,2
2026-05-12 04:31:00,3.0674,3.0674,3.0664,3.0664,3.0724,3.0724,3.0714,3.0714,3
2026-05-12 04:32:00,3.0669,3.0669,3.0664,3.0664,3.0719,3.0719,3.0714,3.0714,2
2026-05-12 04:33:00,3.0669,3.0674,3.0664,3.0669,3.0719,3.0724,3.0714,3.0719,5
2026-05-12 04:34:00,3.0664,3.0669,3.0654,3.0654,3.0714,3.0719,3.0704,3.0704,7
2026-05-12 04:35:00,3.0659,3.0659,3.0659,3.0659,3.0709,3.0709,3.0709,3.0709,1
2026-05-12 04:36:00,3.0664,3.0679,3.0664,3.0674,3.0714,3.0729,3.0714,3.0724,5
2026-05-12 04:37:00,3.0669,3.0669,3.0669,3.0669,3.0719,3.0719,3.0719,3.0719,1
2026-05-12 04:39:00,3.0664,3.0664,3.0664,3.0664,3.0714,3.0714,3.0714,3.0714,1
2026-05-12 04:40:00,3.0674,3.0674,3.0674,3.0674,3.0724,3.0724,3.0724,3.0724,1
2026-05-12 04:41:00,3.0684,3.0694,3.0684,3.0684,3.0734,3.0744,3.0734,3.0734,3
2026-05-12 04:44:00,3.0689,3.0689,3.0684,3.0689,3.0739,3.0739,3.0734,3.0739,3
2026-05-12 04:45:00,3.0684,3.0684,3.0684,3.0684,3.0734,3.0734,3.0734,3.0734,1
2026-05-12 04:46:00,3.0674,3.0674,3.0674,3.0674,3.0724,3.0724,3.0724,3.0724,1
2026-05-12 04:47:00,3.0669,3.0674,3.0669,3.0669,3.0719,3.0724,3.0719,3.0719,3
2026-05-12 04:49:00,3.0659,3.0664,3.0659,3.0664,3.0709,3.0714,3.0709,3.0714,2
2026-05-12 04:51:00,3.0674,3.0674,3.0664,3.0669,3.0724,3.0724,3.0714,3.0719,4
2026-05-12 04:52:00,3.0664,3.0669,3.0664,3.0664,3.0714,3.0719,3.0714,3.0714,3
2026-05-12 04:53:00,3.0669,3.0669,3.0669,3.0669,3.0719,3.0719,3.0719,3.0719,1
2026-05-12 04:54:00,3.0664,3.0664,3.0664,3.0664,3.0714,3.0714,3.0714,3.0714,1
2026-05-12 04:56:00,3.0669,3.0679,3.0669,3.0679,3.0719,3.0729,3.0719,3.0729,4
2026-05-12 04:57:00,3.0674,3.0674,3.0674,3.0674,3.0724,3.0724,3.0724,3.0724,1
2026-05-12 04:59:00,3.0669,3.0669,3.0669,3.0669,3.0719,3.0719,3.0719,3.0719,1
2026-05-12 05:00:00,3.0674,3.0674,3.0664,3.0669,3.0724,3.0724,3.0714,3.0719,4
2026-05-12 05:01:00,3.0674,3.0674,3.0674,3.0674,3.0724,3.0724,3.0724,3.0724,1
2026-05-12 05:02:00,3.0664,3.0664,3.0664,3.0664,3.0714,3.0714,3.0714,3.0714,1
2026-05-12 05:03:00,3.0659,3.0664,3.0659,3.0664,3.0709,3.0714,3.0709,3.0714,2
2026-05-12 05:04:00,3.0659,3.0664,3.0654,3.0664,3.0709,3.0714,3.0704,3.0714,4
2026-05-12 05:09:00,3.0674,3.0674,3.0674,3.0674,3.0724,3.0724,3.0724,3.0724,1
2026-05-12 05:12:00,3.0669,3.0674,3.0669,3.0669,3.0719,3.0724,3.0719,3.0719,3
2026-05-12 05:13:00,3.0664,3.0664,3.0664,3.0664,3.0714,3.0714,3.0714,3.0714,1
2026-05-12 05:15:00,3.0669,3.0669,3.0664,3.0669,3.0719,3.0719,3.0714,3.0719,5
2026-05-12 05:16:00,3.0664,3.0669,3.0664,3.0669,3.0714,3.0719,3.0714,3.0719,2
2026-05-12 05:17:00,3.0664,3.0669,3.0664,3.0669,3.0714,3.0719,3.0714,3.0719,2
2026-05-12 05:20:00,3.0664,3.0664,3.0664,3.0664,3.0714,3.0714,3.0714,3.0714,1
2026-05-12 05:21:00,3.0669,3.0669,3.0664,3.0664,3.0719,3.0719,3.0714,3.0714,2
2026-05-12 05:22:00,3.0659,3.0659,3.0659,3.0659,3.0709,3.0709,3.0709,3.0709,1
2026-05-12 05:23:00,3.0664,3.0664,3.0664,3.0664,3.0714,3.0714,3.0714,3.0714,1
2026-05-12 05:25:00,3.0674,3.0684,3.0674,3.0679,3.0724,3.0734,3.0724,3.0729,3
2026-05-12 05:26:00,3.0674,3.0674,3.0674,3.0674,3.0724,3.0724,3.0724,3.0724,1
2026-05-12 05:27:00,3.0669,3.0669,3.0664,3.0664,3.0719,3.0719,3.0714,3.0714,2
2026-05-12 05:30:00,3.0659,3.0669,3.0634,3.0669,3.0709,3.0719,3.0684,3.0719,10
2026-05-12 05:31:00,3.0674,3.0684,3.0674,3.0684,3.0724,3.0734,3.0724,3.0734,4
2026-05-12 05:33:00,3.0694,3.0714,3.0694,3.0714,3.0744,3.0764,3.0744,3.0764,4
2026-05-12 05:36:00,3.0709,3.0714,3.0694,3.0694,3.0759,3.0764,3.0744,3.0744,10
2026-05-12 05:37:00,3.0699,3.0704,3.0694,3.0704,3.0749,3.0754,3.0744,3.0754,6
2026-05-12 05:39:00,3.0714,3.0714,3.0709,3.0709,3.0764,3.0764,3.0759,3.0759,2
2026-05-12 05:40:00,3.0714,3.0724,3.0704,3.0719,3.0764,3.0774,3.0754,3.0769,8
2026-05-12 05:41:00,3.0724,3.0724,3.0724,3.0724,3.0774,3.0774,3.0774,3.0774,1
2026-05-12 05:44:00,3.0719,3.0719,3.0719,3.0719,3.0769,3.0769,3.0769,3.0769,1
2026-05-12 05:45:00,3.0714,3.0714,3.0714,3.0714,3.0764,3.0764,3.0764,3.0764,1
2026-05-12 05:46:00,3.0724,3.0744,3.0714,3.0714,3.0774,3.0794,3.0764,3.0764,9
2026-05-12 05:47:00,3.0704,3.0709,3.0704,3.0704,3.0754,3.0759,3.0754,3.0754,3
2026-05-12 05:48:00,3.0714,3.0714,3.0704,3.0714,3.0764,3.0764,3.0754,3.0764,4
2026-05-12 05:54:00,3.0724,3.0724,3.0719,3.0719,3.0774,3.0774,3.0769,3.0769,2
2026-05-12 05:55:00,3.0714,3.0734,3.0714,3.0734,3.0764,3.0784,3.0764,3.0784,4
2026-05-12 05:56:00,3.0739,3.0764,3.0734,3.0744,3.0789,3.0814,3.0784,3.0794,11
2026-05-12 05:57:00,3.0734,3.0734,3.0734,3.0734,3.0784,3.0784,3.0784,3.0784,1
2026-05-12 05:59:00,3.0729,3.0734,3.0724,3.0724,3.0779,3.0784,3.0774,3.0774,8
2026-05-12 06:00:00,3.0729,3.0734,3.0729,3.0734,3.0779,3.0784,3.0779,3.0784,4
2026-05-12 06:01:00,3.0744,3.0784,3.0744,3.0784,3.0794,3.0834,3.0794,3.0834,7
2026-05-12 06:03:00,3.0794,3.0794,3.0784,3.0784,3.0844,3.0844,3.0834,3.0834,9
2026-05-12 06:04:00,3.0774,3.0794,3.0774,3.0784,3.0824,3.0844,3.0824,3.0834,7
2026-05-12 06:05:00,3.0794,3.0794,3.0784,3.0784,3.0844,3.0844,3.0834,3.0834,14
2026-05-12 06:06:00,3.0794,3.0794,3.0784,3.0784,3.0844,3.0844,3.0834,3.0834,5
2026-05-12 06:07:00,3.0779,3.0779,3.0764,3.0764,3.0829,3.0829,3.0814,3.0814,3
2026-05-12 06:08:00,3.0774,3.0774,3.0764,3.0774,3.0824,3.0824,3.0814,3.0824,4
2026-05-12 06:09:00,3.0779,3.0794,3.0779,3.0784,3.0829,3.0844,3.0829,3.0834,8
2026-05-12 06:11:00,3.0774,3.0774,3.0774,3.0774,3.0824,3.0824,3.0824,3.0824,1
2026-05-12 06:13:00,3.0779,3.0784,3.0774,3.0774,3.0829,3.0834,3.0824,3.0824,4
2026-05-12 06:14:00,3.0779,3.0779,3.0774,3.0774,3.0829,3.0829,3.0824,3.0824,2
2026-05-12 06:15:00,3.0764,3.0774,3.0724,3.0739,3.0814,3.0824,3.0774,3.0789,18
2026-05-12 06:16:00,3.0744,3.0744,3.0714,3.0719,3.0794,3.0794,3.0764,3.0769,15
2026-05-12 06:17:00,3.0724,3.0724,3.0719,3.0724,3.0774,3.0774,3.0769,3.0774,5
2026-05-12 06:18:00,3.0734,3.0734,3.0734,3.0734,3.0784,3.0784,3.0784,3.0784,1
2026-05-12 06:20:00,3.0739,3.0744,3.0739,3.0744,3.0789,3.0794,3.0789,3.0794,2
2026-05-12 06:21:00,3.0739,3.0739,3.0734,3.0734,3.0789,3.0789,3.0784,3.0784,2
2026-05-12 06:22:00,3.0724,3.0724,3.0714,3.0714,3.0774,3.0774,3.0764,3.0764,2
2026-05-12 06:23:00,3.0724,3.0734,3.0724,3.0724,3.0774,3.0784,3.0774,3.0774,5
2026-05-12 06:24:00,3.0734,3.0734,3.0734,3.0734,3.0784,3.0784,3.0784,3.0784,1
2026-05-12 06:25:00,3.0744,3.0744,3.0724,3.0739,3.0794,3.0794,3.0774,3.0789,7
2026-05-12 06:26:00,3.0734,3.0739,3.0734,3.0734,3.0784,3.0789,3.0784,3.0784,11
2026-05-12 06:28:00,3.0724,3.0724,3.0724,3.0724,3.0774,3.0774,3.0774,3.0774,1
2026-05-12 06:29:00,3.0729,3.0729,3.0724,3.0729,3.0779,3.0779,3.0774,3.0779,3
2026-05-12 06:30:00,3.0724,3.0724,3.0724,3.0724,3.0774,3.0774,3.0774,3.0774,1
2026-05-12 06:31:00,3.0734,3.0734,3.0724,3.0724,3.0784,3.0784,3.0774,3.0774,4
2026-05-12 06:32:00,3.0729,3.0729,3.0729,3.0729,3.0779,3.0779,3.0779,3.0779,1
2026-05-12 06:34:00,3.0724,3.0729,3.0724,3.0729,3.0774,3.0779,3.0774,3.0779,2
2026-05-12 06:35:00,3.0724,3.0729,3.0724,3.0729,3.0774,3.0779,3.0774,3.0779,4
2026-05-12 06:36:00,3.0724,3.0724,3.0709,3.0709,3.0774,3.0774,3.0759,3.0759,5
2026-05-12 06:37:00,3.0704,3.0704,3.0699,3.0704,3.0754,3.0754,3.0749,3.0754,7
2026-05-12 06:38:00,3.0699,3.0699,3.0694,3.0694,3.0749,3.0749,3.0744,3.0744,4
2026-05-12 06:39:00,3.0699,3.0704,3.0699,3.0704,3.0749,3.0754,3.0749,3.0754,2
2026-05-12 06:41:00,3.0714,3.0714,3.0714,3.0714,3.0764,3.0764,3.0764,3.0764,1
2026-05-12 06:46:00,3.0724,3.0724,3.0714,3.0714,3.0774,3.0774,3.0764,3.0764,6
2026-05-12 06:48:00,3.0719,3.0719,3.0719,3.0719,3.0769,3.0769,3.0769,3.0769,1
2026-05-12 06:49:00,3.0714,3.0724,3.0714,3.0719,3.0764,3.0774,3.0764,3.0769,6
2026-05-12 06:50:00,3.0714,3.0719,3.0704,3.0714,3.0764,3.0769,3.0754,3.0764,6
2026-05-12 06:51:00,3.0709,3.0714,3.0704,3.0704,3.0759,3.0764,3.0754,3.0754,4
2026-05-12 06:52:00,3.0714,3.0724,3.0714,3.0719,3.0764,3.0774,3.0764,3.0769,4
2026-05-12 06:53:00,3.0734,3.0744,3.0734,3.0744,3.0784,3.0794,3.0784,3.0794,3
2026-05-12 06:54:00,3.0754,3.0754,3.0754,3.0754,3.0804,3.0804,3.0804,3.0804,1
2026-05-12 06:55:00,3.0759,3.0759,3.0759,3.0759,3.0809,3.0809,3.0809,3.0809,1
2026-05-12 06:56:00,3.0754,3.0759,3.0744,3.0744,3.0804,3.0809,3.0794,3.0794,8
2026-05-12 06:57:00,3.0754,3.0784,3.0754,3.0774,3.0804,3.0834,3.0804,3.0824,10
2026-05-12 06:58:00,3.0779,3.0779,3.0774,3.0774,3.0829,3.0829,3.0824,3.0824,6
2026-05-12 06:59:00,3.0779,3.0814,3.0779,3.0814,3.0829,3.0864,3.0829,3.0864,5
2026-05-12 07:00:00,3.0804,3.0809,3.0794,3.0799,3.0854,3.0859,3.0844,3.0849,14
2026-05-12 07:01:00,3.0794,3.0809,3.0784,3.0794,3.0844,3.0859,3.0834,3.0844,15
2026-05-12 07:03:00,3.0784,3.0804,3.0784,3.0794,3.0834,3.0854,3.0834,3.0844,4
2026-05-12 07:04:00,3.0789,3.0794,3.0784,3.0784,3.0839,3.0844,3.0834,3.0834,10
2026-05-12 07:05:00,3.0794,3.0794,3.0794,3.0794,3.0844,3.0844,3.0844,3.0844,1
2026-05-12 07:06:00,3.0799,3.0804,3.0799,3.0804,3.0849,3.0854,3.0849,3.0854,2
2026-05-12 07:07:00,3.0809,3.0814,3.0804,3.0804,3.0859,3.0864,3.0854,3.0854,4
2026-05-12 07:09:00,3.0814,3.0834,3.0814,3.0834,3.0864,3.0884,3.0864,3.0884,4
2026-05-12 07:10:00,3.0824,3.0824,3.0824,3.0824,3.0874,3.0874,3.0874,3.0874,1
2026-05-12 07:11:00,3.0829,3.0834,3.0824,3.0834,3.0879,3.0884,3.0874,3.0884,4
2026-05-12 07:14:00,3.0844,3.0854,3.0844,3.0854,3.0894,3.0904,3.0894,3.0904,8
2026-05-12 07:15:00,3.0864,3.0874,3.0864,3.0869,3.0914,3.0924,3.0914,3.0919,11
2026-05-12 07:16:00,3.0864,3.0864,3.0844,3.0844,3.0914,3.0914,3.0894,3.0894,7
2026-05-12 07:17:00,3.0834,3.0834,3.0819,3.0824,3.0884,3.0884,3.0869,3.0874,11
2026-05-12 07:18:00,3.0819,3.0839,3.0819,3.0834,3.0869,3.0889,3.0869,3.0884,12
2026-05-12 07:19:00,3.0839,3.0854,3.0834,3.0839,3.0889,3.0904,3.0884,3.0889,9
2026-05-12 07:20:00,3.0834,3.0834,3.0829,3.0829,3.0884,3.0884,3.0879,3.0879,2
2026-05-12 07:23:00,3.0819,3.0819,3.0794,3.0794,3.0869,3.0869,3.0844,3.0844,3
2026-05-12 07:24:00,3.0804,3.0804,3.0804,3.0804,3.0854,3.0854,3.0854,3.0854,1
2026-05-12 07:27:00,3.0794,3.0794,3.0784,3.0784,3.0844,3.0844,3.0834,3.0834,2
2026-05-12 07:28:00,3.0774,3.0784,3.0764,3.0784,3.0824,3.0834,3.0814,3.0834,5
2026-05-12 07:30:00,3.0779,3.0784,3.0774,3.0779,3.0829,3.0834,3.0824,3.0829,5
2026-05-12 07:31:00,3.0774,3.0774,3.0744,3.0744,3.0824,3.0824,3.0794,3.0794,4
2026-05-12 07:33:00,3.0754,3.0779,3.0754,3.0779,3.0804,3.0829,3.0804,3.0829,5
2026-05-12 07:34:00,3.0774,3.0784,3.0774,3.0779,3.0824,3.0834,3.0824,3.0829,4
2026-05-12 07:35:00,3.0774,3.0779,3.0774,3.0779,3.0824,3.0829,3.0824,3.0829,2
2026-05-12 07:36:00,3.0774,3.0784,3.0774,3.0774,3.0824,3.0834,3.0824,3.0824,3
2026-05-12 07:37:00,3.0769,3.0774,3.0769,3.0769,3.0819,3.0824,3.0819,3.0819,3
2026-05-12 07:38:00,3.0764,3.0774,3.0764,3.0774,3.0814,3.0824,3.0814,3.0824,4
2026-05-12 07:39:00,3.0784,3.0789,3.0784,3.0784,3.0834,3.0839,3.0834,3.0834,3
2026-05-12 07:40:00,3.0789,3.0794,3.0784,3.0784,3.0839,3.0844,3.0834,3.0834,6
2026-05-12 07:41:00,3.0779,3.0784,3.0779,3.0784,3.0829,3.0834,3.0829,3.0834,2
2026-05-12 07:42:00,3.0779,3.0779,3.0764,3.0774,3.0829,3.0829,3.0814,3.0824,5
2026-05-12 07:43:00,3.0769,3.0769,3.0764,3.0764,3.0819,3.0819,3.0814,3.0814,2
2026-05-12 07:44:00,3.0774,3.0774,3.0769,3.0769,3.0824,3.0824,3.0819,3.0819,2
2026-05-12 07:45:00,3.0774,3.0774,3.0769,3.0769,3.0824,3.0824,3.0819,3.0819,2
2026-05-12 07:46:00,3.0774,3.0774,3.0769,3.0769,3.0824,3.0824,3.0819,3.0819,2
2026-05-12 07:48:00,3.0774,3.0784,3.0774,3.0784,3.0824,3.0834,3.0824,3.0834,2
2026-05-12 07:50:00,3.0789,3.0814,3.0789,3.0814,3.0839,3.0864,3.0839,3.0864,6
2026-05-12 07:51:00,3.0809,3.0809,3.0809,3.0809,3.0859,3.0859,3.0859,3.0859,1
2026-05-12 07:52:00,3.0804,3.0804,3.0799,3.0804,3.0854,3.0854,3.0849,3.0854,3
2026-05-12 07:53:00,3.0799,3.0799,3.0789,3.0789,3.0849,3.0849,3.0839,3.0839,5
2026-05-12 07:54:00,3.0794,3.0794,3.0794,3.0794,3.0844,3.0844,3.0844,3.0844,1
2026-05-12 07:55:00,3.0799,3.0799,3.0784,3.0784,3.0849,3.0849,3.0834,3.0834,6
2026-05-12 07:56:00,3.0779,3.0799,3.0779,3.0784,3.0829,3.0849,3.0829,3.0834,7
2026-05-12 07:57:00,3.0789,3.0789,3.0774,3.0779,3.0839,3.0839,3.0824,3.0829,4
2026-05-12 07:58:00,3.0774,3.0779,3.0774,3.0779,3.0824,3.0829,3.0824,3.0829,8
2026-05-12 07:59:00,3.0774,3.0784,3.0774,3.0784,3.0824,3.0834,3.0824,3.0834,3
2026-05-12 08:00:00,3.0779,3.0794,3.0774,3.0774,3.0829,3.0844,3.0824,3.0824,11
2026-05-12 08:02:00,3.0779,3.0779,3.0774,3.0779,3.0829,3.0829,3.0824,3.0829,3
2026-05-12 08:03:00,3.0784,3.0784,3.0774,3.0779,3.0834,3.0834,3.0824,3.0829,5
2026-05-12 08:04:00,3.0784,3.0809,3.0784,3.0809,3.0834,3.0859,3.0834,3.0859,4
2026-05-12 08:05:00,3.0824,3.0864,3.0824,3.0864,3.0874,3.0914,3.0874,3.0914,10
2026-05-12 08:06:00,3.0869,3.0884,3.0859,3.0884,3.0919,3.0934,3.0909,3.0934,8
2026-05-12 08:07:00,3.0894,3.0924,3.0894,3.0894,3.0944,3.0974,3.0944,3.0944,21
2026-05-12 08:08:00,3.0899,3.0904,3.0844,3.0844,3.0949,3.0954,3.0894,3.0894,11
2026-05-12 08:09:00,3.0854,3.0854,3.0824,3.0824,3.0904,3.0904,3.0874,3.0874,6
2026-05-12 08:10:00,3.0819,3.0824,3.0804,3.0819,3.0869,3.0874,3.0854,3.0869,10
2026-05-12 08:12:00,3.0814,3.0824,3.0814,3.0819,3.0864,3.0874,3.0864,3.0869,8
2026-05-12 08:13:00,3.0814,3.0819,3.0799,3.0814,3.0864,3.0869,3.0849,3.0864,11
2026-05-12 08:14:00,3.0819,3.0819,3.0814,3.0814,3.0869,3.0869,3.0864,3.0864,2
2026-05-12 08:15:00,3.0804,3.0814,3.0794,3.0814,3.0854,3.0864,3.0844,3.0864,5
2026-05-12 08:16:00,3.0824,3.0834,3.0799,3.0804,3.0874,3.0884,3.0849,3.0854,9
2026-05-12 08:17:00,3.0799,3.0799,3.0784,3.0794,3.0849,3.0849,3.0834,3.0844,4
2026-05-12 08:18:00,3.0789,3.0804,3.0789,3.0804,3.0839,3.0854,3.0839,3.0854,3
2026-05-12 08:19:00,3.0799,3.0844,3.0799,3.0844,3.0849,3.0894,3.0849,3.0894,11
2026-05-12 08:20:00,3.0834,3.0844,3.0834,3.0839,3.0884,3.0894,3.0884,3.0889,5
2026-05-12 08:21:00,3.0844,3.0844,3.0824,3.0834,3.0894,3.0894,3.0874,3.0884,6
2026-05-12 08:22:00,3.0824,3.0824,3.0809,3.0809,3.0874,3.0874,3.0859,3.0859,3
2026-05-12 08:23:00,3.0814,3.0814,3.0804,3.0804,3.0864,3.0864,3.0854,3.0854,2
2026-05-12 08:24:00,3.0799,3.0804,3.0799,3.0799,3.0849,3.0854,3.0849,3.0849,3
2026-05-12 08:25:00,3.0809,3.0844,3.0804,3.0824,3.0859,3.0894,3.0854,3.0874,8
2026-05-12 08:26:00,3.0834,3.0834,3.0824,3.0824,3.0884,3.0884,3.0874,3.0874,2
2026-05-12 08:29:00,3.0814,3.0814,3.0814,3.0814,3.0864,3.0864,3.0864,3.0864,1
2026-05-12 08:30:00,3.0809,3.0809,3.0804,3.0804,3.0859,3.0859,3.0854,3.0854,2
2026-05-12 08:31:00,3.0809,3.0809,3.0799,3.0799,3.0859,3.0859,3.0849,3.0849,3
2026-05-12 08:32:00,3.0804,3.0804,3.0804,3.0804,3.0854,3.0854,3.0854,3.0854,1
2026-05-12 08:33:00,3.0814,3.0824,3.0814,3.0814,3.0864,3.0874,3.0864,3.0864,4
2026-05-12 08:34:00,3.0819,3.0819,3.0819,3.0819,3.0869,3.0869,3.0869,3.0869,1
2026-05-12 08:35:00,3.0814,3.0824,3.0814,3.0824,3.0864,3.0874,3.0864,3.0874,2
2026-05-12 08:36:00,3.0814,3.0824,3.0814,3.0814,3.0864,3.0874,3.0864,3.0864,7
2026-05-12 08:37:00,3.0804,3.0804,3.0784,3.0799,3.0854,3.0854,3.0834,3.0849,9
2026-05-12 08:38:00,3.0794,3.0814,3.0794,3.0809,3.0844,3.0864,3.0844,3.0859,9
2026-05-12 08:39:00,3.0814,3.0834,3.0794,3.0794,3.0864,3.0884,3.0844,3.0844,15
2026-05-12 08:40:00,3.0804,3.0804,3.0779,3.0779,3.0854,3.0854,3.0829,3.0829,4
2026-05-12 08:41:00,3.0784,3.0794,3.0784,3.0784,3.0834,3.0844,3.0834,3.0834,4
2026-05-12 08:42:00,3.0789,3.0789,3.0784,3.0789,3.0839,3.0839,3.0834,3.0839,5
2026-05-12 08:43:00,3.0794,3.0804,3.0784,3.0789,3.0844,3.0854,3.0834,3.0839,8
2026-05-12 08:44:00,3.0784,3.0784,3.0769,3.0774,3.0834,3.0834,3.0819,3.0824,5
2026-05-12 08:45:00,3.0779,3.0794,3.0774,3.0774,3.0829,3.0844,3.0824,3.0824,11
2026-05-12 08:46:00,3.0764,3.0764,3.0744,3.0764,3.0814,3.0814,3.0794,3.0814,6
2026-05-12 08:48:00,3.0774,3.0774,3.0764,3.0769,3.0824,3.0824,3.0814,3.0819,3
2026-05-12 08:49:00,3.0774,3.0774,3.0764,3.0774,3.0824,3.0824,3.0814,3.0824,4
2026-05-12 08:50:00,3.0784,3.0789,3.0774,3.0779,3.0834,3.0839,3.0824,3.0829,5
2026-05-12 08:51:00,3.0774,3.0809,3.0774,3.0774,3.0824,3.0859,3.0824,3.0824,19
2026-05-12 08:52:00,3.0784,3.0799,3.0784,3.0789,3.0834,3.0849,3.0834,3.0839,8
2026-05-12 08:53:00,3.0794,3.0804,3.0784,3.0799,3.0844,3.0854,3.0834,3.0849,5
2026-05-12 08:54:00,3.0794,3.0794,3.0784,3.0784,3.0844,3.0844,3.0834,3.0834,2
2026-05-12 08:55:00,3.0794,3.0794,3.0764,3.0764,3.0844,3.0844,3.0814,3.0814,7
2026-05-12 08:56:00,3.0759,3.0769,3.0749,3.0754,3.0809,3.0819,3.0799,3.0804,16
2026-05-12 08:57:00,3.0749,3.0764,3.0749,3.0759,3.0799,3.0814,3.0799,3.0809,6
2026-05-12 08:58:00,3.0754,3.0754,3.0739,3.0744,3.0804,3.0804,3.0789,3.0794,4
2026-05-12 08:59:00,3.0754,3.0759,3.0754,3.0754,3.0804,3.0809,3.0804,3.0804,3
2026-05-12 09:00:00,3.0759,3.0804,3.0754,3.0799,3.0809,3.0854,3.0804,3.0849,22
2026-05-12 09:01:00,3.0804,3.0804,3.0774,3.0774,3.0854,3.0854,3.0824,3.0824,10
2026-05-12 09:02:00,3.0779,3.0784,3.0734,3.0734,3.0829,3.0834,3.0784,3.0784,10
2026-05-12 09:03:00,3.0744,3.0749,3.0739,3.0749,3.0794,3.0799,3.0789,3.0799,6
2026-05-12 09:04:00,3.0744,3.0749,3.0734,3.0744,3.0794,3.0799,3.0784,3.0794,5
2026-05-12 09:05:00,3.0754,3.0754,3.0744,3.0744,3.0804,3.0804,3.0794,3.0794,9
2026-05-12 09:06:00,3.0739,3.0744,3.0739,3.0744,3.0789,3.0794,3.0789,3.0794,6
2026-05-12 09:07:00,3.0754,3.0754,3.0734,3.0734,3.0804,3.0804,3.0784,3.0784,9
2026-05-12 09:08:00,3.0724,3.0754,3.0724,3.0734,3.0774,3.0804,3.0774,3.0784,12
2026-05-12 09:09:00,3.0744,3.0744,3.0724,3.0724,3.0794,3.0794,3.0774,3.0774,8
2026-05-12 09:10:00,3.0734,3.0734,3.0714,3.0724,3.0784,3.0784,3.0764,3.0774,15
2026-05-12 09:11:00,3.0719,3.0724,3.0704,3.0719,3.0769,3.0774,3.0754,3.0769,14
2026-05-12 09:12:00,3.0714,3.0724,3.0714,3.0714,3.0764,3.0774,3.0764,3.0764,12
2026-05-12 09:13:00,3.0724,3.0724,3.0724,3.0724,3.0774,3.0774,3.0774,3.0774,1
2026-05-12 09:14:00,3.0719,3.0719,3.0709,3.0714,3.0769,3.0769,3.0759,3.0764,5
2026-05-12 09:15:00,3.0709,3.0709,3.0674,3.0684,3.0759,3.0759,3.0724,3.0734,20
2026-05-12 09:16:00,3.0674,3.0714,3.0674,3.0694,3.0724,3.0764,3.0724,3.0744,23
2026-05-12 09:17:00,3.0699,3.0699,3.0684,3.0694,3.0749,3.0749,3.0734,3.0744,8
2026-05-12 09:18:00,3.0704,3.0714,3.0704,3.0704,3.0754,3.0764,3.0754,3.0754,9
2026-05-12 09:19:00,3.0709,3.0714,3.0704,3.0704,3.0759,3.0764,3.0754,3.0754,4
2026-05-12 09:20:00,3.0709,3.0709,3.0674,3.0684,3.0759,3.0759,3.0724,3.0734,12
2026-05-12 09:21:00,3.0679,3.0684,3.0674,3.0679,3.0729,3.0734,3.0724,3.0729,10
2026-05-12 09:22:00,3.0674,3.0684,3.0674,3.0684,3.0724,3.0734,3.0724,3.0734,3
2026-05-12 09:23:00,3.0689,3.0694,3.0674,3.0674,3.0739,3.0744,3.0724,3.0724,12
2026-05-12 09:24:00,3.0679,3.0684,3.0674,3.0684,3.0729,3.0734,3.0724,3.0734,11
2026-05-12 09:25:00,3.0694,3.0694,3.0674,3.0674,3.0744,3.0744,3.0724,3.0724,4
2026-05-12 09:26:00,3.0679,3.0684,3.0664,3.0664,3.0729,3.0734,3.0714,3.0714,5
2026-05-12 09:27:00,3.0669,3.0684,3.0669,3.0684,3.0719,3.0734,3.0719,3.0734,6
2026-05-12 09:29:00,3.0674,3.0684,3.0674,3.0674,3.0724,3.0734,3.0724,3.0724,8
2026-05-12 09:30:00,3.0679,3.0689,3.0674,3.0684,3.0729,3.0739,3.0724,3.0734,11
2026-05-12 09:31:00,3.0679,3.0679,3.0664,3.0664,3.0729,3.0729,3.0714,3.0714,3
2026-05-12 09:32:00,3.0674,3.0674,3.0664,3.0664,3.0724,3.0724,3.0714,3.0714,5
2026-05-12 09:33:00,3.0669,3.0669,3.0669,3.0669,3.0719,3.0719,3.0719,3.0719,1
2026-05-12 09:34:00,3.0674,3.0674,3.0674,3.0674,3.0724,3.0724,3.0724,3.0724,1
2026-05-12 09:35:00,3.0664,3.0664,3.0634,3.0644,3.0714,3.0714,3.0684,3.0694,8
2026-05-12 09:36:00,3.0649,3.0684,3.0649,3.0674,3.0699,3.0734,3.0699,3.0724,8
2026-05-12 09:38:00,3.0684,3.0694,3.0674,3.0684,3.0734,3.0744,3.0724,3.0734,19
2026-05-12 09:39:00,3.0679,3.0684,3.0674,3.0674,3.0729,3.0734,3.0724,3.0724,10
2026-05-12 09:40:00,3.0679,3.0684,3.0674,3.0679,3.0729,3.0734,3.0724,3.0729,10
2026-05-12 09:41:00,3.0684,3.0684,3.0674,3.0679,3.0734,3.0734,3.0724,3.0729,3
2026-05-12 09:42:00,3.0674,3.0674,3.0664,3.0664,3.0724,3.0724,3.0714,3.0714,3
2026-05-12 09:43:00,3.0669,3.0669,3.0669,3.0669,3.0719,3.0719,3.0719,3.0719,1
2026-05-12 09:44:00,3.0664,3.0694,3.0664,3.0694,3.0714,3.0744,3.0714,3.0744,5
2026-05-12 09:45:00,3.0684,3.0694,3.0684,3.0694,3.0734,3.0744,3.0734,3.0744,2
2026-05-12 09:46:00,3.0689,3.0694,3.0684,3.0689,3.0739,3.0744,3.0734,3.0739,4
2026-05-12 09:47:00,3.0694,3.0694,3.0679,3.0684,3.0744,3.0744,3.0729,3.0734,5
2026-05-12 09:48:00,3.0674,3.0674,3.0674,3.0674,3.0724,3.0724,3.0724,3.0724,1
2026-05-12 09:49:00,3.0684,3.0684,3.0684,3.0684,3.0734,3.0734,3.0734,3.0734,1
2026-05-12 09:51:00,3.0689,3.0704,3.0684,3.0699,3.0739,3.0754,3.0734,3.0749,12
2026-05-12 09:52:00,3.0704,3.0704,3.0694,3.0704,3.0754,3.0754,3.0744,3.0754,6
2026-05-12 09:53:00,3.0694,3.0699,3.0694,3.0699,3.0744,3.0749,3.0744,3.0749,4
2026-05-12 09:54:00,3.0694,3.0724,3.0694,3.0724,3.0744,3.0774,3.0744,3.0774,7
2026-05-12 09:55:00,3.0734,3.0734,3.0734,3.0734,3.0784,3.0784,3.0784,3.0784,1
2026-05-12 09:56:00,3.0724,3.0734,3.0724,3.0734,3.0774,3.0784,3.0774,3.0784,6
2026-05-12 09:57:00,3.0729,3.0734,3.0654,3.0664,3.0779,3.0784,3.0704,3.0714,18
2026-05-12 09:59:00,3.0674,3.0674,3.0664,3.0664,3.0724,3.0724,3.0714,3.0714,2
2026-05-12 10:00:00,3.0654,3.0664,3.0654,3.0664,3.0704,3.0714,3.0704,3.0714,12
2026-05-12 10:01:00,3.0674,3.0674,3.0659,3.0659,3.0724,3.0724,3.0709,3.0709,11
2026-05-12 10:02:00,3.0664,3.0664,3.0659,3.0664,3.0714,3.0714,3.0709,3.0714,3
2026-05-12 10:03:00,3.0654,3.0674,3.0654,3.0674,3.0704,3.0724,3.0704,3.0724,6
2026-05-12 10:05:00,3.0669,3.0674,3.0664,3.0669,3.0719,3.0724,3.0714,3.0719,7
2026-05-12 10:06:00,3.0674,3.0674,3.0664,3.0664,3.0724,3.0724,3.0714,3.0714,12
2026-05-12 10:08:00,3.0674,3.0684,3.0674,3.0684,3.0724,3.0734,3.0724,3.0734,2
2026-05-12 10:09:00,3.0674,3.0674,3.0674,3.0674,3.0724,3.0724,3.0724,3.0724,1
2026-05-12 10:11:00,3.0684,3.0724,3.0674,3.0714,3.0734,3.0774,3.0724,3.0764,12
2026-05-12 10:12:00,3.0724,3.0729,3.0704,3.0714,3.0774,3.0779,3.0754,3.0764,14
2026-05-12 10:13:00,3.0709,3.0709,3.0704,3.0704,3.0759,3.0759,3.0754,3.0754,2
2026-05-12 10:14:00,3.0699,3.0699,3.0699,3.0699,3.0749,3.0749,3.0749,3.0749,1
2026-05-12 10:15:00,3.0704,3.0724,3.0704,3.0719,3.0754,3.0774,3.0754,3.0769,26
2026-05-12 10:16:00,3.0714,3.0734,3.0704,3.0734,3.0764,3.0784,3.0754,3.0784,14
2026-05-12 10:17:00,3.0724,3.0729,3.0724,3.0724,3.0774,3.0779,3.0774,3.0774,5
2026-05-12 10:18:00,3.0719,3.0724,3.0719,3.0724,3.0769,3.0774,3.0769,3.0774,2
2026-05-12 10:19:00,3.0734,3.0734,3.0729,3.0729,3.0784,3.0784,3.0779,3.0779,2
2026-05-12 10:20:00,3.0724,3.0734,3.0719,3.0734,3.0774,3.0784,3.0769,3.0784,4
2026-05-12 10:21:00,3.0724,3.0729,3.0709,3.0709,3.0774,3.0779,3.0759,3.0759,8
2026-05-12 10:22:00,3.0694,3.0704,3.0689,3.0694,3.0744,3.0754,3.0739,3.0744,8
2026-05-12 10:23:00,3.0689,3.0694,3.0684,3.0684,3.0739,3.0744,3.0734,3.0734,6
2026-05-12 10:24:00,3.0694,3.0694,3.0684,3.0689,3.0744,3.0744,3.0734,3.0739,26
2026-05-12 10:25:00,3.0694,3.0729,3.0689,3.0719,3.0744,3.0779,3.0739,3.0769,16
2026-05-12 10:26:00,3.0724,3.0739,3.0719,3.0724,3.0774,3.0789,3.0769,3.0774,9
2026-05-12 10:27:00,3.0719,3.0734,3.0719,3.0734,3.0769,3.0784,3.0769,3.0784,12
2026-05-12 10:28:00,3.0739,3.0744,3.0729,3.0734,3.0789,3.0794,3.0779,3.0784,7
2026-05-12 10:29:00,3.0729,3.0744,3.0729,3.0739,3.0779,3.0794,3.0779,3.0789,8
2026-05-12 10:30:00,3.0734,3.0734,3.0704,3.0714,3.0784,3.0784,3.0754,3.0764,16
2026-05-12 10:32:00,3.0704,3.0714,3.0704,3.0704,3.0754,3.0764,3.0754,3.0754,4
2026-05-12 10:33:00,3.0709,3.0714,3.0709,3.0714,3.0759,3.0764,3.0759,3.0764,2
2026-05-12 10:34:00,3.0704,3.0724,3.0704,3.0719,3.0754,3.0774,3.0754,3.0769,3
2026-05-12 10:35:00,3.0714,3.0734,3.0714,3.0734,3.0764,3.0784,3.0764,3.0784,7
2026-05-12 10:36:00,3.0744,3.0744,3.0734,3.0744,3.0794,3.0794,3.0784,3.0794,4
2026-05-12 10:37:00,3.0739,3.0739,3.0724,3.0729,3.0789,3.0789,3.0774,3.0779,4
2026-05-12 10:38:00,3.0734,3.0734,3.0724,3.0724,3.0784,3.0784,3.0774,3.0774,2
2026-05-12 10:40:00,3.0734,3.0734,3.0724,3.0724,3.0784,3.0784,3.0774,3.0774,2
2026-05-12 10:41:00,3.0729,3.0744,3.0729,3.0734,3.0779,3.0794,3.0779,3.0784,5
2026-05-12 10:42:00,3.0739,3.0744,3.0739,3.0744,3.0789,3.0794,3.0789,3.0794,2
2026-05-12 10:43:00,3.0739,3.0744,3.0724,3.0734,3.0789,3.0794,3.0774,3.0784,7
2026-05-12 10:45:00,3.0729,3.0729,3.0719,3.0719,3.0779,3.0779,3.0769,3.0769,9
2026-05-12 10:46:00,3.0724,3.0729,3.0719,3.0729,3.0774,3.0779,3.0769,3.0779,10
2026-05-12 10:47:00,3.0724,3.0724,3.0714,3.0714,3.0774,3.0774,3.0764,3.0764,4
2026-05-12 10:48:00,3.0719,3.0724,3.0719,3.0719,3.0769,3.0774,3.0769,3.0769,5
2026-05-12 10:49:00,3.0724,3.0724,3.0714,3.0724,3.0774,3.0774,3.0764,3.0774,7
2026-05-12 10:50:00,3.0729,3.0754,3.0729,3.0754,3.0779,3.0804,3.0779,3.0804,6
2026-05-12 10:51:00,3.0759,3.0759,3.0744,3.0754,3.0809,3.0809,3.0794,3.0804,4
2026-05-12 10:53:00,3.0744,3.0744,3.0724,3.0724,3.0794,3.0794,3.0774,3.0774,4
2026-05-12 10:56:00,3.0714,3.0714,3.0704,3.0704,3.0764,3.0764,3.0754,3.0754,4
2026-05-12 10:57:00,3.0699,3.0704,3.0694,3.0694,3.0749,3.0754,3.0744,3.0744,5
2026-05-12 10:58:00,3.0704,3.0714,3.0694,3.0694,3.0754,3.0764,3.0744,3.0744,6
2026-05-12 10:59:00,3.0699,3.0714,3.0699,3.0714,3.0749,3.0764,3.0749,3.0764,6
2026-05-12 11:00:00,3.0719,3.0719,3.0704,3.0714,3.0769,3.0769,3.0754,3.0764,9
2026-05-12 11:01:00,3.0719,3.0719,3.0674,3.0684,3.0769,3.0769,3.0724,3.0734,14
2026-05-12 11:02:00,3.0679,3.0684,3.0664,3.0664,3.0729,3.0734,3.0714,3.0714,7
2026-05-12 11:03:00,3.0674,3.0674,3.0674,3.0674,3.0724,3.0724,3.0724,3.0724,1
2026-05-12 11:04:00,3.0654,3.0699,3.0634,3.0694,3.0704,3.0749,3.0684,3.0744,15
2026-05-12 11:05:00,3.0704,3.0719,3.0694,3.0719,3.0754,3.0769,3.0744,3.0769,10
2026-05-12 11:06:00,3.0709,3.0709,3.0699,3.0699,3.0759,3.0759,3.0749,3.0749,3
2026-05-12 11:07:00,3.0694,3.0694,3.0684,3.0684,3.0744,3.0744,3.0734,3.0734,2
2026-05-12 11:08:00,3.0694,3.0704,3.0684,3.0699,3.0744,3.0754,3.0734,3.0749,14
2026-05-12 11:09:00,3.0704,3.0704,3.0694,3.0699,3.0754,3.0754,3.0744,3.0749,33
2026-05-12 11:10:00,3.0694,3.0704,3.0694,3.0704,3.0744,3.0754,3.0744,3.0754,4
2026-05-12 11:11:00,3.0714,3.0714,3.0714,3.0714,3.0764,3.0764,3.0764,3.0764,1
2026-05-12 11:12:00,3.0709,3.0714,3.0704,3.0704,3.0759,3.0764,3.0754,3.0754,5
2026-05-12 11:13:00,3.0699,3.0699,3.0679,3.0684,3.0749,3.0749,3.0729,3.0734,7
2026-05-12 11:14:00,3.0679,3.0684,3.0674,3.0674,3.0729,3.0734,3.0724,3.0724,4
2026-05-12 11:15:00,3.0669,3.0674,3.0669,3.0674,3.0719,3.0724,3.0719,3.0724,4
2026-05-12 11:16:00,3.0669,3.0669,3.0659,3.0664,3.0719,3.0719,3.0709,3.0714,8
2026-05-12 11:17:00,3.0654,3.0654,3.0644,3.0644,3.0704,3.0704,3.0694,3.0694,3
2026-05-12 11:18:00,3.0649,3.0654,3.0644,3.0644,3.0699,3.0704,3.0694,3.0694,3
2026-05-12 11:19:00,3.0654,3.0664,3.0644,3.0644,3.0704,3.0714,3.0694,3.0694,10
2026-05-12 11:20:00,3.0649,3.0649,3.0644,3.0644,3.0699,3.0699,3.0694,3.0694,2
2026-05-12 11:21:00,3.0649,3.0654,3.0634,3.0634,3.0699,3.0704,3.0684,3.0684,6
2026-05-12 11:23:00,3.0639,3.0644,3.0624,3.0624,3.0689,3.0694,3.0674,3.0674,16
2026-05-12 11:24:00,3.0634,3.0634,3.0634,3.0634,3.0684,3.0684,3.0684,3.0684,1
2026-05-12 11:27:00,3.0624,3.0634,3.0624,3.0624,3.0674,3.0684,3.0674,3.0674,7
2026-05-12 11:28:00,3.0629,3.0634,3.0624,3.0634,3.0679,3.0684,3.0674,3.0684,4
2026-05-12 11:29:00,3.0639,3.0639,3.0629,3.0634,3.0689,3.0689,3.0679,3.0684,4
2026-05-12 11:30:00,3.0624,3.0634,3.0599,3.0619,3.0674,3.0684,3.0649,3.0669,35
2026-05-12 11:31:00,3.0624,3.0644,3.0624,3.0644,3.0674,3.0694,3.0674,3.0694,3
2026-05-12 11:32:00,3.0634,3.0634,3.0624,3.0624,3.0684,3.0684,3.0674,3.0674,3
2026-05-12 11:33:00,3.0629,3.0634,3.0624,3.0624,3.0679,3.0684,3.0674,3.0674,6
2026-05-12 11:34:00,3.0619,3.0634,3.0614,3.0634,3.0669,3.0684,3.0664,3.0684,14
2026-05-12 11:35:00,3.0629,3.0629,3.0619,3.0624,3.0679,3.0679,3.0669,3.0674,4
2026-05-12 11:36:00,3.0629,3.0629,3.0624,3.0624,3.0679,3.0679,3.0674,3.0674,2
2026-05-12 11:39:00,3.0614,3.0624,3.0614,3.0619,3.0664,3.0674,3.0664,3.0669,7
2026-05-12 11:40:00,3.0624,3.0664,3.0619,3.0664,3.0674,3.0714,3.0669,3.0714,13
2026-05-12 11:41:00,3.0674,3.0694,3.0664,3.0684,3.0724,3.0744,3.0714,3.0734,14
2026-05-12 11:42:00,3.0694,3.0694,3.0684,3.0689,3.0744,3.0744,3.0734,3.0739,6
2026-05-12 11:43:00,3.0684,3.0709,3.0684,3.0709,3.0734,3.0759,3.0734,3.0759,4
2026-05-12 11:44:00,3.0714,3.0724,3.0684,3.0724,3.0764,3.0774,3.0734,3.0774,11
2026-05-12 11:45:00,3.0729,3.0769,3.0724,3.0764,3.0779,3.0819,3.0774,3.0814,22
2026-05-12 11:46:00,3.0754,3.0774,3.0724,3.0729,3.0804,3.0824,3.0774,3.0779,22
2026-05-12 11:47:00,3.0724,3.0744,3.0704,3.0734,3.0774,3.0794,3.0754,3.0784,18
2026-05-12 11:48:00,3.0739,3.0744,3.0734,3.0744,3.0789,3.0794,3.0784,3.0794,5
2026-05-12 11:50:00,3.0734,3.0744,3.0734,3.0734,3.0784,3.0794,3.0784,3.0784,7
2026-05-12 11:51:00,3.0744,3.0744,3.0734,3.0739,3.0794,3.0794,3.0784,3.0789,11
2026-05-12 11:52:00,3.0744,3.0744,3.0709,3.0709,3.0794,3.0794,3.0759,3.0759,18
2026-05-12 11:53:00,3.0704,3.0714,3.0699,3.0699,3.0754,3.0764,3.0749,3.0749,4
2026-05-12 11:54:00,3.0704,3.0714,3.0699,3.0699,3.0754,3.0764,3.0749,3.0749,4
2026-05-12 11:55:00,3.0709,3.0714,3.0699,3.0704,3.0759,3.0764,3.0749,3.0754,12
2026-05-12 11:56:00,3.0709,3.0709,3.0704,3.0704,3.0759,3.0759,3.0754,3.0754,2
2026-05-12 11:57:00,3.0699,3.0729,3.0699,3.0729,3.0749,3.0779,3.0749,3.0779,10
2026-05-12 11:58:00,3.0734,3.0739,3.0734,3.0734,3.0784,3.0789,3.0784,3.0784,13
2026-05-12 12:00:00,3.0729,3.0749,3.0724,3.0739,3.0779,3.0799,3.0774,3.0789,13
2026-05-12 12:01:00,3.0734,3.0749,3.0734,3.0734,3.0784,3.0799,3.0784,3.0784,10
2026-05-12 12:02:00,3.0729,3.0729,3.0709,3.0714,3.0779,3.0779,3.0759,3.0764,6
2026-05-12 12:03:00,3.0709,3.0719,3.0704,3.0719,3.0759,3.0769,3.0754,3.0769,7
2026-05-12 12:04:00,3.0714,3.0724,3.0714,3.0724,3.0764,3.0774,3.0764,3.0774,2
2026-05-12 12:05:00,3.0744,3.0764,3.0744,3.0759,3.0794,3.0814,3.0794,3.0809,28
2026-05-12 12:06:00,3.0754,3.0764,3.0734,3.0734,3.0804,3.0814,3.0784,3.0784,19
2026-05-12 12:07:00,3.0724,3.0734,3.0714,3.0724,3.0774,3.0784,3.0764,3.0774,9
2026-05-12 12:08:00,3.0719,3.0724,3.0694,3.0724,3.0769,3.0774,3.0744,3.0774,13
2026-05-12 12:09:00,3.0714,3.0734,3.0714,3.0734,3.0764,3.0784,3.0764,3.0784,13
2026-05-12 12:10:00,3.0744,3.0744,3.0724,3.0724,3.0794,3.0794,3.0774,3.0774,15
2026-05-12 12:11:00,3.0714,3.0714,3.0699,3.0704,3.0764,3.0764,3.0749,3.0754,5
2026-05-12 12:12:00,3.0699,3.0714,3.0694,3.0704,3.0749,3.0764,3.0744,3.0754,7
2026-05-12 12:13:00,3.0694,3.0754,3.0694,3.0754,3.0744,3.0804,3.0744,3.0804,11
2026-05-12 12:14:00,3.0744,3.0749,3.0744,3.0749,3.0794,3.0799,3.0794,3.0799,2
2026-05-12 12:15:00,3.0744,3.0754,3.0744,3.0754,3.0794,3.0804,3.0794,3.0804,3
2026-05-12 12:16:00,3.0749,3.0749,3.0719,3.0719,3.0799,3.0799,3.0769,3.0769,11
2026-05-12 12:17:00,3.0724,3.0724,3.0719,3.0719,3.0774,3.0774,3.0769,3.0769,6
2026-05-12 12:18:00,3.0714,3.0714,3.0709,3.0714,3.0764,3.0764,3.0759,3.0764,7
2026-05-12 12:19:00,3.0724,3.0724,3.0714,3.0714,3.0774,3.0774,3.0764,3.0764,6
2026-05-12 12:20:00,3.0704,3.0714,3.0684,3.0704,3.0754,3.0764,3.0734,3.0754,15
2026-05-12 12:21:00,3.0699,3.0704,3.0699,3.0704,3.0749,3.0754,3.0749,3.0754,2
2026-05-12 12:22:00,3.0714,3.0714,3.0709,3.0714,3.0764,3.0764,3.0759,3.0764,3
2026-05-12 12:23:00,3.0719,3.0734,3.0719,3.0719,3.0769,3.0784,3.0769,3.0769,7
2026-05-12 12:24:00,3.0724,3.0744,3.0719,3.0744,3.0774,3.0794,3.0769,3.0794,8
2026-05-12 12:25:00,3.0734,3.0744,3.0734,3.0734,3.0784,3.0794,3.0784,3.0784,10
2026-05-12 12:26:00,3.0744,3.0744,3.0744,3.0744,3.0794,3.0794,3.0794,3.0794,1
2026-05-12 12:27:00,3.0734,3.0734,3.0719,3.0724,3.0784,3.0784,3.0769,3.0774,8
2026-05-12 12:28:00,3.0714,3.0714,3.0714,3.0714,3.0764,3.0764,3.0764,3.0764,1
2026-05-12 12:29:00,3.0724,3.0724,3.0714,3.0719,3.0774,3.0774,3.0764,3.0769,8
2026-05-12 12:30:00,3.0714,3.0724,3.0704,3.0714,3.0764,3.0774,3.0754,3.0764,18
2026-05-12 12:31:00,3.0709,3.0714,3.0704,3.0714,3.0759,3.0764,3.0754,3.0764,8
2026-05-12 12:32:00,3.0704,3.0714,3.0704,3.0704,3.0754,3.0764,3.0754,3.0754,5
2026-05-12 12:34:00,3.0714,3.0734,3.0709,3.0724,3.0764,3.0784,3.0759,3.0774,13
2026-05-12 12:35:00,3.0729,3.0729,3.0719,3.0724,3.0779,3.0779,3.0769,3.0774,4
2026-05-12 12:36:00,3.0714,3.0724,3.0714,3.0719,3.0764,3.0774,3.0764,3.0769,14
2026-05-12 12:37:00,3.0724,3.0724,3.0714,3.0714,3.0774,3.0774,3.0764,3.0764,6
2026-05-12 12:38:00,3.0704,3.0714,3.0704,3.0714,3.0754,3.0764,3.0754,3.0764,3
2026-05-12 12:39:00,3.0724,3.0744,3.0724,3.0729,3.0774,3.0794,3.0774,3.0779,8
2026-05-12 12:40:00,3.0724,3.0734,3.0714,3.0714,3.0774,3.0784,3.0764,3.0764,4
2026-05-12 12:41:00,3.0709,3.0714,3.0704,3.0704,3.0759,3.0764,3.0754,3.0754,7
2026-05-12 12:42:00,3.0709,3.0709,3.0694,3.0704,3.0759,3.0759,3.0744,3.0754,5
2026-05-12 12:43:00,3.0699,3.0774,3.0699,3.0764,3.0749,3.0824,3.0749,3.0814,18
2026-05-12 12:44:00,3.0769,3.0784,3.0769,3.0784,3.0819,3.0834,3.0819,3.0834,7
2026-05-12 12:45:00,3.0779,3.0779,3.0724,3.0734,3.0829,3.0829,3.0774,3.0784,10
2026-05-12 12:46:00,3.0729,3.0729,3.0704,3.0714,3.0779,3.0779,3.0754,3.0764,15
2026-05-12 12:47:00,3.0719,3.0724,3.0714,3.0724,3.0769,3.0774,3.0764,3.0774,5
2026-05-12 12:48:00,3.0714,3.0724,3.0714,3.0714,3.0764,3.0774,3.0764,3.0764,5
2026-05-12 12:49:00,3.0704,3.0704,3.0704,3.0704,3.0754,3.0754,3.0754,3.0754,1
2026-05-12 12:50:00,3.0699,3.0704,3.0699,3.0704,3.0749,3.0754,3.0749,3.0754,4
2026-05-12 12:51:00,3.0714,3.0714,3.0704,3.0704,3.0764,3.0764,3.0754,3.0754,16
2026-05-12 12:52:00,3.0699,3.0704,3.0699,3.0704,3.0749,3.0754,3.0749,3.0754,4
2026-05-12 12:53:00,3.0694,3.0699,3.0694,3.0699,3.0744,3.0749,3.0744,3.0749,2
2026-05-12 12:54:00,3.0704,3.0704,3.0694,3.0694,3.0754,3.0754,3.0744,3.0744,5
2026-05-12 12:55:00,3.0689,3.0689,3.0644,3.0644,3.0739,3.0739,3.0694,3.0694,9
2026-05-12 12:56:00,3.0634,3.0644,3.0614,3.0644,3.0684,3.0694,3.0664,3.0694,8
2026-05-12 12:57:00,3.0649,3.0664,3.0649,3.0654,3.0699,3.0714,3.0699,3.0704,11
2026-05-12 12:58:00,3.0659,3.0664,3.0654,3.0654,3.0709,3.0714,3.0704,3.0704,6
2026-05-12 12:59:00,3.0659,3.0664,3.0659,3.0659,3.0709,3.0714,3.0709,3.0709,3
2026-05-12 13:00:00,3.0664,3.0724,3.0664,3.0704,3.0714,3.0774,3.0714,3.0754,28
2026-05-12 13:01:00,3.0699,3.0704,3.0654,3.0664,3.0749,3.0754,3.0704,3.0714,15
2026-05-12 13:02:00,3.0669,3.0674,3.0654,3.0659,3.0719,3.0724,3.0704,3.0709,14
2026-05-12 13:03:00,3.0654,3.0664,3.0654,3.0664,3.0704,3.0714,3.0704,3.0714,9
2026-05-12 13:04:00,3.0659,3.0664,3.0634,3.0664,3.0709,3.0714,3.0684,3.0714,6
2026-05-12 13:05:00,3.0669,3.0669,3.0654,3.0654,3.0719,3.0719,3.0704,3.0704,17
2026-05-12 13:06:00,3.0644,3.0644,3.0554,3.0574,3.0694,3.0694,3.0604,3.0624,33
2026-05-12 13:07:00,3.0564,3.0574,3.0544,3.0554,3.0614,3.0624,3.0594,3.0604,17
2026-05-12 13:08:00,3.0549,3.0564,3.0544,3.0554,3.0599,3.0614,3.0594,3.0604,10
2026-05-12 13:09:00,3.0549,3.0549,3.0544,3.0544,3.0599,3.0599,3.0594,3.0594,2
2026-05-12 13:10:00,3.0534,3.0554,3.0494,3.0514,3.0584,3.0604,3.0544,3.0564,37
2026-05-12 13:11:00,3.0504,3.0504,3.0484,3.0484,3.0554,3.0554,3.0534,3.0534,17
2026-05-12 13:12:00,3.0489,3.0494,3.0464,3.0484,3.0539,3.0544,3.0514,3.0534,12
2026-05-12 13:13:00,3.0494,3.0544,3.0494,3.0544,3.0544,3.0594,3.0544,3.0594,21
2026-05-12 13:14:00,3.0539,3.0549,3.0524,3.0544,3.0589,3.0599,3.0574,3.0594,7
2026-05-12 13:15:00,3.0539,3.0564,3.0534,3.0564,3.0589,3.0614,3.0584,3.0614,7
2026-05-12 13:16:00,3.0554,3.0584,3.0544,3.0569,3.0604,3.0634,3.0594,3.0619,20
2026-05-12 13:17:00,3.0564,3.0564,3.0544,3.0554,3.0614,3.0614,3.0594,3.0604,6
2026-05-12 13:18:00,3.0564,3.0594,3.0564,3.0589,3.0614,3.0644,3.0614,3.0639,13
2026-05-12 13:19:00,3.0594,3.0614,3.0579,3.0594,3.0644,3.0664,3.0629,3.0644,22
2026-05-12 13:20:00,3.0589,3.0589,3.0539,3.0549,3.0639,3.0639,3.0589,3.0599,23
2026-05-12 13:21:00,3.0554,3.0559,3.0529,3.0534,3.0604,3.0609,3.0579,3.0584,13
2026-05-12 13:22:00,3.0544,3.0544,3.0524,3.0539,3.0594,3.0594,3.0574,3.0589,7
2026-05-12 13:23:00,3.0544,3.0544,3.0519,3.0524,3.0594,3.0594,3.0569,3.0574,9
2026-05-12 13:24:00,3.0529,3.0539,3.0524,3.0524,3.0579,3.0589,3.0574,3.0574,6
2026-05-12 13:25:00,3.0514,3.0524,3.0509,3.0524,3.0564,3.0574,3.0559,3.0574,6
2026-05-12 13:26:00,3.0514,3.0514,3.0474,3.0494,3.0564,3.0564,3.0524,3.0544,25
2026-05-12 13:27:00,3.0484,3.0494,3.0484,3.0494,3.0534,3.0544,3.0534,3.0544,2
2026-05-12 13:28:00,3.0504,3.0504,3.0494,3.0504,3.0554,3.0554,3.0544,3.0554,7
2026-05-12 13:29:00,3.0494,3.0524,3.0494,3.0524,3.0544,3.0574,3.0544,3.0574,19
2026-05-12 13:30:00,3.0514,3.0534,3.0494,3.0494,3.0564,3.0584,3.0544,3.0544,14
2026-05-12 13:31:00,3.0499,3.0514,3.0489,3.0489,3.0549,3.0564,3.0539,3.0539,28
2026-05-12 13:32:00,3.0494,3.0534,3.0494,3.0509,3.0544,3.0584,3.0544,3.0559,16
2026-05-12 13:33:00,3.0504,3.0514,3.0499,3.0509,3.0554,3.0564,3.0549,3.0559,9
2026-05-12 13:34:00,3.0504,3.0504,3.0349,3.0404,3.0554,3.0554,3.0399,3.0454,57
2026-05-12 13:35:00,3.0414,3.0444,3.0399,3.0404,3.0464,3.0494,3.0449,3.0454,22
2026-05-12 13:36:00,3.0414,3.0419,3.0404,3.0414,3.0464,3.0469,3.0454,3.0464,11
2026-05-12 13:37:00,3.0409,3.0444,3.0404,3.0434,3.0459,3.0494,3.0454,3.0484,28
2026-05-12 13:38:00,3.0444,3.0459,3.0434,3.0449,3.0494,3.0509,3.0484,3.0499,10
2026-05-12 13:39:00,3.0444,3.0514,3.0444,3.0514,3.0494,3.0564,3.0494,3.0564,20
2026-05-12 13:40:00,3.0524,3.0534,3.0504,3.0514,3.0574,3.0584,3.0554,3.0564,19
2026-05-12 13:41:00,3.0509,3.0524,3.0434,3.0444,3.0559,3.0574,3.0484,3.0494,28
2026-05-12 13:42:00,3.0434,3.0434,3.0419,3.0424,3.0484,3.0484,3.0469,3.0474,13
2026-05-12 13:43:00,3.0419,3.0444,3.0404,3.0444,3.0469,3.0494,3.0454,3.0494,10
2026-05-12 13:44:00,3.0439,3.0454,3.0434,3.0434,3.0489,3.0504,3.0484,3.0484,21
2026-05-12 13:45:00,3.0424,3.0424,3.0404,3.0404,3.0474,3.0474,3.0454,3.0454,19
2026-05-12 13:46:00,3.0414,3.0444,3.0414,3.0434,3.0464,3.0494,3.0464,3.0484,19
2026-05-12 13:47:00,3.0439,3.0524,3.0419,3.0509,3.0489,3.0574,3.0469,3.0559,43
2026-05-12 13:48:00,3.0504,3.0504,3.0479,3.0479,3.0554,3.0554,3.0529,3.0529,22
2026-05-12 13:49:00,3.0484,3.0494,3.0459,3.0464,3.0534,3.0544,3.0509,3.0514,13
2026-05-12 13:50:00,3.0454,3.0474,3.0444,3.0474,3.0504,3.0524,3.0494,3.0524,11
2026-05-12 13:51:00,3.0459,3.0464,3.0444,3.0459,3.0509,3.0514,3.0494,3.0509,10
2026-05-12 13:52:00,3.0449,3.0494,3.0424,3.0484,3.0499,3.0544,3.0474,3.0534,39
2026-05-12 13:53:00,3.0479,3.0494,3.0464,3.0479,3.0529,3.0544,3.0514,3.0529,43
2026-05-12 13:54:00,3.0484,3.0484,3.0434,3.0444,3.0534,3.0534,3.0484,3.0494,45
2026-05-12 13:55:00,3.0439,3.0454,3.0394,3.0414,3.0489,3.0504,3.0444,3.0464,22
2026-05-12 13:56:00,3.0409,3.0424,3.0399,3.0399,3.0459,3.0474,3.0449,3.0449,19
2026-05-12 13:57:00,3.0404,3.0424,3.0394,3.0414,3.0454,3.0474,3.0444,3.0464,22
2026-05-12 13:58:00,3.0419,3.0444,3.0419,3.0424,3.0469,3.0494,3.0469,3.0474,11
2026-05-12 13:59:00,3.0419,3.0434,3.0394,3.0424,3.0469,3.0484,3.0444,3.0474,34
2026-05-12 14:00:00,3.0434,3.0449,3.0414,3.0424,3.0484,3.0499,3.0464,3.0474,31
2026-05-12 14:01:00,3.0419,3.0484,3.0409,3.0464,3.0469,3.0534,3.0459,3.0514,38
2026-05-12 14:02:00,3.0459,3.0464,3.0424,3.0454,3.0509,3.0514,3.0474,3.0504,28
2026-05-12 14:03:00,3.0444,3.0444,3.0419,3.0419,3.0494,3.0494,3.0469,3.0469,8
2026-05-12 14:04:00,3.0424,3.0444,3.0424,3.0424,3.0474,3.0494,3.0474,3.0474,13
2026-05-12 14:05:00,3.0434,3.0434,3.0419,3.0429,3.0484,3.0484,3.0469,3.0479,22
2026-05-12 14:06:00,3.0424,3.0474,3.0424,3.0459,3.0474,3.0524,3.0474,3.0509,35
2026-05-12 14:07:00,3.0454,3.0464,3.0434,3.0434,3.0504,3.0514,3.0484,3.0484,24
2026-05-12 14:08:00,3.0439,3.0469,3.0439,3.0454,3.0489,3.0519,3.0489,3.0504,31
2026-05-12 14:09:00,3.0444,3.0479,3.0434,3.0434,3.0494,3.0529,3.0484,3.0484,24
2026-05-12 14:10:00,3.0439,3.0454,3.0429,3.0429,3.0489,3.0504,3.0479,3.0479,17
2026-05-12 14:11:00,3.0434,3.0444,3.0414,3.0424,3.0484,3.0494,3.0464,3.0474,24
2026-05-12 14:12:00,3.0434,3.0434,3.0414,3.0414,3.0484,3.0484,3.0464,3.0464,5
2026-05-12 14:13:00,3.0404,3.0414,3.0404,3.0414,3.0454,3.0464,3.0454,3.0464,4
2026-05-12 14:14:00,3.0404,3.0424,3.0384,3.0414,3.0454,3.0474,3.0434,3.0464,23
2026-05-12 14:15:00,3.0419,3.0419,3.0384,3.0394,3.0469,3.0469,3.0434,3.0444,25
2026-05-12 14:16:00,3.0384,3.0414,3.0364,3.0414,3.0434,3.0464,3.0414,3.0464,27
2026-05-12 14:17:00,3.0404,3.0414,3.0394,3.0414,3.0454,3.0464,3.0444,3.0464,9
2026-05-12 14:18:00,3.0404,3.0404,3.0224,3.0239,3.0454,3.0454,3.0274,3.0289,78
2026-05-12 14:19:00,3.0234,3.0244,3.0194,3.0234,3.0284,3.0294,3.0244,3.0284,25
2026-05-12 14:20:00,3.0239,3.0254,3.0214,3.0244,3.0289,3.0304,3.0264,3.0294,37
2026-05-12 14:21:00,3.0249,3.0314,3.0249,3.0294,3.0299,3.0364,3.0299,3.0344,40
2026-05-12 14:22:00,3.0304,3.0304,3.0264,3.0264,3.0354,3.0354,3.0314,3.0314,27
2026-05-12 14:23:00,3.0259,3.0269,3.0234,3.0269,3.0309,3.0319,3.0284,3.0319,21
2026-05-12 14:24:00,3.0274,3.0294,3.0259,3.0284,3.0324,3.0344,3.0309,3.0334,24
2026-05-12 14:25:00,3.0274,3.0274,3.0244,3.0264,3.0324,3.0324,3.0294,3.0314,23
2026-05-12 14:26:00,3.0259,3.0284,3.0259,3.0284,3.0309,3.0334,3.0309,3.0334,17
2026-05-12 14:27:00,3.0279,3.0279,3.0269,3.0274,3.0329,3.0329,3.0319,3.0324,6
2026-05-12 14:28:00,3.0279,3.0284,3.0244,3.0244,3.0329,3.0334,3.0294,3.0294,30
2026-05-12 14:29:00,3.0249,3.0274,3.0244,3.0254,3.0299,3.0324,3.0294,3.0304,27
2026-05-12 14:30:00,3.0249,3.0249,3.0194,3.0204,3.0299,3.0299,3.0244,3.0254,22
2026-05-12 14:31:00,3.0199,3.0244,3.0194,3.0219,3.0249,3.0294,3.0244,3.0269,31
2026-05-12 14:32:00,3.0224,3.0234,3.0154,3.0214,3.0274,3.0284,3.0204,3.0264,43
2026-05-12 14:33:00,3.0209,3.0459,3.0194,3.0419,3.0259,3.0509,3.0244,3.0469,91
2026-05-12 14:34:00,3.0414,3.0424,3.0359,3.0364,3.0464,3.0474,3.0409,3.0414,56
2026-05-12 14:35:00,3.0369,3.0414,3.0344,3.0359,3.0419,3.0464,3.0394,3.0409,63
2026-05-12 14:36:00,3.0354,3.0364,3.0294,3.0354,3.0404,3.0414,3.0344,3.0404,60
2026-05-12 14:37:00,3.0364,3.0389,3.0324,3.0369,3.0414,3.0439,3.0374,3.0419,26
2026-05-12 14:38:00,3.0374,3.0374,3.0304,3.0309,3.0424,3.0424,3.0354,3.0359,25
2026-05-12 14:39:00,3.0304,3.0309,3.0254,3.0274,3.0354,3.0359,3.0304,3.0324,31
2026-05-12 14:40:00,3.0264,3.0354,3.0254,3.0354,3.0314,3.0404,3.0304,3.0404,42
2026-05-12 14:41:00,3.0344,3.0354,3.0304,3.0334,3.0394,3.0404,3.0354,3.0384,42
2026-05-12 14:42:00,3.0339,3.0414,3.0339,3.0374,3.0389,3.0464,3.0389,3.0424,37
2026-05-12 14:43:00,3.0364,3.0434,3.0354,3.0424,3.0414,3.0484,3.0404,3.0474,45
2026-05-12 14:44:00,3.0414,3.0444,3.0384,3.0389,3.0464,3.0494,3.0434,3.0439,28
2026-05-12 14:45:00,3.0394,3.0394,3.0354,3.0364,3.0444,3.0444,3.0404,3.0414,22
2026-05-12 14:46:00,3.0354,3.0374,3.0324,3.0324,3.0404,3.0424,3.0374,3.0374,13
2026-05-12 14:47:00,3.0334,3.0339,3.0304,3.0324,3.0384,3.0389,3.0354,3.0374,30
2026-05-12 14:48:00,3.0329,3.0334,3.0319,3.0324,3.0379,3.0384,3.0369,3.0374,16
2026-05-12 14:49:00,3.0314,3.0334,3.0304,3.0319,3.0364,3.0384,3.0354,3.0369,20
2026-05-12 14:50:00,3.0314,3.0329,3.0264,3.0269,3.0364,3.0379,3.0314,3.0319,21
2026-05-12 14:51:00,3.0274,3.0274,3.0244,3.0259,3.0324,3.0324,3.0294,3.0309,13
2026-05-12 14:52:00,3.0254,3.0254,3.0234,3.0244,3.0304,3.0304,3.0284,3.0294,17
2026-05-12 14:53:00,3.0234,3.0244,3.0204,3.0234,3.0284,3.0294,3.0254,3.0284,32
2026-05-12 14:54:00,3.0229,3.0244,3.0214,3.0244,3.0279,3.0294,3.0264,3.0294,17
2026-05-12 14:55:00,3.0254,3.0254,3.0164,3.0169,3.0304,3.0304,3.0214,3.0219,26
2026-05-12 14:56:00,3.0174,3.0174,3.0084,3.0104,3.0224,3.0224,3.0134,3.0154,62
2026-05-12 14:57:00,3.0109,3.0124,3.0094,3.0124,3.0159,3.0174,3.0144,3.0174,51
2026-05-12 14:58:00,3.0129,3.0134,3.0094,3.0094,3.0179,3.0184,3.0144,3.0144,29
2026-05-12 14:59:00,3.0099,3.0104,3.0054,3.0054,3.0149,3.0154,3.0104,3.0104,71
2026-05-12 15:00:00,3.0059,3.0164,3.0004,3.0089,3.0109,3.0214,3.0054,3.0139,94
2026-05-12 15:01:00,3.0084,3.0094,3.0014,3.0074,3.0134,3.0144,3.0064,3.0124,92
2026-05-12 15:02:00,3.0094,3.0124,3.0054,3.0114,3.0144,3.0174,3.0104,3.0164,52
2026-05-12 15:03:00,3.0109,3.0124,3.0064,3.0084,3.0159,3.0174,3.0114,3.0134,51
2026-05-12 15:04:00,3.0094,3.0134,3.0094,3.0134,3.0144,3.0184,3.0144,3.0184,20
2026-05-12 15:05:00,3.0124,3.0174,3.0064,3.0084,3.0174,3.0224,3.0114,3.0134,71
2026-05-12 15:06:00,3.0074,3.0084,3.0034,3.0084,3.0124,3.0134,3.0084,3.0134,76
2026-05-12 15:07:00,3.0074,3.0114,3.0074,3.0114,3.0124,3.0164,3.0124,3.0164,28
2026-05-12 15:08:00,3.0109,3.0144,3.0084,3.0139,3.0159,3.0194,3.0134,3.0189,37
2026-05-12 15:09:00,3.0134,3.0199,3.0094,3.0169,3.0184,3.0249,3.0144,3.0219,69
2026-05-12 15:10:00,3.0179,3.0184,3.0154,3.0159,3.0229,3.0234,3.0204,3.0209,32
2026-05-12 15:11:00,3.0149,3.0154,3.0104,3.0114,3.0199,3.0204,3.0154,3.0164,37
2026-05-12 15:12:00,3.0119,3.0164,3.0104,3.0134,3.0169,3.0214,3.0154,3.0184,28
2026-05-12 15:13:00,3.0144,3.0154,3.0124,3.0139,3.0194,3.0204,3.0174,3.0189,31
2026-05-12 15:14:00,3.0134,3.0144,3.0084,3.0104,3.0184,3.0194,3.0134,3.0154,20
2026-05-12 15:15:00,3.0099,3.0124,3.0034,3.0034,3.0149,3.0174,3.0084,3.0084,47
2026-05-12 15:16:00,3.0029,3.0029,2.9944,2.9964,3.0079,3.0079,2.9994,3.0014,52
2026-05-12 15:17:00,2.9954,3.0034,2.9954,3.0024,3.0004,3.0084,3.0004,3.0074,54
2026-05-12 15:18:00,3.0014,3.0024,2.9984,3.0014,3.0064,3.0074,3.0034,3.0064,34
2026-05-12 15:19:00,3.0009,3.0034,3.0009,3.0024,3.0059,3.0084,3.0059,3.0074,16
2026-05-12 15:20:00,3.0014,3.0014,2.9984,2.9999,3.0064,3.0064,3.0034,3.0049,23
2026-05-12 15:21:00,3.0004,3.0074,3.0004,3.0059,3.0054,3.0124,3.0054,3.0109,24
2026-05-12 15:22:00,3.0049,3.0064,3.0034,3.0044,3.0099,3.0114,3.0084,3.0094,18
2026-05-12 15:23:00,3.0034,3.0044,3.0024,3.0034,3.0084,3.0094,3.0074,3.0084,14
2026-05-12 15:24:00,3.0044,3.0054,3.0034,3.0044,3.0094,3.0104,3.0084,3.0094,22
2026-05-12 15:25:00,3.0049,3.0074,3.0034,3.0074,3.0099,3.0124,3.0084,3.0124,37
2026-05-12 15:26:00,3.0064,3.0084,3.0054,3.0084,3.0114,3.0134,3.0104,3.0134,17
2026-05-12 15:27:00,3.0094,3.0184,3.0084,3.0174,3.0144,3.0234,3.0134,3.0224,67
2026-05-12 15:28:00,3.0169,3.0174,3.0114,3.0124,3.0219,3.0224,3.0164,3.0174,46
2026-05-12 15:29:00,3.0119,3.0124,3.0084,3.0084,3.0169,3.0174,3.0134,3.0134,22
2026-05-12 15:30:00,3.0094,3.0094,3.0054,3.0054,3.0144,3.0144,3.0104,3.0104,35
2026-05-12 15:31:00,3.0044,3.0049,2.9994,2.9994,3.0094,3.0099,3.0044,3.0044,54
2026-05-12 15:32:00,2.9989,2.9994,2.9919,2.9969,3.0039,3.0044,2.9969,3.0019,58
2026-05-12 15:33:00,2.9954,2.9964,2.9854,2.9864,3.0004,3.0014,2.9904,2.9914,74
2026-05-12 15:34:00,2.9854,2.9874,2.9839,2.9869,2.9904,2.9924,2.9889,2.9919,51
2026-05-12 15:35:00,2.9874,2.9894,2.9864,2.9894,2.9924,2.9944,2.9914,2.9944,50
2026-05-12 15:36:00,2.9884,2.9894,2.9824,2.9874,2.9934,2.9944,2.9874,2.9924,45
2026-05-12 15:37:00,2.9879,2.9934,2.9874,2.9914,2.9929,2.9984,2.9924,2.9964,42
2026-05-12 15:38:00,2.9909,2.9934,2.9904,2.9929,2.9959,2.9984,2.9954,2.9979,12
2026-05-12 15:39:00,2.9924,2.9934,2.9914,2.9924,2.9974,2.9984,2.9964,2.9974,27
2026-05-12 15:40:00,2.9919,2.9924,2.9874,2.9894,2.9969,2.9974,2.9924,2.9944,40
2026-05-12 15:41:00,2.9889,2.9894,2.9889,2.9894,2.9939,2.9944,2.9939,2.9944,4
2026-05-12 15:42:00,2.9889,2.9904,2.9874,2.9874,2.9939,2.9954,2.9924,2.9924,24
2026-05-12 15:43:00,2.9869,2.9894,2.9854,2.9894,2.9919,2.9944,2.9904,2.9944,26
2026-05-12 15:44:00,2.9884,2.9914,2.9874,2.9904,2.9934,2.9964,2.9924,2.9954,41
2026-05-12 15:45:00,2.9899,2.9904,2.9874,2.9874,2.9949,2.9954,2.9924,2.9924,33
2026-05-12 15:46:00,2.9864,2.9904,2.9864,2.9884,2.9914,2.9954,2.9914,2.9934,29
2026-05-12 15:47:00,2.9879,2.9884,2.9844,2.9844,2.9929,2.9934,2.9894,2.9894,24
2026-05-12 15:48:00,2.9839,2.9844,2.9774,2.9824,2.9889,2.9894,2.9824,2.9874,68
2026-05-12 15:49:00,2.9834,2.9894,2.9824,2.9874,2.9884,2.9944,2.9874,2.9924,29
2026-05-12 15:50:00,2.9879,2.9884,2.9864,2.9864,2.9929,2.9934,2.9914,2.9914,11
2026-05-12 15:51:00,2.9874,2.9874,2.9824,2.9824,2.9924,2.9924,2.9874,2.9874,29
2026-05-12 15:52:00,2.9814,2.9834,2.9804,2.9829,2.9864,2.9884,2.9854,2.9879,27
2026-05-12 15:53:00,2.9834,2.9834,2.9804,2.9804,2.9884,2.9884,2.9854,2.9854,11
2026-05-12 15:54:00,2.9799,2.9804,2.9754,2.9764,2.9849,2.9854,2.9804,2.9814,49
2026-05-12 15:55:00,2.9759,2.9774,2.9754,2.9764,2.9809,2.9824,2.9804,2.9814,22
2026-05-12 15:56:00,2.9759,2.9794,2.9754,2.9784,2.9809,2.9844,2.9804,2.9834,23
2026-05-12 15:57:00,2.9774,2.9774,2.9764,2.9774,2.9824,2.9824,2.9814,2.9824,17
2026-05-12 15:58:00,2.9769,2.9784,2.9754,2.9754,2.9819,2.9834,2.9804,2.9804,24
2026-05-12 15:59:00,2.9759,2.9784,2.9744,2.9784,2.9809,2.9834,2.9794,2.9834,62
2026-05-12 16:00:00,2.9794,2.9804,2.9764,2.9784,2.9844,2.9854,2.9814,2.9834,74
2026-05-12 16:01:00,2.9779,2.9834,2.9774,2.9814,2.9829,2.9884,2.9824,2.9864,74
2026-05-12 16:02:00,2.9804,2.9824,2.9804,2.9814,2.9854,2.9874,2.9854,2.9864,18
2026-05-12 16:03:00,2.9819,2.9854,2.9819,2.9844,2.9869,2.9904,2.9869,2.9894,34
2026-05-12 16:04:00,2.9854,2.9854,2.9794,2.9804,2.9904,2.9904,2.9844,2.9854,50
2026-05-12 16:05:00,2.9794,2.9834,2.9794,2.9814,2.9844,2.9884,2.9844,2.9864,82
2026-05-12 16:06:00,2.9809,2.9809,2.9734,2.9744,2.9859,2.9859,2.9784,2.9794,56
2026-05-12 16:07:00,2.9749,2.9794,2.9734,2.9784,2.9799,2.9844,2.9784,2.9834,56
2026-05-12 16:08:00,2.9779,2.9794,2.9744,2.9754,2.9829,2.9844,2.9794,2.9804,20
2026-05-12 16:09:00,2.9749,2.9749,2.9714,2.9724,2.9799,2.9799,2.9764,2.9774,32
2026-05-12 16:10:00,2.9734,2.9734,2.9714,2.9714,2.9784,2.9784,2.9764,2.9764,17
2026-05-12 16:11:00,2.9709,2.9709,2.9644,2.9644,2.9759,2.9759,2.9694,2.9694,44
2026-05-12 16:12:00,2.9654,2.9664,2.9644,2.9644,2.9704,2.9714,2.9694,2.9694,30
2026-05-12 16:13:00,2.9639,2.9664,2.9634,2.9664,2.9689,2.9714,2.9684,2.9714,19
2026-05-12 16:14:00,2.9659,2.9664,2.9644,2.9659,2.9709,2.9714,2.9694,2.9709,28
2026-05-12 16:15:00,2.9654,2.9664,2.9624,2.9654,2.9704,2.9714,2.9674,2.9704,24
2026-05-12 16:16:00,2.9644,2.9644,2.9624,2.9644,2.9694,2.9694,2.9674,2.9694,17
2026-05-12 16:17:00,2.9649,2.9664,2.9644,2.9664,2.9699,2.9714,2.9694,2.9714,20
2026-05-12 16:18:00,2.9659,2.9664,2.9644,2.9644,2.9709,2.9714,2.9694,2.9694,17
2026-05-12 16:19:00,2.9634,2.9644,2.9634,2.9644,2.9684,2.9694,2.9684,2.9694,26
2026-05-12 16:20:00,2.9639,2.9654,2.9634,2.9644,2.9689,2.9704,2.9684,2.9694,25
2026-05-12 16:21:00,2.9649,2.9694,2.9644,2.9674,2.9699,2.9744,2.9694,2.9724,19
2026-05-12 16:22:00,2.9669,2.9694,2.9664,2.9694,2.9719,2.9744,2.9714,2.9744,11
2026-05-12 16:23:00,2.9704,2.9724,2.9684,2.9689,2.9754,2.9774,2.9734,2.9739,32
2026-05-12 16:24:00,2.9694,2.9694,2.9674,2.9684,2.9744,2.9744,2.9724,2.9734,17
2026-05-12 16:25:00,2.9674,2.9694,2.9664,2.9684,2.9724,2.9744,2.9714,2.9734,23
2026-05-12 16:26:00,2.9689,2.9694,2.9674,2.9694,2.9739,2.9744,2.9724,2.9744,20
2026-05-12 16:27:00,2.9684,2.9754,2.9684,2.9744,2.9734,2.9804,2.9734,2.9794,60
2026-05-12 16:28:00,2.9739,2.9774,2.9734,2.9764,2.9789,2.9824,2.9784,2.9814,22
2026-05-12 16:29:00,2.9754,2.9764,2.9744,2.9764,2.9804,2.9814,2.9794,2.9814,36
2026-05-12 16:30:00,2.9754,2.9754,2.9734,2.9734,2.9804,2.9804,2.9784,2.9784,21
2026-05-12 16:31:00,2.9744,2.9799,2.9734,2.9769,2.9794,2.9849,2.9784,2.9819,37
2026-05-12 16:32:00,2.9774,2.9804,2.9764,2.9804,2.9824,2.9854,2.9814,2.9854,44
2026-05-12 16:33:00,2.9799,2.9814,2.9764,2.9774,2.9849,2.9864,2.9814,2.9824,45
2026-05-12 16:34:00,2.9764,2.9774,2.9759,2.9759,2.9814,2.9824,2.9809,2.9809,5
2026-05-12 16:35:00,2.9764,2.9804,2.9764,2.9794,2.9814,2.9854,2.9814,2.9844,21
2026-05-12 16:36:00,2.9784,2.9854,2.9784,2.9834,2.9834,2.9904,2.9834,2.9884,50
2026-05-12 16:37:00,2.9824,2.9824,2.9784,2.9804,2.9874,2.9874,2.9834,2.9854,40
2026-05-12 16:38:00,2.9794,2.9804,2.9784,2.9784,2.9844,2.9854,2.9834,2.9834,9
2026-05-12 16:39:00,2.9789,2.9824,2.9784,2.9804,2.9839,2.9874,2.9834,2.9854,27
2026-05-12 16:40:00,2.9814,2.9824,2.9804,2.9824,2.9864,2.9874,2.9854,2.9874,11
2026-05-12 16:41:00,2.9814,2.9844,2.9814,2.9834,2.9864,2.9894,2.9864,2.9884,22
2026-05-12 16:42:00,2.9824,2.9834,2.9804,2.9814,2.9874,2.9884,2.9854,2.9864,29
2026-05-12 16:43:00,2.9809,2.9814,2.9774,2.9784,2.9859,2.9864,2.9824,2.9834,21
2026-05-12 16:44:00,2.9774,2.9774,2.9754,2.9764,2.9824,2.9824,2.9804,2.9814,7
2026-05-12 16:45:00,2.9759,2.9764,2.9754,2.9754,2.9809,2.9814,2.9804,2.9804,3
2026-05-12 16:46:00,2.9744,2.9764,2.9734,2.9754,2.9794,2.9814,2.9784,2.9804,27
2026-05-12 16:47:00,2.9764,2.9774,2.9754,2.9754,2.9814,2.9824,2.9804,2.9804,10
2026-05-12 16:48:00,2.9764,2.9769,2.9734,2.9764,2.9814,2.9819,2.9784,2.9814,20
2026-05-12 16:49:00,2.9769,2.9769,2.9734,2.9754,2.9819,2.9819,2.9784,2.9804,31
2026-05-12 16:50:00,2.9749,2.9754,2.9714,2.9739,2.9799,2.9804,2.9764,2.9789,29
2026-05-12 16:51:00,2.9744,2.9744,2.9724,2.9724,2.9794,2.9794,2.9774,2.9774,6
2026-05-12 16:52:00,2.9734,2.9779,2.9724,2.9779,2.9784,2.9829,2.9774,2.9829,16
2026-05-12 16:53:00,2.9784,2.9794,2.9774,2.9774,2.9834,2.9844,2.9824,2.9824,15
2026-05-12 16:54:00,2.9764,2.9774,2.9759,2.9769,2.9814,2.9824,2.9809,2.9819,8
2026-05-12 16:55:00,2.9764,2.9804,2.9764,2.9784,2.9814,2.9854,2.9814,2.9834,29
2026-05-12 16:56:00,2.9789,2.9799,2.9779,2.9799,2.9839,2.9849,2.9829,2.9849,19
2026-05-12 16:57:00,2.9804,2.9824,2.9799,2.9814,2.9854,2.9874,2.9849,2.9864,21
2026-05-12 16:58:00,2.9819,2.9839,2.9809,2.9834,2.9869,2.9889,2.9859,2.9884,17
2026-05-12 16:59:00,2.9824,2.9874,2.9824,2.9864,2.9874,2.9924,2.9874,2.9914,52
2026-05-12 17:00:00,2.9859,2.9894,2.9844,2.9894,2.9909,2.9944,2.9894,2.9944,40
2026-05-12 17:01:00,2.9889,2.9894,2.9854,2.9874,2.9939,2.9944,2.9904,2.9924,28
2026-05-12 17:02:00,2.9884,2.9884,2.9874,2.9874,2.9934,2.9934,2.9924,2.9924,11
2026-05-12 17:03:00,2.9884,2.9894,2.9854,2.9864,2.9934,2.9944,2.9904,2.9914,31
2026-05-12 17:04:00,2.9859,2.9894,2.9854,2.9894,2.9909,2.9944,2.9904,2.9944,29
2026-05-12 17:05:00,2.9889,2.9914,2.9884,2.9884,2.9939,2.9964,2.9934,2.9934,22
2026-05-12 17:06:00,2.9879,2.9894,2.9834,2.9844,2.9929,2.9944,2.9884,2.9894,35
2026-05-12 17:07:00,2.9839,2.9839,2.9804,2.9834,2.9889,2.9889,2.9854,2.9884,35
2026-05-12 17:08:00,2.9844,2.9844,2.9814,2.9824,2.9894,2.9894,2.9864,2.9874,37
2026-05-12 17:09:00,2.9819,2.9819,2.9754,2.9764,2.9869,2.9869,2.9804,2.9814,33
2026-05-12 17:10:00,2.9774,2.9784,2.9774,2.9784,2.9824,2.9834,2.9824,2.9834,29
2026-05-12 17:11:00,2.9789,2.9834,2.9784,2.9804,2.9839,2.9884,2.9834,2.9854,29
2026-05-12 17:12:00,2.9799,2.9804,2.9784,2.9794,2.9849,2.9854,2.9834,2.9844,25
2026-05-12 17:13:00,2.9804,2.9804,2.9794,2.9804,2.9854,2.9854,2.9844,2.9854,13
2026-05-12 17:14:00,2.9809,2.9814,2.9784,2.9794,2.9859,2.9864,2.9834,2.9844,30
2026-05-12 17:15:00,2.9789,2.9864,2.9784,2.9864,2.9839,2.9914,2.9834,2.9914,29
2026-05-12 17:16:00,2.9869,2.9874,2.9804,2.9809,2.9919,2.9924,2.9854,2.9859,36
2026-05-12 17:17:00,2.9814,2.9814,2.9804,2.9804,2.9864,2.9864,2.9854,2.9854,10
2026-05-12 17:18:00,2.9799,2.9814,2.9794,2.9814,2.9849,2.9864,2.9844,2.9864,10
2026-05-12 17:19:00,2.9804,2.9809,2.9764,2.9774,2.9854,2.9859,2.9814,2.9824,33
2026-05-12 17:20:00,2.9779,2.9784,2.9764,2.9784,2.9829,2.9834,2.9814,2.9834,34
2026-05-12 17:21:00,2.9774,2.9794,2.9764,2.9774,2.9824,2.9844,2.9814,2.9824,41
2026-05-12 17:22:00,2.9764,2.9774,2.9684,2.9714,2.9814,2.9824,2.9734,2.9764,51
2026-05-12 17:23:00,2.9709,2.9724,2.9704,2.9719,2.9759,2.9774,2.9754,2.9769,26
2026-05-12 17:24:00,2.9714,2.9739,2.9714,2.9724,2.9764,2.9789,2.9764,2.9774,32
2026-05-12 17:25:00,2.9714,2.9724,2.9714,2.9714,2.9764,2.9774,2.9764,2.9764,23
2026-05-12 17:26:00,2.9719,2.9754,2.9714,2.9744,2.9769,2.9804,2.9764,2.9794,33
2026-05-12 17:27:00,2.9754,2.9774,2.9744,2.9774,2.9804,2.9824,2.9794,2.9824,28
2026-05-12 17:28:00,2.9769,2.9804,2.9764,2.9794,2.9819,2.9854,2.9814,2.9844,23
2026-05-12 17:29:00,2.9784,2.9784,2.9764,2.9769,2.9834,2.9834,2.9814,2.9819,14
2026-05-12 17:30:00,2.9764,2.9824,2.9754,2.9814,2.9814,2.9874,2.9804,2.9864,57
2026-05-12 17:31:00,2.9804,2.9804,2.9784,2.9784,2.9854,2.9854,2.9834,2.9834,28
2026-05-12 17:32:00,2.9774,2.9784,2.9764,2.9774,2.9824,2.9834,2.9814,2.9824,23
2026-05-12 17:33:00,2.9764,2.9774,2.9764,2.9764,2.9814,2.9824,2.9814,2.9814,8
2026-05-12 17:34:00,2.9769,2.9774,2.9764,2.9764,2.9819,2.9824,2.9814,2.9814,8
2026-05-12 17:35:00,2.9769,2.9774,2.9754,2.9764,2.9819,2.9824,2.9804,2.9814,17
2026-05-12 17:36:00,2.9759,2.9774,2.9739,2.9744,2.9809,2.9824,2.9789,2.9794,37
2026-05-12 17:37:00,2.9754,2.9754,2.9734,2.9734,2.9804,2.9804,2.9784,2.9784,22
2026-05-12 17:38:00,2.9729,2.9739,2.9724,2.9724,2.9779,2.9789,2.9774,2.9774,21
2026-05-12 17:39:00,2.9734,2.9744,2.9729,2.9739,2.9784,2.9794,2.9779,2.9789,13
2026-05-12 17:40:00,2.9734,2.9744,2.9734,2.9739,2.9784,2.9794,2.9784,2.9789,17
2026-05-12 17:41:00,2.9734,2.9739,2.9714,2.9724,2.9784,2.9789,2.9764,2.9774,44
2026-05-12 17:42:00,2.9719,2.9724,2.9664,2.9674,2.9769,2.9774,2.9714,2.9724,45
2026-05-12 17:43:00,2.9684,2.9684,2.9664,2.9664,2.9734,2.9734,2.9714,2.9714,27
2026-05-12 17:44:00,2.9654,2.9684,2.9654,2.9684,2.9704,2.9734,2.9704,2.9734,30
2026-05-12 17:45:00,2.9674,2.9704,2.9674,2.9704,2.9724,2.9754,2.9724,2.9754,18
2026-05-12 17:46:00,2.9709,2.9724,2.9694,2.9714,2.9759,2.9774,2.9744,2.9764,37
2026-05-12 17:47:00,2.9724,2.9724,2.9714,2.9714,2.9774,2.9774,2.9764,2.9764,10
2026-05-12 17:48:00,2.9709,2.9714,2.9704,2.9714,2.9759,2.9764,2.9754,2.9764,6
2026-05-12 17:49:00,2.9724,2.9744,2.9714,2.9714,2.9774,2.9794,2.9764,2.9764,23
2026-05-12 17:50:00,2.9719,2.9719,2.9684,2.9694,2.9769,2.9769,2.9734,2.9744,19
2026-05-12 17:51:00,2.9689,2.9694,2.9674,2.9694,2.9739,2.9744,2.9724,2.9744,25
2026-05-12 17:52:00,2.9684,2.9694,2.9684,2.9694,2.9734,2.9744,2.9734,2.9744,8
2026-05-12 17:53:00,2.9689,2.9694,2.9684,2.9689,2.9739,2.9744,2.9734,2.9739,10
2026-05-12 17:54:00,2.9684,2.9689,2.9664,2.9674,2.9734,2.9739,2.9714,2.9724,11
2026-05-12 17:55:00,2.9684,2.9684,2.9644,2.9644,2.9734,2.9734,2.9694,2.9694,20
2026-05-12 17:56:00,2.9634,2.9644,2.9624,2.9629,2.9684,2.9694,2.9674,2.9679,50
2026-05-12 17:57:00,2.9634,2.9644,2.9624,2.9634,2.9684,2.9694,2.9674,2.9684,11
2026-05-12 17:58:00,2.9639,2.9664,2.9634,2.9644,2.9689,2.9714,2.9684,2.9694,26
2026-05-12 17:59:00,2.9639,2.9644,2.9634,2.9639,2.9689,2.9694,2.9684,2.9689,19
2026-05-12 18:00:00,2.9644,2.9649,2.9634,2.9644,2.9694,2.9699,2.9684,2.9694,29
2026-05-12 18:01:00,2.9634,2.9644,2.9634,2.9634,2.9684,2.9694,2.9684,2.9684,12
2026-05-12 18:03:00,2.9624,2.9634,2.9604,2.9609,2.9674,2.9684,2.9654,2.9659,20
2026-05-12 18:04:00,2.9604,2.9624,2.9604,2.9614,2.9654,2.9674,2.9654,2.9664,14
2026-05-12 18:05:00,2.9619,2.9654,2.9609,2.9654,2.9669,2.9704,2.9659,2.9704,32
2026-05-12 18:06:00,2.9644,2.9679,2.9644,2.9679,2.9694,2.9729,2.9694,2.9729,26
2026-05-12 18:07:00,2.9684,2.9724,2.9664,2.9714,2.9734,2.9774,2.9714,2.9764,37
2026-05-12 18:08:00,2.9704,2.9714,2.9674,2.9674,2.9754,2.9764,2.9724,2.9724,22
2026-05-12 18:09:00,2.9669,2.9674,2.9664,2.9664,2.9719,2.9724,2.9714,2.9714,11
2026-05-12 18:10:00,2.9659,2.9664,2.9644,2.9654,2.9709,2.9714,2.9694,2.9704,7
2026-05-12 18:11:00,2.9649,2.9664,2.9644,2.9654,2.9699,2.9714,2.9694,2.9704,37
2026-05-12 18:12:00,2.9644,2.9664,2.9644,2.9664,2.9694,2.9714,2.9694,2.9714,11
2026-05-12 18:13:00,2.9654,2.9694,2.9654,2.9669,2.9704,2.9744,2.9704,2.9719,16
2026-05-12 18:14:00,2.9664,2.9694,2.9659,2.9679,2.9714,2.9744,2.9709,2.9729,20
2026-05-12 18:15:00,2.9674,2.9674,2.9644,2.9654,2.9724,2.9724,2.9694,2.9704,9
2026-05-12 18:16:00,2.9664,2.9674,2.9664,2.9664,2.9714,2.9724,2.9714,2.9714,16
2026-05-12 18:17:00,2.9654,2.9674,2.9654,2.9664,2.9704,2.9724,2.9704,2.9714,19
2026-05-12 18:18:00,2.9659,2.9674,2.9654,2.9664,2.9709,2.9724,2.9704,2.9714,13
2026-05-12 18:19:00,2.9659,2.9674,2.9659,2.9664,2.9709,2.9724,2.9709,2.9714,9
2026-05-12 18:20:00,2.9674,2.9674,2.9674,2.9674,2.9724,2.9724,2.9724,2.9724,1
2026-05-12 18:21:00,2.9669,2.9674,2.9654,2.9664,2.9719,2.9724,2.9704,2.9714,19
2026-05-12 18:22:00,2.9654,2.9664,2.9649,2.9649,2.9704,2.9714,2.9699,2.9699,21
2026-05-12 18:23:00,2.9644,2.9654,2.9634,2.9644,2.9694,2.9704,2.9684,2.9694,9
2026-05-12 18:24:00,2.9639,2.9644,2.9624,2.9624,2.9689,2.9694,2.9674,2.9674,14
2026-05-12 18:25:00,2.9629,2.9634,2.9624,2.9634,2.9679,2.9684,2.9674,2.9684,7
2026-05-12 18:26:00,2.9644,2.9664,2.9644,2.9644,2.9694,2.9714,2.9694,2.9694,10
2026-05-12 18:27:00,2.9639,2.9654,2.9634,2.9654,2.9689,2.9704,2.9684,2.9704,16
2026-05-12 18:28:00,2.9659,2.9664,2.9644,2.9654,2.9709,2.9714,2.9694,2.9704,11
2026-05-12 18:29:00,2.9644,2.9654,2.9644,2.9644,2.9694,2.9704,2.9694,2.9694,9
2026-05-12 18:30:00,2.9634,2.9644,2.9594,2.9594,2.9684,2.9694,2.9644,2.9644,14
2026-05-12 18:31:00,2.9584,2.9594,2.9534,2.9544,2.9634,2.9644,2.9584,2.9594,34
2026-05-12 18:32:00,2.9539,2.9554,2.9534,2.9554,2.9589,2.9604,2.9584,2.9604,12
2026-05-12 18:33:00,2.9559,2.9584,2.9554,2.9564,2.9609,2.9634,2.9604,2.9614,21
2026-05-12 18:34:00,2.9554,2.9574,2.9549,2.9554,2.9604,2.9624,2.9599,2.9604,10
2026-05-12 18:35:00,2.9544,2.9554,2.9544,2.9544,2.9594,2.9604,2.9594,2.9594,13
2026-05-12 18:36:00,2.9549,2.9554,2.9534,2.9544,2.9599,2.9604,2.9584,2.9594,20
2026-05-12 18:37:00,2.9554,2.9604,2.9544,2.9599,2.9604,2.9654,2.9594,2.9649,22
2026-05-12 18:38:00,2.9584,2.9584,2.9584,2.9584,2.9634,2.9634,2.9634,2.9634,1
2026-05-12 18:39:00,2.9579,2.9584,2.9564,2.9564,2.9629,2.9634,2.9614,2.9614,14
2026-05-12 18:40:00,2.9574,2.9574,2.9544,2.9564,2.9624,2.9624,2.9594,2.9614,24
2026-05-12 18:41:00,2.9559,2.9564,2.9554,2.9554,2.9609,2.9614,2.9604,2.9604,17
2026-05-12 18:42:00,2.9544,2.9564,2.9544,2.9554,2.9594,2.9614,2.9594,2.9604,16
2026-05-12 18:43:00,2.9549,2.9554,2.9544,2.9554,2.9599,2.9604,2.9594,2.9604,9
2026-05-12 18:44:00,2.9559,2.9564,2.9554,2.9564,2.9609,2.9614,2.9604,2.9614,18
2026-05-12 18:45:00,2.9559,2.9564,2.9554,2.9554,2.9609,2.9614,2.9604,2.9604,11
2026-05-12 18:46:00,2.9564,2.9564,2.9554,2.9564,2.9614,2.9614,2.9604,2.9614,8
2026-05-12 18:47:00,2.9554,2.9574,2.9554,2.9554,2.9604,2.9624,2.9604,2.9604,20
2026-05-12 18:48:00,2.9544,2.9544,2.9524,2.9524,2.9594,2.9594,2.9574,2.9574,6
2026-05-12 18:49:00,2.9534,2.9544,2.9524,2.9544,2.9584,2.9594,2.9574,2.9594,13
2026-05-12 18:50:00,2.9554,2.9564,2.9554,2.9559,2.9604,2.9614,2.9604,2.9609,10
2026-05-12 18:51:00,2.9564,2.9564,2.9544,2.9554,2.9614,2.9614,2.9594,2.9604,13
2026-05-12 18:52:00,2.9549,2.9584,2.9549,2.9574,2.9599,2.9634,2.9599,2.9624,13
2026-05-12 18:53:00,2.9584,2.9584,2.9584,2.9584,2.9634,2.9634,2.9634,2.9634,1
2026-05-12 18:54:00,2.9574,2.9584,2.9574,2.9584,2.9624,2.9634,2.9624,2.9634,6
2026-05-12 18:55:00,2.9579,2.9594,2.9564,2.9584,2.9629,2.9644,2.9614,2.9634,10
2026-05-12 18:56:00,2.9589,2.9624,2.9589,2.9614,2.9639,2.9674,2.9639,2.9664,31
2026-05-12 18:57:00,2.9624,2.9634,2.9614,2.9614,2.9674,2.9684,2.9664,2.9664,38
2026-05-12 18:58:00,2.9609,2.9634,2.9604,2.9624,2.9659,2.9684,2.9654,2.9674,17
2026-05-12 18:59:00,2.9609,2.9614,2.9594,2.9604,2.9659,2.9664,2.9644,2.9654,12
2026-05-12 19:00:00,2.9599,2.9614,2.9594,2.9599,2.9649,2.9664,2.9644,2.9649,24
2026-05-12 19:01:00,2.9594,2.9594,2.9584,2.9594,2.9644,2.9644,2.9634,2.9644,33
2026-05-12 19:02:00,2.9599,2.9599,2.9564,2.9569,2.9649,2.9649,2.9614,2.9619,12
2026-05-12 19:03:00,2.9564,2.9574,2.9554,2.9564,2.9614,2.9624,2.9604,2.9614,25
2026-05-12 19:05:00,2.9574,2.9574,2.9554,2.9554,2.9624,2.9624,2.9604,2.9604,3
2026-05-12 19:06:00,2.9564,2.9564,2.9554,2.9559,2.9614,2.9614,2.9604,2.9609,30
2026-05-12 19:07:00,2.9554,2.9554,2.9524,2.9549,2.9604,2.9604,2.9574,2.9599,21
2026-05-12 19:08:00,2.9554,2.9554,2.9524,2.9544,2.9604,2.9604,2.9574,2.9594,32
2026-05-12 19:09:00,2.9534,2.9544,2.9534,2.9534,2.9584,2.9594,2.9584,2.9584,5
2026-05-12 19:10:00,2.9544,2.9574,2.9534,2.9574,2.9594,2.9624,2.9584,2.9624,9
2026-05-12 19:11:00,2.9584,2.9604,2.9574,2.9604,2.9634,2.9654,2.9624,2.9654,22
2026-05-12 19:12:00,2.9594,2.9634,2.9594,2.9614,2.9644,2.9684,2.9644,2.9664,17
2026-05-12 19:13:00,2.9604,2.9644,2.9599,2.9634,2.9654,2.9694,2.9649,2.9684,12
2026-05-12 19:14:00,2.9639,2.9644,2.9634,2.9634,2.9689,2.9694,2.9684,2.9684,10
2026-05-12 19:15:00,2.9629,2.9629,2.9614,2.9624,2.9679,2.9679,2.9664,2.9674,8
2026-05-12 19:16:00,2.9619,2.9649,2.9614,2.9624,2.9669,2.9699,2.9664,2.9674,21
2026-05-12 19:17:00,2.9634,2.9634,2.9614,2.9624,2.9684,2.9684,2.9664,2.9674,7
2026-05-12 19:18:00,2.9619,2.9654,2.9614,2.9644,2.9669,2.9704,2.9664,2.9694,14
2026-05-12 19:19:00,2.9634,2.9634,2.9634,2.9634,2.9684,2.9684,2.9684,2.9684,1
2026-05-12 19:20:00,2.9629,2.9634,2.9619,2.9634,2.9679,2.9684,2.9669,2.9684,6
2026-05-12 19:21:00,2.9639,2.9644,2.9629,2.9629,2.9689,2.9694,2.9679,2.9679,7
2026-05-12 19:22:00,2.9624,2.9629,2.9624,2.9624,2.9674,2.9679,2.9674,2.9674,3
2026-05-12 19:23:00,2.9634,2.9644,2.9624,2.9644,2.9684,2.9694,2.9674,2.9694,7
2026-05-12 19:24:00,2.9649,2.9654,2.9624,2.9624,2.9699,2.9704,2.9674,2.9674,14
2026-05-12 19:25:00,2.9634,2.9634,2.9624,2.9634,2.9684,2.9684,2.9674,2.9684,29
2026-05-12 19:26:00,2.9639,2.9639,2.9624,2.9629,2.9689,2.9689,2.9674,2.9679,22
2026-05-12 19:27:00,2.9624,2.9624,2.9584,2.9594,2.9674,2.9674,2.9634,2.9644,14
2026-05-12 19:28:00,2.9599,2.9624,2.9599,2.9614,2.9649,2.9674,2.9649,2.9664,9
2026-05-12 19:29:00,2.9624,2.9629,2.9614,2.9629,2.9674,2.9679,2.9664,2.9679,13
2026-05-12 19:30:00,2.9634,2.9654,2.9614,2.9624,2.9684,2.9704,2.9664,2.9674,26
2026-05-12 19:31:00,2.9629,2.9634,2.9629,2.9634,2.9679,2.9684,2.9679,2.9684,2
2026-05-12 19:32:00,2.9624,2.9634,2.9624,2.9634,2.9674,2.9684,2.9674,2.9684,10
2026-05-12 19:33:00,2.9624,2.9644,2.9624,2.9644,2.9674,2.9694,2.9674,2.9694,9
2026-05-12 19:34:00,2.9649,2.9654,2.9614,2.9624,2.9699,2.9704,2.9664,2.9674,21
2026-05-12 19:35:00,2.9619,2.9624,2.9614,2.9624,2.9669,2.9674,2.9664,2.9674,7
2026-05-12 19:36:00,2.9619,2.9624,2.9604,2.9614,2.9669,2.9674,2.9654,2.9664,14
2026-05-12 19:37:00,2.9609,2.9614,2.9604,2.9614,2.9659,2.9664,2.9654,2.9664,8
2026-05-12 19:38:00,2.9604,2.9614,2.9604,2.9614,2.9654,2.9664,2.9654,2.9664,3
2026-05-12 19:39:00,2.9609,2.9614,2.9594,2.9594,2.9659,2.9664,2.9644,2.9644,10
2026-05-12 19:40:00,2.9604,2.9604,2.9584,2.9594,2.9654,2.9654,2.9634,2.9644,4
2026-05-12 19:41:00,2.9604,2.9604,2.9594,2.9594,2.9654,2.9654,2.9644,2.9644,13
2026-05-12 19:42:00,2.9584,2.9604,2.9584,2.9594,2.9634,2.9654,2.9634,2.9644,11
2026-05-12 19:43:00,2.9584,2.9594,2.9584,2.9594,2.9634,2.9644,2.9634,2.9644,2
2026-05-12 19:44:00,2.9604,2.9604,2.9594,2.9604,2.9654,2.9654,2.9644,2.9654,17
2026-05-12 19:45:00,2.9599,2.9654,2.9599,2.9649,2.9649,2.9704,2.9649,2.9699,23
2026-05-12 19:46:00,2.9644,2.9654,2.9634,2.9644,2.9694,2.9704,2.9684,2.9694,19
2026-05-12 19:47:00,2.9634,2.9674,2.9634,2.9674,2.9684,2.9724,2.9684,2.9724,8
2026-05-12 19:48:00,2.9669,2.9674,2.9664,2.9674,2.9719,2.9724,2.9714,2.9724,12
2026-05-12 19:49:00,2.9669,2.9704,2.9664,2.9684,2.9719,2.9754,2.9714,2.9734,39
2026-05-12 19:50:00,2.9674,2.9704,2.9674,2.9694,2.9724,2.9754,2.9724,2.9744,14
2026-05-12 19:51:00,2.9684,2.9704,2.9674,2.9704,2.9734,2.9754,2.9724,2.9754,17
2026-05-12 19:52:00,2.9694,2.9714,2.9694,2.9714,2.9744,2.9764,2.9744,2.9764,8
2026-05-12 19:53:00,2.9719,2.9719,2.9694,2.9704,2.9769,2.9769,2.9744,2.9754,12
2026-05-12 19:54:00,2.9709,2.9794,2.9709,2.9784,2.9759,2.9844,2.9759,2.9834,47
2026-05-12 19:55:00,2.9774,2.9784,2.9754,2.9764,2.9824,2.9834,2.9804,2.9814,15
2026-05-12 19:56:00,2.9759,2.9784,2.9754,2.9774,2.9809,2.9834,2.9804,2.9824,25
2026-05-12 19:57:00,2.9769,2.9784,2.9764,2.9774,2.9819,2.9834,2.9814,2.9824,18
2026-05-12 19:58:00,2.9784,2.9804,2.9774,2.9804,2.9834,2.9854,2.9824,2.9854,16
2026-05-12 19:59:00,2.9799,2.9854,2.9794,2.9854,2.9849,2.9904,2.9844,2.9904,30
2026-05-12 20:00:00,2.9864,2.9899,2.9844,2.9884,2.9914,2.9949,2.9894,2.9934,38
2026-05-12 20:01:00,2.9904,2.9914,2.9884,2.9899,2.9954,2.9964,2.9934,2.9949,23
2026-05-12 20:02:00,2.9904,2.9964,2.9884,2.9944,2.9954,3.0014,2.9934,2.9994,84
2026-05-12 20:03:00,2.9939,2.9964,2.9914,2.9924,2.9989,3.0014,2.9964,2.9974,34
2026-05-12 20:04:00,2.9919,2.9924,2.9884,2.9914,2.9969,2.9974,2.9934,2.9964,25
2026-05-12 20:05:00,2.9904,2.9914,2.9844,2.9864,2.9954,2.9964,2.9894,2.9914,30
2026-05-12 20:06:00,2.9874,2.9874,2.9809,2.9824,2.9924,2.9924,2.9859,2.9874,27
2026-05-12 20:07:00,2.9834,2.9879,2.9824,2.9854,2.9884,2.9929,2.9874,2.9904,20
2026-05-12 20:08:00,2.9859,2.9869,2.9854,2.9854,2.9909,2.9919,2.9904,2.9904,20
2026-05-12 20:09:00,2.9859,2.9864,2.9839,2.9839,2.9909,2.9914,2.9889,2.9889,15
2026-05-12 20:10:00,2.9844,2.9874,2.9824,2.9874,2.9894,2.9924,2.9874,2.9924,17
2026-05-12 20:11:00,2.9879,2.9884,2.9864,2.9879,2.9929,2.9934,2.9914,2.9929,23
2026-05-12 20:12:00,2.9874,2.9884,2.9874,2.9874,2.9924,2.9934,2.9924,2.9924,9
2026-05-12 20:13:00,2.9879,2.9894,2.9864,2.9889,2.9929,2.9944,2.9914,2.9939,25
2026-05-12 20:14:00,2.9894,2.9914,2.9874,2.9899,2.9944,2.9964,2.9924,2.9949,18
2026-05-12 20:15:00,2.9909,2.9929,2.9894,2.9914,2.9959,2.9979,2.9944,2.9964,33
2026-05-12 20:16:00,2.9919,2.9944,2.9904,2.9904,2.9969,2.9994,2.9954,2.9954,26
2026-05-12 20:17:00,2.9899,2.9929,2.9894,2.9914,2.9949,2.9979,2.9944,2.9964,17
2026-05-12 20:18:00,2.9924,2.9924,2.9909,2.9914,2.9974,2.9974,2.9959,2.9964,10
2026-05-12 20:19:00,2.9904,2.9914,2.9844,2.9914,2.9954,2.9964,2.9894,2.9964,36
2026-05-12 20:20:00,2.9909,2.9929,2.9894,2.9929,2.9959,2.9979,2.9944,2.9979,19
2026-05-12 20:21:00,2.9924,2.9924,2.9889,2.9894,2.9974,2.9974,2.9939,2.9944,19
2026-05-12 20:22:00,2.9884,2.9919,2.9874,2.9914,2.9934,2.9969,2.9924,2.9964,30
2026-05-12 20:23:00,2.9919,2.9934,2.9909,2.9914,2.9969,2.9984,2.9959,2.9964,12
2026-05-12 20:24:00,2.9909,2.9914,2.9894,2.9914,2.9959,2.9964,2.9944,2.9964,20
2026-05-12 20:25:00,2.9909,2.9924,2.9904,2.9919,2.9959,2.9974,2.9954,2.9969,14
2026-05-12 20:26:00,2.9909,2.9914,2.9884,2.9899,2.9959,2.9964,2.9934,2.9949,26
2026-05-12 20:27:00,2.9894,2.9904,2.9884,2.9899,2.9944,2.9954,2.9934,2.9949,12
2026-05-12 20:28:00,2.9914,2.9944,2.9864,2.9904,2.9964,2.9994,2.9914,2.9954,105
2026-05-12 20:29:00,2.9914,2.9934,2.9884,2.9929,2.9964,2.9984,2.9934,2.9979,45
2026-05-12 20:30:00,2.9934,2.9954,2.9904,2.9934,2.9984,3.0004,2.9954,2.9984,29
2026-05-12 20:31:00,2.9944,2.9974,2.9944,2.9964,2.9994,3.0024,2.9994,3.0014,24
2026-05-12 20:32:00,2.9969,2.9974,2.9914,2.9914,3.0019,3.0024,2.9964,2.9964,21
2026-05-12 20:33:00,2.9919,2.9929,2.9904,2.9914,2.9969,2.9979,2.9954,2.9964,17
2026-05-12 20:34:00,2.9919,2.9944,2.9919,2.9934,2.9969,2.9994,2.9969,2.9984,13
2026-05-12 20:35:00,2.9939,2.9944,2.9934,2.9934,2.9989,2.9994,2.9984,2.9984,5
2026-05-12 20:36:00,2.9924,2.9934,2.9874,2.9874,2.9974,2.9984,2.9924,2.9924,15
2026-05-12 20:37:00,2.9879,2.9884,2.9834,2.9834,2.9929,2.9934,2.9884,2.9884,37
2026-05-12 20:38:00,2.9844,2.9844,2.9824,2.9824,2.9894,2.9894,2.9874,2.9874,14
2026-05-12 20:39:00,2.9819,2.9844,2.9814,2.9844,2.9869,2.9894,2.9864,2.9894,23
2026-05-12 20:40:00,2.9854,2.9864,2.9839,2.9839,2.9904,2.9914,2.9889,2.9889,25
2026-05-12 20:41:00,2.9844,2.9844,2.9824,2.9844,2.9894,2.9894,2.9874,2.9894,18
2026-05-12 20:42:00,2.9839,2.9844,2.9819,2.9819,2.9889,2.9894,2.9869,2.9869,8
2026-05-12 20:43:00,2.9814,2.9839,2.9814,2.9834,2.9864,2.9889,2.9864,2.9884,10
2026-05-12 20:44:00,2.9839,2.9844,2.9834,2.9844,2.9889,2.9894,2.9884,2.9894,4
2026-05-12 20:45:00,2.9854,2.9854,2.9834,2.9834,2.9904,2.9904,2.9884,2.9884,7
2026-05-12 20:46:00,2.9839,2.9844,2.9839,2.9844,2.9889,2.9894,2.9889,2.9894,2
2026-05-12 20:47:00,2.9849,2.9849,2.9834,2.9834,2.9899,2.9899,2.9884,2.9884,6
2026-05-12 20:48:00,2.9839,2.9839,2.9839,2.9839,2.9889,2.9889,2.9889,2.9889,1
2026-05-12 20:49:00,2.9834,2.9844,2.9834,2.9834,2.9884,2.9894,2.9884,2.9884,5
2026-05-12 20:51:00,2.9844,2.9844,2.9844,2.9844,2.9894,2.9894,2.9894,2.9894,1
2026-05-12 20:52:00,2.9849,2.9854,2.9844,2.9844,2.9899,2.9904,2.9894,2.9894,7
2026-05-12 20:53:00,2.9839,2.9844,2.9839,2.9839,2.9889,2.9894,2.9889,2.9889,3
2026-05-12 20:54:00,2.9844,2.9844,2.9839,2.9844,2.9894,2.9894,2.9889,2.9894,5
2026-05-12 20:55:00,2.9834,2.9844,2.9814,2.9834,2.9884,2.9894,2.9864,2.9884,11
2026-05-12 20:56:00,2.9839,2.9849,2.9834,2.9834,2.9889,2.9899,2.9884,2.9884,7
2026-05-12 20:57:00,2.9829,2.9834,2.9824,2.9834,2.9879,2.9884,2.9874,2.9884,9
2026-05-12 20:58:00,2.9844,2.9844,2.9834,2.9834,2.9894,2.9894,2.9884,2.9884,4
2026-05-12 20:59:00,2.9844,2.9844,2.9834,2.9834,2.9894,2.9894,2.9884,2.9884,14
2026-05-12 21:00:00,2.9839,2.9844,2.9839,2.9844,2.9889,2.9894,2.9889,2.9894,2
2026-05-12 21:02:00,2.9854,2.9869,2.9844,2.9854,2.9904,2.9919,2.9894,2.9904,9
2026-05-12 21:03:00,2.9864,2.9864,2.9854,2.9859,2.9914,2.9914,2.9904,2.9909,4
2026-05-12 21:04:00,2.9864,2.9864,2.9854,2.9854,2.9914,2.9914,2.9904,2.9904,9
2026-05-12 21:05:00,2.9864,2.9869,2.9854,2.9869,2.9914,2.9919,2.9904,2.9919,7
2026-05-12 21:06:00,2.9864,2.9864,2.9854,2.9859,2.9914,2.9914,2.9904,2.9909,8
2026-05-12 21:07:00,2.9864,2.9864,2.9854,2.9864,2.9914,2.9914,2.9904,2.9914,5
2026-05-12 21:08:00,2.9859,2.9859,2.9854,2.9859,2.9909,2.9909,2.9904,2.9909,5
2026-05-12 21:09:00,2.9854,2.9874,2.9854,2.9874,2.9904,2.9924,2.9904,2.9924,7
2026-05-12 21:10:00,2.9864,2.9864,2.9864,2.9864,2.9914,2.9914,2.9914,2.9914,1
2026-05-12 21:11:00,2.9869,2.9874,2.9854,2.9864,2.9919,2.9924,2.9904,2.9914,10
2026-05-12 21:13:00,2.9854,2.9854,2.9854,2.9854,2.9904,2.9904,2.9904,2.9904,1
2026-05-12 21:14:00,2.9844,2.9864,2.9844,2.9864,2.9894,2.9914,2.9894,2.9914,5
2026-05-12 21:15:00,2.9859,2.9864,2.9859,2.9859,2.9909,2.9914,2.9909,2.9909,9
2026-05-12 21:16:00,2.9864,2.9864,2.9844,2.9844,2.9914,2.9914,2.9894,2.9894,5
2026-05-12 21:17:00,2.9849,2.9864,2.9844,2.9864,2.9899,2.9914,2.9894,2.9914,8
2026-05-12 21:18:00,2.9859,2.9864,2.9854,2.9854,2.9909,2.9914,2.9904,2.9904,3
2026-05-12 21:19:00,2.9844,2.9854,2.9844,2.9854,2.9894,2.9904,2.9894,2.9904,2
2026-05-12 21:20:00,2.9859,2.9879,2.9859,2.9874,2.9909,2.9929,2.9909,2.9924,9
2026-05-12 21:22:00,2.9884,2.9884,2.9874,2.9874,2.9934,2.9934,2.9924,2.9924,4
2026-05-12 21:23:00,2.9879,2.9894,2.9874,2.9894,2.9929,2.9944,2.9924,2.9944,9
2026-05-12 21:25:00,2.9879,2.9884,2.9874,2.9884,2.9929,2.9934,2.9924,2.9934,4
2026-05-12 21:26:00,2.9894,2.9894,2.9894,2.9894,2.9944,2.9944,2.9944,2.9944,1
2026-05-12 21:27:00,2.9889,2.9894,2.9884,2.9884,2.9939,2.9944,2.9934,2.9934,3
2026-05-12 21:28:00,2.9874,2.9884,2.9864,2.9869,2.9924,2.9934,2.9914,2.9919,7
2026-05-12 21:29:00,2.9864,2.9874,2.9864,2.9864,2.9914,2.9924,2.9914,2.9914,4
2026-05-12 21:30:00,2.9869,2.9874,2.9864,2.9864,2.9919,2.9924,2.9914,2.9914,8
2026-05-12 21:32:00,2.9859,2.9864,2.9854,2.9854,2.9909,2.9914,2.9904,2.9904,6
2026-05-12 21:33:00,2.9864,2.9864,2.9859,2.9859,2.9914,2.9914,2.9909,2.9909,4
2026-05-12 21:34:00,2.9854,2.9854,2.9849,2.9854,2.9904,2.9904,2.9899,2.9904,7
2026-05-12 21:35:00,2.9864,2.9864,2.9864,2.9864,2.9914,2.9914,2.9914,2.9914,1
2026-05-12 21:36:00,2.9859,2.9859,2.9824,2.9824,2.9909,2.9909,2.9874,2.9874,5
2026-05-12 21:37:00,2.9804,2.9824,2.9804,2.9814,2.9854,2.9874,2.9854,2.9864,10
2026-05-12 21:38:00,2.9819,2.9824,2.9814,2.9814,2.9869,2.9874,2.9864,2.9864,7
2026-05-12 21:39:00,2.9824,2.9824,2.9814,2.9814,2.9874,2.9874,2.9864,2.9864,10
2026-05-12 21:40:00,2.9819,2.9824,2.9804,2.9819,2.9869,2.9874,2.9854,2.9869,10
2026-05-12 21:41:00,2.9814,2.9819,2.9814,2.9819,2.9864,2.9869,2.9864,2.9869,2
2026-05-12 21:42:00,2.9824,2.9824,2.9819,2.9824,2.9874,2.9874,2.9869,2.9874,3
2026-05-12 21:43:00,2.9834,2.9834,2.9824,2.9834,2.9884,2.9884,2.9874,2.9884,3
2026-05-12 21:45:00,2.9839,2.9844,2.9834,2.9839,2.9889,2.9894,2.9884,2.9889,9
2026-05-12 21:46:00,2.9844,2.9844,2.9834,2.9834,2.9894,2.9894,2.9884,2.9884,5
2026-05-12 21:47:00,2.9844,2.9844,2.9824,2.9824,2.9894,2.9894,2.9874,2.9874,4
2026-05-12 21:48:00,2.9829,2.9829,2.9824,2.9824,2.9879,2.9879,2.9874,2.9874,6
2026-05-12 21:49:00,2.9829,2.9834,2.9824,2.9834,2.9879,2.9884,2.9874,2.9884,10
2026-05-12 21:50:00,2.9824,2.9834,2.9824,2.9834,2.9874,2.9884,2.9874,2.9884,2
2026-05-12 21:52:00,2.9844,2.9844,2.9834,2.9834,2.9894,2.9894,2.9884,2.9884,4
2026-05-12 21:53:00,2.9839,2.9844,2.9834,2.9844,2.9889,2.9894,2.9884,2.9894,3
2026-05-12 21:54:00,2.9849,2.9854,2.9844,2.9844,2.9899,2.9904,2.9894,2.9894,3
2026-05-12 21:55:00,2.9834,2.9844,2.9834,2.9844,2.9884,2.9894,2.9884,2.9894,10
2026-05-12 21:57:00,2.9854,2.9854,2.9854,2.9854,2.9904,2.9904,2.9904,2.9904,1
2026-05-12 21:58:00,2.9844,2.9854,2.9844,2.9844,2.9894,2.9904,2.9894,2.9894,3
2026-05-12 21:59:00,2.9834,2.9844,2.9834,2.9834,2.9884,2.9894,2.9884,2.9884,5
2026-05-12 22:00:00,2.9839,2.9844,2.9824,2.9834,2.9889,2.9894,2.9874,2.9884,11
2026-05-12 22:01:00,2.9844,2.9844,2.9844,2.9844,2.9894,2.9894,2.9894,2.9894,1
2026-05-12 22:02:00,2.9849,2.9854,2.9844,2.9844,2.9899,2.9904,2.9894,2.9894,6
2026-05-12 22:03:00,2.9839,2.9839,2.9824,2.9824,2.9889,2.9889,2.9874,2.9874,3
2026-05-12 22:04:00,2.9834,2.9844,2.9824,2.9844,2.9884,2.9894,2.9874,2.9894,9
2026-05-12 22:05:00,2.9839,2.9844,2.9824,2.9824,2.9889,2.9894,2.9874,2.9874,7
2026-05-12 22:06:00,2.9834,2.9834,2.9834,2.9834,2.9884,2.9884,2.9884,2.9884,1
2026-05-12 22:07:00,2.9839,2.9839,2.9834,2.9834,2.9889,2.9889,2.9884,2.9884,2
2026-05-12 22:08:00,2.9839,2.9839,2.9824,2.9829,2.9889,2.9889,2.9874,2.9879,5
2026-05-12 22:09:00,2.9824,2.9824,2.9824,2.9824,2.9874,2.9874,2.9874,2.9874,1
2026-05-12 22:10:00,2.9829,2.9829,2.9829,2.9829,2.9879,2.9879,2.9879,2.9879,1
2026-05-12 22:11:00,2.9824,2.9834,2.9824,2.9834,2.9874,2.9884,2.9874,2.9884,6
2026-05-12 22:13:00,2.9829,2.9829,2.9824,2.9824,2.9879,2.9879,2.9874,2.9874,2
2026-05-12 22:16:00,2.9829,2.9834,2.9829,2.9834,2.9879,2.9884,2.9879,2.9884,2
2026-05-12 22:17:00,2.9829,2.9829,2.9824,2.9824,2.9879,2.9879,2.9874,2.9874,2
2026-05-12 22:18:00,2.9829,2.9829,2.9824,2.9824,2.9879,2.9879,2.9874,2.9874,2
2026-05-12 22:19:00,2.9829,2.9834,2.9814,2.9824,2.9879,2.9884,2.9864,2.9874,8
2026-05-12 22:20:00,2.9819,2.9829,2.9819,2.9819,2.9869,2.9879,2.9869,2.9869,5
2026-05-12 22:21:00,2.9824,2.9824,2.9824,2.9824,2.9874,2.9874,2.9874,2.9874,1
2026-05-12 22:22:00,2.9819,2.9824,2.9814,2.9819,2.9869,2.9874,2.9864,2.9869,6
2026-05-12 22:24:00,2.9814,2.9814,2.9809,2.9814,2.9864,2.9864,2.9859,2.9864,3
2026-05-12 22:25:00,2.9824,2.9829,2.9814,2.9829,2.9874,2.9879,2.9864,2.9879,5
2026-05-12 22:26:00,2.9824,2.9824,2.9824,2.9824,2.9874,2.9874,2.9874,2.9874,1
2026-05-12 22:27:00,2.9819,2.9819,2.9819,2.9819,2.9869,2.9869,2.9869,2.9869,1
2026-05-12 22:28:00,2.9824,2.9844,2.9814,2.9839,2.9874,2.9894,2.9864,2.9889,13
2026-05-12 22:29:00,2.9834,2.9849,2.9834,2.9839,2.9884,2.9899,2.9884,2.9889,8
2026-05-12 22:30:00,2.9834,2.9844,2.9834,2.9839,2.9884,2.9894,2.9884,2.9889,5
2026-05-12 22:31:00,2.9834,2.9834,2.9834,2.9834,2.9884,2.9884,2.9884,2.9884,1
2026-05-12 22:32:00,2.9829,2.9834,2.9824,2.9829,2.9879,2.9884,2.9874,2.9879,6
2026-05-12 22:33:00,2.9834,2.9834,2.9824,2.9829,2.9884,2.9884,2.9874,2.9879,9
2026-05-12 22:34:00,2.9834,2.9834,2.9824,2.9824,2.9884,2.9884,2.9874,2.9874,3
2026-05-12 22:37:00,2.9814,2.9814,2.9814,2.9814,2.9864,2.9864,2.9864,2.9864,1
2026-05-12 22:39:00,2.9804,2.9804,2.9804,2.9804,2.9854,2.9854,2.9854,2.9854,1
2026-05-12 22:43:00,2.9814,2.9814,2.9814,2.9814,2.9864,2.9864,2.9864,2.9864,1
2026-05-12 22:44:00,2.9819,2.9819,2.9814,2.9814,2.9869,2.9869,2.9864,2.9864,2
2026-05-12 22:45:00,2.9809,2.9824,2.9809,2.9819,2.9859,2.9874,2.9859,2.9869,4
2026-05-12 22:46:00,2.9814,2.9824,2.9814,2.9824,2.9864,2.9874,2.9864,2.9874,5
2026-05-12 22:47:00,2.9819,2.9824,2.9814,2.9819,2.9869,2.9874,2.9864,2.9869,5
2026-05-12 22:48:00,2.9814,2.9824,2.9814,2.9814,2.9864,2.9874,2.9864,2.9864,6
2026-05-12 22:49:00,2.9819,2.9819,2.9814,2.9819,2.9869,2.9869,2.9864,2.9869,15
2026-05-12 22:50:00,2.9824,2.9824,2.9814,2.9824,2.9874,2.9874,2.9864,2.9874,8
2026-05-12 22:51:00,2.9819,2.9824,2.9804,2.9804,2.9869,2.9874,2.9854,2.9854,6
2026-05-12 22:52:00,2.9814,2.9819,2.9804,2.9814,2.9864,2.9869,2.9854,2.9864,14
2026-05-12 22:53:00,2.9819,2.9819,2.9804,2.9814,2.9869,2.9869,2.9854,2.9864,9
2026-05-12 22:54:00,2.9809,2.9814,2.9804,2.9814,2.9859,2.9864,2.9854,2.9864,4
2026-05-12 22:55:00,2.9809,2.9809,2.9809,2.9809,2.9859,2.9859,2.9859,2.9859,1
2026-05-12 22:56:00,2.9814,2.9814,2.9799,2.9804,2.9864,2.9864,2.9849,2.9854,5
2026-05-12 22:57:00,2.9814,2.9834,2.9794,2.9824,2.9864,2.9884,2.9844,2.9874,25
2026-05-12 22:58:00,2.9829,2.9834,2.9814,2.9814,2.9879,2.9884,2.9864,2.9864,8
2026-05-12 22:59:00,2.9819,2.9843,2.9814,2.9843,2.9869,2.9893,2.9864,2.9893,11
2026-05-13 00:00:00,2.9838,2.9838,2.9823,2.9823,2.9888,2.9888,2.9873,2.9873,7
2026-05-13 00:01:00,2.9818,2.9818,2.9788,2.9798,2.9868,2.9868,2.9838,2.9848,8
2026-05-13 00:02:00,2.9778,2.9788,2.9773,2.9783,2.9828,2.9838,2.9823,2.9833,4
2026-05-13 00:03:00,2.9773,2.9773,2.9758,2.9768,2.9823,2.9823,2.9808,2.9818,6
2026-05-13 00:04:00,2.9763,2.9763,2.9748,2.9748,2.9813,2.9813,2.9798,2.9798,3
2026-05-13 00:05:00,2.9753,2.9763,2.9753,2.9758,2.9803,2.9813,2.9803,2.9808,3
2026-05-13 00:06:00,2.9763,2.9768,2.9758,2.9763,2.9813,2.9818,2.9808,2.9813,5
2026-05-13 00:07:00,2.9768,2.9768,2.9768,2.9768,2.9818,2.9818,2.9818,2.9818,1
2026-05-13 00:09:00,2.9773,2.9778,2.9773,2.9778,2.9823,2.9828,2.9823,2.9828,2
2026-05-13 00:13:00,2.9788,2.9788,2.9778,2.9778,2.9838,2.9838,2.9828,2.9828,2
2026-05-13 00:14:00,2.9793,2.9818,2.9793,2.9818,2.9843,2.9868,2.9843,2.9868,3
2026-05-13 00:15:00,2.9813,2.9813,2.9803,2.9808,2.9863,2.9863,2.9853,2.9858,4
2026-05-13 00:16:00,2.9798,2.9798,2.9798,2.9798,2.9848,2.9848,2.9848,2.9848,1
2026-05-13 00:17:00,2.9803,2.9803,2.9803,2.9803,2.9853,2.9853,2.9853,2.9853,1
2026-05-13 00:23:00,2.9798,2.9798,2.9798,2.9798,2.9848,2.9848,2.9848,2.9848,1
2026-05-13 00:25:00,2.9793,2.9793,2.9788,2.9788,2.9843,2.9843,2.9838,2.9838,2
2026-05-13 00:26:00,2.9783,2.9783,2.9783,2.9783,2.9833,2.9833,2.9833,2.9833,1
2026-05-13 00:30:00,2.9788,2.9798,2.9788,2.9798,2.9838,2.9848,2.9838,2.9848,2
2026-05-13 00:35:00,2.9788,2.9788,2.9788,2.9788,2.9838,2.9838,2.9838,2.9838,1
2026-05-13 00:36:00,2.9793,2.9793,2.9793,2.9793,2.9843,2.9843,2.9843,2.9843,1
2026-05-13 00:37:00,2.9798,2.9808,2.9798,2.9808,2.9848,2.9858,2.9848,2.9858,2
2026-05-13 00:39:00,2.9813,2.9813,2.9808,2.9808,2.9863,2.9863,2.9858,2.9858,2
2026-05-13 00:40:00,2.9813,2.9813,2.9813,2.9813,2.9863,2.9863,2.9863,2.9863,1
2026-05-13 00:42:00,2.9808,2.9808,2.9808,2.9808,2.9858,2.9858,2.9858,2.9858,1
2026-05-13 00:43:00,2.9818,2.9818,2.9818,2.9818,2.9868,2.9868,2.9868,2.9868,1
2026-05-13 00:44:00,2.9813,2.9813,2.9808,2.9808,2.9863,2.9863,2.9858,2.9858,2
2026-05-13 00:45:00,2.9813,2.9813,2.9813,2.9813,2.9863,2.9863,2.9863,2.9863,1
2026-05-13 00:53:00,2.9803,2.9803,2.9798,2.9798,2.9853,2.9853,2.9848,2.9848,2
2026-05-13 00:54:00,2.9793,2.9798,2.9793,2.9798,2.9843,2.9848,2.9843,2.9848,2
2026-05-13 00:55:00,2.9808,2.9808,2.9803,2.9803,2.9858,2.9858,2.9853,2.9853,2
2026-05-13 00:57:00,2.9798,2.9798,2.9783,2.9783,2.9848,2.9848,2.9833,2.9833,2
2026-05-13 01:00:00,2.9788,2.9788,2.9788,2.9788,2.9838,2.9838,2.9838,2.9838,1
2026-05-13 01:02:00,2.9793,2.9808,2.9793,2.9803,2.9843,2.9858,2.9843,2.9853,4
2026-05-13 01:03:00,2.9808,2.9808,2.9808,2.9808,2.9858,2.9858,2.9858,2.9858,1
2026-05-13 01:04:00,2.9813,2.9813,2.9813,2.9813,2.9863,2.9863,2.9863,2.9863,1
2026-05-13 01:08:00,2.9808,2.9808,2.9793,2.9798,2.9858,2.9858,2.9843,2.9848,4
2026-05-13 01:12:00,2.9808,2.9808,2.9808,2.9808,2.9858,2.9858,2.9858,2.9858,1
2026-05-13 01:13:00,2.9818,2.9818,2.9808,2.9818,2.9868,2.9868,2.9858,2.9868,5
2026-05-13 01:14:00,2.9813,2.9828,2.9813,2.9818,2.9863,2.9878,2.9863,2.9868,7
2026-05-13 01:15:00,2.9813,2.9813,2.9813,2.9813,2.9863,2.9863,2.9863,2.9863,1
2026-05-13 01:19:00,2.9798,2.9798,2.9798,2.9798,2.9848,2.9848,2.9848,2.9848,1
2026-05-13 01:25:00,2.9793,2.9793,2.9778,2.9788,2.9843,2.9843,2.9828,2.9838,3
2026-05-13 01:32:00,2.9778,2.9788,2.9778,2.9788,2.9828,2.9838,2.9828,2.9838,2
2026-05-13 01:33:00,2.9783,2.9783,2.9783,2.9783,2.9833,2.9833,2.9833,2.9833,1
2026-05-13 01:34:00,2.9778,2.9778,2.9778,2.9778,2.9828,2.9828,2.9828,2.9828,1
2026-05-13 01:42:00,2.9788,2.9788,2.9788,2.9788,2.9838,2.9838,2.9838,2.9838,1
2026-05-13 01:45:00,2.9793,2.9798,2.9793,2.9798,2.9843,2.9848,2.9843,2.9848,2
2026-05-13 01:47:00,2.9793,2.9798,2.9788,2.9798,2.9843,2.9848,2.9838,2.9848,3
2026-05-13 01:48:00,2.9793,2.9793,2.9793,2.9793,2.9843,2.9843,2.9843,2.9843,1
2026-05-13 01:49:00,2.9803,2.9813,2.9803,2.9803,2.9853,2.9863,2.9853,2.9853,4
2026-05-13 01:51:00,2.9798,2.9803,2.9798,2.9803,2.9848,2.9853,2.9848,2.9853,2
2026-05-13 01:52:00,2.9798,2.9803,2.9798,2.9803,2.9848,2.9853,2.9848,2.9853,2
2026-05-13 01:53:00,2.9808,2.9808,2.9808,2.9808,2.9858,2.9858,2.9858,2.9858,1
2026-05-13 01:56:00,2.9803,2.9808,2.9803,2.9808,2.9853,2.9858,2.9853,2.9858,2
2026-05-13 01:57:00,2.9803,2.9808,2.9803,2.9808,2.9853,2.9858,2.9853,2.9858,2
2026-05-13 01:58:00,2.9803,2.9803,2.9778,2.9783,2.9853,2.9853,2.9828,2.9833,4
2026-05-13 02:00:00,2.9778,2.9793,2.9748,2.9793,2.9828,2.9843,2.9798,2.9843,11
2026-05-13 02:01:00,2.9798,2.9803,2.9793,2.9793,2.9848,2.9853,2.9843,2.9843,5
2026-05-13 02:02:00,2.9798,2.9798,2.9788,2.9788,2.9848,2.9848,2.9838,2.9838,2
2026-05-13 02:03:00,2.9783,2.9783,2.9783,2.9783,2.9833,2.9833,2.9833,2.9833,1
2026-05-13 02:04:00,2.9788,2.9803,2.9788,2.9803,2.9838,2.9853,2.9838,2.9853,4
2026-05-13 02:05:00,2.9798,2.9798,2.9783,2.9783,2.9848,2.9848,2.9833,2.9833,7
2026-05-13 02:06:00,2.9798,2.9798,2.9788,2.9793,2.9848,2.9848,2.9838,2.9843,5
2026-05-13 02:07:00,2.9788,2.9788,2.9788,2.9788,2.9838,2.9838,2.9838,2.9838,1
2026-05-13 02:08:00,2.9783,2.9783,2.9763,2.9763,2.9833,2.9833,2.9813,2.9813,4
2026-05-13 02:09:00,2.9768,2.9773,2.9768,2.9773,2.9818,2.9823,2.9818,2.9823,2
2026-05-13 02:10:00,2.9778,2.9778,2.9778,2.9778,2.9828,2.9828,2.9828,2.9828,1
2026-05-13 02:11:00,2.9773,2.9773,2.9773,2.9773,2.9823,2.9823,2.9823,2.9823,1
2026-05-13 02:13:00,2.9778,2.9778,2.9758,2.9768,2.9828,2.9828,2.9808,2.9818,4
2026-05-13 02:14:00,2.9763,2.9763,2.9758,2.9758,2.9813,2.9813,2.9808,2.9808,2
2026-05-13 02:15:00,2.9753,2.9768,2.9753,2.9753,2.9803,2.9818,2.9803,2.9803,10
2026-05-13 02:16:00,2.9758,2.9758,2.9758,2.9758,2.9808,2.9808,2.9808,2.9808,1
2026-05-13 02:17:00,2.9753,2.9753,2.9753,2.9753,2.9803,2.9803,2.9803,2.9803,1
2026-05-13 02:18:00,2.9758,2.9758,2.9758,2.9758,2.9808,2.9808,2.9808,2.9808,1
2026-05-13 02:19:00,2.9753,2.9753,2.9748,2.9753,2.9803,2.9803,2.9798,2.9803,3
2026-05-13 02:20:00,2.9758,2.9763,2.9753,2.9758,2.9808,2.9813,2.9803,2.9808,5
2026-05-13 02:21:00,2.9753,2.9758,2.9753,2.9758,2.9803,2.9808,2.9803,2.9808,2
2026-05-13 02:22:00,2.9763,2.9768,2.9763,2.9768,2.9813,2.9818,2.9813,2.9818,2
2026-05-13 02:23:00,2.9763,2.9768,2.9763,2.9768,2.9813,2.9818,2.9813,2.9818,2
2026-05-13 02:24:00,2.9763,2.9763,2.9763,2.9763,2.9813,2.9813,2.9813,2.9813,1
2026-05-13 02:26:00,2.9758,2.9758,2.9758,2.9758,2.9808,2.9808,2.9808,2.9808,1
2026-05-13 02:28:00,2.9753,2.9753,2.9753,2.9753,2.9803,2.9803,2.9803,2.9803,1
2026-05-13 02:29:00,2.9758,2.9758,2.9748,2.9748,2.9808,2.9808,2.9798,2.9798,2
2026-05-13 02:30:00,2.9753,2.9768,2.9753,2.9768,2.9803,2.9818,2.9803,2.9818,4
2026-05-13 02:35:00,2.9773,2.9778,2.9773,2.9778,2.9823,2.9828,2.9823,2.9828,2
2026-05-13 02:36:00,2.9783,2.9788,2.9783,2.9788,2.9833,2.9838,2.9833,2.9838,2
2026-05-13 02:37:00,2.9783,2.9783,2.9778,2.9778,2.9833,2.9833,2.9828,2.9828,2
2026-05-13 02:38:00,2.9783,2.9783,2.9783,2.9783,2.9833,2.9833,2.9833,2.9833,1
2026-05-13 02:39:00,2.9778,2.9778,2.9758,2.9763,2.9828,2.9828,2.9808,2.9813,9
2026-05-13 02:40:00,2.9768,2.9768,2.9728,2.9728,2.9818,2.9818,2.9778,2.9778,7
2026-05-13 02:41:00,2.9738,2.9743,2.9738,2.9738,2.9788,2.9793,2.9788,2.9788,3
2026-05-13 02:42:00,2.9743,2.9748,2.9743,2.9748,2.9793,2.9798,2.9793,2.9798,2
2026-05-13 02:43:00,2.9753,2.9753,2.9753,2.9753,2.9803,2.9803,2.9803,2.9803,1
2026-05-13 02:44:00,2.9748,2.9748,2.9748,2.9748,2.9798,2.9798,2.9798,2.9798,1
2026-05-13 02:45:00,2.9753,2.9768,2.9753,2.9768,2.9803,2.9818,2.9803,2.9818,3
2026-05-13 02:46:00,2.9773,2.9788,2.9773,2.9788,2.9823,2.9838,2.9823,2.9838,3
2026-05-13 02:47:00,2.9783,2.9783,2.9773,2.9773,2.9833,2.9833,2.9823,2.9823,3
2026-05-13 02:48:00,2.9778,2.9778,2.9778,2.9778,2.9828,2.9828,2.9828,2.9828,1
2026-05-13 02:50:00,2.9773,2.9773,2.9773,2.9773,2.9823,2.9823,2.9823,2.9823,1
2026-05-13 02:51:00,2.9778,2.9778,2.9773,2.9778,2.9828,2.9828,2.9823,2.9828,3
2026-05-13 02:52:00,2.9788,2.9788,2.9783,2.9788,2.9838,2.9838,2.9833,2.9838,5
2026-05-13 02:53:00,2.9783,2.9783,2.9783,2.9783,2.9833,2.9833,2.9833,2.9833,1
2026-05-13 02:54:00,2.9778,2.9783,2.9778,2.9783,2.9828,2.9833,2.9828,2.9833,2
2026-05-13 02:55:00,2.9778,2.9783,2.9778,2.9778,2.9828,2.9833,2.9828,2.9828,3
2026-05-13 02:56:00,2.9783,2.9783,2.9783,2.9783,2.9833,2.9833,2.9833,2.9833,1
2026-05-13 02:58:00,2.9778,2.9778,2.9773,2.9773,2.9828,2.9828,2.9823,2.9823,2
2026-05-13 02:59:00,2.9768,2.9768,2.9758,2.9763,2.9818,2.9818,2.9808,2.9813,6
2026-05-13 03:00:00,2.9768,2.9768,2.9708,2.9708,2.9818,2.9818,2.9758,2.9758,13
2026-05-13 03:01:00,2.9718,2.9723,2.9698,2.9708,2.9768,2.9773,2.9748,2.9758,8
2026-05-13 03:02:00,2.9713,2.9728,2.9708,2.9708,2.9763,2.9778,2.9758,2.9758,8
2026-05-13 03:03:00,2.9698,2.9708,2.9698,2.9703,2.9748,2.9758,2.9748,2.9753,4
2026-05-13 03:04:00,2.9708,2.9708,2.9708,2.9708,2.9758,2.9758,2.9758,2.9758,1
2026-05-13 03:05:00,2.9703,2.9703,2.9693,2.9698,2.9753,2.9753,2.9743,2.9748,5
2026-05-13 03:06:00,2.9703,2.9718,2.9703,2.9708,2.9753,2.9768,2.9753,2.9758,6
2026-05-13 03:07:00,2.9713,2.9718,2.9713,2.9718,2.9763,2.9768,2.9763,2.9768,2
2026-05-13 03:08:00,2.9713,2.9713,2.9698,2.9703,2.9763,2.9763,2.9748,2.9753,5
2026-05-13 03:09:00,2.9698,2.9703,2.9698,2.9698,2.9748,2.9753,2.9748,2.9748,3
2026-05-13 03:10:00,2.9703,2.9743,2.9703,2.9743,2.9753,2.9793,2.9753,2.9793,6
2026-05-13 03:11:00,2.9748,2.9748,2.9728,2.9733,2.9798,2.9798,2.9778,2.9783,6
2026-05-13 03:12:00,2.9728,2.9728,2.9728,2.9728,2.9778,2.9778,2.9778,2.9778,1
2026-05-13 03:13:00,2.9733,2.9738,2.9733,2.9738,2.9783,2.9788,2.9783,2.9788,2
2026-05-13 03:14:00,2.9733,2.9738,2.9733,2.9738,2.9783,2.9788,2.9783,2.9788,2
2026-05-13 03:15:00,2.9733,2.9733,2.9733,2.9733,2.9783,2.9783,2.9783,2.9783,1
2026-05-13 03:16:00,2.9738,2.9738,2.9723,2.9728,2.9788,2.9788,2.9773,2.9778,5
2026-05-13 03:17:00,2.9718,2.9728,2.9718,2.9728,2.9768,2.9778,2.9768,2.9778,4
2026-05-13 03:18:00,2.9723,2.9723,2.9723,2.9723,2.9773,2.9773,2.9773,2.9773,1
2026-05-13 03:20:00,2.9728,2.9748,2.9728,2.9743,2.9778,2.9798,2.9778,2.9793,5
2026-05-13 03:24:00,2.9748,2.9748,2.9723,2.9723,2.9798,2.9798,2.9773,2.9773,5
2026-05-13 03:25:00,2.9728,2.9728,2.9728,2.9728,2.9778,2.9778,2.9778,2.9778,1
2026-05-13 03:26:00,2.9723,2.9723,2.9723,2.9723,2.9773,2.9773,2.9773,2.9773,1
2026-05-13 03:27:00,2.9728,2.9728,2.9728,2.9728,2.9778,2.9778,2.9778,2.9778,1
2026-05-13 03:28:00,2.9733,2.9738,2.9733,2.9738,2.9783,2.9788,2.9783,2.9788,2
2026-05-13 03:29:00,2.9733,2.9733,2.9733,2.9733,2.9783,2.9783,2.9783,2.9783,1
2026-05-13 03:30:00,2.9738,2.9738,2.9738,2.9738,2.9788,2.9788,2.9788,2.9788,1
2026-05-13 03:31:00,2.9743,2.9743,2.9743,2.9743,2.9793,2.9793,2.9793,2.9793,1
2026-05-13 03:32:00,2.9748,2.9748,2.9748,2.9748,2.9798,2.9798,2.9798,2.9798,1
2026-05-13 03:35:00,2.9753,2.9753,2.9748,2.9748,2.9803,2.9803,2.9798,2.9798,2
2026-05-13 03:36:00,2.9753,2.9758,2.9753,2.9758,2.9803,2.9808,2.9803,2.9808,2
2026-05-13 03:38:00,2.9748,2.9748,2.9748,2.9748,2.9798,2.9798,2.9798,2.9798,1
2026-05-13 03:40:00,2.9753,2.9758,2.9748,2.9748,2.9803,2.9808,2.9798,2.9798,3
2026-05-13 03:41:00,2.9753,2.9753,2.9748,2.9748,2.9803,2.9803,2.9798,2.9798,2
2026-05-13 03:42:00,2.9753,2.9753,2.9753,2.9753,2.9803,2.9803,2.9803,2.9803,1
2026-05-13 03:43:00,2.9758,2.9768,2.9753,2.9758,2.9808,2.9818,2.9803,2.9808,5
2026-05-13 03:45:00,2.9763,2.9768,2.9763,2.9768,2.9813,2.9818,2.9813,2.9818,2
2026-05-13 03:46:00,2.9773,2.9773,2.9773,2.9773,2.9823,2.9823,2.9823,2.9823,1
2026-05-13 03:49:00,2.9768,2.9768,2.9758,2.9758,2.9818,2.9818,2.9808,2.9808,2
2026-05-13 03:50:00,2.9763,2.9768,2.9758,2.9758,2.9813,2.9818,2.9808,2.9808,3
2026-05-13 03:53:00,2.9748,2.9748,2.9738,2.9738,2.9798,2.9798,2.9788,2.9788,2
2026-05-13 03:54:00,2.9748,2.9748,2.9738,2.9738,2.9798,2.9798,2.9788,2.9788,2
2026-05-13 03:55:00,2.9748,2.9748,2.9738,2.9748,2.9798,2.9798,2.9788,2.9798,4
2026-05-13 03:57:00,2.9753,2.9753,2.9748,2.9748,2.9803,2.9803,2.9798,2.9798,2
2026-05-13 03:59:00,2.9738,2.9738,2.9728,2.9733,2.9788,2.9788,2.9778,2.9783,3
2026-05-13 04:01:00,2.9738,2.9748,2.9738,2.9748,2.9788,2.9798,2.9788,2.9798,2
2026-05-13 04:04:00,2.9738,2.9738,2.9728,2.9733,2.9788,2.9788,2.9778,2.9783,4
2026-05-13 04:05:00,2.9738,2.9738,2.9738,2.9738,2.9788,2.9788,2.9788,2.9788,1
2026-05-13 04:07:00,2.9743,2.9743,2.9743,2.9743,2.9793,2.9793,2.9793,2.9793,1
2026-05-13 04:08:00,2.9738,2.9738,2.9738,2.9738,2.9788,2.9788,2.9788,2.9788,1
2026-05-13 04:09:00,2.9743,2.9743,2.9743,2.9743,2.9793,2.9793,2.9793,2.9793,1
2026-05-13 04:10:00,2.9738,2.9743,2.9738,2.9743,2.9788,2.9793,2.9788,2.9793,2
2026-05-13 04:13:00,2.9738,2.9738,2.9728,2.9733,2.9788,2.9788,2.9778,2.9783,4
2026-05-13 04:14:00,2.9718,2.9728,2.9718,2.9728,2.9768,2.9778,2.9768,2.9778,2
2026-05-13 04:15:00,2.9723,2.9723,2.9723,2.9723,2.9773,2.9773,2.9773,2.9773,1
2026-05-13 04:16:00,2.9728,2.9738,2.9728,2.9728,2.9778,2.9788,2.9778,2.9778,4
2026-05-13 04:17:00,2.9733,2.9733,2.9728,2.9728,2.9783,2.9783,2.9778,2.9778,2
2026-05-13 04:18:00,2.9733,2.9733,2.9733,2.9733,2.9783,2.9783,2.9783,2.9783,1
2026-05-13 04:20:00,2.9738,2.9738,2.9738,2.9738,2.9788,2.9788,2.9788,2.9788,1
2026-05-13 04:21:00,2.9743,2.9743,2.9728,2.9728,2.9793,2.9793,2.9778,2.9778,3
2026-05-13 04:23:00,2.9723,2.9728,2.9718,2.9723,2.9773,2.9778,2.9768,2.9773,6
2026-05-13 04:24:00,2.9728,2.9728,2.9728,2.9728,2.9778,2.9778,2.9778,2.9778,1
2026-05-13 04:26:00,2.9733,2.9733,2.9728,2.9733,2.9783,2.9783,2.9778,2.9783,3
2026-05-13 04:27:00,2.9738,2.9738,2.9733,2.9738,2.9788,2.9788,2.9783,2.9788,3
2026-05-13 04:28:00,2.9748,2.9748,2.9748,2.9748,2.9798,2.9798,2.9798,2.9798,1
2026-05-13 04:30:00,2.9743,2.9743,2.9743,2.9743,2.9793,2.9793,2.9793,2.9793,1
2026-05-13 04:33:00,2.9738,2.9743,2.9738,2.9743,2.9788,2.9793,2.9788,2.9793,2
2026-05-13 04:34:00,2.9748,2.9748,2.9748,2.9748,2.9798,2.9798,2.9798,2.9798,1
2026-05-13 04:39:00,2.9738,2.9748,2.9738,2.9748,2.9788,2.9798,2.9788,2.9798,3
2026-05-13 04:44:00,2.9743,2.9743,2.9743,2.9743,2.9793,2.9793,2.9793,2.9793,1
2026-05-13 04:47:00,2.9748,2.9748,2.9728,2.9738,2.9798,2.9798,2.9778,2.9788,8
2026-05-13 04:48:00,2.9728,2.9728,2.9718,2.9723,2.9778,2.9778,2.9768,2.9773,6
2026-05-13 04:49:00,2.9728,2.9728,2.9728,2.9728,2.9778,2.9778,2.9778,2.9778,1
2026-05-13 04:50:00,2.9733,2.9738,2.9728,2.9733,2.9783,2.9788,2.9778,2.9783,5
2026-05-13 04:51:00,2.9738,2.9738,2.9733,2.9733,2.9788,2.9788,2.9783,2.9783,2
2026-05-13 04:52:00,2.9738,2.9738,2.9733,2.9733,2.9788,2.9788,2.9783,2.9783,2
2026-05-13 04:53:00,2.9728,2.9728,2.9723,2.9723,2.9778,2.9778,2.9773,2.9773,2
2026-05-13 04:54:00,2.9728,2.9728,2.9728,2.9728,2.9778,2.9778,2.9778,2.9778,1
2026-05-13 04:55:00,2.9738,2.9738,2.9733,2.9733,2.9788,2.9788,2.9783,2.9783,2
2026-05-13 04:56:00,2.9728,2.9728,2.9703,2.9703,2.9778,2.9778,2.9753,2.9753,13
2026-05-13 04:57:00,2.9708,2.9713,2.9708,2.9708,2.9758,2.9763,2.9758,2.9758,3
2026-05-13 04:59:00,2.9718,2.9718,2.9708,2.9708,2.9768,2.9768,2.9758,2.9758,3
2026-05-13 05:00:00,2.9713,2.9718,2.9708,2.9708,2.9763,2.9768,2.9758,2.9758,5
2026-05-13 05:01:00,2.9713,2.9718,2.9713,2.9718,2.9763,2.9768,2.9763,2.9768,2
2026-05-13 05:03:00,2.9708,2.9708,2.9708,2.9708,2.9758,2.9758,2.9758,2.9758,1
2026-05-13 05:05:00,2.9718,2.9718,2.9708,2.9713,2.9768,2.9768,2.9758,2.9763,4
2026-05-13 05:07:00,2.9708,2.9708,2.9698,2.9698,2.9758,2.9758,2.9748,2.9748,3
2026-05-13 05:08:00,2.9703,2.9708,2.9703,2.9708,2.9753,2.9758,2.9753,2.9758,2
2026-05-13 05:10:00,2.9698,2.9708,2.9698,2.9698,2.9748,2.9758,2.9748,2.9748,4
2026-05-13 05:13:00,2.9703,2.9703,2.9703,2.9703,2.9753,2.9753,2.9753,2.9753,1
2026-05-13 05:14:00,2.9708,2.9708,2.9708,2.9708,2.9758,2.9758,2.9758,2.9758,1
2026-05-13 05:16:00,2.9713,2.9713,2.9713,2.9713,2.9763,2.9763,2.9763,2.9763,1
2026-05-13 05:17:00,2.9708,2.9728,2.9708,2.9718,2.9758,2.9778,2.9758,2.9768,7
2026-05-13 05:19:00,2.9728,2.9728,2.9728,2.9728,2.9778,2.9778,2.9778,2.9778,1
2026-05-13 05:20:00,2.9718,2.9728,2.9718,2.9723,2.9768,2.9778,2.9768,2.9773,3
2026-05-13 05:23:00,2.9718,2.9723,2.9718,2.9723,2.9768,2.9773,2.9768,2.9773,2
2026-05-13 05:24:00,2.9718,2.9718,2.9718,2.9718,2.9768,2.9768,2.9768,2.9768,1
2026-05-13 05:25:00,2.9723,2.9728,2.9718,2.9718,2.9773,2.9778,2.9768,2.9768,5
2026-05-13 05:26:00,2.9723,2.9723,2.9718,2.9718,2.9773,2.9773,2.9768,2.9768,2
2026-05-13 05:28:00,2.9723,2.9723,2.9723,2.9723,2.9773,2.9773,2.9773,2.9773,1
2026-05-13 05:29:00,2.9718,2.9728,2.9718,2.9723,2.9768,2.9778,2.9768,2.9773,4
2026-05-13 05:30:00,2.9728,2.9738,2.9718,2.9718,2.9778,2.9788,2.9768,2.9768,6
2026-05-13 05:31:00,2.9723,2.9723,2.9718,2.9718,2.9773,2.9773,2.9768,2.9768,2
2026-05-13 05:33:00,2.9723,2.9723,2.9718,2.9718,2.9773,2.9773,2.9768,2.9768,2
2026-05-13 05:34:00,2.9708,2.9708,2.9708,2.9708,2.9758,2.9758,2.9758,2.9758,1
2026-05-13 05:35:00,2.9698,2.9698,2.9688,2.9693,2.9748,2.9748,2.9738,2.9743,5
2026-05-13 05:36:00,2.9688,2.9708,2.9688,2.9698,2.9738,2.9758,2.9738,2.9748,5
2026-05-13 05:37:00,2.9703,2.9703,2.9698,2.9698,2.9753,2.9753,2.9748,2.9748,4
2026-05-13 05:39:00,2.9708,2.9708,2.9703,2.9708,2.9758,2.9758,2.9753,2.9758,3
2026-05-13 05:44:00,2.9718,2.9718,2.9708,2.9708,2.9768,2.9768,2.9758,2.9758,2
2026-05-13 05:45:00,2.9693,2.9698,2.9693,2.9698,2.9743,2.9748,2.9743,2.9748,2
2026-05-13 05:48:00,2.9688,2.9688,2.9688,2.9688,2.9738,2.9738,2.9738,2.9738,1
2026-05-13 05:49:00,2.9693,2.9693,2.9688,2.9688,2.9743,2.9743,2.9738,2.9738,2
2026-05-13 05:50:00,2.9693,2.9698,2.9688,2.9698,2.9743,2.9748,2.9738,2.9748,6
2026-05-13 05:53:00,2.9703,2.9708,2.9703,2.9708,2.9753,2.9758,2.9753,2.9758,2
2026-05-13 05:55:00,2.9718,2.9718,2.9718,2.9718,2.9768,2.9768,2.9768,2.9768,1
2026-05-13 06:00:00,2.9713,2.9773,2.9713,2.9768,2.9763,2.9823,2.9763,2.9818,11
2026-05-13 06:01:00,2.9773,2.9778,2.9768,2.9768,2.9823,2.9828,2.9818,2.9818,5
2026-05-13 06:04:00,2.9758,2.9778,2.9758,2.9773,2.9808,2.9828,2.9808,2.9823,4
2026-05-13 06:05:00,2.9778,2.9778,2.9758,2.9768,2.9828,2.9828,2.9808,2.9818,5
2026-05-13 06:06:00,2.9758,2.9768,2.9758,2.9768,2.9808,2.9818,2.9808,2.9818,5
2026-05-13 06:07:00,2.9758,2.9768,2.9758,2.9768,2.9808,2.9818,2.9808,2.9818,2
2026-05-13 06:09:00,2.9778,2.9778,2.9778,2.9778,2.9828,2.9828,2.9828,2.9828,1
2026-05-13 06:10:00,2.9783,2.9788,2.9778,2.9788,2.9833,2.9838,2.9828,2.9838,3
2026-05-13 06:11:00,2.9783,2.9788,2.9783,2.9788,2.9833,2.9838,2.9833,2.9838,2
2026-05-13 06:13:00,2.9783,2.9783,2.9773,2.9773,2.9833,2.9833,2.9823,2.9823,3
2026-05-13 06:14:00,2.9778,2.9778,2.9768,2.9768,2.9828,2.9828,2.9818,2.9818,2
2026-05-13 06:16:00,2.9758,2.9758,2.9753,2.9758,2.9808,2.9808,2.9803,2.9808,3
2026-05-13 06:18:00,2.9768,2.9768,2.9758,2.9758,2.9818,2.9818,2.9808,2.9808,2
2026-05-13 06:19:00,2.9748,2.9748,2.9738,2.9738,2.9798,2.9798,2.9788,2.9788,3
2026-05-13 06:21:00,2.9748,2.9768,2.9748,2.9768,2.9798,2.9818,2.9798,2.9818,4
2026-05-13 06:22:00,2.9758,2.9768,2.9758,2.9763,2.9808,2.9818,2.9808,2.9813,12
2026-05-13 06:23:00,2.9768,2.9798,2.9768,2.9788,2.9818,2.9848,2.9818,2.9838,12
2026-05-13 06:24:00,2.9798,2.9803,2.9798,2.9803,2.9848,2.9853,2.9848,2.9853,2
2026-05-13 06:25:00,2.9798,2.9808,2.9793,2.9798,2.9848,2.9858,2.9843,2.9848,6
2026-05-13 06:27:00,2.9803,2.9818,2.9798,2.9803,2.9853,2.9868,2.9848,2.9853,12
2026-05-13 06:28:00,2.9793,2.9803,2.9788,2.9798,2.9843,2.9853,2.9838,2.9848,9
2026-05-13 06:29:00,2.9803,2.9818,2.9803,2.9813,2.9853,2.9868,2.9853,2.9863,10
2026-05-13 06:30:00,2.9808,2.9823,2.9803,2.9803,2.9858,2.9873,2.9853,2.9853,6
2026-05-13 06:31:00,2.9808,2.9808,2.9783,2.9783,2.9858,2.9858,2.9833,2.9833,4
2026-05-13 06:32:00,2.9778,2.9778,2.9778,2.9778,2.9828,2.9828,2.9828,2.9828,1
2026-05-13 06:33:00,2.9768,2.9768,2.9763,2.9768,2.9818,2.9818,2.9813,2.9818,3
2026-05-13 06:34:00,2.9773,2.9773,2.9773,2.9773,2.9823,2.9823,2.9823,2.9823,1
2026-05-13 06:35:00,2.9778,2.9778,2.9778,2.9778,2.9828,2.9828,2.9828,2.9828,1
2026-05-13 06:36:00,2.9783,2.9783,2.9778,2.9778,2.9833,2.9833,2.9828,2.9828,2
2026-05-13 06:37:00,2.9768,2.9768,2.9768,2.9768,2.9818,2.9818,2.9818,2.9818,1
2026-05-13 06:40:00,2.9763,2.9768,2.9763,2.9768,2.9813,2.9818,2.9813,2.9818,2
2026-05-13 06:41:00,2.9778,2.9778,2.9748,2.9748,2.9828,2.9828,2.9798,2.9798,5
2026-05-13 06:42:00,2.9743,2.9758,2.9743,2.9753,2.9793,2.9808,2.9793,2.9803,4
2026-05-13 06:43:00,2.9758,2.9758,2.9758,2.9758,2.9808,2.9808,2.9808,2.9808,1
2026-05-13 06:44:00,2.9763,2.9763,2.9763,2.9763,2.9813,2.9813,2.9813,2.9813,1
2026-05-13 06:45:00,2.9768,2.9768,2.9768,2.9768,2.9818,2.9818,2.9818,2.9818,1
2026-05-13 06:49:00,2.9758,2.9768,2.9758,2.9763,2.9808,2.9818,2.9808,2.9813,3
2026-05-13 06:50:00,2.9758,2.9763,2.9758,2.9763,2.9808,2.9813,2.9808,2.9813,8
2026-05-13 06:51:00,2.9768,2.9768,2.9758,2.9758,2.9818,2.9818,2.9808,2.9808,5
2026-05-13 06:56:00,2.9763,2.9768,2.9763,2.9768,2.9813,2.9818,2.9813,2.9818,4
2026-05-13 06:57:00,2.9773,2.9773,2.9768,2.9768,2.9823,2.9823,2.9818,2.9818,2
2026-05-13 06:58:00,2.9763,2.9768,2.9758,2.9768,2.9813,2.9818,2.9808,2.9818,6
2026-05-13 06:59:00,2.9758,2.9758,2.9753,2.9758,2.9808,2.9808,2.9803,2.9808,5
2026-05-13 07:00:00,2.9753,2.9753,2.9728,2.9728,2.9803,2.9803,2.9778,2.9778,6
2026-05-13 07:01:00,2.9723,2.9723,2.9708,2.9708,2.9773,2.9773,2.9758,2.9758,5
2026-05-13 07:02:00,2.9703,2.9703,2.9698,2.9698,2.9753,2.9753,2.9748,2.9748,2
2026-05-13 07:04:00,2.9688,2.9688,2.9688,2.9688,2.9738,2.9738,2.9738,2.9738,1
2026-05-13 07:05:00,2.9698,2.9698,2.9688,2.9688,2.9748,2.9748,2.9738,2.9738,3
2026-05-13 07:06:00,2.9678,2.9678,2.9678,2.9678,2.9728,2.9728,2.9728,2.9728,1
2026-05-13 07:08:00,2.9688,2.9698,2.9658,2.9698,2.9738,2.9748,2.9708,2.9748,11
2026-05-13 07:09:00,2.9688,2.9688,2.9688,2.9688,2.9738,2.9738,2.9738,2.9738,1
2026-05-13 07:10:00,2.9698,2.9698,2.9683,2.9683,2.9748,2.9748,2.9733,2.9733,7
2026-05-13 07:11:00,2.9688,2.9688,2.9688,2.9688,2.9738,2.9738,2.9738,2.9738,1
2026-05-13 07:12:00,2.9693,2.9698,2.9693,2.9698,2.9743,2.9748,2.9743,2.9748,2
2026-05-13 07:13:00,2.9688,2.9688,2.9683,2.9688,2.9738,2.9738,2.9733,2.9738,3
2026-05-13 07:14:00,2.9693,2.9693,2.9688,2.9688,2.9743,2.9743,2.9738,2.9738,2
2026-05-13 07:15:00,2.9698,2.9698,2.9688,2.9688,2.9748,2.9748,2.9738,2.9738,4
2026-05-13 07:20:00,2.9698,2.9698,2.9688,2.9688,2.9748,2.9748,2.9738,2.9738,2
2026-05-13 07:21:00,2.9693,2.9693,2.9688,2.9688,2.9743,2.9743,2.9738,2.9738,2
2026-05-13 07:24:00,2.9693,2.9693,2.9688,2.9688,2.9743,2.9743,2.9738,2.9738,2
2026-05-13 07:25:00,2.9678,2.9688,2.9673,2.9688,2.9728,2.9738,2.9723,2.9738,4
2026-05-13 07:26:00,2.9678,2.9693,2.9678,2.9678,2.9728,2.9743,2.9728,2.9728,6
2026-05-13 07:27:00,2.9668,2.9683,2.9668,2.9683,2.9718,2.9733,2.9718,2.9733,3
2026-05-13 07:28:00,2.9688,2.9688,2.9688,2.9688,2.9738,2.9738,2.9738,2.9738,1
2026-05-13 07:33:00,2.9678,2.9688,2.9678,2.9688,2.9728,2.9738,2.9728,2.9738,2
2026-05-13 07:34:00,2.9703,2.9758,2.9703,2.9748,2.9753,2.9808,2.9753,2.9798,11
2026-05-13 07:35:00,2.9758,2.9788,2.9758,2.9768,2.9808,2.9838,2.9808,2.9818,14
2026-05-13 07:36:00,2.9773,2.9773,2.9768,2.9773,2.9823,2.9823,2.9818,2.9823,3
2026-05-13 07:37:00,2.9778,2.9778,2.9778,2.9778,2.9828,2.9828,2.9828,2.9828,1
2026-05-13 07:40:00,2.9783,2.9798,2.9783,2.9798,2.9833,2.9848,2.9833,2.9848,6
2026-05-13 07:41:00,2.9793,2.9798,2.9793,2.9798,2.9843,2.9848,2.9843,2.9848,2
2026-05-13 07:42:00,2.9793,2.9798,2.9793,2.9798,2.9843,2.9848,2.9843,2.9848,2
2026-05-13 07:44:00,2.9803,2.9808,2.9803,2.9803,2.9853,2.9858,2.9853,2.9853,3
2026-05-13 07:45:00,2.9808,2.9808,2.9798,2.9798,2.9858,2.9858,2.9848,2.9848,5
2026-05-13 07:47:00,2.9803,2.9803,2.9798,2.9803,2.9853,2.9853,2.9848,2.9853,3
2026-05-13 07:50:00,2.9798,2.9803,2.9778,2.9778,2.9848,2.9853,2.9828,2.9828,5
2026-05-13 07:51:00,2.9783,2.9788,2.9783,2.9783,2.9833,2.9838,2.9833,2.9833,3
2026-05-13 07:52:00,2.9778,2.9778,2.9768,2.9768,2.9828,2.9828,2.9818,2.9818,2
2026-05-13 07:53:00,2.9778,2.9803,2.9778,2.9803,2.9828,2.9853,2.9828,2.9853,5
2026-05-13 07:54:00,2.9798,2.9803,2.9798,2.9798,2.9848,2.9853,2.9848,2.9848,3
2026-05-13 07:55:00,2.9803,2.9808,2.9803,2.9808,2.9853,2.9858,2.9853,2.9858,2
2026-05-13 07:56:00,2.9798,2.9798,2.9778,2.9778,2.9848,2.9848,2.9828,2.9828,4
2026-05-13 07:57:00,2.9788,2.9798,2.9788,2.9798,2.9838,2.9848,2.9838,2.9848,3
2026-05-13 07:58:00,2.9793,2.9798,2.9793,2.9798,2.9843,2.9848,2.9843,2.9848,2
2026-05-13 07:59:00,2.9793,2.9803,2.9793,2.9793,2.9843,2.9853,2.9843,2.9843,4
2026-05-13 08:00:00,2.9788,2.9793,2.9768,2.9788,2.9838,2.9843,2.9818,2.9838,11
2026-05-13 08:01:00,2.9793,2.9793,2.9788,2.9788,2.9843,2.9843,2.9838,2.9838,2
2026-05-13 08:02:00,2.9778,2.9778,2.9748,2.9748,2.9828,2.9828,2.9798,2.9798,6
2026-05-13 08:03:00,2.9738,2.9763,2.9738,2.9763,2.9788,2.9813,2.9788,2.9813,4
2026-05-13 08:04:00,2.9753,2.9753,2.9738,2.9753,2.9803,2.9803,2.9788,2.9803,6
2026-05-13 08:05:00,2.9748,2.9758,2.9748,2.9758,2.9798,2.9808,2.9798,2.9808,3
2026-05-13 08:06:00,2.9768,2.9768,2.9768,2.9768,2.9818,2.9818,2.9818,2.9818,1
2026-05-13 08:07:00,2.9763,2.9763,2.9753,2.9763,2.9813,2.9813,2.9803,2.9813,7
2026-05-13 08:08:00,2.9768,2.9768,2.9768,2.9768,2.9818,2.9818,2.9818,2.9818,1
2026-05-13 08:09:00,2.9778,2.9778,2.9778,2.9778,2.9828,2.9828,2.9828,2.9828,1
2026-05-13 08:10:00,2.9773,2.9773,2.9763,2.9768,2.9823,2.9823,2.9813,2.9818,4
2026-05-13 08:11:00,2.9778,2.9778,2.9768,2.9778,2.9828,2.9828,2.9818,2.9828,4
2026-05-13 08:12:00,2.9768,2.9768,2.9763,2.9768,2.9818,2.9818,2.9813,2.9818,3
2026-05-13 08:13:00,2.9778,2.9778,2.9768,2.9768,2.9828,2.9828,2.9818,2.9818,4
2026-05-13 08:14:00,2.9763,2.9768,2.9763,2.9768,2.9813,2.9818,2.9813,2.9818,2
2026-05-13 08:15:00,2.9758,2.9763,2.9758,2.9758,2.9808,2.9813,2.9808,2.9808,3
2026-05-13 08:17:00,2.9748,2.9748,2.9738,2.9738,2.9798,2.9798,2.9788,2.9788,6
2026-05-13 08:18:00,2.9743,2.9748,2.9733,2.9748,2.9793,2.9798,2.9783,2.9798,5
2026-05-13 08:19:00,2.9738,2.9743,2.9738,2.9743,2.9788,2.9793,2.9788,2.9793,6
2026-05-13 08:20:00,2.9748,2.9758,2.9748,2.9758,2.9798,2.9808,2.9798,2.9808,2
2026-05-13 08:21:00,2.9753,2.9758,2.9753,2.9758,2.9803,2.9808,2.9803,2.9808,2
2026-05-13 08:22:00,2.9763,2.9768,2.9763,2.9768,2.9813,2.9818,2.9813,2.9818,2
2026-05-13 08:23:00,2.9763,2.9768,2.9763,2.9768,2.9813,2.9818,2.9813,2.9818,2
2026-05-13 08:25:00,2.9773,2.9773,2.9768,2.9768,2.9823,2.9823,2.9818,2.9818,2
2026-05-13 08:26:00,2.9763,2.9768,2.9763,2.9768,2.9813,2.9818,2.9813,2.9818,2
2026-05-13 08:27:00,2.9758,2.9768,2.9758,2.9768,2.9808,2.9818,2.9808,2.9818,2
2026-05-13 08:28:00,2.9773,2.9773,2.9768,2.9768,2.9823,2.9823,2.9818,2.9818,2
2026-05-13 08:29:00,2.9773,2.9788,2.9768,2.9778,2.9823,2.9838,2.9818,2.9828,6
2026-05-13 08:30:00,2.9783,2.9798,2.9783,2.9798,2.9833,2.9848,2.9833,2.9848,4
2026-05-13 08:31:00,2.9808,2.9848,2.9798,2.9818,2.9858,2.9898,2.9848,2.9868,27
2026-05-13 08:32:00,2.9808,2.9818,2.9808,2.9818,2.9858,2.9868,2.9858,2.9868,4
2026-05-13 08:33:00,2.9813,2.9813,2.9813,2.9813,2.9863,2.9863,2.9863,2.9863,1
2026-05-13 08:34:00,2.9808,2.9818,2.9788,2.9788,2.9858,2.9868,2.9838,2.9838,6
2026-05-13 08:35:00,2.9783,2.9793,2.9778,2.9778,2.9833,2.9843,2.9828,2.9828,6
2026-05-13 08:36:00,2.9788,2.9788,2.9783,2.9783,2.9838,2.9838,2.9833,2.9833,4
2026-05-13 08:37:00,2.9788,2.9793,2.9783,2.9788,2.9838,2.9843,2.9833,2.9838,5
2026-05-13 08:38:00,2.9778,2.9778,2.9778,2.9778,2.9828,2.9828,2.9828,2.9828,1
2026-05-13 08:40:00,2.9783,2.9783,2.9778,2.9783,2.9833,2.9833,2.9828,2.9833,3
2026-05-13 08:41:00,2.9793,2.9798,2.9793,2.9793,2.9843,2.9848,2.9843,2.9843,3
2026-05-13 08:42:00,2.9798,2.9818,2.9798,2.9818,2.9848,2.9868,2.9848,2.9868,7
2026-05-13 08:43:00,2.9808,2.9808,2.9808,2.9808,2.9858,2.9858,2.9858,2.9858,1
2026-05-13 08:44:00,2.9803,2.9803,2.9803,2.9803,2.9853,2.9853,2.9853,2.9853,1
2026-05-13 08:45:00,2.9808,2.9818,2.9808,2.9818,2.9858,2.9868,2.9858,2.9868,3
2026-05-13 08:46:00,2.9828,2.9838,2.9823,2.9838,2.9878,2.9888,2.9873,2.9888,6
2026-05-13 08:48:00,2.9843,2.9843,2.9838,2.9838,2.9893,2.9893,2.9888,2.9888,2
2026-05-13 08:49:00,2.9848,2.9848,2.9838,2.9838,2.9898,2.9898,2.9888,2.9888,5
2026-05-13 08:50:00,2.9843,2.9843,2.9838,2.9838,2.9893,2.9893,2.9888,2.9888,2
2026-05-13 08:51:00,2.9848,2.9848,2.9838,2.9843,2.9898,2.9898,2.9888,2.9893,9
2026-05-13 08:52:00,2.9848,2.9848,2.9838,2.9848,2.9898,2.9898,2.9888,2.9898,5
2026-05-13 08:53:00,2.9838,2.9843,2.9838,2.9838,2.9888,2.9893,2.9888,2.9888,5
2026-05-13 08:54:00,2.9828,2.9828,2.9818,2.9828,2.9878,2.9878,2.9868,2.9878,14
2026-05-13 08:55:00,2.9813,2.9823,2.9813,2.9823,2.9863,2.9873,2.9863,2.9873,3
2026-05-13 08:56:00,2.9828,2.9828,2.9808,2.9808,2.9878,2.9878,2.9858,2.9858,3
2026-05-13 08:57:00,2.9803,2.9803,2.9803,2.9803,2.9853,2.9853,2.9853,2.9853,1
2026-05-13 08:58:00,2.9808,2.9808,2.9798,2.9808,2.9858,2.9858,2.9848,2.9858,3
2026-05-13 09:00:00,2.9803,2.9823,2.9793,2.9818,2.9853,2.9873,2.9843,2.9868,22
2026-05-13 09:01:00,2.9828,2.9858,2.9828,2.9833,2.9878,2.9908,2.9878,2.9883,8
2026-05-13 09:02:00,2.9828,2.9848,2.9828,2.9833,2.9878,2.9898,2.9878,2.9883,9
2026-05-13 09:03:00,2.9828,2.9828,2.9828,2.9828,2.9878,2.9878,2.9878,2.9878,1
2026-05-13 09:04:00,2.9838,2.9838,2.9828,2.9838,2.9888,2.9888,2.9878,2.9888,4
2026-05-13 09:05:00,2.9828,2.9848,2.9828,2.9848,2.9878,2.9898,2.9878,2.9898,4
2026-05-13 09:06:00,2.9843,2.9843,2.9833,2.9833,2.9893,2.9893,2.9883,2.9883,3
2026-05-13 09:07:00,2.9828,2.9843,2.9828,2.9828,2.9878,2.9893,2.9878,2.9878,9
2026-05-13 09:08:00,2.9833,2.9858,2.9828,2.9833,2.9883,2.9908,2.9878,2.9883,14
2026-05-13 09:09:00,2.9838,2.9843,2.9838,2.9838,2.9888,2.9893,2.9888,2.9888,5
2026-05-13 09:10:00,2.9843,2.9843,2.9828,2.9828,2.9893,2.9893,2.9878,2.9878,5
2026-05-13 09:11:00,2.9838,2.9838,2.9838,2.9838,2.9888,2.9888,2.9888,2.9888,1
2026-05-13 09:12:00,2.9828,2.9828,2.9828,2.9828,2.9878,2.9878,2.9878,2.9878,1
2026-05-13 09:13:00,2.9823,2.9823,2.9818,2.9818,2.9873,2.9873,2.9868,2.9868,2
2026-05-13 09:14:00,2.9828,2.9843,2.9828,2.9838,2.9878,2.9893,2.9878,2.9888,8
2026-05-13 09:15:00,2.9843,2.9863,2.9843,2.9863,2.9893,2.9913,2.9893,2.9913,16
2026-05-13 09:16:00,2.9878,2.9878,2.9853,2.9853,2.9928,2.9928,2.9903,2.9903,7
2026-05-13 09:17:00,2.9848,2.9848,2.9848,2.9848,2.9898,2.9898,2.9898,2.9898,1
2026-05-13 09:18:00,2.9853,2.9858,2.9838,2.9838,2.9903,2.9908,2.9888,2.9888,5
2026-05-13 09:19:00,2.9843,2.9848,2.9843,2.9843,2.9893,2.9898,2.9893,2.9893,3
2026-05-13 09:20:00,2.9838,2.9858,2.9838,2.9858,2.9888,2.9908,2.9888,2.9908,6
2026-05-13 09:21:00,2.9848,2.9848,2.9848,2.9848,2.9898,2.9898,2.9898,2.9898,1
2026-05-13 09:22:00,2.9853,2.9853,2.9853,2.9853,2.9903,2.9903,2.9903,2.9903,1
2026-05-13 09:23:00,2.9858,2.9888,2.9858,2.9878,2.9908,2.9938,2.9908,2.9928,6
2026-05-13 09:24:00,2.9873,2.9873,2.9868,2.9873,2.9923,2.9923,2.9918,2.9923,3
2026-05-13 09:25:00,2.9868,2.9878,2.9868,2.9878,2.9918,2.9928,2.9918,2.9928,5
2026-05-13 09:26:00,2.9883,2.9898,2.9883,2.9888,2.9933,2.9948,2.9933,2.9938,10
2026-05-13 09:27:00,2.9878,2.9878,2.9858,2.9858,2.9928,2.9928,2.9908,2.9908,4
2026-05-13 09:28:00,2.9848,2.9853,2.9848,2.9853,2.9898,2.9903,2.9898,2.9903,2
2026-05-13 09:29:00,2.9858,2.9858,2.9848,2.9848,2.9908,2.9908,2.9898,2.9898,3
2026-05-13 09:30:00,2.9843,2.9868,2.9838,2.9858,2.9893,2.9918,2.9888,2.9908,9
2026-05-13 09:31:00,2.9848,2.9868,2.9848,2.9858,2.9898,2.9918,2.9898,2.9908,10
2026-05-13 09:32:00,2.9863,2.9868,2.9863,2.9868,2.9913,2.9918,2.9913,2.9918,4
2026-05-13 09:33:00,2.9878,2.9878,2.9868,2.9873,2.9928,2.9928,2.9918,2.9923,7
2026-05-13 09:34:00,2.9878,2.9878,2.9858,2.9868,2.9928,2.9928,2.9908,2.9918,5
2026-05-13 09:35:00,2.9873,2.9903,2.9873,2.9898,2.9923,2.9953,2.9923,2.9948,8
2026-05-13 09:36:00,2.9903,2.9903,2.9898,2.9898,2.9953,2.9953,2.9948,2.9948,4
2026-05-13 09:37:00,2.9903,2.9918,2.9903,2.9908,2.9953,2.9968,2.9953,2.9958,7
2026-05-13 09:39:00,2.9918,2.9918,2.9908,2.9908,2.9968,2.9968,2.9958,2.9958,6
2026-05-13 09:40:00,2.9918,2.9918,2.9878,2.9878,2.9968,2.9968,2.9928,2.9928,6
2026-05-13 09:41:00,2.9883,2.9883,2.9858,2.9858,2.9933,2.9933,2.9908,2.9908,4
2026-05-13 09:42:00,2.9868,2.9868,2.9848,2.9848,2.9918,2.9918,2.9898,2.9898,6
2026-05-13 09:43:00,2.9838,2.9848,2.9808,2.9848,2.9888,2.9898,2.9858,2.9898,12
2026-05-13 09:44:00,2.9858,2.9878,2.9858,2.9873,2.9908,2.9928,2.9908,2.9923,5
2026-05-13 09:45:00,2.9878,2.9878,2.9858,2.9868,2.9928,2.9928,2.9908,2.9918,7
2026-05-13 09:46:00,2.9878,2.9878,2.9863,2.9863,2.9928,2.9928,2.9913,2.9913,4
2026-05-13 09:47:00,2.9868,2.9868,2.9858,2.9858,2.9918,2.9918,2.9908,2.9908,3
2026-05-13 09:50:00,2.9853,2.9858,2.9853,2.9858,2.9903,2.9908,2.9903,2.9908,2
2026-05-13 09:51:00,2.9863,2.9863,2.9858,2.9858,2.9913,2.9913,2.9908,2.9908,4
2026-05-13 09:52:00,2.9848,2.9853,2.9848,2.9853,2.9898,2.9903,2.9898,2.9903,2
2026-05-13 09:53:00,2.9858,2.9858,2.9858,2.9858,2.9908,2.9908,2.9908,2.9908,1
2026-05-13 09:54:00,2.9868,2.9873,2.9863,2.9868,2.9918,2.9923,2.9913,2.9918,4
2026-05-13 09:55:00,2.9878,2.9888,2.9878,2.9888,2.9928,2.9938,2.9928,2.9938,3
2026-05-13 09:56:00,2.9878,2.9878,2.9878,2.9878,2.9928,2.9928,2.9928,2.9928,1
2026-05-13 09:57:00,2.9888,2.9888,2.9873,2.9878,2.9938,2.9938,2.9923,2.9928,9
2026-05-13 09:58:00,2.9868,2.9888,2.9868,2.9888,2.9918,2.9938,2.9918,2.9938,3
2026-05-13 09:59:00,2.9893,2.9898,2.9888,2.9888,2.9943,2.9948,2.9938,2.9938,5
2026-05-13 10:00:00,2.9883,2.9918,2.9873,2.9918,2.9933,2.9968,2.9923,2.9968,13
2026-05-13 10:01:00,2.9913,2.9918,2.9913,2.9918,2.9963,2.9968,2.9963,2.9968,6
2026-05-13 10:03:00,2.9913,2.9918,2.9913,2.9918,2.9963,2.9968,2.9963,2.9968,4
2026-05-13 10:05:00,2.9928,2.9928,2.9898,2.9908,2.9978,2.9978,2.9948,2.9958,6
2026-05-13 10:06:00,2.9903,2.9903,2.9858,2.9873,2.9953,2.9953,2.9908,2.9923,12
2026-05-13 10:07:00,2.9878,2.9878,2.9873,2.9873,2.9928,2.9928,2.9923,2.9923,2
2026-05-13 10:08:00,2.9878,2.9898,2.9878,2.9888,2.9928,2.9948,2.9928,2.9938,7
2026-05-13 10:09:00,2.9893,2.9898,2.9893,2.9893,2.9943,2.9948,2.9943,2.9943,3
2026-05-13 10:10:00,2.9888,2.9898,2.9878,2.9878,2.9938,2.9948,2.9928,2.9928,6
2026-05-13 10:11:00,2.9883,2.9908,2.9883,2.9903,2.9933,2.9958,2.9933,2.9953,14
2026-05-13 10:12:00,2.9908,2.9908,2.9888,2.9903,2.9958,2.9958,2.9938,2.9953,5
2026-05-13 10:13:00,2.9898,2.9908,2.9898,2.9903,2.9948,2.9958,2.9948,2.9953,4
2026-05-13 10:14:00,2.9898,2.9903,2.9898,2.9898,2.9948,2.9953,2.9948,2.9948,3
2026-05-13 10:15:00,2.9903,2.9903,2.9898,2.9898,2.9953,2.9953,2.9948,2.9948,2
2026-05-13 10:16:00,2.9903,2.9918,2.9898,2.9918,2.9953,2.9968,2.9948,2.9968,8
2026-05-13 10:17:00,2.9908,2.9908,2.9903,2.9903,2.9958,2.9958,2.9953,2.9953,4
2026-05-13 10:18:00,2.9898,2.9898,2.9888,2.9893,2.9948,2.9948,2.9938,2.9943,6
2026-05-13 10:19:00,2.9888,2.9888,2.9878,2.9878,2.9938,2.9938,2.9928,2.9928,2
2026-05-13 10:20:00,2.9868,2.9878,2.9868,2.9878,2.9918,2.9928,2.9918,2.9928,2
2026-05-13 10:21:00,2.9888,2.9888,2.9868,2.9888,2.9938,2.9938,2.9918,2.9938,11
2026-05-13 10:22:00,2.9898,2.9898,2.9888,2.9888,2.9948,2.9948,2.9938,2.9938,7
2026-05-13 10:23:00,2.9893,2.9898,2.9888,2.9888,2.9943,2.9948,2.9938,2.9938,7
2026-05-13 10:25:00,2.9893,2.9908,2.9888,2.9888,2.9943,2.9958,2.9938,2.9938,9
2026-05-13 10:26:00,2.9898,2.9898,2.9888,2.9888,2.9948,2.9948,2.9938,2.9938,7
2026-05-13 10:27:00,2.9883,2.9898,2.9883,2.9898,2.9933,2.9948,2.9933,2.9948,4
2026-05-13 10:28:00,2.9903,2.9908,2.9898,2.9898,2.9953,2.9958,2.9948,2.9948,9
2026-05-13 10:29:00,2.9903,2.9908,2.9903,2.9908,2.9953,2.9958,2.9953,2.9958,2
2026-05-13 10:30:00,2.9903,2.9908,2.9898,2.9903,2.9953,2.9958,2.9948,2.9953,6
2026-05-13 10:31:00,2.9908,2.9908,2.9888,2.9888,2.9958,2.9958,2.9938,2.9938,5
2026-05-13 10:32:00,2.9898,2.9903,2.9898,2.9898,2.9948,2.9953,2.9948,2.9948,5
2026-05-13 10:33:00,2.9893,2.9898,2.9868,2.9873,2.9943,2.9948,2.9918,2.9923,7
2026-05-13 10:34:00,2.9868,2.9868,2.9848,2.9863,2.9918,2.9918,2.9898,2.9913,5
2026-05-13 10:35:00,2.9868,2.9868,2.9848,2.9848,2.9918,2.9918,2.9898,2.9898,6
2026-05-13 10:36:00,2.9858,2.9858,2.9848,2.9858,2.9908,2.9908,2.9898,2.9908,4
2026-05-13 10:37:00,2.9853,2.9853,2.9848,2.9848,2.9903,2.9903,2.9898,2.9898,2
2026-05-13 10:38:00,2.9858,2.9858,2.9848,2.9848,2.9908,2.9908,2.9898,2.9898,5
2026-05-13 10:40:00,2.9853,2.9863,2.9853,2.9858,2.9903,2.9913,2.9903,2.9908,4
2026-05-13 10:41:00,2.9863,2.9878,2.9863,2.9868,2.9913,2.9928,2.9913,2.9918,11
2026-05-13 10:42:00,2.9863,2.9868,2.9863,2.9868,2.9913,2.9918,2.9913,2.9918,4
2026-05-13 10:43:00,2.9863,2.9868,2.9858,2.9858,2.9913,2.9918,2.9908,2.9908,7
2026-05-13 10:44:00,2.9863,2.9868,2.9858,2.9868,2.9913,2.9918,2.9908,2.9918,4
2026-05-13 10:45:00,2.9873,2.9878,2.9853,2.9853,2.9923,2.9928,2.9903,2.9903,11
2026-05-13 10:46:00,2.9858,2.9858,2.9848,2.9853,2.9908,2.9908,2.9898,2.9903,10
2026-05-13 10:47:00,2.9858,2.9888,2.9858,2.9883,2.9908,2.9938,2.9908,2.9933,10
2026-05-13 10:48:00,2.9878,2.9888,2.9878,2.9888,2.9928,2.9938,2.9928,2.9938,5
2026-05-13 10:49:00,2.9883,2.9893,2.9878,2.9888,2.9933,2.9943,2.9928,2.9938,8
2026-05-13 10:50:00,2.9898,2.9943,2.9898,2.9928,2.9948,2.9993,2.9948,2.9978,18
2026-05-13 10:51:00,2.9923,2.9928,2.9908,2.9918,2.9973,2.9978,2.9958,2.9968,6
2026-05-13 10:52:00,2.9923,2.9928,2.9923,2.9923,2.9973,2.9978,2.9973,2.9973,3
2026-05-13 10:53:00,2.9918,2.9918,2.9908,2.9918,2.9968,2.9968,2.9958,2.9968,5
2026-05-13 10:54:00,2.9923,2.9923,2.9913,2.9913,2.9973,2.9973,2.9963,2.9963,3
2026-05-13 10:55:00,2.9908,2.9918,2.9893,2.9908,2.9958,2.9968,2.9943,2.9958,14
2026-05-13 10:56:00,2.9903,2.9903,2.9903,2.9903,2.9953,2.9953,2.9953,2.9953,1
2026-05-13 10:58:00,2.9908,2.9908,2.9908,2.9908,2.9958,2.9958,2.9958,2.9958,1
2026-05-13 10:59:00,2.9903,2.9948,2.9903,2.9948,2.9953,2.9998,2.9953,2.9998,10
2026-05-13 11:00:00,2.9943,2.9948,2.9928,2.9938,2.9993,2.9998,2.9978,2.9988,13
2026-05-13 11:01:00,2.9943,2.9968,2.9943,2.9963,2.9993,3.0018,2.9993,3.0013,8
2026-05-13 11:02:00,2.9958,2.9963,2.9958,2.9958,3.0008,3.0013,3.0008,3.0008,3
2026-05-13 11:04:00,2.9948,2.9968,2.9948,2.9968,2.9998,3.0018,2.9998,3.0018,3
2026-05-13 11:05:00,2.9978,2.9983,2.9958,2.9973,3.0028,3.0033,3.0008,3.0023,8
2026-05-13 11:06:00,2.9968,2.9968,2.9953,2.9958,3.0018,3.0018,3.0003,3.0008,4
2026-05-13 11:07:00,2.9968,2.9988,2.9968,2.9988,3.0018,3.0038,3.0018,3.0038,3
2026-05-13 11:08:00,2.9998,2.9998,2.9978,2.9988,3.0048,3.0048,3.0028,3.0038,8
2026-05-13 11:09:00,2.9983,2.9993,2.9983,2.9988,3.0033,3.0043,3.0033,3.0038,4
2026-05-13 11:10:00,2.9998,2.9998,2.9988,2.9988,3.0048,3.0048,3.0038,3.0038,8
2026-05-13 11:11:00,2.9978,2.9988,2.9958,2.9958,3.0028,3.0038,3.0008,3.0008,8
2026-05-13 11:12:00,2.9953,2.9958,2.9948,2.9948,3.0003,3.0008,2.9998,2.9998,6
2026-05-13 11:13:00,2.9958,2.9983,2.9958,2.9983,3.0008,3.0033,3.0008,3.0033,4
2026-05-13 11:14:00,2.9978,2.9988,2.9978,2.9988,3.0028,3.0038,3.0028,3.0038,2
2026-05-13 11:15:00,2.9983,2.9988,2.9983,2.9983,3.0033,3.0038,3.0033,3.0033,5
2026-05-13 11:16:00,2.9993,2.9998,2.9988,2.9993,3.0043,3.0048,3.0038,3.0043,6
2026-05-13 11:17:00,2.9998,2.9998,2.9978,2.9978,3.0048,3.0048,3.0028,3.0028,7
2026-05-13 11:18:00,2.9988,2.9988,2.9978,2.9983,3.0038,3.0038,3.0028,3.0033,5
2026-05-13 11:19:00,2.9978,2.9983,2.9978,2.9978,3.0028,3.0033,3.0028,3.0028,3
2026-05-13 11:23:00,2.9968,2.9968,2.9968,2.9968,3.0018,3.0018,3.0018,3.0018,1
2026-05-13 11:25:00,2.9978,2.9988,2.9978,2.9988,3.0028,3.0038,3.0028,3.0038,2
2026-05-13 11:26:00,2.9978,2.9978,2.9978,2.9978,3.0028,3.0028,3.0028,3.0028,1
2026-05-13 11:28:00,2.9988,2.9988,2.9988,2.9988,3.0038,3.0038,3.0038,3.0038,1
2026-05-13 11:30:00,2.9978,2.9988,2.9958,2.9963,3.0028,3.0038,3.0008,3.0013,14
2026-05-13 11:31:00,2.9968,2.9978,2.9968,2.9978,3.0018,3.0028,3.0018,3.0028,7
2026-05-13 11:32:00,2.9968,2.9968,2.9968,2.9968,3.0018,3.0018,3.0018,3.0018,1
2026-05-13 11:33:00,2.9963,2.9963,2.9928,2.9928,3.0013,3.0013,2.9978,2.9978,12
2026-05-13 11:34:00,2.9933,2.9938,2.9933,2.9938,2.9983,2.9988,2.9983,2.9988,2
2026-05-13 11:35:00,2.9928,2.9938,2.9928,2.9933,2.9978,2.9988,2.9978,2.9983,8
2026-05-13 11:36:00,2.9928,2.9928,2.9923,2.9923,2.9978,2.9978,2.9973,2.9973,4
2026-05-13 11:37:00,2.9928,2.9928,2.9918,2.9918,2.9978,2.9978,2.9968,2.9968,6
2026-05-13 11:38:00,2.9928,2.9928,2.9908,2.9908,2.9978,2.9978,2.9958,2.9958,4
2026-05-13 11:39:00,2.9913,2.9913,2.9908,2.9908,2.9963,2.9963,2.9958,2.9958,2
2026-05-13 11:40:00,2.9913,2.9913,2.9898,2.9903,2.9963,2.9963,2.9948,2.9953,5
2026-05-13 11:41:00,2.9908,2.9918,2.9898,2.9913,2.9958,2.9968,2.9948,2.9963,11
2026-05-13 11:42:00,2.9918,2.9958,2.9918,2.9948,2.9968,3.0008,2.9968,2.9998,10
2026-05-13 11:43:00,2.9938,2.9938,2.9938,2.9938,2.9988,2.9988,2.9988,2.9988,1
2026-05-13 11:44:00,2.9943,2.9943,2.9938,2.9943,2.9993,2.9993,2.9988,2.9993,5
2026-05-13 11:45:00,2.9958,2.9958,2.9948,2.9958,3.0008,3.0008,2.9998,3.0008,3
2026-05-13 11:46:00,2.9963,2.9978,2.9958,2.9963,3.0013,3.0028,3.0008,3.0013,13
2026-05-13 11:47:00,2.9958,2.9988,2.9958,2.9988,3.0008,3.0038,3.0008,3.0038,10
2026-05-13 11:48:00,2.9983,2.9988,2.9973,2.9978,3.0033,3.0038,3.0023,3.0028,10
2026-05-13 11:49:00,2.9988,2.9988,2.9978,2.9978,3.0038,3.0038,3.0028,3.0028,5
2026-05-13 11:50:00,2.9983,2.9988,2.9978,2.9983,3.0033,3.0038,3.0028,3.0033,7
2026-05-13 11:51:00,2.9988,2.9988,2.9953,2.9958,3.0038,3.0038,3.0003,3.0008,8
2026-05-13 11:52:00,2.9968,2.9978,2.9968,2.9978,3.0018,3.0028,3.0018,3.0028,4
2026-05-13 11:53:00,2.9968,2.9968,2.9958,2.9958,3.0018,3.0018,3.0008,3.0008,3
2026-05-13 11:54:00,2.9968,2.9978,2.9963,2.9968,3.0018,3.0028,3.0013,3.0018,6
2026-05-13 11:55:00,2.9963,2.9963,2.9958,2.9958,3.0013,3.0013,3.0008,3.0008,2
2026-05-13 11:57:00,2.9948,2.9948,2.9918,2.9928,2.9998,2.9998,2.9968,2.9978,18
2026-05-13 11:58:00,2.9923,2.9928,2.9908,2.9908,2.9973,2.9978,2.9958,2.9958,8
2026-05-13 11:59:00,2.9913,2.9923,2.9913,2.9918,2.9963,2.9973,2.9963,2.9968,6
2026-05-13 12:00:00,2.9908,2.9908,2.9888,2.9893,2.9958,2.9958,2.9938,2.9943,4
2026-05-13 12:01:00,2.9888,2.9908,2.9888,2.9898,2.9938,2.9958,2.9938,2.9948,6
2026-05-13 12:03:00,2.9908,2.9908,2.9888,2.9888,2.9958,2.9958,2.9938,2.9938,9
2026-05-13 12:04:00,2.9893,2.9898,2.9888,2.9888,2.9943,2.9948,2.9938,2.9938,3
2026-05-13 12:05:00,2.9883,2.9888,2.9883,2.9888,2.9933,2.9938,2.9933,2.9938,2
2026-05-13 12:07:00,2.9898,2.9898,2.9888,2.9898,2.9948,2.9948,2.9938,2.9948,3
2026-05-13 12:08:00,2.9888,2.9898,2.9888,2.9898,2.9938,2.9948,2.9938,2.9948,5
2026-05-13 12:09:00,2.9908,2.9908,2.9908,2.9908,2.9958,2.9958,2.9958,2.9958,1
2026-05-13 12:10:00,2.9898,2.9938,2.9898,2.9928,2.9948,2.9988,2.9948,2.9978,16
2026-05-13 12:11:00,2.9923,2.9968,2.9918,2.9968,2.9973,3.0018,2.9968,3.0018,12
2026-05-13 12:12:00,2.9963,2.9968,2.9948,2.9958,3.0013,3.0018,2.9998,3.0008,8
2026-05-13 12:13:00,2.9968,2.9968,2.9958,2.9968,3.0018,3.0018,3.0008,3.0018,3
2026-05-13 12:14:00,2.9978,2.9983,2.9978,2.9978,3.0028,3.0033,3.0028,3.0028,3
2026-05-13 12:15:00,2.9983,3.0038,2.9983,3.0018,3.0033,3.0088,3.0033,3.0068,20
2026-05-13 12:16:00,3.0028,3.0038,2.9978,3.0008,3.0078,3.0088,3.0028,3.0058,22
2026-05-13 12:17:00,3.0003,3.0008,2.9998,2.9998,3.0053,3.0058,3.0048,3.0048,3
2026-05-13 12:18:00,3.0008,3.0008,2.9988,2.9988,3.0058,3.0058,3.0038,3.0038,6
2026-05-13 12:19:00,2.9993,3.0008,2.9993,3.0008,3.0043,3.0058,3.0043,3.0058,15
2026-05-13 12:20:00,3.0018,3.0028,3.0013,3.0028,3.0068,3.0078,3.0063,3.0078,6
2026-05-13 12:21:00,3.0033,3.0033,3.0013,3.0013,3.0083,3.0083,3.0063,3.0063,8
2026-05-13 12:22:00,3.0008,3.0018,3.0008,3.0018,3.0058,3.0068,3.0058,3.0068,5
2026-05-13 12:23:00,3.0013,3.0013,3.0008,3.0013,3.0063,3.0063,3.0058,3.0063,5
2026-05-13 12:24:00,3.0008,3.0013,2.9998,2.9998,3.0058,3.0063,3.0048,3.0048,7
2026-05-13 12:25:00,3.0008,3.0008,2.9998,2.9998,3.0058,3.0058,3.0048,3.0048,2
2026-05-13 12:26:00,2.9993,3.0003,2.9988,2.9998,3.0043,3.0053,3.0038,3.0048,5
2026-05-13 12:27:00,2.9988,2.9988,2.9868,2.9888,3.0038,3.0038,2.9918,2.9938,31
2026-05-13 12:28:00,2.9878,2.9898,2.9878,2.9898,2.9928,2.9948,2.9928,2.9948,9
2026-05-13 12:29:00,2.9903,2.9928,2.9878,2.9878,2.9953,2.9978,2.9928,2.9928,26
2026-05-13 12:30:00,2.9873,2.9873,2.9838,2.9838,2.9923,2.9923,2.9888,2.9888,20
2026-05-13 12:31:00,2.9843,2.9858,2.9843,2.9858,2.9893,2.9908,2.9893,2.9908,4
2026-05-13 12:32:00,2.9853,2.9853,2.9828,2.9838,2.9903,2.9903,2.9878,2.9888,7
2026-05-13 12:33:00,2.9843,2.9843,2.9828,2.9828,2.9893,2.9893,2.9878,2.9878,9
2026-05-13 12:34:00,2.9833,2.9858,2.9808,2.9808,2.9883,2.9908,2.9858,2.9858,10
2026-05-13 12:35:00,2.9798,2.9808,2.9773,2.9798,2.9848,2.9858,2.9823,2.9848,14
2026-05-13 12:36:00,2.9793,2.9828,2.9793,2.9828,2.9843,2.9878,2.9843,2.9878,7
2026-05-13 12:37:00,2.9838,2.9838,2.9798,2.9803,2.9888,2.9888,2.9848,2.9853,14
2026-05-13 12:38:00,2.9808,2.9808,2.9778,2.9778,2.9858,2.9858,2.9828,2.9828,7
2026-05-13 12:39:00,2.9783,2.9788,2.9778,2.9783,2.9833,2.9838,2.9828,2.9833,8
2026-05-13 12:40:00,2.9788,2.9808,2.9783,2.9793,2.9838,2.9858,2.9833,2.9843,16
2026-05-13 12:41:00,2.9788,2.9793,2.9788,2.9793,2.9838,2.9843,2.9838,2.9843,2
2026-05-13 12:42:00,2.9788,2.9793,2.9788,2.9788,2.9838,2.9843,2.9838,2.9838,3
2026-05-13 12:43:00,2.9778,2.9798,2.9748,2.9748,2.9828,2.9848,2.9798,2.9798,13
2026-05-13 12:44:00,2.9753,2.9753,2.9668,2.9688,2.9803,2.9803,2.9718,2.9738,22
2026-05-13 12:45:00,2.9683,2.9708,2.9678,2.9708,2.9733,2.9758,2.9728,2.9758,19
2026-05-13 12:46:00,2.9698,2.9728,2.9688,2.9728,2.9748,2.9778,2.9738,2.9778,10
2026-05-13 12:47:00,2.9718,2.9718,2.9633,2.9638,2.9768,2.9768,2.9683,2.9688,13
2026-05-13 12:48:00,2.9633,2.9668,2.9628,2.9658,2.9683,2.9718,2.9678,2.9708,17
2026-05-13 12:49:00,2.9653,2.9678,2.9653,2.9678,2.9703,2.9728,2.9703,2.9728,6
2026-05-13 12:50:00,2.9673,2.9678,2.9668,2.9668,2.9723,2.9728,2.9718,2.9718,13
2026-05-13 12:51:00,2.9673,2.9688,2.9673,2.9688,2.9723,2.9738,2.9723,2.9738,9
2026-05-13 12:52:00,2.9678,2.9678,2.9648,2.9673,2.9728,2.9728,2.9698,2.9723,11
2026-05-13 12:53:00,2.9678,2.9678,2.9678,2.9678,2.9728,2.9728,2.9728,2.9728,1
2026-05-13 12:54:00,2.9683,2.9703,2.9658,2.9658,2.9733,2.9753,2.9708,2.9708,18
2026-05-13 12:55:00,2.9668,2.9683,2.9648,2.9658,2.9718,2.9733,2.9698,2.9708,11
2026-05-13 12:56:00,2.9663,2.9678,2.9663,2.9678,2.9713,2.9728,2.9713,2.9728,3
2026-05-13 12:57:00,2.9673,2.9768,2.9673,2.9758,2.9723,2.9818,2.9723,2.9808,21
2026-05-13 12:58:00,2.9763,2.9768,2.9733,2.9733,2.9813,2.9818,2.9783,2.9783,10
2026-05-13 12:59:00,2.9738,2.9738,2.9678,2.9698,2.9788,2.9788,2.9728,2.9748,28
2026-05-13 13:00:00,2.9703,2.9728,2.9678,2.9713,2.9753,2.9778,2.9728,2.9763,42
2026-05-13 13:01:00,2.9718,2.9768,2.9718,2.9768,2.9768,2.9818,2.9768,2.9818,15
2026-05-13 13:02:00,2.9758,2.9758,2.9738,2.9758,2.9808,2.9808,2.9788,2.9808,13
2026-05-13 13:03:00,2.9753,2.9758,2.9748,2.9758,2.9803,2.9808,2.9798,2.9808,6
2026-05-13 13:04:00,2.9748,2.9768,2.9748,2.9758,2.9798,2.9818,2.9798,2.9808,13
2026-05-13 13:05:00,2.9768,2.9783,2.9753,2.9783,2.9818,2.9833,2.9803,2.9833,9
2026-05-13 13:06:00,2.9778,2.9818,2.9768,2.9818,2.9828,2.9868,2.9818,2.9868,22
2026-05-13 13:07:00,2.9823,2.9828,2.9818,2.9823,2.9873,2.9878,2.9868,2.9873,13
2026-05-13 13:08:00,2.9828,2.9848,2.9818,2.9848,2.9878,2.9898,2.9868,2.9898,5
2026-05-13 13:09:00,2.9838,2.9838,2.9828,2.9828,2.9888,2.9888,2.9878,2.9878,6
2026-05-13 13:10:00,2.9833,2.9833,2.9788,2.9788,2.9883,2.9883,2.9838,2.9838,16
2026-05-13 13:11:00,2.9793,2.9798,2.9788,2.9798,2.9843,2.9848,2.9838,2.9848,6
2026-05-13 13:12:00,2.9788,2.9788,2.9758,2.9768,2.9838,2.9838,2.9808,2.9818,17
2026-05-13 13:13:00,2.9773,2.9778,2.9758,2.9758,2.9823,2.9828,2.9808,2.9808,18
2026-05-13 13:14:00,2.9768,2.9778,2.9758,2.9778,2.9818,2.9828,2.9808,2.9828,6
2026-05-13 13:15:00,2.9788,2.9798,2.9668,2.9718,2.9838,2.9848,2.9718,2.9768,27
2026-05-13 13:16:00,2.9713,2.9768,2.9708,2.9768,2.9763,2.9818,2.9758,2.9818,17
2026-05-13 13:17:00,2.9758,2.9768,2.9748,2.9748,2.9808,2.9818,2.9798,2.9798,7
2026-05-13 13:18:00,2.9753,2.9788,2.9748,2.9748,2.9803,2.9838,2.9798,2.9798,9
2026-05-13 13:19:00,2.9753,2.9753,2.9748,2.9748,2.9803,2.9803,2.9798,2.9798,4
2026-05-13 13:20:00,2.9738,2.9748,2.9738,2.9748,2.9788,2.9798,2.9788,2.9798,2
2026-05-13 13:21:00,2.9753,2.9758,2.9753,2.9758,2.9803,2.9808,2.9803,2.9808,2
2026-05-13 13:22:00,2.9768,2.9808,2.9768,2.9808,2.9818,2.9858,2.9818,2.9858,12
2026-05-13 13:23:00,2.9798,2.9803,2.9798,2.9803,2.9848,2.9853,2.9848,2.9853,2
2026-05-13 13:24:00,2.9808,2.9818,2.9798,2.9818,2.9858,2.9868,2.9848,2.9868,12
2026-05-13 13:25:00,2.9808,2.9818,2.9758,2.9763,2.9858,2.9868,2.9808,2.9813,13
2026-05-13 13:26:00,2.9758,2.9758,2.9738,2.9748,2.9808,2.9808,2.9788,2.9798,12
2026-05-13 13:27:00,2.9758,2.9758,2.9758,2.9758,2.9808,2.9808,2.9808,2.9808,1
2026-05-13 13:28:00,2.9763,2.9773,2.9758,2.9768,2.9813,2.9823,2.9808,2.9818,8
2026-05-13 13:29:00,2.9773,2.9778,2.9768,2.9773,2.9823,2.9828,2.9818,2.9823,5
2026-05-13 13:30:00,2.9778,2.9778,2.9758,2.9778,2.9828,2.9828,2.9808,2.9828,6
2026-05-13 13:31:00,2.9788,2.9818,2.9788,2.9818,2.9838,2.9868,2.9838,2.9868,8
2026-05-13 13:32:00,2.9813,2.9818,2.9798,2.9803,2.9863,2.9868,2.9848,2.9853,11
2026-05-13 13:33:00,2.9798,2.9808,2.9788,2.9788,2.9848,2.9858,2.9838,2.9838,10
2026-05-13 13:34:00,2.9783,2.9798,2.9758,2.9783,2.9833,2.9848,2.9808,2.9833,20
2026-05-13 13:35:00,2.9788,2.9858,2.9788,2.9853,2.9838,2.9908,2.9838,2.9903,27
2026-05-13 13:36:00,2.9858,2.9898,2.9848,2.9883,2.9908,2.9948,2.9898,2.9933,21
2026-05-13 13:37:00,2.9888,2.9938,2.9888,2.9898,2.9938,2.9988,2.9938,2.9948,18
2026-05-13 13:38:00,2.9893,2.9918,2.9883,2.9898,2.9943,2.9968,2.9933,2.9948,33
2026-05-13 13:39:00,2.9903,2.9918,2.9903,2.9908,2.9953,2.9968,2.9953,2.9958,7
2026-05-13 13:40:00,2.9918,2.9918,2.9878,2.9878,2.9968,2.9968,2.9928,2.9928,9
2026-05-13 13:41:00,2.9883,2.9888,2.9803,2.9808,2.9933,2.9938,2.9853,2.9858,18
2026-05-13 13:42:00,2.9803,2.9803,2.9753,2.9778,2.9853,2.9853,2.9803,2.9828,17
2026-05-13 13:43:00,2.9773,2.9838,2.9758,2.9818,2.9823,2.9888,2.9808,2.9868,22
2026-05-13 13:44:00,2.9813,2.9838,2.9813,2.9833,2.9863,2.9888,2.9863,2.9883,8
2026-05-13 13:45:00,2.9828,2.9848,2.9828,2.9838,2.9878,2.9898,2.9878,2.9888,13
2026-05-13 13:46:00,2.9843,2.9858,2.9838,2.9848,2.9893,2.9908,2.9888,2.9898,14
2026-05-13 13:47:00,2.9838,2.9838,2.9808,2.9818,2.9888,2.9888,2.9858,2.9868,7
2026-05-13 13:48:00,2.9823,2.9823,2.9818,2.9818,2.9873,2.9873,2.9868,2.9868,2
2026-05-13 13:49:00,2.9828,2.9928,2.9828,2.9903,2.9878,2.9978,2.9878,2.9953,27
2026-05-13 13:50:00,2.9908,2.9908,2.9878,2.9883,2.9958,2.9958,2.9928,2.9933,12
2026-05-13 13:51:00,2.9878,2.9908,2.9878,2.9893,2.9928,2.9958,2.9928,2.9943,13
2026-05-13 13:52:00,2.9888,2.9898,2.9863,2.9868,2.9938,2.9948,2.9913,2.9918,14
2026-05-13 13:53:00,2.9878,2.9878,2.9863,2.9868,2.9928,2.9928,2.9913,2.9918,7
2026-05-13 13:54:00,2.9863,2.9908,2.9858,2.9893,2.9913,2.9958,2.9908,2.9943,9
2026-05-13 13:55:00,2.9898,2.9898,2.9888,2.9898,2.9948,2.9948,2.9938,2.9948,10
2026-05-13 13:56:00,2.9908,2.9908,2.9878,2.9888,2.9958,2.9958,2.9928,2.9938,9
2026-05-13 13:57:00,2.9878,2.9883,2.9868,2.9883,2.9928,2.9933,2.9918,2.9933,5
2026-05-13 13:58:00,2.9878,2.9883,2.9868,2.9878,2.9928,2.9933,2.9918,2.9928,8
2026-05-13 13:59:00,2.9883,2.9888,2.9823,2.9833,2.9933,2.9938,2.9873,2.9883,12
2026-05-13 14:00:00,2.9823,2.9898,2.9818,2.9888,2.9873,2.9948,2.9868,2.9938,38
2026-05-13 14:01:00,2.9883,2.9883,2.9808,2.9818,2.9933,2.9933,2.9858,2.9868,22
2026-05-13 14:02:00,2.9823,2.9868,2.9823,2.9843,2.9873,2.9918,2.9873,2.9893,13
2026-05-13 14:03:00,2.9848,2.9863,2.9838,2.9858,2.9898,2.9913,2.9888,2.9908,9
2026-05-13 14:04:00,2.9848,2.9888,2.9848,2.9868,2.9898,2.9938,2.9898,2.9918,11
2026-05-13 14:05:00,2.9878,2.9878,2.9788,2.9793,2.9928,2.9928,2.9838,2.9843,27
2026-05-13 14:06:00,2.9798,2.9823,2.9788,2.9788,2.9848,2.9873,2.9838,2.9838,28
2026-05-13 14:07:00,2.9783,2.9783,2.9698,2.9728,2.9833,2.9833,2.9748,2.9778,39
2026-05-13 14:08:00,2.9738,2.9758,2.9713,2.9738,2.9788,2.9808,2.9763,2.9788,36
2026-05-13 14:09:00,2.9748,2.9768,2.9728,2.9753,2.9798,2.9818,2.9778,2.9803,25
2026-05-13 14:10:00,2.9743,2.9753,2.9713,2.9748,2.9793,2.9803,2.9763,2.9798,23
2026-05-13 14:11:00,2.9743,2.9798,2.9743,2.9788,2.9793,2.9848,2.9793,2.9838,23
2026-05-13 14:12:00,2.9798,2.9808,2.9763,2.9783,2.9848,2.9858,2.9813,2.9833,23
2026-05-13 14:13:00,2.9793,2.9808,2.9778,2.9793,2.9843,2.9858,2.9828,2.9843,11
2026-05-13 14:14:00,2.9798,2.9798,2.9758,2.9793,2.9848,2.9848,2.9808,2.9843,21
2026-05-13 14:15:00,2.9798,2.9798,2.9778,2.9778,2.9848,2.9848,2.9828,2.9828,5
2026-05-13 14:16:00,2.9768,2.9788,2.9768,2.9778,2.9818,2.9838,2.9818,2.9828,6
2026-05-13 14:17:00,2.9768,2.9788,2.9768,2.9778,2.9818,2.9838,2.9818,2.9828,13
2026-05-13 14:18:00,2.9788,2.9818,2.9788,2.9808,2.9838,2.9868,2.9838,2.9858,13
2026-05-13 14:19:00,2.9818,2.9828,2.9788,2.9803,2.9868,2.9878,2.9838,2.9853,25
2026-05-13 14:20:00,2.9798,2.9848,2.9798,2.9838,2.9848,2.9898,2.9848,2.9888,28
2026-05-13 14:21:00,2.9848,2.9918,2.9828,2.9893,2.9898,2.9968,2.9878,2.9943,43
2026-05-13 14:22:00,2.9888,2.9908,2.9878,2.9888,2.9938,2.9958,2.9928,2.9938,27
2026-05-13 14:23:00,2.9908,3.0008,2.9908,2.9988,2.9958,3.0058,2.9958,3.0038,54
2026-05-13 14:24:00,2.9993,2.9998,2.9948,2.9968,3.0043,3.0048,2.9998,3.0018,30
2026-05-13 14:25:00,2.9973,2.9988,2.9898,2.9933,3.0023,3.0038,2.9948,2.9983,41
2026-05-13 14:26:00,2.9943,2.9958,2.9918,2.9918,2.9993,3.0008,2.9968,2.9968,25
2026-05-13 14:27:00,2.9913,2.9938,2.9913,2.9913,2.9963,2.9988,2.9963,2.9963,18
2026-05-13 14:28:00,2.9908,2.9918,2.9888,2.9898,2.9958,2.9968,2.9938,2.9948,18
2026-05-13 14:29:00,2.9903,2.9963,2.9898,2.9953,2.9953,3.0013,2.9948,3.0003,25
2026-05-13 14:30:00,2.9948,3.0158,2.9948,3.0148,2.9998,3.0208,2.9998,3.0198,93
2026-05-13 14:31:00,3.0143,3.0188,3.0098,3.0183,3.0193,3.0238,3.0148,3.0233,53
2026-05-13 14:32:00,3.0198,3.0223,3.0158,3.0168,3.0248,3.0273,3.0208,3.0218,87
2026-05-13 14:33:00,3.0163,3.0163,3.0088,3.0108,3.0213,3.0213,3.0138,3.0158,32
2026-05-13 14:34:00,3.0103,3.0108,3.0068,3.0078,3.0153,3.0158,3.0118,3.0128,25
2026-05-13 14:35:00,3.0083,3.0093,3.0038,3.0078,3.0133,3.0143,3.0088,3.0128,31
2026-05-13 14:36:00,3.0083,3.0098,3.0068,3.0093,3.0133,3.0148,3.0118,3.0143,33
2026-05-13 14:37:00,3.0098,3.0148,3.0088,3.0138,3.0148,3.0198,3.0138,3.0188,51
2026-05-13 14:38:00,3.0128,3.0148,3.0098,3.0108,3.0178,3.0198,3.0148,3.0158,31
2026-05-13 14:39:00,3.0103,3.0193,3.0098,3.0193,3.0153,3.0243,3.0148,3.0243,35
2026-05-13 14:40:00,3.0198,3.0228,3.0168,3.0223,3.0248,3.0278,3.0218,3.0273,38
2026-05-13 14:41:00,3.0238,3.0298,3.0228,3.0243,3.0288,3.0348,3.0278,3.0293,53
2026-05-13 14:42:00,3.0238,3.0318,3.0208,3.0313,3.0288,3.0368,3.0258,3.0363,52
2026-05-13 14:43:00,3.0308,3.0398,3.0298,3.0368,3.0358,3.0448,3.0348,3.0418,90
2026-05-13 14:44:00,3.0373,3.0523,3.0368,3.0488,3.0423,3.0573,3.0418,3.0538,69
2026-05-13 14:45:00,3.0478,3.0498,3.0418,3.0418,3.0528,3.0548,3.0468,3.0468,75
2026-05-13 14:46:00,3.0428,3.0458,3.0418,3.0423,3.0478,3.0508,3.0468,3.0473,43
2026-05-13 14:47:00,3.0418,3.0458,3.0418,3.0443,3.0468,3.0508,3.0468,3.0493,25
2026-05-13 14:48:00,3.0438,3.0628,3.0438,3.0603,3.0488,3.0678,3.0488,3.0653,95
2026-05-13 14:49:00,3.0593,3.0598,3.0538,3.0538,3.0643,3.0648,3.0588,3.0588,53
2026-05-13 14:50:00,3.0543,3.0568,3.0518,3.0538,3.0593,3.0618,3.0568,3.0588,54
2026-05-13 14:51:00,3.0548,3.0568,3.0528,3.0568,3.0598,3.0618,3.0578,3.0618,49
2026-05-13 14:52:00,3.0573,3.0628,3.0568,3.0578,3.0623,3.0678,3.0618,3.0628,43
2026-05-13 14:53:00,3.0583,3.0653,3.0578,3.0578,3.0633,3.0703,3.0628,3.0628,65
2026-05-13 14:54:00,3.0588,3.0623,3.0583,3.0593,3.0638,3.0673,3.0633,3.0643,56
2026-05-13 14:55:00,3.0578,3.0598,3.0538,3.0548,3.0628,3.0648,3.0588,3.0598,68
2026-05-13 14:56:00,3.0543,3.0688,3.0538,3.0648,3.0593,3.0738,3.0588,3.0698,84
2026-05-13 14:57:00,3.0658,3.0678,3.0628,3.0638,3.0708,3.0728,3.0678,3.0688,37
2026-05-13 14:58:00,3.0648,3.0668,3.0628,3.0658,3.0698,3.0718,3.0678,3.0708,54
2026-05-13 14:59:00,3.0668,3.0748,3.0658,3.0733,3.0718,3.0798,3.0708,3.0783,85
2026-05-13 15:00:00,3.0743,3.0768,3.0638,3.0678,3.0793,3.0818,3.0688,3.0728,113
2026-05-13 15:01:00,3.0683,3.0688,3.0608,3.0618,3.0733,3.0738,3.0658,3.0668,67
2026-05-13 15:02:00,3.0608,3.0668,3.0588,3.0648,3.0658,3.0718,3.0638,3.0698,34
2026-05-13 15:03:00,3.0638,3.0638,3.0608,3.0618,3.0688,3.0688,3.0658,3.0668,36
2026-05-13 15:04:00,3.0608,3.0668,3.0598,3.0668,3.0658,3.0718,3.0648,3.0718,32
2026-05-13 15:05:00,3.0658,3.0668,3.0648,3.0658,3.0708,3.0718,3.0698,3.0708,21
2026-05-13 15:06:00,3.0663,3.0678,3.0628,3.0638,3.0713,3.0728,3.0678,3.0688,46
2026-05-13 15:07:00,3.0643,3.0648,3.0598,3.0608,3.0693,3.0698,3.0648,3.0658,51
2026-05-13 15:08:00,3.0613,3.0678,3.0603,3.0603,3.0663,3.0728,3.0653,3.0653,41
2026-05-13 15:09:00,3.0588,3.0633,3.0568,3.0598,3.0638,3.0683,3.0618,3.0648,33
2026-05-13 15:10:00,3.0608,3.0658,3.0598,3.0598,3.0658,3.0708,3.0648,3.0648,37
2026-05-13 15:11:00,3.0603,3.0618,3.0578,3.0618,3.0653,3.0668,3.0628,3.0668,34
2026-05-13 15:12:00,3.0628,3.0648,3.0628,3.0638,3.0678,3.0698,3.0678,3.0688,16
2026-05-13 15:13:00,3.0643,3.0648,3.0593,3.0593,3.0693,3.0698,3.0643,3.0643,23
2026-05-13 15:14:00,3.0588,3.0598,3.0548,3.0568,3.0638,3.0648,3.0598,3.0618,21
2026-05-13 15:15:00,3.0573,3.0618,3.0558,3.0618,3.0623,3.0668,3.0608,3.0668,28
2026-05-13 15:16:00,3.0608,3.0618,3.0598,3.0618,3.0658,3.0668,3.0648,3.0668,11
2026-05-13 15:17:00,3.0608,3.0638,3.0598,3.0598,3.0658,3.0688,3.0648,3.0648,17
2026-05-13 15:18:00,3.0603,3.0648,3.0598,3.0648,3.0653,3.0698,3.0648,3.0698,37
2026-05-13 15:19:00,3.0638,3.0668,3.0638,3.0653,3.0688,3.0718,3.0688,3.0703,22
2026-05-13 15:20:00,3.0648,3.0738,3.0648,3.0698,3.0698,3.0788,3.0698,3.0748,46
2026-05-13 15:21:00,3.0688,3.0688,3.0658,3.0668,3.0738,3.0738,3.0708,3.0718,25
2026-05-13 15:22:00,3.0678,3.0708,3.0658,3.0658,3.0728,3.0758,3.0708,3.0708,31
2026-05-13 15:23:00,3.0648,3.0668,3.0598,3.0598,3.0698,3.0718,3.0648,3.0648,57
2026-05-13 15:24:00,3.0608,3.0653,3.0578,3.0628,3.0658,3.0703,3.0628,3.0678,35
2026-05-13 15:25:00,3.0623,3.0638,3.0608,3.0628,3.0673,3.0688,3.0658,3.0678,29
2026-05-13 15:26:00,3.0623,3.0648,3.0608,3.0638,3.0673,3.0698,3.0658,3.0688,47
2026-05-13 15:27:00,3.0648,3.0658,3.0638,3.0648,3.0698,3.0708,3.0688,3.0698,16
2026-05-13 15:28:00,3.0653,3.0668,3.0598,3.0643,3.0703,3.0718,3.0648,3.0693,27
2026-05-13 15:29:00,3.0638,3.0648,3.0598,3.0618,3.0688,3.0698,3.0648,3.0668,56
2026-05-13 15:30:00,3.0613,3.0638,3.0578,3.0578,3.0663,3.0688,3.0628,3.0628,92
2026-05-13 15:31:00,3.0573,3.0608,3.0568,3.0578,3.0623,3.0658,3.0618,3.0628,126
2026-05-13 15:32:00,3.0568,3.0588,3.0493,3.0528,3.0618,3.0638,3.0543,3.0578,152
2026-05-13 15:33:00,3.0533,3.0558,3.0488,3.0488,3.0583,3.0608,3.0538,3.0538,40
2026-05-13 15:34:00,3.0478,3.0518,3.0458,3.0488,3.0528,3.0568,3.0508,3.0538,40
2026-05-13 15:35:00,3.0493,3.0498,3.0443,3.0443,3.0543,3.0548,3.0493,3.0493,52
2026-05-13 15:36:00,3.0453,3.0478,3.0438,3.0448,3.0503,3.0528,3.0488,3.0498,34
2026-05-13 15:37:00,3.0438,3.0448,3.0408,3.0438,3.0488,3.0498,3.0458,3.0488,26
2026-05-13 15:38:00,3.0428,3.0473,3.0428,3.0468,3.0478,3.0523,3.0478,3.0518,15
2026-05-13 15:39:00,3.0478,3.0508,3.0478,3.0498,3.0528,3.0558,3.0528,3.0548,35
2026-05-13 15:40:00,3.0503,3.0508,3.0408,3.0418,3.0553,3.0558,3.0458,3.0468,32
2026-05-13 15:41:00,3.0413,3.0468,3.0408,3.0458,3.0463,3.0518,3.0458,3.0508,24
2026-05-13 15:42:00,3.0468,3.0488,3.0448,3.0463,3.0518,3.0538,3.0498,3.0513,25
2026-05-13 15:43:00,3.0468,3.0468,3.0448,3.0463,3.0518,3.0518,3.0498,3.0513,21
2026-05-13 15:44:00,3.0458,3.0468,3.0408,3.0428,3.0508,3.0518,3.0458,3.0478,26
2026-05-13 15:45:00,3.0438,3.0438,3.0383,3.0388,3.0488,3.0488,3.0433,3.0438,45
2026-05-13 15:46:00,3.0383,3.0428,3.0378,3.0418,3.0433,3.0478,3.0428,3.0468,26
2026-05-13 15:47:00,3.0423,3.0428,3.0378,3.0388,3.0473,3.0478,3.0428,3.0438,16
2026-05-13 15:48:00,3.0383,3.0398,3.0378,3.0398,3.0433,3.0448,3.0428,3.0448,10
2026-05-13 15:49:00,3.0388,3.0413,3.0378,3.0408,3.0438,3.0463,3.0428,3.0458,20
2026-05-13 15:50:00,3.0403,3.0438,3.0388,3.0428,3.0453,3.0488,3.0438,3.0478,33
2026-05-13 15:51:00,3.0423,3.0438,3.0418,3.0433,3.0473,3.0488,3.0468,3.0483,16
2026-05-13 15:52:00,3.0428,3.0428,3.0388,3.0398,3.0478,3.0478,3.0438,3.0448,21
2026-05-13 15:53:00,3.0408,3.0408,3.0348,3.0363,3.0458,3.0458,3.0398,3.0413,38
2026-05-13 15:54:00,3.0358,3.0368,3.0328,3.0338,3.0408,3.0418,3.0378,3.0388,22
2026-05-13 15:55:00,3.0333,3.0348,3.0298,3.0308,3.0383,3.0398,3.0348,3.0358,30
2026-05-13 15:56:00,3.0303,3.0323,3.0293,3.0313,3.0353,3.0373,3.0343,3.0363,21
2026-05-13 15:57:00,3.0308,3.0328,3.0288,3.0318,3.0358,3.0378,3.0338,3.0368,16
2026-05-13 15:58:00,3.0308,3.0328,3.0308,3.0328,3.0358,3.0378,3.0358,3.0378,3
2026-05-13 15:59:00,3.0323,3.0378,3.0323,3.0368,3.0373,3.0428,3.0373,3.0418,16
2026-05-13 16:00:00,3.0373,3.0393,3.0373,3.0393,3.0423,3.0443,3.0423,3.0443,19
2026-05-13 16:01:00,3.0383,3.0398,3.0378,3.0388,3.0433,3.0448,3.0428,3.0438,7
2026-05-13 16:02:00,3.0398,3.0398,3.0388,3.0388,3.0448,3.0448,3.0438,3.0438,12
2026-05-13 16:03:00,3.0393,3.0418,3.0388,3.0408,3.0443,3.0468,3.0438,3.0458,9
2026-05-13 16:04:00,3.0398,3.0428,3.0398,3.0418,3.0448,3.0478,3.0448,3.0468,38
2026-05-13 16:05:00,3.0428,3.0438,3.0408,3.0408,3.0478,3.0488,3.0458,3.0458,23
2026-05-13 16:06:00,3.0398,3.0408,3.0398,3.0408,3.0448,3.0458,3.0448,3.0458,10
2026-05-13 16:07:00,3.0398,3.0398,3.0368,3.0388,3.0448,3.0448,3.0418,3.0438,18
2026-05-13 16:08:00,3.0393,3.0398,3.0338,3.0353,3.0443,3.0448,3.0388,3.0403,20
2026-05-13 16:09:00,3.0358,3.0358,3.0333,3.0358,3.0408,3.0408,3.0383,3.0408,18
2026-05-13 16:10:00,3.0363,3.0378,3.0323,3.0328,3.0413,3.0428,3.0373,3.0378,24
2026-05-13 16:11:00,3.0323,3.0328,3.0288,3.0328,3.0373,3.0378,3.0338,3.0378,31
2026-05-13 16:12:00,3.0333,3.0383,3.0333,3.0378,3.0383,3.0433,3.0383,3.0428,17
2026-05-13 16:13:00,3.0373,3.0393,3.0363,3.0378,3.0423,3.0443,3.0413,3.0428,31
2026-05-13 16:14:00,3.0368,3.0378,3.0358,3.0378,3.0418,3.0428,3.0408,3.0428,10
2026-05-13 16:15:00,3.0383,3.0388,3.0358,3.0368,3.0433,3.0438,3.0408,3.0418,10
2026-05-13 16:16:00,3.0358,3.0378,3.0358,3.0378,3.0408,3.0428,3.0408,3.0428,11
2026-05-13 16:17:00,3.0368,3.0378,3.0358,3.0368,3.0418,3.0428,3.0408,3.0418,17
2026-05-13 16:18:00,3.0358,3.0368,3.0348,3.0358,3.0408,3.0418,3.0398,3.0408,11
2026-05-13 16:19:00,3.0348,3.0358,3.0348,3.0358,3.0398,3.0408,3.0398,3.0408,13
2026-05-13 16:20:00,3.0353,3.0358,3.0303,3.0308,3.0403,3.0408,3.0353,3.0358,15
2026-05-13 16:21:00,3.0313,3.0318,3.0288,3.0288,3.0363,3.0368,3.0338,3.0338,20
2026-05-13 16:22:00,3.0283,3.0298,3.0238,3.0288,3.0333,3.0348,3.0288,3.0338,34
2026-05-13 16:23:00,3.0293,3.0318,3.0283,3.0318,3.0343,3.0368,3.0333,3.0368,15
2026-05-13 16:24:00,3.0323,3.0328,3.0308,3.0318,3.0373,3.0378,3.0358,3.0368,12
2026-05-13 16:25:00,3.0313,3.0328,3.0308,3.0318,3.0363,3.0378,3.0358,3.0368,22
2026-05-13 16:26:00,3.0313,3.0318,3.0293,3.0298,3.0363,3.0368,3.0343,3.0348,10
2026-05-13 16:27:00,3.0288,3.0288,3.0268,3.0273,3.0338,3.0338,3.0318,3.0323,9
2026-05-13 16:28:00,3.0278,3.0298,3.0268,3.0288,3.0328,3.0348,3.0318,3.0338,25
2026-05-13 16:29:00,3.0278,3.0288,3.0278,3.0288,3.0328,3.0338,3.0328,3.0338,7
2026-05-13 16:30:00,3.0283,3.0288,3.0193,3.0208,3.0333,3.0338,3.0243,3.0258,51
2026-05-13 16:31:00,3.0223,3.0238,3.0168,3.0183,3.0273,3.0288,3.0218,3.0233,23
2026-05-13 16:32:00,3.0178,3.0208,3.0173,3.0198,3.0228,3.0258,3.0223,3.0248,17
2026-05-13 16:33:00,3.0208,3.0208,3.0188,3.0198,3.0258,3.0258,3.0238,3.0248,10
2026-05-13 16:34:00,3.0208,3.0238,3.0198,3.0238,3.0258,3.0288,3.0248,3.0288,32
2026-05-13 16:35:00,3.0228,3.0228,3.0218,3.0228,3.0278,3.0278,3.0268,3.0278,18
2026-05-13 16:36:00,3.0223,3.0223,3.0208,3.0213,3.0273,3.0273,3.0258,3.0263,9
2026-05-13 16:37:00,3.0208,3.0238,3.0208,3.0238,3.0258,3.0288,3.0258,3.0288,11
2026-05-13 16:38:00,3.0233,3.0233,3.0208,3.0213,3.0283,3.0283,3.0258,3.0263,22
2026-05-13 16:39:00,3.0208,3.0218,3.0158,3.0178,3.0258,3.0268,3.0208,3.0228,21
2026-05-13 16:40:00,3.0183,3.0208,3.0173,3.0208,3.0233,3.0258,3.0223,3.0258,21
2026-05-13 16:41:00,3.0218,3.0248,3.0203,3.0248,3.0268,3.0298,3.0253,3.0298,18
2026-05-13 16:42:00,3.0258,3.0288,3.0248,3.0268,3.0308,3.0338,3.0298,3.0318,26
2026-05-13 16:43:00,3.0258,3.0258,3.0233,3.0238,3.0308,3.0308,3.0283,3.0288,13
2026-05-13 16:44:00,3.0233,3.0258,3.0228,3.0253,3.0283,3.0308,3.0278,3.0303,23
2026-05-13 16:45:00,3.0258,3.0278,3.0248,3.0248,3.0308,3.0328,3.0298,3.0298,19
2026-05-13 16:46:00,3.0238,3.0263,3.0238,3.0253,3.0288,3.0313,3.0288,3.0303,15
2026-05-13 16:47:00,3.0248,3.0248,3.0248,3.0248,3.0298,3.0298,3.0298,3.0298,1
2026-05-13 16:48:00,3.0253,3.0258,3.0238,3.0258,3.0303,3.0308,3.0288,3.0308,10
2026-05-13 16:49:00,3.0253,3.0258,3.0248,3.0258,3.0303,3.0308,3.0298,3.0308,3
2026-05-13 16:50:00,3.0248,3.0283,3.0248,3.0278,3.0298,3.0333,3.0298,3.0328,13
2026-05-13 16:51:00,3.0288,3.0288,3.0258,3.0273,3.0338,3.0338,3.0308,3.0323,15
2026-05-13 16:52:00,3.0268,3.0273,3.0238,3.0238,3.0318,3.0323,3.0288,3.0288,16
2026-05-13 16:53:00,3.0248,3.0258,3.0223,3.0238,3.0298,3.0308,3.0273,3.0288,8
2026-05-13 16:54:00,3.0243,3.0258,3.0238,3.0248,3.0293,3.0308,3.0288,3.0298,11
2026-05-13 16:55:00,3.0243,3.0258,3.0228,3.0233,3.0293,3.0308,3.0278,3.0283,20
2026-05-13 16:56:00,3.0223,3.0233,3.0218,3.0228,3.0273,3.0283,3.0268,3.0278,9
2026-05-13 16:57:00,3.0223,3.0223,3.0158,3.0188,3.0273,3.0273,3.0208,3.0238,16
2026-05-13 16:58:00,3.0193,3.0223,3.0188,3.0208,3.0243,3.0273,3.0238,3.0258,34
2026-05-13 16:59:00,3.0213,3.0238,3.0208,3.0228,3.0263,3.0288,3.0258,3.0278,20
2026-05-13 17:00:00,3.0238,3.0238,3.0208,3.0218,3.0288,3.0288,3.0258,3.0268,16
2026-05-13 17:01:00,3.0213,3.0213,3.0188,3.0198,3.0263,3.0263,3.0238,3.0248,9
2026-05-13 17:02:00,3.0208,3.0248,3.0203,3.0248,3.0258,3.0298,3.0253,3.0298,27
2026-05-13 17:03:00,3.0243,3.0258,3.0238,3.0248,3.0293,3.0308,3.0288,3.0298,13
2026-05-13 17:04:00,3.0243,3.0243,3.0228,3.0228,3.0293,3.0293,3.0278,3.0278,13
2026-05-13 17:05:00,3.0233,3.0238,3.0208,3.0218,3.0283,3.0288,3.0258,3.0268,6
2026-05-13 17:06:00,3.0228,3.0238,3.0218,3.0238,3.0278,3.0288,3.0268,3.0288,5
2026-05-13 17:07:00,3.0243,3.0248,3.0208,3.0213,3.0293,3.0298,3.0258,3.0263,18
2026-05-13 17:08:00,3.0208,3.0218,3.0193,3.0193,3.0258,3.0268,3.0243,3.0243,6
2026-05-13 17:09:00,3.0188,3.0198,3.0188,3.0198,3.0238,3.0248,3.0238,3.0248,2
2026-05-13 17:10:00,3.0208,3.0218,3.0188,3.0218,3.0258,3.0268,3.0238,3.0268,19
2026-05-13 17:11:00,3.0223,3.0258,3.0223,3.0248,3.0273,3.0308,3.0273,3.0298,12
2026-05-13 17:12:00,3.0243,3.0318,3.0238,3.0298,3.0293,3.0368,3.0288,3.0348,25
2026-05-13 17:13:00,3.0303,3.0313,3.0298,3.0308,3.0353,3.0363,3.0348,3.0358,11
2026-05-13 17:14:00,3.0318,3.0348,3.0298,3.0348,3.0368,3.0398,3.0348,3.0398,36
2026-05-13 17:15:00,3.0343,3.0398,3.0343,3.0388,3.0393,3.0448,3.0393,3.0438,50
2026-05-13 17:16:00,3.0378,3.0398,3.0368,3.0378,3.0428,3.0448,3.0418,3.0428,17
2026-05-13 17:17:00,3.0373,3.0383,3.0358,3.0358,3.0423,3.0433,3.0408,3.0408,9
2026-05-13 17:18:00,3.0348,3.0358,3.0338,3.0348,3.0398,3.0408,3.0388,3.0398,21
2026-05-13 17:19:00,3.0343,3.0358,3.0338,3.0353,3.0393,3.0408,3.0388,3.0403,14
2026-05-13 17:20:00,3.0358,3.0358,3.0338,3.0348,3.0408,3.0408,3.0388,3.0398,7
2026-05-13 17:21:00,3.0338,3.0338,3.0318,3.0328,3.0388,3.0388,3.0368,3.0378,6
2026-05-13 17:22:00,3.0333,3.0368,3.0328,3.0363,3.0383,3.0418,3.0378,3.0413,13
2026-05-13 17:23:00,3.0358,3.0408,3.0358,3.0388,3.0408,3.0458,3.0408,3.0438,27
2026-05-13 17:24:00,3.0383,3.0388,3.0368,3.0388,3.0433,3.0438,3.0418,3.0438,7
2026-05-13 17:25:00,3.0393,3.0398,3.0383,3.0388,3.0443,3.0448,3.0433,3.0438,14
2026-05-13 17:26:00,3.0378,3.0378,3.0358,3.0358,3.0428,3.0428,3.0408,3.0408,4
2026-05-13 17:27:00,3.0363,3.0368,3.0358,3.0368,3.0413,3.0418,3.0408,3.0418,13
2026-05-13 17:28:00,3.0378,3.0378,3.0338,3.0338,3.0428,3.0428,3.0388,3.0388,18
2026-05-13 17:29:00,3.0328,3.0338,3.0278,3.0278,3.0378,3.0388,3.0328,3.0328,30
2026-05-13 17:30:00,3.0288,3.0328,3.0288,3.0328,3.0338,3.0378,3.0338,3.0378,20
2026-05-13 17:31:00,3.0333,3.0348,3.0328,3.0348,3.0383,3.0398,3.0378,3.0398,12
2026-05-13 17:33:00,3.0358,3.0378,3.0338,3.0378,3.0408,3.0428,3.0388,3.0428,19
2026-05-13 17:34:00,3.0383,3.0383,3.0338,3.0358,3.0433,3.0433,3.0388,3.0408,21
2026-05-13 17:35:00,3.0348,3.0358,3.0318,3.0318,3.0398,3.0408,3.0368,3.0368,6
2026-05-13 17:36:00,3.0308,3.0318,3.0268,3.0318,3.0358,3.0368,3.0318,3.0368,21
2026-05-13 17:37:00,3.0308,3.0318,3.0308,3.0318,3.0358,3.0368,3.0358,3.0368,11
2026-05-13 17:38:00,3.0313,3.0358,3.0308,3.0343,3.0363,3.0408,3.0358,3.0393,28
2026-05-13 17:39:00,3.0348,3.0368,3.0318,3.0338,3.0398,3.0418,3.0368,3.0388,20
2026-05-13 17:40:00,3.0328,3.0338,3.0318,3.0328,3.0378,3.0388,3.0368,3.0378,15
2026-05-13 17:41:00,3.0318,3.0328,3.0278,3.0298,3.0368,3.0378,3.0328,3.0348,13
2026-05-13 17:42:00,3.0293,3.0308,3.0288,3.0298,3.0343,3.0358,3.0338,3.0348,16
2026-05-13 17:43:00,3.0288,3.0298,3.0288,3.0298,3.0338,3.0348,3.0338,3.0348,2
2026-05-13 17:44:00,3.0303,3.0308,3.0298,3.0303,3.0353,3.0358,3.0348,3.0353,19
2026-05-13 17:45:00,3.0298,3.0308,3.0283,3.0308,3.0348,3.0358,3.0333,3.0358,10
2026-05-13 17:46:00,3.0303,3.0308,3.0298,3.0298,3.0353,3.0358,3.0348,3.0348,7
2026-05-13 17:47:00,3.0308,3.0308,3.0288,3.0288,3.0358,3.0358,3.0338,3.0338,4
2026-05-13 17:48:00,3.0278,3.0298,3.0278,3.0298,3.0328,3.0348,3.0328,3.0348,7
2026-05-13 17:49:00,3.0288,3.0288,3.0268,3.0273,3.0338,3.0338,3.0318,3.0323,11
2026-05-13 17:50:00,3.0278,3.0288,3.0273,3.0288,3.0328,3.0338,3.0323,3.0338,8
2026-05-13 17:51:00,3.0283,3.0283,3.0248,3.0248,3.0333,3.0333,3.0298,3.0298,15
2026-05-13 17:52:00,3.0253,3.0268,3.0248,3.0248,3.0303,3.0318,3.0298,3.0298,12
2026-05-13 17:53:00,3.0253,3.0268,3.0253,3.0268,3.0303,3.0318,3.0303,3.0318,4
2026-05-13 17:54:00,3.0258,3.0273,3.0258,3.0273,3.0308,3.0323,3.0308,3.0323,9
2026-05-13 17:55:00,3.0278,3.0278,3.0258,3.0268,3.0328,3.0328,3.0308,3.0318,9
2026-05-13 17:56:00,3.0258,3.0263,3.0248,3.0258,3.0308,3.0313,3.0298,3.0308,9
2026-05-13 17:57:00,3.0268,3.0298,3.0268,3.0298,3.0318,3.0348,3.0318,3.0348,13
2026-05-13 17:58:00,3.0293,3.0308,3.0288,3.0308,3.0343,3.0358,3.0338,3.0358,19
2026-05-13 17:59:00,3.0303,3.0308,3.0268,3.0268,3.0353,3.0358,3.0318,3.0318,14
2026-05-13 18:00:00,3.0273,3.0288,3.0268,3.0268,3.0323,3.0338,3.0318,3.0318,10
2026-05-13 18:01:00,3.0273,3.0288,3.0273,3.0283,3.0323,3.0338,3.0323,3.0333,6
2026-05-13 18:02:00,3.0278,3.0288,3.0278,3.0288,3.0328,3.0338,3.0328,3.0338,5
2026-05-13 18:03:00,3.0298,3.0298,3.0278,3.0278,3.0348,3.0348,3.0328,3.0328,6
2026-05-13 18:04:00,3.0273,3.0278,3.0263,3.0268,3.0323,3.0328,3.0313,3.0318,5
2026-05-13 18:05:00,3.0263,3.0263,3.0243,3.0248,3.0313,3.0313,3.0293,3.0298,4
2026-05-13 18:06:00,3.0238,3.0238,3.0178,3.0188,3.0288,3.0288,3.0228,3.0238,22
2026-05-13 18:07:00,3.0178,3.0208,3.0168,3.0208,3.0228,3.0258,3.0218,3.0258,21
2026-05-13 18:08:00,3.0218,3.0228,3.0218,3.0218,3.0268,3.0278,3.0268,3.0268,8
2026-05-13 18:09:00,3.0228,3.0228,3.0188,3.0198,3.0278,3.0278,3.0238,3.0248,12
2026-05-13 18:10:00,3.0188,3.0188,3.0168,3.0168,3.0238,3.0238,3.0218,3.0218,10
2026-05-13 18:11:00,3.0173,3.0223,3.0173,3.0218,3.0223,3.0273,3.0223,3.0268,10
2026-05-13 18:12:00,3.0213,3.0223,3.0208,3.0208,3.0263,3.0273,3.0258,3.0258,18
2026-05-13 18:13:00,3.0198,3.0198,3.0153,3.0168,3.0248,3.0248,3.0203,3.0218,19
2026-05-13 18:14:00,3.0163,3.0173,3.0148,3.0148,3.0213,3.0223,3.0198,3.0198,16
2026-05-13 18:15:00,3.0153,3.0168,3.0128,3.0138,3.0203,3.0218,3.0178,3.0188,24
2026-05-13 18:16:00,3.0128,3.0138,3.0118,3.0128,3.0178,3.0188,3.0168,3.0178,27
2026-05-13 18:17:00,3.0123,3.0123,3.0028,3.0028,3.0173,3.0173,3.0078,3.0078,45
2026-05-13 18:18:00,3.0038,3.0058,3.0018,3.0048,3.0088,3.0108,3.0068,3.0098,25
2026-05-13 18:19:00,3.0043,3.0068,3.0038,3.0048,3.0093,3.0118,3.0088,3.0098,25
2026-05-13 18:20:00,3.0058,3.0118,3.0058,3.0118,3.0108,3.0168,3.0108,3.0168,14
2026-05-13 18:21:00,3.0128,3.0143,3.0128,3.0143,3.0178,3.0193,3.0178,3.0193,16
2026-05-13 18:22:00,3.0138,3.0138,3.0093,3.0093,3.0188,3.0188,3.0143,3.0143,16
2026-05-13 18:23:00,3.0098,3.0098,3.0068,3.0073,3.0148,3.0148,3.0118,3.0123,16
2026-05-13 18:24:00,3.0078,3.0078,2.9998,3.0048,3.0128,3.0128,3.0048,3.0098,38
2026-05-13 18:25:00,3.0038,3.0088,3.0038,3.0083,3.0088,3.0138,3.0088,3.0133,33
2026-05-13 18:26:00,3.0078,3.0088,3.0043,3.0078,3.0128,3.0138,3.0093,3.0128,35
2026-05-13 18:27:00,3.0088,3.0088,3.0043,3.0048,3.0138,3.0138,3.0093,3.0098,13
2026-05-13 18:28:00,3.0043,3.0048,3.0018,3.0028,3.0093,3.0098,3.0068,3.0078,25
2026-05-13 18:29:00,3.0023,3.0028,3.0008,3.0028,3.0073,3.0078,3.0058,3.0078,12
2026-05-13 18:30:00,3.0038,3.0038,2.9998,3.0018,3.0088,3.0088,3.0048,3.0068,22
2026-05-13 18:31:00,3.0028,3.0088,3.0028,3.0053,3.0078,3.0138,3.0078,3.0103,34
2026-05-13 18:32:00,3.0048,3.0053,3.0038,3.0048,3.0098,3.0103,3.0088,3.0098,17
2026-05-13 18:33:00,3.0038,3.0058,3.0018,3.0018,3.0088,3.0108,3.0068,3.0068,25
2026-05-13 18:34:00,3.0023,3.0038,3.0018,3.0023,3.0073,3.0088,3.0068,3.0073,12
2026-05-13 18:35:00,3.0018,3.0048,3.0018,3.0048,3.0068,3.0098,3.0068,3.0098,16
2026-05-13 18:36:00,3.0058,3.0058,3.0038,3.0038,3.0108,3.0108,3.0088,3.0088,14
2026-05-13 18:37:00,3.0028,3.0048,3.0028,3.0048,3.0078,3.0098,3.0078,3.0098,5
2026-05-13 18:38:00,3.0043,3.0048,3.0038,3.0048,3.0093,3.0098,3.0088,3.0098,9
2026-05-13 18:39:00,3.0053,3.0058,3.0048,3.0058,3.0103,3.0108,3.0098,3.0108,9
2026-05-13 18:40:00,3.0048,3.0103,3.0048,3.0098,3.0098,3.0153,3.0098,3.0148,19
2026-05-13 18:41:00,3.0093,3.0118,3.0093,3.0098,3.0143,3.0168,3.0143,3.0148,23
2026-05-13 18:42:00,3.0103,3.0128,3.0098,3.0128,3.0153,3.0178,3.0148,3.0178,15
2026-05-13 18:43:00,3.0118,3.0158,3.0118,3.0158,3.0168,3.0208,3.0168,3.0208,15
2026-05-13 18:44:00,3.0163,3.0188,3.0148,3.0158,3.0213,3.0238,3.0198,3.0208,19
2026-05-13 18:45:00,3.0153,3.0188,3.0153,3.0188,3.0203,3.0238,3.0203,3.0238,16
2026-05-13 18:46:00,3.0183,3.0183,3.0168,3.0168,3.0233,3.0233,3.0218,3.0218,5
2026-05-13 18:47:00,3.0158,3.0168,3.0148,3.0158,3.0208,3.0218,3.0198,3.0208,12
2026-05-13 18:48:00,3.0148,3.0148,3.0108,3.0108,3.0198,3.0198,3.0158,3.0158,19
2026-05-13 18:49:00,3.0118,3.0148,3.0113,3.0138,3.0168,3.0198,3.0163,3.0188,19
2026-05-13 18:50:00,3.0148,3.0148,3.0113,3.0128,3.0198,3.0198,3.0163,3.0178,15
2026-05-13 18:51:00,3.0118,3.0138,3.0118,3.0138,3.0168,3.0188,3.0168,3.0188,3
2026-05-13 18:52:00,3.0143,3.0143,3.0143,3.0143,3.0193,3.0193,3.0193,3.0193,1
2026-05-13 18:53:00,3.0148,3.0148,3.0123,3.0128,3.0198,3.0198,3.0173,3.0178,6
2026-05-13 18:54:00,3.0118,3.0118,3.0088,3.0098,3.0168,3.0168,3.0138,3.0148,16
2026-05-13 18:55:00,3.0108,3.0108,3.0078,3.0098,3.0158,3.0158,3.0128,3.0148,18
2026-05-13 18:56:00,3.0088,3.0118,3.0088,3.0108,3.0138,3.0168,3.0138,3.0158,10
2026-05-13 18:57:00,3.0128,3.0148,3.0128,3.0138,3.0178,3.0198,3.0178,3.0188,13
2026-05-13 18:58:00,3.0148,3.0178,3.0148,3.0168,3.0198,3.0228,3.0198,3.0218,16
2026-05-13 18:59:00,3.0178,3.0178,3.0138,3.0148,3.0228,3.0228,3.0188,3.0198,11
2026-05-13 19:00:00,3.0143,3.0218,3.0143,3.0208,3.0193,3.0268,3.0193,3.0258,23
2026-05-13 19:01:00,3.0213,3.0223,3.0213,3.0218,3.0263,3.0273,3.0263,3.0268,4
2026-05-13 19:02:00,3.0213,3.0218,3.0198,3.0218,3.0263,3.0268,3.0248,3.0268,10
2026-05-13 19:03:00,3.0213,3.0218,3.0188,3.0193,3.0263,3.0268,3.0238,3.0243,13
2026-05-13 19:04:00,3.0198,3.0208,3.0188,3.0198,3.0248,3.0258,3.0238,3.0248,11
2026-05-13 19:05:00,3.0203,3.0213,3.0168,3.0168,3.0253,3.0263,3.0218,3.0218,12
2026-05-13 19:06:00,3.0178,3.0188,3.0168,3.0188,3.0228,3.0238,3.0218,3.0238,4
2026-05-13 19:07:00,3.0183,3.0218,3.0178,3.0218,3.0233,3.0268,3.0228,3.0268,7
2026-05-13 19:08:00,3.0223,3.0228,3.0198,3.0208,3.0273,3.0278,3.0248,3.0258,14
2026-05-13 19:09:00,3.0198,3.0208,3.0198,3.0198,3.0248,3.0258,3.0248,3.0248,3
2026-05-13 19:10:00,3.0208,3.0208,3.0198,3.0203,3.0258,3.0258,3.0248,3.0253,4
2026-05-13 19:11:00,3.0198,3.0208,3.0178,3.0178,3.0248,3.0258,3.0228,3.0228,10
2026-05-13 19:12:00,3.0183,3.0193,3.0168,3.0178,3.0233,3.0243,3.0218,3.0228,15
2026-05-13 19:13:00,3.0173,3.0198,3.0163,3.0198,3.0223,3.0248,3.0213,3.0248,12
2026-05-13 19:14:00,3.0203,3.0318,3.0203,3.0308,3.0253,3.0368,3.0253,3.0358,41
2026-05-13 19:15:00,3.0298,3.0303,3.0288,3.0303,3.0348,3.0353,3.0338,3.0353,31
2026-05-13 19:16:00,3.0298,3.0303,3.0238,3.0258,3.0348,3.0353,3.0288,3.0308,23
2026-05-13 19:17:00,3.0268,3.0268,3.0258,3.0268,3.0318,3.0318,3.0308,3.0318,5
2026-05-13 19:18:00,3.0258,3.0268,3.0248,3.0258,3.0308,3.0318,3.0298,3.0308,9
2026-05-13 19:19:00,3.0263,3.0268,3.0208,3.0238,3.0313,3.0318,3.0258,3.0288,22
2026-05-13 19:20:00,3.0248,3.0268,3.0248,3.0263,3.0298,3.0318,3.0298,3.0313,9
2026-05-13 19:21:00,3.0258,3.0268,3.0228,3.0228,3.0308,3.0318,3.0278,3.0278,8
2026-05-13 19:22:00,3.0233,3.0233,3.0223,3.0223,3.0283,3.0283,3.0273,3.0273,3
2026-05-13 19:23:00,3.0218,3.0228,3.0208,3.0218,3.0268,3.0278,3.0258,3.0268,9
2026-05-13 19:24:00,3.0213,3.0218,3.0208,3.0218,3.0263,3.0268,3.0258,3.0268,10
2026-05-13 19:25:00,3.0228,3.0228,3.0198,3.0198,3.0278,3.0278,3.0248,3.0248,3
2026-05-13 19:26:00,3.0193,3.0218,3.0188,3.0208,3.0243,3.0268,3.0238,3.0258,13
2026-05-13 19:27:00,3.0198,3.0218,3.0198,3.0218,3.0248,3.0268,3.0248,3.0268,4
2026-05-13 19:28:00,3.0213,3.0228,3.0158,3.0158,3.0263,3.0278,3.0208,3.0208,16
2026-05-13 19:29:00,3.0163,3.0168,3.0158,3.0168,3.0213,3.0218,3.0208,3.0218,17
2026-05-13 19:30:00,3.0158,3.0188,3.0158,3.0178,3.0208,3.0238,3.0208,3.0228,8
2026-05-13 19:31:00,3.0188,3.0208,3.0188,3.0198,3.0238,3.0258,3.0238,3.0248,11
2026-05-13 19:32:00,3.0188,3.0223,3.0168,3.0223,3.0238,3.0273,3.0218,3.0273,17
2026-05-13 19:33:00,3.0218,3.0233,3.0218,3.0228,3.0268,3.0283,3.0268,3.0278,6
2026-05-13 19:34:00,3.0233,3.0248,3.0233,3.0238,3.0283,3.0298,3.0283,3.0288,6
2026-05-13 19:35:00,3.0243,3.0248,3.0228,3.0228,3.0293,3.0298,3.0278,3.0278,6
2026-05-13 19:36:00,3.0218,3.0228,3.0218,3.0218,3.0268,3.0278,3.0268,3.0268,7
2026-05-13 19:37:00,3.0228,3.0228,3.0188,3.0198,3.0278,3.0278,3.0238,3.0248,15
2026-05-13 19:38:00,3.0193,3.0198,3.0188,3.0188,3.0243,3.0248,3.0238,3.0238,10
2026-05-13 19:39:00,3.0198,3.0198,3.0188,3.0198,3.0248,3.0248,3.0238,3.0248,9
2026-05-13 19:40:00,3.0208,3.0208,3.0193,3.0198,3.0258,3.0258,3.0243,3.0248,8
2026-05-13 19:41:00,3.0208,3.0233,3.0198,3.0208,3.0258,3.0283,3.0248,3.0258,15
2026-05-13 19:42:00,3.0198,3.0208,3.0188,3.0188,3.0248,3.0258,3.0238,3.0238,4
2026-05-13 19:43:00,3.0183,3.0203,3.0168,3.0203,3.0233,3.0253,3.0218,3.0253,13
2026-05-13 19:44:00,3.0198,3.0198,3.0198,3.0198,3.0248,3.0248,3.0248,3.0248,1
2026-05-13 19:45:00,3.0203,3.0203,3.0178,3.0178,3.0253,3.0253,3.0228,3.0228,3
2026-05-13 19:46:00,3.0183,3.0188,3.0178,3.0178,3.0233,3.0238,3.0228,3.0228,11
2026-05-13 19:47:00,3.0188,3.0208,3.0188,3.0198,3.0238,3.0258,3.0238,3.0248,9
2026-05-13 19:48:00,3.0193,3.0198,3.0193,3.0198,3.0243,3.0248,3.0243,3.0248,2
2026-05-13 19:49:00,3.0203,3.0218,3.0203,3.0208,3.0253,3.0268,3.0253,3.0258,16
2026-05-13 19:50:00,3.0218,3.0228,3.0208,3.0208,3.0268,3.0278,3.0258,3.0258,10
2026-05-13 19:51:00,3.0218,3.0218,3.0198,3.0208,3.0268,3.0268,3.0248,3.0258,19
2026-05-13 19:52:00,3.0218,3.0218,3.0188,3.0208,3.0268,3.0268,3.0238,3.0258,13
2026-05-13 19:53:00,3.0218,3.0228,3.0198,3.0223,3.0268,3.0278,3.0248,3.0273,10
2026-05-13 19:54:00,3.0218,3.0218,3.0218,3.0218,3.0268,3.0268,3.0268,3.0268,1
2026-05-13 19:55:00,3.0228,3.0228,3.0218,3.0228,3.0278,3.0278,3.0268,3.0278,3
2026-05-13 19:56:00,3.0223,3.0278,3.0218,3.0248,3.0273,3.0328,3.0268,3.0298,37
2026-05-13 19:57:00,3.0253,3.0278,3.0253,3.0258,3.0303,3.0328,3.0303,3.0308,21
2026-05-13 19:58:00,3.0248,3.0258,3.0248,3.0248,3.0298,3.0308,3.0298,3.0298,7
2026-05-13 19:59:00,3.0238,3.0248,3.0238,3.0248,3.0288,3.0298,3.0288,3.0298,7
2026-05-13 20:00:00,3.0238,3.0243,3.0178,3.0188,3.0288,3.0293,3.0228,3.0238,13
2026-05-13 20:01:00,3.0183,3.0198,3.0128,3.0138,3.0233,3.0248,3.0178,3.0188,36
2026-05-13 20:02:00,3.0128,3.0143,3.0078,3.0093,3.0178,3.0193,3.0128,3.0143,29
2026-05-13 20:03:00,3.0088,3.0118,3.0088,3.0088,3.0138,3.0168,3.0138,3.0138,15
2026-05-13 20:04:00,3.0078,3.0148,3.0078,3.0138,3.0128,3.0198,3.0128,3.0188,26
2026-05-13 20:05:00,3.0128,3.0148,3.0128,3.0148,3.0178,3.0198,3.0178,3.0198,3
2026-05-13 20:06:00,3.0153,3.0153,3.0138,3.0148,3.0203,3.0203,3.0188,3.0198,7
2026-05-13 20:07:00,3.0153,3.0168,3.0148,3.0153,3.0203,3.0218,3.0198,3.0203,8
2026-05-13 20:08:00,3.0158,3.0158,3.0123,3.0123,3.0208,3.0208,3.0173,3.0173,13
2026-05-13 20:09:00,3.0118,3.0138,3.0118,3.0128,3.0168,3.0188,3.0168,3.0178,19
2026-05-13 20:10:00,3.0123,3.0138,3.0123,3.0138,3.0173,3.0188,3.0173,3.0188,9
2026-05-13 20:11:00,3.0128,3.0158,3.0128,3.0158,3.0178,3.0208,3.0178,3.0208,11
2026-05-13 20:12:00,3.0163,3.0163,3.0138,3.0138,3.0213,3.0213,3.0188,3.0188,7
2026-05-13 20:13:00,3.0148,3.0148,3.0128,3.0128,3.0198,3.0198,3.0178,3.0178,8
2026-05-13 20:14:00,3.0138,3.0148,3.0128,3.0128,3.0188,3.0198,3.0178,3.0178,10
2026-05-13 20:15:00,3.0123,3.0138,3.0098,3.0118,3.0173,3.0188,3.0148,3.0168,30
2026-05-13 20:16:00,3.0128,3.0128,3.0098,3.0098,3.0178,3.0178,3.0148,3.0148,8
2026-05-13 20:17:00,3.0108,3.0118,3.0108,3.0108,3.0158,3.0168,3.0158,3.0158,4
2026-05-13 20:18:00,3.0098,3.0108,3.0048,3.0048,3.0148,3.0158,3.0098,3.0098,20
2026-05-13 20:19:00,3.0053,3.0068,3.0043,3.0048,3.0103,3.0118,3.0093,3.0098,15
2026-05-13 20:20:00,3.0058,3.0088,3.0048,3.0078,3.0108,3.0138,3.0098,3.0128,23
2026-05-13 20:21:00,3.0088,3.0108,3.0068,3.0103,3.0138,3.0158,3.0118,3.0153,17
2026-05-13 20:22:00,3.0108,3.0108,3.0068,3.0088,3.0158,3.0158,3.0118,3.0138,15
2026-05-13 20:23:00,3.0083,3.0098,3.0083,3.0088,3.0133,3.0148,3.0133,3.0138,10
2026-05-13 20:24:00,3.0083,3.0088,3.0058,3.0058,3.0133,3.0138,3.0108,3.0108,11
2026-05-13 20:25:00,3.0063,3.0088,3.0058,3.0078,3.0113,3.0138,3.0108,3.0128,10
2026-05-13 20:26:00,3.0068,3.0098,3.0068,3.0073,3.0118,3.0148,3.0118,3.0123,17
2026-05-13 20:27:00,3.0088,3.0118,3.0078,3.0118,3.0138,3.0168,3.0128,3.0168,16
2026-05-13 20:28:00,3.0108,3.0148,3.0108,3.0143,3.0158,3.0198,3.0158,3.0193,57
2026-05-13 20:29:00,3.0138,3.0168,3.0138,3.0153,3.0188,3.0218,3.0188,3.0203,22
2026-05-13 20:30:00,3.0148,3.0158,3.0098,3.0108,3.0198,3.0208,3.0148,3.0158,47
2026-05-13 20:31:00,3.0113,3.0118,3.0098,3.0098,3.0163,3.0168,3.0148,3.0148,17
2026-05-13 20:32:00,3.0108,3.0148,3.0108,3.0133,3.0158,3.0198,3.0158,3.0183,20
2026-05-13 20:33:00,3.0128,3.0148,3.0128,3.0138,3.0178,3.0198,3.0178,3.0188,10
2026-05-13 20:34:00,3.0133,3.0138,3.0118,3.0128,3.0183,3.0188,3.0168,3.0178,17
2026-05-13 20:35:00,3.0133,3.0133,3.0123,3.0128,3.0183,3.0183,3.0173,3.0178,4
2026-05-13 20:36:00,3.0133,3.0133,3.0128,3.0128,3.0183,3.0183,3.0178,3.0178,2
2026-05-13 20:37:00,3.0118,3.0118,3.0118,3.0118,3.0168,3.0168,3.0168,3.0168,1
2026-05-13 20:38:00,3.0108,3.0118,3.0108,3.0108,3.0158,3.0168,3.0158,3.0158,4
2026-05-13 20:39:00,3.0118,3.0118,3.0108,3.0118,3.0168,3.0168,3.0158,3.0168,4
2026-05-13 20:40:00,3.0113,3.0113,3.0088,3.0108,3.0163,3.0163,3.0138,3.0158,5
2026-05-13 20:41:00,3.0098,3.0108,3.0098,3.0098,3.0148,3.0158,3.0148,3.0148,6
2026-05-13 20:42:00,3.0108,3.0108,3.0098,3.0098,3.0158,3.0158,3.0148,3.0148,8
2026-05-13 20:43:00,3.0103,3.0108,3.0098,3.0108,3.0153,3.0158,3.0148,3.0158,5
2026-05-13 20:44:00,3.0113,3.0113,3.0108,3.0108,3.0163,3.0163,3.0158,3.0158,2
2026-05-13 20:45:00,3.0113,3.0118,3.0108,3.0118,3.0163,3.0168,3.0158,3.0168,14
2026-05-13 20:46:00,3.0108,3.0118,3.0108,3.0118,3.0158,3.0168,3.0158,3.0168,2
2026-05-13 20:47:00,3.0108,3.0128,3.0108,3.0128,3.0158,3.0178,3.0158,3.0178,4
2026-05-13 20:48:00,3.0118,3.0138,3.0118,3.0138,3.0168,3.0188,3.0168,3.0188,8
2026-05-13 20:49:00,3.0133,3.0138,3.0108,3.0108,3.0183,3.0188,3.0158,3.0158,7
2026-05-13 20:50:00,3.0098,3.0108,3.0088,3.0098,3.0148,3.0158,3.0138,3.0148,13
2026-05-13 20:51:00,3.0108,3.0118,3.0098,3.0108,3.0158,3.0168,3.0148,3.0158,14
2026-05-13 20:52:00,3.0118,3.0128,3.0118,3.0128,3.0168,3.0178,3.0168,3.0178,6
2026-05-13 20:53:00,3.0118,3.0123,3.0108,3.0108,3.0168,3.0173,3.0158,3.0158,14
2026-05-13 20:54:00,3.0118,3.0123,3.0098,3.0118,3.0168,3.0173,3.0148,3.0168,26
2026-05-13 20:55:00,3.0113,3.0118,3.0098,3.0113,3.0163,3.0168,3.0148,3.0163,13
2026-05-13 20:56:00,3.0108,3.0118,3.0108,3.0113,3.0158,3.0168,3.0158,3.0163,12
2026-05-13 20:57:00,3.0108,3.0118,3.0108,3.0113,3.0158,3.0168,3.0158,3.0163,8
2026-05-13 20:58:00,3.0118,3.0128,3.0108,3.0118,3.0168,3.0178,3.0158,3.0168,9
2026-05-13 20:59:00,3.0123,3.0123,3.0108,3.0113,3.0173,3.0173,3.0158,3.0163,5
2026-05-13 21:00:00,3.0103,3.0108,3.0093,3.0108,3.0153,3.0158,3.0143,3.0158,9
2026-05-13 21:01:00,3.0098,3.0098,3.0038,3.0043,3.0148,3.0148,3.0088,3.0093,13
2026-05-13 21:02:00,3.0038,3.0038,2.9958,2.9983,3.0088,3.0088,3.0008,3.0033,44
2026-05-13 21:03:00,2.9988,3.0003,2.9968,3.0003,3.0038,3.0053,3.0018,3.0053,20
2026-05-13 21:04:00,2.9998,3.0018,2.9998,3.0008,3.0048,3.0068,3.0048,3.0058,7
2026-05-13 21:05:00,3.0013,3.0028,3.0013,3.0028,3.0063,3.0078,3.0063,3.0078,5
2026-05-13 21:06:00,3.0018,3.0023,3.0018,3.0018,3.0068,3.0073,3.0068,3.0068,5
2026-05-13 21:07:00,3.0028,3.0028,3.0023,3.0028,3.0078,3.0078,3.0073,3.0078,3
2026-05-13 21:08:00,3.0023,3.0038,3.0018,3.0038,3.0073,3.0088,3.0068,3.0088,10
2026-05-13 21:09:00,3.0033,3.0083,3.0033,3.0073,3.0083,3.0133,3.0083,3.0123,16
2026-05-13 21:10:00,3.0078,3.0078,3.0068,3.0078,3.0128,3.0128,3.0118,3.0128,6
2026-05-13 21:11:00,3.0073,3.0078,3.0058,3.0068,3.0123,3.0128,3.0108,3.0118,6
2026-05-13 21:13:00,3.0078,3.0088,3.0078,3.0078,3.0128,3.0138,3.0128,3.0128,4
2026-05-13 21:14:00,3.0088,3.0098,3.0078,3.0098,3.0138,3.0148,3.0128,3.0148,5
2026-05-13 21:15:00,3.0108,3.0108,3.0098,3.0098,3.0158,3.0158,3.0148,3.0148,2
2026-05-13 21:16:00,3.0108,3.0108,3.0098,3.0098,3.0158,3.0158,3.0148,3.0148,2
2026-05-13 21:17:00,3.0088,3.0098,3.0068,3.0088,3.0138,3.0148,3.0118,3.0138,14
2026-05-13 21:18:00,3.0098,3.0098,3.0098,3.0098,3.0148,3.0148,3.0148,3.0148,1
2026-05-13 21:19:00,3.0093,3.0098,3.0088,3.0098,3.0143,3.0148,3.0138,3.0148,3
2026-05-13 21:20:00,3.0088,3.0088,3.0083,3.0088,3.0138,3.0138,3.0133,3.0138,3
2026-05-13 21:21:00,3.0083,3.0083,3.0078,3.0078,3.0133,3.0133,3.0128,3.0128,2
2026-05-13 21:22:00,3.0068,3.0068,3.0068,3.0068,3.0118,3.0118,3.0118,3.0118,1
2026-05-13 21:24:00,3.0073,3.0088,3.0073,3.0088,3.0123,3.0138,3.0123,3.0138,5
2026-05-13 21:25:00,3.0078,3.0088,3.0078,3.0088,3.0128,3.0138,3.0128,3.0138,4
2026-05-13 21:26:00,3.0098,3.0103,3.0088,3.0098,3.0148,3.0153,3.0138,3.0148,9
2026-05-13 21:27:00,3.0093,3.0118,3.0088,3.0113,3.0143,3.0168,3.0138,3.0163,9
2026-05-13 21:28:00,3.0108,3.0108,3.0098,3.0108,3.0158,3.0158,3.0148,3.0158,3
2026-05-13 21:29:00,3.0118,3.0128,3.0118,3.0118,3.0168,3.0178,3.0168,3.0168,3
2026-05-13 21:30:00,3.0123,3.0138,3.0123,3.0138,3.0173,3.0188,3.0173,3.0188,3
2026-05-13 21:32:00,3.0133,3.0133,3.0128,3.0128,3.0183,3.0183,3.0178,3.0178,2
2026-05-13 21:34:00,3.0123,3.0123,3.0108,3.0108,3.0173,3.0173,3.0158,3.0158,2
2026-05-13 21:35:00,3.0113,3.0118,3.0113,3.0118,3.0163,3.0168,3.0163,3.0168,2
2026-05-13 21:36:00,3.0108,3.0108,3.0108,3.0108,3.0158,3.0158,3.0158,3.0158,1
2026-05-13 21:37:00,3.0098,3.0108,3.0098,3.0098,3.0148,3.0158,3.0148,3.0148,5
2026-05-13 21:42:00,3.0108,3.0108,3.0098,3.0108,3.0158,3.0158,3.0148,3.0158,4
2026-05-13 21:43:00,3.0098,3.0098,3.0098,3.0098,3.0148,3.0148,3.0148,3.0148,1
2026-05-13 21:44:00,3.0093,3.0108,3.0088,3.0098,3.0143,3.0158,3.0138,3.0148,5
2026-05-13 21:46:00,3.0088,3.0098,3.0088,3.0093,3.0138,3.0148,3.0138,3.0143,3
2026-05-13 21:47:00,3.0088,3.0098,3.0088,3.0088,3.0138,3.0148,3.0138,3.0138,3
2026-05-13 21:49:00,3.0083,3.0088,3.0078,3.0078,3.0133,3.0138,3.0128,3.0128,15
2026-05-13 21:50:00,3.0088,3.0088,3.0083,3.0083,3.0138,3.0138,3.0133,3.0133,2
2026-05-13 21:51:00,3.0078,3.0088,3.0078,3.0078,3.0128,3.0138,3.0128,3.0128,4
2026-05-13 21:52:00,3.0083,3.0088,3.0083,3.0088,3.0133,3.0138,3.0133,3.0138,2
2026-05-13 21:53:00,3.0083,3.0083,3.0078,3.0078,3.0133,3.0133,3.0128,3.0128,2
2026-05-13 21:54:00,3.0073,3.0088,3.0073,3.0083,3.0123,3.0138,3.0123,3.0133,11
2026-05-13 21:55:00,3.0078,3.0088,3.0078,3.0078,3.0128,3.0138,3.0128,3.0128,4
2026-05-13 21:56:00,3.0068,3.0078,3.0068,3.0073,3.0118,3.0128,3.0118,3.0123,3
2026-05-13 21:57:00,3.0078,3.0088,3.0078,3.0088,3.0128,3.0138,3.0128,3.0138,2
2026-05-13 21:59:00,3.0078,3.0088,3.0078,3.0088,3.0128,3.0138,3.0128,3.0138,4
2026-05-13 22:00:00,3.0098,3.0108,3.0093,3.0098,3.0148,3.0158,3.0143,3.0148,7
2026-05-13 22:02:00,3.0108,3.0108,3.0108,3.0108,3.0158,3.0158,3.0158,3.0158,1
2026-05-13 22:03:00,3.0118,3.0138,3.0118,3.0128,3.0168,3.0188,3.0168,3.0178,10
2026-05-13 22:04:00,3.0118,3.0128,3.0118,3.0118,3.0168,3.0178,3.0168,3.0168,6
2026-05-13 22:06:00,3.0128,3.0138,3.0118,3.0138,3.0178,3.0188,3.0168,3.0188,7
2026-05-13 22:07:00,3.0133,3.0138,3.0128,3.0128,3.0183,3.0188,3.0178,3.0178,4
2026-05-13 22:08:00,3.0123,3.0123,3.0098,3.0108,3.0173,3.0173,3.0148,3.0158,9
2026-05-13 22:09:00,3.0113,3.0118,3.0108,3.0108,3.0163,3.0168,3.0158,3.0158,8
2026-05-13 22:10:00,3.0118,3.0118,3.0108,3.0113,3.0168,3.0168,3.0158,3.0163,11
2026-05-13 22:11:00,3.0108,3.0108,3.0108,3.0108,3.0158,3.0158,3.0158,3.0158,1
2026-05-13 22:12:00,3.0118,3.0123,3.0108,3.0123,3.0168,3.0173,3.0158,3.0173,6
2026-05-13 22:13:00,3.0118,3.0123,3.0118,3.0118,3.0168,3.0173,3.0168,3.0168,3
2026-05-13 22:14:00,3.0108,3.0118,3.0108,3.0118,3.0158,3.0168,3.0158,3.0168,2
2026-05-13 22:15:00,3.0113,3.0123,3.0113,3.0118,3.0163,3.0173,3.0163,3.0168,6
2026-05-13 22:16:00,3.0123,3.0128,3.0123,3.0128,3.0173,3.0178,3.0173,3.0178,2
2026-05-13 22:17:00,3.0123,3.0123,3.0123,3.0123,3.0173,3.0173,3.0173,3.0173,1
2026-05-13 22:19:00,3.0128,3.0128,3.0123,3.0123,3.0178,3.0178,3.0173,3.0173,4
2026-05-13 22:20:00,3.0128,3.0128,3.0113,3.0118,3.0178,3.0178,3.0163,3.0168,6
2026-05-13 22:22:00,3.0113,3.0113,3.0088,3.0088,3.0163,3.0163,3.0138,3.0138,5
2026-05-13 22:24:00,3.0098,3.0098,3.0088,3.0088,3.0148,3.0148,3.0138,3.0138,2
2026-05-13 22:26:00,3.0078,3.0078,3.0073,3.0078,3.0128,3.0128,3.0123,3.0128,3
2026-05-13 22:27:00,3.0073,3.0073,3.0063,3.0068,3.0123,3.0123,3.0113,3.0118,3
2026-05-13 22:28:00,3.0073,3.0078,3.0073,3.0078,3.0123,3.0128,3.0123,3.0128,2
2026-05-13 22:29:00,3.0073,3.0073,3.0053,3.0053,3.0123,3.0123,3.0103,3.0103,7
2026-05-13 22:30:00,3.0058,3.0058,3.0053,3.0053,3.0108,3.0108,3.0103,3.0103,4
2026-05-13 22:31:00,3.0058,3.0058,3.0058,3.0058,3.0108,3.0108,3.0108,3.0108,1
2026-05-13 22:32:00,3.0063,3.0073,3.0063,3.0068,3.0113,3.0123,3.0113,3.0118,4
2026-05-13 22:33:00,3.0073,3.0078,3.0068,3.0078,3.0123,3.0128,3.0118,3.0128,6
2026-05-13 22:34:00,3.0068,3.0068,3.0048,3.0048,3.0118,3.0118,3.0098,3.0098,3
2026-05-13 22:35:00,3.0053,3.0058,3.0048,3.0048,3.0103,3.0108,3.0098,3.0098,6
2026-05-13 22:37:00,3.0038,3.0048,3.0038,3.0048,3.0088,3.0098,3.0088,3.0098,2
2026-05-13 22:38:00,3.0038,3.0048,3.0038,3.0038,3.0088,3.0098,3.0088,3.0088,4
2026-05-13 22:39:00,3.0033,3.0038,3.0033,3.0038,3.0083,3.0088,3.0083,3.0088,2
2026-05-13 22:40:00,3.0033,3.0033,3.0033,3.0033,3.0083,3.0083,3.0083,3.0083,1
2026-05-13 22:41:00,3.0058,3.0063,3.0058,3.0063,3.0108,3.0113,3.0108,3.0113,2
2026-05-13 22:42:00,3.0058,3.0068,3.0058,3.0068,3.0108,3.0118,3.0108,3.0118,2
2026-05-13 22:43:00,3.0073,3.0108,3.0073,3.0108,3.0123,3.0158,3.0123,3.0158,3
2026-05-13 22:44:00,3.0103,3.0103,3.0078,3.0083,3.0153,3.0153,3.0128,3.0133,9
2026-05-13 22:45:00,3.0088,3.0098,3.0083,3.0098,3.0138,3.0148,3.0133,3.0148,6
2026-05-13 22:46:00,3.0093,3.0103,3.0093,3.0103,3.0143,3.0153,3.0143,3.0153,2
2026-05-13 22:47:00,3.0108,3.0118,3.0103,3.0113,3.0158,3.0168,3.0153,3.0163,11
2026-05-13 22:48:00,3.0118,3.0123,3.0108,3.0123,3.0168,3.0173,3.0158,3.0173,12
2026-05-13 22:49:00,3.0118,3.0128,3.0118,3.0123,3.0168,3.0178,3.0168,3.0173,5
2026-05-13 22:50:00,3.0118,3.0138,3.0108,3.0138,3.0168,3.0188,3.0158,3.0188,7
2026-05-13 22:51:00,3.0143,3.0143,3.0143,3.0143,3.0193,3.0193,3.0193,3.0193,1
2026-05-13 22:52:00,3.0138,3.0143,3.0133,3.0133,3.0188,3.0193,3.0183,3.0183,3
2026-05-13 22:53:00,3.0138,3.0168,3.0133,3.0168,3.0188,3.0218,3.0183,3.0218,8
2026-05-13 22:54:00,3.0163,3.0188,3.0158,3.0178,3.0213,3.0238,3.0208,3.0228,10
2026-05-13 22:55:00,3.0183,3.0183,3.0168,3.0173,3.0233,3.0233,3.0218,3.0223,9
2026-05-13 22:56:00,3.0168,3.0188,3.0168,3.0178,3.0218,3.0238,3.0218,3.0228,6
2026-05-13 22:57:00,3.0173,3.0183,3.0173,3.0178,3.0223,3.0233,3.0223,3.0228,5
2026-05-13 22:58:00,3.0183,3.0198,3.0168,3.0198,3.0233,3.0248,3.0218,3.0248,11
2026-05-13 22:59:00,3.0193,3.0208,3.0148,3.0158,3.0243,3.0258,3.0198,3.0208,26
2026-05-14 00:00:00,3.0143,3.0143,3.0083,3.0098,3.0193,3.0193,3.0133,3.0148,21
2026-05-14 00:01:00,3.0093,3.0118,3.0093,3.0113,3.0143,3.0168,3.0143,3.0163,5
2026-05-14 00:02:00,3.0123,3.0123,3.0123,3.0123,3.0173,3.0173,3.0173,3.0173,1
2026-05-14 00:03:00,3.0133,3.0153,3.0123,3.0123,3.0183,3.0203,3.0173,3.0173,6
2026-05-14 00:04:00,3.0128,3.0133,3.0128,3.0128,3.0178,3.0183,3.0178,3.0178,3
2026-05-14 00:05:00,3.0133,3.0133,3.0108,3.0113,3.0183,3.0183,3.0158,3.0163,3
2026-05-14 00:06:00,3.0108,3.0108,3.0108,3.0108,3.0158,3.0158,3.0158,3.0158,1
2026-05-14 00:07:00,3.0113,3.0123,3.0108,3.0108,3.0163,3.0173,3.0158,3.0158,6
2026-05-14 00:08:00,3.0098,3.0108,3.0098,3.0108,3.0148,3.0158,3.0148,3.0158,2
2026-05-14 00:09:00,3.0113,3.0113,3.0083,3.0083,3.0163,3.0163,3.0133,3.0133,6
2026-05-14 00:10:00,3.0088,3.0093,3.0083,3.0088,3.0138,3.0143,3.0133,3.0138,4
2026-05-14 00:11:00,3.0093,3.0093,3.0093,3.0093,3.0143,3.0143,3.0143,3.0143,1
2026-05-14 00:13:00,3.0088,3.0088,3.0078,3.0078,3.0138,3.0138,3.0128,3.0128,3
2026-05-14 00:15:00,3.0073,3.0073,3.0068,3.0068,3.0123,3.0123,3.0118,3.0118,2
2026-05-14 00:16:00,3.0073,3.0073,3.0068,3.0068,3.0123,3.0123,3.0118,3.0118,6
2026-05-14 00:17:00,3.0073,3.0073,3.0068,3.0073,3.0123,3.0123,3.0118,3.0123,3
2026-05-14 00:18:00,3.0078,3.0083,3.0078,3.0083,3.0128,3.0133,3.0128,3.0133,2
2026-05-14 00:21:00,3.0093,3.0098,3.0083,3.0098,3.0143,3.0148,3.0133,3.0148,5
2026-05-14 00:22:00,3.0093,3.0143,3.0093,3.0143,3.0143,3.0193,3.0143,3.0193,10
2026-05-14 00:23:00,3.0138,3.0138,3.0138,3.0138,3.0188,3.0188,3.0188,3.0188,1
2026-05-14 00:24:00,3.0133,3.0138,3.0133,3.0138,3.0183,3.0188,3.0183,3.0188,2
2026-05-14 00:25:00,3.0143,3.0148,3.0138,3.0138,3.0193,3.0198,3.0188,3.0188,4
2026-05-14 00:26:00,3.0133,3.0148,3.0133,3.0148,3.0183,3.0198,3.0183,3.0198,3
2026-05-14 00:28:00,3.0143,3.0143,3.0133,3.0138,3.0193,3.0193,3.0183,3.0188,3
2026-05-14 00:29:00,3.0133,3.0133,3.0133,3.0133,3.0183,3.0183,3.0183,3.0183,1
2026-05-14 00:30:00,3.0138,3.0138,3.0138,3.0138,3.0188,3.0188,3.0188,3.0188,1
2026-05-14 00:31:00,3.0143,3.0143,3.0143,3.0143,3.0193,3.0193,3.0193,3.0193,1
2026-05-14 00:33:00,3.0138,3.0138,3.0138,3.0138,3.0188,3.0188,3.0188,3.0188,1
2026-05-14 00:34:00,3.0143,3.0143,3.0143,3.0143,3.0193,3.0193,3.0193,3.0193,1
2026-05-14 00:40:00,3.0148,3.0153,3.0148,3.0153,3.0198,3.0203,3.0198,3.0203,2
2026-05-14 00:41:00,3.0148,3.0148,3.0138,3.0138,3.0198,3.0198,3.0188,3.0188,3
2026-05-14 00:45:00,3.0143,3.0143,3.0143,3.0143,3.0193,3.0193,3.0193,3.0193,1
2026-05-14 00:59:00,3.0153,3.0153,3.0153,3.0153,3.0203,3.0203,3.0203,3.0203,1
2026-05-14 01:00:00,3.0148,3.0148,3.0148,3.0148,3.0198,3.0198,3.0198,3.0198,1
2026-05-14 01:02:00,3.0153,3.0153,3.0153,3.0153,3.0203,3.0203,3.0203,3.0203,1
2026-05-14 01:03:00,3.0148,3.0183,3.0148,3.0183,3.0198,3.0233,3.0198,3.0233,4
2026-05-14 01:04:00,3.0178,3.0193,3.0178,3.0193,3.0228,3.0243,3.0228,3.0243,4
2026-05-14 01:05:00,3.0203,3.0203,3.0203,3.0203,3.0253,3.0253,3.0253,3.0253,1
2026-05-14 01:06:00,3.0213,3.0213,3.0203,3.0203,3.0263,3.0263,3.0253,3.0253,2
2026-05-14 01:07:00,3.0198,3.0203,3.0198,3.0203,3.0248,3.0253,3.0248,3.0253,2
2026-05-14 01:10:00,3.0193,3.0208,3.0193,3.0208,3.0243,3.0258,3.0243,3.0258,3
2026-05-14 01:12:00,3.0213,3.0213,3.0213,3.0213,3.0263,3.0263,3.0263,3.0263,1
2026-05-14 05:55:00,3.0133,3.0133,3.0133,3.0133,3.0183,3.0183,3.0183,3.0183,1
2026-05-14 05:58:00,3.0123,3.0123,3.0123,3.0123,3.0173,3.0173,3.0173,3.0173,1
2026-05-14 05:59:00,3.0133,3.0133,3.0133,3.0133,3.0183,3.0183,3.0183,3.0183,1
2026-05-14 06:01:00,3.0148,3.0148,3.0128,3.0133,3.0198,3.0198,3.0178,3.0183,5
2026-05-14 06:03:00,3.0138,3.0138,3.0138,3.0138,3.0188,3.0188,3.0188,3.0188,1
2026-05-14 06:04:00,3.0143,3.0143,3.0143,3.0143,3.0193,3.0193,3.0193,3.0193,1
2026-05-14 06:05:00,3.0138,3.0138,3.0133,3.0133,3.0188,3.0188,3.0183,3.0183,2
2026-05-14 06:06:00,3.0128,3.0128,3.0128,3.0128,3.0178,3.0178,3.0178,3.0178,1
2026-05-14 06:07:00,3.0118,3.0123,3.0098,3.0103,3.0168,3.0173,3.0148,3.0153,6
2026-05-14 06:10:00,3.0093,3.0103,3.0093,3.0098,3.0143,3.0153,3.0143,3.0148,3
2026-05-14 06:11:00,3.0103,3.0108,3.0103,3.0108,3.0153,3.0158,3.0153,3.0158,2
2026-05-14 06:12:00,3.0103,3.0113,3.0103,3.0113,3.0153,3.0163,3.0153,3.0163,4
2026-05-14 06:13:00,3.0108,3.0123,3.0108,3.0123,3.0158,3.0173,3.0158,3.0173,4
2026-05-14 06:14:00,3.0128,3.0128,3.0128,3.0128,3.0178,3.0178,3.0178,3.0178,1
2026-05-14 06:15:00,3.0133,3.0143,3.0133,3.0143,3.0183,3.0193,3.0183,3.0193,5
2026-05-14 06:16:00,3.0138,3.0138,3.0123,3.0133,3.0188,3.0188,3.0173,3.0183,4
2026-05-14 06:22:00,3.0143,3.0143,3.0143,3.0143,3.0193,3.0193,3.0193,3.0193,1
2026-05-14 06:26:00,3.0133,3.0133,3.0133,3.0133,3.0183,3.0183,3.0183,3.0183,1
2026-05-14 06:34:00,3.0138,3.0143,3.0133,3.0133,3.0188,3.0193,3.0183,3.0183,4
2026-05-14 06:38:00,3.0143,3.0143,3.0133,3.0138,3.0193,3.0193,3.0183,3.0188,8
2026-05-14 06:45:00,3.0133,3.0133,3.0133,3.0133,3.0183,3.0183,3.0183,3.0183,1
2026-05-14 06:46:00,3.0138,3.0143,3.0133,3.0143,3.0188,3.0193,3.0183,3.0193,6
2026-05-14 06:47:00,3.0138,3.0143,3.0133,3.0138,3.0188,3.0193,3.0183,3.0188,5
2026-05-14 06:48:00,3.0153,3.0223,3.0153,3.0223,3.0203,3.0273,3.0203,3.0273,17
2026-05-14 06:49:00,3.0233,3.0243,3.0233,3.0243,3.0283,3.0293,3.0283,3.0293,2
2026-05-14 06:51:00,3.0248,3.0253,3.0248,3.0253,3.0298,3.0303,3.0298,3.0303,4
2026-05-14 06:52:00,3.0243,3.0248,3.0228,3.0233,3.0293,3.0298,3.0278,3.0283,11
2026-05-14 06:53:00,3.0243,3.0243,3.0233,3.0233,3.0293,3.0293,3.0283,3.0283,2
2026-05-14 06:54:00,3.0238,3.0243,3.0233,3.0243,3.0288,3.0293,3.0283,3.0293,3
2026-05-14 06:56:00,3.0238,3.0243,3.0238,3.0243,3.0288,3.0293,3.0288,3.0293,2
2026-05-14 06:57:00,3.0238,3.0238,3.0233,3.0233,3.0288,3.0288,3.0283,3.0283,2
2026-05-14 06:58:00,3.0243,3.0253,3.0243,3.0253,3.0293,3.0303,3.0293,3.0303,3
2026-05-14 06:59:00,3.0263,3.0263,3.0253,3.0263,3.0313,3.0313,3.0303,3.0313,4
2026-05-14 07:00:00,3.0268,3.0293,3.0268,3.0283,3.0318,3.0343,3.0318,3.0333,7
2026-05-14 07:01:00,3.0293,3.0303,3.0293,3.0293,3.0343,3.0353,3.0343,3.0343,9
2026-05-14 07:02:00,3.0288,3.0323,3.0283,3.0323,3.0338,3.0373,3.0333,3.0373,8
2026-05-14 07:03:00,3.0313,3.0333,3.0313,3.0333,3.0363,3.0383,3.0363,3.0383,10
2026-05-14 07:04:00,3.0323,3.0323,3.0323,3.0323,3.0373,3.0373,3.0373,3.0373,1
2026-05-14 07:06:00,3.0313,3.0323,3.0313,3.0323,3.0363,3.0373,3.0363,3.0373,4
2026-05-14 07:07:00,3.0333,3.0353,3.0333,3.0353,3.0383,3.0403,3.0383,3.0403,4
2026-05-14 07:08:00,3.0348,3.0353,3.0343,3.0353,3.0398,3.0403,3.0393,3.0403,3
2026-05-14 07:09:00,3.0348,3.0353,3.0348,3.0353,3.0398,3.0403,3.0398,3.0403,2
2026-05-14 07:10:00,3.0363,3.0363,3.0323,3.0323,3.0413,3.0413,3.0373,3.0373,7
2026-05-14 07:11:00,3.0333,3.0343,3.0333,3.0338,3.0383,3.0393,3.0383,3.0388,14
2026-05-14 07:12:00,3.0333,3.0333,3.0333,3.0333,3.0383,3.0383,3.0383,3.0383,1
2026-05-14 07:13:00,3.0328,3.0348,3.0328,3.0343,3.0378,3.0398,3.0378,3.0393,6
2026-05-14 07:14:00,3.0333,3.0338,3.0333,3.0333,3.0383,3.0388,3.0383,3.0383,3
2026-05-14 07:15:00,3.0338,3.0338,3.0338,3.0338,3.0388,3.0388,3.0388,3.0388,1
2026-05-14 07:16:00,3.0343,3.0343,3.0338,3.0343,3.0393,3.0393,3.0388,3.0393,5
2026-05-14 07:17:00,3.0338,3.0343,3.0338,3.0338,3.0388,3.0393,3.0388,3.0388,3
2026-05-14 07:18:00,3.0343,3.0343,3.0343,3.0343,3.0393,3.0393,3.0393,3.0393,1
2026-05-14 07:19:00,3.0338,3.0338,3.0338,3.0338,3.0388,3.0388,3.0388,3.0388,1
2026-05-14 07:20:00,3.0333,3.0333,3.0333,3.0333,3.0383,3.0383,3.0383,3.0383,1
2026-05-14 07:22:00,3.0343,3.0368,3.0343,3.0363,3.0393,3.0418,3.0393,3.0413,5
2026-05-14 07:23:00,3.0358,3.0363,3.0358,3.0363,3.0408,3.0413,3.0408,3.0413,2
2026-05-14 07:25:00,3.0353,3.0353,3.0348,3.0348,3.0403,3.0403,3.0398,3.0398,4
2026-05-14 07:26:00,3.0353,3.0358,3.0353,3.0353,3.0403,3.0408,3.0403,3.0403,3
2026-05-14 07:27:00,3.0358,3.0363,3.0353,3.0363,3.0408,3.0413,3.0403,3.0413,8
2026-05-14 07:28:00,3.0358,3.0358,3.0353,3.0358,3.0408,3.0408,3.0403,3.0408,3
2026-05-14 07:29:00,3.0353,3.0438,3.0313,3.0403,3.0403,3.0488,3.0363,3.0453,33
2026-05-14 07:30:00,3.0398,3.0443,3.0393,3.0423,3.0448,3.0493,3.0443,3.0473,22
2026-05-14 07:31:00,3.0418,3.0423,3.0413,3.0423,3.0468,3.0473,3.0463,3.0473,4
2026-05-14 07:32:00,3.0418,3.0453,3.0418,3.0443,3.0468,3.0503,3.0468,3.0493,9
2026-05-14 07:33:00,3.0433,3.0433,3.0433,3.0433,3.0483,3.0483,3.0483,3.0483,1
2026-05-14 07:34:00,3.0423,3.0423,3.0423,3.0423,3.0473,3.0473,3.0473,3.0473,1
2026-05-14 07:35:00,3.0413,3.0423,3.0413,3.0413,3.0463,3.0473,3.0463,3.0463,8
2026-05-14 07:36:00,3.0403,3.0408,3.0403,3.0408,3.0453,3.0458,3.0453,3.0458,2
2026-05-14 07:37:00,3.0413,3.0413,3.0393,3.0408,3.0463,3.0463,3.0443,3.0458,6
2026-05-14 07:38:00,3.0413,3.0413,3.0403,3.0403,3.0463,3.0463,3.0453,3.0453,3
2026-05-14 07:39:00,3.0398,3.0398,3.0363,3.0363,3.0448,3.0448,3.0413,3.0413,6
2026-05-14 07:40:00,3.0373,3.0373,3.0373,3.0373,3.0423,3.0423,3.0423,3.0423,1
2026-05-14 07:41:00,3.0363,3.0363,3.0338,3.0338,3.0413,3.0413,3.0388,3.0388,6
2026-05-14 07:42:00,3.0333,3.0333,3.0328,3.0333,3.0383,3.0383,3.0378,3.0383,3
2026-05-14 07:43:00,3.0323,3.0328,3.0313,3.0318,3.0373,3.0378,3.0363,3.0368,7
2026-05-14 07:44:00,3.0313,3.0318,3.0313,3.0318,3.0363,3.0368,3.0363,3.0368,2
2026-05-14 07:45:00,3.0313,3.0313,3.0298,3.0298,3.0363,3.0363,3.0348,3.0348,8
2026-05-14 07:46:00,3.0293,3.0308,3.0293,3.0308,3.0343,3.0358,3.0343,3.0358,13
2026-05-14 07:47:00,3.0303,3.0313,3.0293,3.0293,3.0353,3.0363,3.0343,3.0343,5
2026-05-14 07:48:00,3.0298,3.0308,3.0298,3.0303,3.0348,3.0358,3.0348,3.0353,4
2026-05-14 07:49:00,3.0298,3.0298,3.0293,3.0293,3.0348,3.0348,3.0343,3.0343,2
2026-05-14 07:50:00,3.0303,3.0303,3.0298,3.0298,3.0353,3.0353,3.0348,3.0348,2
2026-05-14 07:51:00,3.0293,3.0308,3.0293,3.0308,3.0343,3.0358,3.0343,3.0358,3
2026-05-14 07:52:00,3.0313,3.0323,3.0313,3.0323,3.0363,3.0373,3.0363,3.0373,2
2026-05-14 07:53:00,3.0318,3.0318,3.0313,3.0318,3.0368,3.0368,3.0363,3.0368,5
2026-05-14 07:54:00,3.0313,3.0323,3.0313,3.0323,3.0363,3.0373,3.0363,3.0373,3
2026-05-14 07:56:00,3.0318,3.0323,3.0313,3.0323,3.0368,3.0373,3.0363,3.0373,6
2026-05-14 08:00:00,3.0313,3.0323,3.0303,3.0308,3.0363,3.0373,3.0353,3.0358,16
2026-05-14 08:01:00,3.0313,3.0313,3.0313,3.0313,3.0363,3.0363,3.0363,3.0363,1
2026-05-14 08:02:00,3.0308,3.0308,3.0278,3.0293,3.0358,3.0358,3.0328,3.0343,10
2026-05-14 08:03:00,3.0288,3.0293,3.0288,3.0288,3.0338,3.0343,3.0338,3.0338,3
2026-05-14 08:04:00,3.0298,3.0313,3.0293,3.0303,3.0348,3.0363,3.0343,3.0353,15
2026-05-14 08:05:00,3.0298,3.0298,3.0273,3.0283,3.0348,3.0348,3.0323,3.0333,11
2026-05-14 08:06:00,3.0293,3.0323,3.0293,3.0313,3.0343,3.0373,3.0343,3.0363,17
2026-05-14 08:07:00,3.0323,3.0323,3.0313,3.0318,3.0373,3.0373,3.0363,3.0368,4
2026-05-14 08:08:00,3.0313,3.0323,3.0308,3.0323,3.0363,3.0373,3.0358,3.0373,11
2026-05-14 08:09:00,3.0313,3.0328,3.0308,3.0323,3.0363,3.0378,3.0358,3.0373,11
2026-05-14 08:10:00,3.0328,3.0328,3.0318,3.0318,3.0378,3.0378,3.0368,3.0368,7
2026-05-14 08:11:00,3.0323,3.0323,3.0313,3.0313,3.0373,3.0373,3.0363,3.0363,4
2026-05-14 08:12:00,3.0318,3.0333,3.0318,3.0323,3.0368,3.0383,3.0368,3.0373,3
2026-05-14 08:13:00,3.0313,3.0323,3.0313,3.0313,3.0363,3.0373,3.0363,3.0363,5
2026-05-14 08:14:00,3.0318,3.0323,3.0313,3.0313,3.0368,3.0373,3.0363,3.0363,7
2026-05-14 08:15:00,3.0323,3.0343,3.0323,3.0343,3.0373,3.0393,3.0373,3.0393,7
2026-05-14 08:16:00,3.0348,3.0353,3.0333,3.0333,3.0398,3.0403,3.0383,3.0383,14
2026-05-14 08:17:00,3.0328,3.0333,3.0323,3.0333,3.0378,3.0383,3.0373,3.0383,6
2026-05-14 08:19:00,3.0338,3.0343,3.0338,3.0343,3.0388,3.0393,3.0388,3.0393,2
2026-05-14 08:20:00,3.0338,3.0353,3.0338,3.0348,3.0388,3.0403,3.0388,3.0398,3
2026-05-14 08:21:00,3.0343,3.0343,3.0333,3.0333,3.0393,3.0393,3.0383,3.0383,2
2026-05-14 08:22:00,3.0323,3.0323,3.0323,3.0323,3.0373,3.0373,3.0373,3.0373,1
2026-05-14 08:23:00,3.0333,3.0338,3.0333,3.0338,3.0383,3.0388,3.0383,3.0388,2
2026-05-14 08:24:00,3.0333,3.0333,3.0323,3.0333,3.0383,3.0383,3.0373,3.0383,5
2026-05-14 08:25:00,3.0328,3.0333,3.0323,3.0323,3.0378,3.0383,3.0373,3.0373,3
2026-05-14 08:26:00,3.0333,3.0333,3.0323,3.0323,3.0383,3.0383,3.0373,3.0373,4
2026-05-14 08:27:00,3.0328,3.0328,3.0323,3.0328,3.0378,3.0378,3.0373,3.0378,3
2026-05-14 08:28:00,3.0333,3.0353,3.0333,3.0338,3.0383,3.0403,3.0383,3.0388,7
2026-05-14 08:29:00,3.0333,3.0363,3.0333,3.0363,3.0383,3.0413,3.0383,3.0413,4
2026-05-14 08:30:00,3.0368,3.0368,3.0343,3.0353,3.0418,3.0418,3.0393,3.0403,6
2026-05-14 08:31:00,3.0348,3.0348,3.0343,3.0348,3.0398,3.0398,3.0393,3.0398,3
2026-05-14 08:32:00,3.0353,3.0353,3.0343,3.0343,3.0403,3.0403,3.0393,3.0393,3
2026-05-14 08:34:00,3.0338,3.0343,3.0338,3.0343,3.0388,3.0393,3.0388,3.0393,4
2026-05-14 08:35:00,3.0338,3.0343,3.0338,3.0338,3.0388,3.0393,3.0388,3.0388,5
2026-05-14 08:36:00,3.0333,3.0343,3.0333,3.0333,3.0383,3.0393,3.0383,3.0383,4
2026-05-14 08:37:00,3.0338,3.0338,3.0333,3.0338,3.0388,3.0388,3.0383,3.0388,3
2026-05-14 08:38:00,3.0343,3.0343,3.0343,3.0343,3.0393,3.0393,3.0393,3.0393,1
2026-05-14 08:39:00,3.0353,3.0353,3.0343,3.0353,3.0403,3.0403,3.0393,3.0403,4
2026-05-14 08:40:00,3.0348,3.0353,3.0348,3.0353,3.0398,3.0403,3.0398,3.0403,2
2026-05-14 08:41:00,3.0358,3.0358,3.0343,3.0348,3.0408,3.0408,3.0393,3.0398,5
2026-05-14 08:42:00,3.0353,3.0353,3.0343,3.0343,3.0403,3.0403,3.0393,3.0393,3
2026-05-14 08:43:00,3.0333,3.0333,3.0313,3.0328,3.0383,3.0383,3.0363,3.0378,7
2026-05-14 08:44:00,3.0323,3.0323,3.0298,3.0298,3.0373,3.0373,3.0348,3.0348,6
2026-05-14 08:45:00,3.0293,3.0303,3.0278,3.0298,3.0343,3.0353,3.0328,3.0348,16
2026-05-14 08:46:00,3.0293,3.0293,3.0243,3.0253,3.0343,3.0343,3.0293,3.0303,34
2026-05-14 08:47:00,3.0248,3.0253,3.0233,3.0243,3.0298,3.0303,3.0283,3.0293,8
2026-05-14 08:48:00,3.0253,3.0273,3.0248,3.0273,3.0303,3.0323,3.0298,3.0323,10
2026-05-14 08:49:00,3.0268,3.0283,3.0263,3.0263,3.0318,3.0333,3.0313,3.0313,9
2026-05-14 08:50:00,3.0258,3.0258,3.0243,3.0253,3.0308,3.0308,3.0293,3.0303,9
2026-05-14 08:51:00,3.0258,3.0273,3.0258,3.0263,3.0308,3.0323,3.0308,3.0313,9
2026-05-14 08:53:00,3.0268,3.0268,3.0263,3.0263,3.0318,3.0318,3.0313,3.0313,4
2026-05-14 08:55:00,3.0268,3.0283,3.0263,3.0263,3.0318,3.0333,3.0313,3.0313,7
2026-05-14 08:56:00,3.0273,3.0273,3.0248,3.0273,3.0323,3.0323,3.0298,3.0323,11
2026-05-14 08:57:00,3.0283,3.0298,3.0278,3.0293,3.0333,3.0348,3.0328,3.0343,6
2026-05-14 08:58:00,3.0298,3.0303,3.0298,3.0303,3.0348,3.0353,3.0348,3.0353,2
2026-05-14 08:59:00,3.0308,3.0318,3.0303,3.0313,3.0358,3.0368,3.0353,3.0363,7
2026-05-14 09:00:00,3.0308,3.0333,3.0308,3.0328,3.0358,3.0383,3.0358,3.0378,21
2026-05-14 09:01:00,3.0333,3.0333,3.0318,3.0318,3.0383,3.0383,3.0368,3.0368,7
2026-05-14 09:02:00,3.0313,3.0313,3.0313,3.0313,3.0363,3.0363,3.0363,3.0363,1
2026-05-14 09:03:00,3.0323,3.0323,3.0313,3.0313,3.0373,3.0373,3.0363,3.0363,16
2026-05-14 09:04:00,3.0318,3.0318,3.0293,3.0293,3.0368,3.0368,3.0343,3.0343,7
2026-05-14 09:05:00,3.0303,3.0303,3.0253,3.0263,3.0353,3.0353,3.0303,3.0313,9
2026-05-14 09:06:00,3.0268,3.0278,3.0268,3.0278,3.0318,3.0328,3.0318,3.0328,5
2026-05-14 09:07:00,3.0283,3.0333,3.0283,3.0308,3.0333,3.0383,3.0333,3.0358,13
2026-05-14 09:08:00,3.0303,3.0308,3.0293,3.0298,3.0353,3.0358,3.0343,3.0348,8
2026-05-14 09:09:00,3.0293,3.0323,3.0293,3.0318,3.0343,3.0373,3.0343,3.0368,14
2026-05-14 09:10:00,3.0313,3.0318,3.0303,3.0303,3.0363,3.0368,3.0353,3.0353,6
2026-05-14 09:11:00,3.0308,3.0318,3.0308,3.0313,3.0358,3.0368,3.0358,3.0363,8
2026-05-14 09:12:00,3.0308,3.0343,3.0308,3.0343,3.0358,3.0393,3.0358,3.0393,9
2026-05-14 09:13:00,3.0338,3.0353,3.0338,3.0353,3.0388,3.0403,3.0388,3.0403,8
2026-05-14 09:14:00,3.0343,3.0353,3.0338,3.0353,3.0393,3.0403,3.0388,3.0403,14
2026-05-14 09:15:00,3.0358,3.0373,3.0353,3.0373,3.0408,3.0423,3.0403,3.0423,7
2026-05-14 09:16:00,3.0378,3.0383,3.0358,3.0368,3.0428,3.0433,3.0408,3.0418,14
2026-05-14 09:17:00,3.0373,3.0373,3.0328,3.0333,3.0423,3.0423,3.0378,3.0383,10
2026-05-14 09:18:00,3.0328,3.0328,3.0328,3.0328,3.0378,3.0378,3.0378,3.0378,1
2026-05-14 09:19:00,3.0323,3.0328,3.0323,3.0328,3.0373,3.0378,3.0373,3.0378,4
2026-05-14 09:20:00,3.0323,3.0353,3.0323,3.0348,3.0373,3.0403,3.0373,3.0398,7
2026-05-14 09:21:00,3.0353,3.0373,3.0353,3.0373,3.0403,3.0423,3.0403,3.0423,5
2026-05-14 09:22:00,3.0368,3.0373,3.0353,3.0353,3.0418,3.0423,3.0403,3.0403,4
2026-05-14 09:23:00,3.0358,3.0373,3.0358,3.0373,3.0408,3.0423,3.0408,3.0423,3
2026-05-14 09:24:00,3.0368,3.0368,3.0363,3.0368,3.0418,3.0418,3.0413,3.0418,3
2026-05-14 09:25:00,3.0363,3.0378,3.0363,3.0373,3.0413,3.0428,3.0413,3.0423,4
2026-05-14 09:26:00,3.0378,3.0393,3.0378,3.0388,3.0428,3.0443,3.0428,3.0438,5
2026-05-14 09:28:00,3.0393,3.0393,3.0373,3.0378,3.0443,3.0443,3.0423,3.0428,5
2026-05-14 09:29:00,3.0373,3.0373,3.0368,3.0373,3.0423,3.0423,3.0418,3.0423,5
2026-05-14 09:30:00,3.0363,3.0363,3.0353,3.0353,3.0413,3.0413,3.0403,3.0403,8
2026-05-14 09:32:00,3.0348,3.0353,3.0348,3.0353,3.0398,3.0403,3.0398,3.0403,2
2026-05-14 09:33:00,3.0343,3.0353,3.0343,3.0353,3.0393,3.0403,3.0393,3.0403,4
2026-05-14 09:34:00,3.0348,3.0348,3.0343,3.0348,3.0398,3.0398,3.0393,3.0398,3
2026-05-14 09:35:00,3.0343,3.0353,3.0343,3.0353,3.0393,3.0403,3.0393,3.0403,2
2026-05-14 09:36:00,3.0348,3.0348,3.0338,3.0343,3.0398,3.0398,3.0388,3.0393,4
2026-05-14 09:37:00,3.0338,3.0338,3.0293,3.0313,3.0388,3.0388,3.0343,3.0363,13
2026-05-14 09:38:00,3.0318,3.0323,3.0303,3.0303,3.0368,3.0373,3.0353,3.0353,5
2026-05-14 09:39:00,3.0313,3.0313,3.0313,3.0313,3.0363,3.0363,3.0363,3.0363,1
2026-05-14 09:40:00,3.0308,3.0308,3.0303,3.0303,3.0358,3.0358,3.0353,3.0353,2
2026-05-14 09:41:00,3.0308,3.0318,3.0303,3.0318,3.0358,3.0368,3.0353,3.0368,8
2026-05-14 09:42:00,3.0323,3.0333,3.0323,3.0333,3.0373,3.0383,3.0373,3.0383,2
2026-05-14 09:43:00,3.0328,3.0338,3.0323,3.0338,3.0378,3.0388,3.0373,3.0388,5
2026-05-14 09:44:00,3.0343,3.0343,3.0323,3.0328,3.0393,3.0393,3.0373,3.0378,4
2026-05-14 09:45:00,3.0323,3.0323,3.0323,3.0323,3.0373,3.0373,3.0373,3.0373,1
2026-05-14 09:46:00,3.0328,3.0333,3.0323,3.0323,3.0378,3.0383,3.0373,3.0373,5
2026-05-14 09:47:00,3.0328,3.0333,3.0323,3.0333,3.0378,3.0383,3.0373,3.0383,6
2026-05-14 09:48:00,3.0328,3.0333,3.0323,3.0328,3.0378,3.0383,3.0373,3.0378,5
2026-05-14 09:49:00,3.0323,3.0323,3.0313,3.0323,3.0373,3.0373,3.0363,3.0373,4
2026-05-14 09:50:00,3.0328,3.0338,3.0328,3.0338,3.0378,3.0388,3.0378,3.0388,3
2026-05-14 09:51:00,3.0343,3.0353,3.0328,3.0333,3.0393,3.0403,3.0378,3.0383,7
2026-05-14 09:52:00,3.0328,3.0333,3.0313,3.0323,3.0378,3.0383,3.0363,3.0373,7
2026-05-14 09:53:00,3.0333,3.0333,3.0333,3.0333,3.0383,3.0383,3.0383,3.0383,1
2026-05-14 09:54:00,3.0338,3.0368,3.0333,3.0363,3.0388,3.0418,3.0383,3.0413,11
2026-05-14 09:55:00,3.0373,3.0378,3.0343,3.0343,3.0423,3.0428,3.0393,3.0393,7
2026-05-14 09:56:00,3.0353,3.0363,3.0348,3.0353,3.0403,3.0413,3.0398,3.0403,5
2026-05-14 09:57:00,3.0363,3.0368,3.0353,3.0368,3.0413,3.0418,3.0403,3.0418,8
2026-05-14 09:58:00,3.0373,3.0383,3.0363,3.0383,3.0423,3.0433,3.0413,3.0433,11
2026-05-14 09:59:00,3.0378,3.0383,3.0373,3.0383,3.0428,3.0433,3.0423,3.0433,7
2026-05-14 10:00:00,3.0378,3.0383,3.0373,3.0383,3.0428,3.0433,3.0423,3.0433,4
2026-05-14 10:01:00,3.0373,3.0383,3.0363,3.0373,3.0423,3.0433,3.0413,3.0423,6
2026-05-14 10:02:00,3.0368,3.0368,3.0363,3.0363,3.0418,3.0418,3.0413,3.0413,2
2026-05-14 10:03:00,3.0373,3.0388,3.0373,3.0378,3.0423,3.0438,3.0423,3.0428,4
2026-05-14 10:04:00,3.0383,3.0383,3.0373,3.0378,3.0433,3.0433,3.0423,3.0428,7
2026-05-14 10:05:00,3.0373,3.0383,3.0363,3.0373,3.0423,3.0433,3.0413,3.0423,11
2026-05-14 10:06:00,3.0363,3.0368,3.0363,3.0363,3.0413,3.0418,3.0413,3.0413,3
2026-05-14 10:07:00,3.0353,3.0353,3.0323,3.0343,3.0403,3.0403,3.0373,3.0393,10
2026-05-14 10:08:00,3.0353,3.0353,3.0343,3.0343,3.0403,3.0403,3.0393,3.0393,3
2026-05-14 10:09:00,3.0348,3.0363,3.0343,3.0363,3.0398,3.0413,3.0393,3.0413,6
2026-05-14 10:10:00,3.0353,3.0363,3.0338,3.0348,3.0403,3.0413,3.0388,3.0398,18
2026-05-14 10:11:00,3.0353,3.0353,3.0348,3.0348,3.0403,3.0403,3.0398,3.0398,2
2026-05-14 10:12:00,3.0343,3.0343,3.0333,3.0333,3.0393,3.0393,3.0383,3.0383,3
2026-05-14 10:13:00,3.0323,3.0323,3.0303,3.0303,3.0373,3.0373,3.0353,3.0353,8
2026-05-14 10:15:00,3.0298,3.0298,3.0263,3.0263,3.0348,3.0348,3.0313,3.0313,20
2026-05-14 10:16:00,3.0268,3.0283,3.0268,3.0273,3.0318,3.0333,3.0318,3.0323,8
2026-05-14 10:17:00,3.0283,3.0313,3.0278,3.0303,3.0333,3.0363,3.0328,3.0353,6
2026-05-14 10:18:00,3.0308,3.0313,3.0303,3.0308,3.0358,3.0363,3.0353,3.0358,9
2026-05-14 10:19:00,3.0313,3.0313,3.0313,3.0313,3.0363,3.0363,3.0363,3.0363,1
2026-05-14 10:20:00,3.0318,3.0323,3.0278,3.0293,3.0368,3.0373,3.0328,3.0343,13
2026-05-14 10:21:00,3.0303,3.0313,3.0303,3.0308,3.0353,3.0363,3.0353,3.0358,8
2026-05-14 10:22:00,3.0303,3.0323,3.0303,3.0323,3.0353,3.0373,3.0353,3.0373,8
2026-05-14 10:23:00,3.0318,3.0318,3.0303,3.0303,3.0368,3.0368,3.0353,3.0353,3
2026-05-14 10:24:00,3.0298,3.0313,3.0298,3.0308,3.0348,3.0363,3.0348,3.0358,7
2026-05-14 10:25:00,3.0303,3.0313,3.0293,3.0293,3.0353,3.0363,3.0343,3.0343,7
2026-05-14 10:26:00,3.0288,3.0288,3.0263,3.0273,3.0338,3.0338,3.0313,3.0323,4
2026-05-14 10:27:00,3.0263,3.0293,3.0263,3.0293,3.0313,3.0343,3.0313,3.0343,8
2026-05-14 10:28:00,3.0283,3.0288,3.0273,3.0283,3.0333,3.0338,3.0323,3.0333,8
2026-05-14 10:29:00,3.0288,3.0288,3.0253,3.0268,3.0338,3.0338,3.0303,3.0318,19
2026-05-14 10:30:00,3.0263,3.0273,3.0233,3.0243,3.0313,3.0323,3.0283,3.0293,26
2026-05-14 10:31:00,3.0248,3.0253,3.0233,3.0243,3.0298,3.0303,3.0283,3.0293,9
2026-05-14 10:32:00,3.0233,3.0243,3.0218,3.0223,3.0283,3.0293,3.0268,3.0273,14
2026-05-14 10:33:00,3.0228,3.0228,3.0213,3.0223,3.0278,3.0278,3.0263,3.0273,7
2026-05-14 10:34:00,3.0233,3.0233,3.0223,3.0233,3.0283,3.0283,3.0273,3.0283,4
2026-05-14 10:35:00,3.0228,3.0243,3.0198,3.0198,3.0278,3.0293,3.0248,3.0248,14
2026-05-14 10:36:00,3.0193,3.0193,3.0153,3.0163,3.0243,3.0243,3.0203,3.0213,11
2026-05-14 10:37:00,3.0168,3.0203,3.0168,3.0198,3.0218,3.0253,3.0218,3.0248,12
2026-05-14 10:38:00,3.0188,3.0208,3.0183,3.0183,3.0238,3.0258,3.0233,3.0233,8
2026-05-14 10:39:00,3.0188,3.0203,3.0188,3.0193,3.0238,3.0253,3.0238,3.0243,4
2026-05-14 10:40:00,3.0198,3.0203,3.0198,3.0203,3.0248,3.0253,3.0248,3.0253,2
2026-05-14 10:41:00,3.0193,3.0223,3.0193,3.0213,3.0243,3.0273,3.0243,3.0263,14
2026-05-14 10:42:00,3.0223,3.0223,3.0213,3.0218,3.0273,3.0273,3.0263,3.0268,9
2026-05-14 10:43:00,3.0213,3.0213,3.0193,3.0203,3.0263,3.0263,3.0243,3.0253,8
2026-05-14 10:44:00,3.0198,3.0203,3.0198,3.0203,3.0248,3.0253,3.0248,3.0253,2
2026-05-14 10:45:00,3.0193,3.0193,3.0178,3.0193,3.0243,3.0243,3.0228,3.0243,5
2026-05-14 10:46:00,3.0203,3.0213,3.0203,3.0208,3.0253,3.0263,3.0253,3.0258,8
2026-05-14 10:47:00,3.0213,3.0233,3.0213,3.0218,3.0263,3.0283,3.0263,3.0268,5
2026-05-14 10:48:00,3.0223,3.0223,3.0203,3.0203,3.0273,3.0273,3.0253,3.0253,6
2026-05-14 10:49:00,3.0213,3.0213,3.0208,3.0208,3.0263,3.0263,3.0258,3.0258,4
2026-05-14 10:50:00,3.0213,3.0213,3.0183,3.0183,3.0263,3.0263,3.0233,3.0233,5
2026-05-14 10:51:00,3.0178,3.0178,3.0168,3.0168,3.0228,3.0228,3.0218,3.0218,2
2026-05-14 10:52:00,3.0173,3.0183,3.0163,3.0183,3.0223,3.0233,3.0213,3.0233,7
2026-05-14 10:53:00,3.0188,3.0213,3.0188,3.0208,3.0238,3.0263,3.0238,3.0258,7
2026-05-14 10:54:00,3.0213,3.0223,3.0203,3.0213,3.0263,3.0273,3.0253,3.0263,12
2026-05-14 10:55:00,3.0218,3.0223,3.0213,3.0213,3.0268,3.0273,3.0263,3.0263,16
2026-05-14 10:56:00,3.0203,3.0213,3.0203,3.0203,3.0253,3.0263,3.0253,3.0253,7
2026-05-14 10:57:00,3.0208,3.0213,3.0173,3.0173,3.0258,3.0263,3.0223,3.0223,6
2026-05-14 10:58:00,3.0178,3.0193,3.0173,3.0183,3.0228,3.0243,3.0223,3.0233,8
2026-05-14 10:59:00,3.0178,3.0193,3.0173,3.0183,3.0228,3.0243,3.0223,3.0233,12
2026-05-14 11:00:00,3.0173,3.0173,3.0133,3.0153,3.0223,3.0223,3.0183,3.0203,9
2026-05-14 11:01:00,3.0163,3.0178,3.0153,3.0178,3.0213,3.0228,3.0203,3.0228,5
2026-05-14 11:02:00,3.0173,3.0178,3.0163,3.0163,3.0223,3.0228,3.0213,3.0213,8
2026-05-14 11:03:00,3.0173,3.0173,3.0158,3.0158,3.0223,3.0223,3.0208,3.0208,22
2026-05-14 11:04:00,3.0163,3.0163,3.0163,3.0163,3.0213,3.0213,3.0213,3.0213,1
2026-05-14 11:05:00,3.0153,3.0163,3.0153,3.0163,3.0203,3.0213,3.0203,3.0213,5
2026-05-14 11:06:00,3.0178,3.0183,3.0173,3.0178,3.0228,3.0233,3.0223,3.0228,5
2026-05-14 11:07:00,3.0183,3.0183,3.0173,3.0183,3.0233,3.0233,3.0223,3.0233,5
2026-05-14 11:08:00,3.0178,3.0183,3.0173,3.0173,3.0228,3.0233,3.0223,3.0223,5
2026-05-14 11:09:00,3.0163,3.0193,3.0163,3.0193,3.0213,3.0243,3.0213,3.0243,5
2026-05-14 11:10:00,3.0183,3.0238,3.0183,3.0223,3.0233,3.0288,3.0233,3.0273,33
2026-05-14 11:11:00,3.0213,3.0218,3.0213,3.0213,3.0263,3.0268,3.0263,3.0263,5
2026-05-14 11:12:00,3.0218,3.0233,3.0218,3.0223,3.0268,3.0283,3.0268,3.0273,4
2026-05-14 11:13:00,3.0228,3.0253,3.0228,3.0253,3.0278,3.0303,3.0278,3.0303,4
2026-05-14 11:14:00,3.0258,3.0258,3.0233,3.0238,3.0308,3.0308,3.0283,3.0288,8
2026-05-14 11:15:00,3.0233,3.0233,3.0233,3.0233,3.0283,3.0283,3.0283,3.0283,1
2026-05-14 11:16:00,3.0243,3.0278,3.0243,3.0278,3.0293,3.0328,3.0293,3.0328,6
2026-05-14 11:17:00,3.0273,3.0283,3.0273,3.0278,3.0323,3.0333,3.0323,3.0328,3
2026-05-14 11:18:00,3.0273,3.0273,3.0273,3.0273,3.0323,3.0323,3.0323,3.0323,1
2026-05-14 11:19:00,3.0268,3.0268,3.0263,3.0263,3.0318,3.0318,3.0313,3.0313,2
2026-05-14 11:20:00,3.0273,3.0273,3.0263,3.0268,3.0323,3.0323,3.0313,3.0318,5
2026-05-14 11:22:00,3.0263,3.0263,3.0258,3.0263,3.0313,3.0313,3.0308,3.0313,5
2026-05-14 11:24:00,3.0253,3.0253,3.0253,3.0253,3.0303,3.0303,3.0303,3.0303,1
2026-05-14 11:25:00,3.0268,3.0273,3.0243,3.0243,3.0318,3.0323,3.0293,3.0293,6
2026-05-14 11:26:00,3.0233,3.0233,3.0233,3.0233,3.0283,3.0283,3.0283,3.0283,1
2026-05-14 11:27:00,3.0223,3.0228,3.0223,3.0223,3.0273,3.0278,3.0273,3.0273,3
2026-05-14 11:28:00,3.0213,3.0213,3.0213,3.0213,3.0263,3.0263,3.0263,3.0263,1
2026-05-14 11:29:00,3.0218,3.0223,3.0218,3.0223,3.0268,3.0273,3.0268,3.0273,2
2026-05-14 11:30:00,3.0228,3.0263,3.0223,3.0238,3.0278,3.0313,3.0273,3.0288,12
2026-05-14 11:31:00,3.0243,3.0263,3.0243,3.0263,3.0293,3.0313,3.0293,3.0313,5
2026-05-14 11:33:00,3.0258,3.0263,3.0248,3.0253,3.0308,3.0313,3.0298,3.0303,5
2026-05-14 11:34:00,3.0248,3.0253,3.0243,3.0243,3.0298,3.0303,3.0293,3.0293,5
2026-05-14 11:36:00,3.0248,3.0253,3.0233,3.0233,3.0298,3.0303,3.0283,3.0283,5
2026-05-14 11:37:00,3.0228,3.0228,3.0213,3.0213,3.0278,3.0278,3.0263,3.0263,4
2026-05-14 11:38:00,3.0218,3.0273,3.0218,3.0263,3.0268,3.0323,3.0268,3.0313,12
2026-05-14 11:39:00,3.0268,3.0268,3.0258,3.0258,3.0318,3.0318,3.0308,3.0308,3
2026-05-14 11:40:00,3.0253,3.0253,3.0248,3.0248,3.0303,3.0303,3.0298,3.0298,2
2026-05-14 11:41:00,3.0253,3.0253,3.0233,3.0243,3.0303,3.0303,3.0283,3.0293,5
2026-05-14 11:42:00,3.0253,3.0253,3.0233,3.0233,3.0303,3.0303,3.0283,3.0283,3
2026-05-14 11:43:00,3.0253,3.0283,3.0253,3.0273,3.0303,3.0333,3.0303,3.0323,11
2026-05-14 11:44:00,3.0263,3.0273,3.0258,3.0263,3.0313,3.0323,3.0308,3.0313,5
2026-05-14 11:45:00,3.0258,3.0258,3.0223,3.0233,3.0308,3.0308,3.0273,3.0283,12
2026-05-14 11:46:00,3.0243,3.0243,3.0233,3.0233,3.0293,3.0293,3.0283,3.0283,6
2026-05-14 11:47:00,3.0243,3.0243,3.0223,3.0233,3.0293,3.0293,3.0273,3.0283,5
2026-05-14 11:48:00,3.0228,3.0233,3.0213,3.0223,3.0278,3.0283,3.0263,3.0273,6
2026-05-14 11:49:00,3.0213,3.0223,3.0183,3.0183,3.0263,3.0273,3.0233,3.0233,14
2026-05-14 11:50:00,3.0188,3.0193,3.0183,3.0183,3.0238,3.0243,3.0233,3.0233,3
2026-05-14 11:51:00,3.0188,3.0193,3.0183,3.0183,3.0238,3.0243,3.0233,3.0233,6
2026-05-14 11:52:00,3.0193,3.0193,3.0183,3.0183,3.0243,3.0243,3.0233,3.0233,3
2026-05-14 11:53:00,3.0173,3.0173,3.0163,3.0163,3.0223,3.0223,3.0213,3.0213,7
2026-05-14 11:54:00,3.0173,3.0183,3.0168,3.0168,3.0223,3.0233,3.0218,3.0218,10
2026-05-14 11:55:00,3.0173,3.0173,3.0173,3.0173,3.0223,3.0223,3.0223,3.0223,1
2026-05-14 11:56:00,3.0178,3.0193,3.0178,3.0193,3.0228,3.0243,3.0228,3.0243,4
2026-05-14 11:57:00,3.0183,3.0183,3.0183,3.0183,3.0233,3.0233,3.0233,3.0233,1
2026-05-14 11:58:00,3.0188,3.0193,3.0188,3.0193,3.0238,3.0243,3.0238,3.0243,2
2026-05-14 11:59:00,3.0188,3.0203,3.0188,3.0198,3.0238,3.0253,3.0238,3.0248,5
2026-05-14 12:00:00,3.0208,3.0208,3.0173,3.0183,3.0258,3.0258,3.0223,3.0233,9
2026-05-14 12:01:00,3.0173,3.0173,3.0153,3.0168,3.0223,3.0223,3.0203,3.0218,6
2026-05-14 12:02:00,3.0173,3.0173,3.0163,3.0173,3.0223,3.0223,3.0213,3.0223,4
2026-05-14 12:03:00,3.0178,3.0183,3.0173,3.0173,3.0228,3.0233,3.0223,3.0223,3
2026-05-14 12:05:00,3.0183,3.0183,3.0173,3.0178,3.0233,3.0233,3.0223,3.0228,3
2026-05-14 12:06:00,3.0183,3.0193,3.0183,3.0193,3.0233,3.0243,3.0233,3.0243,2
2026-05-14 12:07:00,3.0183,3.0183,3.0168,3.0183,3.0233,3.0233,3.0218,3.0233,8
2026-05-14 12:09:00,3.0178,3.0178,3.0178,3.0178,3.0228,3.0228,3.0228,3.0228,1
2026-05-14 12:10:00,3.0173,3.0173,3.0143,3.0143,3.0223,3.0223,3.0193,3.0193,7
2026-05-14 12:11:00,3.0148,3.0153,3.0093,3.0093,3.0198,3.0203,3.0143,3.0143,30
2026-05-14 12:12:00,3.0088,3.0108,3.0083,3.0103,3.0138,3.0158,3.0133,3.0153,21
2026-05-14 12:13:00,3.0108,3.0128,3.0088,3.0093,3.0158,3.0178,3.0138,3.0143,17
2026-05-14 12:14:00,3.0098,3.0098,3.0073,3.0083,3.0148,3.0148,3.0123,3.0133,11
2026-05-14 12:15:00,3.0078,3.0083,3.0068,3.0083,3.0128,3.0133,3.0118,3.0133,10
2026-05-14 12:16:00,3.0078,3.0083,3.0078,3.0083,3.0128,3.0133,3.0128,3.0133,2
2026-05-14 12:17:00,3.0073,3.0083,3.0063,3.0083,3.0123,3.0133,3.0113,3.0133,9
2026-05-14 12:18:00,3.0078,3.0083,3.0073,3.0073,3.0128,3.0133,3.0123,3.0123,7
2026-05-14 12:19:00,3.0068,3.0073,3.0068,3.0073,3.0118,3.0123,3.0118,3.0123,2
2026-05-14 12:20:00,3.0083,3.0083,3.0073,3.0083,3.0133,3.0133,3.0123,3.0133,5
2026-05-14 12:21:00,3.0073,3.0083,3.0073,3.0073,3.0123,3.0133,3.0123,3.0123,6
2026-05-14 12:22:00,3.0068,3.0068,3.0013,3.0023,3.0118,3.0118,3.0063,3.0073,24
2026-05-14 12:23:00,3.0013,3.0043,3.0013,3.0043,3.0063,3.0093,3.0063,3.0093,7
2026-05-14 12:24:00,3.0033,3.0048,3.0033,3.0048,3.0083,3.0098,3.0083,3.0098,5
2026-05-14 12:25:00,3.0053,3.0053,3.0033,3.0033,3.0103,3.0103,3.0083,3.0083,8
2026-05-14 12:26:00,3.0038,3.0043,3.0033,3.0043,3.0088,3.0093,3.0083,3.0093,7
2026-05-14 12:27:00,3.0038,3.0038,3.0023,3.0033,3.0088,3.0088,3.0073,3.0083,4
2026-05-14 12:28:00,3.0038,3.0043,2.9983,2.9988,3.0088,3.0093,3.0033,3.0038,22
2026-05-14 12:29:00,2.9983,2.9993,2.9898,2.9928,3.0033,3.0043,2.9948,2.9978,38
2026-05-14 12:30:00,2.9918,2.9923,2.9858,2.9893,2.9968,2.9973,2.9908,2.9943,49
2026-05-14 12:31:00,2.9888,2.9893,2.9853,2.9858,2.9938,2.9943,2.9903,2.9908,16
2026-05-14 12:32:00,2.9863,2.9893,2.9853,2.9873,2.9913,2.9943,2.9903,2.9923,21
2026-05-14 12:33:00,2.9868,2.9873,2.9823,2.9833,2.9918,2.9923,2.9873,2.9883,16
2026-05-14 12:34:00,2.9828,2.9863,2.9823,2.9863,2.9878,2.9913,2.9873,2.9913,16
2026-05-14 12:35:00,2.9853,2.9913,2.9853,2.9908,2.9903,2.9963,2.9903,2.9958,22
2026-05-14 12:36:00,2.9913,2.9943,2.9908,2.9923,2.9963,2.9993,2.9958,2.9973,16
2026-05-14 12:37:00,2.9918,2.9938,2.9918,2.9933,2.9968,2.9988,2.9968,2.9983,9
2026-05-14 12:38:00,2.9938,2.9953,2.9938,2.9953,2.9988,3.0003,2.9988,3.0003,6
2026-05-14 12:39:00,2.9948,2.9958,2.9933,2.9938,2.9998,3.0008,2.9983,2.9988,14
2026-05-14 12:40:00,2.9943,2.9953,2.9933,2.9953,2.9993,3.0003,2.9983,3.0003,11
2026-05-14 12:41:00,2.9963,2.9983,2.9953,2.9958,3.0013,3.0033,3.0003,3.0008,18
2026-05-14 12:42:00,2.9953,2.9963,2.9938,2.9943,3.0003,3.0013,2.9988,2.9993,18
2026-05-14 12:43:00,2.9948,2.9973,2.9943,2.9963,2.9998,3.0023,2.9993,3.0013,11
2026-05-14 12:44:00,2.9958,2.9963,2.9953,2.9963,3.0008,3.0013,3.0003,3.0013,5
2026-05-14 12:45:00,2.9958,2.9973,2.9953,2.9973,3.0008,3.0023,3.0003,3.0023,10
2026-05-14 12:46:00,2.9983,3.0023,2.9973,3.0003,3.0033,3.0073,3.0023,3.0053,15
2026-05-14 12:47:00,3.0013,3.0043,3.0013,3.0043,3.0063,3.0093,3.0063,3.0093,17
2026-05-14 12:48:00,3.0033,3.0053,2.9998,3.0003,3.0083,3.0103,3.0048,3.0053,16
2026-05-14 12:49:00,2.9993,3.0003,2.9968,2.9983,3.0043,3.0053,3.0018,3.0033,13
2026-05-14 12:50:00,2.9978,2.9983,2.9973,2.9983,3.0028,3.0033,3.0023,3.0033,10
2026-05-14 12:51:00,2.9978,2.9998,2.9973,2.9973,3.0028,3.0048,3.0023,3.0023,15
2026-05-14 12:52:00,2.9963,2.9983,2.9963,2.9983,3.0013,3.0033,3.0013,3.0033,10
2026-05-14 12:53:00,2.9978,2.9978,2.9963,2.9968,3.0028,3.0028,3.0013,3.0018,13
2026-05-14 12:54:00,2.9963,2.9973,2.9938,2.9943,3.0013,3.0023,2.9988,2.9993,31
2026-05-14 12:55:00,2.9938,2.9973,2.9938,2.9973,2.9988,3.0023,2.9988,3.0023,6
2026-05-14 12:56:00,2.9968,2.9983,2.9953,2.9983,3.0018,3.0033,3.0003,3.0033,14
2026-05-14 12:57:00,2.9978,2.9983,2.9958,2.9973,3.0028,3.0033,3.0008,3.0023,9
2026-05-14 12:58:00,2.9968,2.9973,2.9958,2.9963,3.0018,3.0023,3.0008,3.0013,5
2026-05-14 12:59:00,2.9958,2.9968,2.9953,2.9953,3.0008,3.0018,3.0003,3.0003,11
2026-05-14 13:00:00,2.9958,2.9973,2.9933,2.9953,3.0008,3.0023,2.9983,3.0003,18
2026-05-14 13:01:00,2.9948,2.9953,2.9943,2.9943,2.9998,3.0003,2.9993,2.9993,9
2026-05-14 13:02:00,2.9938,2.9943,2.9933,2.9943,2.9988,2.9993,2.9983,2.9993,4
2026-05-14 13:03:00,2.9948,2.9963,2.9948,2.9958,2.9998,3.0013,2.9998,3.0008,7
2026-05-14 13:04:00,2.9953,2.9963,2.9948,2.9953,3.0003,3.0013,2.9998,3.0003,6
2026-05-14 13:05:00,2.9963,2.9968,2.9963,2.9963,3.0013,3.0018,3.0013,3.0013,3
2026-05-14 13:06:00,2.9973,2.9983,2.9973,2.9973,3.0023,3.0033,3.0023,3.0023,14
2026-05-14 13:07:00,2.9978,3.0003,2.9978,3.0003,3.0028,3.0053,3.0028,3.0053,5
2026-05-14 13:08:00,3.0008,3.0013,2.9978,2.9983,3.0058,3.0063,3.0028,3.0033,14
2026-05-14 13:09:00,2.9988,3.0013,2.9973,2.9983,3.0038,3.0063,3.0023,3.0033,20
2026-05-14 13:10:00,2.9993,2.9993,2.9953,2.9963,3.0043,3.0043,3.0003,3.0013,17
2026-05-14 13:11:00,2.9953,2.9953,2.9953,2.9953,3.0003,3.0003,3.0003,3.0003,1
2026-05-14 13:12:00,2.9948,2.9963,2.9943,2.9958,2.9998,3.0013,2.9993,3.0008,13
2026-05-14 13:13:00,2.9963,2.9973,2.9953,2.9973,3.0013,3.0023,3.0003,3.0023,7
2026-05-14 13:14:00,2.9983,2.9993,2.9983,2.9983,3.0033,3.0043,3.0033,3.0033,6
2026-05-14 13:15:00,2.9978,2.9988,2.9973,2.9983,3.0028,3.0038,3.0023,3.0033,4
2026-05-14 13:16:00,2.9973,3.0013,2.9973,3.0003,3.0023,3.0063,3.0023,3.0053,18
2026-05-14 13:17:00,3.0008,3.0033,3.0003,3.0023,3.0058,3.0083,3.0053,3.0073,16
2026-05-14 13:18:00,3.0043,3.0053,3.0013,3.0023,3.0093,3.0103,3.0063,3.0073,18
2026-05-14 13:19:00,3.0028,3.0033,3.0013,3.0013,3.0078,3.0083,3.0063,3.0063,8
2026-05-14 13:20:00,3.0008,3.0028,3.0003,3.0013,3.0058,3.0078,3.0053,3.0063,27
2026-05-14 13:21:00,3.0003,3.0013,2.9973,2.9983,3.0053,3.0063,3.0023,3.0033,31
2026-05-14 13:22:00,2.9973,2.9973,2.9913,2.9923,3.0023,3.0023,2.9963,2.9973,19
2026-05-14 13:23:00,2.9928,2.9928,2.9913,2.9913,2.9978,2.9978,2.9963,2.9963,9
2026-05-14 13:24:00,2.9923,2.9953,2.9923,2.9943,2.9973,3.0003,2.9973,2.9993,21
2026-05-14 13:25:00,2.9948,2.9953,2.9933,2.9933,2.9998,3.0003,2.9983,2.9983,17
2026-05-14 13:26:00,2.9943,2.9953,2.9933,2.9943,2.9993,3.0003,2.9983,2.9993,14
2026-05-14 13:27:00,2.9938,2.9963,2.9933,2.9948,2.9988,3.0013,2.9983,2.9998,16
2026-05-14 13:28:00,2.9953,2.9953,2.9933,2.9938,3.0003,3.0003,2.9983,2.9988,14
2026-05-14 13:29:00,2.9933,2.9938,2.9923,2.9938,2.9983,2.9988,2.9973,2.9988,19
2026-05-14 13:30:00,2.9933,2.9948,2.9868,2.9878,2.9983,2.9998,2.9918,2.9928,27
2026-05-14 13:31:00,2.9883,2.9913,2.9883,2.9908,2.9933,2.9963,2.9933,2.9958,21
2026-05-14 13:32:00,2.9913,2.9933,2.9883,2.9903,2.9963,2.9983,2.9933,2.9953,37
2026-05-14 13:33:00,2.9898,2.9923,2.9893,2.9923,2.9948,2.9973,2.9943,2.9973,17
2026-05-14 13:34:00,2.9928,2.9953,2.9913,2.9913,2.9978,3.0003,2.9963,2.9963,18
2026-05-14 13:35:00,2.9918,2.9943,2.9918,2.9923,2.9968,2.9993,2.9968,2.9973,11
2026-05-14 13:36:00,2.9913,2.9938,2.9913,2.9933,2.9963,2.9988,2.9963,2.9983,7
2026-05-14 13:37:00,2.9943,2.9948,2.9908,2.9908,2.9993,2.9998,2.9958,2.9958,17
2026-05-14 13:38:00,2.9913,2.9943,2.9908,2.9943,2.9963,2.9993,2.9958,2.9993,11
2026-05-14 13:39:00,2.9938,2.9963,2.9933,2.9953,2.9988,3.0013,2.9983,3.0003,16
2026-05-14 13:40:00,2.9948,2.9958,2.9913,2.9928,2.9998,3.0008,2.9963,2.9978,21
2026-05-14 13:41:00,2.9923,2.9933,2.9903,2.9913,2.9973,2.9983,2.9953,2.9963,29
2026-05-14 13:42:00,2.9923,2.9983,2.9923,2.9983,2.9973,3.0033,2.9973,3.0033,14
2026-05-14 13:43:00,2.9968,2.9968,2.9928,2.9948,3.0018,3.0018,2.9978,2.9998,37
2026-05-14 13:44:00,2.9943,2.9983,2.9923,2.9973,2.9993,3.0033,2.9973,3.0023,34
2026-05-14 13:45:00,2.9968,3.0043,2.9968,3.0033,3.0018,3.0093,3.0018,3.0083,19
2026-05-14 13:46:00,3.0023,3.0083,2.9998,3.0008,3.0073,3.0133,3.0048,3.0058,46
2026-05-14 13:47:00,3.0013,3.0063,3.0013,3.0053,3.0063,3.0113,3.0063,3.0103,18
2026-05-14 13:48:00,3.0043,3.0043,2.9993,2.9993,3.0093,3.0093,3.0043,3.0043,16
2026-05-14 13:49:00,3.0003,3.0003,2.9983,2.9983,3.0053,3.0053,3.0033,3.0033,4
2026-05-14 13:50:00,2.9988,3.0013,2.9988,2.9993,3.0038,3.0063,3.0038,3.0043,22
2026-05-14 13:51:00,2.9988,3.0013,2.9983,3.0003,3.0038,3.0063,3.0033,3.0053,15
2026-05-14 13:52:00,2.9993,3.0023,2.9993,3.0013,3.0043,3.0073,3.0043,3.0063,16
2026-05-14 13:53:00,3.0018,3.0023,2.9993,2.9993,3.0068,3.0073,3.0043,3.0043,8
2026-05-14 13:54:00,2.9988,2.9988,2.9963,2.9973,3.0038,3.0038,3.0013,3.0023,14
2026-05-14 13:55:00,2.9978,3.0003,2.9973,2.9973,3.0028,3.0053,3.0023,3.0023,29
2026-05-14 13:56:00,2.9968,2.9973,2.9963,2.9973,3.0018,3.0023,3.0013,3.0023,10
2026-05-14 13:57:00,2.9978,2.9993,2.9943,2.9973,3.0028,3.0043,2.9993,3.0023,29
2026-05-14 13:58:00,2.9963,2.9973,2.9933,2.9933,3.0013,3.0023,2.9983,2.9983,25
2026-05-14 13:59:00,2.9923,2.9923,2.9763,2.9783,2.9973,2.9973,2.9813,2.9833,80
2026-05-14 14:00:00,2.9793,2.9853,2.9743,2.9853,2.9843,2.9903,2.9793,2.9903,70
2026-05-14 14:01:00,2.9848,2.9853,2.9793,2.9803,2.9898,2.9903,2.9843,2.9853,45
2026-05-14 14:02:00,2.9808,2.9833,2.9793,2.9818,2.9858,2.9883,2.9843,2.9868,45
2026-05-14 14:03:00,2.9823,2.9873,2.9813,2.9833,2.9873,2.9923,2.9863,2.9883,22
2026-05-14 14:04:00,2.9823,2.9833,2.9808,2.9833,2.9873,2.9883,2.9858,2.9883,25
2026-05-14 14:05:00,2.9828,2.9853,2.9803,2.9808,2.9878,2.9903,2.9853,2.9858,35
2026-05-14 14:06:00,2.9813,2.9833,2.9798,2.9828,2.9863,2.9883,2.9848,2.9878,34
2026-05-14 14:07:00,2.9838,2.9843,2.9793,2.9793,2.9888,2.9893,2.9843,2.9843,16
2026-05-14 14:08:00,2.9788,2.9853,2.9773,2.9853,2.9838,2.9903,2.9823,2.9903,31
2026-05-14 14:09:00,2.9843,2.9853,2.9838,2.9838,2.9893,2.9903,2.9888,2.9888,10
2026-05-14 14:10:00,2.9843,2.9883,2.9698,2.9733,2.9893,2.9933,2.9748,2.9783,102
2026-05-14 14:11:00,2.9728,2.9748,2.9663,2.9693,2.9778,2.9798,2.9713,2.9743,75
2026-05-14 14:12:00,2.9703,2.9763,2.9703,2.9748,2.9753,2.9813,2.9753,2.9798,26
2026-05-14 14:13:00,2.9753,2.9793,2.9748,2.9773,2.9803,2.9843,2.9798,2.9823,31
2026-05-14 14:14:00,2.9783,2.9913,2.9783,2.9883,2.9833,2.9963,2.9833,2.9933,59
2026-05-14 14:15:00,2.9888,2.9888,2.9828,2.9883,2.9938,2.9938,2.9878,2.9933,39
2026-05-14 14:16:00,2.9878,2.9998,2.9853,2.9938,2.9928,3.0048,2.9903,2.9988,82
2026-05-14 14:17:00,2.9933,2.9993,2.9933,2.9973,2.9983,3.0043,2.9983,3.0023,45
2026-05-14 14:18:00,2.9978,2.9993,2.9933,2.9958,3.0028,3.0043,2.9983,3.0008,46
2026-05-14 14:19:00,2.9953,2.9993,2.9943,2.9983,3.0003,3.0043,2.9993,3.0033,34
2026-05-14 14:20:00,2.9978,2.9983,2.9898,2.9903,3.0028,3.0033,2.9948,2.9953,42
2026-05-14 14:21:00,2.9908,2.9948,2.9868,2.9948,2.9958,2.9998,2.9918,2.9998,43
2026-05-14 14:22:00,2.9943,2.9953,2.9923,2.9948,2.9993,3.0003,2.9973,2.9998,25
2026-05-14 14:23:00,2.9943,2.9963,2.9933,2.9958,2.9993,3.0013,2.9983,3.0008,15
2026-05-14 14:24:00,2.9953,2.9978,2.9953,2.9973,3.0003,3.0028,3.0003,3.0023,21
2026-05-14 14:25:00,2.9968,3.0003,2.9953,2.9953,3.0018,3.0053,3.0003,3.0003,30
2026-05-14 14:26:00,2.9948,2.9953,2.9913,2.9923,2.9998,3.0003,2.9963,2.9973,32
2026-05-14 14:27:00,2.9918,2.9918,2.9893,2.9913,2.9968,2.9968,2.9943,2.9963,12
2026-05-14 14:28:00,2.9923,2.9933,2.9913,2.9923,2.9973,2.9983,2.9963,2.9973,14
2026-05-14 14:29:00,2.9928,2.9973,2.9928,2.9933,2.9978,3.0023,2.9978,2.9983,42
2026-05-14 14:30:00,2.9928,2.9928,2.9908,2.9923,2.9978,2.9978,2.9958,2.9973,12
2026-05-14 14:31:00,2.9913,2.9923,2.9893,2.9908,2.9963,2.9973,2.9943,2.9958,17
2026-05-14 14:32:00,2.9913,2.9923,2.9863,2.9873,2.9963,2.9973,2.9913,2.9923,19
2026-05-14 14:33:00,2.9878,2.9903,2.9878,2.9888,2.9928,2.9953,2.9928,2.9938,26
2026-05-14 14:34:00,2.9893,2.9913,2.9863,2.9873,2.9943,2.9963,2.9913,2.9923,29
2026-05-14 14:35:00,2.9868,2.9878,2.9863,2.9878,2.9918,2.9928,2.9913,2.9928,10
2026-05-14 14:36:00,2.9873,2.9883,2.9863,2.9883,2.9923,2.9933,2.9913,2.9933,18
2026-05-14 14:37:00,2.9888,2.9903,2.9878,2.9893,2.9938,2.9953,2.9928,2.9943,20
2026-05-14 14:38:00,2.9888,2.9903,2.9888,2.9893,2.9938,2.9953,2.9938,2.9943,24
2026-05-14 14:39:00,2.9898,2.9903,2.9883,2.9903,2.9948,2.9953,2.9933,2.9953,12
2026-05-14 14:40:00,2.9893,2.9893,2.9873,2.9873,2.9943,2.9943,2.9923,2.9923,13
2026-05-14 14:41:00,2.9883,2.9883,2.9833,2.9843,2.9933,2.9933,2.9883,2.9893,18
2026-05-14 14:42:00,2.9853,2.9863,2.9853,2.9863,2.9903,2.9913,2.9903,2.9913,3
2026-05-14 14:43:00,2.9873,2.9883,2.9863,2.9873,2.9923,2.9933,2.9913,2.9923,17
2026-05-14 14:44:00,2.9878,2.9903,2.9873,2.9883,2.9928,2.9953,2.9923,2.9933,22
2026-05-14 14:45:00,2.9878,2.9878,2.9783,2.9783,2.9928,2.9928,2.9833,2.9833,49
2026-05-14 14:46:00,2.9778,2.9793,2.9743,2.9763,2.9828,2.9843,2.9793,2.9813,25
2026-05-14 14:47:00,2.9768,2.9833,2.9768,2.9833,2.9818,2.9883,2.9818,2.9883,14
2026-05-14 14:48:00,2.9823,2.9833,2.9768,2.9823,2.9873,2.9883,2.9818,2.9873,45
2026-05-14 14:49:00,2.9818,2.9823,2.9813,2.9823,2.9868,2.9873,2.9863,2.9873,9
2026-05-14 14:50:00,2.9833,2.9833,2.9773,2.9773,2.9883,2.9883,2.9823,2.9823,17
2026-05-14 14:51:00,2.9778,2.9793,2.9778,2.9783,2.9828,2.9843,2.9828,2.9833,26
2026-05-14 14:52:00,2.9778,2.9813,2.9773,2.9813,2.9828,2.9863,2.9823,2.9863,27
2026-05-14 14:53:00,2.9803,2.9803,2.9753,2.9778,2.9853,2.9853,2.9803,2.9828,36
2026-05-14 14:54:00,2.9773,2.9783,2.9763,2.9773,2.9823,2.9833,2.9813,2.9823,18
2026-05-14 14:55:00,2.9783,2.9793,2.9773,2.9793,2.9833,2.9843,2.9823,2.9843,19
2026-05-14 14:56:00,2.9803,2.9818,2.9768,2.9783,2.9853,2.9868,2.9818,2.9833,15
2026-05-14 14:57:00,2.9778,2.9793,2.9773,2.9773,2.9828,2.9843,2.9823,2.9823,13
2026-05-14 14:58:00,2.9768,2.9773,2.9753,2.9773,2.9818,2.9823,2.9803,2.9823,26
2026-05-14 14:59:00,2.9768,2.9773,2.9703,2.9718,2.9818,2.9823,2.9753,2.9768,56
2026-05-14 15:00:00,2.9703,2.9773,2.9693,2.9728,2.9753,2.9823,2.9743,2.9778,81
2026-05-14 15:01:00,2.9718,2.9723,2.9683,2.9698,2.9768,2.9773,2.9733,2.9748,49
2026-05-14 15:02:00,2.9703,2.9723,2.9693,2.9713,2.9753,2.9773,2.9743,2.9763,39
2026-05-14 15:03:00,2.9708,2.9713,2.9673,2.9683,2.9758,2.9763,2.9723,2.9733,18
2026-05-14 15:04:00,2.9678,2.9683,2.9643,2.9663,2.9728,2.9733,2.9693,2.9713,21
2026-05-14 15:05:00,2.9658,2.9733,2.9643,2.9733,2.9708,2.9783,2.9693,2.9783,41
2026-05-14 15:06:00,2.9723,2.9728,2.9673,2.9673,2.9773,2.9778,2.9723,2.9723,28
2026-05-14 15:07:00,2.9683,2.9693,2.9678,2.9683,2.9733,2.9743,2.9728,2.9733,26
2026-05-14 15:08:00,2.9678,2.9698,2.9663,2.9698,2.9728,2.9748,2.9713,2.9748,14
2026-05-14 15:09:00,2.9708,2.9723,2.9703,2.9723,2.9758,2.9773,2.9753,2.9773,15
2026-05-14 15:10:00,2.9713,2.9723,2.9683,2.9713,2.9763,2.9773,2.9733,2.9763,26
2026-05-14 15:11:00,2.9708,2.9718,2.9693,2.9713,2.9758,2.9768,2.9743,2.9763,59
2026-05-14 15:12:00,2.9718,2.9733,2.9703,2.9713,2.9768,2.9783,2.9753,2.9763,19
2026-05-14 15:13:00,2.9708,2.9813,2.9703,2.9783,2.9758,2.9863,2.9753,2.9833,56
2026-05-14 15:14:00,2.9778,2.9783,2.9728,2.9753,2.9828,2.9833,2.9778,2.9803,29
2026-05-14 15:15:00,2.9748,2.9753,2.9733,2.9738,2.9798,2.9803,2.9783,2.9788,21
2026-05-14 15:16:00,2.9733,2.9733,2.9688,2.9693,2.9783,2.9783,2.9738,2.9743,14
2026-05-14 15:17:00,2.9688,2.9693,2.9673,2.9673,2.9738,2.9743,2.9723,2.9723,15
2026-05-14 15:18:00,2.9683,2.9688,2.9668,2.9673,2.9733,2.9738,2.9718,2.9723,18
2026-05-14 15:19:00,2.9663,2.9693,2.9663,2.9678,2.9713,2.9743,2.9713,2.9728,13
2026-05-14 15:20:00,2.9683,2.9683,2.9663,2.9683,2.9733,2.9733,2.9713,2.9733,20
2026-05-14 15:21:00,2.9678,2.9703,2.9673,2.9693,2.9728,2.9753,2.9723,2.9743,26
2026-05-14 15:22:00,2.9698,2.9723,2.9693,2.9723,2.9748,2.9773,2.9743,2.9773,27
2026-05-14 15:23:00,2.9718,2.9718,2.9673,2.9683,2.9768,2.9768,2.9723,2.9733,21
2026-05-14 15:24:00,2.9678,2.9713,2.9663,2.9673,2.9728,2.9763,2.9713,2.9723,25
2026-05-14 15:25:00,2.9663,2.9718,2.9663,2.9713,2.9713,2.9768,2.9713,2.9763,19
2026-05-14 15:26:00,2.9708,2.9708,2.9508,2.9513,2.9758,2.9758,2.9558,2.9563,55
2026-05-14 15:27:00,2.9518,2.9543,2.9493,2.9513,2.9568,2.9593,2.9543,2.9563,57
2026-05-14 15:28:00,2.9523,2.9563,2.9518,2.9563,2.9573,2.9613,2.9568,2.9613,21
2026-05-14 15:29:00,2.9573,2.9613,2.9558,2.9613,2.9623,2.9663,2.9608,2.9663,34
2026-05-14 15:30:00,2.9608,2.9608,2.9553,2.9568,2.9658,2.9658,2.9603,2.9618,59
2026-05-14 15:31:00,2.9573,2.9583,2.9543,2.9578,2.9623,2.9633,2.9593,2.9628,32
2026-05-14 15:32:00,2.9583,2.9623,2.9583,2.9613,2.9633,2.9673,2.9633,2.9663,25
2026-05-14 15:33:00,2.9608,2.9613,2.9583,2.9598,2.9658,2.9663,2.9633,2.9648,26
2026-05-14 15:34:00,2.9603,2.9623,2.9583,2.9588,2.9653,2.9673,2.9633,2.9638,27
2026-05-14 15:35:00,2.9583,2.9623,2.9583,2.9623,2.9633,2.9673,2.9633,2.9673,44
2026-05-14 15:36:00,2.9628,2.9633,2.9603,2.9613,2.9678,2.9683,2.9653,2.9663,23
2026-05-14 15:37:00,2.9603,2.9613,2.9593,2.9603,2.9653,2.9663,2.9643,2.9653,15
2026-05-14 15:38:00,2.9598,2.9623,2.9588,2.9623,2.9648,2.9673,2.9638,2.9673,13
2026-05-14 15:39:00,2.9618,2.9633,2.9563,2.9583,2.9668,2.9683,2.9613,2.9633,35
2026-05-14 15:40:00,2.9578,2.9593,2.9563,2.9583,2.9628,2.9643,2.9613,2.9633,30
2026-05-14 15:41:00,2.9593,2.9613,2.9573,2.9588,2.9643,2.9663,2.9623,2.9638,28
2026-05-14 15:42:00,2.9583,2.9633,2.9573,2.9623,2.9633,2.9683,2.9623,2.9673,31
2026-05-14 15:43:00,2.9613,2.9623,2.9513,2.9553,2.9663,2.9673,2.9563,2.9603,43
2026-05-14 15:44:00,2.9548,2.9623,2.9543,2.9593,2.9598,2.9673,2.9593,2.9643,48
2026-05-14 15:45:00,2.9598,2.9628,2.9588,2.9603,2.9648,2.9678,2.9638,2.9653,18
2026-05-14 15:46:00,2.9613,2.9613,2.9563,2.9563,2.9663,2.9663,2.9613,2.9613,13
2026-05-14 15:47:00,2.9558,2.9563,2.9533,2.9543,2.9608,2.9613,2.9583,2.9593,17
2026-05-14 15:48:00,2.9538,2.9553,2.9523,2.9543,2.9588,2.9603,2.9573,2.9593,30
2026-05-14 15:49:00,2.9538,2.9543,2.9483,2.9503,2.9588,2.9593,2.9533,2.9553,39
2026-05-14 15:50:00,2.9493,2.9513,2.9453,2.9488,2.9543,2.9563,2.9503,2.9538,34
2026-05-14 15:51:00,2.9493,2.9543,2.9483,2.9533,2.9543,2.9593,2.9533,2.9583,38
2026-05-14 15:52:00,2.9543,2.9543,2.9513,2.9523,2.9593,2.9593,2.9563,2.9573,20
2026-05-14 15:53:00,2.9518,2.9543,2.9508,2.9543,2.9568,2.9593,2.9558,2.9593,11
2026-05-14 15:54:00,2.9533,2.9533,2.9523,2.9533,2.9583,2.9583,2.9573,2.9583,3
2026-05-14 15:55:00,2.9523,2.9553,2.9523,2.9553,2.9573,2.9603,2.9573,2.9603,37
2026-05-14 15:56:00,2.9548,2.9563,2.9533,2.9553,2.9598,2.9613,2.9583,2.9603,18
2026-05-14 15:57:00,2.9543,2.9593,2.9543,2.9553,2.9593,2.9643,2.9593,2.9603,38
2026-05-14 15:58:00,2.9548,2.9568,2.9513,2.9513,2.9598,2.9618,2.9563,2.9563,26
2026-05-14 15:59:00,2.9503,2.9533,2.9503,2.9533,2.9553,2.9583,2.9553,2.9583,30
2026-05-14 16:00:00,2.9528,2.9528,2.9483,2.9503,2.9578,2.9578,2.9533,2.9553,39
2026-05-14 16:01:00,2.9508,2.9523,2.9503,2.9523,2.9558,2.9573,2.9553,2.9573,17
2026-05-14 16:02:00,2.9518,2.9523,2.9503,2.9503,2.9568,2.9573,2.9553,2.9553,24
2026-05-14 16:03:00,2.9508,2.9523,2.9493,2.9503,2.9558,2.9573,2.9543,2.9553,9
2026-05-14 16:04:00,2.9498,2.9503,2.9493,2.9503,2.9548,2.9553,2.9543,2.9553,8
2026-05-14 16:05:00,2.9513,2.9513,2.9503,2.9503,2.9563,2.9563,2.9553,2.9553,2
2026-05-14 16:06:00,2.9498,2.9513,2.9493,2.9513,2.9548,2.9563,2.9543,2.9563,20
2026-05-14 16:07:00,2.9523,2.9553,2.9523,2.9533,2.9573,2.9603,2.9573,2.9583,15
2026-05-14 16:08:00,2.9528,2.9558,2.9528,2.9558,2.9578,2.9608,2.9578,2.9608,24
2026-05-14 16:09:00,2.9553,2.9563,2.9543,2.9553,2.9603,2.9613,2.9593,2.9603,16
2026-05-14 16:10:00,2.9558,2.9563,2.9543,2.9553,2.9608,2.9613,2.9593,2.9603,14
2026-05-14 16:11:00,2.9563,2.9563,2.9553,2.9563,2.9613,2.9613,2.9603,2.9613,8
2026-05-14 16:12:00,2.9553,2.9593,2.9553,2.9593,2.9603,2.9643,2.9603,2.9643,20
2026-05-14 16:13:00,2.9588,2.9593,2.9573,2.9583,2.9638,2.9643,2.9623,2.9633,16
2026-05-14 16:14:00,2.9573,2.9583,2.9563,2.9583,2.9623,2.9633,2.9613,2.9633,19
2026-05-14 16:15:00,2.9578,2.9583,2.9568,2.9583,2.9628,2.9633,2.9618,2.9633,8
2026-05-14 16:16:00,2.9573,2.9593,2.9563,2.9583,2.9623,2.9643,2.9613,2.9633,23
2026-05-14 16:17:00,2.9588,2.9623,2.9583,2.9603,2.9638,2.9673,2.9633,2.9653,15
2026-05-14 16:18:00,2.9598,2.9598,2.9543,2.9563,2.9648,2.9648,2.9593,2.9613,15
2026-05-14 16:19:00,2.9568,2.9568,2.9543,2.9553,2.9618,2.9618,2.9593,2.9603,6
2026-05-14 16:20:00,2.9563,2.9573,2.9543,2.9573,2.9613,2.9623,2.9593,2.9623,15
2026-05-14 16:21:00,2.9563,2.9563,2.9538,2.9543,2.9613,2.9613,2.9588,2.9593,10
2026-05-14 16:22:00,2.9538,2.9553,2.9513,2.9553,2.9588,2.9603,2.9563,2.9603,38
2026-05-14 16:23:00,2.9548,2.9603,2.9538,2.9603,2.9598,2.9653,2.9588,2.9653,39
2026-05-14 16:24:00,2.9593,2.9613,2.9583,2.9583,2.9643,2.9663,2.9633,2.9633,21
2026-05-14 16:25:00,2.9588,2.9593,2.9573,2.9593,2.9638,2.9643,2.9623,2.9643,17
2026-05-14 16:26:00,2.9588,2.9603,2.9573,2.9603,2.9638,2.9653,2.9623,2.9653,20
2026-05-14 16:27:00,2.9613,2.9613,2.9593,2.9603,2.9663,2.9663,2.9643,2.9653,16
2026-05-14 16:28:00,2.9598,2.9663,2.9593,2.9663,2.9648,2.9713,2.9643,2.9713,66
2026-05-14 16:29:00,2.9673,2.9673,2.9558,2.9563,2.9723,2.9723,2.9608,2.9613,93
2026-05-14 16:30:00,2.9698,2.9953,2.9623,2.9753,2.9748,3.0003,2.9673,2.9803,291
2026-05-14 16:31:00,2.9748,2.9843,2.9743,2.9823,2.9798,2.9893,2.9793,2.9873,96
2026-05-14 16:32:00,2.9813,2.9843,2.9798,2.9813,2.9863,2.9893,2.9848,2.9863,66
2026-05-14 16:33:00,2.9808,2.9813,2.9733,2.9758,2.9858,2.9863,2.9783,2.9808,63
2026-05-14 16:34:00,2.9763,2.9783,2.9753,2.9783,2.9813,2.9833,2.9803,2.9833,28
2026-05-14 16:35:00,2.9773,2.9933,2.9773,2.9858,2.9823,2.9983,2.9823,2.9908,110
2026-05-14 16:36:00,2.9848,2.9873,2.9823,2.9873,2.9898,2.9923,2.9873,2.9923,45
2026-05-14 16:37:00,2.9883,2.9893,2.9863,2.9883,2.9933,2.9943,2.9913,2.9933,21
2026-05-14 16:38:00,2.9878,2.9903,2.9878,2.9883,2.9928,2.9953,2.9928,2.9933,15
2026-05-14 16:39:00,2.9888,2.9893,2.9873,2.9883,2.9938,2.9943,2.9923,2.9933,15
2026-05-14 16:40:00,2.9878,2.9963,2.9873,2.9953,2.9928,3.0013,2.9923,3.0003,37
2026-05-14 16:41:00,2.9963,3.0023,2.9953,3.0003,3.0013,3.0073,3.0003,3.0053,83
2026-05-14 16:42:00,2.9993,3.0013,2.9943,3.0013,3.0043,3.0063,2.9993,3.0063,59
2026-05-14 16:43:00,3.0018,3.0053,3.0018,3.0043,3.0068,3.0103,3.0068,3.0093,35
2026-05-14 16:44:00,3.0038,3.0073,3.0038,3.0053,3.0088,3.0123,3.0088,3.0103,36
2026-05-14 16:45:00,3.0048,3.0048,2.9993,3.0013,3.0098,3.0098,3.0043,3.0063,72
2026-05-14 16:46:00,3.0023,3.0038,3.0003,3.0028,3.0073,3.0088,3.0053,3.0078,64
2026-05-14 16:47:00,3.0033,3.0103,3.0008,3.0083,3.0083,3.0153,3.0058,3.0133,89
2026-05-14 16:48:00,3.0073,3.0083,3.0043,3.0073,3.0123,3.0133,3.0093,3.0123,79
2026-05-14 16:49:00,3.0063,3.0078,3.0018,3.0038,3.0113,3.0128,3.0068,3.0088,51
2026-05-14 16:50:00,3.0043,3.0078,3.0023,3.0038,3.0093,3.0128,3.0073,3.0088,51
2026-05-14 16:51:00,3.0048,3.0123,3.0043,3.0113,3.0098,3.0173,3.0093,3.0163,45
2026-05-14 16:52:00,3.0118,3.0123,3.0073,3.0093,3.0168,3.0173,3.0123,3.0143,27
2026-05-14 16:53:00,3.0083,3.0093,3.0073,3.0093,3.0133,3.0143,3.0123,3.0143,14
2026-05-14 16:54:00,3.0103,3.0113,3.0083,3.0103,3.0153,3.0163,3.0133,3.0153,14
2026-05-14 16:55:00,3.0108,3.0113,3.0063,3.0073,3.0158,3.0163,3.0113,3.0123,17
2026-05-14 16:56:00,3.0083,3.0083,3.0043,3.0048,3.0133,3.0133,3.0093,3.0098,17
2026-05-14 16:57:00,3.0053,3.0053,3.0033,3.0033,3.0103,3.0103,3.0083,3.0083,23
2026-05-14 16:58:00,3.0018,3.0033,2.9963,2.9983,3.0068,3.0083,3.0013,3.0033,55
2026-05-14 16:59:00,2.9993,3.0073,2.9988,3.0068,3.0043,3.0123,3.0038,3.0118,23
2026-05-14 17:00:00,3.0063,3.0073,3.0023,3.0043,3.0113,3.0123,3.0073,3.0093,43
2026-05-14 17:01:00,3.0038,3.0083,3.0023,3.0073,3.0088,3.0133,3.0073,3.0123,27
2026-05-14 17:02:00,3.0083,3.0083,3.0063,3.0063,3.0133,3.0133,3.0113,3.0113,10
2026-05-14 17:03:00,3.0053,3.0093,3.0038,3.0093,3.0103,3.0143,3.0088,3.0143,21
2026-05-14 17:04:00,3.0103,3.0183,3.0103,3.0173,3.0153,3.0233,3.0153,3.0223,53
2026-05-14 17:05:00,3.0183,3.0213,3.0143,3.0143,3.0233,3.0263,3.0193,3.0193,39
2026-05-14 17:06:00,3.0133,3.0153,3.0133,3.0143,3.0183,3.0203,3.0183,3.0193,10
2026-05-14 17:07:00,3.0148,3.0193,3.0143,3.0193,3.0198,3.0243,3.0193,3.0243,15
2026-05-14 17:08:00,3.0203,3.0203,3.0163,3.0163,3.0253,3.0253,3.0213,3.0213,20
2026-05-14 17:09:00,3.0168,3.0183,3.0163,3.0173,3.0218,3.0233,3.0213,3.0223,12
2026-05-14 17:10:00,3.0163,3.0223,3.0158,3.0223,3.0213,3.0273,3.0208,3.0273,34
2026-05-14 17:11:00,3.0228,3.0258,3.0193,3.0193,3.0278,3.0308,3.0243,3.0243,35
2026-05-14 17:12:00,3.0198,3.0233,3.0193,3.0233,3.0248,3.0283,3.0243,3.0283,23
2026-05-14 17:13:00,3.0243,3.0243,3.0203,3.0203,3.0293,3.0293,3.0253,3.0253,29
2026-05-14 17:14:00,3.0213,3.0223,3.0203,3.0223,3.0263,3.0273,3.0253,3.0273,26
2026-05-14 17:15:00,3.0233,3.0273,3.0233,3.0253,3.0283,3.0323,3.0283,3.0303,27
2026-05-14 17:16:00,3.0258,3.0293,3.0243,3.0253,3.0308,3.0343,3.0293,3.0303,52
2026-05-14 17:17:00,3.0258,3.0263,3.0228,3.0228,3.0308,3.0313,3.0278,3.0278,16
2026-05-14 17:18:00,3.0233,3.0248,3.0223,3.0228,3.0283,3.0298,3.0273,3.0278,21
2026-05-14 17:19:00,3.0233,3.0233,3.0213,3.0223,3.0283,3.0283,3.0263,3.0273,14
2026-05-14 17:20:00,3.0213,3.0233,3.0198,3.0233,3.0263,3.0283,3.0248,3.0283,17
2026-05-14 17:21:00,3.0243,3.0258,3.0238,3.0258,3.0293,3.0308,3.0288,3.0308,13
2026-05-14 17:22:00,3.0263,3.0273,3.0253,3.0263,3.0313,3.0323,3.0303,3.0313,8
2026-05-14 17:23:00,3.0253,3.0263,3.0243,3.0253,3.0303,3.0313,3.0293,3.0303,17
2026-05-14 17:24:00,3.0263,3.0273,3.0253,3.0263,3.0313,3.0323,3.0303,3.0313,16
2026-05-14 17:25:00,3.0268,3.0323,3.0263,3.0298,3.0318,3.0373,3.0313,3.0348,52
2026-05-14 17:26:00,3.0293,3.0313,3.0273,3.0283,3.0343,3.0363,3.0323,3.0333,18
2026-05-14 17:27:00,3.0288,3.0293,3.0243,3.0273,3.0338,3.0343,3.0293,3.0323,23
2026-05-14 17:28:00,3.0283,3.0313,3.0273,3.0303,3.0333,3.0363,3.0323,3.0353,15
2026-05-14 17:29:00,3.0298,3.0303,3.0263,3.0273,3.0348,3.0353,3.0313,3.0323,35
2026-05-14 17:30:00,3.0283,3.0358,3.0283,3.0358,3.0333,3.0408,3.0333,3.0408,27
2026-05-14 17:31:00,3.0363,3.0423,3.0363,3.0403,3.0413,3.0473,3.0413,3.0453,46
2026-05-14 17:32:00,3.0408,3.0433,3.0363,3.0378,3.0458,3.0483,3.0413,3.0428,37
2026-05-14 17:33:00,3.0373,3.0418,3.0373,3.0418,3.0423,3.0468,3.0423,3.0468,18
2026-05-14 17:34:00,3.0413,3.0423,3.0388,3.0393,3.0463,3.0473,3.0438,3.0443,10
2026-05-14 17:35:00,3.0383,3.0403,3.0363,3.0393,3.0433,3.0453,3.0413,3.0443,28
2026-05-14 17:36:00,3.0398,3.0403,3.0373,3.0383,3.0448,3.0453,3.0423,3.0433,20
2026-05-14 17:37:00,3.0373,3.0408,3.0373,3.0373,3.0423,3.0458,3.0423,3.0423,38
2026-05-14 17:38:00,3.0378,3.0383,3.0358,3.0363,3.0428,3.0433,3.0408,3.0413,32
2026-05-14 17:39:00,3.0373,3.0378,3.0353,3.0353,3.0423,3.0428,3.0403,3.0403,18
2026-05-14 17:40:00,3.0358,3.0393,3.0353,3.0378,3.0408,3.0443,3.0403,3.0428,28
2026-05-14 17:41:00,3.0373,3.0383,3.0333,3.0353,3.0423,3.0433,3.0383,3.0403,34
2026-05-14 17:42:00,3.0358,3.0358,3.0333,3.0353,3.0408,3.0408,3.0383,3.0403,28
2026-05-14 17:43:00,3.0358,3.0373,3.0353,3.0358,3.0408,3.0423,3.0403,3.0408,10
2026-05-14 17:44:00,3.0363,3.0373,3.0358,3.0358,3.0413,3.0423,3.0408,3.0408,9
2026-05-14 17:45:00,3.0353,3.0353,3.0333,3.0343,3.0403,3.0403,3.0383,3.0393,12
2026-05-14 17:46:00,3.0348,3.0353,3.0323,3.0333,3.0398,3.0403,3.0373,3.0383,15
2026-05-14 17:47:00,3.0328,3.0353,3.0323,3.0343,3.0378,3.0403,3.0373,3.0393,13
2026-05-14 17:48:00,3.0353,3.0353,3.0343,3.0343,3.0403,3.0403,3.0393,3.0393,12
2026-05-14 17:49:00,3.0348,3.0378,3.0348,3.0363,3.0398,3.0428,3.0398,3.0413,18
2026-05-14 17:50:00,3.0368,3.0408,3.0363,3.0373,3.0418,3.0458,3.0413,3.0423,25
2026-05-14 17:51:00,3.0363,3.0373,3.0358,3.0358,3.0413,3.0423,3.0408,3.0408,25
2026-05-14 17:52:00,3.0348,3.0363,3.0343,3.0353,3.0398,3.0413,3.0393,3.0403,10
2026-05-14 17:53:00,3.0358,3.0373,3.0353,3.0373,3.0408,3.0423,3.0403,3.0423,11
2026-05-14 17:54:00,3.0383,3.0383,3.0353,3.0353,3.0433,3.0433,3.0403,3.0403,17
2026-05-14 17:55:00,3.0348,3.0353,3.0343,3.0353,3.0398,3.0403,3.0393,3.0403,13
2026-05-14 17:56:00,3.0343,3.0343,3.0283,3.0283,3.0393,3.0393,3.0333,3.0333,29
2026-05-14 17:57:00,3.0288,3.0323,3.0263,3.0318,3.0338,3.0373,3.0313,3.0368,39
2026-05-14 17:58:00,3.0323,3.0363,3.0323,3.0343,3.0373,3.0413,3.0373,3.0393,30
2026-05-14 17:59:00,3.0348,3.0403,3.0343,3.0393,3.0398,3.0453,3.0393,3.0443,32
2026-05-14 18:00:00,3.0398,3.0403,3.0363,3.0373,3.0448,3.0453,3.0413,3.0423,18
2026-05-14 18:01:00,3.0368,3.0373,3.0363,3.0373,3.0418,3.0423,3.0413,3.0423,17
2026-05-14 18:02:00,3.0378,3.0383,3.0368,3.0383,3.0428,3.0433,3.0418,3.0433,11
2026-05-14 18:03:00,3.0373,3.0373,3.0333,3.0338,3.0423,3.0423,3.0383,3.0388,18
2026-05-14 18:04:00,3.0348,3.0353,3.0343,3.0343,3.0398,3.0403,3.0393,3.0393,18
2026-05-14 18:05:00,3.0338,3.0363,3.0328,3.0363,3.0388,3.0413,3.0378,3.0413,13
2026-05-14 18:06:00,3.0368,3.0373,3.0333,3.0343,3.0418,3.0423,3.0383,3.0393,11
2026-05-14 18:07:00,3.0348,3.0363,3.0348,3.0353,3.0398,3.0413,3.0398,3.0403,5
2026-05-14 18:08:00,3.0358,3.0358,3.0353,3.0353,3.0408,3.0408,3.0403,3.0403,4
2026-05-14 18:09:00,3.0358,3.0358,3.0333,3.0343,3.0408,3.0408,3.0383,3.0393,15
2026-05-14 18:10:00,3.0338,3.0343,3.0323,3.0333,3.0388,3.0393,3.0373,3.0383,12
2026-05-14 18:11:00,3.0328,3.0333,3.0283,3.0293,3.0378,3.0383,3.0333,3.0343,26
2026-05-14 18:12:00,3.0298,3.0323,3.0293,3.0303,3.0348,3.0373,3.0343,3.0353,20
2026-05-14 18:13:00,3.0308,3.0318,3.0303,3.0313,3.0358,3.0368,3.0353,3.0363,7
2026-05-14 18:14:00,3.0318,3.0323,3.0313,3.0323,3.0368,3.0373,3.0363,3.0373,13
2026-05-14 18:15:00,3.0318,3.0323,3.0313,3.0313,3.0368,3.0373,3.0363,3.0363,16
2026-05-14 18:16:00,3.0303,3.0313,3.0293,3.0293,3.0353,3.0363,3.0343,3.0343,10
2026-05-14 18:17:00,3.0303,3.0323,3.0303,3.0308,3.0353,3.0373,3.0353,3.0358,10
2026-05-14 18:18:00,3.0313,3.0323,3.0303,3.0313,3.0363,3.0373,3.0353,3.0363,6
2026-05-14 18:19:00,3.0303,3.0313,3.0303,3.0313,3.0353,3.0363,3.0353,3.0363,5
2026-05-14 18:20:00,3.0318,3.0333,3.0313,3.0333,3.0368,3.0383,3.0363,3.0383,7
2026-05-14 18:21:00,3.0328,3.0328,3.0313,3.0323,3.0378,3.0378,3.0363,3.0373,10
2026-05-14 18:22:00,3.0313,3.0343,3.0313,3.0343,3.0363,3.0393,3.0363,3.0393,5
2026-05-14 18:23:00,3.0348,3.0353,3.0343,3.0343,3.0398,3.0403,3.0393,3.0393,10
2026-05-14 18:24:00,3.0348,3.0353,3.0343,3.0343,3.0398,3.0403,3.0393,3.0393,16
2026-05-14 18:25:00,3.0348,3.0353,3.0338,3.0338,3.0398,3.0403,3.0388,3.0388,9
2026-05-14 18:26:00,3.0348,3.0353,3.0313,3.0323,3.0398,3.0403,3.0363,3.0373,17
2026-05-14 18:27:00,3.0328,3.0333,3.0323,3.0328,3.0378,3.0383,3.0373,3.0378,9
2026-05-14 18:28:00,3.0333,3.0338,3.0313,3.0313,3.0383,3.0388,3.0363,3.0363,8
2026-05-14 18:29:00,3.0308,3.0353,3.0283,3.0338,3.0358,3.0403,3.0333,3.0388,32
2026-05-14 18:30:00,3.0348,3.0498,3.0343,3.0488,3.0398,3.0548,3.0393,3.0538,45
2026-05-14 18:31:00,3.0483,3.0553,3.0483,3.0523,3.0533,3.0603,3.0533,3.0573,80
2026-05-14 18:32:00,3.0528,3.0593,3.0523,3.0578,3.0578,3.0643,3.0573,3.0628,54
2026-05-14 18:33:00,3.0568,3.0643,3.0548,3.0633,3.0618,3.0693,3.0598,3.0683,47
2026-05-14 18:34:00,3.0623,3.0633,3.0593,3.0603,3.0673,3.0683,3.0643,3.0653,28
2026-05-14 18:35:00,3.0613,3.0613,3.0533,3.0533,3.0663,3.0663,3.0583,3.0583,25
2026-05-14 18:36:00,3.0548,3.0548,3.0453,3.0473,3.0598,3.0598,3.0503,3.0523,65
2026-05-14 18:37:00,3.0478,3.0513,3.0478,3.0513,3.0528,3.0563,3.0528,3.0563,26
2026-05-14 18:38:00,3.0508,3.0513,3.0463,3.0483,3.0558,3.0563,3.0513,3.0533,17
2026-05-14 18:39:00,3.0473,3.0513,3.0473,3.0483,3.0523,3.0563,3.0523,3.0533,39
2026-05-14 18:40:00,3.0478,3.0523,3.0473,3.0513,3.0528,3.0573,3.0523,3.0563,33
2026-05-14 18:41:00,3.0518,3.0523,3.0513,3.0523,3.0568,3.0573,3.0563,3.0573,11
2026-05-14 18:42:00,3.0533,3.0533,3.0503,3.0503,3.0583,3.0583,3.0553,3.0553,16
2026-05-14 18:43:00,3.0513,3.0518,3.0493,3.0513,3.0563,3.0568,3.0543,3.0563,13
2026-05-14 18:44:00,3.0503,3.0513,3.0458,3.0468,3.0553,3.0563,3.0508,3.0518,24
2026-05-14 18:45:00,3.0473,3.0473,3.0433,3.0438,3.0523,3.0523,3.0483,3.0488,30
2026-05-14 18:46:00,3.0443,3.0463,3.0443,3.0463,3.0493,3.0513,3.0493,3.0513,5
2026-05-14 18:47:00,3.0468,3.0473,3.0443,3.0443,3.0518,3.0523,3.0493,3.0493,21
2026-05-14 18:48:00,3.0453,3.0463,3.0453,3.0453,3.0503,3.0513,3.0503,3.0503,7
2026-05-14 18:49:00,3.0443,3.0443,3.0443,3.0443,3.0493,3.0493,3.0493,3.0493,1
2026-05-14 18:50:00,3.0448,3.0483,3.0443,3.0458,3.0498,3.0533,3.0493,3.0508,21
2026-05-14 18:51:00,3.0453,3.0453,3.0428,3.0443,3.0503,3.0503,3.0478,3.0493,12
2026-05-14 18:52:00,3.0453,3.0463,3.0453,3.0453,3.0503,3.0513,3.0503,3.0503,6
2026-05-14 18:53:00,3.0458,3.0483,3.0458,3.0463,3.0508,3.0533,3.0508,3.0513,13
2026-05-14 18:54:00,3.0458,3.0473,3.0453,3.0473,3.0508,3.0523,3.0503,3.0523,9
2026-05-14 18:55:00,3.0463,3.0493,3.0463,3.0493,3.0513,3.0543,3.0513,3.0543,12
2026-05-14 18:56:00,3.0503,3.0503,3.0493,3.0493,3.0553,3.0553,3.0543,3.0543,5
2026-05-14 18:57:00,3.0503,3.0533,3.0488,3.0533,3.0553,3.0583,3.0538,3.0583,25
2026-05-14 18:58:00,3.0538,3.0543,3.0518,3.0533,3.0588,3.0593,3.0568,3.0583,19
2026-05-14 18:59:00,3.0538,3.0538,3.0513,3.0513,3.0588,3.0588,3.0563,3.0563,11
2026-05-14 19:00:00,3.0503,3.0503,3.0463,3.0473,3.0553,3.0553,3.0513,3.0523,14
2026-05-14 19:01:00,3.0468,3.0473,3.0453,3.0473,3.0518,3.0523,3.0503,3.0523,7
2026-05-14 19:02:00,3.0483,3.0483,3.0473,3.0483,3.0533,3.0533,3.0523,3.0533,4
2026-05-14 19:03:00,3.0478,3.0513,3.0473,3.0503,3.0528,3.0563,3.0523,3.0553,17
2026-05-14 19:04:00,3.0508,3.0518,3.0503,3.0513,3.0558,3.0568,3.0553,3.0563,17
2026-05-14 19:05:00,3.0518,3.0518,3.0493,3.0493,3.0568,3.0568,3.0543,3.0543,7
2026-05-14 19:06:00,3.0483,3.0503,3.0483,3.0493,3.0533,3.0553,3.0533,3.0543,14
2026-05-14 19:07:00,3.0488,3.0503,3.0473,3.0473,3.0538,3.0553,3.0523,3.0523,10
2026-05-14 19:08:00,3.0478,3.0483,3.0453,3.0473,3.0528,3.0533,3.0503,3.0523,9
2026-05-14 19:09:00,3.0468,3.0483,3.0453,3.0483,3.0518,3.0533,3.0503,3.0533,11
2026-05-14 19:10:00,3.0478,3.0483,3.0443,3.0453,3.0528,3.0533,3.0493,3.0503,16
2026-05-14 19:11:00,3.0463,3.0463,3.0433,3.0433,3.0513,3.0513,3.0483,3.0483,11
2026-05-14 19:12:00,3.0428,3.0433,3.0423,3.0423,3.0478,3.0483,3.0473,3.0473,13
2026-05-14 19:13:00,3.0428,3.0433,3.0423,3.0423,3.0478,3.0483,3.0473,3.0473,4
2026-05-14 19:14:00,3.0433,3.0433,3.0413,3.0413,3.0483,3.0483,3.0463,3.0463,7
2026-05-14 19:15:00,3.0418,3.0423,3.0413,3.0423,3.0468,3.0473,3.0463,3.0473,6
2026-05-14 19:17:00,3.0428,3.0453,3.0423,3.0453,3.0478,3.0503,3.0473,3.0503,12
2026-05-14 19:18:00,3.0443,3.0443,3.0423,3.0423,3.0493,3.0493,3.0473,3.0473,3
2026-05-14 19:19:00,3.0418,3.0433,3.0418,3.0433,3.0468,3.0483,3.0468,3.0483,3
2026-05-14 19:20:00,3.0443,3.0443,3.0433,3.0443,3.0493,3.0493,3.0483,3.0493,7
2026-05-14 19:21:00,3.0453,3.0473,3.0443,3.0473,3.0503,3.0523,3.0493,3.0523,9
2026-05-14 19:22:00,3.0468,3.0523,3.0468,3.0513,3.0518,3.0573,3.0518,3.0563,15
2026-05-14 19:23:00,3.0518,3.0533,3.0513,3.0513,3.0568,3.0583,3.0563,3.0563,14
2026-05-14 19:24:00,3.0523,3.0568,3.0513,3.0553,3.0573,3.0618,3.0563,3.0603,25
2026-05-14 19:25:00,3.0563,3.0573,3.0548,3.0553,3.0613,3.0623,3.0598,3.0603,18
2026-05-14 19:26:00,3.0558,3.0563,3.0493,3.0493,3.0608,3.0613,3.0543,3.0543,24
2026-05-14 19:27:00,3.0483,3.0488,3.0473,3.0483,3.0533,3.0538,3.0523,3.0533,15
2026-05-14 19:28:00,3.0493,3.0493,3.0473,3.0483,3.0543,3.0543,3.0523,3.0533,11
2026-05-14 19:29:00,3.0473,3.0483,3.0473,3.0473,3.0523,3.0533,3.0523,3.0523,11
2026-05-14 19:30:00,3.0468,3.0483,3.0463,3.0483,3.0518,3.0533,3.0513,3.0533,13
2026-05-14 19:31:00,3.0478,3.0483,3.0473,3.0473,3.0528,3.0533,3.0523,3.0523,16
2026-05-14 19:32:00,3.0483,3.0518,3.0473,3.0518,3.0533,3.0568,3.0523,3.0568,10
2026-05-14 19:33:00,3.0513,3.0513,3.0503,3.0513,3.0563,3.0563,3.0553,3.0563,9
2026-05-14 19:34:00,3.0508,3.0533,3.0503,3.0533,3.0558,3.0583,3.0553,3.0583,11
2026-05-14 19:35:00,3.0528,3.0543,3.0513,3.0543,3.0578,3.0593,3.0563,3.0593,13
2026-05-14 19:36:00,3.0533,3.0573,3.0533,3.0568,3.0583,3.0623,3.0583,3.0618,10
2026-05-14 19:37:00,3.0563,3.0573,3.0543,3.0543,3.0613,3.0623,3.0593,3.0593,18
2026-05-14 19:38:00,3.0533,3.0543,3.0503,3.0503,3.0583,3.0593,3.0553,3.0553,19
2026-05-14 19:39:00,3.0513,3.0533,3.0513,3.0533,3.0563,3.0583,3.0563,3.0583,5
2026-05-14 19:40:00,3.0543,3.0543,3.0523,3.0533,3.0593,3.0593,3.0573,3.0583,8
2026-05-14 19:41:00,3.0523,3.0523,3.0503,3.0503,3.0573,3.0573,3.0553,3.0553,11
2026-05-14 19:42:00,3.0493,3.0493,3.0493,3.0493,3.0543,3.0543,3.0543,3.0543,1
2026-05-14 19:43:00,3.0498,3.0503,3.0498,3.0503,3.0548,3.0553,3.0548,3.0553,2
2026-05-14 19:44:00,3.0493,3.0513,3.0493,3.0503,3.0543,3.0563,3.0543,3.0553,11
2026-05-14 19:45:00,3.0493,3.0503,3.0493,3.0493,3.0543,3.0553,3.0543,3.0543,9
2026-05-14 19:46:00,3.0483,3.0483,3.0463,3.0463,3.0533,3.0533,3.0513,3.0513,15
2026-05-14 19:47:00,3.0473,3.0493,3.0473,3.0483,3.0523,3.0543,3.0523,3.0533,7
2026-05-14 19:48:00,3.0488,3.0488,3.0473,3.0483,3.0538,3.0538,3.0523,3.0533,12
2026-05-14 19:49:00,3.0488,3.0488,3.0473,3.0473,3.0538,3.0538,3.0523,3.0523,7
2026-05-14 19:50:00,3.0478,3.0478,3.0413,3.0413,3.0528,3.0528,3.0463,3.0463,34
2026-05-14 19:51:00,3.0403,3.0403,3.0383,3.0388,3.0453,3.0453,3.0433,3.0438,19
2026-05-14 19:52:00,3.0393,3.0418,3.0363,3.0368,3.0443,3.0468,3.0413,3.0418,33
2026-05-14 19:53:00,3.0363,3.0403,3.0363,3.0393,3.0413,3.0453,3.0413,3.0443,15
2026-05-14 19:54:00,3.0403,3.0413,3.0398,3.0403,3.0453,3.0463,3.0448,3.0453,12
2026-05-14 19:55:00,3.0413,3.0418,3.0403,3.0403,3.0463,3.0468,3.0453,3.0453,15
2026-05-14 19:56:00,3.0408,3.0428,3.0408,3.0423,3.0458,3.0478,3.0458,3.0473,7
2026-05-14 19:57:00,3.0418,3.0423,3.0413,3.0413,3.0468,3.0473,3.0463,3.0463,5
2026-05-14 19:58:00,3.0418,3.0423,3.0413,3.0413,3.0468,3.0473,3.0463,3.0463,10
2026-05-14 19:59:00,3.0423,3.0423,3.0403,3.0413,3.0473,3.0473,3.0453,3.0463,8
2026-05-14 20:00:00,3.0418,3.0418,3.0383,3.0388,3.0468,3.0468,3.0433,3.0438,10
2026-05-14 20:01:00,3.0383,3.0388,3.0363,3.0363,3.0433,3.0438,3.0413,3.0413,18
2026-05-14 20:02:00,3.0368,3.0393,3.0368,3.0393,3.0418,3.0443,3.0418,3.0443,17
2026-05-14 20:03:00,3.0388,3.0393,3.0373,3.0373,3.0438,3.0443,3.0423,3.0423,16
2026-05-14 20:04:00,3.0368,3.0383,3.0363,3.0363,3.0418,3.0433,3.0413,3.0413,12
2026-05-14 20:05:00,3.0368,3.0373,3.0353,3.0373,3.0418,3.0423,3.0403,3.0423,15
2026-05-14 20:06:00,3.0378,3.0383,3.0363,3.0373,3.0428,3.0433,3.0413,3.0423,5
2026-05-14 20:07:00,3.0378,3.0383,3.0333,3.0343,3.0428,3.0433,3.0383,3.0393,29
2026-05-14 20:08:00,3.0348,3.0368,3.0348,3.0368,3.0398,3.0418,3.0398,3.0418,20
2026-05-14 20:09:00,3.0373,3.0393,3.0363,3.0383,3.0423,3.0443,3.0413,3.0433,15
2026-05-14 20:10:00,3.0388,3.0393,3.0373,3.0393,3.0438,3.0443,3.0423,3.0443,19
2026-05-14 20:11:00,3.0398,3.0408,3.0383,3.0403,3.0448,3.0458,3.0433,3.0453,14
2026-05-14 20:12:00,3.0408,3.0438,3.0403,3.0433,3.0458,3.0488,3.0453,3.0483,24
2026-05-14 20:13:00,3.0423,3.0433,3.0393,3.0393,3.0473,3.0483,3.0443,3.0443,17
2026-05-14 20:14:00,3.0383,3.0398,3.0383,3.0393,3.0433,3.0448,3.0433,3.0443,4
2026-05-14 20:15:00,3.0403,3.0403,3.0383,3.0383,3.0453,3.0453,3.0433,3.0433,3
2026-05-14 20:16:00,3.0393,3.0403,3.0393,3.0403,3.0443,3.0453,3.0443,3.0453,20
2026-05-14 20:17:00,3.0393,3.0403,3.0383,3.0388,3.0443,3.0453,3.0433,3.0438,14
2026-05-14 20:18:00,3.0393,3.0403,3.0393,3.0403,3.0443,3.0453,3.0443,3.0453,2
2026-05-14 20:19:00,3.0408,3.0418,3.0393,3.0393,3.0458,3.0468,3.0443,3.0443,8
2026-05-14 20:20:00,3.0398,3.0398,3.0373,3.0373,3.0448,3.0448,3.0423,3.0423,11
2026-05-14 20:21:00,3.0368,3.0373,3.0343,3.0353,3.0418,3.0423,3.0393,3.0403,13
2026-05-14 20:22:00,3.0348,3.0358,3.0338,3.0348,3.0398,3.0408,3.0388,3.0398,16
2026-05-14 20:23:00,3.0343,3.0353,3.0333,3.0353,3.0393,3.0403,3.0383,3.0403,16
2026-05-14 20:24:00,3.0348,3.0393,3.0343,3.0393,3.0398,3.0443,3.0393,3.0443,22
2026-05-14 20:25:00,3.0398,3.0398,3.0353,3.0363,3.0448,3.0448,3.0403,3.0413,24
2026-05-14 20:26:00,3.0358,3.0383,3.0338,3.0363,3.0408,3.0433,3.0388,3.0413,40
2026-05-14 20:27:00,3.0373,3.0453,3.0373,3.0438,3.0423,3.0503,3.0423,3.0488,50
2026-05-14 20:28:00,3.0448,3.0453,3.0393,3.0418,3.0498,3.0503,3.0443,3.0468,48
2026-05-14 20:29:00,3.0408,3.0443,3.0393,3.0423,3.0458,3.0493,3.0443,3.0473,46
2026-05-14 20:30:00,3.0428,3.0483,3.0428,3.0483,3.0478,3.0533,3.0478,3.0533,37
2026-05-14 20:31:00,3.0473,3.0498,3.0453,3.0463,3.0523,3.0548,3.0503,3.0513,23
2026-05-14 20:32:00,3.0453,3.0473,3.0453,3.0473,3.0503,3.0523,3.0503,3.0523,8
2026-05-14 20:33:00,3.0468,3.0483,3.0463,3.0473,3.0518,3.0533,3.0513,3.0523,19
2026-05-14 20:34:00,3.0478,3.0503,3.0463,3.0468,3.0528,3.0553,3.0513,3.0518,27
2026-05-14 20:35:00,3.0473,3.0473,3.0463,3.0473,3.0523,3.0523,3.0513,3.0523,5
2026-05-14 20:36:00,3.0468,3.0473,3.0463,3.0473,3.0518,3.0523,3.0513,3.0523,10
2026-05-14 20:37:00,3.0478,3.0483,3.0473,3.0473,3.0528,3.0533,3.0523,3.0523,4
2026-05-14 20:38:00,3.0468,3.0473,3.0468,3.0473,3.0518,3.0523,3.0518,3.0523,4
2026-05-14 20:39:00,3.0483,3.0483,3.0483,3.0483,3.0533,3.0533,3.0533,3.0533,1
2026-05-14 20:40:00,3.0493,3.0513,3.0493,3.0503,3.0543,3.0563,3.0543,3.0553,17
2026-05-14 20:41:00,3.0498,3.0523,3.0498,3.0523,3.0548,3.0573,3.0548,3.0573,8
2026-05-14 20:42:00,3.0528,3.0533,3.0513,3.0523,3.0578,3.0583,3.0563,3.0573,9
2026-05-14 20:43:00,3.0528,3.0548,3.0523,3.0543,3.0578,3.0598,3.0573,3.0593,20
2026-05-14 20:44:00,3.0548,3.0548,3.0533,3.0543,3.0598,3.0598,3.0583,3.0593,4
2026-05-14 20:45:00,3.0548,3.0593,3.0548,3.0593,3.0598,3.0643,3.0598,3.0643,17
2026-05-14 20:46:00,3.0583,3.0628,3.0583,3.0628,3.0633,3.0678,3.0633,3.0678,28
2026-05-14 20:47:00,3.0633,3.0633,3.0618,3.0623,3.0683,3.0683,3.0668,3.0673,13
2026-05-14 20:48:00,3.0633,3.0633,3.0623,3.0633,3.0683,3.0683,3.0673,3.0683,3
2026-05-14 20:49:00,3.0628,3.0653,3.0618,3.0638,3.0678,3.0703,3.0668,3.0688,26
2026-05-14 20:50:00,3.0633,3.0643,3.0633,3.0633,3.0683,3.0693,3.0683,3.0683,14
2026-05-14 20:51:00,3.0638,3.0643,3.0613,3.0618,3.0688,3.0693,3.0663,3.0668,14
2026-05-14 20:52:00,3.0613,3.0623,3.0613,3.0613,3.0663,3.0673,3.0663,3.0663,6
2026-05-14 20:53:00,3.0603,3.0603,3.0593,3.0603,3.0653,3.0653,3.0643,3.0653,3
2026-05-14 20:54:00,3.0613,3.0613,3.0603,3.0608,3.0663,3.0663,3.0653,3.0658,3
2026-05-14 20:55:00,3.0603,3.0613,3.0603,3.0613,3.0653,3.0663,3.0653,3.0663,5
2026-05-14 20:56:00,3.0608,3.0633,3.0603,3.0623,3.0658,3.0683,3.0653,3.0673,8
2026-05-14 20:57:00,3.0618,3.0643,3.0618,3.0643,3.0668,3.0693,3.0668,3.0693,10
2026-05-14 20:58:00,3.0653,3.0673,3.0648,3.0663,3.0703,3.0723,3.0698,3.0713,18
2026-05-14 20:59:00,3.0668,3.0683,3.0653,3.0683,3.0718,3.0733,3.0703,3.0733,21
2026-05-14 21:00:00,3.0693,3.0693,3.0648,3.0648,3.0743,3.0743,3.0698,3.0698,23
2026-05-14 21:01:00,3.0653,3.0653,3.0623,3.0633,3.0703,3.0703,3.0673,3.0683,10
2026-05-14 21:03:00,3.0643,3.0643,3.0623,3.0623,3.0693,3.0693,3.0673,3.0673,5
2026-05-14 21:04:00,3.0628,3.0643,3.0628,3.0643,3.0678,3.0693,3.0678,3.0693,4
2026-05-14 21:05:00,3.0638,3.0643,3.0633,3.0643,3.0688,3.0693,3.0683,3.0693,3
2026-05-14 21:07:00,3.0633,3.0633,3.0623,3.0623,3.0683,3.0683,3.0673,3.0673,6
2026-05-14 21:08:00,3.0628,3.0628,3.0623,3.0623,3.0678,3.0678,3.0673,3.0673,2
2026-05-14 21:09:00,3.0633,3.0633,3.0623,3.0628,3.0683,3.0683,3.0673,3.0678,7
2026-05-14 21:10:00,3.0633,3.0633,3.0623,3.0633,3.0683,3.0683,3.0673,3.0683,4
2026-05-14 21:11:00,3.0643,3.0643,3.0623,3.0623,3.0693,3.0693,3.0673,3.0673,10
2026-05-14 21:12:00,3.0628,3.0633,3.0623,3.0623,3.0678,3.0683,3.0673,3.0673,4
2026-05-14 21:13:00,3.0613,3.0613,3.0593,3.0603,3.0663,3.0663,3.0643,3.0653,4
2026-05-14 21:14:00,3.0593,3.0593,3.0583,3.0583,3.0643,3.0643,3.0633,3.0633,5
2026-05-14 21:15:00,3.0593,3.0593,3.0583,3.0583,3.0643,3.0643,3.0633,3.0633,6
2026-05-14 21:16:00,3.0593,3.0593,3.0563,3.0563,3.0643,3.0643,3.0613,3.0613,8
2026-05-14 21:17:00,3.0558,3.0573,3.0553,3.0573,3.0608,3.0623,3.0603,3.0623,18
2026-05-14 21:18:00,3.0563,3.0578,3.0563,3.0573,3.0613,3.0628,3.0613,3.0623,4
2026-05-14 21:20:00,3.0583,3.0583,3.0548,3.0563,3.0633,3.0633,3.0598,3.0613,7
2026-05-14 21:21:00,3.0558,3.0563,3.0553,3.0563,3.0608,3.0613,3.0603,3.0613,6
2026-05-14 21:22:00,3.0553,3.0558,3.0543,3.0548,3.0603,3.0608,3.0593,3.0598,8
2026-05-14 21:23:00,3.0543,3.0548,3.0543,3.0543,3.0593,3.0598,3.0593,3.0593,3
2026-05-14 21:24:00,3.0553,3.0553,3.0553,3.0553,3.0603,3.0603,3.0603,3.0603,1
2026-05-14 21:25:00,3.0543,3.0553,3.0543,3.0543,3.0593,3.0603,3.0593,3.0593,3
2026-05-14 21:27:00,3.0533,3.0553,3.0533,3.0553,3.0583,3.0603,3.0583,3.0603,3
2026-05-14 21:28:00,3.0563,3.0563,3.0543,3.0548,3.0613,3.0613,3.0593,3.0598,11
2026-05-14 21:29:00,3.0543,3.0543,3.0543,3.0543,3.0593,3.0593,3.0593,3.0593,1
2026-05-14 21:30:00,3.0548,3.0563,3.0538,3.0543,3.0598,3.0613,3.0588,3.0593,9
2026-05-14 21:31:00,3.0533,3.0543,3.0533,3.0543,3.0583,3.0593,3.0583,3.0593,8
2026-05-14 21:32:00,3.0553,3.0553,3.0548,3.0548,3.0603,3.0603,3.0598,3.0598,2
2026-05-14 21:33:00,3.0543,3.0543,3.0543,3.0543,3.0593,3.0593,3.0593,3.0593,1
2026-05-14 21:34:00,3.0548,3.0563,3.0548,3.0563,3.0598,3.0613,3.0598,3.0613,10
2026-05-14 21:35:00,3.0553,3.0563,3.0553,3.0563,3.0603,3.0613,3.0603,3.0613,7
2026-05-14 21:36:00,3.0553,3.0563,3.0553,3.0563,3.0603,3.0613,3.0603,3.0613,2
2026-05-14 21:38:00,3.0553,3.0568,3.0553,3.0563,3.0603,3.0618,3.0603,3.0613,4
2026-05-14 21:39:00,3.0553,3.0553,3.0553,3.0553,3.0603,3.0603,3.0603,3.0603,1
2026-05-14 21:40:00,3.0558,3.0563,3.0553,3.0563,3.0608,3.0613,3.0603,3.0613,3
2026-05-14 21:41:00,3.0553,3.0553,3.0543,3.0553,3.0603,3.0603,3.0593,3.0603,3
2026-05-14 21:42:00,3.0543,3.0543,3.0533,3.0533,3.0593,3.0593,3.0583,3.0583,3
2026-05-14 21:43:00,3.0528,3.0528,3.0523,3.0523,3.0578,3.0578,3.0573,3.0573,2
2026-05-14 21:44:00,3.0518,3.0528,3.0503,3.0523,3.0568,3.0578,3.0553,3.0573,10
2026-05-14 21:45:00,3.0528,3.0533,3.0518,3.0523,3.0578,3.0583,3.0568,3.0573,5
2026-05-14 21:46:00,3.0528,3.0528,3.0523,3.0523,3.0578,3.0578,3.0573,3.0573,2
2026-05-14 21:47:00,3.0518,3.0523,3.0513,3.0513,3.0568,3.0573,3.0563,3.0563,3
2026-05-14 21:48:00,3.0518,3.0518,3.0518,3.0518,3.0568,3.0568,3.0568,3.0568,1
2026-05-14 21:49:00,3.0513,3.0523,3.0513,3.0513,3.0563,3.0573,3.0563,3.0563,3
2026-05-14 21:52:00,3.0503,3.0508,3.0503,3.0503,3.0553,3.0558,3.0553,3.0553,3
2026-05-14 21:53:00,3.0498,3.0503,3.0493,3.0503,3.0548,3.0553,3.0543,3.0553,5
2026-05-14 21:55:00,3.0498,3.0498,3.0483,3.0493,3.0548,3.0548,3.0533,3.0543,6
2026-05-14 21:56:00,3.0498,3.0513,3.0498,3.0513,3.0548,3.0563,3.0548,3.0563,10
2026-05-14 21:57:00,3.0508,3.0523,3.0508,3.0513,3.0558,3.0573,3.0558,3.0563,12
2026-05-14 21:58:00,3.0518,3.0533,3.0513,3.0513,3.0568,3.0583,3.0563,3.0563,5
2026-05-14 21:59:00,3.0503,3.0513,3.0493,3.0503,3.0553,3.0563,3.0543,3.0553,9
2026-05-14 22:00:00,3.0508,3.0523,3.0503,3.0523,3.0558,3.0573,3.0553,3.0573,27
2026-05-14 22:01:00,3.0518,3.0543,3.0518,3.0543,3.0568,3.0593,3.0568,3.0593,5
2026-05-14 22:02:00,3.0533,3.0543,3.0533,3.0543,3.0583,3.0593,3.0583,3.0593,6
2026-05-14 22:03:00,3.0533,3.0553,3.0533,3.0543,3.0583,3.0603,3.0583,3.0593,16
2026-05-14 22:04:00,3.0553,3.0563,3.0553,3.0553,3.0603,3.0613,3.0603,3.0603,7
2026-05-14 22:05:00,3.0543,3.0543,3.0533,3.0533,3.0593,3.0593,3.0583,3.0583,5
2026-05-14 22:06:00,3.0543,3.0548,3.0543,3.0543,3.0593,3.0598,3.0593,3.0593,3
2026-05-14 22:07:00,3.0538,3.0563,3.0538,3.0563,3.0588,3.0613,3.0588,3.0613,13
2026-05-14 22:08:00,3.0568,3.0593,3.0568,3.0593,3.0618,3.0643,3.0618,3.0643,25
2026-05-14 22:09:00,3.0588,3.0593,3.0573,3.0583,3.0638,3.0643,3.0623,3.0633,8
2026-05-14 22:10:00,3.0588,3.0603,3.0588,3.0603,3.0638,3.0653,3.0638,3.0653,6
2026-05-14 22:11:00,3.0608,3.0613,3.0603,3.0613,3.0658,3.0663,3.0653,3.0663,12
2026-05-14 22:12:00,3.0608,3.0623,3.0583,3.0583,3.0658,3.0673,3.0633,3.0633,20
2026-05-14 22:13:00,3.0593,3.0603,3.0583,3.0598,3.0643,3.0653,3.0633,3.0648,15
2026-05-14 22:14:00,3.0603,3.0603,3.0593,3.0598,3.0653,3.0653,3.0643,3.0648,5
2026-05-14 22:15:00,3.0593,3.0598,3.0593,3.0598,3.0643,3.0648,3.0643,3.0648,4
2026-05-14 22:16:00,3.0593,3.0598,3.0573,3.0583,3.0643,3.0648,3.0623,3.0633,5
2026-05-14 22:17:00,3.0588,3.0603,3.0588,3.0603,3.0638,3.0653,3.0638,3.0653,5
2026-05-14 22:18:00,3.0598,3.0598,3.0583,3.0593,3.0648,3.0648,3.0633,3.0643,13
2026-05-14 22:19:00,3.0588,3.0598,3.0583,3.0598,3.0638,3.0648,3.0633,3.0648,6
2026-05-14 22:20:00,3.0603,3.0603,3.0603,3.0603,3.0653,3.0653,3.0653,3.0653,1
2026-05-14 22:21:00,3.0608,3.0613,3.0603,3.0613,3.0658,3.0663,3.0653,3.0663,6
2026-05-14 22:22:00,3.0608,3.0613,3.0608,3.0608,3.0658,3.0663,3.0658,3.0658,3
2026-05-14 22:23:00,3.0613,3.0618,3.0613,3.0618,3.0663,3.0668,3.0663,3.0668,4
2026-05-14 22:24:00,3.0613,3.0613,3.0613,3.0613,3.0663,3.0663,3.0663,3.0663,1
2026-05-14 22:25:00,3.0623,3.0623,3.0618,3.0623,3.0673,3.0673,3.0668,3.0673,5
2026-05-14 22:26:00,3.0618,3.0633,3.0618,3.0633,3.0668,3.0683,3.0668,3.0683,3
2026-05-14 22:27:00,3.0628,3.0628,3.0623,3.0623,3.0678,3.0678,3.0673,3.0673,2
2026-05-14 22:29:00,3.0633,3.0633,3.0633,3.0633,3.0683,3.0683,3.0683,3.0683,1
2026-05-14 22:30:00,3.0643,3.0643,3.0643,3.0643,3.0693,3.0693,3.0693,3.0693,1
2026-05-14 22:34:00,3.0638,3.0643,3.0638,3.0643,3.0688,3.0693,3.0688,3.0693,2
2026-05-14 22:35:00,3.0638,3.0653,3.0638,3.0643,3.0688,3.0703,3.0688,3.0693,4
2026-05-14 22:36:00,3.0633,3.0633,3.0623,3.0623,3.0683,3.0683,3.0673,3.0673,2
2026-05-14 22:39:00,3.0613,3.0613,3.0613,3.0613,3.0663,3.0663,3.0663,3.0663,1
2026-05-14 22:40:00,3.0603,3.0623,3.0603,3.0623,3.0653,3.0673,3.0653,3.0673,3
2026-05-14 22:41:00,3.0633,3.0633,3.0633,3.0633,3.0683,3.0683,3.0683,3.0683,1
2026-05-14 22:42:00,3.0628,3.0633,3.0628,3.0633,3.0678,3.0683,3.0678,3.0683,2
2026-05-14 22:43:00,3.0638,3.0653,3.0633,3.0633,3.0688,3.0703,3.0683,3.0683,7
2026-05-14 22:44:00,3.0638,3.0643,3.0633,3.0643,3.0688,3.0693,3.0683,3.0693,4
2026-05-14 22:45:00,3.0638,3.0638,3.0618,3.0618,3.0688,3.0688,3.0668,3.0668,4
2026-05-14 22:47:00,3.0613,3.0618,3.0613,3.0618,3.0663,3.0668,3.0663,3.0668,2
2026-05-14 22:48:00,3.0613,3.0623,3.0613,3.0623,3.0663,3.0673,3.0663,3.0673,9
2026-05-14 22:49:00,3.0618,3.0628,3.0618,3.0618,3.0668,3.0678,3.0668,3.0668,7
2026-05-14 22:50:00,3.0613,3.0618,3.0613,3.0618,3.0663,3.0668,3.0663,3.0668,4
2026-05-14 22:51:00,3.0613,3.0623,3.0613,3.0618,3.0663,3.0673,3.0663,3.0668,6
2026-05-14 22:52:00,3.0613,3.0613,3.0603,3.0613,3.0663,3.0663,3.0653,3.0663,4
2026-05-14 22:53:00,3.0628,3.0643,3.0628,3.0633,3.0678,3.0693,3.0678,3.0683,6
2026-05-14 22:54:00,3.0638,3.0638,3.0633,3.0633,3.0688,3.0688,3.0683,3.0683,2
2026-05-14 22:55:00,3.0643,3.0643,3.0628,3.0628,3.0693,3.0693,3.0678,3.0678,10
2026-05-14 22:56:00,3.0633,3.0663,3.0633,3.0658,3.0683,3.0713,3.0683,3.0708,5
2026-05-14 22:57:00,3.0653,3.0653,3.0648,3.0648,3.0703,3.0703,3.0698,3.0698,14
2026-05-14 22:58:00,3.0653,3.0683,3.0653,3.0673,3.0703,3.0733,3.0703,3.0723,20
2026-05-14 22:59:00,3.0678,3.0761,3.0678,3.0761,3.0728,3.0811,3.0728,3.0811,28
2026-05-15 00:00:00,3.0731,3.0966,3.0726,3.0836,3.0781,3.1016,3.0776,3.0886,37
2026-05-15 00:01:00,3.0826,3.0836,3.0801,3.0801,3.0876,3.0886,3.0851,3.0851,7
2026-05-15 00:02:00,3.0806,3.0826,3.0796,3.0796,3.0856,3.0876,3.0846,3.0846,7
2026-05-15 00:03:00,3.0801,3.0806,3.0796,3.0806,3.0851,3.0856,3.0846,3.0856,6
2026-05-15 00:04:00,3.0801,3.0816,3.0796,3.0801,3.0851,3.0866,3.0846,3.0851,6
2026-05-15 00:05:00,3.0806,3.0831,3.0806,3.0826,3.0856,3.0881,3.0856,3.0876,10
2026-05-15 00:06:00,3.0821,3.0821,3.0791,3.0791,3.0871,3.0871,3.0841,3.0841,5
2026-05-15 00:07:00,3.0801,3.0811,3.0801,3.0806,3.0851,3.0861,3.0851,3.0856,5
2026-05-15 00:08:00,3.0801,3.0801,3.0791,3.0791,3.0851,3.0851,3.0841,3.0841,2
2026-05-15 00:09:00,3.0801,3.0821,3.0801,3.0821,3.0851,3.0871,3.0851,3.0871,4
2026-05-15 00:10:00,3.0826,3.0826,3.0821,3.0821,3.0876,3.0876,3.0871,3.0871,4
2026-05-15 00:11:00,3.0826,3.0831,3.0826,3.0831,3.0876,3.0881,3.0876,3.0881,2
2026-05-15 00:13:00,3.0816,3.0821,3.0816,3.0821,3.0866,3.0871,3.0866,3.0871,4
2026-05-15 00:14:00,3.0816,3.0816,3.0801,3.0806,3.0866,3.0866,3.0851,3.0856,5
2026-05-15 00:15:00,3.0811,3.0811,3.0811,3.0811,3.0861,3.0861,3.0861,3.0861,1
2026-05-15 00:16:00,3.0806,3.0816,3.0801,3.0816,3.0856,3.0866,3.0851,3.0866,4
2026-05-15 00:19:00,3.0811,3.0811,3.0811,3.0811,3.0861,3.0861,3.0861,3.0861,1
2026-05-15 00:20:00,3.0821,3.0821,3.0821,3.0821,3.0871,3.0871,3.0871,3.0871,1
2026-05-15 00:21:00,3.0811,3.0811,3.0811,3.0811,3.0861,3.0861,3.0861,3.0861,1
2026-05-15 00:22:00,3.0801,3.0801,3.0801,3.0801,3.0851,3.0851,3.0851,3.0851,1
2026-05-15 00:23:00,3.0796,3.0801,3.0796,3.0801,3.0846,3.0851,3.0846,3.0851,2
2026-05-15 00:24:00,3.0796,3.0796,3.0796,3.0796,3.0846,3.0846,3.0846,3.0846,1
2026-05-15 00:25:00,3.0801,3.0801,3.0781,3.0781,3.0851,3.0851,3.0831,3.0831,4
2026-05-15 00:26:00,3.0786,3.0786,3.0756,3.0761,3.0836,3.0836,3.0806,3.0811,7
2026-05-15 00:27:00,3.0751,3.0751,3.0751,3.0751,3.0801,3.0801,3.0801,3.0801,1
2026-05-15 00:28:00,3.0746,3.0746,3.0746,3.0746,3.0796,3.0796,3.0796,3.0796,1
2026-05-15 00:29:00,3.0751,3.0751,3.0751,3.0751,3.0801,3.0801,3.0801,3.0801,1
2026-05-15 00:32:00,3.0741,3.0741,3.0736,3.0736,3.0791,3.0791,3.0786,3.0786,4
2026-05-15 00:33:00,3.0741,3.0741,3.0741,3.0741,3.0791,3.0791,3.0791,3.0791,1
2026-05-15 00:34:00,3.0746,3.0746,3.0746,3.0746,3.0796,3.0796,3.0796,3.0796,1
2026-05-15 00:36:00,3.0751,3.0751,3.0751,3.0751,3.0801,3.0801,3.0801,3.0801,1
2026-05-15 00:37:00,3.0756,3.0756,3.0756,3.0756,3.0806,3.0806,3.0806,3.0806,1
2026-05-15 00:38:00,3.0761,3.0761,3.0761,3.0761,3.0811,3.0811,3.0811,3.0811,1
2026-05-15 00:41:00,3.0771,3.0781,3.0771,3.0781,3.0821,3.0831,3.0821,3.0831,2
2026-05-15 00:42:00,3.0771,3.0771,3.0766,3.0766,3.0821,3.0821,3.0816,3.0816,2
2026-05-15 00:45:00,3.0771,3.0771,3.0761,3.0766,3.0821,3.0821,3.0811,3.0816,3
2026-05-15 00:47:00,3.0761,3.0771,3.0761,3.0771,3.0811,3.0821,3.0811,3.0821,2
2026-05-15 00:58:00,3.0781,3.0781,3.0781,3.0781,3.0831,3.0831,3.0831,3.0831,1
2026-05-15 00:59:00,3.0791,3.0791,3.0791,3.0791,3.0841,3.0841,3.0841,3.0841,1
2026-05-15 01:00:00,3.0796,3.0801,3.0791,3.0801,3.0846,3.0851,3.0841,3.0851,6
2026-05-15 01:02:00,3.0796,3.0796,3.0791,3.0791,3.0846,3.0846,3.0841,3.0841,2
2026-05-15 01:03:00,3.0796,3.0801,3.0791,3.0801,3.0846,3.0851,3.0841,3.0851,4
2026-05-15 01:04:00,3.0806,3.0806,3.0801,3.0801,3.0856,3.0856,3.0851,3.0851,2
2026-05-15 01:11:00,3.0796,3.0801,3.0796,3.0801,3.0846,3.0851,3.0846,3.0851,2
2026-05-15 01:17:00,3.0796,3.0796,3.0776,3.0776,3.0846,3.0846,3.0826,3.0826,4
2026-05-15 01:20:00,3.0771,3.0771,3.0766,3.0766,3.0821,3.0821,3.0816,3.0816,2
2026-05-15 01:25:00,3.0771,3.0771,3.0766,3.0766,3.0821,3.0821,3.0816,3.0816,2
2026-05-15 01:30:00,3.0781,3.0781,3.0781,3.0781,3.0831,3.0831,3.0831,3.0831,1
2026-05-15 01:32:00,3.0776,3.0776,3.0761,3.0761,3.0826,3.0826,3.0811,3.0811,6
2026-05-15 01:33:00,3.0766,3.0776,3.0766,3.0776,3.0816,3.0826,3.0816,3.0826,3
2026-05-15 01:34:00,3.0771,3.0771,3.0771,3.0771,3.0821,3.0821,3.0821,3.0821,1
2026-05-15 01:40:00,3.0776,3.0776,3.0771,3.0776,3.0826,3.0826,3.0821,3.0826,3
2026-05-15 01:41:00,3.0771,3.0791,3.0771,3.0791,3.0821,3.0841,3.0821,3.0841,4
2026-05-15 01:42:00,3.0796,3.0796,3.0796,3.0796,3.0846,3.0846,3.0846,3.0846,1
2026-05-15 01:46:00,3.0791,3.0796,3.0791,3.0796,3.0841,3.0846,3.0841,3.0846,2
2026-05-15 01:47:00,3.0791,3.0801,3.0791,3.0801,3.0841,3.0851,3.0841,3.0851,2
2026-05-15 01:48:00,3.0806,3.0811,3.0806,3.0811,3.0856,3.0861,3.0856,3.0861,2
2026-05-15 01:50:00,3.0806,3.0811,3.0806,3.0811,3.0856,3.0861,3.0856,3.0861,4
2026-05-15 01:51:00,3.0816,3.0816,3.0816,3.0816,3.0866,3.0866,3.0866,3.0866,1
2026-05-15 01:52:00,3.0806,3.0831,3.0806,3.0821,3.0856,3.0881,3.0856,3.0871,5
2026-05-15 01:53:00,3.0826,3.0831,3.0826,3.0831,3.0876,3.0881,3.0876,3.0881,2
2026-05-15 02:00:00,3.0836,3.0941,3.0836,3.0856,3.0886,3.0991,3.0886,3.0906,32
2026-05-15 02:01:00,3.0851,3.0866,3.0851,3.0866,3.0901,3.0916,3.0901,3.0916,5
2026-05-15 02:02:00,3.0861,3.0866,3.0851,3.0856,3.0911,3.0916,3.0901,3.0906,8
2026-05-15 02:03:00,3.0851,3.0851,3.0831,3.0831,3.0901,3.0901,3.0881,3.0881,5
2026-05-15 02:04:00,3.0826,3.0826,3.0806,3.0816,3.0876,3.0876,3.0856,3.0866,9
2026-05-15 02:05:00,3.0811,3.0816,3.0811,3.0811,3.0861,3.0866,3.0861,3.0861,3
2026-05-15 02:06:00,3.0806,3.0806,3.0806,3.0806,3.0856,3.0856,3.0856,3.0856,1
2026-05-15 02:07:00,3.0811,3.0811,3.0806,3.0806,3.0861,3.0861,3.0856,3.0856,2
2026-05-15 02:08:00,3.0801,3.0806,3.0791,3.0796,3.0851,3.0856,3.0841,3.0846,10
2026-05-15 02:09:00,3.0791,3.0801,3.0791,3.0791,3.0841,3.0851,3.0841,3.0841,4
2026-05-15 02:10:00,3.0781,3.0781,3.0771,3.0781,3.0831,3.0831,3.0821,3.0831,6
2026-05-15 02:11:00,3.0771,3.0801,3.0771,3.0791,3.0821,3.0851,3.0821,3.0841,14
2026-05-15 02:12:00,3.0796,3.0796,3.0776,3.0776,3.0846,3.0846,3.0826,3.0826,6
2026-05-15 02:13:00,3.0781,3.0781,3.0766,3.0776,3.0831,3.0831,3.0816,3.0826,7
2026-05-15 02:14:00,3.0771,3.0776,3.0766,3.0776,3.0821,3.0826,3.0816,3.0826,25
2026-05-15 02:15:00,3.0771,3.0781,3.0771,3.0781,3.0821,3.0831,3.0821,3.0831,8
2026-05-15 02:17:00,3.0786,3.0821,3.0786,3.0816,3.0836,3.0871,3.0836,3.0866,5
2026-05-15 02:18:00,3.0821,3.0821,3.0811,3.0816,3.0871,3.0871,3.0861,3.0866,3
2026-05-15 02:19:00,3.0806,3.0811,3.0801,3.0806,3.0856,3.0861,3.0851,3.0856,6
2026-05-15 02:20:00,3.0801,3.0816,3.0791,3.0811,3.0851,3.0866,3.0841,3.0861,9
2026-05-15 02:21:00,3.0806,3.0806,3.0796,3.0801,3.0856,3.0856,3.0846,3.0851,5
2026-05-15 02:22:00,3.0796,3.0796,3.0796,3.0796,3.0846,3.0846,3.0846,3.0846,1
2026-05-15 02:23:00,3.0801,3.0801,3.0796,3.0796,3.0851,3.0851,3.0846,3.0846,2
2026-05-15 02:24:00,3.0791,3.0801,3.0791,3.0801,3.0841,3.0851,3.0841,3.0851,2
2026-05-15 02:25:00,3.0806,3.0811,3.0806,3.0806,3.0856,3.0861,3.0856,3.0856,5
2026-05-15 02:26:00,3.0801,3.0801,3.0801,3.0801,3.0851,3.0851,3.0851,3.0851,1
2026-05-15 02:28:00,3.0806,3.0811,3.0806,3.0806,3.0856,3.0861,3.0856,3.0856,3
2026-05-15 02:29:00,3.0801,3.0811,3.0801,3.0806,3.0851,3.0861,3.0851,3.0856,5
2026-05-15 02:31:00,3.0801,3.0806,3.0796,3.0796,3.0851,3.0856,3.0846,3.0846,8
2026-05-15 02:32:00,3.0806,3.0811,3.0796,3.0796,3.0856,3.0861,3.0846,3.0846,4
2026-05-15 02:33:00,3.0801,3.0806,3.0801,3.0806,3.0851,3.0856,3.0851,3.0856,2
2026-05-15 02:36:00,3.0811,3.0811,3.0801,3.0811,3.0861,3.0861,3.0851,3.0861,5
2026-05-15 02:37:00,3.0806,3.0811,3.0806,3.0811,3.0856,3.0861,3.0856,3.0861,2
2026-05-15 02:38:00,3.0806,3.0811,3.0801,3.0811,3.0856,3.0861,3.0851,3.0861,6
2026-05-15 02:42:00,3.0806,3.0806,3.0806,3.0806,3.0856,3.0856,3.0856,3.0856,1
2026-05-15 02:43:00,3.0801,3.0801,3.0796,3.0796,3.0851,3.0851,3.0846,3.0846,2
2026-05-15 02:44:00,3.0801,3.0801,3.0801,3.0801,3.0851,3.0851,3.0851,3.0851,1
2026-05-15 02:45:00,3.0796,3.0796,3.0786,3.0796,3.0846,3.0846,3.0836,3.0846,5
2026-05-15 02:46:00,3.0791,3.0806,3.0786,3.0806,3.0841,3.0856,3.0836,3.0856,4
2026-05-15 02:47:00,3.0801,3.0806,3.0786,3.0791,3.0851,3.0856,3.0836,3.0841,9
2026-05-15 02:48:00,3.0796,3.0796,3.0791,3.0796,3.0846,3.0846,3.0841,3.0846,3
2026-05-15 02:49:00,3.0801,3.0801,3.0791,3.0791,3.0851,3.0851,3.0841,3.0841,2
2026-05-15 02:50:00,3.0801,3.0801,3.0791,3.0791,3.0851,3.0851,3.0841,3.0841,2
2026-05-15 02:51:00,3.0786,3.0786,3.0786,3.0786,3.0836,3.0836,3.0836,3.0836,1
2026-05-15 02:52:00,3.0781,3.0796,3.0781,3.0786,3.0831,3.0846,3.0831,3.0836,5
2026-05-15 02:53:00,3.0801,3.0801,3.0786,3.0786,3.0851,3.0851,3.0836,3.0836,3
2026-05-15 02:54:00,3.0781,3.0786,3.0781,3.0781,3.0831,3.0836,3.0831,3.0831,3
2026-05-15 02:55:00,3.0786,3.0786,3.0781,3.0781,3.0836,3.0836,3.0831,3.0831,2
2026-05-15 02:56:00,3.0791,3.0791,3.0786,3.0786,3.0841,3.0841,3.0836,3.0836,2
2026-05-15 02:58:00,3.0791,3.0791,3.0786,3.0786,3.0841,3.0841,3.0836,3.0836,2
2026-05-15 02:59:00,3.0791,3.0791,3.0791,3.0791,3.0841,3.0841,3.0841,3.0841,1
2026-05-15 03:00:00,3.0796,3.0796,3.0786,3.0786,3.0846,3.0846,3.0836,3.0836,5
2026-05-15 03:01:00,3.0791,3.0796,3.0786,3.0786,3.0841,3.0846,3.0836,3.0836,4
2026-05-15 03:02:00,3.0796,3.0796,3.0791,3.0796,3.0846,3.0846,3.0841,3.0846,7
2026-05-15 03:03:00,3.0791,3.0791,3.0786,3.0786,3.0841,3.0841,3.0836,3.0836,4
2026-05-15 03:04:00,3.0791,3.0791,3.0791,3.0791,3.0841,3.0841,3.0841,3.0841,1
2026-05-15 03:05:00,3.0786,3.0786,3.0786,3.0786,3.0836,3.0836,3.0836,3.0836,1
2026-05-15 03:06:00,3.0791,3.0791,3.0781,3.0786,3.0841,3.0841,3.0831,3.0836,3
2026-05-15 03:07:00,3.0781,3.0791,3.0781,3.0786,3.0831,3.0841,3.0831,3.0836,4
2026-05-15 03:09:00,3.0781,3.0781,3.0781,3.0781,3.0831,3.0831,3.0831,3.0831,1
2026-05-15 03:10:00,3.0776,3.0781,3.0771,3.0781,3.0826,3.0831,3.0821,3.0831,5
2026-05-15 03:11:00,3.0776,3.0776,3.0776,3.0776,3.0826,3.0826,3.0826,3.0826,1
2026-05-15 03:12:00,3.0781,3.0796,3.0781,3.0796,3.0831,3.0846,3.0831,3.0846,3
2026-05-15 03:13:00,3.0801,3.0801,3.0791,3.0796,3.0851,3.0851,3.0841,3.0846,6
2026-05-15 03:16:00,3.0801,3.0801,3.0796,3.0796,3.0851,3.0851,3.0846,3.0846,4
2026-05-15 03:17:00,3.0811,3.0821,3.0811,3.0821,3.0861,3.0871,3.0861,3.0871,2
2026-05-15 03:18:00,3.0816,3.0826,3.0816,3.0821,3.0866,3.0876,3.0866,3.0871,3
2026-05-15 03:19:00,3.0826,3.0826,3.0821,3.0826,3.0876,3.0876,3.0871,3.0876,5
2026-05-15 03:21:00,3.0841,3.0841,3.0821,3.0836,3.0891,3.0891,3.0871,3.0886,11
2026-05-15 03:23:00,3.0841,3.0841,3.0831,3.0836,3.0891,3.0891,3.0881,3.0886,4
2026-05-15 03:25:00,3.0841,3.0846,3.0821,3.0826,3.0891,3.0896,3.0871,3.0876,14
2026-05-15 03:26:00,3.0831,3.0831,3.0821,3.0821,3.0881,3.0881,3.0871,3.0871,3
2026-05-15 03:27:00,3.0811,3.0816,3.0811,3.0816,3.0861,3.0866,3.0861,3.0866,2
2026-05-15 03:28:00,3.0821,3.0821,3.0816,3.0816,3.0871,3.0871,3.0866,3.0866,4
2026-05-15 03:29:00,3.0821,3.0831,3.0816,3.0826,3.0871,3.0881,3.0866,3.0876,5
2026-05-15 03:30:00,3.0841,3.0876,3.0841,3.0876,3.0891,3.0926,3.0891,3.0926,6
2026-05-15 03:31:00,3.0881,3.0881,3.0881,3.0881,3.0931,3.0931,3.0931,3.0931,1
2026-05-15 03:32:00,3.0886,3.0911,3.0886,3.0906,3.0936,3.0961,3.0936,3.0956,14
2026-05-15 03:33:00,3.0911,3.0911,3.0901,3.0906,3.0961,3.0961,3.0951,3.0956,4
2026-05-15 03:34:00,3.0911,3.0911,3.0891,3.0901,3.0961,3.0961,3.0941,3.0951,4
2026-05-15 03:35:00,3.0891,3.0891,3.0881,3.0881,3.0941,3.0941,3.0931,3.0931,5
2026-05-15 03:36:00,3.0871,3.0871,3.0866,3.0866,3.0921,3.0921,3.0916,3.0916,2
2026-05-15 03:37:00,3.0871,3.0871,3.0871,3.0871,3.0921,3.0921,3.0921,3.0921,1
2026-05-15 03:38:00,3.0876,3.0891,3.0871,3.0871,3.0926,3.0941,3.0921,3.0921,4
2026-05-15 03:39:00,3.0876,3.0876,3.0861,3.0861,3.0926,3.0926,3.0911,3.0911,4
2026-05-15 03:40:00,3.0856,3.0976,3.0851,3.0961,3.0906,3.1026,3.0901,3.1011,36
2026-05-15 03:41:00,3.0971,3.0971,3.0951,3.0956,3.1021,3.1021,3.1001,3.1006,13
2026-05-15 03:42:00,3.0961,3.0961,3.0941,3.0956,3.1011,3.1011,3.0991,3.1006,10
2026-05-15 03:43:00,3.0951,3.0956,3.0931,3.0936,3.1001,3.1006,3.0981,3.0986,12
2026-05-15 03:44:00,3.0941,3.0941,3.0921,3.0926,3.0991,3.0991,3.0971,3.0976,6
2026-05-15 03:45:00,3.0921,3.0961,3.0921,3.0951,3.0971,3.1011,3.0971,3.1001,19
2026-05-15 03:46:00,3.0956,3.0956,3.0931,3.0936,3.1006,3.1006,3.0981,3.0986,9
2026-05-15 03:47:00,3.0931,3.0931,3.0926,3.0926,3.0981,3.0981,3.0976,3.0976,4
2026-05-15 03:48:00,3.0921,3.0931,3.0921,3.0921,3.0971,3.0981,3.0971,3.0971,5
2026-05-15 03:49:00,3.0911,3.0921,3.0911,3.0921,3.0961,3.0971,3.0961,3.0971,5
2026-05-15 03:50:00,3.0926,3.0926,3.0916,3.0916,3.0976,3.0976,3.0966,3.0966,3
2026-05-15 03:51:00,3.0911,3.0926,3.0911,3.0926,3.0961,3.0976,3.0961,3.0976,7
2026-05-15 03:52:00,3.0921,3.0921,3.0921,3.0921,3.0971,3.0971,3.0971,3.0971,1
2026-05-15 03:53:00,3.0926,3.0926,3.0921,3.0921,3.0976,3.0976,3.0971,3.0971,2
2026-05-15 03:54:00,3.0916,3.0921,3.0911,3.0916,3.0966,3.0971,3.0961,3.0966,4
2026-05-15 03:55:00,3.0921,3.0921,3.0916,3.0916,3.0971,3.0971,3.0966,3.0966,4
2026-05-15 03:56:00,3.0911,3.0931,3.0911,3.0926,3.0961,3.0981,3.0961,3.0976,4
2026-05-15 03:57:00,3.0931,3.0931,3.0921,3.0921,3.0981,3.0981,3.0971,3.0971,2
2026-05-15 03:58:00,3.0926,3.0966,3.0926,3.0951,3.0976,3.1016,3.0976,3.1001,11
2026-05-15 03:59:00,3.0961,3.0976,3.0951,3.0961,3.1011,3.1026,3.1001,3.1011,9
2026-05-15 04:00:00,3.0956,3.0961,3.0956,3.0961,3.1006,3.1011,3.1006,3.1011,4
2026-05-15 04:01:00,3.0956,3.0971,3.0951,3.0956,3.1006,3.1021,3.1001,3.1006,11
2026-05-15 04:02:00,3.0961,3.0961,3.0961,3.0961,3.1011,3.1011,3.1011,3.1011,1
2026-05-15 04:03:00,3.0956,3.0981,3.0956,3.0966,3.1006,3.1031,3.1006,3.1016,9
2026-05-15 04:04:00,3.0961,3.0971,3.0951,3.0951,3.1011,3.1021,3.1001,3.1001,6
2026-05-15 04:05:00,3.0961,3.0961,3.0951,3.0956,3.1011,3.1011,3.1001,3.1006,3
2026-05-15 04:06:00,3.0951,3.0951,3.0951,3.0951,3.1001,3.1001,3.1001,3.1001,1
2026-05-15 04:08:00,3.0941,3.0941,3.0921,3.0921,3.0991,3.0991,3.0971,3.0971,4
2026-05-15 04:11:00,3.0931,3.0931,3.0926,3.0926,3.0981,3.0981,3.0976,3.0976,2
2026-05-15 04:12:00,3.0931,3.0931,3.0921,3.0926,3.0981,3.0981,3.0971,3.0976,3
2026-05-15 04:13:00,3.0931,3.0931,3.0921,3.0921,3.0981,3.0981,3.0971,3.0971,4
2026-05-15 04:14:00,3.0926,3.0926,3.0921,3.0921,3.0976,3.0976,3.0971,3.0971,2
2026-05-15 04:15:00,3.0931,3.0931,3.0921,3.0921,3.0981,3.0981,3.0971,3.0971,2
2026-05-15 04:16:00,3.0926,3.0941,3.0921,3.0941,3.0976,3.0991,3.0971,3.0991,6
2026-05-15 04:17:00,3.0946,3.0946,3.0946,3.0946,3.0996,3.0996,3.0996,3.0996,1
2026-05-15 04:18:00,3.0951,3.0951,3.0931,3.0931,3.1001,3.1001,3.0981,3.0981,3
2026-05-15 04:20:00,3.0926,3.0926,3.0921,3.0921,3.0976,3.0976,3.0971,3.0971,2
2026-05-15 04:21:00,3.0931,3.0936,3.0931,3.0936,3.0981,3.0986,3.0981,3.0986,2
2026-05-15 04:22:00,3.0941,3.0941,3.0941,3.0941,3.0991,3.0991,3.0991,3.0991,1
2026-05-15 04:23:00,3.0946,3.0956,3.0946,3.0951,3.0996,3.1006,3.0996,3.1001,5
2026-05-15 04:24:00,3.0956,3.0956,3.0956,3.0956,3.1006,3.1006,3.1006,3.1006,1
2026-05-15 04:25:00,3.0951,3.0971,3.0946,3.0951,3.1001,3.1021,3.0996,3.1001,19
2026-05-15 04:27:00,3.0946,3.0946,3.0941,3.0946,3.0996,3.0996,3.0991,3.0996,3
2026-05-15 04:28:00,3.0941,3.0951,3.0941,3.0951,3.0991,3.1001,3.0991,3.1001,3
2026-05-15 04:29:00,3.0946,3.0946,3.0941,3.0941,3.0996,3.0996,3.0991,3.0991,2
2026-05-15 04:30:00,3.0951,3.0951,3.0921,3.0931,3.1001,3.1001,3.0971,3.0981,9
2026-05-15 04:31:00,3.0936,3.0946,3.0931,3.0946,3.0986,3.0996,3.0981,3.0996,4
2026-05-15 04:32:00,3.0931,3.0931,3.0931,3.0931,3.0981,3.0981,3.0981,3.0981,1
2026-05-15 04:33:00,3.0921,3.0921,3.0871,3.0881,3.0971,3.0971,3.0921,3.0931,20
2026-05-15 04:34:00,3.0876,3.0891,3.0871,3.0871,3.0926,3.0941,3.0921,3.0921,9
2026-05-15 04:35:00,3.0861,3.0871,3.0861,3.0871,3.0911,3.0921,3.0911,3.0921,7
2026-05-15 04:37:00,3.0876,3.0891,3.0876,3.0891,3.0926,3.0941,3.0926,3.0941,5
2026-05-15 04:38:00,3.0886,3.0891,3.0886,3.0886,3.0936,3.0941,3.0936,3.0936,3
2026-05-15 04:39:00,3.0881,3.0881,3.0881,3.0881,3.0931,3.0931,3.0931,3.0931,1
2026-05-15 04:40:00,3.0871,3.0871,3.0866,3.0866,3.0921,3.0921,3.0916,3.0916,2
2026-05-15 04:41:00,3.0871,3.0871,3.0871,3.0871,3.0921,3.0921,3.0921,3.0921,1
2026-05-15 04:43:00,3.0866,3.0866,3.0866,3.0866,3.0916,3.0916,3.0916,3.0916,1
2026-05-15 04:46:00,3.0871,3.0871,3.0866,3.0866,3.0921,3.0921,3.0916,3.0916,2
2026-05-15 04:47:00,3.0871,3.0871,3.0866,3.0866,3.0921,3.0921,3.0916,3.0916,2
2026-05-15 04:48:00,3.0871,3.0881,3.0871,3.0881,3.0921,3.0931,3.0921,3.0931,2
2026-05-15 04:49:00,3.0891,3.0891,3.0881,3.0881,3.0941,3.0941,3.0931,3.0931,2
2026-05-15 04:51:00,3.0871,3.0871,3.0831,3.0846,3.0921,3.0921,3.0881,3.0896,19
2026-05-15 04:52:00,3.0851,3.0851,3.0841,3.0851,3.0901,3.0901,3.0891,3.0901,4
2026-05-15 04:53:00,3.0861,3.0861,3.0861,3.0861,3.0911,3.0911,3.0911,3.0911,1
2026-05-15 04:54:00,3.0851,3.0861,3.0846,3.0856,3.0901,3.0911,3.0896,3.0906,7
2026-05-15 04:55:00,3.0851,3.0861,3.0851,3.0856,3.0901,3.0911,3.0901,3.0906,5
2026-05-15 04:56:00,3.0861,3.0861,3.0851,3.0861,3.0911,3.0911,3.0901,3.0911,3
2026-05-15 04:57:00,3.0856,3.0861,3.0856,3.0856,3.0906,3.0911,3.0906,3.0906,5
2026-05-15 04:58:00,3.0851,3.0871,3.0851,3.0871,3.0901,3.0921,3.0901,3.0921,8
2026-05-15 05:03:00,3.0876,3.0876,3.0871,3.0871,3.0926,3.0926,3.0921,3.0921,2
2026-05-15 05:04:00,3.0886,3.0896,3.0871,3.0871,3.0936,3.0946,3.0921,3.0921,7
2026-05-15 05:05:00,3.0866,3.0871,3.0856,3.0871,3.0916,3.0921,3.0906,3.0921,9
2026-05-15 05:10:00,3.0861,3.0861,3.0851,3.0851,3.0911,3.0911,3.0901,3.0901,2
2026-05-15 05:11:00,3.0856,3.0856,3.0851,3.0851,3.0906,3.0906,3.0901,3.0901,2
2026-05-15 05:12:00,3.0856,3.0856,3.0856,3.0856,3.0906,3.0906,3.0906,3.0906,1
2026-05-15 05:13:00,3.0861,3.0866,3.0861,3.0861,3.0911,3.0916,3.0911,3.0911,3
2026-05-15 05:14:00,3.0871,3.0881,3.0861,3.0881,3.0921,3.0931,3.0911,3.0931,3
2026-05-15 05:15:00,3.0891,3.0911,3.0886,3.0901,3.0941,3.0961,3.0936,3.0951,10
2026-05-15 05:16:00,3.0911,3.0911,3.0901,3.0901,3.0961,3.0961,3.0951,3.0951,2
2026-05-15 05:17:00,3.0891,3.0896,3.0891,3.0896,3.0941,3.0946,3.0941,3.0946,4
2026-05-15 05:18:00,3.0886,3.0886,3.0861,3.0861,3.0936,3.0936,3.0911,3.0911,6
2026-05-15 05:19:00,3.0851,3.0851,3.0841,3.0841,3.0901,3.0901,3.0891,3.0891,4
2026-05-15 05:20:00,3.0846,3.0851,3.0846,3.0851,3.0896,3.0901,3.0896,3.0901,2
2026-05-15 05:21:00,3.0856,3.0856,3.0856,3.0856,3.0906,3.0906,3.0906,3.0906,1
2026-05-15 05:23:00,3.0851,3.0851,3.0851,3.0851,3.0901,3.0901,3.0901,3.0901,1
2026-05-15 05:24:00,3.0856,3.0856,3.0856,3.0856,3.0906,3.0906,3.0906,3.0906,1
2026-05-15 05:25:00,3.0861,3.0861,3.0851,3.0851,3.0911,3.0911,3.0901,3.0901,4
2026-05-15 05:29:00,3.0861,3.0861,3.0856,3.0856,3.0911,3.0911,3.0906,3.0906,2
2026-05-15 05:30:00,3.0851,3.0851,3.0791,3.0801,3.0901,3.0901,3.0841,3.0851,28
2026-05-15 05:31:00,3.0806,3.0831,3.0806,3.0811,3.0856,3.0881,3.0856,3.0861,8
2026-05-15 05:32:00,3.0816,3.0816,3.0791,3.0791,3.0866,3.0866,3.0841,3.0841,9
2026-05-15 05:33:00,3.0781,3.0811,3.0781,3.0801,3.0831,3.0861,3.0831,3.0851,15
2026-05-15 05:34:00,3.0811,3.0821,3.0811,3.0821,3.0861,3.0871,3.0861,3.0871,2
2026-05-15 05:35:00,3.0826,3.0841,3.0826,3.0831,3.0876,3.0891,3.0876,3.0881,6
2026-05-15 05:36:00,3.0826,3.0826,3.0811,3.0811,3.0876,3.0876,3.0861,3.0861,5
2026-05-15 05:37:00,3.0816,3.0826,3.0811,3.0821,3.0866,3.0876,3.0861,3.0871,6
2026-05-15 05:38:00,3.0811,3.0811,3.0801,3.0801,3.0861,3.0861,3.0851,3.0851,9
2026-05-15 05:39:00,3.0796,3.0801,3.0791,3.0801,3.0846,3.0851,3.0841,3.0851,9
2026-05-15 05:40:00,3.0791,3.0801,3.0791,3.0801,3.0841,3.0851,3.0841,3.0851,5
2026-05-15 05:42:00,3.0796,3.0801,3.0791,3.0801,3.0846,3.0851,3.0841,3.0851,5
2026-05-15 05:43:00,3.0796,3.0801,3.0791,3.0791,3.0846,3.0851,3.0841,3.0841,13
2026-05-15 05:44:00,3.0796,3.0796,3.0761,3.0766,3.0846,3.0846,3.0811,3.0816,14
2026-05-15 05:45:00,3.0761,3.0761,3.0746,3.0751,3.0811,3.0811,3.0796,3.0801,6
2026-05-15 05:46:00,3.0756,3.0761,3.0741,3.0751,3.0806,3.0811,3.0791,3.0801,8
2026-05-15 05:47:00,3.0761,3.0771,3.0751,3.0771,3.0811,3.0821,3.0801,3.0821,11
2026-05-15 05:48:00,3.0781,3.0791,3.0781,3.0781,3.0831,3.0841,3.0831,3.0831,3
2026-05-15 05:49:00,3.0791,3.0801,3.0791,3.0791,3.0841,3.0851,3.0841,3.0841,3
2026-05-15 05:50:00,3.0786,3.0801,3.0786,3.0801,3.0836,3.0851,3.0836,3.0851,4
2026-05-15 05:51:00,3.0796,3.0796,3.0796,3.0796,3.0846,3.0846,3.0846,3.0846,1
2026-05-15 05:52:00,3.0791,3.0791,3.0771,3.0781,3.0841,3.0841,3.0821,3.0831,6
2026-05-15 05:53:00,3.0791,3.0801,3.0791,3.0791,3.0841,3.0851,3.0841,3.0841,3
2026-05-15 05:55:00,3.0786,3.0791,3.0786,3.0786,3.0836,3.0841,3.0836,3.0836,3
2026-05-15 05:56:00,3.0781,3.0791,3.0781,3.0781,3.0831,3.0841,3.0831,3.0831,4
2026-05-15 05:57:00,3.0771,3.0791,3.0771,3.0781,3.0821,3.0841,3.0821,3.0831,4
2026-05-15 05:59:00,3.0776,3.0776,3.0771,3.0776,3.0826,3.0826,3.0821,3.0826,5
2026-05-15 06:00:00,3.0781,3.0781,3.0766,3.0766,3.0831,3.0831,3.0816,3.0816,3
2026-05-15 06:01:00,3.0761,3.0761,3.0741,3.0741,3.0811,3.0811,3.0791,3.0791,5
2026-05-15 06:02:00,3.0746,3.0751,3.0731,3.0731,3.0796,3.0801,3.0781,3.0781,8
2026-05-15 06:03:00,3.0726,3.0731,3.0721,3.0731,3.0776,3.0781,3.0771,3.0781,5
2026-05-15 06:04:00,3.0726,3.0751,3.0726,3.0751,3.0776,3.0801,3.0776,3.0801,4
2026-05-15 06:05:00,3.0756,3.0786,3.0751,3.0761,3.0806,3.0836,3.0801,3.0811,9
2026-05-15 06:08:00,3.0766,3.0771,3.0761,3.0761,3.0816,3.0821,3.0811,3.0811,3
2026-05-15 06:09:00,3.0751,3.0761,3.0751,3.0761,3.0801,3.0811,3.0801,3.0811,2
2026-05-15 06:12:00,3.0771,3.0781,3.0761,3.0761,3.0821,3.0831,3.0811,3.0811,4
2026-05-15 06:13:00,3.0766,3.0771,3.0766,3.0771,3.0816,3.0821,3.0816,3.0821,2
2026-05-15 06:16:00,3.0761,3.0771,3.0761,3.0771,3.0811,3.0821,3.0811,3.0821,2
2026-05-15 06:17:00,3.0766,3.0791,3.0766,3.0781,3.0816,3.0841,3.0816,3.0831,5
2026-05-15 06:18:00,3.0771,3.0781,3.0771,3.0771,3.0821,3.0831,3.0821,3.0821,6
2026-05-15 06:20:00,3.0766,3.0771,3.0761,3.0761,3.0816,3.0821,3.0811,3.0811,4
2026-05-15 06:21:00,3.0771,3.0771,3.0771,3.0771,3.0821,3.0821,3.0821,3.0821,1
2026-05-15 06:24:00,3.0766,3.0771,3.0766,3.0771,3.0816,3.0821,3.0816,3.0821,2
2026-05-15 06:25:00,3.0761,3.0771,3.0761,3.0761,3.0811,3.0821,3.0811,3.0811,5
2026-05-15 06:30:00,3.0751,3.0761,3.0751,3.0751,3.0801,3.0811,3.0801,3.0801,3
2026-05-15 06:32:00,3.0746,3.0751,3.0741,3.0751,3.0796,3.0801,3.0791,3.0801,4
2026-05-15 06:33:00,3.0761,3.0761,3.0751,3.0751,3.0811,3.0811,3.0801,3.0801,3
2026-05-15 06:34:00,3.0741,3.0741,3.0731,3.0731,3.0791,3.0791,3.0781,3.0781,3
2026-05-15 06:37:00,3.0721,3.0731,3.0721,3.0731,3.0771,3.0781,3.0771,3.0781,9
2026-05-15 06:38:00,3.0726,3.0731,3.0721,3.0721,3.0776,3.0781,3.0771,3.0771,10
2026-05-15 06:46:00,3.0716,3.0721,3.0716,3.0716,3.0766,3.0771,3.0766,3.0766,5
2026-05-15 06:47:00,3.0711,3.0721,3.0711,3.0721,3.0761,3.0771,3.0761,3.0771,4
2026-05-15 06:54:00,3.0716,3.0721,3.0716,3.0721,3.0766,3.0771,3.0766,3.0771,4
2026-05-15 06:55:00,3.0711,3.0721,3.0711,3.0716,3.0761,3.0771,3.0761,3.0766,3
2026-05-15 06:56:00,3.0711,3.0711,3.0711,3.0711,3.0761,3.0761,3.0761,3.0761,1
2026-05-15 06:58:00,3.0701,3.0706,3.0701,3.0701,3.0751,3.0756,3.0751,3.0751,3
2026-05-15 06:59:00,3.0711,3.0721,3.0711,3.0721,3.0761,3.0771,3.0761,3.0771,2
2026-05-15 07:01:00,3.0726,3.0731,3.0726,3.0726,3.0776,3.0781,3.0776,3.0776,5
2026-05-15 07:02:00,3.0721,3.0731,3.0721,3.0731,3.0771,3.0781,3.0771,3.0781,2
2026-05-15 07:03:00,3.0726,3.0726,3.0721,3.0721,3.0776,3.0776,3.0771,3.0771,2
2026-05-15 07:04:00,3.0731,3.0731,3.0721,3.0721,3.0781,3.0781,3.0771,3.0771,7
2026-05-15 07:06:00,3.0716,3.0716,3.0711,3.0716,3.0766,3.0766,3.0761,3.0766,3
2026-05-15 07:07:00,3.0721,3.0721,3.0711,3.0721,3.0771,3.0771,3.0761,3.0771,7
2026-05-15 07:08:00,3.0716,3.0721,3.0716,3.0721,3.0766,3.0771,3.0766,3.0771,4
2026-05-15 07:09:00,3.0716,3.0721,3.0716,3.0721,3.0766,3.0771,3.0766,3.0771,4
2026-05-15 07:10:00,3.0716,3.0721,3.0711,3.0721,3.0766,3.0771,3.0761,3.0771,7
2026-05-15 07:11:00,3.0716,3.0741,3.0711,3.0711,3.0766,3.0791,3.0761,3.0761,12
2026-05-15 07:12:00,3.0706,3.0706,3.0691,3.0696,3.0756,3.0756,3.0741,3.0746,8
2026-05-15 07:13:00,3.0691,3.0701,3.0691,3.0696,3.0741,3.0751,3.0741,3.0746,5
2026-05-15 07:14:00,3.0701,3.0701,3.0691,3.0696,3.0751,3.0751,3.0741,3.0746,5
2026-05-15 07:15:00,3.0701,3.0701,3.0691,3.0701,3.0751,3.0751,3.0741,3.0751,3
2026-05-15 07:16:00,3.0696,3.0701,3.0696,3.0701,3.0746,3.0751,3.0746,3.0751,2
2026-05-15 07:20:00,3.0711,3.0711,3.0711,3.0711,3.0761,3.0761,3.0761,3.0761,1
2026-05-15 07:22:00,3.0706,3.0711,3.0701,3.0701,3.0756,3.0761,3.0751,3.0751,10
2026-05-15 07:23:00,3.0706,3.0706,3.0701,3.0701,3.0756,3.0756,3.0751,3.0751,6
2026-05-15 07:24:00,3.0711,3.0731,3.0701,3.0726,3.0761,3.0781,3.0751,3.0776,9
2026-05-15 07:25:00,3.0731,3.0731,3.0701,3.0701,3.0781,3.0781,3.0751,3.0751,8
2026-05-15 07:26:00,3.0691,3.0701,3.0686,3.0691,3.0741,3.0751,3.0736,3.0741,8
2026-05-15 07:27:00,3.0686,3.0721,3.0686,3.0716,3.0736,3.0771,3.0736,3.0766,9
2026-05-15 07:28:00,3.0721,3.0741,3.0711,3.0741,3.0771,3.0791,3.0761,3.0791,14
2026-05-15 07:29:00,3.0736,3.0771,3.0731,3.0766,3.0786,3.0821,3.0781,3.0816,8
2026-05-15 07:30:00,3.0771,3.0781,3.0751,3.0756,3.0821,3.0831,3.0801,3.0806,10
2026-05-15 07:31:00,3.0761,3.0761,3.0756,3.0756,3.0811,3.0811,3.0806,3.0806,2
2026-05-15 07:32:00,3.0751,3.0751,3.0751,3.0751,3.0801,3.0801,3.0801,3.0801,1
2026-05-15 07:33:00,3.0761,3.0761,3.0741,3.0746,3.0811,3.0811,3.0791,3.0796,6
2026-05-15 07:34:00,3.0741,3.0746,3.0741,3.0741,3.0791,3.0796,3.0791,3.0791,5
2026-05-15 07:35:00,3.0736,3.0741,3.0731,3.0731,3.0786,3.0791,3.0781,3.0781,6
2026-05-15 07:36:00,3.0736,3.0751,3.0726,3.0741,3.0786,3.0801,3.0776,3.0791,14
2026-05-15 07:37:00,3.0751,3.0751,3.0736,3.0741,3.0801,3.0801,3.0786,3.0791,4
2026-05-15 07:38:00,3.0746,3.0781,3.0746,3.0766,3.0796,3.0831,3.0796,3.0816,11
2026-05-15 07:39:00,3.0761,3.0761,3.0761,3.0761,3.0811,3.0811,3.0811,3.0811,1
2026-05-15 07:41:00,3.0751,3.0761,3.0751,3.0756,3.0801,3.0811,3.0801,3.0806,5
2026-05-15 07:42:00,3.0761,3.0761,3.0761,3.0761,3.0811,3.0811,3.0811,3.0811,1
2026-05-15 07:44:00,3.0771,3.0786,3.0771,3.0786,3.0821,3.0836,3.0821,3.0836,4
2026-05-15 07:45:00,3.0781,3.0781,3.0776,3.0776,3.0831,3.0831,3.0826,3.0826,2
2026-05-15 07:46:00,3.0771,3.0786,3.0771,3.0786,3.0821,3.0836,3.0821,3.0836,6
2026-05-15 07:47:00,3.0781,3.0786,3.0771,3.0781,3.0831,3.0836,3.0821,3.0831,8
2026-05-15 07:48:00,3.0786,3.0801,3.0771,3.0771,3.0836,3.0851,3.0821,3.0821,12
2026-05-15 07:49:00,3.0776,3.0786,3.0776,3.0786,3.0826,3.0836,3.0826,3.0836,11
2026-05-15 07:50:00,3.0781,3.0781,3.0771,3.0781,3.0831,3.0831,3.0821,3.0831,4
2026-05-15 07:51:00,3.0776,3.0781,3.0771,3.0781,3.0826,3.0831,3.0821,3.0831,3
2026-05-15 07:52:00,3.0786,3.0786,3.0786,3.0786,3.0836,3.0836,3.0836,3.0836,1
2026-05-15 07:53:00,3.0791,3.0791,3.0781,3.0781,3.0841,3.0841,3.0831,3.0831,7
2026-05-15 07:55:00,3.0786,3.0786,3.0766,3.0776,3.0836,3.0836,3.0816,3.0826,8
2026-05-15 07:56:00,3.0771,3.0771,3.0771,3.0771,3.0821,3.0821,3.0821,3.0821,1
2026-05-15 07:58:00,3.0776,3.0781,3.0776,3.0781,3.0826,3.0831,3.0826,3.0831,2
2026-05-15 07:59:00,3.0776,3.0781,3.0771,3.0771,3.0826,3.0831,3.0821,3.0821,3
2026-05-15 08:00:00,3.0761,3.0761,3.0756,3.0756,3.0811,3.0811,3.0806,3.0806,2
2026-05-15 08:01:00,3.0751,3.0751,3.0711,3.0741,3.0801,3.0801,3.0761,3.0791,21
2026-05-15 08:02:00,3.0751,3.0751,3.0716,3.0716,3.0801,3.0801,3.0766,3.0766,8
2026-05-15 08:03:00,3.0711,3.0726,3.0711,3.0726,3.0761,3.0776,3.0761,3.0776,5
2026-05-15 08:04:00,3.0721,3.0741,3.0721,3.0741,3.0771,3.0791,3.0771,3.0791,4
2026-05-15 08:05:00,3.0751,3.0756,3.0751,3.0751,3.0801,3.0806,3.0801,3.0801,5
2026-05-15 08:06:00,3.0746,3.0761,3.0741,3.0761,3.0796,3.0811,3.0791,3.0811,8
2026-05-15 08:07:00,3.0751,3.0781,3.0751,3.0766,3.0801,3.0831,3.0801,3.0816,12
2026-05-15 08:08:00,3.0761,3.0761,3.0751,3.0751,3.0811,3.0811,3.0801,3.0801,3
2026-05-15 08:09:00,3.0756,3.0761,3.0746,3.0746,3.0806,3.0811,3.0796,3.0796,9
2026-05-15 08:10:00,3.0751,3.0761,3.0741,3.0741,3.0801,3.0811,3.0791,3.0791,8
2026-05-15 08:13:00,3.0746,3.0761,3.0746,3.0756,3.0796,3.0811,3.0796,3.0806,5
2026-05-15 08:14:00,3.0751,3.0751,3.0751,3.0751,3.0801,3.0801,3.0801,3.0801,1
2026-05-15 08:15:00,3.0756,3.0756,3.0741,3.0741,3.0806,3.0806,3.0791,3.0791,3
2026-05-15 08:16:00,3.0731,3.0741,3.0731,3.0741,3.0781,3.0791,3.0781,3.0791,4
2026-05-15 08:17:00,3.0736,3.0736,3.0731,3.0731,3.0786,3.0786,3.0781,3.0781,2
2026-05-15 08:18:00,3.0736,3.0741,3.0736,3.0741,3.0786,3.0791,3.0786,3.0791,2
2026-05-15 08:23:00,3.0746,3.0751,3.0741,3.0741,3.0796,3.0801,3.0791,3.0791,3
2026-05-15 08:25:00,3.0746,3.0761,3.0746,3.0751,3.0796,3.0811,3.0796,3.0801,4
2026-05-15 08:26:00,3.0756,3.0756,3.0751,3.0751,3.0806,3.0806,3.0801,3.0801,2
2026-05-15 08:28:00,3.0756,3.0756,3.0751,3.0751,3.0806,3.0806,3.0801,3.0801,4
2026-05-15 08:30:00,3.0756,3.0761,3.0731,3.0751,3.0806,3.0811,3.0781,3.0801,12
2026-05-15 08:31:00,3.0741,3.0741,3.0731,3.0741,3.0791,3.0791,3.0781,3.0791,6
2026-05-15 08:33:00,3.0736,3.0751,3.0726,3.0751,3.0786,3.0801,3.0776,3.0801,12
2026-05-15 08:34:00,3.0746,3.0746,3.0741,3.0741,3.0796,3.0796,3.0791,3.0791,2
2026-05-15 08:35:00,3.0746,3.0751,3.0741,3.0751,3.0796,3.0801,3.0791,3.0801,3
2026-05-15 08:37:00,3.0756,3.0761,3.0756,3.0761,3.0806,3.0811,3.0806,3.0811,2
2026-05-15 08:40:00,3.0751,3.0756,3.0741,3.0751,3.0801,3.0806,3.0791,3.0801,6
2026-05-15 08:41:00,3.0761,3.0761,3.0761,3.0761,3.0811,3.0811,3.0811,3.0811,1
2026-05-15 08:42:00,3.0766,3.0766,3.0751,3.0756,3.0816,3.0816,3.0801,3.0806,8
2026-05-15 08:43:00,3.0751,3.0751,3.0741,3.0741,3.0801,3.0801,3.0791,3.0791,3
2026-05-15 08:44:00,3.0746,3.0761,3.0741,3.0761,3.0796,3.0811,3.0791,3.0811,7
2026-05-15 08:46:00,3.0766,3.0766,3.0766,3.0766,3.0816,3.0816,3.0816,3.0816,1
2026-05-15 08:47:00,3.0761,3.0781,3.0761,3.0771,3.0811,3.0831,3.0811,3.0821,6
2026-05-15 08:48:00,3.0776,3.0781,3.0776,3.0781,3.0826,3.0831,3.0826,3.0831,2
2026-05-15 08:49:00,3.0776,3.0776,3.0761,3.0766,3.0826,3.0826,3.0811,3.0816,7
2026-05-15 08:50:00,3.0771,3.0771,3.0751,3.0756,3.0821,3.0821,3.0801,3.0806,10
2026-05-15 08:51:00,3.0751,3.0766,3.0751,3.0766,3.0801,3.0816,3.0801,3.0816,6
2026-05-15 08:52:00,3.0761,3.0781,3.0761,3.0771,3.0811,3.0831,3.0811,3.0821,6
2026-05-15 08:53:00,3.0776,3.0776,3.0771,3.0776,3.0826,3.0826,3.0821,3.0826,3
2026-05-15 08:54:00,3.0771,3.0776,3.0771,3.0771,3.0821,3.0826,3.0821,3.0821,5
2026-05-15 08:55:00,3.0781,3.0781,3.0776,3.0781,3.0831,3.0831,3.0826,3.0831,3
2026-05-15 08:58:00,3.0791,3.0811,3.0781,3.0786,3.0841,3.0861,3.0831,3.0836,12
2026-05-15 08:59:00,3.0791,3.0791,3.0781,3.0781,3.0841,3.0841,3.0831,3.0831,3
2026-05-15 09:00:00,3.0786,3.0831,3.0786,3.0821,3.0836,3.0881,3.0836,3.0871,18
2026-05-15 09:01:00,3.0826,3.0841,3.0821,3.0841,3.0876,3.0891,3.0871,3.0891,8
2026-05-15 09:02:00,3.0851,3.0861,3.0841,3.0846,3.0901,3.0911,3.0891,3.0896,17
2026-05-15 09:03:00,3.0851,3.0856,3.0836,3.0856,3.0901,3.0906,3.0886,3.0906,11
2026-05-15 09:04:00,3.0851,3.0861,3.0851,3.0851,3.0901,3.0911,3.0901,3.0901,5
2026-05-15 09:05:00,3.0861,3.0861,3.0851,3.0861,3.0911,3.0911,3.0901,3.0911,6
2026-05-15 09:06:00,3.0871,3.0891,3.0871,3.0891,3.0921,3.0941,3.0921,3.0941,5
2026-05-15 09:07:00,3.0881,3.0901,3.0881,3.0901,3.0931,3.0951,3.0931,3.0951,7
2026-05-15 09:08:00,3.0891,3.0901,3.0891,3.0901,3.0941,3.0951,3.0941,3.0951,5
2026-05-15 09:09:00,3.0896,3.0901,3.0891,3.0901,3.0946,3.0951,3.0941,3.0951,6
2026-05-15 09:10:00,3.0911,3.0941,3.0911,3.0941,3.0961,3.0991,3.0961,3.0991,4
2026-05-15 09:12:00,3.0936,3.0951,3.0931,3.0941,3.0986,3.1001,3.0981,3.0991,23
2026-05-15 09:13:00,3.0951,3.0951,3.0911,3.0921,3.1001,3.1001,3.0961,3.0971,11
2026-05-15 09:14:00,3.0916,3.0916,3.0881,3.0891,3.0966,3.0966,3.0931,3.0941,11
2026-05-15 09:15:00,3.0881,3.0901,3.0871,3.0891,3.0931,3.0951,3.0921,3.0941,24
2026-05-15 09:16:00,3.0896,3.0911,3.0896,3.0911,3.0946,3.0961,3.0946,3.0961,6
2026-05-15 09:17:00,3.0921,3.0931,3.0921,3.0931,3.0971,3.0981,3.0971,3.0981,7
2026-05-15 09:18:00,3.0921,3.0921,3.0896,3.0896,3.0971,3.0971,3.0946,3.0946,4
2026-05-15 09:19:00,3.0901,3.0901,3.0891,3.0891,3.0951,3.0951,3.0941,3.0941,5
2026-05-15 09:20:00,3.0881,3.0896,3.0851,3.0861,3.0931,3.0946,3.0901,3.0911,35
2026-05-15 09:21:00,3.0866,3.0871,3.0851,3.0851,3.0916,3.0921,3.0901,3.0901,16
2026-05-15 09:22:00,3.0856,3.0871,3.0851,3.0871,3.0906,3.0921,3.0901,3.0921,14
2026-05-15 09:23:00,3.0876,3.0886,3.0861,3.0861,3.0926,3.0936,3.0911,3.0911,13
2026-05-15 09:24:00,3.0856,3.0871,3.0851,3.0861,3.0906,3.0921,3.0901,3.0911,11
2026-05-15 09:26:00,3.0866,3.0866,3.0861,3.0861,3.0916,3.0916,3.0911,3.0911,6
2026-05-15 09:27:00,3.0866,3.0866,3.0861,3.0866,3.0916,3.0916,3.0911,3.0916,3
2026-05-15 09:28:00,3.0861,3.0861,3.0861,3.0861,3.0911,3.0911,3.0911,3.0911,1
2026-05-15 09:29:00,3.0871,3.0876,3.0866,3.0876,3.0921,3.0926,3.0916,3.0926,11
2026-05-15 09:30:00,3.0881,3.0891,3.0861,3.0861,3.0931,3.0941,3.0911,3.0911,7
2026-05-15 09:31:00,3.0871,3.0871,3.0861,3.0866,3.0921,3.0921,3.0911,3.0916,4
2026-05-15 09:32:00,3.0871,3.0871,3.0861,3.0861,3.0921,3.0921,3.0911,3.0911,7
2026-05-15 09:33:00,3.0856,3.0901,3.0851,3.0896,3.0906,3.0951,3.0901,3.0946,20
2026-05-15 09:34:00,3.0891,3.0896,3.0881,3.0881,3.0941,3.0946,3.0931,3.0931,4
2026-05-15 09:35:00,3.0886,3.0891,3.0871,3.0871,3.0936,3.0941,3.0921,3.0921,11
2026-05-15 09:36:00,3.0866,3.0881,3.0866,3.0876,3.0916,3.0931,3.0916,3.0926,15
2026-05-15 09:37:00,3.0871,3.0891,3.0871,3.0886,3.0921,3.0941,3.0921,3.0936,5
2026-05-15 09:38:00,3.0891,3.0896,3.0891,3.0896,3.0941,3.0946,3.0941,3.0946,2
2026-05-15 09:39:00,3.0886,3.0891,3.0886,3.0891,3.0936,3.0941,3.0936,3.0941,4
2026-05-15 09:40:00,3.0886,3.0891,3.0881,3.0881,3.0936,3.0941,3.0931,3.0931,3
2026-05-15 09:41:00,3.0876,3.0876,3.0871,3.0871,3.0926,3.0926,3.0921,3.0921,2
2026-05-15 09:42:00,3.0876,3.0876,3.0871,3.0871,3.0926,3.0926,3.0921,3.0921,2
2026-05-15 09:43:00,3.0866,3.0871,3.0866,3.0866,3.0916,3.0921,3.0916,3.0916,3
2026-05-15 09:44:00,3.0871,3.0881,3.0871,3.0881,3.0921,3.0931,3.0921,3.0931,2
2026-05-15 09:45:00,3.0886,3.0891,3.0881,3.0881,3.0936,3.0941,3.0931,3.0931,6
2026-05-15 09:46:00,3.0886,3.0891,3.0881,3.0886,3.0936,3.0941,3.0931,3.0936,5
2026-05-15 09:47:00,3.0881,3.0891,3.0881,3.0891,3.0931,3.0941,3.0931,3.0941,4
2026-05-15 09:48:00,3.0886,3.0891,3.0881,3.0886,3.0936,3.0941,3.0931,3.0936,5
2026-05-15 09:49:00,3.0881,3.0891,3.0881,3.0891,3.0931,3.0941,3.0931,3.0941,5
2026-05-15 09:52:00,3.0896,3.0901,3.0891,3.0891,3.0946,3.0951,3.0941,3.0941,5
2026-05-15 09:53:00,3.0901,3.0911,3.0891,3.0911,3.0951,3.0961,3.0941,3.0961,4
2026-05-15 09:54:00,3.0906,3.0911,3.0901,3.0901,3.0956,3.0961,3.0951,3.0951,6
2026-05-15 09:55:00,3.0906,3.0911,3.0876,3.0891,3.0956,3.0961,3.0926,3.0941,8
2026-05-15 09:56:00,3.0886,3.0891,3.0881,3.0891,3.0936,3.0941,3.0931,3.0941,3
2026-05-15 09:57:00,3.0881,3.0901,3.0881,3.0891,3.0931,3.0951,3.0931,3.0941,4
2026-05-15 09:58:00,3.0896,3.0901,3.0891,3.0901,3.0946,3.0951,3.0941,3.0951,3
2026-05-15 09:59:00,3.0896,3.0901,3.0891,3.0901,3.0946,3.0951,3.0941,3.0951,15
2026-05-15 10:00:00,3.0906,3.0916,3.0901,3.0901,3.0956,3.0966,3.0951,3.0951,7
2026-05-15 10:01:00,3.0911,3.0916,3.0911,3.0911,3.0961,3.0966,3.0961,3.0961,3
2026-05-15 10:02:00,3.0906,3.0911,3.0906,3.0911,3.0956,3.0961,3.0956,3.0961,2
2026-05-15 10:03:00,3.0906,3.0906,3.0896,3.0896,3.0956,3.0956,3.0946,3.0946,3
2026-05-15 10:04:00,3.0901,3.0921,3.0901,3.0916,3.0951,3.0971,3.0951,3.0966,4
2026-05-15 10:05:00,3.0911,3.0931,3.0911,3.0931,3.0961,3.0981,3.0961,3.0981,5
2026-05-15 10:06:00,3.0941,3.0941,3.0931,3.0931,3.0991,3.0991,3.0981,3.0981,6
2026-05-15 10:07:00,3.0936,3.0941,3.0931,3.0931,3.0986,3.0991,3.0981,3.0981,11
2026-05-15 10:08:00,3.0936,3.0941,3.0931,3.0936,3.0986,3.0991,3.0981,3.0986,18
2026-05-15 10:09:00,3.0931,3.0931,3.0926,3.0931,3.0981,3.0981,3.0976,3.0981,3
2026-05-15 10:11:00,3.0936,3.0951,3.0931,3.0951,3.0986,3.1001,3.0981,3.1001,8
2026-05-15 10:12:00,3.0946,3.0951,3.0946,3.0951,3.0996,3.1001,3.0996,3.1001,2
2026-05-15 10:13:00,3.0961,3.0961,3.0941,3.0941,3.1011,3.1011,3.0991,3.0991,6
2026-05-15 10:14:00,3.0951,3.0951,3.0941,3.0941,3.1001,3.1001,3.0991,3.0991,4
2026-05-15 10:16:00,3.0931,3.1011,3.0911,3.0961,3.0981,3.1061,3.0961,3.1011,50
2026-05-15 10:17:00,3.0971,3.1001,3.0961,3.0961,3.1021,3.1051,3.1011,3.1011,28
2026-05-15 10:18:00,3.0956,3.0976,3.0946,3.0971,3.1006,3.1026,3.0996,3.1021,31
2026-05-15 10:19:00,3.0991,3.1021,3.0971,3.1001,3.1041,3.1071,3.1021,3.1051,34
2026-05-15 10:20:00,3.1006,3.1011,3.1001,3.1001,3.1056,3.1061,3.1051,3.1051,11
2026-05-15 10:21:00,3.1006,3.1101,3.1006,3.1076,3.1056,3.1151,3.1056,3.1126,57
2026-05-15 10:22:00,3.1081,3.1091,3.1071,3.1081,3.1131,3.1141,3.1121,3.1131,16
2026-05-15 10:23:00,3.1086,3.1086,3.1061,3.1071,3.1136,3.1136,3.1111,3.1121,20
2026-05-15 10:24:00,3.1076,3.1086,3.1071,3.1071,3.1126,3.1136,3.1121,3.1121,16
2026-05-15 10:25:00,3.1081,3.1096,3.1071,3.1071,3.1131,3.1146,3.1121,3.1121,25
2026-05-15 10:26:00,3.1076,3.1086,3.1051,3.1061,3.1126,3.1136,3.1101,3.1111,26
2026-05-15 10:27:00,3.1066,3.1076,3.1036,3.1036,3.1116,3.1126,3.1086,3.1086,17
2026-05-15 10:28:00,3.1041,3.1056,3.1041,3.1056,3.1091,3.1106,3.1091,3.1106,6
2026-05-15 10:29:00,3.1061,3.1061,3.1031,3.1041,3.1111,3.1111,3.1081,3.1091,8
2026-05-15 10:30:00,3.1031,3.1061,3.1021,3.1051,3.1081,3.1111,3.1071,3.1101,22
2026-05-15 10:31:00,3.1056,3.1061,3.1041,3.1046,3.1106,3.1111,3.1091,3.1096,13
2026-05-15 10:32:00,3.1041,3.1051,3.1016,3.1021,3.1091,3.1101,3.1066,3.1071,12
2026-05-15 10:33:00,3.1026,3.1031,3.1011,3.1021,3.1076,3.1081,3.1061,3.1071,7
2026-05-15 10:34:00,3.1016,3.1021,3.1011,3.1011,3.1066,3.1071,3.1061,3.1061,6
2026-05-15 10:35:00,3.1021,3.1031,3.1011,3.1011,3.1071,3.1081,3.1061,3.1061,20
2026-05-15 10:36:00,3.1001,3.1021,3.1001,3.1011,3.1051,3.1071,3.1051,3.1061,10
2026-05-15 10:37:00,3.1016,3.1021,3.1011,3.1011,3.1066,3.1071,3.1061,3.1061,4
2026-05-15 10:38:00,3.1016,3.1061,3.1011,3.1051,3.1066,3.1111,3.1061,3.1101,18
2026-05-15 10:39:00,3.1061,3.1061,3.1051,3.1051,3.1111,3.1111,3.1101,3.1101,15
2026-05-15 10:40:00,3.1056,3.1061,3.1041,3.1046,3.1106,3.1111,3.1091,3.1096,10
2026-05-15 10:41:00,3.1041,3.1051,3.1031,3.1031,3.1091,3.1101,3.1081,3.1081,5
2026-05-15 10:42:00,3.1041,3.1041,3.1031,3.1031,3.1091,3.1091,3.1081,3.1081,8
2026-05-15 10:43:00,3.1036,3.1041,3.1036,3.1041,3.1086,3.1091,3.1086,3.1091,2
2026-05-15 10:44:00,3.1051,3.1081,3.1051,3.1081,3.1101,3.1131,3.1101,3.1131,14
2026-05-15 10:45:00,3.1086,3.1101,3.1086,3.1091,3.1136,3.1151,3.1136,3.1141,35
2026-05-15 10:46:00,3.1096,3.1116,3.1091,3.1101,3.1146,3.1166,3.1141,3.1151,8
2026-05-15 10:48:00,3.1106,3.1111,3.1106,3.1111,3.1156,3.1161,3.1156,3.1161,2
2026-05-15 10:49:00,3.1116,3.1121,3.1106,3.1111,3.1166,3.1171,3.1156,3.1161,7
2026-05-15 10:50:00,3.1116,3.1121,3.1111,3.1121,3.1166,3.1171,3.1161,3.1171,4
2026-05-15 10:51:00,3.1116,3.1116,3.1061,3.1061,3.1166,3.1166,3.1111,3.1111,14
2026-05-15 10:52:00,3.1066,3.1071,3.1061,3.1061,3.1116,3.1121,3.1111,3.1111,11
2026-05-15 10:53:00,3.1051,3.1061,3.1041,3.1056,3.1101,3.1111,3.1091,3.1106,11
2026-05-15 10:54:00,3.1061,3.1061,3.1051,3.1056,3.1111,3.1111,3.1101,3.1106,6
2026-05-15 10:55:00,3.1051,3.1051,3.1031,3.1031,3.1101,3.1101,3.1081,3.1081,7
2026-05-15 10:56:00,3.1036,3.1041,3.1011,3.1026,3.1086,3.1091,3.1061,3.1076,18
2026-05-15 10:57:00,3.1021,3.1031,3.1021,3.1031,3.1071,3.1081,3.1071,3.1081,10
2026-05-15 10:58:00,3.1041,3.1081,3.1041,3.1076,3.1091,3.1131,3.1091,3.1126,19
2026-05-15 10:59:00,3.1081,3.1106,3.1076,3.1091,3.1131,3.1156,3.1126,3.1141,37
2026-05-15 11:00:00,3.1086,3.1086,3.1031,3.1051,3.1136,3.1136,3.1081,3.1101,35
2026-05-15 11:01:00,3.1041,3.1041,3.1016,3.1031,3.1091,3.1091,3.1066,3.1081,12
2026-05-15 11:02:00,3.1036,3.1036,3.1021,3.1026,3.1086,3.1086,3.1071,3.1076,13
2026-05-15 11:03:00,3.1021,3.1031,3.1011,3.1011,3.1071,3.1081,3.1061,3.1061,7
2026-05-15 11:04:00,3.1021,3.1021,3.0981,3.0986,3.1071,3.1071,3.1031,3.1036,25
2026-05-15 11:05:00,3.0981,3.0981,3.0961,3.0971,3.1031,3.1031,3.1011,3.1021,19
2026-05-15 11:06:00,3.0966,3.0981,3.0961,3.0971,3.1016,3.1031,3.1011,3.1021,15
2026-05-15 11:07:00,3.0981,3.0981,3.0981,3.0981,3.1031,3.1031,3.1031,3.1031,1
2026-05-15 11:08:00,3.0971,3.0981,3.0971,3.0976,3.1021,3.1031,3.1021,3.1026,7
2026-05-15 11:09:00,3.0971,3.0981,3.0966,3.0971,3.1021,3.1031,3.1016,3.1021,16
2026-05-15 11:10:00,3.0966,3.0976,3.0961,3.0961,3.1016,3.1026,3.1011,3.1011,8
2026-05-15 11:11:00,3.0956,3.0961,3.0946,3.0961,3.1006,3.1011,3.0996,3.1011,11
2026-05-15 11:12:00,3.0966,3.1001,3.0966,3.0996,3.1016,3.1051,3.1016,3.1046,18
2026-05-15 11:13:00,3.1001,3.1036,3.0996,3.1026,3.1051,3.1086,3.1046,3.1076,16
2026-05-15 11:14:00,3.1021,3.1026,3.1006,3.1026,3.1071,3.1076,3.1056,3.1076,18
2026-05-15 11:15:00,3.1031,3.1031,3.1021,3.1021,3.1081,3.1081,3.1071,3.1071,11
2026-05-15 11:16:00,3.1026,3.1031,3.1016,3.1021,3.1076,3.1081,3.1066,3.1071,7
2026-05-15 11:17:00,3.1011,3.1011,3.0991,3.0996,3.1061,3.1061,3.1041,3.1046,13
2026-05-15 11:18:00,3.0991,3.1001,3.0976,3.0976,3.1041,3.1051,3.1026,3.1026,17
2026-05-15 11:19:00,3.0981,3.0981,3.0971,3.0976,3.1031,3.1031,3.1021,3.1026,8
2026-05-15 11:20:00,3.0981,3.0981,3.0976,3.0981,3.1031,3.1031,3.1026,3.1031,3
2026-05-15 11:21:00,3.0976,3.0976,3.0951,3.0961,3.1026,3.1026,3.1001,3.1011,17
2026-05-15 11:22:00,3.0966,3.0991,3.0966,3.0976,3.1016,3.1041,3.1016,3.1026,20
2026-05-15 11:23:00,3.0981,3.0981,3.0961,3.0971,3.1031,3.1031,3.1011,3.1021,13
2026-05-15 11:24:00,3.0966,3.0971,3.0961,3.0966,3.1016,3.1021,3.1011,3.1016,9
2026-05-15 11:25:00,3.0971,3.0976,3.0961,3.0961,3.1021,3.1026,3.1011,3.1011,14
2026-05-15 11:26:00,3.0956,3.0961,3.0951,3.0961,3.1006,3.1011,3.1001,3.1011,3
2026-05-15 11:27:00,3.0966,3.0991,3.0966,3.0976,3.1016,3.1041,3.1016,3.1026,17
2026-05-15 11:28:00,3.0971,3.0986,3.0971,3.0981,3.1021,3.1036,3.1021,3.1031,7
2026-05-15 11:29:00,3.0991,3.1021,3.0991,3.1021,3.1041,3.1071,3.1041,3.1071,8
2026-05-15 11:30:00,3.1031,3.1031,3.1001,3.1016,3.1081,3.1081,3.1051,3.1066,12
2026-05-15 11:31:00,3.1011,3.1021,3.1011,3.1021,3.1061,3.1071,3.1061,3.1071,3
2026-05-15 11:32:00,3.1016,3.1021,3.1011,3.1021,3.1066,3.1071,3.1061,3.1071,17
2026-05-15 11:33:00,3.1016,3.1031,3.1016,3.1031,3.1066,3.1081,3.1066,3.1081,6
2026-05-15 11:34:00,3.1026,3.1031,3.1021,3.1021,3.1076,3.1081,3.1071,3.1071,10
2026-05-15 11:35:00,3.1011,3.1031,3.1011,3.1021,3.1061,3.1081,3.1061,3.1071,14
2026-05-15 11:36:00,3.1026,3.1031,3.1021,3.1026,3.1076,3.1081,3.1071,3.1076,17
2026-05-15 11:37:00,3.1021,3.1026,3.1021,3.1021,3.1071,3.1076,3.1071,3.1071,9
2026-05-15 11:38:00,3.1016,3.1021,3.0991,3.1006,3.1066,3.1071,3.1041,3.1056,16
2026-05-15 11:39:00,3.1011,3.1011,3.1001,3.1011,3.1061,3.1061,3.1051,3.1061,5
2026-05-15 11:40:00,3.1001,3.1006,3.0996,3.1006,3.1051,3.1056,3.1046,3.1056,7
2026-05-15 11:41:00,3.1011,3.1041,3.1011,3.1031,3.1061,3.1091,3.1061,3.1081,40
2026-05-15 11:42:00,3.1036,3.1071,3.1031,3.1031,3.1086,3.1121,3.1081,3.1081,25
2026-05-15 11:43:00,3.1021,3.1061,3.1021,3.1051,3.1071,3.1111,3.1071,3.1101,8
2026-05-15 11:44:00,3.1041,3.1041,3.1021,3.1021,3.1091,3.1091,3.1071,3.1071,5
2026-05-15 11:45:00,3.1016,3.1031,3.1011,3.1026,3.1066,3.1081,3.1061,3.1076,8
2026-05-15 11:46:00,3.1031,3.1061,3.1031,3.1051,3.1081,3.1111,3.1081,3.1101,8
2026-05-15 11:47:00,3.1056,3.1061,3.1051,3.1056,3.1106,3.1111,3.1101,3.1106,15
2026-05-15 11:48:00,3.1051,3.1056,3.1051,3.1056,3.1101,3.1106,3.1101,3.1106,30
2026-05-15 11:49:00,3.1061,3.1066,3.1061,3.1066,3.1111,3.1116,3.1111,3.1116,2
2026-05-15 11:50:00,3.1061,3.1071,3.1061,3.1071,3.1111,3.1121,3.1111,3.1121,2
2026-05-15 11:51:00,3.1066,3.1066,3.1021,3.1021,3.1116,3.1116,3.1071,3.1071,10
2026-05-15 11:52:00,3.1011,3.1021,3.1001,3.1011,3.1061,3.1071,3.1051,3.1061,15
2026-05-15 11:53:00,3.1016,3.1031,3.1011,3.1011,3.1066,3.1081,3.1061,3.1061,7
2026-05-15 11:54:00,3.1016,3.1021,3.0991,3.0991,3.1066,3.1071,3.1041,3.1041,12
2026-05-15 11:55:00,3.0996,3.1006,3.0961,3.0971,3.1046,3.1056,3.1011,3.1021,21
2026-05-15 11:56:00,3.0966,3.0986,3.0951,3.0981,3.1016,3.1036,3.1001,3.1031,18
2026-05-15 11:57:00,3.0976,3.0981,3.0971,3.0981,3.1026,3.1031,3.1021,3.1031,10
2026-05-15 11:58:00,3.0976,3.0981,3.0976,3.0976,3.1026,3.1031,3.1026,3.1026,7
2026-05-15 11:59:00,3.0971,3.0971,3.0861,3.0891,3.1021,3.1021,3.0911,3.0941,41
2026-05-15 12:00:00,3.0896,3.0911,3.0866,3.0866,3.0946,3.0961,3.0916,3.0916,23
2026-05-15 12:01:00,3.0871,3.0881,3.0866,3.0866,3.0921,3.0931,3.0916,3.0916,16
2026-05-15 12:02:00,3.0871,3.0881,3.0856,3.0881,3.0921,3.0931,3.0906,3.0931,13
2026-05-15 12:03:00,3.0871,3.0881,3.0871,3.0871,3.0921,3.0931,3.0921,3.0921,4
2026-05-15 12:04:00,3.0876,3.0881,3.0861,3.0861,3.0926,3.0931,3.0911,3.0911,13
2026-05-15 12:05:00,3.0866,3.0921,3.0851,3.0911,3.0916,3.0971,3.0901,3.0961,21
2026-05-15 12:06:00,3.0906,3.0906,3.0871,3.0891,3.0956,3.0956,3.0921,3.0941,15
2026-05-15 12:07:00,3.0886,3.0891,3.0886,3.0891,3.0936,3.0941,3.0936,3.0941,2
2026-05-15 12:08:00,3.0886,3.0891,3.0881,3.0881,3.0936,3.0941,3.0931,3.0931,4
2026-05-15 12:09:00,3.0891,3.0936,3.0861,3.0926,3.0941,3.0986,3.0911,3.0976,33
2026-05-15 12:10:00,3.0921,3.0951,3.0911,3.0911,3.0971,3.1001,3.0961,3.0961,19
2026-05-15 12:11:00,3.0921,3.0931,3.0921,3.0926,3.0971,3.0981,3.0971,3.0976,4
2026-05-15 12:12:00,3.0916,3.0916,3.0901,3.0901,3.0966,3.0966,3.0951,3.0951,3
2026-05-15 12:13:00,3.0911,3.0921,3.0911,3.0911,3.0961,3.0971,3.0961,3.0961,6
2026-05-15 12:14:00,3.0906,3.0916,3.0901,3.0911,3.0956,3.0966,3.0951,3.0961,13
2026-05-15 12:15:00,3.0906,3.0906,3.0781,3.0796,3.0956,3.0956,3.0831,3.0846,39
2026-05-15 12:16:00,3.0801,3.0816,3.0801,3.0801,3.0851,3.0866,3.0851,3.0851,6
2026-05-15 12:17:00,3.0796,3.0811,3.0791,3.0806,3.0846,3.0861,3.0841,3.0856,14
2026-05-15 12:18:00,3.0811,3.0821,3.0781,3.0781,3.0861,3.0871,3.0831,3.0831,14
2026-05-15 12:19:00,3.0776,3.0791,3.0771,3.0791,3.0826,3.0841,3.0821,3.0841,9
2026-05-15 12:20:00,3.0781,3.0791,3.0721,3.0731,3.0831,3.0841,3.0771,3.0781,27
2026-05-15 12:21:00,3.0736,3.0751,3.0731,3.0751,3.0786,3.0801,3.0781,3.0801,5
2026-05-15 12:22:00,3.0761,3.0761,3.0726,3.0726,3.0811,3.0811,3.0776,3.0776,12
2026-05-15 12:23:00,3.0721,3.0731,3.0711,3.0716,3.0771,3.0781,3.0761,3.0766,16
2026-05-15 12:24:00,3.0711,3.0721,3.0691,3.0721,3.0761,3.0771,3.0741,3.0771,18
2026-05-15 12:25:00,3.0726,3.0756,3.0726,3.0751,3.0776,3.0806,3.0776,3.0801,22
2026-05-15 12:26:00,3.0746,3.0766,3.0741,3.0751,3.0796,3.0816,3.0791,3.0801,11
2026-05-15 12:27:00,3.0756,3.0771,3.0751,3.0751,3.0806,3.0821,3.0801,3.0801,7
2026-05-15 12:28:00,3.0761,3.0771,3.0761,3.0771,3.0811,3.0821,3.0811,3.0821,5
2026-05-15 12:29:00,3.0766,3.0766,3.0751,3.0761,3.0816,3.0816,3.0801,3.0811,8
2026-05-15 12:30:00,3.0756,3.0791,3.0756,3.0791,3.0806,3.0841,3.0806,3.0841,8
2026-05-15 12:31:00,3.0786,3.0801,3.0786,3.0796,3.0836,3.0851,3.0836,3.0846,15
2026-05-15 12:32:00,3.0791,3.0801,3.0781,3.0791,3.0841,3.0851,3.0831,3.0841,16
2026-05-15 12:33:00,3.0781,3.0791,3.0756,3.0781,3.0831,3.0841,3.0806,3.0831,15
2026-05-15 12:34:00,3.0791,3.0791,3.0776,3.0781,3.0841,3.0841,3.0826,3.0831,9
2026-05-15 12:35:00,3.0776,3.0781,3.0771,3.0771,3.0826,3.0831,3.0821,3.0821,4
2026-05-15 12:36:00,3.0761,3.0791,3.0761,3.0781,3.0811,3.0841,3.0811,3.0831,15
2026-05-15 12:37:00,3.0786,3.0791,3.0771,3.0771,3.0836,3.0841,3.0821,3.0821,8
2026-05-15 12:38:00,3.0776,3.0781,3.0761,3.0771,3.0826,3.0831,3.0811,3.0821,5
2026-05-15 12:39:00,3.0776,3.0791,3.0771,3.0791,3.0826,3.0841,3.0821,3.0841,14
2026-05-15 12:40:00,3.0796,3.0811,3.0786,3.0801,3.0846,3.0861,3.0836,3.0851,16
2026-05-15 12:41:00,3.0796,3.0816,3.0791,3.0801,3.0846,3.0866,3.0841,3.0851,26
2026-05-15 12:42:00,3.0796,3.0811,3.0791,3.0801,3.0846,3.0861,3.0841,3.0851,18
2026-05-15 12:43:00,3.0791,3.0801,3.0791,3.0791,3.0841,3.0851,3.0841,3.0841,3
2026-05-15 12:44:00,3.0786,3.0796,3.0736,3.0746,3.0836,3.0846,3.0786,3.0796,27
2026-05-15 12:45:00,3.0751,3.0771,3.0736,3.0741,3.0801,3.0821,3.0786,3.0791,36
2026-05-15 12:46:00,3.0736,3.0746,3.0681,3.0686,3.0786,3.0796,3.0731,3.0736,49
2026-05-15 12:47:00,3.0681,3.0701,3.0671,3.0701,3.0731,3.0751,3.0721,3.0751,21
2026-05-15 12:48:00,3.0696,3.0706,3.0621,3.0646,3.0746,3.0756,3.0671,3.0696,45
2026-05-15 12:49:00,3.0641,3.0666,3.0621,3.0656,3.0691,3.0716,3.0671,3.0706,22
2026-05-15 12:50:00,3.0661,3.0661,3.0621,3.0651,3.0711,3.0711,3.0671,3.0701,19
2026-05-15 12:51:00,3.0646,3.0651,3.0621,3.0646,3.0696,3.0701,3.0671,3.0696,25
2026-05-15 12:52:00,3.0641,3.0651,3.0626,3.0641,3.0691,3.0701,3.0676,3.0691,20
2026-05-15 12:53:00,3.0636,3.0666,3.0636,3.0656,3.0686,3.0716,3.0686,3.0706,17
2026-05-15 12:54:00,3.0661,3.0696,3.0661,3.0686,3.0711,3.0746,3.0711,3.0736,26
2026-05-15 12:55:00,3.0696,3.0711,3.0681,3.0686,3.0746,3.0761,3.0731,3.0736,15
2026-05-15 12:56:00,3.0691,3.0701,3.0681,3.0701,3.0741,3.0751,3.0731,3.0751,10
2026-05-15 12:57:00,3.0696,3.0731,3.0681,3.0701,3.0746,3.0781,3.0731,3.0751,42
2026-05-15 12:58:00,3.0691,3.0721,3.0691,3.0721,3.0741,3.0771,3.0741,3.0771,11
2026-05-15 12:59:00,3.0716,3.0741,3.0711,3.0721,3.0766,3.0791,3.0761,3.0771,32
2026-05-15 13:00:00,3.0726,3.0751,3.0721,3.0751,3.0776,3.0801,3.0771,3.0801,17
2026-05-15 13:01:00,3.0746,3.0781,3.0741,3.0766,3.0796,3.0831,3.0791,3.0816,19
2026-05-15 13:02:00,3.0771,3.0771,3.0731,3.0756,3.0821,3.0821,3.0781,3.0806,24
2026-05-15 13:03:00,3.0751,3.0791,3.0751,3.0786,3.0801,3.0841,3.0801,3.0836,28
2026-05-15 13:04:00,3.0791,3.0791,3.0751,3.0771,3.0841,3.0841,3.0801,3.0821,20
2026-05-15 13:05:00,3.0776,3.0781,3.0706,3.0731,3.0826,3.0831,3.0756,3.0781,27
2026-05-15 13:06:00,3.0721,3.0736,3.0706,3.0731,3.0771,3.0786,3.0756,3.0781,25
2026-05-15 13:07:00,3.0741,3.0766,3.0731,3.0761,3.0791,3.0816,3.0781,3.0811,17
2026-05-15 13:08:00,3.0771,3.0771,3.0761,3.0761,3.0821,3.0821,3.0811,3.0811,7
2026-05-15 13:09:00,3.0756,3.0756,3.0726,3.0731,3.0806,3.0806,3.0776,3.0781,20
2026-05-15 13:10:00,3.0721,3.0731,3.0671,3.0671,3.0771,3.0781,3.0721,3.0721,34
2026-05-15 13:11:00,3.0676,3.0691,3.0671,3.0686,3.0726,3.0741,3.0721,3.0736,13
2026-05-15 13:12:00,3.0681,3.0701,3.0671,3.0681,3.0731,3.0751,3.0721,3.0731,16
2026-05-15 13:13:00,3.0676,3.0691,3.0676,3.0681,3.0726,3.0741,3.0726,3.0731,9
2026-05-15 13:14:00,3.0671,3.0671,3.0651,3.0661,3.0721,3.0721,3.0701,3.0711,13
2026-05-15 13:15:00,3.0666,3.0741,3.0661,3.0731,3.0716,3.0791,3.0711,3.0781,20
2026-05-15 13:16:00,3.0736,3.0741,3.0716,3.0731,3.0786,3.0791,3.0766,3.0781,11
2026-05-15 13:17:00,3.0726,3.0751,3.0726,3.0741,3.0776,3.0801,3.0776,3.0791,16
2026-05-15 13:18:00,3.0746,3.0751,3.0726,3.0736,3.0796,3.0801,3.0776,3.0786,24
2026-05-15 13:19:00,3.0731,3.0741,3.0731,3.0736,3.0781,3.0791,3.0781,3.0786,10
2026-05-15 13:20:00,3.0741,3.0771,3.0741,3.0761,3.0791,3.0821,3.0791,3.0811,17
2026-05-15 13:21:00,3.0756,3.0831,3.0741,3.0831,3.0806,3.0881,3.0791,3.0881,34
2026-05-15 13:22:00,3.0826,3.0841,3.0801,3.0801,3.0876,3.0891,3.0851,3.0851,23
2026-05-15 13:23:00,3.0806,3.0831,3.0781,3.0781,3.0856,3.0881,3.0831,3.0831,21
2026-05-15 13:24:00,3.0786,3.0831,3.0786,3.0821,3.0836,3.0881,3.0836,3.0871,16
2026-05-15 13:25:00,3.0816,3.0826,3.0791,3.0821,3.0866,3.0876,3.0841,3.0871,20
2026-05-15 13:26:00,3.0811,3.0811,3.0801,3.0811,3.0861,3.0861,3.0851,3.0861,6
2026-05-15 13:27:00,3.0816,3.0821,3.0811,3.0811,3.0866,3.0871,3.0861,3.0861,5
2026-05-15 13:28:00,3.0821,3.0821,3.0781,3.0781,3.0871,3.0871,3.0831,3.0831,5
2026-05-15 13:29:00,3.0771,3.0771,3.0681,3.0691,3.0821,3.0821,3.0731,3.0741,25
2026-05-15 13:30:00,3.0681,3.0711,3.0671,3.0706,3.0731,3.0761,3.0721,3.0756,15
2026-05-15 13:31:00,3.0711,3.0721,3.0711,3.0716,3.0761,3.0771,3.0761,3.0766,5
2026-05-15 13:32:00,3.0711,3.0711,3.0646,3.0681,3.0761,3.0761,3.0696,3.0731,42
2026-05-15 13:33:00,3.0686,3.0691,3.0661,3.0661,3.0736,3.0741,3.0711,3.0711,10
2026-05-15 13:34:00,3.0671,3.0681,3.0661,3.0671,3.0721,3.0731,3.0711,3.0721,9
2026-05-15 13:35:00,3.0681,3.0691,3.0676,3.0691,3.0731,3.0741,3.0726,3.0741,9
2026-05-15 13:36:00,3.0711,3.0766,3.0711,3.0736,3.0761,3.0816,3.0761,3.0786,25
2026-05-15 13:37:00,3.0751,3.0751,3.0731,3.0731,3.0801,3.0801,3.0781,3.0781,10
2026-05-15 13:38:00,3.0736,3.0751,3.0726,3.0741,3.0786,3.0801,3.0776,3.0791,9
2026-05-15 13:39:00,3.0731,3.0741,3.0731,3.0741,3.0781,3.0791,3.0781,3.0791,10
2026-05-15 13:40:00,3.0736,3.0741,3.0711,3.0721,3.0786,3.0791,3.0761,3.0771,9
2026-05-15 13:41:00,3.0716,3.0716,3.0681,3.0711,3.0766,3.0766,3.0731,3.0761,17
2026-05-15 13:42:00,3.0716,3.0751,3.0711,3.0741,3.0766,3.0801,3.0761,3.0791,16
2026-05-15 13:43:00,3.0736,3.0736,3.0731,3.0731,3.0786,3.0786,3.0781,3.0781,4
2026-05-15 13:44:00,3.0736,3.0766,3.0736,3.0761,3.0786,3.0816,3.0786,3.0811,7
2026-05-15 13:45:00,3.0751,3.0761,3.0751,3.0751,3.0801,3.0811,3.0801,3.0801,6
2026-05-15 13:46:00,3.0756,3.0831,3.0756,3.0811,3.0806,3.0881,3.0806,3.0861,24
2026-05-15 13:47:00,3.0826,3.1011,3.0826,3.0981,3.0876,3.1061,3.0876,3.1031,81
2026-05-15 13:48:00,3.0976,3.0981,3.0926,3.0941,3.1026,3.1031,3.0976,3.0991,28
2026-05-15 13:49:00,3.0931,3.0941,3.0911,3.0921,3.0981,3.0991,3.0961,3.0971,32
2026-05-15 13:50:00,3.0931,3.0976,3.0901,3.0901,3.0981,3.1026,3.0951,3.0951,22
2026-05-15 13:51:00,3.0891,3.0896,3.0831,3.0851,3.0941,3.0946,3.0881,3.0901,38
2026-05-15 13:52:00,3.0856,3.0861,3.0851,3.0851,3.0906,3.0911,3.0901,3.0901,15
2026-05-15 13:53:00,3.0856,3.0881,3.0771,3.0791,3.0906,3.0931,3.0821,3.0841,70
2026-05-15 13:54:00,3.0786,3.0861,3.0786,3.0831,3.0836,3.0911,3.0836,3.0881,62
2026-05-15 13:55:00,3.0836,3.0841,3.0721,3.0801,3.0886,3.0891,3.0771,3.0851,42
2026-05-15 13:56:00,3.0811,3.0811,3.0496,3.0631,3.0861,3.0861,3.0546,3.0681,147
2026-05-15 13:57:00,3.0626,3.0641,3.0571,3.0621,3.0676,3.0691,3.0621,3.0671,65
2026-05-15 13:58:00,3.0616,3.0681,3.0616,3.0681,3.0666,3.0731,3.0666,3.0731,34
2026-05-15 13:59:00,3.0686,3.0761,3.0661,3.0711,3.0736,3.0811,3.0711,3.0761,62
2026-05-15 14:00:00,3.0701,3.0706,3.0626,3.0681,3.0751,3.0756,3.0676,3.0731,54
2026-05-15 14:01:00,3.0686,3.0766,3.0686,3.0731,3.0736,3.0816,3.0736,3.0781,40
2026-05-15 14:02:00,3.0726,3.0831,3.0721,3.0821,3.0776,3.0881,3.0771,3.0871,43
2026-05-15 14:03:00,3.0841,3.0961,3.0841,3.0951,3.0891,3.1011,3.0891,3.1001,129
2026-05-15 14:04:00,3.1001,3.1011,3.0951,3.0951,3.1051,3.1061,3.1001,3.1001,94
2026-05-15 14:05:00,3.0956,3.1001,3.0941,3.0991,3.1006,3.1051,3.0991,3.1041,74
2026-05-15 14:06:00,3.0986,3.1041,3.0971,3.1031,3.1036,3.1091,3.1021,3.1081,77
2026-05-15 14:07:00,3.1036,3.1051,3.1016,3.1036,3.1086,3.1101,3.1066,3.1086,63
2026-05-15 14:08:00,3.1031,3.1031,3.0981,3.0991,3.1081,3.1081,3.1031,3.1041,41
2026-05-15 14:09:00,3.0986,3.1011,3.0971,3.1011,3.1036,3.1061,3.1021,3.1061,60
2026-05-15 14:10:00,3.1006,3.1061,3.1001,3.1021,3.1056,3.1111,3.1051,3.1071,68
2026-05-15 14:11:00,3.1031,3.1211,3.1021,3.1171,3.1081,3.1261,3.1071,3.1221,114
2026-05-15 14:12:00,3.1176,3.1201,3.1131,3.1136,3.1226,3.1251,3.1181,3.1186,44
2026-05-15 14:13:00,3.1141,3.1151,3.1121,3.1121,3.1191,3.1201,3.1171,3.1171,41
2026-05-15 14:14:00,3.1126,3.1141,3.1126,3.1131,3.1176,3.1191,3.1176,3.1181,10
2026-05-15 14:15:00,3.1141,3.1141,3.1021,3.1031,3.1191,3.1191,3.1071,3.1081,53
2026-05-15 14:16:00,3.1026,3.1076,3.1011,3.1076,3.1076,3.1126,3.1061,3.1126,33
2026-05-15 14:17:00,3.1081,3.1101,3.1061,3.1081,3.1131,3.1151,3.1111,3.1131,27
2026-05-15 14:18:00,3.1086,3.1101,3.1071,3.1086,3.1136,3.1151,3.1121,3.1136,36
2026-05-15 14:19:00,3.1091,3.1171,3.1091,3.1131,3.1141,3.1221,3.1141,3.1181,63
2026-05-15 14:20:00,3.1126,3.1141,3.1101,3.1106,3.1176,3.1191,3.1151,3.1156,43
2026-05-15 14:21:00,3.1101,3.1106,3.1061,3.1091,3.1151,3.1156,3.1111,3.1141,32
2026-05-15 14:22:00,3.1096,3.1111,3.1076,3.1081,3.1146,3.1161,3.1126,3.1131,23
2026-05-15 14:23:00,3.1086,3.1121,3.1056,3.1076,3.1136,3.1171,3.1106,3.1126,48
2026-05-15 14:24:00,3.1071,3.1141,3.1071,3.1131,3.1121,3.1191,3.1121,3.1181,33
2026-05-15 14:25:00,3.1126,3.1151,3.1126,3.1131,3.1176,3.1201,3.1176,3.1181,16
2026-05-15 14:26:00,3.1121,3.1151,3.1081,3.1086,3.1171,3.1201,3.1131,3.1136,31
2026-05-15 14:27:00,3.1096,3.1131,3.1061,3.1071,3.1146,3.1181,3.1111,3.1121,37
2026-05-15 14:28:00,3.1076,3.1111,3.1071,3.1081,3.1126,3.1161,3.1121,3.1131,29
2026-05-15 14:29:00,3.1086,3.1106,3.1081,3.1096,3.1136,3.1156,3.1131,3.1146,45
2026-05-15 14:30:00,3.1086,3.1086,3.0971,3.0971,3.1136,3.1136,3.1021,3.1021,41
2026-05-15 14:31:00,3.0966,3.0991,3.0931,3.0981,3.1016,3.1041,3.0981,3.1031,56
2026-05-15 14:32:00,3.0996,3.1031,3.0991,3.1011,3.1046,3.1081,3.1041,3.1061,33
2026-05-15 14:33:00,3.1016,3.1051,3.1006,3.1011,3.1066,3.1101,3.1056,3.1061,26
2026-05-15 14:34:00,3.1001,3.1021,3.0991,3.1011,3.1051,3.1071,3.1041,3.1061,14
2026-05-15 14:35:00,3.1016,3.1071,3.1006,3.1021,3.1066,3.1121,3.1056,3.1071,38
2026-05-15 14:36:00,3.1016,3.1016,3.0961,3.0971,3.1066,3.1066,3.1011,3.1021,28
2026-05-15 14:37:00,3.0981,3.0981,3.0961,3.0971,3.1031,3.1031,3.1011,3.1021,11
2026-05-15 14:38:00,3.0966,3.0971,3.0921,3.0921,3.1016,3.1021,3.0971,3.0971,33
2026-05-15 14:39:00,3.0926,3.0981,3.0921,3.0981,3.0976,3.1031,3.0971,3.1031,18
2026-05-15 14:40:00,3.0976,3.1001,3.0931,3.0931,3.1026,3.1051,3.0981,3.0981,31
2026-05-15 14:41:00,3.0941,3.1001,3.0941,3.0991,3.0991,3.1051,3.0991,3.1041,28
2026-05-15 14:42:00,3.0986,3.1006,3.0971,3.0996,3.1036,3.1056,3.1021,3.1046,16
2026-05-15 14:43:00,3.0986,3.1006,3.0981,3.1006,3.1036,3.1056,3.1031,3.1056,21
2026-05-15 14:44:00,3.1001,3.1161,3.0991,3.1151,3.1051,3.1211,3.1041,3.1201,103
2026-05-15 14:45:00,3.1141,3.1181,3.1071,3.1076,3.1191,3.1231,3.1121,3.1126,70
2026-05-15 14:46:00,3.1071,3.1081,3.1041,3.1061,3.1121,3.1131,3.1091,3.1111,30
2026-05-15 14:47:00,3.1066,3.1091,3.1051,3.1071,3.1116,3.1141,3.1101,3.1121,19
2026-05-15 14:48:00,3.1061,3.1071,3.1021,3.1031,3.1111,3.1121,3.1071,3.1081,24
2026-05-15 14:49:00,3.1036,3.1061,3.1031,3.1051,3.1086,3.1111,3.1081,3.1101,30
2026-05-15 14:50:00,3.1046,3.1046,3.0901,3.0926,3.1096,3.1096,3.0951,3.0976,57
2026-05-15 14:51:00,3.0931,3.0981,3.0911,3.0966,3.0981,3.1031,3.0961,3.1016,52
2026-05-15 14:52:00,3.0971,3.0971,3.0931,3.0946,3.1021,3.1021,3.0981,3.0996,19
2026-05-15 14:53:00,3.0941,3.0981,3.0921,3.0981,3.0991,3.1031,3.0971,3.1031,33
2026-05-15 14:54:00,3.0971,3.1041,3.0961,3.1026,3.1021,3.1091,3.1011,3.1076,46
2026-05-15 14:55:00,3.1021,3.1031,3.1001,3.1011,3.1071,3.1081,3.1051,3.1061,19
2026-05-15 14:56:00,3.1001,3.1071,3.1001,3.1051,3.1051,3.1121,3.1051,3.1101,46
2026-05-15 14:57:00,3.1041,3.1061,3.1026,3.1061,3.1091,3.1111,3.1076,3.1111,36
2026-05-15 14:58:00,3.1051,3.1051,3.1011,3.1021,3.1101,3.1101,3.1061,3.1071,36
2026-05-15 14:59:00,3.1011,3.1021,3.0971,3.1016,3.1061,3.1071,3.1021,3.1066,50
2026-05-15 15:00:00,3.1011,3.1131,3.0991,3.1061,3.1061,3.1181,3.1041,3.1111,144
2026-05-15 15:01:00,3.1051,3.1051,3.0981,3.1041,3.1101,3.1101,3.1031,3.1091,50
2026-05-15 15:02:00,3.1051,3.1061,3.1031,3.1051,3.1101,3.1111,3.1081,3.1101,31
2026-05-15 15:03:00,3.1046,3.1101,3.1041,3.1041,3.1096,3.1151,3.1091,3.1091,49
2026-05-15 15:04:00,3.1036,3.1131,3.1011,3.1081,3.1086,3.1181,3.1061,3.1131,81
2026-05-15 15:05:00,3.1076,3.1086,3.1051,3.1061,3.1126,3.1136,3.1101,3.1111,32
2026-05-15 15:06:00,3.1056,3.1081,3.1041,3.1081,3.1106,3.1131,3.1091,3.1131,21
2026-05-15 15:07:00,3.1071,3.1131,3.1061,3.1121,3.1121,3.1181,3.1111,3.1171,47
2026-05-15 15:08:00,3.1116,3.1181,3.1111,3.1131,3.1166,3.1231,3.1161,3.1181,73
2026-05-15 15:09:00,3.1121,3.1161,3.1081,3.1081,3.1171,3.1211,3.1131,3.1131,57
2026-05-15 15:10:00,3.1076,3.1151,3.1071,3.1116,3.1126,3.1201,3.1121,3.1166,50
2026-05-15 15:11:00,3.1111,3.1156,3.1111,3.1141,3.1161,3.1206,3.1161,3.1191,48
2026-05-15 15:12:00,3.1146,3.1241,3.1131,3.1211,3.1196,3.1291,3.1181,3.1261,52
2026-05-15 15:13:00,3.1221,3.1231,3.1181,3.1201,3.1271,3.1281,3.1231,3.1251,58
2026-05-15 15:14:00,3.1196,3.1231,3.1161,3.1211,3.1246,3.1281,3.1211,3.1261,54
2026-05-15 15:15:00,3.1201,3.1241,3.1141,3.1141,3.1251,3.1291,3.1191,3.1191,68
2026-05-15 15:16:00,3.1131,3.1171,3.1121,3.1171,3.1181,3.1221,3.1171,3.1221,72
2026-05-15 15:17:00,3.1176,3.1231,3.1171,3.1191,3.1226,3.1281,3.1221,3.1241,56
2026-05-15 15:18:00,3.1186,3.1211,3.1121,3.1186,3.1236,3.1261,3.1171,3.1236,74
2026-05-15 15:19:00,3.1176,3.1181,3.1091,3.1101,3.1226,3.1231,3.1141,3.1151,39
2026-05-15 15:20:00,3.1091,3.1111,3.1021,3.1111,3.1141,3.1161,3.1071,3.1161,78
2026-05-15 15:21:00,3.1106,3.1171,3.1106,3.1141,3.1156,3.1221,3.1156,3.1191,38
2026-05-15 15:22:00,3.1151,3.1151,3.1081,3.1091,3.1201,3.1201,3.1131,3.1141,42
2026-05-15 15:23:00,3.1086,3.1086,3.1061,3.1081,3.1136,3.1136,3.1111,3.1131,13
2026-05-15 15:24:00,3.1071,3.1081,3.1041,3.1071,3.1121,3.1131,3.1091,3.1121,20
2026-05-15 15:25:00,3.1066,3.1091,3.1061,3.1081,3.1116,3.1141,3.1111,3.1131,14
2026-05-15 15:26:00,3.1071,3.1081,3.1071,3.1081,3.1121,3.1131,3.1121,3.1131,2
2026-05-15 15:27:00,3.1071,3.1091,3.1071,3.1091,3.1121,3.1141,3.1121,3.1141,12
2026-05-15 15:28:00,3.1081,3.1081,3.1061,3.1071,3.1131,3.1131,3.1111,3.1121,5
2026-05-15 15:29:00,3.1076,3.1086,3.1026,3.1041,3.1126,3.1136,3.1076,3.1091,50
2026-05-15 15:30:00,3.1036,3.1141,3.1031,3.1111,3.1086,3.1191,3.1081,3.1161,42
2026-05-15 15:31:00,3.1116,3.1116,3.1061,3.1071,3.1166,3.1166,3.1111,3.1121,16
2026-05-15 15:32:00,3.1066,3.1116,3.1061,3.1101,3.1116,3.1166,3.1111,3.1151,23
2026-05-15 15:33:00,3.1091,3.1101,3.1076,3.1091,3.1141,3.1151,3.1126,3.1141,18
2026-05-15 15:34:00,3.1086,3.1086,3.1041,3.1081,3.1136,3.1136,3.1091,3.1131,26
2026-05-15 15:35:00,3.1071,3.1091,3.1071,3.1071,3.1121,3.1141,3.1121,3.1121,18
2026-05-15 15:36:00,3.1066,3.1071,3.0961,3.0991,3.1116,3.1121,3.1011,3.1041,44
2026-05-15 15:37:00,3.0986,3.1041,3.0971,3.1031,3.1036,3.1091,3.1021,3.1081,52
2026-05-15 15:38:00,3.1026,3.1041,3.1021,3.1026,3.1076,3.1091,3.1071,3.1076,22
2026-05-15 15:39:00,3.1021,3.1041,3.1011,3.1011,3.1071,3.1091,3.1061,3.1061,20
2026-05-15 15:40:00,3.1016,3.1021,3.0991,3.0991,3.1066,3.1071,3.1041,3.1041,20
2026-05-15 15:41:00,3.0996,3.1011,3.0971,3.0971,3.1046,3.1061,3.1021,3.1021,28
2026-05-15 15:42:00,3.0976,3.0981,3.0916,3.0931,3.1026,3.1031,3.0966,3.0981,26
2026-05-15 15:43:00,3.0936,3.0941,3.0911,3.0931,3.0986,3.0991,3.0961,3.0981,19
2026-05-15 15:44:00,3.0936,3.0971,3.0931,3.0961,3.0986,3.1021,3.0981,3.1011,30
2026-05-15 15:45:00,3.0956,3.0981,3.0941,3.0941,3.1006,3.1031,3.0991,3.0991,19
2026-05-15 15:46:00,3.0936,3.0961,3.0911,3.0941,3.0986,3.1011,3.0961,3.0991,32
2026-05-15 15:47:00,3.0936,3.0971,3.0931,3.0951,3.0986,3.1021,3.0981,3.1001,28
2026-05-15 15:48:00,3.0956,3.0971,3.0941,3.0961,3.1006,3.1021,3.0991,3.1011,26
2026-05-15 15:49:00,3.0956,3.0971,3.0951,3.0971,3.1006,3.1021,3.1001,3.1021,16
2026-05-15 15:50:00,3.0966,3.0981,3.0941,3.0961,3.1016,3.1031,3.0991,3.1011,35
2026-05-15 15:51:00,3.0971,3.1021,3.0971,3.1021,3.1021,3.1071,3.1021,3.1071,17
2026-05-15 15:52:00,3.1026,3.1031,3.0996,3.1001,3.1076,3.1081,3.1046,3.1051,14
2026-05-15 15:53:00,3.1006,3.1006,3.0981,3.0981,3.1056,3.1056,3.1031,3.1031,20
2026-05-15 15:54:00,3.0976,3.0991,3.0976,3.0991,3.1026,3.1041,3.1026,3.1041,15
2026-05-15 15:55:00,3.0996,3.1011,3.0981,3.0986,3.1046,3.1061,3.1031,3.1036,20
2026-05-15 15:56:00,3.0991,3.1011,3.0986,3.0996,3.1041,3.1061,3.1036,3.1046,13
2026-05-15 15:57:00,3.1001,3.1001,3.0956,3.0991,3.1051,3.1051,3.1006,3.1041,39
2026-05-15 15:58:00,3.0996,3.1071,3.0996,3.1046,3.1046,3.1121,3.1046,3.1096,60
2026-05-15 15:59:00,3.1051,3.1051,3.1021,3.1026,3.1101,3.1101,3.1071,3.1076,25
2026-05-15 16:00:00,3.1021,3.1056,3.0961,3.0976,3.1071,3.1106,3.1011,3.1026,36
2026-05-15 16:01:00,3.0981,3.0991,3.0971,3.0976,3.1031,3.1041,3.1021,3.1026,19
2026-05-15 16:02:00,3.0981,3.1001,3.0921,3.0931,3.1031,3.1051,3.0971,3.0981,42
2026-05-15 16:03:00,3.0926,3.0981,3.0926,3.0981,3.0976,3.1031,3.0976,3.1031,43
2026-05-15 16:04:00,3.0976,3.0981,3.0961,3.0971,3.1026,3.1031,3.1011,3.1021,24
2026-05-15 16:05:00,3.0961,3.0976,3.0911,3.0931,3.1011,3.1026,3.0961,3.0981,46
2026-05-15 16:06:00,3.0941,3.0941,3.0841,3.0846,3.0991,3.0991,3.0891,3.0896,60
2026-05-15 16:07:00,3.0841,3.0846,3.0676,3.0771,3.0891,3.0896,3.0726,3.0821,99
2026-05-15 16:08:00,3.0781,3.0821,3.0781,3.0821,3.0831,3.0871,3.0831,3.0871,39
2026-05-15 16:09:00,3.0826,3.0891,3.0816,3.0881,3.0876,3.0941,3.0866,3.0931,30
2026-05-15 16:10:00,3.0876,3.0901,3.0841,3.0851,3.0926,3.0951,3.0891,3.0901,53
2026-05-15 16:11:00,3.0856,3.0876,3.0851,3.0871,3.0906,3.0926,3.0901,3.0921,17
2026-05-15 16:12:00,3.0866,3.0871,3.0851,3.0866,3.0916,3.0921,3.0901,3.0916,15
2026-05-15 16:13:00,3.0851,3.0861,3.0821,3.0861,3.0901,3.0911,3.0871,3.0911,28
2026-05-15 16:14:00,3.0856,3.0861,3.0821,3.0831,3.0906,3.0911,3.0871,3.0881,27
2026-05-15 16:15:00,3.0836,3.0881,3.0836,3.0866,3.0886,3.0931,3.0886,3.0916,25
2026-05-15 16:16:00,3.0861,3.0891,3.0861,3.0891,3.0911,3.0941,3.0911,3.0941,20
2026-05-15 16:17:00,3.0886,3.0891,3.0861,3.0881,3.0936,3.0941,3.0911,3.0931,24
2026-05-15 16:18:00,3.0891,3.0891,3.0861,3.0866,3.0941,3.0941,3.0911,3.0916,16
2026-05-15 16:19:00,3.0861,3.0866,3.0841,3.0851,3.0911,3.0916,3.0891,3.0901,21
2026-05-15 16:20:00,3.0846,3.0861,3.0841,3.0861,3.0896,3.0911,3.0891,3.0911,8
2026-05-15 16:21:00,3.0866,3.0961,3.0866,3.0946,3.0916,3.1011,3.0916,3.0996,38
2026-05-15 16:22:00,3.0951,3.0951,3.0911,3.0916,3.1001,3.1001,3.0961,3.0966,28
2026-05-15 16:23:00,3.0911,3.0951,3.0911,3.0951,3.0961,3.1001,3.0961,3.1001,18
2026-05-15 16:24:00,3.0941,3.0981,3.0941,3.0976,3.0991,3.1031,3.0991,3.1026,19
2026-05-15 16:25:00,3.0971,3.0991,3.0971,3.0981,3.1021,3.1041,3.1021,3.1031,12
2026-05-15 16:26:00,3.0991,3.1011,3.0991,3.1011,3.1041,3.1061,3.1041,3.1061,8
2026-05-15 16:27:00,3.1016,3.1051,3.1016,3.1041,3.1066,3.1101,3.1066,3.1091,23
2026-05-15 16:28:00,3.1051,3.1081,3.1041,3.1081,3.1101,3.1131,3.1091,3.1131,10
2026-05-15 16:29:00,3.1091,3.1101,3.1071,3.1076,3.1141,3.1151,3.1121,3.1126,25
2026-05-15 16:30:00,3.1066,3.1151,3.1056,3.1141,3.1116,3.1201,3.1106,3.1191,44
2026-05-15 16:31:00,3.1146,3.1151,3.1121,3.1121,3.1196,3.1201,3.1171,3.1171,55
2026-05-15 16:32:00,3.1126,3.1141,3.1106,3.1121,3.1176,3.1191,3.1156,3.1171,30
2026-05-15 16:33:00,3.1126,3.1141,3.1121,3.1131,3.1176,3.1191,3.1171,3.1181,22
2026-05-15 16:34:00,3.1136,3.1141,3.1131,3.1141,3.1186,3.1191,3.1181,3.1191,7
2026-05-15 16:35:00,3.1131,3.1151,3.1121,3.1141,3.1181,3.1201,3.1171,3.1191,30
2026-05-15 16:36:00,3.1131,3.1156,3.1131,3.1156,3.1181,3.1206,3.1181,3.1206,24
2026-05-15 16:37:00,3.1146,3.1181,3.1141,3.1141,3.1196,3.1231,3.1191,3.1191,29
2026-05-15 16:38:00,3.1146,3.1161,3.1141,3.1161,3.1196,3.1211,3.1191,3.1211,13
2026-05-15 16:39:00,3.1166,3.1171,3.1166,3.1171,3.1216,3.1221,3.1216,3.1221,2
2026-05-15 16:40:00,3.1176,3.1191,3.1151,3.1181,3.1226,3.1241,3.1201,3.1231,39
2026-05-15 16:41:00,3.1176,3.1191,3.1171,3.1191,3.1226,3.1241,3.1221,3.1241,17
2026-05-15 16:42:00,3.1186,3.1231,3.1176,3.1221,3.1236,3.1281,3.1226,3.1271,51
2026-05-15 16:43:00,3.1226,3.1231,3.1171,3.1191,3.1276,3.1281,3.1221,3.1241,36
2026-05-15 16:44:00,3.1196,3.1196,3.1161,3.1171,3.1246,3.1246,3.1211,3.1221,7
2026-05-15 16:45:00,3.1176,3.1181,3.1121,3.1126,3.1226,3.1231,3.1171,3.1176,45
2026-05-15 16:46:00,3.1121,3.1161,3.1121,3.1126,3.1171,3.1211,3.1171,3.1176,18
2026-05-15 16:47:00,3.1131,3.1131,3.1091,3.1111,3.1181,3.1181,3.1141,3.1161,45
2026-05-15 16:48:00,3.1116,3.1141,3.1116,3.1141,3.1166,3.1191,3.1166,3.1191,16
2026-05-15 16:49:00,3.1151,3.1156,3.1131,3.1141,3.1201,3.1206,3.1181,3.1191,7
2026-05-15 16:50:00,3.1136,3.1141,3.1131,3.1131,3.1186,3.1191,3.1181,3.1181,3
2026-05-15 16:51:00,3.1141,3.1151,3.1121,3.1121,3.1191,3.1201,3.1171,3.1171,15
2026-05-15 16:52:00,3.1111,3.1141,3.1111,3.1131,3.1161,3.1191,3.1161,3.1181,9
2026-05-15 16:53:00,3.1136,3.1151,3.1131,3.1151,3.1186,3.1201,3.1181,3.1201,19
2026-05-15 16:54:00,3.1146,3.1181,3.1141,3.1171,3.1196,3.1231,3.1191,3.1221,26
2026-05-15 16:55:00,3.1166,3.1166,3.1141,3.1151,3.1216,3.1216,3.1191,3.1201,20
2026-05-15 16:56:00,3.1141,3.1151,3.1131,3.1131,3.1191,3.1201,3.1181,3.1181,30
2026-05-15 16:57:00,3.1136,3.1141,3.1111,3.1126,3.1186,3.1191,3.1161,3.1176,20
2026-05-15 16:58:00,3.1131,3.1191,3.1121,3.1171,3.1181,3.1241,3.1171,3.1221,41
2026-05-15 16:59:00,3.1161,3.1171,3.1151,3.1161,3.1211,3.1221,3.1201,3.1211,8
2026-05-15 17:00:00,3.1151,3.1191,3.1141,3.1191,3.1201,3.1241,3.1191,3.1241,25
2026-05-15 17:01:00,3.1181,3.1201,3.1181,3.1191,3.1231,3.1251,3.1231,3.1241,13
2026-05-15 17:02:00,3.1186,3.1201,3.1171,3.1191,3.1236,3.1251,3.1221,3.1241,13
2026-05-15 17:03:00,3.1181,3.1186,3.1181,3.1181,3.1231,3.1236,3.1231,3.1231,5
2026-05-15 17:04:00,3.1186,3.1191,3.1181,3.1191,3.1236,3.1241,3.1231,3.1241,9
2026-05-15 17:05:00,3.1196,3.1201,3.1181,3.1186,3.1246,3.1251,3.1231,3.1236,24
2026-05-15 17:06:00,3.1181,3.1186,3.1171,3.1176,3.1231,3.1236,3.1221,3.1226,12
2026-05-15 17:07:00,3.1181,3.1181,3.1171,3.1176,3.1231,3.1231,3.1221,3.1226,4
2026-05-15 17:08:00,3.1186,3.1191,3.1181,3.1186,3.1236,3.1241,3.1231,3.1236,24
2026-05-15 17:09:00,3.1191,3.1191,3.1151,3.1161,3.1241,3.1241,3.1201,3.1211,25
2026-05-15 17:10:00,3.1156,3.1161,3.1131,3.1151,3.1206,3.1211,3.1181,3.1201,31
2026-05-15 17:11:00,3.1156,3.1171,3.1151,3.1171,3.1206,3.1221,3.1201,3.1221,16
2026-05-15 17:12:00,3.1176,3.1191,3.1171,3.1176,3.1226,3.1241,3.1221,3.1226,16
2026-05-15 17:13:00,3.1181,3.1181,3.1161,3.1161,3.1231,3.1231,3.1211,3.1211,13
2026-05-15 17:14:00,3.1166,3.1191,3.1166,3.1181,3.1216,3.1241,3.1216,3.1231,11
2026-05-15 17:15:00,3.1191,3.1191,3.1131,3.1141,3.1241,3.1241,3.1181,3.1191,43
2026-05-15 17:16:00,3.1146,3.1161,3.1141,3.1151,3.1196,3.1211,3.1191,3.1201,20
2026-05-15 17:17:00,3.1146,3.1151,3.1131,3.1141,3.1196,3.1201,3.1181,3.1191,9
2026-05-15 17:18:00,3.1131,3.1131,3.1051,3.1081,3.1181,3.1181,3.1101,3.1131,31
2026-05-15 17:19:00,3.1076,3.1091,3.1071,3.1086,3.1126,3.1141,3.1121,3.1136,9
2026-05-15 17:20:00,3.1091,3.1131,3.1091,3.1121,3.1141,3.1181,3.1141,3.1171,27
2026-05-15 17:21:00,3.1111,3.1131,3.1111,3.1116,3.1161,3.1181,3.1161,3.1166,17
2026-05-15 17:22:00,3.1111,3.1131,3.1111,3.1131,3.1161,3.1181,3.1161,3.1181,8
2026-05-15 17:23:00,3.1126,3.1131,3.1126,3.1131,3.1176,3.1181,3.1176,3.1181,2
2026-05-15 17:24:00,3.1126,3.1131,3.1106,3.1111,3.1176,3.1181,3.1156,3.1161,17
2026-05-15 17:25:00,3.1101,3.1121,3.1101,3.1121,3.1151,3.1171,3.1151,3.1171,8
2026-05-15 17:26:00,3.1111,3.1131,3.1111,3.1121,3.1161,3.1181,3.1161,3.1171,6
2026-05-15 17:27:00,3.1111,3.1136,3.1111,3.1136,3.1161,3.1186,3.1161,3.1186,12
2026-05-15 17:28:00,3.1141,3.1161,3.1136,3.1151,3.1191,3.1211,3.1186,3.1201,16
2026-05-15 17:29:00,3.1146,3.1161,3.1141,3.1151,3.1196,3.1211,3.1191,3.1201,18
2026-05-15 17:30:00,3.1141,3.1171,3.1061,3.1076,3.1191,3.1221,3.1111,3.1126,34
2026-05-15 17:31:00,3.1081,3.1081,3.1066,3.1076,3.1131,3.1131,3.1116,3.1126,16
2026-05-15 17:32:00,3.1081,3.1136,3.1071,3.1136,3.1131,3.1186,3.1121,3.1186,21
2026-05-15 17:33:00,3.1131,3.1141,3.1111,3.1111,3.1181,3.1191,3.1161,3.1161,24
2026-05-15 17:34:00,3.1106,3.1141,3.1101,3.1136,3.1156,3.1191,3.1151,3.1186,24
2026-05-15 17:35:00,3.1126,3.1131,3.1071,3.1091,3.1176,3.1181,3.1121,3.1141,30
2026-05-15 17:36:00,3.1081,3.1101,3.1081,3.1091,3.1131,3.1151,3.1131,3.1141,5
2026-05-15 17:37:00,3.1096,3.1101,3.1071,3.1071,3.1146,3.1151,3.1121,3.1121,9
2026-05-15 17:38:00,3.1076,3.1091,3.1071,3.1081,3.1126,3.1141,3.1121,3.1131,9
2026-05-15 17:39:00,3.1071,3.1081,3.1051,3.1081,3.1121,3.1131,3.1101,3.1131,14
2026-05-15 17:40:00,3.1076,3.1081,3.1061,3.1071,3.1126,3.1131,3.1111,3.1121,5
2026-05-15 17:41:00,3.1061,3.1071,3.1061,3.1071,3.1111,3.1121,3.1111,3.1121,16
2026-05-15 17:42:00,3.1081,3.1081,3.1071,3.1071,3.1131,3.1131,3.1121,3.1121,20
2026-05-15 17:43:00,3.1081,3.1111,3.1081,3.1101,3.1131,3.1161,3.1131,3.1151,10
2026-05-15 17:44:00,3.1096,3.1101,3.1091,3.1091,3.1146,3.1151,3.1141,3.1141,13
2026-05-15 17:45:00,3.1081,3.1141,3.1081,3.1131,3.1131,3.1191,3.1131,3.1181,20
2026-05-15 17:46:00,3.1126,3.1131,3.1081,3.1101,3.1176,3.1181,3.1131,3.1151,14
2026-05-15 17:47:00,3.1106,3.1116,3.1106,3.1111,3.1156,3.1166,3.1156,3.1161,6
2026-05-15 17:48:00,3.1116,3.1131,3.1101,3.1111,3.1166,3.1181,3.1151,3.1161,9
2026-05-15 17:49:00,3.1106,3.1126,3.1101,3.1121,3.1156,3.1176,3.1151,3.1171,12
2026-05-15 17:50:00,3.1131,3.1171,3.1126,3.1131,3.1181,3.1221,3.1176,3.1181,33
2026-05-15 17:51:00,3.1141,3.1151,3.1131,3.1141,3.1191,3.1201,3.1181,3.1191,15
2026-05-15 17:52:00,3.1131,3.1141,3.1121,3.1141,3.1181,3.1191,3.1171,3.1191,11
2026-05-15 17:53:00,3.1131,3.1151,3.1131,3.1141,3.1181,3.1201,3.1181,3.1191,9
2026-05-15 17:54:00,3.1146,3.1151,3.1141,3.1141,3.1196,3.1201,3.1191,3.1191,4
2026-05-15 17:55:00,3.1146,3.1161,3.1131,3.1131,3.1196,3.1211,3.1181,3.1181,17
2026-05-15 17:56:00,3.1136,3.1141,3.1121,3.1136,3.1186,3.1191,3.1171,3.1186,6
2026-05-15 17:57:00,3.1141,3.1141,3.1101,3.1111,3.1191,3.1191,3.1151,3.1161,20
2026-05-15 17:58:00,3.1101,3.1151,3.1091,3.1146,3.1151,3.1201,3.1141,3.1196,26
2026-05-15 17:59:00,3.1151,3.1151,3.1126,3.1131,3.1201,3.1201,3.1176,3.1181,40
2026-05-15 18:00:00,3.1126,3.1131,3.1081,3.1101,3.1176,3.1181,3.1131,3.1151,32
2026-05-15 18:01:00,3.1061,3.1061,3.0981,3.1006,3.1111,3.1111,3.1031,3.1056,92
2026-05-15 18:02:00,3.1011,3.1051,3.1001,3.1051,3.1061,3.1101,3.1051,3.1101,50
2026-05-15 18:03:00,3.1041,3.1056,3.1031,3.1041,3.1091,3.1106,3.1081,3.1091,16
2026-05-15 18:05:00,3.1036,3.1051,3.1031,3.1041,3.1086,3.1101,3.1081,3.1091,17
2026-05-15 18:06:00,3.1031,3.1051,3.1021,3.1051,3.1081,3.1101,3.1071,3.1101,12
2026-05-15 18:07:00,3.1061,3.1091,3.1051,3.1061,3.1111,3.1141,3.1101,3.1111,16
2026-05-15 18:08:00,3.1056,3.1086,3.1051,3.1076,3.1106,3.1136,3.1101,3.1126,18
2026-05-15 18:09:00,3.1066,3.1066,3.1051,3.1066,3.1116,3.1116,3.1101,3.1116,12
2026-05-15 18:10:00,3.1061,3.1066,3.1061,3.1061,3.1111,3.1116,3.1111,3.1111,5
2026-05-15 18:11:00,3.1081,3.1091,3.1041,3.1071,3.1131,3.1141,3.1091,3.1121,27
2026-05-15 18:13:00,3.1066,3.1091,3.1061,3.1086,3.1116,3.1141,3.1111,3.1136,16
2026-05-15 18:14:00,3.1081,3.1101,3.1071,3.1091,3.1131,3.1151,3.1121,3.1141,10
2026-05-15 18:15:00,3.1086,3.1101,3.1081,3.1081,3.1136,3.1151,3.1131,3.1131,9
2026-05-15 18:16:00,3.1071,3.1081,3.1041,3.1051,3.1121,3.1131,3.1091,3.1101,13
2026-05-15 18:17:00,3.1046,3.1061,3.1046,3.1061,3.1096,3.1111,3.1096,3.1111,3
2026-05-15 18:18:00,3.1071,3.1081,3.1051,3.1081,3.1121,3.1131,3.1101,3.1131,12
2026-05-15 18:19:00,3.1076,3.1086,3.1076,3.1081,3.1126,3.1136,3.1126,3.1131,4
2026-05-15 18:20:00,3.1091,3.1121,3.1076,3.1121,3.1141,3.1171,3.1126,3.1171,8
2026-05-15 18:21:00,3.1111,3.1216,3.1111,3.1201,3.1161,3.1266,3.1161,3.1251,39
2026-05-15 18:22:00,3.1196,3.1196,3.1151,3.1171,3.1246,3.1246,3.1201,3.1221,26
2026-05-15 18:23:00,3.1176,3.1191,3.1161,3.1181,3.1226,3.1241,3.1211,3.1231,29
2026-05-15 18:24:00,3.1171,3.1191,3.1171,3.1181,3.1221,3.1241,3.1221,3.1231,8
2026-05-15 18:25:00,3.1186,3.1191,3.1161,3.1161,3.1236,3.1241,3.1211,3.1211,10
2026-05-15 18:26:00,3.1151,3.1161,3.1151,3.1161,3.1201,3.1211,3.1201,3.1211,12
2026-05-15 18:27:00,3.1166,3.1181,3.1151,3.1171,3.1216,3.1231,3.1201,3.1221,22
2026-05-15 18:28:00,3.1166,3.1166,3.1121,3.1131,3.1216,3.1216,3.1171,3.1181,16
2026-05-15 18:29:00,3.1126,3.1131,3.1101,3.1111,3.1176,3.1181,3.1151,3.1161,15
2026-05-15 18:30:00,3.1116,3.1151,3.1116,3.1151,3.1166,3.1201,3.1166,3.1201,7
2026-05-15 18:31:00,3.1146,3.1221,3.1126,3.1206,3.1196,3.1271,3.1176,3.1256,36
2026-05-15 18:32:00,3.1196,3.1201,3.1171,3.1171,3.1246,3.1251,3.1221,3.1221,34
2026-05-15 18:33:00,3.1176,3.1191,3.1171,3.1181,3.1226,3.1241,3.1221,3.1231,17
2026-05-15 18:34:00,3.1176,3.1211,3.1171,3.1191,3.1226,3.1261,3.1221,3.1241,22
2026-05-15 18:35:00,3.1186,3.1191,3.1171,3.1181,3.1236,3.1241,3.1221,3.1231,13
2026-05-15 18:36:00,3.1176,3.1271,3.1171,3.1231,3.1226,3.1321,3.1221,3.1281,56
2026-05-15 18:37:00,3.1236,3.1271,3.1181,3.1181,3.1286,3.1321,3.1231,3.1231,43
2026-05-15 18:38:00,3.1176,3.1191,3.1171,3.1191,3.1226,3.1241,3.1221,3.1241,8
2026-05-15 18:39:00,3.1181,3.1211,3.1181,3.1206,3.1231,3.1261,3.1231,3.1256,10
2026-05-15 18:40:00,3.1211,3.1221,3.1191,3.1191,3.1261,3.1271,3.1241,3.1241,14
2026-05-15 18:41:00,3.1201,3.1231,3.1201,3.1231,3.1251,3.1281,3.1251,3.1281,15
2026-05-15 18:42:00,3.1221,3.1221,3.1201,3.1211,3.1271,3.1271,3.1251,3.1261,12
2026-05-15 18:43:00,3.1216,3.1246,3.1216,3.1241,3.1266,3.1296,3.1266,3.1291,8
2026-05-15 18:44:00,3.1246,3.1251,3.1221,3.1236,3.1296,3.1301,3.1271,3.1286,15
2026-05-15 18:45:00,3.1241,3.1241,3.1216,3.1221,3.1291,3.1291,3.1266,3.1271,18
2026-05-15 18:46:00,3.1211,3.1256,3.1201,3.1251,3.1261,3.1306,3.1251,3.1301,18
2026-05-15 18:47:00,3.1241,3.1281,3.1241,3.1271,3.1291,3.1331,3.1291,3.1321,18
2026-05-15 18:48:00,3.1276,3.1351,3.1276,3.1351,3.1326,3.1401,3.1326,3.1401,39
2026-05-15 18:49:00,3.1341,3.1361,3.1301,3.1311,3.1391,3.1411,3.1351,3.1361,30
2026-05-15 18:50:00,3.1306,3.1316,3.1291,3.1291,3.1356,3.1366,3.1341,3.1341,8
2026-05-15 18:51:00,3.1281,3.1291,3.1281,3.1281,3.1331,3.1341,3.1331,3.1331,8
2026-05-15 18:52:00,3.1271,3.1271,3.1241,3.1251,3.1321,3.1321,3.1291,3.1301,22
2026-05-15 18:53:00,3.1241,3.1251,3.1206,3.1211,3.1291,3.1301,3.1256,3.1261,20
2026-05-15 18:54:00,3.1216,3.1241,3.1201,3.1231,3.1266,3.1291,3.1251,3.1281,25
2026-05-15 18:55:00,3.1236,3.1241,3.1231,3.1231,3.1286,3.1291,3.1281,3.1281,15
2026-05-15 18:56:00,3.1241,3.1251,3.1231,3.1251,3.1291,3.1301,3.1281,3.1301,5
2026-05-15 18:57:00,3.1241,3.1251,3.1231,3.1241,3.1291,3.1301,3.1281,3.1291,7
2026-05-15 18:58:00,3.1231,3.1266,3.1221,3.1256,3.1281,3.1316,3.1271,3.1306,12
2026-05-15 18:59:00,3.1251,3.1261,3.1226,3.1231,3.1301,3.1311,3.1276,3.1281,20
2026-05-15 19:00:00,3.1221,3.1231,3.1206,3.1211,3.1271,3.1281,3.1256,3.1261,16
2026-05-15 19:01:00,3.1226,3.1251,3.1221,3.1221,3.1276,3.1301,3.1271,3.1271,17
2026-05-15 19:02:00,3.1216,3.1241,3.1151,3.1151,3.1266,3.1291,3.1201,3.1201,29
2026-05-15 19:03:00,3.1161,3.1181,3.1161,3.1181,3.1211,3.1231,3.1211,3.1231,8
2026-05-15 19:04:00,3.1191,3.1191,3.1151,3.1156,3.1241,3.1241,3.1201,3.1206,7
2026-05-15 19:05:00,3.1166,3.1181,3.1166,3.1181,3.1216,3.1231,3.1216,3.1231,9
2026-05-15 19:06:00,3.1186,3.1221,3.1186,3.1206,3.1236,3.1271,3.1236,3.1256,18
2026-05-15 19:07:00,3.1201,3.1231,3.1201,3.1221,3.1251,3.1281,3.1251,3.1271,16
2026-05-15 19:08:00,3.1226,3.1231,3.1221,3.1231,3.1276,3.1281,3.1271,3.1281,10
2026-05-15 19:09:00,3.1221,3.1236,3.1221,3.1231,3.1271,3.1286,3.1271,3.1281,6
2026-05-15 19:10:00,3.1221,3.1241,3.1221,3.1241,3.1271,3.1291,3.1271,3.1291,6
2026-05-15 19:11:00,3.1236,3.1261,3.1231,3.1261,3.1286,3.1311,3.1281,3.1311,13
2026-05-15 19:12:00,3.1271,3.1271,3.1241,3.1251,3.1321,3.1321,3.1291,3.1301,11
2026-05-15 19:13:00,3.1246,3.1251,3.1231,3.1241,3.1296,3.1301,3.1281,3.1291,13
2026-05-15 19:14:00,3.1236,3.1236,3.1221,3.1221,3.1286,3.1286,3.1271,3.1271,14
2026-05-15 19:15:00,3.1216,3.1216,3.1156,3.1156,3.1266,3.1266,3.1206,3.1206,15
2026-05-15 19:16:00,3.1161,3.1161,3.1111,3.1151,3.1211,3.1211,3.1161,3.1201,33
2026-05-15 19:17:00,3.1146,3.1161,3.1131,3.1161,3.1196,3.1211,3.1181,3.1211,8
2026-05-15 19:18:00,3.1151,3.1161,3.1151,3.1161,3.1201,3.1211,3.1201,3.1211,4
2026-05-15 19:19:00,3.1166,3.1176,3.1161,3.1171,3.1216,3.1226,3.1211,3.1221,7
2026-05-15 19:20:00,3.1176,3.1181,3.1166,3.1181,3.1226,3.1231,3.1216,3.1231,9
2026-05-15 19:21:00,3.1186,3.1211,3.1171,3.1181,3.1236,3.1261,3.1221,3.1231,12
2026-05-15 19:22:00,3.1171,3.1201,3.1171,3.1201,3.1221,3.1251,3.1221,3.1251,11
2026-05-15 19:23:00,3.1196,3.1211,3.1191,3.1201,3.1246,3.1261,3.1241,3.1251,15
2026-05-15 19:24:00,3.1206,3.1211,3.1161,3.1171,3.1256,3.1261,3.1211,3.1221,24
2026-05-15 19:25:00,3.1161,3.1201,3.1161,3.1191,3.1211,3.1251,3.1211,3.1241,12
2026-05-15 19:26:00,3.1201,3.1206,3.1181,3.1181,3.1251,3.1256,3.1231,3.1231,17
2026-05-15 19:27:00,3.1191,3.1201,3.1181,3.1201,3.1241,3.1251,3.1231,3.1251,15
2026-05-15 19:28:00,3.1196,3.1196,3.1181,3.1191,3.1246,3.1246,3.1231,3.1241,5
2026-05-15 19:29:00,3.1196,3.1216,3.1196,3.1201,3.1246,3.1266,3.1246,3.1251,5
2026-05-15 19:30:00,3.1211,3.1211,3.1201,3.1201,3.1261,3.1261,3.1251,3.1251,8
2026-05-15 19:31:00,3.1211,3.1251,3.1211,3.1236,3.1261,3.1301,3.1261,3.1286,11
2026-05-15 19:32:00,3.1231,3.1231,3.1221,3.1231,3.1281,3.1281,3.1271,3.1281,8
2026-05-15 19:33:00,3.1241,3.1241,3.1231,3.1231,3.1291,3.1291,3.1281,3.1281,2
2026-05-15 19:34:00,3.1241,3.1241,3.1231,3.1231,3.1291,3.1291,3.1281,3.1281,3
2026-05-15 19:35:00,3.1236,3.1241,3.1191,3.1191,3.1286,3.1291,3.1241,3.1241,14
2026-05-15 19:36:00,3.1201,3.1211,3.1191,3.1201,3.1251,3.1261,3.1241,3.1251,16
2026-05-15 19:37:00,3.1211,3.1211,3.1131,3.1161,3.1261,3.1261,3.1181,3.1211,23
2026-05-15 19:38:00,3.1171,3.1171,3.1166,3.1171,3.1221,3.1221,3.1216,3.1221,7
2026-05-15 19:39:00,3.1161,3.1171,3.1141,3.1141,3.1211,3.1221,3.1191,3.1191,14
2026-05-15 19:40:00,3.1146,3.1166,3.1141,3.1166,3.1196,3.1216,3.1191,3.1216,7
2026-05-15 19:41:00,3.1171,3.1171,3.1141,3.1151,3.1221,3.1221,3.1191,3.1201,12
2026-05-15 19:42:00,3.1121,3.1121,3.1071,3.1121,3.1171,3.1171,3.1121,3.1171,24
2026-05-15 19:43:00,3.1126,3.1126,3.1101,3.1111,3.1176,3.1176,3.1151,3.1161,9
2026-05-15 19:44:00,3.1106,3.1121,3.1101,3.1121,3.1156,3.1171,3.1151,3.1171,7
2026-05-15 19:45:00,3.1111,3.1111,3.1111,3.1111,3.1161,3.1161,3.1161,3.1161,1
2026-05-15 19:46:00,3.1101,3.1121,3.1101,3.1121,3.1151,3.1171,3.1151,3.1171,8
2026-05-15 19:47:00,3.1131,3.1141,3.1111,3.1111,3.1181,3.1191,3.1161,3.1161,20
2026-05-15 19:48:00,3.1121,3.1136,3.1121,3.1131,3.1171,3.1186,3.1171,3.1181,19
2026-05-15 19:49:00,3.1136,3.1151,3.1131,3.1141,3.1186,3.1201,3.1181,3.1191,19
2026-05-15 19:50:00,3.1136,3.1161,3.1136,3.1151,3.1186,3.1211,3.1186,3.1201,13
2026-05-15 19:51:00,3.1156,3.1166,3.1156,3.1161,3.1206,3.1216,3.1206,3.1211,4
2026-05-15 19:52:00,3.1171,3.1181,3.1161,3.1161,3.1221,3.1231,3.1211,3.1211,8
2026-05-15 19:53:00,3.1156,3.1156,3.1151,3.1151,3.1206,3.1206,3.1201,3.1201,4
2026-05-15 19:54:00,3.1146,3.1151,3.1121,3.1151,3.1196,3.1201,3.1171,3.1201,15
2026-05-15 19:55:00,3.1156,3.1161,3.1151,3.1151,3.1206,3.1211,3.1201,3.1201,3
2026-05-15 19:56:00,3.1146,3.1151,3.1141,3.1141,3.1196,3.1201,3.1191,3.1191,9
2026-05-15 19:57:00,3.1131,3.1141,3.1131,3.1136,3.1181,3.1191,3.1181,3.1186,7
2026-05-15 19:58:00,3.1131,3.1131,3.1121,3.1131,3.1181,3.1181,3.1171,3.1181,4
2026-05-15 19:59:00,3.1141,3.1141,3.1101,3.1121,3.1191,3.1191,3.1151,3.1171,12
2026-05-15 20:00:00,3.1111,3.1111,3.1081,3.1081,3.1161,3.1161,3.1131,3.1131,22
2026-05-15 20:01:00,3.1091,3.1111,3.1091,3.1101,3.1141,3.1161,3.1141,3.1151,9
2026-05-15 20:02:00,3.1106,3.1106,3.1071,3.1071,3.1156,3.1156,3.1121,3.1121,13
2026-05-15 20:03:00,3.1081,3.1121,3.1071,3.1111,3.1131,3.1171,3.1121,3.1161,20
2026-05-15 20:04:00,3.1121,3.1151,3.1121,3.1141,3.1171,3.1201,3.1171,3.1191,12
2026-05-15 20:05:00,3.1136,3.1136,3.1101,3.1131,3.1186,3.1186,3.1151,3.1181,18
2026-05-15 20:06:00,3.1126,3.1156,3.1111,3.1121,3.1176,3.1206,3.1161,3.1171,22
2026-05-15 20:07:00,3.1116,3.1151,3.1111,3.1151,3.1166,3.1201,3.1161,3.1201,18
2026-05-15 20:08:00,3.1141,3.1166,3.1141,3.1166,3.1191,3.1216,3.1191,3.1216,4
2026-05-15 20:09:00,3.1161,3.1201,3.1151,3.1161,3.1211,3.1251,3.1201,3.1211,21
2026-05-15 20:10:00,3.1156,3.1161,3.1141,3.1141,3.1206,3.1211,3.1191,3.1191,12
2026-05-15 20:11:00,3.1146,3.1161,3.1141,3.1141,3.1196,3.1211,3.1191,3.1191,10
2026-05-15 20:12:00,3.1136,3.1136,3.1106,3.1106,3.1186,3.1186,3.1156,3.1156,15
2026-05-15 20:13:00,3.1111,3.1111,3.1091,3.1101,3.1161,3.1161,3.1141,3.1151,17
2026-05-15 20:14:00,3.1096,3.1111,3.1081,3.1111,3.1146,3.1161,3.1131,3.1161,20
2026-05-15 20:15:00,3.1116,3.1131,3.1061,3.1081,3.1166,3.1181,3.1111,3.1131,31
2026-05-15 20:16:00,3.1076,3.1101,3.1071,3.1101,3.1126,3.1151,3.1121,3.1151,18
2026-05-15 20:17:00,3.1106,3.1116,3.1101,3.1101,3.1156,3.1166,3.1151,3.1151,7
2026-05-15 20:18:00,3.1106,3.1111,3.1061,3.1086,3.1156,3.1161,3.1111,3.1136,21
2026-05-15 20:19:00,3.1081,3.1106,3.1071,3.1101,3.1131,3.1156,3.1121,3.1151,25
2026-05-15 20:20:00,3.1111,3.1121,3.1101,3.1101,3.1161,3.1171,3.1151,3.1151,14
2026-05-15 20:21:00,3.1106,3.1111,3.1091,3.1111,3.1156,3.1161,3.1141,3.1161,17
2026-05-15 20:22:00,3.1121,3.1131,3.1116,3.1131,3.1171,3.1181,3.1166,3.1181,12
2026-05-15 20:23:00,3.1141,3.1141,3.1131,3.1131,3.1191,3.1191,3.1181,3.1181,10
2026-05-15 20:24:00,3.1126,3.1131,3.1111,3.1116,3.1176,3.1181,3.1161,3.1166,20
2026-05-15 20:25:00,3.1121,3.1141,3.1121,3.1141,3.1171,3.1191,3.1171,3.1191,32
2026-05-15 20:26:00,3.1136,3.1136,3.1121,3.1131,3.1186,3.1186,3.1171,3.1181,6
2026-05-15 20:27:00,3.1121,3.1131,3.1091,3.1131,3.1171,3.1181,3.1141,3.1181,54
2026-05-15 20:28:00,3.1121,3.1151,3.1111,3.1151,3.1171,3.1201,3.1161,3.1201,70
2026-05-15 20:29:00,3.1156,3.1181,3.1141,3.1171,3.1206,3.1231,3.1191,3.1221,31
2026-05-15 20:30:00,3.1181,3.1181,3.1161,3.1161,3.1231,3.1231,3.1211,3.1211,19
2026-05-15 20:31:00,3.1151,3.1151,3.1131,3.1151,3.1201,3.1201,3.1181,3.1201,19
2026-05-15 20:33:00,3.1146,3.1161,3.1136,3.1161,3.1196,3.1211,3.1186,3.1211,10
2026-05-15 20:34:00,3.1156,3.1161,3.1151,3.1156,3.1206,3.1211,3.1201,3.1206,7
2026-05-15 20:35:00,3.1151,3.1151,3.1136,3.1136,3.1201,3.1201,3.1186,3.1186,10
2026-05-15 20:36:00,3.1141,3.1141,3.1131,3.1131,3.1191,3.1191,3.1181,3.1181,2
2026-05-15 20:37:00,3.1136,3.1141,3.1131,3.1141,3.1186,3.1191,3.1181,3.1191,6
2026-05-15 20:38:00,3.1151,3.1151,3.1141,3.1146,3.1201,3.1201,3.1191,3.1196,15
2026-05-15 20:39:00,3.1151,3.1151,3.1131,3.1141,3.1201,3.1201,3.1181,3.1191,12
2026-05-15 20:40:00,3.1146,3.1171,3.1141,3.1161,3.1196,3.1221,3.1191,3.1211,19
2026-05-15 20:41:00,3.1156,3.1211,3.1156,3.1196,3.1206,3.1261,3.1206,3.1246,23
2026-05-15 20:42:00,3.1201,3.1211,3.1201,3.1211,3.1251,3.1261,3.1251,3.1261,20
2026-05-15 20:43:00,3.1216,3.1216,3.1211,3.1216,3.1266,3.1266,3.1261,3.1266,5
2026-05-15 20:44:00,3.1211,3.1221,3.1201,3.1211,3.1261,3.1271,3.1251,3.1261,17
2026-05-15 20:45:00,3.1221,3.1221,3.1211,3.1221,3.1271,3.1271,3.1261,3.1271,18
2026-05-15 20:46:00,3.1216,3.1216,3.1206,3.1206,3.1266,3.1266,3.1256,3.1256,5
2026-05-15 20:47:00,3.1211,3.1211,3.1201,3.1206,3.1261,3.1261,3.1251,3.1256,6
2026-05-15 20:48:00,3.1211,3.1211,3.1201,3.1206,3.1261,3.1261,3.1251,3.1256,6
2026-05-15 20:49:00,3.1211,3.1211,3.1211,3.1211,3.1261,3.1261,3.1261,3.1261,1
2026-05-15 20:50:00,3.1201,3.1211,3.1201,3.1211,3.1251,3.1261,3.1251,3.1261,4
2026-05-15 20:51:00,3.1216,3.1221,3.1211,3.1221,3.1266,3.1271,3.1261,3.1271,6
2026-05-15 20:52:00,3.1216,3.1221,3.1211,3.1211,3.1266,3.1271,3.1261,3.1261,7
2026-05-15 20:53:00,3.1206,3.1211,3.1201,3.1211,3.1256,3.1261,3.1251,3.1261,5
2026-05-15 20:55:00,3.1201,3.1201,3.1191,3.1191,3.1251,3.1251,3.1241,3.1241,2
2026-05-15 20:56:00,3.1201,3.1206,3.1201,3.1206,3.1251,3.1256,3.1251,3.1256,2
2026-05-15 20:57:00,3.1211,3.1211,3.1191,3.1196,3.1261,3.1261,3.1241,3.1246,12
2026-05-15 20:58:00,3.1201,3.1211,3.1201,3.1211,3.1251,3.1261,3.1251,3.1261,2
2026-05-15 20:59:00,3.1201,3.1201,3.1201,3.1201,3.1251,3.1251,3.1251,3.1251,1
2026-05-15 21:00:00,3.1211,3.1221,3.1211,3.1221,3.1261,3.1271,3.1261,3.1271,5
2026-05-15 21:01:00,3.1226,3.1251,3.1221,3.1231,3.1276,3.1301,3.1271,3.1281,16
2026-05-15 21:02:00,3.1241,3.1241,3.1221,3.1221,3.1291,3.1291,3.1271,3.1271,5
2026-05-15 21:03:00,3.1216,3.1261,3.1216,3.1241,3.1266,3.1311,3.1266,3.1291,15
2026-05-15 21:04:00,3.1236,3.1251,3.1236,3.1251,3.1286,3.1301,3.1286,3.1301,5
2026-05-15 21:05:00,3.1246,3.1246,3.1236,3.1236,3.1296,3.1296,3.1286,3.1286,3
2026-05-15 21:06:00,3.1241,3.1241,3.1241,3.1241,3.1291,3.1291,3.1291,3.1291,1
2026-05-15 21:07:00,3.1251,3.1261,3.1251,3.1261,3.1301,3.1311,3.1301,3.1311,6
2026-05-15 21:08:00,3.1256,3.1261,3.1251,3.1251,3.1306,3.1311,3.1301,3.1301,6
2026-05-15 21:09:00,3.1241,3.1241,3.1241,3.1241,3.1291,3.1291,3.1291,3.1291,1
2026-05-15 21:10:00,3.1236,3.1241,3.1231,3.1241,3.1286,3.1291,3.1281,3.1291,3
2026-05-15 21:11:00,3.1251,3.1251,3.1251,3.1251,3.1301,3.1301,3.1301,3.1301,1
2026-05-15 21:12:00,3.1241,3.1251,3.1241,3.1246,3.1291,3.1301,3.1291,3.1296,3
2026-05-15 21:13:00,3.1241,3.1251,3.1241,3.1251,3.1291,3.1301,3.1291,3.1301,3
2026-05-15 21:14:00,3.1241,3.1251,3.1241,3.1246,3.1291,3.1301,3.1291,3.1296,6
2026-05-15 21:15:00,3.1241,3.1246,3.1231,3.1231,3.1291,3.1296,3.1281,3.1281,5
2026-05-15 21:16:00,3.1221,3.1231,3.1221,3.1231,3.1271,3.1281,3.1271,3.1281,9
2026-05-15 21:17:00,3.1221,3.1231,3.1221,3.1231,3.1271,3.1281,3.1271,3.1281,2
2026-05-15 21:18:00,3.1226,3.1231,3.1221,3.1231,3.1276,3.1281,3.1271,3.1281,5
2026-05-15 21:20:00,3.1236,3.1251,3.1236,3.1251,3.1286,3.1301,3.1286,3.1301,5
2026-05-15 21:22:00,3.1241,3.1251,3.1241,3.1251,3.1291,3.1301,3.1291,3.1301,2
2026-05-15 21:23:00,3.1256,3.1261,3.1251,3.1261,3.1306,3.1311,3.1301,3.1311,7
2026-05-15 21:24:00,3.1256,3.1271,3.1256,3.1271,3.1306,3.1321,3.1306,3.1321,5
2026-05-15 21:27:00,3.1261,3.1271,3.1261,3.1271,3.1311,3.1321,3.1311,3.1321,2
2026-05-15 21:28:00,3.1281,3.1281,3.1281,3.1281,3.1331,3.1331,3.1331,3.1331,1
2026-05-15 21:30:00,3.1276,3.1276,3.1271,3.1271,3.1326,3.1326,3.1321,3.1321,2
2026-05-15 21:31:00,3.1261,3.1261,3.1251,3.1256,3.1311,3.1311,3.1301,3.1306,4
2026-05-15 21:32:00,3.1261,3.1261,3.1251,3.1251,3.1311,3.1311,3.1301,3.1301,2
2026-05-15 21:33:00,3.1246,3.1246,3.1186,3.1191,3.1296,3.1296,3.1236,3.1241,12
2026-05-15 21:34:00,3.1196,3.1196,3.1191,3.1196,3.1246,3.1246,3.1241,3.1246,5
2026-05-15 21:35:00,3.1191,3.1196,3.1181,3.1191,3.1241,3.1246,3.1231,3.1241,5
2026-05-15 21:36:00,3.1196,3.1211,3.1196,3.1201,3.1246,3.1261,3.1246,3.1251,8
2026-05-15 21:38:00,3.1211,3.1211,3.1211,3.1211,3.1261,3.1261,3.1261,3.1261,1
2026-05-15 21:41:00,3.1201,3.1211,3.1191,3.1211,3.1251,3.1261,3.1241,3.1261,8
2026-05-15 21:42:00,3.1201,3.1201,3.1171,3.1191,3.1251,3.1251,3.1221,3.1241,27
2026-05-15 21:43:00,3.1201,3.1201,3.1186,3.1191,3.1251,3.1251,3.1236,3.1241,4
2026-05-15 21:44:00,3.1196,3.1211,3.1191,3.1211,3.1246,3.1261,3.1241,3.1261,11
2026-05-15 21:46:00,3.1216,3.1221,3.1216,3.1216,3.1266,3.1271,3.1266,3.1266,3
2026-05-15 21:47:00,3.1211,3.1221,3.1211,3.1221,3.1261,3.1271,3.1261,3.1271,2
2026-05-15 21:48:00,3.1226,3.1226,3.1221,3.1221,3.1276,3.1276,3.1271,3.1271,2
2026-05-15 21:49:00,3.1231,3.1251,3.1231,3.1231,3.1281,3.1301,3.1281,3.1281,14
2026-05-15 21:50:00,3.1236,3.1236,3.1226,3.1231,3.1286,3.1286,3.1276,3.1281,9
2026-05-15 21:53:00,3.1221,3.1221,3.1211,3.1211,3.1271,3.1271,3.1261,3.1261,2
2026-05-15 21:54:00,3.1201,3.1221,3.1201,3.1211,3.1251,3.1271,3.1251,3.1261,4
2026-05-15 21:55:00,3.1201,3.1211,3.1201,3.1211,3.1251,3.1261,3.1251,3.1261,4
2026-05-15 21:56:00,3.1206,3.1211,3.1206,3.1211,3.1256,3.1261,3.1256,3.1261,2
2026-05-15 21:57:00,3.1201,3.1221,3.1201,3.1221,3.1251,3.1271,3.1251,3.1271,3
2026-05-15 21:58:00,3.1226,3.1226,3.1221,3.1221,3.1276,3.1276,3.1271,3.1271,2
2026-05-15 21:59:00,3.1216,3.1231,3.1211,3.1231,3.1266,3.1281,3.1261,3.1281,4
2026-05-15 22:00:00,3.1221,3.1231,3.1221,3.1221,3.1271,3.1281,3.1271,3.1271,3
2026-05-15 22:04:00,3.1211,3.1211,3.1181,3.1196,3.1261,3.1261,3.1231,3.1246,14
2026-05-15 22:05:00,3.1206,3.1211,3.1191,3.1191,3.1256,3.1261,3.1241,3.1241,14
2026-05-15 22:06:00,3.1196,3.1196,3.1191,3.1191,3.1246,3.1246,3.1241,3.1241,2
2026-05-15 22:08:00,3.1196,3.1196,3.1191,3.1191,3.1246,3.1246,3.1241,3.1241,2
2026-05-15 22:11:00,3.1201,3.1201,3.1191,3.1191,3.1251,3.1251,3.1241,3.1241,7
2026-05-15 22:14:00,3.1186,3.1191,3.1186,3.1191,3.1236,3.1241,3.1236,3.1241,2
2026-05-15 22:15:00,3.1186,3.1191,3.1181,3.1191,3.1236,3.1241,3.1231,3.1241,6
2026-05-15 22:16:00,3.1181,3.1186,3.1171,3.1176,3.1231,3.1236,3.1221,3.1226,5
2026-05-15 22:17:00,3.1171,3.1181,3.1171,3.1181,3.1221,3.1231,3.1221,3.1231,3
2026-05-15 22:18:00,3.1176,3.1181,3.1171,3.1181,3.1226,3.1231,3.1221,3.1231,4
2026-05-15 22:19:00,3.1191,3.1211,3.1191,3.1201,3.1241,3.1261,3.1241,3.1251,8
2026-05-15 22:21:00,3.1211,3.1221,3.1211,3.1221,3.1261,3.1271,3.1261,3.1271,2
2026-05-15 22:22:00,3.1216,3.1231,3.1216,3.1226,3.1266,3.1281,3.1266,3.1276,14
2026-05-15 22:23:00,3.1221,3.1231,3.1221,3.1226,3.1271,3.1281,3.1271,3.1276,4
2026-05-15 22:24:00,3.1221,3.1226,3.1221,3.1226,3.1271,3.1276,3.1271,3.1276,4
2026-05-15 22:25:00,3.1221,3.1221,3.1211,3.1211,3.1271,3.1271,3.1261,3.1261,2
2026-05-15 22:26:00,3.1216,3.1231,3.1211,3.1221,3.1266,3.1281,3.1261,3.1271,8
2026-05-15 22:27:00,3.1226,3.1226,3.1191,3.1191,3.1276,3.1276,3.1241,3.1241,8
2026-05-15 22:28:00,3.1196,3.1201,3.1191,3.1191,3.1246,3.1251,3.1241,3.1241,7
2026-05-15 22:30:00,3.1186,3.1191,3.1181,3.1181,3.1236,3.1241,3.1231,3.1231,5
2026-05-15 22:31:00,3.1186,3.1186,3.1181,3.1181,3.1236,3.1236,3.1231,3.1231,2
2026-05-15 22:34:00,3.1186,3.1186,3.1171,3.1171,3.1236,3.1236,3.1221,3.1221,4
2026-05-15 22:37:00,3.1161,3.1161,3.1161,3.1161,3.1211,3.1211,3.1211,3.1211,1
2026-05-15 22:38:00,3.1171,3.1171,3.1141,3.1141,3.1221,3.1221,3.1191,3.1191,11
2026-05-15 22:39:00,3.1151,3.1151,3.1141,3.1141,3.1201,3.1201,3.1191,3.1191,6
2026-05-15 22:40:00,3.1151,3.1151,3.1141,3.1151,3.1201,3.1201,3.1191,3.1201,7
2026-05-15 22:41:00,3.1161,3.1161,3.1141,3.1141,3.1211,3.1211,3.1191,3.1191,11
2026-05-15 22:42:00,3.1151,3.1151,3.1141,3.1146,3.1201,3.1201,3.1191,3.1196,4
2026-05-15 22:43:00,3.1141,3.1151,3.1141,3.1151,3.1191,3.1201,3.1191,3.1201,13
2026-05-15 22:44:00,3.1146,3.1146,3.1141,3.1141,3.1196,3.1196,3.1191,3.1191,14
2026-05-15 22:45:00,3.1151,3.1151,3.1141,3.1141,3.1201,3.1201,3.1191,3.1191,8
2026-05-15 22:46:00,3.1136,3.1136,3.1091,3.1101,3.1186,3.1186,3.1141,3.1151,18
2026-05-15 22:47:00,3.1096,3.1111,3.1096,3.1111,3.1146,3.1161,3.1146,3.1161,6
2026-05-15 22:48:00,3.1116,3.1131,3.1111,3.1121,3.1166,3.1181,3.1161,3.1171,9
2026-05-15 22:49:00,3.1126,3.1131,3.1126,3.1131,3.1176,3.1181,3.1176,3.1181,16
2026-05-15 22:50:00,3.1126,3.1131,3.1126,3.1131,3.1176,3.1181,3.1176,3.1181,2
2026-05-15 22:51:00,3.1136,3.1136,3.1121,3.1126,3.1186,3.1186,3.1171,3.1176,8
2026-05-15 22:52:00,3.1121,3.1131,3.1121,3.1126,3.1171,3.1181,3.1171,3.1176,8
2026-05-15 22:53:00,3.1131,3.1141,3.1131,3.1131,3.1181,3.1191,3.1181,3.1181,5
2026-05-15 22:54:00,3.1121,3.1171,3.1121,3.1171,3.1171,3.1221,3.1171,3.1221,12
2026-05-15 22:55:00,3.1161,3.1171,3.1141,3.1146,3.1211,3.1221,3.1191,3.1196,13
2026-05-15 22:56:00,3.1151,3.1161,3.1146,3.1151,3.1201,3.1211,3.1196,3.1201,9
2026-05-15 22:57:00,3.1156,3.1156,3.1141,3.1146,3.1206,3.1206,3.1191,3.1196,26
2026-05-15 22:58:00,3.1151,3.1151,3.1141,3.1141,3.1201,3.1201,3.1191,3.1191,5
2026-05-15 22:59:00,3.1146,3.1166,3.1041,3.1041,3.1196,3.1216,3.1091,3.1091,39
2026-05-18 00:00:00,3.1366,3.1411,3.1361,3.1396,3.1416,3.1461,3.1411,3.1446,39
2026-05-18 00:01:00,3.1391,3.1411,3.1381,3.1401,3.1441,3.1461,3.1431,3.1451,15
2026-05-18 00:02:00,3.1391,3.1391,3.1351,3.1351,3.1441,3.1441,3.1401,3.1401,12
2026-05-18 00:03:00,3.1366,3.1386,3.1351,3.1351,3.1416,3.1436,3.1401,3.1401,16
2026-05-18 00:04:00,3.1361,3.1381,3.1351,3.1356,3.1411,3.1431,3.1401,3.1406,7
2026-05-18 00:05:00,3.1351,3.1351,3.1316,3.1316,3.1401,3.1401,3.1366,3.1366,11
2026-05-18 00:06:00,3.1321,3.1341,3.1276,3.1276,3.1371,3.1391,3.1326,3.1326,10
2026-05-18 00:07:00,3.1271,3.1306,3.1266,3.1286,3.1321,3.1356,3.1316,3.1336,20
2026-05-18 00:08:00,3.1296,3.1296,3.1286,3.1291,3.1346,3.1346,3.1336,3.1341,7
2026-05-18 00:09:00,3.1281,3.1281,3.1231,3.1236,3.1331,3.1331,3.1281,3.1286,19
2026-05-18 00:10:00,3.1231,3.1241,3.1211,3.1236,3.1281,3.1291,3.1261,3.1286,16
2026-05-18 00:11:00,3.1231,3.1241,3.1221,3.1221,3.1281,3.1291,3.1271,3.1271,5
2026-05-18 00:12:00,3.1216,3.1226,3.1211,3.1216,3.1266,3.1276,3.1261,3.1266,8
2026-05-18 00:13:00,3.1211,3.1231,3.1201,3.1226,3.1261,3.1281,3.1251,3.1276,16
2026-05-18 00:14:00,3.1231,3.1261,3.1221,3.1246,3.1281,3.1311,3.1271,3.1296,13
2026-05-18 00:15:00,3.1256,3.1256,3.1231,3.1246,3.1306,3.1306,3.1281,3.1296,18
2026-05-18 00:16:00,3.1241,3.1276,3.1241,3.1276,3.1291,3.1326,3.1291,3.1326,6
2026-05-18 00:17:00,3.1266,3.1266,3.1231,3.1261,3.1316,3.1316,3.1281,3.1311,9
2026-05-18 00:18:00,3.1266,3.1266,3.1256,3.1256,3.1316,3.1316,3.1306,3.1306,2
2026-05-18 00:19:00,3.1246,3.1246,3.1236,3.1236,3.1296,3.1296,3.1286,3.1286,2
2026-05-18 00:20:00,3.1231,3.1231,3.1201,3.1201,3.1281,3.1281,3.1251,3.1251,5
2026-05-18 00:21:00,3.1196,3.1196,3.1151,3.1156,3.1246,3.1246,3.1201,3.1206,17
2026-05-18 00:22:00,3.1151,3.1171,3.1121,3.1146,3.1201,3.1221,3.1171,3.1196,14
2026-05-18 00:23:00,3.1151,3.1166,3.1151,3.1166,3.1201,3.1216,3.1201,3.1216,5
2026-05-18 00:24:00,3.1171,3.1216,3.1171,3.1206,3.1221,3.1266,3.1221,3.1256,6
2026-05-18 00:25:00,3.1201,3.1226,3.1201,3.1226,3.1251,3.1276,3.1251,3.1276,4
2026-05-18 00:26:00,3.1231,3.1231,3.1221,3.1226,3.1281,3.1281,3.1271,3.1276,3
2026-05-18 00:27:00,3.1221,3.1251,3.1221,3.1251,3.1271,3.1301,3.1271,3.1301,6
2026-05-18 00:28:00,3.1256,3.1266,3.1256,3.1266,3.1306,3.1316,3.1306,3.1316,3
2026-05-18 00:29:00,3.1271,3.1271,3.1246,3.1266,3.1321,3.1321,3.1296,3.1316,7
2026-05-18 00:30:00,3.1261,3.1296,3.1251,3.1281,3.1311,3.1346,3.1301,3.1331,12
2026-05-18 00:31:00,3.1276,3.1276,3.1266,3.1276,3.1326,3.1326,3.1316,3.1326,5
2026-05-18 00:32:00,3.1281,3.1296,3.1281,3.1296,3.1331,3.1346,3.1331,3.1346,3
2026-05-18 00:33:00,3.1286,3.1291,3.1286,3.1291,3.1336,3.1341,3.1336,3.1341,4
2026-05-18 00:34:00,3.1296,3.1321,3.1296,3.1316,3.1346,3.1371,3.1346,3.1366,8
2026-05-18 00:35:00,3.1311,3.1311,3.1291,3.1291,3.1361,3.1361,3.1341,3.1341,3
2026-05-18 00:36:00,3.1281,3.1306,3.1281,3.1296,3.1331,3.1356,3.1331,3.1346,4
2026-05-18 00:37:00,3.1301,3.1316,3.1296,3.1311,3.1351,3.1366,3.1346,3.1361,5
2026-05-18 00:38:00,3.1301,3.1316,3.1301,3.1316,3.1351,3.1366,3.1351,3.1366,3
2026-05-18 00:39:00,3.1311,3.1311,3.1276,3.1281,3.1361,3.1361,3.1326,3.1331,12
2026-05-18 00:40:00,3.1271,3.1271,3.1261,3.1261,3.1321,3.1321,3.1311,3.1311,3
2026-05-18 00:41:00,3.1266,3.1286,3.1266,3.1286,3.1316,3.1336,3.1316,3.1336,4
2026-05-18 00:42:00,3.1291,3.1316,3.1291,3.1306,3.1341,3.1366,3.1341,3.1356,8
2026-05-18 00:43:00,3.1311,3.1316,3.1311,3.1316,3.1361,3.1366,3.1361,3.1366,2
2026-05-18 00:44:00,3.1321,3.1326,3.1316,3.1326,3.1371,3.1376,3.1366,3.1376,4
2026-05-18 00:45:00,3.1316,3.1321,3.1301,3.1306,3.1366,3.1371,3.1351,3.1356,7
2026-05-18 00:46:00,3.1296,3.1306,3.1296,3.1306,3.1346,3.1356,3.1346,3.1356,2
2026-05-18 00:48:00,3.1301,3.1301,3.1266,3.1276,3.1351,3.1351,3.1316,3.1326,11
2026-05-18 00:49:00,3.1281,3.1296,3.1281,3.1296,3.1331,3.1346,3.1331,3.1346,3
2026-05-18 00:50:00,3.1301,3.1331,3.1301,3.1326,3.1351,3.1381,3.1351,3.1376,4
2026-05-18 00:51:00,3.1321,3.1341,3.1321,3.1341,3.1371,3.1391,3.1371,3.1391,8
2026-05-18 00:52:00,3.1336,3.1336,3.1321,3.1336,3.1386,3.1386,3.1371,3.1386,6
2026-05-18 00:53:00,3.1341,3.1346,3.1341,3.1341,3.1391,3.1396,3.1391,3.1391,3
2026-05-18 00:54:00,3.1346,3.1371,3.1346,3.1366,3.1396,3.1421,3.1396,3.1416,11
2026-05-18 00:56:00,3.1361,3.1361,3.1331,3.1336,3.1411,3.1411,3.1381,3.1386,7
2026-05-18 00:57:00,3.1331,3.1341,3.1326,3.1341,3.1381,3.1391,3.1376,3.1391,5
2026-05-18 00:58:00,3.1346,3.1351,3.1346,3.1351,3.1396,3.1401,3.1396,3.1401,2
2026-05-18 00:59:00,3.1336,3.1336,3.1336,3.1336,3.1386,3.1386,3.1386,3.1386,1
2026-05-18 01:00:00,3.1341,3.1341,3.1341,3.1341,3.1391,3.1391,3.1391,3.1391,1
2026-05-18 01:01:00,3.1331,3.1351,3.1331,3.1341,3.1381,3.1401,3.1381,3.1391,4
2026-05-18 01:02:00,3.1346,3.1356,3.1346,3.1356,3.1396,3.1406,3.1396,3.1406,3
2026-05-18 01:03:00,3.1351,3.1356,3.1351,3.1356,3.1401,3.1406,3.1401,3.1406,2
2026-05-18 01:04:00,3.1351,3.1356,3.1351,3.1351,3.1401,3.1406,3.1401,3.1401,3
2026-05-18 01:05:00,3.1356,3.1356,3.1356,3.1356,3.1406,3.1406,3.1406,3.1406,1
2026-05-18 01:08:00,3.1361,3.1361,3.1361,3.1361,3.1411,3.1411,3.1411,3.1411,1
2026-05-18 01:09:00,3.1356,3.1366,3.1356,3.1366,3.1406,3.1416,3.1406,3.1416,3
2026-05-18 01:10:00,3.1371,3.1371,3.1371,3.1371,3.1421,3.1421,3.1421,3.1421,1
2026-05-18 01:11:00,3.1376,3.1391,3.1376,3.1391,3.1426,3.1441,3.1426,3.1441,4
2026-05-18 01:12:00,3.1381,3.1391,3.1381,3.1386,3.1431,3.1441,3.1431,3.1436,11
2026-05-18 01:13:00,3.1381,3.1386,3.1376,3.1386,3.1431,3.1436,3.1426,3.1436,5
2026-05-18 01:14:00,3.1391,3.1391,3.1386,3.1386,3.1441,3.1441,3.1436,3.1436,2
2026-05-18 01:15:00,3.1391,3.1441,3.1391,3.1441,3.1441,3.1491,3.1441,3.1491,8
2026-05-18 01:16:00,3.1431,3.1441,3.1426,3.1441,3.1481,3.1491,3.1476,3.1491,4
2026-05-18 01:17:00,3.1431,3.1466,3.1431,3.1461,3.1481,3.1516,3.1481,3.1511,11
2026-05-18 01:18:00,3.1451,3.1461,3.1451,3.1456,3.1501,3.1511,3.1501,3.1506,5
2026-05-18 01:19:00,3.1446,3.1451,3.1446,3.1446,3.1496,3.1501,3.1496,3.1496,3
2026-05-18 01:20:00,3.1451,3.1451,3.1436,3.1436,3.1501,3.1501,3.1486,3.1486,7
2026-05-18 01:21:00,3.1441,3.1456,3.1441,3.1456,3.1491,3.1506,3.1491,3.1506,6
2026-05-18 01:22:00,3.1451,3.1461,3.1446,3.1461,3.1501,3.1511,3.1496,3.1511,4
2026-05-18 01:23:00,3.1451,3.1591,3.1451,3.1581,3.1501,3.1641,3.1501,3.1631,27
2026-05-18 01:24:00,3.1576,3.1701,3.1566,3.1696,3.1626,3.1751,3.1616,3.1746,51
2026-05-18 01:25:00,3.1706,3.1721,3.1651,3.1656,3.1756,3.1771,3.1701,3.1706,33
2026-05-18 01:26:00,3.1666,3.1666,3.1636,3.1646,3.1716,3.1716,3.1686,3.1696,12
2026-05-18 01:27:00,3.1641,3.1681,3.1641,3.1676,3.1691,3.1731,3.1691,3.1726,7
2026-05-18 01:28:00,3.1671,3.1691,3.1661,3.1681,3.1721,3.1741,3.1711,3.1731,9
2026-05-18 01:29:00,3.1676,3.1676,3.1651,3.1661,3.1726,3.1726,3.1701,3.1711,8
2026-05-18 01:30:00,3.1656,3.1671,3.1656,3.1671,3.1706,3.1721,3.1706,3.1721,2
2026-05-18 01:31:00,3.1661,3.1666,3.1651,3.1666,3.1711,3.1716,3.1701,3.1716,7
2026-05-18 01:32:00,3.1661,3.1661,3.1656,3.1656,3.1711,3.1711,3.1706,3.1706,2
2026-05-18 01:33:00,3.1651,3.1691,3.1641,3.1671,3.1701,3.1741,3.1691,3.1721,18
2026-05-18 01:34:00,3.1661,3.1661,3.1631,3.1636,3.1711,3.1711,3.1681,3.1686,11
2026-05-18 01:35:00,3.1631,3.1631,3.1621,3.1626,3.1681,3.1681,3.1671,3.1676,5
2026-05-18 01:36:00,3.1621,3.1621,3.1586,3.1586,3.1671,3.1671,3.1636,3.1636,16
2026-05-18 01:37:00,3.1596,3.1596,3.1586,3.1586,3.1646,3.1646,3.1636,3.1636,2
2026-05-18 01:38:00,3.1591,3.1601,3.1591,3.1596,3.1641,3.1651,3.1641,3.1646,3
2026-05-18 01:39:00,3.1601,3.1601,3.1591,3.1591,3.1651,3.1651,3.1641,3.1641,3
2026-05-18 01:40:00,3.1581,3.1586,3.1571,3.1586,3.1631,3.1636,3.1621,3.1636,5
2026-05-18 01:41:00,3.1581,3.1611,3.1581,3.1611,3.1631,3.1661,3.1631,3.1661,6
2026-05-18 01:42:00,3.1606,3.1666,3.1601,3.1666,3.1656,3.1716,3.1651,3.1716,10
2026-05-18 01:43:00,3.1661,3.1701,3.1646,3.1651,3.1711,3.1751,3.1696,3.1701,22
2026-05-18 01:44:00,3.1646,3.1711,3.1616,3.1706,3.1696,3.1761,3.1666,3.1756,18
2026-05-18 01:45:00,3.1701,3.1711,3.1696,3.1701,3.1751,3.1761,3.1746,3.1751,7
2026-05-18 01:46:00,3.1691,3.1701,3.1681,3.1696,3.1741,3.1751,3.1731,3.1746,5
2026-05-18 01:47:00,3.1691,3.1691,3.1691,3.1691,3.1741,3.1741,3.1741,3.1741,1
2026-05-18 01:48:00,3.1681,3.1691,3.1671,3.1691,3.1731,3.1741,3.1721,3.1741,5
2026-05-18 01:49:00,3.1696,3.1696,3.1696,3.1696,3.1746,3.1746,3.1746,3.1746,1
2026-05-18 01:50:00,3.1691,3.1691,3.1691,3.1691,3.1741,3.1741,3.1741,3.1741,1
2026-05-18 01:51:00,3.1701,3.1701,3.1696,3.1696,3.1751,3.1751,3.1746,3.1746,2
2026-05-18 01:52:00,3.1686,3.1686,3.1641,3.1651,3.1736,3.1736,3.1691,3.1701,11
2026-05-18 01:53:00,3.1661,3.1676,3.1661,3.1676,3.1711,3.1726,3.1711,3.1726,3
2026-05-18 01:54:00,3.1671,3.1671,3.1666,3.1666,3.1721,3.1721,3.1716,3.1716,2
2026-05-18 01:55:00,3.1671,3.1671,3.1666,3.1666,3.1721,3.1721,3.1716,3.1716,2
2026-05-18 01:56:00,3.1661,3.1661,3.1636,3.1636,3.1711,3.1711,3.1686,3.1686,4
2026-05-18 01:57:00,3.1641,3.1641,3.1636,3.1636,3.1691,3.1691,3.1686,3.1686,4
2026-05-18 01:58:00,3.1641,3.1651,3.1631,3.1646,3.1691,3.1701,3.1681,3.1696,6
2026-05-18 01:59:00,3.1651,3.1656,3.1646,3.1646,3.1701,3.1706,3.1696,3.1696,6
2026-05-18 02:00:00,3.1636,3.1636,3.1611,3.1626,3.1686,3.1686,3.1661,3.1676,14
2026-05-18 02:01:00,3.1621,3.1641,3.1621,3.1631,3.1671,3.1691,3.1671,3.1681,8
2026-05-18 02:02:00,3.1636,3.1641,3.1591,3.1601,3.1686,3.1691,3.1641,3.1651,22
2026-05-18 02:03:00,3.1596,3.1616,3.1591,3.1611,3.1646,3.1666,3.1641,3.1661,14
2026-05-18 02:04:00,3.1606,3.1626,3.1601,3.1626,3.1656,3.1676,3.1651,3.1676,9
2026-05-18 02:05:00,3.1616,3.1616,3.1611,3.1611,3.1666,3.1666,3.1661,3.1661,2
2026-05-18 02:06:00,3.1606,3.1636,3.1581,3.1626,3.1656,3.1686,3.1631,3.1676,20
2026-05-18 02:07:00,3.1621,3.1651,3.1616,3.1646,3.1671,3.1701,3.1666,3.1696,7
2026-05-18 02:08:00,3.1636,3.1646,3.1611,3.1631,3.1686,3.1696,3.1661,3.1681,16
2026-05-18 02:09:00,3.1626,3.1646,3.1626,3.1641,3.1676,3.1696,3.1676,3.1691,6
2026-05-18 02:10:00,3.1646,3.1696,3.1641,3.1696,3.1696,3.1746,3.1691,3.1746,21
2026-05-18 02:11:00,3.1691,3.1696,3.1681,3.1686,3.1741,3.1746,3.1731,3.1736,21
2026-05-18 02:12:00,3.1691,3.1691,3.1661,3.1676,3.1741,3.1741,3.1711,3.1726,12
2026-05-18 02:13:00,3.1671,3.1671,3.1671,3.1671,3.1721,3.1721,3.1721,3.1721,1
2026-05-18 02:14:00,3.1676,3.1676,3.1666,3.1666,3.1726,3.1726,3.1716,3.1716,2
2026-05-18 02:15:00,3.1671,3.1726,3.1671,3.1726,3.1721,3.1776,3.1721,3.1776,11
2026-05-18 02:16:00,3.1716,3.1731,3.1716,3.1731,3.1766,3.1781,3.1766,3.1781,6
2026-05-18 02:17:00,3.1726,3.1726,3.1721,3.1721,3.1776,3.1776,3.1771,3.1771,2
2026-05-18 02:18:00,3.1711,3.1721,3.1701,3.1711,3.1761,3.1771,3.1751,3.1761,10
2026-05-18 02:19:00,3.1716,3.1721,3.1711,3.1716,3.1766,3.1771,3.1761,3.1766,6
2026-05-18 02:20:00,3.1711,3.1711,3.1701,3.1701,3.1761,3.1761,3.1751,3.1751,2
2026-05-18 02:21:00,3.1711,3.1726,3.1711,3.1726,3.1761,3.1776,3.1761,3.1776,13
2026-05-18 02:22:00,3.1721,3.1726,3.1701,3.1716,3.1771,3.1776,3.1751,3.1766,10
2026-05-18 02:23:00,3.1711,3.1711,3.1691,3.1706,3.1761,3.1761,3.1741,3.1756,8
2026-05-18 02:24:00,3.1701,3.1701,3.1626,3.1636,3.1751,3.1751,3.1676,3.1686,22
2026-05-18 02:25:00,3.1631,3.1631,3.1591,3.1626,3.1681,3.1681,3.1641,3.1676,18
2026-05-18 02:26:00,3.1631,3.1641,3.1611,3.1621,3.1681,3.1691,3.1661,3.1671,12
2026-05-18 02:27:00,3.1626,3.1641,3.1626,3.1636,3.1676,3.1691,3.1676,3.1686,6
2026-05-18 02:29:00,3.1621,3.1631,3.1621,3.1626,3.1671,3.1681,3.1671,3.1676,5
2026-05-18 02:30:00,3.1631,3.1641,3.1631,3.1641,3.1681,3.1691,3.1681,3.1691,3
2026-05-18 02:31:00,3.1646,3.1666,3.1646,3.1666,3.1696,3.1716,3.1696,3.1716,8
2026-05-18 02:32:00,3.1661,3.1671,3.1621,3.1636,3.1711,3.1721,3.1671,3.1686,17
2026-05-18 02:33:00,3.1631,3.1641,3.1631,3.1641,3.1681,3.1691,3.1681,3.1691,2
2026-05-18 02:34:00,3.1646,3.1661,3.1646,3.1661,3.1696,3.1711,3.1696,3.1711,7
2026-05-18 02:35:00,3.1656,3.1676,3.1581,3.1591,3.1706,3.1726,3.1631,3.1641,26
2026-05-18 02:36:00,3.1596,3.1601,3.1591,3.1601,3.1646,3.1651,3.1641,3.1651,3
2026-05-18 02:37:00,3.1611,3.1616,3.1601,3.1601,3.1661,3.1666,3.1651,3.1651,9
2026-05-18 02:38:00,3.1591,3.1621,3.1591,3.1611,3.1641,3.1671,3.1641,3.1661,10
2026-05-18 02:39:00,3.1616,3.1616,3.1601,3.1606,3.1666,3.1666,3.1651,3.1656,6
2026-05-18 02:40:00,3.1611,3.1616,3.1611,3.1611,3.1661,3.1666,3.1661,3.1661,3
2026-05-18 02:41:00,3.1606,3.1611,3.1536,3.1611,3.1656,3.1661,3.1586,3.1661,27
2026-05-18 02:42:00,3.1606,3.1611,3.1606,3.1611,3.1656,3.1661,3.1656,3.1661,2
2026-05-18 02:43:00,3.1621,3.1621,3.1601,3.1621,3.1671,3.1671,3.1651,3.1671,10
2026-05-18 02:44:00,3.1611,3.1611,3.1606,3.1606,3.1661,3.1661,3.1656,3.1656,4
2026-05-18 02:45:00,3.1611,3.1611,3.1606,3.1611,3.1661,3.1661,3.1656,3.1661,3
2026-05-18 02:46:00,3.1606,3.1621,3.1601,3.1611,3.1656,3.1671,3.1651,3.1661,7
2026-05-18 02:47:00,3.1621,3.1621,3.1616,3.1616,3.1671,3.1671,3.1666,3.1666,4
2026-05-18 02:48:00,3.1611,3.1616,3.1611,3.1611,3.1661,3.1666,3.1661,3.1661,3
2026-05-18 02:49:00,3.1616,3.1616,3.1616,3.1616,3.1666,3.1666,3.1666,3.1666,1
2026-05-18 02:50:00,3.1621,3.1651,3.1616,3.1641,3.1671,3.1701,3.1666,3.1691,12
2026-05-18 02:51:00,3.1631,3.1646,3.1631,3.1646,3.1681,3.1696,3.1681,3.1696,9
2026-05-18 02:52:00,3.1641,3.1641,3.1636,3.1636,3.1691,3.1691,3.1686,3.1686,4
2026-05-18 02:53:00,3.1641,3.1696,3.1641,3.1676,3.1691,3.1746,3.1691,3.1726,23
2026-05-18 02:54:00,3.1671,3.1691,3.1671,3.1686,3.1721,3.1741,3.1721,3.1736,12
2026-05-18 02:55:00,3.1681,3.1701,3.1681,3.1696,3.1731,3.1751,3.1731,3.1746,13
2026-05-18 02:56:00,3.1701,3.1716,3.1691,3.1691,3.1751,3.1766,3.1741,3.1741,6
2026-05-18 02:57:00,3.1681,3.1691,3.1681,3.1686,3.1731,3.1741,3.1731,3.1736,3
2026-05-18 02:58:00,3.1691,3.1691,3.1681,3.1691,3.1741,3.1741,3.1731,3.1741,9
2026-05-18 02:59:00,3.1701,3.1716,3.1701,3.1716,3.1751,3.1766,3.1751,3.1766,3
2026-05-18 03:00:00,3.1721,3.1751,3.1711,3.1751,3.1771,3.1801,3.1761,3.1801,11
2026-05-18 03:01:00,3.1746,3.1866,3.1736,3.1846,3.1796,3.1916,3.1786,3.1896,43
2026-05-18 03:02:00,3.1851,3.1851,3.1831,3.1851,3.1901,3.1901,3.1881,3.1901,21
2026-05-18 03:03:00,3.1861,3.1886,3.1861,3.1876,3.1911,3.1936,3.1911,3.1926,20
2026-05-18 03:04:00,3.1871,3.1881,3.1871,3.1871,3.1921,3.1931,3.1921,3.1921,7
2026-05-18 03:05:00,3.1881,3.1901,3.1871,3.1881,3.1931,3.1951,3.1921,3.1931,20
2026-05-18 03:06:00,3.1871,3.1886,3.1871,3.1881,3.1921,3.1936,3.1921,3.1931,6
2026-05-18 03:07:00,3.1871,3.1871,3.1841,3.1841,3.1921,3.1921,3.1891,3.1891,10
2026-05-18 03:08:00,3.1836,3.1841,3.1821,3.1831,3.1886,3.1891,3.1871,3.1881,14
2026-05-18 03:09:00,3.1836,3.1841,3.1821,3.1821,3.1886,3.1891,3.1871,3.1871,4
2026-05-18 03:10:00,3.1816,3.1826,3.1811,3.1821,3.1866,3.1876,3.1861,3.1871,12
2026-05-18 03:11:00,3.1831,3.1831,3.1831,3.1831,3.1881,3.1881,3.1881,3.1881,1
2026-05-18 03:12:00,3.1841,3.1846,3.1836,3.1836,3.1891,3.1896,3.1886,3.1886,6
2026-05-18 03:13:00,3.1841,3.1851,3.1836,3.1851,3.1891,3.1901,3.1886,3.1901,7
2026-05-18 03:15:00,3.1846,3.1851,3.1831,3.1841,3.1896,3.1901,3.1881,3.1891,7
2026-05-18 03:16:00,3.1836,3.1841,3.1831,3.1841,3.1886,3.1891,3.1881,3.1891,5
2026-05-18 03:17:00,3.1831,3.1836,3.1831,3.1831,3.1881,3.1886,3.1881,3.1881,3
2026-05-18 03:18:00,3.1836,3.1861,3.1831,3.1836,3.1886,3.1911,3.1881,3.1886,11
2026-05-18 03:19:00,3.1841,3.1841,3.1836,3.1841,3.1891,3.1891,3.1886,3.1891,3
2026-05-18 03:20:00,3.1826,3.1851,3.1826,3.1841,3.1876,3.1901,3.1876,3.1891,12
2026-05-18 03:21:00,3.1846,3.1901,3.1841,3.1881,3.1896,3.1951,3.1891,3.1931,29
2026-05-18 03:22:00,3.1871,3.1871,3.1831,3.1856,3.1921,3.1921,3.1881,3.1906,13
2026-05-18 03:23:00,3.1851,3.1851,3.1841,3.1851,3.1901,3.1901,3.1891,3.1901,7
2026-05-18 03:24:00,3.1841,3.1841,3.1831,3.1841,3.1891,3.1891,3.1881,3.1891,5
2026-05-18 03:25:00,3.1861,3.1861,3.1841,3.1851,3.1911,3.1911,3.1891,3.1901,15
2026-05-18 03:27:00,3.1856,3.1856,3.1856,3.1856,3.1906,3.1906,3.1906,3.1906,1
2026-05-18 03:28:00,3.1866,3.1866,3.1866,3.1866,3.1916,3.1916,3.1916,3.1916,1
2026-05-18 03:29:00,3.1861,3.1861,3.1861,3.1861,3.1911,3.1911,3.1911,3.1911,1
2026-05-18 03:30:00,3.1856,3.1856,3.1846,3.1851,3.1906,3.1906,3.1896,3.1901,4
2026-05-18 03:31:00,3.1841,3.1861,3.1831,3.1851,3.1891,3.1911,3.1881,3.1901,9
2026-05-18 03:32:00,3.1856,3.1856,3.1851,3.1851,3.1906,3.1906,3.1901,3.1901,2
2026-05-18 03:33:00,3.1856,3.1861,3.1841,3.1841,3.1906,3.1911,3.1891,3.1891,4
2026-05-18 03:34:00,3.1846,3.1851,3.1831,3.1831,3.1896,3.1901,3.1881,3.1881,11
2026-05-18 03:35:00,3.1821,3.1821,3.1806,3.1806,3.1871,3.1871,3.1856,3.1856,8
2026-05-18 03:36:00,3.1801,3.1806,3.1801,3.1801,3.1851,3.1856,3.1851,3.1851,9
2026-05-18 03:37:00,3.1796,3.1821,3.1796,3.1816,3.1846,3.1871,3.1846,3.1866,6
2026-05-18 03:38:00,3.1821,3.1821,3.1821,3.1821,3.1871,3.1871,3.1871,3.1871,1
2026-05-18 03:39:00,3.1811,3.1816,3.1791,3.1801,3.1861,3.1866,3.1841,3.1851,9
2026-05-18 03:40:00,3.1796,3.1811,3.1781,3.1806,3.1846,3.1861,3.1831,3.1856,12
2026-05-18 03:41:00,3.1811,3.1811,3.1801,3.1806,3.1861,3.1861,3.1851,3.1856,8
2026-05-18 03:43:00,3.1801,3.1811,3.1801,3.1811,3.1851,3.1861,3.1851,3.1861,5
2026-05-18 03:44:00,3.1801,3.1801,3.1801,3.1801,3.1851,3.1851,3.1851,3.1851,1
2026-05-18 03:45:00,3.1811,3.1821,3.1801,3.1811,3.1861,3.1871,3.1851,3.1861,11
2026-05-18 03:46:00,3.1791,3.1801,3.1781,3.1796,3.1841,3.1851,3.1831,3.1846,8
2026-05-18 03:47:00,3.1801,3.1801,3.1796,3.1796,3.1851,3.1851,3.1846,3.1846,2
2026-05-18 03:49:00,3.1791,3.1801,3.1791,3.1796,3.1841,3.1851,3.1841,3.1846,8
2026-05-18 03:50:00,3.1801,3.1801,3.1801,3.1801,3.1851,3.1851,3.1851,3.1851,1
2026-05-18 03:51:00,3.1811,3.1811,3.1811,3.1811,3.1861,3.1861,3.1861,3.1861,1
2026-05-18 03:52:00,3.1821,3.1831,3.1811,3.1811,3.1871,3.1881,3.1861,3.1861,7
2026-05-18 03:53:00,3.1806,3.1811,3.1806,3.1811,3.1856,3.1861,3.1856,3.1861,2
2026-05-18 03:54:00,3.1816,3.1821,3.1816,3.1816,3.1866,3.1871,3.1866,3.1866,3
2026-05-18 03:55:00,3.1821,3.1821,3.1816,3.1816,3.1871,3.1871,3.1866,3.1866,2
2026-05-18 03:56:00,3.1821,3.1821,3.1811,3.1811,3.1871,3.1871,3.1861,3.1861,5
2026-05-18 03:57:00,3.1801,3.1811,3.1801,3.1806,3.1851,3.1861,3.1851,3.1856,3
2026-05-18 03:58:00,3.1801,3.1811,3.1801,3.1811,3.1851,3.1861,3.1851,3.1861,5
2026-05-18 03:59:00,3.1806,3.1806,3.1806,3.1806,3.1856,3.1856,3.1856,3.1856,1
2026-05-18 04:00:00,3.1811,3.1811,3.1806,3.1806,3.1861,3.1861,3.1856,3.1856,2
2026-05-18 04:01:00,3.1801,3.1801,3.1796,3.1801,3.1851,3.1851,3.1846,3.1851,3
2026-05-18 04:02:00,3.1796,3.1806,3.1781,3.1806,3.1846,3.1856,3.1831,3.1856,16
2026-05-18 04:03:00,3.1801,3.1801,3.1791,3.1791,3.1851,3.1851,3.1841,3.1841,2
2026-05-18 04:04:00,3.1796,3.1801,3.1791,3.1801,3.1846,3.1851,3.1841,3.1851,8
2026-05-18 04:05:00,3.1811,3.1821,3.1811,3.1816,3.1861,3.1871,3.1861,3.1866,8
2026-05-18 04:06:00,3.1811,3.1816,3.1811,3.1816,3.1861,3.1866,3.1861,3.1866,2
2026-05-18 04:07:00,3.1811,3.1811,3.1811,3.1811,3.1861,3.1861,3.1861,3.1861,1
2026-05-18 04:08:00,3.1816,3.1831,3.1816,3.1831,3.1866,3.1881,3.1866,3.1881,3
2026-05-18 04:09:00,3.1836,3.1841,3.1831,3.1841,3.1886,3.1891,3.1881,3.1891,8
2026-05-18 04:10:00,3.1836,3.1836,3.1831,3.1831,3.1886,3.1886,3.1881,3.1881,4
2026-05-18 04:11:00,3.1826,3.1831,3.1811,3.1831,3.1876,3.1881,3.1861,3.1881,10
2026-05-18 04:12:00,3.1836,3.1846,3.1801,3.1806,3.1886,3.1896,3.1851,3.1856,17
2026-05-18 04:13:00,3.1801,3.1801,3.1801,3.1801,3.1851,3.1851,3.1851,3.1851,1
2026-05-18 04:14:00,3.1786,3.1786,3.1776,3.1781,3.1836,3.1836,3.1826,3.1831,4
2026-05-18 04:15:00,3.1776,3.1776,3.1771,3.1771,3.1826,3.1826,3.1821,3.1821,2
2026-05-18 04:17:00,3.1766,3.1771,3.1766,3.1766,3.1816,3.1821,3.1816,3.1816,3
2026-05-18 04:18:00,3.1771,3.1771,3.1766,3.1771,3.1821,3.1821,3.1816,3.1821,5
2026-05-18 04:19:00,3.1766,3.1771,3.1741,3.1751,3.1816,3.1821,3.1791,3.1801,12
2026-05-18 04:25:00,3.1761,3.1771,3.1761,3.1771,3.1811,3.1821,3.1811,3.1821,4
2026-05-18 04:28:00,3.1776,3.1781,3.1776,3.1781,3.1826,3.1831,3.1826,3.1831,2
2026-05-18 04:32:00,3.1791,3.1791,3.1791,3.1791,3.1841,3.1841,3.1841,3.1841,1
2026-05-18 04:36:00,3.1796,3.1796,3.1791,3.1791,3.1846,3.1846,3.1841,3.1841,2
2026-05-18 04:37:00,3.1801,3.1801,3.1791,3.1791,3.1851,3.1851,3.1841,3.1841,2
2026-05-18 04:40:00,3.1781,3.1781,3.1781,3.1781,3.1831,3.1831,3.1831,3.1831,1
2026-05-18 04:42:00,3.1791,3.1791,3.1771,3.1771,3.1841,3.1841,3.1821,3.1821,5
2026-05-18 04:43:00,3.1776,3.1781,3.1761,3.1761,3.1826,3.1831,3.1811,3.1811,10
2026-05-18 04:47:00,3.1766,3.1766,3.1761,3.1761,3.1816,3.1816,3.1811,3.1811,2
2026-05-18 04:53:00,3.1771,3.1781,3.1761,3.1761,3.1821,3.1831,3.1811,3.1811,11
2026-05-18 04:55:00,3.1751,3.1751,3.1751,3.1751,3.1801,3.1801,3.1801,3.1801,1
2026-05-18 04:56:00,3.1741,3.1741,3.1721,3.1736,3.1791,3.1791,3.1771,3.1786,11
2026-05-18 04:57:00,3.1741,3.1741,3.1741,3.1741,3.1791,3.1791,3.1791,3.1791,1
2026-05-18 04:58:00,3.1736,3.1741,3.1716,3.1731,3.1786,3.1791,3.1766,3.1781,10
2026-05-18 04:59:00,3.1741,3.1751,3.1731,3.1751,3.1791,3.1801,3.1781,3.1801,4
2026-05-18 05:00:00,3.1741,3.1741,3.1741,3.1741,3.1791,3.1791,3.1791,3.1791,1
2026-05-18 05:01:00,3.1736,3.1736,3.1721,3.1721,3.1786,3.1786,3.1771,3.1771,3
2026-05-18 05:02:00,3.1711,3.1721,3.1711,3.1721,3.1761,3.1771,3.1761,3.1771,2
2026-05-18 05:03:00,3.1716,3.1726,3.1716,3.1721,3.1766,3.1776,3.1766,3.1771,4
2026-05-18 05:05:00,3.1711,3.1721,3.1711,3.1711,3.1761,3.1771,3.1761,3.1761,4
2026-05-18 05:06:00,3.1716,3.1716,3.1691,3.1701,3.1766,3.1766,3.1741,3.1751,7
2026-05-18 05:07:00,3.1706,3.1731,3.1706,3.1726,3.1756,3.1781,3.1756,3.1776,8
2026-05-18 05:08:00,3.1721,3.1721,3.1721,3.1721,3.1771,3.1771,3.1771,3.1771,1
2026-05-18 05:09:00,3.1726,3.1726,3.1721,3.1721,3.1776,3.1776,3.1771,3.1771,2
2026-05-18 05:10:00,3.1731,3.1731,3.1721,3.1721,3.1781,3.1781,3.1771,3.1771,2
2026-05-18 05:11:00,3.1711,3.1716,3.1711,3.1711,3.1761,3.1766,3.1761,3.1761,3
2026-05-18 05:13:00,3.1716,3.1716,3.1681,3.1686,3.1766,3.1766,3.1731,3.1736,9
2026-05-18 05:14:00,3.1691,3.1701,3.1691,3.1701,3.1741,3.1751,3.1741,3.1751,6
2026-05-18 05:16:00,3.1696,3.1696,3.1696,3.1696,3.1746,3.1746,3.1746,3.1746,1
2026-05-18 05:17:00,3.1701,3.1701,3.1701,3.1701,3.1751,3.1751,3.1751,3.1751,1
2026-05-18 05:18:00,3.1696,3.1696,3.1656,3.1661,3.1746,3.1746,3.1706,3.1711,7
2026-05-18 05:19:00,3.1666,3.1681,3.1661,3.1681,3.1716,3.1731,3.1711,3.1731,4
2026-05-18 05:20:00,3.1671,3.1671,3.1671,3.1671,3.1721,3.1721,3.1721,3.1721,1
2026-05-18 05:22:00,3.1681,3.1681,3.1676,3.1676,3.1731,3.1731,3.1726,3.1726,4
2026-05-18 05:23:00,3.1671,3.1671,3.1661,3.1671,3.1721,3.1721,3.1711,3.1721,10
2026-05-18 05:24:00,3.1666,3.1666,3.1661,3.1666,3.1716,3.1716,3.1711,3.1716,3
2026-05-18 05:25:00,3.1661,3.1681,3.1661,3.1671,3.1711,3.1731,3.1711,3.1721,4
2026-05-18 05:26:00,3.1681,3.1691,3.1681,3.1691,3.1731,3.1741,3.1731,3.1741,2
2026-05-18 05:27:00,3.1696,3.1701,3.1681,3.1681,3.1746,3.1751,3.1731,3.1731,6
2026-05-18 05:28:00,3.1671,3.1691,3.1671,3.1691,3.1721,3.1741,3.1721,3.1741,4
2026-05-18 05:29:00,3.1701,3.1721,3.1701,3.1711,3.1751,3.1771,3.1751,3.1761,4
2026-05-18 05:30:00,3.1701,3.1701,3.1611,3.1631,3.1751,3.1751,3.1661,3.1681,31
2026-05-18 05:31:00,3.1641,3.1641,3.1601,3.1631,3.1691,3.1691,3.1651,3.1681,38
2026-05-18 05:32:00,3.1636,3.1671,3.1636,3.1661,3.1686,3.1721,3.1686,3.1711,16
2026-05-18 05:33:00,3.1651,3.1656,3.1631,3.1631,3.1701,3.1706,3.1681,3.1681,24
2026-05-18 05:34:00,3.1636,3.1651,3.1631,3.1651,3.1686,3.1701,3.1681,3.1701,10
2026-05-18 05:35:00,3.1641,3.1651,3.1641,3.1651,3.1691,3.1701,3.1691,3.1701,2
2026-05-18 05:36:00,3.1656,3.1656,3.1631,3.1641,3.1706,3.1706,3.1681,3.1691,8
2026-05-18 05:37:00,3.1631,3.1636,3.1631,3.1631,3.1681,3.1686,3.1681,3.1681,3
2026-05-18 05:38:00,3.1621,3.1641,3.1616,3.1636,3.1671,3.1691,3.1666,3.1686,13
2026-05-18 05:39:00,3.1641,3.1641,3.1631,3.1631,3.1691,3.1691,3.1681,3.1681,8
2026-05-18 05:40:00,3.1641,3.1641,3.1641,3.1641,3.1691,3.1691,3.1691,3.1691,1
2026-05-18 05:43:00,3.1636,3.1636,3.1631,3.1631,3.1686,3.1686,3.1681,3.1681,12
2026-05-18 05:44:00,3.1641,3.1641,3.1631,3.1641,3.1691,3.1691,3.1681,3.1691,13
2026-05-18 05:45:00,3.1651,3.1676,3.1651,3.1671,3.1701,3.1726,3.1701,3.1721,6
2026-05-18 05:46:00,3.1681,3.1681,3.1671,3.1681,3.1731,3.1731,3.1721,3.1731,6
2026-05-18 05:47:00,3.1686,3.1686,3.1681,3.1681,3.1736,3.1736,3.1731,3.1731,4
2026-05-18 05:48:00,3.1671,3.1686,3.1666,3.1681,3.1721,3.1736,3.1716,3.1731,6
2026-05-18 05:50:00,3.1676,3.1676,3.1666,3.1666,3.1726,3.1726,3.1716,3.1716,7
2026-05-18 05:51:00,3.1661,3.1671,3.1661,3.1671,3.1711,3.1721,3.1711,3.1721,3
2026-05-18 05:52:00,3.1666,3.1666,3.1656,3.1656,3.1716,3.1716,3.1706,3.1706,5
2026-05-18 05:53:00,3.1661,3.1676,3.1656,3.1671,3.1711,3.1726,3.1706,3.1721,7
2026-05-18 05:54:00,3.1676,3.1676,3.1671,3.1671,3.1726,3.1726,3.1721,3.1721,2
2026-05-18 05:55:00,3.1666,3.1671,3.1666,3.1666,3.1716,3.1721,3.1716,3.1716,3
2026-05-18 05:56:00,3.1671,3.1676,3.1671,3.1676,3.1731,3.1731,3.1731,3.1731,4
2026-05-18 05:57:00,3.1681,3.1681,3.1681,3.1681,3.1726,3.1731,3.1726,3.1731,1
2026-05-18 05:58:00,3.1676,3.1681,3.1676,3.1681,3.1726,3.1731,3.1721,3.1731,4
2026-05-18 05:59:00,3.1676,3.1681,3.1671,3.1681,3.1736,3.1741,3.1721,3.1731,6
2026-05-18 06:00:00,3.1686,3.1691,3.1671,3.1681,3.1726,3.1726,3.1721,3.1721,6
2026-05-18 06:01:00,3.1676,3.1676,3.1671,3.1671,3.1731,3.1731,3.1721,3.1721,4
2026-05-18 06:02:00,3.1681,3.1681,3.1671,3.1671,3.1731,3.1731,3.1731,3.1731,6
2026-05-18 06:03:00,3.1681,3.1681,3.1681,3.1681,3.1726,3.1731,3.1726,3.1726,1
2026-05-18 06:04:00,3.1676,3.1681,3.1676,3.1676,3.1721,3.1726,3.1721,3.1721,3
2026-05-18 06:05:00,3.1671,3.1676,3.1671,3.1671,3.1731,3.1731,3.1721,3.1721,3
2026-05-18 06:06:00,3.1681,3.1681,3.1671,3.1671,3.1731,3.1731,3.1731,3.1731,2
2026-05-18 06:07:00,3.1681,3.1681,3.1681,3.1681,3.1741,3.1761,3.1741,3.1761,1
2026-05-18 06:08:00,3.1691,3.1711,3.1691,3.1711,3.1766,3.1781,3.1761,3.1761,5
2026-05-18 06:10:00,3.1716,3.1731,3.1711,3.1711,3.1771,3.1781,3.1771,3.1781,7
2026-05-18 06:13:00,3.1721,3.1731,3.1721,3.1731,3.1771,3.1811,3.1771,3.1801,4
2026-05-18 06:14:00,3.1721,3.1761,3.1721,3.1751,3.1811,3.1811,3.1806,3.1811,10
2026-05-18 06:15:00,3.1761,3.1761,3.1756,3.1761,3.1821,3.1841,3.1821,3.1831,3
2026-05-18 06:19:00,3.1771,3.1791,3.1771,3.1781,3.1836,3.1841,3.1831,3.1836,14
2026-05-18 06:20:00,3.1786,3.1791,3.1781,3.1786,3.1831,3.1836,3.1831,3.1836,6
2026-05-18 06:21:00,3.1781,3.1786,3.1781,3.1786,3.1831,3.1831,3.1826,3.1831,4
2026-05-18 06:22:00,3.1781,3.1781,3.1776,3.1781,3.1821,3.1831,3.1821,3.1826,3
2026-05-18 06:24:00,3.1771,3.1781,3.1771,3.1776,3.1831,3.1831,3.1831,3.1831,3
2026-05-18 06:25:00,3.1781,3.1781,3.1781,3.1781,3.1841,3.1851,3.1841,3.1851,1
2026-05-18 06:26:00,3.1791,3.1801,3.1791,3.1801,3.1861,3.1861,3.1856,3.1861,2
2026-05-18 06:27:00,3.1811,3.1811,3.1806,3.1811,3.1851,3.1861,3.1851,3.1856,5
2026-05-18 06:28:00,3.1801,3.1811,3.1801,3.1806,3.1861,3.1861,3.1861,3.1861,6
2026-05-18 06:29:00,3.1811,3.1811,3.1811,3.1811,3.1851,3.1861,3.1851,3.1861,1
2026-05-18 06:30:00,3.1801,3.1811,3.1801,3.1811,3.1851,3.1851,3.1851,3.1851,2
2026-05-18 06:31:00,3.1801,3.1801,3.1801,3.1801,3.1861,3.1861,3.1851,3.1851,1
2026-05-18 06:34:00,3.1811,3.1811,3.1801,3.1801,3.1841,3.1871,3.1841,3.1861,2
2026-05-18 06:35:00,3.1791,3.1821,3.1791,3.1811,3.1856,3.1856,3.1811,3.1811,5
2026-05-18 06:36:00,3.1806,3.1806,3.1761,3.1761,3.1816,3.1821,3.1816,3.1821,6
2026-05-18 06:37:00,3.1766,3.1771,3.1766,3.1771,3.1816,3.1816,3.1801,3.1801,2
2026-05-18 06:40:00,3.1766,3.1766,3.1751,3.1751,3.1806,3.1806,3.1801,3.1801,6
2026-05-18 06:41:00,3.1756,3.1756,3.1751,3.1751,3.1791,3.1791,3.1791,3.1791,4
2026-05-18 06:42:00,3.1741,3.1741,3.1741,3.1741,3.1781,3.1781,3.1771,3.1771,1
2026-05-18 06:43:00,3.1731,3.1731,3.1721,3.1721,3.1776,3.1781,3.1761,3.1771,2
2026-05-18 06:44:00,3.1726,3.1731,3.1711,3.1721,3.1781,3.1791,3.1776,3.1776,9
2026-05-18 06:45:00,3.1731,3.1741,3.1726,3.1726,3.1781,3.1781,3.1776,3.1781,10
2026-05-18 06:46:00,3.1731,3.1731,3.1726,3.1731,3.1791,3.1811,3.1791,3.1811,3
2026-05-18 06:47:00,3.1741,3.1761,3.1741,3.1761,3.1801,3.1801,3.1801,3.1801,4
2026-05-18 06:48:00,3.1751,3.1751,3.1751,3.1751,3.1811,3.1821,3.1811,3.1811,1
2026-05-18 06:50:00,3.1761,3.1771,3.1761,3.1761,3.1806,3.1806,3.1806,3.1806,3
2026-05-18 06:52:00,3.1756,3.1756,3.1756,3.1756,3.1811,3.1821,3.1811,3.1821,1
2026-05-18 06:53:00,3.1761,3.1771,3.1761,3.1771,3.1831,3.1831,3.1831,3.1831,2
2026-05-18 06:55:00,3.1781,3.1781,3.1781,3.1781,3.1821,3.1821,3.1821,3.1821,1
2026-05-18 06:56:00,3.1771,3.1771,3.1771,3.1771,3.1831,3.1831,3.1831,3.1831,1
2026-05-18 06:58:00,3.1781,3.1781,3.1781,3.1781,3.1821,3.1841,3.1821,3.1831,1
2026-05-18 06:59:00,3.1771,3.1791,3.1771,3.1781,3.1821,3.1831,3.1821,3.1831,4
2026-05-18 07:00:00,3.1771,3.1781,3.1771,3.1781,3.1821,3.1831,3.1821,3.1831,2
2026-05-18 07:04:00,3.1771,3.1781,3.1771,3.1781,3.1821,3.1831,3.1821,3.1821,2
2026-05-18 07:05:00,3.1771,3.1781,3.1771,3.1771,3.1811,3.1821,3.1801,3.1821,8
2026-05-18 07:07:00,3.1761,3.1771,3.1751,3.1771,3.1831,3.1831,3.1821,3.1821,7
2026-05-18 07:08:00,3.1781,3.1781,3.1771,3.1771,3.1826,3.1826,3.1821,3.1821,2
2026-05-18 07:09:00,3.1776,3.1776,3.1771,3.1771,3.1826,3.1831,3.1821,3.1831,2
2026-05-18 07:11:00,3.1776,3.1781,3.1771,3.1781,3.1821,3.1821,3.1811,3.1816,5
2026-05-18 07:12:00,3.1771,3.1771,3.1761,3.1766,3.1811,3.1821,3.1811,3.1821,7
2026-05-18 07:13:00,3.1761,3.1771,3.1761,3.1771,3.1816,3.1821,3.1811,3.1811,2
2026-05-18 07:15:00,3.1766,3.1771,3.1761,3.1761,3.1816,3.1816,3.1816,3.1816,7
2026-05-18 07:16:00,3.1766,3.1766,3.1766,3.1766,3.1811,3.1821,3.1811,3.1816,1
2026-05-18 07:17:00,3.1761,3.1771,3.1761,3.1766,3.1811,3.1816,3.1811,3.1811,4
2026-05-18 07:18:00,3.1761,3.1766,3.1761,3.1761,3.1801,3.1811,3.1801,3.1811,3
2026-05-18 07:19:00,3.1751,3.1761,3.1751,3.1761,3.1816,3.1816,3.1801,3.1801,2
2026-05-18 07:20:00,3.1766,3.1766,3.1751,3.1751,3.1811,3.1811,3.1811,3.1811,3
2026-05-18 07:21:00,3.1761,3.1761,3.1761,3.1761,3.1816,3.1816,3.1811,3.1811,1
2026-05-18 07:22:00,3.1766,3.1766,3.1761,3.1761,3.1816,3.1821,3.1816,3.1821,2
2026-05-18 07:24:00,3.1766,3.1771,3.1766,3.1771,3.1826,3.1831,3.1821,3.1821,2
2026-05-18 07:25:00,3.1776,3.1781,3.1771,3.1771,3.1811,3.1821,3.1811,3.1816,7
2026-05-18 07:26:00,3.1761,3.1771,3.1761,3.1766,3.1821,3.1826,3.1821,3.1826,5
2026-05-18 07:27:00,3.1771,3.1776,3.1771,3.1776,3.1831,3.1841,3.1831,3.1836,2
2026-05-18 07:28:00,3.1781,3.1791,3.1781,3.1786,3.1831,3.1831,3.1831,3.1831,5
2026-05-18 07:29:00,3.1781,3.1781,3.1781,3.1781,3.1821,3.1831,3.1821,3.1826,1
2026-05-18 07:30:00,3.1771,3.1781,3.1771,3.1776,3.1831,3.1831,3.1811,3.1821,11
2026-05-18 07:31:00,3.1781,3.1781,3.1761,3.1771,3.1816,3.1816,3.1811,3.1811,8
2026-05-18 07:32:00,3.1766,3.1766,3.1761,3.1761,3.1816,3.1821,3.1816,3.1821,4
2026-05-18 07:35:00,3.1766,3.1771,3.1766,3.1771,3.1826,3.1831,3.1806,3.1806,2
2026-05-18 07:36:00,3.1776,3.1781,3.1756,3.1756,3.1801,3.1801,3.1796,3.1796,9
2026-05-18 07:37:00,3.1751,3.1751,3.1746,3.1746,3.1791,3.1791,3.1781,3.1786,4
2026-05-18 07:38:00,3.1741,3.1741,3.1731,3.1736,3.1781,3.1781,3.1771,3.1776,8
2026-05-18 07:39:00,3.1731,3.1731,3.1721,3.1726,3.1781,3.1791,3.1781,3.1791,6
2026-05-18 07:40:00,3.1731,3.1741,3.1731,3.1741,3.1796,3.1796,3.1791,3.1796,2
2026-05-18 07:42:00,3.1746,3.1746,3.1741,3.1746,3.1791,3.1791,3.1776,3.1776,3
2026-05-18 07:43:00,3.1741,3.1741,3.1726,3.1726,3.1781,3.1791,3.1781,3.1791,2
2026-05-18 07:44:00,3.1731,3.1741,3.1731,3.1741,3.1796,3.1796,3.1791,3.1796,3
2026-05-18 07:45:00,3.1746,3.1746,3.1741,3.1746,3.1801,3.1801,3.1801,3.1801,3
2026-05-18 07:46:00,3.1751,3.1751,3.1751,3.1751,3.1791,3.1801,3.1781,3.1791,1
2026-05-18 07:47:00,3.1741,3.1751,3.1731,3.1741,3.1796,3.1796,3.1796,3.1796,12
2026-05-18 07:49:00,3.1746,3.1746,3.1746,3.1746,3.1801,3.1816,3.1801,3.1816,1
2026-05-18 07:51:00,3.1751,3.1766,3.1751,3.1766,3.1811,3.1811,3.1801,3.1806,6
2026-05-18 07:52:00,3.1761,3.1761,3.1751,3.1756,3.1801,3.1801,3.1801,3.1801,5
2026-05-18 07:54:00,3.1751,3.1751,3.1751,3.1751,3.1811,3.1816,3.1791,3.1791,1
2026-05-18 07:57:00,3.1761,3.1766,3.1741,3.1741,3.1801,3.1801,3.1796,3.1801,7
2026-05-18 07:59:00,3.1751,3.1751,3.1746,3.1751,3.1791,3.1791,3.1736,3.1776,3
2026-05-18 08:00:00,3.1741,3.1741,3.1686,3.1726,3.1781,3.1791,3.1776,3.1791,46
2026-05-18 08:01:00,3.1731,3.1741,3.1726,3.1741,3.1801,3.1811,3.1791,3.1811,7
2026-05-18 08:02:00,3.1751,3.1761,3.1741,3.1761,3.1816,3.1821,3.1811,3.1811,11
2026-05-18 08:03:00,3.1766,3.1771,3.1761,3.1761,3.1816,3.1831,3.1811,3.1831,6
2026-05-18 08:04:00,3.1766,3.1781,3.1761,3.1781,3.1821,3.1851,3.1821,3.1841,12
2026-05-18 08:05:00,3.1771,3.1801,3.1771,3.1791,3.1851,3.1871,3.1851,3.1871,17
2026-05-18 08:06:00,3.1801,3.1821,3.1801,3.1821,3.1881,3.1881,3.1871,3.1881,5
2026-05-18 08:07:00,3.1831,3.1831,3.1821,3.1831,3.1871,3.1871,3.1861,3.1861,4
2026-05-18 08:08:00,3.1821,3.1821,3.1811,3.1811,3.1866,3.1866,3.1851,3.1856,8
2026-05-18 08:09:00,3.1816,3.1816,3.1801,3.1806,3.1851,3.1866,3.1851,3.1861,5
2026-05-18 08:10:00,3.1801,3.1816,3.1801,3.1811,3.1866,3.1866,3.1851,3.1851,10
2026-05-18 08:11:00,3.1816,3.1816,3.1801,3.1801,3.1861,3.1861,3.1861,3.1861,3
2026-05-18 08:12:00,3.1811,3.1811,3.1811,3.1811,3.1851,3.1856,3.1851,3.1851,1
2026-05-18 08:13:00,3.1801,3.1806,3.1801,3.1801,3.1861,3.1881,3.1861,3.1876,9
2026-05-18 08:14:00,3.1811,3.1831,3.1811,3.1826,3.1871,3.1876,3.1871,3.1876,11
2026-05-18 08:15:00,3.1821,3.1826,3.1821,3.1826,3.1871,3.1876,3.1871,3.1871,6
2026-05-18 08:16:00,3.1821,3.1826,3.1821,3.1821,3.1876,3.1881,3.1871,3.1881,3
2026-05-18 08:17:00,3.1826,3.1831,3.1821,3.1831,3.1891,3.1891,3.1876,3.1886,6
2026-05-18 08:18:00,3.1841,3.1841,3.1826,3.1836,3.1881,3.1891,3.1881,3.1891,13
2026-05-18 08:19:00,3.1831,3.1841,3.1831,3.1841,3.1886,3.1886,3.1861,3.1866,8
2026-05-18 08:20:00,3.1836,3.1836,3.1811,3.1816,3.1871,3.1886,3.1871,3.1886,15
2026-05-18 08:21:00,3.1821,3.1836,3.1821,3.1836,3.1891,3.1901,3.1861,3.1871,3
2026-05-18 08:22:00,3.1841,3.1851,3.1811,3.1821,3.1876,3.1886,3.1871,3.1876,9
2026-05-18 08:23:00,3.1826,3.1836,3.1821,3.1826,3.1881,3.1881,3.1871,3.1881,7
2026-05-18 08:24:00,3.1831,3.1831,3.1821,3.1831,3.1886,3.1886,3.1871,3.1876,3
2026-05-18 08:27:00,3.1836,3.1836,3.1821,3.1826,3.1881,3.1896,3.1871,3.1891,5
2026-05-18 08:28:00,3.1831,3.1846,3.1821,3.1841,3.1896,3.1941,3.1896,3.1931,6
2026-05-18 08:29:00,3.1846,3.1891,3.1846,3.1881,3.1921,3.1931,3.1921,3.1931,16
2026-05-18 08:30:00,3.1871,3.1881,3.1871,3.1881,3.1936,3.1981,3.1911,3.1941,5
2026-05-18 08:31:00,3.1886,3.1931,3.1861,3.1891,3.1956,3.1971,3.1941,3.1956,30
2026-05-18 08:32:00,3.1906,3.1921,3.1891,3.1906,3.1966,3.1981,3.1961,3.1981,18
2026-05-18 08:33:00,3.1916,3.1931,3.1911,3.1931,3.1971,3.1991,3.1971,3.1976,6
2026-05-18 08:34:00,3.1921,3.1941,3.1921,3.1926,3.1981,3.1991,3.1921,3.1921,25
2026-05-18 08:35:00,3.1931,3.1941,3.1871,3.1871,3.1911,3.1921,3.1911,3.1921,10
2026-05-18 08:36:00,3.1861,3.1871,3.1861,3.1871,3.1911,3.1916,3.1911,3.1916,9
2026-05-18 08:37:00,3.1861,3.1866,3.1861,3.1866,3.1911,3.1911,3.1906,3.1911,6
2026-05-18 08:38:00,3.1861,3.1861,3.1856,3.1861,3.1916,3.1916,3.1911,3.1911,5
2026-05-18 08:39:00,3.1866,3.1866,3.1861,3.1861,3.1916,3.1921,3.1916,3.1921,4
2026-05-18 08:40:00,3.1866,3.1871,3.1866,3.1871,3.1916,3.1916,3.1901,3.1901,2
2026-05-18 08:41:00,3.1866,3.1866,3.1851,3.1851,3.1891,3.1891,3.1886,3.1891,2
2026-05-18 08:43:00,3.1841,3.1841,3.1836,3.1841,3.1881,3.1891,3.1881,3.1891,3
2026-05-18 08:44:00,3.1831,3.1841,3.1831,3.1841,3.1896,3.1901,3.1891,3.1896,3
2026-05-18 08:45:00,3.1846,3.1851,3.1841,3.1846,3.1891,3.1911,3.1891,3.1896,10
2026-05-18 08:46:00,3.1841,3.1861,3.1841,3.1846,3.1901,3.1901,3.1891,3.1896,8
2026-05-18 08:47:00,3.1851,3.1851,3.1841,3.1846,3.1891,3.1906,3.1891,3.1891,8
2026-05-18 08:48:00,3.1841,3.1856,3.1841,3.1841,3.1881,3.1896,3.1881,3.1896,12
2026-05-18 08:49:00,3.1831,3.1846,3.1831,3.1846,3.1891,3.1896,3.1891,3.1891,4
2026-05-18 08:50:00,3.1841,3.1846,3.1841,3.1841,3.1881,3.1891,3.1876,3.1891,7
2026-05-18 08:51:00,3.1831,3.1841,3.1826,3.1841,3.1886,3.1886,3.1876,3.1881,14
2026-05-18 08:52:00,3.1836,3.1836,3.1826,3.1831,3.1886,3.1901,3.1886,3.1891,6
2026-05-18 08:53:00,3.1836,3.1851,3.1836,3.1841,3.1886,3.1886,3.1871,3.1871,8
2026-05-18 08:54:00,3.1836,3.1836,3.1821,3.1821,3.1881,3.1881,3.1861,3.1861,3
2026-05-18 08:55:00,3.1831,3.1831,3.1811,3.1811,3.1866,3.1871,3.1851,3.1851,4
2026-05-18 08:56:00,3.1816,3.1821,3.1801,3.1801,3.1861,3.1886,3.1861,3.1886,13
2026-05-18 08:57:00,3.1811,3.1836,3.1811,3.1836,3.1881,3.1921,3.1871,3.1911,7
2026-05-18 08:58:00,3.1831,3.1871,3.1821,3.1861,3.1906,3.1921,3.1906,3.1911,26
2026-05-18 08:59:00,3.1856,3.1871,3.1856,3.1861,3.1906,3.1916,3.1901,3.1906,7
2026-05-18 09:00:00,3.1856,3.1866,3.1851,3.1856,3.1901,3.1911,3.1901,3.1906,21
2026-05-18 09:01:00,3.1851,3.1861,3.1851,3.1856,3.1901,3.1911,3.1901,3.1901,7
2026-05-18 09:02:00,3.1851,3.1861,3.1851,3.1851,3.1906,3.1931,3.1906,3.1926,3
2026-05-18 09:03:00,3.1856,3.1881,3.1856,3.1876,3.1921,3.1921,3.1911,3.1911,13
2026-05-18 09:04:00,3.1871,3.1871,3.1861,3.1861,3.1916,3.1921,3.1911,3.1911,6
2026-05-18 09:05:00,3.1866,3.1871,3.1861,3.1861,3.1916,3.1931,3.1911,3.1911,10
2026-05-18 09:06:00,3.1866,3.1881,3.1861,3.1861,3.1916,3.1921,3.1916,3.1921,12
2026-05-18 09:07:00,3.1866,3.1871,3.1866,3.1871,3.1931,3.1931,3.1911,3.1911,2
2026-05-18 09:08:00,3.1881,3.1881,3.1861,3.1861,3.1901,3.1906,3.1891,3.1896,5
2026-05-18 09:09:00,3.1851,3.1856,3.1841,3.1846,3.1901,3.1921,3.1896,3.1911,8
2026-05-18 09:10:00,3.1851,3.1871,3.1846,3.1861,3.1906,3.1906,3.1901,3.1901,13
2026-05-18 09:11:00,3.1856,3.1856,3.1851,3.1851,3.1911,3.1911,3.1901,3.1901,2
2026-05-18 09:12:00,3.1861,3.1861,3.1851,3.1851,3.1906,3.1911,3.1901,3.1901,2
2026-05-18 09:13:00,3.1856,3.1861,3.1851,3.1851,3.1911,3.1931,3.1911,3.1921,17
2026-05-18 09:14:00,3.1861,3.1881,3.1861,3.1871,3.1911,3.1911,3.1911,3.1911,9
2026-05-18 09:15:00,3.1861,3.1861,3.1861,3.1861,3.1921,3.1921,3.1916,3.1921,1
2026-05-18 09:16:00,3.1871,3.1871,3.1866,3.1871,3.1911,3.1916,3.1911,3.1911,3
2026-05-18 09:17:00,3.1861,3.1866,3.1861,3.1861,3.1901,3.1906,3.1886,3.1901,5
2026-05-18 09:18:00,3.1851,3.1856,3.1836,3.1851,3.1891,3.1901,3.1891,3.1896,15
2026-05-18 09:19:00,3.1841,3.1851,3.1841,3.1846,3.1901,3.1901,3.1896,3.1896,8
2026-05-18 09:20:00,3.1851,3.1851,3.1846,3.1846,3.1891,3.1906,3.1891,3.1891,2
2026-05-18 09:21:00,3.1841,3.1856,3.1841,3.1841,3.1881,3.1886,3.1881,3.1881,5
2026-05-18 09:22:00,3.1831,3.1836,3.1831,3.1831,3.1871,3.1881,3.1866,3.1871,5
2026-05-18 09:23:00,3.1821,3.1831,3.1816,3.1821,3.1861,3.1881,3.1861,3.1871,10
2026-05-18 09:24:00,3.1811,3.1831,3.1811,3.1821,3.1876,3.1881,3.1861,3.1871,8
2026-05-18 09:25:00,3.1826,3.1831,3.1811,3.1821,3.1876,3.1881,3.1871,3.1881,19
2026-05-18 09:26:00,3.1826,3.1831,3.1821,3.1831,3.1871,3.1876,3.1851,3.1851,8
2026-05-18 09:27:00,3.1821,3.1826,3.1801,3.1801,3.1856,3.1871,3.1856,3.1861,9
2026-05-18 09:28:00,3.1806,3.1821,3.1806,3.1811,3.1866,3.1866,3.1851,3.1856,12
2026-05-18 09:29:00,3.1816,3.1816,3.1801,3.1806,3.1861,3.1881,3.1861,3.1861,9
2026-05-18 09:30:00,3.1811,3.1831,3.1811,3.1811,3.1866,3.1881,3.1861,3.1871,16
2026-05-18 09:31:00,3.1816,3.1831,3.1811,3.1821,3.1861,3.1861,3.1826,3.1836,17
2026-05-18 09:32:00,3.1811,3.1811,3.1776,3.1786,3.1831,3.1851,3.1831,3.1851,18
2026-05-18 09:33:00,3.1781,3.1801,3.1781,3.1801,3.1841,3.1861,3.1841,3.1851,9
2026-05-18 09:34:00,3.1791,3.1811,3.1791,3.1801,3.1846,3.1851,3.1841,3.1851,6
2026-05-18 09:35:00,3.1796,3.1801,3.1791,3.1801,3.1841,3.1871,3.1841,3.1861,4
2026-05-18 09:36:00,3.1791,3.1821,3.1791,3.1811,3.1851,3.1861,3.1851,3.1851,17
2026-05-18 09:37:00,3.1801,3.1811,3.1801,3.1801,3.1841,3.1861,3.1841,3.1856,3
2026-05-18 09:38:00,3.1791,3.1811,3.1791,3.1806,3.1861,3.1881,3.1861,3.1881,8
2026-05-18 09:39:00,3.1811,3.1831,3.1811,3.1831,3.1876,3.1881,3.1861,3.1861,7
2026-05-18 09:40:00,3.1826,3.1831,3.1811,3.1811,3.1871,3.1881,3.1871,3.1871,15
2026-05-18 09:41:00,3.1821,3.1831,3.1821,3.1821,3.1876,3.1881,3.1871,3.1871,5
2026-05-18 09:42:00,3.1826,3.1831,3.1821,3.1821,3.1861,3.1891,3.1861,3.1881,6
2026-05-18 09:43:00,3.1811,3.1841,3.1811,3.1831,3.1871,3.1891,3.1871,3.1891,14
2026-05-18 09:44:00,3.1821,3.1841,3.1821,3.1841,3.1886,3.1891,3.1881,3.1881,5
2026-05-18 09:45:00,3.1836,3.1841,3.1831,3.1831,3.1871,3.1876,3.1871,3.1871,8
2026-05-18 09:46:00,3.1821,3.1826,3.1821,3.1821,3.1866,3.1866,3.1861,3.1861,3
2026-05-18 09:47:00,3.1816,3.1816,3.1811,3.1811,3.1851,3.1861,3.1851,3.1856,6
2026-05-18 09:48:00,3.1801,3.1811,3.1801,3.1806,3.1861,3.1871,3.1856,3.1861,6
2026-05-18 09:49:00,3.1811,3.1821,3.1806,3.1811,3.1866,3.1891,3.1861,3.1871,9
2026-05-18 09:50:00,3.1816,3.1841,3.1811,3.1821,3.1881,3.1911,3.1871,3.1911,17
2026-05-18 09:51:00,3.1831,3.1861,3.1821,3.1861,3.1901,3.1911,3.1901,3.1901,20
2026-05-18 09:52:00,3.1851,3.1861,3.1851,3.1851,3.1911,3.1921,3.1901,3.1901,8
2026-05-18 09:53:00,3.1861,3.1871,3.1851,3.1851,3.1911,3.1931,3.1911,3.1931,4
2026-05-18 09:55:00,3.1861,3.1881,3.1861,3.1881,3.1921,3.1921,3.1871,3.1886,13
2026-05-18 09:56:00,3.1871,3.1871,3.1821,3.1836,3.1891,3.1901,3.1891,3.1896,30
2026-05-18 09:57:00,3.1841,3.1851,3.1841,3.1846,3.1901,3.1901,3.1891,3.1891,13
2026-05-18 09:58:00,3.1851,3.1851,3.1841,3.1841,3.1901,3.1911,3.1901,3.1911,5
2026-05-18 09:59:00,3.1851,3.1861,3.1851,3.1861,3.1906,3.1906,3.1891,3.1896,2
2026-05-18 10:00:00,3.1856,3.1856,3.1841,3.1846,3.1901,3.1901,3.1871,3.1881,12
2026-05-18 10:01:00,3.1851,3.1851,3.1821,3.1831,3.1891,3.1896,3.1881,3.1891,14
2026-05-18 10:02:00,3.1841,3.1846,3.1831,3.1841,3.1896,3.1896,3.1891,3.1896,12
2026-05-18 10:03:00,3.1846,3.1846,3.1841,3.1846,3.1891,3.1901,3.1891,3.1901,7
2026-05-18 10:04:00,3.1841,3.1851,3.1841,3.1851,3.1891,3.1901,3.1891,3.1896,6
2026-05-18 10:05:00,3.1841,3.1851,3.1841,3.1846,3.1901,3.1921,3.1901,3.1911,8
2026-05-18 10:06:00,3.1851,3.1871,3.1851,3.1861,3.1916,3.1916,3.1911,3.1911,6
2026-05-18 10:07:00,3.1866,3.1866,3.1861,3.1861,3.1901,3.1901,3.1901,3.1901,2
2026-05-18 10:08:00,3.1851,3.1851,3.1851,3.1851,3.1911,3.1911,3.1881,3.1911,1
2026-05-18 10:10:00,3.1861,3.1861,3.1831,3.1861,3.1921,3.1931,3.1911,3.1911,19
2026-05-18 10:11:00,3.1871,3.1881,3.1861,3.1861,3.1916,3.1916,3.1906,3.1911,8
2026-05-18 10:12:00,3.1866,3.1866,3.1856,3.1861,3.1901,3.1911,3.1901,3.1906,4
2026-05-18 10:13:00,3.1851,3.1861,3.1851,3.1856,3.1911,3.1911,3.1906,3.1911,4
2026-05-18 10:14:00,3.1861,3.1861,3.1856,3.1861,3.1906,3.1931,3.1906,3.1916,3
2026-05-18 10:15:00,3.1856,3.1881,3.1856,3.1866,3.1911,3.1921,3.1911,3.1921,12
2026-05-18 10:16:00,3.1861,3.1871,3.1861,3.1871,3.1926,3.1931,3.1921,3.1921,12
2026-05-18 10:17:00,3.1876,3.1881,3.1871,3.1871,3.1916,3.1916,3.1901,3.1901,10
2026-05-18 10:18:00,3.1866,3.1866,3.1851,3.1851,3.1906,3.1911,3.1901,3.1906,7
2026-05-18 10:19:00,3.1856,3.1861,3.1851,3.1856,3.1901,3.1911,3.1901,3.1906,7
2026-05-18 10:20:00,3.1851,3.1861,3.1851,3.1856,3.1911,3.1921,3.1911,3.1921,6
2026-05-18 10:21:00,3.1861,3.1871,3.1861,3.1871,3.1931,3.1941,3.1931,3.1941,9
2026-05-18 10:22:00,3.1881,3.1891,3.1881,3.1891,3.1936,3.1941,3.1931,3.1931,4
2026-05-18 10:23:00,3.1886,3.1891,3.1881,3.1881,3.1941,3.1941,3.1931,3.1941,15
2026-05-18 10:25:00,3.1891,3.1891,3.1881,3.1891,3.1951,3.1961,3.1931,3.1941,5
2026-05-18 10:26:00,3.1901,3.1911,3.1881,3.1891,3.1946,3.1961,3.1931,3.1931,14
2026-05-18 10:27:00,3.1896,3.1911,3.1881,3.1881,3.1936,3.1941,3.1921,3.1931,8
2026-05-18 10:28:00,3.1886,3.1891,3.1871,3.1881,3.1941,3.1951,3.1941,3.1951,9
2026-05-18 10:29:00,3.1891,3.1901,3.1891,3.1901,3.1961,3.1961,3.1951,3.1956,2
2026-05-18 10:31:00,3.1911,3.1911,3.1901,3.1906,3.1951,3.1951,3.1941,3.1951,9
2026-05-18 10:32:00,3.1901,3.1901,3.1891,3.1901,3.1941,3.1946,3.1941,3.1946,3
2026-05-18 10:33:00,3.1891,3.1896,3.1891,3.1896,3.1941,3.1951,3.1931,3.1941,6
2026-05-18 10:34:00,3.1891,3.1901,3.1881,3.1891,3.1946,3.1946,3.1941,3.1941,5
2026-05-18 10:35:00,3.1896,3.1896,3.1891,3.1891,3.1951,3.1951,3.1941,3.1941,4
2026-05-18 10:37:00,3.1901,3.1901,3.1891,3.1891,3.1951,3.1951,3.1941,3.1941,2
2026-05-18 10:38:00,3.1901,3.1901,3.1891,3.1891,3.1951,3.1981,3.1941,3.1981,2
2026-05-18 10:39:00,3.1901,3.1931,3.1891,3.1931,3.1971,3.1971,3.1931,3.1941,10
2026-05-18 10:40:00,3.1921,3.1921,3.1881,3.1891,3.1931,3.1941,3.1931,3.1941,18
2026-05-18 10:41:00,3.1881,3.1891,3.1881,3.1891,3.1936,3.1941,3.1931,3.1936,4
2026-05-18 10:43:00,3.1886,3.1891,3.1881,3.1886,3.1941,3.1941,3.1911,3.1916,5
2026-05-18 10:44:00,3.1891,3.1891,3.1861,3.1866,3.1911,3.1931,3.1911,3.1921,13
2026-05-18 10:45:00,3.1861,3.1881,3.1861,3.1871,3.1931,3.1931,3.1931,3.1931,12
2026-05-18 10:46:00,3.1881,3.1881,3.1881,3.1881,3.1941,3.1961,3.1941,3.1961,1
2026-05-18 10:47:00,3.1891,3.1911,3.1891,3.1911,3.1951,3.1976,3.1951,3.1976,3
2026-05-18 10:48:00,3.1901,3.1926,3.1901,3.1926,3.1981,3.1991,3.1971,3.1991,7
2026-05-18 10:49:00,3.1931,3.1941,3.1921,3.1941,3.1981,3.1991,3.1981,3.1991,8
2026-05-18 10:50:00,3.1931,3.1941,3.1931,3.1941,3.1981,3.1991,3.1981,3.1991,5
2026-05-18 10:51:00,3.1931,3.1941,3.1931,3.1941,3.2001,3.2011,3.1991,3.2001,3
2026-05-18 10:52:00,3.1951,3.1961,3.1941,3.1951,3.2006,3.2016,3.2006,3.2011,24
2026-05-18 10:53:00,3.1956,3.1966,3.1956,3.1961,3.2036,3.2036,3.2021,3.2021,4
2026-05-18 10:54:00,3.1986,3.1986,3.1971,3.1971,3.2026,3.2036,3.2026,3.2031,22
2026-05-18 10:55:00,3.1976,3.1986,3.1976,3.1981,3.2036,3.2036,3.2021,3.2021,14
2026-05-18 10:56:00,3.1986,3.1986,3.1971,3.1971,3.2026,3.2031,3.2021,3.2021,7
2026-05-18 10:57:00,3.1976,3.1981,3.1971,3.1971,3.2026,3.2031,3.2021,3.2031,3
2026-05-18 10:58:00,3.1976,3.1981,3.1971,3.1981,3.2036,3.2041,3.2031,3.2041,11
2026-05-18 10:59:00,3.1986,3.1991,3.1981,3.1991,3.2031,3.2041,3.2031,3.2041,5
2026-05-18 11:01:00,3.1981,3.1991,3.1981,3.1991,3.2051,3.2131,3.2051,3.2121,9
2026-05-18 11:02:00,3.2001,3.2081,3.2001,3.2071,3.2131,3.2131,3.2101,3.2106,33
2026-05-18 11:03:00,3.2081,3.2081,3.2051,3.2056,3.2101,3.2111,3.2091,3.2091,24
2026-05-18 11:04:00,3.2051,3.2061,3.2041,3.2041,3.2096,3.2111,3.2091,3.2091,14
2026-05-18 11:05:00,3.2046,3.2061,3.2041,3.2041,3.2101,3.2101,3.2081,3.2081,18
2026-05-18 11:06:00,3.2051,3.2051,3.2031,3.2031,3.2071,3.2081,3.2071,3.2076,7
2026-05-18 11:07:00,3.2021,3.2031,3.2021,3.2026,3.2081,3.2081,3.2081,3.2081,15
2026-05-18 11:08:00,3.2031,3.2031,3.2031,3.2031,3.2091,3.2091,3.2071,3.2071,1
2026-05-18 11:09:00,3.2041,3.2041,3.2021,3.2021,3.2076,3.2076,3.2051,3.2071,4
2026-05-18 11:10:00,3.2026,3.2026,3.2001,3.2021,3.2066,3.2066,3.2051,3.2056,13
2026-05-18 11:11:00,3.2016,3.2016,3.2001,3.2006,3.2061,3.2061,3.2061,3.2061,5
2026-05-18 11:12:00,3.2011,3.2011,3.2011,3.2011,3.2071,3.2071,3.2051,3.2071,1
2026-05-18 11:13:00,3.2021,3.2021,3.2001,3.2021,3.2061,3.2066,3.2061,3.2066,8
2026-05-18 11:14:00,3.2011,3.2016,3.2011,3.2016,3.2061,3.2061,3.2021,3.2041,2
2026-05-18 11:15:00,3.2011,3.2011,3.1971,3.1991,3.2046,3.2061,3.2041,3.2061,13
2026-05-18 11:16:00,3.1996,3.2011,3.1991,3.2011,3.2051,3.2061,3.2031,3.2041,8
2026-05-18 11:17:00,3.2001,3.2011,3.1981,3.1991,3.2046,3.2046,3.2041,3.2041,19
2026-05-18 11:18:00,3.1996,3.1996,3.1991,3.1991,3.2051,3.2056,3.2051,3.2056,2
2026-05-18 11:19:00,3.2001,3.2006,3.2001,3.2006,3.2051,3.2061,3.2051,3.2051,2
2026-05-18 11:20:00,3.2001,3.2011,3.2001,3.2001,3.2041,3.2041,3.2021,3.2036,10
2026-05-18 11:21:00,3.1991,3.1991,3.1971,3.1986,3.2041,3.2051,3.2041,3.2051,8
2026-05-18 11:22:00,3.1991,3.2001,3.1991,3.2001,3.2046,3.2051,3.2036,3.2041,2
2026-05-18 11:23:00,3.1996,3.2001,3.1986,3.1991,3.2036,3.2046,3.2036,3.2046,5
2026-05-18 11:24:00,3.1986,3.1996,3.1986,3.1996,3.2051,3.2051,3.2051,3.2051,3
2026-05-18 11:25:00,3.2001,3.2001,3.2001,3.2001,3.2061,3.2061,3.2046,3.2051,1
2026-05-18 11:26:00,3.2011,3.2011,3.1996,3.2001,3.2046,3.2046,3.2041,3.2041,8
2026-05-18 11:27:00,3.1996,3.1996,3.1991,3.1991,3.2031,3.2036,3.2031,3.2036,2
2026-05-18 11:28:00,3.1981,3.1986,3.1981,3.1986,3.2031,3.2051,3.2021,3.2021,4
2026-05-18 11:29:00,3.1981,3.2001,3.1971,3.1971,3.2026,3.2046,3.2011,3.2031,16
2026-05-18 11:30:00,3.1976,3.1996,3.1961,3.1981,3.2041,3.2041,3.2011,3.2021,15
2026-05-18 11:31:00,3.1991,3.1991,3.1961,3.1971,3.2011,3.2021,3.2011,3.2011,10
2026-05-18 11:32:00,3.1961,3.1971,3.1961,3.1961,3.2001,3.2011,3.2001,3.2011,7
2026-05-18 11:33:00,3.1951,3.1961,3.1951,3.1961,3.2021,3.2031,3.2021,3.2031,25
2026-05-18 11:34:00,3.1971,3.1981,3.1971,3.1981,3.2041,3.2041,3.2031,3.2031,8
2026-05-18 11:35:00,3.1991,3.1991,3.1981,3.1981,3.2041,3.2041,3.2026,3.2026,8
2026-05-18 11:36:00,3.1991,3.1991,3.1976,3.1976,3.2031,3.2041,3.2031,3.2041,3
2026-05-18 11:37:00,3.1981,3.1991,3.1981,3.1991,3.2051,3.2071,3.2051,3.2051,2
2026-05-18 11:38:00,3.2001,3.2021,3.2001,3.2001,3.2056,3.2056,3.2041,3.2051,9
2026-05-18 11:39:00,3.2006,3.2006,3.1991,3.2001,3.2041,3.2041,3.2011,3.2011,8
2026-05-18 11:40:00,3.1991,3.1991,3.1961,3.1961,3.2021,3.2021,3.2021,3.2021,8
2026-05-18 11:41:00,3.1971,3.1971,3.1971,3.1971,3.2011,3.2021,3.2011,3.2021,1
2026-05-18 11:42:00,3.1961,3.1971,3.1961,3.1971,3.2011,3.2021,3.2011,3.2021,8
2026-05-18 11:43:00,3.1961,3.1971,3.1961,3.1971,3.2031,3.2031,3.2016,3.2021,5
2026-05-18 11:44:00,3.1981,3.1981,3.1966,3.1971,3.2011,3.2041,3.2011,3.2041,6
2026-05-18 11:46:00,3.1961,3.1991,3.1961,3.1991,3.2031,3.2041,3.2031,3.2031,15
2026-05-18 11:47:00,3.1981,3.1991,3.1981,3.1981,3.2026,3.2031,3.2021,3.2021,6
2026-05-18 11:48:00,3.1976,3.1981,3.1971,3.1971,3.2011,3.2031,3.2011,3.2031,10
2026-05-18 11:49:00,3.1961,3.1981,3.1961,3.1981,3.2041,3.2046,3.2041,3.2046,6
2026-05-18 11:51:00,3.1991,3.1996,3.1991,3.1996,3.2041,3.2046,3.2036,3.2046,2
2026-05-18 11:52:00,3.1991,3.1996,3.1986,3.1996,3.2041,3.2081,3.2041,3.2076,8
2026-05-18 11:53:00,3.1991,3.2031,3.1991,3.2026,3.2071,3.2071,3.2051,3.2056,20
2026-05-18 11:54:00,3.2021,3.2021,3.2001,3.2006,3.2061,3.2071,3.2051,3.2071,8
2026-05-18 11:55:00,3.2011,3.2021,3.2001,3.2021,3.2066,3.2071,3.2061,3.2066,16
2026-05-18 11:56:00,3.2016,3.2021,3.2011,3.2016,3.2071,3.2121,3.2066,3.2111,7
2026-05-18 11:57:00,3.2021,3.2071,3.2016,3.2061,3.2101,3.2111,3.2096,3.2111,14
2026-05-18 11:58:00,3.2051,3.2061,3.2046,3.2061,3.2101,3.2111,3.2081,3.2091,17
2026-05-18 11:59:00,3.2051,3.2061,3.2031,3.2041,3.2081,3.2091,3.2071,3.2076,32
2026-05-18 12:00:00,3.2031,3.2041,3.2021,3.2026,3.2071,3.2091,3.2071,3.2071,20
2026-05-18 12:01:00,3.2021,3.2041,3.2021,3.2021,3.2066,3.2081,3.2061,3.2066,24
2026-05-18 12:02:00,3.2016,3.2031,3.2011,3.2016,3.2071,3.2071,3.2061,3.2061,10
2026-05-18 12:03:00,3.2021,3.2021,3.2011,3.2011,3.2051,3.2071,3.2051,3.2071,7
2026-05-18 12:04:00,3.2001,3.2021,3.2001,3.2021,3.2066,3.2071,3.2051,3.2051,5
2026-05-18 12:05:00,3.2016,3.2021,3.2001,3.2001,3.2041,3.2061,3.2041,3.2061,6
2026-05-18 12:06:00,3.1991,3.2011,3.1991,3.2011,3.2051,3.2056,3.2051,3.2051,14
2026-05-18 12:07:00,3.2001,3.2006,3.2001,3.2001,3.2041,3.2051,3.2031,3.2046,3
2026-05-18 12:08:00,3.1991,3.2001,3.1981,3.1996,3.2041,3.2051,3.2041,3.2051,7
2026-05-18 12:09:00,3.1991,3.2001,3.1991,3.2001,3.2046,3.2046,3.2041,3.2041,2
2026-05-18 12:10:00,3.1996,3.1996,3.1991,3.1991,3.2036,3.2036,3.2011,3.2021,2
2026-05-18 12:11:00,3.1986,3.1986,3.1961,3.1971,3.2011,3.2021,3.2001,3.2021,6
2026-05-18 12:12:00,3.1961,3.1971,3.1951,3.1971,3.2031,3.2061,3.2021,3.2051,6
2026-05-18 12:13:00,3.1981,3.2011,3.1971,3.2001,3.2056,3.2076,3.2056,3.2071,13
2026-05-18 12:14:00,3.2006,3.2026,3.2006,3.2021,3.2081,3.2091,3.2071,3.2071,8
2026-05-18 12:15:00,3.2031,3.2041,3.2021,3.2021,3.2081,3.2081,3.2071,3.2081,9
2026-05-18 12:16:00,3.2031,3.2031,3.2021,3.2031,3.2091,3.2101,3.2091,3.2096,3
2026-05-18 12:17:00,3.2041,3.2051,3.2041,3.2046,3.2101,3.2116,3.2091,3.2111,9
2026-05-18 12:18:00,3.2051,3.2066,3.2041,3.2061,3.2116,3.2121,3.2081,3.2081,14
2026-05-18 12:19:00,3.2066,3.2071,3.2031,3.2031,3.2071,3.2091,3.2071,3.2086,15
2026-05-18 12:20:00,3.2021,3.2041,3.2021,3.2036,3.2081,3.2081,3.2076,3.2081,10
2026-05-18 12:21:00,3.2031,3.2031,3.2026,3.2031,3.2091,3.2141,3.2091,3.2131,5
2026-05-18 12:22:00,3.2041,3.2091,3.2041,3.2081,3.2126,3.2126,3.2121,3.2121,12
2026-05-18 12:23:00,3.2076,3.2076,3.2071,3.2071,3.2131,3.2151,3.2111,3.2111,2
2026-05-18 12:25:00,3.2081,3.2101,3.2061,3.2061,3.2106,3.2111,3.2101,3.2101,11
2026-05-18 12:26:00,3.2056,3.2061,3.2051,3.2051,3.2111,3.2121,3.2111,3.2121,7
2026-05-18 12:27:00,3.2061,3.2071,3.2061,3.2071,3.2131,3.2131,3.2131,3.2131,4
2026-05-18 12:28:00,3.2081,3.2081,3.2081,3.2081,3.2121,3.2131,3.2121,3.2131,1
2026-05-18 12:29:00,3.2071,3.2081,3.2071,3.2081,3.2141,3.2141,3.2131,3.2131,4
2026-05-18 12:30:00,3.2091,3.2091,3.2081,3.2081,3.2121,3.2126,3.2111,3.2111,2
2026-05-18 12:31:00,3.2071,3.2076,3.2061,3.2061,3.2101,3.2111,3.2096,3.2101,4
2026-05-18 12:32:00,3.2051,3.2061,3.2046,3.2051,3.2111,3.2111,3.2066,3.2071,8
2026-05-18 12:33:00,3.2061,3.2061,3.2016,3.2021,3.2076,3.2111,3.2071,3.2101,9
2026-05-18 12:34:00,3.2026,3.2061,3.2021,3.2051,3.2091,3.2111,3.2091,3.2101,16
2026-05-18 12:36:00,3.2041,3.2061,3.2041,3.2051,3.2106,3.2121,3.2106,3.2121,4
2026-05-18 12:37:00,3.2056,3.2071,3.2056,3.2071,3.2111,3.2121,3.2101,3.2101,3
2026-05-18 12:39:00,3.2061,3.2071,3.2051,3.2051,3.2091,3.2101,3.2091,3.2091,5
2026-05-18 12:40:00,3.2041,3.2051,3.2041,3.2041,3.2101,3.2101,3.2081,3.2081,11
2026-05-18 12:41:00,3.2051,3.2051,3.2031,3.2031,3.2091,3.2091,3.2041,3.2041,5
2026-05-18 12:42:00,3.2041,3.2041,3.1991,3.1991,3.2051,3.2051,3.2041,3.2051,18
2026-05-18 12:43:00,3.2001,3.2001,3.1991,3.2001,3.2041,3.2051,3.2041,3.2051,6
2026-05-18 12:44:00,3.1991,3.2001,3.1991,3.2001,3.2041,3.2051,3.2041,3.2041,5
2026-05-18 12:45:00,3.1991,3.2001,3.1991,3.1991,3.2051,3.2071,3.2051,3.2061,5
2026-05-18 12:46:00,3.2001,3.2021,3.2001,3.2011,3.2071,3.2081,3.2061,3.2071,5
2026-05-18 12:48:00,3.2021,3.2031,3.2011,3.2021,3.2081,3.2081,3.2061,3.2061,7
2026-05-18 12:50:00,3.2031,3.2031,3.2011,3.2011,3.2051,3.2051,3.2051,3.2051,7
2026-05-18 12:51:00,3.2001,3.2001,3.2001,3.2001,3.2061,3.2061,3.2051,3.2051,1
2026-05-18 12:52:00,3.2011,3.2011,3.2001,3.2001,3.2041,3.2051,3.2041,3.2041,3
2026-05-18 12:53:00,3.1991,3.2001,3.1991,3.1991,3.2051,3.2061,3.2051,3.2061,3
2026-05-18 12:54:00,3.2001,3.2011,3.2001,3.2011,3.2071,3.2081,3.2061,3.2081,3
2026-05-18 12:55:00,3.2021,3.2031,3.2011,3.2031,3.2071,3.2091,3.2071,3.2091,12
2026-05-18 12:56:00,3.2021,3.2041,3.2021,3.2041,3.2086,3.2091,3.2071,3.2091,8
2026-05-18 12:57:00,3.2036,3.2041,3.2021,3.2041,3.2101,3.2111,3.2101,3.2111,7
2026-05-18 12:59:00,3.2051,3.2061,3.2051,3.2061,3.2101,3.2111,3.2021,3.2031,2
2026-05-18 13:00:00,3.2051,3.2061,3.1971,3.1981,3.2041,3.2051,3.2021,3.2051,31
2026-05-18 13:01:00,3.1991,3.2001,3.1971,3.2001,3.2041,3.2051,3.2041,3.2041,12
2026-05-18 13:02:00,3.1991,3.2001,3.1991,3.1991,3.2051,3.2081,3.2051,3.2061,3
2026-05-18 13:03:00,3.2001,3.2031,3.2001,3.2011,3.2071,3.2091,3.2051,3.2051,18
2026-05-18 13:04:00,3.2021,3.2041,3.2001,3.2001,3.2056,3.2061,3.2031,3.2031,20
2026-05-18 13:05:00,3.2006,3.2011,3.1981,3.1981,3.2041,3.2051,3.2031,3.2031,19
2026-05-18 13:06:00,3.1991,3.2001,3.1981,3.1981,3.2036,3.2051,3.2036,3.2046,12
2026-05-18 13:07:00,3.1986,3.2001,3.1986,3.1996,3.2051,3.2081,3.2051,3.2071,9
2026-05-18 13:08:00,3.2001,3.2031,3.2001,3.2021,3.2061,3.2111,3.2051,3.2101,12
2026-05-18 13:09:00,3.2011,3.2061,3.2001,3.2051,3.2096,3.2121,3.2061,3.2121,32
2026-05-18 13:10:00,3.2046,3.2071,3.2011,3.2071,3.2111,3.2111,3.2061,3.2081,59
2026-05-18 13:11:00,3.2061,3.2061,3.2011,3.2031,3.2071,3.2071,3.2071,3.2071,33
2026-05-18 13:12:00,3.2021,3.2021,3.2021,3.2021,3.2081,3.2081,3.2051,3.2051,1
2026-05-18 13:13:00,3.2031,3.2031,3.2001,3.2001,3.2041,3.2081,3.2041,3.2066,12
2026-05-18 13:14:00,3.1991,3.2031,3.1991,3.2016,3.2061,3.2061,3.2011,3.2016,8
2026-05-18 13:15:00,3.2011,3.2011,3.1961,3.1966,3.2021,3.2021,3.2001,3.2011,11
2026-05-18 13:16:00,3.1971,3.1971,3.1951,3.1961,3.2006,3.2011,3.2001,3.2001,7
2026-05-18 13:17:00,3.1956,3.1961,3.1951,3.1951,3.1991,3.1991,3.1956,3.1981,20
2026-05-18 13:18:00,3.1941,3.1941,3.1906,3.1931,3.1971,3.2001,3.1971,3.1991,26
2026-05-18 13:19:00,3.1921,3.1951,3.1921,3.1941,3.1981,3.1991,3.1961,3.1961,20
2026-05-18 13:20:00,3.1931,3.1941,3.1911,3.1911,3.1971,3.1981,3.1951,3.1961,14
2026-05-18 13:21:00,3.1921,3.1931,3.1901,3.1911,3.1971,3.1971,3.1926,3.1941,13
2026-05-18 13:22:00,3.1921,3.1921,3.1876,3.1891,3.1951,3.1951,3.1931,3.1941,15
2026-05-18 13:23:00,3.1901,3.1901,3.1881,3.1891,3.1931,3.1931,3.1901,3.1906,11
2026-05-18 13:24:00,3.1881,3.1881,3.1851,3.1856,3.1911,3.1911,3.1851,3.1871,22
2026-05-18 13:25:00,3.1861,3.1861,3.1801,3.1821,3.1861,3.1891,3.1851,3.1881,20
2026-05-18 13:26:00,3.1811,3.1841,3.1801,3.1831,3.1871,3.1871,3.1851,3.1871,24
2026-05-18 13:27:00,3.1821,3.1821,3.1801,3.1821,3.1866,3.1881,3.1861,3.1881,6
2026-05-18 13:28:00,3.1816,3.1831,3.1811,3.1831,3.1876,3.1881,3.1851,3.1861,18
2026-05-18 13:29:00,3.1826,3.1831,3.1801,3.1811,3.1871,3.1901,3.1856,3.1871,15
2026-05-18 13:30:00,3.1821,3.1851,3.1806,3.1821,3.1881,3.1891,3.1861,3.1861,24
2026-05-18 13:31:00,3.1831,3.1841,3.1811,3.1811,3.1851,3.1861,3.1831,3.1856,25
2026-05-18 13:32:00,3.1801,3.1811,3.1781,3.1806,3.1851,3.1881,3.1791,3.1801,25
2026-05-18 13:33:00,3.1801,3.1831,3.1741,3.1751,3.1806,3.1816,3.1781,3.1811,64
2026-05-18 13:34:00,3.1756,3.1766,3.1731,3.1761,3.1796,3.1836,3.1791,3.1806,52
2026-05-18 13:35:00,3.1746,3.1786,3.1741,3.1756,3.1801,3.1811,3.1761,3.1811,36
2026-05-18 13:36:00,3.1751,3.1761,3.1711,3.1761,3.1821,3.1861,3.1811,3.1841,30
2026-05-18 13:37:00,3.1771,3.1811,3.1761,3.1791,3.1831,3.1841,3.1821,3.1826,22
2026-05-18 13:38:00,3.1781,3.1791,3.1771,3.1776,3.1831,3.1836,3.1671,3.1751,25
2026-05-18 13:39:00,3.1781,3.1786,3.1621,3.1701,3.1756,3.1821,3.1751,3.1816,100
2026-05-18 13:40:00,3.1706,3.1771,3.1701,3.1766,3.1811,3.1811,3.1771,3.1791,68
2026-05-18 13:41:00,3.1761,3.1761,3.1721,3.1741,3.1781,3.1851,3.1781,3.1846,44
2026-05-18 13:42:00,3.1731,3.1801,3.1731,3.1796,3.1836,3.1851,3.1781,3.1801,50
2026-05-18 13:43:00,3.1786,3.1801,3.1731,3.1751,3.1791,3.1801,3.1781,3.1791,50
2026-05-18 13:44:00,3.1741,3.1751,3.1731,3.1741,3.1801,3.1851,3.1801,3.1831,20
2026-05-18 13:45:00,3.1751,3.1801,3.1751,3.1781,3.1826,3.1906,3.1826,3.1901,24
2026-05-18 13:46:00,3.1776,3.1856,3.1776,3.1851,3.1891,3.1931,3.1891,3.1931,28
2026-05-18 13:47:00,3.1841,3.1881,3.1841,3.1881,3.1921,3.1941,3.1901,3.1921,28
2026-05-18 13:48:00,3.1871,3.1891,3.1851,3.1871,3.1911,3.1921,3.1901,3.1921,22
2026-05-18 13:49:00,3.1861,3.1871,3.1851,3.1871,3.1911,3.1921,3.1891,3.1921,4
2026-05-18 13:50:00,3.1861,3.1871,3.1841,3.1871,3.1931,3.1931,3.1851,3.1851,29
2026-05-18 13:51:00,3.1881,3.1881,3.1801,3.1801,3.1856,3.1871,3.1851,3.1861,33
2026-05-18 13:52:00,3.1806,3.1821,3.1801,3.1811,3.1871,3.1871,3.1861,3.1871,13
2026-05-18 13:53:00,3.1821,3.1821,3.1811,3.1821,3.1876,3.1881,3.1871,3.1881,18
2026-05-18 13:54:00,3.1826,3.1831,3.1821,3.1831,3.1876,3.1881,3.1861,3.1881,11
2026-05-18 13:55:00,3.1826,3.1831,3.1811,3.1831,3.1871,3.1881,3.1871,3.1881,22
2026-05-18 13:56:00,3.1821,3.1831,3.1821,3.1831,3.1891,3.1931,3.1881,3.1891,25
2026-05-18 13:57:00,3.1841,3.1881,3.1831,3.1841,3.1901,3.1936,3.1901,3.1936,25
2026-05-18 13:58:00,3.1851,3.1886,3.1851,3.1886,3.1941,3.1951,3.1921,3.1941,14
2026-05-18 13:59:00,3.1891,3.1901,3.1871,3.1891,3.1951,3.1961,3.1871,3.1891,23
2026-05-18 14:00:00,3.1901,3.1911,3.1821,3.1841,3.1901,3.1921,3.1891,3.1901,58
2026-05-18 14:01:00,3.1851,3.1871,3.1841,3.1851,3.1896,3.1896,3.1851,3.1861,40
2026-05-18 14:02:00,3.1846,3.1846,3.1801,3.1811,3.1871,3.1901,3.1871,3.1886,20
2026-05-18 14:03:00,3.1821,3.1851,3.1821,3.1836,3.1891,3.1901,3.1796,3.1811,23
2026-05-18 14:04:00,3.1841,3.1851,3.1746,3.1761,3.1806,3.1871,3.1801,3.1861,41
2026-05-18 14:05:00,3.1756,3.1821,3.1751,3.1811,3.1856,3.1856,3.1811,3.1831,32
2026-05-18 14:06:00,3.1806,3.1806,3.1761,3.1781,3.1841,3.1851,3.1816,3.1831,27
2026-05-18 14:07:00,3.1791,3.1801,3.1766,3.1781,3.1836,3.1841,3.1801,3.1831,19
2026-05-18 14:08:00,3.1786,3.1791,3.1751,3.1781,3.1841,3.1841,3.1801,3.1821,22
2026-05-18 14:09:00,3.1791,3.1791,3.1751,3.1771,3.1826,3.1851,3.1781,3.1801,16
2026-05-18 14:10:00,3.1776,3.1801,3.1731,3.1751,3.1811,3.1861,3.1801,3.1821,45
2026-05-18 14:11:00,3.1761,3.1811,3.1751,3.1771,3.1811,3.1841,3.1811,3.1841,38
2026-05-18 14:12:00,3.1761,3.1791,3.1761,3.1791,3.1851,3.1861,3.1821,3.1831,13
2026-05-18 14:13:00,3.1801,3.1811,3.1771,3.1781,3.1821,3.1931,3.1811,3.1911,18
2026-05-18 14:14:00,3.1771,3.1881,3.1761,3.1861,3.1916,3.1981,3.1916,3.1956,47
2026-05-18 14:15:00,3.1866,3.1931,3.1866,3.1906,3.1951,3.2001,3.1926,3.1971,41
2026-05-18 14:16:00,3.1901,3.1951,3.1876,3.1921,3.1961,3.1991,3.1956,3.1981,62
2026-05-18 14:17:00,3.1911,3.1941,3.1906,3.1931,3.1971,3.2091,3.1971,3.2081,41
2026-05-18 14:18:00,3.1921,3.2041,3.1921,3.2031,3.2091,3.2091,3.2026,3.2051,34
2026-05-18 14:19:00,3.2041,3.2041,3.1976,3.2001,3.2041,3.2071,3.2041,3.2071,38
2026-05-18 14:20:00,3.1991,3.2021,3.1991,3.2021,3.2081,3.2131,3.2071,3.2101,24
2026-05-18 14:21:00,3.2031,3.2081,3.2021,3.2051,3.2106,3.2111,3.2091,3.2096,29
2026-05-18 14:22:00,3.2056,3.2061,3.2041,3.2046,3.2101,3.2191,3.2081,3.2186,28
2026-05-18 14:23:00,3.2051,3.2141,3.2031,3.2136,3.2181,3.2191,3.2161,3.2171,45
2026-05-18 14:24:00,3.2131,3.2141,3.2111,3.2121,3.2181,3.2181,3.2101,3.2121,22
2026-05-18 14:25:00,3.2131,3.2131,3.2051,3.2071,3.2131,3.2141,3.2101,3.2136,39
2026-05-18 14:26:00,3.2081,3.2091,3.2051,3.2086,3.2141,3.2181,3.2141,3.2181,21
2026-05-18 14:27:00,3.2091,3.2131,3.2091,3.2131,3.2191,3.2266,3.2181,3.2261,22
2026-05-18 14:28:00,3.2141,3.2216,3.2131,3.2211,3.2266,3.2271,3.2221,3.2246,39
2026-05-18 14:29:00,3.2216,3.2221,3.2171,3.2196,3.2241,3.2331,3.2231,3.2331,25
2026-05-18 14:30:00,3.2191,3.2281,3.2181,3.2281,3.2336,3.2391,3.2311,3.2331,53
2026-05-18 14:31:00,3.2286,3.2341,3.2261,3.2281,3.2321,3.2351,3.2271,3.2281,81
2026-05-18 14:32:00,3.2271,3.2301,3.2221,3.2231,3.2271,3.2331,3.2271,3.2321,52
2026-05-18 14:33:00,3.2221,3.2281,3.2221,3.2271,3.2331,3.2331,3.2261,3.2291,29
2026-05-18 14:34:00,3.2281,3.2281,3.2211,3.2241,3.2281,3.2306,3.2121,3.2131,68
2026-05-18 14:35:00,3.2231,3.2256,3.2071,3.2081,3.2141,3.2201,3.2101,3.2181,121
2026-05-18 14:36:00,3.2091,3.2151,3.2051,3.2131,3.2191,3.2291,3.2186,3.2291,71
2026-05-18 14:37:00,3.2141,3.2241,3.2136,3.2241,3.2286,3.2291,3.2221,3.2221,69
2026-05-18 14:38:00,3.2236,3.2241,3.2171,3.2171,3.2231,3.2231,3.2151,3.2211,34
2026-05-18 14:39:00,3.2181,3.2181,3.2101,3.2161,3.2221,3.2236,3.2141,3.2151,45
2026-05-18 14:40:00,3.2171,3.2186,3.2091,3.2101,3.2156,3.2171,3.2101,3.2121,49
2026-05-18 14:41:00,3.2106,3.2121,3.2051,3.2071,3.2116,3.2116,3.2021,3.2041,46
2026-05-18 14:42:00,3.2066,3.2066,3.1971,3.1991,3.2051,3.2071,3.1971,3.1981,65
2026-05-18 14:43:00,3.2001,3.2021,3.1921,3.1931,3.1991,3.1991,3.1861,3.1861,67
2026-05-18 14:44:00,3.1941,3.1941,3.1811,3.1811,3.1871,3.1931,3.1821,3.1851,125
2026-05-18 14:45:00,3.1821,3.1881,3.1771,3.1801,3.1841,3.1876,3.1821,3.1846,123
2026-05-18 14:46:00,3.1791,3.1826,3.1771,3.1796,3.1841,3.1911,3.1821,3.1906,77
2026-05-18 14:47:00,3.1791,3.1861,3.1771,3.1856,3.1901,3.1901,3.1871,3.1891,59
2026-05-18 14:48:00,3.1851,3.1851,3.1821,3.1841,3.1886,3.1891,3.1781,3.1801,45
2026-05-18 14:49:00,3.1836,3.1841,3.1731,3.1751,3.1791,3.1871,3.1771,3.1861,122
2026-05-18 14:50:00,3.1741,3.1821,3.1721,3.1811,3.1871,3.1901,3.1811,3.1881,80
2026-05-18 14:51:00,3.1821,3.1851,3.1761,3.1831,3.1891,3.1911,3.1831,3.1871,70
2026-05-18 14:52:00,3.1841,3.1861,3.1781,3.1821,3.1881,3.1961,3.1881,3.1951,49
2026-05-18 14:53:00,3.1831,3.1911,3.1831,3.1901,3.1946,3.1946,3.1911,3.1931,56
2026-05-18 14:54:00,3.1896,3.1896,3.1861,3.1881,3.1941,3.1941,3.1871,3.1931,37
2026-05-18 14:55:00,3.1891,3.1891,3.1821,3.1881,3.1926,3.1926,3.1881,3.1911,44
2026-05-18 14:56:00,3.1876,3.1876,3.1831,3.1861,3.1901,3.1921,3.1901,3.1921,17
2026-05-18 14:57:00,3.1851,3.1871,3.1851,3.1871,3.1926,3.1931,3.1901,3.1901,15
2026-05-18 14:58:00,3.1876,3.1881,3.1851,3.1851,3.1891,3.1911,3.1861,3.1906,16
2026-05-18 14:59:00,3.1841,3.1861,3.1811,3.1856,3.1891,3.1971,3.1881,3.1971,38
2026-05-18 15:00:00,3.1841,3.1921,3.1831,3.1921,3.1961,3.1991,3.1951,3.1971,106
2026-05-18 15:01:00,3.1911,3.1941,3.1901,3.1921,3.1961,3.2036,3.1941,3.1991,59
2026-05-18 15:02:00,3.1911,3.1986,3.1891,3.1941,3.1981,3.2016,3.1971,3.1981,108
2026-05-18 15:03:00,3.1931,3.1966,3.1921,3.1931,3.1971,3.2021,3.1961,3.2006,62
2026-05-18 15:04:00,3.1921,3.1971,3.1911,3.1956,3.2011,3.2091,3.1991,3.2061,57
2026-05-18 15:05:00,3.1961,3.2041,3.1941,3.2011,3.2051,3.2061,3.2011,3.2031,80
2026-05-18 15:06:00,3.2001,3.2011,3.1961,3.1981,3.2021,3.2031,3.1931,3.1961,42
2026-05-18 15:07:00,3.1971,3.1981,3.1881,3.1911,3.1971,3.1991,3.1961,3.1981,57
2026-05-18 15:08:00,3.1921,3.1941,3.1911,3.1931,3.1976,3.2001,3.1971,3.2001,55
2026-05-18 15:09:00,3.1926,3.1951,3.1921,3.1951,3.2011,3.2021,3.1941,3.1961,25
2026-05-18 15:10:00,3.1961,3.1971,3.1891,3.1911,3.1971,3.1971,3.1871,3.1881,44
2026-05-18 15:11:00,3.1921,3.1921,3.1821,3.1831,3.1871,3.1871,3.1771,3.1811,48
2026-05-18 15:12:00,3.1821,3.1821,3.1721,3.1761,3.1801,3.1811,3.1741,3.1751,69
2026-05-18 15:13:00,3.1751,3.1761,3.1691,3.1701,3.1761,3.1791,3.1731,3.1761,69
2026-05-18 15:14:00,3.1711,3.1741,3.1681,3.1711,3.1756,3.1771,3.1636,3.1661,72
2026-05-18 15:15:00,3.1706,3.1721,3.1586,3.1611,3.1656,3.1661,3.1561,3.1581,70
2026-05-18 15:16:00,3.1606,3.1611,3.1511,3.1531,3.1571,3.1691,3.1561,3.1571,123
2026-05-18 15:17:00,3.1521,3.1641,3.1511,3.1521,3.1576,3.1661,3.1561,3.1621,106
2026-05-18 15:18:00,3.1526,3.1611,3.1511,3.1571,3.1631,3.1651,3.1571,3.1571,77
2026-05-18 15:19:00,3.1581,3.1601,3.1521,3.1521,3.1561,3.1581,3.1526,3.1581,36
2026-05-18 15:20:00,3.1511,3.1531,3.1476,3.1531,3.1591,3.1611,3.1571,3.1581,41
2026-05-18 15:21:00,3.1541,3.1561,3.1521,3.1531,3.1576,3.1611,3.1551,3.1566,22
2026-05-18 15:22:00,3.1526,3.1561,3.1501,3.1516,3.1571,3.1601,3.1541,3.1591,32
2026-05-18 15:23:00,3.1521,3.1551,3.1491,3.1541,3.1581,3.1601,3.1541,3.1601,53
2026-05-18 15:24:00,3.1531,3.1551,3.1491,3.1551,3.1591,3.1671,3.1591,3.1661,31
2026-05-18 15:25:00,3.1541,3.1621,3.1541,3.1611,3.1651,3.1681,3.1621,3.1671,33
2026-05-18 15:26:00,3.1601,3.1631,3.1571,3.1621,3.1661,3.1671,3.1621,3.1631,35
2026-05-18 15:27:00,3.1611,3.1621,3.1571,3.1581,3.1621,3.1641,3.1601,3.1621,28
2026-05-18 15:28:00,3.1571,3.1591,3.1551,3.1571,3.1631,3.1641,3.1611,3.1626,39
2026-05-18 15:29:00,3.1581,3.1591,3.1561,3.1576,3.1631,3.1646,3.1571,3.1591,36
2026-05-18 15:30:00,3.1581,3.1596,3.1521,3.1541,3.1586,3.1591,3.1541,3.1581,58
2026-05-18 15:31:00,3.1536,3.1541,3.1491,3.1531,3.1571,3.1611,3.1571,3.1601,41
2026-05-18 15:32:00,3.1521,3.1561,3.1521,3.1551,3.1591,3.1601,3.1556,3.1581,27
2026-05-18 15:33:00,3.1541,3.1551,3.1506,3.1531,3.1571,3.1581,3.1461,3.1501,26
2026-05-18 15:34:00,3.1521,3.1531,3.1411,3.1451,3.1491,3.1501,3.1421,3.1441,64
2026-05-18 15:35:00,3.1441,3.1451,3.1371,3.1391,3.1451,3.1481,3.1431,3.1481,55
2026-05-18 15:36:00,3.1401,3.1431,3.1381,3.1431,3.1471,3.1501,3.1451,3.1491,41
2026-05-18 15:37:00,3.1421,3.1451,3.1401,3.1441,3.1501,3.1531,3.1461,3.1471,25
2026-05-18 15:38:00,3.1451,3.1481,3.1411,3.1421,3.1466,3.1501,3.1451,3.1491,51
2026-05-18 15:39:00,3.1416,3.1451,3.1401,3.1441,3.1501,3.1501,3.1481,3.1481,34
2026-05-18 15:40:00,3.1451,3.1451,3.1431,3.1431,3.1486,3.1511,3.1481,3.1511,25
2026-05-18 15:41:00,3.1436,3.1461,3.1431,3.1461,3.1521,3.1531,3.1491,3.1511,22
2026-05-18 15:42:00,3.1471,3.1481,3.1441,3.1461,3.1521,3.1521,3.1441,3.1451,22
2026-05-18 15:43:00,3.1471,3.1471,3.1391,3.1401,3.1461,3.1511,3.1451,3.1501,53
2026-05-18 15:44:00,3.1411,3.1461,3.1401,3.1451,3.1511,3.1511,3.1461,3.1461,35
2026-05-18 15:45:00,3.1461,3.1461,3.1411,3.1411,3.1471,3.1481,3.1461,3.1481,46
2026-05-18 15:46:00,3.1421,3.1431,3.1411,3.1431,3.1471,3.1471,3.1431,3.1431,29
2026-05-18 15:47:00,3.1421,3.1421,3.1381,3.1381,3.1441,3.1441,3.1361,3.1401,34
2026-05-18 15:48:00,3.1391,3.1391,3.1311,3.1351,3.1391,3.1401,3.1361,3.1371,60
2026-05-18 15:49:00,3.1341,3.1351,3.1311,3.1321,3.1361,3.1381,3.1321,3.1381,33
2026-05-18 15:50:00,3.1311,3.1331,3.1271,3.1331,3.1391,3.1421,3.1381,3.1391,53
2026-05-18 15:51:00,3.1341,3.1371,3.1331,3.1341,3.1386,3.1411,3.1371,3.1411,47
2026-05-18 15:52:00,3.1336,3.1361,3.1321,3.1361,3.1421,3.1451,3.1411,3.1421,21
2026-05-18 15:53:00,3.1371,3.1401,3.1361,3.1371,3.1411,3.1431,3.1401,3.1431,39
2026-05-18 15:54:00,3.1361,3.1381,3.1351,3.1381,3.1421,3.1471,3.1421,3.1451,28
2026-05-18 15:55:00,3.1371,3.1421,3.1371,3.1401,3.1441,3.1441,3.1421,3.1441,19
2026-05-18 15:56:00,3.1391,3.1391,3.1371,3.1391,3.1451,3.1461,3.1431,3.1451,26
2026-05-18 15:57:00,3.1401,3.1411,3.1381,3.1401,3.1461,3.1461,3.1441,3.1441,16
2026-05-18 15:58:00,3.1411,3.1411,3.1391,3.1391,3.1431,3.1451,3.1421,3.1436,28
2026-05-18 15:59:00,3.1381,3.1401,3.1371,3.1386,3.1441,3.1501,3.1441,3.1501,18
2026-05-18 16:00:00,3.1391,3.1451,3.1391,3.1451,3.1491,3.1581,3.1491,3.1571,29
2026-05-18 16:01:00,3.1441,3.1531,3.1441,3.1521,3.1581,3.1591,3.1561,3.1581,48
2026-05-18 16:02:00,3.1531,3.1541,3.1511,3.1531,3.1571,3.1611,3.1571,3.1601,30
2026-05-18 16:03:00,3.1521,3.1561,3.1521,3.1551,3.1611,3.1621,3.1561,3.1571,31
2026-05-18 16:04:00,3.1561,3.1571,3.1511,3.1511,3.1556,3.1591,3.1551,3.1581,10
2026-05-18 16:05:00,3.1506,3.1541,3.1501,3.1531,3.1611,3.1611,3.1571,3.1571,18
2026-05-18 16:06:00,3.1561,3.1561,3.1531,3.1531,3.1581,3.1596,3.1581,3.1591,28
2026-05-18 16:07:00,3.1531,3.1546,3.1531,3.1541,3.1586,3.1591,3.1571,3.1591,13
2026-05-18 16:08:00,3.1536,3.1541,3.1521,3.1541,3.1601,3.1601,3.1591,3.1601,10
2026-05-18 16:09:00,3.1551,3.1551,3.1541,3.1551,3.1611,3.1611,3.1551,3.1561,10
2026-05-18 16:10:00,3.1561,3.1561,3.1501,3.1511,3.1566,3.1586,3.1561,3.1581,36
2026-05-18 16:11:00,3.1516,3.1536,3.1511,3.1531,3.1581,3.1601,3.1581,3.1591,14
2026-05-18 16:12:00,3.1536,3.1541,3.1531,3.1541,3.1581,3.1601,3.1541,3.1581,10
2026-05-18 16:13:00,3.1501,3.1551,3.1491,3.1531,3.1576,3.1581,3.1491,3.1521,24
2026-05-18 16:14:00,3.1526,3.1531,3.1441,3.1481,3.1531,3.1601,3.1531,3.1581,37
2026-05-18 16:15:00,3.1491,3.1551,3.1481,3.1531,3.1571,3.1571,3.1551,3.1556,82
2026-05-18 16:17:00,3.1521,3.1521,3.1501,3.1506,3.1551,3.1571,3.1541,3.1541,24
2026-05-18 16:18:00,3.1501,3.1521,3.1501,3.1511,3.1551,3.1591,3.1541,3.1591,7
2026-05-18 16:19:00,3.1501,3.1541,3.1491,3.1541,3.1596,3.1601,3.1571,3.1581,26
2026-05-18 16:20:00,3.1546,3.1551,3.1521,3.1531,3.1571,3.1591,3.1571,3.1591,30
2026-05-18 16:21:00,3.1521,3.1541,3.1521,3.1541,3.1581,3.1651,3.1581,3.1651,58
2026-05-18 16:22:00,3.1531,3.1601,3.1531,3.1601,3.1651,3.1661,3.1631,3.1661,15
2026-05-18 16:23:00,3.1601,3.1601,3.1591,3.1601,3.1671,3.1721,3.1661,3.1721,12
2026-05-18 16:24:00,3.1621,3.1671,3.1611,3.1671,3.1716,3.1721,3.1671,3.1686,21
2026-05-18 16:25:00,3.1666,3.1671,3.1621,3.1636,3.1691,3.1691,3.1661,3.1671,29
2026-05-18 16:26:00,3.1641,3.1641,3.1611,3.1621,3.1661,3.1691,3.1661,3.1686,14
2026-05-18 16:27:00,3.1611,3.1641,3.1611,3.1636,3.1681,3.1701,3.1681,3.1701,20
2026-05-18 16:28:00,3.1631,3.1651,3.1631,3.1651,3.1691,3.1696,3.1671,3.1681,18
2026-05-18 16:29:00,3.1641,3.1651,3.1621,3.1631,3.1691,3.1701,3.1691,3.1701,19
2026-05-18 16:30:00,3.1641,3.1651,3.1641,3.1651,3.1716,3.1721,3.1701,3.1701,26
2026-05-18 16:31:00,3.1661,3.1681,3.1651,3.1651,3.1691,3.1691,3.1651,3.1651,29
2026-05-18 16:32:00,3.1641,3.1641,3.1601,3.1601,3.1641,3.1661,3.1631,3.1651,40
2026-05-18 16:33:00,3.1591,3.1611,3.1581,3.1601,3.1661,3.1721,3.1661,3.1711,33
2026-05-18 16:34:00,3.1611,3.1671,3.1611,3.1671,3.1721,3.1751,3.1701,3.1711,43
2026-05-18 16:35:00,3.1676,3.1701,3.1651,3.1661,3.1731,3.1741,3.1721,3.1721,34
2026-05-18 16:36:00,3.1681,3.1691,3.1671,3.1671,3.1711,3.1711,3.1681,3.1691,20
2026-05-18 16:37:00,3.1651,3.1656,3.1631,3.1641,3.1696,3.1736,3.1691,3.1721,19
2026-05-18 16:38:00,3.1646,3.1686,3.1641,3.1671,3.1726,3.1731,3.1711,3.1711,26
2026-05-18 16:39:00,3.1676,3.1691,3.1661,3.1661,3.1721,3.1721,3.1691,3.1691,9
2026-05-18 16:40:00,3.1671,3.1691,3.1651,3.1671,3.1671,3.1701,3.1671,3.1686,18
2026-05-18 16:41:00,3.1621,3.1651,3.1621,3.1636,3.1671,3.1691,3.1661,3.1691,30
2026-05-18 16:43:00,3.1651,3.1691,3.1641,3.1691,3.1701,3.1741,3.1691,3.1741,66
2026-05-18 16:44:00,3.1701,3.1711,3.1691,3.1691,3.1751,3.1751,3.1741,3.1741,14
2026-05-18 16:45:00,3.1681,3.1691,3.1651,3.1651,3.1731,3.1741,3.1701,3.1701,24
2026-05-18 16:46:00,3.1661,3.1671,3.1661,3.1666,3.1711,3.1721,3.1711,3.1716,68
2026-05-18 16:47:00,3.1661,3.1671,3.1661,3.1661,3.1711,3.1721,3.1711,3.1711,28
2026-05-18 16:48:00,3.1671,3.1671,3.1651,3.1661,3.1721,3.1721,3.1701,3.1711,58
2026-05-18 16:49:00,3.1666,3.1681,3.1651,3.1651,3.1716,3.1731,3.1701,3.1701,15
2026-05-18 16:50:00,3.1661,3.1661,3.1621,3.1631,3.1711,3.1711,3.1671,3.1681,9
2026-05-18 16:51:00,3.1621,3.1631,3.1611,3.1621,3.1671,3.1681,3.1661,3.1671,9
2026-05-18 16:52:00,3.1631,3.1641,3.1601,3.1621,3.1681,3.1691,3.1651,3.1671,16
2026-05-18 16:53:00,3.1611,3.1621,3.1591,3.1611,3.1661,3.1671,3.1641,3.1661,22
2026-05-18 16:54:00,3.1601,3.1641,3.1601,3.1631,3.1651,3.1691,3.1651,3.1681,25
2026-05-18 16:55:00,3.1641,3.1651,3.1621,3.1631,3.1691,3.1701,3.1671,3.1681,23
2026-05-18 16:56:00,3.1621,3.1621,3.1571,3.1571,3.1671,3.1671,3.1621,3.1621,10
2026-05-18 16:57:00,3.1576,3.1581,3.1561,3.1566,3.1626,3.1631,3.1611,3.1616,31
2026-05-18 16:58:00,3.1561,3.1611,3.1561,3.1611,3.1611,3.1661,3.1611,3.1661,21
2026-05-18 16:59:00,3.1606,3.1611,3.1586,3.1591,3.1656,3.1661,3.1636,3.1641,15
2026-05-18 17:00:00,3.1581,3.1591,3.1571,3.1581,3.1631,3.1641,3.1621,3.1631,18
2026-05-18 17:01:00,3.1571,3.1651,3.1571,3.1611,3.1621,3.1701,3.1621,3.1661,118
2026-05-18 17:02:00,3.1621,3.1671,3.1611,3.1641,3.1671,3.1721,3.1661,3.1691,48
2026-05-18 17:03:00,3.1631,3.1661,3.1621,3.1651,3.1681,3.1711,3.1671,3.1701,28
2026-05-18 17:04:00,3.1661,3.1661,3.1621,3.1631,3.1711,3.1711,3.1671,3.1681,47
2026-05-18 17:05:00,3.1641,3.1651,3.1611,3.1611,3.1691,3.1701,3.1661,3.1661,30
2026-05-18 17:06:00,3.1611,3.1681,3.1611,3.1681,3.1661,3.1731,3.1661,3.1731,20
2026-05-18 17:07:00,3.1691,3.1731,3.1691,3.1711,3.1741,3.1781,3.1741,3.1761,13
2026-05-18 17:08:00,3.1681,3.1701,3.1671,3.1681,3.1731,3.1751,3.1721,3.1731,30
2026-05-18 17:09:00,3.1691,3.1701,3.1671,3.1671,3.1741,3.1751,3.1721,3.1721,27
2026-05-18 17:10:00,3.1661,3.1661,3.1611,3.1651,3.1711,3.1711,3.1661,3.1701,28
2026-05-18 17:11:00,3.1641,3.1671,3.1631,3.1651,3.1691,3.1721,3.1681,3.1701,27
2026-05-18 17:12:00,3.1661,3.1661,3.1641,3.1651,3.1711,3.1711,3.1691,3.1701,22
2026-05-18 17:13:00,3.1641,3.1641,3.1641,3.1641,3.1691,3.1691,3.1691,3.1691,1
2026-05-18 17:14:00,3.1651,3.1661,3.1601,3.1631,3.1701,3.1711,3.1651,3.1681,47
2026-05-18 17:15:00,3.1641,3.1651,3.1621,3.1631,3.1691,3.1701,3.1671,3.1681,26
2026-05-18 17:16:00,3.1641,3.1651,3.1621,3.1626,3.1691,3.1701,3.1671,3.1676,16
2026-05-18 17:17:00,3.1631,3.1671,3.1611,3.1651,3.1681,3.1721,3.1661,3.1701,31
2026-05-18 17:18:00,3.1656,3.1656,3.1621,3.1631,3.1706,3.1706,3.1671,3.1681,22
2026-05-18 17:19:00,3.1621,3.1651,3.1621,3.1641,3.1671,3.1701,3.1671,3.1691,7
2026-05-18 17:20:00,3.1631,3.1641,3.1621,3.1631,3.1681,3.1691,3.1671,3.1681,16
2026-05-18 17:21:00,3.1621,3.1631,3.1611,3.1631,3.1671,3.1681,3.1661,3.1681,25
2026-05-18 17:22:00,3.1621,3.1641,3.1611,3.1621,3.1671,3.1691,3.1661,3.1671,9
2026-05-18 17:23:00,3.1616,3.1621,3.1551,3.1561,3.1666,3.1671,3.1601,3.1611,14
2026-05-18 17:24:00,3.1571,3.1601,3.1571,3.1601,3.1621,3.1651,3.1621,3.1651,9
2026-05-18 17:25:00,3.1611,3.1641,3.1611,3.1631,3.1661,3.1691,3.1661,3.1681,14
2026-05-18 17:26:00,3.1626,3.1626,3.1611,3.1621,3.1676,3.1676,3.1661,3.1671,4
2026-05-18 17:27:00,3.1631,3.1641,3.1621,3.1631,3.1681,3.1691,3.1671,3.1681,20
2026-05-18 17:28:00,3.1621,3.1626,3.1601,3.1601,3.1671,3.1676,3.1651,3.1651,18
2026-05-18 17:29:00,3.1611,3.1611,3.1511,3.1531,3.1661,3.1661,3.1561,3.1581,52
2026-05-18 17:30:00,3.1536,3.1561,3.1536,3.1561,3.1586,3.1611,3.1586,3.1611,37
2026-05-18 17:31:00,3.1571,3.1581,3.1511,3.1521,3.1621,3.1631,3.1561,3.1571,31
2026-05-18 17:32:00,3.1516,3.1531,3.1501,3.1521,3.1566,3.1581,3.1551,3.1571,19
2026-05-18 17:33:00,3.1511,3.1511,3.1491,3.1501,3.1561,3.1561,3.1541,3.1551,22
2026-05-18 17:34:00,3.1491,3.1511,3.1451,3.1481,3.1541,3.1561,3.1501,3.1531,27
2026-05-18 17:35:00,3.1476,3.1481,3.1411,3.1411,3.1526,3.1531,3.1461,3.1461,37
2026-05-18 17:36:00,3.1421,3.1461,3.1411,3.1441,3.1471,3.1511,3.1461,3.1491,14
2026-05-18 17:37:00,3.1431,3.1441,3.1421,3.1431,3.1481,3.1491,3.1471,3.1481,14
2026-05-18 17:38:00,3.1441,3.1451,3.1421,3.1431,3.1491,3.1501,3.1471,3.1481,8
2026-05-18 17:39:00,3.1421,3.1481,3.1421,3.1481,3.1471,3.1531,3.1471,3.1531,16
2026-05-18 17:40:00,3.1471,3.1481,3.1471,3.1471,3.1521,3.1531,3.1521,3.1521,3
2026-05-18 17:41:00,3.1481,3.1481,3.1481,3.1481,3.1531,3.1531,3.1531,3.1531,1
2026-05-18 17:42:00,3.1491,3.1531,3.1491,3.1531,3.1541,3.1581,3.1541,3.1581,26
2026-05-18 17:43:00,3.1541,3.1566,3.1541,3.1566,3.1591,3.1616,3.1591,3.1616,10
2026-05-18 17:44:00,3.1561,3.1601,3.1561,3.1586,3.1611,3.1651,3.1611,3.1636,11
2026-05-18 17:45:00,3.1591,3.1591,3.1561,3.1581,3.1641,3.1641,3.1611,3.1631,13
2026-05-18 17:46:00,3.1591,3.1591,3.1561,3.1571,3.1641,3.1641,3.1611,3.1621,13
2026-05-18 17:47:00,3.1581,3.1591,3.1581,3.1581,3.1631,3.1641,3.1631,3.1631,12
2026-05-18 17:48:00,3.1586,3.1601,3.1586,3.1591,3.1636,3.1651,3.1636,3.1641,14
2026-05-18 17:49:00,3.1596,3.1611,3.1591,3.1601,3.1646,3.1661,3.1641,3.1651,26
2026-05-18 17:50:00,3.1611,3.1611,3.1591,3.1601,3.1661,3.1661,3.1641,3.1651,16
2026-05-18 17:51:00,3.1611,3.1631,3.1611,3.1631,3.1661,3.1681,3.1661,3.1681,7
2026-05-18 17:52:00,3.1626,3.1631,3.1621,3.1631,3.1676,3.1681,3.1671,3.1681,7
2026-05-18 17:53:00,3.1641,3.1641,3.1631,3.1641,3.1691,3.1691,3.1681,3.1691,4
2026-05-18 17:54:00,3.1631,3.1641,3.1631,3.1631,3.1681,3.1691,3.1681,3.1681,14
2026-05-18 17:55:00,3.1621,3.1621,3.1611,3.1611,3.1671,3.1671,3.1661,3.1661,2
2026-05-18 17:56:00,3.1601,3.1651,3.1601,3.1651,3.1651,3.1701,3.1651,3.1701,8
2026-05-18 17:57:00,3.1661,3.1671,3.1661,3.1671,3.1711,3.1721,3.1711,3.1721,17
2026-05-18 17:58:00,3.1661,3.1691,3.1661,3.1691,3.1711,3.1741,3.1711,3.1741,24
2026-05-18 17:59:00,3.1701,3.1701,3.1701,3.1701,3.1751,3.1751,3.1751,3.1751,1
2026-05-18 18:00:00,3.1691,3.1701,3.1671,3.1681,3.1741,3.1751,3.1721,3.1731,32
2026-05-18 18:01:00,3.1691,3.1741,3.1691,3.1701,3.1741,3.1791,3.1741,3.1751,35
2026-05-18 18:02:00,3.1706,3.1706,3.1691,3.1691,3.1756,3.1756,3.1741,3.1741,3
2026-05-18 18:03:00,3.1681,3.1691,3.1671,3.1681,3.1731,3.1741,3.1721,3.1731,7
2026-05-18 18:04:00,3.1671,3.1671,3.1641,3.1651,3.1721,3.1721,3.1691,3.1701,20
2026-05-18 18:05:00,3.1661,3.1671,3.1621,3.1636,3.1711,3.1721,3.1671,3.1686,18
2026-05-18 18:06:00,3.1641,3.1731,3.1641,3.1731,3.1691,3.1781,3.1691,3.1781,24
2026-05-18 18:07:00,3.1741,3.1751,3.1711,3.1731,3.1791,3.1801,3.1761,3.1781,22
2026-05-18 18:08:00,3.1726,3.1726,3.1711,3.1721,3.1776,3.1776,3.1761,3.1771,10
2026-05-18 18:09:00,3.1711,3.1721,3.1701,3.1711,3.1761,3.1771,3.1751,3.1761,9
2026-05-18 18:10:00,3.1721,3.1731,3.1711,3.1726,3.1771,3.1781,3.1761,3.1776,17
2026-05-18 18:11:00,3.1721,3.1731,3.1711,3.1731,3.1771,3.1781,3.1761,3.1781,17
2026-05-18 18:12:00,3.1741,3.1751,3.1721,3.1721,3.1791,3.1801,3.1771,3.1771,17
2026-05-18 18:13:00,3.1726,3.1731,3.1721,3.1731,3.1776,3.1781,3.1771,3.1781,12
2026-05-18 18:14:00,3.1741,3.1746,3.1671,3.1671,3.1791,3.1796,3.1721,3.1721,31
2026-05-18 18:15:00,3.1661,3.1671,3.1651,3.1671,3.1711,3.1721,3.1701,3.1721,19
2026-05-18 18:16:00,3.1661,3.1681,3.1661,3.1671,3.1711,3.1731,3.1711,3.1721,11
2026-05-18 18:17:00,3.1681,3.1691,3.1651,3.1651,3.1731,3.1741,3.1701,3.1701,23
2026-05-18 18:18:00,3.1661,3.1661,3.1601,3.1621,3.1711,3.1711,3.1651,3.1671,25
2026-05-18 18:19:00,3.1611,3.1621,3.1581,3.1591,3.1661,3.1671,3.1631,3.1641,18
2026-05-18 18:20:00,3.1601,3.1601,3.1601,3.1601,3.1651,3.1651,3.1651,3.1651,1
2026-05-18 18:21:00,3.1591,3.1621,3.1591,3.1601,3.1641,3.1671,3.1641,3.1651,10
2026-05-18 18:22:00,3.1591,3.1621,3.1591,3.1591,3.1641,3.1671,3.1641,3.1641,19
2026-05-18 18:23:00,3.1586,3.1611,3.1586,3.1611,3.1636,3.1661,3.1636,3.1661,9
2026-05-18 18:24:00,3.1601,3.1611,3.1601,3.1611,3.1651,3.1661,3.1651,3.1661,4
2026-05-18 18:25:00,3.1601,3.1611,3.1591,3.1611,3.1651,3.1661,3.1641,3.1661,11
2026-05-18 18:26:00,3.1601,3.1621,3.1591,3.1601,3.1651,3.1671,3.1641,3.1651,13
2026-05-18 18:27:00,3.1591,3.1601,3.1571,3.1571,3.1641,3.1651,3.1621,3.1621,15
2026-05-18 18:28:00,3.1581,3.1591,3.1571,3.1571,3.1631,3.1641,3.1621,3.1621,12
2026-05-18 18:29:00,3.1576,3.1581,3.1561,3.1581,3.1626,3.1631,3.1611,3.1631,31
2026-05-18 18:30:00,3.1576,3.1591,3.1571,3.1581,3.1626,3.1641,3.1621,3.1631,7
2026-05-18 18:31:00,3.1571,3.1591,3.1561,3.1581,3.1621,3.1641,3.1611,3.1631,12
2026-05-18 18:32:00,3.1591,3.1591,3.1571,3.1571,3.1641,3.1641,3.1621,3.1621,8
2026-05-18 18:33:00,3.1561,3.1591,3.1551,3.1591,3.1611,3.1641,3.1601,3.1641,15
2026-05-18 18:34:00,3.1581,3.1601,3.1581,3.1591,3.1631,3.1651,3.1631,3.1641,20
2026-05-18 18:35:00,3.1581,3.1621,3.1581,3.1611,3.1631,3.1671,3.1631,3.1661,22
2026-05-18 18:36:00,3.1606,3.1631,3.1601,3.1621,3.1656,3.1681,3.1651,3.1671,11
2026-05-18 18:37:00,3.1631,3.1631,3.1631,3.1631,3.1681,3.1681,3.1681,3.1681,1
2026-05-18 18:38:00,3.1621,3.1661,3.1621,3.1661,3.1671,3.1711,3.1671,3.1711,10
2026-05-18 18:39:00,3.1656,3.1671,3.1651,3.1661,3.1706,3.1721,3.1701,3.1711,6
2026-05-18 18:40:00,3.1671,3.1671,3.1661,3.1661,3.1721,3.1721,3.1711,3.1711,12
2026-05-18 18:41:00,3.1671,3.1691,3.1671,3.1681,3.1721,3.1741,3.1721,3.1731,5
2026-05-18 18:42:00,3.1691,3.1711,3.1691,3.1711,3.1741,3.1761,3.1741,3.1761,3
2026-05-18 18:43:00,3.1721,3.1741,3.1711,3.1721,3.1771,3.1791,3.1761,3.1771,27
2026-05-18 18:44:00,3.1731,3.1761,3.1731,3.1751,3.1781,3.1811,3.1781,3.1801,10
2026-05-18 18:45:00,3.1746,3.1751,3.1731,3.1741,3.1796,3.1801,3.1781,3.1791,12
2026-05-18 18:46:00,3.1751,3.1751,3.1741,3.1751,3.1801,3.1801,3.1791,3.1801,18
2026-05-18 18:47:00,3.1761,3.1761,3.1741,3.1741,3.1811,3.1811,3.1791,3.1791,24
2026-05-18 18:48:00,3.1751,3.1811,3.1741,3.1801,3.1801,3.1861,3.1791,3.1851,28
2026-05-18 18:49:00,3.1791,3.1791,3.1751,3.1761,3.1841,3.1841,3.1801,3.1811,6
2026-05-18 18:50:00,3.1751,3.1751,3.1706,3.1721,3.1801,3.1801,3.1756,3.1771,31
2026-05-18 18:51:00,3.1731,3.1741,3.1721,3.1731,3.1781,3.1791,3.1771,3.1781,15
2026-05-18 18:52:00,3.1721,3.1751,3.1721,3.1741,3.1771,3.1801,3.1771,3.1791,14
2026-05-18 18:53:00,3.1751,3.1791,3.1741,3.1771,3.1801,3.1841,3.1791,3.1821,32
2026-05-18 18:54:00,3.1766,3.1776,3.1761,3.1771,3.1816,3.1826,3.1811,3.1821,16
2026-05-18 18:55:00,3.1766,3.1771,3.1731,3.1731,3.1816,3.1821,3.1781,3.1781,28
2026-05-18 18:56:00,3.1741,3.1801,3.1721,3.1781,3.1791,3.1851,3.1771,3.1831,47
2026-05-18 18:57:00,3.1771,3.1781,3.1761,3.1761,3.1821,3.1831,3.1811,3.1811,23
2026-05-18 18:58:00,3.1751,3.1756,3.1741,3.1751,3.1801,3.1806,3.1791,3.1801,5
2026-05-18 18:59:00,3.1761,3.1771,3.1751,3.1761,3.1811,3.1821,3.1801,3.1811,15
2026-05-18 19:00:00,3.1766,3.1781,3.1746,3.1781,3.1816,3.1831,3.1796,3.1831,21
2026-05-18 19:01:00,3.1771,3.1801,3.1771,3.1801,3.1821,3.1851,3.1821,3.1851,26
2026-05-18 19:02:00,3.1806,3.1821,3.1801,3.1811,3.1856,3.1871,3.1851,3.1861,13
2026-05-18 19:03:00,3.1821,3.1836,3.1821,3.1821,3.1871,3.1886,3.1871,3.1871,9
2026-05-18 19:04:00,3.1826,3.1851,3.1821,3.1821,3.1876,3.1901,3.1871,3.1871,23
2026-05-18 19:05:00,3.1811,3.1831,3.1811,3.1821,3.1861,3.1881,3.1861,3.1871,22
2026-05-18 19:06:00,3.1831,3.1831,3.1791,3.1811,3.1881,3.1881,3.1841,3.1861,35
2026-05-18 19:07:00,3.1821,3.1851,3.1811,3.1851,3.1871,3.1901,3.1861,3.1901,15
2026-05-18 19:08:00,3.1861,3.1901,3.1851,3.1871,3.1911,3.1951,3.1901,3.1921,21
2026-05-18 19:09:00,3.1881,3.1881,3.1861,3.1881,3.1931,3.1931,3.1911,3.1931,15
2026-05-18 19:10:00,3.1886,3.1891,3.1871,3.1881,3.1936,3.1941,3.1921,3.1931,16
2026-05-18 19:11:00,3.1871,3.1901,3.1871,3.1891,3.1921,3.1951,3.1921,3.1941,15
2026-05-18 19:12:00,3.1901,3.1911,3.1891,3.1901,3.1951,3.1961,3.1941,3.1951,7
2026-05-18 19:13:00,3.1896,3.1921,3.1891,3.1901,3.1946,3.1971,3.1941,3.1951,14
2026-05-18 19:14:00,3.1911,3.1911,3.1881,3.1881,3.1961,3.1961,3.1931,3.1931,19
2026-05-18 19:15:00,3.1871,3.1881,3.1871,3.1871,3.1921,3.1931,3.1921,3.1921,7
2026-05-18 19:16:00,3.1861,3.1871,3.1851,3.1871,3.1911,3.1921,3.1901,3.1921,9
2026-05-18 19:17:00,3.1881,3.1911,3.1881,3.1901,3.1931,3.1961,3.1931,3.1951,22
2026-05-18 19:18:00,3.1891,3.1911,3.1891,3.1891,3.1941,3.1961,3.1941,3.1941,13
2026-05-18 19:19:00,3.1901,3.1901,3.1891,3.1891,3.1951,3.1951,3.1941,3.1941,4
2026-05-18 19:20:00,3.1901,3.1911,3.1881,3.1891,3.1951,3.1961,3.1931,3.1941,20
2026-05-18 19:21:00,3.1901,3.1931,3.1901,3.1921,3.1951,3.1981,3.1951,3.1971,19
2026-05-18 19:22:00,3.1931,3.1931,3.1921,3.1921,3.1981,3.1981,3.1971,3.1971,22
2026-05-18 19:23:00,3.1911,3.1911,3.1901,3.1911,3.1961,3.1961,3.1951,3.1961,3
2026-05-18 19:24:00,3.1901,3.1911,3.1891,3.1891,3.1951,3.1961,3.1941,3.1941,12
2026-05-18 19:25:00,3.1881,3.1896,3.1881,3.1881,3.1931,3.1946,3.1931,3.1931,7
2026-05-18 19:26:00,3.1891,3.1891,3.1871,3.1891,3.1941,3.1941,3.1921,3.1941,13
2026-05-18 19:27:00,3.1901,3.1901,3.1871,3.1881,3.1951,3.1951,3.1921,3.1931,25
2026-05-18 19:28:00,3.1891,3.1891,3.1861,3.1861,3.1941,3.1941,3.1911,3.1911,7
2026-05-18 19:29:00,3.1871,3.1871,3.1851,3.1866,3.1921,3.1921,3.1901,3.1916,18
2026-05-18 19:30:00,3.1871,3.1871,3.1751,3.1771,3.1921,3.1921,3.1801,3.1821,79
2026-05-18 19:31:00,3.1781,3.1821,3.1781,3.1821,3.1831,3.1871,3.1831,3.1871,20
2026-05-18 19:32:00,3.1831,3.1841,3.1831,3.1831,3.1881,3.1891,3.1881,3.1881,3
2026-05-18 19:33:00,3.1841,3.1841,3.1831,3.1841,3.1891,3.1891,3.1881,3.1891,10
2026-05-18 19:34:00,3.1831,3.1851,3.1831,3.1841,3.1881,3.1901,3.1881,3.1891,6
2026-05-18 19:35:00,3.1851,3.1851,3.1831,3.1841,3.1901,3.1901,3.1881,3.1891,10
2026-05-18 19:36:00,3.1846,3.1851,3.1811,3.1811,3.1896,3.1901,3.1861,3.1861,14
2026-05-18 19:37:00,3.1816,3.1831,3.1811,3.1831,3.1866,3.1881,3.1861,3.1881,20
2026-05-18 19:38:00,3.1841,3.1861,3.1831,3.1841,3.1891,3.1911,3.1881,3.1891,13
2026-05-18 19:39:00,3.1851,3.1861,3.1851,3.1851,3.1901,3.1911,3.1901,3.1901,10
2026-05-18 19:40:00,3.1841,3.1851,3.1841,3.1841,3.1891,3.1901,3.1891,3.1891,3
2026-05-18 19:41:00,3.1851,3.1861,3.1851,3.1851,3.1901,3.1911,3.1901,3.1901,3
2026-05-18 19:43:00,3.1841,3.1901,3.1841,3.1891,3.1891,3.1951,3.1891,3.1941,32
2026-05-18 19:44:00,3.1901,3.1901,3.1881,3.1881,3.1951,3.1951,3.1931,3.1931,19
2026-05-18 19:45:00,3.1886,3.1901,3.1881,3.1891,3.1936,3.1951,3.1931,3.1941,23
2026-05-18 19:46:00,3.1881,3.1891,3.1871,3.1871,3.1931,3.1941,3.1921,3.1921,12
2026-05-18 19:47:00,3.1861,3.1881,3.1861,3.1871,3.1911,3.1931,3.1911,3.1921,9
2026-05-18 19:48:00,3.1861,3.1871,3.1861,3.1861,3.1911,3.1921,3.1911,3.1911,9
2026-05-18 19:49:00,3.1871,3.1891,3.1871,3.1881,3.1921,3.1941,3.1921,3.1931,16
2026-05-18 19:50:00,3.1871,3.1881,3.1871,3.1871,3.1921,3.1931,3.1921,3.1921,7
2026-05-18 19:51:00,3.1861,3.1861,3.1791,3.1811,3.1911,3.1911,3.1841,3.1861,25
2026-05-18 19:52:00,3.1821,3.1831,3.1811,3.1831,3.1871,3.1881,3.1861,3.1881,21
2026-05-18 19:53:00,3.1821,3.1841,3.1811,3.1831,3.1871,3.1891,3.1861,3.1881,15
2026-05-18 19:54:00,3.1821,3.1841,3.1821,3.1841,3.1871,3.1891,3.1871,3.1891,11
2026-05-18 19:55:00,3.1851,3.1861,3.1841,3.1851,3.1901,3.1911,3.1891,3.1901,9
2026-05-18 19:56:00,3.1856,3.1871,3.1856,3.1861,3.1906,3.1921,3.1906,3.1911,16
2026-05-18 19:57:00,3.1851,3.1871,3.1851,3.1851,3.1901,3.1921,3.1901,3.1901,5
2026-05-18 19:58:00,3.1861,3.1861,3.1841,3.1851,3.1911,3.1911,3.1891,3.1901,4
2026-05-18 19:59:00,3.1841,3.1851,3.1841,3.1841,3.1891,3.1901,3.1891,3.1891,5
2026-05-18 20:00:00,3.1851,3.1851,3.1831,3.1831,3.1901,3.1901,3.1881,3.1881,32
2026-05-18 20:01:00,3.1841,3.1841,3.1801,3.1801,3.1891,3.1891,3.1851,3.1851,13
2026-05-18 20:02:00,3.1791,3.1801,3.1731,3.1741,3.1841,3.1851,3.1781,3.1791,30
2026-05-18 20:03:00,3.1731,3.1741,3.1651,3.1711,3.1781,3.1791,3.1701,3.1761,76
2026-05-18 20:04:00,3.1721,3.1741,3.1716,3.1721,3.1771,3.1791,3.1766,3.1771,24
2026-05-18 20:05:00,3.1716,3.1731,3.1711,3.1731,3.1766,3.1781,3.1761,3.1781,22
2026-05-18 20:06:00,3.1726,3.1731,3.1716,3.1721,3.1776,3.1781,3.1766,3.1771,29
2026-05-18 20:07:00,3.1731,3.1731,3.1701,3.1711,3.1781,3.1781,3.1751,3.1761,15
2026-05-18 20:08:00,3.1701,3.1711,3.1696,3.1711,3.1751,3.1761,3.1746,3.1761,26
2026-05-18 20:09:00,3.1716,3.1731,3.1711,3.1731,3.1766,3.1781,3.1761,3.1781,27
2026-05-18 20:10:00,3.1736,3.1761,3.1731,3.1751,3.1786,3.1811,3.1781,3.1801,19
2026-05-18 20:11:00,3.1761,3.1781,3.1761,3.1781,3.1811,3.1831,3.1811,3.1831,18
2026-05-18 20:12:00,3.1776,3.1791,3.1771,3.1781,3.1826,3.1841,3.1821,3.1831,17
2026-05-18 20:13:00,3.1776,3.1781,3.1731,3.1741,3.1826,3.1831,3.1781,3.1791,14
2026-05-18 20:14:00,3.1736,3.1741,3.1721,3.1731,3.1786,3.1791,3.1771,3.1781,17
2026-05-18 20:15:00,3.1721,3.1721,3.1636,3.1641,3.1771,3.1771,3.1686,3.1691,39
2026-05-18 20:16:00,3.1631,3.1681,3.1631,3.1671,3.1681,3.1731,3.1681,3.1721,28
2026-05-18 20:17:00,3.1681,3.1711,3.1671,3.1696,3.1731,3.1761,3.1721,3.1746,21
2026-05-18 20:18:00,3.1691,3.1701,3.1671,3.1701,3.1741,3.1751,3.1721,3.1751,13
2026-05-18 20:19:00,3.1691,3.1701,3.1691,3.1701,3.1741,3.1751,3.1741,3.1751,22
2026-05-18 20:20:00,3.1706,3.1716,3.1691,3.1701,3.1756,3.1766,3.1741,3.1751,16
2026-05-18 20:21:00,3.1711,3.1721,3.1711,3.1721,3.1761,3.1771,3.1761,3.1771,4
2026-05-18 20:22:00,3.1731,3.1731,3.1701,3.1701,3.1781,3.1781,3.1751,3.1751,13
2026-05-18 20:23:00,3.1711,3.1721,3.1711,3.1711,3.1761,3.1771,3.1761,3.1761,7
2026-05-18 20:24:00,3.1701,3.1731,3.1701,3.1731,3.1751,3.1781,3.1751,3.1781,27
2026-05-18 20:25:00,3.1741,3.1741,3.1711,3.1731,3.1791,3.1791,3.1761,3.1781,17
2026-05-18 20:26:00,3.1736,3.1741,3.1701,3.1731,3.1786,3.1791,3.1751,3.1781,34
2026-05-18 20:27:00,3.1721,3.1721,3.1681,3.1691,3.1771,3.1771,3.1731,3.1741,51
2026-05-18 20:28:00,3.1701,3.1721,3.1661,3.1681,3.1751,3.1771,3.1711,3.1731,133
2026-05-18 20:29:00,3.1691,3.1701,3.1671,3.1681,3.1741,3.1751,3.1721,3.1731,116
2026-05-18 20:30:00,3.1686,3.1691,3.1631,3.1631,3.1736,3.1741,3.1681,3.1681,29
2026-05-18 20:31:00,3.1621,3.1651,3.1611,3.1636,3.1671,3.1701,3.1661,3.1686,57
2026-05-18 20:32:00,3.1641,3.1651,3.1636,3.1641,3.1691,3.1701,3.1686,3.1691,14
2026-05-18 20:33:00,3.1651,3.1661,3.1651,3.1651,3.1701,3.1711,3.1701,3.1701,5
2026-05-18 20:34:00,3.1646,3.1661,3.1646,3.1651,3.1696,3.1711,3.1696,3.1701,11
2026-05-18 20:35:00,3.1646,3.1661,3.1641,3.1651,3.1696,3.1711,3.1691,3.1701,28
2026-05-18 20:36:00,3.1641,3.1661,3.1641,3.1661,3.1691,3.1711,3.1691,3.1711,7
2026-05-18 20:37:00,3.1651,3.1671,3.1651,3.1661,3.1701,3.1721,3.1701,3.1711,5
2026-05-18 20:38:00,3.1656,3.1671,3.1656,3.1666,3.1706,3.1721,3.1706,3.1716,5
2026-05-18 20:39:00,3.1661,3.1681,3.1651,3.1681,3.1711,3.1731,3.1701,3.1731,5
2026-05-18 20:40:00,3.1686,3.1721,3.1686,3.1721,3.1736,3.1771,3.1736,3.1771,16
2026-05-18 20:41:00,3.1711,3.1731,3.1711,3.1731,3.1761,3.1781,3.1761,3.1781,13
2026-05-18 20:42:00,3.1726,3.1741,3.1726,3.1741,3.1776,3.1791,3.1776,3.1791,9
2026-05-18 20:43:00,3.1731,3.1741,3.1731,3.1741,3.1781,3.1791,3.1781,3.1791,17
2026-05-18 20:44:00,3.1731,3.1731,3.1701,3.1701,3.1781,3.1781,3.1751,3.1751,10
2026-05-18 20:45:00,3.1691,3.1691,3.1666,3.1671,3.1741,3.1741,3.1716,3.1721,5
2026-05-18 20:46:00,3.1661,3.1661,3.1661,3.1661,3.1711,3.1711,3.1711,3.1711,1
2026-05-18 20:47:00,3.1651,3.1661,3.1651,3.1661,3.1701,3.1711,3.1701,3.1711,3
2026-05-18 20:48:00,3.1671,3.1681,3.1666,3.1681,3.1721,3.1731,3.1716,3.1731,8
2026-05-18 20:49:00,3.1671,3.1681,3.1671,3.1681,3.1721,3.1731,3.1721,3.1731,3
2026-05-18 20:50:00,3.1671,3.1681,3.1671,3.1681,3.1721,3.1731,3.1721,3.1731,6
2026-05-18 20:51:00,3.1671,3.1671,3.1651,3.1651,3.1721,3.1721,3.1701,3.1701,3
2026-05-18 20:52:00,3.1661,3.1661,3.1651,3.1661,3.1711,3.1711,3.1701,3.1711,4
2026-05-18 20:53:00,3.1651,3.1661,3.1651,3.1656,3.1701,3.1711,3.1701,3.1706,11
2026-05-18 20:54:00,3.1661,3.1661,3.1651,3.1651,3.1711,3.1711,3.1701,3.1701,7
2026-05-18 20:55:00,3.1661,3.1661,3.1651,3.1651,3.1711,3.1711,3.1701,3.1701,2
2026-05-18 20:56:00,3.1661,3.1671,3.1661,3.1661,3.1711,3.1721,3.1711,3.1711,3
2026-05-18 20:57:00,3.1671,3.1671,3.1671,3.1671,3.1721,3.1721,3.1721,3.1721,1
2026-05-18 20:58:00,3.1681,3.1691,3.1671,3.1676,3.1731,3.1741,3.1721,3.1726,11
2026-05-18 20:59:00,3.1671,3.1691,3.1671,3.1686,3.1721,3.1741,3.1721,3.1736,16
2026-05-18 21:00:00,3.1691,3.1691,3.1671,3.1671,3.1741,3.1741,3.1721,3.1721,28
2026-05-18 21:01:00,3.1661,3.1691,3.1566,3.1586,3.1711,3.1741,3.1616,3.1636,300
2026-05-18 21:02:00,3.1576,3.1631,3.1566,3.1616,3.1626,3.1681,3.1616,3.1666,112
2026-05-18 21:03:00,3.1611,3.1631,3.1591,3.1631,3.1661,3.1681,3.1641,3.1681,106
2026-05-18 21:04:00,3.1636,3.1636,3.1621,3.1631,3.1686,3.1686,3.1671,3.1681,42
2026-05-18 21:05:00,3.1621,3.1651,3.1621,3.1631,3.1671,3.1701,3.1671,3.1681,28
2026-05-18 21:06:00,3.1626,3.1661,3.1626,3.1651,3.1676,3.1711,3.1676,3.1701,26
2026-05-18 21:07:00,3.1641,3.1651,3.1641,3.1646,3.1691,3.1701,3.1691,3.1696,9
2026-05-18 21:08:00,3.1641,3.1646,3.1631,3.1631,3.1691,3.1696,3.1681,3.1681,9
2026-05-18 21:09:00,3.1621,3.1641,3.1621,3.1626,3.1671,3.1691,3.1671,3.1676,13
2026-05-18 21:10:00,3.1631,3.1641,3.1631,3.1631,3.1681,3.1691,3.1681,3.1681,5
2026-05-18 21:11:00,3.1641,3.1641,3.1621,3.1626,3.1691,3.1691,3.1671,3.1676,7
2026-05-18 21:12:00,3.1631,3.1631,3.1621,3.1621,3.1681,3.1681,3.1671,3.1671,16
2026-05-18 21:13:00,3.1611,3.1621,3.1591,3.1611,3.1661,3.1671,3.1641,3.1661,13
2026-05-18 21:14:00,3.1621,3.1631,3.1611,3.1631,3.1671,3.1681,3.1661,3.1681,12
2026-05-18 21:15:00,3.1636,3.1646,3.1636,3.1641,3.1686,3.1696,3.1686,3.1691,6
2026-05-18 21:16:00,3.1631,3.1631,3.1611,3.1631,3.1681,3.1681,3.1661,3.1681,9
2026-05-18 21:17:00,3.1641,3.1646,3.1631,3.1641,3.1691,3.1696,3.1681,3.1691,8
2026-05-18 21:18:00,3.1636,3.1646,3.1631,3.1641,3.1686,3.1696,3.1681,3.1691,10
2026-05-18 21:19:00,3.1651,3.1651,3.1641,3.1641,3.1701,3.1701,3.1691,3.1691,2
2026-05-18 21:20:00,3.1636,3.1641,3.1626,3.1631,3.1686,3.1691,3.1676,3.1681,8
2026-05-18 21:22:00,3.1641,3.1641,3.1631,3.1641,3.1691,3.1691,3.1681,3.1691,4
2026-05-18 21:23:00,3.1636,3.1636,3.1631,3.1631,3.1686,3.1686,3.1681,3.1681,2
2026-05-18 21:24:00,3.1641,3.1661,3.1641,3.1651,3.1691,3.1711,3.1691,3.1701,7
2026-05-18 21:25:00,3.1656,3.1671,3.1651,3.1661,3.1706,3.1721,3.1701,3.1711,16
2026-05-18 21:26:00,3.1656,3.1671,3.1656,3.1661,3.1706,3.1721,3.1706,3.1711,6
2026-05-18 21:27:00,3.1656,3.1666,3.1656,3.1661,3.1706,3.1716,3.1706,3.1711,12
2026-05-18 21:28:00,3.1666,3.1681,3.1661,3.1681,3.1716,3.1731,3.1711,3.1731,12
2026-05-18 21:29:00,3.1671,3.1671,3.1671,3.1671,3.1721,3.1721,3.1721,3.1721,1
2026-05-18 21:30:00,3.1681,3.1701,3.1681,3.1691,3.1731,3.1751,3.1731,3.1741,6
2026-05-18 21:31:00,3.1681,3.1681,3.1671,3.1681,3.1731,3.1731,3.1721,3.1731,5
2026-05-18 21:32:00,3.1671,3.1681,3.1671,3.1671,3.1721,3.1731,3.1721,3.1721,4
2026-05-18 21:33:00,3.1681,3.1691,3.1681,3.1691,3.1731,3.1741,3.1731,3.1741,2
2026-05-18 21:34:00,3.1686,3.1691,3.1686,3.1691,3.1736,3.1741,3.1736,3.1741,2
2026-05-18 21:36:00,3.1696,3.1701,3.1696,3.1701,3.1746,3.1751,3.1746,3.1751,2
2026-05-18 21:37:00,3.1691,3.1701,3.1691,3.1701,3.1741,3.1751,3.1741,3.1751,4
2026-05-18 21:39:00,3.1691,3.1691,3.1691,3.1691,3.1741,3.1741,3.1741,3.1741,1
2026-05-18 21:40:00,3.1701,3.1711,3.1691,3.1696,3.1751,3.1761,3.1741,3.1746,20
2026-05-18 21:41:00,3.1691,3.1691,3.1681,3.1686,3.1741,3.1741,3.1731,3.1736,7
2026-05-18 21:42:00,3.1691,3.1691,3.1681,3.1686,3.1741,3.1741,3.1731,3.1736,8
2026-05-18 21:43:00,3.1681,3.1691,3.1671,3.1681,3.1731,3.1741,3.1721,3.1731,17
2026-05-18 21:44:00,3.1671,3.1681,3.1661,3.1671,3.1721,3.1731,3.1711,3.1721,9
2026-05-18 21:45:00,3.1661,3.1671,3.1661,3.1666,3.1711,3.1721,3.1711,3.1716,4
2026-05-18 21:46:00,3.1661,3.1681,3.1661,3.1681,3.1711,3.1731,3.1711,3.1731,5
2026-05-18 21:47:00,3.1676,3.1691,3.1671,3.1691,3.1726,3.1741,3.1721,3.1741,12
2026-05-18 21:48:00,3.1701,3.1711,3.1691,3.1691,3.1751,3.1761,3.1741,3.1741,11
2026-05-18 21:49:00,3.1696,3.1701,3.1691,3.1701,3.1746,3.1751,3.1741,3.1751,3
2026-05-18 21:50:00,3.1696,3.1701,3.1696,3.1696,3.1746,3.1751,3.1746,3.1746,5
2026-05-18 21:51:00,3.1701,3.1701,3.1691,3.1701,3.1751,3.1751,3.1741,3.1751,10
2026-05-18 21:52:00,3.1691,3.1711,3.1691,3.1711,3.1741,3.1761,3.1741,3.1761,10
2026-05-18 21:53:00,3.1716,3.1721,3.1701,3.1701,3.1766,3.1771,3.1751,3.1751,21
2026-05-18 21:54:00,3.1706,3.1711,3.1691,3.1711,3.1756,3.1761,3.1741,3.1761,20
2026-05-18 21:55:00,3.1701,3.1731,3.1701,3.1731,3.1751,3.1781,3.1751,3.1781,10
2026-05-18 21:57:00,3.1721,3.1741,3.1721,3.1731,3.1771,3.1791,3.1771,3.1781,7
2026-05-18 21:58:00,3.1736,3.1741,3.1721,3.1721,3.1786,3.1791,3.1771,3.1771,11
2026-05-18 21:59:00,3.1726,3.1731,3.1721,3.1721,3.1776,3.1781,3.1771,3.1771,5
2026-05-18 22:00:00,3.1711,3.1716,3.1711,3.1711,3.1761,3.1766,3.1761,3.1761,3
2026-05-18 22:01:00,3.1721,3.1721,3.1711,3.1716,3.1771,3.1771,3.1761,3.1766,15
2026-05-18 22:02:00,3.1711,3.1716,3.1711,3.1716,3.1761,3.1766,3.1761,3.1766,4
2026-05-18 22:03:00,3.1711,3.1711,3.1701,3.1701,3.1761,3.1761,3.1751,3.1751,7
2026-05-18 22:05:00,3.1706,3.1711,3.1701,3.1701,3.1756,3.1761,3.1751,3.1751,4
2026-05-18 22:06:00,3.1706,3.1706,3.1701,3.1706,3.1756,3.1756,3.1751,3.1756,5
2026-05-18 22:07:00,3.1701,3.1711,3.1701,3.1711,3.1751,3.1761,3.1751,3.1761,10
2026-05-18 22:08:00,3.1721,3.1731,3.1716,3.1721,3.1771,3.1781,3.1766,3.1771,11
2026-05-18 22:09:00,3.1711,3.1731,3.1711,3.1731,3.1761,3.1781,3.1761,3.1781,18
2026-05-18 22:10:00,3.1726,3.1731,3.1721,3.1726,3.1776,3.1781,3.1771,3.1776,7
2026-05-18 22:11:00,3.1721,3.1731,3.1711,3.1716,3.1771,3.1781,3.1761,3.1766,11
2026-05-18 22:12:00,3.1711,3.1711,3.1691,3.1691,3.1761,3.1761,3.1741,3.1741,8
2026-05-18 22:13:00,3.1696,3.1701,3.1681,3.1696,3.1746,3.1751,3.1731,3.1746,18
2026-05-18 22:14:00,3.1701,3.1701,3.1676,3.1676,3.1751,3.1751,3.1726,3.1726,11
2026-05-18 22:15:00,3.1671,3.1681,3.1671,3.1676,3.1721,3.1731,3.1721,3.1726,7
2026-05-18 22:16:00,3.1681,3.1691,3.1676,3.1676,3.1731,3.1741,3.1726,3.1726,14
2026-05-18 22:17:00,3.1681,3.1681,3.1671,3.1676,3.1731,3.1731,3.1721,3.1726,4
2026-05-18 22:18:00,3.1681,3.1681,3.1671,3.1676,3.1731,3.1731,3.1721,3.1726,8
2026-05-18 22:19:00,3.1671,3.1681,3.1671,3.1681,3.1721,3.1731,3.1721,3.1731,3
2026-05-18 22:21:00,3.1676,3.1676,3.1676,3.1676,3.1726,3.1726,3.1726,3.1726,1
2026-05-18 22:22:00,3.1681,3.1681,3.1671,3.1671,3.1731,3.1731,3.1721,3.1721,3
2026-05-18 22:23:00,3.1676,3.1676,3.1671,3.1671,3.1726,3.1726,3.1721,3.1721,6
2026-05-18 22:25:00,3.1681,3.1681,3.1671,3.1671,3.1731,3.1731,3.1721,3.1721,10
2026-05-18 22:26:00,3.1681,3.1681,3.1671,3.1671,3.1731,3.1731,3.1721,3.1721,6
2026-05-18 22:27:00,3.1681,3.1681,3.1661,3.1666,3.1731,3.1731,3.1711,3.1716,12
2026-05-18 22:28:00,3.1661,3.1666,3.1661,3.1661,3.1711,3.1716,3.1711,3.1711,9
2026-05-18 22:29:00,3.1666,3.1671,3.1661,3.1661,3.1716,3.1721,3.1711,3.1711,8
2026-05-18 22:30:00,3.1671,3.1671,3.1661,3.1666,3.1721,3.1721,3.1711,3.1716,6
2026-05-18 22:31:00,3.1671,3.1671,3.1661,3.1661,3.1721,3.1721,3.1711,3.1711,13
2026-05-18 22:32:00,3.1651,3.1651,3.1651,3.1651,3.1701,3.1701,3.1701,3.1701,1
2026-05-18 22:33:00,3.1641,3.1651,3.1641,3.1651,3.1691,3.1701,3.1691,3.1701,2
2026-05-18 22:34:00,3.1656,3.1656,3.1651,3.1651,3.1706,3.1706,3.1701,3.1701,2
2026-05-18 22:36:00,3.1641,3.1641,3.1621,3.1631,3.1691,3.1691,3.1671,3.1681,17
2026-05-18 22:37:00,3.1641,3.1651,3.1641,3.1651,3.1691,3.1701,3.1691,3.1701,4
2026-05-18 22:38:00,3.1646,3.1651,3.1646,3.1651,3.1696,3.1701,3.1696,3.1701,2
2026-05-18 22:39:00,3.1656,3.1661,3.1651,3.1651,3.1706,3.1711,3.1701,3.1701,9
2026-05-18 22:40:00,3.1646,3.1656,3.1646,3.1656,3.1696,3.1706,3.1696,3.1706,5
2026-05-18 22:41:00,3.1651,3.1651,3.1651,3.1651,3.1701,3.1701,3.1701,3.1701,1
2026-05-18 22:42:00,3.1656,3.1681,3.1656,3.1676,3.1706,3.1731,3.1706,3.1726,8
2026-05-18 22:43:00,3.1671,3.1676,3.1671,3.1671,3.1721,3.1726,3.1721,3.1721,3
2026-05-18 22:44:00,3.1666,3.1671,3.1666,3.1666,3.1716,3.1721,3.1716,3.1716,3
2026-05-18 22:45:00,3.1661,3.1661,3.1661,3.1661,3.1711,3.1711,3.1711,3.1711,1
2026-05-18 22:46:00,3.1651,3.1661,3.1641,3.1651,3.1701,3.1711,3.1691,3.1701,6
2026-05-18 22:50:00,3.1656,3.1671,3.1651,3.1651,3.1706,3.1721,3.1701,3.1701,5
2026-05-18 22:52:00,3.1661,3.1661,3.1651,3.1651,3.1711,3.1711,3.1701,3.1701,7
2026-05-18 22:53:00,3.1656,3.1681,3.1656,3.1671,3.1706,3.1731,3.1706,3.1721,25
2026-05-18 22:54:00,3.1676,3.1676,3.1671,3.1671,3.1726,3.1726,3.1721,3.1721,4
2026-05-18 22:55:00,3.1681,3.1681,3.1671,3.1671,3.1731,3.1731,3.1721,3.1721,6
2026-05-18 22:56:00,3.1661,3.1671,3.1661,3.1666,3.1711,3.1721,3.1711,3.1716,8
2026-05-18 22:57:00,3.1661,3.1691,3.1661,3.1681,3.1711,3.1741,3.1711,3.1731,17
2026-05-18 22:58:00,3.1671,3.1711,3.1671,3.1701,3.1721,3.1761,3.1721,3.1751,12
2026-05-18 22:59:00,3.1706,3.1747,3.1681,3.1737,3.1756,3.1797,3.1731,3.1787,37
2026-05-19 00:00:00,3.1772,3.1772,3.1747,3.1752,3.1822,3.1822,3.1797,3.1802,14
2026-05-19 00:01:00,3.1737,3.1737,3.1717,3.1727,3.1787,3.1787,3.1767,3.1777,5
2026-05-19 00:02:00,3.1737,3.1762,3.1737,3.1757,3.1787,3.1812,3.1787,3.1807,7
2026-05-19 00:03:00,3.1762,3.1777,3.1762,3.1762,3.1812,3.1827,3.1812,3.1812,6
2026-05-19 00:04:00,3.1757,3.1762,3.1757,3.1762,3.1807,3.1812,3.1807,3.1812,4
2026-05-19 00:05:00,3.1757,3.1767,3.1757,3.1762,3.1807,3.1817,3.1807,3.1812,4
2026-05-19 00:07:00,3.1767,3.1802,3.1752,3.1752,3.1817,3.1852,3.1802,3.1802,15
2026-05-19 00:08:00,3.1757,3.1762,3.1757,3.1762,3.1807,3.1812,3.1807,3.1812,2
2026-05-19 00:09:00,3.1757,3.1757,3.1757,3.1757,3.1807,3.1807,3.1807,3.1807,1
2026-05-19 00:10:00,3.1762,3.1762,3.1757,3.1757,3.1812,3.1812,3.1807,3.1807,2
2026-05-19 00:11:00,3.1752,3.1752,3.1752,3.1752,3.1802,3.1802,3.1802,3.1802,1
2026-05-19 00:12:00,3.1747,3.1752,3.1747,3.1752,3.1797,3.1802,3.1797,3.1802,2
2026-05-19 00:13:00,3.1742,3.1742,3.1732,3.1732,3.1792,3.1792,3.1782,3.1782,6
2026-05-19 00:16:00,3.1727,3.1727,3.1727,3.1727,3.1777,3.1777,3.1777,3.1777,1
2026-05-19 00:17:00,3.1732,3.1732,3.1732,3.1732,3.1782,3.1782,3.1782,3.1782,1
2026-05-19 00:19:00,3.1737,3.1737,3.1737,3.1737,3.1787,3.1787,3.1787,3.1787,1
2026-05-19 00:20:00,3.1747,3.1747,3.1737,3.1737,3.1797,3.1797,3.1787,3.1787,3
2026-05-19 00:23:00,3.1747,3.1747,3.1742,3.1742,3.1797,3.1797,3.1792,3.1792,2
2026-05-19 00:25:00,3.1737,3.1737,3.1737,3.1737,3.1787,3.1787,3.1787,3.1787,1
2026-05-19 00:26:00,3.1742,3.1742,3.1737,3.1737,3.1792,3.1792,3.1787,3.1787,2
2026-05-19 00:30:00,3.1742,3.1742,3.1742,3.1742,3.1792,3.1792,3.1792,3.1792,1
2026-05-19 00:31:00,3.1732,3.1732,3.1732,3.1732,3.1782,3.1782,3.1782,3.1782,1
2026-05-19 00:32:00,3.1727,3.1727,3.1727,3.1727,3.1777,3.1777,3.1777,3.1777,1
2026-05-19 00:33:00,3.1732,3.1737,3.1732,3.1737,3.1782,3.1787,3.1782,3.1787,2
2026-05-19 00:41:00,3.1732,3.1732,3.1727,3.1727,3.1782,3.1782,3.1777,3.1777,2
2026-05-19 00:43:00,3.1732,3.1732,3.1732,3.1732,3.1782,3.1782,3.1782,3.1782,1
2026-05-19 00:50:00,3.1737,3.1737,3.1737,3.1737,3.1787,3.1787,3.1787,3.1787,1
2026-05-19 00:55:00,3.1732,3.1732,3.1732,3.1732,3.1782,3.1782,3.1782,3.1782,1
2026-05-19 00:57:00,3.1727,3.1727,3.1722,3.1722,3.1777,3.1777,3.1772,3.1772,2
2026-05-19 00:58:00,3.1717,3.1727,3.1717,3.1722,3.1767,3.1777,3.1767,3.1772,3
2026-05-19 01:01:00,3.1717,3.1722,3.1717,3.1722,3.1767,3.1772,3.1767,3.1772,2
2026-05-19 01:02:00,3.1717,3.1717,3.1687,3.1687,3.1767,3.1767,3.1737,3.1737,6
2026-05-19 01:03:00,3.1697,3.1697,3.1692,3.1692,3.1747,3.1747,3.1742,3.1742,2
2026-05-19 01:04:00,3.1687,3.1692,3.1677,3.1677,3.1737,3.1742,3.1727,3.1727,5
2026-05-19 01:05:00,3.1687,3.1692,3.1687,3.1692,3.1737,3.1742,3.1737,3.1742,2
2026-05-19 01:06:00,3.1697,3.1697,3.1697,3.1697,3.1747,3.1747,3.1747,3.1747,1
2026-05-19 01:07:00,3.1712,3.1722,3.1697,3.1702,3.1762,3.1772,3.1747,3.1752,11
2026-05-19 01:08:00,3.1697,3.1697,3.1692,3.1692,3.1747,3.1747,3.1742,3.1742,2
2026-05-19 01:10:00,3.1687,3.1712,3.1677,3.1712,3.1737,3.1762,3.1727,3.1762,6
2026-05-19 01:11:00,3.1707,3.1727,3.1707,3.1727,3.1757,3.1777,3.1757,3.1777,4
2026-05-19 01:14:00,3.1722,3.1722,3.1722,3.1722,3.1772,3.1772,3.1772,3.1772,1
2026-05-19 01:19:00,3.1727,3.1737,3.1727,3.1737,3.1777,3.1787,3.1777,3.1787,3
2026-05-19 01:20:00,3.1732,3.1747,3.1732,3.1747,3.1782,3.1797,3.1782,3.1797,3
2026-05-19 01:29:00,3.1752,3.1752,3.1752,3.1752,3.1802,3.1802,3.1802,3.1802,1
2026-05-19 01:33:00,3.1737,3.1747,3.1737,3.1747,3.1787,3.1797,3.1787,3.1797,2
2026-05-19 01:37:00,3.1742,3.1742,3.1732,3.1742,3.1792,3.1792,3.1782,3.1792,3
2026-05-19 01:38:00,3.1747,3.1747,3.1737,3.1747,3.1797,3.1797,3.1787,3.1797,3
2026-05-19 01:39:00,3.1767,3.1777,3.1767,3.1767,3.1817,3.1827,3.1817,3.1817,5
2026-05-19 01:40:00,3.1762,3.1762,3.1757,3.1757,3.1812,3.1812,3.1807,3.1807,2
2026-05-19 01:41:00,3.1762,3.1762,3.1762,3.1762,3.1812,3.1812,3.1812,3.1812,1
2026-05-19 01:42:00,3.1767,3.1767,3.1767,3.1767,3.1817,3.1817,3.1817,3.1817,1
2026-05-19 01:44:00,3.1777,3.1777,3.1767,3.1767,3.1827,3.1827,3.1817,3.1817,2
2026-05-19 01:45:00,3.1772,3.1772,3.1767,3.1767,3.1822,3.1822,3.1817,3.1817,2
2026-05-19 01:50:00,3.1752,3.1762,3.1727,3.1762,3.1802,3.1812,3.1777,3.1812,17
2026-05-19 01:53:00,3.1767,3.1767,3.1757,3.1767,3.1817,3.1817,3.1807,3.1817,4
2026-05-19 01:54:00,3.1757,3.1772,3.1757,3.1767,3.1807,3.1822,3.1807,3.1817,4
2026-05-19 01:55:00,3.1772,3.1777,3.1772,3.1777,3.1822,3.1827,3.1822,3.1827,2
2026-05-19 01:57:00,3.1772,3.1772,3.1772,3.1772,3.1822,3.1822,3.1822,3.1822,1
2026-05-19 01:59:00,3.1777,3.1777,3.1772,3.1772,3.1827,3.1827,3.1822,3.1822,2
2026-05-19 02:00:00,3.1787,3.1787,3.1782,3.1787,3.1837,3.1837,3.1832,3.1837,3
2026-05-19 02:01:00,3.1797,3.1832,3.1797,3.1822,3.1847,3.1882,3.1847,3.1872,10
2026-05-19 02:03:00,3.1817,3.1817,3.1817,3.1817,3.1867,3.1867,3.1867,3.1867,1
2026-05-19 02:04:00,3.1822,3.1827,3.1817,3.1827,3.1872,3.1877,3.1867,3.1877,4
2026-05-19 02:06:00,3.1817,3.1822,3.1807,3.1822,3.1867,3.1872,3.1857,3.1872,7
2026-05-19 02:07:00,3.1817,3.1817,3.1817,3.1817,3.1867,3.1867,3.1867,3.1867,1
2026-05-19 02:08:00,3.1812,3.1812,3.1807,3.1812,3.1862,3.1862,3.1857,3.1862,3
2026-05-19 02:09:00,3.1817,3.1827,3.1817,3.1822,3.1867,3.1877,3.1867,3.1872,5
2026-05-19 02:10:00,3.1827,3.1827,3.1817,3.1822,3.1877,3.1877,3.1867,3.1872,3
2026-05-19 02:11:00,3.1817,3.1827,3.1817,3.1827,3.1867,3.1877,3.1867,3.1877,3
2026-05-19 02:13:00,3.1817,3.1817,3.1807,3.1807,3.1867,3.1867,3.1857,3.1857,3
2026-05-19 02:15:00,3.1817,3.1817,3.1817,3.1817,3.1867,3.1867,3.1867,3.1867,1
2026-05-19 02:16:00,3.1812,3.1812,3.1812,3.1812,3.1862,3.1862,3.1862,3.1862,1
2026-05-19 02:17:00,3.1807,3.1807,3.1807,3.1807,3.1857,3.1857,3.1857,3.1857,1
2026-05-19 02:18:00,3.1812,3.1817,3.1812,3.1817,3.1862,3.1867,3.1862,3.1867,2
2026-05-19 02:20:00,3.1812,3.1812,3.1812,3.1812,3.1862,3.1862,3.1862,3.1862,1
2026-05-19 02:21:00,3.1807,3.1807,3.1807,3.1807,3.1857,3.1857,3.1857,3.1857,1
2026-05-19 02:22:00,3.1812,3.1812,3.1812,3.1812,3.1862,3.1862,3.1862,3.1862,1
2026-05-19 02:25:00,3.1817,3.1857,3.1817,3.1852,3.1867,3.1907,3.1867,3.1902,9
2026-05-19 02:26:00,3.1857,3.1892,3.1857,3.1892,3.1907,3.1942,3.1907,3.1942,7
2026-05-19 02:27:00,3.1887,3.1902,3.1887,3.1892,3.1937,3.1952,3.1937,3.1942,16
2026-05-19 02:28:00,3.1887,3.1887,3.1837,3.1837,3.1937,3.1937,3.1887,3.1887,10
2026-05-19 02:29:00,3.1847,3.1847,3.1827,3.1837,3.1897,3.1897,3.1877,3.1887,5
2026-05-19 02:30:00,3.1842,3.1842,3.1842,3.1842,3.1892,3.1892,3.1892,3.1892,1
2026-05-19 02:31:00,3.1847,3.1852,3.1842,3.1852,3.1897,3.1902,3.1892,3.1902,4
2026-05-19 02:32:00,3.1847,3.1847,3.1842,3.1842,3.1897,3.1897,3.1892,3.1892,2
2026-05-19 02:33:00,3.1847,3.1877,3.1842,3.1877,3.1897,3.1927,3.1892,3.1927,9
2026-05-19 02:35:00,3.1872,3.1877,3.1872,3.1877,3.1922,3.1927,3.1922,3.1927,2
2026-05-19 02:38:00,3.1872,3.1872,3.1872,3.1872,3.1922,3.1922,3.1922,3.1922,1
2026-05-19 02:39:00,3.1867,3.1867,3.1862,3.1867,3.1917,3.1917,3.1912,3.1917,3
2026-05-19 02:40:00,3.1872,3.1872,3.1867,3.1867,3.1922,3.1922,3.1917,3.1917,2
2026-05-19 02:44:00,3.1857,3.1867,3.1852,3.1857,3.1907,3.1917,3.1902,3.1907,6
2026-05-19 02:47:00,3.1847,3.1857,3.1847,3.1857,3.1897,3.1907,3.1897,3.1907,3
2026-05-19 02:48:00,3.1852,3.1852,3.1852,3.1852,3.1902,3.1902,3.1902,3.1902,1
2026-05-19 02:49:00,3.1847,3.1847,3.1847,3.1847,3.1897,3.1897,3.1897,3.1897,1
2026-05-19 02:50:00,3.1837,3.1847,3.1827,3.1827,3.1887,3.1897,3.1877,3.1877,4
2026-05-19 02:51:00,3.1822,3.1822,3.1807,3.1812,3.1872,3.1872,3.1857,3.1862,5
2026-05-19 02:52:00,3.1807,3.1807,3.1807,3.1807,3.1857,3.1857,3.1857,3.1857,1
2026-05-19 02:53:00,3.1817,3.1817,3.1812,3.1812,3.1867,3.1867,3.1862,3.1862,2
2026-05-19 02:55:00,3.1807,3.1807,3.1807,3.1807,3.1857,3.1857,3.1857,3.1857,1
2026-05-19 02:58:00,3.1802,3.1807,3.1802,3.1807,3.1852,3.1857,3.1852,3.1857,2
2026-05-19 02:59:00,3.1817,3.1817,3.1812,3.1817,3.1867,3.1867,3.1862,3.1867,3
2026-05-19 03:00:00,3.1822,3.1837,3.1822,3.1832,3.1872,3.1887,3.1872,3.1882,13
2026-05-19 03:01:00,3.1837,3.1837,3.1827,3.1827,3.1887,3.1887,3.1877,3.1877,3
2026-05-19 03:02:00,3.1832,3.1832,3.1817,3.1822,3.1882,3.1882,3.1867,3.1872,5
2026-05-19 03:03:00,3.1827,3.1827,3.1807,3.1807,3.1877,3.1877,3.1857,3.1857,5
2026-05-19 03:04:00,3.1817,3.1817,3.1802,3.1807,3.1867,3.1867,3.1852,3.1857,9
2026-05-19 03:05:00,3.1817,3.1817,3.1812,3.1812,3.1867,3.1867,3.1862,3.1862,2
2026-05-19 03:06:00,3.1807,3.1807,3.1807,3.1807,3.1857,3.1857,3.1857,3.1857,1
2026-05-19 03:07:00,3.1812,3.1812,3.1812,3.1812,3.1862,3.1862,3.1862,3.1862,1
2026-05-19 03:08:00,3.1807,3.1807,3.1807,3.1807,3.1857,3.1857,3.1857,3.1857,1
2026-05-19 03:10:00,3.1812,3.1812,3.1807,3.1807,3.1862,3.1862,3.1857,3.1857,2
2026-05-19 03:11:00,3.1812,3.1817,3.1807,3.1817,3.1862,3.1867,3.1857,3.1867,12
2026-05-19 03:12:00,3.1822,3.1827,3.1822,3.1827,3.1872,3.1877,3.1872,3.1877,2
2026-05-19 03:14:00,3.1837,3.1837,3.1827,3.1837,3.1887,3.1887,3.1877,3.1887,3
2026-05-19 03:22:00,3.1832,3.1832,3.1787,3.1807,3.1882,3.1882,3.1837,3.1857,15
2026-05-19 03:23:00,3.1812,3.1817,3.1812,3.1817,3.1862,3.1867,3.1862,3.1867,2
2026-05-19 03:28:00,3.1807,3.1807,3.1807,3.1807,3.1857,3.1857,3.1857,3.1857,1
2026-05-19 03:31:00,3.1817,3.1817,3.1817,3.1817,3.1867,3.1867,3.1867,3.1867,1
2026-05-19 03:32:00,3.1807,3.1807,3.1807,3.1807,3.1857,3.1857,3.1857,3.1857,1
2026-05-19 03:34:00,3.1802,3.1807,3.1802,3.1807,3.1852,3.1857,3.1852,3.1857,2
2026-05-19 03:37:00,3.1817,3.1817,3.1807,3.1807,3.1867,3.1867,3.1857,3.1857,2
2026-05-19 03:38:00,3.1802,3.1812,3.1787,3.1812,3.1852,3.1862,3.1837,3.1862,8
2026-05-19 03:40:00,3.1817,3.1817,3.1812,3.1812,3.1867,3.1867,3.1862,3.1862,2
2026-05-19 03:41:00,3.1807,3.1807,3.1807,3.1807,3.1857,3.1857,3.1857,3.1857,1
2026-05-19 03:43:00,3.1797,3.1807,3.1797,3.1807,3.1847,3.1857,3.1847,3.1857,4
2026-05-19 03:45:00,3.1812,3.1817,3.1812,3.1817,3.1862,3.1867,3.1862,3.1867,2
2026-05-19 03:46:00,3.1812,3.1817,3.1807,3.1812,3.1862,3.1867,3.1857,3.1862,5
2026-05-19 03:47:00,3.1817,3.1817,3.1812,3.1817,3.1867,3.1867,3.1862,3.1867,3
2026-05-19 03:50:00,3.1807,3.1807,3.1807,3.1807,3.1857,3.1857,3.1857,3.1857,1
2026-05-19 03:51:00,3.1797,3.1797,3.1737,3.1742,3.1847,3.1847,3.1787,3.1792,13
2026-05-19 03:52:00,3.1747,3.1747,3.1747,3.1747,3.1797,3.1797,3.1797,3.1797,1
2026-05-19 03:53:00,3.1757,3.1757,3.1737,3.1737,3.1807,3.1807,3.1787,3.1787,4
2026-05-19 03:54:00,3.1747,3.1752,3.1747,3.1752,3.1797,3.1802,3.1797,3.1802,2
2026-05-19 03:55:00,3.1747,3.1747,3.1737,3.1737,3.1797,3.1797,3.1787,3.1787,7
2026-05-19 03:56:00,3.1747,3.1747,3.1742,3.1742,3.1797,3.1797,3.1792,3.1792,2
2026-05-19 03:57:00,3.1747,3.1747,3.1742,3.1742,3.1797,3.1797,3.1792,3.1792,2
2026-05-19 03:58:00,3.1737,3.1742,3.1737,3.1737,3.1787,3.1792,3.1787,3.1787,7
2026-05-19 03:59:00,3.1727,3.1742,3.1727,3.1742,3.1777,3.1792,3.1777,3.1792,4
2026-05-19 04:00:00,3.1747,3.1762,3.1747,3.1762,3.1797,3.1812,3.1797,3.1812,3
2026-05-19 04:01:00,3.1767,3.1767,3.1747,3.1752,3.1817,3.1817,3.1797,3.1802,7
2026-05-19 04:02:00,3.1757,3.1757,3.1747,3.1747,3.1807,3.1807,3.1797,3.1797,4
2026-05-19 04:03:00,3.1757,3.1757,3.1757,3.1757,3.1807,3.1807,3.1807,3.1807,1
2026-05-19 04:04:00,3.1752,3.1752,3.1747,3.1752,3.1802,3.1802,3.1797,3.1802,3
2026-05-19 04:06:00,3.1757,3.1757,3.1727,3.1727,3.1807,3.1807,3.1777,3.1777,6
2026-05-19 04:07:00,3.1732,3.1737,3.1727,3.1737,3.1782,3.1787,3.1777,3.1787,4
2026-05-19 04:08:00,3.1747,3.1757,3.1747,3.1757,3.1797,3.1807,3.1797,3.1807,4
2026-05-19 04:15:00,3.1767,3.1767,3.1747,3.1747,3.1817,3.1817,3.1797,3.1797,6
2026-05-19 04:16:00,3.1752,3.1752,3.1752,3.1752,3.1802,3.1802,3.1802,3.1802,1
2026-05-19 04:19:00,3.1747,3.1747,3.1747,3.1747,3.1797,3.1797,3.1797,3.1797,1
2026-05-19 04:20:00,3.1742,3.1742,3.1737,3.1737,3.1792,3.1792,3.1787,3.1787,2
2026-05-19 04:22:00,3.1727,3.1727,3.1722,3.1722,3.1777,3.1777,3.1772,3.1772,2
2026-05-19 04:23:00,3.1727,3.1727,3.1727,3.1727,3.1777,3.1777,3.1777,3.1777,1
2026-05-19 04:26:00,3.1717,3.1722,3.1717,3.1717,3.1767,3.1772,3.1767,3.1767,3
2026-05-19 04:29:00,3.1722,3.1727,3.1722,3.1727,3.1772,3.1777,3.1772,3.1777,2
2026-05-19 04:31:00,3.1737,3.1737,3.1727,3.1737,3.1787,3.1787,3.1777,3.1787,4
2026-05-19 04:33:00,3.1727,3.1732,3.1727,3.1732,3.1777,3.1782,3.1777,3.1782,2
2026-05-19 04:34:00,3.1727,3.1737,3.1727,3.1737,3.1777,3.1787,3.1777,3.1787,4
2026-05-19 04:36:00,3.1747,3.1752,3.1747,3.1747,3.1797,3.1802,3.1797,3.1797,3
2026-05-19 04:37:00,3.1737,3.1747,3.1737,3.1747,3.1787,3.1797,3.1787,3.1797,4
2026-05-19 04:39:00,3.1752,3.1752,3.1752,3.1752,3.1802,3.1802,3.1802,3.1802,1
2026-05-19 04:40:00,3.1757,3.1757,3.1757,3.1757,3.1807,3.1807,3.1807,3.1807,1
2026-05-19 04:41:00,3.1747,3.1747,3.1747,3.1747,3.1797,3.1797,3.1797,3.1797,1
2026-05-19 04:42:00,3.1742,3.1742,3.1742,3.1742,3.1792,3.1792,3.1792,3.1792,1
2026-05-19 04:43:00,3.1747,3.1757,3.1742,3.1742,3.1797,3.1807,3.1792,3.1792,4
2026-05-19 04:47:00,3.1747,3.1747,3.1747,3.1747,3.1797,3.1797,3.1797,3.1797,1
2026-05-19 04:48:00,3.1752,3.1757,3.1752,3.1752,3.1802,3.1807,3.1802,3.1802,3
2026-05-19 04:50:00,3.1747,3.1757,3.1747,3.1757,3.1797,3.1807,3.1797,3.1807,2
2026-05-19 04:51:00,3.1762,3.1777,3.1762,3.1772,3.1812,3.1827,3.1812,3.1822,4
2026-05-19 04:54:00,3.1777,3.1777,3.1777,3.1777,3.1827,3.1827,3.1827,3.1827,1
2026-05-19 04:55:00,3.1767,3.1767,3.1767,3.1767,3.1817,3.1817,3.1817,3.1817,1
2026-05-19 04:57:00,3.1762,3.1767,3.1762,3.1762,3.1812,3.1817,3.1812,3.1812,5
2026-05-19 05:00:00,3.1767,3.1777,3.1767,3.1767,3.1817,3.1827,3.1817,3.1817,3
2026-05-19 05:03:00,3.1772,3.1777,3.1772,3.1777,3.1822,3.1827,3.1822,3.1827,2
2026-05-19 05:05:00,3.1772,3.1777,3.1772,3.1777,3.1822,3.1827,3.1822,3.1827,2
2026-05-19 05:06:00,3.1772,3.1777,3.1772,3.1777,3.1822,3.1827,3.1822,3.1827,4
2026-05-19 05:08:00,3.1782,3.1782,3.1777,3.1782,3.1832,3.1832,3.1827,3.1832,3
2026-05-19 05:10:00,3.1767,3.1767,3.1757,3.1757,3.1817,3.1817,3.1807,3.1807,2
2026-05-19 05:12:00,3.1747,3.1747,3.1747,3.1747,3.1797,3.1797,3.1797,3.1797,1
2026-05-19 05:13:00,3.1752,3.1757,3.1752,3.1757,3.1802,3.1807,3.1802,3.1807,2
2026-05-19 05:15:00,3.1762,3.1767,3.1762,3.1767,3.1812,3.1817,3.1812,3.1817,2
2026-05-19 05:18:00,3.1777,3.1777,3.1767,3.1767,3.1827,3.1827,3.1817,3.1817,2
2026-05-19 05:20:00,3.1762,3.1767,3.1757,3.1762,3.1812,3.1817,3.1807,3.1812,7
2026-05-19 05:21:00,3.1767,3.1767,3.1762,3.1762,3.1817,3.1817,3.1812,3.1812,4
2026-05-19 05:22:00,3.1767,3.1767,3.1757,3.1757,3.1817,3.1817,3.1807,3.1807,3
2026-05-19 05:23:00,3.1752,3.1752,3.1752,3.1752,3.1802,3.1802,3.1802,3.1802,1
2026-05-19 05:25:00,3.1747,3.1747,3.1747,3.1747,3.1797,3.1797,3.1797,3.1797,1
2026-05-19 05:28:00,3.1757,3.1757,3.1737,3.1742,3.1807,3.1807,3.1787,3.1792,4
2026-05-19 05:29:00,3.1747,3.1757,3.1747,3.1757,3.1797,3.1807,3.1797,3.1807,2
2026-05-19 05:30:00,3.1762,3.1817,3.1757,3.1797,3.1812,3.1867,3.1807,3.1847,16
2026-05-19 05:31:00,3.1807,3.1807,3.1727,3.1747,3.1857,3.1857,3.1777,3.1797,19
2026-05-19 05:32:00,3.1737,3.1737,3.1707,3.1717,3.1787,3.1787,3.1757,3.1767,8
2026-05-19 05:33:00,3.1707,3.1712,3.1707,3.1712,3.1757,3.1762,3.1757,3.1762,4
2026-05-19 05:34:00,3.1717,3.1717,3.1707,3.1707,3.1767,3.1767,3.1757,3.1757,2
2026-05-19 05:36:00,3.1697,3.1697,3.1677,3.1677,3.1747,3.1747,3.1727,3.1727,11
2026-05-19 05:37:00,3.1687,3.1707,3.1687,3.1707,3.1737,3.1757,3.1737,3.1757,8
2026-05-19 05:38:00,3.1697,3.1707,3.1697,3.1707,3.1747,3.1757,3.1747,3.1757,3
2026-05-19 05:39:00,3.1712,3.1712,3.1687,3.1707,3.1762,3.1762,3.1737,3.1757,6
2026-05-19 05:40:00,3.1697,3.1697,3.1687,3.1697,3.1747,3.1747,3.1737,3.1747,6
2026-05-19 05:41:00,3.1707,3.1717,3.1707,3.1717,3.1757,3.1767,3.1757,3.1767,4
2026-05-19 05:43:00,3.1727,3.1747,3.1727,3.1727,3.1777,3.1797,3.1777,3.1777,9
2026-05-19 05:45:00,3.1732,3.1732,3.1727,3.1727,3.1782,3.1782,3.1777,3.1777,2
2026-05-19 05:49:00,3.1732,3.1732,3.1727,3.1727,3.1782,3.1782,3.1777,3.1777,2
2026-05-19 05:50:00,3.1737,3.1737,3.1727,3.1737,3.1787,3.1787,3.1777,3.1787,3
2026-05-19 05:51:00,3.1732,3.1737,3.1732,3.1737,3.1782,3.1787,3.1782,3.1787,2
2026-05-19 05:52:00,3.1742,3.1747,3.1742,3.1747,3.1792,3.1797,3.1792,3.1797,2
2026-05-19 05:53:00,3.1737,3.1737,3.1727,3.1732,3.1787,3.1787,3.1777,3.1782,3
2026-05-19 05:54:00,3.1737,3.1737,3.1732,3.1737,3.1787,3.1787,3.1782,3.1787,3
2026-05-19 05:55:00,3.1727,3.1727,3.1727,3.1727,3.1777,3.1777,3.1777,3.1777,1
2026-05-19 05:56:00,3.1737,3.1737,3.1737,3.1737,3.1787,3.1787,3.1787,3.1787,1
2026-05-19 06:00:00,3.1747,3.1747,3.1737,3.1737,3.1797,3.1797,3.1787,3.1787,2
2026-05-19 06:01:00,3.1732,3.1732,3.1732,3.1732,3.1782,3.1782,3.1782,3.1782,1
2026-05-19 06:03:00,3.1727,3.1727,3.1727,3.1727,3.1777,3.1777,3.1777,3.1777,1
2026-05-19 06:04:00,3.1732,3.1732,3.1727,3.1727,3.1782,3.1782,3.1777,3.1777,2
2026-05-19 06:05:00,3.1732,3.1732,3.1732,3.1732,3.1782,3.1782,3.1782,3.1782,1
2026-05-19 06:06:00,3.1727,3.1727,3.1727,3.1727,3.1777,3.1777,3.1777,3.1777,1
2026-05-19 06:08:00,3.1717,3.1717,3.1717,3.1717,3.1767,3.1767,3.1767,3.1767,1
2026-05-19 06:09:00,3.1707,3.1717,3.1667,3.1667,3.1757,3.1767,3.1717,3.1717,7
2026-05-19 06:10:00,3.1657,3.1667,3.1637,3.1667,3.1707,3.1717,3.1687,3.1717,9
2026-05-19 06:11:00,3.1657,3.1667,3.1657,3.1657,3.1707,3.1717,3.1707,3.1707,3
2026-05-19 06:12:00,3.1647,3.1647,3.1617,3.1627,3.1697,3.1697,3.1667,3.1677,16
2026-05-19 06:13:00,3.1637,3.1637,3.1632,3.1637,3.1687,3.1687,3.1682,3.1687,3
2026-05-19 06:14:00,3.1632,3.1632,3.1627,3.1627,3.1682,3.1682,3.1677,3.1677,6
2026-05-19 06:15:00,3.1632,3.1657,3.1627,3.1647,3.1682,3.1707,3.1677,3.1697,8
2026-05-19 06:17:00,3.1657,3.1697,3.1657,3.1692,3.1707,3.1747,3.1707,3.1742,8
2026-05-19 06:18:00,3.1687,3.1692,3.1687,3.1687,3.1737,3.1742,3.1737,3.1737,3
2026-05-19 06:21:00,3.1677,3.1687,3.1677,3.1687,3.1727,3.1737,3.1727,3.1737,3
2026-05-19 06:22:00,3.1707,3.1707,3.1677,3.1707,3.1757,3.1757,3.1727,3.1757,10
2026-05-19 06:24:00,3.1712,3.1717,3.1712,3.1717,3.1762,3.1767,3.1762,3.1767,2
2026-05-19 06:25:00,3.1712,3.1712,3.1712,3.1712,3.1762,3.1762,3.1762,3.1762,1
2026-05-19 06:26:00,3.1717,3.1717,3.1697,3.1717,3.1767,3.1767,3.1747,3.1767,5
2026-05-19 06:29:00,3.1712,3.1712,3.1707,3.1712,3.1762,3.1762,3.1757,3.1762,3
2026-05-19 06:31:00,3.1707,3.1707,3.1697,3.1697,3.1757,3.1757,3.1747,3.1747,3
2026-05-19 06:33:00,3.1707,3.1707,3.1707,3.1707,3.1757,3.1757,3.1757,3.1757,1
2026-05-19 06:34:00,3.1717,3.1717,3.1707,3.1707,3.1767,3.1767,3.1757,3.1757,2
2026-05-19 06:35:00,3.1702,3.1717,3.1697,3.1697,3.1752,3.1767,3.1747,3.1747,7
2026-05-19 06:37:00,3.1702,3.1702,3.1702,3.1702,3.1752,3.1752,3.1752,3.1752,1
2026-05-19 06:38:00,3.1707,3.1707,3.1702,3.1707,3.1757,3.1757,3.1752,3.1757,5
2026-05-19 06:39:00,3.1702,3.1707,3.1702,3.1707,3.1752,3.1757,3.1752,3.1757,2
2026-05-19 06:40:00,3.1702,3.1702,3.1702,3.1702,3.1752,3.1752,3.1752,3.1752,1
2026-05-19 06:41:00,3.1697,3.1702,3.1697,3.1702,3.1747,3.1752,3.1747,3.1752,2
2026-05-19 06:42:00,3.1707,3.1707,3.1702,3.1702,3.1757,3.1757,3.1752,3.1752,4
2026-05-19 06:43:00,3.1707,3.1737,3.1707,3.1737,3.1757,3.1787,3.1757,3.1787,6
2026-05-19 06:44:00,3.1742,3.1752,3.1737,3.1737,3.1792,3.1802,3.1787,3.1787,6
2026-05-19 06:45:00,3.1742,3.1747,3.1742,3.1747,3.1792,3.1797,3.1792,3.1797,2
2026-05-19 06:47:00,3.1742,3.1742,3.1742,3.1742,3.1792,3.1792,3.1792,3.1792,1
2026-05-19 06:48:00,3.1737,3.1737,3.1737,3.1737,3.1787,3.1787,3.1787,3.1787,1
2026-05-19 06:51:00,3.1727,3.1727,3.1717,3.1717,3.1777,3.1777,3.1767,3.1767,2
2026-05-19 06:52:00,3.1722,3.1722,3.1722,3.1722,3.1772,3.1772,3.1772,3.1772,1
2026-05-19 06:53:00,3.1717,3.1717,3.1717,3.1717,3.1767,3.1767,3.1767,3.1767,1
2026-05-19 06:56:00,3.1712,3.1712,3.1687,3.1697,3.1762,3.1762,3.1737,3.1747,9
2026-05-19 06:57:00,3.1692,3.1707,3.1687,3.1707,3.1742,3.1757,3.1737,3.1757,5
2026-05-19 06:58:00,3.1702,3.1712,3.1697,3.1697,3.1752,3.1762,3.1747,3.1747,5
2026-05-19 07:00:00,3.1702,3.1712,3.1702,3.1707,3.1752,3.1762,3.1752,3.1757,4
2026-05-19 07:01:00,3.1712,3.1717,3.1707,3.1717,3.1762,3.1767,3.1757,3.1767,4
2026-05-19 07:05:00,3.1707,3.1707,3.1697,3.1697,3.1757,3.1757,3.1747,3.1747,10
2026-05-19 07:07:00,3.1707,3.1717,3.1707,3.1717,3.1757,3.1767,3.1757,3.1767,3
2026-05-19 07:08:00,3.1707,3.1707,3.1707,3.1707,3.1757,3.1757,3.1757,3.1757,1
2026-05-19 07:09:00,3.1712,3.1727,3.1712,3.1727,3.1762,3.1777,3.1762,3.1777,3
2026-05-19 07:10:00,3.1722,3.1727,3.1722,3.1722,3.1772,3.1777,3.1772,3.1772,3
2026-05-19 07:11:00,3.1727,3.1742,3.1697,3.1697,3.1777,3.1792,3.1747,3.1747,12
2026-05-19 07:12:00,3.1707,3.1707,3.1702,3.1702,3.1757,3.1757,3.1752,3.1752,2
2026-05-19 07:15:00,3.1697,3.1707,3.1697,3.1702,3.1747,3.1757,3.1747,3.1752,3
2026-05-19 07:16:00,3.1707,3.1707,3.1707,3.1707,3.1757,3.1757,3.1757,3.1757,1
2026-05-19 07:17:00,3.1702,3.1722,3.1697,3.1717,3.1752,3.1772,3.1747,3.1767,7
2026-05-19 07:18:00,3.1712,3.1712,3.1707,3.1707,3.1762,3.1762,3.1757,3.1757,2
2026-05-19 07:19:00,3.1702,3.1707,3.1702,3.1702,3.1752,3.1757,3.1752,3.1752,3
2026-05-19 07:20:00,3.1707,3.1707,3.1707,3.1707,3.1757,3.1757,3.1757,3.1757,1
2026-05-19 07:21:00,3.1712,3.1722,3.1712,3.1717,3.1762,3.1772,3.1762,3.1767,4
2026-05-19 07:22:00,3.1722,3.1727,3.1712,3.1712,3.1772,3.1777,3.1762,3.1762,12
2026-05-19 07:23:00,3.1717,3.1727,3.1712,3.1717,3.1767,3.1777,3.1762,3.1767,9
2026-05-19 07:24:00,3.1722,3.1722,3.1707,3.1717,3.1772,3.1772,3.1757,3.1767,6
2026-05-19 07:25:00,3.1727,3.1727,3.1722,3.1722,3.1777,3.1777,3.1772,3.1772,2
2026-05-19 07:26:00,3.1717,3.1717,3.1712,3.1717,3.1767,3.1767,3.1762,3.1767,5
2026-05-19 07:27:00,3.1712,3.1717,3.1712,3.1717,3.1762,3.1767,3.1762,3.1767,2
2026-05-19 07:29:00,3.1712,3.1717,3.1712,3.1712,3.1762,3.1767,3.1762,3.1762,3
2026-05-19 07:30:00,3.1717,3.1727,3.1712,3.1717,3.1767,3.1777,3.1762,3.1767,7
2026-05-19 07:31:00,3.1712,3.1717,3.1707,3.1707,3.1762,3.1767,3.1757,3.1757,8
2026-05-19 07:32:00,3.1717,3.1717,3.1707,3.1707,3.1767,3.1767,3.1757,3.1757,3
2026-05-19 07:33:00,3.1717,3.1717,3.1712,3.1717,3.1767,3.1767,3.1762,3.1767,3
2026-05-19 07:34:00,3.1722,3.1727,3.1722,3.1727,3.1772,3.1777,3.1772,3.1777,2
2026-05-19 07:35:00,3.1732,3.1732,3.1717,3.1717,3.1782,3.1782,3.1767,3.1767,3
2026-05-19 07:36:00,3.1712,3.1712,3.1707,3.1707,3.1762,3.1762,3.1757,3.1757,2
2026-05-19 07:37:00,3.1702,3.1707,3.1702,3.1702,3.1752,3.1757,3.1752,3.1752,3
2026-05-19 07:38:00,3.1707,3.1707,3.1702,3.1707,3.1757,3.1757,3.1752,3.1757,3
2026-05-19 07:39:00,3.1717,3.1717,3.1712,3.1717,3.1767,3.1767,3.1762,3.1767,3
2026-05-19 07:42:00,3.1707,3.1712,3.1707,3.1712,3.1757,3.1762,3.1757,3.1762,2
2026-05-19 07:46:00,3.1707,3.1717,3.1707,3.1712,3.1757,3.1767,3.1757,3.1762,4
2026-05-19 07:49:00,3.1707,3.1717,3.1707,3.1717,3.1757,3.1767,3.1757,3.1767,2
2026-05-19 07:50:00,3.1707,3.1707,3.1707,3.1707,3.1757,3.1757,3.1757,3.1757,1
2026-05-19 07:51:00,3.1712,3.1717,3.1712,3.1717,3.1762,3.1767,3.1762,3.1767,2
2026-05-19 07:52:00,3.1707,3.1712,3.1707,3.1712,3.1757,3.1762,3.1757,3.1762,4
2026-05-19 07:54:00,3.1707,3.1707,3.1707,3.1707,3.1757,3.1757,3.1757,3.1757,1
2026-05-19 07:55:00,3.1712,3.1712,3.1707,3.1707,3.1762,3.1762,3.1757,3.1757,4
2026-05-19 07:56:00,3.1717,3.1717,3.1712,3.1712,3.1767,3.1767,3.1762,3.1762,4
2026-05-19 07:57:00,3.1707,3.1712,3.1707,3.1712,3.1757,3.1762,3.1757,3.1762,2
2026-05-19 07:58:00,3.1717,3.1717,3.1712,3.1712,3.1767,3.1767,3.1762,3.1762,4
2026-05-19 08:00:00,3.1717,3.1727,3.1687,3.1717,3.1767,3.1777,3.1737,3.1767,18
2026-05-19 08:01:00,3.1722,3.1757,3.1717,3.1717,3.1772,3.1807,3.1767,3.1767,18
2026-05-19 08:02:00,3.1712,3.1712,3.1712,3.1712,3.1762,3.1762,3.1762,3.1762,1
2026-05-19 08:03:00,3.1717,3.1727,3.1717,3.1717,3.1767,3.1777,3.1767,3.1767,7
2026-05-19 08:04:00,3.1722,3.1722,3.1712,3.1712,3.1772,3.1772,3.1762,3.1762,3
2026-05-19 08:05:00,3.1717,3.1717,3.1717,3.1717,3.1767,3.1767,3.1767,3.1767,1
2026-05-19 08:06:00,3.1707,3.1712,3.1707,3.1712,3.1757,3.1762,3.1757,3.1762,4
2026-05-19 08:07:00,3.1717,3.1717,3.1712,3.1712,3.1767,3.1767,3.1762,3.1762,2
2026-05-19 08:08:00,3.1717,3.1717,3.1712,3.1712,3.1767,3.1767,3.1762,3.1762,2
2026-05-19 08:09:00,3.1717,3.1717,3.1707,3.1707,3.1767,3.1767,3.1757,3.1757,3
2026-05-19 08:10:00,3.1697,3.1707,3.1692,3.1692,3.1747,3.1757,3.1742,3.1742,7
2026-05-19 08:11:00,3.1687,3.1697,3.1677,3.1692,3.1737,3.1747,3.1727,3.1742,8
2026-05-19 08:12:00,3.1687,3.1692,3.1687,3.1692,3.1737,3.1742,3.1737,3.1742,2
2026-05-19 08:13:00,3.1702,3.1702,3.1702,3.1702,3.1752,3.1752,3.1752,3.1752,1
2026-05-19 08:14:00,3.1697,3.1697,3.1692,3.1692,3.1747,3.1747,3.1742,3.1742,4
2026-05-19 08:15:00,3.1687,3.1692,3.1687,3.1692,3.1737,3.1742,3.1737,3.1742,2
2026-05-19 08:16:00,3.1707,3.1717,3.1702,3.1702,3.1757,3.1767,3.1752,3.1752,9
2026-05-19 08:17:00,3.1697,3.1697,3.1697,3.1697,3.1747,3.1747,3.1747,3.1747,1
2026-05-19 08:18:00,3.1702,3.1712,3.1697,3.1712,3.1752,3.1762,3.1747,3.1762,5
2026-05-19 08:19:00,3.1702,3.1702,3.1702,3.1702,3.1752,3.1752,3.1752,3.1752,1
2026-05-19 08:20:00,3.1707,3.1712,3.1702,3.1707,3.1757,3.1762,3.1752,3.1757,5
2026-05-19 08:21:00,3.1702,3.1707,3.1697,3.1697,3.1752,3.1757,3.1747,3.1747,4
2026-05-19 08:22:00,3.1702,3.1717,3.1702,3.1707,3.1752,3.1767,3.1752,3.1757,4
2026-05-19 08:24:00,3.1697,3.1707,3.1697,3.1697,3.1747,3.1757,3.1747,3.1747,3
2026-05-19 08:25:00,3.1707,3.1707,3.1707,3.1707,3.1757,3.1757,3.1757,3.1757,1
2026-05-19 08:26:00,3.1717,3.1717,3.1702,3.1702,3.1767,3.1767,3.1752,3.1752,3
2026-05-19 08:27:00,3.1707,3.1707,3.1707,3.1707,3.1757,3.1757,3.1757,3.1757,1
2026-05-19 08:28:00,3.1712,3.1717,3.1712,3.1717,3.1762,3.1767,3.1762,3.1767,2
2026-05-19 08:30:00,3.1727,3.1747,3.1702,3.1707,3.1777,3.1797,3.1752,3.1757,16
2026-05-19 08:31:00,3.1702,3.1712,3.1702,3.1712,3.1752,3.1762,3.1752,3.1762,5
2026-05-19 08:32:00,3.1717,3.1717,3.1697,3.1702,3.1767,3.1767,3.1747,3.1752,6
2026-05-19 08:33:00,3.1697,3.1702,3.1677,3.1677,3.1747,3.1752,3.1727,3.1727,7
2026-05-19 08:34:00,3.1667,3.1677,3.1657,3.1677,3.1717,3.1727,3.1707,3.1727,5
2026-05-19 08:35:00,3.1672,3.1692,3.1672,3.1687,3.1722,3.1742,3.1722,3.1737,5
2026-05-19 08:36:00,3.1677,3.1677,3.1667,3.1667,3.1727,3.1727,3.1717,3.1717,6
2026-05-19 08:37:00,3.1657,3.1657,3.1657,3.1657,3.1707,3.1707,3.1707,3.1707,1
2026-05-19 08:38:00,3.1652,3.1657,3.1647,3.1657,3.1702,3.1707,3.1697,3.1707,8
2026-05-19 08:39:00,3.1647,3.1657,3.1647,3.1652,3.1697,3.1707,3.1697,3.1702,4
2026-05-19 08:40:00,3.1647,3.1647,3.1637,3.1637,3.1697,3.1697,3.1687,3.1687,3
2026-05-19 08:41:00,3.1647,3.1667,3.1647,3.1657,3.1697,3.1717,3.1697,3.1707,7
2026-05-19 08:42:00,3.1662,3.1687,3.1657,3.1687,3.1712,3.1737,3.1707,3.1737,10
2026-05-19 08:43:00,3.1682,3.1682,3.1652,3.1677,3.1732,3.1732,3.1702,3.1727,13
2026-05-19 08:44:00,3.1682,3.1687,3.1677,3.1682,3.1732,3.1737,3.1727,3.1732,6
2026-05-19 08:45:00,3.1687,3.1687,3.1677,3.1677,3.1737,3.1737,3.1727,3.1727,3
2026-05-19 08:46:00,3.1687,3.1697,3.1687,3.1692,3.1737,3.1747,3.1737,3.1742,7
2026-05-19 08:47:00,3.1687,3.1687,3.1657,3.1657,3.1737,3.1737,3.1707,3.1707,4
2026-05-19 08:48:00,3.1667,3.1667,3.1657,3.1662,3.1717,3.1717,3.1707,3.1712,4
2026-05-19 08:50:00,3.1657,3.1657,3.1647,3.1647,3.1707,3.1707,3.1697,3.1697,4
2026-05-19 08:51:00,3.1652,3.1657,3.1647,3.1652,3.1702,3.1707,3.1697,3.1702,9
2026-05-19 08:52:00,3.1647,3.1657,3.1627,3.1647,3.1697,3.1707,3.1677,3.1697,12
2026-05-19 08:53:00,3.1652,3.1677,3.1652,3.1677,3.1702,3.1727,3.1702,3.1727,4
2026-05-19 08:54:00,3.1667,3.1677,3.1667,3.1672,3.1717,3.1727,3.1717,3.1722,8
2026-05-19 08:55:00,3.1677,3.1677,3.1662,3.1662,3.1727,3.1727,3.1712,3.1712,8
2026-05-19 08:56:00,3.1652,3.1657,3.1567,3.1577,3.1702,3.1707,3.1617,3.1627,38
2026-05-19 08:57:00,3.1587,3.1607,3.1587,3.1602,3.1637,3.1657,3.1637,3.1652,14
2026-05-19 08:58:00,3.1607,3.1612,3.1597,3.1607,3.1657,3.1662,3.1647,3.1657,10
2026-05-19 08:59:00,3.1602,3.1612,3.1602,3.1612,3.1652,3.1662,3.1652,3.1662,4
2026-05-19 09:00:00,3.1617,3.1687,3.1572,3.1682,3.1667,3.1737,3.1622,3.1732,39
2026-05-19 09:01:00,3.1687,3.1697,3.1667,3.1677,3.1737,3.1747,3.1717,3.1727,14
2026-05-19 09:03:00,3.1687,3.1697,3.1637,3.1657,3.1737,3.1747,3.1687,3.1707,17
2026-05-19 09:04:00,3.1652,3.1657,3.1637,3.1647,3.1702,3.1707,3.1687,3.1697,11
2026-05-19 09:05:00,3.1642,3.1672,3.1642,3.1647,3.1692,3.1722,3.1692,3.1697,10
2026-05-19 09:06:00,3.1652,3.1657,3.1637,3.1647,3.1702,3.1707,3.1687,3.1697,13
2026-05-19 09:07:00,3.1652,3.1682,3.1652,3.1657,3.1702,3.1732,3.1702,3.1707,8
2026-05-19 09:08:00,3.1652,3.1652,3.1637,3.1647,3.1702,3.1702,3.1687,3.1697,5
2026-05-19 09:09:00,3.1652,3.1657,3.1637,3.1637,3.1702,3.1707,3.1687,3.1687,13
2026-05-19 09:10:00,3.1642,3.1677,3.1642,3.1657,3.1692,3.1727,3.1692,3.1707,15
2026-05-19 09:11:00,3.1662,3.1667,3.1662,3.1667,3.1712,3.1717,3.1712,3.1717,2
2026-05-19 09:12:00,3.1657,3.1667,3.1647,3.1657,3.1707,3.1717,3.1697,3.1707,10
2026-05-19 09:13:00,3.1667,3.1667,3.1652,3.1657,3.1717,3.1717,3.1702,3.1707,4
2026-05-19 09:15:00,3.1667,3.1687,3.1637,3.1657,3.1717,3.1737,3.1687,3.1707,14
2026-05-19 09:16:00,3.1652,3.1677,3.1652,3.1672,3.1702,3.1727,3.1702,3.1722,11
2026-05-19 09:17:00,3.1677,3.1697,3.1667,3.1682,3.1727,3.1747,3.1717,3.1732,24
2026-05-19 09:18:00,3.1667,3.1667,3.1657,3.1657,3.1717,3.1717,3.1707,3.1707,8
2026-05-19 09:19:00,3.1652,3.1672,3.1652,3.1667,3.1702,3.1722,3.1702,3.1717,10
2026-05-19 09:20:00,3.1672,3.1682,3.1672,3.1677,3.1722,3.1732,3.1722,3.1727,10
2026-05-19 09:24:00,3.1682,3.1682,3.1677,3.1677,3.1732,3.1732,3.1727,3.1727,2
2026-05-19 09:25:00,3.1682,3.1687,3.1677,3.1677,3.1732,3.1737,3.1727,3.1727,5
2026-05-19 09:28:00,3.1687,3.1687,3.1657,3.1657,3.1737,3.1737,3.1707,3.1707,11
2026-05-19 09:29:00,3.1647,3.1662,3.1647,3.1657,3.1697,3.1712,3.1697,3.1707,5
2026-05-19 09:30:00,3.1662,3.1682,3.1662,3.1677,3.1712,3.1732,3.1712,3.1727,7
2026-05-19 09:31:00,3.1672,3.1672,3.1667,3.1667,3.1722,3.1722,3.1717,3.1717,2
2026-05-19 09:32:00,3.1672,3.1682,3.1667,3.1682,3.1722,3.1732,3.1717,3.1732,9
2026-05-19 09:34:00,3.1692,3.1697,3.1687,3.1687,3.1742,3.1747,3.1737,3.1737,3
2026-05-19 09:36:00,3.1697,3.1707,3.1697,3.1697,3.1747,3.1757,3.1747,3.1747,15
2026-05-19 09:37:00,3.1692,3.1692,3.1682,3.1682,3.1742,3.1742,3.1732,3.1732,5
2026-05-19 09:38:00,3.1687,3.1687,3.1687,3.1687,3.1737,3.1737,3.1737,3.1737,1
2026-05-19 09:41:00,3.1682,3.1687,3.1677,3.1682,3.1732,3.1737,3.1727,3.1732,4
2026-05-19 09:42:00,3.1687,3.1687,3.1677,3.1677,3.1737,3.1737,3.1727,3.1727,3
2026-05-19 09:43:00,3.1672,3.1677,3.1647,3.1657,3.1722,3.1727,3.1697,3.1707,10
2026-05-19 09:44:00,3.1662,3.1662,3.1657,3.1662,3.1712,3.1712,3.1707,3.1712,5
2026-05-19 09:45:00,3.1657,3.1657,3.1657,3.1657,3.1707,3.1707,3.1707,3.1707,1
2026-05-19 09:46:00,3.1662,3.1662,3.1657,3.1657,3.1712,3.1712,3.1707,3.1707,2
2026-05-19 09:47:00,3.1662,3.1662,3.1657,3.1662,3.1712,3.1712,3.1707,3.1712,5
2026-05-19 09:48:00,3.1657,3.1657,3.1637,3.1637,3.1707,3.1707,3.1687,3.1687,12
2026-05-19 09:49:00,3.1647,3.1667,3.1647,3.1667,3.1697,3.1717,3.1697,3.1717,18
2026-05-19 09:50:00,3.1662,3.1667,3.1657,3.1657,3.1712,3.1717,3.1707,3.1707,7
2026-05-19 09:51:00,3.1652,3.1667,3.1652,3.1662,3.1702,3.1717,3.1702,3.1712,4
2026-05-19 09:52:00,3.1657,3.1657,3.1657,3.1657,3.1707,3.1707,3.1707,3.1707,1
2026-05-19 09:53:00,3.1667,3.1677,3.1662,3.1677,3.1717,3.1727,3.1712,3.1727,6
2026-05-19 09:54:00,3.1672,3.1672,3.1672,3.1672,3.1722,3.1722,3.1722,3.1722,1
2026-05-19 09:55:00,3.1667,3.1667,3.1642,3.1647,3.1717,3.1717,3.1692,3.1697,8
2026-05-19 09:56:00,3.1652,3.1652,3.1647,3.1647,3.1702,3.1702,3.1697,3.1697,4
2026-05-19 09:57:00,3.1652,3.1652,3.1647,3.1652,3.1702,3.1702,3.1697,3.1702,3
2026-05-19 09:59:00,3.1647,3.1652,3.1647,3.1652,3.1697,3.1702,3.1697,3.1702,4
2026-05-19 10:00:00,3.1647,3.1662,3.1647,3.1657,3.1697,3.1712,3.1697,3.1707,4
2026-05-19 10:02:00,3.1662,3.1662,3.1647,3.1647,3.1712,3.1712,3.1697,3.1697,5
2026-05-19 10:03:00,3.1657,3.1667,3.1652,3.1657,3.1707,3.1717,3.1702,3.1707,12
2026-05-19 10:04:00,3.1662,3.1662,3.1657,3.1657,3.1712,3.1712,3.1707,3.1707,2
2026-05-19 10:05:00,3.1652,3.1662,3.1652,3.1662,3.1702,3.1712,3.1702,3.1712,3
2026-05-19 10:06:00,3.1657,3.1702,3.1657,3.1687,3.1707,3.1752,3.1707,3.1737,10
2026-05-19 10:07:00,3.1692,3.1697,3.1687,3.1687,3.1742,3.1747,3.1737,3.1737,4
2026-05-19 10:08:00,3.1692,3.1692,3.1687,3.1687,3.1742,3.1742,3.1737,3.1737,4
2026-05-19 10:09:00,3.1692,3.1697,3.1687,3.1687,3.1742,3.1747,3.1737,3.1737,3
2026-05-19 10:10:00,3.1677,3.1687,3.1677,3.1677,3.1727,3.1737,3.1727,3.1727,6
2026-05-19 10:11:00,3.1682,3.1692,3.1682,3.1687,3.1732,3.1742,3.1732,3.1737,6
2026-05-19 10:12:00,3.1692,3.1692,3.1687,3.1687,3.1742,3.1742,3.1737,3.1737,4
2026-05-19 10:13:00,3.1692,3.1707,3.1692,3.1702,3.1742,3.1757,3.1742,3.1752,4
2026-05-19 10:14:00,3.1697,3.1707,3.1697,3.1707,3.1747,3.1757,3.1747,3.1757,6
2026-05-19 10:15:00,3.1712,3.1712,3.1697,3.1697,3.1762,3.1762,3.1747,3.1747,3
2026-05-19 10:16:00,3.1692,3.1697,3.1692,3.1692,3.1742,3.1747,3.1742,3.1742,3
2026-05-19 10:17:00,3.1697,3.1697,3.1687,3.1697,3.1747,3.1747,3.1737,3.1747,5
2026-05-19 10:18:00,3.1692,3.1697,3.1687,3.1692,3.1742,3.1747,3.1737,3.1742,5
2026-05-19 10:19:00,3.1687,3.1697,3.1687,3.1697,3.1737,3.1747,3.1737,3.1747,3
2026-05-19 10:20:00,3.1702,3.1717,3.1702,3.1712,3.1752,3.1767,3.1752,3.1762,6
2026-05-19 10:21:00,3.1707,3.1722,3.1707,3.1722,3.1757,3.1772,3.1757,3.1772,4
2026-05-19 10:22:00,3.1727,3.1737,3.1717,3.1737,3.1777,3.1787,3.1767,3.1787,7
2026-05-19 10:23:00,3.1727,3.1772,3.1727,3.1767,3.1777,3.1822,3.1777,3.1817,7
2026-05-19 10:24:00,3.1777,3.1797,3.1777,3.1797,3.1827,3.1847,3.1827,3.1847,14
2026-05-19 10:25:00,3.1792,3.1797,3.1787,3.1787,3.1842,3.1847,3.1837,3.1837,4
2026-05-19 10:26:00,3.1797,3.1827,3.1797,3.1827,3.1847,3.1877,3.1847,3.1877,16
2026-05-19 10:27:00,3.1837,3.1847,3.1837,3.1847,3.1887,3.1897,3.1887,3.1897,7
2026-05-19 10:28:00,3.1852,3.1857,3.1817,3.1847,3.1902,3.1907,3.1867,3.1897,23
2026-05-19 10:29:00,3.1837,3.1852,3.1837,3.1847,3.1887,3.1902,3.1887,3.1897,7
2026-05-19 10:30:00,3.1842,3.1867,3.1842,3.1857,3.1892,3.1917,3.1892,3.1907,9
2026-05-19 10:31:00,3.1847,3.1867,3.1827,3.1867,3.1897,3.1917,3.1877,3.1917,19
2026-05-19 10:32:00,3.1857,3.1907,3.1852,3.1907,3.1907,3.1957,3.1902,3.1957,8
2026-05-19 10:33:00,3.1902,3.1902,3.1897,3.1897,3.1952,3.1952,3.1947,3.1947,4
2026-05-19 10:34:00,3.1887,3.1892,3.1887,3.1887,3.1937,3.1942,3.1937,3.1937,3
2026-05-19 10:35:00,3.1882,3.1917,3.1882,3.1887,3.1932,3.1967,3.1932,3.1937,24
2026-05-19 10:36:00,3.1892,3.1922,3.1857,3.1877,3.1942,3.1972,3.1907,3.1927,25
2026-05-19 10:37:00,3.1882,3.1907,3.1877,3.1897,3.1932,3.1957,3.1927,3.1947,14
2026-05-19 10:38:00,3.1907,3.1907,3.1897,3.1897,3.1957,3.1957,3.1947,3.1947,5
2026-05-19 10:39:00,3.1887,3.1902,3.1887,3.1897,3.1937,3.1952,3.1937,3.1947,7
2026-05-19 10:40:00,3.1902,3.1937,3.1887,3.1887,3.1952,3.1987,3.1937,3.1937,16
2026-05-19 10:41:00,3.1882,3.1882,3.1877,3.1877,3.1932,3.1932,3.1927,3.1927,2
2026-05-19 10:42:00,3.1887,3.1902,3.1887,3.1897,3.1937,3.1952,3.1937,3.1947,12
2026-05-19 10:44:00,3.1892,3.1897,3.1887,3.1892,3.1942,3.1947,3.1937,3.1942,5
2026-05-19 10:45:00,3.1887,3.1897,3.1857,3.1862,3.1937,3.1947,3.1907,3.1912,12
2026-05-19 10:46:00,3.1857,3.1867,3.1857,3.1867,3.1907,3.1917,3.1907,3.1917,13
2026-05-19 10:47:00,3.1862,3.1862,3.1837,3.1837,3.1912,3.1912,3.1887,3.1887,14
2026-05-19 10:48:00,3.1842,3.1847,3.1827,3.1842,3.1892,3.1897,3.1877,3.1892,10
2026-05-19 10:49:00,3.1847,3.1857,3.1847,3.1847,3.1897,3.1907,3.1897,3.1897,4
2026-05-19 10:50:00,3.1867,3.1887,3.1867,3.1877,3.1917,3.1937,3.1917,3.1927,16
2026-05-19 10:51:00,3.1872,3.1877,3.1867,3.1872,3.1922,3.1927,3.1917,3.1922,12
2026-05-19 10:52:00,3.1877,3.1887,3.1877,3.1887,3.1927,3.1937,3.1927,3.1937,7
2026-05-19 10:53:00,3.1877,3.1877,3.1867,3.1867,3.1927,3.1927,3.1917,3.1917,9
2026-05-19 10:54:00,3.1857,3.1897,3.1857,3.1897,3.1907,3.1947,3.1907,3.1947,14
2026-05-19 10:55:00,3.1892,3.1897,3.1877,3.1882,3.1942,3.1947,3.1927,3.1932,15
2026-05-19 10:56:00,3.1877,3.1897,3.1877,3.1897,3.1927,3.1947,3.1927,3.1947,13
2026-05-19 10:57:00,3.1892,3.1932,3.1877,3.1927,3.1942,3.1982,3.1927,3.1977,24
2026-05-19 10:58:00,3.1937,3.1977,3.1937,3.1967,3.1987,3.2027,3.1987,3.2017,17
2026-05-19 10:59:00,3.1977,3.1992,3.1967,3.1982,3.2027,3.2042,3.2017,3.2032,10
2026-05-19 11:00:00,3.1987,3.2007,3.1977,3.1982,3.2037,3.2057,3.2027,3.2032,26
2026-05-19 11:01:00,3.1987,3.2017,3.1987,3.2007,3.2037,3.2067,3.2037,3.2057,12
2026-05-19 11:02:00,3.1997,3.2017,3.1997,3.2017,3.2047,3.2067,3.2047,3.2067,13
2026-05-19 11:03:00,3.2027,3.2047,3.2007,3.2032,3.2077,3.2097,3.2057,3.2082,18
2026-05-19 11:04:00,3.2037,3.2037,3.2017,3.2027,3.2087,3.2087,3.2067,3.2077,12
2026-05-19 11:05:00,3.2022,3.2047,3.2022,3.2047,3.2072,3.2097,3.2072,3.2097,18
2026-05-19 11:06:00,3.2057,3.2067,3.2057,3.2057,3.2107,3.2117,3.2107,3.2107,9
2026-05-19 11:07:00,3.2047,3.2047,3.2017,3.2027,3.2097,3.2097,3.2067,3.2077,11
2026-05-19 11:08:00,3.2032,3.2042,3.2027,3.2037,3.2082,3.2092,3.2077,3.2087,16
2026-05-19 11:09:00,3.2042,3.2052,3.2037,3.2037,3.2092,3.2102,3.2087,3.2087,11
2026-05-19 11:10:00,3.2047,3.2057,3.2027,3.2047,3.2097,3.2107,3.2077,3.2097,14
2026-05-19 11:11:00,3.2052,3.2052,3.2037,3.2037,3.2102,3.2102,3.2087,3.2087,8
2026-05-19 11:12:00,3.2047,3.2047,3.2037,3.2047,3.2097,3.2097,3.2087,3.2097,4
2026-05-19 11:13:00,3.2057,3.2067,3.2052,3.2057,3.2107,3.2117,3.2102,3.2107,8
2026-05-19 11:14:00,3.2062,3.2062,3.2057,3.2062,3.2112,3.2112,3.2107,3.2112,3
2026-05-19 11:15:00,3.2057,3.2077,3.2057,3.2072,3.2107,3.2127,3.2107,3.2122,7
2026-05-19 11:16:00,3.2067,3.2067,3.2047,3.2047,3.2117,3.2117,3.2097,3.2097,10
2026-05-19 11:17:00,3.2052,3.2062,3.2047,3.2057,3.2102,3.2112,3.2097,3.2107,7
2026-05-19 11:18:00,3.2062,3.2067,3.2057,3.2062,3.2112,3.2117,3.2107,3.2112,5
2026-05-19 11:19:00,3.2067,3.2067,3.2047,3.2047,3.2117,3.2117,3.2097,3.2097,7
2026-05-19 11:20:00,3.2052,3.2052,3.2027,3.2027,3.2102,3.2102,3.2077,3.2077,14
2026-05-19 11:22:00,3.2037,3.2037,3.1997,3.1997,3.2087,3.2087,3.2047,3.2047,17
2026-05-19 11:23:00,3.2002,3.2017,3.1997,3.2007,3.2052,3.2067,3.2047,3.2057,8
2026-05-19 11:24:00,3.2017,3.2017,3.2017,3.2017,3.2067,3.2067,3.2067,3.2067,1
2026-05-19 11:25:00,3.2007,3.2032,3.2007,3.2032,3.2057,3.2082,3.2057,3.2082,9
2026-05-19 11:26:00,3.2037,3.2077,3.2017,3.2077,3.2087,3.2127,3.2067,3.2127,16
2026-05-19 11:27:00,3.2087,3.2107,3.2082,3.2087,3.2137,3.2157,3.2132,3.2137,7
2026-05-19 11:28:00,3.2097,3.2097,3.2072,3.2082,3.2147,3.2147,3.2122,3.2132,6
2026-05-19 11:29:00,3.2087,3.2087,3.2072,3.2077,3.2137,3.2137,3.2122,3.2127,12
2026-05-19 11:30:00,3.2082,3.2087,3.2077,3.2087,3.2132,3.2137,3.2127,3.2137,3
2026-05-19 11:31:00,3.2097,3.2107,3.2087,3.2097,3.2147,3.2157,3.2137,3.2147,13
2026-05-19 11:32:00,3.2092,3.2092,3.2077,3.2082,3.2142,3.2142,3.2127,3.2132,8
2026-05-19 11:33:00,3.2087,3.2097,3.2087,3.2097,3.2137,3.2147,3.2137,3.2147,6
2026-05-19 11:34:00,3.2092,3.2097,3.2087,3.2087,3.2142,3.2147,3.2137,3.2137,12
2026-05-19 11:35:00,3.2092,3.2102,3.2087,3.2087,3.2142,3.2152,3.2137,3.2137,8
2026-05-19 11:36:00,3.2092,3.2117,3.2092,3.2107,3.2142,3.2167,3.2142,3.2157,7
2026-05-19 11:39:00,3.2102,3.2107,3.2097,3.2102,3.2152,3.2157,3.2147,3.2152,5
2026-05-19 11:40:00,3.2107,3.2107,3.2067,3.2067,3.2157,3.2157,3.2117,3.2117,11
2026-05-19 11:41:00,3.2057,3.2082,3.2047,3.2067,3.2107,3.2132,3.2097,3.2117,21
2026-05-19 11:42:00,3.2072,3.2077,3.2067,3.2072,3.2122,3.2127,3.2117,3.2122,15
2026-05-19 11:43:00,3.2067,3.2087,3.2062,3.2077,3.2117,3.2137,3.2112,3.2127,9
2026-05-19 11:44:00,3.2087,3.2087,3.2077,3.2082,3.2137,3.2137,3.2127,3.2132,3
2026-05-19 11:45:00,3.2087,3.2087,3.2077,3.2077,3.2137,3.2137,3.2127,3.2127,6
2026-05-19 11:46:00,3.2082,3.2087,3.2077,3.2077,3.2132,3.2137,3.2127,3.2127,3
2026-05-19 11:47:00,3.2082,3.2087,3.2082,3.2087,3.2132,3.2137,3.2132,3.2137,2
2026-05-19 11:48:00,3.2082,3.2087,3.2082,3.2087,3.2132,3.2137,3.2132,3.2137,6
2026-05-19 11:49:00,3.2097,3.2097,3.2097,3.2097,3.2147,3.2147,3.2147,3.2147,1
2026-05-19 11:50:00,3.2092,3.2097,3.2087,3.2087,3.2142,3.2147,3.2137,3.2137,5
2026-05-19 11:51:00,3.2082,3.2082,3.2057,3.2062,3.2132,3.2132,3.2107,3.2112,8
2026-05-19 11:52:00,3.2067,3.2067,3.2052,3.2062,3.2117,3.2117,3.2102,3.2112,6
2026-05-19 11:53:00,3.2067,3.2067,3.2047,3.2052,3.2117,3.2117,3.2097,3.2102,8
2026-05-19 11:54:00,3.2057,3.2057,3.2037,3.2052,3.2107,3.2107,3.2087,3.2102,31
2026-05-19 11:55:00,3.2047,3.2047,3.1987,3.2027,3.2097,3.2097,3.2037,3.2077,18
2026-05-19 11:56:00,3.2022,3.2027,3.2007,3.2027,3.2072,3.2077,3.2057,3.2077,16
2026-05-19 11:57:00,3.2022,3.2027,3.2017,3.2017,3.2072,3.2077,3.2067,3.2067,10
2026-05-19 11:58:00,3.2027,3.2027,3.1997,3.1997,3.2077,3.2077,3.2047,3.2047,12
2026-05-19 11:59:00,3.2002,3.2017,3.1997,3.2017,3.2052,3.2067,3.2047,3.2067,18
2026-05-19 12:00:00,3.2007,3.2027,3.1987,3.1997,3.2057,3.2077,3.2037,3.2047,21
2026-05-19 12:01:00,3.2007,3.2007,3.1917,3.1947,3.2057,3.2057,3.1967,3.1997,27
2026-05-19 12:02:00,3.1942,3.1967,3.1927,3.1967,3.1992,3.2017,3.1977,3.2017,11
2026-05-19 12:03:00,3.1962,3.1962,3.1947,3.1947,3.2012,3.2012,3.1997,3.1997,9
2026-05-19 12:04:00,3.1942,3.1952,3.1937,3.1947,3.1992,3.2002,3.1987,3.1997,9
2026-05-19 12:05:00,3.1937,3.1947,3.1917,3.1937,3.1987,3.1997,3.1967,3.1987,10
2026-05-19 12:07:00,3.1932,3.1957,3.1922,3.1957,3.1982,3.2007,3.1972,3.2007,24
2026-05-19 12:08:00,3.1952,3.1957,3.1937,3.1947,3.2002,3.2007,3.1987,3.1997,11
2026-05-19 12:09:00,3.1952,3.1967,3.1947,3.1962,3.2002,3.2017,3.1997,3.2012,7
2026-05-19 12:10:00,3.1957,3.1967,3.1952,3.1957,3.2007,3.2017,3.2002,3.2007,12
2026-05-19 12:11:00,3.1952,3.1957,3.1927,3.1927,3.2002,3.2007,3.1977,3.1977,13
2026-05-19 12:12:00,3.1932,3.1947,3.1932,3.1937,3.1982,3.1997,3.1982,3.1987,6
2026-05-19 12:13:00,3.1947,3.1947,3.1927,3.1937,3.1997,3.1997,3.1977,3.1987,4
2026-05-19 12:14:00,3.1932,3.1947,3.1932,3.1947,3.1982,3.1997,3.1982,3.1997,6
2026-05-19 12:15:00,3.1942,3.1947,3.1937,3.1937,3.1992,3.1997,3.1987,3.1987,5
2026-05-19 12:16:00,3.1942,3.1957,3.1942,3.1952,3.1992,3.2007,3.1992,3.2002,7
2026-05-19 12:17:00,3.1957,3.1957,3.1947,3.1947,3.2007,3.2007,3.1997,3.1997,3
2026-05-19 12:18:00,3.1957,3.1977,3.1957,3.1967,3.2007,3.2027,3.2007,3.2017,9
2026-05-19 12:19:00,3.1962,3.1967,3.1957,3.1957,3.2012,3.2017,3.2007,3.2007,3
2026-05-19 12:20:00,3.1947,3.1947,3.1937,3.1947,3.1997,3.1997,3.1987,3.1997,3
2026-05-19 12:21:00,3.1937,3.1952,3.1937,3.1952,3.1987,3.2002,3.1987,3.2002,6
2026-05-19 12:22:00,3.1947,3.1947,3.1907,3.1907,3.1997,3.1997,3.1957,3.1957,6
2026-05-19 12:23:00,3.1897,3.1907,3.1897,3.1897,3.1947,3.1957,3.1947,3.1947,5
2026-05-19 12:25:00,3.1907,3.1907,3.1902,3.1902,3.1957,3.1957,3.1952,3.1952,2
2026-05-19 12:26:00,3.1907,3.1907,3.1902,3.1902,3.1957,3.1957,3.1952,3.1952,4
2026-05-19 12:27:00,3.1907,3.1907,3.1837,3.1857,3.1957,3.1957,3.1887,3.1907,21
2026-05-19 12:28:00,3.1847,3.1877,3.1847,3.1867,3.1897,3.1927,3.1897,3.1917,8
2026-05-19 12:29:00,3.1857,3.1887,3.1857,3.1877,3.1907,3.1937,3.1907,3.1927,12
2026-05-19 12:30:00,3.1872,3.1887,3.1872,3.1882,3.1922,3.1937,3.1922,3.1932,6
2026-05-19 12:31:00,3.1887,3.1917,3.1887,3.1897,3.1937,3.1967,3.1937,3.1947,10
2026-05-19 12:32:00,3.1907,3.1927,3.1907,3.1917,3.1957,3.1977,3.1957,3.1967,8
2026-05-19 12:33:00,3.1907,3.1917,3.1902,3.1917,3.1957,3.1967,3.1952,3.1967,6
2026-05-19 12:34:00,3.1912,3.1917,3.1897,3.1907,3.1962,3.1967,3.1947,3.1957,9
2026-05-19 12:35:00,3.1917,3.1917,3.1917,3.1917,3.1967,3.1967,3.1967,3.1967,1
2026-05-19 12:36:00,3.1907,3.1937,3.1897,3.1927,3.1957,3.1987,3.1947,3.1977,16
2026-05-19 12:37:00,3.1932,3.1932,3.1922,3.1927,3.1982,3.1982,3.1972,3.1977,6
2026-05-19 12:38:00,3.1932,3.1962,3.1907,3.1917,3.1982,3.2012,3.1957,3.1967,32
2026-05-19 12:39:00,3.1912,3.1912,3.1832,3.1842,3.1962,3.1962,3.1882,3.1892,19
2026-05-19 12:40:00,3.1847,3.1857,3.1847,3.1847,3.1897,3.1907,3.1897,3.1897,5
2026-05-19 12:41:00,3.1857,3.1867,3.1847,3.1852,3.1907,3.1917,3.1897,3.1902,6
2026-05-19 12:42:00,3.1847,3.1867,3.1817,3.1817,3.1897,3.1917,3.1867,3.1867,13
2026-05-19 12:43:00,3.1807,3.1837,3.1787,3.1837,3.1857,3.1887,3.1837,3.1887,17
2026-05-19 12:44:00,3.1842,3.1847,3.1827,3.1827,3.1892,3.1897,3.1877,3.1877,12
2026-05-19 12:45:00,3.1837,3.1867,3.1837,3.1847,3.1887,3.1917,3.1887,3.1897,16
2026-05-19 12:46:00,3.1852,3.1877,3.1852,3.1877,3.1902,3.1927,3.1902,3.1927,5
2026-05-19 12:47:00,3.1867,3.1887,3.1857,3.1862,3.1917,3.1937,3.1907,3.1912,11
2026-05-19 12:48:00,3.1857,3.1887,3.1857,3.1872,3.1907,3.1937,3.1907,3.1922,12
2026-05-19 12:49:00,3.1867,3.1892,3.1867,3.1882,3.1917,3.1942,3.1917,3.1932,8
2026-05-19 12:50:00,3.1867,3.1887,3.1857,3.1877,3.1917,3.1937,3.1907,3.1927,9
2026-05-19 12:51:00,3.1882,3.1947,3.1877,3.1937,3.1932,3.1997,3.1927,3.1987,18
2026-05-19 12:52:00,3.1947,3.1947,3.1902,3.1912,3.1997,3.1997,3.1952,3.1962,17
2026-05-19 12:53:00,3.1917,3.1937,3.1917,3.1932,3.1967,3.1987,3.1967,3.1982,13
2026-05-19 12:54:00,3.1927,3.1937,3.1922,3.1937,3.1977,3.1987,3.1972,3.1987,6
2026-05-19 12:55:00,3.1927,3.1927,3.1877,3.1877,3.1977,3.1977,3.1927,3.1927,53
2026-05-19 12:56:00,3.1872,3.1877,3.1867,3.1877,3.1922,3.1927,3.1917,3.1927,5
2026-05-19 12:57:00,3.1867,3.1877,3.1857,3.1862,3.1917,3.1927,3.1907,3.1912,13
2026-05-19 12:58:00,3.1877,3.1907,3.1877,3.1882,3.1927,3.1957,3.1927,3.1932,10
2026-05-19 12:59:00,3.1877,3.1877,3.1852,3.1852,3.1927,3.1927,3.1902,3.1902,9
2026-05-19 13:00:00,3.1857,3.1937,3.1857,3.1937,3.1907,3.1987,3.1907,3.1987,29
2026-05-19 13:01:00,3.1927,3.1927,3.1897,3.1907,3.1977,3.1977,3.1947,3.1957,17
2026-05-19 13:02:00,3.1902,3.1932,3.1887,3.1922,3.1952,3.1982,3.1937,3.1972,14
2026-05-19 13:03:00,3.1917,3.1937,3.1917,3.1917,3.1967,3.1987,3.1967,3.1967,10
2026-05-19 13:04:00,3.1927,3.1937,3.1907,3.1907,3.1977,3.1987,3.1957,3.1957,12
2026-05-19 13:05:00,3.1912,3.1927,3.1907,3.1927,3.1962,3.1977,3.1957,3.1977,8
2026-05-19 13:06:00,3.1917,3.1942,3.1917,3.1937,3.1967,3.1992,3.1967,3.1987,11
2026-05-19 13:07:00,3.1932,3.1932,3.1932,3.1932,3.1982,3.1982,3.1982,3.1982,1
2026-05-19 13:08:00,3.1927,3.1927,3.1887,3.1897,3.1977,3.1977,3.1937,3.1947,9
2026-05-19 13:09:00,3.1887,3.1907,3.1887,3.1897,3.1937,3.1957,3.1937,3.1947,14
2026-05-19 13:10:00,3.1892,3.1957,3.1892,3.1927,3.1942,3.2007,3.1942,3.1977,43
2026-05-19 13:11:00,3.1932,3.1942,3.1927,3.1937,3.1982,3.1992,3.1977,3.1987,10
2026-05-19 13:12:00,3.1927,3.1927,3.1892,3.1907,3.1977,3.1977,3.1942,3.1957,14
2026-05-19 13:13:00,3.1912,3.1927,3.1912,3.1927,3.1962,3.1977,3.1962,3.1977,4
2026-05-19 13:14:00,3.1917,3.1957,3.1917,3.1937,3.1967,3.2007,3.1967,3.1987,25
2026-05-19 13:15:00,3.1927,3.1952,3.1917,3.1947,3.1977,3.2002,3.1967,3.1997,20
2026-05-19 13:16:00,3.1952,3.1952,3.1937,3.1942,3.2002,3.2002,3.1987,3.1992,6
2026-05-19 13:17:00,3.1947,3.1947,3.1937,3.1942,3.1997,3.1997,3.1987,3.1992,6
2026-05-19 13:18:00,3.1947,3.1952,3.1937,3.1947,3.1997,3.2002,3.1987,3.1997,6
2026-05-19 13:19:00,3.1937,3.1987,3.1937,3.1967,3.1987,3.2037,3.1987,3.2017,19
2026-05-19 13:20:00,3.1977,3.1987,3.1967,3.1982,3.2027,3.2037,3.2017,3.2032,8
2026-05-19 13:21:00,3.1977,3.2007,3.1952,3.1957,3.2027,3.2057,3.2002,3.2007,22
2026-05-19 13:22:00,3.1947,3.1957,3.1947,3.1947,3.1997,3.2007,3.1997,3.1997,4
2026-05-19 13:23:00,3.1952,3.1967,3.1952,3.1967,3.2002,3.2017,3.2002,3.2017,3
2026-05-19 13:24:00,3.1977,3.1987,3.1972,3.1977,3.2027,3.2037,3.2022,3.2027,12
2026-05-19 13:25:00,3.1987,3.1997,3.1987,3.1997,3.2037,3.2047,3.2037,3.2047,4
2026-05-19 13:26:00,3.2007,3.2007,3.1997,3.1997,3.2057,3.2057,3.2047,3.2047,14
2026-05-19 13:27:00,3.2002,3.2047,3.1997,3.2037,3.2052,3.2097,3.2047,3.2087,18
2026-05-19 13:28:00,3.2042,3.2057,3.2037,3.2047,3.2092,3.2107,3.2087,3.2097,14
2026-05-19 13:29:00,3.2057,3.2077,3.2047,3.2077,3.2107,3.2127,3.2097,3.2127,13
2026-05-19 13:30:00,3.2082,3.2187,3.2082,3.2177,3.2132,3.2237,3.2132,3.2227,40
2026-05-19 13:31:00,3.2182,3.2297,3.2177,3.2287,3.2232,3.2347,3.2227,3.2337,86
2026-05-19 13:32:00,3.2297,3.2297,3.2237,3.2237,3.2347,3.2347,3.2287,3.2287,62
2026-05-19 13:33:00,3.2242,3.2277,3.2207,3.2227,3.2292,3.2327,3.2257,3.2277,46
2026-05-19 13:34:00,3.2232,3.2242,3.2227,3.2242,3.2282,3.2292,3.2277,3.2292,18
2026-05-19 13:35:00,3.2237,3.2297,3.2237,3.2287,3.2287,3.2347,3.2287,3.2337,41
2026-05-19 13:36:00,3.2277,3.2287,3.2257,3.2267,3.2327,3.2337,3.2307,3.2317,25
2026-05-19 13:37:00,3.2257,3.2267,3.2227,3.2247,3.2307,3.2317,3.2277,3.2297,18
2026-05-19 13:38:00,3.2257,3.2277,3.2257,3.2277,3.2307,3.2327,3.2307,3.2327,24
2026-05-19 13:39:00,3.2287,3.2317,3.2277,3.2287,3.2337,3.2367,3.2327,3.2337,38
2026-05-19 13:40:00,3.2282,3.2297,3.2247,3.2247,3.2332,3.2347,3.2297,3.2297,24
2026-05-19 13:41:00,3.2257,3.2287,3.2257,3.2277,3.2307,3.2337,3.2307,3.2327,20
2026-05-19 13:42:00,3.2282,3.2292,3.2227,3.2252,3.2332,3.2342,3.2277,3.2302,45
2026-05-19 13:43:00,3.2257,3.2257,3.2237,3.2247,3.2307,3.2307,3.2287,3.2297,9
2026-05-19 13:44:00,3.2252,3.2267,3.2237,3.2267,3.2302,3.2317,3.2287,3.2317,31
2026-05-19 13:45:00,3.2262,3.2317,3.2262,3.2262,3.2312,3.2367,3.2312,3.2312,22
2026-05-19 13:46:00,3.2257,3.2277,3.2247,3.2267,3.2307,3.2327,3.2297,3.2317,22
2026-05-19 13:47:00,3.2272,3.2272,3.2147,3.2157,3.2322,3.2322,3.2197,3.2207,36
2026-05-19 13:48:00,3.2152,3.2167,3.2087,3.2137,3.2202,3.2217,3.2137,3.2187,61
2026-05-19 13:49:00,3.2132,3.2137,3.2067,3.2127,3.2182,3.2187,3.2117,3.2177,37
2026-05-19 13:50:00,3.2137,3.2142,3.2087,3.2112,3.2187,3.2192,3.2137,3.2162,31
2026-05-19 13:51:00,3.2117,3.2117,3.2082,3.2097,3.2167,3.2167,3.2132,3.2147,14
2026-05-19 13:52:00,3.2102,3.2177,3.2102,3.2177,3.2152,3.2227,3.2152,3.2227,20
2026-05-19 13:53:00,3.2167,3.2177,3.2137,3.2147,3.2217,3.2227,3.2187,3.2197,27
2026-05-19 13:54:00,3.2152,3.2167,3.2137,3.2157,3.2202,3.2217,3.2187,3.2207,15
2026-05-19 13:55:00,3.2152,3.2157,3.2127,3.2147,3.2202,3.2207,3.2177,3.2197,11
2026-05-19 13:56:00,3.2157,3.2167,3.2147,3.2167,3.2207,3.2217,3.2197,3.2217,6
2026-05-19 13:57:00,3.2172,3.2187,3.2147,3.2167,3.2222,3.2237,3.2197,3.2217,28
2026-05-19 13:58:00,3.2162,3.2197,3.2147,3.2197,3.2212,3.2247,3.2197,3.2247,14
2026-05-19 13:59:00,3.2202,3.2207,3.2167,3.2177,3.2252,3.2257,3.2217,3.2227,21
2026-05-19 14:00:00,3.2182,3.2192,3.2147,3.2167,3.2232,3.2242,3.2197,3.2217,42
2026-05-19 14:01:00,3.2157,3.2157,3.2117,3.2127,3.2207,3.2207,3.2167,3.2177,60
2026-05-19 14:02:00,3.2117,3.2127,3.2047,3.2067,3.2167,3.2177,3.2097,3.2117,47
2026-05-19 14:03:00,3.2062,3.2062,3.2007,3.2032,3.2112,3.2112,3.2057,3.2082,69
2026-05-19 14:04:00,3.2037,3.2047,3.2017,3.2032,3.2087,3.2097,3.2067,3.2082,25
2026-05-19 14:05:00,3.2027,3.2027,3.1917,3.1947,3.2077,3.2077,3.1967,3.1997,71
2026-05-19 14:06:00,3.1952,3.1957,3.1907,3.1922,3.2002,3.2007,3.1957,3.1972,53
2026-05-19 14:07:00,3.1917,3.1947,3.1887,3.1937,3.1967,3.1997,3.1937,3.1987,62
2026-05-19 14:08:00,3.1927,3.1977,3.1917,3.1952,3.1977,3.2027,3.1967,3.2002,57
2026-05-19 14:09:00,3.1947,3.1957,3.1867,3.1887,3.1997,3.2007,3.1917,3.1937,58
2026-05-19 14:10:00,3.1877,3.1917,3.1877,3.1907,3.1927,3.1967,3.1927,3.1957,23
2026-05-19 14:11:00,3.1897,3.1937,3.1877,3.1927,3.1947,3.1987,3.1927,3.1977,57
2026-05-19 14:12:00,3.1937,3.2037,3.1917,3.1982,3.1987,3.2087,3.1967,3.2032,54
2026-05-19 14:13:00,3.1997,3.2037,3.1967,3.2007,3.2047,3.2087,3.2017,3.2057,27
2026-05-19 14:14:00,3.2017,3.2037,3.2002,3.2007,3.2067,3.2087,3.2052,3.2057,21
2026-05-19 14:15:00,3.2002,3.2027,3.1967,3.2027,3.2052,3.2077,3.2017,3.2077,32
2026-05-19 14:16:00,3.2037,3.2037,3.2007,3.2027,3.2087,3.2087,3.2057,3.2077,36
2026-05-19 14:17:00,3.2032,3.2077,3.2032,3.2067,3.2082,3.2127,3.2082,3.2117,44
2026-05-19 14:18:00,3.2072,3.2177,3.2067,3.2152,3.2122,3.2227,3.2117,3.2202,69
2026-05-19 14:19:00,3.2157,3.2167,3.2122,3.2137,3.2207,3.2217,3.2172,3.2187,40
2026-05-19 14:20:00,3.2132,3.2142,3.2087,3.2122,3.2182,3.2192,3.2137,3.2172,33
2026-05-19 14:21:00,3.2117,3.2117,3.2077,3.2087,3.2167,3.2167,3.2127,3.2137,23
2026-05-19 14:22:00,3.2097,3.2137,3.2097,3.2132,3.2147,3.2187,3.2147,3.2182,32
2026-05-19 14:23:00,3.2127,3.2132,3.2117,3.2127,3.2177,3.2182,3.2167,3.2177,14
2026-05-19 14:24:00,3.2137,3.2137,3.2057,3.2087,3.2187,3.2187,3.2107,3.2137,36
2026-05-19 14:25:00,3.2077,3.2077,3.2047,3.2077,3.2127,3.2127,3.2097,3.2127,12
2026-05-19 14:26:00,3.2087,3.2147,3.2072,3.2087,3.2137,3.2197,3.2122,3.2137,45
2026-05-19 14:27:00,3.2092,3.2102,3.2077,3.2077,3.2142,3.2152,3.2127,3.2127,12
2026-05-19 14:28:00,3.2072,3.2077,3.2032,3.2042,3.2122,3.2127,3.2082,3.2092,31
2026-05-19 14:29:00,3.2037,3.2042,3.1997,3.2037,3.2087,3.2092,3.2047,3.2087,41
2026-05-19 14:30:00,3.2032,3.2042,3.1972,3.1977,3.2082,3.2092,3.2022,3.2027,30
2026-05-19 14:31:00,3.1972,3.2007,3.1972,3.2007,3.2022,3.2057,3.2022,3.2057,36
2026-05-19 14:32:00,3.1997,3.2017,3.1997,3.2012,3.2047,3.2067,3.2047,3.2062,21
2026-05-19 14:33:00,3.2022,3.2137,3.2012,3.2117,3.2072,3.2187,3.2062,3.2167,49
2026-05-19 14:34:00,3.2127,3.2127,3.2092,3.2107,3.2177,3.2177,3.2142,3.2157,16
2026-05-19 14:35:00,3.2112,3.2117,3.2077,3.2107,3.2162,3.2167,3.2127,3.2157,24
2026-05-19 14:36:00,3.2112,3.2147,3.2107,3.2137,3.2162,3.2197,3.2157,3.2187,34
2026-05-19 14:37:00,3.2132,3.2137,3.2117,3.2137,3.2182,3.2187,3.2167,3.2187,14
2026-05-19 14:38:00,3.2127,3.2147,3.2107,3.2107,3.2177,3.2197,3.2157,3.2157,25
2026-05-19 14:39:00,3.2117,3.2117,3.2107,3.2117,3.2167,3.2167,3.2157,3.2167,3
2026-05-19 14:40:00,3.2122,3.2177,3.2122,3.2167,3.2172,3.2227,3.2172,3.2217,30
2026-05-19 14:41:00,3.2157,3.2197,3.2157,3.2197,3.2207,3.2247,3.2207,3.2247,30
2026-05-19 14:42:00,3.2192,3.2207,3.2177,3.2207,3.2242,3.2257,3.2227,3.2257,29
2026-05-19 14:43:00,3.2197,3.2237,3.2177,3.2212,3.2247,3.2287,3.2227,3.2262,73
2026-05-19 14:44:00,3.2217,3.2222,3.2207,3.2212,3.2267,3.2272,3.2257,3.2262,25
2026-05-19 14:45:00,3.2207,3.2227,3.2197,3.2197,3.2257,3.2277,3.2247,3.2247,34
2026-05-19 14:46:00,3.2187,3.2197,3.2137,3.2152,3.2237,3.2247,3.2187,3.2202,62
2026-05-19 14:47:00,3.2147,3.2167,3.2097,3.2122,3.2197,3.2217,3.2147,3.2172,53
2026-05-19 14:48:00,3.2137,3.2177,3.2132,3.2172,3.2187,3.2227,3.2182,3.2222,24
2026-05-19 14:49:00,3.2177,3.2177,3.2137,3.2147,3.2227,3.2227,3.2187,3.2197,20
2026-05-19 14:50:00,3.2157,3.2157,3.2067,3.2067,3.2207,3.2207,3.2117,3.2117,49
2026-05-19 14:51:00,3.2072,3.2117,3.2057,3.2097,3.2122,3.2167,3.2107,3.2147,41
2026-05-19 14:52:00,3.2107,3.2117,3.2057,3.2062,3.2157,3.2167,3.2107,3.2112,45
2026-05-19 14:53:00,3.2057,3.2077,3.2007,3.2057,3.2107,3.2127,3.2057,3.2107,90
2026-05-19 14:54:00,3.2047,3.2077,3.2037,3.2052,3.2097,3.2127,3.2087,3.2102,65
2026-05-19 14:55:00,3.2057,3.2087,3.2037,3.2057,3.2107,3.2137,3.2087,3.2107,36
2026-05-19 14:56:00,3.2062,3.2062,3.2012,3.2047,3.2112,3.2112,3.2062,3.2097,30
2026-05-19 14:57:00,3.2057,3.2062,3.2052,3.2057,3.2107,3.2112,3.2102,3.2107,5
2026-05-19 14:58:00,3.2067,3.2067,3.2027,3.2037,3.2117,3.2117,3.2077,3.2087,28
2026-05-19 14:59:00,3.2027,3.2047,3.1997,3.2032,3.2077,3.2097,3.2047,3.2082,38
2026-05-19 15:00:00,3.2017,3.2067,3.1907,3.1912,3.2067,3.2117,3.1957,3.1962,154
2026-05-19 15:01:00,3.1907,3.1937,3.1827,3.1842,3.1957,3.1987,3.1877,3.1892,169
2026-05-19 15:02:00,3.1837,3.1917,3.1837,3.1917,3.1887,3.1967,3.1887,3.1967,72
2026-05-19 15:03:00,3.1927,3.1977,3.1917,3.1967,3.1977,3.2027,3.1967,3.2017,31
2026-05-19 15:04:00,3.1957,3.2027,3.1937,3.2007,3.2007,3.2077,3.1987,3.2057,67
2026-05-19 15:05:00,3.2017,3.2077,3.1987,3.2037,3.2067,3.2127,3.2037,3.2087,74
2026-05-19 15:06:00,3.2027,3.2087,3.2027,3.2077,3.2077,3.2137,3.2077,3.2127,52
2026-05-19 15:07:00,3.2082,3.2087,3.2007,3.2022,3.2132,3.2137,3.2057,3.2072,31
2026-05-19 15:08:00,3.2027,3.2027,3.1977,3.2007,3.2077,3.2077,3.2027,3.2057,58
2026-05-19 15:09:00,3.1997,3.2027,3.1987,3.2017,3.2047,3.2077,3.2037,3.2067,33
2026-05-19 15:10:00,3.2007,3.2052,3.1997,3.2017,3.2057,3.2102,3.2047,3.2067,43
2026-05-19 15:11:00,3.2007,3.2047,3.2007,3.2047,3.2057,3.2097,3.2057,3.2097,24
2026-05-19 15:12:00,3.2037,3.2057,3.2027,3.2047,3.2087,3.2107,3.2077,3.2097,31
2026-05-19 15:13:00,3.2037,3.2037,3.2007,3.2007,3.2087,3.2087,3.2057,3.2057,11
2026-05-19 15:14:00,3.2002,3.2002,3.1957,3.1967,3.2052,3.2052,3.2007,3.2017,29
2026-05-19 15:15:00,3.1957,3.1997,3.1952,3.1957,3.2007,3.2047,3.2002,3.2007,40
2026-05-19 15:16:00,3.1962,3.1977,3.1837,3.1857,3.2012,3.2027,3.1887,3.1907,43
2026-05-19 15:17:00,3.1867,3.1877,3.1837,3.1877,3.1917,3.1927,3.1887,3.1927,65
2026-05-19 15:18:00,3.1867,3.1877,3.1857,3.1867,3.1917,3.1927,3.1907,3.1917,25
2026-05-19 15:19:00,3.1857,3.1907,3.1857,3.1887,3.1907,3.1957,3.1907,3.1937,15
2026-05-19 15:20:00,3.1882,3.1897,3.1867,3.1882,3.1932,3.1947,3.1917,3.1932,28
2026-05-19 15:21:00,3.1877,3.1887,3.1857,3.1887,3.1927,3.1937,3.1907,3.1937,42
2026-05-19 15:22:00,3.1897,3.1987,3.1897,3.1957,3.1947,3.2037,3.1947,3.2007,49
2026-05-19 15:23:00,3.1947,3.1997,3.1937,3.1977,3.1997,3.2047,3.1987,3.2027,25
2026-05-19 15:24:00,3.1967,3.2042,3.1967,3.2037,3.2017,3.2092,3.2017,3.2087,36
2026-05-19 15:25:00,3.2027,3.2217,3.2007,3.2207,3.2077,3.2267,3.2057,3.2257,112
2026-05-19 15:26:00,3.2202,3.2207,3.2137,3.2182,3.2252,3.2257,3.2187,3.2232,98
2026-05-19 15:27:00,3.2177,3.2197,3.2127,3.2147,3.2227,3.2247,3.2177,3.2197,53
2026-05-19 15:28:00,3.2157,3.2237,3.2137,3.2227,3.2207,3.2287,3.2187,3.2277,84
2026-05-19 15:29:00,3.2217,3.2287,3.2207,3.2247,3.2267,3.2337,3.2257,3.2297,53
2026-05-19 15:30:00,3.2237,3.2257,3.2217,3.2247,3.2287,3.2307,3.2267,3.2297,57
2026-05-19 15:31:00,3.2257,3.2257,3.2207,3.2247,3.2307,3.2307,3.2257,3.2297,70
2026-05-19 15:32:00,3.2247,3.2252,3.2217,3.2227,3.2292,3.2307,3.2267,3.2287,17
2026-05-19 15:33:00,3.2212,3.2257,3.2207,3.2252,3.2262,3.2317,3.2257,3.2307,28
2026-05-19 15:34:00,3.2262,3.2377,3.2262,3.2327,3.2312,3.2427,3.2312,3.2377,88
2026-05-19 15:35:00,3.2327,3.2377,3.2327,3.2347,3.2377,3.2427,3.2377,3.2397,23
2026-05-19 15:36:00,3.2307,3.2317,3.2287,3.2297,3.2357,3.2372,3.2337,3.2347,42
2026-05-19 15:37:00,3.2307,3.2307,3.2247,3.2257,3.2357,3.2357,3.2297,3.2307,28
2026-05-19 15:38:00,3.2247,3.2257,3.2237,3.2257,3.2302,3.2307,3.2287,3.2307,10
2026-05-19 15:39:00,3.2277,3.2307,3.2267,3.2287,3.2327,3.2357,3.2317,3.2347,40
2026-05-19 15:40:00,3.2277,3.2287,3.2257,3.2257,3.2327,3.2337,3.2307,3.2307,20
2026-05-19 15:41:00,3.2237,3.2272,3.2237,3.2267,3.2317,3.2322,3.2287,3.2307,16
2026-05-19 15:42:00,3.2252,3.2257,3.2187,3.2227,3.2302,3.2307,3.2267,3.2277,31
2026-05-19 15:43:00,3.2192,3.2217,3.2192,3.2207,3.2242,3.2267,3.2242,3.2267,18
2026-05-19 15:44:00,3.2217,3.2247,3.2217,3.2237,3.2267,3.2297,3.2267,3.2287,20
2026-05-19 15:45:00,3.2232,3.2237,3.2197,3.2217,3.2282,3.2287,3.2247,3.2267,18
2026-05-19 15:46:00,3.2222,3.2287,3.2217,3.2272,3.2282,3.2337,3.2277,3.2322,44
2026-05-19 15:47:00,3.2247,3.2257,3.2227,3.2227,3.2317,3.2317,3.2277,3.2297,6
2026-05-19 15:48:00,3.2247,3.2247,3.2227,3.2227,3.2282,3.2287,3.2277,3.2277,10
2026-05-19 15:49:00,3.2232,3.2237,3.2227,3.2237,3.2282,3.2287,3.2277,3.2287,5
2026-05-19 15:50:00,3.2242,3.2247,3.2217,3.2227,3.2292,3.2297,3.2267,3.2277,4
2026-05-19 15:51:00,3.2262,3.2267,3.2242,3.2247,3.2312,3.2317,3.2292,3.2297,18
2026-05-19 15:52:00,3.2247,3.2257,3.2247,3.2252,3.2297,3.2307,3.2297,3.2302,13
2026-05-19 15:53:00,3.2247,3.2297,3.2237,3.2277,3.2297,3.2347,3.2297,3.2302,20
2026-05-19 15:54:00,3.2277,3.2277,3.2247,3.2277,3.2327,3.2327,3.2297,3.2327,34
2026-05-19 15:55:00,3.2282,3.2407,3.2277,3.2357,3.2337,3.2457,3.2332,3.2407,58
2026-05-19 15:56:00,3.2367,3.2387,3.2357,3.2357,3.2417,3.2437,3.2407,3.2407,20
2026-05-19 15:57:00,3.2347,3.2357,3.2327,3.2337,3.2397,3.2407,3.2377,3.2387,31
2026-05-19 15:58:00,3.2327,3.2337,3.2297,3.2307,3.2377,3.2387,3.2347,3.2357,31
2026-05-19 15:59:00,3.2312,3.2327,3.2307,3.2317,3.2362,3.2377,3.2357,3.2367,16
2026-05-19 16:00:00,3.2327,3.2367,3.2317,3.2367,3.2377,3.2417,3.2367,3.2417,16
2026-05-19 16:01:00,3.2357,3.2367,3.2347,3.2347,3.2407,3.2412,3.2397,3.2397,22
2026-05-19 16:02:00,3.2357,3.2377,3.2347,3.2357,3.2407,3.2427,3.2397,3.2407,34
2026-05-19 16:03:00,3.2367,3.2367,3.2322,3.2327,3.2417,3.2417,3.2372,3.2377,14
2026-05-19 16:04:00,3.2287,3.2317,3.2247,3.2267,3.2367,3.2367,3.2297,3.2317,78
2026-05-19 16:05:00,3.2232,3.2287,3.2232,3.2272,3.2282,3.2337,3.2282,3.2322,48
2026-05-19 16:06:00,3.2277,3.2297,3.2227,3.2292,3.2312,3.2347,3.2312,3.2337,80
2026-05-19 16:07:00,3.2292,3.2297,3.2237,3.2257,3.2342,3.2347,3.2297,3.2307,62
2026-05-19 16:08:00,3.2277,3.2292,3.2257,3.2262,3.2327,3.2337,3.2312,3.2312,30
2026-05-19 16:09:00,3.2267,3.2277,3.2267,3.2267,3.2317,3.2327,3.2317,3.2317,10
2026-05-19 16:10:00,3.2262,3.2267,3.2257,3.2267,3.2322,3.2322,3.2307,3.2307,12
2026-05-19 16:11:00,3.2262,3.2272,3.2262,3.2272,3.2312,3.2327,3.2307,3.2322,14
2026-05-19 16:12:00,3.2282,3.2297,3.2247,3.2257,3.2332,3.2347,3.2297,3.2307,72
2026-05-19 16:13:00,3.2262,3.2267,3.2227,3.2247,3.2312,3.2317,3.2277,3.2297,46
2026-05-19 16:14:00,3.2252,3.2277,3.2252,3.2277,3.2302,3.2327,3.2302,3.2327,28
2026-05-19 16:15:00,3.2287,3.2307,3.2267,3.2287,3.2337,3.2357,3.2317,3.2337,66
2026-05-19 16:16:00,3.2297,3.2297,3.2277,3.2277,3.2347,3.2347,3.2327,3.2327,9
2026-05-19 16:17:00,3.2282,3.2287,3.2227,3.2232,3.2337,3.2337,3.2277,3.2282,12
2026-05-19 16:18:00,3.2227,3.2242,3.2187,3.2242,3.2277,3.2292,3.2237,3.2292,39
2026-05-19 16:19:00,3.2237,3.2257,3.2237,3.2237,3.2287,3.2307,3.2287,3.2287,10
2026-05-19 16:20:00,3.2247,3.2257,3.2247,3.2257,3.2297,3.2307,3.2297,3.2307,7
2026-05-19 16:21:00,3.2247,3.2257,3.2222,3.2227,3.2302,3.2302,3.2272,3.2277,18
2026-05-19 16:22:00,3.2217,3.2247,3.2217,3.2242,3.2267,3.2297,3.2267,3.2292,11
2026-05-19 16:23:00,3.2257,3.2257,3.2237,3.2237,3.2307,3.2307,3.2287,3.2287,6
2026-05-19 16:24:00,3.2232,3.2247,3.2212,3.2247,3.2282,3.2297,3.2262,3.2297,29
2026-05-19 16:25:00,3.2237,3.2257,3.2237,3.2237,3.2287,3.2307,3.2287,3.2287,7
2026-05-19 16:26:00,3.2247,3.2297,3.2247,3.2287,3.2297,3.2347,3.2297,3.2337,20
2026-05-19 16:27:00,3.2292,3.2297,3.2267,3.2277,3.2342,3.2347,3.2317,3.2327,12
2026-05-19 16:28:00,3.2267,3.2307,3.2257,3.2307,3.2317,3.2357,3.2307,3.2357,22
2026-05-19 16:29:00,3.2317,3.2317,3.2307,3.2317,3.2367,3.2367,3.2357,3.2367,11
2026-05-19 16:30:00,3.2307,3.2347,3.2307,3.2332,3.2357,3.2397,3.2357,3.2382,40
2026-05-19 16:31:00,3.2337,3.2347,3.2287,3.2297,3.2397,3.2397,3.2337,3.2347,24
2026-05-19 16:32:00,3.2307,3.2307,3.2262,3.2267,3.2352,3.2352,3.2312,3.2317,24
2026-05-19 16:33:00,3.2272,3.2277,3.2147,3.2167,3.2322,3.2327,3.2197,3.2217,30
2026-05-19 16:34:00,3.2172,3.2187,3.2157,3.2167,3.2222,3.2237,3.2207,3.2217,35
2026-05-19 16:35:00,3.2177,3.2197,3.2147,3.2177,3.2227,3.2247,3.2197,3.2227,40
2026-05-19 16:36:00,3.2172,3.2177,3.2167,3.2177,3.2222,3.2227,3.2217,3.2227,10
2026-05-19 16:37:00,3.2187,3.2197,3.2177,3.2187,3.2237,3.2247,3.2227,3.2237,16
2026-05-19 16:38:00,3.2192,3.2267,3.2187,3.2257,3.2242,3.2317,3.2237,3.2307,39
2026-05-19 16:39:00,3.2252,3.2287,3.2247,3.2277,3.2302,3.2337,3.2302,3.2327,37
2026-05-19 16:40:00,3.2282,3.2287,3.2257,3.2257,3.2332,3.2337,3.2307,3.2312,19
2026-05-19 16:41:00,3.2267,3.2347,3.2267,3.2307,3.2317,3.2397,3.2317,3.2357,26
2026-05-19 16:42:00,3.2317,3.2317,3.2267,3.2277,3.2367,3.2367,3.2327,3.2337,17
2026-05-19 16:43:00,3.2287,3.2297,3.2287,3.2292,3.2337,3.2347,3.2337,3.2342,12
2026-05-19 16:44:00,3.2287,3.2297,3.2287,3.2287,3.2337,3.2347,3.2337,3.2337,17
2026-05-19 16:45:00,3.2282,3.2297,3.2267,3.2277,3.2332,3.2347,3.2317,3.2327,25
2026-05-19 16:46:00,3.2267,3.2307,3.2267,3.2302,3.2317,3.2357,3.2317,3.2352,9
2026-05-19 16:47:00,3.2307,3.2317,3.2287,3.2312,3.2357,3.2367,3.2337,3.2362,29
2026-05-19 16:48:00,3.2307,3.2312,3.2287,3.2292,3.2367,3.2367,3.2337,3.2342,20
2026-05-19 16:49:00,3.2297,3.2307,3.2287,3.2297,3.2347,3.2357,3.2337,3.2347,12
2026-05-19 16:50:00,3.2307,3.2357,3.2307,3.2337,3.2357,3.2407,3.2357,3.2387,40
2026-05-19 16:51:00,3.2347,3.2467,3.2347,3.2457,3.2397,3.2517,3.2397,3.2507,62
2026-05-19 16:52:00,3.2472,3.2487,3.2437,3.2467,3.2522,3.2537,3.2487,3.2517,48
2026-05-19 16:53:00,3.2457,3.2547,3.2457,3.2497,3.2507,3.2597,3.2507,3.2547,74
2026-05-19 16:54:00,3.2507,3.2507,3.2387,3.2407,3.2557,3.2557,3.2437,3.2457,74
2026-05-19 16:55:00,3.2412,3.2417,3.2387,3.2417,3.2462,3.2467,3.2437,3.2467,23
2026-05-19 16:56:00,3.2407,3.2447,3.2397,3.2402,3.2457,3.2497,3.2447,3.2452,28
2026-05-19 16:57:00,3.2397,3.2407,3.2377,3.2397,3.2447,3.2457,3.2427,3.2447,18
2026-05-19 16:58:00,3.2387,3.2397,3.2387,3.2392,3.2437,3.2447,3.2437,3.2442,32
2026-05-19 16:59:00,3.2387,3.2397,3.2367,3.2377,3.2437,3.2447,3.2417,3.2427,48
2026-05-19 17:00:00,3.2387,3.2427,3.2377,3.2407,3.2437,3.2477,3.2427,3.2457,62
2026-05-19 17:01:00,3.2417,3.2437,3.2407,3.2427,3.2467,3.2487,3.2457,3.2477,24
2026-05-19 17:02:00,3.2432,3.2432,3.2397,3.2407,3.2482,3.2482,3.2447,3.2457,44
2026-05-19 17:03:00,3.2417,3.2467,3.2397,3.2467,3.2467,3.2517,3.2447,3.2517,17
2026-05-19 17:04:00,3.2462,3.2462,3.2417,3.2417,3.2512,3.2512,3.2467,3.2467,28
2026-05-19 17:05:00,3.2407,3.2452,3.2407,3.2452,3.2457,3.2502,3.2457,3.2502,15
2026-05-19 17:06:00,3.2447,3.2497,3.2447,3.2477,3.2497,3.2547,3.2497,3.2527,55
2026-05-19 17:07:00,3.2482,3.2517,3.2477,3.2507,3.2532,3.2567,3.2527,3.2557,34
2026-05-19 17:08:00,3.2497,3.2507,3.2477,3.2487,3.2547,3.2557,3.2527,3.2537,21
2026-05-19 17:09:00,3.2482,3.2557,3.2457,3.2537,3.2532,3.2607,3.2507,3.2587,50
2026-05-19 17:10:00,3.2542,3.2557,3.2527,3.2537,3.2592,3.2607,3.2577,3.2587,31
2026-05-19 17:11:00,3.2527,3.2537,3.2517,3.2527,3.2577,3.2587,3.2567,3.2577,32
2026-05-19 17:12:00,3.2537,3.2577,3.2517,3.2547,3.2587,3.2627,3.2567,3.2597,47
2026-05-19 17:13:00,3.2557,3.2557,3.2537,3.2547,3.2607,3.2607,3.2587,3.2597,17
2026-05-19 17:14:00,3.2557,3.2557,3.2547,3.2557,3.2607,3.2607,3.2597,3.2607,35
2026-05-19 17:15:00,3.2547,3.2547,3.2487,3.2507,3.2597,3.2597,3.2537,3.2557,62
2026-05-19 17:16:00,3.2497,3.2507,3.2427,3.2447,3.2547,3.2557,3.2477,3.2497,26
2026-05-19 17:17:00,3.2452,3.2457,3.2427,3.2427,3.2502,3.2507,3.2477,3.2477,24
2026-05-19 17:18:00,3.2417,3.2457,3.2397,3.2407,3.2467,3.2507,3.2447,3.2457,27
2026-05-19 17:19:00,3.2417,3.2447,3.2407,3.2437,3.2467,3.2497,3.2457,3.2487,16
2026-05-19 17:20:00,3.2427,3.2437,3.2347,3.2357,3.2477,3.2487,3.2397,3.2407,62
2026-05-19 17:21:00,3.2367,3.2377,3.2347,3.2367,3.2417,3.2427,3.2397,3.2417,29
2026-05-19 17:22:00,3.2362,3.2367,3.2347,3.2357,3.2412,3.2417,3.2397,3.2407,13
2026-05-19 17:23:00,3.2367,3.2407,3.2367,3.2407,3.2417,3.2457,3.2417,3.2457,27
2026-05-19 17:24:00,3.2417,3.2427,3.2407,3.2407,3.2467,3.2477,3.2457,3.2457,19
2026-05-19 17:25:00,3.2417,3.2427,3.2407,3.2417,3.2467,3.2477,3.2457,3.2467,23
2026-05-19 17:26:00,3.2422,3.2427,3.2407,3.2417,3.2472,3.2477,3.2457,3.2467,21
2026-05-19 17:27:00,3.2407,3.2417,3.2397,3.2407,3.2457,3.2467,3.2447,3.2457,16
2026-05-19 17:28:00,3.2417,3.2417,3.2337,3.2347,3.2467,3.2467,3.2387,3.2397,41
2026-05-19 17:29:00,3.2337,3.2347,3.2307,3.2307,3.2387,3.2397,3.2357,3.2357,73
2026-05-19 17:30:00,3.2317,3.2367,3.2317,3.2367,3.2367,3.2417,3.2367,3.2417,18
2026-05-19 17:31:00,3.2357,3.2367,3.2337,3.2337,3.2407,3.2417,3.2387,3.2387,24
2026-05-19 17:32:00,3.2347,3.2357,3.2337,3.2357,3.2397,3.2407,3.2387,3.2407,21
2026-05-19 17:33:00,3.2362,3.2397,3.2357,3.2382,3.2412,3.2447,3.2407,3.2432,32
2026-05-19 17:34:00,3.2387,3.2407,3.2377,3.2397,3.2437,3.2457,3.2427,3.2447,39
2026-05-19 17:35:00,3.2402,3.2407,3.2367,3.2392,3.2452,3.2457,3.2417,3.2442,29
2026-05-19 17:36:00,3.2387,3.2427,3.2387,3.2397,3.2437,3.2477,3.2437,3.2447,33
2026-05-19 17:37:00,3.2387,3.2397,3.2387,3.2397,3.2437,3.2447,3.2437,3.2447,2
2026-05-19 17:38:00,3.2407,3.2407,3.2397,3.2397,3.2457,3.2457,3.2447,3.2447,14
2026-05-19 17:39:00,3.2407,3.2417,3.2382,3.2417,3.2457,3.2467,3.2432,3.2467,27
2026-05-19 17:40:00,3.2407,3.2417,3.2367,3.2387,3.2457,3.2467,3.2417,3.2437,21
2026-05-19 17:41:00,3.2377,3.2407,3.2377,3.2407,3.2427,3.2457,3.2427,3.2457,21
2026-05-19 17:42:00,3.2402,3.2407,3.2387,3.2402,3.2452,3.2457,3.2437,3.2452,11
2026-05-19 17:43:00,3.2397,3.2407,3.2397,3.2407,3.2447,3.2457,3.2447,3.2457,2
2026-05-19 17:44:00,3.2397,3.2407,3.2397,3.2402,3.2447,3.2457,3.2447,3.2452,7
2026-05-19 17:45:00,3.2397,3.2407,3.2387,3.2407,3.2447,3.2457,3.2437,3.2457,26
2026-05-19 17:46:00,3.2397,3.2397,3.2377,3.2377,3.2447,3.2447,3.2427,3.2427,10
2026-05-19 17:47:00,3.2367,3.2377,3.2357,3.2357,3.2417,3.2427,3.2407,3.2407,8
2026-05-19 17:48:00,3.2352,3.2362,3.2327,3.2362,3.2402,3.2412,3.2377,3.2412,21
2026-05-19 17:49:00,3.2357,3.2377,3.2357,3.2377,3.2407,3.2427,3.2407,3.2427,13
2026-05-19 17:50:00,3.2367,3.2367,3.2357,3.2367,3.2417,3.2417,3.2407,3.2417,3
2026-05-19 17:51:00,3.2372,3.2387,3.2327,3.2337,3.2422,3.2437,3.2377,3.2387,32
2026-05-19 17:52:00,3.2327,3.2357,3.2317,3.2327,3.2377,3.2407,3.2367,3.2377,39
2026-05-19 17:53:00,3.2337,3.2337,3.2307,3.2307,3.2387,3.2387,3.2357,3.2357,26
2026-05-19 17:54:00,3.2317,3.2317,3.2262,3.2267,3.2367,3.2367,3.2312,3.2317,65
2026-05-19 17:55:00,3.2272,3.2287,3.2217,3.2247,3.2322,3.2337,3.2267,3.2297,71
2026-05-19 17:56:00,3.2242,3.2277,3.2227,3.2247,3.2292,3.2327,3.2277,3.2297,44
2026-05-19 17:57:00,3.2237,3.2257,3.2237,3.2237,3.2287,3.2307,3.2287,3.2287,29
2026-05-19 17:58:00,3.2247,3.2307,3.2247,3.2297,3.2297,3.2357,3.2297,3.2347,27
2026-05-19 17:59:00,3.2302,3.2302,3.2297,3.2297,3.2352,3.2352,3.2347,3.2347,2
2026-05-19 18:00:00,3.2302,3.2317,3.2302,3.2317,3.2352,3.2367,3.2352,3.2367,3
2026-05-19 18:01:00,3.2307,3.2307,3.2287,3.2297,3.2357,3.2357,3.2337,3.2347,7
2026-05-19 18:02:00,3.2287,3.2307,3.2287,3.2297,3.2337,3.2357,3.2337,3.2347,8
2026-05-19 18:03:00,3.2287,3.2297,3.2277,3.2287,3.2337,3.2347,3.2327,3.2337,10
2026-05-19 18:04:00,3.2282,3.2287,3.2267,3.2287,3.2332,3.2337,3.2317,3.2337,12
2026-05-19 18:05:00,3.2297,3.2307,3.2287,3.2307,3.2347,3.2357,3.2337,3.2357,13
2026-05-19 18:06:00,3.2297,3.2317,3.2297,3.2307,3.2347,3.2367,3.2347,3.2357,9
2026-05-19 18:07:00,3.2302,3.2317,3.2287,3.2297,3.2352,3.2367,3.2337,3.2347,16
2026-05-19 18:08:00,3.2292,3.2297,3.2292,3.2297,3.2342,3.2347,3.2342,3.2347,4
2026-05-19 18:09:00,3.2292,3.2317,3.2287,3.2312,3.2342,3.2367,3.2337,3.2362,12
2026-05-19 18:10:00,3.2307,3.2327,3.2297,3.2317,3.2357,3.2377,3.2347,3.2367,20
2026-05-19 18:11:00,3.2322,3.2322,3.2317,3.2317,3.2372,3.2372,3.2367,3.2367,2
2026-05-19 18:12:00,3.2312,3.2327,3.2307,3.2327,3.2362,3.2377,3.2357,3.2377,11
2026-05-19 18:13:00,3.2317,3.2327,3.2307,3.2307,3.2367,3.2377,3.2357,3.2357,6
2026-05-19 18:14:00,3.2297,3.2297,3.2297,3.2297,3.2347,3.2347,3.2347,3.2347,1
2026-05-19 18:15:00,3.2287,3.2307,3.2277,3.2307,3.2337,3.2357,3.2327,3.2357,18
2026-05-19 18:16:00,3.2317,3.2317,3.2297,3.2302,3.2367,3.2367,3.2347,3.2352,12
2026-05-19 18:17:00,3.2297,3.2297,3.2277,3.2297,3.2347,3.2347,3.2327,3.2347,7
2026-05-19 18:18:00,3.2287,3.2287,3.2257,3.2277,3.2337,3.2337,3.2307,3.2327,23
2026-05-19 18:19:00,3.2282,3.2297,3.2277,3.2292,3.2332,3.2347,3.2327,3.2342,8
2026-05-19 18:20:00,3.2287,3.2297,3.2287,3.2297,3.2337,3.2347,3.2337,3.2347,5
2026-05-19 18:21:00,3.2302,3.2307,3.2292,3.2297,3.2352,3.2357,3.2342,3.2347,8
2026-05-19 18:22:00,3.2302,3.2307,3.2297,3.2297,3.2352,3.2357,3.2347,3.2347,10
2026-05-19 18:23:00,3.2307,3.2307,3.2287,3.2297,3.2357,3.2357,3.2337,3.2347,12
2026-05-19 18:25:00,3.2307,3.2307,3.2277,3.2287,3.2357,3.2357,3.2327,3.2337,25
2026-05-19 18:26:00,3.2277,3.2287,3.2267,3.2267,3.2327,3.2337,3.2317,3.2317,15
2026-05-19 18:27:00,3.2272,3.2277,3.2257,3.2257,3.2322,3.2327,3.2307,3.2307,13
2026-05-19 18:28:00,3.2267,3.2287,3.2257,3.2267,3.2317,3.2337,3.2307,3.2317,16
2026-05-19 18:29:00,3.2257,3.2277,3.2257,3.2272,3.2307,3.2327,3.2307,3.2322,9
2026-05-19 18:30:00,3.2277,3.2307,3.2267,3.2292,3.2327,3.2357,3.2317,3.2342,21
2026-05-19 18:31:00,3.2287,3.2297,3.2257,3.2277,3.2337,3.2347,3.2307,3.2327,26
2026-05-19 18:32:00,3.2287,3.2287,3.2267,3.2267,3.2337,3.2337,3.2317,3.2317,18
2026-05-19 18:33:00,3.2277,3.2277,3.2257,3.2267,3.2327,3.2327,3.2307,3.2317,11
2026-05-19 18:34:00,3.2257,3.2272,3.2257,3.2257,3.2307,3.2322,3.2307,3.2307,11
2026-05-19 18:35:00,3.2277,3.2287,3.2267,3.2287,3.2327,3.2337,3.2317,3.2337,14
2026-05-19 18:36:00,3.2292,3.2307,3.2287,3.2307,3.2342,3.2357,3.2337,3.2357,5
2026-05-19 18:37:00,3.2317,3.2317,3.2307,3.2307,3.2367,3.2367,3.2357,3.2357,5
2026-05-19 18:38:00,3.2317,3.2317,3.2287,3.2287,3.2367,3.2367,3.2337,3.2337,12
2026-05-19 18:39:00,3.2292,3.2297,3.2287,3.2287,3.2342,3.2347,3.2337,3.2337,4
2026-05-19 18:40:00,3.2277,3.2287,3.2277,3.2287,3.2327,3.2337,3.2327,3.2337,14
2026-05-19 18:41:00,3.2297,3.2297,3.2267,3.2287,3.2347,3.2347,3.2317,3.2337,13
2026-05-19 18:42:00,3.2297,3.2297,3.2287,3.2292,3.2347,3.2347,3.2337,3.2342,26
2026-05-19 18:43:00,3.2297,3.2327,3.2292,3.2317,3.2347,3.2377,3.2342,3.2367,17
2026-05-19 18:44:00,3.2322,3.2327,3.2297,3.2302,3.2372,3.2377,3.2347,3.2352,14
2026-05-19 18:45:00,3.2307,3.2307,3.2287,3.2297,3.2357,3.2357,3.2337,3.2347,12
2026-05-19 18:46:00,3.2287,3.2307,3.2287,3.2297,3.2337,3.2357,3.2337,3.2347,14
2026-05-19 18:47:00,3.2292,3.2297,3.2287,3.2287,3.2342,3.2347,3.2337,3.2337,18
2026-05-19 18:48:00,3.2292,3.2297,3.2277,3.2287,3.2342,3.2347,3.2327,3.2337,16
2026-05-19 18:49:00,3.2297,3.2297,3.2287,3.2297,3.2347,3.2347,3.2337,3.2347,3
2026-05-19 18:50:00,3.2307,3.2307,3.2297,3.2297,3.2357,3.2357,3.2347,3.2347,2
2026-05-19 18:51:00,3.2287,3.2287,3.2267,3.2277,3.2337,3.2337,3.2317,3.2327,26
2026-05-19 18:52:00,3.2287,3.2287,3.2277,3.2277,3.2337,3.2337,3.2327,3.2327,15
2026-05-19 18:53:00,3.2267,3.2287,3.2267,3.2277,3.2317,3.2337,3.2317,3.2327,12
2026-05-19 18:54:00,3.2272,3.2317,3.2272,3.2307,3.2322,3.2367,3.2322,3.2357,24
2026-05-19 18:55:00,3.2317,3.2337,3.2307,3.2337,3.2367,3.2387,3.2357,3.2387,6
2026-05-19 18:56:00,3.2347,3.2357,3.2337,3.2347,3.2397,3.2407,3.2387,3.2397,23
2026-05-19 18:57:00,3.2337,3.2377,3.2337,3.2357,3.2387,3.2427,3.2387,3.2407,10
2026-05-19 18:58:00,3.2347,3.2357,3.2347,3.2347,3.2397,3.2407,3.2397,3.2397,5
2026-05-19 18:59:00,3.2357,3.2377,3.2357,3.2377,3.2407,3.2427,3.2407,3.2427,6
2026-05-19 19:00:00,3.2387,3.2407,3.2377,3.2407,3.2437,3.2457,3.2427,3.2457,12
2026-05-19 19:01:00,3.2397,3.2407,3.2377,3.2387,3.2447,3.2457,3.2427,3.2437,17
2026-05-19 19:02:00,3.2382,3.2392,3.2367,3.2392,3.2432,3.2442,3.2417,3.2442,7
2026-05-19 19:03:00,3.2397,3.2417,3.2387,3.2412,3.2447,3.2467,3.2437,3.2462,22
2026-05-19 19:04:00,3.2407,3.2427,3.2397,3.2407,3.2457,3.2477,3.2447,3.2457,25
2026-05-19 19:05:00,3.2417,3.2427,3.2407,3.2427,3.2467,3.2477,3.2457,3.2477,12
2026-05-19 19:06:00,3.2437,3.2477,3.2427,3.2457,3.2487,3.2527,3.2477,3.2507,40
2026-05-19 19:07:00,3.2467,3.2487,3.2447,3.2477,3.2517,3.2537,3.2497,3.2527,26
2026-05-19 19:08:00,3.2487,3.2497,3.2477,3.2497,3.2537,3.2547,3.2527,3.2547,19
2026-05-19 19:09:00,3.2492,3.2517,3.2492,3.2497,3.2542,3.2567,3.2542,3.2547,32
2026-05-19 19:10:00,3.2487,3.2497,3.2457,3.2467,3.2537,3.2547,3.2507,3.2517,21
2026-05-19 19:11:00,3.2472,3.2517,3.2467,3.2487,3.2522,3.2567,3.2517,3.2537,21
2026-05-19 19:12:00,3.2482,3.2487,3.2447,3.2467,3.2532,3.2537,3.2497,3.2517,21
2026-05-19 19:13:00,3.2472,3.2477,3.2457,3.2467,3.2522,3.2527,3.2507,3.2517,31
2026-05-19 19:14:00,3.2472,3.2477,3.2457,3.2457,3.2522,3.2527,3.2507,3.2507,10
2026-05-19 19:15:00,3.2447,3.2487,3.2447,3.2477,3.2497,3.2537,3.2497,3.2527,22
2026-05-19 19:16:00,3.2487,3.2497,3.2467,3.2482,3.2537,3.2547,3.2517,3.2532,17
2026-05-19 19:17:00,3.2487,3.2497,3.2487,3.2497,3.2537,3.2547,3.2537,3.2547,3
2026-05-19 19:18:00,3.2507,3.2517,3.2507,3.2517,3.2557,3.2567,3.2557,3.2567,2
2026-05-19 19:19:00,3.2512,3.2517,3.2507,3.2517,3.2562,3.2567,3.2557,3.2567,10
2026-05-19 19:20:00,3.2527,3.2537,3.2527,3.2527,3.2577,3.2587,3.2577,3.2577,8
2026-05-19 19:22:00,3.2537,3.2647,3.2517,3.2587,3.2587,3.2697,3.2567,3.2637,63
2026-05-19 19:23:00,3.2577,3.2587,3.2557,3.2567,3.2627,3.2637,3.2607,3.2617,37
2026-05-19 19:24:00,3.2557,3.2577,3.2557,3.2567,3.2607,3.2627,3.2607,3.2617,25
2026-05-19 19:25:00,3.2557,3.2597,3.2557,3.2597,3.2607,3.2647,3.2607,3.2647,15
2026-05-19 19:26:00,3.2587,3.2637,3.2587,3.2617,3.2637,3.2687,3.2637,3.2667,44
2026-05-19 19:27:00,3.2607,3.2617,3.2607,3.2607,3.2657,3.2667,3.2657,3.2657,23
2026-05-19 19:29:00,3.2612,3.2617,3.2557,3.2557,3.2662,3.2667,3.2607,3.2607,10
2026-05-19 19:30:00,3.2547,3.2587,3.2527,3.2567,3.2597,3.2637,3.2577,3.2617,35
2026-05-19 19:31:00,3.2557,3.2557,3.2547,3.2547,3.2607,3.2607,3.2597,3.2597,11
2026-05-19 19:32:00,3.2552,3.2577,3.2537,3.2567,3.2602,3.2627,3.2587,3.2617,13
2026-05-19 19:33:00,3.2577,3.2577,3.2547,3.2552,3.2627,3.2627,3.2597,3.2602,9
2026-05-19 19:34:00,3.2557,3.2557,3.2547,3.2557,3.2607,3.2607,3.2597,3.2607,19
2026-05-19 19:35:00,3.2567,3.2567,3.2537,3.2547,3.2617,3.2617,3.2587,3.2597,17
2026-05-19 19:36:00,3.2537,3.2537,3.2527,3.2537,3.2587,3.2587,3.2577,3.2587,11
2026-05-19 19:37:00,3.2527,3.2557,3.2527,3.2537,3.2577,3.2607,3.2577,3.2587,13
2026-05-19 19:38:00,3.2542,3.2557,3.2542,3.2547,3.2592,3.2607,3.2592,3.2597,12
2026-05-19 19:39:00,3.2537,3.2537,3.2507,3.2517,3.2587,3.2587,3.2557,3.2567,12
2026-05-19 19:40:00,3.2512,3.2547,3.2507,3.2507,3.2562,3.2597,3.2557,3.2557,38
2026-05-19 19:41:00,3.2497,3.2507,3.2487,3.2497,3.2547,3.2557,3.2537,3.2547,33
2026-05-19 19:42:00,3.2507,3.2507,3.2487,3.2487,3.2557,3.2557,3.2537,3.2537,35
2026-05-19 19:43:00,3.2492,3.2492,3.2467,3.2487,3.2542,3.2542,3.2517,3.2537,6
2026-05-19 19:44:00,3.2477,3.2497,3.2477,3.2487,3.2527,3.2547,3.2527,3.2537,15
2026-05-19 19:45:00,3.2492,3.2497,3.2477,3.2477,3.2542,3.2547,3.2527,3.2527,12
2026-05-19 19:46:00,3.2487,3.2527,3.2487,3.2517,3.2537,3.2577,3.2537,3.2567,22
2026-05-19 19:47:00,3.2507,3.2507,3.2457,3.2457,3.2557,3.2557,3.2507,3.2507,15
2026-05-19 19:48:00,3.2447,3.2487,3.2417,3.2427,3.2497,3.2537,3.2467,3.2477,42
2026-05-19 19:49:00,3.2437,3.2447,3.2417,3.2437,3.2487,3.2497,3.2467,3.2487,35
2026-05-19 19:50:00,3.2447,3.2447,3.2417,3.2427,3.2497,3.2497,3.2467,3.2477,24
2026-05-19 19:51:00,3.2432,3.2487,3.2427,3.2487,3.2482,3.2537,3.2477,3.2537,27
2026-05-19 19:52:00,3.2497,3.2537,3.2497,3.2527,3.2547,3.2587,3.2547,3.2577,25
2026-05-19 19:53:00,3.2532,3.2537,3.2517,3.2517,3.2582,3.2587,3.2567,3.2567,22
2026-05-19 19:54:00,3.2522,3.2527,3.2517,3.2517,3.2572,3.2577,3.2567,3.2567,3
2026-05-19 19:55:00,3.2507,3.2527,3.2507,3.2517,3.2557,3.2577,3.2557,3.2567,15
2026-05-19 19:56:00,3.2527,3.2527,3.2507,3.2517,3.2577,3.2577,3.2557,3.2567,12
2026-05-19 19:57:00,3.2527,3.2557,3.2527,3.2557,3.2577,3.2607,3.2577,3.2607,26
2026-05-19 19:58:00,3.2567,3.2577,3.2557,3.2572,3.2617,3.2627,3.2607,3.2622,25
2026-05-19 19:59:00,3.2567,3.2577,3.2557,3.2567,3.2617,3.2627,3.2607,3.2617,13
2026-05-19 20:00:00,3.2562,3.2567,3.2547,3.2547,3.2612,3.2617,3.2597,3.2597,30
2026-05-19 20:01:00,3.2552,3.2567,3.2547,3.2567,3.2602,3.2617,3.2597,3.2617,22
2026-05-19 20:02:00,3.2562,3.2562,3.2527,3.2547,3.2612,3.2612,3.2577,3.2597,19
2026-05-19 20:03:00,3.2552,3.2567,3.2547,3.2557,3.2602,3.2617,3.2597,3.2607,13
2026-05-19 20:04:00,3.2547,3.2567,3.2547,3.2567,3.2597,3.2617,3.2597,3.2617,3
2026-05-19 20:05:00,3.2557,3.2577,3.2557,3.2577,3.2607,3.2627,3.2607,3.2627,9
2026-05-19 20:06:00,3.2572,3.2587,3.2557,3.2557,3.2622,3.2637,3.2607,3.2607,12
2026-05-19 20:07:00,3.2547,3.2557,3.2547,3.2547,3.2597,3.2607,3.2597,3.2597,9
2026-05-19 20:08:00,3.2537,3.2547,3.2527,3.2527,3.2587,3.2597,3.2577,3.2577,16
2026-05-19 20:09:00,3.2517,3.2577,3.2517,3.2567,3.2567,3.2627,3.2567,3.2617,21
2026-05-19 20:10:00,3.2577,3.2577,3.2557,3.2577,3.2627,3.2627,3.2607,3.2627,7
2026-05-19 20:11:00,3.2587,3.2587,3.2577,3.2587,3.2637,3.2637,3.2627,3.2637,6
2026-05-19 20:12:00,3.2577,3.2597,3.2577,3.2587,3.2627,3.2647,3.2627,3.2637,12
2026-05-19 20:13:00,3.2597,3.2597,3.2577,3.2597,3.2647,3.2647,3.2627,3.2647,28
2026-05-19 20:14:00,3.2587,3.2607,3.2577,3.2587,3.2637,3.2657,3.2627,3.2637,32
2026-05-19 20:15:00,3.2577,3.2607,3.2577,3.2602,3.2627,3.2657,3.2627,3.2652,36
2026-05-19 20:16:00,3.2597,3.2607,3.2587,3.2597,3.2647,3.2657,3.2637,3.2647,20
2026-05-19 20:17:00,3.2607,3.2607,3.2577,3.2597,3.2657,3.2657,3.2627,3.2647,68
2026-05-19 20:18:00,3.2607,3.2637,3.2607,3.2617,3.2657,3.2687,3.2657,3.2667,36
2026-05-19 20:19:00,3.2622,3.2637,3.2617,3.2637,3.2672,3.2687,3.2667,3.2687,14
2026-05-19 20:20:00,3.2647,3.2647,3.2637,3.2637,3.2697,3.2697,3.2687,3.2687,16
2026-05-19 20:21:00,3.2627,3.2627,3.2587,3.2607,3.2677,3.2677,3.2637,3.2657,31
2026-05-19 20:22:00,3.2602,3.2637,3.2587,3.2607,3.2652,3.2687,3.2637,3.2657,25
2026-05-19 20:23:00,3.2617,3.2627,3.2607,3.2607,3.2667,3.2677,3.2657,3.2657,25
2026-05-19 20:24:00,3.2617,3.2617,3.2587,3.2597,3.2667,3.2667,3.2637,3.2647,27
2026-05-19 20:25:00,3.2607,3.2607,3.2567,3.2582,3.2657,3.2657,3.2617,3.2632,75
2026-05-19 20:26:00,3.2577,3.2607,3.2577,3.2597,3.2627,3.2657,3.2627,3.2647,42
2026-05-19 20:27:00,3.2587,3.2637,3.2587,3.2627,3.2637,3.2687,3.2637,3.2677,97
2026-05-19 20:28:00,3.2637,3.2657,3.2607,3.2637,3.2687,3.2707,3.2657,3.2687,85
2026-05-19 20:29:00,3.2647,3.2677,3.2627,3.2667,3.2697,3.2727,3.2677,3.2717,55
2026-05-19 20:30:00,3.2677,3.2697,3.2677,3.2677,3.2727,3.2747,3.2727,3.2727,47
2026-05-19 20:31:00,3.2687,3.2717,3.2687,3.2707,3.2737,3.2767,3.2737,3.2757,14
2026-05-19 20:32:00,3.2717,3.2757,3.2717,3.2747,3.2767,3.2807,3.2767,3.2797,30
2026-05-19 20:33:00,3.2737,3.2747,3.2727,3.2727,3.2787,3.2797,3.2777,3.2777,16
2026-05-19 20:34:00,3.2732,3.2737,3.2717,3.2717,3.2782,3.2787,3.2767,3.2767,12
2026-05-19 20:35:00,3.2722,3.2747,3.2717,3.2737,3.2772,3.2797,3.2767,3.2787,26
2026-05-19 20:36:00,3.2727,3.2747,3.2717,3.2727,3.2777,3.2797,3.2767,3.2777,26
2026-05-19 20:37:00,3.2732,3.2732,3.2717,3.2717,3.2782,3.2782,3.2767,3.2767,7
2026-05-19 20:38:00,3.2727,3.2727,3.2687,3.2692,3.2777,3.2777,3.2737,3.2742,23
2026-05-19 20:39:00,3.2687,3.2707,3.2677,3.2707,3.2737,3.2757,3.2727,3.2757,17
2026-05-19 20:40:00,3.2712,3.2712,3.2687,3.2697,3.2762,3.2762,3.2737,3.2747,7
2026-05-19 20:41:00,3.2692,3.2692,3.2677,3.2687,3.2742,3.2742,3.2727,3.2737,8
2026-05-19 20:42:00,3.2697,3.2697,3.2682,3.2692,3.2747,3.2747,3.2732,3.2742,5
2026-05-19 20:43:00,3.2687,3.2697,3.2687,3.2697,3.2737,3.2747,3.2737,3.2747,7
2026-05-19 20:44:00,3.2687,3.2697,3.2687,3.2687,3.2737,3.2747,3.2737,3.2737,12
2026-05-19 20:45:00,3.2692,3.2697,3.2687,3.2687,3.2742,3.2747,3.2737,3.2737,7
2026-05-19 20:46:00,3.2697,3.2697,3.2697,3.2697,3.2747,3.2747,3.2747,3.2747,1
2026-05-19 20:47:00,3.2707,3.2717,3.2707,3.2717,3.2757,3.2767,3.2757,3.2767,14
2026-05-19 20:48:00,3.2712,3.2727,3.2712,3.2717,3.2762,3.2777,3.2762,3.2767,8
2026-05-19 20:49:00,3.2707,3.2707,3.2707,3.2707,3.2757,3.2757,3.2757,3.2757,1
2026-05-19 20:50:00,3.2712,3.2717,3.2707,3.2707,3.2762,3.2767,3.2757,3.2757,12
2026-05-19 20:51:00,3.2717,3.2717,3.2707,3.2717,3.2767,3.2767,3.2757,3.2767,15
2026-05-19 20:52:00,3.2727,3.2727,3.2717,3.2717,3.2777,3.2777,3.2767,3.2767,4
2026-05-19 20:53:00,3.2727,3.2737,3.2717,3.2732,3.2777,3.2787,3.2767,3.2782,11
2026-05-19 20:54:00,3.2727,3.2737,3.2717,3.2727,3.2777,3.2787,3.2767,3.2777,16
2026-05-19 20:55:00,3.2732,3.2747,3.2717,3.2747,3.2782,3.2797,3.2767,3.2797,20
2026-05-19 20:56:00,3.2737,3.2747,3.2727,3.2737,3.2787,3.2797,3.2777,3.2787,12
2026-05-19 20:57:00,3.2732,3.2757,3.2717,3.2737,3.2782,3.2807,3.2767,3.2787,9
2026-05-19 20:58:00,3.2747,3.2757,3.2737,3.2747,3.2797,3.2807,3.2787,3.2797,11
2026-05-19 20:59:00,3.2757,3.2757,3.2747,3.2747,3.2807,3.2807,3.2797,3.2797,8
2026-05-19 21:00:00,3.2757,3.2757,3.2747,3.2747,3.2807,3.2807,3.2797,3.2797,5
2026-05-19 21:02:00,3.2757,3.2757,3.2747,3.2747,3.2807,3.2807,3.2797,3.2797,12
2026-05-19 21:03:00,3.2757,3.2757,3.2752,3.2757,3.2807,3.2807,3.2802,3.2807,3
2026-05-19 21:04:00,3.2747,3.2777,3.2747,3.2772,3.2797,3.2827,3.2797,3.2822,15
2026-05-19 21:05:00,3.2767,3.2807,3.2767,3.2807,3.2817,3.2857,3.2817,3.2857,22
2026-05-19 21:06:00,3.2802,3.2817,3.2797,3.2797,3.2852,3.2867,3.2847,3.2847,12
2026-05-19 21:07:00,3.2787,3.2797,3.2787,3.2787,3.2837,3.2847,3.2837,3.2837,5
2026-05-19 21:08:00,3.2777,3.2777,3.2757,3.2767,3.2827,3.2827,3.2807,3.2817,11
2026-05-19 21:09:00,3.2777,3.2787,3.2777,3.2787,3.2827,3.2837,3.2827,3.2837,4
2026-05-19 21:10:00,3.2782,3.2787,3.2777,3.2787,3.2832,3.2837,3.2827,3.2837,7
2026-05-19 21:11:00,3.2777,3.2787,3.2757,3.2757,3.2827,3.2837,3.2807,3.2807,9
2026-05-19 21:12:00,3.2747,3.2757,3.2727,3.2727,3.2797,3.2807,3.2777,3.2777,23
2026-05-19 21:13:00,3.2717,3.2717,3.2707,3.2717,3.2767,3.2767,3.2757,3.2767,3
2026-05-19 21:14:00,3.2712,3.2747,3.2712,3.2732,3.2762,3.2797,3.2762,3.2782,19
2026-05-19 21:15:00,3.2727,3.2737,3.2727,3.2737,3.2777,3.2787,3.2777,3.2787,2
2026-05-19 21:16:00,3.2747,3.2747,3.2737,3.2737,3.2797,3.2797,3.2787,3.2787,2
2026-05-19 21:17:00,3.2747,3.2747,3.2737,3.2747,3.2797,3.2797,3.2787,3.2797,6
2026-05-19 21:18:00,3.2757,3.2757,3.2747,3.2747,3.2807,3.2807,3.2797,3.2797,2
2026-05-19 21:19:00,3.2757,3.2757,3.2747,3.2747,3.2807,3.2807,3.2797,3.2797,2
2026-05-19 21:20:00,3.2757,3.2757,3.2747,3.2747,3.2807,3.2807,3.2797,3.2797,8
2026-05-19 21:22:00,3.2757,3.2777,3.2757,3.2767,3.2807,3.2827,3.2807,3.2817,7
2026-05-19 21:23:00,3.2777,3.2777,3.2757,3.2767,3.2827,3.2827,3.2807,3.2817,12
2026-05-19 21:24:00,3.2777,3.2797,3.2767,3.2787,3.2827,3.2847,3.2817,3.2837,9
2026-05-19 21:25:00,3.2797,3.2817,3.2797,3.2797,3.2847,3.2867,3.2847,3.2847,7
2026-05-19 21:26:00,3.2787,3.2797,3.2787,3.2797,3.2837,3.2847,3.2837,3.2847,2
2026-05-19 21:27:00,3.2787,3.2797,3.2787,3.2797,3.2837,3.2847,3.2837,3.2847,4
2026-05-19 21:28:00,3.2802,3.2807,3.2802,3.2807,3.2852,3.2857,3.2852,3.2857,2
2026-05-19 21:29:00,3.2812,3.2817,3.2807,3.2807,3.2862,3.2867,3.2857,3.2857,6
2026-05-19 21:30:00,3.2812,3.2817,3.2807,3.2817,3.2862,3.2867,3.2857,3.2867,5
2026-05-19 21:31:00,3.2822,3.2827,3.2802,3.2817,3.2872,3.2877,3.2852,3.2867,17
2026-05-19 21:32:00,3.2807,3.2817,3.2797,3.2797,3.2857,3.2867,3.2847,3.2847,9
2026-05-19 21:33:00,3.2787,3.2787,3.2777,3.2777,3.2837,3.2837,3.2827,3.2827,4
2026-05-19 21:34:00,3.2767,3.2772,3.2747,3.2757,3.2817,3.2822,3.2797,3.2807,8
2026-05-19 21:35:00,3.2747,3.2747,3.2747,3.2747,3.2797,3.2797,3.2797,3.2797,1
2026-05-19 21:36:00,3.2757,3.2757,3.2747,3.2747,3.2807,3.2807,3.2797,3.2797,4
2026-05-19 21:39:00,3.2737,3.2747,3.2737,3.2747,3.2787,3.2797,3.2787,3.2797,6
2026-05-19 21:40:00,3.2757,3.2767,3.2747,3.2767,3.2807,3.2817,3.2797,3.2817,5
2026-05-19 21:41:00,3.2762,3.2767,3.2757,3.2767,3.2812,3.2817,3.2807,3.2817,9
2026-05-19 21:42:00,3.2762,3.2767,3.2762,3.2767,3.2812,3.2817,3.2812,3.2817,2
2026-05-19 21:43:00,3.2762,3.2777,3.2762,3.2767,3.2812,3.2827,3.2812,3.2817,3
2026-05-19 21:45:00,3.2787,3.2787,3.2767,3.2767,3.2837,3.2837,3.2817,3.2817,3
2026-05-19 21:46:00,3.2777,3.2777,3.2777,3.2777,3.2827,3.2827,3.2827,3.2827,1
2026-05-19 21:47:00,3.2782,3.2797,3.2757,3.2767,3.2832,3.2847,3.2807,3.2817,28
2026-05-19 21:48:00,3.2762,3.2762,3.2747,3.2757,3.2812,3.2812,3.2797,3.2807,8
2026-05-19 21:49:00,3.2762,3.2767,3.2737,3.2737,3.2812,3.2817,3.2787,3.2787,12
2026-05-19 21:50:00,3.2727,3.2732,3.2697,3.2707,3.2777,3.2782,3.2747,3.2757,17
2026-05-19 21:51:00,3.2697,3.2697,3.2697,3.2697,3.2747,3.2747,3.2747,3.2747,1
2026-05-19 21:52:00,3.2687,3.2697,3.2677,3.2677,3.2737,3.2747,3.2727,3.2727,16
2026-05-19 21:53:00,3.2682,3.2687,3.2677,3.2677,3.2732,3.2737,3.2727,3.2727,3
2026-05-19 21:54:00,3.2687,3.2687,3.2687,3.2687,3.2737,3.2737,3.2737,3.2737,1
2026-05-19 21:55:00,3.2697,3.2717,3.2697,3.2707,3.2747,3.2767,3.2747,3.2757,8
2026-05-19 21:56:00,3.2702,3.2707,3.2697,3.2702,3.2752,3.2757,3.2747,3.2752,7
2026-05-19 21:57:00,3.2697,3.2712,3.2697,3.2707,3.2747,3.2762,3.2747,3.2757,4
2026-05-19 21:58:00,3.2712,3.2727,3.2712,3.2717,3.2762,3.2777,3.2762,3.2767,11
2026-05-19 21:59:00,3.2722,3.2722,3.2687,3.2697,3.2772,3.2772,3.2737,3.2747,22
2026-05-19 22:00:00,3.2702,3.2702,3.2677,3.2677,3.2752,3.2752,3.2727,3.2727,5
2026-05-19 22:01:00,3.2687,3.2687,3.2682,3.2687,3.2737,3.2737,3.2732,3.2737,3
2026-05-19 22:02:00,3.2682,3.2682,3.2677,3.2677,3.2732,3.2732,3.2727,3.2727,2
2026-05-19 22:03:00,3.2682,3.2687,3.2677,3.2677,3.2732,3.2737,3.2727,3.2727,4
2026-05-19 22:04:00,3.2672,3.2687,3.2672,3.2687,3.2722,3.2737,3.2722,3.2737,3
2026-05-19 22:05:00,3.2682,3.2682,3.2682,3.2682,3.2732,3.2732,3.2732,3.2732,1
2026-05-19 22:06:00,3.2687,3.2692,3.2687,3.2692,3.2737,3.2742,3.2737,3.2742,2
2026-05-19 22:07:00,3.2697,3.2717,3.2697,3.2712,3.2747,3.2767,3.2747,3.2762,6
2026-05-19 22:08:00,3.2717,3.2732,3.2717,3.2732,3.2767,3.2782,3.2767,3.2782,7
2026-05-19 22:09:00,3.2727,3.2732,3.2717,3.2722,3.2777,3.2782,3.2767,3.2772,9
2026-05-19 22:10:00,3.2717,3.2722,3.2717,3.2722,3.2767,3.2772,3.2767,3.2772,2
2026-05-19 22:11:00,3.2727,3.2727,3.2722,3.2722,3.2777,3.2777,3.2772,3.2772,2
2026-05-19 22:12:00,3.2717,3.2727,3.2702,3.2702,3.2767,3.2777,3.2752,3.2752,7
2026-05-19 22:13:00,3.2707,3.2707,3.2672,3.2672,3.2757,3.2757,3.2722,3.2722,10
2026-05-19 22:14:00,3.2667,3.2677,3.2667,3.2672,3.2717,3.2727,3.2717,3.2722,5
2026-05-19 22:15:00,3.2677,3.2712,3.2672,3.2687,3.2727,3.2762,3.2722,3.2737,13
2026-05-19 22:16:00,3.2682,3.2702,3.2677,3.2702,3.2732,3.2752,3.2727,3.2752,9
2026-05-19 22:17:00,3.2697,3.2697,3.2692,3.2692,3.2747,3.2747,3.2742,3.2742,2
2026-05-19 22:18:00,3.2697,3.2697,3.2692,3.2692,3.2747,3.2747,3.2742,3.2742,4
2026-05-19 22:19:00,3.2687,3.2692,3.2687,3.2687,3.2737,3.2742,3.2737,3.2737,3
2026-05-19 22:20:00,3.2697,3.2697,3.2697,3.2697,3.2747,3.2747,3.2747,3.2747,1
2026-05-19 22:21:00,3.2707,3.2707,3.2692,3.2692,3.2757,3.2757,3.2742,3.2742,5
2026-05-19 22:22:00,3.2697,3.2697,3.2687,3.2687,3.2747,3.2747,3.2737,3.2737,2
2026-05-19 22:23:00,3.2697,3.2702,3.2692,3.2692,3.2747,3.2752,3.2742,3.2742,4
2026-05-19 22:24:00,3.2687,3.2687,3.2687,3.2687,3.2737,3.2737,3.2737,3.2737,1
2026-05-19 22:25:00,3.2682,3.2682,3.2682,3.2682,3.2732,3.2732,3.2732,3.2732,1
2026-05-19 22:26:00,3.2677,3.2682,3.2677,3.2682,3.2727,3.2732,3.2727,3.2732,2
2026-05-19 22:27:00,3.2677,3.2697,3.2677,3.2692,3.2727,3.2747,3.2727,3.2742,5
2026-05-19 22:28:00,3.2687,3.2687,3.2677,3.2682,3.2737,3.2737,3.2727,3.2732,6
2026-05-19 22:29:00,3.2677,3.2687,3.2672,3.2682,3.2727,3.2737,3.2722,3.2732,12
2026-05-19 22:30:00,3.2687,3.2692,3.2677,3.2687,3.2737,3.2742,3.2727,3.2737,5
2026-05-19 22:31:00,3.2682,3.2682,3.2677,3.2677,3.2732,3.2732,3.2727,3.2727,2
2026-05-19 22:33:00,3.2672,3.2672,3.2672,3.2672,3.2722,3.2722,3.2722,3.2722,1
2026-05-19 22:34:00,3.2677,3.2677,3.2677,3.2677,3.2727,3.2727,3.2727,3.2727,1
2026-05-19 22:35:00,3.2667,3.2667,3.2637,3.2637,3.2717,3.2717,3.2687,3.2687,4
2026-05-19 22:37:00,3.2642,3.2647,3.2642,3.2647,3.2692,3.2697,3.2692,3.2697,2
2026-05-19 22:38:00,3.2642,3.2652,3.2637,3.2652,3.2692,3.2702,3.2687,3.2702,4
2026-05-19 22:39:00,3.2657,3.2657,3.2657,3.2657,3.2707,3.2707,3.2707,3.2707,1
2026-05-19 22:41:00,3.2662,3.2662,3.2662,3.2662,3.2712,3.2712,3.2712,3.2712,1
2026-05-19 22:42:00,3.2667,3.2667,3.2652,3.2652,3.2717,3.2717,3.2702,3.2702,4
2026-05-19 22:43:00,3.2657,3.2657,3.2647,3.2647,3.2707,3.2707,3.2697,3.2697,2
2026-05-19 22:44:00,3.2637,3.2647,3.2637,3.2637,3.2687,3.2697,3.2687,3.2687,9
2026-05-19 22:45:00,3.2642,3.2642,3.2637,3.2637,3.2692,3.2692,3.2687,3.2687,4
2026-05-19 22:46:00,3.2632,3.2642,3.2627,3.2642,3.2682,3.2692,3.2677,3.2692,8
2026-05-19 22:47:00,3.2637,3.2652,3.2637,3.2652,3.2687,3.2702,3.2687,3.2702,3
2026-05-19 22:48:00,3.2667,3.2667,3.2662,3.2662,3.2717,3.2717,3.2712,3.2712,2
2026-05-19 22:49:00,3.2667,3.2667,3.2657,3.2662,3.2717,3.2717,3.2707,3.2712,4
2026-05-19 22:50:00,3.2657,3.2657,3.2632,3.2642,3.2707,3.2707,3.2682,3.2692,8
2026-05-19 22:51:00,3.2647,3.2647,3.2647,3.2647,3.2697,3.2697,3.2697,3.2697,1
2026-05-19 22:52:00,3.2652,3.2652,3.2652,3.2652,3.2702,3.2702,3.2702,3.2702,1
2026-05-19 22:53:00,3.2647,3.2647,3.2647,3.2647,3.2697,3.2697,3.2697,3.2697,1
2026-05-19 22:54:00,3.2657,3.2657,3.2647,3.2657,3.2707,3.2707,3.2697,3.2707,3
2026-05-19 22:55:00,3.2667,3.2667,3.2657,3.2657,3.2717,3.2717,3.2707,3.2707,2
2026-05-19 22:59:00,3.2667,3.2797,3.2657,3.2797,3.2717,3.2847,3.2707,3.2847,12
2026-05-20 00:00:00,3.2767,3.2772,3.2742,3.2762,3.2817,3.2822,3.2792,3.2812,17
2026-05-20 00:01:00,3.2767,3.2767,3.2757,3.2762,3.2817,3.2817,3.2807,3.2812,5
2026-05-20 00:02:00,3.2767,3.2767,3.2757,3.2757,3.2817,3.2817,3.2807,3.2807,6
2026-05-20 00:04:00,3.2762,3.2762,3.2752,3.2752,3.2812,3.2812,3.2802,3.2802,3
2026-05-20 00:06:00,3.2757,3.2762,3.2752,3.2752,3.2807,3.2812,3.2802,3.2802,4
2026-05-20 00:09:00,3.2747,3.2757,3.2742,3.2752,3.2797,3.2807,3.2792,3.2802,8
2026-05-20 00:12:00,3.2757,3.2762,3.2757,3.2762,3.2807,3.2812,3.2807,3.2812,2
2026-05-20 00:15:00,3.2752,3.2752,3.2742,3.2742,3.2802,3.2802,3.2792,3.2792,2
2026-05-20 00:16:00,3.2727,3.2732,3.2712,3.2732,3.2777,3.2782,3.2762,3.2782,6
2026-05-20 00:19:00,3.2737,3.2742,3.2737,3.2742,3.2787,3.2792,3.2787,3.2792,2
2026-05-20 00:27:00,3.2747,3.2752,3.2742,3.2742,3.2797,3.2802,3.2792,3.2792,3
2026-05-20 00:31:00,3.2732,3.2732,3.2732,3.2732,3.2782,3.2782,3.2782,3.2782,1
2026-05-20 00:34:00,3.2737,3.2742,3.2737,3.2742,3.2787,3.2792,3.2787,3.2792,2
2026-05-20 00:42:00,3.2732,3.2732,3.2732,3.2732,3.2782,3.2782,3.2782,3.2782,1
2026-05-20 00:45:00,3.2742,3.2742,3.2737,3.2737,3.2792,3.2792,3.2787,3.2787,2
2026-05-20 00:46:00,3.2742,3.2742,3.2742,3.2742,3.2792,3.2792,3.2792,3.2792,1
2026-05-20 00:47:00,3.2737,3.2737,3.2737,3.2737,3.2787,3.2787,3.2787,3.2787,1
2026-05-20 00:52:00,3.2742,3.2742,3.2742,3.2742,3.2792,3.2792,3.2792,3.2792,1
2026-05-20 00:56:00,3.2747,3.2752,3.2742,3.2742,3.2797,3.2802,3.2792,3.2792,3
2026-05-20 01:03:00,3.2752,3.2752,3.2752,3.2752,3.2802,3.2802,3.2802,3.2802,1
2026-05-20 01:04:00,3.2747,3.2752,3.2747,3.2752,3.2797,3.2802,3.2797,3.2802,2
2026-05-20 01:05:00,3.2747,3.2752,3.2747,3.2747,3.2797,3.2802,3.2797,3.2797,3
2026-05-20 01:06:00,3.2752,3.2752,3.2747,3.2747,3.2802,3.2802,3.2797,3.2797,2
2026-05-20 01:09:00,3.2742,3.2752,3.2742,3.2742,3.2792,3.2802,3.2792,3.2792,3
2026-05-20 01:23:00,3.2732,3.2732,3.2732,3.2732,3.2782,3.2782,3.2782,3.2782,1
2026-05-20 01:26:00,3.2742,3.2742,3.2742,3.2742,3.2792,3.2792,3.2792,3.2792,1
2026-05-20 01:27:00,3.2737,3.2737,3.2732,3.2732,3.2787,3.2787,3.2782,3.2782,2
2026-05-20 01:30:00,3.2742,3.2742,3.2732,3.2737,3.2792,3.2792,3.2782,3.2787,3
2026-05-20 01:37:00,3.2742,3.2742,3.2742,3.2742,3.2792,3.2792,3.2792,3.2792,1
2026-05-20 01:39:00,3.2737,3.2737,3.2732,3.2732,3.2787,3.2787,3.2782,3.2782,2
2026-05-20 01:55:00,3.2727,3.2742,3.2727,3.2732,3.2777,3.2792,3.2777,3.2782,5
2026-05-20 01:57:00,3.2727,3.2732,3.2712,3.2722,3.2777,3.2782,3.2762,3.2772,10
2026-05-20 01:58:00,3.2732,3.2732,3.2732,3.2732,3.2782,3.2782,3.2782,3.2782,1
2026-05-20 02:01:00,3.2727,3.2732,3.2722,3.2722,3.2777,3.2782,3.2772,3.2772,4
2026-05-20 02:02:00,3.2717,3.2722,3.2712,3.2712,3.2767,3.2772,3.2762,3.2762,11
2026-05-20 02:03:00,3.2722,3.2722,3.2717,3.2717,3.2772,3.2772,3.2767,3.2767,2
2026-05-20 02:04:00,3.2712,3.2717,3.2712,3.2717,3.2762,3.2767,3.2762,3.2767,4
2026-05-20 02:05:00,3.2722,3.2722,3.2712,3.2722,3.2772,3.2772,3.2762,3.2772,8
2026-05-20 02:06:00,3.2717,3.2722,3.2687,3.2687,3.2767,3.2772,3.2737,3.2737,10
2026-05-20 02:07:00,3.2692,3.2692,3.2682,3.2682,3.2742,3.2742,3.2732,3.2732,3
2026-05-20 02:08:00,3.2692,3.2722,3.2692,3.2717,3.2742,3.2772,3.2742,3.2767,18
2026-05-20 02:09:00,3.2712,3.2712,3.2712,3.2712,3.2762,3.2762,3.2762,3.2762,1
2026-05-20 02:11:00,3.2722,3.2732,3.2712,3.2717,3.2772,3.2782,3.2762,3.2767,6
2026-05-20 02:12:00,3.2712,3.2717,3.2692,3.2692,3.2762,3.2767,3.2742,3.2742,6
2026-05-20 02:13:00,3.2687,3.2687,3.2687,3.2687,3.2737,3.2737,3.2737,3.2737,1
2026-05-20 02:14:00,3.2682,3.2682,3.2682,3.2682,3.2732,3.2732,3.2732,3.2732,1
2026-05-20 02:16:00,3.2687,3.2687,3.2682,3.2687,3.2737,3.2737,3.2732,3.2737,3
2026-05-20 02:17:00,3.2692,3.2692,3.2687,3.2687,3.2742,3.2742,3.2737,3.2737,2
2026-05-20 02:18:00,3.2682,3.2692,3.2682,3.2682,3.2732,3.2742,3.2732,3.2732,4
2026-05-20 02:19:00,3.2692,3.2692,3.2687,3.2687,3.2742,3.2742,3.2737,3.2737,2
2026-05-20 02:20:00,3.2662,3.2677,3.2642,3.2672,3.2712,3.2727,3.2692,3.2722,10
2026-05-20 02:21:00,3.2677,3.2677,3.2677,3.2677,3.2727,3.2727,3.2727,3.2727,1
2026-05-20 02:22:00,3.2672,3.2677,3.2672,3.2677,3.2722,3.2727,3.2722,3.2727,2
2026-05-20 02:23:00,3.2672,3.2677,3.2662,3.2662,3.2722,3.2727,3.2712,3.2712,3
2026-05-20 02:25:00,3.2652,3.2662,3.2642,3.2647,3.2702,3.2712,3.2692,3.2697,11
2026-05-20 02:26:00,3.2652,3.2657,3.2642,3.2647,3.2702,3.2707,3.2692,3.2697,9
2026-05-20 02:27:00,3.2642,3.2642,3.2642,3.2642,3.2692,3.2692,3.2692,3.2692,1
2026-05-20 02:28:00,3.2652,3.2662,3.2647,3.2657,3.2702,3.2712,3.2697,3.2707,6
2026-05-20 02:29:00,3.2662,3.2672,3.2662,3.2662,3.2712,3.2722,3.2712,3.2712,4
2026-05-20 02:30:00,3.2667,3.2667,3.2652,3.2657,3.2717,3.2717,3.2702,3.2707,4
2026-05-20 02:31:00,3.2647,3.2662,3.2647,3.2657,3.2697,3.2712,3.2697,3.2707,10
2026-05-20 02:32:00,3.2652,3.2652,3.2642,3.2642,3.2702,3.2702,3.2692,3.2692,6
2026-05-20 02:33:00,3.2652,3.2652,3.2647,3.2652,3.2702,3.2702,3.2697,3.2702,5
2026-05-20 02:34:00,3.2662,3.2662,3.2647,3.2652,3.2712,3.2712,3.2697,3.2702,8
2026-05-20 02:35:00,3.2647,3.2647,3.2647,3.2647,3.2697,3.2697,3.2697,3.2697,1
2026-05-20 02:36:00,3.2652,3.2652,3.2647,3.2652,3.2702,3.2702,3.2697,3.2702,3
2026-05-20 02:37:00,3.2647,3.2657,3.2642,3.2657,3.2697,3.2707,3.2692,3.2707,7
2026-05-20 02:38:00,3.2652,3.2652,3.2652,3.2652,3.2702,3.2702,3.2702,3.2702,1
2026-05-20 02:39:00,3.2657,3.2657,3.2657,3.2657,3.2707,3.2707,3.2707,3.2707,1
2026-05-20 02:46:00,3.2667,3.2672,3.2662,3.2662,3.2717,3.2722,3.2712,3.2712,5
2026-05-20 02:47:00,3.2667,3.2672,3.2652,3.2657,3.2717,3.2722,3.2702,3.2707,6
2026-05-20 02:48:00,3.2662,3.2662,3.2662,3.2662,3.2712,3.2712,3.2712,3.2712,1
2026-05-20 02:49:00,3.2657,3.2662,3.2652,3.2652,3.2707,3.2712,3.2702,3.2702,3
2026-05-20 02:54:00,3.2662,3.2662,3.2642,3.2647,3.2712,3.2712,3.2692,3.2697,8
2026-05-20 02:55:00,3.2652,3.2652,3.2652,3.2652,3.2702,3.2702,3.2702,3.2702,1
2026-05-20 02:56:00,3.2657,3.2657,3.2652,3.2652,3.2707,3.2707,3.2702,3.2702,2
2026-05-20 03:00:00,3.2657,3.2672,3.2657,3.2672,3.2707,3.2722,3.2707,3.2722,8
2026-05-20 03:01:00,3.2682,3.2697,3.2682,3.2692,3.2732,3.2747,3.2732,3.2742,8
2026-05-20 03:02:00,3.2687,3.2702,3.2687,3.2697,3.2737,3.2752,3.2737,3.2747,8
2026-05-20 03:03:00,3.2692,3.2692,3.2682,3.2682,3.2742,3.2742,3.2732,3.2732,3
2026-05-20 03:04:00,3.2687,3.2687,3.2672,3.2672,3.2737,3.2737,3.2722,3.2722,4
2026-05-20 03:05:00,3.2667,3.2677,3.2667,3.2677,3.2717,3.2727,3.2717,3.2727,5
2026-05-20 03:06:00,3.2672,3.2677,3.2662,3.2677,3.2722,3.2727,3.2712,3.2727,8
2026-05-20 03:07:00,3.2672,3.2672,3.2672,3.2672,3.2722,3.2722,3.2722,3.2722,1
2026-05-20 03:08:00,3.2682,3.2702,3.2682,3.2687,3.2732,3.2752,3.2732,3.2737,6
2026-05-20 03:09:00,3.2682,3.2702,3.2682,3.2702,3.2732,3.2752,3.2732,3.2752,6
2026-05-20 03:11:00,3.2707,3.2712,3.2707,3.2707,3.2757,3.2762,3.2757,3.2757,3
2026-05-20 03:12:00,3.2702,3.2712,3.2702,3.2712,3.2752,3.2762,3.2752,3.2762,3
2026-05-20 03:13:00,3.2707,3.2707,3.2707,3.2707,3.2757,3.2757,3.2757,3.2757,1
2026-05-20 03:14:00,3.2712,3.2712,3.2707,3.2707,3.2762,3.2762,3.2757,3.2757,2
2026-05-20 03:15:00,3.2712,3.2712,3.2702,3.2702,3.2762,3.2762,3.2752,3.2752,3
2026-05-20 03:16:00,3.2712,3.2712,3.2712,3.2712,3.2762,3.2762,3.2762,3.2762,1
2026-05-20 03:18:00,3.2702,3.2707,3.2702,3.2707,3.2752,3.2757,3.2752,3.2757,4
2026-05-20 03:19:00,3.2712,3.2712,3.2712,3.2712,3.2762,3.2762,3.2762,3.2762,1
2026-05-20 03:20:00,3.2707,3.2712,3.2707,3.2707,3.2757,3.2762,3.2757,3.2757,3
2026-05-20 03:22:00,3.2702,3.2702,3.2702,3.2702,3.2752,3.2752,3.2752,3.2752,1
2026-05-20 03:24:00,3.2712,3.2722,3.2702,3.2707,3.2762,3.2772,3.2752,3.2757,6
2026-05-20 03:25:00,3.2702,3.2712,3.2702,3.2712,3.2752,3.2762,3.2752,3.2762,6
2026-05-20 03:26:00,3.2717,3.2722,3.2717,3.2722,3.2767,3.2772,3.2767,3.2772,2
2026-05-20 03:27:00,3.2737,3.2742,3.2737,3.2742,3.2787,3.2792,3.2787,3.2792,2
2026-05-20 03:28:00,3.2737,3.2742,3.2732,3.2737,3.2787,3.2792,3.2782,3.2787,7
2026-05-20 03:29:00,3.2742,3.2742,3.2737,3.2737,3.2792,3.2792,3.2787,3.2787,2
2026-05-20 03:30:00,3.2742,3.2742,3.2742,3.2742,3.2792,3.2792,3.2792,3.2792,1
2026-05-20 03:31:00,3.2737,3.2737,3.2732,3.2732,3.2787,3.2787,3.2782,3.2782,4
2026-05-20 03:32:00,3.2727,3.2737,3.2727,3.2732,3.2777,3.2787,3.2777,3.2782,4
2026-05-20 03:33:00,3.2737,3.2737,3.2712,3.2732,3.2787,3.2787,3.2762,3.2782,6
2026-05-20 03:34:00,3.2727,3.2732,3.2727,3.2732,3.2777,3.2782,3.2777,3.2782,2
2026-05-20 03:36:00,3.2742,3.2752,3.2737,3.2747,3.2792,3.2802,3.2787,3.2797,8
2026-05-20 03:38:00,3.2742,3.2752,3.2742,3.2752,3.2792,3.2802,3.2792,3.2802,2
2026-05-20 03:40:00,3.2747,3.2747,3.2737,3.2737,3.2797,3.2797,3.2787,3.2787,3
2026-05-20 03:41:00,3.2742,3.2742,3.2737,3.2737,3.2792,3.2792,3.2787,3.2787,2
2026-05-20 03:42:00,3.2732,3.2742,3.2732,3.2732,3.2782,3.2792,3.2782,3.2782,7
2026-05-20 03:47:00,3.2722,3.2722,3.2717,3.2717,3.2772,3.2772,3.2767,3.2767,2
2026-05-20 03:48:00,3.2712,3.2712,3.2712,3.2712,3.2762,3.2762,3.2762,3.2762,1
2026-05-20 03:49:00,3.2702,3.2702,3.2697,3.2697,3.2752,3.2752,3.2747,3.2747,2
2026-05-20 03:50:00,3.2692,3.2702,3.2627,3.2642,3.2742,3.2752,3.2677,3.2692,35
2026-05-20 03:51:00,3.2647,3.2652,3.2642,3.2652,3.2697,3.2702,3.2692,3.2702,5
2026-05-20 03:53:00,3.2642,3.2642,3.2642,3.2642,3.2692,3.2692,3.2692,3.2692,1
2026-05-20 03:54:00,3.2652,3.2652,3.2647,3.2647,3.2702,3.2702,3.2697,3.2697,2
2026-05-20 03:55:00,3.2652,3.2652,3.2647,3.2652,3.2702,3.2702,3.2697,3.2702,3
2026-05-20 03:57:00,3.2647,3.2657,3.2647,3.2657,3.2697,3.2707,3.2697,3.2707,3
2026-05-20 04:01:00,3.2652,3.2652,3.2647,3.2652,3.2702,3.2702,3.2697,3.2702,3
2026-05-20 04:02:00,3.2662,3.2662,3.2657,3.2657,3.2712,3.2712,3.2707,3.2707,2
2026-05-20 04:05:00,3.2652,3.2652,3.2652,3.2652,3.2702,3.2702,3.2702,3.2702,1
2026-05-20 04:06:00,3.2657,3.2662,3.2652,3.2662,3.2707,3.2712,3.2702,3.2712,4
2026-05-20 04:07:00,3.2657,3.2662,3.2652,3.2657,3.2707,3.2712,3.2702,3.2707,7
2026-05-20 04:08:00,3.2662,3.2662,3.2652,3.2652,3.2712,3.2712,3.2702,3.2702,2
2026-05-20 04:10:00,3.2632,3.2632,3.2612,3.2622,3.2682,3.2682,3.2662,3.2672,6
2026-05-20 04:11:00,3.2612,3.2622,3.2607,3.2612,3.2662,3.2672,3.2657,3.2662,8
2026-05-20 04:15:00,3.2607,3.2612,3.2607,3.2612,3.2657,3.2662,3.2657,3.2662,2
2026-05-20 04:17:00,3.2622,3.2652,3.2622,3.2652,3.2672,3.2702,3.2672,3.2702,5
2026-05-20 04:18:00,3.2647,3.2652,3.2647,3.2652,3.2697,3.2702,3.2697,3.2702,6
2026-05-20 04:23:00,3.2662,3.2662,3.2652,3.2652,3.2712,3.2712,3.2702,3.2702,5
2026-05-20 04:25:00,3.2657,3.2662,3.2657,3.2662,3.2707,3.2712,3.2707,3.2712,2
2026-05-20 04:27:00,3.2672,3.2672,3.2672,3.2672,3.2722,3.2722,3.2722,3.2722,1
2026-05-20 04:29:00,3.2682,3.2682,3.2682,3.2682,3.2732,3.2732,3.2732,3.2732,1
2026-05-20 04:31:00,3.2692,3.2692,3.2682,3.2692,3.2742,3.2742,3.2732,3.2742,7
2026-05-20 04:32:00,3.2697,3.2702,3.2682,3.2682,3.2747,3.2752,3.2732,3.2732,6
2026-05-20 04:33:00,3.2677,3.2682,3.2677,3.2682,3.2727,3.2732,3.2727,3.2732,2
2026-05-20 04:34:00,3.2677,3.2682,3.2677,3.2682,3.2727,3.2732,3.2727,3.2732,2
2026-05-20 04:36:00,3.2677,3.2677,3.2677,3.2677,3.2727,3.2727,3.2727,3.2727,1
2026-05-20 04:37:00,3.2682,3.2682,3.2672,3.2672,3.2732,3.2732,3.2722,3.2722,3
2026-05-20 04:38:00,3.2662,3.2662,3.2652,3.2652,3.2712,3.2712,3.2702,3.2702,4
2026-05-20 04:39:00,3.2662,3.2662,3.2662,3.2662,3.2712,3.2712,3.2712,3.2712,1
2026-05-20 04:41:00,3.2667,3.2667,3.2657,3.2662,3.2717,3.2717,3.2707,3.2712,4
2026-05-20 04:43:00,3.2657,3.2657,3.2657,3.2657,3.2707,3.2707,3.2707,3.2707,1
2026-05-20 04:44:00,3.2662,3.2662,3.2662,3.2662,3.2712,3.2712,3.2712,3.2712,1
2026-05-20 04:45:00,3.2657,3.2662,3.2657,3.2662,3.2707,3.2712,3.2707,3.2712,2
2026-05-20 04:47:00,3.2652,3.2652,3.2632,3.2632,3.2702,3.2702,3.2682,3.2682,3
2026-05-20 04:48:00,3.2642,3.2642,3.2632,3.2632,3.2692,3.2692,3.2682,3.2682,4
2026-05-20 04:49:00,3.2622,3.2622,3.2622,3.2622,3.2672,3.2672,3.2672,3.2672,1
2026-05-20 04:50:00,3.2632,3.2632,3.2617,3.2622,3.2682,3.2682,3.2667,3.2672,4
2026-05-20 04:56:00,3.2612,3.2617,3.2612,3.2617,3.2662,3.2667,3.2662,3.2667,4
2026-05-20 04:57:00,3.2612,3.2617,3.2612,3.2617,3.2662,3.2667,3.2662,3.2667,2
2026-05-20 04:58:00,3.2622,3.2622,3.2622,3.2622,3.2672,3.2672,3.2672,3.2672,1
2026-05-20 04:59:00,3.2617,3.2622,3.2617,3.2622,3.2667,3.2672,3.2667,3.2672,2
2026-05-20 05:01:00,3.2632,3.2647,3.2632,3.2647,3.2682,3.2697,3.2682,3.2697,5
2026-05-20 05:02:00,3.2642,3.2642,3.2637,3.2637,3.2692,3.2692,3.2687,3.2687,2
2026-05-20 05:03:00,3.2642,3.2642,3.2632,3.2637,3.2692,3.2692,3.2682,3.2687,6
2026-05-20 05:04:00,3.2632,3.2632,3.2627,3.2627,3.2682,3.2682,3.2677,3.2677,2
2026-05-20 05:05:00,3.2622,3.2632,3.2622,3.2632,3.2672,3.2682,3.2672,3.2682,3
2026-05-20 05:06:00,3.2627,3.2627,3.2622,3.2622,3.2677,3.2677,3.2672,3.2672,2
2026-05-20 05:09:00,3.2627,3.2627,3.2627,3.2627,3.2677,3.2677,3.2677,3.2677,1
2026-05-20 05:10:00,3.2632,3.2632,3.2632,3.2632,3.2682,3.2682,3.2682,3.2682,1
2026-05-20 05:11:00,3.2627,3.2627,3.2627,3.2627,3.2677,3.2677,3.2677,3.2677,1
2026-05-20 05:12:00,3.2632,3.2632,3.2632,3.2632,3.2682,3.2682,3.2682,3.2682,1
2026-05-20 05:13:00,3.2627,3.2627,3.2627,3.2627,3.2677,3.2677,3.2677,3.2677,1
2026-05-20 05:14:00,3.2622,3.2622,3.2622,3.2622,3.2672,3.2672,3.2672,3.2672,1
2026-05-20 05:15:00,3.2632,3.2632,3.2622,3.2622,3.2682,3.2682,3.2672,3.2672,3
2026-05-20 05:16:00,3.2617,3.2617,3.2617,3.2617,3.2667,3.2667,3.2667,3.2667,1
2026-05-20 05:17:00,3.2622,3.2622,3.2622,3.2622,3.2672,3.2672,3.2672,3.2672,1
2026-05-20 05:18:00,3.2617,3.2617,3.2617,3.2617,3.2667,3.2667,3.2667,3.2667,1
2026-05-20 05:19:00,3.2622,3.2622,3.2622,3.2622,3.2672,3.2672,3.2672,3.2672,1
2026-05-20 05:20:00,3.2617,3.2617,3.2617,3.2617,3.2667,3.2667,3.2667,3.2667,1
2026-05-20 05:21:00,3.2622,3.2622,3.2622,3.2622,3.2672,3.2672,3.2672,3.2672,1
2026-05-20 05:25:00,3.2632,3.2632,3.2627,3.2627,3.2682,3.2682,3.2677,3.2677,2
2026-05-20 05:27:00,3.2632,3.2632,3.2632,3.2632,3.2682,3.2682,3.2682,3.2682,1
2026-05-20 05:30:00,3.2627,3.2652,3.2627,3.2647,3.2677,3.2702,3.2677,3.2697,8
2026-05-20 05:31:00,3.2642,3.2652,3.2637,3.2652,3.2692,3.2702,3.2687,3.2702,5
2026-05-20 05:32:00,3.2662,3.2662,3.2652,3.2652,3.2712,3.2712,3.2702,3.2702,6
2026-05-20 05:33:00,3.2662,3.2662,3.2652,3.2662,3.2712,3.2712,3.2702,3.2712,4
2026-05-20 05:34:00,3.2667,3.2672,3.2662,3.2667,3.2717,3.2722,3.2712,3.2717,4
2026-05-20 05:35:00,3.2662,3.2672,3.2662,3.2662,3.2712,3.2722,3.2712,3.2712,5
2026-05-20 05:36:00,3.2667,3.2672,3.2622,3.2632,3.2717,3.2722,3.2672,3.2682,12
2026-05-20 05:37:00,3.2637,3.2637,3.2632,3.2637,3.2687,3.2687,3.2682,3.2687,3
2026-05-20 05:38:00,3.2632,3.2652,3.2632,3.2647,3.2682,3.2702,3.2682,3.2697,9
2026-05-20 05:40:00,3.2642,3.2692,3.2642,3.2692,3.2692,3.2742,3.2692,3.2742,14
2026-05-20 05:41:00,3.2687,3.2692,3.2672,3.2672,3.2737,3.2742,3.2722,3.2722,8
2026-05-20 05:42:00,3.2677,3.2677,3.2672,3.2672,3.2727,3.2727,3.2722,3.2722,4
2026-05-20 05:43:00,3.2677,3.2677,3.2667,3.2672,3.2727,3.2727,3.2717,3.2722,4
2026-05-20 05:44:00,3.2677,3.2677,3.2677,3.2677,3.2727,3.2727,3.2727,3.2727,1
2026-05-20 05:45:00,3.2682,3.2687,3.2672,3.2687,3.2732,3.2737,3.2722,3.2737,11
2026-05-20 05:46:00,3.2692,3.2692,3.2692,3.2692,3.2742,3.2742,3.2742,3.2742,1
2026-05-20 05:47:00,3.2682,3.2682,3.2652,3.2667,3.2732,3.2732,3.2702,3.2717,16
2026-05-20 05:48:00,3.2672,3.2677,3.2672,3.2672,3.2722,3.2727,3.2722,3.2722,3
2026-05-20 05:49:00,3.2662,3.2672,3.2662,3.2672,3.2712,3.2722,3.2712,3.2722,4
2026-05-20 05:50:00,3.2662,3.2672,3.2662,3.2667,3.2712,3.2722,3.2712,3.2717,4
2026-05-20 05:51:00,3.2672,3.2677,3.2667,3.2677,3.2722,3.2727,3.2717,3.2727,3
2026-05-20 05:52:00,3.2682,3.2687,3.2682,3.2687,3.2732,3.2737,3.2732,3.2737,2
2026-05-20 05:53:00,3.2682,3.2692,3.2682,3.2687,3.2732,3.2742,3.2732,3.2737,15
2026-05-20 05:54:00,3.2682,3.2692,3.2682,3.2687,3.2732,3.2742,3.2732,3.2737,3
2026-05-20 05:55:00,3.2692,3.2692,3.2682,3.2682,3.2742,3.2742,3.2732,3.2732,8
2026-05-20 05:56:00,3.2677,3.2692,3.2677,3.2692,3.2727,3.2742,3.2727,3.2742,6
2026-05-20 05:57:00,3.2687,3.2692,3.2647,3.2652,3.2737,3.2742,3.2697,3.2702,16
2026-05-20 05:58:00,3.2642,3.2672,3.2637,3.2667,3.2692,3.2722,3.2687,3.2717,16
2026-05-20 05:59:00,3.2672,3.2672,3.2657,3.2657,3.2722,3.2722,3.2707,3.2707,4
2026-05-20 06:00:00,3.2652,3.2652,3.2622,3.2637,3.2702,3.2702,3.2672,3.2687,22
2026-05-20 06:01:00,3.2642,3.2652,3.2642,3.2642,3.2692,3.2702,3.2692,3.2692,8
2026-05-20 06:02:00,3.2647,3.2652,3.2642,3.2647,3.2697,3.2702,3.2692,3.2697,4
2026-05-20 06:04:00,3.2642,3.2652,3.2632,3.2642,3.2692,3.2702,3.2682,3.2692,8
2026-05-20 06:05:00,3.2637,3.2642,3.2622,3.2632,3.2687,3.2692,3.2672,3.2682,17
2026-05-20 06:06:00,3.2627,3.2632,3.2627,3.2627,3.2677,3.2682,3.2677,3.2677,7
2026-05-20 06:07:00,3.2632,3.2632,3.2627,3.2632,3.2682,3.2682,3.2677,3.2682,3
2026-05-20 06:08:00,3.2627,3.2637,3.2622,3.2637,3.2677,3.2687,3.2672,3.2687,10
2026-05-20 06:09:00,3.2632,3.2642,3.2622,3.2627,3.2682,3.2692,3.2672,3.2677,6
2026-05-20 06:10:00,3.2632,3.2642,3.2632,3.2642,3.2682,3.2692,3.2682,3.2692,4
2026-05-20 06:11:00,3.2637,3.2652,3.2632,3.2647,3.2687,3.2702,3.2682,3.2697,14
2026-05-20 06:12:00,3.2652,3.2652,3.2647,3.2652,3.2702,3.2702,3.2697,3.2702,3
2026-05-20 06:14:00,3.2657,3.2672,3.2657,3.2662,3.2707,3.2722,3.2707,3.2712,8
2026-05-20 06:15:00,3.2667,3.2667,3.2652,3.2652,3.2717,3.2717,3.2702,3.2702,3
2026-05-20 06:16:00,3.2657,3.2672,3.2657,3.2672,3.2707,3.2722,3.2707,3.2722,5
2026-05-20 06:17:00,3.2667,3.2667,3.2662,3.2662,3.2717,3.2717,3.2712,3.2712,2
2026-05-20 06:18:00,3.2657,3.2657,3.2652,3.2652,3.2707,3.2707,3.2702,3.2702,2
2026-05-20 06:19:00,3.2657,3.2657,3.2657,3.2657,3.2707,3.2707,3.2707,3.2707,1
2026-05-20 06:20:00,3.2662,3.2662,3.2657,3.2657,3.2712,3.2712,3.2707,3.2707,2
2026-05-20 06:21:00,3.2662,3.2697,3.2662,3.2697,3.2712,3.2747,3.2712,3.2747,9
2026-05-20 06:22:00,3.2692,3.2692,3.2672,3.2672,3.2742,3.2742,3.2722,3.2722,5
2026-05-20 06:23:00,3.2677,3.2682,3.2672,3.2682,3.2727,3.2732,3.2722,3.2732,7
2026-05-20 06:26:00,3.2687,3.2687,3.2687,3.2687,3.2737,3.2737,3.2737,3.2737,1
2026-05-20 06:27:00,3.2692,3.2692,3.2682,3.2687,3.2742,3.2742,3.2732,3.2737,4
2026-05-20 06:28:00,3.2672,3.2692,3.2672,3.2692,3.2722,3.2742,3.2722,3.2742,6
2026-05-20 06:29:00,3.2687,3.2687,3.2687,3.2687,3.2737,3.2737,3.2737,3.2737,1
2026-05-20 06:30:00,3.2692,3.2712,3.2692,3.2702,3.2742,3.2762,3.2742,3.2752,5
2026-05-20 06:31:00,3.2712,3.2712,3.2712,3.2712,3.2762,3.2762,3.2762,3.2762,1
2026-05-20 06:32:00,3.2707,3.2712,3.2702,3.2712,3.2757,3.2762,3.2752,3.2762,4
2026-05-20 06:33:00,3.2707,3.2707,3.2707,3.2707,3.2757,3.2757,3.2757,3.2757,1
2026-05-20 06:34:00,3.2702,3.2702,3.2702,3.2702,3.2752,3.2752,3.2752,3.2752,1
2026-05-20 06:35:00,3.2712,3.2712,3.2702,3.2707,3.2762,3.2762,3.2752,3.2757,6
2026-05-20 06:36:00,3.2712,3.2712,3.2712,3.2712,3.2762,3.2762,3.2762,3.2762,1
2026-05-20 06:37:00,3.2707,3.2732,3.2707,3.2717,3.2757,3.2782,3.2757,3.2767,7
2026-05-20 06:38:00,3.2712,3.2732,3.2712,3.2727,3.2762,3.2782,3.2762,3.2777,6
2026-05-20 06:39:00,3.2732,3.2732,3.2722,3.2727,3.2782,3.2782,3.2772,3.2777,5
2026-05-20 06:40:00,3.2732,3.2732,3.2732,3.2732,3.2782,3.2782,3.2782,3.2782,1
2026-05-20 06:41:00,3.2727,3.2732,3.2722,3.2732,3.2777,3.2782,3.2772,3.2782,10
2026-05-20 06:42:00,3.2727,3.2732,3.2727,3.2732,3.2777,3.2782,3.2777,3.2782,2
2026-05-20 06:43:00,3.2727,3.2732,3.2717,3.2722,3.2777,3.2782,3.2767,3.2772,5
2026-05-20 06:44:00,3.2712,3.2712,3.2712,3.2712,3.2762,3.2762,3.2762,3.2762,1
2026-05-20 06:48:00,3.2702,3.2712,3.2702,3.2707,3.2752,3.2762,3.2752,3.2757,3
2026-05-20 06:49:00,3.2702,3.2712,3.2702,3.2712,3.2752,3.2762,3.2752,3.2762,2
2026-05-20 06:50:00,3.2702,3.2702,3.2702,3.2702,3.2752,3.2752,3.2752,3.2752,1
2026-05-20 06:52:00,3.2707,3.2712,3.2707,3.2712,3.2757,3.2762,3.2757,3.2762,2
2026-05-20 06:54:00,3.2707,3.2712,3.2707,3.2712,3.2757,3.2762,3.2757,3.2762,2
2026-05-20 06:56:00,3.2707,3.2712,3.2707,3.2707,3.2757,3.2762,3.2757,3.2757,3
2026-05-20 06:57:00,3.2702,3.2702,3.2702,3.2702,3.2752,3.2752,3.2752,3.2752,1
2026-05-20 06:59:00,3.2712,3.2712,3.2702,3.2707,3.2762,3.2762,3.2752,3.2757,9
2026-05-20 07:00:00,3.2712,3.2712,3.2682,3.2682,3.2762,3.2762,3.2732,3.2732,6
2026-05-20 07:01:00,3.2687,3.2692,3.2682,3.2682,3.2737,3.2742,3.2732,3.2732,8
2026-05-20 07:02:00,3.2687,3.2692,3.2682,3.2682,3.2737,3.2742,3.2732,3.2732,5
2026-05-20 07:03:00,3.2687,3.2687,3.2687,3.2687,3.2737,3.2737,3.2737,3.2737,1
2026-05-20 07:04:00,3.2692,3.2692,3.2682,3.2682,3.2742,3.2742,3.2732,3.2732,3
2026-05-20 07:05:00,3.2672,3.2687,3.2667,3.2682,3.2722,3.2737,3.2717,3.2732,6
2026-05-20 07:06:00,3.2687,3.2687,3.2687,3.2687,3.2737,3.2737,3.2737,3.2737,1
2026-05-20 07:07:00,3.2682,3.2692,3.2682,3.2687,3.2732,3.2742,3.2732,3.2737,4
2026-05-20 07:08:00,3.2692,3.2692,3.2692,3.2692,3.2742,3.2742,3.2742,3.2742,1
2026-05-20 07:11:00,3.2682,3.2682,3.2682,3.2682,3.2732,3.2732,3.2732,3.2732,1
2026-05-20 07:14:00,3.2687,3.2692,3.2687,3.2692,3.2737,3.2742,3.2737,3.2742,4
2026-05-20 07:17:00,3.2682,3.2692,3.2677,3.2687,3.2732,3.2742,3.2727,3.2737,5
2026-05-20 07:19:00,3.2702,3.2702,3.2692,3.2702,3.2752,3.2752,3.2742,3.2752,5
2026-05-20 07:20:00,3.2692,3.2692,3.2692,3.2692,3.2742,3.2742,3.2742,3.2742,1
2026-05-20 07:21:00,3.2697,3.2702,3.2697,3.2697,3.2747,3.2752,3.2747,3.2747,3
2026-05-20 07:22:00,3.2692,3.2702,3.2692,3.2702,3.2742,3.2752,3.2742,3.2752,3
2026-05-20 07:23:00,3.2707,3.2712,3.2702,3.2707,3.2757,3.2762,3.2752,3.2757,7
2026-05-20 07:24:00,3.2712,3.2712,3.2707,3.2707,3.2762,3.2762,3.2757,3.2757,10
2026-05-20 07:26:00,3.2712,3.2722,3.2707,3.2707,3.2762,3.2772,3.2757,3.2757,5
2026-05-20 07:27:00,3.2712,3.2722,3.2707,3.2722,3.2762,3.2772,3.2757,3.2772,4
2026-05-20 07:30:00,3.2712,3.2722,3.2712,3.2712,3.2762,3.2772,3.2762,3.2762,9
2026-05-20 07:31:00,3.2707,3.2712,3.2702,3.2712,3.2757,3.2762,3.2752,3.2762,3
2026-05-20 07:32:00,3.2707,3.2707,3.2707,3.2707,3.2757,3.2757,3.2757,3.2757,1
2026-05-20 07:33:00,3.2712,3.2712,3.2707,3.2707,3.2762,3.2762,3.2757,3.2757,2
2026-05-20 07:34:00,3.2712,3.2712,3.2712,3.2712,3.2762,3.2762,3.2762,3.2762,1
2026-05-20 07:36:00,3.2707,3.2722,3.2707,3.2722,3.2757,3.2772,3.2757,3.2772,3
2026-05-20 07:37:00,3.2717,3.2717,3.2712,3.2712,3.2767,3.2767,3.2762,3.2762,2
2026-05-20 07:39:00,3.2717,3.2722,3.2712,3.2722,3.2767,3.2772,3.2762,3.2772,4
2026-05-20 07:41:00,3.2712,3.2722,3.2712,3.2722,3.2762,3.2772,3.2762,3.2772,2
2026-05-20 07:42:00,3.2712,3.2722,3.2712,3.2722,3.2762,3.2772,3.2762,3.2772,3
2026-05-20 07:43:00,3.2717,3.2717,3.2717,3.2717,3.2767,3.2767,3.2767,3.2767,1
2026-05-20 07:45:00,3.2722,3.2722,3.2717,3.2717,3.2772,3.2772,3.2767,3.2767,4
2026-05-20 07:46:00,3.2712,3.2712,3.2712,3.2712,3.2762,3.2762,3.2762,3.2762,1
2026-05-20 07:47:00,3.2702,3.2702,3.2702,3.2702,3.2752,3.2752,3.2752,3.2752,1
2026-05-20 07:48:00,3.2712,3.2712,3.2702,3.2702,3.2762,3.2762,3.2752,3.2752,3
2026-05-20 07:49:00,3.2707,3.2712,3.2707,3.2707,3.2757,3.2762,3.2757,3.2757,3
2026-05-20 07:50:00,3.2702,3.2712,3.2697,3.2707,3.2752,3.2762,3.2747,3.2757,5
2026-05-20 07:51:00,3.2712,3.2712,3.2702,3.2702,3.2762,3.2762,3.2752,3.2752,5
2026-05-20 07:52:00,3.2707,3.2732,3.2707,3.2722,3.2757,3.2782,3.2757,3.2772,6
2026-05-20 07:53:00,3.2712,3.2712,3.2707,3.2712,3.2762,3.2762,3.2757,3.2762,5
2026-05-20 07:55:00,3.2722,3.2722,3.2722,3.2722,3.2772,3.2772,3.2772,3.2772,1
2026-05-20 07:56:00,3.2712,3.2717,3.2712,3.2717,3.2762,3.2767,3.2762,3.2767,2
2026-05-20 07:57:00,3.2712,3.2722,3.2712,3.2722,3.2762,3.2772,3.2762,3.2772,4
2026-05-20 07:58:00,3.2717,3.2717,3.2712,3.2712,3.2767,3.2767,3.2762,3.2762,2
2026-05-20 07:59:00,3.2707,3.2707,3.2707,3.2707,3.2757,3.2757,3.2757,3.2757,1
2026-05-20 08:00:00,3.2712,3.2712,3.2682,3.2697,3.2762,3.2762,3.2732,3.2747,13
2026-05-20 08:01:00,3.2702,3.2702,3.2697,3.2697,3.2752,3.2752,3.2747,3.2747,4
2026-05-20 08:02:00,3.2702,3.2712,3.2702,3.2712,3.2752,3.2762,3.2752,3.2762,4
2026-05-20 08:03:00,3.2707,3.2707,3.2682,3.2682,3.2757,3.2757,3.2732,3.2732,6
2026-05-20 08:04:00,3.2692,3.2692,3.2687,3.2692,3.2742,3.2742,3.2737,3.2742,5
2026-05-20 08:05:00,3.2702,3.2702,3.2702,3.2702,3.2752,3.2752,3.2752,3.2752,1
2026-05-20 08:06:00,3.2692,3.2702,3.2692,3.2702,3.2742,3.2752,3.2742,3.2752,2
2026-05-20 08:07:00,3.2707,3.2732,3.2707,3.2732,3.2757,3.2782,3.2757,3.2782,9
2026-05-20 08:08:00,3.2722,3.2732,3.2722,3.2732,3.2772,3.2782,3.2772,3.2782,2
2026-05-20 08:09:00,3.2742,3.2742,3.2732,3.2742,3.2792,3.2792,3.2782,3.2792,6
2026-05-20 08:10:00,3.2732,3.2732,3.2712,3.2712,3.2782,3.2782,3.2762,3.2762,3
2026-05-20 08:11:00,3.2717,3.2717,3.2702,3.2702,3.2767,3.2767,3.2752,3.2752,3
2026-05-20 08:14:00,3.2692,3.2702,3.2692,3.2692,3.2742,3.2752,3.2742,3.2742,14
2026-05-20 08:15:00,3.2687,3.2702,3.2682,3.2702,3.2737,3.2752,3.2732,3.2752,6
2026-05-20 08:16:00,3.2707,3.2707,3.2682,3.2682,3.2757,3.2757,3.2732,3.2732,4
2026-05-20 08:17:00,3.2672,3.2682,3.2672,3.2677,3.2722,3.2732,3.2722,3.2727,5
2026-05-20 08:18:00,3.2682,3.2682,3.2682,3.2682,3.2732,3.2732,3.2732,3.2732,1
2026-05-20 08:19:00,3.2677,3.2692,3.2642,3.2692,3.2727,3.2742,3.2692,3.2742,24
2026-05-20 08:20:00,3.2687,3.2692,3.2687,3.2692,3.2737,3.2742,3.2737,3.2742,4
2026-05-20 08:21:00,3.2687,3.2687,3.2667,3.2672,3.2737,3.2737,3.2717,3.2722,7
2026-05-20 08:22:00,3.2677,3.2682,3.2652,3.2662,3.2727,3.2732,3.2702,3.2712,10
2026-05-20 08:23:00,3.2672,3.2672,3.2662,3.2662,3.2722,3.2722,3.2712,3.2712,11
2026-05-20 08:24:00,3.2657,3.2657,3.2657,3.2657,3.2707,3.2707,3.2707,3.2707,1
2026-05-20 08:25:00,3.2662,3.2672,3.2652,3.2652,3.2712,3.2722,3.2702,3.2702,8
2026-05-20 08:26:00,3.2642,3.2652,3.2642,3.2647,3.2692,3.2702,3.2692,3.2697,6
2026-05-20 08:27:00,3.2652,3.2652,3.2647,3.2647,3.2702,3.2702,3.2697,3.2697,6
2026-05-20 08:28:00,3.2652,3.2652,3.2642,3.2647,3.2702,3.2702,3.2692,3.2697,7
2026-05-20 08:29:00,3.2652,3.2672,3.2652,3.2662,3.2702,3.2722,3.2702,3.2712,7
2026-05-20 08:30:00,3.2652,3.2682,3.2652,3.2667,3.2702,3.2732,3.2702,3.2717,9
2026-05-20 08:31:00,3.2662,3.2677,3.2657,3.2677,3.2712,3.2727,3.2707,3.2727,7
2026-05-20 08:32:00,3.2672,3.2672,3.2672,3.2672,3.2722,3.2722,3.2722,3.2722,1
2026-05-20 08:33:00,3.2667,3.2672,3.2662,3.2672,3.2717,3.2722,3.2712,3.2722,9
2026-05-20 08:34:00,3.2677,3.2677,3.2672,3.2677,3.2727,3.2727,3.2722,3.2727,3
2026-05-20 08:35:00,3.2672,3.2672,3.2672,3.2672,3.2722,3.2722,3.2722,3.2722,1
2026-05-20 08:36:00,3.2667,3.2667,3.2662,3.2667,3.2717,3.2717,3.2712,3.2717,3
2026-05-20 08:37:00,3.2662,3.2662,3.2652,3.2657,3.2712,3.2712,3.2702,3.2707,3
2026-05-20 08:38:00,3.2652,3.2657,3.2642,3.2657,3.2702,3.2707,3.2692,3.2707,9
2026-05-20 08:39:00,3.2662,3.2662,3.2662,3.2662,3.2712,3.2712,3.2712,3.2712,1
2026-05-20 08:40:00,3.2672,3.2672,3.2662,3.2667,3.2722,3.2722,3.2712,3.2717,4
2026-05-20 08:41:00,3.2662,3.2672,3.2662,3.2662,3.2712,3.2722,3.2712,3.2712,3
2026-05-20 08:45:00,3.2657,3.2662,3.2652,3.2657,3.2707,3.2712,3.2702,3.2707,7
2026-05-20 08:46:00,3.2652,3.2667,3.2652,3.2667,3.2702,3.2717,3.2702,3.2717,6
2026-05-20 08:47:00,3.2662,3.2662,3.2662,3.2662,3.2712,3.2712,3.2712,3.2712,1
2026-05-20 08:49:00,3.2657,3.2662,3.2657,3.2662,3.2707,3.2712,3.2707,3.2712,2
2026-05-20 08:50:00,3.2672,3.2672,3.2652,3.2657,3.2722,3.2722,3.2702,3.2707,6
2026-05-20 08:51:00,3.2652,3.2652,3.2622,3.2622,3.2702,3.2702,3.2672,3.2672,9
2026-05-20 08:52:00,3.2627,3.2632,3.2627,3.2627,3.2677,3.2682,3.2677,3.2677,3
2026-05-20 08:53:00,3.2622,3.2622,3.2622,3.2622,3.2672,3.2672,3.2672,3.2672,1
2026-05-20 08:54:00,3.2632,3.2632,3.2627,3.2632,3.2682,3.2682,3.2677,3.2682,3
2026-05-20 08:55:00,3.2642,3.2642,3.2632,3.2632,3.2692,3.2692,3.2682,3.2682,4
2026-05-20 08:57:00,3.2622,3.2622,3.2622,3.2622,3.2672,3.2672,3.2672,3.2672,1
2026-05-20 08:58:00,3.2627,3.2627,3.2622,3.2622,3.2677,3.2677,3.2672,3.2672,2
2026-05-20 09:00:00,3.2632,3.2642,3.2622,3.2622,3.2682,3.2692,3.2672,3.2672,7
2026-05-20 09:01:00,3.2612,3.2622,3.2592,3.2597,3.2662,3.2672,3.2642,3.2647,9
2026-05-20 09:02:00,3.2592,3.2602,3.2572,3.2572,3.2642,3.2652,3.2622,3.2622,7
2026-05-20 09:03:00,3.2582,3.2582,3.2542,3.2557,3.2632,3.2632,3.2592,3.2607,26
2026-05-20 09:04:00,3.2562,3.2562,3.2552,3.2552,3.2612,3.2612,3.2602,3.2602,5
2026-05-20 09:05:00,3.2542,3.2582,3.2497,3.2552,3.2592,3.2632,3.2547,3.2602,42
2026-05-20 09:06:00,3.2542,3.2567,3.2532,3.2562,3.2592,3.2617,3.2582,3.2612,14
2026-05-20 09:07:00,3.2557,3.2582,3.2552,3.2552,3.2607,3.2632,3.2602,3.2602,19
2026-05-20 09:08:00,3.2547,3.2557,3.2542,3.2552,3.2597,3.2607,3.2592,3.2602,5
2026-05-20 09:10:00,3.2542,3.2557,3.2537,3.2542,3.2592,3.2607,3.2587,3.2592,9
2026-05-20 09:11:00,3.2537,3.2552,3.2532,3.2542,3.2587,3.2602,3.2582,3.2592,9
2026-05-20 09:12:00,3.2537,3.2542,3.2532,3.2532,3.2587,3.2592,3.2582,3.2582,15
2026-05-20 09:13:00,3.2537,3.2537,3.2482,3.2492,3.2587,3.2587,3.2532,3.2542,27
2026-05-20 09:14:00,3.2502,3.2522,3.2492,3.2517,3.2552,3.2572,3.2542,3.2567,9
2026-05-20 09:15:00,3.2522,3.2522,3.2502,3.2512,3.2572,3.2572,3.2552,3.2562,9
2026-05-20 09:16:00,3.2507,3.2512,3.2502,3.2502,3.2557,3.2562,3.2552,3.2552,7
2026-05-20 09:17:00,3.2512,3.2512,3.2492,3.2512,3.2562,3.2562,3.2542,3.2562,15
2026-05-20 09:18:00,3.2502,3.2502,3.2502,3.2502,3.2552,3.2552,3.2552,3.2552,1
2026-05-20 09:19:00,3.2507,3.2512,3.2502,3.2502,3.2557,3.2562,3.2552,3.2552,7
2026-05-20 09:20:00,3.2507,3.2512,3.2502,3.2512,3.2557,3.2562,3.2552,3.2562,4
2026-05-20 09:21:00,3.2522,3.2542,3.2522,3.2522,3.2572,3.2592,3.2572,3.2572,10
2026-05-20 09:22:00,3.2512,3.2522,3.2497,3.2497,3.2562,3.2572,3.2547,3.2547,11
2026-05-20 09:23:00,3.2492,3.2502,3.2492,3.2502,3.2542,3.2552,3.2542,3.2552,3
2026-05-20 09:24:00,3.2507,3.2532,3.2507,3.2527,3.2557,3.2582,3.2557,3.2577,7
2026-05-20 09:25:00,3.2532,3.2532,3.2517,3.2517,3.2582,3.2582,3.2567,3.2567,7
2026-05-20 09:26:00,3.2512,3.2512,3.2512,3.2512,3.2562,3.2562,3.2562,3.2562,1
2026-05-20 09:27:00,3.2507,3.2507,3.2507,3.2507,3.2557,3.2557,3.2557,3.2557,1
2026-05-20 09:28:00,3.2512,3.2512,3.2492,3.2492,3.2562,3.2562,3.2542,3.2542,7
2026-05-20 09:29:00,3.2482,3.2482,3.2472,3.2472,3.2532,3.2532,3.2522,3.2522,5
2026-05-20 09:30:00,3.2477,3.2502,3.2462,3.2497,3.2527,3.2552,3.2512,3.2547,33
2026-05-20 09:31:00,3.2502,3.2532,3.2502,3.2522,3.2552,3.2582,3.2552,3.2572,14
2026-05-20 09:32:00,3.2527,3.2537,3.2522,3.2532,3.2577,3.2587,3.2572,3.2582,12
2026-05-20 09:33:00,3.2522,3.2542,3.2522,3.2537,3.2572,3.2592,3.2572,3.2587,13
2026-05-20 09:34:00,3.2532,3.2542,3.2522,3.2527,3.2582,3.2592,3.2572,3.2577,8
2026-05-20 09:35:00,3.2532,3.2532,3.2522,3.2527,3.2582,3.2582,3.2572,3.2577,8
2026-05-20 09:36:00,3.2522,3.2552,3.2522,3.2547,3.2572,3.2602,3.2572,3.2597,10
2026-05-20 09:37:00,3.2552,3.2562,3.2547,3.2552,3.2602,3.2612,3.2597,3.2602,7
2026-05-20 09:38:00,3.2557,3.2562,3.2552,3.2562,3.2607,3.2612,3.2602,3.2612,4
2026-05-20 09:39:00,3.2557,3.2557,3.2532,3.2542,3.2607,3.2607,3.2582,3.2592,15
2026-05-20 09:40:00,3.2532,3.2537,3.2532,3.2537,3.2582,3.2587,3.2582,3.2587,2
2026-05-20 09:41:00,3.2522,3.2522,3.2512,3.2517,3.2572,3.2572,3.2562,3.2567,9
2026-05-20 09:42:00,3.2522,3.2532,3.2522,3.2532,3.2572,3.2582,3.2572,3.2582,7
2026-05-20 09:43:00,3.2527,3.2542,3.2527,3.2532,3.2577,3.2592,3.2577,3.2582,5
2026-05-20 09:44:00,3.2537,3.2582,3.2537,3.2572,3.2587,3.2632,3.2587,3.2622,26
2026-05-20 09:45:00,3.2582,3.2592,3.2562,3.2582,3.2632,3.2642,3.2612,3.2632,15
2026-05-20 09:46:00,3.2587,3.2587,3.2567,3.2572,3.2637,3.2637,3.2617,3.2622,6
2026-05-20 09:47:00,3.2582,3.2587,3.2582,3.2587,3.2632,3.2637,3.2632,3.2637,2
2026-05-20 09:48:00,3.2582,3.2592,3.2582,3.2582,3.2632,3.2642,3.2632,3.2632,8
2026-05-20 09:51:00,3.2572,3.2572,3.2522,3.2542,3.2622,3.2622,3.2572,3.2592,18
2026-05-20 09:52:00,3.2537,3.2542,3.2537,3.2542,3.2587,3.2592,3.2587,3.2592,4
2026-05-20 09:53:00,3.2537,3.2542,3.2532,3.2537,3.2587,3.2592,3.2582,3.2587,9
2026-05-20 09:54:00,3.2532,3.2532,3.2527,3.2527,3.2582,3.2582,3.2577,3.2577,2
2026-05-20 09:55:00,3.2532,3.2537,3.2527,3.2532,3.2582,3.2587,3.2577,3.2582,9
2026-05-20 09:56:00,3.2527,3.2537,3.2527,3.2532,3.2577,3.2587,3.2577,3.2582,6
2026-05-20 09:57:00,3.2542,3.2542,3.2532,3.2542,3.2592,3.2592,3.2582,3.2592,7
2026-05-20 09:58:00,3.2537,3.2537,3.2532,3.2532,3.2587,3.2587,3.2582,3.2582,2
2026-05-20 09:59:00,3.2537,3.2537,3.2532,3.2532,3.2587,3.2587,3.2582,3.2582,2
2026-05-20 10:00:00,3.2522,3.2532,3.2522,3.2527,3.2572,3.2582,3.2572,3.2577,5
2026-05-20 10:01:00,3.2517,3.2522,3.2517,3.2522,3.2567,3.2572,3.2567,3.2572,2
2026-05-20 10:02:00,3.2512,3.2512,3.2512,3.2512,3.2562,3.2562,3.2562,3.2562,1
2026-05-20 10:03:00,3.2502,3.2522,3.2492,3.2512,3.2552,3.2572,3.2542,3.2562,9
2026-05-20 10:04:00,3.2507,3.2507,3.2492,3.2492,3.2557,3.2557,3.2542,3.2542,11
2026-05-20 10:05:00,3.2497,3.2502,3.2492,3.2502,3.2547,3.2552,3.2542,3.2552,4
2026-05-20 10:06:00,3.2512,3.2522,3.2502,3.2512,3.2562,3.2572,3.2552,3.2562,6
2026-05-20 10:07:00,3.2517,3.2532,3.2512,3.2522,3.2567,3.2582,3.2562,3.2572,6
2026-05-20 10:08:00,3.2517,3.2517,3.2512,3.2517,3.2567,3.2567,3.2562,3.2567,3
2026-05-20 10:09:00,3.2512,3.2512,3.2507,3.2507,3.2562,3.2562,3.2557,3.2557,2
2026-05-20 10:10:00,3.2512,3.2512,3.2502,3.2512,3.2562,3.2562,3.2552,3.2562,8
2026-05-20 10:11:00,3.2507,3.2522,3.2507,3.2517,3.2557,3.2572,3.2557,3.2567,8
2026-05-20 10:12:00,3.2512,3.2512,3.2512,3.2512,3.2562,3.2562,3.2562,3.2562,1
2026-05-20 10:13:00,3.2502,3.2507,3.2502,3.2502,3.2552,3.2557,3.2552,3.2552,7
2026-05-20 10:14:00,3.2492,3.2492,3.2492,3.2492,3.2542,3.2542,3.2542,3.2542,1
2026-05-20 10:15:00,3.2482,3.2502,3.2472,3.2502,3.2532,3.2552,3.2522,3.2552,7
2026-05-20 10:16:00,3.2507,3.2507,3.2497,3.2502,3.2557,3.2557,3.2547,3.2552,4
2026-05-20 10:17:00,3.2497,3.2512,3.2497,3.2512,3.2547,3.2562,3.2547,3.2562,7
2026-05-20 10:18:00,3.2507,3.2512,3.2502,3.2507,3.2557,3.2562,3.2552,3.2557,13
2026-05-20 10:19:00,3.2512,3.2512,3.2502,3.2502,3.2562,3.2562,3.2552,3.2552,3
2026-05-20 10:20:00,3.2507,3.2512,3.2502,3.2502,3.2557,3.2562,3.2552,3.2552,8
2026-05-20 10:21:00,3.2512,3.2512,3.2512,3.2512,3.2562,3.2562,3.2562,3.2562,1
2026-05-20 10:22:00,3.2522,3.2532,3.2512,3.2522,3.2572,3.2582,3.2562,3.2572,18
2026-05-20 10:23:00,3.2512,3.2512,3.2507,3.2507,3.2562,3.2562,3.2557,3.2557,2
2026-05-20 10:24:00,3.2502,3.2512,3.2502,3.2507,3.2552,3.2562,3.2552,3.2557,4
2026-05-20 10:25:00,3.2502,3.2512,3.2502,3.2502,3.2552,3.2562,3.2552,3.2552,5
2026-05-20 10:26:00,3.2507,3.2512,3.2502,3.2507,3.2557,3.2562,3.2552,3.2557,9
2026-05-20 10:27:00,3.2512,3.2512,3.2507,3.2512,3.2562,3.2562,3.2557,3.2562,3
2026-05-20 10:28:00,3.2507,3.2512,3.2502,3.2502,3.2557,3.2562,3.2552,3.2552,4
2026-05-20 10:30:00,3.2482,3.2482,3.2462,3.2472,3.2532,3.2532,3.2512,3.2522,13
2026-05-20 10:31:00,3.2462,3.2472,3.2462,3.2462,3.2512,3.2522,3.2512,3.2512,3
2026-05-20 10:32:00,3.2467,3.2477,3.2462,3.2472,3.2517,3.2527,3.2512,3.2522,6
2026-05-20 10:33:00,3.2467,3.2482,3.2467,3.2482,3.2517,3.2532,3.2517,3.2532,4
2026-05-20 10:34:00,3.2477,3.2477,3.2467,3.2467,3.2527,3.2527,3.2517,3.2517,5
2026-05-20 10:35:00,3.2462,3.2462,3.2432,3.2432,3.2512,3.2512,3.2482,3.2482,4
2026-05-20 10:36:00,3.2422,3.2442,3.2402,3.2432,3.2472,3.2492,3.2452,3.2482,24
2026-05-20 10:37:00,3.2437,3.2442,3.2432,3.2437,3.2487,3.2492,3.2482,3.2487,7
2026-05-20 10:38:00,3.2442,3.2442,3.2412,3.2442,3.2492,3.2492,3.2462,3.2492,35
2026-05-20 10:39:00,3.2437,3.2442,3.2412,3.2422,3.2487,3.2492,3.2462,3.2472,19
2026-05-20 10:40:00,3.2412,3.2422,3.2412,3.2422,3.2462,3.2472,3.2462,3.2472,6
2026-05-20 10:41:00,3.2417,3.2432,3.2417,3.2427,3.2467,3.2482,3.2467,3.2477,13
2026-05-20 10:42:00,3.2422,3.2432,3.2422,3.2422,3.2472,3.2482,3.2472,3.2472,15
2026-05-20 10:43:00,3.2412,3.2417,3.2412,3.2417,3.2462,3.2467,3.2462,3.2467,6
2026-05-20 10:44:00,3.2412,3.2422,3.2402,3.2412,3.2462,3.2472,3.2452,3.2462,19
2026-05-20 10:45:00,3.2407,3.2422,3.2397,3.2422,3.2457,3.2472,3.2447,3.2472,13
2026-05-20 10:46:00,3.2417,3.2437,3.2412,3.2437,3.2467,3.2487,3.2462,3.2487,11
2026-05-20 10:47:00,3.2442,3.2442,3.2432,3.2437,3.2492,3.2492,3.2482,3.2487,5
2026-05-20 10:48:00,3.2442,3.2442,3.2432,3.2442,3.2492,3.2492,3.2482,3.2492,6
2026-05-20 10:49:00,3.2437,3.2452,3.2432,3.2447,3.2487,3.2502,3.2482,3.2497,16
2026-05-20 10:50:00,3.2452,3.2452,3.2432,3.2432,3.2502,3.2502,3.2482,3.2482,12
2026-05-20 10:51:00,3.2422,3.2422,3.2412,3.2412,3.2472,3.2472,3.2462,3.2462,3
2026-05-20 10:52:00,3.2402,3.2412,3.2392,3.2392,3.2452,3.2462,3.2442,3.2442,17
2026-05-20 10:53:00,3.2397,3.2402,3.2392,3.2402,3.2447,3.2452,3.2442,3.2452,15
2026-05-20 10:54:00,3.2397,3.2402,3.2392,3.2402,3.2447,3.2452,3.2442,3.2452,11
2026-05-20 10:55:00,3.2397,3.2402,3.2392,3.2402,3.2447,3.2452,3.2442,3.2452,8
2026-05-20 10:56:00,3.2412,3.2422,3.2412,3.2422,3.2462,3.2472,3.2462,3.2472,2
2026-05-20 10:57:00,3.2417,3.2422,3.2417,3.2422,3.2467,3.2472,3.2467,3.2472,6
2026-05-20 10:58:00,3.2432,3.2432,3.2422,3.2422,3.2482,3.2482,3.2472,3.2472,9
2026-05-20 10:59:00,3.2427,3.2432,3.2422,3.2432,3.2477,3.2482,3.2472,3.2482,8
2026-05-20 11:00:00,3.2422,3.2432,3.2422,3.2432,3.2472,3.2482,3.2472,3.2482,2
2026-05-20 11:01:00,3.2427,3.2437,3.2427,3.2427,3.2477,3.2487,3.2477,3.2477,9
2026-05-20 11:02:00,3.2432,3.2442,3.2422,3.2442,3.2482,3.2492,3.2472,3.2492,13
2026-05-20 11:03:00,3.2437,3.2442,3.2392,3.2412,3.2487,3.2492,3.2442,3.2462,22
2026-05-20 11:04:00,3.2407,3.2412,3.2402,3.2402,3.2457,3.2462,3.2452,3.2452,8
2026-05-20 11:05:00,3.2407,3.2412,3.2402,3.2402,3.2457,3.2462,3.2452,3.2452,5
2026-05-20 11:06:00,3.2412,3.2412,3.2402,3.2412,3.2462,3.2462,3.2452,3.2462,13
2026-05-20 11:07:00,3.2422,3.2422,3.2422,3.2422,3.2472,3.2472,3.2472,3.2472,1
2026-05-20 11:08:00,3.2412,3.2412,3.2402,3.2412,3.2462,3.2462,3.2452,3.2462,4
2026-05-20 11:09:00,3.2422,3.2422,3.2412,3.2422,3.2472,3.2472,3.2462,3.2472,7
2026-05-20 11:10:00,3.2427,3.2432,3.2427,3.2432,3.2477,3.2482,3.2477,3.2482,2
2026-05-20 11:11:00,3.2437,3.2437,3.2432,3.2432,3.2487,3.2487,3.2482,3.2482,2
2026-05-20 11:12:00,3.2442,3.2442,3.2432,3.2432,3.2492,3.2492,3.2482,3.2482,6
2026-05-20 11:13:00,3.2442,3.2442,3.2437,3.2442,3.2492,3.2492,3.2487,3.2492,3
2026-05-20 11:14:00,3.2452,3.2452,3.2447,3.2447,3.2502,3.2502,3.2497,3.2497,2
2026-05-20 11:15:00,3.2452,3.2452,3.2442,3.2452,3.2502,3.2502,3.2492,3.2502,8
2026-05-20 11:16:00,3.2462,3.2462,3.2452,3.2452,3.2512,3.2512,3.2502,3.2502,4
2026-05-20 11:18:00,3.2457,3.2462,3.2452,3.2452,3.2507,3.2512,3.2502,3.2502,4
2026-05-20 11:19:00,3.2442,3.2452,3.2442,3.2452,3.2492,3.2502,3.2492,3.2502,4
2026-05-20 11:20:00,3.2447,3.2492,3.2447,3.2482,3.2497,3.2542,3.2497,3.2532,16
2026-05-20 11:22:00,3.2487,3.2487,3.2482,3.2487,3.2537,3.2537,3.2532,3.2537,3
2026-05-20 11:23:00,3.2482,3.2492,3.2482,3.2482,3.2532,3.2542,3.2532,3.2532,7
2026-05-20 11:24:00,3.2492,3.2492,3.2482,3.2482,3.2542,3.2542,3.2532,3.2532,3
2026-05-20 11:25:00,3.2492,3.2492,3.2462,3.2462,3.2542,3.2542,3.2512,3.2512,7
2026-05-20 11:27:00,3.2472,3.2472,3.2472,3.2472,3.2522,3.2522,3.2522,3.2522,1
2026-05-20 11:30:00,3.2462,3.2502,3.2462,3.2492,3.2512,3.2552,3.2512,3.2542,13
2026-05-20 11:31:00,3.2482,3.2487,3.2482,3.2482,3.2532,3.2537,3.2532,3.2532,3
2026-05-20 11:33:00,3.2492,3.2492,3.2482,3.2487,3.2542,3.2542,3.2532,3.2537,3
2026-05-20 11:34:00,3.2482,3.2487,3.2482,3.2482,3.2532,3.2537,3.2532,3.2532,3
2026-05-20 11:36:00,3.2492,3.2492,3.2487,3.2492,3.2542,3.2542,3.2537,3.2542,3
2026-05-20 11:37:00,3.2487,3.2492,3.2477,3.2482,3.2537,3.2542,3.2527,3.2532,6
2026-05-20 11:38:00,3.2472,3.2482,3.2472,3.2482,3.2522,3.2532,3.2522,3.2532,5
2026-05-20 11:40:00,3.2472,3.2482,3.2472,3.2477,3.2522,3.2532,3.2522,3.2527,4
2026-05-20 11:41:00,3.2472,3.2472,3.2452,3.2457,3.2522,3.2522,3.2502,3.2507,7
2026-05-20 11:42:00,3.2462,3.2462,3.2442,3.2452,3.2512,3.2512,3.2492,3.2502,7
2026-05-20 11:43:00,3.2442,3.2442,3.2442,3.2442,3.2492,3.2492,3.2492,3.2492,1
2026-05-20 11:47:00,3.2447,3.2452,3.2442,3.2442,3.2497,3.2502,3.2492,3.2492,3
2026-05-20 11:48:00,3.2452,3.2452,3.2437,3.2442,3.2502,3.2502,3.2487,3.2492,14
2026-05-20 11:49:00,3.2452,3.2452,3.2452,3.2452,3.2502,3.2502,3.2502,3.2502,1
2026-05-20 11:50:00,3.2442,3.2452,3.2442,3.2442,3.2492,3.2502,3.2492,3.2492,7
2026-05-20 11:52:00,3.2452,3.2452,3.2432,3.2432,3.2502,3.2502,3.2482,3.2482,2
2026-05-20 11:54:00,3.2412,3.2412,3.2372,3.2382,3.2462,3.2462,3.2422,3.2432,14
2026-05-20 11:55:00,3.2392,3.2392,3.2377,3.2382,3.2442,3.2442,3.2427,3.2432,10
2026-05-20 11:56:00,3.2377,3.2382,3.2372,3.2382,3.2427,3.2432,3.2422,3.2432,6
2026-05-20 11:57:00,3.2372,3.2382,3.2372,3.2372,3.2422,3.2432,3.2422,3.2422,5
2026-05-20 11:58:00,3.2367,3.2367,3.2367,3.2367,3.2417,3.2417,3.2417,3.2417,1
2026-05-20 11:59:00,3.2372,3.2387,3.2372,3.2372,3.2422,3.2437,3.2422,3.2422,13
2026-05-20 12:00:00,3.2382,3.2392,3.2382,3.2382,3.2432,3.2442,3.2432,3.2432,4
2026-05-20 12:01:00,3.2387,3.2402,3.2387,3.2392,3.2437,3.2452,3.2437,3.2442,6
2026-05-20 12:02:00,3.2397,3.2402,3.2392,3.2402,3.2447,3.2452,3.2442,3.2452,3
2026-05-20 12:03:00,3.2412,3.2442,3.2392,3.2412,3.2462,3.2492,3.2442,3.2462,15
2026-05-20 12:04:00,3.2407,3.2412,3.2402,3.2407,3.2457,3.2462,3.2452,3.2457,11
2026-05-20 12:05:00,3.2402,3.2402,3.2402,3.2402,3.2452,3.2452,3.2452,3.2452,1
2026-05-20 12:09:00,3.2397,3.2402,3.2397,3.2402,3.2447,3.2452,3.2447,3.2452,2
2026-05-20 12:12:00,3.2392,3.2402,3.2392,3.2402,3.2442,3.2452,3.2442,3.2452,8
2026-05-20 12:13:00,3.2397,3.2402,3.2392,3.2402,3.2447,3.2452,3.2442,3.2452,4
2026-05-20 12:14:00,3.2392,3.2412,3.2392,3.2412,3.2442,3.2462,3.2442,3.2462,3
2026-05-20 12:15:00,3.2422,3.2422,3.2412,3.2422,3.2472,3.2472,3.2462,3.2472,7
2026-05-20 12:16:00,3.2412,3.2412,3.2402,3.2402,3.2462,3.2462,3.2452,3.2452,3
2026-05-20 12:17:00,3.2407,3.2432,3.2407,3.2432,3.2457,3.2482,3.2457,3.2482,6
2026-05-20 12:18:00,3.2442,3.2442,3.2422,3.2422,3.2492,3.2492,3.2472,3.2472,7
2026-05-20 12:19:00,3.2427,3.2492,3.2427,3.2462,3.2477,3.2542,3.2477,3.2512,39
2026-05-20 12:20:00,3.2467,3.2497,3.2452,3.2452,3.2517,3.2547,3.2502,3.2502,12
2026-05-20 12:21:00,3.2447,3.2447,3.2432,3.2447,3.2497,3.2497,3.2482,3.2497,9
2026-05-20 12:22:00,3.2452,3.2452,3.2442,3.2442,3.2502,3.2502,3.2492,3.2492,2
2026-05-20 12:23:00,3.2447,3.2447,3.2442,3.2442,3.2497,3.2497,3.2492,3.2492,4
2026-05-20 12:25:00,3.2452,3.2542,3.2452,3.2522,3.2502,3.2592,3.2502,3.2572,30
2026-05-20 12:26:00,3.2517,3.2522,3.2502,3.2517,3.2567,3.2572,3.2552,3.2567,12
2026-05-20 12:27:00,3.2522,3.2532,3.2507,3.2517,3.2572,3.2582,3.2557,3.2567,10
2026-05-20 12:28:00,3.2512,3.2522,3.2512,3.2522,3.2562,3.2572,3.2562,3.2572,3
2026-05-20 12:29:00,3.2517,3.2532,3.2502,3.2527,3.2567,3.2582,3.2552,3.2577,6
2026-05-20 12:30:00,3.2532,3.2562,3.2512,3.2522,3.2582,3.2612,3.2562,3.2572,22
2026-05-20 12:31:00,3.2532,3.2532,3.2502,3.2512,3.2582,3.2582,3.2552,3.2562,14
2026-05-20 12:32:00,3.2517,3.2517,3.2472,3.2502,3.2567,3.2567,3.2522,3.2552,20
2026-05-20 12:33:00,3.2492,3.2492,3.2472,3.2482,3.2542,3.2542,3.2522,3.2532,5
2026-05-20 12:34:00,3.2487,3.2487,3.2472,3.2477,3.2537,3.2537,3.2522,3.2527,6
2026-05-20 12:35:00,3.2482,3.2482,3.2422,3.2432,3.2532,3.2532,3.2472,3.2482,28
2026-05-20 12:36:00,3.2437,3.2442,3.2422,3.2437,3.2487,3.2492,3.2472,3.2487,17
2026-05-20 12:37:00,3.2442,3.2467,3.2442,3.2467,3.2492,3.2517,3.2492,3.2517,9
2026-05-20 12:38:00,3.2452,3.2462,3.2452,3.2457,3.2502,3.2512,3.2502,3.2507,6
2026-05-20 12:39:00,3.2452,3.2462,3.2452,3.2457,3.2502,3.2512,3.2502,3.2507,8
2026-05-20 12:40:00,3.2452,3.2477,3.2452,3.2477,3.2502,3.2527,3.2502,3.2527,8
2026-05-20 12:41:00,3.2472,3.2477,3.2462,3.2472,3.2522,3.2527,3.2512,3.2522,12
2026-05-20 12:42:00,3.2467,3.2492,3.2467,3.2487,3.2517,3.2542,3.2517,3.2537,11
2026-05-20 12:43:00,3.2492,3.2512,3.2492,3.2497,3.2542,3.2562,3.2542,3.2547,14
2026-05-20 12:44:00,3.2492,3.2492,3.2462,3.2462,3.2542,3.2542,3.2512,3.2512,9
2026-05-20 12:45:00,3.2457,3.2462,3.2447,3.2447,3.2507,3.2512,3.2497,3.2497,8
2026-05-20 12:46:00,3.2442,3.2472,3.2442,3.2452,3.2492,3.2522,3.2492,3.2502,12
2026-05-20 12:47:00,3.2442,3.2447,3.2417,3.2432,3.2492,3.2497,3.2467,3.2482,27
2026-05-20 12:48:00,3.2427,3.2442,3.2422,3.2437,3.2477,3.2492,3.2472,3.2487,13
2026-05-20 12:49:00,3.2442,3.2442,3.2422,3.2422,3.2492,3.2492,3.2472,3.2472,10
2026-05-20 12:50:00,3.2432,3.2442,3.2422,3.2442,3.2482,3.2492,3.2472,3.2492,10
2026-05-20 12:51:00,3.2437,3.2442,3.2427,3.2432,3.2487,3.2492,3.2477,3.2482,9
2026-05-20 12:52:00,3.2437,3.2442,3.2427,3.2432,3.2487,3.2492,3.2477,3.2482,8
2026-05-20 12:53:00,3.2437,3.2437,3.2432,3.2437,3.2487,3.2487,3.2482,3.2487,3
2026-05-20 12:54:00,3.2442,3.2462,3.2442,3.2462,3.2492,3.2512,3.2492,3.2512,4
2026-05-20 12:55:00,3.2472,3.2502,3.2472,3.2502,3.2522,3.2552,3.2522,3.2552,12
2026-05-20 12:56:00,3.2492,3.2497,3.2472,3.2472,3.2542,3.2547,3.2522,3.2522,5
2026-05-20 12:57:00,3.2482,3.2482,3.2462,3.2472,3.2532,3.2532,3.2512,3.2522,8
2026-05-20 12:58:00,3.2477,3.2477,3.2472,3.2472,3.2527,3.2527,3.2522,3.2522,6
2026-05-20 12:59:00,3.2477,3.2492,3.2472,3.2472,3.2527,3.2542,3.2522,3.2522,13
2026-05-20 13:00:00,3.2482,3.2507,3.2482,3.2502,3.2532,3.2557,3.2532,3.2552,20
2026-05-20 13:01:00,3.2497,3.2497,3.2482,3.2482,3.2547,3.2547,3.2532,3.2532,3
2026-05-20 13:02:00,3.2492,3.2492,3.2472,3.2492,3.2542,3.2542,3.2522,3.2542,9
2026-05-20 13:03:00,3.2482,3.2502,3.2482,3.2497,3.2532,3.2552,3.2532,3.2547,10
2026-05-20 13:04:00,3.2492,3.2502,3.2492,3.2502,3.2542,3.2552,3.2542,3.2552,6
2026-05-20 13:06:00,3.2492,3.2512,3.2492,3.2507,3.2542,3.2562,3.2542,3.2557,12
2026-05-20 13:07:00,3.2502,3.2512,3.2492,3.2512,3.2552,3.2562,3.2542,3.2562,6
2026-05-20 13:08:00,3.2522,3.2522,3.2492,3.2492,3.2572,3.2572,3.2542,3.2542,7
2026-05-20 13:09:00,3.2497,3.2512,3.2492,3.2512,3.2547,3.2562,3.2542,3.2562,11
2026-05-20 13:10:00,3.2517,3.2522,3.2512,3.2522,3.2567,3.2572,3.2562,3.2572,3
2026-05-20 13:12:00,3.2512,3.2532,3.2507,3.2532,3.2562,3.2582,3.2557,3.2582,7
2026-05-20 13:13:00,3.2527,3.2537,3.2527,3.2532,3.2577,3.2587,3.2577,3.2582,4
2026-05-20 13:14:00,3.2542,3.2632,3.2542,3.2632,3.2592,3.2682,3.2592,3.2682,23
2026-05-20 13:15:00,3.2622,3.2672,3.2612,3.2652,3.2672,3.2722,3.2662,3.2702,26
2026-05-20 13:16:00,3.2657,3.2672,3.2657,3.2672,3.2707,3.2722,3.2707,3.2722,3
2026-05-20 13:17:00,3.2662,3.2767,3.2662,3.2727,3.2712,3.2817,3.2712,3.2777,70
2026-05-20 13:18:00,3.2722,3.2742,3.2682,3.2702,3.2772,3.2792,3.2732,3.2752,38
2026-05-20 13:19:00,3.2692,3.2702,3.2682,3.2702,3.2742,3.2752,3.2732,3.2752,17
2026-05-20 13:20:00,3.2712,3.2712,3.2662,3.2672,3.2762,3.2762,3.2712,3.2722,32
2026-05-20 13:21:00,3.2682,3.2742,3.2662,3.2732,3.2732,3.2792,3.2712,3.2782,25
2026-05-20 13:22:00,3.2727,3.2727,3.2697,3.2712,3.2777,3.2777,3.2747,3.2762,14
2026-05-20 13:23:00,3.2707,3.2707,3.2682,3.2687,3.2757,3.2757,3.2732,3.2737,10
2026-05-20 13:24:00,3.2692,3.2707,3.2692,3.2707,3.2742,3.2757,3.2742,3.2757,7
2026-05-20 13:25:00,3.2702,3.2752,3.2702,3.2742,3.2752,3.2802,3.2752,3.2792,29
2026-05-20 13:26:00,3.2732,3.2752,3.2727,3.2752,3.2782,3.2802,3.2777,3.2802,21
2026-05-20 13:27:00,3.2757,3.2762,3.2682,3.2682,3.2807,3.2812,3.2732,3.2732,34
2026-05-20 13:28:00,3.2672,3.2682,3.2662,3.2677,3.2722,3.2732,3.2712,3.2727,13
2026-05-20 13:29:00,3.2682,3.2722,3.2682,3.2722,3.2732,3.2772,3.2732,3.2772,12
2026-05-20 13:30:00,3.2717,3.2742,3.2702,3.2732,3.2767,3.2792,3.2752,3.2782,17
2026-05-20 13:31:00,3.2742,3.2757,3.2722,3.2732,3.2792,3.2807,3.2772,3.2782,18
2026-05-20 13:32:00,3.2727,3.2727,3.2682,3.2682,3.2777,3.2777,3.2732,3.2732,16
2026-05-20 13:33:00,3.2672,3.2722,3.2672,3.2702,3.2722,3.2772,3.2722,3.2752,21
2026-05-20 13:34:00,3.2697,3.2697,3.2662,3.2672,3.2747,3.2747,3.2712,3.2722,9
2026-05-20 13:35:00,3.2667,3.2667,3.2612,3.2642,3.2717,3.2717,3.2662,3.2692,40
2026-05-20 13:36:00,3.2647,3.2662,3.2647,3.2657,3.2697,3.2712,3.2697,3.2707,9
2026-05-20 13:37:00,3.2662,3.2682,3.2652,3.2682,3.2712,3.2732,3.2702,3.2732,24
2026-05-20 13:38:00,3.2677,3.2692,3.2677,3.2682,3.2727,3.2742,3.2727,3.2732,13
2026-05-20 13:39:00,3.2687,3.2687,3.2672,3.2677,3.2737,3.2737,3.2722,3.2727,9
2026-05-20 13:40:00,3.2682,3.2702,3.2652,3.2657,3.2732,3.2752,3.2702,3.2707,26
2026-05-20 13:41:00,3.2652,3.2652,3.2632,3.2652,3.2702,3.2702,3.2682,3.2702,13
2026-05-20 13:42:00,3.2642,3.2737,3.2642,3.2692,3.2692,3.2787,3.2692,3.2742,33
2026-05-20 13:43:00,3.2687,3.2692,3.2652,3.2662,3.2737,3.2742,3.2702,3.2712,14
2026-05-20 13:44:00,3.2657,3.2682,3.2652,3.2667,3.2707,3.2732,3.2702,3.2717,13
2026-05-20 13:45:00,3.2672,3.2707,3.2672,3.2707,3.2722,3.2757,3.2722,3.2757,10
2026-05-20 13:46:00,3.2712,3.2742,3.2662,3.2677,3.2762,3.2792,3.2712,3.2727,39
2026-05-20 13:47:00,3.2672,3.2687,3.2662,3.2682,3.2722,3.2737,3.2712,3.2732,10
2026-05-20 13:48:00,3.2677,3.2687,3.2662,3.2667,3.2727,3.2737,3.2712,3.2717,18
2026-05-20 13:49:00,3.2672,3.2702,3.2667,3.2687,3.2722,3.2752,3.2717,3.2737,21
2026-05-20 13:50:00,3.2692,3.2727,3.2682,3.2722,3.2742,3.2777,3.2732,3.2772,30
2026-05-20 13:51:00,3.2712,3.2722,3.2707,3.2712,3.2762,3.2772,3.2757,3.2762,15
2026-05-20 13:52:00,3.2702,3.2712,3.2692,3.2702,3.2752,3.2762,3.2742,3.2752,16
2026-05-20 13:53:00,3.2717,3.2732,3.2707,3.2717,3.2767,3.2782,3.2757,3.2767,22
2026-05-20 13:54:00,3.2712,3.2842,3.2712,3.2827,3.2762,3.2892,3.2762,3.2877,93
2026-05-20 13:55:00,3.2822,3.2912,3.2812,3.2902,3.2872,3.2962,3.2862,3.2952,102
2026-05-20 13:56:00,3.2912,3.2922,3.2872,3.2882,3.2962,3.2972,3.2922,3.2932,68
2026-05-20 13:57:00,3.2887,3.3002,3.2887,3.2972,3.2937,3.3052,3.2937,3.3022,100
2026-05-20 13:58:00,3.2967,3.2982,3.2902,3.2902,3.3017,3.3032,3.2952,3.2952,35
2026-05-20 13:59:00,3.2907,3.2907,3.2872,3.2882,3.2957,3.2957,3.2922,3.2932,27
2026-05-20 14:00:00,3.2877,3.2882,3.2812,3.2842,3.2927,3.2932,3.2862,3.2892,44
2026-05-20 14:01:00,3.2832,3.2852,3.2682,3.2772,3.2882,3.2902,3.2732,3.2822,141
2026-05-20 14:02:00,3.2777,3.2782,3.2682,3.2697,3.2827,3.2832,3.2732,3.2747,73
2026-05-20 14:03:00,3.2692,3.2772,3.2692,3.2757,3.2742,3.2822,3.2742,3.2807,56
2026-05-20 14:04:00,3.2752,3.2762,3.2707,3.2757,3.2802,3.2812,3.2757,3.2807,60
2026-05-20 14:05:00,3.2752,3.2782,3.2732,3.2772,3.2802,3.2832,3.2782,3.2822,26
2026-05-20 14:06:00,3.2782,3.2782,3.2742,3.2757,3.2832,3.2832,3.2792,3.2807,24
2026-05-20 14:07:00,3.2752,3.2752,3.2642,3.2642,3.2802,3.2802,3.2692,3.2692,77
2026-05-20 14:08:00,3.2652,3.2692,3.2652,3.2682,3.2702,3.2742,3.2702,3.2732,67
2026-05-20 14:09:00,3.2687,3.2702,3.2652,3.2672,3.2737,3.2752,3.2702,3.2722,66
2026-05-20 14:10:00,3.2662,3.2682,3.2662,3.2662,3.2712,3.2732,3.2712,3.2712,31
2026-05-20 14:11:00,3.2657,3.2672,3.2602,3.2627,3.2707,3.2722,3.2652,3.2677,75
2026-05-20 14:12:00,3.2622,3.2642,3.2597,3.2602,3.2672,3.2692,3.2647,3.2652,56
2026-05-20 14:13:00,3.2597,3.2622,3.2592,3.2602,3.2647,3.2672,3.2642,3.2652,32
2026-05-20 14:14:00,3.2612,3.2622,3.2582,3.2592,3.2662,3.2672,3.2632,3.2642,47
2026-05-20 14:15:00,3.2587,3.2592,3.2462,3.2472,3.2637,3.2642,3.2512,3.2522,157
2026-05-20 14:16:00,3.2482,3.2502,3.2437,3.2442,3.2532,3.2552,3.2487,3.2492,54
2026-05-20 14:17:00,3.2432,3.2437,3.2302,3.2437,3.2482,3.2487,3.2352,3.2487,126
2026-05-20 14:18:00,3.2432,3.2452,3.2402,3.2442,3.2482,3.2502,3.2452,3.2492,44
2026-05-20 14:19:00,3.2432,3.2447,3.2422,3.2442,3.2482,3.2497,3.2472,3.2492,10
2026-05-20 14:20:00,3.2447,3.2492,3.2447,3.2462,3.2497,3.2542,3.2497,3.2512,39
2026-05-20 14:21:00,3.2457,3.2482,3.2432,3.2462,3.2507,3.2532,3.2482,3.2512,43
2026-05-20 14:22:00,3.2457,3.2462,3.2437,3.2452,3.2507,3.2512,3.2487,3.2502,17
2026-05-20 14:23:00,3.2462,3.2512,3.2447,3.2512,3.2512,3.2562,3.2497,3.2562,38
2026-05-20 14:24:00,3.2502,3.2512,3.2472,3.2472,3.2552,3.2562,3.2522,3.2522,21
2026-05-20 14:25:00,3.2462,3.2482,3.2422,3.2442,3.2512,3.2532,3.2472,3.2492,51
2026-05-20 14:26:00,3.2432,3.2462,3.2412,3.2452,3.2482,3.2512,3.2462,3.2502,38
2026-05-20 14:27:00,3.2447,3.2452,3.2412,3.2422,3.2497,3.2502,3.2462,3.2472,42
2026-05-20 14:28:00,3.2417,3.2422,3.2332,3.2367,3.2467,3.2472,3.2382,3.2417,100
2026-05-20 14:29:00,3.2372,3.2372,3.2232,3.2252,3.2422,3.2422,3.2282,3.2302,148
2026-05-20 14:30:00,3.2247,3.2252,3.2192,3.2242,3.2297,3.2302,3.2242,3.2292,130
2026-05-20 14:31:00,3.2237,3.2252,3.2227,3.2242,3.2287,3.2302,3.2277,3.2292,34
2026-05-20 14:32:00,3.2232,3.2312,3.2232,3.2292,3.2282,3.2362,3.2282,3.2342,70
2026-05-20 14:33:00,3.2282,3.2332,3.2267,3.2322,3.2332,3.2382,3.2317,3.2372,56
2026-05-20 14:34:00,3.2317,3.2322,3.2292,3.2302,3.2367,3.2372,3.2342,3.2352,40
2026-05-20 14:35:00,3.2307,3.2322,3.2277,3.2317,3.2357,3.2372,3.2327,3.2367,50
2026-05-20 14:36:00,3.2322,3.2352,3.2302,3.2332,3.2372,3.2402,3.2352,3.2382,46
2026-05-20 14:37:00,3.2322,3.2362,3.2302,3.2362,3.2372,3.2412,3.2352,3.2412,29
2026-05-20 14:38:00,3.2352,3.2362,3.2312,3.2342,3.2402,3.2412,3.2362,3.2392,28
2026-05-20 14:39:00,3.2337,3.2362,3.2322,3.2342,3.2387,3.2412,3.2372,3.2392,24
2026-05-20 14:40:00,3.2352,3.2362,3.2292,3.2322,3.2402,3.2412,3.2342,3.2372,31
2026-05-20 14:41:00,3.2332,3.2342,3.2317,3.2327,3.2382,3.2392,3.2367,3.2377,14
2026-05-20 14:42:00,3.2322,3.2332,3.2312,3.2322,3.2372,3.2382,3.2362,3.2372,17
2026-05-20 14:43:00,3.2312,3.2342,3.2312,3.2332,3.2362,3.2392,3.2362,3.2382,24
2026-05-20 14:44:00,3.2337,3.2342,3.2332,3.2342,3.2387,3.2392,3.2382,3.2392,8
2026-05-20 14:45:00,3.2352,3.2462,3.2352,3.2452,3.2402,3.2512,3.2402,3.2502,109
2026-05-20 14:46:00,3.2462,3.2462,3.2392,3.2442,3.2512,3.2512,3.2442,3.2492,32
2026-05-20 14:47:00,3.2432,3.2452,3.2412,3.2412,3.2482,3.2502,3.2462,3.2462,27
2026-05-20 14:48:00,3.2417,3.2432,3.2342,3.2352,3.2467,3.2482,3.2392,3.2402,49
2026-05-20 14:49:00,3.2342,3.2352,3.2307,3.2327,3.2392,3.2402,3.2357,3.2377,45
2026-05-20 14:50:00,3.2322,3.2352,3.2317,3.2337,3.2372,3.2402,3.2367,3.2387,31
2026-05-20 14:51:00,3.2342,3.2372,3.2342,3.2362,3.2392,3.2422,3.2392,3.2412,14
2026-05-20 14:52:00,3.2352,3.2382,3.2352,3.2372,3.2402,3.2432,3.2402,3.2422,17
2026-05-20 14:53:00,3.2362,3.2362,3.2262,3.2272,3.2412,3.2412,3.2312,3.2322,25
2026-05-20 14:54:00,3.2282,3.2302,3.2242,3.2242,3.2332,3.2352,3.2292,3.2292,19
2026-05-20 14:55:00,3.2232,3.2252,3.2162,3.2162,3.2282,3.2302,3.2212,3.2212,48
2026-05-20 14:56:00,3.2172,3.2192,3.2162,3.2192,3.2222,3.2242,3.2212,3.2242,30
2026-05-20 14:57:00,3.2187,3.2232,3.2172,3.2192,3.2237,3.2282,3.2222,3.2242,37
2026-05-20 14:58:00,3.2187,3.2192,3.2172,3.2187,3.2237,3.2242,3.2222,3.2237,26
2026-05-20 14:59:00,3.2192,3.2202,3.2172,3.2192,3.2242,3.2252,3.2222,3.2242,41
2026-05-20 15:00:00,3.2212,3.2212,3.2092,3.2112,3.2262,3.2262,3.2142,3.2162,110
2026-05-20 15:01:00,3.2122,3.2172,3.2112,3.2162,3.2172,3.2222,3.2162,3.2212,45
2026-05-20 15:02:00,3.2152,3.2172,3.2072,3.2102,3.2202,3.2222,3.2122,3.2152,44
2026-05-20 15:03:00,3.2112,3.2122,3.2072,3.2102,3.2162,3.2172,3.2122,3.2152,57
2026-05-20 15:04:00,3.2092,3.2132,3.2082,3.2122,3.2142,3.2182,3.2132,3.2172,29
2026-05-20 15:05:00,3.2112,3.2142,3.2092,3.2122,3.2162,3.2192,3.2142,3.2172,51
2026-05-20 15:06:00,3.2117,3.2162,3.2082,3.2132,3.2167,3.2212,3.2132,3.2182,51
2026-05-20 15:07:00,3.2142,3.2182,3.2122,3.2142,3.2192,3.2232,3.2172,3.2192,48
2026-05-20 15:08:00,3.2137,3.2142,3.2112,3.2117,3.2187,3.2192,3.2162,3.2167,24
2026-05-20 15:09:00,3.2112,3.2132,3.2082,3.2132,3.2162,3.2182,3.2132,3.2182,39
2026-05-20 15:10:00,3.2122,3.2172,3.2092,3.2132,3.2172,3.2222,3.2142,3.2182,40
2026-05-20 15:11:00,3.2122,3.2122,3.2082,3.2102,3.2172,3.2172,3.2132,3.2152,35
2026-05-20 15:12:00,3.2092,3.2112,3.2052,3.2082,3.2142,3.2162,3.2102,3.2132,46
2026-05-20 15:13:00,3.2077,3.2162,3.2052,3.2152,3.2127,3.2212,3.2102,3.2202,63
2026-05-20 15:14:00,3.2147,3.2192,3.2132,3.2167,3.2197,3.2242,3.2182,3.2217,36
2026-05-20 15:15:00,3.2162,3.2202,3.2147,3.2192,3.2212,3.2252,3.2197,3.2242,30
2026-05-20 15:16:00,3.2182,3.2192,3.2142,3.2162,3.2232,3.2242,3.2192,3.2212,37
2026-05-20 15:17:00,3.2157,3.2162,3.2102,3.2122,3.2207,3.2212,3.2152,3.2172,39
2026-05-20 15:18:00,3.2117,3.2122,3.2042,3.2052,3.2167,3.2172,3.2092,3.2102,50
2026-05-20 15:19:00,3.2042,3.2082,3.2032,3.2082,3.2092,3.2132,3.2082,3.2132,51
2026-05-20 15:20:00,3.2077,3.2142,3.2072,3.2132,3.2127,3.2192,3.2122,3.2182,22
2026-05-20 15:21:00,3.2122,3.2122,3.2092,3.2122,3.2172,3.2172,3.2142,3.2172,24
2026-05-20 15:22:00,3.2117,3.2152,3.2112,3.2142,3.2167,3.2202,3.2162,3.2192,39
2026-05-20 15:23:00,3.2132,3.2172,3.2122,3.2167,3.2182,3.2222,3.2172,3.2217,43
2026-05-20 15:24:00,3.2162,3.2202,3.2152,3.2192,3.2212,3.2252,3.2202,3.2242,53
2026-05-20 15:25:00,3.2182,3.2242,3.2172,3.2242,3.2232,3.2292,3.2222,3.2292,32
2026-05-20 15:26:00,3.2232,3.2242,3.2182,3.2182,3.2282,3.2292,3.2232,3.2232,50
2026-05-20 15:27:00,3.2192,3.2217,3.2172,3.2217,3.2242,3.2267,3.2222,3.2267,33
2026-05-20 15:28:00,3.2212,3.2222,3.2162,3.2172,3.2262,3.2272,3.2212,3.2222,27
2026-05-20 15:29:00,3.2162,3.2202,3.2152,3.2192,3.2212,3.2252,3.2202,3.2242,28
2026-05-20 15:30:00,3.2182,3.2192,3.2152,3.2192,3.2232,3.2242,3.2202,3.2242,24
2026-05-20 15:31:00,3.2187,3.2212,3.2172,3.2212,3.2237,3.2262,3.2222,3.2262,32
2026-05-20 15:32:00,3.2222,3.2252,3.2212,3.2232,3.2272,3.2302,3.2262,3.2282,42
2026-05-20 15:33:00,3.2222,3.2222,3.2182,3.2187,3.2272,3.2272,3.2232,3.2237,27
2026-05-20 15:34:00,3.2182,3.2202,3.2152,3.2202,3.2232,3.2252,3.2202,3.2252,34
2026-05-20 15:35:00,3.2212,3.2302,3.2182,3.2277,3.2262,3.2352,3.2232,3.2327,40
2026-05-20 15:36:00,3.2272,3.2302,3.2257,3.2292,3.2322,3.2352,3.2307,3.2342,33
2026-05-20 15:37:00,3.2282,3.2312,3.2282,3.2292,3.2332,3.2362,3.2332,3.2342,24
2026-05-20 15:38:00,3.2302,3.2332,3.2282,3.2327,3.2352,3.2382,3.2332,3.2377,35
2026-05-20 15:39:00,3.2322,3.2332,3.2287,3.2322,3.2372,3.2382,3.2337,3.2372,92
2026-05-20 15:40:00,3.2317,3.2382,3.2317,3.2342,3.2367,3.2432,3.2367,3.2392,84
2026-05-20 15:41:00,3.2332,3.2352,3.2312,3.2347,3.2382,3.2402,3.2362,3.2397,50
2026-05-20 15:42:00,3.2352,3.2372,3.2332,3.2367,3.2402,3.2422,3.2382,3.2417,66
2026-05-20 15:43:00,3.2372,3.2372,3.2352,3.2352,3.2422,3.2422,3.2402,3.2402,56
2026-05-20 15:44:00,3.2342,3.2357,3.2312,3.2342,3.2392,3.2407,3.2362,3.2392,41
2026-05-20 15:45:00,3.2337,3.2362,3.2332,3.2342,3.2387,3.2412,3.2382,3.2392,35
2026-05-20 15:46:00,3.2337,3.2352,3.2327,3.2332,3.2387,3.2402,3.2377,3.2382,17
2026-05-20 15:47:00,3.2322,3.2342,3.2282,3.2322,3.2352,3.2372,3.2332,3.2372,40
2026-05-20 15:48:00,3.2317,3.2392,3.2317,3.2372,3.2367,3.2442,3.2367,3.2422,33
2026-05-20 15:49:00,3.2362,3.2387,3.2362,3.2362,3.2412,3.2437,3.2412,3.2412,27
2026-05-20 15:50:00,3.2367,3.2382,3.2362,3.2372,3.2417,3.2432,3.2412,3.2422,30
2026-05-20 15:51:00,3.2367,3.2422,3.2362,3.2412,3.2417,3.2472,3.2412,3.2462,33
2026-05-20 15:52:00,3.2422,3.2422,3.2392,3.2392,3.2472,3.2472,3.2442,3.2442,37
2026-05-20 15:53:00,3.2397,3.2402,3.2382,3.2402,3.2447,3.2452,3.2432,3.2452,21
2026-05-20 15:54:00,3.2407,3.2407,3.2362,3.2367,3.2457,3.2457,3.2412,3.2417,19
2026-05-20 15:55:00,3.2362,3.2402,3.2362,3.2402,3.2412,3.2452,3.2412,3.2452,26
2026-05-20 15:56:00,3.2412,3.2422,3.2412,3.2412,3.2462,3.2472,3.2462,3.2462,23
2026-05-20 15:57:00,3.2402,3.2402,3.2382,3.2382,3.2452,3.2452,3.2432,3.2432,11
2026-05-20 15:58:00,3.2372,3.2402,3.2372,3.2402,3.2422,3.2452,3.2422,3.2452,12
2026-05-20 15:59:00,3.2412,3.2452,3.2412,3.2422,3.2462,3.2502,3.2462,3.2472,40
2026-05-20 16:00:00,3.2417,3.2482,3.2412,3.2452,3.2467,3.2532,3.2462,3.2502,42
2026-05-20 16:01:00,3.2447,3.2447,3.2402,3.2402,3.2497,3.2497,3.2452,3.2452,30
2026-05-20 16:02:00,3.2407,3.2417,3.2392,3.2402,3.2457,3.2472,3.2442,3.2452,27
2026-05-20 16:03:00,3.2407,3.2447,3.2402,3.2432,3.2457,3.2497,3.2452,3.2482,25
2026-05-20 16:04:00,3.2437,3.2462,3.2422,3.2427,3.2487,3.2512,3.2472,3.2477,16
2026-05-20 16:05:00,3.2432,3.2437,3.2422,3.2432,3.2482,3.2487,3.2472,3.2482,20
2026-05-20 16:06:00,3.2432,3.2442,3.2422,3.2432,3.2487,3.2487,3.2482,3.2482,15
2026-05-20 16:07:00,3.2422,3.2432,3.2402,3.2402,3.2472,3.2482,3.2452,3.2452,19
2026-05-20 16:08:00,3.2407,3.2407,3.2347,3.2362,3.2457,3.2457,3.2397,3.2432,22
2026-05-20 16:09:00,3.2372,3.2372,3.2332,3.2362,3.2422,3.2422,3.2382,3.2397,19
2026-05-20 16:10:00,3.2367,3.2367,3.2332,3.2352,3.2417,3.2417,3.2382,3.2402,20
2026-05-20 16:11:00,3.2357,3.2417,3.2357,3.2402,3.2407,3.2467,3.2407,3.2452,10
2026-05-20 16:12:00,3.2397,3.2402,3.2372,3.2372,3.2447,3.2452,3.2422,3.2422,10
2026-05-20 16:13:00,3.2377,3.2392,3.2377,3.2382,3.2427,3.2442,3.2427,3.2432,4
2026-05-20 16:14:00,3.2302,3.2352,3.2302,3.2302,3.2352,3.2402,3.2352,3.2352,34
2026-05-20 16:15:00,3.2297,3.2322,3.2272,3.2302,3.2347,3.2372,3.2322,3.2352,36
2026-05-20 16:16:00,3.2267,3.2282,3.2132,3.2152,3.2317,3.2332,3.2182,3.2202,75
2026-05-20 16:17:00,3.2142,3.2277,3.2142,3.2262,3.2192,3.2327,3.2192,3.2312,59
2026-05-20 16:18:00,3.2252,3.2272,3.2227,3.2232,3.2302,3.2322,3.2277,3.2282,87
2026-05-20 16:19:00,3.2227,3.2242,3.2202,3.2232,3.2252,3.2292,3.2252,3.2282,40
2026-05-20 16:20:00,3.2227,3.2292,3.2227,3.2272,3.2277,3.2342,3.2277,3.2322,55
2026-05-20 16:21:00,3.2272,3.2272,3.2242,3.2257,3.2332,3.2332,3.2292,3.2302,16
2026-05-20 16:22:00,3.2262,3.2287,3.2257,3.2287,3.2312,3.2337,3.2307,3.2337,32
2026-05-20 16:23:00,3.2282,3.2312,3.2272,3.2292,3.2332,3.2362,3.2322,3.2342,23
2026-05-20 16:24:00,3.2302,3.2322,3.2282,3.2292,3.2332,3.2372,3.2332,3.2342,25
2026-05-20 16:25:00,3.2302,3.2312,3.2272,3.2282,3.2352,3.2362,3.2322,3.2332,23
2026-05-20 16:26:00,3.2272,3.2272,3.2207,3.2212,3.2322,3.2322,3.2257,3.2262,25
2026-05-20 16:27:00,3.2222,3.2227,3.2192,3.2212,3.2272,3.2277,3.2242,3.2262,33
2026-05-20 16:28:00,3.2217,3.2222,3.2172,3.2212,3.2267,3.2272,3.2222,3.2262,36
2026-05-20 16:29:00,3.2207,3.2222,3.2192,3.2197,3.2257,3.2272,3.2242,3.2247,54
2026-05-20 16:30:00,3.2192,3.2197,3.2122,3.2152,3.2242,3.2247,3.2172,3.2202,84
2026-05-20 16:31:00,3.2142,3.2152,3.2122,3.2132,3.2192,3.2202,3.2172,3.2182,24
2026-05-20 16:32:00,3.2127,3.2132,3.2122,3.2122,3.2177,3.2182,3.2172,3.2172,19
2026-05-20 16:33:00,3.2112,3.2132,3.2032,3.2072,3.2162,3.2182,3.2082,3.2102,58
2026-05-20 16:34:00,3.2062,3.2082,3.2052,3.2077,3.2112,3.2132,3.2102,3.2127,33
2026-05-20 16:35:00,3.2072,3.2122,3.2032,3.2102,3.2122,3.2172,3.2082,3.2152,46
2026-05-20 16:36:00,3.2092,3.2102,3.2052,3.2052,3.2142,3.2152,3.2102,3.2102,62
2026-05-20 16:37:00,3.2042,3.2052,3.1962,3.2022,3.2092,3.2102,3.2012,3.2072,56
2026-05-20 16:38:00,3.2017,3.2032,3.1992,3.2022,3.2067,3.2082,3.2042,3.2072,39
2026-05-20 16:39:00,3.2027,3.2062,3.2012,3.2062,3.2077,3.2112,3.2062,3.2112,28
2026-05-20 16:40:00,3.2052,3.2072,3.2052,3.2062,3.2102,3.2122,3.2102,3.2112,37
2026-05-20 16:41:00,3.2072,3.2072,3.2002,3.2012,3.2122,3.2122,3.2052,3.2062,34
2026-05-20 16:42:00,3.2022,3.2022,3.2002,3.2022,3.2072,3.2072,3.2052,3.2072,16
2026-05-20 16:43:00,3.2012,3.2022,3.2002,3.2022,3.2062,3.2072,3.2052,3.2072,30
2026-05-20 16:44:00,3.2012,3.2012,3.1982,3.1992,3.2062,3.2062,3.2032,3.2042,53
2026-05-20 16:45:00,3.1982,3.2002,3.1902,3.1942,3.2032,3.2052,3.1952,3.1992,92
2026-05-20 16:46:00,3.1932,3.1942,3.1912,3.1912,3.1982,3.1992,3.1962,3.1962,36
2026-05-20 16:47:00,3.1922,3.1992,3.1922,3.1972,3.1972,3.2042,3.1972,3.2022,26
2026-05-20 16:48:00,3.1982,3.1982,3.1932,3.1932,3.2032,3.2032,3.1982,3.1982,20
2026-05-20 16:49:00,3.1942,3.1942,3.1872,3.1882,3.1992,3.1992,3.1922,3.1932,54
2026-05-20 16:50:00,3.1872,3.1912,3.1872,3.1912,3.1922,3.1962,3.1922,3.1962,36
2026-05-20 16:51:00,3.1902,3.1912,3.1872,3.1902,3.1952,3.1962,3.1922,3.1952,27
2026-05-20 16:52:00,3.1897,3.1922,3.1892,3.1912,3.1947,3.1972,3.1942,3.1962,20
2026-05-20 16:53:00,3.1907,3.1932,3.1872,3.1877,3.1957,3.1982,3.1922,3.1927,36
2026-05-20 16:54:00,3.1872,3.1912,3.1872,3.1902,3.1922,3.1962,3.1922,3.1952,39
2026-05-20 16:55:00,3.1897,3.1897,3.1882,3.1887,3.1947,3.1947,3.1932,3.1937,6
2026-05-20 16:56:00,3.1892,3.1892,3.1802,3.1812,3.1942,3.1942,3.1852,3.1862,43
2026-05-20 16:57:00,3.1802,3.1802,3.1787,3.1802,3.1852,3.1852,3.1837,3.1852,20
2026-05-20 16:58:00,3.1792,3.1832,3.1792,3.1817,3.1842,3.1882,3.1842,3.1867,46
2026-05-20 16:59:00,3.1812,3.1822,3.1782,3.1797,3.1862,3.1872,3.1832,3.1847,42
2026-05-20 17:00:00,3.1792,3.1832,3.1782,3.1832,3.1842,3.1882,3.1832,3.1882,32
2026-05-20 17:01:00,3.1822,3.1902,3.1822,3.1882,3.1872,3.1952,3.1872,3.1932,70
2026-05-20 17:02:00,3.1872,3.1882,3.1842,3.1852,3.1922,3.1932,3.1892,3.1902,43
2026-05-20 17:03:00,3.1857,3.1892,3.1852,3.1892,3.1907,3.1942,3.1902,3.1942,27
2026-05-20 17:04:00,3.1887,3.1912,3.1882,3.1902,3.1937,3.1962,3.1932,3.1952,41
2026-05-20 17:05:00,3.1897,3.1902,3.1862,3.1892,3.1947,3.1952,3.1912,3.1942,43
2026-05-20 17:06:00,3.1902,3.1912,3.1872,3.1882,3.1952,3.1962,3.1922,3.1927,19
2026-05-20 17:07:00,3.1862,3.1952,3.1862,3.1922,3.1912,3.2002,3.1912,3.1972,39
2026-05-20 17:08:00,3.1912,3.1912,3.1852,3.1872,3.1962,3.1962,3.1902,3.1922,26
2026-05-20 17:09:00,3.1862,3.1872,3.1862,3.1872,3.1912,3.1922,3.1912,3.1922,17
2026-05-20 17:10:00,3.1862,3.1872,3.1822,3.1832,3.1912,3.1922,3.1872,3.1882,31
2026-05-20 17:11:00,3.1842,3.1872,3.1832,3.1872,3.1892,3.1922,3.1882,3.1922,26
2026-05-20 17:12:00,3.1882,3.1882,3.1872,3.1872,3.1932,3.1932,3.1922,3.1922,6
2026-05-20 17:13:00,3.1862,3.1877,3.1862,3.1872,3.1912,3.1927,3.1912,3.1922,10
2026-05-20 17:14:00,3.1862,3.1872,3.1862,3.1862,3.1912,3.1922,3.1912,3.1912,21
2026-05-20 17:15:00,3.1857,3.1857,3.1732,3.1747,3.1907,3.1907,3.1782,3.1797,66
2026-05-20 17:16:00,3.1722,3.1762,3.1722,3.1732,3.1797,3.1812,3.1762,3.1782,48
2026-05-20 17:17:00,3.1732,3.1762,3.1712,3.1757,3.1782,3.1812,3.1762,3.1807,61
2026-05-20 17:18:00,3.1752,3.1822,3.1752,3.1777,3.1802,3.1872,3.1802,3.1827,69
2026-05-20 17:19:00,3.1782,3.1812,3.1752,3.1802,3.1832,3.1862,3.1802,3.1852,41
2026-05-20 17:20:00,3.1792,3.1812,3.1782,3.1812,3.1842,3.1862,3.1832,3.1862,34
2026-05-20 17:21:00,3.1817,3.1842,3.1812,3.1832,3.1867,3.1892,3.1862,3.1882,39
2026-05-20 17:22:00,3.1827,3.1842,3.1812,3.1827,3.1877,3.1892,3.1862,3.1877,29
2026-05-20 17:23:00,3.1822,3.1852,3.1807,3.1842,3.1872,3.1902,3.1862,3.1892,43
2026-05-20 17:24:00,3.1837,3.1852,3.1812,3.1817,3.1887,3.1902,3.1862,3.1867,49
2026-05-20 17:25:00,3.1812,3.1852,3.1812,3.1847,3.1862,3.1902,3.1862,3.1897,35
2026-05-20 17:26:00,3.1842,3.1872,3.1842,3.1857,3.1892,3.1922,3.1892,3.1907,37
2026-05-20 17:27:00,3.1852,3.1922,3.1852,3.1917,3.1902,3.1972,3.1902,3.1967,55
2026-05-20 17:28:00,3.1912,3.1922,3.1847,3.1862,3.1962,3.1972,3.1897,3.1912,28
2026-05-20 17:29:00,3.1872,3.1942,3.1872,3.1912,3.1922,3.1992,3.1922,3.1962,25
2026-05-20 17:30:00,3.1902,3.1902,3.1872,3.1882,3.1952,3.1952,3.1922,3.1932,28
2026-05-20 17:31:00,3.1877,3.1882,3.1842,3.1842,3.1927,3.1932,3.1892,3.1892,33
2026-05-20 17:32:00,3.1852,3.1862,3.1832,3.1862,3.1902,3.1912,3.1882,3.1912,43
2026-05-20 17:33:00,3.1857,3.1862,3.1842,3.1852,3.1907,3.1912,3.1892,3.1902,28
2026-05-20 17:34:00,3.1862,3.1882,3.1852,3.1872,3.1912,3.1932,3.1902,3.1922,22
2026-05-20 17:35:00,3.1862,3.1902,3.1862,3.1892,3.1912,3.1952,3.1912,3.1942,59
2026-05-20 17:36:00,3.1882,3.1912,3.1852,3.1852,3.1932,3.1962,3.1902,3.1902,43
2026-05-20 17:37:00,3.1857,3.1857,3.1812,3.1837,3.1907,3.1907,3.1862,3.1887,34
2026-05-20 17:38:00,3.1842,3.1842,3.1777,3.1782,3.1892,3.1892,3.1827,3.1832,27
2026-05-20 17:39:00,3.1792,3.1792,3.1772,3.1782,3.1842,3.1842,3.1822,3.1832,13
2026-05-20 17:40:00,3.1787,3.1832,3.1787,3.1812,3.1837,3.1882,3.1837,3.1862,18
2026-05-20 17:41:00,3.1807,3.1822,3.1802,3.1812,3.1857,3.1872,3.1852,3.1862,9
2026-05-20 17:42:00,3.1802,3.1822,3.1802,3.1822,3.1852,3.1872,3.1852,3.1872,8
2026-05-20 17:43:00,3.1832,3.1852,3.1832,3.1852,3.1882,3.1902,3.1882,3.1902,3
2026-05-20 17:44:00,3.1862,3.1872,3.1852,3.1862,3.1912,3.1922,3.1902,3.1912,15
2026-05-20 17:45:00,3.1852,3.1872,3.1852,3.1852,3.1902,3.1922,3.1902,3.1902,11
2026-05-20 17:46:00,3.1847,3.1847,3.1822,3.1832,3.1897,3.1897,3.1872,3.1882,27
2026-05-20 17:47:00,3.1822,3.1822,3.1812,3.1822,3.1872,3.1872,3.1862,3.1872,9
2026-05-20 17:48:00,3.1812,3.1812,3.1802,3.1802,3.1862,3.1862,3.1852,3.1852,4
2026-05-20 17:49:00,3.1807,3.1812,3.1792,3.1802,3.1857,3.1862,3.1842,3.1852,23
2026-05-20 17:50:00,3.1812,3.1822,3.1812,3.1822,3.1862,3.1872,3.1862,3.1872,10
2026-05-20 17:51:00,3.1832,3.1892,3.1832,3.1882,3.1882,3.1942,3.1882,3.1932,19
2026-05-20 17:52:00,3.1887,3.1887,3.1847,3.1852,3.1937,3.1937,3.1897,3.1902,18
2026-05-20 17:53:00,3.1842,3.1862,3.1842,3.1857,3.1892,3.1912,3.1892,3.1907,33
2026-05-20 17:54:00,3.1852,3.1862,3.1812,3.1822,3.1902,3.1912,3.1862,3.1872,29
2026-05-20 17:55:00,3.1827,3.1832,3.1812,3.1817,3.1877,3.1882,3.1862,3.1867,18
2026-05-20 17:56:00,3.1812,3.1832,3.1802,3.1812,3.1862,3.1882,3.1852,3.1862,14
2026-05-20 17:57:00,3.1822,3.1882,3.1812,3.1862,3.1872,3.1932,3.1862,3.1912,60
2026-05-20 17:58:00,3.1852,3.1862,3.1842,3.1862,3.1902,3.1912,3.1892,3.1912,17
2026-05-20 17:59:00,3.1852,3.1882,3.1842,3.1882,3.1902,3.1932,3.1892,3.1932,14
2026-05-20 18:00:00,3.1892,3.1902,3.1852,3.1872,3.1942,3.1952,3.1902,3.1922,22
2026-05-20 18:01:00,3.1882,3.1882,3.1842,3.1842,3.1932,3.1932,3.1892,3.1892,13
2026-05-20 18:02:00,3.1832,3.1872,3.1832,3.1862,3.1882,3.1922,3.1882,3.1912,11
2026-05-20 18:03:00,3.1857,3.1857,3.1832,3.1842,3.1907,3.1907,3.1882,3.1892,17
2026-05-20 18:04:00,3.1832,3.1837,3.1822,3.1832,3.1882,3.1887,3.1872,3.1882,12
2026-05-20 18:05:00,3.1837,3.1852,3.1832,3.1852,3.1887,3.1902,3.1882,3.1902,15
2026-05-20 18:06:00,3.1842,3.1877,3.1832,3.1872,3.1892,3.1927,3.1882,3.1922,16
2026-05-20 18:07:00,3.1877,3.1932,3.1877,3.1927,3.1927,3.1982,3.1927,3.1977,21
2026-05-20 18:08:00,3.1922,3.1922,3.1892,3.1922,3.1972,3.1972,3.1942,3.1972,16
2026-05-20 18:09:00,3.1932,3.1972,3.1922,3.1952,3.1982,3.2022,3.1972,3.2002,24
2026-05-20 18:10:00,3.1947,3.1972,3.1932,3.1952,3.1997,3.2022,3.1982,3.2002,32
2026-05-20 18:11:00,3.1957,3.2012,3.1942,3.1992,3.2007,3.2062,3.1992,3.2042,36
2026-05-20 18:12:00,3.1997,3.2022,3.1982,3.1997,3.2047,3.2072,3.2032,3.2047,25
2026-05-20 18:13:00,3.2002,3.2002,3.1952,3.1952,3.2052,3.2052,3.2002,3.2002,25
2026-05-20 18:14:00,3.1942,3.1952,3.1932,3.1937,3.1992,3.2002,3.1982,3.1987,12
2026-05-20 18:15:00,3.1932,3.1942,3.1902,3.1912,3.1982,3.1992,3.1952,3.1962,15
2026-05-20 18:16:00,3.1907,3.1907,3.1812,3.1832,3.1957,3.1957,3.1862,3.1882,51
2026-05-20 18:17:00,3.1842,3.1842,3.1812,3.1842,3.1892,3.1892,3.1862,3.1892,13
2026-05-20 18:18:00,3.1852,3.1852,3.1832,3.1842,3.1902,3.1902,3.1882,3.1892,22
2026-05-20 18:19:00,3.1852,3.1862,3.1852,3.1862,3.1902,3.1912,3.1902,3.1912,17
2026-05-20 18:20:00,3.1852,3.1892,3.1852,3.1882,3.1902,3.1942,3.1902,3.1932,36
2026-05-20 18:21:00,3.1892,3.1902,3.1847,3.1847,3.1942,3.1952,3.1897,3.1897,51
2026-05-20 18:22:00,3.1852,3.1872,3.1852,3.1872,3.1902,3.1922,3.1902,3.1922,21
2026-05-20 18:23:00,3.1862,3.1872,3.1862,3.1862,3.1912,3.1922,3.1912,3.1912,3
2026-05-20 18:24:00,3.1872,3.1952,3.1862,3.1942,3.1922,3.2002,3.1912,3.1992,35
2026-05-20 18:25:00,3.1937,3.1942,3.1917,3.1922,3.1987,3.1992,3.1967,3.1972,20
2026-05-20 18:26:00,3.1917,3.1932,3.1912,3.1922,3.1967,3.1982,3.1962,3.1972,12
2026-05-20 18:27:00,3.1912,3.1922,3.1912,3.1922,3.1962,3.1972,3.1962,3.1972,5
2026-05-20 18:28:00,3.1912,3.1962,3.1892,3.1957,3.1962,3.2012,3.1942,3.2007,32
2026-05-20 18:29:00,3.1952,3.1982,3.1952,3.1982,3.2002,3.2032,3.2002,3.2032,24
2026-05-20 18:30:00,3.1972,3.1972,3.1942,3.1952,3.2022,3.2022,3.1992,3.2002,10
2026-05-20 18:31:00,3.1957,3.1992,3.1952,3.1992,3.2007,3.2042,3.2002,3.2042,11
2026-05-20 18:32:00,3.1982,3.1992,3.1962,3.1972,3.2032,3.2042,3.2012,3.2022,22
2026-05-20 18:33:00,3.1977,3.1982,3.1972,3.1972,3.2027,3.2032,3.2022,3.2022,18
2026-05-20 18:34:00,3.1977,3.1982,3.1942,3.1942,3.2027,3.2032,3.1992,3.1992,10
2026-05-20 18:35:00,3.1962,3.1972,3.1932,3.1942,3.2012,3.2022,3.1982,3.1992,20
2026-05-20 18:36:00,3.1932,3.1942,3.1912,3.1922,3.1982,3.1992,3.1962,3.1972,19
2026-05-20 18:37:00,3.1917,3.1932,3.1912,3.1927,3.1967,3.1982,3.1962,3.1977,29
2026-05-20 18:38:00,3.1922,3.1932,3.1922,3.1932,3.1972,3.1982,3.1972,3.1982,11
2026-05-20 18:39:00,3.1922,3.1932,3.1902,3.1912,3.1972,3.1982,3.1952,3.1962,7
2026-05-20 18:40:00,3.1902,3.1922,3.1902,3.1922,3.1952,3.1972,3.1952,3.1972,5
2026-05-20 18:41:00,3.1912,3.1912,3.1892,3.1902,3.1962,3.1962,3.1942,3.1952,14
2026-05-20 18:42:00,3.1897,3.1907,3.1872,3.1882,3.1947,3.1957,3.1922,3.1932,32
2026-05-20 18:43:00,3.1872,3.1872,3.1802,3.1822,3.1922,3.1922,3.1852,3.1872,36
2026-05-20 18:44:00,3.1817,3.1872,3.1812,3.1862,3.1867,3.1922,3.1862,3.1912,24
2026-05-20 18:45:00,3.1867,3.1902,3.1862,3.1892,3.1917,3.1952,3.1912,3.1942,17
2026-05-20 18:46:00,3.1902,3.1902,3.1872,3.1892,3.1952,3.1952,3.1922,3.1942,14
2026-05-20 18:47:00,3.1882,3.1902,3.1872,3.1897,3.1932,3.1952,3.1922,3.1947,22
2026-05-20 18:48:00,3.1892,3.1902,3.1892,3.1897,3.1942,3.1952,3.1942,3.1947,30
2026-05-20 18:49:00,3.1892,3.1902,3.1872,3.1872,3.1942,3.1952,3.1922,3.1922,18
2026-05-20 18:50:00,3.1862,3.1862,3.1842,3.1852,3.1912,3.1912,3.1892,3.1902,6
2026-05-20 18:51:00,3.1862,3.1872,3.1852,3.1862,3.1912,3.1922,3.1902,3.1912,13
2026-05-20 18:52:00,3.1852,3.1862,3.1852,3.1852,3.1902,3.1912,3.1902,3.1902,11
2026-05-20 18:53:00,3.1842,3.1857,3.1812,3.1822,3.1892,3.1907,3.1862,3.1872,30
2026-05-20 18:54:00,3.1812,3.1822,3.1792,3.1802,3.1862,3.1872,3.1842,3.1852,27
2026-05-20 18:55:00,3.1807,3.1807,3.1752,3.1772,3.1857,3.1857,3.1802,3.1822,27
2026-05-20 18:56:00,3.1782,3.1792,3.1762,3.1792,3.1832,3.1842,3.1812,3.1842,16
2026-05-20 18:57:00,3.1787,3.1812,3.1782,3.1812,3.1837,3.1862,3.1832,3.1862,18
2026-05-20 18:58:00,3.1822,3.1832,3.1812,3.1822,3.1872,3.1882,3.1862,3.1872,10
2026-05-20 18:59:00,3.1812,3.1832,3.1802,3.1827,3.1862,3.1882,3.1852,3.1877,15
2026-05-20 19:00:00,3.1822,3.1862,3.1812,3.1832,3.1872,3.1912,3.1862,3.1882,42
2026-05-20 19:01:00,3.1822,3.1852,3.1812,3.1822,3.1872,3.1902,3.1862,3.1872,31
2026-05-20 19:02:00,3.1817,3.1822,3.1802,3.1812,3.1867,3.1872,3.1852,3.1862,8
2026-05-20 19:03:00,3.1822,3.1822,3.1782,3.1792,3.1872,3.1872,3.1832,3.1842,13
2026-05-20 19:04:00,3.1802,3.1812,3.1802,3.1812,3.1852,3.1862,3.1852,3.1862,2
2026-05-20 19:05:00,3.1817,3.1842,3.1817,3.1837,3.1867,3.1892,3.1867,3.1887,17
2026-05-20 19:06:00,3.1832,3.1852,3.1822,3.1847,3.1882,3.1902,3.1872,3.1897,15
2026-05-20 19:07:00,3.1852,3.1862,3.1852,3.1862,3.1902,3.1912,3.1902,3.1912,8
2026-05-20 19:08:00,3.1872,3.1892,3.1862,3.1862,3.1922,3.1942,3.1912,3.1912,11
2026-05-20 19:09:00,3.1857,3.1872,3.1822,3.1842,3.1907,3.1922,3.1872,3.1892,25
2026-05-20 19:10:00,3.1847,3.1852,3.1832,3.1842,3.1897,3.1902,3.1882,3.1892,24
2026-05-20 19:11:00,3.1847,3.1852,3.1842,3.1852,3.1897,3.1902,3.1892,3.1902,24
2026-05-20 19:12:00,3.1842,3.1862,3.1842,3.1852,3.1892,3.1912,3.1892,3.1902,14
2026-05-20 19:13:00,3.1847,3.1852,3.1802,3.1842,3.1897,3.1902,3.1852,3.1892,41
2026-05-20 19:14:00,3.1832,3.1857,3.1832,3.1852,3.1882,3.1907,3.1882,3.1902,18
2026-05-20 19:15:00,3.1857,3.1862,3.1822,3.1847,3.1907,3.1912,3.1872,3.1897,13
2026-05-20 19:16:00,3.1842,3.1852,3.1842,3.1852,3.1892,3.1902,3.1892,3.1902,9
2026-05-20 19:17:00,3.1842,3.1852,3.1822,3.1827,3.1892,3.1902,3.1872,3.1877,19
2026-05-20 19:18:00,3.1822,3.1827,3.1792,3.1797,3.1872,3.1877,3.1842,3.1847,14
2026-05-20 19:19:00,3.1802,3.1812,3.1782,3.1797,3.1852,3.1862,3.1832,3.1847,12
2026-05-20 19:20:00,3.1792,3.1802,3.1782,3.1782,3.1842,3.1852,3.1832,3.1832,13
2026-05-20 19:21:00,3.1772,3.1812,3.1772,3.1812,3.1822,3.1862,3.1822,3.1862,20
2026-05-20 19:22:00,3.1807,3.1812,3.1782,3.1792,3.1857,3.1862,3.1832,3.1842,21
2026-05-20 19:23:00,3.1787,3.1802,3.1782,3.1792,3.1837,3.1852,3.1832,3.1842,10
2026-05-20 19:24:00,3.1782,3.1782,3.1772,3.1782,3.1832,3.1832,3.1822,3.1832,5
2026-05-20 19:25:00,3.1772,3.1772,3.1712,3.1757,3.1822,3.1822,3.1762,3.1807,65
2026-05-20 19:26:00,3.1762,3.1762,3.1742,3.1752,3.1812,3.1812,3.1792,3.1802,13
2026-05-20 19:27:00,3.1762,3.1782,3.1752,3.1782,3.1812,3.1832,3.1802,3.1832,27
2026-05-20 19:28:00,3.1792,3.1792,3.1752,3.1752,3.1842,3.1842,3.1802,3.1802,23
2026-05-20 19:29:00,3.1762,3.1762,3.1742,3.1762,3.1812,3.1812,3.1792,3.1812,25
2026-05-20 19:30:00,3.1752,3.1772,3.1752,3.1772,3.1802,3.1822,3.1802,3.1822,26
2026-05-20 19:31:00,3.1782,3.1802,3.1772,3.1782,3.1832,3.1852,3.1822,3.1832,26
2026-05-20 19:32:00,3.1792,3.1792,3.1772,3.1772,3.1842,3.1842,3.1822,3.1822,5
2026-05-20 19:33:00,3.1782,3.1792,3.1772,3.1782,3.1832,3.1842,3.1822,3.1832,27
2026-05-20 19:34:00,3.1792,3.1792,3.1772,3.1782,3.1842,3.1842,3.1822,3.1832,31
2026-05-20 19:35:00,3.1777,3.1812,3.1777,3.1802,3.1827,3.1862,3.1827,3.1852,27
2026-05-20 19:36:00,3.1812,3.1812,3.1772,3.1782,3.1862,3.1862,3.1822,3.1832,39
2026-05-20 19:37:00,3.1787,3.1792,3.1772,3.1772,3.1837,3.1842,3.1822,3.1822,29
2026-05-20 19:38:00,3.1782,3.1792,3.1772,3.1782,3.1832,3.1842,3.1822,3.1832,12
2026-05-20 19:39:00,3.1792,3.1792,3.1752,3.1757,3.1842,3.1842,3.1802,3.1807,16
2026-05-20 19:40:00,3.1762,3.1782,3.1752,3.1777,3.1812,3.1832,3.1802,3.1827,25
2026-05-20 19:41:00,3.1782,3.1812,3.1772,3.1797,3.1832,3.1862,3.1822,3.1847,18
2026-05-20 19:42:00,3.1802,3.1812,3.1792,3.1792,3.1852,3.1862,3.1842,3.1842,4
2026-05-20 19:43:00,3.1782,3.1792,3.1782,3.1782,3.1832,3.1842,3.1832,3.1832,3
2026-05-20 19:44:00,3.1772,3.1782,3.1762,3.1767,3.1822,3.1832,3.1812,3.1817,10
2026-05-20 19:45:00,3.1772,3.1772,3.1762,3.1772,3.1822,3.1822,3.1812,3.1822,11
2026-05-20 19:46:00,3.1782,3.1782,3.1742,3.1762,3.1832,3.1832,3.1792,3.1812,32
2026-05-20 19:47:00,3.1767,3.1772,3.1757,3.1762,3.1817,3.1822,3.1807,3.1812,14
2026-05-20 19:48:00,3.1772,3.1772,3.1752,3.1757,3.1822,3.1822,3.1802,3.1807,9
2026-05-20 19:49:00,3.1762,3.1762,3.1752,3.1762,3.1812,3.1812,3.1802,3.1812,13
2026-05-20 19:50:00,3.1772,3.1772,3.1752,3.1752,3.1822,3.1822,3.1802,3.1802,4
2026-05-20 19:51:00,3.1747,3.1772,3.1742,3.1762,3.1797,3.1822,3.1792,3.1812,11
2026-05-20 19:52:00,3.1767,3.1772,3.1752,3.1752,3.1817,3.1822,3.1802,3.1802,7
2026-05-20 19:53:00,3.1747,3.1752,3.1732,3.1742,3.1797,3.1802,3.1782,3.1792,11
2026-05-20 19:54:00,3.1732,3.1732,3.1722,3.1722,3.1782,3.1782,3.1772,3.1772,17
2026-05-20 19:55:00,3.1732,3.1752,3.1732,3.1742,3.1782,3.1802,3.1782,3.1792,22
2026-05-20 19:56:00,3.1732,3.1732,3.1722,3.1732,3.1782,3.1782,3.1772,3.1782,21
2026-05-20 19:57:00,3.1722,3.1732,3.1722,3.1732,3.1772,3.1782,3.1772,3.1782,22
2026-05-20 19:58:00,3.1737,3.1752,3.1737,3.1752,3.1787,3.1802,3.1787,3.1802,5
2026-05-20 19:59:00,3.1762,3.1762,3.1742,3.1742,3.1812,3.1812,3.1792,3.1792,20
2026-05-20 20:00:00,3.1747,3.1752,3.1622,3.1622,3.1797,3.1802,3.1672,3.1672,68
2026-05-20 20:01:00,3.1632,3.1632,3.1562,3.1577,3.1682,3.1682,3.1612,3.1627,60
2026-05-20 20:02:00,3.1582,3.1612,3.1582,3.1597,3.1632,3.1662,3.1632,3.1647,22
2026-05-20 20:03:00,3.1602,3.1622,3.1587,3.1592,3.1652,3.1672,3.1637,3.1642,20
2026-05-20 20:04:00,3.1602,3.1602,3.1562,3.1562,3.1652,3.1652,3.1612,3.1612,22
2026-05-20 20:05:00,3.1552,3.1552,3.1532,3.1532,3.1602,3.1602,3.1582,3.1582,29
2026-05-20 20:06:00,3.1537,3.1537,3.1487,3.1502,3.1587,3.1587,3.1537,3.1552,32
2026-05-20 20:07:00,3.1512,3.1512,3.1462,3.1492,3.1562,3.1562,3.1512,3.1542,41
2026-05-20 20:08:00,3.1482,3.1552,3.1482,3.1552,3.1532,3.1602,3.1532,3.1602,34
2026-05-20 20:09:00,3.1542,3.1592,3.1542,3.1592,3.1592,3.1642,3.1592,3.1642,40
2026-05-20 20:10:00,3.1582,3.1592,3.1552,3.1562,3.1632,3.1642,3.1602,3.1612,21
2026-05-20 20:11:00,3.1557,3.1562,3.1532,3.1542,3.1607,3.1612,3.1582,3.1592,29
2026-05-20 20:12:00,3.1552,3.1572,3.1542,3.1562,3.1602,3.1622,3.1592,3.1612,32
2026-05-20 20:13:00,3.1572,3.1592,3.1552,3.1562,3.1622,3.1642,3.1602,3.1612,33
2026-05-20 20:14:00,3.1552,3.1552,3.1502,3.1507,3.1602,3.1602,3.1552,3.1557,25
2026-05-20 20:15:00,3.1502,3.1552,3.1502,3.1542,3.1552,3.1602,3.1552,3.1592,20
2026-05-20 20:16:00,3.1532,3.1552,3.1532,3.1532,3.1582,3.1602,3.1582,3.1582,12
2026-05-20 20:17:00,3.1522,3.1532,3.1512,3.1522,3.1572,3.1582,3.1562,3.1572,10
2026-05-20 20:18:00,3.1512,3.1552,3.1482,3.1542,3.1562,3.1602,3.1532,3.1592,38
2026-05-20 20:19:00,3.1532,3.1562,3.1522,3.1552,3.1582,3.1612,3.1572,3.1602,23
2026-05-20 20:20:00,3.1557,3.1582,3.1552,3.1572,3.1607,3.1632,3.1602,3.1622,44
2026-05-20 20:21:00,3.1577,3.1602,3.1577,3.1602,3.1627,3.1652,3.1627,3.1652,22
2026-05-20 20:22:00,3.1612,3.1622,3.1582,3.1592,3.1662,3.1672,3.1632,3.1642,25
2026-05-20 20:23:00,3.1582,3.1597,3.1582,3.1597,3.1632,3.1647,3.1632,3.1647,21
2026-05-20 20:24:00,3.1592,3.1602,3.1572,3.1582,3.1642,3.1652,3.1622,3.1632,50
2026-05-20 20:25:00,3.1587,3.1612,3.1582,3.1602,3.1637,3.1662,3.1632,3.1652,42
2026-05-20 20:26:00,3.1592,3.1602,3.1572,3.1592,3.1642,3.1652,3.1622,3.1642,48
2026-05-20 20:27:00,3.1582,3.1642,3.1582,3.1642,3.1632,3.1692,3.1632,3.1692,88
2026-05-20 20:28:00,3.1632,3.1702,3.1622,3.1672,3.1682,3.1752,3.1672,3.1722,101
2026-05-20 20:29:00,3.1662,3.1672,3.1622,3.1652,3.1712,3.1722,3.1672,3.1702,57
2026-05-20 20:30:00,3.1642,3.1692,3.1552,3.1692,3.1692,3.1742,3.1602,3.1742,79
2026-05-20 20:31:00,3.1682,3.1922,3.1672,3.1912,3.1732,3.1972,3.1722,3.1962,168
2026-05-20 20:32:00,3.1922,3.1962,3.1882,3.1902,3.1972,3.2012,3.1932,3.1952,107
2026-05-20 20:33:00,3.1907,3.2112,3.1907,3.2092,3.1957,3.2162,3.1957,3.2142,105
2026-05-20 20:34:00,3.2087,3.2232,3.2042,3.2207,3.2137,3.2282,3.2092,3.2257,90
2026-05-20 20:35:00,3.2212,3.2392,3.2207,3.2227,3.2262,3.2442,3.2257,3.2277,170
2026-05-20 20:36:00,3.2222,3.2262,3.2072,3.2232,3.2272,3.2312,3.2122,3.2282,164
2026-05-20 20:37:00,3.2227,3.2232,3.2142,3.2182,3.2277,3.2282,3.2192,3.2232,58
2026-05-20 20:38:00,3.2177,3.2262,3.2157,3.2257,3.2227,3.2312,3.2207,3.2307,56
2026-05-20 20:39:00,3.2262,3.2312,3.2217,3.2217,3.2312,3.2362,3.2267,3.2267,61
2026-05-20 20:40:00,3.2222,3.2232,3.2127,3.2127,3.2272,3.2282,3.2177,3.2177,67
2026-05-20 20:41:00,3.2142,3.2192,3.2132,3.2177,3.2192,3.2242,3.2182,3.2227,50
2026-05-20 20:42:00,3.2167,3.2242,3.2152,3.2182,3.2217,3.2292,3.2202,3.2232,45
2026-05-20 20:43:00,3.2187,3.2252,3.2187,3.2212,3.2237,3.2302,3.2237,3.2262,51
2026-05-20 20:44:00,3.2217,3.2217,3.2127,3.2142,3.2267,3.2267,3.2177,3.2192,45
2026-05-20 20:45:00,3.2137,3.2192,3.2137,3.2192,3.2187,3.2242,3.2187,3.2242,27
2026-05-20 20:46:00,3.2197,3.2202,3.2142,3.2142,3.2247,3.2252,3.2192,3.2192,28
2026-05-20 20:47:00,3.2152,3.2182,3.2152,3.2167,3.2202,3.2232,3.2202,3.2217,22
2026-05-20 20:48:00,3.2162,3.2162,3.2112,3.2117,3.2212,3.2212,3.2162,3.2167,28
2026-05-20 20:49:00,3.2112,3.2132,3.2112,3.2122,3.2162,3.2182,3.2162,3.2172,29
2026-05-20 20:50:00,3.2117,3.2132,3.2092,3.2122,3.2167,3.2182,3.2142,3.2172,33
2026-05-20 20:51:00,3.2127,3.2142,3.2122,3.2122,3.2177,3.2192,3.2172,3.2172,7
2026-05-20 20:52:00,3.2127,3.2172,3.2122,3.2172,3.2177,3.2222,3.2172,3.2222,18
2026-05-20 20:53:00,3.2162,3.2182,3.2142,3.2142,3.2212,3.2232,3.2192,3.2192,15
2026-05-20 20:54:00,3.2132,3.2137,3.2112,3.2112,3.2182,3.2187,3.2162,3.2162,18
2026-05-20 20:55:00,3.2117,3.2152,3.2112,3.2132,3.2167,3.2202,3.2162,3.2182,28
2026-05-20 20:56:00,3.2137,3.2172,3.2137,3.2152,3.2187,3.2222,3.2187,3.2202,16
2026-05-20 20:57:00,3.2142,3.2172,3.2142,3.2152,3.2192,3.2222,3.2192,3.2202,11
2026-05-20 20:58:00,3.2157,3.2162,3.2142,3.2142,3.2207,3.2212,3.2192,3.2192,9
2026-05-20 20:59:00,3.2147,3.2162,3.2142,3.2162,3.2197,3.2212,3.2192,3.2212,10
2026-05-20 21:00:00,3.2157,3.2157,3.2137,3.2137,3.2207,3.2207,3.2187,3.2187,7
2026-05-20 21:01:00,3.2142,3.2142,3.2052,3.2072,3.2192,3.2192,3.2102,3.2122,29
2026-05-20 21:02:00,3.2067,3.2082,3.2042,3.2052,3.2117,3.2132,3.2092,3.2102,25
2026-05-20 21:03:00,3.2057,3.2077,3.2052,3.2072,3.2107,3.2127,3.2102,3.2122,7
2026-05-20 21:04:00,3.2067,3.2092,3.2067,3.2072,3.2117,3.2142,3.2117,3.2122,18
2026-05-20 21:05:00,3.2077,3.2092,3.2032,3.2032,3.2127,3.2142,3.2082,3.2082,25
2026-05-20 21:06:00,3.2037,3.2042,3.1982,3.1997,3.2087,3.2092,3.2032,3.2047,25
2026-05-20 21:07:00,3.2007,3.2007,3.1972,3.1977,3.2057,3.2057,3.2022,3.2027,17
2026-05-20 21:08:00,3.1982,3.1992,3.1972,3.1987,3.2032,3.2042,3.2022,3.2037,20
2026-05-20 21:09:00,3.1982,3.1992,3.1967,3.1977,3.2032,3.2042,3.2017,3.2027,22
2026-05-20 21:10:00,3.1972,3.1992,3.1972,3.1972,3.2022,3.2042,3.2022,3.2022,8
2026-05-20 21:11:00,3.1962,3.1972,3.1962,3.1962,3.2012,3.2022,3.2012,3.2012,7
2026-05-20 21:12:00,3.1972,3.2017,3.1972,3.2017,3.2022,3.2067,3.2022,3.2067,10
2026-05-20 21:13:00,3.2012,3.2022,3.1982,3.1987,3.2062,3.2072,3.2032,3.2037,20
2026-05-20 21:14:00,3.1997,3.1997,3.1962,3.1977,3.2047,3.2047,3.2012,3.2027,14
2026-05-20 21:15:00,3.1972,3.1992,3.1972,3.1992,3.2022,3.2042,3.2022,3.2042,6
2026-05-20 21:16:00,3.1987,3.2112,3.1982,3.2097,3.2037,3.2162,3.2032,3.2147,42
2026-05-20 21:17:00,3.2092,3.2117,3.2072,3.2092,3.2142,3.2167,3.2122,3.2142,21
2026-05-20 21:18:00,3.2087,3.2102,3.2087,3.2102,3.2137,3.2152,3.2137,3.2152,7
2026-05-20 21:19:00,3.2097,3.2097,3.2087,3.2087,3.2147,3.2147,3.2137,3.2137,5
2026-05-20 21:20:00,3.2082,3.2087,3.2077,3.2087,3.2132,3.2137,3.2127,3.2137,6
2026-05-20 21:21:00,3.2092,3.2102,3.2072,3.2072,3.2142,3.2152,3.2122,3.2122,16
2026-05-20 21:22:00,3.2077,3.2087,3.2072,3.2072,3.2127,3.2137,3.2122,3.2122,16
2026-05-20 21:23:00,3.2067,3.2102,3.2062,3.2067,3.2117,3.2152,3.2112,3.2117,17
2026-05-20 21:24:00,3.2072,3.2072,3.2062,3.2062,3.2122,3.2122,3.2112,3.2112,3
2026-05-20 21:25:00,3.2057,3.2062,3.2042,3.2052,3.2107,3.2112,3.2092,3.2102,5
2026-05-20 21:26:00,3.2047,3.2047,3.2022,3.2037,3.2097,3.2097,3.2072,3.2087,24
2026-05-20 21:27:00,3.2042,3.2052,3.2032,3.2037,3.2092,3.2102,3.2082,3.2087,10
2026-05-20 21:28:00,3.2042,3.2042,3.2022,3.2037,3.2092,3.2092,3.2072,3.2087,16
2026-05-20 21:29:00,3.2027,3.2042,3.2027,3.2042,3.2077,3.2092,3.2077,3.2092,5
2026-05-20 21:30:00,3.2052,3.2067,3.2052,3.2052,3.2102,3.2117,3.2102,3.2102,10
2026-05-20 21:31:00,3.2042,3.2042,3.2032,3.2032,3.2092,3.2092,3.2082,3.2082,4
2026-05-20 21:32:00,3.2042,3.2072,3.2037,3.2047,3.2092,3.2122,3.2087,3.2097,16
2026-05-20 21:33:00,3.2052,3.2062,3.2052,3.2057,3.2102,3.2112,3.2102,3.2107,8
2026-05-20 21:34:00,3.2052,3.2072,3.2052,3.2062,3.2102,3.2122,3.2102,3.2112,7
2026-05-20 21:35:00,3.2057,3.2067,3.2052,3.2057,3.2107,3.2117,3.2102,3.2107,7
2026-05-20 21:36:00,3.2052,3.2062,3.2052,3.2052,3.2102,3.2112,3.2102,3.2102,4
2026-05-20 21:37:00,3.2057,3.2082,3.2057,3.2082,3.2107,3.2132,3.2107,3.2132,3
2026-05-20 21:38:00,3.2077,3.2082,3.2072,3.2072,3.2127,3.2132,3.2122,3.2122,7
2026-05-20 21:39:00,3.2062,3.2072,3.1997,3.2027,3.2112,3.2122,3.2047,3.2077,34
2026-05-20 21:40:00,3.2022,3.2032,3.2012,3.2027,3.2072,3.2082,3.2062,3.2077,19
2026-05-20 21:41:00,3.2022,3.2052,3.2012,3.2052,3.2072,3.2102,3.2062,3.2102,16
2026-05-20 21:42:00,3.2062,3.2062,3.2027,3.2027,3.2112,3.2112,3.2077,3.2077,8
2026-05-20 21:43:00,3.2022,3.2027,3.2007,3.2007,3.2072,3.2077,3.2057,3.2057,15
2026-05-20 21:44:00,3.2012,3.2012,3.2002,3.2002,3.2062,3.2062,3.2052,3.2052,11
2026-05-20 21:45:00,3.2007,3.2007,3.1987,3.2007,3.2057,3.2057,3.2037,3.2057,9
2026-05-20 21:46:00,3.2012,3.2017,3.1997,3.2002,3.2062,3.2067,3.2047,3.2052,7
2026-05-20 21:47:00,3.2007,3.2007,3.1992,3.1992,3.2057,3.2057,3.2042,3.2042,11
2026-05-20 21:48:00,3.1982,3.1997,3.1982,3.1987,3.2032,3.2047,3.2032,3.2037,9
2026-05-20 21:49:00,3.1982,3.1992,3.1962,3.1962,3.2032,3.2042,3.2012,3.2012,11
2026-05-20 21:50:00,3.1967,3.1972,3.1962,3.1967,3.2017,3.2022,3.2012,3.2017,7
2026-05-20 21:51:00,3.1972,3.1972,3.1952,3.1957,3.2022,3.2022,3.2002,3.2007,4
2026-05-20 21:52:00,3.1962,3.1972,3.1952,3.1972,3.2012,3.2022,3.2002,3.2022,8
2026-05-20 21:53:00,3.1982,3.1992,3.1972,3.1987,3.2032,3.2042,3.2022,3.2037,8
2026-05-20 21:54:00,3.1992,3.1992,3.1982,3.1987,3.2042,3.2042,3.2032,3.2037,10
2026-05-20 21:55:00,3.1992,3.1997,3.1987,3.1987,3.2042,3.2047,3.2037,3.2037,6
2026-05-20 21:56:00,3.1997,3.2012,3.1987,3.1992,3.2047,3.2062,3.2037,3.2042,9
2026-05-20 21:57:00,3.1987,3.1987,3.1942,3.1972,3.2037,3.2037,3.1992,3.2022,19
2026-05-20 21:58:00,3.1982,3.1992,3.1982,3.1992,3.2032,3.2042,3.2032,3.2042,6
2026-05-20 21:59:00,3.1982,3.2002,3.1972,3.1982,3.2032,3.2052,3.2022,3.2032,15
2026-05-20 22:00:00,3.1987,3.1992,3.1957,3.1962,3.2037,3.2042,3.2007,3.2012,15
2026-05-20 22:01:00,3.1952,3.1957,3.1952,3.1957,3.2002,3.2007,3.2002,3.2007,2
2026-05-20 22:02:00,3.1962,3.1962,3.1957,3.1957,3.2012,3.2012,3.2007,3.2007,2
2026-05-20 22:03:00,3.1967,3.1967,3.1957,3.1957,3.2017,3.2017,3.2007,3.2007,2
2026-05-20 22:04:00,3.1962,3.1972,3.1962,3.1967,3.2012,3.2022,3.2012,3.2017,6
2026-05-20 22:05:00,3.1962,3.1967,3.1962,3.1967,3.2012,3.2017,3.2012,3.2017,4
2026-05-20 22:06:00,3.1962,3.1962,3.1957,3.1957,3.2012,3.2012,3.2007,3.2007,4
2026-05-20 22:07:00,3.1962,3.1962,3.1952,3.1952,3.2012,3.2012,3.2002,3.2002,2
2026-05-20 22:09:00,3.1957,3.1957,3.1952,3.1952,3.2007,3.2007,3.2002,3.2002,2
2026-05-20 22:10:00,3.1942,3.1952,3.1922,3.1922,3.1992,3.2002,3.1972,3.1972,14
2026-05-20 22:11:00,3.1912,3.1912,3.1902,3.1902,3.1962,3.1962,3.1952,3.1952,7
2026-05-20 22:12:00,3.1892,3.1937,3.1892,3.1937,3.1942,3.1987,3.1942,3.1987,14
2026-05-20 22:13:00,3.1932,3.1932,3.1922,3.1932,3.1982,3.1982,3.1972,3.1982,5
2026-05-20 22:14:00,3.1937,3.1952,3.1937,3.1942,3.1987,3.2002,3.1987,3.1992,8
2026-05-20 22:15:00,3.1947,3.1967,3.1947,3.1967,3.1997,3.2017,3.1997,3.2017,5
2026-05-20 22:16:00,3.1972,3.1972,3.1947,3.1952,3.2022,3.2022,3.1997,3.2002,8
2026-05-20 22:17:00,3.1962,3.1967,3.1952,3.1952,3.2012,3.2017,3.2002,3.2002,6
2026-05-20 22:18:00,3.1942,3.1952,3.1942,3.1952,3.1992,3.2002,3.1992,3.2002,6
2026-05-20 22:19:00,3.1942,3.1952,3.1942,3.1952,3.1992,3.2002,3.1992,3.2002,2
2026-05-20 22:20:00,3.1957,3.1982,3.1952,3.1977,3.2007,3.2032,3.2002,3.2027,10
2026-05-20 22:21:00,3.1972,3.1972,3.1962,3.1962,3.2022,3.2022,3.2012,3.2012,2
2026-05-20 22:22:00,3.1967,3.1967,3.1967,3.1967,3.2017,3.2017,3.2017,3.2017,1
2026-05-20 22:23:00,3.1977,3.1977,3.1962,3.1967,3.2027,3.2027,3.2012,3.2017,5
2026-05-20 22:24:00,3.1972,3.1972,3.1972,3.1972,3.2022,3.2022,3.2022,3.2022,1
2026-05-20 22:26:00,3.1982,3.1992,3.1977,3.1977,3.2032,3.2042,3.2027,3.2027,8
2026-05-20 22:27:00,3.1982,3.1987,3.1972,3.1982,3.2032,3.2037,3.2022,3.2032,6
2026-05-20 22:28:00,3.1987,3.1987,3.1962,3.1977,3.2037,3.2037,3.2012,3.2027,9
2026-05-20 22:29:00,3.1972,3.1982,3.1952,3.1952,3.2022,3.2032,3.2002,3.2002,14
2026-05-20 22:30:00,3.1962,3.1962,3.1952,3.1957,3.2012,3.2012,3.2002,3.2007,5
2026-05-20 22:31:00,3.1962,3.1972,3.1962,3.1972,3.2012,3.2022,3.2012,3.2022,3
2026-05-20 22:32:00,3.1962,3.1982,3.1962,3.1977,3.2012,3.2032,3.2012,3.2027,6
2026-05-20 22:33:00,3.1982,3.1997,3.1982,3.1992,3.2032,3.2047,3.2032,3.2042,9
2026-05-20 22:34:00,3.1987,3.1992,3.1987,3.1992,3.2037,3.2042,3.2037,3.2042,2
2026-05-20 22:35:00,3.1987,3.1992,3.1987,3.1987,3.2037,3.2042,3.2037,3.2037,3
2026-05-20 22:36:00,3.1982,3.1987,3.1982,3.1982,3.2032,3.2037,3.2032,3.2032,3
2026-05-20 22:37:00,3.1972,3.1972,3.1967,3.1967,3.2022,3.2022,3.2017,3.2017,2
2026-05-20 22:38:00,3.1962,3.1972,3.1952,3.1962,3.2012,3.2022,3.2002,3.2012,6
2026-05-20 22:40:00,3.1952,3.1952,3.1932,3.1932,3.2002,3.2002,3.1982,3.1982,5
2026-05-20 22:41:00,3.1927,3.1927,3.1927,3.1927,3.1977,3.1977,3.1977,3.1977,1
2026-05-20 22:42:00,3.1932,3.1932,3.1927,3.1932,3.1982,3.1982,3.1977,3.1982,5
2026-05-20 22:43:00,3.1927,3.1932,3.1902,3.1907,3.1977,3.1982,3.1952,3.1957,10
2026-05-20 22:44:00,3.1897,3.1907,3.1892,3.1907,3.1947,3.1957,3.1942,3.1957,7
2026-05-20 22:45:00,3.1917,3.1937,3.1917,3.1937,3.1967,3.1987,3.1967,3.1987,8
2026-05-20 22:46:00,3.1942,3.1942,3.1942,3.1942,3.1992,3.1992,3.1992,3.1992,1
2026-05-20 22:47:00,3.1947,3.1977,3.1947,3.1972,3.1997,3.2027,3.1997,3.2022,4
2026-05-20 22:48:00,3.1977,3.1977,3.1967,3.1967,3.2027,3.2027,3.2017,3.2017,5
2026-05-20 22:49:00,3.1977,3.1977,3.1957,3.1957,3.2027,3.2027,3.2007,3.2007,4
2026-05-20 22:50:00,3.1962,3.1982,3.1962,3.1982,3.2012,3.2032,3.2012,3.2032,5
2026-05-20 22:51:00,3.1977,3.1982,3.1977,3.1977,3.2027,3.2032,3.2027,3.2027,9
2026-05-20 22:52:00,3.1972,3.1972,3.1957,3.1957,3.2022,3.2022,3.2007,3.2007,8
2026-05-20 22:53:00,3.1962,3.1962,3.1962,3.1962,3.2012,3.2012,3.2012,3.2012,1
2026-05-20 22:54:00,3.1952,3.1962,3.1952,3.1962,3.2002,3.2012,3.2002,3.2012,3
2026-05-20 22:55:00,3.1972,3.1972,3.1957,3.1957,3.2022,3.2022,3.2007,3.2007,4
2026-05-20 22:56:00,3.1967,3.1967,3.1957,3.1957,3.2017,3.2017,3.2007,3.2007,4
2026-05-20 22:57:00,3.1962,3.1967,3.1962,3.1962,3.2012,3.2017,3.2012,3.2012,5
2026-05-20 22:58:00,3.1967,3.1967,3.1937,3.1942,3.2017,3.2017,3.1987,3.1992,29
2026-05-20 22:59:00,3.1937,3.1962,3.1635,3.1635,3.1987,3.2012,3.1685,3.1685,53
2026-05-21 00:00:00,3.1615,3.1645,3.1585,3.1635,3.1665,3.1695,3.1635,3.1685,14
2026-05-21 00:01:00,3.164,3.166,3.1635,3.1635,3.169,3.171,3.1685,3.1685,7
2026-05-21 00:02:00,3.164,3.167,3.164,3.1665,3.169,3.172,3.169,3.1715,8
2026-05-21 00:03:00,3.166,3.166,3.165,3.165,3.171,3.171,3.17,3.17,4
2026-05-21 00:04:00,3.1645,3.1645,3.164,3.1645,3.1695,3.1695,3.169,3.1695,3
2026-05-21 00:06:00,3.164,3.165,3.164,3.1645,3.169,3.17,3.169,3.1695,4
2026-05-21 00:07:00,3.165,3.1685,3.1645,3.166,3.17,3.1735,3.1695,3.171,8
2026-05-21 00:10:00,3.167,3.1675,3.1665,3.1675,3.172,3.1725,3.1715,3.1725,6
2026-05-21 00:14:00,3.1665,3.1665,3.165,3.165,3.1715,3.1715,3.17,3.17,3
2026-05-21 00:15:00,3.1645,3.1645,3.1645,3.1645,3.1695,3.1695,3.1695,3.1695,1
2026-05-21 00:16:00,3.165,3.166,3.165,3.1655,3.17,3.171,3.17,3.1705,3
2026-05-21 00:17:00,3.165,3.165,3.165,3.165,3.17,3.17,3.17,3.17,1
2026-05-21 00:18:00,3.1655,3.166,3.1655,3.166,3.1705,3.171,3.1705,3.171,2
2026-05-21 00:19:00,3.1655,3.1655,3.165,3.165,3.1705,3.1705,3.17,3.17,2
2026-05-21 00:25:00,3.1645,3.165,3.1645,3.165,3.1695,3.17,3.1695,3.17,2
2026-05-21 00:26:00,3.1655,3.1655,3.1655,3.1655,3.1705,3.1705,3.1705,3.1705,1
2026-05-21 00:28:00,3.166,3.166,3.166,3.166,3.171,3.171,3.171,3.171,1
2026-05-21 00:29:00,3.1665,3.1665,3.1665,3.1665,3.1715,3.1715,3.1715,3.1715,1
2026-05-21 00:31:00,3.166,3.166,3.166,3.166,3.171,3.171,3.171,3.171,1
2026-05-21 00:35:00,3.167,3.167,3.167,3.167,3.172,3.172,3.172,3.172,1
2026-05-21 00:36:00,3.1675,3.1675,3.167,3.167,3.1725,3.1725,3.172,3.172,2
2026-05-21 00:37:00,3.1675,3.168,3.1675,3.168,3.1725,3.173,3.1725,3.173,2
2026-05-21 00:38:00,3.1685,3.1685,3.1685,3.1685,3.1735,3.1735,3.1735,3.1735,1
2026-05-21 00:39:00,3.168,3.1685,3.168,3.1685,3.173,3.1735,3.173,3.1735,2
2026-05-21 00:40:00,3.168,3.168,3.168,3.168,3.173,3.173,3.173,3.173,1
2026-05-21 00:41:00,3.167,3.167,3.167,3.167,3.172,3.172,3.172,3.172,1
2026-05-21 00:45:00,3.1675,3.1675,3.1675,3.1675,3.1725,3.1725,3.1725,3.1725,1
2026-05-21 00:47:00,3.168,3.168,3.1675,3.1675,3.173,3.173,3.1725,3.1725,2
2026-05-21 00:49:00,3.168,3.168,3.168,3.168,3.173,3.173,3.173,3.173,1
2026-05-21 00:56:00,3.167,3.167,3.167,3.167,3.172,3.172,3.172,3.172,1
2026-05-21 00:58:00,3.1675,3.17,3.1675,3.17,3.1725,3.175,3.1725,3.175,6
2026-05-21 00:59:00,3.1705,3.1705,3.17,3.17,3.1755,3.1755,3.175,3.175,2
2026-05-21 01:00:00,3.1705,3.171,3.17,3.1705,3.1755,3.176,3.175,3.1755,5
2026-05-21 01:01:00,3.171,3.171,3.169,3.1705,3.176,3.176,3.174,3.1755,9
2026-05-21 01:02:00,3.169,3.17,3.1665,3.1665,3.174,3.175,3.1715,3.1715,11
2026-05-21 01:03:00,3.165,3.1665,3.163,3.1635,3.17,3.1715,3.168,3.1685,16
2026-05-21 01:04:00,3.164,3.1645,3.164,3.1645,3.169,3.1695,3.169,3.1695,2
2026-05-21 01:05:00,3.163,3.1645,3.163,3.1645,3.168,3.1695,3.168,3.1695,3
2026-05-21 01:06:00,3.165,3.1655,3.163,3.1645,3.17,3.1705,3.168,3.1695,7
2026-05-21 01:07:00,3.164,3.165,3.164,3.165,3.169,3.17,3.169,3.17,3
2026-05-21 01:08:00,3.1655,3.171,3.1655,3.171,3.1705,3.176,3.1705,3.176,10
2026-05-21 01:09:00,3.172,3.175,3.1715,3.1735,3.177,3.18,3.1765,3.1785,8
2026-05-21 01:10:00,3.174,3.1745,3.174,3.1745,3.179,3.1795,3.179,3.1795,2
2026-05-21 01:12:00,3.174,3.174,3.1735,3.174,3.179,3.179,3.1785,3.179,3
2026-05-21 01:14:00,3.175,3.176,3.1745,3.176,3.18,3.181,3.1795,3.181,4
2026-05-21 01:15:00,3.1755,3.1775,3.1755,3.1775,3.1805,3.1825,3.1805,3.1825,10
2026-05-21 01:16:00,3.176,3.176,3.175,3.176,3.181,3.181,3.18,3.181,3
2026-05-21 01:17:00,3.1755,3.1755,3.1735,3.1735,3.1805,3.1805,3.1785,3.1785,4
2026-05-21 01:18:00,3.174,3.174,3.1735,3.1735,3.179,3.179,3.1785,3.1785,2
2026-05-21 01:19:00,3.174,3.174,3.174,3.174,3.179,3.179,3.179,3.179,1
2026-05-21 01:20:00,3.1735,3.1735,3.1735,3.1735,3.1785,3.1785,3.1785,3.1785,1
2026-05-21 01:27:00,3.173,3.173,3.173,3.173,3.178,3.178,3.178,3.178,1
2026-05-21 01:28:00,3.172,3.1725,3.172,3.172,3.177,3.1775,3.177,3.177,3
2026-05-21 01:31:00,3.1715,3.172,3.171,3.1715,3.1765,3.177,3.176,3.1765,5
2026-05-21 01:32:00,3.171,3.171,3.171,3.171,3.176,3.176,3.176,3.176,1
2026-05-21 01:33:00,3.1715,3.1715,3.171,3.171,3.1765,3.1765,3.176,3.176,2
2026-05-21 01:45:00,3.172,3.172,3.1715,3.172,3.177,3.177,3.1765,3.177,3
2026-05-21 01:47:00,3.1715,3.1715,3.171,3.1715,3.1765,3.1765,3.176,3.1765,3
2026-05-21 01:48:00,3.171,3.171,3.1705,3.1705,3.176,3.176,3.1755,3.1755,2
2026-05-21 01:49:00,3.17,3.17,3.17,3.17,3.175,3.175,3.175,3.175,1
2026-05-21 01:50:00,3.1695,3.1695,3.169,3.169,3.1745,3.1745,3.174,3.174,2
2026-05-21 01:51:00,3.168,3.17,3.1675,3.1695,3.173,3.175,3.1725,3.1745,7
2026-05-21 01:52:00,3.169,3.169,3.1685,3.169,3.174,3.174,3.1735,3.174,3
2026-05-21 01:53:00,3.17,3.172,3.17,3.1715,3.175,3.177,3.175,3.1765,4
2026-05-21 01:55:00,3.171,3.1725,3.17,3.1715,3.176,3.1775,3.175,3.1765,9
2026-05-21 01:56:00,3.172,3.172,3.171,3.171,3.177,3.177,3.176,3.176,2
2026-05-21 01:57:00,3.1715,3.1715,3.171,3.1715,3.1765,3.1765,3.176,3.1765,3
2026-05-21 01:58:00,3.171,3.171,3.1705,3.171,3.176,3.176,3.1755,3.176,7
2026-05-21 01:59:00,3.1705,3.173,3.1705,3.173,3.1755,3.178,3.1755,3.178,5
2026-05-21 02:00:00,3.1725,3.173,3.1715,3.1725,3.1775,3.178,3.1765,3.1775,20
2026-05-21 02:01:00,3.173,3.173,3.1725,3.173,3.178,3.178,3.1775,3.178,3
2026-05-21 02:03:00,3.174,3.175,3.1725,3.1725,3.179,3.18,3.1775,3.1775,8
2026-05-21 02:04:00,3.172,3.172,3.171,3.171,3.177,3.177,3.176,3.176,3
2026-05-21 02:05:00,3.1715,3.172,3.1715,3.172,3.1765,3.177,3.1765,3.177,4
2026-05-21 02:06:00,3.171,3.172,3.171,3.172,3.176,3.177,3.176,3.177,2
2026-05-21 02:07:00,3.171,3.173,3.17,3.172,3.176,3.178,3.175,3.177,31
2026-05-21 02:08:00,3.1715,3.1735,3.1715,3.173,3.1765,3.1785,3.1765,3.178,48
2026-05-21 02:09:00,3.1735,3.1735,3.168,3.1685,3.1785,3.1785,3.173,3.1735,21
2026-05-21 02:10:00,3.168,3.168,3.167,3.1675,3.173,3.173,3.172,3.1725,3
2026-05-21 02:11:00,3.168,3.168,3.168,3.168,3.173,3.173,3.173,3.173,1
2026-05-21 02:12:00,3.1685,3.1685,3.1685,3.1685,3.1735,3.1735,3.1735,3.1735,1
2026-05-21 02:13:00,3.168,3.1685,3.168,3.1685,3.173,3.1735,3.173,3.1735,2
2026-05-21 02:15:00,3.1675,3.1685,3.167,3.1675,3.1725,3.1735,3.172,3.1725,5
2026-05-21 02:16:00,3.168,3.168,3.1675,3.168,3.173,3.173,3.1725,3.173,9
2026-05-21 02:18:00,3.1685,3.177,3.1685,3.1755,3.1735,3.182,3.1735,3.1805,28
2026-05-21 02:19:00,3.1745,3.179,3.1745,3.178,3.1795,3.184,3.1795,3.183,16
2026-05-21 02:20:00,3.1775,3.1775,3.1755,3.1755,3.1825,3.1825,3.1805,3.1805,14
2026-05-21 02:21:00,3.175,3.176,3.174,3.176,3.18,3.181,3.179,3.181,6
2026-05-21 02:22:00,3.1755,3.1765,3.1755,3.1755,3.1805,3.1815,3.1805,3.1805,6
2026-05-21 02:23:00,3.176,3.176,3.1755,3.1755,3.181,3.181,3.1805,3.1805,2
2026-05-21 02:24:00,3.175,3.175,3.174,3.174,3.18,3.18,3.179,3.179,2
2026-05-21 02:26:00,3.175,3.176,3.175,3.1755,3.18,3.181,3.18,3.1805,9
2026-05-21 02:27:00,3.175,3.176,3.175,3.1755,3.18,3.181,3.18,3.1805,8
2026-05-21 02:28:00,3.176,3.176,3.1755,3.1755,3.181,3.181,3.1805,3.1805,4
2026-05-21 02:30:00,3.176,3.176,3.1755,3.1755,3.181,3.181,3.1805,3.1805,2
2026-05-21 02:32:00,3.175,3.175,3.175,3.175,3.18,3.18,3.18,3.18,1
2026-05-21 02:34:00,3.1755,3.1755,3.1735,3.1735,3.1805,3.1805,3.1785,3.1785,6
2026-05-21 02:35:00,3.173,3.1735,3.173,3.173,3.178,3.1785,3.178,3.178,3
2026-05-21 02:36:00,3.1735,3.1735,3.1735,3.1735,3.1785,3.1785,3.1785,3.1785,1
2026-05-21 02:37:00,3.173,3.173,3.173,3.173,3.178,3.178,3.178,3.178,1
2026-05-21 02:38:00,3.1735,3.1735,3.173,3.1735,3.1785,3.1785,3.178,3.1785,3
2026-05-21 02:39:00,3.175,3.176,3.175,3.176,3.18,3.181,3.18,3.181,9
2026-05-21 02:40:00,3.174,3.176,3.174,3.176,3.179,3.181,3.179,3.181,6
2026-05-21 02:42:00,3.1755,3.176,3.1755,3.176,3.1805,3.181,3.1805,3.181,2
2026-05-21 02:43:00,3.175,3.175,3.175,3.175,3.18,3.18,3.18,3.18,1
2026-05-21 02:47:00,3.174,3.174,3.174,3.174,3.179,3.179,3.179,3.179,1
2026-05-21 02:48:00,3.175,3.175,3.175,3.175,3.18,3.18,3.18,3.18,1
2026-05-21 02:49:00,3.1745,3.1745,3.174,3.174,3.1795,3.1795,3.179,3.179,2
2026-05-21 02:53:00,3.1735,3.174,3.1735,3.174,3.1785,3.179,3.1785,3.179,2
2026-05-21 02:54:00,3.1735,3.1735,3.173,3.173,3.1785,3.1785,3.178,3.178,2
2026-05-21 02:58:00,3.1725,3.1725,3.1725,3.1725,3.1775,3.1775,3.1775,3.1775,1
2026-05-21 02:59:00,3.173,3.173,3.173,3.173,3.178,3.178,3.178,3.178,1
2026-05-21 03:00:00,3.1725,3.173,3.171,3.173,3.1775,3.178,3.176,3.178,17
2026-05-21 03:01:00,3.1725,3.1725,3.1715,3.1715,3.1775,3.1775,3.1765,3.1765,6
2026-05-21 03:02:00,3.172,3.172,3.172,3.172,3.177,3.177,3.177,3.177,1
2026-05-21 03:03:00,3.173,3.173,3.1725,3.173,3.178,3.178,3.1775,3.178,3
2026-05-21 03:04:00,3.1735,3.1735,3.1725,3.1725,3.1785,3.1785,3.1775,3.1775,4
2026-05-21 03:05:00,3.172,3.172,3.171,3.171,3.177,3.177,3.176,3.176,2
2026-05-21 03:06:00,3.1715,3.1715,3.171,3.171,3.1765,3.1765,3.176,3.176,10
2026-05-21 03:07:00,3.17,3.1705,3.17,3.1705,3.175,3.1755,3.175,3.1755,2
2026-05-21 03:09:00,3.17,3.17,3.17,3.17,3.175,3.175,3.175,3.175,1
2026-05-21 03:12:00,3.1705,3.1705,3.1705,3.1705,3.1755,3.1755,3.1755,3.1755,1
2026-05-21 03:13:00,3.1715,3.172,3.171,3.1715,3.1765,3.177,3.176,3.1765,13
2026-05-21 03:14:00,3.1725,3.1725,3.172,3.1725,3.1775,3.1775,3.177,3.1775,5
2026-05-21 03:15:00,3.173,3.173,3.172,3.172,3.178,3.178,3.177,3.177,7
2026-05-21 03:16:00,3.1725,3.1725,3.172,3.1725,3.1775,3.1775,3.177,3.1775,5
2026-05-21 03:17:00,3.172,3.1725,3.172,3.172,3.177,3.1775,3.177,3.177,3
2026-05-21 03:18:00,3.1715,3.1715,3.171,3.171,3.1765,3.1765,3.176,3.176,4
2026-05-21 03:24:00,3.1705,3.1705,3.17,3.1705,3.1755,3.1755,3.175,3.1755,5
2026-05-21 03:25:00,3.171,3.171,3.17,3.1705,3.176,3.176,3.175,3.1755,4
2026-05-21 03:26:00,3.17,3.1705,3.17,3.1705,3.175,3.1755,3.175,3.1755,2
2026-05-21 03:27:00,3.171,3.172,3.1705,3.171,3.176,3.177,3.1755,3.176,10
2026-05-21 03:28:00,3.1705,3.171,3.17,3.1705,3.1755,3.176,3.175,3.1755,9
2026-05-21 03:29:00,3.171,3.171,3.1705,3.171,3.176,3.176,3.1755,3.176,11
2026-05-21 03:30:00,3.1705,3.171,3.17,3.17,3.1755,3.176,3.175,3.175,4
2026-05-21 03:31:00,3.171,3.171,3.17,3.171,3.176,3.176,3.175,3.176,4
2026-05-21 03:32:00,3.1715,3.1725,3.1715,3.1725,3.1765,3.1775,3.1765,3.1775,3
2026-05-21 03:33:00,3.173,3.1735,3.1725,3.1735,3.178,3.1785,3.1775,3.1785,10
2026-05-21 03:34:00,3.173,3.1735,3.173,3.1735,3.178,3.1785,3.178,3.1785,2
2026-05-21 03:35:00,3.1725,3.1725,3.169,3.169,3.1775,3.1775,3.174,3.174,9
2026-05-21 03:36:00,3.1695,3.1695,3.1695,3.1695,3.1745,3.1745,3.1745,3.1745,1
2026-05-21 03:37:00,3.169,3.17,3.1685,3.1695,3.174,3.175,3.1735,3.1745,13
2026-05-21 03:38:00,3.17,3.17,3.169,3.169,3.175,3.175,3.174,3.174,3
2026-05-21 03:39:00,3.1695,3.17,3.169,3.17,3.1745,3.175,3.174,3.175,4
2026-05-21 03:40:00,3.1695,3.1695,3.169,3.169,3.1745,3.1745,3.174,3.174,4
2026-05-21 03:41:00,3.1685,3.169,3.1685,3.169,3.1735,3.174,3.1735,3.174,4
2026-05-21 03:42:00,3.1685,3.1685,3.1685,3.1685,3.1735,3.1735,3.1735,3.1735,1
2026-05-21 03:43:00,3.168,3.168,3.166,3.167,3.173,3.173,3.171,3.172,10
2026-05-21 03:44:00,3.1675,3.1675,3.167,3.167,3.1725,3.1725,3.172,3.172,6
2026-05-21 03:45:00,3.1665,3.1665,3.1665,3.1665,3.1715,3.1715,3.1715,3.1715,1
2026-05-21 03:46:00,3.167,3.167,3.166,3.1665,3.172,3.172,3.171,3.1715,4
2026-05-21 03:47:00,3.167,3.167,3.1665,3.1665,3.172,3.172,3.1715,3.1715,2
2026-05-21 03:48:00,3.167,3.167,3.1665,3.167,3.172,3.172,3.1715,3.172,3
2026-05-21 03:49:00,3.1675,3.1675,3.1675,3.1675,3.1725,3.1725,3.1725,3.1725,1
2026-05-21 03:50:00,3.167,3.1675,3.167,3.1675,3.172,3.1725,3.172,3.1725,2
2026-05-21 03:51:00,3.167,3.1675,3.167,3.167,3.172,3.1725,3.172,3.172,5
2026-05-21 03:52:00,3.1675,3.1675,3.166,3.166,3.1725,3.1725,3.171,3.171,4
2026-05-21 03:54:00,3.1665,3.167,3.166,3.167,3.1715,3.172,3.171,3.172,7
2026-05-21 03:55:00,3.168,3.168,3.167,3.1675,3.173,3.173,3.172,3.1725,3
2026-05-21 03:56:00,3.167,3.1675,3.167,3.1675,3.172,3.1725,3.172,3.1725,4
2026-05-21 03:57:00,3.167,3.167,3.167,3.167,3.172,3.172,3.172,3.172,1
2026-05-21 03:58:00,3.1665,3.168,3.1665,3.1675,3.1715,3.173,3.1715,3.1725,4
2026-05-21 03:59:00,3.168,3.168,3.168,3.168,3.173,3.173,3.173,3.173,1
2026-05-21 04:00:00,3.169,3.1695,3.167,3.167,3.174,3.1745,3.172,3.172,5
2026-05-21 04:01:00,3.1675,3.1675,3.167,3.1675,3.1725,3.1725,3.172,3.1725,5
2026-05-21 04:02:00,3.167,3.168,3.167,3.1675,3.172,3.173,3.172,3.1725,8
2026-05-21 04:03:00,3.168,3.168,3.1675,3.1675,3.173,3.173,3.1725,3.1725,2
2026-05-21 04:04:00,3.167,3.167,3.167,3.167,3.172,3.172,3.172,3.172,1
2026-05-21 04:06:00,3.1675,3.168,3.1675,3.1675,3.1725,3.173,3.1725,3.1725,3
2026-05-21 04:07:00,3.168,3.168,3.168,3.168,3.173,3.173,3.173,3.173,1
2026-05-21 04:09:00,3.1685,3.169,3.168,3.168,3.1735,3.174,3.173,3.173,3
2026-05-21 04:10:00,3.1685,3.169,3.1685,3.169,3.1735,3.174,3.1735,3.174,2
2026-05-21 04:11:00,3.168,3.168,3.1665,3.167,3.173,3.173,3.1715,3.172,4
2026-05-21 04:13:00,3.168,3.168,3.168,3.168,3.173,3.173,3.173,3.173,1
2026-05-21 04:14:00,3.1685,3.1695,3.1685,3.169,3.1735,3.1745,3.1735,3.174,3
2026-05-21 04:19:00,3.168,3.168,3.167,3.1675,3.173,3.173,3.172,3.1725,3
2026-05-21 04:21:00,3.167,3.167,3.166,3.1665,3.172,3.172,3.171,3.1715,4
2026-05-21 04:23:00,3.167,3.167,3.167,3.167,3.172,3.172,3.172,3.172,1
2026-05-21 04:24:00,3.1665,3.1665,3.165,3.165,3.1715,3.1715,3.17,3.17,3
2026-05-21 04:26:00,3.1655,3.166,3.1655,3.166,3.1705,3.171,3.1705,3.171,4
2026-05-21 04:30:00,3.167,3.1675,3.167,3.167,3.172,3.1725,3.172,3.172,3
2026-05-21 04:32:00,3.1665,3.1665,3.1665,3.1665,3.1715,3.1715,3.1715,3.1715,1
2026-05-21 04:33:00,3.167,3.167,3.167,3.167,3.172,3.172,3.172,3.172,1
2026-05-21 04:35:00,3.1665,3.1665,3.1665,3.1665,3.1715,3.1715,3.1715,3.1715,1
2026-05-21 04:38:00,3.167,3.167,3.1665,3.167,3.172,3.172,3.1715,3.172,3
2026-05-21 04:40:00,3.168,3.168,3.1675,3.1675,3.173,3.173,3.1725,3.1725,6
2026-05-21 04:41:00,3.1685,3.169,3.1685,3.169,3.1735,3.174,3.1735,3.174,2
2026-05-21 04:42:00,3.1695,3.1695,3.1695,3.1695,3.1745,3.1745,3.1745,3.1745,1
2026-05-21 04:44:00,3.169,3.1695,3.169,3.1695,3.174,3.1745,3.174,3.1745,2
2026-05-21 04:45:00,3.17,3.17,3.17,3.17,3.175,3.175,3.175,3.175,1
2026-05-21 04:46:00,3.171,3.171,3.17,3.17,3.176,3.176,3.175,3.175,2
2026-05-21 04:47:00,3.171,3.171,3.171,3.171,3.176,3.176,3.176,3.176,1
2026-05-21 04:48:00,3.172,3.172,3.1715,3.172,3.177,3.177,3.1765,3.177,3
2026-05-21 04:49:00,3.1715,3.1715,3.171,3.171,3.1765,3.1765,3.176,3.176,2
2026-05-21 04:51:00,3.1715,3.172,3.1715,3.172,3.1765,3.177,3.1765,3.177,2
2026-05-21 04:52:00,3.1715,3.172,3.171,3.171,3.1765,3.177,3.176,3.176,4
2026-05-21 04:53:00,3.172,3.172,3.172,3.172,3.177,3.177,3.177,3.177,1
2026-05-21 04:54:00,3.173,3.175,3.173,3.175,3.178,3.18,3.178,3.18,3
2026-05-21 04:55:00,3.1755,3.1755,3.174,3.174,3.1805,3.1805,3.179,3.179,3
2026-05-21 04:56:00,3.1745,3.175,3.1745,3.175,3.1795,3.18,3.1795,3.18,2
2026-05-21 04:57:00,3.1745,3.1745,3.174,3.174,3.1795,3.1795,3.179,3.179,2
2026-05-21 04:59:00,3.1745,3.175,3.174,3.174,3.1795,3.18,3.179,3.179,3
2026-05-21 05:00:00,3.1745,3.1745,3.1745,3.1745,3.1795,3.1795,3.1795,3.1795,1
2026-05-21 05:01:00,3.174,3.174,3.172,3.172,3.179,3.179,3.177,3.177,3
2026-05-21 05:02:00,3.1715,3.1715,3.17,3.1705,3.1765,3.1765,3.175,3.1755,4
2026-05-21 05:03:00,3.17,3.1705,3.17,3.1705,3.175,3.1755,3.175,3.1755,2
2026-05-21 05:04:00,3.17,3.1705,3.17,3.1705,3.175,3.1755,3.175,3.1755,6
2026-05-21 05:05:00,3.17,3.1705,3.17,3.1705,3.175,3.1755,3.175,3.1755,4
2026-05-21 05:06:00,3.17,3.1705,3.17,3.1705,3.175,3.1755,3.175,3.1755,2
2026-05-21 05:07:00,3.17,3.1705,3.17,3.17,3.175,3.1755,3.175,3.175,3
2026-05-21 05:09:00,3.1705,3.1705,3.1705,3.1705,3.1755,3.1755,3.1755,3.1755,1
2026-05-21 05:10:00,3.17,3.1705,3.17,3.1705,3.175,3.1755,3.175,3.1755,2
2026-05-21 05:11:00,3.17,3.17,3.17,3.17,3.175,3.175,3.175,3.175,1
2026-05-21 05:12:00,3.171,3.171,3.171,3.171,3.176,3.176,3.176,3.176,1
2026-05-21 05:17:00,3.172,3.172,3.171,3.1715,3.177,3.177,3.176,3.1765,6
2026-05-21 05:18:00,3.172,3.172,3.1705,3.1705,3.177,3.177,3.1755,3.1755,4
2026-05-21 05:19:00,3.17,3.1705,3.17,3.1705,3.175,3.1755,3.175,3.1755,2
2026-05-21 05:21:00,3.17,3.17,3.17,3.17,3.175,3.175,3.175,3.175,1
2026-05-21 05:23:00,3.171,3.171,3.171,3.171,3.176,3.176,3.176,3.176,1
2026-05-21 05:24:00,3.1715,3.172,3.1705,3.1705,3.1765,3.177,3.1755,3.1755,5
2026-05-21 05:25:00,3.17,3.1705,3.17,3.17,3.175,3.1755,3.175,3.175,3
2026-05-21 05:26:00,3.1705,3.1705,3.1705,3.1705,3.1755,3.1755,3.1755,3.1755,1
2026-05-21 05:27:00,3.17,3.17,3.17,3.17,3.175,3.175,3.175,3.175,1
2026-05-21 05:29:00,3.1705,3.1705,3.1705,3.1705,3.1755,3.1755,3.1755,3.1755,1
2026-05-21 05:30:00,3.17,3.1715,3.17,3.1715,3.175,3.1765,3.175,3.1765,3
2026-05-21 05:31:00,3.172,3.174,3.172,3.174,3.177,3.179,3.177,3.179,4
2026-05-21 05:32:00,3.173,3.174,3.173,3.174,3.178,3.179,3.178,3.179,3
2026-05-21 05:33:00,3.175,3.175,3.1735,3.1735,3.18,3.18,3.1785,3.1785,3
2026-05-21 05:34:00,3.174,3.174,3.171,3.172,3.179,3.179,3.176,3.177,10
2026-05-21 05:35:00,3.1715,3.172,3.1715,3.172,3.1765,3.177,3.1765,3.177,4
2026-05-21 05:37:00,3.171,3.172,3.171,3.171,3.176,3.177,3.176,3.176,5
2026-05-21 05:39:00,3.1705,3.1705,3.1705,3.1705,3.1755,3.1755,3.1755,3.1755,1
2026-05-21 05:40:00,3.17,3.172,3.17,3.172,3.175,3.177,3.175,3.177,5
2026-05-21 05:41:00,3.171,3.1715,3.171,3.1715,3.176,3.1765,3.176,3.1765,2
2026-05-21 05:42:00,3.171,3.171,3.171,3.171,3.176,3.176,3.176,3.176,1
2026-05-21 05:43:00,3.17,3.171,3.1695,3.17,3.175,3.176,3.1745,3.175,6
2026-05-21 05:45:00,3.1695,3.17,3.1675,3.168,3.1745,3.175,3.1725,3.173,10
2026-05-21 05:46:00,3.1675,3.168,3.1675,3.1675,3.1725,3.173,3.1725,3.1725,5
2026-05-21 05:47:00,3.167,3.17,3.167,3.17,3.172,3.175,3.172,3.175,4
2026-05-21 05:48:00,3.1705,3.171,3.1705,3.171,3.1755,3.176,3.1755,3.176,2
2026-05-21 05:50:00,3.1705,3.172,3.1705,3.172,3.1755,3.177,3.1755,3.177,4
2026-05-21 05:51:00,3.1715,3.1715,3.171,3.171,3.1765,3.1765,3.176,3.176,6
2026-05-21 05:52:00,3.1715,3.1715,3.171,3.171,3.1765,3.1765,3.176,3.176,2
2026-05-21 05:54:00,3.172,3.172,3.171,3.171,3.177,3.177,3.176,3.176,2
2026-05-21 05:56:00,3.17,3.17,3.167,3.1675,3.175,3.175,3.172,3.1725,7
2026-05-21 05:57:00,3.167,3.168,3.167,3.168,3.172,3.173,3.172,3.173,4
2026-05-21 05:58:00,3.1675,3.168,3.167,3.168,3.1725,3.173,3.172,3.173,12
2026-05-21 05:59:00,3.1675,3.168,3.167,3.1675,3.1725,3.173,3.172,3.1725,4
2026-05-21 06:00:00,3.168,3.168,3.167,3.167,3.173,3.173,3.172,3.172,7
2026-05-21 06:01:00,3.1675,3.1675,3.1675,3.1675,3.1725,3.1725,3.1725,3.1725,1
2026-05-21 06:02:00,3.168,3.169,3.167,3.169,3.173,3.174,3.172,3.174,4
2026-05-21 06:03:00,3.17,3.17,3.168,3.168,3.175,3.175,3.173,3.173,3
2026-05-21 06:04:00,3.1675,3.168,3.1675,3.168,3.1725,3.173,3.1725,3.173,2
2026-05-21 06:05:00,3.167,3.167,3.167,3.167,3.172,3.172,3.172,3.172,1
2026-05-21 06:07:00,3.168,3.169,3.168,3.169,3.173,3.174,3.173,3.174,4
2026-05-21 06:08:00,3.17,3.17,3.17,3.17,3.175,3.175,3.175,3.175,1
2026-05-21 06:09:00,3.1695,3.17,3.169,3.169,3.1745,3.175,3.174,3.174,4
2026-05-21 06:12:00,3.1695,3.1695,3.168,3.168,3.1745,3.1745,3.173,3.173,4
2026-05-21 06:13:00,3.1675,3.168,3.1675,3.168,3.1725,3.173,3.1725,3.173,2
2026-05-21 06:15:00,3.1675,3.171,3.1675,3.171,3.1725,3.176,3.1725,3.176,9
2026-05-21 06:16:00,3.1705,3.171,3.1705,3.171,3.1755,3.176,3.1755,3.176,2
2026-05-21 06:17:00,3.1705,3.1705,3.1705,3.1705,3.1755,3.1755,3.1755,3.1755,1
2026-05-21 06:23:00,3.17,3.171,3.169,3.1695,3.175,3.176,3.174,3.1745,21
2026-05-21 06:24:00,3.169,3.17,3.168,3.17,3.174,3.175,3.173,3.175,19
2026-05-21 06:25:00,3.169,3.17,3.169,3.17,3.174,3.175,3.174,3.175,7
2026-05-21 06:26:00,3.1705,3.171,3.17,3.171,3.1755,3.176,3.175,3.176,11
2026-05-21 06:27:00,3.1705,3.1705,3.17,3.1705,3.1755,3.1755,3.175,3.1755,3
2026-05-21 06:29:00,3.17,3.17,3.17,3.17,3.175,3.175,3.175,3.175,1
2026-05-21 06:30:00,3.171,3.171,3.1695,3.1695,3.176,3.176,3.1745,3.1745,3
2026-05-21 06:31:00,3.169,3.169,3.169,3.169,3.174,3.174,3.174,3.174,1
2026-05-21 06:32:00,3.17,3.17,3.17,3.17,3.175,3.175,3.175,3.175,1
2026-05-21 06:35:00,3.169,3.1695,3.167,3.167,3.174,3.1745,3.172,3.172,7
2026-05-21 06:36:00,3.1675,3.1675,3.167,3.1675,3.1725,3.1725,3.172,3.1725,3
2026-05-21 06:37:00,3.167,3.1675,3.167,3.1675,3.172,3.1725,3.172,3.1725,2
2026-05-21 06:38:00,3.167,3.167,3.1665,3.167,3.172,3.172,3.1715,3.172,3
2026-05-21 06:39:00,3.1665,3.1665,3.166,3.166,3.1715,3.1715,3.171,3.171,4
2026-05-21 06:42:00,3.165,3.167,3.165,3.167,3.17,3.172,3.17,3.172,3
2026-05-21 06:43:00,3.1665,3.167,3.1665,3.167,3.1715,3.172,3.1715,3.172,2
2026-05-21 06:45:00,3.168,3.169,3.167,3.167,3.173,3.174,3.172,3.172,5
2026-05-21 06:46:00,3.1675,3.168,3.1675,3.168,3.1725,3.173,3.1725,3.173,6
2026-05-21 06:47:00,3.1675,3.168,3.1675,3.1675,3.1725,3.173,3.1725,3.1725,5
2026-05-21 06:49:00,3.168,3.168,3.1675,3.1675,3.173,3.173,3.1725,3.1725,2
2026-05-21 06:50:00,3.168,3.168,3.167,3.167,3.173,3.173,3.172,3.172,3
2026-05-21 06:53:00,3.1675,3.1675,3.1675,3.1675,3.1725,3.1725,3.1725,3.1725,1
2026-05-21 06:55:00,3.167,3.167,3.167,3.167,3.172,3.172,3.172,3.172,1
2026-05-21 06:56:00,3.1675,3.1675,3.1675,3.1675,3.1725,3.1725,3.1725,3.1725,1
2026-05-21 06:57:00,3.167,3.1675,3.1665,3.167,3.172,3.1725,3.1715,3.172,7
2026-05-21 07:01:00,3.166,3.166,3.166,3.166,3.171,3.171,3.171,3.171,1
2026-05-21 07:02:00,3.167,3.167,3.167,3.167,3.172,3.172,3.172,3.172,1
2026-05-21 07:03:00,3.1665,3.1665,3.165,3.166,3.1715,3.1715,3.17,3.171,5
2026-05-21 07:06:00,3.1655,3.1655,3.165,3.165,3.1705,3.1705,3.17,3.17,2
2026-05-21 07:10:00,3.1655,3.166,3.165,3.166,3.1705,3.171,3.17,3.171,4
2026-05-21 07:11:00,3.165,3.165,3.165,3.165,3.17,3.17,3.17,3.17,1
2026-05-21 07:12:00,3.164,3.166,3.164,3.165,3.169,3.171,3.169,3.17,13
2026-05-21 07:13:00,3.166,3.166,3.164,3.1645,3.171,3.171,3.169,3.1695,5
2026-05-21 07:14:00,3.164,3.1645,3.164,3.164,3.169,3.1695,3.169,3.169,3
2026-05-21 07:16:00,3.1635,3.1635,3.163,3.163,3.1685,3.1685,3.168,3.168,6
2026-05-21 07:18:00,3.164,3.164,3.1635,3.1635,3.169,3.169,3.1685,3.1685,4
2026-05-21 07:19:00,3.163,3.164,3.163,3.164,3.168,3.169,3.168,3.169,6
2026-05-21 07:20:00,3.165,3.165,3.164,3.1645,3.17,3.17,3.169,3.1695,10
2026-05-21 07:21:00,3.165,3.165,3.1645,3.165,3.17,3.17,3.1695,3.17,5
2026-05-21 07:22:00,3.1645,3.165,3.1645,3.1645,3.1695,3.17,3.1695,3.1695,5
2026-05-21 07:23:00,3.165,3.165,3.165,3.165,3.17,3.17,3.17,3.17,1
2026-05-21 07:24:00,3.1645,3.168,3.1645,3.167,3.1695,3.173,3.1695,3.172,14
2026-05-21 07:25:00,3.168,3.169,3.168,3.168,3.173,3.174,3.173,3.173,6
2026-05-21 07:26:00,3.1685,3.1705,3.1685,3.1705,3.1735,3.1755,3.1735,3.1755,7
2026-05-21 07:27:00,3.171,3.171,3.169,3.1695,3.176,3.176,3.174,3.1745,5
2026-05-21 07:28:00,3.1705,3.174,3.1705,3.171,3.1755,3.179,3.1755,3.176,16
2026-05-21 07:29:00,3.1705,3.171,3.1695,3.1695,3.1755,3.176,3.1745,3.1745,8
2026-05-21 07:30:00,3.169,3.1735,3.169,3.1705,3.174,3.1785,3.174,3.1755,16
2026-05-21 07:31:00,3.17,3.171,3.17,3.171,3.175,3.176,3.175,3.176,3
2026-05-21 07:32:00,3.172,3.176,3.172,3.174,3.177,3.181,3.177,3.179,13
2026-05-21 07:34:00,3.1745,3.177,3.174,3.177,3.1795,3.182,3.179,3.182,15
2026-05-21 07:35:00,3.1765,3.178,3.1765,3.1765,3.1815,3.183,3.1815,3.1815,14
2026-05-21 07:36:00,3.176,3.176,3.176,3.176,3.181,3.181,3.181,3.181,1
2026-05-21 07:38:00,3.177,3.177,3.1765,3.1765,3.182,3.182,3.1815,3.1815,4
2026-05-21 07:39:00,3.177,3.177,3.1765,3.177,3.182,3.182,3.1815,3.182,5
2026-05-21 07:40:00,3.1765,3.1765,3.1765,3.1765,3.1815,3.1815,3.1815,3.1815,1
2026-05-21 07:41:00,3.177,3.177,3.1765,3.177,3.182,3.182,3.1815,3.182,3
2026-05-21 07:42:00,3.1765,3.1765,3.176,3.176,3.1815,3.1815,3.181,3.181,4
2026-05-21 07:43:00,3.1755,3.176,3.1755,3.176,3.1805,3.181,3.1805,3.181,4
2026-05-21 07:44:00,3.1755,3.176,3.1755,3.1755,3.1805,3.181,3.1805,3.1805,3
2026-05-21 07:45:00,3.176,3.1765,3.1755,3.176,3.181,3.1815,3.1805,3.181,5
2026-05-21 07:46:00,3.1755,3.176,3.1755,3.176,3.1805,3.181,3.1805,3.181,4
2026-05-21 07:47:00,3.177,3.1785,3.1765,3.1765,3.182,3.1835,3.1815,3.1815,7
2026-05-21 07:48:00,3.176,3.182,3.176,3.18,3.181,3.187,3.181,3.185,28
2026-05-21 07:49:00,3.179,3.1795,3.176,3.177,3.184,3.1845,3.181,3.182,10
2026-05-21 07:50:00,3.1775,3.1775,3.177,3.177,3.1825,3.1825,3.182,3.182,2
2026-05-21 07:51:00,3.1775,3.1775,3.176,3.176,3.1825,3.1825,3.181,3.181,3
2026-05-21 07:52:00,3.1755,3.1755,3.174,3.175,3.1805,3.1805,3.179,3.18,6
2026-05-21 07:54:00,3.174,3.174,3.173,3.1735,3.179,3.179,3.178,3.1785,3
2026-05-21 07:55:00,3.174,3.174,3.1715,3.172,3.179,3.179,3.1765,3.177,5
2026-05-21 07:56:00,3.1725,3.1725,3.1725,3.1725,3.1775,3.1775,3.1775,3.1775,1
2026-05-21 07:58:00,3.173,3.173,3.1725,3.1725,3.178,3.178,3.1775,3.1775,2
2026-05-21 07:59:00,3.172,3.172,3.172,3.172,3.177,3.177,3.177,3.177,1
2026-05-21 08:00:00,3.1725,3.1725,3.171,3.171,3.1775,3.1775,3.176,3.176,8
2026-05-21 08:01:00,3.172,3.1755,3.1715,3.1755,3.177,3.1805,3.1765,3.1805,13
2026-05-21 08:02:00,3.175,3.1755,3.1745,3.1755,3.18,3.1805,3.1795,3.1805,6
2026-05-21 08:03:00,3.175,3.175,3.175,3.175,3.18,3.18,3.18,3.18,1
2026-05-21 08:04:00,3.1745,3.1745,3.171,3.171,3.1795,3.1795,3.176,3.176,7
2026-05-21 08:05:00,3.1715,3.172,3.17,3.17,3.1765,3.177,3.175,3.175,7
2026-05-21 08:06:00,3.169,3.1715,3.169,3.1715,3.174,3.1765,3.174,3.1765,9
2026-05-21 08:07:00,3.171,3.171,3.169,3.17,3.176,3.176,3.174,3.175,6
2026-05-21 08:09:00,3.1695,3.1695,3.1695,3.1695,3.1745,3.1745,3.1745,3.1745,1
2026-05-21 08:10:00,3.17,3.171,3.1695,3.171,3.175,3.176,3.1745,3.176,8
2026-05-21 08:11:00,3.1715,3.1715,3.1695,3.17,3.1765,3.1765,3.1745,3.175,14
2026-05-21 08:12:00,3.1695,3.1705,3.1695,3.1705,3.1745,3.1755,3.1745,3.1755,5
2026-05-21 08:13:00,3.171,3.171,3.17,3.17,3.176,3.176,3.175,3.175,4
2026-05-21 08:14:00,3.171,3.171,3.171,3.171,3.176,3.176,3.176,3.176,1
2026-05-21 08:15:00,3.1705,3.1705,3.17,3.17,3.1755,3.1755,3.175,3.175,2
2026-05-21 08:16:00,3.1705,3.1725,3.1695,3.172,3.1755,3.1775,3.1745,3.177,9
2026-05-21 08:17:00,3.1725,3.1735,3.1725,3.1735,3.1775,3.1785,3.1775,3.1785,3
2026-05-21 08:18:00,3.173,3.1735,3.173,3.1735,3.178,3.1785,3.178,3.1785,2
2026-05-21 08:19:00,3.173,3.174,3.1725,3.174,3.178,3.179,3.1775,3.179,9
2026-05-21 08:20:00,3.1735,3.1755,3.1735,3.1755,3.1785,3.1805,3.1785,3.1805,8
2026-05-21 08:21:00,3.175,3.176,3.168,3.169,3.18,3.181,3.173,3.174,26
2026-05-21 08:22:00,3.1695,3.1695,3.1685,3.169,3.1745,3.1745,3.1735,3.174,14
2026-05-21 08:23:00,3.1695,3.17,3.1695,3.1695,3.1745,3.175,3.1745,3.1745,7
2026-05-21 08:24:00,3.169,3.17,3.169,3.1695,3.174,3.175,3.174,3.1745,8
2026-05-21 08:25:00,3.17,3.17,3.17,3.17,3.175,3.175,3.175,3.175,1
2026-05-21 08:26:00,3.1705,3.172,3.17,3.171,3.1755,3.177,3.175,3.176,8
2026-05-21 08:27:00,3.17,3.171,3.17,3.17,3.175,3.176,3.175,3.175,5
2026-05-21 08:28:00,3.1705,3.1705,3.17,3.1705,3.1755,3.1755,3.175,3.1755,5
2026-05-21 08:29:00,3.171,3.1715,3.1705,3.1705,3.176,3.1765,3.1755,3.1755,8
2026-05-21 08:30:00,3.171,3.173,3.168,3.173,3.176,3.178,3.173,3.178,15
2026-05-21 08:31:00,3.1725,3.1725,3.1715,3.1715,3.1775,3.1775,3.1765,3.1765,7
2026-05-21 08:32:00,3.172,3.172,3.171,3.1715,3.177,3.177,3.176,3.1765,12
2026-05-21 08:33:00,3.171,3.172,3.171,3.172,3.176,3.177,3.176,3.177,8
2026-05-21 08:35:00,3.1725,3.1725,3.172,3.172,3.1775,3.1775,3.177,3.177,4
2026-05-21 08:36:00,3.1725,3.1725,3.1725,3.1725,3.1775,3.1775,3.1775,3.1775,1
2026-05-21 08:37:00,3.172,3.172,3.172,3.172,3.177,3.177,3.177,3.177,1
2026-05-21 08:39:00,3.1725,3.174,3.1725,3.174,3.1775,3.179,3.1775,3.179,3
2026-05-21 08:40:00,3.1745,3.1755,3.1745,3.1755,3.1795,3.1805,3.1795,3.1805,5
2026-05-21 08:41:00,3.175,3.175,3.174,3.174,3.18,3.18,3.179,3.179,3
2026-05-21 08:42:00,3.1745,3.1745,3.1745,3.1745,3.1795,3.1795,3.1795,3.1795,1
2026-05-21 08:43:00,3.175,3.175,3.175,3.175,3.18,3.18,3.18,3.18,1
2026-05-21 08:45:00,3.174,3.1755,3.174,3.1755,3.179,3.1805,3.179,3.1805,6
2026-05-21 08:46:00,3.176,3.177,3.175,3.1755,3.181,3.182,3.18,3.1805,9
2026-05-21 08:47:00,3.176,3.1765,3.176,3.1765,3.181,3.1815,3.181,3.1815,2
2026-05-21 08:48:00,3.176,3.176,3.1745,3.1755,3.181,3.181,3.1795,3.1805,7
2026-05-21 08:49:00,3.176,3.176,3.172,3.173,3.181,3.181,3.177,3.178,11
2026-05-21 08:50:00,3.1735,3.1735,3.1725,3.1735,3.1785,3.1785,3.1775,3.1785,6
2026-05-21 08:51:00,3.174,3.174,3.1735,3.1735,3.179,3.179,3.1785,3.1785,6
2026-05-21 08:52:00,3.173,3.1745,3.173,3.174,3.178,3.1795,3.178,3.179,7
2026-05-21 08:53:00,3.1735,3.1745,3.1735,3.174,3.1785,3.1795,3.1785,3.179,6
2026-05-21 08:54:00,3.1735,3.174,3.1735,3.1735,3.1785,3.179,3.1785,3.1785,3
2026-05-21 08:55:00,3.174,3.1745,3.1735,3.1735,3.179,3.1795,3.1785,3.1785,6
2026-05-21 08:56:00,3.174,3.175,3.1735,3.175,3.179,3.18,3.1785,3.18,4
2026-05-21 08:57:00,3.1755,3.1755,3.175,3.175,3.1805,3.1805,3.18,3.18,4
2026-05-21 08:58:00,3.1745,3.175,3.174,3.175,3.1795,3.18,3.179,3.18,6
2026-05-21 08:59:00,3.174,3.175,3.174,3.1745,3.179,3.18,3.179,3.1795,9
2026-05-21 09:00:00,3.175,3.175,3.174,3.174,3.18,3.18,3.179,3.179,7
2026-05-21 09:01:00,3.175,3.175,3.174,3.175,3.18,3.18,3.179,3.18,3
2026-05-21 09:02:00,3.176,3.1775,3.176,3.1775,3.181,3.1825,3.181,3.1825,5
2026-05-21 09:03:00,3.177,3.177,3.176,3.176,3.182,3.182,3.181,3.181,2
2026-05-21 09:05:00,3.1755,3.1755,3.174,3.175,3.1805,3.1805,3.179,3.18,7
2026-05-21 09:06:00,3.174,3.175,3.1735,3.175,3.179,3.18,3.1785,3.18,5
2026-05-21 09:07:00,3.176,3.177,3.1745,3.175,3.181,3.182,3.1795,3.18,8
2026-05-21 09:09:00,3.174,3.174,3.174,3.174,3.179,3.179,3.179,3.179,1
2026-05-21 09:10:00,3.175,3.1755,3.1745,3.175,3.18,3.1805,3.1795,3.18,5
2026-05-21 09:11:00,3.1755,3.176,3.175,3.1755,3.1805,3.181,3.18,3.1805,4
2026-05-21 09:12:00,3.175,3.176,3.175,3.176,3.18,3.181,3.18,3.181,5
2026-05-21 09:13:00,3.175,3.176,3.174,3.175,3.18,3.181,3.179,3.18,12
2026-05-21 09:14:00,3.1755,3.176,3.1755,3.1755,3.1805,3.181,3.1805,3.1805,3
2026-05-21 09:15:00,3.175,3.1755,3.175,3.1755,3.18,3.1805,3.18,3.1805,2
2026-05-21 09:16:00,3.176,3.176,3.175,3.176,3.181,3.181,3.18,3.181,4
2026-05-21 09:18:00,3.177,3.177,3.176,3.177,3.182,3.182,3.181,3.182,4
2026-05-21 09:19:00,3.178,3.182,3.178,3.181,3.183,3.187,3.183,3.186,10
2026-05-21 09:20:00,3.1805,3.182,3.18,3.182,3.1855,3.187,3.185,3.187,7
2026-05-21 09:21:00,3.1815,3.1815,3.18,3.18,3.1865,3.1865,3.185,3.185,10
2026-05-21 09:23:00,3.179,3.1795,3.178,3.178,3.184,3.1845,3.183,3.183,4
2026-05-21 09:24:00,3.179,3.181,3.178,3.18,3.184,3.186,3.183,3.185,24
2026-05-21 09:28:00,3.1795,3.18,3.179,3.1795,3.1845,3.185,3.184,3.1845,4
2026-05-21 09:29:00,3.18,3.181,3.18,3.181,3.185,3.186,3.185,3.186,2
2026-05-21 09:30:00,3.1805,3.1805,3.18,3.18,3.1855,3.1855,3.185,3.185,2
2026-05-21 09:31:00,3.179,3.179,3.177,3.1785,3.184,3.184,3.182,3.1835,8
2026-05-21 09:32:00,3.178,3.179,3.178,3.179,3.183,3.184,3.183,3.184,4
2026-05-21 09:33:00,3.18,3.18,3.179,3.179,3.185,3.185,3.184,3.184,2
2026-05-21 09:34:00,3.1785,3.1785,3.1785,3.1785,3.1835,3.1835,3.1835,3.1835,1
2026-05-21 09:35:00,3.178,3.178,3.178,3.178,3.183,3.183,3.183,3.183,1
2026-05-21 09:36:00,3.1775,3.178,3.177,3.178,3.1825,3.183,3.182,3.183,6
2026-05-21 09:38:00,3.177,3.177,3.177,3.177,3.182,3.182,3.182,3.182,1
2026-05-21 09:39:00,3.176,3.176,3.173,3.174,3.181,3.181,3.178,3.179,10
2026-05-21 09:40:00,3.175,3.177,3.175,3.177,3.18,3.182,3.18,3.182,3
2026-05-21 09:41:00,3.178,3.178,3.177,3.177,3.183,3.183,3.182,3.182,6
2026-05-21 09:42:00,3.178,3.178,3.177,3.177,3.183,3.183,3.182,3.182,3
2026-05-21 09:43:00,3.176,3.177,3.176,3.177,3.181,3.182,3.181,3.182,5
2026-05-21 09:44:00,3.178,3.178,3.178,3.178,3.183,3.183,3.183,3.183,1
2026-05-21 09:45:00,3.179,3.179,3.179,3.179,3.184,3.184,3.184,3.184,1
2026-05-21 09:46:00,3.178,3.179,3.178,3.179,3.183,3.184,3.183,3.184,2
2026-05-21 09:47:00,3.18,3.181,3.18,3.181,3.185,3.186,3.185,3.186,9
2026-05-21 09:48:00,3.18,3.184,3.18,3.183,3.185,3.189,3.185,3.188,6
2026-05-21 09:49:00,3.182,3.184,3.182,3.184,3.187,3.189,3.187,3.189,6
2026-05-21 09:50:00,3.185,3.185,3.183,3.183,3.19,3.19,3.188,3.188,7
2026-05-21 09:51:00,3.184,3.184,3.184,3.184,3.189,3.189,3.189,3.189,1
2026-05-21 09:52:00,3.183,3.183,3.1825,3.1825,3.188,3.188,3.1875,3.1875,2
2026-05-21 09:53:00,3.182,3.183,3.182,3.183,3.187,3.188,3.187,3.188,5
2026-05-21 09:54:00,3.184,3.184,3.184,3.184,3.189,3.189,3.189,3.189,1
2026-05-21 09:55:00,3.185,3.186,3.184,3.184,3.19,3.191,3.189,3.189,4
2026-05-21 09:56:00,3.1845,3.186,3.184,3.1845,3.1895,3.191,3.189,3.1895,7
2026-05-21 09:57:00,3.184,3.1855,3.184,3.185,3.189,3.1905,3.189,3.19,7
2026-05-21 09:58:00,3.1855,3.186,3.184,3.184,3.1905,3.191,3.189,3.189,4
2026-05-21 09:59:00,3.183,3.1845,3.182,3.184,3.188,3.1895,3.187,3.189,11
2026-05-21 10:00:00,3.185,3.185,3.184,3.185,3.19,3.19,3.189,3.19,8
2026-05-21 10:01:00,3.186,3.188,3.185,3.185,3.191,3.193,3.19,3.19,26
2026-05-21 10:02:00,3.184,3.185,3.184,3.1845,3.189,3.19,3.189,3.1895,12
2026-05-21 10:03:00,3.184,3.185,3.18,3.1815,3.189,3.19,3.185,3.1865,42
2026-05-21 10:04:00,3.1805,3.181,3.178,3.18,3.1855,3.186,3.183,3.185,22
2026-05-21 10:05:00,3.179,3.18,3.178,3.1785,3.184,3.185,3.183,3.1835,23
2026-05-21 10:06:00,3.179,3.179,3.177,3.177,3.184,3.184,3.182,3.182,8
2026-05-21 10:07:00,3.1775,3.1775,3.177,3.177,3.1825,3.1825,3.182,3.182,2
2026-05-21 10:08:00,3.1775,3.178,3.176,3.176,3.1825,3.183,3.181,3.181,8
2026-05-21 10:09:00,3.175,3.177,3.175,3.177,3.18,3.182,3.18,3.182,11
2026-05-21 10:10:00,3.178,3.1785,3.177,3.177,3.183,3.1835,3.182,3.182,4
2026-05-21 10:11:00,3.176,3.1765,3.173,3.174,3.181,3.1815,3.178,3.179,22
2026-05-21 10:12:00,3.1745,3.1755,3.174,3.1745,3.1795,3.1805,3.179,3.1795,17
2026-05-21 10:13:00,3.174,3.175,3.174,3.1745,3.179,3.18,3.179,3.1795,11
2026-05-21 10:14:00,3.174,3.175,3.173,3.175,3.179,3.18,3.178,3.18,13
2026-05-21 10:15:00,3.1745,3.175,3.167,3.168,3.1795,3.18,3.172,3.173,35
2026-05-21 10:16:00,3.167,3.167,3.16,3.164,3.172,3.172,3.165,3.169,34
2026-05-21 10:17:00,3.1635,3.166,3.163,3.166,3.1685,3.171,3.168,3.171,11
2026-05-21 10:18:00,3.165,3.166,3.164,3.1655,3.17,3.171,3.169,3.1705,11
2026-05-21 10:19:00,3.165,3.165,3.162,3.163,3.17,3.17,3.167,3.168,13
2026-05-21 10:20:00,3.164,3.164,3.161,3.161,3.169,3.169,3.166,3.166,8
2026-05-21 10:21:00,3.1605,3.163,3.16,3.163,3.1655,3.168,3.165,3.168,15
2026-05-21 10:22:00,3.164,3.164,3.162,3.162,3.169,3.169,3.167,3.167,11
2026-05-21 10:23:00,3.1625,3.163,3.159,3.159,3.1675,3.168,3.164,3.164,9
2026-05-21 10:24:00,3.158,3.159,3.1575,3.1575,3.163,3.164,3.1625,3.1625,7
2026-05-21 10:25:00,3.157,3.1595,3.1565,3.1585,3.162,3.1645,3.1615,3.1635,15
2026-05-21 10:26:00,3.158,3.1605,3.1565,3.16,3.163,3.1655,3.1615,3.165,38
2026-05-21 10:27:00,3.1595,3.1595,3.156,3.1565,3.1645,3.1645,3.161,3.1615,17
2026-05-21 10:28:00,3.157,3.158,3.1565,3.157,3.162,3.163,3.1615,3.162,13
2026-05-21 10:29:00,3.158,3.16,3.157,3.16,3.163,3.165,3.162,3.165,17
2026-05-21 10:30:00,3.1605,3.163,3.1605,3.1625,3.1655,3.168,3.1655,3.1675,14
2026-05-21 10:31:00,3.163,3.1645,3.162,3.164,3.168,3.1695,3.167,3.169,17
2026-05-21 10:32:00,3.1645,3.1685,3.1645,3.168,3.1695,3.1735,3.1695,3.173,18
2026-05-21 10:33:00,3.167,3.168,3.166,3.166,3.172,3.173,3.171,3.171,6
2026-05-21 10:34:00,3.1655,3.167,3.1655,3.167,3.1705,3.172,3.1705,3.172,8
2026-05-21 10:35:00,3.1665,3.1665,3.166,3.1665,3.1715,3.1715,3.171,3.1715,3
2026-05-21 10:36:00,3.167,3.167,3.166,3.166,3.172,3.172,3.171,3.171,6
2026-05-21 10:37:00,3.165,3.166,3.165,3.166,3.17,3.171,3.17,3.171,4
2026-05-21 10:38:00,3.1665,3.167,3.166,3.167,3.1715,3.172,3.171,3.172,6
2026-05-21 10:39:00,3.166,3.169,3.166,3.169,3.171,3.174,3.171,3.174,15
2026-05-21 10:40:00,3.1685,3.171,3.1685,3.1685,3.1735,3.176,3.1735,3.1735,12
2026-05-21 10:41:00,3.168,3.168,3.167,3.167,3.173,3.173,3.172,3.172,3
2026-05-21 10:42:00,3.166,3.167,3.166,3.167,3.171,3.172,3.171,3.172,7
2026-05-21 10:43:00,3.168,3.169,3.167,3.168,3.173,3.174,3.172,3.173,18
2026-05-21 10:44:00,3.1685,3.1685,3.168,3.1685,3.1735,3.1735,3.173,3.1735,5
2026-05-21 10:45:00,3.17,3.172,3.17,3.17,3.175,3.177,3.175,3.175,18
2026-05-21 10:46:00,3.169,3.169,3.168,3.168,3.174,3.174,3.173,3.173,11
2026-05-21 10:47:00,3.1675,3.168,3.167,3.168,3.1725,3.173,3.172,3.173,10
2026-05-21 10:48:00,3.169,3.169,3.166,3.167,3.174,3.174,3.171,3.172,7
2026-05-21 10:49:00,3.1665,3.168,3.166,3.167,3.1715,3.173,3.171,3.172,8
2026-05-21 10:50:00,3.168,3.168,3.163,3.1635,3.173,3.173,3.168,3.1685,14
2026-05-21 10:51:00,3.164,3.165,3.164,3.165,3.169,3.17,3.169,3.17,8
2026-05-21 10:52:00,3.164,3.165,3.164,3.1645,3.169,3.17,3.169,3.1695,5
2026-05-21 10:53:00,3.165,3.165,3.161,3.162,3.17,3.17,3.166,3.167,10
2026-05-21 10:54:00,3.1625,3.163,3.162,3.162,3.1675,3.168,3.167,3.167,5
2026-05-21 10:55:00,3.1625,3.164,3.162,3.1625,3.1675,3.169,3.167,3.1675,19
2026-05-21 10:56:00,3.162,3.1625,3.16,3.162,3.167,3.1675,3.165,3.167,14
2026-05-21 10:57:00,3.1625,3.163,3.162,3.1625,3.1675,3.168,3.167,3.1675,9
2026-05-21 10:58:00,3.162,3.163,3.162,3.162,3.167,3.168,3.167,3.167,10
2026-05-21 10:59:00,3.1625,3.163,3.162,3.1625,3.1675,3.168,3.167,3.1675,9
2026-05-21 11:00:00,3.162,3.165,3.162,3.165,3.167,3.17,3.167,3.17,12
2026-05-21 11:01:00,3.1645,3.1645,3.162,3.1635,3.1695,3.1695,3.167,3.1685,13
2026-05-21 11:02:00,3.164,3.164,3.163,3.163,3.169,3.169,3.168,3.168,7
2026-05-21 11:03:00,3.162,3.1635,3.162,3.163,3.167,3.1685,3.167,3.168,5
2026-05-21 11:04:00,3.1635,3.164,3.163,3.1635,3.1685,3.169,3.168,3.1685,5
2026-05-21 11:05:00,3.164,3.1655,3.1625,3.163,3.169,3.1705,3.1675,3.168,13
2026-05-21 11:06:00,3.1625,3.163,3.1615,3.163,3.1675,3.168,3.1665,3.168,9
2026-05-21 11:07:00,3.162,3.164,3.162,3.164,3.167,3.169,3.167,3.169,6
2026-05-21 11:08:00,3.163,3.1635,3.163,3.1635,3.168,3.1685,3.168,3.1685,2
2026-05-21 11:09:00,3.164,3.1645,3.164,3.164,3.169,3.1695,3.169,3.169,7
2026-05-21 11:10:00,3.1645,3.1655,3.164,3.164,3.1695,3.1705,3.169,3.169,5
2026-05-21 11:12:00,3.1635,3.164,3.1635,3.164,3.1685,3.169,3.1685,3.169,6
2026-05-21 11:13:00,3.1635,3.164,3.163,3.164,3.1685,3.169,3.168,3.169,3
2026-05-21 11:14:00,3.1645,3.165,3.1645,3.165,3.1695,3.17,3.1695,3.17,2
2026-05-21 11:15:00,3.164,3.165,3.163,3.1645,3.169,3.17,3.168,3.1695,11
2026-05-21 11:16:00,3.165,3.166,3.1645,3.166,3.17,3.171,3.1695,3.171,11
2026-05-21 11:17:00,3.1665,3.1665,3.166,3.166,3.1715,3.1715,3.171,3.171,2
2026-05-21 11:18:00,3.1665,3.1675,3.166,3.167,3.1715,3.1725,3.171,3.172,6
2026-05-21 11:19:00,3.168,3.168,3.157,3.16,3.173,3.173,3.162,3.165,24
2026-05-21 11:20:00,3.161,3.161,3.159,3.159,3.166,3.166,3.164,3.164,13
2026-05-21 11:21:00,3.16,3.16,3.159,3.159,3.165,3.165,3.164,3.164,11
2026-05-21 11:22:00,3.16,3.16,3.159,3.159,3.165,3.165,3.164,3.164,3
2026-05-21 11:23:00,3.16,3.16,3.159,3.159,3.165,3.165,3.164,3.164,2
2026-05-21 11:24:00,3.158,3.16,3.158,3.159,3.163,3.165,3.163,3.164,5
2026-05-21 11:25:00,3.16,3.1605,3.16,3.16,3.165,3.1655,3.165,3.165,3
2026-05-21 11:26:00,3.1595,3.16,3.158,3.16,3.1645,3.165,3.163,3.165,12
2026-05-21 11:27:00,3.159,3.16,3.159,3.16,3.164,3.165,3.164,3.165,5
2026-05-21 11:28:00,3.159,3.1605,3.158,3.16,3.164,3.1655,3.163,3.165,23
2026-05-21 11:29:00,3.159,3.159,3.159,3.159,3.164,3.164,3.164,3.164,1
2026-05-21 11:30:00,3.158,3.158,3.154,3.155,3.163,3.163,3.159,3.16,24
2026-05-21 11:31:00,3.1555,3.156,3.155,3.156,3.1605,3.161,3.16,3.161,13
2026-05-21 11:32:00,3.157,3.157,3.155,3.156,3.162,3.162,3.16,3.161,6
2026-05-21 11:33:00,3.1565,3.158,3.1565,3.158,3.1615,3.163,3.1615,3.163,3
2026-05-21 11:35:00,3.1575,3.1575,3.157,3.157,3.1625,3.1625,3.162,3.162,4
2026-05-21 11:36:00,3.156,3.157,3.156,3.156,3.161,3.162,3.161,3.161,4
2026-05-21 11:37:00,3.155,3.155,3.154,3.154,3.16,3.16,3.159,3.159,6
2026-05-21 11:38:00,3.155,3.156,3.155,3.156,3.16,3.161,3.16,3.161,6
2026-05-21 11:39:00,3.1565,3.1575,3.156,3.157,3.1615,3.1625,3.161,3.162,5
2026-05-21 11:40:00,3.156,3.157,3.156,3.1565,3.161,3.162,3.161,3.1615,5
2026-05-21 11:41:00,3.157,3.158,3.157,3.157,3.162,3.163,3.162,3.162,6
2026-05-21 11:42:00,3.158,3.159,3.1575,3.158,3.163,3.164,3.1625,3.163,9
2026-05-21 11:43:00,3.157,3.158,3.157,3.158,3.162,3.163,3.162,3.163,9
2026-05-21 11:44:00,3.159,3.159,3.158,3.158,3.164,3.164,3.163,3.163,6
2026-05-21 11:45:00,3.157,3.157,3.156,3.156,3.162,3.162,3.161,3.161,3
2026-05-21 11:46:00,3.1555,3.157,3.1555,3.156,3.1605,3.162,3.1605,3.161,4
2026-05-21 11:47:00,3.155,3.155,3.155,3.155,3.16,3.16,3.16,3.16,1
2026-05-21 11:48:00,3.156,3.156,3.1555,3.1555,3.161,3.161,3.1605,3.1605,6
2026-05-21 11:49:00,3.156,3.156,3.156,3.156,3.161,3.161,3.161,3.161,1
2026-05-21 11:52:00,3.157,3.157,3.156,3.156,3.162,3.162,3.161,3.161,3
2026-05-21 11:53:00,3.157,3.157,3.156,3.156,3.162,3.162,3.161,3.161,2
2026-05-21 11:55:00,3.157,3.1585,3.156,3.156,3.162,3.1635,3.161,3.161,7
2026-05-21 11:56:00,3.1565,3.157,3.1565,3.157,3.1615,3.162,3.1615,3.162,4
2026-05-21 11:57:00,3.1565,3.157,3.1565,3.157,3.1615,3.162,3.1615,3.162,2
2026-05-21 11:58:00,3.158,3.158,3.156,3.156,3.163,3.163,3.161,3.161,3
2026-05-21 11:59:00,3.1555,3.1565,3.1555,3.1565,3.1605,3.1615,3.1605,3.1615,6
2026-05-21 12:00:00,3.156,3.156,3.1555,3.156,3.161,3.161,3.1605,3.161,7
2026-05-21 12:01:00,3.155,3.1555,3.155,3.155,3.16,3.1605,3.16,3.16,3
2026-05-21 12:03:00,3.156,3.156,3.155,3.155,3.161,3.161,3.16,3.16,5
2026-05-21 12:04:00,3.154,3.155,3.154,3.154,3.159,3.16,3.159,3.159,4
2026-05-21 12:05:00,3.153,3.154,3.153,3.154,3.158,3.159,3.158,3.159,3
2026-05-21 12:06:00,3.153,3.153,3.153,3.153,3.158,3.158,3.158,3.158,1
2026-05-21 12:07:00,3.152,3.1525,3.152,3.1525,3.157,3.1575,3.157,3.1575,8
2026-05-21 12:08:00,3.153,3.153,3.1525,3.153,3.158,3.158,3.1575,3.158,3
2026-05-21 12:09:00,3.1525,3.153,3.152,3.152,3.1575,3.158,3.157,3.157,3
2026-05-21 12:10:00,3.151,3.152,3.151,3.151,3.156,3.157,3.156,3.156,8
2026-05-21 12:11:00,3.1515,3.152,3.151,3.1515,3.1565,3.157,3.156,3.1565,6
2026-05-21 12:12:00,3.151,3.152,3.151,3.152,3.156,3.157,3.156,3.157,3
2026-05-21 12:15:00,3.1525,3.153,3.152,3.152,3.1575,3.158,3.157,3.157,6
2026-05-21 12:17:00,3.1525,3.159,3.1525,3.159,3.1575,3.164,3.1575,3.164,10
2026-05-21 12:18:00,3.158,3.159,3.157,3.157,3.163,3.164,3.162,3.162,10
2026-05-21 12:19:00,3.1575,3.159,3.157,3.158,3.1625,3.164,3.162,3.163,13
2026-05-21 12:20:00,3.159,3.159,3.158,3.159,3.164,3.164,3.163,3.164,12
2026-05-21 12:21:00,3.16,3.161,3.159,3.16,3.165,3.166,3.164,3.165,5
2026-05-21 12:22:00,3.161,3.162,3.161,3.162,3.166,3.167,3.166,3.167,4
2026-05-21 12:23:00,3.161,3.1615,3.1605,3.161,3.166,3.1665,3.1655,3.166,7
2026-05-21 12:24:00,3.1615,3.163,3.1615,3.163,3.1665,3.168,3.1665,3.168,6
2026-05-21 12:25:00,3.164,3.171,3.164,3.1695,3.169,3.176,3.169,3.1745,56
2026-05-21 12:26:00,3.1685,3.174,3.163,3.1705,3.1735,3.179,3.168,3.1755,90
2026-05-21 12:27:00,3.171,3.172,3.1665,3.1705,3.176,3.177,3.1715,3.1755,52
2026-05-21 12:28:00,3.17,3.171,3.169,3.17,3.175,3.176,3.174,3.175,22
2026-05-21 12:29:00,3.1705,3.1745,3.17,3.1735,3.1755,3.1795,3.175,3.1785,31
2026-05-21 12:30:00,3.173,3.184,3.1725,3.183,3.178,3.189,3.1775,3.188,82
2026-05-21 12:31:00,3.1825,3.183,3.178,3.178,3.1875,3.188,3.183,3.183,30
2026-05-21 12:32:00,3.1775,3.1805,3.177,3.179,3.1825,3.1855,3.182,3.184,15
2026-05-21 12:33:00,3.1785,3.18,3.1785,3.1795,3.1835,3.185,3.1835,3.1845,23
2026-05-21 12:34:00,3.18,3.18,3.177,3.178,3.185,3.185,3.182,3.183,13
2026-05-21 12:35:00,3.179,3.183,3.177,3.182,3.184,3.188,3.182,3.187,35
2026-05-21 12:36:00,3.1815,3.1815,3.179,3.1795,3.1865,3.1865,3.184,3.1845,45
2026-05-21 12:37:00,3.18,3.18,3.177,3.177,3.185,3.185,3.182,3.182,17
2026-05-21 12:38:00,3.176,3.177,3.1745,3.1765,3.181,3.182,3.1795,3.1815,43
2026-05-21 12:39:00,3.177,3.181,3.176,3.18,3.182,3.186,3.181,3.185,32
2026-05-21 12:40:00,3.1795,3.185,3.179,3.182,3.1845,3.19,3.184,3.187,41
2026-05-21 12:41:00,3.183,3.183,3.18,3.181,3.188,3.188,3.185,3.186,28
2026-05-21 12:42:00,3.1805,3.183,3.1795,3.1815,3.1855,3.188,3.1845,3.1865,34
2026-05-21 12:43:00,3.182,3.182,3.18,3.18,3.187,3.187,3.185,3.185,4
2026-05-21 12:44:00,3.179,3.1815,3.178,3.1815,3.184,3.1865,3.183,3.1865,21
2026-05-21 12:45:00,3.181,3.183,3.181,3.183,3.186,3.188,3.186,3.188,15
2026-05-21 12:46:00,3.1825,3.183,3.179,3.179,3.1875,3.188,3.184,3.184,16
2026-05-21 12:47:00,3.1795,3.1795,3.175,3.176,3.1845,3.1845,3.18,3.181,18
2026-05-21 12:48:00,3.1765,3.179,3.176,3.177,3.1815,3.184,3.181,3.182,13
2026-05-21 12:49:00,3.178,3.179,3.176,3.177,3.183,3.184,3.181,3.182,14
2026-05-21 12:50:00,3.178,3.18,3.178,3.179,3.183,3.185,3.183,3.184,17
2026-05-21 12:51:00,3.18,3.18,3.1775,3.178,3.185,3.185,3.1825,3.183,9
2026-05-21 12:52:00,3.1775,3.181,3.177,3.179,3.1825,3.186,3.182,3.184,15
2026-05-21 12:53:00,3.1795,3.18,3.179,3.1795,3.1845,3.185,3.184,3.1845,12
2026-05-21 12:54:00,3.179,3.1795,3.177,3.1795,3.184,3.1845,3.182,3.1845,13
2026-05-21 12:55:00,3.18,3.18,3.1755,3.179,3.185,3.185,3.1805,3.184,25
2026-05-21 12:56:00,3.178,3.179,3.177,3.177,3.183,3.184,3.182,3.182,8
2026-05-21 12:57:00,3.176,3.1785,3.176,3.1775,3.181,3.1835,3.181,3.1825,15
2026-05-21 12:58:00,3.177,3.1775,3.177,3.1775,3.182,3.1825,3.182,3.1825,2
2026-05-21 12:59:00,3.177,3.1775,3.177,3.177,3.182,3.1825,3.182,3.182,7
2026-05-21 13:00:00,3.176,3.177,3.1745,3.1755,3.181,3.182,3.1795,3.1805,23
2026-05-21 13:01:00,3.176,3.1765,3.174,3.176,3.181,3.1815,3.179,3.181,16
2026-05-21 13:02:00,3.174,3.175,3.17,3.17,3.179,3.18,3.175,3.175,15
2026-05-21 13:03:00,3.169,3.171,3.169,3.169,3.174,3.176,3.174,3.174,27
2026-05-21 13:04:00,3.17,3.172,3.17,3.1705,3.175,3.177,3.175,3.1755,13
2026-05-21 13:05:00,3.17,3.1705,3.168,3.169,3.175,3.1755,3.173,3.174,12
2026-05-21 13:06:00,3.1695,3.17,3.169,3.169,3.1745,3.175,3.174,3.174,3
2026-05-21 13:07:00,3.17,3.17,3.169,3.169,3.175,3.175,3.174,3.174,9
2026-05-21 13:08:00,3.17,3.17,3.168,3.1695,3.175,3.175,3.173,3.1745,14
2026-05-21 13:09:00,3.169,3.172,3.169,3.17,3.174,3.177,3.174,3.175,21
2026-05-21 13:10:00,3.1695,3.1695,3.168,3.1685,3.1745,3.1745,3.173,3.1735,7
2026-05-21 13:11:00,3.167,3.169,3.164,3.168,3.172,3.174,3.169,3.173,19
2026-05-21 13:12:00,3.167,3.169,3.166,3.1665,3.172,3.174,3.171,3.1715,16
2026-05-21 13:13:00,3.166,3.167,3.165,3.166,3.171,3.172,3.17,3.171,13
2026-05-21 13:14:00,3.1665,3.17,3.164,3.1645,3.1715,3.175,3.169,3.1695,25
2026-05-21 13:15:00,3.164,3.164,3.163,3.163,3.169,3.169,3.168,3.168,2
2026-05-21 13:16:00,3.164,3.164,3.16,3.163,3.169,3.169,3.165,3.168,18
2026-05-21 13:17:00,3.164,3.165,3.163,3.163,3.169,3.17,3.168,3.168,15
2026-05-21 13:18:00,3.162,3.165,3.162,3.165,3.167,3.17,3.167,3.17,5
2026-05-21 13:19:00,3.1645,3.168,3.164,3.167,3.1695,3.173,3.169,3.172,12
2026-05-21 13:20:00,3.168,3.171,3.167,3.171,3.173,3.176,3.172,3.176,31
2026-05-21 13:21:00,3.17,3.172,3.1595,3.16,3.175,3.177,3.1645,3.165,44
2026-05-21 13:22:00,3.1585,3.161,3.158,3.16,3.1635,3.166,3.163,3.165,42
2026-05-21 13:23:00,3.159,3.161,3.158,3.1605,3.164,3.166,3.163,3.1655,30
2026-05-21 13:24:00,3.16,3.1605,3.152,3.154,3.165,3.1655,3.157,3.159,42
2026-05-21 13:25:00,3.1545,3.155,3.15,3.154,3.1595,3.16,3.155,3.159,35
2026-05-21 13:26:00,3.1535,3.158,3.1525,3.1575,3.1585,3.163,3.1575,3.1625,29
2026-05-21 13:27:00,3.157,3.159,3.156,3.157,3.162,3.164,3.161,3.162,18
2026-05-21 13:28:00,3.156,3.156,3.153,3.156,3.161,3.161,3.158,3.161,24
2026-05-21 13:29:00,3.1565,3.1565,3.151,3.152,3.1615,3.1615,3.156,3.157,18
2026-05-21 13:30:00,3.1515,3.154,3.151,3.1525,3.1565,3.159,3.156,3.1575,28
2026-05-21 13:31:00,3.153,3.1575,3.152,3.157,3.158,3.1625,3.157,3.162,13
2026-05-21 13:32:00,3.1565,3.1565,3.1545,3.1555,3.1615,3.1615,3.1595,3.1605,13
2026-05-21 13:33:00,3.155,3.1575,3.155,3.1565,3.16,3.1625,3.16,3.1615,17
2026-05-21 13:34:00,3.156,3.1585,3.156,3.1585,3.161,3.1635,3.161,3.1635,9
2026-05-21 13:35:00,3.159,3.1615,3.159,3.1605,3.164,3.1665,3.164,3.1655,29
2026-05-21 13:36:00,3.161,3.1695,3.161,3.1685,3.166,3.1745,3.166,3.1735,64
2026-05-21 13:37:00,3.168,3.169,3.164,3.1645,3.173,3.174,3.169,3.1695,53
2026-05-21 13:38:00,3.165,3.166,3.164,3.165,3.17,3.171,3.169,3.17,20
2026-05-21 13:39:00,3.1645,3.167,3.1645,3.165,3.1695,3.172,3.1695,3.17,17
2026-05-21 13:40:00,3.166,3.1675,3.165,3.167,3.171,3.1725,3.17,3.172,20
2026-05-21 13:41:00,3.1675,3.168,3.165,3.165,3.1725,3.173,3.17,3.17,10
2026-05-21 13:42:00,3.1655,3.1655,3.162,3.164,3.1705,3.1705,3.167,3.169,12
2026-05-21 13:43:00,3.1635,3.165,3.1615,3.164,3.1685,3.17,3.1665,3.169,24
2026-05-21 13:44:00,3.165,3.166,3.165,3.166,3.17,3.171,3.17,3.171,2
2026-05-21 13:45:00,3.167,3.167,3.163,3.164,3.172,3.172,3.168,3.169,12
2026-05-21 13:46:00,3.1635,3.1635,3.158,3.158,3.1685,3.1685,3.163,3.163,14
2026-05-21 13:47:00,3.159,3.161,3.159,3.1595,3.164,3.166,3.164,3.1645,17
2026-05-21 13:48:00,3.159,3.16,3.157,3.157,3.164,3.165,3.162,3.162,12
2026-05-21 13:49:00,3.158,3.162,3.1575,3.161,3.163,3.167,3.1625,3.166,12
2026-05-21 13:50:00,3.1605,3.167,3.159,3.164,3.1655,3.172,3.164,3.169,42
2026-05-21 13:51:00,3.163,3.165,3.1615,3.164,3.168,3.17,3.1665,3.169,17
2026-05-21 13:52:00,3.163,3.1635,3.162,3.1625,3.168,3.1685,3.167,3.1675,8
2026-05-21 13:53:00,3.162,3.163,3.1615,3.163,3.167,3.168,3.1665,3.168,6
2026-05-21 13:54:00,3.1635,3.1635,3.156,3.159,3.1685,3.1685,3.161,3.164,29
2026-05-21 13:55:00,3.16,3.162,3.16,3.161,3.165,3.167,3.165,3.166,16
2026-05-21 13:56:00,3.1615,3.1625,3.157,3.158,3.1665,3.1675,3.162,3.163,18
2026-05-21 13:57:00,3.159,3.159,3.157,3.1575,3.164,3.164,3.162,3.1625,29
2026-05-21 13:58:00,3.157,3.159,3.157,3.157,3.162,3.164,3.162,3.162,17
2026-05-21 13:59:00,3.1575,3.159,3.156,3.158,3.1625,3.164,3.161,3.163,20
2026-05-21 14:00:00,3.1575,3.1655,3.1575,3.161,3.1625,3.1705,3.1625,3.166,50
2026-05-21 14:01:00,3.1605,3.163,3.157,3.157,3.1655,3.168,3.162,3.162,31
2026-05-21 14:02:00,3.1575,3.161,3.1575,3.159,3.1625,3.166,3.1625,3.164,28
2026-05-21 14:03:00,3.16,3.163,3.154,3.154,3.165,3.168,3.159,3.159,29
2026-05-21 14:04:00,3.1535,3.157,3.1515,3.153,3.1585,3.162,3.1565,3.158,38
2026-05-21 14:05:00,3.152,3.156,3.152,3.152,3.157,3.161,3.157,3.157,41
2026-05-21 14:06:00,3.153,3.157,3.153,3.155,3.158,3.162,3.158,3.16,26
2026-05-21 14:07:00,3.1555,3.156,3.154,3.155,3.1605,3.161,3.159,3.16,11
2026-05-21 14:08:00,3.156,3.156,3.155,3.155,3.161,3.161,3.16,3.16,17
2026-05-21 14:09:00,3.157,3.158,3.156,3.157,3.162,3.163,3.161,3.162,20
2026-05-21 14:10:00,3.158,3.1585,3.153,3.156,3.163,3.1635,3.158,3.161,21
2026-05-21 14:11:00,3.157,3.163,3.157,3.159,3.162,3.168,3.162,3.164,42
2026-05-21 14:12:00,3.16,3.1605,3.1575,3.16,3.165,3.1655,3.1625,3.165,9
2026-05-21 14:13:00,3.161,3.164,3.161,3.163,3.166,3.169,3.166,3.168,14
2026-05-21 14:14:00,3.1635,3.1665,3.163,3.165,3.1685,3.1715,3.168,3.17,30
2026-05-21 14:15:00,3.166,3.173,3.164,3.171,3.171,3.178,3.169,3.176,52
2026-05-21 14:16:00,3.172,3.1765,3.1685,3.1685,3.177,3.1815,3.1735,3.1735,58
2026-05-21 14:17:00,3.168,3.173,3.167,3.17,3.173,3.178,3.172,3.175,27
2026-05-21 14:18:00,3.171,3.173,3.169,3.1725,3.176,3.178,3.174,3.1775,18
2026-05-21 14:19:00,3.173,3.1735,3.158,3.164,3.178,3.1785,3.163,3.169,71
2026-05-21 14:20:00,3.163,3.164,3.14,3.1435,3.168,3.169,3.145,3.1485,159
2026-05-21 14:21:00,3.144,3.144,3.137,3.143,3.149,3.149,3.142,3.148,101
2026-05-21 14:22:00,3.144,3.145,3.141,3.143,3.149,3.15,3.146,3.148,39
2026-05-21 14:23:00,3.1425,3.143,3.14,3.142,3.1475,3.148,3.145,3.147,41
2026-05-21 14:24:00,3.1425,3.147,3.141,3.147,3.1475,3.152,3.146,3.152,43
2026-05-21 14:25:00,3.1465,3.147,3.144,3.145,3.1515,3.152,3.149,3.15,27
2026-05-21 14:26:00,3.144,3.15,3.142,3.149,3.149,3.155,3.147,3.154,35
2026-05-21 14:27:00,3.1495,3.15,3.147,3.148,3.1545,3.155,3.152,3.153,30
2026-05-21 14:28:00,3.147,3.147,3.145,3.145,3.152,3.152,3.15,3.15,33
2026-05-21 14:29:00,3.146,3.1505,3.145,3.1495,3.151,3.1555,3.15,3.1545,19
2026-05-21 14:30:00,3.149,3.152,3.148,3.1505,3.154,3.157,3.153,3.1555,45
2026-05-21 14:31:00,3.15,3.1515,3.147,3.149,3.155,3.1565,3.152,3.154,31
2026-05-21 14:32:00,3.1485,3.149,3.144,3.146,3.1535,3.154,3.149,3.151,21
2026-05-21 14:33:00,3.1455,3.1455,3.135,3.142,3.1505,3.1505,3.14,3.147,119
2026-05-21 14:34:00,3.143,3.143,3.1385,3.141,3.148,3.148,3.1435,3.146,62
2026-05-21 14:35:00,3.14,3.143,3.139,3.139,3.145,3.148,3.144,3.144,29
2026-05-21 14:36:00,3.1385,3.14,3.134,3.1375,3.1435,3.145,3.139,3.1425,43
2026-05-21 14:37:00,3.1355,3.137,3.134,3.134,3.1405,3.142,3.139,3.139,58
2026-05-21 14:38:00,3.1345,3.136,3.133,3.136,3.1395,3.141,3.138,3.141,26
2026-05-21 14:39:00,3.137,3.138,3.135,3.1375,3.142,3.143,3.14,3.1425,21
2026-05-21 14:40:00,3.138,3.139,3.136,3.1385,3.143,3.144,3.141,3.1435,25
2026-05-21 14:41:00,3.138,3.142,3.138,3.139,3.143,3.147,3.143,3.144,30
2026-05-21 14:42:00,3.1385,3.139,3.136,3.136,3.1435,3.144,3.141,3.141,31
2026-05-21 14:43:00,3.137,3.14,3.135,3.136,3.142,3.145,3.14,3.141,46
2026-05-21 14:44:00,3.135,3.136,3.131,3.132,3.14,3.141,3.136,3.137,41
2026-05-21 14:45:00,3.1325,3.134,3.131,3.134,3.1375,3.139,3.136,3.139,26
2026-05-21 14:46:00,3.1335,3.134,3.128,3.13,3.1385,3.139,3.133,3.135,38
2026-05-21 14:47:00,3.131,3.135,3.13,3.133,3.136,3.14,3.135,3.138,25
2026-05-21 14:48:00,3.1335,3.138,3.132,3.136,3.1385,3.143,3.137,3.141,42
2026-05-21 14:49:00,3.138,3.142,3.138,3.14,3.143,3.147,3.143,3.145,31
2026-05-21 14:50:00,3.1405,3.152,3.14,3.148,3.1455,3.157,3.145,3.153,66
2026-05-21 14:51:00,3.149,3.157,3.147,3.154,3.154,3.162,3.152,3.159,64
2026-05-21 14:52:00,3.155,3.157,3.154,3.1545,3.16,3.162,3.159,3.1595,33
2026-05-21 14:53:00,3.154,3.1565,3.151,3.1565,3.159,3.1615,3.156,3.1615,35
2026-05-21 14:54:00,3.156,3.156,3.15,3.152,3.161,3.161,3.155,3.157,43
2026-05-21 14:55:00,3.153,3.153,3.151,3.152,3.158,3.158,3.156,3.157,11
2026-05-21 14:56:00,3.153,3.157,3.152,3.155,3.158,3.162,3.157,3.16,13
2026-05-21 14:57:00,3.154,3.157,3.153,3.156,3.159,3.162,3.158,3.161,32
2026-05-21 14:58:00,3.155,3.156,3.154,3.156,3.16,3.161,3.159,3.161,21
2026-05-21 14:59:00,3.157,3.157,3.154,3.156,3.162,3.162,3.159,3.161,31
2026-05-21 15:00:00,3.155,3.162,3.155,3.157,3.16,3.167,3.16,3.162,84
2026-05-21 15:01:00,3.158,3.164,3.157,3.1625,3.163,3.169,3.162,3.1675,57
2026-05-21 15:02:00,3.163,3.167,3.161,3.164,3.168,3.172,3.166,3.169,31
2026-05-21 15:03:00,3.163,3.163,3.157,3.158,3.168,3.168,3.162,3.163,100
2026-05-21 15:04:00,3.1585,3.166,3.1585,3.165,3.1635,3.171,3.1635,3.17,32
2026-05-21 15:05:00,3.166,3.175,3.165,3.171,3.171,3.18,3.17,3.176,76
2026-05-21 15:06:00,3.17,3.174,3.17,3.173,3.175,3.179,3.175,3.178,37
2026-05-21 15:07:00,3.174,3.174,3.171,3.174,3.179,3.179,3.176,3.179,18
2026-05-21 15:08:00,3.173,3.184,3.173,3.182,3.178,3.189,3.178,3.187,70
2026-05-21 15:09:00,3.183,3.185,3.177,3.184,3.188,3.19,3.182,3.189,66
2026-05-21 15:10:00,3.185,3.191,3.184,3.189,3.19,3.196,3.189,3.194,86
2026-05-21 15:11:00,3.19,3.198,3.186,3.197,3.195,3.203,3.191,3.202,110
2026-05-21 15:12:00,3.198,3.198,3.192,3.193,3.203,3.203,3.197,3.198,64
2026-05-21 15:13:00,3.194,3.194,3.19,3.192,3.199,3.199,3.195,3.197,53
2026-05-21 15:14:00,3.191,3.191,3.185,3.186,3.196,3.196,3.19,3.191,43
2026-05-21 15:15:00,3.1855,3.195,3.185,3.194,3.1905,3.2,3.19,3.199,95
2026-05-21 15:16:00,3.195,3.2,3.195,3.196,3.2,3.205,3.2,3.201,54
2026-05-21 15:17:00,3.195,3.196,3.182,3.182,3.2,3.201,3.187,3.187,45
2026-05-21 15:18:00,3.183,3.186,3.182,3.186,3.188,3.191,3.187,3.191,43
2026-05-21 15:19:00,3.185,3.187,3.184,3.186,3.19,3.192,3.189,3.191,19
2026-05-21 15:20:00,3.1865,3.188,3.176,3.179,3.1915,3.193,3.181,3.184,51
2026-05-21 15:21:00,3.1785,3.181,3.178,3.18,3.1835,3.186,3.183,3.185,59
2026-05-21 15:22:00,3.1795,3.182,3.179,3.1805,3.1845,3.187,3.184,3.1855,39
2026-05-21 15:23:00,3.18,3.181,3.177,3.178,3.185,3.186,3.182,3.183,50
2026-05-21 15:24:00,3.176,3.179,3.174,3.179,3.181,3.184,3.179,3.184,49
2026-05-21 15:25:00,3.1785,3.183,3.178,3.18,3.1835,3.188,3.183,3.185,40
2026-05-21 15:26:00,3.179,3.181,3.178,3.179,3.184,3.186,3.183,3.184,20
2026-05-21 15:27:00,3.1785,3.182,3.178,3.18,3.1835,3.187,3.183,3.185,28
2026-05-21 15:28:00,3.1805,3.1805,3.177,3.178,3.1855,3.1855,3.182,3.183,43
2026-05-21 15:29:00,3.179,3.182,3.176,3.178,3.184,3.187,3.181,3.183,39
2026-05-21 15:30:00,3.1785,3.182,3.178,3.181,3.1835,3.187,3.183,3.186,28
2026-05-21 15:31:00,3.182,3.182,3.177,3.179,3.187,3.187,3.182,3.184,37
2026-05-21 15:32:00,3.178,3.185,3.178,3.183,3.183,3.19,3.183,3.188,45
2026-05-21 15:33:00,3.182,3.184,3.181,3.184,3.187,3.189,3.186,3.189,22
2026-05-21 15:34:00,3.183,3.185,3.1825,3.1825,3.188,3.19,3.1875,3.1875,30
2026-05-21 15:35:00,3.183,3.185,3.182,3.182,3.188,3.19,3.187,3.187,45
2026-05-21 15:36:00,3.183,3.187,3.182,3.183,3.188,3.192,3.187,3.188,43
2026-05-21 15:37:00,3.182,3.185,3.18,3.184,3.187,3.19,3.185,3.189,29
2026-05-21 15:38:00,3.183,3.186,3.182,3.182,3.188,3.191,3.187,3.187,26
2026-05-21 15:39:00,3.181,3.183,3.179,3.179,3.186,3.188,3.184,3.184,31
2026-05-21 15:40:00,3.1795,3.182,3.178,3.18,3.1845,3.187,3.183,3.185,33
2026-05-21 15:41:00,3.181,3.181,3.178,3.179,3.186,3.186,3.183,3.184,32
2026-05-21 15:42:00,3.1795,3.183,3.179,3.18,3.1845,3.188,3.184,3.185,21
2026-05-21 15:43:00,3.181,3.1865,3.179,3.1865,3.186,3.1915,3.184,3.1915,38
2026-05-21 15:44:00,3.186,3.191,3.1825,3.1865,3.191,3.196,3.1875,3.1915,65
2026-05-21 15:45:00,3.186,3.188,3.1705,3.171,3.191,3.193,3.1755,3.176,155
2026-05-21 15:46:00,3.1715,3.172,3.16,3.1645,3.1765,3.177,3.165,3.1695,155
2026-05-21 15:47:00,3.164,3.167,3.162,3.167,3.169,3.172,3.167,3.172,72
2026-05-21 15:48:00,3.168,3.169,3.1605,3.163,3.173,3.174,3.1655,3.168,55
2026-05-21 15:49:00,3.162,3.165,3.16,3.161,3.167,3.17,3.165,3.166,56
2026-05-21 15:50:00,3.16,3.16,3.149,3.15,3.165,3.165,3.154,3.155,71
2026-05-21 15:51:00,3.151,3.154,3.136,3.136,3.156,3.159,3.141,3.141,127
2026-05-21 15:52:00,3.137,3.1445,3.1365,3.142,3.142,3.1495,3.1415,3.147,162
2026-05-21 15:53:00,3.14,3.144,3.138,3.142,3.146,3.149,3.143,3.147,70
2026-05-21 15:54:00,3.141,3.145,3.137,3.1375,3.146,3.15,3.142,3.1425,67
2026-05-21 15:55:00,3.138,3.14,3.134,3.1365,3.143,3.145,3.139,3.1415,59
2026-05-21 15:56:00,3.137,3.14,3.135,3.139,3.142,3.145,3.14,3.144,73
2026-05-21 15:57:00,3.1395,3.144,3.139,3.143,3.1445,3.149,3.144,3.148,51
2026-05-21 15:58:00,3.142,3.144,3.141,3.144,3.147,3.149,3.146,3.149,34
2026-05-21 15:59:00,3.143,3.145,3.141,3.145,3.148,3.15,3.146,3.15,35
2026-05-21 16:00:00,3.146,3.146,3.141,3.143,3.151,3.151,3.146,3.148,34
2026-05-21 16:01:00,3.142,3.146,3.141,3.145,3.147,3.151,3.146,3.15,33
2026-05-21 16:02:00,3.144,3.148,3.143,3.147,3.15,3.153,3.148,3.152,35
2026-05-21 16:03:00,3.146,3.149,3.145,3.147,3.151,3.154,3.15,3.152,42
2026-05-21 16:04:00,3.146,3.147,3.14,3.1405,3.151,3.152,3.145,3.1455,35
2026-05-21 16:05:00,3.141,3.143,3.138,3.143,3.146,3.148,3.143,3.148,48
2026-05-21 16:06:00,3.142,3.147,3.142,3.147,3.147,3.152,3.147,3.152,25
2026-05-21 16:07:00,3.148,3.149,3.1445,3.1455,3.153,3.154,3.1495,3.1505,26
2026-05-21 16:08:00,3.145,3.146,3.144,3.145,3.15,3.151,3.149,3.15,12
2026-05-21 16:09:00,3.1455,3.146,3.142,3.1425,3.1505,3.151,3.147,3.1475,31
2026-05-21 16:10:00,3.143,3.144,3.14,3.142,3.148,3.149,3.145,3.147,30
2026-05-21 16:11:00,3.1425,3.143,3.141,3.141,3.1475,3.148,3.146,3.146,13
2026-05-21 16:12:00,3.14,3.1425,3.14,3.142,3.145,3.1475,3.145,3.147,14
2026-05-21 16:13:00,3.1415,3.146,3.141,3.145,3.1465,3.151,3.146,3.15,39
2026-05-21 16:14:00,3.144,3.1475,3.143,3.146,3.149,3.1525,3.148,3.151,45
2026-05-21 16:15:00,3.1465,3.149,3.146,3.146,3.1515,3.154,3.151,3.151,43
2026-05-21 16:16:00,3.147,3.1485,3.146,3.1475,3.152,3.1535,3.151,3.1525,30
2026-05-21 16:17:00,3.147,3.149,3.147,3.149,3.152,3.154,3.152,3.154,15
2026-05-21 16:18:00,3.15,3.151,3.147,3.148,3.155,3.156,3.152,3.153,43
2026-05-21 16:19:00,3.149,3.152,3.148,3.151,3.154,3.157,3.153,3.156,35
2026-05-21 16:20:00,3.152,3.155,3.148,3.15,3.157,3.16,3.153,3.155,82
2026-05-21 16:21:00,3.149,3.155,3.149,3.155,3.154,3.16,3.154,3.16,18
2026-05-21 16:22:00,3.154,3.155,3.153,3.154,3.159,3.16,3.158,3.159,24
2026-05-21 16:23:00,3.155,3.157,3.154,3.157,3.16,3.162,3.159,3.162,50
2026-05-21 16:24:00,3.156,3.159,3.156,3.157,3.161,3.164,3.161,3.162,62
2026-05-21 16:25:00,3.158,3.161,3.1575,3.159,3.163,3.166,3.1625,3.164,40
2026-05-21 16:26:00,3.16,3.167,3.16,3.166,3.165,3.172,3.165,3.171,54
2026-05-21 16:27:00,3.165,3.165,3.158,3.1585,3.1705,3.1705,3.163,3.1635,40
2026-05-21 16:28:00,3.158,3.159,3.157,3.158,3.163,3.164,3.162,3.163,84
2026-05-21 16:29:00,3.1585,3.1635,3.1575,3.158,3.1635,3.1685,3.1625,3.163,146
2026-05-21 16:30:00,3.1585,3.1585,3.125,3.1325,3.1635,3.1635,3.13,3.1375,686
2026-05-21 16:31:00,3.131,3.138,3.121,3.122,3.136,3.143,3.126,3.127,394
2026-05-21 16:32:00,3.1215,3.126,3.12,3.124,3.1265,3.131,3.125,3.129,280
2026-05-21 16:33:00,3.123,3.13,3.122,3.126,3.128,3.135,3.127,3.131,248
2026-05-21 16:34:00,3.127,3.135,3.125,3.132,3.132,3.14,3.13,3.137,156
2026-05-21 16:35:00,3.131,3.148,3.13,3.1465,3.136,3.153,3.135,3.1515,184
2026-05-21 16:36:00,3.146,3.1465,3.14,3.142,3.151,3.1515,3.145,3.147,142
2026-05-21 16:37:00,3.1415,3.151,3.1415,3.15,3.1465,3.156,3.1465,3.155,45
2026-05-21 16:38:00,3.149,3.151,3.1475,3.15,3.154,3.156,3.1525,3.155,52
2026-05-21 16:39:00,3.1505,3.1525,3.1445,3.146,3.1555,3.1575,3.1495,3.151,64
2026-05-21 16:40:00,3.145,3.147,3.142,3.142,3.15,3.152,3.147,3.147,36
2026-05-21 16:41:00,3.141,3.144,3.141,3.143,3.146,3.149,3.146,3.148,19
2026-05-21 16:42:00,3.144,3.147,3.142,3.145,3.149,3.152,3.147,3.15,43
2026-05-21 16:43:00,3.146,3.15,3.146,3.149,3.151,3.155,3.151,3.154,33
2026-05-21 16:44:00,3.148,3.15,3.142,3.142,3.153,3.155,3.147,3.147,23
2026-05-21 16:45:00,3.143,3.146,3.142,3.142,3.148,3.151,3.147,3.147,31
2026-05-21 16:46:00,3.143,3.145,3.143,3.143,3.148,3.15,3.148,3.148,14
2026-05-21 16:47:00,3.144,3.149,3.144,3.146,3.149,3.154,3.149,3.151,34
2026-05-21 16:48:00,3.147,3.152,3.146,3.149,3.152,3.157,3.151,3.154,70
2026-05-21 16:49:00,3.148,3.15,3.147,3.148,3.153,3.155,3.152,3.153,36
2026-05-21 16:50:00,3.149,3.15,3.148,3.1495,3.154,3.155,3.153,3.1545,12
2026-05-21 16:51:00,3.15,3.163,3.15,3.162,3.155,3.168,3.155,3.167,107
2026-05-21 16:52:00,3.1625,3.165,3.162,3.163,3.1675,3.17,3.167,3.168,34
2026-05-21 16:53:00,3.1635,3.171,3.1625,3.168,3.1685,3.176,3.1675,3.173,114
2026-05-21 16:54:00,3.167,3.17,3.162,3.163,3.172,3.175,3.167,3.168,65
2026-05-21 16:55:00,3.1625,3.168,3.1615,3.168,3.1675,3.173,3.1665,3.173,65
2026-05-21 16:56:00,3.169,3.17,3.167,3.1685,3.174,3.175,3.172,3.1735,47
2026-05-21 16:57:00,3.168,3.17,3.167,3.17,3.173,3.175,3.172,3.175,22
2026-05-21 16:58:00,3.169,3.171,3.166,3.1685,3.174,3.176,3.171,3.1735,20
2026-05-21 16:59:00,3.169,3.171,3.168,3.171,3.174,3.176,3.173,3.176,10
2026-05-21 17:00:00,3.172,3.173,3.169,3.172,3.177,3.178,3.174,3.177,35
2026-05-21 17:01:00,3.173,3.175,3.173,3.175,3.178,3.18,3.178,3.18,7
2026-05-21 17:02:00,3.174,3.174,3.17,3.171,3.179,3.179,3.175,3.176,19
2026-05-21 17:03:00,3.172,3.175,3.172,3.172,3.177,3.18,3.177,3.177,27
2026-05-21 17:04:00,3.171,3.174,3.17,3.17,3.176,3.179,3.175,3.175,26
2026-05-21 17:05:00,3.1705,3.172,3.169,3.172,3.1755,3.177,3.174,3.177,18
2026-05-21 17:06:00,3.173,3.174,3.171,3.173,3.178,3.179,3.176,3.178,18
2026-05-21 17:07:00,3.174,3.175,3.172,3.172,3.179,3.18,3.177,3.177,30
2026-05-21 17:08:00,3.171,3.172,3.171,3.171,3.176,3.177,3.176,3.176,27
2026-05-21 17:09:00,3.1715,3.173,3.17,3.172,3.1765,3.178,3.175,3.177,38
2026-05-21 17:10:00,3.173,3.174,3.172,3.173,3.178,3.179,3.177,3.178,28
2026-05-21 17:11:00,3.174,3.18,3.173,3.178,3.179,3.185,3.178,3.183,58
2026-05-21 17:12:00,3.179,3.179,3.176,3.176,3.184,3.184,3.181,3.181,32
2026-05-21 17:13:00,3.1765,3.179,3.175,3.1755,3.1815,3.184,3.18,3.1805,116
2026-05-21 17:14:00,3.176,3.18,3.175,3.176,3.181,3.185,3.18,3.181,128
2026-05-21 17:15:00,3.1765,3.178,3.176,3.177,3.1815,3.183,3.181,3.182,32
2026-05-21 17:16:00,3.178,3.179,3.176,3.176,3.183,3.184,3.181,3.181,32
2026-05-21 17:17:00,3.177,3.178,3.176,3.177,3.182,3.183,3.181,3.182,34
2026-05-21 17:18:00,3.176,3.179,3.176,3.178,3.181,3.184,3.181,3.183,22
2026-05-21 17:19:00,3.1785,3.181,3.1785,3.18,3.1835,3.186,3.1835,3.185,22
2026-05-21 17:20:00,3.1795,3.1795,3.175,3.177,3.1845,3.1845,3.18,3.182,20
2026-05-21 17:21:00,3.178,3.181,3.177,3.181,3.183,3.186,3.182,3.186,13
2026-05-21 17:22:00,3.182,3.182,3.179,3.18,3.187,3.187,3.184,3.185,26
2026-05-21 17:23:00,3.181,3.184,3.18,3.183,3.186,3.189,3.185,3.188,10
2026-05-21 17:24:00,3.182,3.184,3.18,3.182,3.187,3.189,3.185,3.187,45
2026-05-21 17:25:00,3.183,3.183,3.18,3.182,3.188,3.188,3.185,3.187,14
2026-05-21 17:26:00,3.1825,3.183,3.182,3.182,3.1875,3.188,3.187,3.187,16
2026-05-21 17:27:00,3.183,3.186,3.1825,3.1835,3.188,3.191,3.1875,3.1885,29
2026-05-21 17:28:00,3.184,3.185,3.182,3.185,3.189,3.19,3.187,3.19,17
2026-05-21 17:29:00,3.184,3.1845,3.1785,3.179,3.189,3.1895,3.1835,3.184,40
2026-05-21 17:30:00,3.18,3.183,3.176,3.177,3.185,3.188,3.181,3.182,49
2026-05-21 17:31:00,3.178,3.178,3.176,3.176,3.183,3.183,3.181,3.181,16
2026-05-21 17:32:00,3.1755,3.176,3.174,3.175,3.1805,3.181,3.179,3.18,35
2026-05-21 17:33:00,3.1745,3.178,3.173,3.176,3.1795,3.183,3.178,3.181,31
2026-05-21 17:34:00,3.1765,3.178,3.175,3.1765,3.1815,3.183,3.18,3.1815,41
2026-05-21 17:35:00,3.176,3.178,3.175,3.175,3.181,3.183,3.18,3.18,27
2026-05-21 17:36:00,3.176,3.18,3.175,3.1775,3.181,3.185,3.18,3.1825,30
2026-05-21 17:37:00,3.177,3.178,3.176,3.176,3.182,3.183,3.181,3.181,17
2026-05-21 17:38:00,3.177,3.177,3.174,3.175,3.182,3.182,3.179,3.18,17
2026-05-21 17:39:00,3.173,3.176,3.171,3.174,3.178,3.181,3.176,3.179,39
2026-05-21 17:40:00,3.173,3.173,3.172,3.1725,3.178,3.178,3.177,3.1775,7
2026-05-21 17:41:00,3.172,3.174,3.171,3.174,3.177,3.179,3.176,3.179,14
2026-05-21 17:42:00,3.173,3.179,3.173,3.1785,3.178,3.184,3.178,3.1835,33
2026-05-21 17:43:00,3.179,3.193,3.177,3.193,3.184,3.198,3.182,3.198,66
2026-05-21 17:44:00,3.1925,3.205,3.192,3.195,3.1975,3.21,3.197,3.2,122
2026-05-21 17:45:00,3.194,3.195,3.183,3.184,3.199,3.2,3.188,3.189,55
2026-05-21 17:46:00,3.185,3.188,3.184,3.185,3.19,3.193,3.189,3.19,27
2026-05-21 17:47:00,3.184,3.186,3.182,3.182,3.189,3.191,3.187,3.187,27
2026-05-21 17:48:00,3.183,3.191,3.182,3.189,3.188,3.196,3.187,3.194,62
2026-05-21 17:49:00,3.188,3.195,3.188,3.195,3.193,3.2,3.193,3.2,51
2026-05-21 17:50:00,3.1945,3.198,3.193,3.198,3.1995,3.203,3.198,3.203,36
2026-05-21 17:51:00,3.197,3.198,3.195,3.195,3.202,3.203,3.2,3.2,67
2026-05-21 17:52:00,3.1955,3.196,3.193,3.194,3.2005,3.201,3.198,3.199,14
2026-05-21 17:53:00,3.1945,3.198,3.1945,3.196,3.1995,3.203,3.1995,3.201,29
2026-05-21 17:54:00,3.195,3.196,3.187,3.188,3.2,3.201,3.192,3.193,30
2026-05-21 17:55:00,3.189,3.19,3.186,3.1895,3.194,3.195,3.191,3.1945,23
2026-05-21 17:56:00,3.19,3.19,3.188,3.188,3.195,3.195,3.193,3.193,10
2026-05-21 17:57:00,3.187,3.187,3.184,3.186,3.192,3.192,3.189,3.191,29
2026-05-21 17:58:00,3.1865,3.188,3.184,3.1865,3.1915,3.193,3.189,3.1915,50
2026-05-21 17:59:00,3.186,3.188,3.186,3.188,3.191,3.193,3.191,3.193,10
2026-05-21 18:00:00,3.189,3.189,3.186,3.187,3.194,3.194,3.191,3.192,21
2026-05-21 18:01:00,3.186,3.189,3.186,3.188,3.191,3.194,3.191,3.193,40
2026-05-21 18:02:00,3.189,3.189,3.187,3.188,3.194,3.194,3.192,3.193,13
2026-05-21 18:03:00,3.186,3.187,3.185,3.186,3.191,3.192,3.19,3.191,19
2026-05-21 18:04:00,3.187,3.189,3.186,3.189,3.192,3.194,3.191,3.194,19
2026-05-21 18:05:00,3.1885,3.189,3.182,3.185,3.1935,3.194,3.187,3.19,35
2026-05-21 18:06:00,3.186,3.187,3.186,3.186,3.191,3.192,3.191,3.191,5
2026-05-21 18:07:00,3.185,3.1855,3.18,3.183,3.19,3.1905,3.185,3.188,24
2026-05-21 18:08:00,3.1835,3.1835,3.181,3.1815,3.1885,3.1885,3.186,3.1865,17
2026-05-21 18:09:00,3.181,3.182,3.181,3.181,3.186,3.187,3.186,3.186,13
2026-05-21 18:10:00,3.182,3.185,3.182,3.183,3.187,3.19,3.187,3.188,30
2026-05-21 18:11:00,3.184,3.184,3.182,3.183,3.189,3.189,3.187,3.188,26
2026-05-21 18:12:00,3.184,3.184,3.182,3.182,3.189,3.189,3.187,3.187,24
2026-05-21 18:13:00,3.183,3.186,3.183,3.1855,3.188,3.191,3.188,3.1905,55
2026-05-21 18:14:00,3.186,3.186,3.183,3.183,3.191,3.191,3.188,3.188,23
2026-05-21 18:15:00,3.1835,3.186,3.183,3.185,3.1885,3.191,3.188,3.19,33
2026-05-21 18:16:00,3.184,3.185,3.183,3.185,3.189,3.19,3.188,3.19,15
2026-05-21 18:17:00,3.186,3.19,3.185,3.19,3.191,3.195,3.19,3.195,16
2026-05-21 18:18:00,3.189,3.191,3.189,3.19,3.194,3.196,3.194,3.195,12
2026-05-21 18:19:00,3.1905,3.1905,3.184,3.188,3.1955,3.1955,3.189,3.193,24
2026-05-21 18:20:00,3.187,3.187,3.182,3.183,3.192,3.192,3.187,3.188,22
2026-05-21 18:21:00,3.184,3.186,3.184,3.185,3.189,3.191,3.189,3.19,13
2026-05-21 18:22:00,3.1855,3.187,3.184,3.186,3.1905,3.192,3.189,3.191,13
2026-05-21 18:23:00,3.1865,3.1865,3.184,3.184,3.1915,3.1915,3.189,3.189,10
2026-05-21 18:24:00,3.1835,3.1835,3.179,3.183,3.1885,3.1885,3.184,3.188,22
2026-05-21 18:25:00,3.1825,3.1825,3.181,3.182,3.1875,3.1875,3.186,3.187,12
2026-05-21 18:26:00,3.1815,3.1815,3.176,3.177,3.1865,3.1865,3.181,3.182,23
2026-05-21 18:27:00,3.178,3.179,3.177,3.179,3.183,3.184,3.182,3.184,20
2026-05-21 18:28:00,3.18,3.18,3.178,3.179,3.185,3.185,3.183,3.184,13
2026-05-21 18:29:00,3.18,3.18,3.179,3.18,3.185,3.185,3.184,3.185,3
2026-05-21 18:30:00,3.181,3.181,3.179,3.18,3.186,3.186,3.184,3.185,13
2026-05-21 18:31:00,3.179,3.18,3.179,3.18,3.184,3.185,3.184,3.185,4
2026-05-21 18:32:00,3.1795,3.18,3.1785,3.179,3.1845,3.185,3.1835,3.184,14
2026-05-21 18:33:00,3.178,3.179,3.176,3.177,3.183,3.184,3.181,3.182,22
2026-05-21 18:34:00,3.178,3.178,3.176,3.178,3.183,3.183,3.181,3.183,20
2026-05-21 18:35:00,3.179,3.181,3.179,3.18,3.184,3.186,3.184,3.185,8
2026-05-21 18:36:00,3.179,3.182,3.179,3.18,3.184,3.187,3.184,3.185,15
2026-05-21 18:37:00,3.179,3.179,3.172,3.173,3.184,3.184,3.177,3.178,20
2026-05-21 18:38:00,3.172,3.172,3.171,3.172,3.177,3.177,3.176,3.177,13
2026-05-21 18:39:00,3.171,3.172,3.169,3.172,3.176,3.177,3.174,3.177,27
2026-05-21 18:40:00,3.1715,3.172,3.171,3.172,3.1765,3.177,3.176,3.177,13
2026-05-21 18:41:00,3.171,3.171,3.165,3.167,3.176,3.176,3.17,3.172,19
2026-05-21 18:42:00,3.168,3.168,3.163,3.166,3.173,3.173,3.168,3.171,37
2026-05-21 18:43:00,3.165,3.167,3.164,3.1645,3.17,3.172,3.169,3.1695,29
2026-05-21 18:44:00,3.165,3.167,3.164,3.166,3.17,3.172,3.169,3.171,20
2026-05-21 18:45:00,3.1655,3.166,3.164,3.165,3.1705,3.171,3.169,3.17,35
2026-05-21 18:46:00,3.164,3.164,3.161,3.164,3.169,3.169,3.166,3.169,24
2026-05-21 18:47:00,3.165,3.169,3.165,3.168,3.17,3.174,3.17,3.173,27
2026-05-21 18:48:00,3.167,3.168,3.167,3.167,3.172,3.173,3.172,3.172,12
2026-05-21 18:49:00,3.166,3.169,3.166,3.169,3.171,3.174,3.171,3.174,11
2026-05-21 18:50:00,3.1695,3.17,3.169,3.17,3.1745,3.175,3.174,3.175,20
2026-05-21 18:51:00,3.169,3.1695,3.167,3.167,3.174,3.1745,3.172,3.172,12
2026-05-21 18:52:00,3.168,3.168,3.166,3.167,3.173,3.173,3.171,3.172,8
2026-05-21 18:53:00,3.168,3.168,3.166,3.168,3.173,3.173,3.171,3.173,17
2026-05-21 18:54:00,3.1685,3.17,3.168,3.17,3.1735,3.175,3.173,3.175,13
2026-05-21 18:55:00,3.171,3.171,3.168,3.169,3.176,3.176,3.173,3.174,17
2026-05-21 18:56:00,3.1685,3.169,3.163,3.164,3.1735,3.174,3.168,3.169,40
2026-05-21 18:57:00,3.163,3.163,3.153,3.158,3.168,3.168,3.158,3.163,80
2026-05-21 18:58:00,3.157,3.158,3.156,3.1575,3.162,3.163,3.161,3.1625,27
2026-05-21 18:59:00,3.157,3.158,3.156,3.157,3.162,3.163,3.161,3.162,8
2026-05-21 19:00:00,3.156,3.1575,3.153,3.153,3.161,3.1625,3.158,3.158,29
2026-05-21 19:01:00,3.154,3.155,3.1535,3.154,3.159,3.16,3.1585,3.159,12
2026-05-21 19:02:00,3.1545,3.157,3.154,3.156,3.1595,3.162,3.159,3.161,15
2026-05-21 19:03:00,3.157,3.16,3.157,3.158,3.162,3.165,3.162,3.163,24
2026-05-21 19:04:00,3.157,3.157,3.155,3.156,3.162,3.162,3.16,3.161,9
2026-05-21 19:05:00,3.155,3.156,3.153,3.153,3.16,3.161,3.158,3.158,14
2026-05-21 19:06:00,3.1535,3.154,3.153,3.154,3.1585,3.159,3.158,3.159,7
2026-05-21 19:07:00,3.155,3.156,3.154,3.155,3.16,3.161,3.159,3.16,18
2026-05-21 19:08:00,3.1555,3.157,3.1555,3.156,3.1605,3.162,3.1605,3.161,6
2026-05-21 19:09:00,3.155,3.155,3.152,3.152,3.16,3.16,3.157,3.157,19
2026-05-21 19:10:00,3.1525,3.153,3.144,3.1465,3.1575,3.158,3.149,3.1515,162
2026-05-21 19:11:00,3.146,3.148,3.142,3.146,3.151,3.153,3.147,3.151,51
2026-05-21 19:12:00,3.1455,3.152,3.145,3.1505,3.1505,3.157,3.15,3.1555,59
2026-05-21 19:13:00,3.15,3.1515,3.149,3.149,3.155,3.1565,3.154,3.154,29
2026-05-21 19:14:00,3.1485,3.149,3.145,3.1465,3.1535,3.154,3.15,3.1515,29
2026-05-21 19:15:00,3.146,3.146,3.143,3.144,3.151,3.151,3.148,3.149,48
2026-05-21 19:16:00,3.143,3.144,3.14,3.142,3.148,3.149,3.145,3.147,87
2026-05-21 19:17:00,3.141,3.144,3.141,3.143,3.146,3.149,3.146,3.148,39
2026-05-21 19:18:00,3.144,3.144,3.138,3.14,3.149,3.149,3.143,3.145,36
2026-05-21 19:19:00,3.1395,3.141,3.138,3.14,3.1445,3.146,3.143,3.145,27
2026-05-21 19:20:00,3.1395,3.1395,3.132,3.134,3.1445,3.1445,3.137,3.139,72
2026-05-21 19:21:00,3.1335,3.138,3.132,3.138,3.1385,3.143,3.137,3.143,33
2026-05-21 19:22:00,3.137,3.143,3.135,3.141,3.142,3.148,3.14,3.146,60
2026-05-21 19:23:00,3.14,3.144,3.139,3.141,3.145,3.149,3.144,3.146,67
2026-05-21 19:24:00,3.1415,3.143,3.14,3.141,3.1465,3.148,3.145,3.146,24
2026-05-21 19:25:00,3.14,3.141,3.139,3.1405,3.145,3.146,3.144,3.1455,45
2026-05-21 19:26:00,3.14,3.142,3.14,3.141,3.145,3.147,3.145,3.146,21
2026-05-21 19:27:00,3.1405,3.144,3.14,3.142,3.1455,3.149,3.145,3.147,39
2026-05-21 19:28:00,3.1425,3.144,3.141,3.143,3.1475,3.149,3.146,3.148,22
2026-05-21 19:29:00,3.144,3.144,3.142,3.143,3.149,3.149,3.147,3.148,10
2026-05-21 19:30:00,3.144,3.146,3.143,3.146,3.149,3.151,3.148,3.151,24
2026-05-21 19:31:00,3.1455,3.148,3.1445,3.1445,3.1505,3.153,3.1495,3.1495,31
2026-05-21 19:32:00,3.145,3.147,3.1445,3.146,3.15,3.152,3.1495,3.151,19
2026-05-21 19:33:00,3.1465,3.149,3.145,3.1475,3.1515,3.154,3.15,3.1525,20
2026-05-21 19:34:00,3.148,3.148,3.146,3.147,3.153,3.153,3.151,3.152,8
2026-05-21 19:35:00,3.146,3.147,3.145,3.147,3.151,3.152,3.15,3.152,12
2026-05-21 19:36:00,3.146,3.148,3.146,3.147,3.151,3.153,3.151,3.152,9
2026-05-21 19:37:00,3.148,3.148,3.1455,3.1475,3.153,3.153,3.1505,3.1525,31
2026-05-21 19:38:00,3.148,3.149,3.146,3.149,3.153,3.154,3.151,3.154,19
2026-05-21 19:39:00,3.1495,3.154,3.149,3.151,3.1545,3.159,3.154,3.156,32
2026-05-21 19:40:00,3.152,3.155,3.151,3.155,3.157,3.16,3.156,3.16,11
2026-05-21 19:41:00,3.154,3.158,3.153,3.158,3.159,3.163,3.158,3.163,23
2026-05-21 19:42:00,3.157,3.161,3.157,3.158,3.162,3.166,3.162,3.163,39
2026-05-21 19:43:00,3.1585,3.159,3.158,3.159,3.1635,3.164,3.163,3.164,29
2026-05-21 19:44:00,3.16,3.16,3.1565,3.1565,3.165,3.165,3.1615,3.1615,14
2026-05-21 19:45:00,3.157,3.159,3.1545,3.158,3.162,3.164,3.1595,3.163,30
2026-05-21 19:46:00,3.159,3.159,3.1555,3.156,3.164,3.164,3.1605,3.161,31
2026-05-21 19:47:00,3.1555,3.156,3.154,3.154,3.1605,3.161,3.159,3.159,7
2026-05-21 19:48:00,3.155,3.156,3.153,3.154,3.16,3.161,3.158,3.159,17
2026-05-21 19:49:00,3.155,3.155,3.15,3.151,3.16,3.16,3.155,3.156,41
2026-05-21 19:50:00,3.152,3.152,3.151,3.152,3.157,3.157,3.156,3.157,44
2026-05-21 19:51:00,3.151,3.152,3.148,3.15,3.156,3.157,3.153,3.155,30
2026-05-21 19:52:00,3.149,3.151,3.149,3.151,3.154,3.156,3.154,3.156,5
2026-05-21 19:53:00,3.152,3.1525,3.15,3.151,3.157,3.1575,3.155,3.156,39
2026-05-21 19:54:00,3.1505,3.152,3.15,3.151,3.1555,3.157,3.155,3.156,11
2026-05-21 19:55:00,3.15,3.151,3.147,3.148,3.155,3.156,3.152,3.153,25
2026-05-21 19:56:00,3.1485,3.149,3.147,3.148,3.1535,3.154,3.152,3.153,22
2026-05-21 19:57:00,3.1475,3.149,3.147,3.149,3.1525,3.154,3.152,3.154,12
2026-05-21 19:58:00,3.148,3.149,3.148,3.149,3.153,3.154,3.153,3.154,17
2026-05-21 19:59:00,3.1485,3.1495,3.148,3.149,3.1535,3.1545,3.153,3.154,27
2026-05-21 20:00:00,3.15,3.15,3.141,3.142,3.155,3.155,3.146,3.147,49
2026-05-21 20:01:00,3.143,3.15,3.143,3.149,3.148,3.155,3.148,3.154,33
2026-05-21 20:02:00,3.15,3.15,3.146,3.146,3.155,3.155,3.151,3.151,20
2026-05-21 20:03:00,3.1465,3.149,3.145,3.147,3.1515,3.154,3.15,3.152,28
2026-05-21 20:04:00,3.148,3.15,3.147,3.1495,3.153,3.155,3.152,3.1545,32
2026-05-21 20:05:00,3.15,3.151,3.147,3.15,3.155,3.156,3.152,3.155,30
2026-05-21 20:06:00,3.149,3.15,3.146,3.147,3.154,3.155,3.151,3.152,27
2026-05-21 20:07:00,3.148,3.149,3.147,3.1485,3.153,3.154,3.152,3.1535,19
2026-05-21 20:08:00,3.149,3.149,3.1475,3.148,3.154,3.154,3.1525,3.153,6
2026-05-21 20:09:00,3.1475,3.148,3.147,3.148,3.1525,3.153,3.152,3.153,5
2026-05-21 20:10:00,3.149,3.15,3.147,3.15,3.154,3.155,3.152,3.155,16
2026-05-21 20:11:00,3.149,3.153,3.149,3.151,3.154,3.158,3.154,3.156,14
2026-05-21 20:12:00,3.152,3.152,3.1485,3.149,3.157,3.157,3.1535,3.154,12
2026-05-21 20:13:00,3.15,3.15,3.15,3.15,3.155,3.155,3.155,3.155,1
2026-05-21 20:14:00,3.151,3.154,3.15,3.15,3.156,3.159,3.155,3.155,46
2026-05-21 20:15:00,3.149,3.15,3.147,3.149,3.154,3.155,3.152,3.154,25
2026-05-21 20:16:00,3.1495,3.153,3.1495,3.151,3.1545,3.158,3.1545,3.156,9
2026-05-21 20:17:00,3.152,3.152,3.151,3.152,3.157,3.157,3.156,3.157,4
2026-05-21 20:18:00,3.153,3.153,3.15,3.15,3.158,3.158,3.155,3.155,17
2026-05-21 20:19:00,3.1505,3.153,3.15,3.153,3.1555,3.158,3.155,3.158,11
2026-05-21 20:20:00,3.152,3.156,3.152,3.155,3.157,3.161,3.157,3.16,22
2026-05-21 20:21:00,3.156,3.157,3.154,3.154,3.161,3.162,3.159,3.159,28
2026-05-21 20:22:00,3.155,3.156,3.154,3.155,3.16,3.161,3.159,3.16,13
2026-05-21 20:23:00,3.156,3.156,3.154,3.155,3.161,3.161,3.159,3.16,8
2026-05-21 20:24:00,3.154,3.156,3.153,3.154,3.159,3.161,3.158,3.159,14
2026-05-21 20:25:00,3.153,3.155,3.153,3.155,3.158,3.16,3.158,3.16,5
2026-05-21 20:26:00,3.156,3.158,3.156,3.157,3.161,3.163,3.161,3.162,11
2026-05-21 20:27:00,3.156,3.16,3.156,3.159,3.161,3.165,3.161,3.164,20
2026-05-21 20:28:00,3.158,3.159,3.151,3.153,3.163,3.164,3.156,3.158,78
2026-05-21 20:29:00,3.152,3.153,3.15,3.151,3.157,3.158,3.155,3.156,37
2026-05-21 20:30:00,3.15,3.153,3.147,3.1485,3.155,3.158,3.152,3.1535,45
2026-05-21 20:31:00,3.149,3.153,3.149,3.152,3.154,3.158,3.154,3.157,6
2026-05-21 20:32:00,3.151,3.151,3.1485,3.1495,3.156,3.156,3.1535,3.1545,16
2026-05-21 20:33:00,3.149,3.149,3.147,3.147,3.154,3.154,3.152,3.152,11
2026-05-21 20:34:00,3.1475,3.148,3.1465,3.147,3.1525,3.153,3.1515,3.152,9
2026-05-21 20:35:00,3.148,3.148,3.142,3.1445,3.153,3.153,3.147,3.1495,32
2026-05-21 20:36:00,3.144,3.144,3.1425,3.144,3.149,3.149,3.1475,3.149,11
2026-05-21 20:37:00,3.1445,3.145,3.144,3.1445,3.1495,3.15,3.149,3.1495,8
2026-05-21 20:38:00,3.144,3.145,3.142,3.142,3.149,3.15,3.147,3.147,18
2026-05-21 20:39:00,3.1425,3.143,3.1425,3.143,3.1475,3.148,3.1475,3.148,2
2026-05-21 20:40:00,3.142,3.144,3.141,3.143,3.147,3.149,3.146,3.148,25
2026-05-21 20:41:00,3.144,3.144,3.142,3.142,3.149,3.149,3.147,3.147,14
2026-05-21 20:42:00,3.1415,3.142,3.138,3.139,3.1465,3.147,3.143,3.144,25
2026-05-21 20:43:00,3.138,3.139,3.135,3.135,3.143,3.144,3.14,3.14,23
2026-05-21 20:44:00,3.1345,3.136,3.134,3.1345,3.1395,3.141,3.139,3.1395,22
2026-05-21 20:45:00,3.134,3.139,3.133,3.138,3.139,3.144,3.138,3.143,24
2026-05-21 20:46:00,3.1375,3.14,3.135,3.136,3.1425,3.145,3.14,3.141,14
2026-05-21 20:47:00,3.135,3.136,3.135,3.135,3.14,3.141,3.14,3.14,14
2026-05-21 20:48:00,3.1355,3.139,3.131,3.1385,3.1405,3.144,3.136,3.1435,85
2026-05-21 20:49:00,3.138,3.14,3.136,3.139,3.143,3.145,3.141,3.144,48
2026-05-21 20:50:00,3.14,3.141,3.1365,3.138,3.145,3.146,3.1415,3.143,35
2026-05-21 20:51:00,3.1375,3.138,3.135,3.136,3.1425,3.143,3.14,3.141,20
2026-05-21 20:52:00,3.1365,3.145,3.1355,3.1395,3.1415,3.15,3.1405,3.1445,102
2026-05-21 20:53:00,3.14,3.1405,3.139,3.1405,3.145,3.1455,3.144,3.1455,34
2026-05-21 20:54:00,3.14,3.142,3.137,3.142,3.145,3.147,3.142,3.147,40
2026-05-21 20:55:00,3.1415,3.143,3.139,3.1395,3.1465,3.148,3.144,3.1445,38
2026-05-21 20:56:00,3.139,3.1425,3.1385,3.1425,3.144,3.1475,3.1435,3.1475,10
2026-05-21 20:57:00,3.142,3.143,3.14,3.142,3.147,3.148,3.145,3.147,19
2026-05-21 20:58:00,3.1415,3.1425,3.1415,3.142,3.1465,3.1475,3.1465,3.147,8
2026-05-21 20:59:00,3.141,3.142,3.14,3.14,3.146,3.147,3.145,3.145,14
2026-05-21 21:00:00,3.1405,3.142,3.1385,3.141,3.1455,3.147,3.1435,3.146,16
2026-05-21 21:01:00,3.1415,3.143,3.141,3.142,3.1465,3.148,3.146,3.147,13
2026-05-21 21:02:00,3.141,3.142,3.1405,3.141,3.146,3.147,3.1455,3.146,6
2026-05-21 21:03:00,3.14,3.141,3.14,3.14,3.145,3.146,3.145,3.145,10
2026-05-21 21:04:00,3.141,3.141,3.139,3.139,3.146,3.146,3.144,3.144,6
2026-05-21 21:05:00,3.14,3.141,3.14,3.141,3.145,3.146,3.145,3.146,2
2026-05-21 21:06:00,3.1405,3.1405,3.135,3.1375,3.1455,3.1455,3.14,3.1425,26
2026-05-21 21:07:00,3.138,3.138,3.136,3.136,3.143,3.143,3.141,3.141,11
2026-05-21 21:08:00,3.135,3.135,3.1335,3.134,3.14,3.14,3.1385,3.139,16
2026-05-21 21:09:00,3.1335,3.1335,3.132,3.132,3.1385,3.1385,3.137,3.137,8
2026-05-21 21:10:00,3.131,3.132,3.13,3.131,3.136,3.137,3.135,3.136,9
2026-05-21 21:11:00,3.132,3.132,3.13,3.131,3.137,3.137,3.135,3.136,20
2026-05-21 21:12:00,3.1315,3.132,3.131,3.132,3.1365,3.137,3.136,3.137,4
2026-05-21 21:14:00,3.131,3.131,3.131,3.131,3.136,3.136,3.136,3.136,1
2026-05-21 21:15:00,3.132,3.132,3.13,3.1305,3.137,3.137,3.135,3.1355,16
2026-05-21 21:16:00,3.131,3.132,3.1305,3.131,3.136,3.137,3.1355,3.136,9
2026-05-21 21:17:00,3.1315,3.133,3.131,3.1315,3.1365,3.138,3.136,3.1365,13
2026-05-21 21:18:00,3.132,3.133,3.131,3.132,3.137,3.138,3.136,3.137,6
2026-05-21 21:19:00,3.1315,3.134,3.131,3.134,3.1365,3.139,3.136,3.139,16
2026-05-21 21:20:00,3.133,3.1355,3.133,3.134,3.138,3.1405,3.138,3.139,26
2026-05-21 21:21:00,3.1335,3.135,3.133,3.134,3.1385,3.14,3.138,3.139,15
2026-05-21 21:22:00,3.1355,3.1355,3.132,3.133,3.1405,3.1405,3.137,3.138,10
2026-05-21 21:23:00,3.132,3.133,3.132,3.133,3.137,3.138,3.137,3.138,3
2026-05-21 21:24:00,3.132,3.132,3.132,3.132,3.137,3.137,3.137,3.137,1
2026-05-21 21:25:00,3.1315,3.132,3.131,3.131,3.1365,3.137,3.136,3.136,13
2026-05-21 21:26:00,3.1315,3.1315,3.13,3.13,3.1365,3.1365,3.135,3.135,16
2026-05-21 21:27:00,3.1305,3.1305,3.13,3.13,3.1355,3.1355,3.135,3.135,4
2026-05-21 21:28:00,3.131,3.132,3.13,3.132,3.136,3.137,3.135,3.137,14
2026-05-21 21:29:00,3.133,3.133,3.132,3.132,3.138,3.138,3.137,3.137,16
2026-05-21 21:30:00,3.131,3.131,3.128,3.128,3.136,3.136,3.133,3.133,34
2026-05-21 21:31:00,3.1285,3.129,3.126,3.126,3.1335,3.134,3.131,3.131,42
2026-05-21 21:32:00,3.127,3.127,3.126,3.127,3.132,3.132,3.131,3.132,14
2026-05-21 21:33:00,3.128,3.128,3.127,3.127,3.133,3.133,3.132,3.132,6
2026-05-21 21:34:00,3.1275,3.128,3.1275,3.128,3.1325,3.133,3.1325,3.133,2
2026-05-21 21:35:00,3.127,3.1275,3.126,3.127,3.132,3.1325,3.131,3.132,17
2026-05-21 21:36:00,3.1275,3.128,3.127,3.127,3.1325,3.133,3.132,3.132,6
2026-05-21 21:37:00,3.1275,3.128,3.126,3.127,3.1325,3.133,3.131,3.132,8
2026-05-21 21:38:00,3.1275,3.129,3.1275,3.128,3.1325,3.134,3.1325,3.133,6
2026-05-21 21:39:00,3.1285,3.129,3.1285,3.129,3.1335,3.134,3.1335,3.134,2
2026-05-21 21:40:00,3.128,3.129,3.128,3.129,3.133,3.134,3.133,3.134,2
2026-05-21 21:41:00,3.1285,3.131,3.128,3.129,3.1335,3.136,3.133,3.134,8
2026-05-21 21:42:00,3.1295,3.13,3.127,3.129,3.1345,3.135,3.132,3.134,15
2026-05-21 21:43:00,3.1295,3.13,3.129,3.129,3.1345,3.135,3.134,3.134,13
2026-05-21 21:44:00,3.1295,3.13,3.128,3.129,3.1345,3.135,3.133,3.134,6
2026-05-21 21:45:00,3.1285,3.129,3.128,3.128,3.1335,3.134,3.133,3.133,4
2026-05-21 21:46:00,3.127,3.128,3.126,3.128,3.132,3.133,3.131,3.133,6
2026-05-21 21:47:00,3.129,3.129,3.128,3.128,3.134,3.134,3.133,3.133,4
2026-05-21 21:48:00,3.129,3.129,3.128,3.129,3.134,3.134,3.133,3.134,5
2026-05-21 21:49:00,3.1285,3.129,3.128,3.128,3.1335,3.134,3.133,3.133,4
2026-05-21 21:50:00,3.129,3.129,3.128,3.129,3.134,3.134,3.133,3.134,8
2026-05-21 21:51:00,3.128,3.129,3.128,3.129,3.133,3.134,3.133,3.134,3
2026-05-21 21:52:00,3.128,3.128,3.128,3.128,3.133,3.133,3.133,3.133,1
2026-05-21 21:53:00,3.129,3.13,3.128,3.129,3.134,3.135,3.133,3.134,13
2026-05-21 21:54:00,3.13,3.133,3.129,3.132,3.135,3.138,3.134,3.137,51
2026-05-21 21:55:00,3.1325,3.133,3.129,3.129,3.1375,3.138,3.134,3.134,20
2026-05-21 21:56:00,3.128,3.129,3.126,3.1285,3.133,3.134,3.131,3.1335,27
2026-05-21 21:57:00,3.128,3.128,3.126,3.126,3.133,3.133,3.131,3.131,13
2026-05-21 21:58:00,3.1265,3.1275,3.126,3.127,3.1315,3.1325,3.131,3.132,17
2026-05-21 21:59:00,3.1265,3.128,3.1265,3.127,3.1315,3.133,3.1315,3.132,5
2026-05-21 22:00:00,3.1275,3.128,3.126,3.127,3.1325,3.133,3.131,3.132,19
2026-05-21 22:01:00,3.1265,3.127,3.126,3.1265,3.1315,3.132,3.131,3.1315,17
2026-05-21 22:02:00,3.126,3.127,3.126,3.127,3.131,3.132,3.131,3.132,10
2026-05-21 22:03:00,3.1265,3.128,3.1265,3.128,3.1315,3.133,3.1315,3.133,8
2026-05-21 22:04:00,3.1275,3.128,3.127,3.1275,3.1325,3.133,3.132,3.1325,7
2026-05-21 22:05:00,3.127,3.127,3.126,3.126,3.132,3.132,3.131,3.131,13
2026-05-21 22:06:00,3.127,3.127,3.127,3.127,3.132,3.132,3.132,3.132,1
2026-05-21 22:07:00,3.1275,3.1275,3.125,3.125,3.1325,3.1325,3.13,3.13,6
2026-05-21 22:08:00,3.124,3.1245,3.1185,3.1195,3.129,3.1295,3.1235,3.1245,44
2026-05-21 22:09:00,3.12,3.12,3.118,3.118,3.125,3.125,3.123,3.123,26
2026-05-21 22:10:00,3.1185,3.1185,3.117,3.1175,3.1235,3.1235,3.122,3.1225,20
2026-05-21 22:11:00,3.118,3.118,3.117,3.1175,3.123,3.123,3.122,3.1225,8
2026-05-21 22:12:00,3.117,3.12,3.115,3.1195,3.122,3.125,3.12,3.1245,19
2026-05-21 22:13:00,3.119,3.1195,3.1185,3.1195,3.124,3.1245,3.1235,3.1245,10
2026-05-21 22:14:00,3.12,3.1205,3.1195,3.12,3.125,3.1255,3.1245,3.125,6
2026-05-21 22:15:00,3.1205,3.1205,3.119,3.119,3.1255,3.1255,3.124,3.124,5
2026-05-21 22:16:00,3.1195,3.12,3.119,3.12,3.1245,3.125,3.124,3.125,6
2026-05-21 22:17:00,3.1195,3.12,3.119,3.1195,3.1245,3.125,3.124,3.1245,7
2026-05-21 22:18:00,3.119,3.12,3.1185,3.12,3.124,3.125,3.1235,3.125,9
2026-05-21 22:19:00,3.1195,3.122,3.119,3.121,3.1245,3.127,3.124,3.126,7
2026-05-21 22:20:00,3.1215,3.122,3.119,3.1195,3.1265,3.127,3.124,3.1245,16
2026-05-21 22:21:00,3.119,3.1195,3.1185,3.1195,3.124,3.1245,3.1235,3.1245,17
2026-05-21 22:22:00,3.12,3.1205,3.12,3.1205,3.125,3.1255,3.125,3.1255,2
2026-05-21 22:23:00,3.121,3.122,3.121,3.121,3.126,3.127,3.126,3.126,9
2026-05-21 22:24:00,3.122,3.1225,3.121,3.1225,3.127,3.1275,3.126,3.1275,5
2026-05-21 22:25:00,3.123,3.123,3.122,3.122,3.128,3.128,3.127,3.127,13
2026-05-21 22:26:00,3.1225,3.1225,3.122,3.1225,3.1275,3.1275,3.127,3.1275,5
2026-05-21 22:27:00,3.123,3.123,3.1215,3.122,3.128,3.128,3.1265,3.127,6
2026-05-21 22:28:00,3.1225,3.1225,3.122,3.122,3.1275,3.1275,3.127,3.127,6
2026-05-21 22:29:00,3.1225,3.123,3.1215,3.122,3.1275,3.128,3.1265,3.127,20
2026-05-21 22:30:00,3.1215,3.122,3.121,3.121,3.1265,3.127,3.126,3.126,7
2026-05-21 22:32:00,3.1205,3.1215,3.12,3.121,3.1255,3.1265,3.125,3.126,7
2026-05-21 22:33:00,3.1205,3.122,3.1205,3.121,3.1255,3.127,3.1255,3.126,9
2026-05-21 22:34:00,3.1205,3.121,3.12,3.12,3.1255,3.126,3.125,3.125,4
2026-05-21 22:35:00,3.1205,3.1205,3.1205,3.1205,3.1255,3.1255,3.1255,3.1255,1
2026-05-21 22:36:00,3.12,3.1205,3.12,3.1205,3.125,3.1255,3.125,3.1255,2
2026-05-21 22:37:00,3.121,3.1215,3.121,3.121,3.126,3.1265,3.126,3.126,3
2026-05-21 22:38:00,3.1215,3.122,3.1215,3.122,3.1265,3.127,3.1265,3.127,2
2026-05-21 22:40:00,3.1225,3.123,3.1225,3.123,3.1275,3.128,3.1275,3.128,2
2026-05-21 22:41:00,3.1235,3.126,3.1235,3.1255,3.1285,3.131,3.1285,3.1305,10
2026-05-21 22:42:00,3.125,3.127,3.124,3.1245,3.13,3.132,3.129,3.1295,12
2026-05-21 22:43:00,3.125,3.1255,3.1245,3.125,3.13,3.1305,3.1295,3.13,8
2026-05-21 22:45:00,3.1255,3.127,3.125,3.127,3.1305,3.132,3.13,3.132,12
2026-05-21 22:47:00,3.1265,3.1265,3.126,3.1265,3.1315,3.1315,3.131,3.1315,5
2026-05-21 22:48:00,3.127,3.127,3.1265,3.127,3.132,3.132,3.1315,3.132,5
2026-05-21 22:49:00,3.1265,3.13,3.1265,3.129,3.1315,3.135,3.1315,3.134,13
2026-05-21 22:50:00,3.1285,3.129,3.1285,3.129,3.1335,3.134,3.1335,3.134,2
2026-05-21 22:51:00,3.13,3.1335,3.13,3.133,3.135,3.1385,3.135,3.138,15
2026-05-21 22:52:00,3.1325,3.133,3.132,3.1325,3.1375,3.138,3.137,3.1375,7
2026-05-21 22:53:00,3.132,3.1325,3.131,3.131,3.137,3.1375,3.136,3.136,10
2026-05-21 22:54:00,3.132,3.133,3.1315,3.133,3.137,3.138,3.1365,3.138,8
2026-05-21 22:55:00,3.1325,3.133,3.1315,3.132,3.1375,3.138,3.1365,3.137,5
2026-05-21 22:56:00,3.1315,3.136,3.1315,3.136,3.1365,3.141,3.1365,3.141,31
2026-05-21 22:57:00,3.1355,3.1365,3.134,3.135,3.1405,3.1415,3.139,3.14,16
2026-05-21 22:58:00,3.1345,3.1345,3.134,3.134,3.1395,3.1395,3.139,3.139,14
2026-05-21 22:59:00,3.135,3.1361,3.133,3.1346,3.14,3.1411,3.138,3.1396,24
2026-05-22 00:00:00,3.1306,3.1321,3.1296,3.1321,3.1356,3.1371,3.1346,3.1371,7
2026-05-22 00:02:00,3.1316,3.1316,3.1316,3.1316,3.1366,3.1366,3.1366,3.1366,1
2026-05-22 00:03:00,3.1311,3.1311,3.1311,3.1311,3.1361,3.1361,3.1361,3.1361,1
2026-05-22 00:04:00,3.1316,3.1316,3.1316,3.1316,3.1366,3.1366,3.1366,3.1366,1
2026-05-22 00:07:00,3.1321,3.1321,3.1311,3.1311,3.1371,3.1371,3.1361,3.1361,5
2026-05-22 00:08:00,3.1321,3.1321,3.1321,3.1321,3.1371,3.1371,3.1371,3.1371,1
2026-05-22 00:09:00,3.1311,3.1311,3.1311,3.1311,3.1361,3.1361,3.1361,3.1361,1
2026-05-22 00:10:00,3.1296,3.1306,3.1266,3.1306,3.1346,3.1356,3.1316,3.1356,11
2026-05-22 00:11:00,3.1301,3.1306,3.1296,3.1306,3.1351,3.1356,3.1346,3.1356,6
2026-05-22 00:12:00,3.1311,3.1311,3.1311,3.1311,3.1361,3.1361,3.1361,3.1361,1
2026-05-22 00:13:00,3.1316,3.1316,3.1316,3.1316,3.1366,3.1366,3.1366,3.1366,1
2026-05-22 00:15:00,3.1311,3.1326,3.1301,3.1326,3.1361,3.1376,3.1351,3.1376,4
2026-05-22 00:16:00,3.1331,3.1331,3.1331,3.1331,3.1381,3.1381,3.1381,3.1381,1
2026-05-22 00:17:00,3.1341,3.1341,3.1341,3.1341,3.1391,3.1391,3.1391,3.1391,1
2026-05-22 00:18:00,3.1336,3.1336,3.1331,3.1336,3.1386,3.1386,3.1381,3.1386,3
2026-05-22 00:19:00,3.1331,3.1331,3.1321,3.1326,3.1381,3.1381,3.1371,3.1376,3
2026-05-22 00:20:00,3.1321,3.1321,3.1321,3.1321,3.1371,3.1371,3.1371,3.1371,1
2026-05-22 00:23:00,3.1311,3.1311,3.1311,3.1311,3.1361,3.1361,3.1361,3.1361,1
2026-05-22 00:25:00,3.1316,3.1326,3.1316,3.1326,3.1366,3.1376,3.1366,3.1376,3
2026-05-22 00:28:00,3.1321,3.1326,3.1321,3.1326,3.1371,3.1376,3.1371,3.1376,2
2026-05-22 00:30:00,3.1321,3.1321,3.1321,3.1321,3.1371,3.1371,3.1371,3.1371,1
2026-05-22 00:35:00,3.1311,3.1316,3.1311,3.1316,3.1361,3.1366,3.1361,3.1366,2
2026-05-22 00:36:00,3.1326,3.1331,3.1321,3.1331,3.1376,3.1381,3.1371,3.1381,4
2026-05-22 00:37:00,3.1336,3.1336,3.1331,3.1331,3.1386,3.1386,3.1381,3.1381,2
2026-05-22 00:39:00,3.1336,3.1336,3.1336,3.1336,3.1386,3.1386,3.1386,3.1386,1
2026-05-22 00:40:00,3.1331,3.1331,3.1331,3.1331,3.1381,3.1381,3.1381,3.1381,1
2026-05-22 00:41:00,3.1336,3.1336,3.1336,3.1336,3.1386,3.1386,3.1386,3.1386,1
2026-05-22 00:43:00,3.1346,3.1346,3.1346,3.1346,3.1396,3.1396,3.1396,3.1396,1
2026-05-22 00:44:00,3.1341,3.1346,3.1341,3.1346,3.1391,3.1396,3.1391,3.1396,2
2026-05-22 00:45:00,3.1351,3.1351,3.1351,3.1351,3.1401,3.1401,3.1401,3.1401,1
2026-05-22 00:50:00,3.1341,3.1341,3.1336,3.1341,3.1391,3.1391,3.1386,3.1391,3
2026-05-22 00:55:00,3.1346,3.1346,3.1341,3.1341,3.1396,3.1396,3.1391,3.1391,2
2026-05-22 00:56:00,3.1331,3.1346,3.1331,3.1336,3.1381,3.1396,3.1381,3.1386,3
2026-05-22 00:57:00,3.1331,3.1331,3.1321,3.1326,3.1381,3.1381,3.1371,3.1376,4
2026-05-22 00:59:00,3.1321,3.1326,3.1321,3.1326,3.1371,3.1376,3.1371,3.1376,2
2026-05-22 01:00:00,3.1321,3.1321,3.1321,3.1321,3.1371,3.1371,3.1371,3.1371,1
2026-05-22 01:01:00,3.1311,3.1311,3.1311,3.1311,3.1361,3.1361,3.1361,3.1361,1
2026-05-22 01:02:00,3.1321,3.1321,3.1321,3.1321,3.1371,3.1371,3.1371,3.1371,1
2026-05-22 01:08:00,3.1326,3.1331,3.1326,3.1331,3.1376,3.1381,3.1376,3.1381,2
2026-05-22 01:12:00,3.1341,3.1341,3.1341,3.1341,3.1391,3.1391,3.1391,3.1391,1
2026-05-22 01:13:00,3.1336,3.1336,3.1336,3.1336,3.1386,3.1386,3.1386,3.1386,1
2026-05-22 01:14:00,3.1341,3.1341,3.1341,3.1341,3.1391,3.1391,3.1391,3.1391,1
2026-05-22 01:16:00,3.1351,3.1351,3.1351,3.1351,3.1401,3.1401,3.1401,3.1401,1
2026-05-22 01:17:00,3.1356,3.1356,3.1351,3.1351,3.1406,3.1406,3.1401,3.1401,2
2026-05-22 01:19:00,3.1356,3.1356,3.1356,3.1356,3.1406,3.1406,3.1406,3.1406,1
2026-05-22 01:21:00,3.1351,3.1351,3.1351,3.1351,3.1401,3.1401,3.1401,3.1401,1
2026-05-22 01:25:00,3.1356,3.1361,3.1351,3.1351,3.1406,3.1411,3.1401,3.1401,5
2026-05-22 01:26:00,3.1356,3.1366,3.1356,3.1361,3.1406,3.1416,3.1406,3.1411,4
2026-05-22 01:28:00,3.1366,3.1366,3.1361,3.1361,3.1416,3.1416,3.1411,3.1411,4
2026-05-22 01:29:00,3.1351,3.1351,3.1351,3.1351,3.1401,3.1401,3.1401,3.1401,1
2026-05-22 01:30:00,3.1356,3.1356,3.1356,3.1356,3.1406,3.1406,3.1406,3.1406,1
2026-05-22 01:31:00,3.1361,3.1361,3.1361,3.1361,3.1411,3.1411,3.1411,3.1411,1
2026-05-22 01:32:00,3.1366,3.1366,3.1361,3.1361,3.1416,3.1416,3.1411,3.1411,2
2026-05-22 01:33:00,3.1356,3.1356,3.1351,3.1351,3.1406,3.1406,3.1401,3.1401,4
2026-05-22 01:42:00,3.1341,3.1341,3.1341,3.1341,3.1391,3.1391,3.1391,3.1391,1
2026-05-22 01:44:00,3.1351,3.1351,3.1341,3.1341,3.1401,3.1401,3.1391,3.1391,2
2026-05-22 01:45:00,3.1331,3.1336,3.1331,3.1336,3.1381,3.1386,3.1381,3.1386,2
2026-05-22 01:47:00,3.1331,3.1331,3.1331,3.1331,3.1381,3.1381,3.1381,3.1381,1
2026-05-22 01:50:00,3.1341,3.1341,3.1341,3.1341,3.1391,3.1391,3.1391,3.1391,1
2026-05-22 01:51:00,3.1336,3.1341,3.1336,3.1341,3.1386,3.1391,3.1386,3.1391,2
2026-05-22 01:52:00,3.1331,3.1331,3.1331,3.1331,3.1381,3.1381,3.1381,3.1381,1
2026-05-22 01:53:00,3.1341,3.1341,3.1341,3.1341,3.1391,3.1391,3.1391,3.1391,1
2026-05-22 01:54:00,3.1331,3.1331,3.1331,3.1331,3.1381,3.1381,3.1381,3.1381,1
2026-05-22 01:55:00,3.1341,3.1341,3.1331,3.1331,3.1391,3.1391,3.1381,3.1381,5
2026-05-22 01:56:00,3.1336,3.1341,3.1336,3.1341,3.1386,3.1391,3.1386,3.1391,2
2026-05-22 01:57:00,3.1346,3.1346,3.1346,3.1346,3.1396,3.1396,3.1396,3.1396,1
2026-05-22 01:58:00,3.1351,3.1361,3.1301,3.1321,3.1401,3.1411,3.1351,3.1371,12
2026-05-22 01:59:00,3.1311,3.1321,3.1311,3.1316,3.1361,3.1371,3.1361,3.1366,7
2026-05-22 02:00:00,3.1321,3.1331,3.1316,3.1326,3.1371,3.1381,3.1366,3.1376,7
2026-05-22 02:01:00,3.1321,3.1326,3.1316,3.1326,3.1371,3.1376,3.1366,3.1376,6
2026-05-22 02:02:00,3.1321,3.1326,3.1316,3.1316,3.1371,3.1376,3.1366,3.1366,6
2026-05-22 02:03:00,3.1331,3.1336,3.1326,3.1331,3.1381,3.1386,3.1376,3.1381,6
2026-05-22 02:04:00,3.1336,3.1356,3.1336,3.1356,3.1386,3.1406,3.1386,3.1406,4
2026-05-22 02:05:00,3.1361,3.1371,3.1351,3.1351,3.1411,3.1421,3.1401,3.1401,8
2026-05-22 02:06:00,3.1341,3.1341,3.1321,3.1321,3.1391,3.1391,3.1371,3.1371,4
2026-05-22 02:07:00,3.1326,3.1341,3.1326,3.1326,3.1376,3.1391,3.1376,3.1376,6
2026-05-22 02:10:00,3.1321,3.1326,3.1311,3.1321,3.1371,3.1376,3.1361,3.1371,6
2026-05-22 02:11:00,3.1311,3.1321,3.1311,3.1321,3.1361,3.1371,3.1361,3.1371,3
2026-05-22 02:12:00,3.1316,3.1316,3.1316,3.1316,3.1366,3.1366,3.1366,3.1366,1
2026-05-22 02:13:00,3.1311,3.1311,3.1306,3.1306,3.1361,3.1361,3.1356,3.1356,4
2026-05-22 02:15:00,3.1311,3.1311,3.1311,3.1311,3.1361,3.1361,3.1361,3.1361,1
2026-05-22 02:16:00,3.1301,3.1301,3.1301,3.1301,3.1351,3.1351,3.1351,3.1351,1
2026-05-22 02:17:00,3.1306,3.1306,3.1306,3.1306,3.1356,3.1356,3.1356,3.1356,1
2026-05-22 02:18:00,3.1296,3.1311,3.1296,3.1306,3.1346,3.1361,3.1346,3.1356,4
2026-05-22 02:20:00,3.1311,3.1311,3.1311,3.1311,3.1361,3.1361,3.1361,3.1361,1
2026-05-22 02:21:00,3.1316,3.1326,3.1316,3.1326,3.1366,3.1376,3.1366,3.1376,2
2026-05-22 02:22:00,3.1321,3.1326,3.1321,3.1326,3.1371,3.1376,3.1371,3.1376,2
2026-05-22 02:24:00,3.1321,3.1336,3.1321,3.1336,3.1371,3.1386,3.1371,3.1386,3
2026-05-22 02:25:00,3.1331,3.1336,3.1331,3.1336,3.1381,3.1386,3.1381,3.1386,2
2026-05-22 02:26:00,3.1341,3.1341,3.1341,3.1341,3.1391,3.1391,3.1391,3.1391,1
2026-05-22 02:27:00,3.1331,3.1346,3.1331,3.1346,3.1381,3.1396,3.1381,3.1396,9
2026-05-22 02:29:00,3.1341,3.1341,3.1341,3.1341,3.1391,3.1391,3.1391,3.1391,1
2026-05-22 02:31:00,3.1331,3.1331,3.1331,3.1331,3.1381,3.1381,3.1381,3.1381,1
2026-05-22 02:33:00,3.1321,3.1326,3.1321,3.1326,3.1371,3.1376,3.1371,3.1376,2
2026-05-22 02:34:00,3.1331,3.1341,3.1331,3.1341,3.1381,3.1391,3.1381,3.1391,3
2026-05-22 02:35:00,3.1331,3.1331,3.1331,3.1331,3.1381,3.1381,3.1381,3.1381,1
2026-05-22 02:36:00,3.1321,3.1321,3.1321,3.1321,3.1371,3.1371,3.1371,3.1371,1
2026-05-22 02:37:00,3.1326,3.1326,3.1326,3.1326,3.1376,3.1376,3.1376,3.1376,1
2026-05-22 02:39:00,3.1321,3.1321,3.1321,3.1321,3.1371,3.1371,3.1371,3.1371,1
2026-05-22 02:40:00,3.1326,3.1326,3.1326,3.1326,3.1376,3.1376,3.1376,3.1376,1
2026-05-22 02:41:00,3.1321,3.1326,3.1321,3.1326,3.1371,3.1376,3.1371,3.1376,2
2026-05-22 02:42:00,3.1321,3.1336,3.1321,3.1336,3.1371,3.1386,3.1371,3.1386,6
2026-05-22 02:43:00,3.1331,3.1336,3.1331,3.1336,3.1381,3.1386,3.1381,3.1386,2
2026-05-22 02:44:00,3.1331,3.1331,3.1326,3.1326,3.1381,3.1381,3.1376,3.1376,2
2026-05-22 02:48:00,3.1331,3.1331,3.1331,3.1331,3.1381,3.1381,3.1381,3.1381,1
2026-05-22 02:49:00,3.1341,3.1341,3.1331,3.1331,3.1391,3.1391,3.1381,3.1381,4
2026-05-22 02:50:00,3.1321,3.1321,3.1316,3.1316,3.1371,3.1371,3.1366,3.1366,2
2026-05-22 02:51:00,3.1311,3.1311,3.1291,3.1301,3.1361,3.1361,3.1341,3.1351,4
2026-05-22 02:52:00,3.1296,3.1296,3.1291,3.1291,3.1346,3.1346,3.1341,3.1341,2
2026-05-22 02:53:00,3.1286,3.1286,3.1281,3.1281,3.1336,3.1336,3.1331,3.1331,2
2026-05-22 02:56:00,3.1276,3.1276,3.1271,3.1271,3.1326,3.1326,3.1321,3.1321,2
2026-05-22 02:57:00,3.1276,3.1281,3.1276,3.1281,3.1326,3.1331,3.1326,3.1331,2
2026-05-22 02:58:00,3.1271,3.1281,3.1251,3.1271,3.1321,3.1331,3.1301,3.1321,10
2026-05-22 02:59:00,3.1281,3.1281,3.1261,3.1271,3.1331,3.1331,3.1311,3.1321,8
2026-05-22 03:00:00,3.1266,3.1271,3.1261,3.1271,3.1316,3.1321,3.1311,3.1321,9
2026-05-22 03:01:00,3.1261,3.1271,3.1231,3.1241,3.1311,3.1321,3.1281,3.1291,30
2026-05-22 03:02:00,3.1231,3.1231,3.1221,3.1226,3.1281,3.1281,3.1271,3.1276,6
2026-05-22 03:03:00,3.1221,3.1221,3.1211,3.1221,3.1271,3.1271,3.1261,3.1271,6
2026-05-22 03:04:00,3.1231,3.1241,3.1216,3.1226,3.1281,3.1291,3.1266,3.1276,7
2026-05-22 03:05:00,3.1221,3.1226,3.1221,3.1221,3.1271,3.1276,3.1271,3.1271,9
2026-05-22 03:06:00,3.1226,3.1226,3.1201,3.1206,3.1276,3.1276,3.1251,3.1256,13
2026-05-22 03:07:00,3.1201,3.1206,3.1201,3.1206,3.1251,3.1256,3.1251,3.1256,2
2026-05-22 03:08:00,3.1201,3.1201,3.1191,3.1196,3.1251,3.1251,3.1241,3.1246,4
2026-05-22 03:09:00,3.1191,3.1211,3.1191,3.1211,3.1241,3.1261,3.1241,3.1261,5
2026-05-22 03:10:00,3.1221,3.1231,3.1221,3.1231,3.1271,3.1281,3.1271,3.1281,3
2026-05-22 03:11:00,3.1236,3.1241,3.1231,3.1231,3.1286,3.1291,3.1281,3.1281,5
2026-05-22 03:12:00,3.1236,3.1236,3.1236,3.1236,3.1286,3.1286,3.1286,3.1286,1
2026-05-22 03:13:00,3.1241,3.1241,3.1241,3.1241,3.1291,3.1291,3.1291,3.1291,1
2026-05-22 03:14:00,3.1231,3.1241,3.1231,3.1241,3.1281,3.1291,3.1281,3.1291,3
2026-05-22 03:15:00,3.1236,3.1251,3.1236,3.1251,3.1286,3.1301,3.1286,3.1301,8
2026-05-22 03:16:00,3.1256,3.1261,3.1256,3.1261,3.1306,3.1311,3.1306,3.1311,2
2026-05-22 03:17:00,3.1266,3.1266,3.1266,3.1266,3.1316,3.1316,3.1316,3.1316,1
2026-05-22 03:18:00,3.1271,3.1271,3.1271,3.1271,3.1321,3.1321,3.1321,3.1321,1
2026-05-22 03:19:00,3.1276,3.1276,3.1276,3.1276,3.1326,3.1326,3.1326,3.1326,1
2026-05-22 03:20:00,3.1271,3.1276,3.1261,3.1261,3.1321,3.1326,3.1311,3.1311,6
2026-05-22 03:21:00,3.1271,3.1271,3.1261,3.1271,3.1321,3.1321,3.1311,3.1321,4
2026-05-22 03:23:00,3.1281,3.1281,3.1281,3.1281,3.1331,3.1331,3.1331,3.1331,1
2026-05-22 03:24:00,3.1271,3.1281,3.1271,3.1276,3.1321,3.1331,3.1321,3.1326,6
2026-05-22 03:25:00,3.1281,3.1281,3.1276,3.1281,3.1331,3.1331,3.1326,3.1331,3
2026-05-22 03:26:00,3.1271,3.1271,3.1261,3.1261,3.1321,3.1321,3.1311,3.1311,3
2026-05-22 03:27:00,3.1266,3.1266,3.1266,3.1266,3.1316,3.1316,3.1316,3.1316,1
2026-05-22 03:28:00,3.1271,3.1276,3.1271,3.1271,3.1321,3.1326,3.1321,3.1321,3
2026-05-22 03:29:00,3.1266,3.1266,3.1266,3.1266,3.1316,3.1316,3.1316,3.1316,1
2026-05-22 03:31:00,3.1261,3.1261,3.1261,3.1261,3.1311,3.1311,3.1311,3.1311,1
2026-05-22 03:32:00,3.1251,3.1261,3.1251,3.1261,3.1301,3.1311,3.1301,3.1311,2
2026-05-22 03:33:00,3.1266,3.1271,3.1261,3.1271,3.1316,3.1321,3.1311,3.1321,3
2026-05-22 03:34:00,3.1276,3.1276,3.1276,3.1276,3.1326,3.1326,3.1326,3.1326,1
2026-05-22 03:35:00,3.1271,3.1276,3.1271,3.1271,3.1321,3.1326,3.1321,3.1321,3
2026-05-22 03:39:00,3.1276,3.1281,3.1271,3.1281,3.1326,3.1331,3.1321,3.1331,6
2026-05-22 03:40:00,3.1286,3.1286,3.1286,3.1286,3.1336,3.1336,3.1336,3.1336,1
2026-05-22 03:41:00,3.1281,3.1281,3.1281,3.1281,3.1331,3.1331,3.1331,3.1331,1
2026-05-22 03:43:00,3.1286,3.1291,3.1281,3.1291,3.1336,3.1341,3.1331,3.1341,4
2026-05-22 03:44:00,3.1281,3.1286,3.1281,3.1281,3.1331,3.1336,3.1331,3.1331,3
2026-05-22 03:47:00,3.1276,3.1281,3.1276,3.1281,3.1326,3.1331,3.1326,3.1331,2
2026-05-22 03:50:00,3.1276,3.1276,3.1271,3.1271,3.1326,3.1326,3.1321,3.1321,8
2026-05-22 03:51:00,3.1276,3.1281,3.1276,3.1281,3.1326,3.1331,3.1326,3.1331,2
2026-05-22 03:52:00,3.1286,3.1291,3.1286,3.1291,3.1336,3.1341,3.1336,3.1341,2
2026-05-22 03:53:00,3.1286,3.1291,3.1286,3.1291,3.1336,3.1341,3.1336,3.1341,2
2026-05-22 03:54:00,3.1281,3.1291,3.1281,3.1291,3.1331,3.1341,3.1331,3.1341,5
2026-05-22 03:55:00,3.1301,3.1301,3.1291,3.1296,3.1351,3.1351,3.1341,3.1346,5
2026-05-22 03:56:00,3.1291,3.1291,3.1281,3.1291,3.1341,3.1341,3.1331,3.1341,5
2026-05-22 03:57:00,3.1301,3.1301,3.1301,3.1301,3.1351,3.1351,3.1351,3.1351,1
2026-05-22 03:58:00,3.1311,3.1331,3.1296,3.1296,3.1361,3.1381,3.1346,3.1346,14
2026-05-22 03:59:00,3.1306,3.1311,3.1306,3.1311,3.1356,3.1361,3.1356,3.1361,2
2026-05-22 04:00:00,3.1306,3.1311,3.1301,3.1306,3.1356,3.1361,3.1351,3.1356,7
2026-05-22 04:01:00,3.1311,3.1311,3.1296,3.1296,3.1361,3.1361,3.1346,3.1346,3
2026-05-22 04:02:00,3.1301,3.1311,3.1296,3.1311,3.1351,3.1361,3.1346,3.1361,4
2026-05-22 04:03:00,3.1306,3.1306,3.1306,3.1306,3.1356,3.1356,3.1356,3.1356,1
2026-05-22 04:04:00,3.1311,3.1316,3.1311,3.1316,3.1361,3.1366,3.1361,3.1366,4
2026-05-22 04:05:00,3.1321,3.1321,3.1321,3.1321,3.1371,3.1371,3.1371,3.1371,1
2026-05-22 04:06:00,3.1316,3.1316,3.1311,3.1316,3.1366,3.1366,3.1361,3.1366,5
2026-05-22 04:07:00,3.1311,3.1316,3.1311,3.1311,3.1361,3.1366,3.1361,3.1361,3
2026-05-22 04:08:00,3.1316,3.1316,3.1316,3.1316,3.1366,3.1366,3.1366,3.1366,1
2026-05-22 04:09:00,3.1311,3.1316,3.1311,3.1316,3.1361,3.1366,3.1361,3.1366,4
2026-05-22 04:10:00,3.1311,3.1316,3.1311,3.1311,3.1361,3.1366,3.1361,3.1361,7
2026-05-22 04:11:00,3.1316,3.1316,3.1316,3.1316,3.1366,3.1366,3.1366,3.1366,1
2026-05-22 04:12:00,3.1321,3.1321,3.1321,3.1321,3.1371,3.1371,3.1371,3.1371,1
2026-05-22 04:13:00,3.1316,3.1316,3.1311,3.1316,3.1366,3.1366,3.1361,3.1366,5
2026-05-22 04:14:00,3.1311,3.1311,3.1311,3.1311,3.1361,3.1361,3.1361,3.1361,1
2026-05-22 04:15:00,3.1316,3.1316,3.1316,3.1316,3.1366,3.1366,3.1366,3.1366,1
2026-05-22 04:16:00,3.1321,3.1321,3.1311,3.1311,3.1371,3.1371,3.1361,3.1361,3
2026-05-22 04:17:00,3.1306,3.1306,3.1291,3.1291,3.1356,3.1356,3.1341,3.1341,4
2026-05-22 04:18:00,3.1296,3.1301,3.1296,3.1301,3.1346,3.1351,3.1346,3.1351,2
2026-05-22 04:19:00,3.1296,3.1296,3.1296,3.1296,3.1346,3.1346,3.1346,3.1346,1
2026-05-22 04:20:00,3.1291,3.1291,3.1291,3.1291,3.1341,3.1341,3.1341,3.1341,1
2026-05-22 04:21:00,3.1296,3.1296,3.1296,3.1296,3.1346,3.1346,3.1346,3.1346,1
2026-05-22 04:22:00,3.1301,3.1326,3.1301,3.1326,3.1351,3.1376,3.1351,3.1376,6
2026-05-22 04:26:00,3.1321,3.1321,3.1321,3.1321,3.1371,3.1371,3.1371,3.1371,1
2026-05-22 04:27:00,3.1326,3.1331,3.1326,3.1331,3.1376,3.1381,3.1376,3.1381,2
2026-05-22 04:28:00,3.1321,3.1321,3.1321,3.1321,3.1371,3.1371,3.1371,3.1371,1
2026-05-22 04:29:00,3.1331,3.1331,3.1331,3.1331,3.1381,3.1381,3.1381,3.1381,1
2026-05-22 04:30:00,3.1326,3.1331,3.1326,3.1331,3.1376,3.1381,3.1376,3.1381,2
2026-05-22 04:31:00,3.1326,3.1341,3.1326,3.1336,3.1376,3.1391,3.1376,3.1386,4
2026-05-22 04:32:00,3.1341,3.1341,3.1331,3.1331,3.1391,3.1391,3.1381,3.1381,2
2026-05-22 04:33:00,3.1336,3.1336,3.1331,3.1336,3.1386,3.1386,3.1381,3.1386,3
2026-05-22 04:34:00,3.1331,3.1341,3.1331,3.1341,3.1381,3.1391,3.1381,3.1391,3
2026-05-22 04:35:00,3.1336,3.1341,3.1336,3.1336,3.1386,3.1391,3.1386,3.1386,3
2026-05-22 04:36:00,3.1331,3.1331,3.1331,3.1331,3.1381,3.1381,3.1381,3.1381,1
2026-05-22 04:37:00,3.1326,3.1326,3.1326,3.1326,3.1376,3.1376,3.1376,3.1376,1
2026-05-22 04:38:00,3.1321,3.1326,3.1321,3.1326,3.1371,3.1376,3.1371,3.1376,2
2026-05-22 04:39:00,3.1321,3.1321,3.1321,3.1321,3.1371,3.1371,3.1371,3.1371,1
2026-05-22 04:40:00,3.1316,3.1316,3.1306,3.1316,3.1366,3.1366,3.1356,3.1366,4
2026-05-22 04:41:00,3.1311,3.1311,3.1311,3.1311,3.1361,3.1361,3.1361,3.1361,1
2026-05-22 04:42:00,3.1321,3.1321,3.1321,3.1321,3.1371,3.1371,3.1371,3.1371,1
2026-05-22 04:44:00,3.1316,3.1321,3.1316,3.1316,3.1366,3.1371,3.1366,3.1366,3
2026-05-22 04:45:00,3.1311,3.1311,3.1311,3.1311,3.1361,3.1361,3.1361,3.1361,1
2026-05-22 04:46:00,3.1321,3.1321,3.1316,3.1321,3.1371,3.1371,3.1366,3.1371,3
2026-05-22 04:47:00,3.1311,3.1311,3.1311,3.1311,3.1361,3.1361,3.1361,3.1361,1
2026-05-22 04:48:00,3.1316,3.1321,3.1311,3.1316,3.1366,3.1371,3.1361,3.1366,8
2026-05-22 04:49:00,3.1311,3.1316,3.1311,3.1316,3.1361,3.1366,3.1361,3.1366,2
2026-05-22 04:50:00,3.1321,3.1321,3.1321,3.1321,3.1371,3.1371,3.1371,3.1371,1
2026-05-22 04:51:00,3.1311,3.1321,3.1311,3.1321,3.1361,3.1371,3.1361,3.1371,3
2026-05-22 04:52:00,3.1331,3.1341,3.1331,3.1341,3.1381,3.1391,3.1381,3.1391,2
2026-05-22 04:54:00,3.1331,3.1341,3.1331,3.1341,3.1381,3.1391,3.1381,3.1391,3
2026-05-22 04:56:00,3.1331,3.1351,3.1331,3.1346,3.1381,3.1401,3.1381,3.1396,4
2026-05-22 04:57:00,3.1341,3.1341,3.1341,3.1341,3.1391,3.1391,3.1391,3.1391,1
2026-05-22 04:58:00,3.1331,3.1331,3.1326,3.1331,3.1381,3.1381,3.1376,3.1381,3
2026-05-22 05:00:00,3.1326,3.1331,3.1311,3.1321,3.1376,3.1381,3.1361,3.1371,7
2026-05-22 05:01:00,3.1331,3.1336,3.1321,3.1331,3.1381,3.1386,3.1371,3.1381,7
2026-05-22 05:04:00,3.1326,3.1326,3.1326,3.1326,3.1376,3.1376,3.1376,3.1376,1
2026-05-22 05:05:00,3.1321,3.1331,3.1321,3.1331,3.1371,3.1381,3.1371,3.1381,2
2026-05-22 05:06:00,3.1326,3.1326,3.1326,3.1326,3.1376,3.1376,3.1376,3.1376,1
2026-05-22 05:08:00,3.1331,3.1331,3.1321,3.1326,3.1381,3.1381,3.1371,3.1376,7
2026-05-22 05:09:00,3.1331,3.1331,3.1306,3.1316,3.1381,3.1381,3.1356,3.1366,9
2026-05-22 05:10:00,3.1321,3.1321,3.1321,3.1321,3.1371,3.1371,3.1371,3.1371,1
2026-05-22 05:11:00,3.1316,3.1321,3.1311,3.1311,3.1366,3.1371,3.1361,3.1361,3
2026-05-22 05:12:00,3.1321,3.1321,3.1306,3.1306,3.1371,3.1371,3.1356,3.1356,6
2026-05-22 05:13:00,3.1311,3.1316,3.1311,3.1311,3.1361,3.1366,3.1361,3.1361,3
2026-05-22 05:15:00,3.1301,3.1306,3.1301,3.1306,3.1351,3.1356,3.1351,3.1356,2
2026-05-22 05:16:00,3.1311,3.1311,3.1311,3.1311,3.1361,3.1361,3.1361,3.1361,1
2026-05-22 05:17:00,3.1306,3.1311,3.1306,3.1311,3.1356,3.1361,3.1356,3.1361,2
2026-05-22 05:18:00,3.1321,3.1321,3.1321,3.1321,3.1371,3.1371,3.1371,3.1371,1
2026-05-22 05:21:00,3.1331,3.1331,3.1331,3.1331,3.1381,3.1381,3.1381,3.1381,1
2026-05-22 05:22:00,3.1336,3.1336,3.1336,3.1336,3.1386,3.1386,3.1386,3.1386,1
2026-05-22 05:23:00,3.1341,3.1341,3.1341,3.1341,3.1391,3.1391,3.1391,3.1391,1
2026-05-22 05:26:00,3.1351,3.1351,3.1351,3.1351,3.1401,3.1401,3.1401,3.1401,1
2026-05-22 05:27:00,3.1341,3.1341,3.1341,3.1341,3.1391,3.1391,3.1391,3.1391,1
2026-05-22 05:29:00,3.1346,3.1346,3.1346,3.1346,3.1396,3.1396,3.1396,3.1396,1
2026-05-22 05:30:00,3.1361,3.1371,3.1331,3.1361,3.1411,3.1421,3.1381,3.1411,17
2026-05-22 05:31:00,3.1351,3.1351,3.1341,3.1341,3.1401,3.1401,3.1391,3.1391,2
2026-05-22 05:32:00,3.1336,3.1351,3.1336,3.1351,3.1386,3.1401,3.1386,3.1401,6
2026-05-22 05:33:00,3.1341,3.1341,3.1331,3.1341,3.1391,3.1391,3.1381,3.1391,4
2026-05-22 05:34:00,3.1351,3.1351,3.1331,3.1331,3.1401,3.1401,3.1381,3.1381,6
2026-05-22 05:35:00,3.1336,3.1336,3.1321,3.1321,3.1386,3.1386,3.1371,3.1371,3
2026-05-22 05:36:00,3.1316,3.1321,3.1311,3.1321,3.1366,3.1371,3.1361,3.1371,4
2026-05-22 05:37:00,3.1316,3.1316,3.1316,3.1316,3.1366,3.1366,3.1366,3.1366,1
2026-05-22 05:38:00,3.1321,3.1321,3.1321,3.1321,3.1371,3.1371,3.1371,3.1371,1
2026-05-22 05:39:00,3.1326,3.1331,3.1321,3.1331,3.1376,3.1381,3.1371,3.1381,4
2026-05-22 05:40:00,3.1336,3.1341,3.1336,3.1341,3.1386,3.1391,3.1386,3.1391,2
2026-05-22 05:41:00,3.1331,3.1341,3.1321,3.1331,3.1381,3.1391,3.1371,3.1381,9
2026-05-22 05:43:00,3.1326,3.1341,3.1321,3.1331,3.1376,3.1391,3.1371,3.1381,17
2026-05-22 05:45:00,3.1321,3.1331,3.1311,3.1321,3.1371,3.1381,3.1361,3.1371,8
2026-05-22 05:46:00,3.1331,3.1331,3.1321,3.1331,3.1381,3.1381,3.1371,3.1381,6
2026-05-22 05:48:00,3.1336,3.1341,3.1336,3.1341,3.1386,3.1391,3.1386,3.1391,2
2026-05-22 05:49:00,3.1336,3.1336,3.1321,3.1321,3.1386,3.1386,3.1371,3.1371,4
2026-05-22 05:50:00,3.1326,3.1326,3.1321,3.1321,3.1376,3.1376,3.1371,3.1371,2
2026-05-22 05:51:00,3.1326,3.1331,3.1326,3.1331,3.1376,3.1381,3.1376,3.1381,2
2026-05-22 05:52:00,3.1341,3.1341,3.1331,3.1331,3.1391,3.1391,3.1381,3.1381,3
2026-05-22 05:53:00,3.1341,3.1341,3.1336,3.1336,3.1391,3.1391,3.1386,3.1386,2
2026-05-22 05:55:00,3.1321,3.1321,3.1316,3.1316,3.1371,3.1371,3.1366,3.1366,2
2026-05-22 05:57:00,3.1306,3.1306,3.1306,3.1306,3.1356,3.1356,3.1356,3.1356,1
2026-05-22 05:58:00,3.1311,3.1321,3.1311,3.1321,3.1361,3.1371,3.1361,3.1371,2
2026-05-22 06:00:00,3.1316,3.1316,3.1316,3.1316,3.1366,3.1366,3.1366,3.1366,1
2026-05-22 06:01:00,3.1321,3.1321,3.1321,3.1321,3.1371,3.1371,3.1371,3.1371,1
2026-05-22 06:03:00,3.1331,3.1331,3.1321,3.1321,3.1381,3.1381,3.1371,3.1371,2
2026-05-22 06:04:00,3.1331,3.1331,3.1331,3.1331,3.1381,3.1381,3.1381,3.1381,1
2026-05-22 06:05:00,3.1321,3.1321,3.1311,3.1311,3.1371,3.1371,3.1361,3.1361,2
2026-05-22 06:06:00,3.1301,3.1321,3.1301,3.1321,3.1351,3.1371,3.1351,3.1371,3
2026-05-22 06:09:00,3.1316,3.1331,3.1316,3.1331,3.1366,3.1381,3.1366,3.1381,3
2026-05-22 06:13:00,3.1341,3.1341,3.1341,3.1341,3.1391,3.1391,3.1391,3.1391,1
2026-05-22 06:15:00,3.1331,3.1341,3.1331,3.1341,3.1381,3.1391,3.1381,3.1391,2
2026-05-22 06:16:00,3.1351,3.1351,3.1341,3.1341,3.1401,3.1401,3.1391,3.1391,4
2026-05-22 06:18:00,3.1331,3.1341,3.1331,3.1336,3.1381,3.1391,3.1381,3.1386,4
2026-05-22 06:19:00,3.1331,3.1361,3.1331,3.1361,3.1381,3.1411,3.1381,3.1411,7
2026-05-22 06:21:00,3.1351,3.1361,3.1351,3.1361,3.1401,3.1411,3.1401,3.1411,4
2026-05-22 06:24:00,3.1351,3.1351,3.1351,3.1351,3.1401,3.1401,3.1401,3.1401,1
2026-05-22 06:26:00,3.1356,3.1356,3.1351,3.1351,3.1406,3.1406,3.1401,3.1401,4
2026-05-22 06:27:00,3.1361,3.1361,3.1361,3.1361,3.1411,3.1411,3.1411,3.1411,1
2026-05-22 06:31:00,3.1351,3.1351,3.1341,3.1341,3.1401,3.1401,3.1391,3.1391,5
2026-05-22 06:32:00,3.1346,3.1351,3.1341,3.1351,3.1396,3.1401,3.1391,3.1401,3
2026-05-22 06:35:00,3.1346,3.1351,3.1341,3.1351,3.1396,3.1401,3.1391,3.1401,3
2026-05-22 06:36:00,3.1346,3.1346,3.1341,3.1341,3.1396,3.1396,3.1391,3.1391,2
2026-05-22 06:37:00,3.1351,3.1351,3.1346,3.1351,3.1401,3.1401,3.1396,3.1401,3
2026-05-22 06:42:00,3.1361,3.1361,3.1351,3.1356,3.1411,3.1411,3.1401,3.1406,3
2026-05-22 06:43:00,3.1351,3.1351,3.1351,3.1351,3.1401,3.1401,3.1401,3.1401,1
2026-05-22 06:47:00,3.1341,3.1341,3.1341,3.1341,3.1391,3.1391,3.1391,3.1391,1
2026-05-22 06:48:00,3.1331,3.1351,3.1331,3.1351,3.1381,3.1401,3.1381,3.1401,9
2026-05-22 06:49:00,3.1361,3.1381,3.1361,3.1371,3.1411,3.1431,3.1411,3.1421,8
2026-05-22 06:51:00,3.1381,3.1381,3.1381,3.1381,3.1431,3.1431,3.1431,3.1431,1
2026-05-22 06:52:00,3.1376,3.1376,3.1361,3.1371,3.1426,3.1426,3.1411,3.1421,4
2026-05-22 06:59:00,3.1381,3.1381,3.1381,3.1381,3.1431,3.1431,3.1431,3.1431,1
2026-05-22 07:01:00,3.1386,3.1391,3.1386,3.1391,3.1436,3.1441,3.1436,3.1441,4
2026-05-22 07:02:00,3.1401,3.1401,3.1401,3.1401,3.1451,3.1451,3.1451,3.1451,1
2026-05-22 07:03:00,3.1391,3.1391,3.1391,3.1391,3.1441,3.1441,3.1441,3.1441,1
2026-05-22 07:04:00,3.1381,3.1391,3.1381,3.1386,3.1431,3.1441,3.1431,3.1436,8
2026-05-22 07:05:00,3.1381,3.1381,3.1371,3.1371,3.1431,3.1431,3.1421,3.1421,3
2026-05-22 07:08:00,3.1376,3.1381,3.1376,3.1381,3.1426,3.1431,3.1426,3.1431,2
2026-05-22 07:09:00,3.1371,3.1371,3.1366,3.1366,3.1421,3.1421,3.1416,3.1416,2
2026-05-22 07:10:00,3.1371,3.1371,3.1371,3.1371,3.1421,3.1421,3.1421,3.1421,1
2026-05-22 07:11:00,3.1381,3.1381,3.1371,3.1381,3.1431,3.1431,3.1421,3.1431,7
2026-05-22 07:15:00,3.1376,3.1376,3.1371,3.1376,3.1426,3.1426,3.1421,3.1426,3
2026-05-22 07:16:00,3.1381,3.1381,3.1376,3.1381,3.1431,3.1431,3.1426,3.1431,3
2026-05-22 07:17:00,3.1376,3.1381,3.1371,3.1371,3.1426,3.1431,3.1421,3.1421,3
2026-05-22 07:18:00,3.1381,3.1381,3.1381,3.1381,3.1431,3.1431,3.1431,3.1431,1
2026-05-22 07:20:00,3.1376,3.1376,3.1371,3.1371,3.1426,3.1426,3.1421,3.1421,2
2026-05-22 07:21:00,3.1381,3.1381,3.1366,3.1366,3.1431,3.1431,3.1416,3.1416,3
2026-05-22 07:23:00,3.1371,3.1371,3.1371,3.1371,3.1421,3.1421,3.1421,3.1421,1
2026-05-22 07:24:00,3.1381,3.1381,3.1381,3.1381,3.1431,3.1431,3.1431,3.1431,1
2026-05-22 07:25:00,3.1371,3.1381,3.1371,3.1381,3.1421,3.1431,3.1421,3.1431,6
2026-05-22 07:31:00,3.1391,3.1401,3.1381,3.1401,3.1441,3.1451,3.1431,3.1451,5
2026-05-22 07:32:00,3.1411,3.1411,3.1411,3.1411,3.1461,3.1461,3.1461,3.1461,1
2026-05-22 07:33:00,3.1401,3.1411,3.1401,3.1411,3.1451,3.1461,3.1451,3.1461,3
2026-05-22 07:35:00,3.1401,3.1411,3.1401,3.1411,3.1451,3.1461,3.1451,3.1461,3
2026-05-22 07:36:00,3.1406,3.1406,3.1401,3.1401,3.1456,3.1456,3.1451,3.1451,2
2026-05-22 07:37:00,3.1396,3.1396,3.1376,3.1391,3.1446,3.1446,3.1426,3.1441,5
2026-05-22 07:38:00,3.1396,3.1396,3.1396,3.1396,3.1446,3.1446,3.1446,3.1446,1
2026-05-22 07:39:00,3.1391,3.1391,3.1391,3.1391,3.1441,3.1441,3.1441,3.1441,1
2026-05-22 07:40:00,3.1396,3.1396,3.1391,3.1391,3.1446,3.1446,3.1441,3.1441,4
2026-05-22 07:41:00,3.1396,3.1396,3.1386,3.1386,3.1446,3.1446,3.1436,3.1436,3
2026-05-22 07:42:00,3.1381,3.1381,3.1381,3.1381,3.1431,3.1431,3.1431,3.1431,1
2026-05-22 07:46:00,3.1376,3.1391,3.1371,3.1391,3.1426,3.1441,3.1421,3.1441,6
2026-05-22 07:47:00,3.1396,3.1396,3.1391,3.1391,3.1446,3.1446,3.1441,3.1441,2
2026-05-22 07:48:00,3.1396,3.1396,3.1391,3.1396,3.1446,3.1446,3.1441,3.1446,3
2026-05-22 07:49:00,3.1401,3.1401,3.1391,3.1396,3.1451,3.1451,3.1441,3.1446,3
2026-05-22 07:50:00,3.1391,3.1391,3.1391,3.1391,3.1441,3.1441,3.1441,3.1441,1
2026-05-22 07:51:00,3.1396,3.1411,3.1396,3.1406,3.1446,3.1461,3.1446,3.1456,8
2026-05-22 07:52:00,3.1401,3.1406,3.1401,3.1406,3.1451,3.1456,3.1451,3.1456,2
2026-05-22 07:53:00,3.1411,3.1411,3.1406,3.1411,3.1461,3.1461,3.1456,3.1461,3
2026-05-22 07:54:00,3.1401,3.1411,3.1401,3.1411,3.1451,3.1461,3.1451,3.1461,8
2026-05-22 07:56:00,3.1416,3.1426,3.1416,3.1421,3.1466,3.1476,3.1466,3.1471,3
2026-05-22 07:57:00,3.1416,3.1426,3.1416,3.1421,3.1466,3.1476,3.1466,3.1471,8
2026-05-22 07:58:00,3.1426,3.1426,3.1421,3.1421,3.1476,3.1476,3.1471,3.1471,8
2026-05-22 07:59:00,3.1411,3.1426,3.1411,3.1426,3.1461,3.1476,3.1461,3.1476,5
2026-05-22 08:00:00,3.1431,3.1431,3.1421,3.1431,3.1481,3.1481,3.1471,3.1481,8
2026-05-22 08:01:00,3.1421,3.1431,3.1421,3.1421,3.1471,3.1481,3.1471,3.1471,6
2026-05-22 08:02:00,3.1426,3.1426,3.1421,3.1421,3.1476,3.1476,3.1471,3.1471,8
2026-05-22 08:03:00,3.1426,3.1426,3.1421,3.1426,3.1476,3.1476,3.1471,3.1476,5
2026-05-22 08:04:00,3.1421,3.1421,3.1411,3.1421,3.1471,3.1471,3.1461,3.1471,3
2026-05-22 08:05:00,3.1416,3.1421,3.1416,3.1416,3.1466,3.1471,3.1466,3.1466,7
2026-05-22 08:06:00,3.1421,3.1421,3.1411,3.1416,3.1471,3.1471,3.1461,3.1466,7
2026-05-22 08:07:00,3.1421,3.1421,3.1416,3.1421,3.1471,3.1471,3.1466,3.1471,5
2026-05-22 08:09:00,3.1411,3.1416,3.1411,3.1416,3.1461,3.1466,3.1461,3.1466,2
2026-05-22 08:10:00,3.1421,3.1421,3.1416,3.1421,3.1471,3.1471,3.1466,3.1471,3
2026-05-22 08:11:00,3.1431,3.1431,3.1421,3.1421,3.1481,3.1481,3.1471,3.1471,4
2026-05-22 08:12:00,3.1411,3.1421,3.1411,3.1421,3.1461,3.1471,3.1461,3.1471,4
2026-05-22 08:13:00,3.1416,3.1416,3.1411,3.1411,3.1466,3.1466,3.1461,3.1461,2
2026-05-22 08:15:00,3.1406,3.1411,3.1401,3.1401,3.1456,3.1461,3.1451,3.1451,10
2026-05-22 08:16:00,3.1406,3.1411,3.1401,3.1411,3.1456,3.1461,3.1451,3.1461,7
2026-05-22 08:17:00,3.1416,3.1426,3.1416,3.1421,3.1466,3.1476,3.1466,3.1471,4
2026-05-22 08:18:00,3.1426,3.1441,3.1426,3.1441,3.1476,3.1491,3.1476,3.1491,6
2026-05-22 08:19:00,3.1431,3.1441,3.1431,3.1431,3.1481,3.1491,3.1481,3.1481,4
2026-05-22 08:20:00,3.1436,3.1441,3.1436,3.1436,3.1486,3.1491,3.1486,3.1486,5
2026-05-22 08:21:00,3.1431,3.1441,3.1431,3.1436,3.1481,3.1491,3.1481,3.1486,4
2026-05-22 08:22:00,3.1431,3.1431,3.1431,3.1431,3.1481,3.1481,3.1481,3.1481,1
2026-05-22 08:23:00,3.1436,3.1436,3.1431,3.1431,3.1486,3.1486,3.1481,3.1481,2
2026-05-22 08:24:00,3.1441,3.1441,3.1436,3.1441,3.1491,3.1491,3.1486,3.1491,3
2026-05-22 08:25:00,3.1436,3.1436,3.1431,3.1431,3.1486,3.1486,3.1481,3.1481,2
2026-05-22 08:26:00,3.1436,3.1436,3.1436,3.1436,3.1486,3.1486,3.1486,3.1486,1
2026-05-22 08:27:00,3.1431,3.1451,3.1431,3.1441,3.1481,3.1501,3.1481,3.1491,9
2026-05-22 08:28:00,3.1446,3.1446,3.1441,3.1441,3.1496,3.1496,3.1491,3.1491,2
2026-05-22 08:29:00,3.1446,3.1451,3.1421,3.1426,3.1496,3.1501,3.1471,3.1476,9
2026-05-22 08:30:00,3.1421,3.1441,3.1421,3.1441,3.1471,3.1491,3.1471,3.1491,5
2026-05-22 08:32:00,3.1436,3.1436,3.1431,3.1431,3.1486,3.1486,3.1481,3.1481,2
2026-05-22 08:39:00,3.1441,3.1451,3.1441,3.1451,3.1491,3.1501,3.1491,3.1501,6
2026-05-22 08:40:00,3.1446,3.1446,3.1441,3.1441,3.1496,3.1496,3.1491,3.1491,2
2026-05-22 08:41:00,3.1436,3.1441,3.1431,3.1441,3.1486,3.1491,3.1481,3.1491,5
2026-05-22 08:42:00,3.1451,3.1451,3.1441,3.1441,3.1501,3.1501,3.1491,3.1491,3
2026-05-22 08:43:00,3.1446,3.1446,3.1441,3.1441,3.1496,3.1496,3.1491,3.1491,2
2026-05-22 08:44:00,3.1446,3.1446,3.1441,3.1446,3.1496,3.1496,3.1491,3.1496,5
2026-05-22 08:45:00,3.1441,3.1441,3.1411,3.1411,3.1491,3.1491,3.1461,3.1461,6
2026-05-22 08:46:00,3.1401,3.1416,3.1396,3.1406,3.1451,3.1466,3.1446,3.1456,14
2026-05-22 08:47:00,3.1401,3.1416,3.1401,3.1416,3.1451,3.1466,3.1451,3.1466,5
2026-05-22 08:48:00,3.1411,3.1411,3.1411,3.1411,3.1461,3.1461,3.1461,3.1461,1
2026-05-22 08:49:00,3.1401,3.1401,3.1401,3.1401,3.1451,3.1451,3.1451,3.1451,1
2026-05-22 08:51:00,3.1391,3.1401,3.1391,3.1401,3.1441,3.1451,3.1441,3.1451,3
2026-05-22 08:52:00,3.1396,3.1401,3.1391,3.1401,3.1446,3.1451,3.1441,3.1451,3
2026-05-22 08:53:00,3.1411,3.1431,3.1411,3.1411,3.1461,3.1481,3.1461,3.1461,5
2026-05-22 08:54:00,3.1401,3.1421,3.1401,3.1411,3.1451,3.1471,3.1451,3.1461,4
2026-05-22 08:55:00,3.1421,3.1421,3.1396,3.1396,3.1471,3.1471,3.1446,3.1446,5
2026-05-22 08:56:00,3.1391,3.1401,3.1371,3.1371,3.1441,3.1451,3.1421,3.1421,9
2026-05-22 08:57:00,3.1361,3.1371,3.1361,3.1371,3.1411,3.1421,3.1411,3.1421,3
2026-05-22 08:59:00,3.1376,3.1381,3.1371,3.1376,3.1426,3.1431,3.1421,3.1426,7
2026-05-22 09:00:00,3.1371,3.1371,3.1351,3.1361,3.1421,3.1421,3.1401,3.1411,18
2026-05-22 09:01:00,3.1371,3.1371,3.1361,3.1366,3.1421,3.1421,3.1411,3.1416,5
2026-05-22 09:02:00,3.1371,3.1371,3.1361,3.1361,3.1421,3.1421,3.1411,3.1411,3
2026-05-22 09:03:00,3.1351,3.1361,3.1351,3.1361,3.1401,3.1411,3.1401,3.1411,2
2026-05-22 09:04:00,3.1356,3.1361,3.1346,3.1346,3.1406,3.1411,3.1396,3.1396,7
2026-05-22 09:05:00,3.1351,3.1351,3.1341,3.1351,3.1401,3.1401,3.1391,3.1401,9
2026-05-22 09:06:00,3.1356,3.1356,3.1351,3.1356,3.1406,3.1406,3.1401,3.1406,5
2026-05-22 09:07:00,3.1351,3.1356,3.1346,3.1346,3.1401,3.1406,3.1396,3.1396,6
2026-05-22 09:08:00,3.1341,3.1351,3.1331,3.1336,3.1391,3.1401,3.1381,3.1386,10
2026-05-22 09:09:00,3.1341,3.1341,3.1331,3.1331,3.1391,3.1391,3.1381,3.1381,5
2026-05-22 09:10:00,3.1336,3.1341,3.1336,3.1341,3.1386,3.1391,3.1386,3.1391,2
2026-05-22 09:11:00,3.1346,3.1371,3.1346,3.1356,3.1396,3.1421,3.1396,3.1406,10
2026-05-22 09:12:00,3.1361,3.1361,3.1341,3.1341,3.1411,3.1411,3.1391,3.1391,6
2026-05-22 09:13:00,3.1346,3.1346,3.1341,3.1346,3.1396,3.1396,3.1391,3.1396,3
2026-05-22 09:14:00,3.1341,3.1361,3.1336,3.1361,3.1391,3.1411,3.1386,3.1411,11
2026-05-22 09:15:00,3.1356,3.1361,3.1351,3.1356,3.1406,3.1411,3.1401,3.1406,4
2026-05-22 09:16:00,3.1361,3.1361,3.1351,3.1361,3.1411,3.1411,3.1401,3.1411,5
2026-05-22 09:17:00,3.1356,3.1356,3.1351,3.1356,3.1406,3.1406,3.1401,3.1406,3
2026-05-22 09:18:00,3.1361,3.1361,3.1356,3.1361,3.1411,3.1411,3.1406,3.1411,3
2026-05-22 09:19:00,3.1366,3.1396,3.1366,3.1386,3.1416,3.1446,3.1416,3.1436,13
2026-05-22 09:20:00,3.1381,3.1386,3.1381,3.1386,3.1431,3.1436,3.1431,3.1436,2
2026-05-22 09:21:00,3.1381,3.1386,3.1371,3.1371,3.1431,3.1436,3.1421,3.1421,4
2026-05-22 09:22:00,3.1361,3.1376,3.1356,3.1371,3.1411,3.1426,3.1406,3.1421,12
2026-05-22 09:23:00,3.1376,3.1376,3.1361,3.1361,3.1426,3.1426,3.1411,3.1411,8
2026-05-22 09:24:00,3.1366,3.1371,3.1361,3.1371,3.1416,3.1421,3.1411,3.1421,3
2026-05-22 09:25:00,3.1381,3.1386,3.1371,3.1386,3.1431,3.1436,3.1421,3.1436,6
2026-05-22 09:26:00,3.1381,3.1391,3.1371,3.1376,3.1431,3.1441,3.1421,3.1426,8
2026-05-22 09:27:00,3.1371,3.1376,3.1371,3.1371,3.1421,3.1426,3.1421,3.1421,5
2026-05-22 09:28:00,3.1376,3.1381,3.1371,3.1371,3.1426,3.1431,3.1421,3.1421,8
2026-05-22 09:29:00,3.1376,3.1381,3.1371,3.1381,3.1426,3.1431,3.1421,3.1431,4
2026-05-22 09:30:00,3.1386,3.1391,3.1381,3.1386,3.1436,3.1441,3.1431,3.1436,15
2026-05-22 09:31:00,3.1391,3.1401,3.1371,3.1381,3.1441,3.1451,3.1421,3.1431,12
2026-05-22 09:32:00,3.1391,3.1401,3.1391,3.1401,3.1441,3.1451,3.1441,3.1451,2
2026-05-22 09:33:00,3.1406,3.1421,3.1401,3.1421,3.1456,3.1471,3.1451,3.1471,18
2026-05-22 09:34:00,3.1416,3.1421,3.1411,3.1411,3.1466,3.1471,3.1461,3.1461,8
2026-05-22 09:35:00,3.1416,3.1421,3.1411,3.1421,3.1466,3.1471,3.1461,3.1471,5
2026-05-22 09:37:00,3.1411,3.1411,3.1411,3.1411,3.1461,3.1461,3.1461,3.1461,1
2026-05-22 09:38:00,3.1421,3.1421,3.1411,3.1421,3.1471,3.1471,3.1461,3.1471,8
2026-05-22 09:40:00,3.1416,3.1416,3.1401,3.1401,3.1466,3.1466,3.1451,3.1451,6
2026-05-22 09:41:00,3.1411,3.1411,3.1411,3.1411,3.1461,3.1461,3.1461,3.1461,1
2026-05-22 09:42:00,3.1401,3.1406,3.1401,3.1401,3.1451,3.1456,3.1451,3.1451,3
2026-05-22 09:44:00,3.1396,3.1401,3.1396,3.1396,3.1446,3.1451,3.1446,3.1446,3
2026-05-22 09:45:00,3.1401,3.1401,3.1401,3.1401,3.1451,3.1451,3.1451,3.1451,1
2026-05-22 09:47:00,3.1406,3.1431,3.1406,3.1421,3.1456,3.1481,3.1456,3.1471,6
2026-05-22 09:48:00,3.1411,3.1421,3.1411,3.1411,3.1461,3.1471,3.1461,3.1461,5
2026-05-22 09:50:00,3.1406,3.1411,3.1401,3.1401,3.1456,3.1461,3.1451,3.1451,6
2026-05-22 09:51:00,3.1391,3.1401,3.1391,3.1391,3.1441,3.1451,3.1441,3.1441,6
2026-05-22 09:52:00,3.1381,3.1411,3.1381,3.1406,3.1431,3.1461,3.1431,3.1456,6
2026-05-22 09:53:00,3.1401,3.1411,3.1401,3.1411,3.1451,3.1461,3.1451,3.1461,5
2026-05-22 09:55:00,3.1421,3.1421,3.1411,3.1411,3.1471,3.1471,3.1461,3.1461,6
2026-05-22 09:56:00,3.1416,3.1416,3.1411,3.1411,3.1466,3.1466,3.1461,3.1461,2
2026-05-22 09:57:00,3.1406,3.1406,3.1401,3.1401,3.1456,3.1456,3.1451,3.1451,6
2026-05-22 09:58:00,3.1411,3.1416,3.1406,3.1416,3.1461,3.1466,3.1456,3.1466,4
2026-05-22 09:59:00,3.1411,3.1411,3.1401,3.1406,3.1461,3.1461,3.1451,3.1456,4
2026-05-22 10:00:00,3.1401,3.1401,3.1396,3.1401,3.1451,3.1451,3.1446,3.1451,7
2026-05-22 10:01:00,3.1411,3.1411,3.1406,3.1411,3.1461,3.1461,3.1456,3.1461,3
2026-05-22 10:03:00,3.1416,3.1416,3.1411,3.1411,3.1466,3.1466,3.1461,3.1461,2
2026-05-22 10:04:00,3.1401,3.1411,3.1401,3.1406,3.1451,3.1461,3.1451,3.1456,7
2026-05-22 10:05:00,3.1411,3.1416,3.1391,3.1411,3.1461,3.1466,3.1441,3.1461,10
2026-05-22 10:06:00,3.1401,3.1411,3.1401,3.1406,3.1451,3.1461,3.1451,3.1456,7
2026-05-22 10:07:00,3.1411,3.1411,3.1411,3.1411,3.1461,3.1461,3.1461,3.1461,1
2026-05-22 10:08:00,3.1401,3.1411,3.1401,3.1411,3.1451,3.1461,3.1451,3.1461,9
2026-05-22 10:09:00,3.1401,3.1411,3.1376,3.1401,3.1451,3.1461,3.1426,3.1451,16
2026-05-22 10:10:00,3.1411,3.1411,3.1411,3.1411,3.1461,3.1461,3.1461,3.1461,1
2026-05-22 10:11:00,3.1401,3.1406,3.1401,3.1406,3.1451,3.1456,3.1451,3.1456,4
2026-05-22 10:12:00,3.1411,3.1411,3.1401,3.1401,3.1461,3.1461,3.1451,3.1451,2
2026-05-22 10:15:00,3.1396,3.1396,3.1381,3.1386,3.1446,3.1446,3.1431,3.1436,12
2026-05-22 10:16:00,3.1391,3.1391,3.1386,3.1391,3.1441,3.1441,3.1436,3.1441,3
2026-05-22 10:17:00,3.1386,3.1391,3.1381,3.1381,3.1436,3.1441,3.1431,3.1431,8
2026-05-22 10:18:00,3.1386,3.1391,3.1381,3.1381,3.1436,3.1441,3.1431,3.1431,5
2026-05-22 10:19:00,3.1391,3.1401,3.1386,3.1401,3.1441,3.1451,3.1436,3.1451,7
2026-05-22 10:20:00,3.1391,3.1401,3.1391,3.1396,3.1441,3.1451,3.1441,3.1446,15
2026-05-22 10:21:00,3.1391,3.1421,3.1391,3.1421,3.1441,3.1471,3.1441,3.1471,19
2026-05-22 10:22:00,3.1431,3.1441,3.1386,3.1386,3.1481,3.1491,3.1436,3.1436,11
2026-05-22 10:23:00,3.1391,3.1391,3.1381,3.1381,3.1441,3.1441,3.1431,3.1431,2
2026-05-22 10:24:00,3.1391,3.1391,3.1376,3.1381,3.1441,3.1441,3.1426,3.1431,5
2026-05-22 10:25:00,3.1391,3.1391,3.1391,3.1391,3.1441,3.1441,3.1441,3.1441,1
2026-05-22 10:26:00,3.1396,3.1411,3.1391,3.1401,3.1446,3.1461,3.1441,3.1451,10
2026-05-22 10:27:00,3.1391,3.1411,3.1391,3.1411,3.1441,3.1461,3.1441,3.1461,5
2026-05-22 10:28:00,3.1401,3.1411,3.1401,3.1406,3.1451,3.1461,3.1451,3.1456,3
2026-05-22 10:29:00,3.1401,3.1426,3.1401,3.1421,3.1451,3.1476,3.1451,3.1471,15
2026-05-22 10:30:00,3.1416,3.1431,3.1416,3.1426,3.1466,3.1481,3.1466,3.1476,8
2026-05-22 10:31:00,3.1431,3.1431,3.1411,3.1421,3.1481,3.1481,3.1461,3.1471,10
2026-05-22 10:32:00,3.1426,3.1431,3.1411,3.1416,3.1476,3.1481,3.1461,3.1466,12
2026-05-22 10:33:00,3.1421,3.1421,3.1401,3.1401,3.1471,3.1471,3.1451,3.1451,6
2026-05-22 10:34:00,3.1406,3.1451,3.1406,3.1441,3.1456,3.1501,3.1456,3.1491,19
2026-05-22 10:35:00,3.1436,3.1451,3.1431,3.1431,3.1486,3.1501,3.1481,3.1481,7
2026-05-22 10:36:00,3.1421,3.1431,3.1421,3.1421,3.1471,3.1481,3.1471,3.1471,5
2026-05-22 10:37:00,3.1411,3.1421,3.1411,3.1416,3.1461,3.1471,3.1461,3.1466,5
2026-05-22 10:38:00,3.1411,3.1416,3.1406,3.1406,3.1461,3.1466,3.1456,3.1456,20
2026-05-22 10:39:00,3.1411,3.1411,3.1411,3.1411,3.1461,3.1461,3.1461,3.1461,1
2026-05-22 10:40:00,3.1416,3.1416,3.1401,3.1411,3.1466,3.1466,3.1451,3.1461,4
2026-05-22 10:41:00,3.1421,3.1421,3.1411,3.1411,3.1471,3.1471,3.1461,3.1461,10
2026-05-22 10:43:00,3.1416,3.1416,3.1411,3.1411,3.1466,3.1466,3.1461,3.1461,2
2026-05-22 10:44:00,3.1421,3.1421,3.1381,3.1391,3.1471,3.1471,3.1431,3.1441,10
2026-05-22 10:45:00,3.1401,3.1411,3.1401,3.1411,3.1451,3.1461,3.1451,3.1461,5
2026-05-22 10:46:00,3.1406,3.1406,3.1391,3.1391,3.1456,3.1456,3.1441,3.1441,4
2026-05-22 10:47:00,3.1396,3.1401,3.1396,3.1401,3.1446,3.1451,3.1446,3.1451,2
2026-05-22 10:48:00,3.1396,3.1401,3.1396,3.1401,3.1446,3.1451,3.1446,3.1451,2
2026-05-22 10:50:00,3.1391,3.1391,3.1381,3.1381,3.1441,3.1441,3.1431,3.1431,2
2026-05-22 10:51:00,3.1376,3.1381,3.1376,3.1376,3.1426,3.1431,3.1426,3.1426,5
2026-05-22 10:52:00,3.1381,3.1381,3.1371,3.1371,3.1431,3.1431,3.1421,3.1421,7
2026-05-22 10:53:00,3.1361,3.1386,3.1361,3.1371,3.1411,3.1436,3.1411,3.1421,17
2026-05-22 10:54:00,3.1366,3.1371,3.1366,3.1371,3.1416,3.1421,3.1416,3.1421,6
2026-05-22 10:55:00,3.1366,3.1366,3.1351,3.1356,3.1416,3.1416,3.1401,3.1406,6
2026-05-22 10:56:00,3.1351,3.1361,3.1351,3.1351,3.1401,3.1411,3.1401,3.1401,6
2026-05-22 10:58:00,3.1341,3.1341,3.1341,3.1341,3.1391,3.1391,3.1391,3.1391,1
2026-05-22 10:59:00,3.1331,3.1351,3.1331,3.1346,3.1381,3.1401,3.1381,3.1396,5
2026-05-22 11:00:00,3.1351,3.1361,3.1351,3.1361,3.1401,3.1411,3.1401,3.1411,2
2026-05-22 11:01:00,3.1366,3.1371,3.1361,3.1361,3.1416,3.1421,3.1411,3.1411,5
2026-05-22 11:02:00,3.1356,3.1361,3.1356,3.1361,3.1406,3.1411,3.1406,3.1411,2
2026-05-22 11:03:00,3.1356,3.1361,3.1356,3.1361,3.1406,3.1411,3.1406,3.1411,2
2026-05-22 11:04:00,3.1356,3.1361,3.1336,3.1336,3.1406,3.1411,3.1386,3.1386,8
2026-05-22 11:05:00,3.1321,3.1321,3.1301,3.1321,3.1371,3.1371,3.1351,3.1371,17
2026-05-22 11:06:00,3.1331,3.1331,3.1316,3.1331,3.1381,3.1381,3.1366,3.1381,11
2026-05-22 11:07:00,3.1321,3.1321,3.1321,3.1321,3.1371,3.1371,3.1371,3.1371,1
2026-05-22 11:08:00,3.1326,3.1341,3.1321,3.1341,3.1376,3.1391,3.1371,3.1391,6
2026-05-22 11:09:00,3.1346,3.1346,3.1341,3.1341,3.1396,3.1396,3.1391,3.1391,4
2026-05-22 11:10:00,3.1346,3.1346,3.1336,3.1341,3.1396,3.1396,3.1386,3.1391,4
2026-05-22 11:11:00,3.1351,3.1351,3.1341,3.1341,3.1401,3.1401,3.1391,3.1391,2
2026-05-22 11:12:00,3.1346,3.1346,3.1346,3.1346,3.1396,3.1396,3.1396,3.1396,1
2026-05-22 11:13:00,3.1341,3.1341,3.1341,3.1341,3.1391,3.1391,3.1391,3.1391,1
2026-05-22 11:15:00,3.1346,3.1401,3.1346,3.1381,3.1396,3.1451,3.1396,3.1431,66
2026-05-22 11:16:00,3.1376,3.1386,3.1371,3.1381,3.1426,3.1436,3.1421,3.1431,12
2026-05-22 11:17:00,3.1386,3.1391,3.1381,3.1391,3.1436,3.1441,3.1431,3.1441,5
2026-05-22 11:18:00,3.1381,3.1391,3.1376,3.1386,3.1431,3.1441,3.1426,3.1436,6
2026-05-22 11:19:00,3.1391,3.1391,3.1381,3.1386,3.1441,3.1441,3.1431,3.1436,14
2026-05-22 11:21:00,3.1381,3.1381,3.1381,3.1381,3.1431,3.1431,3.1431,3.1431,1
2026-05-22 11:22:00,3.1376,3.1381,3.1371,3.1371,3.1426,3.1431,3.1421,3.1421,4
2026-05-22 11:23:00,3.1381,3.1381,3.1371,3.1381,3.1431,3.1431,3.1421,3.1431,3
2026-05-22 11:25:00,3.1391,3.1411,3.1381,3.1401,3.1441,3.1461,3.1431,3.1451,6
2026-05-22 11:26:00,3.1391,3.1411,3.1391,3.1411,3.1441,3.1461,3.1441,3.1461,5
2026-05-22 11:27:00,3.1406,3.1406,3.1401,3.1406,3.1456,3.1456,3.1451,3.1456,3
2026-05-22 11:28:00,3.1401,3.1401,3.1381,3.1386,3.1451,3.1451,3.1431,3.1436,10
2026-05-22 11:29:00,3.1391,3.1401,3.1381,3.1381,3.1441,3.1451,3.1431,3.1431,5
2026-05-22 11:32:00,3.1371,3.1381,3.1371,3.1371,3.1421,3.1431,3.1421,3.1421,3
2026-05-22 11:33:00,3.1366,3.1366,3.1361,3.1366,3.1416,3.1416,3.1411,3.1416,3
2026-05-22 11:34:00,3.1361,3.1361,3.1361,3.1361,3.1411,3.1411,3.1411,3.1411,1
2026-05-22 11:35:00,3.1366,3.1371,3.1361,3.1371,3.1416,3.1421,3.1411,3.1421,10
2026-05-22 11:36:00,3.1366,3.1371,3.1361,3.1361,3.1416,3.1421,3.1411,3.1411,9
2026-05-22 11:37:00,3.1371,3.1371,3.1361,3.1361,3.1421,3.1421,3.1411,3.1411,9
2026-05-22 11:38:00,3.1351,3.1361,3.1341,3.1361,3.1401,3.1411,3.1391,3.1411,6
2026-05-22 11:39:00,3.1371,3.1371,3.1361,3.1371,3.1421,3.1421,3.1411,3.1421,6
2026-05-22 11:40:00,3.1381,3.1391,3.1381,3.1381,3.1431,3.1441,3.1431,3.1431,3
2026-05-22 11:41:00,3.1391,3.1406,3.1381,3.1406,3.1441,3.1456,3.1431,3.1456,7
2026-05-22 11:42:00,3.1411,3.1421,3.1411,3.1411,3.1461,3.1471,3.1461,3.1461,4
2026-05-22 11:43:00,3.1421,3.1421,3.1411,3.1416,3.1471,3.1471,3.1461,3.1466,6
2026-05-22 11:44:00,3.1411,3.1421,3.1411,3.1421,3.1461,3.1471,3.1461,3.1471,2
2026-05-22 11:45:00,3.1416,3.1446,3.1411,3.1441,3.1466,3.1496,3.1461,3.1491,9
2026-05-22 11:46:00,3.1431,3.1431,3.1411,3.1411,3.1481,3.1481,3.1461,3.1461,5
2026-05-22 11:47:00,3.1421,3.1421,3.1411,3.1411,3.1471,3.1471,3.1461,3.1461,3
2026-05-22 11:51:00,3.1421,3.1421,3.1421,3.1421,3.1471,3.1471,3.1471,3.1471,1
2026-05-22 11:53:00,3.1411,3.1411,3.1401,3.1411,3.1461,3.1461,3.1451,3.1461,3
2026-05-22 11:54:00,3.1421,3.1421,3.1421,3.1421,3.1471,3.1471,3.1471,3.1471,1
2026-05-22 11:55:00,3.1411,3.1421,3.1411,3.1421,3.1461,3.1471,3.1461,3.1471,4
2026-05-22 11:56:00,3.1431,3.1431,3.1421,3.1421,3.1481,3.1481,3.1471,3.1471,4
2026-05-22 11:58:00,3.1411,3.1421,3.1411,3.1421,3.1461,3.1471,3.1461,3.1471,2
2026-05-22 11:59:00,3.1411,3.1421,3.1411,3.1421,3.1461,3.1471,3.1461,3.1471,2
2026-05-22 12:00:00,3.1416,3.1416,3.1406,3.1411,3.1466,3.1466,3.1456,3.1461,6
2026-05-22 12:03:00,3.1421,3.1421,3.1401,3.1411,3.1471,3.1471,3.1451,3.1461,5
2026-05-22 12:04:00,3.1401,3.1411,3.1391,3.1391,3.1451,3.1461,3.1441,3.1441,10
2026-05-22 12:05:00,3.1381,3.1391,3.1381,3.1381,3.1431,3.1441,3.1431,3.1431,3
2026-05-22 12:06:00,3.1371,3.1391,3.1371,3.1391,3.1421,3.1441,3.1421,3.1441,3
2026-05-22 12:07:00,3.1386,3.1386,3.1381,3.1381,3.1436,3.1436,3.1431,3.1431,2
2026-05-22 12:09:00,3.1391,3.1401,3.1391,3.1391,3.1441,3.1451,3.1441,3.1441,4
2026-05-22 12:10:00,3.1386,3.1386,3.1321,3.1326,3.1436,3.1436,3.1371,3.1376,22
2026-05-22 12:11:00,3.1321,3.1331,3.1321,3.1331,3.1371,3.1381,3.1371,3.1381,10
2026-05-22 12:12:00,3.1326,3.1326,3.1321,3.1326,3.1376,3.1376,3.1371,3.1376,5
2026-05-22 12:13:00,3.1321,3.1321,3.1311,3.1311,3.1371,3.1371,3.1361,3.1361,6
2026-05-22 12:14:00,3.1321,3.1336,3.1321,3.1326,3.1371,3.1386,3.1371,3.1376,5
2026-05-22 12:15:00,3.1321,3.1321,3.1316,3.1321,3.1371,3.1371,3.1366,3.1371,3
2026-05-22 12:16:00,3.1316,3.1321,3.1311,3.1311,3.1366,3.1371,3.1361,3.1361,4
2026-05-22 12:19:00,3.1321,3.1321,3.1321,3.1321,3.1371,3.1371,3.1371,3.1371,1
2026-05-22 12:20:00,3.1311,3.1321,3.1311,3.1321,3.1361,3.1371,3.1361,3.1371,3
2026-05-22 12:21:00,3.1326,3.1331,3.1321,3.1321,3.1376,3.1381,3.1371,3.1371,7
2026-05-22 12:22:00,3.1316,3.1321,3.1316,3.1321,3.1366,3.1371,3.1366,3.1371,2
2026-05-22 12:24:00,3.1326,3.1331,3.1326,3.1331,3.1376,3.1381,3.1376,3.1381,2
2026-05-22 12:25:00,3.1321,3.1351,3.1321,3.1351,3.1371,3.1401,3.1371,3.1401,16
2026-05-22 12:26:00,3.1346,3.1361,3.1341,3.1341,3.1396,3.1411,3.1391,3.1391,9
2026-05-22 12:28:00,3.1351,3.1351,3.1331,3.1336,3.1401,3.1401,3.1381,3.1386,6
2026-05-22 12:29:00,3.1341,3.1361,3.1341,3.1351,3.1391,3.1411,3.1391,3.1401,11
2026-05-22 12:30:00,3.1356,3.1356,3.1311,3.1311,3.1406,3.1406,3.1361,3.1361,7
2026-05-22 12:31:00,3.1316,3.1321,3.1311,3.1316,3.1366,3.1371,3.1361,3.1366,8
2026-05-22 12:32:00,3.1321,3.1326,3.1316,3.1316,3.1371,3.1376,3.1366,3.1366,4
2026-05-22 12:33:00,3.1311,3.1311,3.1311,3.1311,3.1361,3.1361,3.1361,3.1361,1
2026-05-22 12:34:00,3.1306,3.1311,3.1306,3.1311,3.1356,3.1361,3.1356,3.1361,2
2026-05-22 12:35:00,3.1301,3.1311,3.1301,3.1301,3.1351,3.1361,3.1351,3.1351,5
2026-05-22 12:36:00,3.1311,3.1321,3.1311,3.1311,3.1361,3.1371,3.1361,3.1361,5
2026-05-22 12:38:00,3.1301,3.1311,3.1301,3.1306,3.1351,3.1361,3.1351,3.1356,5
2026-05-22 12:39:00,3.1301,3.1311,3.1301,3.1306,3.1351,3.1361,3.1351,3.1356,3
2026-05-22 12:40:00,3.1311,3.1311,3.1306,3.1311,3.1361,3.1361,3.1356,3.1361,3
2026-05-22 12:42:00,3.1321,3.1321,3.1301,3.1301,3.1371,3.1371,3.1351,3.1351,3
2026-05-22 12:43:00,3.1291,3.1301,3.1291,3.1291,3.1341,3.1351,3.1341,3.1341,3
2026-05-22 12:44:00,3.1281,3.1281,3.1261,3.1271,3.1331,3.1331,3.1311,3.1321,7
2026-05-22 12:45:00,3.1281,3.1281,3.1271,3.1271,3.1331,3.1331,3.1321,3.1321,3
2026-05-22 12:46:00,3.1261,3.1271,3.1261,3.1266,3.1311,3.1321,3.1311,3.1316,6
2026-05-22 12:47:00,3.1271,3.1281,3.1271,3.1271,3.1321,3.1331,3.1321,3.1321,4
2026-05-22 12:48:00,3.1266,3.1271,3.1261,3.1271,3.1316,3.1321,3.1311,3.1321,4
2026-05-22 12:50:00,3.1261,3.1271,3.1241,3.1251,3.1311,3.1321,3.1291,3.1301,16
2026-05-22 12:51:00,3.1261,3.1281,3.1261,3.1271,3.1311,3.1331,3.1311,3.1321,4
2026-05-22 12:52:00,3.1281,3.1291,3.1271,3.1281,3.1331,3.1341,3.1321,3.1331,8
2026-05-22 12:54:00,3.1291,3.1291,3.1291,3.1291,3.1341,3.1341,3.1341,3.1341,1
2026-05-22 12:55:00,3.1301,3.1301,3.1291,3.1301,3.1351,3.1351,3.1341,3.1351,3
2026-05-22 12:56:00,3.1291,3.1296,3.1286,3.1291,3.1341,3.1346,3.1336,3.1341,5
2026-05-22 12:57:00,3.1301,3.1301,3.1301,3.1301,3.1351,3.1351,3.1351,3.1351,1
2026-05-22 12:59:00,3.1291,3.1291,3.1291,3.1291,3.1341,3.1341,3.1341,3.1341,1
2026-05-22 13:00:00,3.1281,3.1361,3.1281,3.1351,3.1331,3.1411,3.1331,3.1401,20
2026-05-22 13:01:00,3.1341,3.1341,3.1316,3.1331,3.1391,3.1391,3.1366,3.1381,10
2026-05-22 13:02:00,3.1321,3.1321,3.1311,3.1311,3.1371,3.1371,3.1361,3.1361,4
2026-05-22 13:03:00,3.1316,3.1321,3.1311,3.1321,3.1366,3.1371,3.1361,3.1371,7
2026-05-22 13:04:00,3.1331,3.1341,3.1331,3.1341,3.1381,3.1391,3.1381,3.1391,5
2026-05-22 13:05:00,3.1331,3.1331,3.1321,3.1326,3.1381,3.1381,3.1371,3.1376,4
2026-05-22 13:06:00,3.1321,3.1331,3.1321,3.1331,3.1371,3.1381,3.1371,3.1381,3
2026-05-22 13:07:00,3.1341,3.1371,3.1331,3.1371,3.1391,3.1421,3.1381,3.1421,12
2026-05-22 13:08:00,3.1381,3.1381,3.1361,3.1371,3.1431,3.1431,3.1411,3.1421,23
2026-05-22 13:09:00,3.1381,3.1391,3.1361,3.1361,3.1431,3.1441,3.1411,3.1411,10
2026-05-22 13:10:00,3.1356,3.1361,3.1341,3.1351,3.1406,3.1411,3.1391,3.1401,7
2026-05-22 13:11:00,3.1346,3.1351,3.1341,3.1351,3.1396,3.1401,3.1391,3.1401,7
2026-05-22 13:12:00,3.1341,3.1351,3.1341,3.1351,3.1391,3.1401,3.1391,3.1401,2
2026-05-22 13:13:00,3.1361,3.1361,3.1336,3.1336,3.1411,3.1411,3.1386,3.1386,5
2026-05-22 13:14:00,3.1331,3.1331,3.1326,3.1326,3.1381,3.1381,3.1376,3.1376,12
2026-05-22 13:15:00,3.1321,3.1331,3.1311,3.1311,3.1371,3.1381,3.1361,3.1361,8
2026-05-22 13:16:00,3.1301,3.1311,3.1291,3.1311,3.1351,3.1361,3.1341,3.1361,4
2026-05-22 13:17:00,3.1316,3.1351,3.1316,3.1346,3.1366,3.1401,3.1366,3.1396,14
2026-05-22 13:18:00,3.1351,3.1351,3.1341,3.1341,3.1401,3.1401,3.1391,3.1391,3
2026-05-22 13:19:00,3.1331,3.1341,3.1331,3.1331,3.1381,3.1391,3.1381,3.1381,3
2026-05-22 13:21:00,3.1341,3.1356,3.1341,3.1341,3.1391,3.1406,3.1391,3.1391,6
2026-05-22 13:22:00,3.1351,3.1351,3.1341,3.1341,3.1401,3.1401,3.1391,3.1391,3
2026-05-22 13:23:00,3.1351,3.1351,3.1341,3.1346,3.1401,3.1401,3.1391,3.1396,4
2026-05-22 13:24:00,3.1341,3.1361,3.1341,3.1361,3.1391,3.1411,3.1391,3.1411,7
2026-05-22 13:25:00,3.1351,3.1361,3.1351,3.1351,3.1401,3.1411,3.1401,3.1401,10
2026-05-22 13:26:00,3.1341,3.1361,3.1311,3.1361,3.1391,3.1411,3.1361,3.1411,10
2026-05-22 13:27:00,3.1366,3.1371,3.1366,3.1371,3.1416,3.1421,3.1416,3.1421,2
2026-05-22 13:28:00,3.1361,3.1401,3.1351,3.1381,3.1411,3.1451,3.1401,3.1431,36
2026-05-22 13:29:00,3.1371,3.1391,3.1341,3.1381,3.1421,3.1441,3.1391,3.1431,31
2026-05-22 13:30:00,3.1371,3.1411,3.1371,3.1401,3.1421,3.1461,3.1421,3.1451,13
2026-05-22 13:31:00,3.1411,3.1461,3.1401,3.1431,3.1461,3.1511,3.1451,3.1481,24
2026-05-22 13:32:00,3.1421,3.1441,3.1421,3.1431,3.1471,3.1491,3.1471,3.1481,11
2026-05-22 13:33:00,3.1426,3.1471,3.1421,3.1451,3.1476,3.1521,3.1471,3.1501,14
2026-05-22 13:34:00,3.1441,3.1451,3.1441,3.1451,3.1491,3.1501,3.1491,3.1501,4
2026-05-22 13:35:00,3.1441,3.1441,3.1421,3.1431,3.1491,3.1491,3.1471,3.1481,7
2026-05-22 13:36:00,3.1426,3.1431,3.1421,3.1431,3.1476,3.1481,3.1471,3.1481,10
2026-05-22 13:37:00,3.1421,3.1421,3.1411,3.1411,3.1471,3.1471,3.1461,3.1461,7
2026-05-22 13:38:00,3.1401,3.1401,3.1401,3.1401,3.1451,3.1451,3.1451,3.1451,1
2026-05-22 13:39:00,3.1411,3.1421,3.1391,3.1411,3.1461,3.1471,3.1441,3.1461,14
2026-05-22 13:40:00,3.1401,3.1411,3.1401,3.1401,3.1451,3.1461,3.1451,3.1451,4
2026-05-22 13:41:00,3.1411,3.1411,3.1391,3.1391,3.1461,3.1461,3.1441,3.1441,11
2026-05-22 13:42:00,3.1381,3.1381,3.1341,3.1361,3.1431,3.1431,3.1391,3.1411,19
2026-05-22 13:43:00,3.1366,3.1381,3.1366,3.1381,3.1416,3.1431,3.1416,3.1431,3
2026-05-22 13:44:00,3.1391,3.1391,3.1381,3.1381,3.1441,3.1441,3.1431,3.1431,2
2026-05-22 13:45:00,3.1371,3.1371,3.1301,3.1321,3.1421,3.1421,3.1351,3.1371,38
2026-05-22 13:46:00,3.1311,3.1311,3.1261,3.1271,3.1361,3.1361,3.1311,3.1321,25
2026-05-22 13:47:00,3.1266,3.1291,3.1221,3.1281,3.1316,3.1341,3.1271,3.1331,60
2026-05-22 13:48:00,3.1271,3.1291,3.1261,3.1281,3.1321,3.1341,3.1311,3.1331,18
2026-05-22 13:49:00,3.1271,3.1296,3.1251,3.1251,3.1321,3.1346,3.1301,3.1301,16
2026-05-22 13:50:00,3.1261,3.1271,3.1251,3.1271,3.1311,3.1321,3.1301,3.1321,4
2026-05-22 13:51:00,3.1261,3.1281,3.1261,3.1271,3.1311,3.1331,3.1311,3.1321,11
2026-05-22 13:52:00,3.1261,3.1271,3.1261,3.1271,3.1311,3.1321,3.1311,3.1321,6
2026-05-22 13:53:00,3.1266,3.1271,3.1221,3.1236,3.1316,3.1321,3.1271,3.1286,19
2026-05-22 13:54:00,3.1241,3.1241,3.1171,3.1176,3.1291,3.1291,3.1221,3.1226,49
2026-05-22 13:55:00,3.1171,3.1181,3.1091,3.1101,3.1221,3.1231,3.1141,3.1151,46
2026-05-22 13:56:00,3.1106,3.1161,3.1101,3.1151,3.1156,3.1211,3.1151,3.1201,22
2026-05-22 13:57:00,3.1141,3.1151,3.1131,3.1141,3.1191,3.1201,3.1181,3.1191,12
2026-05-22 13:58:00,3.1131,3.1141,3.1116,3.1131,3.1181,3.1191,3.1166,3.1181,11
2026-05-22 13:59:00,3.1126,3.1131,3.1091,3.1106,3.1176,3.1181,3.1141,3.1156,26
2026-05-22 14:00:00,3.1101,3.1131,3.1081,3.1121,3.1151,3.1181,3.1131,3.1171,21
2026-05-22 14:01:00,3.1111,3.1131,3.1101,3.1111,3.1161,3.1181,3.1151,3.1161,16
2026-05-22 14:02:00,3.1121,3.1121,3.1101,3.1101,3.1171,3.1171,3.1151,3.1151,17
2026-05-22 14:03:00,3.1091,3.1131,3.1091,3.1111,3.1141,3.1181,3.1141,3.1161,25
2026-05-22 14:04:00,3.1106,3.1111,3.1091,3.1101,3.1156,3.1161,3.1141,3.1151,10
2026-05-22 14:05:00,3.1091,3.1111,3.1081,3.1101,3.1141,3.1161,3.1131,3.1151,21
2026-05-22 14:06:00,3.1111,3.1111,3.1081,3.1091,3.1161,3.1161,3.1131,3.1141,10
2026-05-22 14:07:00,3.1081,3.1101,3.1071,3.1081,3.1131,3.1151,3.1121,3.1131,16
2026-05-22 14:08:00,3.1071,3.1071,3.1061,3.1061,3.1121,3.1121,3.1111,3.1111,12
2026-05-22 14:09:00,3.1056,3.1061,3.1041,3.1051,3.1106,3.1111,3.1091,3.1101,16
2026-05-22 14:10:00,3.1041,3.1041,3.1021,3.1031,3.1091,3.1091,3.1071,3.1081,26
2026-05-22 14:11:00,3.1021,3.1041,3.1021,3.1041,3.1071,3.1091,3.1071,3.1091,9
2026-05-22 14:12:00,3.1031,3.1031,3.0971,3.1031,3.1081,3.1081,3.1021,3.1081,75
2026-05-22 14:13:00,3.1041,3.1041,3.1021,3.1041,3.1091,3.1091,3.1071,3.1091,51
2026-05-22 14:14:00,3.1031,3.1041,3.1021,3.1031,3.1081,3.1091,3.1071,3.1081,35
2026-05-22 14:15:00,3.1026,3.1071,3.1011,3.1051,3.1076,3.1121,3.1061,3.1101,42
2026-05-22 14:16:00,3.1061,3.1141,3.1051,3.1131,3.1111,3.1191,3.1101,3.1181,39
2026-05-22 14:17:00,3.1121,3.1121,3.1101,3.1101,3.1171,3.1171,3.1151,3.1151,20
2026-05-22 14:18:00,3.1091,3.1091,3.1061,3.1066,3.1141,3.1141,3.1111,3.1116,42
2026-05-22 14:19:00,3.1071,3.1071,3.1011,3.1051,3.1121,3.1121,3.1061,3.1101,24
2026-05-22 14:20:00,3.1056,3.1061,3.1041,3.1051,3.1106,3.1111,3.1091,3.1101,16
2026-05-22 14:21:00,3.1061,3.1081,3.1031,3.1061,3.1111,3.1131,3.1081,3.1111,34
2026-05-22 14:22:00,3.1071,3.1081,3.1011,3.1021,3.1121,3.1131,3.1061,3.1071,38
2026-05-22 14:23:00,3.1011,3.1021,3.1001,3.1001,3.1061,3.1071,3.1051,3.1051,14
2026-05-22 14:24:00,3.1011,3.1011,3.0971,3.0996,3.1061,3.1061,3.1021,3.1046,30
2026-05-22 14:25:00,3.0991,3.0991,3.0951,3.0961,3.1041,3.1041,3.1001,3.1011,33
2026-05-22 14:26:00,3.0966,3.0976,3.0951,3.0961,3.1016,3.1026,3.1001,3.1011,17
2026-05-22 14:27:00,3.0951,3.0951,3.0901,3.0941,3.1001,3.1001,3.0951,3.0991,43
2026-05-22 14:28:00,3.0951,3.0971,3.0931,3.0971,3.1001,3.1021,3.0981,3.1021,29
2026-05-22 14:29:00,3.0981,3.0981,3.0961,3.0971,3.1031,3.1031,3.1011,3.1021,13
2026-05-22 14:30:00,3.0976,3.1011,3.0971,3.0976,3.1026,3.1061,3.1021,3.1026,39
2026-05-22 14:31:00,3.0981,3.1021,3.0971,3.1011,3.1031,3.1071,3.1021,3.1061,41
2026-05-22 14:32:00,3.1016,3.1041,3.1016,3.1021,3.1066,3.1091,3.1066,3.1071,21
2026-05-22 14:33:00,3.1011,3.1016,3.0981,3.1001,3.1061,3.1066,3.1031,3.1051,37
2026-05-22 14:34:00,3.0996,3.1001,3.0941,3.0956,3.1046,3.1051,3.0991,3.1006,33
2026-05-22 14:35:00,3.0961,3.0961,3.0941,3.0946,3.1011,3.1011,3.0991,3.0996,18
2026-05-22 14:36:00,3.0951,3.0961,3.0941,3.0961,3.1001,3.1011,3.0991,3.1011,17
2026-05-22 14:37:00,3.0971,3.0971,3.0951,3.0961,3.1021,3.1021,3.1001,3.1011,16
2026-05-22 14:38:00,3.0966,3.0996,3.0961,3.0971,3.1016,3.1046,3.1011,3.1021,23
2026-05-22 14:39:00,3.0966,3.0981,3.0961,3.0971,3.1016,3.1031,3.1011,3.1021,10
2026-05-22 14:40:00,3.0961,3.0996,3.0961,3.0996,3.1011,3.1046,3.1011,3.1046,13
2026-05-22 14:41:00,3.0991,3.1001,3.0981,3.0991,3.1041,3.1051,3.1031,3.1041,8
2026-05-22 14:42:00,3.0981,3.0991,3.0981,3.0991,3.1031,3.1041,3.1031,3.1041,2
2026-05-22 14:43:00,3.1001,3.1021,3.0991,3.0996,3.1051,3.1071,3.1041,3.1046,25
2026-05-22 14:44:00,3.0991,3.1001,3.0961,3.0981,3.1041,3.1051,3.1011,3.1031,29
2026-05-22 14:45:00,3.0971,3.0981,3.0961,3.0971,3.1021,3.1031,3.1011,3.1021,12
2026-05-22 14:46:00,3.0981,3.0981,3.0951,3.0961,3.1031,3.1031,3.1001,3.1011,38
2026-05-22 14:47:00,3.0951,3.0961,3.0911,3.0931,3.1001,3.1011,3.0961,3.0981,34
2026-05-22 14:48:00,3.0936,3.0936,3.0871,3.0881,3.0986,3.0986,3.0921,3.0931,80
2026-05-22 14:49:00,3.0871,3.0881,3.0841,3.0871,3.0921,3.0931,3.0891,3.0921,74
2026-05-22 14:50:00,3.0861,3.0951,3.0861,3.0951,3.0911,3.1001,3.0911,3.1001,53
2026-05-22 14:51:00,3.0956,3.0966,3.0861,3.0881,3.1006,3.1016,3.0911,3.0931,48
2026-05-22 14:52:00,3.0891,3.0901,3.0871,3.0871,3.0941,3.0951,3.0921,3.0921,7
2026-05-22 14:53:00,3.0861,3.0881,3.0841,3.0851,3.0911,3.0931,3.0891,3.0901,15
2026-05-22 14:54:00,3.0861,3.0881,3.0851,3.0871,3.0911,3.0931,3.0901,3.0921,14
2026-05-22 14:55:00,3.0861,3.0871,3.0796,3.0831,3.0911,3.0921,3.0846,3.0881,55
2026-05-22 14:56:00,3.0821,3.0831,3.0801,3.0811,3.0871,3.0881,3.0851,3.0861,30
2026-05-22 14:57:00,3.0816,3.0841,3.0816,3.0831,3.0866,3.0891,3.0866,3.0881,24
2026-05-22 14:58:00,3.0826,3.0831,3.0691,3.0701,3.0876,3.0881,3.0741,3.0751,81
2026-05-22 14:59:00,3.0691,3.0701,3.0646,3.0651,3.0741,3.0751,3.0696,3.0701,68
2026-05-22 15:00:00,3.0641,3.0651,3.0601,3.0621,3.0691,3.0701,3.0651,3.0671,97
2026-05-22 15:01:00,3.0611,3.0641,3.0581,3.0621,3.0661,3.0691,3.0631,3.0671,101
2026-05-22 15:02:00,3.0611,3.0621,3.0581,3.0611,3.0661,3.0671,3.0631,3.0661,67
2026-05-22 15:03:00,3.0606,3.0641,3.0591,3.0621,3.0656,3.0691,3.0641,3.0671,20
2026-05-22 15:04:00,3.0631,3.0661,3.0591,3.0661,3.0681,3.0711,3.0641,3.0711,57
2026-05-22 15:05:00,3.0656,3.0661,3.0601,3.0611,3.0706,3.0711,3.0651,3.0661,23
2026-05-22 15:06:00,3.0601,3.0611,3.0561,3.0586,3.0651,3.0661,3.0611,3.0636,50
2026-05-22 15:07:00,3.0591,3.0681,3.0591,3.0681,3.0641,3.0731,3.0641,3.0731,47
2026-05-22 15:08:00,3.0671,3.0711,3.0661,3.0701,3.0721,3.0761,3.0711,3.0751,59
2026-05-22 15:09:00,3.0691,3.0741,3.0681,3.0696,3.0741,3.0791,3.0731,3.0746,64
2026-05-22 15:10:00,3.0691,3.0711,3.0681,3.0701,3.0741,3.0761,3.0731,3.0751,34
2026-05-22 15:11:00,3.0711,3.0761,3.0691,3.0741,3.0761,3.0811,3.0741,3.0791,32
2026-05-22 15:12:00,3.0746,3.0761,3.0721,3.0741,3.0796,3.0811,3.0771,3.0791,31
2026-05-22 15:13:00,3.0731,3.0801,3.0711,3.0801,3.0781,3.0851,3.0761,3.0851,57
2026-05-22 15:14:00,3.0791,3.0801,3.0751,3.0761,3.0841,3.0851,3.0801,3.0811,27
2026-05-22 15:15:00,3.0746,3.0751,3.0711,3.0741,3.0796,3.0801,3.0761,3.0791,36
2026-05-22 15:16:00,3.0746,3.0761,3.0711,3.0721,3.0796,3.0811,3.0761,3.0771,21
2026-05-22 15:17:00,3.0711,3.0761,3.0711,3.0756,3.0761,3.0811,3.0761,3.0806,19
2026-05-22 15:18:00,3.0761,3.0771,3.0741,3.0771,3.0811,3.0821,3.0791,3.0821,37
2026-05-22 15:19:00,3.0781,3.0821,3.0771,3.0811,3.0831,3.0871,3.0821,3.0861,54
2026-05-22 15:20:00,3.0801,3.0801,3.0771,3.0781,3.0851,3.0851,3.0821,3.0831,27
2026-05-22 15:21:00,3.0776,3.0781,3.0761,3.0766,3.0826,3.0831,3.0811,3.0816,14
2026-05-22 15:22:00,3.0761,3.0771,3.0751,3.0771,3.0811,3.0821,3.0801,3.0821,9
2026-05-22 15:23:00,3.0766,3.0771,3.0671,3.0671,3.0816,3.0821,3.0721,3.0721,44
2026-05-22 15:24:00,3.0661,3.0681,3.0661,3.0681,3.0711,3.0731,3.0711,3.0731,23
2026-05-22 15:25:00,3.0691,3.0701,3.0651,3.0661,3.0741,3.0751,3.0701,3.0711,39
2026-05-22 15:26:00,3.0651,3.0691,3.0641,3.0676,3.0701,3.0741,3.0691,3.0726,44
2026-05-22 15:27:00,3.0671,3.0731,3.0671,3.0721,3.0721,3.0781,3.0721,3.0771,44
2026-05-22 15:28:00,3.0716,3.0726,3.0691,3.0701,3.0766,3.0776,3.0741,3.0751,22
2026-05-22 15:29:00,3.0691,3.0731,3.0681,3.0721,3.0741,3.0781,3.0731,3.0771,28
2026-05-22 15:30:00,3.0731,3.0761,3.0661,3.0671,3.0781,3.0811,3.0711,3.0721,88
2026-05-22 15:31:00,3.0681,3.0691,3.0671,3.0681,3.0731,3.0741,3.0721,3.0731,70
2026-05-22 15:32:00,3.0691,3.0711,3.0681,3.0706,3.0741,3.0761,3.0731,3.0756,52
2026-05-22 15:33:00,3.0701,3.0821,3.0701,3.0811,3.0751,3.0871,3.0751,3.0861,166
2026-05-22 15:34:00,3.0801,3.0811,3.0761,3.0781,3.0851,3.0861,3.0811,3.0831,84
2026-05-22 15:35:00,3.0771,3.0821,3.0771,3.0821,3.0821,3.0871,3.0821,3.0871,70
2026-05-22 15:36:00,3.0811,3.0821,3.0791,3.0811,3.0861,3.0871,3.0841,3.0861,98
2026-05-22 15:37:00,3.0801,3.0821,3.0801,3.0811,3.0851,3.0871,3.0851,3.0861,42
2026-05-22 15:38:00,3.0801,3.0831,3.0801,3.0821,3.0851,3.0881,3.0851,3.0871,96
2026-05-22 15:39:00,3.0816,3.0851,3.0801,3.0831,3.0866,3.0901,3.0851,3.0881,44
2026-05-22 15:40:00,3.0821,3.0851,3.0791,3.0811,3.0871,3.0901,3.0841,3.0861,63
2026-05-22 15:41:00,3.0806,3.0831,3.0801,3.0811,3.0856,3.0881,3.0851,3.0861,39
2026-05-22 15:42:00,3.0801,3.0831,3.0791,3.0811,3.0851,3.0881,3.0841,3.0861,87
2026-05-22 15:43:00,3.0801,3.0821,3.0791,3.0811,3.0851,3.0871,3.0841,3.0861,23
2026-05-22 15:44:00,3.0806,3.0831,3.0801,3.0821,3.0856,3.0881,3.0851,3.0871,19
2026-05-22 15:45:00,3.0811,3.0821,3.0811,3.0821,3.0861,3.0871,3.0861,3.0871,14
2026-05-22 15:46:00,3.0811,3.0831,3.0801,3.0811,3.0861,3.0881,3.0851,3.0861,34
2026-05-22 15:47:00,3.0801,3.0821,3.0801,3.0821,3.0851,3.0871,3.0851,3.0871,14
2026-05-22 15:48:00,3.0811,3.0831,3.0806,3.0831,3.0861,3.0881,3.0856,3.0881,18
2026-05-22 15:49:00,3.0821,3.0841,3.0801,3.0806,3.0871,3.0891,3.0851,3.0856,34
2026-05-22 15:50:00,3.0801,3.0841,3.0801,3.0816,3.0851,3.0891,3.0851,3.0866,33
2026-05-22 15:51:00,3.0811,3.0841,3.0811,3.0821,3.0861,3.0891,3.0861,3.0871,26
2026-05-22 15:52:00,3.0831,3.0851,3.0821,3.0831,3.0881,3.0901,3.0871,3.0881,33
2026-05-22 15:53:00,3.0826,3.0841,3.0791,3.0821,3.0876,3.0891,3.0841,3.0871,43
2026-05-22 15:54:00,3.0831,3.0831,3.0811,3.0811,3.0881,3.0881,3.0861,3.0861,12
2026-05-22 15:55:00,3.0821,3.0831,3.0781,3.0791,3.0871,3.0881,3.0831,3.0841,24
2026-05-22 15:56:00,3.0801,3.0801,3.0761,3.0761,3.0851,3.0851,3.0811,3.0811,20
2026-05-22 15:57:00,3.0751,3.0751,3.0691,3.0701,3.0801,3.0801,3.0741,3.0751,38
2026-05-22 15:58:00,3.0691,3.0701,3.0681,3.0691,3.0741,3.0751,3.0731,3.0741,40
2026-05-22 15:59:00,3.0701,3.0701,3.0691,3.0691,3.0751,3.0751,3.0741,3.0741,17
2026-05-22 16:00:00,3.0701,3.0731,3.0681,3.0721,3.0751,3.0781,3.0731,3.0771,30
2026-05-22 16:01:00,3.0711,3.0711,3.0661,3.0661,3.0761,3.0761,3.0711,3.0711,85
2026-05-22 16:02:00,3.0666,3.0711,3.0631,3.0701,3.0716,3.0761,3.0681,3.0751,49
2026-05-22 16:03:00,3.0691,3.0731,3.0691,3.0706,3.0741,3.0781,3.0741,3.0756,39
2026-05-22 16:04:00,3.0701,3.0711,3.0676,3.0686,3.0751,3.0761,3.0726,3.0736,23
2026-05-22 16:05:00,3.0691,3.0711,3.0681,3.0701,3.0741,3.0761,3.0731,3.0751,18
2026-05-22 16:06:00,3.0711,3.0811,3.0701,3.0801,3.0761,3.0861,3.0751,3.0851,82
2026-05-22 16:07:00,3.0796,3.0811,3.0791,3.0811,3.0846,3.0861,3.0841,3.0861,41
2026-05-22 16:08:00,3.0801,3.0811,3.0761,3.0761,3.0851,3.0861,3.0811,3.0811,14
2026-05-22 16:09:00,3.0771,3.0791,3.0771,3.0791,3.0821,3.0841,3.0821,3.0841,13
2026-05-22 16:10:00,3.0781,3.0791,3.0731,3.0741,3.0831,3.0841,3.0781,3.0791,19
2026-05-22 16:11:00,3.0736,3.0741,3.0691,3.0691,3.0786,3.0791,3.0741,3.0741,18
2026-05-22 16:12:00,3.0686,3.0731,3.0681,3.0731,3.0736,3.0781,3.0731,3.0781,31
2026-05-22 16:13:00,3.0741,3.0741,3.0721,3.0741,3.0791,3.0791,3.0771,3.0791,15
2026-05-22 16:14:00,3.0731,3.0741,3.0721,3.0731,3.0781,3.0791,3.0771,3.0781,14
2026-05-22 16:15:00,3.0726,3.0741,3.0711,3.0731,3.0776,3.0791,3.0761,3.0781,32
2026-05-22 16:16:00,3.0736,3.0741,3.0701,3.0701,3.0786,3.0791,3.0751,3.0751,32
2026-05-22 16:17:00,3.0691,3.0711,3.0681,3.0711,3.0741,3.0761,3.0731,3.0761,18
2026-05-22 16:18:00,3.0701,3.0811,3.0701,3.0811,3.0751,3.0861,3.0751,3.0861,51
2026-05-22 16:19:00,3.0801,3.0841,3.0796,3.0806,3.0851,3.0891,3.0846,3.0856,40
2026-05-22 16:20:00,3.0801,3.0841,3.0801,3.0801,3.0851,3.0891,3.0851,3.0871,20
2026-05-22 16:21:00,3.0811,3.0901,3.0801,3.0851,3.0861,3.0951,3.0851,3.0901,68
2026-05-22 16:22:00,3.0856,3.0871,3.0841,3.0841,3.0891,3.0941,3.0881,3.0881,12
2026-05-22 16:23:00,3.0826,3.0841,3.0801,3.0801,3.0876,3.0891,3.0851,3.0851,25
2026-05-22 16:24:00,3.0811,3.0811,3.0761,3.0761,3.0861,3.0861,3.0811,3.0811,22
2026-05-22 16:25:00,3.0751,3.0761,3.0681,3.0701,3.0801,3.0811,3.0731,3.0751,41
2026-05-22 16:26:00,3.0691,3.0701,3.0681,3.0691,3.0741,3.0751,3.0731,3.0741,26
2026-05-22 16:27:00,3.0686,3.0721,3.0681,3.0711,3.0736,3.0771,3.0731,3.0761,15
2026-05-22 16:28:00,3.0701,3.0711,3.0681,3.0681,3.0751,3.0761,3.0731,3.0731,46
2026-05-22 16:29:00,3.0671,3.0681,3.0661,3.0671,3.0721,3.0731,3.0711,3.0721,48
2026-05-22 16:30:00,3.0661,3.0701,3.0651,3.0661,3.0711,3.0751,3.0701,3.0711,50
2026-05-22 16:31:00,3.0651,3.0651,3.0631,3.0651,3.0701,3.0701,3.0681,3.0701,54
2026-05-22 16:32:00,3.0641,3.0671,3.0641,3.0671,3.0691,3.0721,3.0691,3.0721,52
2026-05-22 16:33:00,3.0661,3.0661,3.0641,3.0641,3.0711,3.0711,3.0691,3.0691,22
2026-05-22 16:34:00,3.0631,3.0641,3.0591,3.0601,3.0681,3.0691,3.0641,3.0651,72
2026-05-22 16:35:00,3.0611,3.0611,3.0591,3.0601,3.0661,3.0661,3.0641,3.0651,15
2026-05-22 16:36:00,3.0591,3.0601,3.0591,3.0591,3.0641,3.0651,3.0641,3.0641,9
2026-05-22 16:37:00,3.0581,3.0591,3.0561,3.0581,3.0631,3.0641,3.0611,3.0631,18
2026-05-22 16:38:00,3.0591,3.0591,3.0546,3.0576,3.0641,3.0641,3.0596,3.0626,31
2026-05-22 16:39:00,3.0571,3.0611,3.0561,3.0591,3.0621,3.0661,3.0611,3.0641,31
2026-05-22 16:40:00,3.0586,3.0621,3.0581,3.0611,3.0636,3.0671,3.0631,3.0661,19
2026-05-22 16:41:00,3.0621,3.0641,3.0581,3.0591,3.0671,3.0691,3.0631,3.0641,22
2026-05-22 16:42:00,3.0596,3.0601,3.0581,3.0591,3.0646,3.0651,3.0631,3.0641,22
2026-05-22 16:43:00,3.0601,3.0631,3.0581,3.0631,3.0651,3.0681,3.0631,3.0681,40
2026-05-22 16:44:00,3.0621,3.0641,3.0611,3.0621,3.0671,3.0691,3.0661,3.0671,17
2026-05-22 16:45:00,3.0611,3.0621,3.0611,3.0616,3.0661,3.0671,3.0661,3.0666,9
2026-05-22 16:46:00,3.0611,3.0621,3.0601,3.0601,3.0661,3.0671,3.0651,3.0651,7
2026-05-22 16:47:00,3.0611,3.0611,3.0601,3.0601,3.0661,3.0661,3.0651,3.0651,4
2026-05-22 16:48:00,3.0591,3.0591,3.0581,3.0591,3.0641,3.0641,3.0631,3.0641,7
2026-05-22 16:49:00,3.0581,3.0601,3.0581,3.0601,3.0631,3.0651,3.0631,3.0651,9
2026-05-22 16:50:00,3.0591,3.0591,3.0591,3.0591,3.0641,3.0641,3.0641,3.0641,1
2026-05-22 16:51:00,3.0581,3.0591,3.0581,3.0591,3.0631,3.0641,3.0631,3.0641,5
2026-05-22 16:52:00,3.0581,3.0591,3.0551,3.0551,3.0631,3.0641,3.0601,3.0601,31
2026-05-22 16:53:00,3.0561,3.0571,3.0551,3.0561,3.0611,3.0621,3.0601,3.0611,16
2026-05-22 16:54:00,3.0556,3.0561,3.0531,3.0541,3.0606,3.0611,3.0581,3.0591,20
2026-05-22 16:55:00,3.0531,3.0561,3.0531,3.0551,3.0581,3.0611,3.0581,3.0601,28
2026-05-22 16:56:00,3.0541,3.0571,3.0541,3.0561,3.0591,3.0621,3.0591,3.0611,18
2026-05-22 16:57:00,3.0571,3.0581,3.0571,3.0576,3.0621,3.0631,3.0621,3.0626,17
2026-05-22 16:58:00,3.0571,3.0581,3.0551,3.0561,3.0621,3.0631,3.0601,3.0611,14
2026-05-22 16:59:00,3.0551,3.0571,3.0551,3.0561,3.0601,3.0621,3.0601,3.0611,30
2026-05-22 17:00:00,3.0551,3.0581,3.0541,3.0571,3.0601,3.0631,3.0591,3.0621,27
2026-05-22 17:01:00,3.0581,3.0581,3.0551,3.0561,3.0631,3.0631,3.0601,3.0611,25
2026-05-22 17:02:00,3.0556,3.0556,3.0541,3.0551,3.0606,3.0606,3.0591,3.0601,6
2026-05-22 17:03:00,3.0541,3.0551,3.0541,3.0551,3.0591,3.0601,3.0591,3.0601,8
2026-05-22 17:04:00,3.0541,3.0541,3.0521,3.0541,3.0591,3.0591,3.0571,3.0591,7
2026-05-22 17:05:00,3.0531,3.0541,3.0521,3.0531,3.0581,3.0591,3.0571,3.0581,10
2026-05-22 17:06:00,3.0526,3.0531,3.0501,3.0511,3.0576,3.0581,3.0551,3.0561,33
2026-05-22 17:08:00,3.0501,3.0511,3.0476,3.0481,3.0551,3.0561,3.0526,3.0531,29
2026-05-22 17:09:00,3.0471,3.0521,3.0471,3.0501,3.0521,3.0571,3.0521,3.0551,25
2026-05-22 17:10:00,3.0491,3.0511,3.0481,3.0481,3.0541,3.0561,3.0531,3.0531,22
2026-05-22 17:11:00,3.0471,3.0501,3.0471,3.0481,3.0521,3.0551,3.0521,3.0531,25
2026-05-22 17:12:00,3.0491,3.0501,3.0491,3.0501,3.0541,3.0551,3.0541,3.0551,2
2026-05-22 17:13:00,3.0491,3.0511,3.0491,3.0501,3.0541,3.0561,3.0541,3.0551,5
2026-05-22 17:14:00,3.0496,3.0511,3.0491,3.0501,3.0546,3.0561,3.0541,3.0551,12
2026-05-22 17:15:00,3.0491,3.0501,3.0471,3.0471,3.0541,3.0551,3.0521,3.0521,8
2026-05-22 17:16:00,3.0461,3.0471,3.0431,3.0431,3.0511,3.0521,3.0481,3.0481,18
2026-05-22 17:17:00,3.0441,3.0441,3.0411,3.0421,3.0491,3.0491,3.0461,3.0471,29
2026-05-22 17:18:00,3.0411,3.0421,3.0411,3.0411,3.0461,3.0471,3.0461,3.0461,7
2026-05-22 17:19:00,3.0401,3.0411,3.0371,3.0371,3.0451,3.0461,3.0421,3.0421,37
2026-05-22 17:20:00,3.0361,3.0411,3.0361,3.0391,3.0411,3.0461,3.0411,3.0441,29
2026-05-22 17:21:00,3.0401,3.0411,3.0361,3.0361,3.0451,3.0461,3.0411,3.0411,22
2026-05-22 17:22:00,3.0371,3.0371,3.0351,3.0361,3.0421,3.0421,3.0401,3.0411,16
2026-05-22 17:23:00,3.0356,3.0356,3.0311,3.0331,3.0406,3.0406,3.0361,3.0381,23
2026-05-22 17:24:00,3.0341,3.0341,3.0301,3.0331,3.0391,3.0391,3.0351,3.0381,39
2026-05-22 17:25:00,3.0336,3.0361,3.0331,3.0351,3.0386,3.0411,3.0381,3.0401,23
2026-05-22 17:26:00,3.0341,3.0346,3.0321,3.0331,3.0391,3.0396,3.0371,3.0381,26
2026-05-22 17:27:00,3.0341,3.0341,3.0321,3.0341,3.0391,3.0391,3.0371,3.0391,33
2026-05-22 17:28:00,3.0351,3.0371,3.0341,3.0361,3.0401,3.0421,3.0391,3.0411,29
2026-05-22 17:29:00,3.0371,3.0371,3.0341,3.0341,3.0421,3.0421,3.0391,3.0391,44
2026-05-22 17:30:00,3.0331,3.0341,3.0321,3.0321,3.0381,3.0391,3.0371,3.0371,42
2026-05-22 17:31:00,3.0331,3.0341,3.0326,3.0331,3.0381,3.0391,3.0376,3.0381,23
2026-05-22 17:32:00,3.0341,3.0351,3.0321,3.0341,3.0391,3.0401,3.0371,3.0391,16
2026-05-22 17:33:00,3.0331,3.0341,3.0311,3.0321,3.0381,3.0391,3.0361,3.0371,15
2026-05-22 17:34:00,3.0311,3.0311,3.0301,3.0301,3.0361,3.0361,3.0351,3.0351,8
2026-05-22 17:35:00,3.0291,3.0301,3.0261,3.0271,3.0341,3.0351,3.0311,3.0321,24
2026-05-22 17:36:00,3.0281,3.0291,3.0271,3.0281,3.0331,3.0341,3.0321,3.0331,11
2026-05-22 17:37:00,3.0271,3.0311,3.0271,3.0311,3.0321,3.0361,3.0321,3.0361,5
2026-05-22 17:38:00,3.0321,3.0321,3.0301,3.0301,3.0371,3.0371,3.0351,3.0351,7
2026-05-22 17:39:00,3.0311,3.0341,3.0301,3.0341,3.0361,3.0391,3.0351,3.0391,19
2026-05-22 17:40:00,3.0336,3.0351,3.0331,3.0341,3.0386,3.0401,3.0381,3.0391,6
2026-05-22 17:41:00,3.0351,3.0381,3.0331,3.0371,3.0401,3.0431,3.0381,3.0421,20
2026-05-22 17:42:00,3.0361,3.0431,3.0351,3.0396,3.0411,3.0481,3.0401,3.0446,46
2026-05-22 17:43:00,3.0401,3.0421,3.0401,3.0411,3.0451,3.0471,3.0451,3.0461,16
2026-05-22 17:44:00,3.0401,3.0401,3.0391,3.0391,3.0451,3.0451,3.0441,3.0441,19
2026-05-22 17:45:00,3.0386,3.0391,3.0371,3.0391,3.0436,3.0441,3.0421,3.0441,17
2026-05-22 17:46:00,3.0396,3.0431,3.0391,3.0401,3.0446,3.0481,3.0441,3.0451,19
2026-05-22 17:47:00,3.0391,3.0401,3.0371,3.0371,3.0441,3.0451,3.0421,3.0421,10
2026-05-22 17:48:00,3.0366,3.0391,3.0361,3.0381,3.0416,3.0441,3.0411,3.0431,18
2026-05-22 17:49:00,3.0371,3.0381,3.0361,3.0371,3.0421,3.0431,3.0411,3.0421,11
2026-05-22 17:50:00,3.0361,3.0371,3.0351,3.0361,3.0411,3.0421,3.0401,3.0411,5
2026-05-22 17:51:00,3.0331,3.0341,3.0301,3.0311,3.0381,3.0391,3.0351,3.0361,39
2026-05-22 17:52:00,3.0321,3.0321,3.0321,3.0321,3.0371,3.0371,3.0371,3.0371,1
2026-05-22 17:53:00,3.0311,3.0311,3.0301,3.0311,3.0361,3.0361,3.0351,3.0361,11
2026-05-22 17:54:00,3.0321,3.0331,3.0281,3.0291,3.0371,3.0381,3.0331,3.0341,27
2026-05-22 17:55:00,3.0281,3.0331,3.0281,3.0321,3.0331,3.0381,3.0331,3.0371,20
2026-05-22 17:56:00,3.0311,3.0321,3.0301,3.0311,3.0361,3.0371,3.0351,3.0361,16
2026-05-22 17:57:00,3.0301,3.0311,3.0281,3.0281,3.0351,3.0361,3.0331,3.0331,14
2026-05-22 17:58:00,3.0291,3.0311,3.0281,3.0311,3.0341,3.0361,3.0331,3.0361,15
2026-05-22 17:59:00,3.0316,3.0321,3.0291,3.0291,3.0366,3.0371,3.0341,3.0341,8
2026-05-22 18:00:00,3.0281,3.0291,3.0281,3.0291,3.0331,3.0341,3.0331,3.0341,31
2026-05-22 18:01:00,3.0281,3.0291,3.0271,3.0281,3.0331,3.0341,3.0321,3.0331,17
2026-05-22 18:02:00,3.0291,3.0291,3.0271,3.0291,3.0341,3.0341,3.0321,3.0341,12
2026-05-22 18:03:00,3.0296,3.0321,3.0296,3.0301,3.0346,3.0371,3.0346,3.0351,13
2026-05-22 18:04:00,3.0291,3.0301,3.0291,3.0291,3.0341,3.0351,3.0341,3.0341,5
2026-05-22 18:05:00,3.0301,3.0301,3.0291,3.0291,3.0351,3.0351,3.0341,3.0341,3
2026-05-22 18:06:00,3.0286,3.0301,3.0281,3.0301,3.0336,3.0351,3.0331,3.0351,33
2026-05-22 18:07:00,3.0291,3.0291,3.0271,3.0281,3.0341,3.0341,3.0321,3.0331,16
2026-05-22 18:08:00,3.0271,3.0281,3.0271,3.0281,3.0321,3.0331,3.0321,3.0331,2
2026-05-22 18:09:00,3.0271,3.0271,3.0241,3.0241,3.0321,3.0321,3.0291,3.0291,16
2026-05-22 18:10:00,3.0231,3.0251,3.0231,3.0251,3.0281,3.0301,3.0281,3.0301,19
2026-05-22 18:11:00,3.0241,3.0241,3.0221,3.0231,3.0291,3.0291,3.0271,3.0281,26
2026-05-22 18:12:00,3.0241,3.0261,3.0231,3.0251,3.0291,3.0311,3.0281,3.0301,20
2026-05-22 18:13:00,3.0261,3.0271,3.0261,3.0271,3.0311,3.0321,3.0311,3.0321,6
2026-05-22 18:14:00,3.0261,3.0271,3.0251,3.0251,3.0311,3.0321,3.0301,3.0301,7
2026-05-22 18:15:00,3.0246,3.0271,3.0241,3.0271,3.0296,3.0321,3.0291,3.0321,5
2026-05-22 18:16:00,3.0261,3.0271,3.0251,3.0261,3.0311,3.0321,3.0301,3.0311,25
2026-05-22 18:17:00,3.0271,3.0271,3.0251,3.0251,3.0321,3.0321,3.0301,3.0301,24
2026-05-22 18:18:00,3.0261,3.0271,3.0251,3.0261,3.0311,3.0321,3.0301,3.0311,21
2026-05-22 18:19:00,3.0251,3.0271,3.0251,3.0251,3.0301,3.0321,3.0301,3.0301,22
2026-05-22 18:20:00,3.0246,3.0251,3.0241,3.0251,3.0296,3.0301,3.0291,3.0301,19
2026-05-22 18:21:00,3.0241,3.0241,3.0191,3.0201,3.0291,3.0291,3.0241,3.0251,39
2026-05-22 18:22:00,3.0196,3.0201,3.0171,3.0191,3.0246,3.0251,3.0221,3.0241,36
2026-05-22 18:23:00,3.0196,3.0201,3.0171,3.0181,3.0246,3.0251,3.0221,3.0231,26
2026-05-22 18:24:00,3.0171,3.0181,3.0171,3.0171,3.0221,3.0231,3.0221,3.0221,3
2026-05-22 18:25:00,3.0181,3.0221,3.0181,3.0201,3.0231,3.0271,3.0231,3.0251,11
2026-05-22 18:26:00,3.0191,3.0201,3.0181,3.0191,3.0241,3.0251,3.0231,3.0241,26
2026-05-22 18:27:00,3.0181,3.0191,3.0161,3.0171,3.0231,3.0241,3.0211,3.0221,13
2026-05-22 18:28:00,3.0181,3.0181,3.0171,3.0181,3.0231,3.0231,3.0221,3.0231,7
2026-05-22 18:30:00,3.0171,3.0181,3.0151,3.0171,3.0221,3.0231,3.0201,3.0221,14
2026-05-22 18:31:00,3.0181,3.0201,3.0171,3.0181,3.0231,3.0251,3.0221,3.0231,11
2026-05-22 18:32:00,3.0171,3.0201,3.0171,3.0201,3.0221,3.0251,3.0221,3.0251,15
2026-05-22 18:33:00,3.0191,3.0201,3.0191,3.0191,3.0241,3.0251,3.0241,3.0241,4
2026-05-22 18:34:00,3.0181,3.0191,3.0161,3.0191,3.0231,3.0241,3.0211,3.0241,19
2026-05-22 18:35:00,3.0201,3.0216,3.0201,3.0211,3.0251,3.0266,3.0251,3.0261,13
2026-05-22 18:36:00,3.0221,3.0231,3.0201,3.0211,3.0271,3.0281,3.0251,3.0261,16
2026-05-22 18:37:00,3.0216,3.0231,3.0216,3.0221,3.0266,3.0281,3.0266,3.0271,9
2026-05-22 18:38:00,3.0231,3.0231,3.0221,3.0231,3.0281,3.0281,3.0271,3.0281,14
2026-05-22 18:39:00,3.0221,3.0231,3.0221,3.0221,3.0271,3.0281,3.0271,3.0271,9
2026-05-22 18:40:00,3.0211,3.0221,3.0211,3.0211,3.0261,3.0271,3.0261,3.0261,10
2026-05-22 18:41:00,3.0221,3.0221,3.0201,3.0201,3.0271,3.0271,3.0251,3.0251,7
2026-05-22 18:42:00,3.0191,3.0201,3.0191,3.0201,3.0241,3.0251,3.0241,3.0251,11
2026-05-22 18:43:00,3.0191,3.0191,3.0191,3.0191,3.0241,3.0241,3.0241,3.0241,1
2026-05-22 18:44:00,3.0181,3.0186,3.0171,3.0181,3.0231,3.0236,3.0221,3.0231,14
2026-05-22 18:45:00,3.0171,3.0181,3.0161,3.0181,3.0221,3.0231,3.0211,3.0231,6
2026-05-22 18:46:00,3.0191,3.0191,3.0181,3.0191,3.0241,3.0241,3.0231,3.0241,9
2026-05-22 18:47:00,3.0201,3.0201,3.0191,3.0191,3.0251,3.0251,3.0241,3.0241,6
2026-05-22 18:48:00,3.0181,3.0181,3.0181,3.0181,3.0231,3.0231,3.0231,3.0231,1
2026-05-22 18:49:00,3.0191,3.0191,3.0181,3.0181,3.0241,3.0241,3.0231,3.0231,6
2026-05-22 18:50:00,3.0191,3.0211,3.0181,3.0201,3.0241,3.0261,3.0231,3.0251,10
2026-05-22 18:51:00,3.0211,3.0211,3.0181,3.0191,3.0261,3.0261,3.0231,3.0241,11
2026-05-22 18:52:00,3.0201,3.0201,3.0191,3.0191,3.0251,3.0251,3.0241,3.0241,4
2026-05-22 18:53:00,3.0201,3.0201,3.0181,3.0191,3.0251,3.0251,3.0231,3.0241,16
2026-05-22 18:54:00,3.0201,3.0201,3.0201,3.0201,3.0251,3.0251,3.0251,3.0251,1
2026-05-22 18:55:00,3.0191,3.0201,3.0191,3.0201,3.0241,3.0251,3.0241,3.0251,2
2026-05-22 18:56:00,3.0191,3.0201,3.0191,3.0191,3.0241,3.0251,3.0241,3.0241,6
2026-05-22 18:57:00,3.0201,3.0211,3.0181,3.0201,3.0251,3.0261,3.0231,3.0251,33
2026-05-22 18:58:00,3.0191,3.0201,3.0191,3.0201,3.0241,3.0251,3.0241,3.0251,3
2026-05-22 18:59:00,3.0191,3.0191,3.0171,3.0181,3.0241,3.0241,3.0221,3.0231,21
2026-05-22 19:00:00,3.0171,3.0211,3.0161,3.0201,3.0221,3.0261,3.0211,3.0251,11
2026-05-22 19:01:00,3.0211,3.0241,3.0201,3.0241,3.0261,3.0291,3.0251,3.0291,31
2026-05-22 19:02:00,3.0251,3.0251,3.0201,3.0211,3.0301,3.0301,3.0251,3.0261,31
2026-05-22 19:03:00,3.0201,3.0221,3.0201,3.0211,3.0251,3.0271,3.0251,3.0261,8
2026-05-22 19:04:00,3.0201,3.0201,3.0201,3.0201,3.0251,3.0251,3.0251,3.0251,1
2026-05-22 19:05:00,3.0191,3.0191,3.0161,3.0171,3.0241,3.0241,3.0211,3.0221,9
2026-05-22 19:06:00,3.0166,3.0171,3.0161,3.0161,3.0216,3.0221,3.0211,3.0211,25
2026-05-22 19:07:00,3.0151,3.0161,3.0151,3.0161,3.0201,3.0211,3.0201,3.0211,10
2026-05-22 19:08:00,3.0151,3.0181,3.0151,3.0171,3.0201,3.0231,3.0201,3.0221,8
2026-05-22 19:09:00,3.0166,3.0181,3.0161,3.0171,3.0216,3.0231,3.0211,3.0221,14
2026-05-22 19:10:00,3.0181,3.0191,3.0171,3.0171,3.0231,3.0241,3.0221,3.0221,18
2026-05-22 19:11:00,3.0161,3.0181,3.0161,3.0171,3.0211,3.0231,3.0211,3.0221,17
2026-05-22 19:12:00,3.0176,3.0191,3.0171,3.0181,3.0226,3.0241,3.0221,3.0231,24
2026-05-22 19:13:00,3.0191,3.0191,3.0181,3.0191,3.0241,3.0241,3.0231,3.0241,8
2026-05-22 19:14:00,3.0211,3.0211,3.0191,3.0201,3.0261,3.0261,3.0241,3.0251,20
2026-05-22 19:15:00,3.0211,3.0211,3.0191,3.0201,3.0261,3.0261,3.0241,3.0251,22
2026-05-22 19:16:00,3.0191,3.0211,3.0191,3.0211,3.0241,3.0261,3.0241,3.0261,7
2026-05-22 19:17:00,3.0201,3.0211,3.0171,3.0171,3.0251,3.0261,3.0221,3.0221,15
2026-05-22 19:18:00,3.0161,3.0191,3.0161,3.0181,3.0211,3.0241,3.0211,3.0231,7
2026-05-22 19:19:00,3.0176,3.0241,3.0176,3.0231,3.0226,3.0291,3.0226,3.0281,46
2026-05-22 19:20:00,3.0236,3.0241,3.0201,3.0201,3.0286,3.0291,3.0251,3.0251,17
2026-05-22 19:21:00,3.0211,3.0211,3.0201,3.0201,3.0261,3.0261,3.0251,3.0251,28
2026-05-22 19:22:00,3.0191,3.0221,3.0191,3.0221,3.0241,3.0271,3.0241,3.0271,16
2026-05-22 19:23:00,3.0216,3.0231,3.0211,3.0231,3.0266,3.0281,3.0261,3.0281,15
2026-05-22 19:24:00,3.0221,3.0231,3.0201,3.0201,3.0271,3.0281,3.0251,3.0251,12
2026-05-22 19:25:00,3.0211,3.0211,3.0201,3.0211,3.0261,3.0261,3.0251,3.0261,5
2026-05-22 19:26:00,3.0221,3.0221,3.0191,3.0201,3.0271,3.0271,3.0241,3.0251,8
2026-05-22 19:27:00,3.0211,3.0211,3.0181,3.0191,3.0261,3.0261,3.0231,3.0241,5
2026-05-22 19:28:00,3.0181,3.0231,3.0161,3.0191,3.0231,3.0281,3.0211,3.0241,66
2026-05-22 19:29:00,3.0201,3.0221,3.0181,3.0191,3.0251,3.0271,3.0231,3.0241,49
2026-05-22 19:30:00,3.0181,3.0211,3.0181,3.0201,3.0231,3.0261,3.0231,3.0251,41
2026-05-22 19:31:00,3.0211,3.0231,3.0201,3.0211,3.0261,3.0281,3.0251,3.0261,12
2026-05-22 19:32:00,3.0201,3.0231,3.0201,3.0201,3.0251,3.0281,3.0251,3.0251,35
2026-05-22 19:33:00,3.0211,3.0211,3.0191,3.0211,3.0261,3.0261,3.0241,3.0261,36
2026-05-22 19:34:00,3.0221,3.0231,3.0211,3.0221,3.0271,3.0281,3.0261,3.0271,11
2026-05-22 19:35:00,3.0231,3.0231,3.0191,3.0221,3.0281,3.0281,3.0241,3.0271,11
2026-05-22 19:36:00,3.0231,3.0241,3.0211,3.0226,3.0281,3.0291,3.0261,3.0276,39
2026-05-22 19:37:00,3.0221,3.0231,3.0211,3.0211,3.0271,3.0281,3.0261,3.0261,10
2026-05-22 19:38:00,3.0251,3.0256,3.0201,3.0206,3.0301,3.0306,3.0251,3.0256,29
2026-05-22 19:39:00,3.0211,3.0211,3.0196,3.0201,3.0261,3.0261,3.0246,3.0251,11
2026-05-22 19:40:00,3.0191,3.0221,3.0191,3.0211,3.0241,3.0271,3.0241,3.0261,20
2026-05-22 19:41:00,3.0201,3.0221,3.0191,3.0211,3.0251,3.0271,3.0241,3.0261,15
2026-05-22 19:42:00,3.0221,3.0221,3.0211,3.0211,3.0271,3.0271,3.0261,3.0261,16
2026-05-22 19:43:00,3.0221,3.0221,3.0211,3.0221,3.0271,3.0271,3.0261,3.0271,4
2026-05-22 19:44:00,3.0211,3.0221,3.0211,3.0221,3.0261,3.0271,3.0261,3.0271,10
2026-05-22 19:45:00,3.0231,3.0231,3.0231,3.0231,3.0281,3.0281,3.0281,3.0281,1
2026-05-22 19:46:00,3.0241,3.0241,3.0221,3.0231,3.0291,3.0291,3.0271,3.0281,8
2026-05-22 19:47:00,3.0221,3.0251,3.0221,3.0251,3.0271,3.0301,3.0271,3.0301,19
2026-05-22 19:48:00,3.0261,3.0261,3.0231,3.0231,3.0311,3.0311,3.0281,3.0281,18
2026-05-22 19:49:00,3.0221,3.0241,3.0221,3.0231,3.0271,3.0291,3.0271,3.0281,7
2026-05-22 19:50:00,3.0241,3.0241,3.0241,3.0241,3.0291,3.0291,3.0291,3.0291,1
2026-05-22 19:51:00,3.0246,3.0251,3.0246,3.0251,3.0296,3.0301,3.0296,3.0301,2
2026-05-22 19:52:00,3.0261,3.0291,3.0261,3.0281,3.0311,3.0341,3.0311,3.0331,25
2026-05-22 19:53:00,3.0291,3.0331,3.0291,3.0331,3.0341,3.0381,3.0341,3.0381,20
2026-05-22 19:54:00,3.0321,3.0341,3.0311,3.0311,3.0371,3.0391,3.0361,3.0361,16
2026-05-22 19:55:00,3.0301,3.0321,3.0301,3.0311,3.0351,3.0371,3.0351,3.0361,16
2026-05-22 19:56:00,3.0301,3.0311,3.0291,3.0291,3.0351,3.0361,3.0341,3.0341,23
2026-05-22 19:57:00,3.0301,3.0301,3.0271,3.0281,3.0351,3.0351,3.0321,3.0331,15
2026-05-22 19:58:00,3.0276,3.0276,3.0211,3.0211,3.0326,3.0326,3.0261,3.0261,25
2026-05-22 19:59:00,3.0201,3.0221,3.0191,3.0221,3.0251,3.0271,3.0241,3.0271,29
2026-05-22 20:00:00,3.0216,3.0241,3.0216,3.0231,3.0266,3.0291,3.0266,3.0281,17
2026-05-22 20:01:00,3.0236,3.0241,3.0221,3.0221,3.0286,3.0291,3.0271,3.0271,18
2026-05-22 20:02:00,3.0231,3.0251,3.0231,3.0251,3.0281,3.0301,3.0281,3.0301,18
2026-05-22 20:03:00,3.0241,3.0241,3.0221,3.0231,3.0291,3.0291,3.0271,3.0281,18
2026-05-22 20:04:00,3.0241,3.0271,3.0231,3.0241,3.0291,3.0321,3.0281,3.0291,33
2026-05-22 20:05:00,3.0231,3.0271,3.0221,3.0261,3.0281,3.0321,3.0271,3.0311,26
2026-05-22 20:06:00,3.0271,3.0281,3.0241,3.0241,3.0321,3.0331,3.0291,3.0291,17
2026-05-22 20:07:00,3.0251,3.0301,3.0241,3.0251,3.0301,3.0351,3.0291,3.0301,49
2026-05-22 20:08:00,3.0241,3.0251,3.0241,3.0241,3.0291,3.0301,3.0291,3.0291,5
2026-05-22 20:09:00,3.0231,3.0231,3.0201,3.0216,3.0281,3.0281,3.0251,3.0266,16
2026-05-22 20:10:00,3.0211,3.0221,3.0201,3.0211,3.0261,3.0271,3.0251,3.0261,13
2026-05-22 20:11:00,3.0206,3.0206,3.0191,3.0191,3.0256,3.0256,3.0241,3.0241,3
2026-05-22 20:12:00,3.0181,3.0201,3.0181,3.0191,3.0231,3.0251,3.0231,3.0241,7
2026-05-22 20:13:00,3.0201,3.0211,3.0181,3.0201,3.0251,3.0261,3.0231,3.0251,23
2026-05-22 20:14:00,3.0211,3.0221,3.0211,3.0211,3.0261,3.0271,3.0261,3.0261,3
2026-05-22 20:15:00,3.0221,3.0231,3.0211,3.0221,3.0271,3.0281,3.0261,3.0271,6
2026-05-22 20:16:00,3.0211,3.0221,3.0161,3.0161,3.0261,3.0271,3.0211,3.0211,18
2026-05-22 20:17:00,3.0151,3.0171,3.0151,3.0171,3.0201,3.0221,3.0201,3.0221,6
2026-05-22 20:18:00,3.0166,3.0181,3.0126,3.0181,3.0216,3.0231,3.0176,3.0231,32
2026-05-22 20:19:00,3.0176,3.0176,3.0171,3.0171,3.0226,3.0226,3.0221,3.0221,2
2026-05-22 20:20:00,3.0161,3.0161,3.0141,3.0151,3.0211,3.0211,3.0191,3.0201,13
2026-05-22 20:21:00,3.0161,3.0161,3.0111,3.0116,3.0211,3.0211,3.0161,3.0166,30
2026-05-22 20:22:00,3.0111,3.0121,3.0081,3.0081,3.0161,3.0171,3.0131,3.0131,33
2026-05-22 20:23:00,3.0091,3.0111,3.0081,3.0091,3.0141,3.0161,3.0131,3.0141,22
2026-05-22 20:24:00,3.0101,3.0101,3.0071,3.0081,3.0151,3.0151,3.0121,3.0131,16
2026-05-22 20:25:00,3.0091,3.0126,3.0081,3.0111,3.0141,3.0176,3.0131,3.0161,41
2026-05-22 20:26:00,3.0101,3.0121,3.0096,3.0101,3.0151,3.0171,3.0146,3.0151,15
2026-05-22 20:27:00,3.0091,3.0151,3.0091,3.0151,3.0141,3.0201,3.0141,3.0201,23
2026-05-22 20:28:00,3.0161,3.0211,3.0161,3.0201,3.0211,3.0261,3.0211,3.0251,67
2026-05-22 20:29:00,3.0211,3.0211,3.0191,3.0201,3.0261,3.0261,3.0241,3.0251,61
2026-05-22 20:30:00,3.0191,3.0211,3.0181,3.0201,3.0241,3.0261,3.0231,3.0251,34
2026-05-22 20:31:00,3.0211,3.0211,3.0191,3.0191,3.0261,3.0261,3.0241,3.0241,5
2026-05-22 20:32:00,3.0181,3.0191,3.0171,3.0191,3.0231,3.0241,3.0221,3.0241,8
2026-05-22 20:33:00,3.0181,3.0191,3.0181,3.0191,3.0231,3.0241,3.0231,3.0241,6
2026-05-22 20:34:00,3.0201,3.0211,3.0191,3.0211,3.0251,3.0261,3.0241,3.0261,6
2026-05-22 20:35:00,3.0201,3.0211,3.0201,3.0201,3.0251,3.0261,3.0251,3.0251,3
2026-05-22 20:36:00,3.0191,3.0211,3.0181,3.0201,3.0241,3.0261,3.0231,3.0251,12
2026-05-22 20:37:00,3.0191,3.0201,3.0191,3.0191,3.0241,3.0251,3.0241,3.0241,3
2026-05-22 20:38:00,3.0201,3.0201,3.0171,3.0191,3.0251,3.0251,3.0221,3.0241,16
2026-05-22 20:39:00,3.0201,3.0211,3.0161,3.0211,3.0251,3.0261,3.0211,3.0261,25
2026-05-22 20:40:00,3.0201,3.0211,3.0191,3.0201,3.0251,3.0261,3.0241,3.0251,14
2026-05-22 20:41:00,3.0211,3.0211,3.0201,3.0201,3.0261,3.0261,3.0251,3.0251,9
2026-05-22 20:42:00,3.0211,3.0211,3.0191,3.0191,3.0261,3.0261,3.0241,3.0241,9
2026-05-22 20:43:00,3.0196,3.0211,3.0196,3.0211,3.0246,3.0261,3.0246,3.0261,7
2026-05-22 20:44:00,3.0206,3.0231,3.0201,3.0231,3.0256,3.0281,3.0251,3.0281,9
2026-05-22 20:45:00,3.0221,3.0231,3.0221,3.0231,3.0271,3.0281,3.0271,3.0281,16
2026-05-22 20:46:00,3.0221,3.0231,3.0211,3.0221,3.0271,3.0281,3.0261,3.0271,20
2026-05-22 20:47:00,3.0231,3.0231,3.0221,3.0221,3.0281,3.0281,3.0271,3.0271,4
2026-05-22 20:48:00,3.0231,3.0231,3.0221,3.0231,3.0281,3.0281,3.0271,3.0281,7
2026-05-22 20:49:00,3.0221,3.0221,3.0201,3.0206,3.0271,3.0271,3.0251,3.0256,11
2026-05-22 20:50:00,3.0201,3.0211,3.0201,3.0206,3.0251,3.0261,3.0251,3.0256,10
2026-05-22 20:51:00,3.0201,3.0221,3.0201,3.0221,3.0251,3.0271,3.0251,3.0271,5
2026-05-22 20:52:00,3.0211,3.0216,3.0201,3.0206,3.0261,3.0266,3.0251,3.0256,7
2026-05-22 20:53:00,3.0201,3.0201,3.0191,3.0191,3.0251,3.0251,3.0241,3.0241,5
2026-05-22 20:54:00,3.0181,3.0191,3.0181,3.0191,3.0231,3.0241,3.0231,3.0241,2
2026-05-22 20:55:00,3.0196,3.0201,3.0191,3.0191,3.0246,3.0251,3.0241,3.0241,7
2026-05-22 20:56:00,3.0196,3.0211,3.0191,3.0211,3.0246,3.0261,3.0241,3.0261,6
2026-05-22 20:58:00,3.0201,3.0201,3.0181,3.0191,3.0251,3.0251,3.0231,3.0241,15
2026-05-22 21:01:00,3.0181,3.0191,3.0181,3.0191,3.0231,3.0241,3.0231,3.0241,5
2026-05-22 21:02:00,3.0181,3.0201,3.0181,3.0191,3.0231,3.0251,3.0231,3.0241,11
2026-05-22 21:03:00,3.0196,3.0201,3.0191,3.0196,3.0246,3.0251,3.0241,3.0246,8
2026-05-22 21:04:00,3.0201,3.0201,3.0181,3.0181,3.0251,3.0251,3.0231,3.0231,3
2026-05-22 21:05:00,3.0191,3.0191,3.0191,3.0191,3.0241,3.0241,3.0241,3.0241,1
2026-05-22 21:06:00,3.0181,3.0191,3.0181,3.0191,3.0231,3.0241,3.0231,3.0241,2
2026-05-22 21:07:00,3.0181,3.0181,3.0181,3.0181,3.0231,3.0231,3.0231,3.0231,1
2026-05-22 21:08:00,3.0171,3.0181,3.0171,3.0181,3.0221,3.0231,3.0221,3.0231,3
2026-05-22 21:11:00,3.0191,3.0201,3.0181,3.0191,3.0241,3.0251,3.0231,3.0241,13
2026-05-22 21:12:00,3.0201,3.0201,3.0181,3.0181,3.0251,3.0251,3.0231,3.0231,3
2026-05-22 21:13:00,3.0171,3.0171,3.0161,3.0171,3.0221,3.0221,3.0211,3.0221,3
2026-05-22 21:14:00,3.0181,3.0191,3.0171,3.0181,3.0231,3.0241,3.0221,3.0231,6
2026-05-22 21:15:00,3.0191,3.0191,3.0191,3.0191,3.0241,3.0241,3.0241,3.0241,1
2026-05-22 21:16:00,3.0196,3.0201,3.0191,3.0191,3.0246,3.0251,3.0241,3.0241,4
2026-05-22 21:18:00,3.0181,3.0191,3.0181,3.0181,3.0231,3.0241,3.0231,3.0231,7
2026-05-22 21:22:00,3.0171,3.0181,3.0171,3.0181,3.0221,3.0231,3.0221,3.0231,2
2026-05-22 21:25:00,3.0191,3.0191,3.0181,3.0181,3.0241,3.0241,3.0231,3.0231,7
2026-05-22 21:26:00,3.0191,3.0201,3.0181,3.0201,3.0241,3.0251,3.0231,3.0251,18
2026-05-22 21:27:00,3.0206,3.0211,3.0191,3.0191,3.0256,3.0261,3.0241,3.0241,7
2026-05-22 21:28:00,3.0201,3.0201,3.0201,3.0201,3.0251,3.0251,3.0251,3.0251,1
2026-05-22 21:29:00,3.0191,3.0191,3.0191,3.0191,3.0241,3.0241,3.0241,3.0241,1
2026-05-22 21:30:00,3.0201,3.0206,3.0196,3.0206,3.0251,3.0256,3.0246,3.0256,6
2026-05-22 21:31:00,3.0201,3.0211,3.0201,3.0201,3.0251,3.0261,3.0251,3.0251,5
2026-05-22 21:32:00,3.0191,3.0191,3.0191,3.0191,3.0241,3.0241,3.0241,3.0241,1
2026-05-22 21:33:00,3.0181,3.0191,3.0181,3.0186,3.0231,3.0241,3.0231,3.0236,8
2026-05-22 21:34:00,3.0191,3.0191,3.0191,3.0191,3.0241,3.0241,3.0241,3.0241,1
2026-05-22 21:35:00,3.0181,3.0191,3.0181,3.0191,3.0231,3.0241,3.0231,3.0241,2
2026-05-22 21:37:00,3.0196,3.0201,3.0191,3.0201,3.0246,3.0251,3.0241,3.0251,5
2026-05-22 21:38:00,3.0211,3.0221,3.0201,3.0211,3.0261,3.0271,3.0251,3.0261,9
2026-05-22 21:39:00,3.0221,3.0221,3.0211,3.0211,3.0271,3.0271,3.0261,3.0261,5
2026-05-22 21:41:00,3.0201,3.0201,3.0196,3.0201,3.0251,3.0251,3.0246,3.0251,5
2026-05-22 21:42:00,3.0211,3.0211,3.0201,3.0211,3.0261,3.0261,3.0251,3.0261,3
2026-05-22 21:44:00,3.0201,3.0201,3.0201,3.0201,3.0251,3.0251,3.0251,3.0251,1
2026-05-22 21:45:00,3.0211,3.0211,3.0211,3.0211,3.0261,3.0261,3.0261,3.0261,1
2026-05-22 21:46:00,3.0201,3.0211,3.0201,3.0211,3.0251,3.0261,3.0251,3.0261,8
2026-05-22 21:47:00,3.0206,3.0211,3.0206,3.0211,3.0256,3.0261,3.0256,3.0261,2
2026-05-22 21:49:00,3.0201,3.0211,3.0201,3.0201,3.0251,3.0261,3.0251,3.0251,3
2026-05-22 21:51:00,3.0191,3.0201,3.0191,3.0201,3.0241,3.0251,3.0241,3.0251,2
2026-05-22 21:52:00,3.0211,3.0211,3.0206,3.0211,3.0261,3.0261,3.0256,3.0261,9
2026-05-22 21:53:00,3.0216,3.0221,3.0211,3.0211,3.0266,3.0271,3.0261,3.0261,10
2026-05-22 21:55:00,3.0221,3.0221,3.0216,3.0216,3.0271,3.0271,3.0266,3.0266,2
2026-05-22 21:56:00,3.0221,3.0221,3.0211,3.0221,3.0271,3.0271,3.0261,3.0271,6
2026-05-22 21:57:00,3.0211,3.0221,3.0211,3.0221,3.0261,3.0271,3.0261,3.0271,6
2026-05-22 21:58:00,3.0211,3.0221,3.0211,3.0211,3.0261,3.0271,3.0261,3.0261,3
2026-05-22 22:00:00,3.0221,3.0221,3.0216,3.0221,3.0271,3.0271,3.0266,3.0271,9
2026-05-22 22:01:00,3.0231,3.0231,3.0226,3.0231,3.0281,3.0281,3.0276,3.0281,3
2026-05-22 22:02:00,3.0221,3.0231,3.0221,3.0231,3.0271,3.0281,3.0271,3.0281,2
2026-05-22 22:03:00,3.0226,3.0231,3.0221,3.0221,3.0276,3.0281,3.0271,3.0271,10
2026-05-22 22:05:00,3.0211,3.0221,3.0206,3.0211,3.0261,3.0271,3.0256,3.0261,5
2026-05-22 22:06:00,3.0201,3.0211,3.0201,3.0201,3.0251,3.0261,3.0251,3.0251,3
2026-05-22 22:07:00,3.0211,3.0211,3.0196,3.0211,3.0261,3.0261,3.0246,3.0261,17
2026-05-22 22:08:00,3.0221,3.0221,3.0211,3.0211,3.0271,3.0271,3.0261,3.0261,5
2026-05-22 22:09:00,3.0216,3.0221,3.0216,3.0221,3.0266,3.0271,3.0266,3.0271,2
2026-05-22 22:10:00,3.0226,3.0231,3.0221,3.0221,3.0276,3.0281,3.0271,3.0271,7
2026-05-22 22:11:00,3.0226,3.0226,3.0221,3.0221,3.0276,3.0276,3.0271,3.0271,2
2026-05-22 22:12:00,3.0226,3.0226,3.0226,3.0226,3.0276,3.0276,3.0276,3.0276,1
2026-05-22 22:13:00,3.0231,3.0231,3.0221,3.0231,3.0281,3.0281,3.0271,3.0281,5
2026-05-22 22:14:00,3.0226,3.0231,3.0221,3.0226,3.0276,3.0281,3.0271,3.0276,6
2026-05-22 22:15:00,3.0231,3.0231,3.0221,3.0221,3.0281,3.0281,3.0271,3.0271,8
2026-05-22 22:16:00,3.0226,3.0231,3.0226,3.0231,3.0276,3.0281,3.0276,3.0281,2
2026-05-22 22:17:00,3.0226,3.0231,3.0221,3.0231,3.0276,3.0281,3.0271,3.0281,4
2026-05-22 22:19:00,3.0236,3.0241,3.0236,3.0241,3.0286,3.0291,3.0286,3.0291,4
2026-05-22 22:20:00,3.0231,3.0236,3.0231,3.0236,3.0281,3.0286,3.0281,3.0286,2
2026-05-22 22:21:00,3.0231,3.0236,3.0231,3.0236,3.0281,3.0286,3.0281,3.0286,6
2026-05-22 22:22:00,3.0241,3.0241,3.0231,3.0236,3.0291,3.0291,3.0281,3.0286,3
2026-05-22 22:23:00,3.0241,3.0241,3.0236,3.0241,3.0291,3.0291,3.0286,3.0291,5
2026-05-22 22:24:00,3.0251,3.0251,3.0241,3.0246,3.0301,3.0301,3.0291,3.0296,3
2026-05-22 22:25:00,3.0251,3.0261,3.0251,3.0251,3.0301,3.0311,3.0301,3.0301,3
2026-05-22 22:26:00,3.0256,3.0261,3.0251,3.0251,3.0306,3.0311,3.0301,3.0301,10
2026-05-22 22:27:00,3.0241,3.0251,3.0241,3.0246,3.0291,3.0301,3.0291,3.0296,4
2026-05-22 22:28:00,3.0241,3.0246,3.0241,3.0241,3.0291,3.0296,3.0291,3.0291,3
2026-05-22 22:29:00,3.0246,3.0246,3.0231,3.0236,3.0296,3.0296,3.0281,3.0286,4
2026-05-22 22:30:00,3.0241,3.0251,3.0241,3.0251,3.0291,3.0301,3.0291,3.0301,4
2026-05-22 22:31:00,3.0261,3.0261,3.0251,3.0251,3.0311,3.0311,3.0301,3.0301,7
2026-05-22 22:32:00,3.0241,3.0251,3.0241,3.0246,3.0291,3.0301,3.0291,3.0296,8
2026-05-22 22:33:00,3.0251,3.0261,3.0251,3.0256,3.0301,3.0311,3.0301,3.0306,5
2026-05-22 22:34:00,3.0251,3.0271,3.0251,3.0271,3.0301,3.0321,3.0301,3.0321,3
2026-05-22 22:35:00,3.0281,3.0291,3.0281,3.0286,3.0331,3.0341,3.0331,3.0336,7
2026-05-22 22:36:00,3.0281,3.0291,3.0281,3.0291,3.0331,3.0341,3.0331,3.0341,8
2026-05-22 22:37:00,3.0286,3.0291,3.0286,3.0291,3.0336,3.0341,3.0336,3.0341,2
2026-05-22 22:39:00,3.0286,3.0291,3.0281,3.0281,3.0336,3.0341,3.0331,3.0331,3
2026-05-22 22:40:00,3.0291,3.0296,3.0281,3.0281,3.0341,3.0346,3.0331,3.0331,6
2026-05-22 22:41:00,3.0271,3.0281,3.0271,3.0281,3.0321,3.0331,3.0321,3.0331,2
2026-05-22 22:43:00,3.0271,3.0281,3.0271,3.0281,3.0321,3.0331,3.0321,3.0331,3
2026-05-22 22:44:00,3.0286,3.0301,3.0281,3.0296,3.0336,3.0351,3.0331,3.0346,7
2026-05-22 22:45:00,3.0291,3.0321,3.0291,3.0321,3.0341,3.0371,3.0341,3.0371,8
2026-05-22 22:46:00,3.0311,3.0316,3.0291,3.0301,3.0361,3.0366,3.0341,3.0351,7
2026-05-22 22:47:00,3.0291,3.0301,3.0291,3.0301,3.0341,3.0351,3.0341,3.0351,3
2026-05-22 22:48:00,3.0291,3.0301,3.0281,3.0291,3.0341,3.0351,3.0331,3.0341,9
2026-05-22 22:50:00,3.0301,3.0301,3.0301,3.0301,3.0351,3.0351,3.0351,3.0351,1
2026-05-22 22:51:00,3.0291,3.0291,3.0281,3.0281,3.0341,3.0341,3.0331,3.0331,3
2026-05-22 22:52:00,3.0286,3.0286,3.0281,3.0286,3.0336,3.0336,3.0331,3.0336,3
2026-05-22 22:53:00,3.0291,3.0306,3.0281,3.0301,3.0341,3.0356,3.0331,3.0351,11
2026-05-22 22:55:00,3.0311,3.0311,3.0301,3.0311,3.0361,3.0361,3.0351,3.0361,7
2026-05-22 22:56:00,3.0321,3.0321,3.0311,3.0311,3.0371,3.0371,3.0361,3.0361,13
2026-05-22 22:58:00,3.0316,3.0331,3.0311,3.0331,3.0366,3.0381,3.0361,3.0381,6
2026-05-22 22:59:00,3.0336,3.0356,3.0321,3.0356,3.0386,3.0406,3.0371,3.0406,13
2026-05-25 00:00:00,3.0236,3.0246,3.0041,3.0096,3.0286,3.0296,3.0091,3.0146,104
2026-05-25 00:01:00,3.0091,3.0126,3.0071,3.0071,3.0141,3.0176,3.0121,3.0121,18
2026-05-25 00:02:00,3.0066,3.0066,3.0061,3.0061,3.0116,3.0116,3.0111,3.0111,4
2026-05-25 00:03:00,3.0056,3.0091,3.0046,3.0091,3.0106,3.0141,3.0096,3.0141,7
2026-05-25 00:04:00,3.0076,3.0076,3.0031,3.0036,3.0126,3.0126,3.0081,3.0086,7
2026-05-25 00:05:00,3.0046,3.0091,3.0046,3.0091,3.0096,3.0141,3.0096,3.0141,12
2026-05-25 00:06:00,3.0096,3.0121,3.0096,3.0116,3.0146,3.0171,3.0146,3.0166,6
2026-05-25 00:07:00,3.0121,3.0121,3.0096,3.0111,3.0171,3.0171,3.0146,3.0161,7
2026-05-25 00:08:00,3.0106,3.0106,3.0091,3.0091,3.0156,3.0156,3.0141,3.0141,4
2026-05-25 00:09:00,3.0101,3.0116,3.0096,3.0106,3.0151,3.0166,3.0146,3.0156,8
2026-05-25 00:10:00,3.0101,3.0151,3.0101,3.0146,3.0151,3.0201,3.0151,3.0196,8
2026-05-25 00:11:00,3.0141,3.0156,3.0141,3.0151,3.0191,3.0206,3.0191,3.0201,5
2026-05-25 00:12:00,3.0161,3.0166,3.0161,3.0166,3.0211,3.0216,3.0211,3.0216,2
2026-05-25 00:13:00,3.0156,3.0156,3.0146,3.0146,3.0206,3.0206,3.0196,3.0196,2
2026-05-25 00:14:00,3.0151,3.0161,3.0151,3.0161,3.0201,3.0211,3.0201,3.0211,5
2026-05-25 00:15:00,3.0166,3.0186,3.0166,3.0186,3.0216,3.0236,3.0216,3.0236,6
2026-05-25 00:16:00,3.0181,3.0181,3.0181,3.0181,3.0231,3.0231,3.0231,3.0231,1
2026-05-25 00:17:00,3.0186,3.0186,3.0171,3.0171,3.0236,3.0236,3.0221,3.0221,4
2026-05-25 00:18:00,3.0176,3.0181,3.0176,3.0181,3.0226,3.0231,3.0226,3.0231,2
2026-05-25 00:19:00,3.0176,3.0186,3.0166,3.0171,3.0226,3.0236,3.0216,3.0221,9
2026-05-25 00:20:00,3.0166,3.0171,3.0166,3.0166,3.0216,3.0221,3.0216,3.0216,3
2026-05-25 00:21:00,3.0161,3.0166,3.0151,3.0151,3.0211,3.0216,3.0201,3.0201,4
2026-05-25 00:22:00,3.0156,3.0156,3.0146,3.0156,3.0206,3.0206,3.0196,3.0206,4
2026-05-25 00:23:00,3.0146,3.0166,3.0146,3.0166,3.0196,3.0216,3.0196,3.0216,4
2026-05-25 00:26:00,3.0161,3.0166,3.0161,3.0166,3.0211,3.0216,3.0211,3.0216,2
2026-05-25 00:27:00,3.0171,3.0171,3.0166,3.0166,3.0221,3.0221,3.0216,3.0216,2
2026-05-25 00:29:00,3.0176,3.0176,3.0176,3.0176,3.0226,3.0226,3.0226,3.0226,1
2026-05-25 00:30:00,3.0186,3.0186,3.0176,3.0176,3.0236,3.0236,3.0226,3.0226,2
2026-05-25 00:31:00,3.0166,3.0166,3.0166,3.0166,3.0216,3.0216,3.0216,3.0216,1
2026-05-25 00:32:00,3.0161,3.0161,3.0156,3.0156,3.0211,3.0211,3.0206,3.0206,2
2026-05-25 00:33:00,3.0161,3.0176,3.0156,3.0171,3.0211,3.0226,3.0206,3.0221,6
2026-05-25 00:34:00,3.0166,3.0166,3.0166,3.0166,3.0216,3.0216,3.0216,3.0216,1
2026-05-25 00:37:00,3.0161,3.0161,3.0126,3.0131,3.0211,3.0211,3.0176,3.0181,7
2026-05-25 00:38:00,3.0126,3.0126,3.0121,3.0121,3.0176,3.0176,3.0171,3.0171,2
2026-05-25 00:39:00,3.0126,3.0126,3.0091,3.0096,3.0176,3.0176,3.0141,3.0146,6
2026-05-25 00:40:00,3.0106,3.0106,3.0101,3.0101,3.0156,3.0156,3.0151,3.0151,2
2026-05-25 00:41:00,3.0106,3.0106,3.0106,3.0106,3.0156,3.0156,3.0156,3.0156,1
2026-05-25 00:42:00,3.0101,3.0101,3.0101,3.0101,3.0151,3.0151,3.0151,3.0151,1
2026-05-25 00:44:00,3.0096,3.0096,3.0096,3.0096,3.0146,3.0146,3.0146,3.0146,1
2026-05-25 00:46:00,3.0086,3.0106,3.0086,3.0106,3.0136,3.0156,3.0136,3.0156,7
2026-05-25 00:47:00,3.0101,3.0106,3.0096,3.0106,3.0151,3.0156,3.0146,3.0156,3
2026-05-25 00:48:00,3.0096,3.0101,3.0096,3.0096,3.0146,3.0151,3.0146,3.0146,3
2026-05-25 00:49:00,3.0106,3.0121,3.0106,3.0116,3.0156,3.0171,3.0156,3.0166,4
2026-05-25 00:50:00,3.0126,3.0131,3.0126,3.0126,3.0176,3.0181,3.0176,3.0176,3
2026-05-25 00:51:00,3.0116,3.0116,3.0116,3.0116,3.0166,3.0166,3.0166,3.0166,1
2026-05-25 00:52:00,3.0121,3.0146,3.0121,3.0141,3.0171,3.0196,3.0171,3.0191,6
2026-05-25 00:53:00,3.0146,3.0146,3.0106,3.0116,3.0196,3.0196,3.0156,3.0166,9
2026-05-25 00:54:00,3.0111,3.0111,3.0096,3.0096,3.0161,3.0161,3.0146,3.0146,6
2026-05-25 00:55:00,3.0086,3.0091,3.0086,3.0091,3.0136,3.0141,3.0136,3.0141,2
2026-05-25 00:56:00,3.0096,3.0096,3.0081,3.0091,3.0146,3.0146,3.0131,3.0141,8
2026-05-25 00:57:00,3.0096,3.0096,3.0091,3.0096,3.0146,3.0146,3.0141,3.0146,3
2026-05-25 00:58:00,3.0101,3.0101,3.0096,3.0101,3.0151,3.0151,3.0146,3.0151,3
2026-05-25 01:00:00,3.0096,3.0126,3.0086,3.0126,3.0146,3.0176,3.0136,3.0176,7
2026-05-25 01:01:00,3.0121,3.0121,3.0121,3.0121,3.0171,3.0171,3.0171,3.0171,1
2026-05-25 01:02:00,3.0126,3.0126,3.0116,3.0116,3.0176,3.0176,3.0166,3.0166,2
2026-05-25 01:03:00,3.0111,3.0126,3.0106,3.0121,3.0161,3.0176,3.0156,3.0171,6
2026-05-25 01:04:00,3.0116,3.0116,3.0111,3.0111,3.0166,3.0166,3.0161,3.0161,2
2026-05-25 01:06:00,3.0116,3.0126,3.0116,3.0121,3.0166,3.0176,3.0166,3.0171,3
2026-05-25 01:07:00,3.0116,3.0121,3.0116,3.0121,3.0166,3.0171,3.0166,3.0171,4
2026-05-25 01:08:00,3.0116,3.0121,3.0116,3.0121,3.0166,3.0171,3.0166,3.0171,2
2026-05-25 01:09:00,3.0116,3.0121,3.0116,3.0121,3.0166,3.0171,3.0166,3.0171,2
2026-05-25 01:10:00,3.0126,3.0126,3.0121,3.0121,3.0176,3.0176,3.0171,3.0171,2
2026-05-25 01:11:00,3.0126,3.0126,3.0126,3.0126,3.0176,3.0176,3.0176,3.0176,1
2026-05-25 01:13:00,3.0121,3.0121,3.0116,3.0116,3.0171,3.0171,3.0166,3.0166,2
2026-05-25 01:14:00,3.0126,3.0126,3.0116,3.0116,3.0176,3.0176,3.0166,3.0166,3
2026-05-25 01:17:00,3.0106,3.0106,3.0101,3.0106,3.0156,3.0156,3.0151,3.0156,3
2026-05-25 01:18:00,3.0116,3.0126,3.0116,3.0126,3.0166,3.0176,3.0166,3.0176,3
2026-05-25 01:19:00,3.0136,3.0136,3.0126,3.0131,3.0186,3.0186,3.0176,3.0181,4
2026-05-25 01:20:00,3.0136,3.0146,3.0136,3.0146,3.0186,3.0196,3.0186,3.0196,2
2026-05-25 01:21:00,3.0151,3.0151,3.0146,3.0151,3.0201,3.0201,3.0196,3.0201,3
2026-05-25 01:22:00,3.0146,3.0146,3.0136,3.0136,3.0196,3.0196,3.0186,3.0186,3
2026-05-25 01:23:00,3.0141,3.0141,3.0141,3.0141,3.0191,3.0191,3.0191,3.0191,1
2026-05-25 01:24:00,3.0156,3.0156,3.0151,3.0151,3.0206,3.0206,3.0201,3.0201,2
2026-05-25 01:25:00,3.0146,3.0146,3.0146,3.0146,3.0196,3.0196,3.0196,3.0196,1
2026-05-25 01:26:00,3.0151,3.0151,3.0151,3.0151,3.0201,3.0201,3.0201,3.0201,1
2026-05-25 01:28:00,3.0156,3.0156,3.0151,3.0151,3.0206,3.0206,3.0201,3.0201,2
2026-05-25 01:29:00,3.0146,3.0146,3.0141,3.0141,3.0196,3.0196,3.0191,3.0191,2
2026-05-25 01:32:00,3.0136,3.0136,3.0131,3.0131,3.0186,3.0186,3.0181,3.0181,2
2026-05-25 01:33:00,3.0136,3.0141,3.0136,3.0141,3.0186,3.0191,3.0186,3.0191,2
2026-05-25 01:35:00,3.0136,3.0141,3.0136,3.0141,3.0186,3.0191,3.0186,3.0191,2
2026-05-25 01:36:00,3.0146,3.0146,3.0146,3.0146,3.0196,3.0196,3.0196,3.0196,1
2026-05-25 01:37:00,3.0151,3.0151,3.0151,3.0151,3.0201,3.0201,3.0201,3.0201,1
2026-05-25 01:38:00,3.0156,3.0156,3.0141,3.0141,3.0206,3.0206,3.0191,3.0191,4
2026-05-25 01:39:00,3.0146,3.0146,3.0141,3.0141,3.0196,3.0196,3.0191,3.0191,2
2026-05-25 01:40:00,3.0136,3.0151,3.0136,3.0151,3.0186,3.0201,3.0186,3.0201,4
2026-05-25 01:41:00,3.0141,3.0141,3.0116,3.0121,3.0191,3.0191,3.0166,3.0171,8
2026-05-25 01:42:00,3.0126,3.0126,3.0126,3.0126,3.0176,3.0176,3.0176,3.0176,1
2026-05-25 01:44:00,3.0121,3.0121,3.0121,3.0121,3.0171,3.0171,3.0171,3.0171,1
2026-05-25 01:45:00,3.0126,3.0126,3.0116,3.0121,3.0176,3.0176,3.0166,3.0171,6
2026-05-25 01:46:00,3.0116,3.0116,3.0111,3.0116,3.0166,3.0166,3.0161,3.0166,3
2026-05-25 01:47:00,3.0111,3.0111,3.0106,3.0106,3.0161,3.0161,3.0156,3.0156,2
2026-05-25 01:48:00,3.0101,3.0101,3.0101,3.0101,3.0151,3.0151,3.0151,3.0151,1
2026-05-25 01:50:00,3.0096,3.0096,3.0096,3.0096,3.0146,3.0146,3.0146,3.0146,1
2026-05-25 01:51:00,3.0101,3.0101,3.0086,3.0086,3.0151,3.0151,3.0136,3.0136,3
2026-05-25 01:53:00,3.0081,3.0086,3.0081,3.0086,3.0131,3.0136,3.0131,3.0136,2
2026-05-25 01:54:00,3.0091,3.0091,3.0086,3.0086,3.0141,3.0141,3.0136,3.0136,2
2026-05-25 01:55:00,3.0096,3.0096,3.0096,3.0096,3.0146,3.0146,3.0146,3.0146,1
2026-05-25 01:56:00,3.0101,3.0101,3.0091,3.0096,3.0151,3.0151,3.0141,3.0146,3
2026-05-25 01:57:00,3.0091,3.0096,3.0086,3.0086,3.0141,3.0146,3.0136,3.0136,3
2026-05-25 01:58:00,3.0081,3.0086,3.0076,3.0086,3.0131,3.0136,3.0126,3.0136,6
2026-05-25 01:59:00,3.0091,3.0116,3.0091,3.0116,3.0141,3.0166,3.0141,3.0166,5
2026-05-25 02:00:00,3.0126,3.0126,3.0116,3.0121,3.0176,3.0176,3.0166,3.0171,5
2026-05-25 02:01:00,3.0126,3.0136,3.0121,3.0131,3.0176,3.0186,3.0171,3.0181,8
2026-05-25 02:02:00,3.0126,3.0131,3.0121,3.0131,3.0176,3.0181,3.0171,3.0181,4
2026-05-25 02:03:00,3.0146,3.0146,3.0136,3.0141,3.0196,3.0196,3.0186,3.0191,3
2026-05-25 02:04:00,3.0136,3.0141,3.0136,3.0141,3.0186,3.0191,3.0186,3.0191,2
2026-05-25 02:05:00,3.0131,3.0146,3.0126,3.0126,3.0181,3.0196,3.0176,3.0176,7
2026-05-25 02:06:00,3.0121,3.0126,3.0116,3.0126,3.0171,3.0176,3.0166,3.0176,8
2026-05-25 02:07:00,3.0136,3.0136,3.0116,3.0116,3.0186,3.0186,3.0166,3.0166,4
2026-05-25 02:08:00,3.0106,3.0111,3.0106,3.0111,3.0156,3.0161,3.0156,3.0161,2
2026-05-25 02:10:00,3.0106,3.0111,3.0106,3.0111,3.0156,3.0161,3.0156,3.0161,4
2026-05-25 02:11:00,3.0106,3.0106,3.0091,3.0091,3.0156,3.0156,3.0141,3.0141,4
2026-05-25 02:12:00,3.0096,3.0106,3.0096,3.0101,3.0146,3.0156,3.0146,3.0151,3
2026-05-25 02:14:00,3.0106,3.0106,3.0101,3.0106,3.0156,3.0156,3.0151,3.0156,5
2026-05-25 02:15:00,3.0101,3.0106,3.0101,3.0106,3.0151,3.0156,3.0151,3.0156,16
2026-05-25 02:16:00,3.0101,3.0106,3.0101,3.0106,3.0151,3.0156,3.0151,3.0156,2
2026-05-25 02:17:00,3.0101,3.0101,3.0101,3.0101,3.0151,3.0151,3.0151,3.0151,1
2026-05-25 02:20:00,3.0106,3.0106,3.0101,3.0101,3.0156,3.0156,3.0151,3.0151,4
2026-05-25 02:21:00,3.0106,3.0106,3.0101,3.0101,3.0156,3.0156,3.0151,3.0151,4
2026-05-25 02:23:00,3.0096,3.0096,3.0091,3.0096,3.0146,3.0146,3.0141,3.0146,3
2026-05-25 02:24:00,3.0086,3.0096,3.0086,3.0091,3.0136,3.0146,3.0136,3.0141,4
2026-05-25 02:25:00,3.0096,3.0111,3.0096,3.0096,3.0146,3.0161,3.0146,3.0146,6
2026-05-25 02:26:00,3.0106,3.0106,3.0106,3.0106,3.0156,3.0156,3.0156,3.0156,1
2026-05-25 02:27:00,3.0101,3.0106,3.0096,3.0106,3.0151,3.0156,3.0146,3.0156,6
2026-05-25 02:28:00,3.0116,3.0136,3.0116,3.0136,3.0166,3.0186,3.0166,3.0186,3
2026-05-25 02:29:00,3.0126,3.0136,3.0126,3.0131,3.0176,3.0186,3.0176,3.0181,3
2026-05-25 02:30:00,3.0126,3.0126,3.0116,3.0116,3.0176,3.0176,3.0166,3.0166,3
2026-05-25 02:31:00,3.0111,3.0111,3.0111,3.0111,3.0161,3.0161,3.0161,3.0161,1
2026-05-25 02:32:00,3.0106,3.0106,3.0096,3.0096,3.0156,3.0156,3.0146,3.0146,3
2026-05-25 02:34:00,3.0086,3.0086,3.0081,3.0086,3.0136,3.0136,3.0131,3.0136,3
2026-05-25 02:37:00,3.0096,3.0096,3.0091,3.0091,3.0146,3.0146,3.0141,3.0141,2
2026-05-25 02:38:00,3.0096,3.0101,3.0091,3.0096,3.0146,3.0151,3.0141,3.0146,7
2026-05-25 02:40:00,3.0101,3.0101,3.0101,3.0101,3.0151,3.0151,3.0151,3.0151,1
2026-05-25 02:43:00,3.0096,3.0096,3.0096,3.0096,3.0146,3.0146,3.0146,3.0146,1
2026-05-25 02:44:00,3.0101,3.0106,3.0096,3.0101,3.0151,3.0156,3.0146,3.0151,6
2026-05-25 02:45:00,3.0096,3.0096,3.0096,3.0096,3.0146,3.0146,3.0146,3.0146,1
2026-05-25 02:47:00,3.0091,3.0091,3.0086,3.0091,3.0141,3.0141,3.0136,3.0141,3
2026-05-25 02:48:00,3.0086,3.0086,3.0081,3.0081,3.0136,3.0136,3.0131,3.0131,2
2026-05-25 02:49:00,3.0076,3.0076,3.0046,3.0061,3.0126,3.0126,3.0096,3.0111,30
2026-05-25 02:50:00,3.0056,3.0066,3.0056,3.0061,3.0106,3.0116,3.0106,3.0111,3
2026-05-25 02:51:00,3.0066,3.0066,3.0066,3.0066,3.0116,3.0116,3.0116,3.0116,1
2026-05-25 02:52:00,3.0076,3.0096,3.0076,3.0096,3.0126,3.0146,3.0126,3.0146,3
2026-05-25 02:53:00,3.0091,3.0096,3.0086,3.0091,3.0141,3.0146,3.0136,3.0141,4
2026-05-25 02:55:00,3.0096,3.0096,3.0091,3.0096,3.0146,3.0146,3.0141,3.0146,3
2026-05-25 02:56:00,3.0101,3.0116,3.0101,3.0116,3.0151,3.0166,3.0151,3.0166,5
2026-05-25 02:57:00,3.0111,3.0111,3.0106,3.0106,3.0161,3.0161,3.0156,3.0156,2
2026-05-25 02:58:00,3.0111,3.0111,3.0111,3.0111,3.0161,3.0161,3.0161,3.0161,1
2026-05-25 02:59:00,3.0106,3.0106,3.0106,3.0106,3.0156,3.0156,3.0156,3.0156,1
2026-05-25 03:01:00,3.0111,3.0116,3.0111,3.0111,3.0161,3.0166,3.0161,3.0161,3
2026-05-25 03:02:00,3.0106,3.0106,3.0101,3.0101,3.0156,3.0156,3.0151,3.0151,2
2026-05-25 03:03:00,3.0106,3.0116,3.0106,3.0116,3.0156,3.0166,3.0156,3.0166,2
2026-05-25 03:04:00,3.0111,3.0116,3.0111,3.0116,3.0161,3.0166,3.0161,3.0166,2
2026-05-25 03:05:00,3.0106,3.0111,3.0101,3.0101,3.0156,3.0161,3.0151,3.0151,6
2026-05-25 03:06:00,3.0096,3.0126,3.0096,3.0121,3.0146,3.0176,3.0146,3.0171,9
2026-05-25 03:07:00,3.0116,3.0116,3.0111,3.0116,3.0166,3.0166,3.0161,3.0166,3
2026-05-25 03:08:00,3.0111,3.0126,3.0111,3.0121,3.0161,3.0176,3.0161,3.0171,4
2026-05-25 03:09:00,3.0126,3.0126,3.0111,3.0111,3.0176,3.0176,3.0161,3.0161,10
2026-05-25 03:10:00,3.0116,3.0116,3.0116,3.0116,3.0166,3.0166,3.0166,3.0166,1
2026-05-25 03:12:00,3.0111,3.0116,3.0111,3.0116,3.0161,3.0166,3.0161,3.0166,2
2026-05-25 03:15:00,3.0126,3.0146,3.0126,3.0141,3.0176,3.0196,3.0176,3.0191,10
2026-05-25 03:16:00,3.0146,3.0146,3.0136,3.0141,3.0196,3.0196,3.0186,3.0191,10
2026-05-25 03:18:00,3.0136,3.0141,3.0136,3.0141,3.0186,3.0191,3.0186,3.0191,4
2026-05-25 03:19:00,3.0136,3.0136,3.0126,3.0136,3.0186,3.0186,3.0176,3.0186,4
2026-05-25 03:20:00,3.0131,3.0131,3.0126,3.0131,3.0181,3.0181,3.0176,3.0181,9
2026-05-25 03:21:00,3.0136,3.0136,3.0136,3.0136,3.0186,3.0186,3.0186,3.0186,1
2026-05-25 03:22:00,3.0131,3.0146,3.0131,3.0136,3.0181,3.0196,3.0181,3.0186,9
2026-05-25 03:24:00,3.0141,3.0141,3.0136,3.0141,3.0191,3.0191,3.0186,3.0191,3
2026-05-25 03:25:00,3.0146,3.0146,3.0146,3.0146,3.0196,3.0196,3.0196,3.0196,1
2026-05-25 03:26:00,3.0141,3.0146,3.0141,3.0146,3.0191,3.0196,3.0191,3.0196,2
2026-05-25 03:30:00,3.0141,3.0146,3.0136,3.0141,3.0191,3.0196,3.0186,3.0191,5
2026-05-25 03:32:00,3.0146,3.0151,3.0146,3.0151,3.0196,3.0201,3.0196,3.0201,2
2026-05-25 03:34:00,3.0146,3.0146,3.0146,3.0146,3.0196,3.0196,3.0196,3.0196,1
2026-05-25 03:35:00,3.0151,3.0151,3.0146,3.0146,3.0201,3.0201,3.0196,3.0196,2
2026-05-25 03:44:00,3.0156,3.0166,3.0156,3.0166,3.0206,3.0216,3.0206,3.0216,2
2026-05-25 03:47:00,3.0176,3.0176,3.0161,3.0161,3.0226,3.0226,3.0211,3.0211,7
2026-05-25 03:49:00,3.0166,3.0166,3.0161,3.0161,3.0216,3.0216,3.0211,3.0211,2
2026-05-25 03:50:00,3.0156,3.0161,3.0156,3.0161,3.0206,3.0211,3.0206,3.0211,2
2026-05-25 03:52:00,3.0156,3.0156,3.0156,3.0156,3.0206,3.0206,3.0206,3.0206,1
2026-05-25 03:59:00,3.0141,3.0141,3.0136,3.0136,3.0191,3.0191,3.0186,3.0186,2
2026-05-25 04:01:00,3.0141,3.0146,3.0141,3.0146,3.0191,3.0196,3.0191,3.0196,2
2026-05-25 04:02:00,3.0141,3.0141,3.0141,3.0141,3.0191,3.0191,3.0191,3.0191,1
2026-05-25 04:04:00,3.0136,3.0136,3.0136,3.0136,3.0186,3.0186,3.0186,3.0186,1
2026-05-25 04:07:00,3.0126,3.0146,3.0126,3.0146,3.0176,3.0196,3.0176,3.0196,3
2026-05-25 04:08:00,3.0156,3.0156,3.0146,3.0146,3.0206,3.0206,3.0196,3.0196,3
2026-05-25 04:09:00,3.0141,3.0141,3.0141,3.0141,3.0191,3.0191,3.0191,3.0191,1
2026-05-25 04:13:00,3.0136,3.0141,3.0136,3.0141,3.0186,3.0191,3.0186,3.0191,2
2026-05-25 04:14:00,3.0136,3.0136,3.0136,3.0136,3.0186,3.0186,3.0186,3.0186,1
2026-05-25 04:15:00,3.0141,3.0141,3.0141,3.0141,3.0191,3.0191,3.0191,3.0191,1
2026-05-25 04:21:00,3.0136,3.0136,3.0136,3.0136,3.0186,3.0186,3.0186,3.0186,1
2026-05-25 04:22:00,3.0146,3.0146,3.0146,3.0146,3.0196,3.0196,3.0196,3.0196,1
2026-05-25 04:23:00,3.0136,3.0136,3.0136,3.0136,3.0186,3.0186,3.0186,3.0186,1
2026-05-25 04:24:00,3.0131,3.0136,3.0131,3.0136,3.0181,3.0186,3.0181,3.0186,2
2026-05-25 04:25:00,3.0131,3.0131,3.0126,3.0126,3.0181,3.0181,3.0176,3.0176,2
2026-05-25 04:27:00,3.0121,3.0126,3.0121,3.0126,3.0171,3.0176,3.0171,3.0176,4
2026-05-25 04:38:00,3.0136,3.0136,3.0126,3.0126,3.0186,3.0186,3.0176,3.0176,3
2026-05-25 04:41:00,3.0131,3.0131,3.0126,3.0126,3.0181,3.0181,3.0176,3.0176,2
2026-05-25 04:42:00,3.0131,3.0131,3.0126,3.0126,3.0181,3.0181,3.0176,3.0176,2
2026-05-25 04:48:00,3.0131,3.0131,3.0126,3.0126,3.0181,3.0181,3.0176,3.0176,2
2026-05-25 04:49:00,3.0131,3.0131,3.0126,3.0126,3.0181,3.0181,3.0176,3.0176,2
2026-05-25 04:50:00,3.0131,3.0131,3.0126,3.0126,3.0181,3.0181,3.0176,3.0176,2
2026-05-25 04:51:00,3.0116,3.0126,3.0116,3.0126,3.0166,3.0176,3.0166,3.0176,13
2026-05-25 04:52:00,3.0131,3.0131,3.0126,3.0126,3.0181,3.0181,3.0176,3.0176,2
2026-05-25 04:55:00,3.0121,3.0121,3.0116,3.0116,3.0171,3.0171,3.0166,3.0166,2
2026-05-25 04:57:00,3.0106,3.0111,3.0106,3.0106,3.0156,3.0161,3.0156,3.0156,3
2026-05-25 04:59:00,3.0116,3.0116,3.0116,3.0116,3.0166,3.0166,3.0166,3.0166,1
2026-05-25 05:00:00,3.0106,3.0116,3.0106,3.0106,3.0156,3.0166,3.0156,3.0156,7
2026-05-25 05:01:00,3.0111,3.0116,3.0106,3.0111,3.0161,3.0166,3.0156,3.0161,4
2026-05-25 05:02:00,3.0106,3.0106,3.0106,3.0106,3.0156,3.0156,3.0156,3.0156,1
2026-05-25 05:03:00,3.0111,3.0111,3.0106,3.0106,3.0161,3.0161,3.0156,3.0156,2
2026-05-25 05:04:00,3.0116,3.0116,3.0111,3.0111,3.0166,3.0166,3.0161,3.0161,2
2026-05-25 05:05:00,3.0106,3.0111,3.0106,3.0111,3.0156,3.0161,3.0156,3.0161,4
2026-05-25 05:06:00,3.0106,3.0111,3.0106,3.0111,3.0156,3.0161,3.0156,3.0161,2
2026-05-25 05:07:00,3.0106,3.0111,3.0106,3.0106,3.0156,3.0161,3.0156,3.0156,3
2026-05-25 05:08:00,3.0116,3.0116,3.0096,3.0096,3.0166,3.0166,3.0146,3.0146,6
2026-05-25 05:09:00,3.0106,3.0106,3.0086,3.0086,3.0156,3.0156,3.0136,3.0136,8
2026-05-25 05:11:00,3.0076,3.0086,3.0076,3.0086,3.0126,3.0136,3.0126,3.0136,2
2026-05-25 05:12:00,3.0096,3.0096,3.0086,3.0086,3.0146,3.0146,3.0136,3.0136,2
2026-05-25 05:13:00,3.0096,3.0096,3.0096,3.0096,3.0146,3.0146,3.0146,3.0146,1
2026-05-25 05:14:00,3.0086,3.0086,3.0086,3.0086,3.0136,3.0136,3.0136,3.0136,1
2026-05-25 05:17:00,3.0076,3.0081,3.0066,3.0066,3.0126,3.0131,3.0116,3.0116,4
2026-05-25 05:18:00,3.0076,3.0076,3.0071,3.0071,3.0126,3.0126,3.0121,3.0121,2
2026-05-25 05:19:00,3.0076,3.0086,3.0076,3.0076,3.0126,3.0136,3.0126,3.0126,5
2026-05-25 05:21:00,3.0071,3.0071,3.0066,3.0071,3.0121,3.0121,3.0116,3.0121,9
2026-05-25 05:22:00,3.0076,3.0076,3.0071,3.0076,3.0126,3.0126,3.0121,3.0126,3
2026-05-25 05:23:00,3.0086,3.0086,3.0076,3.0086,3.0136,3.0136,3.0126,3.0136,4
2026-05-25 05:24:00,3.0076,3.0076,3.0076,3.0076,3.0126,3.0126,3.0126,3.0126,1
2026-05-25 05:25:00,3.0081,3.0081,3.0076,3.0076,3.0131,3.0131,3.0126,3.0126,2
2026-05-25 05:26:00,3.0081,3.0081,3.0076,3.0076,3.0131,3.0131,3.0126,3.0126,2
2026-05-25 05:30:00,3.0081,3.0106,2.9916,2.9936,3.0131,3.0156,2.9966,2.9986,101
2026-05-25 05:31:00,2.9941,2.9946,2.9876,2.9921,2.9991,2.9996,2.9926,2.9971,60
2026-05-25 05:32:00,2.9926,2.9966,2.9926,2.9966,2.9976,3.0016,2.9976,3.0016,12
2026-05-25 05:33:00,2.9976,2.9996,2.9966,2.9976,3.0026,3.0046,3.0016,3.0026,24
2026-05-25 05:34:00,2.9986,2.9986,2.9956,2.9961,3.0036,3.0036,3.0006,3.0011,21
2026-05-25 05:35:00,2.9956,2.9961,2.9926,2.9946,3.0006,3.0011,2.9976,2.9996,21
2026-05-25 05:36:00,2.9941,2.9946,2.9936,2.9941,2.9991,2.9996,2.9986,2.9991,10
2026-05-25 05:37:00,2.9936,2.9956,2.9931,2.9931,2.9986,3.0006,2.9981,2.9981,22
2026-05-25 05:38:00,2.9936,2.9966,2.9936,2.9966,2.9986,3.0016,2.9986,3.0016,9
2026-05-25 05:39:00,2.9971,2.9976,2.9956,2.9956,3.0021,3.0026,3.0006,3.0006,13
2026-05-25 05:40:00,2.9966,2.9966,2.9941,2.9941,3.0016,3.0016,2.9991,2.9991,13
2026-05-25 05:41:00,2.9946,2.9956,2.9946,2.9946,2.9996,3.0006,2.9996,2.9996,7
2026-05-25 05:44:00,2.9951,2.9951,2.9946,2.9946,3.0001,3.0001,2.9996,2.9996,2
2026-05-25 05:45:00,2.9951,2.9951,2.9946,2.9946,3.0001,3.0001,2.9996,2.9996,2
2026-05-25 05:46:00,2.9936,2.9936,2.9936,2.9936,2.9986,2.9986,2.9986,2.9986,1
2026-05-25 05:47:00,2.9941,2.9946,2.9936,2.9941,2.9991,2.9996,2.9986,2.9991,5
2026-05-25 05:48:00,2.9936,2.9946,2.9936,2.9946,2.9986,2.9996,2.9986,2.9996,2
2026-05-25 05:49:00,2.9951,2.9956,2.9946,2.9956,3.0001,3.0006,2.9996,3.0006,13
2026-05-25 05:50:00,2.9946,2.9956,2.9946,2.9956,2.9996,3.0006,2.9996,3.0006,2
2026-05-25 05:51:00,2.9966,2.9976,2.9966,2.9976,3.0016,3.0026,3.0016,3.0026,3
2026-05-25 05:52:00,2.9966,2.9971,2.9966,2.9966,3.0016,3.0021,3.0016,3.0016,3
2026-05-25 05:53:00,2.9956,2.9961,2.9956,2.9956,3.0006,3.0011,3.0006,3.0006,3
2026-05-25 05:55:00,2.9961,2.9961,2.9941,2.9946,3.0011,3.0011,2.9991,2.9996,9
2026-05-25 05:56:00,2.9951,2.9956,2.9951,2.9956,3.0001,3.0006,3.0001,3.0006,2
2026-05-25 05:57:00,2.9946,2.9951,2.9946,2.9951,2.9996,3.0001,2.9996,3.0001,2
2026-05-25 05:58:00,2.9946,2.9956,2.9946,2.9956,2.9996,3.0006,2.9996,3.0006,5
2026-05-25 05:59:00,2.9951,2.9951,2.9946,2.9946,3.0001,3.0001,2.9996,2.9996,2
2026-05-25 06:00:00,2.9951,2.9951,2.9946,2.9946,3.0001,3.0001,2.9996,2.9996,2
2026-05-25 06:01:00,2.9936,2.9946,2.9936,2.9936,2.9986,2.9996,2.9986,2.9986,7
2026-05-25 06:02:00,2.9941,2.9941,2.9936,2.9936,2.9991,2.9991,2.9986,2.9986,2
2026-05-25 06:03:00,2.9926,2.9926,2.9926,2.9926,2.9976,2.9976,2.9976,2.9976,1
2026-05-25 06:04:00,2.9931,2.9936,2.9931,2.9936,2.9981,2.9986,2.9981,2.9986,2
2026-05-25 06:05:00,2.9941,2.9946,2.9936,2.9946,2.9991,2.9996,2.9986,2.9996,4
2026-05-25 06:06:00,2.9941,2.9941,2.9936,2.9936,2.9991,2.9991,2.9986,2.9986,6
2026-05-25 06:07:00,2.9926,2.9926,2.9921,2.9921,2.9976,2.9976,2.9971,2.9971,2
2026-05-25 06:08:00,2.9916,2.9956,2.9916,2.9956,2.9966,3.0006,2.9966,3.0006,9
2026-05-25 06:09:00,2.9966,2.9976,2.9966,2.9976,3.0016,3.0026,3.0016,3.0026,2
2026-05-25 06:10:00,2.9971,2.9996,2.9966,2.9996,3.0021,3.0046,3.0016,3.0046,12
2026-05-25 06:11:00,2.9991,3.0006,2.9991,3.0006,3.0041,3.0056,3.0041,3.0056,5
2026-05-25 06:12:00,3.0001,3.0006,3.0001,3.0006,3.0051,3.0056,3.0051,3.0056,4
2026-05-25 06:13:00,3.0011,3.0026,3.0006,3.0026,3.0061,3.0076,3.0056,3.0076,4
2026-05-25 06:14:00,3.0036,3.0036,3.0026,3.0031,3.0086,3.0086,3.0076,3.0081,5
2026-05-25 06:15:00,3.0026,3.0026,3.0016,3.0016,3.0076,3.0076,3.0066,3.0066,3
2026-05-25 06:16:00,3.0021,3.0021,3.0006,3.0006,3.0071,3.0071,3.0056,3.0056,3
2026-05-25 06:17:00,3.0001,3.0006,3.0001,3.0006,3.0051,3.0056,3.0051,3.0056,2
2026-05-25 06:18:00,2.9996,2.9996,2.9996,2.9996,3.0046,3.0046,3.0046,3.0046,1
2026-05-25 06:19:00,3.0006,3.0016,3.0006,3.0016,3.0056,3.0066,3.0056,3.0066,7
2026-05-25 06:20:00,3.0011,3.0016,3.0011,3.0016,3.0061,3.0066,3.0061,3.0066,2
2026-05-25 06:21:00,3.0011,3.0011,3.0011,3.0011,3.0061,3.0061,3.0061,3.0061,1
2026-05-25 06:22:00,3.0016,3.0026,3.0016,3.0016,3.0066,3.0076,3.0066,3.0066,4
2026-05-25 06:23:00,3.0011,3.0011,2.9986,2.9986,3.0061,3.0061,3.0036,3.0036,9
2026-05-25 06:24:00,2.9991,2.9991,2.9986,2.9986,3.0041,3.0041,3.0036,3.0036,4
2026-05-25 06:25:00,2.9981,2.9991,2.9976,2.9991,3.0031,3.0041,3.0026,3.0041,7
2026-05-25 06:26:00,2.9986,2.9986,2.9986,2.9986,3.0036,3.0036,3.0036,3.0036,1
2026-05-25 06:28:00,2.9996,2.9996,2.9996,2.9996,3.0046,3.0046,3.0046,3.0046,1
2026-05-25 06:30:00,3.0001,3.0001,3.0001,3.0001,3.0051,3.0051,3.0051,3.0051,1
2026-05-25 06:31:00,3.0006,3.0006,3.0006,3.0006,3.0056,3.0056,3.0056,3.0056,1
2026-05-25 06:32:00,3.0011,3.0016,3.0011,3.0016,3.0061,3.0066,3.0061,3.0066,2
2026-05-25 06:33:00,3.0006,3.0006,3.0006,3.0006,3.0056,3.0056,3.0056,3.0056,1
2026-05-25 06:36:00,3.0011,3.0016,3.0011,3.0016,3.0061,3.0066,3.0061,3.0066,2
2026-05-25 06:39:00,3.0026,3.0026,3.0026,3.0026,3.0076,3.0076,3.0076,3.0076,1
2026-05-25 06:41:00,3.0021,3.0026,3.0021,3.0026,3.0071,3.0076,3.0071,3.0076,2
2026-05-25 06:42:00,3.0021,3.0021,3.0016,3.0016,3.0071,3.0071,3.0066,3.0066,2
2026-05-25 06:45:00,3.0011,3.0011,3.0006,3.0006,3.0061,3.0061,3.0056,3.0056,2
2026-05-25 06:46:00,3.0016,3.0016,3.0006,3.0006,3.0066,3.0066,3.0056,3.0056,2
2026-05-25 06:48:00,3.0001,3.0006,3.0001,3.0001,3.0051,3.0056,3.0051,3.0051,7
2026-05-25 06:49:00,2.9996,2.9996,2.9986,2.9986,3.0046,3.0046,3.0036,3.0036,2
2026-05-25 06:50:00,2.9976,2.9976,2.9976,2.9976,3.0026,3.0026,3.0026,3.0026,1
2026-05-25 06:51:00,2.9971,2.9971,2.9971,2.9971,3.0021,3.0021,3.0021,3.0021,1
2026-05-25 06:52:00,2.9966,2.9966,2.9961,2.9961,3.0016,3.0016,3.0011,3.0011,2
2026-05-25 06:53:00,2.9966,2.9966,2.9961,2.9961,3.0016,3.0016,3.0011,3.0011,2
2026-05-25 06:54:00,2.9966,2.9966,2.9966,2.9966,3.0016,3.0016,3.0016,3.0016,1
2026-05-25 06:55:00,2.9961,2.9961,2.9956,2.9956,3.0011,3.0011,3.0006,3.0006,2
2026-05-25 06:56:00,2.9961,2.9961,2.9956,2.9961,3.0011,3.0011,3.0006,3.0011,5
2026-05-25 06:58:00,2.9966,2.9971,2.9966,2.9966,3.0016,3.0021,3.0016,3.0016,3
2026-05-25 07:02:00,2.9956,2.9961,2.9956,2.9961,3.0006,3.0011,3.0006,3.0011,2
2026-05-25 07:03:00,2.9966,2.9966,2.9966,2.9966,3.0016,3.0016,3.0016,3.0016,1
2026-05-25 07:10:00,2.9961,2.9961,2.9951,2.9956,3.0011,3.0011,3.0001,3.0006,4
2026-05-25 07:12:00,2.9966,2.9966,2.9961,2.9966,3.0016,3.0016,3.0011,3.0016,3
2026-05-25 07:13:00,2.9976,2.9976,2.9976,2.9976,3.0026,3.0026,3.0026,3.0026,1
2026-05-25 07:15:00,2.9986,2.9986,2.9976,2.9981,3.0036,3.0036,3.0026,3.0031,3
2026-05-25 07:16:00,2.9986,2.9996,2.9986,2.9991,3.0036,3.0046,3.0036,3.0041,4
2026-05-25 07:17:00,2.9996,2.9996,2.9996,2.9996,3.0046,3.0046,3.0046,3.0046,1
2026-05-25 07:18:00,2.9991,2.9991,2.9976,2.9986,3.0041,3.0041,3.0026,3.0036,4
2026-05-25 07:19:00,2.9981,2.9981,2.9976,2.9976,3.0031,3.0031,3.0026,3.0026,2
2026-05-25 07:20:00,2.9981,2.9986,2.9981,2.9986,3.0031,3.0036,3.0031,3.0036,2
2026-05-25 07:21:00,2.9991,2.9991,2.9981,2.9981,3.0041,3.0041,3.0031,3.0031,3
2026-05-25 07:22:00,2.9986,2.9986,2.9986,2.9986,3.0036,3.0036,3.0036,3.0036,1
2026-05-25 07:23:00,2.9981,2.9981,2.9976,2.9976,3.0031,3.0031,3.0026,3.0026,4
2026-05-25 07:24:00,2.9986,2.9986,2.9981,2.9981,3.0036,3.0036,3.0031,3.0031,2
2026-05-25 07:25:00,2.9986,2.9986,2.9986,2.9986,3.0036,3.0036,3.0036,3.0036,1
2026-05-25 07:28:00,2.9981,2.9996,2.9981,2.9996,3.0031,3.0046,3.0031,3.0046,5
2026-05-25 07:30:00,2.9991,2.9991,2.9986,2.9991,3.0041,3.0041,3.0036,3.0041,5
2026-05-25 07:31:00,2.9986,2.9996,2.9986,2.9991,3.0036,3.0046,3.0036,3.0041,4
2026-05-25 07:32:00,2.9996,2.9996,2.9986,2.9986,3.0046,3.0046,3.0036,3.0036,4
2026-05-25 07:35:00,2.9976,2.9976,2.9976,2.9976,3.0026,3.0026,3.0026,3.0026,1
2026-05-25 07:36:00,2.9981,2.9981,2.9976,2.9976,3.0031,3.0031,3.0026,3.0026,4
2026-05-25 07:37:00,2.9981,2.9981,2.9981,2.9981,3.0031,3.0031,3.0031,3.0031,1
2026-05-25 07:38:00,2.9986,2.9986,2.9986,2.9986,3.0036,3.0036,3.0036,3.0036,1
2026-05-25 07:44:00,2.9981,2.9986,2.9981,2.9986,3.0031,3.0036,3.0031,3.0036,4
2026-05-25 07:45:00,2.9996,3.0006,2.9996,3.0006,3.0046,3.0056,3.0046,3.0056,6
2026-05-25 07:49:00,3.0016,3.0026,3.0016,3.0026,3.0066,3.0076,3.0066,3.0076,2
2026-05-25 07:50:00,3.0016,3.0021,3.0011,3.0016,3.0066,3.0071,3.0061,3.0066,5
2026-05-25 07:51:00,3.0011,3.0011,3.0006,3.0006,3.0061,3.0061,3.0056,3.0056,2
2026-05-25 07:52:00,3.0001,3.0006,3.0001,3.0006,3.0051,3.0056,3.0051,3.0056,2
2026-05-25 07:53:00,3.0001,3.0001,2.9996,2.9996,3.0051,3.0051,3.0046,3.0046,4
2026-05-25 07:54:00,2.9986,2.9996,2.9986,2.9996,3.0036,3.0046,3.0036,3.0046,7
2026-05-25 07:55:00,2.9991,2.9996,2.9991,2.9996,3.0041,3.0046,3.0041,3.0046,2
2026-05-25 07:59:00,2.9991,2.9991,2.9991,2.9991,3.0041,3.0041,3.0041,3.0041,1
2026-05-25 08:00:00,2.9996,3.0031,2.9996,3.0031,3.0046,3.0081,3.0046,3.0081,10
2026-05-25 08:01:00,3.0026,3.0056,3.0026,3.0056,3.0076,3.0106,3.0076,3.0106,6
2026-05-25 08:02:00,3.0051,3.0071,3.0051,3.0066,3.0101,3.0121,3.0101,3.0116,6
2026-05-25 08:04:00,3.0076,3.0076,3.0071,3.0076,3.0126,3.0126,3.0121,3.0126,5
2026-05-25 08:05:00,3.0086,3.0086,3.0076,3.0076,3.0136,3.0136,3.0126,3.0126,3
2026-05-25 08:06:00,3.0066,3.0076,3.0056,3.0056,3.0116,3.0126,3.0106,3.0106,7
2026-05-25 08:07:00,3.0061,3.0066,3.0056,3.0056,3.0111,3.0116,3.0106,3.0106,4
2026-05-25 08:08:00,3.0046,3.0046,3.0041,3.0041,3.0096,3.0096,3.0091,3.0091,4
2026-05-25 08:09:00,3.0046,3.0051,3.0046,3.0046,3.0096,3.0101,3.0096,3.0096,5
2026-05-25 08:10:00,3.0056,3.0056,3.0056,3.0056,3.0106,3.0106,3.0106,3.0106,1
2026-05-25 08:13:00,3.0066,3.0076,3.0066,3.0076,3.0116,3.0126,3.0116,3.0126,7
2026-05-25 08:14:00,3.0086,3.0086,3.0066,3.0066,3.0136,3.0136,3.0116,3.0116,4
2026-05-25 08:15:00,3.0071,3.0091,3.0071,3.0086,3.0121,3.0141,3.0121,3.0136,5
2026-05-25 08:16:00,3.0076,3.0081,3.0076,3.0076,3.0126,3.0131,3.0126,3.0126,3
2026-05-25 08:17:00,3.0081,3.0091,3.0081,3.0091,3.0131,3.0141,3.0131,3.0141,3
2026-05-25 08:18:00,3.0096,3.0096,3.0096,3.0096,3.0146,3.0146,3.0146,3.0146,1
2026-05-25 08:19:00,3.0101,3.0101,3.0096,3.0096,3.0151,3.0151,3.0146,3.0146,2
2026-05-25 08:20:00,3.0101,3.0106,3.0096,3.0106,3.0151,3.0156,3.0146,3.0156,4
2026-05-25 08:22:00,3.0096,3.0106,3.0096,3.0106,3.0146,3.0156,3.0146,3.0156,3
2026-05-25 08:23:00,3.0111,3.0111,3.0106,3.0106,3.0161,3.0161,3.0156,3.0156,2
2026-05-25 08:24:00,3.0101,3.0101,3.0101,3.0101,3.0151,3.0151,3.0151,3.0151,1
2026-05-25 08:25:00,3.0106,3.0106,3.0096,3.0101,3.0156,3.0156,3.0146,3.0151,5
2026-05-25 08:26:00,3.0106,3.0106,3.0101,3.0101,3.0156,3.0156,3.0151,3.0151,2
2026-05-25 08:27:00,3.0096,3.0096,3.0076,3.0086,3.0146,3.0146,3.0126,3.0136,5
2026-05-25 08:28:00,3.0091,3.0091,3.0086,3.0086,3.0141,3.0141,3.0136,3.0136,4
2026-05-25 08:29:00,3.0091,3.0091,3.0091,3.0091,3.0141,3.0141,3.0141,3.0141,1
2026-05-25 08:30:00,3.0096,3.0096,3.0096,3.0096,3.0146,3.0146,3.0146,3.0146,1
2026-05-25 08:31:00,3.0106,3.0106,3.0096,3.0096,3.0156,3.0156,3.0146,3.0146,3
2026-05-25 08:32:00,3.0101,3.0116,3.0101,3.0106,3.0151,3.0166,3.0151,3.0156,7
2026-05-25 08:33:00,3.0111,3.0116,3.0106,3.0106,3.0161,3.0166,3.0156,3.0156,3
2026-05-25 08:34:00,3.0101,3.0111,3.0101,3.0106,3.0151,3.0161,3.0151,3.0156,3
2026-05-25 08:35:00,3.0101,3.0101,3.0096,3.0096,3.0151,3.0151,3.0146,3.0146,2
2026-05-25 08:36:00,3.0101,3.0101,3.0096,3.0096,3.0151,3.0151,3.0146,3.0146,4
2026-05-25 08:37:00,3.0101,3.0106,3.0096,3.0101,3.0151,3.0156,3.0146,3.0151,6
2026-05-25 08:38:00,3.0106,3.0111,3.0101,3.0106,3.0156,3.0161,3.0151,3.0156,5
2026-05-25 08:39:00,3.0111,3.0111,3.0106,3.0111,3.0161,3.0161,3.0156,3.0161,3
2026-05-25 08:40:00,3.0116,3.0116,3.0116,3.0116,3.0166,3.0166,3.0166,3.0166,1
2026-05-25 08:41:00,3.0126,3.0126,3.0121,3.0121,3.0176,3.0176,3.0171,3.0171,2
2026-05-25 08:42:00,3.0111,3.0111,3.0106,3.0111,3.0161,3.0161,3.0156,3.0161,3
2026-05-25 08:44:00,3.0116,3.0126,3.0116,3.0121,3.0166,3.0176,3.0166,3.0171,5
2026-05-25 08:45:00,3.0126,3.0136,3.0126,3.0131,3.0176,3.0186,3.0176,3.0181,6
2026-05-25 08:46:00,3.0126,3.0146,3.0126,3.0136,3.0176,3.0196,3.0176,3.0186,6
2026-05-25 08:47:00,3.0146,3.0146,3.0141,3.0141,3.0196,3.0196,3.0191,3.0191,2
2026-05-25 08:48:00,3.0136,3.0136,3.0116,3.0116,3.0186,3.0186,3.0166,3.0166,6
2026-05-25 08:49:00,3.0126,3.0126,3.0116,3.0121,3.0176,3.0176,3.0166,3.0171,5
2026-05-25 08:50:00,3.0126,3.0131,3.0126,3.0126,3.0176,3.0181,3.0176,3.0176,3
2026-05-25 08:51:00,3.0136,3.0136,3.0136,3.0136,3.0186,3.0186,3.0186,3.0186,1
2026-05-25 08:52:00,3.0131,3.0146,3.0131,3.0141,3.0181,3.0196,3.0181,3.0191,12
2026-05-25 08:53:00,3.0146,3.0146,3.0146,3.0146,3.0196,3.0196,3.0196,3.0196,1
2026-05-25 08:54:00,3.0136,3.0136,3.0106,3.0116,3.0186,3.0186,3.0156,3.0166,7
2026-05-25 08:56:00,3.0121,3.0121,3.0121,3.0121,3.0171,3.0171,3.0171,3.0171,1
2026-05-25 08:57:00,3.0116,3.0116,3.0111,3.0116,3.0166,3.0166,3.0161,3.0166,3
2026-05-25 08:58:00,3.0121,3.0126,3.0121,3.0126,3.0171,3.0176,3.0171,3.0176,8
2026-05-25 08:59:00,3.0121,3.0126,3.0116,3.0126,3.0171,3.0176,3.0166,3.0176,5
2026-05-25 09:00:00,3.0121,3.0126,3.0116,3.0126,3.0171,3.0176,3.0166,3.0176,4
2026-05-25 09:01:00,3.0136,3.0136,3.0126,3.0131,3.0186,3.0186,3.0176,3.0181,6
2026-05-25 09:02:00,3.0126,3.0126,3.0126,3.0126,3.0176,3.0176,3.0176,3.0176,1
2026-05-25 09:03:00,3.0121,3.0126,3.0121,3.0126,3.0171,3.0176,3.0171,3.0176,2
2026-05-25 09:04:00,3.0131,3.0131,3.0126,3.0126,3.0181,3.0181,3.0176,3.0176,4
2026-05-25 09:05:00,3.0116,3.0136,3.0116,3.0136,3.0166,3.0186,3.0166,3.0186,5
2026-05-25 09:06:00,3.0141,3.0146,3.0126,3.0131,3.0191,3.0196,3.0176,3.0181,14
2026-05-25 09:07:00,3.0136,3.0136,3.0131,3.0136,3.0186,3.0186,3.0181,3.0186,7
2026-05-25 09:08:00,3.0131,3.0136,3.0126,3.0126,3.0181,3.0186,3.0176,3.0176,10
2026-05-25 09:09:00,3.0136,3.0146,3.0126,3.0131,3.0186,3.0196,3.0176,3.0181,6
2026-05-25 09:10:00,3.0136,3.0136,3.0136,3.0136,3.0186,3.0186,3.0186,3.0186,1
2026-05-25 09:11:00,3.0131,3.0136,3.0131,3.0136,3.0181,3.0186,3.0181,3.0186,2
2026-05-25 09:12:00,3.0126,3.0126,3.0126,3.0126,3.0176,3.0176,3.0176,3.0176,1
2026-05-25 09:13:00,3.0131,3.0136,3.0131,3.0131,3.0181,3.0186,3.0181,3.0181,3
2026-05-25 09:14:00,3.0136,3.0136,3.0101,3.0106,3.0186,3.0186,3.0151,3.0156,21
2026-05-25 09:15:00,3.0111,3.0126,3.0106,3.0126,3.0161,3.0176,3.0156,3.0176,12
2026-05-25 09:16:00,3.0121,3.0126,3.0116,3.0126,3.0171,3.0176,3.0166,3.0176,4
2026-05-25 09:18:00,3.0136,3.0206,3.0136,3.0196,3.0186,3.0256,3.0186,3.0246,40
2026-05-25 09:19:00,3.0186,3.0186,3.0176,3.0176,3.0236,3.0236,3.0226,3.0226,9
2026-05-25 09:20:00,3.0186,3.0186,3.0166,3.0176,3.0236,3.0236,3.0216,3.0226,7
2026-05-25 09:21:00,3.0166,3.0176,3.0166,3.0171,3.0216,3.0226,3.0216,3.0221,9
2026-05-25 09:22:00,3.0166,3.0166,3.0156,3.0166,3.0216,3.0216,3.0206,3.0216,6
2026-05-25 09:23:00,3.0171,3.0186,3.0171,3.0186,3.0221,3.0236,3.0221,3.0236,12
2026-05-25 09:24:00,3.0176,3.0186,3.0166,3.0176,3.0226,3.0236,3.0216,3.0226,7
2026-05-25 09:25:00,3.0171,3.0176,3.0166,3.0176,3.0221,3.0226,3.0216,3.0226,6
2026-05-25 09:26:00,3.0186,3.0186,3.0176,3.0176,3.0236,3.0236,3.0226,3.0226,13
2026-05-25 09:27:00,3.0166,3.0171,3.0161,3.0166,3.0216,3.0221,3.0211,3.0216,5
2026-05-25 09:28:00,3.0161,3.0161,3.0156,3.0156,3.0211,3.0211,3.0206,3.0206,2
2026-05-25 09:29:00,3.0161,3.0166,3.0161,3.0166,3.0211,3.0216,3.0211,3.0216,2
2026-05-25 09:30:00,3.0161,3.0166,3.0161,3.0166,3.0211,3.0216,3.0211,3.0216,2
2026-05-25 09:31:00,3.0156,3.0161,3.0156,3.0156,3.0206,3.0211,3.0206,3.0206,3
2026-05-25 09:32:00,3.0161,3.0161,3.0136,3.0141,3.0211,3.0211,3.0186,3.0191,16
2026-05-25 09:33:00,3.0136,3.0141,3.0106,3.0116,3.0186,3.0191,3.0156,3.0166,31
2026-05-25 09:34:00,3.0111,3.0126,3.0106,3.0116,3.0161,3.0176,3.0156,3.0166,13
2026-05-25 09:35:00,3.0111,3.0116,3.0096,3.0111,3.0161,3.0166,3.0146,3.0161,6
2026-05-25 09:36:00,3.0116,3.0121,3.0106,3.0121,3.0166,3.0171,3.0156,3.0171,9
2026-05-25 09:37:00,3.0126,3.0131,3.0121,3.0121,3.0176,3.0181,3.0171,3.0171,4
2026-05-25 09:38:00,3.0126,3.0131,3.0121,3.0126,3.0176,3.0181,3.0171,3.0176,5
2026-05-25 09:41:00,3.0116,3.0126,3.0116,3.0116,3.0166,3.0176,3.0166,3.0166,7
2026-05-25 09:42:00,3.0121,3.0121,3.0106,3.0106,3.0171,3.0171,3.0156,3.0156,4
2026-05-25 09:43:00,3.0101,3.0106,3.0101,3.0106,3.0151,3.0156,3.0151,3.0156,2
2026-05-25 09:44:00,3.0101,3.0116,3.0096,3.0116,3.0151,3.0166,3.0146,3.0166,8
2026-05-25 09:45:00,3.0121,3.0126,3.0086,3.0086,3.0171,3.0176,3.0136,3.0136,10
2026-05-25 09:46:00,3.0076,3.0086,3.0036,3.0051,3.0126,3.0136,3.0086,3.0101,21
2026-05-25 09:47:00,3.0056,3.0076,3.0056,3.0076,3.0106,3.0126,3.0106,3.0126,4
2026-05-25 09:48:00,3.0071,3.0076,3.0071,3.0076,3.0121,3.0126,3.0121,3.0126,2
2026-05-25 09:49:00,3.0081,3.0081,3.0081,3.0081,3.0131,3.0131,3.0131,3.0131,1
2026-05-25 09:50:00,3.0086,3.0101,3.0081,3.0086,3.0136,3.0151,3.0131,3.0136,11
2026-05-25 09:51:00,3.0091,3.0091,3.0086,3.0091,3.0141,3.0141,3.0136,3.0141,5
2026-05-25 09:52:00,3.0086,3.0091,3.0086,3.0091,3.0136,3.0141,3.0136,3.0141,2
2026-05-25 09:53:00,3.0086,3.0086,3.0081,3.0081,3.0136,3.0136,3.0131,3.0131,2
2026-05-25 09:54:00,3.0076,3.0076,3.0066,3.0071,3.0126,3.0126,3.0116,3.0121,6
2026-05-25 09:55:00,3.0076,3.0096,3.0076,3.0096,3.0126,3.0146,3.0126,3.0146,14
2026-05-25 09:56:00,3.0086,3.0091,3.0076,3.0076,3.0136,3.0141,3.0126,3.0126,4
2026-05-25 09:57:00,3.0081,3.0086,3.0071,3.0081,3.0131,3.0136,3.0121,3.0131,6
2026-05-25 09:58:00,3.0086,3.0086,3.0086,3.0086,3.0136,3.0136,3.0136,3.0136,1
2026-05-25 09:59:00,3.0081,3.0086,3.0076,3.0081,3.0131,3.0136,3.0126,3.0131,5
2026-05-25 10:00:00,3.0076,3.0086,3.0056,3.0056,3.0126,3.0136,3.0106,3.0106,8
2026-05-25 10:03:00,3.0051,3.0056,3.0046,3.0051,3.0101,3.0106,3.0096,3.0101,9
2026-05-25 10:04:00,3.0056,3.0056,3.0051,3.0051,3.0106,3.0106,3.0101,3.0101,2
2026-05-25 10:05:00,3.0056,3.0056,3.0041,3.0041,3.0106,3.0106,3.0091,3.0091,5
2026-05-25 10:06:00,3.0036,3.0036,3.0036,3.0036,3.0086,3.0086,3.0086,3.0086,1
2026-05-25 10:07:00,3.0026,3.0026,3.0001,3.0011,3.0076,3.0076,3.0051,3.0061,10
2026-05-25 10:08:00,3.0016,3.0036,3.0016,3.0026,3.0066,3.0086,3.0066,3.0076,4
2026-05-25 10:10:00,3.0036,3.0036,3.0026,3.0031,3.0086,3.0086,3.0076,3.0081,8
2026-05-25 10:11:00,3.0036,3.0056,3.0036,3.0051,3.0086,3.0106,3.0086,3.0101,10
2026-05-25 10:12:00,3.0056,3.0056,3.0046,3.0056,3.0106,3.0106,3.0096,3.0106,4
2026-05-25 10:14:00,3.0051,3.0056,3.0051,3.0051,3.0101,3.0106,3.0101,3.0101,5
2026-05-25 10:15:00,3.0046,3.0066,3.0046,3.0061,3.0096,3.0116,3.0096,3.0111,6
2026-05-25 10:16:00,3.0066,3.0076,3.0056,3.0056,3.0116,3.0126,3.0106,3.0106,8
2026-05-25 10:17:00,3.0051,3.0051,3.0051,3.0051,3.0101,3.0101,3.0101,3.0101,1
2026-05-25 10:18:00,3.0056,3.0066,3.0051,3.0066,3.0106,3.0116,3.0101,3.0116,4
2026-05-25 10:19:00,3.0061,3.0061,3.0056,3.0056,3.0111,3.0111,3.0106,3.0106,6
2026-05-25 10:20:00,3.0061,3.0066,3.0061,3.0066,3.0111,3.0116,3.0111,3.0116,6
2026-05-25 10:21:00,3.0056,3.0061,3.0056,3.0061,3.0106,3.0111,3.0106,3.0111,2
2026-05-25 10:22:00,3.0066,3.0066,3.0066,3.0066,3.0116,3.0116,3.0116,3.0116,1
2026-05-25 10:23:00,3.0076,3.0076,3.0076,3.0076,3.0126,3.0126,3.0126,3.0126,1
2026-05-25 10:25:00,3.0066,3.0086,3.0066,3.0081,3.0116,3.0136,3.0116,3.0131,4
2026-05-25 10:26:00,3.0086,3.0086,3.0086,3.0086,3.0136,3.0136,3.0136,3.0136,1
2026-05-25 10:27:00,3.0076,3.0076,3.0076,3.0076,3.0126,3.0126,3.0126,3.0126,1
2026-05-25 10:28:00,3.0071,3.0076,3.0071,3.0076,3.0121,3.0126,3.0121,3.0126,2
2026-05-25 10:29:00,3.0081,3.0081,3.0076,3.0076,3.0131,3.0131,3.0126,3.0126,4
2026-05-25 10:31:00,3.0081,3.0081,3.0076,3.0076,3.0131,3.0131,3.0126,3.0126,2
2026-05-25 10:32:00,3.0071,3.0076,3.0066,3.0076,3.0121,3.0126,3.0116,3.0126,4
2026-05-25 10:33:00,3.0066,3.0076,3.0066,3.0076,3.0116,3.0126,3.0116,3.0126,8
2026-05-25 10:34:00,3.0086,3.0086,3.0076,3.0081,3.0136,3.0136,3.0126,3.0131,8
2026-05-25 10:35:00,3.0076,3.0086,3.0076,3.0086,3.0126,3.0136,3.0126,3.0136,3
2026-05-25 10:36:00,3.0091,3.0096,3.0091,3.0096,3.0141,3.0146,3.0141,3.0146,2
2026-05-25 10:37:00,3.0106,3.0106,3.0101,3.0101,3.0156,3.0156,3.0151,3.0151,2
2026-05-25 10:38:00,3.0086,3.0106,3.0086,3.0086,3.0136,3.0156,3.0136,3.0136,15
2026-05-25 10:39:00,3.0091,3.0096,3.0086,3.0091,3.0141,3.0146,3.0136,3.0141,7
2026-05-25 10:40:00,3.0096,3.0096,3.0076,3.0081,3.0146,3.0146,3.0126,3.0131,8
2026-05-25 10:41:00,3.0086,3.0086,3.0066,3.0076,3.0136,3.0136,3.0116,3.0126,10
2026-05-25 10:42:00,3.0066,3.0071,3.0066,3.0071,3.0116,3.0121,3.0116,3.0121,4
2026-05-25 10:43:00,3.0076,3.0086,3.0076,3.0086,3.0126,3.0136,3.0126,3.0136,7
2026-05-25 10:44:00,3.0081,3.0081,3.0076,3.0076,3.0131,3.0131,3.0126,3.0126,2
2026-05-25 10:45:00,3.0081,3.0081,3.0076,3.0076,3.0131,3.0131,3.0126,3.0126,2
2026-05-25 10:46:00,3.0081,3.0086,3.0081,3.0086,3.0131,3.0136,3.0131,3.0136,2
2026-05-25 10:47:00,3.0081,3.0086,3.0056,3.0061,3.0131,3.0136,3.0106,3.0111,7
2026-05-25 10:48:00,3.0066,3.0076,3.0066,3.0076,3.0116,3.0126,3.0116,3.0126,3
2026-05-25 10:49:00,3.0081,3.0081,3.0076,3.0076,3.0131,3.0131,3.0126,3.0126,2
2026-05-25 10:50:00,3.0071,3.0071,3.0036,3.0046,3.0121,3.0121,3.0086,3.0096,16
2026-05-25 10:51:00,3.0051,3.0056,3.0046,3.0046,3.0101,3.0106,3.0096,3.0096,4
2026-05-25 10:52:00,3.0056,3.0056,3.0046,3.0051,3.0106,3.0106,3.0096,3.0101,3
2026-05-25 10:53:00,3.0046,3.0046,3.0026,3.0031,3.0096,3.0096,3.0076,3.0081,7
2026-05-25 10:54:00,3.0026,3.0031,3.0026,3.0031,3.0076,3.0081,3.0076,3.0081,10
2026-05-25 10:55:00,3.0026,3.0036,3.0026,3.0036,3.0076,3.0086,3.0076,3.0086,3
2026-05-25 10:56:00,3.0046,3.0046,3.0046,3.0046,3.0096,3.0096,3.0096,3.0096,1
2026-05-25 10:58:00,3.0041,3.0041,3.0026,3.0026,3.0091,3.0091,3.0076,3.0076,3
2026-05-25 10:59:00,3.0036,3.0046,3.0036,3.0036,3.0086,3.0096,3.0086,3.0086,5
2026-05-25 11:00:00,3.0046,3.0051,3.0046,3.0046,3.0096,3.0101,3.0096,3.0096,3
2026-05-25 11:01:00,3.0051,3.0056,3.0046,3.0046,3.0101,3.0106,3.0096,3.0096,3
2026-05-25 11:02:00,3.0036,3.0046,3.0036,3.0046,3.0086,3.0096,3.0086,3.0096,3
2026-05-25 11:03:00,3.0051,3.0051,3.0051,3.0051,3.0101,3.0101,3.0101,3.0101,1
2026-05-25 11:04:00,3.0046,3.0051,3.0036,3.0041,3.0096,3.0101,3.0086,3.0091,8
2026-05-25 11:05:00,3.0036,3.0041,3.0036,3.0036,3.0086,3.0091,3.0086,3.0086,3
2026-05-25 11:06:00,3.0031,3.0036,3.0021,3.0026,3.0081,3.0086,3.0071,3.0076,6
2026-05-25 11:07:00,3.0016,3.0016,3.0016,3.0016,3.0066,3.0066,3.0066,3.0066,1
2026-05-25 11:08:00,3.0021,3.0021,3.0016,3.0016,3.0071,3.0071,3.0066,3.0066,2
2026-05-25 11:10:00,3.0006,3.0006,2.9986,2.9996,3.0056,3.0056,3.0036,3.0046,8
2026-05-25 11:14:00,3.0006,3.0006,2.9996,3.0006,3.0056,3.0056,3.0046,3.0056,5
2026-05-25 11:17:00,3.0011,3.0011,3.0011,3.0011,3.0061,3.0061,3.0061,3.0061,1
2026-05-25 11:18:00,3.0016,3.0016,3.0011,3.0016,3.0066,3.0066,3.0061,3.0066,5
2026-05-25 11:20:00,3.0026,3.0026,3.0016,3.0026,3.0076,3.0076,3.0066,3.0076,3
2026-05-25 11:21:00,3.0021,3.0026,3.0016,3.0016,3.0071,3.0076,3.0066,3.0066,3
2026-05-25 11:23:00,3.0026,3.0026,3.0016,3.0016,3.0076,3.0076,3.0066,3.0066,5
2026-05-25 11:24:00,3.0026,3.0026,3.0021,3.0021,3.0076,3.0076,3.0071,3.0071,2
2026-05-25 11:25:00,3.0016,3.0026,3.0016,3.0021,3.0066,3.0076,3.0066,3.0071,8
2026-05-25 11:26:00,3.0016,3.0026,3.0016,3.0016,3.0066,3.0076,3.0066,3.0066,5
2026-05-25 11:27:00,3.0006,3.0006,3.0006,3.0006,3.0056,3.0056,3.0056,3.0056,1
2026-05-25 11:28:00,3.0011,3.0016,2.9996,3.0011,3.0061,3.0066,3.0046,3.0061,7
2026-05-25 11:29:00,3.0006,3.0011,3.0006,3.0011,3.0056,3.0061,3.0056,3.0061,2
2026-05-25 11:30:00,3.0006,3.0006,3.0006,3.0006,3.0056,3.0056,3.0056,3.0056,1
2026-05-25 11:31:00,3.0011,3.0016,3.0011,3.0016,3.0061,3.0066,3.0061,3.0066,2
2026-05-25 11:32:00,3.0026,3.0036,3.0021,3.0036,3.0076,3.0086,3.0071,3.0086,9
2026-05-25 11:33:00,3.0026,3.0026,3.0006,3.0006,3.0076,3.0076,3.0056,3.0056,3
2026-05-25 11:34:00,3.0016,3.0016,3.0011,3.0016,3.0066,3.0066,3.0061,3.0066,3
2026-05-25 11:35:00,3.0026,3.0026,3.0016,3.0021,3.0076,3.0076,3.0066,3.0071,6
2026-05-25 11:36:00,3.0016,3.0016,3.0006,3.0006,3.0066,3.0066,3.0056,3.0056,2
2026-05-25 11:37:00,2.9996,2.9996,2.9976,2.9986,3.0046,3.0046,3.0026,3.0036,6
2026-05-25 11:38:00,2.9991,2.9996,2.9991,2.9996,3.0041,3.0046,3.0041,3.0046,2
2026-05-25 11:39:00,3.0001,3.0016,3.0001,3.0016,3.0051,3.0066,3.0051,3.0066,3
2026-05-25 11:40:00,3.0006,3.0021,3.0006,3.0021,3.0056,3.0071,3.0056,3.0071,4
2026-05-25 11:41:00,3.0031,3.0031,3.0016,3.0021,3.0081,3.0081,3.0066,3.0071,10
2026-05-25 11:42:00,3.0026,3.0026,3.0016,3.0021,3.0076,3.0076,3.0066,3.0071,5
2026-05-25 11:43:00,3.0026,3.0026,3.0026,3.0026,3.0076,3.0076,3.0076,3.0076,1
2026-05-25 11:44:00,3.0031,3.0031,3.0026,3.0031,3.0081,3.0081,3.0076,3.0081,7
2026-05-25 11:45:00,3.0036,3.0036,3.0026,3.0036,3.0086,3.0086,3.0076,3.0086,8
2026-05-25 11:46:00,3.0046,3.0076,3.0046,3.0076,3.0096,3.0126,3.0096,3.0126,14
2026-05-25 11:47:00,3.0086,3.0086,3.0066,3.0076,3.0136,3.0136,3.0116,3.0126,4
2026-05-25 11:48:00,3.0081,3.0106,3.0081,3.0096,3.0131,3.0156,3.0131,3.0146,15
2026-05-25 11:49:00,3.0106,3.0106,3.0091,3.0096,3.0156,3.0156,3.0141,3.0146,6
2026-05-25 11:50:00,3.0106,3.0106,3.0096,3.0106,3.0156,3.0156,3.0146,3.0156,4
2026-05-25 11:51:00,3.0111,3.0116,3.0111,3.0116,3.0161,3.0166,3.0161,3.0166,2
2026-05-25 11:52:00,3.0121,3.0136,3.0106,3.0116,3.0171,3.0186,3.0156,3.0166,11
2026-05-25 11:53:00,3.0106,3.0106,3.0106,3.0106,3.0156,3.0156,3.0156,3.0156,1
2026-05-25 11:54:00,3.0111,3.0111,3.0106,3.0106,3.0161,3.0161,3.0156,3.0156,2
2026-05-25 11:55:00,3.0096,3.0096,3.0076,3.0096,3.0146,3.0146,3.0126,3.0146,11
2026-05-25 11:56:00,3.0086,3.0086,3.0076,3.0086,3.0136,3.0136,3.0126,3.0136,3
2026-05-25 11:57:00,3.0091,3.0091,3.0091,3.0091,3.0141,3.0141,3.0141,3.0141,1
2026-05-25 11:58:00,3.0086,3.0096,3.0086,3.0096,3.0136,3.0146,3.0136,3.0146,6
2026-05-25 11:59:00,3.0106,3.0106,3.0086,3.0096,3.0156,3.0156,3.0136,3.0146,8
2026-05-25 12:01:00,3.0086,3.0091,3.0086,3.0086,3.0136,3.0141,3.0136,3.0136,3
2026-05-25 12:03:00,3.0076,3.0086,3.0076,3.0076,3.0126,3.0136,3.0126,3.0126,4
2026-05-25 12:05:00,3.0086,3.0086,3.0076,3.0076,3.0136,3.0136,3.0126,3.0126,3
2026-05-25 12:06:00,3.0086,3.0086,3.0076,3.0076,3.0136,3.0136,3.0126,3.0126,2
2026-05-25 12:09:00,3.0066,3.0066,3.0056,3.0066,3.0116,3.0116,3.0106,3.0116,3
2026-05-25 12:10:00,3.0056,3.0056,3.0046,3.0046,3.0106,3.0106,3.0096,3.0096,4
2026-05-25 12:13:00,3.0056,3.0056,3.0026,3.0036,3.0106,3.0106,3.0076,3.0086,7
2026-05-25 12:15:00,3.0046,3.0056,3.0046,3.0046,3.0096,3.0106,3.0096,3.0096,3
2026-05-25 12:17:00,3.0036,3.0046,3.0036,3.0046,3.0086,3.0096,3.0086,3.0096,9
2026-05-25 12:18:00,3.0056,3.0086,3.0046,3.0086,3.0106,3.0136,3.0096,3.0136,11
2026-05-25 12:19:00,3.0081,3.0086,3.0081,3.0081,3.0131,3.0136,3.0131,3.0131,3
2026-05-25 12:20:00,3.0096,3.0116,3.0086,3.0116,3.0146,3.0166,3.0136,3.0166,13
2026-05-25 12:21:00,3.0126,3.0136,3.0121,3.0126,3.0176,3.0186,3.0171,3.0176,5
2026-05-25 12:23:00,3.0131,3.0131,3.0131,3.0131,3.0181,3.0181,3.0181,3.0181,1
2026-05-25 12:24:00,3.0126,3.0126,3.0126,3.0126,3.0176,3.0176,3.0176,3.0176,1
2026-05-25 12:25:00,3.0121,3.0126,3.0121,3.0126,3.0171,3.0176,3.0171,3.0176,2
2026-05-25 12:27:00,3.0131,3.0146,3.0126,3.0136,3.0181,3.0196,3.0176,3.0186,7
2026-05-25 12:29:00,3.0141,3.0146,3.0141,3.0146,3.0191,3.0196,3.0191,3.0196,2
2026-05-25 12:30:00,3.0136,3.0136,3.0136,3.0136,3.0186,3.0186,3.0186,3.0186,1
2026-05-25 12:31:00,3.0131,3.0131,3.0116,3.0126,3.0181,3.0181,3.0166,3.0176,9
2026-05-25 12:32:00,3.0121,3.0126,3.0116,3.0116,3.0171,3.0176,3.0166,3.0166,6
2026-05-25 12:33:00,3.0106,3.0106,3.0106,3.0106,3.0156,3.0156,3.0156,3.0156,1
2026-05-25 12:34:00,3.0116,3.0136,3.0116,3.0121,3.0166,3.0186,3.0166,3.0171,8
2026-05-25 12:35:00,3.0116,3.0126,3.0116,3.0116,3.0166,3.0176,3.0166,3.0166,13
2026-05-25 12:36:00,3.0121,3.0126,3.0121,3.0121,3.0171,3.0176,3.0171,3.0171,3
2026-05-25 12:37:00,3.0126,3.0126,3.0121,3.0126,3.0176,3.0176,3.0171,3.0176,3
2026-05-25 12:38:00,3.0121,3.0121,3.0116,3.0116,3.0171,3.0171,3.0166,3.0166,2
2026-05-25 12:39:00,3.0106,3.0116,3.0106,3.0116,3.0156,3.0166,3.0156,3.0166,2
2026-05-25 12:41:00,3.0111,3.0126,3.0106,3.0126,3.0161,3.0176,3.0156,3.0176,8
2026-05-25 12:42:00,3.0116,3.0126,3.0116,3.0126,3.0166,3.0176,3.0166,3.0176,5
2026-05-25 12:43:00,3.0121,3.0126,3.0121,3.0126,3.0171,3.0176,3.0171,3.0176,4
2026-05-25 12:45:00,3.0121,3.0121,3.0116,3.0116,3.0171,3.0171,3.0166,3.0166,2
2026-05-25 12:46:00,3.0126,3.0126,3.0116,3.0126,3.0176,3.0176,3.0166,3.0176,4
2026-05-25 12:47:00,3.0121,3.0126,3.0116,3.0116,3.0171,3.0176,3.0166,3.0166,5
2026-05-25 12:48:00,3.0121,3.0121,3.0121,3.0121,3.0171,3.0171,3.0171,3.0171,1
2026-05-25 12:49:00,3.0116,3.0126,3.0106,3.0116,3.0166,3.0176,3.0156,3.0166,12
2026-05-25 12:50:00,3.0111,3.0126,3.0111,3.0126,3.0161,3.0176,3.0161,3.0176,3
2026-05-25 12:51:00,3.0136,3.0136,3.0131,3.0136,3.0186,3.0186,3.0181,3.0186,3
2026-05-25 12:52:00,3.0141,3.0141,3.0136,3.0136,3.0191,3.0191,3.0186,3.0186,2
2026-05-25 12:53:00,3.0141,3.0141,3.0136,3.0136,3.0191,3.0191,3.0186,3.0186,6
2026-05-25 12:54:00,3.0146,3.0146,3.0136,3.0136,3.0196,3.0196,3.0186,3.0186,4
2026-05-25 12:55:00,3.0141,3.0146,3.0141,3.0146,3.0191,3.0196,3.0191,3.0196,2
2026-05-25 12:56:00,3.0151,3.0156,3.0146,3.0146,3.0201,3.0206,3.0196,3.0196,8
2026-05-25 13:00:00,3.0161,3.0186,3.0156,3.0176,3.0211,3.0236,3.0206,3.0226,34
2026-05-25 13:01:00,3.0181,3.0186,3.0176,3.0176,3.0231,3.0236,3.0226,3.0226,8
2026-05-25 13:02:00,3.0166,3.0176,3.0166,3.0171,3.0216,3.0226,3.0216,3.0221,20
2026-05-25 13:03:00,3.0166,3.0166,3.0096,3.0106,3.0216,3.0216,3.0146,3.0156,17
2026-05-25 13:04:00,3.0096,3.0101,3.0076,3.0086,3.0146,3.0151,3.0126,3.0136,11
2026-05-25 13:05:00,3.0076,3.0086,3.0076,3.0086,3.0126,3.0136,3.0126,3.0136,2
2026-05-25 13:06:00,3.0091,3.0116,3.0086,3.0101,3.0141,3.0166,3.0136,3.0151,20
2026-05-25 13:07:00,3.0096,3.0106,3.0096,3.0106,3.0146,3.0156,3.0146,3.0156,3
2026-05-25 13:08:00,3.0101,3.0116,3.0096,3.0106,3.0151,3.0166,3.0146,3.0156,12
2026-05-25 13:09:00,3.0111,3.0121,3.0106,3.0116,3.0161,3.0171,3.0156,3.0166,6
2026-05-25 13:10:00,3.0111,3.0111,3.0106,3.0111,3.0161,3.0161,3.0156,3.0161,7
2026-05-25 13:11:00,3.0106,3.0111,3.0106,3.0106,3.0156,3.0161,3.0156,3.0156,3
2026-05-25 13:12:00,3.0096,3.0096,3.0076,3.0086,3.0146,3.0146,3.0126,3.0136,6
2026-05-25 13:13:00,3.0096,3.0116,3.0096,3.0116,3.0146,3.0166,3.0146,3.0166,3
2026-05-25 13:14:00,3.0106,3.0106,3.0106,3.0106,3.0156,3.0156,3.0156,3.0156,1
2026-05-25 13:15:00,3.0111,3.0111,3.0106,3.0106,3.0161,3.0161,3.0156,3.0156,4
2026-05-25 13:16:00,3.0096,3.0096,3.0086,3.0091,3.0146,3.0146,3.0136,3.0141,4
2026-05-25 13:17:00,3.0086,3.0106,3.0076,3.0106,3.0136,3.0156,3.0126,3.0156,5
2026-05-25 13:18:00,3.0116,3.0126,3.0116,3.0116,3.0166,3.0176,3.0166,3.0166,3
2026-05-25 13:19:00,3.0121,3.0121,3.0116,3.0121,3.0171,3.0171,3.0166,3.0171,5
2026-05-25 13:20:00,3.0116,3.0141,3.0116,3.0131,3.0166,3.0191,3.0166,3.0181,11
2026-05-25 13:21:00,3.0126,3.0131,3.0126,3.0126,3.0176,3.0181,3.0176,3.0176,7
2026-05-25 13:22:00,3.0116,3.0126,3.0096,3.0121,3.0166,3.0176,3.0146,3.0171,9
2026-05-25 13:23:00,3.0126,3.0126,3.0121,3.0126,3.0176,3.0176,3.0171,3.0176,3
2026-05-25 13:24:00,3.0121,3.0126,3.0121,3.0126,3.0171,3.0176,3.0171,3.0176,4
2026-05-25 13:25:00,3.0116,3.0146,3.0106,3.0131,3.0166,3.0196,3.0156,3.0181,10
2026-05-25 13:26:00,3.0136,3.0146,3.0131,3.0141,3.0186,3.0196,3.0181,3.0191,13
2026-05-25 13:27:00,3.0146,3.0146,3.0126,3.0141,3.0196,3.0196,3.0176,3.0191,11
2026-05-25 13:28:00,3.0146,3.0146,3.0136,3.0141,3.0196,3.0196,3.0186,3.0191,4
2026-05-25 13:29:00,3.0136,3.0151,3.0136,3.0151,3.0186,3.0201,3.0186,3.0201,5
2026-05-25 13:30:00,3.0156,3.0156,3.0116,3.0136,3.0206,3.0206,3.0166,3.0186,16
2026-05-25 13:31:00,3.0146,3.0151,3.0126,3.0151,3.0196,3.0201,3.0176,3.0201,13
2026-05-25 13:32:00,3.0146,3.0196,3.0146,3.0181,3.0196,3.0246,3.0196,3.0231,22
2026-05-25 13:33:00,3.0176,3.0186,3.0156,3.0176,3.0226,3.0236,3.0206,3.0226,36
2026-05-25 13:34:00,3.0181,3.0206,3.0181,3.0206,3.0231,3.0256,3.0231,3.0256,10
2026-05-25 13:36:00,3.0196,3.0201,3.0191,3.0191,3.0246,3.0251,3.0241,3.0241,5
2026-05-25 13:37:00,3.0196,3.0196,3.0186,3.0186,3.0246,3.0246,3.0236,3.0236,9
2026-05-25 13:38:00,3.0191,3.0206,3.0176,3.0206,3.0241,3.0256,3.0226,3.0256,11
2026-05-25 13:40:00,3.0196,3.0206,3.0186,3.0186,3.0246,3.0256,3.0236,3.0236,8
2026-05-25 13:41:00,3.0196,3.0206,3.0186,3.0196,3.0246,3.0256,3.0236,3.0246,6
2026-05-25 13:42:00,3.0186,3.0206,3.0186,3.0206,3.0236,3.0256,3.0236,3.0256,9
2026-05-25 13:45:00,3.0221,3.0236,3.0196,3.0231,3.0271,3.0286,3.0246,3.0281,38
2026-05-25 13:46:00,3.0226,3.0226,3.0216,3.0216,3.0276,3.0276,3.0266,3.0266,8
2026-05-25 13:47:00,3.0221,3.0226,3.0221,3.0226,3.0271,3.0276,3.0271,3.0276,2
2026-05-25 13:48:00,3.0221,3.0231,3.0216,3.0231,3.0271,3.0281,3.0266,3.0281,14
2026-05-25 13:49:00,3.0236,3.0246,3.0226,3.0231,3.0286,3.0296,3.0276,3.0281,9
2026-05-25 13:50:00,3.0236,3.0246,3.0236,3.0246,3.0286,3.0296,3.0286,3.0296,3
2026-05-25 13:51:00,3.0256,3.0266,3.0246,3.0246,3.0306,3.0316,3.0296,3.0296,14
2026-05-25 13:52:00,3.0241,3.0256,3.0241,3.0251,3.0291,3.0306,3.0291,3.0301,9
2026-05-25 13:53:00,3.0246,3.0256,3.0226,3.0236,3.0296,3.0306,3.0276,3.0286,12
2026-05-25 13:54:00,3.0246,3.0251,3.0216,3.0226,3.0296,3.0301,3.0266,3.0276,10
2026-05-25 13:55:00,3.0221,3.0226,3.0216,3.0221,3.0271,3.0276,3.0266,3.0271,7
2026-05-25 13:56:00,3.0216,3.0236,3.0216,3.0226,3.0266,3.0286,3.0266,3.0276,13
2026-05-25 13:57:00,3.0231,3.0231,3.0226,3.0226,3.0281,3.0281,3.0276,3.0276,2
2026-05-25 13:58:00,3.0231,3.0241,3.0216,3.0231,3.0281,3.0291,3.0266,3.0281,21
2026-05-25 13:59:00,3.0226,3.0226,3.0221,3.0221,3.0276,3.0276,3.0271,3.0271,2
2026-05-25 14:00:00,3.0226,3.0276,3.0221,3.0256,3.0276,3.0326,3.0271,3.0306,22
2026-05-25 14:01:00,3.0246,3.0246,3.0236,3.0236,3.0296,3.0296,3.0286,3.0286,7
2026-05-25 14:02:00,3.0241,3.0246,3.0241,3.0246,3.0291,3.0296,3.0291,3.0296,4
2026-05-25 14:03:00,3.0251,3.0266,3.0251,3.0266,3.0301,3.0316,3.0301,3.0316,8
2026-05-25 14:05:00,3.0276,3.0286,3.0246,3.0256,3.0326,3.0336,3.0296,3.0306,12
2026-05-25 14:06:00,3.0266,3.0266,3.0236,3.0256,3.0316,3.0316,3.0286,3.0306,13
2026-05-25 14:07:00,3.0251,3.0261,3.0246,3.0256,3.0301,3.0311,3.0296,3.0306,6
2026-05-25 14:08:00,3.0246,3.0246,3.0236,3.0246,3.0296,3.0296,3.0286,3.0296,3
2026-05-25 14:09:00,3.0256,3.0266,3.0256,3.0266,3.0306,3.0316,3.0306,3.0316,4
2026-05-25 14:10:00,3.0256,3.0336,3.0256,3.0336,3.0306,3.0386,3.0306,3.0386,12
2026-05-25 14:11:00,3.0331,3.0346,3.0306,3.0316,3.0381,3.0396,3.0356,3.0366,17
2026-05-25 14:12:00,3.0326,3.0326,3.0316,3.0316,3.0376,3.0376,3.0366,3.0366,2
2026-05-25 14:13:00,3.0306,3.0326,3.0296,3.0316,3.0356,3.0376,3.0346,3.0366,6
2026-05-25 14:14:00,3.0326,3.0336,3.0326,3.0331,3.0376,3.0386,3.0376,3.0381,4
2026-05-25 14:15:00,3.0336,3.0336,3.0336,3.0336,3.0386,3.0386,3.0386,3.0386,1
2026-05-25 14:16:00,3.0341,3.0356,3.0341,3.0356,3.0391,3.0406,3.0391,3.0406,4
2026-05-25 14:17:00,3.0346,3.0356,3.0346,3.0356,3.0396,3.0406,3.0396,3.0406,6
2026-05-25 14:18:00,3.0346,3.0351,3.0346,3.0346,3.0396,3.0401,3.0396,3.0396,3
2026-05-25 14:19:00,3.0356,3.0366,3.0356,3.0366,3.0406,3.0416,3.0406,3.0416,5
2026-05-25 14:20:00,3.0356,3.0376,3.0356,3.0356,3.0406,3.0426,3.0406,3.0406,8
2026-05-25 14:21:00,3.0361,3.0406,3.0361,3.0396,3.0411,3.0456,3.0411,3.0446,11
2026-05-25 14:22:00,3.0406,3.0416,3.0406,3.0416,3.0456,3.0466,3.0456,3.0466,16
2026-05-25 14:23:00,3.0426,3.0446,3.0376,3.0386,3.0476,3.0496,3.0426,3.0436,32
2026-05-25 14:24:00,3.0396,3.0436,3.0396,3.0416,3.0446,3.0486,3.0446,3.0466,13
2026-05-25 14:25:00,3.0421,3.0436,3.0406,3.0426,3.0471,3.0486,3.0456,3.0476,28
2026-05-25 14:26:00,3.0436,3.0466,3.0426,3.0451,3.0486,3.0516,3.0476,3.0501,19
2026-05-25 14:27:00,3.0446,3.0456,3.0416,3.0436,3.0496,3.0506,3.0466,3.0486,12
2026-05-25 14:28:00,3.0446,3.0456,3.0446,3.0456,3.0496,3.0506,3.0496,3.0506,11
2026-05-25 14:29:00,3.0446,3.0456,3.0426,3.0426,3.0496,3.0506,3.0476,3.0476,17
2026-05-25 14:30:00,3.0436,3.0526,3.0436,3.0526,3.0486,3.0576,3.0486,3.0576,21
2026-05-25 14:31:00,3.0546,3.0586,3.0516,3.0526,3.0596,3.0636,3.0566,3.0576,52
2026-05-25 14:32:00,3.0531,3.0566,3.0526,3.0546,3.0581,3.0616,3.0576,3.0596,21
2026-05-25 14:33:00,3.0551,3.0596,3.0551,3.0586,3.0601,3.0646,3.0601,3.0636,14
2026-05-25 14:34:00,3.0596,3.0596,3.0596,3.0596,3.0646,3.0646,3.0646,3.0646,1
2026-05-25 14:35:00,3.0606,3.0606,3.0566,3.0576,3.0656,3.0656,3.0616,3.0626,12
2026-05-25 14:36:00,3.0566,3.0586,3.0566,3.0586,3.0616,3.0636,3.0616,3.0636,7
2026-05-25 14:37:00,3.0591,3.0596,3.0576,3.0596,3.0641,3.0646,3.0626,3.0646,7
2026-05-25 14:38:00,3.0606,3.0606,3.0606,3.0606,3.0656,3.0656,3.0656,3.0656,1
2026-05-25 14:39:00,3.0596,3.0616,3.0586,3.0606,3.0646,3.0666,3.0636,3.0656,7
2026-05-25 14:40:00,3.0596,3.0616,3.0586,3.0616,3.0646,3.0666,3.0636,3.0666,15
2026-05-25 14:41:00,3.0606,3.0696,3.0606,3.0676,3.0656,3.0746,3.0656,3.0726,37
2026-05-25 14:42:00,3.0666,3.0696,3.0656,3.0696,3.0716,3.0746,3.0706,3.0746,22
2026-05-25 14:43:00,3.0706,3.0736,3.0706,3.0736,3.0756,3.0786,3.0756,3.0786,19
2026-05-25 14:44:00,3.0746,3.0746,3.0716,3.0716,3.0796,3.0796,3.0766,3.0766,23
2026-05-25 14:45:00,3.0726,3.0756,3.0666,3.0666,3.0776,3.0806,3.0716,3.0716,43
2026-05-25 14:46:00,3.0676,3.0696,3.0666,3.0686,3.0726,3.0746,3.0716,3.0736,28
2026-05-25 14:47:00,3.0696,3.0706,3.0676,3.0686,3.0746,3.0756,3.0726,3.0736,21
2026-05-25 14:48:00,3.0676,3.0676,3.0666,3.0666,3.0726,3.0726,3.0716,3.0716,12
2026-05-25 14:49:00,3.0676,3.0686,3.0676,3.0686,3.0726,3.0736,3.0726,3.0736,9
2026-05-25 14:50:00,3.0696,3.0696,3.0656,3.0656,3.0746,3.0746,3.0706,3.0706,28
2026-05-25 14:51:00,3.0661,3.0681,3.0656,3.0671,3.0711,3.0731,3.0706,3.0721,18
2026-05-25 14:52:00,3.0676,3.0686,3.0666,3.0681,3.0726,3.0736,3.0716,3.0731,13
2026-05-25 14:53:00,3.0686,3.0686,3.0676,3.0676,3.0736,3.0736,3.0726,3.0726,10
2026-05-25 14:54:00,3.0686,3.0726,3.0681,3.0711,3.0736,3.0776,3.0731,3.0761,25
2026-05-25 14:55:00,3.0716,3.0716,3.0706,3.0711,3.0766,3.0766,3.0756,3.0761,10
2026-05-25 14:56:00,3.0716,3.0766,3.0716,3.0756,3.0766,3.0816,3.0766,3.0806,17
2026-05-25 14:57:00,3.0751,3.0766,3.0751,3.0766,3.0801,3.0816,3.0801,3.0816,13
2026-05-25 14:58:00,3.0756,3.0796,3.0756,3.0796,3.0806,3.0846,3.0806,3.0846,17
2026-05-25 14:59:00,3.0806,3.0806,3.0776,3.0776,3.0856,3.0856,3.0826,3.0826,16
2026-05-25 15:00:00,3.0766,3.0876,3.0766,3.0836,3.0816,3.0926,3.0816,3.0886,85
2026-05-25 15:01:00,3.0846,3.0896,3.0846,3.0846,3.0896,3.0946,3.0896,3.0896,31
2026-05-25 15:02:00,3.0851,3.0851,3.0826,3.0836,3.0901,3.0901,3.0876,3.0886,25
2026-05-25 15:03:00,3.0841,3.0876,3.0826,3.0836,3.0891,3.0926,3.0876,3.0886,20
2026-05-25 15:04:00,3.0831,3.0856,3.0826,3.0826,3.0881,3.0906,3.0876,3.0876,22
2026-05-25 15:05:00,3.0831,3.0836,3.0806,3.0806,3.0881,3.0886,3.0856,3.0856,18
2026-05-25 15:06:00,3.0816,3.0826,3.0776,3.0816,3.0866,3.0876,3.0826,3.0866,35
2026-05-25 15:07:00,3.0826,3.0826,3.0811,3.0816,3.0876,3.0876,3.0861,3.0866,16
2026-05-25 15:08:00,3.0826,3.0836,3.0816,3.0816,3.0876,3.0886,3.0866,3.0866,6
2026-05-25 15:09:00,3.0821,3.0831,3.0821,3.0821,3.0871,3.0881,3.0871,3.0871,13
2026-05-25 15:10:00,3.0816,3.0846,3.0806,3.0816,3.0866,3.0896,3.0856,3.0866,15
2026-05-25 15:11:00,3.0811,3.0816,3.0806,3.0816,3.0861,3.0866,3.0856,3.0866,16
2026-05-25 15:12:00,3.0826,3.0886,3.0826,3.0866,3.0876,3.0936,3.0876,3.0916,20
2026-05-25 15:13:00,3.0871,3.0931,3.0866,3.0901,3.0921,3.0981,3.0916,3.0951,23
2026-05-25 15:14:00,3.0896,3.0906,3.0876,3.0886,3.0946,3.0956,3.0926,3.0936,18
2026-05-25 15:15:00,3.0891,3.0896,3.0881,3.0886,3.0941,3.0946,3.0931,3.0936,11
2026-05-25 15:16:00,3.0896,3.0906,3.0881,3.0886,3.0946,3.0956,3.0931,3.0936,13
2026-05-25 15:17:00,3.0896,3.0946,3.0886,3.0936,3.0946,3.0996,3.0936,3.0986,31
2026-05-25 15:18:00,3.0946,3.0946,3.0916,3.0916,3.0996,3.0996,3.0966,3.0966,12
2026-05-25 15:19:00,3.0926,3.0926,3.0906,3.0916,3.0976,3.0976,3.0956,3.0966,21
2026-05-25 15:20:00,3.0926,3.0946,3.0916,3.0916,3.0976,3.0996,3.0966,3.0966,12
2026-05-25 15:21:00,3.0926,3.0926,3.0896,3.0906,3.0976,3.0976,3.0946,3.0956,12
2026-05-25 15:22:00,3.0896,3.0906,3.0876,3.0886,3.0946,3.0956,3.0926,3.0936,8
2026-05-25 15:23:00,3.0876,3.0876,3.0866,3.0876,3.0926,3.0926,3.0916,3.0926,10
2026-05-25 15:24:00,3.0886,3.0936,3.0886,3.0906,3.0936,3.0986,3.0936,3.0956,21
2026-05-25 15:25:00,3.0901,3.0906,3.0866,3.0871,3.0951,3.0956,3.0916,3.0921,28
2026-05-25 15:26:00,3.0876,3.0916,3.0876,3.0916,3.0926,3.0966,3.0926,3.0966,11
2026-05-25 15:27:00,3.0926,3.0946,3.0916,3.0916,3.0976,3.0996,3.0966,3.0966,17
2026-05-25 15:28:00,3.0926,3.0936,3.0921,3.0931,3.0976,3.0986,3.0971,3.0981,12
2026-05-25 15:29:00,3.0936,3.0936,3.0916,3.0926,3.0986,3.0986,3.0966,3.0976,14
2026-05-25 15:30:00,3.0916,3.0976,3.0906,3.0906,3.0966,3.1026,3.0956,3.0956,53
2026-05-25 15:31:00,3.0896,3.0926,3.0896,3.0916,3.0946,3.0976,3.0946,3.0966,27
2026-05-25 15:32:00,3.0921,3.0921,3.0836,3.0866,3.0971,3.0971,3.0886,3.0916,39
2026-05-25 15:33:00,3.0876,3.0886,3.0866,3.0876,3.0926,3.0936,3.0916,3.0926,15
2026-05-25 15:34:00,3.0886,3.0886,3.0856,3.0856,3.0936,3.0936,3.0906,3.0906,4
2026-05-25 15:35:00,3.0851,3.0866,3.0836,3.0846,3.0901,3.0916,3.0886,3.0896,14
2026-05-25 15:36:00,3.0836,3.0876,3.0836,3.0866,3.0886,3.0926,3.0886,3.0916,8
2026-05-25 15:37:00,3.0871,3.0871,3.0846,3.0856,3.0921,3.0921,3.0896,3.0906,10
2026-05-25 15:38:00,3.0846,3.0856,3.0766,3.0766,3.0896,3.0906,3.0816,3.0816,18
2026-05-25 15:39:00,3.0776,3.0776,3.0741,3.0746,3.0826,3.0826,3.0791,3.0796,10
2026-05-25 15:40:00,3.0756,3.0776,3.0746,3.0766,3.0806,3.0826,3.0796,3.0816,10
2026-05-25 15:41:00,3.0761,3.0766,3.0756,3.0756,3.0811,3.0816,3.0806,3.0806,7
2026-05-25 15:42:00,3.0746,3.0766,3.0746,3.0756,3.0796,3.0816,3.0796,3.0806,4
2026-05-25 15:43:00,3.0766,3.0776,3.0766,3.0766,3.0816,3.0826,3.0816,3.0816,3
2026-05-25 15:44:00,3.0776,3.0776,3.0746,3.0756,3.0826,3.0826,3.0796,3.0806,15
2026-05-25 15:45:00,3.0751,3.0756,3.0746,3.0756,3.0801,3.0806,3.0796,3.0806,5
2026-05-25 15:46:00,3.0761,3.0761,3.0736,3.0756,3.0811,3.0811,3.0786,3.0806,8
2026-05-25 15:47:00,3.0761,3.0786,3.0761,3.0786,3.0811,3.0836,3.0811,3.0836,4
2026-05-25 15:48:00,3.0796,3.0806,3.0786,3.0796,3.0846,3.0856,3.0836,3.0846,7
2026-05-25 15:49:00,3.0786,3.0796,3.0781,3.0781,3.0836,3.0846,3.0831,3.0831,5
2026-05-25 15:50:00,3.0776,3.0796,3.0776,3.0786,3.0826,3.0846,3.0826,3.0836,6
2026-05-25 15:51:00,3.0796,3.0826,3.0786,3.0796,3.0846,3.0876,3.0836,3.0846,30
2026-05-25 15:52:00,3.0801,3.0806,3.0766,3.0766,3.0851,3.0856,3.0816,3.0816,17
2026-05-25 15:54:00,3.0776,3.0781,3.0776,3.0776,3.0826,3.0831,3.0826,3.0826,3
2026-05-25 15:55:00,3.0766,3.0776,3.0766,3.0776,3.0816,3.0826,3.0816,3.0826,5
2026-05-25 15:56:00,3.0771,3.0776,3.0766,3.0776,3.0821,3.0826,3.0816,3.0826,4
2026-05-25 15:57:00,3.0766,3.0776,3.0746,3.0746,3.0816,3.0826,3.0796,3.0796,9
2026-05-25 15:58:00,3.0751,3.0756,3.0686,3.0691,3.0801,3.0806,3.0736,3.0741,31
2026-05-25 15:59:00,3.0686,3.0701,3.0676,3.0696,3.0736,3.0751,3.0726,3.0746,19
2026-05-25 16:00:00,3.0701,3.0706,3.0666,3.0666,3.0751,3.0756,3.0716,3.0716,17
2026-05-25 16:01:00,3.0656,3.0676,3.0646,3.0671,3.0706,3.0726,3.0696,3.0721,15
2026-05-25 16:02:00,3.0666,3.0676,3.0666,3.0676,3.0716,3.0726,3.0716,3.0726,4
2026-05-25 16:03:00,3.0666,3.0676,3.0666,3.0676,3.0716,3.0726,3.0716,3.0726,4
2026-05-25 16:05:00,3.0681,3.0706,3.0666,3.0706,3.0731,3.0756,3.0716,3.0756,21
2026-05-25 16:06:00,3.0716,3.0716,3.0706,3.0706,3.0766,3.0766,3.0756,3.0756,7
2026-05-25 16:07:00,3.0716,3.0721,3.0706,3.0716,3.0766,3.0771,3.0756,3.0766,9
2026-05-25 16:08:00,3.0726,3.0726,3.0706,3.0706,3.0776,3.0776,3.0756,3.0756,4
2026-05-25 16:09:00,3.0711,3.0726,3.0711,3.0726,3.0761,3.0776,3.0761,3.0776,13
2026-05-25 16:10:00,3.0716,3.0736,3.0716,3.0736,3.0766,3.0786,3.0766,3.0786,9
2026-05-25 16:11:00,3.0731,3.0736,3.0726,3.0736,3.0781,3.0786,3.0776,3.0786,5
2026-05-25 16:12:00,3.0746,3.0746,3.0726,3.0726,3.0796,3.0796,3.0776,3.0776,10
2026-05-25 16:14:00,3.0736,3.0736,3.0726,3.0736,3.0786,3.0786,3.0776,3.0786,5
2026-05-25 16:15:00,3.0726,3.0736,3.0726,3.0736,3.0776,3.0786,3.0776,3.0786,2
2026-05-25 16:16:00,3.0726,3.0736,3.0726,3.0736,3.0776,3.0786,3.0776,3.0786,4
2026-05-25 16:17:00,3.0726,3.0726,3.0716,3.0716,3.0776,3.0776,3.0766,3.0766,3
2026-05-25 16:18:00,3.0726,3.0726,3.0716,3.0726,3.0776,3.0776,3.0766,3.0776,3
2026-05-25 16:19:00,3.0716,3.0736,3.0716,3.0716,3.0766,3.0786,3.0766,3.0766,9
2026-05-25 16:20:00,3.0706,3.0706,3.0706,3.0706,3.0756,3.0756,3.0756,3.0756,1
2026-05-25 16:21:00,3.0716,3.0716,3.0706,3.0716,3.0766,3.0766,3.0756,3.0766,5
2026-05-25 16:22:00,3.0726,3.0746,3.0726,3.0736,3.0776,3.0796,3.0776,3.0786,17
2026-05-25 16:23:00,3.0746,3.0751,3.0726,3.0726,3.0796,3.0801,3.0776,3.0776,16
2026-05-25 16:24:00,3.0731,3.0731,3.0726,3.0726,3.0781,3.0781,3.0776,3.0776,4
2026-05-25 16:25:00,3.0736,3.0736,3.0716,3.0726,3.0786,3.0786,3.0766,3.0776,11
2026-05-25 16:26:00,3.0736,3.0756,3.0736,3.0756,3.0786,3.0806,3.0786,3.0806,8
2026-05-25 16:27:00,3.0746,3.0756,3.0746,3.0756,3.0796,3.0806,3.0796,3.0806,3
2026-05-25 16:28:00,3.0766,3.0786,3.0766,3.0771,3.0816,3.0836,3.0816,3.0821,19
2026-05-25 16:29:00,3.0766,3.0766,3.0756,3.0766,3.0816,3.0816,3.0806,3.0816,3
2026-05-25 16:30:00,3.0776,3.0786,3.0756,3.0766,3.0826,3.0836,3.0806,3.0816,14
2026-05-25 16:31:00,3.0761,3.0766,3.0746,3.0756,3.0811,3.0816,3.0796,3.0806,8
2026-05-25 16:32:00,3.0746,3.0766,3.0716,3.0716,3.0796,3.0816,3.0766,3.0766,22
2026-05-25 16:33:00,3.0711,3.0711,3.0686,3.0691,3.0761,3.0761,3.0736,3.0741,11
2026-05-25 16:34:00,3.0696,3.0706,3.0696,3.0706,3.0746,3.0756,3.0746,3.0756,2
2026-05-25 16:35:00,3.0716,3.0716,3.0706,3.0716,3.0766,3.0766,3.0756,3.0766,6
2026-05-25 16:36:00,3.0726,3.0726,3.0686,3.0686,3.0776,3.0776,3.0736,3.0736,6
2026-05-25 16:37:00,3.0681,3.0696,3.0676,3.0686,3.0731,3.0746,3.0726,3.0736,8
2026-05-25 16:38:00,3.0696,3.0711,3.0696,3.0701,3.0746,3.0761,3.0746,3.0751,8
2026-05-25 16:39:00,3.0706,3.0706,3.0696,3.0696,3.0756,3.0756,3.0746,3.0746,2
2026-05-25 16:40:00,3.0701,3.0706,3.0701,3.0706,3.0751,3.0756,3.0751,3.0756,2
2026-05-25 16:41:00,3.0696,3.0696,3.0676,3.0676,3.0746,3.0746,3.0726,3.0726,6
2026-05-25 16:42:00,3.0666,3.0696,3.0646,3.0686,3.0716,3.0746,3.0696,3.0736,19
2026-05-25 16:43:00,3.0681,3.0696,3.0676,3.0676,3.0731,3.0746,3.0726,3.0726,14
2026-05-25 16:44:00,3.0666,3.0676,3.0666,3.0676,3.0716,3.0726,3.0716,3.0726,2
2026-05-25 16:45:00,3.0671,3.0686,3.0666,3.0681,3.0721,3.0736,3.0716,3.0731,11
2026-05-25 16:46:00,3.0676,3.0686,3.0656,3.0666,3.0726,3.0736,3.0706,3.0716,22
2026-05-25 16:47:00,3.0676,3.0686,3.0676,3.0686,3.0726,3.0736,3.0726,3.0736,2
2026-05-25 16:48:00,3.0676,3.0681,3.0666,3.0681,3.0726,3.0731,3.0716,3.0731,4
2026-05-25 16:49:00,3.0676,3.0676,3.0671,3.0676,3.0726,3.0726,3.0721,3.0726,3
2026-05-25 16:50:00,3.0666,3.0666,3.0616,3.0626,3.0716,3.0716,3.0666,3.0676,9
2026-05-25 16:51:00,3.0616,3.0626,3.0606,3.0606,3.0666,3.0676,3.0656,3.0656,5
2026-05-25 16:52:00,3.0596,3.0606,3.0576,3.0576,3.0646,3.0656,3.0626,3.0626,9
2026-05-25 16:53:00,3.0566,3.0566,3.0536,3.0546,3.0616,3.0616,3.0586,3.0596,17
2026-05-25 16:54:00,3.0556,3.0576,3.0536,3.0576,3.0606,3.0626,3.0586,3.0626,15
2026-05-25 16:55:00,3.0571,3.0586,3.0541,3.0541,3.0621,3.0636,3.0591,3.0591,14
2026-05-25 16:56:00,3.0546,3.0566,3.0536,3.0536,3.0596,3.0616,3.0586,3.0586,12
2026-05-25 16:57:00,3.0546,3.0566,3.0546,3.0561,3.0596,3.0616,3.0596,3.0611,10
2026-05-25 16:58:00,3.0556,3.0586,3.0556,3.0561,3.0606,3.0636,3.0606,3.0611,12
2026-05-25 16:59:00,3.0556,3.0566,3.0556,3.0556,3.0606,3.0616,3.0606,3.0606,9
2026-05-25 17:00:00,3.0561,3.0566,3.0536,3.0536,3.0611,3.0616,3.0586,3.0586,5
2026-05-25 17:01:00,3.0546,3.0556,3.0546,3.0546,3.0596,3.0606,3.0596,3.0596,10
2026-05-25 17:02:00,3.0556,3.0576,3.0556,3.0566,3.0606,3.0626,3.0606,3.0616,4
2026-05-25 17:03:00,3.0576,3.0586,3.0566,3.0576,3.0626,3.0636,3.0616,3.0626,7
2026-05-25 17:04:00,3.0586,3.0596,3.0586,3.0596,3.0636,3.0646,3.0636,3.0646,7
2026-05-25 17:05:00,3.0591,3.0596,3.0566,3.0586,3.0641,3.0646,3.0616,3.0636,14
2026-05-25 17:06:00,3.0576,3.0586,3.0576,3.0581,3.0626,3.0636,3.0626,3.0631,8
2026-05-25 17:07:00,3.0586,3.0626,3.0586,3.0606,3.0636,3.0676,3.0636,3.0656,7
2026-05-25 17:08:00,3.0611,3.0616,3.0611,3.0616,3.0661,3.0666,3.0661,3.0666,2
2026-05-25 17:09:00,3.0606,3.0606,3.0586,3.0596,3.0656,3.0656,3.0636,3.0646,6
2026-05-25 17:10:00,3.0586,3.0596,3.0506,3.0526,3.0636,3.0646,3.0556,3.0576,22
2026-05-25 17:11:00,3.0531,3.0546,3.0506,3.0526,3.0581,3.0596,3.0556,3.0576,43
2026-05-25 17:12:00,3.0521,3.0541,3.0516,3.0536,3.0571,3.0591,3.0566,3.0586,19
2026-05-25 17:13:00,3.0546,3.0556,3.0486,3.0491,3.0596,3.0606,3.0536,3.0541,20
2026-05-25 17:14:00,3.0496,3.0536,3.0496,3.0531,3.0546,3.0586,3.0546,3.0581,6
2026-05-25 17:15:00,3.0526,3.0526,3.0496,3.0501,3.0576,3.0576,3.0546,3.0551,16
2026-05-25 17:16:00,3.0506,3.0526,3.0506,3.0526,3.0556,3.0576,3.0556,3.0576,10
2026-05-25 17:17:00,3.0531,3.0541,3.0531,3.0541,3.0581,3.0591,3.0581,3.0591,5
2026-05-25 17:18:00,3.0546,3.0546,3.0516,3.0516,3.0596,3.0596,3.0566,3.0566,8
2026-05-25 17:19:00,3.0506,3.0516,3.0486,3.0486,3.0556,3.0566,3.0536,3.0536,13
2026-05-25 17:20:00,3.0476,3.0496,3.0476,3.0476,3.0526,3.0546,3.0526,3.0526,10
2026-05-25 17:21:00,3.0486,3.0506,3.0486,3.0506,3.0536,3.0556,3.0536,3.0556,4
2026-05-25 17:22:00,3.0501,3.0506,3.0486,3.0496,3.0551,3.0556,3.0536,3.0546,8
2026-05-25 17:23:00,3.0486,3.0496,3.0486,3.0496,3.0536,3.0546,3.0536,3.0546,7
2026-05-25 17:24:00,3.0501,3.0506,3.0496,3.0501,3.0551,3.0556,3.0546,3.0551,8
2026-05-25 17:25:00,3.0496,3.0496,3.0481,3.0496,3.0546,3.0546,3.0531,3.0546,10
2026-05-25 17:26:00,3.0491,3.0496,3.0456,3.0481,3.0541,3.0546,3.0506,3.0531,36
2026-05-25 17:27:00,3.0476,3.0506,3.0476,3.0506,3.0526,3.0556,3.0526,3.0556,14
2026-05-25 17:28:00,3.0501,3.0506,3.0496,3.0496,3.0551,3.0556,3.0546,3.0546,3
2026-05-25 17:29:00,3.0486,3.0486,3.0466,3.0466,3.0536,3.0536,3.0516,3.0516,8
2026-05-25 17:30:00,3.0476,3.0476,3.0446,3.0461,3.0526,3.0526,3.0496,3.0511,14
2026-05-25 17:31:00,3.0466,3.0466,3.0456,3.0466,3.0516,3.0516,3.0506,3.0516,22
2026-05-25 17:32:00,3.0471,3.0486,3.0456,3.0481,3.0521,3.0536,3.0506,3.0531,13
2026-05-25 17:33:00,3.0476,3.0481,3.0471,3.0471,3.0526,3.0531,3.0521,3.0521,8
2026-05-25 17:34:00,3.0476,3.0486,3.0466,3.0486,3.0526,3.0536,3.0516,3.0536,4
2026-05-25 17:35:00,3.0481,3.0506,3.0481,3.0506,3.0531,3.0556,3.0531,3.0556,7
2026-05-25 17:36:00,3.0496,3.0496,3.0476,3.0486,3.0546,3.0546,3.0526,3.0536,8
2026-05-25 17:37:00,3.0476,3.0486,3.0476,3.0481,3.0526,3.0536,3.0526,3.0531,14
2026-05-25 17:38:00,3.0476,3.0486,3.0466,3.0476,3.0526,3.0536,3.0516,3.0526,10
2026-05-25 17:39:00,3.0471,3.0486,3.0456,3.0481,3.0521,3.0536,3.0506,3.0531,11
2026-05-25 17:40:00,3.0486,3.0496,3.0476,3.0496,3.0536,3.0546,3.0526,3.0546,7
2026-05-25 17:42:00,3.0486,3.0496,3.0466,3.0466,3.0536,3.0546,3.0516,3.0516,7
2026-05-25 17:43:00,3.0476,3.0476,3.0476,3.0476,3.0526,3.0526,3.0526,3.0526,1
2026-05-25 17:44:00,3.0466,3.0486,3.0466,3.0486,3.0516,3.0536,3.0516,3.0536,3
2026-05-25 17:45:00,3.0496,3.0496,3.0496,3.0496,3.0546,3.0546,3.0546,3.0546,1
2026-05-25 17:46:00,3.0491,3.0506,3.0486,3.0506,3.0541,3.0556,3.0536,3.0556,7
2026-05-25 17:47:00,3.0496,3.0496,3.0486,3.0496,3.0546,3.0546,3.0536,3.0546,13
2026-05-25 17:48:00,3.0486,3.0496,3.0486,3.0486,3.0536,3.0546,3.0536,3.0536,9
2026-05-25 17:49:00,3.0496,3.0496,3.0496,3.0496,3.0546,3.0546,3.0546,3.0546,1
2026-05-25 17:50:00,3.0506,3.0506,3.0506,3.0506,3.0556,3.0556,3.0556,3.0556,1
2026-05-25 17:51:00,3.0516,3.0536,3.0516,3.0536,3.0566,3.0586,3.0566,3.0586,3
2026-05-25 17:52:00,3.0531,3.0531,3.0506,3.0516,3.0581,3.0581,3.0556,3.0566,18
2026-05-25 17:53:00,3.0511,3.0511,3.0486,3.0486,3.0561,3.0561,3.0536,3.0536,8
2026-05-25 17:54:00,3.0491,3.0496,3.0491,3.0496,3.0541,3.0546,3.0541,3.0546,2
2026-05-25 17:56:00,3.0486,3.0486,3.0476,3.0486,3.0536,3.0536,3.0526,3.0536,5
2026-05-25 17:57:00,3.0476,3.0476,3.0466,3.0476,3.0526,3.0526,3.0516,3.0526,3
2026-05-25 17:58:00,3.0486,3.0486,3.0476,3.0486,3.0536,3.0536,3.0526,3.0536,3
2026-05-25 18:00:00,3.0476,3.0496,3.0476,3.0496,3.0526,3.0546,3.0526,3.0546,8
2026-05-25 18:01:00,3.0491,3.0501,3.0486,3.0496,3.0541,3.0551,3.0536,3.0546,13
2026-05-25 18:02:00,3.0506,3.0506,3.0486,3.0486,3.0556,3.0556,3.0536,3.0536,8
2026-05-25 18:03:00,3.0496,3.0536,3.0496,3.0536,3.0546,3.0586,3.0546,3.0586,6
2026-05-25 18:04:00,3.0526,3.0546,3.0521,3.0546,3.0576,3.0596,3.0571,3.0596,15
2026-05-25 18:05:00,3.0536,3.0546,3.0526,3.0526,3.0586,3.0596,3.0576,3.0576,11
2026-05-25 18:06:00,3.0536,3.0536,3.0526,3.0536,3.0586,3.0586,3.0576,3.0586,5
2026-05-25 18:07:00,3.0526,3.0526,3.0496,3.0496,3.0576,3.0576,3.0546,3.0546,4
2026-05-25 18:08:00,3.0491,3.0496,3.0476,3.0496,3.0541,3.0546,3.0526,3.0546,5
2026-05-25 18:11:00,3.0491,3.0496,3.0486,3.0496,3.0541,3.0546,3.0536,3.0546,9
2026-05-25 18:13:00,3.0491,3.0496,3.0491,3.0496,3.0541,3.0546,3.0541,3.0546,2
2026-05-25 18:14:00,3.0506,3.0506,3.0456,3.0456,3.0556,3.0556,3.0506,3.0506,8
2026-05-25 18:15:00,3.0461,3.0486,3.0456,3.0486,3.0511,3.0536,3.0506,3.0536,7
2026-05-25 18:16:00,3.0481,3.0486,3.0476,3.0486,3.0531,3.0536,3.0526,3.0536,3
2026-05-25 18:17:00,3.0496,3.0496,3.0486,3.0486,3.0546,3.0546,3.0536,3.0536,4
2026-05-25 18:18:00,3.0476,3.0496,3.0476,3.0496,3.0526,3.0546,3.0526,3.0546,5
2026-05-25 18:19:00,3.0491,3.0496,3.0476,3.0476,3.0541,3.0546,3.0526,3.0526,4
2026-05-25 18:20:00,3.0466,3.0481,3.0466,3.0481,3.0516,3.0531,3.0516,3.0531,3
2026-05-25 18:21:00,3.0486,3.0486,3.0476,3.0476,3.0536,3.0536,3.0526,3.0526,8
2026-05-25 18:22:00,3.0481,3.0486,3.0481,3.0486,3.0531,3.0536,3.0531,3.0536,2
2026-05-25 18:23:00,3.0481,3.0486,3.0476,3.0486,3.0531,3.0536,3.0526,3.0536,3
2026-05-25 18:24:00,3.0476,3.0486,3.0476,3.0476,3.0526,3.0536,3.0526,3.0526,3
2026-05-25 18:25:00,3.0466,3.0481,3.0456,3.0466,3.0516,3.0531,3.0506,3.0516,9
2026-05-25 18:26:00,3.0476,3.0516,3.0476,3.0516,3.0526,3.0566,3.0526,3.0566,7
2026-05-25 18:28:00,3.0526,3.0526,3.0496,3.0496,3.0576,3.0576,3.0546,3.0546,14
2026-05-25 18:29:00,3.0506,3.0506,3.0496,3.0496,3.0556,3.0556,3.0546,3.0546,2
2026-05-25 18:30:00,3.0506,3.0516,3.0506,3.0516,3.0556,3.0566,3.0556,3.0566,2
2026-05-25 18:31:00,3.0506,3.0506,3.0501,3.0506,3.0556,3.0556,3.0551,3.0556,5
2026-05-25 18:32:00,3.0511,3.0516,3.0506,3.0511,3.0561,3.0566,3.0556,3.0561,4
2026-05-25 18:33:00,3.0501,3.0516,3.0486,3.0506,3.0551,3.0566,3.0536,3.0556,23
2026-05-25 18:34:00,3.0496,3.0506,3.0496,3.0506,3.0546,3.0556,3.0546,3.0556,7
2026-05-25 18:35:00,3.0511,3.0516,3.0506,3.0506,3.0561,3.0566,3.0556,3.0556,8
2026-05-25 18:36:00,3.0516,3.0516,3.0506,3.0516,3.0566,3.0566,3.0556,3.0566,8
2026-05-25 18:37:00,3.0511,3.0511,3.0506,3.0511,3.0561,3.0561,3.0556,3.0561,7
2026-05-25 18:38:00,3.0516,3.0526,3.0516,3.0526,3.0566,3.0576,3.0566,3.0576,9
2026-05-25 18:39:00,3.0536,3.0546,3.0526,3.0536,3.0586,3.0596,3.0576,3.0586,16
2026-05-25 18:40:00,3.0546,3.0546,3.0536,3.0536,3.0596,3.0596,3.0586,3.0586,9
2026-05-25 18:41:00,3.0531,3.0556,3.0531,3.0551,3.0581,3.0606,3.0581,3.0601,12
2026-05-25 18:42:00,3.0546,3.0556,3.0546,3.0556,3.0596,3.0606,3.0596,3.0606,3
2026-05-25 18:43:00,3.0566,3.0566,3.0546,3.0546,3.0616,3.0616,3.0596,3.0596,14
2026-05-25 18:44:00,3.0541,3.0546,3.0536,3.0536,3.0591,3.0596,3.0586,3.0586,12
2026-05-25 18:45:00,3.0526,3.0526,3.0466,3.0466,3.0576,3.0576,3.0516,3.0516,24
2026-05-25 18:46:00,3.0471,3.0481,3.0466,3.0466,3.0521,3.0531,3.0516,3.0516,12
2026-05-25 18:47:00,3.0456,3.0476,3.0456,3.0471,3.0506,3.0526,3.0506,3.0521,17
2026-05-25 18:48:00,3.0476,3.0476,3.0466,3.0476,3.0526,3.0526,3.0516,3.0526,6
2026-05-25 18:49:00,3.0481,3.0481,3.0466,3.0476,3.0531,3.0531,3.0516,3.0526,5
2026-05-25 18:50:00,3.0466,3.0471,3.0456,3.0461,3.0516,3.0521,3.0506,3.0511,12
2026-05-25 18:51:00,3.0456,3.0456,3.0446,3.0446,3.0506,3.0506,3.0496,3.0496,11
2026-05-25 18:52:00,3.0451,3.0456,3.0446,3.0451,3.0501,3.0506,3.0496,3.0501,8
2026-05-25 18:53:00,3.0446,3.0486,3.0446,3.0486,3.0496,3.0536,3.0496,3.0536,16
2026-05-25 18:54:00,3.0481,3.0481,3.0466,3.0476,3.0531,3.0531,3.0516,3.0526,10
2026-05-25 18:55:00,3.0471,3.0476,3.0466,3.0466,3.0521,3.0526,3.0516,3.0516,5
2026-05-25 18:56:00,3.0471,3.0471,3.0456,3.0456,3.0521,3.0521,3.0506,3.0506,3
2026-05-25 18:57:00,3.0446,3.0446,3.0446,3.0446,3.0496,3.0496,3.0496,3.0496,1
2026-05-25 18:58:00,3.0441,3.0446,3.0396,3.0416,3.0491,3.0496,3.0446,3.0466,23
2026-05-25 18:59:00,3.0411,3.0411,3.0386,3.0391,3.0461,3.0461,3.0436,3.0441,17
2026-05-25 19:00:00,3.0386,3.0391,3.0341,3.0366,3.0436,3.0441,3.0391,3.0416,33
2026-05-25 19:01:00,3.0361,3.0366,3.0326,3.0326,3.0411,3.0416,3.0376,3.0376,16
2026-05-25 19:02:00,3.0336,3.0336,3.0286,3.0296,3.0386,3.0386,3.0336,3.0346,28
2026-05-25 19:03:00,3.0286,3.0316,3.0276,3.0316,3.0336,3.0366,3.0326,3.0366,21
2026-05-25 19:04:00,3.0321,3.0326,3.0316,3.0326,3.0371,3.0376,3.0366,3.0376,6
2026-05-25 19:05:00,3.0321,3.0326,3.0296,3.0316,3.0371,3.0376,3.0346,3.0366,31
2026-05-25 19:06:00,3.0311,3.0336,3.0306,3.0331,3.0361,3.0386,3.0356,3.0381,11
2026-05-25 19:07:00,3.0341,3.0346,3.0336,3.0336,3.0391,3.0396,3.0386,3.0386,8
2026-05-25 19:08:00,3.0346,3.0346,3.0341,3.0346,3.0396,3.0396,3.0391,3.0396,3
2026-05-25 19:09:00,3.0341,3.0346,3.0336,3.0341,3.0391,3.0396,3.0386,3.0391,13
2026-05-25 19:10:00,3.0336,3.0361,3.0336,3.0361,3.0386,3.0411,3.0386,3.0411,10
2026-05-25 19:11:00,3.0356,3.0366,3.0356,3.0366,3.0406,3.0416,3.0406,3.0416,7
2026-05-25 19:12:00,3.0376,3.0386,3.0376,3.0386,3.0426,3.0436,3.0426,3.0436,3
2026-05-25 19:13:00,3.0381,3.0386,3.0376,3.0381,3.0431,3.0436,3.0426,3.0431,12
2026-05-25 19:14:00,3.0376,3.0386,3.0366,3.0376,3.0426,3.0436,3.0416,3.0426,5
2026-05-25 19:15:00,3.0386,3.0396,3.0376,3.0376,3.0436,3.0446,3.0426,3.0426,6
2026-05-25 19:16:00,3.0381,3.0381,3.0376,3.0376,3.0431,3.0431,3.0426,3.0426,2
2026-05-25 19:17:00,3.0386,3.0396,3.0386,3.0391,3.0436,3.0446,3.0436,3.0441,6
2026-05-25 19:18:00,3.0396,3.0396,3.0386,3.0386,3.0446,3.0446,3.0436,3.0436,3
2026-05-25 19:19:00,3.0391,3.0396,3.0386,3.0391,3.0441,3.0446,3.0436,3.0441,10
2026-05-25 19:20:00,3.0386,3.0396,3.0386,3.0391,3.0436,3.0446,3.0436,3.0441,6
2026-05-25 19:21:00,3.0381,3.0381,3.0371,3.0371,3.0431,3.0431,3.0421,3.0421,3
2026-05-25 19:22:00,3.0376,3.0386,3.0376,3.0381,3.0426,3.0436,3.0426,3.0431,6
2026-05-25 19:23:00,3.0386,3.0396,3.0386,3.0391,3.0436,3.0446,3.0436,3.0441,5
2026-05-25 19:24:00,3.0396,3.0396,3.0396,3.0396,3.0446,3.0446,3.0446,3.0446,1
2026-05-25 19:25:00,3.0401,3.0401,3.0396,3.0396,3.0451,3.0451,3.0446,3.0446,4
2026-05-25 19:26:00,3.0391,3.0401,3.0391,3.0396,3.0441,3.0451,3.0441,3.0446,4
2026-05-25 19:27:00,3.0401,3.0401,3.0396,3.0401,3.0451,3.0451,3.0446,3.0451,7
2026-05-25 19:28:00,3.0396,3.0396,3.0386,3.0386,3.0446,3.0446,3.0436,3.0436,8
2026-05-25 19:29:00,3.0391,3.0396,3.0341,3.0371,3.0441,3.0446,3.0391,3.0421,18
2026-05-25 19:30:00,3.0366,3.0376,3.0356,3.0376,3.0416,3.0426,3.0406,3.0426,12
2026-05-25 19:31:00,3.0371,3.0381,3.0371,3.0381,3.0421,3.0431,3.0421,3.0431,3
2026-05-25 19:32:00,3.0386,3.0391,3.0386,3.0391,3.0436,3.0441,3.0436,3.0441,2
2026-05-25 19:33:00,3.0396,3.0406,3.0396,3.0406,3.0446,3.0456,3.0446,3.0456,3
2026-05-25 19:34:00,3.0396,3.0396,3.0396,3.0396,3.0446,3.0446,3.0446,3.0446,1
2026-05-25 19:35:00,3.0406,3.0406,3.0396,3.0396,3.0456,3.0456,3.0446,3.0446,2
2026-05-25 19:37:00,3.0406,3.0411,3.0406,3.0406,3.0456,3.0461,3.0456,3.0456,3
2026-05-25 19:38:00,3.0396,3.0396,3.0386,3.0386,3.0446,3.0446,3.0436,3.0436,2
2026-05-25 19:39:00,3.0401,3.0426,3.0396,3.0421,3.0451,3.0476,3.0446,3.0471,5
2026-05-25 19:40:00,3.0426,3.0426,3.0416,3.0421,3.0476,3.0476,3.0466,3.0471,5
2026-05-25 19:41:00,3.0416,3.0416,3.0416,3.0416,3.0466,3.0466,3.0466,3.0466,1
2026-05-25 19:43:00,3.0421,3.0421,3.0416,3.0416,3.0471,3.0471,3.0466,3.0466,2
2026-05-25 19:44:00,3.0426,3.0426,3.0426,3.0426,3.0476,3.0476,3.0476,3.0476,1
2026-05-25 19:46:00,3.0436,3.0456,3.0436,3.0456,3.0486,3.0506,3.0486,3.0506,7
2026-05-25 19:47:00,3.0461,3.0466,3.0456,3.0466,3.0511,3.0516,3.0506,3.0516,3
2026-05-25 19:48:00,3.0476,3.0476,3.0476,3.0476,3.0526,3.0526,3.0526,3.0526,1
2026-05-25 19:49:00,3.0471,3.0471,3.0466,3.0466,3.0521,3.0521,3.0516,3.0516,2
2026-05-25 19:50:00,3.0461,3.0461,3.0456,3.0456,3.0511,3.0511,3.0506,3.0506,2
2026-05-25 19:51:00,3.0466,3.0466,3.0461,3.0466,3.0516,3.0516,3.0511,3.0516,5
2026-05-25 19:52:00,3.0461,3.0461,3.0456,3.0456,3.0511,3.0511,3.0506,3.0506,2
2026-05-25 19:53:00,3.0446,3.0456,3.0446,3.0456,3.0496,3.0506,3.0496,3.0506,3
2026-05-25 19:54:00,3.0451,3.0451,3.0446,3.0446,3.0501,3.0501,3.0496,3.0496,2
2026-05-25 19:56:00,3.0451,3.0456,3.0446,3.0446,3.0501,3.0506,3.0496,3.0496,12
2026-05-25 19:57:00,3.0456,3.0456,3.0446,3.0451,3.0506,3.0506,3.0496,3.0501,12
2026-05-25 19:58:00,3.0456,3.0456,3.0446,3.0446,3.0506,3.0506,3.0496,3.0496,3
2026-05-25 19:59:00,3.0451,3.0456,3.0446,3.0451,3.0501,3.0506,3.0496,3.0501,7
2026-05-25 20:00:00,3.0446,3.0451,3.0436,3.0451,3.0496,3.0501,3.0486,3.0501,4
2026-05-25 20:01:00,3.0446,3.0446,3.0446,3.0446,3.0496,3.0496,3.0496,3.0496,1
2026-05-25 20:03:00,3.0451,3.0451,3.0451,3.0451,3.0501,3.0501,3.0501,3.0501,1
2026-05-25 20:05:00,3.0446,3.0456,3.0446,3.0456,3.0496,3.0506,3.0496,3.0506,2
2026-05-25 20:11:00,3.0466,3.0476,3.0466,3.0476,3.0516,3.0526,3.0516,3.0526,3
2026-05-25 20:14:00,3.0471,3.0476,3.0471,3.0471,3.0521,3.0526,3.0521,3.0521,3
2026-05-25 20:15:00,3.0466,3.0466,3.0466,3.0466,3.0516,3.0516,3.0516,3.0516,1
2026-05-25 20:16:00,3.0476,3.0476,3.0471,3.0471,3.0526,3.0526,3.0521,3.0521,2
2026-05-25 20:17:00,3.0476,3.0476,3.0461,3.0461,3.0526,3.0526,3.0511,3.0511,4
2026-05-25 20:18:00,3.0466,3.0466,3.0436,3.0436,3.0516,3.0516,3.0486,3.0486,5
2026-05-25 20:19:00,3.0426,3.0426,3.0421,3.0421,3.0476,3.0476,3.0471,3.0471,2
2026-05-25 20:20:00,3.0416,3.0421,3.0416,3.0421,3.0466,3.0471,3.0466,3.0471,2
2026-05-25 20:21:00,3.0416,3.0416,3.0366,3.0366,3.0466,3.0466,3.0416,3.0416,10
2026-05-25 20:22:00,3.0381,3.0386,3.0356,3.0356,3.0431,3.0436,3.0406,3.0406,12
2026-05-25 20:23:00,3.0351,3.0356,3.0346,3.0351,3.0401,3.0406,3.0396,3.0401,5
2026-05-25 20:24:00,3.0346,3.0361,3.0341,3.0361,3.0396,3.0411,3.0391,3.0411,15
2026-05-25 20:25:00,3.0366,3.0366,3.0346,3.0346,3.0416,3.0416,3.0396,3.0396,15
2026-05-25 20:26:00,3.0366,3.0411,3.0356,3.0411,3.0416,3.0461,3.0406,3.0461,10
2026-05-25 20:27:00,3.0426,3.0456,3.0426,3.0441,3.0476,3.0506,3.0476,3.0491,6
2026-05-25 20:28:00,3.0436,3.0436,3.0421,3.0421,3.0486,3.0486,3.0471,3.0471,4
2026-05-25 20:29:00,3.0431,3.0436,3.0431,3.0431,3.0481,3.0486,3.0481,3.0481,3
2026-05-26 00:00:00,3.0465,3.0485,3.045,3.048,3.0515,3.0535,3.05,3.053,13
2026-05-26 00:01:00,3.0475,3.0475,3.0445,3.0455,3.0525,3.0525,3.0495,3.0505,9
2026-05-26 00:02:00,3.0465,3.0465,3.045,3.046,3.0515,3.0515,3.05,3.051,4
2026-05-26 00:03:00,3.0455,3.0455,3.0445,3.0445,3.0505,3.0505,3.0495,3.0495,4
2026-05-26 00:04:00,3.044,3.044,3.0425,3.0425,3.049,3.049,3.0475,3.0475,4
2026-05-26 00:05:00,3.042,3.0425,3.042,3.042,3.047,3.0475,3.047,3.047,3
2026-05-26 00:06:00,3.0425,3.048,3.0425,3.048,3.0475,3.053,3.0475,3.053,8
2026-05-26 00:07:00,3.047,3.047,3.0415,3.0415,3.052,3.052,3.0465,3.0465,8
2026-05-26 00:08:00,3.0395,3.04,3.0395,3.04,3.0445,3.045,3.0445,3.045,2
2026-05-26 00:09:00,3.039,3.039,3.0365,3.037,3.044,3.044,3.0415,3.042,9
2026-05-26 00:10:00,3.0375,3.0405,3.0375,3.04,3.0425,3.0455,3.0425,3.045,6
2026-05-26 00:11:00,3.0385,3.0385,3.037,3.037,3.0435,3.0435,3.042,3.042,5
2026-05-26 00:12:00,3.0375,3.039,3.0375,3.039,3.0425,3.044,3.0425,3.044,2
2026-05-26 00:13:00,3.04,3.0415,3.04,3.04,3.045,3.0465,3.045,3.045,3
2026-05-26 00:15:00,3.0385,3.0385,3.038,3.038,3.0435,3.0435,3.043,3.043,2
2026-05-26 00:16:00,3.0375,3.0395,3.037,3.037,3.0425,3.0445,3.042,3.042,8
2026-05-26 00:17:00,3.0365,3.0365,3.035,3.035,3.0415,3.0415,3.04,3.04,3
2026-05-26 00:18:00,3.0355,3.0355,3.0355,3.0355,3.0405,3.0405,3.0405,3.0405,1
2026-05-26 00:19:00,3.036,3.036,3.036,3.036,3.041,3.041,3.041,3.041,1
2026-05-26 00:21:00,3.0365,3.0365,3.0365,3.0365,3.0415,3.0415,3.0415,3.0415,1
2026-05-26 00:22:00,3.037,3.037,3.037,3.037,3.042,3.042,3.042,3.042,1
2026-05-26 00:23:00,3.0355,3.036,3.0355,3.036,3.0405,3.041,3.0405,3.041,2
2026-05-26 00:24:00,3.037,3.037,3.037,3.037,3.042,3.042,3.042,3.042,1
2026-05-26 00:25:00,3.0375,3.0375,3.0375,3.0375,3.0425,3.0425,3.0425,3.0425,1
2026-05-26 00:26:00,3.038,3.038,3.037,3.037,3.043,3.043,3.042,3.042,3
2026-05-26 00:27:00,3.0375,3.038,3.0375,3.038,3.0425,3.043,3.0425,3.043,2
2026-05-26 00:28:00,3.0375,3.038,3.0375,3.038,3.0425,3.043,3.0425,3.043,2
2026-05-26 00:32:00,3.0375,3.0375,3.0365,3.0365,3.0425,3.0425,3.0415,3.0415,5
2026-05-26 00:36:00,3.037,3.037,3.037,3.037,3.042,3.042,3.042,3.042,1
2026-05-26 00:37:00,3.0365,3.0365,3.0365,3.0365,3.0415,3.0415,3.0415,3.0415,1
2026-05-26 00:38:00,3.038,3.038,3.038,3.038,3.043,3.043,3.043,3.043,1
2026-05-26 00:41:00,3.0385,3.0385,3.0385,3.0385,3.0435,3.0435,3.0435,3.0435,1
2026-05-26 00:43:00,3.039,3.0395,3.039,3.0395,3.044,3.0445,3.044,3.0445,2
2026-05-26 00:45:00,3.0385,3.0385,3.038,3.038,3.0435,3.0435,3.043,3.043,2
2026-05-26 00:49:00,3.0375,3.038,3.0375,3.038,3.0425,3.043,3.0425,3.043,4
2026-05-26 00:55:00,3.0385,3.041,3.0385,3.04,3.0435,3.046,3.0435,3.045,5
2026-05-26 00:56:00,3.0405,3.0405,3.04,3.04,3.0455,3.0455,3.045,3.045,2
2026-05-26 00:57:00,3.039,3.0395,3.039,3.0395,3.044,3.0445,3.044,3.0445,2
2026-05-26 00:58:00,3.04,3.04,3.04,3.04,3.045,3.045,3.045,3.045,1
2026-05-26 01:00:00,3.0405,3.0405,3.04,3.04,3.0455,3.0455,3.045,3.045,2
2026-05-26 01:01:00,3.0405,3.0405,3.0405,3.0405,3.0455,3.0455,3.0455,3.0455,1
2026-05-26 01:02:00,3.0385,3.0385,3.038,3.038,3.0435,3.0435,3.043,3.043,2
2026-05-26 01:03:00,3.039,3.039,3.039,3.039,3.044,3.044,3.044,3.044,1
2026-05-26 01:05:00,3.0395,3.04,3.0395,3.04,3.0445,3.045,3.0445,3.045,2
2026-05-26 01:06:00,3.0405,3.0405,3.0405,3.0405,3.0455,3.0455,3.0455,3.0455,1
2026-05-26 01:13:00,3.0395,3.0405,3.0395,3.0405,3.0445,3.0455,3.0445,3.0455,2
2026-05-26 01:14:00,3.04,3.04,3.0395,3.04,3.045,3.045,3.0445,3.045,3
2026-05-26 01:16:00,3.0395,3.04,3.0395,3.04,3.0445,3.045,3.0445,3.045,2
2026-05-26 01:20:00,3.0395,3.0395,3.0395,3.0395,3.0445,3.0445,3.0445,3.0445,1
2026-05-26 01:22:00,3.04,3.04,3.04,3.04,3.045,3.045,3.045,3.045,1
2026-05-26 01:25:00,3.041,3.043,3.041,3.042,3.046,3.048,3.046,3.047,6
2026-05-26 01:27:00,3.0415,3.0415,3.041,3.041,3.0465,3.0465,3.046,3.046,2
2026-05-26 01:32:00,3.0415,3.0415,3.041,3.041,3.0465,3.0465,3.046,3.046,2
2026-05-26 01:33:00,3.0405,3.0405,3.0405,3.0405,3.0455,3.0455,3.0455,3.0455,1
2026-05-26 01:34:00,3.041,3.041,3.041,3.041,3.046,3.046,3.046,3.046,1
2026-05-26 01:38:00,3.0405,3.0405,3.0405,3.0405,3.0455,3.0455,3.0455,3.0455,1
2026-05-26 01:39:00,3.041,3.041,3.041,3.041,3.046,3.046,3.046,3.046,1
2026-05-26 01:41:00,3.0415,3.0415,3.0415,3.0415,3.0465,3.0465,3.0465,3.0465,1
2026-05-26 01:42:00,3.0405,3.041,3.0405,3.041,3.0455,3.046,3.0455,3.046,2
2026-05-26 01:43:00,3.04,3.04,3.0395,3.04,3.045,3.045,3.0445,3.045,5
2026-05-26 01:46:00,3.0405,3.0405,3.0395,3.04,3.0455,3.0455,3.0445,3.045,3
2026-05-26 01:47:00,3.0405,3.0415,3.0405,3.0415,3.0455,3.0465,3.0455,3.0465,2
2026-05-26 01:48:00,3.041,3.0425,3.041,3.0425,3.046,3.0475,3.046,3.0475,2
2026-05-26 01:49:00,3.042,3.042,3.042,3.042,3.047,3.047,3.047,3.047,1
2026-05-26 01:51:00,3.043,3.0455,3.043,3.044,3.048,3.0505,3.048,3.049,9
2026-05-26 01:52:00,3.0445,3.0445,3.044,3.044,3.0495,3.0495,3.049,3.049,2
2026-05-26 01:53:00,3.0425,3.0425,3.041,3.041,3.0475,3.0475,3.046,3.046,4
2026-05-26 01:54:00,3.0405,3.0405,3.0405,3.0405,3.0455,3.0455,3.0455,3.0455,1
2026-05-26 01:57:00,3.0415,3.0415,3.041,3.041,3.0465,3.0465,3.046,3.046,2
2026-05-26 01:58:00,3.0405,3.0405,3.0385,3.0395,3.0455,3.0455,3.0435,3.0445,4
2026-05-26 01:59:00,3.039,3.0395,3.0385,3.039,3.044,3.0445,3.0435,3.044,4
2026-05-26 02:00:00,3.038,3.0405,3.038,3.0405,3.043,3.0455,3.043,3.0455,8
2026-05-26 02:01:00,3.04,3.0475,3.04,3.047,3.045,3.0525,3.045,3.052,25
2026-05-26 02:02:00,3.0475,3.0485,3.047,3.0475,3.0525,3.0535,3.052,3.0525,13
2026-05-26 02:03:00,3.047,3.0485,3.0465,3.048,3.052,3.0535,3.0515,3.053,5
2026-05-26 02:04:00,3.0485,3.0485,3.046,3.046,3.0535,3.0535,3.051,3.051,5
2026-05-26 02:05:00,3.0465,3.047,3.0445,3.0465,3.0515,3.052,3.0495,3.0515,13
2026-05-26 02:06:00,3.047,3.062,3.047,3.0615,3.052,3.067,3.052,3.0665,57
2026-05-26 02:07:00,3.061,3.061,3.059,3.059,3.066,3.066,3.064,3.064,7
2026-05-26 02:08:00,3.0595,3.0595,3.0535,3.0535,3.0645,3.0645,3.0585,3.0585,10
2026-05-26 02:09:00,3.054,3.0545,3.0505,3.0515,3.059,3.0595,3.0555,3.0565,31
2026-05-26 02:10:00,3.052,3.053,3.0515,3.052,3.057,3.058,3.0565,3.057,12
2026-05-26 02:11:00,3.0525,3.0545,3.0525,3.0545,3.0575,3.0595,3.0575,3.0595,5
2026-05-26 02:12:00,3.055,3.055,3.05,3.0515,3.06,3.06,3.055,3.0565,16
2026-05-26 02:13:00,3.051,3.053,3.0505,3.052,3.056,3.058,3.0555,3.057,9
2026-05-26 02:14:00,3.0525,3.0535,3.0515,3.053,3.0575,3.0585,3.0565,3.058,10
2026-05-26 02:15:00,3.0535,3.0545,3.053,3.0535,3.0585,3.0595,3.058,3.0585,6
2026-05-26 02:16:00,3.053,3.053,3.05,3.05,3.058,3.058,3.055,3.055,6
2026-05-26 02:17:00,3.0505,3.0505,3.05,3.05,3.0555,3.0555,3.055,3.055,6
2026-05-26 02:18:00,3.0505,3.0505,3.05,3.0505,3.0555,3.0555,3.055,3.0555,7
2026-05-26 02:19:00,3.05,3.0505,3.05,3.05,3.055,3.0555,3.055,3.055,5
2026-05-26 02:20:00,3.0495,3.0505,3.049,3.0495,3.0545,3.0555,3.054,3.0545,7
2026-05-26 02:21:00,3.0505,3.0515,3.0505,3.0515,3.0555,3.0565,3.0555,3.0565,11
2026-05-26 02:22:00,3.0525,3.0525,3.0525,3.0525,3.0575,3.0575,3.0575,3.0575,1
2026-05-26 02:23:00,3.0515,3.0515,3.0515,3.0515,3.0565,3.0565,3.0565,3.0565,1
2026-05-26 02:24:00,3.0525,3.0525,3.052,3.052,3.0575,3.0575,3.057,3.057,4
2026-05-26 02:25:00,3.0525,3.0535,3.0525,3.053,3.0575,3.0585,3.0575,3.058,7
2026-05-26 02:26:00,3.0535,3.0535,3.0525,3.053,3.0585,3.0585,3.0575,3.058,6
2026-05-26 02:27:00,3.0525,3.0535,3.0525,3.053,3.0575,3.0585,3.0575,3.058,4
2026-05-26 02:28:00,3.0535,3.0545,3.0525,3.0545,3.0585,3.0595,3.0575,3.0595,7
2026-05-26 02:29:00,3.054,3.054,3.0535,3.0535,3.059,3.059,3.0585,3.0585,2
2026-05-26 02:30:00,3.053,3.0535,3.053,3.0535,3.058,3.0585,3.058,3.0585,2
2026-05-26 02:31:00,3.053,3.053,3.0525,3.053,3.058,3.058,3.0575,3.058,3
2026-05-26 02:32:00,3.0535,3.055,3.0535,3.054,3.0585,3.06,3.0585,3.059,5
2026-05-26 02:33:00,3.0545,3.0545,3.0545,3.0545,3.0595,3.0595,3.0595,3.0595,1
2026-05-26 02:34:00,3.054,3.0545,3.054,3.0545,3.059,3.0595,3.059,3.0595,2
2026-05-26 02:35:00,3.054,3.0545,3.0535,3.0545,3.059,3.0595,3.0585,3.0595,4
2026-05-26 02:36:00,3.0535,3.054,3.0535,3.054,3.0585,3.059,3.0585,3.059,2
2026-05-26 02:37:00,3.0535,3.054,3.053,3.0535,3.0585,3.059,3.058,3.0585,5
2026-05-26 02:38:00,3.053,3.053,3.053,3.053,3.058,3.058,3.058,3.058,1
2026-05-26 02:39:00,3.0535,3.0535,3.053,3.053,3.0585,3.0585,3.058,3.058,4
2026-05-26 02:41:00,3.0535,3.0535,3.0535,3.0535,3.0585,3.0585,3.0585,3.0585,1
2026-05-26 02:42:00,3.053,3.0535,3.053,3.053,3.058,3.0585,3.058,3.058,9
2026-05-26 02:44:00,3.0525,3.0535,3.0525,3.0535,3.0575,3.0585,3.0575,3.0585,3
2026-05-26 02:45:00,3.053,3.0535,3.053,3.0535,3.058,3.0585,3.058,3.0585,4
2026-05-26 02:48:00,3.0545,3.0545,3.0535,3.054,3.0595,3.0595,3.0585,3.059,4
2026-05-26 02:49:00,3.0535,3.0535,3.053,3.053,3.0585,3.0585,3.058,3.058,6
2026-05-26 02:50:00,3.0535,3.0535,3.053,3.0535,3.0585,3.0585,3.058,3.0585,5
2026-05-26 02:51:00,3.0555,3.0555,3.0525,3.0525,3.0605,3.0605,3.0575,3.0575,5
2026-05-26 02:52:00,3.053,3.0535,3.053,3.0535,3.058,3.0585,3.058,3.0585,2
2026-05-26 02:53:00,3.0525,3.0525,3.0515,3.0525,3.0575,3.0575,3.0565,3.0575,6
2026-05-26 02:54:00,3.053,3.053,3.053,3.053,3.058,3.058,3.058,3.058,1
2026-05-26 02:55:00,3.0525,3.053,3.0525,3.0525,3.0575,3.058,3.0575,3.0575,5
2026-05-26 02:56:00,3.053,3.053,3.053,3.053,3.058,3.058,3.058,3.058,1
2026-05-26 02:57:00,3.0545,3.0545,3.054,3.054,3.0595,3.0595,3.059,3.059,2
2026-05-26 02:58:00,3.0545,3.0545,3.0545,3.0545,3.0595,3.0595,3.0595,3.0595,1
2026-05-26 03:00:00,3.055,3.06,3.0545,3.058,3.06,3.065,3.0595,3.063,21
2026-05-26 03:01:00,3.0585,3.0585,3.0576,3.0576,3.0635,3.0635,3.0625,3.0625,2
2026-05-26 03:02:00,3.057,3.061,3.057,3.061,3.062,3.066,3.062,3.066,20
2026-05-26 03:03:00,3.0605,3.062,3.0605,3.062,3.0655,3.067,3.0655,3.067,3
2026-05-26 03:04:00,3.0625,3.0625,3.061,3.0625,3.0675,3.0675,3.066,3.0675,8
2026-05-26 03:05:00,3.062,3.0665,3.062,3.064,3.067,3.0715,3.067,3.069,16
2026-05-26 03:06:00,3.0635,3.0645,3.0625,3.0645,3.0685,3.0695,3.0675,3.0695,11
2026-05-26 03:07:00,3.064,3.064,3.061,3.0615,3.069,3.069,3.066,3.0665,10
2026-05-26 03:08:00,3.062,3.064,3.062,3.064,3.067,3.069,3.067,3.069,7
2026-05-26 03:09:00,3.0635,3.064,3.063,3.064,3.0685,3.069,3.068,3.069,4
2026-05-26 03:10:00,3.0635,3.0635,3.0615,3.0615,3.0685,3.0685,3.0665,3.0665,4
2026-05-26 03:11:00,3.061,3.061,3.0595,3.0605,3.066,3.066,3.0645,3.0655,11
2026-05-26 03:12:00,3.06,3.0605,3.06,3.0605,3.065,3.0655,3.065,3.0655,2
2026-05-26 03:13:00,3.06,3.0605,3.06,3.06,3.065,3.0655,3.065,3.065,3
2026-05-26 03:14:00,3.0605,3.0605,3.06,3.06,3.0655,3.0655,3.065,3.065,2
2026-05-26 03:15:00,3.0605,3.0615,3.0605,3.0615,3.0655,3.0665,3.0655,3.0665,3
2026-05-26 03:16:00,3.061,3.061,3.061,3.061,3.066,3.066,3.066,3.066,1
2026-05-26 03:17:00,3.0615,3.062,3.061,3.0615,3.0665,3.067,3.066,3.0665,7
2026-05-26 03:19:00,3.0625,3.0625,3.0625,3.0625,3.0675,3.0675,3.0675,3.0675,1
2026-05-26 03:20:00,3.062,3.0625,3.0615,3.062,3.067,3.0675,3.0665,3.067,5
2026-05-26 03:21:00,3.0615,3.062,3.0615,3.0615,3.0665,3.067,3.0665,3.0665,3
2026-05-26 03:22:00,3.061,3.0615,3.0605,3.0615,3.066,3.0665,3.0655,3.0665,4
2026-05-26 03:24:00,3.0625,3.0625,3.0625,3.0625,3.0675,3.0675,3.0675,3.0675,1
2026-05-26 03:25:00,3.0635,3.0635,3.0615,3.062,3.0685,3.0685,3.0665,3.067,4
2026-05-26 03:26:00,3.0625,3.0625,3.0595,3.0605,3.0675,3.0675,3.0645,3.0655,7
2026-05-26 03:27:00,3.061,3.062,3.061,3.062,3.066,3.067,3.066,3.067,3
2026-05-26 03:28:00,3.0615,3.062,3.0615,3.062,3.0665,3.067,3.0665,3.067,2
2026-05-26 03:29:00,3.0615,3.0625,3.0615,3.0625,3.0665,3.0675,3.0665,3.0675,3
2026-05-26 03:31:00,3.0615,3.062,3.0615,3.062,3.0665,3.067,3.0665,3.067,2
2026-05-26 03:32:00,3.0615,3.0615,3.0595,3.0605,3.0665,3.0665,3.0645,3.0655,12
2026-05-26 03:33:00,3.061,3.061,3.0605,3.061,3.066,3.066,3.0655,3.066,7
2026-05-26 03:34:00,3.0605,3.0605,3.0576,3.058,3.0655,3.0655,3.0625,3.063,10
2026-05-26 03:36:00,3.0576,3.058,3.0576,3.058,3.0625,3.063,3.0625,3.063,2
2026-05-26 03:37:00,3.0585,3.06,3.0585,3.06,3.0635,3.065,3.0635,3.065,4
2026-05-26 03:39:00,3.0605,3.0605,3.0605,3.0605,3.0655,3.0655,3.0655,3.0655,1
2026-05-26 03:40:00,3.06,3.0615,3.06,3.0615,3.065,3.0665,3.065,3.0665,4
2026-05-26 03:41:00,3.062,3.0625,3.0615,3.062,3.067,3.0675,3.0665,3.067,8
2026-05-26 03:42:00,3.0615,3.0625,3.0615,3.062,3.0665,3.0675,3.0665,3.067,4
2026-05-26 03:43:00,3.0625,3.0625,3.062,3.062,3.0675,3.0675,3.067,3.067,2
2026-05-26 03:44:00,3.0625,3.0625,3.0615,3.0615,3.0675,3.0675,3.0665,3.0665,7
2026-05-26 03:45:00,3.062,3.062,3.061,3.061,3.067,3.067,3.066,3.066,3
2026-05-26 03:46:00,3.0615,3.0615,3.0615,3.0615,3.0665,3.0665,3.0665,3.0665,1
2026-05-26 03:47:00,3.061,3.062,3.061,3.0615,3.066,3.067,3.066,3.0665,6
2026-05-26 03:48:00,3.062,3.062,3.061,3.062,3.067,3.067,3.066,3.067,4
2026-05-26 03:49:00,3.0615,3.062,3.0615,3.062,3.0665,3.067,3.0665,3.067,2
2026-05-26 03:52:00,3.0615,3.0615,3.061,3.0615,3.0665,3.0665,3.066,3.0665,3
2026-05-26 03:55:00,3.061,3.061,3.0595,3.0595,3.066,3.066,3.0645,3.0645,4
2026-05-26 03:56:00,3.059,3.059,3.0576,3.0585,3.064,3.064,3.0625,3.0635,8
2026-05-26 03:57:00,3.0595,3.0595,3.0595,3.0595,3.0645,3.0645,3.0645,3.0645,1
2026-05-26 03:59:00,3.06,3.06,3.06,3.06,3.065,3.065,3.065,3.065,1
2026-05-26 04:00:00,3.0605,3.061,3.0605,3.0605,3.0655,3.066,3.0655,3.0655,5
2026-05-26 04:01:00,3.0595,3.0595,3.0595,3.0595,3.0645,3.0645,3.0645,3.0645,1
2026-05-26 04:05:00,3.06,3.06,3.0595,3.0595,3.065,3.065,3.0645,3.0645,4
2026-05-26 04:06:00,3.06,3.06,3.0595,3.0595,3.065,3.065,3.0645,3.0645,2
2026-05-26 04:07:00,3.0585,3.0615,3.0585,3.0615,3.0635,3.0665,3.0635,3.0665,5
2026-05-26 04:13:00,3.062,3.062,3.062,3.062,3.067,3.067,3.067,3.067,1
2026-05-26 04:16:00,3.0615,3.0625,3.0615,3.0615,3.0665,3.0675,3.0665,3.0665,4
2026-05-26 04:20:00,3.062,3.0625,3.062,3.0625,3.067,3.0675,3.067,3.0675,2
2026-05-26 04:21:00,3.062,3.062,3.0615,3.0615,3.067,3.067,3.0665,3.0665,2
2026-05-26 04:24:00,3.062,3.062,3.0615,3.062,3.067,3.067,3.0665,3.067,3
2026-05-26 04:25:00,3.0625,3.0645,3.0625,3.0645,3.0675,3.0695,3.0675,3.0695,11
2026-05-26 04:26:00,3.0635,3.066,3.0635,3.0645,3.0685,3.071,3.0685,3.0695,8
2026-05-26 04:27:00,3.0656,3.0656,3.065,3.0656,3.0705,3.0705,3.07,3.0705,3
2026-05-26 04:28:00,3.065,3.0656,3.065,3.0656,3.07,3.0705,3.07,3.0705,2
2026-05-26 04:30:00,3.0645,3.065,3.0645,3.065,3.0695,3.07,3.0695,3.07,2
2026-05-26 04:31:00,3.0645,3.0645,3.0635,3.064,3.0695,3.0695,3.0685,3.069,3
2026-05-26 04:32:00,3.0645,3.0656,3.0645,3.065,3.0695,3.0705,3.0695,3.07,4
2026-05-26 04:33:00,3.0656,3.0665,3.0656,3.0665,3.0705,3.0715,3.0705,3.0715,2
2026-05-26 04:34:00,3.066,3.066,3.066,3.066,3.071,3.071,3.071,3.071,1
2026-05-26 04:36:00,3.0656,3.0656,3.064,3.065,3.0705,3.0705,3.069,3.07,7
2026-05-26 04:37:00,3.0645,3.0645,3.0625,3.063,3.0695,3.0695,3.0675,3.068,6
2026-05-26 04:38:00,3.0625,3.0625,3.0615,3.0615,3.0675,3.0675,3.0665,3.0665,2
2026-05-26 04:39:00,3.0625,3.0625,3.0615,3.062,3.0675,3.0675,3.0665,3.067,3
2026-05-26 04:40:00,3.0615,3.062,3.0615,3.062,3.0665,3.067,3.0665,3.067,2
2026-05-26 04:41:00,3.0625,3.0625,3.062,3.062,3.0675,3.0675,3.067,3.067,2
2026-05-26 04:42:00,3.0625,3.0625,3.0625,3.0625,3.0675,3.0675,3.0675,3.0675,1
2026-05-26 04:44:00,3.062,3.0625,3.062,3.062,3.067,3.0675,3.067,3.067,5
2026-05-26 04:45:00,3.0615,3.0625,3.0615,3.062,3.0665,3.0675,3.0665,3.067,4
2026-05-26 04:46:00,3.0625,3.0625,3.0625,3.0625,3.0675,3.0675,3.0675,3.0675,1
2026-05-26 04:47:00,3.062,3.0625,3.0615,3.0625,3.067,3.0675,3.0665,3.0675,4
2026-05-26 04:48:00,3.062,3.0625,3.062,3.0625,3.067,3.0675,3.067,3.0675,4
2026-05-26 04:49:00,3.062,3.0625,3.0615,3.062,3.067,3.0675,3.0665,3.067,8
2026-05-26 04:50:00,3.0615,3.062,3.0615,3.062,3.0665,3.067,3.0665,3.067,2
2026-05-26 04:51:00,3.0625,3.0635,3.0615,3.0625,3.0675,3.0685,3.0665,3.0675,6
2026-05-26 04:52:00,3.0615,3.062,3.0615,3.062,3.0665,3.067,3.0665,3.067,2
2026-05-26 04:54:00,3.0625,3.0625,3.0615,3.062,3.0675,3.0675,3.0665,3.067,6
2026-05-26 04:55:00,3.0615,3.062,3.0615,3.0615,3.0665,3.067,3.0665,3.0665,3
2026-05-26 04:56:00,3.062,3.062,3.062,3.062,3.067,3.067,3.067,3.067,1
2026-05-26 04:57:00,3.063,3.064,3.063,3.0635,3.068,3.069,3.068,3.0685,4
2026-05-26 04:58:00,3.064,3.065,3.064,3.064,3.069,3.07,3.069,3.069,6
2026-05-26 05:00:00,3.0635,3.0635,3.0635,3.0635,3.0685,3.0685,3.0685,3.0685,1
2026-05-26 05:01:00,3.063,3.064,3.063,3.064,3.068,3.069,3.068,3.069,5
2026-05-26 05:03:00,3.0635,3.064,3.0635,3.0635,3.0685,3.069,3.0685,3.0685,3
2026-05-26 05:04:00,3.063,3.0635,3.0625,3.0625,3.068,3.0685,3.0675,3.0675,4
2026-05-26 05:06:00,3.063,3.0635,3.0625,3.063,3.068,3.0685,3.0675,3.068,9
2026-05-26 05:07:00,3.0635,3.0635,3.0635,3.0635,3.0685,3.0685,3.0685,3.0685,1
2026-05-26 05:08:00,3.064,3.0645,3.064,3.0645,3.069,3.0695,3.069,3.0695,2
2026-05-26 05:09:00,3.065,3.0656,3.0645,3.0645,3.07,3.0705,3.0695,3.0695,10
2026-05-26 05:10:00,3.0635,3.0635,3.0635,3.0635,3.0685,3.0685,3.0685,3.0685,1
2026-05-26 05:12:00,3.0625,3.0635,3.062,3.062,3.0675,3.0685,3.067,3.067,4
2026-05-26 05:13:00,3.0615,3.0625,3.0615,3.062,3.0665,3.0675,3.0665,3.067,4
2026-05-26 05:14:00,3.0615,3.0615,3.0615,3.0615,3.0665,3.0665,3.0665,3.0665,1
2026-05-26 05:15:00,3.062,3.062,3.062,3.062,3.067,3.067,3.067,3.067,1
2026-05-26 05:16:00,3.0625,3.0625,3.062,3.062,3.0675,3.0675,3.067,3.067,2
2026-05-26 05:17:00,3.0625,3.0625,3.062,3.062,3.0675,3.0675,3.067,3.067,2
2026-05-26 05:19:00,3.0625,3.0625,3.062,3.062,3.0675,3.0675,3.067,3.067,2
2026-05-26 05:22:00,3.0615,3.0635,3.0615,3.062,3.0665,3.0685,3.0665,3.067,6
2026-05-26 05:24:00,3.0615,3.0615,3.0615,3.0615,3.0665,3.0665,3.0665,3.0665,1
2026-05-26 05:25:00,3.062,3.0625,3.0615,3.0615,3.067,3.0675,3.0665,3.0665,8
2026-05-26 05:26:00,3.062,3.062,3.0615,3.0615,3.067,3.067,3.0665,3.0665,4
2026-05-26 05:27:00,3.0605,3.0615,3.0605,3.0615,3.0655,3.0665,3.0655,3.0665,3
2026-05-26 05:30:00,3.061,3.061,3.0585,3.0585,3.066,3.066,3.0635,3.0635,5
2026-05-26 05:31:00,3.0595,3.0605,3.0595,3.0605,3.0645,3.0655,3.0645,3.0655,11
2026-05-26 05:32:00,3.061,3.0615,3.061,3.0615,3.066,3.0665,3.066,3.0665,2
2026-05-26 05:33:00,3.061,3.0615,3.061,3.0615,3.066,3.0665,3.066,3.0665,2
2026-05-26 05:35:00,3.0625,3.0625,3.0615,3.0615,3.0675,3.0675,3.0665,3.0665,5
2026-05-26 05:36:00,3.062,3.0625,3.062,3.062,3.067,3.0675,3.067,3.067,3
2026-05-26 05:37:00,3.0625,3.0625,3.0595,3.0595,3.0675,3.0675,3.0645,3.0645,6
2026-05-26 05:38:00,3.0585,3.0585,3.0545,3.0555,3.0635,3.0635,3.0595,3.0605,8
2026-05-26 05:39:00,3.056,3.0565,3.0555,3.0555,3.061,3.0615,3.0605,3.0605,6
2026-05-26 05:43:00,3.0565,3.0576,3.0565,3.0565,3.0615,3.0625,3.0615,3.0615,7
2026-05-26 05:46:00,3.0576,3.0576,3.0576,3.0576,3.0625,3.0625,3.0625,3.0625,1
2026-05-26 05:47:00,3.057,3.0576,3.0565,3.0576,3.062,3.0625,3.0615,3.0625,5
2026-05-26 05:51:00,3.057,3.057,3.0565,3.0565,3.062,3.062,3.0615,3.0615,2
2026-05-26 05:52:00,3.057,3.057,3.057,3.057,3.062,3.062,3.062,3.062,1
2026-05-26 05:53:00,3.0565,3.0576,3.0565,3.057,3.0615,3.0625,3.0615,3.062,3
2026-05-26 05:54:00,3.0565,3.0565,3.0565,3.0565,3.0615,3.0615,3.0615,3.0615,1
2026-05-26 05:55:00,3.0576,3.0576,3.057,3.057,3.0625,3.0625,3.062,3.062,2
2026-05-26 05:56:00,3.0576,3.0576,3.0576,3.0576,3.0625,3.0625,3.0625,3.0625,1
2026-05-26 05:57:00,3.0585,3.0595,3.0585,3.0595,3.0635,3.0645,3.0635,3.0645,5
2026-05-26 05:58:00,3.0605,3.0625,3.0605,3.0625,3.0655,3.0675,3.0655,3.0675,6
2026-05-26 05:59:00,3.0615,3.0625,3.0615,3.0625,3.0665,3.0675,3.0665,3.0675,3
2026-05-26 06:00:00,3.062,3.062,3.0615,3.0615,3.067,3.067,3.0665,3.0665,4
2026-05-26 06:01:00,3.062,3.0645,3.0615,3.063,3.067,3.0695,3.0665,3.068,11
2026-05-26 06:02:00,3.0635,3.0635,3.063,3.063,3.0685,3.0685,3.068,3.068,4
2026-05-26 06:03:00,3.0635,3.0635,3.0625,3.0625,3.0685,3.0685,3.0675,3.0675,3
2026-05-26 06:05:00,3.063,3.063,3.063,3.063,3.068,3.068,3.068,3.068,1
2026-05-26 06:06:00,3.0635,3.064,3.0635,3.064,3.0685,3.069,3.0685,3.069,4
2026-05-26 06:07:00,3.0635,3.0645,3.0635,3.0645,3.0685,3.0695,3.0685,3.0695,7
2026-05-26 06:10:00,3.065,3.0656,3.0645,3.0656,3.07,3.0705,3.0695,3.0705,5
2026-05-26 06:11:00,3.065,3.0656,3.065,3.0656,3.07,3.0705,3.07,3.0705,2
2026-05-26 06:12:00,3.065,3.065,3.065,3.065,3.07,3.07,3.07,3.07,1
2026-05-26 06:14:00,3.0656,3.0656,3.0645,3.065,3.0705,3.0705,3.0695,3.07,3
2026-05-26 06:15:00,3.0645,3.065,3.064,3.064,3.0695,3.07,3.069,3.069,8
2026-05-26 06:16:00,3.0645,3.0645,3.0635,3.064,3.0695,3.0695,3.0685,3.069,6
2026-05-26 06:18:00,3.0645,3.0645,3.0635,3.0635,3.0695,3.0695,3.0685,3.0685,2
2026-05-26 06:19:00,3.064,3.064,3.0635,3.0635,3.069,3.069,3.0685,3.0685,2
2026-05-26 06:20:00,3.064,3.064,3.0625,3.0625,3.069,3.069,3.0675,3.0675,3
2026-05-26 06:21:00,3.0615,3.0625,3.0615,3.0625,3.0665,3.0675,3.0665,3.0675,9
2026-05-26 06:22:00,3.063,3.0635,3.063,3.0635,3.068,3.0685,3.068,3.0685,2
2026-05-26 06:24:00,3.064,3.064,3.0635,3.0635,3.069,3.069,3.0685,3.0685,4
2026-05-26 06:25:00,3.0625,3.0635,3.0625,3.0635,3.0675,3.0685,3.0675,3.0685,3
2026-05-26 06:26:00,3.063,3.0635,3.063,3.0635,3.068,3.0685,3.068,3.0685,2
2026-05-26 06:27:00,3.063,3.063,3.063,3.063,3.068,3.068,3.068,3.068,1
2026-05-26 06:28:00,3.0635,3.0635,3.063,3.063,3.0685,3.0685,3.068,3.068,2
2026-05-26 06:31:00,3.0635,3.0635,3.0635,3.0635,3.0685,3.0685,3.0685,3.0685,1
2026-05-26 06:35:00,3.0625,3.0625,3.062,3.062,3.0675,3.0675,3.067,3.067,4
2026-05-26 06:36:00,3.0625,3.0635,3.0625,3.0635,3.0675,3.0685,3.0675,3.0685,5
2026-05-26 06:37:00,3.064,3.064,3.064,3.064,3.069,3.069,3.069,3.069,1
2026-05-26 06:38:00,3.0635,3.064,3.0635,3.064,3.0685,3.069,3.0685,3.069,2
2026-05-26 06:39:00,3.0635,3.0635,3.0635,3.0635,3.0685,3.0685,3.0685,3.0685,1
2026-05-26 06:40:00,3.0625,3.0625,3.0615,3.0615,3.0675,3.0675,3.0665,3.0665,2
2026-05-26 06:41:00,3.062,3.063,3.062,3.063,3.067,3.068,3.067,3.068,3
2026-05-26 06:42:00,3.0635,3.0635,3.0625,3.063,3.0685,3.0685,3.0675,3.068,3
2026-05-26 06:43:00,3.0625,3.063,3.0625,3.063,3.0675,3.068,3.0675,3.068,2
2026-05-26 06:44:00,3.0625,3.0635,3.0625,3.0635,3.0675,3.0685,3.0675,3.0685,5
2026-05-26 06:45:00,3.063,3.063,3.062,3.062,3.068,3.068,3.067,3.067,3
2026-05-26 06:46:00,3.0625,3.0635,3.0625,3.0635,3.0675,3.0685,3.0675,3.0685,3
2026-05-26 06:47:00,3.0625,3.0625,3.0625,3.0625,3.0675,3.0675,3.0675,3.0675,1
2026-05-26 06:48:00,3.062,3.063,3.0605,3.0605,3.067,3.068,3.0655,3.0655,8
2026-05-26 06:49:00,3.06,3.0605,3.0595,3.0605,3.065,3.0655,3.0645,3.0655,7
2026-05-26 06:50:00,3.0595,3.0595,3.0576,3.0576,3.0645,3.0645,3.0625,3.0625,6
2026-05-26 06:51:00,3.0565,3.0565,3.055,3.056,3.0615,3.0615,3.06,3.061,9
2026-05-26 06:52:00,3.0555,3.0565,3.0555,3.0555,3.0605,3.0615,3.0605,3.0605,8
2026-05-26 06:53:00,3.0545,3.055,3.0545,3.055,3.0595,3.06,3.0595,3.06,10
2026-05-26 06:54:00,3.0545,3.0555,3.0545,3.055,3.0595,3.0605,3.0595,3.06,8
2026-05-26 06:55:00,3.0555,3.0555,3.055,3.0555,3.0605,3.0605,3.06,3.0605,3
2026-05-26 06:57:00,3.056,3.0565,3.056,3.0565,3.061,3.0615,3.061,3.0615,2
2026-05-26 06:58:00,3.0576,3.0576,3.0555,3.0555,3.0625,3.0625,3.0605,3.0605,10
2026-05-26 06:59:00,3.056,3.0565,3.056,3.0565,3.061,3.0615,3.061,3.0615,2
2026-05-26 07:00:00,3.0576,3.0576,3.0576,3.0576,3.0625,3.0625,3.0625,3.0625,1
2026-05-26 07:01:00,3.0585,3.0605,3.0585,3.0605,3.0635,3.0655,3.0635,3.0655,9
2026-05-26 07:02:00,3.0595,3.0595,3.0585,3.0585,3.0645,3.0645,3.0635,3.0635,6
2026-05-26 07:05:00,3.0595,3.0595,3.0595,3.0595,3.0645,3.0645,3.0645,3.0645,1
2026-05-26 07:06:00,3.0585,3.0585,3.0585,3.0585,3.0635,3.0635,3.0635,3.0635,1
2026-05-26 07:07:00,3.0576,3.058,3.0576,3.058,3.0625,3.063,3.0625,3.063,4
2026-05-26 07:08:00,3.0585,3.0595,3.0585,3.0595,3.0635,3.0645,3.0635,3.0645,4
2026-05-26 07:09:00,3.06,3.0615,3.06,3.0615,3.065,3.0665,3.065,3.0665,7
2026-05-26 07:10:00,3.061,3.0615,3.0605,3.061,3.066,3.0665,3.0655,3.066,5
2026-05-26 07:11:00,3.0605,3.0615,3.0605,3.061,3.0655,3.0665,3.0655,3.066,5
2026-05-26 07:12:00,3.0605,3.0615,3.0605,3.0615,3.0655,3.0665,3.0655,3.0665,5
2026-05-26 07:15:00,3.061,3.0615,3.061,3.0615,3.066,3.0665,3.066,3.0665,2
2026-05-26 07:16:00,3.0605,3.0615,3.06,3.0615,3.0655,3.0665,3.065,3.0665,5
2026-05-26 07:17:00,3.062,3.0625,3.0605,3.061,3.067,3.0675,3.0655,3.066,6
2026-05-26 07:18:00,3.0615,3.0615,3.061,3.061,3.0665,3.0665,3.066,3.066,2
2026-05-26 07:19:00,3.0605,3.0625,3.0605,3.0625,3.0655,3.0675,3.0655,3.0675,6
2026-05-26 07:20:00,3.062,3.062,3.062,3.062,3.067,3.067,3.067,3.067,1
2026-05-26 07:22:00,3.0615,3.0635,3.0615,3.0625,3.0665,3.0685,3.0665,3.0675,9
2026-05-26 07:23:00,3.062,3.0625,3.062,3.0625,3.067,3.0675,3.067,3.0675,2
2026-05-26 07:24:00,3.062,3.062,3.062,3.062,3.067,3.067,3.067,3.067,1
2026-05-26 07:26:00,3.0615,3.0615,3.06,3.0615,3.0665,3.0665,3.065,3.0665,6
2026-05-26 07:27:00,3.062,3.062,3.062,3.062,3.067,3.067,3.067,3.067,1
2026-05-26 07:28:00,3.0615,3.062,3.0615,3.0615,3.0665,3.067,3.0665,3.0665,3
2026-05-26 07:29:00,3.0605,3.0615,3.0605,3.0615,3.0655,3.0665,3.0655,3.0665,3
2026-05-26 07:30:00,3.061,3.061,3.0585,3.059,3.066,3.066,3.0635,3.064,12
2026-05-26 07:31:00,3.0595,3.0605,3.0595,3.0605,3.0645,3.0655,3.0645,3.0655,8
2026-05-26 07:32:00,3.06,3.0605,3.0595,3.0595,3.065,3.0655,3.0645,3.0645,6
2026-05-26 07:33:00,3.0605,3.0605,3.06,3.06,3.0655,3.0655,3.065,3.065,6
2026-05-26 07:34:00,3.0605,3.0605,3.0605,3.0605,3.0655,3.0655,3.0655,3.0655,1
2026-05-26 07:35:00,3.06,3.061,3.0595,3.06,3.065,3.066,3.0645,3.065,8
2026-05-26 07:36:00,3.0595,3.0605,3.059,3.059,3.0645,3.0655,3.064,3.064,4
2026-05-26 07:37:00,3.0585,3.0585,3.058,3.0585,3.0635,3.0635,3.063,3.0635,3
2026-05-26 07:38:00,3.059,3.0595,3.059,3.0595,3.064,3.0645,3.064,3.0645,2
2026-05-26 07:39:00,3.059,3.059,3.0585,3.0585,3.064,3.064,3.0635,3.0635,4
2026-05-26 07:40:00,3.0576,3.0576,3.0565,3.0565,3.0625,3.0625,3.0615,3.0615,7
2026-05-26 07:41:00,3.0555,3.056,3.0545,3.0555,3.0605,3.061,3.0595,3.0605,6
2026-05-26 07:42:00,3.056,3.056,3.0555,3.0555,3.061,3.061,3.0605,3.0605,2
2026-05-26 07:43:00,3.056,3.056,3.0555,3.0555,3.061,3.061,3.0605,3.0605,2
2026-05-26 07:44:00,3.056,3.0576,3.056,3.0576,3.061,3.0625,3.061,3.0625,4
2026-05-26 07:45:00,3.0585,3.0585,3.0576,3.0576,3.0635,3.0635,3.0625,3.0625,3
2026-05-26 07:46:00,3.058,3.059,3.0576,3.059,3.063,3.064,3.0625,3.064,6
2026-05-26 07:47:00,3.0595,3.0595,3.0595,3.0595,3.0645,3.0645,3.0645,3.0645,1
2026-05-26 07:48:00,3.059,3.059,3.0585,3.059,3.064,3.064,3.0635,3.064,5
2026-05-26 07:49:00,3.0595,3.0595,3.0595,3.0595,3.0645,3.0645,3.0645,3.0645,1
2026-05-26 07:51:00,3.0605,3.0615,3.0605,3.0605,3.0655,3.0665,3.0655,3.0655,4
2026-05-26 07:52:00,3.061,3.061,3.059,3.059,3.066,3.066,3.064,3.064,6
2026-05-26 07:53:00,3.0595,3.0595,3.0585,3.0595,3.0645,3.0645,3.0635,3.0645,7
2026-05-26 07:54:00,3.059,3.059,3.0585,3.0585,3.064,3.064,3.0635,3.0635,4
2026-05-26 07:55:00,3.0595,3.0595,3.0576,3.0576,3.0645,3.0645,3.0625,3.0625,4
2026-05-26 07:56:00,3.057,3.0615,3.057,3.061,3.062,3.0665,3.062,3.066,12
2026-05-26 07:57:00,3.0605,3.061,3.0605,3.0605,3.0655,3.066,3.0655,3.0655,3
2026-05-26 07:58:00,3.061,3.0615,3.06,3.06,3.066,3.0665,3.065,3.065,9
2026-05-26 07:59:00,3.0605,3.0605,3.06,3.06,3.0655,3.0655,3.065,3.065,2
2026-05-26 08:00:00,3.0595,3.061,3.0595,3.061,3.0645,3.066,3.0645,3.066,6
2026-05-26 08:01:00,3.0605,3.0605,3.057,3.057,3.0655,3.0655,3.062,3.062,14
2026-05-26 08:02:00,3.0565,3.0576,3.0565,3.0576,3.0615,3.0625,3.0615,3.0625,8
2026-05-26 08:03:00,3.057,3.0595,3.0565,3.0585,3.062,3.0645,3.0615,3.0635,14
2026-05-26 08:04:00,3.059,3.059,3.0576,3.058,3.064,3.064,3.0625,3.063,5
2026-05-26 08:05:00,3.0585,3.0585,3.0576,3.0585,3.0635,3.0635,3.0625,3.0635,4
2026-05-26 08:06:00,3.058,3.06,3.058,3.06,3.063,3.065,3.063,3.065,5
2026-05-26 08:07:00,3.0605,3.0625,3.0605,3.0615,3.0655,3.0675,3.0655,3.0665,5
2026-05-26 08:08:00,3.062,3.062,3.0605,3.0605,3.067,3.067,3.0655,3.0655,4
2026-05-26 08:10:00,3.06,3.061,3.06,3.061,3.065,3.066,3.065,3.066,3
2026-05-26 08:11:00,3.0605,3.0615,3.0595,3.061,3.0655,3.0665,3.0645,3.066,10
2026-05-26 08:12:00,3.0615,3.0625,3.0615,3.0625,3.0665,3.0675,3.0665,3.0675,5
2026-05-26 08:13:00,3.063,3.063,3.0605,3.0605,3.068,3.068,3.0655,3.0655,5
2026-05-26 08:14:00,3.06,3.06,3.059,3.0595,3.065,3.065,3.064,3.0645,6
2026-05-26 08:15:00,3.06,3.06,3.0595,3.0595,3.065,3.065,3.0645,3.0645,2
2026-05-26 08:16:00,3.059,3.062,3.059,3.062,3.064,3.067,3.064,3.067,8
2026-05-26 08:17:00,3.0615,3.063,3.0615,3.063,3.0665,3.068,3.0665,3.068,4
2026-05-26 08:18:00,3.0625,3.0625,3.0625,3.0625,3.0675,3.0675,3.0675,3.0675,1
2026-05-26 08:19:00,3.0615,3.063,3.0615,3.0625,3.0665,3.068,3.0665,3.0675,5
2026-05-26 08:20:00,3.063,3.063,3.063,3.063,3.068,3.068,3.068,3.068,1
2026-05-26 08:21:00,3.0635,3.0685,3.0635,3.0675,3.0685,3.0735,3.0685,3.0725,11
2026-05-26 08:22:00,3.0685,3.0695,3.0675,3.0695,3.0735,3.0745,3.0725,3.0745,5
2026-05-26 08:23:00,3.069,3.069,3.0675,3.0675,3.074,3.074,3.0725,3.0725,4
2026-05-26 08:24:00,3.068,3.0685,3.068,3.068,3.073,3.0735,3.073,3.073,9
2026-05-26 08:25:00,3.0675,3.069,3.0675,3.069,3.0725,3.074,3.0725,3.074,8
2026-05-26 08:26:00,3.0685,3.069,3.068,3.069,3.0735,3.074,3.073,3.074,3
2026-05-26 08:27:00,3.0695,3.0695,3.067,3.068,3.0745,3.0745,3.072,3.073,8
2026-05-26 08:28:00,3.0685,3.0725,3.068,3.0705,3.0735,3.0775,3.073,3.0755,14
2026-05-26 08:29:00,3.0715,3.0715,3.066,3.066,3.0765,3.0765,3.071,3.071,21
2026-05-26 08:30:00,3.065,3.0656,3.0635,3.0645,3.07,3.0705,3.0685,3.0695,9
2026-05-26 08:31:00,3.0656,3.0656,3.065,3.065,3.0705,3.0705,3.07,3.07,6
2026-05-26 08:32:00,3.0656,3.0675,3.0656,3.0675,3.0705,3.0725,3.0705,3.0725,4
2026-05-26 08:33:00,3.067,3.067,3.067,3.067,3.072,3.072,3.072,3.072,1
2026-05-26 08:34:00,3.0665,3.0685,3.0665,3.0685,3.0715,3.0735,3.0715,3.0735,6
2026-05-26 08:35:00,3.0675,3.0675,3.0645,3.0645,3.0725,3.0725,3.0695,3.0695,5
2026-05-26 08:36:00,3.065,3.0675,3.0605,3.0665,3.07,3.0725,3.0655,3.0715,64
2026-05-26 08:37:00,3.066,3.066,3.061,3.061,3.071,3.071,3.066,3.066,10
2026-05-26 08:38:00,3.0605,3.0615,3.0605,3.061,3.0655,3.0665,3.0655,3.066,6
2026-05-26 08:39:00,3.0605,3.0605,3.06,3.0605,3.0655,3.0655,3.065,3.0655,3
2026-05-26 08:40:00,3.06,3.0605,3.059,3.0605,3.065,3.0655,3.064,3.0655,8
2026-05-26 08:41:00,3.0595,3.064,3.0595,3.064,3.0645,3.069,3.0645,3.069,9
2026-05-26 08:42:00,3.0635,3.064,3.0625,3.063,3.0685,3.069,3.0675,3.068,6
2026-05-26 08:43:00,3.0635,3.0635,3.063,3.063,3.0685,3.0685,3.068,3.068,2
2026-05-26 08:44:00,3.0635,3.0635,3.0625,3.0625,3.0685,3.0685,3.0675,3.0675,2
2026-05-26 08:45:00,3.063,3.063,3.0625,3.063,3.068,3.068,3.0675,3.068,3
2026-05-26 08:46:00,3.0635,3.0645,3.0635,3.0645,3.0685,3.0695,3.0685,3.0695,2
2026-05-26 08:47:00,3.0656,3.066,3.0645,3.065,3.0705,3.071,3.0695,3.07,5
2026-05-26 08:48:00,3.0645,3.0645,3.0635,3.064,3.0695,3.0695,3.0685,3.069,8
2026-05-26 08:49:00,3.0635,3.066,3.0635,3.0656,3.0685,3.071,3.0685,3.0705,11
2026-05-26 08:50:00,3.066,3.0665,3.0645,3.0665,3.071,3.0715,3.0695,3.0715,17
2026-05-26 08:51:00,3.066,3.067,3.066,3.067,3.071,3.072,3.071,3.072,3
2026-05-26 08:52:00,3.0675,3.069,3.0675,3.069,3.0725,3.074,3.0725,3.074,5
2026-05-26 08:53:00,3.0685,3.0695,3.0685,3.0685,3.0735,3.0745,3.0735,3.0735,5
2026-05-26 08:54:00,3.0695,3.0695,3.0685,3.0685,3.0745,3.0745,3.0735,3.0735,2
2026-05-26 08:55:00,3.069,3.0695,3.0685,3.069,3.074,3.0745,3.0735,3.074,7
2026-05-26 08:56:00,3.0695,3.0705,3.0685,3.07,3.0745,3.0755,3.0735,3.075,9
2026-05-26 08:57:00,3.0705,3.0715,3.0705,3.0715,3.0755,3.0765,3.0755,3.0765,2
2026-05-26 08:58:00,3.072,3.0736,3.072,3.0736,3.077,3.0785,3.077,3.0785,3
2026-05-26 08:59:00,3.0725,3.0736,3.0715,3.0715,3.0775,3.0785,3.0765,3.0765,8
2026-05-26 09:00:00,3.072,3.0755,3.0715,3.0755,3.077,3.0805,3.0765,3.0805,29
2026-05-26 09:01:00,3.075,3.0816,3.075,3.0795,3.08,3.0865,3.08,3.0845,86
2026-05-26 09:02:00,3.08,3.0845,3.079,3.0845,3.085,3.0895,3.084,3.0895,132
2026-05-26 09:03:00,3.083,3.0885,3.081,3.0855,3.088,3.0935,3.086,3.0905,146
2026-05-26 09:04:00,3.0865,3.0915,3.0855,3.0905,3.0915,3.0965,3.0905,3.0955,151
2026-05-26 09:05:00,3.0896,3.0945,3.089,3.093,3.0945,3.0995,3.094,3.098,145
2026-05-26 09:06:00,3.0935,3.0945,3.0825,3.0845,3.0985,3.0995,3.0875,3.0895,66
2026-05-26 09:07:00,3.0835,3.0845,3.0825,3.0835,3.0885,3.0895,3.0875,3.0885,11
2026-05-26 09:08:00,3.083,3.0855,3.0825,3.0855,3.088,3.0905,3.0875,3.0905,20
2026-05-26 09:09:00,3.0845,3.0875,3.0845,3.0855,3.0895,3.0925,3.0895,3.0905,18
2026-05-26 09:10:00,3.085,3.0855,3.084,3.0845,3.09,3.0905,3.089,3.0895,7
2026-05-26 09:11:00,3.085,3.088,3.085,3.0875,3.09,3.093,3.09,3.0925,17
2026-05-26 09:12:00,3.087,3.0875,3.0865,3.087,3.092,3.0925,3.0915,3.092,9
2026-05-26 09:13:00,3.0875,3.0885,3.0875,3.0875,3.0925,3.0935,3.0925,3.0925,8
2026-05-26 09:14:00,3.087,3.0875,3.0865,3.087,3.092,3.0925,3.0915,3.092,10
2026-05-26 09:15:00,3.0875,3.0875,3.083,3.083,3.0925,3.0925,3.088,3.088,11
2026-05-26 09:16:00,3.0835,3.0855,3.0825,3.0845,3.0885,3.0905,3.0875,3.0895,12
2026-05-26 09:17:00,3.085,3.087,3.0845,3.0865,3.09,3.092,3.0895,3.0915,10
2026-05-26 09:18:00,3.087,3.087,3.0865,3.0865,3.092,3.092,3.0915,3.0915,2
2026-05-26 09:19:00,3.0855,3.0855,3.0845,3.0845,3.0905,3.0905,3.0895,3.0895,5
2026-05-26 09:20:00,3.084,3.0845,3.084,3.0845,3.089,3.0895,3.089,3.0895,2
2026-05-26 09:21:00,3.084,3.0855,3.0835,3.085,3.089,3.0905,3.0885,3.09,15
2026-05-26 09:22:00,3.0855,3.0855,3.0845,3.0855,3.0905,3.0905,3.0895,3.0905,9
2026-05-26 09:23:00,3.086,3.086,3.0855,3.0855,3.091,3.091,3.0905,3.0905,2
2026-05-26 09:24:00,3.085,3.0855,3.0835,3.084,3.09,3.0905,3.0885,3.089,20
2026-05-26 09:25:00,3.0835,3.084,3.0816,3.082,3.0885,3.089,3.0865,3.087,12
2026-05-26 09:26:00,3.0816,3.0835,3.0816,3.0835,3.0865,3.0885,3.0865,3.0885,8
2026-05-26 09:27:00,3.083,3.0835,3.083,3.0835,3.088,3.0885,3.088,3.0885,2
2026-05-26 09:28:00,3.084,3.0875,3.084,3.0875,3.089,3.0925,3.089,3.0925,5
2026-05-26 09:29:00,3.0885,3.0885,3.0875,3.0885,3.0935,3.0935,3.0925,3.0935,7
2026-05-26 09:30:00,3.0896,3.0915,3.0896,3.0915,3.0945,3.0965,3.0945,3.0965,7
2026-05-26 09:31:00,3.0925,3.0925,3.0915,3.0925,3.0975,3.0975,3.0965,3.0975,4
2026-05-26 09:32:00,3.0935,3.0945,3.0925,3.0925,3.0985,3.0995,3.0975,3.0975,12
2026-05-26 09:33:00,3.0935,3.0945,3.0935,3.0945,3.0985,3.0995,3.0985,3.0995,5
2026-05-26 09:34:00,3.0935,3.0945,3.0925,3.0925,3.0985,3.0995,3.0975,3.0975,5
2026-05-26 09:35:00,3.0935,3.0935,3.0935,3.0935,3.0985,3.0985,3.0985,3.0985,1
2026-05-26 09:36:00,3.094,3.0945,3.094,3.0945,3.099,3.0995,3.099,3.0995,2
2026-05-26 09:37:00,3.0935,3.1005,3.0935,3.0995,3.0985,3.1055,3.0985,3.1045,18
2026-05-26 09:38:00,3.1,3.1005,3.0976,3.0985,3.105,3.1055,3.1025,3.1035,11
2026-05-26 09:39:00,3.098,3.0995,3.0976,3.0995,3.103,3.1045,3.1025,3.1045,12
2026-05-26 09:40:00,3.1005,3.1005,3.0995,3.0995,3.1055,3.1055,3.1045,3.1045,2
2026-05-26 09:41:00,3.1,3.1005,3.0995,3.0995,3.105,3.1055,3.1045,3.1045,8
2026-05-26 09:42:00,3.0985,3.1,3.0985,3.0995,3.1035,3.105,3.1035,3.1045,8
2026-05-26 09:43:00,3.0985,3.0995,3.0985,3.0995,3.1035,3.1045,3.1035,3.1045,3
2026-05-26 09:44:00,3.0985,3.099,3.0985,3.099,3.1035,3.104,3.1035,3.104,6
2026-05-26 09:45:00,3.0995,3.1015,3.0985,3.1015,3.1045,3.1065,3.1035,3.1065,13
2026-05-26 09:47:00,3.1005,3.1005,3.0995,3.0995,3.1055,3.1055,3.1045,3.1045,14
2026-05-26 09:48:00,3.1,3.1,3.0976,3.0985,3.105,3.105,3.1025,3.1035,8
2026-05-26 09:49:00,3.098,3.0985,3.098,3.0985,3.103,3.1035,3.103,3.1035,2
2026-05-26 09:50:00,3.0976,3.0985,3.0976,3.0976,3.1025,3.1035,3.1025,3.1025,9
2026-05-26 09:51:00,3.098,3.099,3.0976,3.0985,3.103,3.104,3.1025,3.1035,7
2026-05-26 09:52:00,3.099,3.0995,3.0985,3.0995,3.104,3.1045,3.1035,3.1045,8
2026-05-26 09:53:00,3.1005,3.1005,3.0995,3.1005,3.1055,3.1055,3.1045,3.1055,4
2026-05-26 09:54:00,3.1015,3.1015,3.1005,3.1015,3.1065,3.1065,3.1055,3.1065,3
2026-05-26 09:55:00,3.1005,3.1005,3.0995,3.0995,3.1055,3.1055,3.1045,3.1045,2
2026-05-26 09:57:00,3.1005,3.1005,3.0995,3.0995,3.1055,3.1055,3.1045,3.1045,4
2026-05-26 09:58:00,3.1005,3.1005,3.0985,3.0985,3.1055,3.1055,3.1035,3.1035,11
2026-05-26 09:59:00,3.0976,3.0985,3.0976,3.0985,3.1025,3.1035,3.1025,3.1035,3
2026-05-26 10:00:00,3.0976,3.0976,3.0965,3.0965,3.1025,3.1025,3.1015,3.1015,21
2026-05-26 10:01:00,3.097,3.0976,3.0955,3.0965,3.102,3.1025,3.1005,3.1015,13
2026-05-26 10:02:00,3.0955,3.0955,3.0935,3.0935,3.1005,3.1005,3.0985,3.0985,10
2026-05-26 10:03:00,3.0945,3.0945,3.0935,3.0945,3.0995,3.0995,3.0985,3.0995,9
2026-05-26 10:04:00,3.094,3.0976,3.0935,3.0965,3.099,3.1025,3.0985,3.1015,16
2026-05-26 10:05:00,3.096,3.096,3.0905,3.0925,3.101,3.101,3.0955,3.0975,20
2026-05-26 10:06:00,3.093,3.093,3.0925,3.0925,3.098,3.098,3.0975,3.0975,2
2026-05-26 10:07:00,3.0935,3.0965,3.0935,3.0965,3.0985,3.1015,3.0985,3.1015,5
2026-05-26 10:08:00,3.0955,3.0965,3.0955,3.0955,3.1005,3.1015,3.1005,3.1005,7
2026-05-26 10:09:00,3.095,3.0955,3.095,3.0955,3.1,3.1005,3.1,3.1005,8
2026-05-26 10:10:00,3.0965,3.0965,3.0955,3.0955,3.1015,3.1015,3.1005,3.1005,4
2026-05-26 10:11:00,3.096,3.0976,3.0955,3.0965,3.101,3.1025,3.1005,3.1015,16
2026-05-26 10:12:00,3.097,3.0976,3.0965,3.0976,3.102,3.1025,3.1015,3.1025,6
2026-05-26 10:13:00,3.098,3.0985,3.0965,3.0965,3.103,3.1035,3.1015,3.1015,15
2026-05-26 10:14:00,3.0955,3.0976,3.0955,3.0976,3.1005,3.1025,3.1005,3.1025,5
2026-05-26 10:15:00,3.098,3.0985,3.098,3.0985,3.103,3.1035,3.103,3.1035,4
2026-05-26 10:16:00,3.099,3.0995,3.0985,3.0995,3.104,3.1045,3.1035,3.1045,4
2026-05-26 10:17:00,3.099,3.0995,3.0985,3.0995,3.104,3.1045,3.1035,3.1045,7
2026-05-26 10:18:00,3.1005,3.1005,3.1005,3.1005,3.1055,3.1055,3.1055,3.1055,1
2026-05-26 10:20:00,3.0995,3.1005,3.0995,3.1005,3.1045,3.1055,3.1045,3.1055,2
2026-05-26 10:22:00,3.0995,3.1005,3.0995,3.1005,3.1045,3.1055,3.1045,3.1055,4
2026-05-26 10:24:00,3.1015,3.1015,3.1015,3.1015,3.1065,3.1065,3.1065,3.1065,1
2026-05-26 10:25:00,3.1005,3.1015,3.1005,3.1015,3.1055,3.1065,3.1055,3.1065,2
2026-05-26 10:26:00,3.1025,3.1025,3.1015,3.1015,3.1075,3.1075,3.1065,3.1065,4
2026-05-26 10:27:00,3.102,3.1035,3.102,3.1025,3.107,3.1085,3.107,3.1075,4
2026-05-26 10:28:00,3.1035,3.1035,3.101,3.101,3.1085,3.1085,3.106,3.106,13
2026-05-26 10:29:00,3.1005,3.1015,3.0995,3.1005,3.1055,3.1065,3.1045,3.1055,13
2026-05-26 10:30:00,3.1015,3.1015,3.1005,3.1015,3.1065,3.1065,3.1055,3.1065,4
2026-05-26 10:31:00,3.1005,3.1015,3.1005,3.1015,3.1055,3.1065,3.1055,3.1065,2
2026-05-26 10:32:00,3.1005,3.1025,3.1005,3.1025,3.1055,3.1075,3.1055,3.1075,5
2026-05-26 10:33:00,3.1035,3.1035,3.1035,3.1035,3.1085,3.1085,3.1085,3.1085,1
2026-05-26 10:34:00,3.1045,3.1045,3.1025,3.1025,3.1095,3.1095,3.1075,3.1075,9
2026-05-26 10:35:00,3.1035,3.1035,3.1025,3.1035,3.1085,3.1085,3.1075,3.1085,7
2026-05-26 10:36:00,3.1025,3.1035,3.1025,3.1025,3.1075,3.1085,3.1075,3.1075,4
2026-05-26 10:37:00,3.1015,3.1025,3.1015,3.1025,3.1065,3.1075,3.1065,3.1075,15
2026-05-26 10:38:00,3.1015,3.1015,3.1005,3.1015,3.1065,3.1065,3.1055,3.1065,8
2026-05-26 10:39:00,3.1005,3.1015,3.1005,3.1015,3.1055,3.1065,3.1055,3.1065,2
2026-05-26 10:40:00,3.1005,3.1015,3.1005,3.1015,3.1055,3.1065,3.1055,3.1065,3
2026-05-26 10:41:00,3.102,3.1035,3.102,3.1025,3.107,3.1085,3.107,3.1075,4
2026-05-26 10:42:00,3.1035,3.1045,3.1035,3.1035,3.1085,3.1095,3.1085,3.1085,3
2026-05-26 10:43:00,3.1045,3.1045,3.1025,3.1035,3.1095,3.1095,3.1075,3.1085,10
2026-05-26 10:44:00,3.1025,3.1045,3.1025,3.104,3.1075,3.1095,3.1075,3.109,6
2026-05-26 10:45:00,3.1045,3.1045,3.1035,3.1045,3.1095,3.1095,3.1085,3.1095,7
2026-05-26 10:46:00,3.1056,3.1056,3.1035,3.1045,3.1105,3.1105,3.1085,3.1095,11
2026-05-26 10:47:00,3.1035,3.1056,3.1035,3.1056,3.1085,3.1105,3.1085,3.1105,10
2026-05-26 10:48:00,3.1065,3.1065,3.1045,3.1056,3.1115,3.1115,3.1095,3.1105,8
2026-05-26 10:49:00,3.1045,3.1056,3.1045,3.1045,3.1095,3.1105,3.1095,3.1095,5
2026-05-26 10:50:00,3.1035,3.1045,3.1005,3.1005,3.1085,3.1095,3.1055,3.1055,16
2026-05-26 10:51:00,3.1,3.1,3.0995,3.0995,3.105,3.105,3.1045,3.1045,2
2026-05-26 10:52:00,3.098,3.0985,3.0965,3.0985,3.103,3.1035,3.1015,3.1035,11
2026-05-26 10:53:00,3.099,3.0995,3.0985,3.0995,3.104,3.1045,3.1035,3.1045,4
2026-05-26 10:54:00,3.0985,3.1015,3.0985,3.0995,3.1035,3.1065,3.1035,3.1045,7
2026-05-26 10:55:00,3.1,3.1005,3.0995,3.1005,3.105,3.1055,3.1045,3.1055,8
2026-05-26 10:56:00,3.101,3.1025,3.1005,3.1015,3.106,3.1075,3.1055,3.1065,6
2026-05-26 10:57:00,3.102,3.102,3.1005,3.1005,3.107,3.107,3.1055,3.1055,5
2026-05-26 10:58:00,3.101,3.1015,3.1005,3.1015,3.106,3.1065,3.1055,3.1065,4
2026-05-26 10:59:00,3.101,3.1015,3.1005,3.1005,3.106,3.1065,3.1055,3.1055,7
2026-05-26 11:00:00,3.0995,3.101,3.0995,3.1005,3.1045,3.106,3.1045,3.1055,6
2026-05-26 11:01:00,3.101,3.103,3.101,3.1015,3.106,3.108,3.106,3.1065,12
2026-05-26 11:04:00,3.1005,3.1015,3.1005,3.1005,3.1055,3.1065,3.1055,3.1055,3
2026-05-26 11:07:00,3.1015,3.1015,3.1005,3.1005,3.1065,3.1065,3.1055,3.1055,2
2026-05-26 11:09:00,3.1015,3.1015,3.1015,3.1015,3.1065,3.1065,3.1065,3.1065,1
2026-05-26 11:10:00,3.1025,3.1025,3.1025,3.1025,3.1075,3.1075,3.1075,3.1075,1
2026-05-26 11:11:00,3.103,3.103,3.1015,3.1015,3.108,3.108,3.1065,3.1065,10
2026-05-26 11:12:00,3.1025,3.1025,3.1025,3.1025,3.1075,3.1075,3.1075,3.1075,1
2026-05-26 11:13:00,3.1015,3.1025,3.1015,3.1025,3.1065,3.1075,3.1065,3.1075,3
2026-05-26 11:14:00,3.1015,3.1015,3.1,3.1005,3.1065,3.1065,3.105,3.1055,5
2026-05-26 11:15:00,3.0995,3.1005,3.0995,3.0995,3.1045,3.1055,3.1045,3.1045,5
2026-05-26 11:16:00,3.1005,3.1005,3.0985,3.0985,3.1055,3.1055,3.1035,3.1035,3
2026-05-26 11:17:00,3.0976,3.0985,3.0935,3.0965,3.1025,3.1035,3.0985,3.1015,16
2026-05-26 11:18:00,3.0976,3.0976,3.0955,3.0965,3.1025,3.1025,3.1005,3.1015,17
2026-05-26 11:19:00,3.0955,3.0965,3.0955,3.096,3.1005,3.1015,3.1005,3.101,5
2026-05-26 11:20:00,3.0955,3.0965,3.095,3.0965,3.1005,3.1015,3.1,3.1015,10
2026-05-26 11:21:00,3.096,3.0965,3.0955,3.0965,3.101,3.1015,3.1005,3.1015,7
2026-05-26 11:22:00,3.096,3.0965,3.096,3.0965,3.101,3.1015,3.101,3.1015,2
2026-05-26 11:23:00,3.0976,3.0985,3.0976,3.0976,3.1025,3.1035,3.1025,3.1025,9
2026-05-26 11:24:00,3.098,3.0985,3.0976,3.0976,3.103,3.1035,3.1025,3.1025,3
2026-05-26 11:25:00,3.097,3.097,3.0965,3.097,3.102,3.102,3.1015,3.102,3
2026-05-26 11:26:00,3.0976,3.0976,3.0965,3.0976,3.1025,3.1025,3.1015,3.1025,7
2026-05-26 11:27:00,3.097,3.0976,3.0965,3.097,3.102,3.1025,3.1015,3.102,6
2026-05-26 11:28:00,3.0976,3.0976,3.0965,3.0976,3.1025,3.1025,3.1015,3.1025,4
2026-05-26 11:29:00,3.097,3.0976,3.0965,3.0965,3.102,3.1025,3.1015,3.1015,4
2026-05-26 11:30:00,3.096,3.0965,3.0955,3.0965,3.101,3.1015,3.1005,3.1015,4
2026-05-26 11:31:00,3.096,3.0965,3.0955,3.0965,3.101,3.1015,3.1005,3.1015,3
2026-05-26 11:34:00,3.0976,3.0976,3.0965,3.0965,3.1025,3.1025,3.1015,3.1015,2
2026-05-26 11:35:00,3.0955,3.0965,3.0955,3.0955,3.1005,3.1015,3.1005,3.1005,5
2026-05-26 11:36:00,3.0965,3.0965,3.0955,3.0965,3.1015,3.1015,3.1005,3.1015,8
2026-05-26 11:37:00,3.0976,3.0985,3.0976,3.0985,3.1025,3.1035,3.1025,3.1035,5
2026-05-26 11:38:00,3.099,3.0995,3.0985,3.0995,3.104,3.1045,3.1035,3.1045,5
2026-05-26 11:40:00,3.0985,3.0995,3.0985,3.0995,3.1035,3.1045,3.1035,3.1045,4
2026-05-26 11:41:00,3.1,3.1005,3.0995,3.1005,3.105,3.1055,3.1045,3.1055,10
2026-05-26 11:42:00,3.1015,3.1015,3.1015,3.1015,3.1065,3.1065,3.1065,3.1065,1
2026-05-26 11:43:00,3.1005,3.1035,3.1005,3.1035,3.1055,3.1085,3.1055,3.1085,4
2026-05-26 11:46:00,3.1025,3.103,3.1025,3.1025,3.1075,3.108,3.1075,3.1075,5
2026-05-26 11:47:00,3.1035,3.1035,3.1035,3.1035,3.1085,3.1085,3.1085,3.1085,1
2026-05-26 11:49:00,3.1025,3.1035,3.1025,3.1035,3.1075,3.1085,3.1075,3.1085,2
2026-05-26 11:50:00,3.1025,3.1035,3.1025,3.1035,3.1075,3.1085,3.1075,3.1085,4
2026-05-26 11:51:00,3.1025,3.1035,3.1015,3.1015,3.1075,3.1085,3.1065,3.1065,6
2026-05-26 11:53:00,3.101,3.101,3.1005,3.1005,3.106,3.106,3.1055,3.1055,2
2026-05-26 11:55:00,3.1015,3.1015,3.1005,3.1005,3.1065,3.1065,3.1055,3.1055,5
2026-05-26 11:56:00,3.0995,3.1015,3.0995,3.1015,3.1045,3.1065,3.1045,3.1065,11
2026-05-26 11:58:00,3.1005,3.1015,3.1005,3.1015,3.1055,3.1065,3.1055,3.1065,2
2026-05-26 11:59:00,3.1005,3.1005,3.0995,3.0995,3.1055,3.1055,3.1045,3.1045,2
2026-05-26 12:00:00,3.1005,3.1005,3.0955,3.0955,3.1055,3.1055,3.1005,3.1005,16
2026-05-26 12:01:00,3.096,3.0965,3.0945,3.0945,3.101,3.1015,3.0995,3.0995,13
2026-05-26 12:02:00,3.0955,3.0955,3.0945,3.0945,3.1005,3.1005,3.0995,3.0995,4
2026-05-26 12:03:00,3.0935,3.0945,3.0935,3.0935,3.0985,3.0995,3.0985,3.0985,4
2026-05-26 12:04:00,3.0945,3.097,3.0935,3.0965,3.0995,3.102,3.0985,3.1015,11
2026-05-26 12:05:00,3.0955,3.0965,3.0945,3.0965,3.1005,3.1015,3.0995,3.1015,5
2026-05-26 12:06:00,3.0955,3.0955,3.0915,3.0925,3.1005,3.1005,3.0965,3.0975,12
2026-05-26 12:07:00,3.0935,3.0935,3.0915,3.0925,3.0985,3.0985,3.0965,3.0975,8
2026-05-26 12:08:00,3.0935,3.0935,3.0905,3.0905,3.0985,3.0985,3.0955,3.0955,6
2026-05-26 12:09:00,3.0896,3.0905,3.0896,3.0905,3.0945,3.0955,3.0945,3.0955,2
2026-05-26 12:10:00,3.0896,3.09,3.0896,3.0896,3.0945,3.095,3.0945,3.0945,3
2026-05-26 12:11:00,3.0905,3.0925,3.0905,3.0925,3.0955,3.0975,3.0955,3.0975,8
2026-05-26 12:12:00,3.0915,3.0915,3.0905,3.0905,3.0965,3.0965,3.0955,3.0955,5
2026-05-26 12:13:00,3.091,3.0915,3.0905,3.0915,3.096,3.0965,3.0955,3.0965,4
2026-05-26 12:14:00,3.0925,3.0925,3.0915,3.0915,3.0975,3.0975,3.0965,3.0965,5
2026-05-26 12:15:00,3.092,3.092,3.0915,3.0915,3.097,3.097,3.0965,3.0965,2
2026-05-26 12:16:00,3.0925,3.0935,3.0915,3.0915,3.0975,3.0985,3.0965,3.0965,5
2026-05-26 12:17:00,3.0925,3.0925,3.0925,3.0925,3.0975,3.0975,3.0975,3.0975,1
2026-05-26 12:18:00,3.093,3.093,3.0915,3.0925,3.098,3.098,3.0965,3.0975,4
2026-05-26 12:19:00,3.092,3.0925,3.0905,3.0905,3.097,3.0975,3.0955,3.0955,7
2026-05-26 12:20:00,3.091,3.091,3.091,3.091,3.096,3.096,3.096,3.096,1
2026-05-26 12:21:00,3.0915,3.0915,3.0905,3.0915,3.0965,3.0965,3.0955,3.0965,6
2026-05-26 12:23:00,3.0925,3.0925,3.0915,3.092,3.0975,3.0975,3.0965,3.097,15
2026-05-26 12:24:00,3.0925,3.0925,3.0925,3.0925,3.0975,3.0975,3.0975,3.0975,1
2026-05-26 12:25:00,3.0915,3.0925,3.0915,3.0915,3.0965,3.0975,3.0965,3.0965,3
2026-05-26 12:26:00,3.091,3.0915,3.0905,3.0905,3.096,3.0965,3.0955,3.0955,4
2026-05-26 12:27:00,3.0896,3.0896,3.0825,3.084,3.0945,3.0945,3.0875,3.089,13
2026-05-26 12:28:00,3.0835,3.0845,3.0825,3.0835,3.0885,3.0895,3.0875,3.0885,17
2026-05-26 12:29:00,3.0825,3.0825,3.0785,3.0795,3.0875,3.0875,3.0835,3.0845,15
2026-05-26 12:30:00,3.0785,3.08,3.0765,3.08,3.0835,3.085,3.0815,3.085,14
2026-05-26 12:31:00,3.0805,3.0805,3.0775,3.08,3.0855,3.0855,3.0825,3.085,13
2026-05-26 12:32:00,3.0795,3.0805,3.0795,3.0795,3.0845,3.0855,3.0845,3.0845,3
2026-05-26 12:33:00,3.0785,3.0795,3.0775,3.0785,3.0835,3.0845,3.0825,3.0835,7
2026-05-26 12:34:00,3.078,3.078,3.0745,3.0755,3.083,3.083,3.0795,3.0805,18
2026-05-26 12:35:00,3.0745,3.0755,3.0736,3.0736,3.0795,3.0805,3.0785,3.0785,12
2026-05-26 12:36:00,3.0745,3.0755,3.0745,3.0745,3.0795,3.0805,3.0795,3.0795,12
2026-05-26 12:37:00,3.0755,3.076,3.0745,3.0755,3.0805,3.081,3.0795,3.0805,7
2026-05-26 12:38:00,3.0765,3.0765,3.0755,3.0755,3.0815,3.0815,3.0805,3.0805,4
2026-05-26 12:39:00,3.0765,3.0775,3.0765,3.0775,3.0815,3.0825,3.0815,3.0825,8
2026-05-26 12:40:00,3.0765,3.0785,3.0765,3.0785,3.0815,3.0835,3.0815,3.0835,7
2026-05-26 12:41:00,3.0775,3.0785,3.0775,3.0785,3.0825,3.0835,3.0825,3.0835,6
2026-05-26 12:43:00,3.0795,3.0805,3.0795,3.0805,3.0845,3.0855,3.0845,3.0855,9
2026-05-26 12:44:00,3.0795,3.0795,3.0785,3.079,3.0845,3.0845,3.0835,3.084,6
2026-05-26 12:45:00,3.0785,3.0785,3.0775,3.0775,3.0835,3.0835,3.0825,3.0825,4
2026-05-26 12:46:00,3.0765,3.0785,3.0755,3.0785,3.0815,3.0835,3.0805,3.0835,14
2026-05-26 12:47:00,3.0795,3.0795,3.0775,3.0775,3.0845,3.0845,3.0825,3.0825,9
2026-05-26 12:48:00,3.0765,3.0765,3.0705,3.0715,3.0815,3.0815,3.0755,3.0765,27
2026-05-26 12:49:00,3.0705,3.0715,3.0685,3.0695,3.0755,3.0765,3.0735,3.0745,8
2026-05-26 12:50:00,3.0685,3.0705,3.0685,3.0695,3.0735,3.0755,3.0735,3.0745,6
2026-05-26 12:51:00,3.0685,3.0685,3.0645,3.0665,3.0735,3.0735,3.0695,3.0715,10
2026-05-26 12:52:00,3.0675,3.0685,3.0675,3.0675,3.0725,3.0735,3.0725,3.0725,6
2026-05-26 12:53:00,3.0685,3.0685,3.0656,3.0656,3.0735,3.0735,3.0705,3.0705,11
2026-05-26 12:54:00,3.0645,3.0665,3.0645,3.0656,3.0695,3.0715,3.0695,3.0705,5
2026-05-26 12:55:00,3.0665,3.0665,3.0645,3.0645,3.0715,3.0715,3.0695,3.0695,13
2026-05-26 12:56:00,3.0656,3.068,3.0656,3.067,3.0705,3.073,3.0705,3.072,11
2026-05-26 12:57:00,3.0665,3.0665,3.0656,3.0656,3.0715,3.0715,3.0705,3.0705,2
2026-05-26 12:58:00,3.0665,3.067,3.0656,3.0656,3.0715,3.072,3.0705,3.0705,4
2026-05-26 12:59:00,3.0665,3.0675,3.0665,3.0675,3.0715,3.0725,3.0715,3.0725,2
2026-05-26 13:00:00,3.0685,3.0745,3.0685,3.0736,3.0735,3.0795,3.0735,3.0785,42
2026-05-26 13:01:00,3.0745,3.0775,3.0715,3.0736,3.0795,3.0825,3.0765,3.0785,18
2026-05-26 13:02:00,3.0725,3.0736,3.0725,3.0725,3.0775,3.0785,3.0775,3.0775,9
2026-05-26 13:03:00,3.0736,3.0736,3.0705,3.0715,3.0785,3.0785,3.0755,3.0765,9
2026-05-26 13:04:00,3.0725,3.0725,3.0715,3.0715,3.0775,3.0775,3.0765,3.0765,5
2026-05-26 13:05:00,3.072,3.0745,3.0715,3.0715,3.077,3.0795,3.0765,3.0765,10
2026-05-26 13:06:00,3.0705,3.0736,3.0705,3.0715,3.0755,3.0785,3.0755,3.0765,10
2026-05-26 13:07:00,3.071,3.071,3.0695,3.0705,3.076,3.076,3.0745,3.0755,4
2026-05-26 13:08:00,3.0715,3.0715,3.0645,3.0656,3.0765,3.0765,3.0695,3.0705,16
2026-05-26 13:09:00,3.0645,3.0656,3.0635,3.0645,3.0695,3.0705,3.0685,3.0695,8
2026-05-26 13:10:00,3.0635,3.0635,3.0576,3.0595,3.0685,3.0685,3.0625,3.0645,35
2026-05-26 13:11:00,3.0605,3.065,3.0605,3.0645,3.0655,3.07,3.0655,3.0695,11
2026-05-26 13:12:00,3.064,3.0656,3.0635,3.0635,3.069,3.0705,3.0685,3.0685,18
2026-05-26 13:13:00,3.064,3.064,3.0625,3.0635,3.069,3.069,3.0675,3.0685,6
2026-05-26 13:14:00,3.0645,3.0675,3.0645,3.0675,3.0695,3.0725,3.0695,3.0725,10
2026-05-26 13:15:00,3.0665,3.0685,3.0656,3.0665,3.0715,3.0735,3.0705,3.0715,20
2026-05-26 13:16:00,3.0656,3.066,3.0605,3.0615,3.0705,3.071,3.0655,3.0665,13
2026-05-26 13:17:00,3.0605,3.0625,3.0605,3.0625,3.0655,3.0675,3.0655,3.0675,12
2026-05-26 13:18:00,3.0615,3.063,3.0605,3.0615,3.0665,3.068,3.0655,3.0665,14
2026-05-26 13:19:00,3.0605,3.0615,3.0605,3.0605,3.0655,3.0665,3.0655,3.0655,7
2026-05-26 13:20:00,3.0615,3.0685,3.0615,3.0685,3.0665,3.0735,3.0665,3.0735,30
2026-05-26 13:21:00,3.0675,3.074,3.0675,3.0736,3.0725,3.079,3.0725,3.0785,29
2026-05-26 13:22:00,3.0745,3.0745,3.069,3.0695,3.0795,3.0795,3.074,3.0745,25
2026-05-26 13:23:00,3.0705,3.0705,3.0675,3.0685,3.0755,3.0755,3.0725,3.0735,14
2026-05-26 13:24:00,3.0695,3.07,3.0675,3.0675,3.0745,3.075,3.0725,3.0725,8
2026-05-26 13:25:00,3.068,3.0685,3.0675,3.0675,3.073,3.0735,3.0725,3.0725,9
2026-05-26 13:26:00,3.0665,3.0675,3.062,3.0625,3.0715,3.0725,3.067,3.0675,42
2026-05-26 13:27:00,3.062,3.062,3.0605,3.0615,3.067,3.067,3.0655,3.0665,10
2026-05-26 13:28:00,3.0605,3.061,3.0585,3.059,3.0655,3.066,3.0635,3.064,18
2026-05-26 13:29:00,3.0595,3.0625,3.0585,3.0605,3.0645,3.0675,3.0635,3.0655,27
2026-05-26 13:30:00,3.061,3.0615,3.0576,3.0595,3.066,3.0665,3.0625,3.0645,20
2026-05-26 13:31:00,3.059,3.0625,3.058,3.0615,3.064,3.0675,3.063,3.0665,21
2026-05-26 13:32:00,3.061,3.0645,3.061,3.0645,3.066,3.0695,3.066,3.0695,15
2026-05-26 13:33:00,3.0635,3.0645,3.062,3.063,3.0685,3.0695,3.067,3.068,17
2026-05-26 13:34:00,3.0625,3.069,3.062,3.0645,3.0675,3.074,3.067,3.0695,34
2026-05-26 13:35:00,3.0625,3.0675,3.0615,3.0645,3.0675,3.0725,3.0665,3.0695,58
2026-05-26 13:36:00,3.065,3.0675,3.0645,3.066,3.07,3.0725,3.0695,3.071,40
2026-05-26 13:37:00,3.0665,3.0665,3.0656,3.066,3.0715,3.0715,3.0705,3.071,7
2026-05-26 13:38:00,3.0656,3.0665,3.0645,3.0665,3.0705,3.0715,3.0695,3.0715,9
2026-05-26 13:39:00,3.066,3.0675,3.065,3.0675,3.071,3.0725,3.07,3.0725,13
2026-05-26 13:40:00,3.0665,3.0705,3.0665,3.0695,3.0715,3.0755,3.0715,3.0745,18
2026-05-26 13:41:00,3.07,3.0736,3.07,3.0715,3.075,3.0785,3.075,3.0765,20
2026-05-26 13:42:00,3.072,3.0725,3.0685,3.0695,3.077,3.0775,3.0735,3.0745,22
2026-05-26 13:43:00,3.069,3.069,3.067,3.0675,3.074,3.074,3.072,3.0725,9
2026-05-26 13:44:00,3.0665,3.0695,3.0665,3.069,3.0715,3.0745,3.0715,3.074,8
2026-05-26 13:45:00,3.068,3.0685,3.0665,3.0685,3.073,3.0735,3.0715,3.0735,12
2026-05-26 13:46:00,3.0695,3.0695,3.0665,3.0675,3.0745,3.0745,3.0715,3.0725,7
2026-05-26 13:47:00,3.0665,3.0665,3.0656,3.0656,3.0715,3.0715,3.0705,3.0705,6
2026-05-26 13:48:00,3.0645,3.0705,3.0645,3.0705,3.0695,3.0755,3.0695,3.0755,11
2026-05-26 13:49:00,3.0725,3.0725,3.0705,3.0715,3.0775,3.0775,3.0755,3.0765,13
2026-05-26 13:50:00,3.0725,3.0725,3.0715,3.0725,3.0775,3.0775,3.0765,3.0775,7
2026-05-26 13:51:00,3.073,3.0745,3.0715,3.0736,3.078,3.0795,3.0765,3.0785,30
2026-05-26 13:52:00,3.073,3.0736,3.0715,3.072,3.078,3.0785,3.0765,3.077,15
2026-05-26 13:53:00,3.0715,3.072,3.0705,3.0705,3.0765,3.077,3.0755,3.0755,8
2026-05-26 13:54:00,3.0715,3.0715,3.0695,3.0715,3.0765,3.0765,3.0745,3.0765,10
2026-05-26 13:55:00,3.0705,3.0705,3.0635,3.065,3.0755,3.0755,3.0685,3.07,14
2026-05-26 13:56:00,3.0645,3.065,3.0555,3.06,3.0695,3.07,3.0605,3.065,67
2026-05-26 13:57:00,3.0605,3.0605,3.058,3.0585,3.0655,3.0655,3.063,3.0635,17
2026-05-26 13:58:00,3.056,3.0585,3.0545,3.0585,3.061,3.0635,3.0595,3.0635,36
2026-05-26 13:59:00,3.0595,3.0615,3.0585,3.0615,3.0645,3.0665,3.0635,3.0665,10
2026-05-26 14:00:00,3.0625,3.0645,3.0605,3.0615,3.0675,3.0695,3.0655,3.0665,30
2026-05-26 14:01:00,3.0605,3.0656,3.0595,3.0635,3.0655,3.0705,3.0645,3.0685,27
2026-05-26 14:02:00,3.0645,3.071,3.0645,3.0665,3.0695,3.076,3.0695,3.0715,22
2026-05-26 14:03:00,3.0656,3.066,3.0605,3.0615,3.0705,3.071,3.0655,3.0665,17
2026-05-26 14:04:00,3.0605,3.0625,3.0605,3.061,3.0655,3.0675,3.0655,3.066,21
2026-05-26 14:05:00,3.0605,3.0605,3.0535,3.0565,3.0655,3.0655,3.0585,3.0615,37
2026-05-26 14:06:00,3.056,3.0585,3.054,3.0585,3.061,3.0635,3.059,3.0635,28
2026-05-26 14:07:00,3.0595,3.0615,3.0595,3.0615,3.0645,3.0665,3.0645,3.0665,8
2026-05-26 14:08:00,3.0625,3.0805,3.0615,3.0785,3.0675,3.0855,3.0665,3.0835,75
2026-05-26 14:09:00,3.0795,3.0805,3.0725,3.076,3.0845,3.0855,3.0775,3.081,50
2026-05-26 14:10:00,3.0765,3.0825,3.0765,3.0785,3.0815,3.0875,3.0815,3.0835,52
2026-05-26 14:11:00,3.078,3.0795,3.0755,3.0785,3.083,3.0845,3.0805,3.0835,36
2026-05-26 14:12:00,3.078,3.0845,3.077,3.0835,3.083,3.0895,3.082,3.0885,69
2026-05-26 14:13:00,3.083,3.084,3.0775,3.079,3.088,3.089,3.0825,3.084,35
2026-05-26 14:14:00,3.078,3.0785,3.0695,3.0725,3.083,3.0835,3.0745,3.0775,53
2026-05-26 14:15:00,3.072,3.0785,3.0705,3.0755,3.077,3.0835,3.0755,3.0805,61
2026-05-26 14:16:00,3.0745,3.0745,3.0685,3.0705,3.0795,3.0795,3.0735,3.0755,75
2026-05-26 14:17:00,3.0695,3.071,3.0656,3.071,3.0745,3.076,3.0705,3.076,23
2026-05-26 14:18:00,3.0705,3.0715,3.069,3.0705,3.0755,3.0765,3.074,3.0755,14
2026-05-26 14:19:00,3.0695,3.07,3.0665,3.0665,3.0745,3.075,3.0715,3.0715,23
2026-05-26 14:20:00,3.067,3.072,3.0656,3.069,3.072,3.077,3.0705,3.074,32
2026-05-26 14:21:00,3.0685,3.0705,3.0685,3.0695,3.0735,3.0755,3.0735,3.0745,20
2026-05-26 14:22:00,3.0685,3.0725,3.0685,3.0725,3.0735,3.0775,3.0735,3.0775,25
2026-05-26 14:23:00,3.0715,3.0715,3.0695,3.07,3.0765,3.0765,3.0745,3.075,10
2026-05-26 14:24:00,3.0705,3.0705,3.0685,3.069,3.0755,3.0755,3.0735,3.074,16
2026-05-26 14:25:00,3.07,3.0725,3.07,3.0725,3.075,3.0775,3.075,3.0775,15
2026-05-26 14:26:00,3.072,3.0765,3.072,3.0745,3.077,3.0815,3.077,3.0795,31
2026-05-26 14:27:00,3.075,3.0775,3.0725,3.0755,3.08,3.0825,3.0775,3.0805,31
2026-05-26 14:28:00,3.0775,3.085,3.0775,3.082,3.0825,3.09,3.0825,3.087,74
2026-05-26 14:29:00,3.0825,3.0825,3.0795,3.08,3.0875,3.0875,3.0845,3.085,26
2026-05-26 14:30:00,3.0805,3.0816,3.0775,3.0775,3.0855,3.0865,3.0825,3.0825,30
2026-05-26 14:31:00,3.078,3.0785,3.0775,3.0785,3.083,3.0835,3.0825,3.0835,20
2026-05-26 14:32:00,3.0795,3.0816,3.074,3.0795,3.0845,3.0865,3.079,3.0845,31
2026-05-26 14:33:00,3.0785,3.0785,3.0745,3.0745,3.0835,3.0835,3.0795,3.0795,29
2026-05-26 14:34:00,3.0755,3.0765,3.0736,3.0745,3.0805,3.0815,3.0785,3.0795,8
2026-05-26 14:35:00,3.0755,3.0785,3.0736,3.0775,3.0805,3.0835,3.0785,3.0825,34
2026-05-26 14:36:00,3.0785,3.0795,3.0755,3.0785,3.0835,3.0845,3.0805,3.0835,45
2026-05-26 14:37:00,3.0795,3.0795,3.0765,3.0775,3.0845,3.0845,3.0815,3.0825,16
2026-05-26 14:38:00,3.0785,3.0785,3.074,3.0755,3.0835,3.0835,3.079,3.0805,16
2026-05-26 14:39:00,3.075,3.0765,3.0745,3.0765,3.08,3.0815,3.0795,3.0815,12
2026-05-26 14:40:00,3.077,3.077,3.0715,3.0725,3.082,3.082,3.0765,3.0775,36
2026-05-26 14:41:00,3.0736,3.0736,3.0685,3.07,3.0785,3.0785,3.0735,3.075,45
2026-05-26 14:42:00,3.0705,3.0705,3.0656,3.0656,3.0755,3.0755,3.0705,3.0705,36
2026-05-26 14:43:00,3.066,3.0705,3.0656,3.0705,3.071,3.0755,3.0705,3.0755,28
2026-05-26 14:44:00,3.0715,3.0745,3.0715,3.0745,3.0765,3.0795,3.0765,3.0795,20
2026-05-26 14:45:00,3.0736,3.0736,3.067,3.0675,3.0785,3.0785,3.072,3.0725,22
2026-05-26 14:46:00,3.0665,3.0665,3.0545,3.0565,3.0715,3.0715,3.0595,3.0615,97
2026-05-26 14:47:00,3.0576,3.0605,3.0565,3.059,3.0625,3.0655,3.0615,3.064,25
2026-05-26 14:48:00,3.0585,3.0605,3.0585,3.0595,3.0635,3.0655,3.0635,3.0645,21
2026-05-26 14:49:00,3.0605,3.0635,3.0585,3.0595,3.0655,3.0685,3.0635,3.0645,32
2026-05-26 14:50:00,3.0605,3.0605,3.054,3.0576,3.0655,3.0655,3.059,3.0625,44
2026-05-26 14:51:00,3.057,3.057,3.0505,3.0545,3.062,3.062,3.0555,3.0595,61
2026-05-26 14:52:00,3.0535,3.0545,3.0485,3.0545,3.0585,3.0595,3.0535,3.0595,31
2026-05-26 14:53:00,3.0555,3.0605,3.0555,3.0585,3.0605,3.0655,3.0605,3.0635,41
2026-05-26 14:54:00,3.0576,3.0595,3.0576,3.0576,3.0625,3.0645,3.0625,3.0625,10
2026-05-26 14:55:00,3.0585,3.0605,3.0576,3.0595,3.0635,3.0655,3.0625,3.0645,33
2026-05-26 14:56:00,3.0585,3.0595,3.0545,3.0555,3.0635,3.0645,3.0595,3.0605,46
2026-05-26 14:57:00,3.0545,3.0585,3.0545,3.0585,3.0595,3.0635,3.0595,3.0635,16
2026-05-26 14:58:00,3.059,3.059,3.052,3.0555,3.064,3.064,3.057,3.0605,33
2026-05-26 14:59:00,3.0565,3.0576,3.0545,3.057,3.0615,3.0625,3.0595,3.062,21
2026-05-26 15:00:00,3.0576,3.0715,3.0576,3.0675,3.0625,3.0765,3.0625,3.0725,138
2026-05-26 15:01:00,3.0665,3.0725,3.0665,3.0695,3.0715,3.0775,3.0715,3.0745,70
2026-05-26 15:02:00,3.0685,3.0765,3.0675,3.0755,3.0735,3.0815,3.0725,3.0805,56
2026-05-26 15:03:00,3.0765,3.0816,3.0745,3.0805,3.0815,3.0865,3.0795,3.0855,43
2026-05-26 15:04:00,3.0795,3.0805,3.0755,3.0795,3.0845,3.0855,3.0805,3.0845,34
2026-05-26 15:05:00,3.08,3.0805,3.0755,3.0775,3.085,3.0855,3.0805,3.0825,40
2026-05-26 15:06:00,3.0785,3.0825,3.0775,3.0805,3.0835,3.0875,3.0825,3.0855,45
2026-05-26 15:07:00,3.0795,3.0855,3.0795,3.0835,3.0845,3.0905,3.0845,3.0885,34
2026-05-26 15:08:00,3.0825,3.084,3.0785,3.0805,3.0875,3.089,3.0835,3.0855,26
2026-05-26 15:09:00,3.081,3.0816,3.0765,3.0795,3.086,3.0865,3.0815,3.0845,33
2026-05-26 15:10:00,3.0785,3.0785,3.0736,3.0755,3.0835,3.0835,3.0785,3.0805,25
2026-05-26 15:11:00,3.076,3.076,3.0725,3.0736,3.081,3.081,3.0775,3.0785,30
2026-05-26 15:12:00,3.0745,3.0755,3.0736,3.0736,3.0795,3.0805,3.0785,3.0785,15
2026-05-26 15:13:00,3.0725,3.0755,3.0725,3.0745,3.0775,3.0805,3.0775,3.0795,11
2026-05-26 15:14:00,3.0755,3.0785,3.0715,3.0715,3.0805,3.0835,3.0765,3.0765,22
2026-05-26 15:15:00,3.0705,3.0715,3.0685,3.0715,3.0755,3.0765,3.0735,3.0765,23
2026-05-26 15:16:00,3.0705,3.0765,3.0705,3.0755,3.0755,3.0815,3.0755,3.0805,21
2026-05-26 15:17:00,3.0765,3.0765,3.0725,3.0745,3.0815,3.0815,3.0775,3.0795,16
2026-05-26 15:18:00,3.075,3.0775,3.0745,3.0745,3.08,3.0825,3.0795,3.0795,16
2026-05-26 15:19:00,3.0755,3.0785,3.0755,3.0775,3.0805,3.0835,3.0805,3.0825,10
2026-05-26 15:20:00,3.0765,3.0785,3.0765,3.0785,3.0815,3.0835,3.0815,3.0835,20
2026-05-26 15:21:00,3.0795,3.0825,3.0795,3.0816,3.0845,3.0875,3.0845,3.0865,19
2026-05-26 15:22:00,3.0805,3.0825,3.0805,3.0825,3.0855,3.0875,3.0855,3.0875,7
2026-05-26 15:23:00,3.0835,3.0865,3.0816,3.0835,3.0885,3.0915,3.0865,3.0885,41
2026-05-26 15:24:00,3.0845,3.0855,3.0816,3.0825,3.0895,3.0905,3.0865,3.0875,25
2026-05-26 15:25:00,3.0835,3.0835,3.0816,3.0835,3.0885,3.0885,3.0865,3.0885,9
2026-05-26 15:26:00,3.0845,3.0845,3.0825,3.0845,3.0895,3.0895,3.0875,3.0895,19
2026-05-26 15:27:00,3.0855,3.0855,3.0816,3.084,3.0905,3.0905,3.0865,3.089,19
2026-05-26 15:28:00,3.0835,3.0855,3.0816,3.0835,3.0885,3.0905,3.0865,3.0885,17
2026-05-26 15:29:00,3.0825,3.083,3.0765,3.0765,3.0875,3.088,3.0815,3.0815,40
2026-05-26 15:30:00,3.0775,3.079,3.0765,3.0775,3.0825,3.084,3.0815,3.0825,36
2026-05-26 15:31:00,3.0785,3.0845,3.0785,3.0835,3.0835,3.0895,3.0835,3.0885,36
2026-05-26 15:32:00,3.084,3.0855,3.0816,3.0825,3.089,3.0905,3.0865,3.0875,19
2026-05-26 15:33:00,3.082,3.082,3.0805,3.0816,3.087,3.087,3.0855,3.0865,10
2026-05-26 15:34:00,3.0825,3.0835,3.0816,3.0825,3.0875,3.0885,3.0865,3.0875,23
2026-05-26 15:35:00,3.0835,3.0845,3.0775,3.0785,3.0885,3.0895,3.0825,3.0835,24
2026-05-26 15:36:00,3.079,3.0825,3.0785,3.0816,3.084,3.0875,3.0835,3.0865,20
2026-05-26 15:37:00,3.0825,3.0845,3.0816,3.0816,3.0875,3.0895,3.0865,3.0865,16
2026-05-26 15:38:00,3.0805,3.0805,3.0775,3.0795,3.0855,3.0855,3.0825,3.0845,12
2026-05-26 15:39:00,3.0805,3.0805,3.0765,3.077,3.0855,3.0855,3.0815,3.082,30
2026-05-26 15:40:00,3.0775,3.0805,3.0765,3.0785,3.0825,3.0855,3.0815,3.0835,29
2026-05-26 15:41:00,3.079,3.0845,3.0775,3.0816,3.084,3.0895,3.0825,3.0865,40
2026-05-26 15:42:00,3.0825,3.0835,3.0805,3.0805,3.0875,3.0885,3.0855,3.0855,9
2026-05-26 15:43:00,3.0795,3.0816,3.0775,3.0816,3.0845,3.0865,3.0825,3.0865,13
2026-05-26 15:44:00,3.0825,3.0835,3.0805,3.0805,3.0875,3.0885,3.0855,3.0855,35
2026-05-26 15:45:00,3.081,3.0816,3.0785,3.0805,3.086,3.0865,3.0835,3.0855,21
2026-05-26 15:46:00,3.0816,3.0835,3.0816,3.0816,3.0865,3.0885,3.0865,3.0865,8
2026-05-26 15:47:00,3.0825,3.0835,3.0825,3.0835,3.0875,3.0885,3.0875,3.0885,3
2026-05-26 15:48:00,3.0825,3.0865,3.0805,3.0805,3.0875,3.0915,3.0855,3.0855,74
2026-05-26 15:49:00,3.0816,3.0885,3.0816,3.0885,3.0865,3.0935,3.0865,3.0935,74
2026-05-26 15:50:00,3.089,3.0985,3.0875,3.0945,3.094,3.1035,3.0925,3.0995,83
2026-05-26 15:51:00,3.0955,3.0955,3.0885,3.0905,3.1005,3.1005,3.0935,3.0955,30
2026-05-26 15:52:00,3.09,3.0935,3.0885,3.0925,3.095,3.0985,3.0935,3.0975,19
2026-05-26 15:53:00,3.0935,3.0976,3.0915,3.0915,3.0985,3.1025,3.0965,3.0965,44
2026-05-26 15:54:00,3.091,3.0935,3.0905,3.0925,3.096,3.0985,3.0955,3.0975,22
2026-05-26 15:55:00,3.0915,3.0925,3.0905,3.0905,3.0965,3.0975,3.0955,3.0955,38
2026-05-26 15:56:00,3.091,3.0925,3.0896,3.0925,3.096,3.0975,3.0945,3.0975,39
2026-05-26 15:57:00,3.0915,3.094,3.0915,3.094,3.0965,3.099,3.0965,3.099,30
2026-05-26 15:58:00,3.0935,3.0945,3.0905,3.0905,3.0985,3.0995,3.0955,3.0955,26
2026-05-26 15:59:00,3.0896,3.0905,3.0896,3.0896,3.0945,3.0955,3.0945,3.0945,19
2026-05-26 16:00:00,3.0905,3.0915,3.0885,3.0915,3.0955,3.0965,3.0935,3.0965,34
2026-05-26 16:01:00,3.0905,3.092,3.0885,3.0885,3.0955,3.097,3.0935,3.0935,11
2026-05-26 16:02:00,3.0896,3.0896,3.0855,3.0865,3.0945,3.0945,3.0905,3.0915,20
2026-05-26 16:03:00,3.0855,3.0855,3.0816,3.0825,3.0905,3.0905,3.0865,3.0875,35
2026-05-26 16:04:00,3.0835,3.0835,3.0805,3.0816,3.0885,3.0885,3.0855,3.0865,106
2026-05-26 16:05:00,3.0805,3.0825,3.0736,3.0755,3.0855,3.0875,3.0785,3.0805,84
2026-05-26 16:06:00,3.0745,3.0765,3.0715,3.0755,3.0795,3.0815,3.0765,3.0805,62
2026-05-26 16:07:00,3.0765,3.0765,3.0736,3.074,3.0815,3.0815,3.0785,3.079,30
2026-05-26 16:08:00,3.0745,3.076,3.0736,3.0736,3.0795,3.081,3.0785,3.0785,22
2026-05-26 16:09:00,3.0745,3.0755,3.0725,3.0736,3.0795,3.0805,3.0775,3.0785,15
2026-05-26 16:10:00,3.0725,3.0736,3.0635,3.0665,3.0775,3.0785,3.0685,3.0715,50
2026-05-26 16:11:00,3.0656,3.0715,3.0656,3.0715,3.0705,3.0765,3.0705,3.0765,21
2026-05-26 16:12:00,3.0725,3.0725,3.0715,3.0715,3.0775,3.0775,3.0765,3.0765,12
2026-05-26 16:13:00,3.0725,3.0736,3.0695,3.0705,3.0775,3.0785,3.0745,3.0755,23
2026-05-26 16:14:00,3.071,3.0725,3.0695,3.0715,3.076,3.0775,3.0745,3.0765,22
2026-05-26 16:15:00,3.0725,3.0745,3.0715,3.0736,3.0775,3.0795,3.0765,3.0785,13
2026-05-26 16:16:00,3.0725,3.074,3.0725,3.0736,3.0775,3.079,3.0775,3.0785,10
2026-05-26 16:17:00,3.0745,3.0745,3.074,3.0745,3.0795,3.0795,3.079,3.0795,3
2026-05-26 16:18:00,3.0736,3.0755,3.0736,3.0745,3.0785,3.0805,3.0785,3.0795,12
2026-05-26 16:19:00,3.0736,3.0745,3.0725,3.073,3.0785,3.0795,3.0775,3.078,13
2026-05-26 16:20:00,3.0725,3.0736,3.0705,3.0725,3.0775,3.0785,3.0755,3.0775,16
2026-05-26 16:21:00,3.0715,3.0736,3.0715,3.0725,3.0765,3.0785,3.0765,3.0775,11
2026-05-26 16:22:00,3.0715,3.0715,3.0705,3.0715,3.0765,3.0765,3.0755,3.0765,5
2026-05-26 16:23:00,3.0725,3.0725,3.0675,3.0685,3.0775,3.0775,3.0725,3.0735,16
2026-05-26 16:24:00,3.068,3.0685,3.0605,3.0625,3.073,3.0735,3.0655,3.0675,42
2026-05-26 16:25:00,3.0615,3.0656,3.0615,3.0656,3.0665,3.0705,3.0665,3.0705,24
2026-05-26 16:26:00,3.0665,3.0665,3.0635,3.0635,3.0715,3.0715,3.0685,3.0685,21
2026-05-26 16:27:00,3.0645,3.0645,3.0635,3.0645,3.0695,3.0695,3.0685,3.0695,15
2026-05-26 16:28:00,3.065,3.0665,3.0645,3.065,3.07,3.0715,3.0695,3.07,18
2026-05-26 16:29:00,3.0656,3.0656,3.0635,3.0645,3.0705,3.0705,3.0685,3.0695,12
2026-05-26 16:30:00,3.0635,3.0695,3.0635,3.0685,3.0685,3.0745,3.0685,3.0735,50
2026-05-26 16:31:00,3.0675,3.0705,3.0665,3.0705,3.0725,3.0755,3.0715,3.0755,26
2026-05-26 16:32:00,3.07,3.0725,3.0685,3.0705,3.075,3.0775,3.0735,3.0755,78
2026-05-26 16:33:00,3.07,3.0715,3.0695,3.0705,3.075,3.0765,3.0745,3.0755,50
2026-05-26 16:34:00,3.07,3.0795,3.0695,3.0785,3.075,3.0845,3.0745,3.0835,156
2026-05-26 16:35:00,3.0775,3.079,3.0745,3.075,3.0825,3.084,3.0795,3.08,92
2026-05-26 16:36:00,3.0745,3.076,3.0725,3.0755,3.0795,3.081,3.0775,3.0805,23
2026-05-26 16:37:00,3.0745,3.0785,3.0745,3.0785,3.0795,3.0835,3.0795,3.0835,13
2026-05-26 16:38:00,3.0775,3.0775,3.0755,3.0765,3.0825,3.0825,3.0805,3.0815,17
2026-05-26 16:39:00,3.0755,3.0775,3.0755,3.0765,3.0805,3.0825,3.0805,3.0815,19
2026-05-26 16:40:00,3.0775,3.0805,3.0765,3.0785,3.0825,3.0855,3.0815,3.0835,25
2026-05-26 16:41:00,3.0775,3.0795,3.0775,3.0795,3.0825,3.0845,3.0825,3.0845,3
2026-05-26 16:42:00,3.0805,3.0805,3.0736,3.0736,3.0855,3.0855,3.0785,3.0785,15
2026-05-26 16:43:00,3.0745,3.075,3.0736,3.0745,3.0795,3.08,3.0785,3.0795,13
2026-05-26 16:44:00,3.0736,3.074,3.0725,3.0725,3.0785,3.079,3.0775,3.0775,10
2026-05-26 16:45:00,3.0736,3.0745,3.0705,3.071,3.0785,3.0795,3.0755,3.076,24
2026-05-26 16:46:00,3.072,3.0725,3.0675,3.0695,3.077,3.0775,3.0725,3.0745,27
2026-05-26 16:47:00,3.0705,3.0705,3.0675,3.0685,3.0755,3.0755,3.0725,3.0735,13
2026-05-26 16:48:00,3.069,3.0725,3.0685,3.072,3.074,3.0775,3.0735,3.077,19
2026-05-26 16:49:00,3.0725,3.0736,3.0705,3.0705,3.0775,3.0785,3.0755,3.0755,26
2026-05-26 16:50:00,3.0695,3.0695,3.0675,3.0675,3.0745,3.0745,3.0725,3.0725,15
2026-05-26 16:51:00,3.0685,3.0715,3.0685,3.0705,3.0735,3.0765,3.0735,3.0755,11
2026-05-26 16:52:00,3.0695,3.071,3.0685,3.0705,3.0745,3.076,3.0735,3.0755,11
2026-05-26 16:53:00,3.0695,3.0725,3.069,3.0705,3.0745,3.0775,3.074,3.0755,32
2026-05-26 16:54:00,3.0695,3.0695,3.0605,3.0656,3.0745,3.0745,3.0655,3.0705,52
2026-05-26 16:55:00,3.065,3.0665,3.0635,3.0645,3.07,3.0715,3.0685,3.0695,20
2026-05-26 16:56:00,3.0656,3.0665,3.065,3.0665,3.0705,3.0715,3.07,3.0715,6
2026-05-26 16:57:00,3.0675,3.0675,3.0665,3.0675,3.0725,3.0725,3.0715,3.0725,10
2026-05-26 16:58:00,3.0665,3.0665,3.064,3.0645,3.0715,3.0715,3.069,3.0695,9
2026-05-26 16:59:00,3.0635,3.0645,3.0625,3.0635,3.0685,3.0695,3.0675,3.0685,22
2026-05-26 17:00:00,3.0645,3.0675,3.0635,3.0665,3.0695,3.0725,3.0685,3.0715,14
2026-05-26 17:01:00,3.0656,3.0656,3.0645,3.0656,3.0705,3.0705,3.0695,3.0705,3
2026-05-26 17:02:00,3.0665,3.0675,3.0645,3.0665,3.0715,3.0725,3.0695,3.0715,27
2026-05-26 17:03:00,3.0656,3.0656,3.0625,3.0645,3.0705,3.0705,3.0675,3.0695,32
2026-05-26 17:04:00,3.0656,3.0656,3.0645,3.0656,3.0705,3.0705,3.0695,3.0705,5
2026-05-26 17:05:00,3.0665,3.0665,3.0656,3.0665,3.0715,3.0715,3.0705,3.0715,5
2026-05-26 17:06:00,3.067,3.0675,3.0656,3.0665,3.072,3.0725,3.0705,3.0715,11
2026-05-26 17:07:00,3.0656,3.0665,3.0656,3.0656,3.0705,3.0715,3.0705,3.0705,8
2026-05-26 17:08:00,3.0665,3.0665,3.0635,3.0635,3.0715,3.0715,3.0685,3.0685,36
2026-05-26 17:09:00,3.064,3.0645,3.0635,3.0645,3.069,3.0695,3.0685,3.0695,7
2026-05-26 17:10:00,3.0635,3.0645,3.0625,3.0625,3.0685,3.0695,3.0675,3.0675,14
2026-05-26 17:11:00,3.063,3.0635,3.0625,3.0635,3.068,3.0685,3.0675,3.0685,5
2026-05-26 17:12:00,3.0625,3.0645,3.0625,3.0635,3.0675,3.0695,3.0675,3.0685,6
2026-05-26 17:13:00,3.064,3.0645,3.0625,3.0625,3.069,3.0695,3.0675,3.0675,18
2026-05-26 17:14:00,3.063,3.0635,3.0625,3.0635,3.068,3.0685,3.0675,3.0685,4
2026-05-26 17:15:00,3.063,3.0635,3.0615,3.063,3.068,3.0685,3.0665,3.068,31
2026-05-26 17:16:00,3.0625,3.0635,3.0615,3.0635,3.0675,3.0685,3.0665,3.0685,9
2026-05-26 17:17:00,3.063,3.0645,3.0625,3.0645,3.068,3.0695,3.0675,3.0695,6
2026-05-26 17:18:00,3.065,3.0656,3.0625,3.0625,3.07,3.0705,3.0675,3.0675,22
2026-05-26 17:19:00,3.0615,3.0635,3.0595,3.0625,3.0665,3.0685,3.0645,3.0675,41
2026-05-26 17:20:00,3.0615,3.0635,3.0595,3.0625,3.0665,3.0685,3.0645,3.0675,11
2026-05-26 17:21:00,3.0615,3.0615,3.0595,3.0605,3.0665,3.0665,3.0645,3.0655,7
2026-05-26 17:22:00,3.0595,3.0656,3.0595,3.0635,3.0645,3.0705,3.0645,3.0685,27
2026-05-26 17:23:00,3.0625,3.0635,3.0625,3.0635,3.0675,3.0685,3.0675,3.0685,8
2026-05-26 17:24:00,3.0625,3.0635,3.0605,3.0605,3.0675,3.0685,3.0655,3.0655,26
2026-05-26 17:25:00,3.0615,3.0625,3.0605,3.0615,3.0665,3.0675,3.0655,3.0665,7
2026-05-26 17:26:00,3.0625,3.0645,3.0625,3.0625,3.0675,3.0695,3.0675,3.0675,14
2026-05-26 17:27:00,3.0615,3.0615,3.0595,3.06,3.0665,3.0665,3.0645,3.065,5
2026-05-26 17:28:00,3.0605,3.0615,3.0585,3.0595,3.0655,3.0665,3.0635,3.0645,8
2026-05-26 17:29:00,3.0605,3.0605,3.0545,3.0565,3.0655,3.0655,3.0595,3.0615,62
2026-05-26 17:30:00,3.0576,3.063,3.0555,3.0625,3.0625,3.068,3.0605,3.0675,21
2026-05-26 17:31:00,3.063,3.063,3.0595,3.0605,3.068,3.068,3.0645,3.0655,19
2026-05-26 17:32:00,3.06,3.06,3.0535,3.0535,3.065,3.065,3.0585,3.0585,40
2026-05-26 17:33:00,3.0525,3.0545,3.0505,3.0545,3.0575,3.0595,3.0555,3.0595,19
2026-05-26 17:34:00,3.0555,3.0585,3.0555,3.0585,3.0605,3.0635,3.0605,3.0635,22
2026-05-26 17:35:00,3.0576,3.0585,3.0576,3.0585,3.0625,3.0635,3.0625,3.0635,2
2026-05-26 17:36:00,3.0595,3.0605,3.0595,3.0595,3.0645,3.0655,3.0645,3.0645,7
2026-05-26 17:37:00,3.0605,3.0605,3.0565,3.0585,3.0655,3.0655,3.0615,3.0635,7
2026-05-26 17:38:00,3.0595,3.0605,3.0595,3.0595,3.0645,3.0655,3.0645,3.0645,15
2026-05-26 17:39:00,3.0605,3.0605,3.0595,3.0595,3.0655,3.0655,3.0645,3.0645,2
2026-05-26 17:40:00,3.0585,3.0605,3.0576,3.0595,3.0635,3.0655,3.0625,3.0645,14
2026-05-26 17:41:00,3.0585,3.0585,3.0576,3.0576,3.0635,3.0635,3.0625,3.0625,11
2026-05-26 17:42:00,3.0565,3.0576,3.0555,3.0555,3.0615,3.0625,3.0605,3.0605,17
2026-05-26 17:43:00,3.056,3.0576,3.0555,3.0576,3.061,3.0625,3.0605,3.0625,11
2026-05-26 17:44:00,3.0565,3.0595,3.0565,3.0595,3.0615,3.0645,3.0615,3.0645,35
2026-05-26 17:45:00,3.0585,3.0585,3.0565,3.0576,3.0635,3.0635,3.0615,3.0625,14
2026-05-26 17:46:00,3.0585,3.0585,3.0576,3.0576,3.0635,3.0635,3.0625,3.0625,4
2026-05-26 17:47:00,3.0565,3.0576,3.0565,3.0576,3.0615,3.0625,3.0615,3.0625,9
2026-05-26 17:48:00,3.0585,3.0585,3.0585,3.0585,3.0635,3.0635,3.0635,3.0635,1
2026-05-26 17:49:00,3.0576,3.0595,3.0576,3.0585,3.0625,3.0645,3.0625,3.0635,11
2026-05-26 17:50:00,3.0595,3.0615,3.0595,3.0605,3.0645,3.0665,3.0645,3.0655,8
2026-05-26 17:51:00,3.0595,3.0615,3.0595,3.0615,3.0645,3.0665,3.0645,3.0665,19
2026-05-26 17:52:00,3.0605,3.0635,3.0605,3.0615,3.0655,3.0685,3.0655,3.0665,13
2026-05-26 17:53:00,3.061,3.0625,3.061,3.0625,3.066,3.0675,3.066,3.0675,3
2026-05-26 17:54:00,3.0635,3.0635,3.0625,3.0635,3.0685,3.0685,3.0675,3.0685,5
2026-05-26 17:55:00,3.0625,3.0635,3.0615,3.0635,3.0675,3.0685,3.0665,3.0685,11
2026-05-26 17:57:00,3.0645,3.0645,3.0625,3.0625,3.0695,3.0695,3.0675,3.0675,8
2026-05-26 17:58:00,3.0615,3.0625,3.0605,3.0615,3.0665,3.0675,3.0655,3.0665,15
2026-05-26 17:59:00,3.0625,3.0635,3.0615,3.0635,3.0675,3.0685,3.0665,3.0685,13
2026-05-26 18:00:00,3.0625,3.0635,3.0615,3.0615,3.0675,3.0685,3.0665,3.0665,14
2026-05-26 18:01:00,3.061,3.0615,3.0605,3.0615,3.066,3.0665,3.0655,3.0665,4
2026-05-26 18:02:00,3.0605,3.0615,3.0605,3.0615,3.0655,3.0665,3.0655,3.0665,6
2026-05-26 18:03:00,3.0625,3.0625,3.0555,3.0576,3.0675,3.0675,3.0605,3.0625,14
2026-05-26 18:04:00,3.0585,3.0585,3.0565,3.0565,3.0635,3.0635,3.0615,3.0615,10
2026-05-26 18:05:00,3.0576,3.0576,3.0576,3.0576,3.0625,3.0625,3.0625,3.0625,1
2026-05-26 18:06:00,3.0585,3.0585,3.0576,3.0585,3.0635,3.0635,3.0625,3.0635,5
2026-05-26 18:07:00,3.0576,3.0585,3.0555,3.0555,3.0625,3.0635,3.0605,3.0605,16
2026-05-26 18:08:00,3.0545,3.0555,3.0545,3.0555,3.0595,3.0605,3.0595,3.0605,2
2026-05-26 18:09:00,3.0565,3.0576,3.0535,3.0545,3.0615,3.0625,3.0585,3.0595,13
2026-05-26 18:10:00,3.0555,3.0555,3.0545,3.0555,3.0605,3.0605,3.0595,3.0605,5
2026-05-26 18:11:00,3.0565,3.0565,3.0555,3.0555,3.0615,3.0615,3.0605,3.0605,9
2026-05-26 18:12:00,3.0565,3.0576,3.0565,3.0565,3.0615,3.0625,3.0615,3.0615,8
2026-05-26 18:13:00,3.0555,3.0555,3.0545,3.0545,3.0605,3.0605,3.0595,3.0595,2
2026-05-26 18:14:00,3.0555,3.0555,3.0555,3.0555,3.0605,3.0605,3.0605,3.0605,1
2026-05-26 18:15:00,3.055,3.0555,3.0545,3.0555,3.06,3.0605,3.0595,3.0605,7
2026-05-26 18:16:00,3.0565,3.0565,3.0525,3.0535,3.0615,3.0615,3.0575,3.0585,19
2026-05-26 18:17:00,3.054,3.0545,3.0535,3.0545,3.059,3.0595,3.0585,3.0595,17
2026-05-26 18:18:00,3.0535,3.0535,3.0535,3.0535,3.0585,3.0585,3.0585,3.0585,1
2026-05-26 18:19:00,3.0545,3.0585,3.0545,3.0576,3.0595,3.0635,3.0595,3.0625,6
2026-05-26 18:20:00,3.0585,3.0585,3.0585,3.0585,3.0635,3.0635,3.0635,3.0635,1
2026-05-26 18:21:00,3.0595,3.0605,3.0585,3.0585,3.0645,3.0655,3.0635,3.0635,22
2026-05-26 18:22:00,3.0576,3.0585,3.0576,3.0576,3.0625,3.0635,3.0625,3.0625,11
2026-05-26 18:23:00,3.058,3.0585,3.0565,3.057,3.063,3.0635,3.0615,3.062,12
2026-05-26 18:24:00,3.0576,3.0576,3.0565,3.0565,3.0625,3.0625,3.0615,3.0615,4
2026-05-26 18:25:00,3.0555,3.0555,3.0515,3.0535,3.0605,3.0605,3.0565,3.0585,22
2026-05-26 18:26:00,3.0525,3.0525,3.0505,3.0525,3.0575,3.0575,3.0555,3.0575,16
2026-05-26 18:27:00,3.0515,3.0555,3.0515,3.0545,3.0565,3.0605,3.0565,3.0595,28
2026-05-26 18:28:00,3.055,3.0555,3.0525,3.0535,3.06,3.0605,3.0575,3.0585,12
2026-05-26 18:29:00,3.0545,3.0555,3.0535,3.0535,3.0595,3.0605,3.0585,3.0585,20
2026-05-26 18:30:00,3.054,3.0545,3.0505,3.0525,3.059,3.0595,3.0555,3.0575,48
2026-05-26 18:31:00,3.0515,3.0545,3.0515,3.0535,3.0565,3.0595,3.0565,3.0585,16
2026-05-26 18:32:00,3.0545,3.0545,3.0535,3.0545,3.0595,3.0595,3.0585,3.0595,13
2026-05-26 18:33:00,3.0535,3.054,3.0505,3.053,3.0585,3.059,3.0555,3.058,37
2026-05-26 18:34:00,3.0525,3.0555,3.0515,3.055,3.0575,3.0605,3.0565,3.06,30
2026-05-26 18:35:00,3.0555,3.0555,3.0545,3.0555,3.0605,3.0605,3.0595,3.0605,11
2026-05-26 18:36:00,3.0545,3.0565,3.0525,3.0535,3.0595,3.0615,3.0575,3.0585,20
2026-05-26 18:37:00,3.053,3.0535,3.0525,3.053,3.058,3.0585,3.0575,3.058,9
2026-05-26 18:38:00,3.0535,3.0535,3.0515,3.0515,3.0585,3.0585,3.0565,3.0565,8
2026-05-26 18:39:00,3.0525,3.0525,3.0515,3.0515,3.0575,3.0575,3.0565,3.0565,2
2026-05-26 18:40:00,3.0525,3.0525,3.0515,3.052,3.0575,3.0575,3.0565,3.057,13
2026-05-26 18:41:00,3.0515,3.0535,3.0515,3.0535,3.0565,3.0585,3.0565,3.0585,24
2026-05-26 18:42:00,3.0545,3.0565,3.0545,3.0555,3.0595,3.0615,3.0595,3.0605,19
2026-05-26 18:43:00,3.0545,3.0555,3.0535,3.0545,3.0595,3.0605,3.0585,3.0595,6
2026-05-26 18:44:00,3.0555,3.0555,3.0545,3.0555,3.0605,3.0605,3.0595,3.0605,8
2026-05-26 18:45:00,3.0545,3.0555,3.0525,3.0525,3.0595,3.0605,3.0575,3.0575,21
2026-05-26 18:46:00,3.0535,3.0535,3.0505,3.0505,3.0585,3.0585,3.0555,3.0555,19
2026-05-26 18:47:00,3.0515,3.0525,3.0505,3.0505,3.0565,3.0575,3.0555,3.0555,25
2026-05-26 18:48:00,3.051,3.0515,3.0505,3.0515,3.056,3.0565,3.0555,3.0565,5
2026-05-26 18:49:00,3.0505,3.0515,3.0495,3.0505,3.0555,3.0565,3.0545,3.0555,26
2026-05-26 18:50:00,3.05,3.0515,3.0495,3.0515,3.055,3.0565,3.0545,3.0565,7
2026-05-26 18:51:00,3.051,3.0515,3.0505,3.0515,3.056,3.0565,3.0555,3.0565,18
2026-05-26 18:53:00,3.0505,3.0515,3.0505,3.0505,3.0555,3.0565,3.0555,3.0555,4
2026-05-26 18:54:00,3.05,3.0535,3.05,3.0535,3.055,3.0585,3.055,3.0585,10
2026-05-26 18:55:00,3.0545,3.0585,3.0545,3.0576,3.0595,3.0635,3.0595,3.0625,34
2026-05-26 18:56:00,3.0565,3.0585,3.0555,3.0555,3.0615,3.0635,3.0605,3.0605,24
2026-05-26 18:57:00,3.056,3.0576,3.0555,3.0576,3.061,3.0625,3.0605,3.0625,13
2026-05-26 18:58:00,3.057,3.0595,3.057,3.0585,3.062,3.0645,3.062,3.0635,20
2026-05-26 18:59:00,3.0576,3.0585,3.0565,3.057,3.0625,3.0635,3.0615,3.062,17
2026-05-26 19:00:00,3.0565,3.0565,3.0515,3.052,3.0615,3.0615,3.0565,3.057,25
2026-05-26 19:01:00,3.0515,3.0535,3.0515,3.0535,3.0565,3.0585,3.0565,3.0585,7
2026-05-26 19:02:00,3.053,3.0535,3.0525,3.0525,3.058,3.0585,3.0575,3.0575,5
2026-05-26 19:03:00,3.0535,3.0545,3.0535,3.054,3.0585,3.0595,3.0585,3.059,42
2026-05-26 19:04:00,3.0535,3.0545,3.0525,3.0525,3.0585,3.0595,3.0575,3.0575,6
2026-05-26 19:06:00,3.0515,3.0515,3.0445,3.0465,3.0565,3.0565,3.0495,3.0515,63
2026-05-26 19:07:00,3.0455,3.0465,3.0455,3.0455,3.0505,3.0515,3.0505,3.0505,11
2026-05-26 19:08:00,3.0465,3.0465,3.0445,3.0465,3.0515,3.0515,3.0495,3.0515,13
2026-05-26 19:09:00,3.046,3.0475,3.046,3.047,3.051,3.0525,3.051,3.052,16
2026-05-26 19:10:00,3.0465,3.0475,3.0455,3.0465,3.0515,3.0525,3.0505,3.0515,45
2026-05-26 19:11:00,3.0455,3.0465,3.0455,3.0465,3.0505,3.0515,3.0505,3.0515,2
2026-05-26 19:12:00,3.046,3.0495,3.0455,3.0475,3.051,3.0545,3.0505,3.0525,11
2026-05-26 19:13:00,3.0485,3.0485,3.0475,3.0475,3.0535,3.0535,3.0525,3.0525,8
2026-05-26 19:14:00,3.0465,3.0475,3.0415,3.0425,3.0515,3.0525,3.0465,3.0475,35
2026-05-26 19:15:00,3.0415,3.0435,3.0385,3.0405,3.0465,3.0485,3.0435,3.0455,31
2026-05-26 19:16:00,3.0415,3.0445,3.0415,3.0435,3.0465,3.0495,3.0465,3.0485,16
2026-05-26 19:17:00,3.0445,3.0505,3.0435,3.045,3.0495,3.0555,3.0485,3.05,57
2026-05-26 19:18:00,3.0445,3.0445,3.0435,3.0445,3.0495,3.0495,3.0485,3.0495,19
2026-05-26 19:19:00,3.0435,3.0455,3.0435,3.0445,3.0485,3.0505,3.0485,3.0495,9
2026-05-26 19:20:00,3.0455,3.0455,3.0435,3.0435,3.0505,3.0505,3.0485,3.0485,3
2026-05-26 19:21:00,3.043,3.0435,3.0405,3.0405,3.048,3.0485,3.0455,3.0455,20
2026-05-26 19:22:00,3.0415,3.0415,3.0375,3.0415,3.0465,3.0465,3.0425,3.0465,19
2026-05-26 19:23:00,3.041,3.042,3.0395,3.0405,3.046,3.047,3.0445,3.0455,11
2026-05-26 19:24:00,3.0395,3.0405,3.0395,3.04,3.0445,3.0455,3.0445,3.045,4
2026-05-26 19:25:00,3.0405,3.0405,3.0375,3.0385,3.0455,3.0455,3.0425,3.0435,22
2026-05-26 19:26:00,3.0375,3.0395,3.0375,3.0395,3.0425,3.0445,3.0425,3.0445,9
2026-05-26 19:27:00,3.0405,3.0425,3.0405,3.0415,3.0455,3.0475,3.0455,3.0465,15
2026-05-26 19:28:00,3.0405,3.0415,3.0405,3.0415,3.0455,3.0465,3.0455,3.0465,6
2026-05-26 19:29:00,3.0405,3.0405,3.0395,3.04,3.0455,3.0455,3.0445,3.045,14
2026-05-26 19:30:00,3.0395,3.0425,3.0385,3.04,3.0445,3.0475,3.0435,3.045,22
2026-05-26 19:31:00,3.0395,3.0405,3.0375,3.0385,3.0445,3.0455,3.0425,3.0435,20
2026-05-26 19:32:00,3.0395,3.0395,3.0385,3.0385,3.0445,3.0445,3.0435,3.0435,12
2026-05-26 19:33:00,3.039,3.0405,3.0375,3.0395,3.044,3.0455,3.0425,3.0445,8
2026-05-26 19:34:00,3.0405,3.0415,3.0405,3.0405,3.0455,3.0465,3.0455,3.0455,3
2026-05-26 19:35:00,3.0395,3.0415,3.0395,3.0415,3.0445,3.0465,3.0445,3.0465,12
2026-05-26 19:36:00,3.0405,3.0405,3.0365,3.0395,3.0455,3.0455,3.0415,3.0445,12
2026-05-26 19:37:00,3.0385,3.0405,3.0385,3.0385,3.0435,3.0455,3.0435,3.0435,10
2026-05-26 19:38:00,3.0375,3.0385,3.0375,3.0375,3.0425,3.0435,3.0425,3.0425,8
2026-05-26 19:39:00,3.0385,3.0385,3.0335,3.0335,3.0435,3.0435,3.0385,3.0385,11
2026-05-26 19:40:00,3.0325,3.0355,3.0325,3.0355,3.0375,3.0405,3.0375,3.0405,29
2026-05-26 19:41:00,3.0345,3.0355,3.0345,3.0345,3.0395,3.0405,3.0395,3.0395,9
2026-05-26 19:42:00,3.0355,3.0355,3.0345,3.0345,3.0405,3.0405,3.0395,3.0395,8
2026-05-26 19:43:00,3.0335,3.0345,3.0325,3.0335,3.0385,3.0395,3.0375,3.0385,7
2026-05-26 19:44:00,3.0345,3.0365,3.0335,3.0335,3.0395,3.0415,3.0385,3.0385,23
2026-05-26 19:45:00,3.034,3.0345,3.0305,3.0315,3.039,3.0395,3.0355,3.0365,24
2026-05-26 19:46:00,3.0325,3.0325,3.0305,3.0325,3.0375,3.0375,3.0355,3.0375,31
2026-05-26 19:47:00,3.0335,3.0345,3.0335,3.0335,3.0385,3.0395,3.0385,3.0385,6
2026-05-26 19:48:00,3.0345,3.0345,3.0335,3.0345,3.0395,3.0395,3.0385,3.0395,9
2026-05-26 19:49:00,3.0335,3.0385,3.0335,3.0375,3.0385,3.0435,3.0385,3.0425,26
2026-05-26 19:50:00,3.037,3.0405,3.0365,3.0375,3.042,3.0455,3.0415,3.0425,32
2026-05-26 19:51:00,3.0385,3.0385,3.0375,3.0385,3.0435,3.0435,3.0425,3.0435,3
2026-05-26 19:52:00,3.0375,3.0395,3.0365,3.0375,3.0425,3.0445,3.0415,3.0425,28
2026-05-26 19:53:00,3.0365,3.0375,3.0365,3.0365,3.0415,3.0425,3.0415,3.0415,7
2026-05-26 19:54:00,3.037,3.037,3.0335,3.0345,3.042,3.042,3.0385,3.0395,10
2026-05-26 19:55:00,3.0335,3.0355,3.0335,3.0345,3.0385,3.0405,3.0385,3.0395,16
2026-05-26 19:56:00,3.0355,3.0365,3.0345,3.0355,3.0405,3.0415,3.0395,3.0405,24
2026-05-26 19:57:00,3.036,3.0365,3.0345,3.0345,3.041,3.0415,3.0395,3.0395,12
2026-05-26 19:58:00,3.0355,3.0355,3.0345,3.0345,3.0405,3.0405,3.0395,3.0395,8
2026-05-26 19:59:00,3.0335,3.0355,3.0335,3.0335,3.0385,3.0405,3.0385,3.0385,11
2026-05-26 20:00:00,3.0325,3.0355,3.0325,3.0335,3.0375,3.0405,3.0375,3.0385,30
2026-05-26 20:01:00,3.0345,3.0345,3.0325,3.0335,3.0395,3.0395,3.0375,3.0385,12
2026-05-26 20:02:00,3.0345,3.037,3.0345,3.0365,3.0395,3.042,3.0395,3.0415,11
2026-05-26 20:03:00,3.036,3.0395,3.036,3.0395,3.041,3.0445,3.041,3.0445,9
2026-05-26 20:04:00,3.0385,3.0395,3.0385,3.0395,3.0435,3.0445,3.0435,3.0445,6
2026-05-26 20:05:00,3.039,3.0405,3.0385,3.0405,3.044,3.0455,3.0435,3.0455,8
2026-05-26 20:06:00,3.0415,3.0455,3.0415,3.0435,3.0465,3.0505,3.0465,3.0485,30
2026-05-26 20:07:00,3.043,3.0435,3.0425,3.0425,3.048,3.0485,3.0475,3.0475,21
2026-05-26 20:08:00,3.0435,3.0435,3.0415,3.042,3.0485,3.0485,3.0465,3.047,29
2026-05-26 20:09:00,3.0425,3.0435,3.0385,3.0395,3.0475,3.0485,3.0435,3.0445,14
2026-05-26 20:10:00,3.0385,3.0425,3.0385,3.0405,3.0435,3.0475,3.0435,3.0455,14
2026-05-26 20:11:00,3.0395,3.0405,3.0385,3.0385,3.0445,3.0455,3.0435,3.0435,37
2026-05-26 20:12:00,3.0375,3.0385,3.0365,3.0375,3.0425,3.0435,3.0415,3.0425,16
2026-05-26 20:13:00,3.0385,3.0405,3.0375,3.0375,3.0435,3.0455,3.0425,3.0425,23
2026-05-26 20:14:00,3.0385,3.0385,3.0375,3.0375,3.0435,3.0435,3.0425,3.0425,11
2026-05-26 20:15:00,3.0365,3.0385,3.0335,3.0345,3.0415,3.0435,3.0385,3.0395,43
2026-05-26 20:16:00,3.0355,3.0375,3.0355,3.0365,3.0405,3.0425,3.0405,3.0415,16
2026-05-26 20:17:00,3.0355,3.0395,3.0355,3.038,3.0405,3.0445,3.0405,3.043,16
2026-05-26 20:18:00,3.0385,3.0395,3.0385,3.0395,3.0435,3.0445,3.0435,3.0445,14
2026-05-26 20:19:00,3.0385,3.0395,3.034,3.0345,3.0435,3.0445,3.039,3.0395,27
2026-05-26 20:20:00,3.0335,3.0355,3.0305,3.0315,3.0385,3.0405,3.0355,3.0365,57
2026-05-26 20:21:00,3.0325,3.0325,3.0275,3.0285,3.0375,3.0375,3.0325,3.0335,22
2026-05-26 20:22:00,3.0275,3.0305,3.0275,3.029,3.0325,3.0355,3.0325,3.034,33
2026-05-26 20:23:00,3.0285,3.0285,3.0255,3.0255,3.0335,3.0335,3.0305,3.0305,32
2026-05-26 20:24:00,3.026,3.0275,3.0245,3.0255,3.031,3.0325,3.0295,3.0305,65
2026-05-26 20:25:00,3.0245,3.0295,3.0245,3.0285,3.0295,3.0345,3.0295,3.0335,41
2026-05-26 20:26:00,3.0275,3.0275,3.0235,3.0235,3.0325,3.0325,3.0285,3.0285,53
2026-05-26 20:27:00,3.0225,3.0225,3.0185,3.0215,3.0275,3.0275,3.0235,3.0265,65
2026-05-26 20:28:00,3.0225,3.0225,3.0115,3.0125,3.0275,3.0275,3.0165,3.0175,162
2026-05-26 20:29:00,3.0135,3.0135,3.0035,3.0075,3.0185,3.0185,3.0085,3.0125,148
2026-05-26 20:30:00,3.008,3.0175,3.007,3.0175,3.013,3.0225,3.012,3.0225,68
2026-05-26 20:31:00,3.017,3.0195,3.0165,3.0195,3.022,3.0245,3.0215,3.0245,36
2026-05-26 20:32:00,3.019,3.0205,3.0165,3.0185,3.024,3.0255,3.0215,3.0235,42
2026-05-26 20:33:00,3.019,3.0195,3.0175,3.0185,3.024,3.0245,3.0225,3.0235,24
2026-05-26 20:34:00,3.0175,3.0185,3.0155,3.0165,3.0225,3.0235,3.0205,3.0215,31
2026-05-26 20:35:00,3.0155,3.0165,3.0135,3.0165,3.0205,3.0215,3.0185,3.0215,6
2026-05-26 20:36:00,3.016,3.0165,3.0145,3.015,3.021,3.0215,3.0195,3.02,21
2026-05-26 20:37:00,3.0155,3.0155,3.0145,3.0145,3.0205,3.0205,3.0195,3.0195,2
2026-05-26 20:38:00,3.0155,3.0155,3.0145,3.0155,3.0205,3.0205,3.0195,3.0205,12
2026-05-26 20:39:00,3.015,3.0155,3.0135,3.015,3.02,3.0205,3.0185,3.02,8
2026-05-26 20:40:00,3.0145,3.0155,3.0135,3.0155,3.0195,3.0205,3.0185,3.0205,13
2026-05-26 20:41:00,3.016,3.0185,3.015,3.0155,3.021,3.0235,3.02,3.0205,17
2026-05-26 20:42:00,3.0165,3.0165,3.0155,3.0155,3.0215,3.0215,3.0205,3.0205,10
2026-05-26 20:43:00,3.0145,3.0155,3.0145,3.0155,3.0195,3.0205,3.0195,3.0205,5
2026-05-26 20:44:00,3.016,3.0175,3.0155,3.0175,3.021,3.0225,3.0205,3.0225,7
2026-05-26 20:45:00,3.018,3.0195,3.0175,3.0185,3.023,3.0245,3.0225,3.0235,12
2026-05-26 20:46:00,3.019,3.0205,3.019,3.0205,3.024,3.0255,3.024,3.0255,4
2026-05-26 20:47:00,3.0195,3.0215,3.0195,3.0195,3.0245,3.0265,3.0245,3.0245,9
2026-05-26 20:48:00,3.0205,3.0205,3.0195,3.0205,3.0255,3.0255,3.0245,3.0255,3
2026-05-26 20:49:00,3.0195,3.0205,3.0195,3.0205,3.0245,3.0255,3.0245,3.0255,4
2026-05-26 20:50:00,3.0195,3.0205,3.0185,3.02,3.0245,3.0255,3.0235,3.025,11
2026-05-26 20:51:00,3.0205,3.0205,3.0195,3.0205,3.0255,3.0255,3.0245,3.0255,11
2026-05-26 20:52:00,3.0215,3.0215,3.0215,3.0215,3.0265,3.0265,3.0265,3.0265,1
2026-05-26 20:53:00,3.0205,3.0205,3.0185,3.0185,3.0255,3.0255,3.0235,3.0235,6
2026-05-26 20:54:00,3.0195,3.0195,3.0185,3.0195,3.0245,3.0245,3.0235,3.0245,10
2026-05-26 20:55:00,3.019,3.0195,3.0175,3.0185,3.024,3.0245,3.0225,3.0235,23
2026-05-26 20:56:00,3.0175,3.0205,3.0175,3.0185,3.0225,3.0255,3.0225,3.0235,6
2026-05-26 20:57:00,3.019,3.0195,3.0185,3.0185,3.024,3.0245,3.0235,3.0235,4
2026-05-26 20:58:00,3.018,3.0185,3.0165,3.0185,3.023,3.0235,3.0215,3.0235,12
2026-05-26 20:59:00,3.0175,3.0175,3.0165,3.0175,3.0225,3.0225,3.0215,3.0225,3
2026-05-26 21:00:00,3.0155,3.0175,3.0145,3.0165,3.0205,3.0225,3.0195,3.0215,26
2026-05-26 21:01:00,3.0155,3.016,3.015,3.0155,3.0205,3.021,3.02,3.0205,5
2026-05-26 21:02:00,3.0145,3.0155,3.0125,3.0135,3.0195,3.0205,3.0175,3.0185,9
2026-05-26 21:03:00,3.013,3.0135,3.0125,3.0135,3.018,3.0185,3.0175,3.0185,17
2026-05-26 21:04:00,3.0145,3.0145,3.0145,3.0145,3.0195,3.0195,3.0195,3.0195,1
2026-05-26 21:05:00,3.0135,3.0135,3.0135,3.0135,3.0185,3.0185,3.0185,3.0185,1
2026-05-26 21:07:00,3.0145,3.0145,3.0145,3.0145,3.0195,3.0195,3.0195,3.0195,1
2026-05-26 21:08:00,3.014,3.0145,3.0135,3.0135,3.019,3.0195,3.0185,3.0185,5
2026-05-26 21:09:00,3.0145,3.0145,3.0135,3.0145,3.0195,3.0195,3.0185,3.0195,3
2026-05-26 21:10:00,3.015,3.0155,3.0145,3.0145,3.02,3.0205,3.0195,3.0195,5
2026-05-26 21:11:00,3.0135,3.0155,3.0135,3.0155,3.0185,3.0205,3.0185,3.0205,5
2026-05-26 21:14:00,3.0165,3.0165,3.0165,3.0165,3.0215,3.0215,3.0215,3.0215,1
2026-05-26 21:15:00,3.0175,3.0195,3.0165,3.0175,3.0225,3.0245,3.0215,3.0225,25
2026-05-26 21:16:00,3.0185,3.0185,3.018,3.018,3.0235,3.0235,3.023,3.023,2
2026-05-26 21:17:00,3.0185,3.0185,3.0175,3.0185,3.0235,3.0235,3.0225,3.0235,5
2026-05-26 21:18:00,3.0175,3.0185,3.0175,3.0185,3.0225,3.0235,3.0225,3.0235,2
2026-05-26 21:19:00,3.019,3.0195,3.0185,3.0195,3.024,3.0245,3.0235,3.0245,10
2026-05-26 21:20:00,3.0185,3.0185,3.0185,3.0185,3.0235,3.0235,3.0235,3.0235,1
2026-05-26 21:21:00,3.0175,3.0185,3.0175,3.0185,3.0225,3.0235,3.0225,3.0235,7
2026-05-26 21:22:00,3.0175,3.0175,3.0175,3.0175,3.0225,3.0225,3.0225,3.0225,1
2026-05-26 21:23:00,3.0185,3.0185,3.0185,3.0185,3.0235,3.0235,3.0235,3.0235,1
2026-05-26 21:24:00,3.018,3.0185,3.018,3.0185,3.023,3.0235,3.023,3.0235,2
2026-05-26 21:25:00,3.0195,3.0215,3.019,3.0205,3.0245,3.0265,3.024,3.0255,9
2026-05-26 21:26:00,3.0195,3.0215,3.0195,3.0215,3.0245,3.0265,3.0245,3.0265,15
2026-05-26 21:27:00,3.0205,3.0215,3.0205,3.0215,3.0255,3.0265,3.0255,3.0265,2
2026-05-26 21:28:00,3.0205,3.0205,3.0205,3.0205,3.0255,3.0255,3.0255,3.0255,1
2026-05-26 21:29:00,3.02,3.0205,3.0195,3.0205,3.025,3.0255,3.0245,3.0255,9
2026-05-26 21:31:00,3.0215,3.0215,3.0185,3.0195,3.0265,3.0265,3.0235,3.0245,7
2026-05-26 21:32:00,3.0185,3.0185,3.0175,3.0175,3.0235,3.0235,3.0225,3.0225,6
2026-05-26 21:33:00,3.018,3.0185,3.018,3.0185,3.023,3.0235,3.023,3.0235,8
2026-05-26 21:34:00,3.0195,3.0195,3.0165,3.0185,3.0245,3.0245,3.0215,3.0235,12
2026-05-26 21:35:00,3.018,3.0185,3.0165,3.0165,3.023,3.0235,3.0215,3.0215,9
2026-05-26 21:36:00,3.0155,3.0165,3.0155,3.0165,3.0205,3.0215,3.0205,3.0215,5
2026-05-26 21:37:00,3.016,3.016,3.0135,3.0155,3.021,3.021,3.0185,3.0205,14
2026-05-26 21:38:00,3.016,3.016,3.0145,3.0155,3.021,3.021,3.0195,3.0205,12
2026-05-26 21:39:00,3.0145,3.0165,3.0145,3.0155,3.0195,3.0215,3.0195,3.0205,9
2026-05-26 21:40:00,3.0145,3.0145,3.0125,3.0145,3.0195,3.0195,3.0175,3.0195,6
2026-05-26 21:41:00,3.0155,3.017,3.0155,3.0155,3.0205,3.022,3.0205,3.0205,10
2026-05-26 21:42:00,3.016,3.0165,3.0145,3.0155,3.021,3.0215,3.0195,3.0205,11
2026-05-26 21:43:00,3.0145,3.0145,3.0145,3.0145,3.0195,3.0195,3.0195,3.0195,1
2026-05-26 21:44:00,3.0135,3.0145,3.0135,3.0135,3.0185,3.0195,3.0185,3.0185,3
2026-05-26 21:45:00,3.014,3.0145,3.0125,3.0135,3.019,3.0195,3.0175,3.0185,11
2026-05-26 21:46:00,3.0125,3.0135,3.0125,3.0135,3.0175,3.0185,3.0175,3.0185,5
2026-05-26 21:47:00,3.014,3.0145,3.014,3.0145,3.019,3.0195,3.019,3.0195,2
2026-05-26 21:48:00,3.0135,3.0135,3.0135,3.0135,3.0185,3.0185,3.0185,3.0185,1
2026-05-26 21:49:00,3.0125,3.0135,3.0125,3.0135,3.0175,3.0185,3.0175,3.0185,2
2026-05-26 21:50:00,3.014,3.0145,3.0135,3.0135,3.019,3.0195,3.0185,3.0185,16
2026-05-26 21:51:00,3.013,3.0135,3.0125,3.0125,3.018,3.0185,3.0175,3.0175,3
2026-05-26 21:52:00,3.013,3.013,3.0125,3.0125,3.018,3.018,3.0175,3.0175,2
2026-05-26 21:53:00,3.013,3.016,3.013,3.0155,3.018,3.021,3.018,3.0205,16
2026-05-26 21:54:00,3.0145,3.0155,3.0145,3.0155,3.0195,3.0205,3.0195,3.0205,2
2026-05-26 21:55:00,3.0165,3.0165,3.0155,3.0155,3.0215,3.0215,3.0205,3.0205,6
2026-05-26 21:56:00,3.015,3.0155,3.0145,3.0145,3.02,3.0205,3.0195,3.0195,4
2026-05-26 21:57:00,3.0155,3.0155,3.0145,3.0155,3.0205,3.0205,3.0195,3.0205,3
2026-05-26 21:58:00,3.0165,3.0165,3.0155,3.0155,3.0215,3.0215,3.0205,3.0205,7
2026-05-26 21:59:00,3.0165,3.018,3.0155,3.0155,3.0215,3.023,3.0205,3.0205,10
2026-05-26 22:00:00,3.016,3.016,3.0145,3.0155,3.021,3.021,3.0195,3.0205,6
2026-05-26 22:02:00,3.016,3.016,3.0155,3.0155,3.021,3.021,3.0205,3.0205,2
2026-05-26 22:03:00,3.0165,3.0165,3.0155,3.0155,3.0215,3.0215,3.0205,3.0205,7
2026-05-26 22:04:00,3.016,3.0165,3.0155,3.016,3.021,3.0215,3.0205,3.021,8
2026-05-26 22:05:00,3.0165,3.0165,3.016,3.016,3.0215,3.0215,3.021,3.021,2
2026-05-26 22:06:00,3.0165,3.0165,3.0165,3.0165,3.0215,3.0215,3.0215,3.0215,1
2026-05-26 22:07:00,3.016,3.016,3.016,3.016,3.021,3.021,3.021,3.021,1
2026-05-26 22:08:00,3.0155,3.0155,3.0145,3.0145,3.0205,3.0205,3.0195,3.0195,3
2026-05-26 22:09:00,3.015,3.0155,3.015,3.0155,3.02,3.0205,3.02,3.0205,2
2026-05-26 22:10:00,3.015,3.0155,3.015,3.015,3.02,3.0205,3.02,3.02,5
2026-05-26 22:12:00,3.0135,3.0155,3.0135,3.0155,3.0185,3.0205,3.0185,3.0205,5
2026-05-26 22:13:00,3.015,3.0155,3.015,3.0155,3.02,3.0205,3.02,3.0205,2
2026-05-26 22:16:00,3.016,3.016,3.0155,3.0155,3.021,3.021,3.0205,3.0205,2
2026-05-26 22:17:00,3.015,3.015,3.0145,3.015,3.02,3.02,3.0195,3.02,3
2026-05-26 22:18:00,3.0155,3.0155,3.0145,3.015,3.0205,3.0205,3.0195,3.02,6
2026-05-26 22:19:00,3.0155,3.0155,3.015,3.0155,3.0205,3.0205,3.02,3.0205,5
2026-05-26 22:20:00,3.015,3.015,3.0145,3.0145,3.02,3.02,3.0195,3.0195,2
2026-05-26 22:22:00,3.015,3.015,3.015,3.015,3.02,3.02,3.02,3.02,1
2026-05-26 22:23:00,3.0135,3.0135,3.0135,3.0135,3.0185,3.0185,3.0185,3.0185,1
2026-05-26 22:25:00,3.0145,3.0155,3.0135,3.0155,3.0195,3.0205,3.0185,3.0205,7
2026-05-26 22:29:00,3.015,3.015,3.0135,3.0135,3.02,3.02,3.0185,3.0185,10
2026-05-26 22:30:00,3.014,3.0145,3.0135,3.0135,3.019,3.0195,3.0185,3.0185,6
2026-05-26 22:31:00,3.0125,3.0125,3.0115,3.0115,3.0175,3.0175,3.0165,3.0165,2
2026-05-26 22:33:00,3.0105,3.0115,3.0105,3.0115,3.0155,3.0165,3.0155,3.0165,3
2026-05-26 22:34:00,3.0105,3.0105,3.0095,3.0105,3.0155,3.0155,3.0145,3.0155,3
2026-05-26 22:36:00,3.011,3.0115,3.011,3.0115,3.016,3.0165,3.016,3.0165,2
2026-05-26 22:37:00,3.011,3.011,3.0105,3.0105,3.016,3.016,3.0155,3.0155,2
2026-05-26 22:40:00,3.01,3.01,3.0095,3.0095,3.015,3.015,3.0145,3.0145,2
2026-05-26 22:43:00,3.0085,3.0095,3.0085,3.0095,3.0135,3.0145,3.0135,3.0145,4
2026-05-26 22:45:00,3.009,3.009,3.0075,3.0085,3.014,3.014,3.0125,3.0135,11
2026-05-26 22:46:00,3.008,3.0085,3.0055,3.007,3.013,3.0135,3.0105,3.012,18
2026-05-26 22:47:00,3.0075,3.0075,3.0055,3.006,3.0125,3.0125,3.0105,3.011,9
2026-05-26 22:48:00,3.0055,3.0065,3.0055,3.0055,3.0105,3.0115,3.0105,3.0105,7
2026-05-26 22:49:00,3.006,3.0085,3.0055,3.008,3.011,3.0135,3.0105,3.013,15
2026-05-26 22:50:00,3.0085,3.0105,3.0085,3.0095,3.0135,3.0155,3.0135,3.0145,7
2026-05-26 22:51:00,3.01,3.0105,3.009,3.01,3.015,3.0155,3.014,3.015,10
2026-05-26 22:52:00,3.0095,3.0095,3.0095,3.0095,3.0145,3.0145,3.0145,3.0145,1
2026-05-26 22:54:00,3.011,3.011,3.0095,3.01,3.016,3.016,3.0145,3.015,4
2026-05-26 22:55:00,3.0105,3.0105,3.0095,3.01,3.0155,3.0155,3.0145,3.015,7
2026-05-26 22:56:00,3.0095,3.0105,3.0095,3.01,3.0145,3.0155,3.0145,3.015,3
2026-05-26 22:57:00,3.0095,3.0115,3.0095,3.0105,3.0145,3.0165,3.0145,3.0155,18
2026-05-26 22:58:00,3.0095,3.0115,3.0095,3.011,3.0145,3.0165,3.0145,3.016,11
2026-05-26 22:59:00,3.0115,3.0115,3.0095,3.0108,3.0165,3.0165,3.0145,3.0158,21
2026-05-27 00:00:00,3.0128,3.0148,3.0128,3.0128,3.0178,3.0198,3.0178,3.0178,5
2026-05-27 00:01:00,3.0133,3.0138,3.0133,3.0133,3.0183,3.0188,3.0183,3.0183,3
2026-05-27 00:02:00,3.0138,3.0153,3.0138,3.0148,3.0188,3.0203,3.0188,3.0198,4
2026-05-27 00:03:00,3.0138,3.0138,3.0138,3.0138,3.0188,3.0188,3.0188,3.0188,1
2026-05-27 00:04:00,3.0133,3.0133,3.0133,3.0133,3.0183,3.0183,3.0183,3.0183,1
2026-05-27 00:05:00,3.0138,3.0138,3.0133,3.0133,3.0188,3.0188,3.0183,3.0183,2
2026-05-27 00:06:00,3.0128,3.0138,3.0128,3.0138,3.0178,3.0188,3.0178,3.0188,2
2026-05-27 00:09:00,3.0128,3.0148,3.0118,3.0118,3.0178,3.0198,3.0168,3.0168,7
2026-05-27 00:25:00,3.0108,3.0118,3.0108,3.0113,3.0158,3.0168,3.0158,3.0163,3
2026-05-27 00:26:00,3.0118,3.0118,3.0098,3.0098,3.0168,3.0168,3.0148,3.0148,6
2026-05-27 00:27:00,3.0108,3.0108,3.0108,3.0108,3.0158,3.0158,3.0158,3.0158,1
2026-05-27 00:28:00,3.0098,3.0098,3.0098,3.0098,3.0148,3.0148,3.0148,3.0148,1
2026-05-27 00:29:00,3.0108,3.0108,3.0108,3.0108,3.0158,3.0158,3.0158,3.0158,1
2026-05-27 00:32:00,3.0118,3.0118,3.0108,3.0118,3.0168,3.0168,3.0158,3.0168,3
2026-05-27 00:34:00,3.0128,3.0128,3.0128,3.0128,3.0178,3.0178,3.0178,3.0178,1
2026-05-27 00:44:00,3.0138,3.0138,3.0128,3.0138,3.0188,3.0188,3.0178,3.0188,5
2026-05-27 00:45:00,3.0148,3.0148,3.0138,3.0148,3.0198,3.0198,3.0188,3.0198,3
2026-05-27 00:54:00,3.0158,3.0168,3.0158,3.0168,3.0208,3.0218,3.0208,3.0218,8
2026-05-27 00:55:00,3.0158,3.0158,3.0148,3.0148,3.0208,3.0208,3.0198,3.0198,2
2026-05-27 00:56:00,3.0138,3.0148,3.0138,3.0148,3.0188,3.0198,3.0188,3.0198,5
2026-05-27 01:01:00,3.0153,3.0158,3.0153,3.0158,3.0203,3.0208,3.0203,3.0208,4
2026-05-27 01:02:00,3.0153,3.0153,3.0153,3.0153,3.0203,3.0203,3.0203,3.0203,1
2026-05-27 01:03:00,3.0158,3.0158,3.0158,3.0158,3.0208,3.0208,3.0208,3.0208,1
2026-05-27 01:04:00,3.0168,3.0168,3.0158,3.0158,3.0218,3.0218,3.0208,3.0208,6
2026-05-27 01:05:00,3.0163,3.0168,3.0158,3.0158,3.0213,3.0218,3.0208,3.0208,3
2026-05-27 01:07:00,3.0163,3.0163,3.0158,3.0158,3.0213,3.0213,3.0208,3.0208,2
2026-05-27 01:08:00,3.0148,3.0158,3.0148,3.0158,3.0198,3.0208,3.0198,3.0208,2
2026-05-27 01:11:00,3.0163,3.0168,3.0163,3.0168,3.0213,3.0218,3.0213,3.0218,2
2026-05-27 01:17:00,3.0158,3.0158,3.0158,3.0158,3.0208,3.0208,3.0208,3.0208,1
2026-05-27 01:23:00,3.0163,3.0168,3.0163,3.0168,3.0213,3.0218,3.0213,3.0218,2
2026-05-27 01:25:00,3.0158,3.0158,3.0158,3.0158,3.0208,3.0208,3.0208,3.0208,1
2026-05-27 01:31:00,3.0168,3.0168,3.0168,3.0168,3.0218,3.0218,3.0218,3.0218,1
2026-05-27 01:45:00,3.0158,3.0168,3.0158,3.0158,3.0208,3.0218,3.0208,3.0208,3
2026-05-27 01:47:00,3.0148,3.0148,3.0148,3.0148,3.0198,3.0198,3.0198,3.0198,1
2026-05-27 01:48:00,3.0143,3.0148,3.0133,3.0148,3.0193,3.0198,3.0183,3.0198,5
2026-05-27 01:49:00,3.0138,3.0138,3.0138,3.0138,3.0188,3.0188,3.0188,3.0188,1
2026-05-27 01:50:00,3.0148,3.0168,3.0148,3.0168,3.0198,3.0218,3.0198,3.0218,4
2026-05-27 01:51:00,3.0163,3.0163,3.0158,3.0158,3.0213,3.0213,3.0208,3.0208,2
2026-05-27 01:52:00,3.0163,3.0163,3.0158,3.0158,3.0213,3.0213,3.0208,3.0208,2
2026-05-27 01:53:00,3.0163,3.0163,3.0158,3.0158,3.0213,3.0213,3.0208,3.0208,2
2026-05-27 01:57:00,3.0168,3.0208,3.0168,3.0198,3.0218,3.0258,3.0218,3.0248,11
2026-05-27 01:58:00,3.0188,3.0188,3.0188,3.0188,3.0238,3.0238,3.0238,3.0238,1
2026-05-27 02:00:00,3.0183,3.0188,3.0183,3.0188,3.0233,3.0238,3.0233,3.0238,2
2026-05-27 02:01:00,3.0198,3.0198,3.0148,3.0158,3.0248,3.0248,3.0198,3.0208,13
2026-05-27 02:02:00,3.0153,3.0158,3.0148,3.0148,3.0203,3.0208,3.0198,3.0198,4
2026-05-27 02:03:00,3.0158,3.0168,3.0158,3.0168,3.0208,3.0218,3.0208,3.0218,2
2026-05-27 02:04:00,3.0173,3.0173,3.0168,3.0168,3.0223,3.0223,3.0218,3.0218,2
2026-05-27 02:06:00,3.0158,3.0158,3.0148,3.0153,3.0208,3.0208,3.0198,3.0203,3
2026-05-27 02:07:00,3.0148,3.0148,3.0128,3.0128,3.0198,3.0198,3.0178,3.0178,3
2026-05-27 02:08:00,3.0133,3.0138,3.0108,3.0108,3.0183,3.0188,3.0158,3.0158,11
2026-05-27 02:09:00,3.0103,3.0108,3.0098,3.0103,3.0153,3.0158,3.0148,3.0153,15
2026-05-27 02:10:00,3.0098,3.0108,3.0088,3.0093,3.0148,3.0158,3.0138,3.0143,9
2026-05-27 02:11:00,3.0088,3.0098,3.0088,3.0098,3.0138,3.0148,3.0138,3.0148,2
2026-05-27 02:13:00,3.0103,3.0108,3.0098,3.0098,3.0153,3.0158,3.0148,3.0148,4
2026-05-27 02:14:00,3.0108,3.0118,3.0108,3.0118,3.0158,3.0168,3.0158,3.0168,5
2026-05-27 02:15:00,3.0108,3.0108,3.0108,3.0108,3.0158,3.0158,3.0158,3.0158,1
2026-05-27 02:17:00,3.0098,3.0108,3.0098,3.0108,3.0148,3.0158,3.0148,3.0158,3
2026-05-27 02:21:00,3.0113,3.0118,3.0108,3.0108,3.0163,3.0168,3.0158,3.0158,4
2026-05-27 02:23:00,3.0113,3.0113,3.0113,3.0113,3.0163,3.0163,3.0163,3.0163,1
2026-05-27 02:24:00,3.0108,3.0108,3.0108,3.0108,3.0158,3.0158,3.0158,3.0158,1
2026-05-27 02:25:00,3.0118,3.0118,3.0098,3.0103,3.0168,3.0168,3.0148,3.0153,4
2026-05-27 02:26:00,3.0098,3.0108,3.0098,3.0103,3.0148,3.0158,3.0148,3.0153,3
2026-05-27 02:27:00,3.0108,3.0108,3.0103,3.0108,3.0158,3.0158,3.0153,3.0158,3
2026-05-27 02:28:00,3.0118,3.0118,3.0118,3.0118,3.0168,3.0168,3.0168,3.0168,1
2026-05-27 02:32:00,3.0128,3.0128,3.0118,3.0128,3.0178,3.0178,3.0168,3.0178,5
2026-05-27 02:39:00,3.0138,3.0138,3.0128,3.0128,3.0188,3.0188,3.0178,3.0178,3
2026-05-27 02:41:00,3.0133,3.0148,3.0128,3.0133,3.0183,3.0198,3.0178,3.0183,11
2026-05-27 02:42:00,3.0128,3.0128,3.0118,3.0128,3.0178,3.0178,3.0168,3.0178,3
2026-05-27 02:44:00,3.0118,3.0118,3.0118,3.0118,3.0168,3.0168,3.0168,3.0168,1
2026-05-27 02:45:00,3.0108,3.0108,3.0108,3.0108,3.0158,3.0158,3.0158,3.0158,1
2026-05-27 02:46:00,3.0128,3.0128,3.0118,3.0118,3.0178,3.0178,3.0168,3.0168,4
2026-05-27 02:57:00,3.0113,3.0118,3.0098,3.0113,3.0163,3.0168,3.0148,3.0163,12
2026-05-27 02:58:00,3.0108,3.0108,3.0108,3.0108,3.0158,3.0158,3.0158,3.0158,1
2026-05-27 02:59:00,3.0118,3.0118,3.0118,3.0118,3.0168,3.0168,3.0168,3.0168,1
2026-05-27 03:00:00,3.0128,3.0138,3.0078,3.0098,3.0178,3.0188,3.0128,3.0148,17
2026-05-27 03:01:00,3.0093,3.0093,3.0078,3.0078,3.0143,3.0143,3.0128,3.0128,13
2026-05-27 03:02:00,3.0068,3.0078,3.0063,3.0078,3.0118,3.0128,3.0113,3.0128,8
2026-05-27 03:03:00,3.0073,3.0078,3.0068,3.0073,3.0123,3.0128,3.0118,3.0123,5
2026-05-27 03:04:00,3.0068,3.0068,3.0068,3.0068,3.0118,3.0118,3.0118,3.0118,1
2026-05-27 03:05:00,3.0073,3.0078,3.0068,3.0073,3.0123,3.0128,3.0118,3.0123,7
2026-05-27 03:06:00,3.0068,3.0068,3.0048,3.0068,3.0118,3.0118,3.0098,3.0118,10
2026-05-27 03:07:00,3.0058,3.0068,3.0058,3.0058,3.0108,3.0118,3.0108,3.0108,4
2026-05-27 03:08:00,3.0053,3.0058,3.0053,3.0053,3.0103,3.0108,3.0103,3.0103,3
2026-05-27 03:09:00,3.0058,3.0058,3.0048,3.0058,3.0108,3.0108,3.0098,3.0108,4
2026-05-27 03:10:00,3.0063,3.0063,3.0058,3.0058,3.0113,3.0113,3.0108,3.0108,2
2026-05-27 03:11:00,3.0068,3.0068,3.0053,3.0058,3.0118,3.0118,3.0103,3.0108,7
2026-05-27 03:12:00,3.0053,3.0068,3.0048,3.0068,3.0103,3.0118,3.0098,3.0118,10
2026-05-27 03:13:00,3.0073,3.0073,3.0058,3.0068,3.0123,3.0123,3.0108,3.0118,6
2026-05-27 03:14:00,3.0073,3.0078,3.0068,3.0078,3.0123,3.0128,3.0118,3.0128,4
2026-05-27 03:15:00,3.0083,3.0093,3.0083,3.0088,3.0133,3.0143,3.0133,3.0138,4
2026-05-27 03:16:00,3.0083,3.0083,3.0083,3.0083,3.0133,3.0133,3.0133,3.0133,1
2026-05-27 03:17:00,3.0093,3.0093,3.0088,3.0093,3.0143,3.0143,3.0138,3.0143,3
2026-05-27 03:18:00,3.0088,3.0093,3.0088,3.0088,3.0138,3.0143,3.0138,3.0138,3
2026-05-27 03:19:00,3.0093,3.0093,3.0093,3.0093,3.0143,3.0143,3.0143,3.0143,1
2026-05-27 03:20:00,3.0088,3.0093,3.0088,3.0093,3.0138,3.0143,3.0138,3.0143,4
2026-05-27 03:21:00,3.0088,3.0088,3.0078,3.0078,3.0138,3.0138,3.0128,3.0128,3
2026-05-27 03:22:00,3.0088,3.0088,3.0078,3.0088,3.0138,3.0138,3.0128,3.0138,3
2026-05-27 03:25:00,3.0093,3.0093,3.0093,3.0093,3.0143,3.0143,3.0143,3.0143,1
2026-05-27 03:26:00,3.0088,3.0098,3.0088,3.0098,3.0138,3.0148,3.0138,3.0148,5
2026-05-27 03:27:00,3.0103,3.0103,3.0103,3.0103,3.0153,3.0153,3.0153,3.0153,1
2026-05-27 03:29:00,3.0108,3.0108,3.0098,3.0103,3.0158,3.0158,3.0148,3.0153,4
2026-05-27 03:30:00,3.0098,3.0098,3.0098,3.0098,3.0148,3.0148,3.0148,3.0148,1
2026-05-27 03:32:00,3.0103,3.0108,3.0088,3.0093,3.0153,3.0158,3.0138,3.0143,6
2026-05-27 03:33:00,3.0098,3.0098,3.0078,3.0083,3.0148,3.0148,3.0128,3.0133,5
2026-05-27 03:34:00,3.0088,3.0088,3.0088,3.0088,3.0138,3.0138,3.0138,3.0138,1
2026-05-27 03:35:00,3.0093,3.0093,3.0093,3.0093,3.0143,3.0143,3.0143,3.0143,1
2026-05-27 03:36:00,3.0088,3.0088,3.0088,3.0088,3.0138,3.0138,3.0138,3.0138,1
2026-05-27 03:40:00,3.0078,3.0088,3.0078,3.0088,3.0128,3.0138,3.0128,3.0138,2
2026-05-27 03:41:00,3.0098,3.0098,3.0088,3.0093,3.0148,3.0148,3.0138,3.0143,5
2026-05-27 03:42:00,3.0098,3.0098,3.0093,3.0093,3.0148,3.0148,3.0143,3.0143,2
2026-05-27 03:43:00,3.0098,3.0098,3.0088,3.0088,3.0148,3.0148,3.0138,3.0138,4
2026-05-27 03:45:00,3.0093,3.0093,3.0093,3.0093,3.0143,3.0143,3.0143,3.0143,1
2026-05-27 03:47:00,3.0088,3.0088,3.0083,3.0083,3.0138,3.0138,3.0133,3.0133,2
2026-05-27 03:48:00,3.0078,3.0078,3.0078,3.0078,3.0128,3.0128,3.0128,3.0128,1
2026-05-27 03:49:00,3.0068,3.0068,3.0058,3.0058,3.0118,3.0118,3.0108,3.0108,5
2026-05-27 03:50:00,3.0053,3.0053,3.0038,3.0038,3.0103,3.0103,3.0088,3.0088,3
2026-05-27 03:52:00,3.0043,3.0048,3.0043,3.0048,3.0093,3.0098,3.0093,3.0098,4
2026-05-27 03:55:00,3.0058,3.0058,3.0048,3.0053,3.0108,3.0108,3.0098,3.0103,3
2026-05-27 03:56:00,3.0058,3.0058,3.0048,3.0048,3.0108,3.0108,3.0098,3.0098,2
2026-05-27 03:57:00,3.0038,3.0038,3.0018,3.0023,3.0088,3.0088,3.0068,3.0073,9
2026-05-27 03:58:00,3.0018,3.0018,3.0018,3.0018,3.0068,3.0068,3.0068,3.0068,1
2026-05-27 04:00:00,3.0008,3.0018,3.0008,3.0018,3.0058,3.0068,3.0058,3.0068,6
2026-05-27 04:01:00,3.0013,3.0018,3.0008,3.0018,3.0063,3.0068,3.0058,3.0068,3
2026-05-27 04:02:00,3.0008,3.0008,2.9958,2.9988,3.0058,3.0058,3.0008,3.0038,15
2026-05-27 04:03:00,2.9978,3.0008,2.9978,2.9998,3.0028,3.0058,3.0028,3.0048,13
2026-05-27 04:07:00,2.9993,2.9998,2.9988,2.9988,3.0043,3.0048,3.0038,3.0038,3
2026-05-27 04:09:00,2.9983,2.9983,2.9983,2.9983,3.0033,3.0033,3.0033,3.0033,1
2026-05-27 04:10:00,2.9988,2.9988,2.9988,2.9988,3.0038,3.0038,3.0038,3.0038,1
2026-05-27 04:11:00,2.9983,2.9988,2.9983,2.9983,3.0033,3.0038,3.0033,3.0033,3
2026-05-27 04:12:00,2.9978,2.9988,2.9978,2.9988,3.0028,3.0038,3.0028,3.0038,5
2026-05-27 04:13:00,2.9993,2.9998,2.9993,2.9998,3.0043,3.0048,3.0043,3.0048,2
2026-05-27 04:17:00,3.0008,3.0008,3.0008,3.0008,3.0058,3.0058,3.0058,3.0058,1
2026-05-27 04:19:00,2.9998,3.0008,2.9998,3.0008,3.0048,3.0058,3.0048,3.0058,6
2026-05-27 04:21:00,3.0003,3.0003,2.9998,2.9998,3.0053,3.0053,3.0048,3.0048,2
2026-05-27 04:24:00,2.9988,2.9988,2.9988,2.9988,3.0038,3.0038,3.0038,3.0038,1
2026-05-27 04:25:00,2.9978,2.9998,2.9978,2.9998,3.0028,3.0048,3.0028,3.0048,3
2026-05-27 04:26:00,2.9988,2.9998,2.9988,2.9998,3.0038,3.0048,3.0038,3.0048,4
2026-05-27 04:29:00,2.9993,2.9993,2.9993,2.9993,3.0043,3.0043,3.0043,3.0043,1
2026-05-27 04:30:00,2.9998,2.9998,2.9978,2.9988,3.0048,3.0048,3.0028,3.0038,7
2026-05-27 04:31:00,2.9983,2.9983,2.9978,2.9978,3.0033,3.0033,3.0028,3.0028,2
2026-05-27 04:33:00,2.9988,2.9988,2.9978,2.9988,3.0038,3.0038,3.0028,3.0038,9
2026-05-27 04:34:00,2.9983,2.9988,2.9983,2.9983,3.0033,3.0038,3.0033,3.0033,3
2026-05-27 04:37:00,2.9988,2.9988,2.9988,2.9988,3.0038,3.0038,3.0038,3.0038,1
2026-05-27 04:38:00,2.9978,2.9978,2.9978,2.9978,3.0028,3.0028,3.0028,3.0028,1
2026-05-27 04:39:00,2.9988,2.9988,2.9978,2.9978,3.0038,3.0038,3.0028,3.0028,2
2026-05-27 04:40:00,2.9983,2.9998,2.9983,2.9998,3.0033,3.0048,3.0033,3.0048,5
2026-05-27 04:41:00,2.9988,2.9988,2.9983,2.9983,3.0038,3.0038,3.0033,3.0033,2
2026-05-27 04:42:00,2.9988,2.9988,2.9978,2.9983,3.0038,3.0038,3.0028,3.0033,3
2026-05-27 04:43:00,2.9978,2.9983,2.9978,2.9983,3.0028,3.0033,3.0028,3.0033,2
2026-05-27 04:44:00,2.9988,2.9988,2.9978,2.9988,3.0038,3.0038,3.0028,3.0038,4
2026-05-27 04:45:00,2.9983,2.9983,2.9978,2.9978,3.0033,3.0033,3.0028,3.0028,2
2026-05-27 04:47:00,2.9968,2.9978,2.9968,2.9978,3.0018,3.0028,3.0018,3.0028,4
2026-05-27 04:50:00,2.9988,2.9988,2.9978,2.9978,3.0038,3.0038,3.0028,3.0028,2
2026-05-27 04:51:00,2.9968,2.9968,2.9958,2.9968,3.0018,3.0018,3.0008,3.0018,7
2026-05-27 04:52:00,2.9963,2.9968,2.9958,2.9958,3.0013,3.0018,3.0008,3.0008,6
2026-05-27 04:53:00,2.9968,2.9968,2.9958,2.9968,3.0018,3.0018,3.0008,3.0018,3
2026-05-27 04:54:00,2.9978,2.9978,2.9958,2.9958,3.0028,3.0028,3.0008,3.0008,6
2026-05-27 04:55:00,2.9963,2.9968,2.9963,2.9968,3.0013,3.0018,3.0013,3.0018,2
2026-05-27 04:56:00,2.9958,2.9978,2.9958,2.9968,3.0008,3.0028,3.0008,3.0018,4
2026-05-27 04:57:00,2.9963,2.9968,2.9958,2.9963,3.0013,3.0018,3.0008,3.0013,6
2026-05-27 04:58:00,2.9958,2.9963,2.9958,2.9963,3.0008,3.0013,3.0008,3.0013,2
2026-05-27 04:59:00,2.9958,2.9963,2.9958,2.9963,3.0008,3.0013,3.0008,3.0013,2
2026-05-27 05:00:00,2.9958,2.9978,2.9958,2.9978,3.0008,3.0028,3.0008,3.0028,4
2026-05-27 05:01:00,2.9968,2.9968,2.9958,2.9958,3.0018,3.0018,3.0008,3.0008,5
2026-05-27 05:02:00,2.9968,2.9968,2.9958,2.9958,3.0018,3.0018,3.0008,3.0008,3
2026-05-27 05:03:00,2.9963,2.9978,2.9958,2.9978,3.0013,3.0028,3.0008,3.0028,4
2026-05-27 05:04:00,2.9983,2.9983,2.9983,2.9983,3.0033,3.0033,3.0033,3.0033,1
2026-05-27 05:05:00,2.9978,2.9978,2.9978,2.9978,3.0028,3.0028,3.0028,3.0028,1
2026-05-27 05:06:00,2.9968,2.9968,2.9963,2.9968,3.0018,3.0018,3.0013,3.0018,3
2026-05-27 05:07:00,2.9963,2.9963,2.9958,2.9958,3.0013,3.0013,3.0008,3.0008,4
2026-05-27 05:08:00,2.9968,2.9968,2.9968,2.9968,3.0018,3.0018,3.0018,3.0018,1
2026-05-27 05:09:00,2.9963,2.9968,2.9963,2.9963,3.0013,3.0018,3.0013,3.0013,3
2026-05-27 05:10:00,2.9968,2.9968,2.9963,2.9968,3.0018,3.0018,3.0013,3.0018,3
2026-05-27 05:11:00,2.9963,2.9963,2.9958,2.9958,3.0013,3.0013,3.0008,3.0008,2
2026-05-27 05:12:00,2.9963,2.9968,2.9963,2.9963,3.0013,3.0018,3.0013,3.0013,3
2026-05-27 05:13:00,2.9958,2.9963,2.9958,2.9958,3.0008,3.0013,3.0008,3.0008,5
2026-05-27 05:14:00,2.9963,2.9963,2.9963,2.9963,3.0013,3.0013,3.0013,3.0013,1
2026-05-27 05:15:00,2.9968,2.9968,2.9963,2.9963,3.0018,3.0018,3.0013,3.0013,2
2026-05-27 05:16:00,2.9968,2.9968,2.9968,2.9968,3.0018,3.0018,3.0018,3.0018,1
2026-05-27 05:17:00,2.9978,2.9978,2.9978,2.9978,3.0028,3.0028,3.0028,3.0028,1
2026-05-27 05:18:00,2.9973,2.9978,2.9973,2.9978,3.0023,3.0028,3.0023,3.0028,2
2026-05-27 05:20:00,2.9983,2.9983,2.9978,2.9983,3.0033,3.0033,3.0028,3.0033,7
2026-05-27 05:21:00,2.9978,2.9978,2.9978,2.9978,3.0028,3.0028,3.0028,3.0028,1
2026-05-27 05:23:00,2.9983,2.9983,2.9983,2.9983,3.0033,3.0033,3.0033,3.0033,1
2026-05-27 05:24:00,2.9978,2.9983,2.9978,2.9983,3.0028,3.0033,3.0028,3.0033,4
2026-05-27 05:25:00,2.9988,2.9988,2.9978,2.9983,3.0038,3.0038,3.0028,3.0033,4
2026-05-27 05:26:00,2.9978,2.9988,2.9978,2.9988,3.0028,3.0038,3.0028,3.0038,2
2026-05-27 05:28:00,2.9983,2.9988,2.9978,2.9978,3.0033,3.0038,3.0028,3.0028,3
2026-05-27 05:30:00,2.9983,3.0038,2.9983,3.0033,3.0033,3.0088,3.0033,3.0083,16
2026-05-27 05:31:00,3.0038,3.0068,3.0038,3.0068,3.0088,3.0118,3.0088,3.0118,20
2026-05-27 05:32:00,3.0058,3.0058,3.0048,3.0048,3.0108,3.0108,3.0098,3.0098,7
2026-05-27 05:33:00,3.0053,3.0068,3.0048,3.0068,3.0103,3.0118,3.0098,3.0118,10
2026-05-27 05:34:00,3.0073,3.0078,3.0058,3.0058,3.0123,3.0128,3.0108,3.0108,8
2026-05-27 05:35:00,3.0053,3.0068,3.0048,3.0058,3.0103,3.0118,3.0098,3.0108,5
2026-05-27 05:36:00,3.0063,3.0068,3.0048,3.0058,3.0113,3.0118,3.0098,3.0108,6
2026-05-27 05:37:00,3.0068,3.0068,3.0048,3.0058,3.0118,3.0118,3.0098,3.0108,16
2026-05-27 05:38:00,3.0048,3.0048,3.0038,3.0048,3.0098,3.0098,3.0088,3.0098,3
2026-05-27 05:39:00,3.0038,3.0048,3.0038,3.0048,3.0088,3.0098,3.0088,3.0098,4
2026-05-27 05:41:00,3.0043,3.0043,3.0038,3.0038,3.0093,3.0093,3.0088,3.0088,2
2026-05-27 05:42:00,3.0043,3.0048,3.0038,3.0048,3.0093,3.0098,3.0088,3.0098,4
2026-05-27 05:43:00,3.0043,3.0048,3.0038,3.0038,3.0093,3.0098,3.0088,3.0088,7
2026-05-27 05:44:00,3.0048,3.0048,3.0038,3.0038,3.0098,3.0098,3.0088,3.0088,10
2026-05-27 05:47:00,3.0028,3.0038,3.0028,3.0038,3.0078,3.0088,3.0078,3.0088,2
2026-05-27 05:48:00,3.0028,3.0038,3.0018,3.0018,3.0078,3.0088,3.0068,3.0068,4
2026-05-27 05:50:00,3.0008,3.0008,3.0003,3.0008,3.0058,3.0058,3.0053,3.0058,5
2026-05-27 05:53:00,3.0018,3.0018,3.0018,3.0018,3.0068,3.0068,3.0068,3.0068,1
2026-05-27 05:54:00,3.0008,3.0018,3.0008,3.0008,3.0058,3.0068,3.0058,3.0058,3
2026-05-27 06:02:00,3.0003,3.0008,3.0003,3.0008,3.0053,3.0058,3.0053,3.0058,2
2026-05-27 06:03:00,2.9998,3.0008,2.9998,3.0008,3.0048,3.0058,3.0048,3.0058,2
2026-05-27 06:11:00,3.0018,3.0018,3.0018,3.0018,3.0068,3.0068,3.0068,3.0068,1
2026-05-27 06:12:00,3.0028,3.0038,3.0028,3.0028,3.0078,3.0088,3.0078,3.0078,3
2026-05-27 06:13:00,3.0018,3.0028,3.0018,3.0018,3.0068,3.0078,3.0068,3.0068,3
2026-05-27 06:14:00,3.0008,3.0008,3.0008,3.0008,3.0058,3.0058,3.0058,3.0058,1
2026-05-27 06:16:00,3.0003,3.0003,2.9998,2.9998,3.0053,3.0053,3.0048,3.0048,2
2026-05-27 06:17:00,2.9993,2.9998,2.9988,2.9998,3.0043,3.0048,3.0038,3.0048,3
2026-05-27 06:21:00,3.0008,3.0008,2.9998,2.9998,3.0058,3.0058,3.0048,3.0048,2
2026-05-27 06:24:00,3.0008,3.0008,3.0003,3.0003,3.0058,3.0058,3.0053,3.0053,4
2026-05-27 06:25:00,2.9998,2.9998,2.9998,2.9998,3.0048,3.0048,3.0048,3.0048,1
2026-05-27 06:29:00,2.9988,2.9988,2.9968,2.9968,3.0038,3.0038,3.0018,3.0018,3
2026-05-27 06:30:00,2.9958,2.9958,2.9958,2.9958,3.0008,3.0008,3.0008,3.0008,1
2026-05-27 06:33:00,2.9963,2.9968,2.9958,2.9958,3.0013,3.0018,3.0008,3.0008,4
2026-05-27 06:34:00,2.9948,2.9958,2.9948,2.9948,2.9998,3.0008,2.9998,2.9998,3
2026-05-27 06:35:00,2.9958,2.9958,2.9948,2.9948,3.0008,3.0008,2.9998,2.9998,2
2026-05-27 06:36:00,2.9938,2.9958,2.9928,2.9958,2.9988,3.0008,2.9978,3.0008,8
2026-05-27 06:37:00,2.9968,2.9968,2.9958,2.9958,3.0018,3.0018,3.0008,3.0008,4
2026-05-27 06:41:00,2.9953,2.9953,2.9948,2.9948,3.0003,3.0003,2.9998,2.9998,2
2026-05-27 06:43:00,2.9943,2.9948,2.9938,2.9938,2.9993,2.9998,2.9988,2.9988,5
2026-05-27 06:44:00,2.9948,2.9948,2.9938,2.9938,2.9998,2.9998,2.9988,2.9988,5
2026-05-27 06:47:00,2.9948,2.9948,2.9938,2.9938,2.9998,2.9998,2.9988,2.9988,4
2026-05-27 06:48:00,2.9943,2.9943,2.9938,2.9938,2.9993,2.9993,2.9988,2.9988,2
2026-05-27 06:51:00,2.9948,2.9948,2.9948,2.9948,2.9998,2.9998,2.9998,2.9998,1
2026-05-27 06:54:00,2.9958,2.9958,2.9948,2.9958,3.0008,3.0008,2.9998,3.0008,3
2026-05-27 06:57:00,2.9968,2.9968,2.9968,2.9968,3.0018,3.0018,3.0018,3.0018,1
2026-05-27 06:59:00,2.9978,2.9978,2.9978,2.9978,3.0028,3.0028,3.0028,3.0028,1
2026-05-27 07:00:00,2.9968,2.9998,2.9968,2.9998,3.0018,3.0048,3.0018,3.0048,8
2026-05-27 07:02:00,3.0008,3.0008,2.9988,2.9988,3.0058,3.0058,3.0038,3.0038,5
2026-05-27 07:04:00,2.9978,2.9978,2.9968,2.9968,3.0028,3.0028,3.0018,3.0018,2
2026-05-27 07:07:00,2.9973,2.9978,2.9973,2.9978,3.0023,3.0028,3.0023,3.0028,2
2026-05-27 07:09:00,2.9988,2.9998,2.9983,2.9983,3.0038,3.0048,3.0033,3.0033,4
2026-05-27 07:10:00,2.9978,2.9988,2.9978,2.9988,3.0028,3.0038,3.0028,3.0038,3
2026-05-27 07:11:00,2.9998,2.9998,2.9998,2.9998,3.0048,3.0048,3.0048,3.0048,1
2026-05-27 07:12:00,2.9988,2.9993,2.9988,2.9993,3.0038,3.0043,3.0038,3.0043,2
2026-05-27 07:13:00,2.9998,2.9998,2.9993,2.9993,3.0048,3.0048,3.0043,3.0043,2
2026-05-27 07:14:00,2.9998,2.9998,2.9983,2.9988,3.0048,3.0048,3.0033,3.0038,4
2026-05-27 07:16:00,2.9983,2.9988,2.9983,2.9988,3.0033,3.0038,3.0033,3.0038,4
2026-05-27 07:17:00,2.9993,3.0008,2.9993,3.0008,3.0043,3.0058,3.0043,3.0058,3
2026-05-27 07:18:00,3.0003,3.0018,2.9998,3.0008,3.0053,3.0068,3.0048,3.0058,7
2026-05-27 07:19:00,3.0013,3.0018,3.0013,3.0018,3.0063,3.0068,3.0063,3.0068,2
2026-05-27 07:20:00,3.0013,3.0018,3.0013,3.0018,3.0063,3.0068,3.0063,3.0068,2
2026-05-27 07:21:00,3.0028,3.0028,3.0018,3.0018,3.0078,3.0078,3.0068,3.0068,2
2026-05-27 07:22:00,3.0028,3.0028,3.0028,3.0028,3.0078,3.0078,3.0078,3.0078,1
2026-05-27 07:23:00,3.0018,3.0028,3.0018,3.0023,3.0068,3.0078,3.0068,3.0073,3
2026-05-27 07:24:00,3.0018,3.0028,3.0018,3.0028,3.0068,3.0078,3.0068,3.0078,2
2026-05-27 07:25:00,3.0033,3.0038,3.0033,3.0038,3.0083,3.0088,3.0083,3.0088,2
2026-05-27 07:31:00,3.0028,3.0028,3.0023,3.0028,3.0078,3.0078,3.0073,3.0078,3
2026-05-27 07:33:00,3.0018,3.0028,3.0018,3.0028,3.0068,3.0078,3.0068,3.0078,2
2026-05-27 07:36:00,3.0018,3.0028,3.0018,3.0028,3.0068,3.0078,3.0068,3.0078,5
2026-05-27 07:37:00,3.0023,3.0023,3.0018,3.0018,3.0073,3.0073,3.0068,3.0068,2
2026-05-27 07:43:00,3.0008,3.0018,3.0008,3.0018,3.0058,3.0068,3.0058,3.0068,2
2026-05-27 07:45:00,3.0008,3.0028,3.0008,3.0028,3.0058,3.0078,3.0058,3.0078,3
2026-05-27 07:46:00,3.0018,3.0018,3.0008,3.0008,3.0068,3.0068,3.0058,3.0058,3
2026-05-27 07:48:00,3.0018,3.0018,2.9998,3.0008,3.0068,3.0068,3.0048,3.0058,5
2026-05-27 07:49:00,3.0018,3.0018,3.0013,3.0013,3.0068,3.0068,3.0063,3.0063,2
2026-05-27 07:50:00,3.0008,3.0018,3.0008,3.0018,3.0058,3.0068,3.0058,3.0068,3
2026-05-27 07:51:00,3.0008,3.0008,3.0008,3.0008,3.0058,3.0058,3.0058,3.0058,1
2026-05-27 07:53:00,3.0018,3.0018,2.9998,2.9998,3.0068,3.0068,3.0048,3.0048,3
2026-05-27 07:54:00,3.0008,3.0008,3.0008,3.0008,3.0058,3.0058,3.0058,3.0058,1
2026-05-27 07:56:00,3.0018,3.0018,3.0008,3.0008,3.0068,3.0068,3.0058,3.0058,2
2026-05-27 07:58:00,3.0013,3.0018,3.0013,3.0018,3.0063,3.0068,3.0063,3.0068,2
2026-05-27 07:59:00,3.0013,3.0013,3.0013,3.0013,3.0063,3.0063,3.0063,3.0063,1
2026-05-27 08:00:00,3.0008,3.0008,2.9998,2.9998,3.0058,3.0058,3.0048,3.0048,5
2026-05-27 08:01:00,3.0003,3.0008,2.9998,2.9998,3.0053,3.0058,3.0048,3.0048,7
2026-05-27 08:02:00,2.9988,3.0008,2.9988,3.0008,3.0038,3.0058,3.0038,3.0058,4
2026-05-27 08:03:00,3.0003,3.0008,2.9993,2.9993,3.0053,3.0058,3.0043,3.0043,4
2026-05-27 08:04:00,2.9998,2.9998,2.9998,2.9998,3.0048,3.0048,3.0048,3.0048,1
2026-05-27 08:05:00,2.9988,2.9988,2.9978,2.9978,3.0038,3.0038,3.0028,3.0028,2
2026-05-27 08:06:00,2.9988,2.9998,2.9978,2.9993,3.0038,3.0048,3.0028,3.0043,8
2026-05-27 08:07:00,2.9988,2.9998,2.9988,2.9998,3.0038,3.0048,3.0038,3.0048,6
2026-05-27 08:08:00,2.9988,3.0003,2.9988,2.9998,3.0038,3.0053,3.0038,3.0048,6
2026-05-27 08:09:00,2.9988,2.9998,2.9988,2.9988,3.0038,3.0048,3.0038,3.0038,3
2026-05-27 08:10:00,2.9978,2.9988,2.9978,2.9988,3.0028,3.0038,3.0028,3.0038,6
2026-05-27 08:11:00,2.9993,2.9998,2.9988,2.9998,3.0043,3.0048,3.0038,3.0048,6
2026-05-27 08:12:00,2.9988,2.9998,2.9988,2.9998,3.0038,3.0048,3.0038,3.0048,2
2026-05-27 08:13:00,2.9988,2.9998,2.9978,2.9978,3.0038,3.0048,3.0028,3.0028,8
2026-05-27 08:14:00,2.9983,2.9988,2.9968,2.9988,3.0033,3.0038,3.0018,3.0038,6
2026-05-27 08:15:00,2.9978,2.9988,2.9978,2.9988,3.0028,3.0038,3.0028,3.0038,5
2026-05-27 08:16:00,2.9978,2.9978,2.9978,2.9978,3.0028,3.0028,3.0028,3.0028,1
2026-05-27 08:17:00,2.9988,2.9988,2.9978,2.9988,3.0038,3.0038,3.0028,3.0038,3
2026-05-27 08:18:00,2.9978,2.9988,2.9978,2.9988,3.0028,3.0038,3.0028,3.0038,7
2026-05-27 08:20:00,2.9998,2.9998,2.9988,2.9998,3.0048,3.0048,3.0038,3.0048,18
2026-05-27 08:21:00,2.9988,2.9988,2.9968,2.9988,3.0038,3.0038,3.0018,3.0038,10
2026-05-27 08:22:00,2.9978,2.9978,2.9968,2.9978,3.0028,3.0028,3.0018,3.0028,5
2026-05-27 08:23:00,2.9968,2.9978,2.9968,2.9968,3.0018,3.0028,3.0018,3.0018,4
2026-05-27 08:25:00,2.9958,2.9968,2.9958,2.9968,3.0008,3.0018,3.0008,3.0018,2
2026-05-27 08:28:00,2.9973,2.9978,2.9973,2.9973,3.0023,3.0028,3.0023,3.0023,3
2026-05-27 08:29:00,2.9968,2.9998,2.9968,2.9998,3.0018,3.0048,3.0018,3.0048,4
2026-05-27 08:30:00,2.9988,3.0008,2.9988,3.0008,3.0038,3.0058,3.0038,3.0058,5
2026-05-27 08:31:00,2.9998,3.0008,2.9998,3.0008,3.0048,3.0058,3.0048,3.0058,5
2026-05-27 08:32:00,3.0018,3.0028,3.0018,3.0018,3.0068,3.0078,3.0068,3.0068,3
2026-05-27 08:34:00,3.0008,3.0008,3.0008,3.0008,3.0058,3.0058,3.0058,3.0058,1
2026-05-27 08:37:00,2.9998,2.9998,2.9998,2.9998,3.0048,3.0048,3.0048,3.0048,1
2026-05-27 08:38:00,2.9988,3.0008,2.9988,3.0008,3.0038,3.0058,3.0038,3.0058,4
2026-05-27 08:39:00,3.0018,3.0018,3.0018,3.0018,3.0068,3.0068,3.0068,3.0068,1
2026-05-27 08:40:00,3.0008,3.0008,2.9998,2.9998,3.0058,3.0058,3.0048,3.0048,3
2026-05-27 08:44:00,3.0008,3.0008,2.9998,2.9998,3.0058,3.0058,3.0048,3.0048,2
2026-05-27 08:45:00,2.9988,3.0008,2.9988,2.9998,3.0038,3.0058,3.0038,3.0048,10
2026-05-27 08:46:00,2.9988,2.9998,2.9988,2.9998,3.0038,3.0048,3.0038,3.0048,11
2026-05-27 08:47:00,3.0003,3.0008,2.9968,2.9968,3.0053,3.0058,3.0018,3.0018,7
2026-05-27 08:48:00,2.9973,2.9983,2.9973,2.9983,3.0023,3.0033,3.0023,3.0033,5
2026-05-27 08:49:00,2.9978,2.9988,2.9978,2.9988,3.0028,3.0038,3.0028,3.0038,3
2026-05-27 08:52:00,2.9978,2.9988,2.9978,2.9988,3.0028,3.0038,3.0028,3.0038,2
2026-05-27 08:53:00,2.9998,2.9998,2.9988,2.9988,3.0048,3.0048,3.0038,3.0038,4
2026-05-27 08:54:00,2.9998,2.9998,2.9988,2.9998,3.0048,3.0048,3.0038,3.0048,6
2026-05-27 08:55:00,2.9988,2.9998,2.9988,2.9998,3.0038,3.0048,3.0038,3.0048,2
2026-05-27 08:57:00,3.0003,3.0008,3.0003,3.0008,3.0053,3.0058,3.0053,3.0058,2
2026-05-27 08:58:00,2.9998,2.9998,2.9978,2.9988,3.0048,3.0048,3.0028,3.0038,4
2026-05-27 08:59:00,2.9978,2.9988,2.9978,2.9988,3.0028,3.0038,3.0028,3.0038,2
2026-05-27 09:00:00,2.9978,2.9998,2.9978,2.9978,3.0028,3.0048,3.0028,3.0028,17
2026-05-27 09:01:00,2.9988,2.9988,2.9978,2.9988,3.0038,3.0038,3.0028,3.0038,10
2026-05-27 09:02:00,2.9998,2.9998,2.9988,2.9988,3.0048,3.0048,3.0038,3.0038,4
2026-05-27 09:03:00,2.9978,2.9998,2.9978,2.9988,3.0028,3.0048,3.0028,3.0038,9
2026-05-27 09:04:00,2.9998,2.9998,2.9978,2.9978,3.0048,3.0048,3.0028,3.0028,9
2026-05-27 09:05:00,2.9983,2.9988,2.9978,2.9988,3.0033,3.0038,3.0028,3.0038,7
2026-05-27 09:06:00,2.9983,2.9983,2.9978,2.9978,3.0033,3.0033,3.0028,3.0028,4
2026-05-27 09:07:00,2.9983,2.9983,2.9938,2.9948,3.0033,3.0033,2.9988,2.9998,11
2026-05-27 09:08:00,2.9943,2.9943,2.9943,2.9943,2.9993,2.9993,2.9993,2.9993,1
2026-05-27 09:09:00,2.9938,2.9958,2.9938,2.9958,2.9988,3.0008,2.9988,3.0008,5
2026-05-27 09:10:00,2.9968,2.9998,2.9968,2.9988,3.0018,3.0048,3.0018,3.0038,16
2026-05-27 09:11:00,2.9978,2.9988,2.9978,2.9978,3.0028,3.0038,3.0028,3.0028,5
2026-05-27 09:12:00,2.9968,2.9968,2.9948,2.9958,3.0018,3.0018,2.9998,3.0008,10
2026-05-27 09:13:00,2.9968,2.9968,2.9968,2.9968,3.0018,3.0018,3.0018,3.0018,1
2026-05-27 09:14:00,2.9958,2.9978,2.9958,2.9978,3.0008,3.0028,3.0008,3.0028,11
2026-05-27 09:15:00,2.9968,2.9978,2.9968,2.9978,3.0018,3.0028,3.0018,3.0028,2
2026-05-27 09:16:00,2.9968,2.9968,2.9968,2.9968,3.0018,3.0018,3.0018,3.0018,1
2026-05-27 09:17:00,2.9978,2.9978,2.9968,2.9968,3.0028,3.0028,3.0018,3.0018,2
2026-05-27 09:18:00,2.9973,2.9978,2.9968,2.9978,3.0023,3.0028,3.0018,3.0028,4
2026-05-27 09:20:00,2.9988,2.9988,2.9988,2.9988,3.0038,3.0038,3.0038,3.0038,1
2026-05-27 09:21:00,2.9998,2.9998,2.9978,2.9978,3.0048,3.0048,3.0028,3.0028,3
2026-05-27 09:22:00,2.9968,2.9968,2.9968,2.9968,3.0018,3.0018,3.0018,3.0018,1
2026-05-27 09:23:00,2.9978,2.9988,2.9978,2.9978,3.0028,3.0038,3.0028,3.0028,8
2026-05-27 09:24:00,2.9968,2.9978,2.9958,2.9968,3.0018,3.0028,3.0008,3.0018,11
2026-05-27 09:25:00,2.9973,2.9978,2.9968,2.9973,3.0023,3.0028,3.0018,3.0023,27
2026-05-27 09:26:00,2.9978,2.9988,2.9968,2.9988,3.0028,3.0038,3.0018,3.0038,6
2026-05-27 09:28:00,2.9998,2.9998,2.9988,2.9988,3.0048,3.0048,3.0038,3.0038,2
2026-05-27 09:29:00,2.9998,2.9998,2.9998,2.9998,3.0048,3.0048,3.0048,3.0048,1
2026-05-27 09:30:00,2.9993,2.9998,2.9978,2.9978,3.0043,3.0048,3.0028,3.0028,5
2026-05-27 09:31:00,2.9968,2.9978,2.9968,2.9968,3.0018,3.0028,3.0018,3.0018,3
2026-05-27 09:32:00,2.9978,2.9978,2.9968,2.9968,3.0028,3.0028,3.0018,3.0018,5
2026-05-27 09:34:00,2.9958,2.9958,2.9958,2.9958,3.0008,3.0008,3.0008,3.0008,1
2026-05-27 09:35:00,2.9968,2.9968,2.9958,2.9968,3.0018,3.0018,3.0008,3.0018,4
2026-05-27 09:36:00,2.9958,2.9968,2.9958,2.9968,3.0008,3.0018,3.0008,3.0018,3
2026-05-27 09:37:00,2.9958,2.9968,2.9958,2.9968,3.0008,3.0018,3.0008,3.0018,2
2026-05-27 09:38:00,2.9963,2.9963,2.9948,2.9958,3.0013,3.0013,2.9998,3.0008,5
2026-05-27 09:39:00,2.9948,2.9958,2.9948,2.9948,2.9998,3.0008,2.9998,2.9998,3
2026-05-27 09:40:00,2.9938,2.9948,2.9938,2.9938,2.9988,2.9998,2.9988,2.9988,14
2026-05-27 09:41:00,2.9948,2.9948,2.9948,2.9948,2.9998,2.9998,2.9998,2.9998,1
2026-05-27 09:42:00,2.9938,2.9938,2.9938,2.9938,2.9988,2.9988,2.9988,2.9988,1
2026-05-27 09:43:00,2.9928,2.9928,2.9888,2.9898,2.9978,2.9978,2.9938,2.9948,24
2026-05-27 09:44:00,2.9908,2.9918,2.9908,2.9918,2.9958,2.9968,2.9958,2.9968,6
2026-05-27 09:45:00,2.9928,2.9928,2.9908,2.9918,2.9978,2.9978,2.9958,2.9968,4
2026-05-27 09:46:00,2.9928,2.9928,2.9918,2.9918,2.9978,2.9978,2.9968,2.9968,2
2026-05-27 09:47:00,2.9913,2.9918,2.9913,2.9913,2.9963,2.9968,2.9963,2.9963,3
2026-05-27 09:48:00,2.9908,2.9928,2.9908,2.9928,2.9958,2.9978,2.9958,2.9978,8
2026-05-27 09:49:00,2.9918,2.9928,2.9918,2.9918,2.9968,2.9978,2.9968,2.9968,3
2026-05-27 09:51:00,2.9908,2.9908,2.9898,2.9908,2.9958,2.9958,2.9948,2.9958,5
2026-05-27 09:53:00,2.9903,2.9908,2.9903,2.9908,2.9953,2.9958,2.9953,2.9958,2
2026-05-27 09:55:00,2.9918,2.9918,2.9918,2.9918,2.9968,2.9968,2.9968,2.9968,1
2026-05-27 09:57:00,2.9908,2.9908,2.9893,2.9898,2.9958,2.9958,2.9943,2.9948,4
2026-05-27 09:58:00,2.9893,2.9898,2.9888,2.9888,2.9943,2.9948,2.9938,2.9938,3
2026-05-27 09:59:00,2.9898,2.9898,2.9888,2.9898,2.9948,2.9948,2.9938,2.9948,12
2026-05-27 10:00:00,2.9908,2.9918,2.9898,2.9898,2.9958,2.9968,2.9948,2.9948,13
2026-05-27 10:01:00,2.9888,2.9888,2.9878,2.9888,2.9938,2.9938,2.9928,2.9938,3
2026-05-27 10:02:00,2.9898,2.9898,2.9898,2.9898,2.9948,2.9948,2.9948,2.9948,1
2026-05-27 10:05:00,2.9888,2.9888,2.9858,2.9858,2.9938,2.9938,2.9908,2.9908,16
2026-05-27 10:06:00,2.9853,2.9868,2.9853,2.9858,2.9903,2.9918,2.9903,2.9908,4
2026-05-27 10:07:00,2.9853,2.9853,2.9838,2.9838,2.9903,2.9903,2.9888,2.9888,3
2026-05-27 10:08:00,2.9848,2.9848,2.9828,2.9828,2.9898,2.9898,2.9878,2.9878,6
2026-05-27 10:09:00,2.9838,2.9838,2.9828,2.9828,2.9888,2.9888,2.9878,2.9878,4
2026-05-27 10:10:00,2.9838,2.9838,2.9823,2.9828,2.9888,2.9888,2.9873,2.9878,8
2026-05-27 10:11:00,2.9818,2.9838,2.9818,2.9828,2.9868,2.9888,2.9868,2.9878,10
2026-05-27 10:12:00,2.9823,2.9838,2.9823,2.9828,2.9873,2.9888,2.9873,2.9878,8
2026-05-27 10:13:00,2.9818,2.9838,2.9818,2.9838,2.9868,2.9888,2.9868,2.9888,6
2026-05-27 10:14:00,2.9843,2.9848,2.9818,2.9818,2.9893,2.9898,2.9868,2.9868,6
2026-05-27 10:15:00,2.9828,2.9828,2.9823,2.9828,2.9878,2.9878,2.9873,2.9878,3
2026-05-27 10:18:00,2.9818,2.9838,2.9818,2.9838,2.9868,2.9888,2.9868,2.9888,6
2026-05-27 10:21:00,2.9848,2.9848,2.9833,2.9838,2.9898,2.9898,2.9883,2.9888,6
2026-05-27 10:22:00,2.9828,2.9838,2.9828,2.9838,2.9878,2.9888,2.9878,2.9888,6
2026-05-27 10:23:00,2.9828,2.9828,2.9828,2.9828,2.9878,2.9878,2.9878,2.9878,1
2026-05-27 10:24:00,2.9818,2.9818,2.9818,2.9818,2.9868,2.9868,2.9868,2.9868,1
2026-05-27 10:25:00,2.9823,2.9838,2.9818,2.9828,2.9873,2.9888,2.9868,2.9878,6
2026-05-27 10:26:00,2.9833,2.9833,2.9828,2.9828,2.9883,2.9883,2.9878,2.9878,4
2026-05-27 10:27:00,2.9838,2.9838,2.9828,2.9838,2.9888,2.9888,2.9878,2.9888,3
2026-05-27 10:30:00,2.9828,2.9838,2.9828,2.9838,2.9878,2.9888,2.9878,2.9888,4
2026-05-27 10:31:00,2.9833,2.9838,2.9828,2.9838,2.9883,2.9888,2.9878,2.9888,6
2026-05-27 10:33:00,2.9848,2.9878,2.9848,2.9878,2.9898,2.9928,2.9898,2.9928,4
2026-05-27 10:34:00,2.9868,2.9868,2.9868,2.9868,2.9918,2.9918,2.9918,2.9918,1
2026-05-27 10:36:00,2.9858,2.9878,2.9858,2.9868,2.9908,2.9928,2.9908,2.9918,15
2026-05-27 10:38:00,2.9878,2.9888,2.9878,2.9883,2.9928,2.9938,2.9928,2.9933,4
2026-05-27 10:39:00,2.9878,2.9878,2.9858,2.9868,2.9928,2.9928,2.9908,2.9918,11
2026-05-27 10:41:00,2.9858,2.9868,2.9858,2.9868,2.9908,2.9918,2.9908,2.9918,7
2026-05-27 10:42:00,2.9858,2.9858,2.9858,2.9858,2.9908,2.9908,2.9908,2.9908,1
2026-05-27 10:43:00,2.9848,2.9858,2.9848,2.9858,2.9898,2.9908,2.9898,2.9908,5
2026-05-27 10:44:00,2.9848,2.9858,2.9838,2.9838,2.9898,2.9908,2.9888,2.9888,8
2026-05-27 10:45:00,2.9848,2.9848,2.9828,2.9838,2.9898,2.9898,2.9878,2.9888,12
2026-05-27 10:46:00,2.9843,2.9848,2.9843,2.9848,2.9893,2.9898,2.9893,2.9898,2
2026-05-27 10:47:00,2.9838,2.9838,2.9808,2.9818,2.9888,2.9888,2.9858,2.9868,10
2026-05-27 10:48:00,2.9813,2.9818,2.9808,2.9808,2.9863,2.9868,2.9858,2.9858,8
2026-05-27 10:49:00,2.9813,2.9823,2.9813,2.9818,2.9863,2.9873,2.9863,2.9868,4
2026-05-27 10:50:00,2.9808,2.9818,2.9808,2.9818,2.9858,2.9868,2.9858,2.9868,2
2026-05-27 10:51:00,2.9808,2.9818,2.9808,2.9813,2.9858,2.9868,2.9858,2.9863,8
2026-05-27 10:52:00,2.9818,2.9818,2.9808,2.9808,2.9868,2.9868,2.9858,2.9858,5
2026-05-27 10:53:00,2.9813,2.9818,2.9808,2.9808,2.9863,2.9868,2.9858,2.9858,10
2026-05-27 10:55:00,2.9813,2.9818,2.9813,2.9818,2.9863,2.9868,2.9863,2.9868,2
2026-05-27 10:56:00,2.9823,2.9823,2.9818,2.9818,2.9873,2.9873,2.9868,2.9868,2
2026-05-27 10:59:00,2.9828,2.9858,2.9828,2.9858,2.9878,2.9908,2.9878,2.9908,9
2026-05-27 11:00:00,2.9863,2.9868,2.9858,2.9858,2.9913,2.9918,2.9908,2.9908,13
2026-05-27 11:01:00,2.9863,2.9868,2.9858,2.9868,2.9913,2.9918,2.9908,2.9918,4
2026-05-27 11:02:00,2.9858,2.9868,2.9858,2.9868,2.9908,2.9918,2.9908,2.9918,21
2026-05-27 11:03:00,2.9878,2.9878,2.9878,2.9878,2.9928,2.9928,2.9928,2.9928,1
2026-05-27 11:04:00,2.9868,2.9868,2.9868,2.9868,2.9918,2.9918,2.9918,2.9918,1
2026-05-27 11:06:00,2.9878,2.9878,2.9868,2.9878,2.9928,2.9928,2.9918,2.9928,3
2026-05-27 11:07:00,2.9868,2.9868,2.9868,2.9868,2.9918,2.9918,2.9918,2.9918,1
2026-05-27 11:08:00,2.9873,2.9888,2.9868,2.9888,2.9923,2.9938,2.9918,2.9938,5
2026-05-27 11:09:00,2.9878,2.9878,2.9878,2.9878,2.9928,2.9928,2.9928,2.9928,1
2026-05-27 11:10:00,2.9888,2.9908,2.9878,2.9908,2.9938,2.9958,2.9928,2.9958,6
2026-05-27 11:11:00,2.9898,2.9898,2.9898,2.9898,2.9948,2.9948,2.9948,2.9948,1
2026-05-27 11:12:00,2.9888,2.9893,2.9888,2.9888,2.9938,2.9943,2.9938,2.9938,3
2026-05-27 11:14:00,2.9878,2.9878,2.9868,2.9878,2.9928,2.9928,2.9918,2.9928,3
2026-05-27 11:15:00,2.9888,2.9888,2.9878,2.9888,2.9938,2.9938,2.9928,2.9938,5
2026-05-27 11:16:00,2.9878,2.9878,2.9878,2.9878,2.9928,2.9928,2.9928,2.9928,1
2026-05-27 11:17:00,2.9868,2.9878,2.9868,2.9878,2.9918,2.9928,2.9918,2.9928,3
2026-05-27 11:18:00,2.9883,2.9898,2.9883,2.9888,2.9933,2.9948,2.9933,2.9938,9
2026-05-27 11:20:00,2.9878,2.9878,2.9868,2.9868,2.9928,2.9928,2.9918,2.9918,4
2026-05-27 11:21:00,2.9873,2.9878,2.9868,2.9878,2.9923,2.9928,2.9918,2.9928,3
2026-05-27 11:22:00,2.9868,2.9873,2.9868,2.9868,2.9918,2.9923,2.9918,2.9918,13
2026-05-27 11:23:00,2.9878,2.9878,2.9868,2.9878,2.9928,2.9928,2.9918,2.9928,5
2026-05-27 11:24:00,2.9868,2.9878,2.9868,2.9878,2.9918,2.9928,2.9918,2.9928,4
2026-05-27 11:25:00,2.9883,2.9898,2.9858,2.9868,2.9933,2.9948,2.9908,2.9918,10
2026-05-27 11:26:00,2.9858,2.9868,2.9848,2.9858,2.9908,2.9918,2.9898,2.9908,6
2026-05-27 11:28:00,2.9863,2.9868,2.9858,2.9868,2.9913,2.9918,2.9908,2.9918,5
2026-05-27 11:29:00,2.9858,2.9868,2.9858,2.9868,2.9908,2.9918,2.9908,2.9918,7
2026-05-27 11:30:00,2.9873,2.9898,2.9873,2.9898,2.9923,2.9948,2.9923,2.9948,5
2026-05-27 11:31:00,2.9888,2.9898,2.9888,2.9898,2.9938,2.9948,2.9938,2.9948,3
2026-05-27 11:32:00,2.9908,2.9908,2.9898,2.9898,2.9958,2.9958,2.9948,2.9948,4
2026-05-27 11:33:00,2.9903,2.9908,2.9893,2.9908,2.9953,2.9958,2.9943,2.9958,7
2026-05-27 11:34:00,2.9898,2.9913,2.9898,2.9898,2.9948,2.9963,2.9948,2.9948,9
2026-05-27 11:35:00,2.9903,2.9908,2.9888,2.9898,2.9953,2.9958,2.9938,2.9948,8
2026-05-27 11:36:00,2.9893,2.9898,2.9893,2.9898,2.9943,2.9948,2.9943,2.9948,2
2026-05-27 11:37:00,2.9888,2.9888,2.9888,2.9888,2.9938,2.9938,2.9938,2.9938,1
2026-05-27 11:39:00,2.9893,2.9893,2.9888,2.9888,2.9943,2.9943,2.9938,2.9938,8
2026-05-27 11:40:00,2.9893,2.9898,2.9893,2.9898,2.9943,2.9948,2.9943,2.9948,4
2026-05-27 11:41:00,2.9888,2.9898,2.9888,2.9888,2.9938,2.9948,2.9938,2.9938,4
2026-05-27 11:42:00,2.9893,2.9893,2.9888,2.9888,2.9943,2.9943,2.9938,2.9938,14
2026-05-27 11:44:00,2.9893,2.9898,2.9888,2.9898,2.9943,2.9948,2.9938,2.9948,12
2026-05-27 11:45:00,2.9888,2.9898,2.9888,2.9898,2.9938,2.9948,2.9938,2.9948,2
2026-05-27 11:46:00,2.9888,2.9898,2.9888,2.9888,2.9938,2.9948,2.9938,2.9938,3
2026-05-27 11:47:00,2.9878,2.9938,2.9878,2.9928,2.9928,2.9988,2.9928,2.9978,9
2026-05-27 11:48:00,2.9933,2.9938,2.9928,2.9938,2.9983,2.9988,2.9978,2.9988,8
2026-05-27 11:49:00,2.9928,2.9938,2.9928,2.9928,2.9978,2.9988,2.9978,2.9978,5
2026-05-27 11:50:00,2.9918,2.9928,2.9918,2.9928,2.9968,2.9978,2.9968,2.9978,7
2026-05-27 11:51:00,2.9923,2.9938,2.9923,2.9938,2.9973,2.9988,2.9973,2.9988,3
2026-05-27 11:53:00,2.9948,2.9948,2.9938,2.9948,2.9998,2.9998,2.9988,2.9998,12
2026-05-27 11:54:00,2.9938,2.9948,2.9938,2.9938,2.9988,2.9998,2.9988,2.9988,6
2026-05-27 11:56:00,2.9928,2.9928,2.9928,2.9928,2.9978,2.9978,2.9978,2.9978,1
2026-05-27 11:57:00,2.9918,2.9928,2.9918,2.9928,2.9968,2.9978,2.9968,2.9978,2
2026-05-27 11:59:00,2.9918,2.9928,2.9918,2.9928,2.9968,2.9978,2.9968,2.9978,2
2026-05-27 12:00:00,2.9938,2.9958,2.9928,2.9953,2.9988,3.0008,2.9978,3.0003,9
2026-05-27 12:01:00,2.9958,2.9998,2.9958,2.9988,3.0008,3.0048,3.0008,3.0038,10
2026-05-27 12:02:00,2.9978,3.0008,2.9978,3.0008,3.0028,3.0058,3.0028,3.0058,14
2026-05-27 12:03:00,3.0013,3.0068,3.0013,3.0068,3.0063,3.0118,3.0063,3.0118,13
2026-05-27 12:04:00,3.0058,3.0068,3.0048,3.0058,3.0108,3.0118,3.0098,3.0108,9
2026-05-27 12:05:00,3.0068,3.0068,3.0038,3.0058,3.0118,3.0118,3.0088,3.0108,10
2026-05-27 12:06:00,3.0068,3.0068,3.0048,3.0058,3.0118,3.0118,3.0098,3.0108,9
2026-05-27 12:07:00,3.0053,3.0068,3.0048,3.0068,3.0103,3.0118,3.0098,3.0118,10
2026-05-27 12:08:00,3.0078,3.0088,3.0068,3.0073,3.0128,3.0138,3.0118,3.0123,7
2026-05-27 12:09:00,3.0068,3.0068,3.0018,3.0018,3.0118,3.0118,3.0068,3.0068,11
2026-05-27 12:10:00,3.0008,3.0028,3.0008,3.0028,3.0058,3.0078,3.0058,3.0078,5
2026-05-27 12:11:00,3.0018,3.0018,3.0008,3.0008,3.0068,3.0068,3.0058,3.0058,4
2026-05-27 12:12:00,2.9998,2.9998,2.9998,2.9998,3.0048,3.0048,3.0048,3.0048,1
2026-05-27 12:14:00,3.0008,3.0008,3.0008,3.0008,3.0058,3.0058,3.0058,3.0058,1
2026-05-27 12:15:00,3.0013,3.0018,3.0008,3.0018,3.0063,3.0068,3.0058,3.0068,4
2026-05-27 12:16:00,3.0008,3.0028,3.0008,3.0018,3.0058,3.0078,3.0058,3.0068,21
2026-05-27 12:17:00,3.0023,3.0028,3.0018,3.0028,3.0073,3.0078,3.0068,3.0078,5
2026-05-27 12:18:00,3.0018,3.0028,3.0018,3.0028,3.0068,3.0078,3.0068,3.0078,2
2026-05-27 12:19:00,3.0038,3.0038,3.0028,3.0028,3.0088,3.0088,3.0078,3.0078,3
2026-05-27 12:20:00,3.0018,3.0018,3.0018,3.0018,3.0068,3.0068,3.0068,3.0068,1
2026-05-27 12:21:00,3.0028,3.0038,3.0028,3.0038,3.0078,3.0088,3.0078,3.0088,2
2026-05-27 12:22:00,3.0048,3.0068,3.0018,3.0068,3.0098,3.0118,3.0068,3.0118,10
2026-05-27 12:24:00,3.0058,3.0078,3.0058,3.0078,3.0108,3.0128,3.0108,3.0128,4
2026-05-27 12:25:00,3.0088,3.0138,3.0078,3.0128,3.0138,3.0188,3.0128,3.0178,13
2026-05-27 12:26:00,3.0118,3.0118,3.0088,3.0088,3.0168,3.0168,3.0138,3.0138,4
2026-05-27 12:27:00,3.0093,3.0108,3.0093,3.0108,3.0143,3.0158,3.0143,3.0158,10
2026-05-27 12:28:00,3.0118,3.0128,3.0108,3.0118,3.0168,3.0178,3.0158,3.0168,18
2026-05-27 12:29:00,3.0113,3.0118,3.0113,3.0118,3.0163,3.0168,3.0163,3.0168,2
2026-05-27 12:30:00,3.0123,3.0128,3.0108,3.0128,3.0173,3.0178,3.0158,3.0178,11
2026-05-27 12:31:00,3.0133,3.0148,3.0113,3.0148,3.0183,3.0198,3.0163,3.0198,19
2026-05-27 12:32:00,3.0158,3.0188,3.0148,3.0168,3.0208,3.0238,3.0198,3.0218,15
2026-05-27 12:33:00,3.0173,3.0173,3.0148,3.0168,3.0223,3.0223,3.0198,3.0218,8
2026-05-27 12:34:00,3.0158,3.0178,3.0158,3.0168,3.0208,3.0228,3.0208,3.0218,6
2026-05-27 12:35:00,3.0158,3.0158,3.0148,3.0158,3.0208,3.0208,3.0198,3.0208,6
2026-05-27 12:36:00,3.0168,3.0168,3.0148,3.0148,3.0218,3.0218,3.0198,3.0198,6
2026-05-27 12:37:00,3.0153,3.0168,3.0148,3.0163,3.0203,3.0218,3.0198,3.0213,9
2026-05-27 12:38:00,3.0168,3.0178,3.0158,3.0178,3.0218,3.0228,3.0208,3.0228,7
2026-05-27 12:39:00,3.0168,3.0188,3.0168,3.0178,3.0218,3.0238,3.0218,3.0228,7
2026-05-27 12:40:00,3.0188,3.0208,3.0188,3.0188,3.0238,3.0258,3.0238,3.0238,8
2026-05-27 12:41:00,3.0178,3.0188,3.0178,3.0188,3.0228,3.0238,3.0228,3.0238,4
2026-05-27 12:42:00,3.0198,3.0198,3.0188,3.0188,3.0248,3.0248,3.0238,3.0238,2
2026-05-27 12:43:00,3.0178,3.0188,3.0168,3.0178,3.0228,3.0238,3.0218,3.0228,9
2026-05-27 12:44:00,3.0188,3.0198,3.0188,3.0198,3.0238,3.0248,3.0238,3.0248,4
2026-05-27 12:45:00,3.0208,3.0258,3.0208,3.0258,3.0258,3.0308,3.0258,3.0308,15
2026-05-27 12:46:00,3.0248,3.0248,3.0238,3.0238,3.0298,3.0298,3.0288,3.0288,4
2026-05-27 12:47:00,3.0248,3.0248,3.0238,3.0248,3.0298,3.0298,3.0288,3.0298,6
2026-05-27 12:48:00,3.0258,3.0258,3.0248,3.0258,3.0308,3.0308,3.0298,3.0308,3
2026-05-27 12:49:00,3.0268,3.0268,3.0258,3.0258,3.0318,3.0318,3.0308,3.0308,2
2026-05-27 12:50:00,3.0248,3.0258,3.0248,3.0258,3.0298,3.0308,3.0298,3.0308,2
2026-05-27 12:51:00,3.0248,3.0248,3.0228,3.0248,3.0298,3.0298,3.0278,3.0298,8
2026-05-27 12:52:00,3.0253,3.0253,3.0248,3.0248,3.0303,3.0303,3.0298,3.0298,2
2026-05-27 12:53:00,3.0258,3.0258,3.0258,3.0258,3.0308,3.0308,3.0308,3.0308,1
2026-05-27 12:55:00,3.0268,3.0278,3.0248,3.0268,3.0318,3.0328,3.0298,3.0318,10
2026-05-27 12:56:00,3.0278,3.0308,3.0278,3.0308,3.0328,3.0358,3.0328,3.0358,13
2026-05-27 12:57:00,3.0298,3.0298,3.0278,3.0293,3.0348,3.0348,3.0328,3.0343,8
2026-05-27 12:58:00,3.0298,3.0308,3.0288,3.0298,3.0348,3.0358,3.0338,3.0348,9
2026-05-27 12:59:00,3.0288,3.0318,3.0278,3.0308,3.0338,3.0368,3.0328,3.0358,15
2026-05-27 13:00:00,3.0318,3.0348,3.0318,3.0338,3.0368,3.0398,3.0368,3.0388,21
2026-05-27 13:01:00,3.0328,3.0333,3.0308,3.0308,3.0378,3.0383,3.0358,3.0358,15
2026-05-27 13:02:00,3.0303,3.0318,3.0293,3.0318,3.0353,3.0368,3.0343,3.0368,21
2026-05-27 13:03:00,3.0308,3.0368,3.0308,3.0348,3.0358,3.0418,3.0358,3.0398,17
2026-05-27 13:04:00,3.0338,3.0348,3.0338,3.0338,3.0388,3.0398,3.0388,3.0388,5
2026-05-27 13:05:00,3.0333,3.0338,3.0328,3.0328,3.0383,3.0388,3.0378,3.0378,8
2026-05-27 13:06:00,3.0338,3.0368,3.0338,3.0358,3.0388,3.0418,3.0388,3.0408,6
2026-05-27 13:07:00,3.0348,3.0348,3.0338,3.0338,3.0398,3.0398,3.0388,3.0388,2
2026-05-27 13:08:00,3.0328,3.0358,3.0328,3.0358,3.0378,3.0408,3.0378,3.0408,12
2026-05-27 13:09:00,3.0348,3.0358,3.0348,3.0348,3.0398,3.0408,3.0398,3.0398,5
2026-05-27 13:10:00,3.0338,3.0398,3.0338,3.0398,3.0388,3.0448,3.0388,3.0448,14
2026-05-27 13:11:00,3.0388,3.0398,3.0373,3.0388,3.0438,3.0448,3.0423,3.0438,18
2026-05-27 13:12:00,3.0398,3.0398,3.0378,3.0388,3.0448,3.0448,3.0428,3.0438,12
2026-05-27 13:13:00,3.0378,3.0438,3.0378,3.0438,3.0428,3.0488,3.0428,3.0488,15
2026-05-27 13:14:00,3.0448,3.0538,3.0438,3.0488,3.0498,3.0588,3.0488,3.0538,55
2026-05-27 13:15:00,3.0493,3.0508,3.0478,3.0488,3.0543,3.0558,3.0528,3.0538,18
2026-05-27 13:16:00,3.0478,3.0538,3.0478,3.0508,3.0528,3.0588,3.0528,3.0558,46
2026-05-27 13:17:00,3.0513,3.0608,3.0513,3.0598,3.0563,3.0658,3.0563,3.0648,27
2026-05-27 13:18:00,3.0588,3.0598,3.0578,3.0578,3.0638,3.0648,3.0628,3.0628,20
2026-05-27 13:19:00,3.0583,3.0608,3.0583,3.0598,3.0633,3.0658,3.0633,3.0648,8
2026-05-27 13:20:00,3.0603,3.0608,3.0568,3.0568,3.0653,3.0658,3.0618,3.0618,16
2026-05-27 13:21:00,3.0578,3.0578,3.0538,3.0548,3.0628,3.0628,3.0588,3.0598,18
2026-05-27 13:22:00,3.0558,3.0558,3.0503,3.0518,3.0608,3.0608,3.0553,3.0568,14
2026-05-27 13:23:00,3.0508,3.0538,3.0498,3.0538,3.0558,3.0588,3.0548,3.0588,25
2026-05-27 13:24:00,3.0548,3.0558,3.0528,3.0538,3.0598,3.0608,3.0578,3.0588,10
2026-05-27 13:25:00,3.0548,3.0568,3.0533,3.0558,3.0598,3.0618,3.0583,3.0608,19
2026-05-27 13:26:00,3.0568,3.0598,3.0558,3.0568,3.0618,3.0648,3.0608,3.0618,12
2026-05-27 13:27:00,3.0558,3.0578,3.0548,3.0548,3.0608,3.0628,3.0598,3.0598,15
2026-05-27 13:28:00,3.0538,3.0578,3.0538,3.0578,3.0588,3.0628,3.0588,3.0628,6
2026-05-27 13:29:00,3.0573,3.0598,3.0568,3.0568,3.0623,3.0648,3.0618,3.0618,14
2026-05-27 13:30:00,3.0558,3.0558,3.0508,3.0538,3.0608,3.0608,3.0558,3.0588,27
2026-05-27 13:31:00,3.0528,3.0528,3.0488,3.0508,3.0578,3.0578,3.0538,3.0558,23
2026-05-27 13:32:00,3.0513,3.0538,3.0508,3.0528,3.0563,3.0588,3.0558,3.0578,12
2026-05-27 13:33:00,3.0538,3.0538,3.0518,3.0528,3.0588,3.0588,3.0568,3.0578,17
2026-05-27 13:34:00,3.0533,3.0548,3.0518,3.0518,3.0583,3.0598,3.0568,3.0568,13
2026-05-27 13:35:00,3.0508,3.0508,3.0468,3.0468,3.0558,3.0558,3.0518,3.0518,29
2026-05-27 13:36:00,3.0463,3.0488,3.0453,3.0478,3.0513,3.0538,3.0503,3.0528,24
2026-05-27 13:37:00,3.0468,3.0478,3.0468,3.0468,3.0518,3.0528,3.0518,3.0518,7
2026-05-27 13:38:00,3.0478,3.0508,3.0478,3.0478,3.0528,3.0558,3.0528,3.0528,9
2026-05-27 13:39:00,3.0468,3.0508,3.0468,3.0498,3.0518,3.0558,3.0518,3.0548,13
2026-05-27 13:40:00,3.0488,3.0528,3.0488,3.0498,3.0538,3.0578,3.0538,3.0548,15
2026-05-27 13:41:00,3.0488,3.0508,3.0478,3.0488,3.0538,3.0558,3.0528,3.0538,11
2026-05-27 13:42:00,3.0498,3.0508,3.0488,3.0508,3.0548,3.0558,3.0538,3.0558,6
2026-05-27 13:43:00,3.0513,3.0628,3.0513,3.0578,3.0563,3.0678,3.0563,3.0628,46
2026-05-27 13:44:00,3.0573,3.0578,3.0548,3.0558,3.0623,3.0628,3.0598,3.0608,23
2026-05-27 13:45:00,3.0568,3.0578,3.0558,3.0568,3.0618,3.0628,3.0608,3.0618,23
2026-05-27 13:46:00,3.0573,3.0638,3.0568,3.0628,3.0623,3.0688,3.0618,3.0678,28
2026-05-27 13:47:00,3.0638,3.0678,3.0628,3.0648,3.0688,3.0728,3.0678,3.0698,45
2026-05-27 13:48:00,3.0653,3.0668,3.0648,3.0653,3.0703,3.0718,3.0698,3.0703,18
2026-05-27 13:49:00,3.0658,3.0688,3.0653,3.0668,3.0708,3.0738,3.0703,3.0718,20
2026-05-27 13:50:00,3.0658,3.0658,3.0628,3.0648,3.0708,3.0708,3.0678,3.0698,25
2026-05-27 13:51:00,3.0638,3.0648,3.0608,3.0618,3.0688,3.0698,3.0658,3.0668,18
2026-05-27 13:52:00,3.0628,3.0708,3.0628,3.0698,3.0678,3.0758,3.0678,3.0748,26
2026-05-27 13:53:00,3.0703,3.0758,3.0703,3.0728,3.0753,3.0808,3.0753,3.0778,43
2026-05-27 13:54:00,3.0718,3.0748,3.0713,3.0728,3.0768,3.0798,3.0763,3.0778,25
2026-05-27 13:55:00,3.0723,3.0723,3.0678,3.0678,3.0773,3.0773,3.0728,3.0728,9
2026-05-27 13:56:00,3.0683,3.0688,3.0668,3.0668,3.0733,3.0738,3.0718,3.0718,12
2026-05-27 13:57:00,3.0673,3.0673,3.0638,3.0638,3.0723,3.0723,3.0688,3.0688,24
2026-05-27 13:58:00,3.0648,3.0668,3.0638,3.0668,3.0698,3.0718,3.0688,3.0718,29
2026-05-27 13:59:00,3.0678,3.0678,3.0648,3.0658,3.0728,3.0728,3.0698,3.0708,10
2026-05-27 14:00:00,3.0648,3.0708,3.0618,3.0708,3.0698,3.0758,3.0668,3.0758,44
2026-05-27 14:01:00,3.0718,3.0718,3.0698,3.0703,3.0768,3.0768,3.0748,3.0753,31
2026-05-27 14:02:00,3.0708,3.0728,3.0678,3.0678,3.0758,3.0778,3.0728,3.0728,30
2026-05-27 14:03:00,3.0663,3.0688,3.0648,3.0668,3.0713,3.0738,3.0698,3.0718,21
2026-05-27 14:04:00,3.0678,3.0738,3.0668,3.0688,3.0728,3.0788,3.0718,3.0738,41
2026-05-27 14:05:00,3.0698,3.0718,3.0668,3.0678,3.0748,3.0768,3.0718,3.0728,34
2026-05-27 14:06:00,3.0673,3.0683,3.0618,3.0628,3.0723,3.0733,3.0668,3.0678,37
2026-05-27 14:07:00,3.0633,3.0658,3.0618,3.0638,3.0683,3.0708,3.0668,3.0688,26
2026-05-27 14:08:00,3.0648,3.0688,3.0638,3.0678,3.0698,3.0738,3.0688,3.0728,24
2026-05-27 14:09:00,3.0668,3.0688,3.0658,3.0668,3.0718,3.0738,3.0708,3.0718,25
2026-05-27 14:10:00,3.0658,3.0708,3.0658,3.0693,3.0708,3.0758,3.0708,3.0743,21
2026-05-27 14:11:00,3.0688,3.0718,3.0688,3.0703,3.0738,3.0768,3.0738,3.0753,18
2026-05-27 14:12:00,3.0698,3.0738,3.0668,3.0678,3.0748,3.0788,3.0718,3.0728,50
2026-05-27 14:13:00,3.0668,3.0708,3.0668,3.0678,3.0718,3.0758,3.0718,3.0728,22
2026-05-27 14:14:00,3.0668,3.0688,3.0668,3.0678,3.0718,3.0738,3.0718,3.0728,22
2026-05-27 14:15:00,3.0683,3.0708,3.0678,3.0693,3.0733,3.0758,3.0728,3.0743,31
2026-05-27 14:16:00,3.0688,3.0738,3.0668,3.0713,3.0738,3.0788,3.0718,3.0763,54
2026-05-27 14:17:00,3.0718,3.0798,3.0718,3.0738,3.0768,3.0848,3.0768,3.0788,64
2026-05-27 14:18:00,3.0728,3.0738,3.0618,3.0638,3.0778,3.0788,3.0668,3.0688,131
2026-05-27 14:19:00,3.0628,3.0708,3.0553,3.0678,3.0678,3.0758,3.0603,3.0728,123
2026-05-27 14:20:00,3.0688,3.0698,3.0648,3.0653,3.0738,3.0748,3.0698,3.0703,45
2026-05-27 14:21:00,3.0658,3.0658,3.0568,3.0638,3.0708,3.0708,3.0618,3.0688,91
2026-05-27 14:22:00,3.0628,3.0628,3.0548,3.0583,3.0678,3.0678,3.0598,3.0633,65
2026-05-27 14:23:00,3.0588,3.0598,3.0548,3.0568,3.0638,3.0648,3.0598,3.0618,83
2026-05-27 14:24:00,3.0558,3.0588,3.0558,3.0588,3.0608,3.0638,3.0608,3.0638,49
2026-05-27 14:25:00,3.0583,3.0598,3.0548,3.0558,3.0633,3.0648,3.0598,3.0608,39
2026-05-27 14:26:00,3.0548,3.0578,3.0538,3.0568,3.0598,3.0628,3.0588,3.0618,27
2026-05-27 14:27:00,3.0563,3.0618,3.0558,3.0588,3.0613,3.0668,3.0608,3.0638,40
2026-05-27 14:28:00,3.0578,3.0588,3.0508,3.0513,3.0628,3.0638,3.0558,3.0563,34
2026-05-27 14:29:00,3.0508,3.0558,3.0508,3.0553,3.0558,3.0608,3.0558,3.0603,28
2026-05-27 14:30:00,3.0558,3.0558,3.0498,3.0538,3.0608,3.0608,3.0548,3.0588,42
2026-05-27 14:31:00,3.0528,3.0548,3.0518,3.0543,3.0578,3.0598,3.0568,3.0593,43
2026-05-27 14:32:00,3.0528,3.0608,3.0518,3.0548,3.0578,3.0658,3.0568,3.0598,67
2026-05-27 14:33:00,3.0558,3.0588,3.0508,3.0518,3.0608,3.0638,3.0558,3.0568,35
2026-05-27 14:34:00,3.0528,3.0538,3.0518,3.0538,3.0578,3.0588,3.0568,3.0588,31
2026-05-27 14:35:00,3.0548,3.0578,3.0538,3.0548,3.0598,3.0628,3.0588,3.0598,32
2026-05-27 14:36:00,3.0538,3.0538,3.0463,3.0483,3.0588,3.0588,3.0513,3.0533,77
2026-05-27 14:37:00,3.0488,3.0498,3.0468,3.0473,3.0538,3.0548,3.0518,3.0523,47
2026-05-27 14:38:00,3.0478,3.0488,3.0458,3.0468,3.0528,3.0538,3.0508,3.0518,30
2026-05-27 14:39:00,3.0458,3.0478,3.0458,3.0463,3.0508,3.0528,3.0508,3.0513,20
2026-05-27 14:40:00,3.0458,3.0468,3.0398,3.0438,3.0508,3.0518,3.0448,3.0488,42
2026-05-27 14:41:00,3.0448,3.0448,3.0368,3.0378,3.0498,3.0498,3.0418,3.0428,38
2026-05-27 14:42:00,3.0408,3.0428,3.0398,3.0408,3.0458,3.0478,3.0448,3.0458,41
2026-05-27 14:43:00,3.0418,3.0418,3.0378,3.0383,3.0468,3.0468,3.0428,3.0433,42
2026-05-27 14:44:00,3.0388,3.0418,3.0358,3.0413,3.0438,3.0468,3.0408,3.0463,43
2026-05-27 14:45:00,3.0418,3.0438,3.0408,3.0408,3.0468,3.0488,3.0458,3.0458,15
2026-05-27 14:46:00,3.0418,3.0438,3.0398,3.0428,3.0468,3.0488,3.0448,3.0478,21
2026-05-27 14:47:00,3.0418,3.0468,3.0418,3.0468,3.0468,3.0518,3.0468,3.0518,28
2026-05-27 14:48:00,3.0478,3.0488,3.0438,3.0438,3.0528,3.0538,3.0488,3.0488,28
2026-05-27 14:49:00,3.0428,3.0488,3.0428,3.0478,3.0478,3.0538,3.0478,3.0528,40
2026-05-27 14:50:00,3.0468,3.0508,3.0438,3.0498,3.0518,3.0558,3.0488,3.0548,42
2026-05-27 14:51:00,3.0508,3.0538,3.0498,3.0518,3.0558,3.0588,3.0548,3.0568,34
2026-05-27 14:52:00,3.0523,3.0538,3.0498,3.0508,3.0573,3.0588,3.0548,3.0558,27
2026-05-27 14:53:00,3.0498,3.0498,3.0478,3.0478,3.0548,3.0548,3.0528,3.0528,3
2026-05-27 14:54:00,3.0488,3.0528,3.0478,3.0498,3.0538,3.0578,3.0528,3.0548,28
2026-05-27 14:55:00,3.0508,3.0508,3.0398,3.0408,3.0558,3.0558,3.0448,3.0458,24
2026-05-27 14:56:00,3.0403,3.0458,3.0403,3.0413,3.0453,3.0508,3.0453,3.0463,24
2026-05-27 14:57:00,3.0408,3.0418,3.0398,3.0398,3.0458,3.0468,3.0448,3.0448,16
2026-05-27 14:58:00,3.0408,3.0408,3.0388,3.0398,3.0458,3.0458,3.0438,3.0448,7
2026-05-27 14:59:00,3.0388,3.0398,3.0278,3.0288,3.0438,3.0448,3.0328,3.0338,67
2026-05-27 15:00:00,3.0278,3.0438,3.0278,3.0403,3.0328,3.0488,3.0328,3.0453,94
2026-05-27 15:01:00,3.0398,3.0408,3.0358,3.0388,3.0448,3.0458,3.0408,3.0438,69
2026-05-27 15:02:00,3.0378,3.0408,3.0378,3.0398,3.0428,3.0458,3.0428,3.0448,39
2026-05-27 15:03:00,3.0408,3.0428,3.0388,3.0408,3.0458,3.0478,3.0438,3.0458,14
2026-05-27 15:04:00,3.0398,3.0428,3.0388,3.0418,3.0448,3.0478,3.0438,3.0468,36
2026-05-27 15:05:00,3.0408,3.0498,3.0408,3.0488,3.0458,3.0548,3.0458,3.0538,48
2026-05-27 15:06:00,3.0493,3.0498,3.0458,3.0478,3.0543,3.0548,3.0508,3.0528,24
2026-05-27 15:07:00,3.0488,3.0498,3.0468,3.0493,3.0538,3.0548,3.0518,3.0543,42
2026-05-27 15:08:00,3.0498,3.0498,3.0468,3.0493,3.0548,3.0548,3.0518,3.0543,20
2026-05-27 15:09:00,3.0488,3.0508,3.0488,3.0488,3.0538,3.0558,3.0538,3.0538,14
2026-05-27 15:10:00,3.0498,3.0538,3.0488,3.0508,3.0548,3.0588,3.0538,3.0558,29
2026-05-27 15:11:00,3.0518,3.0528,3.0498,3.0498,3.0568,3.0578,3.0548,3.0548,13
2026-05-27 15:12:00,3.0508,3.0528,3.0498,3.0528,3.0558,3.0578,3.0548,3.0578,18
2026-05-27 15:13:00,3.0538,3.0568,3.0518,3.0568,3.0588,3.0618,3.0568,3.0618,23
2026-05-27 15:14:00,3.0558,3.0618,3.0548,3.0608,3.0608,3.0668,3.0598,3.0658,32
2026-05-27 15:15:00,3.0598,3.0638,3.0588,3.0608,3.0648,3.0688,3.0638,3.0658,50
2026-05-27 15:16:00,3.0618,3.0618,3.0588,3.0608,3.0668,3.0668,3.0638,3.0658,20
2026-05-27 15:17:00,3.0618,3.0678,3.0613,3.0668,3.0668,3.0728,3.0663,3.0718,29
2026-05-27 15:18:00,3.0678,3.0693,3.0668,3.0688,3.0728,3.0743,3.0718,3.0738,10
2026-05-27 15:19:00,3.0678,3.0738,3.0678,3.0688,3.0728,3.0788,3.0728,3.0738,35
2026-05-27 15:20:00,3.0678,3.0698,3.0658,3.0678,3.0728,3.0748,3.0708,3.0728,42
2026-05-27 15:21:00,3.0668,3.0678,3.0638,3.0658,3.0718,3.0728,3.0688,3.0708,41
2026-05-27 15:22:00,3.0668,3.0668,3.0648,3.0658,3.0718,3.0718,3.0698,3.0708,31
2026-05-27 15:23:00,3.0648,3.0648,3.0588,3.0588,3.0698,3.0698,3.0638,3.0638,32
2026-05-27 15:24:00,3.0598,3.0618,3.0588,3.0608,3.0648,3.0668,3.0638,3.0658,23
2026-05-27 15:25:00,3.0598,3.0658,3.0588,3.0648,3.0648,3.0708,3.0638,3.0698,25
2026-05-27 15:26:00,3.0658,3.0658,3.0618,3.0618,3.0708,3.0708,3.0668,3.0668,21
2026-05-27 15:27:00,3.0628,3.0678,3.0618,3.0658,3.0678,3.0728,3.0668,3.0708,39
2026-05-27 15:28:00,3.0668,3.0678,3.0638,3.0658,3.0718,3.0728,3.0688,3.0708,25
2026-05-27 15:29:00,3.0648,3.0668,3.0638,3.0658,3.0698,3.0718,3.0688,3.0708,16
2026-05-27 15:30:00,3.0648,3.0718,3.0633,3.0678,3.0698,3.0768,3.0683,3.0728,77
2026-05-27 15:31:00,3.0668,3.0758,3.0668,3.0738,3.0718,3.0808,3.0718,3.0788,49
2026-05-27 15:32:00,3.0748,3.0798,3.0708,3.0708,3.0798,3.0848,3.0758,3.0758,75
2026-05-27 15:33:00,3.0698,3.0728,3.0678,3.0708,3.0748,3.0778,3.0728,3.0758,66
2026-05-27 15:34:00,3.0718,3.0738,3.0698,3.0728,3.0768,3.0788,3.0748,3.0778,48
2026-05-27 15:35:00,3.0738,3.0758,3.0708,3.0718,3.0788,3.0808,3.0758,3.0768,31
2026-05-27 15:36:00,3.0728,3.0738,3.0708,3.0728,3.0778,3.0788,3.0758,3.0778,20
2026-05-27 15:37:00,3.0723,3.0738,3.0718,3.0728,3.0773,3.0788,3.0768,3.0778,27
2026-05-27 15:38:00,3.0738,3.0758,3.0718,3.0718,3.0788,3.0808,3.0768,3.0768,32
2026-05-27 15:39:00,3.0708,3.0768,3.0708,3.0758,3.0758,3.0818,3.0758,3.0808,24
2026-05-27 15:40:00,3.0748,3.0768,3.0738,3.0758,3.0798,3.0818,3.0788,3.0808,14
2026-05-27 15:41:00,3.0768,3.0778,3.0738,3.0738,3.0818,3.0828,3.0788,3.0788,26
2026-05-27 15:42:00,3.0728,3.0768,3.0728,3.0758,3.0778,3.0818,3.0778,3.0808,19
2026-05-27 15:43:00,3.0748,3.0778,3.0748,3.0768,3.0798,3.0828,3.0798,3.0818,14
2026-05-27 15:44:00,3.0778,3.0778,3.0748,3.0758,3.0828,3.0828,3.0798,3.0808,27
2026-05-27 15:45:00,3.0753,3.0768,3.0748,3.0748,3.0803,3.0818,3.0798,3.0798,42
2026-05-27 15:46:00,3.0753,3.0768,3.0728,3.0738,3.0803,3.0818,3.0778,3.0788,30
2026-05-27 15:47:00,3.0748,3.0748,3.0718,3.0738,3.0798,3.0798,3.0768,3.0788,20
2026-05-27 15:48:00,3.0748,3.0778,3.0738,3.0758,3.0798,3.0828,3.0788,3.0808,13
2026-05-27 15:49:00,3.0768,3.0768,3.0748,3.0768,3.0818,3.0818,3.0798,3.0818,15
2026-05-27 15:50:00,3.0778,3.0788,3.0758,3.0768,3.0828,3.0838,3.0808,3.0818,20
2026-05-27 15:51:00,3.0758,3.0778,3.0748,3.0758,3.0808,3.0828,3.0798,3.0808,16
2026-05-27 15:52:00,3.0748,3.0768,3.0748,3.0758,3.0798,3.0818,3.0798,3.0808,14
2026-05-27 15:53:00,3.0763,3.0778,3.0738,3.0758,3.0813,3.0828,3.0788,3.0808,34
2026-05-27 15:54:00,3.0768,3.0788,3.0738,3.0768,3.0818,3.0838,3.0788,3.0818,46
2026-05-27 15:55:00,3.0758,3.0778,3.0758,3.0758,3.0808,3.0828,3.0808,3.0808,30
2026-05-27 15:56:00,3.0768,3.0768,3.0678,3.0728,3.0818,3.0818,3.0728,3.0778,42
2026-05-27 15:57:00,3.0738,3.0748,3.0738,3.0738,3.0788,3.0798,3.0788,3.0788,11
2026-05-27 15:58:00,3.0748,3.0768,3.0728,3.0758,3.0798,3.0818,3.0778,3.0808,36
2026-05-27 15:59:00,3.0768,3.0768,3.0758,3.0768,3.0818,3.0818,3.0808,3.0818,15
2026-05-27 16:00:00,3.0778,3.0848,3.0768,3.0838,3.0828,3.0898,3.0818,3.0888,66
2026-05-27 16:01:00,3.0848,3.0888,3.0798,3.0798,3.0898,3.0938,3.0848,3.0848,53
2026-05-27 16:02:00,3.0808,3.0848,3.0808,3.0848,3.0858,3.0898,3.0858,3.0898,21
2026-05-27 16:03:00,3.0848,3.0848,3.0838,3.0838,3.0908,3.0908,3.0878,3.0888,4
2026-05-27 16:04:00,3.0848,3.0848,3.0838,3.0838,3.0898,3.0908,3.0878,3.0888,9
2026-05-27 16:05:00,3.0828,3.0848,3.0818,3.0838,3.0878,3.0898,3.0868,3.0868,14
2026-05-27 16:06:00,3.0828,3.0848,3.0818,3.0828,3.0878,3.0898,3.0868,3.0878,12
2026-05-27 16:07:00,3.0808,3.0808,3.0778,3.0798,3.0858,3.0858,3.0828,3.0848,14
2026-05-27 16:08:00,3.0778,3.0818,3.0778,3.0788,3.0828,3.0868,3.0828,3.0838,25
2026-05-27 16:09:00,3.0798,3.0798,3.0788,3.0798,3.0848,3.0848,3.0838,3.0848,9
2026-05-27 16:10:00,3.0788,3.0798,3.0758,3.0768,3.0838,3.0848,3.0808,3.0818,20
2026-05-27 16:11:00,3.0763,3.0798,3.0763,3.0788,3.0813,3.0848,3.0813,3.0838,19
2026-05-27 16:12:00,3.0778,3.0818,3.0778,3.0808,3.0828,3.0868,3.0828,3.0858,17
2026-05-27 16:13:00,3.0818,3.0828,3.0818,3.0828,3.0868,3.0878,3.0868,3.0878,4
2026-05-27 16:14:00,3.0818,3.0838,3.0808,3.0808,3.0868,3.0888,3.0858,3.0858,15
2026-05-27 16:15:00,3.0798,3.0818,3.0768,3.0778,3.0848,3.0868,3.0818,3.0828,17
2026-05-27 16:16:00,3.0768,3.0788,3.0768,3.0788,3.0818,3.0838,3.0818,3.0838,10
2026-05-27 16:17:00,3.0798,3.0808,3.0788,3.0793,3.0848,3.0858,3.0838,3.0843,20
2026-05-27 16:18:00,3.0788,3.0808,3.0788,3.0788,3.0838,3.0858,3.0838,3.0838,22
2026-05-27 16:19:00,3.0783,3.0783,3.0758,3.0758,3.0833,3.0833,3.0808,3.0808,14
2026-05-27 16:20:00,3.0748,3.0788,3.0728,3.0758,3.0798,3.0838,3.0778,3.0808,57
2026-05-27 16:21:00,3.0763,3.0768,3.0758,3.0763,3.0808,3.0818,3.0808,3.0813,8
2026-05-27 16:22:00,3.0768,3.0798,3.0758,3.0778,3.0818,3.0848,3.0808,3.0828,38
2026-05-27 16:23:00,3.0788,3.0788,3.0758,3.0778,3.0838,3.0838,3.0808,3.0828,6
2026-05-27 16:24:00,3.0788,3.0808,3.0778,3.0808,3.0838,3.0858,3.0828,3.0858,31
2026-05-27 16:25:00,3.0803,3.0848,3.0788,3.0848,3.0853,3.0898,3.0838,3.0898,30
2026-05-27 16:26:00,3.0838,3.0858,3.0828,3.0848,3.0888,3.0908,3.0878,3.0898,16
2026-05-27 16:27:00,3.0843,3.0858,3.0838,3.0848,3.0893,3.0908,3.0888,3.0898,23
2026-05-27 16:28:00,3.0853,3.0878,3.0848,3.0848,3.0903,3.0928,3.0898,3.0898,15
2026-05-27 16:29:00,3.0838,3.0848,3.0808,3.0828,3.0888,3.0898,3.0858,3.0878,14
2026-05-27 16:30:00,3.0838,3.0848,3.0818,3.0828,3.0888,3.0898,3.0868,3.0878,18
2026-05-27 16:31:00,3.0833,3.0868,3.0828,3.0838,3.0883,3.0918,3.0878,3.0888,33
2026-05-27 16:32:00,3.0828,3.0908,3.0828,3.0898,3.0878,3.0958,3.0878,3.0948,51
2026-05-27 16:33:00,3.0908,3.0928,3.0888,3.0928,3.0958,3.0978,3.0938,3.0978,60
2026-05-27 16:34:00,3.0918,3.0938,3.0908,3.0908,3.0968,3.0988,3.0958,3.0958,15
2026-05-27 16:35:00,3.0918,3.0948,3.0908,3.0918,3.0968,3.0998,3.0958,3.0968,31
2026-05-27 16:36:00,3.0908,3.0918,3.0883,3.0893,3.0958,3.0968,3.0933,3.0943,12
2026-05-27 16:37:00,3.0888,3.0908,3.0868,3.0878,3.0938,3.0958,3.0918,3.0928,27
2026-05-27 16:38:00,3.0868,3.0888,3.0868,3.0878,3.0918,3.0938,3.0918,3.0928,4
2026-05-27 16:39:00,3.0883,3.0898,3.0878,3.0888,3.0933,3.0948,3.0928,3.0938,17
2026-05-27 16:40:00,3.0898,3.0898,3.0828,3.0838,3.0948,3.0948,3.0878,3.0888,24
2026-05-27 16:41:00,3.0848,3.0858,3.0828,3.0838,3.0898,3.0908,3.0878,3.0888,28
2026-05-27 16:42:00,3.0848,3.0898,3.0838,3.0893,3.0898,3.0948,3.0888,3.0943,35
2026-05-27 16:43:00,3.0898,3.0908,3.0848,3.0858,3.0948,3.0958,3.0898,3.0908,23
2026-05-27 16:44:00,3.0863,3.0878,3.0858,3.0878,3.0913,3.0928,3.0908,3.0928,12
2026-05-27 16:45:00,3.0868,3.0878,3.0858,3.0868,3.0918,3.0928,3.0908,3.0918,16
2026-05-27 16:46:00,3.0858,3.0878,3.0848,3.0848,3.0908,3.0928,3.0898,3.0898,16
2026-05-27 16:47:00,3.0838,3.0848,3.0818,3.0848,3.0888,3.0898,3.0868,3.0898,20
2026-05-27 16:48:00,3.0818,3.0828,3.0778,3.0788,3.0868,3.0878,3.0828,3.0838,30
2026-05-27 16:49:00,3.0798,3.0838,3.0788,3.0838,3.0848,3.0888,3.0838,3.0888,29
2026-05-27 16:50:00,3.0828,3.0848,3.0828,3.0838,3.0878,3.0898,3.0878,3.0888,13
2026-05-27 16:51:00,3.0848,3.0848,3.0838,3.0848,3.0898,3.0898,3.0888,3.0898,10
2026-05-27 16:52:00,3.0858,3.0868,3.0848,3.0848,3.0908,3.0918,3.0898,3.0898,17
2026-05-27 16:53:00,3.0858,3.0868,3.0848,3.0848,3.0908,3.0918,3.0898,3.0898,18
2026-05-27 16:54:00,3.0838,3.0848,3.0818,3.0818,3.0888,3.0898,3.0868,3.0868,27
2026-05-27 16:55:00,3.0828,3.0848,3.0828,3.0838,3.0878,3.0898,3.0878,3.0888,6
2026-05-27 16:56:00,3.0828,3.0848,3.0828,3.0838,3.0878,3.0898,3.0878,3.0888,11
2026-05-27 16:57:00,3.0848,3.0848,3.0838,3.0848,3.0898,3.0898,3.0888,3.0898,6
2026-05-27 16:58:00,3.0858,3.0868,3.0858,3.0868,3.0908,3.0918,3.0908,3.0918,2
2026-05-27 16:59:00,3.0858,3.0868,3.0848,3.0848,3.0908,3.0918,3.0898,3.0898,6
2026-05-27 17:00:00,3.0858,3.0878,3.0858,3.0858,3.0908,3.0928,3.0908,3.0908,29
2026-05-27 17:01:00,3.0868,3.0868,3.0748,3.0778,3.0918,3.0918,3.0798,3.0828,66
2026-05-27 17:02:00,3.0768,3.0798,3.0768,3.0798,3.0818,3.0848,3.0818,3.0848,40
2026-05-27 17:03:00,3.0808,3.0808,3.0778,3.0808,3.0858,3.0858,3.0828,3.0858,34
2026-05-27 17:04:00,3.0818,3.0828,3.0788,3.0808,3.0868,3.0878,3.0838,3.0858,48
2026-05-27 17:05:00,3.0818,3.0833,3.0808,3.0828,3.0868,3.0883,3.0858,3.0878,20
2026-05-27 17:06:00,3.0838,3.0848,3.0828,3.0838,3.0888,3.0898,3.0878,3.0888,26
2026-05-27 17:07:00,3.0848,3.0858,3.0838,3.0848,3.0898,3.0908,3.0888,3.0898,9
2026-05-27 17:08:00,3.0838,3.0858,3.0838,3.0858,3.0888,3.0908,3.0888,3.0908,9
2026-05-27 17:09:00,3.0868,3.0888,3.0868,3.0878,3.0918,3.0938,3.0918,3.0928,24
2026-05-27 17:10:00,3.0868,3.0878,3.0858,3.0868,3.0918,3.0928,3.0908,3.0918,22
2026-05-27 17:11:00,3.0873,3.0878,3.0868,3.0878,3.0923,3.0928,3.0918,3.0928,4
2026-05-27 17:12:00,3.0888,3.1048,3.0888,3.1048,3.0938,3.1098,3.0938,3.1098,90
2026-05-27 17:13:00,3.1043,3.1078,3.1028,3.1068,3.1093,3.1128,3.1078,3.1118,37
2026-05-27 17:14:00,3.1058,3.1148,3.1048,3.1098,3.1108,3.1198,3.1098,3.1148,92
2026-05-27 17:15:00,3.1108,3.1118,3.1048,3.1068,3.1158,3.1168,3.1098,3.1118,47
2026-05-27 17:16:00,3.1078,3.1128,3.1078,3.1128,3.1128,3.1178,3.1128,3.1178,39
2026-05-27 17:17:00,3.1123,3.1148,3.1098,3.1098,3.1173,3.1198,3.1148,3.1148,31
2026-05-27 17:18:00,3.1108,3.1118,3.1078,3.1078,3.1158,3.1168,3.1128,3.1128,18
2026-05-27 17:19:00,3.1068,3.1088,3.1068,3.1078,3.1118,3.1138,3.1118,3.1128,30
2026-05-27 17:20:00,3.1088,3.1088,3.1058,3.1078,3.1138,3.1138,3.1108,3.1128,25
2026-05-27 17:21:00,3.1088,3.1158,3.1088,3.1148,3.1138,3.1208,3.1138,3.1198,41
2026-05-27 17:22:00,3.1158,3.1158,3.1118,3.1138,3.1208,3.1208,3.1168,3.1188,20
2026-05-27 17:23:00,3.1148,3.1148,3.1128,3.1138,3.1198,3.1198,3.1178,3.1188,7
2026-05-27 17:24:00,3.1128,3.1158,3.1098,3.1128,3.1178,3.1208,3.1148,3.1178,41
2026-05-27 17:25:00,3.1133,3.1148,3.1118,3.1138,3.1183,3.1198,3.1168,3.1188,25
2026-05-27 17:26:00,3.1148,3.1148,3.1128,3.1148,3.1198,3.1198,3.1178,3.1198,24
2026-05-27 17:27:00,3.1158,3.1158,3.1128,3.1138,3.1208,3.1208,3.1178,3.1188,21
2026-05-27 17:28:00,3.1128,3.1148,3.1108,3.1128,3.1178,3.1198,3.1158,3.1178,23
2026-05-27 17:29:00,3.1133,3.1148,3.1118,3.1118,3.1183,3.1198,3.1168,3.1168,25
2026-05-27 17:30:00,3.1128,3.1178,3.1128,3.1173,3.1178,3.1228,3.1178,3.1223,21
2026-05-27 17:31:00,3.1168,3.1188,3.1148,3.1178,3.1218,3.1238,3.1198,3.1228,40
2026-05-27 17:32:00,3.1188,3.1188,3.1148,3.1158,3.1238,3.1238,3.1198,3.1208,28
2026-05-27 17:33:00,3.1168,3.1168,3.1138,3.1158,3.1218,3.1218,3.1188,3.1208,29
2026-05-27 17:34:00,3.1163,3.1178,3.1148,3.1148,3.1213,3.1228,3.1198,3.1198,24
2026-05-27 17:35:00,3.1158,3.1178,3.1148,3.1158,3.1208,3.1228,3.1198,3.1208,21
2026-05-27 17:36:00,3.1148,3.1158,3.1098,3.1148,3.1198,3.1208,3.1148,3.1198,36
2026-05-27 17:37:00,3.1158,3.1188,3.1158,3.1168,3.1208,3.1238,3.1208,3.1218,25
2026-05-27 17:38:00,3.1158,3.1168,3.1148,3.1168,3.1208,3.1218,3.1198,3.1218,12
2026-05-27 17:39:00,3.1158,3.1168,3.1158,3.1168,3.1208,3.1218,3.1208,3.1218,7
2026-05-27 17:40:00,3.1173,3.1178,3.1138,3.1158,3.1223,3.1228,3.1188,3.1208,43
2026-05-27 17:41:00,3.1153,3.1158,3.1128,3.1128,3.1203,3.1208,3.1178,3.1178,20
2026-05-27 17:42:00,3.1138,3.1158,3.1123,3.1148,3.1188,3.1208,3.1173,3.1198,12
2026-05-27 17:43:00,3.1153,3.1168,3.1148,3.1158,3.1203,3.1218,3.1198,3.1208,25
2026-05-27 17:44:00,3.1153,3.1158,3.1098,3.1108,3.1203,3.1208,3.1148,3.1158,54
2026-05-27 17:45:00,3.1098,3.1118,3.1078,3.1118,3.1148,3.1168,3.1128,3.1168,39
2026-05-27 17:46:00,3.1123,3.1138,3.1118,3.1138,3.1173,3.1188,3.1168,3.1188,10
2026-05-27 17:47:00,3.1148,3.1168,3.1138,3.1138,3.1198,3.1218,3.1188,3.1188,21
2026-05-27 17:48:00,3.1148,3.1158,3.1138,3.1138,3.1198,3.1208,3.1188,3.1188,7
2026-05-27 17:49:00,3.1148,3.1168,3.1138,3.1168,3.1198,3.1218,3.1188,3.1218,17
2026-05-27 17:50:00,3.1158,3.1178,3.1158,3.1178,3.1208,3.1228,3.1208,3.1228,9
2026-05-27 17:51:00,3.1188,3.1198,3.1168,3.1188,3.1238,3.1248,3.1218,3.1238,13
2026-05-27 17:52:00,3.1193,3.1198,3.1188,3.1188,3.1243,3.1248,3.1238,3.1238,7
2026-05-27 17:53:00,3.1193,3.1198,3.1148,3.1158,3.1243,3.1248,3.1198,3.1208,21
2026-05-27 17:54:00,3.1168,3.1178,3.1128,3.1143,3.1218,3.1228,3.1178,3.1193,23
2026-05-27 17:55:00,3.1148,3.1178,3.1148,3.1178,3.1198,3.1228,3.1198,3.1228,13
2026-05-27 17:56:00,3.1168,3.1178,3.1158,3.1168,3.1218,3.1228,3.1208,3.1218,19
2026-05-27 17:57:00,3.1173,3.1178,3.1168,3.1178,3.1223,3.1228,3.1218,3.1228,21
2026-05-27 17:58:00,3.1188,3.1188,3.1178,3.1178,3.1238,3.1238,3.1228,3.1228,2
2026-05-27 17:59:00,3.1173,3.1188,3.1173,3.1178,3.1223,3.1238,3.1223,3.1228,12
2026-05-27 18:00:00,3.1188,3.1198,3.1178,3.1188,3.1238,3.1248,3.1228,3.1238,14
2026-05-27 18:01:00,3.1178,3.1198,3.1168,3.1188,3.1228,3.1248,3.1218,3.1238,24
2026-05-27 18:02:00,3.1198,3.1208,3.1188,3.1198,3.1248,3.1258,3.1238,3.1248,15
2026-05-27 18:03:00,3.1188,3.1228,3.1183,3.1188,3.1238,3.1278,3.1233,3.1238,57
2026-05-27 18:04:00,3.1178,3.1208,3.1178,3.1188,3.1228,3.1258,3.1228,3.1238,52
2026-05-27 18:05:00,3.1193,3.1208,3.1188,3.1208,3.1243,3.1258,3.1238,3.1258,24
2026-05-27 18:06:00,3.1218,3.1218,3.1188,3.1213,3.1268,3.1268,3.1238,3.1263,24
2026-05-27 18:07:00,3.1208,3.1278,3.1208,3.1268,3.1258,3.1328,3.1258,3.1318,22
2026-05-27 18:08:00,3.1278,3.1348,3.1258,3.1308,3.1328,3.1398,3.1308,3.1358,68
2026-05-27 18:09:00,3.1318,3.1318,3.1288,3.1298,3.1368,3.1368,3.1338,3.1348,28
2026-05-27 18:10:00,3.1308,3.1308,3.1268,3.1268,3.1358,3.1358,3.1318,3.1318,36
2026-05-27 18:11:00,3.1278,3.1308,3.1268,3.1278,3.1328,3.1358,3.1318,3.1328,30
2026-05-27 18:12:00,3.1288,3.1288,3.1258,3.1258,3.1338,3.1338,3.1308,3.1308,4
2026-05-27 18:13:00,3.1268,3.1278,3.1258,3.1268,3.1318,3.1328,3.1308,3.1318,23
2026-05-27 18:14:00,3.1273,3.1288,3.1238,3.1248,3.1323,3.1338,3.1288,3.1298,9
2026-05-27 18:15:00,3.1238,3.1268,3.1238,3.1248,3.1288,3.1318,3.1288,3.1298,35
2026-05-27 18:16:00,3.1258,3.1258,3.1248,3.1258,3.1308,3.1308,3.1298,3.1308,14
2026-05-27 18:17:00,3.1268,3.1278,3.1258,3.1278,3.1318,3.1328,3.1308,3.1328,17
2026-05-27 18:18:00,3.1288,3.1308,3.1288,3.1308,3.1338,3.1358,3.1338,3.1358,9
2026-05-27 18:19:00,3.1298,3.1308,3.1268,3.1268,3.1348,3.1358,3.1318,3.1318,20
2026-05-27 18:20:00,3.1273,3.1288,3.1258,3.1288,3.1323,3.1338,3.1308,3.1338,14
2026-05-27 18:21:00,3.1278,3.1298,3.1278,3.1298,3.1328,3.1348,3.1328,3.1348,9
2026-05-27 18:22:00,3.1288,3.1288,3.1248,3.1248,3.1338,3.1338,3.1298,3.1298,26
2026-05-27 18:23:00,3.1258,3.1268,3.1248,3.1248,3.1308,3.1318,3.1298,3.1298,19
2026-05-27 18:24:00,3.1238,3.1268,3.1238,3.1263,3.1288,3.1318,3.1288,3.1313,15
2026-05-27 18:25:00,3.1258,3.1268,3.1258,3.1268,3.1308,3.1318,3.1308,3.1318,17
2026-05-27 18:26:00,3.1258,3.1268,3.1238,3.1258,3.1308,3.1318,3.1288,3.1308,16
2026-05-27 18:27:00,3.1268,3.1283,3.1258,3.1278,3.1318,3.1333,3.1308,3.1328,22
2026-05-27 18:28:00,3.1283,3.1298,3.1278,3.1288,3.1333,3.1348,3.1328,3.1338,12
2026-05-27 18:29:00,3.1298,3.1318,3.1288,3.1318,3.1348,3.1368,3.1338,3.1368,9
2026-05-27 18:30:00,3.1308,3.1328,3.1308,3.1328,3.1358,3.1378,3.1358,3.1378,12
2026-05-27 18:31:00,3.1318,3.1328,3.1288,3.1293,3.1368,3.1378,3.1338,3.1343,47
2026-05-27 18:32:00,3.1288,3.1318,3.1288,3.1318,3.1338,3.1368,3.1338,3.1368,32
2026-05-27 18:33:00,3.1313,3.1318,3.1278,3.1308,3.1363,3.1368,3.1328,3.1358,23
2026-05-27 18:34:00,3.1318,3.1348,3.1308,3.1338,3.1368,3.1398,3.1358,3.1388,10
2026-05-27 18:35:00,3.1348,3.1348,3.1308,3.1318,3.1398,3.1398,3.1358,3.1368,28
2026-05-27 18:36:00,3.1323,3.1338,3.1318,3.1318,3.1373,3.1388,3.1368,3.1368,8
2026-05-27 18:37:00,3.1328,3.1328,3.1308,3.1318,3.1378,3.1378,3.1358,3.1368,13
2026-05-27 18:38:00,3.1308,3.1318,3.1308,3.1318,3.1358,3.1368,3.1358,3.1368,9
2026-05-27 18:39:00,3.1308,3.1328,3.1298,3.1298,3.1358,3.1378,3.1348,3.1348,17
2026-05-27 18:40:00,3.1308,3.1328,3.1298,3.1328,3.1358,3.1378,3.1348,3.1378,12
2026-05-27 18:41:00,3.1318,3.1338,3.1298,3.1338,3.1368,3.1388,3.1348,3.1388,22
2026-05-27 18:42:00,3.1328,3.1328,3.1298,3.1298,3.1378,3.1378,3.1348,3.1348,23
2026-05-27 18:43:00,3.1308,3.1308,3.1288,3.1308,3.1358,3.1358,3.1338,3.1358,18
2026-05-27 18:44:00,3.1318,3.1328,3.1318,3.1328,3.1368,3.1378,3.1368,3.1378,4
2026-05-27 18:45:00,3.1318,3.1338,3.1318,3.1328,3.1368,3.1388,3.1368,3.1378,6
2026-05-27 18:46:00,3.1318,3.1328,3.1318,3.1328,3.1368,3.1378,3.1368,3.1378,12
2026-05-27 18:47:00,3.1338,3.1338,3.1328,3.1328,3.1388,3.1388,3.1378,3.1378,2
2026-05-27 18:48:00,3.1318,3.1318,3.1308,3.1308,3.1368,3.1368,3.1358,3.1358,10
2026-05-27 18:49:00,3.1298,3.1308,3.1288,3.1298,3.1348,3.1358,3.1338,3.1348,12
2026-05-27 18:50:00,3.1308,3.1308,3.1298,3.1298,3.1358,3.1358,3.1348,3.1348,5
2026-05-27 18:51:00,3.1308,3.1308,3.1308,3.1308,3.1358,3.1358,3.1358,3.1358,1
2026-05-27 18:52:00,3.1318,3.1328,3.1308,3.1318,3.1368,3.1378,3.1358,3.1368,5
2026-05-27 18:53:00,3.1328,3.1328,3.1328,3.1328,3.1378,3.1378,3.1378,3.1378,1
2026-05-27 18:54:00,3.1338,3.1338,3.1318,3.1328,3.1388,3.1388,3.1368,3.1378,7
2026-05-27 18:56:00,3.1338,3.1348,3.1328,3.1328,3.1388,3.1398,3.1378,3.1378,10
2026-05-27 18:57:00,3.1323,3.1338,3.1323,3.1328,3.1373,3.1388,3.1373,3.1378,6
2026-05-27 18:59:00,3.1338,3.1338,3.1318,3.1328,3.1388,3.1388,3.1368,3.1378,6
2026-05-27 19:00:00,3.1338,3.1348,3.1328,3.1328,3.1388,3.1398,3.1378,3.1378,9
2026-05-27 19:01:00,3.1318,3.1328,3.1298,3.1318,3.1368,3.1378,3.1348,3.1368,25
2026-05-27 19:02:00,3.1323,3.1328,3.1318,3.1318,3.1373,3.1378,3.1368,3.1368,5
2026-05-27 19:03:00,3.1328,3.1328,3.1308,3.1318,3.1378,3.1378,3.1358,3.1368,10
2026-05-27 19:05:00,3.1328,3.1328,3.1318,3.1318,3.1378,3.1378,3.1368,3.1368,9
2026-05-27 19:06:00,3.1328,3.1348,3.1328,3.1348,3.1378,3.1398,3.1378,3.1398,7
2026-05-27 19:07:00,3.1358,3.1368,3.1338,3.1338,3.1408,3.1418,3.1388,3.1388,7
2026-05-27 19:08:00,3.1328,3.1338,3.1328,3.1328,3.1378,3.1388,3.1378,3.1378,3
2026-05-27 19:09:00,3.1318,3.1318,3.1248,3.1268,3.1368,3.1368,3.1298,3.1318,26
2026-05-27 19:10:00,3.1258,3.1268,3.1168,3.1208,3.1308,3.1318,3.1218,3.1258,61
2026-05-27 19:11:00,3.1218,3.1248,3.1208,3.1218,3.1268,3.1298,3.1258,3.1268,35
2026-05-27 19:12:00,3.1223,3.1228,3.1208,3.1228,3.1273,3.1278,3.1258,3.1278,7
2026-05-27 19:13:00,3.1218,3.1228,3.1198,3.1198,3.1268,3.1278,3.1248,3.1248,15
2026-05-27 19:14:00,3.1208,3.1258,3.1208,3.1248,3.1258,3.1308,3.1258,3.1298,26
2026-05-27 19:15:00,3.1243,3.1308,3.1238,3.1298,3.1293,3.1358,3.1288,3.1348,18
2026-05-27 19:16:00,3.1288,3.1308,3.1278,3.1288,3.1338,3.1358,3.1328,3.1338,12
2026-05-27 19:17:00,3.1283,3.1308,3.1278,3.1308,3.1333,3.1358,3.1328,3.1358,12
2026-05-27 19:18:00,3.1298,3.1328,3.1298,3.1328,3.1348,3.1378,3.1348,3.1378,6
2026-05-27 19:19:00,3.1338,3.1338,3.1328,3.1338,3.1388,3.1388,3.1378,3.1388,26
2026-05-27 19:20:00,3.1343,3.1348,3.1308,3.1308,3.1393,3.1398,3.1358,3.1358,19
2026-05-27 19:21:00,3.1298,3.1308,3.1298,3.1298,3.1348,3.1358,3.1348,3.1348,3
2026-05-27 19:22:00,3.1288,3.1308,3.1268,3.1308,3.1338,3.1358,3.1318,3.1358,17
2026-05-27 19:23:00,3.1298,3.1318,3.1268,3.1318,3.1348,3.1368,3.1318,3.1368,26
2026-05-27 19:24:00,3.1328,3.1348,3.1328,3.1348,3.1378,3.1398,3.1378,3.1398,10
2026-05-27 19:25:00,3.1338,3.1378,3.1338,3.1358,3.1388,3.1428,3.1388,3.1408,31
2026-05-27 19:26:00,3.1348,3.1368,3.1338,3.1338,3.1398,3.1418,3.1388,3.1388,21
2026-05-27 19:27:00,3.1343,3.1343,3.1328,3.1328,3.1393,3.1393,3.1378,3.1378,14
2026-05-27 19:29:00,3.1338,3.1358,3.1328,3.1358,3.1388,3.1408,3.1378,3.1408,22
2026-05-27 19:30:00,3.1348,3.1348,3.1318,3.1318,3.1398,3.1398,3.1368,3.1368,13
2026-05-27 19:31:00,3.1328,3.1328,3.1288,3.1308,3.1378,3.1378,3.1338,3.1358,10
2026-05-27 19:32:00,3.1298,3.1318,3.1288,3.1288,3.1348,3.1368,3.1338,3.1338,15
2026-05-27 19:33:00,3.1293,3.1298,3.1278,3.1278,3.1343,3.1348,3.1328,3.1328,5
2026-05-27 19:34:00,3.1268,3.1288,3.1248,3.1258,3.1318,3.1338,3.1298,3.1308,30
2026-05-27 19:35:00,3.1248,3.1278,3.1248,3.1268,3.1298,3.1328,3.1298,3.1318,13
2026-05-27 19:36:00,3.1278,3.1328,3.1268,3.1308,3.1328,3.1378,3.1318,3.1358,26
2026-05-27 19:37:00,3.1298,3.1298,3.1248,3.1288,3.1348,3.1348,3.1298,3.1338,61
2026-05-27 19:38:00,3.1298,3.1298,3.1268,3.1278,3.1348,3.1348,3.1318,3.1328,14
2026-05-27 19:39:00,3.1268,3.1318,3.1268,3.1308,3.1318,3.1368,3.1318,3.1358,21
2026-05-27 19:40:00,3.1298,3.1308,3.1278,3.1288,3.1348,3.1358,3.1328,3.1338,23
2026-05-27 19:41:00,3.1278,3.1288,3.1268,3.1278,3.1328,3.1338,3.1318,3.1328,7
2026-05-27 19:42:00,3.1273,3.1288,3.1268,3.1288,3.1323,3.1338,3.1318,3.1338,29
2026-05-27 19:43:00,3.1298,3.1318,3.1278,3.1308,3.1348,3.1368,3.1328,3.1358,21
2026-05-27 19:44:00,3.1298,3.1328,3.1298,3.1308,3.1348,3.1378,3.1348,3.1358,8
2026-05-27 19:45:00,3.1318,3.1318,3.1288,3.1318,3.1368,3.1368,3.1338,3.1368,20
2026-05-27 19:46:00,3.1308,3.1348,3.1308,3.1338,3.1358,3.1398,3.1358,3.1388,23
2026-05-27 19:47:00,3.1348,3.1348,3.1338,3.1338,3.1398,3.1398,3.1388,3.1388,6
2026-05-27 19:48:00,3.1348,3.1358,3.1348,3.1358,3.1398,3.1408,3.1398,3.1408,14
2026-05-27 19:49:00,3.1368,3.1378,3.1368,3.1378,3.1418,3.1428,3.1418,3.1428,15
2026-05-27 19:50:00,3.1388,3.1408,3.1358,3.1368,3.1438,3.1458,3.1408,3.1418,71
2026-05-27 19:51:00,3.1378,3.1418,3.1358,3.1418,3.1428,3.1468,3.1408,3.1468,136
2026-05-27 19:52:00,3.1408,3.1418,3.1368,3.1378,3.1458,3.1468,3.1418,3.1428,18
2026-05-27 19:53:00,3.1373,3.1388,3.1353,3.1358,3.1423,3.1438,3.1403,3.1408,37
2026-05-27 19:54:00,3.1353,3.1408,3.1338,3.1348,3.1403,3.1458,3.1388,3.1398,45
2026-05-27 19:55:00,3.1358,3.1418,3.1358,3.1398,3.1408,3.1468,3.1408,3.1448,45
2026-05-27 19:56:00,3.1388,3.1408,3.1388,3.1408,3.1438,3.1458,3.1438,3.1458,15
2026-05-27 19:57:00,3.1398,3.1448,3.1398,3.1448,3.1448,3.1498,3.1448,3.1498,48
2026-05-27 19:58:00,3.1438,3.1468,3.1408,3.1468,3.1488,3.1518,3.1458,3.1518,53
2026-05-27 19:59:00,3.1448,3.1498,3.1448,3.1488,3.1498,3.1548,3.1498,3.1538,62
2026-05-27 20:00:00,3.1478,3.1518,3.1468,3.1498,3.1528,3.1568,3.1518,3.1548,76
2026-05-27 20:01:00,3.1488,3.1508,3.1458,3.1498,3.1538,3.1558,3.1508,3.1548,79
2026-05-27 20:02:00,3.1488,3.1498,3.1458,3.1468,3.1538,3.1548,3.1508,3.1518,26
2026-05-27 20:03:00,3.1478,3.1518,3.1468,3.1518,3.1528,3.1568,3.1518,3.1568,70
2026-05-27 20:04:00,3.1508,3.1518,3.1468,3.1468,3.1558,3.1568,3.1518,3.1518,27
2026-05-27 20:05:00,3.1478,3.1478,3.1338,3.1338,3.1528,3.1528,3.1388,3.1388,106
2026-05-27 20:06:00,3.1348,3.1418,3.1348,3.1408,3.1398,3.1468,3.1398,3.1458,87
2026-05-27 20:07:00,3.1398,3.1398,3.1348,3.1368,3.1448,3.1448,3.1398,3.1418,45
2026-05-27 20:08:00,3.1378,3.1398,3.1368,3.1388,3.1428,3.1448,3.1418,3.1438,47
2026-05-27 20:09:00,3.1393,3.1398,3.1358,3.1388,3.1443,3.1448,3.1408,3.1438,31
2026-05-27 20:10:00,3.1383,3.1388,3.1338,3.1348,3.1433,3.1438,3.1388,3.1398,30
2026-05-27 20:11:00,3.1358,3.1358,3.1348,3.1358,3.1408,3.1408,3.1398,3.1408,19
2026-05-27 20:12:00,3.1348,3.1358,3.1328,3.1328,3.1398,3.1408,3.1378,3.1378,22
2026-05-27 20:13:00,3.1338,3.1348,3.1318,3.1348,3.1388,3.1398,3.1368,3.1398,37
2026-05-27 20:14:00,3.1343,3.1358,3.1308,3.1308,3.1393,3.1408,3.1358,3.1358,40
2026-05-27 20:15:00,3.1298,3.1308,3.1228,3.1228,3.1348,3.1358,3.1278,3.1278,71
2026-05-27 20:16:00,3.1218,3.1228,3.1178,3.1198,3.1268,3.1278,3.1228,3.1248,103
2026-05-27 20:17:00,3.1188,3.1208,3.1158,3.1178,3.1238,3.1258,3.1208,3.1228,91
2026-05-27 20:18:00,3.1168,3.1208,3.1168,3.1208,3.1218,3.1258,3.1218,3.1258,51
2026-05-27 20:19:00,3.1203,3.1238,3.1198,3.1208,3.1253,3.1288,3.1248,3.1258,61
2026-05-27 20:20:00,3.1198,3.1208,3.1188,3.1188,3.1248,3.1258,3.1238,3.1238,46
2026-05-27 20:21:00,3.1198,3.1198,3.1178,3.1178,3.1248,3.1248,3.1228,3.1228,50
2026-05-27 20:22:00,3.1168,3.1168,3.1098,3.1128,3.1218,3.1218,3.1148,3.1178,69
2026-05-27 20:23:00,3.1138,3.1158,3.1073,3.1148,3.1188,3.1208,3.1123,3.1198,123
2026-05-27 20:24:00,3.1143,3.1143,3.1108,3.1118,3.1193,3.1193,3.1158,3.1168,41
2026-05-27 20:25:00,3.1108,3.1128,3.1078,3.1088,3.1158,3.1178,3.1128,3.1138,45
2026-05-27 20:26:00,3.1098,3.1118,3.1078,3.1088,3.1148,3.1168,3.1128,3.1138,52
2026-05-27 20:27:00,3.1098,3.1098,3.1028,3.1048,3.1148,3.1148,3.1078,3.1098,78
2026-05-27 20:28:00,3.1058,3.1058,3.0958,3.0958,3.1108,3.1108,3.1008,3.1008,134
2026-05-27 20:29:00,3.0948,3.0988,3.0928,3.0938,3.0998,3.1038,3.0978,3.0988,149
2026-05-27 20:30:00,3.0948,3.0968,3.0938,3.0938,3.0998,3.1018,3.0988,3.0988,44
2026-05-27 20:31:00,3.0928,3.0968,3.0918,3.0968,3.0978,3.1018,3.0968,3.1018,29
2026-05-27 20:32:00,3.0958,3.0998,3.0958,3.0988,3.1008,3.1048,3.1008,3.1038,37
2026-05-27 20:33:00,3.0993,3.0998,3.0978,3.0988,3.1043,3.1048,3.1028,3.1038,8
2026-05-27 20:34:00,3.0978,3.0978,3.0908,3.0918,3.1028,3.1028,3.0958,3.0968,32
2026-05-27 20:35:00,3.0913,3.0938,3.0908,3.0928,3.0963,3.0988,3.0958,3.0978,16
2026-05-27 20:36:00,3.0938,3.0948,3.0928,3.0948,3.0988,3.0998,3.0978,3.0998,11
2026-05-27 20:37:00,3.0943,3.0968,3.0938,3.0958,3.0993,3.1018,3.0988,3.1008,15
2026-05-27 20:38:00,3.0963,3.0968,3.0948,3.0958,3.1013,3.1018,3.0998,3.1008,10
2026-05-27 20:39:00,3.0963,3.0963,3.0948,3.0958,3.1013,3.1013,3.0998,3.1008,8
2026-05-27 20:40:00,3.0963,3.0978,3.0963,3.0968,3.1013,3.1028,3.1013,3.1018,11
2026-05-27 20:41:00,3.0973,3.0978,3.0958,3.0968,3.1023,3.1028,3.1008,3.1018,17
2026-05-27 20:42:00,3.0973,3.0973,3.0953,3.0968,3.1023,3.1023,3.1003,3.1018,16
2026-05-27 20:43:00,3.0978,3.0988,3.0958,3.0978,3.1028,3.1038,3.1008,3.1028,20
2026-05-27 20:44:00,3.0973,3.0978,3.0948,3.0948,3.1023,3.1028,3.0998,3.0998,9
2026-05-27 20:45:00,3.0953,3.0958,3.0908,3.0918,3.1003,3.1008,3.0958,3.0968,10
2026-05-27 20:46:00,3.0928,3.0938,3.0928,3.0938,3.0978,3.0988,3.0978,3.0988,5
2026-05-27 20:47:00,3.0948,3.0953,3.0928,3.0948,3.0998,3.1003,3.0978,3.0998,10
2026-05-27 20:48:00,3.0958,3.0968,3.0948,3.0958,3.1008,3.1018,3.0998,3.1008,15
2026-05-27 20:49:00,3.0968,3.0968,3.0958,3.0968,3.1018,3.1018,3.1008,3.1018,5
2026-05-27 20:51:00,3.0973,3.0978,3.0968,3.0968,3.1023,3.1028,3.1018,3.1018,4
2026-05-27 20:52:00,3.0973,3.0988,3.0958,3.0973,3.1023,3.1038,3.1008,3.1023,11
2026-05-27 20:53:00,3.0968,3.0973,3.0968,3.0968,3.1018,3.1023,3.1018,3.1018,7
2026-05-27 20:55:00,3.0973,3.0978,3.0958,3.0968,3.1023,3.1028,3.1008,3.1018,9
2026-05-27 20:56:00,3.0978,3.0978,3.0978,3.0978,3.1028,3.1028,3.1028,3.1028,1
2026-05-27 20:57:00,3.0983,3.0988,3.0968,3.0968,3.1033,3.1038,3.1018,3.1018,4
2026-05-27 20:58:00,3.0958,3.0958,3.0958,3.0958,3.1008,3.1008,3.1008,3.1008,1
2026-05-27 20:59:00,3.0948,3.0958,3.0948,3.0958,3.0998,3.1008,3.0998,3.1008,4
2026-05-27 21:00:00,3.0968,3.0968,3.0958,3.0958,3.1018,3.1018,3.1008,3.1008,5
2026-05-27 21:01:00,3.0968,3.0968,3.0968,3.0968,3.1018,3.1018,3.1018,3.1018,1
2026-05-27 21:02:00,3.0978,3.0988,3.0978,3.0988,3.1028,3.1038,3.1028,3.1038,2
2026-05-27 21:03:00,3.0998,3.0998,3.0998,3.0998,3.1048,3.1048,3.1048,3.1048,1
2026-05-27 21:04:00,3.0988,3.0988,3.0978,3.0978,3.1038,3.1038,3.1028,3.1028,2
2026-05-27 21:06:00,3.0968,3.0998,3.0968,3.0998,3.1018,3.1048,3.1018,3.1048,4
2026-05-27 21:07:00,3.0988,3.0993,3.0988,3.0988,3.1038,3.1043,3.1038,3.1038,3
2026-05-27 21:08:00,3.0998,3.0998,3.0988,3.0988,3.1048,3.1048,3.1038,3.1038,2
2026-05-27 21:09:00,3.0978,3.0978,3.0968,3.0968,3.1028,3.1028,3.1018,3.1018,7
2026-05-27 21:11:00,3.0958,3.0968,3.0918,3.0918,3.1008,3.1018,3.0968,3.0968,14
2026-05-27 21:12:00,3.0928,3.0928,3.0818,3.0848,3.0978,3.0978,3.0868,3.0898,50
2026-05-27 21:13:00,3.0838,3.0888,3.0838,3.0888,3.0888,3.0938,3.0888,3.0938,10
2026-05-27 21:14:00,3.0898,3.0908,3.0888,3.0908,3.0948,3.0958,3.0938,3.0958,5
2026-05-27 21:15:00,3.0898,3.0898,3.0878,3.0878,3.0948,3.0948,3.0928,3.0928,3
2026-05-27 21:16:00,3.0888,3.0898,3.0868,3.0878,3.0938,3.0948,3.0918,3.0928,16
2026-05-27 21:17:00,3.0888,3.0888,3.0888,3.0888,3.0938,3.0938,3.0938,3.0938,1
2026-05-27 21:18:00,3.0898,3.0898,3.0888,3.0888,3.0948,3.0948,3.0938,3.0938,2
2026-05-27 21:19:00,3.0878,3.0898,3.0878,3.0888,3.0928,3.0948,3.0928,3.0938,5
2026-05-27 21:21:00,3.0883,3.0883,3.0858,3.0868,3.0933,3.0933,3.0908,3.0918,10
2026-05-27 21:22:00,3.0878,3.0878,3.0868,3.0878,3.0928,3.0928,3.0918,3.0928,3
2026-05-27 21:23:00,3.0888,3.0888,3.0878,3.0888,3.0938,3.0938,3.0928,3.0938,3
2026-05-27 21:25:00,3.0898,3.0928,3.0898,3.0928,3.0948,3.0978,3.0948,3.0978,14
2026-05-27 21:26:00,3.0918,3.0918,3.0918,3.0918,3.0968,3.0968,3.0968,3.0968,1
2026-05-27 21:27:00,3.0928,3.0928,3.0908,3.0918,3.0978,3.0978,3.0958,3.0968,4
2026-05-27 21:29:00,3.0908,3.0908,3.0898,3.0898,3.0958,3.0958,3.0948,3.0948,2
2026-05-27 21:30:00,3.0888,3.0888,3.0878,3.0888,3.0938,3.0938,3.0928,3.0938,3
2026-05-27 21:31:00,3.0878,3.0878,3.0868,3.0878,3.0928,3.0928,3.0918,3.0928,5
2026-05-27 21:32:00,3.0888,3.0888,3.0868,3.0888,3.0938,3.0938,3.0918,3.0938,5
2026-05-27 21:33:00,3.0898,3.0898,3.0868,3.0878,3.0948,3.0948,3.0918,3.0928,11
2026-05-27 21:34:00,3.0888,3.0898,3.0878,3.0898,3.0938,3.0948,3.0928,3.0948,6
2026-05-27 21:35:00,3.0903,3.0908,3.0878,3.0888,3.0953,3.0958,3.0928,3.0938,14
2026-05-27 21:37:00,3.0883,3.0888,3.0878,3.0878,3.0933,3.0938,3.0928,3.0928,4
2026-05-27 21:38:00,3.0868,3.0878,3.0868,3.0878,3.0918,3.0928,3.0918,3.0928,2
2026-05-27 21:40:00,3.0888,3.0888,3.0878,3.0878,3.0938,3.0938,3.0928,3.0928,10
2026-05-27 21:41:00,3.0883,3.0913,3.0878,3.0913,3.0933,3.0963,3.0928,3.0963,9
2026-05-27 21:42:00,3.0918,3.0918,3.0898,3.0908,3.0968,3.0968,3.0948,3.0958,6
2026-05-27 21:43:00,3.0898,3.0908,3.0898,3.0908,3.0948,3.0958,3.0948,3.0958,5
2026-05-27 21:44:00,3.0918,3.0918,3.0918,3.0918,3.0968,3.0968,3.0968,3.0968,1
2026-05-27 21:45:00,3.0928,3.0928,3.0898,3.0898,3.0978,3.0978,3.0948,3.0948,8
2026-05-27 21:46:00,3.0908,3.0908,3.0898,3.0898,3.0958,3.0958,3.0948,3.0948,2
2026-05-27 21:50:00,3.0908,3.0908,3.0878,3.0878,3.0958,3.0958,3.0928,3.0928,3
2026-05-27 21:52:00,3.0868,3.0878,3.0868,3.0878,3.0918,3.0928,3.0918,3.0928,2
2026-05-27 21:53:00,3.0868,3.0878,3.0868,3.0878,3.0918,3.0928,3.0918,3.0928,2
2026-05-27 21:54:00,3.0868,3.0888,3.0868,3.0878,3.0918,3.0938,3.0918,3.0928,6
2026-05-27 21:55:00,3.0888,3.0888,3.0878,3.0878,3.0938,3.0938,3.0928,3.0928,2
2026-05-27 21:56:00,3.0888,3.0888,3.0878,3.0878,3.0938,3.0938,3.0928,3.0928,4
2026-05-27 21:57:00,3.0888,3.0898,3.0878,3.0878,3.0938,3.0948,3.0928,3.0928,4
2026-05-27 21:58:00,3.0888,3.0888,3.0888,3.0888,3.0938,3.0938,3.0938,3.0938,1
2026-05-27 21:59:00,3.0883,3.0888,3.0883,3.0888,3.0933,3.0938,3.0933,3.0938,2
2026-05-27 22:00:00,3.0878,3.0883,3.0878,3.0878,3.0928,3.0933,3.0928,3.0928,3
2026-05-27 22:01:00,3.0873,3.0873,3.0868,3.0868,3.0923,3.0923,3.0918,3.0918,2
2026-05-27 22:03:00,3.0878,3.0878,3.0868,3.0878,3.0928,3.0928,3.0918,3.0928,3
2026-05-27 22:04:00,3.0888,3.0888,3.0888,3.0888,3.0938,3.0938,3.0938,3.0938,1
2026-05-27 22:08:00,3.0898,3.0918,3.0898,3.0918,3.0948,3.0968,3.0948,3.0968,3
2026-05-27 22:09:00,3.0928,3.0928,3.0928,3.0928,3.0978,3.0978,3.0978,3.0978,1
2026-05-27 22:10:00,3.0938,3.0938,3.0928,3.0928,3.0988,3.0988,3.0978,3.0978,5
2026-05-27 22:11:00,3.0933,3.0938,3.0928,3.0928,3.0983,3.0988,3.0978,3.0978,7
2026-05-27 22:12:00,3.0933,3.0938,3.0908,3.0908,3.0983,3.0988,3.0958,3.0958,18
2026-05-27 22:13:00,3.0913,3.0918,3.0908,3.0918,3.0963,3.0968,3.0958,3.0968,6
2026-05-27 22:16:00,3.0908,3.0908,3.0868,3.0878,3.0958,3.0958,3.0918,3.0928,15
2026-05-27 22:17:00,3.0888,3.0888,3.0868,3.0883,3.0938,3.0938,3.0918,3.0933,7
2026-05-27 22:18:00,3.0878,3.0878,3.0878,3.0878,3.0928,3.0928,3.0928,3.0928,1
2026-05-27 22:19:00,3.0888,3.0888,3.0883,3.0888,3.0938,3.0938,3.0933,3.0938,3
2026-05-27 22:21:00,3.0878,3.0888,3.0878,3.0878,3.0928,3.0938,3.0928,3.0928,6
2026-05-27 22:22:00,3.0883,3.0888,3.0883,3.0888,3.0933,3.0938,3.0933,3.0938,2
2026-05-27 22:23:00,3.0898,3.0898,3.0898,3.0898,3.0948,3.0948,3.0948,3.0948,1
2026-05-27 22:24:00,3.0888,3.0928,3.0888,3.0908,3.0938,3.0978,3.0938,3.0958,20
2026-05-27 22:25:00,3.0918,3.0918,3.0908,3.0908,3.0968,3.0968,3.0958,3.0958,2
2026-05-27 22:27:00,3.0903,3.0908,3.0903,3.0908,3.0953,3.0958,3.0953,3.0958,2
2026-05-27 22:28:00,3.0903,3.0918,3.0903,3.0903,3.0953,3.0968,3.0953,3.0953,6
2026-05-27 22:29:00,3.0898,3.0908,3.0898,3.0908,3.0948,3.0958,3.0948,3.0958,6
2026-05-27 22:32:00,3.0898,3.0898,3.0898,3.0898,3.0948,3.0948,3.0948,3.0948,1
2026-05-27 22:36:00,3.0888,3.0888,3.0878,3.0883,3.0938,3.0938,3.0928,3.0933,3
2026-05-27 22:37:00,3.0898,3.0898,3.0888,3.0888,3.0948,3.0948,3.0938,3.0938,2
2026-05-27 22:38:00,3.0893,3.0898,3.0878,3.0888,3.0943,3.0948,3.0928,3.0938,6
2026-05-27 22:39:00,3.0883,3.0888,3.0878,3.0878,3.0933,3.0938,3.0928,3.0928,7
2026-05-27 22:40:00,3.0868,3.0868,3.0858,3.0868,3.0918,3.0918,3.0908,3.0918,4
2026-05-27 22:42:00,3.0878,3.0878,3.0878,3.0878,3.0928,3.0928,3.0928,3.0928,1
2026-05-27 22:43:00,3.0873,3.0873,3.0868,3.0873,3.0923,3.0923,3.0918,3.0923,5
2026-05-27 22:44:00,3.0868,3.0878,3.0868,3.0878,3.0918,3.0928,3.0918,3.0928,2
2026-05-27 22:45:00,3.0873,3.0888,3.0868,3.0888,3.0923,3.0938,3.0918,3.0938,7
2026-05-27 22:46:00,3.0873,3.0878,3.0873,3.0878,3.0923,3.0928,3.0923,3.0928,2
2026-05-27 22:47:00,3.0888,3.0888,3.0883,3.0883,3.0938,3.0938,3.0933,3.0933,2
2026-05-27 22:48:00,3.0888,3.0888,3.0888,3.0888,3.0938,3.0938,3.0938,3.0938,1
2026-05-27 22:49:00,3.0878,3.0888,3.0878,3.0883,3.0928,3.0938,3.0928,3.0933,4
2026-05-27 22:50:00,3.0888,3.0888,3.0868,3.0868,3.0938,3.0938,3.0918,3.0918,6
2026-05-27 22:51:00,3.0873,3.0873,3.0868,3.0868,3.0923,3.0923,3.0918,3.0918,2
2026-05-27 22:53:00,3.0858,3.0858,3.0838,3.0858,3.0908,3.0908,3.0888,3.0908,8
2026-05-27 22:54:00,3.0848,3.0853,3.0838,3.0853,3.0898,3.0903,3.0888,3.0903,10
2026-05-27 22:55:00,3.0858,3.0868,3.0848,3.0848,3.0908,3.0918,3.0898,3.0898,11
2026-05-27 22:56:00,3.0838,3.0848,3.0838,3.0843,3.0888,3.0898,3.0888,3.0893,5
2026-05-27 22:57:00,3.0848,3.0878,3.0848,3.0868,3.0898,3.0928,3.0898,3.0918,6
2026-05-27 22:58:00,3.0863,3.0908,3.0858,3.0888,3.0913,3.0958,3.0908,3.0938,16
2026-05-27 22:59:00,3.0883,3.0912,3.0883,3.0907,3.0933,3.0962,3.0933,3.0957,34
2026-05-28 00:00:00,3.0832,3.0887,3.0832,3.0887,3.0882,3.0937,3.0882,3.0937,7
2026-05-28 00:01:00,3.0892,3.0902,3.0887,3.0892,3.0942,3.0952,3.0937,3.0942,5
2026-05-28 00:02:00,3.0887,3.0892,3.0857,3.0862,3.0937,3.0942,3.0907,3.0912,8
2026-05-28 00:03:00,3.0872,3.0872,3.0852,3.0857,3.0922,3.0922,3.0902,3.0907,4
2026-05-28 00:04:00,3.0862,3.0862,3.0862,3.0862,3.0912,3.0912,3.0912,3.0912,1
2026-05-28 00:05:00,3.0857,3.0857,3.0842,3.0842,3.0907,3.0907,3.0892,3.0892,4
2026-05-28 00:06:00,3.0832,3.0842,3.0832,3.0842,3.0882,3.0892,3.0882,3.0892,4
2026-05-28 00:07:00,3.0832,3.0832,3.0832,3.0832,3.0882,3.0882,3.0882,3.0882,1
2026-05-28 00:09:00,3.0842,3.0842,3.0842,3.0842,3.0892,3.0892,3.0892,3.0892,1
2026-05-28 00:11:00,3.0832,3.0832,3.0777,3.0787,3.0882,3.0882,3.0827,3.0837,11
2026-05-28 00:12:00,3.0792,3.0797,3.0782,3.0797,3.0842,3.0847,3.0832,3.0847,5
2026-05-28 00:13:00,3.0792,3.0802,3.0792,3.0802,3.0842,3.0852,3.0842,3.0852,3
2026-05-28 00:15:00,3.0797,3.0812,3.0797,3.0812,3.0847,3.0862,3.0847,3.0862,3
2026-05-28 00:17:00,3.0807,3.0807,3.0807,3.0807,3.0857,3.0857,3.0857,3.0857,1
2026-05-28 00:18:00,3.0802,3.0802,3.0802,3.0802,3.0852,3.0852,3.0852,3.0852,1
2026-05-28 00:19:00,3.0792,3.0792,3.0792,3.0792,3.0842,3.0842,3.0842,3.0842,1
2026-05-28 00:21:00,3.0802,3.0802,3.0802,3.0802,3.0852,3.0852,3.0852,3.0852,1
2026-05-28 00:22:00,3.0812,3.0812,3.0812,3.0812,3.0862,3.0862,3.0862,3.0862,1
2026-05-28 00:25:00,3.0817,3.0852,3.0817,3.0847,3.0867,3.0902,3.0867,3.0897,7
2026-05-28 00:26:00,3.0842,3.0842,3.0842,3.0842,3.0892,3.0892,3.0892,3.0892,1
2026-05-28 00:28:00,3.0852,3.0857,3.0847,3.0852,3.0902,3.0907,3.0897,3.0902,5
2026-05-28 00:30:00,3.0847,3.0847,3.0842,3.0842,3.0897,3.0897,3.0892,3.0892,4
2026-05-28 00:31:00,3.0837,3.0837,3.0827,3.0827,3.0887,3.0887,3.0877,3.0877,3
2026-05-28 00:32:00,3.0832,3.0832,3.0827,3.0827,3.0882,3.0882,3.0877,3.0877,2
2026-05-28 00:34:00,3.0822,3.0832,3.0822,3.0832,3.0872,3.0882,3.0872,3.0882,2
2026-05-28 00:35:00,3.0827,3.0832,3.0822,3.0832,3.0877,3.0882,3.0872,3.0882,4
2026-05-28 00:38:00,3.0827,3.0827,3.0827,3.0827,3.0877,3.0877,3.0877,3.0877,1
2026-05-28 00:39:00,3.0822,3.0832,3.0822,3.0827,3.0872,3.0882,3.0872,3.0877,3
2026-05-28 00:44:00,3.0822,3.0822,3.0822,3.0822,3.0872,3.0872,3.0872,3.0872,1
2026-05-28 00:55:00,3.0832,3.0832,3.0832,3.0832,3.0882,3.0882,3.0882,3.0882,1
2026-05-28 00:56:00,3.0827,3.0827,3.0822,3.0822,3.0877,3.0877,3.0872,3.0872,2
2026-05-28 00:57:00,3.0837,3.0842,3.0832,3.0832,3.0887,3.0892,3.0882,3.0882,8
2026-05-28 01:05:00,3.0842,3.0842,3.0832,3.0832,3.0892,3.0892,3.0882,3.0882,2
2026-05-28 01:06:00,3.0827,3.0842,3.0827,3.0842,3.0877,3.0892,3.0877,3.0892,3
2026-05-28 01:09:00,3.0852,3.0852,3.0852,3.0852,3.0902,3.0902,3.0902,3.0902,1
2026-05-28 01:12:00,3.0857,3.0872,3.0847,3.0847,3.0907,3.0922,3.0897,3.0897,6
2026-05-28 01:13:00,3.0852,3.0852,3.0852,3.0852,3.0902,3.0902,3.0902,3.0902,1
2026-05-28 01:15:00,3.0847,3.0852,3.0847,3.0847,3.0897,3.0902,3.0897,3.0897,3
2026-05-28 01:16:00,3.0852,3.0852,3.0832,3.0832,3.0902,3.0902,3.0882,3.0882,6
2026-05-28 01:21:00,3.0842,3.0842,3.0842,3.0842,3.0892,3.0892,3.0892,3.0892,1
2026-05-28 01:23:00,3.0837,3.0842,3.0837,3.0842,3.0887,3.0892,3.0887,3.0892,2
2026-05-28 01:24:00,3.0837,3.0842,3.0837,3.0842,3.0887,3.0892,3.0887,3.0892,2
2026-05-28 01:25:00,3.0837,3.0837,3.0837,3.0837,3.0887,3.0887,3.0887,3.0887,1
2026-05-28 01:29:00,3.0842,3.0842,3.0842,3.0842,3.0892,3.0892,3.0892,3.0892,1
2026-05-28 01:36:00,3.0837,3.0842,3.0837,3.0842,3.0887,3.0892,3.0887,3.0892,6
2026-05-28 01:41:00,3.0832,3.0832,3.0832,3.0832,3.0882,3.0882,3.0882,3.0882,1
2026-05-28 01:42:00,3.0837,3.0837,3.0832,3.0832,3.0887,3.0887,3.0882,3.0882,2
2026-05-28 01:47:00,3.0837,3.0837,3.0837,3.0837,3.0887,3.0887,3.0887,3.0887,1
2026-05-28 01:48:00,3.0832,3.0832,3.0832,3.0832,3.0882,3.0882,3.0882,3.0882,1
2026-05-28 01:50:00,3.0822,3.0832,3.0822,3.0832,3.0872,3.0882,3.0872,3.0882,2
2026-05-28 01:51:00,3.0827,3.0827,3.0827,3.0827,3.0877,3.0877,3.0877,3.0877,1
2026-05-28 01:53:00,3.0832,3.0832,3.0832,3.0832,3.0882,3.0882,3.0882,3.0882,1
2026-05-28 01:54:00,3.0842,3.0842,3.0842,3.0842,3.0892,3.0892,3.0892,3.0892,1
2026-05-28 01:56:00,3.0832,3.0837,3.0822,3.0832,3.0882,3.0887,3.0872,3.0882,8
2026-05-28 01:58:00,3.0822,3.0822,3.0812,3.0812,3.0872,3.0872,3.0862,3.0862,4
2026-05-28 01:59:00,3.0817,3.0817,3.0817,3.0817,3.0867,3.0867,3.0867,3.0867,1
2026-05-28 02:00:00,3.0822,3.0832,3.0812,3.0832,3.0872,3.0882,3.0862,3.0882,13
2026-05-28 02:01:00,3.0842,3.0842,3.0837,3.0842,3.0892,3.0892,3.0887,3.0892,3
2026-05-28 02:02:00,3.0832,3.0837,3.0832,3.0837,3.0882,3.0887,3.0882,3.0887,4
2026-05-28 02:03:00,3.0832,3.0832,3.0832,3.0832,3.0882,3.0882,3.0882,3.0882,1
2026-05-28 02:04:00,3.0842,3.0857,3.0842,3.0842,3.0892,3.0907,3.0892,3.0892,7
2026-05-28 02:05:00,3.0837,3.0857,3.0837,3.0852,3.0887,3.0907,3.0887,3.0902,5
2026-05-28 02:06:00,3.0857,3.0857,3.0852,3.0857,3.0907,3.0907,3.0902,3.0907,5
2026-05-28 02:07:00,3.0852,3.0857,3.0842,3.0842,3.0902,3.0907,3.0892,3.0892,11
2026-05-28 02:08:00,3.0837,3.0852,3.0832,3.0852,3.0887,3.0902,3.0882,3.0902,8
2026-05-28 02:09:00,3.0847,3.0847,3.0842,3.0842,3.0897,3.0897,3.0892,3.0892,2
2026-05-28 02:10:00,3.0847,3.0847,3.0837,3.0847,3.0897,3.0897,3.0887,3.0897,4
2026-05-28 02:11:00,3.0852,3.0852,3.0837,3.0842,3.0902,3.0902,3.0887,3.0892,4
2026-05-28 02:12:00,3.0847,3.0852,3.0847,3.0852,3.0897,3.0902,3.0897,3.0902,2
2026-05-28 02:13:00,3.0862,3.0862,3.0847,3.0852,3.0912,3.0912,3.0897,3.0902,5
2026-05-28 02:14:00,3.0857,3.0862,3.0852,3.0852,3.0907,3.0912,3.0902,3.0902,6
2026-05-28 02:15:00,3.0857,3.0892,3.0837,3.0842,3.0907,3.0942,3.0887,3.0892,14
2026-05-28 02:16:00,3.0832,3.0832,3.0832,3.0832,3.0882,3.0882,3.0882,3.0882,1
2026-05-28 02:18:00,3.0827,3.0832,3.0827,3.0832,3.0877,3.0882,3.0877,3.0882,2
2026-05-28 02:20:00,3.0842,3.0842,3.0837,3.0837,3.0892,3.0892,3.0887,3.0887,2
2026-05-28 02:21:00,3.0832,3.0832,3.0822,3.0822,3.0882,3.0882,3.0872,3.0872,3
2026-05-28 02:22:00,3.0832,3.0832,3.0827,3.0832,3.0882,3.0882,3.0877,3.0882,3
2026-05-28 02:23:00,3.0842,3.0852,3.0842,3.0847,3.0892,3.0902,3.0892,3.0897,3
2026-05-28 02:24:00,3.0852,3.0882,3.0852,3.0862,3.0902,3.0932,3.0902,3.0912,10
2026-05-28 02:25:00,3.0867,3.0872,3.0862,3.0862,3.0917,3.0922,3.0912,3.0912,4
2026-05-28 02:27:00,3.0857,3.0857,3.0857,3.0857,3.0907,3.0907,3.0907,3.0907,1
2026-05-28 02:28:00,3.0852,3.0857,3.0852,3.0852,3.0902,3.0907,3.0902,3.0902,5
2026-05-28 02:31:00,3.0857,3.0862,3.0857,3.0862,3.0907,3.0912,3.0907,3.0912,4
2026-05-28 02:34:00,3.0852,3.0852,3.0847,3.0847,3.0902,3.0902,3.0897,3.0897,2
2026-05-28 02:35:00,3.0852,3.0852,3.0842,3.0842,3.0902,3.0902,3.0892,3.0892,3
2026-05-28 02:39:00,3.0852,3.0852,3.0847,3.0847,3.0902,3.0902,3.0897,3.0897,2
2026-05-28 02:42:00,3.0852,3.0852,3.0842,3.0842,3.0902,3.0902,3.0892,3.0892,3
2026-05-28 02:52:00,3.0832,3.0847,3.0832,3.0842,3.0882,3.0897,3.0882,3.0892,6
2026-05-28 02:53:00,3.0847,3.0847,3.0842,3.0847,3.0897,3.0897,3.0892,3.0897,3
2026-05-28 02:55:00,3.0852,3.0852,3.0852,3.0852,3.0902,3.0902,3.0902,3.0902,1
2026-05-28 02:56:00,3.0847,3.0847,3.0847,3.0847,3.0897,3.0897,3.0897,3.0897,1
2026-05-28 02:58:00,3.0842,3.0842,3.0842,3.0842,3.0892,3.0892,3.0892,3.0892,1
2026-05-28 02:59:00,3.0837,3.0842,3.0832,3.0832,3.0887,3.0892,3.0882,3.0882,4
2026-05-28 03:00:00,3.0822,3.0867,3.0812,3.0852,3.0872,3.0917,3.0862,3.0902,16
2026-05-28 03:01:00,3.0847,3.0852,3.0847,3.0852,3.0897,3.0902,3.0897,3.0902,2
2026-05-28 03:03:00,3.0847,3.0852,3.0847,3.0847,3.0897,3.0902,3.0897,3.0897,7
2026-05-28 03:04:00,3.0852,3.0852,3.0842,3.0852,3.0902,3.0902,3.0892,3.0902,5
2026-05-28 03:05:00,3.0847,3.0847,3.0847,3.0847,3.0897,3.0897,3.0897,3.0897,1
2026-05-28 03:06:00,3.0842,3.0852,3.0842,3.0847,3.0892,3.0902,3.0892,3.0897,5
2026-05-28 03:07:00,3.0842,3.0842,3.0842,3.0842,3.0892,3.0892,3.0892,3.0892,1
2026-05-28 03:08:00,3.0847,3.0847,3.0847,3.0847,3.0897,3.0897,3.0897,3.0897,1
2026-05-28 03:10:00,3.0842,3.0842,3.0832,3.0837,3.0892,3.0892,3.0882,3.0887,5
2026-05-28 03:11:00,3.0842,3.0842,3.0837,3.0842,3.0892,3.0892,3.0887,3.0892,3
2026-05-28 03:13:00,3.0837,3.0837,3.0837,3.0837,3.0887,3.0887,3.0887,3.0887,1
2026-05-28 03:14:00,3.0842,3.0842,3.0842,3.0842,3.0892,3.0892,3.0892,3.0892,1
2026-05-28 03:16:00,3.0832,3.0832,3.0832,3.0832,3.0882,3.0882,3.0882,3.0882,1
2026-05-28 03:17:00,3.0822,3.0822,3.0792,3.0792,3.0872,3.0872,3.0842,3.0842,8
2026-05-28 03:18:00,3.0802,3.0802,3.0792,3.0797,3.0852,3.0852,3.0842,3.0847,4
2026-05-28 03:19:00,3.0792,3.0802,3.0792,3.0802,3.0842,3.0852,3.0842,3.0852,3
2026-05-28 03:20:00,3.0792,3.0802,3.0782,3.0802,3.0842,3.0852,3.0832,3.0852,15
2026-05-28 03:25:00,3.0807,3.0812,3.0802,3.0812,3.0857,3.0862,3.0852,3.0862,3
2026-05-28 03:27:00,3.0822,3.0822,3.0822,3.0822,3.0872,3.0872,3.0872,3.0872,1
2026-05-28 03:30:00,3.0812,3.0832,3.0807,3.0832,3.0862,3.0882,3.0857,3.0882,9
2026-05-28 03:31:00,3.0822,3.0822,3.0812,3.0822,3.0872,3.0872,3.0862,3.0872,3
2026-05-28 03:34:00,3.0827,3.0832,3.0827,3.0832,3.0877,3.0882,3.0877,3.0882,2
2026-05-28 03:41:00,3.0842,3.0842,3.0832,3.0832,3.0892,3.0892,3.0882,3.0882,5
2026-05-28 03:42:00,3.0842,3.0842,3.0832,3.0837,3.0892,3.0892,3.0882,3.0887,5
2026-05-28 03:43:00,3.0842,3.0842,3.0832,3.0832,3.0892,3.0892,3.0882,3.0882,8
2026-05-28 03:44:00,3.0837,3.0837,3.0837,3.0837,3.0887,3.0887,3.0887,3.0887,1
2026-05-28 03:45:00,3.0832,3.0832,3.0832,3.0832,3.0882,3.0882,3.0882,3.0882,1
2026-05-28 03:47:00,3.0837,3.0837,3.0832,3.0832,3.0887,3.0887,3.0882,3.0882,2
2026-05-28 03:48:00,3.0837,3.0837,3.0832,3.0832,3.0887,3.0887,3.0882,3.0882,2
2026-05-28 03:50:00,3.0822,3.0822,3.0812,3.0812,3.0872,3.0872,3.0862,3.0862,2
2026-05-28 03:51:00,3.0807,3.0812,3.0802,3.0802,3.0857,3.0862,3.0852,3.0852,3
2026-05-28 03:54:00,3.0792,3.0792,3.0772,3.0782,3.0842,3.0842,3.0822,3.0832,6
2026-05-28 03:55:00,3.0772,3.0782,3.0752,3.0772,3.0822,3.0832,3.0802,3.0822,13
2026-05-28 03:56:00,3.0767,3.0767,3.0762,3.0762,3.0817,3.0817,3.0812,3.0812,2
2026-05-28 03:57:00,3.0757,3.0767,3.0757,3.0757,3.0807,3.0817,3.0807,3.0807,5
2026-05-28 03:58:00,3.0762,3.0762,3.0762,3.0762,3.0812,3.0812,3.0812,3.0812,1
2026-05-28 03:59:00,3.0772,3.0772,3.0757,3.0762,3.0822,3.0822,3.0807,3.0812,7
2026-05-28 04:00:00,3.0757,3.0762,3.0752,3.0762,3.0807,3.0812,3.0802,3.0812,3
2026-05-28 04:01:00,3.0772,3.0772,3.0762,3.0767,3.0822,3.0822,3.0812,3.0817,7
2026-05-28 04:03:00,3.0762,3.0762,3.0762,3.0762,3.0812,3.0812,3.0812,3.0812,1
2026-05-28 04:05:00,3.0752,3.0772,3.0752,3.0772,3.0802,3.0822,3.0802,3.0822,4
2026-05-28 04:06:00,3.0777,3.0792,3.0777,3.0792,3.0827,3.0842,3.0827,3.0842,6
2026-05-28 04:07:00,3.0802,3.0802,3.0792,3.0792,3.0852,3.0852,3.0842,3.0842,5
2026-05-28 04:11:00,3.0797,3.0797,3.0797,3.0797,3.0847,3.0847,3.0847,3.0847,1
2026-05-28 04:13:00,3.0792,3.0792,3.0792,3.0792,3.0842,3.0842,3.0842,3.0842,1
2026-05-28 04:14:00,3.0782,3.0792,3.0777,3.0782,3.0832,3.0842,3.0827,3.0832,8
2026-05-28 04:17:00,3.0792,3.0792,3.0782,3.0782,3.0842,3.0842,3.0832,3.0832,3
2026-05-28 04:18:00,3.0787,3.0792,3.0787,3.0792,3.0837,3.0842,3.0837,3.0842,2
2026-05-28 04:19:00,3.0782,3.0782,3.0767,3.0777,3.0832,3.0832,3.0817,3.0827,4
2026-05-28 04:20:00,3.0772,3.0772,3.0767,3.0767,3.0822,3.0822,3.0817,3.0817,2
2026-05-28 04:21:00,3.0772,3.0772,3.0772,3.0772,3.0822,3.0822,3.0822,3.0822,1
2026-05-28 04:23:00,3.0792,3.0812,3.0782,3.0797,3.0842,3.0862,3.0832,3.0847,13
2026-05-28 04:24:00,3.0792,3.0792,3.0792,3.0792,3.0842,3.0842,3.0842,3.0842,1
2026-05-28 04:25:00,3.0787,3.0792,3.0787,3.0787,3.0837,3.0842,3.0837,3.0837,3
2026-05-28 04:27:00,3.0792,3.0792,3.0787,3.0787,3.0842,3.0842,3.0837,3.0837,2
2026-05-28 04:28:00,3.0782,3.0792,3.0782,3.0792,3.0832,3.0842,3.0832,3.0842,3
2026-05-28 04:29:00,3.0787,3.0792,3.0787,3.0792,3.0837,3.0842,3.0837,3.0842,2
2026-05-28 04:30:00,3.0802,3.0807,3.0787,3.0792,3.0852,3.0857,3.0837,3.0842,11
2026-05-28 04:31:00,3.0802,3.0802,3.0797,3.0797,3.0852,3.0852,3.0847,3.0847,2
2026-05-28 04:32:00,3.0792,3.0802,3.0792,3.0797,3.0842,3.0852,3.0842,3.0847,5
2026-05-28 04:33:00,3.0792,3.0797,3.0792,3.0797,3.0842,3.0847,3.0842,3.0847,2
2026-05-28 04:34:00,3.0792,3.0822,3.0792,3.0822,3.0842,3.0872,3.0842,3.0872,12
2026-05-28 04:35:00,3.0832,3.0832,3.0822,3.0822,3.0882,3.0882,3.0872,3.0872,3
2026-05-28 04:36:00,3.0812,3.0812,3.0797,3.0812,3.0862,3.0862,3.0847,3.0862,6
2026-05-28 04:37:00,3.0807,3.0812,3.0782,3.0782,3.0857,3.0862,3.0832,3.0832,7
2026-05-28 04:38:00,3.0792,3.0792,3.0787,3.0787,3.0842,3.0842,3.0837,3.0837,6
2026-05-28 04:39:00,3.0792,3.0792,3.0782,3.0782,3.0842,3.0842,3.0832,3.0832,5
2026-05-28 04:40:00,3.0792,3.0792,3.0792,3.0792,3.0842,3.0842,3.0842,3.0842,1
2026-05-28 04:43:00,3.0802,3.0802,3.0802,3.0802,3.0852,3.0852,3.0852,3.0852,1
2026-05-28 04:44:00,3.0797,3.0797,3.0797,3.0797,3.0847,3.0847,3.0847,3.0847,1
2026-05-28 04:45:00,3.0792,3.0797,3.0782,3.0782,3.0842,3.0847,3.0832,3.0832,4
2026-05-28 04:46:00,3.0787,3.0792,3.0787,3.0792,3.0837,3.0842,3.0837,3.0842,4
2026-05-28 04:47:00,3.0802,3.0822,3.0802,3.0822,3.0852,3.0872,3.0852,3.0872,3
2026-05-28 04:48:00,3.0827,3.0827,3.0812,3.0812,3.0877,3.0877,3.0862,3.0862,7
2026-05-28 04:49:00,3.0822,3.0822,3.0812,3.0812,3.0872,3.0872,3.0862,3.0862,2
2026-05-28 04:50:00,3.0822,3.0822,3.0817,3.0822,3.0872,3.0872,3.0867,3.0872,3
2026-05-28 04:52:00,3.0827,3.0827,3.0822,3.0827,3.0877,3.0877,3.0872,3.0877,3
2026-05-28 04:53:00,3.0832,3.0832,3.0827,3.0832,3.0882,3.0882,3.0877,3.0882,3
2026-05-28 04:54:00,3.0842,3.0842,3.0832,3.0832,3.0892,3.0892,3.0882,3.0882,3
2026-05-28 04:56:00,3.0827,3.0827,3.0812,3.0812,3.0877,3.0877,3.0862,3.0862,3
2026-05-28 04:57:00,3.0817,3.0822,3.0817,3.0822,3.0867,3.0872,3.0867,3.0872,4
2026-05-28 04:58:00,3.0832,3.0832,3.0822,3.0822,3.0882,3.0882,3.0872,3.0872,4
2026-05-28 04:59:00,3.0827,3.0832,3.0827,3.0827,3.0877,3.0882,3.0877,3.0877,3
2026-05-28 05:00:00,3.0832,3.0832,3.0832,3.0832,3.0882,3.0882,3.0882,3.0882,1
2026-05-28 05:01:00,3.0837,3.0842,3.0837,3.0842,3.0887,3.0892,3.0887,3.0892,12
2026-05-28 05:02:00,3.0837,3.0842,3.0832,3.0832,3.0887,3.0892,3.0882,3.0882,6
2026-05-28 05:04:00,3.0827,3.0827,3.0822,3.0822,3.0877,3.0877,3.0872,3.0872,2
2026-05-28 05:06:00,3.0832,3.0832,3.0822,3.0827,3.0882,3.0882,3.0872,3.0877,7
2026-05-28 05:07:00,3.0822,3.0832,3.0822,3.0822,3.0872,3.0882,3.0872,3.0872,4
2026-05-28 05:09:00,3.0832,3.0832,3.0832,3.0832,3.0882,3.0882,3.0882,3.0882,1
2026-05-28 05:10:00,3.0827,3.0827,3.0822,3.0822,3.0877,3.0877,3.0872,3.0872,2
2026-05-28 05:11:00,3.0832,3.0842,3.0822,3.0842,3.0882,3.0892,3.0872,3.0892,6
2026-05-28 05:12:00,3.0832,3.0842,3.0832,3.0842,3.0882,3.0892,3.0882,3.0892,6
2026-05-28 05:13:00,3.0832,3.0832,3.0832,3.0832,3.0882,3.0882,3.0882,3.0882,1
2026-05-28 05:14:00,3.0842,3.0842,3.0822,3.0832,3.0892,3.0892,3.0872,3.0882,4
2026-05-28 05:15:00,3.0827,3.0832,3.0827,3.0832,3.0877,3.0882,3.0877,3.0882,2
2026-05-28 05:16:00,3.0822,3.0832,3.0822,3.0827,3.0872,3.0882,3.0872,3.0877,3
2026-05-28 05:17:00,3.0832,3.0832,3.0832,3.0832,3.0882,3.0882,3.0882,3.0882,1
2026-05-28 05:18:00,3.0842,3.0842,3.0842,3.0842,3.0892,3.0892,3.0892,3.0892,1
2026-05-28 05:19:00,3.0847,3.0852,3.0842,3.0847,3.0897,3.0902,3.0892,3.0897,10
2026-05-28 05:20:00,3.0842,3.0852,3.0837,3.0847,3.0892,3.0902,3.0887,3.0897,6
2026-05-28 05:21:00,3.0852,3.0852,3.0842,3.0842,3.0902,3.0902,3.0892,3.0892,2
2026-05-28 05:24:00,3.0837,3.0837,3.0837,3.0837,3.0887,3.0887,3.0887,3.0887,1
2026-05-28 05:25:00,3.0832,3.0837,3.0832,3.0837,3.0882,3.0887,3.0882,3.0887,2
2026-05-28 05:26:00,3.0832,3.0837,3.0827,3.0837,3.0882,3.0887,3.0877,3.0887,6
2026-05-28 05:28:00,3.0832,3.0832,3.0822,3.0832,3.0882,3.0882,3.0872,3.0882,3
2026-05-28 05:30:00,3.0842,3.0852,3.0842,3.0852,3.0892,3.0902,3.0892,3.0902,5
2026-05-28 05:31:00,3.0847,3.0847,3.0842,3.0842,3.0897,3.0897,3.0892,3.0892,2
2026-05-28 05:32:00,3.0852,3.0852,3.0847,3.0847,3.0902,3.0902,3.0897,3.0897,2
2026-05-28 05:33:00,3.0842,3.0842,3.0842,3.0842,3.0892,3.0892,3.0892,3.0892,1
2026-05-28 05:34:00,3.0847,3.0852,3.0847,3.0852,3.0897,3.0902,3.0897,3.0902,2
2026-05-28 05:35:00,3.0862,3.0862,3.0852,3.0852,3.0912,3.0912,3.0902,3.0902,11
2026-05-28 05:37:00,3.0862,3.0862,3.0862,3.0862,3.0912,3.0912,3.0912,3.0912,1
2026-05-28 05:39:00,3.0857,3.0862,3.0852,3.0852,3.0907,3.0912,3.0902,3.0902,4
2026-05-28 05:40:00,3.0857,3.0882,3.0857,3.0862,3.0907,3.0932,3.0907,3.0912,5
2026-05-28 05:42:00,3.0872,3.0872,3.0862,3.0862,3.0922,3.0922,3.0912,3.0912,5
2026-05-28 05:43:00,3.0872,3.0872,3.0872,3.0872,3.0922,3.0922,3.0922,3.0922,1
2026-05-28 05:44:00,3.0867,3.0867,3.0862,3.0862,3.0917,3.0917,3.0912,3.0912,2
2026-05-28 05:45:00,3.0872,3.0872,3.0862,3.0862,3.0922,3.0922,3.0912,3.0912,5
2026-05-28 05:46:00,3.0867,3.0872,3.0862,3.0867,3.0917,3.0922,3.0912,3.0917,4
2026-05-28 05:47:00,3.0872,3.0872,3.0867,3.0872,3.0922,3.0922,3.0917,3.0922,7
2026-05-28 05:50:00,3.0862,3.0862,3.0862,3.0862,3.0912,3.0912,3.0912,3.0912,1
2026-05-28 05:51:00,3.0852,3.0862,3.0852,3.0862,3.0902,3.0912,3.0902,3.0912,2
2026-05-28 05:53:00,3.0857,3.0857,3.0857,3.0857,3.0907,3.0907,3.0907,3.0907,1
2026-05-28 05:54:00,3.0862,3.0872,3.0862,3.0872,3.0912,3.0922,3.0912,3.0922,3
2026-05-28 05:55:00,3.0867,3.0872,3.0862,3.0862,3.0917,3.0922,3.0912,3.0912,4
2026-05-28 05:56:00,3.0852,3.0862,3.0842,3.0842,3.0902,3.0912,3.0892,3.0892,6
2026-05-28 05:57:00,3.0837,3.0842,3.0832,3.0832,3.0887,3.0892,3.0882,3.0882,8
2026-05-28 05:58:00,3.0842,3.0842,3.0822,3.0832,3.0892,3.0892,3.0872,3.0882,4
2026-05-28 05:59:00,3.0827,3.0842,3.0822,3.0832,3.0877,3.0892,3.0872,3.0882,9
2026-05-28 06:00:00,3.0827,3.0852,3.0822,3.0852,3.0877,3.0902,3.0872,3.0902,9
2026-05-28 06:01:00,3.0862,3.0862,3.0852,3.0862,3.0912,3.0912,3.0902,3.0912,7
2026-05-28 06:02:00,3.0857,3.0862,3.0857,3.0862,3.0907,3.0912,3.0907,3.0912,4
2026-05-28 06:03:00,3.0857,3.0862,3.0857,3.0862,3.0907,3.0912,3.0907,3.0912,2
2026-05-28 06:04:00,3.0857,3.0862,3.0852,3.0862,3.0907,3.0912,3.0902,3.0912,5
2026-05-28 06:05:00,3.0857,3.0862,3.0857,3.0857,3.0907,3.0912,3.0907,3.0907,3
2026-05-28 06:06:00,3.0862,3.0862,3.0857,3.0857,3.0912,3.0912,3.0907,3.0907,8
2026-05-28 06:07:00,3.0852,3.0867,3.0852,3.0867,3.0902,3.0917,3.0902,3.0917,4
2026-05-28 06:08:00,3.0862,3.0862,3.0862,3.0862,3.0912,3.0912,3.0912,3.0912,1
2026-05-28 06:15:00,3.0857,3.0857,3.0857,3.0857,3.0907,3.0907,3.0907,3.0907,1
2026-05-28 06:16:00,3.0852,3.0852,3.0847,3.0852,3.0902,3.0902,3.0897,3.0902,3
2026-05-28 06:17:00,3.0847,3.0852,3.0847,3.0852,3.0897,3.0902,3.0897,3.0902,2
2026-05-28 06:18:00,3.0847,3.0847,3.0847,3.0847,3.0897,3.0897,3.0897,3.0897,1
2026-05-28 06:21:00,3.0837,3.0842,3.0837,3.0842,3.0887,3.0892,3.0887,3.0892,4
2026-05-28 06:22:00,3.0837,3.0837,3.0837,3.0837,3.0887,3.0887,3.0887,3.0887,1
2026-05-28 06:23:00,3.0842,3.0852,3.0842,3.0852,3.0892,3.0902,3.0892,3.0902,2
2026-05-28 06:26:00,3.0862,3.0872,3.0857,3.0862,3.0912,3.0922,3.0907,3.0912,8
2026-05-28 06:27:00,3.0857,3.0862,3.0857,3.0862,3.0907,3.0912,3.0907,3.0912,2
2026-05-28 06:28:00,3.0857,3.0862,3.0857,3.0857,3.0907,3.0912,3.0907,3.0907,5
2026-05-28 06:29:00,3.0862,3.0862,3.0852,3.0852,3.0912,3.0912,3.0902,3.0902,2
2026-05-28 06:30:00,3.0847,3.0852,3.0842,3.0842,3.0897,3.0902,3.0892,3.0892,4
2026-05-28 06:32:00,3.0837,3.0837,3.0837,3.0837,3.0887,3.0887,3.0887,3.0887,1
2026-05-28 06:33:00,3.0842,3.0842,3.0832,3.0842,3.0892,3.0892,3.0882,3.0892,6
2026-05-28 06:34:00,3.0837,3.0837,3.0837,3.0837,3.0887,3.0887,3.0887,3.0887,1
2026-05-28 06:36:00,3.0842,3.0842,3.0842,3.0842,3.0892,3.0892,3.0892,3.0892,1
2026-05-28 06:37:00,3.0837,3.0837,3.0837,3.0837,3.0887,3.0887,3.0887,3.0887,1
2026-05-28 06:38:00,3.0842,3.0842,3.0837,3.0837,3.0892,3.0892,3.0887,3.0887,2
2026-05-28 06:39:00,3.0832,3.0832,3.0832,3.0832,3.0882,3.0882,3.0882,3.0882,1
2026-05-28 06:40:00,3.0822,3.0822,3.0812,3.0812,3.0872,3.0872,3.0862,3.0862,5
2026-05-28 06:43:00,3.0807,3.0812,3.0807,3.0812,3.0857,3.0862,3.0857,3.0862,2
2026-05-28 06:44:00,3.0807,3.0812,3.0807,3.0812,3.0857,3.0862,3.0857,3.0862,6
2026-05-28 06:46:00,3.0807,3.0812,3.0807,3.0812,3.0857,3.0862,3.0857,3.0862,2
2026-05-28 06:48:00,3.0807,3.0812,3.0802,3.0812,3.0857,3.0862,3.0852,3.0862,5
2026-05-28 06:50:00,3.0822,3.0822,3.0817,3.0817,3.0872,3.0872,3.0867,3.0867,2
2026-05-28 06:51:00,3.0812,3.0812,3.0812,3.0812,3.0862,3.0862,3.0862,3.0862,1
2026-05-28 06:52:00,3.0822,3.0822,3.0812,3.0817,3.0872,3.0872,3.0862,3.0867,6
2026-05-28 06:53:00,3.0822,3.0822,3.0822,3.0822,3.0872,3.0872,3.0872,3.0872,1
2026-05-28 06:55:00,3.0812,3.0822,3.0812,3.0822,3.0862,3.0872,3.0862,3.0872,2
2026-05-28 06:56:00,3.0817,3.0817,3.0812,3.0812,3.0867,3.0867,3.0862,3.0862,2
2026-05-28 06:57:00,3.0807,3.0807,3.0807,3.0807,3.0857,3.0857,3.0857,3.0857,1
2026-05-28 06:58:00,3.0802,3.0802,3.0802,3.0802,3.0852,3.0852,3.0852,3.0852,1
2026-05-28 06:59:00,3.0807,3.0807,3.0807,3.0807,3.0857,3.0857,3.0857,3.0857,1
2026-05-28 07:00:00,3.0802,3.0802,3.0792,3.0802,3.0852,3.0852,3.0842,3.0852,3
2026-05-28 07:01:00,3.0797,3.0812,3.0792,3.0812,3.0847,3.0862,3.0842,3.0862,4
2026-05-28 07:02:00,3.0807,3.0807,3.0802,3.0802,3.0857,3.0857,3.0852,3.0852,2
2026-05-28 07:05:00,3.0812,3.0812,3.0802,3.0802,3.0862,3.0862,3.0852,3.0852,2
2026-05-28 07:10:00,3.0792,3.0792,3.0792,3.0792,3.0842,3.0842,3.0842,3.0842,1
2026-05-28 07:13:00,3.0802,3.0802,3.0797,3.0797,3.0852,3.0852,3.0847,3.0847,6
2026-05-28 07:14:00,3.0792,3.0792,3.0792,3.0792,3.0842,3.0842,3.0842,3.0842,1
2026-05-28 07:15:00,3.0802,3.0802,3.0792,3.0792,3.0852,3.0852,3.0842,3.0842,2
2026-05-28 07:18:00,3.0797,3.0802,3.0797,3.0797,3.0847,3.0852,3.0847,3.0847,3
2026-05-28 07:19:00,3.0802,3.0802,3.0797,3.0802,3.0852,3.0852,3.0847,3.0852,3
2026-05-28 07:20:00,3.0797,3.0797,3.0792,3.0792,3.0847,3.0847,3.0842,3.0842,2
2026-05-28 07:22:00,3.0802,3.0802,3.0797,3.0797,3.0852,3.0852,3.0847,3.0847,2
2026-05-28 07:24:00,3.0792,3.0792,3.0787,3.0792,3.0842,3.0842,3.0837,3.0842,3
2026-05-28 07:25:00,3.0797,3.0812,3.0797,3.0812,3.0847,3.0862,3.0847,3.0862,7
2026-05-28 07:26:00,3.0807,3.0807,3.0807,3.0807,3.0857,3.0857,3.0857,3.0857,1
2026-05-28 07:27:00,3.0802,3.0802,3.0802,3.0802,3.0852,3.0852,3.0852,3.0852,1
2026-05-28 07:28:00,3.0797,3.0797,3.0792,3.0792,3.0847,3.0847,3.0842,3.0842,2
2026-05-28 07:30:00,3.0787,3.0787,3.0742,3.0747,3.0837,3.0837,3.0792,3.0797,22
2026-05-28 07:31:00,3.0742,3.0742,3.0742,3.0742,3.0792,3.0792,3.0792,3.0792,1
2026-05-28 07:32:00,3.0737,3.0742,3.0722,3.0742,3.0787,3.0792,3.0772,3.0792,7
2026-05-28 07:33:00,3.0747,3.0772,3.0742,3.0767,3.0797,3.0822,3.0792,3.0817,9
2026-05-28 07:34:00,3.0762,3.0762,3.0762,3.0762,3.0812,3.0812,3.0812,3.0812,1
2026-05-28 07:35:00,3.0757,3.0762,3.0742,3.0752,3.0807,3.0812,3.0792,3.0802,14
2026-05-28 07:36:00,3.0757,3.0762,3.0757,3.0762,3.0807,3.0812,3.0807,3.0812,2
2026-05-28 07:38:00,3.0757,3.0762,3.0752,3.0757,3.0807,3.0812,3.0802,3.0807,4
2026-05-28 07:39:00,3.0752,3.0762,3.0742,3.0742,3.0802,3.0812,3.0792,3.0792,11
2026-05-28 07:40:00,3.0752,3.0752,3.0747,3.0747,3.0802,3.0802,3.0797,3.0797,4
2026-05-28 07:41:00,3.0752,3.0752,3.0742,3.0752,3.0802,3.0802,3.0792,3.0802,3
2026-05-28 07:42:00,3.0747,3.0762,3.0742,3.0752,3.0797,3.0812,3.0792,3.0802,5
2026-05-28 07:43:00,3.0757,3.0762,3.0757,3.0762,3.0807,3.0812,3.0807,3.0812,2
2026-05-28 07:45:00,3.0767,3.0767,3.0767,3.0767,3.0817,3.0817,3.0817,3.0817,1
2026-05-28 07:46:00,3.0772,3.0772,3.0742,3.0742,3.0822,3.0822,3.0792,3.0792,5
2026-05-28 07:48:00,3.0737,3.0752,3.0737,3.0747,3.0787,3.0802,3.0787,3.0797,5
2026-05-28 07:49:00,3.0752,3.0752,3.0737,3.0742,3.0802,3.0802,3.0787,3.0792,6
2026-05-28 07:50:00,3.0737,3.0762,3.0732,3.0757,3.0787,3.0812,3.0782,3.0807,10
2026-05-28 07:53:00,3.0752,3.0762,3.0752,3.0757,3.0802,3.0812,3.0802,3.0807,7
2026-05-28 07:54:00,3.0752,3.0752,3.0752,3.0752,3.0802,3.0802,3.0802,3.0802,1
2026-05-28 07:58:00,3.0762,3.0762,3.0757,3.0757,3.0812,3.0812,3.0807,3.0807,2
2026-05-28 07:59:00,3.0762,3.0762,3.0752,3.0752,3.0812,3.0812,3.0802,3.0802,3
2026-05-28 08:00:00,3.0762,3.0762,3.0752,3.0762,3.0812,3.0812,3.0802,3.0812,4
2026-05-28 08:01:00,3.0767,3.0767,3.0767,3.0767,3.0817,3.0817,3.0817,3.0817,1
2026-05-28 08:02:00,3.0762,3.0762,3.0762,3.0762,3.0812,3.0812,3.0812,3.0812,1
2026-05-28 08:03:00,3.0752,3.0752,3.0752,3.0752,3.0802,3.0802,3.0802,3.0802,1
2026-05-28 08:04:00,3.0742,3.0742,3.0742,3.0742,3.0792,3.0792,3.0792,3.0792,1
2026-05-28 08:05:00,3.0737,3.0737,3.0712,3.0712,3.0787,3.0787,3.0762,3.0762,15
2026-05-28 08:06:00,3.0722,3.0722,3.0722,3.0722,3.0772,3.0772,3.0772,3.0772,1
2026-05-28 08:07:00,3.0732,3.0742,3.0732,3.0732,3.0782,3.0792,3.0782,3.0782,5
2026-05-28 08:09:00,3.0742,3.0742,3.0742,3.0742,3.0792,3.0792,3.0792,3.0792,1
2026-05-28 08:10:00,3.0737,3.0737,3.0732,3.0732,3.0787,3.0787,3.0782,3.0782,2
2026-05-28 08:11:00,3.0727,3.0732,3.0727,3.0732,3.0777,3.0782,3.0777,3.0782,2
2026-05-28 08:12:00,3.0737,3.0742,3.0722,3.0722,3.0787,3.0792,3.0772,3.0772,4
2026-05-28 08:14:00,3.0732,3.0732,3.0722,3.0732,3.0782,3.0782,3.0772,3.0782,6
2026-05-28 08:15:00,3.0727,3.0727,3.0717,3.0722,3.0777,3.0777,3.0767,3.0772,4
2026-05-28 08:16:00,3.0717,3.0742,3.0717,3.0737,3.0767,3.0792,3.0767,3.0787,6
2026-05-28 08:17:00,3.0742,3.0742,3.0712,3.0722,3.0792,3.0792,3.0762,3.0772,6
2026-05-28 08:18:00,3.0727,3.0727,3.0727,3.0727,3.0777,3.0777,3.0777,3.0777,1
2026-05-28 08:19:00,3.0722,3.0722,3.0722,3.0722,3.0772,3.0772,3.0772,3.0772,1
2026-05-28 08:20:00,3.0717,3.0717,3.0717,3.0717,3.0767,3.0767,3.0767,3.0767,1
2026-05-28 08:21:00,3.0722,3.0722,3.0722,3.0722,3.0772,3.0772,3.0772,3.0772,1
2026-05-28 08:22:00,3.0732,3.0732,3.0727,3.0732,3.0782,3.0782,3.0777,3.0782,3
2026-05-28 08:23:00,3.0742,3.0742,3.0727,3.0727,3.0792,3.0792,3.0777,3.0777,6
2026-05-28 08:24:00,3.0732,3.0732,3.0722,3.0722,3.0782,3.0782,3.0772,3.0772,3
2026-05-28 08:31:00,3.0727,3.0727,3.0727,3.0727,3.0777,3.0777,3.0777,3.0777,1
2026-05-28 08:32:00,3.0722,3.0722,3.0722,3.0722,3.0772,3.0772,3.0772,3.0772,1
2026-05-28 08:33:00,3.0712,3.0712,3.0702,3.0712,3.0762,3.0762,3.0752,3.0762,3
2026-05-28 08:34:00,3.0722,3.0722,3.0702,3.0712,3.0772,3.0772,3.0752,3.0762,8
2026-05-28 08:35:00,3.0707,3.0707,3.0702,3.0702,3.0757,3.0757,3.0752,3.0752,2
2026-05-28 08:37:00,3.0712,3.0712,3.0702,3.0712,3.0762,3.0762,3.0752,3.0762,4
2026-05-28 08:38:00,3.0702,3.0702,3.0702,3.0702,3.0752,3.0752,3.0752,3.0752,1
2026-05-28 08:39:00,3.0692,3.0702,3.0692,3.0702,3.0742,3.0752,3.0742,3.0752,3
2026-05-28 08:43:00,3.0712,3.0722,3.0712,3.0717,3.0762,3.0772,3.0762,3.0767,3
2026-05-28 08:44:00,3.0722,3.0722,3.0722,3.0722,3.0772,3.0772,3.0772,3.0772,1
2026-05-28 08:47:00,3.0717,3.0732,3.0712,3.0722,3.0767,3.0782,3.0762,3.0772,9
2026-05-28 08:48:00,3.0712,3.0712,3.0712,3.0712,3.0762,3.0762,3.0762,3.0762,1
2026-05-28 08:50:00,3.0722,3.0732,3.0722,3.0722,3.0772,3.0782,3.0772,3.0772,10
2026-05-28 08:51:00,3.0727,3.0742,3.0727,3.0732,3.0777,3.0792,3.0777,3.0782,6
2026-05-28 08:52:00,3.0722,3.0732,3.0722,3.0722,3.0772,3.0782,3.0772,3.0772,4
2026-05-28 08:53:00,3.0712,3.0717,3.0712,3.0712,3.0762,3.0767,3.0762,3.0762,3
2026-05-28 08:54:00,3.0722,3.0722,3.0712,3.0712,3.0772,3.0772,3.0762,3.0762,2
2026-05-28 08:56:00,3.0722,3.0722,3.0712,3.0717,3.0772,3.0772,3.0762,3.0767,7
2026-05-28 08:57:00,3.0712,3.0722,3.0712,3.0722,3.0762,3.0772,3.0762,3.0772,2
2026-05-28 08:58:00,3.0732,3.0732,3.0722,3.0722,3.0782,3.0782,3.0772,3.0772,4
2026-05-28 08:59:00,3.0717,3.0717,3.0712,3.0712,3.0767,3.0767,3.0762,3.0762,2
2026-05-28 09:00:00,3.0722,3.0742,3.0712,3.0742,3.0772,3.0792,3.0762,3.0792,8
2026-05-28 09:02:00,3.0732,3.0732,3.0727,3.0732,3.0782,3.0782,3.0777,3.0782,3
2026-05-28 09:03:00,3.0727,3.0732,3.0722,3.0732,3.0777,3.0782,3.0772,3.0782,7
2026-05-28 09:04:00,3.0742,3.0742,3.0732,3.0732,3.0792,3.0792,3.0782,3.0782,5
2026-05-28 09:06:00,3.0727,3.0732,3.0727,3.0732,3.0777,3.0782,3.0777,3.0782,2
2026-05-28 09:07:00,3.0742,3.0752,3.0732,3.0742,3.0792,3.0802,3.0782,3.0792,5
2026-05-28 09:08:00,3.0732,3.0732,3.0732,3.0732,3.0782,3.0782,3.0782,3.0782,1
2026-05-28 09:09:00,3.0737,3.0742,3.0737,3.0742,3.0787,3.0792,3.0787,3.0792,2
2026-05-28 09:10:00,3.0752,3.0752,3.0742,3.0742,3.0802,3.0802,3.0792,3.0792,2
2026-05-28 09:12:00,3.0732,3.0732,3.0732,3.0732,3.0782,3.0782,3.0782,3.0782,1
2026-05-28 09:13:00,3.0742,3.0742,3.0742,3.0742,3.0792,3.0792,3.0792,3.0792,1
2026-05-28 09:15:00,3.0737,3.0737,3.0732,3.0732,3.0787,3.0787,3.0782,3.0782,2
2026-05-28 09:16:00,3.0722,3.0722,3.0672,3.0692,3.0772,3.0772,3.0722,3.0742,16
2026-05-28 09:17:00,3.0687,3.0702,3.0687,3.0702,3.0737,3.0752,3.0737,3.0752,5
2026-05-28 09:18:00,3.0697,3.0712,3.0697,3.0707,3.0747,3.0762,3.0747,3.0757,17
2026-05-28 09:19:00,3.0712,3.0712,3.0702,3.0712,3.0762,3.0762,3.0752,3.0762,4
2026-05-28 09:20:00,3.0707,3.0712,3.0702,3.0712,3.0757,3.0762,3.0752,3.0762,4
2026-05-28 09:21:00,3.0717,3.0727,3.0717,3.0722,3.0767,3.0777,3.0767,3.0772,5
2026-05-28 09:24:00,3.0732,3.0732,3.0722,3.0732,3.0782,3.0782,3.0772,3.0782,4
2026-05-28 09:25:00,3.0742,3.0742,3.0742,3.0742,3.0792,3.0792,3.0792,3.0792,1
2026-05-28 09:26:00,3.0747,3.0762,3.0742,3.0752,3.0797,3.0812,3.0792,3.0802,5
2026-05-28 09:27:00,3.0742,3.0742,3.0742,3.0742,3.0792,3.0792,3.0792,3.0792,1
2026-05-28 09:28:00,3.0752,3.0752,3.0742,3.0752,3.0802,3.0802,3.0792,3.0802,5
2026-05-28 09:29:00,3.0747,3.0747,3.0742,3.0742,3.0797,3.0797,3.0792,3.0792,2
2026-05-28 09:30:00,3.0737,3.0742,3.0737,3.0742,3.0787,3.0792,3.0787,3.0792,2
2026-05-28 09:32:00,3.0732,3.0737,3.0732,3.0737,3.0782,3.0787,3.0782,3.0787,2
2026-05-28 09:33:00,3.0732,3.0732,3.0722,3.0732,3.0782,3.0782,3.0772,3.0782,4
2026-05-28 09:34:00,3.0727,3.0727,3.0722,3.0722,3.0777,3.0777,3.0772,3.0772,2
2026-05-28 09:35:00,3.0712,3.0722,3.0702,3.0712,3.0762,3.0772,3.0752,3.0762,7
2026-05-28 09:36:00,3.0717,3.0727,3.0702,3.0722,3.0767,3.0777,3.0752,3.0772,16
2026-05-28 09:37:00,3.0717,3.0717,3.0712,3.0712,3.0767,3.0767,3.0762,3.0762,2
2026-05-28 09:38:00,3.0722,3.0722,3.0712,3.0722,3.0772,3.0772,3.0762,3.0772,4
2026-05-28 09:39:00,3.0732,3.0732,3.0727,3.0732,3.0782,3.0782,3.0777,3.0782,3
2026-05-28 09:41:00,3.0742,3.0752,3.0732,3.0732,3.0792,3.0802,3.0782,3.0782,6
2026-05-28 09:42:00,3.0727,3.0732,3.0727,3.0732,3.0777,3.0782,3.0777,3.0782,2
2026-05-28 09:44:00,3.0727,3.0742,3.0722,3.0742,3.0777,3.0792,3.0772,3.0792,4
2026-05-28 09:45:00,3.0752,3.0752,3.0747,3.0752,3.0802,3.0802,3.0797,3.0802,3
2026-05-28 09:46:00,3.0742,3.0747,3.0742,3.0742,3.0792,3.0797,3.0792,3.0792,3
2026-05-28 09:47:00,3.0752,3.0752,3.0742,3.0752,3.0802,3.0802,3.0792,3.0802,4
2026-05-28 09:48:00,3.0742,3.0752,3.0742,3.0752,3.0792,3.0802,3.0792,3.0802,2
2026-05-28 09:49:00,3.0762,3.0762,3.0742,3.0742,3.0812,3.0812,3.0792,3.0792,4
2026-05-28 09:52:00,3.0737,3.0752,3.0737,3.0752,3.0787,3.0802,3.0787,3.0802,4
2026-05-28 09:53:00,3.0762,3.0782,3.0762,3.0772,3.0812,3.0832,3.0812,3.0822,7
2026-05-28 09:54:00,3.0762,3.0762,3.0752,3.0752,3.0812,3.0812,3.0802,3.0802,3
2026-05-28 09:55:00,3.0742,3.0762,3.0742,3.0747,3.0792,3.0812,3.0792,3.0797,7
2026-05-28 09:56:00,3.0742,3.0742,3.0742,3.0742,3.0792,3.0792,3.0792,3.0792,1
2026-05-28 09:57:00,3.0737,3.0752,3.0732,3.0752,3.0787,3.0802,3.0782,3.0802,5
2026-05-28 09:58:00,3.0757,3.0762,3.0752,3.0752,3.0807,3.0812,3.0802,3.0802,9
2026-05-28 09:59:00,3.0757,3.0757,3.0742,3.0752,3.0807,3.0807,3.0792,3.0802,5
2026-05-28 10:00:00,3.0742,3.0742,3.0742,3.0742,3.0792,3.0792,3.0792,3.0792,1
2026-05-28 10:01:00,3.0752,3.0752,3.0742,3.0742,3.0802,3.0802,3.0792,3.0792,2
2026-05-28 10:02:00,3.0752,3.0752,3.0752,3.0752,3.0802,3.0802,3.0802,3.0802,1
2026-05-28 10:03:00,3.0742,3.0752,3.0742,3.0752,3.0792,3.0802,3.0792,3.0802,3
2026-05-28 10:05:00,3.0762,3.0762,3.0742,3.0752,3.0812,3.0812,3.0792,3.0802,4
2026-05-28 10:06:00,3.0742,3.0742,3.0732,3.0732,3.0792,3.0792,3.0782,3.0782,2
2026-05-28 10:07:00,3.0722,3.0722,3.0712,3.0712,3.0772,3.0772,3.0762,3.0762,2
2026-05-28 10:08:00,3.0722,3.0722,3.0722,3.0722,3.0772,3.0772,3.0772,3.0772,1
2026-05-28 10:09:00,3.0712,3.0712,3.0702,3.0702,3.0762,3.0762,3.0752,3.0752,3
2026-05-28 10:10:00,3.0697,3.0712,3.0697,3.0702,3.0747,3.0762,3.0747,3.0752,4
2026-05-28 10:12:00,3.0712,3.0712,3.0712,3.0712,3.0762,3.0762,3.0762,3.0762,1
2026-05-28 10:14:00,3.0702,3.0702,3.0692,3.0692,3.0752,3.0752,3.0742,3.0742,3
2026-05-28 10:16:00,3.0702,3.0702,3.0702,3.0702,3.0752,3.0752,3.0752,3.0752,1
2026-05-28 10:17:00,3.0697,3.0702,3.0692,3.0692,3.0747,3.0752,3.0742,3.0742,5
2026-05-28 10:18:00,3.0702,3.0702,3.0692,3.0697,3.0752,3.0752,3.0742,3.0747,8
2026-05-28 10:19:00,3.0702,3.0702,3.0692,3.0692,3.0752,3.0752,3.0742,3.0742,2
2026-05-28 10:20:00,3.0702,3.0702,3.0682,3.0692,3.0752,3.0752,3.0732,3.0742,4
2026-05-28 10:21:00,3.0702,3.0702,3.0692,3.0692,3.0752,3.0752,3.0742,3.0742,2
2026-05-28 10:22:00,3.0702,3.0702,3.0692,3.0692,3.0752,3.0752,3.0742,3.0742,3
2026-05-28 10:23:00,3.0697,3.0702,3.0687,3.0687,3.0747,3.0752,3.0737,3.0737,4
2026-05-28 10:24:00,3.0692,3.0692,3.0692,3.0692,3.0742,3.0742,3.0742,3.0742,1
2026-05-28 10:25:00,3.0697,3.0712,3.0697,3.0712,3.0747,3.0762,3.0747,3.0762,6
2026-05-28 10:27:00,3.0722,3.0742,3.0722,3.0742,3.0772,3.0792,3.0772,3.0792,3
2026-05-28 10:28:00,3.0732,3.0742,3.0722,3.0722,3.0782,3.0792,3.0772,3.0772,7
2026-05-28 10:29:00,3.0732,3.0732,3.0732,3.0732,3.0782,3.0782,3.0782,3.0782,1
2026-05-28 10:30:00,3.0742,3.0752,3.0742,3.0742,3.0792,3.0802,3.0792,3.0792,4
2026-05-28 10:31:00,3.0732,3.0742,3.0732,3.0732,3.0782,3.0792,3.0782,3.0782,3
2026-05-28 10:32:00,3.0722,3.0722,3.0712,3.0712,3.0772,3.0772,3.0762,3.0762,2
2026-05-28 10:33:00,3.0722,3.0722,3.0712,3.0712,3.0772,3.0772,3.0762,3.0762,3
2026-05-28 10:34:00,3.0722,3.0722,3.0702,3.0702,3.0772,3.0772,3.0752,3.0752,6
2026-05-28 10:35:00,3.0697,3.0702,3.0692,3.0692,3.0747,3.0752,3.0742,3.0742,7
2026-05-28 10:36:00,3.0687,3.0692,3.0682,3.0692,3.0737,3.0742,3.0732,3.0742,5
2026-05-28 10:37:00,3.0687,3.0687,3.0682,3.0687,3.0737,3.0737,3.0732,3.0737,3
2026-05-28 10:38:00,3.0692,3.0692,3.0682,3.0682,3.0742,3.0742,3.0732,3.0732,3
2026-05-28 10:39:00,3.0692,3.0692,3.0687,3.0692,3.0742,3.0742,3.0737,3.0742,3
2026-05-28 10:42:00,3.0702,3.0722,3.0702,3.0722,3.0752,3.0772,3.0752,3.0772,3
2026-05-28 10:43:00,3.0717,3.0717,3.0717,3.0717,3.0767,3.0767,3.0767,3.0767,1
2026-05-28 10:44:00,3.0712,3.0722,3.0712,3.0712,3.0762,3.0772,3.0762,3.0762,4
2026-05-28 10:48:00,3.0702,3.0712,3.0692,3.0702,3.0752,3.0762,3.0742,3.0752,7
2026-05-28 10:49:00,3.0692,3.0702,3.0692,3.0692,3.0742,3.0752,3.0742,3.0742,4
2026-05-28 10:50:00,3.0687,3.0687,3.0687,3.0687,3.0737,3.0737,3.0737,3.0737,1
2026-05-28 10:51:00,3.0682,3.0692,3.0672,3.0682,3.0732,3.0742,3.0722,3.0732,9
2026-05-28 10:52:00,3.0672,3.0682,3.0672,3.0682,3.0722,3.0732,3.0722,3.0732,5
2026-05-28 10:54:00,3.0687,3.0692,3.0672,3.0682,3.0737,3.0742,3.0722,3.0732,7
2026-05-28 10:55:00,3.0687,3.0692,3.0672,3.0692,3.0737,3.0742,3.0722,3.0742,6
2026-05-28 10:56:00,3.0682,3.0682,3.0682,3.0682,3.0732,3.0732,3.0732,3.0732,1
2026-05-28 10:58:00,3.0692,3.0692,3.0682,3.0682,3.0742,3.0742,3.0732,3.0732,2
2026-05-28 11:02:00,3.0672,3.0672,3.0642,3.0657,3.0722,3.0722,3.0692,3.0707,14
2026-05-28 11:03:00,3.0662,3.0662,3.0652,3.0652,3.0712,3.0712,3.0702,3.0702,6
2026-05-28 11:04:00,3.0642,3.0652,3.0642,3.0642,3.0692,3.0702,3.0692,3.0692,8
2026-05-28 11:05:00,3.0632,3.0632,3.0622,3.0632,3.0682,3.0682,3.0672,3.0682,15
2026-05-28 11:06:00,3.0627,3.0632,3.0612,3.0612,3.0677,3.0682,3.0662,3.0662,10
2026-05-28 11:07:00,3.0602,3.0602,3.0592,3.0602,3.0652,3.0652,3.0642,3.0652,4
2026-05-28 11:08:00,3.0612,3.0612,3.0602,3.0612,3.0662,3.0662,3.0652,3.0662,20
2026-05-28 11:09:00,3.0602,3.0612,3.0602,3.0612,3.0652,3.0662,3.0652,3.0662,14
2026-05-28 11:10:00,3.0607,3.0612,3.0602,3.0612,3.0657,3.0662,3.0652,3.0662,3
2026-05-28 11:11:00,3.0622,3.0622,3.0617,3.0617,3.0672,3.0672,3.0667,3.0667,2
2026-05-28 11:12:00,3.0622,3.0622,3.0612,3.0612,3.0672,3.0672,3.0662,3.0662,5
2026-05-28 11:14:00,3.0617,3.0622,3.0617,3.0617,3.0667,3.0672,3.0667,3.0667,5
2026-05-28 11:15:00,3.0622,3.0632,3.0622,3.0622,3.0672,3.0682,3.0672,3.0672,4
2026-05-28 11:16:00,3.0627,3.0627,3.0622,3.0622,3.0677,3.0677,3.0672,3.0672,2
2026-05-28 11:17:00,3.0632,3.0632,3.0627,3.0632,3.0682,3.0682,3.0677,3.0682,3
2026-05-28 11:20:00,3.0642,3.0662,3.0642,3.0662,3.0692,3.0712,3.0692,3.0712,6
2026-05-28 11:22:00,3.0652,3.0667,3.0652,3.0667,3.0702,3.0717,3.0702,3.0717,3
2026-05-28 11:23:00,3.0662,3.0662,3.0662,3.0662,3.0712,3.0712,3.0712,3.0712,1
2026-05-28 11:24:00,3.0652,3.0662,3.0652,3.0652,3.0702,3.0712,3.0702,3.0702,5
2026-05-28 11:25:00,3.0657,3.0677,3.0657,3.0667,3.0707,3.0727,3.0707,3.0717,11
2026-05-28 11:26:00,3.0662,3.0672,3.0662,3.0662,3.0712,3.0722,3.0712,3.0712,5
2026-05-28 11:27:00,3.0672,3.0677,3.0672,3.0677,3.0722,3.0727,3.0722,3.0727,2
2026-05-28 11:28:00,3.0682,3.0692,3.0682,3.0682,3.0732,3.0742,3.0732,3.0732,6
2026-05-28 11:29:00,3.0687,3.0687,3.0682,3.0682,3.0737,3.0737,3.0732,3.0732,4
2026-05-28 11:30:00,3.0692,3.0692,3.0682,3.0682,3.0742,3.0742,3.0732,3.0732,4
2026-05-28 11:31:00,3.0692,3.0692,3.0682,3.0687,3.0742,3.0742,3.0732,3.0737,3
2026-05-28 11:32:00,3.0692,3.0692,3.0687,3.0687,3.0742,3.0742,3.0737,3.0737,2
2026-05-28 11:33:00,3.0692,3.0692,3.0692,3.0692,3.0742,3.0742,3.0742,3.0742,1
2026-05-28 11:36:00,3.0682,3.0682,3.0672,3.0672,3.0732,3.0732,3.0722,3.0722,2
2026-05-28 11:38:00,3.0682,3.0692,3.0682,3.0692,3.0732,3.0742,3.0732,3.0742,2
2026-05-28 11:39:00,3.0682,3.0692,3.0682,3.0692,3.0732,3.0742,3.0732,3.0742,3
2026-05-28 11:41:00,3.0687,3.0687,3.0672,3.0682,3.0737,3.0737,3.0722,3.0732,6
2026-05-28 11:42:00,3.0672,3.0692,3.0672,3.0692,3.0722,3.0742,3.0722,3.0742,3
2026-05-28 11:43:00,3.0682,3.0682,3.0682,3.0682,3.0732,3.0732,3.0732,3.0732,1
2026-05-28 11:44:00,3.0672,3.0672,3.0657,3.0662,3.0722,3.0722,3.0707,3.0712,8
2026-05-28 11:45:00,3.0652,3.0652,3.0647,3.0652,3.0702,3.0702,3.0697,3.0702,5
2026-05-28 11:46:00,3.0647,3.0652,3.0647,3.0652,3.0697,3.0702,3.0697,3.0702,2
2026-05-28 11:47:00,3.0647,3.0647,3.0642,3.0642,3.0697,3.0697,3.0692,3.0692,2
2026-05-28 11:48:00,3.0652,3.0662,3.0652,3.0662,3.0702,3.0712,3.0702,3.0712,5
2026-05-28 11:49:00,3.0652,3.0652,3.0642,3.0642,3.0702,3.0702,3.0692,3.0692,3
2026-05-28 11:50:00,3.0632,3.0642,3.0632,3.0642,3.0682,3.0692,3.0682,3.0692,4
2026-05-28 11:51:00,3.0652,3.0652,3.0642,3.0642,3.0702,3.0702,3.0692,3.0692,2
2026-05-28 11:52:00,3.0652,3.0652,3.0642,3.0652,3.0702,3.0702,3.0692,3.0702,4
2026-05-28 11:53:00,3.0642,3.0642,3.0642,3.0642,3.0692,3.0692,3.0692,3.0692,1
2026-05-28 11:55:00,3.0652,3.0652,3.0642,3.0642,3.0702,3.0702,3.0692,3.0692,5
2026-05-28 11:56:00,3.0652,3.0652,3.0642,3.0642,3.0702,3.0702,3.0692,3.0692,2
2026-05-28 11:57:00,3.0632,3.0662,3.0622,3.0642,3.0682,3.0712,3.0672,3.0692,11
2026-05-28 11:58:00,3.0637,3.0652,3.0632,3.0632,3.0687,3.0702,3.0682,3.0682,6
2026-05-28 11:59:00,3.0642,3.0642,3.0642,3.0642,3.0692,3.0692,3.0692,3.0692,1
2026-05-28 12:01:00,3.0632,3.0642,3.0632,3.0642,3.0682,3.0692,3.0682,3.0692,2
2026-05-28 12:02:00,3.0632,3.0642,3.0632,3.0642,3.0682,3.0692,3.0682,3.0692,3
2026-05-28 12:03:00,3.0652,3.0652,3.0642,3.0652,3.0702,3.0702,3.0692,3.0702,4
2026-05-28 12:04:00,3.0662,3.0672,3.0652,3.0672,3.0712,3.0722,3.0702,3.0722,13
2026-05-28 12:05:00,3.0662,3.0682,3.0662,3.0682,3.0712,3.0732,3.0712,3.0732,3
2026-05-28 12:06:00,3.0672,3.0682,3.0662,3.0682,3.0722,3.0732,3.0712,3.0732,5
2026-05-28 12:07:00,3.0677,3.0682,3.0672,3.0672,3.0727,3.0732,3.0722,3.0722,9
2026-05-28 12:08:00,3.0662,3.0672,3.0662,3.0667,3.0712,3.0722,3.0712,3.0717,3
2026-05-28 12:09:00,3.0662,3.0667,3.0662,3.0662,3.0712,3.0717,3.0712,3.0712,3
2026-05-28 12:10:00,3.0667,3.0672,3.0652,3.0652,3.0717,3.0722,3.0702,3.0702,9
2026-05-28 12:11:00,3.0642,3.0652,3.0642,3.0652,3.0692,3.0702,3.0692,3.0702,2
2026-05-28 12:12:00,3.0647,3.0647,3.0642,3.0642,3.0697,3.0697,3.0692,3.0692,4
2026-05-28 12:13:00,3.0632,3.0632,3.0622,3.0622,3.0682,3.0682,3.0672,3.0672,10
2026-05-28 12:14:00,3.0632,3.0632,3.0622,3.0622,3.0682,3.0682,3.0672,3.0672,2
2026-05-28 12:15:00,3.0632,3.0632,3.0622,3.0622,3.0682,3.0682,3.0672,3.0672,2
2026-05-28 12:16:00,3.0632,3.0647,3.0632,3.0642,3.0682,3.0697,3.0682,3.0692,4
2026-05-28 12:17:00,3.0647,3.0667,3.0647,3.0662,3.0697,3.0717,3.0697,3.0712,6
2026-05-28 12:18:00,3.0672,3.0672,3.0662,3.0662,3.0722,3.0722,3.0712,3.0712,5
2026-05-28 12:20:00,3.0672,3.0672,3.0652,3.0652,3.0722,3.0722,3.0702,3.0702,4
2026-05-28 12:21:00,3.0662,3.0662,3.0652,3.0652,3.0712,3.0712,3.0702,3.0702,2
2026-05-28 12:22:00,3.0662,3.0662,3.0652,3.0652,3.0712,3.0712,3.0702,3.0702,2
2026-05-28 12:23:00,3.0642,3.0642,3.0642,3.0642,3.0692,3.0692,3.0692,3.0692,1
2026-05-28 12:24:00,3.0652,3.0652,3.0642,3.0642,3.0702,3.0702,3.0692,3.0692,9
2026-05-28 12:25:00,3.0632,3.0642,3.0632,3.0642,3.0682,3.0692,3.0682,3.0692,6
2026-05-28 12:26:00,3.0632,3.0642,3.0632,3.0642,3.0682,3.0692,3.0682,3.0692,2
2026-05-28 12:27:00,3.0652,3.0672,3.0652,3.0662,3.0702,3.0722,3.0702,3.0712,4
2026-05-28 12:28:00,3.0667,3.0672,3.0662,3.0662,3.0717,3.0722,3.0712,3.0712,4
2026-05-28 12:29:00,3.0672,3.0672,3.0662,3.0662,3.0722,3.0722,3.0712,3.0712,2
2026-05-28 12:30:00,3.0667,3.0672,3.0662,3.0662,3.0717,3.0722,3.0712,3.0712,5
2026-05-28 12:31:00,3.0652,3.0652,3.0652,3.0652,3.0702,3.0702,3.0702,3.0702,1
2026-05-28 12:32:00,3.0662,3.0662,3.0662,3.0662,3.0712,3.0712,3.0712,3.0712,1
2026-05-28 12:33:00,3.0667,3.0672,3.0652,3.0662,3.0717,3.0722,3.0702,3.0712,10
2026-05-28 12:34:00,3.0652,3.0662,3.0652,3.0662,3.0702,3.0712,3.0702,3.0712,2
2026-05-28 12:35:00,3.0672,3.0672,3.0672,3.0672,3.0722,3.0722,3.0722,3.0722,1
2026-05-28 12:36:00,3.0662,3.0682,3.0662,3.0682,3.0712,3.0732,3.0712,3.0732,3
2026-05-28 12:38:00,3.0692,3.0722,3.0692,3.0702,3.0742,3.0772,3.0742,3.0752,9
2026-05-28 12:40:00,3.0712,3.0712,3.0712,3.0712,3.0762,3.0762,3.0762,3.0762,1
2026-05-28 12:41:00,3.0722,3.0742,3.0722,3.0722,3.0772,3.0792,3.0772,3.0772,8
2026-05-28 12:42:00,3.0712,3.0722,3.0712,3.0722,3.0762,3.0772,3.0762,3.0772,3
2026-05-28 12:43:00,3.0727,3.0727,3.0722,3.0722,3.0777,3.0777,3.0772,3.0772,2
2026-05-28 12:44:00,3.0732,3.0732,3.0722,3.0722,3.0782,3.0782,3.0772,3.0772,2
2026-05-28 12:45:00,3.0732,3.0732,3.0722,3.0722,3.0782,3.0782,3.0772,3.0772,5
2026-05-28 12:46:00,3.0712,3.0722,3.0702,3.0702,3.0762,3.0772,3.0752,3.0752,8
2026-05-28 12:47:00,3.0712,3.0712,3.0707,3.0712,3.0762,3.0762,3.0757,3.0762,3
2026-05-28 12:48:00,3.0702,3.0712,3.0702,3.0702,3.0752,3.0762,3.0752,3.0752,6
2026-05-28 12:50:00,3.0697,3.0727,3.0692,3.0722,3.0747,3.0777,3.0742,3.0772,7
2026-05-28 12:51:00,3.0732,3.0817,3.0732,3.0772,3.0782,3.0867,3.0782,3.0822,38
2026-05-28 12:52:00,3.0762,3.0762,3.0762,3.0762,3.0812,3.0812,3.0812,3.0812,1
2026-05-28 12:53:00,3.0752,3.0762,3.0752,3.0752,3.0802,3.0812,3.0802,3.0802,8
2026-05-28 12:54:00,3.0762,3.0762,3.0762,3.0762,3.0812,3.0812,3.0812,3.0812,1
2026-05-28 12:55:00,3.0757,3.0802,3.0752,3.0802,3.0807,3.0852,3.0802,3.0852,12
2026-05-28 12:56:00,3.0812,3.0812,3.0782,3.0782,3.0862,3.0862,3.0832,3.0832,15
2026-05-28 12:57:00,3.0772,3.0807,3.0762,3.0792,3.0822,3.0857,3.0812,3.0842,11
2026-05-28 12:58:00,3.0802,3.0842,3.0792,3.0822,3.0852,3.0892,3.0842,3.0872,21
2026-05-28 12:59:00,3.0817,3.0822,3.0812,3.0822,3.0867,3.0872,3.0862,3.0872,3
2026-05-28 13:00:00,3.0817,3.0822,3.0802,3.0822,3.0867,3.0872,3.0852,3.0872,14
2026-05-28 13:01:00,3.0827,3.0832,3.0827,3.0832,3.0877,3.0882,3.0877,3.0882,2
2026-05-28 13:02:00,3.0822,3.0822,3.0817,3.0822,3.0872,3.0872,3.0867,3.0872,5
2026-05-28 13:03:00,3.0812,3.0822,3.0777,3.0792,3.0862,3.0872,3.0827,3.0842,26
2026-05-28 13:04:00,3.0787,3.0792,3.0772,3.0772,3.0837,3.0842,3.0822,3.0822,15
2026-05-28 13:05:00,3.0767,3.0772,3.0752,3.0772,3.0817,3.0822,3.0802,3.0822,14
2026-05-28 13:07:00,3.0782,3.0792,3.0772,3.0782,3.0832,3.0842,3.0822,3.0832,5
2026-05-28 13:09:00,3.0772,3.0782,3.0772,3.0772,3.0822,3.0832,3.0822,3.0822,6
2026-05-28 13:10:00,3.0782,3.0802,3.0782,3.0802,3.0832,3.0852,3.0832,3.0852,13
2026-05-28 13:11:00,3.0812,3.0822,3.0812,3.0822,3.0862,3.0872,3.0862,3.0872,8
2026-05-28 13:12:00,3.0812,3.0872,3.0812,3.0872,3.0862,3.0922,3.0862,3.0922,18
2026-05-28 13:13:00,3.0882,3.0882,3.0862,3.0862,3.0932,3.0932,3.0912,3.0912,5
2026-05-28 13:14:00,3.0852,3.0862,3.0852,3.0852,3.0902,3.0912,3.0902,3.0902,11
2026-05-28 13:15:00,3.0842,3.0862,3.0842,3.0852,3.0892,3.0912,3.0892,3.0902,6
2026-05-28 13:16:00,3.0862,3.0862,3.0857,3.0862,3.0912,3.0912,3.0907,3.0912,3
2026-05-28 13:18:00,3.0852,3.0852,3.0842,3.0842,3.0902,3.0902,3.0892,3.0892,4
2026-05-28 13:19:00,3.0852,3.0852,3.0852,3.0852,3.0902,3.0902,3.0902,3.0902,1
2026-05-28 13:20:00,3.0842,3.0852,3.0832,3.0832,3.0892,3.0902,3.0882,3.0882,6
2026-05-28 13:21:00,3.0822,3.0832,3.0822,3.0832,3.0872,3.0882,3.0872,3.0882,2
2026-05-28 13:22:00,3.0842,3.0872,3.0842,3.0862,3.0892,3.0922,3.0892,3.0912,6
2026-05-28 13:23:00,3.0867,3.0872,3.0862,3.0862,3.0917,3.0922,3.0912,3.0912,7
2026-05-28 13:25:00,3.0852,3.0862,3.0832,3.0842,3.0902,3.0912,3.0882,3.0892,8
2026-05-28 13:26:00,3.0852,3.0872,3.0842,3.0862,3.0902,3.0922,3.0892,3.0912,8
2026-05-28 13:27:00,3.0872,3.0872,3.0872,3.0872,3.0922,3.0922,3.0922,3.0922,1
2026-05-28 13:28:00,3.0877,3.0907,3.0877,3.0902,3.0927,3.0957,3.0927,3.0952,12
2026-05-28 13:29:00,3.0892,3.0902,3.0882,3.0892,3.0942,3.0952,3.0932,3.0942,13
2026-05-28 13:30:00,3.0897,3.0932,3.0882,3.0932,3.0947,3.0982,3.0932,3.0982,19
2026-05-28 13:31:00,3.0942,3.0942,3.0902,3.0942,3.0992,3.0992,3.0952,3.0992,18
2026-05-28 13:32:00,3.0937,3.0972,3.0937,3.0972,3.0987,3.1022,3.0987,3.1022,14
2026-05-28 13:33:00,3.0977,3.1012,3.0972,3.1012,3.1027,3.1062,3.1022,3.1062,16
2026-05-28 13:34:00,3.1002,3.1022,3.0982,3.0992,3.1052,3.1072,3.1032,3.1042,41
2026-05-28 13:35:00,3.0997,3.1042,3.0997,3.1007,3.1047,3.1092,3.1047,3.1057,38
2026-05-28 13:36:00,3.1012,3.1017,3.0982,3.0987,3.1062,3.1067,3.1032,3.1037,42
2026-05-28 13:37:00,3.0992,3.1022,3.0967,3.0992,3.1042,3.1072,3.1017,3.1042,33
2026-05-28 13:38:00,3.0997,3.1002,3.0992,3.0997,3.1047,3.1052,3.1042,3.1047,15
2026-05-28 13:39:00,3.1002,3.1002,3.0972,3.0982,3.1052,3.1052,3.1022,3.1032,12
2026-05-28 13:40:00,3.0987,3.1042,3.0987,3.1032,3.1037,3.1092,3.1037,3.1082,13
2026-05-28 13:41:00,3.1022,3.1032,3.1002,3.1032,3.1072,3.1082,3.1052,3.1082,8
2026-05-28 13:42:00,3.1022,3.1027,3.1022,3.1022,3.1072,3.1077,3.1072,3.1072,7
2026-05-28 13:43:00,3.1032,3.1032,3.1002,3.1002,3.1082,3.1082,3.1052,3.1052,11
2026-05-28 13:44:00,3.1012,3.1022,3.1002,3.1012,3.1062,3.1072,3.1052,3.1062,7
2026-05-28 13:45:00,3.1022,3.1022,3.1012,3.1022,3.1072,3.1072,3.1062,3.1072,3
2026-05-28 13:46:00,3.1012,3.1032,3.1012,3.1032,3.1062,3.1082,3.1062,3.1082,8
2026-05-28 13:47:00,3.1052,3.1092,3.1052,3.1082,3.1102,3.1142,3.1102,3.1132,22
2026-05-28 13:48:00,3.1092,3.1132,3.1092,3.1122,3.1142,3.1182,3.1142,3.1172,18
2026-05-28 13:49:00,3.1112,3.1112,3.1082,3.1102,3.1162,3.1162,3.1132,3.1152,12
2026-05-28 13:50:00,3.1107,3.1132,3.1107,3.1122,3.1157,3.1182,3.1157,3.1172,33
2026-05-28 13:51:00,3.1132,3.1132,3.1102,3.1112,3.1182,3.1182,3.1152,3.1162,14
2026-05-28 13:52:00,3.1102,3.1112,3.1072,3.1087,3.1152,3.1162,3.1122,3.1137,23
2026-05-28 13:53:00,3.1082,3.1087,3.1062,3.1082,3.1132,3.1137,3.1112,3.1132,10
2026-05-28 13:54:00,3.1072,3.1072,3.1042,3.1042,3.1122,3.1122,3.1092,3.1092,7
2026-05-28 13:55:00,3.1032,3.1062,3.1032,3.1042,3.1082,3.1112,3.1082,3.1092,13
2026-05-28 13:56:00,3.1032,3.1052,3.1022,3.1052,3.1082,3.1102,3.1072,3.1102,5
2026-05-28 13:57:00,3.1042,3.1042,3.1037,3.1042,3.1092,3.1092,3.1087,3.1092,3
2026-05-28 13:58:00,3.1052,3.1102,3.1052,3.1082,3.1102,3.1152,3.1102,3.1132,18
2026-05-28 13:59:00,3.1072,3.1092,3.1072,3.1072,3.1122,3.1142,3.1122,3.1122,10
2026-05-28 14:00:00,3.1062,3.1102,3.1052,3.1072,3.1112,3.1152,3.1102,3.1122,21
2026-05-28 14:01:00,3.1062,3.1072,3.1042,3.1062,3.1112,3.1122,3.1092,3.1112,11
2026-05-28 14:02:00,3.1057,3.1057,3.1022,3.1042,3.1107,3.1107,3.1072,3.1092,18
2026-05-28 14:04:00,3.1032,3.1032,3.1022,3.1032,3.1082,3.1082,3.1072,3.1082,15
2026-05-28 14:05:00,3.1027,3.1042,3.1012,3.1042,3.1077,3.1092,3.1062,3.1092,8
2026-05-28 14:06:00,3.1052,3.1112,3.1052,3.1102,3.1102,3.1162,3.1102,3.1152,36
2026-05-28 14:07:00,3.1107,3.1132,3.1072,3.1072,3.1157,3.1182,3.1122,3.1122,28
2026-05-28 14:08:00,3.1077,3.1082,3.1062,3.1067,3.1127,3.1132,3.1112,3.1117,8
2026-05-28 14:09:00,3.1062,3.1072,3.1012,3.1022,3.1112,3.1122,3.1062,3.1072,20
2026-05-28 14:10:00,3.1012,3.1032,3.0982,3.1002,3.1062,3.1082,3.1032,3.1052,18
2026-05-28 14:11:00,3.1012,3.1012,3.0962,3.0982,3.1062,3.1062,3.1012,3.1032,19
2026-05-28 14:12:00,3.0972,3.1002,3.0962,3.0992,3.1022,3.1052,3.1012,3.1042,21
2026-05-28 14:13:00,3.0982,3.0992,3.0952,3.0952,3.1032,3.1042,3.1002,3.1002,19
2026-05-28 14:14:00,3.0962,3.0962,3.0942,3.0952,3.1012,3.1012,3.0992,3.1002,9
2026-05-28 14:15:00,3.0947,3.0962,3.0942,3.0962,3.0997,3.1012,3.0992,3.1012,10
2026-05-28 14:16:00,3.0957,3.0982,3.0942,3.0982,3.1007,3.1032,3.0992,3.1032,16
2026-05-28 14:17:00,3.0972,3.0992,3.0922,3.0932,3.1022,3.1042,3.0972,3.0982,23
2026-05-28 14:18:00,3.0927,3.0972,3.0872,3.0962,3.0977,3.1022,3.0922,3.1012,51
2026-05-28 14:19:00,3.0952,3.1032,3.0952,3.0997,3.1002,3.1082,3.1002,3.1047,27
2026-05-28 14:20:00,3.1002,3.1022,3.0982,3.1012,3.1052,3.1072,3.1032,3.1062,26
2026-05-28 14:21:00,3.1022,3.1052,3.1012,3.1032,3.1072,3.1102,3.1062,3.1082,27
2026-05-28 14:22:00,3.1027,3.1052,3.1012,3.1052,3.1077,3.1102,3.1062,3.1102,16
2026-05-28 14:23:00,3.1042,3.1102,3.1032,3.1102,3.1092,3.1152,3.1082,3.1152,18
2026-05-28 14:24:00,3.1112,3.1162,3.1112,3.1152,3.1162,3.1212,3.1162,3.1202,25
2026-05-28 14:25:00,3.1162,3.1162,3.1072,3.1072,3.1212,3.1212,3.1122,3.1122,28
2026-05-28 14:26:00,3.1062,3.1072,3.1042,3.1047,3.1112,3.1122,3.1092,3.1097,18
2026-05-28 14:27:00,3.1042,3.1042,3.0982,3.0982,3.1092,3.1092,3.1032,3.1032,16
2026-05-28 14:28:00,3.0987,3.0987,3.0927,3.0942,3.1037,3.1037,3.0977,3.0992,41
2026-05-28 14:29:00,3.0937,3.0937,3.0882,3.0882,3.0987,3.0987,3.0932,3.0932,26
2026-05-28 14:30:00,3.0887,3.0952,3.0887,3.0922,3.0937,3.1002,3.0937,3.0972,50
2026-05-28 14:31:00,3.0912,3.0912,3.0862,3.0902,3.0962,3.0962,3.0912,3.0952,32
2026-05-28 14:32:00,3.0907,3.0922,3.0897,3.0917,3.0957,3.0972,3.0947,3.0967,32
2026-05-28 14:33:00,3.0912,3.0912,3.0822,3.0837,3.0962,3.0962,3.0872,3.0887,52
2026-05-28 14:34:00,3.0842,3.0902,3.0842,3.0887,3.0892,3.0952,3.0892,3.0937,33
2026-05-28 14:35:00,3.0892,3.0892,3.0822,3.0842,3.0942,3.0942,3.0872,3.0892,32
2026-05-28 14:36:00,3.0837,3.0852,3.0812,3.0832,3.0887,3.0902,3.0862,3.0882,35
2026-05-28 14:37:00,3.0837,3.0842,3.0792,3.0802,3.0887,3.0892,3.0842,3.0852,42
2026-05-28 14:38:00,3.0797,3.0822,3.0797,3.0822,3.0847,3.0872,3.0847,3.0872,17
2026-05-28 14:39:00,3.0832,3.0852,3.0822,3.0852,3.0882,3.0902,3.0872,3.0902,26
2026-05-28 14:40:00,3.0842,3.0852,3.0822,3.0852,3.0892,3.0902,3.0872,3.0902,19
2026-05-28 14:41:00,3.0862,3.0872,3.0642,3.0652,3.0912,3.0922,3.0692,3.0702,96
2026-05-28 14:42:00,3.0657,3.0802,3.0632,3.0752,3.0707,3.0852,3.0682,3.0802,114
2026-05-28 14:43:00,3.0762,3.0802,3.0722,3.0752,3.0812,3.0852,3.0772,3.0802,56
2026-05-28 14:44:00,3.0762,3.0762,3.0652,3.0692,3.0812,3.0812,3.0702,3.0742,61
2026-05-28 14:45:00,3.0697,3.0727,3.0692,3.0712,3.0747,3.0777,3.0742,3.0762,38
2026-05-28 14:46:00,3.0702,3.0742,3.0692,3.0712,3.0752,3.0792,3.0742,3.0762,35
2026-05-28 14:47:00,3.0702,3.0742,3.0702,3.0732,3.0752,3.0792,3.0752,3.0782,14
2026-05-28 14:48:00,3.0742,3.0782,3.0732,3.0772,3.0792,3.0832,3.0782,3.0822,16
2026-05-28 14:49:00,3.0782,3.0792,3.0752,3.0772,3.0832,3.0842,3.0802,3.0822,33
2026-05-28 14:50:00,3.0762,3.0772,3.0752,3.0762,3.0812,3.0822,3.0802,3.0812,7
2026-05-28 14:51:00,3.0752,3.0762,3.0742,3.0762,3.0802,3.0812,3.0792,3.0812,9
2026-05-28 14:52:00,3.0752,3.0822,3.0742,3.0822,3.0802,3.0872,3.0792,3.0872,25
2026-05-28 14:53:00,3.0812,3.0832,3.0777,3.0802,3.0862,3.0882,3.0827,3.0852,31
2026-05-28 14:54:00,3.0792,3.0792,3.0782,3.0792,3.0842,3.0842,3.0832,3.0842,13
2026-05-28 14:55:00,3.0782,3.0792,3.0752,3.0782,3.0832,3.0842,3.0802,3.0832,25
2026-05-28 14:56:00,3.0772,3.0772,3.0752,3.0762,3.0822,3.0822,3.0802,3.0812,18
2026-05-28 14:57:00,3.0772,3.0782,3.0772,3.0782,3.0822,3.0832,3.0822,3.0832,18
2026-05-28 14:58:00,3.0777,3.0822,3.0742,3.0822,3.0827,3.0872,3.0792,3.0872,46
2026-05-28 14:59:00,3.0812,3.0812,3.0782,3.0782,3.0862,3.0862,3.0832,3.0832,24
2026-05-28 15:00:00,3.0792,3.0822,3.0732,3.0822,3.0842,3.0872,3.0782,3.0872,80
2026-05-28 15:01:00,3.0832,3.0902,3.0822,3.0892,3.0882,3.0952,3.0872,3.0942,68
2026-05-28 15:02:00,3.0882,3.0992,3.0882,3.0972,3.0932,3.1042,3.0932,3.1022,77
2026-05-28 15:03:00,3.0977,3.0982,3.0922,3.0942,3.1027,3.1032,3.0972,3.0992,37
2026-05-28 15:04:00,3.0932,3.0962,3.0922,3.0957,3.0982,3.1012,3.0972,3.1007,29
2026-05-28 15:05:00,3.0952,3.0952,3.0882,3.0882,3.1002,3.1002,3.0932,3.0932,56
2026-05-28 15:06:00,3.0872,3.0872,3.0782,3.0872,3.0922,3.0922,3.0832,3.0922,75
2026-05-28 15:07:00,3.0882,3.0932,3.0852,3.0917,3.0932,3.0982,3.0902,3.0967,42
2026-05-28 15:08:00,3.0912,3.0922,3.0812,3.0832,3.0962,3.0972,3.0862,3.0882,34
2026-05-28 15:09:00,3.0822,3.0852,3.0792,3.0852,3.0872,3.0902,3.0842,3.0902,36
2026-05-28 15:10:00,3.0842,3.0862,3.0812,3.0842,3.0892,3.0912,3.0862,3.0892,53
2026-05-28 15:11:00,3.0832,3.0892,3.0832,3.0892,3.0882,3.0942,3.0882,3.0942,27
2026-05-28 15:12:00,3.0887,3.0892,3.0822,3.0842,3.0937,3.0942,3.0872,3.0892,45
2026-05-28 15:13:00,3.0832,3.0872,3.0832,3.0852,3.0882,3.0922,3.0882,3.0902,29
2026-05-28 15:14:00,3.0857,3.0912,3.0857,3.0902,3.0907,3.0962,3.0907,3.0952,26
2026-05-28 15:15:00,3.0912,3.0962,3.0882,3.0952,3.0962,3.1012,3.0932,3.1002,28
2026-05-28 15:16:00,3.0962,3.0992,3.0932,3.0962,3.1012,3.1042,3.0982,3.1012,39
2026-05-28 15:17:00,3.0972,3.0972,3.0952,3.0972,3.1022,3.1022,3.1002,3.1022,16
2026-05-28 15:18:00,3.0982,3.1022,3.0982,3.1002,3.1032,3.1072,3.1032,3.1052,17
2026-05-28 15:19:00,3.0992,3.1012,3.0992,3.0992,3.1042,3.1062,3.1042,3.1042,21
2026-05-28 15:20:00,3.0982,3.1002,3.0972,3.0982,3.1032,3.1052,3.1022,3.1032,17
2026-05-28 15:21:00,3.0972,3.1012,3.0972,3.1012,3.1022,3.1062,3.1022,3.1062,19
2026-05-28 15:22:00,3.1002,3.1072,3.1002,3.1052,3.1052,3.1122,3.1052,3.1102,34
2026-05-28 15:23:00,3.1042,3.1072,3.1042,3.1072,3.1092,3.1122,3.1092,3.1122,40
2026-05-28 15:24:00,3.1067,3.1112,3.1067,3.1102,3.1117,3.1162,3.1117,3.1152,21
2026-05-28 15:25:00,3.1092,3.1152,3.1092,3.1132,3.1142,3.1202,3.1142,3.1182,53
2026-05-28 15:26:00,3.1127,3.1212,3.1122,3.1162,3.1177,3.1262,3.1172,3.1212,63
2026-05-28 15:27:00,3.1152,3.1162,3.1142,3.1152,3.1202,3.1212,3.1192,3.1202,27
2026-05-28 15:28:00,3.1142,3.1172,3.1132,3.1142,3.1192,3.1222,3.1182,3.1192,37
2026-05-28 15:29:00,3.1132,3.1192,3.1132,3.1187,3.1182,3.1242,3.1182,3.1237,25
2026-05-28 15:30:00,3.1192,3.1272,3.1162,3.1242,3.1242,3.1322,3.1212,3.1292,59
2026-05-28 15:31:00,3.1252,3.1272,3.1242,3.1262,3.1302,3.1322,3.1292,3.1312,41
2026-05-28 15:32:00,3.1272,3.1322,3.1272,3.1302,3.1322,3.1372,3.1322,3.1352,58
2026-05-28 15:33:00,3.1312,3.1342,3.1312,3.1342,3.1362,3.1392,3.1362,3.1392,44
2026-05-28 15:34:00,3.1337,3.1362,3.1312,3.1347,3.1387,3.1412,3.1362,3.1397,30
2026-05-28 15:35:00,3.1342,3.1352,3.1307,3.1322,3.1392,3.1402,3.1357,3.1372,47
2026-05-28 15:36:00,3.1312,3.1352,3.1312,3.1342,3.1362,3.1402,3.1362,3.1392,38
2026-05-28 15:37:00,3.1322,3.1372,3.1312,3.1362,3.1372,3.1422,3.1362,3.1412,34
2026-05-28 15:38:00,3.1372,3.1372,3.1327,3.1342,3.1422,3.1422,3.1377,3.1392,17
2026-05-28 15:39:00,3.1352,3.1362,3.1342,3.1352,3.1402,3.1412,3.1392,3.1402,8
2026-05-28 15:40:00,3.1362,3.1442,3.1352,3.1442,3.1412,3.1492,3.1402,3.1492,42
2026-05-28 15:41:00,3.1452,3.1522,3.1452,3.1482,3.1502,3.1572,3.1502,3.1532,52
2026-05-28 15:42:00,3.1492,3.1502,3.1442,3.1442,3.1542,3.1552,3.1492,3.1492,17
2026-05-28 15:43:00,3.1437,3.1462,3.1427,3.1457,3.1487,3.1512,3.1477,3.1507,27
2026-05-28 15:44:00,3.1452,3.1472,3.1442,3.1462,3.1502,3.1522,3.1492,3.1512,29
2026-05-28 15:45:00,3.1452,3.1462,3.1432,3.1437,3.1502,3.1512,3.1482,3.1487,58
2026-05-28 15:46:00,3.1442,3.1452,3.1422,3.1432,3.1492,3.1502,3.1472,3.1482,18
2026-05-28 15:47:00,3.1442,3.1462,3.1442,3.1462,3.1492,3.1512,3.1492,3.1512,30
2026-05-28 15:48:00,3.1472,3.1492,3.1462,3.1482,3.1522,3.1542,3.1512,3.1532,22
2026-05-28 15:49:00,3.1492,3.1602,3.1492,3.1582,3.1542,3.1652,3.1542,3.1632,70
2026-05-28 15:50:00,3.1592,3.1602,3.1542,3.1562,3.1642,3.1652,3.1592,3.1612,32
2026-05-28 15:51:00,3.1572,3.1622,3.1572,3.1612,3.1622,3.1672,3.1622,3.1662,29
2026-05-28 15:52:00,3.1602,3.1612,3.1582,3.1582,3.1652,3.1662,3.1632,3.1632,15
2026-05-28 15:53:00,3.1592,3.1602,3.1552,3.1562,3.1642,3.1652,3.1602,3.1612,22
2026-05-28 15:54:00,3.1552,3.1582,3.1532,3.1582,3.1602,3.1632,3.1582,3.1632,23
2026-05-28 15:55:00,3.1592,3.1612,3.1572,3.1572,3.1642,3.1662,3.1622,3.1622,18
2026-05-28 15:56:00,3.1582,3.1592,3.1562,3.1582,3.1632,3.1642,3.1612,3.1632,29
2026-05-28 15:57:00,3.1592,3.1602,3.1582,3.1582,3.1642,3.1652,3.1632,3.1632,17
2026-05-28 15:58:00,3.1587,3.1602,3.1562,3.1592,3.1637,3.1652,3.1612,3.1642,22
2026-05-28 15:59:00,3.1602,3.1632,3.1602,3.1617,3.1652,3.1682,3.1652,3.1667,61
2026-05-28 16:00:00,3.1612,3.1622,3.1572,3.1612,3.1662,3.1672,3.1622,3.1662,43
2026-05-28 16:01:00,3.1602,3.1652,3.1602,3.1632,3.1652,3.1702,3.1652,3.1682,57
2026-05-28 16:02:00,3.1642,3.1662,3.1632,3.1662,3.1692,3.1712,3.1682,3.1712,43
2026-05-28 16:03:00,3.1652,3.1672,3.1652,3.1672,3.1702,3.1722,3.1702,3.1722,27
2026-05-28 16:04:00,3.1682,3.1702,3.1672,3.1692,3.1732,3.1752,3.1722,3.1742,34
2026-05-28 16:05:00,3.1702,3.1742,3.1702,3.1722,3.1752,3.1792,3.1752,3.1772,34
2026-05-28 16:06:00,3.1732,3.1742,3.1712,3.1722,3.1782,3.1792,3.1762,3.1772,33
2026-05-28 16:07:00,3.1732,3.1782,3.1722,3.1772,3.1782,3.1832,3.1772,3.1822,19
2026-05-28 16:08:00,3.1782,3.1837,3.1782,3.1832,3.1832,3.1887,3.1832,3.1882,50
2026-05-28 16:09:00,3.1822,3.1822,3.1782,3.1802,3.1872,3.1872,3.1832,3.1852,34
2026-05-28 16:10:00,3.1792,3.1812,3.1782,3.1792,3.1842,3.1862,3.1832,3.1842,29
2026-05-28 16:11:00,3.1802,3.1802,3.1762,3.1777,3.1852,3.1852,3.1812,3.1827,18
2026-05-28 16:12:00,3.1772,3.1802,3.1602,3.1632,3.1822,3.1852,3.1652,3.1682,106
2026-05-28 16:13:00,3.1642,3.1682,3.1562,3.1612,3.1692,3.1732,3.1612,3.1662,196
2026-05-28 16:14:00,3.1602,3.1642,3.1572,3.1632,3.1652,3.1692,3.1622,3.1682,122
2026-05-28 16:15:00,3.1637,3.1672,3.1622,3.1637,3.1687,3.1722,3.1672,3.1687,60
2026-05-28 16:16:00,3.1642,3.1682,3.1592,3.1607,3.1692,3.1732,3.1642,3.1657,46
2026-05-28 16:17:00,3.1622,3.1642,3.1587,3.1622,3.1672,3.1692,3.1637,3.1672,66
2026-05-28 16:18:00,3.1612,3.1642,3.1592,3.1617,3.1662,3.1692,3.1642,3.1667,39
2026-05-28 16:19:00,3.1612,3.1642,3.1602,3.1632,3.1662,3.1692,3.1652,3.1682,30
2026-05-28 16:20:00,3.1637,3.1652,3.1612,3.1622,3.1687,3.1702,3.1662,3.1672,38
2026-05-28 16:21:00,3.1612,3.1642,3.1602,3.1637,3.1662,3.1702,3.1652,3.1702,19
2026-05-28 16:22:00,3.1652,3.1717,3.1652,3.1682,3.1712,3.1767,3.1702,3.1732,32
2026-05-28 16:23:00,3.1677,3.1712,3.1672,3.1697,3.1727,3.1762,3.1722,3.1747,18
2026-05-28 16:24:00,3.1692,3.1722,3.1677,3.1682,3.1742,3.1772,3.1727,3.1732,26
2026-05-28 16:25:00,3.1692,3.1702,3.1662,3.1672,3.1742,3.1752,3.1712,3.1722,26
2026-05-28 16:26:00,3.1677,3.1772,3.1677,3.1732,3.1727,3.1822,3.1727,3.1782,59
2026-05-28 16:27:00,3.1737,3.1792,3.1737,3.1782,3.1787,3.1842,3.1787,3.1832,36
2026-05-28 16:28:00,3.1792,3.1802,3.1727,3.1727,3.1842,3.1852,3.1777,3.1777,53
2026-05-28 16:29:00,3.1732,3.1732,3.1687,3.1697,3.1782,3.1782,3.1737,3.1747,52
2026-05-28 16:30:00,3.1702,3.2042,3.1702,3.2022,3.1752,3.2092,3.1752,3.2072,261
2026-05-28 16:31:00,3.2012,3.2082,3.2012,3.2082,3.2062,3.2132,3.2062,3.2132,149
2026-05-28 16:32:00,3.2077,3.2092,3.1982,3.2012,3.2127,3.2142,3.2032,3.2062,127
2026-05-28 16:33:00,3.2002,3.2132,3.1982,3.2107,3.2052,3.2182,3.2032,3.2157,82
2026-05-28 16:34:00,3.2102,3.2217,3.2102,3.2202,3.2152,3.2267,3.2152,3.2252,99
2026-05-28 16:35:00,3.2207,3.2212,3.2062,3.2077,3.2257,3.2262,3.2112,3.2127,101
2026-05-28 16:36:00,3.2072,3.2122,3.2052,3.2062,3.2122,3.2172,3.2102,3.2112,89
2026-05-28 16:37:00,3.2057,3.2072,3.1972,3.1982,3.2107,3.2122,3.2022,3.2032,108
2026-05-28 16:38:00,3.1977,3.2042,3.1942,3.2012,3.2027,3.2092,3.1992,3.2062,97
2026-05-28 16:39:00,3.2007,3.2042,3.2002,3.2022,3.2057,3.2092,3.2052,3.2072,57
2026-05-28 16:40:00,3.2002,3.2022,3.1932,3.1952,3.2052,3.2072,3.1982,3.2002,109
2026-05-28 16:41:00,3.1957,3.2022,3.1922,3.1942,3.2007,3.2072,3.1972,3.1992,65
2026-05-28 16:42:00,3.1952,3.2032,3.1952,3.1997,3.2002,3.2082,3.2002,3.2047,54
2026-05-28 16:43:00,3.2002,3.2072,3.1992,3.2072,3.2052,3.2122,3.2042,3.2122,58
2026-05-28 16:44:00,3.2082,3.2182,3.2082,3.2132,3.2132,3.2232,3.2132,3.2182,74
2026-05-28 16:45:00,3.2137,3.2152,3.2102,3.2102,3.2187,3.2202,3.2152,3.2152,35
2026-05-28 16:46:00,3.2112,3.2142,3.2102,3.2117,3.2162,3.2192,3.2152,3.2167,46
2026-05-28 16:47:00,3.2112,3.2182,3.2112,3.2162,3.2162,3.2232,3.2162,3.2212,45
2026-05-28 16:48:00,3.2152,3.2232,3.2152,3.2202,3.2202,3.2282,3.2202,3.2252,65
2026-05-28 16:49:00,3.2207,3.2222,3.2182,3.2202,3.2257,3.2272,3.2232,3.2252,41
2026-05-28 16:50:00,3.2192,3.2202,3.2162,3.2182,3.2242,3.2252,3.2212,3.2232,30
2026-05-28 16:51:00,3.2172,3.2212,3.2162,3.2182,3.2222,3.2262,3.2212,3.2232,58
2026-05-28 16:52:00,3.2177,3.2227,3.2172,3.2192,3.2227,3.2277,3.2222,3.2242,55
2026-05-28 16:53:00,3.2202,3.2302,3.2202,3.2302,3.2252,3.2352,3.2252,3.2352,64
2026-05-28 16:54:00,3.2307,3.2417,3.2302,3.2332,3.2357,3.2467,3.2352,3.2382,117
2026-05-28 16:55:00,3.2337,3.2352,3.2292,3.2312,3.2387,3.2402,3.2342,3.2362,69
2026-05-28 16:56:00,3.2307,3.2352,3.2307,3.2347,3.2357,3.2402,3.2357,3.2397,35
2026-05-28 16:57:00,3.2342,3.2412,3.2342,3.2402,3.2392,3.2462,3.2392,3.2452,65
2026-05-28 16:58:00,3.2407,3.2422,3.2362,3.2362,3.2457,3.2472,3.2412,3.2412,52
2026-05-28 16:59:00,3.2372,3.2372,3.2332,3.2337,3.2422,3.2422,3.2382,3.2387,56
2026-05-28 17:00:00,3.2332,3.2392,3.2322,3.2387,3.2382,3.2442,3.2372,3.2437,81
2026-05-28 17:01:00,3.2392,3.2412,3.2382,3.2412,3.2442,3.2462,3.2432,3.2462,43
2026-05-28 17:02:00,3.2422,3.2452,3.2372,3.2372,3.2472,3.2502,3.2422,3.2422,68
2026-05-28 17:03:00,3.2377,3.2442,3.2372,3.2442,3.2427,3.2492,3.2422,3.2492,28
2026-05-28 17:04:00,3.2447,3.2447,3.2372,3.2372,3.2497,3.2497,3.2422,3.2422,36
2026-05-28 17:05:00,3.2377,3.2412,3.2372,3.2392,3.2427,3.2462,3.2422,3.2442,27
2026-05-28 17:06:00,3.2402,3.2422,3.2392,3.2402,3.2452,3.2472,3.2442,3.2452,62
2026-05-28 17:07:00,3.2392,3.2412,3.2382,3.2392,3.2442,3.2462,3.2432,3.2442,29
2026-05-28 17:08:00,3.2397,3.2422,3.2382,3.2422,3.2447,3.2472,3.2432,3.2472,34
2026-05-28 17:09:00,3.2412,3.2432,3.2392,3.2392,3.2462,3.2482,3.2442,3.2442,24
2026-05-28 17:10:00,3.2382,3.2422,3.2382,3.2412,3.2432,3.2472,3.2432,3.2462,27
2026-05-28 17:11:00,3.2402,3.2422,3.2382,3.2397,3.2452,3.2472,3.2432,3.2447,31
2026-05-28 17:12:00,3.2392,3.2412,3.2372,3.2402,3.2442,3.2462,3.2422,3.2452,56
2026-05-28 17:13:00,3.2412,3.2432,3.2402,3.2412,3.2462,3.2482,3.2452,3.2462,22
2026-05-28 17:14:00,3.2417,3.2442,3.2392,3.2402,3.2467,3.2492,3.2442,3.2452,37
2026-05-28 17:15:00,3.2412,3.2452,3.2412,3.2422,3.2462,3.2502,3.2462,3.2472,29
2026-05-28 17:16:00,3.2432,3.2432,3.2352,3.2412,3.2482,3.2482,3.2402,3.2462,35
2026-05-28 17:17:00,3.2402,3.2422,3.2282,3.2292,3.2452,3.2472,3.2332,3.2342,94
2026-05-28 17:18:00,3.2287,3.2342,3.2282,3.2322,3.2337,3.2392,3.2332,3.2372,59
2026-05-28 17:19:00,3.2332,3.2352,3.2322,3.2332,3.2382,3.2402,3.2372,3.2382,16
2026-05-28 17:20:00,3.2322,3.2392,3.2322,3.2382,3.2372,3.2442,3.2372,3.2432,30
2026-05-28 17:21:00,3.2372,3.2427,3.2372,3.2422,3.2422,3.2477,3.2422,3.2472,34
2026-05-28 17:22:00,3.2412,3.2422,3.2382,3.2392,3.2462,3.2472,3.2432,3.2442,20
2026-05-28 17:23:00,3.2382,3.2442,3.2382,3.2442,3.2432,3.2492,3.2432,3.2492,21
2026-05-28 17:24:00,3.2452,3.2502,3.2452,3.2482,3.2502,3.2552,3.2502,3.2532,63
2026-05-28 17:25:00,3.2472,3.2522,3.2472,3.2507,3.2522,3.2572,3.2522,3.2557,54
2026-05-28 17:26:00,3.2502,3.2522,3.2482,3.2482,3.2552,3.2572,3.2532,3.2532,20
2026-05-28 17:27:00,3.2492,3.2522,3.2482,3.2502,3.2542,3.2572,3.2532,3.2552,19
2026-05-28 17:28:00,3.2512,3.2522,3.2472,3.2482,3.2562,3.2572,3.2522,3.2532,12
2026-05-28 17:29:00,3.2472,3.2472,3.2432,3.2442,3.2522,3.2522,3.2482,3.2492,53
2026-05-28 17:30:00,3.2452,3.2522,3.2452,3.2502,3.2502,3.2572,3.2502,3.2552,32
2026-05-28 17:31:00,3.2492,3.2522,3.2482,3.2512,3.2542,3.2572,3.2532,3.2562,46
2026-05-28 17:32:00,3.2522,3.2602,3.2522,3.2582,3.2572,3.2652,3.2572,3.2632,64
2026-05-28 17:33:00,3.2592,3.2642,3.2572,3.2637,3.2642,3.2692,3.2622,3.2687,50
2026-05-28 17:34:00,3.2632,3.2632,3.2582,3.2582,3.2682,3.2682,3.2632,3.2632,48
2026-05-28 17:35:00,3.2572,3.2592,3.2502,3.2522,3.2622,3.2642,3.2552,3.2572,57
2026-05-28 17:36:00,3.2532,3.2592,3.2522,3.2572,3.2582,3.2642,3.2572,3.2622,46
2026-05-28 17:37:00,3.2562,3.2572,3.2522,3.2532,3.2612,3.2622,3.2572,3.2582,56
2026-05-28 17:38:00,3.2522,3.2532,3.2432,3.2462,3.2572,3.2582,3.2482,3.2512,85
2026-05-28 17:39:00,3.2472,3.2532,3.2452,3.2527,3.2522,3.2582,3.2502,3.2577,35
2026-05-28 17:40:00,3.2532,3.2532,3.2482,3.2492,3.2582,3.2582,3.2532,3.2542,19
2026-05-28 17:41:00,3.2497,3.2532,3.2492,3.2532,3.2547,3.2582,3.2542,3.2582,18
2026-05-28 17:42:00,3.2542,3.2572,3.2502,3.2572,3.2592,3.2622,3.2552,3.2622,40
2026-05-28 17:43:00,3.2577,3.2612,3.2572,3.2592,3.2627,3.2662,3.2622,3.2642,33
2026-05-28 17:44:00,3.2602,3.2602,3.2582,3.2582,3.2652,3.2652,3.2632,3.2632,9
2026-05-28 17:45:00,3.2592,3.2602,3.2552,3.2582,3.2642,3.2652,3.2602,3.2632,18
2026-05-28 17:46:00,3.2587,3.2602,3.2562,3.2602,3.2637,3.2652,3.2612,3.2652,20
2026-05-28 17:47:00,3.2592,3.2632,3.2592,3.2612,3.2642,3.2682,3.2642,3.2662,17
2026-05-28 17:48:00,3.2622,3.2692,3.2622,3.2672,3.2672,3.2742,3.2672,3.2722,56
2026-05-28 17:49:00,3.2662,3.2712,3.2642,3.2692,3.2712,3.2762,3.2692,3.2742,64
2026-05-28 17:50:00,3.2682,3.2692,3.2632,3.2642,3.2732,3.2742,3.2682,3.2692,30
2026-05-28 17:51:00,3.2647,3.2672,3.2642,3.2662,3.2697,3.2722,3.2692,3.2712,28
2026-05-28 17:52:00,3.2652,3.2662,3.2642,3.2662,3.2702,3.2712,3.2692,3.2712,10
2026-05-28 17:53:00,3.2652,3.2692,3.2632,3.2692,3.2702,3.2742,3.2682,3.2742,37
2026-05-28 17:54:00,3.2682,3.2682,3.2652,3.2682,3.2732,3.2732,3.2702,3.2732,23
2026-05-28 17:55:00,3.2692,3.2762,3.2682,3.2742,3.2742,3.2812,3.2732,3.2792,61
2026-05-28 17:56:00,3.2732,3.2762,3.2732,3.2762,3.2782,3.2812,3.2782,3.2812,31
2026-05-28 17:57:00,3.2752,3.2802,3.2742,3.2792,3.2802,3.2852,3.2792,3.2842,50
2026-05-28 17:58:00,3.2802,3.2812,3.2782,3.2797,3.2852,3.2862,3.2832,3.2847,45
2026-05-28 17:59:00,3.2802,3.2802,3.2762,3.2767,3.2852,3.2852,3.2812,3.2817,59
2026-05-28 18:00:00,3.2772,3.2777,3.2702,3.2732,3.2822,3.2827,3.2752,3.2782,41
2026-05-28 18:01:00,3.2737,3.2782,3.2737,3.2762,3.2787,3.2832,3.2787,3.2812,35
2026-05-28 18:02:00,3.2772,3.2792,3.2752,3.2772,3.2822,3.2842,3.2802,3.2822,32
2026-05-28 18:03:00,3.2767,3.2792,3.2752,3.2792,3.2817,3.2842,3.2802,3.2842,32
2026-05-28 18:04:00,3.2802,3.2802,3.2772,3.2792,3.2852,3.2852,3.2822,3.2842,36
2026-05-28 18:05:00,3.2782,3.2877,3.2782,3.2862,3.2832,3.2927,3.2832,3.2912,49
2026-05-28 18:06:00,3.2852,3.2872,3.2822,3.2832,3.2902,3.2922,3.2872,3.2882,31
2026-05-28 18:07:00,3.2822,3.2822,3.2742,3.2762,3.2872,3.2872,3.2792,3.2812,37
2026-05-28 18:08:00,3.2767,3.2772,3.2742,3.2762,3.2817,3.2822,3.2792,3.2812,26
2026-05-28 18:09:00,3.2772,3.2772,3.2722,3.2737,3.2822,3.2822,3.2772,3.2787,38
2026-05-28 18:10:00,3.2732,3.2742,3.2732,3.2732,3.2782,3.2792,3.2782,3.2782,35
2026-05-28 18:11:00,3.2742,3.2742,3.2582,3.2602,3.2792,3.2792,3.2632,3.2652,140
2026-05-28 18:12:00,3.2607,3.2692,3.2592,3.2692,3.2657,3.2742,3.2642,3.2742,41
2026-05-28 18:13:00,3.2702,3.2702,3.2652,3.2652,3.2752,3.2752,3.2702,3.2702,27
2026-05-28 18:14:00,3.2662,3.2692,3.2662,3.2672,3.2712,3.2742,3.2712,3.2722,26
2026-05-28 18:15:00,3.2662,3.2692,3.2662,3.2672,3.2712,3.2742,3.2712,3.2722,24
2026-05-28 18:16:00,3.2677,3.2742,3.2677,3.2732,3.2727,3.2792,3.2727,3.2782,29
2026-05-28 18:17:00,3.2742,3.2752,3.2712,3.2712,3.2792,3.2802,3.2762,3.2762,30
2026-05-28 18:18:00,3.2702,3.2712,3.2642,3.2672,3.2752,3.2762,3.2692,3.2722,41
2026-05-28 18:19:00,3.2682,3.2702,3.2672,3.2672,3.2732,3.2752,3.2722,3.2722,18
2026-05-28 18:20:00,3.2682,3.2707,3.2682,3.2692,3.2732,3.2757,3.2732,3.2742,30
2026-05-28 18:21:00,3.2702,3.2702,3.2662,3.2662,3.2752,3.2752,3.2712,3.2712,27
2026-05-28 18:22:00,3.2667,3.2692,3.2662,3.2692,3.2717,3.2742,3.2712,3.2742,22
2026-05-28 18:23:00,3.2682,3.2692,3.2682,3.2682,3.2732,3.2742,3.2732,3.2732,9
2026-05-28 18:24:00,3.2672,3.2672,3.2592,3.2602,3.2722,3.2722,3.2642,3.2652,48
2026-05-28 18:25:00,3.2592,3.2602,3.2532,3.2542,3.2642,3.2652,3.2582,3.2592,47
2026-05-28 18:26:00,3.2552,3.2622,3.2542,3.2602,3.2602,3.2672,3.2592,3.2652,56
2026-05-28 18:27:00,3.2612,3.2652,3.2612,3.2622,3.2662,3.2702,3.2662,3.2672,22
2026-05-28 18:28:00,3.2617,3.2622,3.2592,3.2602,3.2667,3.2672,3.2642,3.2652,21
2026-05-28 18:29:00,3.2612,3.2632,3.2592,3.2622,3.2662,3.2682,3.2642,3.2672,25
2026-05-28 18:30:00,3.2632,3.2702,3.2622,3.2692,3.2682,3.2752,3.2672,3.2742,41
2026-05-28 18:31:00,3.2702,3.2722,3.2692,3.2702,3.2752,3.2772,3.2742,3.2752,30
2026-05-28 18:32:00,3.2692,3.2742,3.2692,3.2702,3.2742,3.2792,3.2742,3.2752,21
2026-05-28 18:33:00,3.2697,3.2712,3.2692,3.2702,3.2747,3.2762,3.2742,3.2752,33
2026-05-28 18:34:00,3.2712,3.2712,3.2692,3.2702,3.2762,3.2762,3.2742,3.2752,8
2026-05-28 18:35:00,3.2712,3.2712,3.2682,3.2682,3.2762,3.2762,3.2732,3.2732,4
2026-05-28 18:36:00,3.2672,3.2682,3.2642,3.2662,3.2722,3.2732,3.2692,3.2712,29
2026-05-28 18:37:00,3.2667,3.2702,3.2652,3.2692,3.2717,3.2752,3.2702,3.2742,22
2026-05-28 18:38:00,3.2682,3.2692,3.2642,3.2642,3.2732,3.2742,3.2692,3.2692,18
2026-05-28 18:39:00,3.2652,3.2667,3.2622,3.2632,3.2702,3.2717,3.2672,3.2682,27
2026-05-28 18:40:00,3.2642,3.2652,3.2622,3.2632,3.2692,3.2702,3.2672,3.2682,25
2026-05-28 18:41:00,3.2642,3.2642,3.2612,3.2642,3.2692,3.2692,3.2662,3.2692,14
2026-05-28 18:42:00,3.2652,3.2652,3.2632,3.2642,3.2702,3.2702,3.2682,3.2692,19
2026-05-28 18:43:00,3.2652,3.2652,3.2622,3.2642,3.2702,3.2702,3.2672,3.2692,31
2026-05-28 18:44:00,3.2652,3.2672,3.2652,3.2667,3.2702,3.2722,3.2702,3.2717,25
2026-05-28 18:45:00,3.2672,3.2682,3.2652,3.2652,3.2722,3.2732,3.2702,3.2702,12
2026-05-28 18:46:00,3.2642,3.2662,3.2582,3.2592,3.2692,3.2712,3.2632,3.2642,49
2026-05-28 18:47:00,3.2582,3.2642,3.2562,3.2632,3.2632,3.2692,3.2612,3.2682,32
2026-05-28 18:48:00,3.2622,3.2622,3.2532,3.2562,3.2672,3.2672,3.2582,3.2612,46
2026-05-28 18:49:00,3.2572,3.2592,3.2562,3.2592,3.2622,3.2642,3.2612,3.2642,14
2026-05-28 18:50:00,3.2582,3.2602,3.2552,3.2552,3.2632,3.2652,3.2602,3.2602,40
2026-05-28 18:51:00,3.2562,3.2562,3.2502,3.2522,3.2612,3.2612,3.2552,3.2572,68
2026-05-28 18:52:00,3.2532,3.2572,3.2532,3.2572,3.2582,3.2622,3.2582,3.2622,25
2026-05-28 18:53:00,3.2562,3.2582,3.2512,3.2512,3.2612,3.2632,3.2562,3.2562,20
2026-05-28 18:54:00,3.2502,3.2532,3.2492,3.2522,3.2552,3.2582,3.2542,3.2572,18
2026-05-28 18:55:00,3.2512,3.2532,3.2512,3.2532,3.2562,3.2582,3.2562,3.2582,5
2026-05-28 18:56:00,3.2542,3.2582,3.2532,3.2572,3.2592,3.2632,3.2582,3.2622,20
2026-05-28 18:57:00,3.2582,3.2602,3.2582,3.2602,3.2632,3.2652,3.2632,3.2652,13
2026-05-28 18:58:00,3.2612,3.2612,3.2592,3.2602,3.2662,3.2662,3.2642,3.2652,5
2026-05-28 18:59:00,3.2612,3.2632,3.2612,3.2612,3.2662,3.2682,3.2662,3.2662,14
2026-05-28 19:00:00,3.2617,3.2672,3.2612,3.2662,3.2667,3.2722,3.2662,3.2712,16
2026-05-28 19:01:00,3.2652,3.2652,3.2632,3.2652,3.2702,3.2702,3.2682,3.2702,14
2026-05-28 19:02:00,3.2642,3.2692,3.2642,3.2672,3.2692,3.2742,3.2692,3.2722,16
2026-05-28 19:03:00,3.2682,3.2692,3.2672,3.2682,3.2732,3.2742,3.2722,3.2732,8
2026-05-28 19:04:00,3.2692,3.2692,3.2652,3.2672,3.2742,3.2742,3.2702,3.2722,20
2026-05-28 19:05:00,3.2682,3.2682,3.2652,3.2662,3.2732,3.2732,3.2702,3.2712,10
2026-05-28 19:06:00,3.2672,3.2692,3.2672,3.2682,3.2722,3.2742,3.2722,3.2732,15
2026-05-28 19:07:00,3.2692,3.2722,3.2682,3.2722,3.2742,3.2772,3.2732,3.2772,18
2026-05-28 19:08:00,3.2732,3.2732,3.2712,3.2722,3.2782,3.2782,3.2762,3.2772,12
2026-05-28 19:09:00,3.2712,3.2722,3.2702,3.2702,3.2762,3.2772,3.2752,3.2752,8
2026-05-28 19:10:00,3.2712,3.2712,3.2692,3.2692,3.2762,3.2762,3.2742,3.2742,16
2026-05-28 19:11:00,3.2682,3.2692,3.2642,3.2652,3.2732,3.2742,3.2692,3.2702,29
2026-05-28 19:12:00,3.2657,3.2682,3.2657,3.2682,3.2707,3.2732,3.2707,3.2732,23
2026-05-28 19:13:00,3.2692,3.2707,3.2682,3.2682,3.2742,3.2757,3.2732,3.2732,23
2026-05-28 19:14:00,3.2687,3.2687,3.2672,3.2672,3.2737,3.2737,3.2722,3.2722,15
2026-05-28 19:15:00,3.2682,3.2712,3.2682,3.2712,3.2732,3.2762,3.2732,3.2762,10
2026-05-28 19:16:00,3.2717,3.2752,3.2702,3.2752,3.2767,3.2802,3.2752,3.2802,27
2026-05-28 19:17:00,3.2762,3.2762,3.2752,3.2752,3.2812,3.2812,3.2802,3.2802,4
2026-05-28 19:18:00,3.2762,3.2762,3.2752,3.2752,3.2812,3.2812,3.2802,3.2802,2
2026-05-28 19:19:00,3.2762,3.2792,3.2752,3.2787,3.2812,3.2842,3.2802,3.2837,32
2026-05-28 19:20:00,3.2782,3.2802,3.2772,3.2772,3.2832,3.2852,3.2822,3.2822,15
2026-05-28 19:21:00,3.2762,3.2762,3.2742,3.2752,3.2812,3.2812,3.2792,3.2802,15
2026-05-28 19:22:00,3.2762,3.2772,3.2732,3.2752,3.2812,3.2822,3.2782,3.2802,13
2026-05-28 19:23:00,3.2762,3.2772,3.2752,3.2762,3.2812,3.2822,3.2802,3.2812,8
2026-05-28 19:24:00,3.2772,3.2772,3.2722,3.2732,3.2822,3.2822,3.2772,3.2782,16
2026-05-28 19:25:00,3.2742,3.2742,3.2732,3.2742,3.2792,3.2792,3.2782,3.2792,4
2026-05-28 19:26:00,3.2732,3.2732,3.2702,3.2712,3.2782,3.2782,3.2752,3.2762,8
2026-05-28 19:27:00,3.2722,3.2732,3.2722,3.2732,3.2772,3.2782,3.2772,3.2782,6
2026-05-28 19:28:00,3.2742,3.2742,3.2732,3.2732,3.2792,3.2792,3.2782,3.2782,8
2026-05-28 19:29:00,3.2742,3.2752,3.2732,3.2752,3.2792,3.2802,3.2782,3.2802,13
2026-05-28 19:30:00,3.2762,3.2772,3.2722,3.2722,3.2812,3.2822,3.2772,3.2772,14
2026-05-28 19:31:00,3.2727,3.2742,3.2722,3.2732,3.2777,3.2792,3.2772,3.2782,14
2026-05-28 19:32:00,3.2742,3.2752,3.2732,3.2742,3.2792,3.2802,3.2782,3.2792,13
2026-05-28 19:33:00,3.2732,3.2732,3.2702,3.2702,3.2782,3.2782,3.2752,3.2752,6
2026-05-28 19:34:00,3.2712,3.2712,3.2702,3.2702,3.2762,3.2762,3.2752,3.2752,8
2026-05-28 19:35:00,3.2712,3.2742,3.2712,3.2732,3.2762,3.2792,3.2762,3.2782,11
2026-05-28 19:36:00,3.2722,3.2752,3.2692,3.2702,3.2772,3.2802,3.2742,3.2752,24
2026-05-28 19:37:00,3.2697,3.2697,3.2642,3.2662,3.2747,3.2747,3.2692,3.2712,30
2026-05-28 19:38:00,3.2672,3.2672,3.2632,3.2652,3.2722,3.2722,3.2682,3.2702,33
2026-05-28 19:39:00,3.2642,3.2652,3.2612,3.2622,3.2692,3.2702,3.2662,3.2672,26
2026-05-28 19:40:00,3.2632,3.2682,3.2632,3.2672,3.2682,3.2732,3.2682,3.2722,13
2026-05-28 19:41:00,3.2682,3.2692,3.2682,3.2692,3.2732,3.2742,3.2732,3.2742,7
2026-05-28 19:42:00,3.2702,3.2702,3.2692,3.2702,3.2752,3.2752,3.2742,3.2752,5
2026-05-28 19:43:00,3.2712,3.2742,3.2712,3.2732,3.2762,3.2792,3.2762,3.2782,9
2026-05-28 19:44:00,3.2742,3.2772,3.2732,3.2772,3.2792,3.2822,3.2782,3.2822,14
2026-05-28 19:45:00,3.2762,3.2772,3.2742,3.2752,3.2812,3.2822,3.2792,3.2802,19
2026-05-28 19:46:00,3.2742,3.2782,3.2732,3.2772,3.2792,3.2832,3.2782,3.2822,23
2026-05-28 19:47:00,3.2782,3.2782,3.2762,3.2762,3.2832,3.2832,3.2812,3.2812,5
2026-05-28 19:48:00,3.2772,3.2772,3.2752,3.2752,3.2822,3.2822,3.2802,3.2802,9
2026-05-28 19:49:00,3.2762,3.2782,3.2752,3.2772,3.2812,3.2832,3.2802,3.2822,30
2026-05-28 19:50:00,3.2777,3.2792,3.2752,3.2762,3.2827,3.2842,3.2802,3.2812,25
2026-05-28 19:51:00,3.2752,3.2762,3.2742,3.2752,3.2802,3.2812,3.2792,3.2802,12
2026-05-28 19:52:00,3.2762,3.2762,3.2722,3.2722,3.2812,3.2812,3.2772,3.2772,28
2026-05-28 19:53:00,3.2712,3.2712,3.2672,3.2692,3.2762,3.2762,3.2722,3.2742,29
2026-05-28 19:54:00,3.2682,3.2692,3.2632,3.2652,3.2732,3.2742,3.2682,3.2702,54
2026-05-28 19:55:00,3.2642,3.2662,3.2622,3.2622,3.2692,3.2712,3.2672,3.2672,16
2026-05-28 19:56:00,3.2632,3.2642,3.2622,3.2642,3.2682,3.2692,3.2672,3.2692,27
2026-05-28 19:57:00,3.2652,3.2662,3.2632,3.2652,3.2702,3.2712,3.2682,3.2702,19
2026-05-28 19:58:00,3.2662,3.2662,3.2652,3.2652,3.2712,3.2712,3.2702,3.2702,8
2026-05-28 19:59:00,3.2662,3.2672,3.2652,3.2657,3.2712,3.2722,3.2702,3.2707,9
2026-05-28 20:00:00,3.2652,3.2672,3.2572,3.2667,3.2702,3.2722,3.2622,3.2717,83
2026-05-28 20:01:00,3.2672,3.2762,3.2652,3.2752,3.2722,3.2812,3.2702,3.2802,98
2026-05-28 20:02:00,3.2742,3.2752,3.2722,3.2732,3.2792,3.2802,3.2772,3.2782,18
2026-05-28 20:03:00,3.2742,3.2742,3.2562,3.2672,3.2792,3.2792,3.2612,3.2722,107
2026-05-28 20:04:00,3.2677,3.2692,3.2662,3.2692,3.2727,3.2742,3.2712,3.2742,35
2026-05-28 20:05:00,3.2702,3.2702,3.2672,3.2672,3.2752,3.2752,3.2722,3.2722,36
2026-05-28 20:06:00,3.2662,3.2692,3.2662,3.2662,3.2712,3.2742,3.2712,3.2712,16
2026-05-28 20:07:00,3.2672,3.2722,3.2662,3.2722,3.2722,3.2772,3.2712,3.2772,20
2026-05-28 20:08:00,3.2717,3.2742,3.2712,3.2742,3.2767,3.2792,3.2762,3.2792,25
2026-05-28 20:09:00,3.2752,3.2762,3.2712,3.2752,3.2802,3.2812,3.2762,3.2802,43
2026-05-28 20:10:00,3.2762,3.2812,3.2712,3.2732,3.2812,3.2862,3.2762,3.2782,95
2026-05-28 20:11:00,3.2722,3.2772,3.2722,3.2732,3.2772,3.2822,3.2772,3.2782,24
2026-05-28 20:12:00,3.2737,3.2772,3.2732,3.2762,3.2787,3.2822,3.2782,3.2812,20
2026-05-28 20:13:00,3.2772,3.2817,3.2762,3.2787,3.2822,3.2867,3.2812,3.2837,62
2026-05-28 20:14:00,3.2782,3.2822,3.2772,3.2812,3.2832,3.2872,3.2822,3.2862,30
2026-05-28 20:15:00,3.2817,3.2902,3.2812,3.2892,3.2867,3.2952,3.2862,3.2942,70
2026-05-28 20:16:00,3.2897,3.2902,3.2812,3.2822,3.2947,3.2952,3.2862,3.2872,37
2026-05-28 20:17:00,3.2827,3.2852,3.2802,3.2802,3.2877,3.2902,3.2852,3.2852,26
2026-05-28 20:18:00,3.2807,3.2832,3.2772,3.2832,3.2857,3.2882,3.2822,3.2882,22
2026-05-28 20:19:00,3.2822,3.2832,3.2812,3.2822,3.2872,3.2882,3.2862,3.2872,28
2026-05-28 20:20:00,3.2812,3.2832,3.2752,3.2802,3.2862,3.2882,3.2802,3.2852,38
2026-05-28 20:21:00,3.2792,3.2802,3.2672,3.2682,3.2842,3.2852,3.2722,3.2732,66
2026-05-28 20:22:00,3.2692,3.2722,3.2662,3.2702,3.2742,3.2772,3.2712,3.2752,55
2026-05-28 20:23:00,3.2712,3.2792,3.2712,3.2762,3.2762,3.2842,3.2762,3.2812,41
2026-05-28 20:24:00,3.2772,3.2822,3.2762,3.2822,3.2822,3.2872,3.2812,3.2872,48
2026-05-28 20:25:00,3.2832,3.2862,3.2802,3.2812,3.2882,3.2912,3.2852,3.2862,72
2026-05-28 20:26:00,3.2822,3.2842,3.2782,3.2842,3.2872,3.2892,3.2832,3.2892,71
2026-05-28 20:27:00,3.2837,3.2842,3.2772,3.2842,3.2887,3.2892,3.2822,3.2892,83
2026-05-28 20:28:00,3.2832,3.2922,3.2822,3.2842,3.2882,3.2972,3.2872,3.2892,168
2026-05-28 20:29:00,3.2852,3.2912,3.2852,3.2882,3.2902,3.2962,3.2902,3.2932,60
2026-05-28 20:30:00,3.2872,3.2912,3.2862,3.2912,3.2922,3.2962,3.2912,3.2962,38
2026-05-28 20:31:00,3.2907,3.2962,3.2902,3.2932,3.2957,3.3012,3.2952,3.2982,42
2026-05-28 20:32:00,3.2942,3.2942,3.2892,3.2892,3.2992,3.2992,3.2942,3.2942,18
2026-05-28 20:33:00,3.2882,3.2927,3.2882,3.2927,3.2932,3.2977,3.2932,3.2977,20
2026-05-28 20:34:00,3.2922,3.2942,3.2912,3.2937,3.2972,3.2992,3.2962,3.2987,19
2026-05-28 20:35:00,3.2942,3.2962,3.2937,3.2942,3.2992,3.3012,3.2987,3.2992,9
2026-05-28 20:36:00,3.2952,3.2952,3.2942,3.2942,3.3002,3.3002,3.2992,3.2992,6
2026-05-28 20:37:00,3.2952,3.2952,3.2932,3.2932,3.3002,3.3002,3.2982,3.2982,5
2026-05-28 20:38:00,3.2937,3.2952,3.2912,3.2912,3.2987,3.3002,3.2962,3.2962,11
2026-05-28 20:39:00,3.2902,3.2922,3.2882,3.2902,3.2952,3.2972,3.2932,3.2952,40
2026-05-28 20:40:00,3.2912,3.2912,3.2902,3.2902,3.2962,3.2962,3.2952,3.2952,13
2026-05-28 20:41:00,3.2907,3.2932,3.2902,3.2927,3.2957,3.2982,3.2952,3.2977,19
2026-05-28 20:42:00,3.2932,3.2942,3.2932,3.2932,3.2982,3.2992,3.2982,3.2982,23
2026-05-28 20:43:00,3.2937,3.2937,3.2912,3.2912,3.2987,3.2987,3.2962,3.2962,12
2026-05-28 20:44:00,3.2922,3.2932,3.2862,3.2877,3.2972,3.2982,3.2912,3.2927,38
2026-05-28 20:45:00,3.2882,3.2882,3.2842,3.2862,3.2932,3.2932,3.2892,3.2912,16
2026-05-28 20:46:00,3.2872,3.2892,3.2872,3.2882,3.2922,3.2942,3.2922,3.2932,6
2026-05-28 20:47:00,3.2892,3.2892,3.2882,3.2882,3.2942,3.2942,3.2932,3.2932,5
2026-05-28 20:48:00,3.2892,3.2892,3.2872,3.2877,3.2942,3.2942,3.2922,3.2927,9
2026-05-28 20:49:00,3.2882,3.2882,3.2857,3.2862,3.2932,3.2932,3.2907,3.2912,13
2026-05-28 20:50:00,3.2872,3.2872,3.2852,3.2872,3.2922,3.2922,3.2902,3.2922,6
2026-05-28 20:51:00,3.2862,3.2872,3.2842,3.2862,3.2912,3.2922,3.2892,3.2912,15
2026-05-28 20:52:00,3.2852,3.2862,3.2852,3.2862,3.2902,3.2912,3.2902,3.2912,3
2026-05-28 20:53:00,3.2852,3.2867,3.2852,3.2862,3.2902,3.2917,3.2902,3.2912,9
2026-05-28 20:54:00,3.2872,3.2882,3.2862,3.2872,3.2922,3.2932,3.2912,3.2922,13
2026-05-28 20:55:00,3.2877,3.2882,3.2872,3.2872,3.2927,3.2932,3.2922,3.2922,7
2026-05-28 20:56:00,3.2862,3.2872,3.2862,3.2872,3.2912,3.2922,3.2912,3.2922,2
2026-05-28 20:57:00,3.2877,3.2882,3.2867,3.2882,3.2927,3.2932,3.2917,3.2932,14
2026-05-28 20:58:00,3.2892,3.2892,3.2882,3.2882,3.2942,3.2942,3.2932,3.2932,10
2026-05-28 20:59:00,3.2887,3.2887,3.2887,3.2887,3.2937,3.2937,3.2937,3.2937,1
2026-05-28 21:00:00,3.2892,3.2927,3.2892,3.2922,3.2942,3.2977,3.2942,3.2972,19
2026-05-28 21:01:00,3.2927,3.2942,3.2922,3.2922,3.2977,3.2992,3.2972,3.2972,19
2026-05-28 21:02:00,3.2932,3.2932,3.2927,3.2932,3.2982,3.2982,3.2977,3.2982,3
2026-05-28 21:03:00,3.2942,3.2942,3.2932,3.2942,3.2992,3.2992,3.2982,3.2992,4
2026-05-28 21:04:00,3.2932,3.2937,3.2932,3.2932,3.2982,3.2987,3.2982,3.2982,3
2026-05-28 21:05:00,3.2942,3.2942,3.2932,3.2932,3.2992,3.2992,3.2982,3.2982,11
2026-05-28 21:06:00,3.2937,3.2942,3.2922,3.2932,3.2987,3.2992,3.2972,3.2982,11
2026-05-28 21:07:00,3.2922,3.2932,3.2922,3.2932,3.2972,3.2982,3.2972,3.2982,8
2026-05-28 21:08:00,3.2942,3.2942,3.2932,3.2932,3.2992,3.2992,3.2982,3.2982,2
2026-05-28 21:09:00,3.2942,3.2962,3.2942,3.2952,3.2992,3.3012,3.2992,3.3002,9
2026-05-28 21:10:00,3.2942,3.2952,3.2942,3.2942,3.2992,3.3002,3.2992,3.2992,6
2026-05-28 21:11:00,3.2932,3.2942,3.2922,3.2932,3.2982,3.2992,3.2972,3.2982,12
2026-05-28 21:12:00,3.2942,3.2942,3.2932,3.2932,3.2992,3.2992,3.2982,3.2982,3
2026-05-28 21:13:00,3.2922,3.2932,3.2922,3.2932,3.2972,3.2982,3.2972,3.2982,3
2026-05-28 21:14:00,3.2922,3.2922,3.2902,3.2922,3.2972,3.2972,3.2952,3.2972,12
2026-05-28 21:15:00,3.2912,3.2922,3.2912,3.2922,3.2962,3.2972,3.2962,3.2972,2
2026-05-28 21:16:00,3.2932,3.2932,3.2922,3.2922,3.2982,3.2982,3.2972,3.2972,6
2026-05-28 21:18:00,3.2932,3.2932,3.2912,3.2922,3.2982,3.2982,3.2962,3.2972,6
2026-05-28 21:19:00,3.2912,3.2942,3.2912,3.2932,3.2962,3.2992,3.2962,3.2982,8
2026-05-28 21:20:00,3.2942,3.2942,3.2932,3.2932,3.2992,3.2992,3.2982,3.2982,6
2026-05-28 21:21:00,3.2937,3.2942,3.2932,3.2937,3.2987,3.2992,3.2982,3.2987,5
2026-05-28 21:22:00,3.2932,3.2932,3.2892,3.2902,3.2982,3.2982,3.2942,3.2952,21
2026-05-28 21:23:00,3.2912,3.2922,3.2902,3.2902,3.2962,3.2972,3.2952,3.2952,6
2026-05-28 21:24:00,3.2907,3.2912,3.2892,3.2902,3.2957,3.2962,3.2942,3.2952,6
2026-05-28 21:25:00,3.2897,3.2912,3.2892,3.2912,3.2947,3.2962,3.2942,3.2962,7
2026-05-28 21:26:00,3.2902,3.2902,3.2892,3.2892,3.2952,3.2952,3.2942,3.2942,2
2026-05-28 21:27:00,3.2902,3.2902,3.2892,3.2902,3.2952,3.2952,3.2942,3.2952,5
2026-05-28 21:28:00,3.2892,3.2892,3.2872,3.2887,3.2942,3.2942,3.2922,3.2937,10
2026-05-28 21:29:00,3.2872,3.2882,3.2872,3.2882,3.2922,3.2932,3.2922,3.2932,8
2026-05-28 21:30:00,3.2877,3.2877,3.2862,3.2862,3.2927,3.2927,3.2912,3.2912,4
2026-05-28 21:31:00,3.2872,3.2872,3.2862,3.2862,3.2922,3.2922,3.2912,3.2912,2
2026-05-28 21:32:00,3.2872,3.2882,3.2862,3.2882,3.2922,3.2932,3.2912,3.2932,8
2026-05-28 21:33:00,3.2892,3.2902,3.2882,3.2892,3.2942,3.2952,3.2932,3.2942,20
2026-05-28 21:34:00,3.2882,3.2882,3.2862,3.2882,3.2932,3.2932,3.2912,3.2932,17
2026-05-28 21:35:00,3.2872,3.2892,3.2872,3.2882,3.2922,3.2942,3.2922,3.2932,10
2026-05-28 21:36:00,3.2887,3.2892,3.2872,3.2892,3.2937,3.2942,3.2922,3.2942,9
2026-05-28 21:37:00,3.2902,3.2912,3.2892,3.2902,3.2952,3.2962,3.2942,3.2952,13
2026-05-28 21:38:00,3.2912,3.2922,3.2912,3.2912,3.2962,3.2972,3.2962,3.2962,3
2026-05-28 21:39:00,3.2907,3.2912,3.2892,3.2902,3.2957,3.2962,3.2942,3.2952,5
2026-05-28 21:40:00,3.2912,3.2912,3.2902,3.2912,3.2962,3.2962,3.2952,3.2962,5
2026-05-28 21:41:00,3.2922,3.2922,3.2912,3.2912,3.2972,3.2972,3.2962,3.2962,6
2026-05-28 21:42:00,3.2902,3.2902,3.2892,3.2892,3.2952,3.2952,3.2942,3.2942,9
2026-05-28 21:43:00,3.2902,3.2902,3.2872,3.2882,3.2952,3.2952,3.2922,3.2932,16
2026-05-28 21:44:00,3.2892,3.2892,3.2882,3.2882,3.2942,3.2942,3.2932,3.2932,2
2026-05-28 21:45:00,3.2872,3.2882,3.2872,3.2882,3.2922,3.2932,3.2922,3.2932,6
2026-05-28 21:46:00,3.2887,3.2892,3.2872,3.2872,3.2937,3.2942,3.2922,3.2922,7
2026-05-28 21:47:00,3.2862,3.2862,3.2862,3.2862,3.2912,3.2912,3.2912,3.2912,1
2026-05-28 21:48:00,3.2872,3.2872,3.2872,3.2872,3.2922,3.2922,3.2922,3.2922,1
2026-05-28 21:49:00,3.2862,3.2872,3.2862,3.2862,3.2912,3.2922,3.2912,3.2912,9
2026-05-28 21:50:00,3.2872,3.2872,3.2852,3.2862,3.2922,3.2922,3.2902,3.2912,9
2026-05-28 21:51:00,3.2852,3.2862,3.2832,3.2842,3.2902,3.2912,3.2882,3.2892,12
2026-05-28 21:52:00,3.2852,3.2852,3.2842,3.2842,3.2902,3.2902,3.2892,3.2892,4
2026-05-28 21:53:00,3.2832,3.2852,3.2832,3.2842,3.2882,3.2902,3.2882,3.2892,9
2026-05-28 21:54:00,3.2852,3.2852,3.2832,3.2842,3.2902,3.2902,3.2882,3.2892,11
2026-05-28 21:55:00,3.2837,3.2852,3.2837,3.2852,3.2887,3.2902,3.2887,3.2902,16
2026-05-28 21:56:00,3.2842,3.2842,3.2842,3.2842,3.2892,3.2892,3.2892,3.2892,1
2026-05-28 21:58:00,3.2852,3.2852,3.2842,3.2852,3.2902,3.2902,3.2892,3.2902,5
2026-05-28 21:59:00,3.2862,3.2872,3.2852,3.2872,3.2912,3.2922,3.2902,3.2922,9
2026-05-28 22:00:00,3.2862,3.2872,3.2852,3.2872,3.2912,3.2922,3.2902,3.2922,6
2026-05-28 22:01:00,3.2877,3.2902,3.2872,3.2897,3.2927,3.2952,3.2922,3.2947,7
2026-05-28 22:02:00,3.2892,3.2912,3.2892,3.2902,3.2942,3.2962,3.2942,3.2952,9
2026-05-28 22:03:00,3.2907,3.2907,3.2897,3.2902,3.2957,3.2957,3.2947,3.2952,6
2026-05-28 22:04:00,3.2907,3.2907,3.2902,3.2902,3.2957,3.2957,3.2952,3.2952,2
2026-05-28 22:05:00,3.2907,3.2912,3.2902,3.2912,3.2957,3.2962,3.2952,3.2962,4
2026-05-28 22:06:00,3.2922,3.2922,3.2912,3.2922,3.2972,3.2972,3.2962,3.2972,7
2026-05-28 22:07:00,3.2912,3.2932,3.2912,3.2932,3.2962,3.2982,3.2962,3.2982,6
2026-05-28 22:08:00,3.2942,3.2977,3.2942,3.2972,3.2992,3.3027,3.2992,3.3022,9
2026-05-28 22:09:00,3.2962,3.2972,3.2962,3.2972,3.3012,3.3022,3.3012,3.3022,3
2026-05-28 22:10:00,3.2977,3.3002,3.2977,3.2982,3.3027,3.3052,3.3027,3.3032,20
2026-05-28 22:11:00,3.2987,3.2992,3.2962,3.2962,3.3037,3.3042,3.3012,3.3012,7
2026-05-28 22:12:00,3.2967,3.2972,3.2942,3.2947,3.3017,3.3022,3.2992,3.2997,15
2026-05-28 22:13:00,3.2952,3.2952,3.2947,3.2952,3.3002,3.3002,3.2997,3.3002,5
2026-05-28 22:14:00,3.2947,3.2952,3.2942,3.2952,3.2997,3.3002,3.2992,3.3002,7
2026-05-28 22:15:00,3.2942,3.2952,3.2942,3.2942,3.2992,3.3002,3.2992,3.2992,3
2026-05-28 22:16:00,3.2947,3.2952,3.2942,3.2952,3.2997,3.3002,3.2992,3.3002,6
2026-05-28 22:17:00,3.2942,3.2962,3.2942,3.2962,3.2992,3.3012,3.2992,3.3012,5
2026-05-28 22:18:00,3.2967,3.2972,3.2962,3.2972,3.3017,3.3022,3.3012,3.3022,6
2026-05-28 22:19:00,3.2967,3.2972,3.2957,3.2962,3.3017,3.3022,3.3007,3.3012,5
2026-05-28 22:20:00,3.2967,3.2972,3.2967,3.2972,3.3017,3.3022,3.3017,3.3022,2
2026-05-28 22:21:00,3.2967,3.2982,3.2967,3.2972,3.3017,3.3032,3.3017,3.3022,6
2026-05-28 22:22:00,3.2982,3.2992,3.2972,3.2992,3.3032,3.3042,3.3022,3.3042,11
2026-05-28 22:23:00,3.3002,3.3007,3.2992,3.3007,3.3052,3.3057,3.3042,3.3057,12
2026-05-28 22:24:00,3.3012,3.3022,3.3012,3.3022,3.3062,3.3072,3.3062,3.3072,13
2026-05-28 22:25:00,3.3032,3.3032,3.3022,3.3022,3.3082,3.3082,3.3072,3.3072,4
2026-05-28 22:26:00,3.3017,3.3022,3.3012,3.3012,3.3067,3.3072,3.3062,3.3062,6
2026-05-28 22:27:00,3.3022,3.3022,3.3012,3.3012,3.3072,3.3072,3.3062,3.3062,5
2026-05-28 22:28:00,3.3002,3.3012,3.2992,3.3002,3.3052,3.3062,3.3042,3.3052,24
2026-05-28 22:29:00,3.2997,3.3002,3.2992,3.3002,3.3047,3.3052,3.3042,3.3052,5
2026-05-28 22:30:00,3.2992,3.2992,3.2992,3.2992,3.3042,3.3042,3.3042,3.3042,1
2026-05-28 22:31:00,3.2982,3.3012,3.2972,3.2992,3.3032,3.3062,3.3022,3.3042,9
2026-05-28 22:32:00,3.3007,3.3022,3.3007,3.3017,3.3057,3.3072,3.3057,3.3067,7
2026-05-28 22:33:00,3.3012,3.3042,3.3012,3.3042,3.3062,3.3092,3.3062,3.3092,9
2026-05-28 22:34:00,3.3047,3.3047,3.3042,3.3042,3.3097,3.3097,3.3092,3.3092,2
2026-05-28 22:35:00,3.3032,3.3037,3.3022,3.3027,3.3082,3.3087,3.3072,3.3077,7
2026-05-28 22:36:00,3.3022,3.3027,3.3022,3.3022,3.3072,3.3077,3.3072,3.3072,5
2026-05-28 22:37:00,3.3027,3.3032,3.3022,3.3027,3.3077,3.3082,3.3072,3.3077,4
2026-05-28 22:38:00,3.3032,3.3032,3.3032,3.3032,3.3082,3.3082,3.3082,3.3082,1
2026-05-28 22:39:00,3.3022,3.3022,3.3022,3.3022,3.3072,3.3072,3.3072,3.3072,1
2026-05-28 22:40:00,3.3017,3.3042,3.3017,3.3042,3.3067,3.3092,3.3067,3.3092,4
2026-05-28 22:42:00,3.3052,3.3067,3.3052,3.3052,3.3102,3.3117,3.3102,3.3102,8
2026-05-28 22:43:00,3.3062,3.3067,3.3062,3.3067,3.3112,3.3117,3.3112,3.3117,4
2026-05-28 22:44:00,3.3062,3.3067,3.3062,3.3062,3.3112,3.3117,3.3112,3.3112,5
2026-05-28 22:45:00,3.3067,3.3072,3.3062,3.3067,3.3117,3.3122,3.3112,3.3117,13
2026-05-28 22:46:00,3.3062,3.3067,3.3057,3.3062,3.3112,3.3117,3.3107,3.3112,7
2026-05-28 22:47:00,3.3052,3.3052,3.3032,3.3042,3.3102,3.3102,3.3082,3.3092,17
2026-05-28 22:48:00,3.3032,3.3042,3.3032,3.3032,3.3082,3.3092,3.3082,3.3082,6
2026-05-28 22:51:00,3.3022,3.3027,3.3012,3.3022,3.3072,3.3077,3.3062,3.3072,5
2026-05-28 22:52:00,3.3027,3.3037,3.3012,3.3037,3.3077,3.3087,3.3062,3.3087,7
2026-05-28 22:53:00,3.3032,3.3037,3.3027,3.3032,3.3082,3.3087,3.3077,3.3082,9
2026-05-28 22:54:00,3.3037,3.3057,3.3037,3.3042,3.3087,3.3107,3.3087,3.3092,16
2026-05-28 22:55:00,3.3037,3.3062,3.3032,3.3052,3.3087,3.3112,3.3082,3.3102,13
2026-05-28 22:56:00,3.3042,3.3077,3.3042,3.3072,3.3092,3.3127,3.3092,3.3122,11
2026-05-28 22:57:00,3.3082,3.3082,3.3037,3.3077,3.3132,3.3132,3.3087,3.3127,23
2026-05-28 22:58:00,3.3072,3.3082,3.3062,3.3077,3.3122,3.3132,3.3112,3.3127,14
2026-05-28 22:59:00,3.3072,3.308,3.3057,3.308,3.3122,3.313,3.3107,3.313,7
2026-05-29 00:00:00,3.306,3.346,3.302,3.3115,3.311,3.351,3.307,3.3165,31
2026-05-29 00:01:00,3.311,3.32,3.308,3.3125,3.316,3.325,3.313,3.3175,14
2026-05-29 00:02:00,3.3115,3.317,3.3105,3.316,3.3165,3.322,3.3155,3.321,18
2026-05-29 00:03:00,3.3165,3.3165,3.3125,3.313,3.3215,3.3215,3.3175,3.318,20
2026-05-29 00:04:00,3.3135,3.3135,3.3085,3.3085,3.3185,3.3185,3.3135,3.3135,18
2026-05-29 00:05:00,3.3065,3.307,3.2975,3.2985,3.3115,3.312,3.3025,3.3035,18
2026-05-29 00:06:00,3.299,3.299,3.2965,3.297,3.304,3.304,3.3015,3.302,16
2026-05-29 00:07:00,3.2975,3.2975,3.297,3.2975,3.3025,3.3025,3.302,3.3025,3
2026-05-29 00:08:00,3.298,3.304,3.298,3.301,3.303,3.309,3.303,3.306,11
2026-05-29 00:09:00,3.303,3.3035,3.3025,3.3025,3.308,3.3085,3.3075,3.3075,4
2026-05-29 00:10:00,3.302,3.304,3.302,3.304,3.307,3.309,3.307,3.309,5
2026-05-29 00:11:00,3.3035,3.3035,3.3035,3.3035,3.3085,3.3085,3.3085,3.3085,1
2026-05-29 00:12:00,3.303,3.303,3.303,3.303,3.308,3.308,3.308,3.308,1
2026-05-29 00:13:00,3.3015,3.3015,3.3,3.3005,3.3065,3.3065,3.305,3.3055,13
2026-05-29 00:14:00,3.3015,3.3015,3.3015,3.3015,3.3065,3.3065,3.3065,3.3065,1
2026-05-29 00:15:00,3.301,3.301,3.3005,3.3005,3.306,3.306,3.3055,3.3055,2
2026-05-29 00:16:00,3.3,3.3,3.3,3.3,3.305,3.305,3.305,3.305,1
2026-05-29 00:17:00,3.299,3.299,3.2975,3.299,3.304,3.304,3.3025,3.304,7
2026-05-29 00:18:00,3.3005,3.3015,3.3005,3.3015,3.3055,3.3065,3.3055,3.3065,2
2026-05-29 00:19:00,3.301,3.301,3.301,3.301,3.306,3.306,3.306,3.306,1
2026-05-29 00:21:00,3.302,3.3035,3.302,3.302,3.307,3.3085,3.307,3.307,7
2026-05-29 00:22:00,3.303,3.3035,3.303,3.303,3.308,3.3085,3.308,3.308,3
2026-05-29 00:23:00,3.3035,3.304,3.3035,3.304,3.3085,3.309,3.3085,3.309,2
2026-05-29 00:24:00,3.302,3.302,3.3015,3.3015,3.307,3.307,3.3065,3.3065,2
2026-05-29 00:25:00,3.302,3.302,3.302,3.302,3.307,3.307,3.307,3.307,1
2026-05-29 00:26:00,3.303,3.3035,3.303,3.3035,3.308,3.3085,3.308,3.3085,2
2026-05-29 00:30:00,3.304,3.304,3.299,3.3025,3.309,3.309,3.304,3.3075,9
2026-05-29 00:31:00,3.301,3.301,3.2985,3.2995,3.306,3.306,3.3035,3.3045,7
2026-05-29 00:33:00,3.3005,3.3005,3.3,3.3005,3.3055,3.3055,3.305,3.3055,3
2026-05-29 00:34:00,3.3,3.3,3.3,3.3,3.305,3.305,3.305,3.305,1
2026-05-29 00:35:00,3.3015,3.3015,3.3005,3.3015,3.3065,3.3065,3.3055,3.3065,3
2026-05-29 00:36:00,3.302,3.302,3.3,3.3005,3.307,3.307,3.305,3.3055,4
2026-05-29 00:41:00,3.3,3.3,3.299,3.2995,3.305,3.305,3.304,3.3045,3
2026-05-29 00:43:00,3.298,3.2995,3.298,3.2995,3.303,3.3045,3.303,3.3045,2
2026-05-29 00:45:00,3.299,3.2995,3.299,3.2995,3.304,3.3045,3.304,3.3045,2
2026-05-29 00:47:00,3.3,3.3,3.3,3.3,3.305,3.305,3.305,3.305,1
2026-05-29 01:00:00,3.299,3.299,3.298,3.2985,3.304,3.304,3.303,3.3035,4
2026-05-29 01:01:00,3.298,3.302,3.298,3.3005,3.303,3.307,3.303,3.3055,10
2026-05-29 01:02:00,3.3015,3.3015,3.3015,3.3015,3.3065,3.3065,3.3065,3.3065,1
2026-05-29 01:04:00,3.301,3.3015,3.301,3.3015,3.306,3.3065,3.306,3.3065,2
2026-05-29 01:05:00,3.302,3.303,3.302,3.303,3.307,3.308,3.307,3.308,3
2026-05-29 01:10:00,3.3035,3.3035,3.3035,3.3035,3.3085,3.3085,3.3085,3.3085,1
2026-05-29 01:17:00,3.303,3.303,3.3025,3.3025,3.308,3.308,3.3075,3.3075,2
2026-05-29 01:18:00,3.302,3.3025,3.2995,3.2995,3.307,3.3075,3.3045,3.3045,8
2026-05-29 01:20:00,3.3,3.3005,3.3,3.3005,3.305,3.3055,3.305,3.3055,2
2026-05-29 01:23:00,3.302,3.302,3.3005,3.3005,3.307,3.307,3.3055,3.3055,3
2026-05-29 01:24:00,3.3,3.3,3.2995,3.2995,3.305,3.305,3.3045,3.3045,2
2026-05-29 01:25:00,3.3005,3.3015,3.3005,3.3015,3.3055,3.3065,3.3055,3.3065,2
2026-05-29 01:27:00,3.302,3.302,3.302,3.302,3.307,3.307,3.307,3.307,1
2026-05-29 01:30:00,3.301,3.3025,3.301,3.3025,3.306,3.3075,3.306,3.3075,3
2026-05-29 01:32:00,3.303,3.305,3.3,3.301,3.308,3.31,3.305,3.306,10
2026-05-29 01:33:00,3.3,3.3,3.299,3.299,3.305,3.305,3.304,3.304,2
2026-05-29 01:34:00,3.2995,3.3,3.2995,3.3,3.3045,3.305,3.3045,3.305,2
2026-05-29 01:36:00,3.2995,3.2995,3.298,3.298,3.3045,3.3045,3.303,3.303,2
2026-05-29 01:40:00,3.299,3.299,3.299,3.299,3.304,3.304,3.304,3.304,1
2026-05-29 01:41:00,3.298,3.298,3.298,3.298,3.303,3.303,3.303,3.303,1
2026-05-29 01:44:00,3.2975,3.2975,3.2965,3.2965,3.3025,3.3025,3.3015,3.3015,5
2026-05-29 01:45:00,3.295,3.2955,3.295,3.2955,3.3,3.3005,3.3,3.3005,2
2026-05-29 01:46:00,3.2975,3.2975,3.297,3.297,3.3025,3.3025,3.302,3.302,2
2026-05-29 01:48:00,3.296,3.296,3.296,3.296,3.301,3.301,3.301,3.301,1
2026-05-29 01:50:00,3.295,3.295,3.295,3.295,3.3,3.3,3.3,3.3,1
2026-05-29 01:52:00,3.294,3.294,3.293,3.294,3.299,3.299,3.298,3.299,3
2026-05-29 01:53:00,3.295,3.296,3.29,3.291,3.3,3.301,3.295,3.296,11
2026-05-29 01:54:00,3.292,3.294,3.292,3.294,3.297,3.299,3.297,3.299,6
2026-05-29 01:55:00,3.293,3.293,3.293,3.293,3.298,3.298,3.298,3.298,1
2026-05-29 01:56:00,3.2925,3.2925,3.2915,3.2915,3.2975,3.2975,3.2965,3.2965,3
2026-05-29 01:57:00,3.291,3.291,3.291,3.291,3.296,3.296,3.296,3.296,1
2026-05-29 01:58:00,3.292,3.293,3.2915,3.292,3.297,3.298,3.2965,3.297,6
2026-05-29 01:59:00,3.293,3.294,3.293,3.294,3.298,3.299,3.298,3.299,8
2026-05-29 02:00:00,3.2935,3.295,3.293,3.294,3.2985,3.3,3.298,3.299,10
2026-05-29 02:01:00,3.2945,3.295,3.294,3.294,3.2995,3.3,3.299,3.299,7
2026-05-29 02:02:00,3.2935,3.294,3.293,3.2935,3.2985,3.299,3.298,3.2985,12
2026-05-29 02:03:00,3.293,3.294,3.293,3.2935,3.298,3.299,3.298,3.2985,5
2026-05-29 02:04:00,3.293,3.294,3.293,3.293,3.298,3.299,3.298,3.298,4
2026-05-29 02:05:00,3.294,3.294,3.293,3.294,3.299,3.299,3.298,3.299,6
2026-05-29 02:06:00,3.293,3.295,3.293,3.294,3.298,3.3,3.298,3.299,6
2026-05-29 02:07:00,3.295,3.296,3.294,3.295,3.3,3.301,3.299,3.3,9
2026-05-29 02:08:00,3.2955,3.297,3.2955,3.2965,3.3005,3.302,3.3005,3.3015,4
2026-05-29 02:09:00,3.296,3.297,3.296,3.296,3.301,3.302,3.301,3.301,6
2026-05-29 02:10:00,3.297,3.298,3.2965,3.2975,3.302,3.303,3.3015,3.3025,7
2026-05-29 02:11:00,3.298,3.2995,3.298,3.299,3.303,3.3045,3.303,3.304,4
2026-05-29 02:12:00,3.298,3.2985,3.298,3.298,3.303,3.3035,3.303,3.303,3
2026-05-29 02:13:00,3.297,3.298,3.296,3.296,3.302,3.303,3.301,3.301,7
2026-05-29 02:14:00,3.297,3.297,3.296,3.296,3.302,3.302,3.301,3.301,4
2026-05-29 02:15:00,3.2955,3.2955,3.295,3.295,3.3005,3.3005,3.3,3.3,4
2026-05-29 02:16:00,3.2955,3.296,3.295,3.295,3.3005,3.301,3.3,3.3,6
2026-05-29 02:18:00,3.2955,3.296,3.2955,3.2955,3.3005,3.301,3.3005,3.3005,3
2026-05-29 02:19:00,3.296,3.296,3.296,3.296,3.301,3.301,3.301,3.301,1
2026-05-29 02:20:00,3.2955,3.2965,3.294,3.296,3.3005,3.3015,3.299,3.301,9
2026-05-29 02:23:00,3.2965,3.2965,3.296,3.296,3.3015,3.3015,3.301,3.301,4
2026-05-29 02:24:00,3.2965,3.297,3.296,3.296,3.3015,3.302,3.301,3.301,3
2026-05-29 02:25:00,3.2955,3.2955,3.295,3.295,3.3005,3.3005,3.3,3.3,4
2026-05-29 02:26:00,3.294,3.2945,3.287,3.2885,3.299,3.2995,3.292,3.2935,14
2026-05-29 02:27:00,3.289,3.289,3.288,3.288,3.294,3.294,3.293,3.293,7
2026-05-29 02:28:00,3.2885,3.291,3.2885,3.2905,3.2935,3.296,3.2935,3.2955,15
2026-05-29 02:29:00,3.291,3.292,3.291,3.292,3.296,3.297,3.296,3.297,5
2026-05-29 02:30:00,3.2915,3.2915,3.2915,3.2915,3.2965,3.2965,3.2965,3.2965,1
2026-05-29 02:31:00,3.292,3.292,3.2915,3.2915,3.297,3.297,3.2965,3.2965,4
2026-05-29 02:32:00,3.291,3.291,3.291,3.291,3.296,3.296,3.296,3.296,1
2026-05-29 02:34:00,3.292,3.292,3.292,3.292,3.297,3.297,3.297,3.297,1
2026-05-29 02:37:00,3.293,3.293,3.293,3.293,3.298,3.298,3.298,3.298,1
2026-05-29 02:38:00,3.2925,3.2925,3.292,3.292,3.2975,3.2975,3.297,3.297,2
2026-05-29 02:40:00,3.2915,3.2915,3.291,3.291,3.2965,3.2965,3.296,3.296,2
2026-05-29 02:42:00,3.292,3.292,3.29,3.291,3.297,3.297,3.295,3.296,7
2026-05-29 02:43:00,3.2915,3.292,3.291,3.2915,3.2965,3.297,3.296,3.2965,5
2026-05-29 02:44:00,3.292,3.292,3.292,3.292,3.297,3.297,3.297,3.297,1
2026-05-29 02:45:00,3.2915,3.294,3.2915,3.2925,3.2965,3.299,3.2965,3.2975,12
2026-05-29 02:46:00,3.293,3.293,3.293,3.293,3.298,3.298,3.298,3.298,1
2026-05-29 02:47:00,3.294,3.294,3.293,3.293,3.299,3.299,3.298,3.298,4
2026-05-29 02:48:00,3.292,3.2925,3.292,3.292,3.297,3.2975,3.297,3.297,3
2026-05-29 02:49:00,3.293,3.293,3.293,3.293,3.298,3.298,3.298,3.298,1
2026-05-29 02:50:00,3.294,3.294,3.293,3.2935,3.299,3.299,3.298,3.2985,4
2026-05-29 02:51:00,3.294,3.295,3.294,3.295,3.299,3.3,3.299,3.3,5
2026-05-29 02:52:00,3.294,3.294,3.294,3.294,3.299,3.299,3.299,3.299,1
2026-05-29 02:53:00,3.2945,3.2945,3.2945,3.2945,3.2995,3.2995,3.2995,3.2995,1
2026-05-29 02:54:00,3.295,3.295,3.2945,3.2945,3.3,3.3,3.2995,3.2995,2
2026-05-29 02:55:00,3.294,3.2945,3.2935,3.294,3.299,3.2995,3.2985,3.299,4
2026-05-29 03:00:00,3.293,3.296,3.292,3.294,3.298,3.301,3.297,3.299,15
2026-05-29 03:01:00,3.2945,3.295,3.294,3.294,3.2995,3.3,3.299,3.299,3
2026-05-29 03:02:00,3.2945,3.295,3.294,3.295,3.2995,3.3,3.299,3.3,6
2026-05-29 03:03:00,3.2945,3.2945,3.294,3.294,3.2995,3.2995,3.299,3.299,2
2026-05-29 03:05:00,3.2945,3.295,3.294,3.2945,3.2995,3.3,3.299,3.2995,5
2026-05-29 03:06:00,3.296,3.297,3.296,3.297,3.301,3.302,3.301,3.302,5
2026-05-29 03:07:00,3.2965,3.2965,3.296,3.2965,3.3015,3.3015,3.301,3.3015,3
2026-05-29 03:08:00,3.296,3.296,3.294,3.294,3.301,3.301,3.299,3.299,5
2026-05-29 03:09:00,3.293,3.296,3.293,3.296,3.298,3.301,3.298,3.301,4
2026-05-29 03:10:00,3.295,3.296,3.2945,3.296,3.3,3.301,3.2995,3.301,11
2026-05-29 03:11:00,3.297,3.297,3.296,3.2965,3.302,3.302,3.301,3.3015,3
2026-05-29 03:12:00,3.297,3.297,3.296,3.296,3.302,3.302,3.301,3.301,2
2026-05-29 03:13:00,3.2965,3.297,3.296,3.297,3.3015,3.302,3.301,3.302,3
2026-05-29 03:14:00,3.2965,3.297,3.2965,3.297,3.3015,3.302,3.3015,3.302,2
2026-05-29 03:15:00,3.296,3.297,3.296,3.297,3.301,3.302,3.301,3.302,2
2026-05-29 03:17:00,3.2975,3.301,3.2965,3.301,3.3025,3.306,3.3015,3.306,13
2026-05-29 03:18:00,3.3,3.3005,3.3,3.3,3.305,3.3055,3.305,3.305,3
2026-05-29 03:19:00,3.301,3.301,3.3,3.3,3.306,3.306,3.305,3.305,2
2026-05-29 03:20:00,3.301,3.301,3.3,3.3,3.306,3.306,3.305,3.305,2
2026-05-29 03:21:00,3.301,3.3015,3.301,3.3015,3.306,3.3065,3.306,3.3065,2
2026-05-29 03:22:00,3.301,3.3015,3.301,3.3015,3.306,3.3065,3.306,3.3065,2
2026-05-29 03:23:00,3.301,3.302,3.301,3.302,3.306,3.307,3.306,3.307,5
2026-05-29 03:24:00,3.3025,3.303,3.301,3.301,3.3075,3.308,3.306,3.306,5
2026-05-29 03:26:00,3.3005,3.301,3.3005,3.301,3.3055,3.306,3.3055,3.306,2
2026-05-29 03:27:00,3.3015,3.3015,3.3015,3.3015,3.3065,3.3065,3.3065,3.3065,1
2026-05-29 03:28:00,3.302,3.303,3.302,3.303,3.307,3.308,3.307,3.308,6
2026-05-29 03:29:00,3.3025,3.3025,3.3025,3.3025,3.3075,3.3075,3.3075,3.3075,1
2026-05-29 03:30:00,3.303,3.304,3.303,3.303,3.308,3.309,3.308,3.308,3
2026-05-29 03:31:00,3.302,3.303,3.302,3.302,3.307,3.308,3.307,3.307,4
2026-05-29 03:32:00,3.3025,3.303,3.302,3.303,3.3075,3.308,3.307,3.308,6
2026-05-29 03:33:00,3.3025,3.3035,3.3025,3.3035,3.3075,3.3085,3.3075,3.3085,3
2026-05-29 03:34:00,3.304,3.304,3.303,3.303,3.309,3.309,3.308,3.308,2
2026-05-29 03:37:00,3.3035,3.304,3.3035,3.304,3.3085,3.309,3.3085,3.309,2
2026-05-29 03:38:00,3.305,3.305,3.304,3.304,3.31,3.31,3.309,3.309,2
2026-05-29 03:39:00,3.303,3.303,3.302,3.302,3.308,3.308,3.307,3.307,2
2026-05-29 03:40:00,3.301,3.302,3.301,3.302,3.306,3.307,3.306,3.307,4
2026-05-29 03:41:00,3.303,3.304,3.303,3.304,3.308,3.309,3.308,3.309,2
2026-05-29 03:42:00,3.303,3.303,3.303,3.303,3.308,3.308,3.308,3.308,1
2026-05-29 03:43:00,3.302,3.3035,3.302,3.3035,3.307,3.3085,3.307,3.3085,5
2026-05-29 03:44:00,3.304,3.304,3.304,3.304,3.309,3.309,3.309,3.309,1
2026-05-29 03:45:00,3.303,3.307,3.303,3.305,3.308,3.312,3.308,3.31,21
2026-05-29 03:46:00,3.3045,3.305,3.304,3.304,3.3095,3.31,3.309,3.309,5
2026-05-29 03:47:00,3.305,3.306,3.3045,3.3045,3.31,3.311,3.3095,3.3095,6
2026-05-29 03:48:00,3.305,3.305,3.305,3.305,3.31,3.31,3.31,3.31,1
2026-05-29 03:49:00,3.3045,3.3045,3.303,3.304,3.3095,3.3095,3.308,3.309,5
2026-05-29 03:54:00,3.303,3.303,3.303,3.303,3.308,3.308,3.308,3.308,1
2026-05-29 03:55:00,3.302,3.302,3.302,3.302,3.307,3.307,3.307,3.307,1
2026-05-29 03:56:00,3.301,3.302,3.301,3.3015,3.306,3.307,3.306,3.3065,4
2026-05-29 03:57:00,3.301,3.301,3.2995,3.3,3.306,3.306,3.3045,3.305,4
2026-05-29 03:58:00,3.2995,3.3,3.2995,3.3,3.3045,3.305,3.3045,3.305,2
2026-05-29 04:00:00,3.299,3.3,3.299,3.3,3.304,3.305,3.304,3.305,4
2026-05-29 04:01:00,3.299,3.299,3.299,3.299,3.304,3.304,3.304,3.304,1
2026-05-29 04:02:00,3.2985,3.299,3.298,3.299,3.3035,3.304,3.303,3.304,5
2026-05-29 04:03:00,3.2995,3.2995,3.299,3.299,3.3045,3.3045,3.304,3.304,4
2026-05-29 04:04:00,3.2995,3.2995,3.2995,3.2995,3.3045,3.3045,3.3045,3.3045,1
2026-05-29 04:05:00,3.3,3.3,3.3,3.3,3.305,3.305,3.305,3.305,1
2026-05-29 04:06:00,3.3015,3.303,3.3015,3.302,3.3065,3.308,3.3065,3.307,6
2026-05-29 04:07:00,3.3025,3.3025,3.3025,3.3025,3.3075,3.3075,3.3075,3.3075,1
2026-05-29 04:08:00,3.303,3.303,3.302,3.302,3.308,3.308,3.307,3.307,2
2026-05-29 04:09:00,3.3025,3.3025,3.3025,3.3025,3.3075,3.3075,3.3075,3.3075,1
2026-05-29 04:10:00,3.303,3.305,3.303,3.304,3.308,3.31,3.308,3.309,4
2026-05-29 04:11:00,3.3035,3.3035,3.303,3.303,3.3085,3.3085,3.308,3.308,4
2026-05-29 04:13:00,3.304,3.304,3.304,3.304,3.309,3.309,3.309,3.309,1
2026-05-29 04:14:00,3.305,3.305,3.305,3.305,3.31,3.31,3.31,3.31,1
2026-05-29 04:15:00,3.306,3.306,3.306,3.306,3.311,3.311,3.311,3.311,1
2026-05-29 04:16:00,3.3055,3.306,3.3055,3.306,3.3105,3.311,3.3105,3.311,2
2026-05-29 04:19:00,3.307,3.307,3.304,3.304,3.312,3.312,3.309,3.309,8
2026-05-29 04:21:00,3.303,3.303,3.303,3.303,3.308,3.308,3.308,3.308,1
2026-05-29 04:25:00,3.302,3.302,3.3015,3.3015,3.307,3.307,3.3065,3.3065,2
2026-05-29 04:26:00,3.302,3.302,3.2995,3.2995,3.307,3.307,3.3045,3.3045,3
2026-05-29 04:27:00,3.3,3.3005,3.3,3.3005,3.305,3.3055,3.305,3.3055,2
2026-05-29 04:28:00,3.3,3.3005,3.3,3.3005,3.305,3.3055,3.305,3.3055,2
2026-05-29 04:30:00,3.301,3.3015,3.301,3.3015,3.306,3.3065,3.306,3.3065,2
2026-05-29 04:31:00,3.302,3.302,3.302,3.302,3.307,3.307,3.307,3.307,1
2026-05-29 04:32:00,3.3015,3.3015,3.301,3.301,3.3065,3.3065,3.306,3.306,2
2026-05-29 04:33:00,3.3015,3.3025,3.301,3.302,3.3065,3.3075,3.306,3.307,7
2026-05-29 04:34:00,3.303,3.303,3.302,3.303,3.308,3.308,3.307,3.308,5
2026-05-29 04:38:00,3.302,3.302,3.302,3.302,3.307,3.307,3.307,3.307,1
2026-05-29 04:40:00,3.3025,3.3025,3.3025,3.3025,3.3075,3.3075,3.3075,3.3075,1
2026-05-29 04:41:00,3.303,3.303,3.303,3.303,3.308,3.308,3.308,3.308,1
2026-05-29 04:42:00,3.3025,3.3025,3.302,3.302,3.3075,3.3075,3.307,3.307,2
2026-05-29 04:43:00,3.3025,3.3025,3.3025,3.3025,3.3075,3.3075,3.3075,3.3075,1
2026-05-29 04:44:00,3.303,3.303,3.303,3.303,3.308,3.308,3.308,3.308,1
2026-05-29 04:53:00,3.304,3.305,3.304,3.305,3.309,3.31,3.309,3.31,4
2026-05-29 04:55:00,3.306,3.306,3.306,3.306,3.311,3.311,3.311,3.311,1
2026-05-29 04:56:00,3.305,3.306,3.305,3.306,3.31,3.311,3.31,3.311,2
2026-05-29 04:58:00,3.305,3.305,3.305,3.305,3.31,3.31,3.31,3.31,1
2026-05-29 04:59:00,3.304,3.305,3.304,3.3045,3.309,3.31,3.309,3.3095,4
2026-05-29 05:00:00,3.305,3.306,3.305,3.3055,3.31,3.311,3.31,3.3105,3
2026-05-29 05:01:00,3.305,3.3055,3.305,3.3055,3.31,3.3105,3.31,3.3105,2
2026-05-29 05:02:00,3.305,3.309,3.305,3.307,3.31,3.314,3.31,3.312,9
2026-05-29 05:03:00,3.306,3.3075,3.306,3.3075,3.311,3.3125,3.311,3.3125,4
2026-05-29 05:04:00,3.307,3.3075,3.307,3.307,3.312,3.3125,3.312,3.312,5
2026-05-29 05:05:00,3.3075,3.308,3.306,3.306,3.3125,3.313,3.311,3.311,11
2026-05-29 05:06:00,3.307,3.307,3.307,3.307,3.312,3.312,3.312,3.312,1
2026-05-29 05:07:00,3.306,3.3065,3.306,3.3065,3.311,3.3115,3.311,3.3115,4
2026-05-29 05:08:00,3.306,3.3065,3.3055,3.3065,3.311,3.3115,3.3105,3.3115,6
2026-05-29 05:09:00,3.3055,3.3055,3.303,3.304,3.3105,3.3105,3.308,3.309,8
2026-05-29 05:10:00,3.3035,3.304,3.303,3.303,3.3085,3.309,3.308,3.308,4
2026-05-29 05:11:00,3.3035,3.3035,3.303,3.3035,3.3085,3.3085,3.308,3.3085,3
2026-05-29 05:13:00,3.304,3.304,3.303,3.304,3.309,3.309,3.308,3.309,7
2026-05-29 05:15:00,3.305,3.305,3.304,3.304,3.31,3.31,3.309,3.309,3
2026-05-29 05:17:00,3.305,3.305,3.304,3.3045,3.31,3.31,3.309,3.3095,3
2026-05-29 05:18:00,3.305,3.305,3.304,3.304,3.31,3.31,3.309,3.309,4
2026-05-29 05:19:00,3.3045,3.3045,3.304,3.3045,3.3095,3.3095,3.309,3.3095,3
2026-05-29 05:20:00,3.304,3.305,3.304,3.3045,3.309,3.31,3.309,3.3095,5
2026-05-29 05:21:00,3.304,3.3045,3.304,3.3045,3.309,3.3095,3.309,3.3095,4
2026-05-29 05:22:00,3.304,3.304,3.304,3.304,3.309,3.309,3.309,3.309,1
2026-05-29 05:24:00,3.3035,3.3035,3.303,3.303,3.3085,3.3085,3.308,3.308,2
2026-05-29 05:25:00,3.304,3.304,3.304,3.304,3.309,3.309,3.309,3.309,1
2026-05-29 05:27:00,3.303,3.304,3.303,3.304,3.308,3.309,3.308,3.309,3
2026-05-29 05:29:00,3.3035,3.304,3.3035,3.304,3.3085,3.309,3.3085,3.309,2
2026-05-29 05:30:00,3.303,3.308,3.3025,3.304,3.308,3.313,3.3075,3.309,22
2026-05-29 05:31:00,3.305,3.307,3.305,3.306,3.31,3.312,3.31,3.311,12
2026-05-29 05:32:00,3.307,3.3075,3.304,3.304,3.312,3.3125,3.309,3.309,13
2026-05-29 05:33:00,3.3045,3.3045,3.301,3.301,3.3095,3.3095,3.306,3.306,5
2026-05-29 05:34:00,3.3015,3.3015,3.301,3.301,3.3065,3.3065,3.306,3.306,2
2026-05-29 05:35:00,3.302,3.3035,3.302,3.303,3.307,3.3085,3.307,3.308,4
2026-05-29 05:36:00,3.302,3.303,3.302,3.303,3.307,3.308,3.307,3.308,4
2026-05-29 05:37:00,3.3035,3.305,3.303,3.3045,3.3085,3.31,3.308,3.3095,8
2026-05-29 05:38:00,3.304,3.304,3.303,3.303,3.309,3.309,3.308,3.308,2
2026-05-29 05:39:00,3.3035,3.305,3.3035,3.305,3.3085,3.31,3.3085,3.31,3
2026-05-29 05:40:00,3.304,3.306,3.304,3.306,3.309,3.311,3.309,3.311,4
2026-05-29 05:41:00,3.3065,3.308,3.306,3.307,3.3115,3.313,3.311,3.312,7
2026-05-29 05:42:00,3.3075,3.308,3.307,3.308,3.3125,3.313,3.312,3.313,3
2026-05-29 05:43:00,3.3075,3.309,3.3075,3.308,3.3125,3.314,3.3125,3.313,12
2026-05-29 05:44:00,3.3085,3.309,3.308,3.309,3.3135,3.314,3.313,3.314,4
2026-05-29 05:45:00,3.31,3.31,3.309,3.309,3.315,3.315,3.314,3.314,2
2026-05-29 05:46:00,3.308,3.308,3.3055,3.306,3.313,3.313,3.3105,3.311,8
2026-05-29 05:47:00,3.307,3.307,3.304,3.304,3.312,3.312,3.309,3.309,9
2026-05-29 05:48:00,3.3035,3.304,3.3015,3.3015,3.3085,3.309,3.3065,3.3065,7
2026-05-29 05:49:00,3.302,3.302,3.2975,3.298,3.307,3.307,3.3025,3.303,11
2026-05-29 05:50:00,3.299,3.299,3.297,3.298,3.304,3.304,3.302,3.303,11
2026-05-29 05:51:00,3.2975,3.298,3.2955,3.2965,3.3025,3.303,3.3005,3.3015,16
2026-05-29 05:52:00,3.296,3.303,3.296,3.301,3.301,3.308,3.301,3.306,17
2026-05-29 05:53:00,3.3005,3.301,3.295,3.296,3.3055,3.306,3.3,3.301,17
2026-05-29 05:54:00,3.297,3.297,3.295,3.295,3.302,3.302,3.3,3.3,5
2026-05-29 05:55:00,3.2955,3.2995,3.295,3.2995,3.3005,3.3045,3.3,3.3045,18
2026-05-29 05:56:00,3.299,3.302,3.298,3.2995,3.304,3.307,3.303,3.3045,13
2026-05-29 05:57:00,3.299,3.299,3.2965,3.2965,3.304,3.304,3.3015,3.3015,9
2026-05-29 05:58:00,3.296,3.299,3.296,3.299,3.301,3.304,3.301,3.304,6
2026-05-29 05:59:00,3.3,3.301,3.2995,3.3,3.305,3.306,3.3045,3.305,8
2026-05-29 06:00:00,3.3005,3.301,3.299,3.299,3.3055,3.306,3.304,3.304,11
2026-05-29 06:01:00,3.3,3.3025,3.3,3.302,3.305,3.3075,3.305,3.307,5
2026-05-29 06:02:00,3.3025,3.3025,3.302,3.302,3.3075,3.3075,3.307,3.307,2
2026-05-29 06:03:00,3.3015,3.302,3.3,3.301,3.3065,3.307,3.305,3.306,7
2026-05-29 06:04:00,3.3005,3.301,3.3,3.301,3.3055,3.306,3.305,3.306,3
2026-05-29 06:06:00,3.3,3.3015,3.299,3.3015,3.305,3.3065,3.304,3.3065,7
2026-05-29 06:07:00,3.301,3.301,3.301,3.301,3.306,3.306,3.306,3.306,1
2026-05-29 06:08:00,3.3005,3.301,3.3005,3.301,3.3055,3.306,3.3055,3.306,2
2026-05-29 06:09:00,3.302,3.304,3.302,3.303,3.307,3.309,3.307,3.308,9
2026-05-29 06:10:00,3.3035,3.306,3.303,3.3055,3.3085,3.311,3.308,3.3105,14
2026-05-29 06:11:00,3.305,3.305,3.305,3.305,3.31,3.31,3.31,3.31,1
2026-05-29 06:12:00,3.306,3.307,3.306,3.307,3.311,3.312,3.311,3.312,3
2026-05-29 06:13:00,3.3065,3.307,3.3065,3.307,3.3115,3.312,3.3115,3.312,4
2026-05-29 06:14:00,3.3065,3.307,3.3065,3.307,3.3115,3.312,3.3115,3.312,2
2026-05-29 06:15:00,3.306,3.306,3.304,3.3055,3.311,3.311,3.309,3.3105,24
2026-05-29 06:16:00,3.305,3.3055,3.305,3.3055,3.31,3.3105,3.31,3.3105,10
2026-05-29 06:17:00,3.306,3.307,3.3055,3.307,3.311,3.312,3.3105,3.312,4
2026-05-29 06:18:00,3.306,3.307,3.306,3.306,3.311,3.312,3.311,3.311,8
2026-05-29 06:19:00,3.305,3.3065,3.305,3.3065,3.31,3.3115,3.31,3.3115,5
2026-05-29 06:20:00,3.306,3.307,3.305,3.305,3.311,3.312,3.31,3.31,12
2026-05-29 06:21:00,3.3055,3.3055,3.3005,3.3015,3.3105,3.3105,3.3055,3.3065,17
2026-05-29 06:22:00,3.302,3.303,3.3015,3.3025,3.307,3.308,3.3065,3.3075,6
2026-05-29 06:23:00,3.303,3.304,3.303,3.3035,3.308,3.309,3.308,3.3085,5
2026-05-29 06:24:00,3.304,3.3045,3.304,3.3045,3.309,3.3095,3.309,3.3095,2
2026-05-29 06:25:00,3.304,3.305,3.3035,3.304,3.309,3.31,3.3085,3.309,9
2026-05-29 06:26:00,3.3045,3.305,3.304,3.304,3.3095,3.31,3.309,3.309,4
2026-05-29 06:27:00,3.3035,3.304,3.3035,3.3035,3.3085,3.309,3.3085,3.3085,3
2026-05-29 06:28:00,3.303,3.304,3.303,3.303,3.308,3.309,3.308,3.308,9
2026-05-29 06:29:00,3.3035,3.3045,3.303,3.3035,3.3085,3.3095,3.308,3.3085,16
2026-05-29 06:30:00,3.303,3.304,3.303,3.304,3.308,3.309,3.308,3.309,8
2026-05-29 06:31:00,3.3035,3.305,3.3035,3.3035,3.3085,3.31,3.3085,3.3085,10
2026-05-29 06:32:00,3.304,3.304,3.3035,3.3035,3.309,3.309,3.3085,3.3085,8
2026-05-29 06:33:00,3.304,3.304,3.304,3.304,3.309,3.309,3.309,3.309,1
2026-05-29 06:34:00,3.3035,3.304,3.3035,3.304,3.3085,3.309,3.3085,3.309,6
2026-05-29 06:35:00,3.3035,3.304,3.3035,3.3035,3.3085,3.309,3.3085,3.3085,3
2026-05-29 06:36:00,3.303,3.303,3.3025,3.303,3.308,3.308,3.3075,3.308,7
2026-05-29 06:37:00,3.3025,3.3025,3.302,3.3025,3.3075,3.3075,3.307,3.3075,5
2026-05-29 06:38:00,3.302,3.302,3.3015,3.302,3.307,3.307,3.3065,3.307,5
2026-05-29 06:39:00,3.3015,3.302,3.3015,3.3015,3.3065,3.307,3.3065,3.3065,5
2026-05-29 06:40:00,3.302,3.302,3.3015,3.3015,3.307,3.307,3.3065,3.3065,2
2026-05-29 06:42:00,3.302,3.303,3.3015,3.303,3.307,3.308,3.3065,3.308,4
2026-05-29 06:43:00,3.3025,3.3035,3.302,3.3035,3.3075,3.3085,3.307,3.3085,8
2026-05-29 06:44:00,3.303,3.304,3.303,3.304,3.308,3.309,3.308,3.309,3
2026-05-29 06:45:00,3.3045,3.305,3.304,3.305,3.3095,3.31,3.309,3.31,3
2026-05-29 06:46:00,3.3045,3.307,3.3045,3.307,3.3095,3.312,3.3095,3.312,5
2026-05-29 06:47:00,3.306,3.306,3.305,3.306,3.311,3.311,3.31,3.311,3
2026-05-29 06:48:00,3.3055,3.3055,3.305,3.305,3.3105,3.3105,3.31,3.31,2
2026-05-29 06:49:00,3.3045,3.3045,3.304,3.304,3.3095,3.3095,3.309,3.309,2
2026-05-29 06:50:00,3.305,3.3055,3.305,3.305,3.31,3.3105,3.31,3.31,3
2026-05-29 06:51:00,3.3055,3.3055,3.305,3.305,3.3105,3.3105,3.31,3.31,2
2026-05-29 06:52:00,3.3055,3.3055,3.3055,3.3055,3.3105,3.3105,3.3105,3.3105,1
2026-05-29 06:53:00,3.307,3.307,3.306,3.306,3.312,3.312,3.311,3.311,6
2026-05-29 06:54:00,3.305,3.3055,3.305,3.3055,3.31,3.3105,3.31,3.3105,4
2026-05-29 06:55:00,3.304,3.305,3.304,3.305,3.309,3.31,3.309,3.31,11
2026-05-29 06:56:00,3.3045,3.3045,3.3045,3.3045,3.3095,3.3095,3.3095,3.3095,1
2026-05-29 06:57:00,3.305,3.305,3.3045,3.3045,3.31,3.31,3.3095,3.3095,4
2026-05-29 06:59:00,3.304,3.304,3.303,3.303,3.309,3.309,3.308,3.308,4
2026-05-29 07:00:00,3.304,3.305,3.304,3.3045,3.309,3.31,3.309,3.3095,6
2026-05-29 07:01:00,3.304,3.304,3.303,3.304,3.309,3.309,3.308,3.309,5
2026-05-29 07:02:00,3.3045,3.306,3.3045,3.3055,3.3095,3.311,3.3095,3.3105,6
2026-05-29 07:03:00,3.305,3.305,3.305,3.305,3.31,3.31,3.31,3.31,1
2026-05-29 07:04:00,3.306,3.306,3.3055,3.306,3.311,3.311,3.3105,3.311,3
2026-05-29 07:05:00,3.3055,3.3055,3.3045,3.3045,3.3105,3.3105,3.3095,3.3095,3
2026-05-29 07:06:00,3.305,3.305,3.305,3.305,3.31,3.31,3.31,3.31,1
2026-05-29 07:07:00,3.304,3.306,3.304,3.305,3.309,3.311,3.309,3.31,9
2026-05-29 07:08:00,3.304,3.304,3.303,3.304,3.309,3.309,3.308,3.309,5
2026-05-29 07:10:00,3.305,3.305,3.305,3.305,3.31,3.31,3.31,3.31,1
2026-05-29 07:12:00,3.304,3.305,3.304,3.305,3.309,3.31,3.309,3.31,2
2026-05-29 07:13:00,3.304,3.305,3.304,3.305,3.309,3.31,3.309,3.31,3
2026-05-29 07:14:00,3.306,3.306,3.305,3.305,3.311,3.311,3.31,3.31,14
2026-05-29 07:15:00,3.3055,3.306,3.3055,3.306,3.3105,3.311,3.3105,3.311,2
2026-05-29 07:16:00,3.3055,3.3055,3.3055,3.3055,3.3105,3.3105,3.3105,3.3105,1
2026-05-29 07:19:00,3.305,3.305,3.3025,3.303,3.31,3.31,3.3075,3.308,5
2026-05-29 07:21:00,3.302,3.302,3.301,3.301,3.307,3.307,3.306,3.306,4
2026-05-29 07:22:00,3.3005,3.3005,3.2975,3.298,3.3055,3.3055,3.3025,3.303,8
2026-05-29 07:23:00,3.2985,3.2985,3.2985,3.2985,3.3035,3.3035,3.3035,3.3035,1
2026-05-29 07:24:00,3.298,3.2995,3.298,3.2995,3.303,3.3045,3.303,3.3045,4
2026-05-29 07:25:00,3.3,3.301,3.3,3.3005,3.305,3.306,3.305,3.3055,3
2026-05-29 07:26:00,3.2995,3.2995,3.299,3.299,3.3045,3.3045,3.304,3.304,2
2026-05-29 07:27:00,3.298,3.2985,3.298,3.2985,3.303,3.3035,3.303,3.3035,2
2026-05-29 07:28:00,3.298,3.298,3.297,3.297,3.303,3.303,3.302,3.302,2
2026-05-29 07:29:00,3.2975,3.2975,3.2975,3.2975,3.3025,3.3025,3.3025,3.3025,1
2026-05-29 07:30:00,3.298,3.298,3.297,3.298,3.303,3.303,3.302,3.303,7
2026-05-29 07:31:00,3.299,3.299,3.2985,3.2985,3.304,3.304,3.3035,3.3035,2
2026-05-29 07:32:00,3.299,3.299,3.299,3.299,3.304,3.304,3.304,3.304,1
2026-05-29 07:33:00,3.3,3.3,3.299,3.299,3.305,3.305,3.304,3.304,3
2026-05-29 07:35:00,3.3,3.3,3.3,3.3,3.305,3.305,3.305,3.305,1
2026-05-29 07:36:00,3.3005,3.302,3.3005,3.301,3.3055,3.307,3.3055,3.306,4
2026-05-29 07:37:00,3.3005,3.3005,3.3005,3.3005,3.3055,3.3055,3.3055,3.3055,1
2026-05-29 07:38:00,3.301,3.302,3.301,3.302,3.306,3.307,3.306,3.307,2
2026-05-29 07:39:00,3.301,3.3015,3.301,3.3015,3.306,3.3065,3.306,3.3065,2
2026-05-29 07:40:00,3.301,3.3015,3.301,3.3015,3.306,3.3065,3.306,3.3065,2
2026-05-29 07:45:00,3.302,3.302,3.301,3.301,3.307,3.307,3.306,3.306,2
2026-05-29 07:46:00,3.3015,3.3015,3.301,3.301,3.3065,3.3065,3.306,3.306,2
2026-05-29 07:49:00,3.3,3.3,3.3,3.3,3.305,3.305,3.305,3.305,1
2026-05-29 07:50:00,3.301,3.301,3.3,3.3,3.306,3.306,3.305,3.305,5
2026-05-29 07:51:00,3.299,3.299,3.299,3.299,3.304,3.304,3.304,3.304,1
2026-05-29 07:54:00,3.2995,3.2995,3.2995,3.2995,3.3045,3.3045,3.3045,3.3045,1
2026-05-29 07:55:00,3.3,3.3,3.2995,3.3,3.305,3.305,3.3045,3.305,3
2026-05-29 07:56:00,3.2995,3.2995,3.2965,3.2965,3.3045,3.3045,3.3015,3.3015,6
2026-05-29 07:57:00,3.297,3.298,3.2965,3.298,3.302,3.303,3.3015,3.303,7
2026-05-29 07:58:00,3.2985,3.2995,3.2985,3.2995,3.3035,3.3045,3.3035,3.3045,3
2026-05-29 07:59:00,3.299,3.299,3.2965,3.2965,3.304,3.304,3.3015,3.3015,4
2026-05-29 08:00:00,3.296,3.296,3.292,3.2925,3.301,3.301,3.297,3.2975,18
2026-05-29 08:01:00,3.293,3.2965,3.292,3.2935,3.298,3.3015,3.297,3.2985,17
2026-05-29 08:02:00,3.293,3.294,3.2925,3.293,3.298,3.299,3.2975,3.298,8
2026-05-29 08:03:00,3.2935,3.294,3.293,3.293,3.2985,3.299,3.298,3.298,8
2026-05-29 08:04:00,3.2935,3.2935,3.293,3.293,3.2985,3.2985,3.298,3.298,2
2026-05-29 08:05:00,3.2925,3.2935,3.291,3.2935,3.2975,3.2985,3.296,3.2985,11
2026-05-29 08:06:00,3.293,3.294,3.293,3.293,3.298,3.299,3.298,3.298,5
2026-05-29 08:07:00,3.2935,3.294,3.293,3.294,3.2985,3.299,3.298,3.299,6
2026-05-29 08:09:00,3.2935,3.2935,3.2925,3.293,3.2985,3.2985,3.2975,3.298,3
2026-05-29 08:10:00,3.294,3.294,3.293,3.293,3.299,3.299,3.298,3.298,2
2026-05-29 08:14:00,3.294,3.294,3.292,3.293,3.299,3.299,3.297,3.298,6
2026-05-29 08:16:00,3.2925,3.2925,3.291,3.291,3.2975,3.2975,3.296,3.296,6
2026-05-29 08:17:00,3.292,3.294,3.292,3.294,3.297,3.299,3.297,3.299,3
2026-05-29 08:18:00,3.2945,3.296,3.294,3.294,3.2995,3.301,3.299,3.299,5
2026-05-29 08:19:00,3.2945,3.2945,3.2945,3.2945,3.2995,3.2995,3.2995,3.2995,1
2026-05-29 08:20:00,3.295,3.297,3.295,3.297,3.3,3.302,3.3,3.302,4
2026-05-29 08:21:00,3.296,3.2965,3.295,3.2955,3.301,3.3015,3.3,3.3005,5
2026-05-29 08:22:00,3.296,3.296,3.295,3.295,3.301,3.301,3.3,3.3,5
2026-05-29 08:23:00,3.2955,3.2965,3.295,3.296,3.3005,3.3015,3.3,3.301,7
2026-05-29 08:24:00,3.2955,3.296,3.295,3.296,3.3005,3.301,3.3,3.301,5
2026-05-29 08:25:00,3.2965,3.2965,3.295,3.295,3.3015,3.3015,3.3,3.3,6
2026-05-29 08:27:00,3.296,3.297,3.296,3.296,3.301,3.302,3.301,3.301,3
2026-05-29 08:28:00,3.297,3.297,3.296,3.297,3.302,3.302,3.301,3.302,8
2026-05-29 08:29:00,3.2965,3.2965,3.295,3.2955,3.3015,3.3015,3.3,3.3005,6
2026-05-29 08:30:00,3.295,3.295,3.292,3.293,3.3,3.3,3.297,3.298,9
2026-05-29 08:31:00,3.292,3.293,3.291,3.292,3.297,3.298,3.296,3.297,9
2026-05-29 08:32:00,3.2925,3.299,3.292,3.297,3.2975,3.304,3.297,3.302,17
2026-05-29 08:33:00,3.296,3.307,3.296,3.305,3.301,3.312,3.301,3.31,36
2026-05-29 08:34:00,3.3065,3.323,3.3065,3.3215,3.3115,3.328,3.3115,3.3265,48
2026-05-29 08:35:00,3.321,3.323,3.315,3.3175,3.326,3.328,3.32,3.3225,33
2026-05-29 08:36:00,3.317,3.323,3.316,3.321,3.322,3.328,3.321,3.326,31
2026-05-29 08:37:00,3.32,3.32,3.3175,3.318,3.325,3.325,3.3225,3.323,29
2026-05-29 08:38:00,3.317,3.321,3.317,3.3175,3.322,3.326,3.322,3.3225,29
2026-05-29 08:39:00,3.318,3.318,3.3145,3.3155,3.323,3.323,3.3195,3.3205,14
2026-05-29 08:40:00,3.315,3.3195,3.311,3.3195,3.32,3.3245,3.316,3.3245,21
2026-05-29 08:41:00,3.319,3.319,3.315,3.315,3.324,3.324,3.32,3.32,13
2026-05-29 08:42:00,3.3145,3.315,3.314,3.315,3.3195,3.32,3.319,3.32,5
2026-05-29 08:43:00,3.3145,3.315,3.313,3.314,3.3195,3.32,3.318,3.319,8
2026-05-29 08:44:00,3.3135,3.316,3.313,3.314,3.3185,3.321,3.318,3.319,11
2026-05-29 08:45:00,3.315,3.315,3.312,3.312,3.32,3.32,3.317,3.317,10
2026-05-29 08:46:00,3.313,3.313,3.312,3.312,3.318,3.318,3.317,3.317,4
2026-05-29 08:47:00,3.313,3.319,3.313,3.319,3.318,3.324,3.318,3.324,22
2026-05-29 08:48:00,3.3195,3.32,3.317,3.319,3.3245,3.325,3.322,3.324,17
2026-05-29 08:49:00,3.3195,3.321,3.3185,3.319,3.3245,3.326,3.3235,3.324,12
2026-05-29 08:50:00,3.3185,3.32,3.318,3.319,3.3235,3.325,3.323,3.324,13
2026-05-29 08:51:00,3.32,3.3205,3.319,3.319,3.325,3.3255,3.324,3.324,8
2026-05-29 08:52:00,3.318,3.318,3.316,3.316,3.323,3.323,3.321,3.321,4
2026-05-29 08:53:00,3.317,3.3225,3.3165,3.319,3.322,3.3275,3.3215,3.324,25
2026-05-29 08:55:00,3.3185,3.319,3.3185,3.319,3.3235,3.324,3.3235,3.324,2
2026-05-29 08:56:00,3.3185,3.3185,3.311,3.312,3.3235,3.3235,3.316,3.317,32
2026-05-29 08:57:00,3.311,3.313,3.311,3.312,3.316,3.318,3.316,3.317,4
2026-05-29 08:58:00,3.3105,3.3105,3.306,3.307,3.3155,3.3155,3.311,3.312,11
2026-05-29 08:59:00,3.306,3.306,3.303,3.305,3.311,3.311,3.308,3.31,9
2026-05-29 09:00:00,3.304,3.307,3.3,3.303,3.309,3.312,3.305,3.308,36
2026-05-29 09:01:00,3.3035,3.308,3.303,3.308,3.3085,3.313,3.308,3.313,23
2026-05-29 09:02:00,3.309,3.3135,3.309,3.312,3.314,3.3185,3.314,3.317,33
2026-05-29 09:03:00,3.3125,3.3125,3.31,3.312,3.3175,3.3175,3.315,3.317,18
2026-05-29 09:04:00,3.3115,3.3135,3.31,3.313,3.3165,3.3185,3.315,3.318,20
2026-05-29 09:05:00,3.314,3.316,3.313,3.314,3.319,3.321,3.318,3.319,12
2026-05-29 09:06:00,3.3135,3.315,3.313,3.314,3.3185,3.32,3.318,3.319,18
2026-05-29 09:07:00,3.3135,3.315,3.313,3.314,3.3185,3.32,3.318,3.319,11
2026-05-29 09:08:00,3.3135,3.3135,3.3135,3.3135,3.3185,3.3185,3.3185,3.3185,1
2026-05-29 09:09:00,3.314,3.314,3.311,3.313,3.319,3.319,3.316,3.318,12
2026-05-29 09:10:00,3.312,3.313,3.312,3.313,3.317,3.318,3.317,3.318,4
2026-05-29 09:11:00,3.3125,3.313,3.309,3.309,3.3175,3.318,3.314,3.314,10
2026-05-29 09:12:00,3.308,3.31,3.308,3.31,3.313,3.315,3.313,3.315,10
2026-05-29 09:13:00,3.3105,3.311,3.31,3.31,3.3155,3.316,3.315,3.315,5
2026-05-29 09:14:00,3.311,3.313,3.311,3.313,3.316,3.318,3.316,3.318,14
2026-05-29 09:15:00,3.3135,3.315,3.3135,3.314,3.3185,3.32,3.3185,3.319,10
2026-05-29 09:16:00,3.315,3.316,3.314,3.315,3.32,3.321,3.319,3.32,11
2026-05-29 09:17:00,3.3145,3.318,3.313,3.317,3.3195,3.323,3.318,3.322,15
2026-05-29 09:18:00,3.3175,3.3205,3.3175,3.319,3.3225,3.3255,3.3225,3.324,11
2026-05-29 09:19:00,3.3185,3.3185,3.317,3.318,3.3235,3.3235,3.322,3.323,9
2026-05-29 09:20:00,3.3185,3.319,3.318,3.318,3.3235,3.324,3.323,3.323,11
2026-05-29 09:21:00,3.3185,3.319,3.317,3.317,3.3235,3.324,3.322,3.322,8
2026-05-29 09:22:00,3.316,3.317,3.311,3.311,3.321,3.322,3.316,3.316,23
2026-05-29 09:23:00,3.312,3.314,3.311,3.314,3.317,3.319,3.316,3.319,24
2026-05-29 09:24:00,3.3135,3.3145,3.313,3.3135,3.3185,3.3195,3.318,3.3185,10
2026-05-29 09:25:00,3.314,3.318,3.314,3.3165,3.319,3.323,3.319,3.3215,25
2026-05-29 09:26:00,3.317,3.318,3.312,3.314,3.322,3.323,3.317,3.319,22
2026-05-29 09:27:00,3.3145,3.315,3.314,3.314,3.3195,3.32,3.319,3.319,5
2026-05-29 09:28:00,3.315,3.316,3.315,3.3155,3.32,3.321,3.32,3.3205,9
2026-05-29 09:29:00,3.316,3.319,3.316,3.317,3.321,3.324,3.321,3.322,18
2026-05-29 09:30:00,3.316,3.317,3.316,3.316,3.321,3.322,3.321,3.321,8
2026-05-29 09:31:00,3.317,3.317,3.315,3.317,3.322,3.322,3.32,3.322,15
2026-05-29 09:32:00,3.318,3.321,3.318,3.32,3.323,3.326,3.323,3.325,15
2026-05-29 09:33:00,3.3205,3.322,3.32,3.321,3.3255,3.327,3.325,3.326,7
2026-05-29 09:34:00,3.3215,3.3215,3.316,3.319,3.3265,3.3265,3.321,3.324,21
2026-05-29 09:35:00,3.32,3.321,3.32,3.321,3.325,3.326,3.325,3.326,2
2026-05-29 09:36:00,3.322,3.322,3.321,3.322,3.327,3.327,3.326,3.327,3
2026-05-29 09:37:00,3.3225,3.323,3.321,3.3215,3.3275,3.328,3.326,3.3265,10
2026-05-29 09:38:00,3.321,3.3215,3.32,3.321,3.326,3.3265,3.325,3.326,7
2026-05-29 09:39:00,3.3215,3.33,3.3215,3.329,3.3265,3.335,3.3265,3.334,23
2026-05-29 09:40:00,3.3295,3.333,3.329,3.332,3.3345,3.338,3.334,3.337,36
2026-05-29 09:41:00,3.331,3.337,3.331,3.335,3.336,3.342,3.336,3.34,29
2026-05-29 09:42:00,3.336,3.336,3.334,3.334,3.341,3.341,3.339,3.339,27
2026-05-29 09:43:00,3.335,3.336,3.333,3.3335,3.34,3.341,3.338,3.3385,19
2026-05-29 09:44:00,3.333,3.334,3.331,3.333,3.338,3.339,3.336,3.338,20
2026-05-29 09:45:00,3.334,3.334,3.331,3.332,3.339,3.339,3.336,3.337,7
2026-05-29 09:46:00,3.331,3.332,3.327,3.329,3.336,3.337,3.332,3.334,21
2026-05-29 09:47:00,3.328,3.33,3.328,3.33,3.333,3.335,3.333,3.335,8
2026-05-29 09:48:00,3.329,3.332,3.329,3.329,3.334,3.337,3.334,3.334,10
2026-05-29 09:49:00,3.3285,3.329,3.325,3.325,3.3335,3.334,3.33,3.33,11
2026-05-29 09:50:00,3.3245,3.325,3.322,3.324,3.3295,3.33,3.327,3.329,16
2026-05-29 09:51:00,3.3235,3.3245,3.321,3.321,3.3285,3.3295,3.326,3.326,15
2026-05-29 09:52:00,3.32,3.32,3.317,3.319,3.325,3.325,3.322,3.324,14
2026-05-29 09:53:00,3.318,3.319,3.317,3.319,3.323,3.324,3.322,3.324,9
2026-05-29 09:54:00,3.318,3.319,3.318,3.318,3.323,3.324,3.323,3.323,13
2026-05-29 09:55:00,3.317,3.32,3.317,3.317,3.322,3.325,3.322,3.322,13
2026-05-29 09:56:00,3.318,3.319,3.318,3.318,3.323,3.324,3.323,3.323,4
2026-05-29 09:57:00,3.319,3.321,3.318,3.321,3.324,3.326,3.323,3.326,11
2026-05-29 09:58:00,3.32,3.321,3.315,3.316,3.325,3.326,3.32,3.321,22
2026-05-29 09:59:00,3.317,3.317,3.313,3.314,3.322,3.322,3.318,3.319,8
2026-05-29 10:00:00,3.315,3.317,3.313,3.315,3.32,3.322,3.318,3.32,25
2026-05-29 10:01:00,3.314,3.317,3.314,3.317,3.319,3.322,3.319,3.322,14
2026-05-29 10:02:00,3.316,3.324,3.316,3.319,3.321,3.329,3.321,3.324,34
2026-05-29 10:03:00,3.318,3.32,3.317,3.319,3.323,3.325,3.322,3.324,22
2026-05-29 10:04:00,3.32,3.321,3.319,3.321,3.325,3.326,3.324,3.326,10
2026-05-29 10:05:00,3.322,3.322,3.319,3.321,3.327,3.327,3.324,3.326,23
2026-05-29 10:06:00,3.3205,3.323,3.3195,3.3225,3.3255,3.328,3.3245,3.3275,31
2026-05-29 10:07:00,3.323,3.324,3.322,3.322,3.328,3.329,3.327,3.327,6
2026-05-29 10:08:00,3.323,3.323,3.322,3.323,3.328,3.328,3.327,3.328,4
2026-05-29 10:09:00,3.322,3.322,3.322,3.322,3.327,3.327,3.327,3.327,1
2026-05-29 10:10:00,3.321,3.323,3.319,3.323,3.326,3.328,3.324,3.328,11
2026-05-29 10:11:00,3.322,3.322,3.319,3.319,3.327,3.327,3.324,3.324,6
2026-05-29 10:12:00,3.318,3.3195,3.316,3.319,3.323,3.3245,3.321,3.324,13
2026-05-29 10:13:00,3.3195,3.321,3.319,3.3205,3.3245,3.326,3.324,3.3255,8
2026-05-29 10:14:00,3.32,3.32,3.32,3.32,3.325,3.325,3.325,3.325,1
2026-05-29 10:15:00,3.3195,3.32,3.3175,3.318,3.3245,3.325,3.3225,3.323,11
2026-05-29 10:16:00,3.319,3.32,3.318,3.32,3.324,3.325,3.323,3.325,13
2026-05-29 10:17:00,3.321,3.321,3.3185,3.319,3.326,3.326,3.3235,3.324,11
2026-05-29 10:18:00,3.32,3.321,3.319,3.32,3.325,3.326,3.324,3.325,10
2026-05-29 10:19:00,3.319,3.32,3.319,3.3195,3.324,3.325,3.324,3.3245,3
2026-05-29 10:20:00,3.32,3.32,3.32,3.32,3.325,3.325,3.325,3.325,1
2026-05-29 10:22:00,3.319,3.319,3.317,3.318,3.324,3.324,3.322,3.323,12
2026-05-29 10:23:00,3.317,3.319,3.317,3.318,3.322,3.324,3.322,3.323,6
2026-05-29 10:24:00,3.317,3.319,3.317,3.319,3.322,3.324,3.322,3.324,16
2026-05-29 10:25:00,3.32,3.32,3.317,3.317,3.325,3.325,3.322,3.322,9
2026-05-29 10:26:00,3.316,3.317,3.316,3.317,3.321,3.322,3.321,3.322,6
2026-05-29 10:27:00,3.3165,3.317,3.316,3.317,3.3215,3.322,3.321,3.322,6
2026-05-29 10:28:00,3.3165,3.317,3.315,3.317,3.3215,3.322,3.32,3.322,14
2026-05-29 10:29:00,3.316,3.3185,3.316,3.318,3.321,3.3235,3.321,3.323,8
2026-05-29 10:30:00,3.3185,3.32,3.318,3.318,3.3235,3.325,3.323,3.323,14
2026-05-29 10:31:00,3.317,3.319,3.3165,3.318,3.322,3.324,3.3215,3.323,11
2026-05-29 10:32:00,3.319,3.321,3.3185,3.32,3.324,3.326,3.3235,3.325,9
2026-05-29 10:33:00,3.321,3.321,3.319,3.319,3.326,3.326,3.324,3.324,3
2026-05-29 10:34:00,3.32,3.321,3.318,3.32,3.325,3.326,3.323,3.325,11
2026-05-29 10:35:00,3.319,3.32,3.319,3.319,3.324,3.325,3.324,3.324,7
2026-05-29 10:37:00,3.32,3.321,3.32,3.321,3.325,3.326,3.325,3.326,8
2026-05-29 10:38:00,3.3215,3.3235,3.3215,3.323,3.3265,3.3285,3.3265,3.328,7
2026-05-29 10:39:00,3.322,3.323,3.322,3.322,3.327,3.328,3.327,3.327,5
2026-05-29 10:40:00,3.323,3.323,3.322,3.322,3.328,3.328,3.327,3.327,2
2026-05-29 10:41:00,3.323,3.323,3.32,3.322,3.328,3.328,3.325,3.327,7
2026-05-29 10:42:00,3.3215,3.327,3.321,3.327,3.3265,3.332,3.326,3.332,12
2026-05-29 10:43:00,3.326,3.327,3.326,3.326,3.331,3.332,3.331,3.331,21
2026-05-29 10:44:00,3.325,3.326,3.324,3.324,3.33,3.331,3.329,3.329,7
2026-05-29 10:45:00,3.325,3.325,3.324,3.325,3.33,3.33,3.329,3.33,7
2026-05-29 10:46:00,3.327,3.329,3.326,3.3265,3.332,3.334,3.331,3.3315,20
2026-05-29 10:47:00,3.327,3.327,3.326,3.327,3.332,3.332,3.331,3.332,7
2026-05-29 10:48:00,3.3265,3.329,3.3265,3.329,3.3315,3.334,3.3315,3.334,9
2026-05-29 10:49:00,3.328,3.329,3.328,3.329,3.333,3.334,3.333,3.334,2
2026-05-29 10:50:00,3.3285,3.331,3.3285,3.331,3.3335,3.336,3.3335,3.336,14
2026-05-29 10:51:00,3.3305,3.331,3.33,3.33,3.3355,3.336,3.335,3.335,3
2026-05-29 10:52:00,3.331,3.336,3.33,3.334,3.336,3.341,3.335,3.339,19
2026-05-29 10:53:00,3.3335,3.334,3.332,3.334,3.3385,3.339,3.337,3.339,19
2026-05-29 10:54:00,3.3345,3.337,3.3345,3.336,3.3395,3.342,3.3395,3.341,12
2026-05-29 10:55:00,3.3365,3.337,3.335,3.337,3.3415,3.342,3.34,3.342,8
2026-05-29 10:56:00,3.3365,3.337,3.335,3.335,3.3415,3.342,3.34,3.34,6
2026-05-29 10:57:00,3.334,3.336,3.333,3.336,3.339,3.341,3.338,3.341,16
2026-05-29 10:58:00,3.335,3.336,3.334,3.3345,3.34,3.341,3.339,3.3395,9
2026-05-29 10:59:00,3.335,3.335,3.333,3.334,3.34,3.34,3.338,3.339,14
2026-05-29 11:00:00,3.333,3.336,3.33,3.33,3.338,3.341,3.335,3.335,23
2026-05-29 11:01:00,3.331,3.335,3.331,3.3345,3.336,3.34,3.336,3.3395,21
2026-05-29 11:02:00,3.335,3.335,3.331,3.331,3.34,3.34,3.336,3.336,23
2026-05-29 11:03:00,3.33,3.33,3.3255,3.329,3.335,3.335,3.3305,3.334,26
2026-05-29 11:04:00,3.3295,3.33,3.329,3.329,3.3345,3.335,3.334,3.334,6
2026-05-29 11:05:00,3.328,3.329,3.3275,3.328,3.333,3.334,3.3325,3.333,7
2026-05-29 11:06:00,3.327,3.329,3.327,3.329,3.332,3.334,3.332,3.334,4
2026-05-29 11:07:00,3.3285,3.329,3.328,3.329,3.3335,3.334,3.333,3.334,5
2026-05-29 11:08:00,3.3285,3.329,3.3275,3.3275,3.3335,3.334,3.3325,3.3325,7
2026-05-29 11:09:00,3.327,3.327,3.325,3.327,3.332,3.332,3.33,3.332,9
2026-05-29 11:10:00,3.328,3.328,3.327,3.327,3.333,3.333,3.332,3.332,4
2026-05-29 11:11:00,3.331,3.344,3.331,3.343,3.336,3.349,3.336,3.348,61
2026-05-29 11:12:00,3.344,3.344,3.338,3.339,3.349,3.349,3.343,3.344,41
2026-05-29 11:13:00,3.3385,3.339,3.336,3.338,3.3435,3.344,3.341,3.343,7
2026-05-29 11:14:00,3.337,3.3385,3.336,3.336,3.342,3.3435,3.341,3.341,14
2026-05-29 11:15:00,3.3365,3.337,3.335,3.3365,3.3415,3.342,3.34,3.3415,19
2026-05-29 11:16:00,3.337,3.337,3.332,3.334,3.342,3.342,3.337,3.339,13
2026-05-29 11:17:00,3.333,3.333,3.3305,3.3305,3.338,3.338,3.3355,3.3355,6
2026-05-29 11:18:00,3.33,3.332,3.33,3.3315,3.335,3.337,3.335,3.3365,9
2026-05-29 11:19:00,3.332,3.332,3.323,3.326,3.337,3.337,3.328,3.331,35
2026-05-29 11:20:00,3.325,3.3255,3.322,3.3235,3.33,3.3305,3.327,3.3285,26
2026-05-29 11:21:00,3.323,3.324,3.322,3.3225,3.328,3.329,3.327,3.3275,16
2026-05-29 11:22:00,3.322,3.322,3.32,3.32,3.327,3.327,3.325,3.325,11
2026-05-29 11:23:00,3.3195,3.3195,3.318,3.319,3.3245,3.3245,3.323,3.324,6
2026-05-29 11:24:00,3.32,3.32,3.317,3.317,3.325,3.325,3.322,3.322,22
2026-05-29 11:25:00,3.316,3.317,3.312,3.3145,3.321,3.322,3.317,3.3195,23
2026-05-29 11:26:00,3.315,3.319,3.315,3.319,3.32,3.324,3.32,3.324,8
2026-05-29 11:27:00,3.3195,3.322,3.3195,3.32,3.3245,3.327,3.3245,3.325,15
2026-05-29 11:28:00,3.319,3.32,3.317,3.319,3.324,3.325,3.322,3.324,20
2026-05-29 11:29:00,3.318,3.318,3.315,3.318,3.323,3.323,3.32,3.323,27
2026-05-29 11:30:00,3.3185,3.321,3.314,3.317,3.3235,3.326,3.319,3.322,35
2026-05-29 11:31:00,3.318,3.318,3.314,3.318,3.323,3.323,3.319,3.323,16
2026-05-29 11:32:00,3.3175,3.319,3.317,3.318,3.3225,3.324,3.322,3.323,26
2026-05-29 11:33:00,3.319,3.319,3.317,3.318,3.324,3.324,3.322,3.323,10
2026-05-29 11:34:00,3.3185,3.321,3.316,3.32,3.3235,3.326,3.321,3.325,21
2026-05-29 11:35:00,3.3205,3.325,3.3205,3.325,3.3255,3.33,3.3255,3.33,21
2026-05-29 11:36:00,3.3245,3.3265,3.3245,3.326,3.3295,3.3315,3.3295,3.331,10
2026-05-29 11:37:00,3.325,3.3265,3.3235,3.3265,3.33,3.3315,3.3285,3.3315,11
2026-05-29 11:38:00,3.327,3.327,3.3265,3.327,3.332,3.332,3.3315,3.332,11
2026-05-29 11:39:00,3.328,3.329,3.328,3.329,3.333,3.334,3.333,3.334,11
2026-05-29 11:40:00,3.328,3.329,3.328,3.3285,3.333,3.334,3.333,3.3335,7
2026-05-29 11:41:00,3.329,3.33,3.328,3.33,3.334,3.335,3.333,3.335,10
2026-05-29 11:42:00,3.3295,3.3315,3.329,3.331,3.3345,3.3365,3.334,3.336,11
2026-05-29 11:43:00,3.3305,3.331,3.328,3.329,3.3355,3.336,3.333,3.334,16
2026-05-29 11:44:00,3.328,3.329,3.326,3.329,3.333,3.334,3.331,3.334,14
2026-05-29 11:45:00,3.33,3.33,3.322,3.323,3.335,3.335,3.327,3.328,24
2026-05-29 11:46:00,3.3235,3.325,3.321,3.321,3.3285,3.33,3.326,3.326,25
2026-05-29 11:47:00,3.3215,3.323,3.3195,3.323,3.3265,3.328,3.3245,3.328,33
2026-05-29 11:48:00,3.3235,3.326,3.3235,3.325,3.3285,3.331,3.3285,3.33,20
2026-05-29 11:49:00,3.3245,3.325,3.3245,3.325,3.3295,3.33,3.3295,3.33,4
2026-05-29 11:50:00,3.324,3.325,3.324,3.325,3.329,3.33,3.329,3.33,11
2026-05-29 11:51:00,3.326,3.329,3.326,3.329,3.331,3.334,3.331,3.334,4
2026-05-29 11:52:00,3.328,3.328,3.327,3.327,3.333,3.333,3.332,3.332,3
2026-05-29 11:53:00,3.3265,3.3265,3.325,3.325,3.3315,3.3315,3.33,3.33,5
2026-05-29 11:54:00,3.324,3.327,3.324,3.327,3.329,3.332,3.329,3.332,17
2026-05-29 11:55:00,3.3265,3.3265,3.3245,3.3255,3.3315,3.3315,3.3295,3.3305,9
2026-05-29 11:56:00,3.325,3.326,3.325,3.326,3.33,3.331,3.33,3.331,8
2026-05-29 11:57:00,3.3255,3.326,3.323,3.326,3.3305,3.331,3.328,3.331,22
2026-05-29 11:58:00,3.3255,3.3255,3.321,3.323,3.3305,3.3305,3.326,3.328,20
2026-05-29 11:59:00,3.3225,3.324,3.3225,3.324,3.3275,3.329,3.3275,3.329,5
2026-05-29 12:00:00,3.3245,3.3245,3.3225,3.324,3.3295,3.3295,3.3275,3.329,15
2026-05-29 12:01:00,3.3235,3.325,3.323,3.3245,3.3285,3.33,3.328,3.3295,14
2026-05-29 12:02:00,3.325,3.331,3.324,3.33,3.33,3.336,3.329,3.335,17
2026-05-29 12:03:00,3.3295,3.33,3.328,3.328,3.3345,3.335,3.333,3.333,14
2026-05-29 12:04:00,3.3275,3.329,3.327,3.329,3.3325,3.334,3.332,3.334,7
2026-05-29 12:05:00,3.328,3.328,3.3275,3.328,3.333,3.333,3.3325,3.333,3
2026-05-29 12:06:00,3.327,3.327,3.327,3.327,3.332,3.332,3.332,3.332,1
2026-05-29 12:07:00,3.328,3.328,3.327,3.328,3.333,3.333,3.332,3.333,5
2026-05-29 12:08:00,3.327,3.327,3.3255,3.326,3.332,3.332,3.3305,3.331,4
2026-05-29 12:09:00,3.325,3.327,3.325,3.326,3.33,3.332,3.33,3.331,12
2026-05-29 12:10:00,3.3255,3.326,3.324,3.3245,3.3305,3.331,3.329,3.3295,10
2026-05-29 12:11:00,3.325,3.325,3.3245,3.325,3.33,3.33,3.3295,3.33,3
2026-05-29 12:12:00,3.324,3.324,3.324,3.324,3.329,3.329,3.329,3.329,1
2026-05-29 12:13:00,3.323,3.324,3.322,3.324,3.328,3.329,3.327,3.329,6
2026-05-29 12:14:00,3.323,3.323,3.321,3.322,3.328,3.328,3.326,3.327,9
2026-05-29 12:15:00,3.3215,3.3215,3.308,3.309,3.3265,3.3265,3.313,3.314,30
2026-05-29 12:16:00,3.31,3.312,3.308,3.312,3.315,3.317,3.313,3.317,17
2026-05-29 12:17:00,3.313,3.317,3.312,3.3165,3.318,3.322,3.317,3.3215,22
2026-05-29 12:18:00,3.316,3.317,3.313,3.314,3.321,3.322,3.318,3.319,10
2026-05-29 12:19:00,3.3135,3.314,3.312,3.314,3.3185,3.319,3.317,3.319,10
2026-05-29 12:20:00,3.3135,3.317,3.3135,3.317,3.3185,3.322,3.3185,3.322,8
2026-05-29 12:21:00,3.316,3.317,3.316,3.3165,3.321,3.322,3.321,3.3215,4
2026-05-29 12:22:00,3.317,3.325,3.317,3.323,3.322,3.33,3.322,3.328,19
2026-05-29 12:23:00,3.3225,3.3225,3.322,3.322,3.3275,3.3275,3.327,3.327,2
2026-05-29 12:24:00,3.3225,3.3225,3.322,3.322,3.3275,3.3275,3.327,3.327,2
2026-05-29 12:25:00,3.321,3.323,3.32,3.323,3.326,3.328,3.325,3.328,8
2026-05-29 12:26:00,3.322,3.325,3.322,3.324,3.327,3.33,3.327,3.329,11
2026-05-29 12:27:00,3.323,3.3235,3.3225,3.3235,3.328,3.3285,3.3275,3.3285,6
2026-05-29 12:28:00,3.324,3.329,3.324,3.328,3.329,3.334,3.329,3.333,15
2026-05-29 12:29:00,3.327,3.328,3.327,3.327,3.332,3.333,3.332,3.332,13
2026-05-29 12:30:00,3.328,3.336,3.328,3.335,3.333,3.341,3.333,3.34,34
2026-05-29 12:31:00,3.336,3.336,3.33,3.331,3.341,3.341,3.335,3.336,13
2026-05-29 12:32:00,3.33,3.3345,3.329,3.334,3.335,3.3395,3.334,3.339,22
2026-05-29 12:33:00,3.3355,3.338,3.334,3.338,3.3405,3.343,3.339,3.343,22
2026-05-29 12:34:00,3.3375,3.338,3.3325,3.335,3.3425,3.343,3.3375,3.34,18
2026-05-29 12:35:00,3.3345,3.335,3.333,3.333,3.3395,3.34,3.338,3.338,7
2026-05-29 12:36:00,3.332,3.334,3.332,3.3325,3.337,3.339,3.337,3.3375,17
2026-05-29 12:37:00,3.332,3.333,3.33,3.33,3.337,3.338,3.335,3.335,6
2026-05-29 12:38:00,3.329,3.329,3.324,3.328,3.334,3.334,3.329,3.333,25
2026-05-29 12:39:00,3.329,3.3305,3.328,3.33,3.334,3.3355,3.333,3.335,7
2026-05-29 12:40:00,3.329,3.3305,3.329,3.3305,3.334,3.3355,3.334,3.3355,7
2026-05-29 12:41:00,3.331,3.333,3.331,3.333,3.336,3.338,3.336,3.338,4
2026-05-29 12:42:00,3.334,3.3345,3.333,3.334,3.339,3.3395,3.338,3.339,9
2026-05-29 12:43:00,3.333,3.335,3.332,3.332,3.338,3.34,3.337,3.337,11
2026-05-29 12:44:00,3.333,3.336,3.3295,3.335,3.338,3.341,3.3345,3.34,26
2026-05-29 12:45:00,3.334,3.335,3.329,3.33,3.339,3.34,3.334,3.335,25
2026-05-29 12:46:00,3.331,3.335,3.331,3.335,3.336,3.34,3.336,3.34,11
2026-05-29 12:47:00,3.336,3.339,3.335,3.335,3.341,3.344,3.34,3.34,20
2026-05-29 12:48:00,3.334,3.339,3.334,3.339,3.339,3.344,3.339,3.344,22
2026-05-29 12:49:00,3.338,3.341,3.337,3.341,3.343,3.346,3.342,3.346,19
2026-05-29 12:50:00,3.3415,3.344,3.341,3.343,3.3465,3.349,3.346,3.348,16
2026-05-29 12:51:00,3.3435,3.344,3.341,3.341,3.3485,3.349,3.346,3.346,15
2026-05-29 12:52:00,3.342,3.344,3.339,3.34,3.347,3.349,3.344,3.345,16
2026-05-29 12:53:00,3.3405,3.3405,3.339,3.339,3.3455,3.3455,3.344,3.344,11
2026-05-29 12:54:00,3.34,3.344,3.34,3.342,3.345,3.349,3.345,3.347,22
2026-05-29 12:55:00,3.3415,3.345,3.341,3.342,3.3465,3.35,3.346,3.347,18
2026-05-29 12:57:00,3.341,3.342,3.34,3.34,3.346,3.347,3.345,3.345,17
2026-05-29 12:58:00,3.339,3.341,3.339,3.34,3.344,3.346,3.344,3.345,10
2026-05-29 12:59:00,3.3405,3.341,3.3395,3.34,3.3455,3.346,3.3445,3.345,12
2026-05-29 13:00:00,3.3405,3.341,3.338,3.3405,3.3455,3.346,3.343,3.3455,19
2026-05-29 13:01:00,3.34,3.341,3.337,3.337,3.345,3.346,3.342,3.342,6
2026-05-29 13:02:00,3.3375,3.349,3.3375,3.347,3.3425,3.354,3.3425,3.352,44
2026-05-29 13:03:00,3.346,3.348,3.3445,3.345,3.351,3.353,3.3495,3.35,14
2026-05-29 13:04:00,3.3445,3.346,3.343,3.3445,3.3495,3.351,3.348,3.3495,18
2026-05-29 13:05:00,3.345,3.351,3.3445,3.35,3.35,3.356,3.3495,3.355,19
2026-05-29 13:06:00,3.3495,3.35,3.347,3.347,3.3545,3.355,3.352,3.352,11
2026-05-29 13:07:00,3.346,3.348,3.346,3.3475,3.351,3.353,3.351,3.3525,3
2026-05-29 13:08:00,3.347,3.349,3.347,3.349,3.352,3.354,3.352,3.354,4
2026-05-29 13:09:00,3.348,3.356,3.348,3.355,3.353,3.361,3.353,3.36,27
2026-05-29 13:10:00,3.354,3.362,3.354,3.359,3.359,3.367,3.359,3.364,60
2026-05-29 13:11:00,3.358,3.359,3.355,3.356,3.363,3.364,3.36,3.361,22
2026-05-29 13:12:00,3.355,3.355,3.3525,3.354,3.36,3.36,3.3575,3.359,27
2026-05-29 13:13:00,3.353,3.3565,3.353,3.356,3.358,3.3615,3.358,3.361,18
2026-05-29 13:14:00,3.3555,3.356,3.345,3.346,3.3605,3.361,3.35,3.351,42
2026-05-29 13:15:00,3.347,3.347,3.34,3.341,3.352,3.352,3.345,3.346,52
2026-05-29 13:16:00,3.34,3.342,3.336,3.336,3.345,3.347,3.341,3.341,25
2026-05-29 13:17:00,3.337,3.343,3.3365,3.339,3.342,3.348,3.3415,3.344,54
2026-05-29 13:18:00,3.34,3.346,3.338,3.343,3.345,3.351,3.343,3.348,43
2026-05-29 13:19:00,3.344,3.3455,3.334,3.337,3.349,3.3505,3.339,3.342,39
2026-05-29 13:20:00,3.3365,3.338,3.335,3.336,3.3415,3.343,3.34,3.341,40
2026-05-29 13:21:00,3.3355,3.336,3.328,3.328,3.3405,3.341,3.333,3.333,45
2026-05-29 13:22:00,3.329,3.329,3.326,3.326,3.334,3.334,3.331,3.331,49
2026-05-29 13:23:00,3.3265,3.332,3.322,3.331,3.3315,3.337,3.327,3.336,56
2026-05-29 13:24:00,3.33,3.332,3.327,3.327,3.335,3.337,3.332,3.332,21
2026-05-29 13:25:00,3.3275,3.33,3.3275,3.3295,3.3325,3.335,3.3325,3.3345,12
2026-05-29 13:26:00,3.329,3.3355,3.329,3.334,3.334,3.3405,3.334,3.339,17
2026-05-29 13:27:00,3.3345,3.336,3.333,3.3345,3.3395,3.341,3.338,3.3395,14
2026-05-29 13:28:00,3.335,3.336,3.334,3.334,3.34,3.341,3.339,3.339,8
2026-05-29 13:29:00,3.3335,3.335,3.333,3.333,3.3385,3.34,3.338,3.338,17
2026-05-29 13:30:00,3.332,3.332,3.3255,3.326,3.337,3.337,3.3305,3.331,24
2026-05-29 13:31:00,3.3255,3.3275,3.317,3.323,3.3305,3.3325,3.322,3.328,38
2026-05-29 13:32:00,3.324,3.324,3.322,3.323,3.329,3.329,3.327,3.328,13
2026-05-29 13:33:00,3.322,3.324,3.32,3.324,3.327,3.329,3.325,3.329,16
2026-05-29 13:34:00,3.3245,3.327,3.324,3.3265,3.3295,3.332,3.329,3.3315,25
2026-05-29 13:35:00,3.327,3.335,3.327,3.335,3.332,3.34,3.332,3.34,22
2026-05-29 13:36:00,3.3345,3.335,3.33,3.331,3.3395,3.34,3.335,3.336,20
2026-05-29 13:37:00,3.3305,3.333,3.33,3.332,3.3355,3.338,3.335,3.337,15
2026-05-29 13:38:00,3.3315,3.334,3.33,3.3335,3.3365,3.339,3.335,3.3385,18
2026-05-29 13:39:00,3.333,3.333,3.332,3.333,3.338,3.338,3.337,3.338,14
2026-05-29 13:40:00,3.332,3.334,3.33,3.334,3.337,3.339,3.335,3.339,17
2026-05-29 13:41:00,3.333,3.333,3.331,3.3315,3.338,3.338,3.336,3.3365,7
2026-05-29 13:42:00,3.33,3.331,3.3255,3.326,3.335,3.336,3.3305,3.331,21
2026-05-29 13:43:00,3.327,3.328,3.327,3.327,3.332,3.333,3.332,3.332,11
2026-05-29 13:44:00,3.328,3.331,3.327,3.329,3.333,3.336,3.332,3.334,14
2026-05-29 13:45:00,3.33,3.33,3.329,3.329,3.335,3.335,3.334,3.334,8
2026-05-29 13:46:00,3.328,3.329,3.328,3.328,3.333,3.334,3.333,3.333,4
2026-05-29 13:47:00,3.327,3.327,3.325,3.325,3.332,3.332,3.33,3.33,5
2026-05-29 13:48:00,3.324,3.333,3.324,3.333,3.329,3.338,3.329,3.338,16
2026-05-29 13:49:00,3.3325,3.337,3.3315,3.336,3.3375,3.342,3.3365,3.341,12
2026-05-29 13:50:00,3.337,3.343,3.337,3.342,3.342,3.348,3.342,3.347,12
2026-05-29 13:51:00,3.341,3.348,3.341,3.347,3.346,3.353,3.346,3.352,38
2026-05-29 13:52:00,3.3465,3.35,3.342,3.35,3.3515,3.355,3.347,3.355,47
2026-05-29 13:53:00,3.349,3.35,3.343,3.344,3.354,3.355,3.348,3.349,27
2026-05-29 13:54:00,3.3445,3.3465,3.342,3.346,3.3495,3.3515,3.347,3.351,15
2026-05-29 13:55:00,3.345,3.348,3.343,3.347,3.35,3.353,3.348,3.352,26
2026-05-29 13:56:00,3.3465,3.347,3.345,3.345,3.3515,3.352,3.35,3.35,8
2026-05-29 13:57:00,3.3445,3.346,3.343,3.344,3.3495,3.351,3.348,3.349,26
2026-05-29 13:58:00,3.343,3.3445,3.34,3.344,3.348,3.3495,3.345,3.349,22
2026-05-29 13:59:00,3.3435,3.344,3.341,3.3435,3.3485,3.349,3.346,3.3485,16
2026-05-29 14:00:00,3.343,3.353,3.341,3.352,3.348,3.358,3.346,3.357,70
2026-05-29 14:01:00,3.353,3.357,3.349,3.349,3.358,3.362,3.354,3.354,21
2026-05-29 14:02:00,3.3495,3.3495,3.328,3.328,3.3545,3.3545,3.333,3.333,82
2026-05-29 14:03:00,3.3275,3.331,3.325,3.329,3.3325,3.336,3.33,3.334,47
2026-05-29 14:04:00,3.328,3.332,3.327,3.332,3.333,3.337,3.332,3.337,45
2026-05-29 14:05:00,3.3325,3.336,3.33,3.333,3.3375,3.341,3.335,3.338,35
2026-05-29 14:06:00,3.332,3.334,3.318,3.3205,3.337,3.339,3.323,3.3255,95
2026-05-29 14:07:00,3.321,3.324,3.319,3.324,3.326,3.329,3.324,3.329,25
2026-05-29 14:08:00,3.3235,3.325,3.322,3.325,3.3285,3.33,3.327,3.33,37
2026-05-29 14:09:00,3.326,3.33,3.325,3.33,3.331,3.335,3.33,3.335,31
2026-05-29 14:10:00,3.331,3.336,3.33,3.333,3.336,3.341,3.335,3.338,39
2026-05-29 14:11:00,3.332,3.333,3.326,3.329,3.337,3.338,3.331,3.334,33
2026-05-29 14:12:00,3.3295,3.332,3.328,3.332,3.3345,3.337,3.333,3.337,26
2026-05-29 14:13:00,3.3315,3.338,3.33,3.336,3.3365,3.343,3.335,3.341,40
2026-05-29 14:14:00,3.335,3.336,3.33,3.335,3.34,3.341,3.335,3.34,50
2026-05-29 14:15:00,3.334,3.334,3.328,3.3295,3.339,3.339,3.333,3.3345,59
2026-05-29 14:16:00,3.329,3.332,3.328,3.332,3.334,3.337,3.333,3.337,30
2026-05-29 14:17:00,3.3315,3.333,3.328,3.329,3.3365,3.338,3.333,3.334,29
2026-05-29 14:18:00,3.3285,3.33,3.325,3.327,3.3335,3.335,3.33,3.332,26
2026-05-29 14:19:00,3.3275,3.331,3.327,3.331,3.3325,3.336,3.332,3.336,24
2026-05-29 14:20:00,3.3315,3.336,3.33,3.335,3.3365,3.341,3.335,3.34,38
2026-05-29 14:21:00,3.334,3.336,3.329,3.331,3.339,3.341,3.334,3.336,61
2026-05-29 14:22:00,3.332,3.334,3.3315,3.333,3.337,3.339,3.3365,3.338,23
2026-05-29 14:23:00,3.334,3.342,3.333,3.341,3.339,3.347,3.338,3.346,63
2026-05-29 14:24:00,3.342,3.345,3.338,3.343,3.347,3.35,3.343,3.348,53
2026-05-29 14:25:00,3.344,3.348,3.34,3.347,3.349,3.353,3.345,3.352,49
2026-05-29 14:26:00,3.346,3.347,3.335,3.338,3.351,3.352,3.34,3.343,42
2026-05-29 14:27:00,3.3375,3.342,3.337,3.342,3.3425,3.347,3.342,3.347,20
2026-05-29 14:28:00,3.343,3.343,3.3365,3.341,3.348,3.348,3.3415,3.346,24
2026-05-29 14:29:00,3.3405,3.3525,3.34,3.3505,3.3455,3.3575,3.345,3.3555,75
2026-05-29 14:30:00,3.3495,3.3525,3.344,3.344,3.3545,3.3575,3.349,3.349,49
2026-05-29 14:31:00,3.3445,3.368,3.342,3.36,3.3495,3.373,3.347,3.365,147
2026-05-29 14:32:00,3.3595,3.373,3.353,3.371,3.3645,3.378,3.358,3.376,105
2026-05-29 14:33:00,3.37,3.376,3.367,3.372,3.375,3.381,3.372,3.377,97
2026-05-29 14:34:00,3.371,3.373,3.369,3.3695,3.376,3.378,3.374,3.3745,49
2026-05-29 14:35:00,3.37,3.374,3.365,3.3685,3.375,3.379,3.37,3.3735,65
2026-05-29 14:36:00,3.369,3.38,3.3685,3.378,3.374,3.385,3.3735,3.383,111
2026-05-29 14:37:00,3.377,3.38,3.373,3.38,3.382,3.385,3.378,3.385,76
2026-05-29 14:38:00,3.381,3.386,3.376,3.3845,3.386,3.391,3.381,3.3895,66
2026-05-29 14:39:00,3.385,3.386,3.377,3.377,3.39,3.391,3.382,3.382,52
2026-05-29 14:40:00,3.3775,3.3825,3.377,3.3775,3.3825,3.3875,3.382,3.3825,64
2026-05-29 14:41:00,3.378,3.379,3.364,3.37,3.383,3.384,3.369,3.375,101
2026-05-29 14:42:00,3.368,3.382,3.368,3.379,3.373,3.387,3.373,3.384,65
2026-05-29 14:43:00,3.378,3.378,3.367,3.371,3.383,3.383,3.372,3.376,86
2026-05-29 14:44:00,3.37,3.379,3.37,3.377,3.375,3.384,3.375,3.382,53
2026-05-29 14:45:00,3.376,3.38,3.376,3.377,3.381,3.385,3.381,3.382,38
2026-05-29 14:46:00,3.3765,3.378,3.376,3.3765,3.3815,3.383,3.381,3.3815,16
2026-05-29 14:47:00,3.376,3.386,3.374,3.385,3.381,3.391,3.379,3.39,55
2026-05-29 14:48:00,3.3855,3.3905,3.385,3.389,3.3905,3.3955,3.39,3.394,61
2026-05-29 14:49:00,3.388,3.39,3.387,3.388,3.393,3.395,3.392,3.393,45
2026-05-29 14:50:00,3.3875,3.391,3.387,3.391,3.3925,3.396,3.392,3.396,47
2026-05-29 14:51:00,3.3915,3.3915,3.381,3.384,3.3965,3.3965,3.386,3.389,62
2026-05-29 14:52:00,3.3845,3.387,3.376,3.38,3.3895,3.392,3.381,3.385,72
2026-05-29 14:53:00,3.379,3.379,3.376,3.376,3.384,3.384,3.381,3.381,21
2026-05-29 14:54:00,3.377,3.384,3.377,3.384,3.382,3.389,3.382,3.389,54
2026-05-29 14:55:00,3.385,3.388,3.384,3.386,3.39,3.393,3.389,3.391,44
2026-05-29 14:56:00,3.385,3.387,3.385,3.386,3.39,3.392,3.39,3.391,14
2026-05-29 14:57:00,3.3865,3.387,3.383,3.3865,3.3915,3.392,3.388,3.3915,27
2026-05-29 14:58:00,3.387,3.388,3.381,3.383,3.392,3.393,3.386,3.388,40
2026-05-29 14:59:00,3.384,3.385,3.382,3.384,3.389,3.39,3.387,3.389,18
2026-05-29 15:00:00,3.385,3.391,3.381,3.383,3.39,3.396,3.386,3.388,140
2026-05-29 15:01:00,3.3825,3.384,3.379,3.38,3.3875,3.389,3.384,3.385,70
2026-05-29 15:02:00,3.3795,3.381,3.3555,3.363,3.3845,3.386,3.3605,3.368,172
2026-05-29 15:03:00,3.3635,3.367,3.357,3.358,3.3685,3.372,3.362,3.363,73
2026-05-29 15:04:00,3.3575,3.36,3.3515,3.3595,3.3625,3.365,3.3565,3.3645,88
2026-05-29 15:05:00,3.359,3.365,3.359,3.363,3.364,3.37,3.364,3.368,49
2026-05-29 15:06:00,3.3625,3.363,3.3555,3.357,3.3675,3.368,3.3605,3.362,97
2026-05-29 15:07:00,3.3585,3.366,3.3575,3.363,3.3635,3.371,3.3625,3.368,90
2026-05-29 15:08:00,3.3635,3.373,3.361,3.369,3.3685,3.378,3.366,3.374,53
2026-05-29 15:09:00,3.3695,3.376,3.366,3.375,3.3745,3.381,3.371,3.38,48
2026-05-29 15:10:00,3.374,3.377,3.373,3.376,3.379,3.382,3.378,3.381,37
2026-05-29 15:11:00,3.377,3.378,3.365,3.367,3.382,3.383,3.37,3.372,63
2026-05-29 15:12:00,3.3675,3.371,3.364,3.369,3.3725,3.376,3.369,3.374,47
2026-05-29 15:13:00,3.3685,3.372,3.367,3.368,3.3735,3.377,3.372,3.373,32
2026-05-29 15:14:00,3.367,3.3695,3.364,3.369,3.372,3.3745,3.369,3.374,50
2026-05-29 15:15:00,3.368,3.373,3.365,3.373,3.373,3.378,3.37,3.378,71
2026-05-29 15:16:00,3.374,3.376,3.369,3.372,3.379,3.381,3.374,3.377,77
2026-05-29 15:17:00,3.3725,3.376,3.367,3.369,3.3775,3.381,3.372,3.374,59
2026-05-29 15:18:00,3.37,3.383,3.37,3.382,3.375,3.388,3.375,3.387,28
2026-05-29 15:19:00,3.381,3.383,3.38,3.382,3.386,3.388,3.385,3.387,20
2026-05-29 15:20:00,3.383,3.385,3.381,3.382,3.388,3.39,3.386,3.387,39
2026-05-29 15:21:00,3.3825,3.383,3.374,3.377,3.3875,3.388,3.379,3.382,30
2026-05-29 15:22:00,3.378,3.381,3.377,3.381,3.383,3.386,3.382,3.386,53
2026-05-29 15:23:00,3.382,3.384,3.374,3.375,3.387,3.389,3.379,3.38,48
2026-05-29 15:24:00,3.376,3.376,3.373,3.373,3.381,3.381,3.378,3.378,29
2026-05-29 15:25:00,3.3735,3.376,3.371,3.373,3.3785,3.381,3.376,3.378,33
2026-05-29 15:26:00,3.374,3.375,3.361,3.362,3.379,3.38,3.366,3.367,71
2026-05-29 15:27:00,3.363,3.367,3.36,3.362,3.368,3.372,3.365,3.367,68
2026-05-29 15:28:00,3.363,3.364,3.358,3.362,3.368,3.369,3.363,3.367,52
2026-05-29 15:29:00,3.3625,3.363,3.359,3.359,3.3675,3.368,3.364,3.364,54
2026-05-29 15:30:00,3.358,3.36,3.344,3.348,3.363,3.365,3.349,3.353,220
2026-05-29 15:31:00,3.3485,3.351,3.345,3.346,3.3535,3.356,3.35,3.351,126
2026-05-29 15:32:00,3.347,3.355,3.347,3.352,3.352,3.36,3.352,3.357,150
2026-05-29 15:33:00,3.353,3.366,3.3525,3.366,3.358,3.371,3.3575,3.371,108
2026-05-29 15:34:00,3.365,3.368,3.3605,3.363,3.37,3.373,3.3655,3.368,96
2026-05-29 15:35:00,3.362,3.363,3.36,3.362,3.367,3.368,3.365,3.367,50
2026-05-29 15:36:00,3.363,3.363,3.352,3.353,3.368,3.368,3.357,3.358,136
2026-05-29 15:37:00,3.3535,3.36,3.353,3.36,3.3585,3.365,3.358,3.365,90
2026-05-29 15:38:00,3.359,3.362,3.358,3.359,3.364,3.367,3.363,3.364,18
2026-05-29 15:39:00,3.358,3.361,3.357,3.359,3.363,3.366,3.362,3.364,41
2026-05-29 15:40:00,3.3585,3.3585,3.347,3.349,3.3635,3.3635,3.352,3.354,83
2026-05-29 15:41:00,3.348,3.355,3.348,3.354,3.353,3.36,3.353,3.359,60
2026-05-29 15:42:00,3.353,3.355,3.35,3.352,3.358,3.36,3.355,3.357,27
2026-05-29 15:43:00,3.353,3.355,3.349,3.3515,3.358,3.36,3.354,3.3565,41
2026-05-29 15:44:00,3.351,3.355,3.351,3.354,3.356,3.36,3.356,3.359,43
2026-05-29 15:45:00,3.353,3.355,3.349,3.352,3.358,3.36,3.354,3.357,35
2026-05-29 15:46:00,3.351,3.354,3.348,3.349,3.356,3.359,3.353,3.354,30
2026-05-29 15:47:00,3.348,3.355,3.348,3.354,3.353,3.36,3.353,3.359,39
2026-05-29 15:48:00,3.355,3.355,3.35,3.352,3.36,3.36,3.355,3.357,32
2026-05-29 15:49:00,3.353,3.361,3.352,3.3585,3.358,3.366,3.357,3.3635,42
2026-05-29 15:50:00,3.358,3.359,3.356,3.3575,3.363,3.364,3.361,3.3625,23
2026-05-29 15:51:00,3.358,3.366,3.358,3.366,3.363,3.371,3.363,3.371,33
2026-05-29 15:52:00,3.3655,3.37,3.364,3.368,3.3705,3.375,3.369,3.373,56
2026-05-29 15:53:00,3.367,3.371,3.364,3.371,3.372,3.376,3.369,3.376,45
2026-05-29 15:54:00,3.37,3.37,3.367,3.369,3.375,3.375,3.372,3.374,17
2026-05-29 15:55:00,3.368,3.37,3.367,3.37,3.373,3.375,3.372,3.375,18
2026-05-29 15:56:00,3.3705,3.3705,3.364,3.364,3.3755,3.3755,3.369,3.369,32
2026-05-29 15:57:00,3.363,3.363,3.358,3.359,3.368,3.368,3.363,3.364,18
2026-05-29 15:58:00,3.36,3.361,3.357,3.359,3.365,3.366,3.362,3.364,23
2026-05-29 15:59:00,3.36,3.36,3.357,3.358,3.365,3.365,3.362,3.363,19
2026-05-29 16:00:00,3.359,3.363,3.357,3.36,3.364,3.368,3.362,3.365,132
2026-05-29 16:01:00,3.359,3.364,3.358,3.36,3.364,3.369,3.363,3.365,156
2026-05-29 16:02:00,3.361,3.361,3.358,3.36,3.366,3.366,3.363,3.365,66
2026-05-29 16:03:00,3.359,3.362,3.356,3.356,3.364,3.367,3.361,3.361,98
2026-05-29 16:04:00,3.357,3.359,3.355,3.356,3.362,3.364,3.36,3.361,72
2026-05-29 16:05:00,3.357,3.358,3.345,3.349,3.362,3.363,3.35,3.354,82
2026-05-29 16:06:00,3.35,3.358,3.35,3.3565,3.355,3.363,3.355,3.3615,72
2026-05-29 16:07:00,3.357,3.362,3.356,3.3595,3.362,3.367,3.361,3.3645,80
2026-05-29 16:08:00,3.359,3.36,3.358,3.359,3.364,3.365,3.363,3.364,40
2026-05-29 16:09:00,3.3595,3.3695,3.359,3.3695,3.3645,3.3745,3.364,3.3745,46
2026-05-29 16:10:00,3.369,3.371,3.368,3.37,3.374,3.376,3.373,3.375,53
2026-05-29 16:11:00,3.371,3.373,3.369,3.37,3.376,3.378,3.374,3.375,38
2026-05-29 16:12:00,3.369,3.37,3.368,3.368,3.374,3.375,3.373,3.373,17
2026-05-29 16:13:00,3.367,3.37,3.363,3.364,3.372,3.375,3.368,3.369,18
2026-05-29 16:14:00,3.365,3.368,3.362,3.368,3.37,3.373,3.367,3.373,48
2026-05-29 16:15:00,3.367,3.369,3.363,3.3665,3.372,3.374,3.368,3.3715,41
2026-05-29 16:16:00,3.366,3.369,3.366,3.368,3.371,3.374,3.371,3.373,22
2026-05-29 16:17:00,3.3675,3.369,3.366,3.368,3.3725,3.374,3.371,3.373,37
2026-05-29 16:18:00,3.369,3.369,3.365,3.366,3.374,3.374,3.37,3.371,11
2026-05-29 16:19:00,3.3665,3.367,3.366,3.367,3.3715,3.372,3.371,3.372,6
2026-05-29 16:20:00,3.368,3.368,3.366,3.367,3.373,3.373,3.371,3.372,10
2026-05-29 16:21:00,3.368,3.369,3.3645,3.365,3.373,3.374,3.3695,3.37,20
2026-05-29 16:22:00,3.364,3.366,3.362,3.365,3.369,3.371,3.367,3.37,24
2026-05-29 16:23:00,3.366,3.366,3.365,3.365,3.371,3.371,3.37,3.37,14
2026-05-29 16:24:00,3.366,3.367,3.366,3.366,3.371,3.372,3.371,3.371,9
2026-05-29 16:25:00,3.367,3.37,3.366,3.369,3.372,3.375,3.371,3.374,14
2026-05-29 16:26:00,3.37,3.377,3.369,3.37,3.375,3.382,3.374,3.375,53
2026-05-29 16:27:00,3.369,3.369,3.367,3.367,3.374,3.374,3.372,3.372,9
2026-05-29 16:28:00,3.368,3.368,3.361,3.362,3.373,3.373,3.366,3.367,18
2026-05-29 16:29:00,3.361,3.362,3.358,3.36,3.366,3.367,3.363,3.365,26
2026-05-29 16:30:00,3.3605,3.361,3.354,3.36,3.3655,3.366,3.359,3.365,34
2026-05-29 16:31:00,3.359,3.36,3.354,3.355,3.364,3.365,3.359,3.36,28
2026-05-29 16:32:00,3.354,3.356,3.35,3.351,3.359,3.361,3.355,3.356,37
2026-05-29 16:33:00,3.352,3.352,3.345,3.35,3.357,3.357,3.35,3.355,46
2026-05-29 16:34:00,3.351,3.353,3.345,3.346,3.356,3.358,3.35,3.351,48
2026-05-29 16:35:00,3.345,3.346,3.337,3.338,3.35,3.351,3.342,3.343,60
2026-05-29 16:36:00,3.339,3.339,3.335,3.336,3.344,3.344,3.34,3.341,61
2026-05-29 16:37:00,3.337,3.346,3.337,3.345,3.342,3.351,3.342,3.35,41
2026-05-29 16:38:00,3.344,3.345,3.335,3.337,3.349,3.35,3.34,3.342,32
2026-05-29 16:39:00,3.3375,3.34,3.336,3.34,3.3425,3.345,3.341,3.345,17
2026-05-29 16:40:00,3.341,3.345,3.339,3.342,3.346,3.35,3.344,3.347,33
2026-05-29 16:41:00,3.341,3.342,3.34,3.341,3.346,3.347,3.345,3.346,16
2026-05-29 16:42:00,3.3405,3.3405,3.333,3.335,3.3455,3.3455,3.338,3.34,28
2026-05-29 16:43:00,3.3345,3.337,3.334,3.335,3.3395,3.342,3.339,3.34,22
2026-05-29 16:44:00,3.336,3.336,3.331,3.334,3.341,3.341,3.336,3.339,34
2026-05-29 16:45:00,3.3345,3.34,3.3345,3.338,3.3395,3.345,3.3395,3.343,34
2026-05-29 16:46:00,3.337,3.337,3.33,3.33,3.342,3.342,3.335,3.335,42
2026-05-29 16:47:00,3.331,3.334,3.33,3.334,3.336,3.339,3.335,3.339,37
2026-05-29 16:48:00,3.335,3.338,3.334,3.337,3.34,3.343,3.339,3.342,26
2026-05-29 16:49:00,3.336,3.342,3.335,3.342,3.341,3.347,3.34,3.347,28
2026-05-29 16:50:00,3.3415,3.342,3.339,3.339,3.3465,3.347,3.344,3.344,38
2026-05-29 16:51:00,3.3395,3.34,3.327,3.331,3.3445,3.345,3.332,3.336,129
2026-05-29 16:52:00,3.3315,3.333,3.321,3.327,3.3365,3.338,3.326,3.332,126
2026-05-29 16:53:00,3.3265,3.333,3.326,3.331,3.3315,3.338,3.331,3.336,49
2026-05-29 16:54:00,3.33,3.334,3.327,3.332,3.335,3.339,3.332,3.337,48
2026-05-29 16:55:00,3.3325,3.333,3.312,3.313,3.3375,3.338,3.317,3.318,98
2026-05-29 16:56:00,3.314,3.323,3.313,3.318,3.319,3.328,3.318,3.323,61
2026-05-29 16:57:00,3.3185,3.324,3.318,3.322,3.3235,3.329,3.323,3.327,41
2026-05-29 16:58:00,3.3225,3.325,3.322,3.323,3.3275,3.33,3.327,3.328,80
2026-05-29 16:59:00,3.322,3.325,3.322,3.325,3.327,3.33,3.327,3.33,62
2026-05-29 17:00:00,3.324,3.3245,3.319,3.319,3.329,3.3295,3.324,3.324,56
2026-05-29 17:01:00,3.32,3.32,3.312,3.315,3.325,3.325,3.317,3.32,136
2026-05-29 17:02:00,3.316,3.319,3.314,3.314,3.321,3.324,3.319,3.319,64
2026-05-29 17:03:00,3.313,3.313,3.308,3.311,3.318,3.318,3.313,3.316,82
2026-05-29 17:04:00,3.312,3.315,3.3115,3.314,3.317,3.32,3.3165,3.319,28
2026-05-29 17:05:00,3.313,3.3135,3.31,3.31,3.318,3.3185,3.315,3.315,30
2026-05-29 17:06:00,3.311,3.313,3.306,3.3075,3.316,3.318,3.311,3.3125,38
2026-05-29 17:07:00,3.308,3.311,3.307,3.31,3.313,3.316,3.312,3.315,37
2026-05-29 17:08:00,3.311,3.311,3.303,3.304,3.316,3.316,3.308,3.309,55
2026-05-29 17:09:00,3.305,3.305,3.2975,3.3,3.31,3.31,3.3025,3.305,83
2026-05-29 17:10:00,3.301,3.307,3.301,3.307,3.306,3.312,3.306,3.312,39
2026-05-29 17:11:00,3.3075,3.31,3.305,3.305,3.3125,3.315,3.31,3.31,36
2026-05-29 17:12:00,3.3055,3.307,3.304,3.304,3.3105,3.312,3.309,3.309,31
2026-05-29 17:13:00,3.305,3.31,3.304,3.307,3.31,3.315,3.309,3.312,40
2026-05-29 17:14:00,3.308,3.309,3.306,3.309,3.313,3.314,3.311,3.314,30
2026-05-29 17:15:00,3.3095,3.311,3.308,3.309,3.3145,3.316,3.313,3.314,27
2026-05-29 17:16:00,3.308,3.314,3.307,3.313,3.313,3.319,3.312,3.318,18
2026-05-29 17:17:00,3.312,3.316,3.311,3.316,3.317,3.321,3.316,3.321,35
2026-05-29 17:18:00,3.317,3.322,3.317,3.322,3.322,3.327,3.322,3.327,33
2026-05-29 17:19:00,3.321,3.325,3.319,3.324,3.326,3.33,3.324,3.329,47
2026-05-29 17:20:00,3.3245,3.33,3.324,3.33,3.3295,3.335,3.329,3.335,23
2026-05-29 17:21:00,3.329,3.329,3.324,3.327,3.334,3.334,3.329,3.332,23
2026-05-29 17:22:00,3.3265,3.3265,3.322,3.326,3.3315,3.3315,3.327,3.331,23
2026-05-29 17:23:00,3.327,3.327,3.324,3.326,3.332,3.332,3.329,3.331,22
2026-05-29 17:24:00,3.327,3.33,3.324,3.324,3.332,3.335,3.329,3.329,22
2026-05-29 17:25:00,3.325,3.326,3.323,3.324,3.33,3.331,3.328,3.329,10
2026-05-29 17:26:00,3.325,3.326,3.324,3.325,3.33,3.331,3.329,3.33,18
2026-05-29 17:27:00,3.324,3.326,3.323,3.3255,3.329,3.331,3.328,3.3305,17
2026-05-29 17:28:00,3.326,3.327,3.325,3.3265,3.331,3.332,3.33,3.3315,18
2026-05-29 17:29:00,3.327,3.327,3.323,3.326,3.332,3.332,3.328,3.331,59
2026-05-29 17:30:00,3.3265,3.3265,3.323,3.325,3.3315,3.3315,3.328,3.33,26
2026-05-29 17:31:00,3.324,3.33,3.324,3.329,3.329,3.335,3.329,3.334,30
2026-05-29 17:32:00,3.328,3.328,3.323,3.323,3.333,3.333,3.328,3.328,19
2026-05-29 17:33:00,3.322,3.327,3.321,3.327,3.327,3.332,3.326,3.332,22
2026-05-29 17:34:00,3.328,3.331,3.327,3.331,3.333,3.336,3.332,3.336,24
2026-05-29 17:35:00,3.3305,3.333,3.327,3.333,3.3355,3.338,3.332,3.338,57
2026-05-29 17:36:00,3.332,3.333,3.331,3.331,3.337,3.338,3.336,3.336,17
2026-05-29 17:37:00,3.332,3.338,3.331,3.335,3.337,3.343,3.336,3.34,50
2026-05-29 17:38:00,3.334,3.335,3.33,3.332,3.339,3.34,3.335,3.337,23
2026-05-29 17:39:00,3.333,3.333,3.332,3.333,3.338,3.338,3.337,3.338,10
2026-05-29 17:40:00,3.332,3.333,3.331,3.333,3.337,3.338,3.336,3.338,16
2026-05-29 17:41:00,3.332,3.334,3.331,3.332,3.337,3.339,3.336,3.337,22
2026-05-29 17:42:00,3.331,3.334,3.331,3.334,3.336,3.339,3.336,3.339,24
2026-05-29 17:43:00,3.3335,3.339,3.3335,3.339,3.3385,3.344,3.3385,3.344,13
2026-05-29 17:44:00,3.34,3.34,3.337,3.337,3.345,3.345,3.342,3.342,19
2026-05-29 17:45:00,3.3375,3.338,3.335,3.335,3.3425,3.343,3.34,3.34,17
2026-05-29 17:46:00,3.3355,3.338,3.335,3.337,3.3405,3.343,3.34,3.342,14
2026-05-29 17:47:00,3.338,3.339,3.334,3.337,3.343,3.344,3.339,3.342,26
2026-05-29 17:48:00,3.336,3.339,3.333,3.335,3.341,3.344,3.338,3.34,27
2026-05-29 17:49:00,3.334,3.335,3.332,3.332,3.339,3.34,3.337,3.337,10
2026-05-29 17:50:00,3.333,3.334,3.331,3.333,3.338,3.339,3.336,3.338,15
2026-05-29 17:51:00,3.3335,3.338,3.3335,3.336,3.3385,3.343,3.3385,3.341,17
2026-05-29 17:52:00,3.337,3.3375,3.336,3.3365,3.342,3.3425,3.341,3.3415,12
2026-05-29 17:53:00,3.337,3.341,3.337,3.339,3.342,3.346,3.342,3.344,31
2026-05-29 17:54:00,3.34,3.34,3.338,3.338,3.345,3.345,3.343,3.343,8
2026-05-29 17:55:00,3.337,3.338,3.337,3.338,3.342,3.343,3.342,3.343,2
2026-05-29 17:56:00,3.339,3.349,3.339,3.349,3.344,3.354,3.344,3.354,22
2026-05-29 17:57:00,3.348,3.348,3.345,3.345,3.353,3.353,3.35,3.35,20
2026-05-29 17:58:00,3.346,3.349,3.346,3.348,3.351,3.354,3.351,3.353,25
2026-05-29 17:59:00,3.349,3.35,3.347,3.347,3.354,3.355,3.352,3.352,31
2026-05-29 18:00:00,3.346,3.3465,3.341,3.343,3.351,3.3515,3.346,3.348,30
2026-05-29 18:01:00,3.3425,3.343,3.338,3.339,3.3475,3.348,3.343,3.344,26
2026-05-29 18:02:00,3.34,3.344,3.34,3.3425,3.345,3.349,3.345,3.3475,13
2026-05-29 18:03:00,3.342,3.344,3.342,3.342,3.347,3.349,3.347,3.347,11
2026-05-29 18:04:00,3.3425,3.343,3.341,3.342,3.3475,3.348,3.346,3.347,10
2026-05-29 18:05:00,3.3425,3.348,3.3425,3.348,3.3475,3.353,3.3475,3.353,22
2026-05-29 18:06:00,3.349,3.349,3.347,3.347,3.354,3.354,3.352,3.352,14
2026-05-29 18:07:00,3.3475,3.351,3.347,3.35,3.3525,3.356,3.352,3.355,18
2026-05-29 18:08:00,3.349,3.35,3.346,3.346,3.354,3.355,3.351,3.351,13
2026-05-29 18:09:00,3.345,3.346,3.344,3.345,3.35,3.351,3.349,3.35,7
2026-05-29 18:10:00,3.344,3.345,3.343,3.344,3.349,3.35,3.348,3.349,14
2026-05-29 18:11:00,3.345,3.345,3.342,3.342,3.35,3.35,3.347,3.347,19
2026-05-29 18:12:00,3.34,3.34,3.336,3.337,3.345,3.345,3.341,3.342,24
2026-05-29 18:13:00,3.336,3.344,3.336,3.34,3.341,3.349,3.341,3.345,34
2026-05-29 18:14:00,3.3405,3.342,3.34,3.34,3.3455,3.347,3.345,3.345,11
2026-05-29 18:15:00,3.339,3.339,3.338,3.338,3.344,3.344,3.343,3.343,4
2026-05-29 18:16:00,3.339,3.341,3.339,3.34,3.344,3.346,3.344,3.345,15
2026-05-29 18:17:00,3.341,3.341,3.339,3.339,3.346,3.346,3.344,3.344,3
2026-05-29 18:18:00,3.34,3.341,3.337,3.337,3.345,3.346,3.342,3.342,23
2026-05-29 18:19:00,3.336,3.338,3.336,3.338,3.341,3.343,3.341,3.343,5
2026-05-29 18:20:00,3.339,3.34,3.337,3.34,3.344,3.345,3.342,3.345,16
2026-05-29 18:21:00,3.339,3.34,3.339,3.34,3.344,3.345,3.344,3.345,13
2026-05-29 18:22:00,3.339,3.339,3.331,3.331,3.344,3.344,3.336,3.336,30
2026-05-29 18:23:00,3.332,3.335,3.332,3.3325,3.337,3.34,3.337,3.3375,29
2026-05-29 18:24:00,3.332,3.335,3.332,3.335,3.337,3.34,3.337,3.34,10
2026-05-29 18:25:00,3.336,3.346,3.336,3.3445,3.341,3.351,3.341,3.3495,31
2026-05-29 18:26:00,3.344,3.344,3.342,3.342,3.349,3.349,3.347,3.347,11
2026-05-29 18:27:00,3.341,3.341,3.339,3.34,3.346,3.346,3.344,3.345,6
2026-05-29 18:28:00,3.339,3.339,3.336,3.338,3.344,3.344,3.341,3.343,11
2026-05-29 18:29:00,3.339,3.339,3.338,3.338,3.344,3.344,3.343,3.343,2
2026-05-29 18:30:00,3.337,3.337,3.333,3.337,3.342,3.342,3.338,3.342,20
2026-05-29 18:31:00,3.338,3.338,3.33,3.337,3.343,3.343,3.335,3.342,47
2026-05-29 18:32:00,3.336,3.34,3.336,3.339,3.341,3.345,3.341,3.344,28
2026-05-29 18:33:00,3.34,3.34,3.3375,3.339,3.345,3.345,3.3425,3.344,20
2026-05-29 18:34:00,3.3385,3.339,3.338,3.338,3.3435,3.344,3.343,3.343,6
2026-05-29 18:35:00,3.339,3.339,3.334,3.336,3.344,3.344,3.339,3.341,16
2026-05-29 18:36:00,3.335,3.335,3.329,3.334,3.34,3.34,3.334,3.339,48
2026-05-29 18:37:00,3.333,3.334,3.327,3.333,3.338,3.339,3.332,3.338,60
2026-05-29 18:38:00,3.332,3.336,3.332,3.335,3.337,3.341,3.337,3.34,8
2026-05-29 18:39:00,3.334,3.334,3.332,3.334,3.339,3.339,3.337,3.339,5
2026-05-29 18:40:00,3.335,3.339,3.334,3.338,3.34,3.344,3.339,3.343,24
2026-05-29 18:41:00,3.337,3.339,3.337,3.339,3.342,3.344,3.342,3.344,11
2026-05-29 18:42:00,3.34,3.34,3.338,3.339,3.345,3.345,3.343,3.344,18
2026-05-29 18:43:00,3.3395,3.34,3.339,3.339,3.3445,3.345,3.344,3.344,9
2026-05-29 18:44:00,3.34,3.34,3.339,3.339,3.345,3.345,3.344,3.344,3
2026-05-29 18:45:00,3.34,3.34,3.337,3.338,3.345,3.345,3.342,3.343,13
2026-05-29 18:46:00,3.337,3.338,3.334,3.335,3.342,3.343,3.339,3.34,12
2026-05-29 18:47:00,3.336,3.337,3.335,3.337,3.341,3.342,3.34,3.342,8
2026-05-29 18:48:00,3.336,3.337,3.335,3.335,3.341,3.342,3.34,3.34,26
2026-05-29 18:49:00,3.334,3.337,3.334,3.337,3.339,3.342,3.339,3.342,7
2026-05-29 18:50:00,3.338,3.339,3.338,3.339,3.343,3.344,3.343,3.344,8
2026-05-29 18:51:00,3.34,3.34,3.339,3.339,3.345,3.345,3.344,3.344,10
2026-05-29 18:52:00,3.34,3.344,3.34,3.343,3.345,3.349,3.345,3.348,8
2026-05-29 18:53:00,3.342,3.342,3.34,3.341,3.347,3.347,3.345,3.346,12
2026-05-29 18:54:00,3.34,3.34,3.335,3.335,3.345,3.345,3.34,3.34,9
2026-05-29 18:55:00,3.334,3.335,3.333,3.333,3.339,3.34,3.338,3.338,9
2026-05-29 18:56:00,3.332,3.335,3.332,3.333,3.337,3.34,3.337,3.338,11
2026-05-29 18:57:00,3.334,3.334,3.3325,3.3335,3.339,3.339,3.3375,3.3385,13
2026-05-29 18:58:00,3.333,3.334,3.333,3.333,3.338,3.339,3.338,3.338,3
2026-05-29 18:59:00,3.334,3.334,3.33,3.3305,3.339,3.339,3.335,3.3355,16
2026-05-29 19:00:00,3.33,3.331,3.327,3.331,3.335,3.336,3.332,3.336,23
2026-05-29 19:01:00,3.332,3.333,3.33,3.331,3.337,3.338,3.335,3.336,17
2026-05-29 19:02:00,3.3315,3.333,3.33,3.33,3.3365,3.338,3.335,3.335,12
2026-05-29 19:03:00,3.331,3.332,3.33,3.332,3.336,3.337,3.335,3.337,15
2026-05-29 19:04:00,3.3325,3.333,3.327,3.328,3.3375,3.338,3.332,3.333,32
2026-05-29 19:05:00,3.329,3.331,3.327,3.328,3.334,3.336,3.332,3.333,18
2026-05-29 19:06:00,3.329,3.329,3.326,3.328,3.334,3.334,3.331,3.333,22
2026-05-29 19:07:00,3.3285,3.329,3.325,3.326,3.3335,3.334,3.33,3.331,17
2026-05-29 19:08:00,3.3265,3.331,3.326,3.3295,3.3315,3.336,3.331,3.3345,31
2026-05-29 19:09:00,3.33,3.331,3.328,3.329,3.335,3.336,3.333,3.334,11
2026-05-29 19:10:00,3.3285,3.329,3.328,3.329,3.3335,3.334,3.333,3.334,5
2026-05-29 19:11:00,3.33,3.331,3.33,3.331,3.335,3.336,3.335,3.336,9
2026-05-29 19:12:00,3.332,3.332,3.331,3.332,3.337,3.337,3.336,3.337,6
2026-05-29 19:13:00,3.331,3.332,3.331,3.332,3.336,3.337,3.336,3.337,9
2026-05-29 19:14:00,3.333,3.334,3.332,3.334,3.338,3.339,3.337,3.339,7
2026-05-29 19:15:00,3.333,3.333,3.332,3.332,3.338,3.338,3.337,3.337,11
2026-05-29 19:16:00,3.3325,3.333,3.332,3.332,3.3375,3.338,3.337,3.337,12
2026-05-29 19:17:00,3.331,3.337,3.331,3.337,3.336,3.342,3.336,3.342,13
2026-05-29 19:18:00,3.336,3.338,3.333,3.334,3.341,3.343,3.338,3.339,27
2026-05-29 19:19:00,3.333,3.335,3.331,3.334,3.338,3.34,3.336,3.339,22
2026-05-29 19:20:00,3.3335,3.3335,3.331,3.331,3.3385,3.3385,3.336,3.336,17
2026-05-29 19:21:00,3.33,3.333,3.328,3.331,3.335,3.338,3.333,3.336,31
2026-05-29 19:22:00,3.332,3.337,3.332,3.337,3.337,3.342,3.337,3.342,14
2026-05-29 19:23:00,3.336,3.337,3.3355,3.336,3.341,3.342,3.3405,3.341,9
2026-05-29 19:24:00,3.337,3.337,3.334,3.336,3.342,3.342,3.339,3.341,17
2026-05-29 19:25:00,3.335,3.335,3.331,3.331,3.34,3.34,3.336,3.336,10
2026-05-29 19:26:00,3.33,3.332,3.33,3.331,3.335,3.337,3.335,3.336,4
2026-05-29 19:27:00,3.33,3.334,3.33,3.333,3.335,3.339,3.335,3.338,15
2026-05-29 19:28:00,3.3335,3.334,3.333,3.334,3.3385,3.339,3.338,3.339,10
2026-05-29 19:29:00,3.3335,3.334,3.333,3.333,3.3385,3.339,3.338,3.338,7
2026-05-29 19:30:00,3.3335,3.334,3.329,3.329,3.3385,3.339,3.334,3.334,12
2026-05-29 19:31:00,3.328,3.328,3.322,3.323,3.333,3.333,3.327,3.328,21
2026-05-29 19:32:00,3.3235,3.326,3.322,3.324,3.3285,3.331,3.327,3.329,19
2026-05-29 19:33:00,3.325,3.3255,3.324,3.325,3.33,3.3305,3.329,3.33,8
2026-05-29 19:34:00,3.3255,3.328,3.325,3.3255,3.3305,3.333,3.33,3.3305,21
2026-05-29 19:35:00,3.326,3.326,3.323,3.324,3.331,3.331,3.328,3.329,11
2026-05-29 19:36:00,3.3245,3.326,3.324,3.325,3.3295,3.331,3.329,3.33,6
2026-05-29 19:37:00,3.324,3.325,3.322,3.3235,3.329,3.33,3.327,3.3285,15
2026-05-29 19:38:00,3.324,3.327,3.322,3.325,3.329,3.332,3.327,3.33,20
2026-05-29 19:39:00,3.326,3.327,3.326,3.327,3.331,3.332,3.331,3.332,2
2026-05-29 19:40:00,3.328,3.328,3.325,3.326,3.333,3.333,3.33,3.331,20
2026-05-29 19:41:00,3.327,3.327,3.324,3.325,3.332,3.332,3.329,3.33,15
2026-05-29 19:42:00,3.326,3.326,3.321,3.322,3.331,3.331,3.326,3.327,15
2026-05-29 19:43:00,3.323,3.323,3.319,3.319,3.328,3.328,3.324,3.324,24
2026-05-29 19:44:00,3.318,3.3185,3.316,3.318,3.323,3.3235,3.321,3.323,20
2026-05-29 19:45:00,3.319,3.319,3.317,3.318,3.324,3.324,3.322,3.323,8
2026-05-29 19:46:00,3.317,3.317,3.314,3.315,3.322,3.322,3.319,3.32,26
2026-05-29 19:47:00,3.316,3.318,3.316,3.317,3.321,3.323,3.321,3.322,14
2026-05-29 19:48:00,3.318,3.32,3.318,3.32,3.323,3.325,3.323,3.325,5
2026-05-29 19:49:00,3.319,3.322,3.318,3.32,3.324,3.327,3.323,3.325,27
2026-05-29 19:50:00,3.3205,3.322,3.32,3.321,3.3255,3.327,3.325,3.326,23
2026-05-29 19:51:00,3.322,3.323,3.321,3.322,3.327,3.328,3.326,3.327,21
2026-05-29 19:52:00,3.321,3.323,3.321,3.321,3.326,3.328,3.326,3.326,41
2026-05-29 19:53:00,3.322,3.322,3.319,3.319,3.327,3.327,3.324,3.324,24
2026-05-29 19:54:00,3.32,3.322,3.319,3.321,3.325,3.327,3.324,3.326,12
2026-05-29 19:55:00,3.322,3.322,3.3205,3.321,3.327,3.327,3.3255,3.326,11
2026-05-29 19:56:00,3.322,3.322,3.313,3.318,3.327,3.327,3.318,3.323,90
2026-05-29 19:57:00,3.3175,3.321,3.316,3.3205,3.3225,3.326,3.321,3.3255,29
2026-05-29 19:58:00,3.321,3.321,3.318,3.319,3.326,3.326,3.323,3.324,25
2026-05-29 19:59:00,3.3195,3.32,3.318,3.319,3.3245,3.325,3.323,3.324,22
2026-05-29 20:00:00,3.32,3.32,3.3135,3.316,3.325,3.325,3.3185,3.321,20
2026-05-29 20:01:00,3.317,3.317,3.316,3.316,3.322,3.322,3.321,3.321,19
2026-05-29 20:02:00,3.315,3.318,3.315,3.316,3.32,3.323,3.32,3.321,19
2026-05-29 20:03:00,3.315,3.316,3.313,3.313,3.32,3.321,3.318,3.318,24
2026-05-29 20:04:00,3.3135,3.316,3.312,3.315,3.3185,3.321,3.317,3.32,20
2026-05-29 20:05:00,3.316,3.317,3.313,3.314,3.321,3.322,3.318,3.319,26
2026-05-29 20:06:00,3.313,3.315,3.312,3.313,3.318,3.32,3.317,3.318,19
2026-05-29 20:07:00,3.3125,3.313,3.306,3.307,3.3175,3.318,3.311,3.312,36
2026-05-29 20:08:00,3.308,3.308,3.302,3.3045,3.313,3.313,3.307,3.3095,34
2026-05-29 20:09:00,3.304,3.305,3.302,3.303,3.309,3.31,3.307,3.308,30
2026-05-29 20:10:00,3.3035,3.305,3.302,3.302,3.3085,3.31,3.307,3.307,37
2026-05-29 20:11:00,3.303,3.3035,3.3,3.3,3.308,3.3085,3.305,3.305,33
2026-05-29 20:12:00,3.299,3.3,3.2915,3.2925,3.304,3.305,3.2965,3.2975,78
2026-05-29 20:13:00,3.293,3.295,3.288,3.295,3.298,3.3,3.293,3.3,56
2026-05-29 20:14:00,3.296,3.301,3.295,3.298,3.301,3.306,3.3,3.303,70
2026-05-29 20:15:00,3.299,3.301,3.296,3.297,3.304,3.306,3.301,3.302,51
2026-05-29 20:16:00,3.298,3.299,3.2945,3.295,3.303,3.304,3.2995,3.3,41
2026-05-29 20:17:00,3.2955,3.297,3.2955,3.296,3.3005,3.302,3.3005,3.301,8
2026-05-29 20:18:00,3.295,3.296,3.292,3.295,3.3,3.301,3.297,3.3,39
2026-05-29 20:19:00,3.296,3.2965,3.295,3.296,3.301,3.3015,3.3,3.301,35
2026-05-29 20:20:00,3.295,3.3,3.295,3.297,3.3,3.305,3.3,3.302,29
2026-05-29 20:21:00,3.298,3.298,3.297,3.297,3.303,3.303,3.302,3.302,2
2026-05-29 20:22:00,3.298,3.3005,3.297,3.297,3.303,3.3055,3.302,3.302,38
2026-05-29 20:23:00,3.296,3.297,3.296,3.296,3.301,3.302,3.301,3.301,11
2026-05-29 20:24:00,3.295,3.296,3.287,3.289,3.3,3.301,3.292,3.294,52
2026-05-29 20:25:00,3.29,3.293,3.285,3.289,3.295,3.298,3.29,3.294,57
2026-05-29 20:26:00,3.288,3.292,3.288,3.2915,3.293,3.297,3.293,3.2965,38
2026-05-29 20:27:00,3.29,3.29,3.286,3.29,3.295,3.295,3.291,3.295,74
2026-05-29 20:28:00,3.289,3.296,3.288,3.295,3.294,3.301,3.293,3.3,135
2026-05-29 20:29:00,3.294,3.298,3.294,3.296,3.299,3.303,3.299,3.301,90
2026-05-29 20:30:00,3.297,3.297,3.29,3.29,3.302,3.302,3.295,3.295,46
2026-05-29 20:31:00,3.289,3.29,3.287,3.29,3.294,3.295,3.292,3.295,12
2026-05-29 20:32:00,3.289,3.291,3.289,3.289,3.294,3.296,3.294,3.294,13
2026-05-29 20:33:00,3.288,3.2885,3.2855,3.2885,3.293,3.2935,3.2905,3.2935,25
2026-05-29 20:34:00,3.289,3.289,3.287,3.287,3.294,3.294,3.292,3.292,15
2026-05-29 20:35:00,3.286,3.287,3.285,3.286,3.291,3.292,3.29,3.291,19
2026-05-29 20:36:00,3.285,3.286,3.284,3.286,3.29,3.291,3.289,3.291,15
2026-05-29 20:37:00,3.287,3.288,3.286,3.286,3.292,3.293,3.291,3.291,14
2026-05-29 20:38:00,3.285,3.287,3.285,3.285,3.29,3.292,3.29,3.29,5
2026-05-29 20:39:00,3.284,3.286,3.284,3.284,3.289,3.291,3.289,3.289,11
2026-05-29 20:40:00,3.285,3.286,3.284,3.284,3.29,3.291,3.289,3.289,6
2026-05-29 20:41:00,3.285,3.287,3.285,3.287,3.29,3.292,3.29,3.292,3
2026-05-29 20:42:00,3.289,3.291,3.287,3.29,3.294,3.296,3.292,3.295,13
2026-05-29 20:43:00,3.2895,3.2895,3.288,3.288,3.2945,3.2945,3.293,3.293,6
2026-05-29 20:44:00,3.2885,3.289,3.288,3.289,3.2935,3.294,3.293,3.294,3
2026-05-29 20:45:00,3.29,3.299,3.29,3.296,3.295,3.304,3.295,3.301,43
2026-05-29 20:46:00,3.297,3.3015,3.297,3.298,3.302,3.3065,3.302,3.303,42
2026-05-29 20:47:00,3.297,3.298,3.296,3.297,3.302,3.303,3.301,3.302,16
2026-05-29 20:48:00,3.2965,3.297,3.291,3.292,3.3015,3.302,3.296,3.297,20
2026-05-29 20:49:00,3.293,3.293,3.2915,3.292,3.298,3.298,3.2965,3.297,4
2026-05-29 20:50:00,3.291,3.291,3.283,3.283,3.296,3.296,3.288,3.288,18
2026-05-29 20:51:00,3.284,3.286,3.283,3.286,3.289,3.291,3.288,3.291,19
2026-05-29 20:52:00,3.285,3.288,3.285,3.287,3.29,3.293,3.29,3.292,17
2026-05-29 20:53:00,3.2875,3.288,3.285,3.286,3.2925,3.293,3.29,3.291,11
2026-05-29 20:54:00,3.285,3.286,3.285,3.286,3.29,3.291,3.29,3.291,2
2026-05-29 20:55:00,3.2855,3.286,3.285,3.285,3.2905,3.291,3.29,3.29,7
2026-05-29 20:56:00,3.284,3.284,3.28,3.283,3.289,3.289,3.285,3.288,32
2026-05-29 20:57:00,3.2835,3.284,3.283,3.284,3.2885,3.289,3.288,3.289,3
2026-05-29 20:58:00,3.285,3.285,3.283,3.283,3.29,3.29,3.288,3.288,5
2026-05-29 20:59:00,3.284,3.284,3.281,3.282,3.289,3.289,3.286,3.287,7
2026-05-29 21:00:00,3.283,3.283,3.2805,3.281,3.288,3.288,3.2855,3.286,15
2026-05-29 21:01:00,3.282,3.283,3.28,3.281,3.287,3.288,3.285,3.286,12
2026-05-29 21:02:00,3.282,3.285,3.282,3.284,3.287,3.29,3.287,3.289,6
2026-05-29 21:03:00,3.285,3.285,3.285,3.285,3.29,3.29,3.29,3.29,1
2026-05-29 21:04:00,3.286,3.286,3.282,3.283,3.291,3.291,3.287,3.288,13
2026-05-29 21:05:00,3.2825,3.283,3.282,3.283,3.2875,3.288,3.287,3.288,3
2026-05-29 21:06:00,3.282,3.282,3.282,3.282,3.287,3.287,3.287,3.287,1
2026-05-29 21:07:00,3.283,3.283,3.282,3.282,3.288,3.288,3.287,3.287,2
2026-05-29 21:08:00,3.283,3.284,3.282,3.283,3.288,3.289,3.287,3.288,12
2026-05-29 21:09:00,3.2825,3.283,3.28,3.282,3.2875,3.288,3.285,3.287,15
2026-05-29 21:10:00,3.2825,3.283,3.281,3.283,3.2875,3.288,3.286,3.288,15
2026-05-29 21:11:00,3.284,3.284,3.2825,3.2835,3.289,3.289,3.2875,3.2885,15
2026-05-29 21:12:00,3.284,3.285,3.2835,3.284,3.289,3.29,3.2885,3.289,8
2026-05-29 21:14:00,3.285,3.285,3.284,3.285,3.29,3.29,3.289,3.29,4
2026-05-29 21:16:00,3.284,3.285,3.284,3.285,3.289,3.29,3.289,3.29,2
2026-05-29 21:17:00,3.2845,3.286,3.284,3.286,3.2895,3.291,3.289,3.291,6
2026-05-29 21:18:00,3.285,3.286,3.285,3.285,3.29,3.291,3.29,3.29,6
2026-05-29 21:19:00,3.286,3.287,3.286,3.287,3.291,3.292,3.291,3.292,9
2026-05-29 21:20:00,3.288,3.288,3.2865,3.287,3.293,3.293,3.2915,3.292,4
2026-05-29 21:21:00,3.286,3.287,3.286,3.286,3.291,3.292,3.291,3.291,3
2026-05-29 21:22:00,3.287,3.287,3.286,3.287,3.292,3.292,3.291,3.292,8
2026-05-29 21:23:00,3.286,3.287,3.2855,3.287,3.291,3.292,3.2905,3.292,5
2026-05-29 21:24:00,3.286,3.288,3.286,3.287,3.291,3.293,3.291,3.292,15
2026-05-29 21:25:00,3.2875,3.288,3.2875,3.288,3.2925,3.293,3.2925,3.293,2
2026-05-29 21:26:00,3.289,3.29,3.288,3.289,3.294,3.295,3.293,3.294,5
2026-05-29 21:27:00,3.288,3.289,3.287,3.289,3.293,3.294,3.292,3.294,4
2026-05-29 21:28:00,3.2885,3.289,3.286,3.288,3.2935,3.294,3.291,3.293,16
2026-05-29 21:29:00,3.2885,3.289,3.288,3.2885,3.2935,3.294,3.293,3.2935,10
2026-05-29 21:30:00,3.288,3.29,3.288,3.288,3.293,3.295,3.293,3.293,8
2026-05-29 21:31:00,3.289,3.289,3.288,3.288,3.294,3.294,3.293,3.293,4
2026-05-29 21:32:00,3.2885,3.289,3.288,3.288,3.2935,3.294,3.293,3.293,6
2026-05-29 21:33:00,3.289,3.289,3.288,3.288,3.294,3.294,3.293,3.293,2
2026-05-29 21:34:00,3.289,3.289,3.289,3.289,3.294,3.294,3.294,3.294,1
2026-05-29 21:36:00,3.2885,3.289,3.288,3.289,3.2935,3.294,3.293,3.294,3
2026-05-29 21:37:00,3.29,3.29,3.288,3.289,3.295,3.295,3.293,3.294,4
2026-05-29 21:38:00,3.29,3.29,3.289,3.289,3.295,3.295,3.294,3.294,4
2026-05-29 21:39:00,3.2895,3.293,3.2895,3.293,3.2945,3.298,3.2945,3.298,6
2026-05-29 21:40:00,3.294,3.295,3.294,3.294,3.299,3.3,3.299,3.299,5
2026-05-29 21:41:00,3.295,3.295,3.294,3.295,3.3,3.3,3.299,3.3,3
2026-05-29 21:42:00,3.294,3.294,3.291,3.2915,3.299,3.299,3.296,3.2965,11
2026-05-29 21:43:00,3.292,3.292,3.291,3.291,3.297,3.297,3.296,3.296,5
2026-05-29 21:44:00,3.29,3.29,3.288,3.29,3.295,3.295,3.293,3.295,11
2026-05-29 21:45:00,3.2895,3.29,3.2895,3.29,3.2945,3.295,3.2945,3.295,4
2026-05-29 21:46:00,3.291,3.292,3.29,3.291,3.296,3.297,3.295,3.296,9
2026-05-29 21:47:00,3.29,3.291,3.29,3.291,3.295,3.296,3.295,3.296,9
2026-05-29 21:48:00,3.2915,3.2915,3.29,3.291,3.2965,3.2965,3.295,3.296,8
2026-05-29 21:49:00,3.2905,3.2915,3.29,3.2915,3.2955,3.2965,3.295,3.2965,5
2026-05-29 21:50:00,3.291,3.294,3.291,3.294,3.296,3.299,3.296,3.299,12
2026-05-29 21:51:00,3.293,3.294,3.2925,3.2925,3.298,3.299,3.2975,3.2975,4
2026-05-29 21:52:00,3.292,3.293,3.292,3.293,3.297,3.298,3.297,3.298,8
2026-05-29 21:53:00,3.292,3.293,3.292,3.292,3.297,3.298,3.297,3.297,8
2026-05-29 21:54:00,3.293,3.293,3.293,3.293,3.298,3.298,3.298,3.298,1
2026-05-29 21:55:00,3.292,3.294,3.292,3.293,3.297,3.299,3.297,3.298,9
2026-05-29 21:56:00,3.294,3.294,3.294,3.294,3.299,3.299,3.299,3.299,1
2026-05-29 21:57:00,3.295,3.297,3.295,3.296,3.3,3.302,3.3,3.301,5
2026-05-29 21:58:00,3.295,3.2955,3.295,3.295,3.3,3.3005,3.3,3.3,3
2026-05-29 21:59:00,3.2955,3.296,3.294,3.295,3.3005,3.301,3.299,3.3,26
2026-05-29 22:00:00,3.2955,3.296,3.2935,3.2935,3.3005,3.301,3.2985,3.2985,7
2026-05-29 22:01:00,3.293,3.294,3.292,3.292,3.298,3.299,3.297,3.297,9
2026-05-29 22:02:00,3.2915,3.292,3.2915,3.2915,3.2965,3.297,3.2965,3.2965,3
2026-05-29 22:03:00,3.292,3.292,3.291,3.291,3.297,3.297,3.296,3.296,11
2026-05-29 22:04:00,3.29,3.29,3.2865,3.2865,3.295,3.295,3.2915,3.2915,11
2026-05-29 22:05:00,3.286,3.286,3.279,3.2805,3.291,3.291,3.284,3.2855,20
2026-05-29 22:06:00,3.281,3.2835,3.28,3.282,3.286,3.2885,3.285,3.287,16
2026-05-29 22:07:00,3.2815,3.286,3.2815,3.286,3.2865,3.291,3.2865,3.291,31
2026-05-29 22:08:00,3.287,3.288,3.2865,3.2865,3.292,3.293,3.2915,3.2915,10
2026-05-29 22:09:00,3.287,3.287,3.285,3.287,3.292,3.292,3.29,3.292,14
2026-05-29 22:10:00,3.2865,3.287,3.286,3.2865,3.2915,3.292,3.291,3.2915,4
2026-05-29 22:11:00,3.286,3.287,3.286,3.2865,3.291,3.292,3.291,3.2915,6
2026-05-29 22:12:00,3.286,3.286,3.286,3.286,3.291,3.291,3.291,3.291,1
2026-05-29 22:13:00,3.287,3.287,3.286,3.286,3.292,3.292,3.291,3.291,3
2026-05-29 22:14:00,3.287,3.287,3.287,3.287,3.292,3.292,3.292,3.292,1
2026-05-29 22:15:00,3.2865,3.288,3.2865,3.2875,3.2915,3.293,3.2915,3.2925,7
2026-05-29 22:16:00,3.288,3.289,3.287,3.289,3.293,3.294,3.292,3.294,5
2026-05-29 22:17:00,3.2885,3.2895,3.2885,3.2885,3.2935,3.2945,3.2935,3.2935,4
2026-05-29 22:18:00,3.2895,3.2915,3.2895,3.29,3.2945,3.2965,3.2945,3.295,7
2026-05-29 22:19:00,3.2905,3.2905,3.287,3.2905,3.2955,3.2955,3.292,3.2955,12
2026-05-29 22:20:00,3.29,3.29,3.2895,3.29,3.295,3.295,3.2945,3.295,3
2026-05-29 22:21:00,3.2895,3.291,3.288,3.289,3.2945,3.296,3.293,3.294,16
2026-05-29 22:22:00,3.2895,3.2895,3.289,3.289,3.2945,3.2945,3.294,3.294,2
2026-05-29 22:23:00,3.2895,3.29,3.289,3.29,3.2945,3.295,3.294,3.295,7
2026-05-29 22:24:00,3.2895,3.29,3.2895,3.29,3.2945,3.295,3.2945,3.295,4
2026-05-29 22:25:00,3.291,3.291,3.29,3.29,3.296,3.296,3.295,3.295,2
2026-05-29 22:26:00,3.2905,3.291,3.29,3.29,3.2955,3.296,3.295,3.295,18
2026-05-29 22:27:00,3.2905,3.291,3.287,3.2875,3.2955,3.296,3.292,3.2925,23
2026-05-29 22:28:00,3.288,3.289,3.287,3.287,3.293,3.294,3.292,3.292,10
2026-05-29 22:29:00,3.2865,3.2865,3.284,3.285,3.2915,3.2915,3.289,3.29,11
2026-05-29 22:30:00,3.284,3.285,3.282,3.283,3.289,3.29,3.287,3.288,21
2026-05-29 22:31:00,3.284,3.285,3.283,3.284,3.289,3.29,3.288,3.289,7
2026-05-29 22:32:00,3.285,3.286,3.285,3.285,3.29,3.291,3.29,3.29,3
2026-05-29 22:33:00,3.286,3.286,3.2855,3.286,3.291,3.291,3.2905,3.291,9
2026-05-29 22:34:00,3.2855,3.287,3.285,3.285,3.2905,3.292,3.29,3.29,6
2026-05-29 22:35:00,3.2855,3.2855,3.2855,3.2855,3.2905,3.2905,3.2905,3.2905,1
2026-05-29 22:36:00,3.286,3.286,3.2855,3.2855,3.291,3.291,3.2905,3.2905,2
2026-05-29 22:37:00,3.283,3.285,3.283,3.285,3.288,3.29,3.288,3.29,7
2026-05-29 22:38:00,3.2855,3.2855,3.285,3.285,3.2905,3.2905,3.29,3.29,4
2026-05-29 22:39:00,3.2855,3.286,3.2855,3.2855,3.2905,3.291,3.2905,3.2905,3
2026-05-29 22:40:00,3.285,3.285,3.284,3.284,3.29,3.29,3.289,3.289,9
2026-05-29 22:41:00,3.2835,3.284,3.2835,3.2835,3.2885,3.289,3.2885,3.2885,7
2026-05-29 22:42:00,3.283,3.284,3.283,3.2835,3.288,3.289,3.288,3.2885,12
2026-05-29 22:43:00,3.2825,3.284,3.2825,3.2835,3.2875,3.289,3.2875,3.2885,9
2026-05-29 22:44:00,3.283,3.284,3.283,3.2835,3.288,3.289,3.288,3.2885,6
2026-05-29 22:45:00,3.284,3.286,3.284,3.284,3.289,3.291,3.289,3.289,20
2026-05-29 22:46:00,3.283,3.283,3.281,3.2825,3.288,3.288,3.286,3.2875,9
2026-05-29 22:47:00,3.283,3.283,3.278,3.279,3.288,3.288,3.283,3.284,25
2026-05-29 22:48:00,3.28,3.282,3.28,3.282,3.285,3.287,3.285,3.287,12
2026-05-29 22:49:00,3.2815,3.2825,3.2815,3.2825,3.2865,3.2875,3.2865,3.2875,5
2026-05-29 22:50:00,3.283,3.286,3.282,3.282,3.288,3.291,3.287,3.287,14
2026-05-29 22:51:00,3.2825,3.284,3.282,3.283,3.2875,3.289,3.287,3.288,8
2026-05-29 22:53:00,3.282,3.282,3.2805,3.281,3.287,3.287,3.2855,3.286,5
2026-05-29 22:54:00,3.282,3.282,3.279,3.2815,3.287,3.287,3.284,3.2865,31
2026-05-29 22:55:00,3.282,3.282,3.281,3.2815,3.287,3.287,3.286,3.2865,4
2026-05-29 22:56:00,3.281,3.282,3.281,3.282,3.286,3.287,3.286,3.287,7
2026-05-29 22:57:00,3.281,3.281,3.2805,3.281,3.286,3.286,3.2855,3.286,5
2026-05-29 22:58:00,3.28,3.281,3.278,3.279,3.285,3.286,3.283,3.284,15
2026-05-29 22:59:00,3.28,3.2815,3.277,3.2808,3.285,3.2865,3.282,3.2858,76
2026-06-01 00:00:00,3.3443,3.3623,3.3423,3.3593,3.3493,3.3673,3.3473,3.3643,80
2026-06-01 00:01:00,3.3573,3.3593,3.3498,3.3563,3.3623,3.3643,3.3548,3.3613,31
2026-06-01 00:02:00,3.3553,3.3573,3.3533,3.3543,3.3603,3.3623,3.3583,3.3593,13
2026-06-01 00:03:00,3.3548,3.3548,3.3533,3.3543,3.3598,3.3598,3.3583,3.3593,10
2026-06-01 00:04:00,3.3553,3.3603,3.3553,3.3603,3.3603,3.3653,3.3603,3.3653,18
2026-06-01 00:05:00,3.3593,3.3663,3.3583,3.3588,3.3643,3.3713,3.3633,3.3638,37
2026-06-01 00:06:00,3.3598,3.3643,3.3598,3.3628,3.3648,3.3693,3.3648,3.3678,12
2026-06-01 00:07:00,3.3638,3.3648,3.3633,3.3643,3.3688,3.3698,3.3683,3.3693,14
2026-06-01 00:08:00,3.3633,3.3633,3.3543,3.3548,3.3683,3.3683,3.3593,3.3598,16
2026-06-01 00:09:00,3.3553,3.3578,3.3553,3.3573,3.3603,3.3628,3.3603,3.3623,9
2026-06-01 00:10:00,3.3583,3.3583,3.3573,3.3583,3.3633,3.3633,3.3623,3.3633,4
2026-06-01 00:11:00,3.3593,3.3598,3.3553,3.3553,3.3643,3.3648,3.3603,3.3603,10
2026-06-01 00:12:00,3.3563,3.3563,3.3548,3.3548,3.3613,3.3613,3.3598,3.3598,6
2026-06-01 00:13:00,3.3553,3.3563,3.3548,3.3558,3.3603,3.3613,3.3598,3.3608,5
2026-06-01 00:14:00,3.3573,3.3573,3.3543,3.3548,3.3623,3.3623,3.3593,3.3598,10
2026-06-01 00:15:00,3.3553,3.3568,3.3548,3.3563,3.3603,3.3618,3.3598,3.3613,7
2026-06-01 00:16:00,3.3573,3.3598,3.3563,3.3578,3.3623,3.3648,3.3613,3.3628,11
2026-06-01 00:17:00,3.3593,3.3593,3.3573,3.3593,3.3643,3.3643,3.3623,3.3643,7
2026-06-01 00:18:00,3.3578,3.3618,3.3573,3.3593,3.3628,3.3668,3.3623,3.3643,17
2026-06-01 00:19:00,3.3598,3.3603,3.3598,3.3603,3.3648,3.3653,3.3648,3.3653,2
2026-06-01 00:20:00,3.3598,3.3598,3.3583,3.3588,3.3648,3.3648,3.3633,3.3638,7
2026-06-01 00:21:00,3.3593,3.3593,3.3588,3.3588,3.3643,3.3643,3.3638,3.3638,4
2026-06-01 00:22:00,3.3593,3.3598,3.3593,3.3598,3.3643,3.3648,3.3643,3.3648,6
2026-06-01 00:23:00,3.3603,3.3603,3.3553,3.3573,3.3653,3.3653,3.3603,3.3623,8
2026-06-01 00:24:00,3.3588,3.3593,3.3578,3.3588,3.3638,3.3643,3.3628,3.3638,8
2026-06-01 00:25:00,3.3583,3.3583,3.3573,3.3578,3.3633,3.3633,3.3623,3.3628,3
2026-06-01 00:26:00,3.3588,3.3588,3.3573,3.3573,3.3638,3.3638,3.3623,3.3623,7
2026-06-01 00:27:00,3.3563,3.3583,3.3563,3.3578,3.3613,3.3633,3.3613,3.3628,7
2026-06-01 00:28:00,3.3573,3.3593,3.3573,3.3583,3.3623,3.3643,3.3623,3.3633,9
2026-06-01 00:29:00,3.3593,3.3593,3.3583,3.3583,3.3643,3.3643,3.3633,3.3633,2
2026-06-01 00:30:00,3.3573,3.3573,3.3548,3.3548,3.3623,3.3623,3.3598,3.3598,9
2026-06-01 00:31:00,3.3538,3.3543,3.3473,3.3488,3.3588,3.3593,3.3523,3.3538,18
2026-06-01 00:32:00,3.3478,3.3488,3.3463,3.3473,3.3528,3.3538,3.3513,3.3523,15
2026-06-01 00:33:00,3.3478,3.3483,3.3473,3.3483,3.3528,3.3533,3.3523,3.3533,5
2026-06-01 00:35:00,3.3473,3.3483,3.3453,3.3453,3.3523,3.3533,3.3503,3.3503,7
2026-06-01 00:36:00,3.3463,3.3463,3.3453,3.3463,3.3513,3.3513,3.3503,3.3513,5
2026-06-01 00:37:00,3.3453,3.3453,3.3443,3.3453,3.3503,3.3503,3.3493,3.3503,4
2026-06-01 00:39:00,3.3463,3.3463,3.3463,3.3463,3.3513,3.3513,3.3513,3.3513,1
2026-06-01 00:40:00,3.3458,3.3458,3.3453,3.3453,3.3508,3.3508,3.3503,3.3503,2
2026-06-01 00:41:00,3.3458,3.3458,3.3453,3.3458,3.3508,3.3508,3.3503,3.3508,3
2026-06-01 00:42:00,3.3453,3.3463,3.3383,3.3383,3.3503,3.3513,3.3433,3.3433,14
2026-06-01 00:43:00,3.3378,3.3383,3.3373,3.3383,3.3428,3.3433,3.3423,3.3433,4
2026-06-01 00:44:00,3.3378,3.3383,3.3363,3.3363,3.3428,3.3433,3.3413,3.3413,7
2026-06-01 00:45:00,3.3353,3.3383,3.3353,3.3383,3.3403,3.3433,3.3403,3.3433,9
2026-06-01 00:46:00,3.3393,3.3413,3.3393,3.3413,3.3443,3.3463,3.3443,3.3463,3
2026-06-01 00:47:00,3.3418,3.3418,3.3413,3.3418,3.3468,3.3468,3.3463,3.3468,3
2026-06-01 00:48:00,3.3413,3.3418,3.3413,3.3413,3.3463,3.3468,3.3463,3.3463,3
2026-06-01 00:50:00,3.3418,3.3423,3.3413,3.3423,3.3468,3.3473,3.3463,3.3473,4
2026-06-01 00:51:00,3.3413,3.3413,3.3408,3.3408,3.3463,3.3463,3.3458,3.3458,2
2026-06-01 00:52:00,3.3403,3.3403,3.3403,3.3403,3.3453,3.3453,3.3453,3.3453,1
2026-06-01 00:53:00,3.3398,3.3408,3.3398,3.3398,3.3448,3.3458,3.3448,3.3448,3
2026-06-01 00:54:00,3.3393,3.3393,3.3373,3.3378,3.3443,3.3443,3.3423,3.3428,10
2026-06-01 00:55:00,3.3373,3.3383,3.3368,3.3368,3.3423,3.3433,3.3418,3.3418,7
2026-06-01 00:56:00,3.3373,3.3373,3.3363,3.3363,3.3423,3.3423,3.3413,3.3413,3
2026-06-01 00:57:00,3.3353,3.3358,3.3353,3.3353,3.3403,3.3408,3.3403,3.3403,3
2026-06-01 00:58:00,3.3348,3.3353,3.3348,3.3353,3.3398,3.3403,3.3398,3.3403,2
2026-06-01 01:00:00,3.3348,3.3363,3.3343,3.3358,3.3398,3.3413,3.3393,3.3408,6
2026-06-01 01:01:00,3.3363,3.3423,3.3358,3.3413,3.3413,3.3473,3.3408,3.3463,15
2026-06-01 01:02:00,3.3423,3.3433,3.3423,3.3428,3.3473,3.3483,3.3473,3.3478,7
2026-06-01 01:03:00,3.3423,3.3438,3.3413,3.3418,3.3473,3.3488,3.3463,3.3468,8
2026-06-01 01:04:00,3.3408,3.3408,3.3393,3.3393,3.3458,3.3458,3.3443,3.3443,4
2026-06-01 01:05:00,3.3388,3.3388,3.3383,3.3383,3.3438,3.3438,3.3433,3.3433,2
2026-06-01 01:06:00,3.3378,3.3378,3.3358,3.3363,3.3428,3.3428,3.3408,3.3413,4
2026-06-01 01:07:00,3.3373,3.3383,3.3373,3.3383,3.3423,3.3433,3.3423,3.3433,2
2026-06-01 01:08:00,3.3393,3.3403,3.3388,3.3388,3.3443,3.3453,3.3438,3.3438,9
2026-06-01 01:09:00,3.3383,3.3388,3.3383,3.3383,3.3433,3.3438,3.3433,3.3433,3
2026-06-01 01:10:00,3.3378,3.3378,3.3373,3.3373,3.3428,3.3428,3.3423,3.3423,4
2026-06-01 01:11:00,3.3368,3.3373,3.3353,3.3363,3.3418,3.3423,3.3403,3.3413,6
2026-06-01 01:13:00,3.3358,3.3363,3.3358,3.3363,3.3408,3.3413,3.3408,3.3413,2
2026-06-01 01:14:00,3.3373,3.3373,3.3373,3.3373,3.3423,3.3423,3.3423,3.3423,1
2026-06-01 01:15:00,3.3378,3.3403,3.3373,3.3393,3.3428,3.3453,3.3423,3.3443,13
2026-06-01 01:16:00,3.3398,3.3403,3.3383,3.3393,3.3448,3.3453,3.3433,3.3443,9
2026-06-01 01:17:00,3.3398,3.3403,3.3398,3.3403,3.3448,3.3453,3.3448,3.3453,2
2026-06-01 01:18:00,3.3408,3.3443,3.3403,3.3433,3.3458,3.3493,3.3453,3.3483,12
2026-06-01 01:19:00,3.3428,3.3428,3.3413,3.3423,3.3478,3.3478,3.3463,3.3473,4
2026-06-01 01:20:00,3.3413,3.3413,3.3398,3.3398,3.3463,3.3463,3.3448,3.3448,4
2026-06-01 01:22:00,3.3403,3.3403,3.3398,3.3398,3.3453,3.3453,3.3448,3.3448,2
2026-06-01 01:23:00,3.3393,3.3403,3.3393,3.3398,3.3443,3.3453,3.3443,3.3448,3
2026-06-01 01:24:00,3.3403,3.3413,3.3398,3.3398,3.3453,3.3463,3.3448,3.3448,5
2026-06-01 01:25:00,3.3393,3.3398,3.3393,3.3393,3.3443,3.3448,3.3443,3.3443,3
2026-06-01 01:26:00,3.3403,3.3403,3.3403,3.3403,3.3453,3.3453,3.3453,3.3453,1
2026-06-01 01:27:00,3.3393,3.3393,3.3393,3.3393,3.3443,3.3443,3.3443,3.3443,1
2026-06-01 01:28:00,3.3388,3.3388,3.3358,3.3358,3.3438,3.3438,3.3408,3.3408,4
2026-06-01 01:29:00,3.3363,3.3383,3.3363,3.3378,3.3413,3.3433,3.3413,3.3428,7
2026-06-01 01:30:00,3.3383,3.3383,3.3363,3.3363,3.3433,3.3433,3.3413,3.3413,4
2026-06-01 01:35:00,3.3358,3.3368,3.3353,3.3353,3.3408,3.3418,3.3403,3.3403,4
2026-06-01 01:36:00,3.3363,3.3363,3.3363,3.3363,3.3413,3.3413,3.3413,3.3413,1
2026-06-01 01:37:00,3.3373,3.3373,3.3373,3.3373,3.3423,3.3423,3.3423,3.3423,1
2026-06-01 01:38:00,3.3383,3.3388,3.3383,3.3383,3.3433,3.3438,3.3433,3.3433,3
2026-06-01 01:39:00,3.3393,3.3413,3.3393,3.3413,3.3443,3.3463,3.3443,3.3463,5
2026-06-01 01:43:00,3.3403,3.3413,3.3403,3.3403,3.3453,3.3463,3.3453,3.3453,4
2026-06-01 01:44:00,3.3408,3.3408,3.3393,3.3393,3.3458,3.3458,3.3443,3.3443,4
2026-06-01 01:45:00,3.3388,3.3388,3.3378,3.3378,3.3438,3.3438,3.3428,3.3428,3
2026-06-01 01:46:00,3.3383,3.3383,3.3383,3.3383,3.3433,3.3433,3.3433,3.3433,1
2026-06-01 01:47:00,3.3378,3.3383,3.3378,3.3378,3.3428,3.3433,3.3428,3.3428,3
2026-06-01 01:48:00,3.3383,3.3383,3.3378,3.3383,3.3433,3.3433,3.3428,3.3433,3
2026-06-01 01:49:00,3.3388,3.3403,3.3383,3.3403,3.3438,3.3453,3.3433,3.3453,6
2026-06-01 01:50:00,3.3393,3.3398,3.3393,3.3398,3.3443,3.3448,3.3443,3.3448,2
2026-06-01 01:51:00,3.3403,3.3408,3.3403,3.3403,3.3453,3.3458,3.3453,3.3453,3
2026-06-01 01:52:00,3.3408,3.3413,3.3408,3.3413,3.3458,3.3463,3.3458,3.3463,2
2026-06-01 01:53:00,3.3408,3.3413,3.3408,3.3413,3.3458,3.3463,3.3458,3.3463,2
2026-06-01 01:55:00,3.3408,3.3408,3.3408,3.3408,3.3458,3.3458,3.3458,3.3458,1
2026-06-01 01:56:00,3.3403,3.3513,3.3403,3.3493,3.3453,3.3563,3.3453,3.3543,15
2026-06-01 01:57:00,3.3483,3.3498,3.3483,3.3498,3.3533,3.3548,3.3533,3.3548,7
2026-06-01 01:58:00,3.3488,3.3518,3.3483,3.3508,3.3538,3.3568,3.3533,3.3558,11
2026-06-01 02:00:00,3.3503,3.3508,3.3493,3.3503,3.3553,3.3558,3.3543,3.3553,6
2026-06-01 02:01:00,3.3498,3.3503,3.3493,3.3493,3.3548,3.3553,3.3543,3.3543,4
2026-06-01 02:02:00,3.3483,3.3493,3.3483,3.3483,3.3533,3.3543,3.3533,3.3533,5
2026-06-01 02:03:00,3.3473,3.3473,3.3463,3.3468,3.3523,3.3523,3.3513,3.3518,3
2026-06-01 02:04:00,3.3473,3.3473,3.3388,3.3388,3.3523,3.3523,3.3438,3.3438,19
2026-06-01 02:05:00,3.3383,3.3398,3.3378,3.3398,3.3433,3.3448,3.3428,3.3448,3
2026-06-01 02:06:00,3.3393,3.3448,3.3393,3.3448,3.3443,3.3498,3.3443,3.3498,9
2026-06-01 02:07:00,3.3443,3.3448,3.3438,3.3448,3.3493,3.3498,3.3488,3.3498,4
2026-06-01 02:08:00,3.3453,3.3453,3.3443,3.3443,3.3503,3.3503,3.3493,3.3493,2
2026-06-01 02:09:00,3.3448,3.3448,3.3448,3.3448,3.3498,3.3498,3.3498,3.3498,1
2026-06-01 02:10:00,3.3453,3.3453,3.3443,3.3448,3.3503,3.3503,3.3493,3.3498,5
2026-06-01 02:11:00,3.3453,3.3458,3.3418,3.3418,3.3503,3.3508,3.3468,3.3468,6
2026-06-01 02:12:00,3.3423,3.3433,3.3423,3.3433,3.3473,3.3483,3.3473,3.3483,6
2026-06-01 02:13:00,3.3428,3.3443,3.3428,3.3443,3.3478,3.3493,3.3478,3.3493,8
2026-06-01 02:14:00,3.3448,3.3463,3.3443,3.3463,3.3498,3.3513,3.3493,3.3513,7
2026-06-01 02:15:00,3.3473,3.3473,3.3473,3.3473,3.3523,3.3523,3.3523,3.3523,1
2026-06-01 02:16:00,3.3483,3.3483,3.3473,3.3473,3.3533,3.3533,3.3523,3.3523,5
2026-06-01 02:17:00,3.3478,3.3483,3.3463,3.3463,3.3528,3.3533,3.3513,3.3513,8
2026-06-01 02:18:00,3.3473,3.3503,3.3473,3.3483,3.3523,3.3553,3.3523,3.3533,9
2026-06-01 02:19:00,3.3493,3.3493,3.3493,3.3493,3.3543,3.3543,3.3543,3.3543,1
2026-06-01 02:20:00,3.3498,3.3498,3.3483,3.3483,3.3548,3.3548,3.3533,3.3533,8
2026-06-01 02:21:00,3.3493,3.3503,3.3488,3.3503,3.3543,3.3553,3.3538,3.3553,7
2026-06-01 02:22:00,3.3493,3.3503,3.3493,3.3493,3.3543,3.3553,3.3543,3.3543,4
2026-06-01 02:23:00,3.3498,3.3498,3.3493,3.3498,3.3548,3.3548,3.3543,3.3548,3
2026-06-01 02:24:00,3.3503,3.3508,3.3503,3.3503,3.3553,3.3558,3.3553,3.3553,3
2026-06-01 02:25:00,3.3493,3.3503,3.3493,3.3503,3.3543,3.3553,3.3543,3.3553,2
2026-06-01 02:26:00,3.3513,3.3513,3.3513,3.3513,3.3563,3.3563,3.3563,3.3563,1
2026-06-01 02:27:00,3.3508,3.3513,3.3503,3.3508,3.3558,3.3563,3.3553,3.3558,6
2026-06-01 02:28:00,3.3513,3.3513,3.3513,3.3513,3.3563,3.3563,3.3563,3.3563,1
2026-06-01 02:29:00,3.3523,3.3523,3.3473,3.3473,3.3573,3.3573,3.3523,3.3523,13
2026-06-01 02:30:00,3.3468,3.3468,3.3463,3.3468,3.3518,3.3518,3.3513,3.3518,3
2026-06-01 02:31:00,3.3463,3.3463,3.3453,3.3453,3.3513,3.3513,3.3503,3.3503,5
2026-06-01 02:32:00,3.3458,3.3458,3.3453,3.3458,3.3508,3.3508,3.3503,3.3508,3
2026-06-01 02:33:00,3.3468,3.3473,3.3463,3.3473,3.3518,3.3523,3.3513,3.3523,3
2026-06-01 02:34:00,3.3478,3.3478,3.3473,3.3473,3.3528,3.3528,3.3523,3.3523,4
2026-06-01 02:35:00,3.3478,3.3478,3.3473,3.3473,3.3528,3.3528,3.3523,3.3523,4
2026-06-01 02:36:00,3.3478,3.3493,3.3478,3.3493,3.3528,3.3543,3.3528,3.3543,4
2026-06-01 02:37:00,3.3483,3.3513,3.3483,3.3488,3.3533,3.3563,3.3533,3.3538,14
2026-06-01 02:38:00,3.3493,3.3493,3.3488,3.3493,3.3543,3.3543,3.3538,3.3543,3
2026-06-01 02:39:00,3.3488,3.3493,3.3488,3.3488,3.3538,3.3543,3.3538,3.3538,3
2026-06-01 02:40:00,3.3493,3.3503,3.3488,3.3503,3.3543,3.3553,3.3538,3.3553,4
2026-06-01 02:41:00,3.3498,3.3498,3.3498,3.3498,3.3548,3.3548,3.3548,3.3548,1
2026-06-01 02:42:00,3.3493,3.3493,3.3483,3.3483,3.3543,3.3543,3.3533,3.3533,3
2026-06-01 02:44:00,3.3488,3.3488,3.3488,3.3488,3.3538,3.3538,3.3538,3.3538,1
2026-06-01 02:45:00,3.3483,3.3483,3.3483,3.3483,3.3533,3.3533,3.3533,3.3533,1
2026-06-01 02:49:00,3.3493,3.3508,3.3493,3.3508,3.3543,3.3558,3.3543,3.3558,6
2026-06-01 02:50:00,3.3513,3.3513,3.3513,3.3513,3.3563,3.3563,3.3563,3.3563,1
2026-06-01 02:51:00,3.3503,3.3518,3.3503,3.3518,3.3553,3.3568,3.3553,3.3568,4
2026-06-01 02:52:00,3.3513,3.3518,3.3513,3.3518,3.3563,3.3568,3.3563,3.3568,2
2026-06-01 02:53:00,3.3523,3.3523,3.3508,3.3508,3.3573,3.3573,3.3558,3.3558,6
2026-06-01 02:54:00,3.3523,3.3523,3.3508,3.3508,3.3573,3.3573,3.3558,3.3558,6
2026-06-01 02:55:00,3.3513,3.3513,3.3508,3.3508,3.3563,3.3563,3.3558,3.3558,2
2026-06-01 02:56:00,3.3503,3.3523,3.3503,3.3523,3.3553,3.3573,3.3553,3.3573,6
2026-06-01 02:58:00,3.3528,3.3533,3.3528,3.3533,3.3578,3.3583,3.3578,3.3583,2
2026-06-01 02:59:00,3.3543,3.3573,3.3543,3.3573,3.3593,3.3623,3.3593,3.3623,15
2026-06-01 03:00:00,3.3583,3.3773,3.3568,3.3773,3.3633,3.3823,3.3618,3.3823,74
2026-06-01 03:01:00,3.3783,3.3813,3.3738,3.3748,3.3833,3.3863,3.3788,3.3798,38
2026-06-01 03:02:00,3.3758,3.3778,3.3723,3.3723,3.3808,3.3828,3.3773,3.3773,14
2026-06-01 03:03:00,3.3733,3.3768,3.3733,3.3768,3.3783,3.3818,3.3783,3.3818,15
2026-06-01 03:04:00,3.3783,3.3838,3.3783,3.3838,3.3833,3.3888,3.3833,3.3888,13
2026-06-01 03:05:00,3.3843,3.3843,3.3808,3.3808,3.3893,3.3893,3.3858,3.3858,14
2026-06-01 03:06:00,3.3803,3.3803,3.3778,3.3778,3.3853,3.3853,3.3828,3.3828,5
2026-06-01 03:07:00,3.3783,3.3783,3.3763,3.3768,3.3833,3.3833,3.3813,3.3818,6
2026-06-01 03:08:00,3.3773,3.3793,3.3773,3.3793,3.3823,3.3843,3.3823,3.3843,5
2026-06-01 03:09:00,3.3783,3.3798,3.3778,3.3778,3.3833,3.3848,3.3828,3.3828,7
2026-06-01 03:10:00,3.3783,3.3833,3.3768,3.3833,3.3833,3.3883,3.3818,3.3883,21
2026-06-01 03:11:00,3.3828,3.3843,3.3788,3.3798,3.3878,3.3893,3.3838,3.3848,17
2026-06-01 03:12:00,3.3793,3.3793,3.3768,3.3783,3.3843,3.3843,3.3818,3.3833,21
2026-06-01 03:13:00,3.3793,3.3803,3.3788,3.3788,3.3843,3.3853,3.3838,3.3838,5
2026-06-01 03:14:00,3.3783,3.3808,3.3783,3.3808,3.3833,3.3858,3.3833,3.3858,9
2026-06-01 03:15:00,3.3803,3.3803,3.3798,3.3798,3.3853,3.3853,3.3848,3.3848,2
2026-06-01 03:16:00,3.3793,3.3823,3.3783,3.3798,3.3843,3.3873,3.3833,3.3848,16
2026-06-01 03:17:00,3.3803,3.3823,3.3803,3.3813,3.3853,3.3873,3.3853,3.3863,4
2026-06-01 03:18:00,3.3803,3.3813,3.3793,3.3793,3.3853,3.3863,3.3843,3.3843,11
2026-06-01 03:20:00,3.3783,3.3788,3.3773,3.3788,3.3833,3.3838,3.3823,3.3838,5
2026-06-01 03:21:00,3.3783,3.3803,3.3783,3.3798,3.3833,3.3853,3.3833,3.3848,7
2026-06-01 03:22:00,3.3793,3.3803,3.3793,3.3803,3.3843,3.3853,3.3843,3.3853,3
2026-06-01 03:23:00,3.3798,3.3798,3.3798,3.3798,3.3848,3.3848,3.3848,3.3848,1
2026-06-01 03:24:00,3.3803,3.3803,3.3803,3.3803,3.3853,3.3853,3.3853,3.3853,1
2026-06-01 03:25:00,3.3808,3.3833,3.3808,3.3828,3.3858,3.3883,3.3858,3.3878,5
2026-06-01 03:26:00,3.3833,3.3853,3.3833,3.3843,3.3883,3.3903,3.3883,3.3893,5
2026-06-01 03:27:00,3.3833,3.3833,3.3793,3.3828,3.3883,3.3883,3.3843,3.3878,13
2026-06-01 03:28:00,3.3818,3.3833,3.3818,3.3828,3.3868,3.3883,3.3868,3.3878,7
2026-06-01 03:29:00,3.3823,3.3823,3.3803,3.3803,3.3873,3.3873,3.3853,3.3853,4
2026-06-01 03:30:00,3.3808,3.3808,3.3793,3.3798,3.3858,3.3858,3.3843,3.3848,6
2026-06-01 03:31:00,3.3793,3.3793,3.3763,3.3773,3.3843,3.3843,3.3813,3.3823,5
2026-06-01 03:32:00,3.3763,3.3763,3.3718,3.3728,3.3813,3.3813,3.3768,3.3778,12
2026-06-01 03:33:00,3.3733,3.3733,3.3733,3.3733,3.3783,3.3783,3.3783,3.3783,1
2026-06-01 03:34:00,3.3728,3.3728,3.3728,3.3728,3.3778,3.3778,3.3778,3.3778,1
2026-06-01 03:35:00,3.3733,3.3743,3.3728,3.3743,3.3783,3.3793,3.3778,3.3793,6
2026-06-01 03:36:00,3.3738,3.3743,3.3738,3.3743,3.3788,3.3793,3.3788,3.3793,2
2026-06-01 03:37:00,3.3748,3.3773,3.3748,3.3763,3.3798,3.3823,3.3798,3.3813,10
2026-06-01 03:38:00,3.3758,3.3758,3.3738,3.3743,3.3808,3.3808,3.3788,3.3793,6
2026-06-01 03:39:00,3.3733,3.3733,3.3728,3.3733,3.3783,3.3783,3.3778,3.3783,3
2026-06-01 03:40:00,3.3743,3.3743,3.3723,3.3723,3.3793,3.3793,3.3773,3.3773,8
2026-06-01 03:41:00,3.3718,3.3733,3.3718,3.3728,3.3768,3.3783,3.3768,3.3778,5
2026-06-01 03:42:00,3.3723,3.3733,3.3723,3.3733,3.3773,3.3783,3.3773,3.3783,2
2026-06-01 03:43:00,3.3723,3.3723,3.3693,3.3703,3.3773,3.3773,3.3743,3.3753,9
2026-06-01 03:44:00,3.3713,3.3723,3.3703,3.3723,3.3763,3.3773,3.3753,3.3773,8
2026-06-01 03:45:00,3.3718,3.3718,3.3708,3.3718,3.3768,3.3768,3.3758,3.3768,6
2026-06-01 03:46:00,3.3713,3.3723,3.3713,3.3723,3.3763,3.3773,3.3763,3.3773,2
2026-06-01 03:47:00,3.3713,3.3718,3.3713,3.3713,3.3763,3.3768,3.3763,3.3763,3
2026-06-01 03:48:00,3.3703,3.3713,3.3693,3.3713,3.3753,3.3763,3.3743,3.3763,7
2026-06-01 03:49:00,3.3723,3.3723,3.3713,3.3713,3.3773,3.3773,3.3763,3.3763,9
2026-06-01 03:50:00,3.3718,3.3733,3.3718,3.3723,3.3768,3.3783,3.3768,3.3773,4
2026-06-01 03:51:00,3.3713,3.3728,3.3703,3.3703,3.3763,3.3778,3.3753,3.3753,12
2026-06-01 03:52:00,3.3708,3.3708,3.3708,3.3708,3.3758,3.3758,3.3758,3.3758,1
2026-06-01 03:53:00,3.3713,3.3758,3.3713,3.3758,3.3763,3.3808,3.3763,3.3808,8
2026-06-01 03:54:00,3.3753,3.3758,3.3743,3.3753,3.3803,3.3808,3.3793,3.3803,5
2026-06-01 03:56:00,3.3743,3.3753,3.3743,3.3753,3.3793,3.3803,3.3793,3.3803,3
2026-06-01 03:57:00,3.3758,3.3758,3.3758,3.3758,3.3808,3.3808,3.3808,3.3808,1
2026-06-01 03:58:00,3.3753,3.3753,3.3753,3.3753,3.3803,3.3803,3.3803,3.3803,1
2026-06-01 04:00:00,3.3743,3.3753,3.3743,3.3753,3.3793,3.3803,3.3793,3.3803,2
2026-06-01 04:01:00,3.3758,3.3768,3.3758,3.3768,3.3808,3.3818,3.3808,3.3818,2
2026-06-01 04:02:00,3.3763,3.3763,3.3748,3.3748,3.3813,3.3813,3.3798,3.3798,3
2026-06-01 04:03:00,3.3743,3.3743,3.3703,3.3703,3.3793,3.3793,3.3753,3.3753,9
2026-06-01 04:04:00,3.3708,3.3713,3.3688,3.3708,3.3758,3.3763,3.3738,3.3758,16
2026-06-01 04:05:00,3.3713,3.3753,3.3713,3.3738,3.3763,3.3803,3.3763,3.3788,14
2026-06-01 04:06:00,3.3743,3.3743,3.3743,3.3743,3.3793,3.3793,3.3793,3.3793,1
2026-06-01 04:07:00,3.3748,3.3748,3.3733,3.3738,3.3798,3.3798,3.3783,3.3788,5
2026-06-01 04:08:00,3.3733,3.3733,3.3733,3.3733,3.3783,3.3783,3.3783,3.3783,1
2026-06-01 04:09:00,3.3738,3.3738,3.3738,3.3738,3.3788,3.3788,3.3788,3.3788,1
2026-06-01 04:10:00,3.3743,3.3743,3.3733,3.3733,3.3793,3.3793,3.3783,3.3783,3
2026-06-01 04:11:00,3.3743,3.3743,3.3738,3.3738,3.3793,3.3793,3.3788,3.3788,2
2026-06-01 04:12:00,3.3748,3.3783,3.3743,3.3773,3.3798,3.3833,3.3793,3.3823,12
2026-06-01 04:13:00,3.3778,3.3778,3.3773,3.3773,3.3828,3.3828,3.3823,3.3823,4
2026-06-01 04:14:00,3.3763,3.3773,3.3763,3.3768,3.3813,3.3823,3.3813,3.3818,6
2026-06-01 04:15:00,3.3763,3.3763,3.3763,3.3763,3.3813,3.3813,3.3813,3.3813,1
2026-06-01 04:16:00,3.3753,3.3763,3.3753,3.3763,3.3803,3.3813,3.3803,3.3813,2
2026-06-01 04:17:00,3.3753,3.3758,3.3743,3.3743,3.3803,3.3808,3.3793,3.3793,6
2026-06-01 04:18:00,3.3753,3.3753,3.3753,3.3753,3.3803,3.3803,3.3803,3.3803,1
2026-06-01 04:19:00,3.3748,3.3748,3.3738,3.3738,3.3798,3.3798,3.3788,3.3788,3
2026-06-01 04:20:00,3.3743,3.3743,3.3738,3.3738,3.3793,3.3793,3.3788,3.3788,2
2026-06-01 04:21:00,3.3733,3.3743,3.3733,3.3743,3.3783,3.3793,3.3783,3.3793,2
2026-06-01 04:25:00,3.3753,3.3753,3.3708,3.3708,3.3803,3.3803,3.3758,3.3758,6
2026-06-01 04:26:00,3.3703,3.3713,3.3693,3.3698,3.3753,3.3763,3.3743,3.3748,6
2026-06-01 04:27:00,3.3713,3.3713,3.3693,3.3698,3.3763,3.3763,3.3743,3.3748,4
2026-06-01 04:29:00,3.3703,3.3703,3.3698,3.3698,3.3753,3.3753,3.3748,3.3748,2
2026-06-01 04:30:00,3.3693,3.3713,3.3678,3.3713,3.3743,3.3763,3.3728,3.3763,8
2026-06-01 04:32:00,3.3723,3.3723,3.3713,3.3723,3.3773,3.3773,3.3763,3.3773,5
2026-06-01 04:34:00,3.3713,3.3713,3.3713,3.3713,3.3763,3.3763,3.3763,3.3763,1
2026-06-01 04:35:00,3.3703,3.3703,3.3698,3.3698,3.3753,3.3753,3.3748,3.3748,2
2026-06-01 04:36:00,3.3688,3.3698,3.3688,3.3698,3.3738,3.3748,3.3738,3.3748,4
2026-06-01 04:39:00,3.3693,3.3693,3.3663,3.3668,3.3743,3.3743,3.3713,3.3718,10
2026-06-01 04:40:00,3.3663,3.3693,3.3663,3.3693,3.3713,3.3743,3.3713,3.3743,7
2026-06-01 04:41:00,3.3703,3.3713,3.3703,3.3703,3.3753,3.3763,3.3753,3.3753,5
2026-06-01 04:42:00,3.3693,3.3703,3.3683,3.3698,3.3743,3.3753,3.3733,3.3748,5
2026-06-01 04:43:00,3.3693,3.3703,3.3683,3.3688,3.3743,3.3753,3.3733,3.3738,9
2026-06-01 04:44:00,3.3683,3.3683,3.3673,3.3683,3.3733,3.3733,3.3723,3.3733,4
2026-06-01 04:45:00,3.3678,3.3678,3.3678,3.3678,3.3728,3.3728,3.3728,3.3728,1
2026-06-01 04:46:00,3.3688,3.3688,3.3688,3.3688,3.3738,3.3738,3.3738,3.3738,1
2026-06-01 04:47:00,3.3683,3.3683,3.3683,3.3683,3.3733,3.3733,3.3733,3.3733,1
2026-06-01 04:48:00,3.3678,3.3678,3.3658,3.3663,3.3728,3.3728,3.3708,3.3713,5
2026-06-01 04:49:00,3.3658,3.3658,3.3658,3.3658,3.3708,3.3708,3.3708,3.3708,1
2026-06-01 04:50:00,3.3653,3.3663,3.3648,3.3653,3.3703,3.3713,3.3698,3.3703,7
2026-06-01 04:51:00,3.3643,3.3653,3.3643,3.3653,3.3693,3.3703,3.3693,3.3703,4
2026-06-01 04:52:00,3.3663,3.3683,3.3663,3.3678,3.3713,3.3733,3.3713,3.3728,5
2026-06-01 04:54:00,3.3673,3.3673,3.3653,3.3663,3.3723,3.3723,3.3703,3.3713,4
2026-06-01 04:55:00,3.3673,3.3673,3.3668,3.3673,3.3723,3.3723,3.3718,3.3723,3
2026-06-01 04:56:00,3.3663,3.3663,3.3653,3.3653,3.3713,3.3713,3.3703,3.3703,4
2026-06-01 04:57:00,3.3643,3.3653,3.3633,3.3648,3.3693,3.3703,3.3683,3.3698,5
2026-06-01 04:58:00,3.3653,3.3663,3.3653,3.3663,3.3703,3.3713,3.3703,3.3713,3
2026-06-01 04:59:00,3.3678,3.3688,3.3678,3.3683,3.3728,3.3738,3.3728,3.3733,3
2026-06-01 05:00:00,3.3673,3.3693,3.3663,3.3693,3.3723,3.3743,3.3713,3.3743,11
2026-06-01 05:01:00,3.3703,3.3723,3.3698,3.3703,3.3753,3.3773,3.3748,3.3753,17
2026-06-01 05:02:00,3.3698,3.3698,3.3698,3.3698,3.3748,3.3748,3.3748,3.3748,1
2026-06-01 05:03:00,3.3703,3.3703,3.3698,3.3703,3.3753,3.3753,3.3748,3.3753,3
2026-06-01 05:05:00,3.3713,3.3733,3.3703,3.3723,3.3763,3.3783,3.3753,3.3773,14
2026-06-01 05:06:00,3.3718,3.3718,3.3703,3.3703,3.3768,3.3768,3.3753,3.3753,4
2026-06-01 05:08:00,3.3698,3.3698,3.3668,3.3668,3.3748,3.3748,3.3718,3.3718,5
2026-06-01 05:09:00,3.3673,3.3673,3.3673,3.3673,3.3723,3.3723,3.3723,3.3723,1
2026-06-01 05:11:00,3.3678,3.3688,3.3673,3.3683,3.3728,3.3738,3.3723,3.3733,5
2026-06-01 05:12:00,3.3693,3.3693,3.3693,3.3693,3.3743,3.3743,3.3743,3.3743,1
2026-06-01 05:13:00,3.3703,3.3703,3.3693,3.3698,3.3753,3.3753,3.3743,3.3748,4
2026-06-01 05:14:00,3.3703,3.3723,3.3703,3.3703,3.3753,3.3773,3.3753,3.3753,9
2026-06-01 05:15:00,3.3698,3.3698,3.3698,3.3698,3.3748,3.3748,3.3748,3.3748,1
2026-06-01 05:16:00,3.3703,3.3703,3.3698,3.3698,3.3753,3.3753,3.3748,3.3748,2
2026-06-01 05:17:00,3.3703,3.3713,3.3703,3.3703,3.3753,3.3763,3.3753,3.3753,4
2026-06-01 05:18:00,3.3708,3.3733,3.3678,3.3678,3.3758,3.3783,3.3728,3.3728,14
2026-06-01 05:19:00,3.3673,3.3683,3.3673,3.3678,3.3723,3.3733,3.3723,3.3728,7
2026-06-01 05:20:00,3.3683,3.3683,3.3683,3.3683,3.3733,3.3733,3.3733,3.3733,1
2026-06-01 05:21:00,3.3678,3.3678,3.3678,3.3678,3.3728,3.3728,3.3728,3.3728,1
2026-06-01 05:22:00,3.3688,3.3688,3.3683,3.3688,3.3738,3.3738,3.3733,3.3738,5
2026-06-01 05:23:00,3.3698,3.3723,3.3698,3.3703,3.3748,3.3773,3.3748,3.3753,10
2026-06-01 05:24:00,3.3698,3.3703,3.3698,3.3703,3.3748,3.3753,3.3748,3.3753,2
2026-06-01 05:25:00,3.3698,3.3698,3.3693,3.3693,3.3748,3.3748,3.3743,3.3743,2
2026-06-01 05:27:00,3.3683,3.3688,3.3673,3.3673,3.3733,3.3738,3.3723,3.3723,4
2026-06-01 05:28:00,3.3678,3.3678,3.3673,3.3673,3.3728,3.3728,3.3723,3.3723,2
2026-06-01 05:29:00,3.3668,3.3668,3.3663,3.3668,3.3718,3.3718,3.3713,3.3718,3
2026-06-01 05:30:00,3.3663,3.3668,3.3558,3.3633,3.3713,3.3718,3.3608,3.3683,61
2026-06-01 05:31:00,3.3623,3.3633,3.3603,3.3608,3.3673,3.3683,3.3653,3.3658,19
2026-06-01 05:32:00,3.3613,3.3658,3.3613,3.3658,3.3663,3.3708,3.3663,3.3708,10
2026-06-01 05:33:00,3.3653,3.3678,3.3628,3.3668,3.3703,3.3728,3.3678,3.3718,16
2026-06-01 05:34:00,3.3663,3.3663,3.3648,3.3658,3.3713,3.3713,3.3698,3.3708,12
2026-06-01 05:35:00,3.3663,3.3673,3.3648,3.3663,3.3713,3.3723,3.3698,3.3713,7
2026-06-01 05:36:00,3.3668,3.3693,3.3668,3.3673,3.3718,3.3743,3.3718,3.3723,6
2026-06-01 05:37:00,3.3683,3.3683,3.3678,3.3678,3.3733,3.3733,3.3728,3.3728,2
2026-06-01 05:38:00,3.3688,3.3693,3.3688,3.3693,3.3738,3.3743,3.3738,3.3743,2
2026-06-01 05:39:00,3.3698,3.3698,3.3683,3.3688,3.3748,3.3748,3.3733,3.3738,4
2026-06-01 05:40:00,3.3693,3.3693,3.3673,3.3678,3.3743,3.3743,3.3723,3.3728,7
2026-06-01 05:41:00,3.3683,3.3758,3.3683,3.3758,3.3733,3.3808,3.3733,3.3808,13
2026-06-01 05:42:00,3.3753,3.3763,3.3753,3.3753,3.3803,3.3813,3.3803,3.3803,4
2026-06-01 05:43:00,3.3748,3.3773,3.3743,3.3758,3.3798,3.3823,3.3793,3.3808,11
2026-06-01 05:44:00,3.3753,3.3773,3.3753,3.3773,3.3803,3.3823,3.3803,3.3823,6
2026-06-01 05:45:00,3.3763,3.3768,3.3758,3.3758,3.3813,3.3818,3.3808,3.3808,4
2026-06-01 05:46:00,3.3763,3.3773,3.3753,3.3763,3.3813,3.3823,3.3803,3.3813,12
2026-06-01 05:47:00,3.3758,3.3758,3.3758,3.3758,3.3808,3.3808,3.3808,3.3808,1
2026-06-01 05:48:00,3.3763,3.3793,3.3763,3.3783,3.3813,3.3843,3.3813,3.3833,4
2026-06-01 05:49:00,3.3773,3.3778,3.3758,3.3773,3.3823,3.3828,3.3808,3.3823,8
2026-06-01 05:50:00,3.3768,3.3773,3.3758,3.3768,3.3818,3.3823,3.3808,3.3818,8
2026-06-01 05:51:00,3.3773,3.3773,3.3773,3.3773,3.3823,3.3823,3.3823,3.3823,1
2026-06-01 05:52:00,3.3768,3.3773,3.3738,3.3738,3.3818,3.3823,3.3788,3.3788,7
2026-06-01 05:53:00,3.3743,3.3753,3.3728,3.3753,3.3793,3.3803,3.3778,3.3803,9
2026-06-01 05:54:00,3.3758,3.3763,3.3758,3.3763,3.3808,3.3813,3.3808,3.3813,2
2026-06-01 05:56:00,3.3773,3.3778,3.3773,3.3773,3.3823,3.3828,3.3823,3.3823,3
2026-06-01 05:57:00,3.3763,3.3773,3.3763,3.3773,3.3813,3.3823,3.3813,3.3823,3
2026-06-01 05:58:00,3.3768,3.3768,3.3763,3.3763,3.3818,3.3818,3.3813,3.3813,2
2026-06-01 05:59:00,3.3753,3.3753,3.3728,3.3733,3.3803,3.3803,3.3778,3.3783,5
2026-06-01 06:00:00,3.3738,3.3743,3.3728,3.3733,3.3788,3.3793,3.3778,3.3783,4
2026-06-01 06:01:00,3.3743,3.3743,3.3723,3.3723,3.3793,3.3793,3.3773,3.3773,4
2026-06-01 06:02:00,3.3713,3.3748,3.3713,3.3748,3.3763,3.3798,3.3763,3.3798,6
2026-06-01 06:05:00,3.3753,3.3753,3.3753,3.3753,3.3803,3.3803,3.3803,3.3803,1
2026-06-01 06:08:00,3.3763,3.3798,3.3753,3.3793,3.3813,3.3848,3.3803,3.3843,16
2026-06-01 06:09:00,3.3798,3.3798,3.3793,3.3793,3.3848,3.3848,3.3843,3.3843,4
2026-06-01 06:10:00,3.3798,3.3808,3.3793,3.3808,3.3848,3.3858,3.3843,3.3858,8
2026-06-01 06:11:00,3.3803,3.3813,3.3803,3.3808,3.3853,3.3863,3.3853,3.3858,7
2026-06-01 06:12:00,3.3803,3.3823,3.3803,3.3813,3.3853,3.3873,3.3853,3.3863,5
2026-06-01 06:13:00,3.3823,3.3843,3.3823,3.3843,3.3873,3.3893,3.3873,3.3893,3
2026-06-01 06:14:00,3.3848,3.3863,3.3843,3.3863,3.3898,3.3913,3.3893,3.3913,6
2026-06-01 06:15:00,3.3873,3.3883,3.3873,3.3883,3.3923,3.3933,3.3923,3.3933,4
2026-06-01 06:17:00,3.3893,3.3893,3.3873,3.3883,3.3943,3.3943,3.3923,3.3933,6
2026-06-01 06:18:00,3.3893,3.3893,3.3883,3.3883,3.3943,3.3943,3.3933,3.3933,4
2026-06-01 06:19:00,3.3893,3.3913,3.3893,3.3898,3.3943,3.3963,3.3943,3.3948,14
2026-06-01 06:20:00,3.3893,3.3903,3.3793,3.3793,3.3943,3.3953,3.3843,3.3843,48
2026-06-01 06:21:00,3.3783,3.3843,3.3783,3.3843,3.3833,3.3893,3.3833,3.3893,12
2026-06-01 06:22:00,3.3853,3.3858,3.3843,3.3853,3.3903,3.3908,3.3893,3.3903,8
2026-06-01 06:23:00,3.3843,3.3843,3.3843,3.3843,3.3893,3.3893,3.3893,3.3893,1
2026-06-01 06:24:00,3.3848,3.3848,3.3843,3.3843,3.3898,3.3898,3.3893,3.3893,2
2026-06-01 06:25:00,3.3848,3.3848,3.3808,3.3813,3.3898,3.3898,3.3858,3.3863,11
2026-06-01 06:26:00,3.3823,3.3823,3.3788,3.3788,3.3873,3.3873,3.3838,3.3838,7
2026-06-01 06:27:00,3.3793,3.3793,3.3783,3.3783,3.3843,3.3843,3.3833,3.3833,4
2026-06-01 06:28:00,3.3773,3.3773,3.3748,3.3758,3.3823,3.3823,3.3798,3.3808,11
2026-06-01 06:29:00,3.3763,3.3778,3.3763,3.3773,3.3813,3.3828,3.3813,3.3823,4
2026-06-01 06:30:00,3.3763,3.3773,3.3758,3.3773,3.3813,3.3823,3.3808,3.3823,4
2026-06-01 06:31:00,3.3783,3.3783,3.3783,3.3783,3.3833,3.3833,3.3833,3.3833,1
2026-06-01 06:33:00,3.3778,3.3783,3.3753,3.3753,3.3828,3.3833,3.3803,3.3803,6
2026-06-01 06:34:00,3.3758,3.3778,3.3758,3.3773,3.3808,3.3828,3.3808,3.3823,5
2026-06-01 06:36:00,3.3778,3.3783,3.3773,3.3773,3.3828,3.3833,3.3823,3.3823,3
2026-06-01 06:37:00,3.3768,3.3773,3.3768,3.3773,3.3818,3.3823,3.3818,3.3823,2
2026-06-01 06:38:00,3.3778,3.3783,3.3773,3.3778,3.3828,3.3833,3.3823,3.3828,4
2026-06-01 06:39:00,3.3773,3.3773,3.3763,3.3763,3.3823,3.3823,3.3813,3.3813,2
2026-06-01 06:40:00,3.3753,3.3753,3.3738,3.3738,3.3803,3.3803,3.3788,3.3788,8
2026-06-01 06:41:00,3.3743,3.3753,3.3733,3.3753,3.3793,3.3803,3.3783,3.3803,6
2026-06-01 06:42:00,3.3748,3.3748,3.3693,3.3703,3.3798,3.3798,3.3743,3.3753,12
2026-06-01 06:43:00,3.3698,3.3698,3.3663,3.3688,3.3748,3.3748,3.3713,3.3738,27
2026-06-01 06:44:00,3.3693,3.3693,3.3673,3.3683,3.3743,3.3743,3.3723,3.3733,5
2026-06-01 06:45:00,3.3688,3.3688,3.3678,3.3678,3.3738,3.3738,3.3728,3.3728,5
2026-06-01 06:46:00,3.3683,3.3698,3.3683,3.3693,3.3733,3.3748,3.3733,3.3743,4
2026-06-01 06:47:00,3.3703,3.3713,3.3698,3.3703,3.3753,3.3763,3.3748,3.3753,7
2026-06-01 06:48:00,3.3708,3.3708,3.3683,3.3683,3.3758,3.3758,3.3733,3.3733,3
2026-06-01 06:49:00,3.3693,3.3693,3.3683,3.3683,3.3743,3.3743,3.3733,3.3733,2
2026-06-01 06:53:00,3.3688,3.3688,3.3628,3.3628,3.3738,3.3738,3.3678,3.3678,12
2026-06-01 06:54:00,3.3623,3.3623,3.3618,3.3623,3.3673,3.3673,3.3668,3.3673,5
2026-06-01 06:55:00,3.3618,3.3673,3.3618,3.3663,3.3668,3.3723,3.3668,3.3713,21
2026-06-01 06:56:00,3.3653,3.3653,3.3643,3.3643,3.3703,3.3703,3.3693,3.3693,2
2026-06-01 06:57:00,3.3633,3.3643,3.3633,3.3638,3.3683,3.3693,3.3683,3.3688,3
2026-06-01 06:58:00,3.3643,3.3643,3.3628,3.3628,3.3693,3.3693,3.3678,3.3678,3
2026-06-01 07:00:00,3.3633,3.3633,3.3633,3.3633,3.3683,3.3683,3.3683,3.3683,1
2026-06-01 07:03:00,3.3643,3.3658,3.3633,3.3638,3.3693,3.3708,3.3683,3.3688,8
2026-06-01 07:04:00,3.3633,3.3633,3.3553,3.3573,3.3683,3.3683,3.3603,3.3623,34
2026-06-01 07:05:00,3.3568,3.3573,3.3558,3.3573,3.3618,3.3623,3.3608,3.3623,9
2026-06-01 07:06:00,3.3563,3.3573,3.3558,3.3568,3.3613,3.3623,3.3608,3.3618,7
2026-06-01 07:07:00,3.3553,3.3568,3.3553,3.3568,3.3603,3.3618,3.3603,3.3618,4
2026-06-01 07:08:00,3.3573,3.3573,3.3563,3.3573,3.3623,3.3623,3.3613,3.3623,4
2026-06-01 07:10:00,3.3583,3.3603,3.3573,3.3583,3.3633,3.3653,3.3623,3.3633,13
2026-06-01 07:11:00,3.3578,3.3603,3.3578,3.3603,3.3628,3.3653,3.3628,3.3653,5
2026-06-01 07:13:00,3.3613,3.3633,3.3613,3.3633,3.3663,3.3683,3.3663,3.3683,10
2026-06-01 07:14:00,3.3638,3.3643,3.3633,3.3638,3.3688,3.3693,3.3683,3.3688,5
2026-06-01 07:15:00,3.3643,3.3643,3.3643,3.3643,3.3693,3.3693,3.3693,3.3693,1
2026-06-01 07:17:00,3.3633,3.3688,3.3633,3.3688,3.3683,3.3738,3.3683,3.3738,10
2026-06-01 07:18:00,3.3683,3.3683,3.3653,3.3663,3.3733,3.3733,3.3703,3.3713,6
2026-06-01 07:24:00,3.3703,3.3763,3.3703,3.3753,3.3753,3.3813,3.3753,3.3803,26
2026-06-01 07:25:00,3.3748,3.3753,3.3748,3.3753,3.3798,3.3803,3.3798,3.3803,2
2026-06-01 07:26:00,3.3743,3.3793,3.3743,3.3783,3.3793,3.3843,3.3793,3.3833,15
2026-06-01 07:27:00,3.3803,3.3803,3.3743,3.3763,3.3853,3.3853,3.3793,3.3813,12
2026-06-01 07:28:00,3.3768,3.3778,3.3768,3.3773,3.3818,3.3828,3.3818,3.3823,3
2026-06-01 07:29:00,3.3778,3.3778,3.3768,3.3773,3.3828,3.3828,3.3818,3.3823,4
2026-06-01 07:30:00,3.3783,3.3783,3.3783,3.3783,3.3833,3.3833,3.3833,3.3833,1
2026-06-01 07:33:00,3.3778,3.3778,3.3758,3.3773,3.3828,3.3828,3.3808,3.3823,6
2026-06-01 07:34:00,3.3783,3.3783,3.3773,3.3773,3.3833,3.3833,3.3823,3.3823,3
2026-06-01 07:35:00,3.3763,3.3763,3.3753,3.3753,3.3813,3.3813,3.3803,3.3803,5
2026-06-01 07:36:00,3.3763,3.3768,3.3763,3.3763,3.3813,3.3818,3.3813,3.3813,7
2026-06-01 07:37:00,3.3758,3.3758,3.3723,3.3723,3.3808,3.3808,3.3773,3.3773,8
2026-06-01 07:40:00,3.3733,3.3733,3.3723,3.3733,3.3783,3.3783,3.3773,3.3783,3
2026-06-01 07:41:00,3.3728,3.3743,3.3723,3.3738,3.3778,3.3793,3.3773,3.3788,9
2026-06-01 07:42:00,3.3733,3.3738,3.3733,3.3738,3.3783,3.3788,3.3783,3.3788,2
2026-06-01 07:43:00,3.3733,3.3738,3.3733,3.3733,3.3783,3.3788,3.3783,3.3783,3
2026-06-01 07:45:00,3.3743,3.3763,3.3743,3.3763,3.3793,3.3813,3.3793,3.3813,6
2026-06-01 07:47:00,3.3773,3.3773,3.3773,3.3773,3.3823,3.3823,3.3823,3.3823,1
2026-06-01 07:49:00,3.3783,3.3783,3.3783,3.3783,3.3833,3.3833,3.3833,3.3833,1
2026-06-01 07:50:00,3.3793,3.3798,3.3793,3.3793,3.3843,3.3848,3.3843,3.3843,3
2026-06-01 07:51:00,3.3783,3.3783,3.3758,3.3768,3.3833,3.3833,3.3808,3.3818,6
2026-06-01 07:52:00,3.3763,3.3768,3.3758,3.3768,3.3813,3.3818,3.3808,3.3818,5
2026-06-01 07:53:00,3.3758,3.3758,3.3733,3.3743,3.3808,3.3808,3.3783,3.3793,5
2026-06-01 07:54:00,3.3738,3.3738,3.3733,3.3733,3.3788,3.3788,3.3783,3.3783,4
2026-06-01 07:55:00,3.3723,3.3723,3.3723,3.3723,3.3773,3.3773,3.3773,3.3773,1
2026-06-01 07:56:00,3.3733,3.3738,3.3728,3.3733,3.3783,3.3788,3.3778,3.3783,4
2026-06-01 07:57:00,3.3738,3.3738,3.3723,3.3728,3.3788,3.3788,3.3773,3.3778,6
2026-06-01 07:58:00,3.3733,3.3748,3.3728,3.3748,3.3783,3.3798,3.3778,3.3798,5
2026-06-01 07:59:00,3.3753,3.3763,3.3743,3.3758,3.3803,3.3813,3.3793,3.3808,8
2026-06-01 08:00:00,3.3753,3.3803,3.3753,3.3763,3.3803,3.3853,3.3803,3.3813,13
2026-06-01 08:01:00,3.3753,3.3758,3.3733,3.3758,3.3803,3.3808,3.3783,3.3808,11
2026-06-01 08:02:00,3.3763,3.3763,3.3753,3.3753,3.3813,3.3813,3.3803,3.3803,4
2026-06-01 08:03:00,3.3758,3.3763,3.3748,3.3753,3.3808,3.3813,3.3798,3.3803,7
2026-06-01 08:05:00,3.3748,3.3763,3.3748,3.3763,3.3798,3.3813,3.3798,3.3813,7
2026-06-01 08:06:00,3.3758,3.3783,3.3753,3.3773,3.3808,3.3833,3.3803,3.3823,8
2026-06-01 08:07:00,3.3763,3.3778,3.3763,3.3778,3.3813,3.3828,3.3813,3.3828,6
2026-06-01 08:08:00,3.3773,3.3783,3.3773,3.3783,3.3823,3.3833,3.3823,3.3833,2
2026-06-01 08:09:00,3.3773,3.3783,3.3773,3.3783,3.3823,3.3833,3.3823,3.3833,6
2026-06-01 08:10:00,3.3793,3.3843,3.3793,3.3823,3.3843,3.3893,3.3843,3.3873,14
2026-06-01 08:11:00,3.3828,3.3843,3.3823,3.3843,3.3878,3.3893,3.3873,3.3893,14
2026-06-01 08:12:00,3.3833,3.3843,3.3823,3.3823,3.3883,3.3893,3.3873,3.3873,6
2026-06-01 08:13:00,3.3833,3.3873,3.3833,3.3863,3.3883,3.3923,3.3883,3.3913,8
2026-06-01 08:14:00,3.3853,3.3863,3.3853,3.3858,3.3903,3.3913,3.3903,3.3908,6
2026-06-01 08:15:00,3.3853,3.3883,3.3853,3.3878,3.3903,3.3933,3.3903,3.3928,12
2026-06-01 08:16:00,3.3883,3.3888,3.3883,3.3883,3.3933,3.3938,3.3933,3.3933,3
2026-06-01 08:17:00,3.3888,3.3888,3.3883,3.3883,3.3938,3.3938,3.3933,3.3933,4
2026-06-01 08:18:00,3.3873,3.3903,3.3873,3.3893,3.3923,3.3953,3.3923,3.3943,14
2026-06-01 08:19:00,3.3883,3.3893,3.3883,3.3883,3.3933,3.3943,3.3933,3.3933,5
2026-06-01 08:20:00,3.3893,3.3893,3.3873,3.3878,3.3943,3.3943,3.3923,3.3928,7
2026-06-01 08:21:00,3.3883,3.3883,3.3853,3.3853,3.3933,3.3933,3.3903,3.3903,5
2026-06-01 08:22:00,3.3848,3.3868,3.3833,3.3853,3.3898,3.3918,3.3883,3.3903,16
2026-06-01 08:23:00,3.3863,3.3863,3.3833,3.3843,3.3913,3.3913,3.3883,3.3893,9
2026-06-01 08:24:00,3.3853,3.3853,3.3853,3.3853,3.3903,3.3903,3.3903,3.3903,1
2026-06-01 08:25:00,3.3843,3.3843,3.3828,3.3833,3.3893,3.3893,3.3878,3.3883,4
2026-06-01 08:27:00,3.3823,3.3843,3.3823,3.3823,3.3873,3.3893,3.3873,3.3873,8
2026-06-01 08:29:00,3.3833,3.3833,3.3833,3.3833,3.3883,3.3883,3.3883,3.3883,1
2026-06-01 08:30:00,3.3823,3.3833,3.3823,3.3833,3.3873,3.3883,3.3873,3.3883,2
2026-06-01 08:31:00,3.3828,3.3863,3.3828,3.3863,3.3878,3.3913,3.3878,3.3913,6
2026-06-01 08:32:00,3.3848,3.3853,3.3848,3.3853,3.3898,3.3903,3.3898,3.3903,2
2026-06-01 08:33:00,3.3843,3.3853,3.3843,3.3853,3.3893,3.3903,3.3893,3.3903,5
2026-06-01 08:34:00,3.3858,3.3873,3.3858,3.3873,3.3908,3.3923,3.3908,3.3923,10
2026-06-01 08:35:00,3.3863,3.3863,3.3853,3.3863,3.3913,3.3913,3.3903,3.3913,3
2026-06-01 08:36:00,3.3858,3.3863,3.3853,3.3863,3.3908,3.3913,3.3903,3.3913,9
2026-06-01 08:37:00,3.3853,3.3853,3.3843,3.3843,3.3903,3.3903,3.3893,3.3893,2
2026-06-01 08:39:00,3.3838,3.3843,3.3838,3.3843,3.3888,3.3893,3.3888,3.3893,2
2026-06-01 08:40:00,3.3853,3.3853,3.3853,3.3853,3.3903,3.3903,3.3903,3.3903,1
2026-06-01 08:41:00,3.3858,3.3873,3.3858,3.3863,3.3908,3.3923,3.3908,3.3913,5
2026-06-01 08:42:00,3.3858,3.3863,3.3853,3.3863,3.3908,3.3913,3.3903,3.3913,8
2026-06-01 08:44:00,3.3873,3.3873,3.3873,3.3873,3.3923,3.3923,3.3923,3.3923,1
2026-06-01 08:45:00,3.3883,3.3903,3.3863,3.3863,3.3933,3.3953,3.3913,3.3913,16
2026-06-01 08:46:00,3.3873,3.3873,3.3843,3.3858,3.3923,3.3923,3.3893,3.3908,16
2026-06-01 08:47:00,3.3863,3.3873,3.3853,3.3858,3.3913,3.3923,3.3903,3.3908,16
2026-06-01 08:48:00,3.3853,3.3853,3.3823,3.3823,3.3903,3.3903,3.3873,3.3873,6
2026-06-01 08:49:00,3.3813,3.3833,3.3813,3.3833,3.3863,3.3883,3.3863,3.3883,4
2026-06-01 08:50:00,3.3828,3.3843,3.3823,3.3833,3.3878,3.3893,3.3873,3.3883,9
2026-06-01 08:51:00,3.3838,3.3853,3.3838,3.3853,3.3888,3.3903,3.3888,3.3903,2
2026-06-01 08:52:00,3.3843,3.3843,3.3833,3.3833,3.3893,3.3893,3.3883,3.3883,4
2026-06-01 08:53:00,3.3838,3.3838,3.3833,3.3833,3.3888,3.3888,3.3883,3.3883,2
2026-06-01 08:54:00,3.3838,3.3843,3.3833,3.3838,3.3888,3.3893,3.3883,3.3888,7
2026-06-01 08:55:00,3.3843,3.3843,3.3813,3.3818,3.3893,3.3893,3.3863,3.3868,8
2026-06-01 08:56:00,3.3813,3.3813,3.3798,3.3803,3.3863,3.3863,3.3848,3.3853,4
2026-06-01 08:57:00,3.3808,3.3853,3.3808,3.3853,3.3858,3.3903,3.3858,3.3903,5
2026-06-01 08:58:00,3.3843,3.3843,3.3828,3.3833,3.3893,3.3893,3.3878,3.3883,6
2026-06-01 08:59:00,3.3823,3.3823,3.3813,3.3818,3.3873,3.3873,3.3863,3.3868,3
2026-06-01 09:00:00,3.3813,3.3833,3.3813,3.3828,3.3863,3.3883,3.3863,3.3878,15
2026-06-01 09:01:00,3.3823,3.3823,3.3783,3.3803,3.3873,3.3873,3.3833,3.3853,9
2026-06-01 09:02:00,3.3808,3.3833,3.3803,3.3823,3.3858,3.3883,3.3853,3.3873,7
2026-06-01 09:03:00,3.3833,3.3833,3.3783,3.3803,3.3883,3.3883,3.3833,3.3853,11
2026-06-01 09:04:00,3.3808,3.3813,3.3803,3.3803,3.3858,3.3863,3.3853,3.3853,3
2026-06-01 09:05:00,3.3788,3.3813,3.3788,3.3813,3.3838,3.3863,3.3838,3.3863,5
2026-06-01 09:06:00,3.3823,3.3823,3.3813,3.3823,3.3873,3.3873,3.3863,3.3873,3
2026-06-01 09:07:00,3.3828,3.3833,3.3813,3.3813,3.3878,3.3883,3.3863,3.3863,4
2026-06-01 09:09:00,3.3818,3.3818,3.3818,3.3818,3.3868,3.3868,3.3868,3.3868,1
2026-06-01 09:10:00,3.3823,3.3833,3.3793,3.3803,3.3873,3.3883,3.3843,3.3853,14
2026-06-01 09:12:00,3.3813,3.3853,3.3803,3.3813,3.3863,3.3903,3.3853,3.3863,22
2026-06-01 09:13:00,3.3823,3.3843,3.3823,3.3838,3.3873,3.3893,3.3873,3.3888,7
2026-06-01 09:14:00,3.3843,3.3893,3.3843,3.3883,3.3893,3.3943,3.3893,3.3933,9
2026-06-01 09:15:00,3.3873,3.3873,3.3853,3.3858,3.3923,3.3923,3.3903,3.3908,9
2026-06-01 09:16:00,3.3863,3.3863,3.3863,3.3863,3.3913,3.3913,3.3913,3.3913,1
2026-06-01 09:17:00,3.3873,3.3873,3.3823,3.3833,3.3923,3.3923,3.3873,3.3883,24
2026-06-01 09:18:00,3.3843,3.3853,3.3833,3.3853,3.3893,3.3903,3.3883,3.3903,6
2026-06-01 09:20:00,3.3863,3.4023,3.3863,3.4003,3.3913,3.4073,3.3913,3.4053,75
2026-06-01 09:21:00,3.4008,3.4013,3.3963,3.3973,3.4058,3.4063,3.4013,3.4023,13
2026-06-01 09:22:00,3.3983,3.3993,3.3983,3.3993,3.4033,3.4043,3.4033,3.4043,7
2026-06-01 09:23:00,3.3998,3.4013,3.3983,3.4003,3.4048,3.4063,3.4033,3.4053,12
2026-06-01 09:24:00,3.3998,3.4033,3.3983,3.3993,3.4048,3.4083,3.4033,3.4043,15
2026-06-01 09:25:00,3.4003,3.4003,3.3983,3.3988,3.4053,3.4053,3.4033,3.4038,8
2026-06-01 09:26:00,3.3983,3.3998,3.3963,3.3998,3.4033,3.4048,3.4013,3.4048,8
2026-06-01 09:27:00,3.3993,3.3993,3.3993,3.3993,3.4043,3.4043,3.4043,3.4043,1
2026-06-01 09:28:00,3.4003,3.4023,3.3998,3.4013,3.4053,3.4073,3.4048,3.4063,6
2026-06-01 09:29:00,3.4003,3.4013,3.3968,3.3993,3.4053,3.4063,3.4018,3.4043,28
2026-06-01 09:30:00,3.3988,3.4003,3.3988,3.4003,3.4038,3.4053,3.4038,3.4053,6
2026-06-01 09:32:00,3.3993,3.3993,3.3983,3.3993,3.4043,3.4043,3.4033,3.4043,3
2026-06-01 09:33:00,3.3983,3.3993,3.3983,3.3993,3.4033,3.4043,3.4033,3.4043,3
2026-06-01 09:34:00,3.4003,3.4013,3.4003,3.4013,3.4053,3.4063,3.4053,3.4063,9
2026-06-01 09:35:00,3.4008,3.4008,3.4003,3.4003,3.4058,3.4058,3.4053,3.4053,2
2026-06-01 09:36:00,3.4008,3.4008,3.3983,3.3983,3.4058,3.4058,3.4033,3.4033,14
2026-06-01 09:37:00,3.3988,3.3988,3.3983,3.3983,3.4038,3.4038,3.4033,3.4033,2
2026-06-01 09:38:00,3.3978,3.4013,3.3963,3.4003,3.4028,3.4063,3.4013,3.4053,13
2026-06-01 09:39:00,3.4013,3.4033,3.4003,3.4013,3.4063,3.4083,3.4053,3.4063,18
2026-06-01 09:40:00,3.4018,3.4033,3.3973,3.3993,3.4068,3.4083,3.4023,3.4043,13
2026-06-01 09:41:00,3.3983,3.3998,3.3963,3.3988,3.4033,3.4048,3.4013,3.4038,30
2026-06-01 09:42:00,3.3983,3.3983,3.3963,3.3963,3.4033,3.4033,3.4013,3.4013,7
2026-06-01 09:43:00,3.3973,3.3973,3.3948,3.3963,3.4023,3.4023,3.3998,3.4013,10
2026-06-01 09:45:00,3.3973,3.3973,3.3963,3.3963,3.4023,3.4023,3.4013,3.4013,6
2026-06-01 09:46:00,3.3973,3.3993,3.3973,3.3978,3.4023,3.4043,3.4023,3.4028,9
2026-06-01 09:47:00,3.3973,3.4003,3.3973,3.4003,3.4023,3.4053,3.4023,3.4053,7
2026-06-01 09:48:00,3.3993,3.3998,3.3993,3.3993,3.4043,3.4048,3.4043,3.4043,5
2026-06-01 09:49:00,3.3998,3.4003,3.3993,3.3993,3.4048,3.4053,3.4043,3.4043,8
2026-06-01 09:50:00,3.3983,3.3988,3.3953,3.3963,3.4033,3.4038,3.4003,3.4013,13
2026-06-01 09:52:00,3.3973,3.3973,3.3938,3.3938,3.4023,3.4023,3.3988,3.3988,5
2026-06-01 09:53:00,3.3943,3.3953,3.3938,3.3953,3.3993,3.4003,3.3988,3.4003,5
2026-06-01 09:55:00,3.3943,3.3943,3.3898,3.3903,3.3993,3.3993,3.3948,3.3953,15
2026-06-01 09:56:00,3.3908,3.3908,3.3903,3.3903,3.3958,3.3958,3.3953,3.3953,2
2026-06-01 09:57:00,3.3913,3.3913,3.3903,3.3908,3.3963,3.3963,3.3953,3.3958,5
2026-06-01 09:58:00,3.3913,3.3913,3.3888,3.3888,3.3963,3.3963,3.3938,3.3938,5
2026-06-01 09:59:00,3.3893,3.3893,3.3883,3.3883,3.3943,3.3943,3.3933,3.3933,9
2026-06-01 10:00:00,3.3888,3.3888,3.3883,3.3883,3.3938,3.3938,3.3933,3.3933,6
2026-06-01 10:01:00,3.3893,3.3893,3.3873,3.3873,3.3943,3.3943,3.3923,3.3923,7
2026-06-01 10:03:00,3.3863,3.3873,3.3863,3.3863,3.3913,3.3923,3.3913,3.3913,3
2026-06-01 10:04:00,3.3853,3.3893,3.3823,3.3883,3.3903,3.3943,3.3873,3.3933,31
2026-06-01 10:05:00,3.3888,3.3903,3.3883,3.3883,3.3938,3.3953,3.3933,3.3933,5
2026-06-01 10:06:00,3.3873,3.3883,3.3863,3.3863,3.3923,3.3933,3.3913,3.3913,6
2026-06-01 10:07:00,3.3853,3.3863,3.3853,3.3853,3.3903,3.3913,3.3903,3.3903,3
2026-06-01 10:08:00,3.3848,3.3863,3.3848,3.3863,3.3898,3.3913,3.3898,3.3913,6
2026-06-01 10:09:00,3.3853,3.3863,3.3853,3.3863,3.3903,3.3913,3.3903,3.3913,3
2026-06-01 10:10:00,3.3853,3.3863,3.3853,3.3863,3.3903,3.3913,3.3903,3.3913,2
2026-06-01 10:11:00,3.3853,3.3863,3.3853,3.3863,3.3903,3.3913,3.3903,3.3913,2
2026-06-01 10:12:00,3.3853,3.3873,3.3853,3.3873,3.3903,3.3923,3.3903,3.3923,7
2026-06-01 10:13:00,3.3863,3.3863,3.3848,3.3853,3.3913,3.3913,3.3898,3.3903,7
2026-06-01 10:15:00,3.3858,3.3863,3.3843,3.3853,3.3908,3.3913,3.3893,3.3903,7
2026-06-01 10:16:00,3.3863,3.3863,3.3853,3.3853,3.3913,3.3913,3.3903,3.3903,3
2026-06-01 10:18:00,3.3863,3.3873,3.3853,3.3863,3.3913,3.3923,3.3903,3.3913,13
2026-06-01 10:19:00,3.3868,3.3873,3.3868,3.3873,3.3918,3.3923,3.3918,3.3923,2
2026-06-01 10:21:00,3.3863,3.3863,3.3823,3.3828,3.3913,3.3913,3.3873,3.3878,13
2026-06-01 10:22:00,3.3833,3.3833,3.3833,3.3833,3.3883,3.3883,3.3883,3.3883,1
2026-06-01 10:25:00,3.3828,3.3828,3.3818,3.3823,3.3878,3.3878,3.3868,3.3873,4
2026-06-01 10:29:00,3.3813,3.3828,3.3813,3.3828,3.3863,3.3878,3.3863,3.3878,4
2026-06-01 10:30:00,3.3823,3.3833,3.3803,3.3813,3.3873,3.3883,3.3853,3.3863,16
2026-06-01 10:31:00,3.3823,3.3833,3.3793,3.3793,3.3873,3.3883,3.3843,3.3843,10
2026-06-01 10:32:00,3.3798,3.3803,3.3793,3.3793,3.3848,3.3853,3.3843,3.3843,3
2026-06-01 10:33:00,3.3783,3.3793,3.3783,3.3783,3.3833,3.3843,3.3833,3.3833,5
2026-06-01 10:34:00,3.3778,3.3778,3.3763,3.3773,3.3828,3.3828,3.3813,3.3823,12
2026-06-01 10:35:00,3.3763,3.3763,3.3763,3.3763,3.3813,3.3813,3.3813,3.3813,1
2026-06-01 10:36:00,3.3768,3.3783,3.3768,3.3783,3.3818,3.3833,3.3818,3.3833,9
2026-06-01 10:37:00,3.3793,3.3833,3.3793,3.3833,3.3843,3.3883,3.3843,3.3883,9
2026-06-01 10:38:00,3.3823,3.3833,3.3803,3.3803,3.3873,3.3883,3.3853,3.3853,8
2026-06-01 10:39:00,3.3813,3.3813,3.3813,3.3813,3.3863,3.3863,3.3863,3.3863,1
2026-06-01 10:40:00,3.3818,3.3823,3.3813,3.3813,3.3868,3.3873,3.3863,3.3863,6
2026-06-01 10:41:00,3.3823,3.3823,3.3813,3.3813,3.3873,3.3873,3.3863,3.3863,6
2026-06-01 10:43:00,3.3818,3.3823,3.3808,3.3823,3.3868,3.3873,3.3858,3.3873,7
2026-06-01 10:45:00,3.3813,3.3823,3.3813,3.3813,3.3863,3.3873,3.3863,3.3863,6
2026-06-01 10:46:00,3.3823,3.3838,3.3793,3.3803,3.3873,3.3888,3.3843,3.3853,22
2026-06-01 10:47:00,3.3793,3.3793,3.3773,3.3793,3.3843,3.3843,3.3823,3.3843,7
2026-06-01 10:48:00,3.3803,3.3803,3.3803,3.3803,3.3853,3.3853,3.3853,3.3853,1
2026-06-01 10:49:00,3.3813,3.3813,3.3783,3.3783,3.3863,3.3863,3.3833,3.3833,5
2026-06-01 10:50:00,3.3773,3.3773,3.3703,3.3703,3.3823,3.3823,3.3753,3.3753,16
2026-06-01 10:51:00,3.3698,3.3703,3.3663,3.3673,3.3748,3.3753,3.3713,3.3723,27
2026-06-01 10:52:00,3.3683,3.3683,3.3673,3.3678,3.3733,3.3733,3.3723,3.3728,8
2026-06-01 10:53:00,3.3683,3.3703,3.3638,3.3643,3.3733,3.3753,3.3688,3.3693,19
2026-06-01 10:54:00,3.3648,3.3653,3.3643,3.3653,3.3698,3.3703,3.3693,3.3703,5
2026-06-01 10:55:00,3.3663,3.3663,3.3643,3.3643,3.3713,3.3713,3.3693,3.3693,7
2026-06-01 10:56:00,3.3653,3.3653,3.3623,3.3623,3.3703,3.3703,3.3673,3.3673,6
2026-06-01 10:57:00,3.3628,3.3643,3.3623,3.3643,3.3678,3.3693,3.3673,3.3693,7
2026-06-01 10:58:00,3.3653,3.3663,3.3643,3.3653,3.3703,3.3713,3.3693,3.3703,9
2026-06-01 10:59:00,3.3658,3.3663,3.3658,3.3658,3.3708,3.3713,3.3708,3.3708,7
2026-06-01 11:00:00,3.3653,3.3673,3.3653,3.3663,3.3703,3.3723,3.3703,3.3713,16
2026-06-01 11:01:00,3.3653,3.3663,3.3633,3.3638,3.3703,3.3713,3.3683,3.3688,19
2026-06-01 11:02:00,3.3643,3.3643,3.3623,3.3643,3.3693,3.3693,3.3673,3.3693,11
2026-06-01 11:03:00,3.3633,3.3658,3.3633,3.3653,3.3683,3.3708,3.3683,3.3703,7
2026-06-01 11:04:00,3.3658,3.3658,3.3643,3.3653,3.3708,3.3708,3.3693,3.3703,5
2026-06-01 11:06:00,3.3663,3.3663,3.3648,3.3663,3.3713,3.3713,3.3698,3.3713,7
2026-06-01 11:07:00,3.3673,3.3673,3.3633,3.3643,3.3723,3.3723,3.3683,3.3693,12
2026-06-01 11:09:00,3.3638,3.3658,3.3638,3.3653,3.3688,3.3708,3.3688,3.3703,8
2026-06-01 11:10:00,3.3648,3.3653,3.3638,3.3643,3.3698,3.3703,3.3688,3.3693,7
2026-06-01 11:11:00,3.3633,3.3648,3.3633,3.3643,3.3683,3.3698,3.3683,3.3693,6
2026-06-01 11:12:00,3.3648,3.3648,3.3643,3.3643,3.3698,3.3698,3.3693,3.3693,2
2026-06-01 11:13:00,3.3633,3.3633,3.3633,3.3633,3.3683,3.3683,3.3683,3.3683,1
2026-06-01 11:14:00,3.3643,3.3673,3.3638,3.3663,3.3693,3.3723,3.3688,3.3713,20
2026-06-01 11:15:00,3.3658,3.3663,3.3643,3.3653,3.3708,3.3713,3.3693,3.3703,8
2026-06-01 11:16:00,3.3648,3.3658,3.3648,3.3653,3.3698,3.3708,3.3698,3.3703,6
2026-06-01 11:18:00,3.3643,3.3653,3.3643,3.3653,3.3693,3.3703,3.3693,3.3703,6
2026-06-01 11:19:00,3.3648,3.3648,3.3648,3.3648,3.3698,3.3698,3.3698,3.3698,1
2026-06-01 11:20:00,3.3653,3.3658,3.3653,3.3653,3.3703,3.3708,3.3703,3.3703,3
2026-06-01 11:21:00,3.3663,3.3723,3.3663,3.3713,3.3713,3.3773,3.3713,3.3763,17
2026-06-01 11:22:00,3.3698,3.3698,3.3533,3.3583,3.3748,3.3748,3.3583,3.3633,51
2026-06-01 11:23:00,3.3593,3.3603,3.3583,3.3593,3.3643,3.3653,3.3633,3.3643,11
2026-06-01 11:24:00,3.3588,3.3603,3.3583,3.3593,3.3638,3.3653,3.3633,3.3643,6
2026-06-01 11:25:00,3.3588,3.3603,3.3503,3.3513,3.3638,3.3653,3.3553,3.3563,26
2026-06-01 11:26:00,3.3523,3.3543,3.3523,3.3528,3.3573,3.3593,3.3573,3.3578,9
2026-06-01 11:27:00,3.3538,3.3543,3.3523,3.3523,3.3588,3.3593,3.3573,3.3573,14
2026-06-01 11:28:00,3.3518,3.3523,3.3513,3.3523,3.3568,3.3573,3.3563,3.3573,6
2026-06-01 11:29:00,3.3533,3.3553,3.3533,3.3553,3.3583,3.3603,3.3583,3.3603,8
2026-06-01 11:30:00,3.3543,3.3543,3.3543,3.3543,3.3593,3.3593,3.3593,3.3593,1
2026-06-01 11:31:00,3.3538,3.3543,3.3533,3.3533,3.3588,3.3593,3.3583,3.3583,6
2026-06-01 11:32:00,3.3543,3.3573,3.3543,3.3548,3.3593,3.3623,3.3593,3.3598,9
2026-06-01 11:33:00,3.3553,3.3553,3.3553,3.3553,3.3603,3.3603,3.3603,3.3603,1
2026-06-01 11:35:00,3.3543,3.3563,3.3543,3.3558,3.3593,3.3613,3.3593,3.3608,4
2026-06-01 11:36:00,3.3553,3.3553,3.3533,3.3533,3.3603,3.3603,3.3583,3.3583,10
2026-06-01 11:37:00,3.3523,3.3523,3.3513,3.3523,3.3573,3.3573,3.3563,3.3573,4
2026-06-01 11:38:00,3.3513,3.3518,3.3508,3.3513,3.3563,3.3568,3.3558,3.3563,8
2026-06-01 11:39:00,3.3518,3.3523,3.3513,3.3518,3.3568,3.3573,3.3563,3.3568,8
2026-06-01 11:40:00,3.3523,3.3523,3.3513,3.3518,3.3573,3.3573,3.3563,3.3568,9
2026-06-01 11:41:00,3.3523,3.3533,3.3513,3.3513,3.3573,3.3583,3.3563,3.3563,11
2026-06-01 11:42:00,3.3518,3.3523,3.3493,3.3503,3.3568,3.3573,3.3543,3.3553,6
2026-06-01 11:43:00,3.3498,3.3503,3.3493,3.3503,3.3548,3.3553,3.3543,3.3553,8
2026-06-01 11:44:00,3.3498,3.3513,3.3493,3.3503,3.3548,3.3563,3.3543,3.3553,12
2026-06-01 11:45:00,3.3508,3.3523,3.3508,3.3513,3.3558,3.3573,3.3558,3.3563,6
2026-06-01 11:46:00,3.3518,3.3543,3.3518,3.3543,3.3568,3.3593,3.3568,3.3593,6
2026-06-01 11:47:00,3.3553,3.3563,3.3548,3.3558,3.3603,3.3613,3.3598,3.3608,6
2026-06-01 11:48:00,3.3553,3.3553,3.3553,3.3553,3.3603,3.3603,3.3603,3.3603,1
2026-06-01 11:49:00,3.3558,3.3563,3.3528,3.3543,3.3608,3.3613,3.3578,3.3593,11
2026-06-01 11:50:00,3.3553,3.3583,3.3543,3.3563,3.3603,3.3633,3.3593,3.3613,12
2026-06-01 11:51:00,3.3568,3.3583,3.3568,3.3583,3.3618,3.3633,3.3618,3.3633,8
2026-06-01 11:52:00,3.3573,3.3578,3.3573,3.3578,3.3623,3.3628,3.3623,3.3628,2
2026-06-01 11:53:00,3.3583,3.3583,3.3578,3.3578,3.3633,3.3633,3.3628,3.3628,2
2026-06-01 11:54:00,3.3583,3.3583,3.3563,3.3563,3.3633,3.3633,3.3613,3.3613,5
2026-06-01 11:55:00,3.3553,3.3553,3.3548,3.3548,3.3603,3.3603,3.3598,3.3598,2
2026-06-01 11:56:00,3.3553,3.3568,3.3553,3.3568,3.3603,3.3618,3.3603,3.3618,7
2026-06-01 11:57:00,3.3573,3.3573,3.3573,3.3573,3.3623,3.3623,3.3623,3.3623,1
2026-06-01 11:58:00,3.3563,3.3568,3.3558,3.3568,3.3613,3.3618,3.3608,3.3618,4
2026-06-01 11:59:00,3.3573,3.3573,3.3568,3.3568,3.3623,3.3623,3.3618,3.3618,2
2026-06-01 12:00:00,3.3573,3.3673,3.3573,3.3653,3.3623,3.3723,3.3623,3.3703,30
2026-06-01 12:01:00,3.3663,3.3663,3.3663,3.3663,3.3713,3.3713,3.3713,3.3713,1
2026-06-01 12:02:00,3.3673,3.3723,3.3673,3.3713,3.3723,3.3773,3.3723,3.3763,17
2026-06-01 12:03:00,3.3708,3.3723,3.3708,3.3718,3.3758,3.3773,3.3758,3.3768,12
2026-06-01 12:04:00,3.3713,3.3713,3.3693,3.3693,3.3763,3.3763,3.3743,3.3743,9
2026-06-01 12:05:00,3.3703,3.3743,3.3703,3.3733,3.3753,3.3793,3.3753,3.3783,23
2026-06-01 12:06:00,3.3728,3.3738,3.3643,3.3658,3.3778,3.3788,3.3693,3.3708,39
2026-06-01 12:07:00,3.3663,3.3708,3.3663,3.3698,3.3713,3.3758,3.3713,3.3748,17
2026-06-01 12:08:00,3.3693,3.3703,3.3688,3.3693,3.3743,3.3753,3.3738,3.3743,10
2026-06-01 12:09:00,3.3688,3.3698,3.3683,3.3683,3.3738,3.3748,3.3733,3.3733,4
2026-06-01 12:10:00,3.3673,3.3683,3.3663,3.3673,3.3723,3.3733,3.3713,3.3723,14
2026-06-01 12:11:00,3.3683,3.3683,3.3673,3.3673,3.3733,3.3733,3.3723,3.3723,2
2026-06-01 12:12:00,3.3663,3.3678,3.3613,3.3673,3.3713,3.3728,3.3663,3.3723,20
2026-06-01 12:14:00,3.3683,3.3683,3.3643,3.3648,3.3733,3.3733,3.3693,3.3698,10
2026-06-01 12:15:00,3.3643,3.3643,3.3583,3.3588,3.3693,3.3693,3.3633,3.3638,35
2026-06-01 12:16:00,3.3593,3.3593,3.3543,3.3563,3.3643,3.3643,3.3593,3.3613,14
2026-06-01 12:17:00,3.3573,3.3588,3.3563,3.3583,3.3623,3.3638,3.3613,3.3633,12
2026-06-01 12:18:00,3.3588,3.3593,3.3578,3.3593,3.3638,3.3643,3.3628,3.3643,7
2026-06-01 12:19:00,3.3603,3.3613,3.3598,3.3613,3.3653,3.3663,3.3648,3.3663,4
2026-06-01 12:20:00,3.3603,3.3653,3.3603,3.3653,3.3653,3.3703,3.3653,3.3703,18
2026-06-01 12:21:00,3.3643,3.3653,3.3643,3.3653,3.3693,3.3703,3.3693,3.3703,7
2026-06-01 12:22:00,3.3648,3.3673,3.3633,3.3633,3.3698,3.3723,3.3683,3.3683,18
2026-06-01 12:23:00,3.3623,3.3633,3.3613,3.3633,3.3673,3.3683,3.3663,3.3683,10
2026-06-01 12:24:00,3.3643,3.3643,3.3623,3.3628,3.3693,3.3693,3.3673,3.3678,9
2026-06-01 12:25:00,3.3623,3.3643,3.3623,3.3643,3.3673,3.3693,3.3673,3.3693,7
2026-06-01 12:26:00,3.3633,3.3633,3.3628,3.3633,3.3683,3.3683,3.3678,3.3683,3
2026-06-01 12:27:00,3.3628,3.3628,3.3603,3.3613,3.3678,3.3678,3.3653,3.3663,7
2026-06-01 12:28:00,3.3618,3.3623,3.3618,3.3623,3.3668,3.3673,3.3668,3.3673,2
2026-06-01 12:29:00,3.3613,3.3623,3.3613,3.3618,3.3663,3.3673,3.3663,3.3668,4
2026-06-01 12:30:00,3.3613,3.3638,3.3613,3.3628,3.3663,3.3688,3.3663,3.3678,6
2026-06-01 12:31:00,3.3633,3.3633,3.3593,3.3608,3.3683,3.3683,3.3643,3.3658,14
2026-06-01 12:32:00,3.3613,3.3613,3.3593,3.3598,3.3663,3.3663,3.3643,3.3648,5
2026-06-01 12:33:00,3.3603,3.3608,3.3593,3.3598,3.3653,3.3658,3.3643,3.3648,6
2026-06-01 12:34:00,3.3603,3.3603,3.3593,3.3593,3.3653,3.3653,3.3643,3.3643,7
2026-06-01 12:35:00,3.3588,3.3588,3.3588,3.3588,3.3638,3.3638,3.3638,3.3638,1
2026-06-01 12:36:00,3.3593,3.3603,3.3583,3.3603,3.3643,3.3653,3.3633,3.3653,5
2026-06-01 12:37:00,3.3598,3.3613,3.3553,3.3583,3.3648,3.3663,3.3603,3.3633,22
2026-06-01 12:38:00,3.3578,3.3593,3.3578,3.3593,3.3628,3.3643,3.3628,3.3643,7
2026-06-01 12:39:00,3.3583,3.3593,3.3568,3.3573,3.3633,3.3643,3.3618,3.3623,14
2026-06-01 12:40:00,3.3568,3.3573,3.3563,3.3573,3.3618,3.3623,3.3613,3.3623,8
2026-06-01 12:41:00,3.3583,3.3603,3.3583,3.3593,3.3633,3.3653,3.3633,3.3643,17
2026-06-01 12:42:00,3.3598,3.3598,3.3573,3.3593,3.3648,3.3648,3.3623,3.3643,13
2026-06-01 12:43:00,3.3583,3.3593,3.3583,3.3593,3.3633,3.3643,3.3633,3.3643,10
2026-06-01 12:44:00,3.3588,3.3593,3.3583,3.3588,3.3638,3.3643,3.3633,3.3638,4
2026-06-01 12:45:00,3.3583,3.3593,3.3573,3.3583,3.3633,3.3643,3.3623,3.3633,13
2026-06-01 12:46:00,3.3593,3.3613,3.3593,3.3613,3.3643,3.3663,3.3643,3.3663,8
2026-06-01 12:47:00,3.3603,3.3633,3.3598,3.3613,3.3653,3.3683,3.3648,3.3663,19
2026-06-01 12:48:00,3.3603,3.3603,3.3603,3.3603,3.3653,3.3653,3.3653,3.3653,1
2026-06-01 12:50:00,3.3598,3.3613,3.3598,3.3613,3.3648,3.3663,3.3648,3.3663,8
2026-06-01 12:51:00,3.3608,3.3613,3.3573,3.3608,3.3658,3.3663,3.3623,3.3658,16
2026-06-01 12:52:00,3.3613,3.3613,3.3603,3.3603,3.3663,3.3663,3.3653,3.3653,4
2026-06-01 12:53:00,3.3598,3.3598,3.3498,3.3503,3.3648,3.3648,3.3548,3.3553,35
2026-06-01 12:54:00,3.3498,3.3503,3.3423,3.3443,3.3548,3.3553,3.3473,3.3493,58
2026-06-01 12:55:00,3.3453,3.3473,3.3438,3.3443,3.3503,3.3523,3.3488,3.3493,19
2026-06-01 12:56:00,3.3448,3.3453,3.3438,3.3443,3.3498,3.3503,3.3488,3.3493,12
2026-06-01 12:57:00,3.3448,3.3463,3.3423,3.3463,3.3498,3.3513,3.3473,3.3513,13
2026-06-01 12:58:00,3.3473,3.3483,3.3453,3.3473,3.3523,3.3533,3.3503,3.3523,13
2026-06-01 12:59:00,3.3468,3.3493,3.3463,3.3483,3.3518,3.3543,3.3513,3.3533,15
2026-06-01 13:00:00,3.3478,3.3478,3.3433,3.3433,3.3528,3.3528,3.3483,3.3483,15
2026-06-01 13:01:00,3.3423,3.3443,3.3363,3.3383,3.3473,3.3493,3.3413,3.3433,29
2026-06-01 13:02:00,3.3378,3.3378,3.3333,3.3333,3.3428,3.3428,3.3383,3.3383,18
2026-06-01 13:03:00,3.3323,3.3383,3.3323,3.3373,3.3373,3.3433,3.3373,3.3423,19
2026-06-01 13:04:00,3.3363,3.3393,3.3363,3.3393,3.3413,3.3443,3.3413,3.3443,17
2026-06-01 13:05:00,3.3388,3.3403,3.3373,3.3403,3.3438,3.3453,3.3423,3.3453,12
2026-06-01 13:06:00,3.3408,3.3423,3.3388,3.3423,3.3458,3.3473,3.3438,3.3473,18
2026-06-01 13:07:00,3.3433,3.3433,3.3408,3.3413,3.3483,3.3483,3.3458,3.3463,11
2026-06-01 13:08:00,3.3408,3.3423,3.3403,3.3403,3.3458,3.3473,3.3453,3.3453,12
2026-06-01 13:09:00,3.3413,3.3413,3.3393,3.3403,3.3463,3.3463,3.3443,3.3453,9
2026-06-01 13:10:00,3.3398,3.3423,3.3398,3.3403,3.3448,3.3473,3.3448,3.3453,7
2026-06-01 13:11:00,3.3413,3.3473,3.3413,3.3453,3.3463,3.3523,3.3463,3.3503,15
2026-06-01 13:12:00,3.3443,3.3453,3.3423,3.3433,3.3493,3.3503,3.3473,3.3483,11
2026-06-01 13:13:00,3.3443,3.3443,3.3413,3.3418,3.3493,3.3493,3.3463,3.3468,9
2026-06-01 13:14:00,3.3423,3.3463,3.3423,3.3463,3.3473,3.3513,3.3473,3.3513,14
2026-06-01 13:15:00,3.3453,3.3458,3.3433,3.3433,3.3503,3.3508,3.3483,3.3483,5
2026-06-01 13:16:00,3.3443,3.3443,3.3423,3.3423,3.3493,3.3493,3.3473,3.3473,8
2026-06-01 13:17:00,3.3433,3.3443,3.3433,3.3443,3.3483,3.3493,3.3483,3.3493,5
2026-06-01 13:18:00,3.3433,3.3443,3.3433,3.3443,3.3483,3.3493,3.3483,3.3493,5
2026-06-01 13:19:00,3.3438,3.3438,3.3393,3.3413,3.3488,3.3488,3.3443,3.3463,13
2026-06-01 13:20:00,3.3408,3.3408,3.3353,3.3363,3.3458,3.3458,3.3403,3.3413,26
2026-06-01 13:21:00,3.3373,3.3443,3.3373,3.3413,3.3423,3.3493,3.3423,3.3463,23
2026-06-01 13:22:00,3.3403,3.3413,3.3403,3.3403,3.3453,3.3463,3.3453,3.3453,4
2026-06-01 13:23:00,3.3413,3.3413,3.3383,3.3393,3.3463,3.3463,3.3433,3.3443,12
2026-06-01 13:24:00,3.3403,3.3423,3.3393,3.3423,3.3453,3.3473,3.3443,3.3473,12
2026-06-01 13:25:00,3.3413,3.3438,3.3413,3.3433,3.3463,3.3488,3.3463,3.3483,7
2026-06-01 13:26:00,3.3423,3.3533,3.3423,3.3523,3.3473,3.3583,3.3473,3.3573,35
2026-06-01 13:27:00,3.3513,3.3513,3.3463,3.3493,3.3563,3.3563,3.3513,3.3543,34
2026-06-01 13:28:00,3.3488,3.3488,3.3438,3.3458,3.3538,3.3538,3.3488,3.3508,19
2026-06-01 13:29:00,3.3453,3.3493,3.3453,3.3488,3.3503,3.3543,3.3503,3.3538,25
2026-06-01 13:30:00,3.3483,3.3503,3.3358,3.3358,3.3533,3.3553,3.3408,3.3408,39
2026-06-01 13:31:00,3.3353,3.3393,3.3338,3.3378,3.3403,3.3443,3.3388,3.3428,20
2026-06-01 13:32:00,3.3383,3.3413,3.3378,3.3403,3.3433,3.3463,3.3428,3.3453,20
2026-06-01 13:33:00,3.3393,3.3413,3.3348,3.3373,3.3443,3.3463,3.3398,3.3423,29
2026-06-01 13:34:00,3.3368,3.3383,3.3363,3.3383,3.3418,3.3433,3.3413,3.3433,9
2026-06-01 13:35:00,3.3373,3.3403,3.3313,3.3318,3.3423,3.3453,3.3363,3.3368,23
2026-06-01 13:36:00,3.3323,3.3343,3.3318,3.3343,3.3373,3.3393,3.3368,3.3393,12
2026-06-01 13:37:00,3.3333,3.3333,3.3288,3.3293,3.3383,3.3383,3.3338,3.3343,37
2026-06-01 13:38:00,3.3283,3.3298,3.3223,3.3263,3.3333,3.3348,3.3273,3.3313,48
2026-06-01 13:39:00,3.3253,3.3293,3.3248,3.3248,3.3303,3.3343,3.3298,3.3298,28
2026-06-01 13:40:00,3.3243,3.3303,3.3233,3.3303,3.3293,3.3353,3.3283,3.3353,36
2026-06-01 13:41:00,3.3298,3.3343,3.3283,3.3343,3.3348,3.3393,3.3333,3.3393,23
2026-06-01 13:42:00,3.3333,3.3353,3.3163,3.3193,3.3383,3.3403,3.3213,3.3243,50
2026-06-01 13:43:00,3.3203,3.3273,3.3193,3.3268,3.3253,3.3323,3.3243,3.3318,21
2026-06-01 13:44:00,3.3273,3.3298,3.3258,3.3293,3.3323,3.3348,3.3308,3.3343,26
2026-06-01 13:45:00,3.3303,3.3343,3.3283,3.3323,3.3353,3.3393,3.3333,3.3373,20
2026-06-01 13:46:00,3.3313,3.3323,3.3303,3.3323,3.3363,3.3373,3.3353,3.3373,8
2026-06-01 13:47:00,3.3333,3.3333,3.3283,3.3293,3.3383,3.3383,3.3333,3.3343,18
2026-06-01 13:48:00,3.3283,3.3303,3.3273,3.3303,3.3333,3.3353,3.3323,3.3353,16
2026-06-01 13:49:00,3.3293,3.3343,3.3293,3.3343,3.3343,3.3393,3.3343,3.3393,13
2026-06-01 13:50:00,3.3333,3.3343,3.3193,3.3203,3.3383,3.3393,3.3243,3.3253,47
2026-06-01 13:51:00,3.3213,3.3283,3.3208,3.3283,3.3263,3.3333,3.3258,3.3333,36
2026-06-01 13:52:00,3.3293,3.3333,3.3288,3.3333,3.3343,3.3383,3.3338,3.3383,25
2026-06-01 13:53:00,3.3328,3.3333,3.3313,3.3318,3.3378,3.3383,3.3363,3.3368,14
2026-06-01 13:54:00,3.3313,3.3313,3.3293,3.3303,3.3363,3.3363,3.3343,3.3353,23
2026-06-01 13:55:00,3.3313,3.3313,3.3278,3.3278,3.3363,3.3363,3.3328,3.3328,11
2026-06-01 13:56:00,3.3273,3.3328,3.3258,3.3323,3.3323,3.3378,3.3308,3.3373,20
2026-06-01 13:57:00,3.3318,3.3333,3.3303,3.3323,3.3368,3.3383,3.3353,3.3373,19
2026-06-01 13:58:00,3.3313,3.3363,3.3303,3.3353,3.3363,3.3413,3.3353,3.3403,13
2026-06-01 13:59:00,3.3343,3.3353,3.3293,3.3303,3.3393,3.3403,3.3343,3.3353,22
2026-06-01 14:00:00,3.3293,3.3293,3.3133,3.3163,3.3343,3.3343,3.3183,3.3213,93
2026-06-01 14:01:00,3.3158,3.3203,3.3133,3.3133,3.3208,3.3253,3.3183,3.3183,44
2026-06-01 14:02:00,3.3143,3.3153,3.3133,3.3153,3.3193,3.3203,3.3183,3.3203,17
2026-06-01 14:03:00,3.3143,3.3173,3.3113,3.3173,3.3193,3.3223,3.3163,3.3223,38
2026-06-01 14:04:00,3.3163,3.3173,3.3143,3.3153,3.3213,3.3223,3.3193,3.3203,39
2026-06-01 14:05:00,3.3148,3.3193,3.3143,3.3183,3.3198,3.3243,3.3193,3.3233,41
2026-06-01 14:06:00,3.3178,3.3178,3.3123,3.3148,3.3228,3.3228,3.3173,3.3198,32
2026-06-01 14:07:00,3.3143,3.3183,3.3118,3.3138,3.3193,3.3233,3.3168,3.3188,41
2026-06-01 14:08:00,3.3133,3.3143,3.2993,3.3063,3.3183,3.3193,3.3043,3.3113,68
2026-06-01 14:09:00,3.3058,3.3083,3.3058,3.3073,3.3108,3.3133,3.3108,3.3123,35
2026-06-01 14:10:00,3.3083,3.3083,3.3073,3.3083,3.3133,3.3133,3.3123,3.3133,16
2026-06-01 14:11:00,3.3078,3.3103,3.3018,3.3038,3.3128,3.3153,3.3068,3.3088,62
2026-06-01 14:12:00,3.3033,3.3033,3.2993,3.3013,3.3083,3.3083,3.3043,3.3063,46
2026-06-01 14:13:00,3.2998,3.3063,3.2983,3.3033,3.3048,3.3113,3.3033,3.3083,85
2026-06-01 14:14:00,3.3028,3.3043,3.2983,3.2983,3.3078,3.3093,3.3033,3.3033,30
2026-06-01 14:15:00,3.2993,3.2993,3.2903,3.2913,3.3043,3.3043,3.2953,3.2963,79
2026-06-01 14:16:00,3.2908,3.2913,3.2833,3.2843,3.2958,3.2963,3.2883,3.2893,90
2026-06-01 14:17:00,3.2838,3.2883,3.2833,3.2843,3.2888,3.2933,3.2883,3.2893,34
2026-06-01 14:18:00,3.2833,3.2843,3.2773,3.2778,3.2883,3.2893,3.2823,3.2828,67
2026-06-01 14:19:00,3.2773,3.2823,3.2733,3.2743,3.2823,3.2873,3.2783,3.2793,69
2026-06-01 14:20:00,3.2738,3.2753,3.2623,3.2653,3.2788,3.2803,3.2673,3.2703,70
2026-06-01 14:21:00,3.2663,3.2673,3.2573,3.2653,3.2713,3.2723,3.2623,3.2703,61
2026-06-01 14:22:00,3.2648,3.2648,3.2363,3.2438,3.2698,3.2698,3.2413,3.2488,199
2026-06-01 14:23:00,3.2423,3.2473,3.2323,3.2373,3.2473,3.2523,3.2373,3.2423,134
2026-06-01 14:24:00,3.2368,3.2408,3.2278,3.2308,3.2418,3.2458,3.2328,3.2358,106
2026-06-01 14:25:00,3.2303,3.2323,3.2153,3.2178,3.2353,3.2373,3.2203,3.2228,152
2026-06-01 14:26:00,3.2188,3.2233,3.2143,3.2203,3.2238,3.2283,3.2193,3.2253,116
2026-06-01 14:27:00,3.2213,3.2283,3.2203,3.2273,3.2263,3.2333,3.2253,3.2323,80
2026-06-01 14:28:00,3.2263,3.2323,3.2223,3.2293,3.2313,3.2373,3.2273,3.2343,99
2026-06-01 14:29:00,3.2303,3.2363,3.2283,3.2343,3.2353,3.2413,3.2333,3.2393,90
2026-06-01 14:30:00,3.2353,3.2353,3.2268,3.2303,3.2403,3.2403,3.2318,3.2353,73
2026-06-01 14:31:00,3.2313,3.2323,3.2253,3.2283,3.2363,3.2373,3.2303,3.2333,59
2026-06-01 14:32:00,3.2278,3.2283,3.2243,3.2273,3.2328,3.2333,3.2293,3.2323,39
2026-06-01 14:33:00,3.2268,3.2303,3.2243,3.2273,3.2318,3.2353,3.2293,3.2323,57
2026-06-01 14:34:00,3.2263,3.2333,3.2203,3.2303,3.2313,3.2383,3.2253,3.2353,99
2026-06-01 14:35:00,3.2308,3.2373,3.2308,3.2363,3.2358,3.2423,3.2358,3.2413,38
2026-06-01 14:36:00,3.2353,3.2493,3.2343,3.2448,3.2403,3.2543,3.2393,3.2498,137
2026-06-01 14:37:00,3.2443,3.2473,3.2413,3.2473,3.2493,3.2523,3.2463,3.2523,25
2026-06-01 14:38:00,3.2463,3.2483,3.2413,3.2453,3.2513,3.2533,3.2463,3.2503,75
2026-06-01 14:39:00,3.2443,3.2473,3.2413,3.2433,3.2493,3.2523,3.2463,3.2483,36
2026-06-01 14:40:00,3.2423,3.2483,3.2423,3.2468,3.2473,3.2533,3.2473,3.2518,42
2026-06-01 14:41:00,3.2453,3.2473,3.2408,3.2413,3.2503,3.2523,3.2458,3.2463,43
2026-06-01 14:42:00,3.2408,3.2408,3.2318,3.2348,3.2458,3.2458,3.2368,3.2398,48
2026-06-01 14:43:00,3.2343,3.2363,3.2323,3.2333,3.2393,3.2413,3.2373,3.2383,44
2026-06-01 14:44:00,3.2343,3.2343,3.2293,3.2308,3.2393,3.2393,3.2343,3.2358,81
2026-06-01 14:45:00,3.2313,3.2363,3.2273,3.2363,3.2363,3.2413,3.2323,3.2413,62
2026-06-01 14:46:00,3.2358,3.2378,3.2353,3.2363,3.2408,3.2428,3.2403,3.2413,20
2026-06-01 14:47:00,3.2358,3.2443,3.2353,3.2413,3.2408,3.2493,3.2403,3.2463,43
2026-06-01 14:48:00,3.2423,3.2433,3.2393,3.2398,3.2473,3.2483,3.2443,3.2448,33
2026-06-01 14:49:00,3.2393,3.2398,3.2383,3.2398,3.2443,3.2448,3.2433,3.2448,20
2026-06-01 14:50:00,3.2393,3.2423,3.2333,3.2358,3.2443,3.2473,3.2383,3.2408,53
2026-06-01 14:51:00,3.2353,3.2363,3.2298,3.2303,3.2403,3.2413,3.2348,3.2353,43
2026-06-01 14:52:00,3.2293,3.2363,3.2293,3.2363,3.2343,3.2413,3.2343,3.2413,28
2026-06-01 14:53:00,3.2353,3.2363,3.2283,3.2313,3.2403,3.2413,3.2333,3.2363,36
2026-06-01 14:54:00,3.2308,3.2313,3.2258,3.2273,3.2358,3.2363,3.2308,3.2323,23
2026-06-01 14:55:00,3.2263,3.2323,3.2263,3.2308,3.2313,3.2373,3.2313,3.2358,29
2026-06-01 14:56:00,3.2303,3.2363,3.2283,3.2293,3.2353,3.2413,3.2333,3.2343,33
2026-06-01 14:57:00,3.2283,3.2313,3.2233,3.2263,3.2333,3.2363,3.2283,3.2313,37
2026-06-01 14:58:00,3.2273,3.2293,3.2263,3.2268,3.2323,3.2343,3.2313,3.2318,33
2026-06-01 14:59:00,3.2273,3.2278,3.2203,3.2223,3.2323,3.2328,3.2253,3.2273,58
2026-06-01 15:00:00,3.2213,3.2283,3.2183,3.2203,3.2263,3.2333,3.2233,3.2253,102
2026-06-01 15:01:00,3.2193,3.2263,3.2193,3.2223,3.2243,3.2313,3.2243,3.2273,46
2026-06-01 15:02:00,3.2233,3.2253,3.2203,3.2203,3.2283,3.2303,3.2253,3.2253,43
2026-06-01 15:03:00,3.2193,3.2253,3.2193,3.2203,3.2243,3.2303,3.2243,3.2253,43
2026-06-01 15:04:00,3.2213,3.2283,3.2173,3.2263,3.2263,3.2333,3.2223,3.2313,104
2026-06-01 15:05:00,3.2273,3.2273,3.2183,3.2193,3.2323,3.2323,3.2233,3.2243,53
2026-06-01 15:06:00,3.2203,3.2203,3.1993,3.2023,3.2253,3.2253,3.2043,3.2073,112
2026-06-01 15:07:00,3.2033,3.2103,3.1993,3.2093,3.2083,3.2153,3.2043,3.2143,71
2026-06-01 15:08:00,3.2083,3.2133,3.2073,3.2103,3.2133,3.2183,3.2123,3.2153,37
2026-06-01 15:09:00,3.2113,3.2113,3.2053,3.2073,3.2163,3.2163,3.2103,3.2123,51
2026-06-01 15:10:00,3.2063,3.2093,3.1993,3.2053,3.2113,3.2143,3.2043,3.2103,67
2026-06-01 15:11:00,3.2058,3.2103,3.1983,3.2003,3.2108,3.2153,3.2033,3.2053,196
2026-06-01 15:12:00,3.1998,3.2063,3.1983,3.2023,3.2048,3.2113,3.2033,3.2073,104
2026-06-01 15:13:00,3.2033,3.2133,3.2003,3.2103,3.2083,3.2183,3.2053,3.2153,93
2026-06-01 15:14:00,3.2113,3.2113,3.2053,3.2058,3.2163,3.2163,3.2103,3.2108,55
2026-06-01 15:15:00,3.2063,3.2118,3.2053,3.2063,3.2113,3.2168,3.2103,3.2113,80
2026-06-01 15:16:00,3.2053,3.2068,3.2003,3.2013,3.2103,3.2118,3.2053,3.2063,66
2026-06-01 15:17:00,3.2003,3.2013,3.1893,3.1893,3.2053,3.2063,3.1943,3.1943,96
2026-06-01 15:18:00,3.1883,3.1943,3.1883,3.1928,3.1933,3.1993,3.1933,3.1978,51
2026-06-01 15:19:00,3.1923,3.1993,3.1923,3.1983,3.1973,3.2043,3.1973,3.2033,45
2026-06-01 15:20:00,3.1988,3.2023,3.1963,3.2023,3.2038,3.2073,3.2013,3.2073,48
2026-06-01 15:21:00,3.2033,3.2043,3.2013,3.2023,3.2083,3.2093,3.2063,3.2073,80
2026-06-01 15:22:00,3.2018,3.2033,3.2003,3.2023,3.2068,3.2083,3.2053,3.2073,32
2026-06-01 15:23:00,3.2033,3.2113,3.2023,3.2103,3.2083,3.2163,3.2073,3.2153,48
2026-06-01 15:24:00,3.2098,3.2173,3.2098,3.2163,3.2148,3.2223,3.2148,3.2213,50
2026-06-01 15:25:00,3.2173,3.2173,3.2113,3.2153,3.2223,3.2223,3.2163,3.2203,45
2026-06-01 15:26:00,3.2143,3.2223,3.2143,3.2213,3.2193,3.2273,3.2193,3.2263,59
2026-06-01 15:27:00,3.2223,3.2258,3.2163,3.2233,3.2273,3.2308,3.2213,3.2283,68
2026-06-01 15:28:00,3.2223,3.2233,3.2143,3.2143,3.2273,3.2283,3.2193,3.2193,55
2026-06-01 15:29:00,3.2133,3.2173,3.2113,3.2143,3.2183,3.2223,3.2163,3.2193,94
2026-06-01 15:30:00,3.2133,3.2163,3.2063,3.2113,3.2183,3.2213,3.2113,3.2163,134
2026-06-01 15:31:00,3.2108,3.2113,3.2043,3.2063,3.2158,3.2163,3.2093,3.2113,94
2026-06-01 15:32:00,3.2073,3.2113,3.2063,3.2073,3.2123,3.2163,3.2113,3.2123,64
2026-06-01 15:33:00,3.2083,3.2103,3.2063,3.2083,3.2133,3.2153,3.2113,3.2133,76
2026-06-01 15:34:00,3.2073,3.2093,3.2023,3.2043,3.2123,3.2143,3.2073,3.2093,86
2026-06-01 15:35:00,3.2053,3.2083,3.2043,3.2058,3.2103,3.2133,3.2093,3.2108,52
2026-06-01 15:36:00,3.2053,3.2133,3.2043,3.2113,3.2103,3.2183,3.2093,3.2163,106
2026-06-01 15:37:00,3.2108,3.2113,3.2083,3.2093,3.2158,3.2163,3.2133,3.2143,52
2026-06-01 15:38:00,3.2083,3.2093,3.2053,3.2058,3.2133,3.2143,3.2103,3.2108,40
2026-06-01 15:39:00,3.2063,3.2073,3.2053,3.2063,3.2113,3.2123,3.2103,3.2113,46
2026-06-01 15:40:00,3.2073,3.2113,3.2063,3.2113,3.2123,3.2163,3.2113,3.2163,38
2026-06-01 15:41:00,3.2103,3.2143,3.2083,3.2103,3.2153,3.2193,3.2133,3.2153,31
2026-06-01 15:42:00,3.2093,3.2103,3.2043,3.2043,3.2143,3.2153,3.2093,3.2093,47
2026-06-01 15:43:00,3.2053,3.2073,3.1993,3.2003,3.2103,3.2123,3.2043,3.2053,32
2026-06-01 15:44:00,3.2013,3.2023,3.2003,3.2003,3.2063,3.2073,3.2053,3.2053,33
2026-06-01 15:45:00,3.2008,3.2023,3.1973,3.1988,3.2058,3.2073,3.2023,3.2038,52
2026-06-01 15:46:00,3.1993,3.2053,3.1993,3.2043,3.2043,3.2103,3.2043,3.2093,29
2026-06-01 15:47:00,3.2033,3.2053,3.2013,3.2053,3.2083,3.2103,3.2063,3.2103,38
2026-06-01 15:48:00,3.2048,3.2093,3.2048,3.2063,3.2098,3.2143,3.2098,3.2113,26
2026-06-01 15:49:00,3.2073,3.2093,3.2063,3.2063,3.2123,3.2143,3.2113,3.2113,18
2026-06-01 15:50:00,3.2053,3.2063,3.2033,3.2053,3.2103,3.2113,3.2083,3.2103,24
2026-06-01 15:51:00,3.2048,3.2123,3.2043,3.2043,3.2098,3.2173,3.2093,3.2093,52
2026-06-01 15:52:00,3.2053,3.2053,3.1823,3.1833,3.2103,3.2103,3.1873,3.1883,151
2026-06-01 15:53:00,3.1843,3.1903,3.1833,3.1893,3.1893,3.1953,3.1883,3.1943,61
2026-06-01 15:54:00,3.1883,3.1943,3.1883,3.1933,3.1933,3.1993,3.1933,3.1983,29
2026-06-01 15:55:00,3.1938,3.1973,3.1928,3.1963,3.1988,3.2023,3.1978,3.2013,43
2026-06-01 15:56:00,3.1973,3.2003,3.1943,3.1963,3.2023,3.2053,3.1993,3.2013,37
2026-06-01 15:57:00,3.1973,3.2008,3.1953,3.1983,3.2023,3.2058,3.2003,3.2033,33
2026-06-01 15:58:00,3.1973,3.1978,3.1948,3.1968,3.2023,3.2028,3.1998,3.2018,37
2026-06-01 15:59:00,3.1973,3.1993,3.1973,3.1983,3.2023,3.2043,3.2023,3.2033,18
2026-06-01 16:00:00,3.1973,3.1973,3.1858,3.1878,3.2023,3.2023,3.1908,3.1928,74
2026-06-01 16:01:00,3.1873,3.1923,3.1868,3.1903,3.1923,3.1973,3.1918,3.1953,28
2026-06-01 16:02:00,3.1913,3.1933,3.1883,3.1883,3.1963,3.1983,3.1933,3.1933,39
2026-06-01 16:03:00,3.1893,3.1903,3.1868,3.1873,3.1943,3.1953,3.1918,3.1923,64
2026-06-01 16:04:00,3.1883,3.1893,3.1853,3.1873,3.1933,3.1943,3.1903,3.1923,46
2026-06-01 16:05:00,3.1883,3.1953,3.1873,3.1873,3.1933,3.2003,3.1923,3.1923,82
2026-06-01 16:06:00,3.1883,3.1893,3.1853,3.1893,3.1933,3.1943,3.1903,3.1943,50
2026-06-01 16:07:00,3.1883,3.1893,3.1863,3.1883,3.1933,3.1943,3.1913,3.1933,34
2026-06-01 16:08:00,3.1873,3.1913,3.1833,3.1903,3.1923,3.1963,3.1883,3.1953,108
2026-06-01 16:09:00,3.1898,3.1933,3.1873,3.1893,3.1948,3.1983,3.1923,3.1943,72
2026-06-01 16:10:00,3.1883,3.1933,3.1883,3.1923,3.1933,3.1983,3.1933,3.1973,28
2026-06-01 16:11:00,3.1913,3.1963,3.1903,3.1953,3.1963,3.2013,3.1953,3.2003,54
2026-06-01 16:12:00,3.1958,3.1973,3.1943,3.1948,3.2008,3.2023,3.1993,3.1998,21
2026-06-01 16:13:00,3.1953,3.1953,3.1943,3.1943,3.1993,3.2003,3.1973,3.1993,12
2026-06-01 16:14:00,3.1933,3.1973,3.1933,3.1953,3.1983,3.2023,3.1983,3.2003,27
2026-06-01 16:15:00,3.1963,3.2033,3.1953,3.1993,3.2013,3.2083,3.2003,3.2043,39
2026-06-01 16:16:00,3.1983,3.2033,3.1943,3.1993,3.2033,3.2083,3.1993,3.2008,82
2026-06-01 16:17:00,3.1983,3.2013,3.1983,3.1993,3.2033,3.2063,3.2033,3.2043,22
2026-06-01 16:18:00,3.2003,3.2063,3.2003,3.2053,3.2053,3.2113,3.2053,3.2103,53
2026-06-01 16:19:00,3.2043,3.2043,3.2013,3.2033,3.2093,3.2093,3.2063,3.2083,30
2026-06-01 16:20:00,3.2028,3.2043,3.2013,3.2023,3.2078,3.2093,3.2063,3.2073,18
2026-06-01 16:21:00,3.2033,3.2033,3.2003,3.2008,3.2083,3.2083,3.2053,3.2058,20
2026-06-01 16:22:00,3.2013,3.2033,3.2003,3.2013,3.2063,3.2083,3.2053,3.2063,24
2026-06-01 16:23:00,3.2023,3.2023,3.2003,3.2013,3.2073,3.2073,3.2053,3.2063,10
2026-06-01 16:24:00,3.2023,3.2053,3.2023,3.2053,3.2073,3.2103,3.2073,3.2103,13
2026-06-01 16:25:00,3.2048,3.2063,3.2033,3.2053,3.2098,3.2113,3.2083,3.2103,12
2026-06-01 16:26:00,3.2063,3.2173,3.2063,3.2163,3.2113,3.2223,3.2113,3.2213,40
2026-06-01 16:27:00,3.2173,3.2203,3.2143,3.2163,3.2223,3.2253,3.2193,3.2213,62
2026-06-01 16:28:00,3.2153,3.2163,3.2103,3.2113,3.2203,3.2213,3.2153,3.2163,45
2026-06-01 16:29:00,3.2103,3.2113,3.2073,3.2113,3.2153,3.2163,3.2123,3.2163,32
2026-06-01 16:30:00,3.2123,3.2138,3.2103,3.2133,3.2173,3.2188,3.2153,3.2183,53
2026-06-01 16:31:00,3.2128,3.2173,3.2103,3.2113,3.2178,3.2223,3.2153,3.2163,56
2026-06-01 16:32:00,3.2103,3.2113,3.2093,3.2113,3.2153,3.2163,3.2143,3.2163,54
2026-06-01 16:33:00,3.2103,3.2153,3.2103,3.2143,3.2153,3.2203,3.2153,3.2193,17
2026-06-01 16:34:00,3.2133,3.2173,3.2123,3.2143,3.2183,3.2223,3.2173,3.2193,37
2026-06-01 16:35:00,3.2148,3.2163,3.2133,3.2143,3.2198,3.2213,3.2183,3.2193,30
2026-06-01 16:36:00,3.2133,3.2163,3.2083,3.2093,3.2183,3.2213,3.2133,3.2143,34
2026-06-01 16:37:00,3.2083,3.2113,3.2063,3.2103,3.2133,3.2163,3.2113,3.2153,19
2026-06-01 16:38:00,3.2113,3.2113,3.2093,3.2093,3.2163,3.2163,3.2143,3.2143,12
2026-06-01 16:39:00,3.2083,3.2123,3.2063,3.2123,3.2133,3.2173,3.2113,3.2173,22
2026-06-01 16:40:00,3.2113,3.2123,3.2113,3.2123,3.2163,3.2173,3.2163,3.2173,6
2026-06-01 16:41:00,3.2113,3.2143,3.2103,3.2133,3.2163,3.2193,3.2153,3.2183,20
2026-06-01 16:42:00,3.2123,3.2153,3.2113,3.2153,3.2173,3.2203,3.2163,3.2203,20
2026-06-01 16:43:00,3.2143,3.2163,3.2133,3.2153,3.2193,3.2213,3.2183,3.2203,33
2026-06-01 16:44:00,3.2158,3.2183,3.2153,3.2163,3.2208,3.2233,3.2203,3.2213,27
2026-06-01 16:45:00,3.2168,3.2213,3.2163,3.2203,3.2218,3.2263,3.2213,3.2253,21
2026-06-01 16:46:00,3.2193,3.2228,3.2173,3.2203,3.2243,3.2278,3.2223,3.2253,45
2026-06-01 16:47:00,3.2213,3.2223,3.2153,3.2153,3.2263,3.2273,3.2203,3.2203,26
2026-06-01 16:48:00,3.2143,3.2153,3.2103,3.2103,3.2193,3.2203,3.2153,3.2153,12
2026-06-01 16:49:00,3.2093,3.2103,3.2063,3.2083,3.2143,3.2153,3.2113,3.2133,27
2026-06-01 16:50:00,3.2088,3.2113,3.2088,3.2103,3.2138,3.2163,3.2138,3.2153,15
2026-06-01 16:51:00,3.2113,3.2143,3.2063,3.2113,3.2163,3.2193,3.2113,3.2163,38
2026-06-01 16:52:00,3.2118,3.2123,3.2083,3.2093,3.2168,3.2173,3.2133,3.2143,22
2026-06-01 16:53:00,3.2083,3.2123,3.2083,3.2103,3.2133,3.2173,3.2133,3.2153,15
2026-06-01 16:54:00,3.2093,3.2113,3.2083,3.2083,3.2143,3.2163,3.2133,3.2133,18
2026-06-01 16:55:00,3.2073,3.2103,3.2073,3.2088,3.2123,3.2153,3.2123,3.2138,19
2026-06-01 16:56:00,3.2083,3.2083,3.2013,3.2013,3.2133,3.2133,3.2063,3.2063,15
2026-06-01 16:57:00,3.2003,3.2023,3.1983,3.2003,3.2053,3.2073,3.2033,3.2053,17
2026-06-01 16:58:00,3.1993,3.2023,3.1993,3.2003,3.2043,3.2073,3.2043,3.2053,16
2026-06-01 16:59:00,3.2013,3.2013,3.1993,3.1993,3.2063,3.2063,3.2043,3.2043,9
2026-06-01 17:00:00,3.1983,3.1983,3.1933,3.1953,3.2033,3.2033,3.1983,3.2003,50
2026-06-01 17:01:00,3.1948,3.1983,3.1948,3.1983,3.1998,3.2033,3.1998,3.2033,28
2026-06-01 17:02:00,3.1993,3.1993,3.1943,3.1953,3.2043,3.2043,3.1993,3.2003,19
2026-06-01 17:03:00,3.1943,3.1953,3.1933,3.1943,3.1993,3.2003,3.1983,3.1993,9
2026-06-01 17:04:00,3.1953,3.1963,3.1943,3.1943,3.2003,3.2013,3.1993,3.1993,10
2026-06-01 17:05:00,3.1953,3.1983,3.1893,3.1943,3.2003,3.2033,3.1943,3.1993,44
2026-06-01 17:06:00,3.1953,3.1953,3.1893,3.1893,3.2003,3.2003,3.1943,3.1943,30
2026-06-01 17:07:00,3.1888,3.1893,3.1823,3.1823,3.1938,3.1943,3.1873,3.1873,52
2026-06-01 17:08:00,3.1833,3.1833,3.1783,3.1783,3.1883,3.1883,3.1833,3.1833,73
2026-06-01 17:09:00,3.1773,3.1813,3.1758,3.1803,3.1823,3.1863,3.1808,3.1853,45
2026-06-01 17:10:00,3.1808,3.1823,3.1803,3.1803,3.1858,3.1873,3.1853,3.1853,27
2026-06-01 17:11:00,3.1793,3.1818,3.1793,3.1793,3.1843,3.1868,3.1843,3.1843,40
2026-06-01 17:12:00,3.1788,3.1833,3.1788,3.1813,3.1838,3.1883,3.1838,3.1863,27
2026-06-01 17:13:00,3.1823,3.1823,3.1793,3.1803,3.1873,3.1873,3.1843,3.1853,19
2026-06-01 17:14:00,3.1808,3.1813,3.1783,3.1808,3.1858,3.1863,3.1833,3.1858,18
2026-06-01 17:15:00,3.1803,3.1853,3.1803,3.1833,3.1853,3.1903,3.1853,3.1883,32
2026-06-01 17:16:00,3.1843,3.1843,3.1793,3.1793,3.1893,3.1893,3.1843,3.1843,8
2026-06-01 17:17:00,3.1783,3.1813,3.1783,3.1793,3.1833,3.1863,3.1833,3.1843,18
2026-06-01 17:18:00,3.1783,3.1793,3.1773,3.1773,3.1833,3.1843,3.1823,3.1823,13
2026-06-01 17:19:00,3.1758,3.1793,3.1753,3.1768,3.1808,3.1843,3.1803,3.1818,47
2026-06-01 17:20:00,3.1763,3.1843,3.1763,3.1843,3.1813,3.1893,3.1813,3.1893,19
2026-06-01 17:21:00,3.1833,3.1923,3.1833,3.1878,3.1883,3.1973,3.1883,3.1928,62
2026-06-01 17:22:00,3.1873,3.1893,3.1863,3.1893,3.1923,3.1943,3.1913,3.1943,19
2026-06-01 17:23:00,3.1903,3.1913,3.1863,3.1868,3.1953,3.1963,3.1913,3.1918,16
2026-06-01 17:24:00,3.1863,3.1873,3.1843,3.1843,3.1913,3.1923,3.1893,3.1893,17
2026-06-01 17:25:00,3.1838,3.1853,3.1833,3.1843,3.1888,3.1903,3.1883,3.1893,6
2026-06-01 17:26:00,3.1853,3.1853,3.1833,3.1843,3.1903,3.1903,3.1883,3.1893,18
2026-06-01 17:27:00,3.1838,3.1878,3.1823,3.1873,3.1888,3.1928,3.1873,3.1923,48
2026-06-01 17:28:00,3.1868,3.1873,3.1853,3.1853,3.1918,3.1923,3.1903,3.1903,27
2026-06-01 17:29:00,3.1843,3.1843,3.1823,3.1833,3.1893,3.1893,3.1873,3.1883,67
2026-06-01 17:30:00,3.1838,3.1863,3.1753,3.1813,3.1888,3.1913,3.1803,3.1863,129
2026-06-01 17:31:00,3.1803,3.1813,3.1773,3.1773,3.1853,3.1863,3.1823,3.1823,72
2026-06-01 17:32:00,3.1763,3.1783,3.1753,3.1773,3.1813,3.1833,3.1803,3.1823,28
2026-06-01 17:33:00,3.1778,3.1813,3.1778,3.1798,3.1828,3.1863,3.1828,3.1848,43
2026-06-01 17:34:00,3.1803,3.1853,3.1803,3.1823,3.1853,3.1903,3.1853,3.1873,33
2026-06-01 17:35:00,3.1813,3.1863,3.1813,3.1863,3.1863,3.1913,3.1863,3.1913,15
2026-06-01 17:36:00,3.1853,3.1863,3.1793,3.1813,3.1903,3.1913,3.1843,3.1863,26
2026-06-01 17:37:00,3.1803,3.1823,3.1803,3.1813,3.1853,3.1873,3.1853,3.1863,15
2026-06-01 17:38:00,3.1823,3.1843,3.1823,3.1843,3.1873,3.1893,3.1873,3.1893,11
2026-06-01 17:39:00,3.1853,3.1863,3.1843,3.1853,3.1903,3.1913,3.1893,3.1903,12
2026-06-01 17:40:00,3.1848,3.1863,3.1843,3.1863,3.1898,3.1913,3.1893,3.1913,4
2026-06-01 17:41:00,3.1853,3.1873,3.1853,3.1853,3.1903,3.1923,3.1903,3.1903,15
2026-06-01 17:42:00,3.1843,3.1843,3.1828,3.1833,3.1893,3.1893,3.1878,3.1883,9
2026-06-01 17:43:00,3.1823,3.1903,3.1813,3.1893,3.1873,3.1953,3.1863,3.1943,35
2026-06-01 17:44:00,3.1888,3.1903,3.1873,3.1873,3.1938,3.1953,3.1923,3.1923,15
2026-06-01 17:45:00,3.1883,3.1883,3.1848,3.1863,3.1933,3.1933,3.1898,3.1913,18
2026-06-01 17:46:00,3.1853,3.1853,3.1823,3.1843,3.1903,3.1903,3.1873,3.1893,13
2026-06-01 17:47:00,3.1853,3.1883,3.1853,3.1873,3.1903,3.1933,3.1903,3.1923,23
2026-06-01 17:48:00,3.1863,3.1863,3.1853,3.1863,3.1913,3.1913,3.1903,3.1913,10
2026-06-01 17:49:00,3.1873,3.1873,3.1853,3.1858,3.1923,3.1923,3.1903,3.1908,11
2026-06-01 17:50:00,3.1863,3.1873,3.1848,3.1863,3.1913,3.1923,3.1898,3.1913,22
2026-06-01 17:51:00,3.1853,3.1863,3.1853,3.1853,3.1903,3.1913,3.1903,3.1903,9
2026-06-01 17:52:00,3.1863,3.1873,3.1858,3.1873,3.1913,3.1923,3.1908,3.1923,19
2026-06-01 17:53:00,3.1863,3.1873,3.1863,3.1873,3.1913,3.1923,3.1913,3.1923,5
2026-06-01 17:54:00,3.1883,3.1883,3.1863,3.1863,3.1933,3.1933,3.1913,3.1913,7
2026-06-01 17:55:00,3.1873,3.1873,3.1853,3.1863,3.1923,3.1923,3.1903,3.1913,9
2026-06-01 17:56:00,3.1873,3.1873,3.1863,3.1863,3.1923,3.1923,3.1913,3.1913,6
2026-06-01 17:57:00,3.1853,3.1863,3.1793,3.1803,3.1903,3.1913,3.1843,3.1853,22
2026-06-01 17:58:00,3.1813,3.1853,3.1803,3.1843,3.1863,3.1903,3.1853,3.1893,16
2026-06-01 17:59:00,3.1853,3.1868,3.1853,3.1863,3.1903,3.1918,3.1903,3.1913,4
2026-06-01 18:00:00,3.1853,3.1863,3.1813,3.1848,3.1903,3.1913,3.1863,3.1898,53
2026-06-01 18:01:00,3.1853,3.1873,3.1833,3.1833,3.1903,3.1923,3.1883,3.1883,16
2026-06-01 18:02:00,3.1838,3.1883,3.1838,3.1883,3.1888,3.1933,3.1888,3.1933,15
2026-06-01 18:03:00,3.1893,3.1913,3.1863,3.1863,3.1943,3.1963,3.1913,3.1913,16
2026-06-01 18:04:00,3.1853,3.1893,3.1853,3.1893,3.1903,3.1943,3.1903,3.1943,14
2026-06-01 18:05:00,3.1883,3.1883,3.1883,3.1883,3.1933,3.1933,3.1933,3.1933,1
2026-06-01 18:06:00,3.1873,3.1883,3.1863,3.1883,3.1923,3.1933,3.1913,3.1933,9
2026-06-01 18:07:00,3.1893,3.1903,3.1883,3.1893,3.1943,3.1953,3.1933,3.1943,7
2026-06-01 18:08:00,3.1883,3.1963,3.1878,3.1953,3.1933,3.2013,3.1928,3.2003,30
2026-06-01 18:09:00,3.1963,3.1963,3.1903,3.1913,3.2013,3.2013,3.1953,3.1963,17
2026-06-01 18:10:00,3.1903,3.1963,3.1893,3.1943,3.1953,3.2013,3.1943,3.1993,42
2026-06-01 18:11:00,3.1933,3.1953,3.1913,3.1923,3.1983,3.2003,3.1963,3.1973,21
2026-06-01 18:12:00,3.1913,3.1933,3.1903,3.1933,3.1963,3.1983,3.1953,3.1983,8
2026-06-01 18:13:00,3.1943,3.1983,3.1923,3.1983,3.1993,3.2033,3.1973,3.2033,14
2026-06-01 18:14:00,3.1973,3.1993,3.1963,3.1963,3.2023,3.2043,3.2013,3.2013,28
2026-06-01 18:15:00,3.1973,3.2013,3.1963,3.2013,3.2023,3.2063,3.2013,3.2063,31
2026-06-01 18:16:00,3.2003,3.2003,3.1983,3.1983,3.2053,3.2053,3.2033,3.2033,7
2026-06-01 18:17:00,3.1973,3.1983,3.1963,3.1973,3.2023,3.2033,3.2013,3.2023,16
2026-06-01 18:18:00,3.1983,3.1993,3.1973,3.1993,3.2033,3.2043,3.2023,3.2043,21
2026-06-01 18:19:00,3.1988,3.2003,3.1983,3.2003,3.2038,3.2053,3.2033,3.2053,6
2026-06-01 18:20:00,3.1998,3.1998,3.1983,3.1993,3.2048,3.2048,3.2033,3.2043,8
2026-06-01 18:21:00,3.1988,3.1993,3.1988,3.1993,3.2038,3.2043,3.2038,3.2043,2
2026-06-01 18:22:00,3.2003,3.2003,3.1993,3.1993,3.2053,3.2053,3.2043,3.2043,2
2026-06-01 18:23:00,3.1983,3.1983,3.1983,3.1983,3.2033,3.2033,3.2033,3.2033,1
2026-06-01 18:24:00,3.1993,3.2013,3.1993,3.2013,3.2043,3.2063,3.2043,3.2063,12
2026-06-01 18:25:00,3.2003,3.2033,3.1993,3.2023,3.2053,3.2083,3.2043,3.2073,10
2026-06-01 18:26:00,3.2033,3.2033,3.1973,3.1983,3.2083,3.2083,3.2023,3.2033,13
2026-06-01 18:27:00,3.1993,3.2013,3.1993,3.2003,3.2043,3.2063,3.2043,3.2053,4
2026-06-01 18:28:00,3.2013,3.2053,3.2013,3.2043,3.2063,3.2103,3.2063,3.2093,10
2026-06-01 18:29:00,3.2033,3.2043,3.2003,3.2018,3.2083,3.2093,3.2053,3.2068,31
2026-06-01 18:30:00,3.2013,3.2023,3.1983,3.2023,3.2063,3.2073,3.2033,3.2073,42
2026-06-01 18:31:00,3.2013,3.2063,3.2013,3.2063,3.2063,3.2113,3.2063,3.2113,19
2026-06-01 18:32:00,3.2053,3.2063,3.2033,3.2053,3.2103,3.2113,3.2083,3.2103,9
2026-06-01 18:33:00,3.2063,3.2063,3.2023,3.2043,3.2113,3.2113,3.2073,3.2093,39
2026-06-01 18:34:00,3.2048,3.2063,3.2043,3.2043,3.2098,3.2113,3.2093,3.2093,8
2026-06-01 18:35:00,3.2048,3.2063,3.2048,3.2063,3.2098,3.2113,3.2098,3.2113,6
2026-06-01 18:36:00,3.2073,3.2163,3.2053,3.2163,3.2123,3.2213,3.2103,3.2213,44
2026-06-01 18:37:00,3.2153,3.2163,3.2133,3.2133,3.2203,3.2213,3.2183,3.2183,19
2026-06-01 18:38:00,3.2143,3.2153,3.2123,3.2133,3.2193,3.2203,3.2173,3.2183,17
2026-06-01 18:39:00,3.2123,3.2153,3.2123,3.2153,3.2173,3.2203,3.2173,3.2203,21
2026-06-01 18:40:00,3.2143,3.2173,3.2143,3.2153,3.2193,3.2223,3.2193,3.2203,13
2026-06-01 18:41:00,3.2148,3.2148,3.2083,3.2083,3.2198,3.2198,3.2133,3.2133,27
2026-06-01 18:42:00,3.2093,3.2113,3.2083,3.2108,3.2143,3.2163,3.2133,3.2158,15
2026-06-01 18:43:00,3.2103,3.2123,3.2103,3.2113,3.2153,3.2173,3.2153,3.2163,16
2026-06-01 18:44:00,3.2123,3.2123,3.2123,3.2123,3.2173,3.2173,3.2173,3.2173,1
2026-06-01 18:45:00,3.2113,3.2113,3.2093,3.2103,3.2163,3.2163,3.2143,3.2153,6
2026-06-01 18:46:00,3.2113,3.2163,3.2113,3.2153,3.2163,3.2213,3.2163,3.2203,39
2026-06-01 18:47:00,3.2143,3.2143,3.2083,3.2083,3.2193,3.2193,3.2133,3.2133,29
2026-06-01 18:48:00,3.2093,3.2093,3.2053,3.2073,3.2143,3.2143,3.2103,3.2123,18
2026-06-01 18:49:00,3.2083,3.2123,3.2073,3.2113,3.2133,3.2173,3.2123,3.2163,13
2026-06-01 18:50:00,3.2103,3.2123,3.2083,3.2103,3.2153,3.2173,3.2133,3.2153,22
2026-06-01 18:51:00,3.2098,3.2103,3.2063,3.2063,3.2148,3.2153,3.2113,3.2113,26
2026-06-01 18:52:00,3.2073,3.2073,3.2043,3.2058,3.2123,3.2123,3.2093,3.2108,42
2026-06-01 18:53:00,3.2063,3.2073,3.2053,3.2073,3.2113,3.2123,3.2103,3.2123,19
2026-06-01 18:54:00,3.2068,3.2093,3.2043,3.2063,3.2118,3.2143,3.2093,3.2113,28
2026-06-01 18:55:00,3.2073,3.2073,3.2063,3.2073,3.2123,3.2123,3.2113,3.2123,21
2026-06-01 18:56:00,3.2083,3.2093,3.2053,3.2063,3.2133,3.2143,3.2103,3.2113,25
2026-06-01 18:57:00,3.2073,3.2103,3.2043,3.2063,3.2123,3.2153,3.2093,3.2113,26
2026-06-01 18:58:00,3.2068,3.2073,3.2023,3.2023,3.2118,3.2123,3.2073,3.2073,22
2026-06-01 18:59:00,3.2013,3.2023,3.1973,3.2013,3.2063,3.2073,3.2023,3.2063,37
2026-06-01 19:00:00,3.2003,3.2013,3.1883,3.1883,3.2053,3.2063,3.1933,3.1933,85
2026-06-01 19:01:00,3.1888,3.1953,3.1873,3.1903,3.1938,3.2003,3.1923,3.1953,52
2026-06-01 19:02:00,3.1913,3.1923,3.1893,3.1913,3.1963,3.1973,3.1943,3.1963,17
2026-06-01 19:03:00,3.1923,3.1983,3.1913,3.1973,3.1973,3.2033,3.1963,3.2023,32
2026-06-01 19:04:00,3.1963,3.1983,3.1963,3.1973,3.2013,3.2033,3.2013,3.2023,9
2026-06-01 19:05:00,3.1983,3.1993,3.1958,3.1963,3.2033,3.2043,3.2008,3.2013,9
2026-06-01 19:06:00,3.1953,3.1993,3.1953,3.1983,3.2003,3.2043,3.2003,3.2033,6
2026-06-01 19:07:00,3.1993,3.2003,3.1983,3.1983,3.2043,3.2053,3.2033,3.2033,19
2026-06-01 19:08:00,3.1993,3.1993,3.1973,3.1983,3.2043,3.2043,3.2023,3.2033,22
2026-06-01 19:09:00,3.1993,3.2013,3.1983,3.2013,3.2043,3.2063,3.2033,3.2063,8
2026-06-01 19:10:00,3.2008,3.2008,3.1983,3.2003,3.2058,3.2058,3.2033,3.2053,12
2026-06-01 19:11:00,3.1993,3.2003,3.1993,3.2003,3.2043,3.2053,3.2043,3.2053,10
2026-06-01 19:12:00,3.1998,3.1998,3.1973,3.1983,3.2048,3.2048,3.2023,3.2033,7
2026-06-01 19:13:00,3.1973,3.1983,3.1933,3.1953,3.2023,3.2033,3.1983,3.2003,33
2026-06-01 19:14:00,3.1958,3.1963,3.1933,3.1963,3.2008,3.2013,3.1983,3.2013,26
2026-06-01 19:15:00,3.1953,3.1958,3.1893,3.1903,3.2003,3.2008,3.1943,3.1953,25
2026-06-01 19:16:00,3.1893,3.1943,3.1893,3.1933,3.1943,3.1993,3.1943,3.1983,28
2026-06-01 19:17:00,3.1928,3.1943,3.1928,3.1933,3.1978,3.1993,3.1978,3.1983,8
2026-06-01 19:18:00,3.1943,3.1953,3.1933,3.1933,3.1993,3.2003,3.1983,3.1983,14
2026-06-01 19:19:00,3.1943,3.1953,3.1933,3.1943,3.1993,3.2003,3.1983,3.1993,7
2026-06-01 19:20:00,3.1933,3.1973,3.1933,3.1933,3.1983,3.2023,3.1983,3.1983,26
2026-06-01 19:21:00,3.1928,3.1933,3.1893,3.1903,3.1978,3.1983,3.1943,3.1953,21
2026-06-01 19:22:00,3.1913,3.1938,3.1913,3.1938,3.1963,3.1988,3.1963,3.1988,17
2026-06-01 19:23:00,3.1943,3.1973,3.1943,3.1953,3.1993,3.2023,3.1993,3.2003,20
2026-06-01 19:24:00,3.1943,3.1963,3.1933,3.1948,3.1993,3.2013,3.1983,3.1998,18
2026-06-01 19:25:00,3.1943,3.1953,3.1923,3.1933,3.1993,3.2003,3.1973,3.1983,15
2026-06-01 19:26:00,3.1943,3.1953,3.1943,3.1953,3.1993,3.2003,3.1993,3.2003,8
2026-06-01 19:27:00,3.1943,3.1983,3.1943,3.1973,3.1993,3.2033,3.1993,3.2023,26
2026-06-01 19:28:00,3.1963,3.1963,3.1933,3.1943,3.2013,3.2013,3.1983,3.1993,18
2026-06-01 19:29:00,3.1933,3.1943,3.1863,3.1868,3.1983,3.1993,3.1913,3.1918,59
2026-06-01 19:30:00,3.1873,3.1893,3.1833,3.1833,3.1923,3.1943,3.1883,3.1883,95
2026-06-01 19:31:00,3.1828,3.1843,3.1793,3.1803,3.1878,3.1893,3.1843,3.1853,70
2026-06-01 19:32:00,3.1793,3.1823,3.1793,3.1813,3.1843,3.1873,3.1843,3.1863,49
2026-06-01 19:33:00,3.1803,3.1823,3.1803,3.1823,3.1853,3.1873,3.1853,3.1873,15
2026-06-01 19:34:00,3.1813,3.1833,3.1783,3.1803,3.1863,3.1883,3.1833,3.1853,17
2026-06-01 19:35:00,3.1813,3.1833,3.1783,3.1803,3.1863,3.1883,3.1833,3.1853,35
2026-06-01 19:36:00,3.1798,3.1813,3.1783,3.1783,3.1848,3.1863,3.1833,3.1833,25
2026-06-01 19:37:00,3.1773,3.1783,3.1718,3.1743,3.1823,3.1833,3.1768,3.1793,80
2026-06-01 19:38:00,3.1733,3.1763,3.1733,3.1763,3.1783,3.1813,3.1783,3.1813,19
2026-06-01 19:39:00,3.1753,3.1763,3.1733,3.1743,3.1803,3.1813,3.1783,3.1793,10
2026-06-01 19:40:00,3.1748,3.1753,3.1703,3.1713,3.1798,3.1803,3.1753,3.1763,17
2026-06-01 19:41:00,3.1723,3.1743,3.1713,3.1743,3.1773,3.1793,3.1763,3.1793,23
2026-06-01 19:42:00,3.1748,3.1763,3.1743,3.1743,3.1798,3.1813,3.1793,3.1793,11
2026-06-01 19:43:00,3.1753,3.1773,3.1693,3.1723,3.1803,3.1823,3.1743,3.1773,93
2026-06-01 19:44:00,3.1733,3.1743,3.1713,3.1733,3.1783,3.1793,3.1763,3.1783,25
2026-06-01 19:45:00,3.1723,3.1753,3.1713,3.1733,3.1773,3.1803,3.1763,3.1783,30
2026-06-01 19:46:00,3.1723,3.1753,3.1723,3.1743,3.1773,3.1803,3.1773,3.1793,21
2026-06-01 19:47:00,3.1748,3.1753,3.1743,3.1753,3.1798,3.1803,3.1793,3.1803,16
2026-06-01 19:48:00,3.1763,3.1763,3.1743,3.1743,3.1813,3.1813,3.1793,3.1793,25
2026-06-01 19:49:00,3.1733,3.1753,3.1693,3.1693,3.1783,3.1803,3.1743,3.1743,36
2026-06-01 19:50:00,3.1683,3.1733,3.1683,3.1703,3.1733,3.1783,3.1733,3.1753,22
2026-06-01 19:51:00,3.1713,3.1713,3.1703,3.1713,3.1763,3.1763,3.1753,3.1763,5
2026-06-01 19:52:00,3.1723,3.1773,3.1703,3.1753,3.1773,3.1823,3.1753,3.1803,34
2026-06-01 19:53:00,3.1758,3.1773,3.1713,3.1733,3.1808,3.1823,3.1763,3.1783,20
2026-06-01 19:54:00,3.1723,3.1743,3.1723,3.1743,3.1773,3.1793,3.1773,3.1793,19
2026-06-01 19:55:00,3.1733,3.1743,3.1723,3.1733,3.1783,3.1793,3.1773,3.1783,28
2026-06-01 19:56:00,3.1728,3.1733,3.1713,3.1723,3.1778,3.1783,3.1763,3.1773,13
2026-06-01 19:57:00,3.1733,3.1823,3.1723,3.1773,3.1783,3.1873,3.1773,3.1823,81
2026-06-01 19:58:00,3.1783,3.1783,3.1753,3.1753,3.1833,3.1833,3.1803,3.1803,38
2026-06-01 19:59:00,3.1763,3.1773,3.1743,3.1763,3.1813,3.1823,3.1793,3.1813,27
2026-06-01 20:00:00,3.1758,3.1773,3.1743,3.1773,3.1808,3.1823,3.1793,3.1823,31
2026-06-01 20:01:00,3.1763,3.1793,3.1763,3.1783,3.1813,3.1843,3.1813,3.1833,14
2026-06-01 20:02:00,3.1773,3.1813,3.1763,3.1813,3.1823,3.1863,3.1813,3.1863,26
2026-06-01 20:03:00,3.1808,3.1813,3.1778,3.1783,3.1858,3.1863,3.1828,3.1833,32
2026-06-01 20:04:00,3.1778,3.1783,3.1773,3.1783,3.1828,3.1833,3.1823,3.1833,27
2026-06-01 20:05:00,3.1778,3.1813,3.1773,3.1813,3.1828,3.1863,3.1823,3.1863,25
2026-06-01 20:06:00,3.1823,3.1853,3.1813,3.1823,3.1873,3.1903,3.1863,3.1873,22
2026-06-01 20:07:00,3.1813,3.1833,3.1803,3.1823,3.1863,3.1883,3.1853,3.1873,10
2026-06-01 20:08:00,3.1813,3.1813,3.1803,3.1803,3.1863,3.1863,3.1853,3.1853,16
2026-06-01 20:09:00,3.1793,3.1803,3.1793,3.1793,3.1843,3.1853,3.1843,3.1843,16
2026-06-01 20:10:00,3.1783,3.1793,3.1763,3.1773,3.1833,3.1843,3.1813,3.1823,25
2026-06-01 20:11:00,3.1783,3.1798,3.1773,3.1793,3.1833,3.1848,3.1823,3.1843,12
2026-06-01 20:12:00,3.1783,3.1783,3.1768,3.1773,3.1833,3.1833,3.1818,3.1823,6
2026-06-01 20:13:00,3.1783,3.1793,3.1783,3.1783,3.1833,3.1843,3.1833,3.1833,14
2026-06-01 20:14:00,3.1793,3.1813,3.1783,3.1803,3.1843,3.1863,3.1833,3.1853,15
2026-06-01 20:15:00,3.1813,3.1813,3.1783,3.1803,3.1863,3.1863,3.1833,3.1853,22
2026-06-01 20:16:00,3.1793,3.1798,3.1783,3.1783,3.1843,3.1848,3.1833,3.1833,12
2026-06-01 20:17:00,3.1793,3.1793,3.1763,3.1773,3.1843,3.1843,3.1813,3.1823,21
2026-06-01 20:18:00,3.1758,3.1793,3.1753,3.1773,3.1808,3.1843,3.1803,3.1823,20
2026-06-01 20:19:00,3.1768,3.1773,3.1743,3.1763,3.1818,3.1823,3.1793,3.1813,29
2026-06-01 20:20:00,3.1773,3.1803,3.1763,3.1763,3.1823,3.1853,3.1813,3.1813,43
2026-06-01 20:21:00,3.1758,3.1783,3.1743,3.1743,3.1808,3.1833,3.1793,3.1793,32
2026-06-01 20:22:00,3.1753,3.1773,3.1743,3.1743,3.1803,3.1823,3.1793,3.1793,19
2026-06-01 20:23:00,3.1753,3.1783,3.1743,3.1773,3.1803,3.1833,3.1793,3.1823,13
2026-06-01 20:24:00,3.1778,3.1783,3.1773,3.1783,3.1828,3.1833,3.1823,3.1833,18
2026-06-01 20:25:00,3.1793,3.1873,3.1783,3.1843,3.1843,3.1923,3.1833,3.1893,51
2026-06-01 20:26:00,3.1853,3.1883,3.1838,3.1838,3.1903,3.1933,3.1888,3.1888,41
2026-06-01 20:27:00,3.1833,3.1863,3.1833,3.1838,3.1883,3.1913,3.1883,3.1888,31
2026-06-01 20:28:00,3.1843,3.1923,3.1818,3.1883,3.1893,3.1973,3.1868,3.1933,150
2026-06-01 20:29:00,3.1873,3.1903,3.1853,3.1893,3.1923,3.1953,3.1903,3.1943,70
2026-06-01 20:30:00,3.1883,3.1893,3.1853,3.1883,3.1933,3.1943,3.1903,3.1933,55
2026-06-01 20:31:00,3.1888,3.1913,3.1883,3.1903,3.1938,3.1963,3.1933,3.1953,10
2026-06-01 20:32:00,3.1893,3.1903,3.1883,3.1893,3.1943,3.1953,3.1933,3.1943,10
2026-06-01 20:33:00,3.1883,3.1883,3.1843,3.1863,3.1933,3.1933,3.1893,3.1913,10
2026-06-01 20:34:00,3.1858,3.1863,3.1853,3.1853,3.1908,3.1913,3.1903,3.1903,5
2026-06-01 20:35:00,3.1858,3.1863,3.1853,3.1863,3.1908,3.1913,3.1903,3.1913,5
2026-06-01 20:36:00,3.1853,3.1853,3.1833,3.1833,3.1903,3.1903,3.1883,3.1883,5
2026-06-01 20:37:00,3.1843,3.1853,3.1843,3.1843,3.1893,3.1903,3.1893,3.1893,3
2026-06-01 20:38:00,3.1833,3.1853,3.1833,3.1853,3.1883,3.1903,3.1883,3.1903,10
2026-06-01 20:39:00,3.1843,3.1863,3.1843,3.1863,3.1893,3.1913,3.1893,3.1913,10
2026-06-01 20:40:00,3.1868,3.1903,3.1868,3.1893,3.1918,3.1953,3.1918,3.1943,12
2026-06-01 20:41:00,3.1898,3.1903,3.1883,3.1883,3.1948,3.1953,3.1933,3.1933,4
2026-06-01 20:42:00,3.1873,3.1878,3.1873,3.1873,3.1923,3.1928,3.1923,3.1923,5
2026-06-01 20:43:00,3.1863,3.1893,3.1863,3.1883,3.1913,3.1943,3.1913,3.1933,15
2026-06-01 20:44:00,3.1903,3.1903,3.1893,3.1903,3.1953,3.1953,3.1943,3.1953,8
2026-06-01 20:45:00,3.1893,3.1913,3.1893,3.1903,3.1943,3.1963,3.1943,3.1953,6
2026-06-01 20:46:00,3.1898,3.1903,3.1883,3.1893,3.1948,3.1953,3.1933,3.1943,6
2026-06-01 20:47:00,3.1883,3.1883,3.1863,3.1873,3.1933,3.1933,3.1913,3.1923,10
2026-06-01 20:49:00,3.1883,3.1903,3.1883,3.1893,3.1933,3.1953,3.1933,3.1943,6
2026-06-01 20:50:00,3.1883,3.1903,3.1883,3.1893,3.1933,3.1953,3.1933,3.1943,19
2026-06-01 20:51:00,3.1888,3.1893,3.1873,3.1883,3.1938,3.1943,3.1923,3.1933,7
2026-06-01 20:52:00,3.1878,3.1893,3.1878,3.1893,3.1928,3.1943,3.1928,3.1943,3
2026-06-01 20:53:00,3.1903,3.1913,3.1903,3.1913,3.1953,3.1963,3.1953,3.1963,2
2026-06-01 20:54:00,3.1923,3.1923,3.1903,3.1903,3.1973,3.1973,3.1953,3.1953,7
2026-06-01 20:55:00,3.1908,3.1913,3.1903,3.1913,3.1958,3.1963,3.1953,3.1963,8
2026-06-01 20:56:00,3.1908,3.1913,3.1908,3.1908,3.1958,3.1963,3.1958,3.1958,5
2026-06-01 20:57:00,3.1913,3.1918,3.1903,3.1903,3.1963,3.1968,3.1953,3.1953,8
2026-06-01 20:58:00,3.1893,3.1903,3.1893,3.1903,3.1943,3.1953,3.1943,3.1953,6
2026-06-01 20:59:00,3.1893,3.1903,3.1893,3.1903,3.1943,3.1953,3.1943,3.1953,2
2026-06-01 21:00:00,3.1893,3.1893,3.1873,3.1883,3.1943,3.1943,3.1923,3.1933,8
2026-06-01 21:01:00,3.1878,3.1883,3.1878,3.1883,3.1928,3.1933,3.1928,3.1933,2
2026-06-01 21:03:00,3.1893,3.1893,3.1883,3.1893,3.1943,3.1943,3.1933,3.1943,8
2026-06-01 21:04:00,3.1873,3.1883,3.1863,3.1873,3.1923,3.1933,3.1913,3.1923,6
2026-06-01 21:05:00,3.1883,3.1883,3.1863,3.1863,3.1933,3.1933,3.1913,3.1913,3
2026-06-01 21:06:00,3.1853,3.1863,3.1838,3.1843,3.1903,3.1913,3.1888,3.1893,11
2026-06-01 21:07:00,3.1853,3.1883,3.1853,3.1853,3.1903,3.1933,3.1903,3.1903,10
2026-06-01 21:08:00,3.1858,3.1863,3.1853,3.1853,3.1908,3.1913,3.1903,3.1903,5
2026-06-01 21:09:00,3.1848,3.1848,3.1833,3.1848,3.1898,3.1898,3.1883,3.1898,5
2026-06-01 21:10:00,3.1843,3.1843,3.1843,3.1843,3.1893,3.1893,3.1893,3.1893,1
2026-06-01 21:11:00,3.1853,3.1853,3.1853,3.1853,3.1903,3.1903,3.1903,3.1903,1
2026-06-01 21:12:00,3.1848,3.1853,3.1843,3.1853,3.1898,3.1903,3.1893,3.1903,7
2026-06-01 21:13:00,3.1848,3.1848,3.1848,3.1848,3.1898,3.1898,3.1898,3.1898,1
2026-06-01 21:14:00,3.1853,3.1853,3.1833,3.1833,3.1903,3.1903,3.1883,3.1883,11
2026-06-01 21:16:00,3.1843,3.1843,3.1803,3.1803,3.1893,3.1893,3.1853,3.1853,24
2026-06-01 21:17:00,3.1813,3.1813,3.1783,3.1793,3.1863,3.1863,3.1833,3.1843,16
2026-06-01 21:18:00,3.1788,3.1793,3.1773,3.1773,3.1838,3.1843,3.1823,3.1823,11
2026-06-01 21:19:00,3.1783,3.1783,3.1773,3.1783,3.1833,3.1833,3.1823,3.1833,5
2026-06-01 21:20:00,3.1793,3.1803,3.1793,3.1793,3.1843,3.1853,3.1843,3.1843,12
2026-06-01 21:23:00,3.1803,3.1803,3.1803,3.1803,3.1853,3.1853,3.1853,3.1853,1
2026-06-01 21:25:00,3.1813,3.1823,3.1803,3.1813,3.1863,3.1873,3.1853,3.1863,9
2026-06-01 21:27:00,3.1808,3.1893,3.1803,3.1863,3.1858,3.1943,3.1853,3.1913,19
2026-06-01 21:28:00,3.1873,3.1873,3.1868,3.1873,3.1923,3.1923,3.1918,3.1923,3
2026-06-01 21:29:00,3.1868,3.1873,3.1863,3.1868,3.1918,3.1923,3.1913,3.1918,8
2026-06-01 21:30:00,3.1873,3.1873,3.1853,3.1863,3.1923,3.1923,3.1903,3.1913,4
2026-06-01 21:31:00,3.1858,3.1863,3.1858,3.1863,3.1908,3.1913,3.1908,3.1913,2
2026-06-01 21:33:00,3.1868,3.1873,3.1868,3.1873,3.1918,3.1923,3.1918,3.1923,2
2026-06-01 21:35:00,3.1883,3.1893,3.1873,3.1873,3.1933,3.1943,3.1923,3.1923,8
2026-06-01 21:36:00,3.1863,3.1883,3.1863,3.1863,3.1913,3.1933,3.1913,3.1913,12
2026-06-01 21:37:00,3.1873,3.1883,3.1873,3.1873,3.1923,3.1933,3.1923,3.1923,3
2026-06-01 21:38:00,3.1883,3.1883,3.1873,3.1873,3.1933,3.1933,3.1923,3.1923,3
2026-06-01 21:39:00,3.1883,3.1883,3.1883,3.1883,3.1933,3.1933,3.1933,3.1933,1
2026-06-01 21:40:00,3.1873,3.1883,3.1873,3.1883,3.1923,3.1933,3.1923,3.1933,5
2026-06-01 21:41:00,3.1893,3.1903,3.1888,3.1903,3.1943,3.1953,3.1938,3.1953,6
2026-06-01 21:42:00,3.1898,3.1903,3.1893,3.1903,3.1948,3.1953,3.1943,3.1953,13
2026-06-01 21:43:00,3.1893,3.1903,3.1893,3.1903,3.1943,3.1953,3.1943,3.1953,5
2026-06-01 21:44:00,3.1898,3.1903,3.1898,3.1903,3.1948,3.1953,3.1948,3.1953,2
2026-06-01 21:45:00,3.1898,3.1903,3.1898,3.1903,3.1948,3.1953,3.1948,3.1953,2
2026-06-01 21:47:00,3.1893,3.1903,3.1883,3.1903,3.1943,3.1953,3.1933,3.1953,4
2026-06-01 21:48:00,3.1908,3.1913,3.1908,3.1913,3.1958,3.1963,3.1958,3.1963,2
2026-06-01 21:49:00,3.1918,3.1923,3.1918,3.1923,3.1968,3.1973,3.1968,3.1973,2
2026-06-01 21:50:00,3.1913,3.1923,3.1908,3.1913,3.1963,3.1973,3.1958,3.1963,10
2026-06-01 21:51:00,3.1903,3.1913,3.1903,3.1903,3.1953,3.1963,3.1953,3.1953,6
2026-06-01 21:52:00,3.1898,3.1898,3.1893,3.1893,3.1948,3.1948,3.1943,3.1943,2
2026-06-01 21:54:00,3.1883,3.1903,3.1883,3.1898,3.1933,3.1953,3.1933,3.1948,5
2026-06-01 21:55:00,3.1893,3.1893,3.1893,3.1893,3.1943,3.1943,3.1943,3.1943,1
2026-06-01 21:56:00,3.1903,3.1903,3.1903,3.1903,3.1953,3.1953,3.1953,3.1953,1
2026-06-01 21:57:00,3.1913,3.1913,3.1903,3.1913,3.1963,3.1963,3.1953,3.1963,7
2026-06-01 21:58:00,3.1903,3.1923,3.1893,3.1903,3.1953,3.1973,3.1943,3.1953,8
2026-06-01 21:59:00,3.1913,3.1913,3.1903,3.1903,3.1963,3.1963,3.1953,3.1953,2
2026-06-01 22:00:00,3.1898,3.1903,3.1893,3.1903,3.1948,3.1953,3.1943,3.1953,3
2026-06-01 22:01:00,3.1908,3.1923,3.1908,3.1923,3.1958,3.1973,3.1958,3.1973,4
2026-06-01 22:02:00,3.1913,3.1923,3.1913,3.1918,3.1963,3.1973,3.1963,3.1968,9
2026-06-01 22:03:00,3.1923,3.1923,3.1913,3.1918,3.1973,3.1973,3.1963,3.1968,4
2026-06-01 22:04:00,3.1923,3.1923,3.1923,3.1923,3.1973,3.1973,3.1973,3.1973,1
2026-06-01 22:05:00,3.1913,3.1923,3.1913,3.1918,3.1963,3.1973,3.1963,3.1968,3
2026-06-01 22:06:00,3.1923,3.1923,3.1923,3.1923,3.1973,3.1973,3.1973,3.1973,1
2026-06-01 22:07:00,3.1933,3.1943,3.1928,3.1933,3.1983,3.1993,3.1978,3.1983,8
2026-06-01 22:08:00,3.1938,3.1943,3.1923,3.1928,3.1988,3.1993,3.1973,3.1978,11
2026-06-01 22:09:00,3.1933,3.1933,3.1928,3.1933,3.1983,3.1983,3.1978,3.1983,5
2026-06-01 22:10:00,3.1943,3.1953,3.1943,3.1948,3.1993,3.2003,3.1993,3.1998,3
2026-06-01 22:11:00,3.1953,3.1963,3.1948,3.1953,3.2003,3.2013,3.1998,3.2003,10
2026-06-01 22:12:00,3.1948,3.1973,3.1948,3.1968,3.1998,3.2023,3.1998,3.2018,10
2026-06-01 22:13:00,3.1973,3.1973,3.1958,3.1958,3.2023,3.2023,3.2008,3.2008,6
2026-06-01 22:14:00,3.1963,3.1963,3.1958,3.1963,3.2013,3.2013,3.2008,3.2013,5
2026-06-01 22:15:00,3.1958,3.1973,3.1958,3.1973,3.2008,3.2023,3.2008,3.2023,8
2026-06-01 22:16:00,3.1963,3.1963,3.1963,3.1963,3.2013,3.2013,3.2013,3.2013,1
2026-06-01 22:17:00,3.1958,3.1958,3.1953,3.1958,3.2008,3.2008,3.2003,3.2008,3
2026-06-01 22:18:00,3.1953,3.1953,3.1933,3.1943,3.2003,3.2003,3.1983,3.1993,9
2026-06-01 22:19:00,3.1938,3.1943,3.1933,3.1943,3.1988,3.1993,3.1983,3.1993,10
2026-06-01 22:21:00,3.1963,3.1973,3.1948,3.1953,3.2013,3.2023,3.1998,3.2003,8
2026-06-01 22:22:00,3.1973,3.1973,3.1963,3.1963,3.2023,3.2023,3.2013,3.2013,2
2026-06-01 22:25:00,3.1973,3.1973,3.1963,3.1973,3.2023,3.2023,3.2013,3.2023,4
2026-06-01 22:28:00,3.1963,3.1973,3.1963,3.1973,3.2013,3.2023,3.2013,3.2023,7
2026-06-01 22:29:00,3.1983,3.1983,3.1963,3.1968,3.2033,3.2033,3.2013,3.2018,9
2026-06-01 22:30:00,3.1963,3.1968,3.1963,3.1963,3.2013,3.2018,3.2013,3.2013,3
2026-06-01 22:31:00,3.1953,3.1958,3.1953,3.1958,3.2003,3.2008,3.2003,3.2008,2
2026-06-01 22:33:00,3.1963,3.1963,3.1958,3.1958,3.2013,3.2013,3.2008,3.2008,2
2026-06-01 22:34:00,3.1953,3.1953,3.1953,3.1953,3.2003,3.2003,3.2003,3.2003,1
2026-06-01 22:35:00,3.1948,3.1953,3.1943,3.1953,3.1998,3.2003,3.1993,3.2003,4
2026-06-01 22:37:00,3.1943,3.1953,3.1943,3.1948,3.1993,3.2003,3.1993,3.1998,10
2026-06-01 22:38:00,3.1943,3.1943,3.1943,3.1943,3.1993,3.1993,3.1993,3.1993,1
2026-06-01 22:40:00,3.1933,3.1933,3.1933,3.1933,3.1983,3.1983,3.1983,3.1983,1
2026-06-01 22:41:00,3.1928,3.1928,3.1928,3.1928,3.1978,3.1978,3.1978,3.1978,1
2026-06-01 22:42:00,3.1933,3.1933,3.1928,3.1933,3.1983,3.1983,3.1978,3.1983,3
2026-06-01 22:43:00,3.1923,3.1938,3.1923,3.1938,3.1973,3.1988,3.1973,3.1988,9
2026-06-01 22:44:00,3.1943,3.1953,3.1933,3.1943,3.1993,3.2003,3.1983,3.1993,9
2026-06-01 22:45:00,3.1933,3.1943,3.1933,3.1943,3.1983,3.1993,3.1983,3.1993,8
2026-06-01 22:46:00,3.1933,3.1938,3.1933,3.1933,3.1983,3.1988,3.1983,3.1983,3
2026-06-01 22:47:00,3.1928,3.1933,3.1928,3.1928,3.1978,3.1983,3.1978,3.1978,3
2026-06-01 22:48:00,3.1933,3.1943,3.1928,3.1938,3.1983,3.1993,3.1978,3.1988,4
2026-06-01 22:49:00,3.1943,3.1943,3.1938,3.1938,3.1993,3.1993,3.1988,3.1988,2
2026-06-01 22:50:00,3.1933,3.1983,3.1933,3.1973,3.1983,3.2033,3.1983,3.2023,22
2026-06-01 22:51:00,3.1968,3.1973,3.1963,3.1973,3.2018,3.2023,3.2013,3.2023,4
2026-06-01 22:53:00,3.1968,3.1968,3.1968,3.1968,3.2018,3.2018,3.2018,3.2018,1
2026-06-01 22:54:00,3.1973,3.1973,3.1963,3.1973,3.2023,3.2023,3.2013,3.2023,4
2026-06-01 22:55:00,3.1968,3.1968,3.1948,3.1948,3.2018,3.2018,3.1998,3.1998,7
2026-06-01 22:56:00,3.1943,3.1953,3.1943,3.1943,3.1993,3.2003,3.1993,3.1993,4
2026-06-01 22:57:00,3.1948,3.1973,3.1943,3.1973,3.1998,3.2023,3.1993,3.2023,10
2026-06-01 22:58:00,3.1968,3.1983,3.1943,3.1963,3.2018,3.2033,3.1993,3.2013,14
2026-06-01 22:59:00,3.1953,3.1983,3.1953,3.1973,3.2003,3.2033,3.2003,3.2023,12
2026-06-02 00:00:00,3.2003,3.2063,3.1998,3.2028,3.2053,3.2113,3.2048,3.2078,31
2026-06-02 00:01:00,3.2033,3.2043,3.2033,3.2033,3.2083,3.2093,3.2083,3.2083,5
2026-06-02 00:02:00,3.2043,3.2058,3.2038,3.2038,3.2093,3.2108,3.2088,3.2088,5
2026-06-02 00:03:00,3.2048,3.2048,3.2008,3.2008,3.2098,3.2098,3.2058,3.2058,11
2026-06-02 00:04:00,3.2018,3.2018,3.2008,3.2008,3.2068,3.2068,3.2058,3.2058,5
2026-06-02 00:05:00,3.2003,3.2003,3.1973,3.1973,3.2053,3.2053,3.2023,3.2023,5
2026-06-02 00:06:00,3.1978,3.2023,3.1978,3.2008,3.2028,3.2073,3.2028,3.2058,8
2026-06-02 00:07:00,3.1998,3.1998,3.1993,3.1993,3.2048,3.2048,3.2043,3.2043,2
2026-06-02 00:10:00,3.1998,3.1998,3.1988,3.1993,3.2048,3.2048,3.2038,3.2043,3
2026-06-02 00:13:00,3.1998,3.2003,3.1998,3.2003,3.2048,3.2053,3.2048,3.2053,2
2026-06-02 00:16:00,3.1998,3.1998,3.1998,3.1998,3.2048,3.2048,3.2048,3.2048,1
2026-06-02 00:17:00,3.1988,3.1988,3.1988,3.1988,3.2038,3.2038,3.2038,3.2038,1
2026-06-02 00:19:00,3.1983,3.1983,3.1973,3.1978,3.2033,3.2033,3.2023,3.2028,3
2026-06-02 00:21:00,3.1968,3.1978,3.1968,3.1973,3.2018,3.2028,3.2018,3.2023,5
2026-06-02 00:22:00,3.1978,3.1978,3.1973,3.1973,3.2028,3.2028,3.2023,3.2023,2
2026-06-02 00:23:00,3.1968,3.1968,3.1968,3.1968,3.2018,3.2018,3.2018,3.2018,1
2026-06-02 00:24:00,3.1963,3.1963,3.1963,3.1963,3.2013,3.2013,3.2013,3.2013,1
2026-06-02 00:25:00,3.1968,3.1973,3.1963,3.1973,3.2018,3.2023,3.2013,3.2023,4
2026-06-02 00:26:00,3.1968,3.1968,3.1968,3.1968,3.2018,3.2018,3.2018,3.2018,1
2026-06-02 00:27:00,3.1973,3.1978,3.1973,3.1978,3.2023,3.2028,3.2023,3.2028,4
2026-06-02 00:28:00,3.1983,3.1988,3.1983,3.1983,3.2033,3.2038,3.2033,3.2033,3
2026-06-02 00:29:00,3.1988,3.1988,3.1983,3.1988,3.2038,3.2038,3.2033,3.2038,3
2026-06-02 00:30:00,3.1983,3.1988,3.1983,3.1988,3.2033,3.2038,3.2033,3.2038,2
2026-06-02 00:33:00,3.1983,3.1983,3.1983,3.1983,3.2033,3.2033,3.2033,3.2033,1
2026-06-02 00:35:00,3.1978,3.1978,3.1978,3.1978,3.2028,3.2028,3.2028,3.2028,1
2026-06-02 00:38:00,3.1963,3.1963,3.1963,3.1963,3.2013,3.2013,3.2013,3.2013,1
2026-06-02 00:39:00,3.1958,3.1963,3.1958,3.1963,3.2008,3.2013,3.2008,3.2013,2
2026-06-02 00:40:00,3.1968,3.1983,3.1968,3.1983,3.2018,3.2033,3.2018,3.2033,3
2026-06-02 00:42:00,3.1978,3.1978,3.1978,3.1978,3.2028,3.2028,3.2028,3.2028,1
2026-06-02 00:46:00,3.1973,3.1973,3.1973,3.1973,3.2023,3.2023,3.2023,3.2023,1
2026-06-02 00:49:00,3.1978,3.1978,3.1978,3.1978,3.2028,3.2028,3.2028,3.2028,1
2026-06-02 00:50:00,3.1973,3.1978,3.1973,3.1978,3.2023,3.2028,3.2023,3.2028,2
2026-06-02 00:51:00,3.1963,3.1968,3.1943,3.1948,3.2013,3.2018,3.1993,3.1998,6
2026-06-02 00:52:00,3.1953,3.1958,3.1953,3.1958,3.2003,3.2008,3.2003,3.2008,2
2026-06-02 00:53:00,3.1953,3.1953,3.1953,3.1953,3.2003,3.2003,3.2003,3.2003,1
2026-06-02 00:54:00,3.1958,3.1958,3.1943,3.1943,3.2008,3.2008,3.1993,3.1993,3
2026-06-02 00:55:00,3.1948,3.1958,3.1948,3.1958,3.1998,3.2008,3.1998,3.2008,2
2026-06-02 00:57:00,3.1948,3.1948,3.1948,3.1948,3.1998,3.1998,3.1998,3.1998,1
2026-06-02 00:58:00,3.1958,3.1958,3.1948,3.1948,3.2008,3.2008,3.1998,3.1998,3
2026-06-02 00:59:00,3.1943,3.1958,3.1943,3.1958,3.1993,3.2008,3.1993,3.2008,3
2026-06-02 01:00:00,3.1948,3.1948,3.1943,3.1943,3.1998,3.1998,3.1993,3.1993,2
2026-06-02 01:03:00,3.1948,3.1948,3.1908,3.1918,3.1998,3.1998,3.1958,3.1968,10
2026-06-02 01:04:00,3.1928,3.1938,3.1928,3.1928,3.1978,3.1988,3.1978,3.1978,4
2026-06-02 01:05:00,3.1933,3.1933,3.1933,3.1933,3.1983,3.1983,3.1983,3.1983,1
2026-06-02 01:06:00,3.1928,3.1928,3.1923,3.1928,3.1978,3.1978,3.1973,3.1978,3
2026-06-02 01:10:00,3.1933,3.1933,3.1933,3.1933,3.1983,3.1983,3.1983,3.1983,1
2026-06-02 01:11:00,3.1938,3.1948,3.1938,3.1948,3.1988,3.1998,3.1988,3.1998,2
2026-06-02 01:12:00,3.1938,3.1958,3.1933,3.1938,3.1988,3.2008,3.1983,3.1988,8
2026-06-02 01:14:00,3.1933,3.1933,3.1928,3.1933,3.1983,3.1983,3.1978,3.1983,3
2026-06-02 01:16:00,3.1938,3.1938,3.1933,3.1933,3.1988,3.1988,3.1983,3.1983,2
2026-06-02 01:20:00,3.1928,3.1928,3.1928,3.1928,3.1978,3.1978,3.1978,3.1978,1
2026-06-02 01:26:00,3.1938,3.1938,3.1938,3.1938,3.1988,3.1988,3.1988,3.1988,1
2026-06-02 01:27:00,3.1933,3.1938,3.1933,3.1938,3.1983,3.1988,3.1983,3.1988,2
2026-06-02 01:28:00,3.1933,3.1933,3.1933,3.1933,3.1983,3.1983,3.1983,3.1983,1
2026-06-02 01:31:00,3.1918,3.1923,3.1918,3.1923,3.1968,3.1973,3.1968,3.1973,2
2026-06-02 01:32:00,3.1918,3.1918,3.1918,3.1918,3.1968,3.1968,3.1968,3.1968,1
2026-06-02 01:33:00,3.1913,3.1918,3.1913,3.1918,3.1963,3.1968,3.1963,3.1968,2
2026-06-02 01:34:00,3.1928,3.1943,3.1928,3.1933,3.1978,3.1993,3.1978,3.1983,5
2026-06-02 01:36:00,3.1943,3.1943,3.1938,3.1938,3.1993,3.1993,3.1988,3.1988,2
2026-06-02 01:39:00,3.1933,3.1933,3.1933,3.1933,3.1983,3.1983,3.1983,3.1983,1
2026-06-02 01:40:00,3.1928,3.1928,3.1918,3.1918,3.1978,3.1978,3.1968,3.1968,3
2026-06-02 01:41:00,3.1913,3.1913,3.1913,3.1913,3.1963,3.1963,3.1963,3.1963,1
2026-06-02 01:44:00,3.1918,3.1918,3.1918,3.1918,3.1968,3.1968,3.1968,3.1968,1
2026-06-02 01:47:00,3.1913,3.1913,3.1908,3.1908,3.1963,3.1963,3.1958,3.1958,2
2026-06-02 01:49:00,3.1898,3.1898,3.1898,3.1898,3.1948,3.1948,3.1948,3.1948,1
2026-06-02 01:50:00,3.1888,3.1888,3.1868,3.1873,3.1938,3.1938,3.1918,3.1923,17
2026-06-02 01:51:00,3.1878,3.1878,3.1868,3.1873,3.1928,3.1928,3.1918,3.1923,3
2026-06-02 01:52:00,3.1888,3.1888,3.1888,3.1888,3.1938,3.1938,3.1938,3.1938,1
2026-06-02 01:54:00,3.1898,3.1898,3.1883,3.1883,3.1948,3.1948,3.1933,3.1933,3
2026-06-02 01:57:00,3.1888,3.1888,3.1883,3.1883,3.1938,3.1938,3.1933,3.1933,2
2026-06-02 01:58:00,3.1878,3.1888,3.1868,3.1878,3.1928,3.1938,3.1918,3.1928,5
2026-06-02 01:59:00,3.1868,3.1868,3.1848,3.1848,3.1918,3.1918,3.1898,3.1898,5
2026-06-02 02:00:00,3.1843,3.1863,3.1803,3.1858,3.1893,3.1913,3.1853,3.1908,29
2026-06-02 02:01:00,3.1868,3.1878,3.1868,3.1873,3.1918,3.1928,3.1918,3.1923,3
2026-06-02 02:02:00,3.1878,3.1878,3.1878,3.1878,3.1928,3.1928,3.1928,3.1928,1
2026-06-02 02:03:00,3.1883,3.1898,3.1883,3.1893,3.1933,3.1948,3.1933,3.1943,10
2026-06-02 02:04:00,3.1898,3.1898,3.1848,3.1853,3.1948,3.1948,3.1898,3.1903,9
2026-06-02 02:05:00,3.1858,3.1888,3.1858,3.1878,3.1908,3.1938,3.1908,3.1928,11
2026-06-02 02:06:00,3.1883,3.1898,3.1883,3.1898,3.1933,3.1948,3.1933,3.1948,4
2026-06-02 02:07:00,3.1893,3.1893,3.1868,3.1873,3.1943,3.1943,3.1918,3.1923,10
2026-06-02 02:08:00,3.1878,3.1918,3.1878,3.1898,3.1928,3.1968,3.1928,3.1948,23
2026-06-02 02:09:00,3.1893,3.1898,3.1888,3.1893,3.1943,3.1948,3.1938,3.1943,5
2026-06-02 02:10:00,3.1898,3.1913,3.1888,3.1888,3.1948,3.1963,3.1938,3.1938,6
2026-06-02 02:11:00,3.1883,3.1888,3.1883,3.1888,3.1933,3.1938,3.1933,3.1938,2
2026-06-02 02:12:00,3.1883,3.1888,3.1858,3.1863,3.1933,3.1938,3.1908,3.1913,12
2026-06-02 02:13:00,3.1868,3.1878,3.1858,3.1863,3.1918,3.1928,3.1908,3.1913,8
2026-06-02 02:14:00,3.1858,3.1858,3.1833,3.1833,3.1908,3.1908,3.1883,3.1883,4
2026-06-02 02:15:00,3.1828,3.1838,3.1813,3.1833,3.1878,3.1888,3.1863,3.1883,8
2026-06-02 02:16:00,3.1838,3.1848,3.1828,3.1833,3.1888,3.1898,3.1878,3.1883,9
2026-06-02 02:17:00,3.1828,3.1848,3.1828,3.1848,3.1878,3.1898,3.1878,3.1898,3
2026-06-02 02:18:00,3.1858,3.1893,3.1858,3.1893,3.1908,3.1943,3.1908,3.1943,9
2026-06-02 02:19:00,3.1888,3.1888,3.1888,3.1888,3.1938,3.1938,3.1938,3.1938,1
2026-06-02 02:20:00,3.1893,3.1908,3.1893,3.1908,3.1943,3.1958,3.1943,3.1958,4
2026-06-02 02:21:00,3.1918,3.1918,3.1893,3.1898,3.1968,3.1968,3.1943,3.1948,5
2026-06-02 02:22:00,3.1908,3.1913,3.1908,3.1913,3.1958,3.1963,3.1958,3.1963,2
2026-06-02 02:24:00,3.1918,3.1928,3.1913,3.1918,3.1968,3.1978,3.1963,3.1968,7
2026-06-02 02:25:00,3.1913,3.1928,3.1913,3.1928,3.1963,3.1978,3.1963,3.1978,4
2026-06-02 02:27:00,3.1918,3.1928,3.1913,3.1928,3.1968,3.1978,3.1963,3.1978,7
2026-06-02 02:28:00,3.1923,3.1923,3.1923,3.1923,3.1973,3.1973,3.1973,3.1973,1
2026-06-02 02:29:00,3.1928,3.1928,3.1918,3.1923,3.1978,3.1978,3.1968,3.1973,3
2026-06-02 02:30:00,3.1928,3.1928,3.1913,3.1913,3.1978,3.1978,3.1963,3.1963,3
2026-06-02 02:32:00,3.1918,3.1918,3.1893,3.1903,3.1968,3.1968,3.1943,3.1953,7
2026-06-02 02:33:00,3.1908,3.1908,3.1908,3.1908,3.1958,3.1958,3.1958,3.1958,1
2026-06-02 02:34:00,3.1918,3.1923,3.1918,3.1923,3.1968,3.1973,3.1968,3.1973,2
2026-06-02 02:35:00,3.1928,3.1928,3.1923,3.1928,3.1978,3.1978,3.1973,3.1978,3
2026-06-02 02:36:00,3.1923,3.1923,3.1918,3.1918,3.1973,3.1973,3.1968,3.1968,2
2026-06-02 02:37:00,3.1923,3.1928,3.1923,3.1923,3.1973,3.1978,3.1973,3.1973,3
2026-06-02 02:38:00,3.1928,3.1928,3.1913,3.1918,3.1978,3.1978,3.1963,3.1968,4
2026-06-02 02:40:00,3.1923,3.1928,3.1913,3.1928,3.1973,3.1978,3.1963,3.1978,4
2026-06-02 02:42:00,3.1938,3.1978,3.1933,3.1973,3.1988,3.2028,3.1983,3.2023,16
2026-06-02 02:43:00,3.1978,3.1988,3.1973,3.1988,3.2028,3.2038,3.2023,3.2038,4
2026-06-02 02:44:00,3.1993,3.1998,3.1988,3.1998,3.2043,3.2048,3.2038,3.2048,3
2026-06-02 02:46:00,3.2003,3.2008,3.1998,3.2008,3.2053,3.2058,3.2048,3.2058,7
2026-06-02 02:47:00,3.2003,3.2003,3.1998,3.1998,3.2053,3.2053,3.2048,3.2048,2
2026-06-02 02:48:00,3.1993,3.1993,3.1978,3.1978,3.2043,3.2043,3.2028,3.2028,3
2026-06-02 02:49:00,3.1973,3.1988,3.1973,3.1983,3.2023,3.2038,3.2023,3.2033,6
2026-06-02 02:50:00,3.1978,3.1978,3.1968,3.1973,3.2028,3.2028,3.2018,3.2023,4
2026-06-02 02:51:00,3.1968,3.1978,3.1968,3.1978,3.2018,3.2028,3.2018,3.2028,2
2026-06-02 02:52:00,3.1983,3.1988,3.1973,3.1973,3.2033,3.2038,3.2023,3.2023,6
2026-06-02 02:53:00,3.1958,3.1958,3.1948,3.1948,3.2008,3.2008,3.1998,3.1998,2
2026-06-02 02:54:00,3.1943,3.1948,3.1938,3.1948,3.1993,3.1998,3.1988,3.1998,3
2026-06-02 02:55:00,3.1943,3.1948,3.1943,3.1943,3.1993,3.1998,3.1993,3.1993,3
2026-06-02 02:56:00,3.1948,3.1953,3.1948,3.1948,3.1998,3.2003,3.1998,3.1998,3
2026-06-02 02:57:00,3.1953,3.1968,3.1953,3.1968,3.2003,3.2018,3.2003,3.2018,5
2026-06-02 02:58:00,3.1963,3.1963,3.1953,3.1958,3.2013,3.2013,3.2003,3.2008,6
2026-06-02 02:59:00,3.1968,3.1968,3.1928,3.1933,3.2018,3.2018,3.1978,3.1983,15
2026-06-02 03:00:00,3.1928,3.1968,3.1918,3.1968,3.1978,3.2018,3.1968,3.2018,21
2026-06-02 03:01:00,3.1963,3.1978,3.1963,3.1968,3.2013,3.2028,3.2013,3.2018,8
2026-06-02 03:02:00,3.1963,3.1968,3.1953,3.1963,3.2013,3.2018,3.2003,3.2013,10
2026-06-02 03:03:00,3.1958,3.1968,3.1948,3.1948,3.2008,3.2018,3.1998,3.1998,13
2026-06-02 03:04:00,3.1953,3.1958,3.1948,3.1948,3.2003,3.2008,3.1998,3.1998,4
2026-06-02 03:05:00,3.1938,3.1943,3.1923,3.1933,3.1988,3.1993,3.1973,3.1983,9
2026-06-02 03:06:00,3.1928,3.1928,3.1918,3.1928,3.1978,3.1978,3.1968,3.1978,7
2026-06-02 03:07:00,3.1923,3.1928,3.1923,3.1928,3.1973,3.1978,3.1973,3.1978,4
2026-06-02 03:08:00,3.1933,3.1938,3.1928,3.1938,3.1983,3.1988,3.1978,3.1988,5
2026-06-02 03:09:00,3.1943,3.1948,3.1938,3.1938,3.1993,3.1998,3.1988,3.1988,4
2026-06-02 03:10:00,3.1948,3.1948,3.1943,3.1943,3.1998,3.1998,3.1993,3.1993,2
2026-06-02 03:11:00,3.1948,3.1948,3.1938,3.1938,3.1998,3.1998,3.1988,3.1988,2
2026-06-02 03:12:00,3.1933,3.1933,3.1918,3.1928,3.1983,3.1983,3.1968,3.1978,7
2026-06-02 03:13:00,3.1918,3.1923,3.1908,3.1918,3.1968,3.1973,3.1958,3.1968,8
2026-06-02 03:14:00,3.1913,3.1923,3.1908,3.1923,3.1963,3.1973,3.1958,3.1973,9
2026-06-02 03:15:00,3.1928,3.1928,3.1918,3.1923,3.1978,3.1978,3.1968,3.1973,7
2026-06-02 03:16:00,3.1928,3.1948,3.1928,3.1948,3.1978,3.1998,3.1978,3.1998,8
2026-06-02 03:18:00,3.1958,3.1958,3.1958,3.1958,3.2008,3.2008,3.2008,3.2008,1
2026-06-02 03:19:00,3.1963,3.1968,3.1958,3.1958,3.2013,3.2018,3.2008,3.2008,9
2026-06-02 03:20:00,3.1963,3.1968,3.1958,3.1958,3.2013,3.2018,3.2008,3.2008,5
2026-06-02 03:21:00,3.1963,3.1978,3.1958,3.1958,3.2013,3.2028,3.2008,3.2008,11
2026-06-02 03:22:00,3.1953,3.1963,3.1953,3.1963,3.2003,3.2013,3.2003,3.2013,3
2026-06-02 03:23:00,3.1958,3.1968,3.1958,3.1968,3.2008,3.2018,3.2008,3.2018,3
2026-06-02 03:24:00,3.1963,3.1978,3.1963,3.1978,3.2013,3.2028,3.2013,3.2028,3
2026-06-02 03:25:00,3.1983,3.1998,3.1968,3.1998,3.2033,3.2048,3.2018,3.2048,14
2026-06-02 03:26:00,3.1993,3.1998,3.1988,3.1988,3.2043,3.2048,3.2038,3.2038,4
2026-06-02 03:27:00,3.1998,3.1998,3.1993,3.1993,3.2048,3.2048,3.2043,3.2043,4
2026-06-02 03:28:00,3.1998,3.1998,3.1988,3.1988,3.2048,3.2048,3.2038,3.2038,2
2026-06-02 03:29:00,3.1993,3.2028,3.1988,3.2008,3.2043,3.2078,3.2038,3.2058,14
2026-06-02 03:30:00,3.2003,3.2013,3.1993,3.2013,3.2053,3.2063,3.2043,3.2063,9
2026-06-02 03:31:00,3.2018,3.2023,3.2018,3.2018,3.2068,3.2073,3.2068,3.2068,3
2026-06-02 03:33:00,3.2023,3.2023,3.2018,3.2023,3.2073,3.2073,3.2068,3.2073,3
2026-06-02 03:34:00,3.2018,3.2028,3.2008,3.2008,3.2068,3.2078,3.2058,3.2058,12
2026-06-02 03:35:00,3.2018,3.2018,3.1988,3.1988,3.2068,3.2068,3.2038,3.2038,6
2026-06-02 03:36:00,3.1978,3.1978,3.1958,3.1968,3.2028,3.2028,3.2008,3.2018,11
2026-06-02 03:37:00,3.1973,3.1988,3.1973,3.1978,3.2023,3.2038,3.2023,3.2028,5
2026-06-02 03:39:00,3.1968,3.1978,3.1968,3.1978,3.2018,3.2028,3.2018,3.2028,2
2026-06-02 03:40:00,3.1988,3.1993,3.1983,3.1993,3.2038,3.2043,3.2033,3.2043,8
2026-06-02 03:41:00,3.1988,3.1988,3.1988,3.1988,3.2038,3.2038,3.2038,3.2038,1
2026-06-02 03:42:00,3.1983,3.1983,3.1983,3.1983,3.2033,3.2033,3.2033,3.2033,1
2026-06-02 03:43:00,3.1978,3.1983,3.1968,3.1983,3.2028,3.2033,3.2018,3.2033,7
2026-06-02 03:44:00,3.1988,3.1988,3.1988,3.1988,3.2038,3.2038,3.2038,3.2038,1
2026-06-02 03:46:00,3.1998,3.1998,3.1998,3.1998,3.2048,3.2048,3.2048,3.2048,1
2026-06-02 03:48:00,3.2003,3.2028,3.1998,3.2028,3.2053,3.2078,3.2048,3.2078,11
2026-06-02 03:49:00,3.2023,3.2023,3.2008,3.2013,3.2073,3.2073,3.2058,3.2063,8
2026-06-02 03:50:00,3.2018,3.2018,3.2008,3.2013,3.2068,3.2068,3.2058,3.2063,4
2026-06-02 03:52:00,3.2018,3.2028,3.2008,3.2018,3.2068,3.2078,3.2058,3.2068,7
2026-06-02 03:53:00,3.2013,3.2013,3.2008,3.2008,3.2063,3.2063,3.2058,3.2058,2
2026-06-02 03:54:00,3.1998,3.1998,3.1998,3.1998,3.2048,3.2048,3.2048,3.2048,1
2026-06-02 03:55:00,3.2008,3.2028,3.2008,3.2028,3.2058,3.2078,3.2058,3.2078,3
2026-06-02 03:56:00,3.2023,3.2023,3.2023,3.2023,3.2073,3.2073,3.2073,3.2073,1
2026-06-02 03:58:00,3.2028,3.2028,3.2023,3.2023,3.2078,3.2078,3.2073,3.2073,8
2026-06-02 03:59:00,3.2028,3.2028,3.2028,3.2028,3.2078,3.2078,3.2078,3.2078,1
2026-06-02 04:00:00,3.2033,3.2033,3.1998,3.2003,3.2083,3.2083,3.2048,3.2053,12
2026-06-02 04:01:00,3.1998,3.2008,3.1998,3.2008,3.2048,3.2058,3.2048,3.2058,4
2026-06-02 04:02:00,3.2018,3.2018,3.2008,3.2008,3.2068,3.2068,3.2058,3.2058,3
2026-06-02 04:03:00,3.2013,3.2013,3.2008,3.2008,3.2063,3.2063,3.2058,3.2058,10
2026-06-02 04:04:00,3.2013,3.2018,3.2008,3.2018,3.2063,3.2068,3.2058,3.2068,6
2026-06-02 04:05:00,3.2023,3.2028,3.2018,3.2018,3.2073,3.2078,3.2068,3.2068,5
2026-06-02 04:07:00,3.2028,3.2028,3.2018,3.2018,3.2078,3.2078,3.2068,3.2068,5
2026-06-02 04:08:00,3.2013,3.2013,3.2013,3.2013,3.2063,3.2063,3.2063,3.2063,1
2026-06-02 04:09:00,3.2018,3.2028,3.2018,3.2023,3.2068,3.2078,3.2068,3.2073,5
2026-06-02 04:11:00,3.2028,3.2028,3.2028,3.2028,3.2078,3.2078,3.2078,3.2078,1
2026-06-02 04:13:00,3.2038,3.2038,3.2033,3.2033,3.2088,3.2088,3.2083,3.2083,4
2026-06-02 04:15:00,3.2048,3.2048,3.2028,3.2028,3.2098,3.2098,3.2078,3.2078,3
2026-06-02 04:16:00,3.2033,3.2038,3.2033,3.2038,3.2083,3.2088,3.2083,3.2088,2
2026-06-02 04:17:00,3.2033,3.2038,3.2033,3.2038,3.2083,3.2088,3.2083,3.2088,2
2026-06-02 04:25:00,3.2028,3.2028,3.2008,3.2023,3.2078,3.2078,3.2058,3.2073,7
2026-06-02 04:26:00,3.2028,3.2028,3.2018,3.2018,3.2078,3.2078,3.2068,3.2068,3
2026-06-02 04:27:00,3.2008,3.2018,3.2003,3.2008,3.2058,3.2068,3.2053,3.2058,6
2026-06-02 04:28:00,3.2018,3.2033,3.2018,3.2033,3.2068,3.2083,3.2068,3.2083,4
2026-06-02 04:30:00,3.2028,3.2038,3.2018,3.2033,3.2078,3.2088,3.2068,3.2083,13
2026-06-02 04:31:00,3.2038,3.2048,3.2033,3.2048,3.2088,3.2098,3.2083,3.2098,4
2026-06-02 04:32:00,3.2038,3.2053,3.2038,3.2053,3.2088,3.2103,3.2088,3.2103,4
2026-06-02 04:33:00,3.2058,3.2058,3.2058,3.2058,3.2108,3.2108,3.2108,3.2108,1
2026-06-02 04:36:00,3.2053,3.2058,3.2053,3.2058,3.2103,3.2108,3.2103,3.2108,2
2026-06-02 04:38:00,3.2048,3.2053,3.2048,3.2053,3.2098,3.2103,3.2098,3.2103,2
2026-06-02 04:39:00,3.2048,3.2048,3.2048,3.2048,3.2098,3.2098,3.2098,3.2098,1
2026-06-02 04:40:00,3.2053,3.2053,3.2038,3.2048,3.2103,3.2103,3.2088,3.2098,4
2026-06-02 04:41:00,3.2053,3.2053,3.2053,3.2053,3.2103,3.2103,3.2103,3.2103,1
2026-06-02 04:42:00,3.2058,3.2088,3.2058,3.2088,3.2108,3.2138,3.2108,3.2138,9
2026-06-02 04:43:00,3.2078,3.2078,3.2058,3.2068,3.2128,3.2128,3.2108,3.2118,8
2026-06-02 04:44:00,3.2058,3.2058,3.2048,3.2048,3.2108,3.2108,3.2098,3.2098,3
2026-06-02 04:46:00,3.2053,3.2053,3.2048,3.2048,3.2103,3.2103,3.2098,3.2098,4
2026-06-02 04:47:00,3.2053,3.2053,3.2038,3.2038,3.2103,3.2103,3.2088,3.2088,4
2026-06-02 04:48:00,3.2043,3.2053,3.2043,3.2053,3.2093,3.2103,3.2093,3.2103,5
2026-06-02 04:49:00,3.2058,3.2068,3.2053,3.2053,3.2108,3.2118,3.2103,3.2103,4
2026-06-02 04:51:00,3.2048,3.2053,3.2048,3.2048,3.2098,3.2103,3.2098,3.2098,3
2026-06-02 04:52:00,3.2053,3.2058,3.2053,3.2053,3.2103,3.2108,3.2103,3.2103,5
2026-06-02 04:53:00,3.2043,3.2048,3.2043,3.2048,3.2093,3.2098,3.2093,3.2098,2
2026-06-02 04:54:00,3.2058,3.2058,3.2048,3.2048,3.2108,3.2108,3.2098,3.2098,2
2026-06-02 04:55:00,3.2038,3.2038,3.2033,3.2038,3.2088,3.2088,3.2083,3.2088,3
2026-06-02 04:56:00,3.2043,3.2063,3.2043,3.2058,3.2093,3.2113,3.2093,3.2108,4
2026-06-02 04:57:00,3.2063,3.2063,3.2063,3.2063,3.2113,3.2113,3.2113,3.2113,1
2026-06-02 04:58:00,3.2058,3.2058,3.2053,3.2053,3.2108,3.2108,3.2103,3.2103,2
2026-06-02 05:00:00,3.2048,3.2053,3.2048,3.2053,3.2098,3.2103,3.2098,3.2103,2
2026-06-02 05:01:00,3.2048,3.2048,3.2028,3.2028,3.2098,3.2098,3.2078,3.2078,3
2026-06-02 05:02:00,3.2038,3.2038,3.2028,3.2033,3.2088,3.2088,3.2078,3.2083,6
2026-06-02 05:03:00,3.2028,3.2038,3.2028,3.2038,3.2078,3.2088,3.2078,3.2088,3
2026-06-02 05:04:00,3.2043,3.2048,3.2043,3.2048,3.2093,3.2098,3.2093,3.2098,4
2026-06-02 05:05:00,3.2053,3.2053,3.2053,3.2053,3.2103,3.2103,3.2103,3.2103,1
2026-06-02 05:06:00,3.2058,3.2058,3.2048,3.2058,3.2108,3.2108,3.2098,3.2108,3
2026-06-02 05:08:00,3.2063,3.2063,3.2063,3.2063,3.2113,3.2113,3.2113,3.2113,1
2026-06-02 05:09:00,3.2078,3.2078,3.2068,3.2068,3.2128,3.2128,3.2118,3.2118,9
2026-06-02 05:12:00,3.2063,3.2063,3.2063,3.2063,3.2113,3.2113,3.2113,3.2113,1
2026-06-02 05:13:00,3.2068,3.2068,3.2068,3.2068,3.2118,3.2118,3.2118,3.2118,1
2026-06-02 05:14:00,3.2058,3.2058,3.2058,3.2058,3.2108,3.2108,3.2108,3.2108,1
2026-06-02 05:15:00,3.2053,3.2058,3.2048,3.2048,3.2103,3.2108,3.2098,3.2098,7
2026-06-02 05:16:00,3.2058,3.2058,3.2048,3.2048,3.2108,3.2108,3.2098,3.2098,2
2026-06-02 05:17:00,3.2058,3.2058,3.2048,3.2048,3.2108,3.2108,3.2098,3.2098,8
2026-06-02 05:18:00,3.2058,3.2068,3.2058,3.2063,3.2108,3.2118,3.2108,3.2113,6
2026-06-02 05:19:00,3.2068,3.2068,3.2063,3.2063,3.2118,3.2118,3.2113,3.2113,2
2026-06-02 05:21:00,3.2058,3.2063,3.2033,3.2043,3.2108,3.2113,3.2083,3.2093,20
2026-06-02 05:22:00,3.2048,3.2048,3.2038,3.2038,3.2098,3.2098,3.2088,3.2088,3
2026-06-02 05:23:00,3.2028,3.2038,3.2028,3.2038,3.2078,3.2088,3.2078,3.2088,3
2026-06-02 05:25:00,3.2033,3.2038,3.2033,3.2038,3.2083,3.2088,3.2083,3.2088,2
2026-06-02 05:26:00,3.2028,3.2028,3.2028,3.2028,3.2078,3.2078,3.2078,3.2078,1
2026-06-02 05:27:00,3.2038,3.2038,3.2038,3.2038,3.2088,3.2088,3.2088,3.2088,1
2026-06-02 05:31:00,3.2028,3.2028,3.2028,3.2028,3.2078,3.2078,3.2078,3.2078,1
2026-06-02 05:32:00,3.2018,3.2018,3.1988,3.1988,3.2068,3.2068,3.2038,3.2038,7
2026-06-02 05:33:00,3.1998,3.1998,3.1988,3.1988,3.2048,3.2048,3.2038,3.2038,2
2026-06-02 05:34:00,3.1993,3.1993,3.1988,3.1988,3.2043,3.2043,3.2038,3.2038,2
2026-06-02 05:35:00,3.1978,3.1988,3.1978,3.1988,3.2028,3.2038,3.2028,3.2038,4
2026-06-02 05:36:00,3.1978,3.1993,3.1978,3.1993,3.2028,3.2043,3.2028,3.2043,4
2026-06-02 05:37:00,3.1988,3.2018,3.1988,3.2013,3.2038,3.2068,3.2038,3.2063,6
2026-06-02 05:38:00,3.2018,3.2018,3.2018,3.2018,3.2068,3.2068,3.2068,3.2068,1
2026-06-02 05:39:00,3.2028,3.2028,3.2018,3.2028,3.2078,3.2078,3.2068,3.2078,5
2026-06-02 05:40:00,3.2033,3.2033,3.2033,3.2033,3.2083,3.2083,3.2083,3.2083,1
2026-06-02 05:41:00,3.2038,3.2038,3.2023,3.2028,3.2088,3.2088,3.2073,3.2078,5
2026-06-02 05:42:00,3.2018,3.2028,3.2018,3.2028,3.2068,3.2078,3.2068,3.2078,3
2026-06-02 05:45:00,3.2018,3.2018,3.1988,3.1998,3.2068,3.2068,3.2038,3.2048,8
2026-06-02 05:46:00,3.2003,3.2013,3.2003,3.2013,3.2053,3.2063,3.2053,3.2063,3
2026-06-02 05:47:00,3.2018,3.2028,3.2018,3.2018,3.2068,3.2078,3.2068,3.2068,4
2026-06-02 05:48:00,3.2023,3.2023,3.2023,3.2023,3.2073,3.2073,3.2073,3.2073,1
2026-06-02 05:49:00,3.2028,3.2028,3.2018,3.2018,3.2078,3.2078,3.2068,3.2068,2
2026-06-02 05:51:00,3.2008,3.2013,3.2008,3.2013,3.2058,3.2063,3.2058,3.2063,2
2026-06-02 05:52:00,3.2008,3.2018,3.2008,3.2018,3.2058,3.2068,3.2058,3.2068,3
2026-06-02 05:54:00,3.2013,3.2013,3.1978,3.1983,3.2063,3.2063,3.2028,3.2033,8
2026-06-02 05:55:00,3.1978,3.1978,3.1978,3.1978,3.2028,3.2028,3.2028,3.2028,1
2026-06-02 05:56:00,3.1968,3.1978,3.1958,3.1968,3.2018,3.2028,3.2008,3.2018,15
2026-06-02 05:57:00,3.1978,3.1978,3.1968,3.1978,3.2028,3.2028,3.2018,3.2028,4
2026-06-02 05:58:00,3.1968,3.1988,3.1968,3.1978,3.2018,3.2038,3.2018,3.2028,11
2026-06-02 05:59:00,3.1988,3.1988,3.1988,3.1988,3.2038,3.2038,3.2038,3.2038,1
2026-06-02 06:00:00,3.1983,3.1993,3.1983,3.1993,3.2033,3.2043,3.2033,3.2043,5
2026-06-02 06:01:00,3.1998,3.1998,3.1993,3.1993,3.2048,3.2048,3.2043,3.2043,2
2026-06-02 06:03:00,3.1988,3.1998,3.1988,3.1993,3.2038,3.2048,3.2038,3.2043,4
2026-06-02 06:04:00,3.1988,3.1993,3.1988,3.1988,3.2038,3.2043,3.2038,3.2038,3
2026-06-02 06:06:00,3.1998,3.1998,3.1998,3.1998,3.2048,3.2048,3.2048,3.2048,1
2026-06-02 06:07:00,3.1993,3.1993,3.1993,3.1993,3.2043,3.2043,3.2043,3.2043,1
2026-06-02 06:08:00,3.1998,3.2013,3.1993,3.2008,3.2048,3.2063,3.2043,3.2058,6
2026-06-02 06:09:00,3.1998,3.1998,3.1953,3.1958,3.2048,3.2048,3.2003,3.2008,10
2026-06-02 06:11:00,3.1968,3.1968,3.1968,3.1968,3.2018,3.2018,3.2018,3.2018,1
2026-06-02 06:12:00,3.1973,3.1973,3.1968,3.1968,3.2023,3.2023,3.2018,3.2018,2
2026-06-02 06:13:00,3.1973,3.1973,3.1968,3.1968,3.2023,3.2023,3.2018,3.2018,2
2026-06-02 06:14:00,3.1963,3.1963,3.1958,3.1958,3.2013,3.2013,3.2008,3.2008,4
2026-06-02 06:15:00,3.1948,3.1958,3.1908,3.1928,3.1998,3.2008,3.1958,3.1978,19
2026-06-02 06:16:00,3.1933,3.1963,3.1933,3.1958,3.1983,3.2013,3.1983,3.2008,6
2026-06-02 06:17:00,3.1968,3.1968,3.1948,3.1958,3.2018,3.2018,3.1998,3.2008,9
2026-06-02 06:18:00,3.1953,3.1953,3.1948,3.1948,3.2003,3.2003,3.1998,3.1998,2
2026-06-02 06:19:00,3.1953,3.1958,3.1953,3.1953,3.2003,3.2008,3.2003,3.2003,3
2026-06-02 06:20:00,3.1948,3.1963,3.1948,3.1958,3.1998,3.2013,3.1998,3.2008,6
2026-06-02 06:21:00,3.1968,3.1968,3.1963,3.1963,3.2018,3.2018,3.2013,3.2013,2
2026-06-02 06:22:00,3.1958,3.1958,3.1958,3.1958,3.2008,3.2008,3.2008,3.2008,1
2026-06-02 06:23:00,3.1953,3.1953,3.1953,3.1953,3.2003,3.2003,3.2003,3.2003,1
2026-06-02 06:24:00,3.1958,3.1958,3.1958,3.1958,3.2008,3.2008,3.2008,3.2008,1
2026-06-02 06:26:00,3.1968,3.1978,3.1958,3.1973,3.2018,3.2028,3.2008,3.2023,6
2026-06-02 06:27:00,3.1988,3.1988,3.1968,3.1978,3.2038,3.2038,3.2018,3.2028,10
2026-06-02 06:29:00,3.1968,3.1968,3.1968,3.1968,3.2018,3.2018,3.2018,3.2018,1
2026-06-02 06:30:00,3.1978,3.1988,3.1978,3.1978,3.2028,3.2038,3.2028,3.2028,3
2026-06-02 06:35:00,3.1988,3.1988,3.1968,3.1978,3.2038,3.2038,3.2018,3.2028,6
2026-06-02 06:36:00,3.1983,3.1983,3.1983,3.1983,3.2033,3.2033,3.2033,3.2033,1
2026-06-02 06:37:00,3.1988,3.1988,3.1988,3.1988,3.2038,3.2038,3.2038,3.2038,1
2026-06-02 06:39:00,3.1998,3.1998,3.1983,3.1983,3.2048,3.2048,3.2033,3.2033,4
2026-06-02 06:40:00,3.1988,3.1988,3.1988,3.1988,3.2038,3.2038,3.2038,3.2038,1
2026-06-02 06:41:00,3.1993,3.1993,3.1983,3.1983,3.2043,3.2043,3.2033,3.2033,3
2026-06-02 06:42:00,3.1988,3.1988,3.1983,3.1988,3.2038,3.2038,3.2033,3.2038,3
2026-06-02 06:43:00,3.1983,3.1983,3.1983,3.1983,3.2033,3.2033,3.2033,3.2033,1
2026-06-02 06:45:00,3.1978,3.1978,3.1978,3.1978,3.2028,3.2028,3.2028,3.2028,1
2026-06-02 06:47:00,3.1973,3.1973,3.1928,3.1938,3.2023,3.2023,3.1978,3.1988,15
2026-06-02 06:48:00,3.1943,3.1973,3.1938,3.1968,3.1993,3.2023,3.1988,3.2018,9
2026-06-02 06:49:00,3.1963,3.1963,3.1963,3.1963,3.2013,3.2013,3.2013,3.2013,1
2026-06-02 06:50:00,3.1968,3.1973,3.1968,3.1968,3.2018,3.2023,3.2018,3.2018,3
2026-06-02 06:51:00,3.1958,3.1958,3.1948,3.1958,3.2008,3.2008,3.1998,3.2008,5
2026-06-02 06:52:00,3.1953,3.1958,3.1953,3.1958,3.2003,3.2008,3.2003,3.2008,2
2026-06-02 06:53:00,3.1963,3.1963,3.1963,3.1963,3.2013,3.2013,3.2013,3.2013,1
2026-06-02 06:54:00,3.1968,3.1968,3.1968,3.1968,3.2018,3.2018,3.2018,3.2018,1
2026-06-02 06:56:00,3.1973,3.1973,3.1973,3.1973,3.2023,3.2023,3.2023,3.2023,1
2026-06-02 06:57:00,3.1968,3.1968,3.1968,3.1968,3.2018,3.2018,3.2018,3.2018,1
2026-06-02 06:58:00,3.1973,3.1978,3.1958,3.1963,3.2023,3.2028,3.2008,3.2013,5
2026-06-02 06:59:00,3.1958,3.1958,3.1948,3.1953,3.2008,3.2008,3.1998,3.2003,5
2026-06-02 07:00:00,3.1968,3.1968,3.1948,3.1948,3.2018,3.2018,3.1998,3.1998,8
2026-06-02 07:01:00,3.1938,3.1938,3.1928,3.1928,3.1988,3.1988,3.1978,3.1978,2
2026-06-02 07:02:00,3.1918,3.1918,3.1908,3.1913,3.1968,3.1968,3.1958,3.1963,10
2026-06-02 07:03:00,3.1908,3.1918,3.1908,3.1913,3.1958,3.1968,3.1958,3.1963,5
2026-06-02 07:04:00,3.1918,3.1918,3.1918,3.1918,3.1968,3.1968,3.1968,3.1968,1
2026-06-02 07:05:00,3.1923,3.1923,3.1898,3.1898,3.1973,3.1973,3.1948,3.1948,6
2026-06-02 07:06:00,3.1908,3.1908,3.1908,3.1908,3.1958,3.1958,3.1958,3.1958,1
2026-06-02 07:08:00,3.1898,3.1903,3.1873,3.1878,3.1948,3.1953,3.1923,3.1928,10
2026-06-02 07:09:00,3.1888,3.1888,3.1878,3.1888,3.1938,3.1938,3.1928,3.1938,3
2026-06-02 07:10:00,3.1878,3.1878,3.1858,3.1858,3.1928,3.1928,3.1908,3.1908,7
2026-06-02 07:11:00,3.1848,3.1848,3.1828,3.1828,3.1898,3.1898,3.1878,3.1878,8
2026-06-02 07:12:00,3.1833,3.1833,3.1828,3.1828,3.1883,3.1883,3.1878,3.1878,2
2026-06-02 07:13:00,3.1818,3.1818,3.1808,3.1808,3.1868,3.1868,3.1858,3.1858,4
2026-06-02 07:14:00,3.1818,3.1828,3.1788,3.1818,3.1868,3.1878,3.1838,3.1868,15
2026-06-02 07:15:00,3.1823,3.1833,3.1823,3.1828,3.1873,3.1883,3.1873,3.1878,4
2026-06-02 07:16:00,3.1833,3.1853,3.1828,3.1853,3.1883,3.1903,3.1878,3.1903,8
2026-06-02 07:17:00,3.1858,3.1868,3.1848,3.1848,3.1908,3.1918,3.1898,3.1898,8
2026-06-02 07:18:00,3.1838,3.1838,3.1828,3.1838,3.1888,3.1888,3.1878,3.1888,5
2026-06-02 07:19:00,3.1828,3.1828,3.1828,3.1828,3.1878,3.1878,3.1878,3.1878,1
2026-06-02 07:20:00,3.1818,3.1818,3.1758,3.1758,3.1868,3.1868,3.1808,3.1808,19
2026-06-02 07:21:00,3.1763,3.1768,3.1758,3.1768,3.1813,3.1818,3.1808,3.1818,5
2026-06-02 07:22:00,3.1778,3.1778,3.1758,3.1768,3.1828,3.1828,3.1808,3.1818,4
2026-06-02 07:23:00,3.1758,3.1758,3.1758,3.1758,3.1808,3.1808,3.1808,3.1808,1
2026-06-02 07:24:00,3.1768,3.1768,3.1768,3.1768,3.1818,3.1818,3.1818,3.1818,1
2026-06-02 07:25:00,3.1778,3.1778,3.1778,3.1778,3.1828,3.1828,3.1828,3.1828,1
2026-06-02 07:26:00,3.1783,3.1788,3.1783,3.1788,3.1833,3.1838,3.1833,3.1838,2
2026-06-02 07:28:00,3.1778,3.1788,3.1778,3.1788,3.1828,3.1838,3.1828,3.1838,3
2026-06-02 07:29:00,3.1793,3.1803,3.1793,3.1803,3.1843,3.1853,3.1843,3.1853,3
2026-06-02 07:30:00,3.1798,3.1823,3.1768,3.1798,3.1848,3.1873,3.1818,3.1848,26
2026-06-02 07:31:00,3.1783,3.1808,3.1758,3.1798,3.1833,3.1858,3.1808,3.1848,22
2026-06-02 07:32:00,3.1808,3.1818,3.1808,3.1818,3.1858,3.1868,3.1858,3.1868,3
2026-06-02 07:33:00,3.1823,3.1838,3.1818,3.1838,3.1873,3.1888,3.1868,3.1888,6
2026-06-02 07:34:00,3.1833,3.1833,3.1818,3.1818,3.1883,3.1883,3.1868,3.1868,5
2026-06-02 07:35:00,3.1808,3.1808,3.1793,3.1798,3.1858,3.1858,3.1843,3.1848,4
2026-06-02 07:36:00,3.1808,3.1813,3.1808,3.1813,3.1858,3.1863,3.1858,3.1863,2
2026-06-02 07:37:00,3.1808,3.1823,3.1808,3.1823,3.1858,3.1873,3.1858,3.1873,4
2026-06-02 07:38:00,3.1833,3.1843,3.1813,3.1818,3.1883,3.1893,3.1863,3.1868,10
2026-06-02 07:41:00,3.1813,3.1813,3.1813,3.1813,3.1863,3.1863,3.1863,3.1863,1
2026-06-02 07:42:00,3.1818,3.1818,3.1813,3.1813,3.1868,3.1868,3.1863,3.1863,2
2026-06-02 07:43:00,3.1808,3.1808,3.1793,3.1793,3.1858,3.1858,3.1843,3.1843,4
2026-06-02 07:44:00,3.1788,3.1798,3.1788,3.1798,3.1838,3.1848,3.1838,3.1848,3
2026-06-02 07:45:00,3.1788,3.1798,3.1788,3.1788,3.1838,3.1848,3.1838,3.1838,3
2026-06-02 07:46:00,3.1793,3.1793,3.1793,3.1793,3.1843,3.1843,3.1843,3.1843,1
2026-06-02 07:47:00,3.1798,3.1798,3.1798,3.1798,3.1848,3.1848,3.1848,3.1848,1
2026-06-02 07:49:00,3.1788,3.1798,3.1788,3.1798,3.1838,3.1848,3.1838,3.1848,2
2026-06-02 07:50:00,3.1793,3.1828,3.1793,3.1828,3.1843,3.1878,3.1843,3.1878,6
2026-06-02 07:51:00,3.1838,3.1838,3.1838,3.1838,3.1888,3.1888,3.1888,3.1888,1
2026-06-02 07:52:00,3.1833,3.1838,3.1833,3.1838,3.1883,3.1888,3.1883,3.1888,2
2026-06-02 07:54:00,3.1828,3.1838,3.1803,3.1808,3.1878,3.1888,3.1853,3.1858,7
2026-06-02 07:55:00,3.1818,3.1828,3.1818,3.1828,3.1868,3.1878,3.1868,3.1878,7
2026-06-02 07:56:00,3.1818,3.1828,3.1818,3.1828,3.1868,3.1878,3.1868,3.1878,2
2026-06-02 07:57:00,3.1833,3.1838,3.1823,3.1838,3.1883,3.1888,3.1873,3.1888,6
2026-06-02 07:58:00,3.1828,3.1838,3.1828,3.1838,3.1878,3.1888,3.1878,3.1888,4
2026-06-02 07:59:00,3.1853,3.1878,3.1848,3.1863,3.1903,3.1928,3.1898,3.1913,11
2026-06-02 08:00:00,3.1848,3.1868,3.1843,3.1853,3.1898,3.1918,3.1893,3.1903,11
2026-06-02 08:01:00,3.1848,3.1848,3.1803,3.1803,3.1898,3.1898,3.1853,3.1853,12
2026-06-02 08:02:00,3.1798,3.1873,3.1798,3.1848,3.1848,3.1923,3.1848,3.1898,22
2026-06-02 08:03:00,3.1838,3.1853,3.1838,3.1848,3.1888,3.1903,3.1888,3.1898,4
2026-06-02 08:04:00,3.1843,3.1843,3.1818,3.1828,3.1893,3.1893,3.1868,3.1878,10
2026-06-02 08:05:00,3.1833,3.1833,3.1823,3.1823,3.1883,3.1883,3.1873,3.1873,3
2026-06-02 08:06:00,3.1828,3.1838,3.1823,3.1833,3.1878,3.1888,3.1873,3.1883,11
2026-06-02 08:07:00,3.1838,3.1838,3.1838,3.1838,3.1888,3.1888,3.1888,3.1888,1
2026-06-02 08:09:00,3.1848,3.1868,3.1848,3.1858,3.1898,3.1918,3.1898,3.1908,9
2026-06-02 08:10:00,3.1868,3.1868,3.1848,3.1848,3.1918,3.1918,3.1898,3.1898,3
2026-06-02 08:11:00,3.1858,3.1858,3.1853,3.1853,3.1908,3.1908,3.1903,3.1903,2
2026-06-02 08:12:00,3.1858,3.1868,3.1858,3.1868,3.1908,3.1918,3.1908,3.1918,5
2026-06-02 08:13:00,3.1863,3.1868,3.1863,3.1868,3.1913,3.1918,3.1913,3.1918,2
2026-06-02 08:14:00,3.1858,3.1858,3.1818,3.1818,3.1908,3.1908,3.1868,3.1868,13
2026-06-02 08:15:00,3.1823,3.1828,3.1818,3.1828,3.1873,3.1878,3.1868,3.1878,5
2026-06-02 08:16:00,3.1818,3.1823,3.1808,3.1823,3.1868,3.1873,3.1858,3.1873,5
2026-06-02 08:17:00,3.1828,3.1833,3.1823,3.1823,3.1878,3.1883,3.1873,3.1873,3
2026-06-02 08:18:00,3.1828,3.1828,3.1823,3.1828,3.1878,3.1878,3.1873,3.1878,3
2026-06-02 08:19:00,3.1818,3.1818,3.1818,3.1818,3.1868,3.1868,3.1868,3.1868,1
2026-06-02 08:20:00,3.1828,3.1828,3.1808,3.1818,3.1878,3.1878,3.1858,3.1868,6
2026-06-02 08:21:00,3.1813,3.1818,3.1813,3.1818,3.1863,3.1868,3.1863,3.1868,2
2026-06-02 08:22:00,3.1808,3.1823,3.1808,3.1818,3.1858,3.1873,3.1858,3.1868,7
2026-06-02 08:23:00,3.1813,3.1823,3.1808,3.1808,3.1863,3.1873,3.1858,3.1858,8
2026-06-02 08:24:00,3.1798,3.1798,3.1768,3.1768,3.1848,3.1848,3.1818,3.1818,13
2026-06-02 08:25:00,3.1778,3.1778,3.1768,3.1773,3.1828,3.1828,3.1818,3.1823,7
2026-06-02 08:26:00,3.1768,3.1793,3.1768,3.1788,3.1818,3.1843,3.1818,3.1838,12
2026-06-02 08:27:00,3.1783,3.1783,3.1783,3.1783,3.1833,3.1833,3.1833,3.1833,1
2026-06-02 08:28:00,3.1778,3.1793,3.1778,3.1793,3.1828,3.1843,3.1828,3.1843,5
2026-06-02 08:29:00,3.1798,3.1798,3.1778,3.1783,3.1848,3.1848,3.1828,3.1833,5
2026-06-02 08:30:00,3.1778,3.1778,3.1738,3.1778,3.1828,3.1828,3.1788,3.1828,15
2026-06-02 08:31:00,3.1783,3.1798,3.1758,3.1758,3.1833,3.1848,3.1808,3.1808,13
2026-06-02 08:32:00,3.1763,3.1788,3.1763,3.1783,3.1813,3.1838,3.1813,3.1833,8
2026-06-02 08:33:00,3.1788,3.1798,3.1778,3.1798,3.1838,3.1848,3.1828,3.1848,9
2026-06-02 08:34:00,3.1803,3.1813,3.1798,3.1808,3.1853,3.1863,3.1848,3.1858,6
2026-06-02 08:35:00,3.1803,3.1803,3.1788,3.1798,3.1853,3.1853,3.1838,3.1848,6
2026-06-02 08:36:00,3.1793,3.1798,3.1788,3.1798,3.1843,3.1848,3.1838,3.1848,3
2026-06-02 08:37:00,3.1803,3.1823,3.1803,3.1818,3.1853,3.1873,3.1853,3.1868,5
2026-06-02 08:38:00,3.1813,3.1828,3.1813,3.1828,3.1863,3.1878,3.1863,3.1878,8
2026-06-02 08:39:00,3.1818,3.1818,3.1803,3.1808,3.1868,3.1868,3.1853,3.1858,5
2026-06-02 08:40:00,3.1798,3.1808,3.1798,3.1803,3.1848,3.1858,3.1848,3.1853,3
2026-06-02 08:41:00,3.1808,3.1838,3.1808,3.1838,3.1858,3.1888,3.1858,3.1888,9
2026-06-02 08:44:00,3.1843,3.1848,3.1838,3.1848,3.1893,3.1898,3.1888,3.1898,3
2026-06-02 08:45:00,3.1858,3.1868,3.1848,3.1863,3.1908,3.1918,3.1898,3.1913,16
2026-06-02 08:46:00,3.1858,3.1868,3.1858,3.1868,3.1908,3.1918,3.1908,3.1918,7
2026-06-02 08:47:00,3.1878,3.1878,3.1868,3.1878,3.1928,3.1928,3.1918,3.1928,4
2026-06-02 08:48:00,3.1868,3.1878,3.1868,3.1878,3.1918,3.1928,3.1918,3.1928,10
2026-06-02 08:49:00,3.1888,3.1938,3.1888,3.1928,3.1938,3.1988,3.1938,3.1978,19
2026-06-02 08:50:00,3.1923,3.1998,3.1923,3.1978,3.1973,3.2048,3.1973,3.2028,27
2026-06-02 08:51:00,3.1973,3.1998,3.1968,3.1998,3.2023,3.2048,3.2018,3.2048,9
2026-06-02 08:52:00,3.1988,3.1998,3.1978,3.1988,3.2038,3.2048,3.2028,3.2038,9
2026-06-02 08:53:00,3.1978,3.1988,3.1948,3.1948,3.2028,3.2038,3.1998,3.1998,15
2026-06-02 08:54:00,3.1943,3.1958,3.1943,3.1958,3.1993,3.2008,3.1993,3.2008,3
2026-06-02 08:55:00,3.1953,3.1978,3.1948,3.1968,3.2003,3.2028,3.1998,3.2018,11
2026-06-02 08:56:00,3.1973,3.1973,3.1968,3.1973,3.2023,3.2023,3.2018,3.2023,3
2026-06-02 08:57:00,3.1963,3.1978,3.1928,3.1948,3.2013,3.2028,3.1978,3.1998,23
2026-06-02 08:58:00,3.1938,3.1958,3.1918,3.1923,3.1988,3.2008,3.1968,3.1973,14
2026-06-02 08:59:00,3.1928,3.1948,3.1928,3.1943,3.1978,3.1998,3.1978,3.1993,11
2026-06-02 09:00:00,3.1948,3.1948,3.1898,3.1908,3.1998,3.1998,3.1948,3.1958,31
2026-06-02 09:01:00,3.1913,3.1958,3.1913,3.1948,3.1963,3.2008,3.1963,3.1998,23
2026-06-02 09:02:00,3.1943,3.1968,3.1938,3.1948,3.1993,3.2018,3.1988,3.1998,17
2026-06-02 09:03:00,3.1958,3.1973,3.1918,3.1928,3.2008,3.2023,3.1968,3.1978,25
2026-06-02 09:04:00,3.1938,3.1943,3.1923,3.1933,3.1988,3.1993,3.1973,3.1983,10
2026-06-02 09:05:00,3.1928,3.1928,3.1898,3.1918,3.1978,3.1978,3.1948,3.1968,27
2026-06-02 09:06:00,3.1923,3.1958,3.1918,3.1943,3.1973,3.2008,3.1968,3.1993,23
2026-06-02 09:07:00,3.1938,3.1953,3.1928,3.1933,3.1988,3.2003,3.1978,3.1983,18
2026-06-02 09:08:00,3.1938,3.1948,3.1928,3.1938,3.1988,3.1998,3.1978,3.1988,13
2026-06-02 09:09:00,3.1933,3.1943,3.1928,3.1928,3.1983,3.1993,3.1978,3.1978,8
2026-06-02 09:10:00,3.1938,3.1938,3.1918,3.1918,3.1988,3.1988,3.1968,3.1968,9
2026-06-02 09:11:00,3.1913,3.1933,3.1913,3.1928,3.1963,3.1983,3.1963,3.1978,5
2026-06-02 09:12:00,3.1933,3.1943,3.1928,3.1943,3.1983,3.1993,3.1978,3.1993,8
2026-06-02 09:13:00,3.1938,3.1943,3.1938,3.1938,3.1988,3.1993,3.1988,3.1988,3
2026-06-02 09:14:00,3.1943,3.1948,3.1943,3.1948,3.1993,3.1998,3.1993,3.1998,2
2026-06-02 09:15:00,3.1958,3.1968,3.1933,3.1958,3.2008,3.2018,3.1983,3.2008,17
2026-06-02 09:16:00,3.1963,3.1968,3.1958,3.1963,3.2013,3.2018,3.2008,3.2013,9
2026-06-02 09:17:00,3.1968,3.1968,3.1958,3.1963,3.2018,3.2018,3.2008,3.2013,6
2026-06-02 09:18:00,3.1968,3.1968,3.1958,3.1958,3.2018,3.2018,3.2008,3.2008,7
2026-06-02 09:19:00,3.1948,3.1988,3.1948,3.1978,3.1998,3.2038,3.1998,3.2028,7
2026-06-02 09:20:00,3.1973,3.1973,3.1958,3.1968,3.2023,3.2023,3.2008,3.2018,8
2026-06-02 09:21:00,3.1963,3.1968,3.1958,3.1968,3.2013,3.2018,3.2008,3.2018,4
2026-06-02 09:22:00,3.1963,3.1963,3.1963,3.1963,3.2013,3.2013,3.2013,3.2013,1
2026-06-02 09:23:00,3.1968,3.1978,3.1968,3.1978,3.2018,3.2028,3.2018,3.2028,6
2026-06-02 09:24:00,3.1988,3.1998,3.1988,3.1998,3.2038,3.2048,3.2038,3.2048,2
2026-06-02 09:25:00,3.2018,3.2053,3.2018,3.2038,3.2068,3.2103,3.2068,3.2088,19
2026-06-02 09:26:00,3.2028,3.2048,3.2028,3.2043,3.2078,3.2098,3.2078,3.2093,9
2026-06-02 09:27:00,3.2048,3.2048,3.2038,3.2048,3.2098,3.2098,3.2088,3.2098,7
2026-06-02 09:28:00,3.2038,3.2038,3.2008,3.2028,3.2088,3.2088,3.2058,3.2078,9
2026-06-02 09:29:00,3.2038,3.2058,3.2038,3.2058,3.2088,3.2108,3.2088,3.2108,10
2026-06-02 09:30:00,3.2048,3.2148,3.2048,3.2148,3.2098,3.2198,3.2098,3.2198,29
2026-06-02 09:31:00,3.2143,3.2168,3.2143,3.2148,3.2193,3.2218,3.2193,3.2198,18
2026-06-02 09:32:00,3.2138,3.2158,3.2138,3.2143,3.2188,3.2208,3.2188,3.2193,15
2026-06-02 09:33:00,3.2148,3.2168,3.2148,3.2168,3.2198,3.2218,3.2198,3.2218,4
2026-06-02 09:34:00,3.2158,3.2168,3.2148,3.2158,3.2208,3.2218,3.2198,3.2208,9
2026-06-02 09:35:00,3.2168,3.2178,3.2158,3.2158,3.2218,3.2228,3.2208,3.2208,13
2026-06-02 09:36:00,3.2168,3.2168,3.2158,3.2158,3.2218,3.2218,3.2208,3.2208,4
2026-06-02 09:37:00,3.2168,3.2168,3.2148,3.2168,3.2218,3.2218,3.2198,3.2218,17
2026-06-02 09:38:00,3.2173,3.2178,3.2168,3.2178,3.2223,3.2228,3.2218,3.2228,5
2026-06-02 09:39:00,3.2188,3.2188,3.2168,3.2168,3.2238,3.2238,3.2218,3.2218,4
2026-06-02 09:40:00,3.2158,3.2168,3.2118,3.2138,3.2208,3.2218,3.2168,3.2188,16
2026-06-02 09:41:00,3.2133,3.2158,3.2133,3.2143,3.2183,3.2208,3.2183,3.2193,17
2026-06-02 09:42:00,3.2148,3.2158,3.2148,3.2158,3.2198,3.2208,3.2198,3.2208,5
2026-06-02 09:43:00,3.2168,3.2168,3.2158,3.2163,3.2218,3.2218,3.2208,3.2213,3
2026-06-02 09:44:00,3.2158,3.2158,3.2123,3.2133,3.2208,3.2208,3.2173,3.2183,9
2026-06-02 09:45:00,3.2138,3.2198,3.2138,3.2188,3.2188,3.2248,3.2188,3.2238,24
2026-06-02 09:46:00,3.2193,3.2208,3.2193,3.2208,3.2243,3.2258,3.2243,3.2258,15
2026-06-02 09:47:00,3.2198,3.2203,3.2178,3.2178,3.2248,3.2253,3.2228,3.2228,6
2026-06-02 09:48:00,3.2188,3.2243,3.2188,3.2238,3.2238,3.2293,3.2238,3.2288,15
2026-06-02 09:49:00,3.2228,3.2238,3.2178,3.2188,3.2278,3.2288,3.2228,3.2238,20
2026-06-02 09:50:00,3.2193,3.2208,3.2193,3.2208,3.2243,3.2258,3.2243,3.2258,8
2026-06-02 09:51:00,3.2218,3.2228,3.2218,3.2228,3.2268,3.2278,3.2268,3.2278,12
2026-06-02 09:52:00,3.2233,3.2233,3.2218,3.2228,3.2283,3.2283,3.2268,3.2278,6
2026-06-02 09:53:00,3.2218,3.2228,3.2218,3.2218,3.2268,3.2278,3.2268,3.2268,6
2026-06-02 09:54:00,3.2223,3.2238,3.2223,3.2228,3.2273,3.2288,3.2273,3.2278,8
2026-06-02 09:55:00,3.2218,3.2228,3.2173,3.2173,3.2268,3.2278,3.2223,3.2223,17
2026-06-02 09:56:00,3.2178,3.2218,3.2178,3.2208,3.2228,3.2268,3.2228,3.2258,15
2026-06-02 09:57:00,3.2218,3.2218,3.2178,3.2183,3.2268,3.2268,3.2228,3.2233,11
2026-06-02 09:58:00,3.2178,3.2188,3.2178,3.2178,3.2228,3.2238,3.2228,3.2228,3
2026-06-02 09:59:00,3.2188,3.2188,3.2168,3.2188,3.2238,3.2238,3.2218,3.2238,8
2026-06-02 10:00:00,3.2178,3.2218,3.2178,3.2218,3.2228,3.2268,3.2228,3.2268,12
2026-06-02 10:01:00,3.2208,3.2208,3.2188,3.2188,3.2258,3.2258,3.2238,3.2238,9
2026-06-02 10:02:00,3.2178,3.2178,3.2158,3.2158,3.2228,3.2228,3.2208,3.2208,5
2026-06-02 10:03:00,3.2148,3.2178,3.2148,3.2168,3.2198,3.2228,3.2198,3.2218,11
2026-06-02 10:04:00,3.2173,3.2208,3.2173,3.2178,3.2223,3.2258,3.2223,3.2228,17
2026-06-02 10:05:00,3.2188,3.2208,3.2188,3.2198,3.2238,3.2258,3.2238,3.2248,6
2026-06-02 10:06:00,3.2203,3.2228,3.2198,3.2228,3.2253,3.2278,3.2248,3.2278,6
2026-06-02 10:08:00,3.2218,3.2228,3.2218,3.2218,3.2268,3.2278,3.2268,3.2268,4
2026-06-02 10:09:00,3.2228,3.2228,3.2218,3.2228,3.2278,3.2278,3.2268,3.2278,7
2026-06-02 10:10:00,3.2218,3.2218,3.2188,3.2213,3.2268,3.2268,3.2238,3.2263,11
2026-06-02 10:11:00,3.2218,3.2238,3.2218,3.2238,3.2268,3.2288,3.2268,3.2288,3
2026-06-02 10:12:00,3.2228,3.2238,3.2228,3.2238,3.2278,3.2288,3.2278,3.2288,5
2026-06-02 10:13:00,3.2228,3.2238,3.2223,3.2228,3.2278,3.2288,3.2273,3.2278,8
2026-06-02 10:14:00,3.2233,3.2238,3.2218,3.2223,3.2283,3.2288,3.2268,3.2273,9
2026-06-02 10:15:00,3.2218,3.2228,3.2198,3.2203,3.2268,3.2278,3.2248,3.2253,8
2026-06-02 10:16:00,3.2208,3.2213,3.2198,3.2198,3.2258,3.2263,3.2248,3.2248,7
2026-06-02 10:17:00,3.2188,3.2188,3.2168,3.2168,3.2238,3.2238,3.2218,3.2218,5
2026-06-02 10:18:00,3.2158,3.2168,3.2138,3.2153,3.2208,3.2218,3.2188,3.2203,20
2026-06-02 10:19:00,3.2158,3.2168,3.2158,3.2163,3.2208,3.2218,3.2208,3.2213,5
2026-06-02 10:20:00,3.2158,3.2158,3.2128,3.2138,3.2208,3.2208,3.2178,3.2188,10
2026-06-02 10:21:00,3.2133,3.2143,3.2128,3.2143,3.2183,3.2193,3.2178,3.2193,5
2026-06-02 10:22:00,3.2138,3.2148,3.2133,3.2138,3.2188,3.2198,3.2183,3.2188,10
2026-06-02 10:23:00,3.2143,3.2188,3.2143,3.2148,3.2193,3.2238,3.2193,3.2198,16
2026-06-02 10:24:00,3.2153,3.2168,3.2153,3.2158,3.2203,3.2218,3.2203,3.2208,5
2026-06-02 10:25:00,3.2163,3.2178,3.2153,3.2173,3.2213,3.2228,3.2203,3.2223,17
2026-06-02 10:26:00,3.2168,3.2178,3.2158,3.2168,3.2218,3.2228,3.2208,3.2218,6
2026-06-02 10:27:00,3.2173,3.2173,3.2158,3.2163,3.2223,3.2223,3.2208,3.2213,18
2026-06-02 10:28:00,3.2168,3.2173,3.2163,3.2168,3.2218,3.2223,3.2213,3.2218,5
2026-06-02 10:29:00,3.2158,3.2208,3.2158,3.2208,3.2208,3.2258,3.2208,3.2258,29
2026-06-02 10:30:00,3.2203,3.2208,3.2188,3.2203,3.2253,3.2258,3.2238,3.2253,16
2026-06-02 10:31:00,3.2208,3.2208,3.2158,3.2178,3.2258,3.2258,3.2208,3.2228,16
2026-06-02 10:32:00,3.2183,3.2188,3.2178,3.2178,3.2233,3.2238,3.2228,3.2228,6
2026-06-02 10:33:00,3.2168,3.2173,3.2148,3.2153,3.2218,3.2223,3.2198,3.2203,8
2026-06-02 10:34:00,3.2158,3.2173,3.2158,3.2168,3.2208,3.2223,3.2208,3.2218,5
2026-06-02 10:36:00,3.2173,3.2178,3.2168,3.2168,3.2223,3.2228,3.2218,3.2218,12
2026-06-02 10:37:00,3.2158,3.2178,3.2158,3.2168,3.2208,3.2228,3.2208,3.2218,4
2026-06-02 10:38:00,3.2158,3.2173,3.2158,3.2173,3.2208,3.2223,3.2208,3.2223,9
2026-06-02 10:39:00,3.2168,3.2168,3.2148,3.2153,3.2218,3.2218,3.2198,3.2203,6
2026-06-02 10:40:00,3.2148,3.2148,3.2138,3.2138,3.2198,3.2198,3.2188,3.2188,2
2026-06-02 10:41:00,3.2133,3.2178,3.2108,3.2163,3.2183,3.2228,3.2158,3.2213,20
2026-06-02 10:42:00,3.2168,3.2198,3.2158,3.2173,3.2218,3.2248,3.2208,3.2223,12
2026-06-02 10:43:00,3.2178,3.2188,3.2178,3.2183,3.2228,3.2238,3.2228,3.2233,5
2026-06-02 10:44:00,3.2188,3.2193,3.2183,3.2193,3.2238,3.2243,3.2233,3.2243,4
2026-06-02 10:45:00,3.2188,3.2198,3.2173,3.2188,3.2238,3.2248,3.2223,3.2238,8
2026-06-02 10:46:00,3.2183,3.2188,3.2168,3.2173,3.2233,3.2238,3.2218,3.2223,7
2026-06-02 10:47:00,3.2178,3.2188,3.2178,3.2188,3.2228,3.2238,3.2228,3.2238,4
2026-06-02 10:48:00,3.2198,3.2218,3.2198,3.2218,3.2248,3.2268,3.2248,3.2268,9
2026-06-02 10:49:00,3.2208,3.2208,3.2178,3.2178,3.2258,3.2258,3.2228,3.2228,11
2026-06-02 10:50:00,3.2183,3.2188,3.2158,3.2168,3.2233,3.2238,3.2208,3.2218,11
2026-06-02 10:51:00,3.2173,3.2188,3.2173,3.2188,3.2223,3.2238,3.2223,3.2238,3
2026-06-02 10:52:00,3.2198,3.2208,3.2198,3.2208,3.2248,3.2258,3.2248,3.2258,7
2026-06-02 10:53:00,3.2218,3.2228,3.2208,3.2228,3.2268,3.2278,3.2258,3.2278,7
2026-06-02 10:54:00,3.2238,3.2248,3.2228,3.2238,3.2288,3.2298,3.2278,3.2288,12
2026-06-02 10:55:00,3.2243,3.2248,3.2218,3.2238,3.2293,3.2298,3.2268,3.2288,13
2026-06-02 10:56:00,3.2233,3.2248,3.2233,3.2248,3.2283,3.2298,3.2283,3.2298,3
2026-06-02 10:57:00,3.2253,3.2268,3.2248,3.2268,3.2303,3.2318,3.2298,3.2318,5
2026-06-02 10:58:00,3.2273,3.2288,3.2273,3.2278,3.2323,3.2338,3.2323,3.2328,4
2026-06-02 10:59:00,3.2283,3.2328,3.2283,3.2318,3.2333,3.2378,3.2333,3.2368,10
2026-06-02 11:00:00,3.2328,3.2358,3.2318,3.2358,3.2378,3.2408,3.2368,3.2408,30
2026-06-02 11:01:00,3.2353,3.2358,3.2338,3.2358,3.2403,3.2408,3.2388,3.2408,10
2026-06-02 11:02:00,3.2368,3.2383,3.2358,3.2358,3.2418,3.2433,3.2408,3.2408,10
2026-06-02 11:03:00,3.2368,3.2378,3.2328,3.2338,3.2418,3.2428,3.2378,3.2388,13
2026-06-02 11:04:00,3.2343,3.2348,3.2308,3.2308,3.2393,3.2398,3.2358,3.2358,21
2026-06-02 11:05:00,3.2298,3.2333,3.2298,3.2333,3.2348,3.2383,3.2348,3.2383,17
2026-06-02 11:06:00,3.2328,3.2328,3.2268,3.2298,3.2378,3.2378,3.2318,3.2348,21
2026-06-02 11:07:00,3.2303,3.2308,3.2303,3.2308,3.2353,3.2358,3.2353,3.2358,2
2026-06-02 11:08:00,3.2298,3.2308,3.2288,3.2293,3.2348,3.2358,3.2338,3.2343,7
2026-06-02 11:09:00,3.2288,3.2298,3.2278,3.2288,3.2338,3.2348,3.2328,3.2338,9
2026-06-02 11:10:00,3.2283,3.2308,3.2208,3.2218,3.2333,3.2358,3.2258,3.2268,38
2026-06-02 11:11:00,3.2228,3.2238,3.2188,3.2198,3.2278,3.2288,3.2238,3.2248,12
2026-06-02 11:12:00,3.2203,3.2213,3.2198,3.2213,3.2253,3.2263,3.2248,3.2263,10
2026-06-02 11:13:00,3.2208,3.2238,3.2188,3.2233,3.2258,3.2288,3.2238,3.2283,21
2026-06-02 11:14:00,3.2238,3.2263,3.2238,3.2258,3.2288,3.2313,3.2288,3.2308,9
2026-06-02 11:15:00,3.2248,3.2248,3.2233,3.2233,3.2298,3.2298,3.2283,3.2283,6
2026-06-02 11:16:00,3.2228,3.2228,3.2188,3.2188,3.2278,3.2278,3.2238,3.2238,12
2026-06-02 11:17:00,3.2178,3.2178,3.2163,3.2168,3.2228,3.2228,3.2213,3.2218,4
2026-06-02 11:18:00,3.2163,3.2163,3.2158,3.2158,3.2213,3.2213,3.2208,3.2208,2
2026-06-02 11:19:00,3.2148,3.2148,3.2138,3.2138,3.2198,3.2198,3.2188,3.2188,8
2026-06-02 11:20:00,3.2148,3.2178,3.2148,3.2158,3.2198,3.2228,3.2198,3.2208,21
2026-06-02 11:21:00,3.2168,3.2178,3.2158,3.2173,3.2218,3.2228,3.2208,3.2223,12
2026-06-02 11:22:00,3.2168,3.2178,3.2168,3.2178,3.2218,3.2228,3.2218,3.2228,2
2026-06-02 11:23:00,3.2173,3.2178,3.2173,3.2178,3.2223,3.2228,3.2223,3.2228,2
2026-06-02 11:25:00,3.2168,3.2168,3.2148,3.2153,3.2218,3.2218,3.2198,3.2203,9
2026-06-02 11:26:00,3.2158,3.2158,3.2158,3.2158,3.2208,3.2208,3.2208,3.2208,1
2026-06-02 11:27:00,3.2148,3.2148,3.2128,3.2148,3.2198,3.2198,3.2178,3.2198,5
2026-06-02 11:28:00,3.2143,3.2158,3.2138,3.2153,3.2193,3.2208,3.2188,3.2203,15
2026-06-02 11:29:00,3.2158,3.2168,3.2158,3.2158,3.2208,3.2218,3.2208,3.2208,6
2026-06-02 11:30:00,3.2153,3.2178,3.2148,3.2178,3.2203,3.2228,3.2198,3.2228,17
2026-06-02 11:31:00,3.2168,3.2218,3.2168,3.2208,3.2218,3.2268,3.2218,3.2258,11
2026-06-02 11:32:00,3.2218,3.2218,3.2218,3.2218,3.2268,3.2268,3.2268,3.2268,1
2026-06-02 11:33:00,3.2228,3.2228,3.2208,3.2213,3.2278,3.2278,3.2258,3.2263,6
2026-06-02 11:34:00,3.2208,3.2218,3.2208,3.2208,3.2258,3.2268,3.2258,3.2258,5
2026-06-02 11:35:00,3.2198,3.2218,3.2198,3.2213,3.2248,3.2268,3.2248,3.2263,8
2026-06-02 11:36:00,3.2208,3.2213,3.2198,3.2198,3.2258,3.2263,3.2248,3.2248,8
2026-06-02 11:37:00,3.2203,3.2218,3.2203,3.2208,3.2253,3.2268,3.2253,3.2258,3
2026-06-02 11:38:00,3.2213,3.2213,3.2208,3.2208,3.2263,3.2263,3.2258,3.2258,2
2026-06-02 11:39:00,3.2213,3.2213,3.2208,3.2208,3.2263,3.2263,3.2258,3.2258,2
2026-06-02 11:40:00,3.2218,3.2228,3.2188,3.2198,3.2268,3.2278,3.2238,3.2248,18
2026-06-02 11:41:00,3.2193,3.2193,3.2178,3.2188,3.2243,3.2243,3.2228,3.2238,4
2026-06-02 11:42:00,3.2178,3.2178,3.2168,3.2178,3.2228,3.2228,3.2218,3.2228,6
2026-06-02 11:43:00,3.2183,3.2188,3.2183,3.2188,3.2233,3.2238,3.2233,3.2238,2
2026-06-02 11:45:00,3.2193,3.2198,3.2188,3.2188,3.2243,3.2248,3.2238,3.2238,10
2026-06-02 11:46:00,3.2178,3.2178,3.2158,3.2168,3.2228,3.2228,3.2208,3.2218,5
2026-06-02 11:47:00,3.2173,3.2188,3.2158,3.2158,3.2223,3.2238,3.2208,3.2208,16
2026-06-02 11:48:00,3.2153,3.2153,3.2138,3.2138,3.2203,3.2203,3.2188,3.2188,4
2026-06-02 11:49:00,3.2133,3.2148,3.2133,3.2143,3.2183,3.2198,3.2183,3.2193,10
2026-06-02 11:50:00,3.2138,3.2143,3.2138,3.2138,3.2188,3.2193,3.2188,3.2188,3
2026-06-02 11:51:00,3.2128,3.2138,3.2128,3.2128,3.2178,3.2188,3.2178,3.2178,5
2026-06-02 11:52:00,3.2138,3.2148,3.2098,3.2108,3.2188,3.2198,3.2148,3.2158,13
2026-06-02 11:53:00,3.2098,3.2108,3.2078,3.2093,3.2148,3.2158,3.2128,3.2143,17
2026-06-02 11:54:00,3.2088,3.2093,3.2078,3.2078,3.2138,3.2143,3.2128,3.2128,6
2026-06-02 11:55:00,3.2073,3.2078,3.2018,3.2058,3.2123,3.2128,3.2068,3.2108,36
2026-06-02 11:56:00,3.2068,3.2078,3.2068,3.2068,3.2118,3.2128,3.2118,3.2118,3
2026-06-02 11:57:00,3.2078,3.2078,3.2048,3.2048,3.2128,3.2128,3.2098,3.2098,9
2026-06-02 11:58:00,3.2043,3.2048,3.2028,3.2038,3.2093,3.2098,3.2078,3.2088,7
2026-06-02 11:59:00,3.2048,3.2078,3.2048,3.2068,3.2098,3.2128,3.2098,3.2118,20
2026-06-02 12:00:00,3.2058,3.2063,3.2038,3.2058,3.2108,3.2113,3.2088,3.2108,18
2026-06-02 12:01:00,3.2048,3.2073,3.2048,3.2058,3.2098,3.2123,3.2098,3.2108,12
2026-06-02 12:02:00,3.2063,3.2068,3.1988,3.1988,3.2113,3.2118,3.2038,3.2038,20
2026-06-02 12:03:00,3.1993,3.1993,3.1978,3.1988,3.2043,3.2043,3.2028,3.2038,8
2026-06-02 12:04:00,3.1998,3.1998,3.1978,3.1988,3.2048,3.2048,3.2028,3.2038,5
2026-06-02 12:05:00,3.1993,3.1998,3.1978,3.1978,3.2043,3.2048,3.2028,3.2028,9
2026-06-02 12:06:00,3.1988,3.1998,3.1958,3.1968,3.2038,3.2048,3.2008,3.2018,11
2026-06-02 12:07:00,3.1963,3.1968,3.1958,3.1968,3.2013,3.2018,3.2008,3.2018,19
2026-06-02 12:08:00,3.1958,3.1968,3.1958,3.1958,3.2008,3.2018,3.2008,3.2008,3
2026-06-02 12:09:00,3.1948,3.1958,3.1928,3.1938,3.1998,3.2008,3.1978,3.1988,16
2026-06-02 12:10:00,3.1948,3.1948,3.1928,3.1928,3.1998,3.1998,3.1978,3.1978,7
2026-06-02 12:11:00,3.1923,3.1928,3.1918,3.1928,3.1973,3.1978,3.1968,3.1978,5
2026-06-02 12:12:00,3.1938,3.1948,3.1928,3.1928,3.1988,3.1998,3.1978,3.1978,4
2026-06-02 12:13:00,3.1918,3.1948,3.1918,3.1948,3.1968,3.1998,3.1968,3.1998,10
2026-06-02 12:14:00,3.1958,3.1958,3.1938,3.1958,3.2008,3.2008,3.1988,3.2008,11
2026-06-02 12:15:00,3.1948,3.1948,3.1938,3.1938,3.1998,3.1998,3.1988,3.1988,4
2026-06-02 12:16:00,3.1948,3.1948,3.1938,3.1948,3.1998,3.1998,3.1988,3.1998,5
2026-06-02 12:17:00,3.1938,3.2008,3.1938,3.2008,3.1988,3.2058,3.1988,3.2058,11
2026-06-02 12:18:00,3.2018,3.2033,3.2018,3.2028,3.2068,3.2083,3.2068,3.2078,12
2026-06-02 12:19:00,3.2018,3.2028,3.1998,3.2018,3.2068,3.2078,3.2048,3.2068,14
2026-06-02 12:20:00,3.2028,3.2038,3.2008,3.2008,3.2078,3.2088,3.2058,3.2058,5
2026-06-02 12:21:00,3.1998,3.2008,3.1968,3.1978,3.2048,3.2058,3.2018,3.2028,19
2026-06-02 12:22:00,3.1968,3.1978,3.1968,3.1978,3.2018,3.2028,3.2018,3.2028,2
2026-06-02 12:23:00,3.1968,3.1973,3.1948,3.1948,3.2018,3.2023,3.1998,3.1998,11
2026-06-02 12:24:00,3.1958,3.1968,3.1958,3.1968,3.2008,3.2018,3.2008,3.2018,8
2026-06-02 12:25:00,3.1958,3.1968,3.1928,3.1938,3.2008,3.2018,3.1978,3.1988,26
2026-06-02 12:26:00,3.1948,3.1948,3.1928,3.1938,3.1998,3.1998,3.1978,3.1988,5
2026-06-02 12:27:00,3.1928,3.1938,3.1928,3.1928,3.1978,3.1988,3.1978,3.1978,4
2026-06-02 12:28:00,3.1938,3.1943,3.1938,3.1938,3.1988,3.1993,3.1988,3.1988,3
2026-06-02 12:29:00,3.1943,3.1943,3.1918,3.1928,3.1993,3.1993,3.1968,3.1978,15
2026-06-02 12:30:00,3.1918,3.1918,3.1883,3.1918,3.1968,3.1968,3.1933,3.1968,29
2026-06-02 12:31:00,3.1908,3.1908,3.1888,3.1888,3.1958,3.1958,3.1938,3.1938,7
2026-06-02 12:32:00,3.1878,3.1888,3.1863,3.1868,3.1928,3.1938,3.1913,3.1918,11
2026-06-02 12:33:00,3.1878,3.1898,3.1878,3.1878,3.1928,3.1948,3.1928,3.1928,15
2026-06-02 12:34:00,3.1873,3.1898,3.1858,3.1898,3.1923,3.1948,3.1908,3.1948,16
2026-06-02 12:35:00,3.1908,3.1908,3.1878,3.1878,3.1958,3.1958,3.1928,3.1928,12
2026-06-02 12:36:00,3.1888,3.1918,3.1888,3.1918,3.1938,3.1968,3.1938,3.1968,12
2026-06-02 12:37:00,3.1908,3.1908,3.1888,3.1893,3.1958,3.1958,3.1938,3.1943,4
2026-06-02 12:38:00,3.1898,3.1898,3.1888,3.1898,3.1948,3.1948,3.1938,3.1948,9
2026-06-02 12:39:00,3.1888,3.1888,3.1888,3.1888,3.1938,3.1938,3.1938,3.1938,1
2026-06-02 12:40:00,3.1878,3.1888,3.1848,3.1858,3.1928,3.1938,3.1898,3.1908,15
2026-06-02 12:41:00,3.1868,3.1878,3.1858,3.1868,3.1918,3.1928,3.1908,3.1918,5
2026-06-02 12:42:00,3.1858,3.1868,3.1858,3.1868,3.1908,3.1918,3.1908,3.1918,9
2026-06-02 12:43:00,3.1878,3.1888,3.1858,3.1888,3.1928,3.1938,3.1908,3.1938,8
2026-06-02 12:44:00,3.1898,3.1958,3.1888,3.1958,3.1948,3.2008,3.1938,3.2008,12
2026-06-02 12:45:00,3.1953,3.1953,3.1898,3.1903,3.2003,3.2003,3.1948,3.1953,17
2026-06-02 12:46:00,3.1908,3.1928,3.1908,3.1923,3.1958,3.1978,3.1958,3.1973,8
2026-06-02 12:47:00,3.1928,3.1968,3.1928,3.1958,3.1978,3.2018,3.1978,3.2008,17
2026-06-02 12:48:00,3.1963,3.1998,3.1938,3.1988,3.2013,3.2048,3.1988,3.2038,30
2026-06-02 12:49:00,3.1983,3.1983,3.1958,3.1968,3.2033,3.2033,3.2008,3.2018,16
2026-06-02 12:50:00,3.1958,3.1958,3.1938,3.1938,3.2008,3.2008,3.1988,3.1988,7
2026-06-02 12:51:00,3.1948,3.1978,3.1948,3.1978,3.1998,3.2028,3.1998,3.2028,8
2026-06-02 12:52:00,3.1968,3.1968,3.1958,3.1963,3.2018,3.2018,3.2008,3.2013,13
2026-06-02 12:53:00,3.1958,3.1958,3.1938,3.1938,3.2008,3.2008,3.1988,3.1988,6
2026-06-02 12:55:00,3.1948,3.1968,3.1938,3.1958,3.1998,3.2018,3.1988,3.2008,15
2026-06-02 12:56:00,3.1968,3.2008,3.1968,3.1998,3.2018,3.2058,3.2018,3.2048,18
2026-06-02 12:57:00,3.1988,3.1988,3.1968,3.1973,3.2038,3.2038,3.2018,3.2023,9
2026-06-02 12:58:00,3.1983,3.1983,3.1968,3.1973,3.2033,3.2033,3.2018,3.2023,7
2026-06-02 12:59:00,3.1968,3.1978,3.1958,3.1978,3.2018,3.2028,3.2008,3.2028,10
2026-06-02 13:00:00,3.1973,3.2053,3.1968,3.2008,3.2023,3.2103,3.2018,3.2058,30
2026-06-02 13:01:00,3.2018,3.2188,3.2018,3.2173,3.2068,3.2238,3.2068,3.2223,68
2026-06-02 13:02:00,3.2168,3.2178,3.2138,3.2148,3.2218,3.2228,3.2188,3.2198,31
2026-06-02 13:03:00,3.2138,3.2163,3.2118,3.2138,3.2188,3.2213,3.2168,3.2188,22
2026-06-02 13:04:00,3.2133,3.2148,3.2118,3.2138,3.2183,3.2198,3.2168,3.2188,21
2026-06-02 13:05:00,3.2148,3.2148,3.2108,3.2118,3.2198,3.2198,3.2158,3.2168,16
2026-06-02 13:06:00,3.2128,3.2163,3.2128,3.2138,3.2178,3.2213,3.2178,3.2188,35
2026-06-02 13:07:00,3.2128,3.2138,3.2108,3.2118,3.2178,3.2188,3.2158,3.2168,23
2026-06-02 13:08:00,3.2123,3.2123,3.2068,3.2078,3.2173,3.2173,3.2118,3.2128,12
2026-06-02 13:09:00,3.2088,3.2098,3.2078,3.2083,3.2138,3.2148,3.2128,3.2133,11
2026-06-02 13:10:00,3.2078,3.2108,3.2078,3.2088,3.2128,3.2158,3.2128,3.2138,12
2026-06-02 13:11:00,3.2078,3.2108,3.2018,3.2018,3.2128,3.2158,3.2068,3.2068,17
2026-06-02 13:12:00,3.2023,3.2083,3.2023,3.2053,3.2073,3.2133,3.2073,3.2103,26
2026-06-02 13:13:00,3.2063,3.2078,3.2043,3.2068,3.2113,3.2128,3.2093,3.2118,17
2026-06-02 13:14:00,3.2073,3.2128,3.2073,3.2118,3.2123,3.2178,3.2123,3.2168,19
2026-06-02 13:15:00,3.2108,3.2158,3.2098,3.2148,3.2158,3.2208,3.2148,3.2198,30
2026-06-02 13:16:00,3.2138,3.2138,3.2118,3.2118,3.2188,3.2188,3.2168,3.2168,10
2026-06-02 13:17:00,3.2108,3.2113,3.2098,3.2108,3.2158,3.2163,3.2148,3.2158,5
2026-06-02 13:18:00,3.2103,3.2118,3.1958,3.1968,3.2153,3.2168,3.2008,3.2018,54
2026-06-02 13:19:00,3.1963,3.2008,3.1938,3.1938,3.2013,3.2058,3.1988,3.1988,35
2026-06-02 13:20:00,3.1948,3.1988,3.1918,3.1988,3.1998,3.2038,3.1968,3.2038,33
2026-06-02 13:21:00,3.1978,3.1988,3.1948,3.1978,3.2028,3.2038,3.1998,3.2028,19
2026-06-02 13:22:00,3.1988,3.2068,3.1988,3.2058,3.2038,3.2118,3.2038,3.2108,13
2026-06-02 13:23:00,3.2048,3.2048,3.1988,3.1998,3.2098,3.2098,3.2038,3.2048,18
2026-06-02 13:24:00,3.2008,3.2018,3.1998,3.2018,3.2058,3.2068,3.2048,3.2068,17
2026-06-02 13:25:00,3.2008,3.2028,3.2008,3.2013,3.2058,3.2078,3.2058,3.2063,19
2026-06-02 13:26:00,3.2018,3.2058,3.2018,3.2048,3.2068,3.2108,3.2068,3.2098,16
2026-06-02 13:27:00,3.2053,3.2078,3.2028,3.2068,3.2103,3.2128,3.2078,3.2118,13
2026-06-02 13:28:00,3.2058,3.2068,3.2058,3.2063,3.2108,3.2118,3.2108,3.2113,6
2026-06-02 13:29:00,3.2058,3.2058,3.2033,3.2048,3.2108,3.2108,3.2083,3.2098,11
2026-06-02 13:30:00,3.2038,3.2078,3.1998,3.2068,3.2088,3.2128,3.2048,3.2118,31
2026-06-02 13:31:00,3.2073,3.2118,3.2058,3.2068,3.2123,3.2168,3.2108,3.2118,34
2026-06-02 13:32:00,3.2058,3.2108,3.2048,3.2088,3.2108,3.2158,3.2098,3.2138,26
2026-06-02 13:33:00,3.2093,3.2108,3.2078,3.2083,3.2143,3.2158,3.2128,3.2133,15
2026-06-02 13:34:00,3.2088,3.2098,3.2058,3.2078,3.2138,3.2148,3.2108,3.2128,26
2026-06-02 13:35:00,3.2088,3.2088,3.2078,3.2078,3.2138,3.2138,3.2128,3.2128,4
2026-06-02 13:36:00,3.2068,3.2068,3.2008,3.2018,3.2118,3.2118,3.2058,3.2068,22
2026-06-02 13:37:00,3.2023,3.2028,3.1913,3.1928,3.2073,3.2078,3.1963,3.1978,34
2026-06-02 13:38:00,3.1933,3.1948,3.1903,3.1928,3.1983,3.1998,3.1953,3.1978,34
2026-06-02 13:39:00,3.1933,3.1958,3.1928,3.1938,3.1983,3.2008,3.1978,3.1988,17
2026-06-02 13:40:00,3.1943,3.1943,3.1908,3.1923,3.1993,3.1993,3.1958,3.1973,23
2026-06-02 13:41:00,3.1928,3.1938,3.1843,3.1878,3.1978,3.1988,3.1893,3.1928,33
2026-06-02 13:42:00,3.1888,3.1928,3.1888,3.1898,3.1938,3.1978,3.1938,3.1948,22
2026-06-02 13:43:00,3.1888,3.1908,3.1888,3.1908,3.1938,3.1958,3.1938,3.1958,7
2026-06-02 13:44:00,3.1903,3.2048,3.1893,3.1978,3.1953,3.2098,3.1943,3.2028,96
2026-06-02 13:45:00,3.1988,3.2008,3.1988,3.1988,3.2038,3.2058,3.2038,3.2038,14
2026-06-02 13:46:00,3.1998,3.2138,3.1968,3.2118,3.2048,3.2188,3.2018,3.2168,54
2026-06-02 13:47:00,3.2128,3.2248,3.2128,3.2188,3.2178,3.2298,3.2178,3.2238,84
2026-06-02 13:48:00,3.2193,3.2218,3.2168,3.2178,3.2243,3.2268,3.2218,3.2228,31
2026-06-02 13:49:00,3.2168,3.2173,3.2093,3.2103,3.2218,3.2223,3.2143,3.2153,25
2026-06-02 13:50:00,3.2108,3.2148,3.2098,3.2123,3.2158,3.2198,3.2148,3.2173,42
2026-06-02 13:51:00,3.2128,3.2128,3.2088,3.2108,3.2178,3.2178,3.2138,3.2158,14
2026-06-02 13:52:00,3.2098,3.2118,3.2088,3.2108,3.2148,3.2168,3.2138,3.2158,25
2026-06-02 13:53:00,3.2113,3.2238,3.2113,3.2178,3.2163,3.2288,3.2163,3.2228,40
2026-06-02 13:54:00,3.2168,3.2208,3.2128,3.2148,3.2218,3.2258,3.2178,3.2198,51
2026-06-02 13:55:00,3.2158,3.2158,3.2078,3.2108,3.2208,3.2208,3.2128,3.2158,50
2026-06-02 13:56:00,3.2113,3.2113,3.2083,3.2093,3.2163,3.2163,3.2133,3.2143,14
2026-06-02 13:57:00,3.2088,3.2088,3.1978,3.2003,3.2138,3.2138,3.2028,3.2053,31
2026-06-02 13:58:00,3.1998,3.2028,3.1988,3.2018,3.2048,3.2078,3.2038,3.2068,15
2026-06-02 13:59:00,3.2028,3.2038,3.2008,3.2028,3.2078,3.2088,3.2058,3.2078,19
2026-06-02 14:00:00,3.2023,3.2058,3.1978,3.2048,3.2073,3.2108,3.2028,3.2098,63
2026-06-02 14:01:00,3.2058,3.2123,3.2058,3.2118,3.2108,3.2173,3.2108,3.2168,29
2026-06-02 14:02:00,3.2108,3.2108,3.2048,3.2048,3.2158,3.2158,3.2098,3.2098,21
2026-06-02 14:03:00,3.2053,3.2128,3.2038,3.2128,3.2103,3.2178,3.2088,3.2178,32
2026-06-02 14:04:00,3.2118,3.2188,3.2118,3.2138,3.2168,3.2238,3.2168,3.2188,31
2026-06-02 14:05:00,3.2128,3.2148,3.1928,3.1958,3.2178,3.2198,3.1978,3.2008,64
2026-06-02 14:06:00,3.1948,3.1988,3.1878,3.1898,3.1998,3.2038,3.1928,3.1948,64
2026-06-02 14:07:00,3.1908,3.1933,3.1888,3.1888,3.1958,3.1983,3.1938,3.1938,35
2026-06-02 14:08:00,3.1878,3.1918,3.1858,3.1908,3.1928,3.1968,3.1908,3.1958,40
2026-06-02 14:09:00,3.1918,3.1938,3.1878,3.1898,3.1968,3.1988,3.1928,3.1948,43
2026-06-02 14:10:00,3.1893,3.1898,3.1703,3.1718,3.1943,3.1948,3.1753,3.1768,119
2026-06-02 14:11:00,3.1728,3.1768,3.1698,3.1728,3.1778,3.1818,3.1748,3.1778,65
2026-06-02 14:12:00,3.1738,3.1748,3.1708,3.1728,3.1788,3.1798,3.1758,3.1778,23
2026-06-02 14:13:00,3.1718,3.1788,3.1718,3.1783,3.1768,3.1838,3.1768,3.1833,37
2026-06-02 14:14:00,3.1778,3.1848,3.1778,3.1823,3.1828,3.1898,3.1828,3.1873,32
2026-06-02 14:15:00,3.1818,3.1818,3.1728,3.1763,3.1868,3.1868,3.1778,3.1813,40
2026-06-02 14:16:00,3.1768,3.1808,3.1768,3.1798,3.1818,3.1858,3.1818,3.1848,25
2026-06-02 14:17:00,3.1788,3.1888,3.1788,3.1838,3.1838,3.1938,3.1838,3.1888,56
2026-06-02 14:18:00,3.1848,3.1848,3.1818,3.1828,3.1898,3.1898,3.1868,3.1878,46
2026-06-02 14:19:00,3.1818,3.1848,3.1768,3.1803,3.1868,3.1898,3.1818,3.1853,48
2026-06-02 14:20:00,3.1798,3.1818,3.1758,3.1768,3.1848,3.1868,3.1808,3.1818,47
2026-06-02 14:21:00,3.1778,3.1798,3.1768,3.1783,3.1828,3.1848,3.1818,3.1833,25
2026-06-02 14:22:00,3.1778,3.1808,3.1778,3.1793,3.1828,3.1858,3.1828,3.1843,35
2026-06-02 14:23:00,3.1788,3.1798,3.1788,3.1798,3.1838,3.1848,3.1838,3.1848,4
2026-06-02 14:24:00,3.1788,3.1878,3.1788,3.1798,3.1838,3.1928,3.1838,3.1848,46
2026-06-02 14:25:00,3.1793,3.1808,3.1648,3.1663,3.1843,3.1858,3.1698,3.1713,74
2026-06-02 14:26:00,3.1668,3.1688,3.1588,3.1638,3.1718,3.1738,3.1638,3.1688,83
2026-06-02 14:27:00,3.1648,3.1658,3.1608,3.1633,3.1698,3.1708,3.1658,3.1683,37
2026-06-02 14:28:00,3.1608,3.1648,3.1588,3.1593,3.1658,3.1698,3.1638,3.1643,55
2026-06-02 14:29:00,3.1588,3.1608,3.1568,3.1588,3.1638,3.1658,3.1618,3.1638,39
2026-06-02 14:30:00,3.1578,3.1628,3.1528,3.1548,3.1628,3.1678,3.1578,3.1598,68
2026-06-02 14:31:00,3.1558,3.1568,3.1538,3.1548,3.1608,3.1618,3.1588,3.1598,36
2026-06-02 14:32:00,3.1558,3.1578,3.1538,3.1568,3.1608,3.1628,3.1588,3.1618,33
2026-06-02 14:33:00,3.1558,3.1558,3.1428,3.1458,3.1608,3.1608,3.1478,3.1508,65
2026-06-02 14:34:00,3.1453,3.1458,3.1378,3.1413,3.1503,3.1508,3.1428,3.1463,99
2026-06-02 14:35:00,3.1418,3.1468,3.1408,3.1468,3.1468,3.1518,3.1458,3.1518,34
2026-06-02 14:36:00,3.1478,3.1498,3.1448,3.1468,3.1528,3.1548,3.1498,3.1518,64
2026-06-02 14:37:00,3.1478,3.1568,3.1468,3.1568,3.1528,3.1618,3.1518,3.1618,57
2026-06-02 14:38:00,3.1558,3.1578,3.1498,3.1508,3.1608,3.1628,3.1548,3.1558,65
2026-06-02 14:39:00,3.1503,3.1528,3.1438,3.1448,3.1553,3.1578,3.1488,3.1498,45
2026-06-02 14:40:00,3.1438,3.1468,3.1398,3.1428,3.1488,3.1518,3.1448,3.1478,46
2026-06-02 14:41:00,3.1418,3.1418,3.1358,3.1403,3.1468,3.1468,3.1408,3.1453,57
2026-06-02 14:42:00,3.1398,3.1408,3.1358,3.1368,3.1448,3.1458,3.1408,3.1418,63
2026-06-02 14:43:00,3.1378,3.1398,3.1358,3.1388,3.1428,3.1448,3.1408,3.1438,37
2026-06-02 14:44:00,3.1383,3.1403,3.1358,3.1368,3.1433,3.1453,3.1408,3.1418,47
2026-06-02 14:45:00,3.1373,3.1448,3.1373,3.1398,3.1423,3.1498,3.1423,3.1448,51
2026-06-02 14:46:00,3.1388,3.1448,3.1388,3.1428,3.1438,3.1498,3.1438,3.1478,48
2026-06-02 14:47:00,3.1438,3.1508,3.1428,3.1498,3.1488,3.1558,3.1478,3.1548,41
2026-06-02 14:48:00,3.1488,3.1488,3.1428,3.1438,3.1538,3.1538,3.1478,3.1488,40
2026-06-02 14:49:00,3.1433,3.1488,3.1408,3.1473,3.1483,3.1538,3.1458,3.1523,47
2026-06-02 14:50:00,3.1468,3.1488,3.1378,3.1378,3.1518,3.1538,3.1428,3.1428,61
2026-06-02 14:51:00,3.1383,3.1398,3.1358,3.1388,3.1433,3.1448,3.1408,3.1438,30
2026-06-02 14:52:00,3.1378,3.1388,3.1338,3.1348,3.1428,3.1438,3.1388,3.1398,25
2026-06-02 14:53:00,3.1338,3.1518,3.1328,3.1508,3.1388,3.1568,3.1378,3.1558,103
2026-06-02 14:54:00,3.1498,3.1538,3.1438,3.1498,3.1548,3.1588,3.1488,3.1548,127
2026-06-02 14:55:00,3.1488,3.1488,3.1438,3.1443,3.1538,3.1538,3.1488,3.1493,42
2026-06-02 14:56:00,3.1448,3.1498,3.1438,3.1493,3.1498,3.1548,3.1488,3.1543,37
2026-06-02 14:57:00,3.1488,3.1508,3.1438,3.1448,3.1538,3.1558,3.1488,3.1498,34
2026-06-02 14:58:00,3.1443,3.1443,3.1388,3.1423,3.1493,3.1493,3.1438,3.1473,43
2026-06-02 14:59:00,3.1428,3.1428,3.1338,3.1358,3.1478,3.1478,3.1388,3.1408,25
2026-06-02 15:00:00,3.1368,3.1408,3.1288,3.1348,3.1418,3.1458,3.1338,3.1398,113
2026-06-02 15:01:00,3.1338,3.1358,3.1298,3.1308,3.1388,3.1408,3.1348,3.1358,78
2026-06-02 15:02:00,3.1298,3.1338,3.1298,3.1328,3.1348,3.1388,3.1348,3.1378,22
2026-06-02 15:03:00,3.1318,3.1328,3.1288,3.1298,3.1368,3.1378,3.1338,3.1348,38
2026-06-02 15:04:00,3.1308,3.1338,3.1238,3.1248,3.1358,3.1388,3.1288,3.1298,50
2026-06-02 15:05:00,3.1258,3.1328,3.1218,3.1268,3.1308,3.1378,3.1268,3.1318,119
2026-06-02 15:06:00,3.1278,3.1318,3.1248,3.1318,3.1328,3.1368,3.1298,3.1368,47
2026-06-02 15:07:00,3.1308,3.1318,3.1258,3.1278,3.1358,3.1368,3.1308,3.1328,41
2026-06-02 15:08:00,3.1288,3.1318,3.1258,3.1298,3.1338,3.1368,3.1308,3.1348,57
2026-06-02 15:09:00,3.1288,3.1318,3.1288,3.1298,3.1338,3.1368,3.1338,3.1348,51
2026-06-02 15:10:00,3.1293,3.1328,3.1268,3.1278,3.1343,3.1378,3.1318,3.1328,52
2026-06-02 15:11:00,3.1288,3.1308,3.1278,3.1298,3.1338,3.1358,3.1328,3.1348,16
2026-06-02 15:12:00,3.1303,3.1338,3.1298,3.1318,3.1353,3.1388,3.1348,3.1368,38
2026-06-02 15:13:00,3.1308,3.1308,3.1228,3.1238,3.1358,3.1358,3.1278,3.1288,33
2026-06-02 15:14:00,3.1228,3.1228,3.1178,3.1198,3.1278,3.1278,3.1228,3.1248,41
2026-06-02 15:15:00,3.1193,3.1218,3.1183,3.1198,3.1243,3.1268,3.1233,3.1248,68
2026-06-02 15:16:00,3.1208,3.1228,3.1198,3.1228,3.1258,3.1278,3.1248,3.1278,39
2026-06-02 15:17:00,3.1233,3.1238,3.1218,3.1228,3.1283,3.1288,3.1268,3.1278,16
2026-06-02 15:18:00,3.1238,3.1238,3.1208,3.1218,3.1288,3.1288,3.1258,3.1268,33
2026-06-02 15:19:00,3.1228,3.1228,3.1218,3.1228,3.1278,3.1278,3.1268,3.1278,14
2026-06-02 15:20:00,3.1218,3.1218,3.1098,3.1108,3.1268,3.1268,3.1148,3.1158,49
2026-06-02 15:21:00,3.1118,3.1168,3.1098,3.1148,3.1168,3.1218,3.1148,3.1198,66
2026-06-02 15:22:00,3.1158,3.1218,3.1148,3.1208,3.1208,3.1268,3.1198,3.1258,36
2026-06-02 15:23:00,3.1198,3.1248,3.1188,3.1228,3.1248,3.1298,3.1238,3.1278,37
2026-06-02 15:24:00,3.1238,3.1278,3.1238,3.1278,3.1288,3.1328,3.1288,3.1328,43
2026-06-02 15:25:00,3.1268,3.1278,3.1238,3.1278,3.1318,3.1328,3.1288,3.1328,22
2026-06-02 15:26:00,3.1283,3.1318,3.1258,3.1318,3.1333,3.1368,3.1308,3.1368,34
2026-06-02 15:27:00,3.1313,3.1338,3.1308,3.1338,3.1363,3.1388,3.1358,3.1388,24
2026-06-02 15:28:00,3.1328,3.1338,3.1298,3.1323,3.1378,3.1388,3.1348,3.1373,47
2026-06-02 15:29:00,3.1318,3.1388,3.1318,3.1378,3.1368,3.1438,3.1368,3.1428,41
2026-06-02 15:30:00,3.1388,3.1458,3.1368,3.1438,3.1438,3.1508,3.1418,3.1488,75
2026-06-02 15:31:00,3.1443,3.1468,3.1408,3.1428,3.1493,3.1518,3.1458,3.1478,50
2026-06-02 15:32:00,3.1438,3.1468,3.1398,3.1398,3.1488,3.1518,3.1448,3.1448,67
2026-06-02 15:33:00,3.1403,3.1448,3.1388,3.1438,3.1453,3.1498,3.1438,3.1488,35
2026-06-02 15:34:00,3.1443,3.1488,3.1443,3.1488,3.1493,3.1538,3.1493,3.1538,47
2026-06-02 15:35:00,3.1498,3.1508,3.1448,3.1468,3.1548,3.1558,3.1498,3.1518,63
2026-06-02 15:36:00,3.1463,3.1498,3.1448,3.1493,3.1513,3.1548,3.1498,3.1543,38
2026-06-02 15:37:00,3.1488,3.1548,3.1488,3.1523,3.1538,3.1598,3.1538,3.1573,45
2026-06-02 15:38:00,3.1518,3.1528,3.1488,3.1488,3.1568,3.1578,3.1538,3.1538,53
2026-06-02 15:39:00,3.1498,3.1508,3.1468,3.1498,3.1548,3.1558,3.1518,3.1548,15
2026-06-02 15:40:00,3.1503,3.1518,3.1498,3.1508,3.1553,3.1568,3.1548,3.1558,13
2026-06-02 15:41:00,3.1498,3.1508,3.1488,3.1503,3.1548,3.1558,3.1538,3.1553,10
2026-06-02 15:42:00,3.1508,3.1508,3.1493,3.1498,3.1558,3.1558,3.1543,3.1548,4
2026-06-02 15:43:00,3.1508,3.1528,3.1498,3.1518,3.1558,3.1578,3.1548,3.1568,15
2026-06-02 15:44:00,3.1523,3.1548,3.1518,3.1518,3.1573,3.1598,3.1568,3.1568,23
2026-06-02 15:45:00,3.1528,3.1548,3.1508,3.1518,3.1578,3.1598,3.1558,3.1568,30
2026-06-02 15:46:00,3.1513,3.1513,3.1488,3.1498,3.1563,3.1563,3.1538,3.1548,12
2026-06-02 15:47:00,3.1493,3.1518,3.1478,3.1508,3.1543,3.1568,3.1528,3.1558,19
2026-06-02 15:48:00,3.1518,3.1518,3.1498,3.1498,3.1568,3.1568,3.1548,3.1548,11
2026-06-02 15:49:00,3.1508,3.1548,3.1503,3.1538,3.1558,3.1598,3.1553,3.1588,25
2026-06-02 15:50:00,3.1548,3.1598,3.1538,3.1548,3.1598,3.1648,3.1588,3.1598,42
2026-06-02 15:51:00,3.1538,3.1648,3.1538,3.1638,3.1588,3.1698,3.1588,3.1688,25
2026-06-02 15:52:00,3.1648,3.1648,3.1618,3.1638,3.1698,3.1698,3.1668,3.1688,15
2026-06-02 15:53:00,3.1648,3.1668,3.1638,3.1668,3.1698,3.1718,3.1688,3.1718,16
2026-06-02 15:54:00,3.1678,3.1688,3.1648,3.1658,3.1728,3.1738,3.1698,3.1708,23
2026-06-02 15:55:00,3.1668,3.1678,3.1648,3.1658,3.1718,3.1728,3.1698,3.1708,28
2026-06-02 15:56:00,3.1668,3.1668,3.1608,3.1628,3.1718,3.1718,3.1658,3.1678,42
2026-06-02 15:57:00,3.1623,3.1658,3.1618,3.1628,3.1673,3.1708,3.1668,3.1678,27
2026-06-02 15:58:00,3.1633,3.1643,3.1618,3.1628,3.1683,3.1693,3.1668,3.1678,18
2026-06-02 15:59:00,3.1633,3.1633,3.1628,3.1628,3.1683,3.1683,3.1678,3.1678,12
2026-06-02 16:00:00,3.1618,3.1658,3.1618,3.1618,3.1668,3.1708,3.1668,3.1668,76
2026-06-02 16:01:00,3.1608,3.1648,3.1608,3.1643,3.1658,3.1698,3.1658,3.1693,34
2026-06-02 16:02:00,3.1648,3.1648,3.1618,3.1618,3.1698,3.1698,3.1668,3.1668,44
2026-06-02 16:03:00,3.1628,3.1688,3.1618,3.1663,3.1678,3.1738,3.1668,3.1713,44
2026-06-02 16:04:00,3.1658,3.1678,3.1648,3.1668,3.1708,3.1728,3.1698,3.1718,18
2026-06-02 16:05:00,3.1678,3.1688,3.1648,3.1658,3.1728,3.1738,3.1698,3.1708,70
2026-06-02 16:06:00,3.1668,3.1698,3.1668,3.1688,3.1718,3.1748,3.1718,3.1738,18
2026-06-02 16:07:00,3.1693,3.1728,3.1693,3.1728,3.1743,3.1778,3.1743,3.1778,52
2026-06-02 16:08:00,3.1723,3.1728,3.1698,3.1723,3.1773,3.1778,3.1748,3.1773,56
2026-06-02 16:09:00,3.1728,3.1748,3.1688,3.1698,3.1778,3.1798,3.1738,3.1748,50
2026-06-02 16:10:00,3.1708,3.1738,3.1708,3.1728,3.1758,3.1788,3.1758,3.1778,21
2026-06-02 16:11:00,3.1718,3.1728,3.1688,3.1728,3.1768,3.1778,3.1738,3.1778,24
2026-06-02 16:12:00,3.1738,3.1808,3.1718,3.1798,3.1788,3.1858,3.1768,3.1848,26
2026-06-02 16:13:00,3.1788,3.1808,3.1778,3.1778,3.1838,3.1858,3.1828,3.1828,17
2026-06-02 16:14:00,3.1783,3.1798,3.1748,3.1748,3.1833,3.1848,3.1798,3.1798,26
2026-06-02 16:15:00,3.1758,3.1768,3.1748,3.1753,3.1808,3.1818,3.1798,3.1803,19
2026-06-02 16:16:00,3.1758,3.1818,3.1748,3.1793,3.1808,3.1868,3.1798,3.1843,36
2026-06-02 16:17:00,3.1798,3.1838,3.1798,3.1828,3.1848,3.1888,3.1848,3.1878,17
2026-06-02 16:18:00,3.1833,3.1838,3.1818,3.1828,3.1883,3.1888,3.1868,3.1878,7
2026-06-02 16:19:00,3.1818,3.1858,3.1818,3.1848,3.1868,3.1908,3.1868,3.1898,25
2026-06-02 16:20:00,3.1838,3.1878,3.1818,3.1828,3.1888,3.1928,3.1868,3.1878,61
2026-06-02 16:21:00,3.1818,3.1828,3.1788,3.1818,3.1868,3.1878,3.1838,3.1868,31
2026-06-02 16:22:00,3.1813,3.1838,3.1808,3.1818,3.1863,3.1888,3.1858,3.1868,13
2026-06-02 16:23:00,3.1813,3.1818,3.1798,3.1798,3.1863,3.1868,3.1848,3.1848,8
2026-06-02 16:24:00,3.1808,3.1808,3.1768,3.1768,3.1858,3.1858,3.1818,3.1818,29
2026-06-02 16:25:00,3.1778,3.1778,3.1748,3.1758,3.1828,3.1828,3.1798,3.1808,17
2026-06-02 16:26:00,3.1748,3.1758,3.1728,3.1733,3.1798,3.1808,3.1778,3.1783,22
2026-06-02 16:27:00,3.1738,3.1788,3.1738,3.1778,3.1788,3.1838,3.1788,3.1828,33
2026-06-02 16:28:00,3.1783,3.1798,3.1738,3.1748,3.1833,3.1848,3.1788,3.1798,42
2026-06-02 16:29:00,3.1738,3.1738,3.1698,3.1718,3.1788,3.1788,3.1748,3.1768,66
2026-06-02 16:30:00,3.1723,3.1738,3.1678,3.1728,3.1773,3.1788,3.1728,3.1778,51
2026-06-02 16:31:00,3.1733,3.1748,3.1708,3.1748,3.1783,3.1798,3.1758,3.1798,17
2026-06-02 16:32:00,3.1738,3.1748,3.1718,3.1728,3.1788,3.1798,3.1768,3.1778,14
2026-06-02 16:33:00,3.1738,3.1758,3.1738,3.1758,3.1788,3.1808,3.1788,3.1808,13
2026-06-02 16:35:00,3.1748,3.1828,3.1738,3.1748,3.1798,3.1878,3.1788,3.1798,41
2026-06-02 16:36:00,3.1758,3.1758,3.1738,3.1758,3.1808,3.1808,3.1788,3.1808,12
2026-06-02 16:37:00,3.1768,3.1808,3.1758,3.1808,3.1818,3.1858,3.1808,3.1858,20
2026-06-02 16:38:00,3.1798,3.1818,3.1758,3.1788,3.1848,3.1868,3.1808,3.1838,43
2026-06-02 16:39:00,3.1778,3.1798,3.1778,3.1798,3.1828,3.1848,3.1828,3.1848,8
2026-06-02 16:40:00,3.1808,3.1818,3.1768,3.1778,3.1858,3.1868,3.1818,3.1828,33
2026-06-02 16:41:00,3.1788,3.1848,3.1783,3.1828,3.1838,3.1898,3.1833,3.1878,27
2026-06-02 16:42:00,3.1818,3.1838,3.1788,3.1793,3.1868,3.1888,3.1838,3.1843,24
2026-06-02 16:43:00,3.1798,3.1818,3.1788,3.1808,3.1848,3.1868,3.1838,3.1858,19
2026-06-02 16:44:00,3.1798,3.1818,3.1798,3.1808,3.1848,3.1868,3.1848,3.1858,11
2026-06-02 16:45:00,3.1813,3.1828,3.1808,3.1828,3.1863,3.1878,3.1858,3.1878,18
2026-06-02 16:46:00,3.1838,3.1848,3.1818,3.1828,3.1888,3.1898,3.1868,3.1878,14
2026-06-02 16:47:00,3.1818,3.1818,3.1728,3.1733,3.1868,3.1868,3.1778,3.1783,43
2026-06-02 16:48:00,3.1728,3.1758,3.1688,3.1693,3.1778,3.1808,3.1738,3.1743,22
2026-06-02 16:49:00,3.1688,3.1688,3.1628,3.1638,3.1738,3.1738,3.1678,3.1688,104
2026-06-02 16:50:00,3.1648,3.1658,3.1598,3.1608,3.1698,3.1708,3.1648,3.1658,84
2026-06-02 16:51:00,3.1618,3.1628,3.1603,3.1603,3.1668,3.1678,3.1653,3.1653,44
2026-06-02 16:52:00,3.1608,3.1678,3.1608,3.1668,3.1658,3.1728,3.1658,3.1718,36
2026-06-02 16:53:00,3.1658,3.1658,3.1598,3.1598,3.1708,3.1708,3.1648,3.1648,34
2026-06-02 16:54:00,3.1603,3.1618,3.1588,3.1608,3.1653,3.1668,3.1638,3.1658,46
2026-06-02 16:55:00,3.1618,3.1668,3.1618,3.1658,3.1668,3.1718,3.1668,3.1708,11
2026-06-02 16:56:00,3.1663,3.1678,3.1658,3.1668,3.1713,3.1728,3.1708,3.1718,7
2026-06-02 16:57:00,3.1678,3.1678,3.1658,3.1668,3.1728,3.1728,3.1708,3.1718,8
2026-06-02 16:58:00,3.1678,3.1688,3.1668,3.1688,3.1728,3.1738,3.1718,3.1738,13
2026-06-02 16:59:00,3.1683,3.1688,3.1638,3.1648,3.1733,3.1738,3.1688,3.1698,15
2026-06-02 17:00:00,3.1658,3.1658,3.1598,3.1608,3.1708,3.1708,3.1648,3.1658,32
2026-06-02 17:01:00,3.1613,3.1613,3.1538,3.1558,3.1663,3.1663,3.1588,3.1608,39
2026-06-02 17:02:00,3.1568,3.1588,3.1528,3.1538,3.1618,3.1638,3.1578,3.1588,40
2026-06-02 17:03:00,3.1533,3.1558,3.1528,3.1548,3.1583,3.1608,3.1578,3.1598,22
2026-06-02 17:04:00,3.1543,3.1568,3.1538,3.1568,3.1593,3.1618,3.1588,3.1618,20
2026-06-02 17:05:00,3.1558,3.1568,3.1538,3.1548,3.1608,3.1618,3.1588,3.1598,8
2026-06-02 17:06:00,3.1558,3.1578,3.1538,3.1578,3.1608,3.1628,3.1588,3.1628,22
2026-06-02 17:07:00,3.1583,3.1608,3.1578,3.1588,3.1633,3.1658,3.1628,3.1638,46
2026-06-02 17:08:00,3.1578,3.1578,3.1568,3.1568,3.1628,3.1628,3.1618,3.1618,12
2026-06-02 17:09:00,3.1578,3.1588,3.1558,3.1588,3.1628,3.1638,3.1608,3.1638,12
2026-06-02 17:10:00,3.1578,3.1578,3.1548,3.1548,3.1628,3.1628,3.1598,3.1598,11
2026-06-02 17:11:00,3.1553,3.1558,3.1548,3.1548,3.1603,3.1608,3.1598,3.1598,10
2026-06-02 17:12:00,3.1558,3.1558,3.1508,3.1518,3.1608,3.1608,3.1558,3.1568,17
2026-06-02 17:13:00,3.1508,3.1538,3.1508,3.1518,3.1558,3.1588,3.1558,3.1568,26
2026-06-02 17:14:00,3.1528,3.1528,3.1518,3.1523,3.1578,3.1578,3.1568,3.1573,4
2026-06-02 17:15:00,3.1528,3.1548,3.1508,3.1538,3.1578,3.1598,3.1558,3.1588,21
2026-06-02 17:16:00,3.1528,3.1528,3.1508,3.1518,3.1578,3.1578,3.1558,3.1568,13
2026-06-02 17:17:00,3.1528,3.1538,3.1518,3.1528,3.1578,3.1588,3.1568,3.1578,6
2026-06-02 17:18:00,3.1518,3.1528,3.1518,3.1518,3.1568,3.1578,3.1568,3.1568,8
2026-06-02 17:19:00,3.1528,3.1528,3.1508,3.1508,3.1578,3.1578,3.1558,3.1558,11
2026-06-02 17:20:00,3.1498,3.1498,3.1468,3.1488,3.1548,3.1548,3.1518,3.1538,15
2026-06-02 17:21:00,3.1498,3.1528,3.1498,3.1528,3.1548,3.1578,3.1548,3.1578,11
2026-06-02 17:22:00,3.1518,3.1528,3.1518,3.1528,3.1568,3.1578,3.1568,3.1578,4
2026-06-02 17:23:00,3.1518,3.1528,3.1503,3.1508,3.1568,3.1578,3.1553,3.1558,6
2026-06-02 17:24:00,3.1518,3.1518,3.1498,3.1498,3.1568,3.1568,3.1548,3.1548,13
2026-06-02 17:25:00,3.1488,3.1518,3.1478,3.1503,3.1538,3.1568,3.1528,3.1553,36
2026-06-02 17:26:00,3.1508,3.1518,3.1508,3.1518,3.1558,3.1568,3.1558,3.1568,5
2026-06-02 17:27:00,3.1508,3.1568,3.1508,3.1568,3.1558,3.1618,3.1558,3.1618,26
2026-06-02 17:28:00,3.1558,3.1568,3.1538,3.1548,3.1608,3.1618,3.1588,3.1598,17
2026-06-02 17:29:00,3.1538,3.1548,3.1478,3.1478,3.1588,3.1598,3.1528,3.1528,44
2026-06-02 17:30:00,3.1488,3.1568,3.1478,3.1553,3.1538,3.1618,3.1528,3.1603,38
2026-06-02 17:31:00,3.1548,3.1548,3.1538,3.1538,3.1598,3.1598,3.1588,3.1588,4
2026-06-02 17:32:00,3.1533,3.1533,3.1498,3.1518,3.1583,3.1583,3.1548,3.1568,12
2026-06-02 17:33:00,3.1523,3.1528,3.1498,3.1518,3.1573,3.1578,3.1548,3.1568,7
2026-06-02 17:34:00,3.1508,3.1528,3.1508,3.1508,3.1558,3.1578,3.1558,3.1558,18
2026-06-02 17:35:00,3.1518,3.1528,3.1508,3.1518,3.1568,3.1578,3.1558,3.1568,14
2026-06-02 17:36:00,3.1523,3.1528,3.1508,3.1513,3.1573,3.1578,3.1558,3.1563,9
2026-06-02 17:37:00,3.1508,3.1508,3.1498,3.1508,3.1558,3.1558,3.1548,3.1558,6
2026-06-02 17:38:00,3.1498,3.1498,3.1478,3.1488,3.1548,3.1548,3.1528,3.1538,9
2026-06-02 17:39:00,3.1498,3.1508,3.1498,3.1508,3.1548,3.1558,3.1548,3.1558,2
2026-06-02 17:40:00,3.1518,3.1558,3.1518,3.1528,3.1568,3.1608,3.1568,3.1578,24
2026-06-02 17:41:00,3.1518,3.1528,3.1518,3.1518,3.1568,3.1578,3.1568,3.1568,4
2026-06-02 17:42:00,3.1508,3.1508,3.1488,3.1498,3.1558,3.1558,3.1538,3.1548,11
2026-06-02 17:43:00,3.1488,3.1488,3.1438,3.1448,3.1538,3.1538,3.1488,3.1498,23
2026-06-02 17:44:00,3.1438,3.1478,3.1438,3.1468,3.1488,3.1528,3.1488,3.1518,19
2026-06-02 17:45:00,3.1478,3.1488,3.1468,3.1488,3.1528,3.1538,3.1518,3.1538,31
2026-06-02 17:46:00,3.1478,3.1548,3.1478,3.1543,3.1528,3.1598,3.1528,3.1593,29
2026-06-02 17:47:00,3.1538,3.1608,3.1528,3.1578,3.1588,3.1658,3.1578,3.1628,46
2026-06-02 17:48:00,3.1588,3.1628,3.1588,3.1603,3.1638,3.1678,3.1638,3.1653,19
2026-06-02 17:49:00,3.1608,3.1608,3.1588,3.1593,3.1658,3.1658,3.1638,3.1643,19
2026-06-02 17:50:00,3.1588,3.1608,3.1588,3.1588,3.1638,3.1658,3.1638,3.1638,15
2026-06-02 17:51:00,3.1593,3.1598,3.1578,3.1578,3.1643,3.1648,3.1628,3.1628,15
2026-06-02 17:52:00,3.1588,3.1618,3.1588,3.1618,3.1638,3.1668,3.1638,3.1668,21
2026-06-02 17:53:00,3.1608,3.1618,3.1588,3.1598,3.1658,3.1668,3.1638,3.1648,18
2026-06-02 17:54:00,3.1608,3.1618,3.1598,3.1618,3.1658,3.1668,3.1648,3.1668,17
2026-06-02 17:55:00,3.1628,3.1648,3.1628,3.1638,3.1678,3.1698,3.1678,3.1688,18
2026-06-02 17:56:00,3.1628,3.1648,3.1618,3.1638,3.1678,3.1698,3.1668,3.1688,18
2026-06-02 17:57:00,3.1643,3.1648,3.1623,3.1638,3.1693,3.1698,3.1673,3.1688,14
2026-06-02 17:58:00,3.1633,3.1638,3.1573,3.1578,3.1683,3.1688,3.1623,3.1628,14
2026-06-02 17:59:00,3.1573,3.1578,3.1558,3.1558,3.1623,3.1628,3.1608,3.1608,18
2026-06-02 18:00:00,3.1548,3.1588,3.1548,3.1578,3.1598,3.1638,3.1598,3.1628,23
2026-06-02 18:01:00,3.1568,3.1568,3.1528,3.1548,3.1618,3.1618,3.1578,3.1598,16
2026-06-02 18:02:00,3.1538,3.1588,3.1538,3.1578,3.1588,3.1638,3.1588,3.1628,10
2026-06-02 18:03:00,3.1588,3.1588,3.1558,3.1588,3.1638,3.1638,3.1608,3.1638,9
2026-06-02 18:04:00,3.1583,3.1583,3.1578,3.1578,3.1633,3.1633,3.1628,3.1628,2
2026-06-02 18:05:00,3.1588,3.1613,3.1548,3.1608,3.1638,3.1663,3.1598,3.1658,32
2026-06-02 18:06:00,3.1618,3.1618,3.1613,3.1618,3.1668,3.1668,3.1663,3.1668,3
2026-06-02 18:07:00,3.1628,3.1633,3.1528,3.1548,3.1678,3.1683,3.1578,3.1598,44
2026-06-02 18:08:00,3.1558,3.1568,3.1538,3.1548,3.1608,3.1618,3.1588,3.1598,23
2026-06-02 18:09:00,3.1558,3.1568,3.1553,3.1568,3.1608,3.1618,3.1603,3.1618,9
2026-06-02 18:10:00,3.1578,3.1578,3.1568,3.1578,3.1628,3.1628,3.1618,3.1628,8
2026-06-02 18:11:00,3.1588,3.1588,3.1578,3.1588,3.1638,3.1638,3.1628,3.1638,3
2026-06-02 18:12:00,3.1598,3.1598,3.1588,3.1598,3.1648,3.1648,3.1638,3.1648,4
2026-06-02 18:13:00,3.1588,3.1588,3.1558,3.1558,3.1638,3.1638,3.1608,3.1608,12
2026-06-02 18:14:00,3.1548,3.1548,3.1528,3.1528,3.1598,3.1598,3.1578,3.1578,5
2026-06-02 18:15:00,3.1533,3.1548,3.1528,3.1538,3.1583,3.1598,3.1578,3.1588,22
2026-06-02 18:16:00,3.1548,3.1558,3.1538,3.1548,3.1598,3.1608,3.1588,3.1598,19
2026-06-02 18:17:00,3.1558,3.1558,3.1548,3.1548,3.1608,3.1608,3.1598,3.1598,2
2026-06-02 18:18:00,3.1558,3.1568,3.1548,3.1558,3.1608,3.1618,3.1598,3.1608,7
2026-06-02 18:19:00,3.1548,3.1578,3.1548,3.1568,3.1598,3.1628,3.1598,3.1618,16
2026-06-02 18:20:00,3.1558,3.1568,3.1548,3.1548,3.1608,3.1618,3.1598,3.1598,9
2026-06-02 18:21:00,3.1538,3.1548,3.1528,3.1538,3.1588,3.1598,3.1578,3.1588,11
2026-06-02 18:22:00,3.1548,3.1558,3.1548,3.1548,3.1598,3.1608,3.1598,3.1598,3
2026-06-02 18:23:00,3.1558,3.1568,3.1548,3.1563,3.1608,3.1618,3.1598,3.1613,11
2026-06-02 18:24:00,3.1558,3.1568,3.1558,3.1568,3.1608,3.1618,3.1608,3.1618,5
2026-06-02 18:25:00,3.1563,3.1568,3.1548,3.1548,3.1613,3.1618,3.1598,3.1598,6
2026-06-02 18:26:00,3.1538,3.1578,3.1538,3.1578,3.1588,3.1628,3.1588,3.1628,10
2026-06-02 18:27:00,3.1588,3.1588,3.1548,3.1558,3.1638,3.1638,3.1598,3.1608,14
2026-06-02 18:28:00,3.1568,3.1578,3.1558,3.1578,3.1618,3.1628,3.1608,3.1628,9
2026-06-02 18:29:00,3.1588,3.1618,3.1588,3.1598,3.1638,3.1668,3.1638,3.1648,9
2026-06-02 18:30:00,3.1608,3.1608,3.1548,3.1588,3.1658,3.1658,3.1598,3.1638,14
2026-06-02 18:31:00,3.1583,3.1588,3.1528,3.1538,3.1633,3.1638,3.1578,3.1588,18
2026-06-02 18:32:00,3.1548,3.1548,3.1448,3.1508,3.1598,3.1598,3.1498,3.1558,49
2026-06-02 18:33:00,3.1498,3.1528,3.1498,3.1508,3.1548,3.1578,3.1548,3.1558,15
2026-06-02 18:34:00,3.1518,3.1558,3.1508,3.1558,3.1568,3.1608,3.1558,3.1608,20
2026-06-02 18:35:00,3.1553,3.1558,3.1538,3.1543,3.1603,3.1608,3.1588,3.1593,12
2026-06-02 18:36:00,3.1538,3.1588,3.1538,3.1588,3.1588,3.1638,3.1588,3.1638,15
2026-06-02 18:37:00,3.1598,3.1598,3.1588,3.1598,3.1648,3.1648,3.1638,3.1648,3
2026-06-02 18:38:00,3.1588,3.1598,3.1548,3.1588,3.1638,3.1648,3.1598,3.1638,22
2026-06-02 18:39:00,3.1598,3.1598,3.1588,3.1588,3.1648,3.1648,3.1638,3.1638,7
2026-06-02 18:40:00,3.1598,3.1598,3.1568,3.1588,3.1648,3.1648,3.1618,3.1638,17
2026-06-02 18:41:00,3.1578,3.1608,3.1578,3.1608,3.1628,3.1658,3.1628,3.1658,4
2026-06-02 18:42:00,3.1618,3.1658,3.1608,3.1628,3.1668,3.1708,3.1658,3.1678,25
2026-06-02 18:43:00,3.1638,3.1648,3.1628,3.1638,3.1688,3.1698,3.1678,3.1688,18
2026-06-02 18:44:00,3.1648,3.1668,3.1633,3.1638,3.1698,3.1718,3.1683,3.1688,20
2026-06-02 18:45:00,3.1628,3.1648,3.1628,3.1633,3.1678,3.1698,3.1678,3.1683,15
2026-06-02 18:46:00,3.1628,3.1628,3.1598,3.1608,3.1678,3.1678,3.1648,3.1658,11
2026-06-02 18:47:00,3.1613,3.1618,3.1588,3.1603,3.1663,3.1668,3.1638,3.1653,14
2026-06-02 18:48:00,3.1608,3.1608,3.1598,3.1598,3.1658,3.1658,3.1648,3.1648,9
2026-06-02 18:49:00,3.1588,3.1598,3.1578,3.1588,3.1638,3.1648,3.1628,3.1638,14
2026-06-02 18:50:00,3.1598,3.1618,3.1598,3.1608,3.1648,3.1668,3.1648,3.1658,15
2026-06-02 18:51:00,3.1598,3.1608,3.1598,3.1598,3.1648,3.1658,3.1648,3.1648,4
2026-06-02 18:52:00,3.1603,3.1618,3.1603,3.1608,3.1653,3.1668,3.1653,3.1658,6
2026-06-02 18:53:00,3.1613,3.1628,3.1598,3.1618,3.1663,3.1678,3.1648,3.1668,8
2026-06-02 18:54:00,3.1623,3.1638,3.1618,3.1628,3.1673,3.1688,3.1668,3.1678,7
2026-06-02 18:55:00,3.1638,3.1638,3.1618,3.1628,3.1688,3.1688,3.1668,3.1678,6
2026-06-02 18:56:00,3.1623,3.1628,3.1618,3.1618,3.1673,3.1678,3.1668,3.1668,10
2026-06-02 18:57:00,3.1623,3.1628,3.1618,3.1618,3.1673,3.1678,3.1668,3.1668,7
2026-06-02 18:58:00,3.1628,3.1698,3.1608,3.1698,3.1678,3.1748,3.1658,3.1748,34
2026-06-02 18:59:00,3.1688,3.1698,3.1658,3.1683,3.1738,3.1748,3.1708,3.1733,30
2026-06-02 19:00:00,3.1678,3.1688,3.1628,3.1653,3.1728,3.1738,3.1678,3.1703,43
2026-06-02 19:01:00,3.1648,3.1648,3.1618,3.1638,3.1698,3.1698,3.1668,3.1688,19
2026-06-02 19:02:00,3.1628,3.1628,3.1618,3.1618,3.1678,3.1678,3.1668,3.1668,10
2026-06-02 19:03:00,3.1628,3.1628,3.1618,3.1618,3.1678,3.1678,3.1668,3.1668,2
2026-06-02 19:04:00,3.1613,3.1618,3.1598,3.1608,3.1663,3.1668,3.1648,3.1658,8
2026-06-02 19:05:00,3.1618,3.1618,3.1568,3.1578,3.1668,3.1668,3.1618,3.1628,19
2026-06-02 19:06:00,3.1568,3.1628,3.1568,3.1598,3.1618,3.1678,3.1618,3.1648,27
2026-06-02 19:07:00,3.1608,3.1618,3.1588,3.1618,3.1658,3.1668,3.1638,3.1668,10
2026-06-02 19:08:00,3.1608,3.1608,3.1578,3.1603,3.1658,3.1658,3.1628,3.1653,20
2026-06-02 19:09:00,3.1598,3.1628,3.1598,3.1623,3.1648,3.1678,3.1648,3.1673,15
2026-06-02 19:10:00,3.1628,3.1648,3.1618,3.1643,3.1678,3.1698,3.1668,3.1693,19
2026-06-02 19:11:00,3.1638,3.1638,3.1628,3.1638,3.1688,3.1688,3.1678,3.1688,6
2026-06-02 19:12:00,3.1648,3.1658,3.1628,3.1628,3.1698,3.1708,3.1678,3.1678,6
2026-06-02 19:13:00,3.1633,3.1658,3.1628,3.1638,3.1683,3.1708,3.1678,3.1688,10
2026-06-02 19:14:00,3.1633,3.1638,3.1633,3.1638,3.1683,3.1688,3.1683,3.1688,2
2026-06-02 19:15:00,3.1633,3.1638,3.1608,3.1618,3.1683,3.1688,3.1658,3.1668,12
2026-06-02 19:16:00,3.1623,3.1688,3.1623,3.1648,3.1673,3.1738,3.1673,3.1698,23
2026-06-02 19:17:00,3.1658,3.1688,3.1658,3.1668,3.1708,3.1738,3.1708,3.1718,6
2026-06-02 19:18:00,3.1678,3.1718,3.1678,3.1718,3.1728,3.1768,3.1728,3.1768,6
2026-06-02 19:19:00,3.1708,3.1718,3.1658,3.1658,3.1758,3.1768,3.1708,3.1708,15
2026-06-02 19:20:00,3.1648,3.1688,3.1648,3.1678,3.1698,3.1738,3.1698,3.1728,17
2026-06-02 19:21:00,3.1668,3.1708,3.1668,3.1708,3.1718,3.1758,3.1718,3.1758,13
2026-06-02 19:22:00,3.1718,3.1718,3.1688,3.1698,3.1768,3.1768,3.1738,3.1748,18
2026-06-02 19:23:00,3.1693,3.1708,3.1688,3.1688,3.1743,3.1758,3.1738,3.1738,14
2026-06-02 19:24:00,3.1678,3.1678,3.1678,3.1678,3.1728,3.1728,3.1728,3.1728,1
2026-06-02 19:25:00,3.1668,3.1678,3.1668,3.1668,3.1718,3.1728,3.1718,3.1718,7
2026-06-02 19:26:00,3.1673,3.1738,3.1668,3.1733,3.1723,3.1788,3.1718,3.1783,26
2026-06-02 19:27:00,3.1738,3.1738,3.1728,3.1738,3.1788,3.1788,3.1778,3.1788,11
2026-06-02 19:28:00,3.1748,3.1748,3.1708,3.1718,3.1798,3.1798,3.1758,3.1768,17
2026-06-02 19:29:00,3.1728,3.1728,3.1688,3.1688,3.1778,3.1778,3.1738,3.1738,8
2026-06-02 19:30:00,3.1683,3.1688,3.1678,3.1688,3.1733,3.1738,3.1728,3.1738,12
2026-06-02 19:31:00,3.1698,3.1708,3.1688,3.1698,3.1748,3.1758,3.1738,3.1748,15
2026-06-02 19:32:00,3.1688,3.1688,3.1678,3.1678,3.1738,3.1738,3.1728,3.1728,2
2026-06-02 19:33:00,3.1673,3.1688,3.1668,3.1678,3.1723,3.1738,3.1718,3.1728,9
2026-06-02 19:34:00,3.1688,3.1688,3.1678,3.1688,3.1738,3.1738,3.1728,3.1738,3
2026-06-02 19:35:00,3.1683,3.1708,3.1638,3.1688,3.1733,3.1758,3.1688,3.1738,34
2026-06-02 19:36:00,3.1678,3.1708,3.1678,3.1703,3.1728,3.1758,3.1728,3.1753,5
2026-06-02 19:37:00,3.1708,3.1718,3.1708,3.1708,3.1758,3.1768,3.1758,3.1758,8
2026-06-02 19:38:00,3.1718,3.1738,3.1718,3.1738,3.1768,3.1788,3.1768,3.1788,10
2026-06-02 19:39:00,3.1728,3.1728,3.1718,3.1718,3.1778,3.1778,3.1768,3.1768,5
2026-06-02 19:40:00,3.1708,3.1718,3.1708,3.1718,3.1758,3.1768,3.1758,3.1768,2
2026-06-02 19:41:00,3.1728,3.1728,3.1708,3.1713,3.1778,3.1778,3.1758,3.1763,7
2026-06-02 19:42:00,3.1718,3.1728,3.1708,3.1713,3.1768,3.1778,3.1758,3.1763,8
2026-06-02 19:43:00,3.1718,3.1718,3.1708,3.1718,3.1768,3.1768,3.1758,3.1768,5
2026-06-02 19:44:00,3.1723,3.1728,3.1718,3.1718,3.1773,3.1778,3.1768,3.1768,19
2026-06-02 19:45:00,3.1713,3.1718,3.1708,3.1708,3.1763,3.1768,3.1758,3.1758,5
2026-06-02 19:46:00,3.1718,3.1728,3.1713,3.1728,3.1768,3.1778,3.1763,3.1778,3
2026-06-02 19:47:00,3.1738,3.1738,3.1708,3.1728,3.1788,3.1788,3.1758,3.1778,15
2026-06-02 19:48:00,3.1718,3.1718,3.1698,3.1708,3.1768,3.1768,3.1748,3.1758,14
2026-06-02 19:49:00,3.1698,3.1728,3.1698,3.1708,3.1748,3.1778,3.1748,3.1758,20
2026-06-02 19:50:00,3.1713,3.1728,3.1708,3.1713,3.1763,3.1778,3.1758,3.1763,14
2026-06-02 19:51:00,3.1708,3.1718,3.1678,3.1678,3.1758,3.1768,3.1728,3.1728,17
2026-06-02 19:52:00,3.1673,3.1678,3.1673,3.1678,3.1723,3.1728,3.1723,3.1728,2
2026-06-02 19:53:00,3.1668,3.1678,3.1628,3.1628,3.1718,3.1728,3.1678,3.1678,14
2026-06-02 19:54:00,3.1618,3.1648,3.1618,3.1638,3.1668,3.1698,3.1668,3.1688,50
2026-06-02 19:55:00,3.1668,3.1688,3.1653,3.1678,3.1718,3.1738,3.1703,3.1728,15
2026-06-02 19:56:00,3.1688,3.1708,3.1678,3.1698,3.1738,3.1758,3.1728,3.1748,25
2026-06-02 19:57:00,3.1688,3.1708,3.1688,3.1698,3.1738,3.1758,3.1738,3.1748,12
2026-06-02 19:58:00,3.1688,3.1708,3.1688,3.1698,3.1738,3.1758,3.1738,3.1748,4
2026-06-02 19:59:00,3.1688,3.1698,3.1628,3.1638,3.1738,3.1748,3.1678,3.1688,25
2026-06-02 20:00:00,3.1633,3.1638,3.1588,3.1603,3.1683,3.1688,3.1638,3.1653,33
2026-06-02 20:01:00,3.1608,3.1618,3.1538,3.1568,3.1658,3.1668,3.1588,3.1618,39
2026-06-02 20:02:00,3.1578,3.1588,3.1568,3.1578,3.1628,3.1638,3.1618,3.1628,19
2026-06-02 20:03:00,3.1588,3.1608,3.1578,3.1608,3.1638,3.1658,3.1628,3.1658,13
2026-06-02 20:04:00,3.1618,3.1618,3.1588,3.1598,3.1668,3.1668,3.1638,3.1648,25
2026-06-02 20:05:00,3.1603,3.1638,3.1603,3.1608,3.1653,3.1688,3.1653,3.1658,20
2026-06-02 20:06:00,3.1618,3.1618,3.1598,3.1598,3.1668,3.1668,3.1648,3.1648,13
2026-06-02 20:07:00,3.1608,3.1618,3.1598,3.1603,3.1658,3.1668,3.1648,3.1653,8
2026-06-02 20:08:00,3.1598,3.1608,3.1588,3.1603,3.1648,3.1658,3.1638,3.1653,19
2026-06-02 20:09:00,3.1598,3.1628,3.1598,3.1608,3.1648,3.1678,3.1648,3.1658,16
2026-06-02 20:10:00,3.1618,3.1618,3.1578,3.1588,3.1668,3.1668,3.1628,3.1638,14
2026-06-02 20:11:00,3.1578,3.1588,3.1568,3.1583,3.1628,3.1638,3.1618,3.1633,16
2026-06-02 20:12:00,3.1588,3.1618,3.1568,3.1608,3.1638,3.1668,3.1618,3.1658,21
2026-06-02 20:13:00,3.1598,3.1658,3.1598,3.1658,3.1648,3.1708,3.1648,3.1708,27
2026-06-02 20:14:00,3.1653,3.1668,3.1638,3.1668,3.1703,3.1718,3.1688,3.1718,16
2026-06-02 20:15:00,3.1678,3.1678,3.1648,3.1658,3.1728,3.1728,3.1698,3.1708,19
2026-06-02 20:16:00,3.1648,3.1648,3.1608,3.1608,3.1698,3.1698,3.1658,3.1658,27
2026-06-02 20:17:00,3.1618,3.1618,3.1578,3.1588,3.1668,3.1668,3.1628,3.1638,29
2026-06-02 20:18:00,3.1598,3.1608,3.1588,3.1588,3.1648,3.1658,3.1638,3.1638,8
2026-06-02 20:19:00,3.1578,3.1588,3.1568,3.1588,3.1628,3.1638,3.1618,3.1638,13
2026-06-02 20:20:00,3.1578,3.1588,3.1573,3.1573,3.1628,3.1638,3.1623,3.1623,12
2026-06-02 20:21:00,3.1578,3.1578,3.1538,3.1578,3.1628,3.1628,3.1588,3.1628,22
2026-06-02 20:22:00,3.1588,3.1638,3.1578,3.1618,3.1638,3.1688,3.1628,3.1668,43
2026-06-02 20:23:00,3.1628,3.1678,3.1618,3.1648,3.1678,3.1728,3.1668,3.1698,39
2026-06-02 20:25:00,3.1658,3.1668,3.1648,3.1668,3.1708,3.1718,3.1698,3.1718,20
2026-06-02 20:26:00,3.1658,3.1658,3.1618,3.1628,3.1708,3.1708,3.1668,3.1678,43
2026-06-02 20:27:00,3.1638,3.1678,3.1628,3.1648,3.1688,3.1728,3.1678,3.1698,48
2026-06-02 20:28:00,3.1643,3.1818,3.1608,3.1818,3.1693,3.1868,3.1658,3.1868,210
2026-06-02 20:29:00,3.1828,3.1848,3.1788,3.1828,3.1878,3.1898,3.1838,3.1878,91
2026-06-02 20:30:00,3.1818,3.1838,3.1798,3.1828,3.1868,3.1888,3.1848,3.1878,24
2026-06-02 20:31:00,3.1833,3.1838,3.1768,3.1788,3.1883,3.1888,3.1818,3.1838,36
2026-06-02 20:32:00,3.1798,3.1798,3.1758,3.1763,3.1848,3.1848,3.1808,3.1813,13
2026-06-02 20:33:00,3.1768,3.1778,3.1758,3.1768,3.1818,3.1828,3.1808,3.1818,15
2026-06-02 20:34:00,3.1778,3.1788,3.1758,3.1768,3.1828,3.1838,3.1808,3.1818,29
2026-06-02 20:35:00,3.1778,3.1798,3.1768,3.1768,3.1828,3.1848,3.1818,3.1818,14
2026-06-02 20:36:00,3.1758,3.1788,3.1758,3.1788,3.1808,3.1838,3.1808,3.1838,7
2026-06-02 20:37:00,3.1778,3.1798,3.1778,3.1793,3.1828,3.1848,3.1828,3.1843,8
2026-06-02 20:38:00,3.1798,3.1808,3.1798,3.1808,3.1848,3.1858,3.1848,3.1858,12
2026-06-02 20:39:00,3.1803,3.1803,3.1768,3.1768,3.1853,3.1853,3.1818,3.1818,12
2026-06-02 20:40:00,3.1758,3.1778,3.1758,3.1768,3.1808,3.1828,3.1808,3.1818,16
2026-06-02 20:41:00,3.1773,3.1788,3.1773,3.1778,3.1823,3.1838,3.1823,3.1828,10
2026-06-02 20:42:00,3.1768,3.1778,3.1768,3.1778,3.1818,3.1828,3.1818,3.1828,3
2026-06-02 20:43:00,3.1768,3.1773,3.1728,3.1748,3.1818,3.1823,3.1778,3.1798,20
2026-06-02 20:44:00,3.1753,3.1758,3.1728,3.1748,3.1803,3.1808,3.1778,3.1798,13
2026-06-02 20:45:00,3.1743,3.1758,3.1738,3.1748,3.1793,3.1808,3.1788,3.1798,13
2026-06-02 20:46:00,3.1753,3.1753,3.1738,3.1743,3.1803,3.1803,3.1788,3.1793,15
2026-06-02 20:47:00,3.1748,3.1758,3.1748,3.1758,3.1798,3.1808,3.1798,3.1808,2
2026-06-02 20:48:00,3.1768,3.1768,3.1758,3.1768,3.1818,3.1818,3.1808,3.1818,9
2026-06-02 20:50:00,3.1778,3.1788,3.1778,3.1783,3.1828,3.1838,3.1828,3.1833,6
2026-06-02 20:51:00,3.1778,3.1778,3.1758,3.1773,3.1828,3.1828,3.1808,3.1823,15
2026-06-02 20:52:00,3.1778,3.1778,3.1763,3.1763,3.1828,3.1828,3.1813,3.1813,3
2026-06-02 20:53:00,3.1768,3.1768,3.1758,3.1768,3.1818,3.1818,3.1808,3.1818,5
2026-06-02 20:54:00,3.1763,3.1763,3.1758,3.1758,3.1813,3.1813,3.1808,3.1808,2
2026-06-02 20:55:00,3.1768,3.1798,3.1763,3.1778,3.1818,3.1848,3.1813,3.1828,14
2026-06-02 20:56:00,3.1768,3.1768,3.1758,3.1758,3.1818,3.1818,3.1808,3.1808,2
2026-06-02 20:57:00,3.1748,3.1748,3.1738,3.1748,3.1798,3.1798,3.1788,3.1798,5
2026-06-02 20:58:00,3.1738,3.1738,3.1728,3.1728,3.1788,3.1788,3.1778,3.1778,2
2026-06-02 20:59:00,3.1738,3.1738,3.1698,3.1708,3.1788,3.1788,3.1748,3.1758,17
2026-06-02 21:00:00,3.1703,3.1708,3.1688,3.1688,3.1753,3.1758,3.1738,3.1738,12
2026-06-02 21:01:00,3.1693,3.1698,3.1688,3.1688,3.1743,3.1748,3.1738,3.1738,3
2026-06-02 21:02:00,3.1698,3.1698,3.1688,3.1688,3.1748,3.1748,3.1738,3.1738,7
2026-06-02 21:03:00,3.1698,3.1708,3.1698,3.1698,3.1748,3.1758,3.1748,3.1748,4
2026-06-02 21:04:00,3.1708,3.1708,3.1688,3.1693,3.1758,3.1758,3.1738,3.1743,5
2026-06-02 21:05:00,3.1698,3.1698,3.1673,3.1673,3.1748,3.1748,3.1723,3.1723,8
2026-06-02 21:06:00,3.1678,3.1678,3.1678,3.1678,3.1728,3.1728,3.1728,3.1728,1
2026-06-02 21:07:00,3.1688,3.1698,3.1688,3.1698,3.1738,3.1748,3.1738,3.1748,2
2026-06-02 21:08:00,3.1708,3.1708,3.1683,3.1683,3.1758,3.1758,3.1733,3.1733,11
2026-06-02 21:09:00,3.1678,3.1688,3.1678,3.1688,3.1728,3.1738,3.1728,3.1738,6
2026-06-02 21:10:00,3.1683,3.1688,3.1683,3.1688,3.1733,3.1738,3.1733,3.1738,2
2026-06-02 21:12:00,3.1698,3.1703,3.1688,3.1698,3.1748,3.1753,3.1738,3.1748,7
2026-06-02 21:13:00,3.1688,3.1688,3.1688,3.1688,3.1738,3.1738,3.1738,3.1738,1
2026-06-02 21:14:00,3.1698,3.1698,3.1688,3.1698,3.1748,3.1748,3.1738,3.1748,6
2026-06-02 21:15:00,3.1688,3.1688,3.1688,3.1688,3.1738,3.1738,3.1738,3.1738,1
2026-06-02 21:16:00,3.1678,3.1688,3.1678,3.1688,3.1728,3.1738,3.1728,3.1738,2
2026-06-02 21:20:00,3.1698,3.1698,3.1688,3.1688,3.1748,3.1748,3.1738,3.1738,2
2026-06-02 21:22:00,3.1698,3.1718,3.1698,3.1718,3.1748,3.1768,3.1748,3.1768,4
2026-06-02 21:23:00,3.1713,3.1713,3.1708,3.1708,3.1763,3.1763,3.1758,3.1758,2
2026-06-02 21:24:00,3.1698,3.1698,3.1688,3.1698,3.1748,3.1748,3.1738,3.1748,5
2026-06-02 21:25:00,3.1688,3.1698,3.1688,3.1698,3.1738,3.1748,3.1738,3.1748,12
2026-06-02 21:27:00,3.1708,3.1738,3.1708,3.1728,3.1758,3.1788,3.1758,3.1778,5
2026-06-02 21:28:00,3.1733,3.1733,3.1728,3.1728,3.1783,3.1783,3.1778,3.1778,2
2026-06-02 21:29:00,3.1718,3.1728,3.1718,3.1718,3.1768,3.1778,3.1768,3.1768,7
2026-06-02 21:30:00,3.1708,3.1718,3.1708,3.1718,3.1758,3.1768,3.1758,3.1768,2
2026-06-02 21:31:00,3.1728,3.1738,3.1718,3.1718,3.1778,3.1788,3.1768,3.1768,4
2026-06-02 21:32:00,3.1728,3.1728,3.1728,3.1728,3.1778,3.1778,3.1778,3.1778,1
2026-06-02 21:33:00,3.1738,3.1738,3.1728,3.1728,3.1788,3.1788,3.1778,3.1778,2
2026-06-02 21:34:00,3.1718,3.1738,3.1718,3.1728,3.1768,3.1788,3.1768,3.1778,11
2026-06-02 21:35:00,3.1718,3.1728,3.1718,3.1728,3.1768,3.1778,3.1768,3.1778,4
2026-06-02 21:36:00,3.1738,3.1778,3.1738,3.1778,3.1788,3.1828,3.1788,3.1828,16
2026-06-02 21:37:00,3.1758,3.1758,3.1738,3.1748,3.1808,3.1808,3.1788,3.1798,8
2026-06-02 21:38:00,3.1743,3.1768,3.1743,3.1758,3.1793,3.1818,3.1793,3.1808,10
2026-06-02 21:39:00,3.1763,3.1763,3.1758,3.1758,3.1813,3.1813,3.1808,3.1808,2
2026-06-02 21:40:00,3.1753,3.1768,3.1748,3.1758,3.1803,3.1818,3.1798,3.1808,10
2026-06-02 21:41:00,3.1748,3.1748,3.1738,3.1738,3.1798,3.1798,3.1788,3.1788,2
2026-06-02 21:43:00,3.1748,3.1758,3.1738,3.1738,3.1798,3.1808,3.1788,3.1788,9
2026-06-02 21:45:00,3.1743,3.1748,3.1743,3.1748,3.1793,3.1798,3.1793,3.1798,2
2026-06-02 21:46:00,3.1743,3.1758,3.1743,3.1748,3.1793,3.1808,3.1793,3.1798,5
2026-06-02 21:47:00,3.1758,3.1768,3.1758,3.1758,3.1808,3.1818,3.1808,3.1808,3
2026-06-02 21:51:00,3.1748,3.1758,3.1743,3.1758,3.1798,3.1808,3.1793,3.1808,5
2026-06-02 21:52:00,3.1748,3.1758,3.1748,3.1748,3.1798,3.1808,3.1798,3.1798,3
2026-06-02 21:53:00,3.1758,3.1758,3.1748,3.1748,3.1808,3.1808,3.1798,3.1798,3
2026-06-02 21:55:00,3.1758,3.1758,3.1748,3.1748,3.1808,3.1808,3.1798,3.1798,2
2026-06-02 21:57:00,3.1738,3.1738,3.1728,3.1738,3.1788,3.1788,3.1778,3.1788,3
2026-06-02 21:58:00,3.1743,3.1748,3.1728,3.1738,3.1793,3.1798,3.1778,3.1788,7
2026-06-02 21:59:00,3.1733,3.1758,3.1733,3.1753,3.1783,3.1808,3.1783,3.1803,11
2026-06-02 22:00:00,3.1748,3.1748,3.1738,3.1738,3.1798,3.1798,3.1788,3.1788,2
2026-06-02 22:01:00,3.1733,3.1738,3.1733,3.1738,3.1783,3.1788,3.1783,3.1788,2
2026-06-02 22:02:00,3.1748,3.1748,3.1728,3.1728,3.1798,3.1798,3.1778,3.1778,3
2026-06-02 22:03:00,3.1718,3.1728,3.1718,3.1728,3.1768,3.1778,3.1768,3.1778,2
2026-06-02 22:04:00,3.1733,3.1748,3.1733,3.1748,3.1783,3.1798,3.1783,3.1798,3
2026-06-02 22:06:00,3.1743,3.1748,3.1738,3.1748,3.1793,3.1798,3.1788,3.1798,4
2026-06-02 22:07:00,3.1758,3.1758,3.1758,3.1758,3.1808,3.1808,3.1808,3.1808,1
2026-06-02 22:09:00,3.1753,3.1753,3.1748,3.1748,3.1803,3.1803,3.1798,3.1798,2
2026-06-02 22:10:00,3.1758,3.1758,3.1748,3.1748,3.1808,3.1808,3.1798,3.1798,2
2026-06-02 22:11:00,3.1738,3.1748,3.1738,3.1748,3.1788,3.1798,3.1788,3.1798,2
2026-06-02 22:12:00,3.1758,3.1768,3.1758,3.1768,3.1808,3.1818,3.1808,3.1818,2
2026-06-02 22:13:00,3.1773,3.1773,3.1748,3.1768,3.1823,3.1823,3.1798,3.1818,6
2026-06-02 22:15:00,3.1758,3.1768,3.1758,3.1758,3.1808,3.1818,3.1808,3.1808,5
2026-06-02 22:16:00,3.1763,3.1788,3.1763,3.1788,3.1813,3.1838,3.1813,3.1838,11
2026-06-02 22:17:00,3.1783,3.1788,3.1778,3.1778,3.1833,3.1838,3.1828,3.1828,7
2026-06-02 22:18:00,3.1783,3.1788,3.1778,3.1778,3.1833,3.1838,3.1828,3.1828,4
2026-06-02 22:19:00,3.1773,3.1778,3.1773,3.1778,3.1823,3.1828,3.1823,3.1828,2
2026-06-02 22:20:00,3.1783,3.1788,3.1778,3.1783,3.1833,3.1838,3.1828,3.1833,7
2026-06-02 22:21:00,3.1778,3.1778,3.1778,3.1778,3.1828,3.1828,3.1828,3.1828,1
2026-06-02 22:22:00,3.1793,3.1793,3.1778,3.1778,3.1843,3.1843,3.1828,3.1828,3
2026-06-02 22:24:00,3.1768,3.1768,3.1768,3.1768,3.1818,3.1818,3.1818,3.1818,1
2026-06-02 22:25:00,3.1758,3.1768,3.1758,3.1763,3.1808,3.1818,3.1808,3.1813,7
2026-06-02 22:26:00,3.1758,3.1758,3.1758,3.1758,3.1808,3.1808,3.1808,3.1808,1
2026-06-02 22:27:00,3.1763,3.1763,3.1748,3.1758,3.1813,3.1813,3.1798,3.1808,9
2026-06-02 22:28:00,3.1763,3.1773,3.1753,3.1768,3.1813,3.1823,3.1803,3.1818,6
2026-06-02 22:29:00,3.1758,3.1758,3.1748,3.1758,3.1808,3.1808,3.1798,3.1808,3
2026-06-02 22:30:00,3.1748,3.1748,3.1748,3.1748,3.1798,3.1798,3.1798,3.1798,1
2026-06-02 22:33:00,3.1738,3.1748,3.1738,3.1738,3.1788,3.1798,3.1788,3.1788,6
2026-06-02 22:36:00,3.1733,3.1738,3.1733,3.1738,3.1783,3.1788,3.1783,3.1788,2
2026-06-02 22:37:00,3.1733,3.1733,3.1728,3.1728,3.1783,3.1783,3.1778,3.1778,2
2026-06-02 22:38:00,3.1738,3.1738,3.1738,3.1738,3.1788,3.1788,3.1788,3.1788,1
2026-06-02 22:40:00,3.1743,3.1743,3.1743,3.1743,3.1793,3.1793,3.1793,3.1793,1
2026-06-02 22:41:00,3.1738,3.1748,3.1738,3.1738,3.1788,3.1798,3.1788,3.1788,5
2026-06-02 22:42:00,3.1748,3.1748,3.1738,3.1738,3.1798,3.1798,3.1788,3.1788,2
2026-06-02 22:43:00,3.1743,3.1748,3.1743,3.1748,3.1793,3.1798,3.1793,3.1798,2
2026-06-02 22:44:00,3.1743,3.1748,3.1743,3.1748,3.1793,3.1798,3.1793,3.1798,2
2026-06-02 22:48:00,3.1758,3.1778,3.1758,3.1768,3.1808,3.1828,3.1808,3.1818,10
2026-06-02 22:49:00,3.1778,3.1778,3.1768,3.1768,3.1828,3.1828,3.1818,3.1818,2
2026-06-02 22:50:00,3.1758,3.1768,3.1748,3.1758,3.1808,3.1818,3.1798,3.1808,7
2026-06-02 22:55:00,3.1763,3.1828,3.1763,3.1818,3.1813,3.1878,3.1813,3.1868,38
2026-06-02 22:56:00,3.1813,3.1828,3.1813,3.1823,3.1863,3.1878,3.1863,3.1873,7
2026-06-02 22:57:00,3.1828,3.1843,3.1823,3.1828,3.1878,3.1893,3.1873,3.1878,11
2026-06-02 22:58:00,3.1833,3.1833,3.1808,3.1818,3.1883,3.1883,3.1858,3.1868,7
2026-06-02 22:59:00,3.1813,3.1818,3.1788,3.1793,3.1863,3.1868,3.1838,3.1843,14
2026-06-03 00:00:00,3.1793,3.1838,3.1753,3.1763,3.1843,3.1888,3.1803,3.1813,25
2026-06-03 00:01:00,3.1758,3.1768,3.1758,3.1758,3.1808,3.1818,3.1808,3.1808,3
2026-06-03 00:03:00,3.1743,3.1748,3.1743,3.1748,3.1793,3.1798,3.1793,3.1798,2
2026-06-03 00:04:00,3.1743,3.1743,3.1743,3.1743,3.1793,3.1793,3.1793,3.1793,1
2026-06-03 00:06:00,3.1748,3.1748,3.1748,3.1748,3.1798,3.1798,3.1798,3.1798,1
2026-06-03 00:07:00,3.1753,3.1753,3.1738,3.1738,3.1803,3.1803,3.1788,3.1788,2
2026-06-03 00:09:00,3.1743,3.1743,3.1743,3.1743,3.1793,3.1793,3.1793,3.1793,1
2026-06-03 00:15:00,3.1748,3.1748,3.1748,3.1748,3.1798,3.1798,3.1798,3.1798,1
2026-06-03 00:16:00,3.1753,3.1773,3.1753,3.1768,3.1803,3.1823,3.1803,3.1818,3
2026-06-03 00:19:00,3.1758,3.1758,3.1758,3.1758,3.1808,3.1808,3.1808,3.1808,1
2026-06-03 00:20:00,3.1753,3.1753,3.1738,3.1738,3.1803,3.1803,3.1788,3.1788,2
2026-06-03 00:21:00,3.1743,3.1743,3.1743,3.1743,3.1793,3.1793,3.1793,3.1793,1
2026-06-03 00:22:00,3.1748,3.1748,3.1748,3.1748,3.1798,3.1798,3.1798,3.1798,1
2026-06-03 00:23:00,3.1763,3.1763,3.1758,3.1758,3.1813,3.1813,3.1808,3.1808,2
2026-06-03 00:25:00,3.1753,3.1753,3.1753,3.1753,3.1803,3.1803,3.1803,3.1803,1
2026-06-03 00:27:00,3.1748,3.1748,3.1748,3.1748,3.1798,3.1798,3.1798,3.1798,1
2026-06-03 00:29:00,3.1753,3.1753,3.1753,3.1753,3.1803,3.1803,3.1803,3.1803,1
2026-06-03 00:30:00,3.1763,3.1763,3.1758,3.1758,3.1813,3.1813,3.1808,3.1808,2
2026-06-03 00:33:00,3.1763,3.1763,3.1748,3.1748,3.1813,3.1813,3.1798,3.1798,2
2026-06-03 00:38:00,3.1743,3.1743,3.1743,3.1743,3.1793,3.1793,3.1793,3.1793,1
2026-06-03 00:39:00,3.1748,3.1763,3.1743,3.1743,3.1798,3.1813,3.1793,3.1793,5
2026-06-03 00:40:00,3.1748,3.1748,3.1748,3.1748,3.1798,3.1798,3.1798,3.1798,1
2026-06-03 00:51:00,3.1753,3.1758,3.1753,3.1758,3.1803,3.1808,3.1803,3.1808,2
2026-06-03 00:52:00,3.1763,3.1763,3.1763,3.1763,3.1813,3.1813,3.1813,3.1813,1
2026-06-03 00:56:00,3.1758,3.1758,3.1758,3.1758,3.1808,3.1808,3.1808,3.1808,1
2026-06-03 00:57:00,3.1763,3.1763,3.1758,3.1763,3.1813,3.1813,3.1808,3.1813,3
2026-06-03 00:59:00,3.1758,3.1763,3.1758,3.1758,3.1808,3.1813,3.1808,3.1808,3
2026-06-03 01:00:00,3.1763,3.1763,3.1763,3.1763,3.1813,3.1813,3.1813,3.1813,1
2026-06-03 01:01:00,3.1758,3.1763,3.1758,3.1763,3.1808,3.1813,3.1808,3.1813,2
2026-06-03 01:03:00,3.1778,3.1793,3.1778,3.1793,3.1828,3.1843,3.1828,3.1843,6
2026-06-03 01:04:00,3.1788,3.1793,3.1788,3.1793,3.1838,3.1843,3.1838,3.1843,2
2026-06-03 01:05:00,3.1783,3.1788,3.1783,3.1788,3.1833,3.1838,3.1833,3.1838,2
2026-06-03 01:06:00,3.1783,3.1788,3.1783,3.1788,3.1833,3.1838,3.1833,3.1838,2
2026-06-03 01:07:00,3.1783,3.1788,3.1778,3.1783,3.1833,3.1838,3.1828,3.1833,5
2026-06-03 01:09:00,3.1778,3.1778,3.1778,3.1778,3.1828,3.1828,3.1828,3.1828,1
2026-06-03 01:12:00,3.1783,3.1793,3.1783,3.1793,3.1833,3.1843,3.1833,3.1843,2
2026-06-03 01:13:00,3.1783,3.1788,3.1778,3.1778,3.1833,3.1838,3.1828,3.1828,3
2026-06-03 01:17:00,3.1783,3.1788,3.1783,3.1788,3.1833,3.1838,3.1833,3.1838,2
2026-06-03 01:18:00,3.1793,3.1818,3.1793,3.1813,3.1843,3.1868,3.1843,3.1863,11
2026-06-03 01:19:00,3.1818,3.1828,3.1813,3.1813,3.1868,3.1878,3.1863,3.1863,5
2026-06-03 01:20:00,3.1818,3.1818,3.1818,3.1818,3.1868,3.1868,3.1868,3.1868,1
2026-06-03 01:21:00,3.1813,3.1823,3.1813,3.1818,3.1863,3.1873,3.1863,3.1868,3
2026-06-03 01:22:00,3.1813,3.1818,3.1813,3.1818,3.1863,3.1868,3.1863,3.1868,2
2026-06-03 01:23:00,3.1823,3.1823,3.1823,3.1823,3.1873,3.1873,3.1873,3.1873,1
2026-06-03 01:24:00,3.1813,3.1823,3.1813,3.1823,3.1863,3.1873,3.1863,3.1873,3
2026-06-03 01:26:00,3.1813,3.1818,3.1808,3.1818,3.1863,3.1868,3.1858,3.1868,4
2026-06-03 01:28:00,3.1823,3.1823,3.1818,3.1818,3.1873,3.1873,3.1868,3.1868,2
2026-06-03 01:29:00,3.1813,3.1818,3.1813,3.1818,3.1863,3.1868,3.1863,3.1868,2
2026-06-03 01:31:00,3.1813,3.1818,3.1813,3.1818,3.1863,3.1868,3.1863,3.1868,2
2026-06-03 01:33:00,3.1813,3.1818,3.1813,3.1818,3.1863,3.1868,3.1863,3.1868,2
2026-06-03 01:34:00,3.1823,3.1843,3.1823,3.1843,3.1873,3.1893,3.1873,3.1893,3
2026-06-03 01:35:00,3.1828,3.1828,3.1808,3.1818,3.1878,3.1878,3.1858,3.1868,8
2026-06-03 01:37:00,3.1823,3.1823,3.1818,3.1818,3.1873,3.1873,3.1868,3.1868,2
2026-06-03 01:38:00,3.1813,3.1813,3.1808,3.1813,3.1863,3.1863,3.1858,3.1863,3
2026-06-03 01:41:00,3.1803,3.1803,3.1783,3.1783,3.1853,3.1853,3.1833,3.1833,4
2026-06-03 01:42:00,3.1778,3.1778,3.1778,3.1778,3.1828,3.1828,3.1828,3.1828,1
2026-06-03 01:43:00,3.1763,3.1773,3.1763,3.1773,3.1813,3.1823,3.1813,3.1823,4
2026-06-03 01:47:00,3.1778,3.1783,3.1778,3.1783,3.1828,3.1833,3.1828,3.1833,2
2026-06-03 01:49:00,3.1773,3.1773,3.1758,3.1763,3.1823,3.1823,3.1808,3.1813,8
2026-06-03 01:50:00,3.1773,3.1773,3.1738,3.1758,3.1823,3.1823,3.1788,3.1808,13
2026-06-03 01:51:00,3.1768,3.1773,3.1753,3.1758,3.1818,3.1823,3.1803,3.1808,7
2026-06-03 01:53:00,3.1753,3.1758,3.1753,3.1758,3.1803,3.1808,3.1803,3.1808,2
2026-06-03 01:55:00,3.1753,3.1758,3.1753,3.1758,3.1803,3.1808,3.1803,3.1808,2
2026-06-03 01:56:00,3.1773,3.1773,3.1763,3.1763,3.1823,3.1823,3.1813,3.1813,2
2026-06-03 01:57:00,3.1753,3.1753,3.1743,3.1748,3.1803,3.1803,3.1793,3.1798,5
2026-06-03 01:58:00,3.1743,3.1763,3.1743,3.1763,3.1793,3.1813,3.1793,3.1813,9
2026-06-03 01:59:00,3.1758,3.1763,3.1743,3.1748,3.1808,3.1813,3.1793,3.1798,7
2026-06-03 02:00:00,3.1743,3.1753,3.1703,3.1733,3.1793,3.1803,3.1753,3.1783,29
2026-06-03 02:01:00,3.1738,3.1738,3.1733,3.1733,3.1788,3.1788,3.1783,3.1783,2
2026-06-03 02:02:00,3.1743,3.1748,3.1743,3.1748,3.1793,3.1798,3.1793,3.1798,2
2026-06-03 02:03:00,3.1753,3.1753,3.1753,3.1753,3.1803,3.1803,3.1803,3.1803,1
2026-06-03 02:07:00,3.1763,3.1793,3.1763,3.1783,3.1813,3.1843,3.1813,3.1833,12
2026-06-03 02:08:00,3.1778,3.1783,3.1773,3.1773,3.1828,3.1833,3.1823,3.1823,4
2026-06-03 02:09:00,3.1783,3.1783,3.1773,3.1778,3.1833,3.1833,3.1823,3.1828,3
2026-06-03 02:12:00,3.1783,3.1783,3.1783,3.1783,3.1833,3.1833,3.1833,3.1833,1
2026-06-03 02:13:00,3.1778,3.1798,3.1778,3.1798,3.1828,3.1848,3.1828,3.1848,4
2026-06-03 02:14:00,3.1803,3.1803,3.1803,3.1803,3.1853,3.1853,3.1853,3.1853,1
2026-06-03 02:15:00,3.1798,3.1803,3.1798,3.1803,3.1848,3.1853,3.1848,3.1853,2
2026-06-03 02:17:00,3.1793,3.1793,3.1793,3.1793,3.1843,3.1843,3.1843,3.1843,1
2026-06-03 02:18:00,3.1783,3.1788,3.1783,3.1783,3.1833,3.1838,3.1833,3.1833,5
2026-06-03 02:19:00,3.1823,3.1823,3.1803,3.1823,3.1873,3.1873,3.1853,3.1873,8
2026-06-03 02:20:00,3.1818,3.1818,3.1813,3.1813,3.1868,3.1868,3.1863,3.1863,2
2026-06-03 02:21:00,3.1808,3.1813,3.1803,3.1803,3.1858,3.1863,3.1853,3.1853,4
2026-06-03 02:22:00,3.1808,3.1808,3.1803,3.1808,3.1858,3.1858,3.1853,3.1858,3
2026-06-03 02:23:00,3.1813,3.1813,3.1808,3.1808,3.1863,3.1863,3.1858,3.1858,14
2026-06-03 02:24:00,3.1813,3.1813,3.1808,3.1813,3.1863,3.1863,3.1858,3.1863,3
2026-06-03 02:25:00,3.1808,3.1848,3.1808,3.1843,3.1858,3.1898,3.1858,3.1893,11
2026-06-03 02:26:00,3.1838,3.1843,3.1838,3.1838,3.1888,3.1893,3.1888,3.1888,3
2026-06-03 02:27:00,3.1833,3.1833,3.1833,3.1833,3.1883,3.1883,3.1883,3.1883,1
2026-06-03 02:28:00,3.1828,3.1828,3.1823,3.1823,3.1878,3.1878,3.1873,3.1873,2
2026-06-03 02:29:00,3.1818,3.1823,3.1808,3.1813,3.1868,3.1873,3.1858,3.1863,17
2026-06-03 02:30:00,3.1808,3.1808,3.1803,3.1803,3.1858,3.1858,3.1853,3.1853,2
2026-06-03 02:32:00,3.1798,3.1803,3.1798,3.1803,3.1848,3.1853,3.1848,3.1853,2
2026-06-03 02:33:00,3.1813,3.1813,3.1793,3.1803,3.1863,3.1863,3.1843,3.1853,4
2026-06-03 02:34:00,3.1798,3.1798,3.1798,3.1798,3.1848,3.1848,3.1848,3.1848,1
2026-06-03 02:35:00,3.1803,3.1803,3.1803,3.1803,3.1853,3.1853,3.1853,3.1853,1
2026-06-03 02:36:00,3.1793,3.1793,3.1793,3.1793,3.1843,3.1843,3.1843,3.1843,1
2026-06-03 02:37:00,3.1798,3.1803,3.1798,3.1803,3.1848,3.1853,3.1848,3.1853,2
2026-06-03 02:38:00,3.1818,3.1838,3.1803,3.1803,3.1868,3.1888,3.1853,3.1853,17
2026-06-03 02:39:00,3.1798,3.1803,3.1793,3.1793,3.1848,3.1853,3.1843,3.1843,3
2026-06-03 02:42:00,3.1798,3.1803,3.1798,3.1803,3.1848,3.1853,3.1848,3.1853,2
2026-06-03 02:43:00,3.1798,3.1798,3.1798,3.1798,3.1848,3.1848,3.1848,3.1848,1
2026-06-03 02:44:00,3.1793,3.1798,3.1793,3.1798,3.1843,3.1848,3.1843,3.1848,2
2026-06-03 02:47:00,3.1813,3.1813,3.1803,3.1803,3.1863,3.1863,3.1853,3.1853,7
2026-06-03 02:50:00,3.1808,3.1808,3.1803,3.1808,3.1858,3.1858,3.1853,3.1858,7
2026-06-03 02:51:00,3.1813,3.1813,3.1813,3.1813,3.1863,3.1863,3.1863,3.1863,1
2026-06-03 02:52:00,3.1808,3.1808,3.1783,3.1788,3.1858,3.1858,3.1833,3.1838,4
2026-06-03 02:54:00,3.1793,3.1793,3.1793,3.1793,3.1843,3.1843,3.1843,3.1843,1
2026-06-03 02:58:00,3.1783,3.1783,3.1783,3.1783,3.1833,3.1833,3.1833,3.1833,1
2026-06-03 02:59:00,3.1788,3.1788,3.1783,3.1783,3.1838,3.1838,3.1833,3.1833,2
2026-06-03 03:00:00,3.1778,3.1793,3.1758,3.1788,3.1828,3.1843,3.1808,3.1838,15
2026-06-03 03:01:00,3.1793,3.1793,3.1783,3.1793,3.1843,3.1843,3.1833,3.1843,5
2026-06-03 03:02:00,3.1788,3.1793,3.1773,3.1793,3.1838,3.1843,3.1823,3.1843,10
2026-06-03 03:03:00,3.1783,3.1798,3.1783,3.1798,3.1833,3.1848,3.1833,3.1848,5
2026-06-03 03:04:00,3.1793,3.1793,3.1793,3.1793,3.1843,3.1843,3.1843,3.1843,1
2026-06-03 03:05:00,3.1798,3.1803,3.1798,3.1798,3.1848,3.1853,3.1848,3.1848,3
2026-06-03 03:06:00,3.1803,3.1803,3.1803,3.1803,3.1853,3.1853,3.1853,3.1853,1
2026-06-03 03:08:00,3.1793,3.1793,3.1773,3.1773,3.1843,3.1843,3.1823,3.1823,4
2026-06-03 03:09:00,3.1783,3.1783,3.1778,3.1778,3.1833,3.1833,3.1828,3.1828,2
2026-06-03 03:10:00,3.1783,3.1783,3.1773,3.1773,3.1833,3.1833,3.1823,3.1823,2
2026-06-03 03:11:00,3.1778,3.1783,3.1773,3.1778,3.1828,3.1833,3.1823,3.1828,5
2026-06-03 03:12:00,3.1783,3.1783,3.1778,3.1778,3.1833,3.1833,3.1828,3.1828,6
2026-06-03 03:13:00,3.1783,3.1783,3.1778,3.1778,3.1833,3.1833,3.1828,3.1828,8
2026-06-03 03:14:00,3.1783,3.1793,3.1783,3.1788,3.1833,3.1843,3.1833,3.1838,6
2026-06-03 03:15:00,3.1793,3.1793,3.1783,3.1783,3.1843,3.1843,3.1833,3.1833,2
2026-06-03 03:16:00,3.1793,3.1793,3.1793,3.1793,3.1843,3.1843,3.1843,3.1843,1
2026-06-03 03:18:00,3.1788,3.1793,3.1788,3.1793,3.1838,3.1843,3.1838,3.1843,2
2026-06-03 03:21:00,3.1803,3.1803,3.1788,3.1788,3.1853,3.1853,3.1838,3.1838,3
2026-06-03 03:22:00,3.1783,3.1793,3.1778,3.1778,3.1833,3.1843,3.1828,3.1828,9
2026-06-03 03:23:00,3.1773,3.1773,3.1768,3.1768,3.1823,3.1823,3.1818,3.1818,4
2026-06-03 03:24:00,3.1773,3.1773,3.1763,3.1768,3.1823,3.1823,3.1813,3.1818,5
2026-06-03 03:25:00,3.1773,3.1773,3.1763,3.1763,3.1823,3.1823,3.1813,3.1813,2
2026-06-03 03:26:00,3.1768,3.1773,3.1768,3.1773,3.1818,3.1823,3.1818,3.1823,2
2026-06-03 03:27:00,3.1763,3.1773,3.1763,3.1768,3.1813,3.1823,3.1813,3.1818,4
2026-06-03 03:28:00,3.1763,3.1763,3.1763,3.1763,3.1813,3.1813,3.1813,3.1813,1
2026-06-03 03:30:00,3.1758,3.1758,3.1743,3.1743,3.1808,3.1808,3.1793,3.1793,4
2026-06-03 03:31:00,3.1748,3.1748,3.1743,3.1743,3.1798,3.1798,3.1793,3.1793,2
2026-06-03 03:32:00,3.1748,3.1748,3.1748,3.1748,3.1798,3.1798,3.1798,3.1798,1
2026-06-03 03:33:00,3.1743,3.1753,3.1743,3.1753,3.1793,3.1803,3.1793,3.1803,3
2026-06-03 03:38:00,3.1748,3.1748,3.1748,3.1748,3.1798,3.1798,3.1798,3.1798,1
2026-06-03 03:39:00,3.1743,3.1753,3.1743,3.1743,3.1793,3.1803,3.1793,3.1793,5
2026-06-03 03:41:00,3.1738,3.1738,3.1733,3.1738,3.1788,3.1788,3.1783,3.1788,3
2026-06-03 03:42:00,3.1733,3.1733,3.1733,3.1733,3.1783,3.1783,3.1783,3.1783,1
2026-06-03 03:43:00,3.1743,3.1743,3.1733,3.1733,3.1793,3.1793,3.1783,3.1783,2
2026-06-03 03:45:00,3.1723,3.1723,3.1718,3.1723,3.1773,3.1773,3.1768,3.1773,5
2026-06-03 03:46:00,3.1713,3.1723,3.1713,3.1723,3.1763,3.1773,3.1763,3.1773,2
2026-06-03 03:50:00,3.1733,3.1733,3.1723,3.1723,3.1783,3.1783,3.1773,3.1773,3
2026-06-03 03:55:00,3.1733,3.1733,3.1728,3.1728,3.1783,3.1783,3.1778,3.1778,2
2026-06-03 03:56:00,3.1733,3.1733,3.1728,3.1728,3.1783,3.1783,3.1778,3.1778,4
2026-06-03 03:57:00,3.1733,3.1733,3.1733,3.1733,3.1783,3.1783,3.1783,3.1783,1
2026-06-03 04:00:00,3.1728,3.1728,3.1723,3.1723,3.1778,3.1778,3.1773,3.1773,2
2026-06-03 04:04:00,3.1733,3.1733,3.1728,3.1728,3.1783,3.1783,3.1778,3.1778,2
2026-06-03 04:05:00,3.1723,3.1723,3.1713,3.1723,3.1773,3.1773,3.1763,3.1773,3
2026-06-03 04:06:00,3.1733,3.1743,3.1733,3.1743,3.1783,3.1793,3.1783,3.1793,4
2026-06-03 04:12:00,3.1733,3.1743,3.1733,3.1733,3.1783,3.1793,3.1783,3.1783,3
2026-06-03 04:14:00,3.1738,3.1738,3.1733,3.1733,3.1788,3.1788,3.1783,3.1783,2
2026-06-03 04:16:00,3.1738,3.1743,3.1738,3.1738,3.1788,3.1793,3.1788,3.1788,3
2026-06-03 04:18:00,3.1743,3.1743,3.1743,3.1743,3.1793,3.1793,3.1793,3.1793,1
2026-06-03 04:23:00,3.1738,3.1738,3.1693,3.1713,3.1788,3.1788,3.1743,3.1763,17
2026-06-03 04:24:00,3.1708,3.1713,3.1703,3.1713,3.1758,3.1763,3.1753,3.1763,5
2026-06-03 04:25:00,3.1708,3.1708,3.1708,3.1708,3.1758,3.1758,3.1758,3.1758,1
2026-06-03 04:26:00,3.1703,3.1703,3.1703,3.1703,3.1753,3.1753,3.1753,3.1753,1
2026-06-03 04:27:00,3.1693,3.1693,3.1683,3.1688,3.1743,3.1743,3.1733,3.1738,4
2026-06-03 04:29:00,3.1693,3.1693,3.1693,3.1693,3.1743,3.1743,3.1743,3.1743,1
2026-06-03 04:30:00,3.1703,3.1703,3.1698,3.1698,3.1753,3.1753,3.1748,3.1748,4
2026-06-03 04:31:00,3.1693,3.1723,3.1693,3.1723,3.1743,3.1773,3.1743,3.1773,4
2026-06-03 04:32:00,3.1713,3.1723,3.1713,3.1723,3.1763,3.1773,3.1763,3.1773,3
2026-06-03 04:34:00,3.1713,3.1723,3.1713,3.1723,3.1763,3.1773,3.1763,3.1773,2
2026-06-03 04:37:00,3.1733,3.1738,3.1733,3.1738,3.1783,3.1788,3.1783,3.1788,2
2026-06-03 04:40:00,3.1733,3.1738,3.1728,3.1733,3.1783,3.1788,3.1778,3.1783,4
2026-06-03 04:43:00,3.1743,3.1743,3.1743,3.1743,3.1793,3.1793,3.1793,3.1793,1
2026-06-03 04:44:00,3.1733,3.1733,3.1728,3.1733,3.1783,3.1783,3.1778,3.1783,5
2026-06-03 04:45:00,3.1728,3.1733,3.1728,3.1733,3.1778,3.1783,3.1778,3.1783,2
2026-06-03 04:46:00,3.1738,3.1743,3.1738,3.1743,3.1788,3.1793,3.1788,3.1793,2
2026-06-03 04:48:00,3.1733,3.1738,3.1733,3.1738,3.1783,3.1788,3.1783,3.1788,2
2026-06-03 04:49:00,3.1743,3.1743,3.1743,3.1743,3.1793,3.1793,3.1793,3.1793,1
2026-06-03 04:55:00,3.1733,3.1733,3.1723,3.1723,3.1783,3.1783,3.1773,3.1773,4
2026-06-03 04:58:00,3.1713,3.1713,3.1713,3.1713,3.1763,3.1763,3.1763,3.1763,1
2026-06-03 05:00:00,3.1703,3.1708,3.1703,3.1703,3.1753,3.1758,3.1753,3.1753,3
2026-06-03 05:05:00,3.1693,3.1703,3.1683,3.1693,3.1743,3.1753,3.1733,3.1743,5
2026-06-03 05:07:00,3.1683,3.1683,3.1683,3.1683,3.1733,3.1733,3.1733,3.1733,1
2026-06-03 05:08:00,3.1688,3.1693,3.1688,3.1693,3.1738,3.1743,3.1738,3.1743,2
2026-06-03 05:11:00,3.1688,3.1693,3.1683,3.1688,3.1738,3.1743,3.1733,3.1738,8
2026-06-03 05:14:00,3.1683,3.1693,3.1683,3.1693,3.1733,3.1743,3.1733,3.1743,6
2026-06-03 05:15:00,3.1688,3.1688,3.1688,3.1688,3.1738,3.1738,3.1738,3.1738,1
2026-06-03 05:16:00,3.1693,3.1693,3.1693,3.1693,3.1743,3.1743,3.1743,3.1743,1
2026-06-03 05:19:00,3.1698,3.1698,3.1698,3.1698,3.1748,3.1748,3.1748,3.1748,1
2026-06-03 05:21:00,3.1693,3.1693,3.1693,3.1693,3.1743,3.1743,3.1743,3.1743,1
2026-06-03 05:23:00,3.1703,3.1703,3.1683,3.1683,3.1753,3.1753,3.1733,3.1733,3
2026-06-03 05:24:00,3.1688,3.1688,3.1688,3.1688,3.1738,3.1738,3.1738,3.1738,1
2026-06-03 05:30:00,3.1693,3.1693,3.1683,3.1693,3.1743,3.1743,3.1733,3.1743,4
2026-06-03 05:31:00,3.1703,3.1753,3.1703,3.1748,3.1753,3.1803,3.1753,3.1798,14
2026-06-03 05:32:00,3.1743,3.1748,3.1743,3.1743,3.1793,3.1798,3.1793,3.1793,3
2026-06-03 05:33:00,3.1748,3.1748,3.1723,3.1733,3.1798,3.1798,3.1773,3.1783,10
2026-06-03 05:39:00,3.1723,3.1723,3.1723,3.1723,3.1773,3.1773,3.1773,3.1773,1
2026-06-03 05:40:00,3.1728,3.1728,3.1723,3.1723,3.1778,3.1778,3.1773,3.1773,2
2026-06-03 05:43:00,3.1713,3.1713,3.1703,3.1703,3.1763,3.1763,3.1753,3.1753,2
2026-06-03 05:44:00,3.1693,3.1703,3.1693,3.1703,3.1743,3.1753,3.1743,3.1753,5
2026-06-03 05:45:00,3.1708,3.1713,3.1708,3.1713,3.1758,3.1763,3.1758,3.1763,2
2026-06-03 05:48:00,3.1723,3.1723,3.1723,3.1723,3.1773,3.1773,3.1773,3.1773,1
2026-06-03 05:50:00,3.1728,3.1728,3.1728,3.1728,3.1778,3.1778,3.1778,3.1778,1
2026-06-03 05:51:00,3.1723,3.1723,3.1713,3.1718,3.1773,3.1773,3.1763,3.1768,3
2026-06-03 05:53:00,3.1723,3.1723,3.1723,3.1723,3.1773,3.1773,3.1773,3.1773,1
2026-06-03 05:58:00,3.1733,3.1763,3.1733,3.1753,3.1783,3.1813,3.1783,3.1803,9
2026-06-03 05:59:00,3.1763,3.1763,3.1758,3.1763,3.1813,3.1813,3.1808,3.1813,3
2026-06-03 06:00:00,3.1768,3.1783,3.1768,3.1783,3.1818,3.1833,3.1818,3.1833,2
2026-06-03 06:03:00,3.1793,3.1793,3.1783,3.1783,3.1843,3.1843,3.1833,3.1833,3
2026-06-03 06:04:00,3.1778,3.1778,3.1773,3.1773,3.1828,3.1828,3.1823,3.1823,2
2026-06-03 06:07:00,3.1768,3.1768,3.1753,3.1753,3.1818,3.1818,3.1803,3.1803,3
2026-06-03 06:08:00,3.1758,3.1763,3.1753,3.1763,3.1808,3.1813,3.1803,3.1813,4
2026-06-03 06:10:00,3.1773,3.1773,3.1773,3.1773,3.1823,3.1823,3.1823,3.1823,1
2026-06-03 06:11:00,3.1763,3.1773,3.1763,3.1763,3.1813,3.1823,3.1813,3.1813,3
2026-06-03 06:15:00,3.1758,3.1758,3.1758,3.1758,3.1808,3.1808,3.1808,3.1808,1
2026-06-03 06:16:00,3.1763,3.1763,3.1763,3.1763,3.1813,3.1813,3.1813,3.1813,1
2026-06-03 06:17:00,3.1768,3.1783,3.1768,3.1773,3.1818,3.1833,3.1818,3.1823,5
2026-06-03 06:18:00,3.1778,3.1783,3.1778,3.1783,3.1828,3.1833,3.1828,3.1833,2
2026-06-03 06:22:00,3.1778,3.1778,3.1773,3.1773,3.1828,3.1828,3.1823,3.1823,2
2026-06-03 06:27:00,3.1763,3.1763,3.1753,3.1753,3.1813,3.1813,3.1803,3.1803,2
2026-06-03 06:28:00,3.1743,3.1763,3.1743,3.1763,3.1793,3.1813,3.1793,3.1813,4
2026-06-03 06:30:00,3.1773,3.1778,3.1773,3.1778,3.1823,3.1828,3.1823,3.1828,2
2026-06-03 06:32:00,3.1783,3.1788,3.1783,3.1783,3.1833,3.1838,3.1833,3.1833,3
2026-06-03 06:33:00,3.1788,3.1788,3.1788,3.1788,3.1838,3.1838,3.1838,3.1838,1
2026-06-03 06:35:00,3.1783,3.1783,3.1743,3.1753,3.1833,3.1833,3.1793,3.1803,7
2026-06-03 06:36:00,3.1758,3.1758,3.1758,3.1758,3.1808,3.1808,3.1808,3.1808,1
2026-06-03 06:37:00,3.1753,3.1753,3.1753,3.1753,3.1803,3.1803,3.1803,3.1803,1
2026-06-03 06:40:00,3.1748,3.1748,3.1723,3.1723,3.1798,3.1798,3.1773,3.1773,7
2026-06-03 06:41:00,3.1733,3.1748,3.1733,3.1748,3.1783,3.1798,3.1783,3.1798,3
2026-06-03 06:42:00,3.1753,3.1753,3.1753,3.1753,3.1803,3.1803,3.1803,3.1803,1
2026-06-03 06:43:00,3.1758,3.1758,3.1753,3.1753,3.1808,3.1808,3.1803,3.1803,2
2026-06-03 06:45:00,3.1748,3.1748,3.1738,3.1743,3.1798,3.1798,3.1788,3.1793,4
2026-06-03 06:46:00,3.1753,3.1753,3.1748,3.1748,3.1803,3.1803,3.1798,3.1798,4
2026-06-03 06:47:00,3.1753,3.1758,3.1753,3.1753,3.1803,3.1808,3.1803,3.1803,3
2026-06-03 06:50:00,3.1743,3.1753,3.1743,3.1753,3.1793,3.1803,3.1793,3.1803,2
2026-06-03 06:52:00,3.1748,3.1748,3.1748,3.1748,3.1798,3.1798,3.1798,3.1798,1
2026-06-03 06:53:00,3.1753,3.1753,3.1748,3.1748,3.1803,3.1803,3.1798,3.1798,2
2026-06-03 06:54:00,3.1743,3.1743,3.1743,3.1743,3.1793,3.1793,3.1793,3.1793,1
2026-06-03 06:56:00,3.1753,3.1753,3.1728,3.1728,3.1803,3.1803,3.1778,3.1778,4
2026-06-03 06:57:00,3.1723,3.1743,3.1723,3.1733,3.1773,3.1793,3.1773,3.1783,6
2026-06-03 06:58:00,3.1723,3.1723,3.1713,3.1713,3.1773,3.1773,3.1763,3.1763,3
2026-06-03 06:59:00,3.1703,3.1703,3.1673,3.1678,3.1753,3.1753,3.1723,3.1728,17
2026-06-03 07:00:00,3.1673,3.1683,3.1673,3.1683,3.1723,3.1733,3.1723,3.1733,2
2026-06-03 07:01:00,3.1678,3.1713,3.1673,3.1713,3.1728,3.1763,3.1723,3.1763,10
2026-06-03 07:02:00,3.1703,3.1703,3.1688,3.1688,3.1753,3.1753,3.1738,3.1738,3
2026-06-03 07:03:00,3.1683,3.1683,3.1683,3.1683,3.1733,3.1733,3.1733,3.1733,1
2026-06-03 07:05:00,3.1688,3.1693,3.1683,3.1693,3.1738,3.1743,3.1733,3.1743,8
2026-06-03 07:06:00,3.1683,3.1683,3.1673,3.1678,3.1733,3.1733,3.1723,3.1728,3
2026-06-03 07:07:00,3.1683,3.1683,3.1683,3.1683,3.1733,3.1733,3.1733,3.1733,1
2026-06-03 07:12:00,3.1673,3.1673,3.1653,3.1663,3.1723,3.1723,3.1703,3.1713,6
2026-06-03 07:13:00,3.1673,3.1673,3.1668,3.1668,3.1723,3.1723,3.1718,3.1718,6
2026-06-03 07:14:00,3.1673,3.1673,3.1668,3.1668,3.1723,3.1723,3.1718,3.1718,2
2026-06-03 07:15:00,3.1663,3.1663,3.1653,3.1653,3.1713,3.1713,3.1703,3.1703,3
2026-06-03 07:18:00,3.1663,3.1663,3.1623,3.1633,3.1713,3.1713,3.1673,3.1683,7
2026-06-03 07:19:00,3.1623,3.1623,3.1623,3.1623,3.1673,3.1673,3.1673,3.1673,1
2026-06-03 07:21:00,3.1633,3.1633,3.1633,3.1633,3.1683,3.1683,3.1683,3.1683,1
2026-06-03 07:22:00,3.1623,3.1633,3.1623,3.1628,3.1673,3.1683,3.1673,3.1678,3
2026-06-03 07:23:00,3.1633,3.1633,3.1623,3.1623,3.1683,3.1683,3.1673,3.1673,2
2026-06-03 07:24:00,3.1633,3.1633,3.1628,3.1628,3.1683,3.1683,3.1678,3.1678,2
2026-06-03 07:26:00,3.1633,3.1633,3.1633,3.1633,3.1683,3.1683,3.1683,3.1683,1
2026-06-03 07:30:00,3.1643,3.1643,3.1633,3.1633,3.1693,3.1693,3.1683,3.1683,2
2026-06-03 07:31:00,3.1638,3.1638,3.1633,3.1633,3.1688,3.1688,3.1683,3.1683,4
2026-06-03 07:32:00,3.1623,3.1633,3.1623,3.1623,3.1673,3.1683,3.1673,3.1673,4
2026-06-03 07:37:00,3.1633,3.1633,3.1623,3.1623,3.1683,3.1683,3.1673,3.1673,4
2026-06-03 07:38:00,3.1633,3.1633,3.1628,3.1633,3.1683,3.1683,3.1678,3.1683,3
2026-06-03 07:39:00,3.1643,3.1653,3.1643,3.1653,3.1693,3.1703,3.1693,3.1703,2
2026-06-03 07:40:00,3.1643,3.1643,3.1638,3.1638,3.1693,3.1693,3.1688,3.1688,2
2026-06-03 07:41:00,3.1643,3.1643,3.1643,3.1643,3.1693,3.1693,3.1693,3.1693,1
2026-06-03 07:42:00,3.1638,3.1638,3.1623,3.1623,3.1688,3.1688,3.1673,3.1673,4
2026-06-03 07:43:00,3.1628,3.1628,3.1593,3.1623,3.1678,3.1678,3.1643,3.1673,13
2026-06-03 07:45:00,3.1613,3.1613,3.1613,3.1613,3.1663,3.1663,3.1663,3.1663,1
2026-06-03 07:46:00,3.1608,3.1608,3.1608,3.1608,3.1658,3.1658,3.1658,3.1658,1
2026-06-03 07:47:00,3.1613,3.1623,3.1603,3.1613,3.1663,3.1673,3.1653,3.1663,6
2026-06-03 07:48:00,3.1618,3.1618,3.1613,3.1613,3.1668,3.1668,3.1663,3.1663,2
2026-06-03 07:50:00,3.1608,3.1613,3.1608,3.1613,3.1658,3.1663,3.1658,3.1663,4
2026-06-03 07:51:00,3.1618,3.1623,3.1613,3.1623,3.1668,3.1673,3.1663,3.1673,3
2026-06-03 07:52:00,3.1618,3.1633,3.1613,3.1623,3.1668,3.1683,3.1663,3.1673,8
2026-06-03 07:53:00,3.1618,3.1623,3.1613,3.1613,3.1668,3.1673,3.1663,3.1663,4
2026-06-03 07:54:00,3.1623,3.1623,3.1613,3.1618,3.1673,3.1673,3.1663,3.1668,4
2026-06-03 07:55:00,3.1623,3.1628,3.1623,3.1623,3.1673,3.1678,3.1673,3.1673,3
2026-06-03 07:56:00,3.1618,3.1623,3.1613,3.1623,3.1668,3.1673,3.1663,3.1673,6
2026-06-03 07:57:00,3.1628,3.1633,3.1628,3.1633,3.1678,3.1683,3.1678,3.1683,2
2026-06-03 07:58:00,3.1638,3.1678,3.1633,3.1678,3.1688,3.1728,3.1683,3.1728,10
2026-06-03 07:59:00,3.1683,3.1688,3.1678,3.1688,3.1733,3.1738,3.1728,3.1738,5
2026-06-03 08:00:00,3.1683,3.1688,3.1668,3.1668,3.1733,3.1738,3.1718,3.1718,6
2026-06-03 08:01:00,3.1678,3.1693,3.1673,3.1673,3.1728,3.1743,3.1723,3.1723,7
2026-06-03 08:02:00,3.1678,3.1678,3.1643,3.1648,3.1728,3.1728,3.1693,3.1698,10
2026-06-03 08:03:00,3.1653,3.1653,3.1648,3.1648,3.1703,3.1703,3.1698,3.1698,2
2026-06-03 08:04:00,3.1653,3.1653,3.1653,3.1653,3.1703,3.1703,3.1703,3.1703,1
2026-06-03 08:05:00,3.1658,3.1673,3.1658,3.1668,3.1708,3.1723,3.1708,3.1718,5
2026-06-03 08:06:00,3.1673,3.1673,3.1673,3.1673,3.1723,3.1723,3.1723,3.1723,1
2026-06-03 08:07:00,3.1683,3.1683,3.1653,3.1653,3.1733,3.1733,3.1703,3.1703,4
2026-06-03 08:08:00,3.1648,3.1648,3.1643,3.1643,3.1698,3.1698,3.1693,3.1693,2
2026-06-03 08:09:00,3.1648,3.1653,3.1643,3.1653,3.1698,3.1703,3.1693,3.1703,4
2026-06-03 08:10:00,3.1658,3.1673,3.1653,3.1673,3.1708,3.1723,3.1703,3.1723,7
2026-06-03 08:11:00,3.1678,3.1693,3.1678,3.1693,3.1728,3.1743,3.1728,3.1743,3
2026-06-03 08:13:00,3.1698,3.1698,3.1658,3.1658,3.1748,3.1748,3.1708,3.1708,6
2026-06-03 08:14:00,3.1653,3.1653,3.1653,3.1653,3.1703,3.1703,3.1703,3.1703,1
2026-06-03 08:16:00,3.1643,3.1643,3.1623,3.1633,3.1693,3.1693,3.1673,3.1683,5
2026-06-03 08:17:00,3.1643,3.1643,3.1633,3.1638,3.1693,3.1693,3.1683,3.1688,5
2026-06-03 08:18:00,3.1633,3.1633,3.1623,3.1623,3.1683,3.1683,3.1673,3.1673,2
2026-06-03 08:22:00,3.1618,3.1623,3.1613,3.1623,3.1668,3.1673,3.1663,3.1673,3
2026-06-03 08:23:00,3.1618,3.1623,3.1613,3.1618,3.1668,3.1673,3.1663,3.1668,5
2026-06-03 08:24:00,3.1613,3.1633,3.1613,3.1623,3.1663,3.1683,3.1663,3.1673,5
2026-06-03 08:25:00,3.1613,3.1613,3.1613,3.1613,3.1663,3.1663,3.1663,3.1663,1
2026-06-03 08:26:00,3.1618,3.1618,3.1613,3.1613,3.1668,3.1668,3.1663,3.1663,6
2026-06-03 08:27:00,3.1623,3.1623,3.1618,3.1623,3.1673,3.1673,3.1668,3.1673,3
2026-06-03 08:28:00,3.1613,3.1613,3.1608,3.1608,3.1663,3.1663,3.1658,3.1658,2
2026-06-03 08:29:00,3.1613,3.1633,3.1613,3.1633,3.1663,3.1683,3.1663,3.1683,4
2026-06-03 08:30:00,3.1638,3.1638,3.1603,3.1613,3.1688,3.1688,3.1653,3.1663,9
2026-06-03 08:31:00,3.1608,3.1613,3.1608,3.1613,3.1658,3.1663,3.1658,3.1663,6
2026-06-03 08:32:00,3.1608,3.1643,3.1608,3.1623,3.1658,3.1693,3.1658,3.1673,10
2026-06-03 08:33:00,3.1618,3.1618,3.1618,3.1618,3.1668,3.1668,3.1668,3.1668,1
2026-06-03 08:34:00,3.1613,3.1623,3.1613,3.1623,3.1663,3.1673,3.1663,3.1673,3
2026-06-03 08:35:00,3.1618,3.1618,3.1618,3.1618,3.1668,3.1668,3.1668,3.1668,1
2026-06-03 08:36:00,3.1613,3.1623,3.1608,3.1613,3.1663,3.1673,3.1658,3.1663,13
2026-06-03 08:37:00,3.1623,3.1633,3.1613,3.1613,3.1673,3.1683,3.1663,3.1663,7
2026-06-03 08:40:00,3.1623,3.1623,3.1613,3.1618,3.1673,3.1673,3.1663,3.1668,3
2026-06-03 08:41:00,3.1623,3.1623,3.1623,3.1623,3.1673,3.1673,3.1673,3.1673,1
2026-06-03 08:43:00,3.1633,3.1688,3.1623,3.1628,3.1683,3.1738,3.1673,3.1678,19
2026-06-03 08:44:00,3.1633,3.1633,3.1628,3.1628,3.1683,3.1683,3.1678,3.1678,2
2026-06-03 08:45:00,3.1633,3.1653,3.1633,3.1643,3.1683,3.1703,3.1683,3.1693,7
2026-06-03 08:47:00,3.1638,3.1638,3.1633,3.1633,3.1688,3.1688,3.1683,3.1683,2
2026-06-03 08:48:00,3.1643,3.1643,3.1643,3.1643,3.1693,3.1693,3.1693,3.1693,1
2026-06-03 08:49:00,3.1653,3.1653,3.1653,3.1653,3.1703,3.1703,3.1703,3.1703,1
2026-06-03 08:50:00,3.1663,3.1663,3.1653,3.1658,3.1713,3.1713,3.1703,3.1708,4
2026-06-03 08:51:00,3.1653,3.1663,3.1643,3.1653,3.1703,3.1713,3.1693,3.1703,8
2026-06-03 08:53:00,3.1663,3.1663,3.1653,3.1663,3.1713,3.1713,3.1703,3.1713,6
2026-06-03 08:54:00,3.1653,3.1663,3.1648,3.1648,3.1703,3.1713,3.1698,3.1698,6
2026-06-03 08:55:00,3.1653,3.1653,3.1648,3.1648,3.1703,3.1703,3.1698,3.1698,2
2026-06-03 08:56:00,3.1643,3.1648,3.1643,3.1643,3.1693,3.1698,3.1693,3.1693,3
2026-06-03 08:57:00,3.1648,3.1648,3.1623,3.1623,3.1698,3.1698,3.1673,3.1673,5
2026-06-03 08:58:00,3.1618,3.1623,3.1613,3.1623,3.1668,3.1673,3.1663,3.1673,4
2026-06-03 08:59:00,3.1618,3.1623,3.1618,3.1618,3.1668,3.1673,3.1668,3.1668,3
2026-06-03 09:00:00,3.1613,3.1633,3.1613,3.1618,3.1663,3.1683,3.1663,3.1668,16
2026-06-03 09:01:00,3.1613,3.1653,3.1613,3.1653,3.1663,3.1703,3.1663,3.1703,12
2026-06-03 09:02:00,3.1648,3.1668,3.1638,3.1668,3.1698,3.1718,3.1688,3.1718,10
2026-06-03 09:03:00,3.1663,3.1673,3.1663,3.1668,3.1713,3.1723,3.1713,3.1718,5
2026-06-03 09:04:00,3.1663,3.1683,3.1663,3.1683,3.1713,3.1733,3.1713,3.1733,8
2026-06-03 09:05:00,3.1688,3.1688,3.1663,3.1673,3.1738,3.1738,3.1713,3.1723,12
2026-06-03 09:06:00,3.1683,3.1773,3.1673,3.1773,3.1733,3.1823,3.1723,3.1823,35
2026-06-03 09:07:00,3.1763,3.1793,3.1763,3.1793,3.1813,3.1843,3.1813,3.1843,18
2026-06-03 09:08:00,3.1783,3.1783,3.1763,3.1773,3.1833,3.1833,3.1813,3.1823,6
2026-06-03 09:09:00,3.1783,3.1793,3.1773,3.1793,3.1833,3.1843,3.1823,3.1843,13
2026-06-03 09:10:00,3.1788,3.1853,3.1783,3.1853,3.1838,3.1903,3.1833,3.1903,21
2026-06-03 09:11:00,3.1863,3.1863,3.1843,3.1848,3.1913,3.1913,3.1893,3.1898,9
2026-06-03 09:12:00,3.1863,3.1943,3.1853,3.1933,3.1913,3.1993,3.1903,3.1983,36
2026-06-03 09:13:00,3.1943,3.1963,3.1913,3.1923,3.1993,3.2013,3.1963,3.1973,28
2026-06-03 09:14:00,3.1933,3.1933,3.1903,3.1913,3.1983,3.1983,3.1953,3.1963,11
2026-06-03 09:15:00,3.1903,3.1958,3.1903,3.1933,3.1953,3.2008,3.1953,3.1983,21
2026-06-03 09:16:00,3.1938,3.1963,3.1933,3.1933,3.1988,3.2013,3.1983,3.1983,22
2026-06-03 09:17:00,3.1938,3.1948,3.1903,3.1903,3.1988,3.1998,3.1953,3.1953,18
2026-06-03 09:18:00,3.1893,3.1903,3.1873,3.1893,3.1943,3.1953,3.1923,3.1943,14
2026-06-03 09:19:00,3.1903,3.1923,3.1883,3.1918,3.1953,3.1973,3.1933,3.1968,19
2026-06-03 09:20:00,3.1923,3.1943,3.1908,3.1913,3.1973,3.1993,3.1958,3.1963,8
2026-06-03 09:21:00,3.1908,3.1933,3.1903,3.1903,3.1958,3.1983,3.1953,3.1953,12
2026-06-03 09:23:00,3.1908,3.1913,3.1893,3.1913,3.1958,3.1963,3.1943,3.1963,19
2026-06-03 09:24:00,3.1923,3.1923,3.1893,3.1893,3.1973,3.1973,3.1943,3.1943,15
2026-06-03 09:25:00,3.1903,3.1933,3.1883,3.1928,3.1953,3.1983,3.1933,3.1978,15
2026-06-03 09:26:00,3.1933,3.1933,3.1923,3.1933,3.1983,3.1983,3.1973,3.1983,13
2026-06-03 09:27:00,3.1943,3.1958,3.1933,3.1958,3.1993,3.2008,3.1983,3.2008,12
2026-06-03 09:28:00,3.1953,3.1983,3.1943,3.1968,3.2003,3.2033,3.1993,3.2018,17
2026-06-03 09:29:00,3.1973,3.1993,3.1973,3.1993,3.2023,3.2043,3.2023,3.2043,11
2026-06-03 09:31:00,3.1998,3.2003,3.1973,3.1973,3.2048,3.2053,3.2023,3.2023,11
2026-06-03 09:32:00,3.1963,3.1983,3.1943,3.1983,3.2013,3.2033,3.1993,3.2033,15
2026-06-03 09:33:00,3.1993,3.1993,3.1983,3.1993,3.2043,3.2043,3.2033,3.2043,12
2026-06-03 09:34:00,3.2003,3.2003,3.1983,3.1983,3.2053,3.2053,3.2033,3.2033,5
2026-06-03 09:35:00,3.1973,3.1983,3.1953,3.1973,3.2023,3.2033,3.2003,3.2023,15
2026-06-03 09:36:00,3.1963,3.1963,3.1953,3.1953,3.2013,3.2013,3.2003,3.2003,6
2026-06-03 09:37:00,3.1963,3.1973,3.1953,3.1963,3.2013,3.2023,3.2003,3.2013,5
2026-06-03 09:38:00,3.1973,3.1973,3.1953,3.1953,3.2023,3.2023,3.2003,3.2003,7
2026-06-03 09:39:00,3.1958,3.1983,3.1953,3.1973,3.2008,3.2033,3.2003,3.2023,8
2026-06-03 09:40:00,3.1963,3.1983,3.1963,3.1983,3.2013,3.2033,3.2013,3.2033,8
2026-06-03 09:41:00,3.1993,3.1993,3.1963,3.1983,3.2043,3.2043,3.2013,3.2033,10
2026-06-03 09:42:00,3.1973,3.1983,3.1973,3.1973,3.2023,3.2033,3.2023,3.2023,7
2026-06-03 09:43:00,3.1978,3.1998,3.1963,3.1973,3.2028,3.2048,3.2013,3.2023,12
2026-06-03 09:44:00,3.1968,3.1968,3.1953,3.1963,3.2018,3.2018,3.2003,3.2013,6
2026-06-03 09:45:00,3.1973,3.1993,3.1973,3.1983,3.2023,3.2043,3.2023,3.2033,7
2026-06-03 09:46:00,3.1988,3.1988,3.1983,3.1983,3.2038,3.2038,3.2033,3.2033,2
2026-06-03 09:47:00,3.1973,3.1993,3.1973,3.1993,3.2023,3.2043,3.2023,3.2043,5
2026-06-03 09:48:00,3.1998,3.2053,3.1998,3.2043,3.2048,3.2103,3.2048,3.2093,25
2026-06-03 09:49:00,3.2033,3.2043,3.2033,3.2033,3.2083,3.2093,3.2083,3.2083,5
2026-06-03 09:50:00,3.2043,3.2053,3.2043,3.2053,3.2093,3.2103,3.2093,3.2103,2
2026-06-03 09:51:00,3.2043,3.2083,3.2043,3.2083,3.2093,3.2133,3.2093,3.2133,14
2026-06-03 09:52:00,3.2073,3.2073,3.2063,3.2073,3.2123,3.2123,3.2113,3.2123,6
2026-06-03 09:53:00,3.2063,3.2063,3.2033,3.2053,3.2113,3.2113,3.2083,3.2103,12
2026-06-03 09:54:00,3.2063,3.2133,3.2053,3.2133,3.2113,3.2183,3.2103,3.2183,27
2026-06-03 09:55:00,3.2143,3.2143,3.2123,3.2133,3.2193,3.2193,3.2173,3.2183,15
2026-06-03 09:56:00,3.2123,3.2123,3.2093,3.2103,3.2173,3.2173,3.2143,3.2153,23
2026-06-03 09:57:00,3.2113,3.2123,3.2083,3.2093,3.2163,3.2173,3.2133,3.2143,13
2026-06-03 09:58:00,3.2088,3.2113,3.2088,3.2108,3.2138,3.2163,3.2138,3.2158,32
2026-06-03 09:59:00,3.2113,3.2113,3.2093,3.2093,3.2163,3.2163,3.2143,3.2143,16
2026-06-03 10:00:00,3.2098,3.2103,3.2073,3.2093,3.2148,3.2153,3.2123,3.2143,28
2026-06-03 10:01:00,3.2088,3.2093,3.2073,3.2083,3.2138,3.2143,3.2123,3.2133,20
2026-06-03 10:02:00,3.2073,3.2113,3.2073,3.2113,3.2123,3.2163,3.2123,3.2163,18
2026-06-03 10:03:00,3.2103,3.2103,3.2093,3.2103,3.2153,3.2153,3.2143,3.2153,11
2026-06-03 10:04:00,3.2113,3.2153,3.2113,3.2143,3.2163,3.2203,3.2163,3.2193,10
2026-06-03 10:05:00,3.2148,3.2153,3.2113,3.2123,3.2198,3.2203,3.2163,3.2173,19
2026-06-03 10:06:00,3.2133,3.2163,3.2133,3.2153,3.2183,3.2213,3.2183,3.2203,9
2026-06-03 10:07:00,3.2148,3.2153,3.2133,3.2133,3.2198,3.2203,3.2183,3.2183,7
2026-06-03 10:08:00,3.2143,3.2143,3.2133,3.2143,3.2193,3.2193,3.2183,3.2193,6
2026-06-03 10:09:00,3.2153,3.2153,3.2133,3.2133,3.2203,3.2203,3.2183,3.2183,6
2026-06-03 10:10:00,3.2143,3.2143,3.2123,3.2143,3.2193,3.2193,3.2173,3.2193,9
2026-06-03 10:11:00,3.2133,3.2133,3.2133,3.2133,3.2183,3.2183,3.2183,3.2183,1
2026-06-03 10:13:00,3.2123,3.2148,3.2123,3.2143,3.2173,3.2198,3.2173,3.2193,5
2026-06-03 10:14:00,3.2148,3.2148,3.2148,3.2148,3.2198,3.2198,3.2198,3.2198,1
2026-06-03 10:15:00,3.2153,3.2153,3.2133,3.2143,3.2203,3.2203,3.2183,3.2193,6
2026-06-03 10:16:00,3.2153,3.2153,3.2153,3.2153,3.2203,3.2203,3.2203,3.2203,1
2026-06-03 10:17:00,3.2143,3.2173,3.2143,3.2153,3.2193,3.2223,3.2193,3.2203,13
2026-06-03 10:18:00,3.2143,3.2153,3.2143,3.2143,3.2193,3.2203,3.2193,3.2193,20
2026-06-03 10:19:00,3.2153,3.2153,3.2143,3.2143,3.2203,3.2203,3.2193,3.2193,6
2026-06-03 10:20:00,3.2153,3.2153,3.2133,3.2133,3.2203,3.2203,3.2183,3.2183,5
2026-06-03 10:21:00,3.2143,3.2163,3.2143,3.2163,3.2193,3.2213,3.2193,3.2213,4
2026-06-03 10:22:00,3.2173,3.2183,3.2173,3.2173,3.2223,3.2233,3.2223,3.2223,4
2026-06-03 10:23:00,3.2183,3.2233,3.2183,3.2223,3.2233,3.2283,3.2233,3.2273,11
2026-06-03 10:24:00,3.2233,3.2273,3.2233,3.2263,3.2283,3.2323,3.2283,3.2313,19
2026-06-03 10:25:00,3.2253,3.2253,3.2233,3.2243,3.2303,3.2303,3.2283,3.2293,8
2026-06-03 10:26:00,3.2233,3.2263,3.2233,3.2263,3.2283,3.2313,3.2283,3.2313,12
2026-06-03 10:27:00,3.2253,3.2263,3.2253,3.2263,3.2303,3.2313,3.2303,3.2313,3
2026-06-03 10:28:00,3.2253,3.2263,3.2218,3.2223,3.2303,3.2313,3.2268,3.2273,13
2026-06-03 10:29:00,3.2233,3.2233,3.2223,3.2223,3.2283,3.2283,3.2273,3.2273,13
2026-06-03 10:30:00,3.2213,3.2233,3.2213,3.2233,3.2263,3.2283,3.2263,3.2283,3
2026-06-03 10:31:00,3.2238,3.2243,3.2238,3.2243,3.2288,3.2293,3.2288,3.2293,2
2026-06-03 10:33:00,3.2253,3.2253,3.2233,3.2233,3.2303,3.2303,3.2283,3.2283,7
2026-06-03 10:34:00,3.2223,3.2253,3.2203,3.2253,3.2273,3.2303,3.2253,3.2303,9
2026-06-03 10:35:00,3.2263,3.2263,3.2243,3.2253,3.2313,3.2313,3.2293,3.2303,7
2026-06-03 10:36:00,3.2248,3.2253,3.2233,3.2253,3.2298,3.2303,3.2283,3.2303,10
2026-06-03 10:37:00,3.2248,3.2253,3.2243,3.2253,3.2298,3.2303,3.2293,3.2303,3
2026-06-03 10:39:00,3.2263,3.2323,3.2263,3.2303,3.2313,3.2373,3.2313,3.2353,17
2026-06-03 10:40:00,3.2293,3.2293,3.2283,3.2293,3.2343,3.2343,3.2333,3.2343,5
2026-06-03 10:41:00,3.2303,3.2303,3.2273,3.2273,3.2353,3.2353,3.2323,3.2323,7
2026-06-03 10:42:00,3.2283,3.2293,3.2273,3.2288,3.2333,3.2343,3.2323,3.2338,7
2026-06-03 10:43:00,3.2293,3.2293,3.2273,3.2288,3.2343,3.2343,3.2323,3.2338,8
2026-06-03 10:44:00,3.2283,3.2283,3.2273,3.2273,3.2333,3.2333,3.2323,3.2323,2
2026-06-03 10:45:00,3.2283,3.2283,3.2273,3.2278,3.2333,3.2333,3.2323,3.2328,37
2026-06-03 10:46:00,3.2273,3.2283,3.2263,3.2283,3.2323,3.2333,3.2313,3.2333,6
2026-06-03 10:47:00,3.2273,3.2313,3.2273,3.2313,3.2323,3.2363,3.2323,3.2363,14
2026-06-03 10:48:00,3.2308,3.2313,3.2293,3.2293,3.2358,3.2363,3.2343,3.2343,12
2026-06-03 10:50:00,3.2303,3.2303,3.2293,3.2293,3.2353,3.2353,3.2343,3.2343,2
2026-06-03 10:53:00,3.2283,3.2283,3.2273,3.2283,3.2333,3.2333,3.2323,3.2333,3
2026-06-03 10:54:00,3.2288,3.2293,3.2283,3.2283,3.2338,3.2343,3.2333,3.2333,4
2026-06-03 10:55:00,3.2288,3.2328,3.2283,3.2323,3.2338,3.2378,3.2333,3.2373,16
2026-06-03 10:56:00,3.2318,3.2408,3.2313,3.2383,3.2368,3.2458,3.2363,3.2433,34
2026-06-03 10:57:00,3.2363,3.2373,3.2318,3.2353,3.2413,3.2423,3.2368,3.2403,44
2026-06-03 10:58:00,3.2363,3.2403,3.2353,3.2393,3.2413,3.2453,3.2403,3.2443,28
2026-06-03 10:59:00,3.2383,3.2413,3.2378,3.2408,3.2433,3.2463,3.2428,3.2458,15
2026-06-03 11:00:00,3.2413,3.2423,3.2353,3.2368,3.2463,3.2473,3.2403,3.2418,30
2026-06-03 11:01:00,3.2363,3.2413,3.2363,3.2413,3.2413,3.2463,3.2413,3.2463,20
2026-06-03 11:02:00,3.2403,3.2403,3.2403,3.2403,3.2453,3.2453,3.2453,3.2453,1
2026-06-03 11:03:00,3.2393,3.2393,3.2393,3.2393,3.2443,3.2443,3.2443,3.2443,1
2026-06-03 11:04:00,3.2383,3.2403,3.2363,3.2363,3.2433,3.2453,3.2413,3.2413,10
2026-06-03 11:05:00,3.2353,3.2413,3.2353,3.2393,3.2403,3.2463,3.2403,3.2443,19
2026-06-03 11:06:00,3.2403,3.2413,3.2393,3.2403,3.2453,3.2463,3.2443,3.2453,12
2026-06-03 11:07:00,3.2393,3.2413,3.2393,3.2413,3.2443,3.2463,3.2443,3.2463,7
2026-06-03 11:09:00,3.2423,3.2423,3.2413,3.2413,3.2473,3.2473,3.2463,3.2463,4
2026-06-03 11:10:00,3.2403,3.2413,3.2393,3.2393,3.2453,3.2463,3.2443,3.2443,7
2026-06-03 11:12:00,3.2403,3.2403,3.2363,3.2393,3.2453,3.2453,3.2413,3.2443,10
2026-06-03 11:13:00,3.2403,3.2403,3.2383,3.2383,3.2453,3.2453,3.2433,3.2433,3
2026-06-03 11:14:00,3.2393,3.2403,3.2383,3.2393,3.2443,3.2453,3.2433,3.2443,17
2026-06-03 11:15:00,3.2398,3.2413,3.2393,3.2413,3.2448,3.2463,3.2443,3.2463,12
2026-06-03 11:16:00,3.2418,3.2423,3.2413,3.2423,3.2468,3.2473,3.2463,3.2473,9
2026-06-03 11:17:00,3.2433,3.2433,3.2423,3.2423,3.2483,3.2483,3.2473,3.2473,2
2026-06-03 11:18:00,3.2418,3.2423,3.2413,3.2423,3.2468,3.2473,3.2463,3.2473,3
2026-06-03 11:21:00,3.2433,3.2433,3.2393,3.2413,3.2483,3.2483,3.2443,3.2463,11
2026-06-03 11:22:00,3.2423,3.2423,3.2413,3.2423,3.2473,3.2473,3.2463,3.2473,9
2026-06-03 11:23:00,3.2413,3.2443,3.2413,3.2443,3.2463,3.2493,3.2463,3.2493,6
2026-06-03 11:24:00,3.2433,3.2443,3.2378,3.2413,3.2483,3.2493,3.2428,3.2463,49
2026-06-03 11:25:00,3.2403,3.2403,3.2373,3.2388,3.2453,3.2453,3.2423,3.2438,20
2026-06-03 11:26:00,3.2383,3.2433,3.2383,3.2433,3.2433,3.2483,3.2433,3.2483,28
2026-06-03 11:27:00,3.2428,3.2428,3.2423,3.2423,3.2478,3.2478,3.2473,3.2473,6
2026-06-03 11:28:00,3.2413,3.2423,3.2413,3.2423,3.2463,3.2473,3.2463,3.2473,2
2026-06-03 11:29:00,3.2433,3.2433,3.2413,3.2413,3.2483,3.2483,3.2463,3.2463,8
2026-06-03 11:30:00,3.2403,3.2413,3.2383,3.2413,3.2453,3.2463,3.2433,3.2463,16
2026-06-03 11:31:00,3.2423,3.2433,3.2423,3.2433,3.2473,3.2483,3.2473,3.2483,7
2026-06-03 11:32:00,3.2423,3.2438,3.2423,3.2428,3.2473,3.2488,3.2473,3.2478,12
2026-06-03 11:33:00,3.2423,3.2423,3.2413,3.2413,3.2473,3.2473,3.2463,3.2463,8
2026-06-03 11:34:00,3.2423,3.2423,3.2413,3.2423,3.2473,3.2473,3.2463,3.2473,4
2026-06-03 11:35:00,3.2418,3.2418,3.2408,3.2413,3.2468,3.2468,3.2458,3.2463,6
2026-06-03 11:36:00,3.2403,3.2423,3.2403,3.2413,3.2453,3.2473,3.2453,3.2463,7
2026-06-03 11:37:00,3.2423,3.2423,3.2403,3.2408,3.2473,3.2473,3.2453,3.2458,14
2026-06-03 11:38:00,3.2403,3.2413,3.2403,3.2413,3.2453,3.2463,3.2453,3.2463,2
2026-06-03 11:39:00,3.2408,3.2413,3.2403,3.2403,3.2458,3.2463,3.2453,3.2453,4
2026-06-03 11:40:00,3.2413,3.2423,3.2403,3.2423,3.2463,3.2473,3.2453,3.2473,5
2026-06-03 11:41:00,3.2433,3.2443,3.2433,3.2443,3.2483,3.2493,3.2483,3.2493,2
2026-06-03 11:42:00,3.2448,3.2463,3.2433,3.2443,3.2498,3.2513,3.2483,3.2493,15
2026-06-03 11:43:00,3.2448,3.2453,3.2433,3.2453,3.2498,3.2503,3.2483,3.2503,8
2026-06-03 11:44:00,3.2463,3.2463,3.2453,3.2453,3.2513,3.2513,3.2503,3.2503,4
2026-06-03 11:45:00,3.2463,3.2473,3.2423,3.2463,3.2513,3.2523,3.2473,3.2513,17
2026-06-03 11:46:00,3.2473,3.2553,3.2473,3.2533,3.2523,3.2603,3.2523,3.2583,31
2026-06-03 11:47:00,3.2543,3.2543,3.2513,3.2543,3.2593,3.2593,3.2563,3.2593,22
2026-06-03 11:48:00,3.2533,3.2563,3.2533,3.2553,3.2583,3.2613,3.2583,3.2603,5
2026-06-03 11:49:00,3.2543,3.2548,3.2523,3.2543,3.2593,3.2598,3.2573,3.2593,18
2026-06-03 11:50:00,3.2533,3.2533,3.2523,3.2523,3.2583,3.2583,3.2573,3.2573,2
2026-06-03 11:51:00,3.2533,3.2533,3.2523,3.2523,3.2583,3.2583,3.2573,3.2573,6
2026-06-03 11:52:00,3.2518,3.2518,3.2513,3.2513,3.2568,3.2568,3.2563,3.2563,2
2026-06-03 11:53:00,3.2523,3.2523,3.2518,3.2523,3.2573,3.2573,3.2568,3.2573,3
2026-06-03 11:54:00,3.2528,3.2543,3.2523,3.2533,3.2578,3.2593,3.2573,3.2583,15
2026-06-03 11:55:00,3.2523,3.2533,3.2513,3.2523,3.2573,3.2583,3.2563,3.2573,9
2026-06-03 11:56:00,3.2513,3.2513,3.2493,3.2513,3.2563,3.2563,3.2543,3.2563,5
2026-06-03 11:57:00,3.2523,3.2523,3.2513,3.2513,3.2573,3.2573,3.2563,3.2563,2
2026-06-03 11:58:00,3.2503,3.2503,3.2503,3.2503,3.2553,3.2553,3.2553,3.2553,1
2026-06-03 11:59:00,3.2513,3.2528,3.2513,3.2528,3.2563,3.2578,3.2563,3.2578,5
2026-06-03 12:00:00,3.2533,3.2553,3.2533,3.2543,3.2583,3.2603,3.2583,3.2593,13
2026-06-03 12:01:00,3.2553,3.2553,3.2553,3.2553,3.2603,3.2603,3.2603,3.2603,1
2026-06-03 12:02:00,3.2563,3.2563,3.2553,3.2553,3.2613,3.2613,3.2603,3.2603,2
2026-06-03 12:03:00,3.2563,3.2563,3.2553,3.2563,3.2613,3.2613,3.2603,3.2613,3
2026-06-03 12:04:00,3.2573,3.2583,3.2563,3.2573,3.2623,3.2633,3.2613,3.2623,5
2026-06-03 12:05:00,3.2563,3.2563,3.2543,3.2543,3.2613,3.2613,3.2593,3.2593,15
2026-06-03 12:06:00,3.2533,3.2553,3.2483,3.2513,3.2583,3.2603,3.2533,3.2563,78
2026-06-03 12:07:00,3.2523,3.2523,3.2443,3.2463,3.2573,3.2573,3.2493,3.2513,52
2026-06-03 12:08:00,3.2473,3.2503,3.2438,3.2478,3.2523,3.2553,3.2488,3.2528,66
2026-06-03 12:09:00,3.2483,3.2483,3.2423,3.2423,3.2533,3.2533,3.2473,3.2473,28
2026-06-03 12:10:00,3.2433,3.2443,3.2373,3.2373,3.2483,3.2493,3.2423,3.2423,28
2026-06-03 12:11:00,3.2378,3.2403,3.2373,3.2403,3.2428,3.2453,3.2423,3.2453,22
2026-06-03 12:12:00,3.2413,3.2433,3.2408,3.2423,3.2463,3.2483,3.2458,3.2473,44
2026-06-03 12:13:00,3.2433,3.2473,3.2433,3.2443,3.2483,3.2523,3.2483,3.2493,12
2026-06-03 12:14:00,3.2433,3.2438,3.2413,3.2423,3.2483,3.2488,3.2463,3.2473,10
2026-06-03 12:15:00,3.2433,3.2448,3.2423,3.2443,3.2483,3.2498,3.2473,3.2493,14
2026-06-03 12:16:00,3.2453,3.2463,3.2453,3.2463,3.2503,3.2513,3.2503,3.2513,11
2026-06-03 12:17:00,3.2478,3.2533,3.2478,3.2523,3.2528,3.2583,3.2528,3.2573,13
2026-06-03 12:18:00,3.2533,3.2533,3.2503,3.2503,3.2583,3.2583,3.2553,3.2553,6
2026-06-03 12:19:00,3.2498,3.2498,3.2473,3.2483,3.2548,3.2548,3.2523,3.2533,9
2026-06-03 12:20:00,3.2488,3.2493,3.2483,3.2483,3.2538,3.2543,3.2533,3.2533,5
2026-06-03 12:21:00,3.2478,3.2513,3.2473,3.2503,3.2528,3.2563,3.2523,3.2553,15
2026-06-03 12:22:00,3.2513,3.2543,3.2513,3.2533,3.2563,3.2593,3.2563,3.2583,7
2026-06-03 12:23:00,3.2543,3.2543,3.2538,3.2543,3.2593,3.2593,3.2588,3.2593,7
2026-06-03 12:24:00,3.2538,3.2543,3.2533,3.2538,3.2588,3.2593,3.2583,3.2588,12
2026-06-03 12:25:00,3.2533,3.2543,3.2483,3.2483,3.2583,3.2593,3.2533,3.2533,13
2026-06-03 12:26:00,3.2473,3.2473,3.2453,3.2463,3.2523,3.2523,3.2503,3.2513,12
2026-06-03 12:27:00,3.2473,3.2483,3.2453,3.2463,3.2523,3.2533,3.2503,3.2513,12
2026-06-03 12:28:00,3.2468,3.2468,3.2453,3.2453,3.2518,3.2518,3.2503,3.2503,13
2026-06-03 12:29:00,3.2448,3.2458,3.2443,3.2453,3.2498,3.2508,3.2493,3.2503,10
2026-06-03 12:30:00,3.2463,3.2463,3.2433,3.2443,3.2513,3.2513,3.2483,3.2493,24
2026-06-03 12:31:00,3.2438,3.2463,3.2433,3.2463,3.2488,3.2513,3.2483,3.2513,6
2026-06-03 12:32:00,3.2458,3.2463,3.2453,3.2463,3.2508,3.2513,3.2503,3.2513,8
2026-06-03 12:33:00,3.2473,3.2473,3.2448,3.2463,3.2523,3.2523,3.2498,3.2513,30
2026-06-03 12:34:00,3.2453,3.2463,3.2453,3.2463,3.2503,3.2513,3.2503,3.2513,21
2026-06-03 12:35:00,3.2468,3.2483,3.2468,3.2483,3.2518,3.2533,3.2518,3.2533,6
2026-06-03 12:36:00,3.2493,3.2493,3.2443,3.2448,3.2543,3.2543,3.2493,3.2498,12
2026-06-03 12:37:00,3.2453,3.2463,3.2443,3.2453,3.2503,3.2513,3.2493,3.2503,26
2026-06-03 12:38:00,3.2458,3.2473,3.2453,3.2463,3.2508,3.2523,3.2503,3.2513,12
2026-06-03 12:39:00,3.2468,3.2473,3.2463,3.2463,3.2518,3.2523,3.2513,3.2513,3
2026-06-03 12:40:00,3.2473,3.2473,3.2433,3.2463,3.2523,3.2523,3.2483,3.2513,13
2026-06-03 12:42:00,3.2453,3.2458,3.2433,3.2443,3.2503,3.2508,3.2483,3.2493,14
2026-06-03 12:43:00,3.2453,3.2463,3.2453,3.2453,3.2503,3.2513,3.2503,3.2503,3
2026-06-03 12:44:00,3.2458,3.2503,3.2453,3.2503,3.2508,3.2553,3.2503,3.2553,11
2026-06-03 12:45:00,3.2493,3.2493,3.2463,3.2473,3.2543,3.2543,3.2513,3.2523,18
2026-06-03 12:46:00,3.2468,3.2473,3.2458,3.2463,3.2518,3.2523,3.2508,3.2513,6
2026-06-03 12:47:00,3.2458,3.2463,3.2453,3.2453,3.2508,3.2513,3.2503,3.2503,9
2026-06-03 12:48:00,3.2458,3.2458,3.2393,3.2393,3.2508,3.2508,3.2443,3.2443,32
2026-06-03 12:49:00,3.2398,3.2418,3.2393,3.2403,3.2448,3.2468,3.2443,3.2453,21
2026-06-03 12:50:00,3.2398,3.2413,3.2393,3.2413,3.2448,3.2463,3.2443,3.2463,7
2026-06-03 12:51:00,3.2418,3.2423,3.2413,3.2413,3.2468,3.2473,3.2463,3.2463,14
2026-06-03 12:52:00,3.2423,3.2423,3.2383,3.2388,3.2473,3.2473,3.2433,3.2438,12
2026-06-03 12:53:00,3.2383,3.2393,3.2353,3.2363,3.2433,3.2443,3.2403,3.2413,28
2026-06-03 12:54:00,3.2353,3.2373,3.2353,3.2353,3.2403,3.2423,3.2403,3.2403,10
2026-06-03 12:55:00,3.2358,3.2363,3.2328,3.2363,3.2408,3.2413,3.2378,3.2413,34
2026-06-03 12:56:00,3.2373,3.2373,3.2358,3.2363,3.2423,3.2423,3.2408,3.2413,4
2026-06-03 12:57:00,3.2368,3.2368,3.2353,3.2363,3.2418,3.2418,3.2403,3.2413,5
2026-06-03 12:58:00,3.2373,3.2373,3.2363,3.2363,3.2423,3.2423,3.2413,3.2413,2
2026-06-03 12:59:00,3.2373,3.2423,3.2373,3.2423,3.2423,3.2473,3.2423,3.2473,15
2026-06-03 13:00:00,3.2418,3.2453,3.2393,3.2418,3.2468,3.2503,3.2443,3.2468,28
2026-06-03 13:01:00,3.2413,3.2418,3.2393,3.2393,3.2463,3.2468,3.2443,3.2443,11
2026-06-03 13:02:00,3.2383,3.2393,3.2363,3.2373,3.2433,3.2443,3.2413,3.2423,11
2026-06-03 13:03:00,3.2383,3.2433,3.2378,3.2433,3.2433,3.2483,3.2428,3.2483,24
2026-06-03 13:04:00,3.2423,3.2443,3.2413,3.2433,3.2473,3.2493,3.2463,3.2483,22
2026-06-03 13:05:00,3.2428,3.2453,3.2423,3.2438,3.2478,3.2503,3.2473,3.2488,15
2026-06-03 13:06:00,3.2443,3.2443,3.2423,3.2433,3.2493,3.2493,3.2473,3.2483,7
2026-06-03 13:07:00,3.2428,3.2433,3.2413,3.2423,3.2478,3.2483,3.2463,3.2473,6
2026-06-03 13:08:00,3.2428,3.2428,3.2413,3.2423,3.2478,3.2478,3.2463,3.2473,6
2026-06-03 13:09:00,3.2418,3.2443,3.2413,3.2423,3.2468,3.2493,3.2463,3.2473,12
2026-06-03 13:10:00,3.2413,3.2423,3.2403,3.2403,3.2463,3.2473,3.2453,3.2453,9
2026-06-03 13:11:00,3.2398,3.2413,3.2393,3.2393,3.2448,3.2463,3.2443,3.2443,6
2026-06-03 13:12:00,3.2383,3.2383,3.2343,3.2383,3.2433,3.2433,3.2393,3.2433,15
2026-06-03 13:13:00,3.2373,3.2403,3.2363,3.2388,3.2423,3.2453,3.2413,3.2438,25
2026-06-03 13:14:00,3.2393,3.2398,3.2383,3.2393,3.2443,3.2448,3.2433,3.2443,10
2026-06-03 13:15:00,3.2383,3.2383,3.2373,3.2373,3.2433,3.2433,3.2423,3.2423,15
2026-06-03 13:16:00,3.2383,3.2403,3.2383,3.2403,3.2433,3.2453,3.2433,3.2453,4
2026-06-03 13:17:00,3.2413,3.2453,3.2403,3.2423,3.2463,3.2503,3.2453,3.2473,19
2026-06-03 13:18:00,3.2433,3.2433,3.2408,3.2423,3.2483,3.2483,3.2458,3.2473,14
2026-06-03 13:19:00,3.2418,3.2423,3.2413,3.2413,3.2468,3.2473,3.2463,3.2463,10
2026-06-03 13:20:00,3.2408,3.2413,3.2373,3.2393,3.2458,3.2463,3.2423,3.2443,22
2026-06-03 13:21:00,3.2403,3.2413,3.2303,3.2333,3.2453,3.2463,3.2353,3.2383,35
2026-06-03 13:22:00,3.2323,3.2333,3.2303,3.2313,3.2373,3.2383,3.2353,3.2363,22
2026-06-03 13:23:00,3.2308,3.2313,3.2253,3.2293,3.2358,3.2363,3.2303,3.2343,25
2026-06-03 13:24:00,3.2283,3.2373,3.2283,3.2373,3.2333,3.2423,3.2333,3.2423,19
2026-06-03 13:25:00,3.2383,3.2383,3.2303,3.2303,3.2433,3.2433,3.2353,3.2353,29
2026-06-03 13:26:00,3.2313,3.2318,3.2313,3.2318,3.2363,3.2368,3.2363,3.2368,2
2026-06-03 13:27:00,3.2323,3.2323,3.2293,3.2293,3.2373,3.2373,3.2343,3.2343,10
2026-06-03 13:28:00,3.2303,3.2303,3.2293,3.2293,3.2353,3.2353,3.2343,3.2343,2
2026-06-03 13:29:00,3.2288,3.2313,3.2283,3.2303,3.2338,3.2363,3.2333,3.2353,14
2026-06-03 13:30:00,3.2298,3.2298,3.2283,3.2283,3.2348,3.2348,3.2333,3.2333,11
2026-06-03 13:31:00,3.2273,3.2293,3.2263,3.2293,3.2323,3.2343,3.2313,3.2343,36
2026-06-03 13:32:00,3.2288,3.2293,3.2263,3.2263,3.2338,3.2343,3.2313,3.2313,26
2026-06-03 13:33:00,3.2273,3.2293,3.2263,3.2263,3.2323,3.2343,3.2313,3.2313,22
2026-06-03 13:34:00,3.2273,3.2273,3.2203,3.2243,3.2323,3.2323,3.2253,3.2293,43
2026-06-03 13:35:00,3.2238,3.2273,3.2233,3.2263,3.2288,3.2323,3.2283,3.2313,16
2026-06-03 13:36:00,3.2258,3.2283,3.2253,3.2273,3.2308,3.2333,3.2303,3.2323,24
2026-06-03 13:37:00,3.2268,3.2273,3.2263,3.2273,3.2318,3.2323,3.2313,3.2323,4
2026-06-03 13:38:00,3.2283,3.2283,3.2258,3.2263,3.2333,3.2333,3.2308,3.2313,6
2026-06-03 13:39:00,3.2258,3.2263,3.2258,3.2263,3.2308,3.2313,3.2308,3.2313,2
2026-06-03 13:40:00,3.2258,3.2313,3.2258,3.2283,3.2308,3.2363,3.2308,3.2333,15
2026-06-03 13:41:00,3.2278,3.2278,3.2223,3.2243,3.2328,3.2328,3.2273,3.2293,26
2026-06-03 13:42:00,3.2253,3.2263,3.2233,3.2233,3.2303,3.2313,3.2283,3.2283,15
2026-06-03 13:43:00,3.2243,3.2263,3.2243,3.2253,3.2293,3.2313,3.2293,3.2303,4
2026-06-03 13:44:00,3.2248,3.2253,3.2248,3.2248,3.2298,3.2303,3.2298,3.2298,3
2026-06-03 13:45:00,3.2243,3.2243,3.2213,3.2223,3.2293,3.2293,3.2263,3.2273,11
2026-06-03 13:46:00,3.2218,3.2223,3.2193,3.2203,3.2268,3.2273,3.2243,3.2253,10
2026-06-03 13:47:00,3.2198,3.2223,3.2173,3.2223,3.2248,3.2273,3.2223,3.2273,12
2026-06-03 13:48:00,3.2213,3.2213,3.2183,3.2193,3.2263,3.2263,3.2233,3.2243,14
2026-06-03 13:49:00,3.2198,3.2203,3.2193,3.2193,3.2248,3.2253,3.2243,3.2243,8
2026-06-03 13:50:00,3.2188,3.2188,3.2063,3.2063,3.2238,3.2238,3.2113,3.2113,44
2026-06-03 13:51:00,3.2053,3.2113,3.2053,3.2108,3.2103,3.2163,3.2103,3.2158,33
2026-06-03 13:52:00,3.2113,3.2143,3.2103,3.2133,3.2163,3.2193,3.2153,3.2183,34
2026-06-03 13:53:00,3.2138,3.2163,3.2083,3.2108,3.2188,3.2213,3.2133,3.2158,32
2026-06-03 13:54:00,3.2103,3.2113,3.2053,3.2063,3.2153,3.2163,3.2103,3.2113,21
2026-06-03 13:55:00,3.2068,3.2073,3.2033,3.2068,3.2118,3.2123,3.2083,3.2118,34
2026-06-03 13:56:00,3.2063,3.2063,3.2003,3.2043,3.2113,3.2113,3.2053,3.2093,24
2026-06-03 13:57:00,3.2033,3.2063,3.2033,3.2063,3.2083,3.2113,3.2083,3.2113,24
2026-06-03 13:58:00,3.2073,3.2073,3.2038,3.2043,3.2123,3.2123,3.2088,3.2093,8
2026-06-03 13:59:00,3.2053,3.2063,3.2043,3.2058,3.2103,3.2113,3.2093,3.2108,9
2026-06-03 14:00:00,3.2063,3.2093,3.2013,3.2073,3.2113,3.2143,3.2063,3.2123,25
2026-06-03 14:01:00,3.2063,3.2103,3.1993,3.2013,3.2113,3.2153,3.2043,3.2063,53
2026-06-03 14:02:00,3.2003,3.2003,3.1993,3.1993,3.2053,3.2053,3.2043,3.2043,12
2026-06-03 14:03:00,3.2003,3.2023,3.2003,3.2023,3.2053,3.2073,3.2053,3.2073,3
2026-06-03 14:04:00,3.2033,3.2033,3.1993,3.2013,3.2083,3.2083,3.2043,3.2063,14
2026-06-03 14:05:00,3.2008,3.2023,3.1903,3.1923,3.2058,3.2073,3.1953,3.1973,51
2026-06-03 14:06:00,3.1933,3.1963,3.1933,3.1943,3.1983,3.2013,3.1983,3.1993,14
2026-06-03 14:07:00,3.1938,3.1943,3.1873,3.1913,3.1988,3.1993,3.1923,3.1963,30
2026-06-03 14:08:00,3.1923,3.1953,3.1913,3.1943,3.1973,3.2003,3.1963,3.1993,31
2026-06-03 14:09:00,3.1933,3.1953,3.1933,3.1943,3.1983,3.2003,3.1983,3.1993,23
2026-06-03 14:10:00,3.1948,3.1973,3.1923,3.1933,3.1998,3.2023,3.1973,3.1983,19
2026-06-03 14:11:00,3.1938,3.1963,3.1933,3.1953,3.1988,3.2013,3.1983,3.2003,20
2026-06-03 14:12:00,3.1943,3.1953,3.1903,3.1943,3.1993,3.2003,3.1953,3.1993,36
2026-06-03 14:13:00,3.1933,3.1973,3.1933,3.1973,3.1983,3.2023,3.1983,3.2023,20
2026-06-03 14:14:00,3.1968,3.1983,3.1928,3.1953,3.2018,3.2033,3.1978,3.2003,29
2026-06-03 14:15:00,3.1948,3.1973,3.1833,3.1873,3.1998,3.2023,3.1883,3.1923,56
2026-06-03 14:16:00,3.1868,3.1908,3.1853,3.1908,3.1918,3.1958,3.1903,3.1958,35
2026-06-03 14:17:00,3.1913,3.1913,3.1863,3.1883,3.1963,3.1963,3.1913,3.1933,28
2026-06-03 14:18:00,3.1893,3.1923,3.1883,3.1893,3.1943,3.1973,3.1933,3.1943,29
2026-06-03 14:19:00,3.1883,3.1903,3.1873,3.1903,3.1933,3.1953,3.1923,3.1953,28
2026-06-03 14:20:00,3.1913,3.1913,3.1813,3.1853,3.1963,3.1963,3.1863,3.1903,35
2026-06-03 14:21:00,3.1843,3.1878,3.1833,3.1863,3.1893,3.1928,3.1883,3.1913,31
2026-06-03 14:22:00,3.1858,3.1863,3.1843,3.1853,3.1908,3.1913,3.1893,3.1903,24
2026-06-03 14:23:00,3.1863,3.1903,3.1843,3.1893,3.1913,3.1953,3.1893,3.1943,37
2026-06-03 14:24:00,3.1883,3.1913,3.1873,3.1893,3.1933,3.1963,3.1923,3.1943,53
2026-06-03 14:25:00,3.1888,3.1933,3.1883,3.1928,3.1938,3.1983,3.1933,3.1978,39
2026-06-03 14:26:00,3.1933,3.1933,3.1843,3.1863,3.1983,3.1983,3.1893,3.1913,34
2026-06-03 14:27:00,3.1853,3.1853,3.1833,3.1853,3.1903,3.1903,3.1883,3.1903,7
2026-06-03 14:28:00,3.1863,3.1883,3.1823,3.1863,3.1913,3.1933,3.1873,3.1913,20
2026-06-03 14:29:00,3.1853,3.1853,3.1803,3.1848,3.1903,3.1903,3.1853,3.1898,41
2026-06-03 14:30:00,3.1843,3.1883,3.1803,3.1873,3.1893,3.1933,3.1853,3.1923,41
2026-06-03 14:31:00,3.1883,3.1883,3.1833,3.1843,3.1933,3.1933,3.1883,3.1893,64
2026-06-03 14:32:00,3.1853,3.1863,3.1843,3.1853,3.1903,3.1913,3.1893,3.1903,20
2026-06-03 14:33:00,3.1858,3.1873,3.1853,3.1863,3.1908,3.1923,3.1903,3.1913,16
2026-06-03 14:34:00,3.1878,3.1913,3.1878,3.1913,3.1928,3.1963,3.1928,3.1963,25
2026-06-03 14:35:00,3.1903,3.1913,3.1793,3.1798,3.1953,3.1963,3.1843,3.1848,45
2026-06-03 14:36:00,3.1803,3.1853,3.1793,3.1833,3.1853,3.1903,3.1843,3.1883,31
2026-06-03 14:37:00,3.1828,3.1843,3.1793,3.1793,3.1878,3.1893,3.1843,3.1843,17
2026-06-03 14:38:00,3.1798,3.1833,3.1713,3.1738,3.1848,3.1883,3.1763,3.1788,57
2026-06-03 14:39:00,3.1733,3.1753,3.1603,3.1633,3.1783,3.1803,3.1653,3.1683,66
2026-06-03 14:40:00,3.1643,3.1673,3.1613,3.1673,3.1693,3.1723,3.1663,3.1723,89
2026-06-03 14:41:00,3.1668,3.1683,3.1628,3.1653,3.1718,3.1733,3.1678,3.1703,51
2026-06-03 14:42:00,3.1643,3.1683,3.1623,3.1678,3.1693,3.1733,3.1673,3.1728,31
2026-06-03 14:43:00,3.1673,3.1673,3.1653,3.1663,3.1723,3.1723,3.1703,3.1713,18
2026-06-03 14:44:00,3.1668,3.1673,3.1653,3.1663,3.1718,3.1723,3.1703,3.1713,17
2026-06-03 14:45:00,3.1668,3.1723,3.1663,3.1708,3.1718,3.1773,3.1713,3.1758,21
2026-06-03 14:46:00,3.1713,3.1743,3.1703,3.1723,3.1763,3.1793,3.1753,3.1773,27
2026-06-03 14:47:00,3.1713,3.1723,3.1643,3.1653,3.1763,3.1773,3.1693,3.1703,79
2026-06-03 14:48:00,3.1648,3.1673,3.1623,3.1673,3.1698,3.1723,3.1673,3.1723,36
2026-06-03 14:49:00,3.1663,3.1723,3.1653,3.1723,3.1713,3.1773,3.1703,3.1773,43
2026-06-03 14:50:00,3.1718,3.1763,3.1693,3.1703,3.1768,3.1813,3.1743,3.1753,37
2026-06-03 14:51:00,3.1713,3.1833,3.1713,3.1803,3.1763,3.1883,3.1763,3.1853,58
2026-06-03 14:52:00,3.1828,3.1943,3.1813,3.1903,3.1878,3.1993,3.1863,3.1953,77
2026-06-03 14:53:00,3.1893,3.1893,3.1853,3.1853,3.1943,3.1943,3.1903,3.1903,35
2026-06-03 14:54:00,3.1843,3.2063,3.1823,3.2038,3.1893,3.2113,3.1873,3.2088,120
2026-06-03 14:55:00,3.2043,3.2163,3.2013,3.2103,3.2093,3.2213,3.2063,3.2153,133
2026-06-03 14:56:00,3.2113,3.2123,3.1993,3.2023,3.2163,3.2173,3.2043,3.2073,70
2026-06-03 14:57:00,3.2013,3.2033,3.1993,3.2003,3.2063,3.2083,3.2043,3.2053,30
2026-06-03 14:58:00,3.2013,3.2023,3.1883,3.2013,3.2063,3.2073,3.1933,3.2063,104
2026-06-03 14:59:00,3.2018,3.2018,3.1913,3.1953,3.2068,3.2068,3.1963,3.2003,62
2026-06-03 15:00:00,3.1958,3.2013,3.1853,3.1868,3.2008,3.2063,3.1903,3.1918,135
2026-06-03 15:01:00,3.1873,3.1903,3.1823,3.1883,3.1923,3.1953,3.1873,3.1933,76
2026-06-03 15:02:00,3.1893,3.1913,3.1753,3.1763,3.1943,3.1963,3.1803,3.1813,79
2026-06-03 15:03:00,3.1773,3.1793,3.1713,3.1723,3.1823,3.1843,3.1763,3.1773,57
2026-06-03 15:04:00,3.1733,3.1733,3.1673,3.1683,3.1783,3.1783,3.1723,3.1733,47
2026-06-03 15:05:00,3.1678,3.1703,3.1653,3.1703,3.1728,3.1753,3.1703,3.1753,47
2026-06-03 15:06:00,3.1713,3.1763,3.1643,3.1653,3.1763,3.1813,3.1693,3.1703,92
2026-06-03 15:07:00,3.1643,3.1683,3.1623,3.1663,3.1693,3.1733,3.1673,3.1713,68
2026-06-03 15:08:00,3.1673,3.1723,3.1668,3.1713,3.1723,3.1773,3.1718,3.1763,44
2026-06-03 15:09:00,3.1708,3.1743,3.1653,3.1683,3.1758,3.1793,3.1703,3.1733,63
2026-06-03 15:10:00,3.1693,3.1693,3.1633,3.1633,3.1743,3.1743,3.1683,3.1683,54
2026-06-03 15:11:00,3.1623,3.1633,3.1603,3.1623,3.1673,3.1683,3.1653,3.1673,74
2026-06-03 15:12:00,3.1613,3.1623,3.1568,3.1613,3.1663,3.1673,3.1618,3.1663,53
2026-06-03 15:13:00,3.1608,3.1608,3.1523,3.1533,3.1658,3.1658,3.1573,3.1583,45
2026-06-03 15:14:00,3.1528,3.1563,3.1523,3.1563,3.1578,3.1613,3.1573,3.1613,24
2026-06-03 15:15:00,3.1553,3.1573,3.1543,3.1563,3.1603,3.1623,3.1593,3.1613,36
2026-06-03 15:16:00,3.1558,3.1573,3.1533,3.1543,3.1608,3.1623,3.1583,3.1593,30
2026-06-03 15:17:00,3.1533,3.1598,3.1533,3.1593,3.1583,3.1648,3.1583,3.1643,43
2026-06-03 15:18:00,3.1588,3.1588,3.1523,3.1533,3.1638,3.1638,3.1573,3.1583,24
2026-06-03 15:19:00,3.1543,3.1573,3.1533,3.1573,3.1593,3.1623,3.1583,3.1623,24
2026-06-03 15:20:00,3.1563,3.1593,3.1543,3.1573,3.1613,3.1643,3.1593,3.1623,37
2026-06-03 15:21:00,3.1563,3.1613,3.1563,3.1603,3.1613,3.1663,3.1613,3.1653,36
2026-06-03 15:22:00,3.1593,3.1603,3.1583,3.1593,3.1643,3.1653,3.1633,3.1643,13
2026-06-03 15:23:00,3.1603,3.1633,3.1603,3.1613,3.1653,3.1683,3.1653,3.1663,42
2026-06-03 15:24:00,3.1603,3.1603,3.1583,3.1603,3.1653,3.1653,3.1633,3.1653,17
2026-06-03 15:25:00,3.1593,3.1628,3.1593,3.1623,3.1643,3.1678,3.1643,3.1673,19
2026-06-03 15:26:00,3.1633,3.1693,3.1633,3.1653,3.1683,3.1743,3.1683,3.1703,51
2026-06-03 15:27:00,3.1643,3.1653,3.1643,3.1653,3.1693,3.1703,3.1693,3.1703,4
2026-06-03 15:28:00,3.1643,3.1673,3.1643,3.1663,3.1693,3.1723,3.1693,3.1713,37
2026-06-03 15:29:00,3.1653,3.1673,3.1633,3.1658,3.1703,3.1723,3.1683,3.1708,24
2026-06-03 15:30:00,3.1653,3.1793,3.1653,3.1773,3.1703,3.1843,3.1703,3.1823,90
2026-06-03 15:31:00,3.1763,3.1803,3.1763,3.1773,3.1813,3.1853,3.1813,3.1823,31
2026-06-03 15:32:00,3.1763,3.1793,3.1753,3.1763,3.1813,3.1843,3.1803,3.1813,41
2026-06-03 15:33:00,3.1753,3.1783,3.1753,3.1763,3.1803,3.1833,3.1803,3.1813,12
2026-06-03 15:34:00,3.1753,3.1753,3.1683,3.1693,3.1803,3.1803,3.1733,3.1743,72
2026-06-03 15:35:00,3.1703,3.1743,3.1673,3.1713,3.1753,3.1793,3.1723,3.1763,62
2026-06-03 15:36:00,3.1708,3.1713,3.1663,3.1703,3.1758,3.1763,3.1713,3.1753,44
2026-06-03 15:37:00,3.1698,3.1733,3.1673,3.1693,3.1748,3.1783,3.1723,3.1743,43
2026-06-03 15:38:00,3.1688,3.1703,3.1683,3.1703,3.1738,3.1753,3.1733,3.1753,16
2026-06-03 15:39:00,3.1693,3.1723,3.1693,3.1713,3.1743,3.1773,3.1743,3.1763,16
2026-06-03 15:40:00,3.1723,3.1843,3.1723,3.1833,3.1773,3.1893,3.1773,3.1883,36
2026-06-03 15:41:00,3.1828,3.1843,3.1783,3.1783,3.1878,3.1893,3.1833,3.1833,41
2026-06-03 15:42:00,3.1793,3.1813,3.1723,3.1728,3.1843,3.1863,3.1773,3.1778,25
2026-06-03 15:43:00,3.1733,3.1753,3.1723,3.1733,3.1783,3.1803,3.1773,3.1783,22
2026-06-03 15:44:00,3.1743,3.1753,3.1733,3.1753,3.1793,3.1803,3.1783,3.1803,17
2026-06-03 15:45:00,3.1763,3.1793,3.1753,3.1783,3.1813,3.1843,3.1803,3.1833,20
2026-06-03 15:46:00,3.1778,3.1823,3.1763,3.1773,3.1828,3.1873,3.1813,3.1823,28
2026-06-03 15:47:00,3.1768,3.1853,3.1763,3.1818,3.1818,3.1903,3.1813,3.1868,49
2026-06-03 15:48:00,3.1813,3.1853,3.1803,3.1843,3.1863,3.1903,3.1853,3.1893,29
2026-06-03 15:49:00,3.1833,3.1843,3.1818,3.1833,3.1883,3.1893,3.1868,3.1883,29
2026-06-03 15:50:00,3.1828,3.1873,3.1823,3.1873,3.1878,3.1923,3.1873,3.1923,32
2026-06-03 15:51:00,3.1868,3.1893,3.1863,3.1893,3.1918,3.1943,3.1913,3.1943,26
2026-06-03 15:52:00,3.1903,3.1918,3.1853,3.1863,3.1953,3.1968,3.1903,3.1913,22
2026-06-03 15:53:00,3.1853,3.1893,3.1853,3.1858,3.1903,3.1943,3.1903,3.1908,24
2026-06-03 15:54:00,3.1853,3.1863,3.1843,3.1843,3.1903,3.1913,3.1893,3.1893,24
2026-06-03 15:55:00,3.1853,3.1863,3.1843,3.1843,3.1903,3.1913,3.1893,3.1893,14
2026-06-03 15:56:00,3.1853,3.1853,3.1793,3.1813,3.1903,3.1903,3.1843,3.1863,39
2026-06-03 15:57:00,3.1823,3.1833,3.1813,3.1833,3.1873,3.1883,3.1863,3.1883,28
2026-06-03 15:58:00,3.1843,3.1843,3.1823,3.1823,3.1893,3.1893,3.1873,3.1873,15
2026-06-03 15:59:00,3.1833,3.1833,3.1813,3.1823,3.1883,3.1883,3.1863,3.1873,28
2026-06-03 16:00:00,3.1818,3.1833,3.1783,3.1823,3.1868,3.1883,3.1833,3.1873,35
2026-06-03 16:01:00,3.1813,3.1843,3.1813,3.1833,3.1863,3.1893,3.1863,3.1883,14
2026-06-03 16:02:00,3.1843,3.1853,3.1803,3.1843,3.1893,3.1903,3.1853,3.1893,25
2026-06-03 16:03:00,3.1853,3.1903,3.1853,3.1893,3.1903,3.1953,3.1903,3.1943,12
2026-06-03 16:04:00,3.1883,3.1903,3.1883,3.1883,3.1933,3.1953,3.1933,3.1933,15
2026-06-03 16:05:00,3.1893,3.1903,3.1833,3.1853,3.1943,3.1953,3.1883,3.1903,28
2026-06-03 16:06:00,3.1843,3.1848,3.1823,3.1833,3.1893,3.1898,3.1873,3.1883,16
2026-06-03 16:07:00,3.1843,3.1853,3.1823,3.1843,3.1893,3.1903,3.1873,3.1893,9
2026-06-03 16:08:00,3.1833,3.1853,3.1823,3.1843,3.1883,3.1903,3.1873,3.1893,17
2026-06-03 16:09:00,3.1833,3.1843,3.1793,3.1803,3.1883,3.1893,3.1843,3.1853,21
2026-06-03 16:10:00,3.1813,3.1813,3.1763,3.1783,3.1863,3.1863,3.1813,3.1833,16
2026-06-03 16:11:00,3.1773,3.1803,3.1763,3.1803,3.1823,3.1853,3.1813,3.1853,28
2026-06-03 16:12:00,3.1813,3.1883,3.1803,3.1873,3.1863,3.1933,3.1853,3.1923,20
2026-06-03 16:13:00,3.1883,3.1883,3.1843,3.1853,3.1933,3.1933,3.1893,3.1903,21
2026-06-03 16:14:00,3.1843,3.1843,3.1823,3.1833,3.1893,3.1893,3.1873,3.1883,13
2026-06-03 16:15:00,3.1843,3.1873,3.1843,3.1863,3.1893,3.1923,3.1893,3.1913,25
2026-06-03 16:16:00,3.1853,3.1873,3.1843,3.1843,3.1903,3.1923,3.1893,3.1893,22
2026-06-03 16:17:00,3.1853,3.1853,3.1813,3.1818,3.1903,3.1903,3.1863,3.1868,14
2026-06-03 16:18:00,3.1813,3.1863,3.1803,3.1863,3.1863,3.1913,3.1853,3.1913,11
2026-06-03 16:19:00,3.1853,3.1903,3.1853,3.1883,3.1903,3.1953,3.1903,3.1933,39
2026-06-03 16:20:00,3.1893,3.1913,3.1873,3.1873,3.1943,3.1963,3.1923,3.1923,26
2026-06-03 16:21:00,3.1878,3.1878,3.1853,3.1853,3.1928,3.1928,3.1903,3.1903,15
2026-06-03 16:22:00,3.1843,3.1843,3.1833,3.1833,3.1893,3.1893,3.1883,3.1883,4
2026-06-03 16:23:00,3.1843,3.1863,3.1833,3.1843,3.1893,3.1913,3.1883,3.1893,16
2026-06-03 16:24:00,3.1838,3.1853,3.1823,3.1853,3.1888,3.1903,3.1873,3.1903,9
2026-06-03 16:25:00,3.1863,3.1863,3.1813,3.1823,3.1913,3.1913,3.1863,3.1873,21
2026-06-03 16:26:00,3.1833,3.1833,3.1813,3.1828,3.1883,3.1883,3.1863,3.1878,14
2026-06-03 16:27:00,3.1833,3.1853,3.1823,3.1838,3.1883,3.1903,3.1873,3.1888,18
2026-06-03 16:28:00,3.1843,3.1843,3.1833,3.1843,3.1893,3.1893,3.1883,3.1893,7
2026-06-03 16:29:00,3.1853,3.1853,3.1833,3.1843,3.1903,3.1903,3.1883,3.1893,12
2026-06-03 16:30:00,3.1838,3.1843,3.1803,3.1813,3.1888,3.1893,3.1853,3.1863,33
2026-06-03 16:31:00,3.1803,3.1843,3.1803,3.1843,3.1853,3.1893,3.1853,3.1893,27
2026-06-03 16:32:00,3.1853,3.1863,3.1833,3.1853,3.1903,3.1913,3.1883,3.1903,13
2026-06-03 16:33:00,3.1863,3.1903,3.1853,3.1883,3.1913,3.1953,3.1903,3.1933,36
2026-06-03 16:34:00,3.1893,3.1943,3.1873,3.1918,3.1943,3.1993,3.1923,3.1968,51
2026-06-03 16:35:00,3.1923,3.1943,3.1908,3.1908,3.1973,3.1993,3.1958,3.1958,20
2026-06-03 16:36:00,3.1913,3.1973,3.1893,3.1963,3.1963,3.2023,3.1943,3.2013,31
2026-06-03 16:37:00,3.1968,3.1973,3.1913,3.1923,3.2018,3.2023,3.1963,3.1973,22
2026-06-03 16:38:00,3.1913,3.1933,3.1903,3.1933,3.1963,3.1983,3.1953,3.1983,27
2026-06-03 16:39:00,3.1923,3.1933,3.1883,3.1893,3.1973,3.1983,3.1933,3.1943,21
2026-06-03 16:40:00,3.1883,3.1918,3.1873,3.1903,3.1933,3.1968,3.1923,3.1953,20
2026-06-03 16:41:00,3.1913,3.1913,3.1873,3.1878,3.1963,3.1963,3.1923,3.1928,17
2026-06-03 16:42:00,3.1873,3.1893,3.1853,3.1883,3.1923,3.1943,3.1903,3.1933,40
2026-06-03 16:43:00,3.1893,3.1893,3.1863,3.1873,3.1943,3.1943,3.1913,3.1923,12
2026-06-03 16:44:00,3.1878,3.1923,3.1873,3.1923,3.1928,3.1973,3.1923,3.1973,13
2026-06-03 16:45:00,3.1918,3.1943,3.1913,3.1933,3.1968,3.1993,3.1963,3.1983,25
2026-06-03 16:46:00,3.1923,3.1953,3.1923,3.1933,3.1973,3.2003,3.1973,3.1983,17
2026-06-03 16:47:00,3.1923,3.1943,3.1903,3.1933,3.1973,3.1993,3.1953,3.1983,16
2026-06-03 16:48:00,3.1938,3.1938,3.1923,3.1923,3.1988,3.1988,3.1973,3.1973,3
2026-06-03 16:49:00,3.1933,3.1983,3.1923,3.1953,3.1983,3.2033,3.1973,3.2003,32
2026-06-03 16:50:00,3.1963,3.1993,3.1953,3.1993,3.2013,3.2043,3.2003,3.2043,33
2026-06-03 16:51:00,3.2003,3.2033,3.1973,3.2023,3.2053,3.2083,3.2023,3.2073,39
2026-06-03 16:52:00,3.2028,3.2043,3.2013,3.2033,3.2078,3.2093,3.2063,3.2083,19
2026-06-03 16:53:00,3.2043,3.2043,3.2003,3.2003,3.2093,3.2093,3.2053,3.2053,15
2026-06-03 16:54:00,3.2013,3.2023,3.2003,3.2013,3.2063,3.2073,3.2053,3.2063,14
2026-06-03 16:55:00,3.2008,3.2033,3.1963,3.1963,3.2058,3.2083,3.2013,3.2013,22
2026-06-03 16:56:00,3.1973,3.1973,3.1913,3.1953,3.2023,3.2023,3.1963,3.2003,30
2026-06-03 16:57:00,3.1948,3.1953,3.1943,3.1943,3.1998,3.2003,3.1993,3.1993,9
2026-06-03 16:58:00,3.1938,3.1943,3.1933,3.1943,3.1988,3.1993,3.1983,3.1993,5
2026-06-03 16:59:00,3.1953,3.1953,3.1933,3.1938,3.2003,3.2003,3.1983,3.1988,21
2026-06-03 17:00:00,3.1943,3.1963,3.1923,3.1953,3.1993,3.2013,3.1973,3.2003,19
2026-06-03 17:01:00,3.1943,3.1983,3.1943,3.1953,3.1993,3.2033,3.1993,3.2003,13
2026-06-03 17:02:00,3.1943,3.1953,3.1913,3.1933,3.1993,3.2003,3.1963,3.1983,24
2026-06-03 17:03:00,3.1943,3.1963,3.1933,3.1938,3.1993,3.2013,3.1983,3.1988,7
2026-06-03 17:04:00,3.1943,3.1953,3.1943,3.1943,3.1993,3.2003,3.1993,3.1993,6
2026-06-03 17:05:00,3.1953,3.1958,3.1943,3.1953,3.2003,3.2008,3.1993,3.2003,19
2026-06-03 17:06:00,3.1963,3.1983,3.1963,3.1973,3.2013,3.2033,3.2013,3.2023,8
2026-06-03 17:07:00,3.1983,3.2003,3.1948,3.1963,3.2033,3.2053,3.1998,3.2013,13
2026-06-03 17:08:00,3.1953,3.1953,3.1923,3.1923,3.2003,3.2003,3.1973,3.1973,13
2026-06-03 17:09:00,3.1913,3.1913,3.1883,3.1913,3.1963,3.1963,3.1933,3.1963,19
2026-06-03 17:10:00,3.1903,3.1923,3.1893,3.1913,3.1953,3.1973,3.1943,3.1963,14
2026-06-03 17:11:00,3.1918,3.1923,3.1913,3.1913,3.1968,3.1973,3.1963,3.1963,8
2026-06-03 17:12:00,3.1923,3.1953,3.1913,3.1953,3.1973,3.2003,3.1963,3.2003,15
2026-06-03 17:13:00,3.1958,3.1983,3.1948,3.1973,3.2008,3.2033,3.1998,3.2023,16
2026-06-03 17:14:00,3.1963,3.1973,3.1953,3.1963,3.2013,3.2023,3.2003,3.2013,6
2026-06-03 17:15:00,3.1973,3.1993,3.1963,3.1963,3.2023,3.2043,3.2013,3.2013,11
2026-06-03 17:16:00,3.1953,3.1963,3.1903,3.1913,3.2003,3.2013,3.1953,3.1963,27
2026-06-03 17:17:00,3.1923,3.1943,3.1913,3.1933,3.1973,3.1993,3.1963,3.1983,8
2026-06-03 17:18:00,3.1928,3.1933,3.1893,3.1893,3.1978,3.1983,3.1943,3.1943,14
2026-06-03 17:19:00,3.1898,3.1913,3.1898,3.1913,3.1948,3.1963,3.1948,3.1963,3
2026-06-03 17:20:00,3.1903,3.1933,3.1903,3.1933,3.1953,3.1983,3.1953,3.1983,17
2026-06-03 17:21:00,3.1943,3.1953,3.1943,3.1953,3.1993,3.2003,3.1993,3.2003,4
2026-06-03 17:22:00,3.1943,3.1963,3.1943,3.1953,3.1993,3.2013,3.1993,3.2003,11
2026-06-03 17:23:00,3.1958,3.1963,3.1933,3.1953,3.2008,3.2013,3.1983,3.2003,26
2026-06-03 17:24:00,3.1943,3.1953,3.1928,3.1933,3.1993,3.2003,3.1978,3.1983,12
2026-06-03 17:25:00,3.1923,3.1973,3.1923,3.1973,3.1973,3.2023,3.1973,3.2023,16
2026-06-03 17:26:00,3.1983,3.2023,3.1983,3.2013,3.2033,3.2073,3.2033,3.2063,41
2026-06-03 17:27:00,3.2003,3.2023,3.2003,3.2023,3.2053,3.2073,3.2053,3.2073,12
2026-06-03 17:28:00,3.2033,3.2033,3.2003,3.2023,3.2083,3.2083,3.2053,3.2073,12
2026-06-03 17:29:00,3.2018,3.2023,3.1993,3.1993,3.2068,3.2073,3.2043,3.2043,45
2026-06-03 17:30:00,3.2003,3.2133,3.2003,3.2093,3.2053,3.2183,3.2053,3.2143,44
2026-06-03 17:31:00,3.2103,3.2118,3.2083,3.2103,3.2153,3.2168,3.2133,3.2153,33
2026-06-03 17:32:00,3.2113,3.2133,3.2103,3.2133,3.2163,3.2183,3.2153,3.2183,11
2026-06-03 17:33:00,3.2123,3.2133,3.2063,3.2113,3.2173,3.2183,3.2113,3.2163,29
2026-06-03 17:34:00,3.2123,3.2143,3.2073,3.2123,3.2173,3.2193,3.2123,3.2173,36
2026-06-03 17:35:00,3.2113,3.2233,3.2113,3.2173,3.2163,3.2283,3.2163,3.2223,78
2026-06-03 17:36:00,3.2178,3.2193,3.2173,3.2183,3.2228,3.2243,3.2223,3.2233,27
2026-06-03 17:37:00,3.2193,3.2203,3.2173,3.2193,3.2243,3.2253,3.2223,3.2243,24
2026-06-03 17:38:00,3.2183,3.2233,3.2183,3.2193,3.2233,3.2283,3.2233,3.2243,36
2026-06-03 17:39:00,3.2198,3.2203,3.2153,3.2163,3.2248,3.2253,3.2203,3.2213,32
2026-06-03 17:40:00,3.2153,3.2193,3.2153,3.2188,3.2203,3.2243,3.2203,3.2238,32
2026-06-03 17:41:00,3.2193,3.2223,3.2173,3.2173,3.2243,3.2273,3.2223,3.2223,21
2026-06-03 17:42:00,3.2183,3.2193,3.2173,3.2193,3.2233,3.2243,3.2223,3.2243,17
2026-06-03 17:43:00,3.2188,3.2198,3.2173,3.2193,3.2238,3.2248,3.2223,3.2243,33
2026-06-03 17:44:00,3.2188,3.2203,3.2143,3.2143,3.2238,3.2253,3.2193,3.2193,48
2026-06-03 17:45:00,3.2153,3.2173,3.2153,3.2173,3.2203,3.2223,3.2203,3.2223,27
2026-06-03 17:46:00,3.2178,3.2223,3.2178,3.2223,3.2228,3.2273,3.2228,3.2273,8
2026-06-03 17:47:00,3.2213,3.2223,3.2153,3.2163,3.2263,3.2273,3.2203,3.2213,26
2026-06-03 17:48:00,3.2153,3.2173,3.2133,3.2163,3.2203,3.2223,3.2183,3.2213,36
2026-06-03 17:49:00,3.2153,3.2173,3.2133,3.2138,3.2203,3.2223,3.2183,3.2188,29
2026-06-03 17:50:00,3.2128,3.2143,3.2123,3.2123,3.2178,3.2193,3.2173,3.2173,23
2026-06-03 17:51:00,3.2133,3.2133,3.2093,3.2093,3.2183,3.2183,3.2143,3.2143,24
2026-06-03 17:52:00,3.2103,3.2143,3.2103,3.2133,3.2153,3.2193,3.2153,3.2183,6
2026-06-03 17:53:00,3.2138,3.2143,3.2138,3.2143,3.2188,3.2193,3.2188,3.2193,2
2026-06-03 17:54:00,3.2153,3.2193,3.2143,3.2183,3.2203,3.2243,3.2193,3.2233,22
2026-06-03 17:55:00,3.2193,3.2193,3.2163,3.2163,3.2243,3.2243,3.2213,3.2213,9
2026-06-03 17:56:00,3.2153,3.2163,3.2153,3.2153,3.2203,3.2213,3.2203,3.2203,8
2026-06-03 17:57:00,3.2163,3.2183,3.2153,3.2173,3.2213,3.2233,3.2203,3.2223,10
2026-06-03 17:58:00,3.2178,3.2183,3.2153,3.2163,3.2228,3.2233,3.2203,3.2213,12
2026-06-03 17:59:00,3.2153,3.2163,3.2153,3.2153,3.2203,3.2213,3.2203,3.2203,8
2026-06-03 18:00:00,3.2143,3.2158,3.2103,3.2153,3.2193,3.2208,3.2153,3.2203,30
2026-06-03 18:01:00,3.2163,3.2183,3.2153,3.2163,3.2213,3.2233,3.2203,3.2213,16
2026-06-03 18:02:00,3.2153,3.2163,3.2143,3.2153,3.2203,3.2213,3.2193,3.2203,13
2026-06-03 18:03:00,3.2158,3.2163,3.2123,3.2133,3.2208,3.2213,3.2173,3.2183,12
2026-06-03 18:04:00,3.2143,3.2143,3.2133,3.2133,3.2193,3.2193,3.2183,3.2183,8
2026-06-03 18:05:00,3.2123,3.2153,3.2123,3.2123,3.2173,3.2203,3.2173,3.2173,21
2026-06-03 18:06:00,3.2133,3.2143,3.2093,3.2123,3.2183,3.2193,3.2143,3.2173,32
2026-06-03 18:07:00,3.2133,3.2143,3.2133,3.2133,3.2183,3.2193,3.2183,3.2183,4
2026-06-03 18:08:00,3.2128,3.2133,3.2103,3.2108,3.2178,3.2183,3.2153,3.2158,15
2026-06-03 18:09:00,3.2113,3.2123,3.2113,3.2123,3.2163,3.2173,3.2163,3.2173,8
2026-06-03 18:10:00,3.2133,3.2143,3.2123,3.2143,3.2183,3.2193,3.2173,3.2193,4
2026-06-03 18:11:00,3.2153,3.2193,3.2153,3.2183,3.2203,3.2243,3.2203,3.2233,23
2026-06-03 18:12:00,3.2198,3.2208,3.2183,3.2183,3.2248,3.2258,3.2233,3.2233,41
2026-06-03 18:13:00,3.2188,3.2208,3.2183,3.2203,3.2238,3.2258,3.2233,3.2253,20
2026-06-03 18:14:00,3.2213,3.2213,3.2203,3.2203,3.2263,3.2263,3.2253,3.2253,18
2026-06-03 18:15:00,3.2208,3.2223,3.2193,3.2213,3.2258,3.2273,3.2243,3.2263,52
2026-06-03 18:16:00,3.2223,3.2233,3.2183,3.2203,3.2273,3.2283,3.2233,3.2253,76
2026-06-03 18:17:00,3.2193,3.2213,3.2193,3.2213,3.2243,3.2263,3.2243,3.2263,6
2026-06-03 18:18:00,3.2223,3.2233,3.2223,3.2223,3.2273,3.2283,3.2273,3.2273,3
2026-06-03 18:19:00,3.2233,3.2243,3.2223,3.2223,3.2283,3.2293,3.2273,3.2273,10
2026-06-03 18:20:00,3.2228,3.2273,3.2223,3.2263,3.2278,3.2323,3.2273,3.2313,39
2026-06-03 18:21:00,3.2273,3.2293,3.2273,3.2273,3.2323,3.2343,3.2323,3.2323,30
2026-06-03 18:22:00,3.2268,3.2293,3.2243,3.2293,3.2318,3.2343,3.2293,3.2343,34
2026-06-03 18:23:00,3.2303,3.2313,3.2273,3.2303,3.2353,3.2363,3.2323,3.2353,29
2026-06-03 18:24:00,3.2308,3.2333,3.2303,3.2323,3.2358,3.2383,3.2353,3.2373,26
2026-06-03 18:25:00,3.2333,3.2343,3.2313,3.2328,3.2383,3.2393,3.2363,3.2378,32
2026-06-03 18:26:00,3.2333,3.2353,3.2313,3.2313,3.2383,3.2403,3.2363,3.2363,25
2026-06-03 18:27:00,3.2323,3.2343,3.2303,3.2313,3.2373,3.2393,3.2353,3.2363,24
2026-06-03 18:28:00,3.2308,3.2313,3.2283,3.2313,3.2358,3.2363,3.2333,3.2363,25
2026-06-03 18:29:00,3.2323,3.2413,3.2323,3.2413,3.2373,3.2463,3.2373,3.2463,34
2026-06-03 18:30:00,3.2418,3.2423,3.2313,3.2323,3.2468,3.2473,3.2363,3.2373,68
2026-06-03 18:31:00,3.2328,3.2353,3.2313,3.2348,3.2378,3.2403,3.2363,3.2398,27
2026-06-03 18:32:00,3.2343,3.2353,3.2343,3.2353,3.2393,3.2403,3.2393,3.2403,17
2026-06-03 18:33:00,3.2363,3.2383,3.2343,3.2353,3.2413,3.2433,3.2393,3.2403,31
2026-06-03 18:34:00,3.2358,3.2423,3.2353,3.2383,3.2408,3.2473,3.2403,3.2433,54
2026-06-03 18:35:00,3.2393,3.2403,3.2373,3.2383,3.2443,3.2453,3.2423,3.2433,20
2026-06-03 18:36:00,3.2393,3.2413,3.2373,3.2413,3.2443,3.2463,3.2423,3.2463,39
2026-06-03 18:37:00,3.2423,3.2433,3.2413,3.2423,3.2473,3.2483,3.2463,3.2473,7
2026-06-03 18:38:00,3.2433,3.2443,3.2423,3.2433,3.2483,3.2493,3.2473,3.2483,9
2026-06-03 18:39:00,3.2443,3.2453,3.2423,3.2423,3.2493,3.2503,3.2473,3.2473,12
2026-06-03 18:40:00,3.2428,3.2433,3.2383,3.2383,3.2478,3.2483,3.2433,3.2433,21
2026-06-03 18:41:00,3.2393,3.2393,3.2373,3.2373,3.2443,3.2443,3.2423,3.2423,9
2026-06-03 18:42:00,3.2363,3.2383,3.2353,3.2373,3.2413,3.2433,3.2403,3.2423,21
2026-06-03 18:43:00,3.2383,3.2383,3.2373,3.2373,3.2433,3.2433,3.2423,3.2423,8
2026-06-03 18:44:00,3.2368,3.2393,3.2353,3.2388,3.2418,3.2443,3.2403,3.2438,33
2026-06-03 18:45:00,3.2393,3.2423,3.2373,3.2388,3.2443,3.2473,3.2423,3.2438,34
2026-06-03 18:46:00,3.2383,3.2393,3.2323,3.2333,3.2433,3.2443,3.2373,3.2383,27
2026-06-03 18:47:00,3.2343,3.2363,3.2323,3.2338,3.2393,3.2413,3.2373,3.2388,30
2026-06-03 18:48:00,3.2343,3.2363,3.2343,3.2353,3.2393,3.2413,3.2393,3.2403,13
2026-06-03 18:49:00,3.2358,3.2363,3.2333,3.2333,3.2408,3.2413,3.2383,3.2383,13
2026-06-03 18:50:00,3.2343,3.2353,3.2323,3.2323,3.2393,3.2403,3.2373,3.2373,8
2026-06-03 18:51:00,3.2333,3.2343,3.2333,3.2343,3.2383,3.2393,3.2383,3.2393,10
2026-06-03 18:52:00,3.2353,3.2363,3.2343,3.2343,3.2403,3.2413,3.2393,3.2393,14
2026-06-03 18:53:00,3.2348,3.2353,3.2348,3.2353,3.2398,3.2403,3.2398,3.2403,2
2026-06-03 18:54:00,3.2343,3.2373,3.2343,3.2353,3.2393,3.2423,3.2393,3.2403,12
2026-06-03 18:55:00,3.2363,3.2363,3.2323,3.2333,3.2413,3.2413,3.2373,3.2383,17
2026-06-03 18:56:00,3.2343,3.2363,3.2333,3.2363,3.2393,3.2413,3.2383,3.2413,9
2026-06-03 18:57:00,3.2353,3.2403,3.2353,3.2393,3.2403,3.2453,3.2403,3.2443,17
2026-06-03 18:58:00,3.2403,3.2423,3.2393,3.2403,3.2453,3.2473,3.2443,3.2453,22
2026-06-03 18:59:00,3.2413,3.2423,3.2393,3.2403,3.2463,3.2473,3.2443,3.2453,11
2026-06-03 19:00:00,3.2413,3.2443,3.2413,3.2433,3.2463,3.2493,3.2463,3.2483,12
2026-06-03 19:01:00,3.2423,3.2433,3.2413,3.2423,3.2473,3.2483,3.2463,3.2473,16
2026-06-03 19:02:00,3.2428,3.2428,3.2413,3.2413,3.2478,3.2478,3.2463,3.2463,13
2026-06-03 19:03:00,3.2423,3.2443,3.2423,3.2433,3.2473,3.2493,3.2473,3.2483,8
2026-06-03 19:04:00,3.2423,3.2423,3.2413,3.2423,3.2473,3.2473,3.2463,3.2473,15
2026-06-03 19:05:00,3.2413,3.2423,3.2413,3.2423,3.2463,3.2473,3.2463,3.2473,10
2026-06-03 19:06:00,3.2433,3.2433,3.2393,3.2403,3.2483,3.2483,3.2443,3.2453,10
2026-06-03 19:07:00,3.2413,3.2423,3.2403,3.2403,3.2463,3.2473,3.2453,3.2453,10
2026-06-03 19:08:00,3.2413,3.2443,3.2403,3.2443,3.2463,3.2493,3.2453,3.2493,14
2026-06-03 19:09:00,3.2433,3.2443,3.2413,3.2443,3.2483,3.2493,3.2463,3.2493,30
2026-06-03 19:10:00,3.2433,3.2443,3.2433,3.2433,3.2483,3.2493,3.2483,3.2483,23
2026-06-03 19:11:00,3.2443,3.2443,3.2433,3.2443,3.2493,3.2493,3.2483,3.2493,3
2026-06-03 19:12:00,3.2433,3.2473,3.2433,3.2453,3.2483,3.2523,3.2483,3.2503,15
2026-06-03 19:13:00,3.2458,3.2523,3.2453,3.2503,3.2508,3.2573,3.2503,3.2553,24
2026-06-03 19:14:00,3.2513,3.2553,3.2483,3.2483,3.2563,3.2603,3.2533,3.2533,55
2026-06-03 19:15:00,3.2473,3.2503,3.2463,3.2473,3.2523,3.2553,3.2513,3.2523,27
2026-06-03 19:16:00,3.2478,3.2483,3.2443,3.2463,3.2528,3.2533,3.2493,3.2513,14
2026-06-03 19:17:00,3.2453,3.2473,3.2453,3.2473,3.2503,3.2523,3.2503,3.2523,11
2026-06-03 19:18:00,3.2483,3.2483,3.2453,3.2453,3.2533,3.2533,3.2503,3.2503,8
2026-06-03 19:19:00,3.2443,3.2483,3.2443,3.2473,3.2493,3.2533,3.2493,3.2523,12
2026-06-03 19:20:00,3.2483,3.2483,3.2453,3.2463,3.2533,3.2533,3.2503,3.2513,11
2026-06-03 19:21:00,3.2468,3.2473,3.2463,3.2473,3.2518,3.2523,3.2513,3.2523,15
2026-06-03 19:22:00,3.2483,3.2493,3.2473,3.2483,3.2533,3.2543,3.2523,3.2533,9
2026-06-03 19:23:00,3.2493,3.2493,3.2473,3.2483,3.2543,3.2543,3.2523,3.2533,10
2026-06-03 19:24:00,3.2473,3.2473,3.2463,3.2463,3.2523,3.2523,3.2513,3.2513,2
2026-06-03 19:25:00,3.2453,3.2473,3.2453,3.2463,3.2503,3.2523,3.2503,3.2513,6
2026-06-03 19:26:00,3.2473,3.2483,3.2473,3.2483,3.2523,3.2533,3.2523,3.2533,6
2026-06-03 19:27:00,3.2493,3.2493,3.2473,3.2473,3.2543,3.2543,3.2523,3.2523,8
2026-06-03 19:28:00,3.2483,3.2483,3.2473,3.2473,3.2533,3.2533,3.2523,3.2523,10
2026-06-03 19:29:00,3.2463,3.2483,3.2463,3.2473,3.2513,3.2533,3.2513,3.2523,4
2026-06-03 19:30:00,3.2463,3.2463,3.2453,3.2463,3.2513,3.2513,3.2503,3.2513,10
2026-06-03 19:31:00,3.2453,3.2453,3.2433,3.2433,3.2503,3.2503,3.2483,3.2483,25
2026-06-03 19:32:00,3.2443,3.2453,3.2443,3.2448,3.2493,3.2503,3.2493,3.2498,13
2026-06-03 19:33:00,3.2453,3.2463,3.2443,3.2443,3.2503,3.2513,3.2493,3.2493,8
2026-06-03 19:34:00,3.2453,3.2453,3.2413,3.2413,3.2503,3.2503,3.2463,3.2463,17
2026-06-03 19:35:00,3.2423,3.2423,3.2348,3.2363,3.2473,3.2473,3.2398,3.2413,38
2026-06-03 19:36:00,3.2353,3.2373,3.2343,3.2353,3.2403,3.2423,3.2393,3.2403,31
2026-06-03 19:37:00,3.2343,3.2383,3.2343,3.2373,3.2393,3.2433,3.2393,3.2423,21
2026-06-03 19:38:00,3.2368,3.2373,3.2363,3.2373,3.2418,3.2423,3.2413,3.2423,6
2026-06-03 19:39:00,3.2363,3.2383,3.2353,3.2383,3.2413,3.2433,3.2403,3.2433,9
2026-06-03 19:40:00,3.2393,3.2403,3.2383,3.2398,3.2443,3.2453,3.2433,3.2448,12
2026-06-03 19:41:00,3.2393,3.2398,3.2393,3.2393,3.2443,3.2448,3.2443,3.2443,3
2026-06-03 19:42:00,3.2403,3.2403,3.2393,3.2393,3.2453,3.2453,3.2443,3.2443,8
2026-06-03 19:43:00,3.2403,3.2423,3.2403,3.2423,3.2453,3.2473,3.2453,3.2473,10
2026-06-03 19:44:00,3.2413,3.2423,3.2413,3.2413,3.2463,3.2473,3.2463,3.2463,14
2026-06-03 19:45:00,3.2403,3.2403,3.2383,3.2383,3.2453,3.2453,3.2433,3.2433,7
2026-06-03 19:46:00,3.2393,3.2393,3.2383,3.2383,3.2443,3.2443,3.2433,3.2433,2
2026-06-03 19:47:00,3.2393,3.2393,3.2383,3.2393,3.2443,3.2443,3.2433,3.2443,3
2026-06-03 19:49:00,3.2383,3.2383,3.2363,3.2363,3.2433,3.2433,3.2413,3.2413,15
2026-06-03 19:50:00,3.2353,3.2373,3.2343,3.2363,3.2403,3.2423,3.2393,3.2413,15
2026-06-03 19:51:00,3.2353,3.2373,3.2333,3.2373,3.2403,3.2423,3.2383,3.2423,15
2026-06-03 19:52:00,3.2363,3.2363,3.2343,3.2353,3.2413,3.2413,3.2393,3.2403,12
2026-06-03 19:53:00,3.2343,3.2353,3.2293,3.2293,3.2393,3.2403,3.2343,3.2343,32
2026-06-03 19:54:00,3.2298,3.2303,3.2233,3.2243,3.2348,3.2353,3.2283,3.2293,36
2026-06-03 19:55:00,3.2253,3.2263,3.2213,3.2223,3.2303,3.2313,3.2263,3.2273,21
2026-06-03 19:56:00,3.2213,3.2223,3.2183,3.2188,3.2263,3.2273,3.2233,3.2238,31
2026-06-03 19:57:00,3.2183,3.2213,3.2173,3.2213,3.2233,3.2263,3.2223,3.2263,17
2026-06-03 19:58:00,3.2203,3.2223,3.2183,3.2223,3.2253,3.2273,3.2233,3.2273,13
2026-06-03 19:59:00,3.2233,3.2243,3.2223,3.2223,3.2283,3.2293,3.2273,3.2273,14
2026-06-03 20:00:00,3.2213,3.2233,3.2173,3.2183,3.2263,3.2283,3.2223,3.2233,27
2026-06-03 20:01:00,3.2193,3.2193,3.2183,3.2183,3.2243,3.2243,3.2233,3.2233,4
2026-06-03 20:02:00,3.2193,3.2223,3.2193,3.2213,3.2243,3.2273,3.2243,3.2263,7
2026-06-03 20:03:00,3.2218,3.2263,3.2218,3.2263,3.2268,3.2313,3.2268,3.2313,16
2026-06-03 20:04:00,3.2253,3.2283,3.2243,3.2273,3.2303,3.2333,3.2293,3.2323,17
2026-06-03 20:05:00,3.2263,3.2283,3.2233,3.2243,3.2313,3.2333,3.2283,3.2293,30
2026-06-03 20:06:00,3.2233,3.2253,3.2233,3.2253,3.2283,3.2303,3.2283,3.2303,14
2026-06-03 20:07:00,3.2263,3.2273,3.2223,3.2223,3.2313,3.2323,3.2273,3.2273,14
2026-06-03 20:08:00,3.2213,3.2223,3.2203,3.2208,3.2263,3.2273,3.2253,3.2258,12
2026-06-03 20:09:00,3.2203,3.2223,3.2203,3.2223,3.2253,3.2273,3.2253,3.2273,7
2026-06-03 20:10:00,3.2233,3.2233,3.2223,3.2233,3.2283,3.2283,3.2273,3.2283,6
2026-06-03 20:11:00,3.2243,3.2263,3.2243,3.2253,3.2293,3.2313,3.2293,3.2303,17
2026-06-03 20:12:00,3.2243,3.2253,3.2233,3.2253,3.2293,3.2303,3.2283,3.2303,8
2026-06-03 20:13:00,3.2243,3.2253,3.2223,3.2253,3.2293,3.2303,3.2273,3.2303,14
2026-06-03 20:14:00,3.2243,3.2243,3.2188,3.2188,3.2293,3.2293,3.2238,3.2238,32
2026-06-03 20:15:00,3.2183,3.2203,3.2183,3.2193,3.2233,3.2253,3.2233,3.2243,8
2026-06-03 20:16:00,3.2203,3.2203,3.2183,3.2193,3.2253,3.2253,3.2233,3.2243,4
2026-06-03 20:17:00,3.2203,3.2238,3.2193,3.2233,3.2253,3.2288,3.2243,3.2283,15
2026-06-03 20:18:00,3.2223,3.2223,3.2193,3.2213,3.2273,3.2273,3.2243,3.2263,22
2026-06-03 20:19:00,3.2223,3.2243,3.2213,3.2233,3.2273,3.2293,3.2263,3.2283,25
2026-06-03 20:20:00,3.2243,3.2263,3.2213,3.2233,3.2293,3.2313,3.2263,3.2283,41
2026-06-03 20:21:00,3.2223,3.2283,3.2223,3.2278,3.2273,3.2333,3.2273,3.2328,20
2026-06-03 20:22:00,3.2283,3.2313,3.2263,3.2293,3.2333,3.2363,3.2313,3.2343,28
2026-06-03 20:23:00,3.2283,3.2303,3.2263,3.2273,3.2333,3.2353,3.2313,3.2323,39
2026-06-03 20:24:00,3.2268,3.2308,3.2263,3.2293,3.2318,3.2358,3.2313,3.2343,16
2026-06-03 20:25:00,3.2283,3.2293,3.2273,3.2293,3.2333,3.2343,3.2323,3.2343,21
2026-06-03 20:26:00,3.2283,3.2293,3.2263,3.2263,3.2333,3.2343,3.2313,3.2313,17
2026-06-03 20:27:00,3.2253,3.2273,3.2253,3.2273,3.2303,3.2323,3.2303,3.2323,10
2026-06-03 20:28:00,3.2263,3.2293,3.2233,3.2253,3.2313,3.2343,3.2283,3.2303,62
2026-06-03 20:29:00,3.2243,3.2253,3.2193,3.2213,3.2293,3.2303,3.2243,3.2263,119
2026-06-03 20:30:00,3.2223,3.2233,3.2213,3.2233,3.2273,3.2283,3.2263,3.2283,26
2026-06-03 20:31:00,3.2223,3.2223,3.2208,3.2223,3.2273,3.2273,3.2258,3.2273,16
2026-06-03 20:32:00,3.2213,3.2223,3.2203,3.2223,3.2263,3.2273,3.2253,3.2273,12
2026-06-03 20:33:00,3.2233,3.2253,3.2233,3.2243,3.2283,3.2303,3.2283,3.2293,12
2026-06-03 20:34:00,3.2253,3.2273,3.2243,3.2273,3.2303,3.2323,3.2293,3.2323,13
2026-06-03 20:35:00,3.2263,3.2263,3.2243,3.2253,3.2313,3.2313,3.2293,3.2303,9
2026-06-03 20:36:00,3.2263,3.2263,3.2223,3.2223,3.2313,3.2313,3.2273,3.2273,22
2026-06-03 20:37:00,3.2233,3.2253,3.2233,3.2253,3.2283,3.2303,3.2283,3.2303,5
2026-06-03 20:38:00,3.2263,3.2273,3.2253,3.2268,3.2313,3.2323,3.2303,3.2318,20
2026-06-03 20:39:00,3.2263,3.2283,3.2253,3.2278,3.2313,3.2333,3.2303,3.2328,11
2026-06-03 20:40:00,3.2283,3.2333,3.2283,3.2328,3.2333,3.2383,3.2333,3.2378,28
2026-06-03 20:41:00,3.2323,3.2343,3.2323,3.2343,3.2373,3.2393,3.2373,3.2393,19
2026-06-03 20:42:00,3.2333,3.2373,3.2333,3.2353,3.2383,3.2423,3.2383,3.2403,24
2026-06-03 20:43:00,3.2358,3.2373,3.2323,3.2333,3.2408,3.2423,3.2373,3.2383,21
2026-06-03 20:44:00,3.2338,3.2353,3.2323,3.2333,3.2388,3.2403,3.2373,3.2383,8
2026-06-03 20:45:00,3.2343,3.2343,3.2323,3.2333,3.2393,3.2393,3.2373,3.2383,7
2026-06-03 20:46:00,3.2343,3.2343,3.2323,3.2338,3.2393,3.2393,3.2373,3.2388,13
2026-06-03 20:47:00,3.2333,3.2373,3.2333,3.2373,3.2383,3.2423,3.2383,3.2423,13
2026-06-03 20:48:00,3.2383,3.2393,3.2363,3.2363,3.2433,3.2443,3.2413,3.2413,15
2026-06-03 20:49:00,3.2368,3.2373,3.2363,3.2363,3.2418,3.2423,3.2413,3.2413,6
2026-06-03 20:50:00,3.2373,3.2383,3.2363,3.2383,3.2423,3.2433,3.2413,3.2433,11
2026-06-03 20:51:00,3.2393,3.2393,3.2383,3.2393,3.2443,3.2443,3.2433,3.2443,12
2026-06-03 20:52:00,3.2383,3.2393,3.2378,3.2388,3.2433,3.2443,3.2428,3.2438,5
2026-06-03 20:53:00,3.2393,3.2403,3.2383,3.2398,3.2443,3.2453,3.2433,3.2448,12
2026-06-03 20:54:00,3.2413,3.2473,3.2413,3.2453,3.2463,3.2523,3.2463,3.2503,34
2026-06-03 20:55:00,3.2458,3.2503,3.2453,3.2493,3.2508,3.2553,3.2503,3.2543,12
2026-06-03 20:56:00,3.2503,3.2503,3.2473,3.2483,3.2553,3.2553,3.2523,3.2533,19
2026-06-03 20:57:00,3.2473,3.2493,3.2463,3.2483,3.2523,3.2543,3.2513,3.2533,10
2026-06-03 20:58:00,3.2488,3.2503,3.2463,3.2463,3.2538,3.2553,3.2513,3.2513,27
2026-06-03 20:59:00,3.2473,3.2473,3.2463,3.2463,3.2523,3.2523,3.2513,3.2513,10
2026-06-03 21:00:00,3.2473,3.2473,3.2433,3.2473,3.2523,3.2523,3.2483,3.2523,38
2026-06-03 21:01:00,3.2468,3.2483,3.2443,3.2443,3.2518,3.2533,3.2493,3.2493,14
2026-06-03 21:02:00,3.2453,3.2453,3.2443,3.2443,3.2503,3.2503,3.2493,3.2493,2
2026-06-03 21:03:00,3.2433,3.2443,3.2423,3.2433,3.2483,3.2493,3.2473,3.2483,15
2026-06-03 21:04:00,3.2443,3.2443,3.2433,3.2443,3.2493,3.2493,3.2483,3.2493,8
2026-06-03 21:05:00,3.2448,3.2448,3.2423,3.2423,3.2498,3.2498,3.2473,3.2473,5
2026-06-03 21:06:00,3.2433,3.2433,3.2423,3.2423,3.2483,3.2483,3.2473,3.2473,4
2026-06-03 21:07:00,3.2428,3.2453,3.2428,3.2443,3.2478,3.2503,3.2478,3.2493,9
2026-06-03 21:08:00,3.2438,3.2443,3.2433,3.2443,3.2488,3.2493,3.2483,3.2493,4
2026-06-03 21:09:00,3.2453,3.2463,3.2443,3.2453,3.2503,3.2513,3.2493,3.2503,10
2026-06-03 21:10:00,3.2463,3.2463,3.2453,3.2458,3.2513,3.2513,3.2503,3.2508,18
2026-06-03 21:11:00,3.2463,3.2463,3.2463,3.2463,3.2513,3.2513,3.2513,3.2513,1
2026-06-03 21:12:00,3.2453,3.2463,3.2453,3.2463,3.2503,3.2513,3.2503,3.2513,2
2026-06-03 21:13:00,3.2453,3.2463,3.2428,3.2443,3.2503,3.2513,3.2478,3.2493,13
2026-06-03 21:14:00,3.2453,3.2453,3.2443,3.2448,3.2503,3.2503,3.2493,3.2498,3
2026-06-03 21:15:00,3.2453,3.2453,3.2453,3.2453,3.2503,3.2503,3.2503,3.2503,1
2026-06-03 21:16:00,3.2443,3.2453,3.2443,3.2453,3.2493,3.2503,3.2493,3.2503,2
2026-06-03 21:17:00,3.2443,3.2443,3.2423,3.2443,3.2493,3.2493,3.2473,3.2493,17
2026-06-03 21:18:00,3.2453,3.2453,3.2443,3.2443,3.2503,3.2503,3.2493,3.2493,2
2026-06-03 21:19:00,3.2448,3.2453,3.2448,3.2453,3.2498,3.2503,3.2498,3.2503,2
2026-06-03 21:21:00,3.2463,3.2473,3.2453,3.2463,3.2513,3.2523,3.2503,3.2513,14
2026-06-03 21:22:00,3.2453,3.2463,3.2453,3.2453,3.2503,3.2513,3.2503,3.2503,8
2026-06-03 21:23:00,3.2458,3.2483,3.2453,3.2483,3.2508,3.2533,3.2503,3.2533,12
2026-06-03 21:24:00,3.2473,3.2473,3.2463,3.2463,3.2523,3.2523,3.2513,3.2513,6
2026-06-03 21:25:00,3.2453,3.2453,3.2453,3.2453,3.2503,3.2503,3.2503,3.2503,1
2026-06-03 21:26:00,3.2463,3.2463,3.2453,3.2463,3.2513,3.2513,3.2503,3.2513,5
2026-06-03 21:27:00,3.2468,3.2473,3.2463,3.2473,3.2518,3.2523,3.2513,3.2523,3
2026-06-03 21:28:00,3.2463,3.2463,3.2443,3.2453,3.2513,3.2513,3.2493,3.2503,6
2026-06-03 21:30:00,3.2448,3.2448,3.2423,3.2433,3.2498,3.2498,3.2473,3.2483,11
2026-06-03 21:32:00,3.2428,3.2428,3.2423,3.2423,3.2478,3.2478,3.2473,3.2473,2
2026-06-03 21:33:00,3.2433,3.2433,3.2433,3.2433,3.2483,3.2483,3.2483,3.2483,1
2026-06-03 21:34:00,3.2443,3.2473,3.2443,3.2473,3.2493,3.2523,3.2493,3.2523,8
2026-06-03 21:35:00,3.2463,3.2473,3.2463,3.2473,3.2513,3.2523,3.2513,3.2523,8
2026-06-03 21:37:00,3.2478,3.2483,3.2478,3.2483,3.2528,3.2533,3.2528,3.2533,2
2026-06-03 21:38:00,3.2473,3.2473,3.2463,3.2473,3.2523,3.2523,3.2513,3.2523,7
2026-06-03 21:39:00,3.2478,3.2483,3.2453,3.2463,3.2528,3.2533,3.2503,3.2513,6
2026-06-03 21:41:00,3.2453,3.2453,3.2443,3.2453,3.2503,3.2503,3.2493,3.2503,6
2026-06-03 21:42:00,3.2448,3.2448,3.2423,3.2423,3.2498,3.2498,3.2473,3.2473,13
2026-06-03 21:43:00,3.2413,3.2423,3.2413,3.2413,3.2463,3.2473,3.2463,3.2463,21
2026-06-03 21:44:00,3.2423,3.2423,3.2403,3.2413,3.2473,3.2473,3.2453,3.2463,12
2026-06-03 21:45:00,3.2403,3.2403,3.2403,3.2403,3.2453,3.2453,3.2453,3.2453,1
2026-06-03 21:46:00,3.2393,3.2403,3.2383,3.2393,3.2443,3.2453,3.2433,3.2443,13
2026-06-03 21:47:00,3.2403,3.2403,3.2393,3.2393,3.2453,3.2453,3.2443,3.2443,4
2026-06-03 21:48:00,3.2388,3.2393,3.2373,3.2378,3.2438,3.2443,3.2423,3.2428,25
2026-06-03 21:49:00,3.2383,3.2383,3.2373,3.2383,3.2433,3.2433,3.2423,3.2433,7
2026-06-03 21:51:00,3.2373,3.2393,3.2373,3.2393,3.2423,3.2443,3.2423,3.2443,7
2026-06-03 21:52:00,3.2403,3.2403,3.2393,3.2393,3.2453,3.2453,3.2443,3.2443,2
2026-06-03 21:53:00,3.2383,3.2403,3.2383,3.2403,3.2433,3.2453,3.2433,3.2453,3
2026-06-03 21:54:00,3.2413,3.2413,3.2403,3.2413,3.2463,3.2463,3.2453,3.2463,9
2026-06-03 21:55:00,3.2423,3.2423,3.2413,3.2413,3.2473,3.2473,3.2463,3.2463,2
2026-06-03 21:58:00,3.2403,3.2413,3.2403,3.2413,3.2453,3.2463,3.2453,3.2463,4
2026-06-03 21:59:00,3.2403,3.2423,3.2403,3.2423,3.2453,3.2473,3.2453,3.2473,5
2026-06-03 22:00:00,3.2413,3.2418,3.2403,3.2408,3.2463,3.2468,3.2453,3.2458,7
2026-06-03 22:01:00,3.2403,3.2413,3.2403,3.2403,3.2453,3.2463,3.2453,3.2453,8
2026-06-03 22:02:00,3.2408,3.2423,3.2408,3.2413,3.2458,3.2473,3.2458,3.2463,8
2026-06-03 22:03:00,3.2403,3.2413,3.2403,3.2403,3.2453,3.2463,3.2453,3.2453,9
2026-06-03 22:04:00,3.2398,3.2398,3.2393,3.2393,3.2448,3.2448,3.2443,3.2443,2
2026-06-03 22:05:00,3.2388,3.2388,3.2373,3.2378,3.2438,3.2438,3.2423,3.2428,10
2026-06-03 22:06:00,3.2373,3.2393,3.2373,3.2383,3.2423,3.2443,3.2423,3.2433,10
2026-06-03 22:07:00,3.2373,3.2378,3.2368,3.2368,3.2423,3.2428,3.2418,3.2418,7
2026-06-03 22:08:00,3.2363,3.2433,3.2363,3.2428,3.2413,3.2483,3.2413,3.2478,28
2026-06-03 22:09:00,3.2423,3.2473,3.2418,3.2473,3.2473,3.2523,3.2468,3.2523,19
2026-06-03 22:10:00,3.2468,3.2473,3.2453,3.2463,3.2518,3.2523,3.2503,3.2513,15
2026-06-03 22:11:00,3.2458,3.2463,3.2453,3.2463,3.2508,3.2513,3.2503,3.2513,6
2026-06-03 22:12:00,3.2468,3.2473,3.2433,3.2438,3.2518,3.2523,3.2483,3.2488,26
2026-06-03 22:13:00,3.2433,3.2443,3.2433,3.2438,3.2483,3.2493,3.2483,3.2488,5
2026-06-03 22:14:00,3.2443,3.2463,3.2443,3.2463,3.2493,3.2513,3.2493,3.2513,5
2026-06-03 22:17:00,3.2473,3.2483,3.2473,3.2483,3.2523,3.2533,3.2523,3.2533,2
2026-06-03 22:18:00,3.2473,3.2473,3.2463,3.2463,3.2523,3.2523,3.2513,3.2513,2
2026-06-03 22:19:00,3.2473,3.2473,3.2463,3.2473,3.2523,3.2523,3.2513,3.2523,3
2026-06-03 22:20:00,3.2463,3.2473,3.2463,3.2473,3.2513,3.2523,3.2513,3.2523,2
2026-06-03 22:21:00,3.2483,3.2503,3.2483,3.2493,3.2533,3.2553,3.2533,3.2543,6
2026-06-03 22:22:00,3.2503,3.2503,3.2473,3.2483,3.2553,3.2553,3.2523,3.2533,10
2026-06-03 22:25:00,3.2473,3.2483,3.2453,3.2458,3.2523,3.2533,3.2503,3.2508,13
2026-06-03 22:26:00,3.2463,3.2468,3.2453,3.2453,3.2513,3.2518,3.2503,3.2503,4
2026-06-03 22:27:00,3.2448,3.2463,3.2443,3.2453,3.2498,3.2513,3.2493,3.2503,7
2026-06-03 22:28:00,3.2448,3.2463,3.2443,3.2453,3.2498,3.2513,3.2493,3.2503,10
2026-06-03 22:29:00,3.2443,3.2453,3.2443,3.2448,3.2493,3.2503,3.2493,3.2498,5
2026-06-03 22:30:00,3.2443,3.2443,3.2428,3.2428,3.2493,3.2493,3.2478,3.2478,3
2026-06-03 22:31:00,3.2433,3.2433,3.2423,3.2433,3.2483,3.2483,3.2473,3.2483,3
2026-06-03 22:33:00,3.2428,3.2443,3.2428,3.2438,3.2478,3.2493,3.2478,3.2488,8
2026-06-03 22:34:00,3.2443,3.2443,3.2433,3.2443,3.2493,3.2493,3.2483,3.2493,7
2026-06-03 22:35:00,3.2453,3.2463,3.2443,3.2463,3.2503,3.2513,3.2493,3.2513,8
2026-06-03 22:36:00,3.2473,3.2473,3.2473,3.2473,3.2523,3.2523,3.2523,3.2523,1
2026-06-03 22:37:00,3.2463,3.2483,3.2463,3.2483,3.2513,3.2533,3.2513,3.2533,5
2026-06-03 22:39:00,3.2473,3.2493,3.2473,3.2483,3.2523,3.2543,3.2523,3.2533,6
2026-06-03 22:40:00,3.2488,3.2488,3.2483,3.2483,3.2538,3.2538,3.2533,3.2533,4
2026-06-03 22:41:00,3.2493,3.2493,3.2483,3.2483,3.2543,3.2543,3.2533,3.2533,2
2026-06-03 22:42:00,3.2488,3.2493,3.2483,3.2493,3.2538,3.2543,3.2533,3.2543,3
2026-06-03 22:43:00,3.2483,3.2483,3.2483,3.2483,3.2533,3.2533,3.2533,3.2533,1
2026-06-03 22:44:00,3.2478,3.2483,3.2473,3.2473,3.2528,3.2533,3.2523,3.2523,4
2026-06-03 22:45:00,3.2478,3.2478,3.2468,3.2473,3.2528,3.2528,3.2518,3.2523,12
2026-06-03 22:46:00,3.2468,3.2473,3.2468,3.2473,3.2518,3.2523,3.2518,3.2523,2
2026-06-03 22:48:00,3.2488,3.2523,3.2488,3.2508,3.2538,3.2573,3.2538,3.2558,8
2026-06-03 22:49:00,3.2513,3.2513,3.2503,3.2503,3.2563,3.2563,3.2553,3.2553,10
2026-06-03 22:50:00,3.2513,3.2513,3.2508,3.2513,3.2563,3.2563,3.2558,3.2563,3
2026-06-03 22:51:00,3.2508,3.2523,3.2508,3.2523,3.2558,3.2573,3.2558,3.2573,12
2026-06-03 22:52:00,3.2518,3.2553,3.2518,3.2533,3.2568,3.2603,3.2568,3.2583,24
2026-06-03 22:54:00,3.2528,3.2533,3.2523,3.2523,3.2578,3.2583,3.2573,3.2573,6
2026-06-03 22:55:00,3.2528,3.2553,3.2528,3.2543,3.2578,3.2603,3.2578,3.2593,16
2026-06-03 22:56:00,3.2538,3.2633,3.2533,3.2633,3.2588,3.2683,3.2583,3.2683,43
2026-06-03 22:57:00,3.2643,3.2713,3.2633,3.2683,3.2693,3.2763,3.2683,3.2733,48
2026-06-03 22:58:00,3.2673,3.2673,3.2643,3.2648,3.2723,3.2723,3.2693,3.2698,31
2026-06-03 22:59:00,3.2663,3.269,3.2648,3.268,3.2713,3.274,3.2698,3.273,28
2026-06-04 00:00:00,3.27,3.27,3.26,3.2605,3.275,3.275,3.265,3.2655,21
2026-06-04 00:01:00,3.26,3.26,3.256,3.257,3.265,3.265,3.261,3.262,21
2026-06-04 00:02:00,3.2575,3.2585,3.2555,3.256,3.2625,3.2635,3.2605,3.261,13
2026-06-04 00:03:00,3.2565,3.2565,3.2565,3.2565,3.2615,3.2615,3.2615,3.2615,1
2026-06-04 00:04:00,3.257,3.257,3.2565,3.2565,3.262,3.262,3.2615,3.2615,2
2026-06-04 00:05:00,3.2555,3.2565,3.2555,3.2565,3.2605,3.2615,3.2605,3.2615,2
2026-06-04 00:06:00,3.2575,3.2585,3.2575,3.2585,3.2625,3.2635,3.2625,3.2635,3
2026-06-04 00:10:00,3.2595,3.2595,3.258,3.258,3.2645,3.2645,3.263,3.263,3
2026-06-04 00:11:00,3.2575,3.258,3.256,3.256,3.2625,3.263,3.261,3.261,5
2026-06-04 00:12:00,3.2555,3.2555,3.2555,3.2555,3.2605,3.2605,3.2605,3.2605,1
2026-06-04 00:13:00,3.255,3.255,3.255,3.255,3.26,3.26,3.26,3.26,1
2026-06-04 00:15:00,3.257,3.258,3.257,3.258,3.262,3.263,3.262,3.263,3
2026-06-04 00:16:00,3.2585,3.2585,3.258,3.258,3.2635,3.2635,3.263,3.263,4
2026-06-04 00:17:00,3.2575,3.2575,3.2565,3.2565,3.2625,3.2625,3.2615,3.2615,5
2026-06-04 00:18:00,3.257,3.257,3.257,3.257,3.262,3.262,3.262,3.262,1
2026-06-04 00:19:00,3.2575,3.2575,3.2575,3.2575,3.2625,3.2625,3.2625,3.2625,1
2026-06-04 00:21:00,3.257,3.257,3.257,3.257,3.262,3.262,3.262,3.262,1
2026-06-04 00:23:00,3.2565,3.2565,3.2565,3.2565,3.2615,3.2615,3.2615,3.2615,1
2026-06-04 00:24:00,3.257,3.257,3.257,3.257,3.262,3.262,3.262,3.262,1
2026-06-04 00:26:00,3.2575,3.259,3.2575,3.259,3.2625,3.264,3.2625,3.264,2
2026-06-04 00:27:00,3.2585,3.259,3.258,3.259,3.2635,3.264,3.263,3.264,3
2026-06-04 00:28:00,3.2585,3.2585,3.2585,3.2585,3.2635,3.2635,3.2635,3.2635,1
2026-06-04 00:29:00,3.258,3.258,3.258,3.258,3.263,3.263,3.263,3.263,1
2026-06-04 00:30:00,3.2585,3.2585,3.2585,3.2585,3.2635,3.2635,3.2635,3.2635,1
2026-06-04 00:32:00,3.258,3.258,3.2545,3.2545,3.263,3.263,3.2595,3.2595,6
2026-06-04 00:33:00,3.254,3.255,3.253,3.253,3.259,3.26,3.258,3.258,7
2026-06-04 00:34:00,3.2535,3.2535,3.249,3.249,3.2585,3.2585,3.254,3.254,11
2026-06-04 00:35:00,3.2495,3.2495,3.2495,3.2495,3.2545,3.2545,3.2545,3.2545,1
2026-06-04 00:36:00,3.2485,3.249,3.2485,3.249,3.2535,3.254,3.2535,3.254,4
2026-06-04 00:37:00,3.2495,3.2495,3.249,3.249,3.2545,3.2545,3.254,3.254,2
2026-06-04 00:38:00,3.2485,3.2505,3.2485,3.2505,3.2535,3.2555,3.2535,3.2555,6
2026-06-04 00:40:00,3.251,3.2525,3.251,3.2525,3.256,3.2575,3.256,3.2575,3
2026-06-04 00:42:00,3.2515,3.252,3.2505,3.2515,3.2565,3.257,3.2555,3.2565,6
2026-06-04 00:45:00,3.251,3.251,3.251,3.251,3.256,3.256,3.256,3.256,1
2026-06-04 00:46:00,3.2505,3.251,3.2505,3.251,3.2555,3.256,3.2555,3.256,2
2026-06-04 00:49:00,3.2515,3.252,3.2515,3.252,3.2565,3.257,3.2565,3.257,2
2026-06-04 00:51:00,3.2515,3.2515,3.25,3.2505,3.2565,3.2565,3.255,3.2555,4
2026-06-04 00:52:00,3.251,3.251,3.251,3.251,3.256,3.256,3.256,3.256,1
2026-06-04 00:53:00,3.2515,3.2515,3.2515,3.2515,3.2565,3.2565,3.2565,3.2565,1
2026-06-04 00:54:00,3.251,3.251,3.251,3.251,3.256,3.256,3.256,3.256,1
2026-06-04 00:55:00,3.2505,3.2505,3.2505,3.2505,3.2555,3.2555,3.2555,3.2555,1
2026-06-04 00:56:00,3.2495,3.2495,3.246,3.246,3.2545,3.2545,3.251,3.251,11
2026-06-04 00:58:00,3.2465,3.247,3.2465,3.247,3.2515,3.252,3.2515,3.252,4
2026-06-04 00:59:00,3.248,3.249,3.248,3.2485,3.253,3.254,3.253,3.2535,3
2026-06-04 01:00:00,3.248,3.248,3.248,3.248,3.253,3.253,3.253,3.253,1
2026-06-04 01:01:00,3.2475,3.2485,3.2475,3.2485,3.2525,3.2535,3.2525,3.2535,2
2026-06-04 01:02:00,3.249,3.2505,3.249,3.2505,3.254,3.2555,3.254,3.2555,4
2026-06-04 01:03:00,3.252,3.2525,3.2505,3.2525,3.257,3.2575,3.2555,3.2575,4
2026-06-04 01:06:00,3.2515,3.2515,3.2515,3.2515,3.2565,3.2565,3.2565,3.2565,1
2026-06-04 01:07:00,3.252,3.252,3.252,3.252,3.257,3.257,3.257,3.257,1
2026-06-04 01:10:00,3.2515,3.2525,3.2515,3.252,3.2565,3.2575,3.2565,3.257,3
2026-06-04 01:11:00,3.2515,3.252,3.2515,3.2515,3.2565,3.257,3.2565,3.2565,3
2026-06-04 01:16:00,3.2525,3.2525,3.2525,3.2525,3.2575,3.2575,3.2575,3.2575,1
2026-06-04 01:17:00,3.2515,3.2515,3.2505,3.2505,3.2565,3.2565,3.2555,3.2555,2
2026-06-04 01:18:00,3.25,3.25,3.25,3.25,3.255,3.255,3.255,3.255,1
2026-06-04 01:20:00,3.2495,3.2495,3.249,3.2495,3.2545,3.2545,3.254,3.2545,3
2026-06-04 01:21:00,3.249,3.249,3.249,3.249,3.254,3.254,3.254,3.254,1
2026-06-04 01:25:00,3.2485,3.2485,3.2485,3.2485,3.2535,3.2535,3.2535,3.2535,1
2026-06-04 01:27:00,3.249,3.249,3.249,3.249,3.254,3.254,3.254,3.254,1
2026-06-04 01:30:00,3.2485,3.2485,3.2485,3.2485,3.2535,3.2535,3.2535,3.2535,1
2026-06-04 01:31:00,3.2495,3.2495,3.2495,3.2495,3.2545,3.2545,3.2545,3.2545,1
2026-06-04 01:33:00,3.25,3.2525,3.25,3.2525,3.255,3.2575,3.255,3.2575,11
2026-06-04 01:34:00,3.252,3.252,3.252,3.252,3.257,3.257,3.257,3.257,1
2026-06-04 01:36:00,3.2525,3.2525,3.252,3.252,3.2575,3.2575,3.257,3.257,2
2026-06-04 01:39:00,3.2525,3.2525,3.2525,3.2525,3.2575,3.2575,3.2575,3.2575,1
2026-06-04 01:40:00,3.2535,3.2535,3.253,3.253,3.2585,3.2585,3.258,3.258,2
2026-06-04 01:41:00,3.2525,3.2525,3.2525,3.2525,3.2575,3.2575,3.2575,3.2575,1
2026-06-04 01:45:00,3.2515,3.2515,3.2515,3.2515,3.2565,3.2565,3.2565,3.2565,1
2026-06-04 01:46:00,3.2525,3.2525,3.2525,3.2525,3.2575,3.2575,3.2575,3.2575,1
2026-06-04 01:49:00,3.252,3.252,3.252,3.252,3.257,3.257,3.257,3.257,1
2026-06-04 01:50:00,3.2525,3.253,3.2525,3.253,3.2575,3.258,3.2575,3.258,2
2026-06-04 01:51:00,3.2535,3.2545,3.253,3.253,3.2585,3.2595,3.258,3.258,4
2026-06-04 01:52:00,3.254,3.2545,3.253,3.2535,3.259,3.2595,3.258,3.2585,6
2026-06-04 01:54:00,3.253,3.2535,3.253,3.2535,3.258,3.2585,3.258,3.2585,2
2026-06-04 01:55:00,3.253,3.2535,3.253,3.253,3.258,3.2585,3.258,3.258,11
2026-06-04 01:57:00,3.2535,3.2555,3.2535,3.255,3.2585,3.2605,3.2585,3.26,4
2026-06-04 01:58:00,3.2555,3.2565,3.2555,3.256,3.2605,3.2615,3.2605,3.261,4
2026-06-04 01:59:00,3.255,3.255,3.253,3.253,3.26,3.26,3.258,3.258,3
2026-06-04 02:00:00,3.252,3.252,3.249,3.249,3.257,3.257,3.254,3.254,9
2026-06-04 02:01:00,3.2495,3.2495,3.2495,3.2495,3.2545,3.2545,3.2545,3.2545,1
2026-06-04 02:02:00,3.2505,3.2505,3.25,3.25,3.2555,3.2555,3.255,3.255,2
2026-06-04 02:03:00,3.2505,3.252,3.2505,3.2515,3.2555,3.257,3.2555,3.2565,4
2026-06-04 02:04:00,3.252,3.252,3.2515,3.2515,3.257,3.257,3.2565,3.2565,2
2026-06-04 02:05:00,3.2505,3.2505,3.2505,3.2505,3.2555,3.2555,3.2555,3.2555,1
2026-06-04 02:06:00,3.251,3.2515,3.251,3.2515,3.256,3.2565,3.256,3.2565,2
2026-06-04 02:07:00,3.251,3.2515,3.251,3.2515,3.256,3.2565,3.256,3.2565,2
2026-06-04 02:08:00,3.2505,3.2505,3.2495,3.2495,3.2555,3.2555,3.2545,3.2545,3
2026-06-04 02:09:00,3.25,3.2505,3.25,3.25,3.255,3.2555,3.255,3.255,3
2026-06-04 02:10:00,3.2495,3.25,3.2495,3.25,3.2545,3.255,3.2545,3.255,2
2026-06-04 02:12:00,3.2505,3.2505,3.2505,3.2505,3.2555,3.2555,3.2555,3.2555,1
2026-06-04 02:13:00,3.251,3.251,3.2505,3.251,3.256,3.256,3.2555,3.256,3
2026-06-04 02:14:00,3.2505,3.2505,3.2495,3.25,3.2555,3.2555,3.2545,3.255,3
2026-06-04 02:16:00,3.2505,3.2515,3.2505,3.251,3.2555,3.2565,3.2555,3.256,4
2026-06-04 02:17:00,3.2505,3.2505,3.2505,3.2505,3.2555,3.2555,3.2555,3.2555,1
2026-06-04 02:18:00,3.2495,3.2495,3.2475,3.2475,3.2545,3.2545,3.2525,3.2525,11
2026-06-04 02:19:00,3.248,3.248,3.248,3.248,3.253,3.253,3.253,3.253,1
2026-06-04 02:21:00,3.2485,3.2495,3.2485,3.2485,3.2535,3.2545,3.2535,3.2535,3
2026-06-04 02:22:00,3.2495,3.2495,3.249,3.249,3.2545,3.2545,3.254,3.254,2
2026-06-04 02:23:00,3.2495,3.25,3.2495,3.25,3.2545,3.255,3.2545,3.255,2
2026-06-04 02:25:00,3.2505,3.2505,3.25,3.2505,3.2555,3.2555,3.255,3.2555,3
2026-06-04 02:28:00,3.25,3.2505,3.25,3.2505,3.255,3.2555,3.255,3.2555,2
2026-06-04 02:34:00,3.25,3.2505,3.25,3.2505,3.255,3.2555,3.255,3.2555,2
2026-06-04 02:35:00,3.2495,3.2505,3.2495,3.2505,3.2545,3.2555,3.2545,3.2555,4
2026-06-04 02:44:00,3.25,3.2505,3.25,3.2505,3.255,3.2555,3.255,3.2555,2
2026-06-04 02:45:00,3.25,3.25,3.2485,3.2485,3.255,3.255,3.2535,3.2535,6
2026-06-04 02:46:00,3.2475,3.2485,3.2475,3.2475,3.2525,3.2535,3.2525,3.2525,3
2026-06-04 02:47:00,3.2485,3.2485,3.2455,3.2465,3.2535,3.2535,3.2505,3.2515,8
2026-06-04 02:48:00,3.246,3.2465,3.2455,3.2465,3.251,3.2515,3.2505,3.2515,7
2026-06-04 02:49:00,3.2475,3.2495,3.2475,3.249,3.2525,3.2545,3.2525,3.254,12
2026-06-04 02:50:00,3.2495,3.2495,3.2485,3.2485,3.2545,3.2545,3.2535,3.2535,12
2026-06-04 02:51:00,3.249,3.2535,3.249,3.252,3.254,3.2585,3.254,3.257,9
2026-06-04 02:52:00,3.2515,3.2525,3.2515,3.2515,3.2565,3.2575,3.2565,3.2565,5
2026-06-04 02:53:00,3.2505,3.2515,3.2505,3.2515,3.2555,3.2565,3.2555,3.2565,5
2026-06-04 02:56:00,3.251,3.251,3.2505,3.2505,3.256,3.256,3.2555,3.2555,2
2026-06-04 02:57:00,3.25,3.2505,3.25,3.2505,3.255,3.2555,3.255,3.2555,2
2026-06-04 02:59:00,3.25,3.2505,3.25,3.25,3.255,3.2555,3.255,3.255,3
2026-06-04 03:00:00,3.2505,3.2525,3.2495,3.2505,3.2555,3.2575,3.2545,3.2555,13
2026-06-04 03:02:00,3.25,3.2505,3.2495,3.2505,3.255,3.2555,3.2545,3.2555,4
2026-06-04 03:03:00,3.2515,3.252,3.2515,3.252,3.2565,3.257,3.2565,3.257,2
2026-06-04 03:05:00,3.2515,3.2515,3.2495,3.2495,3.2565,3.2565,3.2545,3.2545,9
2026-06-04 03:07:00,3.2505,3.2505,3.2495,3.25,3.2555,3.2555,3.2545,3.255,6
2026-06-04 03:08:00,3.2495,3.2495,3.2495,3.2495,3.2545,3.2545,3.2545,3.2545,1
2026-06-04 03:10:00,3.2485,3.2495,3.2485,3.2495,3.2535,3.2545,3.2535,3.2545,2
2026-06-04 03:11:00,3.25,3.25,3.2485,3.2485,3.255,3.255,3.2535,3.2535,2
2026-06-04 03:12:00,3.248,3.2485,3.2455,3.2465,3.253,3.2535,3.2505,3.2515,9
2026-06-04 03:13:00,3.247,3.247,3.247,3.247,3.252,3.252,3.252,3.252,1
2026-06-04 03:14:00,3.2475,3.2475,3.2465,3.2475,3.2525,3.2525,3.2515,3.2525,6
2026-06-04 03:15:00,3.2485,3.2485,3.2485,3.2485,3.2535,3.2535,3.2535,3.2535,1
2026-06-04 03:19:00,3.248,3.248,3.2475,3.2475,3.253,3.253,3.2525,3.2525,2
2026-06-04 03:21:00,3.248,3.248,3.248,3.248,3.253,3.253,3.253,3.253,1
2026-06-04 03:22:00,3.2475,3.248,3.2475,3.248,3.2525,3.253,3.2525,3.253,2
2026-06-04 03:25:00,3.2475,3.2475,3.2455,3.2455,3.2525,3.2525,3.2505,3.2505,4
2026-06-04 03:26:00,3.2465,3.2465,3.246,3.246,3.2515,3.2515,3.251,3.251,2
2026-06-04 03:27:00,3.2455,3.2455,3.2455,3.2455,3.2505,3.2505,3.2505,3.2505,1
2026-06-04 03:28:00,3.2445,3.2455,3.2445,3.2455,3.2495,3.2505,3.2495,3.2505,2
2026-06-04 03:29:00,3.245,3.245,3.2445,3.2445,3.25,3.25,3.2495,3.2495,2
2026-06-04 03:30:00,3.244,3.245,3.2435,3.2445,3.249,3.25,3.2485,3.2495,5
2026-06-04 03:31:00,3.245,3.245,3.244,3.244,3.25,3.25,3.249,3.249,3
2026-06-04 03:32:00,3.2445,3.2445,3.2445,3.2445,3.2495,3.2495,3.2495,3.2495,1
2026-06-04 03:33:00,3.244,3.2445,3.244,3.244,3.249,3.2495,3.249,3.249,3
2026-06-04 03:34:00,3.2435,3.244,3.2435,3.244,3.2485,3.249,3.2485,3.249,2
2026-06-04 03:35:00,3.2445,3.2445,3.2445,3.2445,3.2495,3.2495,3.2495,3.2495,1
2026-06-04 03:36:00,3.244,3.2445,3.244,3.2445,3.249,3.2495,3.249,3.2495,4
2026-06-04 03:37:00,3.2455,3.2465,3.2445,3.2445,3.2505,3.2515,3.2495,3.2495,4
2026-06-04 03:38:00,3.245,3.245,3.245,3.245,3.25,3.25,3.25,3.25,1
2026-06-04 03:41:00,3.2455,3.2455,3.2455,3.2455,3.2505,3.2505,3.2505,3.2505,1
2026-06-04 03:42:00,3.246,3.2465,3.245,3.245,3.251,3.2515,3.25,3.25,8
2026-06-04 03:43:00,3.2455,3.2455,3.2455,3.2455,3.2505,3.2505,3.2505,3.2505,1
2026-06-04 03:45:00,3.2445,3.245,3.2445,3.245,3.2495,3.25,3.2495,3.25,2
2026-06-04 03:46:00,3.2445,3.2445,3.2435,3.2435,3.2495,3.2495,3.2485,3.2485,3
2026-06-04 03:54:00,3.2445,3.246,3.2445,3.246,3.2495,3.251,3.2495,3.251,3
2026-06-04 03:55:00,3.2455,3.2455,3.2445,3.2445,3.2505,3.2505,3.2495,3.2495,2
2026-06-04 03:57:00,3.244,3.244,3.244,3.244,3.249,3.249,3.249,3.249,1
2026-06-04 03:59:00,3.2435,3.244,3.2435,3.244,3.2485,3.249,3.2485,3.249,2
2026-06-04 04:00:00,3.2445,3.2445,3.244,3.244,3.2495,3.2495,3.249,3.249,2
2026-06-04 04:01:00,3.2445,3.2445,3.244,3.244,3.2495,3.2495,3.249,3.249,2
2026-06-04 04:02:00,3.2435,3.2445,3.2435,3.244,3.2485,3.2495,3.2485,3.249,3
2026-06-04 04:03:00,3.2445,3.2445,3.2445,3.2445,3.2495,3.2495,3.2495,3.2495,1
2026-06-04 04:04:00,3.2435,3.2445,3.2435,3.244,3.2485,3.2495,3.2485,3.249,5
2026-06-04 04:05:00,3.2445,3.2445,3.244,3.244,3.2495,3.2495,3.249,3.249,4
2026-06-04 04:06:00,3.2435,3.2445,3.2435,3.2445,3.2485,3.2495,3.2485,3.2495,2
2026-06-04 04:07:00,3.2435,3.2445,3.2435,3.244,3.2485,3.2495,3.2485,3.249,4
2026-06-04 04:12:00,3.2445,3.2455,3.2445,3.2445,3.2495,3.2505,3.2495,3.2495,4
2026-06-04 04:13:00,3.2455,3.246,3.2455,3.2455,3.2505,3.251,3.2505,3.2505,3
2026-06-04 04:15:00,3.246,3.2465,3.246,3.2465,3.251,3.2515,3.251,3.2515,2
2026-06-04 04:16:00,3.2475,3.2495,3.2475,3.2475,3.2525,3.2545,3.2525,3.2525,9
2026-06-04 04:17:00,3.2485,3.2485,3.2485,3.2485,3.2535,3.2535,3.2535,3.2535,1
2026-06-04 04:18:00,3.248,3.2485,3.248,3.248,3.253,3.2535,3.253,3.253,3
2026-06-04 04:19:00,3.2485,3.2485,3.248,3.248,3.2535,3.2535,3.253,3.253,2
2026-06-04 04:20:00,3.2485,3.2485,3.2475,3.2475,3.2535,3.2535,3.2525,3.2525,2
2026-06-04 04:21:00,3.2465,3.2475,3.2465,3.2475,3.2515,3.2525,3.2515,3.2525,2
2026-06-04 04:22:00,3.247,3.247,3.247,3.247,3.252,3.252,3.252,3.252,1
2026-06-04 04:23:00,3.2475,3.2475,3.2475,3.2475,3.2525,3.2525,3.2525,3.2525,1
2026-06-04 04:25:00,3.247,3.247,3.2465,3.2465,3.252,3.252,3.2515,3.2515,2
2026-06-04 04:26:00,3.247,3.247,3.247,3.247,3.252,3.252,3.252,3.252,1
2026-06-04 04:29:00,3.2475,3.2475,3.2475,3.2475,3.2525,3.2525,3.2525,3.2525,1
2026-06-04 04:30:00,3.248,3.2485,3.2475,3.2485,3.253,3.2535,3.2525,3.2535,4
2026-06-04 04:32:00,3.2495,3.2495,3.2475,3.2475,3.2545,3.2545,3.2525,3.2525,3
2026-06-04 04:33:00,3.248,3.248,3.248,3.248,3.253,3.253,3.253,3.253,1
2026-06-04 04:35:00,3.2485,3.2485,3.248,3.248,3.2535,3.2535,3.253,3.253,2
2026-06-04 04:40:00,3.2475,3.2475,3.2475,3.2475,3.2525,3.2525,3.2525,3.2525,1
2026-06-04 04:42:00,3.248,3.248,3.248,3.248,3.253,3.253,3.253,3.253,1
2026-06-04 04:44:00,3.2485,3.2485,3.2485,3.2485,3.2535,3.2535,3.2535,3.2535,1
2026-06-04 04:45:00,3.248,3.248,3.248,3.248,3.253,3.253,3.253,3.253,1
2026-06-04 04:53:00,3.247,3.247,3.2465,3.2465,3.252,3.252,3.2515,3.2515,2
2026-06-04 04:54:00,3.248,3.248,3.2455,3.2455,3.253,3.253,3.2505,3.2505,3
2026-06-04 04:56:00,3.2445,3.2445,3.2445,3.2445,3.2495,3.2495,3.2495,3.2495,1
2026-06-04 04:57:00,3.244,3.2445,3.2435,3.2435,3.249,3.2495,3.2485,3.2485,4
2026-06-04 04:58:00,3.2445,3.2445,3.244,3.244,3.2495,3.2495,3.249,3.249,2
2026-06-04 04:59:00,3.2445,3.2445,3.2435,3.2445,3.2495,3.2495,3.2485,3.2495,3
2026-06-04 05:01:00,3.245,3.2455,3.245,3.2455,3.25,3.2505,3.25,3.2505,2
2026-06-04 05:02:00,3.245,3.2455,3.245,3.2455,3.25,3.2505,3.25,3.2505,6
2026-06-04 05:03:00,3.245,3.2455,3.245,3.2455,3.25,3.2505,3.25,3.2505,2
2026-06-04 05:06:00,3.246,3.246,3.246,3.246,3.251,3.251,3.251,3.251,1
2026-06-04 05:08:00,3.2455,3.246,3.2455,3.246,3.2505,3.251,3.2505,3.251,2
2026-06-04 05:09:00,3.2465,3.2465,3.2465,3.2465,3.2515,3.2515,3.2515,3.2515,1
2026-06-04 05:12:00,3.2455,3.2455,3.2445,3.2455,3.2505,3.2505,3.2495,3.2505,5
2026-06-04 05:13:00,3.245,3.245,3.245,3.245,3.25,3.25,3.25,3.25,1
2026-06-04 05:15:00,3.2455,3.2455,3.2445,3.2445,3.2505,3.2505,3.2495,3.2495,2
2026-06-04 05:17:00,3.245,3.245,3.2445,3.2445,3.25,3.25,3.2495,3.2495,2
2026-06-04 05:19:00,3.2435,3.2435,3.2435,3.2435,3.2485,3.2485,3.2485,3.2485,1
2026-06-04 05:20:00,3.2425,3.2425,3.2405,3.2405,3.2475,3.2475,3.2455,3.2455,6
2026-06-04 05:21:00,3.24,3.24,3.238,3.2385,3.245,3.245,3.243,3.2435,5
2026-06-04 05:22:00,3.2375,3.2385,3.2375,3.238,3.2425,3.2435,3.2425,3.243,3
2026-06-04 05:23:00,3.2375,3.2375,3.2375,3.2375,3.2425,3.2425,3.2425,3.2425,1
2026-06-04 05:24:00,3.2365,3.237,3.2345,3.2355,3.2415,3.242,3.2395,3.2405,10
2026-06-04 05:25:00,3.236,3.2365,3.235,3.235,3.241,3.2415,3.24,3.24,8
2026-06-04 05:26:00,3.2355,3.238,3.2355,3.2375,3.2405,3.243,3.2405,3.2425,10
2026-06-04 05:27:00,3.238,3.238,3.2365,3.2375,3.243,3.243,3.2415,3.2425,5
2026-06-04 05:28:00,3.238,3.2385,3.238,3.2385,3.243,3.2435,3.243,3.2435,2
2026-06-04 05:29:00,3.239,3.24,3.239,3.24,3.244,3.245,3.244,3.245,6
2026-06-04 05:30:00,3.2405,3.2405,3.2385,3.2385,3.2455,3.2455,3.2435,3.2435,7
2026-06-04 05:31:00,3.2375,3.2375,3.2365,3.2365,3.2425,3.2425,3.2415,3.2415,5
2026-06-04 05:32:00,3.237,3.237,3.237,3.237,3.242,3.242,3.242,3.242,1
2026-06-04 05:33:00,3.2375,3.2385,3.2375,3.238,3.2425,3.2435,3.2425,3.243,5
2026-06-04 05:34:00,3.2375,3.2385,3.2375,3.2385,3.2425,3.2435,3.2425,3.2435,3
2026-06-04 05:35:00,3.239,3.239,3.239,3.239,3.244,3.244,3.244,3.244,1
2026-06-04 05:36:00,3.2385,3.239,3.2385,3.239,3.2435,3.244,3.2435,3.244,2
2026-06-04 05:38:00,3.2385,3.2385,3.2385,3.2385,3.2435,3.2435,3.2435,3.2435,1
2026-06-04 05:39:00,3.239,3.2405,3.239,3.2405,3.244,3.2455,3.244,3.2455,3
2026-06-04 05:41:00,3.2415,3.2415,3.2415,3.2415,3.2465,3.2465,3.2465,3.2465,1
2026-06-04 05:42:00,3.2425,3.2425,3.2415,3.242,3.2475,3.2475,3.2465,3.247,3
2026-06-04 05:44:00,3.2415,3.2475,3.2415,3.247,3.2465,3.2525,3.2465,3.252,15
2026-06-04 05:45:00,3.2475,3.2475,3.2475,3.2475,3.2525,3.2525,3.2525,3.2525,1
2026-06-04 05:46:00,3.248,3.2495,3.2475,3.2485,3.253,3.2545,3.2525,3.2535,8
2026-06-04 05:47:00,3.248,3.248,3.247,3.2475,3.253,3.253,3.252,3.2525,4
2026-06-04 05:49:00,3.247,3.2475,3.247,3.2475,3.252,3.2525,3.252,3.2525,2
2026-06-04 05:50:00,3.247,3.247,3.2465,3.2465,3.252,3.252,3.2515,3.2515,4
2026-06-04 05:51:00,3.246,3.246,3.244,3.2445,3.251,3.251,3.249,3.2495,5
2026-06-04 05:52:00,3.2455,3.2455,3.2445,3.2445,3.2505,3.2505,3.2495,3.2495,3
2026-06-04 05:55:00,3.245,3.245,3.2445,3.2445,3.25,3.25,3.2495,3.2495,2
2026-06-04 05:56:00,3.245,3.2455,3.2445,3.2445,3.25,3.2505,3.2495,3.2495,3
2026-06-04 05:59:00,3.2435,3.2445,3.2435,3.2445,3.2485,3.2495,3.2485,3.2495,2
2026-06-04 06:00:00,3.244,3.2445,3.2435,3.2435,3.249,3.2495,3.2485,3.2485,4
2026-06-04 06:02:00,3.2445,3.2445,3.2435,3.2435,3.2495,3.2495,3.2485,3.2485,2
2026-06-04 06:18:00,3.2445,3.2445,3.2415,3.2435,3.2495,3.2495,3.2465,3.2485,6
2026-06-04 06:19:00,3.2425,3.2425,3.2425,3.2425,3.2475,3.2475,3.2475,3.2475,1
2026-06-04 06:21:00,3.2415,3.243,3.2415,3.243,3.2465,3.248,3.2465,3.248,4
2026-06-04 06:22:00,3.2435,3.2445,3.2435,3.2435,3.2485,3.2495,3.2485,3.2485,3
2026-06-04 06:23:00,3.244,3.2445,3.244,3.2445,3.249,3.2495,3.249,3.2495,4
2026-06-04 06:27:00,3.2435,3.2515,3.2435,3.2505,3.2485,3.2565,3.2485,3.2555,15
2026-06-04 06:28:00,3.25,3.2505,3.2495,3.2495,3.255,3.2555,3.2545,3.2545,10
2026-06-04 06:29:00,3.25,3.25,3.25,3.25,3.255,3.255,3.255,3.255,1
2026-06-04 06:30:00,3.2495,3.2515,3.2495,3.2505,3.2545,3.2565,3.2545,3.2555,7
2026-06-04 06:32:00,3.2515,3.2525,3.2505,3.2505,3.2565,3.2575,3.2555,3.2555,9
2026-06-04 06:34:00,3.2495,3.2505,3.2495,3.2505,3.2545,3.2555,3.2545,3.2555,9
2026-06-04 06:35:00,3.25,3.25,3.2495,3.2495,3.255,3.255,3.2545,3.2545,2
2026-06-04 06:38:00,3.2505,3.2505,3.2505,3.2505,3.2555,3.2555,3.2555,3.2555,1
2026-06-04 06:40:00,3.2515,3.2515,3.2515,3.2515,3.2565,3.2565,3.2565,3.2565,1
2026-06-04 06:41:00,3.2505,3.2505,3.2505,3.2505,3.2555,3.2555,3.2555,3.2555,1
2026-06-04 06:44:00,3.2495,3.2495,3.2485,3.2485,3.2545,3.2545,3.2535,3.2535,2
2026-06-04 06:45:00,3.2475,3.248,3.2475,3.2475,3.2525,3.253,3.2525,3.2525,9
2026-06-04 06:46:00,3.248,3.2485,3.2465,3.247,3.253,3.2535,3.2515,3.252,6
2026-06-04 06:47:00,3.2475,3.2475,3.2435,3.2435,3.2525,3.2525,3.2485,3.2485,11
2026-06-04 06:48:00,3.2445,3.2445,3.2445,3.2445,3.2495,3.2495,3.2495,3.2495,1
2026-06-04 06:50:00,3.244,3.244,3.2425,3.2425,3.249,3.249,3.2475,3.2475,10
2026-06-04 06:51:00,3.243,3.243,3.2425,3.2425,3.248,3.248,3.2475,3.2475,2
2026-06-04 06:54:00,3.2415,3.2415,3.2415,3.2415,3.2465,3.2465,3.2465,3.2465,1
2026-06-04 06:56:00,3.242,3.242,3.2415,3.2415,3.247,3.247,3.2465,3.2465,2
2026-06-04 06:57:00,3.242,3.242,3.2415,3.2415,3.247,3.247,3.2465,3.2465,2
2026-06-04 06:58:00,3.2405,3.2415,3.2405,3.2415,3.2455,3.2465,3.2455,3.2465,3
2026-06-04 06:59:00,3.2405,3.2415,3.2405,3.2415,3.2455,3.2465,3.2455,3.2465,5
2026-06-04 07:00:00,3.2425,3.2425,3.2415,3.2415,3.2475,3.2475,3.2465,3.2465,3
2026-06-04 07:01:00,3.2405,3.2415,3.2405,3.2415,3.2455,3.2465,3.2455,3.2465,5
2026-06-04 07:03:00,3.2425,3.2425,3.2425,3.2425,3.2475,3.2475,3.2475,3.2475,1
2026-06-04 07:05:00,3.243,3.243,3.2425,3.2425,3.248,3.248,3.2475,3.2475,6
2026-06-04 07:08:00,3.2435,3.2435,3.2435,3.2435,3.2485,3.2485,3.2485,3.2485,1
2026-06-04 07:15:00,3.243,3.2435,3.243,3.2435,3.248,3.2485,3.248,3.2485,2
2026-06-04 07:16:00,3.2445,3.2445,3.2435,3.2435,3.2495,3.2495,3.2485,3.2485,4
2026-06-04 07:20:00,3.243,3.2435,3.243,3.2435,3.248,3.2485,3.248,3.2485,2
2026-06-04 07:21:00,3.243,3.2435,3.2415,3.2415,3.248,3.2485,3.2465,3.2465,7
2026-06-04 07:24:00,3.2425,3.2425,3.242,3.2425,3.2475,3.2475,3.247,3.2475,5
2026-06-04 07:25:00,3.2415,3.242,3.2375,3.2375,3.2465,3.247,3.2425,3.2425,16
2026-06-04 07:26:00,3.238,3.238,3.238,3.238,3.243,3.243,3.243,3.243,1
2026-06-04 07:27:00,3.2385,3.2385,3.238,3.238,3.2435,3.2435,3.243,3.243,2
2026-06-04 07:28:00,3.2385,3.2385,3.238,3.238,3.2435,3.2435,3.243,3.243,2
2026-06-04 07:29:00,3.2385,3.2385,3.237,3.2375,3.2435,3.2435,3.242,3.2425,4
2026-06-04 07:30:00,3.2365,3.2375,3.2365,3.237,3.2415,3.2425,3.2415,3.242,3
2026-06-04 07:31:00,3.2375,3.2375,3.2365,3.237,3.2425,3.2425,3.2415,3.242,3
2026-06-04 07:32:00,3.2365,3.2365,3.233,3.2335,3.2415,3.2415,3.238,3.2385,10
2026-06-04 07:33:00,3.233,3.233,3.2305,3.2305,3.238,3.238,3.2355,3.2355,6
2026-06-04 07:34:00,3.2315,3.2345,3.2315,3.2345,3.2365,3.2395,3.2365,3.2395,5
2026-06-04 07:35:00,3.235,3.2365,3.235,3.2355,3.24,3.2415,3.24,3.2405,4
2026-06-04 07:36:00,3.236,3.236,3.234,3.2345,3.241,3.241,3.239,3.2395,4
2026-06-04 07:37:00,3.235,3.235,3.234,3.2345,3.24,3.24,3.239,3.2395,4
2026-06-04 07:38:00,3.234,3.234,3.234,3.234,3.239,3.239,3.239,3.239,1
2026-06-04 07:39:00,3.2325,3.2325,3.2305,3.2305,3.2375,3.2375,3.2355,3.2355,4
2026-06-04 07:40:00,3.2295,3.2295,3.2275,3.2295,3.2345,3.2345,3.2325,3.2345,8
2026-06-04 07:41:00,3.229,3.229,3.229,3.229,3.234,3.234,3.234,3.234,1
2026-06-04 07:42:00,3.2295,3.2295,3.2285,3.2285,3.2345,3.2345,3.2335,3.2335,3
2026-06-04 07:43:00,3.228,3.228,3.228,3.228,3.233,3.233,3.233,3.233,1
2026-06-04 07:46:00,3.2285,3.2285,3.228,3.2285,3.2335,3.2335,3.233,3.2335,3
2026-06-04 07:47:00,3.2295,3.2295,3.2285,3.2285,3.2345,3.2345,3.2335,3.2335,3
2026-06-04 07:49:00,3.229,3.2295,3.229,3.229,3.234,3.2345,3.234,3.234,3
2026-06-04 07:50:00,3.2285,3.2285,3.2275,3.2275,3.2335,3.2335,3.2325,3.2325,3
2026-06-04 07:51:00,3.2285,3.2285,3.2275,3.228,3.2335,3.2335,3.2325,3.233,5
2026-06-04 07:52:00,3.2285,3.2285,3.227,3.2275,3.2335,3.2335,3.232,3.2325,7
2026-06-04 07:53:00,3.227,3.2275,3.2265,3.2275,3.232,3.2325,3.2315,3.2325,4
2026-06-04 07:54:00,3.228,3.2305,3.228,3.2305,3.233,3.2355,3.233,3.2355,7
2026-06-04 07:55:00,3.23,3.2345,3.2295,3.2335,3.235,3.2395,3.2345,3.2385,15
2026-06-04 07:56:00,3.234,3.2365,3.2335,3.2335,3.239,3.2415,3.2385,3.2385,10
2026-06-04 07:57:00,3.234,3.234,3.2325,3.234,3.239,3.239,3.2375,3.239,13
2026-06-04 07:58:00,3.233,3.233,3.2315,3.2315,3.238,3.238,3.2365,3.2365,5
2026-06-04 08:00:00,3.232,3.2325,3.2315,3.2315,3.237,3.2375,3.2365,3.2365,4
2026-06-04 08:01:00,3.231,3.2315,3.2305,3.2305,3.236,3.2365,3.2355,3.2355,4
2026-06-04 08:02:00,3.2295,3.23,3.2295,3.23,3.2345,3.235,3.2345,3.235,2
2026-06-04 08:03:00,3.2305,3.2325,3.2305,3.2315,3.2355,3.2375,3.2355,3.2365,4
2026-06-04 08:04:00,3.2325,3.2345,3.2325,3.2345,3.2375,3.2395,3.2375,3.2395,18
2026-06-04 08:05:00,3.2335,3.2345,3.2335,3.234,3.2385,3.2395,3.2385,3.239,5
2026-06-04 08:06:00,3.2335,3.2345,3.2335,3.234,3.2385,3.2395,3.2385,3.239,4
2026-06-04 08:07:00,3.2345,3.2345,3.2335,3.2335,3.2395,3.2395,3.2385,3.2385,2
2026-06-04 08:08:00,3.233,3.2345,3.233,3.234,3.238,3.2395,3.238,3.239,5
2026-06-04 08:09:00,3.235,3.2395,3.2345,3.2385,3.24,3.2445,3.2395,3.2435,22
2026-06-04 08:10:00,3.2375,3.2375,3.2335,3.2335,3.2425,3.2425,3.2385,3.2385,11
2026-06-04 08:11:00,3.233,3.2345,3.233,3.2345,3.238,3.2395,3.238,3.2395,5
2026-06-04 08:12:00,3.2335,3.2355,3.2335,3.235,3.2385,3.2405,3.2385,3.24,7
2026-06-04 08:13:00,3.2345,3.2375,3.234,3.2365,3.2395,3.2425,3.239,3.2415,15
2026-06-04 08:14:00,3.2355,3.2365,3.2355,3.2355,3.2405,3.2415,3.2405,3.2405,4
2026-06-04 08:15:00,3.2345,3.2365,3.2345,3.2365,3.2395,3.2415,3.2395,3.2415,5
2026-06-04 08:16:00,3.2375,3.2425,3.2375,3.2405,3.2425,3.2475,3.2425,3.2455,14
2026-06-04 08:17:00,3.2395,3.24,3.239,3.2395,3.2445,3.245,3.244,3.2445,5
2026-06-04 08:18:00,3.239,3.239,3.237,3.2375,3.244,3.244,3.242,3.2425,7
2026-06-04 08:20:00,3.237,3.2375,3.237,3.2375,3.242,3.2425,3.242,3.2425,2
2026-06-04 08:21:00,3.238,3.2395,3.238,3.2395,3.243,3.2445,3.243,3.2445,4
2026-06-04 08:22:00,3.239,3.239,3.2385,3.2385,3.244,3.244,3.2435,3.2435,2
2026-06-04 08:24:00,3.238,3.2385,3.2365,3.2365,3.243,3.2435,3.2415,3.2415,7
2026-06-04 08:25:00,3.2375,3.2385,3.2375,3.2375,3.2425,3.2435,3.2425,3.2425,4
2026-06-04 08:26:00,3.238,3.2385,3.2375,3.2385,3.243,3.2435,3.2425,3.2435,3
2026-06-04 08:27:00,3.238,3.2395,3.237,3.239,3.243,3.2445,3.242,3.244,7
2026-06-04 08:28:00,3.2375,3.2375,3.236,3.236,3.2425,3.2425,3.241,3.241,4
2026-06-04 08:29:00,3.2375,3.2385,3.2375,3.2375,3.2425,3.2435,3.2425,3.2425,4
2026-06-04 08:30:00,3.2365,3.2365,3.236,3.2365,3.2415,3.2415,3.241,3.2415,3
2026-06-04 08:31:00,3.236,3.2365,3.232,3.232,3.241,3.2415,3.237,3.237,13
2026-06-04 08:32:00,3.2325,3.2335,3.2315,3.2315,3.2375,3.2385,3.2365,3.2365,5
2026-06-04 08:33:00,3.231,3.2315,3.2295,3.2295,3.236,3.2365,3.2345,3.2345,5
2026-06-04 08:34:00,3.2305,3.2305,3.23,3.2305,3.2355,3.2355,3.235,3.2355,3
2026-06-04 08:35:00,3.2295,3.2295,3.2285,3.2285,3.2345,3.2345,3.2335,3.2335,5
2026-06-04 08:36:00,3.2275,3.2305,3.2275,3.2295,3.2325,3.2355,3.2325,3.2345,11
2026-06-04 08:37:00,3.23,3.2305,3.2295,3.2305,3.235,3.2355,3.2345,3.2355,4
2026-06-04 08:38:00,3.2315,3.2315,3.2305,3.2315,3.2365,3.2365,3.2355,3.2365,4
2026-06-04 08:39:00,3.231,3.231,3.231,3.231,3.236,3.236,3.236,3.236,1
2026-06-04 08:40:00,3.2305,3.2335,3.2295,3.2335,3.2355,3.2385,3.2345,3.2385,11
2026-06-04 08:41:00,3.233,3.2335,3.233,3.2335,3.238,3.2385,3.238,3.2385,4
2026-06-04 08:42:00,3.233,3.2345,3.233,3.234,3.238,3.2395,3.238,3.239,7
2026-06-04 08:43:00,3.2345,3.2345,3.2325,3.2335,3.2395,3.2395,3.2375,3.2385,7
2026-06-04 08:44:00,3.234,3.2345,3.2335,3.234,3.239,3.2395,3.2385,3.239,7
2026-06-04 08:45:00,3.2345,3.2345,3.2335,3.2335,3.2395,3.2395,3.2385,3.2385,5
2026-06-04 08:46:00,3.233,3.2335,3.233,3.2335,3.238,3.2385,3.238,3.2385,2
2026-06-04 08:47:00,3.233,3.2335,3.233,3.2335,3.238,3.2385,3.238,3.2385,2
2026-06-04 08:48:00,3.2345,3.2345,3.2315,3.2325,3.2395,3.2395,3.2365,3.2375,6
2026-06-04 08:49:00,3.233,3.2335,3.2325,3.2335,3.238,3.2385,3.2375,3.2385,6
2026-06-04 08:50:00,3.2325,3.2335,3.2325,3.233,3.2375,3.2385,3.2375,3.238,5
2026-06-04 08:51:00,3.2315,3.2325,3.2315,3.2325,3.2365,3.2375,3.2365,3.2375,2
2026-06-04 08:52:00,3.233,3.233,3.2325,3.2325,3.238,3.238,3.2375,3.2375,2
2026-06-04 08:53:00,3.232,3.2325,3.2275,3.2285,3.237,3.2375,3.2325,3.2335,12
2026-06-04 08:54:00,3.228,3.2285,3.2275,3.2275,3.233,3.2335,3.2325,3.2325,6
2026-06-04 08:55:00,3.228,3.2285,3.228,3.2285,3.233,3.2335,3.233,3.2335,2
2026-06-04 08:57:00,3.2275,3.2275,3.2275,3.2275,3.2325,3.2325,3.2325,3.2325,1
2026-06-04 08:58:00,3.2285,3.2285,3.228,3.228,3.2335,3.2335,3.233,3.233,2
2026-06-04 08:59:00,3.2285,3.2285,3.2285,3.2285,3.2335,3.2335,3.2335,3.2335,1
2026-06-04 09:00:00,3.228,3.2335,3.2255,3.2325,3.233,3.2385,3.2305,3.2375,37
2026-06-04 09:01:00,3.232,3.232,3.2275,3.229,3.237,3.237,3.2325,3.234,21
2026-06-04 09:02:00,3.2285,3.229,3.2285,3.2285,3.2335,3.234,3.2335,3.2335,3
2026-06-04 09:03:00,3.229,3.229,3.228,3.2285,3.234,3.234,3.233,3.2335,4
2026-06-04 09:04:00,3.228,3.2285,3.2275,3.2285,3.233,3.2335,3.2325,3.2335,10
2026-06-04 09:06:00,3.2275,3.2275,3.2255,3.226,3.2325,3.2325,3.2305,3.231,10
2026-06-04 09:07:00,3.2265,3.2265,3.2255,3.2255,3.2315,3.2315,3.2305,3.2305,4
2026-06-04 09:08:00,3.2245,3.2275,3.2245,3.227,3.2295,3.2325,3.2295,3.232,19
2026-06-04 09:09:00,3.2275,3.2275,3.2265,3.227,3.2325,3.2325,3.2315,3.232,5
2026-06-04 09:10:00,3.2275,3.2275,3.2265,3.2265,3.2325,3.2325,3.2315,3.2315,5
2026-06-04 09:11:00,3.2255,3.2265,3.2255,3.2265,3.2305,3.2315,3.2305,3.2315,4
2026-06-04 09:12:00,3.226,3.2265,3.226,3.226,3.231,3.2315,3.231,3.231,3
2026-06-04 09:13:00,3.2265,3.2265,3.226,3.226,3.2315,3.2315,3.231,3.231,2
2026-06-04 09:14:00,3.2265,3.2285,3.226,3.227,3.2315,3.2335,3.231,3.232,8
2026-06-04 09:15:00,3.2275,3.2275,3.2265,3.227,3.2325,3.2325,3.2315,3.232,6
2026-06-04 09:16:00,3.2265,3.2285,3.2265,3.227,3.2315,3.2335,3.2315,3.232,6
2026-06-04 09:17:00,3.2275,3.2275,3.2265,3.227,3.2325,3.2325,3.2315,3.232,9
2026-06-04 09:18:00,3.2265,3.229,3.2265,3.229,3.2315,3.234,3.2315,3.234,6
2026-06-04 09:19:00,3.2285,3.2285,3.2275,3.2275,3.2335,3.2335,3.2325,3.2325,2
2026-06-04 09:20:00,3.228,3.2295,3.227,3.2275,3.233,3.2345,3.232,3.2325,11
2026-06-04 09:21:00,3.2285,3.2285,3.228,3.2285,3.2335,3.2335,3.233,3.2335,5
2026-06-04 09:22:00,3.2275,3.2285,3.2275,3.228,3.2325,3.2335,3.2325,3.233,6
2026-06-04 09:23:00,3.2275,3.2285,3.2275,3.2285,3.2325,3.2335,3.2325,3.2335,3
2026-06-04 09:24:00,3.228,3.228,3.228,3.228,3.233,3.233,3.233,3.233,1
2026-06-04 09:25:00,3.2285,3.2285,3.2275,3.2275,3.2335,3.2335,3.2325,3.2325,3
2026-06-04 09:26:00,3.227,3.229,3.2265,3.229,3.232,3.234,3.2315,3.234,11
2026-06-04 09:27:00,3.2285,3.229,3.2285,3.229,3.2335,3.234,3.2335,3.234,4
2026-06-04 09:28:00,3.2305,3.2305,3.2265,3.2265,3.2355,3.2355,3.2315,3.2315,8
2026-06-04 09:30:00,3.2255,3.2255,3.2255,3.2255,3.2305,3.2305,3.2305,3.2305,1
2026-06-04 09:31:00,3.226,3.226,3.226,3.226,3.231,3.231,3.231,3.231,1
2026-06-04 09:32:00,3.2265,3.2275,3.2255,3.2275,3.2315,3.2325,3.2305,3.2325,17
2026-06-04 09:33:00,3.2265,3.2275,3.2265,3.2265,3.2315,3.2325,3.2315,3.2315,7
2026-06-04 09:34:00,3.2255,3.2265,3.2255,3.2265,3.2305,3.2315,3.2305,3.2315,4
2026-06-04 09:35:00,3.2255,3.2255,3.2235,3.2245,3.2305,3.2305,3.2285,3.2295,8
2026-06-04 09:36:00,3.224,3.2265,3.2235,3.226,3.229,3.2315,3.2285,3.231,6
2026-06-04 09:37:00,3.227,3.2275,3.2265,3.2265,3.232,3.2325,3.2315,3.2315,5
2026-06-04 09:38:00,3.2255,3.2255,3.2255,3.2255,3.2305,3.2305,3.2305,3.2305,1
2026-06-04 09:39:00,3.226,3.229,3.226,3.2285,3.231,3.234,3.231,3.2335,7
2026-06-04 09:40:00,3.228,3.2285,3.2275,3.2285,3.233,3.2335,3.2325,3.2335,5
2026-06-04 09:41:00,3.228,3.2285,3.2275,3.2285,3.233,3.2335,3.2325,3.2335,8
2026-06-04 09:42:00,3.228,3.228,3.2275,3.2275,3.233,3.233,3.2325,3.2325,2
2026-06-04 09:43:00,3.228,3.2305,3.228,3.2295,3.233,3.2355,3.233,3.2345,9
2026-06-04 09:44:00,3.2305,3.2335,3.2305,3.2325,3.2355,3.2385,3.2355,3.2375,13
2026-06-04 09:45:00,3.232,3.2335,3.232,3.233,3.237,3.2385,3.237,3.238,7
2026-06-04 09:46:00,3.2335,3.2355,3.2335,3.2345,3.2385,3.2405,3.2385,3.2395,8
2026-06-04 09:48:00,3.2335,3.2355,3.2335,3.2345,3.2385,3.2405,3.2385,3.2395,4
2026-06-04 09:51:00,3.234,3.2355,3.2335,3.2345,3.239,3.2405,3.2385,3.2395,7
2026-06-04 09:52:00,3.234,3.234,3.2335,3.2335,3.239,3.239,3.2385,3.2385,2
2026-06-04 09:53:00,3.2325,3.2345,3.2325,3.2345,3.2375,3.2395,3.2375,3.2395,4
2026-06-04 09:54:00,3.234,3.234,3.234,3.234,3.239,3.239,3.239,3.239,1
2026-06-04 09:56:00,3.2335,3.2345,3.2335,3.234,3.2385,3.2395,3.2385,3.239,4
2026-06-04 09:57:00,3.2345,3.2345,3.234,3.234,3.2395,3.2395,3.239,3.239,4
2026-06-04 09:58:00,3.2335,3.2335,3.2325,3.2325,3.2385,3.2385,3.2375,3.2375,3
2026-06-04 09:59:00,3.233,3.233,3.2325,3.2325,3.238,3.238,3.2375,3.2375,4
2026-06-04 10:00:00,3.2335,3.2365,3.2325,3.236,3.2385,3.2415,3.2375,3.241,13
2026-06-04 10:01:00,3.2355,3.2385,3.2355,3.2385,3.2405,3.2435,3.2405,3.2435,5
2026-06-04 10:02:00,3.2395,3.2395,3.2375,3.2375,3.2445,3.2445,3.2425,3.2425,5
2026-06-04 10:03:00,3.238,3.2435,3.238,3.243,3.243,3.2485,3.243,3.248,18
2026-06-04 10:04:00,3.2435,3.2435,3.2405,3.2415,3.2485,3.2485,3.2455,3.2465,12
2026-06-04 10:05:00,3.2405,3.2425,3.2405,3.2415,3.2455,3.2475,3.2455,3.2465,12
2026-06-04 10:06:00,3.241,3.2415,3.241,3.2415,3.246,3.2465,3.246,3.2465,2
2026-06-04 10:07:00,3.2405,3.2415,3.2405,3.2415,3.2455,3.2465,3.2455,3.2465,5
2026-06-04 10:08:00,3.2405,3.2425,3.2385,3.2415,3.2455,3.2475,3.2435,3.2465,19
2026-06-04 10:09:00,3.241,3.244,3.2405,3.2425,3.246,3.249,3.2455,3.2475,12
2026-06-04 10:10:00,3.2415,3.242,3.2395,3.2405,3.2465,3.247,3.2445,3.2455,12
2026-06-04 10:11:00,3.2415,3.2455,3.2415,3.2445,3.2465,3.2505,3.2465,3.2495,8
2026-06-04 10:12:00,3.245,3.2465,3.2445,3.2465,3.25,3.2515,3.2495,3.2515,7
2026-06-04 10:13:00,3.246,3.246,3.2455,3.2455,3.251,3.251,3.2505,3.2505,2
2026-06-04 10:14:00,3.2465,3.2505,3.2465,3.2505,3.2515,3.2555,3.2515,3.2555,20
2026-06-04 10:15:00,3.2515,3.2515,3.2485,3.2495,3.2565,3.2565,3.2535,3.2545,19
2026-06-04 10:16:00,3.2485,3.249,3.247,3.247,3.2535,3.254,3.252,3.252,12
2026-06-04 10:17:00,3.2475,3.2475,3.2445,3.246,3.2525,3.2525,3.2495,3.251,18
2026-06-04 10:18:00,3.2455,3.2465,3.2445,3.2465,3.2505,3.2515,3.2495,3.2515,11
2026-06-04 10:19:00,3.246,3.2465,3.2455,3.2455,3.251,3.2515,3.2505,3.2505,8
2026-06-04 10:20:00,3.245,3.2455,3.2445,3.245,3.25,3.2505,3.2495,3.25,4
2026-06-04 10:21:00,3.2455,3.2465,3.245,3.2455,3.2505,3.2515,3.25,3.2505,4
2026-06-04 10:22:00,3.2445,3.2445,3.2415,3.2415,3.2495,3.2495,3.2465,3.2465,11
2026-06-04 10:23:00,3.2425,3.244,3.2425,3.244,3.2475,3.249,3.2475,3.249,6
2026-06-04 10:24:00,3.2435,3.244,3.2425,3.2435,3.2485,3.249,3.2475,3.2485,9
2026-06-04 10:25:00,3.243,3.2445,3.2425,3.2435,3.248,3.2495,3.2475,3.2485,10
2026-06-04 10:26:00,3.2445,3.2445,3.244,3.2445,3.2495,3.2495,3.249,3.2495,3
2026-06-04 10:27:00,3.245,3.2455,3.245,3.245,3.25,3.2505,3.25,3.25,3
2026-06-04 10:28:00,3.2455,3.2455,3.2445,3.2445,3.2505,3.2505,3.2495,3.2495,3
2026-06-04 10:29:00,3.2435,3.2465,3.242,3.2445,3.2485,3.2515,3.247,3.2495,28
2026-06-04 10:30:00,3.2435,3.2445,3.2415,3.242,3.2485,3.2495,3.2465,3.247,35
2026-06-04 10:31:00,3.2425,3.2465,3.2425,3.2455,3.2475,3.2515,3.2475,3.2505,22
2026-06-04 10:32:00,3.245,3.2455,3.2445,3.245,3.25,3.2505,3.2495,3.25,13
2026-06-04 10:33:00,3.2455,3.2455,3.2435,3.2435,3.2505,3.2505,3.2485,3.2485,4
2026-06-04 10:35:00,3.2445,3.2445,3.2425,3.2435,3.2495,3.2495,3.2475,3.2485,6
2026-06-04 10:36:00,3.2425,3.2435,3.2425,3.2435,3.2475,3.2485,3.2475,3.2485,4
2026-06-04 10:37:00,3.243,3.243,3.243,3.243,3.248,3.248,3.248,3.248,1
2026-06-04 10:38:00,3.2435,3.2435,3.2435,3.2435,3.2485,3.2485,3.2485,3.2485,1
2026-06-04 10:39:00,3.244,3.2445,3.2435,3.2435,3.249,3.2495,3.2485,3.2485,7
2026-06-04 10:40:00,3.2445,3.2455,3.2435,3.2455,3.2495,3.2505,3.2485,3.2505,4
2026-06-04 10:41:00,3.245,3.245,3.2445,3.2445,3.25,3.25,3.2495,3.2495,2
2026-06-04 10:42:00,3.244,3.2445,3.2425,3.2435,3.249,3.2495,3.2475,3.2485,10
2026-06-04 10:43:00,3.244,3.244,3.2435,3.2435,3.249,3.249,3.2485,3.2485,2
2026-06-04 10:44:00,3.243,3.2435,3.2415,3.2415,3.248,3.2485,3.2465,3.2465,6
2026-06-04 10:45:00,3.2405,3.2405,3.2395,3.2395,3.2455,3.2455,3.2445,3.2445,8
2026-06-04 10:46:00,3.2385,3.2415,3.2375,3.2415,3.2435,3.2465,3.2425,3.2465,10
2026-06-04 10:48:00,3.2425,3.2435,3.2425,3.2425,3.2475,3.2485,3.2475,3.2475,7
2026-06-04 10:49:00,3.2435,3.245,3.2435,3.244,3.2485,3.25,3.2485,3.249,5
2026-06-04 10:50:00,3.2445,3.2445,3.2405,3.2415,3.2495,3.2495,3.2455,3.2465,6
2026-06-04 10:51:00,3.241,3.2415,3.241,3.2415,3.246,3.2465,3.246,3.2465,4
2026-06-04 10:52:00,3.2405,3.2405,3.2395,3.2395,3.2455,3.2455,3.2445,3.2445,4
2026-06-04 10:53:00,3.2405,3.2405,3.2395,3.24,3.2455,3.2455,3.2445,3.245,4
2026-06-04 10:54:00,3.2405,3.2405,3.2395,3.2395,3.2455,3.2455,3.2445,3.2445,4
2026-06-04 10:55:00,3.2405,3.241,3.2405,3.2405,3.2455,3.246,3.2455,3.2455,3
2026-06-04 10:56:00,3.2415,3.2415,3.2405,3.241,3.2465,3.2465,3.2455,3.246,4
2026-06-04 10:57:00,3.2415,3.2415,3.2415,3.2415,3.2465,3.2465,3.2465,3.2465,1
2026-06-04 10:58:00,3.241,3.2415,3.2395,3.2415,3.246,3.2465,3.2445,3.2465,13
2026-06-04 10:59:00,3.241,3.2415,3.2405,3.241,3.246,3.2465,3.2455,3.246,12
2026-06-04 11:00:00,3.2415,3.2415,3.2385,3.2385,3.2465,3.2465,3.2435,3.2435,4
2026-06-04 11:01:00,3.2375,3.2375,3.2365,3.2375,3.2425,3.2425,3.2415,3.2425,11
2026-06-04 11:02:00,3.237,3.2395,3.237,3.239,3.242,3.2445,3.242,3.244,5
2026-06-04 11:03:00,3.2395,3.24,3.2395,3.2395,3.2445,3.245,3.2445,3.2445,3
2026-06-04 11:04:00,3.24,3.2455,3.24,3.2435,3.245,3.2505,3.245,3.2485,24
2026-06-04 11:05:00,3.244,3.2445,3.2415,3.2425,3.249,3.2495,3.2465,3.2475,8
2026-06-04 11:06:00,3.243,3.243,3.2425,3.2425,3.248,3.248,3.2475,3.2475,4
2026-06-04 11:07:00,3.2435,3.2435,3.2425,3.2425,3.2485,3.2485,3.2475,3.2475,2
2026-06-04 11:08:00,3.243,3.2495,3.2425,3.2495,3.248,3.2545,3.2475,3.2545,13
2026-06-04 11:11:00,3.25,3.2505,3.2495,3.2495,3.255,3.2555,3.2545,3.2545,8
2026-06-04 11:12:00,3.2505,3.2505,3.2495,3.2505,3.2555,3.2555,3.2545,3.2555,9
2026-06-04 11:13:00,3.2515,3.2545,3.2515,3.2525,3.2565,3.2595,3.2565,3.2575,17
2026-06-04 11:14:00,3.253,3.2555,3.253,3.255,3.258,3.2605,3.258,3.26,13
2026-06-04 11:15:00,3.2545,3.2555,3.2545,3.2555,3.2595,3.2605,3.2595,3.2605,2
2026-06-04 11:16:00,3.2545,3.2545,3.2535,3.2535,3.2595,3.2595,3.2585,3.2585,7
2026-06-04 11:17:00,3.2525,3.2535,3.2525,3.2535,3.2575,3.2585,3.2575,3.2585,6
2026-06-04 11:19:00,3.2525,3.253,3.2525,3.2525,3.2575,3.258,3.2575,3.2575,3
2026-06-04 11:20:00,3.2515,3.2515,3.2515,3.2515,3.2565,3.2565,3.2565,3.2565,1
2026-06-04 11:22:00,3.251,3.2515,3.251,3.2515,3.256,3.2565,3.256,3.2565,2
2026-06-04 11:23:00,3.2525,3.2545,3.2525,3.2535,3.2575,3.2595,3.2575,3.2585,6
2026-06-04 11:24:00,3.2545,3.2545,3.2535,3.2545,3.2595,3.2595,3.2585,3.2595,5
2026-06-04 11:25:00,3.2555,3.258,3.2555,3.2575,3.2605,3.263,3.2605,3.2625,5
2026-06-04 11:26:00,3.2585,3.2585,3.2575,3.2585,3.2635,3.2635,3.2625,3.2635,5
2026-06-04 11:27:00,3.2575,3.2575,3.2565,3.2565,3.2625,3.2625,3.2615,3.2615,5
2026-06-04 11:30:00,3.2575,3.2575,3.2565,3.2565,3.2625,3.2625,3.2615,3.2615,3
2026-06-04 11:31:00,3.2555,3.2565,3.2555,3.2565,3.2605,3.2615,3.2605,3.2615,5
2026-06-04 11:32:00,3.2575,3.2585,3.2555,3.2555,3.2625,3.2635,3.2605,3.2605,8
2026-06-04 11:33:00,3.256,3.2565,3.2555,3.2565,3.261,3.2615,3.2605,3.2615,5
2026-06-04 11:34:00,3.2575,3.2575,3.2575,3.2575,3.2625,3.2625,3.2625,3.2625,1
2026-06-04 11:35:00,3.257,3.257,3.2535,3.2545,3.262,3.262,3.2585,3.2595,9
2026-06-04 11:36:00,3.2555,3.2565,3.2555,3.2565,3.2605,3.2615,3.2605,3.2615,2
2026-06-04 11:37:00,3.256,3.2565,3.2535,3.255,3.261,3.2615,3.2585,3.26,12
2026-06-04 11:38:00,3.2545,3.2555,3.2545,3.2545,3.2595,3.2605,3.2595,3.2595,7
2026-06-04 11:39:00,3.2535,3.2535,3.2515,3.2525,3.2585,3.2585,3.2565,3.2575,14
2026-06-04 11:40:00,3.252,3.2525,3.2515,3.2515,3.257,3.2575,3.2565,3.2565,9
2026-06-04 11:41:00,3.252,3.2525,3.2505,3.2505,3.257,3.2575,3.2555,3.2555,6
2026-06-04 11:42:00,3.251,3.2515,3.2495,3.2515,3.256,3.2565,3.2545,3.2565,9
2026-06-04 11:43:00,3.2505,3.2515,3.2505,3.251,3.2555,3.2565,3.2555,3.256,4
2026-06-04 11:44:00,3.2505,3.2515,3.2505,3.2505,3.2555,3.2565,3.2555,3.2555,5
2026-06-04 11:45:00,3.2495,3.2495,3.2485,3.2485,3.2545,3.2545,3.2535,3.2535,11
2026-06-04 11:46:00,3.2495,3.2495,3.2475,3.2475,3.2545,3.2545,3.2525,3.2525,11
2026-06-04 11:47:00,3.247,3.2475,3.2465,3.2465,3.252,3.2525,3.2515,3.2515,8
2026-06-04 11:48:00,3.2455,3.2475,3.2455,3.2465,3.2505,3.2525,3.2505,3.2515,8
2026-06-04 11:49:00,3.2455,3.2465,3.2445,3.2455,3.2505,3.2515,3.2495,3.2505,7
2026-06-04 11:51:00,3.246,3.246,3.2455,3.2455,3.251,3.251,3.2505,3.2505,4
2026-06-04 11:52:00,3.245,3.2455,3.2425,3.2435,3.25,3.2505,3.2475,3.2485,11
2026-06-04 11:53:00,3.244,3.2465,3.2435,3.2455,3.249,3.2515,3.2485,3.2505,8
2026-06-04 11:54:00,3.2465,3.247,3.2445,3.2455,3.2515,3.252,3.2495,3.2505,12
2026-06-04 11:55:00,3.2465,3.2475,3.2455,3.2465,3.2515,3.2525,3.2505,3.2515,18
2026-06-04 11:56:00,3.247,3.2475,3.2465,3.247,3.252,3.2525,3.2515,3.252,7
2026-06-04 11:57:00,3.2465,3.2475,3.2465,3.247,3.2515,3.2525,3.2515,3.252,9
2026-06-04 11:58:00,3.2475,3.2535,3.247,3.2515,3.2525,3.2585,3.252,3.2565,16
2026-06-04 11:59:00,3.252,3.252,3.2505,3.2505,3.257,3.257,3.2555,3.2555,12
2026-06-04 12:00:00,3.2515,3.2525,3.2505,3.2515,3.2565,3.2575,3.2555,3.2565,13
2026-06-04 12:01:00,3.2525,3.2535,3.2525,3.2525,3.2575,3.2585,3.2575,3.2575,7
2026-06-04 12:02:00,3.2515,3.2535,3.2515,3.2535,3.2565,3.2585,3.2565,3.2585,7
2026-06-04 12:03:00,3.2545,3.2565,3.2545,3.2565,3.2595,3.2615,3.2595,3.2615,6
2026-06-04 12:04:00,3.257,3.2595,3.257,3.2585,3.262,3.2645,3.262,3.2635,13
2026-06-04 12:05:00,3.2575,3.258,3.2555,3.2575,3.2625,3.263,3.2605,3.2625,10
2026-06-04 12:06:00,3.2565,3.2585,3.2565,3.2585,3.2615,3.2635,3.2615,3.2635,7
2026-06-04 12:07:00,3.2595,3.2605,3.2585,3.2605,3.2645,3.2655,3.2635,3.2655,8
2026-06-04 12:08:00,3.261,3.2615,3.2575,3.258,3.266,3.2665,3.2625,3.263,15
2026-06-04 12:09:00,3.2585,3.2595,3.2585,3.2585,3.2635,3.2645,3.2635,3.2635,5
2026-06-04 12:10:00,3.2575,3.2595,3.2565,3.2585,3.2625,3.2645,3.2615,3.2635,10
2026-06-04 12:11:00,3.2595,3.2595,3.2575,3.2585,3.2645,3.2645,3.2625,3.2635,16
2026-06-04 12:12:00,3.259,3.2655,3.259,3.2655,3.264,3.2705,3.264,3.2705,21
2026-06-04 12:13:00,3.2645,3.2675,3.2645,3.2665,3.2695,3.2725,3.2695,3.2715,7
2026-06-04 12:14:00,3.2675,3.2675,3.2635,3.2645,3.2725,3.2725,3.2685,3.2695,13
2026-06-04 12:15:00,3.265,3.2655,3.2645,3.2655,3.27,3.2705,3.2695,3.2705,4
2026-06-04 12:17:00,3.2665,3.2675,3.2665,3.2665,3.2715,3.2725,3.2715,3.2715,8
2026-06-04 12:18:00,3.2675,3.2685,3.2675,3.2675,3.2725,3.2735,3.2725,3.2725,5
2026-06-04 12:20:00,3.2665,3.2685,3.2655,3.2675,3.2715,3.2735,3.2705,3.2725,11
2026-06-04 12:21:00,3.267,3.267,3.2655,3.2665,3.272,3.272,3.2705,3.2715,5
2026-06-04 12:22:00,3.2655,3.2665,3.2655,3.2665,3.2705,3.2715,3.2705,3.2715,2
2026-06-04 12:23:00,3.2655,3.2655,3.2655,3.2655,3.2705,3.2705,3.2705,3.2705,1
2026-06-04 12:24:00,3.2645,3.2645,3.2625,3.2625,3.2695,3.2695,3.2675,3.2675,5
2026-06-04 12:25:00,3.2615,3.2635,3.2605,3.2605,3.2665,3.2685,3.2655,3.2655,7
2026-06-04 12:26:00,3.261,3.2625,3.261,3.261,3.266,3.2675,3.266,3.266,6
2026-06-04 12:27:00,3.2615,3.263,3.2615,3.2615,3.2665,3.268,3.2665,3.2665,12
2026-06-04 12:28:00,3.2625,3.2625,3.2625,3.2625,3.2675,3.2675,3.2675,3.2675,1
2026-06-04 12:30:00,3.2615,3.2625,3.2615,3.2615,3.2665,3.2675,3.2665,3.2665,10
2026-06-04 12:31:00,3.261,3.2625,3.261,3.2625,3.266,3.2675,3.266,3.2675,3
2026-06-04 12:32:00,3.2635,3.2635,3.2615,3.2625,3.2685,3.2685,3.2665,3.2675,10
2026-06-04 12:33:00,3.2615,3.2615,3.2605,3.2615,3.2665,3.2665,3.2655,3.2665,3
2026-06-04 12:34:00,3.261,3.2615,3.2605,3.2605,3.266,3.2665,3.2655,3.2655,14
2026-06-04 12:36:00,3.261,3.2615,3.2575,3.2585,3.266,3.2665,3.2625,3.2635,15
2026-06-04 12:37:00,3.2595,3.2605,3.2595,3.2595,3.2645,3.2655,3.2645,3.2645,6
2026-06-04 12:38:00,3.2605,3.2625,3.2605,3.2615,3.2655,3.2675,3.2655,3.2665,4
2026-06-04 12:39:00,3.2605,3.2605,3.2585,3.2585,3.2655,3.2655,3.2635,3.2635,8
2026-06-04 12:40:00,3.2595,3.2605,3.2585,3.2605,3.2645,3.2655,3.2635,3.2655,5
2026-06-04 12:41:00,3.2615,3.2635,3.2615,3.2635,3.2665,3.2685,3.2665,3.2685,8
2026-06-04 12:42:00,3.264,3.264,3.26,3.2605,3.269,3.269,3.265,3.2655,7
2026-06-04 12:44:00,3.26,3.261,3.2595,3.2595,3.265,3.266,3.2645,3.2645,8
2026-06-04 12:45:00,3.259,3.261,3.259,3.2605,3.264,3.266,3.264,3.2655,5
2026-06-04 12:46:00,3.2595,3.2595,3.2575,3.259,3.2645,3.2645,3.2625,3.264,6
2026-06-04 12:47:00,3.2595,3.2625,3.2595,3.2625,3.2645,3.2675,3.2645,3.2675,6
2026-06-04 12:48:00,3.2615,3.2615,3.2615,3.2615,3.2665,3.2665,3.2665,3.2665,1
2026-06-04 12:49:00,3.2605,3.2625,3.2605,3.2615,3.2655,3.2675,3.2655,3.2665,5
2026-06-04 12:51:00,3.2625,3.2675,3.2615,3.2645,3.2675,3.2725,3.2665,3.2695,28
2026-06-04 12:52:00,3.264,3.2645,3.264,3.2645,3.269,3.2695,3.269,3.2695,4
2026-06-04 12:53:00,3.2655,3.2655,3.2645,3.2645,3.2705,3.2705,3.2695,3.2695,5
2026-06-04 12:54:00,3.2655,3.2665,3.2655,3.2655,3.2705,3.2715,3.2705,3.2705,4
2026-06-04 12:55:00,3.266,3.2675,3.2655,3.2655,3.271,3.2725,3.2705,3.2705,8
2026-06-04 12:56:00,3.265,3.2685,3.265,3.2675,3.27,3.2735,3.27,3.2725,24
2026-06-04 12:57:00,3.268,3.2715,3.2665,3.268,3.273,3.2765,3.2715,3.273,29
2026-06-04 12:58:00,3.2675,3.2815,3.2675,3.2795,3.2725,3.2865,3.2725,3.2845,53
2026-06-04 12:59:00,3.2785,3.2795,3.2775,3.2785,3.2835,3.2845,3.2825,3.2835,28
2026-06-04 13:00:00,3.279,3.2855,3.2765,3.2775,3.284,3.2905,3.2815,3.2825,38
2026-06-04 13:01:00,3.278,3.2825,3.2775,3.2825,3.283,3.2875,3.2825,3.2875,21
2026-06-04 13:02:00,3.2835,3.2885,3.2835,3.2845,3.2885,3.2935,3.2885,3.2895,23
2026-06-04 13:03:00,3.2835,3.2835,3.2815,3.2825,3.2885,3.2885,3.2865,3.2875,16
2026-06-04 13:04:00,3.2815,3.2815,3.268,3.2695,3.2865,3.2865,3.273,3.2745,52
2026-06-04 13:05:00,3.2685,3.2695,3.2645,3.2685,3.2735,3.2745,3.2695,3.2735,24
2026-06-04 13:06:00,3.269,3.269,3.2655,3.2665,3.274,3.274,3.2705,3.2715,11
2026-06-04 13:07:00,3.2655,3.2695,3.2655,3.2685,3.2705,3.2745,3.2705,3.2735,15
2026-06-04 13:08:00,3.2695,3.2695,3.2695,3.2695,3.2745,3.2745,3.2745,3.2745,1
2026-06-04 13:09:00,3.27,3.27,3.2665,3.2675,3.275,3.275,3.2715,3.2725,12
2026-06-04 13:10:00,3.2685,3.2685,3.266,3.2675,3.2735,3.2735,3.271,3.2725,10
2026-06-04 13:11:00,3.2685,3.2695,3.2675,3.269,3.2735,3.2745,3.2725,3.274,11
2026-06-04 13:12:00,3.2695,3.2695,3.2675,3.269,3.2745,3.2745,3.2725,3.274,13
2026-06-04 13:13:00,3.2695,3.2715,3.2695,3.2715,3.2745,3.2765,3.2745,3.2765,11
2026-06-04 13:14:00,3.2705,3.2785,3.2705,3.276,3.2755,3.2835,3.2755,3.281,27
2026-06-04 13:15:00,3.2765,3.2785,3.2745,3.2785,3.2815,3.2835,3.2795,3.2835,16
2026-06-04 13:16:00,3.2795,3.2825,3.2785,3.2785,3.2845,3.2875,3.2835,3.2835,36
2026-06-04 13:17:00,3.2795,3.2815,3.2785,3.2805,3.2845,3.2865,3.2835,3.2855,15
2026-06-04 13:18:00,3.281,3.2825,3.2795,3.2825,3.286,3.2875,3.2845,3.2875,17
2026-06-04 13:19:00,3.2835,3.2855,3.2825,3.2835,3.2885,3.2905,3.2875,3.2885,14
2026-06-04 13:20:00,3.284,3.284,3.2775,3.2785,3.289,3.289,3.2825,3.2835,18
2026-06-04 13:21:00,3.2795,3.2825,3.2775,3.2815,3.2845,3.2875,3.2825,3.2865,23
2026-06-04 13:22:00,3.2805,3.2815,3.2805,3.2815,3.2855,3.2865,3.2855,3.2865,2
2026-06-04 13:23:00,3.2825,3.2825,3.2775,3.2795,3.2875,3.2875,3.2825,3.2845,23
2026-06-04 13:24:00,3.2805,3.2805,3.2675,3.2675,3.2855,3.2855,3.2725,3.2725,41
2026-06-04 13:25:00,3.2685,3.2685,3.2585,3.2585,3.2735,3.2735,3.2635,3.2635,45
2026-06-04 13:26:00,3.259,3.2615,3.2575,3.2585,3.264,3.2665,3.2625,3.2635,39
2026-06-04 13:27:00,3.2595,3.2615,3.2535,3.2605,3.2645,3.2665,3.2585,3.2655,36
2026-06-04 13:28:00,3.2615,3.2655,3.2615,3.2645,3.2665,3.2705,3.2665,3.2695,19
2026-06-04 13:29:00,3.264,3.2675,3.2635,3.2655,3.269,3.2725,3.2685,3.2705,15
2026-06-04 13:30:00,3.265,3.2705,3.2635,3.2695,3.27,3.2755,3.2685,3.2745,26
2026-06-04 13:31:00,3.2705,3.2755,3.2705,3.2735,3.2755,3.2805,3.2755,3.2785,22
2026-06-04 13:32:00,3.274,3.2775,3.2715,3.2725,3.279,3.2825,3.2765,3.2775,41
2026-06-04 13:33:00,3.273,3.2745,3.2725,3.274,3.278,3.2795,3.2775,3.279,15
2026-06-04 13:34:00,3.2735,3.28,3.2735,3.28,3.2785,3.285,3.2785,3.285,21
2026-06-04 13:35:00,3.2795,3.2805,3.2775,3.279,3.2845,3.2855,3.2825,3.284,24
2026-06-04 13:36:00,3.2785,3.2825,3.2775,3.2795,3.2835,3.2875,3.2825,3.2845,25
2026-06-04 13:37:00,3.2785,3.2785,3.273,3.2735,3.2835,3.2835,3.278,3.2785,29
2026-06-04 13:38:00,3.273,3.2735,3.2685,3.2715,3.278,3.2785,3.2735,3.2765,21
2026-06-04 13:39:00,3.2705,3.2705,3.2655,3.2685,3.2755,3.2755,3.2705,3.2735,26
2026-06-04 13:40:00,3.2695,3.2715,3.2675,3.2685,3.2745,3.2765,3.2725,3.2735,21
2026-06-04 13:41:00,3.2675,3.2675,3.2575,3.2625,3.2725,3.2725,3.2625,3.2675,45
2026-06-04 13:42:00,3.263,3.2665,3.263,3.2665,3.268,3.2715,3.268,3.2715,15
2026-06-04 13:43:00,3.2655,3.2715,3.2655,3.2715,3.2705,3.2765,3.2705,3.2765,22
2026-06-04 13:44:00,3.2725,3.2725,3.269,3.2705,3.2775,3.2775,3.274,3.2755,15
2026-06-04 13:45:00,3.2695,3.2735,3.2665,3.2665,3.2745,3.2785,3.2715,3.2715,32
2026-06-04 13:46:00,3.267,3.2715,3.267,3.2705,3.272,3.2765,3.272,3.2755,28
2026-06-04 13:47:00,3.271,3.2715,3.2665,3.2665,3.276,3.2765,3.2715,3.2715,11
2026-06-04 13:48:00,3.2675,3.268,3.2635,3.264,3.2725,3.273,3.2685,3.269,20
2026-06-04 13:49:00,3.2645,3.2665,3.2615,3.2655,3.2695,3.2715,3.2665,3.2705,31
2026-06-04 13:50:00,3.2645,3.267,3.264,3.2655,3.2695,3.272,3.269,3.2705,20
2026-06-04 13:51:00,3.266,3.2685,3.2635,3.2675,3.271,3.2735,3.2685,3.2725,19
2026-06-04 13:52:00,3.268,3.269,3.2625,3.266,3.273,3.274,3.2675,3.271,35
2026-06-04 13:53:00,3.265,3.2715,3.265,3.2695,3.27,3.2765,3.27,3.2745,34
2026-06-04 13:54:00,3.2705,3.2715,3.2705,3.271,3.2755,3.2765,3.2755,3.276,15
2026-06-04 13:55:00,3.2705,3.2735,3.2645,3.2645,3.2755,3.2785,3.2695,3.2695,50
2026-06-04 13:56:00,3.265,3.2685,3.2615,3.2645,3.27,3.2735,3.2665,3.2695,46
2026-06-04 13:57:00,3.264,3.2655,3.2565,3.2645,3.269,3.2705,3.2615,3.2695,70
2026-06-04 13:58:00,3.265,3.2685,3.264,3.2675,3.27,3.2735,3.269,3.2725,51
2026-06-04 13:59:00,3.268,3.268,3.2585,3.2585,3.273,3.273,3.2635,3.2635,41
2026-06-04 14:00:00,3.2575,3.2605,3.2545,3.26,3.2625,3.2655,3.2595,3.265,63
2026-06-04 14:01:00,3.2605,3.2735,3.2605,3.2715,3.2655,3.2785,3.2655,3.2765,75
2026-06-04 14:02:00,3.272,3.2805,3.2715,3.2745,3.277,3.2855,3.2765,3.2795,61
2026-06-04 14:03:00,3.274,3.2765,3.2725,3.2755,3.279,3.2815,3.2775,3.2805,39
2026-06-04 14:04:00,3.2745,3.2795,3.2725,3.2725,3.2795,3.2845,3.2775,3.2775,25
2026-06-04 14:05:00,3.2735,3.2735,3.2685,3.2715,3.2785,3.2785,3.2735,3.2765,34
2026-06-04 14:06:00,3.2725,3.2785,3.2725,3.2735,3.2775,3.2835,3.2775,3.2785,53
2026-06-04 14:07:00,3.274,3.2795,3.2735,3.2765,3.279,3.2845,3.2785,3.2815,30
2026-06-04 14:08:00,3.277,3.2805,3.2755,3.2805,3.282,3.2855,3.2805,3.2855,18
2026-06-04 14:09:00,3.279,3.2845,3.2785,3.2815,3.284,3.2895,3.2835,3.2865,58
2026-06-04 14:10:00,3.2825,3.2825,3.2805,3.282,3.2875,3.2875,3.2855,3.287,23
2026-06-04 14:11:00,3.2825,3.2875,3.2795,3.2865,3.2875,3.2925,3.2845,3.2915,55
2026-06-04 14:12:00,3.287,3.2945,3.2855,3.2925,3.292,3.2995,3.2905,3.2975,78
2026-06-04 14:13:00,3.2935,3.3095,3.2935,3.303,3.2985,3.3145,3.2985,3.308,154
2026-06-04 14:14:00,3.3035,3.3055,3.2935,3.2935,3.3085,3.3105,3.2985,3.2985,112
2026-06-04 14:15:00,3.293,3.3015,3.293,3.3005,3.298,3.3065,3.298,3.3055,52
2026-06-04 14:16:00,3.301,3.303,3.2975,3.2985,3.306,3.308,3.3025,3.3035,39
2026-06-04 14:17:00,3.299,3.2995,3.2965,3.2975,3.304,3.3045,3.3015,3.3025,30
2026-06-04 14:18:00,3.2985,3.2995,3.2955,3.2975,3.3035,3.3045,3.3005,3.3025,32
2026-06-04 14:19:00,3.2985,3.3025,3.2985,3.3025,3.3035,3.3075,3.3035,3.3075,24
2026-06-04 14:20:00,3.3015,3.3035,3.2975,3.2985,3.3065,3.3085,3.3025,3.3035,50
2026-06-04 14:21:00,3.298,3.3005,3.2955,3.2985,3.303,3.3055,3.3005,3.3035,45
2026-06-04 14:22:00,3.2975,3.2995,3.2955,3.2965,3.3025,3.3045,3.3005,3.3015,49
2026-06-04 14:23:00,3.296,3.2965,3.2865,3.2865,3.301,3.3015,3.2915,3.2915,46
2026-06-04 14:24:00,3.287,3.297,3.2865,3.2965,3.292,3.302,3.2915,3.3015,51
2026-06-04 14:25:00,3.2955,3.2975,3.29,3.29,3.3005,3.3025,3.295,3.295,31
2026-06-04 14:26:00,3.2895,3.2925,3.289,3.2915,3.2945,3.2975,3.294,3.2965,26
2026-06-04 14:27:00,3.2925,3.2925,3.2875,3.2885,3.2975,3.2975,3.2925,3.2935,47
2026-06-04 14:28:00,3.288,3.2885,3.2835,3.285,3.293,3.2935,3.2885,3.29,54
2026-06-04 14:29:00,3.2855,3.288,3.284,3.2855,3.2905,3.293,3.289,3.2905,40
2026-06-04 14:30:00,3.286,3.2905,3.286,3.2895,3.291,3.2955,3.291,3.2945,41
2026-06-04 14:31:00,3.2885,3.292,3.287,3.2875,3.2935,3.297,3.292,3.2925,35
2026-06-04 14:32:00,3.287,3.2895,3.2865,3.2885,3.292,3.2945,3.2915,3.2935,26
2026-06-04 14:33:00,3.289,3.2895,3.2855,3.2855,3.294,3.2945,3.2905,3.2905,22
2026-06-04 14:34:00,3.2845,3.2865,3.2845,3.2845,3.2895,3.2915,3.2895,3.2895,21
2026-06-04 14:35:00,3.285,3.2955,3.2845,3.2955,3.29,3.3005,3.2895,3.3005,48
2026-06-04 14:36:00,3.295,3.2955,3.2925,3.2935,3.3,3.3005,3.2975,3.2985,20
2026-06-04 14:37:00,3.2945,3.3025,3.294,3.3025,3.2995,3.3075,3.299,3.3075,24
2026-06-04 14:38:00,3.3035,3.3055,3.3005,3.301,3.3085,3.3105,3.3055,3.306,38
2026-06-04 14:39:00,3.3015,3.303,3.2985,3.2995,3.3065,3.308,3.3035,3.3045,39
2026-06-04 14:40:00,3.3005,3.3015,3.2875,3.2905,3.3055,3.3065,3.2925,3.2955,91
2026-06-04 14:41:00,3.291,3.2975,3.2905,3.2955,3.296,3.3025,3.2955,3.3005,53
2026-06-04 14:42:00,3.2965,3.3005,3.296,3.2985,3.3015,3.3055,3.301,3.3035,26
2026-06-04 14:43:00,3.2975,3.2995,3.2975,3.2995,3.3025,3.3045,3.3025,3.3045,21
2026-06-04 14:44:00,3.3005,3.3005,3.2975,3.3005,3.3055,3.3055,3.3025,3.3055,18
2026-06-04 14:45:00,3.3015,3.314,3.3005,3.309,3.3065,3.319,3.3055,3.314,96
2026-06-04 14:46:00,3.3095,3.3205,3.3095,3.3165,3.3145,3.3255,3.3145,3.3215,81
2026-06-04 14:47:00,3.316,3.3245,3.3145,3.3205,3.321,3.3295,3.3195,3.3255,102
2026-06-04 14:48:00,3.3195,3.3225,3.3175,3.3185,3.3245,3.3275,3.3225,3.3235,59
2026-06-04 14:49:00,3.3165,3.3205,3.3145,3.3205,3.3215,3.3255,3.3195,3.3255,53
2026-06-04 14:50:00,3.3195,3.3225,3.3155,3.3215,3.3245,3.3275,3.3205,3.3265,71
2026-06-04 14:51:00,3.322,3.3235,3.3175,3.318,3.327,3.3285,3.3225,3.323,38
2026-06-04 14:52:00,3.3185,3.3195,3.3165,3.3175,3.3235,3.3245,3.3215,3.3225,37
2026-06-04 14:53:00,3.3185,3.3215,3.3145,3.3175,3.3235,3.3265,3.3195,3.3225,49
2026-06-04 14:54:00,3.3185,3.3185,3.3105,3.313,3.3235,3.3235,3.3155,3.318,45
2026-06-04 14:55:00,3.3135,3.3165,3.312,3.3135,3.3185,3.3215,3.317,3.3185,33
2026-06-04 14:56:00,3.314,3.3165,3.3135,3.3165,3.319,3.3215,3.3185,3.3215,16
2026-06-04 14:57:00,3.317,3.3185,3.3115,3.3115,3.322,3.3235,3.3165,3.3165,43
2026-06-04 14:58:00,3.3125,3.3155,3.3105,3.3125,3.3175,3.3205,3.3155,3.3175,57
2026-06-04 14:59:00,3.3135,3.3145,3.3105,3.3135,3.3185,3.3195,3.3155,3.3185,33
2026-06-04 15:00:00,3.3145,3.3185,3.3025,3.3045,3.3195,3.3235,3.3075,3.3095,108
2026-06-04 15:01:00,3.3055,3.3105,3.3025,3.3055,3.3105,3.3155,3.3075,3.3105,91
2026-06-04 15:02:00,3.3065,3.3085,3.304,3.3055,3.3115,3.3135,3.309,3.3105,72
2026-06-04 15:03:00,3.306,3.3085,3.3025,3.3075,3.311,3.3135,3.3075,3.3125,30
2026-06-04 15:04:00,3.3065,3.3165,3.3065,3.313,3.3115,3.3215,3.3115,3.318,59
2026-06-04 15:05:00,3.3125,3.3135,3.3085,3.3085,3.3175,3.3185,3.3135,3.3135,40
2026-06-04 15:06:00,3.3095,3.3145,3.3085,3.3125,3.3145,3.3195,3.3135,3.3175,58
2026-06-04 15:07:00,3.313,3.313,3.3095,3.3105,3.318,3.318,3.3145,3.3155,22
2026-06-04 15:08:00,3.311,3.311,3.3025,3.3045,3.316,3.316,3.3075,3.3095,58
2026-06-04 15:09:00,3.3055,3.3095,3.2985,3.302,3.3105,3.3145,3.3035,3.307,105
2026-06-04 15:10:00,3.3015,3.3065,3.2995,3.3065,3.3065,3.3115,3.3045,3.3115,55
2026-06-04 15:11:00,3.306,3.3105,3.3055,3.3095,3.311,3.3155,3.3105,3.3145,43
2026-06-04 15:12:00,3.3085,3.309,3.3055,3.3065,3.3135,3.314,3.3105,3.3115,20
2026-06-04 15:13:00,3.3055,3.3075,3.3045,3.3075,3.3105,3.3125,3.3095,3.3125,23
2026-06-04 15:14:00,3.3065,3.312,3.3065,3.3105,3.3115,3.317,3.3115,3.3155,30
2026-06-04 15:15:00,3.3095,3.3235,3.3095,3.3225,3.3145,3.3285,3.3145,3.3275,66
2026-06-04 15:16:00,3.3205,3.3245,3.3195,3.3205,3.3255,3.3295,3.3245,3.3255,53
2026-06-04 15:17:00,3.3215,3.3215,3.3195,3.3195,3.3265,3.3265,3.3245,3.3245,29
2026-06-04 15:18:00,3.3205,3.3235,3.3185,3.3205,3.3255,3.3285,3.3235,3.3255,37
2026-06-04 15:19:00,3.3185,3.321,3.3185,3.3205,3.3235,3.326,3.3235,3.3255,19
2026-06-04 15:20:00,3.3195,3.3205,3.3175,3.3205,3.3245,3.3255,3.3225,3.3255,25
2026-06-04 15:21:00,3.3215,3.3245,3.3215,3.3235,3.3265,3.3295,3.3265,3.3285,65
2026-06-04 15:22:00,3.3245,3.3245,3.3215,3.3225,3.3295,3.3295,3.3265,3.3275,19
2026-06-04 15:23:00,3.3215,3.3225,3.3185,3.32,3.3265,3.3275,3.3235,3.325,41
2026-06-04 15:24:00,3.3205,3.323,3.3195,3.3225,3.3255,3.328,3.3245,3.3275,22
2026-06-04 15:25:00,3.3235,3.3235,3.3195,3.3195,3.3285,3.3285,3.3245,3.3245,34
2026-06-04 15:26:00,3.32,3.3235,3.3185,3.3225,3.325,3.3285,3.3235,3.3275,38
2026-06-04 15:27:00,3.3235,3.3245,3.3195,3.3225,3.3285,3.3295,3.3245,3.3275,45
2026-06-04 15:28:00,3.3215,3.3245,3.3195,3.32,3.3265,3.3295,3.3245,3.325,51
2026-06-04 15:29:00,3.3205,3.3215,3.3185,3.3205,3.3255,3.3265,3.3235,3.3255,39
2026-06-04 15:30:00,3.3195,3.3215,3.3125,3.3125,3.3245,3.3265,3.3175,3.3175,66
2026-06-04 15:31:00,3.3135,3.3205,3.3115,3.3185,3.3185,3.3255,3.3165,3.3235,50
2026-06-04 15:32:00,3.3175,3.3185,3.3145,3.3165,3.3225,3.3235,3.3195,3.3215,16
2026-06-04 15:33:00,3.3155,3.3175,3.3135,3.3155,3.3205,3.3225,3.3185,3.3205,35
2026-06-04 15:34:00,3.3165,3.3305,3.3155,3.3295,3.3215,3.3355,3.3205,3.3345,75
2026-06-04 15:35:00,3.3305,3.3355,3.3255,3.3275,3.3355,3.3405,3.3305,3.3325,99
2026-06-04 15:36:00,3.327,3.3295,3.3225,3.3265,3.332,3.3345,3.3275,3.3315,84
2026-06-04 15:37:00,3.3255,3.3275,3.3245,3.327,3.3305,3.3325,3.3295,3.332,41
2026-06-04 15:38:00,3.3265,3.3265,3.3235,3.3265,3.3315,3.3315,3.3285,3.3315,8
2026-06-04 15:39:00,3.3275,3.3385,3.3265,3.3335,3.3325,3.3435,3.3315,3.3385,81
2026-06-04 15:40:00,3.3325,3.3335,3.3305,3.3325,3.3375,3.3385,3.3355,3.3375,29
2026-06-04 15:41:00,3.3335,3.3345,3.327,3.3335,3.3385,3.3395,3.332,3.3385,70
2026-06-04 15:42:00,3.334,3.3375,3.334,3.3375,3.339,3.3425,3.339,3.3425,18
2026-06-04 15:43:00,3.3365,3.3375,3.3325,3.3375,3.3415,3.3425,3.3375,3.3425,65
2026-06-04 15:44:00,3.3365,3.3395,3.3355,3.338,3.3415,3.3445,3.3405,3.343,49
2026-06-04 15:45:00,3.3385,3.3395,3.3375,3.3375,3.3435,3.3445,3.3425,3.3425,18
2026-06-04 15:46:00,3.3385,3.3465,3.338,3.3455,3.3435,3.3515,3.343,3.3505,50
2026-06-04 15:47:00,3.3445,3.3475,3.3425,3.3455,3.3495,3.3525,3.3475,3.3505,52
2026-06-04 15:48:00,3.345,3.3495,3.3445,3.3475,3.35,3.3545,3.3495,3.3525,29
2026-06-04 15:49:00,3.348,3.3485,3.3455,3.3465,3.353,3.3535,3.3505,3.3515,23
2026-06-04 15:50:00,3.3475,3.3585,3.3455,3.3525,3.3525,3.3635,3.3505,3.3575,70
2026-06-04 15:51:00,3.3535,3.3535,3.3475,3.3485,3.3585,3.3585,3.3525,3.3535,49
2026-06-04 15:52:00,3.3495,3.3505,3.3455,3.3465,3.3545,3.3555,3.3505,3.3515,35
2026-06-04 15:53:00,3.3455,3.3485,3.3435,3.345,3.3505,3.3535,3.3485,3.35,55
2026-06-04 15:54:00,3.3445,3.3455,3.3395,3.3405,3.3495,3.3505,3.3445,3.3455,50
2026-06-04 15:55:00,3.341,3.3445,3.341,3.3435,3.346,3.3495,3.346,3.3485,34
2026-06-04 15:56:00,3.3425,3.3445,3.3405,3.3425,3.3475,3.3495,3.3455,3.3475,34
2026-06-04 15:57:00,3.3435,3.3455,3.3415,3.3455,3.3485,3.3505,3.3465,3.3505,13
2026-06-04 15:58:00,3.3465,3.3465,3.3445,3.3445,3.3515,3.3515,3.3495,3.3495,3
2026-06-04 15:59:00,3.3455,3.3475,3.3455,3.3455,3.3505,3.3525,3.3505,3.3505,18
2026-06-04 16:00:00,3.3465,3.3475,3.3445,3.3455,3.3515,3.3525,3.3495,3.3505,45
2026-06-04 16:01:00,3.3445,3.3465,3.3435,3.3455,3.3495,3.3515,3.3485,3.3505,21
2026-06-04 16:02:00,3.3465,3.3465,3.3425,3.3445,3.3515,3.3515,3.3475,3.3495,24
2026-06-04 16:03:00,3.3435,3.3475,3.3425,3.347,3.3485,3.3525,3.3475,3.352,56
2026-06-04 16:04:00,3.3475,3.3485,3.3465,3.3465,3.3525,3.3535,3.3515,3.3515,34
2026-06-04 16:05:00,3.3475,3.3485,3.3455,3.3455,3.3525,3.3535,3.3505,3.3505,40
2026-06-04 16:06:00,3.3445,3.3465,3.3425,3.3465,3.3495,3.3515,3.3475,3.3505,56
2026-06-04 16:07:00,3.3465,3.3515,3.3455,3.3485,3.3515,3.3565,3.3505,3.3535,26
2026-06-04 16:08:00,3.3495,3.3515,3.3485,3.3495,3.3545,3.3565,3.3535,3.3545,34
2026-06-04 16:09:00,3.349,3.3555,3.3485,3.3545,3.354,3.3605,3.3535,3.3595,24
2026-06-04 16:10:00,3.354,3.3565,3.3505,3.3515,3.359,3.3615,3.3555,3.3565,21
2026-06-04 16:11:00,3.3505,3.3525,3.3485,3.3485,3.3555,3.3575,3.3535,3.3535,27
2026-06-04 16:12:00,3.349,3.3505,3.3465,3.3475,3.354,3.3555,3.3515,3.3525,43
2026-06-04 16:13:00,3.3485,3.3505,3.3485,3.3495,3.3535,3.3555,3.3535,3.3545,36
2026-06-04 16:14:00,3.3505,3.3525,3.3505,3.3505,3.3555,3.3575,3.3555,3.3555,18
2026-06-04 16:15:00,3.3515,3.3535,3.3465,3.3525,3.3565,3.3585,3.3515,3.3575,38
2026-06-04 16:16:00,3.3515,3.3565,3.3505,3.3555,3.3565,3.3615,3.3555,3.3605,19
2026-06-04 16:17:00,3.3545,3.3565,3.3515,3.3555,3.3595,3.3615,3.3565,3.3605,21
2026-06-04 16:18:00,3.3545,3.3575,3.3545,3.3545,3.3595,3.3625,3.3595,3.3595,41
2026-06-04 16:19:00,3.3525,3.3535,3.3445,3.3455,3.3575,3.3585,3.3495,3.3505,102
2026-06-04 16:20:00,3.3465,3.3495,3.3465,3.3485,3.3515,3.3545,3.3515,3.3535,58
2026-06-04 16:21:00,3.3495,3.3515,3.3475,3.3505,3.3545,3.3565,3.3525,3.3555,78
2026-06-04 16:22:00,3.3495,3.3505,3.3485,3.3485,3.3545,3.3555,3.3535,3.3535,34
2026-06-04 16:23:00,3.3495,3.3495,3.3405,3.3435,3.3545,3.3545,3.3455,3.3485,40
2026-06-04 16:24:00,3.344,3.3465,3.3415,3.3445,3.349,3.3515,3.3465,3.3495,41
2026-06-04 16:25:00,3.3455,3.3485,3.3445,3.3475,3.3505,3.3535,3.3495,3.3525,31
2026-06-04 16:26:00,3.3465,3.3515,3.3465,3.3505,3.3515,3.3565,3.3515,3.3555,20
2026-06-04 16:27:00,3.3515,3.3525,3.3505,3.3505,3.3565,3.3575,3.3555,3.3555,24
2026-06-04 16:28:00,3.3485,3.3495,3.3445,3.3465,3.3545,3.3555,3.3495,3.3515,31
2026-06-04 16:29:00,3.347,3.3495,3.3465,3.349,3.352,3.3545,3.3515,3.354,35
2026-06-04 16:30:00,3.3495,3.3685,3.3355,3.337,3.3545,3.3735,3.3405,3.342,338
2026-06-04 16:31:00,3.3365,3.3365,3.315,3.3315,3.3415,3.3415,3.32,3.3365,307
2026-06-04 16:32:00,3.3325,3.3355,3.3235,3.325,3.3375,3.3405,3.3285,3.33,156
2026-06-04 16:33:00,3.3255,3.3295,3.3205,3.3225,3.3305,3.3345,3.3255,3.3275,143
2026-06-04 16:34:00,3.3235,3.3245,3.3155,3.3195,3.3285,3.3295,3.3205,3.3245,99
2026-06-04 16:35:00,3.3185,3.3245,3.3175,3.3195,3.3235,3.3295,3.3225,3.3245,98
2026-06-04 16:36:00,3.3185,3.3205,3.3115,3.3195,3.3235,3.3255,3.3165,3.3245,93
2026-06-04 16:37:00,3.3185,3.3225,3.3155,3.318,3.3235,3.3275,3.3205,3.323,68
2026-06-04 16:38:00,3.3185,3.3245,3.318,3.3235,3.3235,3.3295,3.323,3.3285,49
2026-06-04 16:39:00,3.3225,3.3325,3.3225,3.332,3.3275,3.3375,3.3275,3.337,90
2026-06-04 16:40:00,3.3325,3.3375,3.3295,3.3345,3.3375,3.3425,3.3345,3.3395,72
2026-06-04 16:41:00,3.3335,3.3355,3.3285,3.335,3.3385,3.3405,3.3335,3.34,56
2026-06-04 16:42:00,3.3355,3.3375,3.3345,3.3365,3.3405,3.3425,3.3395,3.3415,34
2026-06-04 16:43:00,3.3375,3.3375,3.3335,3.3355,3.3425,3.3425,3.3385,3.3405,19
2026-06-04 16:44:00,3.3365,3.3375,3.3315,3.3335,3.3415,3.3425,3.3365,3.3385,21
2026-06-04 16:45:00,3.3345,3.3415,3.3335,3.3375,3.3395,3.3465,3.3385,3.3425,55
2026-06-04 16:46:00,3.3365,3.3395,3.3335,3.3385,3.3415,3.3445,3.3385,3.3435,41
2026-06-04 16:47:00,3.3395,3.3405,3.3375,3.3385,3.3445,3.3455,3.3425,3.3435,16
2026-06-04 16:48:00,3.339,3.3405,3.3385,3.3395,3.344,3.3455,3.3435,3.3445,33
2026-06-04 16:49:00,3.3405,3.3505,3.34,3.3495,3.3455,3.3555,3.345,3.3545,36
2026-06-04 16:50:00,3.3485,3.3495,3.3465,3.3495,3.3535,3.3545,3.3515,3.3545,43
2026-06-04 16:51:00,3.3505,3.3515,3.3485,3.3505,3.3555,3.3565,3.3535,3.3555,37
2026-06-04 16:52:00,3.35,3.3535,3.35,3.3505,3.355,3.3585,3.355,3.3555,20
2026-06-04 16:53:00,3.3495,3.3535,3.3485,3.3535,3.3545,3.3585,3.3535,3.3585,23
2026-06-04 16:54:00,3.3525,3.3565,3.3525,3.3555,3.3575,3.3615,3.3575,3.3605,20
2026-06-04 16:55:00,3.3565,3.3635,3.3565,3.3605,3.3615,3.3685,3.3615,3.3655,62
2026-06-04 16:56:00,3.361,3.3755,3.3605,3.375,3.366,3.3805,3.3655,3.38,126
2026-06-04 16:57:00,3.3745,3.3775,3.3685,3.3705,3.3795,3.3825,3.3735,3.3755,76
2026-06-04 16:58:00,3.371,3.3755,3.3705,3.3735,3.376,3.3805,3.3755,3.3785,44
2026-06-04 16:59:00,3.3725,3.3735,3.3665,3.3685,3.3775,3.3785,3.3715,3.3735,38
2026-06-04 17:00:00,3.3675,3.37,3.3665,3.3665,3.3725,3.375,3.3715,3.3715,36
2026-06-04 17:01:00,3.367,3.3715,3.3665,3.3705,3.372,3.3765,3.3715,3.3755,46
2026-06-04 17:02:00,3.3695,3.3705,3.3655,3.367,3.3745,3.3755,3.3705,3.372,66
2026-06-04 17:03:00,3.3665,3.3675,3.3555,3.3575,3.3715,3.3725,3.3605,3.3625,54
2026-06-04 17:04:00,3.3585,3.3615,3.3555,3.3585,3.3635,3.3665,3.3605,3.3635,38
2026-06-04 17:05:00,3.3575,3.3575,3.3555,3.3565,3.3625,3.3625,3.3605,3.3615,25
2026-06-04 17:06:00,3.3575,3.3625,3.3555,3.3605,3.3625,3.3675,3.3605,3.3655,57
2026-06-04 17:07:00,3.36,3.3625,3.3595,3.3625,3.365,3.3675,3.3645,3.3675,10
2026-06-04 17:08:00,3.3635,3.3675,3.3635,3.3655,3.3685,3.3725,3.3685,3.3705,30
2026-06-04 17:09:00,3.3665,3.3685,3.3615,3.3675,3.3715,3.3735,3.3665,3.3725,26
2026-06-04 17:10:00,3.367,3.3695,3.3665,3.3675,3.372,3.3745,3.3715,3.3725,34
2026-06-04 17:11:00,3.3685,3.3705,3.3685,3.37,3.3735,3.3755,3.3735,3.375,44
2026-06-04 17:12:00,3.3705,3.3705,3.3645,3.3665,3.3755,3.3755,3.3695,3.3715,23
2026-06-04 17:13:00,3.3675,3.3675,3.3665,3.3675,3.3725,3.3725,3.3715,3.3725,26
2026-06-04 17:14:00,3.3665,3.3685,3.3665,3.3675,3.3715,3.3735,3.3715,3.3725,22
2026-06-04 17:15:00,3.3685,3.3705,3.3665,3.3665,3.3735,3.3755,3.3715,3.3715,26
2026-06-04 17:16:00,3.3675,3.3695,3.3665,3.369,3.3725,3.3745,3.3715,3.374,51
2026-06-04 17:17:00,3.3685,3.3725,3.3685,3.3695,3.3735,3.3775,3.3735,3.3745,32
2026-06-04 17:18:00,3.37,3.3705,3.3685,3.3705,3.375,3.3755,3.3735,3.3755,20
2026-06-04 17:19:00,3.37,3.3715,3.3685,3.3685,3.375,3.3765,3.3735,3.3735,9
2026-06-04 17:20:00,3.3695,3.3705,3.3685,3.3705,3.3745,3.3755,3.3735,3.3755,13
2026-06-04 17:21:00,3.371,3.372,3.3655,3.3695,3.376,3.377,3.3705,3.3745,50
2026-06-04 17:22:00,3.3705,3.3705,3.3685,3.3685,3.3755,3.3755,3.3735,3.3735,15
2026-06-04 17:23:00,3.3675,3.3695,3.3635,3.3665,3.3725,3.3745,3.3685,3.3715,35
2026-06-04 17:24:00,3.3675,3.3685,3.3665,3.3675,3.3725,3.3735,3.3715,3.3725,27
2026-06-04 17:25:00,3.3665,3.3735,3.3665,3.3735,3.3715,3.3785,3.3715,3.3785,31
2026-06-04 17:26:00,3.3725,3.3755,3.3695,3.37,3.3775,3.3805,3.3745,3.375,64
2026-06-04 17:27:00,3.3695,3.3705,3.3645,3.3655,3.3745,3.3755,3.3695,3.3705,18
2026-06-04 17:28:00,3.3665,3.3675,3.3645,3.3645,3.3715,3.3725,3.3695,3.3695,14
2026-06-04 17:29:00,3.3655,3.3655,3.3575,3.3595,3.3705,3.3705,3.3625,3.3645,53
2026-06-04 17:30:00,3.3605,3.3615,3.3575,3.3595,3.3655,3.3665,3.3625,3.3645,52
2026-06-04 17:31:00,3.359,3.3615,3.3585,3.3615,3.364,3.3665,3.3635,3.3665,25
2026-06-04 17:32:00,3.3625,3.3655,3.3615,3.3655,3.3675,3.3705,3.3665,3.3705,16
2026-06-04 17:33:00,3.3665,3.3695,3.3665,3.3695,3.3715,3.3745,3.3715,3.3745,22
2026-06-04 17:34:00,3.3705,3.3705,3.3625,3.3625,3.3755,3.3755,3.3675,3.3675,24
2026-06-04 17:35:00,3.3635,3.3695,3.3625,3.367,3.3685,3.3745,3.3675,3.372,49
2026-06-04 17:36:00,3.3675,3.3675,3.3655,3.3665,3.3725,3.3725,3.3705,3.3715,19
2026-06-04 17:37:00,3.3675,3.3695,3.3675,3.3685,3.3725,3.3745,3.3725,3.3735,13
2026-06-04 17:38:00,3.368,3.3695,3.3675,3.369,3.373,3.3745,3.3725,3.374,19
2026-06-04 17:39:00,3.3685,3.3725,3.3685,3.3705,3.3735,3.3775,3.3735,3.3755,36
2026-06-04 17:40:00,3.3695,3.3725,3.3695,3.3705,3.3745,3.3775,3.3745,3.3755,38
2026-06-04 17:41:00,3.3695,3.3725,3.3695,3.3725,3.3745,3.3775,3.3745,3.3775,54
2026-06-04 17:42:00,3.3735,3.3755,3.3715,3.3725,3.3785,3.3805,3.3765,3.3775,52
2026-06-04 17:43:00,3.373,3.3755,3.3725,3.3745,3.378,3.3805,3.3775,3.3795,18
2026-06-04 17:44:00,3.3735,3.3775,3.3735,3.3755,3.3785,3.3825,3.3785,3.3805,92
2026-06-04 17:45:00,3.3745,3.3765,3.3725,3.3735,3.3795,3.3815,3.3775,3.3785,20
2026-06-04 17:46:00,3.3725,3.3745,3.3725,3.3735,3.3775,3.3795,3.3775,3.3785,27
2026-06-04 17:47:00,3.3725,3.3735,3.3725,3.3725,3.3775,3.3785,3.3775,3.3775,21
2026-06-04 17:48:00,3.373,3.3735,3.3705,3.3715,3.378,3.3785,3.3755,3.3765,35
2026-06-04 17:49:00,3.3725,3.3735,3.3715,3.3735,3.3775,3.3785,3.3765,3.3785,8
2026-06-04 17:50:00,3.3745,3.3745,3.3715,3.3725,3.3795,3.3795,3.3765,3.3775,17
2026-06-04 17:51:00,3.3735,3.3755,3.3735,3.3755,3.3785,3.3805,3.3785,3.3805,15
2026-06-04 17:52:00,3.3745,3.3745,3.3725,3.3725,3.3795,3.3795,3.3775,3.3775,6
2026-06-04 17:53:00,3.3735,3.3735,3.3725,3.3735,3.3785,3.3785,3.3775,3.3785,15
2026-06-04 17:54:00,3.3725,3.3745,3.3715,3.374,3.3775,3.3795,3.3765,3.379,20
2026-06-04 17:55:00,3.3745,3.3775,3.3745,3.3745,3.3795,3.3825,3.3795,3.3795,30
2026-06-04 17:56:00,3.3755,3.3775,3.3755,3.3775,3.3805,3.3825,3.3805,3.3825,8
2026-06-04 17:57:00,3.3765,3.3765,3.3675,3.3705,3.3815,3.3815,3.3725,3.3755,33
2026-06-04 17:58:00,3.3695,3.3755,3.3695,3.3755,3.3745,3.3805,3.3745,3.3805,33
2026-06-04 17:59:00,3.3765,3.3765,3.3755,3.3755,3.3815,3.3815,3.3805,3.3805,13
2026-06-04 18:00:00,3.3745,3.3745,3.3675,3.3725,3.3795,3.3795,3.3725,3.3775,46
2026-06-04 18:01:00,3.3715,3.3725,3.3605,3.3625,3.3765,3.3775,3.3655,3.3675,60
2026-06-04 18:02:00,3.3635,3.3655,3.3585,3.3625,3.3685,3.3705,3.3635,3.3675,39
2026-06-04 18:03:00,3.3635,3.3635,3.3585,3.3595,3.3685,3.3685,3.3635,3.3645,24
2026-06-04 18:04:00,3.3605,3.3635,3.3585,3.3615,3.3655,3.3685,3.3635,3.3665,28
2026-06-04 18:05:00,3.3625,3.3625,3.3565,3.3575,3.3675,3.3675,3.3615,3.3625,24
2026-06-04 18:06:00,3.3565,3.3585,3.3545,3.3545,3.3615,3.3635,3.3595,3.3595,60
2026-06-04 18:07:00,3.3555,3.3555,3.3455,3.3485,3.3605,3.3605,3.3505,3.3535,52
2026-06-04 18:08:00,3.3495,3.3515,3.348,3.3485,3.3545,3.3565,3.353,3.3535,36
2026-06-04 18:09:00,3.3475,3.3535,3.3475,3.3535,3.3525,3.3585,3.3525,3.3585,30
2026-06-04 18:10:00,3.3525,3.3535,3.3495,3.3495,3.3575,3.3585,3.3545,3.3545,36
2026-06-04 18:11:00,3.3505,3.3525,3.3495,3.3515,3.3555,3.3575,3.3545,3.3565,25
2026-06-04 18:12:00,3.352,3.352,3.3455,3.3455,3.357,3.357,3.3505,3.3505,31
2026-06-04 18:13:00,3.3465,3.3475,3.3435,3.3445,3.3515,3.3525,3.3485,3.3495,49
2026-06-04 18:14:00,3.345,3.345,3.3395,3.3415,3.35,3.35,3.3445,3.3465,41
2026-06-04 18:15:00,3.3425,3.3435,3.3385,3.3425,3.3475,3.3485,3.3435,3.3475,36
2026-06-04 18:16:00,3.3435,3.3475,3.3435,3.346,3.3485,3.3525,3.3485,3.351,34
2026-06-04 18:17:00,3.3465,3.3515,3.3455,3.348,3.3515,3.3565,3.3505,3.353,47
2026-06-04 18:18:00,3.3485,3.35,3.3475,3.3485,3.3535,3.355,3.3525,3.3535,26
2026-06-04 18:19:00,3.3475,3.3495,3.3435,3.3465,3.3525,3.3545,3.3485,3.3515,51
2026-06-04 18:20:00,3.347,3.3495,3.347,3.3495,3.352,3.3545,3.352,3.3545,19
2026-06-04 18:21:00,3.3485,3.353,3.3475,3.3525,3.3535,3.358,3.3525,3.3575,21
2026-06-04 18:22:00,3.3535,3.3565,3.3525,3.3555,3.3585,3.3615,3.3575,3.3605,17
2026-06-04 18:23:00,3.3545,3.3555,3.3455,3.3475,3.3595,3.3605,3.3505,3.3525,58
2026-06-04 18:24:00,3.3465,3.3495,3.3465,3.3495,3.3515,3.3545,3.3515,3.3545,20
2026-06-04 18:25:00,3.349,3.3495,3.3465,3.3485,3.354,3.3545,3.3515,3.3535,24
2026-06-04 18:26:00,3.348,3.3525,3.348,3.3505,3.353,3.3575,3.353,3.3555,14
2026-06-04 18:27:00,3.35,3.3535,3.35,3.3525,3.355,3.3585,3.355,3.3575,18
2026-06-04 18:28:00,3.353,3.3545,3.3525,3.3535,3.358,3.3595,3.3575,3.3585,20
2026-06-04 18:29:00,3.3545,3.3635,3.3545,3.3625,3.3595,3.3685,3.3595,3.3675,77
2026-06-04 18:30:00,3.3635,3.3635,3.3605,3.3605,3.3685,3.3685,3.3655,3.3655,15
2026-06-04 18:31:00,3.3595,3.3615,3.3585,3.3605,3.3645,3.3665,3.3635,3.3655,85
2026-06-04 18:32:00,3.361,3.3615,3.3595,3.3605,3.366,3.3665,3.3645,3.3655,12
2026-06-04 18:33:00,3.361,3.3615,3.3585,3.3595,3.366,3.3665,3.3635,3.3645,72
2026-06-04 18:34:00,3.3605,3.3625,3.3545,3.3565,3.3655,3.3675,3.3595,3.3615,72
2026-06-04 18:35:00,3.3575,3.3615,3.3575,3.3605,3.3625,3.3665,3.3625,3.3655,49
2026-06-04 18:36:00,3.3595,3.3695,3.3595,3.3695,3.3645,3.3745,3.3645,3.3745,84
2026-06-04 18:37:00,3.3685,3.3745,3.3685,3.3715,3.3735,3.3795,3.3735,3.3765,25
2026-06-04 18:38:00,3.3725,3.3725,3.3685,3.3695,3.3775,3.3775,3.3735,3.3745,18
2026-06-04 18:39:00,3.3685,3.3705,3.3685,3.3705,3.3735,3.3755,3.3735,3.3755,3
2026-06-04 18:40:00,3.371,3.3725,3.3705,3.3725,3.376,3.3775,3.3755,3.3775,13
2026-06-04 18:41:00,3.372,3.372,3.3685,3.3685,3.377,3.377,3.3735,3.3735,11
2026-06-04 18:42:00,3.369,3.3705,3.3685,3.3695,3.374,3.3755,3.3735,3.3745,15
2026-06-04 18:43:00,3.37,3.3715,3.3685,3.3695,3.375,3.3765,3.3735,3.3745,39
2026-06-04 18:44:00,3.3705,3.3705,3.3655,3.3655,3.3755,3.3755,3.3705,3.3705,21
2026-06-04 18:45:00,3.3645,3.3655,3.3605,3.3625,3.3695,3.3705,3.3655,3.3675,30
2026-06-04 18:46:00,3.3615,3.3635,3.3615,3.3635,3.3665,3.3685,3.3665,3.3685,9
2026-06-04 18:47:00,3.3645,3.3655,3.3625,3.3635,3.3695,3.3705,3.3675,3.3685,11
2026-06-04 18:48:00,3.3625,3.3645,3.3625,3.3625,3.3675,3.3695,3.3675,3.3675,27
2026-06-04 18:49:00,3.3635,3.3635,3.3585,3.3615,3.3685,3.3685,3.3635,3.3665,36
2026-06-04 18:50:00,3.362,3.3655,3.3615,3.3645,3.367,3.3705,3.3665,3.3695,20
2026-06-04 18:51:00,3.3635,3.3645,3.3615,3.364,3.3685,3.3695,3.3665,3.369,21
2026-06-04 18:52:00,3.3635,3.3645,3.3635,3.3635,3.3685,3.3695,3.3685,3.3685,19
2026-06-04 18:53:00,3.3645,3.3655,3.3625,3.3655,3.3695,3.3705,3.3675,3.3705,13
2026-06-04 18:54:00,3.3665,3.3725,3.3665,3.3725,3.3715,3.3775,3.3715,3.3775,11
2026-06-04 18:55:00,3.3735,3.3745,3.3715,3.3725,3.3785,3.3795,3.3765,3.3775,41
2026-06-04 18:56:00,3.372,3.3755,3.3715,3.3735,3.377,3.3805,3.3765,3.3785,19
2026-06-04 18:57:00,3.374,3.3745,3.3735,3.374,3.379,3.3795,3.3785,3.379,20
2026-06-04 18:58:00,3.3745,3.3755,3.3725,3.3735,3.3795,3.3805,3.3775,3.3785,16
2026-06-04 18:59:00,3.374,3.3745,3.3725,3.3735,3.379,3.3795,3.3775,3.3785,11
2026-06-04 19:00:00,3.3745,3.375,3.3725,3.3735,3.3795,3.38,3.3775,3.3785,18
2026-06-04 19:01:00,3.3745,3.3775,3.3725,3.3735,3.3795,3.3825,3.3775,3.3785,55
2026-06-04 19:02:00,3.3725,3.3725,3.3695,3.3725,3.3775,3.3775,3.3745,3.3775,14
2026-06-04 19:03:00,3.3715,3.3715,3.3685,3.3695,3.3765,3.3765,3.3735,3.3745,19
2026-06-04 19:04:00,3.3705,3.3705,3.3685,3.3695,3.3755,3.3755,3.3735,3.3745,15
2026-06-04 19:05:00,3.3685,3.3715,3.3675,3.3695,3.3735,3.3765,3.3725,3.3745,16
2026-06-04 19:06:00,3.37,3.3705,3.3665,3.3675,3.375,3.3755,3.3715,3.3725,29
2026-06-04 19:07:00,3.3685,3.3705,3.3675,3.3705,3.3735,3.3755,3.3725,3.3755,6
2026-06-04 19:08:00,3.3715,3.3735,3.3715,3.3725,3.3765,3.3785,3.3765,3.3775,6
2026-06-04 19:09:00,3.3715,3.3715,3.3695,3.3695,3.3765,3.3765,3.3745,3.3745,3
2026-06-04 19:10:00,3.3685,3.3695,3.3685,3.3695,3.3735,3.3745,3.3735,3.3745,2
2026-06-04 19:11:00,3.3705,3.3705,3.3665,3.3705,3.3755,3.3755,3.3715,3.3755,20
2026-06-04 19:12:00,3.3695,3.3725,3.3685,3.3725,3.3745,3.3775,3.3735,3.3775,20
2026-06-04 19:13:00,3.3715,3.3725,3.3705,3.3715,3.3765,3.3775,3.3755,3.3765,30
2026-06-04 19:14:00,3.3705,3.3705,3.3705,3.3705,3.3755,3.3755,3.3755,3.3755,1
2026-06-04 19:15:00,3.3695,3.3745,3.3665,3.3675,3.3745,3.3795,3.3715,3.3725,26
2026-06-04 19:16:00,3.368,3.3705,3.368,3.3695,3.373,3.3755,3.373,3.3745,16
2026-06-04 19:17:00,3.3705,3.3705,3.3685,3.3695,3.3755,3.3755,3.3735,3.3745,10
2026-06-04 19:18:00,3.3705,3.3725,3.3705,3.3715,3.3755,3.3775,3.3755,3.3765,6
2026-06-04 19:19:00,3.372,3.3735,3.3705,3.3715,3.377,3.3785,3.3755,3.3765,19
2026-06-04 19:20:00,3.3705,3.3725,3.3705,3.3715,3.3755,3.3775,3.3755,3.3765,4
2026-06-04 19:21:00,3.3725,3.3725,3.3715,3.3715,3.3775,3.3775,3.3765,3.3765,21
2026-06-04 19:22:00,3.3705,3.3715,3.369,3.3695,3.3755,3.3765,3.374,3.3745,8
2026-06-04 19:23:00,3.3685,3.3695,3.3675,3.3695,3.3735,3.3745,3.3725,3.3745,12
2026-06-04 19:24:00,3.3685,3.3685,3.3655,3.3665,3.3735,3.3735,3.3705,3.3715,26
2026-06-04 19:25:00,3.3675,3.3695,3.3675,3.3675,3.3725,3.3745,3.3725,3.3725,16
2026-06-04 19:26:00,3.3665,3.3665,3.3625,3.3635,3.3715,3.3715,3.3675,3.3685,30
2026-06-04 19:27:00,3.3645,3.3655,3.3625,3.3645,3.3695,3.3705,3.3675,3.3695,13
2026-06-04 19:28:00,3.3655,3.3655,3.3635,3.364,3.3705,3.3705,3.3685,3.369,11
2026-06-04 19:29:00,3.3635,3.3665,3.3635,3.3655,3.3685,3.3715,3.3685,3.3705,29
2026-06-04 19:30:00,3.3665,3.3685,3.3645,3.3645,3.3715,3.3735,3.3695,3.3695,25
2026-06-04 19:31:00,3.3655,3.3665,3.3655,3.3655,3.3705,3.3715,3.3705,3.3705,13
2026-06-04 19:32:00,3.3665,3.3685,3.3655,3.3675,3.3715,3.3735,3.3705,3.3725,23
2026-06-04 19:33:00,3.3685,3.3695,3.3645,3.3645,3.3735,3.3745,3.3695,3.3695,32
2026-06-04 19:34:00,3.3635,3.3665,3.3625,3.3665,3.3685,3.3715,3.3675,3.3715,16
2026-06-04 19:35:00,3.3655,3.3675,3.3645,3.3645,3.3705,3.3725,3.3695,3.3695,12
2026-06-04 19:36:00,3.3655,3.3655,3.3585,3.359,3.3705,3.3705,3.3635,3.364,32
2026-06-04 19:37:00,3.3595,3.3625,3.3585,3.3615,3.3645,3.3675,3.3635,3.3665,8
2026-06-04 19:38:00,3.3625,3.3625,3.3585,3.3595,3.3675,3.3675,3.3635,3.3645,30
2026-06-04 19:39:00,3.36,3.3615,3.36,3.3605,3.365,3.3665,3.365,3.3655,10
2026-06-04 19:40:00,3.3615,3.3645,3.3605,3.3635,3.3665,3.3695,3.3655,3.3685,18
2026-06-04 19:41:00,3.364,3.3655,3.3635,3.3655,3.369,3.3705,3.3685,3.3705,21
2026-06-04 19:42:00,3.3665,3.3665,3.3645,3.3655,3.3715,3.3715,3.3695,3.3705,15
2026-06-04 19:43:00,3.366,3.3665,3.3655,3.3665,3.371,3.3715,3.3705,3.3715,11
2026-06-04 19:44:00,3.367,3.3695,3.367,3.3685,3.372,3.3745,3.372,3.3735,32
2026-06-04 19:45:00,3.369,3.3705,3.3685,3.3695,3.374,3.3755,3.3735,3.3745,10
2026-06-04 19:46:00,3.3705,3.3735,3.3695,3.3725,3.3755,3.3785,3.3745,3.3775,29
2026-06-04 19:47:00,3.3735,3.3745,3.3725,3.3735,3.3785,3.3795,3.3775,3.3785,14
2026-06-04 19:48:00,3.3745,3.3745,3.3725,3.3735,3.3795,3.3795,3.3775,3.3785,11
2026-06-04 19:49:00,3.3745,3.3755,3.3735,3.3735,3.3795,3.3805,3.3785,3.3785,7
2026-06-04 19:50:00,3.374,3.3765,3.3725,3.3735,3.379,3.3815,3.3775,3.3785,23
2026-06-04 19:51:00,3.3725,3.3765,3.3725,3.3765,3.3775,3.3815,3.3775,3.3815,10
2026-06-04 19:52:00,3.3775,3.3775,3.3735,3.3735,3.3825,3.3825,3.3785,3.3785,12
2026-06-04 19:53:00,3.3745,3.3745,3.3735,3.3745,3.3795,3.3795,3.3785,3.3795,9
2026-06-04 19:54:00,3.3735,3.3745,3.3665,3.3665,3.3785,3.3795,3.3715,3.3715,31
2026-06-04 19:55:00,3.3675,3.3695,3.3615,3.3635,3.3725,3.3745,3.3665,3.3685,70
2026-06-04 19:56:00,3.3645,3.367,3.3625,3.3655,3.3695,3.372,3.3675,3.3705,19
2026-06-04 19:57:00,3.366,3.3675,3.3655,3.3665,3.371,3.3725,3.3705,3.3715,13
2026-06-04 19:58:00,3.3675,3.3695,3.3675,3.3685,3.3725,3.3745,3.3725,3.3735,16
2026-06-04 19:59:00,3.369,3.3775,3.369,3.3765,3.374,3.3825,3.374,3.3815,44
2026-06-04 20:00:00,3.377,3.3795,3.3755,3.3775,3.382,3.3845,3.3805,3.3825,85
2026-06-04 20:01:00,3.3765,3.3785,3.3735,3.378,3.3815,3.3835,3.3785,3.383,51
2026-06-04 20:02:00,3.3785,3.3785,3.3745,3.3755,3.3835,3.3835,3.3795,3.3805,32
2026-06-04 20:03:00,3.3745,3.3825,3.3745,3.3825,3.3795,3.3875,3.3795,3.3875,44
2026-06-04 20:04:00,3.3855,3.3885,3.3825,3.3855,3.3905,3.3935,3.3875,3.3905,69
2026-06-04 20:05:00,3.3865,3.3875,3.3795,3.3795,3.3915,3.3925,3.3845,3.3845,54
2026-06-04 20:06:00,3.38,3.3825,3.3785,3.3815,3.385,3.3875,3.3835,3.3865,21
2026-06-04 20:07:00,3.3805,3.3825,3.3785,3.3795,3.3855,3.3875,3.3835,3.3845,45
2026-06-04 20:08:00,3.3765,3.3775,3.3715,3.3765,3.3815,3.3825,3.3765,3.3815,46
2026-06-04 20:09:00,3.3755,3.3775,3.3735,3.376,3.3805,3.3825,3.3785,3.381,35
2026-06-04 20:10:00,3.3755,3.3775,3.3735,3.3755,3.3805,3.3825,3.3785,3.3805,26
2026-06-04 20:11:00,3.376,3.3775,3.3755,3.3765,3.381,3.3825,3.3805,3.3815,28
2026-06-04 20:12:00,3.376,3.3765,3.3705,3.371,3.381,3.3815,3.3755,3.376,34
2026-06-04 20:13:00,3.3705,3.3715,3.3665,3.3685,3.3755,3.3765,3.3715,3.3735,40
2026-06-04 20:14:00,3.368,3.3735,3.3675,3.3725,3.373,3.3785,3.3725,3.3775,24
2026-06-04 20:15:00,3.3715,3.3715,3.3685,3.3695,3.3765,3.3765,3.3735,3.3745,27
2026-06-04 20:16:00,3.3705,3.3705,3.3685,3.3695,3.3755,3.3755,3.3735,3.3745,13
2026-06-04 20:17:00,3.369,3.3725,3.3675,3.372,3.374,3.3775,3.3725,3.377,23
2026-06-04 20:18:00,3.3725,3.3735,3.3705,3.3725,3.3775,3.3785,3.3755,3.3775,41
2026-06-04 20:19:00,3.3715,3.3725,3.3695,3.3725,3.3765,3.3775,3.3745,3.3775,20
2026-06-04 20:20:00,3.3715,3.374,3.3655,3.3665,3.3765,3.379,3.3705,3.3715,44
2026-06-04 20:21:00,3.366,3.3675,3.3585,3.359,3.371,3.3725,3.3635,3.364,89
2026-06-04 20:22:00,3.3585,3.3605,3.3535,3.3555,3.3635,3.3655,3.3585,3.3605,66
2026-06-04 20:23:00,3.3565,3.3565,3.3505,3.3535,3.3615,3.3615,3.3555,3.3585,68
2026-06-04 20:24:00,3.3525,3.3535,3.3475,3.3495,3.3575,3.3585,3.3525,3.3545,64
2026-06-04 20:25:00,3.3485,3.3515,3.3445,3.3485,3.3535,3.3565,3.3495,3.3535,81
2026-06-04 20:26:00,3.3475,3.3525,3.3465,3.3505,3.3525,3.3575,3.3515,3.3555,35
2026-06-04 20:27:00,3.3495,3.3525,3.3435,3.351,3.3545,3.3575,3.3485,3.356,85
2026-06-04 20:28:00,3.3515,3.3585,3.3445,3.3485,3.3565,3.3635,3.3495,3.3535,304
2026-06-04 20:29:00,3.3475,3.3505,3.3445,3.3455,3.3525,3.3555,3.3495,3.3505,137
2026-06-04 20:30:00,3.3445,3.3485,3.3405,3.3415,3.3495,3.3535,3.3455,3.3465,78
2026-06-04 20:31:00,3.341,3.3475,3.3345,3.3465,3.346,3.3525,3.3395,3.3515,127
2026-06-04 20:32:00,3.346,3.3505,3.3455,3.3495,3.351,3.3555,3.3505,3.3545,51
2026-06-04 20:33:00,3.3485,3.3495,3.3465,3.3485,3.3535,3.3545,3.3515,3.3535,18
2026-06-04 20:34:00,3.3495,3.3495,3.3425,3.3435,3.3545,3.3545,3.3475,3.3485,25
2026-06-04 20:35:00,3.3445,3.3515,3.3435,3.351,3.3495,3.3565,3.3485,3.356,48
2026-06-04 20:36:00,3.35,3.3525,3.349,3.3525,3.355,3.3575,3.354,3.3575,15
2026-06-04 20:37:00,3.3515,3.3515,3.3485,3.3485,3.3565,3.3565,3.3535,3.3535,18
2026-06-04 20:38:00,3.3475,3.3495,3.3475,3.3485,3.3525,3.3545,3.3525,3.3535,23
2026-06-04 20:39:00,3.348,3.3495,3.3475,3.349,3.353,3.3545,3.3525,3.354,6
2026-06-04 20:40:00,3.3495,3.3515,3.3495,3.3515,3.3545,3.3565,3.3545,3.3565,20
2026-06-04 20:41:00,3.3525,3.356,3.3525,3.3545,3.3575,3.361,3.3575,3.3595,28
2026-06-04 20:42:00,3.3535,3.3535,3.3515,3.3515,3.3585,3.3585,3.3565,3.3565,22
2026-06-04 20:43:00,3.352,3.3545,3.352,3.3545,3.357,3.3595,3.357,3.3595,13
2026-06-04 20:44:00,3.3535,3.3545,3.3505,3.3535,3.3585,3.3595,3.3555,3.3585,22
2026-06-04 20:45:00,3.354,3.3705,3.354,3.3655,3.359,3.3755,3.359,3.3705,100
2026-06-04 20:46:00,3.3645,3.3715,3.3635,3.368,3.3695,3.3765,3.3685,3.373,46
2026-06-04 20:47:00,3.3675,3.3675,3.3645,3.365,3.3725,3.3725,3.3695,3.37,35
2026-06-04 20:48:00,3.3645,3.3705,3.3645,3.3695,3.3695,3.3755,3.3695,3.3745,19
2026-06-04 20:49:00,3.3685,3.3695,3.3685,3.3695,3.3735,3.3745,3.3735,3.3745,14
2026-06-04 20:50:00,3.369,3.3715,3.3685,3.3715,3.374,3.3765,3.3735,3.3765,15
2026-06-04 20:51:00,3.371,3.3725,3.3705,3.3715,3.376,3.3775,3.3755,3.3765,21
2026-06-04 20:52:00,3.3705,3.3745,3.3705,3.3735,3.3755,3.3795,3.3755,3.3785,25
2026-06-04 20:53:00,3.3745,3.3805,3.3735,3.3775,3.3795,3.3855,3.3785,3.3825,67
2026-06-04 20:54:00,3.3765,3.3785,3.3745,3.3755,3.3815,3.3835,3.3795,3.3805,27
2026-06-04 20:55:00,3.3745,3.376,3.3725,3.376,3.3795,3.381,3.3775,3.381,15
2026-06-04 20:56:00,3.3755,3.3815,3.375,3.3815,3.3805,3.3865,3.38,3.3865,22
2026-06-04 20:57:00,3.3805,3.3825,3.3795,3.3815,3.3855,3.3875,3.3845,3.3865,30
2026-06-04 20:58:00,3.3825,3.3835,3.3795,3.3825,3.3875,3.3885,3.3845,3.3875,19
2026-06-04 20:59:00,3.382,3.3855,3.3815,3.3815,3.387,3.3905,3.3865,3.3865,17
2026-06-04 21:00:00,3.382,3.3825,3.3815,3.3825,3.387,3.3875,3.3865,3.3875,8
2026-06-04 21:01:00,3.3835,3.3875,3.3825,3.3845,3.3885,3.3925,3.3875,3.3895,19
2026-06-04 21:02:00,3.3835,3.3845,3.3835,3.3835,3.3885,3.3895,3.3885,3.3885,5
2026-06-04 21:03:00,3.3825,3.3845,3.3825,3.3835,3.3875,3.3895,3.3875,3.3885,9
2026-06-04 21:04:00,3.3845,3.3855,3.3815,3.3845,3.3895,3.3905,3.3865,3.3895,14
2026-06-04 21:05:00,3.3855,3.3855,3.3795,3.3795,3.3905,3.3905,3.3845,3.3845,13
2026-06-04 21:06:00,3.379,3.3805,3.3765,3.3785,3.384,3.3855,3.3815,3.3835,13
2026-06-04 21:07:00,3.3775,3.3785,3.3765,3.3785,3.3825,3.3835,3.3815,3.3835,9
2026-06-04 21:08:00,3.3775,3.3785,3.3765,3.377,3.3825,3.3835,3.3815,3.382,21
2026-06-04 21:09:00,3.3775,3.3775,3.3755,3.3755,3.3825,3.3825,3.3805,3.3805,6
2026-06-04 21:10:00,3.3765,3.3765,3.3735,3.3735,3.3815,3.3815,3.3785,3.3785,26
2026-06-04 21:11:00,3.3745,3.3765,3.3745,3.3755,3.3795,3.3815,3.3795,3.3805,9
2026-06-04 21:12:00,3.375,3.3775,3.375,3.3765,3.38,3.3825,3.38,3.3815,7
2026-06-04 21:13:00,3.3755,3.3775,3.3755,3.3765,3.3805,3.3825,3.3805,3.3815,9
2026-06-04 21:14:00,3.376,3.3775,3.3755,3.3755,3.381,3.3825,3.3805,3.3805,11
2026-06-04 21:15:00,3.3745,3.3755,3.3745,3.375,3.3795,3.3805,3.3795,3.38,7
2026-06-04 21:16:00,3.3755,3.3755,3.3745,3.3755,3.3805,3.3805,3.3795,3.3805,4
2026-06-04 21:17:00,3.3765,3.3775,3.3765,3.3775,3.3815,3.3825,3.3815,3.3825,2
2026-06-04 21:18:00,3.3765,3.3775,3.3765,3.377,3.3815,3.3825,3.3815,3.382,5
2026-06-04 21:19:00,3.3775,3.3785,3.3775,3.3775,3.3825,3.3835,3.3825,3.3825,9
2026-06-04 21:20:00,3.3765,3.3785,3.3765,3.3785,3.3815,3.3835,3.3815,3.3835,7
2026-06-04 21:21:00,3.378,3.3785,3.3775,3.3785,3.383,3.3835,3.3825,3.3835,5
2026-06-04 21:22:00,3.3795,3.3795,3.3785,3.3785,3.3845,3.3845,3.3835,3.3835,10
2026-06-04 21:23:00,3.3795,3.3795,3.3765,3.3775,3.3845,3.3845,3.3815,3.3825,17
2026-06-04 21:24:00,3.377,3.3805,3.377,3.3785,3.382,3.3855,3.382,3.3835,10
2026-06-04 21:25:00,3.3795,3.3795,3.3775,3.3775,3.3845,3.3845,3.3825,3.3825,7
2026-06-04 21:26:00,3.3785,3.3785,3.3745,3.3755,3.3835,3.3835,3.3795,3.3805,17
2026-06-04 21:27:00,3.3765,3.3775,3.3745,3.375,3.3815,3.3825,3.3795,3.38,16
2026-06-04 21:28:00,3.3745,3.375,3.3725,3.3725,3.3795,3.38,3.3775,3.3775,10
2026-06-04 21:29:00,3.372,3.3725,3.3695,3.3695,3.377,3.3775,3.3745,3.3745,21
2026-06-04 21:30:00,3.3705,3.3705,3.3695,3.3705,3.3755,3.3755,3.3745,3.3755,11
2026-06-04 21:31:00,3.37,3.3725,3.37,3.3715,3.375,3.3775,3.375,3.3765,5
2026-06-04 21:32:00,3.3705,3.3715,3.3705,3.3715,3.3755,3.3765,3.3755,3.3765,6
2026-06-04 21:33:00,3.3725,3.3735,3.3725,3.3735,3.3775,3.3785,3.3775,3.3785,2
2026-06-04 21:34:00,3.3745,3.3745,3.3725,3.3725,3.3795,3.3795,3.3775,3.3775,12
2026-06-04 21:35:00,3.3715,3.3715,3.3695,3.3705,3.3765,3.3765,3.3745,3.3755,13
2026-06-04 21:36:00,3.37,3.37,3.3635,3.3635,3.375,3.375,3.3685,3.3685,26
2026-06-04 21:37:00,3.364,3.3675,3.3635,3.3665,3.369,3.3725,3.3685,3.3715,22
2026-06-04 21:38:00,3.3675,3.3675,3.3665,3.367,3.3725,3.3725,3.3715,3.372,8
2026-06-04 21:39:00,3.3675,3.3675,3.3675,3.3675,3.3725,3.3725,3.3725,3.3725,1
2026-06-04 21:40:00,3.3665,3.3675,3.3665,3.3675,3.3715,3.3725,3.3715,3.3725,8
2026-06-04 21:41:00,3.3685,3.3685,3.3685,3.3685,3.3735,3.3735,3.3735,3.3735,1
2026-06-04 21:42:00,3.3695,3.37,3.3685,3.3695,3.3745,3.375,3.3735,3.3745,5
2026-06-04 21:43:00,3.369,3.369,3.3675,3.368,3.374,3.374,3.3725,3.373,8
2026-06-04 21:44:00,3.3685,3.369,3.3675,3.368,3.3735,3.374,3.3725,3.373,7
2026-06-04 21:45:00,3.3675,3.3675,3.3635,3.3645,3.3725,3.3725,3.3685,3.3695,9
2026-06-04 21:46:00,3.365,3.3655,3.3605,3.363,3.37,3.3705,3.3655,3.368,26
2026-06-04 21:47:00,3.3635,3.3635,3.3615,3.3625,3.3685,3.3685,3.3665,3.3675,4
2026-06-04 21:48:00,3.3635,3.3635,3.3625,3.3625,3.3685,3.3685,3.3675,3.3675,2
2026-06-04 21:49:00,3.3635,3.3635,3.3625,3.363,3.3685,3.3685,3.3675,3.368,14
2026-06-04 21:50:00,3.3625,3.3645,3.3625,3.3635,3.3675,3.3695,3.3675,3.3685,10
2026-06-04 21:51:00,3.364,3.3645,3.3635,3.3645,3.369,3.3695,3.3685,3.3695,5
2026-06-04 21:52:00,3.3635,3.3645,3.3635,3.364,3.3685,3.3695,3.3685,3.369,10
2026-06-04 21:53:00,3.3635,3.364,3.3625,3.3625,3.3685,3.369,3.3675,3.3675,4
2026-06-04 21:54:00,3.3615,3.3625,3.3615,3.3625,3.3665,3.3675,3.3665,3.3675,6
2026-06-04 21:55:00,3.3615,3.363,3.3575,3.358,3.3665,3.368,3.3625,3.363,24
2026-06-04 21:56:00,3.3575,3.3575,3.3545,3.357,3.3625,3.3625,3.3595,3.362,25
2026-06-04 21:57:00,3.3565,3.3565,3.3555,3.3565,3.3615,3.3615,3.3605,3.3615,6
2026-06-04 21:58:00,3.356,3.3565,3.3555,3.3565,3.361,3.3615,3.3605,3.3615,7
2026-06-04 21:59:00,3.3575,3.3575,3.3555,3.3555,3.3625,3.3625,3.3605,3.3605,9
2026-06-04 22:00:00,3.355,3.3555,3.3545,3.3555,3.36,3.3605,3.3595,3.3605,7
2026-06-04 22:01:00,3.3545,3.3555,3.3545,3.3555,3.3595,3.3605,3.3595,3.3605,8
2026-06-04 22:02:00,3.355,3.3565,3.355,3.3555,3.36,3.3615,3.36,3.3605,8
2026-06-04 22:03:00,3.3565,3.3565,3.3565,3.3565,3.3615,3.3615,3.3615,3.3615,1
2026-06-04 22:04:00,3.3555,3.3575,3.3555,3.3565,3.3605,3.3625,3.3605,3.3615,7
2026-06-04 22:05:00,3.356,3.3565,3.356,3.3565,3.361,3.3615,3.361,3.3615,2
2026-06-04 22:06:00,3.3575,3.359,3.3565,3.3565,3.3625,3.364,3.3615,3.3615,12
2026-06-04 22:07:00,3.3575,3.3585,3.3565,3.3585,3.3625,3.3635,3.3615,3.3635,11
2026-06-04 22:08:00,3.3595,3.3625,3.3595,3.3625,3.3645,3.3675,3.3645,3.3675,12
2026-06-04 22:09:00,3.363,3.3635,3.3615,3.362,3.368,3.3685,3.3665,3.367,10
2026-06-04 22:10:00,3.3625,3.3645,3.3615,3.3645,3.3675,3.3695,3.3665,3.3695,14
2026-06-04 22:11:00,3.3635,3.3655,3.3635,3.3655,3.3685,3.3705,3.3685,3.3705,14
2026-06-04 22:12:00,3.366,3.3665,3.3625,3.3635,3.371,3.3715,3.3675,3.3685,17
2026-06-04 22:13:00,3.3625,3.3635,3.3595,3.3595,3.3675,3.3685,3.3645,3.3645,13
2026-06-04 22:16:00,3.3605,3.3615,3.3605,3.3615,3.3655,3.3665,3.3655,3.3665,2
2026-06-04 22:18:00,3.362,3.3625,3.3615,3.3615,3.367,3.3675,3.3665,3.3665,3
2026-06-04 22:19:00,3.3605,3.361,3.3595,3.36,3.3655,3.366,3.3645,3.365,5
2026-06-04 22:20:00,3.3595,3.3595,3.3595,3.3595,3.3645,3.3645,3.3645,3.3645,1
2026-06-04 22:21:00,3.3605,3.3605,3.3605,3.3605,3.3655,3.3655,3.3655,3.3655,1
2026-06-04 22:22:00,3.3595,3.3595,3.357,3.3585,3.3645,3.3645,3.362,3.3635,7
2026-06-04 22:23:00,3.359,3.359,3.3585,3.3585,3.364,3.364,3.3635,3.3635,2
2026-06-04 22:25:00,3.3575,3.359,3.3575,3.3585,3.3625,3.364,3.3625,3.3635,5
2026-06-04 22:26:00,3.358,3.358,3.358,3.358,3.363,3.363,3.363,3.363,1
2026-06-04 22:27:00,3.359,3.359,3.3545,3.356,3.364,3.364,3.3595,3.361,13
2026-06-04 22:28:00,3.3565,3.3585,3.356,3.3575,3.3615,3.3635,3.361,3.3625,12
2026-06-04 22:29:00,3.358,3.361,3.3575,3.359,3.363,3.366,3.3625,3.364,25
2026-06-04 22:30:00,3.361,3.365,3.361,3.3635,3.366,3.37,3.366,3.3685,9
2026-06-04 22:31:00,3.363,3.3655,3.3625,3.3655,3.368,3.3705,3.3675,3.3705,9
2026-06-04 22:32:00,3.3645,3.3665,3.3645,3.366,3.3695,3.3715,3.3695,3.371,6
2026-06-04 22:33:00,3.3665,3.3665,3.3665,3.3665,3.3715,3.3715,3.3715,3.3715,1
2026-06-04 22:35:00,3.366,3.3665,3.3655,3.3665,3.371,3.3715,3.3705,3.3715,9
2026-06-04 22:36:00,3.366,3.366,3.366,3.366,3.371,3.371,3.371,3.371,1
2026-06-04 22:37:00,3.3655,3.366,3.3655,3.3655,3.3705,3.371,3.3705,3.3705,3
2026-06-04 22:39:00,3.3665,3.3665,3.3665,3.3665,3.3715,3.3715,3.3715,3.3715,1
2026-06-04 22:41:00,3.366,3.3665,3.366,3.366,3.371,3.3715,3.371,3.371,3
2026-06-04 22:42:00,3.3655,3.3655,3.3655,3.3655,3.3705,3.3705,3.3705,3.3705,1
2026-06-04 22:43:00,3.3665,3.3695,3.3645,3.365,3.3715,3.3745,3.3695,3.37,13
2026-06-04 22:44:00,3.3655,3.3655,3.3625,3.3625,3.3705,3.3705,3.3675,3.3675,15
2026-06-04 22:45:00,3.3635,3.365,3.3635,3.364,3.3685,3.37,3.3685,3.369,8
2026-06-04 22:46:00,3.3635,3.3635,3.3635,3.3635,3.3685,3.3685,3.3685,3.3685,1
2026-06-04 22:47:00,3.364,3.3645,3.364,3.3645,3.369,3.3695,3.369,3.3695,2
2026-06-04 22:50:00,3.3655,3.3655,3.365,3.365,3.3705,3.3705,3.37,3.37,2
2026-06-04 22:51:00,3.3665,3.3665,3.3645,3.365,3.3715,3.3715,3.3695,3.37,11
2026-06-04 22:52:00,3.3655,3.3665,3.3645,3.3655,3.3705,3.3715,3.3695,3.3705,9
2026-06-04 22:53:00,3.3645,3.3655,3.3645,3.3655,3.3695,3.3705,3.3695,3.3705,3
2026-06-04 22:54:00,3.365,3.3665,3.3645,3.3665,3.37,3.3715,3.3695,3.3715,4
2026-06-04 22:55:00,3.3655,3.3725,3.3635,3.3655,3.3705,3.3775,3.3685,3.3705,40
2026-06-04 22:56:00,3.3665,3.367,3.3645,3.3665,3.3715,3.372,3.3695,3.3715,12
2026-06-04 22:57:00,3.367,3.368,3.367,3.3675,3.372,3.373,3.372,3.3725,8
2026-06-04 22:58:00,3.367,3.3695,3.3665,3.368,3.372,3.3745,3.3715,3.373,19
2026-06-04 22:59:00,3.3675,3.3725,3.3675,3.371,3.3725,3.3775,3.3725,3.376,20
2026-06-05 00:00:00,3.37,3.371,3.368,3.3685,3.375,3.376,3.373,3.3735,12
2026-06-05 00:01:00,3.369,3.369,3.3685,3.3685,3.374,3.374,3.3735,3.3735,6
2026-06-05 00:02:00,3.3675,3.368,3.3675,3.3675,3.3725,3.373,3.3725,3.3725,9
2026-06-05 00:03:00,3.368,3.368,3.3675,3.3675,3.373,3.373,3.3725,3.3725,2
2026-06-05 00:04:00,3.367,3.3675,3.367,3.3675,3.372,3.3725,3.372,3.3725,2
2026-06-05 00:05:00,3.368,3.369,3.3675,3.368,3.373,3.374,3.3725,3.373,7
2026-06-05 00:06:00,3.3685,3.3685,3.3685,3.3685,3.3735,3.3735,3.3735,3.3735,1
2026-06-05 00:07:00,3.368,3.368,3.368,3.368,3.373,3.373,3.373,3.373,1
2026-06-05 00:08:00,3.3675,3.368,3.3675,3.368,3.3725,3.373,3.3725,3.373,2
2026-06-05 00:09:00,3.369,3.369,3.3685,3.3685,3.374,3.374,3.3735,3.3735,2
2026-06-05 00:10:00,3.369,3.369,3.369,3.369,3.374,3.374,3.374,3.374,1
2026-06-05 00:11:00,3.37,3.37,3.369,3.37,3.375,3.375,3.374,3.375,4
2026-06-05 00:13:00,3.3705,3.3705,3.3705,3.3705,3.3755,3.3755,3.3755,3.3755,1
2026-06-05 00:14:00,3.37,3.37,3.37,3.37,3.375,3.375,3.375,3.375,1
2026-06-05 00:16:00,3.371,3.371,3.369,3.37,3.376,3.376,3.374,3.375,5
2026-06-05 00:17:00,3.3715,3.3715,3.371,3.371,3.3765,3.3765,3.376,3.376,2
2026-06-05 00:19:00,3.372,3.372,3.37,3.37,3.377,3.377,3.375,3.375,3
2026-06-05 00:21:00,3.369,3.371,3.369,3.371,3.374,3.376,3.374,3.376,3
2026-06-05 00:24:00,3.37,3.37,3.37,3.37,3.375,3.375,3.375,3.375,1
2026-06-05 00:25:00,3.371,3.371,3.371,3.371,3.376,3.376,3.376,3.376,1
2026-06-05 00:32:00,3.37,3.371,3.37,3.371,3.375,3.376,3.375,3.376,2
2026-06-05 00:44:00,3.372,3.3735,3.372,3.373,3.377,3.3785,3.377,3.378,6
2026-06-05 00:45:00,3.3715,3.3715,3.37,3.3705,3.3765,3.3765,3.375,3.3755,5
2026-06-05 00:46:00,3.371,3.371,3.3705,3.371,3.376,3.376,3.3755,3.376,3
2026-06-05 00:48:00,3.37,3.37,3.37,3.37,3.375,3.375,3.375,3.375,1
2026-06-05 00:51:00,3.369,3.369,3.369,3.369,3.374,3.374,3.374,3.374,1
2026-06-05 00:52:00,3.3685,3.3685,3.3685,3.3685,3.3735,3.3735,3.3735,3.3735,1
2026-06-05 00:53:00,3.369,3.3695,3.369,3.369,3.374,3.3745,3.374,3.374,3
2026-06-05 00:55:00,3.3695,3.37,3.3695,3.37,3.3745,3.375,3.3745,3.375,2
2026-06-05 01:00:00,3.371,3.371,3.371,3.371,3.376,3.376,3.376,3.376,1
2026-06-05 01:01:00,3.37,3.37,3.37,3.37,3.375,3.375,3.375,3.375,1
2026-06-05 01:03:00,3.371,3.371,3.371,3.371,3.376,3.376,3.376,3.376,1
2026-06-05 01:07:00,3.37,3.3705,3.37,3.3705,3.375,3.3755,3.375,3.3755,2
2026-06-05 01:08:00,3.371,3.372,3.371,3.372,3.376,3.377,3.376,3.377,2
2026-06-05 01:09:00,3.371,3.371,3.371,3.371,3.376,3.376,3.376,3.376,1
2026-06-05 01:14:00,3.3715,3.3715,3.371,3.371,3.3765,3.3765,3.376,3.376,2
2026-06-05 01:15:00,3.3715,3.3725,3.371,3.3725,3.3765,3.3775,3.376,3.3775,4
2026-06-05 01:16:00,3.3715,3.3715,3.37,3.3715,3.3765,3.3765,3.375,3.3765,6
2026-06-05 01:19:00,3.372,3.372,3.372,3.372,3.377,3.377,3.377,3.377,1
2026-06-05 01:23:00,3.3725,3.373,3.3725,3.373,3.3775,3.378,3.3775,3.378,2
2026-06-05 01:28:00,3.374,3.374,3.373,3.373,3.379,3.379,3.378,3.378,2
2026-06-05 01:36:00,3.3735,3.3735,3.373,3.373,3.3785,3.3785,3.378,3.378,2
2026-06-05 01:37:00,3.372,3.3725,3.372,3.3725,3.377,3.3775,3.377,3.3775,2
2026-06-05 01:38:00,3.373,3.373,3.373,3.373,3.378,3.378,3.378,3.378,1
2026-06-05 01:39:00,3.3735,3.3735,3.3735,3.3735,3.3785,3.3785,3.3785,3.3785,1
2026-06-05 01:42:00,3.374,3.374,3.374,3.374,3.379,3.379,3.379,3.379,1
2026-06-05 01:43:00,3.373,3.373,3.3725,3.3725,3.378,3.378,3.3775,3.3775,2
2026-06-05 01:44:00,3.372,3.3735,3.372,3.3735,3.377,3.3785,3.377,3.3785,3
2026-06-05 01:45:00,3.374,3.374,3.374,3.374,3.379,3.379,3.379,3.379,1
2026-06-05 01:46:00,3.3735,3.374,3.3735,3.374,3.3785,3.379,3.3785,3.379,2
2026-06-05 01:50:00,3.3735,3.374,3.3735,3.374,3.3785,3.379,3.3785,3.379,2
2026-06-05 01:51:00,3.373,3.374,3.373,3.374,3.378,3.379,3.378,3.379,2
2026-06-05 01:52:00,3.3735,3.3735,3.3735,3.3735,3.3785,3.3785,3.3785,3.3785,1
2026-06-05 01:53:00,3.374,3.374,3.374,3.374,3.379,3.379,3.379,3.379,1
2026-06-05 01:57:00,3.375,3.375,3.374,3.3745,3.38,3.38,3.379,3.3795,3
2026-06-05 01:58:00,3.373,3.373,3.37,3.3705,3.378,3.378,3.375,3.3755,8
2026-06-05 01:59:00,3.37,3.3705,3.368,3.3685,3.375,3.3755,3.373,3.3735,12
2026-06-05 02:00:00,3.369,3.3705,3.369,3.3705,3.374,3.3755,3.374,3.3755,15
2026-06-05 02:01:00,3.37,3.3715,3.3695,3.3715,3.375,3.3765,3.3745,3.3765,5
2026-06-05 02:02:00,3.3725,3.374,3.3725,3.3735,3.3775,3.379,3.3775,3.3785,6
2026-06-05 02:03:00,3.373,3.374,3.373,3.373,3.378,3.379,3.378,3.378,7
2026-06-05 02:04:00,3.3735,3.374,3.3735,3.374,3.3785,3.379,3.3785,3.379,2
2026-06-05 02:06:00,3.373,3.374,3.372,3.3725,3.378,3.379,3.377,3.3775,12
2026-06-05 02:07:00,3.373,3.373,3.3715,3.3715,3.378,3.378,3.3765,3.3765,7
2026-06-05 02:08:00,3.371,3.371,3.3695,3.3695,3.376,3.376,3.3745,3.3745,3
2026-06-05 02:09:00,3.371,3.371,3.3705,3.371,3.376,3.376,3.3755,3.376,3
2026-06-05 02:10:00,3.3705,3.3705,3.369,3.3695,3.3755,3.3755,3.374,3.3745,5
2026-06-05 02:11:00,3.37,3.371,3.37,3.3705,3.375,3.376,3.375,3.3755,5
2026-06-05 02:12:00,3.371,3.3725,3.371,3.3725,3.376,3.3775,3.376,3.3775,3
2026-06-05 02:13:00,3.372,3.372,3.371,3.3715,3.377,3.377,3.376,3.3765,7
2026-06-05 02:15:00,3.372,3.3725,3.372,3.3725,3.377,3.3775,3.377,3.3775,4
2026-06-05 02:16:00,3.372,3.373,3.372,3.3725,3.377,3.378,3.377,3.3775,3
2026-06-05 02:17:00,3.372,3.373,3.371,3.371,3.377,3.378,3.376,3.376,5
2026-06-05 02:18:00,3.3715,3.372,3.3715,3.372,3.3765,3.377,3.3765,3.377,2
2026-06-05 02:19:00,3.3725,3.373,3.3715,3.372,3.3775,3.378,3.3765,3.377,7
2026-06-05 02:20:00,3.3725,3.373,3.3725,3.373,3.3775,3.378,3.3775,3.378,2
2026-06-05 02:22:00,3.372,3.372,3.3715,3.372,3.377,3.377,3.3765,3.377,3
2026-06-05 02:25:00,3.3725,3.3725,3.3725,3.3725,3.3775,3.3775,3.3775,3.3775,1
2026-06-05 02:26:00,3.372,3.372,3.37,3.371,3.377,3.377,3.375,3.376,6
2026-06-05 02:27:00,3.3705,3.3705,3.37,3.37,3.3755,3.3755,3.375,3.375,2
2026-06-05 02:28:00,3.3705,3.371,3.37,3.3705,3.3755,3.376,3.375,3.3755,6
2026-06-05 02:29:00,3.371,3.372,3.371,3.371,3.376,3.377,3.376,3.376,3
2026-06-05 02:30:00,3.3705,3.3705,3.369,3.369,3.3755,3.3755,3.374,3.374,3
2026-06-05 02:31:00,3.37,3.37,3.367,3.367,3.375,3.375,3.372,3.372,7
2026-06-05 02:32:00,3.3665,3.367,3.3665,3.3665,3.3715,3.372,3.3715,3.3715,3
2026-06-05 02:33:00,3.365,3.365,3.364,3.365,3.37,3.37,3.369,3.37,4
2026-06-05 02:35:00,3.366,3.3665,3.366,3.366,3.371,3.3715,3.371,3.371,3
2026-06-05 02:36:00,3.367,3.367,3.367,3.367,3.372,3.372,3.372,3.372,1
2026-06-05 02:40:00,3.368,3.368,3.366,3.3665,3.373,3.373,3.371,3.3715,7
2026-06-05 02:42:00,3.367,3.367,3.366,3.366,3.372,3.372,3.371,3.371,3
2026-06-05 02:43:00,3.3655,3.366,3.3655,3.3655,3.3705,3.371,3.3705,3.3705,3
2026-06-05 02:44:00,3.366,3.366,3.3655,3.3655,3.371,3.371,3.3705,3.3705,4
2026-06-05 02:46:00,3.3645,3.365,3.3645,3.365,3.3695,3.37,3.3695,3.37,2
2026-06-05 02:47:00,3.366,3.366,3.365,3.365,3.371,3.371,3.37,3.37,2
2026-06-05 02:48:00,3.3645,3.3645,3.3645,3.3645,3.3695,3.3695,3.3695,3.3695,1
2026-06-05 02:49:00,3.364,3.364,3.363,3.3635,3.369,3.369,3.368,3.3685,10
2026-06-05 02:51:00,3.362,3.362,3.3615,3.3615,3.367,3.367,3.3665,3.3665,4
2026-06-05 02:52:00,3.362,3.363,3.362,3.362,3.367,3.368,3.367,3.367,5
2026-06-05 02:53:00,3.3615,3.362,3.3615,3.362,3.3665,3.367,3.3665,3.367,4
2026-06-05 02:55:00,3.361,3.361,3.358,3.36,3.366,3.366,3.363,3.365,11
2026-06-05 02:56:00,3.3595,3.36,3.3595,3.3595,3.3645,3.365,3.3645,3.3645,3
2026-06-05 02:57:00,3.36,3.36,3.36,3.36,3.365,3.365,3.365,3.365,1
2026-06-05 02:59:00,3.359,3.359,3.358,3.359,3.364,3.364,3.363,3.364,3
2026-06-05 03:00:00,3.358,3.361,3.358,3.3605,3.363,3.366,3.363,3.3655,9
2026-06-05 03:01:00,3.361,3.361,3.36,3.36,3.366,3.366,3.365,3.365,3
2026-06-05 03:03:00,3.3605,3.361,3.3605,3.3605,3.3655,3.366,3.3655,3.3655,3
2026-06-05 03:04:00,3.3595,3.3595,3.359,3.359,3.3645,3.3645,3.364,3.364,2
2026-06-05 03:05:00,3.36,3.36,3.3595,3.3595,3.365,3.365,3.3645,3.3645,2
2026-06-05 03:06:00,3.359,3.359,3.3585,3.3585,3.364,3.364,3.3635,3.3635,2
2026-06-05 03:07:00,3.359,3.3605,3.359,3.3595,3.364,3.3655,3.364,3.3645,6
2026-06-05 03:08:00,3.36,3.3605,3.36,3.36,3.365,3.3655,3.365,3.365,7
2026-06-05 03:09:00,3.3595,3.3595,3.3595,3.3595,3.3645,3.3645,3.3645,3.3645,1
2026-06-05 03:10:00,3.36,3.36,3.3595,3.36,3.365,3.365,3.3645,3.365,3
2026-06-05 03:11:00,3.359,3.359,3.359,3.359,3.364,3.364,3.364,3.364,1
2026-06-05 03:12:00,3.36,3.36,3.3595,3.3595,3.365,3.365,3.3645,3.3645,4
2026-06-05 03:15:00,3.359,3.359,3.359,3.359,3.364,3.364,3.364,3.364,1
2026-06-05 03:16:00,3.3595,3.36,3.3595,3.36,3.3645,3.365,3.3645,3.365,2
2026-06-05 03:17:00,3.3605,3.361,3.3605,3.361,3.3655,3.366,3.3655,3.366,2
2026-06-05 03:18:00,3.3615,3.362,3.361,3.361,3.3665,3.367,3.366,3.366,4
2026-06-05 03:19:00,3.362,3.362,3.3615,3.3615,3.367,3.367,3.3665,3.3665,2
2026-06-05 03:20:00,3.361,3.3615,3.3605,3.3605,3.366,3.3665,3.3655,3.3655,6
2026-06-05 03:21:00,3.361,3.3615,3.361,3.3615,3.366,3.3665,3.366,3.3665,2
2026-06-05 03:22:00,3.362,3.363,3.3615,3.362,3.367,3.368,3.3665,3.367,5
2026-06-05 03:23:00,3.3615,3.3615,3.3615,3.3615,3.3665,3.3665,3.3665,3.3665,1
2026-06-05 03:24:00,3.362,3.362,3.362,3.362,3.367,3.367,3.367,3.367,1
2026-06-05 03:25:00,3.3615,3.364,3.361,3.362,3.3665,3.369,3.366,3.367,10
2026-06-05 03:26:00,3.3635,3.364,3.363,3.3635,3.3685,3.369,3.368,3.3685,5
2026-06-05 03:27:00,3.363,3.363,3.3625,3.3625,3.368,3.368,3.3675,3.3675,4
2026-06-05 03:28:00,3.362,3.3625,3.362,3.3625,3.367,3.3675,3.367,3.3675,2
2026-06-05 03:29:00,3.363,3.363,3.3625,3.3625,3.368,3.368,3.3675,3.3675,2
2026-06-05 03:30:00,3.362,3.362,3.362,3.362,3.367,3.367,3.367,3.367,1
2026-06-05 03:31:00,3.363,3.363,3.3625,3.363,3.368,3.368,3.3675,3.368,5
2026-06-05 03:32:00,3.3635,3.3635,3.363,3.363,3.3685,3.3685,3.368,3.368,2
2026-06-05 03:37:00,3.3635,3.3635,3.363,3.3635,3.3685,3.3685,3.368,3.3685,9
2026-06-05 03:39:00,3.363,3.363,3.361,3.361,3.368,3.368,3.366,3.366,3
2026-06-05 03:40:00,3.362,3.3625,3.362,3.3625,3.367,3.3675,3.367,3.3675,2
2026-06-05 03:42:00,3.363,3.363,3.3625,3.3625,3.368,3.368,3.3675,3.3675,2
2026-06-05 03:43:00,3.363,3.363,3.363,3.363,3.368,3.368,3.368,3.368,1
2026-06-05 03:44:00,3.3625,3.3625,3.3625,3.3625,3.3675,3.3675,3.3675,3.3675,1
2026-06-05 03:45:00,3.362,3.3625,3.362,3.362,3.367,3.3675,3.367,3.367,3
2026-06-05 03:46:00,3.363,3.363,3.363,3.363,3.368,3.368,3.368,3.368,1
2026-06-05 03:50:00,3.364,3.364,3.3635,3.364,3.369,3.369,3.3685,3.369,3
2026-06-05 03:51:00,3.363,3.364,3.363,3.364,3.368,3.369,3.368,3.369,3
2026-06-05 03:52:00,3.3645,3.365,3.364,3.3645,3.3695,3.37,3.369,3.3695,6
2026-06-05 03:53:00,3.365,3.365,3.365,3.365,3.37,3.37,3.37,3.37,1
2026-06-05 03:55:00,3.3655,3.367,3.3635,3.3635,3.3705,3.372,3.3685,3.3685,13
2026-06-05 03:57:00,3.363,3.364,3.36,3.362,3.368,3.369,3.365,3.367,18
2026-06-05 03:58:00,3.3625,3.3635,3.361,3.3615,3.3675,3.3685,3.366,3.3665,12
2026-06-05 03:59:00,3.3625,3.3625,3.362,3.362,3.3675,3.3675,3.367,3.367,2
2026-06-05 04:00:00,3.3615,3.362,3.361,3.3615,3.3665,3.367,3.366,3.3665,5
2026-06-05 04:02:00,3.362,3.362,3.362,3.362,3.367,3.367,3.367,3.367,1
2026-06-05 04:03:00,3.3615,3.3625,3.3615,3.3625,3.3665,3.3675,3.3665,3.3675,3
2026-06-05 04:05:00,3.363,3.364,3.363,3.3635,3.368,3.369,3.368,3.3685,5
2026-06-05 04:06:00,3.364,3.364,3.364,3.364,3.369,3.369,3.369,3.369,1
2026-06-05 04:09:00,3.3645,3.3645,3.364,3.364,3.3695,3.3695,3.369,3.369,2
2026-06-05 04:11:00,3.365,3.365,3.3645,3.365,3.37,3.37,3.3695,3.37,15
2026-06-05 04:12:00,3.3655,3.3655,3.3635,3.3635,3.3705,3.3705,3.3685,3.3685,6
2026-06-05 04:14:00,3.364,3.365,3.364,3.365,3.369,3.37,3.369,3.37,3
2026-06-05 04:15:00,3.364,3.365,3.3635,3.3635,3.369,3.37,3.3685,3.3685,6
2026-06-05 04:16:00,3.3645,3.3655,3.363,3.363,3.3695,3.3705,3.368,3.368,8
2026-06-05 04:17:00,3.3625,3.363,3.3625,3.3625,3.3675,3.368,3.3675,3.3675,3
2026-06-05 04:19:00,3.363,3.366,3.3625,3.365,3.368,3.371,3.3675,3.37,10
2026-06-05 04:20:00,3.3645,3.365,3.3635,3.364,3.3695,3.37,3.3685,3.369,5
2026-06-05 04:21:00,3.3645,3.3645,3.3635,3.3635,3.3695,3.3695,3.3685,3.3685,5
2026-06-05 04:22:00,3.363,3.363,3.363,3.363,3.368,3.368,3.368,3.368,1
2026-06-05 04:30:00,3.364,3.3645,3.3635,3.3645,3.369,3.3695,3.3685,3.3695,6
2026-06-05 04:31:00,3.364,3.364,3.363,3.3635,3.369,3.369,3.368,3.3685,5
2026-06-05 04:32:00,3.364,3.364,3.36,3.36,3.369,3.369,3.365,3.365,13
2026-06-05 04:34:00,3.3605,3.3605,3.36,3.36,3.3655,3.3655,3.365,3.365,2
2026-06-05 04:35:00,3.359,3.359,3.3535,3.356,3.364,3.364,3.3585,3.361,16
2026-06-05 04:36:00,3.3555,3.3555,3.352,3.3525,3.3605,3.3605,3.357,3.3575,12
2026-06-05 04:37:00,3.351,3.352,3.351,3.3515,3.356,3.357,3.356,3.3565,5
2026-06-05 04:38:00,3.3525,3.353,3.3515,3.3525,3.3575,3.358,3.3565,3.3575,5
2026-06-05 04:40:00,3.353,3.353,3.353,3.353,3.358,3.358,3.358,3.358,1
2026-06-05 04:41:00,3.3535,3.3535,3.3535,3.3535,3.3585,3.3585,3.3585,3.3585,1
2026-06-05 04:42:00,3.353,3.353,3.3515,3.3515,3.358,3.358,3.3565,3.3565,3
2026-06-05 04:43:00,3.352,3.354,3.352,3.353,3.357,3.359,3.357,3.358,6
2026-06-05 04:44:00,3.3535,3.355,3.3535,3.3545,3.3585,3.36,3.3585,3.3595,7
2026-06-05 04:45:00,3.354,3.355,3.354,3.3545,3.359,3.36,3.359,3.3595,4
2026-06-05 04:46:00,3.355,3.362,3.355,3.362,3.36,3.367,3.36,3.367,12
2026-06-05 04:47:00,3.3615,3.362,3.3615,3.362,3.3665,3.367,3.3665,3.367,2
2026-06-05 04:48:00,3.3625,3.3625,3.362,3.3625,3.3675,3.3675,3.367,3.3675,3
2026-06-05 04:49:00,3.363,3.363,3.3625,3.3625,3.368,3.368,3.3675,3.3675,2
2026-06-05 04:50:00,3.3615,3.3625,3.3615,3.3625,3.3665,3.3675,3.3665,3.3675,3
2026-06-05 04:51:00,3.363,3.3635,3.362,3.362,3.368,3.3685,3.367,3.367,4
2026-06-05 04:52:00,3.3625,3.3625,3.362,3.3625,3.3675,3.3675,3.367,3.3675,3
2026-06-05 04:54:00,3.363,3.364,3.363,3.363,3.368,3.369,3.368,3.368,3
2026-06-05 04:55:00,3.3625,3.3625,3.3615,3.362,3.3675,3.3675,3.3665,3.367,3
2026-06-05 04:56:00,3.3625,3.3625,3.362,3.3625,3.3675,3.3675,3.367,3.3675,3
2026-06-05 04:57:00,3.362,3.3625,3.362,3.3625,3.367,3.3675,3.367,3.3675,2
2026-06-05 04:58:00,3.363,3.363,3.3625,3.3625,3.368,3.368,3.3675,3.3675,2
2026-06-05 04:59:00,3.362,3.363,3.362,3.3625,3.367,3.368,3.367,3.3675,3
2026-06-05 05:01:00,3.363,3.363,3.363,3.363,3.368,3.368,3.368,3.368,1
2026-06-05 05:02:00,3.364,3.366,3.364,3.3655,3.369,3.371,3.369,3.3705,6
2026-06-05 05:03:00,3.365,3.365,3.365,3.365,3.37,3.37,3.37,3.37,1
2026-06-05 05:04:00,3.3645,3.3645,3.3645,3.3645,3.3695,3.3695,3.3695,3.3695,1
2026-06-05 05:05:00,3.366,3.366,3.365,3.3655,3.371,3.371,3.37,3.3705,3
2026-06-05 05:06:00,3.365,3.365,3.3645,3.3645,3.37,3.37,3.3695,3.3695,2
2026-06-05 05:07:00,3.365,3.365,3.3645,3.3645,3.37,3.37,3.3695,3.3695,4
2026-06-05 05:08:00,3.364,3.365,3.363,3.363,3.369,3.37,3.368,3.368,7
2026-06-05 05:09:00,3.3635,3.3635,3.3635,3.3635,3.3685,3.3685,3.3685,3.3685,1
2026-06-05 05:11:00,3.364,3.364,3.363,3.363,3.369,3.369,3.368,3.368,2
2026-06-05 05:12:00,3.3625,3.363,3.3625,3.363,3.3675,3.368,3.3675,3.368,2
2026-06-05 05:14:00,3.364,3.364,3.364,3.364,3.369,3.369,3.369,3.369,1
2026-06-05 05:15:00,3.3645,3.3645,3.3635,3.364,3.3695,3.3695,3.3685,3.369,6
2026-06-05 05:16:00,3.3635,3.3635,3.3635,3.3635,3.3685,3.3685,3.3685,3.3685,1
2026-06-05 05:17:00,3.364,3.3645,3.3635,3.3635,3.369,3.3695,3.3685,3.3685,4
2026-06-05 05:18:00,3.364,3.364,3.3635,3.364,3.369,3.369,3.3685,3.369,3
2026-06-05 05:21:00,3.3645,3.3645,3.3645,3.3645,3.3695,3.3695,3.3695,3.3695,1
2026-06-05 05:22:00,3.364,3.364,3.364,3.364,3.369,3.369,3.369,3.369,1
2026-06-05 05:24:00,3.3635,3.364,3.3635,3.364,3.3685,3.369,3.3685,3.369,2
2026-06-05 05:26:00,3.363,3.364,3.363,3.364,3.368,3.369,3.368,3.369,2
2026-06-05 05:28:00,3.3635,3.364,3.363,3.363,3.3685,3.369,3.368,3.368,3
2026-06-05 05:29:00,3.3625,3.3625,3.3625,3.3625,3.3675,3.3675,3.3675,3.3675,1
2026-06-05 05:30:00,3.362,3.3625,3.362,3.3625,3.367,3.3675,3.367,3.3675,2
2026-06-05 05:31:00,3.362,3.368,3.362,3.368,3.367,3.373,3.367,3.373,11
2026-06-05 05:32:00,3.3675,3.3675,3.3665,3.367,3.3725,3.3725,3.3715,3.372,4
2026-06-05 05:33:00,3.368,3.368,3.3675,3.3675,3.373,3.373,3.3725,3.3725,4
2026-06-05 05:34:00,3.368,3.368,3.368,3.368,3.373,3.373,3.373,3.373,1
2026-06-05 05:35:00,3.367,3.367,3.367,3.367,3.372,3.372,3.372,3.372,1
2026-06-05 05:38:00,3.366,3.366,3.366,3.366,3.371,3.371,3.371,3.371,1
2026-06-05 05:40:00,3.3655,3.366,3.364,3.364,3.3705,3.371,3.369,3.369,8
2026-06-05 05:45:00,3.363,3.366,3.363,3.366,3.368,3.371,3.368,3.371,7
2026-06-05 05:46:00,3.3655,3.367,3.3655,3.366,3.3705,3.372,3.3705,3.371,7
2026-06-05 05:47:00,3.365,3.3655,3.365,3.3655,3.37,3.3705,3.37,3.3705,2
2026-06-05 05:48:00,3.366,3.366,3.365,3.3655,3.371,3.371,3.37,3.3705,5
2026-06-05 05:49:00,3.365,3.365,3.364,3.364,3.37,3.37,3.369,3.369,2
2026-06-05 05:50:00,3.3645,3.365,3.3645,3.365,3.3695,3.37,3.3695,3.37,2
2026-06-05 05:51:00,3.3655,3.3655,3.365,3.365,3.3705,3.3705,3.37,3.37,2
2026-06-05 05:52:00,3.3645,3.365,3.364,3.364,3.3695,3.37,3.369,3.369,3
2026-06-05 05:54:00,3.3645,3.367,3.3645,3.3665,3.3695,3.372,3.3695,3.3715,5
2026-06-05 05:55:00,3.366,3.366,3.366,3.366,3.371,3.371,3.371,3.371,1
2026-06-05 05:56:00,3.3665,3.3665,3.3665,3.3665,3.3715,3.3715,3.3715,3.3715,1
2026-06-05 05:57:00,3.366,3.366,3.366,3.366,3.371,3.371,3.371,3.371,1
2026-06-05 06:00:00,3.3655,3.366,3.365,3.365,3.3705,3.371,3.37,3.37,3
2026-06-05 06:02:00,3.3655,3.366,3.3655,3.366,3.3705,3.371,3.3705,3.371,2
2026-06-05 06:04:00,3.3655,3.366,3.3655,3.366,3.3705,3.371,3.3705,3.371,2
2026-06-05 06:05:00,3.3655,3.366,3.365,3.365,3.3705,3.371,3.37,3.37,5
2026-06-05 06:08:00,3.3655,3.367,3.3655,3.367,3.3705,3.372,3.3705,3.372,2
2026-06-05 06:09:00,3.366,3.367,3.366,3.3665,3.371,3.372,3.371,3.3715,3
2026-06-05 06:10:00,3.367,3.368,3.365,3.366,3.372,3.373,3.37,3.371,8
2026-06-05 06:14:00,3.365,3.366,3.365,3.366,3.37,3.371,3.37,3.371,2
2026-06-05 06:18:00,3.367,3.367,3.366,3.367,3.372,3.372,3.371,3.372,6
2026-06-05 06:19:00,3.368,3.368,3.3675,3.368,3.373,3.373,3.3725,3.373,5
2026-06-05 06:21:00,3.367,3.372,3.367,3.372,3.372,3.377,3.372,3.377,9
2026-06-05 06:22:00,3.371,3.371,3.368,3.369,3.376,3.376,3.373,3.374,17
2026-06-05 06:23:00,3.3685,3.3685,3.3665,3.3665,3.3735,3.3735,3.3715,3.3715,4
2026-06-05 06:24:00,3.366,3.368,3.366,3.368,3.371,3.373,3.371,3.373,5
2026-06-05 06:25:00,3.3675,3.371,3.3675,3.3695,3.3725,3.376,3.3725,3.3745,13
2026-06-05 06:28:00,3.369,3.37,3.369,3.37,3.374,3.375,3.374,3.375,3
2026-06-05 06:29:00,3.3705,3.371,3.37,3.3705,3.3755,3.376,3.375,3.3755,10
2026-06-05 06:30:00,3.371,3.371,3.3705,3.3705,3.376,3.376,3.3755,3.3755,8
2026-06-05 06:31:00,3.369,3.37,3.3685,3.369,3.374,3.375,3.3735,3.374,7
2026-06-05 06:32:00,3.3685,3.3685,3.3685,3.3685,3.3735,3.3735,3.3735,3.3735,1
2026-06-05 06:33:00,3.369,3.37,3.369,3.3695,3.374,3.375,3.374,3.3745,4
2026-06-05 06:35:00,3.369,3.369,3.3685,3.3685,3.374,3.374,3.3735,3.3735,2
2026-06-05 06:37:00,3.369,3.369,3.369,3.369,3.374,3.374,3.374,3.374,1
2026-06-05 06:38:00,3.37,3.371,3.369,3.371,3.375,3.376,3.374,3.376,8
2026-06-05 06:39:00,3.3715,3.3735,3.3705,3.3735,3.3765,3.3785,3.3755,3.3785,7
2026-06-05 06:40:00,3.374,3.376,3.374,3.376,3.379,3.381,3.379,3.381,9
2026-06-05 06:41:00,3.3755,3.3795,3.3755,3.3785,3.3805,3.3845,3.3805,3.3835,13
2026-06-05 06:42:00,3.378,3.378,3.378,3.378,3.383,3.383,3.383,3.383,1
2026-06-05 06:43:00,3.3775,3.378,3.3775,3.3775,3.3825,3.383,3.3825,3.3825,3
2026-06-05 06:45:00,3.377,3.377,3.377,3.377,3.382,3.382,3.382,3.382,1
2026-06-05 06:46:00,3.3765,3.3765,3.376,3.376,3.3815,3.3815,3.381,3.381,2
2026-06-05 06:48:00,3.3765,3.3765,3.376,3.376,3.3815,3.3815,3.381,3.381,2
2026-06-05 06:49:00,3.375,3.375,3.374,3.375,3.38,3.38,3.379,3.38,5
2026-06-05 06:50:00,3.3745,3.375,3.3745,3.375,3.3795,3.38,3.3795,3.38,2
2026-06-05 06:51:00,3.374,3.374,3.374,3.374,3.379,3.379,3.379,3.379,1
2026-06-05 06:52:00,3.375,3.376,3.375,3.3755,3.38,3.381,3.38,3.3805,8
2026-06-05 06:53:00,3.375,3.376,3.375,3.376,3.38,3.381,3.38,3.381,2
2026-06-05 06:54:00,3.3755,3.376,3.374,3.376,3.3805,3.381,3.379,3.381,17
2026-06-05 06:55:00,3.3755,3.3755,3.3755,3.3755,3.3805,3.3805,3.3805,3.3805,1
2026-06-05 06:56:00,3.3745,3.376,3.374,3.374,3.3795,3.381,3.379,3.379,8
2026-06-05 06:57:00,3.375,3.3755,3.375,3.375,3.38,3.3805,3.38,3.38,3
2026-06-05 06:58:00,3.374,3.375,3.374,3.3745,3.379,3.38,3.379,3.3795,3
2026-06-05 06:59:00,3.375,3.375,3.374,3.374,3.38,3.38,3.379,3.379,4
2026-06-05 07:01:00,3.373,3.375,3.373,3.375,3.378,3.38,3.378,3.38,4
2026-06-05 07:02:00,3.376,3.376,3.3755,3.376,3.381,3.381,3.3805,3.381,3
2026-06-05 07:03:00,3.3765,3.378,3.3765,3.377,3.3815,3.383,3.3815,3.382,4
2026-06-05 07:04:00,3.3765,3.377,3.376,3.377,3.3815,3.382,3.381,3.382,5
2026-06-05 07:05:00,3.376,3.376,3.376,3.376,3.381,3.381,3.381,3.381,1
2026-06-05 07:06:00,3.3765,3.377,3.3765,3.377,3.3815,3.382,3.3815,3.382,2
2026-06-05 07:07:00,3.3765,3.377,3.3765,3.3765,3.3815,3.382,3.3815,3.3815,5
2026-06-05 07:08:00,3.377,3.377,3.3765,3.3765,3.382,3.382,3.3815,3.3815,2
2026-06-05 07:09:00,3.376,3.376,3.375,3.376,3.381,3.381,3.38,3.381,4
2026-06-05 07:11:00,3.375,3.376,3.375,3.376,3.38,3.381,3.38,3.381,8
2026-06-05 07:12:00,3.3755,3.3755,3.373,3.375,3.3805,3.3805,3.378,3.38,9
2026-06-05 07:13:00,3.3745,3.375,3.3745,3.375,3.3795,3.38,3.3795,3.38,4
2026-06-05 07:14:00,3.3745,3.3745,3.3725,3.3725,3.3795,3.3795,3.3775,3.3775,4
2026-06-05 07:15:00,3.373,3.373,3.3725,3.373,3.378,3.378,3.3775,3.378,5
2026-06-05 07:16:00,3.3725,3.3725,3.3725,3.3725,3.3775,3.3775,3.3775,3.3775,1
2026-06-05 07:17:00,3.3715,3.3715,3.3715,3.3715,3.3765,3.3765,3.3765,3.3765,1
2026-06-05 07:18:00,3.372,3.372,3.371,3.371,3.377,3.377,3.376,3.376,6
2026-06-05 07:19:00,3.372,3.372,3.372,3.372,3.377,3.377,3.377,3.377,1
2026-06-05 07:20:00,3.373,3.373,3.3715,3.3715,3.378,3.378,3.3765,3.3765,3
2026-06-05 07:21:00,3.371,3.372,3.371,3.372,3.376,3.377,3.376,3.377,9
2026-06-05 07:23:00,3.373,3.3745,3.373,3.3745,3.378,3.3795,3.378,3.3795,4
2026-06-05 07:24:00,3.374,3.375,3.374,3.375,3.379,3.38,3.379,3.38,5
2026-06-05 07:25:00,3.3745,3.3745,3.373,3.374,3.3795,3.3795,3.378,3.379,7
2026-06-05 07:27:00,3.3735,3.374,3.3735,3.374,3.3785,3.379,3.3785,3.379,6
2026-06-05 07:28:00,3.3735,3.3735,3.3725,3.373,3.3785,3.3785,3.3775,3.378,4
2026-06-05 07:30:00,3.372,3.372,3.3705,3.3705,3.377,3.377,3.3755,3.3755,5
2026-06-05 07:31:00,3.371,3.372,3.371,3.372,3.376,3.377,3.376,3.377,2
2026-06-05 07:33:00,3.373,3.374,3.373,3.3735,3.378,3.379,3.378,3.3785,3
2026-06-05 07:34:00,3.375,3.375,3.374,3.374,3.38,3.38,3.379,3.379,4
2026-06-05 07:35:00,3.3735,3.3735,3.3735,3.3735,3.3785,3.3785,3.3785,3.3785,1
2026-06-05 07:36:00,3.374,3.374,3.373,3.3735,3.379,3.379,3.378,3.3785,3
2026-06-05 07:37:00,3.374,3.374,3.374,3.374,3.379,3.379,3.379,3.379,1
2026-06-05 07:38:00,3.375,3.375,3.374,3.375,3.38,3.38,3.379,3.38,5
2026-06-05 07:40:00,3.3745,3.3745,3.373,3.373,3.3795,3.3795,3.378,3.378,4
2026-06-05 07:41:00,3.374,3.3745,3.3735,3.374,3.379,3.3795,3.3785,3.379,5
2026-06-05 07:43:00,3.373,3.3735,3.373,3.373,3.378,3.3785,3.378,3.378,3
2026-06-05 07:44:00,3.374,3.374,3.3725,3.3725,3.379,3.379,3.3775,3.3775,3
2026-06-05 07:45:00,3.373,3.373,3.372,3.373,3.378,3.378,3.377,3.378,3
2026-06-05 07:47:00,3.372,3.373,3.372,3.3725,3.377,3.378,3.377,3.3775,3
2026-06-05 07:48:00,3.373,3.373,3.3725,3.3725,3.378,3.378,3.3775,3.3775,2
2026-06-05 07:49:00,3.373,3.373,3.373,3.373,3.378,3.378,3.378,3.378,1
2026-06-05 07:50:00,3.3725,3.373,3.3725,3.373,3.3775,3.378,3.3775,3.378,4
2026-06-05 07:52:00,3.374,3.374,3.365,3.366,3.379,3.379,3.37,3.371,18
2026-06-05 07:53:00,3.3665,3.3665,3.365,3.3655,3.3715,3.3715,3.37,3.3705,12
2026-06-05 07:54:00,3.365,3.3655,3.365,3.3655,3.37,3.3705,3.37,3.3705,4
2026-06-05 07:55:00,3.366,3.369,3.366,3.368,3.371,3.374,3.371,3.373,7
2026-06-05 07:56:00,3.3675,3.368,3.367,3.367,3.3725,3.373,3.372,3.372,6
2026-06-05 07:57:00,3.3675,3.3685,3.363,3.3635,3.3725,3.3735,3.368,3.3685,14
2026-06-05 07:58:00,3.363,3.365,3.363,3.3645,3.368,3.37,3.368,3.3695,4
2026-06-05 07:59:00,3.364,3.364,3.3635,3.3635,3.369,3.369,3.3685,3.3685,4
2026-06-05 08:00:00,3.363,3.363,3.362,3.363,3.368,3.368,3.367,3.368,5
2026-06-05 08:01:00,3.364,3.367,3.364,3.3665,3.369,3.372,3.369,3.3715,15
2026-06-05 08:02:00,3.366,3.366,3.365,3.3655,3.371,3.371,3.37,3.3705,5
2026-06-05 08:03:00,3.365,3.365,3.3645,3.365,3.37,3.37,3.3695,3.37,3
2026-06-05 08:04:00,3.3655,3.366,3.365,3.3655,3.3705,3.371,3.37,3.3705,4
2026-06-05 08:05:00,3.365,3.366,3.365,3.366,3.37,3.371,3.37,3.371,2
2026-06-05 08:06:00,3.3665,3.37,3.365,3.37,3.3715,3.375,3.37,3.375,12
2026-06-05 08:07:00,3.371,3.3725,3.37,3.372,3.376,3.3775,3.375,3.377,8
2026-06-05 08:08:00,3.3725,3.3725,3.372,3.3725,3.3775,3.3775,3.377,3.3775,5
2026-06-05 08:09:00,3.372,3.372,3.371,3.371,3.377,3.377,3.376,3.376,2
2026-06-05 08:10:00,3.372,3.372,3.369,3.369,3.377,3.377,3.374,3.374,14
2026-06-05 08:11:00,3.37,3.371,3.37,3.37,3.375,3.376,3.375,3.375,5
2026-06-05 08:12:00,3.371,3.371,3.37,3.371,3.376,3.376,3.375,3.376,5
2026-06-05 08:13:00,3.37,3.37,3.367,3.367,3.375,3.375,3.372,3.372,7
2026-06-05 08:14:00,3.3675,3.368,3.3675,3.368,3.3725,3.373,3.3725,3.373,2
2026-06-05 08:15:00,3.3685,3.3685,3.368,3.368,3.3735,3.3735,3.373,3.373,2
2026-06-05 08:16:00,3.3685,3.3685,3.368,3.368,3.3735,3.3735,3.373,3.373,2
2026-06-05 08:17:00,3.367,3.367,3.365,3.367,3.372,3.372,3.37,3.372,9
2026-06-05 08:18:00,3.3675,3.368,3.367,3.368,3.3725,3.373,3.372,3.373,8
2026-06-05 08:19:00,3.367,3.367,3.3645,3.3665,3.372,3.372,3.3695,3.3715,11
2026-06-05 08:20:00,3.3675,3.368,3.367,3.3675,3.3725,3.373,3.372,3.3725,6
2026-06-05 08:22:00,3.367,3.367,3.367,3.367,3.372,3.372,3.372,3.372,1
2026-06-05 08:23:00,3.368,3.368,3.368,3.368,3.373,3.373,3.373,3.373,1
2026-06-05 08:24:00,3.367,3.367,3.366,3.367,3.372,3.372,3.371,3.372,6
2026-06-05 08:25:00,3.3675,3.3675,3.366,3.366,3.3725,3.3725,3.371,3.371,8
2026-06-05 08:26:00,3.367,3.367,3.366,3.3665,3.372,3.372,3.371,3.3715,3
2026-06-05 08:27:00,3.367,3.367,3.366,3.3665,3.372,3.372,3.371,3.3715,4
2026-06-05 08:28:00,3.366,3.367,3.366,3.367,3.371,3.372,3.371,3.372,3
2026-06-05 08:29:00,3.366,3.367,3.365,3.365,3.371,3.372,3.37,3.37,6
2026-06-05 08:30:00,3.364,3.364,3.362,3.3635,3.369,3.369,3.367,3.3685,11
2026-06-05 08:31:00,3.364,3.366,3.364,3.3655,3.369,3.371,3.369,3.3705,13
2026-06-05 08:32:00,3.366,3.3695,3.366,3.369,3.371,3.3745,3.371,3.374,6
2026-06-05 08:33:00,3.368,3.368,3.368,3.368,3.373,3.373,3.373,3.373,1
2026-06-05 08:34:00,3.367,3.367,3.367,3.367,3.372,3.372,3.372,3.372,1
2026-06-05 08:35:00,3.366,3.366,3.365,3.365,3.371,3.371,3.37,3.37,4
2026-06-05 08:36:00,3.366,3.367,3.366,3.367,3.371,3.372,3.371,3.372,9
2026-06-05 08:37:00,3.3665,3.368,3.366,3.368,3.3715,3.373,3.371,3.373,7
2026-06-05 08:38:00,3.3675,3.3675,3.3665,3.3665,3.3725,3.3725,3.3715,3.3715,5
2026-06-05 08:39:00,3.367,3.3695,3.367,3.369,3.372,3.3745,3.372,3.374,6
2026-06-05 08:40:00,3.3695,3.372,3.3695,3.371,3.3745,3.377,3.3745,3.376,9
2026-06-05 08:41:00,3.3705,3.371,3.3705,3.3705,3.3755,3.376,3.3755,3.3755,5
2026-06-05 08:42:00,3.371,3.371,3.37,3.37,3.376,3.376,3.375,3.375,2
2026-06-05 08:43:00,3.369,3.369,3.3685,3.369,3.374,3.374,3.3735,3.374,3
2026-06-05 08:44:00,3.3685,3.369,3.3685,3.3685,3.3735,3.374,3.3735,3.3735,3
2026-06-05 08:45:00,3.368,3.37,3.368,3.37,3.373,3.375,3.373,3.375,6
2026-06-05 08:46:00,3.3705,3.3705,3.3695,3.3695,3.3755,3.3755,3.3745,3.3745,7
2026-06-05 08:47:00,3.369,3.369,3.368,3.369,3.374,3.374,3.373,3.374,9
2026-06-05 08:48:00,3.3685,3.369,3.3685,3.3685,3.3735,3.374,3.3735,3.3735,3
2026-06-05 08:49:00,3.369,3.37,3.369,3.37,3.374,3.375,3.374,3.375,5
2026-06-05 08:50:00,3.3695,3.3695,3.365,3.3665,3.3745,3.3745,3.37,3.3715,12
2026-06-05 08:51:00,3.366,3.368,3.365,3.366,3.371,3.373,3.37,3.371,12
2026-06-05 08:52:00,3.3655,3.3665,3.3655,3.3665,3.3705,3.3715,3.3705,3.3715,7
2026-06-05 08:53:00,3.367,3.367,3.365,3.365,3.372,3.372,3.37,3.37,3
2026-06-05 08:54:00,3.3645,3.3645,3.3645,3.3645,3.3695,3.3695,3.3695,3.3695,1
2026-06-05 08:55:00,3.365,3.365,3.364,3.365,3.37,3.37,3.369,3.37,5
2026-06-05 08:56:00,3.3645,3.3645,3.3625,3.3635,3.3695,3.3695,3.3675,3.3685,6
2026-06-05 08:57:00,3.363,3.363,3.362,3.362,3.368,3.368,3.367,3.367,5
2026-06-05 08:58:00,3.361,3.363,3.361,3.3625,3.366,3.368,3.366,3.3675,15
2026-06-05 08:59:00,3.362,3.3625,3.361,3.3615,3.367,3.3675,3.366,3.3665,6
2026-06-05 09:00:00,3.361,3.361,3.357,3.36,3.366,3.366,3.362,3.365,28
2026-06-05 09:01:00,3.359,3.359,3.357,3.357,3.364,3.364,3.362,3.362,11
2026-06-05 09:02:00,3.358,3.36,3.358,3.36,3.363,3.365,3.363,3.365,7
2026-06-05 09:03:00,3.361,3.361,3.36,3.36,3.366,3.366,3.365,3.365,4
2026-06-05 09:04:00,3.359,3.359,3.356,3.356,3.364,3.364,3.361,3.361,15
2026-06-05 09:05:00,3.3565,3.357,3.353,3.354,3.3615,3.362,3.358,3.359,11
2026-06-05 09:06:00,3.3545,3.3545,3.353,3.353,3.3595,3.3595,3.358,3.358,5
2026-06-05 09:07:00,3.354,3.354,3.353,3.3535,3.359,3.359,3.358,3.3585,15
2026-06-05 09:08:00,3.354,3.356,3.354,3.356,3.359,3.361,3.359,3.361,12
2026-06-05 09:09:00,3.3555,3.356,3.3545,3.356,3.3605,3.361,3.3595,3.361,11
2026-06-05 09:10:00,3.3555,3.356,3.354,3.355,3.3605,3.361,3.359,3.36,8
2026-06-05 09:11:00,3.354,3.356,3.353,3.355,3.359,3.361,3.358,3.36,8
2026-06-05 09:12:00,3.3555,3.356,3.3555,3.356,3.3605,3.361,3.3605,3.361,2
2026-06-05 09:13:00,3.3555,3.3555,3.354,3.355,3.3605,3.3605,3.359,3.36,4
2026-06-05 09:14:00,3.3545,3.355,3.3525,3.3525,3.3595,3.36,3.3575,3.3575,14
2026-06-05 09:15:00,3.353,3.355,3.353,3.355,3.358,3.36,3.358,3.36,8
2026-06-05 09:16:00,3.3545,3.3545,3.353,3.3535,3.3595,3.3595,3.358,3.3585,7
2026-06-05 09:17:00,3.354,3.354,3.353,3.3535,3.359,3.359,3.358,3.3585,6
2026-06-05 09:18:00,3.353,3.353,3.351,3.353,3.358,3.358,3.356,3.358,8
2026-06-05 09:19:00,3.3525,3.3525,3.35,3.351,3.3575,3.3575,3.355,3.356,11
2026-06-05 09:20:00,3.352,3.352,3.351,3.351,3.357,3.357,3.356,3.356,8
2026-06-05 09:21:00,3.35,3.35,3.347,3.3485,3.355,3.355,3.352,3.3535,13
2026-06-05 09:22:00,3.348,3.349,3.347,3.347,3.353,3.354,3.352,3.352,5
2026-06-05 09:23:00,3.346,3.347,3.344,3.346,3.351,3.352,3.349,3.351,20
2026-06-05 09:24:00,3.3455,3.3455,3.344,3.344,3.3505,3.3505,3.349,3.349,11
2026-06-05 09:25:00,3.3445,3.347,3.344,3.3455,3.3495,3.352,3.349,3.3505,12
2026-06-05 09:26:00,3.346,3.346,3.345,3.345,3.351,3.351,3.35,3.35,5
2026-06-05 09:27:00,3.346,3.346,3.345,3.3455,3.351,3.351,3.35,3.3505,10
2026-06-05 09:28:00,3.345,3.346,3.345,3.346,3.35,3.351,3.35,3.351,5
2026-06-05 09:29:00,3.347,3.348,3.345,3.3465,3.352,3.353,3.35,3.3515,14
2026-06-05 09:30:00,3.347,3.3495,3.3445,3.3495,3.352,3.3545,3.3495,3.3545,19
2026-06-05 09:31:00,3.349,3.349,3.348,3.349,3.354,3.354,3.353,3.354,19
2026-06-05 09:32:00,3.35,3.351,3.349,3.351,3.355,3.356,3.354,3.356,16
2026-06-05 09:33:00,3.35,3.351,3.35,3.3505,3.355,3.356,3.355,3.3555,8
2026-06-05 09:34:00,3.3495,3.351,3.349,3.351,3.3545,3.356,3.354,3.356,16
2026-06-05 09:35:00,3.35,3.351,3.348,3.349,3.355,3.356,3.353,3.354,8
2026-06-05 09:36:00,3.35,3.35,3.349,3.349,3.355,3.355,3.354,3.354,17
2026-06-05 09:37:00,3.3495,3.35,3.348,3.349,3.3545,3.355,3.353,3.354,11
2026-06-05 09:38:00,3.35,3.35,3.345,3.3455,3.355,3.355,3.35,3.3505,18
2026-06-05 09:39:00,3.345,3.348,3.3445,3.345,3.35,3.353,3.3495,3.35,13
2026-06-05 09:40:00,3.346,3.346,3.344,3.344,3.351,3.351,3.349,3.349,10
2026-06-05 09:41:00,3.3445,3.345,3.344,3.345,3.3495,3.35,3.349,3.35,9
2026-06-05 09:42:00,3.3445,3.345,3.3445,3.3445,3.3495,3.35,3.3495,3.3495,5
2026-06-05 09:43:00,3.345,3.345,3.344,3.345,3.35,3.35,3.349,3.35,6
2026-06-05 09:44:00,3.3445,3.348,3.344,3.348,3.3495,3.353,3.349,3.353,10
2026-06-05 09:45:00,3.3475,3.35,3.3475,3.3485,3.3525,3.355,3.3525,3.3535,9
2026-06-05 09:46:00,3.349,3.349,3.348,3.349,3.354,3.354,3.353,3.354,10
2026-06-05 09:47:00,3.3485,3.3485,3.347,3.348,3.3535,3.3535,3.352,3.353,5
2026-06-05 09:48:00,3.347,3.348,3.347,3.3475,3.352,3.353,3.352,3.3525,3
2026-06-05 09:49:00,3.348,3.349,3.348,3.3485,3.353,3.354,3.353,3.3535,6
2026-06-05 09:50:00,3.349,3.349,3.348,3.349,3.354,3.354,3.353,3.354,5
2026-06-05 09:51:00,3.3485,3.3485,3.3475,3.3475,3.3535,3.3535,3.3525,3.3525,3
2026-06-05 09:52:00,3.348,3.348,3.3475,3.3475,3.353,3.353,3.3525,3.3525,2
2026-06-05 09:53:00,3.347,3.347,3.3465,3.347,3.352,3.352,3.3515,3.352,5
2026-06-05 09:54:00,3.3475,3.348,3.347,3.348,3.3525,3.353,3.352,3.353,6
2026-06-05 09:55:00,3.3475,3.348,3.347,3.347,3.3525,3.353,3.352,3.352,3
2026-06-05 09:56:00,3.3465,3.3465,3.346,3.346,3.3515,3.3515,3.351,3.351,2
2026-06-05 09:57:00,3.345,3.35,3.345,3.35,3.35,3.355,3.35,3.355,11
2026-06-05 09:58:00,3.3505,3.351,3.35,3.351,3.3555,3.356,3.355,3.356,10
2026-06-05 09:59:00,3.35,3.352,3.35,3.352,3.355,3.357,3.355,3.357,8
2026-06-05 10:00:00,3.353,3.354,3.353,3.354,3.358,3.359,3.358,3.359,10
2026-06-05 10:01:00,3.355,3.355,3.3525,3.3525,3.36,3.36,3.3575,3.3575,14
2026-06-05 10:02:00,3.352,3.3525,3.352,3.352,3.357,3.3575,3.357,3.357,3
2026-06-05 10:03:00,3.353,3.353,3.35,3.351,3.358,3.358,3.355,3.356,13
2026-06-05 10:05:00,3.35,3.35,3.349,3.3495,3.355,3.355,3.354,3.3545,13
2026-06-05 10:06:00,3.349,3.35,3.349,3.3495,3.354,3.355,3.354,3.3545,22
2026-06-05 10:07:00,3.35,3.35,3.347,3.348,3.355,3.355,3.352,3.353,13
2026-06-05 10:08:00,3.347,3.348,3.346,3.3465,3.352,3.353,3.351,3.3515,8
2026-06-05 10:09:00,3.346,3.348,3.346,3.348,3.351,3.353,3.351,3.353,9
2026-06-05 10:10:00,3.347,3.348,3.347,3.348,3.352,3.353,3.352,3.353,2
2026-06-05 10:11:00,3.3475,3.348,3.347,3.347,3.3525,3.353,3.352,3.352,11
2026-06-05 10:12:00,3.3475,3.3475,3.347,3.347,3.3525,3.3525,3.352,3.352,2
2026-06-05 10:13:00,3.348,3.348,3.346,3.347,3.353,3.353,3.351,3.352,4
2026-06-05 10:14:00,3.346,3.347,3.346,3.347,3.351,3.352,3.351,3.352,2
2026-06-05 10:15:00,3.3465,3.347,3.3465,3.347,3.3515,3.352,3.3515,3.352,2
2026-06-05 10:16:00,3.3465,3.3465,3.346,3.346,3.3515,3.3515,3.351,3.351,2
2026-06-05 10:17:00,3.3465,3.35,3.3465,3.348,3.3515,3.355,3.3515,3.353,10
2026-06-05 10:18:00,3.347,3.347,3.346,3.346,3.352,3.352,3.351,3.351,5
2026-06-05 10:19:00,3.345,3.346,3.345,3.345,3.35,3.351,3.35,3.35,7
2026-06-05 10:20:00,3.346,3.346,3.345,3.346,3.351,3.351,3.35,3.351,4
2026-06-05 10:21:00,3.3465,3.347,3.344,3.345,3.3515,3.352,3.349,3.35,9
2026-06-05 10:22:00,3.3445,3.345,3.344,3.345,3.3495,3.35,3.349,3.35,8
2026-06-05 10:23:00,3.3455,3.3465,3.3455,3.3465,3.3505,3.3515,3.3505,3.3515,5
2026-06-05 10:24:00,3.346,3.346,3.345,3.3455,3.351,3.351,3.35,3.3505,5
2026-06-05 10:25:00,3.345,3.346,3.344,3.345,3.35,3.351,3.349,3.35,12
2026-06-05 10:26:00,3.344,3.346,3.344,3.346,3.349,3.351,3.349,3.351,16
2026-06-05 10:27:00,3.3465,3.348,3.346,3.3465,3.3515,3.353,3.351,3.3515,15
2026-06-05 10:28:00,3.346,3.3475,3.346,3.347,3.351,3.3525,3.351,3.352,9
2026-06-05 10:29:00,3.3465,3.347,3.34,3.34,3.3515,3.352,3.345,3.345,32
2026-06-05 10:30:00,3.341,3.345,3.341,3.344,3.346,3.35,3.346,3.349,18
2026-06-05 10:31:00,3.3435,3.3435,3.341,3.341,3.3485,3.3485,3.346,3.346,6
2026-06-05 10:32:00,3.3415,3.345,3.341,3.345,3.3465,3.35,3.346,3.35,11
2026-06-05 10:33:00,3.346,3.3475,3.346,3.3475,3.351,3.3525,3.351,3.3525,6
2026-06-05 10:34:00,3.347,3.347,3.347,3.347,3.352,3.352,3.352,3.352,1
2026-06-05 10:35:00,3.348,3.349,3.346,3.347,3.353,3.354,3.351,3.352,11
2026-06-05 10:36:00,3.348,3.35,3.348,3.35,3.353,3.355,3.353,3.355,13
2026-06-05 10:37:00,3.3495,3.35,3.349,3.35,3.3545,3.355,3.354,3.355,3
2026-06-05 10:38:00,3.349,3.35,3.3485,3.35,3.354,3.355,3.3535,3.355,4
2026-06-05 10:39:00,3.351,3.351,3.35,3.3505,3.356,3.356,3.355,3.3555,11
2026-06-05 10:40:00,3.35,3.3505,3.35,3.35,3.355,3.3555,3.355,3.355,9
2026-06-05 10:41:00,3.351,3.352,3.35,3.3505,3.356,3.357,3.355,3.3555,17
2026-06-05 10:42:00,3.351,3.351,3.3485,3.349,3.356,3.356,3.3535,3.354,11
2026-06-05 10:43:00,3.348,3.35,3.348,3.35,3.353,3.355,3.353,3.355,9
2026-06-05 10:44:00,3.3495,3.3495,3.348,3.348,3.3545,3.3545,3.353,3.353,6
2026-06-05 10:45:00,3.3475,3.348,3.347,3.347,3.3525,3.353,3.352,3.352,4
2026-06-05 10:46:00,3.3465,3.348,3.346,3.3465,3.3515,3.353,3.351,3.3515,10
2026-06-05 10:47:00,3.346,3.346,3.342,3.344,3.351,3.351,3.347,3.349,14
2026-06-05 10:48:00,3.3445,3.345,3.344,3.3445,3.3495,3.35,3.349,3.3495,4
2026-06-05 10:49:00,3.345,3.346,3.345,3.346,3.35,3.351,3.35,3.351,5
2026-06-05 10:50:00,3.3455,3.346,3.345,3.346,3.3505,3.351,3.35,3.351,4
2026-06-05 10:51:00,3.3455,3.348,3.3455,3.348,3.3505,3.353,3.3505,3.353,12
2026-06-05 10:52:00,3.3475,3.348,3.347,3.348,3.3525,3.353,3.352,3.353,15
2026-06-05 10:53:00,3.3475,3.3475,3.346,3.346,3.3525,3.3525,3.351,3.351,7
2026-06-05 10:54:00,3.347,3.347,3.3445,3.3445,3.352,3.352,3.3495,3.3495,6
2026-06-05 10:55:00,3.345,3.346,3.3445,3.345,3.35,3.351,3.3495,3.35,10
2026-06-05 10:56:00,3.3455,3.347,3.3455,3.3465,3.3505,3.352,3.3505,3.3515,13
2026-06-05 10:57:00,3.347,3.3475,3.345,3.345,3.352,3.3525,3.35,3.35,10
2026-06-05 10:58:00,3.3445,3.345,3.3445,3.345,3.3495,3.35,3.3495,3.35,4
2026-06-05 10:59:00,3.3445,3.345,3.3445,3.345,3.3495,3.35,3.3495,3.35,2
2026-06-05 11:00:00,3.344,3.345,3.343,3.343,3.349,3.35,3.348,3.348,13
2026-06-05 11:01:00,3.344,3.346,3.343,3.345,3.349,3.351,3.348,3.35,15
2026-06-05 11:02:00,3.344,3.344,3.342,3.342,3.349,3.349,3.347,3.347,13
2026-06-05 11:03:00,3.341,3.342,3.341,3.3415,3.346,3.347,3.346,3.3465,3
2026-06-05 11:04:00,3.341,3.341,3.3395,3.34,3.346,3.346,3.3445,3.345,6
2026-06-05 11:05:00,3.339,3.341,3.338,3.341,3.344,3.346,3.343,3.346,11
2026-06-05 11:06:00,3.342,3.343,3.341,3.342,3.347,3.348,3.346,3.347,18
2026-06-05 11:07:00,3.3425,3.3425,3.342,3.342,3.3475,3.3475,3.347,3.347,2
2026-06-05 11:08:00,3.3415,3.3415,3.34,3.341,3.3465,3.3465,3.345,3.346,11
2026-06-05 11:09:00,3.3405,3.341,3.3405,3.341,3.3455,3.346,3.3455,3.346,4
2026-06-05 11:10:00,3.34,3.342,3.34,3.341,3.345,3.347,3.345,3.346,6
2026-06-05 11:13:00,3.3405,3.341,3.3355,3.337,3.3455,3.346,3.3405,3.342,56
2026-06-05 11:14:00,3.3365,3.3365,3.334,3.336,3.3415,3.3415,3.339,3.341,31
2026-06-05 11:15:00,3.3355,3.336,3.334,3.335,3.3405,3.341,3.339,3.34,25
2026-06-05 11:16:00,3.336,3.336,3.333,3.333,3.341,3.341,3.338,3.338,11
2026-06-05 11:17:00,3.334,3.336,3.3335,3.336,3.339,3.341,3.3385,3.341,11
2026-06-05 11:18:00,3.3355,3.337,3.3355,3.337,3.3405,3.342,3.3405,3.342,5
2026-06-05 11:19:00,3.336,3.339,3.336,3.339,3.341,3.344,3.341,3.344,8
2026-06-05 11:20:00,3.338,3.342,3.338,3.3415,3.343,3.347,3.343,3.3465,35
2026-06-05 11:21:00,3.342,3.342,3.341,3.341,3.347,3.347,3.346,3.346,28
2026-06-05 11:22:00,3.3405,3.341,3.339,3.34,3.3455,3.346,3.344,3.345,16
2026-06-05 11:23:00,3.339,3.339,3.338,3.339,3.344,3.344,3.343,3.344,5
2026-06-05 11:24:00,3.3385,3.339,3.338,3.339,3.3435,3.344,3.343,3.344,4
2026-06-05 11:25:00,3.3385,3.339,3.338,3.338,3.3435,3.344,3.343,3.343,6
2026-06-05 11:26:00,3.339,3.339,3.339,3.339,3.344,3.344,3.344,3.344,1
2026-06-05 11:28:00,3.34,3.341,3.34,3.34,3.345,3.346,3.345,3.345,3
2026-06-05 11:29:00,3.339,3.341,3.339,3.341,3.344,3.346,3.344,3.346,9
2026-06-05 11:30:00,3.34,3.341,3.34,3.341,3.345,3.346,3.345,3.346,4
2026-06-05 11:31:00,3.342,3.344,3.3415,3.344,3.347,3.349,3.3465,3.349,9
2026-06-05 11:32:00,3.345,3.345,3.345,3.345,3.35,3.35,3.35,3.35,1
2026-06-05 11:33:00,3.3455,3.346,3.343,3.343,3.3505,3.351,3.348,3.348,19
2026-06-05 11:34:00,3.3425,3.344,3.342,3.3425,3.3475,3.349,3.347,3.3475,17
2026-06-05 11:35:00,3.342,3.3425,3.341,3.342,3.347,3.3475,3.346,3.347,11
2026-06-05 11:36:00,3.3425,3.343,3.3425,3.343,3.3475,3.348,3.3475,3.348,2
2026-06-05 11:37:00,3.344,3.345,3.344,3.344,3.349,3.35,3.349,3.349,15
2026-06-05 11:38:00,3.3445,3.345,3.3435,3.3435,3.3495,3.35,3.3485,3.3485,9
2026-06-05 11:39:00,3.344,3.346,3.343,3.346,3.349,3.351,3.348,3.351,14
2026-06-05 11:40:00,3.3465,3.347,3.346,3.347,3.3515,3.352,3.351,3.352,22
2026-06-05 11:41:00,3.348,3.348,3.3465,3.3475,3.353,3.353,3.3515,3.3525,8
2026-06-05 11:42:00,3.347,3.349,3.346,3.346,3.352,3.354,3.351,3.351,10
2026-06-05 11:43:00,3.347,3.347,3.3465,3.347,3.352,3.352,3.3515,3.352,3
2026-06-05 11:44:00,3.348,3.348,3.3475,3.348,3.353,3.353,3.3525,3.353,3
2026-06-05 11:45:00,3.3475,3.348,3.347,3.348,3.3525,3.353,3.352,3.353,7
2026-06-05 11:46:00,3.349,3.352,3.349,3.351,3.354,3.357,3.354,3.356,29
2026-06-05 11:47:00,3.35,3.351,3.35,3.35,3.355,3.356,3.355,3.355,5
2026-06-05 11:48:00,3.349,3.35,3.349,3.35,3.354,3.355,3.354,3.355,6
2026-06-05 11:49:00,3.349,3.35,3.347,3.3475,3.354,3.355,3.352,3.3525,10
2026-06-05 11:50:00,3.347,3.348,3.344,3.3445,3.352,3.353,3.349,3.3495,11
2026-06-05 11:51:00,3.344,3.345,3.343,3.345,3.349,3.35,3.348,3.35,6
2026-06-05 11:52:00,3.344,3.345,3.3435,3.3435,3.349,3.35,3.3485,3.3485,16
2026-06-05 11:53:00,3.343,3.345,3.343,3.344,3.348,3.35,3.348,3.349,13
2026-06-05 11:54:00,3.3435,3.345,3.3435,3.345,3.3485,3.35,3.3485,3.35,4
2026-06-05 11:55:00,3.346,3.346,3.345,3.346,3.351,3.351,3.35,3.351,12
2026-06-05 11:56:00,3.347,3.347,3.346,3.3465,3.352,3.352,3.351,3.3515,17
2026-06-05 11:57:00,3.346,3.347,3.3455,3.347,3.351,3.352,3.3505,3.352,8
2026-06-05 11:58:00,3.346,3.347,3.3455,3.3455,3.351,3.352,3.3505,3.3505,6
2026-06-05 11:59:00,3.346,3.346,3.343,3.3435,3.351,3.351,3.348,3.3485,15
2026-06-05 12:00:00,3.344,3.344,3.3435,3.344,3.349,3.349,3.3485,3.349,5
2026-06-05 12:01:00,3.345,3.345,3.3445,3.3445,3.35,3.35,3.3495,3.3495,2
2026-06-05 12:02:00,3.345,3.346,3.342,3.346,3.35,3.351,3.347,3.351,9
2026-06-05 12:03:00,3.3455,3.346,3.345,3.346,3.3505,3.351,3.35,3.351,11
2026-06-05 12:04:00,3.3455,3.3455,3.3445,3.3445,3.3505,3.3505,3.3495,3.3495,3
2026-06-05 12:05:00,3.345,3.345,3.343,3.343,3.35,3.35,3.348,3.348,7
2026-06-05 12:08:00,3.342,3.342,3.34,3.34,3.347,3.347,3.345,3.345,13
2026-06-05 12:09:00,3.339,3.34,3.338,3.339,3.344,3.345,3.343,3.344,12
2026-06-05 12:10:00,3.3385,3.34,3.3385,3.3385,3.3435,3.345,3.3435,3.3435,7
2026-06-05 12:11:00,3.339,3.34,3.339,3.339,3.344,3.345,3.344,3.344,5
2026-06-05 12:12:00,3.338,3.338,3.335,3.335,3.343,3.343,3.34,3.34,5
2026-06-05 12:13:00,3.334,3.335,3.333,3.335,3.339,3.34,3.338,3.34,11
2026-06-05 12:14:00,3.3345,3.3345,3.333,3.334,3.3395,3.3395,3.338,3.339,9
2026-06-05 12:15:00,3.333,3.334,3.333,3.334,3.338,3.339,3.338,3.339,4
2026-06-05 12:16:00,3.333,3.341,3.333,3.341,3.338,3.346,3.338,3.346,24
2026-06-05 12:17:00,3.34,3.344,3.34,3.342,3.345,3.349,3.345,3.347,11
2026-06-05 12:18:00,3.341,3.3415,3.341,3.3415,3.346,3.3465,3.346,3.3465,8
2026-06-05 12:19:00,3.341,3.341,3.34,3.34,3.346,3.346,3.345,3.345,5
2026-06-05 12:20:00,3.339,3.34,3.339,3.3395,3.344,3.345,3.344,3.3445,7
2026-06-05 12:21:00,3.34,3.34,3.339,3.339,3.345,3.345,3.344,3.344,9
2026-06-05 12:22:00,3.338,3.338,3.337,3.337,3.343,3.343,3.342,3.342,8
2026-06-05 12:23:00,3.338,3.338,3.3375,3.338,3.343,3.343,3.3425,3.343,3
2026-06-05 12:24:00,3.339,3.339,3.323,3.327,3.344,3.344,3.328,3.332,44
2026-06-05 12:25:00,3.328,3.328,3.327,3.327,3.333,3.333,3.332,3.332,10
2026-06-05 12:26:00,3.328,3.328,3.3275,3.328,3.333,3.333,3.3325,3.333,3
2026-06-05 12:27:00,3.3285,3.329,3.328,3.329,3.3335,3.334,3.333,3.334,3
2026-06-05 12:28:00,3.328,3.329,3.3275,3.328,3.333,3.334,3.3325,3.333,9
2026-06-05 12:29:00,3.3275,3.328,3.325,3.325,3.3325,3.333,3.33,3.33,10
2026-06-05 12:30:00,3.3245,3.328,3.324,3.325,3.3295,3.333,3.329,3.33,18
2026-06-05 12:31:00,3.3245,3.325,3.324,3.3245,3.3295,3.33,3.329,3.3295,12
2026-06-05 12:32:00,3.325,3.325,3.324,3.324,3.33,3.33,3.329,3.329,5
2026-06-05 12:33:00,3.323,3.323,3.318,3.3185,3.328,3.328,3.323,3.3235,17
2026-06-05 12:34:00,3.318,3.325,3.318,3.3245,3.323,3.33,3.323,3.3295,22
2026-06-05 12:35:00,3.323,3.324,3.322,3.323,3.328,3.329,3.327,3.328,18
2026-06-05 12:37:00,3.3225,3.324,3.321,3.3215,3.3275,3.329,3.326,3.3265,34
2026-06-05 12:38:00,3.321,3.322,3.3205,3.3215,3.326,3.327,3.3255,3.3265,9
2026-06-05 12:39:00,3.322,3.323,3.321,3.3215,3.327,3.328,3.326,3.3265,9
2026-06-05 12:40:00,3.321,3.323,3.32,3.3205,3.326,3.328,3.325,3.3255,20
2026-06-05 12:41:00,3.321,3.324,3.32,3.324,3.326,3.329,3.325,3.329,16
2026-06-05 12:42:00,3.3245,3.3245,3.323,3.324,3.3295,3.3295,3.328,3.329,14
2026-06-05 12:43:00,3.3245,3.325,3.3245,3.325,3.3295,3.33,3.3295,3.33,2
2026-06-05 12:44:00,3.324,3.3245,3.323,3.324,3.329,3.3295,3.328,3.329,10
2026-06-05 12:45:00,3.323,3.325,3.323,3.325,3.328,3.33,3.328,3.33,12
2026-06-05 12:46:00,3.326,3.327,3.325,3.326,3.331,3.332,3.33,3.331,15
2026-06-05 12:47:00,3.325,3.326,3.324,3.325,3.33,3.331,3.329,3.33,16
2026-06-05 12:48:00,3.3255,3.328,3.3255,3.327,3.3305,3.333,3.3305,3.332,6
2026-06-05 12:49:00,3.328,3.328,3.327,3.328,3.333,3.333,3.332,3.333,7
2026-06-05 12:50:00,3.327,3.329,3.325,3.329,3.332,3.334,3.33,3.334,16
2026-06-05 12:51:00,3.328,3.329,3.327,3.327,3.333,3.334,3.332,3.332,7
2026-06-05 12:52:00,3.3265,3.328,3.3265,3.328,3.3315,3.333,3.3315,3.333,6
2026-06-05 12:53:00,3.329,3.33,3.328,3.329,3.334,3.335,3.333,3.334,16
2026-06-05 12:54:00,3.33,3.3305,3.33,3.3305,3.335,3.3355,3.335,3.3355,4
2026-06-05 12:55:00,3.331,3.332,3.33,3.33,3.336,3.337,3.335,3.335,6
2026-06-05 12:56:00,3.329,3.33,3.329,3.33,3.334,3.335,3.334,3.335,4
2026-06-05 12:57:00,3.331,3.332,3.331,3.332,3.336,3.337,3.336,3.337,2
2026-06-05 12:58:00,3.3315,3.335,3.328,3.329,3.3365,3.34,3.333,3.334,35
2026-06-05 12:59:00,3.328,3.33,3.327,3.33,3.333,3.335,3.332,3.335,13
2026-06-05 13:00:00,3.331,3.3345,3.329,3.334,3.336,3.3395,3.334,3.339,16
2026-06-05 13:01:00,3.3335,3.335,3.333,3.334,3.3385,3.34,3.338,3.339,16
2026-06-05 13:02:00,3.333,3.333,3.329,3.331,3.338,3.338,3.334,3.336,17
2026-06-05 13:03:00,3.33,3.3305,3.3265,3.327,3.335,3.3355,3.3315,3.332,13
2026-06-05 13:04:00,3.326,3.326,3.317,3.32,3.331,3.331,3.322,3.325,35
2026-06-05 13:05:00,3.321,3.324,3.321,3.323,3.326,3.329,3.326,3.328,14
2026-06-05 13:06:00,3.324,3.324,3.3185,3.3205,3.329,3.329,3.3235,3.3255,17
2026-06-05 13:07:00,3.32,3.32,3.318,3.319,3.325,3.325,3.323,3.324,24
2026-06-05 13:08:00,3.32,3.32,3.318,3.319,3.325,3.325,3.323,3.324,9
2026-06-05 13:09:00,3.32,3.3235,3.32,3.323,3.325,3.3285,3.325,3.328,13
2026-06-05 13:10:00,3.3225,3.323,3.322,3.323,3.3275,3.328,3.327,3.328,3
2026-06-05 13:11:00,3.324,3.328,3.324,3.3265,3.329,3.333,3.329,3.3315,20
2026-06-05 13:12:00,3.327,3.327,3.326,3.326,3.332,3.332,3.331,3.331,12
2026-06-05 13:13:00,3.3255,3.327,3.325,3.327,3.3305,3.332,3.33,3.332,11
2026-06-05 13:14:00,3.328,3.328,3.328,3.328,3.333,3.333,3.333,3.333,1
2026-06-05 13:15:00,3.329,3.33,3.328,3.33,3.334,3.335,3.333,3.335,5
2026-06-05 13:16:00,3.331,3.332,3.329,3.332,3.336,3.337,3.334,3.337,15
2026-06-05 13:17:00,3.3315,3.333,3.331,3.332,3.3365,3.338,3.336,3.337,10
2026-06-05 13:18:00,3.331,3.334,3.331,3.333,3.336,3.339,3.336,3.338,18
2026-06-05 13:19:00,3.332,3.334,3.3305,3.332,3.337,3.339,3.3355,3.337,21
2026-06-05 13:20:00,3.3325,3.334,3.33,3.334,3.3375,3.339,3.335,3.339,15
2026-06-05 13:21:00,3.333,3.333,3.3295,3.3295,3.338,3.338,3.3345,3.3345,13
2026-06-05 13:22:00,3.329,3.331,3.3275,3.328,3.334,3.336,3.3325,3.333,16
2026-06-05 13:23:00,3.327,3.328,3.3235,3.325,3.332,3.333,3.3285,3.33,24
2026-06-05 13:24:00,3.3245,3.331,3.3245,3.3255,3.3295,3.336,3.3295,3.3305,30
2026-06-05 13:25:00,3.326,3.328,3.321,3.3225,3.331,3.333,3.326,3.3275,19
2026-06-05 13:26:00,3.323,3.326,3.322,3.323,3.328,3.331,3.327,3.328,21
2026-06-05 13:27:00,3.3225,3.323,3.32,3.32,3.3275,3.328,3.325,3.325,34
2026-06-05 13:28:00,3.3205,3.321,3.3175,3.321,3.3255,3.326,3.3225,3.326,27
2026-06-05 13:29:00,3.3205,3.323,3.3205,3.321,3.3255,3.328,3.3255,3.326,16
2026-06-05 13:30:00,3.3215,3.322,3.32,3.322,3.3265,3.327,3.325,3.327,21
2026-06-05 13:31:00,3.321,3.326,3.321,3.3245,3.326,3.331,3.326,3.3295,18
2026-06-05 13:32:00,3.325,3.325,3.318,3.319,3.33,3.33,3.323,3.324,25
2026-06-05 13:33:00,3.32,3.321,3.3185,3.32,3.325,3.326,3.3235,3.325,27
2026-06-05 13:34:00,3.321,3.321,3.32,3.321,3.326,3.326,3.325,3.326,6
2026-06-05 13:35:00,3.322,3.326,3.322,3.326,3.327,3.331,3.327,3.331,14
2026-06-05 13:36:00,3.3255,3.326,3.317,3.319,3.3305,3.331,3.322,3.324,31
2026-06-05 13:37:00,3.3185,3.32,3.318,3.319,3.3235,3.325,3.323,3.324,8
2026-06-05 13:38:00,3.32,3.3205,3.32,3.32,3.325,3.3255,3.325,3.325,3
2026-06-05 13:39:00,3.321,3.329,3.321,3.327,3.326,3.334,3.326,3.332,24
2026-06-05 13:40:00,3.3265,3.327,3.322,3.323,3.3315,3.332,3.327,3.328,12
2026-06-05 13:41:00,3.322,3.3245,3.322,3.324,3.327,3.3295,3.327,3.329,6
2026-06-05 13:42:00,3.323,3.324,3.322,3.324,3.328,3.329,3.327,3.329,15
2026-06-05 13:43:00,3.323,3.324,3.323,3.3235,3.328,3.329,3.328,3.3285,3
2026-06-05 13:44:00,3.323,3.325,3.323,3.325,3.328,3.33,3.328,3.33,18
2026-06-05 13:45:00,3.326,3.326,3.308,3.313,3.331,3.331,3.313,3.318,49
2026-06-05 13:46:00,3.314,3.316,3.31,3.311,3.319,3.321,3.315,3.316,30
2026-06-05 13:47:00,3.312,3.312,3.306,3.308,3.317,3.317,3.311,3.313,27
2026-06-05 13:48:00,3.309,3.31,3.307,3.309,3.314,3.315,3.312,3.314,18
2026-06-05 13:49:00,3.308,3.312,3.308,3.3105,3.313,3.317,3.313,3.3155,7
2026-06-05 13:50:00,3.31,3.311,3.309,3.311,3.315,3.316,3.314,3.316,27
2026-06-05 13:51:00,3.31,3.31,3.307,3.3085,3.315,3.315,3.312,3.3135,32
2026-06-05 13:52:00,3.308,3.314,3.3025,3.3025,3.313,3.319,3.3075,3.3075,39
2026-06-05 13:53:00,3.303,3.306,3.301,3.306,3.308,3.311,3.306,3.311,37
2026-06-05 13:54:00,3.3055,3.307,3.302,3.302,3.3105,3.312,3.307,3.307,44
2026-06-05 13:55:00,3.3015,3.308,3.3015,3.3065,3.3065,3.313,3.3065,3.3115,25
2026-06-05 13:56:00,3.306,3.309,3.306,3.309,3.311,3.314,3.311,3.314,18
2026-06-05 13:57:00,3.308,3.309,3.3055,3.3085,3.313,3.314,3.3105,3.3135,22
2026-06-05 13:58:00,3.3075,3.308,3.307,3.308,3.3125,3.313,3.312,3.313,8
2026-06-05 13:59:00,3.307,3.309,3.307,3.308,3.312,3.314,3.312,3.313,15
2026-06-05 14:00:00,3.307,3.31,3.303,3.305,3.312,3.315,3.308,3.31,47
2026-06-05 14:01:00,3.3045,3.305,3.302,3.303,3.3095,3.31,3.307,3.308,21
2026-06-05 14:02:00,3.304,3.304,3.3,3.303,3.309,3.309,3.305,3.308,26
2026-06-05 14:03:00,3.3025,3.305,3.301,3.303,3.3075,3.31,3.306,3.308,13
2026-06-05 14:04:00,3.304,3.305,3.303,3.304,3.309,3.31,3.308,3.309,10
2026-06-05 14:05:00,3.3035,3.304,3.302,3.303,3.3085,3.309,3.307,3.308,13
2026-06-05 14:06:00,3.302,3.304,3.298,3.3035,3.307,3.309,3.303,3.3085,36
2026-06-05 14:07:00,3.303,3.31,3.303,3.307,3.308,3.315,3.308,3.312,36
2026-06-05 14:08:00,3.306,3.306,3.3,3.3015,3.311,3.311,3.305,3.3065,42
2026-06-05 14:09:00,3.301,3.304,3.3,3.3015,3.306,3.309,3.305,3.3065,20
2026-06-05 14:10:00,3.301,3.301,3.298,3.3,3.306,3.306,3.303,3.305,21
2026-06-05 14:11:00,3.2995,3.301,3.297,3.301,3.3045,3.306,3.302,3.306,24
2026-06-05 14:12:00,3.302,3.304,3.301,3.302,3.307,3.309,3.306,3.307,13
2026-06-05 14:13:00,3.3015,3.304,3.301,3.301,3.3065,3.309,3.306,3.306,18
2026-06-05 14:14:00,3.302,3.302,3.297,3.297,3.307,3.307,3.302,3.302,16
2026-06-05 14:15:00,3.2965,3.303,3.296,3.301,3.3015,3.308,3.301,3.306,45
2026-06-05 14:16:00,3.3,3.301,3.2985,3.2985,3.305,3.306,3.3035,3.3035,23
2026-06-05 14:17:00,3.299,3.301,3.297,3.3,3.304,3.306,3.302,3.305,36
2026-06-05 14:18:00,3.3005,3.304,3.3005,3.302,3.3055,3.309,3.3055,3.307,19
2026-06-05 14:19:00,3.3015,3.307,3.3015,3.307,3.3065,3.312,3.3065,3.312,14
2026-06-05 14:20:00,3.308,3.308,3.306,3.307,3.313,3.313,3.311,3.312,30
2026-06-05 14:21:00,3.306,3.309,3.306,3.309,3.311,3.314,3.311,3.314,17
2026-06-05 14:22:00,3.3085,3.311,3.3085,3.311,3.3135,3.316,3.3135,3.316,13
2026-06-05 14:23:00,3.312,3.32,3.312,3.32,3.317,3.325,3.317,3.325,42
2026-06-05 14:24:00,3.3205,3.321,3.3135,3.315,3.3255,3.326,3.3185,3.32,48
2026-06-05 14:25:00,3.314,3.314,3.311,3.3125,3.319,3.319,3.316,3.3175,41
2026-06-05 14:26:00,3.312,3.3125,3.307,3.311,3.317,3.3175,3.312,3.316,27
2026-06-05 14:27:00,3.3105,3.3105,3.3085,3.309,3.3155,3.3155,3.3135,3.314,11
2026-06-05 14:28:00,3.308,3.3095,3.307,3.3095,3.313,3.3145,3.312,3.3145,16
2026-06-05 14:29:00,3.309,3.3105,3.308,3.31,3.314,3.3155,3.313,3.315,21
2026-06-05 14:30:00,3.3105,3.3175,3.31,3.3145,3.3155,3.3225,3.315,3.3195,38
2026-06-05 14:31:00,3.315,3.315,3.311,3.3115,3.32,3.32,3.316,3.3165,23
2026-06-05 14:32:00,3.311,3.312,3.308,3.309,3.316,3.317,3.313,3.314,22
2026-06-05 14:33:00,3.308,3.316,3.308,3.316,3.313,3.321,3.313,3.321,20
2026-06-05 14:34:00,3.315,3.318,3.314,3.316,3.32,3.323,3.319,3.321,19
2026-06-05 14:35:00,3.315,3.318,3.313,3.314,3.32,3.323,3.318,3.319,35
2026-06-05 14:36:00,3.313,3.317,3.31,3.3155,3.318,3.322,3.315,3.3205,36
2026-06-05 14:37:00,3.315,3.315,3.312,3.313,3.32,3.32,3.317,3.318,14
2026-06-05 14:38:00,3.3125,3.3135,3.312,3.312,3.3175,3.3185,3.317,3.317,9
2026-06-05 14:39:00,3.3125,3.3175,3.312,3.3175,3.3175,3.3225,3.317,3.3225,13
2026-06-05 14:40:00,3.318,3.318,3.3125,3.3125,3.323,3.323,3.3175,3.3175,19
2026-06-05 14:41:00,3.312,3.315,3.3115,3.315,3.317,3.32,3.3165,3.32,14
2026-06-05 14:42:00,3.3155,3.316,3.311,3.3135,3.3205,3.321,3.316,3.3185,28
2026-06-05 14:43:00,3.313,3.319,3.313,3.3165,3.318,3.324,3.318,3.3215,34
2026-06-05 14:44:00,3.316,3.317,3.306,3.3065,3.321,3.322,3.311,3.3115,49
2026-06-05 14:45:00,3.307,3.308,3.297,3.305,3.312,3.313,3.302,3.31,72
2026-06-05 14:46:00,3.306,3.307,3.303,3.305,3.311,3.312,3.308,3.31,23
2026-06-05 14:47:00,3.3045,3.3045,3.2885,3.2905,3.3095,3.3095,3.2935,3.2955,84
2026-06-05 14:48:00,3.29,3.294,3.289,3.293,3.295,3.299,3.294,3.298,75
2026-06-05 14:49:00,3.294,3.294,3.289,3.293,3.299,3.299,3.294,3.298,33
2026-06-05 14:50:00,3.294,3.298,3.292,3.2925,3.299,3.303,3.297,3.2975,52
2026-06-05 14:51:00,3.292,3.293,3.289,3.29,3.297,3.298,3.294,3.295,19
2026-06-05 14:52:00,3.289,3.291,3.283,3.2865,3.294,3.296,3.288,3.2915,52
2026-06-05 14:53:00,3.286,3.287,3.28,3.283,3.291,3.292,3.285,3.288,49
2026-06-05 14:54:00,3.2825,3.2825,3.278,3.282,3.2875,3.2875,3.283,3.287,49
2026-06-05 14:55:00,3.2815,3.284,3.281,3.283,3.2865,3.289,3.286,3.288,31
2026-06-05 14:56:00,3.282,3.289,3.282,3.2865,3.287,3.294,3.287,3.2915,52
2026-06-05 14:57:00,3.287,3.289,3.287,3.288,3.292,3.294,3.292,3.293,29
2026-06-05 14:58:00,3.289,3.292,3.286,3.2915,3.294,3.297,3.291,3.2965,35
2026-06-05 14:59:00,3.2935,3.311,3.293,3.309,3.2985,3.316,3.298,3.314,106
2026-06-05 15:00:00,3.31,3.32,3.306,3.315,3.315,3.325,3.311,3.32,150
2026-06-05 15:01:00,3.3155,3.326,3.312,3.318,3.3205,3.331,3.317,3.323,127
2026-06-05 15:02:00,3.3175,3.32,3.314,3.3165,3.3225,3.325,3.319,3.3215,74
2026-06-05 15:03:00,3.317,3.317,3.312,3.317,3.322,3.322,3.317,3.322,41
2026-06-05 15:04:00,3.3165,3.319,3.307,3.307,3.3215,3.324,3.312,3.312,41
2026-06-05 15:05:00,3.306,3.308,3.302,3.306,3.311,3.313,3.307,3.311,73
2026-06-05 15:06:00,3.307,3.307,3.299,3.302,3.312,3.312,3.304,3.307,42
2026-06-05 15:07:00,3.3015,3.3015,3.295,3.2975,3.3065,3.3065,3.3,3.3025,61
2026-06-05 15:08:00,3.298,3.3,3.295,3.2975,3.303,3.305,3.3,3.3025,40
2026-06-05 15:09:00,3.297,3.298,3.293,3.293,3.302,3.303,3.298,3.298,28
2026-06-05 15:10:00,3.292,3.299,3.289,3.298,3.297,3.304,3.294,3.303,84
2026-06-05 15:11:00,3.2985,3.299,3.295,3.296,3.3035,3.304,3.3,3.301,40
2026-06-05 15:12:00,3.297,3.298,3.293,3.293,3.302,3.303,3.298,3.298,48
2026-06-05 15:13:00,3.294,3.31,3.294,3.3055,3.299,3.315,3.299,3.3105,85
2026-06-05 15:14:00,3.305,3.3125,3.304,3.305,3.31,3.3175,3.309,3.31,76
2026-06-05 15:15:00,3.304,3.304,3.298,3.2985,3.309,3.309,3.303,3.3035,25
2026-06-05 15:16:00,3.298,3.3,3.297,3.299,3.303,3.305,3.302,3.304,28
2026-06-05 15:17:00,3.3,3.3015,3.298,3.2985,3.305,3.3065,3.303,3.3035,23
2026-06-05 15:18:00,3.299,3.3005,3.298,3.3005,3.304,3.3055,3.303,3.3055,22
2026-06-05 15:19:00,3.3,3.305,3.298,3.298,3.305,3.31,3.303,3.303,34
2026-06-05 15:20:00,3.299,3.3045,3.298,3.3045,3.304,3.3095,3.303,3.3095,34
2026-06-05 15:21:00,3.304,3.304,3.3005,3.301,3.309,3.309,3.3055,3.306,22
2026-06-05 15:22:00,3.302,3.302,3.3005,3.301,3.307,3.307,3.3055,3.306,12
2026-06-05 15:23:00,3.3015,3.3015,3.297,3.297,3.3065,3.3065,3.302,3.302,13
2026-06-05 15:24:00,3.298,3.299,3.293,3.2935,3.303,3.304,3.298,3.2985,36
2026-06-05 15:25:00,3.294,3.299,3.293,3.297,3.299,3.304,3.298,3.302,34
2026-06-05 15:26:00,3.2975,3.2975,3.294,3.295,3.3025,3.3025,3.299,3.3,23
2026-06-05 15:27:00,3.296,3.297,3.293,3.2935,3.301,3.302,3.298,3.2985,30
2026-06-05 15:28:00,3.293,3.295,3.293,3.2945,3.298,3.3,3.298,3.2995,15
2026-06-05 15:29:00,3.295,3.295,3.292,3.2925,3.3,3.3,3.297,3.2975,21
2026-06-05 15:30:00,3.293,3.3,3.29,3.296,3.298,3.305,3.295,3.301,49
2026-06-05 15:31:00,3.297,3.299,3.296,3.297,3.302,3.304,3.301,3.302,40
2026-06-05 15:32:00,3.296,3.2995,3.294,3.296,3.301,3.3045,3.299,3.301,50
2026-06-05 15:33:00,3.295,3.297,3.295,3.2965,3.3,3.302,3.3,3.3015,17
2026-06-05 15:34:00,3.296,3.297,3.2915,3.2915,3.301,3.302,3.2965,3.2965,35
2026-06-05 15:35:00,3.292,3.296,3.29,3.294,3.297,3.301,3.295,3.299,25
2026-06-05 15:36:00,3.2945,3.296,3.294,3.2945,3.2995,3.301,3.299,3.2995,28
2026-06-05 15:37:00,3.295,3.295,3.291,3.292,3.3,3.3,3.296,3.297,60
2026-06-05 15:38:00,3.293,3.293,3.288,3.291,3.298,3.298,3.293,3.296,30
2026-06-05 15:39:00,3.292,3.292,3.285,3.29,3.297,3.297,3.29,3.295,65
2026-06-05 15:40:00,3.2905,3.2905,3.287,3.289,3.2955,3.2955,3.292,3.294,23
2026-06-05 15:41:00,3.2885,3.291,3.288,3.2905,3.2935,3.296,3.293,3.2955,21
2026-06-05 15:42:00,3.29,3.291,3.288,3.291,3.295,3.296,3.293,3.296,25
2026-06-05 15:43:00,3.292,3.292,3.287,3.2885,3.297,3.297,3.292,3.2935,22
2026-06-05 15:44:00,3.289,3.29,3.288,3.288,3.294,3.295,3.293,3.293,10
2026-06-05 15:45:00,3.289,3.29,3.288,3.288,3.294,3.295,3.293,3.293,19
2026-06-05 15:46:00,3.2875,3.289,3.287,3.2875,3.2925,3.294,3.292,3.293,24
2026-06-05 15:47:00,3.287,3.289,3.286,3.289,3.2925,3.294,3.291,3.294,48
2026-06-05 15:48:00,3.288,3.291,3.288,3.29,3.293,3.296,3.293,3.295,32
2026-06-05 15:49:00,3.291,3.291,3.289,3.289,3.296,3.296,3.294,3.294,17
2026-06-05 15:50:00,3.288,3.296,3.288,3.296,3.293,3.301,3.293,3.301,32
2026-06-05 15:51:00,3.295,3.295,3.293,3.294,3.3,3.3,3.298,3.299,18
2026-06-05 15:52:00,3.293,3.298,3.293,3.293,3.298,3.303,3.298,3.298,46
2026-06-05 15:53:00,3.2925,3.293,3.291,3.293,3.2975,3.298,3.296,3.298,20
2026-06-05 15:54:00,3.292,3.294,3.292,3.294,3.297,3.299,3.297,3.299,21
2026-06-05 15:55:00,3.293,3.294,3.292,3.293,3.298,3.299,3.297,3.298,29
2026-06-05 15:56:00,3.292,3.2955,3.292,3.2955,3.297,3.3005,3.297,3.3005,8
2026-06-05 15:57:00,3.295,3.296,3.2945,3.295,3.3,3.301,3.2995,3.3,18
2026-06-05 15:58:00,3.296,3.296,3.293,3.293,3.301,3.301,3.298,3.298,11
2026-06-05 15:59:00,3.294,3.294,3.293,3.293,3.299,3.299,3.298,3.298,2
2026-06-05 16:00:00,3.2915,3.295,3.291,3.293,3.2965,3.3,3.296,3.298,35
2026-06-05 16:01:00,3.292,3.292,3.29,3.291,3.2975,3.298,3.296,3.296,14
2026-06-05 16:02:00,3.284,3.286,3.283,3.2845,3.289,3.291,3.288,3.2895,30
2026-06-05 16:03:00,3.285,3.285,3.281,3.2815,3.289,3.29,3.286,3.2865,41
2026-06-05 16:04:00,3.2835,3.2855,3.281,3.282,3.2885,3.2905,3.286,3.287,35
2026-06-05 16:05:00,3.283,3.29,3.282,3.29,3.288,3.295,3.287,3.295,14
2026-06-05 16:06:00,3.291,3.295,3.29,3.294,3.296,3.3,3.295,3.299,24
2026-06-05 16:07:00,3.293,3.3,3.293,3.298,3.298,3.305,3.298,3.303,35
2026-06-05 16:08:00,3.297,3.2985,3.292,3.292,3.302,3.304,3.297,3.297,39
2026-06-05 16:09:00,3.293,3.298,3.292,3.298,3.298,3.303,3.297,3.303,22
2026-06-05 16:10:00,3.297,3.299,3.296,3.298,3.302,3.304,3.301,3.303,20
2026-06-05 16:11:00,3.2985,3.302,3.298,3.3,3.3035,3.307,3.303,3.306,20
2026-06-05 16:12:00,3.299,3.3,3.297,3.298,3.304,3.305,3.302,3.303,18
2026-06-05 16:13:00,3.2975,3.298,3.297,3.298,3.3025,3.303,3.302,3.303,17
2026-06-05 16:14:00,3.2975,3.298,3.2975,3.298,3.304,3.304,3.3025,3.303,2
2026-06-05 16:15:00,3.298,3.298,3.296,3.296,3.303,3.303,3.301,3.301,8
2026-06-05 16:16:00,3.298,3.298,3.296,3.298,3.303,3.303,3.301,3.303,13
2026-06-05 16:17:00,3.299,3.299,3.297,3.298,3.304,3.304,3.302,3.303,9
2026-06-05 16:18:00,3.2985,3.302,3.298,3.301,3.3035,3.307,3.303,3.306,54
2026-06-05 16:19:00,3.3,3.301,3.2995,3.3,3.305,3.306,3.3045,3.305,32
2026-06-05 16:20:00,3.301,3.301,3.2985,3.3,3.306,3.306,3.3035,3.305,32
2026-06-05 16:21:00,3.301,3.303,3.299,3.299,3.306,3.308,3.304,3.304,13
2026-06-05 16:22:00,3.3,3.3,3.292,3.293,3.305,3.305,3.297,3.298,28
2026-06-05 16:23:00,3.2935,3.295,3.292,3.293,3.2985,3.3,3.297,3.298,20
2026-06-05 16:24:00,3.292,3.294,3.292,3.293,3.297,3.299,3.297,3.298,10
2026-06-05 16:25:00,3.2935,3.294,3.293,3.293,3.2985,3.299,3.298,3.298,23
2026-06-05 16:26:00,3.292,3.2925,3.289,3.29,3.297,3.298,3.294,3.295,12
2026-06-05 16:27:00,3.289,3.29,3.282,3.2825,3.294,3.295,3.287,3.2875,36
2026-06-05 16:28:00,3.282,3.284,3.281,3.283,3.287,3.289,3.286,3.288,20
2026-06-05 16:29:00,3.282,3.283,3.278,3.28,3.287,3.288,3.283,3.285,33
2026-06-05 16:30:00,3.281,3.282,3.28,3.281,3.286,3.287,3.285,3.286,38
2026-06-05 16:31:00,3.28,3.282,3.28,3.2805,3.285,3.287,3.285,3.2855,19
2026-06-05 16:32:00,3.281,3.281,3.27,3.273,3.286,3.286,3.275,3.278,46
2026-06-05 16:33:00,3.2725,3.2725,3.266,3.269,3.2775,3.2775,3.271,3.274,53
2026-06-05 16:34:00,3.27,3.2705,3.268,3.2695,3.275,3.2755,3.273,3.2745,110
2026-06-05 16:35:00,3.269,3.269,3.265,3.267,3.274,3.274,3.27,3.272,92
2026-06-05 16:36:00,3.266,3.268,3.266,3.267,3.271,3.273,3.271,3.272,32
2026-06-05 16:37:00,3.266,3.274,3.266,3.272,3.271,3.279,3.271,3.277,27
2026-06-05 16:38:00,3.2715,3.274,3.271,3.272,3.2765,3.279,3.276,3.277,18
2026-06-05 16:39:00,3.271,3.274,3.269,3.273,3.276,3.279,3.274,3.278,33
2026-06-05 16:40:00,3.272,3.274,3.272,3.273,3.277,3.279,3.277,3.278,11
2026-06-05 16:41:00,3.2725,3.273,3.269,3.269,3.2775,3.278,3.274,3.274,26
2026-06-05 16:42:00,3.268,3.27,3.266,3.266,3.273,3.275,3.271,3.271,16
2026-06-05 16:43:00,3.267,3.2675,3.266,3.267,3.272,3.2725,3.271,3.272,17
2026-06-05 16:44:00,3.268,3.27,3.267,3.268,3.273,3.275,3.272,3.273,25
2026-06-05 16:45:00,3.269,3.269,3.267,3.267,3.274,3.274,3.272,3.272,11
2026-06-05 16:46:00,3.2665,3.27,3.266,3.267,3.2715,3.275,3.271,3.272,21
2026-06-05 16:47:00,3.268,3.269,3.266,3.268,3.273,3.274,3.271,3.273,24
2026-06-05 16:48:00,3.269,3.27,3.2685,3.2695,3.274,3.275,3.2735,3.2745,12
2026-06-05 16:49:00,3.269,3.269,3.266,3.267,3.274,3.274,3.271,3.272,19
2026-06-05 16:50:00,3.2665,3.268,3.263,3.266,3.2715,3.273,3.268,3.271,36
2026-06-05 16:51:00,3.2665,3.267,3.264,3.265,3.2715,3.272,3.269,3.27,15
2026-06-05 16:52:00,3.264,3.266,3.264,3.2645,3.269,3.271,3.269,3.2695,26
2026-06-05 16:53:00,3.265,3.266,3.264,3.2645,3.27,3.271,3.269,3.2695,32
2026-06-05 16:54:00,3.264,3.265,3.263,3.264,3.269,3.27,3.268,3.269,25
2026-06-05 16:55:00,3.263,3.266,3.263,3.266,3.268,3.271,3.268,3.271,18
2026-06-05 16:56:00,3.267,3.27,3.267,3.268,3.272,3.275,3.272,3.273,43
2026-06-05 16:57:00,3.2675,3.268,3.267,3.2675,3.2725,3.273,3.272,3.2725,22
2026-06-05 16:58:00,3.267,3.269,3.266,3.266,3.272,3.274,3.271,3.271,7
2026-06-05 16:59:00,3.2665,3.268,3.266,3.2665,3.2715,3.273,3.271,3.2715,17
2026-06-05 17:00:00,3.267,3.268,3.266,3.267,3.272,3.273,3.271,3.272,18
2026-06-05 17:01:00,3.268,3.271,3.268,3.269,3.273,3.276,3.273,3.274,18
2026-06-05 17:02:00,3.2685,3.27,3.268,3.27,3.2735,3.275,3.273,3.275,20
2026-06-05 17:03:00,3.271,3.272,3.27,3.271,3.276,3.277,3.275,3.276,13
2026-06-05 17:04:00,3.27,3.272,3.269,3.27,3.275,3.277,3.274,3.275,10
2026-06-05 17:05:00,3.269,3.273,3.269,3.2725,3.274,3.278,3.274,3.2775,50
2026-06-05 17:06:00,3.272,3.272,3.269,3.269,3.277,3.277,3.274,3.274,18
2026-06-05 17:07:00,3.268,3.27,3.267,3.269,3.273,3.275,3.272,3.274,43
2026-06-05 17:08:00,3.2695,3.27,3.269,3.27,3.2745,3.275,3.274,3.275,5
2026-06-05 17:09:00,3.271,3.271,3.268,3.2685,3.276,3.276,3.273,3.2735,13
2026-06-05 17:10:00,3.269,3.274,3.266,3.2725,3.274,3.279,3.271,3.2775,27
2026-06-05 17:11:00,3.273,3.274,3.271,3.271,3.278,3.279,3.276,3.276,13
2026-06-05 17:12:00,3.272,3.272,3.269,3.27,3.277,3.277,3.274,3.275,10
2026-06-05 17:13:00,3.269,3.27,3.263,3.265,3.274,3.275,3.268,3.27,34
2026-06-05 17:14:00,3.264,3.2665,3.2635,3.2635,3.269,3.2715,3.2685,3.2685,17
2026-06-05 17:15:00,3.263,3.269,3.261,3.268,3.268,3.274,3.266,3.273,36
2026-06-05 17:16:00,3.269,3.271,3.268,3.2695,3.274,3.276,3.273,3.2745,30
2026-06-05 17:17:00,3.27,3.272,3.2685,3.271,3.275,3.277,3.2735,3.276,34
2026-06-05 17:18:00,3.272,3.272,3.27,3.27,3.277,3.277,3.275,3.275,6
2026-06-05 17:19:00,3.269,3.27,3.269,3.27,3.274,3.275,3.274,3.275,8
2026-06-05 17:20:00,3.269,3.272,3.269,3.2705,3.274,3.277,3.274,3.2755,11
2026-06-05 17:21:00,3.27,3.27,3.269,3.269,3.275,3.275,3.274,3.274,17
2026-06-05 17:22:00,3.268,3.269,3.266,3.266,3.273,3.274,3.271,3.271,17
2026-06-05 17:23:00,3.267,3.269,3.265,3.267,3.272,3.274,3.27,3.272,27
2026-06-05 17:24:00,3.268,3.268,3.2635,3.2635,3.273,3.273,3.2685,3.2685,10
2026-06-05 17:25:00,3.264,3.264,3.261,3.263,3.269,3.269,3.266,3.268,14
2026-06-05 17:26:00,3.262,3.264,3.261,3.2615,3.267,3.269,3.266,3.2665,20
2026-06-05 17:27:00,3.261,3.263,3.261,3.263,3.266,3.268,3.266,3.268,15
2026-06-05 17:28:00,3.262,3.263,3.261,3.262,3.267,3.268,3.266,3.267,19
2026-06-05 17:29:00,3.261,3.262,3.26,3.261,3.266,3.267,3.265,3.266,9
2026-06-05 17:30:00,3.26,3.263,3.259,3.261,3.265,3.268,3.264,3.266,35
2026-06-05 17:31:00,3.262,3.262,3.261,3.261,3.267,3.267,3.266,3.266,7
2026-06-05 17:32:00,3.262,3.262,3.26,3.261,3.267,3.267,3.265,3.266,6
2026-06-05 17:33:00,3.26,3.262,3.26,3.261,3.265,3.267,3.265,3.266,4
2026-06-05 17:34:00,3.262,3.262,3.255,3.255,3.267,3.267,3.26,3.26,26
2026-06-05 17:35:00,3.2545,3.257,3.254,3.256,3.2595,3.262,3.259,3.261,18
2026-06-05 17:36:00,3.2555,3.256,3.254,3.255,3.2605,3.261,3.259,3.26,29
2026-06-05 17:37:00,3.254,3.257,3.254,3.256,3.259,3.262,3.259,3.261,17
2026-06-05 17:38:00,3.255,3.256,3.254,3.255,3.26,3.261,3.259,3.26,14
2026-06-05 17:39:00,3.254,3.254,3.248,3.251,3.259,3.259,3.253,3.256,31
2026-06-05 17:40:00,3.25,3.251,3.247,3.247,3.255,3.256,3.252,3.252,20
2026-06-05 17:41:00,3.248,3.25,3.248,3.25,3.253,3.255,3.253,3.255,40
2026-06-05 17:42:00,3.251,3.251,3.248,3.25,3.256,3.256,3.253,3.255,6
2026-06-05 17:43:00,3.249,3.249,3.246,3.247,3.254,3.254,3.251,3.252,25
2026-06-05 17:44:00,3.248,3.25,3.247,3.2495,3.253,3.255,3.252,3.2545,20
2026-06-05 17:45:00,3.249,3.25,3.247,3.249,3.254,3.255,3.252,3.254,35
2026-06-05 17:46:00,3.2495,3.251,3.248,3.25,3.2545,3.256,3.253,3.255,27
2026-06-05 17:47:00,3.249,3.2495,3.245,3.246,3.254,3.2545,3.25,3.251,23
2026-06-05 17:48:00,3.2455,3.248,3.242,3.248,3.2505,3.253,3.247,3.253,27
2026-06-05 17:49:00,3.2475,3.248,3.246,3.246,3.2525,3.253,3.251,3.251,12
2026-06-05 17:50:00,3.245,3.246,3.243,3.244,3.25,3.251,3.248,3.249,9
2026-06-05 17:51:00,3.2435,3.244,3.243,3.243,3.2485,3.249,3.248,3.248,9
2026-06-05 17:52:00,3.244,3.247,3.244,3.246,3.249,3.252,3.249,3.251,21
2026-06-05 17:53:00,3.247,3.25,3.247,3.248,3.252,3.255,3.252,3.253,15
2026-06-05 17:54:00,3.2475,3.249,3.247,3.248,3.2525,3.254,3.252,3.253,26
2026-06-05 17:55:00,3.2475,3.248,3.247,3.2475,3.2525,3.253,3.252,3.2525,27
2026-06-05 17:56:00,3.247,3.253,3.247,3.2475,3.252,3.258,3.252,3.2525,24
2026-06-05 17:57:00,3.248,3.248,3.246,3.248,3.253,3.253,3.251,3.253,18
2026-06-05 17:58:00,3.249,3.25,3.249,3.249,3.254,3.255,3.254,3.254,5
2026-06-05 17:59:00,3.248,3.25,3.248,3.25,3.253,3.255,3.253,3.255,8
2026-06-05 18:00:00,3.251,3.252,3.249,3.2515,3.256,3.257,3.254,3.2565,11
2026-06-05 18:01:00,3.251,3.254,3.25,3.251,3.256,3.259,3.255,3.256,35
2026-06-05 18:02:00,3.25,3.252,3.25,3.251,3.255,3.257,3.255,3.256,16
2026-06-05 18:03:00,3.25,3.256,3.2495,3.254,3.255,3.261,3.2545,3.259,30
2026-06-05 18:04:00,3.2535,3.254,3.25,3.251,3.2585,3.259,3.255,3.256,16
2026-06-05 18:05:00,3.25,3.252,3.249,3.25,3.255,3.257,3.254,3.255,18
2026-06-05 18:06:00,3.249,3.25,3.246,3.246,3.254,3.255,3.251,3.251,30
2026-06-05 18:07:00,3.245,3.247,3.243,3.246,3.25,3.252,3.248,3.251,10
2026-06-05 18:08:00,3.245,3.246,3.244,3.246,3.25,3.251,3.249,3.251,30
2026-06-05 18:09:00,3.245,3.247,3.245,3.246,3.25,3.252,3.25,3.251,10
2026-06-05 18:10:00,3.245,3.246,3.244,3.2445,3.25,3.251,3.249,3.2495,16
2026-06-05 18:11:00,3.244,3.244,3.242,3.243,3.249,3.249,3.247,3.248,6
2026-06-05 18:12:00,3.242,3.243,3.242,3.242,3.247,3.248,3.247,3.247,10
2026-06-05 18:13:00,3.241,3.244,3.241,3.243,3.246,3.249,3.246,3.248,13
2026-06-05 18:14:00,3.242,3.243,3.239,3.24,3.247,3.248,3.244,3.245,25
2026-06-05 18:15:00,3.239,3.24,3.235,3.239,3.244,3.245,3.24,3.244,32
2026-06-05 18:16:00,3.24,3.241,3.24,3.2405,3.245,3.246,3.245,3.2455,14
2026-06-05 18:17:00,3.24,3.241,3.24,3.24,3.245,3.246,3.245,3.245,15
2026-06-05 18:18:00,3.2395,3.2395,3.237,3.237,3.2445,3.2445,3.242,3.242,8
2026-06-05 18:19:00,3.238,3.238,3.237,3.237,3.243,3.243,3.242,3.242,20
2026-06-05 18:20:00,3.236,3.237,3.236,3.2365,3.241,3.242,3.241,3.2415,16
2026-06-05 18:21:00,3.237,3.237,3.233,3.234,3.242,3.242,3.238,3.239,16
2026-06-05 18:22:00,3.235,3.237,3.234,3.237,3.24,3.242,3.239,3.242,27
2026-06-05 18:23:00,3.236,3.239,3.236,3.237,3.241,3.244,3.241,3.242,24
2026-06-05 18:24:00,3.238,3.242,3.237,3.239,3.243,3.247,3.242,3.244,28
2026-06-05 18:25:00,3.238,3.24,3.238,3.2395,3.243,3.245,3.243,3.2445,18
2026-06-05 18:26:00,3.239,3.24,3.238,3.238,3.244,3.245,3.243,3.243,17
2026-06-05 18:27:00,3.2375,3.239,3.237,3.238,3.2425,3.244,3.242,3.243,17
2026-06-05 18:28:00,3.237,3.238,3.237,3.238,3.242,3.243,3.242,3.243,4
2026-06-05 18:29:00,3.239,3.242,3.238,3.24,3.244,3.247,3.243,3.245,23
2026-06-05 18:30:00,3.239,3.242,3.239,3.242,3.244,3.247,3.244,3.247,12
2026-06-05 18:31:00,3.2415,3.2415,3.237,3.237,3.2465,3.2465,3.242,3.242,11
2026-06-05 18:32:00,3.2365,3.237,3.234,3.234,3.2415,3.242,3.239,3.239,7
2026-06-05 18:33:00,3.235,3.242,3.235,3.24,3.24,3.247,3.24,3.245,28
2026-06-05 18:34:00,3.241,3.242,3.24,3.24,3.246,3.247,3.245,3.245,17
2026-06-05 18:35:00,3.239,3.24,3.237,3.239,3.244,3.245,3.242,3.244,21
2026-06-05 18:36:00,3.2385,3.24,3.237,3.238,3.2435,3.245,3.242,3.243,14
2026-06-05 18:37:00,3.2375,3.239,3.237,3.238,3.2425,3.244,3.242,3.243,23
2026-06-05 18:38:00,3.237,3.237,3.236,3.236,3.242,3.242,3.241,3.241,4
2026-06-05 18:39:00,3.235,3.236,3.235,3.2355,3.24,3.241,3.24,3.2405,21
2026-06-05 18:40:00,3.235,3.237,3.234,3.235,3.24,3.242,3.239,3.24,14
2026-06-05 18:41:00,3.236,3.237,3.235,3.2365,3.241,3.242,3.24,3.2415,28
2026-06-05 18:42:00,3.237,3.237,3.236,3.2365,3.242,3.242,3.241,3.2415,31
2026-06-05 18:43:00,3.236,3.238,3.235,3.2355,3.241,3.243,3.24,3.2405,19
2026-06-05 18:44:00,3.235,3.236,3.235,3.2355,3.24,3.241,3.24,3.2405,17
2026-06-05 18:45:00,3.235,3.239,3.235,3.2385,3.24,3.244,3.24,3.2435,20
2026-06-05 18:46:00,3.238,3.238,3.237,3.237,3.243,3.243,3.242,3.242,11
2026-06-05 18:47:00,3.2365,3.238,3.235,3.237,3.2415,3.243,3.24,3.242,22
2026-06-05 18:48:00,3.238,3.241,3.236,3.2365,3.243,3.246,3.241,3.2415,37
2026-06-05 18:49:00,3.236,3.238,3.235,3.238,3.241,3.243,3.24,3.243,9
2026-06-05 18:50:00,3.2375,3.2375,3.236,3.236,3.2425,3.2425,3.241,3.241,6
2026-06-05 18:51:00,3.238,3.239,3.234,3.234,3.243,3.244,3.239,3.239,25
2026-06-05 18:52:00,3.233,3.234,3.233,3.233,3.238,3.239,3.238,3.238,18
2026-06-05 18:53:00,3.234,3.2355,3.234,3.235,3.239,3.2405,3.239,3.24,4
2026-06-05 18:54:00,3.236,3.236,3.234,3.234,3.241,3.241,3.239,3.239,22
2026-06-05 18:55:00,3.233,3.234,3.233,3.233,3.238,3.239,3.238,3.238,29
2026-06-05 18:56:00,3.234,3.235,3.233,3.233,3.239,3.24,3.238,3.238,15
2026-06-05 18:57:00,3.234,3.234,3.232,3.233,3.239,3.239,3.237,3.238,11
2026-06-05 18:58:00,3.2325,3.2355,3.2325,3.234,3.2375,3.2405,3.2375,3.239,31
2026-06-05 18:59:00,3.235,3.237,3.235,3.237,3.24,3.242,3.24,3.242,7
2026-06-05 19:00:00,3.236,3.242,3.236,3.2415,3.241,3.247,3.241,3.2465,28
2026-06-05 19:01:00,3.243,3.248,3.242,3.244,3.248,3.253,3.247,3.249,47
2026-06-05 19:02:00,3.243,3.246,3.243,3.245,3.248,3.251,3.248,3.25,17
2026-06-05 19:03:00,3.2445,3.245,3.242,3.244,3.2495,3.25,3.247,3.249,18
2026-06-05 19:04:00,3.245,3.246,3.243,3.2435,3.25,3.251,3.248,3.2485,20
2026-06-05 19:05:00,3.243,3.244,3.24,3.24,3.248,3.249,3.245,3.245,14
2026-06-05 19:06:00,3.239,3.242,3.239,3.24,3.244,3.247,3.244,3.245,19
2026-06-05 19:07:00,3.239,3.2405,3.239,3.24,3.244,3.2455,3.244,3.245,5
2026-06-05 19:08:00,3.239,3.24,3.239,3.2395,3.244,3.245,3.244,3.2445,7
2026-06-05 19:09:00,3.239,3.239,3.235,3.236,3.244,3.244,3.24,3.241,13
2026-06-05 19:10:00,3.237,3.238,3.235,3.238,3.242,3.243,3.24,3.243,12
2026-06-05 19:11:00,3.2375,3.238,3.236,3.236,3.2425,3.243,3.241,3.241,12
2026-06-05 19:12:00,3.2355,3.236,3.235,3.235,3.2405,3.241,3.24,3.24,8
2026-06-05 19:13:00,3.236,3.237,3.235,3.235,3.241,3.242,3.24,3.24,4
2026-06-05 19:14:00,3.234,3.235,3.233,3.233,3.239,3.24,3.238,3.238,8
2026-06-05 19:15:00,3.234,3.234,3.232,3.232,3.239,3.239,3.237,3.237,18
2026-06-05 19:16:00,3.233,3.234,3.232,3.233,3.238,3.239,3.237,3.238,16
2026-06-05 19:17:00,3.2325,3.233,3.225,3.227,3.2375,3.238,3.23,3.232,58
2026-06-05 19:18:00,3.226,3.227,3.224,3.225,3.231,3.232,3.229,3.23,22
2026-06-05 19:19:00,3.224,3.226,3.2235,3.226,3.229,3.231,3.2285,3.231,28
2026-06-05 19:20:00,3.227,3.227,3.225,3.227,3.232,3.232,3.23,3.232,17
2026-06-05 19:21:00,3.2275,3.229,3.225,3.225,3.2325,3.234,3.23,3.23,20
2026-06-05 19:22:00,3.2255,3.23,3.224,3.23,3.2305,3.235,3.229,3.235,30
2026-06-05 19:23:00,3.231,3.232,3.229,3.2315,3.236,3.237,3.234,3.2365,23
2026-06-05 19:24:00,3.232,3.234,3.231,3.233,3.237,3.239,3.236,3.238,35
2026-06-05 19:25:00,3.232,3.233,3.231,3.232,3.237,3.238,3.236,3.237,10
2026-06-05 19:26:00,3.233,3.233,3.229,3.229,3.238,3.238,3.234,3.234,22
2026-06-05 19:27:00,3.23,3.232,3.2295,3.231,3.235,3.237,3.2345,3.236,13
2026-06-05 19:28:00,3.232,3.2405,3.232,3.2375,3.237,3.2455,3.237,3.2425,39
2026-06-05 19:29:00,3.238,3.238,3.233,3.234,3.243,3.243,3.238,3.239,19
2026-06-05 19:30:00,3.235,3.235,3.231,3.231,3.24,3.24,3.236,3.236,12
2026-06-05 19:31:00,3.2315,3.234,3.23,3.23,3.2365,3.239,3.235,3.235,11
2026-06-05 19:32:00,3.231,3.232,3.23,3.23,3.236,3.237,3.235,3.235,10
2026-06-05 19:33:00,3.231,3.231,3.23,3.231,3.236,3.236,3.235,3.236,3
2026-06-05 19:34:00,3.232,3.233,3.232,3.2325,3.237,3.238,3.237,3.2375,6
2026-06-05 19:35:00,3.232,3.234,3.232,3.233,3.237,3.239,3.237,3.238,12
2026-06-05 19:36:00,3.232,3.232,3.231,3.2315,3.237,3.237,3.236,3.2365,14
2026-06-05 19:37:00,3.232,3.237,3.231,3.2345,3.237,3.242,3.236,3.2395,35
2026-06-05 19:38:00,3.235,3.237,3.235,3.236,3.24,3.242,3.24,3.241,15
2026-06-05 19:39:00,3.235,3.24,3.235,3.239,3.24,3.245,3.24,3.244,9
2026-06-05 19:40:00,3.238,3.24,3.238,3.239,3.243,3.245,3.243,3.244,13
2026-06-05 19:41:00,3.24,3.242,3.239,3.24,3.245,3.247,3.244,3.245,20
2026-06-05 19:42:00,3.239,3.241,3.239,3.24,3.244,3.246,3.244,3.245,12
2026-06-05 19:43:00,3.239,3.24,3.236,3.237,3.244,3.245,3.241,3.242,28
2026-06-05 19:44:00,3.238,3.238,3.235,3.236,3.243,3.243,3.24,3.241,20
2026-06-05 19:45:00,3.237,3.24,3.236,3.24,3.242,3.245,3.241,3.245,26
2026-06-05 19:46:00,3.241,3.242,3.238,3.238,3.246,3.247,3.243,3.243,19
2026-06-05 19:47:00,3.2385,3.24,3.238,3.239,3.2435,3.245,3.243,3.244,8
2026-06-05 19:48:00,3.24,3.24,3.239,3.239,3.245,3.245,3.244,3.244,2
2026-06-05 19:49:00,3.24,3.243,3.239,3.241,3.245,3.248,3.244,3.246,29
2026-06-05 19:50:00,3.24,3.241,3.239,3.241,3.245,3.246,3.244,3.246,24
2026-06-05 19:51:00,3.2415,3.243,3.239,3.2395,3.2465,3.248,3.244,3.2445,38
2026-06-05 19:52:00,3.24,3.241,3.24,3.24,3.245,3.246,3.245,3.245,10
2026-06-05 19:53:00,3.241,3.242,3.24,3.242,3.246,3.247,3.245,3.247,7
2026-06-05 19:54:00,3.243,3.243,3.241,3.2425,3.248,3.248,3.246,3.2475,14
2026-06-05 19:55:00,3.242,3.245,3.242,3.243,3.247,3.25,3.247,3.248,24
2026-06-05 19:56:00,3.244,3.244,3.242,3.2425,3.249,3.249,3.247,3.2475,27
2026-06-05 19:57:00,3.243,3.243,3.239,3.24,3.248,3.248,3.244,3.245,20
2026-06-05 19:58:00,3.239,3.24,3.234,3.235,3.244,3.245,3.239,3.24,29
2026-06-05 19:59:00,3.236,3.236,3.234,3.235,3.241,3.241,3.239,3.24,39
2026-06-05 20:00:00,3.236,3.239,3.235,3.238,3.241,3.244,3.24,3.243,51
2026-06-05 20:01:00,3.239,3.241,3.237,3.238,3.244,3.246,3.242,3.243,25
2026-06-05 20:03:00,3.237,3.237,3.236,3.237,3.242,3.242,3.241,3.242,9
2026-06-05 20:04:00,3.2365,3.239,3.2365,3.238,3.2415,3.244,3.2415,3.243,9
2026-06-05 20:05:00,3.239,3.239,3.234,3.235,3.244,3.244,3.239,3.24,25
2026-06-05 20:06:00,3.234,3.235,3.23,3.231,3.239,3.24,3.235,3.236,22
2026-06-05 20:07:00,3.2305,3.235,3.23,3.234,3.2355,3.24,3.235,3.239,14
2026-06-05 20:08:00,3.233,3.235,3.231,3.2315,3.238,3.24,3.236,3.2365,13
2026-06-05 20:09:00,3.2305,3.233,3.2305,3.232,3.2355,3.238,3.2355,3.237,17
2026-06-05 20:10:00,3.233,3.2345,3.232,3.234,3.238,3.2395,3.237,3.239,16
2026-06-05 20:11:00,3.235,3.236,3.232,3.233,3.24,3.241,3.237,3.238,12
2026-06-05 20:12:00,3.234,3.234,3.233,3.234,3.239,3.239,3.238,3.239,7
2026-06-05 20:13:00,3.233,3.234,3.232,3.232,3.238,3.239,3.237,3.237,8
2026-06-05 20:14:00,3.2315,3.233,3.231,3.232,3.2365,3.238,3.236,3.237,12
2026-06-05 20:15:00,3.233,3.234,3.233,3.233,3.238,3.239,3.238,3.238,11
2026-06-05 20:16:00,3.2325,3.233,3.229,3.23,3.2375,3.238,3.234,3.235,16
2026-06-05 20:17:00,3.229,3.23,3.228,3.229,3.234,3.235,3.233,3.234,9
2026-06-05 20:18:00,3.2285,3.231,3.228,3.229,3.2335,3.236,3.233,3.234,28
2026-06-05 20:19:00,3.228,3.228,3.227,3.228,3.233,3.233,3.232,3.233,3
2026-06-05 20:20:00,3.227,3.228,3.225,3.226,3.232,3.233,3.23,3.231,19
2026-06-05 20:21:00,3.225,3.233,3.225,3.231,3.23,3.238,3.23,3.236,40
2026-06-05 20:22:00,3.232,3.232,3.231,3.2315,3.237,3.237,3.236,3.2365,21
2026-06-05 20:23:00,3.231,3.234,3.231,3.234,3.236,3.239,3.236,3.239,48
2026-06-05 20:24:00,3.235,3.235,3.23,3.232,3.24,3.24,3.235,3.237,40
2026-06-05 20:25:00,3.2325,3.237,3.2325,3.236,3.2375,3.242,3.2375,3.241,60
2026-06-05 20:26:00,3.235,3.236,3.232,3.232,3.24,3.241,3.237,3.237,51
2026-06-05 20:27:00,3.2325,3.2365,3.231,3.234,3.2375,3.2415,3.236,3.239,39
2026-06-05 20:28:00,3.235,3.249,3.233,3.246,3.24,3.254,3.238,3.251,120
2026-06-05 20:29:00,3.245,3.247,3.242,3.243,3.25,3.252,3.247,3.248,78
2026-06-05 20:30:00,3.242,3.247,3.24,3.247,3.247,3.252,3.245,3.252,38
2026-06-05 20:31:00,3.246,3.247,3.239,3.239,3.251,3.252,3.244,3.244,20
2026-06-05 20:32:00,3.24,3.242,3.239,3.242,3.245,3.247,3.244,3.247,15
2026-06-05 20:33:00,3.241,3.241,3.239,3.2405,3.246,3.246,3.244,3.2455,16
2026-06-05 20:34:00,3.241,3.242,3.24,3.24,3.246,3.247,3.245,3.245,12
2026-06-05 20:35:00,3.239,3.24,3.238,3.239,3.244,3.245,3.243,3.244,11
2026-06-05 20:36:00,3.238,3.239,3.238,3.239,3.243,3.244,3.243,3.244,8
2026-06-05 20:37:00,3.238,3.239,3.238,3.238,3.243,3.244,3.243,3.243,8
2026-06-05 20:38:00,3.239,3.241,3.2365,3.2365,3.244,3.246,3.2415,3.2415,13
2026-06-05 20:39:00,3.237,3.238,3.237,3.238,3.242,3.243,3.242,3.243,7
2026-06-05 20:40:00,3.239,3.24,3.239,3.24,3.244,3.245,3.244,3.245,11
2026-06-05 20:41:00,3.2405,3.2435,3.2405,3.243,3.2455,3.2485,3.2455,3.248,15
2026-06-05 20:42:00,3.244,3.244,3.241,3.2415,3.249,3.249,3.246,3.2465,16
2026-06-05 20:43:00,3.24,3.244,3.24,3.2425,3.245,3.249,3.245,3.2475,13
2026-06-05 20:44:00,3.243,3.2435,3.241,3.241,3.248,3.2485,3.246,3.246,7
2026-06-05 20:45:00,3.242,3.242,3.241,3.2415,3.247,3.247,3.246,3.2465,3
2026-06-05 20:46:00,3.242,3.242,3.238,3.238,3.247,3.247,3.243,3.243,7
2026-06-05 20:47:00,3.239,3.239,3.238,3.238,3.244,3.244,3.243,3.243,2
2026-06-05 20:48:00,3.237,3.239,3.237,3.238,3.242,3.244,3.242,3.243,12
2026-06-05 20:49:00,3.239,3.239,3.238,3.238,3.244,3.244,3.243,3.243,19
2026-06-05 20:50:00,3.239,3.239,3.237,3.2375,3.244,3.244,3.242,3.2425,10
2026-06-05 20:51:00,3.238,3.239,3.2375,3.239,3.243,3.244,3.2425,3.244,6
2026-06-05 20:52:00,3.24,3.24,3.238,3.238,3.245,3.245,3.243,3.243,6
2026-06-05 20:53:00,3.237,3.238,3.236,3.236,3.242,3.243,3.241,3.241,8
2026-06-05 20:54:00,3.237,3.237,3.236,3.237,3.242,3.242,3.241,3.242,3
2026-06-05 20:55:00,3.2375,3.2375,3.236,3.2365,3.2425,3.2425,3.241,3.2415,9
2026-06-05 20:56:00,3.237,3.237,3.2335,3.235,3.242,3.242,3.2385,3.24,14
2026-06-05 20:57:00,3.236,3.237,3.233,3.233,3.241,3.242,3.238,3.238,16
2026-06-05 20:58:00,3.2335,3.234,3.231,3.233,3.2385,3.239,3.236,3.238,13
2026-06-05 20:59:00,3.232,3.233,3.231,3.233,3.237,3.238,3.236,3.238,10
2026-06-05 21:00:00,3.2325,3.2325,3.2285,3.23,3.2375,3.2375,3.2335,3.235,24
2026-06-05 21:01:00,3.2295,3.231,3.229,3.23,3.2345,3.236,3.234,3.235,24
2026-06-05 21:02:00,3.2305,3.234,3.2305,3.233,3.2355,3.239,3.2355,3.238,9
2026-06-05 21:03:00,3.2325,3.234,3.23,3.23,3.2375,3.239,3.235,3.235,15
2026-06-05 21:04:00,3.229,3.23,3.228,3.2285,3.234,3.235,3.233,3.2335,10
2026-06-05 21:05:00,3.229,3.231,3.229,3.2305,3.234,3.236,3.234,3.2355,12
2026-06-05 21:06:00,3.231,3.234,3.231,3.234,3.236,3.239,3.236,3.239,9
2026-06-05 21:08:00,3.233,3.233,3.23,3.2305,3.238,3.238,3.235,3.2355,12
2026-06-05 21:09:00,3.23,3.23,3.229,3.23,3.235,3.235,3.234,3.235,7
2026-06-05 21:10:00,3.229,3.233,3.229,3.232,3.234,3.238,3.234,3.237,7
2026-06-05 21:11:00,3.2315,3.232,3.23,3.2315,3.2365,3.237,3.235,3.2365,8
2026-06-05 21:12:00,3.231,3.231,3.231,3.231,3.236,3.236,3.236,3.236,1
2026-06-05 21:13:00,3.232,3.233,3.2315,3.232,3.237,3.238,3.2365,3.237,7
2026-06-05 21:14:00,3.2315,3.232,3.231,3.232,3.2365,3.237,3.236,3.237,4
2026-06-05 21:15:00,3.2315,3.232,3.231,3.2315,3.2365,3.237,3.236,3.2365,6
2026-06-05 21:16:00,3.232,3.232,3.231,3.2315,3.237,3.237,3.236,3.2365,12
2026-06-05 21:17:00,3.232,3.232,3.229,3.2295,3.237,3.237,3.234,3.2345,14
2026-06-05 21:18:00,3.229,3.229,3.229,3.229,3.234,3.234,3.234,3.234,1
2026-06-05 21:19:00,3.23,3.23,3.229,3.229,3.235,3.235,3.234,3.234,2
2026-06-05 21:20:00,3.2295,3.2295,3.227,3.2275,3.2345,3.2345,3.232,3.2325,12
2026-06-05 21:21:00,3.228,3.228,3.226,3.226,3.233,3.233,3.231,3.231,5
2026-06-05 21:22:00,3.2255,3.226,3.223,3.225,3.2305,3.231,3.228,3.23,18
2026-06-05 21:23:00,3.2245,3.226,3.2245,3.226,3.2295,3.231,3.2295,3.231,8
2026-06-05 21:24:00,3.2255,3.226,3.225,3.226,3.2305,3.231,3.23,3.231,5
2026-06-05 21:25:00,3.227,3.229,3.227,3.228,3.232,3.234,3.232,3.233,6
2026-06-05 21:26:00,3.229,3.229,3.227,3.227,3.234,3.234,3.232,3.232,8
2026-06-05 21:27:00,3.228,3.228,3.226,3.227,3.233,3.233,3.231,3.232,4
2026-06-05 21:28:00,3.226,3.227,3.226,3.227,3.231,3.232,3.231,3.232,8
2026-06-05 21:29:00,3.2265,3.227,3.2265,3.227,3.2315,3.232,3.2315,3.232,2
2026-06-05 21:30:00,3.2275,3.228,3.227,3.227,3.2325,3.233,3.232,3.232,6
2026-06-05 21:31:00,3.226,3.226,3.225,3.225,3.231,3.231,3.23,3.23,4
2026-06-05 21:32:00,3.226,3.226,3.2245,3.2245,3.231,3.231,3.2295,3.2295,14
2026-06-05 21:33:00,3.225,3.2255,3.224,3.225,3.23,3.2305,3.229,3.23,8
2026-06-05 21:35:00,3.226,3.23,3.225,3.229,3.231,3.235,3.23,3.234,17
2026-06-05 21:36:00,3.2285,3.2305,3.228,3.23,3.2335,3.2355,3.233,3.235,7
2026-06-05 21:37:00,3.229,3.232,3.227,3.23,3.234,3.237,3.232,3.235,19
2026-06-05 21:38:00,3.231,3.233,3.231,3.2325,3.236,3.238,3.236,3.2375,8
2026-06-05 21:39:00,3.233,3.233,3.231,3.2315,3.238,3.238,3.236,3.2365,15
2026-06-05 21:40:00,3.232,3.235,3.232,3.234,3.237,3.24,3.237,3.239,11
2026-06-05 21:41:00,3.233,3.2335,3.232,3.232,3.238,3.2385,3.237,3.237,5
2026-06-05 21:42:00,3.233,3.233,3.231,3.231,3.238,3.238,3.236,3.236,11
2026-06-05 21:43:00,3.232,3.233,3.231,3.233,3.237,3.238,3.236,3.238,4
2026-06-05 21:44:00,3.234,3.234,3.233,3.233,3.239,3.239,3.238,3.238,3
2026-06-05 21:46:00,3.232,3.234,3.2315,3.234,3.237,3.239,3.2365,3.239,5
2026-06-05 21:47:00,3.233,3.233,3.232,3.233,3.238,3.238,3.237,3.238,3
2026-06-05 21:48:00,3.2335,3.234,3.233,3.2335,3.2385,3.239,3.238,3.2385,6
2026-06-05 21:49:00,3.234,3.235,3.234,3.235,3.239,3.24,3.239,3.24,3
2026-06-05 21:50:00,3.2355,3.2355,3.234,3.235,3.2405,3.2405,3.239,3.24,10
2026-06-05 21:51:00,3.2345,3.235,3.234,3.234,3.2395,3.24,3.239,3.239,6
2026-06-05 21:52:00,3.2345,3.2345,3.233,3.233,3.2395,3.2395,3.238,3.238,6
2026-06-05 21:53:00,3.234,3.234,3.233,3.234,3.239,3.239,3.238,3.239,4
2026-06-05 21:54:00,3.2335,3.2335,3.232,3.2325,3.2385,3.2385,3.237,3.2375,11
2026-06-05 21:55:00,3.233,3.233,3.232,3.232,3.238,3.238,3.237,3.237,3
2026-06-05 21:56:00,3.2315,3.232,3.2315,3.232,3.2365,3.237,3.2365,3.237,2
2026-06-05 21:57:00,3.233,3.233,3.232,3.232,3.238,3.238,3.237,3.237,4
2026-06-05 21:58:00,3.231,3.231,3.231,3.231,3.236,3.236,3.236,3.236,1
2026-06-05 21:59:00,3.232,3.233,3.231,3.232,3.237,3.238,3.236,3.237,17
2026-06-05 22:00:00,3.2315,3.2315,3.23,3.2305,3.2365,3.2365,3.235,3.2355,7
2026-06-05 22:01:00,3.23,3.23,3.23,3.23,3.235,3.235,3.235,3.235,1
2026-06-05 22:03:00,3.229,3.229,3.225,3.226,3.234,3.234,3.23,3.231,19
2026-06-05 22:04:00,3.2255,3.226,3.2255,3.2255,3.2305,3.231,3.2305,3.2305,3
2026-06-05 22:05:00,3.225,3.226,3.224,3.224,3.23,3.231,3.229,3.229,4
2026-06-05 22:06:00,3.225,3.225,3.224,3.2245,3.23,3.23,3.229,3.2295,4
2026-06-05 22:07:00,3.224,3.227,3.224,3.2265,3.229,3.232,3.229,3.2315,13
2026-06-05 22:08:00,3.227,3.229,3.227,3.229,3.232,3.234,3.232,3.234,8
2026-06-05 22:09:00,3.228,3.228,3.227,3.227,3.233,3.233,3.232,3.232,4
2026-06-05 22:12:00,3.228,3.228,3.226,3.2265,3.233,3.233,3.231,3.2315,8
2026-06-05 22:13:00,3.227,3.227,3.2265,3.2265,3.232,3.232,3.2315,3.2315,4
2026-06-05 22:14:00,3.227,3.227,3.226,3.227,3.232,3.232,3.231,3.232,5
2026-06-05 22:15:00,3.2265,3.2265,3.2265,3.2265,3.2315,3.2315,3.2315,3.2315,1
2026-06-05 22:16:00,3.226,3.226,3.226,3.226,3.231,3.231,3.231,3.231,1
2026-06-05 22:17:00,3.2255,3.226,3.2255,3.226,3.2305,3.231,3.2305,3.231,2
2026-06-05 22:18:00,3.227,3.227,3.227,3.227,3.232,3.232,3.232,3.232,1
2026-06-05 22:20:00,3.2275,3.2275,3.2275,3.2275,3.2325,3.2325,3.2325,3.2325,1
2026-06-05 22:21:00,3.228,3.228,3.228,3.228,3.233,3.233,3.233,3.233,1
2026-06-05 22:22:00,3.2275,3.228,3.2275,3.228,3.2325,3.233,3.2325,3.233,2
2026-06-05 22:24:00,3.2275,3.228,3.227,3.227,3.2325,3.233,3.232,3.232,3
2026-06-05 22:26:00,3.228,3.231,3.227,3.231,3.233,3.236,3.232,3.236,9
2026-06-05 22:27:00,3.2305,3.231,3.23,3.23,3.2355,3.236,3.235,3.235,5
2026-06-05 22:28:00,3.2305,3.234,3.23,3.232,3.2355,3.239,3.235,3.237,14
2026-06-05 22:29:00,3.2315,3.2315,3.2305,3.2305,3.2365,3.2365,3.2355,3.2355,3
2026-06-05 22:30:00,3.231,3.231,3.2305,3.231,3.236,3.236,3.2355,3.236,3
2026-06-05 22:31:00,3.23,3.231,3.2295,3.23,3.235,3.236,3.2345,3.235,4
2026-06-05 22:32:00,3.231,3.231,3.231,3.231,3.236,3.236,3.236,3.236,1
2026-06-05 22:34:00,3.232,3.233,3.23,3.2305,3.237,3.238,3.235,3.2355,8
2026-06-05 22:35:00,3.232,3.232,3.2305,3.2305,3.237,3.237,3.2355,3.2355,6
2026-06-05 22:36:00,3.23,3.231,3.23,3.2305,3.235,3.236,3.235,3.2355,4
2026-06-05 22:37:00,3.231,3.231,3.231,3.231,3.236,3.236,3.236,3.236,1
2026-06-05 22:39:00,3.2305,3.2305,3.23,3.23,3.2355,3.2355,3.235,3.235,2
2026-06-05 22:40:00,3.231,3.233,3.23,3.232,3.236,3.238,3.235,3.237,7
2026-06-05 22:41:00,3.233,3.235,3.233,3.2335,3.238,3.24,3.238,3.2385,17
2026-06-05 22:42:00,3.234,3.234,3.232,3.232,3.239,3.239,3.237,3.237,6
2026-06-05 22:43:00,3.233,3.233,3.2325,3.2325,3.238,3.238,3.2375,3.2375,4
2026-06-05 22:44:00,3.232,3.235,3.232,3.234,3.237,3.24,3.237,3.239,9
2026-06-05 22:46:00,3.2335,3.236,3.233,3.2355,3.2385,3.241,3.238,3.2405,17
2026-06-05 22:47:00,3.236,3.237,3.2355,3.2355,3.241,3.242,3.2405,3.2405,4
2026-06-05 22:48:00,3.236,3.236,3.235,3.235,3.241,3.241,3.24,3.24,3
2026-06-05 22:50:00,3.236,3.236,3.2355,3.236,3.241,3.241,3.2405,3.241,3
2026-06-05 22:52:00,3.237,3.237,3.2365,3.237,3.242,3.242,3.2415,3.242,5
2026-06-05 22:53:00,3.236,3.236,3.233,3.2335,3.241,3.241,3.238,3.2385,19
2026-06-05 22:54:00,3.234,3.2355,3.234,3.235,3.239,3.2405,3.239,3.24,6
2026-06-05 22:55:00,3.236,3.238,3.236,3.237,3.241,3.243,3.241,3.242,10
2026-06-05 22:56:00,3.236,3.236,3.235,3.2355,3.241,3.241,3.24,3.2405,3
2026-06-05 22:57:00,3.236,3.236,3.2355,3.236,3.241,3.241,3.2405,3.241,3
2026-06-05 22:58:00,3.237,3.237,3.2355,3.2355,3.242,3.242,3.2405,3.2405,5
2026-06-05 22:59:00,3.235,3.2426,3.2335,3.2426,3.24,3.2476,3.2385,3.2476,22
2026-06-08 00:00:00,3.1876,3.2006,3.1866,3.1871,3.1926,3.2056,3.1916,3.1921,100
2026-06-08 00:01:00,3.1876,3.1996,3.1866,3.1966,3.1926,3.2046,3.1916,3.2016,30
2026-06-08 00:02:00,3.1971,3.2081,3.1971,3.2031,3.2021,3.2131,3.2021,3.2081,44
2026-06-08 00:03:00,3.2016,3.2036,3.2016,3.2026,3.2066,3.2086,3.2066,3.2076,6
2026-06-08 00:04:00,3.2036,3.2036,3.1966,3.1991,3.2086,3.2086,3.2016,3.2041,13
2026-06-08 00:05:00,3.1986,3.1986,3.1936,3.1951,3.2036,3.2036,3.1986,3.2001,26
2026-06-08 00:06:00,3.1946,3.1956,3.1931,3.1956,3.1996,3.2006,3.1981,3.2006,16
2026-06-08 00:07:00,3.1966,3.2011,3.1956,3.2011,3.2016,3.2061,3.2006,3.2061,12
2026-06-08 00:08:00,3.2006,3.2061,3.2006,3.2046,3.2056,3.2111,3.2056,3.2096,23
2026-06-08 00:09:00,3.2051,3.2066,3.2041,3.2066,3.2101,3.2116,3.2091,3.2116,12
2026-06-08 00:10:00,3.2076,3.2076,3.2056,3.2066,3.2126,3.2126,3.2106,3.2116,6
2026-06-08 00:11:00,3.2056,3.2056,3.2016,3.2036,3.2106,3.2106,3.2066,3.2086,11
2026-06-08 00:12:00,3.2041,3.2051,3.2041,3.2051,3.2091,3.2101,3.2091,3.2101,5
2026-06-08 00:13:00,3.2046,3.2056,3.2046,3.2056,3.2096,3.2106,3.2096,3.2106,2
2026-06-08 00:14:00,3.2046,3.2046,3.2016,3.2016,3.2096,3.2096,3.2066,3.2066,3
2026-06-08 00:15:00,3.2006,3.2006,3.1996,3.1996,3.2056,3.2056,3.2046,3.2046,10
2026-06-08 00:16:00,3.2006,3.2046,3.2006,3.2046,3.2056,3.2096,3.2056,3.2096,6
2026-06-08 00:17:00,3.2036,3.2056,3.2036,3.2036,3.2086,3.2106,3.2086,3.2086,8
2026-06-08 00:18:00,3.2046,3.2136,3.2046,3.2136,3.2096,3.2186,3.2096,3.2186,17
2026-06-08 00:19:00,3.2146,3.2156,3.2136,3.2136,3.2196,3.2206,3.2186,3.2186,16
2026-06-08 00:20:00,3.2141,3.2166,3.2141,3.2161,3.2191,3.2216,3.2191,3.2211,19
2026-06-08 00:21:00,3.2146,3.2161,3.2136,3.2141,3.2196,3.2211,3.2186,3.2191,8
2026-06-08 00:22:00,3.2136,3.2136,3.2116,3.2126,3.2186,3.2186,3.2166,3.2176,8
2026-06-08 00:23:00,3.2116,3.2116,3.2106,3.2111,3.2166,3.2166,3.2156,3.2161,3
2026-06-08 00:24:00,3.2106,3.2111,3.2096,3.2111,3.2156,3.2161,3.2146,3.2161,4
2026-06-08 00:25:00,3.2116,3.2116,3.2081,3.2101,3.2166,3.2166,3.2131,3.2151,8
2026-06-08 00:26:00,3.2106,3.2106,3.2096,3.2101,3.2156,3.2156,3.2146,3.2151,4
2026-06-08 00:27:00,3.2106,3.2106,3.2106,3.2106,3.2156,3.2156,3.2156,3.2156,1
2026-06-08 00:29:00,3.2116,3.2116,3.2106,3.2106,3.2166,3.2166,3.2156,3.2156,6
2026-06-08 00:30:00,3.2116,3.2161,3.2116,3.2151,3.2166,3.2211,3.2166,3.2201,9
2026-06-08 00:31:00,3.2146,3.2156,3.2136,3.2151,3.2196,3.2206,3.2186,3.2201,8
2026-06-08 00:32:00,3.2146,3.2161,3.2146,3.2151,3.2196,3.2211,3.2196,3.2201,9
2026-06-08 00:33:00,3.2136,3.2151,3.2136,3.2146,3.2186,3.2201,3.2186,3.2196,4
2026-06-08 00:34:00,3.2141,3.2141,3.2116,3.2126,3.2191,3.2191,3.2166,3.2176,8
2026-06-08 00:35:00,3.2121,3.2121,3.2111,3.2111,3.2171,3.2171,3.2161,3.2161,3
2026-06-08 00:36:00,3.2116,3.2116,3.2111,3.2111,3.2166,3.2166,3.2161,3.2161,2
2026-06-08 00:37:00,3.2116,3.2116,3.2116,3.2116,3.2166,3.2166,3.2166,3.2166,1
2026-06-08 00:38:00,3.2126,3.2136,3.2126,3.2126,3.2176,3.2186,3.2176,3.2176,4
2026-06-08 00:39:00,3.2116,3.2116,3.2106,3.2106,3.2166,3.2166,3.2156,3.2156,2
2026-06-08 00:40:00,3.2111,3.2116,3.2106,3.2106,3.2161,3.2166,3.2156,3.2156,5
2026-06-08 00:41:00,3.2116,3.2126,3.2116,3.2126,3.2166,3.2176,3.2166,3.2176,2
2026-06-08 00:42:00,3.2136,3.2136,3.2136,3.2136,3.2186,3.2186,3.2186,3.2186,1
2026-06-08 00:44:00,3.2131,3.2136,3.2131,3.2136,3.2181,3.2186,3.2181,3.2186,2
2026-06-08 00:45:00,3.2131,3.2131,3.2126,3.2126,3.2181,3.2181,3.2176,3.2176,4
2026-06-08 00:46:00,3.2121,3.2121,3.2106,3.2106,3.2171,3.2171,3.2156,3.2156,4
2026-06-08 00:47:00,3.2101,3.2106,3.2101,3.2106,3.2151,3.2156,3.2151,3.2156,2
2026-06-08 00:48:00,3.2096,3.2106,3.2086,3.2096,3.2146,3.2156,3.2136,3.2146,8
2026-06-08 00:49:00,3.2091,3.2106,3.2091,3.2106,3.2141,3.2156,3.2141,3.2156,3
2026-06-08 00:50:00,3.2116,3.2116,3.2106,3.2106,3.2166,3.2166,3.2156,3.2156,2
2026-06-08 00:51:00,3.2096,3.2116,3.2096,3.2096,3.2146,3.2166,3.2146,3.2146,14
2026-06-08 00:52:00,3.2086,3.2086,3.2086,3.2086,3.2136,3.2136,3.2136,3.2136,1
2026-06-08 00:53:00,3.2076,3.2086,3.2076,3.2086,3.2126,3.2136,3.2126,3.2136,2
2026-06-08 00:55:00,3.2091,3.2106,3.2091,3.2101,3.2141,3.2156,3.2141,3.2151,5
2026-06-08 00:56:00,3.2106,3.2126,3.2106,3.2106,3.2156,3.2176,3.2156,3.2156,13
2026-06-08 00:57:00,3.2116,3.2136,3.2116,3.2131,3.2166,3.2186,3.2166,3.2181,5
2026-06-08 00:58:00,3.2126,3.2131,3.2126,3.2131,3.2176,3.2181,3.2176,3.2181,2
2026-06-08 00:59:00,3.2126,3.2126,3.2126,3.2126,3.2176,3.2176,3.2176,3.2176,1
2026-06-08 01:00:00,3.2131,3.2131,3.2096,3.2101,3.2181,3.2181,3.2146,3.2151,8
2026-06-08 01:01:00,3.2096,3.2096,3.2096,3.2096,3.2146,3.2146,3.2146,3.2146,1
2026-06-08 01:03:00,3.2106,3.2116,3.2106,3.2116,3.2156,3.2166,3.2156,3.2166,3
2026-06-08 01:05:00,3.2126,3.2126,3.2121,3.2121,3.2176,3.2176,3.2171,3.2171,2
2026-06-08 01:07:00,3.2126,3.2126,3.2111,3.2116,3.2176,3.2176,3.2161,3.2166,5
2026-06-08 01:08:00,3.2121,3.2121,3.2121,3.2121,3.2171,3.2171,3.2171,3.2171,1
2026-06-08 01:10:00,3.2116,3.2121,3.2116,3.2121,3.2166,3.2171,3.2166,3.2171,2
2026-06-08 01:11:00,3.2126,3.2126,3.2126,3.2126,3.2176,3.2176,3.2176,3.2176,1
2026-06-08 01:14:00,3.2121,3.2121,3.2121,3.2121,3.2171,3.2171,3.2171,3.2171,1
2026-06-08 01:15:00,3.2116,3.2116,3.2101,3.2101,3.2166,3.2166,3.2151,3.2151,6
2026-06-08 01:16:00,3.2096,3.2096,3.2076,3.2076,3.2146,3.2146,3.2126,3.2126,9
2026-06-08 01:18:00,3.2086,3.2086,3.2081,3.2081,3.2136,3.2136,3.2131,3.2131,2
2026-06-08 01:19:00,3.2086,3.2086,3.2076,3.2076,3.2136,3.2136,3.2126,3.2126,3
2026-06-08 01:21:00,3.2066,3.2086,3.2066,3.2071,3.2116,3.2136,3.2116,3.2121,14
2026-06-08 01:22:00,3.2066,3.2086,3.2066,3.2086,3.2116,3.2136,3.2116,3.2136,8
2026-06-08 01:24:00,3.2091,3.2101,3.2091,3.2101,3.2141,3.2151,3.2141,3.2151,2
2026-06-08 01:25:00,3.2096,3.2101,3.2096,3.2096,3.2146,3.2151,3.2146,3.2146,3
2026-06-08 01:30:00,3.2086,3.2086,3.2036,3.2036,3.2136,3.2136,3.2086,3.2086,10
2026-06-08 01:31:00,3.2041,3.2051,3.2006,3.2016,3.2091,3.2101,3.2056,3.2066,11
2026-06-08 01:32:00,3.2021,3.2036,3.2021,3.2036,3.2071,3.2086,3.2071,3.2086,6
2026-06-08 01:33:00,3.2051,3.2066,3.2026,3.2041,3.2101,3.2116,3.2076,3.2091,9
2026-06-08 01:34:00,3.2046,3.2066,3.2046,3.2051,3.2096,3.2116,3.2096,3.2101,6
2026-06-08 01:35:00,3.2056,3.2056,3.2056,3.2056,3.2106,3.2106,3.2106,3.2106,1
2026-06-08 01:36:00,3.2051,3.2056,3.2051,3.2051,3.2101,3.2106,3.2101,3.2101,3
2026-06-08 01:38:00,3.2066,3.2096,3.2066,3.2076,3.2116,3.2146,3.2116,3.2126,8
2026-06-08 01:39:00,3.2086,3.2091,3.2086,3.2091,3.2136,3.2141,3.2136,3.2141,2
2026-06-08 01:40:00,3.2086,3.2111,3.2061,3.2066,3.2136,3.2161,3.2111,3.2116,13
2026-06-08 01:41:00,3.2071,3.2091,3.2071,3.2091,3.2121,3.2141,3.2121,3.2141,7
2026-06-08 01:42:00,3.2096,3.2096,3.2091,3.2091,3.2146,3.2146,3.2141,3.2141,2
2026-06-08 01:43:00,3.2076,3.2076,3.2076,3.2076,3.2126,3.2126,3.2126,3.2126,1
2026-06-08 01:44:00,3.2071,3.2071,3.2036,3.2051,3.2121,3.2121,3.2086,3.2101,9
2026-06-08 01:45:00,3.2056,3.2066,3.2056,3.2066,3.2106,3.2116,3.2106,3.2116,2
2026-06-08 01:52:00,3.2076,3.2076,3.2066,3.2066,3.2126,3.2126,3.2116,3.2116,2
2026-06-08 01:53:00,3.2071,3.2076,3.2071,3.2076,3.2121,3.2126,3.2121,3.2126,2
2026-06-08 01:55:00,3.2066,3.2071,3.2066,3.2071,3.2116,3.2121,3.2116,3.2121,2
2026-06-08 01:57:00,3.2066,3.2066,3.2066,3.2066,3.2116,3.2116,3.2116,3.2116,1
2026-06-08 02:00:00,3.2076,3.2076,3.2046,3.2046,3.2126,3.2126,3.2096,3.2096,4
2026-06-08 02:01:00,3.2056,3.2081,3.2056,3.2076,3.2106,3.2131,3.2106,3.2126,6
2026-06-08 02:02:00,3.2071,3.2096,3.2066,3.2096,3.2121,3.2146,3.2116,3.2146,15
2026-06-08 02:03:00,3.2106,3.2106,3.2101,3.2106,3.2156,3.2156,3.2151,3.2156,3
2026-06-08 02:04:00,3.2116,3.2116,3.2101,3.2106,3.2166,3.2166,3.2151,3.2156,5
2026-06-08 02:05:00,3.2096,3.2096,3.2096,3.2096,3.2146,3.2146,3.2146,3.2146,1
2026-06-08 02:07:00,3.2091,3.2091,3.2091,3.2091,3.2141,3.2141,3.2141,3.2141,1
2026-06-08 02:09:00,3.2086,3.2096,3.2036,3.2051,3.2136,3.2146,3.2086,3.2101,14
2026-06-08 02:10:00,3.2046,3.2056,3.2046,3.2056,3.2096,3.2106,3.2096,3.2106,5
2026-06-08 02:11:00,3.2051,3.2056,3.2051,3.2056,3.2101,3.2106,3.2101,3.2106,2
2026-06-08 02:12:00,3.2051,3.2051,3.2051,3.2051,3.2101,3.2101,3.2101,3.2101,1
2026-06-08 02:13:00,3.2046,3.2051,3.2036,3.2051,3.2096,3.2101,3.2086,3.2101,5
2026-06-08 02:14:00,3.2056,3.2056,3.2051,3.2051,3.2106,3.2106,3.2101,3.2101,2
2026-06-08 02:15:00,3.2046,3.2056,3.2026,3.2051,3.2096,3.2106,3.2076,3.2101,7
2026-06-08 02:16:00,3.2046,3.2046,3.2006,3.2016,3.2096,3.2096,3.2056,3.2066,7
2026-06-08 02:20:00,3.2021,3.2076,3.2021,3.2066,3.2071,3.2126,3.2071,3.2116,18
2026-06-08 02:21:00,3.2076,3.2101,3.2066,3.2081,3.2126,3.2151,3.2116,3.2131,24
2026-06-08 02:22:00,3.2076,3.2086,3.2071,3.2086,3.2126,3.2136,3.2121,3.2136,10
2026-06-08 02:23:00,3.2076,3.2076,3.2076,3.2076,3.2126,3.2126,3.2126,3.2126,1
2026-06-08 02:24:00,3.2071,3.2076,3.2071,3.2076,3.2121,3.2126,3.2121,3.2126,2
2026-06-08 02:25:00,3.2081,3.2086,3.2081,3.2086,3.2131,3.2136,3.2131,3.2136,4
2026-06-08 02:27:00,3.2056,3.2056,3.2036,3.2046,3.2106,3.2106,3.2086,3.2096,6
2026-06-08 02:30:00,3.2056,3.2066,3.2056,3.2066,3.2106,3.2116,3.2106,3.2116,2
2026-06-08 02:31:00,3.2071,3.2071,3.2071,3.2071,3.2121,3.2121,3.2121,3.2121,1
2026-06-08 02:33:00,3.2066,3.2096,3.2056,3.2096,3.2116,3.2146,3.2106,3.2146,15
2026-06-08 02:34:00,3.2086,3.2096,3.2086,3.2096,3.2136,3.2146,3.2136,3.2146,3
2026-06-08 02:35:00,3.2086,3.2086,3.2066,3.2066,3.2136,3.2136,3.2116,3.2116,3
2026-06-08 02:36:00,3.2076,3.2076,3.2071,3.2071,3.2126,3.2126,3.2121,3.2121,2
2026-06-08 02:37:00,3.2066,3.2096,3.2066,3.2096,3.2116,3.2146,3.2116,3.2146,5
2026-06-08 02:38:00,3.2106,3.2116,3.2106,3.2106,3.2156,3.2166,3.2156,3.2156,3
2026-06-08 02:39:00,3.2116,3.2116,3.2096,3.2101,3.2166,3.2166,3.2146,3.2151,8
2026-06-08 02:40:00,3.2106,3.2106,3.2101,3.2101,3.2156,3.2156,3.2151,3.2151,4
2026-06-08 02:41:00,3.2106,3.2116,3.2106,3.2116,3.2156,3.2166,3.2156,3.2166,2
2026-06-08 02:42:00,3.2106,3.2106,3.2106,3.2106,3.2156,3.2156,3.2156,3.2156,1
2026-06-08 02:43:00,3.2101,3.2101,3.2086,3.2086,3.2151,3.2151,3.2136,3.2136,6
2026-06-08 02:45:00,3.2081,3.2106,3.2081,3.2101,3.2131,3.2156,3.2131,3.2151,9
2026-06-08 02:46:00,3.2096,3.2096,3.2086,3.2096,3.2146,3.2146,3.2136,3.2146,4
2026-06-08 02:47:00,3.2101,3.2101,3.2096,3.2096,3.2151,3.2151,3.2146,3.2146,2
2026-06-08 02:48:00,3.2101,3.2106,3.2096,3.2106,3.2151,3.2156,3.2146,3.2156,7
2026-06-08 02:50:00,3.2101,3.2101,3.2101,3.2101,3.2151,3.2151,3.2151,3.2151,1
2026-06-08 02:51:00,3.2111,3.2116,3.2106,3.2106,3.2161,3.2166,3.2156,3.2156,4
2026-06-08 02:53:00,3.2111,3.2116,3.2106,3.2111,3.2161,3.2166,3.2156,3.2161,8
2026-06-08 02:54:00,3.2106,3.2106,3.2096,3.2096,3.2156,3.2156,3.2146,3.2146,2
2026-06-08 02:55:00,3.2101,3.2101,3.2091,3.2096,3.2151,3.2151,3.2141,3.2146,6
2026-06-08 02:56:00,3.2091,3.2096,3.2091,3.2096,3.2141,3.2146,3.2141,3.2146,8
2026-06-08 02:57:00,3.2091,3.2096,3.2086,3.2091,3.2141,3.2146,3.2136,3.2141,7
2026-06-08 02:58:00,3.2096,3.2101,3.2091,3.2091,3.2146,3.2151,3.2141,3.2141,6
2026-06-08 02:59:00,3.2086,3.2086,3.2076,3.2086,3.2136,3.2136,3.2126,3.2136,6
2026-06-08 03:00:00,3.2096,3.2096,3.2066,3.2071,3.2146,3.2146,3.2116,3.2121,22
2026-06-08 03:01:00,3.2076,3.2086,3.2076,3.2076,3.2126,3.2136,3.2126,3.2126,6
2026-06-08 03:02:00,3.2081,3.2086,3.2066,3.2066,3.2131,3.2136,3.2116,3.2116,13
2026-06-08 03:03:00,3.2056,3.2056,3.1976,3.1986,3.2106,3.2106,3.2026,3.2036,27
2026-06-08 03:04:00,3.1996,3.1996,3.1976,3.1976,3.2046,3.2046,3.2026,3.2026,3
2026-06-08 03:05:00,3.1966,3.2006,3.1966,3.1976,3.2016,3.2056,3.2016,3.2026,19
2026-06-08 03:06:00,3.1981,3.1996,3.1981,3.1986,3.2031,3.2046,3.2031,3.2036,4
2026-06-08 03:07:00,3.1981,3.1981,3.1926,3.1941,3.2031,3.2031,3.1976,3.1991,18
2026-06-08 03:08:00,3.1936,3.1946,3.1926,3.1941,3.1986,3.1996,3.1976,3.1991,9
2026-06-08 03:09:00,3.1936,3.1946,3.1926,3.1936,3.1986,3.1996,3.1976,3.1986,11
2026-06-08 03:10:00,3.1941,3.1946,3.1931,3.1946,3.1991,3.1996,3.1981,3.1996,12
2026-06-08 03:11:00,3.1936,3.1946,3.1931,3.1936,3.1986,3.1996,3.1981,3.1986,6
2026-06-08 03:12:00,3.1941,3.1966,3.1941,3.1946,3.1991,3.2016,3.1991,3.1996,14
2026-06-08 03:13:00,3.1956,3.1956,3.1946,3.1946,3.2006,3.2006,3.1996,3.1996,3
2026-06-08 03:14:00,3.1951,3.1966,3.1926,3.1951,3.2001,3.2016,3.1976,3.2001,21
2026-06-08 03:15:00,3.1946,3.2006,3.1946,3.1966,3.1996,3.2056,3.1996,3.2016,47
2026-06-08 03:16:00,3.1961,3.1966,3.1956,3.1961,3.2011,3.2016,3.2006,3.2011,8
2026-06-08 03:17:00,3.1976,3.1986,3.1966,3.1966,3.2026,3.2036,3.2016,3.2016,8
2026-06-08 03:18:00,3.1961,3.1966,3.1961,3.1966,3.2011,3.2016,3.2011,3.2016,4
2026-06-08 03:19:00,3.1971,3.2011,3.1971,3.2011,3.2021,3.2061,3.2021,3.2061,7
2026-06-08 03:20:00,3.2006,3.2016,3.1996,3.2001,3.2056,3.2066,3.2046,3.2051,11
2026-06-08 03:21:00,3.2006,3.2016,3.1996,3.1996,3.2056,3.2066,3.2046,3.2046,15
2026-06-08 03:22:00,3.1991,3.2001,3.1986,3.1986,3.2041,3.2051,3.2036,3.2036,11
2026-06-08 03:23:00,3.1981,3.1986,3.1976,3.1976,3.2031,3.2036,3.2026,3.2026,10
2026-06-08 03:24:00,3.1981,3.2001,3.1981,3.2001,3.2031,3.2051,3.2031,3.2051,10
2026-06-08 03:25:00,3.2006,3.2046,3.2006,3.2046,3.2056,3.2096,3.2056,3.2096,12
2026-06-08 03:26:00,3.2041,3.2046,3.2031,3.2036,3.2091,3.2096,3.2081,3.2086,7
2026-06-08 03:27:00,3.2031,3.2036,3.2031,3.2036,3.2081,3.2086,3.2081,3.2086,6
2026-06-08 03:28:00,3.2046,3.2056,3.2046,3.2051,3.2096,3.2106,3.2096,3.2101,9
2026-06-08 03:29:00,3.2056,3.2076,3.2056,3.2066,3.2106,3.2126,3.2106,3.2116,10
2026-06-08 03:30:00,3.2071,3.2096,3.2066,3.2091,3.2121,3.2146,3.2116,3.2141,19
2026-06-08 03:31:00,3.2096,3.2096,3.2026,3.2036,3.2146,3.2146,3.2076,3.2086,29
2026-06-08 03:32:00,3.2031,3.2046,3.2011,3.2026,3.2081,3.2096,3.2061,3.2076,16
2026-06-08 03:33:00,3.2036,3.2046,3.2031,3.2031,3.2086,3.2096,3.2081,3.2081,11
2026-06-08 03:34:00,3.2026,3.2031,3.1996,3.2011,3.2076,3.2081,3.2046,3.2061,20
2026-06-08 03:35:00,3.2016,3.2016,3.1996,3.1996,3.2066,3.2066,3.2046,3.2046,8
2026-06-08 03:36:00,3.1986,3.1996,3.1956,3.1966,3.2036,3.2046,3.2006,3.2016,17
2026-06-08 03:37:00,3.1971,3.1986,3.1966,3.1986,3.2021,3.2036,3.2016,3.2036,9
2026-06-08 03:38:00,3.1981,3.1986,3.1976,3.1986,3.2031,3.2036,3.2026,3.2036,6
2026-06-08 03:39:00,3.1981,3.1986,3.1966,3.1976,3.2031,3.2036,3.2016,3.2026,14
2026-06-08 03:40:00,3.1971,3.1971,3.1946,3.1966,3.2021,3.2021,3.1996,3.2016,15
2026-06-08 03:41:00,3.1971,3.1976,3.1961,3.1961,3.2021,3.2026,3.2011,3.2011,10
2026-06-08 03:42:00,3.1966,3.1966,3.1966,3.1966,3.2016,3.2016,3.2016,3.2016,1
2026-06-08 03:43:00,3.1956,3.1956,3.1936,3.1936,3.2006,3.2006,3.1986,3.1986,3
2026-06-08 03:44:00,3.1946,3.1956,3.1946,3.1946,3.1996,3.2006,3.1996,3.1996,4
2026-06-08 03:45:00,3.1956,3.1966,3.1916,3.1926,3.2006,3.2016,3.1966,3.1976,38
2026-06-08 03:46:00,3.1921,3.1936,3.1921,3.1926,3.1971,3.1986,3.1971,3.1976,11
2026-06-08 03:47:00,3.1921,3.1931,3.1916,3.1926,3.1971,3.1981,3.1966,3.1976,16
2026-06-08 03:48:00,3.1931,3.1936,3.1916,3.1931,3.1981,3.1986,3.1966,3.1981,7
2026-06-08 03:49:00,3.1926,3.1936,3.1926,3.1936,3.1976,3.1986,3.1976,3.1986,5
2026-06-08 03:50:00,3.1931,3.1936,3.1886,3.1911,3.1981,3.1986,3.1936,3.1961,17
2026-06-08 03:51:00,3.1916,3.1926,3.1911,3.1926,3.1966,3.1976,3.1961,3.1976,4
2026-06-08 03:53:00,3.1931,3.1936,3.1926,3.1926,3.1981,3.1986,3.1976,3.1976,3
2026-06-08 03:54:00,3.1916,3.1916,3.1916,3.1916,3.1966,3.1966,3.1966,3.1966,1
2026-06-08 03:55:00,3.1906,3.1906,3.1881,3.1886,3.1956,3.1956,3.1931,3.1936,8
2026-06-08 03:56:00,3.1896,3.1896,3.1886,3.1886,3.1946,3.1946,3.1936,3.1936,2
2026-06-08 03:57:00,3.1876,3.1886,3.1876,3.1886,3.1926,3.1936,3.1926,3.1936,2
2026-06-08 03:58:00,3.1901,3.1926,3.1901,3.1916,3.1951,3.1976,3.1951,3.1966,7
2026-06-08 03:59:00,3.1926,3.1926,3.1921,3.1926,3.1976,3.1976,3.1971,3.1976,3
2026-06-08 04:00:00,3.1921,3.1926,3.1916,3.1916,3.1971,3.1976,3.1966,3.1966,3
2026-06-08 04:01:00,3.1921,3.1926,3.1916,3.1916,3.1971,3.1976,3.1966,3.1966,4
2026-06-08 04:02:00,3.1921,3.1926,3.1916,3.1921,3.1971,3.1976,3.1966,3.1971,6
2026-06-08 04:03:00,3.1926,3.1946,3.1916,3.1926,3.1976,3.1996,3.1966,3.1976,8
2026-06-08 04:04:00,3.1916,3.1916,3.1916,3.1916,3.1966,3.1966,3.1966,3.1966,1
2026-06-08 04:06:00,3.1926,3.1936,3.1926,3.1936,3.1976,3.1986,3.1976,3.1986,13
2026-06-08 04:07:00,3.1931,3.1941,3.1931,3.1941,3.1981,3.1991,3.1981,3.1991,11
2026-06-08 04:08:00,3.1936,3.1941,3.1936,3.1941,3.1986,3.1991,3.1986,3.1991,4
2026-06-08 04:09:00,3.1931,3.1951,3.1931,3.1946,3.1981,3.2001,3.1981,3.1996,6
2026-06-08 04:10:00,3.1941,3.1946,3.1941,3.1946,3.1991,3.1996,3.1991,3.1996,4
2026-06-08 04:11:00,3.1951,3.1956,3.1946,3.1956,3.2001,3.2006,3.1996,3.2006,6
2026-06-08 04:12:00,3.1961,3.1961,3.1956,3.1961,3.2011,3.2011,3.2006,3.2011,7
2026-06-08 04:13:00,3.1966,3.1976,3.1956,3.1956,3.2016,3.2026,3.2006,3.2006,6
2026-06-08 04:14:00,3.1961,3.1961,3.1951,3.1956,3.2011,3.2011,3.2001,3.2006,3
2026-06-08 04:15:00,3.1966,3.1966,3.1966,3.1966,3.2016,3.2016,3.2016,3.2016,1
2026-06-08 04:16:00,3.1971,3.1971,3.1966,3.1966,3.2021,3.2021,3.2016,3.2016,2
2026-06-08 04:17:00,3.1971,3.1976,3.1961,3.1966,3.2021,3.2026,3.2011,3.2016,5
2026-06-08 04:18:00,3.1961,3.1966,3.1956,3.1961,3.2011,3.2016,3.2006,3.2011,5
2026-06-08 04:19:00,3.1966,3.1971,3.1966,3.1971,3.2016,3.2021,3.2016,3.2021,4
2026-06-08 04:20:00,3.1976,3.1976,3.1966,3.1966,3.2026,3.2026,3.2016,3.2016,4
2026-06-08 04:21:00,3.1956,3.1961,3.1946,3.1946,3.2006,3.2011,3.1996,3.1996,13
2026-06-08 04:22:00,3.1956,3.1956,3.1946,3.1956,3.2006,3.2006,3.1996,3.2006,4
2026-06-08 04:23:00,3.1961,3.1961,3.1956,3.1956,3.2011,3.2011,3.2006,3.2006,2
2026-06-08 04:24:00,3.1946,3.1956,3.1936,3.1936,3.1996,3.2006,3.1986,3.1986,10
2026-06-08 04:25:00,3.1946,3.1946,3.1931,3.1936,3.1996,3.1996,3.1981,3.1986,7
2026-06-08 04:26:00,3.1941,3.1941,3.1941,3.1941,3.1991,3.1991,3.1991,3.1991,1
2026-06-08 04:27:00,3.1946,3.1946,3.1946,3.1946,3.1996,3.1996,3.1996,3.1996,1
2026-06-08 04:28:00,3.1956,3.1976,3.1956,3.1961,3.2006,3.2026,3.2006,3.2011,11
2026-06-08 04:29:00,3.1956,3.1961,3.1956,3.1956,3.2006,3.2011,3.2006,3.2006,5
2026-06-08 04:30:00,3.1951,3.1976,3.1946,3.1976,3.2001,3.2026,3.1996,3.2026,9
2026-06-08 04:31:00,3.1986,3.1986,3.1976,3.1976,3.2036,3.2036,3.2026,3.2026,9
2026-06-08 04:32:00,3.1981,3.2006,3.1976,3.1986,3.2031,3.2056,3.2026,3.2036,14
2026-06-08 04:33:00,3.1981,3.1981,3.1971,3.1976,3.2031,3.2031,3.2021,3.2026,4
2026-06-08 04:35:00,3.1971,3.1986,3.1966,3.1986,3.2021,3.2036,3.2016,3.2036,5
2026-06-08 04:36:00,3.1976,3.1976,3.1936,3.1946,3.2026,3.2026,3.1986,3.1996,11
2026-06-08 04:37:00,3.1941,3.1941,3.1916,3.1916,3.1991,3.1991,3.1966,3.1966,10
2026-06-08 04:38:00,3.1906,3.1916,3.1886,3.1906,3.1956,3.1966,3.1936,3.1956,8
2026-06-08 04:39:00,3.1916,3.1916,3.1911,3.1916,3.1966,3.1966,3.1961,3.1966,3
2026-06-08 04:40:00,3.1911,3.1926,3.1911,3.1926,3.1961,3.1976,3.1961,3.1976,5
2026-06-08 04:42:00,3.1921,3.1926,3.1921,3.1921,3.1971,3.1976,3.1971,3.1971,3
2026-06-08 04:43:00,3.1926,3.1926,3.1911,3.1911,3.1976,3.1976,3.1961,3.1961,3
2026-06-08 04:44:00,3.1916,3.1916,3.1906,3.1916,3.1966,3.1966,3.1956,3.1966,4
2026-06-08 04:47:00,3.1926,3.1926,3.1916,3.1921,3.1976,3.1976,3.1966,3.1971,3
2026-06-08 04:48:00,3.1916,3.1921,3.1916,3.1921,3.1966,3.1971,3.1966,3.1971,2
2026-06-08 04:50:00,3.1926,3.1936,3.1926,3.1926,3.1976,3.1986,3.1976,3.1976,3
2026-06-08 04:51:00,3.1931,3.1946,3.1926,3.1926,3.1981,3.1996,3.1976,3.1976,11
2026-06-08 04:52:00,3.1916,3.1931,3.1916,3.1926,3.1966,3.1981,3.1966,3.1976,8
2026-06-08 04:53:00,3.1921,3.1926,3.1916,3.1926,3.1971,3.1976,3.1966,3.1976,10
2026-06-08 04:54:00,3.1921,3.1956,3.1921,3.1946,3.1971,3.2006,3.1971,3.1996,9
2026-06-08 04:55:00,3.1941,3.1941,3.1926,3.1926,3.1991,3.1991,3.1976,3.1976,3
2026-06-08 04:56:00,3.1931,3.1946,3.1931,3.1936,3.1981,3.1996,3.1981,3.1986,6
2026-06-08 04:57:00,3.1926,3.1936,3.1896,3.1896,3.1976,3.1986,3.1946,3.1946,17
2026-06-08 04:59:00,3.1906,3.1906,3.1901,3.1906,3.1956,3.1956,3.1951,3.1956,3
2026-06-08 05:00:00,3.1911,3.1916,3.1911,3.1916,3.1961,3.1966,3.1961,3.1966,2
2026-06-08 05:01:00,3.1911,3.1916,3.1911,3.1916,3.1961,3.1966,3.1961,3.1966,2
2026-06-08 05:04:00,3.1921,3.1926,3.1916,3.1926,3.1971,3.1976,3.1966,3.1976,4
2026-06-08 05:05:00,3.1916,3.1926,3.1916,3.1926,3.1966,3.1976,3.1966,3.1976,2
2026-06-08 05:06:00,3.1921,3.1921,3.1921,3.1921,3.1971,3.1971,3.1971,3.1971,1
2026-06-08 05:07:00,3.1926,3.1936,3.1926,3.1931,3.1976,3.1986,3.1976,3.1981,4
2026-06-08 05:08:00,3.1926,3.1936,3.1926,3.1936,3.1976,3.1986,3.1976,3.1986,3
2026-06-08 05:09:00,3.1941,3.1941,3.1941,3.1941,3.1991,3.1991,3.1991,3.1991,1
2026-06-08 05:10:00,3.1946,3.1946,3.1941,3.1946,3.1996,3.1996,3.1991,3.1996,3
2026-06-08 05:11:00,3.1931,3.1936,3.1931,3.1936,3.1981,3.1986,3.1981,3.1986,2
2026-06-08 05:12:00,3.1941,3.1946,3.1941,3.1946,3.1991,3.1996,3.1991,3.1996,4
2026-06-08 05:13:00,3.1941,3.1946,3.1936,3.1936,3.1991,3.1996,3.1986,3.1986,3
2026-06-08 05:14:00,3.1931,3.1931,3.1931,3.1931,3.1981,3.1981,3.1981,3.1981,1
2026-06-08 05:15:00,3.1936,3.1936,3.1936,3.1936,3.1986,3.1986,3.1986,3.1986,1
2026-06-08 05:17:00,3.1941,3.1946,3.1941,3.1946,3.1991,3.1996,3.1991,3.1996,2
2026-06-08 05:18:00,3.1951,3.1956,3.1946,3.1956,3.2001,3.2006,3.1996,3.2006,3
2026-06-08 05:21:00,3.1946,3.1956,3.1946,3.1956,3.1996,3.2006,3.1996,3.2006,5
2026-06-08 05:22:00,3.1961,3.1961,3.1956,3.1956,3.2011,3.2011,3.2006,3.2006,2
2026-06-08 05:23:00,3.1946,3.1946,3.1946,3.1946,3.1996,3.1996,3.1996,3.1996,1
2026-06-08 05:24:00,3.1956,3.1956,3.1956,3.1956,3.2006,3.2006,3.2006,3.2006,1
2026-06-08 05:25:00,3.1961,3.1961,3.1926,3.1941,3.2011,3.2011,3.1976,3.1991,30
2026-06-08 05:26:00,3.1936,3.1941,3.1936,3.1941,3.1986,3.1991,3.1986,3.1991,8
2026-06-08 05:27:00,3.1946,3.1946,3.1936,3.1936,3.1996,3.1996,3.1986,3.1986,2
2026-06-08 05:29:00,3.1941,3.1946,3.1936,3.1936,3.1991,3.1996,3.1986,3.1986,7
2026-06-08 05:30:00,3.1946,3.1976,3.1936,3.1971,3.1996,3.2026,3.1986,3.2021,26
2026-06-08 05:31:00,3.1976,3.2001,3.1966,3.1996,3.2026,3.2051,3.2016,3.2046,23
2026-06-08 05:32:00,3.1986,3.1996,3.1986,3.1996,3.2036,3.2046,3.2036,3.2046,21
2026-06-08 05:33:00,3.1991,3.1996,3.1976,3.1981,3.2041,3.2046,3.2026,3.2031,10
2026-06-08 05:34:00,3.1966,3.1976,3.1931,3.1941,3.2016,3.2026,3.1981,3.1991,25
2026-06-08 05:35:00,3.1936,3.1946,3.1926,3.1931,3.1986,3.1996,3.1976,3.1981,19
2026-06-08 05:36:00,3.1936,3.1946,3.1936,3.1946,3.1986,3.1996,3.1986,3.1996,6
2026-06-08 05:37:00,3.1941,3.1956,3.1941,3.1951,3.1991,3.2006,3.1991,3.2001,10
2026-06-08 05:38:00,3.1946,3.1946,3.1941,3.1946,3.1996,3.1996,3.1991,3.1996,3
2026-06-08 05:39:00,3.1936,3.1961,3.1936,3.1956,3.1986,3.2011,3.1986,3.2006,14
2026-06-08 05:40:00,3.1961,3.1966,3.1946,3.1946,3.2011,3.2016,3.1996,3.1996,5
2026-06-08 05:41:00,3.1936,3.1946,3.1936,3.1936,3.1986,3.1996,3.1986,3.1986,4
2026-06-08 05:42:00,3.1946,3.1956,3.1936,3.1946,3.1996,3.2006,3.1986,3.1996,12
2026-06-08 05:43:00,3.1941,3.1946,3.1931,3.1936,3.1991,3.1996,3.1981,3.1986,10
2026-06-08 05:44:00,3.1941,3.1951,3.1941,3.1951,3.1991,3.2001,3.1991,3.2001,13
2026-06-08 05:45:00,3.1956,3.1966,3.1951,3.1956,3.2006,3.2016,3.2001,3.2006,5
2026-06-08 05:46:00,3.1951,3.1956,3.1951,3.1956,3.2001,3.2006,3.2001,3.2006,2
2026-06-08 05:47:00,3.1951,3.1956,3.1946,3.1946,3.2001,3.2006,3.1996,3.1996,4
2026-06-08 05:48:00,3.1951,3.1956,3.1936,3.1946,3.2001,3.2006,3.1986,3.1996,7
2026-06-08 05:49:00,3.1941,3.1941,3.1926,3.1941,3.1991,3.1991,3.1976,3.1991,7
2026-06-08 05:50:00,3.1946,3.1956,3.1941,3.1956,3.1996,3.2006,3.1991,3.2006,10
2026-06-08 05:51:00,3.1951,3.1951,3.1951,3.1951,3.2001,3.2001,3.2001,3.2001,1
2026-06-08 05:52:00,3.1956,3.1956,3.1946,3.1946,3.2006,3.2006,3.1996,3.1996,2
2026-06-08 05:53:00,3.1956,3.1956,3.1946,3.1956,3.2006,3.2006,3.1996,3.2006,8
2026-06-08 05:54:00,3.1951,3.1956,3.1951,3.1956,3.2001,3.2006,3.2001,3.2006,10
2026-06-08 05:58:00,3.1946,3.1956,3.1946,3.1956,3.1996,3.2006,3.1996,3.2006,13
2026-06-08 05:59:00,3.1951,3.1956,3.1946,3.1956,3.2001,3.2006,3.1996,3.2006,6
2026-06-08 06:00:00,3.1961,3.1961,3.1951,3.1951,3.2011,3.2011,3.2001,3.2001,5
2026-06-08 06:01:00,3.1956,3.1956,3.1951,3.1951,3.2006,3.2006,3.2001,3.2001,10
2026-06-08 06:02:00,3.1946,3.1946,3.1936,3.1946,3.1996,3.1996,3.1986,3.1996,6
2026-06-08 06:03:00,3.1941,3.1946,3.1936,3.1946,3.1991,3.1996,3.1986,3.1996,4
2026-06-08 06:04:00,3.1951,3.1951,3.1951,3.1951,3.2001,3.2001,3.2001,3.2001,1
2026-06-08 06:05:00,3.1956,3.1956,3.1951,3.1956,3.2006,3.2006,3.2001,3.2006,9
2026-06-08 06:07:00,3.1951,3.1956,3.1951,3.1956,3.2001,3.2006,3.2001,3.2006,24
2026-06-08 06:08:00,3.1951,3.1956,3.1951,3.1951,3.2001,3.2006,3.2001,3.2001,17
2026-06-08 06:09:00,3.1946,3.1956,3.1941,3.1946,3.1996,3.2006,3.1991,3.1996,12
2026-06-08 06:10:00,3.1941,3.1946,3.1936,3.1941,3.1991,3.1996,3.1986,3.1991,9
2026-06-08 06:11:00,3.1946,3.1946,3.1936,3.1946,3.1996,3.1996,3.1986,3.1996,12
2026-06-08 06:13:00,3.1936,3.1956,3.1936,3.1946,3.1986,3.2006,3.1986,3.1996,7
2026-06-08 06:15:00,3.1936,3.1936,3.1936,3.1936,3.1986,3.1986,3.1986,3.1986,1
2026-06-08 06:19:00,3.1941,3.1946,3.1936,3.1946,3.1991,3.1996,3.1986,3.1996,11
2026-06-08 06:20:00,3.1951,3.1956,3.1946,3.1951,3.2001,3.2006,3.1996,3.2001,7
2026-06-08 06:21:00,3.1946,3.1951,3.1946,3.1946,3.1996,3.2001,3.1996,3.1996,5
2026-06-08 06:24:00,3.1956,3.1956,3.1946,3.1946,3.2006,3.2006,3.1996,3.1996,3
2026-06-08 06:25:00,3.1966,3.1966,3.1956,3.1966,3.2016,3.2016,3.2006,3.2016,5
2026-06-08 06:26:00,3.1961,3.1966,3.1961,3.1961,3.2011,3.2016,3.2011,3.2011,9
2026-06-08 06:27:00,3.1966,3.1966,3.1956,3.1966,3.2016,3.2016,3.2006,3.2016,13
2026-06-08 06:28:00,3.1961,3.1966,3.1961,3.1966,3.2011,3.2016,3.2011,3.2016,6
2026-06-08 06:29:00,3.1961,3.1966,3.1956,3.1961,3.2011,3.2016,3.2006,3.2011,9
2026-06-08 06:30:00,3.1966,3.1966,3.1961,3.1966,3.2016,3.2016,3.2011,3.2016,3
2026-06-08 06:31:00,3.1961,3.1966,3.1961,3.1966,3.2011,3.2016,3.2011,3.2016,2
2026-06-08 06:33:00,3.1956,3.1966,3.1956,3.1966,3.2006,3.2016,3.2006,3.2016,4
2026-06-08 06:34:00,3.1956,3.1956,3.1956,3.1956,3.2006,3.2006,3.2006,3.2006,1
2026-06-08 06:36:00,3.1946,3.1976,3.1946,3.1976,3.1996,3.2026,3.1996,3.2026,14
2026-06-08 06:37:00,3.1971,3.1976,3.1971,3.1976,3.2021,3.2026,3.2021,3.2026,14
2026-06-08 06:38:00,3.1966,3.1976,3.1966,3.1966,3.2016,3.2026,3.2016,3.2016,8
2026-06-08 06:40:00,3.1971,3.1976,3.1971,3.1976,3.2021,3.2026,3.2021,3.2026,2
2026-06-08 06:41:00,3.1966,3.1966,3.1956,3.1956,3.2016,3.2016,3.2006,3.2006,2
2026-06-08 06:44:00,3.1951,3.1951,3.1946,3.1946,3.2001,3.2001,3.1996,3.1996,2
2026-06-08 06:47:00,3.1941,3.1941,3.1926,3.1926,3.1991,3.1991,3.1976,3.1976,3
2026-06-08 06:48:00,3.1916,3.1926,3.1906,3.1916,3.1966,3.1976,3.1956,3.1966,9
2026-06-08 06:49:00,3.1921,3.1936,3.1921,3.1921,3.1971,3.1986,3.1971,3.1971,22
2026-06-08 06:50:00,3.1916,3.1921,3.1906,3.1906,3.1966,3.1971,3.1956,3.1956,4
2026-06-08 06:52:00,3.1911,3.1916,3.1906,3.1906,3.1961,3.1966,3.1956,3.1956,4
2026-06-08 06:53:00,3.1896,3.1906,3.1896,3.1906,3.1946,3.1956,3.1946,3.1956,2
2026-06-08 06:54:00,3.1901,3.1906,3.1901,3.1906,3.1951,3.1956,3.1951,3.1956,2
2026-06-08 06:55:00,3.1911,3.1916,3.1911,3.1916,3.1961,3.1966,3.1961,3.1966,2
2026-06-08 06:56:00,3.1911,3.1916,3.1911,3.1911,3.1961,3.1966,3.1961,3.1961,11
2026-06-08 06:57:00,3.1916,3.1916,3.1911,3.1916,3.1966,3.1966,3.1961,3.1966,3
2026-06-08 06:58:00,3.1926,3.1926,3.1916,3.1916,3.1976,3.1976,3.1966,3.1966,2
2026-06-08 06:59:00,3.1926,3.1926,3.1911,3.1911,3.1976,3.1976,3.1961,3.1961,5
2026-06-08 07:00:00,3.1906,3.1906,3.1866,3.1886,3.1956,3.1956,3.1916,3.1936,12
2026-06-08 07:01:00,3.1881,3.1881,3.1876,3.1876,3.1931,3.1931,3.1926,3.1926,2
2026-06-08 07:04:00,3.1886,3.1886,3.1866,3.1866,3.1936,3.1936,3.1916,3.1916,7
2026-06-08 07:05:00,3.1876,3.1876,3.1876,3.1876,3.1926,3.1926,3.1926,3.1926,1
2026-06-08 07:06:00,3.1871,3.1876,3.1866,3.1866,3.1921,3.1926,3.1916,3.1916,19
2026-06-08 07:07:00,3.1871,3.1876,3.1866,3.1866,3.1921,3.1926,3.1916,3.1916,10
2026-06-08 07:08:00,3.1871,3.1876,3.1866,3.1876,3.1921,3.1926,3.1916,3.1926,4
2026-06-08 07:10:00,3.1871,3.1871,3.1866,3.1866,3.1921,3.1921,3.1916,3.1916,2
2026-06-08 07:12:00,3.1856,3.1866,3.1846,3.1866,3.1906,3.1916,3.1896,3.1916,12
2026-06-08 07:13:00,3.1876,3.1876,3.1871,3.1876,3.1926,3.1926,3.1921,3.1926,3
2026-06-08 07:14:00,3.1871,3.1876,3.1871,3.1876,3.1921,3.1926,3.1921,3.1926,8
2026-06-08 07:15:00,3.1886,3.1886,3.1886,3.1886,3.1936,3.1936,3.1936,3.1936,1
2026-06-08 07:16:00,3.1876,3.1876,3.1876,3.1876,3.1926,3.1926,3.1926,3.1926,1
2026-06-08 07:18:00,3.1866,3.1866,3.1866,3.1866,3.1916,3.1916,3.1916,3.1916,1
2026-06-08 07:19:00,3.1861,3.1861,3.1836,3.1836,3.1911,3.1911,3.1886,3.1886,4
2026-06-08 07:20:00,3.1846,3.1856,3.1846,3.1856,3.1896,3.1906,3.1896,3.1906,10
2026-06-08 07:21:00,3.1866,3.1866,3.1866,3.1866,3.1916,3.1916,3.1916,3.1916,1
2026-06-08 07:22:00,3.1876,3.1876,3.1871,3.1871,3.1926,3.1926,3.1921,3.1921,4
2026-06-08 07:23:00,3.1876,3.1876,3.1876,3.1876,3.1926,3.1926,3.1926,3.1926,1
2026-06-08 07:24:00,3.1871,3.1876,3.1866,3.1876,3.1921,3.1926,3.1916,3.1926,7
2026-06-08 07:25:00,3.1871,3.1876,3.1866,3.1876,3.1921,3.1926,3.1916,3.1926,10
2026-06-08 07:26:00,3.1886,3.1896,3.1886,3.1896,3.1936,3.1946,3.1936,3.1946,2
2026-06-08 07:27:00,3.1901,3.1901,3.1901,3.1901,3.1951,3.1951,3.1951,3.1951,1
2026-06-08 07:29:00,3.1906,3.1936,3.1906,3.1936,3.1956,3.1986,3.1956,3.1986,8
2026-06-08 07:30:00,3.1941,3.1966,3.1936,3.1966,3.1991,3.2016,3.1986,3.2016,10
2026-06-08 07:31:00,3.1956,3.1956,3.1946,3.1946,3.2006,3.2006,3.1996,3.1996,2
2026-06-08 07:32:00,3.1956,3.1966,3.1956,3.1956,3.2006,3.2016,3.2006,3.2006,6
2026-06-08 07:33:00,3.1961,3.2001,3.1956,3.2001,3.2011,3.2051,3.2006,3.2051,17
2026-06-08 07:34:00,3.1996,3.2016,3.1996,3.2016,3.2046,3.2066,3.2046,3.2066,15
2026-06-08 07:35:00,3.2011,3.2026,3.2006,3.2016,3.2061,3.2076,3.2056,3.2066,11
2026-06-08 07:36:00,3.2021,3.2026,3.2021,3.2026,3.2071,3.2076,3.2071,3.2076,2
2026-06-08 07:37:00,3.2036,3.2046,3.2031,3.2046,3.2086,3.2096,3.2081,3.2096,8
2026-06-08 07:38:00,3.2056,3.2076,3.2046,3.2071,3.2106,3.2126,3.2096,3.2121,13
2026-06-08 07:39:00,3.2066,3.2081,3.2046,3.2081,3.2116,3.2131,3.2096,3.2131,18
2026-06-08 07:40:00,3.2076,3.2096,3.2076,3.2091,3.2126,3.2146,3.2126,3.2141,19
2026-06-08 07:41:00,3.2096,3.2096,3.2086,3.2091,3.2146,3.2146,3.2136,3.2141,13
2026-06-08 07:42:00,3.2096,3.2096,3.2066,3.2066,3.2146,3.2146,3.2116,3.2116,9
2026-06-08 07:43:00,3.2056,3.2071,3.2056,3.2066,3.2106,3.2121,3.2106,3.2116,6
2026-06-08 07:44:00,3.2071,3.2076,3.2066,3.2066,3.2121,3.2126,3.2116,3.2116,8
2026-06-08 07:45:00,3.2071,3.2076,3.2071,3.2076,3.2121,3.2126,3.2121,3.2126,2
2026-06-08 07:47:00,3.2071,3.2071,3.2056,3.2061,3.2121,3.2121,3.2106,3.2111,7
2026-06-08 07:48:00,3.2056,3.2056,3.2046,3.2046,3.2106,3.2106,3.2096,3.2096,2
2026-06-08 07:50:00,3.2036,3.2041,3.2006,3.2026,3.2086,3.2091,3.2056,3.2076,16
2026-06-08 07:51:00,3.2016,3.2026,3.1986,3.2006,3.2066,3.2076,3.2036,3.2056,19
2026-06-08 07:52:00,3.2016,3.2026,3.2016,3.2016,3.2066,3.2076,3.2066,3.2066,6
2026-06-08 07:53:00,3.2011,3.2016,3.1966,3.1976,3.2061,3.2066,3.2016,3.2026,10
2026-06-08 07:54:00,3.1981,3.2006,3.1981,3.1996,3.2031,3.2056,3.2031,3.2046,13
2026-06-08 07:55:00,3.1986,3.1996,3.1981,3.1986,3.2036,3.2046,3.2031,3.2036,7
2026-06-08 07:56:00,3.1976,3.1996,3.1966,3.1996,3.2026,3.2046,3.2016,3.2046,7
2026-06-08 07:57:00,3.1991,3.2001,3.1981,3.1986,3.2041,3.2051,3.2031,3.2036,12
2026-06-08 07:58:00,3.1981,3.1981,3.1951,3.1956,3.2031,3.2031,3.2001,3.2006,10
2026-06-08 07:59:00,3.1966,3.1971,3.1956,3.1966,3.2016,3.2021,3.2006,3.2016,6
2026-06-08 08:00:00,3.1961,3.2006,3.1956,3.1996,3.2011,3.2056,3.2006,3.2046,25
2026-06-08 08:01:00,3.1991,3.2006,3.1966,3.1966,3.2041,3.2056,3.2016,3.2016,11
2026-06-08 08:02:00,3.1976,3.1996,3.1976,3.1996,3.2026,3.2046,3.2026,3.2046,7
2026-06-08 08:03:00,3.1991,3.2011,3.1986,3.2011,3.2041,3.2061,3.2036,3.2061,14
2026-06-08 08:04:00,3.2006,3.2026,3.1991,3.1991,3.2056,3.2076,3.2041,3.2041,19
2026-06-08 08:05:00,3.1996,3.2011,3.1976,3.1981,3.2046,3.2061,3.2026,3.2031,11
2026-06-08 08:06:00,3.1976,3.1996,3.1976,3.1991,3.2026,3.2046,3.2026,3.2041,8
2026-06-08 08:07:00,3.1986,3.2006,3.1981,3.2006,3.2036,3.2056,3.2031,3.2056,5
2026-06-08 08:08:00,3.1996,3.1996,3.1986,3.1986,3.2046,3.2046,3.2036,3.2036,6
2026-06-08 08:10:00,3.1981,3.1986,3.1976,3.1986,3.2031,3.2036,3.2026,3.2036,3
2026-06-08 08:13:00,3.1981,3.1986,3.1956,3.1966,3.2031,3.2036,3.2006,3.2016,13
2026-06-08 08:14:00,3.1976,3.1986,3.1976,3.1976,3.2026,3.2036,3.2026,3.2026,9
2026-06-08 08:15:00,3.1986,3.1996,3.1981,3.1981,3.2036,3.2046,3.2031,3.2031,8
2026-06-08 08:16:00,3.1976,3.1976,3.1946,3.1976,3.2026,3.2026,3.1996,3.2026,11
2026-06-08 08:17:00,3.1966,3.1966,3.1961,3.1961,3.2016,3.2016,3.2011,3.2011,2
2026-06-08 08:18:00,3.1956,3.1971,3.1956,3.1971,3.2006,3.2021,3.2006,3.2021,8
2026-06-08 08:19:00,3.1966,3.1966,3.1966,3.1966,3.2016,3.2016,3.2016,3.2016,1
2026-06-08 08:20:00,3.1971,3.1971,3.1966,3.1966,3.2021,3.2021,3.2016,3.2016,4
2026-06-08 08:21:00,3.1971,3.1976,3.1956,3.1976,3.2021,3.2026,3.2006,3.2026,12
2026-06-08 08:22:00,3.1981,3.1986,3.1981,3.1981,3.2031,3.2036,3.2031,3.2031,3
2026-06-08 08:23:00,3.1976,3.1976,3.1976,3.1976,3.2026,3.2026,3.2026,3.2026,1
2026-06-08 08:24:00,3.1971,3.1986,3.1966,3.1986,3.2021,3.2036,3.2016,3.2036,5
2026-06-08 08:25:00,3.1996,3.1996,3.1986,3.1986,3.2046,3.2046,3.2036,3.2036,3
2026-06-08 08:26:00,3.1976,3.1976,3.1971,3.1971,3.2026,3.2026,3.2021,3.2021,2
2026-06-08 08:27:00,3.1976,3.1976,3.1946,3.1946,3.2026,3.2026,3.1996,3.1996,10
2026-06-08 08:28:00,3.1936,3.1946,3.1936,3.1941,3.1986,3.1996,3.1986,3.1991,3
2026-06-08 08:29:00,3.1946,3.1966,3.1936,3.1946,3.1996,3.2016,3.1986,3.1996,14
2026-06-08 08:30:00,3.1941,3.1946,3.1911,3.1916,3.1991,3.1996,3.1961,3.1966,16
2026-06-08 08:31:00,3.1926,3.1936,3.1921,3.1926,3.1976,3.1986,3.1971,3.1976,7
2026-06-08 08:32:00,3.1931,3.1936,3.1906,3.1906,3.1981,3.1986,3.1956,3.1956,6
2026-06-08 08:33:00,3.1896,3.1901,3.1866,3.1886,3.1946,3.1951,3.1916,3.1936,11
2026-06-08 08:34:00,3.1896,3.1896,3.1886,3.1886,3.1946,3.1946,3.1936,3.1936,2
2026-06-08 08:35:00,3.1896,3.1906,3.1896,3.1901,3.1946,3.1956,3.1946,3.1951,10
2026-06-08 08:36:00,3.1906,3.1906,3.1896,3.1906,3.1956,3.1956,3.1946,3.1956,4
2026-06-08 08:37:00,3.1896,3.1896,3.1886,3.1896,3.1946,3.1946,3.1936,3.1946,5
2026-06-08 08:38:00,3.1891,3.1891,3.1861,3.1866,3.1941,3.1941,3.1911,3.1916,15
2026-06-08 08:39:00,3.1856,3.1856,3.1796,3.1826,3.1906,3.1906,3.1846,3.1876,21
2026-06-08 08:40:00,3.1821,3.1826,3.1786,3.1796,3.1871,3.1876,3.1836,3.1846,15
2026-06-08 08:41:00,3.1786,3.1806,3.1776,3.1806,3.1836,3.1856,3.1826,3.1856,9
2026-06-08 08:42:00,3.1801,3.1806,3.1786,3.1786,3.1851,3.1856,3.1836,3.1836,10
2026-06-08 08:43:00,3.1781,3.1781,3.1756,3.1776,3.1831,3.1831,3.1806,3.1826,6
2026-06-08 08:44:00,3.1766,3.1771,3.1766,3.1766,3.1816,3.1821,3.1816,3.1816,3
2026-06-08 08:45:00,3.1761,3.1766,3.1746,3.1746,3.1811,3.1816,3.1796,3.1796,7
2026-06-08 08:46:00,3.1741,3.1756,3.1726,3.1746,3.1791,3.1806,3.1776,3.1796,12
2026-06-08 08:47:00,3.1756,3.1756,3.1736,3.1746,3.1806,3.1806,3.1786,3.1796,14
2026-06-08 08:48:00,3.1756,3.1796,3.1756,3.1776,3.1806,3.1846,3.1806,3.1826,16
2026-06-08 08:49:00,3.1771,3.1796,3.1766,3.1796,3.1821,3.1846,3.1816,3.1846,10
2026-06-08 08:50:00,3.1791,3.1796,3.1776,3.1776,3.1841,3.1846,3.1826,3.1826,13
2026-06-08 08:51:00,3.1781,3.1786,3.1776,3.1786,3.1831,3.1836,3.1826,3.1836,8
2026-06-08 08:52:00,3.1776,3.1786,3.1776,3.1786,3.1826,3.1836,3.1826,3.1836,3
2026-06-08 08:53:00,3.1781,3.1781,3.1766,3.1771,3.1831,3.1831,3.1816,3.1821,11
2026-06-08 08:54:00,3.1776,3.1806,3.1776,3.1796,3.1826,3.1856,3.1826,3.1846,15
2026-06-08 08:55:00,3.1801,3.1806,3.1756,3.1756,3.1851,3.1856,3.1806,3.1806,20
2026-06-08 08:56:00,3.1766,3.1776,3.1766,3.1776,3.1816,3.1826,3.1816,3.1826,3
2026-06-08 08:57:00,3.1781,3.1786,3.1781,3.1786,3.1831,3.1836,3.1831,3.1836,2
2026-06-08 08:58:00,3.1776,3.1781,3.1756,3.1766,3.1826,3.1831,3.1806,3.1816,16
2026-06-08 08:59:00,3.1761,3.1796,3.1761,3.1781,3.1811,3.1846,3.1811,3.1831,12
2026-06-08 09:00:00,3.1766,3.1786,3.1766,3.1776,3.1816,3.1836,3.1816,3.1826,19
2026-06-08 09:01:00,3.1786,3.1796,3.1786,3.1796,3.1836,3.1846,3.1836,3.1846,5
2026-06-08 09:02:00,3.1791,3.1806,3.1766,3.1786,3.1841,3.1856,3.1816,3.1836,14
2026-06-08 09:03:00,3.1776,3.1786,3.1756,3.1756,3.1826,3.1836,3.1806,3.1806,14
2026-06-08 09:04:00,3.1766,3.1776,3.1766,3.1766,3.1816,3.1826,3.1816,3.1816,3
2026-06-08 09:05:00,3.1761,3.1786,3.1736,3.1776,3.1811,3.1836,3.1786,3.1826,36
2026-06-08 09:06:00,3.1771,3.1776,3.1756,3.1766,3.1821,3.1826,3.1806,3.1816,14
2026-06-08 09:07:00,3.1761,3.1776,3.1756,3.1776,3.1811,3.1826,3.1806,3.1826,12
2026-06-08 09:08:00,3.1786,3.1786,3.1776,3.1776,3.1836,3.1836,3.1826,3.1826,2
2026-06-08 09:09:00,3.1786,3.1806,3.1786,3.1806,3.1836,3.1856,3.1836,3.1856,6
2026-06-08 09:10:00,3.1801,3.1826,3.1796,3.1816,3.1851,3.1876,3.1846,3.1866,12
2026-06-08 09:11:00,3.1806,3.1811,3.1796,3.1806,3.1856,3.1861,3.1846,3.1856,5
2026-06-08 09:12:00,3.1816,3.1816,3.1816,3.1816,3.1866,3.1866,3.1866,3.1866,1
2026-06-08 09:14:00,3.1826,3.1826,3.1811,3.1811,3.1876,3.1876,3.1861,3.1861,9
2026-06-08 09:15:00,3.1816,3.1846,3.1786,3.1786,3.1866,3.1896,3.1836,3.1836,33
2026-06-08 09:16:00,3.1781,3.1796,3.1781,3.1786,3.1831,3.1846,3.1831,3.1836,8
2026-06-08 09:17:00,3.1776,3.1786,3.1776,3.1776,3.1826,3.1836,3.1826,3.1826,4
2026-06-08 09:18:00,3.1786,3.1786,3.1786,3.1786,3.1836,3.1836,3.1836,3.1836,1
2026-06-08 09:19:00,3.1781,3.1781,3.1766,3.1766,3.1831,3.1831,3.1816,3.1816,9
2026-06-08 09:21:00,3.1756,3.1771,3.1736,3.1761,3.1806,3.1821,3.1786,3.1811,20
2026-06-08 09:22:00,3.1766,3.1766,3.1761,3.1766,3.1816,3.1816,3.1811,3.1816,13
2026-06-08 09:23:00,3.1771,3.1776,3.1766,3.1771,3.1821,3.1826,3.1816,3.1821,5
2026-06-08 09:24:00,3.1776,3.1776,3.1766,3.1776,3.1826,3.1826,3.1816,3.1826,4
2026-06-08 09:25:00,3.1771,3.1771,3.1756,3.1756,3.1821,3.1821,3.1806,3.1806,5
2026-06-08 09:26:00,3.1751,3.1751,3.1686,3.1696,3.1801,3.1801,3.1736,3.1746,28
2026-06-08 09:27:00,3.1686,3.1716,3.1676,3.1711,3.1736,3.1766,3.1726,3.1761,19
2026-06-08 09:28:00,3.1716,3.1716,3.1686,3.1701,3.1766,3.1766,3.1736,3.1751,12
2026-06-08 09:29:00,3.1696,3.1696,3.1691,3.1696,3.1746,3.1746,3.1741,3.1746,5
2026-06-08 09:30:00,3.1686,3.1696,3.1656,3.1656,3.1736,3.1746,3.1706,3.1706,36
2026-06-08 09:31:00,3.1646,3.1666,3.1641,3.1656,3.1696,3.1716,3.1691,3.1706,8
2026-06-08 09:32:00,3.1651,3.1651,3.1621,3.1621,3.1701,3.1701,3.1671,3.1671,11
2026-06-08 09:33:00,3.1616,3.1626,3.1606,3.1626,3.1666,3.1676,3.1656,3.1676,8
2026-06-08 09:34:00,3.1636,3.1636,3.1616,3.1616,3.1686,3.1686,3.1666,3.1666,10
2026-06-08 09:35:00,3.1611,3.1621,3.1606,3.1606,3.1661,3.1671,3.1656,3.1656,20
2026-06-08 09:36:00,3.1616,3.1626,3.1616,3.1616,3.1666,3.1676,3.1666,3.1666,8
2026-06-08 09:37:00,3.1626,3.1646,3.1616,3.1646,3.1676,3.1696,3.1666,3.1696,41
2026-06-08 09:38:00,3.1656,3.1656,3.1636,3.1656,3.1706,3.1706,3.1686,3.1706,25
2026-06-08 09:39:00,3.1666,3.1686,3.1661,3.1676,3.1716,3.1736,3.1711,3.1726,29
2026-06-08 09:40:00,3.1671,3.1696,3.1671,3.1691,3.1721,3.1746,3.1721,3.1741,13
2026-06-08 09:41:00,3.1686,3.1686,3.1656,3.1656,3.1736,3.1736,3.1706,3.1706,14
2026-06-08 09:42:00,3.1661,3.1666,3.1656,3.1666,3.1711,3.1716,3.1706,3.1716,5
2026-06-08 09:43:00,3.1656,3.1656,3.1646,3.1656,3.1706,3.1706,3.1696,3.1706,5
2026-06-08 09:44:00,3.1646,3.1656,3.1646,3.1656,3.1696,3.1706,3.1696,3.1706,7
2026-06-08 09:45:00,3.1646,3.1656,3.1636,3.1641,3.1696,3.1706,3.1686,3.1691,14
2026-06-08 09:46:00,3.1646,3.1646,3.1631,3.1636,3.1696,3.1696,3.1681,3.1686,11
2026-06-08 09:47:00,3.1616,3.1616,3.1576,3.1581,3.1666,3.1666,3.1626,3.1631,17
2026-06-08 09:48:00,3.1576,3.1586,3.1576,3.1586,3.1626,3.1636,3.1626,3.1636,13
2026-06-08 09:49:00,3.1596,3.1596,3.1501,3.1566,3.1646,3.1646,3.1551,3.1616,33
2026-06-08 09:50:00,3.1556,3.1586,3.1556,3.1561,3.1606,3.1636,3.1606,3.1611,19
2026-06-08 09:51:00,3.1566,3.1606,3.1566,3.1606,3.1616,3.1656,3.1616,3.1656,14
2026-06-08 09:52:00,3.1611,3.1611,3.1586,3.1596,3.1661,3.1661,3.1636,3.1646,10
2026-06-08 09:53:00,3.1591,3.1606,3.1591,3.1596,3.1641,3.1656,3.1641,3.1646,10
2026-06-08 09:54:00,3.1601,3.1611,3.1596,3.1611,3.1651,3.1661,3.1646,3.1661,5
2026-06-08 09:55:00,3.1616,3.1626,3.1606,3.1616,3.1666,3.1676,3.1656,3.1666,16
2026-06-08 09:56:00,3.1611,3.1616,3.1586,3.1586,3.1661,3.1666,3.1636,3.1636,8
2026-06-08 09:57:00,3.1576,3.1576,3.1561,3.1566,3.1626,3.1626,3.1611,3.1616,4
2026-06-08 09:58:00,3.1556,3.1566,3.1546,3.1546,3.1606,3.1616,3.1596,3.1596,19
2026-06-08 09:59:00,3.1536,3.1546,3.1536,3.1536,3.1586,3.1596,3.1586,3.1586,5
2026-06-08 10:00:00,3.1526,3.1536,3.1526,3.1526,3.1576,3.1586,3.1576,3.1576,6
2026-06-08 10:01:00,3.1536,3.1546,3.1516,3.1546,3.1586,3.1596,3.1566,3.1596,8
2026-06-08 10:02:00,3.1551,3.1556,3.1546,3.1546,3.1601,3.1606,3.1596,3.1596,12
2026-06-08 10:03:00,3.1536,3.1546,3.1526,3.1536,3.1586,3.1596,3.1576,3.1586,11
2026-06-08 10:04:00,3.1531,3.1531,3.1506,3.1516,3.1581,3.1581,3.1556,3.1566,19
2026-06-08 10:05:00,3.1506,3.1516,3.1461,3.1486,3.1556,3.1566,3.1511,3.1536,27
2026-06-08 10:06:00,3.1496,3.1506,3.1496,3.1506,3.1546,3.1556,3.1546,3.1556,8
2026-06-08 10:07:00,3.1501,3.1501,3.1486,3.1496,3.1551,3.1551,3.1536,3.1546,13
2026-06-08 10:08:00,3.1491,3.1496,3.1486,3.1486,3.1541,3.1546,3.1536,3.1536,11
2026-06-08 10:09:00,3.1476,3.1486,3.1476,3.1476,3.1526,3.1536,3.1526,3.1526,5
2026-06-08 10:10:00,3.1486,3.1516,3.1476,3.1501,3.1536,3.1566,3.1526,3.1551,35
2026-06-08 10:11:00,3.1506,3.1526,3.1506,3.1506,3.1556,3.1576,3.1556,3.1556,11
2026-06-08 10:12:00,3.1516,3.1521,3.1506,3.1506,3.1566,3.1571,3.1556,3.1556,14
2026-06-08 10:13:00,3.1496,3.1511,3.1496,3.1506,3.1546,3.1561,3.1546,3.1556,4
2026-06-08 10:14:00,3.1511,3.1516,3.1496,3.1506,3.1561,3.1566,3.1546,3.1556,16
2026-06-08 10:15:00,3.1501,3.1506,3.1496,3.1506,3.1551,3.1556,3.1546,3.1556,3
2026-06-08 10:16:00,3.1496,3.1506,3.1481,3.1486,3.1546,3.1556,3.1531,3.1536,6
2026-06-08 10:17:00,3.1491,3.1491,3.1476,3.1476,3.1541,3.1541,3.1526,3.1526,3
2026-06-08 10:19:00,3.1486,3.1496,3.1456,3.1476,3.1536,3.1546,3.1506,3.1526,14
2026-06-08 10:20:00,3.1471,3.1486,3.1466,3.1476,3.1521,3.1536,3.1516,3.1526,6
2026-06-08 10:21:00,3.1486,3.1496,3.1481,3.1496,3.1536,3.1546,3.1531,3.1546,6
2026-06-08 10:22:00,3.1486,3.1496,3.1486,3.1486,3.1536,3.1546,3.1536,3.1536,3
2026-06-08 10:23:00,3.1476,3.1486,3.1476,3.1476,3.1526,3.1536,3.1526,3.1526,4
2026-06-08 10:24:00,3.1486,3.1486,3.1476,3.1481,3.1536,3.1536,3.1526,3.1531,11
2026-06-08 10:25:00,3.1476,3.1496,3.1456,3.1466,3.1526,3.1546,3.1506,3.1516,18
2026-06-08 10:26:00,3.1461,3.1476,3.1461,3.1476,3.1511,3.1526,3.1511,3.1526,5
2026-06-08 10:27:00,3.1466,3.1496,3.1466,3.1486,3.1516,3.1546,3.1516,3.1536,7
2026-06-08 10:28:00,3.1496,3.1496,3.1466,3.1476,3.1546,3.1546,3.1516,3.1526,7
2026-06-08 10:29:00,3.1466,3.1476,3.1366,3.1386,3.1516,3.1526,3.1416,3.1436,34
2026-06-08 10:30:00,3.1381,3.1396,3.1376,3.1386,3.1431,3.1446,3.1426,3.1436,5
2026-06-08 10:31:00,3.1376,3.1376,3.1366,3.1376,3.1426,3.1426,3.1416,3.1426,5
2026-06-08 10:32:00,3.1386,3.1396,3.1376,3.1386,3.1436,3.1446,3.1426,3.1436,24
2026-06-08 10:33:00,3.1391,3.1396,3.1386,3.1396,3.1441,3.1446,3.1436,3.1446,7
2026-06-08 10:34:00,3.1391,3.1391,3.1366,3.1386,3.1441,3.1441,3.1416,3.1436,12
2026-06-08 10:35:00,3.1396,3.1396,3.1386,3.1386,3.1446,3.1446,3.1436,3.1436,5
2026-06-08 10:36:00,3.1396,3.1396,3.1386,3.1386,3.1446,3.1446,3.1436,3.1436,5
2026-06-08 10:37:00,3.1396,3.1396,3.1381,3.1386,3.1446,3.1446,3.1431,3.1436,10
2026-06-08 10:38:00,3.1396,3.1396,3.1376,3.1376,3.1446,3.1446,3.1426,3.1426,3
2026-06-08 10:39:00,3.1386,3.1406,3.1381,3.1406,3.1436,3.1456,3.1431,3.1456,11
2026-06-08 10:40:00,3.1416,3.1416,3.1396,3.1416,3.1466,3.1466,3.1446,3.1466,14
2026-06-08 10:41:00,3.1406,3.1426,3.1406,3.1426,3.1456,3.1476,3.1456,3.1476,7
2026-06-08 10:42:00,3.1431,3.1436,3.1426,3.1426,3.1481,3.1486,3.1476,3.1476,12
2026-06-08 10:43:00,3.1431,3.1436,3.1406,3.1406,3.1481,3.1486,3.1456,3.1456,16
2026-06-08 10:45:00,3.1401,3.1416,3.1401,3.1401,3.1451,3.1466,3.1451,3.1451,6
2026-06-08 10:46:00,3.1396,3.1406,3.1396,3.1406,3.1446,3.1456,3.1446,3.1456,11
2026-06-08 10:47:00,3.1401,3.1426,3.1396,3.1396,3.1451,3.1476,3.1446,3.1446,16
2026-06-08 10:48:00,3.1386,3.1386,3.1366,3.1366,3.1436,3.1436,3.1416,3.1416,3
2026-06-08 10:49:00,3.1356,3.1376,3.1356,3.1376,3.1406,3.1426,3.1406,3.1426,7
2026-06-08 10:50:00,3.1386,3.1386,3.1376,3.1376,3.1436,3.1436,3.1426,3.1426,2
2026-06-08 10:51:00,3.1386,3.1406,3.1376,3.1396,3.1436,3.1456,3.1426,3.1446,9
2026-06-08 10:52:00,3.1386,3.1391,3.1376,3.1386,3.1436,3.1441,3.1426,3.1436,7
2026-06-08 10:53:00,3.1381,3.1381,3.1366,3.1366,3.1431,3.1431,3.1416,3.1416,8
2026-06-08 10:54:00,3.1356,3.1356,3.1336,3.1336,3.1406,3.1406,3.1386,3.1386,4
2026-06-08 10:55:00,3.1331,3.1336,3.1331,3.1336,3.1381,3.1386,3.1381,3.1386,4
2026-06-08 10:56:00,3.1326,3.1376,3.1326,3.1366,3.1376,3.1426,3.1376,3.1416,11
2026-06-08 10:57:00,3.1376,3.1376,3.1376,3.1376,3.1426,3.1426,3.1426,3.1426,1
2026-06-08 10:58:00,3.1386,3.1386,3.1376,3.1376,3.1436,3.1436,3.1426,3.1426,4
2026-06-08 10:59:00,3.1381,3.1386,3.1376,3.1386,3.1431,3.1436,3.1426,3.1436,17
2026-06-08 11:00:00,3.1396,3.1406,3.1376,3.1396,3.1446,3.1456,3.1426,3.1446,21
2026-06-08 11:01:00,3.1406,3.1406,3.1386,3.1386,3.1456,3.1456,3.1436,3.1436,5
2026-06-08 11:03:00,3.1396,3.1396,3.1396,3.1396,3.1446,3.1446,3.1446,3.1446,1
2026-06-08 11:04:00,3.1406,3.1406,3.1406,3.1406,3.1456,3.1456,3.1456,3.1456,1
2026-06-08 11:06:00,3.1411,3.1416,3.1411,3.1416,3.1461,3.1466,3.1461,3.1466,2
2026-06-08 11:07:00,3.1406,3.1411,3.1391,3.1406,3.1456,3.1461,3.1441,3.1456,10
2026-06-08 11:09:00,3.1411,3.1416,3.1406,3.1416,3.1461,3.1466,3.1456,3.1466,4
2026-06-08 11:10:00,3.1426,3.1426,3.1411,3.1416,3.1476,3.1476,3.1461,3.1466,4
2026-06-08 11:11:00,3.1406,3.1411,3.1396,3.1411,3.1456,3.1461,3.1446,3.1461,8
2026-06-08 11:12:00,3.1416,3.1416,3.1406,3.1406,3.1466,3.1466,3.1456,3.1456,5
2026-06-08 11:13:00,3.1411,3.1416,3.1406,3.1416,3.1461,3.1466,3.1456,3.1466,7
2026-06-08 11:14:00,3.1411,3.1411,3.1396,3.1406,3.1461,3.1461,3.1446,3.1456,4
2026-06-08 11:15:00,3.1411,3.1411,3.1396,3.1396,3.1461,3.1461,3.1446,3.1446,6
2026-06-08 11:16:00,3.1406,3.1406,3.1396,3.1396,3.1456,3.1456,3.1446,3.1446,4
2026-06-08 11:17:00,3.1386,3.1406,3.1386,3.1396,3.1436,3.1456,3.1436,3.1446,6
2026-06-08 11:18:00,3.1401,3.1406,3.1396,3.1401,3.1451,3.1456,3.1446,3.1451,17
2026-06-08 11:19:00,3.1396,3.1406,3.1391,3.1396,3.1446,3.1456,3.1441,3.1446,13
2026-06-08 11:20:00,3.1391,3.1396,3.1391,3.1396,3.1441,3.1446,3.1441,3.1446,8
2026-06-08 11:22:00,3.1406,3.1416,3.1396,3.1396,3.1456,3.1466,3.1446,3.1446,6
2026-06-08 11:23:00,3.1406,3.1406,3.1396,3.1401,3.1456,3.1456,3.1446,3.1451,17
2026-06-08 11:24:00,3.1406,3.1416,3.1406,3.1416,3.1456,3.1466,3.1456,3.1466,2
2026-06-08 11:25:00,3.1421,3.1421,3.1396,3.1396,3.1471,3.1471,3.1446,3.1446,4
2026-06-08 11:26:00,3.1386,3.1396,3.1386,3.1396,3.1436,3.1446,3.1436,3.1446,2
2026-06-08 11:27:00,3.1386,3.1386,3.1376,3.1386,3.1436,3.1436,3.1426,3.1436,3
2026-06-08 11:28:00,3.1391,3.1396,3.1386,3.1386,3.1441,3.1446,3.1436,3.1436,7
2026-06-08 11:29:00,3.1396,3.1396,3.1386,3.1386,3.1446,3.1446,3.1436,3.1436,14
2026-06-08 11:30:00,3.1376,3.1386,3.1376,3.1386,3.1426,3.1436,3.1426,3.1436,6
2026-06-08 11:31:00,3.1396,3.1396,3.1386,3.1386,3.1446,3.1446,3.1436,3.1436,5
2026-06-08 11:32:00,3.1396,3.1396,3.1396,3.1396,3.1446,3.1446,3.1446,3.1446,1
2026-06-08 11:34:00,3.1406,3.1436,3.1406,3.1436,3.1456,3.1486,3.1456,3.1486,19
2026-06-08 11:35:00,3.1431,3.1436,3.1426,3.1426,3.1481,3.1486,3.1476,3.1476,7
2026-06-08 11:36:00,3.1416,3.1426,3.1386,3.1396,3.1466,3.1476,3.1436,3.1446,37
2026-06-08 11:37:00,3.1401,3.1406,3.1396,3.1396,3.1451,3.1456,3.1446,3.1446,8
2026-06-08 11:38:00,3.1406,3.1406,3.1396,3.1396,3.1456,3.1456,3.1446,3.1446,5
2026-06-08 11:39:00,3.1386,3.1396,3.1386,3.1396,3.1436,3.1446,3.1436,3.1446,9
2026-06-08 11:40:00,3.1391,3.1391,3.1336,3.1346,3.1441,3.1441,3.1386,3.1396,16
2026-06-08 11:41:00,3.1341,3.1356,3.1341,3.1351,3.1391,3.1406,3.1391,3.1401,6
2026-06-08 11:42:00,3.1346,3.1346,3.1336,3.1346,3.1396,3.1396,3.1386,3.1396,4
2026-06-08 11:44:00,3.1336,3.1336,3.1336,3.1336,3.1386,3.1386,3.1386,3.1386,1
2026-06-08 11:45:00,3.1346,3.1356,3.1336,3.1336,3.1396,3.1406,3.1386,3.1386,4
2026-06-08 11:46:00,3.1346,3.1376,3.1346,3.1356,3.1396,3.1426,3.1396,3.1406,7
2026-06-08 11:47:00,3.1366,3.1366,3.1361,3.1366,3.1416,3.1416,3.1411,3.1416,3
2026-06-08 11:48:00,3.1356,3.1356,3.1346,3.1346,3.1406,3.1406,3.1396,3.1396,8
2026-06-08 11:49:00,3.1351,3.1361,3.1351,3.1356,3.1401,3.1411,3.1401,3.1406,4
2026-06-08 11:50:00,3.1346,3.1346,3.1326,3.1346,3.1396,3.1396,3.1376,3.1396,20
2026-06-08 11:51:00,3.1336,3.1336,3.1326,3.1326,3.1386,3.1386,3.1376,3.1376,6
2026-06-08 11:52:00,3.1336,3.1346,3.1331,3.1346,3.1386,3.1396,3.1381,3.1396,6
2026-06-08 11:53:00,3.1356,3.1386,3.1346,3.1386,3.1406,3.1436,3.1396,3.1436,13
2026-06-08 11:54:00,3.1376,3.1396,3.1376,3.1396,3.1426,3.1446,3.1426,3.1446,3
2026-06-08 11:56:00,3.1386,3.1396,3.1356,3.1366,3.1436,3.1446,3.1406,3.1416,15
2026-06-08 11:57:00,3.1371,3.1376,3.1366,3.1366,3.1421,3.1426,3.1416,3.1416,15
2026-06-08 11:58:00,3.1376,3.1376,3.1356,3.1356,3.1426,3.1426,3.1406,3.1406,5
2026-06-08 11:59:00,3.1366,3.1436,3.1366,3.1426,3.1416,3.1486,3.1416,3.1476,14
2026-06-08 12:00:00,3.1436,3.1496,3.1436,3.1496,3.1486,3.1546,3.1486,3.1546,16
2026-06-08 12:01:00,3.1486,3.1506,3.1476,3.1506,3.1536,3.1556,3.1526,3.1556,13
2026-06-08 12:02:00,3.1516,3.1546,3.1481,3.1486,3.1566,3.1596,3.1531,3.1536,47
2026-06-08 12:03:00,3.1476,3.1506,3.1476,3.1496,3.1526,3.1556,3.1526,3.1546,18
2026-06-08 12:04:00,3.1506,3.1516,3.1496,3.1516,3.1556,3.1566,3.1546,3.1566,10
2026-06-08 12:05:00,3.1526,3.1526,3.1476,3.1506,3.1576,3.1576,3.1526,3.1556,31
2026-06-08 12:06:00,3.1496,3.1516,3.1476,3.1506,3.1546,3.1566,3.1526,3.1556,24
2026-06-08 12:07:00,3.1496,3.1516,3.1496,3.1516,3.1546,3.1566,3.1546,3.1566,10
2026-06-08 12:08:00,3.1506,3.1511,3.1496,3.1496,3.1556,3.1561,3.1546,3.1546,4
2026-06-08 12:09:00,3.1491,3.1496,3.1466,3.1476,3.1541,3.1546,3.1516,3.1526,14
2026-06-08 12:10:00,3.1486,3.1506,3.1486,3.1501,3.1536,3.1556,3.1536,3.1551,10
2026-06-08 12:11:00,3.1506,3.1526,3.1496,3.1506,3.1556,3.1576,3.1546,3.1556,14
2026-06-08 12:12:00,3.1511,3.1516,3.1506,3.1506,3.1561,3.1566,3.1556,3.1556,9
2026-06-08 12:13:00,3.1501,3.1506,3.1486,3.1496,3.1551,3.1556,3.1536,3.1546,29
2026-06-08 12:14:00,3.1486,3.1496,3.1476,3.1496,3.1536,3.1546,3.1526,3.1546,13
2026-06-08 12:15:00,3.1506,3.1511,3.1496,3.1511,3.1556,3.1561,3.1546,3.1561,6
2026-06-08 12:16:00,3.1516,3.1536,3.1506,3.1536,3.1566,3.1586,3.1556,3.1586,20
2026-06-08 12:17:00,3.1526,3.1536,3.1516,3.1526,3.1576,3.1586,3.1566,3.1576,19
2026-06-08 12:18:00,3.1516,3.1526,3.1516,3.1521,3.1566,3.1576,3.1566,3.1571,26
2026-06-08 12:19:00,3.1526,3.1526,3.1516,3.1526,3.1576,3.1576,3.1566,3.1576,10
2026-06-08 12:20:00,3.1531,3.1546,3.1526,3.1546,3.1581,3.1596,3.1576,3.1596,19
2026-06-08 12:21:00,3.1556,3.1556,3.1536,3.1541,3.1606,3.1606,3.1586,3.1591,10
2026-06-08 12:22:00,3.1546,3.1576,3.1546,3.1576,3.1596,3.1626,3.1596,3.1626,13
2026-06-08 12:23:00,3.1586,3.1591,3.1576,3.1586,3.1636,3.1641,3.1626,3.1636,12
2026-06-08 12:24:00,3.1576,3.1576,3.1536,3.1546,3.1626,3.1626,3.1586,3.1596,16
2026-06-08 12:25:00,3.1556,3.1566,3.1556,3.1556,3.1606,3.1616,3.1606,3.1606,7
2026-06-08 12:26:00,3.1546,3.1576,3.1546,3.1566,3.1596,3.1626,3.1596,3.1616,12
2026-06-08 12:27:00,3.1576,3.1596,3.1536,3.1546,3.1626,3.1646,3.1586,3.1596,22
2026-06-08 12:28:00,3.1541,3.1556,3.1541,3.1556,3.1591,3.1606,3.1591,3.1606,3
2026-06-08 12:29:00,3.1566,3.1566,3.1556,3.1566,3.1616,3.1616,3.1606,3.1616,8
2026-06-08 12:30:00,3.1561,3.1566,3.1556,3.1566,3.1611,3.1616,3.1606,3.1616,16
2026-06-08 12:31:00,3.1561,3.1566,3.1496,3.1531,3.1611,3.1616,3.1546,3.1581,33
2026-06-08 12:32:00,3.1526,3.1566,3.1526,3.1561,3.1576,3.1616,3.1576,3.1611,7
2026-06-08 12:33:00,3.1566,3.1586,3.1541,3.1556,3.1616,3.1636,3.1591,3.1606,17
2026-06-08 12:34:00,3.1566,3.1576,3.1506,3.1541,3.1616,3.1626,3.1556,3.1591,90
2026-06-08 12:35:00,3.1531,3.1541,3.1456,3.1486,3.1581,3.1591,3.1506,3.1536,72
2026-06-08 12:36:00,3.1481,3.1536,3.1466,3.1496,3.1531,3.1586,3.1516,3.1546,41
2026-06-08 12:37:00,3.1506,3.1506,3.1506,3.1506,3.1556,3.1556,3.1556,3.1556,1
2026-06-08 12:38:00,3.1486,3.1486,3.1466,3.1476,3.1536,3.1536,3.1516,3.1526,6
2026-06-08 12:39:00,3.1486,3.1486,3.1486,3.1486,3.1536,3.1536,3.1536,3.1536,1
2026-06-08 12:40:00,3.1491,3.1496,3.1476,3.1486,3.1541,3.1546,3.1526,3.1536,9
2026-06-08 12:41:00,3.1481,3.1496,3.1481,3.1496,3.1531,3.1546,3.1531,3.1546,4
2026-06-08 12:42:00,3.1506,3.1586,3.1506,3.1576,3.1556,3.1636,3.1556,3.1626,33
2026-06-08 12:43:00,3.1586,3.1586,3.1556,3.1566,3.1636,3.1636,3.1606,3.1616,10
2026-06-08 12:44:00,3.1556,3.1556,3.1496,3.1526,3.1606,3.1606,3.1546,3.1576,26
2026-06-08 12:45:00,3.1536,3.1576,3.1536,3.1576,3.1586,3.1626,3.1586,3.1626,20
2026-06-08 12:46:00,3.1566,3.1616,3.1566,3.1606,3.1616,3.1666,3.1616,3.1656,14
2026-06-08 12:47:00,3.1616,3.1616,3.1571,3.1586,3.1666,3.1666,3.1621,3.1636,22
2026-06-08 12:48:00,3.1576,3.1576,3.1536,3.1536,3.1626,3.1626,3.1586,3.1586,7
2026-06-08 12:49:00,3.1521,3.1521,3.1476,3.1496,3.1571,3.1571,3.1526,3.1546,16
2026-06-08 12:50:00,3.1506,3.1506,3.1506,3.1506,3.1556,3.1556,3.1556,3.1556,1
2026-06-08 12:51:00,3.1501,3.1536,3.1501,3.1516,3.1551,3.1586,3.1551,3.1566,41
2026-06-08 12:52:00,3.1511,3.1516,3.1506,3.1516,3.1561,3.1566,3.1556,3.1566,10
2026-06-08 12:53:00,3.1511,3.1516,3.1496,3.1516,3.1561,3.1566,3.1546,3.1566,24
2026-06-08 12:54:00,3.1511,3.1516,3.1501,3.1506,3.1561,3.1566,3.1551,3.1556,6
2026-06-08 12:55:00,3.1501,3.1501,3.1466,3.1486,3.1551,3.1551,3.1516,3.1536,11
2026-06-08 12:56:00,3.1481,3.1486,3.1466,3.1476,3.1531,3.1536,3.1516,3.1526,21
2026-06-08 12:57:00,3.1481,3.1531,3.1476,3.1526,3.1531,3.1581,3.1526,3.1576,14
2026-06-08 12:58:00,3.1521,3.1521,3.1506,3.1506,3.1571,3.1571,3.1556,3.1556,3
2026-06-08 12:59:00,3.1496,3.1506,3.1486,3.1486,3.1546,3.1556,3.1536,3.1536,17
2026-06-08 13:00:00,3.1476,3.1516,3.1466,3.1516,3.1526,3.1566,3.1516,3.1566,38
2026-06-08 13:01:00,3.1511,3.1531,3.1501,3.1531,3.1561,3.1581,3.1551,3.1581,22
2026-06-08 13:02:00,3.1526,3.1556,3.1516,3.1541,3.1576,3.1606,3.1566,3.1591,14
2026-06-08 13:03:00,3.1536,3.1546,3.1466,3.1476,3.1586,3.1596,3.1516,3.1526,46
2026-06-08 13:04:00,3.1486,3.1486,3.1466,3.1476,3.1536,3.1536,3.1516,3.1526,20
2026-06-08 13:05:00,3.1471,3.1481,3.1466,3.1466,3.1521,3.1531,3.1516,3.1516,16
2026-06-08 13:06:00,3.1471,3.1496,3.1446,3.1496,3.1521,3.1546,3.1496,3.1546,18
2026-06-08 13:07:00,3.1486,3.1496,3.1476,3.1476,3.1536,3.1546,3.1526,3.1526,13
2026-06-08 13:08:00,3.1486,3.1486,3.1476,3.1476,3.1536,3.1536,3.1526,3.1526,7
2026-06-08 13:09:00,3.1486,3.1486,3.1466,3.1476,3.1536,3.1536,3.1516,3.1526,39
2026-06-08 13:10:00,3.1486,3.1496,3.1426,3.1426,3.1536,3.1546,3.1476,3.1476,39
2026-06-08 13:11:00,3.1416,3.1446,3.1396,3.1436,3.1466,3.1496,3.1446,3.1486,53
2026-06-08 13:12:00,3.1446,3.1466,3.1436,3.1466,3.1496,3.1516,3.1486,3.1516,31
2026-06-08 13:13:00,3.1461,3.1486,3.1456,3.1481,3.1511,3.1536,3.1506,3.1531,23
2026-06-08 13:14:00,3.1476,3.1476,3.1436,3.1436,3.1526,3.1526,3.1486,3.1486,47
2026-06-08 13:15:00,3.1426,3.1461,3.1416,3.1456,3.1476,3.1511,3.1466,3.1506,60
2026-06-08 13:16:00,3.1466,3.1466,3.1396,3.1406,3.1516,3.1516,3.1446,3.1456,31
2026-06-08 13:17:00,3.1416,3.1476,3.1416,3.1456,3.1466,3.1526,3.1466,3.1506,35
2026-06-08 13:18:00,3.1461,3.1461,3.1396,3.1431,3.1511,3.1511,3.1446,3.1481,40
2026-06-08 13:19:00,3.1426,3.1436,3.1381,3.1386,3.1476,3.1486,3.1431,3.1436,36
2026-06-08 13:20:00,3.1381,3.1406,3.1356,3.1406,3.1431,3.1456,3.1406,3.1456,48
2026-06-08 13:21:00,3.1416,3.1446,3.1416,3.1416,3.1466,3.1496,3.1466,3.1466,26
2026-06-08 13:22:00,3.1411,3.1416,3.1406,3.1416,3.1461,3.1466,3.1456,3.1466,7
2026-06-08 13:23:00,3.1411,3.1526,3.1411,3.1521,3.1461,3.1576,3.1461,3.1571,35
2026-06-08 13:24:00,3.1516,3.1526,3.1506,3.1516,3.1566,3.1576,3.1556,3.1566,28
2026-06-08 13:25:00,3.1526,3.1536,3.1486,3.1496,3.1576,3.1586,3.1536,3.1546,30
2026-06-08 13:26:00,3.1506,3.1536,3.1486,3.1506,3.1556,3.1586,3.1536,3.1556,24
2026-06-08 13:27:00,3.1496,3.1506,3.1496,3.1506,3.1546,3.1556,3.1546,3.1556,11
2026-06-08 13:28:00,3.1516,3.1516,3.1446,3.1466,3.1566,3.1566,3.1496,3.1516,12
2026-06-08 13:29:00,3.1461,3.1476,3.1446,3.1476,3.1511,3.1526,3.1496,3.1526,24
2026-06-08 13:30:00,3.1466,3.1536,3.1456,3.1531,3.1516,3.1586,3.1506,3.1581,36
2026-06-08 13:31:00,3.1526,3.1526,3.1476,3.1506,3.1576,3.1576,3.1526,3.1556,20
2026-06-08 13:32:00,3.1501,3.1516,3.1491,3.1506,3.1551,3.1566,3.1541,3.1556,10
2026-06-08 13:33:00,3.1516,3.1591,3.1496,3.1591,3.1566,3.1641,3.1546,3.1641,37
2026-06-08 13:34:00,3.1586,3.1616,3.1576,3.1591,3.1636,3.1666,3.1626,3.1641,35
2026-06-08 13:35:00,3.1586,3.1586,3.1506,3.1506,3.1636,3.1636,3.1556,3.1556,30
2026-06-08 13:36:00,3.1501,3.1526,3.1486,3.1526,3.1551,3.1576,3.1536,3.1576,23
2026-06-08 13:37:00,3.1516,3.1516,3.1486,3.1486,3.1566,3.1566,3.1536,3.1536,5
2026-06-08 13:38:00,3.1476,3.1536,3.1476,3.1536,3.1526,3.1586,3.1526,3.1586,27
2026-06-08 13:39:00,3.1531,3.1556,3.1526,3.1536,3.1581,3.1606,3.1576,3.1586,29
2026-06-08 13:40:00,3.1526,3.1536,3.1526,3.1526,3.1576,3.1586,3.1576,3.1576,8
2026-06-08 13:41:00,3.1516,3.1526,3.1506,3.1526,3.1566,3.1576,3.1556,3.1576,4
2026-06-08 13:42:00,3.1521,3.1521,3.1486,3.1496,3.1571,3.1571,3.1536,3.1546,13
2026-06-08 13:43:00,3.1506,3.1536,3.1496,3.1526,3.1556,3.1586,3.1546,3.1576,27
2026-06-08 13:44:00,3.1536,3.1536,3.1496,3.1496,3.1586,3.1586,3.1546,3.1546,13
2026-06-08 13:45:00,3.1486,3.1506,3.1446,3.1456,3.1536,3.1556,3.1496,3.1506,26
2026-06-08 13:46:00,3.1451,3.1506,3.1446,3.1506,3.1501,3.1556,3.1496,3.1556,17
2026-06-08 13:47:00,3.1516,3.1546,3.1516,3.1526,3.1566,3.1596,3.1566,3.1576,19
2026-06-08 13:48:00,3.1536,3.1536,3.1526,3.1526,3.1586,3.1586,3.1576,3.1576,11
2026-06-08 13:49:00,3.1531,3.1546,3.1506,3.1506,3.1581,3.1596,3.1556,3.1556,21
2026-06-08 13:50:00,3.1516,3.1536,3.1516,3.1526,3.1566,3.1586,3.1566,3.1576,9
2026-06-08 13:51:00,3.1536,3.1546,3.1526,3.1546,3.1586,3.1596,3.1576,3.1596,12
2026-06-08 13:52:00,3.1556,3.1566,3.1516,3.1536,3.1606,3.1616,3.1566,3.1586,19
2026-06-08 13:53:00,3.1546,3.1556,3.1526,3.1526,3.1596,3.1606,3.1576,3.1576,20
2026-06-08 13:54:00,3.1516,3.1576,3.1516,3.1556,3.1566,3.1626,3.1566,3.1606,17
2026-06-08 13:55:00,3.1566,3.1656,3.1556,3.1646,3.1616,3.1706,3.1606,3.1696,28
2026-06-08 13:56:00,3.1636,3.1641,3.1626,3.1636,3.1686,3.1691,3.1676,3.1686,30
2026-06-08 13:57:00,3.1631,3.1631,3.1566,3.1566,3.1681,3.1681,3.1616,3.1616,14
2026-06-08 13:58:00,3.1576,3.1586,3.1556,3.1566,3.1626,3.1636,3.1606,3.1616,16
2026-06-08 13:59:00,3.1561,3.1586,3.1556,3.1566,3.1611,3.1636,3.1606,3.1616,26
2026-06-08 14:00:00,3.1556,3.1566,3.1516,3.1536,3.1606,3.1616,3.1566,3.1586,48
2026-06-08 14:01:00,3.1541,3.1541,3.1496,3.1516,3.1591,3.1591,3.1546,3.1566,45
2026-06-08 14:02:00,3.1506,3.1526,3.1441,3.1456,3.1556,3.1576,3.1491,3.1506,72
2026-06-08 14:03:00,3.1466,3.1546,3.1446,3.1531,3.1516,3.1596,3.1496,3.1581,55
2026-06-08 14:04:00,3.1536,3.1646,3.1526,3.1636,3.1586,3.1696,3.1576,3.1686,70
2026-06-08 14:05:00,3.1626,3.1686,3.1611,3.1646,3.1676,3.1736,3.1661,3.1696,79
2026-06-08 14:06:00,3.1636,3.1666,3.1566,3.1576,3.1686,3.1716,3.1616,3.1626,45
2026-06-08 14:07:00,3.1566,3.1576,3.1546,3.1566,3.1616,3.1626,3.1596,3.1616,19
2026-06-08 14:08:00,3.1571,3.1586,3.1546,3.1586,3.1621,3.1636,3.1596,3.1636,30
2026-06-08 14:09:00,3.1576,3.1581,3.1546,3.1546,3.1626,3.1631,3.1596,3.1596,30
2026-06-08 14:10:00,3.1536,3.1576,3.1526,3.1566,3.1586,3.1626,3.1576,3.1616,21
2026-06-08 14:11:00,3.1571,3.1596,3.1556,3.1586,3.1621,3.1646,3.1606,3.1636,29
2026-06-08 14:12:00,3.1591,3.1616,3.1541,3.1556,3.1641,3.1666,3.1591,3.1606,29
2026-06-08 14:13:00,3.1551,3.1556,3.1496,3.1496,3.1601,3.1606,3.1546,3.1546,37
2026-06-08 14:14:00,3.1506,3.1526,3.1466,3.1476,3.1556,3.1576,3.1516,3.1526,34
2026-06-08 14:15:00,3.1486,3.1516,3.1476,3.1506,3.1536,3.1566,3.1526,3.1556,17
2026-06-08 14:17:00,3.1496,3.1546,3.1496,3.1536,3.1546,3.1596,3.1546,3.1586,25
2026-06-08 14:24:00,3.1746,3.1756,3.1696,3.1746,3.1796,3.1806,3.1746,3.1796,51
2026-06-08 14:25:00,3.1741,3.1766,3.1726,3.1756,3.1791,3.1816,3.1776,3.1806,42
2026-06-08 14:26:00,3.1751,3.1766,3.1686,3.1686,3.1801,3.1816,3.1736,3.1736,36
2026-06-08 14:27:00,3.1676,3.1686,3.1656,3.1666,3.1726,3.1736,3.1706,3.1716,29
2026-06-08 14:28:00,3.1656,3.1676,3.1606,3.1626,3.1706,3.1726,3.1656,3.1676,39
2026-06-08 14:29:00,3.1621,3.1676,3.1616,3.1666,3.1671,3.1726,3.1666,3.1716,30
2026-06-08 14:30:00,3.1656,3.1656,3.1636,3.1656,3.1706,3.1706,3.1686,3.1706,20
2026-06-08 14:31:00,3.1666,3.1756,3.1666,3.1736,3.1716,3.1806,3.1716,3.1786,29
2026-06-08 14:32:00,3.1726,3.1756,3.1676,3.1691,3.1776,3.1806,3.1726,3.1741,49
2026-06-08 14:33:00,3.1696,3.1716,3.1686,3.1706,3.1746,3.1766,3.1736,3.1756,14
2026-06-08 14:34:00,3.1716,3.1716,3.1671,3.1686,3.1766,3.1766,3.1721,3.1736,17
2026-06-08 14:35:00,3.1676,3.1676,3.1606,3.1636,3.1726,3.1726,3.1656,3.1686,27
2026-06-08 14:36:00,3.1631,3.1636,3.1586,3.1606,3.1681,3.1686,3.1636,3.1656,33
2026-06-08 14:37:00,3.1596,3.1616,3.1576,3.1586,3.1646,3.1666,3.1626,3.1636,24
2026-06-08 14:38:00,3.1576,3.1606,3.1576,3.1596,3.1626,3.1656,3.1626,3.1646,11
2026-06-08 14:39:00,3.1586,3.1636,3.1586,3.1636,3.1636,3.1686,3.1636,3.1686,10
2026-06-08 14:40:00,3.1631,3.1636,3.1606,3.1626,3.1681,3.1686,3.1656,3.1676,23
2026-06-08 14:41:00,3.1631,3.1646,3.1586,3.1586,3.1681,3.1696,3.1636,3.1636,14
2026-06-08 14:42:00,3.1576,3.1611,3.1566,3.1596,3.1626,3.1661,3.1616,3.1646,42
2026-06-08 14:43:00,3.1586,3.1596,3.1536,3.1536,3.1636,3.1646,3.1586,3.1586,47
2026-06-08 14:44:00,3.1546,3.1556,3.1516,3.1536,3.1596,3.1606,3.1566,3.1586,43
2026-06-08 14:45:00,3.1546,3.1556,3.1516,3.1526,3.1596,3.1606,3.1566,3.1576,26
2026-06-08 14:46:00,3.1536,3.1551,3.1496,3.1551,3.1586,3.1601,3.1546,3.1601,20
2026-06-08 14:47:00,3.1556,3.1566,3.1536,3.1546,3.1606,3.1616,3.1586,3.1596,20
2026-06-08 14:48:00,3.1536,3.1536,3.1506,3.1526,3.1586,3.1586,3.1556,3.1576,17
2026-06-08 14:49:00,3.1516,3.1556,3.1516,3.1556,3.1566,3.1606,3.1566,3.1606,13
2026-06-08 14:50:00,3.1546,3.1586,3.1536,3.1576,3.1596,3.1636,3.1586,3.1626,43
2026-06-08 14:51:00,3.1571,3.1616,3.1566,3.1606,3.1621,3.1666,3.1616,3.1656,15
2026-06-08 14:52:00,3.1611,3.1616,3.1596,3.1596,3.1661,3.1666,3.1646,3.1646,14
2026-06-08 14:53:00,3.1586,3.1616,3.1566,3.1581,3.1636,3.1666,3.1616,3.1631,32
2026-06-08 14:54:00,3.1586,3.1646,3.1586,3.1646,3.1636,3.1696,3.1636,3.1696,15
2026-06-08 14:55:00,3.1636,3.1746,3.1636,3.1746,3.1686,3.1796,3.1686,3.1796,63
2026-06-08 14:56:00,3.1736,3.1766,3.1706,3.1756,3.1786,3.1816,3.1756,3.1806,38
2026-06-08 14:57:00,3.1766,3.1806,3.1696,3.1696,3.1816,3.1856,3.1746,3.1746,35
2026-06-08 14:58:00,3.1706,3.1716,3.1646,3.1646,3.1756,3.1766,3.1696,3.1696,28
2026-06-08 14:59:00,3.1656,3.1656,3.1596,3.1616,3.1706,3.1706,3.1646,3.1666,37
2026-06-08 15:00:00,3.1606,3.1616,3.1476,3.1496,3.1656,3.1666,3.1526,3.1546,128
2026-06-08 15:01:00,3.1486,3.1526,3.1481,3.1496,3.1536,3.1576,3.1531,3.1546,49
2026-06-08 15:02:00,3.1506,3.1516,3.1486,3.1496,3.1556,3.1566,3.1536,3.1546,28
2026-06-08 15:03:00,3.1486,3.1516,3.1486,3.1496,3.1536,3.1566,3.1536,3.1546,9
2026-06-08 15:04:00,3.1486,3.1526,3.1486,3.1486,3.1536,3.1576,3.1536,3.1536,22
2026-06-08 15:05:00,3.1476,3.1526,3.1476,3.1516,3.1526,3.1576,3.1526,3.1566,34
2026-06-08 15:06:00,3.1526,3.1536,3.1516,3.1536,3.1576,3.1586,3.1566,3.1586,22
2026-06-08 15:07:00,3.1526,3.1606,3.1526,3.1556,3.1576,3.1656,3.1576,3.1606,57
2026-06-08 15:08:00,3.1561,3.1566,3.1516,3.1536,3.1611,3.1616,3.1566,3.1586,22
2026-06-08 15:09:00,3.1541,3.1606,3.1541,3.1596,3.1591,3.1656,3.1591,3.1646,27
2026-06-08 15:10:00,3.1606,3.1676,3.1596,3.1626,3.1656,3.1726,3.1646,3.1676,72
2026-06-08 15:11:00,3.1616,3.1646,3.1596,3.1626,3.1666,3.1696,3.1646,3.1676,35
2026-06-08 15:12:00,3.1616,3.1626,3.1546,3.1556,3.1666,3.1676,3.1596,3.1606,54
2026-06-08 15:13:00,3.1546,3.1576,3.1516,3.1576,3.1596,3.1626,3.1566,3.1626,31
2026-06-08 15:14:00,3.1566,3.1606,3.1566,3.1566,3.1616,3.1656,3.1616,3.1616,38
2026-06-08 15:15:00,3.1576,3.1586,3.1556,3.1566,3.1626,3.1636,3.1606,3.1616,24
2026-06-08 15:16:00,3.1556,3.1566,3.1536,3.1561,3.1606,3.1616,3.1586,3.1611,21
2026-06-08 15:17:00,3.1566,3.1596,3.1566,3.1576,3.1616,3.1646,3.1616,3.1626,24
2026-06-08 15:18:00,3.1586,3.1596,3.1546,3.1566,3.1636,3.1646,3.1596,3.1616,28
2026-06-08 15:19:00,3.1556,3.1576,3.1546,3.1546,3.1606,3.1626,3.1596,3.1596,15
2026-06-08 15:20:00,3.1541,3.1556,3.1496,3.1496,3.1591,3.1606,3.1546,3.1546,37
2026-06-08 15:21:00,3.1486,3.1506,3.1486,3.1486,3.1536,3.1556,3.1536,3.1536,26
2026-06-08 15:22:00,3.1496,3.1516,3.1476,3.1506,3.1546,3.1566,3.1526,3.1556,14
2026-06-08 15:23:00,3.1516,3.1536,3.1516,3.1526,3.1566,3.1586,3.1566,3.1576,10
2026-06-08 15:24:00,3.1536,3.1546,3.1466,3.1486,3.1586,3.1596,3.1516,3.1536,25
2026-06-08 15:25:00,3.1481,3.1506,3.1466,3.1476,3.1531,3.1556,3.1516,3.1526,50
2026-06-08 15:26:00,3.1471,3.1516,3.1456,3.1511,3.1521,3.1566,3.1506,3.1561,50
2026-06-08 15:27:00,3.1516,3.1536,3.1506,3.1536,3.1566,3.1586,3.1556,3.1586,33
2026-06-08 15:28:00,3.1546,3.1566,3.1526,3.1536,3.1596,3.1616,3.1576,3.1586,17
2026-06-08 15:29:00,3.1526,3.1646,3.1526,3.1641,3.1576,3.1696,3.1576,3.1691,46
2026-06-08 15:30:00,3.1646,3.1736,3.1636,3.1696,3.1696,3.1786,3.1686,3.1746,111
2026-06-08 15:31:00,3.1706,3.1746,3.1696,3.1726,3.1756,3.1796,3.1746,3.1776,46
2026-06-08 15:32:00,3.1736,3.1736,3.1686,3.1706,3.1786,3.1786,3.1736,3.1756,29
2026-06-08 15:33:00,3.1716,3.1726,3.1566,3.1591,3.1766,3.1776,3.1616,3.1641,108
2026-06-08 15:34:00,3.1596,3.1626,3.1566,3.1616,3.1646,3.1676,3.1616,3.1666,45
2026-06-08 15:35:00,3.1626,3.1636,3.1586,3.1636,3.1676,3.1686,3.1636,3.1686,35
2026-06-08 15:36:00,3.1631,3.1666,3.1616,3.1636,3.1681,3.1716,3.1666,3.1686,31
2026-06-08 15:37:00,3.1646,3.1666,3.1606,3.1636,3.1696,3.1716,3.1656,3.1686,41
2026-06-08 15:38:00,3.1646,3.1656,3.1636,3.1636,3.1696,3.1706,3.1686,3.1686,32
2026-06-08 15:39:00,3.1646,3.1656,3.1626,3.1626,3.1696,3.1706,3.1676,3.1676,22
2026-06-08 15:40:00,3.1616,3.1651,3.1606,3.1626,3.1666,3.1701,3.1656,3.1676,19
2026-06-08 15:41:00,3.1621,3.1636,3.1606,3.1606,3.1671,3.1686,3.1656,3.1656,20
2026-06-08 15:42:00,3.1616,3.1616,3.1596,3.1606,3.1666,3.1666,3.1646,3.1656,21
2026-06-08 15:43:00,3.1616,3.1656,3.1616,3.1646,3.1666,3.1706,3.1666,3.1696,33
2026-06-08 15:44:00,3.1636,3.1646,3.1636,3.1636,3.1686,3.1696,3.1686,3.1686,15
2026-06-08 15:45:00,3.1641,3.1646,3.1606,3.1626,3.1691,3.1696,3.1656,3.1676,12
2026-06-08 15:46:00,3.1621,3.1646,3.1616,3.1646,3.1671,3.1696,3.1666,3.1696,13
2026-06-08 15:47:00,3.1656,3.1656,3.1616,3.1626,3.1706,3.1706,3.1666,3.1676,15
2026-06-08 15:48:00,3.1616,3.1656,3.1606,3.1656,3.1666,3.1706,3.1656,3.1706,15
2026-06-08 15:49:00,3.1666,3.1696,3.1666,3.1676,3.1716,3.1746,3.1716,3.1726,24
2026-06-08 15:50:00,3.1686,3.1686,3.1666,3.1666,3.1736,3.1736,3.1716,3.1716,16
2026-06-08 15:51:00,3.1656,3.1656,3.1636,3.1646,3.1706,3.1706,3.1686,3.1696,9
2026-06-08 15:52:00,3.1636,3.1646,3.1596,3.1636,3.1686,3.1696,3.1646,3.1686,30
2026-06-08 15:53:00,3.1631,3.1636,3.1576,3.1586,3.1681,3.1686,3.1626,3.1636,25
2026-06-08 15:54:00,3.1576,3.1616,3.1576,3.1606,3.1626,3.1666,3.1626,3.1656,18
2026-06-08 15:55:00,3.1596,3.1656,3.1596,3.1636,3.1646,3.1706,3.1646,3.1686,32
2026-06-08 15:56:00,3.1626,3.1636,3.1606,3.1616,3.1676,3.1686,3.1656,3.1666,11
2026-06-08 15:57:00,3.1621,3.1636,3.1616,3.1626,3.1671,3.1686,3.1666,3.1676,5
2026-06-08 15:58:00,3.1616,3.1626,3.1616,3.1616,3.1666,3.1676,3.1666,3.1666,3
2026-06-08 15:59:00,3.1606,3.1616,3.1586,3.1596,3.1656,3.1666,3.1636,3.1646,16
2026-06-08 16:00:00,3.1586,3.1596,3.1516,3.1516,3.1636,3.1646,3.1566,3.1566,39
2026-06-08 16:01:00,3.1526,3.1546,3.1506,3.1536,3.1576,3.1596,3.1556,3.1586,18
2026-06-08 16:02:00,3.1546,3.1556,3.1526,3.1536,3.1596,3.1606,3.1576,3.1586,29
2026-06-08 16:03:00,3.1556,3.1556,3.1546,3.1556,3.1591,3.1606,3.1591,3.1606,12
2026-06-08 16:04:00,3.1566,3.1586,3.1556,3.1566,3.1616,3.1636,3.1606,3.1616,32
2026-06-08 16:05:00,3.1576,3.1586,3.1566,3.1576,3.1626,3.1636,3.1616,3.1626,22
2026-06-08 16:06:00,3.1576,3.1586,3.1566,3.1576,3.1636,3.1636,3.1616,3.1626,20
2026-06-08 16:07:00,3.1586,3.1616,3.1576,3.1606,3.1636,3.1666,3.1626,3.1656,32
2026-06-08 16:08:00,3.1601,3.1616,3.1596,3.1596,3.1651,3.1666,3.1646,3.1646,36
2026-06-08 16:09:00,3.1586,3.1606,3.1586,3.1606,3.1636,3.1656,3.1636,3.1656,44
2026-06-08 16:10:00,3.1616,3.1626,3.1596,3.1626,3.1666,3.1676,3.1646,3.1676,8
2026-06-08 16:11:00,3.1616,3.1636,3.1586,3.1586,3.1666,3.1686,3.1636,3.1636,9
2026-06-08 16:12:00,3.1576,3.1586,3.1566,3.1566,3.1626,3.1636,3.1616,3.1616,6
2026-06-08 16:13:00,3.1551,3.1556,3.1506,3.1506,3.1601,3.1606,3.1556,3.1556,23
2026-06-08 16:14:00,3.1516,3.1516,3.1496,3.1506,3.1566,3.1566,3.1546,3.1556,13
2026-06-08 16:15:00,3.1496,3.1506,3.1486,3.1496,3.1546,3.1556,3.1536,3.1546,13
2026-06-08 16:16:00,3.1486,3.1496,3.1466,3.1466,3.1536,3.1546,3.1516,3.1516,33
2026-06-08 16:17:00,3.1476,3.1476,3.1416,3.1436,3.1526,3.1526,3.1466,3.1486,73
2026-06-08 16:18:00,3.1446,3.1466,3.1436,3.1466,3.1496,3.1516,3.1486,3.1516,20
2026-06-08 16:19:00,3.1456,3.1466,3.1446,3.1446,3.1506,3.1516,3.1496,3.1496,21
2026-06-08 16:20:00,3.1436,3.1436,3.1406,3.1406,3.1486,3.1486,3.1456,3.1456,10
2026-06-08 16:21:00,3.1416,3.1456,3.1416,3.1456,3.1466,3.1506,3.1466,3.1506,23
2026-06-08 16:22:00,3.1446,3.1456,3.1436,3.1446,3.1496,3.1506,3.1486,3.1496,7
2026-06-08 16:23:00,3.1436,3.1446,3.1436,3.1446,3.1486,3.1496,3.1486,3.1496,8
2026-06-08 16:24:00,3.1456,3.1466,3.1446,3.1456,3.1506,3.1516,3.1496,3.1506,14
2026-06-08 16:25:00,3.1466,3.1486,3.1446,3.1476,3.1516,3.1536,3.1496,3.1526,19
2026-06-08 16:26:00,3.1466,3.1526,3.1466,3.1516,3.1516,3.1576,3.1516,3.1566,35
2026-06-08 16:27:00,3.1521,3.1526,3.1486,3.1496,3.1571,3.1576,3.1536,3.1546,25
2026-06-08 16:28:00,3.1486,3.1496,3.1486,3.1496,3.1536,3.1546,3.1536,3.1546,2
2026-06-08 16:29:00,3.1486,3.1486,3.1456,3.1466,3.1536,3.1536,3.1506,3.1516,13
2026-06-08 16:30:00,3.1456,3.1466,3.1436,3.1446,3.1506,3.1516,3.1486,3.1496,30
2026-06-08 16:31:00,3.1441,3.1446,3.1426,3.1436,3.1491,3.1496,3.1476,3.1486,29
2026-06-08 16:32:00,3.1431,3.1436,3.1426,3.1436,3.1481,3.1486,3.1476,3.1486,4
2026-06-08 16:33:00,3.1426,3.1436,3.1426,3.1436,3.1476,3.1486,3.1476,3.1486,6
2026-06-08 16:34:00,3.1446,3.1466,3.1446,3.1456,3.1496,3.1516,3.1496,3.1506,14
2026-06-08 16:35:00,3.1446,3.1486,3.1446,3.1466,3.1496,3.1536,3.1496,3.1516,36
2026-06-08 16:36:00,3.1476,3.1496,3.1466,3.1476,3.1526,3.1546,3.1516,3.1526,20
2026-06-08 16:37:00,3.1466,3.1476,3.1461,3.1466,3.1516,3.1526,3.1511,3.1516,18
2026-06-08 16:38:00,3.1456,3.1466,3.1416,3.1436,3.1506,3.1516,3.1466,3.1486,40
2026-06-08 16:39:00,3.1431,3.1466,3.1416,3.1446,3.1481,3.1516,3.1466,3.1496,54
2026-06-08 16:40:00,3.1441,3.1441,3.1416,3.1426,3.1491,3.1491,3.1466,3.1476,42
2026-06-08 16:41:00,3.1416,3.1426,3.1406,3.1416,3.1466,3.1476,3.1456,3.1466,21
2026-06-08 16:42:00,3.1406,3.1406,3.1366,3.1386,3.1456,3.1456,3.1416,3.1436,27
2026-06-08 16:43:00,3.1381,3.1386,3.1346,3.1366,3.1431,3.1436,3.1396,3.1416,18
2026-06-08 16:44:00,3.1356,3.1376,3.1356,3.1366,3.1406,3.1426,3.1406,3.1416,26
2026-06-08 16:45:00,3.1371,3.1396,3.1371,3.1396,3.1421,3.1446,3.1421,3.1446,17
2026-06-08 16:46:00,3.1391,3.1396,3.1386,3.1396,3.1441,3.1446,3.1436,3.1446,33
2026-06-08 16:47:00,3.1406,3.1426,3.1386,3.1426,3.1456,3.1476,3.1436,3.1476,37
2026-06-08 16:48:00,3.1416,3.1436,3.1406,3.1406,3.1466,3.1486,3.1456,3.1456,22
2026-06-08 16:49:00,3.1416,3.1436,3.1406,3.1436,3.1466,3.1486,3.1456,3.1486,13
2026-06-08 16:50:00,3.1431,3.1446,3.1426,3.1436,3.1481,3.1496,3.1476,3.1486,33
2026-06-08 16:51:00,3.1426,3.1466,3.1426,3.1466,3.1476,3.1516,3.1476,3.1516,22
2026-06-08 16:52:00,3.1456,3.1486,3.1456,3.1466,3.1506,3.1536,3.1506,3.1516,17
2026-06-08 16:53:00,3.1476,3.1476,3.1426,3.1436,3.1526,3.1526,3.1476,3.1486,14
2026-06-08 16:54:00,3.1426,3.1436,3.1416,3.1426,3.1476,3.1486,3.1466,3.1476,12
2026-06-08 16:55:00,3.1416,3.1426,3.1411,3.1426,3.1466,3.1476,3.1461,3.1476,15
2026-06-08 16:56:00,3.1416,3.1426,3.1396,3.1406,3.1466,3.1476,3.1446,3.1456,16
2026-06-08 16:57:00,3.1411,3.1411,3.1396,3.1396,3.1461,3.1461,3.1446,3.1446,8
2026-06-08 16:58:00,3.1386,3.1396,3.1386,3.1386,3.1436,3.1446,3.1436,3.1436,8
2026-06-08 16:59:00,3.1376,3.1386,3.1336,3.1336,3.1426,3.1436,3.1386,3.1386,21
2026-06-08 17:00:00,3.1326,3.1346,3.1296,3.1306,3.1376,3.1396,3.1346,3.1356,49
2026-06-08 17:01:00,3.1296,3.1316,3.1286,3.1286,3.1346,3.1366,3.1336,3.1336,23
2026-06-08 17:02:00,3.1276,3.1286,3.1246,3.1256,3.1326,3.1336,3.1296,3.1306,41
2026-06-08 17:03:00,3.1261,3.1316,3.1256,3.1286,3.1311,3.1366,3.1306,3.1336,40
2026-06-08 17:04:00,3.1276,3.1296,3.1276,3.1296,3.1326,3.1346,3.1326,3.1346,17
2026-06-08 17:05:00,3.1286,3.1296,3.1266,3.1266,3.1336,3.1346,3.1316,3.1316,22
2026-06-08 17:06:00,3.1261,3.1266,3.1246,3.1256,3.1311,3.1316,3.1296,3.1306,22
2026-06-08 17:07:00,3.1201,3.1236,3.1201,3.1226,3.1251,3.1286,3.1251,3.1276,63
2026-06-08 17:08:00,3.1236,3.1246,3.1236,3.1236,3.1286,3.1296,3.1286,3.1286,15
2026-06-08 17:09:00,3.1256,3.1291,3.1246,3.1286,3.1306,3.1341,3.1296,3.1336,26
2026-06-08 17:10:00,3.1276,3.1286,3.1276,3.1286,3.1326,3.1336,3.1326,3.1336,11
2026-06-08 17:11:00,3.1296,3.1326,3.1296,3.1306,3.1346,3.1376,3.1346,3.1356,29
2026-06-08 17:12:00,3.1296,3.1296,3.1266,3.1276,3.1346,3.1346,3.1316,3.1326,17
2026-06-08 17:13:00,3.1266,3.1286,3.1266,3.1266,3.1316,3.1336,3.1316,3.1316,15
2026-06-08 17:14:00,3.1276,3.1276,3.1266,3.1276,3.1326,3.1326,3.1316,3.1326,9
2026-06-08 17:15:00,3.1266,3.1276,3.1256,3.1276,3.1316,3.1326,3.1306,3.1326,20
2026-06-08 17:16:00,3.1266,3.1296,3.1266,3.1266,3.1316,3.1346,3.1316,3.1316,14
2026-06-08 17:17:00,3.1256,3.1266,3.1256,3.1266,3.1306,3.1316,3.1306,3.1316,16
2026-06-08 17:18:00,3.1261,3.1286,3.1256,3.1266,3.1311,3.1336,3.1306,3.1316,31
2026-06-08 17:19:00,3.1271,3.1296,3.1271,3.1296,3.1321,3.1346,3.1321,3.1346,35
2026-06-08 17:20:00,3.1286,3.1306,3.1286,3.1306,3.1336,3.1356,3.1336,3.1356,10
2026-06-08 17:21:00,3.1316,3.1326,3.1296,3.1306,3.1366,3.1376,3.1346,3.1356,14
2026-06-08 17:22:00,3.1301,3.1326,3.1301,3.1306,3.1351,3.1376,3.1351,3.1356,19
2026-06-08 17:23:00,3.1296,3.1296,3.1266,3.1286,3.1346,3.1346,3.1316,3.1336,8
2026-06-08 17:24:00,3.1296,3.1296,3.1286,3.1286,3.1346,3.1346,3.1336,3.1336,2
2026-06-08 17:25:00,3.1276,3.1306,3.1276,3.1296,3.1326,3.1356,3.1326,3.1346,16
2026-06-08 17:26:00,3.1301,3.1346,3.1296,3.1336,3.1351,3.1396,3.1346,3.1386,32
2026-06-08 17:27:00,3.1326,3.1386,3.1326,3.1386,3.1376,3.1436,3.1376,3.1436,42
2026-06-08 17:28:00,3.1376,3.1396,3.1366,3.1396,3.1426,3.1446,3.1416,3.1446,32
2026-06-08 17:29:00,3.1401,3.1426,3.1386,3.1426,3.1451,3.1476,3.1436,3.1476,35
2026-06-08 17:30:00,3.1416,3.1426,3.1396,3.1406,3.1466,3.1476,3.1446,3.1456,25
2026-06-08 17:31:00,3.1416,3.1416,3.1346,3.1356,3.1466,3.1466,3.1396,3.1406,54
2026-06-08 17:32:00,3.1346,3.1376,3.1346,3.1356,3.1396,3.1426,3.1396,3.1406,66
2026-06-08 17:33:00,3.1346,3.1376,3.1346,3.1356,3.1396,3.1426,3.1396,3.1406,30
2026-06-08 17:34:00,3.1366,3.1366,3.1356,3.1356,3.1416,3.1416,3.1406,3.1406,28
2026-06-08 17:35:00,3.1366,3.1366,3.1356,3.1366,3.1416,3.1416,3.1406,3.1416,17
2026-06-08 17:36:00,3.1376,3.1406,3.1376,3.1386,3.1426,3.1456,3.1426,3.1436,11
2026-06-08 17:37:00,3.1376,3.1386,3.1366,3.1371,3.1426,3.1436,3.1416,3.1421,19
2026-06-08 17:38:00,3.1366,3.1376,3.1356,3.1376,3.1416,3.1426,3.1406,3.1426,17
2026-06-08 17:39:00,3.1371,3.1376,3.1366,3.1376,3.1421,3.1426,3.1416,3.1426,17
2026-06-08 17:40:00,3.1386,3.1386,3.1376,3.1386,3.1436,3.1436,3.1426,3.1436,4
2026-06-08 17:41:00,3.1381,3.1386,3.1336,3.1341,3.1431,3.1436,3.1386,3.1391,23
2026-06-08 17:42:00,3.1336,3.1416,3.1331,3.1406,3.1386,3.1466,3.1381,3.1456,44
2026-06-08 17:43:00,3.1411,3.1416,3.1386,3.1396,3.1461,3.1466,3.1436,3.1446,28
2026-06-08 17:44:00,3.1386,3.1406,3.1386,3.1396,3.1436,3.1456,3.1436,3.1446,7
2026-06-08 17:45:00,3.1406,3.1426,3.1406,3.1426,3.1456,3.1476,3.1456,3.1476,33
2026-06-08 17:46:00,3.1416,3.1436,3.1416,3.1426,3.1466,3.1486,3.1466,3.1476,30
2026-06-08 17:47:00,3.1436,3.1456,3.1431,3.1456,3.1486,3.1506,3.1481,3.1506,12
2026-06-08 17:48:00,3.1446,3.1446,3.1426,3.1436,3.1496,3.1496,3.1476,3.1486,12
2026-06-08 17:49:00,3.1431,3.1436,3.1426,3.1426,3.1481,3.1486,3.1476,3.1476,16
2026-06-08 17:50:00,3.1416,3.1416,3.1396,3.1406,3.1466,3.1466,3.1446,3.1456,5
2026-06-08 17:51:00,3.1416,3.1416,3.1386,3.1386,3.1466,3.1466,3.1436,3.1436,15
2026-06-08 17:52:00,3.1396,3.1416,3.1396,3.1416,3.1446,3.1466,3.1446,3.1466,6
2026-06-08 17:53:00,3.1411,3.1411,3.1406,3.1406,3.1461,3.1461,3.1456,3.1456,2
2026-06-08 17:54:00,3.1396,3.1396,3.1376,3.1376,3.1446,3.1446,3.1426,3.1426,5
2026-06-08 17:55:00,3.1386,3.1386,3.1366,3.1376,3.1436,3.1436,3.1416,3.1426,21
2026-06-08 17:56:00,3.1381,3.1396,3.1381,3.1396,3.1431,3.1446,3.1431,3.1446,6
2026-06-08 17:57:00,3.1386,3.1396,3.1376,3.1396,3.1436,3.1446,3.1426,3.1446,21
2026-06-08 17:58:00,3.1391,3.1436,3.1391,3.1436,3.1441,3.1486,3.1441,3.1486,15
2026-06-08 17:59:00,3.1426,3.1426,3.1416,3.1416,3.1476,3.1476,3.1466,3.1466,4
2026-06-08 18:00:00,3.1411,3.1426,3.1411,3.1426,3.1461,3.1476,3.1461,3.1476,31
2026-06-08 18:01:00,3.1436,3.1476,3.1426,3.1466,3.1486,3.1526,3.1476,3.1516,22
2026-06-08 18:02:00,3.1476,3.1496,3.1466,3.1476,3.1526,3.1546,3.1516,3.1526,23
2026-06-08 18:03:00,3.1466,3.1516,3.1456,3.1506,3.1516,3.1566,3.1506,3.1556,40
2026-06-08 18:04:00,3.1501,3.1501,3.1466,3.1476,3.1551,3.1551,3.1516,3.1526,32
2026-06-08 18:05:00,3.1471,3.1486,3.1456,3.1476,3.1521,3.1536,3.1506,3.1526,35
2026-06-08 18:06:00,3.1481,3.1481,3.1456,3.1466,3.1531,3.1531,3.1506,3.1516,7
2026-06-08 18:07:00,3.1456,3.1476,3.1456,3.1466,3.1506,3.1526,3.1506,3.1516,4
2026-06-08 18:08:00,3.1471,3.1476,3.1456,3.1461,3.1521,3.1526,3.1506,3.1511,24
2026-06-08 18:09:00,3.1456,3.1456,3.1426,3.1431,3.1506,3.1506,3.1476,3.1481,15
2026-06-08 18:10:00,3.1436,3.1436,3.1426,3.1426,3.1486,3.1486,3.1476,3.1476,6
2026-06-08 18:11:00,3.1416,3.1426,3.1416,3.1426,3.1466,3.1476,3.1466,3.1476,14
2026-06-08 18:12:00,3.1421,3.1426,3.1406,3.1416,3.1471,3.1476,3.1456,3.1466,8
2026-06-08 18:13:00,3.1406,3.1421,3.1406,3.1416,3.1456,3.1471,3.1456,3.1466,14
2026-06-08 18:14:00,3.1426,3.1426,3.1416,3.1416,3.1476,3.1476,3.1466,3.1466,2
2026-06-08 18:15:00,3.1426,3.1426,3.1396,3.1406,3.1476,3.1476,3.1446,3.1456,19
2026-06-08 18:16:00,3.1396,3.1406,3.1396,3.1396,3.1446,3.1456,3.1446,3.1446,28
2026-06-08 18:17:00,3.1401,3.1406,3.1386,3.1386,3.1451,3.1456,3.1436,3.1436,22
2026-06-08 18:19:00,3.1396,3.1396,3.1366,3.1376,3.1446,3.1446,3.1416,3.1426,25
2026-06-08 18:20:00,3.1371,3.1371,3.1346,3.1366,3.1421,3.1421,3.1396,3.1416,15
2026-06-08 18:21:00,3.1376,3.1416,3.1376,3.1416,3.1426,3.1466,3.1426,3.1466,12
2026-06-08 18:22:00,3.1406,3.1426,3.1406,3.1426,3.1456,3.1476,3.1456,3.1476,16
2026-06-08 18:23:00,3.1436,3.1446,3.1416,3.1426,3.1486,3.1496,3.1466,3.1476,29
2026-06-08 18:24:00,3.1436,3.1436,3.1406,3.1416,3.1486,3.1486,3.1456,3.1466,7
2026-06-08 18:25:00,3.1411,3.1416,3.1411,3.1416,3.1461,3.1466,3.1461,3.1466,10
2026-06-08 18:26:00,3.1406,3.1436,3.1406,3.1426,3.1456,3.1486,3.1456,3.1476,20
2026-06-08 18:27:00,3.1431,3.1431,3.1416,3.1426,3.1481,3.1481,3.1466,3.1476,4
2026-06-08 18:28:00,3.1436,3.1466,3.1436,3.1456,3.1486,3.1516,3.1486,3.1506,23
2026-06-08 18:29:00,3.1466,3.1486,3.1461,3.1466,3.1516,3.1536,3.1511,3.1516,13
2026-06-08 18:30:00,3.1456,3.1476,3.1456,3.1461,3.1506,3.1526,3.1506,3.1511,13
2026-06-08 18:31:00,3.1466,3.1476,3.1466,3.1476,3.1516,3.1526,3.1516,3.1526,2
2026-06-08 18:32:00,3.1466,3.1506,3.1466,3.1496,3.1516,3.1556,3.1516,3.1546,12
2026-06-08 18:33:00,3.1501,3.1516,3.1496,3.1511,3.1551,3.1566,3.1546,3.1561,17
2026-06-08 18:34:00,3.1516,3.1516,3.1486,3.1486,3.1566,3.1566,3.1536,3.1536,26
2026-06-08 18:35:00,3.1496,3.1546,3.1496,3.1526,3.1546,3.1596,3.1546,3.1576,19
2026-06-08 18:36:00,3.1521,3.1526,3.1506,3.1516,3.1571,3.1576,3.1556,3.1566,52
2026-06-08 18:37:00,3.1506,3.1506,3.1486,3.1486,3.1556,3.1556,3.1536,3.1536,14
2026-06-08 18:38:00,3.1496,3.1506,3.1496,3.1496,3.1546,3.1556,3.1546,3.1546,6
2026-06-08 18:39:00,3.1506,3.1506,3.1486,3.1496,3.1556,3.1556,3.1536,3.1546,14
2026-06-08 18:40:00,3.1486,3.1496,3.1486,3.1486,3.1536,3.1546,3.1536,3.1536,10
2026-06-08 18:41:00,3.1496,3.1526,3.1486,3.1516,3.1546,3.1576,3.1536,3.1566,52
2026-06-08 18:42:00,3.1526,3.1536,3.1476,3.1476,3.1576,3.1586,3.1526,3.1526,14
2026-06-08 18:43:00,3.1486,3.1486,3.1476,3.1476,3.1536,3.1536,3.1526,3.1526,2
2026-06-08 18:44:00,3.1486,3.1496,3.1486,3.1486,3.1536,3.1546,3.1536,3.1536,3
2026-06-08 18:45:00,3.1506,3.1536,3.1506,3.1526,3.1556,3.1586,3.1556,3.1576,13
2026-06-08 18:46:00,3.1536,3.1536,3.1536,3.1536,3.1586,3.1586,3.1586,3.1586,1
2026-06-08 18:47:00,3.1546,3.1546,3.1536,3.1536,3.1596,3.1596,3.1586,3.1586,7
2026-06-08 18:48:00,3.1526,3.1526,3.1516,3.1526,3.1576,3.1576,3.1566,3.1576,9
2026-06-08 18:49:00,3.1516,3.1526,3.1516,3.1516,3.1566,3.1576,3.1566,3.1566,5
2026-06-08 18:50:00,3.1526,3.1536,3.1516,3.1526,3.1576,3.1586,3.1566,3.1576,14
2026-06-08 18:51:00,3.1516,3.1556,3.1516,3.1546,3.1566,3.1606,3.1566,3.1596,34
2026-06-08 18:52:00,3.1551,3.1576,3.1551,3.1556,3.1601,3.1626,3.1601,3.1606,16
2026-06-08 18:53:00,3.1546,3.1566,3.1546,3.1556,3.1596,3.1616,3.1596,3.1606,9
2026-06-08 18:54:00,3.1566,3.1566,3.1536,3.1536,3.1616,3.1616,3.1586,3.1586,12
2026-06-08 18:55:00,3.1546,3.1546,3.1496,3.1506,3.1596,3.1596,3.1546,3.1556,11
2026-06-08 18:56:00,3.1516,3.1526,3.1506,3.1506,3.1566,3.1576,3.1556,3.1556,7
2026-06-08 18:57:00,3.1496,3.1506,3.1496,3.1506,3.1546,3.1556,3.1546,3.1556,4
2026-06-08 18:58:00,3.1496,3.1506,3.1486,3.1496,3.1546,3.1556,3.1536,3.1546,25
2026-06-08 18:59:00,3.1506,3.1526,3.1506,3.1526,3.1556,3.1576,3.1556,3.1576,3
2026-06-08 19:00:00,3.1516,3.1526,3.1506,3.1506,3.1566,3.1576,3.1556,3.1556,10
2026-06-08 19:01:00,3.1516,3.1526,3.1506,3.1516,3.1566,3.1576,3.1556,3.1566,11
2026-06-08 19:02:00,3.1511,3.1516,3.1506,3.1506,3.1561,3.1566,3.1556,3.1556,3
2026-06-08 19:03:00,3.1516,3.1516,3.1496,3.1496,3.1566,3.1566,3.1546,3.1546,3
2026-06-08 19:04:00,3.1486,3.1496,3.1486,3.1496,3.1536,3.1546,3.1536,3.1546,5
2026-06-08 19:05:00,3.1501,3.1526,3.1496,3.1516,3.1551,3.1576,3.1546,3.1566,11
2026-06-08 19:06:00,3.1526,3.1526,3.1516,3.1516,3.1576,3.1576,3.1566,3.1566,2
2026-06-08 19:07:00,3.1526,3.1546,3.1526,3.1546,3.1576,3.1596,3.1576,3.1596,3
2026-06-08 19:08:00,3.1536,3.1546,3.1526,3.1526,3.1586,3.1596,3.1576,3.1576,4
2026-06-08 19:09:00,3.1536,3.1536,3.1506,3.1506,3.1586,3.1586,3.1556,3.1556,14
2026-06-08 19:10:00,3.1516,3.1516,3.1506,3.1506,3.1566,3.1566,3.1556,3.1556,10
2026-06-08 19:11:00,3.1516,3.1516,3.1516,3.1516,3.1566,3.1566,3.1566,3.1566,1
2026-06-08 19:12:00,3.1511,3.1526,3.1511,3.1526,3.1561,3.1576,3.1561,3.1576,3
2026-06-08 19:14:00,3.1516,3.1526,3.1496,3.1516,3.1566,3.1576,3.1546,3.1566,15
2026-06-08 19:15:00,3.1526,3.1596,3.1516,3.1596,3.1576,3.1646,3.1566,3.1646,21
2026-06-08 19:16:00,3.1606,3.1656,3.1596,3.1596,3.1656,3.1706,3.1646,3.1646,77
2026-06-08 19:17:00,3.1586,3.1596,3.1576,3.1576,3.1636,3.1646,3.1626,3.1626,13
2026-06-08 19:18:00,3.1586,3.1586,3.1516,3.1536,3.1636,3.1636,3.1566,3.1586,39
2026-06-08 19:19:00,3.1526,3.1556,3.1526,3.1556,3.1576,3.1606,3.1576,3.1606,19
2026-06-08 19:20:00,3.1551,3.1576,3.1536,3.1556,3.1601,3.1626,3.1586,3.1606,21
2026-06-08 19:21:00,3.1546,3.1556,3.1536,3.1546,3.1596,3.1606,3.1586,3.1596,9
2026-06-08 19:22:00,3.1556,3.1556,3.1556,3.1556,3.1606,3.1606,3.1606,3.1606,1
2026-06-08 19:23:00,3.1566,3.1566,3.1546,3.1546,3.1616,3.1616,3.1596,3.1596,17
2026-06-08 19:24:00,3.1556,3.1576,3.1556,3.1566,3.1606,3.1626,3.1606,3.1616,7
2026-06-08 19:25:00,3.1556,3.1556,3.1526,3.1526,3.1606,3.1606,3.1576,3.1576,7
2026-06-08 19:26:00,3.1536,3.1546,3.1526,3.1536,3.1586,3.1596,3.1576,3.1586,6
2026-06-08 19:27:00,3.1546,3.1546,3.1526,3.1536,3.1596,3.1596,3.1576,3.1586,14
2026-06-08 19:28:00,3.1531,3.1536,3.1506,3.1506,3.1581,3.1586,3.1556,3.1556,8
2026-06-08 19:29:00,3.1496,3.1506,3.1496,3.1506,3.1546,3.1556,3.1546,3.1556,8
2026-06-08 19:30:00,3.1516,3.1526,3.1496,3.1526,3.1566,3.1576,3.1546,3.1576,8
2026-06-08 19:31:00,3.1516,3.1536,3.1506,3.1511,3.1566,3.1586,3.1556,3.1561,9
2026-06-08 19:32:00,3.1516,3.1516,3.1486,3.1496,3.1566,3.1566,3.1536,3.1546,13
2026-06-08 19:33:00,3.1486,3.1496,3.1486,3.1486,3.1536,3.1546,3.1536,3.1536,7
2026-06-08 19:34:00,3.1496,3.1516,3.1486,3.1496,3.1546,3.1566,3.1536,3.1546,26
2026-06-08 19:35:00,3.1486,3.1516,3.1486,3.1506,3.1536,3.1566,3.1536,3.1556,5
2026-06-08 19:36:00,3.1516,3.1526,3.1506,3.1506,3.1566,3.1576,3.1556,3.1556,9
2026-06-08 19:37:00,3.1511,3.1536,3.1511,3.1536,3.1561,3.1586,3.1561,3.1586,4
2026-06-08 19:38:00,3.1546,3.1566,3.1546,3.1566,3.1596,3.1616,3.1596,3.1616,3
2026-06-08 19:39:00,3.1576,3.1586,3.1566,3.1576,3.1626,3.1636,3.1616,3.1626,18
2026-06-08 19:40:00,3.1566,3.1636,3.1566,3.1636,3.1616,3.1686,3.1616,3.1686,31
2026-06-08 19:41:00,3.1626,3.1631,3.1626,3.1626,3.1676,3.1681,3.1676,3.1676,3
2026-06-08 19:42:00,3.1616,3.1641,3.1616,3.1626,3.1666,3.1691,3.1666,3.1676,19
2026-06-08 19:43:00,3.1631,3.1646,3.1626,3.1636,3.1681,3.1696,3.1676,3.1686,17
2026-06-08 19:44:00,3.1626,3.1646,3.1626,3.1636,3.1676,3.1696,3.1676,3.1686,21
2026-06-08 19:45:00,3.1646,3.1646,3.1626,3.1626,3.1696,3.1696,3.1676,3.1676,3
2026-06-08 19:46:00,3.1616,3.1616,3.1596,3.1616,3.1666,3.1666,3.1646,3.1666,25
2026-06-08 19:47:00,3.1626,3.1636,3.1606,3.1636,3.1676,3.1686,3.1656,3.1686,22
2026-06-08 19:48:00,3.1626,3.1656,3.1616,3.1621,3.1676,3.1706,3.1666,3.1671,29
2026-06-08 19:49:00,3.1626,3.1656,3.1626,3.1651,3.1676,3.1706,3.1676,3.1701,12
2026-06-08 19:50:00,3.1646,3.1656,3.1636,3.1636,3.1696,3.1706,3.1686,3.1686,9
2026-06-08 19:51:00,3.1646,3.1666,3.1636,3.1656,3.1696,3.1716,3.1686,3.1706,32
2026-06-08 19:52:00,3.1646,3.1646,3.1636,3.1646,3.1696,3.1696,3.1686,3.1696,6
2026-06-08 19:53:00,3.1636,3.1656,3.1626,3.1646,3.1686,3.1706,3.1676,3.1696,18
2026-06-08 19:54:00,3.1636,3.1646,3.1636,3.1646,3.1686,3.1696,3.1686,3.1696,16
2026-06-08 19:55:00,3.1641,3.1656,3.1636,3.1641,3.1691,3.1706,3.1686,3.1691,16
2026-06-08 19:56:00,3.1636,3.1646,3.1636,3.1646,3.1686,3.1696,3.1686,3.1696,10
2026-06-08 19:58:00,3.1636,3.1666,3.1636,3.1656,3.1686,3.1716,3.1686,3.1706,11
2026-06-08 19:59:00,3.1666,3.1696,3.1666,3.1686,3.1716,3.1746,3.1716,3.1736,25
2026-06-08 20:00:00,3.1676,3.1736,3.1676,3.1731,3.1726,3.1786,3.1726,3.1781,13
2026-06-08 20:01:00,3.1736,3.1746,3.1716,3.1726,3.1786,3.1796,3.1766,3.1776,32
2026-06-08 20:02:00,3.1716,3.1726,3.1716,3.1716,3.1766,3.1776,3.1766,3.1766,12
2026-06-08 20:03:00,3.1721,3.1736,3.1656,3.1656,3.1771,3.1786,3.1706,3.1706,34
2026-06-08 20:04:00,3.1676,3.1726,3.1666,3.1726,3.1726,3.1776,3.1716,3.1776,63
2026-06-08 20:05:00,3.1716,3.1766,3.1716,3.1736,3.1766,3.1816,3.1766,3.1786,30
2026-06-08 20:06:00,3.1726,3.1736,3.1686,3.1696,3.1776,3.1786,3.1736,3.1746,21
2026-06-08 20:07:00,3.1686,3.1696,3.1666,3.1696,3.1736,3.1746,3.1716,3.1746,16
2026-06-08 20:08:00,3.1691,3.1706,3.1691,3.1706,3.1741,3.1756,3.1741,3.1756,5
2026-06-08 20:09:00,3.1716,3.1716,3.1696,3.1706,3.1766,3.1766,3.1746,3.1756,8
2026-06-08 20:10:00,3.1696,3.1721,3.1696,3.1721,3.1746,3.1771,3.1746,3.1771,12
2026-06-08 20:11:00,3.1716,3.1726,3.1706,3.1716,3.1766,3.1776,3.1756,3.1766,7
2026-06-08 20:12:00,3.1726,3.1746,3.1716,3.1716,3.1776,3.1796,3.1766,3.1766,8
2026-06-08 20:13:00,3.1726,3.1726,3.1706,3.1726,3.1776,3.1776,3.1756,3.1776,14
2026-06-08 20:14:00,3.1736,3.1746,3.1716,3.1726,3.1786,3.1796,3.1766,3.1776,17
2026-06-08 20:15:00,3.1736,3.1736,3.1696,3.1696,3.1786,3.1786,3.1746,3.1746,25
2026-06-08 20:16:00,3.1706,3.1706,3.1686,3.1701,3.1756,3.1756,3.1736,3.1751,14
2026-06-08 20:17:00,3.1696,3.1696,3.1686,3.1696,3.1746,3.1746,3.1736,3.1746,13
2026-06-08 20:18:00,3.1691,3.1706,3.1686,3.1686,3.1741,3.1756,3.1736,3.1736,22
2026-06-08 20:19:00,3.1696,3.1696,3.1686,3.1696,3.1746,3.1746,3.1736,3.1746,18
2026-06-08 20:20:00,3.1706,3.1716,3.1696,3.1696,3.1756,3.1766,3.1746,3.1746,25
2026-06-08 20:21:00,3.1686,3.1696,3.1676,3.1676,3.1736,3.1746,3.1726,3.1726,14
2026-06-08 20:22:00,3.1686,3.1696,3.1676,3.1686,3.1736,3.1746,3.1726,3.1736,13
2026-06-08 20:23:00,3.1676,3.1686,3.1666,3.1676,3.1726,3.1736,3.1716,3.1726,6
2026-06-08 20:24:00,3.1671,3.1686,3.1666,3.1686,3.1721,3.1736,3.1716,3.1736,13
2026-06-08 20:25:00,3.1681,3.1701,3.1676,3.1696,3.1731,3.1751,3.1726,3.1746,21
2026-06-08 20:26:00,3.1706,3.1716,3.1706,3.1716,3.1756,3.1766,3.1756,3.1766,14
2026-06-08 20:27:00,3.1726,3.1736,3.1696,3.1701,3.1776,3.1786,3.1746,3.1751,39
2026-06-08 20:28:00,3.1716,3.1746,3.1676,3.1696,3.1766,3.1796,3.1726,3.1746,78
2026-06-08 20:29:00,3.1686,3.1686,3.1636,3.1686,3.1736,3.1736,3.1686,3.1736,84
2026-06-08 20:30:00,3.1676,3.1706,3.1676,3.1706,3.1726,3.1756,3.1726,3.1756,43
2026-06-08 20:31:00,3.1716,3.1716,3.1696,3.1716,3.1766,3.1766,3.1746,3.1766,13
2026-06-08 20:32:00,3.1721,3.1736,3.1716,3.1726,3.1771,3.1786,3.1766,3.1776,31
2026-06-08 20:33:00,3.1731,3.1731,3.1696,3.1696,3.1781,3.1781,3.1746,3.1746,10
2026-06-08 20:34:00,3.1706,3.1706,3.1696,3.1701,3.1756,3.1756,3.1746,3.1751,6
2026-06-08 20:35:00,3.1696,3.1721,3.1696,3.1716,3.1746,3.1771,3.1746,3.1766,6
2026-06-08 20:36:00,3.1706,3.1716,3.1696,3.1696,3.1756,3.1766,3.1746,3.1746,6
2026-06-08 20:37:00,3.1701,3.1701,3.1691,3.1696,3.1751,3.1751,3.1741,3.1746,20
2026-06-08 20:38:00,3.1691,3.1706,3.1691,3.1706,3.1741,3.1756,3.1741,3.1756,12
2026-06-08 20:39:00,3.1711,3.1711,3.1696,3.1696,3.1761,3.1761,3.1746,3.1746,4
2026-06-08 20:40:00,3.1686,3.1686,3.1616,3.1616,3.1736,3.1736,3.1666,3.1666,14
2026-06-08 20:41:00,3.1606,3.1616,3.1596,3.1596,3.1656,3.1666,3.1646,3.1646,14
2026-06-08 20:42:00,3.1601,3.1616,3.1601,3.1616,3.1651,3.1666,3.1651,3.1666,9
2026-06-08 20:43:00,3.1606,3.1616,3.1606,3.1616,3.1656,3.1666,3.1656,3.1666,5
2026-06-08 20:44:00,3.1626,3.1626,3.1626,3.1626,3.1676,3.1676,3.1676,3.1676,1
2026-06-08 20:45:00,3.1616,3.1616,3.1596,3.1606,3.1666,3.1666,3.1646,3.1656,8
2026-06-08 20:46:00,3.1596,3.1606,3.1596,3.1596,3.1646,3.1656,3.1646,3.1646,4
2026-06-08 20:47:00,3.1586,3.1586,3.1576,3.1576,3.1636,3.1636,3.1626,3.1626,13
2026-06-08 20:48:00,3.1586,3.1586,3.1576,3.1586,3.1636,3.1636,3.1626,3.1636,11
2026-06-08 20:49:00,3.1576,3.1586,3.1576,3.1586,3.1626,3.1636,3.1626,3.1636,2
2026-06-08 20:51:00,3.1576,3.1576,3.1556,3.1556,3.1626,3.1626,3.1606,3.1606,7
2026-06-08 20:52:00,3.1546,3.1566,3.1536,3.1556,3.1596,3.1616,3.1586,3.1606,15
2026-06-08 20:53:00,3.1566,3.1566,3.1556,3.1566,3.1616,3.1616,3.1606,3.1616,7
2026-06-08 20:54:00,3.1556,3.1566,3.1556,3.1566,3.1606,3.1616,3.1606,3.1616,6
2026-06-08 20:55:00,3.1571,3.1576,3.1566,3.1571,3.1621,3.1626,3.1616,3.1621,22
2026-06-08 20:56:00,3.1566,3.1566,3.1556,3.1556,3.1616,3.1616,3.1606,3.1606,13
2026-06-08 20:57:00,3.1561,3.1576,3.1556,3.1576,3.1611,3.1626,3.1606,3.1626,9
2026-06-08 20:58:00,3.1586,3.1586,3.1566,3.1566,3.1636,3.1636,3.1616,3.1616,7
2026-06-08 20:59:00,3.1556,3.1566,3.1546,3.1566,3.1606,3.1616,3.1596,3.1616,19
2026-06-08 21:00:00,3.1571,3.1576,3.1566,3.1571,3.1621,3.1626,3.1616,3.1621,17
2026-06-08 21:01:00,3.1566,3.1586,3.1566,3.1586,3.1616,3.1636,3.1616,3.1636,8
2026-06-08 21:02:00,3.1596,3.1596,3.1576,3.1576,3.1646,3.1646,3.1626,3.1626,3
2026-06-08 21:03:00,3.1566,3.1586,3.1566,3.1586,3.1616,3.1636,3.1616,3.1636,7
2026-06-08 21:04:00,3.1576,3.1576,3.1566,3.1571,3.1626,3.1626,3.1616,3.1621,3
2026-06-08 21:05:00,3.1566,3.1566,3.1566,3.1566,3.1616,3.1616,3.1616,3.1616,1
2026-06-08 21:06:00,3.1571,3.1576,3.1556,3.1561,3.1621,3.1626,3.1606,3.1611,12
2026-06-08 21:07:00,3.1566,3.1566,3.1561,3.1566,3.1616,3.1616,3.1611,3.1616,7
2026-06-08 21:08:00,3.1571,3.1576,3.1566,3.1566,3.1621,3.1626,3.1616,3.1616,8
2026-06-08 21:09:00,3.1576,3.1576,3.1556,3.1571,3.1626,3.1626,3.1606,3.1621,10
2026-06-08 21:10:00,3.1566,3.1566,3.1546,3.1556,3.1616,3.1616,3.1596,3.1606,9
2026-06-08 21:11:00,3.1561,3.1566,3.1561,3.1561,3.1611,3.1616,3.1611,3.1611,5
2026-06-08 21:12:00,3.1556,3.1566,3.1556,3.1556,3.1606,3.1616,3.1606,3.1606,7
2026-06-08 21:13:00,3.1561,3.1566,3.1526,3.1536,3.1611,3.1616,3.1576,3.1586,19
2026-06-08 21:14:00,3.1546,3.1546,3.1541,3.1546,3.1596,3.1596,3.1591,3.1596,7
2026-06-08 21:15:00,3.1556,3.1586,3.1546,3.1576,3.1606,3.1636,3.1596,3.1626,38
2026-06-08 21:16:00,3.1566,3.1581,3.1566,3.1576,3.1616,3.1631,3.1616,3.1626,4
2026-06-08 21:17:00,3.1566,3.1576,3.1566,3.1566,3.1616,3.1626,3.1616,3.1616,5
2026-06-08 21:18:00,3.1561,3.1561,3.1546,3.1556,3.1611,3.1611,3.1596,3.1606,6
2026-06-08 21:20:00,3.1566,3.1566,3.1566,3.1566,3.1616,3.1616,3.1616,3.1616,1
2026-06-08 21:23:00,3.1556,3.1576,3.1556,3.1566,3.1606,3.1626,3.1606,3.1616,4
2026-06-08 21:24:00,3.1556,3.1566,3.1546,3.1546,3.1606,3.1616,3.1596,3.1596,6
2026-06-08 21:28:00,3.1556,3.1566,3.1556,3.1566,3.1606,3.1616,3.1606,3.1616,4
2026-06-08 21:29:00,3.1576,3.1586,3.1566,3.1586,3.1626,3.1636,3.1616,3.1636,14
2026-06-08 21:30:00,3.1581,3.1596,3.1576,3.1591,3.1631,3.1646,3.1626,3.1641,14
2026-06-08 21:31:00,3.1596,3.1611,3.1596,3.1611,3.1646,3.1661,3.1646,3.1661,3
2026-06-08 21:32:00,3.1606,3.1616,3.1606,3.1606,3.1656,3.1666,3.1656,3.1656,6
2026-06-08 21:33:00,3.1611,3.1616,3.1606,3.1606,3.1661,3.1666,3.1656,3.1656,7
2026-06-08 21:35:00,3.1611,3.1616,3.1611,3.1616,3.1661,3.1666,3.1661,3.1666,2
2026-06-08 21:36:00,3.1606,3.1621,3.1606,3.1616,3.1656,3.1671,3.1656,3.1666,7
2026-06-08 21:38:00,3.1611,3.1611,3.1606,3.1611,3.1661,3.1661,3.1656,3.1661,9
2026-06-08 21:39:00,3.1606,3.1616,3.1606,3.1616,3.1656,3.1666,3.1656,3.1666,2
2026-06-08 21:40:00,3.1626,3.1626,3.1616,3.1616,3.1676,3.1676,3.1666,3.1666,2
2026-06-08 21:41:00,3.1626,3.1626,3.1626,3.1626,3.1676,3.1676,3.1676,3.1676,1
2026-06-08 21:42:00,3.1636,3.1636,3.1586,3.1596,3.1686,3.1686,3.1636,3.1646,9
2026-06-08 21:43:00,3.1586,3.1596,3.1586,3.1596,3.1636,3.1646,3.1636,3.1646,7
2026-06-08 21:44:00,3.1591,3.1596,3.1566,3.1566,3.1641,3.1646,3.1616,3.1616,7
2026-06-08 21:45:00,3.1576,3.1586,3.1571,3.1586,3.1626,3.1636,3.1621,3.1636,5
2026-06-08 21:46:00,3.1596,3.1596,3.1586,3.1596,3.1646,3.1646,3.1636,3.1646,8
2026-06-08 21:47:00,3.1601,3.1601,3.1596,3.1596,3.1651,3.1651,3.1646,3.1646,2
2026-06-08 21:48:00,3.1601,3.1606,3.1596,3.1596,3.1651,3.1656,3.1646,3.1646,11
2026-06-08 21:49:00,3.1606,3.1606,3.1596,3.1596,3.1656,3.1656,3.1646,3.1646,6
2026-06-08 21:52:00,3.1591,3.1596,3.1586,3.1586,3.1641,3.1646,3.1636,3.1636,5
2026-06-08 21:53:00,3.1596,3.1596,3.1586,3.1596,3.1646,3.1646,3.1636,3.1646,5
2026-06-08 21:55:00,3.1591,3.1596,3.1586,3.1586,3.1641,3.1646,3.1636,3.1636,4
2026-06-08 21:56:00,3.1591,3.1596,3.1591,3.1596,3.1641,3.1646,3.1641,3.1646,2
2026-06-08 21:57:00,3.1586,3.1596,3.1586,3.1586,3.1636,3.1646,3.1636,3.1636,4
2026-06-08 21:58:00,3.1591,3.1591,3.1576,3.1586,3.1641,3.1641,3.1626,3.1636,6
2026-06-08 21:59:00,3.1596,3.1596,3.1586,3.1586,3.1646,3.1646,3.1636,3.1636,4
2026-06-08 22:00:00,3.1591,3.1596,3.1591,3.1596,3.1641,3.1646,3.1641,3.1646,4
2026-06-08 22:01:00,3.1606,3.1606,3.1596,3.1596,3.1656,3.1656,3.1646,3.1646,2
2026-06-08 22:02:00,3.1606,3.1611,3.1591,3.1596,3.1656,3.1661,3.1641,3.1646,6
2026-06-08 22:04:00,3.1586,3.1586,3.1586,3.1586,3.1636,3.1636,3.1636,3.1636,1
2026-06-08 22:07:00,3.1576,3.1586,3.1576,3.1576,3.1626,3.1636,3.1626,3.1626,4
2026-06-08 22:08:00,3.1586,3.1586,3.1566,3.1566,3.1636,3.1636,3.1616,3.1616,5
2026-06-08 22:09:00,3.1576,3.1586,3.1566,3.1576,3.1626,3.1636,3.1616,3.1626,10
2026-06-08 22:10:00,3.1571,3.1576,3.1566,3.1576,3.1621,3.1626,3.1616,3.1626,12
2026-06-08 22:11:00,3.1566,3.1576,3.1566,3.1576,3.1616,3.1626,3.1616,3.1626,7
2026-06-08 22:12:00,3.1586,3.1586,3.1586,3.1586,3.1636,3.1636,3.1636,3.1636,1
2026-06-08 22:13:00,3.1581,3.1591,3.1581,3.1586,3.1631,3.1641,3.1631,3.1636,4
2026-06-08 22:14:00,3.1591,3.1591,3.1586,3.1586,3.1641,3.1641,3.1636,3.1636,2
2026-06-08 22:15:00,3.1591,3.1596,3.1586,3.1586,3.1641,3.1646,3.1636,3.1636,6
2026-06-08 22:16:00,3.1591,3.1591,3.1591,3.1591,3.1641,3.1641,3.1641,3.1641,1
2026-06-08 22:17:00,3.1586,3.1586,3.1586,3.1586,3.1636,3.1636,3.1636,3.1636,1
2026-06-08 22:19:00,3.1576,3.1581,3.1576,3.1581,3.1626,3.1631,3.1626,3.1631,12
2026-06-08 22:20:00,3.1576,3.1581,3.1576,3.1576,3.1626,3.1631,3.1626,3.1626,7
2026-06-08 22:21:00,3.1566,3.1566,3.1556,3.1561,3.1616,3.1616,3.1606,3.1611,5
2026-06-08 22:22:00,3.1556,3.1566,3.1556,3.1566,3.1606,3.1616,3.1606,3.1616,3
2026-06-08 22:23:00,3.1576,3.1596,3.1566,3.1586,3.1626,3.1646,3.1616,3.1636,11
2026-06-08 22:24:00,3.1576,3.1596,3.1576,3.1576,3.1626,3.1646,3.1626,3.1626,12
2026-06-08 22:25:00,3.1566,3.1576,3.1566,3.1571,3.1616,3.1626,3.1616,3.1621,7
2026-06-08 22:26:00,3.1586,3.1596,3.1571,3.1571,3.1636,3.1646,3.1621,3.1621,7
2026-06-08 22:27:00,3.1576,3.1576,3.1576,3.1576,3.1626,3.1626,3.1626,3.1626,1
2026-06-08 22:28:00,3.1566,3.1596,3.1566,3.1581,3.1616,3.1646,3.1616,3.1631,28
2026-06-08 22:29:00,3.1586,3.1586,3.1576,3.1586,3.1636,3.1636,3.1626,3.1636,10
2026-06-08 22:30:00,3.1581,3.1581,3.1576,3.1576,3.1631,3.1631,3.1626,3.1626,4
2026-06-08 22:31:00,3.1571,3.1576,3.1571,3.1571,3.1621,3.1626,3.1621,3.1621,13
2026-06-08 22:32:00,3.1566,3.1566,3.1566,3.1566,3.1616,3.1616,3.1616,3.1616,1
2026-06-08 22:33:00,3.1571,3.1576,3.1571,3.1576,3.1621,3.1626,3.1621,3.1626,2
2026-06-08 22:36:00,3.1566,3.1576,3.1566,3.1571,3.1616,3.1626,3.1616,3.1621,12
2026-06-08 22:37:00,3.1576,3.1576,3.1576,3.1576,3.1626,3.1626,3.1626,3.1626,1
2026-06-08 22:38:00,3.1571,3.1576,3.1571,3.1576,3.1621,3.1626,3.1621,3.1626,2
2026-06-08 22:40:00,3.1581,3.1596,3.1576,3.1596,3.1631,3.1646,3.1626,3.1646,6
2026-06-08 22:41:00,3.1606,3.1606,3.1601,3.1606,3.1656,3.1656,3.1651,3.1656,11
2026-06-08 22:42:00,3.1601,3.1601,3.1586,3.1591,3.1651,3.1651,3.1636,3.1641,6
2026-06-08 22:43:00,3.1596,3.1596,3.1596,3.1596,3.1646,3.1646,3.1646,3.1646,1
2026-06-08 22:44:00,3.1591,3.1626,3.1591,3.1616,3.1641,3.1676,3.1641,3.1666,12
2026-06-08 22:45:00,3.1621,3.1636,3.1621,3.1626,3.1671,3.1686,3.1671,3.1676,23
2026-06-08 22:46:00,3.1631,3.1656,3.1631,3.1646,3.1681,3.1706,3.1681,3.1696,17
2026-06-08 22:47:00,3.1656,3.1656,3.1636,3.1646,3.1706,3.1706,3.1686,3.1696,19
2026-06-08 22:48:00,3.1651,3.1651,3.1646,3.1646,3.1701,3.1701,3.1696,3.1696,4
2026-06-08 22:49:00,3.1641,3.1646,3.1636,3.1636,3.1691,3.1696,3.1686,3.1686,8
2026-06-08 22:50:00,3.1646,3.1646,3.1641,3.1641,3.1696,3.1696,3.1691,3.1691,10
2026-06-08 22:51:00,3.1651,3.1651,3.1646,3.1646,3.1701,3.1701,3.1696,3.1696,2
2026-06-08 22:52:00,3.1651,3.1651,3.1646,3.1646,3.1701,3.1701,3.1696,3.1696,2
2026-06-08 22:54:00,3.1641,3.1651,3.1626,3.1631,3.1691,3.1701,3.1676,3.1681,9
2026-06-08 22:55:00,3.1626,3.1676,3.1626,3.1666,3.1676,3.1726,3.1676,3.1716,15
2026-06-08 22:56:00,3.1676,3.1686,3.1651,3.1651,3.1726,3.1736,3.1701,3.1701,18
2026-06-08 22:57:00,3.1656,3.1656,3.1656,3.1656,3.1706,3.1706,3.1706,3.1706,1
2026-06-08 22:58:00,3.1651,3.1676,3.1646,3.1656,3.1701,3.1726,3.1696,3.1706,18
2026-06-08 22:59:00,3.1651,3.1721,3.1646,3.1711,3.1701,3.1771,3.1696,3.1761,9
2026-06-09 00:00:00,3.1721,3.1726,3.1711,3.1716,3.1771,3.1776,3.1761,3.1766,6
2026-06-09 00:01:00,3.1711,3.1716,3.1711,3.1711,3.1761,3.1766,3.1761,3.1761,3
2026-06-09 00:03:00,3.1721,3.1721,3.1711,3.1721,3.1771,3.1771,3.1761,3.1771,4
2026-06-09 00:06:00,3.1711,3.1711,3.1701,3.1706,3.1761,3.1761,3.1751,3.1756,3
2026-06-09 00:10:00,3.1666,3.1666,3.1651,3.1661,3.1716,3.1716,3.1701,3.1711,8
2026-06-09 00:11:00,3.1666,3.1666,3.1661,3.1661,3.1716,3.1716,3.1711,3.1711,2
2026-06-09 00:12:00,3.1666,3.1666,3.1666,3.1666,3.1716,3.1716,3.1716,3.1716,1
2026-06-09 00:13:00,3.1671,3.1671,3.1671,3.1671,3.1721,3.1721,3.1721,3.1721,1
2026-06-09 00:17:00,3.1666,3.1666,3.1656,3.1656,3.1716,3.1716,3.1706,3.1706,3
2026-06-09 00:18:00,3.1661,3.1686,3.1661,3.1686,3.1711,3.1736,3.1711,3.1736,4
2026-06-09 00:19:00,3.1691,3.1691,3.1666,3.1666,3.1741,3.1741,3.1716,3.1716,6
2026-06-09 00:20:00,3.1661,3.1661,3.1661,3.1661,3.1711,3.1711,3.1711,3.1711,1
2026-06-09 00:25:00,3.1671,3.1671,3.1671,3.1671,3.1721,3.1721,3.1721,3.1721,1
2026-06-09 00:27:00,3.1666,3.1666,3.1666,3.1666,3.1716,3.1716,3.1716,3.1716,1
2026-06-09 00:32:00,3.1661,3.1661,3.1656,3.1656,3.1711,3.1711,3.1706,3.1706,2
2026-06-09 00:33:00,3.1661,3.1661,3.1656,3.1656,3.1711,3.1711,3.1706,3.1706,4
2026-06-09 00:36:00,3.1651,3.1651,3.1651,3.1651,3.1701,3.1701,3.1701,3.1701,1
2026-06-09 00:38:00,3.1656,3.1661,3.1656,3.1661,3.1706,3.1711,3.1706,3.1711,2
2026-06-09 00:39:00,3.1666,3.1666,3.1666,3.1666,3.1716,3.1716,3.1716,3.1716,1
2026-06-09 00:44:00,3.1671,3.1671,3.1666,3.1666,3.1721,3.1721,3.1716,3.1716,2
2026-06-09 00:49:00,3.1661,3.1661,3.1661,3.1661,3.1711,3.1711,3.1711,3.1711,1
2026-06-09 00:50:00,3.1656,3.1656,3.1656,3.1656,3.1706,3.1706,3.1706,3.1706,1
2026-06-09 00:54:00,3.1661,3.1661,3.1661,3.1661,3.1711,3.1711,3.1711,3.1711,1
2026-06-09 00:55:00,3.1656,3.1656,3.1656,3.1656,3.1706,3.1706,3.1706,3.1706,1
2026-06-09 01:00:00,3.1661,3.1661,3.1656,3.1656,3.1711,3.1711,3.1706,3.1706,2
2026-06-09 01:01:00,3.1661,3.1661,3.1651,3.1651,3.1711,3.1711,3.1701,3.1701,2
2026-06-09 01:17:00,3.1656,3.1661,3.1656,3.1661,3.1706,3.1711,3.1706,3.1711,2
2026-06-09 01:18:00,3.1656,3.1656,3.1656,3.1656,3.1706,3.1706,3.1706,3.1706,1
2026-06-09 01:22:00,3.1661,3.1666,3.1656,3.1656,3.1711,3.1716,3.1706,3.1706,4
2026-06-09 01:23:00,3.1661,3.1661,3.1656,3.1656,3.1711,3.1711,3.1706,3.1706,2
2026-06-09 01:26:00,3.1661,3.1671,3.1656,3.1656,3.1711,3.1721,3.1706,3.1706,10
2026-06-09 01:27:00,3.1661,3.1666,3.1661,3.1666,3.1711,3.1716,3.1711,3.1716,2
2026-06-09 01:30:00,3.1661,3.1661,3.1661,3.1661,3.1711,3.1711,3.1711,3.1711,1
2026-06-09 01:31:00,3.1666,3.1671,3.1666,3.1666,3.1716,3.1721,3.1716,3.1716,3
2026-06-09 01:33:00,3.1671,3.1671,3.1656,3.1656,3.1721,3.1721,3.1706,3.1706,2
2026-06-09 01:35:00,3.1646,3.1646,3.1631,3.1631,3.1696,3.1696,3.1681,3.1681,3
2026-06-09 01:36:00,3.1636,3.1636,3.1626,3.1631,3.1686,3.1686,3.1676,3.1681,8
2026-06-09 01:37:00,3.1626,3.1626,3.1621,3.1621,3.1676,3.1676,3.1671,3.1671,2
2026-06-09 01:38:00,3.1626,3.1626,3.1626,3.1626,3.1676,3.1676,3.1676,3.1676,1
2026-06-09 01:40:00,3.1621,3.1621,3.1601,3.1601,3.1671,3.1671,3.1651,3.1651,3
2026-06-09 01:41:00,3.1596,3.1611,3.1596,3.1606,3.1646,3.1661,3.1646,3.1656,7
2026-06-09 01:42:00,3.1611,3.1611,3.1611,3.1611,3.1661,3.1661,3.1661,3.1661,1
2026-06-09 01:43:00,3.1606,3.1606,3.1606,3.1606,3.1656,3.1656,3.1656,3.1656,1
2026-06-09 01:44:00,3.1601,3.1606,3.1601,3.1601,3.1651,3.1656,3.1651,3.1651,3
2026-06-09 01:45:00,3.1606,3.1606,3.1606,3.1606,3.1656,3.1656,3.1656,3.1656,1
2026-06-09 01:46:00,3.1621,3.1631,3.1621,3.1626,3.1671,3.1681,3.1671,3.1676,4
2026-06-09 01:47:00,3.1631,3.1641,3.1631,3.1636,3.1681,3.1691,3.1681,3.1686,3
2026-06-09 01:49:00,3.1631,3.1631,3.1616,3.1621,3.1681,3.1681,3.1666,3.1671,5
2026-06-09 01:50:00,3.1616,3.1616,3.1601,3.1601,3.1666,3.1666,3.1651,3.1651,4
2026-06-09 01:52:00,3.1596,3.1601,3.1596,3.1596,3.1646,3.1651,3.1646,3.1646,3
2026-06-09 01:55:00,3.1601,3.1601,3.1601,3.1601,3.1651,3.1651,3.1651,3.1651,1
2026-06-09 02:01:00,3.1611,3.1631,3.1611,3.1621,3.1661,3.1681,3.1661,3.1671,7
2026-06-09 02:02:00,3.1626,3.1651,3.1611,3.1646,3.1676,3.1701,3.1661,3.1696,11
2026-06-09 02:03:00,3.1651,3.1656,3.1651,3.1656,3.1701,3.1706,3.1701,3.1706,4
2026-06-09 02:04:00,3.1651,3.1651,3.1651,3.1651,3.1701,3.1701,3.1701,3.1701,1
2026-06-09 02:06:00,3.1646,3.1671,3.1641,3.1671,3.1696,3.1721,3.1691,3.1721,5
2026-06-09 02:09:00,3.1666,3.1666,3.1641,3.1641,3.1716,3.1716,3.1691,3.1691,4
2026-06-09 02:10:00,3.1651,3.1651,3.1641,3.1641,3.1701,3.1701,3.1691,3.1691,6
2026-06-09 02:13:00,3.1631,3.1631,3.1621,3.1621,3.1681,3.1681,3.1671,3.1671,2
2026-06-09 02:14:00,3.1611,3.1621,3.1611,3.1611,3.1661,3.1671,3.1661,3.1661,3
2026-06-09 02:15:00,3.1606,3.1631,3.1606,3.1621,3.1656,3.1681,3.1656,3.1671,11
2026-06-09 02:16:00,3.1616,3.1616,3.1611,3.1611,3.1666,3.1666,3.1661,3.1661,2
2026-06-09 02:17:00,3.1621,3.1621,3.1611,3.1616,3.1671,3.1671,3.1661,3.1666,3
2026-06-09 02:18:00,3.1621,3.1641,3.1621,3.1631,3.1671,3.1691,3.1671,3.1681,14
2026-06-09 02:19:00,3.1636,3.1636,3.1631,3.1631,3.1686,3.1686,3.1681,3.1681,4
2026-06-09 02:20:00,3.1626,3.1626,3.1621,3.1621,3.1676,3.1676,3.1671,3.1671,2
2026-06-09 02:22:00,3.1626,3.1631,3.1621,3.1621,3.1676,3.1681,3.1671,3.1671,5
2026-06-09 02:23:00,3.1616,3.1621,3.1616,3.1621,3.1666,3.1671,3.1666,3.1671,2
2026-06-09 02:24:00,3.1616,3.1616,3.1611,3.1611,3.1666,3.1666,3.1661,3.1661,2
2026-06-09 02:25:00,3.1616,3.1651,3.1611,3.1636,3.1666,3.1701,3.1661,3.1686,23
2026-06-09 02:26:00,3.1631,3.1641,3.1631,3.1636,3.1681,3.1691,3.1681,3.1686,8
2026-06-09 02:27:00,3.1631,3.1636,3.1631,3.1631,3.1681,3.1686,3.1681,3.1681,5
2026-06-09 02:29:00,3.1641,3.1646,3.1631,3.1631,3.1691,3.1696,3.1681,3.1681,9
2026-06-09 02:30:00,3.1641,3.1651,3.1641,3.1641,3.1691,3.1701,3.1691,3.1691,10
2026-06-09 02:31:00,3.1651,3.1651,3.1651,3.1651,3.1701,3.1701,3.1701,3.1701,1
2026-06-09 02:33:00,3.1656,3.1661,3.1656,3.1661,3.1706,3.1711,3.1706,3.1711,2
2026-06-09 02:34:00,3.1666,3.1701,3.1666,3.1701,3.1716,3.1751,3.1716,3.1751,11
2026-06-09 02:36:00,3.1711,3.1721,3.1711,3.1721,3.1761,3.1771,3.1761,3.1771,9
2026-06-09 02:38:00,3.1711,3.1711,3.1691,3.1691,3.1761,3.1761,3.1741,3.1741,6
2026-06-09 02:39:00,3.1701,3.1701,3.1701,3.1701,3.1751,3.1751,3.1751,3.1751,1
2026-06-09 02:41:00,3.1711,3.1711,3.1701,3.1711,3.1761,3.1761,3.1751,3.1761,4
2026-06-09 02:43:00,3.1701,3.1701,3.1701,3.1701,3.1751,3.1751,3.1751,3.1751,1
2026-06-09 02:44:00,3.1691,3.1711,3.1691,3.1711,3.1741,3.1761,3.1741,3.1761,17
2026-06-09 02:45:00,3.1706,3.1711,3.1706,3.1711,3.1756,3.1761,3.1756,3.1761,2
2026-06-09 02:46:00,3.1706,3.1711,3.1706,3.1706,3.1756,3.1761,3.1756,3.1756,21
2026-06-09 02:47:00,3.1711,3.1711,3.1701,3.1706,3.1761,3.1761,3.1751,3.1756,18
2026-06-09 02:48:00,3.1701,3.1706,3.1701,3.1706,3.1751,3.1756,3.1751,3.1756,22
2026-06-09 02:49:00,3.1701,3.1706,3.1701,3.1701,3.1751,3.1756,3.1751,3.1751,11
2026-06-09 02:50:00,3.1706,3.1741,3.1701,3.1721,3.1756,3.1791,3.1751,3.1771,32
2026-06-09 02:51:00,3.1731,3.1731,3.1721,3.1721,3.1781,3.1781,3.1771,3.1771,2
2026-06-09 02:53:00,3.1711,3.1711,3.1701,3.1711,3.1761,3.1761,3.1751,3.1761,12
2026-06-09 02:56:00,3.1716,3.1716,3.1701,3.1711,3.1766,3.1766,3.1751,3.1761,5
2026-06-09 02:59:00,3.1701,3.1701,3.1691,3.1691,3.1751,3.1751,3.1741,3.1741,4
2026-06-09 03:00:00,3.1701,3.1711,3.1701,3.1706,3.1751,3.1761,3.1751,3.1756,31
2026-06-09 03:01:00,3.1701,3.1731,3.1701,3.1731,3.1751,3.1781,3.1751,3.1781,18
2026-06-09 03:02:00,3.1741,3.1761,3.1731,3.1741,3.1791,3.1811,3.1781,3.1791,20
2026-06-09 03:03:00,3.1731,3.1741,3.1731,3.1741,3.1781,3.1791,3.1781,3.1791,2
2026-06-09 03:04:00,3.1751,3.1771,3.1751,3.1761,3.1801,3.1821,3.1801,3.1811,10
2026-06-09 03:05:00,3.1771,3.1781,3.1771,3.1771,3.1821,3.1831,3.1821,3.1821,15
2026-06-09 03:07:00,3.1781,3.1781,3.1751,3.1751,3.1831,3.1831,3.1801,3.1801,9
2026-06-09 03:08:00,3.1746,3.1761,3.1741,3.1761,3.1796,3.1811,3.1791,3.1811,5
2026-06-09 03:10:00,3.1751,3.1781,3.1751,3.1771,3.1801,3.1831,3.1801,3.1821,5
2026-06-09 03:11:00,3.1766,3.1771,3.1766,3.1771,3.1816,3.1821,3.1816,3.1821,2
2026-06-09 03:12:00,3.1761,3.1771,3.1761,3.1771,3.1811,3.1821,3.1811,3.1821,4
2026-06-09 03:13:00,3.1766,3.1766,3.1761,3.1761,3.1816,3.1816,3.1811,3.1811,2
2026-06-09 03:16:00,3.1751,3.1751,3.1751,3.1751,3.1801,3.1801,3.1801,3.1801,1
2026-06-09 03:18:00,3.1756,3.1756,3.1756,3.1756,3.1806,3.1806,3.1806,3.1806,1
2026-06-09 03:19:00,3.1751,3.1756,3.1751,3.1756,3.1801,3.1806,3.1801,3.1806,4
2026-06-09 03:20:00,3.1751,3.1761,3.1751,3.1751,3.1801,3.1811,3.1801,3.1801,4
2026-06-09 03:21:00,3.1741,3.1741,3.1721,3.1731,3.1791,3.1791,3.1771,3.1781,5
2026-06-09 03:22:00,3.1741,3.1741,3.1741,3.1741,3.1791,3.1791,3.1791,3.1791,1
2026-06-09 03:24:00,3.1731,3.1731,3.1731,3.1731,3.1781,3.1781,3.1781,3.1781,1
2026-06-09 03:25:00,3.1736,3.1741,3.1731,3.1736,3.1786,3.1791,3.1781,3.1786,7
2026-06-09 03:26:00,3.1731,3.1751,3.1721,3.1751,3.1781,3.1801,3.1771,3.1801,14
2026-06-09 03:29:00,3.1756,3.1761,3.1751,3.1751,3.1806,3.1811,3.1801,3.1801,3
2026-06-09 03:30:00,3.1741,3.1761,3.1741,3.1761,3.1791,3.1811,3.1791,3.1811,3
2026-06-09 03:31:00,3.1751,3.1751,3.1741,3.1741,3.1801,3.1801,3.1791,3.1791,3
2026-06-09 03:32:00,3.1746,3.1751,3.1746,3.1751,3.1796,3.1801,3.1796,3.1801,2
2026-06-09 03:33:00,3.1746,3.1751,3.1746,3.1751,3.1796,3.1801,3.1796,3.1801,2
2026-06-09 03:34:00,3.1746,3.1746,3.1741,3.1741,3.1796,3.1796,3.1791,3.1791,2
2026-06-09 03:35:00,3.1736,3.1741,3.1736,3.1741,3.1786,3.1791,3.1786,3.1791,2
2026-06-09 03:36:00,3.1746,3.1751,3.1741,3.1741,3.1796,3.1801,3.1791,3.1791,4
2026-06-09 03:39:00,3.1751,3.1751,3.1741,3.1751,3.1801,3.1801,3.1791,3.1801,4
2026-06-09 03:40:00,3.1741,3.1741,3.1731,3.1741,3.1791,3.1791,3.1781,3.1791,5
2026-06-09 03:41:00,3.1751,3.1751,3.1741,3.1746,3.1801,3.1801,3.1791,3.1796,4
2026-06-09 03:42:00,3.1741,3.1761,3.1741,3.1756,3.1791,3.1811,3.1791,3.1806,16
2026-06-09 03:43:00,3.1751,3.1766,3.1751,3.1766,3.1801,3.1816,3.1801,3.1816,12
2026-06-09 03:44:00,3.1761,3.1771,3.1761,3.1771,3.1811,3.1821,3.1811,3.1821,3
2026-06-09 03:45:00,3.1761,3.1776,3.1761,3.1771,3.1811,3.1826,3.1811,3.1821,4
2026-06-09 03:46:00,3.1781,3.1781,3.1761,3.1761,3.1831,3.1831,3.1811,3.1811,24
2026-06-09 03:47:00,3.1766,3.1766,3.1761,3.1761,3.1816,3.1816,3.1811,3.1811,56
2026-06-09 03:48:00,3.1766,3.1771,3.1761,3.1771,3.1816,3.1821,3.1811,3.1821,34
2026-06-09 03:50:00,3.1761,3.1761,3.1761,3.1761,3.1811,3.1811,3.1811,3.1811,1
2026-06-09 03:51:00,3.1771,3.1771,3.1761,3.1771,3.1821,3.1821,3.1811,3.1821,4
2026-06-09 03:57:00,3.1781,3.1781,3.1766,3.1766,3.1831,3.1831,3.1816,3.1816,3
2026-06-09 03:58:00,3.1761,3.1781,3.1761,3.1771,3.1811,3.1831,3.1811,3.1821,5
2026-06-09 03:59:00,3.1781,3.1781,3.1771,3.1781,3.1831,3.1831,3.1821,3.1831,6
2026-06-09 04:00:00,3.1771,3.1781,3.1771,3.1781,3.1821,3.1831,3.1821,3.1831,3
2026-06-09 04:02:00,3.1791,3.1791,3.1781,3.1781,3.1841,3.1841,3.1831,3.1831,4
2026-06-09 04:03:00,3.1771,3.1781,3.1771,3.1781,3.1821,3.1831,3.1821,3.1831,2
2026-06-09 04:05:00,3.1786,3.1791,3.1786,3.1791,3.1836,3.1841,3.1836,3.1841,2
2026-06-09 04:06:00,3.1801,3.1801,3.1791,3.1791,3.1851,3.1851,3.1841,3.1841,2
2026-06-09 04:08:00,3.1781,3.1781,3.1771,3.1781,3.1831,3.1831,3.1821,3.1831,5
2026-06-09 04:09:00,3.1771,3.1771,3.1771,3.1771,3.1821,3.1821,3.1821,3.1821,1
2026-06-09 04:10:00,3.1781,3.1781,3.1781,3.1781,3.1831,3.1831,3.1831,3.1831,1
2026-06-09 04:14:00,3.1791,3.1791,3.1791,3.1791,3.1841,3.1841,3.1841,3.1841,1
2026-06-09 04:15:00,3.1801,3.1801,3.1801,3.1801,3.1851,3.1851,3.1851,3.1851,1
2026-06-09 04:19:00,3.1796,3.1801,3.1791,3.1801,3.1846,3.1851,3.1841,3.1851,4
2026-06-09 04:30:00,3.1791,3.1811,3.1791,3.1801,3.1841,3.1861,3.1841,3.1851,6
2026-06-09 04:31:00,3.1806,3.1811,3.1801,3.1811,3.1856,3.1861,3.1851,3.1861,8
2026-06-09 04:33:00,3.1806,3.1806,3.1791,3.1801,3.1856,3.1856,3.1841,3.1851,5
2026-06-09 04:37:00,3.1811,3.1811,3.1811,3.1811,3.1861,3.1861,3.1861,3.1861,1
2026-06-09 04:39:00,3.1801,3.1811,3.1801,3.1811,3.1851,3.1861,3.1851,3.1861,4
2026-06-09 04:40:00,3.1806,3.1806,3.1801,3.1806,3.1856,3.1856,3.1851,3.1856,35
2026-06-09 04:41:00,3.1811,3.1811,3.1811,3.1811,3.1861,3.1861,3.1861,3.1861,1
2026-06-09 04:43:00,3.1801,3.1801,3.1801,3.1801,3.1851,3.1851,3.1851,3.1851,1
2026-06-09 04:45:00,3.1806,3.1811,3.1806,3.1806,3.1856,3.1861,3.1856,3.1856,3
2026-06-09 04:46:00,3.1811,3.1811,3.1801,3.1801,3.1861,3.1861,3.1851,3.1851,5
2026-06-09 04:47:00,3.1806,3.1806,3.1801,3.1801,3.1856,3.1856,3.1851,3.1851,6
2026-06-09 04:48:00,3.1806,3.1806,3.1801,3.1801,3.1856,3.1856,3.1851,3.1851,2
2026-06-09 04:53:00,3.1811,3.1811,3.1811,3.1811,3.1861,3.1861,3.1861,3.1861,1
2026-06-09 04:55:00,3.1801,3.1811,3.1801,3.1811,3.1851,3.1861,3.1851,3.1861,3
2026-06-09 04:58:00,3.1821,3.1841,3.1821,3.1831,3.1871,3.1891,3.1871,3.1881,11
2026-06-09 04:59:00,3.1821,3.1831,3.1821,3.1831,3.1871,3.1881,3.1871,3.1881,2
2026-06-09 05:01:00,3.1826,3.1826,3.1821,3.1821,3.1876,3.1876,3.1871,3.1871,2
2026-06-09 05:02:00,3.1816,3.1816,3.1811,3.1811,3.1866,3.1866,3.1861,3.1861,2
2026-06-09 05:03:00,3.1821,3.1831,3.1821,3.1821,3.1871,3.1881,3.1871,3.1871,3
2026-06-09 05:05:00,3.1816,3.1816,3.1801,3.1811,3.1866,3.1866,3.1851,3.1861,9
2026-06-09 05:06:00,3.1806,3.1811,3.1801,3.1811,3.1856,3.1861,3.1851,3.1861,4
2026-06-09 05:08:00,3.1806,3.1811,3.1806,3.1811,3.1856,3.1861,3.1856,3.1861,2
2026-06-09 05:11:00,3.1816,3.1816,3.1811,3.1811,3.1866,3.1866,3.1861,3.1861,4
2026-06-09 05:12:00,3.1816,3.1821,3.1811,3.1811,3.1866,3.1871,3.1861,3.1861,11
2026-06-09 05:13:00,3.1816,3.1821,3.1811,3.1821,3.1866,3.1871,3.1861,3.1871,12
2026-06-09 05:17:00,3.1831,3.1831,3.1831,3.1831,3.1881,3.1881,3.1881,3.1881,1
2026-06-09 05:18:00,3.1821,3.1821,3.1821,3.1821,3.1871,3.1871,3.1871,3.1871,1
2026-06-09 05:20:00,3.1831,3.1831,3.1821,3.1831,3.1881,3.1881,3.1871,3.1881,4
2026-06-09 05:25:00,3.1841,3.1841,3.1841,3.1841,3.1891,3.1891,3.1891,3.1891,1
2026-06-09 05:26:00,3.1831,3.1851,3.1831,3.1851,3.1881,3.1901,3.1881,3.1901,3
2026-06-09 05:27:00,3.1841,3.1851,3.1841,3.1851,3.1891,3.1901,3.1891,3.1901,2
2026-06-09 05:30:00,3.1841,3.1851,3.1841,3.1851,3.1891,3.1901,3.1891,3.1901,4
2026-06-09 05:31:00,3.1846,3.1851,3.1846,3.1851,3.1896,3.1901,3.1896,3.1901,2
2026-06-09 05:33:00,3.1841,3.1851,3.1841,3.1851,3.1891,3.1901,3.1891,3.1901,2
2026-06-09 05:35:00,3.1846,3.1846,3.1831,3.1831,3.1896,3.1896,3.1881,3.1881,3
2026-06-09 05:36:00,3.1821,3.1821,3.1821,3.1821,3.1871,3.1871,3.1871,3.1871,1
2026-06-09 05:41:00,3.1811,3.1821,3.1811,3.1821,3.1861,3.1871,3.1861,3.1871,2
2026-06-09 05:44:00,3.1811,3.1821,3.1811,3.1821,3.1861,3.1871,3.1861,3.1871,3
2026-06-09 05:45:00,3.1811,3.1841,3.1811,3.1821,3.1861,3.1891,3.1861,3.1871,6
2026-06-09 05:47:00,3.1811,3.1821,3.1811,3.1811,3.1861,3.1871,3.1861,3.1861,3
2026-06-09 05:48:00,3.1821,3.1821,3.1811,3.1811,3.1871,3.1871,3.1861,3.1861,4
2026-06-09 05:55:00,3.1801,3.1801,3.1801,3.1801,3.1851,3.1851,3.1851,3.1851,1
2026-06-09 05:58:00,3.1811,3.1821,3.1811,3.1821,3.1861,3.1871,3.1861,3.1871,3
2026-06-09 05:59:00,3.1816,3.1821,3.1811,3.1821,3.1866,3.1871,3.1861,3.1871,8
2026-06-09 06:00:00,3.1831,3.1861,3.1831,3.1861,3.1881,3.1911,3.1881,3.1911,9
2026-06-09 06:02:00,3.1851,3.1851,3.1851,3.1851,3.1901,3.1901,3.1901,3.1901,1
2026-06-09 06:03:00,3.1861,3.1911,3.1861,3.1911,3.1911,3.1961,3.1911,3.1961,9
2026-06-09 06:04:00,3.1901,3.1921,3.1901,3.1921,3.1951,3.1971,3.1951,3.1971,3
2026-06-09 06:07:00,3.1911,3.1911,3.1911,3.1911,3.1961,3.1961,3.1961,3.1961,1
2026-06-09 06:08:00,3.1921,3.1921,3.1911,3.1911,3.1971,3.1971,3.1961,3.1961,2
2026-06-09 06:09:00,3.1921,3.1921,3.1911,3.1921,3.1971,3.1971,3.1961,3.1971,4
2026-06-09 06:12:00,3.1931,3.1931,3.1921,3.1921,3.1981,3.1981,3.1971,3.1971,7
2026-06-09 06:13:00,3.1926,3.1941,3.1921,3.1931,3.1976,3.1991,3.1971,3.1981,6
2026-06-09 06:16:00,3.1921,3.1921,3.1921,3.1921,3.1971,3.1971,3.1971,3.1971,1
2026-06-09 06:17:00,3.1916,3.1921,3.1911,3.1911,3.1966,3.1971,3.1961,3.1961,5
2026-06-09 06:18:00,3.1921,3.1921,3.1921,3.1921,3.1971,3.1971,3.1971,3.1971,1
2026-06-09 06:21:00,3.1931,3.1931,3.1931,3.1931,3.1981,3.1981,3.1981,3.1981,1
2026-06-09 06:26:00,3.1941,3.1941,3.1941,3.1941,3.1991,3.1991,3.1991,3.1991,1
2026-06-09 06:28:00,3.1951,3.1951,3.1921,3.1921,3.2001,3.2001,3.1971,3.1971,5
2026-06-09 06:29:00,3.1931,3.1931,3.1911,3.1911,3.1981,3.1981,3.1961,3.1961,4
2026-06-09 06:30:00,3.1921,3.1921,3.1911,3.1911,3.1971,3.1971,3.1961,3.1961,2
2026-06-09 06:31:00,3.1906,3.1911,3.1901,3.1911,3.1956,3.1961,3.1951,3.1961,4
2026-06-09 06:34:00,3.1906,3.1906,3.1891,3.1906,3.1956,3.1956,3.1941,3.1956,8
2026-06-09 06:35:00,3.1901,3.1911,3.1901,3.1906,3.1951,3.1961,3.1951,3.1956,4
2026-06-09 06:36:00,3.1901,3.1911,3.1901,3.1901,3.1951,3.1961,3.1951,3.1951,4
2026-06-09 06:37:00,3.1911,3.1911,3.1891,3.1901,3.1961,3.1961,3.1941,3.1951,7
2026-06-09 06:38:00,3.1896,3.1896,3.1871,3.1871,3.1946,3.1946,3.1921,3.1921,3
2026-06-09 06:39:00,3.1881,3.1881,3.1881,3.1881,3.1931,3.1931,3.1931,3.1931,1
2026-06-09 06:40:00,3.1891,3.1891,3.1891,3.1891,3.1941,3.1941,3.1941,3.1941,1
2026-06-09 06:41:00,3.1886,3.1891,3.1881,3.1891,3.1936,3.1941,3.1931,3.1941,4
2026-06-09 06:42:00,3.1886,3.1886,3.1861,3.1861,3.1936,3.1936,3.1911,3.1911,5
2026-06-09 06:43:00,3.1856,3.1861,3.1851,3.1861,3.1906,3.1911,3.1901,3.1911,3
2026-06-09 06:44:00,3.1866,3.1866,3.1861,3.1861,3.1916,3.1916,3.1911,3.1911,2
2026-06-09 06:47:00,3.1871,3.1871,3.1861,3.1871,3.1921,3.1921,3.1911,3.1921,4
2026-06-09 06:49:00,3.1866,3.1871,3.1866,3.1871,3.1916,3.1921,3.1916,3.1921,4
2026-06-09 06:50:00,3.1881,3.1881,3.1871,3.1871,3.1931,3.1931,3.1921,3.1921,3
2026-06-09 06:51:00,3.1881,3.1881,3.1881,3.1881,3.1931,3.1931,3.1931,3.1931,1
2026-06-09 06:53:00,3.1886,3.1886,3.1881,3.1881,3.1936,3.1936,3.1931,3.1931,2
2026-06-09 06:54:00,3.1871,3.1876,3.1871,3.1876,3.1921,3.1926,3.1921,3.1926,8
2026-06-09 06:55:00,3.1871,3.1876,3.1871,3.1871,3.1921,3.1926,3.1921,3.1921,17
2026-06-09 06:56:00,3.1876,3.1881,3.1876,3.1881,3.1926,3.1931,3.1926,3.1931,2
2026-06-09 06:57:00,3.1876,3.1876,3.1871,3.1871,3.1926,3.1926,3.1921,3.1921,2
2026-06-09 07:00:00,3.1861,3.1871,3.1861,3.1866,3.1911,3.1921,3.1911,3.1916,16
2026-06-09 07:01:00,3.1871,3.1871,3.1866,3.1871,3.1921,3.1921,3.1916,3.1921,3
2026-06-09 07:02:00,3.1861,3.1861,3.1861,3.1861,3.1911,3.1911,3.1911,3.1911,1
2026-06-09 07:03:00,3.1851,3.1861,3.1851,3.1861,3.1901,3.1911,3.1901,3.1911,2
2026-06-09 07:04:00,3.1871,3.1871,3.1861,3.1861,3.1921,3.1921,3.1911,3.1911,12
2026-06-09 07:06:00,3.1856,3.1856,3.1851,3.1851,3.1906,3.1906,3.1901,3.1901,2
2026-06-09 07:09:00,3.1861,3.1861,3.1861,3.1861,3.1911,3.1911,3.1911,3.1911,1
2026-06-09 07:11:00,3.1851,3.1851,3.1841,3.1851,3.1901,3.1901,3.1891,3.1901,5
2026-06-09 07:12:00,3.1841,3.1851,3.1841,3.1851,3.1891,3.1901,3.1891,3.1901,2
2026-06-09 07:13:00,3.1846,3.1851,3.1841,3.1851,3.1896,3.1901,3.1891,3.1901,5
2026-06-09 07:15:00,3.1846,3.1851,3.1846,3.1846,3.1896,3.1901,3.1896,3.1896,3
2026-06-09 07:16:00,3.1841,3.1841,3.1841,3.1841,3.1891,3.1891,3.1891,3.1891,1
2026-06-09 07:23:00,3.1831,3.1831,3.1831,3.1831,3.1881,3.1881,3.1881,3.1881,1
2026-06-09 07:24:00,3.1826,3.1831,3.1821,3.1831,3.1876,3.1881,3.1871,3.1881,5
2026-06-09 07:25:00,3.1826,3.1826,3.1826,3.1826,3.1876,3.1876,3.1876,3.1876,1
2026-06-09 07:26:00,3.1831,3.1831,3.1826,3.1826,3.1881,3.1881,3.1876,3.1876,2
2026-06-09 07:27:00,3.1821,3.1826,3.1821,3.1821,3.1871,3.1876,3.1871,3.1871,5
2026-06-09 07:28:00,3.1826,3.1831,3.1826,3.1831,3.1876,3.1881,3.1876,3.1881,2
2026-06-09 07:29:00,3.1826,3.1826,3.1826,3.1826,3.1876,3.1876,3.1876,3.1876,1
2026-06-09 07:30:00,3.1821,3.1821,3.1811,3.1821,3.1871,3.1871,3.1861,3.1871,5
2026-06-09 07:31:00,3.1831,3.1831,3.1826,3.1826,3.1881,3.1881,3.1876,3.1876,4
2026-06-09 07:32:00,3.1821,3.1826,3.1821,3.1826,3.1871,3.1876,3.1871,3.1876,4
2026-06-09 07:33:00,3.1821,3.1821,3.1821,3.1821,3.1871,3.1871,3.1871,3.1871,1
2026-06-09 07:35:00,3.1816,3.1821,3.1816,3.1821,3.1866,3.1871,3.1866,3.1871,4
2026-06-09 07:37:00,3.1816,3.1821,3.1816,3.1816,3.1866,3.1871,3.1866,3.1866,3
2026-06-09 07:38:00,3.1821,3.1821,3.1816,3.1816,3.1871,3.1871,3.1866,3.1866,4
2026-06-09 07:39:00,3.1821,3.1821,3.1816,3.1821,3.1871,3.1871,3.1866,3.1871,3
2026-06-09 07:40:00,3.1816,3.1821,3.1811,3.1821,3.1866,3.1871,3.1861,3.1871,8
2026-06-09 07:41:00,3.1816,3.1816,3.1811,3.1811,3.1866,3.1866,3.1861,3.1861,2
2026-06-09 07:43:00,3.1801,3.1801,3.1791,3.1791,3.1851,3.1851,3.1841,3.1841,5
2026-06-09 07:44:00,3.1801,3.1801,3.1761,3.1781,3.1851,3.1851,3.1811,3.1831,14
2026-06-09 07:45:00,3.1776,3.1791,3.1776,3.1786,3.1826,3.1841,3.1826,3.1836,8
2026-06-09 07:46:00,3.1791,3.1791,3.1781,3.1781,3.1841,3.1841,3.1831,3.1831,3
2026-06-09 07:48:00,3.1791,3.1791,3.1781,3.1781,3.1841,3.1841,3.1831,3.1831,5
2026-06-09 07:49:00,3.1786,3.1791,3.1781,3.1786,3.1836,3.1841,3.1831,3.1836,7
2026-06-09 07:50:00,3.1781,3.1781,3.1781,3.1781,3.1831,3.1831,3.1831,3.1831,1
2026-06-09 07:51:00,3.1791,3.1801,3.1791,3.1801,3.1841,3.1851,3.1841,3.1851,3
2026-06-09 07:53:00,3.1811,3.1811,3.1811,3.1811,3.1861,3.1861,3.1861,3.1861,1
2026-06-09 07:54:00,3.1816,3.1816,3.1811,3.1811,3.1866,3.1866,3.1861,3.1861,4
2026-06-09 07:55:00,3.1816,3.1896,3.1811,3.1871,3.1866,3.1946,3.1861,3.1921,21
2026-06-09 07:56:00,3.1861,3.1861,3.1856,3.1856,3.1911,3.1911,3.1906,3.1906,4
2026-06-09 07:57:00,3.1861,3.1861,3.1861,3.1861,3.1911,3.1911,3.1911,3.1911,1
2026-06-09 07:58:00,3.1866,3.1881,3.1866,3.1881,3.1916,3.1931,3.1916,3.1931,5
2026-06-09 07:59:00,3.1876,3.1881,3.1876,3.1876,3.1926,3.1931,3.1926,3.1926,5
2026-06-09 08:00:00,3.1881,3.1891,3.1841,3.1841,3.1931,3.1941,3.1891,3.1891,16
2026-06-09 08:01:00,3.1836,3.1836,3.1831,3.1831,3.1886,3.1886,3.1881,3.1881,2
2026-06-09 08:02:00,3.1826,3.1826,3.1821,3.1821,3.1876,3.1876,3.1871,3.1871,4
2026-06-09 08:03:00,3.1811,3.1821,3.1811,3.1811,3.1861,3.1871,3.1861,3.1861,8
2026-06-09 08:04:00,3.1801,3.1811,3.1801,3.1801,3.1851,3.1861,3.1851,3.1851,6
2026-06-09 08:05:00,3.1791,3.1811,3.1791,3.1806,3.1841,3.1861,3.1841,3.1856,11
2026-06-09 08:06:00,3.1801,3.1811,3.1801,3.1801,3.1851,3.1861,3.1851,3.1851,5
2026-06-09 08:07:00,3.1791,3.1801,3.1791,3.1801,3.1841,3.1851,3.1841,3.1851,6
2026-06-09 08:08:00,3.1811,3.1811,3.1806,3.1811,3.1861,3.1861,3.1856,3.1861,3
2026-06-09 08:09:00,3.1806,3.1806,3.1806,3.1806,3.1856,3.1856,3.1856,3.1856,1
2026-06-09 08:10:00,3.1801,3.1801,3.1801,3.1801,3.1851,3.1851,3.1851,3.1851,1
2026-06-09 08:11:00,3.1811,3.1811,3.1781,3.1781,3.1861,3.1861,3.1831,3.1831,6
2026-06-09 08:13:00,3.1771,3.1801,3.1751,3.1801,3.1821,3.1851,3.1801,3.1851,16
2026-06-09 08:15:00,3.1811,3.1811,3.1791,3.1791,3.1861,3.1861,3.1841,3.1841,5
2026-06-09 08:16:00,3.1781,3.1791,3.1771,3.1771,3.1831,3.1841,3.1821,3.1821,5
2026-06-09 08:17:00,3.1776,3.1776,3.1776,3.1776,3.1826,3.1826,3.1826,3.1826,1
2026-06-09 08:19:00,3.1771,3.1771,3.1756,3.1756,3.1821,3.1821,3.1806,3.1806,9
2026-06-09 08:20:00,3.1761,3.1761,3.1761,3.1761,3.1811,3.1811,3.1811,3.1811,1
2026-06-09 08:21:00,3.1751,3.1751,3.1721,3.1731,3.1801,3.1801,3.1771,3.1781,7
2026-06-09 08:22:00,3.1741,3.1741,3.1731,3.1731,3.1791,3.1791,3.1781,3.1781,2
2026-06-09 08:23:00,3.1721,3.1721,3.1721,3.1721,3.1771,3.1771,3.1771,3.1771,1
2026-06-09 08:25:00,3.1731,3.1731,3.1711,3.1726,3.1781,3.1781,3.1761,3.1776,18
2026-06-09 08:26:00,3.1731,3.1736,3.1731,3.1731,3.1781,3.1786,3.1781,3.1781,3
2026-06-09 08:30:00,3.1736,3.1781,3.1736,3.1761,3.1786,3.1831,3.1786,3.1811,15
2026-06-09 08:31:00,3.1771,3.1771,3.1761,3.1771,3.1821,3.1821,3.1811,3.1821,8
2026-06-09 08:32:00,3.1781,3.1791,3.1781,3.1791,3.1831,3.1841,3.1831,3.1841,5
2026-06-09 08:33:00,3.1781,3.1781,3.1781,3.1781,3.1831,3.1831,3.1831,3.1831,1
2026-06-09 08:34:00,3.1771,3.1771,3.1771,3.1771,3.1821,3.1821,3.1821,3.1821,1
2026-06-09 08:35:00,3.1766,3.1766,3.1751,3.1761,3.1816,3.1816,3.1801,3.1811,5
2026-06-09 08:37:00,3.1756,3.1761,3.1756,3.1761,3.1806,3.1811,3.1806,3.1811,4
2026-06-09 08:39:00,3.1751,3.1761,3.1751,3.1756,3.1801,3.1811,3.1801,3.1806,3
2026-06-09 08:40:00,3.1751,3.1751,3.1746,3.1746,3.1801,3.1801,3.1796,3.1796,4
2026-06-09 08:41:00,3.1741,3.1741,3.1721,3.1726,3.1791,3.1791,3.1771,3.1776,5
2026-06-09 08:42:00,3.1721,3.1731,3.1721,3.1726,3.1771,3.1781,3.1771,3.1776,7
2026-06-09 08:43:00,3.1731,3.1741,3.1726,3.1731,3.1781,3.1791,3.1776,3.1781,7
2026-06-09 08:44:00,3.1726,3.1731,3.1721,3.1731,3.1776,3.1781,3.1771,3.1781,4
2026-06-09 08:45:00,3.1741,3.1741,3.1721,3.1731,3.1791,3.1791,3.1771,3.1781,10
2026-06-09 08:46:00,3.1726,3.1741,3.1721,3.1721,3.1776,3.1791,3.1771,3.1771,16
2026-06-09 08:47:00,3.1731,3.1751,3.1731,3.1751,3.1781,3.1801,3.1781,3.1801,8
2026-06-09 08:48:00,3.1756,3.1761,3.1751,3.1751,3.1806,3.1811,3.1801,3.1801,5
2026-06-09 08:51:00,3.1756,3.1761,3.1751,3.1761,3.1806,3.1811,3.1801,3.1811,3
2026-06-09 08:52:00,3.1771,3.1781,3.1771,3.1781,3.1821,3.1831,3.1821,3.1831,2
2026-06-09 08:53:00,3.1791,3.1791,3.1781,3.1791,3.1841,3.1841,3.1831,3.1841,3
2026-06-09 08:54:00,3.1801,3.1831,3.1791,3.1791,3.1851,3.1881,3.1841,3.1841,16
2026-06-09 08:55:00,3.1796,3.1821,3.1791,3.1821,3.1846,3.1871,3.1841,3.1871,10
2026-06-09 08:56:00,3.1816,3.1861,3.1811,3.1861,3.1866,3.1911,3.1861,3.1911,13
2026-06-09 08:57:00,3.1856,3.1881,3.1856,3.1871,3.1906,3.1931,3.1906,3.1921,10
2026-06-09 08:58:00,3.1876,3.1876,3.1871,3.1871,3.1926,3.1926,3.1921,3.1921,2
2026-06-09 08:59:00,3.1881,3.1881,3.1871,3.1881,3.1931,3.1931,3.1921,3.1931,3
2026-06-09 09:00:00,3.1871,3.1921,3.1871,3.1901,3.1921,3.1971,3.1921,3.1951,18
2026-06-09 09:01:00,3.1911,3.1911,3.1891,3.1901,3.1961,3.1961,3.1941,3.1951,11
2026-06-09 09:02:00,3.1911,3.1971,3.1911,3.1941,3.1961,3.2021,3.1961,3.1991,23
2026-06-09 09:03:00,3.1931,3.1931,3.1901,3.1911,3.1981,3.1981,3.1951,3.1961,8
2026-06-09 09:04:00,3.1901,3.1921,3.1891,3.1891,3.1951,3.1971,3.1941,3.1941,10
2026-06-09 09:05:00,3.1901,3.1971,3.1901,3.1961,3.1951,3.2021,3.1951,3.2011,20
2026-06-09 09:06:00,3.1971,3.1991,3.1961,3.1981,3.2021,3.2041,3.2011,3.2031,23
2026-06-09 09:07:00,3.1971,3.2011,3.1961,3.2011,3.2021,3.2061,3.2011,3.2061,26
2026-06-09 09:08:00,3.2021,3.2031,3.2011,3.2021,3.2071,3.2081,3.2061,3.2071,21
2026-06-09 09:09:00,3.2011,3.2031,3.2011,3.2021,3.2061,3.2081,3.2061,3.2071,5
2026-06-09 09:10:00,3.2031,3.2051,3.2011,3.2011,3.2081,3.2101,3.2061,3.2061,13
2026-06-09 09:11:00,3.2021,3.2021,3.2001,3.2001,3.2071,3.2071,3.2051,3.2051,12
2026-06-09 09:12:00,3.1991,3.2036,3.1991,3.2031,3.2041,3.2086,3.2041,3.2081,25
2026-06-09 09:13:00,3.2041,3.2051,3.2031,3.2041,3.2091,3.2101,3.2081,3.2091,10
2026-06-09 09:14:00,3.2031,3.2031,3.2021,3.2021,3.2081,3.2081,3.2071,3.2071,4
2026-06-09 09:15:00,3.2031,3.2051,3.2021,3.2041,3.2081,3.2101,3.2071,3.2091,25
2026-06-09 09:16:00,3.2046,3.2046,3.2021,3.2021,3.2096,3.2096,3.2071,3.2071,12
2026-06-09 09:17:00,3.2011,3.2021,3.2001,3.2001,3.2061,3.2071,3.2051,3.2051,7
2026-06-09 09:18:00,3.2011,3.2011,3.1991,3.2001,3.2061,3.2061,3.2041,3.2051,29
2026-06-09 09:19:00,3.2006,3.2006,3.2001,3.2001,3.2056,3.2056,3.2051,3.2051,2
2026-06-09 09:20:00,3.1996,3.2001,3.1991,3.2001,3.2046,3.2051,3.2041,3.2051,6
2026-06-09 09:21:00,3.1991,3.1991,3.1971,3.1981,3.2041,3.2041,3.2021,3.2031,9
2026-06-09 09:22:00,3.1971,3.1981,3.1961,3.1961,3.2021,3.2031,3.2011,3.2011,6
2026-06-09 09:23:00,3.1951,3.2001,3.1951,3.2001,3.2001,3.2051,3.2001,3.2051,17
2026-06-09 09:24:00,3.2011,3.2011,3.2001,3.2001,3.2061,3.2061,3.2051,3.2051,11
2026-06-09 09:25:00,3.2011,3.2031,3.1981,3.1991,3.2061,3.2081,3.2031,3.2041,20
2026-06-09 09:26:00,3.2001,3.2021,3.1991,3.2016,3.2051,3.2071,3.2041,3.2066,14
2026-06-09 09:27:00,3.2021,3.2021,3.2011,3.2021,3.2071,3.2071,3.2061,3.2071,18
2026-06-09 09:28:00,3.2011,3.2021,3.2001,3.2011,3.2061,3.2071,3.2051,3.2061,12
2026-06-09 09:29:00,3.2001,3.2016,3.2001,3.2011,3.2051,3.2066,3.2051,3.2061,11
2026-06-09 09:30:00,3.2016,3.2021,3.1991,3.1991,3.2066,3.2071,3.2041,3.2041,18
2026-06-09 09:31:00,3.1981,3.1981,3.1961,3.1961,3.2031,3.2031,3.2011,3.2011,8
2026-06-09 09:32:00,3.1971,3.2011,3.1971,3.2011,3.2021,3.2061,3.2021,3.2061,5
2026-06-09 09:33:00,3.2016,3.2041,3.2016,3.2031,3.2066,3.2091,3.2066,3.2081,5
2026-06-09 09:34:00,3.2041,3.2061,3.2021,3.2021,3.2091,3.2111,3.2071,3.2071,17
2026-06-09 09:35:00,3.2031,3.2041,3.2031,3.2041,3.2081,3.2091,3.2081,3.2091,5
2026-06-09 09:36:00,3.2031,3.2081,3.2031,3.2081,3.2081,3.2131,3.2081,3.2131,15
2026-06-09 09:37:00,3.2091,3.2101,3.2071,3.2071,3.2141,3.2151,3.2121,3.2121,5
2026-06-09 09:38:00,3.2081,3.2081,3.2061,3.2071,3.2131,3.2131,3.2111,3.2121,11
2026-06-09 09:39:00,3.2081,3.2101,3.2071,3.2091,3.2131,3.2151,3.2121,3.2141,20
2026-06-09 09:40:00,3.2081,3.2081,3.2061,3.2071,3.2131,3.2131,3.2111,3.2121,13
2026-06-09 09:41:00,3.2061,3.2071,3.2061,3.2061,3.2111,3.2121,3.2111,3.2111,18
2026-06-09 09:42:00,3.2071,3.2071,3.2061,3.2061,3.2121,3.2121,3.2111,3.2111,7
2026-06-09 09:44:00,3.2051,3.2071,3.2051,3.2071,3.2101,3.2121,3.2101,3.2121,5
2026-06-09 09:45:00,3.2061,3.2071,3.2041,3.2041,3.2111,3.2121,3.2091,3.2091,11
2026-06-09 09:46:00,3.2031,3.2051,3.2021,3.2031,3.2081,3.2101,3.2071,3.2081,21
2026-06-09 09:47:00,3.2036,3.2051,3.2021,3.2041,3.2086,3.2101,3.2071,3.2091,9
2026-06-09 09:48:00,3.2046,3.2051,3.2041,3.2041,3.2096,3.2101,3.2091,3.2091,5
2026-06-09 09:49:00,3.2051,3.2081,3.2051,3.2081,3.2101,3.2131,3.2101,3.2131,9
2026-06-09 09:50:00,3.2086,3.2091,3.2071,3.2081,3.2136,3.2141,3.2121,3.2131,11
2026-06-09 09:51:00,3.2091,3.2131,3.2091,3.2131,3.2141,3.2181,3.2141,3.2181,16
2026-06-09 09:52:00,3.2121,3.2121,3.2091,3.2111,3.2171,3.2171,3.2141,3.2161,15
2026-06-09 09:53:00,3.2101,3.2121,3.2101,3.2111,3.2151,3.2171,3.2151,3.2161,15
2026-06-09 09:54:00,3.2121,3.2131,3.2111,3.2121,3.2171,3.2181,3.2161,3.2171,13
2026-06-09 09:55:00,3.2131,3.2131,3.2091,3.2111,3.2181,3.2181,3.2141,3.2161,8
2026-06-09 09:56:00,3.2121,3.2131,3.2121,3.2121,3.2171,3.2181,3.2171,3.2171,3
2026-06-09 09:57:00,3.2126,3.2141,3.2126,3.2141,3.2176,3.2191,3.2176,3.2191,4
2026-06-09 09:58:00,3.2151,3.2151,3.2131,3.2141,3.2201,3.2201,3.2181,3.2191,15
2026-06-09 09:59:00,3.2131,3.2141,3.2131,3.2141,3.2181,3.2191,3.2181,3.2191,4
2026-06-09 10:00:00,3.2146,3.2261,3.2141,3.2261,3.2196,3.2311,3.2191,3.2311,62
2026-06-09 10:01:00,3.2266,3.2281,3.2201,3.2201,3.2316,3.2331,3.2251,3.2251,47
2026-06-09 10:02:00,3.2196,3.2221,3.2191,3.2201,3.2246,3.2271,3.2241,3.2251,16
2026-06-09 10:03:00,3.2211,3.2241,3.2206,3.2211,3.2261,3.2291,3.2256,3.2261,20
2026-06-09 10:04:00,3.2221,3.2231,3.2211,3.2231,3.2271,3.2281,3.2261,3.2281,4
2026-06-09 10:05:00,3.2236,3.2331,3.2236,3.2321,3.2286,3.2381,3.2286,3.2371,38
2026-06-09 10:06:00,3.2311,3.2321,3.2231,3.2241,3.2361,3.2371,3.2281,3.2291,25
2026-06-09 10:07:00,3.2251,3.2251,3.2221,3.2231,3.2301,3.2301,3.2271,3.2281,13
2026-06-09 10:08:00,3.2241,3.2241,3.2241,3.2241,3.2291,3.2291,3.2291,3.2291,1
2026-06-09 10:09:00,3.2231,3.2291,3.2231,3.2271,3.2281,3.2341,3.2281,3.2321,18
2026-06-09 10:10:00,3.2261,3.2261,3.2221,3.2241,3.2311,3.2311,3.2271,3.2291,17
2026-06-09 10:11:00,3.2231,3.2231,3.2231,3.2231,3.2281,3.2281,3.2281,3.2281,1
2026-06-09 10:12:00,3.2226,3.2231,3.2221,3.2221,3.2276,3.2281,3.2271,3.2271,7
2026-06-09 10:13:00,3.2231,3.2231,3.2211,3.2211,3.2281,3.2281,3.2261,3.2261,3
2026-06-09 10:14:00,3.2221,3.2221,3.2211,3.2221,3.2271,3.2271,3.2261,3.2271,5
2026-06-09 10:15:00,3.2231,3.2231,3.2211,3.2211,3.2281,3.2281,3.2261,3.2261,3
2026-06-09 10:16:00,3.2206,3.2211,3.2201,3.2201,3.2256,3.2261,3.2251,3.2251,7
2026-06-09 10:17:00,3.2191,3.2201,3.2161,3.2161,3.2241,3.2251,3.2211,3.2211,21
2026-06-09 10:18:00,3.2166,3.2166,3.2141,3.2151,3.2216,3.2216,3.2191,3.2201,6
2026-06-09 10:19:00,3.2141,3.2151,3.2131,3.2141,3.2191,3.2201,3.2181,3.2191,7
2026-06-09 10:20:00,3.2131,3.2131,3.2121,3.2131,3.2181,3.2181,3.2171,3.2181,6
2026-06-09 10:21:00,3.2141,3.2171,3.2141,3.2171,3.2191,3.2221,3.2191,3.2221,15
2026-06-09 10:22:00,3.2176,3.2181,3.2171,3.2171,3.2226,3.2231,3.2221,3.2221,12
2026-06-09 10:23:00,3.2161,3.2161,3.2156,3.2161,3.2211,3.2211,3.2206,3.2211,3
2026-06-09 10:24:00,3.2171,3.2181,3.2151,3.2181,3.2221,3.2231,3.2201,3.2231,14
2026-06-09 10:25:00,3.2171,3.2171,3.2141,3.2141,3.2221,3.2221,3.2191,3.2191,12
2026-06-09 10:26:00,3.2136,3.2151,3.2131,3.2131,3.2186,3.2201,3.2181,3.2181,9
2026-06-09 10:27:00,3.2141,3.2141,3.2131,3.2131,3.2191,3.2191,3.2181,3.2181,7
2026-06-09 10:28:00,3.2141,3.2151,3.2121,3.2121,3.2191,3.2201,3.2171,3.2171,12
2026-06-09 10:29:00,3.2111,3.2121,3.2111,3.2121,3.2161,3.2171,3.2161,3.2171,11
2026-06-09 10:30:00,3.2116,3.2121,3.2111,3.2111,3.2166,3.2171,3.2161,3.2161,14
2026-06-09 10:31:00,3.2121,3.2121,3.2121,3.2121,3.2171,3.2171,3.2171,3.2171,1
2026-06-09 10:32:00,3.2111,3.2121,3.2111,3.2111,3.2161,3.2171,3.2161,3.2161,5
2026-06-09 10:33:00,3.2121,3.2131,3.2111,3.2121,3.2171,3.2181,3.2161,3.2171,6
2026-06-09 10:34:00,3.2111,3.2121,3.2111,3.2121,3.2161,3.2171,3.2161,3.2171,5
2026-06-09 10:35:00,3.2116,3.2121,3.2071,3.2081,3.2166,3.2171,3.2121,3.2131,13
2026-06-09 10:36:00,3.2071,3.2151,3.2071,3.2121,3.2121,3.2201,3.2121,3.2171,20
2026-06-09 10:37:00,3.2116,3.2121,3.2111,3.2121,3.2166,3.2171,3.2161,3.2171,13
2026-06-09 10:38:00,3.2116,3.2116,3.2081,3.2091,3.2166,3.2166,3.2131,3.2141,7
2026-06-09 10:39:00,3.2081,3.2091,3.2081,3.2081,3.2131,3.2141,3.2131,3.2131,5
2026-06-09 10:40:00,3.2076,3.2091,3.2071,3.2091,3.2126,3.2141,3.2121,3.2141,7
2026-06-09 10:41:00,3.2101,3.2111,3.2101,3.2111,3.2151,3.2161,3.2151,3.2161,2
2026-06-09 10:42:00,3.2101,3.2121,3.2101,3.2121,3.2151,3.2171,3.2151,3.2171,17
2026-06-09 10:43:00,3.2111,3.2121,3.2111,3.2121,3.2161,3.2171,3.2161,3.2171,2
2026-06-09 10:44:00,3.2111,3.2116,3.2101,3.2111,3.2161,3.2166,3.2151,3.2161,16
2026-06-09 10:45:00,3.2101,3.2121,3.2101,3.2121,3.2151,3.2171,3.2151,3.2171,7
2026-06-09 10:46:00,3.2126,3.2131,3.2126,3.2131,3.2176,3.2181,3.2176,3.2181,2
2026-06-09 10:47:00,3.2141,3.2141,3.2121,3.2131,3.2191,3.2191,3.2171,3.2181,8
2026-06-09 10:48:00,3.2121,3.2131,3.2121,3.2131,3.2171,3.2181,3.2171,3.2181,7
2026-06-09 10:50:00,3.2141,3.2141,3.2121,3.2131,3.2191,3.2191,3.2171,3.2181,12
2026-06-09 10:51:00,3.2121,3.2121,3.2101,3.2101,3.2171,3.2171,3.2151,3.2151,4
2026-06-09 10:52:00,3.2091,3.2101,3.2091,3.2101,3.2141,3.2151,3.2141,3.2151,3
2026-06-09 10:53:00,3.2111,3.2111,3.2101,3.2111,3.2161,3.2161,3.2151,3.2161,3
2026-06-09 10:54:00,3.2101,3.2101,3.2091,3.2101,3.2151,3.2151,3.2141,3.2151,3
2026-06-09 10:56:00,3.2096,3.2101,3.2081,3.2081,3.2146,3.2151,3.2131,3.2131,9
2026-06-09 10:57:00,3.2091,3.2091,3.2081,3.2081,3.2141,3.2141,3.2131,3.2131,7
2026-06-09 10:58:00,3.2071,3.2081,3.2071,3.2081,3.2121,3.2131,3.2121,3.2131,2
2026-06-09 11:00:00,3.2091,3.2111,3.2041,3.2071,3.2141,3.2161,3.2091,3.2121,21
2026-06-09 11:01:00,3.2081,3.2081,3.2061,3.2061,3.2131,3.2131,3.2111,3.2111,3
2026-06-09 11:02:00,3.2056,3.2061,3.2051,3.2056,3.2106,3.2111,3.2101,3.2106,10
2026-06-09 11:03:00,3.2061,3.2061,3.2041,3.2061,3.2111,3.2111,3.2091,3.2111,14
2026-06-09 11:04:00,3.2071,3.2071,3.2051,3.2051,3.2121,3.2121,3.2101,3.2101,4
2026-06-09 11:05:00,3.2046,3.2051,3.2021,3.2031,3.2096,3.2101,3.2071,3.2081,28
2026-06-09 11:06:00,3.2041,3.2041,3.2011,3.2011,3.2091,3.2091,3.2061,3.2061,4
2026-06-09 11:07:00,3.2001,3.2011,3.1991,3.2011,3.2051,3.2061,3.2041,3.2061,4
2026-06-09 11:08:00,3.2021,3.2021,3.2021,3.2021,3.2071,3.2071,3.2071,3.2071,1
2026-06-09 11:09:00,3.2016,3.2016,3.2011,3.2011,3.2066,3.2066,3.2061,3.2061,2
2026-06-09 11:10:00,3.2001,3.2006,3.1981,3.2001,3.2051,3.2056,3.2031,3.2051,8
2026-06-09 11:11:00,3.2011,3.2021,3.2011,3.2021,3.2061,3.2071,3.2061,3.2071,7
2026-06-09 11:12:00,3.2011,3.2021,3.2006,3.2006,3.2061,3.2071,3.2056,3.2056,24
2026-06-09 11:13:00,3.2011,3.2021,3.2011,3.2021,3.2061,3.2071,3.2061,3.2071,3
2026-06-09 11:14:00,3.2031,3.2031,3.2011,3.2021,3.2081,3.2081,3.2061,3.2071,8
2026-06-09 11:15:00,3.2011,3.2051,3.2011,3.2041,3.2061,3.2101,3.2061,3.2091,10
2026-06-09 11:16:00,3.2031,3.2061,3.2021,3.2041,3.2081,3.2111,3.2071,3.2091,12
2026-06-09 11:17:00,3.2051,3.2051,3.2041,3.2041,3.2101,3.2101,3.2091,3.2091,11
2026-06-09 11:19:00,3.2031,3.2041,3.2001,3.2001,3.2081,3.2091,3.2051,3.2051,11
2026-06-09 11:20:00,3.2011,3.2011,3.1991,3.1991,3.2061,3.2061,3.2041,3.2041,3
2026-06-09 11:21:00,3.1981,3.1981,3.1981,3.1981,3.2031,3.2031,3.2031,3.2031,1
2026-06-09 11:22:00,3.1976,3.1991,3.1971,3.1981,3.2026,3.2041,3.2021,3.2031,25
2026-06-09 11:23:00,3.1986,3.1986,3.1981,3.1981,3.2036,3.2036,3.2031,3.2031,2
2026-06-09 11:24:00,3.1971,3.1971,3.1971,3.1971,3.2021,3.2021,3.2021,3.2021,1
2026-06-09 11:25:00,3.1981,3.1991,3.1981,3.1991,3.2031,3.2041,3.2031,3.2041,7
2026-06-09 11:26:00,3.1981,3.1986,3.1971,3.1971,3.2031,3.2036,3.2021,3.2021,4
2026-06-09 11:27:00,3.1961,3.1971,3.1961,3.1971,3.2011,3.2021,3.2011,3.2021,8
2026-06-09 11:28:00,3.1966,3.1981,3.1966,3.1981,3.2016,3.2031,3.2016,3.2031,3
2026-06-09 11:29:00,3.1971,3.1971,3.1971,3.1971,3.2021,3.2021,3.2021,3.2021,1
2026-06-09 11:31:00,3.1966,3.1966,3.1961,3.1961,3.2016,3.2016,3.2011,3.2011,4
2026-06-09 11:33:00,3.1951,3.1981,3.1951,3.1981,3.2001,3.2031,3.2001,3.2031,13
2026-06-09 11:34:00,3.1971,3.1971,3.1941,3.1951,3.2021,3.2021,3.1991,3.2001,7
2026-06-09 11:35:00,3.1961,3.1961,3.1951,3.1951,3.2011,3.2011,3.2001,3.2001,3
2026-06-09 11:36:00,3.1961,3.1971,3.1961,3.1971,3.2011,3.2021,3.2011,3.2021,2
2026-06-09 11:37:00,3.1961,3.1961,3.1961,3.1961,3.2011,3.2011,3.2011,3.2011,1
2026-06-09 11:38:00,3.1971,3.1981,3.1971,3.1981,3.2021,3.2031,3.2021,3.2031,2
2026-06-09 11:39:00,3.1991,3.2061,3.1991,3.2041,3.2041,3.2111,3.2041,3.2091,16
2026-06-09 11:40:00,3.2031,3.2041,3.2011,3.2041,3.2081,3.2091,3.2061,3.2091,7
2026-06-09 11:41:00,3.2031,3.2041,3.2031,3.2041,3.2081,3.2091,3.2081,3.2091,6
2026-06-09 11:42:00,3.2036,3.2071,3.2036,3.2041,3.2086,3.2121,3.2086,3.2091,14
2026-06-09 11:43:00,3.2051,3.2051,3.2041,3.2041,3.2101,3.2101,3.2091,3.2091,4
2026-06-09 11:44:00,3.2036,3.2041,3.2031,3.2036,3.2086,3.2091,3.2081,3.2086,8
2026-06-09 11:45:00,3.2041,3.2041,3.2011,3.2031,3.2091,3.2091,3.2061,3.2081,15
2026-06-09 11:46:00,3.2046,3.2071,3.2046,3.2071,3.2096,3.2121,3.2096,3.2121,17
2026-06-09 11:47:00,3.2061,3.2061,3.2051,3.2061,3.2111,3.2111,3.2101,3.2111,3
2026-06-09 11:48:00,3.2056,3.2061,3.2056,3.2061,3.2106,3.2111,3.2106,3.2111,2
2026-06-09 11:50:00,3.2051,3.2111,3.2051,3.2101,3.2101,3.2161,3.2101,3.2151,16
2026-06-09 11:51:00,3.2091,3.2101,3.2091,3.2101,3.2141,3.2151,3.2141,3.2151,5
2026-06-09 11:52:00,3.2091,3.2101,3.2091,3.2101,3.2141,3.2151,3.2141,3.2151,10
2026-06-09 11:53:00,3.2096,3.2101,3.2091,3.2091,3.2146,3.2151,3.2141,3.2141,10
2026-06-09 11:54:00,3.2101,3.2101,3.2091,3.2101,3.2151,3.2151,3.2141,3.2151,5
2026-06-09 11:55:00,3.2096,3.2096,3.2091,3.2091,3.2146,3.2146,3.2141,3.2141,2
2026-06-09 11:56:00,3.2086,3.2091,3.2061,3.2081,3.2136,3.2141,3.2111,3.2131,12
2026-06-09 11:58:00,3.2071,3.2111,3.2071,3.2111,3.2121,3.2161,3.2121,3.2161,11
2026-06-09 11:59:00,3.2121,3.2161,3.2111,3.2141,3.2171,3.2211,3.2161,3.2191,33
2026-06-09 12:00:00,3.2136,3.2141,3.2131,3.2131,3.2186,3.2191,3.2181,3.2181,4
2026-06-09 12:01:00,3.2121,3.2136,3.2101,3.2111,3.2171,3.2186,3.2151,3.2161,11
2026-06-09 12:02:00,3.2121,3.2121,3.2101,3.2101,3.2171,3.2171,3.2151,3.2151,6
2026-06-09 12:03:00,3.2111,3.2111,3.2111,3.2111,3.2161,3.2161,3.2161,3.2161,1
2026-06-09 12:04:00,3.2101,3.2101,3.2101,3.2101,3.2151,3.2151,3.2151,3.2151,1
2026-06-09 12:05:00,3.2096,3.2101,3.2086,3.2091,3.2146,3.2151,3.2136,3.2141,6
2026-06-09 12:06:00,3.2101,3.2131,3.2101,3.2131,3.2151,3.2181,3.2151,3.2181,19
2026-06-09 12:07:00,3.2126,3.2131,3.2111,3.2111,3.2176,3.2181,3.2161,3.2161,10
2026-06-09 12:09:00,3.2101,3.2101,3.2091,3.2091,3.2151,3.2151,3.2141,3.2141,3
2026-06-09 12:10:00,3.2081,3.2091,3.2071,3.2081,3.2131,3.2141,3.2121,3.2131,7
2026-06-09 12:11:00,3.2091,3.2091,3.2081,3.2081,3.2141,3.2141,3.2131,3.2131,2
2026-06-09 12:12:00,3.2071,3.2071,3.2071,3.2071,3.2121,3.2121,3.2121,3.2121,1
2026-06-09 12:13:00,3.2061,3.2061,3.2041,3.2041,3.2111,3.2111,3.2091,3.2091,6
2026-06-09 12:14:00,3.2051,3.2051,3.2041,3.2041,3.2101,3.2101,3.2091,3.2091,2
2026-06-09 12:15:00,3.2036,3.2036,3.2031,3.2031,3.2086,3.2086,3.2081,3.2081,2
2026-06-09 12:16:00,3.2041,3.2041,3.2031,3.2041,3.2091,3.2091,3.2081,3.2091,7
2026-06-09 12:17:00,3.2051,3.2076,3.2051,3.2071,3.2101,3.2126,3.2101,3.2121,12
2026-06-09 12:18:00,3.2076,3.2081,3.2071,3.2081,3.2126,3.2131,3.2121,3.2131,6
2026-06-09 12:19:00,3.2071,3.2081,3.2071,3.2081,3.2121,3.2131,3.2121,3.2131,3
2026-06-09 12:20:00,3.2086,3.2121,3.2086,3.2091,3.2136,3.2171,3.2136,3.2141,14
2026-06-09 12:21:00,3.2081,3.2081,3.2071,3.2071,3.2131,3.2131,3.2121,3.2121,5
2026-06-09 12:23:00,3.2061,3.2071,3.2061,3.2071,3.2111,3.2121,3.2111,3.2121,7
2026-06-09 12:24:00,3.2066,3.2081,3.2066,3.2081,3.2116,3.2131,3.2116,3.2131,3
2026-06-09 12:25:00,3.2091,3.2101,3.2081,3.2091,3.2141,3.2151,3.2131,3.2141,7
2026-06-09 12:26:00,3.2081,3.2091,3.2081,3.2081,3.2131,3.2141,3.2131,3.2131,4
2026-06-09 12:28:00,3.2091,3.2091,3.2081,3.2081,3.2141,3.2141,3.2131,3.2131,2
2026-06-09 12:30:00,3.2071,3.2071,3.2061,3.2071,3.2121,3.2121,3.2111,3.2121,3
2026-06-09 12:31:00,3.2066,3.2066,3.2061,3.2061,3.2116,3.2116,3.2111,3.2111,2
2026-06-09 12:32:00,3.2051,3.2091,3.2051,3.2081,3.2101,3.2141,3.2101,3.2131,6
2026-06-09 12:34:00,3.2076,3.2081,3.2076,3.2081,3.2126,3.2131,3.2126,3.2131,2
2026-06-09 12:35:00,3.2091,3.2091,3.2081,3.2091,3.2141,3.2141,3.2131,3.2141,3
2026-06-09 12:36:00,3.2081,3.2091,3.2071,3.2081,3.2131,3.2141,3.2121,3.2131,7
2026-06-09 12:38:00,3.2071,3.2071,3.2071,3.2071,3.2121,3.2121,3.2121,3.2121,1
2026-06-09 12:39:00,3.2066,3.2086,3.2021,3.2031,3.2116,3.2136,3.2071,3.2081,19
2026-06-09 12:40:00,3.2041,3.2051,3.2031,3.2031,3.2091,3.2101,3.2081,3.2081,10
2026-06-09 12:41:00,3.2041,3.2041,3.2041,3.2041,3.2091,3.2091,3.2091,3.2091,1
2026-06-09 12:42:00,3.2051,3.2051,3.2021,3.2021,3.2101,3.2101,3.2071,3.2071,10
2026-06-09 12:44:00,3.2011,3.2011,3.2001,3.2001,3.2061,3.2061,3.2051,3.2051,2
2026-06-09 12:45:00,3.2011,3.2031,3.2001,3.2001,3.2061,3.2081,3.2051,3.2051,6
2026-06-09 12:47:00,3.1991,3.2021,3.1991,3.2021,3.2041,3.2071,3.2041,3.2071,10
2026-06-09 12:48:00,3.2026,3.2031,3.2021,3.2026,3.2076,3.2081,3.2071,3.2076,5
2026-06-09 12:49:00,3.2021,3.2061,3.2016,3.2051,3.2071,3.2111,3.2066,3.2101,17
2026-06-09 12:50:00,3.2041,3.2051,3.2021,3.2031,3.2091,3.2101,3.2071,3.2081,10
2026-06-09 12:51:00,3.2041,3.2041,3.2021,3.2021,3.2091,3.2091,3.2071,3.2071,5
2026-06-09 12:52:00,3.2031,3.2031,3.2021,3.2031,3.2081,3.2081,3.2071,3.2081,8
2026-06-09 12:53:00,3.2041,3.2041,3.2031,3.2031,3.2091,3.2091,3.2081,3.2081,2
2026-06-09 12:54:00,3.2036,3.2041,3.1971,3.1981,3.2086,3.2091,3.2021,3.2031,36
2026-06-09 12:55:00,3.1976,3.2011,3.1971,3.1991,3.2026,3.2061,3.2021,3.2041,14
2026-06-09 12:56:00,3.1996,3.2021,3.1991,3.2021,3.2046,3.2071,3.2041,3.2071,15
2026-06-09 12:57:00,3.2011,3.2011,3.1991,3.2001,3.2061,3.2061,3.2041,3.2051,7
2026-06-09 12:58:00,3.1996,3.2001,3.1971,3.1981,3.2046,3.2051,3.2021,3.2031,8
2026-06-09 13:00:00,3.1991,3.2031,3.1991,3.2001,3.2041,3.2081,3.2041,3.2051,26
2026-06-09 13:02:00,3.1991,3.1991,3.1971,3.1981,3.2041,3.2041,3.2021,3.2031,17
2026-06-09 13:03:00,3.1991,3.2011,3.1991,3.2011,3.2041,3.2061,3.2041,3.2061,9
2026-06-09 13:04:00,3.2001,3.2021,3.1991,3.1991,3.2051,3.2071,3.2041,3.2041,10
2026-06-09 13:05:00,3.1981,3.2001,3.1981,3.2001,3.2031,3.2051,3.2031,3.2051,4
2026-06-09 13:06:00,3.2011,3.2031,3.2001,3.2011,3.2061,3.2081,3.2051,3.2061,9
2026-06-09 13:07:00,3.2001,3.2001,3.1991,3.2001,3.2051,3.2051,3.2041,3.2051,3
2026-06-09 13:09:00,3.2006,3.2041,3.2001,3.2041,3.2056,3.2091,3.2051,3.2091,9
2026-06-09 13:10:00,3.2031,3.2041,3.2031,3.2031,3.2081,3.2091,3.2081,3.2081,4
2026-06-09 13:13:00,3.2021,3.2081,3.2021,3.2081,3.2071,3.2131,3.2071,3.2131,16
2026-06-09 13:14:00,3.2076,3.2076,3.2061,3.2071,3.2126,3.2126,3.2111,3.2121,4
2026-06-09 13:15:00,3.2066,3.2081,3.2061,3.2071,3.2116,3.2131,3.2111,3.2121,14
2026-06-09 13:16:00,3.2061,3.2061,3.2031,3.2031,3.2111,3.2111,3.2081,3.2081,17
2026-06-09 13:18:00,3.2041,3.2051,3.2041,3.2051,3.2091,3.2101,3.2091,3.2101,9
2026-06-09 13:19:00,3.2056,3.2061,3.2046,3.2051,3.2106,3.2111,3.2096,3.2101,7
2026-06-09 13:20:00,3.2046,3.2046,3.2021,3.2031,3.2096,3.2096,3.2071,3.2081,11
2026-06-09 13:21:00,3.2021,3.2031,3.2021,3.2021,3.2071,3.2081,3.2071,3.2071,5
2026-06-09 13:22:00,3.2016,3.2016,3.1971,3.2001,3.2066,3.2066,3.2021,3.2051,17
2026-06-09 13:23:00,3.2006,3.2021,3.2006,3.2011,3.2056,3.2071,3.2056,3.2061,4
2026-06-09 13:24:00,3.2001,3.2021,3.2001,3.2011,3.2051,3.2071,3.2051,3.2061,10
2026-06-09 13:25:00,3.2001,3.2001,3.1981,3.1991,3.2051,3.2051,3.2031,3.2041,9
2026-06-09 13:26:00,3.2001,3.2041,3.2001,3.2031,3.2051,3.2091,3.2051,3.2081,6
2026-06-09 13:27:00,3.2036,3.2041,3.2006,3.2021,3.2086,3.2091,3.2056,3.2071,10
2026-06-09 13:28:00,3.2031,3.2061,3.2031,3.2061,3.2081,3.2111,3.2081,3.2111,14
2026-06-09 13:29:00,3.2071,3.2081,3.2061,3.2081,3.2121,3.2131,3.2111,3.2131,7
2026-06-09 13:30:00,3.2071,3.2081,3.2021,3.2051,3.2121,3.2131,3.2071,3.2101,16
2026-06-09 13:31:00,3.2041,3.2071,3.2036,3.2071,3.2091,3.2121,3.2086,3.2121,14
2026-06-09 13:32:00,3.2081,3.2081,3.2051,3.2061,3.2131,3.2131,3.2101,3.2111,17
2026-06-09 13:34:00,3.2071,3.2101,3.2071,3.2081,3.2121,3.2151,3.2121,3.2131,11
2026-06-09 13:35:00,3.2071,3.2101,3.2071,3.2091,3.2121,3.2151,3.2121,3.2141,18
2026-06-09 13:36:00,3.2101,3.2101,3.2091,3.2091,3.2151,3.2151,3.2141,3.2141,6
2026-06-09 13:37:00,3.2086,3.2091,3.2081,3.2091,3.2136,3.2141,3.2131,3.2141,13
2026-06-09 13:38:00,3.2081,3.2081,3.2061,3.2061,3.2131,3.2131,3.2111,3.2111,6
2026-06-09 13:39:00,3.2051,3.2061,3.2051,3.2051,3.2101,3.2111,3.2101,3.2101,8
2026-06-09 13:40:00,3.2041,3.2051,3.2041,3.2041,3.2091,3.2101,3.2091,3.2091,10
2026-06-09 13:41:00,3.2051,3.2051,3.1971,3.1976,3.2101,3.2101,3.2021,3.2026,18
2026-06-09 13:42:00,3.1981,3.2071,3.1981,3.2071,3.2031,3.2121,3.2031,3.2121,38
2026-06-09 13:43:00,3.2066,3.2091,3.2051,3.2061,3.2116,3.2141,3.2101,3.2111,36
2026-06-09 13:44:00,3.2071,3.2116,3.2061,3.2101,3.2121,3.2166,3.2111,3.2151,39
2026-06-09 13:45:00,3.2091,3.2196,3.2091,3.2191,3.2141,3.2246,3.2141,3.2241,51
2026-06-09 13:46:00,3.2181,3.2191,3.2131,3.2141,3.2231,3.2241,3.2181,3.2191,68
2026-06-09 13:47:00,3.2131,3.2161,3.2121,3.2121,3.2181,3.2211,3.2171,3.2171,23
2026-06-09 13:48:00,3.2111,3.2121,3.2081,3.2086,3.2161,3.2171,3.2131,3.2136,41
2026-06-09 13:49:00,3.2081,3.2081,3.2071,3.2071,3.2131,3.2131,3.2121,3.2121,13
2026-06-09 13:50:00,3.2061,3.2061,3.2021,3.2021,3.2111,3.2111,3.2071,3.2071,34
2026-06-09 13:51:00,3.2011,3.2011,3.1981,3.2001,3.2061,3.2061,3.2031,3.2051,19
2026-06-09 13:52:00,3.2011,3.2021,3.2001,3.2001,3.2061,3.2071,3.2051,3.2051,10
2026-06-09 13:53:00,3.1991,3.2071,3.1991,3.2071,3.2041,3.2121,3.2041,3.2121,22
2026-06-09 13:54:00,3.2076,3.2091,3.2051,3.2081,3.2126,3.2141,3.2101,3.2131,36
2026-06-09 13:55:00,3.2086,3.2101,3.2041,3.2081,3.2136,3.2151,3.2091,3.2131,22
2026-06-09 13:56:00,3.2071,3.2071,3.2061,3.2061,3.2121,3.2121,3.2111,3.2111,2
2026-06-09 13:57:00,3.2051,3.2051,3.2041,3.2041,3.2101,3.2101,3.2091,3.2091,4
2026-06-09 13:58:00,3.2031,3.2061,3.2031,3.2051,3.2081,3.2111,3.2081,3.2101,13
2026-06-09 13:59:00,3.2041,3.2041,3.2001,3.2001,3.2091,3.2091,3.2051,3.2051,7
2026-06-09 14:00:00,3.1991,3.2001,3.1911,3.1971,3.2041,3.2051,3.1961,3.2021,50
2026-06-09 14:01:00,3.1961,3.1981,3.1951,3.1961,3.2011,3.2031,3.2001,3.2011,11
2026-06-09 14:02:00,3.1971,3.2026,3.1961,3.2021,3.2021,3.2076,3.2011,3.2071,38
2026-06-09 14:03:00,3.2026,3.2061,3.2021,3.2061,3.2076,3.2111,3.2071,3.2111,22
2026-06-09 14:04:00,3.2051,3.2061,3.2011,3.2031,3.2101,3.2111,3.2061,3.2081,40
2026-06-09 14:05:00,3.2021,3.2051,3.2021,3.2041,3.2071,3.2101,3.2071,3.2091,7
2026-06-09 14:06:00,3.2051,3.2121,3.2051,3.2071,3.2101,3.2171,3.2101,3.2121,37
2026-06-09 14:07:00,3.2061,3.2061,3.2021,3.2051,3.2111,3.2111,3.2071,3.2101,30
2026-06-09 14:08:00,3.2041,3.2051,3.2021,3.2031,3.2091,3.2101,3.2071,3.2081,20
2026-06-09 14:09:00,3.2021,3.2031,3.2001,3.2011,3.2071,3.2081,3.2051,3.2061,23
2026-06-09 14:10:00,3.2001,3.2051,3.1991,3.2051,3.2051,3.2101,3.2041,3.2101,16
2026-06-09 14:11:00,3.2046,3.2081,3.2031,3.2071,3.2096,3.2131,3.2081,3.2121,18
2026-06-09 14:12:00,3.2061,3.2061,3.2041,3.2051,3.2111,3.2111,3.2091,3.2101,12
2026-06-09 14:13:00,3.2071,3.2161,3.2061,3.2131,3.2121,3.2211,3.2111,3.2181,37
2026-06-09 14:14:00,3.2121,3.2131,3.2081,3.2091,3.2171,3.2181,3.2131,3.2141,39
2026-06-09 14:15:00,3.2101,3.2151,3.2071,3.2131,3.2151,3.2201,3.2121,3.2181,30
2026-06-09 14:16:00,3.2126,3.2126,3.2061,3.2071,3.2176,3.2176,3.2111,3.2121,28
2026-06-09 14:17:00,3.2061,3.2091,3.2061,3.2081,3.2111,3.2141,3.2111,3.2131,11
2026-06-09 14:18:00,3.2071,3.2131,3.2071,3.2126,3.2121,3.2181,3.2121,3.2176,30
2026-06-09 14:19:00,3.2131,3.2151,3.2111,3.2121,3.2181,3.2201,3.2161,3.2171,29
2026-06-09 14:20:00,3.2111,3.2141,3.2101,3.2116,3.2161,3.2191,3.2151,3.2166,46
2026-06-09 14:21:00,3.2121,3.2131,3.2081,3.2081,3.2171,3.2181,3.2131,3.2131,31
2026-06-09 14:22:00,3.2071,3.2121,3.2071,3.2121,3.2121,3.2171,3.2121,3.2171,32
2026-06-09 14:23:00,3.2111,3.2111,3.2051,3.2086,3.2161,3.2161,3.2101,3.2136,36
2026-06-09 14:24:00,3.2081,3.2101,3.2071,3.2101,3.2131,3.2151,3.2121,3.2151,25
2026-06-09 14:25:00,3.2096,3.2096,3.2051,3.2081,3.2146,3.2146,3.2101,3.2131,24
2026-06-09 14:26:00,3.2091,3.2121,3.2081,3.2106,3.2141,3.2171,3.2131,3.2156,36
2026-06-09 14:27:00,3.2111,3.2141,3.2081,3.2081,3.2161,3.2191,3.2131,3.2131,40
2026-06-09 14:28:00,3.2071,3.2251,3.2051,3.2156,3.2121,3.2301,3.2101,3.2206,81
2026-06-09 14:29:00,3.2151,3.2361,3.2141,3.2326,3.2201,3.2411,3.2191,3.2376,206
2026-06-09 14:30:00,3.2331,3.2331,3.2261,3.2316,3.2381,3.2381,3.2311,3.2366,78
2026-06-09 14:31:00,3.2321,3.2321,3.2231,3.2291,3.2371,3.2371,3.2281,3.2341,65
2026-06-09 14:32:00,3.2276,3.2291,3.2161,3.2171,3.2326,3.2341,3.2211,3.2221,49
2026-06-09 14:33:00,3.2161,3.2176,3.2131,3.2141,3.2211,3.2226,3.2181,3.2191,47
2026-06-09 14:34:00,3.2151,3.2171,3.2091,3.2096,3.2201,3.2221,3.2141,3.2146,46
2026-06-09 14:35:00,3.2101,3.2151,3.2091,3.2111,3.2151,3.2201,3.2141,3.2161,57
2026-06-09 14:36:00,3.2101,3.2121,3.2051,3.2051,3.2151,3.2171,3.2101,3.2101,39
2026-06-09 14:37:00,3.2061,3.2061,3.2021,3.2021,3.2111,3.2111,3.2071,3.2071,22
2026-06-09 14:38:00,3.2016,3.2041,3.2011,3.2036,3.2066,3.2091,3.2061,3.2086,22
2026-06-09 14:39:00,3.2041,3.2101,3.2031,3.2081,3.2091,3.2151,3.2081,3.2131,36
2026-06-09 14:40:00,3.2071,3.2081,3.2051,3.2061,3.2121,3.2131,3.2101,3.2111,24
2026-06-09 14:41:00,3.2051,3.2061,3.2041,3.2051,3.2101,3.2111,3.2091,3.2101,23
2026-06-09 14:42:00,3.2041,3.2061,3.2041,3.2061,3.2091,3.2111,3.2091,3.2111,9
2026-06-09 14:43:00,3.2071,3.2091,3.2061,3.2091,3.2121,3.2141,3.2111,3.2141,16
2026-06-09 14:44:00,3.2081,3.2121,3.2051,3.2081,3.2131,3.2171,3.2101,3.2131,45
2026-06-09 14:45:00,3.2101,3.2161,3.2071,3.2151,3.2151,3.2211,3.2121,3.2201,69
2026-06-09 14:46:00,3.2146,3.2151,3.2101,3.2101,3.2196,3.2201,3.2151,3.2151,27
2026-06-09 14:47:00,3.2106,3.2121,3.2071,3.2081,3.2156,3.2171,3.2121,3.2131,25
2026-06-09 14:48:00,3.2076,3.2141,3.2071,3.2141,3.2126,3.2191,3.2121,3.2191,28
2026-06-09 14:49:00,3.2131,3.2151,3.2111,3.2111,3.2181,3.2201,3.2161,3.2161,15
2026-06-09 14:50:00,3.2106,3.2111,3.2081,3.2091,3.2156,3.2161,3.2131,3.2141,10
2026-06-09 14:51:00,3.2081,3.2181,3.2081,3.2171,3.2131,3.2231,3.2131,3.2221,36
2026-06-09 14:52:00,3.2181,3.2276,3.2171,3.2231,3.2231,3.2326,3.2221,3.2281,76
2026-06-09 14:53:00,3.2226,3.2231,3.2191,3.2201,3.2276,3.2281,3.2241,3.2251,22
2026-06-09 14:54:00,3.2191,3.2201,3.2111,3.2121,3.2241,3.2251,3.2161,3.2171,22
2026-06-09 14:55:00,3.2111,3.2111,3.2061,3.2091,3.2161,3.2161,3.2111,3.2141,36
2026-06-09 14:56:00,3.2086,3.2091,3.2061,3.2081,3.2136,3.2141,3.2111,3.2131,27
2026-06-09 14:57:00,3.2091,3.2116,3.2081,3.2101,3.2141,3.2166,3.2131,3.2151,26
2026-06-09 14:58:00,3.2111,3.2111,3.2051,3.2061,3.2161,3.2161,3.2101,3.2111,23
2026-06-09 14:59:00,3.2051,3.2071,3.1971,3.1991,3.2101,3.2121,3.2021,3.2041,40
2026-06-09 15:00:00,3.1981,3.2001,3.1941,3.1971,3.2031,3.2051,3.1991,3.2021,121
2026-06-09 15:01:00,3.1961,3.1971,3.1931,3.1941,3.2011,3.2021,3.1981,3.1991,34
2026-06-09 15:02:00,3.1931,3.1951,3.1921,3.1921,3.1981,3.2001,3.1971,3.1971,62
2026-06-09 15:03:00,3.1926,3.1941,3.1821,3.1851,3.1976,3.1991,3.1871,3.1901,52
2026-06-09 15:04:00,3.1841,3.1851,3.1811,3.1841,3.1891,3.1901,3.1861,3.1891,54
2026-06-09 15:05:00,3.1851,3.1881,3.1761,3.1761,3.1901,3.1931,3.1811,3.1811,55
2026-06-09 15:06:00,3.1771,3.1851,3.1761,3.1831,3.1821,3.1901,3.1811,3.1881,69
2026-06-09 15:07:00,3.1821,3.1831,3.1801,3.1801,3.1871,3.1881,3.1851,3.1851,25
2026-06-09 15:08:00,3.1791,3.1821,3.1791,3.1821,3.1841,3.1871,3.1841,3.1871,55
2026-06-09 15:09:00,3.1811,3.1821,3.1761,3.1791,3.1861,3.1871,3.1811,3.1841,60
2026-06-09 15:10:00,3.1801,3.1811,3.1781,3.1796,3.1851,3.1861,3.1831,3.1846,42
2026-06-09 15:11:00,3.1791,3.1811,3.1791,3.1811,3.1841,3.1861,3.1841,3.1861,33
2026-06-09 15:12:00,3.1801,3.1811,3.1761,3.1761,3.1851,3.1861,3.1811,3.1811,19
2026-06-09 15:13:00,3.1751,3.1801,3.1731,3.1791,3.1801,3.1851,3.1781,3.1841,32
2026-06-09 15:14:00,3.1781,3.1841,3.1771,3.1821,3.1831,3.1891,3.1821,3.1871,45
2026-06-09 15:15:00,3.1831,3.1841,3.1771,3.1776,3.1881,3.1891,3.1821,3.1826,40
2026-06-09 15:16:00,3.1781,3.1811,3.1776,3.1791,3.1831,3.1861,3.1826,3.1841,37
2026-06-09 15:17:00,3.1796,3.1821,3.1761,3.1781,3.1846,3.1871,3.1811,3.1831,29
2026-06-09 15:18:00,3.1771,3.1791,3.1771,3.1781,3.1821,3.1841,3.1821,3.1831,20
2026-06-09 15:19:00,3.1771,3.1781,3.1751,3.1771,3.1821,3.1831,3.1801,3.1821,14
2026-06-09 15:20:00,3.1766,3.1791,3.1751,3.1761,3.1816,3.1841,3.1801,3.1811,34
2026-06-09 15:21:00,3.1771,3.1771,3.1721,3.1741,3.1821,3.1821,3.1771,3.1791,36
2026-06-09 15:22:00,3.1751,3.1751,3.1721,3.1721,3.1801,3.1801,3.1771,3.1771,22
2026-06-09 15:23:00,3.1711,3.1741,3.1711,3.1731,3.1761,3.1791,3.1761,3.1781,22
2026-06-09 15:24:00,3.1741,3.1751,3.1671,3.1681,3.1791,3.1801,3.1721,3.1731,40
2026-06-09 15:25:00,3.1686,3.1691,3.1611,3.1631,3.1736,3.1741,3.1661,3.1681,58
2026-06-09 15:26:00,3.1621,3.1621,3.1591,3.1621,3.1671,3.1671,3.1641,3.1671,22
2026-06-09 15:27:00,3.1611,3.1621,3.1561,3.1581,3.1661,3.1671,3.1611,3.1631,40
2026-06-09 15:28:00,3.1566,3.1591,3.1551,3.1571,3.1616,3.1641,3.1601,3.1621,28
2026-06-09 15:29:00,3.1561,3.1571,3.1541,3.1571,3.1611,3.1621,3.1591,3.1621,40
2026-06-09 15:30:00,3.1561,3.1561,3.1481,3.1481,3.1611,3.1611,3.1531,3.1531,68
2026-06-09 15:31:00,3.1491,3.1531,3.1461,3.1521,3.1541,3.1581,3.1511,3.1571,59
2026-06-09 15:32:00,3.1531,3.1571,3.1511,3.1551,3.1581,3.1621,3.1561,3.1601,38
2026-06-09 15:33:00,3.1541,3.1581,3.1531,3.1561,3.1591,3.1631,3.1581,3.1611,33
2026-06-09 15:34:00,3.1571,3.1591,3.1561,3.1581,3.1621,3.1641,3.1611,3.1631,27
2026-06-09 15:35:00,3.1571,3.1611,3.1561,3.1581,3.1621,3.1661,3.1611,3.1631,34
2026-06-09 15:36:00,3.1571,3.1581,3.1546,3.1561,3.1621,3.1631,3.1596,3.1611,25
2026-06-09 15:37:00,3.1571,3.1591,3.1571,3.1591,3.1621,3.1641,3.1621,3.1641,11
2026-06-09 15:38:00,3.1596,3.1631,3.1591,3.1621,3.1646,3.1681,3.1641,3.1671,14
2026-06-09 15:39:00,3.1611,3.1641,3.1591,3.1611,3.1661,3.1691,3.1641,3.1661,22
2026-06-09 15:40:00,3.1621,3.1651,3.1621,3.1641,3.1671,3.1701,3.1671,3.1691,14
2026-06-09 15:41:00,3.1651,3.1671,3.1641,3.1651,3.1701,3.1721,3.1691,3.1701,34
2026-06-09 15:42:00,3.1661,3.1761,3.1661,3.1751,3.1711,3.1811,3.1711,3.1801,51
2026-06-09 15:43:00,3.1761,3.1881,3.1751,3.1821,3.1811,3.1931,3.1801,3.1871,108
2026-06-09 15:44:00,3.1831,3.1901,3.1811,3.1831,3.1881,3.1951,3.1861,3.1881,67
2026-06-09 15:45:00,3.1841,3.1956,3.1811,3.1881,3.1891,3.2006,3.1861,3.1931,144
2026-06-09 15:46:00,3.1876,3.1941,3.1871,3.1891,3.1926,3.1991,3.1921,3.1941,71
2026-06-09 15:47:00,3.1881,3.1891,3.1831,3.1841,3.1931,3.1941,3.1881,3.1891,26
2026-06-09 15:48:00,3.1851,3.1861,3.1791,3.1811,3.1901,3.1911,3.1841,3.1861,36
2026-06-09 15:49:00,3.1806,3.1851,3.1791,3.1851,3.1856,3.1901,3.1841,3.1901,54
2026-06-09 15:50:00,3.1861,3.1881,3.1821,3.1841,3.1911,3.1931,3.1871,3.1891,52
2026-06-09 15:51:00,3.1846,3.1901,3.1846,3.1871,3.1896,3.1951,3.1896,3.1921,31
2026-06-09 15:52:00,3.1861,3.1941,3.1861,3.1931,3.1911,3.1991,3.1911,3.1981,48
2026-06-09 15:53:00,3.1921,3.1931,3.1881,3.1881,3.1971,3.1981,3.1931,3.1931,23
2026-06-09 15:54:00,3.1876,3.1891,3.1821,3.1831,3.1926,3.1941,3.1871,3.1881,56
2026-06-09 15:55:00,3.1841,3.1851,3.1821,3.1821,3.1891,3.1901,3.1871,3.1871,42
2026-06-09 15:56:00,3.1826,3.1871,3.1811,3.1861,3.1876,3.1921,3.1861,3.1911,50
2026-06-09 15:57:00,3.1871,3.1891,3.1831,3.1836,3.1921,3.1941,3.1881,3.1886,33
2026-06-09 15:58:00,3.1831,3.1851,3.1791,3.1841,3.1881,3.1901,3.1841,3.1891,31
2026-06-09 15:59:00,3.1831,3.1851,3.1821,3.1821,3.1881,3.1901,3.1871,3.1871,24
2026-06-09 16:00:00,3.1811,3.1831,3.1771,3.1771,3.1861,3.1881,3.1821,3.1821,41
2026-06-09 16:01:00,3.1791,3.1841,3.1781,3.1841,3.1831,3.1891,3.1831,3.1891,40
2026-06-09 16:02:00,3.1851,3.1861,3.1831,3.1841,3.1901,3.1911,3.1881,3.1891,17
2026-06-09 16:03:00,3.1831,3.1851,3.1831,3.1851,3.1881,3.1901,3.1881,3.1901,11
2026-06-09 16:04:00,3.1846,3.1851,3.1831,3.1841,3.1896,3.1901,3.1856,3.1891,14
2026-06-09 16:05:00,3.1831,3.1871,3.1821,3.1871,3.1886,3.1921,3.1881,3.1921,29
2026-06-09 16:06:00,3.1891,3.1901,3.1881,3.1881,3.1941,3.1961,3.1931,3.1931,18
2026-06-09 16:07:00,3.1891,3.1921,3.1871,3.1901,3.1941,3.1971,3.1921,3.1951,42
2026-06-09 16:08:00,3.1891,3.1921,3.1881,3.1921,3.1941,3.1971,3.1931,3.1971,29
2026-06-09 16:09:00,3.1911,3.1961,3.1911,3.1941,3.1961,3.2011,3.1961,3.1991,33
2026-06-09 16:10:00,3.1951,3.1961,3.1941,3.1941,3.2001,3.2011,3.1991,3.1991,17
2026-06-09 16:11:00,3.1931,3.1931,3.1891,3.1911,3.1981,3.1981,3.1941,3.1961,11
2026-06-09 16:12:00,3.1916,3.1921,3.1916,3.1921,3.1966,3.1971,3.1966,3.1971,2
2026-06-09 16:13:00,3.1931,3.1931,3.1891,3.1891,3.1981,3.1981,3.1941,3.1941,13
2026-06-09 16:14:00,3.1901,3.1921,3.1901,3.1911,3.1951,3.1971,3.1951,3.1961,15
2026-06-09 16:15:00,3.1921,3.1971,3.1921,3.1951,3.1971,3.2021,3.1971,3.2001,22
2026-06-09 16:16:00,3.1946,3.1946,3.1921,3.1931,3.1996,3.1996,3.1971,3.1981,19
2026-06-09 16:17:00,3.1921,3.1941,3.1911,3.1941,3.1971,3.1991,3.1961,3.1991,21
2026-06-09 16:18:00,3.1931,3.2011,3.1931,3.1991,3.1981,3.2061,3.1981,3.2041,48
2026-06-09 16:19:00,3.2001,3.2011,3.1991,3.2011,3.2051,3.2061,3.2041,3.2061,22
2026-06-09 16:20:00,3.2001,3.2011,3.1991,3.2001,3.2051,3.2061,3.2041,3.2051,14
2026-06-09 16:21:00,3.1991,3.2001,3.1971,3.1971,3.2041,3.2051,3.2021,3.2021,14
2026-06-09 16:22:00,3.1976,3.2031,3.1971,3.1971,3.2026,3.2081,3.2021,3.2021,32
2026-06-09 16:23:00,3.1961,3.1971,3.1951,3.1971,3.2011,3.2021,3.2001,3.2021,5
2026-06-09 16:24:00,3.1981,3.1991,3.1961,3.1961,3.2031,3.2041,3.2011,3.2011,17
2026-06-09 16:25:00,3.1966,3.2011,3.1966,3.1971,3.2016,3.2061,3.2016,3.2021,31
2026-06-09 16:26:00,3.1961,3.1981,3.1931,3.1951,3.2011,3.2031,3.1981,3.2001,26
2026-06-09 16:27:00,3.1946,3.1951,3.1931,3.1941,3.1996,3.2001,3.1981,3.1991,27
2026-06-09 16:28:00,3.1951,3.1961,3.1941,3.1956,3.2001,3.2011,3.1991,3.2006,20
2026-06-09 16:29:00,3.1951,3.1971,3.1951,3.1961,3.2001,3.2021,3.2001,3.2011,8
2026-06-09 16:30:00,3.1966,3.2011,3.1941,3.1996,3.2016,3.2061,3.1991,3.2046,37
2026-06-09 16:31:00,3.2001,3.2001,3.1981,3.1981,3.2051,3.2051,3.2031,3.2031,26
2026-06-09 16:32:00,3.1991,3.2021,3.1991,3.2021,3.2041,3.2071,3.2041,3.2071,8
2026-06-09 16:33:00,3.2031,3.2061,3.2021,3.2031,3.2081,3.2111,3.2071,3.2081,31
2026-06-09 16:34:00,3.2021,3.2091,3.2021,3.2071,3.2071,3.2141,3.2071,3.2121,51
2026-06-09 16:35:00,3.2061,3.2091,3.2041,3.2041,3.2111,3.2141,3.2091,3.2091,40
2026-06-09 16:36:00,3.2031,3.2071,3.2021,3.2061,3.2081,3.2121,3.2071,3.2111,30
2026-06-09 16:37:00,3.2071,3.2081,3.2041,3.2056,3.2121,3.2131,3.2091,3.2106,20
2026-06-09 16:38:00,3.2051,3.2071,3.2051,3.2061,3.2101,3.2121,3.2101,3.2111,32
2026-06-09 16:39:00,3.2056,3.2061,3.1991,3.2021,3.2106,3.2111,3.2041,3.2071,27
2026-06-09 16:40:00,3.2011,3.2061,3.2011,3.2051,3.2061,3.2111,3.2061,3.2101,19
2026-06-09 16:41:00,3.2061,3.2101,3.2061,3.2066,3.2111,3.2151,3.2111,3.2116,34
2026-06-09 16:42:00,3.2071,3.2071,3.2021,3.2061,3.2121,3.2121,3.2071,3.2111,15
2026-06-09 16:43:00,3.2071,3.2111,3.2061,3.2096,3.2121,3.2161,3.2111,3.2146,29
2026-06-09 16:44:00,3.2091,3.2161,3.2091,3.2131,3.2141,3.2211,3.2141,3.2181,30
2026-06-09 16:45:00,3.2141,3.2181,3.2111,3.2121,3.2191,3.2231,3.2161,3.2171,72
2026-06-09 16:46:00,3.2126,3.2131,3.2091,3.2091,3.2176,3.2181,3.2141,3.2141,19
2026-06-09 16:47:00,3.2101,3.2101,3.2081,3.2101,3.2151,3.2151,3.2131,3.2151,39
2026-06-09 16:48:00,3.2111,3.2111,3.2091,3.2091,3.2161,3.2161,3.2141,3.2141,3
2026-06-09 16:49:00,3.2101,3.2131,3.2091,3.2126,3.2151,3.2181,3.2141,3.2176,37
2026-06-09 16:50:00,3.2121,3.2131,3.2101,3.2121,3.2171,3.2181,3.2151,3.2171,16
2026-06-09 16:51:00,3.2131,3.2131,3.2111,3.2131,3.2181,3.2181,3.2161,3.2181,13
2026-06-09 16:52:00,3.2121,3.2121,3.2061,3.2081,3.2171,3.2171,3.2111,3.2131,34
2026-06-09 16:53:00,3.2076,3.2076,3.2061,3.2071,3.2126,3.2126,3.2111,3.2121,7
2026-06-09 16:54:00,3.2066,3.2131,3.2061,3.2121,3.2116,3.2181,3.2111,3.2171,22
2026-06-09 16:55:00,3.2126,3.2131,3.2091,3.2101,3.2176,3.2181,3.2141,3.2151,38
2026-06-09 16:56:00,3.2091,3.2091,3.2041,3.2041,3.2141,3.2141,3.2091,3.2091,21
2026-06-09 16:57:00,3.2031,3.2051,3.2031,3.2051,3.2081,3.2101,3.2081,3.2101,13
2026-06-09 16:58:00,3.2061,3.2071,3.2041,3.2051,3.2111,3.2121,3.2091,3.2101,10
2026-06-09 16:59:00,3.2061,3.2061,3.2051,3.2051,3.2111,3.2111,3.2101,3.2101,33
2026-06-09 17:00:00,3.2056,3.2071,3.2051,3.2061,3.2106,3.2121,3.2101,3.2111,31
2026-06-09 17:01:00,3.2066,3.2071,3.2011,3.2041,3.2116,3.2121,3.2061,3.2091,36
2026-06-09 17:02:00,3.2031,3.2061,3.2021,3.2041,3.2081,3.2111,3.2071,3.2091,29
2026-06-09 17:03:00,3.2031,3.2031,3.2001,3.2006,3.2081,3.2081,3.2051,3.2056,14
2026-06-09 17:04:00,3.2001,3.2021,3.1991,3.2001,3.2051,3.2071,3.2041,3.2051,15
2026-06-09 17:05:00,3.2011,3.2031,3.2011,3.2021,3.2061,3.2081,3.2061,3.2071,8
2026-06-09 17:06:00,3.2011,3.2021,3.2001,3.2001,3.2061,3.2071,3.2051,3.2051,28
2026-06-09 17:07:00,3.1991,3.1991,3.1961,3.1981,3.2041,3.2041,3.2011,3.2031,30
2026-06-09 17:08:00,3.1991,3.1991,3.1951,3.1956,3.2041,3.2041,3.2001,3.2006,25
2026-06-09 17:09:00,3.1951,3.1956,3.1931,3.1931,3.2001,3.2006,3.1981,3.1981,5
2026-06-09 17:10:00,3.1941,3.1951,3.1921,3.1931,3.1991,3.2001,3.1971,3.1981,17
2026-06-09 17:11:00,3.1921,3.1951,3.1921,3.1941,3.1971,3.2001,3.1971,3.1991,41
2026-06-09 17:12:00,3.1951,3.1991,3.1941,3.1981,3.2001,3.2041,3.1991,3.2031,9
2026-06-09 17:13:00,3.1971,3.2001,3.1971,3.1971,3.2021,3.2051,3.2021,3.2021,18
2026-06-09 17:14:00,3.1981,3.1981,3.1971,3.1971,3.2031,3.2031,3.2021,3.2021,4
2026-06-09 17:15:00,3.1961,3.1971,3.1881,3.1911,3.2011,3.2021,3.1931,3.1961,52
2026-06-09 17:16:00,3.1921,3.1941,3.1911,3.1911,3.1971,3.1991,3.1961,3.1961,20
2026-06-09 17:17:00,3.1916,3.1916,3.1881,3.1891,3.1966,3.1966,3.1931,3.1941,9
2026-06-09 17:18:00,3.1886,3.1891,3.1861,3.1871,3.1936,3.1941,3.1911,3.1921,16
2026-06-09 17:19:00,3.1881,3.1881,3.1871,3.1881,3.1931,3.1931,3.1921,3.1931,3
2026-06-09 17:20:00,3.1886,3.1921,3.1871,3.1921,3.1936,3.1971,3.1921,3.1971,13
2026-06-09 17:21:00,3.1911,3.1916,3.1901,3.1901,3.1961,3.1966,3.1951,3.1951,27
2026-06-09 17:22:00,3.1896,3.1901,3.1871,3.1901,3.1946,3.1951,3.1921,3.1951,22
2026-06-09 17:23:00,3.1896,3.1911,3.1891,3.1891,3.1946,3.1961,3.1941,3.1941,15
2026-06-09 17:24:00,3.1896,3.1901,3.1871,3.1891,3.1946,3.1951,3.1921,3.1941,12
2026-06-09 17:25:00,3.1886,3.1886,3.1851,3.1861,3.1936,3.1936,3.1901,3.1911,28
2026-06-09 17:26:00,3.1851,3.1871,3.1851,3.1871,3.1901,3.1921,3.1901,3.1921,9
2026-06-09 17:27:00,3.1881,3.1881,3.1821,3.1831,3.1931,3.1931,3.1871,3.1881,18
2026-06-09 17:28:00,3.1826,3.1831,3.1781,3.1781,3.1876,3.1881,3.1831,3.1831,25
2026-06-09 17:29:00,3.1786,3.1801,3.1781,3.1801,3.1836,3.1851,3.1831,3.1851,21
2026-06-09 17:30:00,3.1791,3.1861,3.1781,3.1851,3.1841,3.1911,3.1831,3.1901,55
2026-06-09 17:31:00,3.1841,3.1861,3.1831,3.1836,3.1891,3.1911,3.1881,3.1886,21
2026-06-09 17:32:00,3.1841,3.1841,3.1821,3.1836,3.1891,3.1891,3.1871,3.1886,24
2026-06-09 17:33:00,3.1831,3.1841,3.1821,3.1821,3.1881,3.1891,3.1871,3.1871,22
2026-06-09 17:34:00,3.1831,3.1861,3.1831,3.1841,3.1881,3.1911,3.1881,3.1891,57
2026-06-09 17:35:00,3.1831,3.1871,3.1831,3.1871,3.1881,3.1921,3.1881,3.1921,17
2026-06-09 17:36:00,3.1881,3.1901,3.1881,3.1881,3.1931,3.1951,3.1931,3.1931,40
2026-06-09 17:37:00,3.1891,3.1931,3.1891,3.1931,3.1941,3.1981,3.1941,3.1981,12
2026-06-09 17:38:00,3.1921,3.1931,3.1921,3.1921,3.1971,3.1981,3.1971,3.1971,9
2026-06-09 17:39:00,3.1911,3.1921,3.1871,3.1901,3.1961,3.1971,3.1921,3.1951,25
2026-06-09 17:40:00,3.1911,3.1921,3.1901,3.1911,3.1961,3.1971,3.1951,3.1961,11
2026-06-09 17:41:00,3.1916,3.1941,3.1916,3.1926,3.1966,3.1991,3.1966,3.1976,15
2026-06-09 17:42:00,3.1911,3.1931,3.1891,3.1901,3.1961,3.1981,3.1941,3.1951,21
2026-06-09 17:43:00,3.1896,3.1896,3.1881,3.1891,3.1946,3.1946,3.1931,3.1941,8
2026-06-09 17:44:00,3.1901,3.1911,3.1881,3.1881,3.1951,3.1961,3.1931,3.1931,8
2026-06-09 17:45:00,3.1891,3.1911,3.1891,3.1901,3.1941,3.1961,3.1941,3.1951,8
2026-06-09 17:46:00,3.1891,3.1901,3.1871,3.1891,3.1941,3.1951,3.1921,3.1941,13
2026-06-09 17:47:00,3.1886,3.1911,3.1881,3.1901,3.1936,3.1961,3.1931,3.1951,6
2026-06-09 17:48:00,3.1906,3.1921,3.1906,3.1911,3.1956,3.1971,3.1956,3.1961,6
2026-06-09 17:49:00,3.1901,3.1901,3.1891,3.1891,3.1951,3.1951,3.1941,3.1941,2
2026-06-09 17:50:00,3.1881,3.1881,3.1881,3.1881,3.1931,3.1931,3.1931,3.1931,1
2026-06-09 17:51:00,3.1891,3.1891,3.1861,3.1881,3.1941,3.1941,3.1911,3.1931,30
2026-06-09 17:52:00,3.1891,3.1891,3.1891,3.1891,3.1941,3.1941,3.1941,3.1941,1
2026-06-09 17:53:00,3.1886,3.1901,3.1871,3.1871,3.1936,3.1951,3.1921,3.1921,12
2026-06-09 17:54:00,3.1861,3.1901,3.1861,3.1891,3.1911,3.1951,3.1911,3.1941,9
2026-06-09 17:55:00,3.1886,3.1891,3.1881,3.1891,3.1936,3.1941,3.1931,3.1941,24
2026-06-09 17:56:00,3.1881,3.1881,3.1831,3.1851,3.1931,3.1931,3.1881,3.1901,16
2026-06-09 17:57:00,3.1861,3.1871,3.1851,3.1871,3.1911,3.1921,3.1901,3.1921,5
2026-06-09 17:58:00,3.1881,3.1881,3.1851,3.1851,3.1931,3.1931,3.1901,3.1901,45
2026-06-09 17:59:00,3.1841,3.1861,3.1841,3.1851,3.1891,3.1911,3.1891,3.1901,12
2026-06-09 18:00:00,3.1841,3.1871,3.1841,3.1861,3.1891,3.1921,3.1891,3.1911,25
2026-06-09 18:01:00,3.1851,3.1871,3.1851,3.1851,3.1901,3.1921,3.1901,3.1901,5
2026-06-09 18:02:00,3.1841,3.1841,3.1811,3.1816,3.1891,3.1891,3.1861,3.1866,10
2026-06-09 18:03:00,3.1821,3.1851,3.1821,3.1841,3.1871,3.1901,3.1871,3.1891,10
2026-06-09 18:04:00,3.1851,3.1851,3.1821,3.1821,3.1901,3.1901,3.1871,3.1871,6
2026-06-09 18:05:00,3.1831,3.1841,3.1831,3.1836,3.1881,3.1891,3.1881,3.1886,15
2026-06-09 18:06:00,3.1831,3.1871,3.1831,3.1871,3.1881,3.1921,3.1881,3.1921,16
2026-06-09 18:07:00,3.1861,3.1881,3.1851,3.1881,3.1911,3.1931,3.1901,3.1931,24
2026-06-09 18:08:00,3.1876,3.1876,3.1851,3.1861,3.1926,3.1926,3.1901,3.1911,8
2026-06-09 18:09:00,3.1871,3.1871,3.1821,3.1831,3.1921,3.1921,3.1871,3.1881,35
2026-06-09 18:10:00,3.1841,3.1851,3.1801,3.1801,3.1891,3.1901,3.1851,3.1851,21
2026-06-09 18:11:00,3.1791,3.1791,3.1771,3.1781,3.1841,3.1841,3.1821,3.1831,9
2026-06-09 18:12:00,3.1771,3.1801,3.1771,3.1801,3.1821,3.1851,3.1821,3.1851,6
2026-06-09 18:13:00,3.1796,3.1801,3.1791,3.1791,3.1846,3.1851,3.1841,3.1841,4
2026-06-09 18:14:00,3.1781,3.1801,3.1781,3.1791,3.1831,3.1851,3.1831,3.1841,14
2026-06-09 18:15:00,3.1786,3.1791,3.1741,3.1781,3.1836,3.1841,3.1791,3.1831,36
2026-06-09 18:16:00,3.1791,3.1791,3.1781,3.1791,3.1841,3.1841,3.1831,3.1841,3
2026-06-09 18:17:00,3.1781,3.1781,3.1761,3.1761,3.1831,3.1831,3.1811,3.1811,10
2026-06-09 18:18:00,3.1756,3.1771,3.1741,3.1751,3.1806,3.1821,3.1791,3.1801,18
2026-06-09 18:19:00,3.1746,3.1781,3.1746,3.1781,3.1796,3.1831,3.1796,3.1831,9
2026-06-09 18:20:00,3.1791,3.1801,3.1781,3.1781,3.1841,3.1851,3.1831,3.1831,11
2026-06-09 18:21:00,3.1771,3.1771,3.1751,3.1761,3.1821,3.1821,3.1801,3.1811,11
2026-06-09 18:22:00,3.1751,3.1761,3.1751,3.1751,3.1801,3.1811,3.1801,3.1801,6
2026-06-09 18:23:00,3.1756,3.1771,3.1751,3.1761,3.1806,3.1821,3.1801,3.1811,6
2026-06-09 18:24:00,3.1771,3.1771,3.1771,3.1771,3.1821,3.1821,3.1821,3.1821,1
2026-06-09 18:25:00,3.1781,3.1791,3.1781,3.1781,3.1831,3.1841,3.1831,3.1831,3
2026-06-09 18:26:00,3.1786,3.1821,3.1786,3.1811,3.1836,3.1871,3.1836,3.1861,10
2026-06-09 18:27:00,3.1801,3.1806,3.1781,3.1781,3.1851,3.1856,3.1831,3.1831,5
2026-06-09 18:28:00,3.1771,3.1771,3.1751,3.1751,3.1821,3.1821,3.1801,3.1801,3
2026-06-09 18:29:00,3.1741,3.1761,3.1741,3.1751,3.1791,3.1811,3.1791,3.1801,9
2026-06-09 18:30:00,3.1761,3.1761,3.1701,3.1701,3.1811,3.1811,3.1751,3.1751,18
2026-06-09 18:31:00,3.1711,3.1711,3.1681,3.1681,3.1761,3.1761,3.1731,3.1731,17
2026-06-09 18:32:00,3.1691,3.1701,3.1681,3.1681,3.1741,3.1751,3.1731,3.1731,34
2026-06-09 18:33:00,3.1691,3.1731,3.1681,3.1721,3.1741,3.1781,3.1731,3.1771,35
2026-06-09 18:34:00,3.1711,3.1731,3.1711,3.1721,3.1761,3.1781,3.1761,3.1771,6
2026-06-09 18:36:00,3.1726,3.1781,3.1721,3.1781,3.1776,3.1831,3.1771,3.1831,17
2026-06-09 18:37:00,3.1791,3.1801,3.1761,3.1771,3.1841,3.1851,3.1811,3.1821,13
2026-06-09 18:38:00,3.1791,3.2021,3.1791,3.1981,3.1841,3.2071,3.1841,3.2031,255
2026-06-09 18:39:00,3.1986,3.2091,3.1971,3.2011,3.2036,3.2141,3.2021,3.2061,224
2026-06-09 18:40:00,3.2021,3.2081,3.2001,3.2031,3.2071,3.2131,3.2051,3.2081,118
2026-06-09 18:41:00,3.2016,3.2041,3.1991,3.2031,3.2066,3.2091,3.2041,3.2081,102
2026-06-09 18:42:00,3.2026,3.2026,3.1881,3.1911,3.2076,3.2076,3.1931,3.1961,78
2026-06-09 18:43:00,3.1921,3.1921,3.1881,3.1901,3.1971,3.1971,3.1931,3.1951,49
2026-06-09 18:44:00,3.1911,3.1911,3.1861,3.1861,3.1961,3.1961,3.1911,3.1911,39
2026-06-09 18:45:00,3.1851,3.1881,3.1851,3.1861,3.1901,3.1931,3.1901,3.1911,42
2026-06-09 18:46:00,3.1856,3.1881,3.1841,3.1841,3.1906,3.1931,3.1891,3.1891,29
2026-06-09 18:47:00,3.1851,3.1881,3.1851,3.1871,3.1901,3.1931,3.1901,3.1921,15
2026-06-09 18:48:00,3.1861,3.1901,3.1861,3.1871,3.1911,3.1951,3.1911,3.1921,45
2026-06-09 18:49:00,3.1851,3.1851,3.1811,3.1811,3.1901,3.1901,3.1861,3.1861,11
2026-06-09 18:50:00,3.1801,3.1821,3.1801,3.1816,3.1851,3.1871,3.1851,3.1866,25
2026-06-09 18:51:00,3.1821,3.1821,3.1801,3.1806,3.1871,3.1871,3.1851,3.1856,33
2026-06-09 18:52:00,3.1811,3.1821,3.1801,3.1816,3.1861,3.1871,3.1851,3.1866,15
2026-06-09 18:53:00,3.1821,3.1831,3.1796,3.1811,3.1871,3.1881,3.1846,3.1861,39
2026-06-09 18:54:00,3.1821,3.1821,3.1801,3.1811,3.1871,3.1871,3.1851,3.1861,43
2026-06-09 18:55:00,3.1816,3.1816,3.1791,3.1791,3.1866,3.1866,3.1841,3.1841,19
2026-06-09 18:56:00,3.1801,3.1811,3.1781,3.1791,3.1851,3.1861,3.1831,3.1841,20
2026-06-09 18:57:00,3.1781,3.1811,3.1781,3.1801,3.1831,3.1861,3.1831,3.1851,15
2026-06-09 18:58:00,3.1811,3.1821,3.1801,3.1806,3.1861,3.1871,3.1851,3.1856,38
2026-06-09 18:59:00,3.1801,3.1811,3.1791,3.1801,3.1851,3.1861,3.1841,3.1851,7
2026-06-09 19:00:00,3.1791,3.1791,3.1771,3.1791,3.1841,3.1841,3.1821,3.1841,21
2026-06-09 19:01:00,3.1801,3.1821,3.1801,3.1821,3.1851,3.1871,3.1851,3.1871,18
2026-06-09 19:02:00,3.1816,3.1821,3.1781,3.1791,3.1866,3.1871,3.1831,3.1841,13
2026-06-09 19:03:00,3.1781,3.1791,3.1781,3.1791,3.1831,3.1841,3.1831,3.1841,10
2026-06-09 19:04:00,3.1781,3.1791,3.1781,3.1791,3.1831,3.1841,3.1831,3.1841,2
2026-06-09 19:05:00,3.1781,3.1831,3.1781,3.1831,3.1831,3.1881,3.1831,3.1881,22
2026-06-09 19:06:00,3.1821,3.1821,3.1801,3.1801,3.1871,3.1871,3.1851,3.1851,7
2026-06-09 19:07:00,3.1811,3.1811,3.1801,3.1801,3.1861,3.1861,3.1851,3.1851,4
2026-06-09 19:08:00,3.1796,3.1801,3.1781,3.1791,3.1846,3.1851,3.1831,3.1841,18
2026-06-09 19:09:00,3.1801,3.1811,3.1801,3.1806,3.1851,3.1861,3.1851,3.1856,23
2026-06-09 19:10:00,3.1811,3.1881,3.1801,3.1871,3.1861,3.1931,3.1851,3.1921,72
2026-06-09 19:11:00,3.1866,3.1866,3.1841,3.1851,3.1916,3.1916,3.1891,3.1901,18
2026-06-09 19:12:00,3.1841,3.1861,3.1841,3.1861,3.1891,3.1911,3.1891,3.1911,27
2026-06-09 19:13:00,3.1871,3.1871,3.1851,3.1871,3.1921,3.1921,3.1901,3.1921,11
2026-06-09 19:14:00,3.1861,3.1881,3.1851,3.1851,3.1911,3.1931,3.1901,3.1901,29
2026-06-09 19:15:00,3.1841,3.1851,3.1841,3.1851,3.1891,3.1901,3.1891,3.1901,19
2026-06-09 19:16:00,3.1841,3.1851,3.1841,3.1841,3.1891,3.1901,3.1891,3.1891,3
2026-06-09 19:17:00,3.1851,3.1851,3.1791,3.1791,3.1901,3.1901,3.1841,3.1841,7
2026-06-09 19:18:00,3.1801,3.1801,3.1791,3.1791,3.1851,3.1851,3.1841,3.1841,17
2026-06-09 19:19:00,3.1796,3.1801,3.1781,3.1786,3.1846,3.1851,3.1831,3.1836,15
2026-06-09 19:20:00,3.1791,3.1801,3.1771,3.1796,3.1841,3.1851,3.1821,3.1846,32
2026-06-09 19:21:00,3.1791,3.1801,3.1786,3.1791,3.1841,3.1851,3.1836,3.1841,22
2026-06-09 19:22:00,3.1781,3.1781,3.1691,3.1691,3.1831,3.1831,3.1741,3.1741,36
2026-06-09 19:23:00,3.1701,3.1741,3.1681,3.1721,3.1751,3.1791,3.1731,3.1771,36
2026-06-09 19:24:00,3.1731,3.1741,3.1731,3.1731,3.1781,3.1791,3.1781,3.1781,18
2026-06-09 19:25:00,3.1721,3.1741,3.1721,3.1731,3.1771,3.1791,3.1771,3.1781,17
2026-06-09 19:26:00,3.1741,3.1741,3.1741,3.1741,3.1791,3.1791,3.1791,3.1791,1
2026-06-09 19:27:00,3.1751,3.1751,3.1731,3.1731,3.1801,3.1801,3.1781,3.1781,8
2026-06-09 19:28:00,3.1741,3.1761,3.1721,3.1751,3.1791,3.1811,3.1771,3.1801,43
2026-06-09 19:29:00,3.1761,3.1761,3.1736,3.1751,3.1811,3.1811,3.1786,3.1801,12
2026-06-09 19:30:00,3.1761,3.1761,3.1751,3.1761,3.1811,3.1811,3.1801,3.1811,6
2026-06-09 19:31:00,3.1751,3.1781,3.1751,3.1756,3.1801,3.1831,3.1801,3.1806,15
2026-06-09 19:32:00,3.1751,3.1771,3.1751,3.1751,3.1801,3.1821,3.1801,3.1801,35
2026-06-09 19:33:00,3.1761,3.1781,3.1761,3.1771,3.1811,3.1831,3.1811,3.1821,15
2026-06-09 19:35:00,3.1781,3.1821,3.1771,3.1801,3.1831,3.1871,3.1821,3.1851,13
2026-06-09 19:36:00,3.1791,3.1821,3.1791,3.1811,3.1841,3.1871,3.1841,3.1861,21
2026-06-09 19:37:00,3.1816,3.1831,3.1811,3.1831,3.1866,3.1881,3.1861,3.1881,5
2026-06-09 19:38:00,3.1836,3.1881,3.1836,3.1871,3.1886,3.1931,3.1886,3.1921,28
2026-06-09 19:39:00,3.1866,3.1931,3.1866,3.1921,3.1916,3.1981,3.1916,3.1971,31
2026-06-09 19:40:00,3.1931,3.1931,3.1911,3.1926,3.1981,3.1981,3.1961,3.1976,35
2026-06-09 19:41:00,3.1921,3.1921,3.1851,3.1866,3.1971,3.1971,3.1901,3.1916,29
2026-06-09 19:42:00,3.1851,3.1861,3.1831,3.1841,3.1901,3.1911,3.1881,3.1891,28
2026-06-09 19:43:00,3.1846,3.1881,3.1841,3.1871,3.1896,3.1931,3.1891,3.1921,25
2026-06-09 19:44:00,3.1866,3.1871,3.1841,3.1856,3.1916,3.1921,3.1891,3.1906,41
2026-06-09 19:45:00,3.1851,3.1861,3.1791,3.1791,3.1901,3.1911,3.1841,3.1841,32
2026-06-09 19:46:00,3.1781,3.1821,3.1781,3.1821,3.1831,3.1871,3.1831,3.1871,44
2026-06-09 19:47:00,3.1811,3.1816,3.1801,3.1806,3.1861,3.1866,3.1851,3.1856,47
2026-06-09 19:48:00,3.1801,3.1811,3.1781,3.1781,3.1851,3.1861,3.1831,3.1831,53
2026-06-09 19:49:00,3.1771,3.1781,3.1751,3.1761,3.1821,3.1831,3.1801,3.1811,34
2026-06-09 19:50:00,3.1751,3.1756,3.1731,3.1751,3.1801,3.1806,3.1781,3.1801,31
2026-06-09 19:51:00,3.1741,3.1751,3.1731,3.1751,3.1791,3.1801,3.1781,3.1801,45
2026-06-09 19:52:00,3.1741,3.1761,3.1741,3.1751,3.1791,3.1811,3.1791,3.1801,26
2026-06-09 19:53:00,3.1756,3.1811,3.1751,3.1781,3.1806,3.1861,3.1801,3.1831,39
2026-06-09 19:54:00,3.1786,3.1791,3.1781,3.1791,3.1836,3.1841,3.1831,3.1841,17
2026-06-09 19:55:00,3.1781,3.1831,3.1781,3.1821,3.1831,3.1881,3.1831,3.1871,29
2026-06-09 19:56:00,3.1811,3.1821,3.1806,3.1821,3.1861,3.1871,3.1856,3.1871,17
2026-06-09 19:57:00,3.1811,3.1841,3.1811,3.1821,3.1861,3.1891,3.1861,3.1871,16
2026-06-09 19:58:00,3.1816,3.1816,3.1801,3.1801,3.1866,3.1866,3.1851,3.1851,3
2026-06-09 19:59:00,3.1791,3.1811,3.1791,3.1801,3.1841,3.1861,3.1841,3.1851,24
2026-06-09 20:00:00,3.1791,3.1811,3.1791,3.1811,3.1841,3.1861,3.1841,3.1861,22
2026-06-09 20:01:00,3.1821,3.1831,3.1811,3.1811,3.1871,3.1881,3.1861,3.1861,9
2026-06-09 20:02:00,3.1806,3.1806,3.1771,3.1806,3.1856,3.1856,3.1821,3.1856,27
2026-06-09 20:03:00,3.1811,3.1831,3.1811,3.1821,3.1861,3.1881,3.1861,3.1871,23
2026-06-09 20:04:00,3.1831,3.1831,3.1821,3.1831,3.1881,3.1881,3.1871,3.1881,17
2026-06-09 20:05:00,3.1836,3.1851,3.1831,3.1831,3.1886,3.1901,3.1881,3.1881,9
2026-06-09 20:06:00,3.1836,3.1841,3.1826,3.1831,3.1886,3.1891,3.1876,3.1881,12
2026-06-09 20:07:00,3.1841,3.1861,3.1841,3.1861,3.1891,3.1911,3.1891,3.1911,18
2026-06-09 20:08:00,3.1856,3.1861,3.1801,3.1801,3.1906,3.1911,3.1851,3.1851,16
2026-06-09 20:09:00,3.1806,3.1811,3.1771,3.1771,3.1856,3.1861,3.1821,3.1821,13
2026-06-09 20:10:00,3.1761,3.1791,3.1751,3.1786,3.1811,3.1841,3.1801,3.1836,26
2026-06-09 20:11:00,3.1791,3.1791,3.1731,3.1761,3.1841,3.1841,3.1781,3.1811,41
2026-06-09 20:12:00,3.1751,3.1771,3.1741,3.1761,3.1801,3.1821,3.1791,3.1811,35
2026-06-09 20:13:00,3.1771,3.1771,3.1741,3.1761,3.1821,3.1821,3.1791,3.1811,19
2026-06-09 20:14:00,3.1751,3.1761,3.1751,3.1751,3.1801,3.1811,3.1801,3.1801,44
2026-06-09 20:15:00,3.1741,3.1751,3.1731,3.1736,3.1791,3.1801,3.1781,3.1786,30
2026-06-09 20:16:00,3.1731,3.1751,3.1721,3.1731,3.1781,3.1801,3.1771,3.1781,70
2026-06-09 20:17:00,3.1741,3.1741,3.1701,3.1701,3.1791,3.1791,3.1751,3.1751,36
2026-06-09 20:18:00,3.1711,3.1711,3.1661,3.1691,3.1761,3.1761,3.1711,3.1741,44
2026-06-09 20:19:00,3.1701,3.1711,3.1661,3.1676,3.1751,3.1761,3.1711,3.1726,29
2026-06-09 20:20:00,3.1681,3.1681,3.1641,3.1661,3.1731,3.1731,3.1691,3.1711,29
2026-06-09 20:21:00,3.1651,3.1661,3.1621,3.1631,3.1701,3.1711,3.1671,3.1681,49
2026-06-09 20:22:00,3.1636,3.1671,3.1631,3.1661,3.1686,3.1721,3.1681,3.1711,23
2026-06-09 20:23:00,3.1651,3.1671,3.1651,3.1671,3.1701,3.1721,3.1701,3.1721,6
2026-06-09 20:24:00,3.1681,3.1701,3.1671,3.1701,3.1731,3.1751,3.1721,3.1751,33
2026-06-09 20:25:00,3.1691,3.1711,3.1641,3.1701,3.1741,3.1761,3.1691,3.1751,46
2026-06-09 20:26:00,3.1706,3.1721,3.1681,3.1711,3.1756,3.1771,3.1731,3.1761,45
2026-06-09 20:27:00,3.1706,3.1791,3.1706,3.1781,3.1756,3.1841,3.1756,3.1831,94
2026-06-09 20:28:00,3.1771,3.1791,3.1681,3.1681,3.1821,3.1841,3.1731,3.1731,174
2026-06-09 20:29:00,3.1671,3.1691,3.1641,3.1661,3.1721,3.1741,3.1691,3.1711,105
2026-06-09 20:30:00,3.1666,3.1671,3.1621,3.1641,3.1716,3.1721,3.1671,3.1691,40
2026-06-09 20:31:00,3.1651,3.1671,3.1641,3.1651,3.1701,3.1721,3.1691,3.1701,24
2026-06-09 20:32:00,3.1641,3.1641,3.1621,3.1621,3.1691,3.1691,3.1671,3.1671,14
2026-06-09 20:33:00,3.1631,3.1661,3.1621,3.1651,3.1681,3.1711,3.1671,3.1701,15
2026-06-09 20:34:00,3.1661,3.1661,3.1641,3.1651,3.1711,3.1711,3.1691,3.1701,14
2026-06-09 20:35:00,3.1656,3.1656,3.1651,3.1651,3.1706,3.1706,3.1701,3.1701,4
2026-06-09 20:36:00,3.1656,3.1661,3.1641,3.1646,3.1706,3.1711,3.1691,3.1696,16
2026-06-09 20:37:00,3.1651,3.1651,3.1641,3.1646,3.1701,3.1701,3.1691,3.1696,16
2026-06-09 20:38:00,3.1641,3.1661,3.1641,3.1656,3.1691,3.1711,3.1691,3.1706,7
2026-06-09 20:39:00,3.1661,3.1676,3.1641,3.1676,3.1711,3.1726,3.1691,3.1726,17
2026-06-09 20:40:00,3.1681,3.1691,3.1641,3.1641,3.1731,3.1741,3.1691,3.1691,44
2026-06-09 20:41:00,3.1631,3.1641,3.1631,3.1641,3.1681,3.1691,3.1681,3.1691,19
2026-06-09 20:42:00,3.1636,3.1641,3.1631,3.1631,3.1686,3.1691,3.1681,3.1681,6
2026-06-09 20:43:00,3.1641,3.1641,3.1621,3.1621,3.1691,3.1691,3.1671,3.1671,9
2026-06-09 20:44:00,3.1626,3.1631,3.1621,3.1631,3.1676,3.1681,3.1671,3.1681,19
2026-06-09 20:45:00,3.1626,3.1631,3.1621,3.1631,3.1676,3.1681,3.1671,3.1681,6
2026-06-09 20:46:00,3.1621,3.1631,3.1621,3.1631,3.1671,3.1681,3.1671,3.1681,6
2026-06-09 20:48:00,3.1641,3.1661,3.1631,3.1651,3.1691,3.1711,3.1681,3.1701,33
2026-06-09 20:49:00,3.1661,3.1681,3.1661,3.1671,3.1711,3.1731,3.1711,3.1721,17
2026-06-09 20:50:00,3.1676,3.1691,3.1676,3.1691,3.1726,3.1741,3.1726,3.1741,20
2026-06-09 20:51:00,3.1686,3.1691,3.1661,3.1661,3.1736,3.1741,3.1711,3.1711,26
2026-06-09 20:52:00,3.1666,3.1681,3.1666,3.1671,3.1716,3.1731,3.1716,3.1721,9
2026-06-09 20:53:00,3.1661,3.1671,3.1661,3.1661,3.1711,3.1721,3.1711,3.1711,5
2026-06-09 20:54:00,3.1671,3.1671,3.1661,3.1671,3.1721,3.1721,3.1711,3.1721,14
2026-06-09 20:55:00,3.1661,3.1676,3.1661,3.1676,3.1711,3.1726,3.1711,3.1726,11
2026-06-09 20:56:00,3.1671,3.1681,3.1671,3.1671,3.1721,3.1731,3.1721,3.1721,16
2026-06-09 20:57:00,3.1681,3.1691,3.1671,3.1681,3.1731,3.1741,3.1721,3.1731,14
2026-06-09 20:58:00,3.1671,3.1691,3.1671,3.1681,3.1721,3.1741,3.1721,3.1731,13
2026-06-09 20:59:00,3.1671,3.1671,3.1661,3.1661,3.1721,3.1721,3.1711,3.1711,2
2026-06-09 21:00:00,3.1651,3.1661,3.1651,3.1661,3.1701,3.1711,3.1701,3.1711,2
2026-06-09 21:01:00,3.1651,3.1651,3.1641,3.1641,3.1701,3.1701,3.1691,3.1691,6
2026-06-09 21:02:00,3.1631,3.1641,3.1631,3.1641,3.1681,3.1691,3.1681,3.1691,4
2026-06-09 21:03:00,3.1651,3.1671,3.1641,3.1661,3.1701,3.1721,3.1691,3.1711,12
2026-06-09 21:04:00,3.1651,3.1651,3.1651,3.1651,3.1701,3.1701,3.1701,3.1701,1
2026-06-09 21:05:00,3.1661,3.1661,3.1641,3.1646,3.1711,3.1711,3.1691,3.1696,22
2026-06-09 21:06:00,3.1641,3.1641,3.1631,3.1631,3.1691,3.1691,3.1681,3.1681,2
2026-06-09 21:07:00,3.1641,3.1641,3.1631,3.1631,3.1691,3.1691,3.1681,3.1681,4
2026-06-09 21:09:00,3.1641,3.1641,3.1631,3.1631,3.1691,3.1691,3.1681,3.1681,3
2026-06-09 21:10:00,3.1641,3.1661,3.1641,3.1651,3.1691,3.1711,3.1691,3.1701,11
2026-06-09 21:11:00,3.1656,3.1656,3.1651,3.1651,3.1706,3.1706,3.1701,3.1701,4
2026-06-09 21:12:00,3.1661,3.1661,3.1651,3.1661,3.1711,3.1711,3.1701,3.1711,3
2026-06-09 21:13:00,3.1671,3.1671,3.1661,3.1661,3.1721,3.1721,3.1711,3.1711,4
2026-06-09 21:14:00,3.1671,3.1671,3.1661,3.1671,3.1721,3.1721,3.1711,3.1721,6
2026-06-09 21:15:00,3.1681,3.1681,3.1671,3.1671,3.1731,3.1731,3.1721,3.1721,2
2026-06-09 21:16:00,3.1661,3.1671,3.1641,3.1651,3.1711,3.1721,3.1691,3.1701,34
2026-06-09 21:17:00,3.1641,3.1651,3.1641,3.1651,3.1691,3.1701,3.1691,3.1701,2
2026-06-09 21:18:00,3.1641,3.1656,3.1641,3.1651,3.1691,3.1706,3.1691,3.1701,4
2026-06-09 21:19:00,3.1661,3.1671,3.1651,3.1661,3.1711,3.1721,3.1701,3.1711,8
2026-06-09 21:20:00,3.1651,3.1651,3.1641,3.1651,3.1701,3.1701,3.1691,3.1701,7
2026-06-09 21:21:00,3.1646,3.1661,3.1646,3.1651,3.1696,3.1711,3.1696,3.1701,6
2026-06-09 21:22:00,3.1661,3.1661,3.1651,3.1651,3.1711,3.1711,3.1701,3.1701,2
2026-06-09 21:23:00,3.1656,3.1661,3.1621,3.1651,3.1706,3.1711,3.1671,3.1701,23
2026-06-09 21:24:00,3.1646,3.1651,3.1631,3.1651,3.1696,3.1701,3.1681,3.1701,5
2026-06-09 21:25:00,3.1646,3.1661,3.1646,3.1661,3.1696,3.1711,3.1696,3.1711,10
2026-06-09 21:26:00,3.1671,3.1671,3.1661,3.1661,3.1721,3.1721,3.1711,3.1711,9
2026-06-09 21:27:00,3.1671,3.1671,3.1661,3.1671,3.1721,3.1721,3.1711,3.1721,3
2026-06-09 21:28:00,3.1661,3.1661,3.1661,3.1661,3.1711,3.1711,3.1711,3.1711,1
2026-06-09 21:30:00,3.1671,3.1671,3.1661,3.1671,3.1721,3.1721,3.1711,3.1721,3
2026-06-09 21:31:00,3.1661,3.1671,3.1661,3.1671,3.1711,3.1721,3.1711,3.1721,2
2026-06-09 21:33:00,3.1681,3.1681,3.1671,3.1681,3.1731,3.1731,3.1721,3.1731,3
2026-06-09 21:35:00,3.1671,3.1691,3.1671,3.1691,3.1721,3.1741,3.1721,3.1741,3
2026-06-09 21:36:00,3.1681,3.1681,3.1671,3.1671,3.1731,3.1731,3.1721,3.1721,2
2026-06-09 21:39:00,3.1666,3.1671,3.1656,3.1671,3.1716,3.1721,3.1706,3.1721,5
2026-06-09 21:41:00,3.1661,3.1661,3.1661,3.1661,3.1711,3.1711,3.1711,3.1711,1
2026-06-09 21:43:00,3.1666,3.1671,3.1666,3.1671,3.1716,3.1721,3.1716,3.1721,2
2026-06-09 21:44:00,3.1676,3.1681,3.1671,3.1671,3.1726,3.1731,3.1721,3.1721,5
2026-06-09 21:47:00,3.1661,3.1671,3.1661,3.1671,3.1711,3.1721,3.1711,3.1721,2
2026-06-09 21:48:00,3.1661,3.1661,3.1651,3.1661,3.1711,3.1711,3.1701,3.1711,3
2026-06-09 21:52:00,3.1651,3.1661,3.1651,3.1661,3.1701,3.1711,3.1701,3.1711,6
2026-06-09 21:53:00,3.1671,3.1681,3.1671,3.1681,3.1721,3.1731,3.1721,3.1731,13
2026-06-09 21:54:00,3.1676,3.1681,3.1676,3.1681,3.1726,3.1731,3.1726,3.1731,2
2026-06-09 21:55:00,3.1676,3.1681,3.1671,3.1681,3.1726,3.1731,3.1721,3.1731,4
2026-06-09 21:56:00,3.1671,3.1681,3.1671,3.1681,3.1721,3.1731,3.1721,3.1731,4
2026-06-09 21:57:00,3.1671,3.1681,3.1651,3.1661,3.1721,3.1731,3.1701,3.1711,9
2026-06-09 21:58:00,3.1671,3.1671,3.1661,3.1661,3.1721,3.1721,3.1711,3.1711,4
2026-06-09 21:59:00,3.1671,3.1671,3.1661,3.1671,3.1721,3.1721,3.1711,3.1721,6
2026-06-09 22:00:00,3.1666,3.1666,3.1651,3.1661,3.1716,3.1716,3.1701,3.1711,12
2026-06-09 22:01:00,3.1656,3.1661,3.1651,3.1661,3.1706,3.1711,3.1701,3.1711,5
2026-06-09 22:02:00,3.1651,3.1656,3.1651,3.1651,3.1701,3.1706,3.1701,3.1701,7
2026-06-09 22:03:00,3.1641,3.1641,3.1621,3.1631,3.1691,3.1691,3.1671,3.1681,8
2026-06-09 22:04:00,3.1636,3.1636,3.1621,3.1631,3.1686,3.1686,3.1671,3.1681,12
2026-06-09 22:05:00,3.1621,3.1631,3.1621,3.1631,3.1671,3.1681,3.1671,3.1681,4
2026-06-09 22:06:00,3.1626,3.1631,3.1621,3.1631,3.1676,3.1681,3.1671,3.1681,4
2026-06-09 22:07:00,3.1636,3.1661,3.1631,3.1661,3.1686,3.1711,3.1681,3.1711,14
2026-06-09 22:08:00,3.1651,3.1661,3.1651,3.1651,3.1701,3.1711,3.1701,3.1701,5
2026-06-09 22:10:00,3.1641,3.1651,3.1641,3.1651,3.1691,3.1701,3.1691,3.1701,2
2026-06-09 22:11:00,3.1656,3.1671,3.1651,3.1666,3.1706,3.1721,3.1701,3.1716,11
2026-06-09 22:12:00,3.1671,3.1671,3.1661,3.1671,3.1721,3.1721,3.1711,3.1721,23
2026-06-09 22:13:00,3.1666,3.1671,3.1661,3.1661,3.1716,3.1721,3.1711,3.1711,10
2026-06-09 22:14:00,3.1651,3.1651,3.1651,3.1651,3.1701,3.1701,3.1701,3.1701,1
2026-06-09 22:15:00,3.1661,3.1661,3.1651,3.1651,3.1711,3.1711,3.1701,3.1701,6
2026-06-09 22:16:00,3.1661,3.1661,3.1661,3.1661,3.1711,3.1711,3.1711,3.1711,1
2026-06-09 22:17:00,3.1651,3.1651,3.1651,3.1651,3.1701,3.1701,3.1701,3.1701,1
2026-06-09 22:20:00,3.1641,3.1651,3.1641,3.1641,3.1691,3.1701,3.1691,3.1691,4
2026-06-09 22:21:00,3.1646,3.1646,3.1641,3.1641,3.1696,3.1696,3.1691,3.1691,6
2026-06-09 22:22:00,3.1691,3.1691,3.1676,3.1681,3.1741,3.1741,3.1726,3.1731,3
2026-06-09 22:24:00,3.1671,3.1671,3.1671,3.1671,3.1721,3.1721,3.1721,3.1721,1
2026-06-09 22:25:00,3.1681,3.1681,3.1671,3.1671,3.1731,3.1731,3.1721,3.1721,2
2026-06-09 22:27:00,3.1676,3.1681,3.1676,3.1681,3.1726,3.1731,3.1726,3.1731,2
2026-06-09 22:28:00,3.1691,3.1701,3.1691,3.1701,3.1741,3.1751,3.1741,3.1751,2
2026-06-09 22:29:00,3.1696,3.1696,3.1681,3.1681,3.1746,3.1746,3.1731,3.1731,3
2026-06-09 22:31:00,3.1671,3.1671,3.1671,3.1671,3.1721,3.1721,3.1721,3.1721,1
2026-06-09 22:33:00,3.1661,3.1671,3.1661,3.1671,3.1711,3.1721,3.1711,3.1721,2
2026-06-09 22:37:00,3.1681,3.1681,3.1681,3.1681,3.1731,3.1731,3.1731,3.1731,1
2026-06-09 22:40:00,3.1671,3.1681,3.1671,3.1681,3.1721,3.1731,3.1721,3.1731,2
2026-06-09 22:41:00,3.1691,3.1691,3.1681,3.1681,3.1741,3.1741,3.1731,3.1731,2
2026-06-09 22:45:00,3.1691,3.1691,3.1691,3.1691,3.1741,3.1741,3.1741,3.1741,1
2026-06-09 22:46:00,3.1681,3.1691,3.1681,3.1691,3.1731,3.1741,3.1731,3.1741,2
2026-06-09 22:47:00,3.1686,3.1691,3.1671,3.1686,3.1736,3.1741,3.1721,3.1736,21
2026-06-09 22:48:00,3.1681,3.1691,3.1671,3.1671,3.1731,3.1741,3.1721,3.1721,14
2026-06-09 22:49:00,3.1666,3.1671,3.1661,3.1671,3.1716,3.1721,3.1711,3.1721,4
2026-06-09 22:50:00,3.1676,3.1681,3.1671,3.1671,3.1726,3.1731,3.1721,3.1721,27
2026-06-09 22:51:00,3.1681,3.1701,3.1671,3.1696,3.1731,3.1751,3.1721,3.1746,14
2026-06-09 22:52:00,3.1711,3.1721,3.1711,3.1721,3.1761,3.1771,3.1761,3.1771,2
2026-06-09 22:53:00,3.1711,3.1721,3.1711,3.1711,3.1761,3.1771,3.1761,3.1761,3
2026-06-09 22:54:00,3.1721,3.1721,3.1691,3.1691,3.1771,3.1771,3.1741,3.1741,6
2026-06-09 22:55:00,3.1681,3.1701,3.1671,3.1691,3.1731,3.1751,3.1721,3.1741,10
2026-06-09 22:57:00,3.1686,3.1691,3.1681,3.1681,3.1736,3.1741,3.1731,3.1731,19
2026-06-09 22:58:00,3.1691,3.1706,3.1671,3.1671,3.1741,3.1756,3.1721,3.1721,13
2026-06-09 22:59:00,3.1661,3.1671,3.1644,3.1644,3.1711,3.1721,3.1694,3.1694,30
2026-06-10 00:00:00,3.1674,3.1769,3.1674,3.1674,3.1724,3.1819,3.1724,3.1724,30
2026-06-10 00:01:00,3.1664,3.1669,3.1644,3.1659,3.1714,3.1719,3.1694,3.1709,8
2026-06-10 00:02:00,3.1669,3.1669,3.1669,3.1669,3.1719,3.1719,3.1719,3.1719,1
2026-06-10 00:04:00,3.1674,3.1674,3.1669,3.1669,3.1724,3.1724,3.1719,3.1719,2
2026-06-10 00:05:00,3.1664,3.1664,3.1659,3.1659,3.1714,3.1714,3.1709,3.1709,2
2026-06-10 00:06:00,3.1664,3.1669,3.1664,3.1669,3.1714,3.1719,3.1714,3.1719,2
2026-06-10 00:07:00,3.1664,3.1669,3.1664,3.1669,3.1714,3.1719,3.1714,3.1719,2
2026-06-10 00:08:00,3.1664,3.1664,3.1644,3.1654,3.1714,3.1714,3.1694,3.1704,4
2026-06-10 00:09:00,3.1659,3.1669,3.1659,3.1669,3.1709,3.1719,3.1709,3.1719,2
2026-06-10 00:10:00,3.1664,3.1664,3.1659,3.1659,3.1714,3.1714,3.1709,3.1709,2
2026-06-10 00:11:00,3.1664,3.1664,3.1654,3.1659,3.1714,3.1714,3.1704,3.1709,5
2026-06-10 00:12:00,3.1644,3.1654,3.1644,3.1654,3.1694,3.1704,3.1694,3.1704,2
2026-06-10 00:13:00,3.1649,3.1649,3.1639,3.1639,3.1699,3.1699,3.1689,3.1689,5
2026-06-10 00:14:00,3.1634,3.1634,3.1624,3.1624,3.1684,3.1684,3.1674,3.1674,3
2026-06-10 00:17:00,3.1634,3.1634,3.1634,3.1634,3.1684,3.1684,3.1684,3.1684,1
2026-06-10 00:20:00,3.1629,3.1629,3.1619,3.1624,3.1679,3.1679,3.1669,3.1674,4
2026-06-10 00:21:00,3.1634,3.1634,3.1634,3.1634,3.1684,3.1684,3.1684,3.1684,1
2026-06-10 00:25:00,3.1644,3.1644,3.1644,3.1644,3.1694,3.1694,3.1694,3.1694,1
2026-06-10 00:26:00,3.1639,3.1639,3.1634,3.1634,3.1689,3.1689,3.1684,3.1684,2
2026-06-10 00:27:00,3.1629,3.1634,3.1629,3.1634,3.1679,3.1684,3.1679,3.1684,4
2026-06-10 00:30:00,3.1639,3.1639,3.1639,3.1639,3.1689,3.1689,3.1689,3.1689,1
2026-06-10 00:31:00,3.1634,3.1634,3.1634,3.1634,3.1684,3.1684,3.1684,3.1684,1
2026-06-10 00:33:00,3.1644,3.1644,3.1644,3.1644,3.1694,3.1694,3.1694,3.1694,1
2026-06-10 00:35:00,3.1639,3.1639,3.1639,3.1639,3.1689,3.1689,3.1689,3.1689,1
2026-06-10 00:36:00,3.1634,3.1634,3.1634,3.1634,3.1684,3.1684,3.1684,3.1684,1
2026-06-10 00:41:00,3.1639,3.1639,3.1639,3.1639,3.1689,3.1689,3.1689,3.1689,1
2026-06-10 00:51:00,3.1644,3.1644,3.1644,3.1644,3.1694,3.1694,3.1694,3.1694,1
2026-06-10 00:54:00,3.1649,3.1654,3.1634,3.1634,3.1699,3.1704,3.1684,3.1684,4
2026-06-10 00:55:00,3.1639,3.1639,3.1634,3.1634,3.1689,3.1689,3.1684,3.1684,2
2026-06-10 00:59:00,3.1624,3.1624,3.1614,3.1614,3.1674,3.1674,3.1664,3.1664,3
2026-06-10 01:00:00,3.1609,3.1624,3.1609,3.1624,3.1659,3.1674,3.1659,3.1674,4
2026-06-10 01:08:00,3.1619,3.1619,3.1619,3.1619,3.1669,3.1669,3.1669,3.1669,1
2026-06-10 01:09:00,3.1624,3.1624,3.1624,3.1624,3.1674,3.1674,3.1674,3.1674,1
2026-06-10 01:10:00,3.1629,3.1629,3.1619,3.1619,3.1679,3.1679,3.1669,3.1669,2
2026-06-10 01:11:00,3.1624,3.1624,3.1624,3.1624,3.1674,3.1674,3.1674,3.1674,1
2026-06-10 01:16:00,3.1634,3.1634,3.1629,3.1634,3.1684,3.1684,3.1679,3.1684,3
2026-06-10 01:17:00,3.1629,3.1634,3.1629,3.1634,3.1679,3.1684,3.1679,3.1684,2
2026-06-10 01:25:00,3.1624,3.1624,3.1609,3.1609,3.1674,3.1674,3.1659,3.1659,3
2026-06-10 01:26:00,3.1604,3.1604,3.1599,3.1599,3.1654,3.1654,3.1649,3.1649,2
2026-06-10 01:27:00,3.1594,3.1604,3.1584,3.1589,3.1644,3.1654,3.1634,3.1639,7
2026-06-10 01:31:00,3.1594,3.1634,3.1594,3.1624,3.1644,3.1684,3.1644,3.1674,8
2026-06-10 01:32:00,3.1614,3.1619,3.1614,3.1619,3.1664,3.1669,3.1664,3.1669,2
2026-06-10 01:33:00,3.1614,3.1614,3.1614,3.1614,3.1664,3.1664,3.1664,3.1664,1
2026-06-10 01:36:00,3.1624,3.1624,3.1619,3.1619,3.1674,3.1674,3.1669,3.1669,2
2026-06-10 01:48:00,3.1614,3.1614,3.1614,3.1614,3.1664,3.1664,3.1664,3.1664,1
2026-06-10 01:49:00,3.1604,3.1604,3.1594,3.1594,3.1654,3.1654,3.1644,3.1644,3
2026-06-10 01:50:00,3.1604,3.1624,3.1599,3.1619,3.1654,3.1674,3.1649,3.1669,8
2026-06-10 01:52:00,3.1624,3.1624,3.1614,3.1614,3.1674,3.1674,3.1664,3.1664,2
2026-06-10 01:53:00,3.1624,3.1624,3.1609,3.1609,3.1674,3.1674,3.1659,3.1659,2
2026-06-10 01:54:00,3.1614,3.1644,3.1614,3.1639,3.1664,3.1694,3.1664,3.1689,14
2026-06-10 01:55:00,3.1634,3.1634,3.1624,3.1629,3.1684,3.1684,3.1674,3.1679,6
2026-06-10 01:57:00,3.1634,3.1654,3.1634,3.1649,3.1684,3.1704,3.1684,3.1699,6
2026-06-10 01:59:00,3.1644,3.1644,3.1644,3.1644,3.1694,3.1694,3.1694,3.1694,1
2026-06-10 02:00:00,3.1634,3.1654,3.1634,3.1654,3.1684,3.1704,3.1684,3.1704,5
2026-06-10 02:02:00,3.1644,3.1644,3.1624,3.1634,3.1694,3.1694,3.1674,3.1684,5
2026-06-10 02:03:00,3.1639,3.1639,3.1624,3.1624,3.1689,3.1689,3.1674,3.1674,3
2026-06-10 02:04:00,3.1634,3.1634,3.1609,3.1614,3.1684,3.1684,3.1659,3.1664,7
2026-06-10 02:06:00,3.1604,3.1604,3.1594,3.1594,3.1654,3.1654,3.1644,3.1644,5
2026-06-10 02:07:00,3.1584,3.1594,3.1584,3.1584,3.1634,3.1644,3.1634,3.1634,11
2026-06-10 02:08:00,3.1594,3.1594,3.1584,3.1589,3.1644,3.1644,3.1634,3.1639,4
2026-06-10 02:09:00,3.1584,3.1594,3.1584,3.1589,3.1634,3.1644,3.1634,3.1639,9
2026-06-10 02:10:00,3.1594,3.1624,3.1589,3.1614,3.1644,3.1674,3.1639,3.1664,9
2026-06-10 02:11:00,3.1619,3.1654,3.1619,3.1654,3.1669,3.1704,3.1669,3.1704,13
2026-06-10 02:12:00,3.1664,3.1664,3.1654,3.1664,3.1714,3.1714,3.1704,3.1714,3
2026-06-10 02:13:00,3.1659,3.1659,3.1659,3.1659,3.1709,3.1709,3.1709,3.1709,1
2026-06-10 02:14:00,3.1654,3.1664,3.1654,3.1654,3.1704,3.1714,3.1704,3.1704,3
2026-06-10 02:15:00,3.1664,3.1664,3.1654,3.1664,3.1714,3.1714,3.1704,3.1714,5
2026-06-10 02:16:00,3.1674,3.1684,3.1664,3.1664,3.1724,3.1734,3.1714,3.1714,4
2026-06-10 02:17:00,3.1674,3.1674,3.1654,3.1654,3.1724,3.1724,3.1704,3.1704,3
2026-06-10 02:18:00,3.1644,3.1644,3.1634,3.1639,3.1694,3.1694,3.1684,3.1689,7
2026-06-10 02:19:00,3.1634,3.1634,3.1634,3.1634,3.1684,3.1684,3.1684,3.1684,1
2026-06-10 02:20:00,3.1639,3.1644,3.1639,3.1639,3.1689,3.1694,3.1689,3.1689,3
2026-06-10 02:21:00,3.1644,3.1654,3.1634,3.1654,3.1694,3.1704,3.1684,3.1704,6
2026-06-10 02:22:00,3.1649,3.1714,3.1649,3.1699,3.1699,3.1764,3.1699,3.1749,20
2026-06-10 02:23:00,3.1704,3.1714,3.1694,3.1704,3.1754,3.1764,3.1744,3.1754,10
2026-06-10 02:24:00,3.1709,3.1724,3.1704,3.1704,3.1759,3.1774,3.1754,3.1754,9
2026-06-10 02:25:00,3.1699,3.1714,3.1694,3.1694,3.1749,3.1764,3.1744,3.1744,10
2026-06-10 02:26:00,3.1704,3.1704,3.1694,3.1694,3.1754,3.1754,3.1744,3.1744,9
2026-06-10 02:27:00,3.1689,3.1689,3.1654,3.1664,3.1739,3.1739,3.1704,3.1714,12
2026-06-10 02:28:00,3.1674,3.1674,3.1654,3.1659,3.1724,3.1724,3.1704,3.1709,6
2026-06-10 02:29:00,3.1664,3.1664,3.1654,3.1654,3.1714,3.1714,3.1704,3.1704,2
2026-06-10 02:30:00,3.1649,3.1654,3.1649,3.1654,3.1699,3.1704,3.1699,3.1704,4
2026-06-10 02:31:00,3.1659,3.1659,3.1659,3.1659,3.1709,3.1709,3.1709,3.1709,1
2026-06-10 02:32:00,3.1654,3.1659,3.1654,3.1659,3.1704,3.1709,3.1704,3.1709,2
2026-06-10 02:33:00,3.1654,3.1664,3.1654,3.1664,3.1704,3.1714,3.1704,3.1714,9
2026-06-10 02:34:00,3.1659,3.1664,3.1654,3.1664,3.1709,3.1714,3.1704,3.1714,4
2026-06-10 02:35:00,3.1659,3.1659,3.1659,3.1659,3.1709,3.1709,3.1709,3.1709,1
2026-06-10 02:36:00,3.1664,3.1664,3.1659,3.1659,3.1714,3.1714,3.1709,3.1709,2
2026-06-10 02:37:00,3.1664,3.1664,3.1644,3.1649,3.1714,3.1714,3.1694,3.1699,6
2026-06-10 02:38:00,3.1644,3.1664,3.1644,3.1659,3.1694,3.1714,3.1694,3.1709,4
2026-06-10 02:39:00,3.1654,3.1664,3.1654,3.1659,3.1704,3.1714,3.1704,3.1709,3
2026-06-10 02:41:00,3.1664,3.1664,3.1664,3.1664,3.1714,3.1714,3.1714,3.1714,1
2026-06-10 02:42:00,3.1659,3.1664,3.1659,3.1659,3.1709,3.1714,3.1709,3.1709,5
2026-06-10 02:43:00,3.1654,3.1659,3.1654,3.1659,3.1704,3.1709,3.1704,3.1709,2
2026-06-10 02:44:00,3.1654,3.1654,3.1654,3.1654,3.1704,3.1704,3.1704,3.1704,1
2026-06-10 02:45:00,3.1659,3.1659,3.1659,3.1659,3.1709,3.1709,3.1709,3.1709,1
2026-06-10 02:46:00,3.1664,3.1664,3.1654,3.1654,3.1714,3.1714,3.1704,3.1704,5
2026-06-10 02:47:00,3.1649,3.1649,3.1624,3.1639,3.1699,3.1699,3.1674,3.1689,7
2026-06-10 02:48:00,3.1644,3.1644,3.1624,3.1624,3.1694,3.1694,3.1674,3.1674,4
2026-06-10 02:50:00,3.1634,3.1634,3.1624,3.1624,3.1684,3.1684,3.1674,3.1674,3
2026-06-10 02:51:00,3.1629,3.1634,3.1629,3.1634,3.1679,3.1684,3.1679,3.1684,2
2026-06-10 02:52:00,3.1629,3.1634,3.1594,3.1604,3.1679,3.1684,3.1644,3.1654,15
2026-06-10 02:53:00,3.1599,3.1599,3.1599,3.1599,3.1649,3.1649,3.1649,3.1649,1
2026-06-10 02:54:00,3.1604,3.1604,3.1604,3.1604,3.1654,3.1654,3.1654,3.1654,1
2026-06-10 02:55:00,3.1594,3.1614,3.1594,3.1599,3.1644,3.1664,3.1644,3.1649,8
2026-06-10 02:56:00,3.1594,3.1599,3.1584,3.1589,3.1644,3.1649,3.1634,3.1639,16
2026-06-10 02:57:00,3.1594,3.1594,3.1584,3.1594,3.1644,3.1644,3.1634,3.1644,9
2026-06-10 02:58:00,3.1589,3.1589,3.1584,3.1584,3.1639,3.1639,3.1634,3.1634,2
2026-06-10 02:59:00,3.1574,3.1604,3.1574,3.1594,3.1624,3.1654,3.1624,3.1644,7
2026-06-10 03:00:00,3.1599,3.1604,3.1599,3.1604,3.1649,3.1654,3.1649,3.1654,2
2026-06-10 03:01:00,3.1594,3.1614,3.1594,3.1594,3.1644,3.1664,3.1644,3.1644,18
2026-06-10 03:02:00,3.1599,3.1599,3.1589,3.1594,3.1649,3.1649,3.1639,3.1644,10
2026-06-10 03:03:00,3.1599,3.1599,3.1599,3.1599,3.1649,3.1649,3.1649,3.1649,1
2026-06-10 03:04:00,3.1604,3.1604,3.1589,3.1594,3.1654,3.1654,3.1639,3.1644,13
2026-06-10 03:05:00,3.1589,3.1594,3.1589,3.1594,3.1639,3.1644,3.1639,3.1644,2
2026-06-10 03:06:00,3.1589,3.1594,3.1589,3.1589,3.1639,3.1644,3.1639,3.1639,17
2026-06-10 03:07:00,3.1594,3.1594,3.1584,3.1594,3.1644,3.1644,3.1634,3.1644,6
2026-06-10 03:08:00,3.1599,3.1599,3.1594,3.1599,3.1649,3.1649,3.1644,3.1649,7
2026-06-10 03:09:00,3.1604,3.1604,3.1604,3.1604,3.1654,3.1654,3.1654,3.1654,1
2026-06-10 03:10:00,3.1594,3.1599,3.1584,3.1584,3.1644,3.1649,3.1634,3.1634,11
2026-06-10 03:11:00,3.1594,3.1594,3.1584,3.1584,3.1644,3.1644,3.1634,3.1634,11
2026-06-10 03:12:00,3.1589,3.1589,3.1574,3.1584,3.1639,3.1639,3.1624,3.1634,11
2026-06-10 03:14:00,3.1589,3.1594,3.1584,3.1594,3.1639,3.1644,3.1634,3.1644,5
2026-06-10 03:15:00,3.1584,3.1589,3.1584,3.1589,3.1634,3.1639,3.1634,3.1639,2
2026-06-10 03:16:00,3.1584,3.1589,3.1579,3.1584,3.1634,3.1639,3.1629,3.1634,5
2026-06-10 03:18:00,3.1579,3.1584,3.1564,3.1584,3.1629,3.1634,3.1614,3.1634,5
2026-06-10 03:20:00,3.1594,3.1594,3.1594,3.1594,3.1644,3.1644,3.1644,3.1644,1
2026-06-10 03:22:00,3.1584,3.1594,3.1584,3.1594,3.1634,3.1644,3.1634,3.1644,2
2026-06-10 03:26:00,3.1599,3.1614,3.1599,3.1614,3.1649,3.1664,3.1649,3.1664,4
2026-06-10 03:27:00,3.1619,3.1624,3.1614,3.1614,3.1669,3.1674,3.1664,3.1664,4
2026-06-10 03:29:00,3.1619,3.1634,3.1614,3.1629,3.1669,3.1684,3.1664,3.1679,9
2026-06-10 03:30:00,3.1624,3.1629,3.1624,3.1629,3.1674,3.1679,3.1674,3.1679,2
2026-06-10 03:31:00,3.1634,3.1644,3.1634,3.1634,3.1684,3.1694,3.1684,3.1684,3
2026-06-10 03:32:00,3.1624,3.1624,3.1624,3.1624,3.1674,3.1674,3.1674,3.1674,1
2026-06-10 03:36:00,3.1634,3.1634,3.1634,3.1634,3.1684,3.1684,3.1684,3.1684,1
2026-06-10 03:37:00,3.1654,3.1654,3.1644,3.1644,3.1704,3.1704,3.1694,3.1694,5
2026-06-10 03:38:00,3.1654,3.1654,3.1644,3.1644,3.1704,3.1704,3.1694,3.1694,2
2026-06-10 03:43:00,3.1634,3.1634,3.1629,3.1634,3.1684,3.1684,3.1679,3.1684,3
2026-06-10 03:44:00,3.1624,3.1624,3.1624,3.1624,3.1674,3.1674,3.1674,3.1674,1
2026-06-10 03:48:00,3.1614,3.1614,3.1614,3.1614,3.1664,3.1664,3.1664,3.1664,1
2026-06-10 03:49:00,3.1624,3.1624,3.1624,3.1624,3.1674,3.1674,3.1674,3.1674,1
2026-06-10 03:51:00,3.1634,3.1644,3.1634,3.1644,3.1684,3.1694,3.1684,3.1694,2
2026-06-10 03:52:00,3.1654,3.1654,3.1644,3.1644,3.1704,3.1704,3.1694,3.1694,8
2026-06-10 03:53:00,3.1634,3.1634,3.1634,3.1634,3.1684,3.1684,3.1684,3.1684,1
2026-06-10 03:54:00,3.1639,3.1644,3.1634,3.1634,3.1689,3.1694,3.1684,3.1684,4
2026-06-10 03:56:00,3.1639,3.1639,3.1634,3.1639,3.1689,3.1689,3.1684,3.1689,11
2026-06-10 03:57:00,3.1634,3.1639,3.1634,3.1639,3.1684,3.1689,3.1684,3.1689,6
2026-06-10 03:59:00,3.1644,3.1644,3.1644,3.1644,3.1694,3.1694,3.1694,3.1694,1
2026-06-10 04:01:00,3.1649,3.1654,3.1644,3.1654,3.1699,3.1704,3.1694,3.1704,5
2026-06-10 04:02:00,3.1649,3.1649,3.1634,3.1634,3.1699,3.1699,3.1684,3.1684,3
2026-06-10 04:03:00,3.1629,3.1634,3.1629,3.1634,3.1679,3.1684,3.1679,3.1684,2
2026-06-10 04:04:00,3.1629,3.1629,3.1624,3.1629,3.1679,3.1679,3.1674,3.1679,21
2026-06-10 04:05:00,3.1624,3.1629,3.1614,3.1614,3.1674,3.1679,3.1664,3.1664,4
2026-06-10 04:07:00,3.1619,3.1624,3.1614,3.1624,3.1669,3.1674,3.1664,3.1674,4
2026-06-10 04:09:00,3.1614,3.1619,3.1614,3.1619,3.1664,3.1669,3.1664,3.1669,2
2026-06-10 04:10:00,3.1614,3.1614,3.1614,3.1614,3.1664,3.1664,3.1664,3.1664,1
2026-06-10 04:13:00,3.1609,3.1609,3.1604,3.1604,3.1659,3.1659,3.1654,3.1654,2
2026-06-10 04:16:00,3.1609,3.1609,3.1599,3.1599,3.1659,3.1659,3.1649,3.1649,3
2026-06-10 04:17:00,3.1604,3.1604,3.1604,3.1604,3.1654,3.1654,3.1654,3.1654,1
2026-06-10 04:18:00,3.1594,3.1604,3.1594,3.1604,3.1644,3.1654,3.1644,3.1654,10
2026-06-10 04:21:00,3.1594,3.1599,3.1594,3.1594,3.1644,3.1649,3.1644,3.1644,5
2026-06-10 04:22:00,3.1589,3.1589,3.1534,3.1544,3.1639,3.1639,3.1584,3.1594,11
2026-06-10 04:25:00,3.1539,3.1564,3.1539,3.1564,3.1589,3.1614,3.1589,3.1614,9
2026-06-10 04:29:00,3.1554,3.1564,3.1554,3.1564,3.1604,3.1614,3.1604,3.1614,9
2026-06-10 04:30:00,3.1574,3.1594,3.1564,3.1594,3.1624,3.1644,3.1614,3.1644,9
2026-06-10 04:31:00,3.1584,3.1584,3.1584,3.1584,3.1634,3.1634,3.1634,3.1634,1
2026-06-10 04:36:00,3.1574,3.1584,3.1574,3.1584,3.1624,3.1634,3.1624,3.1634,2
2026-06-10 04:39:00,3.1594,3.1594,3.1584,3.1584,3.1644,3.1644,3.1634,3.1634,4
2026-06-10 04:46:00,3.1589,3.1599,3.1589,3.1594,3.1639,3.1649,3.1639,3.1644,10
2026-06-10 04:47:00,3.1584,3.1584,3.1584,3.1584,3.1634,3.1634,3.1634,3.1634,1
2026-06-10 04:50:00,3.1594,3.1594,3.1594,3.1594,3.1644,3.1644,3.1644,3.1644,1
2026-06-10 04:55:00,3.1604,3.1604,3.1604,3.1604,3.1654,3.1654,3.1654,3.1654,1
2026-06-10 05:00:00,3.1614,3.1614,3.1604,3.1604,3.1664,3.1664,3.1654,3.1654,2
2026-06-10 05:03:00,3.1594,3.1594,3.1584,3.1594,3.1644,3.1644,3.1634,3.1644,11
2026-06-10 05:04:00,3.1589,3.1594,3.1589,3.1594,3.1639,3.1644,3.1639,3.1644,2
2026-06-10 05:05:00,3.1584,3.1584,3.1574,3.1574,3.1634,3.1634,3.1624,3.1624,2
2026-06-10 05:06:00,3.1584,3.1584,3.1574,3.1574,3.1634,3.1634,3.1624,3.1624,2
2026-06-10 05:11:00,3.1569,3.1569,3.1564,3.1564,3.1619,3.1619,3.1614,3.1614,2
2026-06-10 05:12:00,3.1554,3.1554,3.1549,3.1554,3.1604,3.1604,3.1599,3.1604,3
2026-06-10 05:15:00,3.1564,3.1564,3.1554,3.1554,3.1614,3.1614,3.1604,3.1604,3
2026-06-10 05:16:00,3.1559,3.1574,3.1559,3.1574,3.1609,3.1624,3.1609,3.1624,7
2026-06-10 05:17:00,3.1564,3.1584,3.1564,3.1574,3.1614,3.1634,3.1614,3.1624,6
2026-06-10 05:24:00,3.1579,3.1584,3.1579,3.1584,3.1629,3.1634,3.1629,3.1634,2
2026-06-10 05:25:00,3.1579,3.1584,3.1574,3.1574,3.1629,3.1634,3.1624,3.1624,4
2026-06-10 05:26:00,3.1564,3.1564,3.1564,3.1564,3.1614,3.1614,3.1614,3.1614,1
2026-06-10 05:30:00,3.1569,3.1634,3.1564,3.1624,3.1619,3.1684,3.1614,3.1674,22
2026-06-10 05:31:00,3.1614,3.1624,3.1604,3.1609,3.1664,3.1674,3.1654,3.1659,6
2026-06-10 05:32:00,3.1604,3.1604,3.1594,3.1594,3.1654,3.1654,3.1644,3.1644,2
2026-06-10 05:33:00,3.1604,3.1614,3.1604,3.1614,3.1654,3.1664,3.1654,3.1664,4
2026-06-10 05:34:00,3.1609,3.1624,3.1604,3.1604,3.1659,3.1674,3.1654,3.1654,10
2026-06-10 05:35:00,3.1599,3.1604,3.1594,3.1594,3.1649,3.1654,3.1644,3.1644,13
2026-06-10 05:36:00,3.1584,3.1594,3.1584,3.1594,3.1634,3.1644,3.1634,3.1644,19
2026-06-10 05:37:00,3.1589,3.1604,3.1589,3.1594,3.1639,3.1654,3.1639,3.1644,6
2026-06-10 05:38:00,3.1589,3.1589,3.1574,3.1574,3.1639,3.1639,3.1624,3.1624,10
2026-06-10 05:41:00,3.1564,3.1564,3.1564,3.1564,3.1614,3.1614,3.1614,3.1614,1
2026-06-10 05:46:00,3.1554,3.1564,3.1554,3.1554,3.1604,3.1614,3.1604,3.1604,3
2026-06-10 05:47:00,3.1549,3.1549,3.1544,3.1544,3.1599,3.1599,3.1594,3.1594,2
2026-06-10 05:48:00,3.1534,3.1534,3.1534,3.1534,3.1584,3.1584,3.1584,3.1584,1
2026-06-10 05:50:00,3.1544,3.1544,3.1534,3.1534,3.1594,3.1594,3.1584,3.1584,3
2026-06-10 05:53:00,3.1544,3.1554,3.1544,3.1554,3.1594,3.1604,3.1594,3.1604,2
2026-06-10 05:55:00,3.1549,3.1549,3.1534,3.1534,3.1599,3.1599,3.1584,3.1584,2
2026-06-10 05:57:00,3.1539,3.1544,3.1534,3.1534,3.1589,3.1594,3.1584,3.1584,4
2026-06-10 05:58:00,3.1544,3.1544,3.1534,3.1534,3.1594,3.1594,3.1584,3.1584,2
2026-06-10 05:59:00,3.1544,3.1554,3.1544,3.1544,3.1594,3.1604,3.1594,3.1594,3
2026-06-10 06:00:00,3.1549,3.1549,3.1544,3.1549,3.1599,3.1599,3.1594,3.1599,3
2026-06-10 06:01:00,3.1544,3.1559,3.1544,3.1544,3.1594,3.1609,3.1594,3.1594,5
2026-06-10 06:03:00,3.1554,3.1554,3.1544,3.1544,3.1604,3.1604,3.1594,3.1594,2
2026-06-10 06:04:00,3.1534,3.1534,3.1504,3.1519,3.1584,3.1584,3.1554,3.1569,12
2026-06-10 06:05:00,3.1524,3.1524,3.1514,3.1514,3.1574,3.1574,3.1564,3.1564,2
2026-06-10 06:06:00,3.1519,3.1524,3.1519,3.1524,3.1569,3.1574,3.1569,3.1574,2
2026-06-10 06:07:00,3.1514,3.1514,3.1504,3.1504,3.1564,3.1564,3.1554,3.1554,2
2026-06-10 06:08:00,3.1494,3.1524,3.1494,3.1509,3.1544,3.1574,3.1544,3.1559,8
2026-06-10 06:09:00,3.1514,3.1514,3.1504,3.1504,3.1564,3.1564,3.1554,3.1554,3
2026-06-10 06:10:00,3.1499,3.1499,3.1394,3.1424,3.1549,3.1549,3.1444,3.1474,50
2026-06-10 06:11:00,3.1434,3.1434,3.1424,3.1424,3.1484,3.1484,3.1474,3.1474,5
2026-06-10 06:12:00,3.1429,3.1444,3.1424,3.1444,3.1479,3.1494,3.1474,3.1494,7
2026-06-10 06:13:00,3.1449,3.1454,3.1444,3.1444,3.1499,3.1504,3.1494,3.1494,3
2026-06-10 06:14:00,3.1434,3.1444,3.1434,3.1444,3.1484,3.1494,3.1484,3.1494,2
2026-06-10 06:16:00,3.1434,3.1434,3.1429,3.1434,3.1484,3.1484,3.1479,3.1484,5
2026-06-10 06:17:00,3.1444,3.1454,3.1434,3.1434,3.1494,3.1504,3.1484,3.1484,6
2026-06-10 06:19:00,3.1424,3.1424,3.1424,3.1424,3.1474,3.1474,3.1474,3.1474,1
2026-06-10 06:21:00,3.1434,3.1434,3.1424,3.1434,3.1484,3.1484,3.1474,3.1484,4
2026-06-10 06:22:00,3.1424,3.1424,3.1424,3.1424,3.1474,3.1474,3.1474,3.1474,1
2026-06-10 06:25:00,3.1434,3.1434,3.1434,3.1434,3.1484,3.1484,3.1484,3.1484,1
2026-06-10 06:26:00,3.1424,3.1434,3.1419,3.1434,3.1474,3.1484,3.1469,3.1484,4
2026-06-10 06:27:00,3.1424,3.1424,3.1424,3.1424,3.1474,3.1474,3.1474,3.1474,1
2026-06-10 06:29:00,3.1414,3.1414,3.1404,3.1404,3.1464,3.1464,3.1454,3.1454,6
2026-06-10 06:35:00,3.1414,3.1414,3.1414,3.1414,3.1464,3.1464,3.1464,3.1464,1
2026-06-10 06:37:00,3.1424,3.1424,3.1414,3.1414,3.1474,3.1474,3.1464,3.1464,2
2026-06-10 06:38:00,3.1404,3.1414,3.1404,3.1414,3.1454,3.1464,3.1454,3.1464,4
2026-06-10 06:39:00,3.1409,3.1409,3.1394,3.1394,3.1459,3.1459,3.1444,3.1444,5
2026-06-10 06:40:00,3.1399,3.1404,3.1399,3.1404,3.1449,3.1454,3.1449,3.1454,6
2026-06-10 06:41:00,3.1394,3.1404,3.1384,3.1384,3.1444,3.1454,3.1434,3.1434,6
2026-06-10 06:42:00,3.1379,3.1384,3.1374,3.1384,3.1429,3.1434,3.1424,3.1434,4
2026-06-10 06:43:00,3.1394,3.1394,3.1384,3.1384,3.1444,3.1444,3.1434,3.1434,3
2026-06-10 06:44:00,3.1374,3.1374,3.1374,3.1374,3.1424,3.1424,3.1424,3.1424,1
2026-06-10 06:45:00,3.1379,3.1379,3.1374,3.1379,3.1429,3.1429,3.1424,3.1429,9
2026-06-10 06:46:00,3.1374,3.1374,3.1374,3.1374,3.1424,3.1424,3.1424,3.1424,1
2026-06-10 06:51:00,3.1384,3.1384,3.1344,3.1344,3.1434,3.1434,3.1394,3.1394,8
2026-06-10 06:52:00,3.1354,3.1354,3.1354,3.1354,3.1404,3.1404,3.1404,3.1404,1
2026-06-10 06:53:00,3.1349,3.1354,3.1344,3.1344,3.1399,3.1404,3.1394,3.1394,6
2026-06-10 06:54:00,3.1354,3.1354,3.1344,3.1344,3.1404,3.1404,3.1394,3.1394,2
2026-06-10 06:57:00,3.1354,3.1354,3.1344,3.1344,3.1404,3.1404,3.1394,3.1394,4
2026-06-10 06:58:00,3.1334,3.1334,3.1334,3.1334,3.1384,3.1384,3.1384,3.1384,1
2026-06-10 06:59:00,3.1324,3.1324,3.1314,3.1324,3.1374,3.1374,3.1364,3.1374,5
2026-06-10 07:00:00,3.1319,3.1319,3.1154,3.1154,3.1369,3.1369,3.1204,3.1204,46
2026-06-10 07:01:00,3.1164,3.1204,3.1164,3.1174,3.1214,3.1254,3.1214,3.1224,31
2026-06-10 07:02:00,3.1169,3.1194,3.1154,3.1184,3.1219,3.1244,3.1204,3.1234,20
2026-06-10 07:03:00,3.1189,3.1204,3.1179,3.1189,3.1239,3.1254,3.1229,3.1239,15
2026-06-10 07:04:00,3.1184,3.1184,3.1174,3.1184,3.1234,3.1234,3.1224,3.1234,6
2026-06-10 07:05:00,3.1194,3.1204,3.1174,3.1184,3.1244,3.1254,3.1224,3.1234,18
2026-06-10 07:06:00,3.1174,3.1174,3.1104,3.1124,3.1224,3.1224,3.1154,3.1174,26
2026-06-10 07:07:00,3.1119,3.1124,3.1104,3.1114,3.1169,3.1174,3.1154,3.1164,19
2026-06-10 07:08:00,3.1104,3.1129,3.1094,3.1124,3.1154,3.1179,3.1144,3.1174,16
2026-06-10 07:09:00,3.1119,3.1119,3.1104,3.1104,3.1169,3.1169,3.1154,3.1154,4
2026-06-10 07:10:00,3.1094,3.1124,3.1094,3.1104,3.1144,3.1174,3.1144,3.1154,13
2026-06-10 07:11:00,3.1099,3.1124,3.1099,3.1104,3.1149,3.1174,3.1149,3.1154,10
2026-06-10 07:12:00,3.1114,3.1114,3.1109,3.1114,3.1164,3.1164,3.1159,3.1164,3
2026-06-10 07:13:00,3.1104,3.1109,3.1074,3.1104,3.1154,3.1159,3.1124,3.1154,12
2026-06-10 07:14:00,3.1114,3.1114,3.1094,3.1094,3.1164,3.1164,3.1144,3.1144,5
2026-06-10 07:15:00,3.1099,3.1114,3.1099,3.1114,3.1149,3.1164,3.1149,3.1164,3
2026-06-10 07:16:00,3.1104,3.1114,3.1099,3.1099,3.1154,3.1164,3.1149,3.1149,8
2026-06-10 07:17:00,3.1094,3.1104,3.1084,3.1084,3.1144,3.1154,3.1134,3.1134,11
2026-06-10 07:18:00,3.1079,3.1119,3.1079,3.1104,3.1129,3.1169,3.1129,3.1154,9
2026-06-10 07:19:00,3.1109,3.1114,3.1104,3.1109,3.1159,3.1164,3.1154,3.1159,4
2026-06-10 07:20:00,3.1114,3.1114,3.1094,3.1094,3.1164,3.1164,3.1144,3.1144,13
2026-06-10 07:21:00,3.1104,3.1104,3.1094,3.1094,3.1154,3.1154,3.1144,3.1144,2
2026-06-10 07:22:00,3.1089,3.1094,3.1084,3.1084,3.1139,3.1144,3.1134,3.1134,5
2026-06-10 07:23:00,3.1074,3.1074,3.1014,3.1044,3.1124,3.1124,3.1064,3.1094,26
2026-06-10 07:24:00,3.1034,3.1054,3.1034,3.1044,3.1084,3.1104,3.1084,3.1094,7
2026-06-10 07:25:00,3.1039,3.1039,3.1024,3.1029,3.1089,3.1089,3.1074,3.1079,6
2026-06-10 07:26:00,3.1024,3.1024,3.0994,3.0999,3.1074,3.1074,3.1044,3.1049,10
2026-06-10 07:27:00,3.0994,3.1024,3.0994,3.1009,3.1044,3.1074,3.1044,3.1059,15
2026-06-10 07:28:00,3.1004,3.1014,3.1004,3.1004,3.1054,3.1064,3.1054,3.1054,4
2026-06-10 07:30:00,3.0994,3.1004,3.0994,3.0994,3.1044,3.1054,3.1044,3.1044,11
2026-06-10 07:31:00,3.1004,3.1054,3.1004,3.1054,3.1054,3.1104,3.1054,3.1104,18
2026-06-10 07:32:00,3.1064,3.1094,3.1064,3.1094,3.1114,3.1144,3.1114,3.1144,11
2026-06-10 07:33:00,3.1089,3.1104,3.1084,3.1104,3.1139,3.1154,3.1134,3.1154,11
2026-06-10 07:34:00,3.1114,3.1114,3.1094,3.1094,3.1164,3.1164,3.1144,3.1144,11
2026-06-10 07:35:00,3.1099,3.1124,3.1099,3.1104,3.1149,3.1174,3.1149,3.1154,14
2026-06-10 07:36:00,3.1109,3.1134,3.1109,3.1109,3.1159,3.1184,3.1159,3.1159,6
2026-06-10 07:37:00,3.1099,3.1124,3.1084,3.1084,3.1149,3.1174,3.1134,3.1134,12
2026-06-10 07:38:00,3.1079,3.1094,3.1074,3.1084,3.1129,3.1144,3.1124,3.1134,11
2026-06-10 07:39:00,3.1089,3.1094,3.1084,3.1094,3.1139,3.1144,3.1134,3.1144,7
2026-06-10 07:41:00,3.1104,3.1104,3.1089,3.1089,3.1154,3.1154,3.1139,3.1139,5
2026-06-10 07:42:00,3.1084,3.1084,3.1079,3.1084,3.1134,3.1134,3.1129,3.1134,3
2026-06-10 07:43:00,3.1079,3.1084,3.1079,3.1084,3.1129,3.1134,3.1129,3.1134,4
2026-06-10 07:44:00,3.1079,3.1084,3.1079,3.1079,3.1129,3.1134,3.1129,3.1129,3
2026-06-10 07:45:00,3.1074,3.1109,3.1074,3.1109,3.1124,3.1159,3.1124,3.1159,14
2026-06-10 07:46:00,3.1124,3.1154,3.1104,3.1109,3.1174,3.1204,3.1154,3.1159,22
2026-06-10 07:47:00,3.1104,3.1124,3.1104,3.1119,3.1154,3.1174,3.1154,3.1169,9
2026-06-10 07:48:00,3.1124,3.1134,3.1104,3.1114,3.1174,3.1184,3.1154,3.1164,21
2026-06-10 07:49:00,3.1109,3.1114,3.1104,3.1109,3.1159,3.1164,3.1154,3.1159,6
2026-06-10 07:50:00,3.1114,3.1114,3.1104,3.1104,3.1164,3.1164,3.1154,3.1154,5
2026-06-10 07:51:00,3.1114,3.1114,3.1104,3.1109,3.1164,3.1164,3.1154,3.1159,8
2026-06-10 07:52:00,3.1099,3.1099,3.1089,3.1089,3.1149,3.1149,3.1139,3.1139,2
2026-06-10 07:53:00,3.1094,3.1104,3.1094,3.1099,3.1144,3.1154,3.1144,3.1149,3
2026-06-10 07:54:00,3.1104,3.1134,3.1104,3.1134,3.1154,3.1184,3.1154,3.1184,9
2026-06-10 07:55:00,3.1144,3.1174,3.1144,3.1169,3.1194,3.1224,3.1194,3.1219,26
2026-06-10 07:56:00,3.1159,3.1184,3.1159,3.1169,3.1209,3.1234,3.1209,3.1219,12
2026-06-10 07:57:00,3.1164,3.1174,3.1164,3.1164,3.1214,3.1224,3.1214,3.1214,6
2026-06-10 07:58:00,3.1159,3.1169,3.1159,3.1169,3.1209,3.1219,3.1209,3.1219,6
2026-06-10 07:59:00,3.1174,3.1174,3.1139,3.1144,3.1224,3.1224,3.1189,3.1194,20
2026-06-10 08:00:00,3.1139,3.1144,3.1124,3.1134,3.1189,3.1194,3.1174,3.1184,17
2026-06-10 08:01:00,3.1129,3.1129,3.1104,3.1104,3.1179,3.1179,3.1154,3.1154,27
2026-06-10 08:02:00,3.1114,3.1114,3.1104,3.1114,3.1164,3.1164,3.1154,3.1164,5
2026-06-10 08:03:00,3.1104,3.1124,3.1104,3.1124,3.1154,3.1174,3.1154,3.1174,7
2026-06-10 08:04:00,3.1129,3.1149,3.1129,3.1149,3.1179,3.1199,3.1179,3.1199,7
2026-06-10 08:05:00,3.1154,3.1164,3.1139,3.1139,3.1204,3.1214,3.1189,3.1189,8
2026-06-10 08:06:00,3.1134,3.1134,3.1114,3.1124,3.1184,3.1184,3.1164,3.1174,4
2026-06-10 08:07:00,3.1134,3.1144,3.1124,3.1139,3.1184,3.1194,3.1174,3.1189,9
2026-06-10 08:08:00,3.1134,3.1134,3.1134,3.1134,3.1184,3.1184,3.1184,3.1184,1
2026-06-10 08:09:00,3.1144,3.1154,3.1144,3.1149,3.1194,3.1204,3.1194,3.1199,6
2026-06-10 08:10:00,3.1144,3.1154,3.1144,3.1154,3.1194,3.1204,3.1194,3.1204,4
2026-06-10 08:11:00,3.1144,3.1144,3.1144,3.1144,3.1194,3.1194,3.1194,3.1194,1
2026-06-10 08:12:00,3.1154,3.1154,3.1144,3.1144,3.1204,3.1204,3.1194,3.1194,5
2026-06-10 08:13:00,3.1134,3.1154,3.1134,3.1144,3.1184,3.1204,3.1184,3.1194,9
2026-06-10 08:14:00,3.1149,3.1154,3.1139,3.1139,3.1199,3.1204,3.1189,3.1189,7
2026-06-10 08:15:00,3.1134,3.1144,3.1124,3.1144,3.1184,3.1194,3.1174,3.1194,5
2026-06-10 08:16:00,3.1139,3.1154,3.1139,3.1144,3.1189,3.1204,3.1189,3.1194,14
2026-06-10 08:17:00,3.1134,3.1144,3.1134,3.1144,3.1184,3.1194,3.1184,3.1194,2
2026-06-10 08:18:00,3.1139,3.1139,3.1134,3.1134,3.1189,3.1189,3.1184,3.1184,4
2026-06-10 08:19:00,3.1124,3.1134,3.1114,3.1114,3.1174,3.1184,3.1164,3.1164,9
2026-06-10 08:20:00,3.1109,3.1114,3.1104,3.1104,3.1159,3.1164,3.1154,3.1154,4
2026-06-10 08:21:00,3.1099,3.1104,3.1084,3.1084,3.1149,3.1154,3.1134,3.1134,5
2026-06-10 08:22:00,3.1079,3.1084,3.1074,3.1074,3.1129,3.1134,3.1124,3.1124,8
2026-06-10 08:23:00,3.1064,3.1114,3.1064,3.1099,3.1114,3.1164,3.1114,3.1149,25
2026-06-10 08:24:00,3.1104,3.1104,3.1064,3.1079,3.1154,3.1154,3.1114,3.1129,24
2026-06-10 08:25:00,3.1084,3.1104,3.1074,3.1089,3.1134,3.1154,3.1124,3.1139,19
2026-06-10 08:26:00,3.1084,3.1094,3.1084,3.1089,3.1134,3.1144,3.1134,3.1139,4
2026-06-10 08:27:00,3.1084,3.1094,3.1054,3.1089,3.1134,3.1144,3.1104,3.1139,19
2026-06-10 08:28:00,3.1084,3.1094,3.1079,3.1094,3.1134,3.1144,3.1129,3.1144,8
2026-06-10 08:29:00,3.1104,3.1104,3.1084,3.1089,3.1154,3.1154,3.1134,3.1139,7
2026-06-10 08:30:00,3.1084,3.1089,3.1074,3.1089,3.1134,3.1139,3.1124,3.1139,13
2026-06-10 08:31:00,3.1084,3.1084,3.1079,3.1079,3.1134,3.1134,3.1129,3.1129,4
2026-06-10 08:32:00,3.1084,3.1084,3.1064,3.1074,3.1134,3.1134,3.1114,3.1124,4
2026-06-10 08:35:00,3.1084,3.1084,3.1054,3.1059,3.1134,3.1134,3.1104,3.1109,7
2026-06-10 08:36:00,3.1064,3.1064,3.1014,3.1034,3.1114,3.1114,3.1064,3.1084,20
2026-06-10 08:37:00,3.1039,3.1044,3.1034,3.1044,3.1089,3.1094,3.1084,3.1094,13
2026-06-10 08:38:00,3.1039,3.1074,3.1039,3.1074,3.1089,3.1124,3.1089,3.1124,10
2026-06-10 08:39:00,3.1084,3.1084,3.1079,3.1084,3.1134,3.1134,3.1129,3.1134,3
2026-06-10 08:41:00,3.1074,3.1084,3.1064,3.1084,3.1124,3.1134,3.1114,3.1134,7
2026-06-10 08:42:00,3.1094,3.1094,3.1084,3.1084,3.1144,3.1144,3.1134,3.1134,4
2026-06-10 08:43:00,3.1089,3.1104,3.1084,3.1099,3.1139,3.1154,3.1134,3.1149,7
2026-06-10 08:44:00,3.1094,3.1104,3.1094,3.1104,3.1144,3.1154,3.1144,3.1154,2
2026-06-10 08:45:00,3.1114,3.1114,3.1084,3.1104,3.1164,3.1164,3.1134,3.1154,21
2026-06-10 08:46:00,3.1114,3.1114,3.1079,3.1094,3.1164,3.1164,3.1129,3.1144,15
2026-06-10 08:47:00,3.1114,3.1124,3.1114,3.1124,3.1164,3.1174,3.1164,3.1174,4
2026-06-10 08:48:00,3.1134,3.1134,3.1104,3.1114,3.1184,3.1184,3.1154,3.1164,17
2026-06-10 08:49:00,3.1119,3.1124,3.1104,3.1114,3.1169,3.1174,3.1154,3.1164,44
2026-06-10 08:50:00,3.1109,3.1119,3.1104,3.1114,3.1159,3.1169,3.1154,3.1164,15
2026-06-10 08:51:00,3.1119,3.1164,3.1114,3.1164,3.1169,3.1214,3.1164,3.1214,14
2026-06-10 08:52:00,3.1174,3.1234,3.1174,3.1224,3.1224,3.1284,3.1224,3.1274,17
2026-06-10 08:53:00,3.1214,3.1304,3.1194,3.1289,3.1264,3.1354,3.1244,3.1339,38
2026-06-10 08:54:00,3.1284,3.1344,3.1264,3.1344,3.1334,3.1394,3.1314,3.1394,24
2026-06-10 08:55:00,3.1334,3.1414,3.1324,3.1394,3.1384,3.1464,3.1374,3.1444,43
2026-06-10 08:56:00,3.1404,3.1474,3.1384,3.1454,3.1454,3.1524,3.1434,3.1504,43
2026-06-10 08:57:00,3.1444,3.1454,3.1419,3.1444,3.1494,3.1504,3.1469,3.1494,26
2026-06-10 08:58:00,3.1454,3.1484,3.1454,3.1464,3.1504,3.1534,3.1504,3.1514,20
2026-06-10 08:59:00,3.1474,3.1524,3.1474,3.1479,3.1524,3.1574,3.1524,3.1529,30
2026-06-10 09:00:00,3.1474,3.1474,3.1434,3.1459,3.1524,3.1524,3.1484,3.1509,31
2026-06-10 09:01:00,3.1454,3.1454,3.1434,3.1444,3.1504,3.1504,3.1484,3.1494,33
2026-06-10 09:02:00,3.1454,3.1514,3.1454,3.1504,3.1504,3.1564,3.1504,3.1554,21
2026-06-10 09:03:00,3.1509,3.1554,3.1494,3.1534,3.1559,3.1604,3.1544,3.1584,22
2026-06-10 09:04:00,3.1524,3.1544,3.1524,3.1524,3.1574,3.1594,3.1574,3.1574,10
2026-06-10 09:05:00,3.1514,3.1514,3.1464,3.1464,3.1564,3.1564,3.1514,3.1514,22
2026-06-10 09:06:00,3.1474,3.1504,3.1474,3.1484,3.1524,3.1554,3.1524,3.1534,12
2026-06-10 09:07:00,3.1474,3.1484,3.1474,3.1484,3.1524,3.1534,3.1524,3.1534,2
2026-06-10 09:08:00,3.1474,3.1514,3.1474,3.1504,3.1524,3.1564,3.1524,3.1554,6
2026-06-10 09:09:00,3.1509,3.1514,3.1509,3.1514,3.1559,3.1564,3.1559,3.1564,2
2026-06-10 09:10:00,3.1504,3.1524,3.1504,3.1514,3.1554,3.1574,3.1554,3.1564,6
2026-06-10 09:11:00,3.1504,3.1534,3.1504,3.1524,3.1554,3.1584,3.1554,3.1574,11
2026-06-10 09:12:00,3.1534,3.1554,3.1534,3.1534,3.1584,3.1604,3.1584,3.1584,12
2026-06-10 09:13:00,3.1544,3.1554,3.1514,3.1554,3.1594,3.1604,3.1564,3.1604,15
2026-06-10 09:14:00,3.1544,3.1544,3.1514,3.1534,3.1594,3.1594,3.1564,3.1584,8
2026-06-10 09:15:00,3.1524,3.1554,3.1519,3.1524,3.1574,3.1604,3.1569,3.1574,12
2026-06-10 09:17:00,3.1534,3.1544,3.1534,3.1544,3.1584,3.1594,3.1584,3.1594,5
2026-06-10 09:18:00,3.1534,3.1554,3.1524,3.1544,3.1584,3.1604,3.1574,3.1594,12
2026-06-10 09:19:00,3.1549,3.1594,3.1544,3.1584,3.1599,3.1644,3.1594,3.1634,13
2026-06-10 09:20:00,3.1594,3.1604,3.1564,3.1604,3.1644,3.1654,3.1614,3.1654,13
2026-06-10 09:21:00,3.1614,3.1654,3.1604,3.1624,3.1664,3.1704,3.1654,3.1674,33
2026-06-10 09:22:00,3.1629,3.1634,3.1614,3.1614,3.1679,3.1684,3.1664,3.1664,16
2026-06-10 09:23:00,3.1604,3.1634,3.1574,3.1594,3.1654,3.1684,3.1624,3.1644,32
2026-06-10 09:24:00,3.1604,3.1614,3.1604,3.1604,3.1654,3.1664,3.1654,3.1654,8
2026-06-10 09:25:00,3.1614,3.1644,3.1604,3.1644,3.1664,3.1694,3.1654,3.1694,19
2026-06-10 09:26:00,3.1654,3.1694,3.1654,3.1684,3.1704,3.1744,3.1704,3.1734,36
2026-06-10 09:27:00,3.1674,3.1684,3.1664,3.1674,3.1724,3.1734,3.1714,3.1724,9
2026-06-10 09:28:00,3.1684,3.1684,3.1659,3.1664,3.1734,3.1734,3.1709,3.1714,5
2026-06-10 09:29:00,3.1674,3.1704,3.1664,3.1694,3.1724,3.1754,3.1714,3.1744,20
2026-06-10 09:30:00,3.1684,3.1704,3.1664,3.1674,3.1734,3.1754,3.1714,3.1724,31
2026-06-10 09:31:00,3.1664,3.1674,3.1664,3.1674,3.1714,3.1724,3.1714,3.1724,14
2026-06-10 09:33:00,3.1684,3.1684,3.1644,3.1674,3.1734,3.1734,3.1694,3.1724,11
2026-06-10 09:34:00,3.1684,3.1694,3.1674,3.1694,3.1734,3.1744,3.1724,3.1744,5
2026-06-10 09:35:00,3.1684,3.1694,3.1674,3.1684,3.1734,3.1744,3.1724,3.1734,10
2026-06-10 09:36:00,3.1679,3.1694,3.1674,3.1684,3.1729,3.1744,3.1724,3.1734,17
2026-06-10 09:37:00,3.1694,3.1714,3.1684,3.1714,3.1744,3.1764,3.1734,3.1764,17
2026-06-10 09:38:00,3.1724,3.1734,3.1724,3.1724,3.1774,3.1784,3.1774,3.1774,3
2026-06-10 09:39:00,3.1734,3.1734,3.1694,3.1694,3.1784,3.1784,3.1744,3.1744,5
2026-06-10 09:40:00,3.1684,3.1694,3.1674,3.1684,3.1734,3.1744,3.1724,3.1734,6
2026-06-10 09:41:00,3.1674,3.1684,3.1674,3.1674,3.1724,3.1734,3.1724,3.1724,10
2026-06-10 09:42:00,3.1684,3.1684,3.1674,3.1684,3.1734,3.1734,3.1724,3.1734,3
2026-06-10 09:43:00,3.1694,3.1704,3.1684,3.1704,3.1744,3.1754,3.1734,3.1754,11
2026-06-10 09:44:00,3.1709,3.1964,3.1704,3.1844,3.1759,3.2014,3.1754,3.1894,154
2026-06-10 09:45:00,3.1834,3.1889,3.1824,3.1884,3.1884,3.1939,3.1874,3.1934,55
2026-06-10 09:46:00,3.1874,3.1894,3.1854,3.1859,3.1924,3.1944,3.1904,3.1909,21
2026-06-10 09:47:00,3.1864,3.1884,3.1854,3.1874,3.1914,3.1934,3.1904,3.1924,37
2026-06-10 09:48:00,3.1884,3.1954,3.1884,3.1954,3.1934,3.2004,3.1934,3.2004,32
2026-06-10 09:49:00,3.1944,3.1964,3.1934,3.1954,3.1994,3.2014,3.1984,3.2004,29
2026-06-10 09:50:00,3.1964,3.2014,3.1954,3.1964,3.2014,3.2064,3.2004,3.2014,39
2026-06-10 09:51:00,3.1954,3.1954,3.1934,3.1944,3.2004,3.2004,3.1984,3.1994,17
2026-06-10 09:52:00,3.1934,3.1944,3.1914,3.1934,3.1984,3.1994,3.1964,3.1984,15
2026-06-10 09:53:00,3.1939,3.1939,3.1934,3.1934,3.1989,3.1989,3.1984,3.1984,6
2026-06-10 09:54:00,3.1944,3.1964,3.1944,3.1954,3.1994,3.2014,3.1994,3.2004,4
2026-06-10 09:55:00,3.1959,3.1964,3.1944,3.1944,3.2009,3.2014,3.1994,3.1994,22
2026-06-10 09:56:00,3.1934,3.1944,3.1909,3.1914,3.1984,3.1994,3.1959,3.1964,22
2026-06-10 09:57:00,3.1924,3.1934,3.1924,3.1924,3.1974,3.1984,3.1974,3.1974,25
2026-06-10 09:58:00,3.1934,3.1934,3.1894,3.1904,3.1984,3.1984,3.1944,3.1954,10
2026-06-10 09:59:00,3.1914,3.1914,3.1904,3.1904,3.1964,3.1964,3.1954,3.1954,4
2026-06-10 10:00:00,3.1894,3.1924,3.1884,3.1914,3.1944,3.1974,3.1934,3.1964,27
2026-06-10 10:01:00,3.1904,3.1924,3.1844,3.1924,3.1954,3.1974,3.1894,3.1974,24
2026-06-10 10:02:00,3.1929,3.1954,3.1924,3.1954,3.1979,3.2004,3.1974,3.2004,16
2026-06-10 10:03:00,3.1944,3.1949,3.1924,3.1934,3.1994,3.1999,3.1974,3.1984,19
2026-06-10 10:04:00,3.1924,3.1924,3.1914,3.1924,3.1974,3.1974,3.1964,3.1974,6
2026-06-10 10:05:00,3.1914,3.1914,3.1904,3.1914,3.1964,3.1964,3.1954,3.1964,3
2026-06-10 10:06:00,3.1904,3.1914,3.1904,3.1914,3.1954,3.1964,3.1954,3.1964,2
2026-06-10 10:07:00,3.1924,3.1924,3.1904,3.1914,3.1974,3.1974,3.1954,3.1964,5
2026-06-10 10:08:00,3.1904,3.1934,3.1904,3.1934,3.1954,3.1984,3.1954,3.1984,7
2026-06-10 10:09:00,3.1924,3.1944,3.1914,3.1914,3.1974,3.1994,3.1964,3.1964,14
2026-06-10 10:10:00,3.1924,3.1924,3.1884,3.1904,3.1974,3.1974,3.1934,3.1954,11
2026-06-10 10:11:00,3.1914,3.1914,3.1894,3.1904,3.1964,3.1964,3.1944,3.1954,11
2026-06-10 10:12:00,3.1894,3.1894,3.1864,3.1884,3.1944,3.1944,3.1914,3.1934,27
2026-06-10 10:13:00,3.1894,3.1894,3.1869,3.1874,3.1944,3.1944,3.1919,3.1924,5
2026-06-10 10:14:00,3.1884,3.1884,3.1874,3.1874,3.1934,3.1934,3.1924,3.1924,28
2026-06-10 10:15:00,3.1884,3.1894,3.1879,3.1884,3.1934,3.1944,3.1929,3.1934,31
2026-06-10 10:16:00,3.1889,3.1894,3.1874,3.1884,3.1939,3.1944,3.1924,3.1934,7
2026-06-10 10:17:00,3.1874,3.1884,3.1874,3.1884,3.1924,3.1934,3.1924,3.1934,4
2026-06-10 10:18:00,3.1894,3.1894,3.1874,3.1894,3.1944,3.1944,3.1924,3.1944,5
2026-06-10 10:20:00,3.1884,3.1894,3.1874,3.1879,3.1934,3.1944,3.1924,3.1929,9
2026-06-10 10:21:00,3.1884,3.1884,3.1884,3.1884,3.1934,3.1934,3.1934,3.1934,1
2026-06-10 10:22:00,3.1874,3.1894,3.1874,3.1884,3.1924,3.1944,3.1924,3.1934,11
2026-06-10 10:23:00,3.1874,3.1884,3.1874,3.1884,3.1924,3.1934,3.1924,3.1934,5
2026-06-10 10:24:00,3.1889,3.1924,3.1889,3.1899,3.1939,3.1974,3.1939,3.1949,25
2026-06-10 10:25:00,3.1894,3.1899,3.1884,3.1884,3.1944,3.1949,3.1934,3.1934,5
2026-06-10 10:26:00,3.1894,3.1894,3.1889,3.1894,3.1944,3.1944,3.1939,3.1944,3
2026-06-10 10:27:00,3.1904,3.1904,3.1884,3.1884,3.1954,3.1954,3.1934,3.1934,8
2026-06-10 10:28:00,3.1889,3.1894,3.1884,3.1884,3.1939,3.1944,3.1934,3.1934,5
2026-06-10 10:29:00,3.1874,3.1884,3.1874,3.1884,3.1924,3.1934,3.1924,3.1934,6
2026-06-10 10:30:00,3.1889,3.1914,3.1889,3.1914,3.1939,3.1964,3.1939,3.1964,8
2026-06-10 10:31:00,3.1904,3.1904,3.1884,3.1884,3.1954,3.1954,3.1934,3.1934,4
2026-06-10 10:32:00,3.1879,3.1879,3.1854,3.1874,3.1929,3.1929,3.1904,3.1924,11
2026-06-10 10:33:00,3.1864,3.1864,3.1844,3.1854,3.1914,3.1914,3.1894,3.1904,6
2026-06-10 10:34:00,3.1844,3.1854,3.1824,3.1834,3.1894,3.1904,3.1874,3.1884,8
2026-06-10 10:35:00,3.1844,3.1854,3.1834,3.1844,3.1894,3.1904,3.1884,3.1894,11
2026-06-10 10:36:00,3.1834,3.1834,3.1814,3.1814,3.1884,3.1884,3.1864,3.1864,10
2026-06-10 10:37:00,3.1824,3.1824,3.1814,3.1814,3.1874,3.1874,3.1864,3.1864,3
2026-06-10 10:38:00,3.1804,3.1814,3.1774,3.1774,3.1854,3.1864,3.1824,3.1824,10
2026-06-10 10:39:00,3.1784,3.1784,3.1764,3.1779,3.1834,3.1834,3.1814,3.1829,23
2026-06-10 10:40:00,3.1774,3.1784,3.1774,3.1784,3.1824,3.1834,3.1824,3.1834,3
2026-06-10 10:41:00,3.1794,3.1804,3.1784,3.1804,3.1844,3.1854,3.1834,3.1854,11
2026-06-10 10:42:00,3.1814,3.1814,3.1804,3.1804,3.1864,3.1864,3.1854,3.1854,2
2026-06-10 10:43:00,3.1814,3.1814,3.1804,3.1814,3.1864,3.1864,3.1854,3.1864,5
2026-06-10 10:44:00,3.1804,3.1814,3.1804,3.1814,3.1854,3.1864,3.1854,3.1864,8
2026-06-10 10:46:00,3.1804,3.1804,3.1794,3.1804,3.1854,3.1854,3.1844,3.1854,11
2026-06-10 10:47:00,3.1814,3.1814,3.1804,3.1804,3.1864,3.1864,3.1854,3.1854,4
2026-06-10 10:48:00,3.1794,3.1794,3.1794,3.1794,3.1844,3.1844,3.1844,3.1844,1
2026-06-10 10:49:00,3.1789,3.1794,3.1784,3.1794,3.1839,3.1844,3.1834,3.1844,6
2026-06-10 10:50:00,3.1804,3.1804,3.1789,3.1794,3.1854,3.1854,3.1839,3.1844,6
2026-06-10 10:51:00,3.1784,3.1804,3.1784,3.1794,3.1834,3.1854,3.1834,3.1844,21
2026-06-10 10:52:00,3.1814,3.1834,3.1804,3.1814,3.1864,3.1884,3.1854,3.1864,25
2026-06-10 10:53:00,3.1824,3.1824,3.1814,3.1824,3.1874,3.1874,3.1864,3.1874,10
2026-06-10 10:54:00,3.1834,3.1834,3.1824,3.1824,3.1884,3.1884,3.1874,3.1874,2
2026-06-10 10:55:00,3.1829,3.1829,3.1814,3.1814,3.1879,3.1879,3.1864,3.1864,3
2026-06-10 10:56:00,3.1824,3.1824,3.1814,3.1814,3.1874,3.1874,3.1864,3.1864,3
2026-06-10 10:57:00,3.1824,3.1824,3.1814,3.1824,3.1874,3.1874,3.1864,3.1874,7
2026-06-10 10:58:00,3.1819,3.1834,3.1819,3.1834,3.1869,3.1884,3.1869,3.1884,6
2026-06-10 10:59:00,3.1824,3.1829,3.1824,3.1824,3.1874,3.1879,3.1874,3.1874,3
2026-06-10 11:00:00,3.1829,3.1854,3.1824,3.1854,3.1879,3.1904,3.1874,3.1904,11
2026-06-10 11:01:00,3.1864,3.1864,3.1804,3.1824,3.1914,3.1914,3.1854,3.1874,11
2026-06-10 11:02:00,3.1819,3.1819,3.1804,3.1814,3.1869,3.1869,3.1854,3.1864,6
2026-06-10 11:03:00,3.1804,3.1814,3.1799,3.1804,3.1854,3.1864,3.1849,3.1854,15
2026-06-10 11:04:00,3.1794,3.1804,3.1794,3.1794,3.1844,3.1854,3.1844,3.1844,8
2026-06-10 11:05:00,3.1784,3.1794,3.1774,3.1784,3.1834,3.1844,3.1824,3.1834,16
2026-06-10 11:06:00,3.1789,3.1789,3.1774,3.1774,3.1839,3.1839,3.1824,3.1824,3
2026-06-10 11:07:00,3.1764,3.1774,3.1744,3.1764,3.1814,3.1824,3.1794,3.1814,9
2026-06-10 11:08:00,3.1774,3.1784,3.1774,3.1774,3.1824,3.1834,3.1824,3.1824,6
2026-06-10 11:09:00,3.1769,3.1769,3.1754,3.1764,3.1819,3.1819,3.1804,3.1814,6
2026-06-10 11:10:00,3.1754,3.1754,3.1704,3.1724,3.1804,3.1804,3.1754,3.1774,17
2026-06-10 11:11:00,3.1734,3.1734,3.1714,3.1714,3.1784,3.1784,3.1764,3.1764,5
2026-06-10 11:12:00,3.1724,3.1724,3.1684,3.1684,3.1774,3.1774,3.1734,3.1734,18
2026-06-10 11:13:00,3.1694,3.1704,3.1694,3.1694,3.1744,3.1754,3.1744,3.1744,4
2026-06-10 11:14:00,3.1689,3.1694,3.1684,3.1684,3.1739,3.1744,3.1734,3.1734,13
2026-06-10 11:15:00,3.1694,3.1704,3.1694,3.1699,3.1744,3.1754,3.1744,3.1749,10
2026-06-10 11:16:00,3.1704,3.1704,3.1674,3.1684,3.1754,3.1754,3.1724,3.1734,14
2026-06-10 11:17:00,3.1674,3.1684,3.1654,3.1654,3.1724,3.1734,3.1704,3.1704,18
2026-06-10 11:18:00,3.1659,3.1684,3.1659,3.1684,3.1709,3.1734,3.1709,3.1734,6
2026-06-10 11:19:00,3.1689,3.1699,3.1689,3.1694,3.1739,3.1749,3.1739,3.1744,4
2026-06-10 11:20:00,3.1684,3.1694,3.1684,3.1694,3.1734,3.1744,3.1734,3.1744,4
2026-06-10 11:22:00,3.1704,3.1734,3.1704,3.1734,3.1754,3.1784,3.1754,3.1784,12
2026-06-10 11:23:00,3.1724,3.1729,3.1714,3.1714,3.1774,3.1779,3.1764,3.1764,6
2026-06-10 11:24:00,3.1704,3.1719,3.1704,3.1714,3.1754,3.1769,3.1754,3.1764,8
2026-06-10 11:25:00,3.1719,3.1719,3.1714,3.1714,3.1769,3.1769,3.1764,3.1764,2
2026-06-10 11:26:00,3.1724,3.1744,3.1714,3.1744,3.1774,3.1794,3.1764,3.1794,8
2026-06-10 11:28:00,3.1734,3.1754,3.1734,3.1754,3.1784,3.1804,3.1784,3.1804,8
2026-06-10 11:29:00,3.1744,3.1744,3.1729,3.1729,3.1794,3.1794,3.1779,3.1779,7
2026-06-10 11:30:00,3.1734,3.1734,3.1724,3.1724,3.1784,3.1784,3.1774,3.1774,17
2026-06-10 11:33:00,3.1734,3.1734,3.1724,3.1729,3.1784,3.1784,3.1774,3.1779,6
2026-06-10 11:34:00,3.1734,3.1744,3.1734,3.1744,3.1784,3.1794,3.1784,3.1794,4
2026-06-10 11:35:00,3.1749,3.1764,3.1744,3.1744,3.1799,3.1814,3.1794,3.1794,5
2026-06-10 11:36:00,3.1749,3.1754,3.1744,3.1749,3.1799,3.1804,3.1794,3.1799,10
2026-06-10 11:37:00,3.1744,3.1754,3.1744,3.1749,3.1794,3.1804,3.1794,3.1799,4
2026-06-10 11:38:00,3.1744,3.1744,3.1744,3.1744,3.1794,3.1794,3.1794,3.1794,1
2026-06-10 11:40:00,3.1764,3.1794,3.1764,3.1784,3.1814,3.1844,3.1814,3.1834,14
2026-06-10 11:42:00,3.1774,3.1804,3.1774,3.1794,3.1824,3.1854,3.1824,3.1844,9
2026-06-10 11:43:00,3.1804,3.1804,3.1774,3.1774,3.1854,3.1854,3.1824,3.1824,8
2026-06-10 11:44:00,3.1784,3.1804,3.1784,3.1784,3.1834,3.1854,3.1834,3.1834,12
2026-06-10 11:46:00,3.1774,3.1774,3.1774,3.1774,3.1824,3.1824,3.1824,3.1824,1
2026-06-10 11:47:00,3.1764,3.1764,3.1704,3.1744,3.1814,3.1814,3.1754,3.1794,24
2026-06-10 11:48:00,3.1754,3.1754,3.1734,3.1734,3.1804,3.1804,3.1784,3.1784,8
2026-06-10 11:49:00,3.1724,3.1724,3.1684,3.1694,3.1774,3.1774,3.1734,3.1744,10
2026-06-10 11:50:00,3.1704,3.1714,3.1704,3.1714,3.1754,3.1764,3.1754,3.1764,4
2026-06-10 11:51:00,3.1724,3.1724,3.1704,3.1704,3.1774,3.1774,3.1754,3.1754,11
2026-06-10 11:52:00,3.1714,3.1724,3.1704,3.1724,3.1764,3.1774,3.1754,3.1774,4
2026-06-10 11:53:00,3.1729,3.1744,3.1724,3.1724,3.1779,3.1794,3.1774,3.1774,5
2026-06-10 11:54:00,3.1734,3.1734,3.1724,3.1724,3.1784,3.1784,3.1774,3.1774,7
2026-06-10 11:55:00,3.1734,3.1734,3.1714,3.1724,3.1784,3.1784,3.1764,3.1774,10
2026-06-10 11:57:00,3.1714,3.1714,3.1704,3.1714,3.1764,3.1764,3.1754,3.1764,7
2026-06-10 11:58:00,3.1709,3.1724,3.1709,3.1714,3.1759,3.1774,3.1759,3.1764,6
2026-06-10 11:59:00,3.1724,3.1734,3.1714,3.1724,3.1774,3.1784,3.1764,3.1774,9
2026-06-10 12:00:00,3.1734,3.1734,3.1724,3.1724,3.1784,3.1784,3.1774,3.1774,4
2026-06-10 12:01:00,3.1714,3.1724,3.1714,3.1724,3.1764,3.1774,3.1764,3.1774,4
2026-06-10 12:02:00,3.1734,3.1754,3.1734,3.1744,3.1784,3.1804,3.1784,3.1794,8
2026-06-10 12:04:00,3.1754,3.1774,3.1744,3.1774,3.1804,3.1824,3.1794,3.1824,9
2026-06-10 12:05:00,3.1769,3.1769,3.1734,3.1754,3.1819,3.1819,3.1784,3.1804,16
2026-06-10 12:06:00,3.1744,3.1754,3.1729,3.1734,3.1794,3.1804,3.1779,3.1784,6
2026-06-10 12:08:00,3.1729,3.1734,3.1729,3.1734,3.1779,3.1784,3.1779,3.1784,2
2026-06-10 12:09:00,3.1744,3.1744,3.1724,3.1734,3.1794,3.1794,3.1774,3.1784,8
2026-06-10 12:10:00,3.1739,3.1754,3.1739,3.1754,3.1789,3.1804,3.1789,3.1804,9
2026-06-10 12:11:00,3.1744,3.1764,3.1744,3.1754,3.1794,3.1814,3.1794,3.1804,4
2026-06-10 12:13:00,3.1759,3.1774,3.1754,3.1754,3.1809,3.1824,3.1804,3.1804,8
2026-06-10 12:14:00,3.1764,3.1784,3.1744,3.1784,3.1814,3.1834,3.1794,3.1834,20
2026-06-10 12:15:00,3.1789,3.1794,3.1764,3.1774,3.1839,3.1844,3.1814,3.1824,6
2026-06-10 12:17:00,3.1784,3.1784,3.1774,3.1784,3.1834,3.1834,3.1824,3.1834,3
2026-06-10 12:18:00,3.1794,3.1864,3.1794,3.1854,3.1844,3.1914,3.1844,3.1904,11
2026-06-10 12:19:00,3.1874,3.1904,3.1844,3.1854,3.1924,3.1954,3.1894,3.1904,11
2026-06-10 12:21:00,3.1844,3.1894,3.1844,3.1884,3.1894,3.1944,3.1894,3.1934,9
2026-06-10 12:22:00,3.1894,3.1904,3.1884,3.1904,3.1944,3.1954,3.1934,3.1954,4
2026-06-10 12:23:00,3.1914,3.1984,3.1914,3.1964,3.1964,3.2034,3.1964,3.2014,24
2026-06-10 12:24:00,3.1974,3.1974,3.1944,3.1964,3.2024,3.2024,3.1994,3.2014,22
2026-06-10 12:25:00,3.1974,3.1974,3.1974,3.1974,3.2024,3.2024,3.2024,3.2024,1
2026-06-10 12:26:00,3.1964,3.1964,3.1934,3.1954,3.2014,3.2014,3.1984,3.2004,20
2026-06-10 12:27:00,3.1944,3.1944,3.1914,3.1914,3.1994,3.1994,3.1964,3.1964,6
2026-06-10 12:28:00,3.1904,3.1919,3.1884,3.1914,3.1954,3.1969,3.1934,3.1964,14
2026-06-10 12:29:00,3.1909,3.1974,3.1909,3.1964,3.1959,3.2024,3.1959,3.2014,22
2026-06-10 12:30:00,3.1969,3.1974,3.1954,3.1964,3.2019,3.2024,3.2004,3.2014,13
2026-06-10 12:31:00,3.1954,3.1994,3.1944,3.1974,3.2004,3.2044,3.1994,3.2024,24
2026-06-10 12:32:00,3.1969,3.1984,3.1954,3.1979,3.2019,3.2034,3.2004,3.2029,11
2026-06-10 12:33:00,3.1984,3.1994,3.1974,3.1994,3.2034,3.2044,3.2024,3.2044,16
2026-06-10 12:34:00,3.1989,3.2039,3.1989,3.2024,3.2039,3.2089,3.2039,3.2074,19
2026-06-10 12:35:00,3.2034,3.2054,3.2024,3.2044,3.2084,3.2104,3.2074,3.2094,15
2026-06-10 12:36:00,3.2034,3.2034,3.1964,3.1994,3.2084,3.2084,3.2014,3.2044,23
2026-06-10 12:37:00,3.1984,3.1994,3.1984,3.1994,3.2034,3.2044,3.2034,3.2044,2
2026-06-10 12:38:00,3.1984,3.1994,3.1974,3.1984,3.2034,3.2044,3.2024,3.2034,11
2026-06-10 12:39:00,3.1974,3.2024,3.1974,3.2019,3.2024,3.2074,3.2024,3.2069,10
2026-06-10 12:40:00,3.2024,3.2094,3.2014,3.2064,3.2074,3.2144,3.2064,3.2114,26
2026-06-10 12:42:00,3.2054,3.2074,3.2054,3.2074,3.2104,3.2124,3.2104,3.2124,4
2026-06-10 12:43:00,3.2084,3.2084,3.2044,3.2054,3.2134,3.2134,3.2094,3.2104,11
2026-06-10 12:44:00,3.2064,3.2074,3.2054,3.2054,3.2114,3.2124,3.2104,3.2104,4
2026-06-10 12:45:00,3.2064,3.2074,3.2044,3.2054,3.2114,3.2124,3.2094,3.2104,9
2026-06-10 12:46:00,3.2064,3.2074,3.2064,3.2064,3.2114,3.2124,3.2114,3.2114,12
2026-06-10 12:47:00,3.2069,3.2164,3.2069,3.2114,3.2119,3.2214,3.2119,3.2164,46
2026-06-10 12:48:00,3.2104,3.2114,3.2084,3.2094,3.2154,3.2164,3.2134,3.2144,36
2026-06-10 12:49:00,3.2124,3.2204,3.2124,3.2184,3.2174,3.2254,3.2174,3.2234,29
2026-06-10 12:50:00,3.2174,3.2184,3.2174,3.2184,3.2224,3.2234,3.2224,3.2234,25
2026-06-10 12:51:00,3.2194,3.2194,3.2154,3.2174,3.2244,3.2244,3.2204,3.2224,14
2026-06-10 12:52:00,3.2169,3.2174,3.2154,3.2174,3.2219,3.2224,3.2204,3.2224,18
2026-06-10 12:53:00,3.2164,3.2184,3.2164,3.2174,3.2214,3.2234,3.2214,3.2224,8
2026-06-10 12:54:00,3.2164,3.2174,3.2134,3.2144,3.2214,3.2224,3.2184,3.2194,22
2026-06-10 12:55:00,3.2149,3.2154,3.2134,3.2139,3.2199,3.2204,3.2184,3.2189,13
2026-06-10 12:56:00,3.2134,3.2144,3.2074,3.2079,3.2184,3.2194,3.2124,3.2129,40
2026-06-10 12:57:00,3.2074,3.2094,3.2064,3.2084,3.2124,3.2144,3.2114,3.2134,32
2026-06-10 12:58:00,3.2094,3.2129,3.2094,3.2129,3.2144,3.2179,3.2144,3.2179,25
2026-06-10 12:59:00,3.2124,3.2134,3.2114,3.2114,3.2174,3.2184,3.2164,3.2164,9
2026-06-10 13:00:00,3.2104,3.2144,3.2104,3.2134,3.2154,3.2194,3.2154,3.2184,20
2026-06-10 13:01:00,3.2139,3.2139,3.2114,3.2114,3.2189,3.2189,3.2164,3.2164,12
2026-06-10 13:02:00,3.2134,3.2224,3.2134,3.2224,3.2184,3.2274,3.2184,3.2274,40
2026-06-10 13:03:00,3.2219,3.2294,3.2174,3.2279,3.2269,3.2344,3.2224,3.2329,93
2026-06-10 13:04:00,3.2274,3.2524,3.2244,3.2474,3.2324,3.2574,3.2294,3.2524,248
2026-06-10 13:05:00,3.2464,3.2464,3.2334,3.2394,3.2514,3.2514,3.2384,3.2444,120
2026-06-10 13:06:00,3.2384,3.2394,3.2349,3.2354,3.2434,3.2444,3.2399,3.2404,40
2026-06-10 13:07:00,3.2359,3.2374,3.2314,3.2314,3.2409,3.2424,3.2364,3.2364,40
2026-06-10 13:08:00,3.2319,3.2364,3.2304,3.2344,3.2369,3.2414,3.2354,3.2394,34
2026-06-10 13:09:00,3.2349,3.2394,3.2344,3.2374,3.2399,3.2444,3.2394,3.2424,55
2026-06-10 13:10:00,3.2369,3.2414,3.2364,3.2414,3.2419,3.2464,3.2414,3.2464,33
2026-06-10 13:11:00,3.2409,3.2534,3.2394,3.2489,3.2459,3.2584,3.2444,3.2539,77
2026-06-10 13:12:00,3.2484,3.2489,3.2454,3.2474,3.2534,3.2539,3.2504,3.2524,38
2026-06-10 13:13:00,3.2479,3.2504,3.2464,3.2484,3.2529,3.2554,3.2514,3.2534,43
2026-06-10 13:14:00,3.2474,3.2474,3.2424,3.2444,3.2524,3.2524,3.2474,3.2494,28
2026-06-10 13:15:00,3.2434,3.2504,3.2434,3.2474,3.2484,3.2554,3.2484,3.2524,41
2026-06-10 13:16:00,3.2464,3.2484,3.2464,3.2464,3.2514,3.2534,3.2514,3.2514,22
2026-06-10 13:17:00,3.2474,3.2494,3.2474,3.2474,3.2524,3.2544,3.2524,3.2524,20
2026-06-10 13:18:00,3.2484,3.2484,3.2434,3.2459,3.2534,3.2534,3.2484,3.2509,37
2026-06-10 13:19:00,3.2474,3.2474,3.2444,3.2444,3.2524,3.2524,3.2494,3.2494,17
2026-06-10 13:20:00,3.2434,3.2434,3.2404,3.2414,3.2484,3.2484,3.2454,3.2464,21
2026-06-10 13:21:00,3.2409,3.2444,3.2394,3.2394,3.2459,3.2494,3.2444,3.2444,71
2026-06-10 13:22:00,3.2404,3.2449,3.2404,3.2449,3.2454,3.2499,3.2454,3.2499,44
2026-06-10 13:23:00,3.2454,3.2554,3.2444,3.2554,3.2504,3.2604,3.2494,3.2604,64
2026-06-10 13:24:00,3.2564,3.2594,3.2534,3.2574,3.2614,3.2644,3.2584,3.2624,50
2026-06-10 13:25:00,3.2569,3.2649,3.2564,3.2569,3.2619,3.2699,3.2614,3.2619,113
2026-06-10 13:26:00,3.2574,3.2614,3.2524,3.2584,3.2624,3.2664,3.2574,3.2634,53
2026-06-10 13:27:00,3.2574,3.2604,3.2554,3.2604,3.2624,3.2654,3.2604,3.2654,46
2026-06-10 13:28:00,3.2599,3.2624,3.2584,3.2599,3.2649,3.2674,3.2634,3.2649,36
2026-06-10 13:29:00,3.2594,3.2614,3.2564,3.2564,3.2644,3.2664,3.2614,3.2614,31
2026-06-10 13:30:00,3.2559,3.2694,3.2554,3.2654,3.2609,3.2744,3.2604,3.2704,47
2026-06-10 13:31:00,3.2644,3.2704,3.2644,3.2674,3.2694,3.2754,3.2694,3.2724,29
2026-06-10 13:32:00,3.2664,3.2674,3.2624,3.2639,3.2714,3.2724,3.2674,3.2689,42
2026-06-10 13:33:00,3.2644,3.2644,3.2594,3.2614,3.2694,3.2694,3.2644,3.2664,29
2026-06-10 13:34:00,3.2594,3.2594,3.2544,3.2564,3.2644,3.2644,3.2594,3.2614,31
2026-06-10 13:35:00,3.2574,3.2604,3.2559,3.2594,3.2624,3.2654,3.2609,3.2644,21
2026-06-10 13:36:00,3.2604,3.2614,3.2584,3.2584,3.2654,3.2664,3.2634,3.2634,22
2026-06-10 13:37:00,3.2594,3.2594,3.2564,3.2574,3.2644,3.2644,3.2614,3.2624,21
2026-06-10 13:38:00,3.2564,3.2594,3.2544,3.2584,3.2614,3.2644,3.2594,3.2634,33
2026-06-10 13:39:00,3.2589,3.2634,3.2584,3.2624,3.2639,3.2684,3.2634,3.2674,30
2026-06-10 13:40:00,3.2614,3.2624,3.2604,3.2614,3.2664,3.2674,3.2654,3.2664,11
2026-06-10 13:41:00,3.2619,3.2664,3.2614,3.2624,3.2669,3.2714,3.2664,3.2674,25
2026-06-10 13:42:00,3.2614,3.2644,3.2604,3.2644,3.2664,3.2694,3.2654,3.2694,19
2026-06-10 13:43:00,3.2654,3.2684,3.2629,3.2634,3.2704,3.2734,3.2679,3.2684,24
2026-06-10 13:44:00,3.2639,3.2674,3.2629,3.2664,3.2689,3.2724,3.2679,3.2714,14
2026-06-10 13:45:00,3.2669,3.2669,3.2624,3.2624,3.2719,3.2719,3.2674,3.2674,33
2026-06-10 13:46:00,3.2634,3.2649,3.2624,3.2624,3.2684,3.2699,3.2674,3.2674,35
2026-06-10 13:47:00,3.2614,3.2644,3.2614,3.2634,3.2664,3.2694,3.2664,3.2684,16
2026-06-10 13:48:00,3.2619,3.2619,3.2564,3.2589,3.2669,3.2669,3.2614,3.2639,32
2026-06-10 13:49:00,3.2594,3.2664,3.2594,3.2634,3.2644,3.2714,3.2644,3.2684,31
2026-06-10 13:50:00,3.2629,3.2629,3.2604,3.2614,3.2679,3.2679,3.2654,3.2664,25
2026-06-10 13:51:00,3.2624,3.2624,3.2594,3.2604,3.2674,3.2674,3.2644,3.2654,34
2026-06-10 13:52:00,3.2609,3.2644,3.2594,3.2629,3.2659,3.2694,3.2644,3.2679,46
2026-06-10 13:53:00,3.2624,3.2634,3.2594,3.2604,3.2674,3.2684,3.2644,3.2654,44
2026-06-10 13:54:00,3.2609,3.2634,3.2584,3.2584,3.2659,3.2684,3.2634,3.2634,50
2026-06-10 13:55:00,3.2574,3.2574,3.2534,3.2544,3.2624,3.2624,3.2584,3.2594,30
2026-06-10 13:56:00,3.2549,3.2634,3.2549,3.2594,3.2599,3.2684,3.2599,3.2644,50
2026-06-10 13:57:00,3.2584,3.2584,3.2564,3.2574,3.2634,3.2634,3.2614,3.2624,29
2026-06-10 13:58:00,3.2564,3.2574,3.2564,3.2564,3.2614,3.2624,3.2614,3.2614,17
2026-06-10 13:59:00,3.2569,3.2574,3.2544,3.2564,3.2619,3.2624,3.2594,3.2614,54
2026-06-10 14:00:00,3.2559,3.2574,3.2504,3.2524,3.2609,3.2624,3.2554,3.2574,85
2026-06-10 14:01:00,3.2534,3.2544,3.2504,3.2514,3.2584,3.2594,3.2554,3.2564,37
2026-06-10 14:02:00,3.2519,3.2534,3.2464,3.2489,3.2569,3.2584,3.2514,3.2539,66
2026-06-10 14:03:00,3.2484,3.2584,3.2484,3.2574,3.2534,3.2634,3.2534,3.2624,64
2026-06-10 14:04:00,3.2569,3.2624,3.2564,3.2574,3.2619,3.2674,3.2614,3.2624,51
2026-06-10 14:05:00,3.2564,3.2604,3.2564,3.2584,3.2614,3.2654,3.2614,3.2634,33
2026-06-10 14:06:00,3.2589,3.2634,3.2564,3.2594,3.2639,3.2684,3.2614,3.2644,46
2026-06-10 14:07:00,3.2604,3.2644,3.2584,3.2584,3.2654,3.2694,3.2634,3.2634,52
2026-06-10 14:08:00,3.2594,3.2614,3.2544,3.2564,3.2644,3.2664,3.2594,3.2614,76
2026-06-10 14:09:00,3.2574,3.2599,3.2554,3.2599,3.2624,3.2649,3.2604,3.2649,46
2026-06-10 14:10:00,3.2604,3.2614,3.2554,3.2554,3.2654,3.2664,3.2604,3.2604,21
2026-06-10 14:11:00,3.2544,3.2544,3.2494,3.2524,3.2594,3.2594,3.2544,3.2574,54
2026-06-10 14:12:00,3.2514,3.2524,3.2414,3.2459,3.2564,3.2574,3.2464,3.2509,55
2026-06-10 14:13:00,3.2469,3.2529,3.2434,3.2524,3.2519,3.2579,3.2484,3.2574,73
2026-06-10 14:14:00,3.2529,3.2534,3.2484,3.2494,3.2579,3.2584,3.2534,3.2544,39
2026-06-10 14:15:00,3.2489,3.2524,3.2464,3.2484,3.2539,3.2574,3.2514,3.2534,49
2026-06-10 14:16:00,3.2474,3.2514,3.2474,3.2494,3.2524,3.2564,3.2524,3.2544,32
2026-06-10 14:17:00,3.2489,3.2544,3.2484,3.2504,3.2539,3.2594,3.2534,3.2554,32
2026-06-10 14:18:00,3.2514,3.2534,3.2469,3.2474,3.2564,3.2584,3.2519,3.2524,39
2026-06-10 14:19:00,3.2484,3.2484,3.2464,3.2474,3.2534,3.2534,3.2514,3.2524,22
2026-06-10 14:20:00,3.2479,3.2504,3.2444,3.2454,3.2529,3.2554,3.2494,3.2504,59
2026-06-10 14:21:00,3.2449,3.2464,3.2444,3.2454,3.2499,3.2514,3.2494,3.2504,34
2026-06-10 14:22:00,3.2444,3.2494,3.2444,3.2454,3.2494,3.2544,3.2494,3.2504,31
2026-06-10 14:23:00,3.2459,3.2494,3.2454,3.2484,3.2509,3.2544,3.2504,3.2534,21
2026-06-10 14:24:00,3.2474,3.2484,3.2434,3.2454,3.2524,3.2534,3.2484,3.2504,12
2026-06-10 14:25:00,3.2459,3.2474,3.2434,3.2434,3.2509,3.2524,3.2484,3.2484,58
2026-06-10 14:26:00,3.2444,3.2454,3.2434,3.2454,3.2494,3.2504,3.2484,3.2504,18
2026-06-10 14:27:00,3.2444,3.2464,3.2444,3.2454,3.2494,3.2514,3.2494,3.2504,14
2026-06-10 14:28:00,3.2459,3.2474,3.2454,3.2454,3.2509,3.2524,3.2504,3.2504,16
2026-06-10 14:29:00,3.2459,3.2524,3.2459,3.2514,3.2509,3.2574,3.2509,3.2564,34
2026-06-10 14:30:00,3.2509,3.2619,3.2494,3.2614,3.2559,3.2669,3.2544,3.2664,67
2026-06-10 14:31:00,3.2604,3.2654,3.2604,3.2634,3.2654,3.2704,3.2654,3.2684,40
2026-06-10 14:32:00,3.2639,3.2644,3.2584,3.2594,3.2689,3.2694,3.2634,3.2644,49
2026-06-10 14:33:00,3.2604,3.2604,3.2554,3.2554,3.2654,3.2654,3.2604,3.2604,33
2026-06-10 14:34:00,3.2564,3.2634,3.2554,3.2614,3.2614,3.2684,3.2604,3.2664,51
2026-06-10 14:35:00,3.2624,3.2689,3.2614,3.2659,3.2674,3.2739,3.2664,3.2709,60
2026-06-10 14:36:00,3.2664,3.2664,3.2634,3.2664,3.2714,3.2714,3.2684,3.2714,26
2026-06-10 14:37:00,3.2674,3.2694,3.2624,3.2624,3.2724,3.2744,3.2674,3.2674,37
2026-06-10 14:38:00,3.2634,3.2654,3.2584,3.2624,3.2684,3.2704,3.2634,3.2674,36
2026-06-10 14:39:00,3.2634,3.2704,3.2624,3.2674,3.2684,3.2754,3.2674,3.2724,38
2026-06-10 14:40:00,3.2679,3.2754,3.2679,3.2704,3.2729,3.2804,3.2729,3.2754,60
2026-06-10 14:41:00,3.2714,3.2724,3.2604,3.2624,3.2764,3.2774,3.2654,3.2674,63
2026-06-10 14:42:00,3.2619,3.2619,3.2524,3.2554,3.2669,3.2669,3.2574,3.2604,39
2026-06-10 14:43:00,3.2549,3.2594,3.2534,3.2584,3.2599,3.2644,3.2584,3.2634,21
2026-06-10 14:44:00,3.2574,3.2624,3.2564,3.2614,3.2624,3.2674,3.2614,3.2664,26
2026-06-10 14:45:00,3.2604,3.2624,3.2574,3.2594,3.2654,3.2674,3.2624,3.2644,39
2026-06-10 14:46:00,3.2579,3.2594,3.2504,3.2524,3.2629,3.2644,3.2554,3.2574,47
2026-06-10 14:47:00,3.2514,3.2624,3.2494,3.2584,3.2564,3.2674,3.2544,3.2634,57
2026-06-10 14:48:00,3.2579,3.2634,3.2574,3.2579,3.2629,3.2684,3.2624,3.2629,47
2026-06-10 14:49:00,3.2584,3.2594,3.2534,3.2549,3.2634,3.2644,3.2584,3.2599,33
2026-06-10 14:50:00,3.2559,3.2594,3.2554,3.2594,3.2609,3.2644,3.2604,3.2644,29
2026-06-10 14:51:00,3.2584,3.2584,3.2494,3.2494,3.2634,3.2634,3.2544,3.2544,35
2026-06-10 14:52:00,3.2524,3.2584,3.2524,3.2584,3.2574,3.2634,3.2574,3.2634,15
2026-06-10 14:53:00,3.2574,3.2594,3.2554,3.2574,3.2624,3.2644,3.2604,3.2624,40
2026-06-10 14:54:00,3.2579,3.2579,3.2534,3.2534,3.2629,3.2629,3.2584,3.2584,17
2026-06-10 14:55:00,3.2544,3.2574,3.2534,3.2544,3.2594,3.2624,3.2584,3.2594,26
2026-06-10 14:56:00,3.2539,3.2544,3.2484,3.2484,3.2589,3.2594,3.2534,3.2534,25
2026-06-10 14:57:00,3.2494,3.2499,3.2474,3.2494,3.2544,3.2549,3.2524,3.2544,22
2026-06-10 14:58:00,3.2504,3.2504,3.2474,3.2494,3.2554,3.2554,3.2524,3.2544,12
2026-06-10 14:59:00,3.2504,3.2524,3.2489,3.2489,3.2554,3.2574,3.2539,3.2539,18
2026-06-10 15:00:00,3.2494,3.2504,3.2394,3.2414,3.2544,3.2554,3.2444,3.2464,78
2026-06-10 15:01:00,3.2404,3.2549,3.2404,3.2534,3.2454,3.2599,3.2454,3.2584,73
2026-06-10 15:02:00,3.2524,3.2574,3.2514,3.2544,3.2574,3.2624,3.2564,3.2594,59
2026-06-10 15:03:00,3.2534,3.2534,3.2484,3.2494,3.2584,3.2584,3.2534,3.2544,45
2026-06-10 15:04:00,3.2504,3.2564,3.2494,3.2564,3.2554,3.2614,3.2544,3.2614,38
2026-06-10 15:05:00,3.2574,3.2574,3.2494,3.2564,3.2624,3.2624,3.2544,3.2614,50
2026-06-10 15:06:00,3.2574,3.2604,3.2534,3.2544,3.2624,3.2654,3.2584,3.2594,28
2026-06-10 15:07:00,3.2534,3.2554,3.2524,3.2544,3.2584,3.2604,3.2574,3.2594,17
2026-06-10 15:08:00,3.2554,3.2604,3.2554,3.2594,3.2604,3.2654,3.2604,3.2644,31
2026-06-10 15:09:00,3.2584,3.2594,3.2554,3.2564,3.2634,3.2644,3.2604,3.2614,18
2026-06-10 15:10:00,3.2569,3.2634,3.2569,3.2624,3.2619,3.2684,3.2619,3.2674,28
2026-06-10 15:11:00,3.2634,3.2654,3.2624,3.2654,3.2684,3.2704,3.2674,3.2704,22
2026-06-10 15:12:00,3.2644,3.2644,3.2594,3.2614,3.2694,3.2694,3.2644,3.2664,12
2026-06-10 15:13:00,3.2604,3.2604,3.2524,3.2524,3.2654,3.2654,3.2574,3.2574,23
2026-06-10 15:14:00,3.2519,3.2524,3.2464,3.2464,3.2569,3.2574,3.2514,3.2514,50
2026-06-10 15:15:00,3.2474,3.2484,3.2234,3.2294,3.2524,3.2534,3.2284,3.2344,154
2026-06-10 15:16:00,3.2304,3.2309,3.2169,3.2214,3.2354,3.2359,3.2219,3.2264,115
2026-06-10 15:17:00,3.2209,3.2334,3.2204,3.2314,3.2259,3.2384,3.2254,3.2364,70
2026-06-10 15:18:00,3.2304,3.2354,3.2234,3.2254,3.2354,3.2404,3.2284,3.2304,93
2026-06-10 15:19:00,3.2259,3.2374,3.2259,3.2364,3.2309,3.2424,3.2309,3.2414,39
2026-06-10 15:20:00,3.2354,3.2364,3.2344,3.2344,3.2404,3.2414,3.2394,3.2394,22
2026-06-10 15:21:00,3.2354,3.2364,3.2284,3.2344,3.2404,3.2414,3.2334,3.2394,72
2026-06-10 15:22:00,3.2334,3.2404,3.2334,3.2404,3.2384,3.2454,3.2384,3.2454,16
2026-06-10 15:23:00,3.2414,3.2414,3.2404,3.2404,3.2464,3.2464,3.2454,3.2454,11
2026-06-10 15:24:00,3.2414,3.2454,3.2414,3.2444,3.2464,3.2504,3.2464,3.2494,10
2026-06-10 15:25:00,3.2454,3.2484,3.2444,3.2444,3.2504,3.2534,3.2494,3.2494,34
2026-06-10 15:26:00,3.2449,3.2454,3.2404,3.2404,3.2499,3.2504,3.2454,3.2454,19
2026-06-10 15:27:00,3.2414,3.2424,3.2354,3.2364,3.2464,3.2474,3.2404,3.2414,26
2026-06-10 15:28:00,3.2354,3.2374,3.2324,3.2364,3.2404,3.2424,3.2374,3.2414,21
2026-06-10 15:29:00,3.2374,3.2404,3.2364,3.2384,3.2424,3.2454,3.2414,3.2434,21
2026-06-10 15:30:00,3.2394,3.2434,3.2344,3.2434,3.2444,3.2484,3.2394,3.2484,46
2026-06-10 15:31:00,3.2424,3.2424,3.2384,3.2384,3.2474,3.2474,3.2434,3.2434,24
2026-06-10 15:32:00,3.2374,3.2394,3.2374,3.2384,3.2424,3.2444,3.2424,3.2434,11
2026-06-10 15:33:00,3.2394,3.2404,3.2394,3.2404,3.2444,3.2454,3.2444,3.2454,13
2026-06-10 15:34:00,3.2414,3.2434,3.2404,3.2434,3.2464,3.2484,3.2454,3.2484,18
2026-06-10 15:35:00,3.2444,3.2444,3.2394,3.2404,3.2494,3.2494,3.2444,3.2454,26
2026-06-10 15:36:00,3.2414,3.2444,3.2414,3.2424,3.2464,3.2494,3.2464,3.2474,8
2026-06-10 15:37:00,3.2414,3.2424,3.2394,3.2404,3.2464,3.2474,3.2444,3.2454,12
2026-06-10 15:38:00,3.2394,3.2404,3.2364,3.2364,3.2444,3.2454,3.2414,3.2414,16
2026-06-10 15:39:00,3.2369,3.2374,3.2324,3.2324,3.2419,3.2424,3.2374,3.2374,22
2026-06-10 15:40:00,3.2314,3.2354,3.2314,3.2344,3.2364,3.2404,3.2364,3.2394,34
2026-06-10 15:41:00,3.2349,3.2374,3.2344,3.2374,3.2399,3.2424,3.2394,3.2424,14
2026-06-10 15:42:00,3.2414,3.2424,3.2404,3.2404,3.2464,3.2474,3.2454,3.2454,6
2026-06-10 15:43:00,3.2404,3.2414,3.2394,3.2394,3.2459,3.2464,3.2444,3.2454,11
2026-06-10 15:44:00,3.2404,3.2464,3.2404,3.2459,3.2454,3.2514,3.2454,3.2509,14
2026-06-10 15:45:00,3.2464,3.2464,3.2454,3.2454,3.2514,3.2514,3.2474,3.2474,9
2026-06-10 15:46:00,3.2414,3.2424,3.2314,3.2414,3.2464,3.2474,3.2364,3.2464,70
2026-06-10 15:47:00,3.2404,3.2424,3.2384,3.2414,3.2454,3.2474,3.2434,3.2464,12
2026-06-10 15:48:00,3.2414,3.2444,3.2409,3.2444,3.2464,3.2494,3.2459,3.2494,7
2026-06-10 15:49:00,3.2449,3.2454,3.2419,3.2424,3.2499,3.2504,3.2469,3.2474,10
2026-06-10 15:50:00,3.2419,3.2464,3.2419,3.2464,3.2469,3.2514,3.2469,3.2514,10
2026-06-10 15:51:00,3.2454,3.2534,3.2454,3.2464,3.2504,3.2584,3.2504,3.2514,67
2026-06-10 15:52:00,3.2474,3.2504,3.2474,3.2504,3.2524,3.2554,3.2524,3.2554,18
2026-06-10 15:53:00,3.2494,3.2504,3.2494,3.2504,3.2544,3.2554,3.2544,3.2554,7
2026-06-10 15:54:00,3.2514,3.2534,3.2484,3.2494,3.2564,3.2584,3.2534,3.2544,19
2026-06-10 15:55:00,3.2499,3.2514,3.2494,3.2504,3.2549,3.2564,3.2544,3.2554,15
2026-06-10 15:56:00,3.2509,3.2544,3.2504,3.2544,3.2559,3.2594,3.2554,3.2594,29
2026-06-10 15:57:00,3.2539,3.2554,3.2524,3.2544,3.2589,3.2604,3.2574,3.2594,13
2026-06-10 15:58:00,3.2554,3.2554,3.2524,3.2534,3.2604,3.2604,3.2574,3.2584,21
2026-06-10 15:59:00,3.2544,3.2554,3.2544,3.2554,3.2594,3.2604,3.2594,3.2604,3
2026-06-10 16:00:00,3.2564,3.2574,3.2554,3.2564,3.2614,3.2624,3.2604,3.2614,41
2026-06-10 16:01:00,3.2569,3.2574,3.2544,3.2554,3.2619,3.2624,3.2594,3.2604,18
2026-06-10 16:02:00,3.2559,3.2564,3.2514,3.2519,3.2609,3.2614,3.2564,3.2564,22
2026-06-10 16:03:00,3.2524,3.2544,3.2494,3.2534,3.2574,3.2574,3.2544,3.2564,21
2026-06-10 16:04:00,3.2524,3.2534,3.2514,3.2524,3.2564,3.2584,3.2564,3.2574,11
2026-06-10 16:05:00,3.2519,3.2534,3.2504,3.2524,3.2569,3.2584,3.2554,3.2574,9
2026-06-10 16:06:00,3.2514,3.2534,3.2504,3.2524,3.2564,3.2584,3.2554,3.2574,9
2026-06-10 16:07:00,3.2519,3.2524,3.2514,3.2514,3.2569,3.2574,3.2564,3.2564,3
2026-06-10 16:08:00,3.2504,3.2544,3.2504,3.2534,3.2554,3.2594,3.2554,3.2584,6
2026-06-10 16:09:00,3.2529,3.2529,3.2484,3.2484,3.2579,3.2579,3.2534,3.2534,16
2026-06-10 16:10:00,3.2474,3.2494,3.2454,3.2454,3.2524,3.2544,3.2504,3.2504,20
2026-06-10 16:11:00,3.2459,3.2464,3.2414,3.2424,3.2509,3.2514,3.2464,3.2474,16
2026-06-10 16:12:00,3.2434,3.2484,3.2394,3.2474,3.2484,3.2534,3.2444,3.2524,27
2026-06-10 16:13:00,3.2464,3.2494,3.2454,3.2454,3.2514,3.2544,3.2504,3.2504,22
2026-06-10 16:14:00,3.2464,3.2464,3.2414,3.2434,3.2514,3.2514,3.2464,3.2484,27
2026-06-10 16:15:00,3.2444,3.2474,3.2424,3.2434,3.2494,3.2524,3.2474,3.2484,29
2026-06-10 16:16:00,3.2429,3.2459,3.2414,3.2429,3.2479,3.2509,3.2464,3.2479,37
2026-06-10 16:17:00,3.2434,3.2444,3.2424,3.2444,3.2484,3.2494,3.2474,3.2494,23
2026-06-10 16:18:00,3.2454,3.2454,3.2444,3.2454,3.2504,3.2504,3.2494,3.2504,3
2026-06-10 16:19:00,3.2444,3.2474,3.2444,3.2474,3.2494,3.2524,3.2494,3.2524,8
2026-06-10 16:20:00,3.2484,3.2534,3.2484,3.2534,3.2534,3.2584,3.2534,3.2584,16
2026-06-10 16:21:00,3.2524,3.2524,3.2494,3.2504,3.2574,3.2574,3.2544,3.2554,21
2026-06-10 16:22:00,3.2494,3.2494,3.2464,3.2474,3.2544,3.2544,3.2514,3.2524,9
2026-06-10 16:23:00,3.2484,3.2484,3.2464,3.2474,3.2534,3.2534,3.2514,3.2524,12
2026-06-10 16:24:00,3.2484,3.2484,3.2474,3.2484,3.2534,3.2534,3.2524,3.2534,6
2026-06-10 16:25:00,3.2474,3.2504,3.2474,3.2494,3.2524,3.2554,3.2524,3.2544,11
2026-06-10 16:26:00,3.2499,3.2504,3.2484,3.2484,3.2549,3.2554,3.2534,3.2534,7
2026-06-10 16:27:00,3.2474,3.2494,3.2474,3.2474,3.2524,3.2544,3.2524,3.2524,6
2026-06-10 16:28:00,3.2464,3.2464,3.2374,3.2384,3.2514,3.2514,3.2424,3.2434,26
2026-06-10 16:29:00,3.2374,3.2394,3.2364,3.2364,3.2424,3.2444,3.2414,3.2414,21
2026-06-10 16:30:00,3.2374,3.2389,3.2314,3.2364,3.2424,3.2439,3.2364,3.2414,72
2026-06-10 16:31:00,3.2374,3.2394,3.2354,3.2354,3.2424,3.2444,3.2404,3.2404,26
2026-06-10 16:32:00,3.2364,3.2434,3.2364,3.2414,3.2414,3.2484,3.2414,3.2464,24
2026-06-10 16:33:00,3.2404,3.2424,3.2404,3.2404,3.2454,3.2474,3.2454,3.2454,20
2026-06-10 16:34:00,3.2414,3.2414,3.2394,3.2404,3.2464,3.2464,3.2444,3.2454,14
2026-06-10 16:35:00,3.2414,3.2474,3.2414,3.2474,3.2464,3.2524,3.2464,3.2524,31
2026-06-10 16:36:00,3.2464,3.2534,3.2464,3.2524,3.2514,3.2584,3.2514,3.2574,18
2026-06-10 16:37:00,3.2529,3.2544,3.2514,3.2524,3.2579,3.2594,3.2564,3.2574,27
2026-06-10 16:38:00,3.2514,3.2534,3.2504,3.2504,3.2564,3.2584,3.2554,3.2554,27
2026-06-10 16:39:00,3.2514,3.2514,3.2464,3.2464,3.2564,3.2564,3.2514,3.2514,12
2026-06-10 16:40:00,3.2454,3.2454,3.2394,3.2404,3.2504,3.2504,3.2444,3.2454,24
2026-06-10 16:41:00,3.2394,3.2434,3.2374,3.2414,3.2444,3.2484,3.2424,3.2464,30
2026-06-10 16:42:00,3.2404,3.2464,3.2404,3.2454,3.2454,3.2514,3.2454,3.2504,8
2026-06-10 16:43:00,3.2464,3.2474,3.2454,3.2464,3.2514,3.2524,3.2504,3.2514,10
2026-06-10 16:44:00,3.2454,3.2474,3.2444,3.2474,3.2504,3.2524,3.2494,3.2524,22
2026-06-10 16:45:00,3.2464,3.2484,3.2444,3.2454,3.2514,3.2534,3.2494,3.2504,18
2026-06-10 16:46:00,3.2464,3.2464,3.2454,3.2464,3.2514,3.2514,3.2504,3.2514,5
2026-06-10 16:47:00,3.2454,3.2454,3.2434,3.2434,3.2504,3.2504,3.2484,3.2484,5
2026-06-10 16:48:00,3.2424,3.2434,3.2424,3.2434,3.2474,3.2484,3.2474,3.2484,4
2026-06-10 16:49:00,3.2424,3.2424,3.2394,3.2414,3.2474,3.2474,3.2444,3.2464,12
2026-06-10 16:50:00,3.2424,3.2424,3.2364,3.2364,3.2474,3.2474,3.2414,3.2414,36
2026-06-10 16:51:00,3.2374,3.2384,3.2304,3.2304,3.2424,3.2434,3.2354,3.2354,55
2026-06-10 16:52:00,3.2294,3.2294,3.2244,3.2294,3.2344,3.2344,3.2294,3.2344,32
2026-06-10 16:53:00,3.2304,3.2314,3.2294,3.2304,3.2354,3.2364,3.2344,3.2354,17
2026-06-10 16:54:00,3.2314,3.2324,3.2254,3.2264,3.2364,3.2374,3.2304,3.2314,36
2026-06-10 16:55:00,3.2274,3.2344,3.2254,3.2339,3.2324,3.2394,3.2304,3.2389,57
2026-06-10 16:56:00,3.2334,3.2334,3.2289,3.2294,3.2384,3.2384,3.2339,3.2344,36
2026-06-10 16:57:00,3.2304,3.2304,3.2184,3.2184,3.2354,3.2354,3.2234,3.2234,80
2026-06-10 16:58:00,3.2174,3.2224,3.2144,3.2204,3.2224,3.2274,3.2194,3.2254,73
2026-06-10 16:59:00,3.2194,3.2244,3.2074,3.2114,3.2244,3.2294,3.2124,3.2164,72
2026-06-10 17:00:00,3.2109,3.2144,3.2094,3.2114,3.2159,3.2194,3.2144,3.2164,36
2026-06-10 17:01:00,3.2124,3.2124,3.2034,3.2074,3.2174,3.2174,3.2084,3.2124,69
2026-06-10 17:02:00,3.2079,3.2124,3.2074,3.2114,3.2129,3.2174,3.2124,3.2164,64
2026-06-10 17:03:00,3.2104,3.2114,3.2044,3.2049,3.2154,3.2164,3.2094,3.2099,88
2026-06-10 17:04:00,3.2054,3.2084,3.2034,3.2074,3.2104,3.2134,3.2084,3.2124,96
2026-06-10 17:05:00,3.2064,3.2064,3.2024,3.2034,3.2114,3.2114,3.2074,3.2084,60
2026-06-10 17:06:00,3.2029,3.2034,3.2004,3.2024,3.2079,3.2084,3.2054,3.2074,30
2026-06-10 17:07:00,3.2014,3.2034,3.1974,3.2004,3.2064,3.2084,3.2024,3.2054,68
2026-06-10 17:08:00,3.1999,3.2024,3.1964,3.2004,3.2049,3.2074,3.2014,3.2054,57
2026-06-10 17:09:00,3.2014,3.2074,3.2004,3.2064,3.2064,3.2124,3.2054,3.2114,30
2026-06-10 17:10:00,3.2069,3.2114,3.2064,3.2094,3.2119,3.2164,3.2114,3.2144,28
2026-06-10 17:11:00,3.2104,3.2154,3.2039,3.2114,3.2154,3.2204,3.2089,3.2164,92
2026-06-10 17:12:00,3.2104,3.2134,3.2094,3.2104,3.2154,3.2184,3.2144,3.2154,29
2026-06-10 17:13:00,3.2114,3.2114,3.2074,3.2074,3.2164,3.2164,3.2124,3.2124,36
2026-06-10 17:14:00,3.2064,3.2104,3.2064,3.2104,3.2114,3.2154,3.2114,3.2154,32
2026-06-10 17:15:00,3.2094,3.2124,3.2094,3.2104,3.2144,3.2174,3.2144,3.2154,29
2026-06-10 17:16:00,3.2094,3.2094,3.2064,3.2079,3.2144,3.2144,3.2114,3.2129,26
2026-06-10 17:17:00,3.2084,3.2124,3.2074,3.2109,3.2134,3.2174,3.2124,3.2159,27
2026-06-10 17:18:00,3.2114,3.2134,3.2104,3.2114,3.2164,3.2184,3.2154,3.2164,34
2026-06-10 17:19:00,3.2119,3.2134,3.2114,3.2124,3.2169,3.2184,3.2164,3.2174,25
2026-06-10 17:20:00,3.2134,3.2194,3.2134,3.2144,3.2184,3.2244,3.2184,3.2194,28
2026-06-10 17:21:00,3.2149,3.2149,3.2114,3.2114,3.2199,3.2199,3.2164,3.2164,12
2026-06-10 17:22:00,3.2124,3.2124,3.2074,3.2094,3.2174,3.2174,3.2124,3.2144,23
2026-06-10 17:23:00,3.2104,3.2104,3.2084,3.2084,3.2154,3.2154,3.2134,3.2134,10
2026-06-10 17:24:00,3.2074,3.2094,3.2074,3.2084,3.2124,3.2144,3.2124,3.2134,14
2026-06-10 17:25:00,3.2089,3.2114,3.2089,3.2109,3.2139,3.2164,3.2139,3.2159,19
2026-06-10 17:26:00,3.2104,3.2184,3.2104,3.2154,3.2154,3.2234,3.2154,3.2204,39
2026-06-10 17:27:00,3.2164,3.2184,3.2154,3.2184,3.2214,3.2234,3.2204,3.2234,29
2026-06-10 17:28:00,3.2174,3.2184,3.2164,3.2174,3.2224,3.2234,3.2214,3.2224,9
2026-06-10 17:29:00,3.2164,3.2174,3.2144,3.2149,3.2214,3.2224,3.2194,3.2199,18
2026-06-10 17:30:00,3.2154,3.2204,3.2144,3.2164,3.2204,3.2254,3.2194,3.2214,36
2026-06-10 17:31:00,3.2174,3.2194,3.2169,3.2184,3.2224,3.2244,3.2219,3.2234,14
2026-06-10 17:32:00,3.2174,3.2184,3.2154,3.2174,3.2224,3.2234,3.2204,3.2224,20
2026-06-10 17:33:00,3.2164,3.2204,3.2154,3.2204,3.2214,3.2254,3.2204,3.2254,17
2026-06-10 17:34:00,3.2214,3.2214,3.2194,3.2204,3.2264,3.2264,3.2244,3.2254,36
2026-06-10 17:35:00,3.2199,3.2214,3.2184,3.2194,3.2249,3.2264,3.2234,3.2244,20
2026-06-10 17:36:00,3.2184,3.2204,3.2184,3.2184,3.2234,3.2254,3.2234,3.2234,12
2026-06-10 17:37:00,3.2189,3.2204,3.2184,3.2194,3.2239,3.2254,3.2234,3.2244,12
2026-06-10 17:38:00,3.2199,3.2284,3.2199,3.2274,3.2249,3.2334,3.2249,3.2324,37
2026-06-10 17:39:00,3.2279,3.2294,3.2254,3.2254,3.2329,3.2344,3.2304,3.2304,23
2026-06-10 17:40:00,3.2259,3.2284,3.2259,3.2274,3.2309,3.2334,3.2309,3.2324,21
2026-06-10 17:41:00,3.2279,3.2279,3.2244,3.2269,3.2329,3.2329,3.2294,3.2319,21
2026-06-10 17:42:00,3.2264,3.2274,3.2244,3.2244,3.2314,3.2324,3.2294,3.2294,11
2026-06-10 17:43:00,3.2254,3.2284,3.2244,3.2274,3.2304,3.2334,3.2294,3.2324,8
2026-06-10 17:44:00,3.2264,3.2284,3.2234,3.2274,3.2314,3.2334,3.2284,3.2324,35
2026-06-10 17:45:00,3.2264,3.2284,3.2244,3.2274,3.2314,3.2334,3.2294,3.2324,38
2026-06-10 17:46:00,3.2284,3.2294,3.2284,3.2294,3.2334,3.2344,3.2334,3.2344,4
2026-06-10 17:47:00,3.2284,3.2344,3.2279,3.2294,3.2334,3.2394,3.2329,3.2344,75
2026-06-10 17:48:00,3.2304,3.2334,3.2284,3.2294,3.2354,3.2384,3.2334,3.2344,70
2026-06-10 17:49:00,3.2284,3.2304,3.2284,3.2294,3.2334,3.2354,3.2334,3.2344,39
2026-06-10 17:50:00,3.2304,3.2334,3.2284,3.2324,3.2354,3.2384,3.2334,3.2374,78
2026-06-10 17:51:00,3.2329,3.2424,3.2324,3.2424,3.2379,3.2474,3.2374,3.2474,69
2026-06-10 17:52:00,3.2414,3.2464,3.2394,3.2449,3.2464,3.2514,3.2444,3.2499,90
2026-06-10 17:53:00,3.2454,3.2464,3.2394,3.2399,3.2504,3.2514,3.2444,3.2449,69
2026-06-10 17:54:00,3.2394,3.2424,3.2374,3.2424,3.2444,3.2474,3.2424,3.2474,41
2026-06-10 17:55:00,3.2414,3.2424,3.2384,3.2419,3.2464,3.2474,3.2434,3.2469,27
2026-06-10 17:56:00,3.2424,3.2434,3.2394,3.2394,3.2474,3.2484,3.2444,3.2444,15
2026-06-10 17:57:00,3.2389,3.2414,3.2374,3.2409,3.2439,3.2464,3.2424,3.2459,30
2026-06-10 17:58:00,3.2414,3.2424,3.2404,3.2404,3.2464,3.2474,3.2454,3.2454,8
2026-06-10 17:59:00,3.2409,3.2434,3.2394,3.2419,3.2459,3.2484,3.2444,3.2469,22
2026-06-10 18:00:00,3.2424,3.2444,3.2404,3.2434,3.2474,3.2494,3.2454,3.2484,21
2026-06-10 18:01:00,3.2424,3.2444,3.2404,3.2424,3.2474,3.2494,3.2454,3.2474,17
2026-06-10 18:02:00,3.2414,3.2434,3.2414,3.2434,3.2464,3.2484,3.2464,3.2484,15
2026-06-10 18:03:00,3.2429,3.2434,3.2404,3.2404,3.2479,3.2484,3.2454,3.2454,23
2026-06-10 18:04:00,3.2394,3.2444,3.2394,3.2434,3.2444,3.2494,3.2444,3.2484,16
2026-06-10 18:05:00,3.2444,3.2444,3.2424,3.2424,3.2494,3.2494,3.2474,3.2474,5
2026-06-10 18:06:00,3.2414,3.2434,3.2404,3.2434,3.2464,3.2484,3.2454,3.2484,31
2026-06-10 18:07:00,3.2419,3.2419,3.2374,3.2384,3.2469,3.2469,3.2424,3.2434,10
2026-06-10 18:08:00,3.2374,3.2384,3.2354,3.2359,3.2424,3.2434,3.2404,3.2409,11
2026-06-10 18:09:00,3.2354,3.2374,3.2354,3.2364,3.2404,3.2424,3.2404,3.2414,14
2026-06-10 18:10:00,3.2374,3.2404,3.2374,3.2379,3.2424,3.2454,3.2424,3.2429,32
2026-06-10 18:11:00,3.2374,3.2414,3.2374,3.2394,3.2424,3.2464,3.2424,3.2444,17
2026-06-10 18:12:00,3.2404,3.2404,3.2394,3.2404,3.2454,3.2454,3.2444,3.2454,13
2026-06-10 18:13:00,3.2394,3.2404,3.2394,3.2394,3.2444,3.2454,3.2444,3.2444,8
2026-06-10 18:14:00,3.2404,3.2404,3.2364,3.2374,3.2454,3.2454,3.2414,3.2424,12
2026-06-10 18:15:00,3.2384,3.2384,3.2374,3.2379,3.2434,3.2434,3.2424,3.2429,9
2026-06-10 18:16:00,3.2374,3.2374,3.2364,3.2374,3.2424,3.2424,3.2414,3.2424,12
2026-06-10 18:17:00,3.2364,3.2374,3.2354,3.2369,3.2414,3.2424,3.2404,3.2419,12
2026-06-10 18:18:00,3.2374,3.2374,3.2324,3.2334,3.2424,3.2424,3.2374,3.2384,24
2026-06-10 18:19:00,3.2344,3.2354,3.2344,3.2354,3.2394,3.2404,3.2394,3.2404,6
2026-06-10 18:20:00,3.2364,3.2404,3.2364,3.2394,3.2414,3.2454,3.2414,3.2444,28
2026-06-10 18:21:00,3.2384,3.2404,3.2384,3.2404,3.2434,3.2454,3.2434,3.2454,11
2026-06-10 18:22:00,3.2414,3.2464,3.2414,3.2444,3.2464,3.2514,3.2464,3.2494,16
2026-06-10 18:23:00,3.2434,3.2444,3.2424,3.2434,3.2484,3.2494,3.2474,3.2484,10
2026-06-10 18:24:00,3.2424,3.2484,3.2424,3.2474,3.2474,3.2534,3.2474,3.2524,22
2026-06-10 18:25:00,3.2464,3.2464,3.2444,3.2454,3.2514,3.2514,3.2494,3.2504,11
2026-06-10 18:26:00,3.2464,3.2464,3.2434,3.2434,3.2514,3.2514,3.2484,3.2484,8
2026-06-10 18:27:00,3.2444,3.2444,3.2434,3.2444,3.2494,3.2494,3.2484,3.2494,6
2026-06-10 18:28:00,3.2434,3.2434,3.2384,3.2384,3.2484,3.2484,3.2434,3.2434,15
2026-06-10 18:29:00,3.2379,3.2384,3.2374,3.2374,3.2429,3.2434,3.2424,3.2424,10
2026-06-10 18:30:00,3.2384,3.2394,3.2374,3.2374,3.2434,3.2444,3.2424,3.2424,15
2026-06-10 18:31:00,3.2384,3.2384,3.2364,3.2374,3.2434,3.2434,3.2414,3.2424,23
2026-06-10 18:32:00,3.2379,3.2404,3.2374,3.2404,3.2429,3.2454,3.2424,3.2454,14
2026-06-10 18:33:00,3.2399,3.2404,3.2384,3.2404,3.2449,3.2454,3.2434,3.2454,11
2026-06-10 18:34:00,3.2394,3.2404,3.2394,3.2394,3.2444,3.2454,3.2444,3.2444,3
2026-06-10 18:35:00,3.2384,3.2384,3.2374,3.2374,3.2434,3.2434,3.2424,3.2424,9
2026-06-10 18:36:00,3.2384,3.2384,3.2324,3.2324,3.2434,3.2434,3.2374,3.2374,10
2026-06-10 18:37:00,3.2329,3.2334,3.2274,3.2319,3.2379,3.2384,3.2324,3.2369,32
2026-06-10 18:38:00,3.2314,3.2354,3.2314,3.2349,3.2364,3.2404,3.2364,3.2399,20
2026-06-10 18:39:00,3.2344,3.2364,3.2344,3.2364,3.2394,3.2414,3.2394,3.2414,8
2026-06-10 18:40:00,3.2359,3.2359,3.2274,3.2274,3.2409,3.2409,3.2324,3.2324,20
2026-06-10 18:41:00,3.2264,3.2284,3.2264,3.2274,3.2314,3.2334,3.2314,3.2324,9
2026-06-10 18:42:00,3.2284,3.2284,3.2264,3.2279,3.2334,3.2334,3.2314,3.2329,16
2026-06-10 18:43:00,3.2284,3.2294,3.2254,3.2254,3.2334,3.2344,3.2304,3.2304,13
2026-06-10 18:44:00,3.2244,3.2254,3.2234,3.2254,3.2294,3.2304,3.2284,3.2304,24
2026-06-10 18:45:00,3.2264,3.2274,3.2214,3.2224,3.2314,3.2324,3.2264,3.2274,25
2026-06-10 18:46:00,3.2214,3.2214,3.2164,3.2184,3.2264,3.2264,3.2214,3.2234,21
2026-06-10 18:47:00,3.2179,3.2179,3.2084,3.2094,3.2229,3.2229,3.2134,3.2144,50
2026-06-10 18:48:00,3.2104,3.2159,3.2104,3.2154,3.2154,3.2209,3.2154,3.2204,28
2026-06-10 18:49:00,3.2144,3.2164,3.2144,3.2164,3.2194,3.2214,3.2194,3.2214,19
2026-06-10 18:50:00,3.2174,3.2194,3.2174,3.2184,3.2224,3.2244,3.2224,3.2234,7
2026-06-10 18:51:00,3.2174,3.2214,3.2174,3.2184,3.2224,3.2264,3.2224,3.2234,23
2026-06-10 18:52:00,3.2194,3.2234,3.2184,3.2214,3.2244,3.2284,3.2234,3.2264,16
2026-06-10 18:53:00,3.2224,3.2224,3.2194,3.2194,3.2274,3.2274,3.2244,3.2244,12
2026-06-10 18:54:00,3.2204,3.2214,3.2184,3.2189,3.2254,3.2264,3.2234,3.2239,9
2026-06-10 18:55:00,3.2184,3.2214,3.2184,3.2204,3.2234,3.2264,3.2234,3.2254,14
2026-06-10 18:56:00,3.2194,3.2234,3.2194,3.2234,3.2244,3.2284,3.2244,3.2284,8
2026-06-10 18:57:00,3.2224,3.2244,3.2224,3.2234,3.2274,3.2294,3.2274,3.2284,9
2026-06-10 18:58:00,3.2239,3.2274,3.2234,3.2254,3.2289,3.2324,3.2284,3.2304,29
2026-06-10 18:59:00,3.2249,3.2264,3.2234,3.2234,3.2299,3.2314,3.2284,3.2284,15
2026-06-10 19:00:00,3.2244,3.2249,3.2214,3.2214,3.2294,3.2299,3.2264,3.2264,11
2026-06-10 19:01:00,3.2224,3.2244,3.2184,3.2219,3.2274,3.2294,3.2234,3.2269,35
2026-06-10 19:02:00,3.2224,3.2234,3.2214,3.2229,3.2274,3.2284,3.2264,3.2279,13
2026-06-10 19:03:00,3.2234,3.2244,3.2229,3.2244,3.2284,3.2294,3.2279,3.2294,4
2026-06-10 19:04:00,3.2234,3.2244,3.2224,3.2224,3.2284,3.2294,3.2274,3.2274,12
2026-06-10 19:05:00,3.2229,3.2264,3.2229,3.2254,3.2279,3.2314,3.2279,3.2304,15
2026-06-10 19:06:00,3.2264,3.2274,3.2264,3.2274,3.2314,3.2324,3.2314,3.2324,13
2026-06-10 19:07:00,3.2284,3.2294,3.2274,3.2284,3.2334,3.2344,3.2324,3.2334,9
2026-06-10 19:08:00,3.2294,3.2294,3.2284,3.2294,3.2344,3.2344,3.2334,3.2344,8
2026-06-10 19:09:00,3.2289,3.2294,3.2254,3.2264,3.2339,3.2344,3.2304,3.2314,11
2026-06-10 19:10:00,3.2269,3.2284,3.2269,3.2284,3.2319,3.2334,3.2319,3.2334,14
2026-06-10 19:11:00,3.2274,3.2274,3.2264,3.2264,3.2324,3.2324,3.2314,3.2314,2
2026-06-10 19:12:00,3.2254,3.2264,3.2234,3.2249,3.2304,3.2314,3.2284,3.2299,19
2026-06-10 19:13:00,3.2244,3.2304,3.2244,3.2304,3.2294,3.2354,3.2294,3.2354,31
2026-06-10 19:14:00,3.2294,3.2304,3.2254,3.2264,3.2344,3.2354,3.2304,3.2314,37
2026-06-10 19:15:00,3.2274,3.2294,3.2274,3.2294,3.2324,3.2344,3.2324,3.2344,10
2026-06-10 19:16:00,3.2304,3.2334,3.2294,3.2294,3.2354,3.2384,3.2344,3.2344,19
2026-06-10 19:17:00,3.2284,3.2324,3.2284,3.2304,3.2334,3.2374,3.2334,3.2354,14
2026-06-10 19:18:00,3.2294,3.2304,3.2294,3.2294,3.2344,3.2354,3.2344,3.2344,10
2026-06-10 19:19:00,3.2304,3.2304,3.2274,3.2294,3.2354,3.2354,3.2324,3.2344,12
2026-06-10 19:20:00,3.2284,3.2284,3.2224,3.2234,3.2334,3.2334,3.2274,3.2284,23
2026-06-10 19:21:00,3.2244,3.2244,3.2224,3.2234,3.2294,3.2294,3.2274,3.2284,16
2026-06-10 19:22:00,3.2239,3.2239,3.2174,3.2179,3.2289,3.2289,3.2224,3.2229,27
2026-06-10 19:23:00,3.2184,3.2234,3.2184,3.2229,3.2234,3.2284,3.2234,3.2279,12
2026-06-10 19:24:00,3.2224,3.2279,3.2224,3.2264,3.2274,3.2329,3.2274,3.2314,28
2026-06-10 19:25:00,3.2259,3.2264,3.2234,3.2264,3.2309,3.2314,3.2284,3.2314,37
2026-06-10 19:26:00,3.2269,3.2274,3.2264,3.2274,3.2319,3.2324,3.2314,3.2324,11
2026-06-10 19:27:00,3.2284,3.2324,3.2274,3.2324,3.2334,3.2374,3.2324,3.2374,18
2026-06-10 19:28:00,3.2334,3.2344,3.2334,3.2344,3.2384,3.2394,3.2384,3.2394,18
2026-06-10 19:29:00,3.2334,3.2354,3.2324,3.2324,3.2384,3.2404,3.2374,3.2374,15
2026-06-10 19:30:00,3.2334,3.2334,3.2304,3.2314,3.2384,3.2384,3.2354,3.2364,8
2026-06-10 19:31:00,3.2304,3.2314,3.2284,3.2294,3.2354,3.2364,3.2334,3.2344,18
2026-06-10 19:32:00,3.2274,3.2284,3.2254,3.2274,3.2324,3.2334,3.2304,3.2324,20
2026-06-10 19:33:00,3.2284,3.2294,3.2264,3.2284,3.2334,3.2344,3.2314,3.2334,11
2026-06-10 19:34:00,3.2294,3.2324,3.2294,3.2324,3.2344,3.2374,3.2344,3.2374,24
2026-06-10 19:35:00,3.2334,3.2334,3.2284,3.2284,3.2384,3.2384,3.2334,3.2334,22
2026-06-10 19:36:00,3.2289,3.2289,3.2274,3.2284,3.2339,3.2339,3.2324,3.2334,10
2026-06-10 19:37:00,3.2274,3.2294,3.2274,3.2294,3.2324,3.2344,3.2324,3.2344,12
2026-06-10 19:38:00,3.2304,3.2324,3.2294,3.2304,3.2354,3.2374,3.2344,3.2354,18
2026-06-10 19:39:00,3.2314,3.2334,3.2304,3.2334,3.2364,3.2384,3.2354,3.2384,12
2026-06-10 19:40:00,3.2344,3.2364,3.2344,3.2364,3.2394,3.2414,3.2394,3.2414,9
2026-06-10 19:41:00,3.2354,3.2374,3.2354,3.2354,3.2404,3.2424,3.2404,3.2404,16
2026-06-10 19:42:00,3.2364,3.2364,3.2319,3.2324,3.2414,3.2414,3.2369,3.2374,16
2026-06-10 19:43:00,3.2314,3.2324,3.2314,3.2324,3.2364,3.2374,3.2364,3.2374,2
2026-06-10 19:45:00,3.2334,3.2334,3.2324,3.2329,3.2384,3.2384,3.2374,3.2379,31
2026-06-10 19:46:00,3.2324,3.2344,3.2304,3.2314,3.2374,3.2394,3.2354,3.2364,23
2026-06-10 19:47:00,3.2319,3.2344,3.2319,3.2334,3.2369,3.2394,3.2369,3.2384,9
2026-06-10 19:48:00,3.2344,3.2374,3.2344,3.2359,3.2394,3.2424,3.2394,3.2409,10
2026-06-10 19:49:00,3.2364,3.2364,3.2344,3.2354,3.2414,3.2414,3.2394,3.2404,6
2026-06-10 19:50:00,3.2359,3.2374,3.2324,3.2334,3.2409,3.2424,3.2374,3.2384,26
2026-06-10 19:51:00,3.2324,3.2334,3.2304,3.2304,3.2374,3.2384,3.2354,3.2354,6
2026-06-10 19:52:00,3.2309,3.2324,3.2309,3.2324,3.2359,3.2374,3.2359,3.2374,7
2026-06-10 19:53:00,3.2314,3.2314,3.2254,3.2254,3.2364,3.2364,3.2304,3.2304,10
2026-06-10 19:54:00,3.2244,3.2274,3.2234,3.2264,3.2294,3.2324,3.2284,3.2314,37
2026-06-10 19:55:00,3.2254,3.2264,3.2254,3.2254,3.2304,3.2314,3.2304,3.2304,12
2026-06-10 19:56:00,3.2259,3.2264,3.2234,3.2244,3.2309,3.2314,3.2284,3.2294,21
2026-06-10 19:57:00,3.2234,3.2244,3.2234,3.2244,3.2284,3.2294,3.2284,3.2294,2
2026-06-10 19:58:00,3.2239,3.2254,3.2224,3.2254,3.2289,3.2304,3.2274,3.2304,13
2026-06-10 19:59:00,3.2244,3.2254,3.2194,3.2204,3.2294,3.2304,3.2244,3.2254,28
2026-06-10 20:00:00,3.2199,3.2214,3.2154,3.2164,3.2249,3.2264,3.2204,3.2214,65
2026-06-10 20:01:00,3.2154,3.2164,3.2124,3.2164,3.2204,3.2214,3.2174,3.2214,38
2026-06-10 20:02:00,3.2159,3.2164,3.2134,3.2134,3.2209,3.2214,3.2184,3.2184,9
2026-06-10 20:03:00,3.2124,3.2134,3.2094,3.2124,3.2174,3.2184,3.2144,3.2174,22
2026-06-10 20:04:00,3.2134,3.2184,3.2134,3.2174,3.2184,3.2234,3.2184,3.2224,19
2026-06-10 20:05:00,3.2169,3.2194,3.2164,3.2194,3.2219,3.2244,3.2214,3.2244,28
2026-06-10 20:06:00,3.2189,3.2239,3.2184,3.2234,3.2239,3.2289,3.2234,3.2284,27
2026-06-10 20:07:00,3.2224,3.2264,3.2214,3.2214,3.2274,3.2314,3.2264,3.2264,33
2026-06-10 20:08:00,3.2204,3.2214,3.2154,3.2174,3.2254,3.2264,3.2204,3.2224,39
2026-06-10 20:09:00,3.2164,3.2239,3.2164,3.2209,3.2214,3.2289,3.2214,3.2259,96
2026-06-10 20:10:00,3.2204,3.2214,3.2184,3.2204,3.2254,3.2264,3.2234,3.2254,34
2026-06-10 20:11:00,3.2199,3.2214,3.2184,3.2214,3.2249,3.2264,3.2234,3.2264,20
2026-06-10 20:12:00,3.2219,3.2224,3.2204,3.2214,3.2269,3.2274,3.2254,3.2264,56
2026-06-10 20:13:00,3.2224,3.2224,3.2194,3.2194,3.2274,3.2274,3.2244,3.2244,15
2026-06-10 20:14:00,3.2204,3.2204,3.2179,3.2184,3.2254,3.2254,3.2229,3.2234,13
2026-06-10 20:15:00,3.2179,3.2254,3.2164,3.2234,3.2229,3.2304,3.2214,3.2284,47
2026-06-10 20:16:00,3.2224,3.2234,3.2194,3.2214,3.2274,3.2284,3.2244,3.2264,13
2026-06-10 20:17:00,3.2224,3.2224,3.2184,3.2194,3.2274,3.2274,3.2234,3.2244,16
2026-06-10 20:18:00,3.2189,3.2194,3.2154,3.2154,3.2239,3.2244,3.2204,3.2204,25
2026-06-10 20:19:00,3.2159,3.2184,3.2159,3.2174,3.2209,3.2234,3.2209,3.2224,14
2026-06-10 20:20:00,3.2179,3.2184,3.2164,3.2184,3.2229,3.2234,3.2214,3.2234,6
2026-06-10 20:21:00,3.2179,3.2184,3.2154,3.2159,3.2229,3.2234,3.2204,3.2209,25
2026-06-10 20:22:00,3.2164,3.2184,3.2164,3.2164,3.2214,3.2234,3.2214,3.2214,16
2026-06-10 20:23:00,3.2154,3.2164,3.2104,3.2134,3.2204,3.2214,3.2154,3.2184,36
2026-06-10 20:24:00,3.2144,3.2164,3.2144,3.2154,3.2194,3.2214,3.2194,3.2204,20
2026-06-10 20:25:00,3.2144,3.2164,3.2134,3.2134,3.2194,3.2214,3.2184,3.2184,31
2026-06-10 20:26:00,3.2144,3.2169,3.2134,3.2164,3.2194,3.2219,3.2184,3.2214,40
2026-06-10 20:27:00,3.2154,3.2164,3.2134,3.2164,3.2204,3.2214,3.2184,3.2214,48
2026-06-10 20:28:00,3.2154,3.2164,3.2094,3.2104,3.2204,3.2214,3.2144,3.2154,149
2026-06-10 20:29:00,3.2114,3.2124,3.2084,3.2094,3.2164,3.2174,3.2134,3.2144,135
2026-06-10 20:30:00,3.2104,3.2134,3.2104,3.2134,3.2154,3.2184,3.2154,3.2184,45
2026-06-10 20:31:00,3.2124,3.2144,3.2114,3.2124,3.2174,3.2194,3.2164,3.2174,39
2026-06-10 20:32:00,3.2134,3.2174,3.2119,3.2164,3.2184,3.2224,3.2169,3.2214,29
2026-06-10 20:33:00,3.2159,3.2159,3.2114,3.2134,3.2209,3.2209,3.2164,3.2184,28
2026-06-10 20:34:00,3.2124,3.2134,3.2104,3.2114,3.2174,3.2184,3.2154,3.2164,16
2026-06-10 20:35:00,3.2124,3.2144,3.2114,3.2129,3.2174,3.2194,3.2164,3.2179,18
2026-06-10 20:36:00,3.2124,3.2134,3.2119,3.2129,3.2174,3.2184,3.2169,3.2179,5
2026-06-10 20:37:00,3.2134,3.2144,3.2064,3.2084,3.2184,3.2194,3.2114,3.2134,22
2026-06-10 20:38:00,3.2094,3.2119,3.2094,3.2119,3.2144,3.2169,3.2144,3.2169,11
2026-06-10 20:39:00,3.2124,3.2129,3.2119,3.2119,3.2174,3.2179,3.2169,3.2169,9
2026-06-10 20:40:00,3.2114,3.2134,3.2104,3.2134,3.2164,3.2184,3.2154,3.2184,13
2026-06-10 20:41:00,3.2144,3.2144,3.2134,3.2134,3.2194,3.2194,3.2184,3.2184,6
2026-06-10 20:42:00,3.2124,3.2124,3.2104,3.2114,3.2174,3.2174,3.2154,3.2164,13
2026-06-10 20:43:00,3.2104,3.2114,3.2104,3.2114,3.2154,3.2164,3.2154,3.2164,2
2026-06-10 20:44:00,3.2104,3.2144,3.2104,3.2134,3.2154,3.2194,3.2154,3.2184,19
2026-06-10 20:45:00,3.2144,3.2169,3.2144,3.2154,3.2194,3.2219,3.2194,3.2204,11
2026-06-10 20:46:00,3.2144,3.2154,3.2144,3.2154,3.2194,3.2204,3.2194,3.2204,2
2026-06-10 20:47:00,3.2149,3.2159,3.2144,3.2154,3.2199,3.2209,3.2194,3.2204,5
2026-06-10 20:48:00,3.2144,3.2144,3.2144,3.2144,3.2194,3.2194,3.2194,3.2194,1
2026-06-10 20:49:00,3.2154,3.2164,3.2129,3.2134,3.2204,3.2214,3.2179,3.2184,22
2026-06-10 20:50:00,3.2124,3.2124,3.2119,3.2124,3.2174,3.2174,3.2169,3.2174,3
2026-06-10 20:51:00,3.2129,3.2134,3.2124,3.2124,3.2179,3.2184,3.2174,3.2174,3
2026-06-10 20:52:00,3.2134,3.2134,3.2134,3.2134,3.2184,3.2184,3.2184,3.2184,1
2026-06-10 20:53:00,3.2144,3.2144,3.2144,3.2144,3.2194,3.2194,3.2194,3.2194,1
2026-06-10 20:54:00,3.2149,3.2184,3.2144,3.2144,3.2199,3.2234,3.2194,3.2194,12
2026-06-10 20:55:00,3.2154,3.2154,3.2124,3.2134,3.2204,3.2204,3.2174,3.2184,15
2026-06-10 20:57:00,3.2124,3.2134,3.2104,3.2104,3.2174,3.2184,3.2154,3.2154,20
2026-06-10 20:58:00,3.2109,3.2114,3.2104,3.2114,3.2159,3.2164,3.2154,3.2164,5
2026-06-10 20:59:00,3.2124,3.2124,3.2114,3.2114,3.2174,3.2174,3.2164,3.2164,3
2026-06-10 21:00:00,3.2109,3.2124,3.2104,3.2114,3.2159,3.2174,3.2154,3.2164,20
2026-06-10 21:01:00,3.2119,3.2154,3.2114,3.2154,3.2169,3.2204,3.2164,3.2204,11
2026-06-10 21:02:00,3.2144,3.2154,3.2144,3.2149,3.2194,3.2204,3.2194,3.2199,6
2026-06-10 21:03:00,3.2139,3.2154,3.2134,3.2144,3.2189,3.2204,3.2184,3.2194,9
2026-06-10 21:04:00,3.2149,3.2149,3.2129,3.2134,3.2199,3.2199,3.2179,3.2184,9
2026-06-10 21:05:00,3.2129,3.2134,3.2124,3.2124,3.2179,3.2184,3.2174,3.2174,7
2026-06-10 21:06:00,3.2114,3.2124,3.2109,3.2114,3.2164,3.2174,3.2159,3.2164,6
2026-06-10 21:07:00,3.2104,3.2124,3.2104,3.2124,3.2154,3.2174,3.2154,3.2174,6
2026-06-10 21:08:00,3.2134,3.2164,3.2134,3.2164,3.2184,3.2214,3.2184,3.2214,12
2026-06-10 21:09:00,3.2159,3.2174,3.2149,3.2159,3.2209,3.2224,3.2199,3.2209,12
2026-06-10 21:10:00,3.2154,3.2184,3.2154,3.2174,3.2204,3.2234,3.2204,3.2224,19
2026-06-10 21:11:00,3.2179,3.2179,3.2154,3.2174,3.2229,3.2229,3.2204,3.2224,31
2026-06-10 21:12:00,3.2169,3.2189,3.2169,3.2184,3.2219,3.2239,3.2219,3.2234,21
2026-06-10 21:13:00,3.2179,3.2184,3.2134,3.2134,3.2229,3.2234,3.2184,3.2184,16
2026-06-10 21:14:00,3.2144,3.2144,3.2134,3.2139,3.2194,3.2194,3.2184,3.2189,3
2026-06-10 21:15:00,3.2144,3.2154,3.2134,3.2144,3.2194,3.2204,3.2184,3.2194,10
2026-06-10 21:16:00,3.2154,3.2154,3.2154,3.2154,3.2204,3.2204,3.2204,3.2204,1
2026-06-10 21:17:00,3.2144,3.2149,3.2144,3.2144,3.2194,3.2199,3.2194,3.2194,3
2026-06-10 21:20:00,3.2134,3.2134,3.2104,3.2114,3.2184,3.2184,3.2154,3.2164,5
2026-06-10 21:21:00,3.2119,3.2124,3.2114,3.2124,3.2169,3.2174,3.2164,3.2174,6
2026-06-10 21:22:00,3.2119,3.2124,3.2114,3.2124,3.2169,3.2174,3.2164,3.2174,8
2026-06-10 21:23:00,3.2119,3.2124,3.2119,3.2124,3.2169,3.2174,3.2169,3.2174,2
2026-06-10 21:24:00,3.2119,3.2134,3.2114,3.2134,3.2169,3.2184,3.2164,3.2184,4
2026-06-10 21:25:00,3.2124,3.2124,3.2124,3.2124,3.2174,3.2174,3.2174,3.2174,1
2026-06-10 21:26:00,3.2119,3.2119,3.2054,3.2064,3.2169,3.2169,3.2104,3.2114,12
2026-06-10 21:27:00,3.2074,3.2074,3.2044,3.2054,3.2124,3.2124,3.2094,3.2104,12
2026-06-10 21:28:00,3.2044,3.2064,3.2044,3.2054,3.2094,3.2114,3.2094,3.2104,10
2026-06-10 21:29:00,3.2064,3.2064,3.2054,3.2059,3.2114,3.2114,3.2104,3.2109,6
2026-06-10 21:30:00,3.2064,3.2069,3.2044,3.2054,3.2114,3.2119,3.2094,3.2104,14
2026-06-10 21:33:00,3.2064,3.2064,3.2054,3.2059,3.2114,3.2114,3.2104,3.2109,8
2026-06-10 21:34:00,3.2054,3.2054,3.2054,3.2054,3.2104,3.2104,3.2104,3.2104,1
2026-06-10 21:35:00,3.2064,3.2074,3.2064,3.2074,3.2114,3.2124,3.2114,3.2124,4
2026-06-10 21:36:00,3.2069,3.2074,3.2069,3.2074,3.2119,3.2124,3.2119,3.2124,2
2026-06-10 21:38:00,3.2084,3.2084,3.2064,3.2074,3.2134,3.2134,3.2114,3.2124,11
2026-06-10 21:40:00,3.2084,3.2084,3.2084,3.2084,3.2134,3.2134,3.2134,3.2134,1
2026-06-10 21:41:00,3.2074,3.2084,3.2074,3.2074,3.2124,3.2134,3.2124,3.2124,3
2026-06-10 21:42:00,3.2079,3.2114,3.2074,3.2109,3.2129,3.2164,3.2124,3.2159,9
2026-06-10 21:43:00,3.2114,3.2114,3.2104,3.2104,3.2164,3.2164,3.2154,3.2154,11
2026-06-10 21:44:00,3.2114,3.2114,3.2104,3.2104,3.2164,3.2164,3.2154,3.2154,2
2026-06-10 21:46:00,3.2114,3.2114,3.2114,3.2114,3.2164,3.2164,3.2164,3.2164,1
2026-06-10 21:48:00,3.2104,3.2104,3.2094,3.2094,3.2154,3.2154,3.2144,3.2144,2
2026-06-10 21:49:00,3.2084,3.2084,3.2074,3.2084,3.2134,3.2134,3.2124,3.2134,14
2026-06-10 21:50:00,3.2079,3.2079,3.2064,3.2074,3.2129,3.2129,3.2114,3.2124,4
2026-06-10 21:51:00,3.2084,3.2084,3.2084,3.2084,3.2134,3.2134,3.2134,3.2134,1
2026-06-10 21:52:00,3.2094,3.2104,3.2074,3.2084,3.2144,3.2154,3.2124,3.2134,8
2026-06-10 21:53:00,3.2074,3.2084,3.2074,3.2074,3.2124,3.2134,3.2124,3.2124,5
2026-06-10 21:56:00,3.2079,3.2084,3.2074,3.2079,3.2129,3.2134,3.2124,3.2129,11
2026-06-10 21:57:00,3.2074,3.2084,3.2074,3.2074,3.2124,3.2134,3.2124,3.2124,3
2026-06-10 21:58:00,3.2064,3.2064,3.2059,3.2064,3.2114,3.2114,3.2109,3.2114,3
2026-06-10 21:59:00,3.2074,3.2074,3.2054,3.2054,3.2124,3.2124,3.2104,3.2104,11
2026-06-10 22:00:00,3.2064,3.2074,3.2054,3.2064,3.2114,3.2124,3.2104,3.2114,11
2026-06-10 22:01:00,3.2054,3.2054,3.2054,3.2054,3.2104,3.2104,3.2104,3.2104,1
2026-06-10 22:02:00,3.2064,3.2064,3.2054,3.2059,3.2114,3.2114,3.2104,3.2109,4
2026-06-10 22:03:00,3.2064,3.2074,3.2064,3.2064,3.2114,3.2124,3.2114,3.2114,3
2026-06-10 22:04:00,3.2069,3.2074,3.2064,3.2064,3.2119,3.2124,3.2114,3.2114,4
2026-06-10 22:06:00,3.2054,3.2054,3.2034,3.2034,3.2104,3.2104,3.2084,3.2084,6
2026-06-10 22:07:00,3.2024,3.2024,3.1964,3.1969,3.2074,3.2074,3.2014,3.2019,27
2026-06-10 22:08:00,3.1964,3.1984,3.1964,3.1974,3.2014,3.2034,3.2014,3.2024,12
2026-06-10 22:09:00,3.1964,3.1994,3.1964,3.1994,3.2014,3.2044,3.2014,3.2044,7
2026-06-10 22:10:00,3.2004,3.2004,3.1994,3.2004,3.2054,3.2054,3.2044,3.2054,4
2026-06-10 22:11:00,3.1994,3.2004,3.1994,3.2004,3.2044,3.2054,3.2044,3.2054,14
2026-06-10 22:12:00,3.2009,3.2014,3.2004,3.2014,3.2059,3.2064,3.2054,3.2064,5
2026-06-10 22:13:00,3.2009,3.2009,3.1989,3.1994,3.2059,3.2059,3.2039,3.2044,5
2026-06-10 22:14:00,3.1989,3.1994,3.1984,3.1984,3.2039,3.2044,3.2034,3.2034,11
2026-06-10 22:15:00,3.1994,3.2034,3.1994,3.2024,3.2044,3.2084,3.2044,3.2074,14
2026-06-10 22:16:00,3.2014,3.2024,3.2014,3.2024,3.2064,3.2074,3.2064,3.2074,9
2026-06-10 22:17:00,3.2034,3.2044,3.2034,3.2034,3.2084,3.2094,3.2084,3.2084,5
2026-06-10 22:18:00,3.2044,3.2044,3.2039,3.2044,3.2094,3.2094,3.2089,3.2094,3
2026-06-10 22:19:00,3.2054,3.2064,3.2054,3.2064,3.2104,3.2114,3.2104,3.2114,5
2026-06-10 22:20:00,3.2074,3.2094,3.2074,3.2074,3.2124,3.2144,3.2124,3.2124,5
2026-06-10 22:21:00,3.2064,3.2074,3.2064,3.2064,3.2114,3.2124,3.2114,3.2114,5
2026-06-10 22:22:00,3.2054,3.2104,3.2054,3.2084,3.2104,3.2154,3.2104,3.2134,28
2026-06-10 22:23:00,3.2094,3.2114,3.2069,3.2099,3.2144,3.2164,3.2119,3.2149,30
2026-06-10 22:24:00,3.2104,3.2104,3.2084,3.2084,3.2154,3.2154,3.2134,3.2134,6
2026-06-10 22:25:00,3.2079,3.2079,3.2064,3.2074,3.2129,3.2129,3.2114,3.2124,16
2026-06-10 22:26:00,3.2069,3.2074,3.2064,3.2074,3.2119,3.2124,3.2114,3.2124,9
2026-06-10 22:28:00,3.2064,3.2064,3.2064,3.2064,3.2114,3.2114,3.2114,3.2114,1
2026-06-10 22:30:00,3.2054,3.2059,3.2044,3.2054,3.2104,3.2109,3.2094,3.2104,10
2026-06-10 22:31:00,3.2059,3.2059,3.2044,3.2049,3.2109,3.2109,3.2094,3.2099,8
2026-06-10 22:32:00,3.2054,3.2054,3.2029,3.2044,3.2104,3.2104,3.2079,3.2094,9
2026-06-10 22:33:00,3.2049,3.2054,3.2044,3.2054,3.2099,3.2104,3.2094,3.2104,4
2026-06-10 22:35:00,3.2044,3.2054,3.2044,3.2054,3.2094,3.2104,3.2094,3.2104,2
2026-06-10 22:36:00,3.2064,3.2094,3.2064,3.2094,3.2114,3.2144,3.2114,3.2144,4
2026-06-10 22:37:00,3.2084,3.2094,3.2084,3.2094,3.2134,3.2144,3.2134,3.2144,3
2026-06-10 22:41:00,3.2084,3.2094,3.2084,3.2094,3.2134,3.2144,3.2134,3.2144,2
2026-06-10 22:42:00,3.2114,3.2114,3.2104,3.2104,3.2164,3.2164,3.2154,3.2154,3
2026-06-10 22:43:00,3.2094,3.2104,3.2094,3.2094,3.2144,3.2154,3.2144,3.2144,7
2026-06-10 22:44:00,3.2104,3.2124,3.2104,3.2119,3.2154,3.2174,3.2154,3.2169,11
2026-06-10 22:45:00,3.2114,3.2124,3.2114,3.2124,3.2164,3.2174,3.2164,3.2174,2
2026-06-10 22:48:00,3.2134,3.2139,3.2119,3.2124,3.2184,3.2189,3.2169,3.2174,6
2026-06-10 22:49:00,3.2114,3.2119,3.2104,3.2119,3.2164,3.2169,3.2154,3.2169,6
2026-06-10 22:50:00,3.2114,3.2134,3.2114,3.2134,3.2164,3.2184,3.2164,3.2184,7
2026-06-10 22:51:00,3.2124,3.2124,3.2124,3.2124,3.2174,3.2174,3.2174,3.2174,1
2026-06-10 22:52:00,3.2114,3.2124,3.2114,3.2114,3.2164,3.2174,3.2164,3.2164,3
2026-06-10 22:54:00,3.2104,3.2129,3.2104,3.2124,3.2154,3.2179,3.2154,3.2174,12
2026-06-10 22:55:00,3.2129,3.2134,3.2124,3.2124,3.2179,3.2184,3.2174,3.2174,3
2026-06-10 22:56:00,3.2129,3.2134,3.2129,3.2134,3.2179,3.2184,3.2179,3.2184,2
2026-06-10 22:57:00,3.2124,3.2134,3.2114,3.2134,3.2174,3.2184,3.2164,3.2184,6
2026-06-10 22:58:00,3.2144,3.2174,3.2124,3.2134,3.2194,3.2224,3.2174,3.2184,17
2026-06-10 22:59:00,3.2124,3.2145,3.2114,3.2145,3.2174,3.2195,3.2164,3.2195,21
2026-06-11 00:00:00,3.2185,3.2185,3.213,3.213,3.2235,3.2235,3.218,3.218,18
2026-06-11 00:01:00,3.2135,3.214,3.213,3.214,3.2185,3.219,3.218,3.219,4
2026-06-11 00:02:00,3.2135,3.2145,3.2135,3.2145,3.2185,3.2195,3.2185,3.2195,3
2026-06-11 00:03:00,3.214,3.214,3.2125,3.2125,3.219,3.219,3.2175,3.2175,3
2026-06-11 00:04:00,3.2115,3.2125,3.2115,3.2115,3.2165,3.2175,3.2165,3.2165,3
2026-06-11 00:05:00,3.2105,3.2115,3.2105,3.2115,3.2155,3.2165,3.2155,3.2165,3
2026-06-11 00:06:00,3.2105,3.2115,3.2105,3.2105,3.2155,3.2165,3.2155,3.2155,3
2026-06-11 00:08:00,3.21,3.211,3.2095,3.2105,3.215,3.216,3.2145,3.2155,8
2026-06-11 00:09:00,3.2115,3.2115,3.211,3.2115,3.2165,3.2165,3.216,3.2165,3
2026-06-11 00:10:00,3.2125,3.2125,3.211,3.211,3.2175,3.2175,3.216,3.216,3
2026-06-11 00:12:00,3.2115,3.2115,3.2115,3.2115,3.2165,3.2165,3.2165,3.2165,1
2026-06-11 00:13:00,3.212,3.2135,3.212,3.2135,3.217,3.2185,3.217,3.2185,4
2026-06-11 00:14:00,3.213,3.213,3.2125,3.2125,3.218,3.218,3.2175,3.2175,2
2026-06-11 00:15:00,3.212,3.212,3.212,3.212,3.217,3.217,3.217,3.217,1
2026-06-11 00:17:00,3.2125,3.2125,3.212,3.212,3.2175,3.2175,3.217,3.217,4
2026-06-11 00:19:00,3.2115,3.2125,3.2115,3.2125,3.2165,3.2175,3.2165,3.2175,2
2026-06-11 00:20:00,3.212,3.212,3.212,3.212,3.217,3.217,3.217,3.217,1
2026-06-11 00:22:00,3.2125,3.2125,3.2125,3.2125,3.2175,3.2175,3.2175,3.2175,1
2026-06-11 00:23:00,3.212,3.212,3.2095,3.2095,3.217,3.217,3.2145,3.2145,5
2026-06-11 00:25:00,3.2085,3.209,3.2085,3.2085,3.2135,3.214,3.2135,3.2135,3
2026-06-11 00:29:00,3.2095,3.2095,3.209,3.209,3.2145,3.2145,3.214,3.214,2
2026-06-11 00:31:00,3.2095,3.2095,3.2095,3.2095,3.2145,3.2145,3.2145,3.2145,1
2026-06-11 00:34:00,3.2105,3.2105,3.2095,3.2095,3.2155,3.2155,3.2145,3.2145,2
2026-06-11 00:35:00,3.21,3.2105,3.21,3.2105,3.215,3.2155,3.215,3.2155,2
2026-06-11 00:39:00,3.2115,3.2115,3.21,3.21,3.2165,3.2165,3.215,3.215,3
2026-06-11 00:40:00,3.2105,3.2105,3.21,3.2105,3.2155,3.2155,3.215,3.2155,5
2026-06-11 00:41:00,3.2095,3.2105,3.2095,3.2105,3.2145,3.2155,3.2145,3.2155,3
2026-06-11 00:44:00,3.211,3.2115,3.2105,3.2105,3.216,3.2165,3.2155,3.2155,3
2026-06-11 00:46:00,3.2095,3.2095,3.2095,3.2095,3.2145,3.2145,3.2145,3.2145,1
2026-06-11 00:47:00,3.2105,3.2105,3.21,3.2105,3.2155,3.2155,3.215,3.2155,3
2026-06-11 00:48:00,3.21,3.2105,3.21,3.2105,3.215,3.2155,3.215,3.2155,2
2026-06-11 00:49:00,3.2115,3.2115,3.211,3.2115,3.2165,3.2165,3.216,3.2165,3
2026-06-11 00:50:00,3.2125,3.2135,3.2125,3.2135,3.2175,3.2185,3.2175,3.2185,2
2026-06-11 00:51:00,3.2125,3.2135,3.2125,3.2135,3.2175,3.2185,3.2175,3.2185,2
2026-06-11 00:52:00,3.2145,3.2145,3.2145,3.2145,3.2195,3.2195,3.2195,3.2195,1
2026-06-11 00:53:00,3.215,3.2165,3.215,3.216,3.22,3.2215,3.22,3.221,5
2026-06-11 00:54:00,3.2165,3.2165,3.2155,3.2165,3.2215,3.2215,3.2205,3.2215,3
2026-06-11 00:55:00,3.216,3.2165,3.2155,3.2155,3.221,3.2215,3.2205,3.2205,4
2026-06-11 00:56:00,3.2165,3.2175,3.2165,3.2165,3.2215,3.2225,3.2215,3.2215,5
2026-06-11 00:57:00,3.217,3.218,3.217,3.218,3.222,3.223,3.222,3.223,3
2026-06-11 00:58:00,3.2185,3.219,3.2185,3.219,3.2235,3.224,3.2235,3.224,2
2026-06-11 00:59:00,3.2195,3.2195,3.2185,3.219,3.2245,3.2245,3.2235,3.224,6
2026-06-11 01:00:00,3.2185,3.2185,3.218,3.218,3.2235,3.2235,3.223,3.223,2
2026-06-11 01:01:00,3.2175,3.2175,3.216,3.216,3.2225,3.2225,3.221,3.221,3
2026-06-11 01:02:00,3.2165,3.2165,3.216,3.2165,3.2215,3.2215,3.221,3.2215,3
2026-06-11 01:03:00,3.216,3.216,3.216,3.216,3.221,3.221,3.221,3.221,1
2026-06-11 01:04:00,3.215,3.2155,3.215,3.2155,3.22,3.2205,3.22,3.2205,2
2026-06-11 01:05:00,3.215,3.215,3.2145,3.2145,3.22,3.22,3.2195,3.2195,2
2026-06-11 01:08:00,3.2155,3.2155,3.2155,3.2155,3.2205,3.2205,3.2205,3.2205,1
2026-06-11 01:09:00,3.2165,3.217,3.2165,3.217,3.2215,3.222,3.2215,3.222,2
2026-06-11 01:10:00,3.2185,3.2185,3.218,3.218,3.2235,3.2235,3.223,3.223,2
2026-06-11 01:12:00,3.2185,3.2185,3.2185,3.2185,3.2235,3.2235,3.2235,3.2235,1
2026-06-11 01:13:00,3.218,3.2185,3.218,3.2185,3.223,3.2235,3.223,3.2235,2
2026-06-11 01:15:00,3.2175,3.2175,3.2165,3.2165,3.2225,3.2225,3.2215,3.2215,2
2026-06-11 01:16:00,3.217,3.2175,3.217,3.2175,3.222,3.2225,3.222,3.2225,2
2026-06-11 01:17:00,3.218,3.218,3.218,3.218,3.223,3.223,3.223,3.223,1
2026-06-11 01:18:00,3.2185,3.2185,3.2185,3.2185,3.2235,3.2235,3.2235,3.2235,1
2026-06-11 01:19:00,3.2175,3.2195,3.215,3.215,3.2225,3.2245,3.22,3.22,14
2026-06-11 01:20:00,3.2145,3.215,3.2115,3.214,3.2195,3.22,3.2165,3.219,12
2026-06-11 01:21:00,3.2145,3.2145,3.2125,3.2125,3.2195,3.2195,3.2175,3.2175,7
2026-06-11 01:23:00,3.2135,3.214,3.2135,3.214,3.2185,3.219,3.2185,3.219,2
2026-06-11 01:24:00,3.213,3.2135,3.2125,3.213,3.218,3.2185,3.2175,3.218,5
2026-06-11 01:25:00,3.2135,3.2165,3.2135,3.215,3.2185,3.2215,3.2185,3.22,9
2026-06-11 01:26:00,3.2145,3.2145,3.214,3.214,3.2195,3.2195,3.219,3.219,2
2026-06-11 01:27:00,3.2145,3.2145,3.214,3.2145,3.2195,3.2195,3.219,3.2195,3
2026-06-11 01:28:00,3.214,3.214,3.2135,3.2135,3.219,3.219,3.2185,3.2185,2
2026-06-11 01:29:00,3.214,3.214,3.214,3.214,3.219,3.219,3.219,3.219,1
2026-06-11 01:30:00,3.2145,3.215,3.2145,3.215,3.2195,3.22,3.2195,3.22,2
2026-06-11 01:31:00,3.2155,3.217,3.2155,3.217,3.2205,3.222,3.2205,3.222,3
2026-06-11 01:32:00,3.2175,3.2185,3.2175,3.218,3.2225,3.2235,3.2225,3.223,3
2026-06-11 01:33:00,3.2175,3.2175,3.217,3.217,3.2225,3.2225,3.222,3.222,2
2026-06-11 01:35:00,3.216,3.216,3.2155,3.2155,3.221,3.221,3.2205,3.2205,2
2026-06-11 01:36:00,3.215,3.216,3.2145,3.216,3.22,3.221,3.2195,3.221,8
2026-06-11 01:38:00,3.2165,3.2165,3.216,3.216,3.2215,3.2215,3.221,3.221,4
2026-06-11 01:41:00,3.2165,3.2165,3.2165,3.2165,3.2215,3.2215,3.2215,3.2215,1
2026-06-11 01:42:00,3.217,3.217,3.2165,3.2165,3.222,3.222,3.2215,3.2215,2
2026-06-11 01:43:00,3.217,3.217,3.217,3.217,3.222,3.222,3.222,3.222,1
2026-06-11 01:45:00,3.2175,3.218,3.2175,3.218,3.2225,3.223,3.2225,3.223,2
2026-06-11 01:46:00,3.2175,3.2175,3.2175,3.2175,3.2225,3.2225,3.2225,3.2225,1
2026-06-11 01:47:00,3.2165,3.217,3.2165,3.217,3.2215,3.222,3.2215,3.222,2
2026-06-11 01:48:00,3.2165,3.2165,3.216,3.2165,3.2215,3.2215,3.221,3.2215,3
2026-06-11 01:49:00,3.217,3.217,3.217,3.217,3.222,3.222,3.222,3.222,1
2026-06-11 01:50:00,3.2165,3.217,3.2165,3.2165,3.2215,3.222,3.2215,3.2215,3
2026-06-11 01:51:00,3.2155,3.2155,3.2145,3.2145,3.2205,3.2205,3.2195,3.2195,2
2026-06-11 01:52:00,3.215,3.215,3.2145,3.2145,3.22,3.22,3.2195,3.2195,2
2026-06-11 01:53:00,3.2155,3.2155,3.2155,3.2155,3.2205,3.2205,3.2205,3.2205,1
2026-06-11 01:54:00,3.2165,3.2165,3.2165,3.2165,3.2215,3.2215,3.2215,3.2215,1
2026-06-11 01:55:00,3.2155,3.216,3.2155,3.216,3.2205,3.221,3.2205,3.221,2
2026-06-11 01:56:00,3.2165,3.2165,3.216,3.216,3.2215,3.2215,3.221,3.221,4
2026-06-11 01:57:00,3.2155,3.2155,3.2155,3.2155,3.2205,3.2205,3.2205,3.2205,1
2026-06-11 01:58:00,3.215,3.2165,3.215,3.2155,3.22,3.2215,3.22,3.2205,4
2026-06-11 01:59:00,3.2165,3.2165,3.215,3.216,3.2215,3.2215,3.22,3.221,12
2026-06-11 02:00:00,3.2155,3.2165,3.2115,3.212,3.2205,3.2215,3.2165,3.217,27
2026-06-11 02:01:00,3.2125,3.213,3.2125,3.213,3.2175,3.218,3.2175,3.218,4
2026-06-11 02:02:00,3.2125,3.213,3.211,3.211,3.2175,3.218,3.216,3.216,6
2026-06-11 02:03:00,3.2105,3.2115,3.2105,3.2115,3.2155,3.2165,3.2155,3.2165,5
2026-06-11 02:04:00,3.211,3.211,3.2095,3.2095,3.216,3.216,3.2145,3.2145,11
2026-06-11 02:05:00,3.21,3.2115,3.2085,3.211,3.215,3.2165,3.2135,3.216,20
2026-06-11 02:06:00,3.2105,3.2125,3.2105,3.2115,3.2155,3.2175,3.2155,3.2165,14
2026-06-11 02:07:00,3.2105,3.2125,3.2105,3.2125,3.2155,3.2175,3.2155,3.2175,17
2026-06-11 02:08:00,3.212,3.2135,3.2115,3.2135,3.217,3.2185,3.2165,3.2185,9
2026-06-11 02:09:00,3.2145,3.2145,3.2125,3.2135,3.2195,3.2195,3.2175,3.2185,12
2026-06-11 02:10:00,3.213,3.2135,3.2125,3.213,3.218,3.2185,3.2175,3.218,17
2026-06-11 02:11:00,3.2125,3.2125,3.2105,3.2105,3.2175,3.2175,3.2155,3.2155,11
2026-06-11 02:12:00,3.211,3.211,3.2105,3.2105,3.216,3.216,3.2155,3.2155,4
2026-06-11 02:13:00,3.21,3.211,3.21,3.211,3.215,3.216,3.215,3.216,23
2026-06-11 02:14:00,3.2105,3.2125,3.2105,3.2125,3.2155,3.2175,3.2155,3.2175,4
2026-06-11 02:15:00,3.213,3.2135,3.2095,3.2125,3.218,3.2185,3.2145,3.2175,29
2026-06-11 02:16:00,3.213,3.2135,3.2125,3.2135,3.218,3.2185,3.2175,3.2185,5
2026-06-11 02:17:00,3.214,3.2155,3.2135,3.214,3.219,3.2205,3.2185,3.219,30
2026-06-11 02:18:00,3.2145,3.2145,3.2135,3.2135,3.2195,3.2195,3.2185,3.2185,21
2026-06-11 02:19:00,3.214,3.214,3.2135,3.214,3.219,3.219,3.2185,3.219,25
2026-06-11 02:20:00,3.2135,3.2145,3.2135,3.214,3.2185,3.2195,3.2185,3.219,6
2026-06-11 02:21:00,3.2145,3.2155,3.213,3.2135,3.2195,3.2205,3.218,3.2185,25
2026-06-11 02:22:00,3.214,3.214,3.2135,3.214,3.219,3.219,3.2185,3.219,11
2026-06-11 02:23:00,3.2145,3.2145,3.214,3.214,3.2195,3.2195,3.219,3.219,18
2026-06-11 02:24:00,3.2145,3.2145,3.214,3.214,3.2195,3.2195,3.219,3.219,4
2026-06-11 02:25:00,3.2135,3.214,3.2125,3.2135,3.2185,3.219,3.2175,3.2185,10
2026-06-11 02:26:00,3.214,3.2145,3.2135,3.2145,3.219,3.2195,3.2185,3.2195,10
2026-06-11 02:30:00,3.2155,3.2155,3.2145,3.2145,3.2205,3.2205,3.2195,3.2195,6
2026-06-11 02:32:00,3.215,3.215,3.2145,3.2145,3.22,3.22,3.2195,3.2195,2
2026-06-11 02:33:00,3.215,3.216,3.2145,3.2145,3.22,3.221,3.2195,3.2195,20
2026-06-11 02:36:00,3.2155,3.216,3.2145,3.2145,3.2205,3.221,3.2195,3.2195,7
2026-06-11 02:37:00,3.215,3.215,3.2145,3.2145,3.22,3.22,3.2195,3.2195,2
2026-06-11 02:41:00,3.2135,3.2135,3.2135,3.2135,3.2185,3.2185,3.2185,3.2185,1
2026-06-11 02:42:00,3.213,3.2135,3.213,3.2135,3.218,3.2185,3.218,3.2185,2
2026-06-11 02:43:00,3.2145,3.2145,3.214,3.214,3.2195,3.2195,3.219,3.219,2
2026-06-11 02:44:00,3.2145,3.2145,3.214,3.2145,3.2195,3.2195,3.219,3.2195,7
2026-06-11 02:45:00,3.2135,3.214,3.2135,3.214,3.2185,3.219,3.2185,3.219,2
2026-06-11 02:46:00,3.2145,3.2145,3.213,3.213,3.2195,3.2195,3.218,3.218,3
2026-06-11 02:47:00,3.2135,3.2135,3.213,3.2135,3.2185,3.2185,3.218,3.2185,7
2026-06-11 02:50:00,3.214,3.214,3.2135,3.2135,3.219,3.219,3.2185,3.2185,8
2026-06-11 02:51:00,3.214,3.214,3.2135,3.214,3.219,3.219,3.2185,3.219,15
2026-06-11 02:52:00,3.2145,3.2145,3.2145,3.2145,3.2195,3.2195,3.2195,3.2195,1
2026-06-11 02:53:00,3.214,3.214,3.2135,3.2135,3.219,3.219,3.2185,3.2185,2
2026-06-11 02:56:00,3.213,3.2135,3.213,3.213,3.218,3.2185,3.218,3.218,9
2026-06-11 02:57:00,3.2135,3.2145,3.2135,3.214,3.2185,3.2195,3.2185,3.219,4
2026-06-11 02:58:00,3.2135,3.2145,3.2135,3.2145,3.2185,3.2195,3.2185,3.2195,9
2026-06-11 03:00:00,3.215,3.2185,3.215,3.217,3.22,3.2235,3.22,3.222,20
2026-06-11 03:01:00,3.2165,3.2205,3.2155,3.2195,3.2215,3.2255,3.2205,3.2245,21
2026-06-11 03:02:00,3.22,3.2205,3.22,3.2205,3.225,3.2255,3.225,3.2255,2
2026-06-11 03:03:00,3.2195,3.2205,3.2195,3.22,3.2245,3.2255,3.2245,3.225,7
2026-06-11 03:04:00,3.2205,3.2205,3.2155,3.2175,3.2255,3.2255,3.2205,3.2225,46
2026-06-11 03:05:00,3.218,3.2185,3.2175,3.2185,3.223,3.2235,3.2225,3.2235,26
2026-06-11 03:06:00,3.218,3.2195,3.2175,3.2195,3.223,3.2245,3.2225,3.2245,9
2026-06-11 03:07:00,3.22,3.2255,3.22,3.2245,3.225,3.2305,3.225,3.2295,18
2026-06-11 03:08:00,3.224,3.2245,3.2235,3.2235,3.229,3.2295,3.2285,3.2285,6
2026-06-11 03:09:00,3.2225,3.2235,3.2225,3.2235,3.2275,3.2285,3.2275,3.2285,5
2026-06-11 03:10:00,3.223,3.2235,3.2215,3.2235,3.228,3.2285,3.2265,3.2285,9
2026-06-11 03:11:00,3.2245,3.2275,3.2245,3.227,3.2295,3.2325,3.2295,3.232,30
2026-06-11 03:12:00,3.2275,3.2275,3.2265,3.2275,3.2325,3.2325,3.2315,3.2325,6
2026-06-11 03:13:00,3.228,3.2285,3.227,3.2275,3.233,3.2335,3.232,3.2325,40
2026-06-11 03:14:00,3.228,3.228,3.2255,3.2265,3.233,3.233,3.2305,3.2315,15
2026-06-11 03:15:00,3.227,3.227,3.2255,3.2265,3.232,3.232,3.2305,3.2315,9
2026-06-11 03:16:00,3.2275,3.2275,3.2265,3.2265,3.2325,3.2325,3.2315,3.2315,2
2026-06-11 03:17:00,3.226,3.2265,3.225,3.225,3.231,3.2315,3.23,3.23,5
2026-06-11 03:18:00,3.2255,3.2255,3.2215,3.2215,3.2305,3.2305,3.2265,3.2265,23
2026-06-11 03:19:00,3.2225,3.223,3.2225,3.2225,3.2275,3.228,3.2275,3.2275,3
2026-06-11 03:20:00,3.223,3.2235,3.2225,3.223,3.228,3.2285,3.2275,3.228,13
2026-06-11 03:21:00,3.2235,3.2245,3.2235,3.2245,3.2285,3.2295,3.2285,3.2295,8
2026-06-11 03:22:00,3.224,3.224,3.2235,3.224,3.229,3.229,3.2285,3.229,3
2026-06-11 03:23:00,3.2235,3.224,3.2235,3.2235,3.2285,3.229,3.2285,3.2285,23
2026-06-11 03:24:00,3.2225,3.2235,3.2225,3.2235,3.2275,3.2285,3.2275,3.2285,13
2026-06-11 03:25:00,3.2225,3.2225,3.2215,3.222,3.2275,3.2275,3.2265,3.227,3
2026-06-11 03:26:00,3.2225,3.2235,3.2155,3.216,3.2275,3.2285,3.2205,3.221,17
2026-06-11 03:27:00,3.2165,3.2175,3.2145,3.2155,3.2215,3.2225,3.2195,3.2205,28
2026-06-11 03:28:00,3.216,3.216,3.2155,3.2155,3.221,3.221,3.2205,3.2205,2
2026-06-11 03:29:00,3.2165,3.2165,3.2155,3.2165,3.2215,3.2215,3.2205,3.2215,4
2026-06-11 03:30:00,3.216,3.2185,3.216,3.2185,3.221,3.2235,3.221,3.2235,5
2026-06-11 03:31:00,3.218,3.222,3.2175,3.2215,3.223,3.227,3.2225,3.2265,11
2026-06-11 03:32:00,3.2225,3.2225,3.2195,3.2205,3.2275,3.2275,3.2245,3.2255,12
2026-06-11 03:33:00,3.221,3.2215,3.2205,3.2205,3.226,3.2265,3.2255,3.2255,3
2026-06-11 03:34:00,3.2195,3.2205,3.2195,3.2205,3.2245,3.2255,3.2245,3.2255,3
2026-06-11 03:35:00,3.221,3.2215,3.2205,3.2205,3.226,3.2265,3.2255,3.2255,5
2026-06-11 03:36:00,3.221,3.2215,3.2205,3.2215,3.226,3.2265,3.2255,3.2265,6
2026-06-11 03:38:00,3.221,3.2215,3.2205,3.221,3.226,3.2265,3.2255,3.226,16
2026-06-11 03:39:00,3.2215,3.222,3.2215,3.222,3.2265,3.227,3.2265,3.227,16
2026-06-11 03:40:00,3.2205,3.2205,3.2185,3.2205,3.2255,3.2255,3.2235,3.2255,9
2026-06-11 03:41:00,3.2195,3.2205,3.2195,3.22,3.2245,3.2255,3.2245,3.225,6
2026-06-11 03:42:00,3.2195,3.221,3.2195,3.221,3.2245,3.226,3.2245,3.226,4
2026-06-11 03:43:00,3.2185,3.2205,3.2165,3.2165,3.2235,3.2255,3.2215,3.2215,11
2026-06-11 03:44:00,3.217,3.218,3.2165,3.2175,3.222,3.223,3.2215,3.2225,19
2026-06-11 03:45:00,3.218,3.218,3.2175,3.2175,3.223,3.223,3.2225,3.2225,12
2026-06-11 03:46:00,3.2185,3.2185,3.2175,3.2175,3.2235,3.2235,3.2225,3.2225,5
2026-06-11 03:48:00,3.218,3.218,3.217,3.217,3.223,3.223,3.222,3.222,11
2026-06-11 03:49:00,3.2175,3.2185,3.217,3.218,3.2225,3.2235,3.222,3.223,26
2026-06-11 03:50:00,3.2185,3.2195,3.2185,3.219,3.2235,3.2245,3.2235,3.224,7
2026-06-11 03:51:00,3.2195,3.22,3.2195,3.2195,3.2245,3.225,3.2245,3.2245,7
2026-06-11 03:52:00,3.22,3.22,3.2195,3.2195,3.225,3.225,3.2245,3.2245,2
2026-06-11 03:53:00,3.22,3.22,3.22,3.22,3.225,3.225,3.225,3.225,1
2026-06-11 03:54:00,3.2195,3.2195,3.2195,3.2195,3.2245,3.2245,3.2245,3.2245,1
2026-06-11 03:55:00,3.2205,3.221,3.2205,3.221,3.2255,3.226,3.2255,3.226,4
2026-06-11 03:56:00,3.2205,3.2215,3.2205,3.2215,3.2255,3.2265,3.2255,3.2265,2
2026-06-11 04:00:00,3.222,3.2225,3.2195,3.2195,3.227,3.2275,3.2245,3.2245,9
2026-06-11 04:01:00,3.2205,3.2225,3.2205,3.2225,3.2255,3.2275,3.2255,3.2275,8
2026-06-11 04:02:00,3.2215,3.222,3.2215,3.2215,3.2265,3.227,3.2265,3.2265,3
2026-06-11 04:03:00,3.222,3.2225,3.222,3.2225,3.227,3.2275,3.227,3.2275,2
2026-06-11 04:04:00,3.2215,3.2215,3.2215,3.2215,3.2265,3.2265,3.2265,3.2265,1
2026-06-11 04:05:00,3.222,3.2225,3.2215,3.2215,3.227,3.2275,3.2265,3.2265,16
2026-06-11 04:06:00,3.222,3.222,3.2215,3.222,3.227,3.227,3.2265,3.227,5
2026-06-11 04:07:00,3.2215,3.222,3.2215,3.222,3.2265,3.227,3.2265,3.227,26
2026-06-11 04:08:00,3.2215,3.222,3.2215,3.222,3.2265,3.227,3.2265,3.227,22
2026-06-11 04:09:00,3.2215,3.222,3.2215,3.2215,3.2265,3.227,3.2265,3.2265,7
2026-06-11 04:10:00,3.222,3.2225,3.2175,3.2175,3.227,3.2275,3.2225,3.2225,14
2026-06-11 04:11:00,3.218,3.2185,3.2165,3.2165,3.223,3.2235,3.2215,3.2215,8
2026-06-11 04:12:00,3.217,3.2175,3.2165,3.2175,3.222,3.2225,3.2215,3.2225,10
2026-06-11 04:13:00,3.217,3.2185,3.216,3.218,3.222,3.2235,3.221,3.223,8
2026-06-11 04:14:00,3.2185,3.2185,3.2185,3.2185,3.2235,3.2235,3.2235,3.2235,1
2026-06-11 04:15:00,3.2175,3.2175,3.2155,3.2165,3.2225,3.2225,3.2205,3.2215,6
2026-06-11 04:19:00,3.216,3.2165,3.2155,3.2155,3.221,3.2215,3.2205,3.2205,3
2026-06-11 04:20:00,3.216,3.2165,3.216,3.216,3.221,3.2215,3.221,3.221,3
2026-06-11 04:21:00,3.2155,3.2155,3.2155,3.2155,3.2205,3.2205,3.2205,3.2205,1
2026-06-11 04:22:00,3.2165,3.2175,3.2155,3.2175,3.2215,3.2225,3.2205,3.2225,4
2026-06-11 04:25:00,3.218,3.2215,3.218,3.2205,3.223,3.2265,3.223,3.2255,23
2026-06-11 04:27:00,3.2195,3.22,3.2195,3.2195,3.2245,3.225,3.2245,3.2245,3
2026-06-11 04:28:00,3.22,3.2205,3.2195,3.2205,3.225,3.2255,3.2245,3.2255,13
2026-06-11 04:29:00,3.221,3.221,3.2205,3.2205,3.226,3.226,3.2255,3.2255,6
2026-06-11 04:30:00,3.2195,3.221,3.2195,3.221,3.2245,3.226,3.2245,3.226,7
2026-06-11 04:31:00,3.2215,3.2225,3.221,3.2215,3.2265,3.2275,3.226,3.2265,9
2026-06-11 04:32:00,3.221,3.221,3.2195,3.2205,3.226,3.226,3.2245,3.2255,3
2026-06-11 04:33:00,3.22,3.22,3.2165,3.217,3.225,3.225,3.2215,3.222,9
2026-06-11 04:34:00,3.2175,3.2195,3.2175,3.2185,3.2225,3.2245,3.2225,3.2235,7
2026-06-11 04:35:00,3.218,3.2195,3.218,3.2185,3.223,3.2245,3.223,3.2235,4
2026-06-11 04:38:00,3.219,3.2195,3.219,3.2195,3.224,3.2245,3.224,3.2245,2
2026-06-11 04:42:00,3.2205,3.2205,3.2205,3.2205,3.2255,3.2255,3.2255,3.2255,1
2026-06-11 04:43:00,3.221,3.221,3.221,3.221,3.226,3.226,3.226,3.226,1
2026-06-11 04:44:00,3.2205,3.2205,3.2195,3.22,3.2255,3.2255,3.2245,3.225,6
2026-06-11 04:46:00,3.2195,3.22,3.2195,3.2195,3.2245,3.225,3.2245,3.2245,9
2026-06-11 04:47:00,3.2185,3.2185,3.2165,3.217,3.2235,3.2235,3.2215,3.222,12
2026-06-11 04:48:00,3.2175,3.2175,3.2165,3.217,3.2225,3.2225,3.2215,3.222,5
2026-06-11 04:49:00,3.2175,3.2175,3.2175,3.2175,3.2225,3.2225,3.2225,3.2225,1
2026-06-11 04:50:00,3.2185,3.2185,3.2175,3.218,3.2235,3.2235,3.2225,3.223,5
2026-06-11 04:51:00,3.2175,3.2195,3.2175,3.2185,3.2225,3.2245,3.2225,3.2235,30
2026-06-11 04:52:00,3.219,3.219,3.2185,3.2185,3.224,3.224,3.2235,3.2235,20
2026-06-11 04:53:00,3.219,3.2195,3.2185,3.2185,3.224,3.2245,3.2235,3.2235,15
2026-06-11 04:54:00,3.219,3.2205,3.219,3.2205,3.224,3.2255,3.224,3.2255,5
2026-06-11 04:56:00,3.2195,3.22,3.2195,3.22,3.2245,3.225,3.2245,3.225,2
2026-06-11 04:58:00,3.2195,3.2195,3.2185,3.2185,3.2245,3.2245,3.2235,3.2235,11
2026-06-11 04:59:00,3.219,3.219,3.2185,3.2185,3.224,3.224,3.2235,3.2235,2
2026-06-11 05:01:00,3.219,3.219,3.2185,3.219,3.224,3.224,3.2235,3.224,9
2026-06-11 05:02:00,3.2185,3.2185,3.2185,3.2185,3.2235,3.2235,3.2235,3.2235,1
2026-06-11 05:03:00,3.2175,3.2185,3.2175,3.2185,3.2225,3.2235,3.2225,3.2235,7
2026-06-11 05:06:00,3.219,3.2195,3.219,3.2195,3.224,3.2245,3.224,3.2245,2
2026-06-11 05:07:00,3.22,3.2205,3.22,3.2205,3.225,3.2255,3.225,3.2255,2
2026-06-11 05:08:00,3.22,3.2205,3.2195,3.22,3.225,3.2255,3.2245,3.225,7
2026-06-11 05:09:00,3.2205,3.2205,3.22,3.2205,3.2255,3.2255,3.225,3.2255,5
2026-06-11 05:10:00,3.22,3.2205,3.2195,3.2205,3.225,3.2255,3.2245,3.2255,3
2026-06-11 05:12:00,3.2195,3.2195,3.2185,3.2195,3.2245,3.2245,3.2235,3.2245,5
2026-06-11 05:14:00,3.22,3.22,3.2195,3.2195,3.225,3.225,3.2245,3.2245,8
2026-06-11 05:15:00,3.219,3.22,3.2185,3.2185,3.224,3.225,3.2235,3.2235,9
2026-06-11 05:16:00,3.2175,3.218,3.2175,3.218,3.2225,3.223,3.2225,3.223,16
2026-06-11 05:17:00,3.2185,3.2185,3.2185,3.2185,3.2235,3.2235,3.2235,3.2235,1
2026-06-11 05:18:00,3.218,3.2185,3.218,3.218,3.223,3.2235,3.223,3.223,3
2026-06-11 05:19:00,3.2185,3.2185,3.2185,3.2185,3.2235,3.2235,3.2235,3.2235,1
2026-06-11 05:20:00,3.218,3.2185,3.218,3.218,3.223,3.2235,3.223,3.223,37
2026-06-11 05:21:00,3.2185,3.2185,3.2175,3.2175,3.2235,3.2235,3.2225,3.2225,26
2026-06-11 05:22:00,3.218,3.218,3.2175,3.2175,3.223,3.223,3.2225,3.2225,16
2026-06-11 05:23:00,3.218,3.218,3.2175,3.2175,3.223,3.223,3.2225,3.2225,2
2026-06-11 05:24:00,3.218,3.2195,3.218,3.219,3.223,3.2245,3.223,3.224,5
2026-06-11 05:25:00,3.2195,3.2195,3.219,3.2195,3.2245,3.2245,3.224,3.2245,19
2026-06-11 05:27:00,3.2205,3.2205,3.2195,3.2195,3.2255,3.2255,3.2245,3.2245,2
2026-06-11 05:30:00,3.22,3.2245,3.22,3.2225,3.225,3.2295,3.225,3.2275,11
2026-06-11 05:32:00,3.2215,3.2235,3.2215,3.2225,3.2265,3.2285,3.2265,3.2275,8
2026-06-11 05:35:00,3.223,3.2235,3.2225,3.2235,3.228,3.2285,3.2275,3.2285,6
2026-06-11 05:36:00,3.2245,3.2245,3.2235,3.2245,3.2295,3.2295,3.2285,3.2295,4
2026-06-11 05:39:00,3.225,3.2255,3.225,3.2255,3.23,3.2305,3.23,3.2305,2
2026-06-11 05:40:00,3.2265,3.2325,3.2265,3.2305,3.2315,3.2375,3.2315,3.2355,16
2026-06-11 05:41:00,3.2315,3.2325,3.2305,3.2315,3.2365,3.2375,3.2355,3.2365,6
2026-06-11 05:43:00,3.2305,3.2315,3.2305,3.2315,3.2355,3.2365,3.2355,3.2365,5
2026-06-11 05:44:00,3.2305,3.2305,3.2295,3.2305,3.2355,3.2355,3.2345,3.2355,5
2026-06-11 05:45:00,3.2295,3.2295,3.2295,3.2295,3.2345,3.2345,3.2345,3.2345,1
2026-06-11 05:46:00,3.2305,3.2305,3.2305,3.2305,3.2355,3.2355,3.2355,3.2355,1
2026-06-11 05:47:00,3.23,3.23,3.2295,3.2295,3.235,3.235,3.2345,3.2345,2
2026-06-11 05:48:00,3.2285,3.2295,3.2285,3.2285,3.2335,3.2345,3.2335,3.2335,8
2026-06-11 05:50:00,3.2275,3.2285,3.2275,3.2275,3.2325,3.2335,3.2325,3.2325,3
2026-06-11 05:52:00,3.2285,3.2285,3.2275,3.2275,3.2335,3.2335,3.2325,3.2325,2
2026-06-11 05:53:00,3.2285,3.2305,3.2275,3.23,3.2335,3.2355,3.2325,3.235,10
2026-06-11 05:54:00,3.2295,3.2295,3.2285,3.2285,3.2345,3.2345,3.2335,3.2335,3
2026-06-11 05:55:00,3.2295,3.2295,3.2285,3.2285,3.2345,3.2345,3.2335,3.2335,2
2026-06-11 05:56:00,3.229,3.2305,3.2285,3.23,3.234,3.2355,3.2335,3.235,10
2026-06-11 05:57:00,3.2295,3.2295,3.2295,3.2295,3.2345,3.2345,3.2345,3.2345,1
2026-06-11 05:58:00,3.2285,3.2305,3.2275,3.2295,3.2335,3.2355,3.2325,3.2345,9
2026-06-11 05:59:00,3.23,3.23,3.2295,3.2295,3.235,3.235,3.2345,3.2345,8
2026-06-11 06:00:00,3.23,3.23,3.23,3.23,3.235,3.235,3.235,3.235,1
2026-06-11 06:01:00,3.2295,3.23,3.2295,3.2295,3.2345,3.235,3.2345,3.2345,3
2026-06-11 06:02:00,3.23,3.2305,3.2295,3.2295,3.235,3.2355,3.2345,3.2345,5
2026-06-11 06:03:00,3.2305,3.2305,3.23,3.23,3.2355,3.2355,3.235,3.235,4
2026-06-11 06:05:00,3.2295,3.23,3.2295,3.23,3.2345,3.235,3.2345,3.235,2
2026-06-11 06:06:00,3.2295,3.2295,3.2295,3.2295,3.2345,3.2345,3.2345,3.2345,1
2026-06-11 06:09:00,3.2285,3.2315,3.2285,3.2315,3.2335,3.2365,3.2335,3.2365,6
2026-06-11 06:10:00,3.2305,3.2305,3.2295,3.2295,3.2355,3.2355,3.2345,3.2345,3
2026-06-11 06:13:00,3.2305,3.2305,3.2305,3.2305,3.2355,3.2355,3.2355,3.2355,1
2026-06-11 06:15:00,3.2295,3.2295,3.2265,3.2265,3.2345,3.2345,3.2315,3.2315,4
2026-06-11 06:16:00,3.2275,3.2275,3.2275,3.2275,3.2325,3.2325,3.2325,3.2325,1
2026-06-11 06:17:00,3.2285,3.2285,3.2285,3.2285,3.2335,3.2335,3.2335,3.2335,1
2026-06-11 06:18:00,3.228,3.2285,3.2275,3.2285,3.233,3.2335,3.2325,3.2335,7
2026-06-11 06:20:00,3.228,3.228,3.2265,3.2275,3.233,3.233,3.2315,3.2325,9
2026-06-11 06:22:00,3.2265,3.2275,3.2245,3.2245,3.2315,3.2325,3.2295,3.2295,6
2026-06-11 06:23:00,3.2255,3.2275,3.2255,3.2275,3.2305,3.2325,3.2305,3.2325,3
2026-06-11 06:24:00,3.2285,3.2285,3.2285,3.2285,3.2335,3.2335,3.2335,3.2335,1
2026-06-11 06:25:00,3.2295,3.2295,3.2285,3.2295,3.2345,3.2345,3.2335,3.2345,4
2026-06-11 06:27:00,3.2285,3.2295,3.2285,3.2295,3.2335,3.2345,3.2335,3.2345,3
2026-06-11 06:28:00,3.229,3.2295,3.229,3.2295,3.234,3.2345,3.234,3.2345,2
2026-06-11 06:29:00,3.2285,3.229,3.2285,3.2285,3.2335,3.234,3.2335,3.2335,3
2026-06-11 06:30:00,3.2295,3.2295,3.2295,3.2295,3.2345,3.2345,3.2345,3.2345,1
2026-06-11 06:34:00,3.2285,3.2295,3.2285,3.2295,3.2335,3.2345,3.2335,3.2345,3
2026-06-11 06:37:00,3.2285,3.2295,3.2275,3.2285,3.2335,3.2345,3.2325,3.2335,5
2026-06-11 06:38:00,3.2275,3.2275,3.2275,3.2275,3.2325,3.2325,3.2325,3.2325,1
2026-06-11 06:39:00,3.2265,3.2275,3.2265,3.2275,3.2315,3.2325,3.2315,3.2325,2
2026-06-11 06:40:00,3.2265,3.2275,3.2265,3.2275,3.2315,3.2325,3.2315,3.2325,2
2026-06-11 06:41:00,3.2255,3.2255,3.2235,3.2235,3.2305,3.2305,3.2285,3.2285,5
2026-06-11 06:42:00,3.2225,3.2235,3.2225,3.2235,3.2275,3.2285,3.2275,3.2285,2
2026-06-11 06:43:00,3.223,3.223,3.2225,3.2225,3.228,3.228,3.2275,3.2275,2
2026-06-11 06:44:00,3.2215,3.2215,3.2205,3.2215,3.2265,3.2265,3.2255,3.2265,3
2026-06-11 06:45:00,3.2195,3.2195,3.2075,3.2085,3.2245,3.2245,3.2125,3.2135,21
2026-06-11 06:46:00,3.2095,3.2105,3.2065,3.2085,3.2145,3.2155,3.2115,3.2135,32
2026-06-11 06:47:00,3.2075,3.2095,3.2065,3.2095,3.2125,3.2145,3.2115,3.2145,18
2026-06-11 06:48:00,3.2085,3.2085,3.2055,3.2075,3.2135,3.2135,3.2105,3.2125,15
2026-06-11 06:49:00,3.2065,3.2075,3.2065,3.2075,3.2115,3.2125,3.2115,3.2125,4
2026-06-11 06:50:00,3.208,3.2095,3.208,3.2095,3.213,3.2145,3.213,3.2145,3
2026-06-11 06:51:00,3.2105,3.2105,3.2105,3.2105,3.2155,3.2155,3.2155,3.2155,1
2026-06-11 06:52:00,3.2115,3.2115,3.2025,3.2055,3.2165,3.2165,3.2075,3.2105,21
2026-06-11 06:53:00,3.205,3.2055,3.2045,3.2055,3.21,3.2105,3.2095,3.2105,4
2026-06-11 06:54:00,3.2045,3.2055,3.2035,3.2045,3.2095,3.2105,3.2085,3.2095,6
2026-06-11 06:55:00,3.204,3.2105,3.1995,3.2075,3.209,3.2155,3.2045,3.2125,55
2026-06-11 06:56:00,3.207,3.2105,3.207,3.2095,3.212,3.2155,3.212,3.2145,15
2026-06-11 06:57:00,3.2105,3.2105,3.2085,3.2085,3.2155,3.2155,3.2135,3.2135,14
2026-06-11 06:58:00,3.209,3.2115,3.209,3.2105,3.214,3.2165,3.214,3.2155,14
2026-06-11 06:59:00,3.2115,3.2115,3.2085,3.2095,3.2165,3.2165,3.2135,3.2145,12
2026-06-11 07:00:00,3.2105,3.2135,3.2105,3.2135,3.2155,3.2185,3.2155,3.2185,20
2026-06-11 07:01:00,3.213,3.2145,3.2125,3.2135,3.218,3.2195,3.2175,3.2185,10
2026-06-11 07:02:00,3.214,3.214,3.2135,3.2135,3.219,3.219,3.2185,3.2185,18
2026-06-11 07:03:00,3.214,3.2155,3.2135,3.2155,3.219,3.2205,3.2185,3.2205,10
2026-06-11 07:04:00,3.2145,3.2155,3.2135,3.214,3.2195,3.2205,3.2185,3.219,7
2026-06-11 07:05:00,3.2145,3.2145,3.2135,3.214,3.2195,3.2195,3.2185,3.219,14
2026-06-11 07:06:00,3.213,3.2145,3.213,3.2145,3.218,3.2195,3.218,3.2195,5
2026-06-11 07:08:00,3.2135,3.2135,3.2125,3.2135,3.2185,3.2185,3.2175,3.2185,6
2026-06-11 07:09:00,3.2145,3.2145,3.2135,3.214,3.2195,3.2195,3.2185,3.219,4
2026-06-11 07:10:00,3.2145,3.2165,3.214,3.2165,3.2195,3.2215,3.219,3.2215,25
2026-06-11 07:11:00,3.216,3.2195,3.216,3.2185,3.221,3.2245,3.221,3.2235,17
2026-06-11 07:12:00,3.2175,3.2175,3.216,3.217,3.2225,3.2225,3.221,3.222,9
2026-06-11 07:13:00,3.2175,3.2175,3.217,3.2175,3.2225,3.2225,3.222,3.2225,3
2026-06-11 07:14:00,3.2165,3.2185,3.2145,3.2155,3.2215,3.2235,3.2195,3.2205,10
2026-06-11 07:15:00,3.216,3.217,3.216,3.217,3.221,3.222,3.221,3.222,5
2026-06-11 07:16:00,3.2175,3.218,3.2175,3.218,3.2225,3.223,3.2225,3.223,2
2026-06-11 07:17:00,3.2165,3.2165,3.2145,3.2155,3.2215,3.2215,3.2195,3.2205,6
2026-06-11 07:18:00,3.215,3.2155,3.213,3.213,3.22,3.2205,3.218,3.218,6
2026-06-11 07:19:00,3.2135,3.215,3.2135,3.215,3.2185,3.22,3.2185,3.22,3
2026-06-11 07:21:00,3.2145,3.2155,3.2145,3.2155,3.2195,3.2205,3.2195,3.2205,2
2026-06-11 07:22:00,3.2165,3.2185,3.2165,3.218,3.2215,3.2235,3.2215,3.223,7
2026-06-11 07:23:00,3.2185,3.2185,3.218,3.218,3.2235,3.2235,3.223,3.223,2
2026-06-11 07:24:00,3.2175,3.2175,3.2145,3.215,3.2225,3.2225,3.2195,3.22,8
2026-06-11 07:25:00,3.2155,3.2175,3.2155,3.2175,3.2205,3.2225,3.2205,3.2225,3
2026-06-11 07:26:00,3.218,3.218,3.218,3.218,3.223,3.223,3.223,3.223,1
2026-06-11 07:27:00,3.2175,3.218,3.2175,3.218,3.2225,3.223,3.2225,3.223,2
2026-06-11 07:28:00,3.2185,3.2195,3.2185,3.219,3.2235,3.2245,3.2235,3.224,5
2026-06-11 07:29:00,3.2185,3.2185,3.2185,3.2185,3.2235,3.2235,3.2235,3.2235,1
2026-06-11 07:30:00,3.2175,3.2175,3.2135,3.2155,3.2225,3.2225,3.2185,3.2205,27
2026-06-11 07:31:00,3.216,3.216,3.216,3.216,3.221,3.221,3.221,3.221,1
2026-06-11 07:32:00,3.2155,3.2155,3.2115,3.2115,3.2205,3.2205,3.2165,3.2165,6
2026-06-11 07:33:00,3.211,3.2115,3.2105,3.211,3.216,3.2165,3.2155,3.216,8
2026-06-11 07:34:00,3.2105,3.2105,3.2105,3.2105,3.2155,3.2155,3.2155,3.2155,1
2026-06-11 07:35:00,3.211,3.2125,3.211,3.2115,3.216,3.2175,3.216,3.2165,5
2026-06-11 07:36:00,3.212,3.212,3.2115,3.212,3.217,3.217,3.2165,3.217,3
2026-06-11 07:37:00,3.2125,3.2125,3.2125,3.2125,3.2175,3.2175,3.2175,3.2175,1
2026-06-11 07:38:00,3.2135,3.2135,3.213,3.2135,3.2185,3.2185,3.218,3.2185,3
2026-06-11 07:39:00,3.2125,3.214,3.2125,3.214,3.2175,3.219,3.2175,3.219,4
2026-06-11 07:40:00,3.2135,3.2135,3.2115,3.2125,3.2185,3.2185,3.2165,3.2175,8
2026-06-11 07:41:00,3.213,3.213,3.213,3.213,3.218,3.218,3.218,3.218,1
2026-06-11 07:42:00,3.2125,3.2125,3.2115,3.2115,3.2175,3.2175,3.2165,3.2165,4
2026-06-11 07:43:00,3.212,3.212,3.2115,3.2115,3.217,3.217,3.2165,3.2165,2
2026-06-11 07:45:00,3.2125,3.2135,3.2125,3.2135,3.2175,3.2185,3.2175,3.2185,5
2026-06-11 07:48:00,3.2125,3.2145,3.2125,3.2135,3.2175,3.2195,3.2175,3.2185,9
2026-06-11 07:49:00,3.214,3.2145,3.2135,3.2145,3.219,3.2195,3.2185,3.2195,6
2026-06-11 07:50:00,3.214,3.2145,3.2135,3.2135,3.219,3.2195,3.2185,3.2185,4
2026-06-11 07:51:00,3.2125,3.2125,3.211,3.2115,3.2175,3.2175,3.216,3.2165,4
2026-06-11 07:52:00,3.212,3.213,3.212,3.213,3.217,3.218,3.217,3.218,3
2026-06-11 07:53:00,3.2135,3.2135,3.2125,3.2125,3.2185,3.2185,3.2175,3.2175,2
2026-06-11 07:54:00,3.213,3.2135,3.213,3.213,3.218,3.2185,3.218,3.218,3
2026-06-11 07:55:00,3.2115,3.2125,3.2115,3.212,3.2165,3.2175,3.2165,3.217,5
2026-06-11 07:56:00,3.2115,3.2115,3.2115,3.2115,3.2165,3.2165,3.2165,3.2165,1
2026-06-11 07:57:00,3.2105,3.2105,3.2045,3.2055,3.2155,3.2155,3.2095,3.2105,21
2026-06-11 07:58:00,3.2065,3.2075,3.2065,3.2065,3.2115,3.2125,3.2115,3.2115,5
2026-06-11 08:00:00,3.2075,3.208,3.207,3.208,3.2125,3.213,3.212,3.213,10
2026-06-11 08:01:00,3.2085,3.2105,3.2075,3.2105,3.2135,3.2155,3.2125,3.2155,11
2026-06-11 08:02:00,3.2115,3.2115,3.206,3.206,3.2165,3.2165,3.211,3.211,11
2026-06-11 08:03:00,3.2065,3.2065,3.2055,3.206,3.2115,3.2115,3.2105,3.211,8
2026-06-11 08:04:00,3.2055,3.2055,3.2055,3.2055,3.2105,3.2105,3.2105,3.2105,1
2026-06-11 08:05:00,3.2045,3.2055,3.203,3.203,3.2095,3.2105,3.208,3.208,7
2026-06-11 08:06:00,3.2035,3.2045,3.2025,3.2035,3.2085,3.2095,3.2075,3.2085,8
2026-06-11 08:07:00,3.2045,3.2045,3.2035,3.2035,3.2095,3.2095,3.2085,3.2085,2
2026-06-11 08:08:00,3.2045,3.2055,3.2035,3.2055,3.2095,3.2105,3.2085,3.2105,8
2026-06-11 08:09:00,3.2045,3.2055,3.2035,3.205,3.2095,3.2105,3.2085,3.21,18
2026-06-11 08:10:00,3.2045,3.2045,3.2045,3.2045,3.2095,3.2095,3.2095,3.2095,1
2026-06-11 08:11:00,3.2035,3.2045,3.2035,3.2035,3.2085,3.2095,3.2085,3.2085,4
2026-06-11 08:12:00,3.2025,3.2025,3.2025,3.2025,3.2075,3.2075,3.2075,3.2075,1
2026-06-11 08:13:00,3.2035,3.2065,3.2035,3.2055,3.2085,3.2115,3.2085,3.2105,9
2026-06-11 08:14:00,3.206,3.2065,3.2055,3.2065,3.211,3.2115,3.2105,3.2115,3
2026-06-11 08:15:00,3.207,3.2075,3.2065,3.2065,3.212,3.2125,3.2115,3.2115,13
2026-06-11 08:16:00,3.2055,3.2055,3.2045,3.205,3.2105,3.2105,3.2095,3.21,6
2026-06-11 08:17:00,3.2045,3.2045,3.2045,3.2045,3.2095,3.2095,3.2095,3.2095,1
2026-06-11 08:19:00,3.2055,3.2055,3.2045,3.2045,3.2105,3.2105,3.2095,3.2095,2
2026-06-11 08:21:00,3.2055,3.2065,3.2055,3.206,3.2105,3.2115,3.2105,3.211,3
2026-06-11 08:22:00,3.2065,3.2075,3.2065,3.2065,3.2115,3.2125,3.2115,3.2115,3
2026-06-11 08:23:00,3.2055,3.2055,3.2045,3.205,3.2105,3.2105,3.2095,3.21,6
2026-06-11 08:25:00,3.2045,3.2105,3.2045,3.2085,3.2095,3.2155,3.2095,3.2135,14
2026-06-11 08:26:00,3.2075,3.2075,3.2065,3.2065,3.2125,3.2125,3.2115,3.2115,3
2026-06-11 08:27:00,3.2075,3.209,3.2075,3.2085,3.2125,3.214,3.2125,3.2135,6
2026-06-11 08:28:00,3.2075,3.2085,3.206,3.206,3.2125,3.2135,3.211,3.211,6
2026-06-11 08:29:00,3.2065,3.2065,3.206,3.206,3.2115,3.2115,3.211,3.211,4
2026-06-11 08:30:00,3.2065,3.2095,3.2065,3.209,3.2115,3.2145,3.2115,3.214,9
2026-06-11 08:31:00,3.2095,3.2115,3.2095,3.2115,3.2145,3.2165,3.2145,3.2165,4
2026-06-11 08:35:00,3.2105,3.2105,3.2065,3.2065,3.2155,3.2155,3.2115,3.2115,9
2026-06-11 08:36:00,3.2075,3.2075,3.2065,3.2065,3.2125,3.2125,3.2115,3.2115,3
2026-06-11 08:37:00,3.2055,3.2065,3.2045,3.2045,3.2105,3.2115,3.2095,3.2095,4
2026-06-11 08:38:00,3.2035,3.2055,3.2,3.203,3.2085,3.2105,3.205,3.208,38
2026-06-11 08:39:00,3.2025,3.2025,3.2015,3.2025,3.2075,3.2075,3.2065,3.2075,6
2026-06-11 08:41:00,3.2035,3.2035,3.2025,3.2025,3.2085,3.2085,3.2075,3.2075,7
2026-06-11 08:42:00,3.2035,3.205,3.202,3.2025,3.2085,3.21,3.207,3.2075,9
2026-06-11 08:43:00,3.203,3.203,3.2025,3.2025,3.208,3.208,3.2075,3.2075,2
2026-06-11 08:44:00,3.202,3.2025,3.2015,3.2015,3.207,3.2075,3.2065,3.2065,6
2026-06-11 08:45:00,3.2025,3.2025,3.2005,3.2015,3.2075,3.2075,3.2055,3.2065,19
2026-06-11 08:46:00,3.201,3.2025,3.1965,3.1985,3.206,3.2075,3.2015,3.2035,22
2026-06-11 08:47:00,3.1995,3.2005,3.1985,3.1985,3.2045,3.2055,3.2035,3.2035,7
2026-06-11 08:48:00,3.1975,3.1975,3.1975,3.1975,3.2025,3.2025,3.2025,3.2025,1
2026-06-11 08:49:00,3.1965,3.1995,3.1955,3.1985,3.2015,3.2045,3.2005,3.2035,14
2026-06-11 08:50:00,3.198,3.1985,3.1975,3.1975,3.203,3.2035,3.2025,3.2025,4
2026-06-11 08:51:00,3.1965,3.1965,3.1965,3.1965,3.2015,3.2015,3.2015,3.2015,1
2026-06-11 08:52:00,3.1975,3.1975,3.1965,3.1965,3.2025,3.2025,3.2015,3.2015,6
2026-06-11 08:53:00,3.1975,3.198,3.1955,3.1965,3.2025,3.203,3.2005,3.2015,17
2026-06-11 08:54:00,3.197,3.1975,3.1945,3.1975,3.202,3.2025,3.1995,3.2025,15
2026-06-11 08:55:00,3.197,3.1975,3.1965,3.1975,3.202,3.2025,3.2015,3.2025,6
2026-06-11 08:56:00,3.198,3.198,3.1975,3.1975,3.203,3.203,3.2025,3.2025,2
2026-06-11 08:57:00,3.197,3.197,3.1955,3.1965,3.202,3.202,3.2005,3.2015,9
2026-06-11 08:58:00,3.1975,3.1975,3.1965,3.1965,3.2025,3.2025,3.2015,3.2015,2
2026-06-11 08:59:00,3.1975,3.1975,3.197,3.1975,3.2025,3.2025,3.202,3.2025,3
2026-06-11 09:00:00,3.197,3.197,3.1915,3.193,3.202,3.202,3.1965,3.198,30
2026-06-11 09:01:00,3.1935,3.194,3.1885,3.1905,3.1985,3.199,3.1935,3.1955,17
2026-06-11 09:02:00,3.19,3.1915,3.1895,3.1905,3.195,3.1965,3.1945,3.1955,7
2026-06-11 09:03:00,3.1915,3.1915,3.1875,3.188,3.1965,3.1965,3.1925,3.193,12
2026-06-11 09:04:00,3.1875,3.1885,3.1865,3.1865,3.1925,3.1935,3.1915,3.1915,11
2026-06-11 09:05:00,3.1875,3.1895,3.1875,3.1885,3.1925,3.1945,3.1925,3.1935,7
2026-06-11 09:06:00,3.189,3.1895,3.1885,3.1885,3.194,3.1945,3.1935,3.1935,12
2026-06-11 09:07:00,3.1905,3.1925,3.189,3.1905,3.1955,3.1975,3.194,3.1955,8
2026-06-11 09:08:00,3.1895,3.1905,3.1895,3.1895,3.1945,3.1955,3.1945,3.1945,25
2026-06-11 09:09:00,3.1905,3.1925,3.1905,3.1925,3.1955,3.1975,3.1955,3.1975,4
2026-06-11 09:10:00,3.1935,3.1955,3.1925,3.1955,3.1985,3.2005,3.1975,3.2005,9
2026-06-11 09:11:00,3.1945,3.1955,3.1945,3.1955,3.1995,3.2005,3.1995,3.2005,6
2026-06-11 09:12:00,3.1965,3.197,3.1955,3.1955,3.2015,3.202,3.2005,3.2005,4
2026-06-11 09:13:00,3.1965,3.1975,3.1945,3.1945,3.2015,3.2025,3.1995,3.1995,11
2026-06-11 09:14:00,3.194,3.1955,3.194,3.1955,3.199,3.2005,3.199,3.2005,3
2026-06-11 09:15:00,3.1945,3.1955,3.1945,3.1945,3.1995,3.2005,3.1995,3.1995,3
2026-06-11 09:16:00,3.1955,3.1955,3.1925,3.1925,3.2005,3.2005,3.1975,3.1975,10
2026-06-11 09:17:00,3.1915,3.1915,3.1905,3.1915,3.1965,3.1965,3.1955,3.1965,5
2026-06-11 09:18:00,3.1925,3.1925,3.1915,3.1915,3.1975,3.1975,3.1965,3.1965,4
2026-06-11 09:19:00,3.1905,3.1905,3.1895,3.1905,3.1955,3.1955,3.1945,3.1955,3
2026-06-11 09:20:00,3.1915,3.1915,3.1915,3.1915,3.1965,3.1965,3.1965,3.1965,1
2026-06-11 09:21:00,3.1905,3.1925,3.1885,3.1905,3.1955,3.1975,3.1935,3.1955,14
2026-06-11 09:22:00,3.1915,3.1935,3.1915,3.1925,3.1965,3.1985,3.1965,3.1975,3
2026-06-11 09:23:00,3.1915,3.1915,3.1905,3.1905,3.1965,3.1965,3.1955,3.1955,6
2026-06-11 09:24:00,3.19,3.1905,3.1885,3.1885,3.195,3.1955,3.1935,3.1935,12
2026-06-11 09:25:00,3.1875,3.1885,3.1855,3.1855,3.1925,3.1935,3.1905,3.1905,14
2026-06-11 09:26:00,3.1845,3.1885,3.1845,3.1885,3.1895,3.1935,3.1895,3.1935,23
2026-06-11 09:27:00,3.1875,3.1885,3.1875,3.1885,3.1925,3.1935,3.1925,3.1935,14
2026-06-11 09:28:00,3.189,3.189,3.1865,3.1875,3.194,3.194,3.1915,3.1925,8
2026-06-11 09:29:00,3.1865,3.187,3.186,3.1865,3.1915,3.192,3.191,3.1915,13
2026-06-11 09:30:00,3.186,3.1865,3.1845,3.1865,3.191,3.1915,3.1895,3.1915,17
2026-06-11 09:31:00,3.1875,3.1875,3.1855,3.1865,3.1925,3.1925,3.1905,3.1915,8
2026-06-11 09:32:00,3.1855,3.1865,3.1845,3.1855,3.1905,3.1915,3.1895,3.1905,7
2026-06-11 09:33:00,3.185,3.1855,3.1785,3.1805,3.19,3.1905,3.1835,3.1855,31
2026-06-11 09:34:00,3.1815,3.1845,3.181,3.1845,3.1865,3.1895,3.186,3.1895,8
2026-06-11 09:35:00,3.184,3.1865,3.1825,3.1845,3.189,3.1915,3.1875,3.1895,19
2026-06-11 09:36:00,3.1835,3.1835,3.1825,3.1825,3.1885,3.1885,3.1875,3.1875,4
2026-06-11 09:37:00,3.1815,3.1815,3.18,3.1805,3.1865,3.1865,3.185,3.1855,16
2026-06-11 09:38:00,3.181,3.1815,3.1795,3.1795,3.186,3.1865,3.1845,3.1845,11
2026-06-11 09:39:00,3.18,3.1815,3.18,3.1805,3.185,3.1865,3.185,3.1855,3
2026-06-11 09:40:00,3.1815,3.1815,3.18,3.18,3.1865,3.1865,3.185,3.185,12
2026-06-11 09:41:00,3.1805,3.1805,3.1795,3.1805,3.1855,3.1855,3.1845,3.1855,11
2026-06-11 09:42:00,3.18,3.18,3.1775,3.1775,3.185,3.185,3.1825,3.1825,9
2026-06-11 09:43:00,3.1785,3.1785,3.1775,3.1775,3.1835,3.1835,3.1825,3.1825,6
2026-06-11 09:44:00,3.1765,3.1785,3.1765,3.1785,3.1815,3.1835,3.1815,3.1835,8
2026-06-11 09:45:00,3.1795,3.1805,3.1785,3.1795,3.1845,3.1855,3.1835,3.1845,13
2026-06-11 09:46:00,3.179,3.1795,3.1785,3.1785,3.184,3.1845,3.1835,3.1835,4
2026-06-11 09:47:00,3.1795,3.1795,3.1785,3.1785,3.1845,3.1845,3.1835,3.1835,2
2026-06-11 09:48:00,3.1795,3.1795,3.178,3.1785,3.1845,3.1845,3.183,3.1835,5
2026-06-11 09:49:00,3.1795,3.1795,3.1795,3.1795,3.1845,3.1845,3.1845,3.1845,1
2026-06-11 09:50:00,3.1785,3.1785,3.1785,3.1785,3.1835,3.1835,3.1835,3.1835,1
2026-06-11 09:51:00,3.1795,3.1805,3.1785,3.1795,3.1845,3.1855,3.1835,3.1845,12
2026-06-11 09:52:00,3.1785,3.1795,3.1775,3.1775,3.1835,3.1845,3.1825,3.1825,6
2026-06-11 09:53:00,3.1765,3.1785,3.1765,3.1775,3.1815,3.1835,3.1815,3.1825,5
2026-06-11 09:54:00,3.1785,3.1785,3.1765,3.1765,3.1835,3.1835,3.1815,3.1815,9
2026-06-11 09:55:00,3.1775,3.1775,3.1765,3.1765,3.1825,3.1825,3.1815,3.1815,6
2026-06-11 09:56:00,3.177,3.178,3.177,3.1775,3.182,3.183,3.182,3.1825,4
2026-06-11 09:57:00,3.1785,3.1785,3.1775,3.1775,3.1835,3.1835,3.1825,3.1825,2
2026-06-11 09:58:00,3.1765,3.1765,3.1745,3.1745,3.1815,3.1815,3.1795,3.1795,6
2026-06-11 09:59:00,3.1735,3.1745,3.1725,3.1735,3.1785,3.1795,3.1775,3.1785,7
2026-06-11 10:00:00,3.173,3.1755,3.1715,3.1735,3.178,3.1805,3.1765,3.1785,31
2026-06-11 10:01:00,3.1745,3.1755,3.1715,3.1725,3.1795,3.1805,3.1765,3.1775,10
2026-06-11 10:02:00,3.1735,3.1735,3.1715,3.1725,3.1785,3.1785,3.1765,3.1775,4
2026-06-11 10:03:00,3.1715,3.1725,3.1715,3.1725,3.1765,3.1775,3.1765,3.1775,5
2026-06-11 10:04:00,3.172,3.1725,3.1715,3.1725,3.177,3.1775,3.1765,3.1775,5
2026-06-11 10:06:00,3.1715,3.1745,3.1715,3.1725,3.1765,3.1795,3.1765,3.1775,6
2026-06-11 10:07:00,3.1735,3.1735,3.1715,3.1725,3.1785,3.1785,3.1765,3.1775,11
2026-06-11 10:08:00,3.1735,3.1735,3.1735,3.1735,3.1785,3.1785,3.1785,3.1785,1
2026-06-11 10:09:00,3.1725,3.1735,3.1715,3.1725,3.1775,3.1785,3.1765,3.1775,16
2026-06-11 10:10:00,3.1715,3.1715,3.1715,3.1715,3.1765,3.1765,3.1765,3.1765,1
2026-06-11 10:11:00,3.1725,3.1745,3.1685,3.1695,3.1775,3.1795,3.1735,3.1745,16
2026-06-11 10:12:00,3.1705,3.1715,3.1665,3.1675,3.1755,3.1765,3.1715,3.1725,30
2026-06-11 10:13:00,3.1685,3.1685,3.1675,3.1675,3.1735,3.1735,3.1725,3.1725,2
2026-06-11 10:14:00,3.1665,3.1675,3.1665,3.1675,3.1715,3.1725,3.1715,3.1725,12
2026-06-11 10:15:00,3.1665,3.1665,3.1655,3.1665,3.1715,3.1715,3.1705,3.1715,11
2026-06-11 10:16:00,3.1655,3.1665,3.1655,3.1655,3.1705,3.1715,3.1705,3.1705,6
2026-06-11 10:17:00,3.1645,3.1645,3.1625,3.1635,3.1695,3.1695,3.1675,3.1685,6
2026-06-11 10:18:00,3.163,3.1635,3.1615,3.1625,3.168,3.1685,3.1665,3.1675,6
2026-06-11 10:19:00,3.1615,3.1615,3.1595,3.1595,3.1665,3.1665,3.1645,3.1645,7
2026-06-11 10:20:00,3.1585,3.1605,3.1585,3.1595,3.1635,3.1655,3.1635,3.1645,4
2026-06-11 10:21:00,3.1585,3.1585,3.1575,3.1585,3.1635,3.1635,3.1625,3.1635,7
2026-06-11 10:22:00,3.1575,3.1575,3.1575,3.1575,3.1625,3.1625,3.1625,3.1625,1
2026-06-11 10:24:00,3.1565,3.1575,3.1565,3.1575,3.1615,3.1625,3.1615,3.1625,8
2026-06-11 10:25:00,3.1565,3.1575,3.1545,3.1555,3.1615,3.1625,3.1595,3.1605,19
2026-06-11 10:26:00,3.155,3.1555,3.1535,3.1555,3.16,3.1605,3.1585,3.1605,11
2026-06-11 10:27:00,3.155,3.1565,3.1545,3.1555,3.16,3.1615,3.1595,3.1605,11
2026-06-11 10:28:00,3.1565,3.1565,3.1555,3.1555,3.1615,3.1615,3.1605,3.1605,6
2026-06-11 10:29:00,3.1545,3.1585,3.1545,3.1565,3.1595,3.1635,3.1595,3.1615,39
2026-06-11 10:30:00,3.1555,3.157,3.1535,3.1535,3.1605,3.162,3.1585,3.1585,12
2026-06-11 10:31:00,3.1525,3.1535,3.1495,3.1505,3.1575,3.1585,3.1545,3.1555,19
2026-06-11 10:32:00,3.1515,3.1515,3.1505,3.1505,3.1565,3.1565,3.1555,3.1555,9
2026-06-11 10:33:00,3.1515,3.1515,3.1515,3.1515,3.1565,3.1565,3.1565,3.1565,1
2026-06-11 10:34:00,3.1505,3.1505,3.1495,3.1495,3.1555,3.1555,3.1545,3.1545,2
2026-06-11 10:35:00,3.15,3.1505,3.1495,3.1495,3.155,3.1555,3.1545,3.1545,4
2026-06-11 10:36:00,3.1485,3.1505,3.1475,3.1485,3.1535,3.1555,3.1525,3.1535,15
2026-06-11 10:37:00,3.1495,3.1495,3.1495,3.1495,3.1545,3.1545,3.1545,3.1545,1
2026-06-11 10:38:00,3.1485,3.1495,3.1485,3.1495,3.1535,3.1545,3.1535,3.1545,2
2026-06-11 10:39:00,3.1505,3.1505,3.1495,3.1495,3.1555,3.1555,3.1545,3.1545,4
2026-06-11 10:40:00,3.1505,3.1505,3.1475,3.1485,3.1555,3.1555,3.1525,3.1535,12
2026-06-11 10:42:00,3.1495,3.1505,3.1495,3.1505,3.1545,3.1555,3.1545,3.1555,6
2026-06-11 10:43:00,3.1515,3.1535,3.1505,3.1515,3.1565,3.1585,3.1555,3.1565,11
2026-06-11 10:44:00,3.1525,3.1535,3.1515,3.1535,3.1575,3.1585,3.1565,3.1585,6
2026-06-11 10:45:00,3.153,3.1565,3.1525,3.1545,3.158,3.1615,3.1575,3.1595,20
2026-06-11 10:46:00,3.1555,3.1595,3.1555,3.1585,3.1605,3.1645,3.1605,3.1635,23
2026-06-11 10:47:00,3.159,3.1595,3.1585,3.1585,3.164,3.1645,3.1635,3.1635,27
2026-06-11 10:48:00,3.1575,3.1605,3.1575,3.1605,3.1625,3.1655,3.1625,3.1655,18
2026-06-11 10:49:00,3.1595,3.1615,3.1595,3.1605,3.1645,3.1665,3.1645,3.1655,12
2026-06-11 10:50:00,3.1595,3.1605,3.1555,3.1555,3.1645,3.1655,3.1605,3.1605,13
2026-06-11 10:51:00,3.1545,3.1555,3.1535,3.1545,3.1595,3.1605,3.1585,3.1595,9
2026-06-11 10:52:00,3.1535,3.1545,3.1535,3.1535,3.1585,3.1595,3.1585,3.1585,4
2026-06-11 10:53:00,3.1525,3.1535,3.1515,3.1525,3.1575,3.1585,3.1565,3.1575,5
2026-06-11 10:54:00,3.152,3.1525,3.1515,3.1515,3.157,3.1575,3.1565,3.1565,4
2026-06-11 10:55:00,3.1505,3.1505,3.1485,3.1495,3.1555,3.1555,3.1535,3.1545,5
2026-06-11 10:56:00,3.1505,3.1515,3.1495,3.1495,3.1555,3.1565,3.1545,3.1545,6
2026-06-11 10:57:00,3.1505,3.1545,3.1505,3.1525,3.1555,3.1595,3.1555,3.1575,10
2026-06-11 10:58:00,3.1535,3.1545,3.1525,3.1545,3.1585,3.1595,3.1575,3.1595,6
2026-06-11 10:59:00,3.154,3.154,3.1535,3.1535,3.159,3.159,3.1585,3.1585,2
2026-06-11 11:00:00,3.154,3.1555,3.154,3.1545,3.159,3.1605,3.159,3.1595,10
2026-06-11 11:01:00,3.1535,3.1535,3.1525,3.1525,3.1585,3.1585,3.1575,3.1575,6
2026-06-11 11:02:00,3.1515,3.1535,3.1515,3.1515,3.1565,3.1585,3.1565,3.1565,7
2026-06-11 11:03:00,3.1525,3.1545,3.1525,3.1535,3.1575,3.1595,3.1575,3.1585,8
2026-06-11 11:04:00,3.1545,3.1545,3.1525,3.1525,3.1595,3.1595,3.1575,3.1575,5
2026-06-11 11:05:00,3.153,3.1535,3.153,3.1535,3.158,3.1585,3.158,3.1585,4
2026-06-11 11:06:00,3.1545,3.1555,3.1535,3.1535,3.1595,3.1605,3.1585,3.1585,19
2026-06-11 11:07:00,3.1545,3.1545,3.1535,3.1535,3.1595,3.1595,3.1585,3.1585,21
2026-06-11 11:08:00,3.1545,3.1565,3.1535,3.1545,3.1595,3.1615,3.1585,3.1595,25
2026-06-11 11:09:00,3.1535,3.1535,3.1525,3.1525,3.1585,3.1585,3.1575,3.1575,4
2026-06-11 11:10:00,3.1515,3.1525,3.1515,3.1525,3.1565,3.1575,3.1565,3.1575,2
2026-06-11 11:11:00,3.1515,3.1525,3.1515,3.1525,3.1565,3.1575,3.1565,3.1575,9
2026-06-11 11:12:00,3.1535,3.1535,3.1495,3.1525,3.1585,3.1585,3.1545,3.1575,21
2026-06-11 11:13:00,3.152,3.1525,3.1515,3.1515,3.157,3.1575,3.1565,3.1565,3
2026-06-11 11:15:00,3.1505,3.1505,3.1495,3.1495,3.1555,3.1555,3.1545,3.1545,4
2026-06-11 11:17:00,3.149,3.1495,3.1485,3.1495,3.154,3.1545,3.1535,3.1545,10
2026-06-11 11:18:00,3.1505,3.1505,3.1495,3.1505,3.1555,3.1555,3.1545,3.1555,8
2026-06-11 11:19:00,3.15,3.1505,3.1495,3.1505,3.155,3.1555,3.1545,3.1555,5
2026-06-11 11:20:00,3.1515,3.1525,3.1515,3.1525,3.1565,3.1575,3.1565,3.1575,5
2026-06-11 11:21:00,3.1515,3.1525,3.1505,3.1505,3.1565,3.1575,3.1555,3.1555,6
2026-06-11 11:22:00,3.1515,3.1515,3.1505,3.1515,3.1565,3.1565,3.1555,3.1565,3
2026-06-11 11:23:00,3.1505,3.1505,3.1505,3.1505,3.1555,3.1555,3.1555,3.1555,1
2026-06-11 11:24:00,3.1515,3.1555,3.1515,3.1555,3.1565,3.1605,3.1565,3.1605,5
2026-06-11 11:25:00,3.1545,3.1555,3.1545,3.1545,3.1595,3.1605,3.1595,3.1595,4
2026-06-11 11:26:00,3.1555,3.1555,3.1545,3.1545,3.1605,3.1605,3.1595,3.1595,4
2026-06-11 11:27:00,3.155,3.1555,3.1545,3.1545,3.16,3.1605,3.1595,3.1595,10
2026-06-11 11:28:00,3.1535,3.1535,3.1525,3.153,3.1585,3.1585,3.1575,3.158,5
2026-06-11 11:29:00,3.1525,3.1525,3.1515,3.1515,3.1575,3.1575,3.1565,3.1565,2
2026-06-11 11:30:00,3.1525,3.1535,3.1525,3.1525,3.1575,3.1585,3.1575,3.1575,6
2026-06-11 11:31:00,3.1535,3.1535,3.1525,3.1525,3.1585,3.1585,3.1575,3.1575,5
2026-06-11 11:32:00,3.1515,3.1515,3.1495,3.1505,3.1565,3.1565,3.1545,3.1555,6
2026-06-11 11:33:00,3.1515,3.1525,3.1505,3.1515,3.1565,3.1575,3.1555,3.1565,14
2026-06-11 11:34:00,3.1505,3.1515,3.1505,3.1505,3.1555,3.1565,3.1555,3.1555,3
2026-06-11 11:35:00,3.1515,3.1515,3.1475,3.1485,3.1565,3.1565,3.1525,3.1535,8
2026-06-11 11:36:00,3.1475,3.1485,3.1475,3.1475,3.1525,3.1535,3.1525,3.1525,4
2026-06-11 11:37:00,3.1485,3.1485,3.1485,3.1485,3.1535,3.1535,3.1535,3.1535,1
2026-06-11 11:38:00,3.1475,3.1485,3.1475,3.1475,3.1525,3.1535,3.1525,3.1525,7
2026-06-11 11:39:00,3.1485,3.149,3.1485,3.1485,3.1535,3.154,3.1535,3.1535,5
2026-06-11 11:41:00,3.1475,3.1525,3.1475,3.152,3.1525,3.1575,3.1525,3.157,16
2026-06-11 11:42:00,3.1515,3.1535,3.1515,3.153,3.1565,3.1585,3.1565,3.158,17
2026-06-11 11:43:00,3.1525,3.1535,3.1525,3.1525,3.1575,3.1585,3.1575,3.1575,15
2026-06-11 11:44:00,3.153,3.1535,3.1515,3.1515,3.158,3.1585,3.1565,3.1565,16
2026-06-11 11:45:00,3.1525,3.1525,3.1505,3.1505,3.1575,3.1575,3.1555,3.1555,16
2026-06-11 11:46:00,3.1495,3.1505,3.1495,3.1495,3.1545,3.1555,3.1545,3.1545,19
2026-06-11 11:47:00,3.1485,3.1495,3.1485,3.1485,3.1535,3.1545,3.1535,3.1535,5
2026-06-11 11:48:00,3.1495,3.1495,3.1485,3.1485,3.1545,3.1545,3.1535,3.1535,9
2026-06-11 11:50:00,3.1475,3.1475,3.1465,3.1475,3.1525,3.1525,3.1515,3.1525,5
2026-06-11 11:51:00,3.1485,3.1495,3.1485,3.1495,3.1535,3.1545,3.1535,3.1545,10
2026-06-11 11:52:00,3.1485,3.1485,3.1465,3.1475,3.1535,3.1535,3.1515,3.1525,9
2026-06-11 11:53:00,3.1465,3.1485,3.1465,3.1475,3.1515,3.1535,3.1515,3.1525,14
2026-06-11 11:54:00,3.1485,3.1485,3.1475,3.1475,3.1535,3.1535,3.1525,3.1525,2
2026-06-11 11:55:00,3.1465,3.1475,3.1445,3.1475,3.1515,3.1525,3.1495,3.1525,16
2026-06-11 11:56:00,3.147,3.1475,3.1465,3.1475,3.152,3.1525,3.1515,3.1525,5
2026-06-11 11:57:00,3.1485,3.1485,3.1485,3.1485,3.1535,3.1535,3.1535,3.1535,1
2026-06-11 11:58:00,3.1495,3.15,3.1495,3.1495,3.1545,3.155,3.1545,3.1545,3
2026-06-11 11:59:00,3.1505,3.1515,3.1495,3.1505,3.1555,3.1565,3.1545,3.1555,10
2026-06-11 12:00:00,3.1495,3.1515,3.1485,3.1495,3.1545,3.1565,3.1535,3.1545,26
2026-06-11 12:01:00,3.149,3.1495,3.1475,3.1475,3.154,3.1545,3.1525,3.1525,22
2026-06-11 12:02:00,3.1465,3.1475,3.1465,3.1475,3.1515,3.1525,3.1515,3.1525,11
2026-06-11 12:03:00,3.1485,3.1485,3.1475,3.1475,3.1535,3.1535,3.1525,3.1525,4
2026-06-11 12:04:00,3.1485,3.1485,3.1475,3.1475,3.1535,3.1535,3.1525,3.1525,4
2026-06-11 12:05:00,3.1465,3.1475,3.1465,3.1475,3.1515,3.1525,3.1515,3.1525,2
2026-06-11 12:06:00,3.1485,3.1485,3.1475,3.1475,3.1535,3.1535,3.1525,3.1525,10
2026-06-11 12:07:00,3.1465,3.1475,3.1465,3.1465,3.1515,3.1525,3.1515,3.1515,10
2026-06-11 12:11:00,3.1455,3.1485,3.1455,3.1475,3.1505,3.1535,3.1505,3.1525,11
2026-06-11 12:12:00,3.1465,3.1465,3.1445,3.1455,3.1515,3.1515,3.1495,3.1505,18
2026-06-11 12:13:00,3.145,3.1485,3.145,3.1475,3.15,3.1535,3.15,3.1525,6
2026-06-11 12:14:00,3.1465,3.1465,3.1465,3.1465,3.1515,3.1515,3.1515,3.1515,1
2026-06-11 12:15:00,3.1455,3.1465,3.1445,3.1465,3.1505,3.1515,3.1495,3.1515,14
2026-06-11 12:16:00,3.147,3.147,3.1465,3.1465,3.152,3.152,3.1515,3.1515,2
2026-06-11 12:17:00,3.1475,3.1475,3.1465,3.1465,3.1525,3.1525,3.1515,3.1515,3
2026-06-11 12:19:00,3.1475,3.1475,3.146,3.146,3.1525,3.1525,3.151,3.151,6
2026-06-11 12:20:00,3.1455,3.1465,3.1455,3.1455,3.1505,3.1515,3.1505,3.1505,3
2026-06-11 12:22:00,3.1445,3.1495,3.1435,3.1485,3.1495,3.1545,3.1485,3.1535,19
2026-06-11 12:23:00,3.1475,3.1485,3.1475,3.1485,3.1525,3.1535,3.1525,3.1535,2
2026-06-11 12:24:00,3.1475,3.1485,3.1475,3.1475,3.1525,3.1535,3.1525,3.1525,7
2026-06-11 12:25:00,3.1485,3.1485,3.1475,3.1475,3.1535,3.1535,3.1525,3.1525,2
2026-06-11 12:26:00,3.147,3.1475,3.1465,3.1465,3.152,3.1525,3.1515,3.1515,9
2026-06-11 12:28:00,3.1475,3.1485,3.1455,3.1465,3.1525,3.1535,3.1505,3.1515,17
2026-06-11 12:29:00,3.146,3.1465,3.1455,3.1465,3.151,3.1515,3.1505,3.1515,17
2026-06-11 12:30:00,3.1455,3.1505,3.1455,3.1495,3.1505,3.1555,3.1505,3.1545,19
2026-06-11 12:31:00,3.1485,3.1485,3.1455,3.1475,3.1535,3.1535,3.1505,3.1525,23
2026-06-11 12:32:00,3.1465,3.1475,3.1445,3.1445,3.1515,3.1525,3.1495,3.1495,7
2026-06-11 12:33:00,3.1435,3.1455,3.1435,3.1445,3.1485,3.1505,3.1485,3.1495,10
2026-06-11 12:34:00,3.1435,3.1455,3.1435,3.1455,3.1485,3.1505,3.1485,3.1505,8
2026-06-11 12:35:00,3.1445,3.1455,3.1445,3.1455,3.1495,3.1505,3.1495,3.1505,4
2026-06-11 12:36:00,3.146,3.1475,3.146,3.1475,3.151,3.1525,3.151,3.1525,3
2026-06-11 12:37:00,3.1485,3.1485,3.1455,3.1465,3.1535,3.1535,3.1505,3.1515,13
2026-06-11 12:39:00,3.148,3.1495,3.148,3.1485,3.153,3.1545,3.153,3.1535,13
2026-06-11 12:40:00,3.1495,3.1495,3.1445,3.1485,3.1545,3.1545,3.1495,3.1535,24
2026-06-11 12:41:00,3.1475,3.1495,3.1475,3.1485,3.1525,3.1545,3.1525,3.1535,11
2026-06-11 12:42:00,3.1475,3.1485,3.1465,3.1485,3.1525,3.1535,3.1515,3.1535,5
2026-06-11 12:44:00,3.1495,3.1495,3.1475,3.148,3.1545,3.1545,3.1525,3.153,20
2026-06-11 12:45:00,3.1475,3.1495,3.1475,3.1485,3.1525,3.1545,3.1525,3.1535,13
2026-06-11 12:46:00,3.1495,3.1505,3.1485,3.1495,3.1545,3.1555,3.1535,3.1545,13
2026-06-11 12:47:00,3.15,3.1505,3.148,3.1485,3.155,3.1555,3.153,3.1535,14
2026-06-11 12:48:00,3.1495,3.1505,3.149,3.1505,3.1545,3.1555,3.154,3.1555,4
2026-06-11 12:49:00,3.1495,3.1495,3.1495,3.1495,3.1545,3.1545,3.1545,3.1545,1
2026-06-11 12:50:00,3.15,3.1555,3.15,3.1545,3.155,3.1605,3.155,3.1595,38
2026-06-11 12:51:00,3.1535,3.1555,3.1535,3.1555,3.1585,3.1605,3.1585,3.1605,17
2026-06-11 12:52:00,3.155,3.1555,3.1535,3.1545,3.16,3.1605,3.1585,3.1595,12
2026-06-11 12:53:00,3.1535,3.1545,3.1535,3.1545,3.1585,3.1595,3.1585,3.1595,2
2026-06-11 12:54:00,3.1535,3.1545,3.1505,3.1515,3.1585,3.1595,3.1555,3.1565,11
2026-06-11 12:55:00,3.152,3.1545,3.1515,3.1515,3.157,3.1595,3.1565,3.1565,22
2026-06-11 12:56:00,3.1505,3.1515,3.1505,3.1505,3.1555,3.1565,3.1555,3.1555,15
2026-06-11 12:57:00,3.1495,3.15,3.1495,3.1495,3.1545,3.155,3.1545,3.1545,5
2026-06-11 12:58:00,3.15,3.1505,3.1495,3.1505,3.155,3.1555,3.1545,3.1555,19
2026-06-11 12:59:00,3.151,3.1535,3.151,3.1525,3.156,3.1585,3.156,3.1575,13
2026-06-11 13:00:00,3.1535,3.1585,3.1535,3.1575,3.1585,3.1635,3.1585,3.1625,22
2026-06-11 13:01:00,3.1565,3.1565,3.1535,3.155,3.1615,3.1615,3.1585,3.16,29
2026-06-11 13:02:00,3.1545,3.1555,3.1545,3.1545,3.1595,3.1605,3.1595,3.1595,7
2026-06-11 13:03:00,3.1535,3.1535,3.1495,3.1505,3.1585,3.1585,3.1545,3.1555,27
2026-06-11 13:04:00,3.1515,3.1535,3.1505,3.1525,3.1565,3.1585,3.1555,3.1575,10
2026-06-11 13:05:00,3.1535,3.1545,3.1525,3.1535,3.1585,3.1595,3.1575,3.1585,13
2026-06-11 13:06:00,3.1525,3.153,3.1525,3.1525,3.1575,3.158,3.1575,3.1575,3
2026-06-11 13:07:00,3.1535,3.1535,3.1525,3.1535,3.1585,3.1585,3.1575,3.1585,8
2026-06-11 13:08:00,3.1525,3.1555,3.1525,3.1545,3.1575,3.1605,3.1575,3.1595,25
2026-06-11 13:09:00,3.154,3.1545,3.1535,3.1545,3.159,3.1595,3.1585,3.1595,12
2026-06-11 13:10:00,3.1535,3.1545,3.1535,3.1545,3.1585,3.1595,3.1585,3.1595,10
2026-06-11 13:11:00,3.154,3.1545,3.1535,3.1535,3.159,3.1595,3.1585,3.1585,17
2026-06-11 13:12:00,3.1545,3.1545,3.1535,3.1535,3.1595,3.1595,3.1585,3.1585,17
2026-06-11 13:13:00,3.1525,3.1535,3.1525,3.1535,3.1575,3.1585,3.1575,3.1585,11
2026-06-11 13:14:00,3.153,3.1565,3.1515,3.1555,3.158,3.1615,3.1565,3.1605,11
2026-06-11 13:15:00,3.1545,3.1545,3.1525,3.1525,3.1595,3.1595,3.1575,3.1575,6
2026-06-11 13:16:00,3.152,3.152,3.1485,3.1485,3.157,3.157,3.1535,3.1535,9
2026-06-11 13:17:00,3.1495,3.1505,3.1485,3.1495,3.1545,3.1555,3.1535,3.1545,15
2026-06-11 13:18:00,3.149,3.1495,3.1475,3.1495,3.154,3.1545,3.1525,3.1545,21
2026-06-11 13:19:00,3.1485,3.1485,3.1425,3.1465,3.1535,3.1535,3.1475,3.1515,26
2026-06-11 13:20:00,3.1475,3.1475,3.1465,3.1465,3.1525,3.1525,3.1515,3.1515,13
2026-06-11 13:21:00,3.1475,3.1475,3.1465,3.1465,3.1525,3.1525,3.1515,3.1515,10
2026-06-11 13:22:00,3.1455,3.1455,3.1375,3.1375,3.1505,3.1505,3.1425,3.1425,42
2026-06-11 13:23:00,3.137,3.1375,3.1345,3.1365,3.142,3.1425,3.1395,3.1415,35
2026-06-11 13:24:00,3.1375,3.1435,3.1365,3.1435,3.1425,3.1485,3.1415,3.1485,29
2026-06-11 13:25:00,3.143,3.1445,3.1415,3.1445,3.148,3.1495,3.1465,3.1495,28
2026-06-11 13:26:00,3.1435,3.1445,3.1415,3.1415,3.1485,3.1495,3.1465,3.1465,24
2026-06-11 13:27:00,3.1405,3.142,3.1395,3.1415,3.1455,3.147,3.1445,3.1465,22
2026-06-11 13:28:00,3.1425,3.1425,3.1395,3.141,3.1475,3.1475,3.1445,3.146,27
2026-06-11 13:29:00,3.1415,3.1455,3.1405,3.1415,3.1465,3.1505,3.1455,3.1465,38
2026-06-11 13:30:00,3.142,3.1435,3.132,3.1345,3.147,3.1485,3.137,3.1395,51
2026-06-11 13:31:00,3.1355,3.1385,3.1355,3.1375,3.1405,3.1435,3.1405,3.1425,21
2026-06-11 13:32:00,3.137,3.1375,3.1355,3.1355,3.142,3.1425,3.1405,3.1405,14
2026-06-11 13:33:00,3.135,3.1375,3.1335,3.1355,3.14,3.1425,3.1385,3.1405,23
2026-06-11 13:34:00,3.1345,3.1375,3.1345,3.1365,3.1395,3.1425,3.1395,3.1415,17
2026-06-11 13:35:00,3.1375,3.1375,3.1355,3.1375,3.1425,3.1425,3.1405,3.1425,12
2026-06-11 13:36:00,3.1385,3.1405,3.1375,3.14,3.1435,3.1455,3.1425,3.145,19
2026-06-11 13:37:00,3.1395,3.1395,3.1355,3.1355,3.1445,3.1445,3.1405,3.1405,13
2026-06-11 13:38:00,3.1365,3.138,3.1355,3.1365,3.1415,3.143,3.1405,3.1415,20
2026-06-11 13:39:00,3.1355,3.1385,3.1345,3.1385,3.1405,3.1435,3.1395,3.1435,27
2026-06-11 13:40:00,3.138,3.138,3.1355,3.1365,3.143,3.143,3.1405,3.1415,14
2026-06-11 13:41:00,3.137,3.1395,3.1365,3.1385,3.142,3.1445,3.1415,3.1435,16
2026-06-11 13:42:00,3.1375,3.1385,3.1375,3.1385,3.1425,3.1435,3.1425,3.1435,19
2026-06-11 13:43:00,3.1395,3.14,3.1385,3.1395,3.1445,3.145,3.1435,3.1445,19
2026-06-11 13:44:00,3.1385,3.1445,3.1385,3.1445,3.1435,3.1495,3.1435,3.1495,17
2026-06-11 13:45:00,3.1455,3.1475,3.1445,3.1465,3.1505,3.1525,3.1495,3.1515,12
2026-06-11 13:46:00,3.1455,3.1555,3.1445,3.1555,3.1505,3.1605,3.1495,3.1605,29
2026-06-11 13:47:00,3.1545,3.1545,3.1515,3.1525,3.1595,3.1595,3.1565,3.1575,16
2026-06-11 13:48:00,3.1515,3.1535,3.1505,3.1515,3.1565,3.1585,3.1555,3.1565,19
2026-06-11 13:49:00,3.1505,3.1535,3.1505,3.1525,3.1555,3.1585,3.1555,3.1575,14
2026-06-11 13:50:00,3.1545,3.1655,3.1545,3.1655,3.1595,3.1705,3.1595,3.1705,43
2026-06-11 13:51:00,3.1645,3.1685,3.1615,3.1685,3.1695,3.1735,3.1665,3.1735,22
2026-06-11 13:52:00,3.1675,3.1695,3.1635,3.1675,3.1725,3.1745,3.1685,3.1725,26
2026-06-11 13:53:00,3.167,3.1685,3.1635,3.1645,3.172,3.1735,3.1685,3.1695,26
2026-06-11 13:54:00,3.164,3.1725,3.1625,3.167,3.169,3.1775,3.1675,3.172,60
2026-06-11 13:55:00,3.1675,3.1675,3.1645,3.1675,3.1725,3.1725,3.1695,3.1725,31
2026-06-11 13:56:00,3.168,3.1785,3.1675,3.1765,3.173,3.1835,3.1725,3.1815,56
2026-06-11 13:57:00,3.1775,3.1775,3.1735,3.1745,3.1825,3.1825,3.1785,3.1795,51
2026-06-11 13:58:00,3.1765,3.1765,3.1715,3.1725,3.1815,3.1815,3.1765,3.1775,30
2026-06-11 13:59:00,3.1715,3.1765,3.1715,3.1735,3.1765,3.1815,3.1765,3.1785,33
2026-06-11 14:00:00,3.1725,3.174,3.1695,3.1735,3.1775,3.179,3.1745,3.1785,48
2026-06-11 14:01:00,3.173,3.1745,3.1715,3.1745,3.178,3.1795,3.1765,3.1795,26
2026-06-11 14:02:00,3.1755,3.1805,3.1745,3.1755,3.1805,3.1855,3.1795,3.1805,35
2026-06-11 14:03:00,3.1765,3.1775,3.1765,3.177,3.1815,3.1825,3.1815,3.182,10
2026-06-11 14:04:00,3.176,3.1785,3.1735,3.1755,3.181,3.1835,3.1785,3.1805,30
2026-06-11 14:05:00,3.1745,3.1785,3.1745,3.1775,3.1795,3.1835,3.1795,3.1825,23
2026-06-11 14:06:00,3.177,3.1805,3.1745,3.175,3.182,3.1855,3.1795,3.18,39
2026-06-11 14:07:00,3.1755,3.1775,3.1515,3.1515,3.1805,3.1825,3.1565,3.1565,179
2026-06-11 14:08:00,3.152,3.1655,3.152,3.1635,3.157,3.1705,3.157,3.1685,85
2026-06-11 14:09:00,3.164,3.1685,3.1635,3.1665,3.169,3.1735,3.1685,3.1715,45
2026-06-11 14:10:00,3.1655,3.1725,3.1655,3.1715,3.1705,3.1775,3.1705,3.1765,58
2026-06-11 14:11:00,3.172,3.1745,3.1685,3.1695,3.177,3.1795,3.1735,3.1745,37
2026-06-11 14:12:00,3.1685,3.1695,3.1655,3.1655,3.1735,3.1745,3.1705,3.1705,19
2026-06-11 14:13:00,3.164,3.1655,3.1635,3.1635,3.169,3.1705,3.1685,3.1685,19
2026-06-11 14:14:00,3.164,3.1655,3.1635,3.1655,3.169,3.1705,3.1685,3.1705,13
2026-06-11 14:15:00,3.1665,3.1665,3.1595,3.1655,3.1715,3.1715,3.1645,3.1705,69
2026-06-11 14:16:00,3.166,3.167,3.1595,3.162,3.171,3.172,3.1645,3.167,56
2026-06-11 14:17:00,3.1615,3.162,3.1515,3.1585,3.1665,3.167,3.1565,3.1635,90
2026-06-11 14:18:00,3.159,3.1615,3.1575,3.161,3.164,3.1665,3.1625,3.166,22
2026-06-11 14:19:00,3.1605,3.1615,3.157,3.1585,3.1655,3.1665,3.162,3.1635,31
2026-06-11 14:20:00,3.158,3.1605,3.1565,3.158,3.163,3.1655,3.1615,3.163,21
2026-06-11 14:21:00,3.1575,3.1595,3.1545,3.159,3.1625,3.1645,3.1595,3.164,39
2026-06-11 14:22:00,3.1585,3.1735,3.1585,3.1685,3.1635,3.1785,3.1635,3.1735,164
2026-06-11 14:23:00,3.168,3.1785,3.1635,3.1775,3.173,3.1835,3.1685,3.1825,97
2026-06-11 14:24:00,3.178,3.182,3.175,3.1795,3.183,3.187,3.18,3.1845,93
2026-06-11 14:25:00,3.1785,3.182,3.1755,3.1755,3.1835,3.187,3.1805,3.1805,76
2026-06-11 14:26:00,3.1745,3.1765,3.1715,3.1735,3.1795,3.1815,3.1765,3.1785,55
2026-06-11 14:27:00,3.174,3.176,3.1715,3.176,3.179,3.181,3.1765,3.181,51
2026-06-11 14:28:00,3.1755,3.1775,3.1745,3.1745,3.1805,3.1825,3.1795,3.1795,16
2026-06-11 14:29:00,3.174,3.1755,3.1715,3.1725,3.179,3.1805,3.1765,3.1775,48
2026-06-11 14:30:00,3.172,3.1735,3.1695,3.1725,3.177,3.1785,3.1745,3.1775,47
2026-06-11 14:31:00,3.1735,3.1765,3.1695,3.1735,3.1785,3.1815,3.1745,3.1785,83
2026-06-11 14:32:00,3.1745,3.1755,3.1675,3.168,3.1795,3.1805,3.1725,3.173,31
2026-06-11 14:33:00,3.1675,3.1715,3.1655,3.1685,3.1725,3.1765,3.1705,3.1735,44
2026-06-11 14:34:00,3.1675,3.1705,3.167,3.1695,3.1725,3.1755,3.172,3.1745,33
2026-06-11 14:35:00,3.1685,3.1695,3.1665,3.1685,3.1735,3.1745,3.1715,3.1735,30
2026-06-11 14:36:00,3.1675,3.1685,3.1595,3.1615,3.1725,3.1735,3.1645,3.1665,55
2026-06-11 14:37:00,3.1625,3.1665,3.1595,3.166,3.1675,3.1715,3.1645,3.171,41
2026-06-11 14:38:00,3.1665,3.1665,3.161,3.1615,3.1715,3.1715,3.166,3.1665,47
2026-06-11 14:39:00,3.161,3.1615,3.1555,3.1605,3.166,3.1665,3.1605,3.1655,54
2026-06-11 14:40:00,3.16,3.1605,3.1535,3.154,3.165,3.1655,3.1585,3.159,34
2026-06-11 14:41:00,3.1535,3.1585,3.1505,3.1565,3.1585,3.1635,3.1555,3.1615,74
2026-06-11 14:42:00,3.157,3.1595,3.1555,3.1555,3.162,3.1645,3.1605,3.1605,32
2026-06-11 14:43:00,3.155,3.1585,3.1515,3.1575,3.16,3.1635,3.1565,3.1625,60
2026-06-11 14:44:00,3.158,3.1625,3.1545,3.158,3.163,3.1675,3.1595,3.163,85
2026-06-11 14:45:00,3.1585,3.1635,3.1585,3.162,3.1635,3.1685,3.1635,3.167,25
2026-06-11 14:46:00,3.1615,3.1625,3.1605,3.1615,3.1665,3.1675,3.1655,3.1665,34
2026-06-11 14:47:00,3.162,3.1625,3.1595,3.1605,3.167,3.1675,3.1645,3.1655,38
2026-06-11 14:48:00,3.1615,3.1635,3.161,3.1615,3.1665,3.1685,3.166,3.1665,35
2026-06-11 14:49:00,3.162,3.1645,3.1575,3.1625,3.167,3.1695,3.1625,3.1675,39
2026-06-11 14:50:00,3.162,3.1635,3.1595,3.1615,3.167,3.1685,3.1645,3.1665,28
2026-06-11 14:51:00,3.1625,3.1625,3.1605,3.1615,3.1675,3.1675,3.1655,3.1665,17
2026-06-11 14:52:00,3.1605,3.1615,3.1585,3.1595,3.1655,3.1665,3.1635,3.1645,26
2026-06-11 14:53:00,3.159,3.1615,3.1585,3.1615,3.164,3.1665,3.1635,3.1665,17
2026-06-11 14:54:00,3.1605,3.1635,3.1595,3.1625,3.1655,3.1685,3.1645,3.1675,8
2026-06-11 14:55:00,3.1615,3.1645,3.1585,3.164,3.1665,3.1695,3.1635,3.169,45
2026-06-11 14:56:00,3.1645,3.1675,3.1625,3.1645,3.1695,3.1725,3.1675,3.1695,40
2026-06-11 14:57:00,3.1655,3.1655,3.1615,3.1645,3.1705,3.1705,3.1665,3.1695,34
2026-06-11 14:58:00,3.1635,3.1675,3.1625,3.1635,3.1685,3.1725,3.1675,3.1685,32
2026-06-11 14:59:00,3.163,3.1645,3.1625,3.1635,3.168,3.1695,3.1675,3.1685,18
2026-06-11 15:00:00,3.1625,3.1675,3.1615,3.1635,3.1675,3.1725,3.1665,3.1685,71
2026-06-11 15:01:00,3.1625,3.1645,3.1585,3.1605,3.1675,3.1695,3.1635,3.1655,50
2026-06-11 15:02:00,3.1595,3.1635,3.1585,3.1625,3.1645,3.1685,3.1635,3.1675,39
2026-06-11 15:03:00,3.1615,3.1645,3.1605,3.161,3.1665,3.1695,3.1655,3.166,52
2026-06-11 15:04:00,3.1615,3.1665,3.1615,3.1635,3.1665,3.1715,3.1665,3.1685,44
2026-06-11 15:05:00,3.1625,3.1645,3.1585,3.1595,3.1675,3.1695,3.1635,3.1645,48
2026-06-11 15:06:00,3.1605,3.1695,3.1595,3.1695,3.1655,3.1745,3.1645,3.1745,67
2026-06-11 15:07:00,3.1685,3.1685,3.1665,3.1665,3.1735,3.1735,3.1715,3.1715,12
2026-06-11 15:08:00,3.1655,3.1745,3.1645,3.1695,3.1705,3.1795,3.1695,3.1745,89
2026-06-11 15:09:00,3.1705,3.1775,3.1705,3.1735,3.1755,3.1825,3.1755,3.1785,106
2026-06-11 15:10:00,3.174,3.1755,3.1735,3.1745,3.179,3.1805,3.1785,3.1795,21
2026-06-11 15:11:00,3.175,3.1815,3.1735,3.1785,3.18,3.1865,3.1785,3.1835,49
2026-06-11 15:12:00,3.1775,3.1785,3.1695,3.1745,3.1825,3.1835,3.1745,3.1795,56
2026-06-11 15:13:00,3.1735,3.1765,3.1705,3.1725,3.1785,3.1815,3.1755,3.1775,50
2026-06-11 15:14:00,3.1735,3.1735,3.1675,3.1685,3.1785,3.1785,3.1725,3.1735,36
2026-06-11 15:15:00,3.168,3.168,3.1635,3.1665,3.173,3.173,3.1685,3.1715,39
2026-06-11 15:16:00,3.1655,3.1665,3.1635,3.1645,3.1705,3.1715,3.1685,3.1695,33
2026-06-11 15:17:00,3.1655,3.1685,3.1655,3.1665,3.1705,3.1735,3.1705,3.1715,10
2026-06-11 15:18:00,3.1675,3.1705,3.1665,3.168,3.1725,3.1755,3.1715,3.173,29
2026-06-11 15:19:00,3.1685,3.1705,3.1665,3.1685,3.1735,3.1755,3.1715,3.1735,20
2026-06-11 15:20:00,3.1675,3.1675,3.1655,3.1655,3.1725,3.1725,3.1705,3.1705,20
2026-06-11 15:21:00,3.1645,3.1645,3.1585,3.161,3.1695,3.1695,3.1635,3.166,37
2026-06-11 15:22:00,3.1615,3.1635,3.1595,3.1615,3.1665,3.1685,3.1645,3.1665,19
2026-06-11 15:23:00,3.1605,3.1615,3.1535,3.1565,3.1655,3.1665,3.1585,3.1615,37
2026-06-11 15:24:00,3.1555,3.1575,3.1535,3.1565,3.1605,3.1625,3.1585,3.1615,44
2026-06-11 15:25:00,3.156,3.1565,3.1525,3.1535,3.161,3.1615,3.1575,3.1585,27
2026-06-11 15:26:00,3.1525,3.1545,3.1515,3.1525,3.1575,3.1595,3.1565,3.1575,46
2026-06-11 15:27:00,3.1515,3.1555,3.1515,3.1555,3.1565,3.1605,3.1565,3.1605,13
2026-06-11 15:28:00,3.1565,3.1575,3.1535,3.1535,3.1615,3.1625,3.1585,3.1585,12
2026-06-11 15:29:00,3.1545,3.1545,3.1525,3.154,3.1595,3.1595,3.1575,3.159,26
2026-06-11 15:30:00,3.1535,3.1555,3.1485,3.1535,3.1585,3.1605,3.1535,3.1585,152
2026-06-11 15:31:00,3.153,3.1545,3.1475,3.1475,3.158,3.1595,3.1525,3.1525,92
2026-06-11 15:32:00,3.1485,3.1485,3.1405,3.1475,3.1535,3.1535,3.1455,3.1525,114
2026-06-11 15:33:00,3.147,3.1525,3.1465,3.1515,3.152,3.1575,3.1515,3.1565,102
2026-06-11 15:34:00,3.1505,3.1525,3.1445,3.1455,3.1555,3.1575,3.1495,3.1505,60
2026-06-11 15:35:00,3.146,3.1475,3.1455,3.1465,3.151,3.1525,3.1505,3.1515,23
2026-06-11 15:36:00,3.1455,3.1485,3.1445,3.146,3.1505,3.1535,3.1495,3.151,38
2026-06-11 15:37:00,3.1455,3.1465,3.1445,3.1445,3.1505,3.1515,3.1495,3.1495,19
2026-06-11 15:38:00,3.1435,3.1445,3.1435,3.1445,3.1485,3.1495,3.1485,3.1495,19
2026-06-11 15:39:00,3.144,3.1495,3.1435,3.1485,3.149,3.1545,3.1485,3.1535,39
2026-06-11 15:40:00,3.148,3.148,3.1435,3.1445,3.153,3.153,3.1485,3.1495,36
2026-06-11 15:41:00,3.1435,3.1515,3.1425,3.1475,3.1485,3.1565,3.1475,3.1525,65
2026-06-11 15:42:00,3.1445,3.1445,3.1425,3.1425,3.1495,3.1495,3.1475,3.1475,32
2026-06-11 15:43:00,3.1415,3.1435,3.1405,3.1425,3.1465,3.1485,3.1455,3.1475,40
2026-06-11 15:44:00,3.1435,3.1455,3.1425,3.1435,3.1485,3.1505,3.1475,3.1485,22
2026-06-11 15:45:00,3.1425,3.1435,3.1375,3.1395,3.1475,3.1485,3.1425,3.1445,64
2026-06-11 15:46:00,3.14,3.1405,3.1335,3.1355,3.145,3.1455,3.1385,3.1405,44
2026-06-11 15:47:00,3.1365,3.1365,3.1335,3.136,3.1415,3.1415,3.1385,3.141,56
2026-06-11 15:48:00,3.1355,3.1375,3.1345,3.1355,3.1405,3.1425,3.1395,3.1405,38
2026-06-11 15:49:00,3.1345,3.1375,3.1325,3.1365,3.1395,3.1425,3.1375,3.1415,83
2026-06-11 15:50:00,3.1355,3.1375,3.1355,3.1365,3.1405,3.1425,3.1405,3.1415,27
2026-06-11 15:51:00,3.1355,3.1365,3.1355,3.1365,3.1405,3.1415,3.1405,3.1415,74
2026-06-11 15:52:00,3.1355,3.1375,3.1355,3.1365,3.1405,3.1425,3.1405,3.1415,51
2026-06-11 15:53:00,3.136,3.1365,3.1335,3.1365,3.141,3.1415,3.1385,3.1415,30
2026-06-11 15:54:00,3.136,3.1375,3.1355,3.1365,3.141,3.1425,3.1405,3.1415,9
2026-06-11 15:55:00,3.1355,3.1375,3.1355,3.1365,3.1405,3.1425,3.1405,3.1415,18
2026-06-11 15:56:00,3.1355,3.1395,3.1355,3.1395,3.1405,3.1445,3.1405,3.1445,15
2026-06-11 15:57:00,3.1385,3.1415,3.1385,3.1395,3.1435,3.1465,3.1435,3.1445,37
2026-06-11 15:58:00,3.1405,3.1405,3.139,3.1405,3.1455,3.1455,3.144,3.1455,16
2026-06-11 15:59:00,3.14,3.1425,3.1395,3.1415,3.145,3.1475,3.1445,3.1465,21
2026-06-11 16:00:00,3.1425,3.1445,3.1405,3.1445,3.1475,3.1495,3.1455,3.1495,32
2026-06-11 16:01:00,3.1435,3.1455,3.1425,3.1425,3.1485,3.1505,3.1475,3.1475,42
2026-06-11 16:02:00,3.1415,3.1425,3.1405,3.1405,3.1465,3.1475,3.1455,3.1455,12
2026-06-11 16:03:00,3.14,3.1415,3.1395,3.1405,3.145,3.1465,3.1445,3.1455,16
2026-06-11 16:04:00,3.1415,3.1415,3.1375,3.1385,3.1465,3.1465,3.1435,3.1435,36
2026-06-11 16:05:00,3.1395,3.1405,3.1395,3.14,3.143,3.1455,3.143,3.145,40
2026-06-11 16:06:00,3.1395,3.1405,3.1385,3.1385,3.1445,3.1455,3.1435,3.1435,8
2026-06-11 16:07:00,3.1395,3.1395,3.1365,3.1385,3.1445,3.1445,3.1415,3.1435,28
2026-06-11 16:08:00,3.1375,3.1385,3.1365,3.1365,3.1425,3.1435,3.1415,3.1415,20
2026-06-11 16:09:00,3.1375,3.1375,3.1355,3.1375,3.1425,3.1425,3.1405,3.1425,36
2026-06-11 16:10:00,3.137,3.1385,3.1365,3.1385,3.142,3.1435,3.1415,3.1435,14
2026-06-11 16:11:00,3.1375,3.1395,3.1375,3.1385,3.1425,3.1445,3.1425,3.1435,28
2026-06-11 16:12:00,3.1395,3.1405,3.1375,3.1405,3.1445,3.1455,3.1425,3.1455,19
2026-06-11 16:13:00,3.1395,3.1415,3.1385,3.1395,3.1445,3.1465,3.1435,3.1445,39
2026-06-11 16:14:00,3.139,3.1395,3.1385,3.1385,3.144,3.1445,3.1435,3.1435,17
2026-06-11 16:15:00,3.1375,3.1385,3.1375,3.1385,3.1425,3.1435,3.1425,3.1435,5
2026-06-11 16:16:00,3.1395,3.1435,3.1385,3.1415,3.1445,3.1485,3.1435,3.1465,41
2026-06-11 16:17:00,3.141,3.1415,3.14,3.1405,3.146,3.1465,3.145,3.1455,17
2026-06-11 16:18:00,3.141,3.1415,3.1395,3.1415,3.146,3.1465,3.1445,3.1465,25
2026-06-11 16:19:00,3.141,3.1415,3.1395,3.1395,3.146,3.1465,3.1445,3.1445,19
2026-06-11 16:20:00,3.1385,3.1405,3.1385,3.1395,3.1435,3.1455,3.1435,3.1445,7
2026-06-11 16:21:00,3.1385,3.1405,3.1385,3.1405,3.1435,3.1455,3.1435,3.1455,5
2026-06-11 16:22:00,3.1395,3.1425,3.1395,3.1405,3.1445,3.1475,3.1445,3.1455,30
2026-06-11 16:23:00,3.1395,3.1405,3.1385,3.1395,3.1445,3.1455,3.1435,3.1445,11
2026-06-11 16:24:00,3.1385,3.1405,3.1355,3.1365,3.1435,3.1455,3.1405,3.1415,47
2026-06-11 16:25:00,3.1375,3.1385,3.1355,3.1375,3.1425,3.1435,3.1405,3.1425,20
2026-06-11 16:26:00,3.1385,3.1385,3.1355,3.137,3.1435,3.1435,3.1405,3.142,52
2026-06-11 16:27:00,3.1365,3.1385,3.1325,3.134,3.1415,3.1435,3.1375,3.139,40
2026-06-11 16:28:00,3.1345,3.1385,3.1325,3.138,3.1395,3.1435,3.1375,3.143,65
2026-06-11 16:29:00,3.1375,3.1405,3.1365,3.1385,3.1425,3.1455,3.1415,3.1435,48
2026-06-11 16:30:00,3.139,3.14,3.085,3.1215,3.144,3.145,3.09,3.1265,481
2026-06-11 16:31:00,3.122,3.1275,3.1205,3.1215,3.127,3.1325,3.1255,3.1265,180
2026-06-11 16:32:00,3.122,3.1305,3.1205,3.1265,3.127,3.1355,3.1255,3.1315,115
2026-06-11 16:33:00,3.1255,3.126,3.115,3.115,3.1305,3.131,3.12,3.12,130
2026-06-11 16:34:00,3.1145,3.1295,3.1145,3.1285,3.1195,3.1345,3.1195,3.1335,142
2026-06-11 16:35:00,3.1275,3.1285,3.1195,3.1195,3.1325,3.1335,3.1245,3.1245,104
2026-06-11 16:36:00,3.1205,3.1225,3.1185,3.1215,3.1255,3.1275,3.1235,3.1265,40
2026-06-11 16:37:00,3.1205,3.1205,3.1175,3.1195,3.1255,3.1255,3.1225,3.1245,17
2026-06-11 16:38:00,3.1185,3.1205,3.1175,3.12,3.1235,3.1255,3.1225,3.125,30
2026-06-11 16:39:00,3.1195,3.1205,3.1165,3.1195,3.1245,3.1255,3.1215,3.1245,23
2026-06-11 16:40:00,3.1185,3.1195,3.1175,3.1185,3.1235,3.1245,3.1225,3.1235,26
2026-06-11 16:41:00,3.1195,3.1215,3.1175,3.1195,3.1245,3.1265,3.1225,3.1245,45
2026-06-11 16:42:00,3.119,3.1215,3.1175,3.1195,3.124,3.1265,3.1225,3.1245,40
2026-06-11 16:43:00,3.12,3.1225,3.1085,3.1095,3.125,3.1275,3.1135,3.1145,87
2026-06-11 16:44:00,3.11,3.1115,3.1075,3.1105,3.115,3.1165,3.1125,3.1155,33
2026-06-11 16:45:00,3.1115,3.1125,3.1045,3.1055,3.1165,3.1175,3.1095,3.1105,45
2026-06-11 16:46:00,3.1045,3.1075,3.1045,3.1075,3.1095,3.1125,3.1095,3.1125,39
2026-06-11 16:47:00,3.1065,3.1175,3.1055,3.117,3.1115,3.1225,3.1105,3.122,77
2026-06-11 16:48:00,3.1165,3.1165,3.1135,3.1155,3.1215,3.1215,3.1185,3.1205,32
2026-06-11 16:49:00,3.115,3.1155,3.1115,3.1135,3.12,3.1205,3.1165,3.1185,23
2026-06-11 16:50:00,3.1145,3.1145,3.1085,3.1115,3.1195,3.1195,3.1135,3.1165,37
2026-06-11 16:51:00,3.1105,3.1115,3.1085,3.1095,3.1155,3.1165,3.1135,3.1145,29
2026-06-11 16:52:00,3.1085,3.1095,3.1045,3.1045,3.1135,3.1145,3.1095,3.1095,26
2026-06-11 16:53:00,3.1055,3.1065,3.1035,3.1045,3.1105,3.1115,3.1085,3.1095,17
2026-06-11 16:54:00,3.1055,3.1065,3.1025,3.1035,3.1105,3.1115,3.1075,3.1085,31
2026-06-11 16:55:00,3.1025,3.1045,3.1015,3.1035,3.1075,3.1095,3.1065,3.1085,31
2026-06-11 16:56:00,3.1025,3.1045,3.1015,3.1025,3.1075,3.1095,3.1065,3.1075,30
2026-06-11 16:57:00,3.102,3.1025,3.0975,3.0995,3.107,3.1075,3.1025,3.1045,43
2026-06-11 16:58:00,3.0985,3.1015,3.0985,3.0995,3.1035,3.1065,3.1035,3.1045,34
2026-06-11 16:59:00,3.1005,3.1015,3.0995,3.1015,3.1055,3.1065,3.1045,3.1065,30
2026-06-11 17:00:00,3.1025,3.1035,3.1005,3.1035,3.1075,3.1085,3.1055,3.1085,38
2026-06-11 17:01:00,3.1025,3.1065,3.1005,3.1045,3.1075,3.1115,3.1055,3.1095,18
2026-06-11 17:02:00,3.1035,3.1035,3.1005,3.1015,3.1085,3.1085,3.1055,3.1065,24
2026-06-11 17:03:00,3.1005,3.1025,3.1005,3.1005,3.1055,3.1075,3.1055,3.1055,35
2026-06-11 17:04:00,3.101,3.1015,3.0975,3.0995,3.106,3.1065,3.1025,3.1045,41
2026-06-11 17:05:00,3.0985,3.1005,3.0985,3.0985,3.1035,3.1055,3.1035,3.1035,34
2026-06-11 17:06:00,3.099,3.1005,3.0985,3.0995,3.104,3.1055,3.1035,3.1045,25
2026-06-11 17:07:00,3.1005,3.103,3.0995,3.1025,3.1055,3.108,3.1045,3.1075,42
2026-06-11 17:08:00,3.1015,3.1055,3.1005,3.1045,3.1065,3.1105,3.1055,3.1095,27
2026-06-11 17:09:00,3.1055,3.1065,3.1015,3.1025,3.1105,3.1115,3.1065,3.1075,25
2026-06-11 17:10:00,3.1015,3.1045,3.0975,3.0985,3.1065,3.1095,3.1025,3.1035,36
2026-06-11 17:11:00,3.0975,3.0985,3.0965,3.0975,3.1025,3.1035,3.1015,3.1025,23
2026-06-11 17:12:00,3.0965,3.0975,3.0925,3.0945,3.1015,3.1025,3.0975,3.0995,40
2026-06-11 17:13:00,3.0935,3.0995,3.0925,3.0985,3.0985,3.1045,3.0975,3.1035,49
2026-06-11 17:14:00,3.0975,3.1015,3.0975,3.0995,3.1025,3.1065,3.1025,3.1045,35
2026-06-11 17:15:00,3.099,3.1015,3.0975,3.0975,3.104,3.1065,3.1025,3.1025,64
2026-06-11 17:16:00,3.0965,3.0975,3.0945,3.0955,3.1015,3.1025,3.0995,3.1005,50
2026-06-11 17:17:00,3.0965,3.0965,3.0935,3.0945,3.1015,3.1015,3.0985,3.0995,98
2026-06-11 17:18:00,3.095,3.0995,3.0945,3.0985,3.1,3.1045,3.0995,3.1035,92
2026-06-11 17:19:00,3.0975,3.1005,3.0965,3.0995,3.1025,3.1055,3.1015,3.1045,48
2026-06-11 17:20:00,3.1005,3.1005,3.0985,3.0995,3.1055,3.1055,3.1035,3.1045,16
2026-06-11 17:21:00,3.1005,3.1015,3.0965,3.0985,3.1055,3.1065,3.1015,3.1035,23
2026-06-11 17:22:00,3.098,3.0995,3.0965,3.0965,3.103,3.1045,3.1015,3.1015,49
2026-06-11 17:23:00,3.0975,3.0985,3.0955,3.0985,3.1025,3.1035,3.1005,3.1035,12
2026-06-11 17:24:00,3.0975,3.1005,3.0975,3.0995,3.1025,3.1055,3.1025,3.1045,25
2026-06-11 17:25:00,3.1005,3.1015,3.0985,3.0995,3.1055,3.1065,3.1035,3.1045,18
2026-06-11 17:26:00,3.0985,3.1075,3.0965,3.1035,3.1035,3.1125,3.1015,3.1085,90
2026-06-11 17:27:00,3.1025,3.1055,3.1005,3.1025,3.1075,3.1105,3.1055,3.1075,30
2026-06-11 17:28:00,3.1015,3.1065,3.1015,3.1055,3.1065,3.1115,3.1065,3.1105,20
2026-06-11 17:29:00,3.105,3.1065,3.1035,3.104,3.11,3.1115,3.1085,3.109,21
2026-06-11 17:30:00,3.1035,3.1065,3.1025,3.1055,3.1085,3.1115,3.1075,3.1105,37
2026-06-11 17:31:00,3.1045,3.1095,3.1045,3.1065,3.1095,3.1145,3.1095,3.1115,32
2026-06-11 17:32:00,3.1075,3.1095,3.1065,3.1075,3.1125,3.1145,3.1115,3.1125,31
2026-06-11 17:33:00,3.1085,3.1085,3.1055,3.106,3.1135,3.1135,3.1105,3.111,28
2026-06-11 17:34:00,3.1055,3.1085,3.1045,3.1085,3.1105,3.1135,3.1095,3.1135,34
2026-06-11 17:35:00,3.1075,3.1105,3.1075,3.11,3.1125,3.1155,3.1125,3.115,50
2026-06-11 17:36:00,3.1095,3.1105,3.1075,3.1085,3.1145,3.1155,3.1125,3.1135,43
2026-06-11 17:37:00,3.1075,3.1085,3.1065,3.1075,3.1125,3.1135,3.1115,3.1125,17
2026-06-11 17:38:00,3.1065,3.1075,3.1045,3.105,3.1115,3.1125,3.1095,3.11,24
2026-06-11 17:39:00,3.1055,3.1065,3.1045,3.1055,3.1105,3.1115,3.1095,3.1105,21
2026-06-11 17:40:00,3.1065,3.1075,3.1055,3.1055,3.1115,3.1125,3.1105,3.1105,14
2026-06-11 17:41:00,3.1065,3.1075,3.1065,3.1075,3.1115,3.1125,3.1115,3.1125,16
2026-06-11 17:42:00,3.1085,3.1085,3.1075,3.1075,3.1135,3.1135,3.1125,3.1125,18
2026-06-11 17:43:00,3.1065,3.1135,3.1065,3.1125,3.1115,3.1185,3.1115,3.1175,21
2026-06-11 17:44:00,3.1135,3.1145,3.1105,3.1135,3.1185,3.1195,3.1155,3.1185,38
2026-06-11 17:45:00,3.113,3.1195,3.1115,3.1175,3.118,3.1245,3.1165,3.1225,37
2026-06-11 17:46:00,3.117,3.1185,3.117,3.118,3.122,3.1235,3.122,3.123,15
2026-06-11 17:47:00,3.1185,3.1205,3.1155,3.1205,3.1235,3.1255,3.1205,3.1255,51
2026-06-11 17:48:00,3.12,3.1255,3.1195,3.1225,3.125,3.1305,3.1245,3.1275,40
2026-06-11 17:49:00,3.1215,3.1245,3.1215,3.1235,3.1265,3.1295,3.1265,3.1285,20
2026-06-11 17:50:00,3.1245,3.1245,3.1195,3.1195,3.1295,3.1295,3.1245,3.1245,15
2026-06-11 17:51:00,3.1205,3.1215,3.1195,3.1205,3.1255,3.1265,3.1245,3.1255,9
2026-06-11 17:52:00,3.1195,3.1205,3.1185,3.1195,3.1245,3.1255,3.1235,3.1245,5
2026-06-11 17:53:00,3.1185,3.1195,3.1185,3.1185,3.1235,3.1245,3.1235,3.1235,10
2026-06-11 17:54:00,3.1195,3.1195,3.1175,3.1185,3.1245,3.1245,3.1225,3.1235,13
2026-06-11 17:55:00,3.1175,3.1195,3.1155,3.1165,3.1225,3.1245,3.1205,3.1215,25
2026-06-11 17:56:00,3.1175,3.1175,3.1145,3.1155,3.1225,3.1225,3.1195,3.1205,16
2026-06-11 17:57:00,3.115,3.1185,3.115,3.1175,3.12,3.1235,3.12,3.1225,6
2026-06-11 17:58:00,3.118,3.1205,3.118,3.1205,3.123,3.1255,3.123,3.1255,4
2026-06-11 17:59:00,3.1215,3.1215,3.1195,3.1195,3.1265,3.1265,3.1245,3.1245,11
2026-06-11 18:00:00,3.1205,3.1215,3.1145,3.1155,3.1255,3.1265,3.1195,3.1205,33
2026-06-11 18:01:00,3.1165,3.1235,3.1165,3.1225,3.1215,3.1285,3.1215,3.1275,38
2026-06-11 18:02:00,3.1215,3.1235,3.1185,3.1205,3.1265,3.1285,3.1235,3.1255,31
2026-06-11 18:03:00,3.1195,3.1205,3.1165,3.1175,3.1245,3.1255,3.1215,3.1225,13
2026-06-11 18:04:00,3.1165,3.1175,3.1165,3.1175,3.1215,3.1225,3.1215,3.1225,5
2026-06-11 18:05:00,3.1165,3.1175,3.1145,3.1155,3.1215,3.1225,3.1195,3.1205,13
2026-06-11 18:06:00,3.1165,3.1185,3.1165,3.1175,3.1215,3.1235,3.1215,3.1225,26
2026-06-11 18:07:00,3.1165,3.1205,3.1165,3.1195,3.1215,3.1255,3.1215,3.1245,16
2026-06-11 18:08:00,3.12,3.1205,3.1185,3.119,3.125,3.1255,3.1235,3.124,17
2026-06-11 18:09:00,3.1185,3.1205,3.1185,3.1185,3.1235,3.1255,3.1235,3.1235,8
2026-06-11 18:10:00,3.1175,3.1185,3.1165,3.1165,3.1225,3.1235,3.1215,3.1215,11
2026-06-11 18:11:00,3.1155,3.1165,3.1155,3.1165,3.1205,3.1215,3.1205,3.1215,2
2026-06-11 18:12:00,3.116,3.1245,3.1155,3.1245,3.121,3.1295,3.1205,3.1295,42
2026-06-11 18:13:00,3.1235,3.1275,3.1225,3.1275,3.1285,3.1325,3.1275,3.1325,42
2026-06-11 18:14:00,3.1265,3.1345,3.1265,3.1315,3.1315,3.1395,3.1315,3.1365,41
2026-06-11 18:15:00,3.1325,3.1345,3.1305,3.1315,3.1375,3.1395,3.1355,3.1365,49
2026-06-11 18:16:00,3.1325,3.133,3.1255,3.1265,3.1375,3.138,3.1305,3.1315,28
2026-06-11 18:17:00,3.1255,3.129,3.1255,3.1265,3.1305,3.134,3.1305,3.1315,32
2026-06-11 18:18:00,3.1255,3.1265,3.1215,3.1215,3.1305,3.1315,3.1265,3.1265,21
2026-06-11 18:19:00,3.1225,3.1235,3.121,3.1235,3.1275,3.1285,3.126,3.1285,27
2026-06-11 18:20:00,3.123,3.1245,3.1225,3.1225,3.128,3.1295,3.1275,3.1275,14
2026-06-11 18:21:00,3.1235,3.1285,3.1225,3.1235,3.1285,3.1335,3.1275,3.1285,36
2026-06-11 18:22:00,3.1225,3.1235,3.1225,3.1235,3.1275,3.1285,3.1275,3.1285,29
2026-06-11 18:23:00,3.123,3.1235,3.1215,3.1225,3.128,3.1285,3.1265,3.1275,11
2026-06-11 18:24:00,3.1215,3.1225,3.118,3.1185,3.1265,3.1275,3.123,3.1235,18
2026-06-11 18:25:00,3.1175,3.1215,3.1175,3.1185,3.1225,3.1265,3.1225,3.1235,12
2026-06-11 18:26:00,3.1195,3.1205,3.1185,3.1195,3.1245,3.1255,3.1235,3.1245,12
2026-06-11 18:27:00,3.1185,3.1195,3.1185,3.1185,3.1235,3.1245,3.1235,3.1235,12
2026-06-11 18:28:00,3.1195,3.1205,3.1185,3.1185,3.1245,3.1255,3.1235,3.1235,20
2026-06-11 18:29:00,3.1175,3.1185,3.1165,3.1175,3.1225,3.1235,3.1215,3.1225,17
2026-06-11 18:30:00,3.1185,3.1185,3.1155,3.1165,3.1235,3.1235,3.1205,3.1215,18
2026-06-11 18:31:00,3.1175,3.1195,3.1165,3.1185,3.1225,3.1245,3.1215,3.1235,25
2026-06-11 18:32:00,3.1195,3.1195,3.1165,3.1165,3.1245,3.1245,3.1215,3.1215,19
2026-06-11 18:33:00,3.1175,3.1185,3.1175,3.1175,3.1225,3.1235,3.1225,3.1225,3
2026-06-11 18:34:00,3.1185,3.1215,3.1175,3.1205,3.1235,3.1265,3.1225,3.1255,17
2026-06-11 18:35:00,3.1215,3.1245,3.1215,3.1245,3.1265,3.1295,3.1265,3.1295,16
2026-06-11 18:36:00,3.124,3.1285,3.1235,3.1275,3.129,3.1335,3.1285,3.1325,27
2026-06-11 18:37:00,3.127,3.1295,3.1255,3.1295,3.132,3.1345,3.1305,3.1345,32
2026-06-11 18:38:00,3.1285,3.1325,3.1285,3.1285,3.1335,3.1375,3.1335,3.1335,28
2026-06-11 18:39:00,3.1295,3.1305,3.1285,3.1295,3.1345,3.1355,3.1335,3.1345,7
2026-06-11 18:40:00,3.13,3.1325,3.1285,3.1325,3.135,3.1375,3.1335,3.1375,20
2026-06-11 18:41:00,3.133,3.1335,3.1295,3.1295,3.138,3.1385,3.1345,3.1345,22
2026-06-11 18:42:00,3.1305,3.1335,3.1285,3.1285,3.1355,3.1385,3.1335,3.1335,21
2026-06-11 18:43:00,3.1295,3.1305,3.1285,3.1295,3.1345,3.1355,3.1335,3.1345,7
2026-06-11 18:44:00,3.129,3.1295,3.1275,3.1285,3.134,3.1345,3.1325,3.1335,10
2026-06-11 18:45:00,3.1295,3.1305,3.1275,3.1285,3.1345,3.1355,3.1325,3.1335,13
2026-06-11 18:46:00,3.1275,3.1285,3.1245,3.1255,3.1325,3.1335,3.1295,3.1305,9
2026-06-11 18:47:00,3.125,3.1255,3.1235,3.1245,3.13,3.1305,3.1285,3.1295,25
2026-06-11 18:48:00,3.1255,3.1285,3.1255,3.126,3.1305,3.1335,3.1305,3.131,12
2026-06-11 18:49:00,3.1265,3.1265,3.1255,3.1265,3.1315,3.1315,3.1305,3.1315,14
2026-06-11 18:50:00,3.126,3.126,3.1215,3.1215,3.131,3.131,3.1265,3.1265,17
2026-06-11 18:51:00,3.1205,3.1235,3.1205,3.1215,3.1255,3.1285,3.1255,3.1265,23
2026-06-11 18:52:00,3.1205,3.1225,3.1205,3.1215,3.1255,3.1275,3.1255,3.1265,6
2026-06-11 18:53:00,3.1225,3.1235,3.1205,3.1235,3.1275,3.1285,3.1255,3.1285,10
2026-06-11 18:54:00,3.1245,3.1255,3.1235,3.1245,3.1295,3.1305,3.1285,3.1295,14
2026-06-11 18:55:00,3.1255,3.1265,3.1245,3.1255,3.1305,3.1315,3.1295,3.1305,15
2026-06-11 18:56:00,3.126,3.126,3.1255,3.1255,3.131,3.131,3.1305,3.1305,10
2026-06-11 18:57:00,3.1265,3.1285,3.1255,3.1255,3.1315,3.1335,3.1305,3.1305,21
2026-06-11 18:58:00,3.1265,3.1265,3.1245,3.1255,3.1315,3.1315,3.1295,3.1305,8
2026-06-11 18:59:00,3.1245,3.1255,3.1225,3.1225,3.1295,3.1305,3.1275,3.1275,7
2026-06-11 19:00:00,3.1215,3.1245,3.1215,3.1245,3.1265,3.1295,3.1265,3.1295,17
2026-06-11 19:01:00,3.1255,3.1275,3.1235,3.1265,3.1305,3.1325,3.1285,3.1315,27
2026-06-11 19:02:00,3.1255,3.1275,3.1255,3.1275,3.1305,3.1325,3.1305,3.1325,5
2026-06-11 19:03:00,3.1265,3.1275,3.1235,3.1235,3.1315,3.1325,3.1285,3.1285,10
2026-06-11 19:04:00,3.123,3.123,3.1205,3.1215,3.128,3.128,3.1255,3.1265,5
2026-06-11 19:05:00,3.1205,3.124,3.1195,3.1235,3.1255,3.129,3.1245,3.1285,18
2026-06-11 19:06:00,3.1225,3.1235,3.121,3.1225,3.1275,3.1285,3.126,3.1275,22
2026-06-11 19:07:00,3.1215,3.1215,3.1205,3.121,3.1265,3.1265,3.1255,3.126,4
2026-06-11 19:08:00,3.1215,3.1235,3.1205,3.121,3.1265,3.1285,3.1255,3.126,29
2026-06-11 19:09:00,3.1205,3.1215,3.115,3.1175,3.1255,3.1265,3.12,3.1225,59
2026-06-11 19:10:00,3.1185,3.1195,3.1175,3.119,3.1235,3.1245,3.1225,3.124,29
2026-06-11 19:11:00,3.1185,3.1185,3.1165,3.117,3.1235,3.1235,3.1215,3.122,21
2026-06-11 19:12:00,3.1175,3.1195,3.1165,3.119,3.1225,3.1245,3.1215,3.124,14
2026-06-11 19:13:00,3.1185,3.1215,3.1165,3.1165,3.1235,3.1265,3.1215,3.1215,45
2026-06-11 19:14:00,3.1155,3.1175,3.1145,3.1165,3.1205,3.1225,3.1195,3.1215,18
2026-06-11 19:15:00,3.117,3.1175,3.1155,3.1155,3.122,3.1225,3.1205,3.1205,10
2026-06-11 19:16:00,3.116,3.1165,3.1155,3.116,3.121,3.1215,3.1205,3.121,12
2026-06-11 19:17:00,3.1155,3.1155,3.1145,3.1155,3.1205,3.1205,3.1195,3.1205,10
2026-06-11 19:18:00,3.1165,3.1175,3.1145,3.1165,3.1215,3.1225,3.1195,3.1215,16
2026-06-11 19:19:00,3.1175,3.1175,3.1155,3.117,3.1225,3.1225,3.1205,3.122,26
2026-06-11 19:20:00,3.1175,3.1175,3.1155,3.1175,3.1225,3.1225,3.1205,3.1225,20
2026-06-11 19:21:00,3.1185,3.1205,3.1185,3.1195,3.1235,3.1255,3.1235,3.1245,17
2026-06-11 19:22:00,3.1185,3.1195,3.1185,3.1195,3.1235,3.1245,3.1235,3.1245,2
2026-06-11 19:23:00,3.1185,3.1195,3.1165,3.1175,3.1235,3.1245,3.1215,3.1225,13
2026-06-11 19:24:00,3.1165,3.1165,3.1145,3.1165,3.1215,3.1215,3.1195,3.1215,10
2026-06-11 19:25:00,3.1155,3.1175,3.1155,3.1165,3.1205,3.1225,3.1205,3.1215,26
2026-06-11 19:26:00,3.1175,3.1185,3.1165,3.1175,3.1225,3.1235,3.1215,3.1225,22
2026-06-11 19:27:00,3.117,3.1175,3.1155,3.1155,3.122,3.1225,3.1205,3.1205,16
2026-06-11 19:28:00,3.1145,3.1155,3.1095,3.1135,3.1195,3.1205,3.1145,3.1185,58
2026-06-11 19:29:00,3.1145,3.1165,3.1115,3.1125,3.1195,3.1215,3.1165,3.1175,136
2026-06-11 19:30:00,3.112,3.112,3.1065,3.107,3.117,3.117,3.1115,3.112,128
2026-06-11 19:31:00,3.1085,3.1095,3.1055,3.1065,3.1135,3.1145,3.1105,3.1115,56
2026-06-11 19:32:00,3.106,3.1065,3.0945,3.0965,3.111,3.1115,3.0995,3.1015,194
2026-06-11 19:33:00,3.097,3.0995,3.0955,3.0985,3.102,3.1045,3.1005,3.1035,132
2026-06-11 19:34:00,3.0995,3.0995,3.0955,3.0955,3.1045,3.1045,3.1005,3.1005,68
2026-06-11 19:35:00,3.096,3.0995,3.0945,3.0985,3.101,3.1045,3.0995,3.1035,56
2026-06-11 19:36:00,3.0995,3.0995,3.0975,3.0995,3.1045,3.1045,3.1025,3.1045,68
2026-06-11 19:37:00,3.0985,3.0995,3.0955,3.098,3.1035,3.1045,3.1005,3.103,50
2026-06-11 19:38:00,3.0975,3.1015,3.0955,3.0955,3.1025,3.1065,3.1005,3.1005,62
2026-06-11 19:39:00,3.0965,3.0965,3.0945,3.0955,3.1015,3.1015,3.0995,3.1005,21
2026-06-11 19:40:00,3.0965,3.1005,3.0945,3.0985,3.1015,3.1055,3.0995,3.1035,37
2026-06-11 19:41:00,3.0995,3.1105,3.099,3.1085,3.1045,3.1155,3.104,3.1135,46
2026-06-11 19:42:00,3.1095,3.1115,3.106,3.1065,3.1145,3.1165,3.111,3.1115,42
2026-06-11 19:43:00,3.1055,3.1065,3.1055,3.1055,3.1105,3.1115,3.1105,3.1105,22
2026-06-11 19:44:00,3.1045,3.113,3.1045,3.113,3.1095,3.118,3.1095,3.118,38
2026-06-11 19:45:00,3.1125,3.1145,3.1095,3.1125,3.1175,3.1195,3.1145,3.1175,44
2026-06-11 19:46:00,3.1115,3.1135,3.1085,3.1095,3.1165,3.1185,3.1135,3.1145,39
2026-06-11 19:47:00,3.1085,3.1115,3.1075,3.1105,3.1135,3.1165,3.1125,3.1155,41
2026-06-11 19:48:00,3.1095,3.1135,3.1095,3.1125,3.1145,3.1185,3.1145,3.1175,30
2026-06-11 19:49:00,3.113,3.1135,3.1075,3.1085,3.118,3.1185,3.1125,3.1135,37
2026-06-11 19:50:00,3.1075,3.1125,3.1075,3.1105,3.1125,3.1175,3.1125,3.1155,34
2026-06-11 19:51:00,3.1115,3.1125,3.1095,3.11,3.1165,3.1175,3.1145,3.115,31
2026-06-11 19:52:00,3.1095,3.1095,3.1075,3.1085,3.1145,3.1145,3.1125,3.1135,25
2026-06-11 19:53:00,3.1075,3.1085,3.1075,3.1075,3.1125,3.1135,3.1125,3.1125,22
2026-06-11 19:54:00,3.1105,3.1115,3.1085,3.109,3.1155,3.1165,3.1135,3.114,35
2026-06-11 19:55:00,3.1085,3.1105,3.1085,3.1085,3.1135,3.1155,3.1135,3.1135,25
2026-06-11 19:56:00,3.1095,3.1115,3.1065,3.1075,3.1145,3.1165,3.1115,3.1125,28
2026-06-11 19:57:00,3.1085,3.1105,3.1075,3.1095,3.1135,3.1155,3.1125,3.1145,27
2026-06-11 19:58:00,3.1085,3.1105,3.1075,3.1105,3.1135,3.1155,3.1125,3.1155,21
2026-06-11 19:59:00,3.1095,3.1115,3.1085,3.1095,3.1145,3.1165,3.1135,3.1145,17
2026-06-11 20:00:00,3.11,3.1105,3.1065,3.1075,3.115,3.1155,3.1115,3.1125,28
2026-06-11 20:01:00,3.1085,3.1105,3.1085,3.1095,3.1135,3.1155,3.1135,3.1145,35
2026-06-11 20:02:00,3.109,3.1145,3.108,3.1145,3.114,3.1195,3.113,3.1195,44
2026-06-11 20:03:00,3.1135,3.1155,3.1125,3.1155,3.1185,3.1205,3.1175,3.1205,18
2026-06-11 20:04:00,3.1145,3.1155,3.1105,3.1125,3.1195,3.1205,3.1155,3.1175,29
2026-06-11 20:05:00,3.112,3.1195,3.112,3.1195,3.117,3.1245,3.117,3.1245,40
2026-06-11 20:06:00,3.119,3.1265,3.1175,3.1205,3.124,3.1315,3.1225,3.1255,69
2026-06-11 20:07:00,3.12,3.1215,3.1165,3.118,3.125,3.1265,3.1215,3.123,47
2026-06-11 20:08:00,3.1185,3.12,3.1185,3.1195,3.1235,3.125,3.1235,3.1245,26
2026-06-11 20:09:00,3.119,3.121,3.1185,3.121,3.124,3.126,3.1235,3.126,36
2026-06-11 20:10:00,3.1215,3.1215,3.1175,3.119,3.1265,3.1265,3.1225,3.124,22
2026-06-11 20:11:00,3.1205,3.1225,3.1195,3.12,3.1255,3.1275,3.1245,3.125,25
2026-06-11 20:12:00,3.1205,3.1205,3.1175,3.12,3.1255,3.1255,3.1225,3.125,14
2026-06-11 20:13:00,3.1195,3.1205,3.1185,3.1185,3.1245,3.1255,3.1235,3.1235,23
2026-06-11 20:14:00,3.1195,3.1205,3.1165,3.1165,3.1245,3.1255,3.1215,3.1215,10
2026-06-11 20:15:00,3.116,3.1185,3.1155,3.116,3.121,3.1235,3.1205,3.121,38
2026-06-11 20:16:00,3.1165,3.1175,3.1155,3.1155,3.1215,3.1225,3.1205,3.1205,17
2026-06-11 20:17:00,3.1165,3.1165,3.1125,3.1145,3.1215,3.1215,3.1175,3.1195,17
2026-06-11 20:18:00,3.114,3.1145,3.1115,3.113,3.119,3.1195,3.1165,3.118,27
2026-06-11 20:19:00,3.1135,3.1165,3.11,3.1105,3.1185,3.1215,3.115,3.1155,56
2026-06-11 20:20:00,3.1115,3.1125,3.1085,3.1115,3.1165,3.1175,3.1135,3.1165,51
2026-06-11 20:21:00,3.111,3.1115,3.1065,3.111,3.116,3.1165,3.1115,3.116,54
2026-06-11 20:22:00,3.1115,3.1195,3.1115,3.1155,3.1165,3.1245,3.1165,3.1205,55
2026-06-11 20:23:00,3.115,3.1155,3.1095,3.111,3.12,3.1205,3.1145,3.116,53
2026-06-11 20:24:00,3.1105,3.1115,3.1085,3.1085,3.1155,3.1165,3.1135,3.1135,58
2026-06-11 20:25:00,3.1075,3.1105,3.1075,3.1105,3.1125,3.1155,3.1125,3.1155,34
2026-06-11 20:26:00,3.1115,3.1115,3.1095,3.1105,3.1165,3.1165,3.1145,3.1155,29
2026-06-11 20:27:00,3.1115,3.1135,3.1095,3.1105,3.1165,3.1185,3.1145,3.1155,35
2026-06-11 20:28:00,3.111,3.1205,3.109,3.1145,3.116,3.1255,3.114,3.1195,189
2026-06-11 20:29:00,3.1155,3.1185,3.1145,3.118,3.1205,3.1235,3.1195,3.123,85
2026-06-11 20:30:00,3.1175,3.1215,3.1175,3.1215,3.1225,3.1265,3.1225,3.1265,49
2026-06-11 20:31:00,3.1225,3.1225,3.119,3.1225,3.1275,3.1275,3.124,3.1275,47
2026-06-11 20:32:00,3.1235,3.1245,3.1215,3.1225,3.1285,3.1295,3.1265,3.1275,36
2026-06-11 20:33:00,3.1215,3.1225,3.1205,3.1205,3.1265,3.1275,3.1255,3.1255,11
2026-06-11 20:34:00,3.1215,3.1225,3.1205,3.1225,3.1265,3.1275,3.1255,3.1275,10
2026-06-11 20:35:00,3.1235,3.1275,3.1235,3.1275,3.1285,3.1325,3.1285,3.1325,37
2026-06-11 20:36:00,3.127,3.1285,3.1265,3.127,3.132,3.1335,3.1315,3.132,36
2026-06-11 20:37:00,3.1275,3.1275,3.1245,3.1255,3.1325,3.1325,3.1295,3.1305,10
2026-06-11 20:38:00,3.125,3.1265,3.1245,3.126,3.13,3.1315,3.1295,3.131,22
2026-06-11 20:39:00,3.1265,3.1265,3.1255,3.126,3.1315,3.1315,3.1305,3.131,14
2026-06-11 20:40:00,3.1265,3.1295,3.1255,3.1265,3.1315,3.1345,3.1305,3.1315,22
2026-06-11 20:41:00,3.1275,3.1275,3.1255,3.1265,3.1325,3.1325,3.1305,3.1315,16
2026-06-11 20:42:00,3.1275,3.1275,3.1255,3.127,3.1325,3.1325,3.1305,3.132,21
2026-06-11 20:43:00,3.1275,3.1285,3.1275,3.128,3.1325,3.1335,3.1325,3.133,4
2026-06-11 20:44:00,3.1285,3.1295,3.1275,3.1285,3.1335,3.1345,3.1325,3.1335,11
2026-06-11 20:45:00,3.1295,3.1295,3.1275,3.1295,3.1345,3.1345,3.1325,3.1345,26
2026-06-11 20:46:00,3.1305,3.1305,3.128,3.1295,3.1355,3.1355,3.133,3.1345,24
2026-06-11 20:47:00,3.1285,3.1305,3.1275,3.1275,3.1335,3.1355,3.1325,3.1325,7
2026-06-11 20:48:00,3.1285,3.1285,3.1255,3.1265,3.1335,3.1335,3.1305,3.1315,25
2026-06-11 20:49:00,3.1255,3.1255,3.1245,3.1245,3.1305,3.1305,3.1295,3.1295,11
2026-06-11 20:50:00,3.124,3.1255,3.1225,3.1245,3.129,3.1305,3.1275,3.1295,15
2026-06-11 20:51:00,3.1255,3.1255,3.1245,3.125,3.1305,3.1305,3.1295,3.13,30
2026-06-11 20:52:00,3.1255,3.1255,3.1235,3.1255,3.1305,3.1305,3.1285,3.1305,29
2026-06-11 20:53:00,3.1265,3.1265,3.1255,3.1255,3.1315,3.1315,3.1305,3.1305,2
2026-06-11 20:54:00,3.1245,3.1265,3.1245,3.1265,3.1295,3.1315,3.1295,3.1315,3
2026-06-11 20:55:00,3.127,3.127,3.1215,3.1235,3.132,3.132,3.1265,3.1285,31
2026-06-11 20:56:00,3.1225,3.1235,3.1215,3.1215,3.1275,3.1285,3.1265,3.1265,21
2026-06-11 20:57:00,3.1225,3.1225,3.1205,3.1205,3.1275,3.1275,3.1255,3.1255,5
2026-06-11 20:58:00,3.121,3.1225,3.121,3.1215,3.126,3.1275,3.126,3.1265,5
2026-06-11 21:00:00,3.1205,3.1215,3.1205,3.1205,3.1255,3.1265,3.1255,3.1255,14
2026-06-11 21:01:00,3.1215,3.1215,3.1195,3.1205,3.1265,3.1265,3.1245,3.1255,4
2026-06-11 21:02:00,3.1195,3.1205,3.1185,3.1185,3.1245,3.1255,3.1235,3.1235,7
2026-06-11 21:03:00,3.119,3.1195,3.1185,3.119,3.124,3.1245,3.1235,3.124,11
2026-06-11 21:04:00,3.1185,3.1195,3.1185,3.1185,3.1235,3.1245,3.1235,3.1235,3
2026-06-11 21:05:00,3.118,3.1195,3.1165,3.1175,3.123,3.1245,3.1215,3.1225,12
2026-06-11 21:06:00,3.1165,3.1185,3.1165,3.118,3.1215,3.1235,3.1215,3.123,12
2026-06-11 21:07:00,3.1175,3.1185,3.1175,3.1185,3.1225,3.1235,3.1225,3.1235,4
2026-06-11 21:08:00,3.118,3.1185,3.118,3.1185,3.123,3.1235,3.123,3.1235,2
2026-06-11 21:09:00,3.1175,3.1175,3.1155,3.1175,3.1225,3.1225,3.1205,3.1225,17
2026-06-11 21:10:00,3.1165,3.1165,3.1165,3.1165,3.1215,3.1215,3.1215,3.1215,1
2026-06-11 21:11:00,3.116,3.1165,3.1135,3.1155,3.121,3.1215,3.1185,3.1205,10
2026-06-11 21:12:00,3.115,3.115,3.1125,3.1135,3.12,3.12,3.1175,3.1185,53
2026-06-11 21:13:00,3.113,3.1135,3.1115,3.1125,3.118,3.1185,3.1165,3.1175,25
2026-06-11 21:14:00,3.112,3.1145,3.112,3.1145,3.117,3.1195,3.117,3.1195,10
2026-06-11 21:15:00,3.1135,3.1155,3.1135,3.1145,3.1185,3.1205,3.1185,3.1195,12
2026-06-11 21:16:00,3.1155,3.1155,3.1145,3.1145,3.1205,3.1205,3.1195,3.1195,2
2026-06-11 21:17:00,3.1135,3.1155,3.1135,3.1145,3.1185,3.1205,3.1185,3.1195,13
2026-06-11 21:18:00,3.1155,3.1165,3.1145,3.1155,3.1205,3.1215,3.1195,3.1205,10
2026-06-11 21:19:00,3.1145,3.1155,3.1135,3.1145,3.1195,3.1205,3.1185,3.1195,20
2026-06-11 21:20:00,3.114,3.1155,3.1135,3.1145,3.119,3.1205,3.1185,3.1195,13
2026-06-11 21:21:00,3.115,3.1155,3.1145,3.1145,3.12,3.1205,3.1195,3.1195,4
2026-06-11 21:22:00,3.1135,3.1145,3.1135,3.1145,3.1185,3.1195,3.1185,3.1195,5
2026-06-11 21:23:00,3.1135,3.1145,3.1135,3.1135,3.1185,3.1195,3.1185,3.1185,11
2026-06-11 21:24:00,3.1125,3.1145,3.1125,3.1145,3.1175,3.1195,3.1175,3.1195,3
2026-06-11 21:25:00,3.1135,3.1135,3.1135,3.1135,3.1185,3.1185,3.1185,3.1185,1
2026-06-11 21:26:00,3.1125,3.1135,3.1125,3.1135,3.1175,3.1185,3.1175,3.1185,4
2026-06-11 21:27:00,3.1125,3.1135,3.1125,3.1135,3.1175,3.1185,3.1175,3.1185,2
2026-06-11 21:29:00,3.1145,3.1145,3.1135,3.1145,3.1195,3.1195,3.1185,3.1195,5
2026-06-11 21:30:00,3.1155,3.1155,3.1115,3.1115,3.1205,3.1205,3.1165,3.1165,54
2026-06-11 21:31:00,3.1105,3.1125,3.1105,3.1125,3.1155,3.1175,3.1155,3.1175,27
2026-06-11 21:32:00,3.1115,3.1115,3.1105,3.1105,3.1165,3.1165,3.1155,3.1155,6
2026-06-11 21:33:00,3.1115,3.1115,3.1095,3.1095,3.1165,3.1165,3.1145,3.1145,20
2026-06-11 21:34:00,3.1105,3.1105,3.1095,3.1095,3.1155,3.1155,3.1145,3.1145,2
2026-06-11 21:35:00,3.1085,3.1095,3.1085,3.1085,3.1135,3.1145,3.1135,3.1135,20
2026-06-11 21:36:00,3.109,3.1105,3.1075,3.1085,3.114,3.1155,3.1125,3.1135,28
2026-06-11 21:37:00,3.1095,3.1095,3.1085,3.1085,3.1145,3.1145,3.1135,3.1135,17
2026-06-11 21:38:00,3.1075,3.1085,3.1075,3.1085,3.1125,3.1135,3.1125,3.1135,10
2026-06-11 21:39:00,3.1095,3.11,3.1095,3.1095,3.1145,3.115,3.1145,3.1145,3
2026-06-11 21:40:00,3.1085,3.1095,3.1075,3.1085,3.1135,3.1145,3.1125,3.1135,14
2026-06-11 21:41:00,3.1075,3.1085,3.1025,3.1025,3.1125,3.1135,3.1075,3.1075,20
2026-06-11 21:42:00,3.1035,3.1045,3.1025,3.103,3.1085,3.1095,3.1075,3.108,11
2026-06-11 21:43:00,3.1035,3.1035,3.1005,3.1015,3.1085,3.1085,3.1055,3.1065,9
2026-06-11 21:44:00,3.1025,3.1025,3.1015,3.1015,3.1075,3.1075,3.1065,3.1065,7
2026-06-11 21:45:00,3.1025,3.1025,3.1015,3.1015,3.1075,3.1075,3.1065,3.1065,7
2026-06-11 21:46:00,3.1005,3.1025,3.0985,3.102,3.1055,3.1075,3.1035,3.107,21
2026-06-11 21:47:00,3.1015,3.1025,3.1015,3.1015,3.1065,3.1075,3.1065,3.1065,19
2026-06-11 21:48:00,3.1025,3.1025,3.1015,3.1015,3.1075,3.1075,3.1065,3.1065,11
2026-06-11 21:49:00,3.1025,3.1025,3.1015,3.1025,3.1075,3.1075,3.1065,3.1075,6
2026-06-11 21:50:00,3.102,3.1035,3.1015,3.1035,3.107,3.1085,3.1065,3.1085,17
2026-06-11 21:51:00,3.104,3.1055,3.1035,3.1055,3.109,3.1105,3.1085,3.1105,16
2026-06-11 21:52:00,3.1045,3.1055,3.1045,3.1045,3.1095,3.1105,3.1095,3.1095,8
2026-06-11 21:53:00,3.1055,3.1055,3.1045,3.1055,3.1105,3.1105,3.1095,3.1105,13
2026-06-11 21:54:00,3.1045,3.1045,3.1025,3.1035,3.1095,3.1095,3.1075,3.1085,4
2026-06-11 21:55:00,3.1025,3.1035,3.1025,3.1035,3.1075,3.1085,3.1075,3.1085,4
2026-06-11 21:56:00,3.1045,3.1045,3.1035,3.1045,3.1095,3.1095,3.1085,3.1095,9
2026-06-11 21:57:00,3.104,3.1045,3.1035,3.1035,3.109,3.1095,3.1085,3.1085,11
2026-06-11 21:58:00,3.104,3.1065,3.104,3.1045,3.109,3.1115,3.109,3.1095,8
2026-06-11 21:59:00,3.1055,3.1055,3.1035,3.1035,3.1105,3.1105,3.1085,3.1085,12
2026-06-11 22:00:00,3.104,3.1045,3.1015,3.1015,3.109,3.1095,3.1065,3.1065,6
2026-06-11 22:01:00,3.1025,3.1035,3.1015,3.1025,3.1075,3.1085,3.1065,3.1075,12
2026-06-11 22:02:00,3.1035,3.1035,3.1015,3.102,3.1085,3.1085,3.1065,3.107,20
2026-06-11 22:03:00,3.1015,3.1015,3.1015,3.1015,3.1065,3.1065,3.1065,3.1065,1
2026-06-11 22:04:00,3.102,3.1025,3.102,3.1025,3.107,3.1075,3.107,3.1075,2
2026-06-11 22:05:00,3.1035,3.1035,3.1015,3.103,3.1085,3.1085,3.1065,3.108,9
2026-06-11 22:06:00,3.1025,3.1025,3.1015,3.1015,3.1075,3.1075,3.1065,3.1065,2
2026-06-11 22:07:00,3.1005,3.1005,3.0965,3.0965,3.1055,3.1055,3.1015,3.1015,9
2026-06-11 22:08:00,3.0955,3.0965,3.0955,3.0965,3.1005,3.1015,3.1005,3.1015,29
2026-06-11 22:09:00,3.096,3.0965,3.096,3.096,3.101,3.1015,3.101,3.101,21
2026-06-11 22:10:00,3.0965,3.0975,3.0955,3.0975,3.1015,3.1025,3.1005,3.1025,19
2026-06-11 22:11:00,3.0985,3.1005,3.0985,3.0995,3.1035,3.1055,3.1035,3.1045,23
2026-06-11 22:12:00,3.1,3.1005,3.0985,3.0985,3.105,3.1055,3.1035,3.1035,9
2026-06-11 22:13:00,3.099,3.1,3.0985,3.0995,3.104,3.105,3.1035,3.1045,5
2026-06-11 22:14:00,3.1005,3.1025,3.1005,3.1015,3.1055,3.1075,3.1055,3.1065,4
2026-06-11 22:15:00,3.102,3.1025,3.102,3.1025,3.107,3.1075,3.107,3.1075,2
2026-06-11 22:19:00,3.1035,3.1035,3.1015,3.1015,3.1085,3.1085,3.1065,3.1065,3
2026-06-11 22:20:00,3.1005,3.1015,3.1005,3.1015,3.1055,3.1065,3.1055,3.1065,6
2026-06-11 22:22:00,3.1025,3.1045,3.1025,3.1045,3.1075,3.1095,3.1075,3.1095,6
2026-06-11 22:24:00,3.1035,3.1035,3.1025,3.1025,3.1085,3.1085,3.1075,3.1075,4
2026-06-11 22:25:00,3.1035,3.1035,3.1035,3.1035,3.1085,3.1085,3.1085,3.1085,1
2026-06-11 22:26:00,3.1045,3.1055,3.1025,3.1045,3.1095,3.1105,3.1075,3.1095,13
2026-06-11 22:27:00,3.1055,3.1055,3.1045,3.1045,3.1105,3.1105,3.1095,3.1095,3
2026-06-11 22:29:00,3.104,3.104,3.1025,3.103,3.109,3.109,3.1075,3.108,6
2026-06-11 22:30:00,3.1025,3.1035,3.1025,3.1035,3.1075,3.1085,3.1075,3.1085,4
2026-06-11 22:31:00,3.103,3.1035,3.1025,3.1025,3.108,3.1085,3.1075,3.1075,8
2026-06-11 22:32:00,3.1035,3.1035,3.103,3.1035,3.1085,3.1085,3.108,3.1085,3
2026-06-11 22:33:00,3.1045,3.1045,3.1045,3.1045,3.1095,3.1095,3.1095,3.1095,1
2026-06-11 22:35:00,3.1055,3.1075,3.1045,3.1055,3.1105,3.1125,3.1095,3.1105,11
2026-06-11 22:36:00,3.1065,3.1065,3.1045,3.1055,3.1115,3.1115,3.1095,3.1105,7
2026-06-11 22:37:00,3.1065,3.1075,3.1055,3.1065,3.1115,3.1125,3.1105,3.1115,7
2026-06-11 22:38:00,3.107,3.1075,3.1065,3.1075,3.112,3.1125,3.1115,3.1125,4
2026-06-11 22:39:00,3.1065,3.1065,3.1045,3.106,3.1115,3.1115,3.1095,3.111,7
2026-06-11 22:40:00,3.1055,3.1075,3.1055,3.1065,3.1105,3.1125,3.1105,3.1115,37
2026-06-11 22:42:00,3.1075,3.1075,3.1065,3.1065,3.1125,3.1125,3.1115,3.1115,2
2026-06-11 22:44:00,3.1075,3.1085,3.1075,3.108,3.1125,3.1135,3.1125,3.113,10
2026-06-11 22:45:00,3.1085,3.1095,3.1085,3.1095,3.1135,3.1145,3.1135,3.1145,2
2026-06-11 22:46:00,3.1105,3.1105,3.1095,3.1095,3.1155,3.1155,3.1145,3.1145,4
2026-06-11 22:47:00,3.1105,3.1105,3.1095,3.1095,3.1155,3.1155,3.1145,3.1145,2
2026-06-11 22:50:00,3.1085,3.1105,3.1085,3.1105,3.1135,3.1155,3.1135,3.1155,9
2026-06-11 22:52:00,3.1095,3.1135,3.1095,3.11,3.1145,3.1185,3.1145,3.115,22
2026-06-11 22:53:00,3.1105,3.1115,3.1095,3.1115,3.1155,3.1165,3.1145,3.1165,4
2026-06-11 22:54:00,3.1125,3.1135,3.1115,3.1125,3.1175,3.1185,3.1165,3.1175,13
2026-06-11 22:55:00,3.113,3.1135,3.113,3.113,3.118,3.1185,3.118,3.118,5
2026-06-11 22:56:00,3.1135,3.1135,3.113,3.113,3.1185,3.1185,3.118,3.118,2
2026-06-11 22:57:00,3.1135,3.1175,3.1135,3.1165,3.1185,3.1225,3.1185,3.1215,12
2026-06-11 22:58:00,3.1155,3.1175,3.115,3.115,3.1205,3.1225,3.12,3.12,13
2026-06-11 22:59:00,3.1155,3.119,3.1145,3.117,3.1205,3.122,3.1195,3.122,31
2026-06-12 00:00:00,3.118,3.118,3.1165,3.1165,3.123,3.123,3.1215,3.1215,7
2026-06-12 00:01:00,3.1155,3.1155,3.1135,3.1135,3.1205,3.1205,3.1185,3.1185,5
2026-06-12 00:02:00,3.112,3.112,3.112,3.112,3.117,3.117,3.117,3.117,1
2026-06-12 00:03:00,3.113,3.114,3.112,3.112,3.118,3.119,3.117,3.117,5
2026-06-12 00:04:00,3.1125,3.1125,3.1115,3.1115,3.1175,3.1175,3.1165,3.1165,3
2026-06-12 00:05:00,3.111,3.112,3.1075,3.1085,3.116,3.117,3.1125,3.1135,9
2026-06-12 00:06:00,3.109,3.109,3.109,3.109,3.114,3.114,3.114,3.114,1
2026-06-12 00:07:00,3.108,3.1085,3.108,3.1085,3.113,3.1135,3.113,3.1135,2
2026-06-12 00:08:00,3.109,3.109,3.1065,3.1065,3.114,3.114,3.1115,3.1115,6
2026-06-12 00:09:00,3.107,3.108,3.107,3.108,3.112,3.113,3.112,3.113,3
2026-06-12 00:10:00,3.109,3.109,3.109,3.109,3.114,3.114,3.114,3.114,1
2026-06-12 00:13:00,3.1095,3.11,3.1095,3.11,3.1145,3.115,3.1145,3.115,2
2026-06-12 00:14:00,3.1095,3.11,3.1095,3.1095,3.1145,3.115,3.1145,3.1145,3
2026-06-12 00:18:00,3.11,3.11,3.11,3.11,3.115,3.115,3.115,3.115,1
2026-06-12 00:22:00,3.109,3.109,3.108,3.108,3.114,3.114,3.113,3.113,3
2026-06-12 00:25:00,3.1085,3.1095,3.1085,3.1095,3.1135,3.1145,3.1135,3.1145,3
2026-06-12 00:30:00,3.11,3.11,3.1095,3.1095,3.115,3.115,3.1145,3.1145,2
2026-06-12 00:31:00,3.1085,3.109,3.1085,3.1085,3.1135,3.114,3.1135,3.1135,3
2026-06-12 00:32:00,3.109,3.109,3.107,3.1075,3.114,3.114,3.112,3.1125,5
2026-06-12 00:33:00,3.107,3.1075,3.107,3.1075,3.112,3.1125,3.112,3.1125,2
2026-06-12 00:34:00,3.107,3.108,3.107,3.1075,3.112,3.113,3.112,3.1125,3
2026-06-12 00:36:00,3.107,3.107,3.107,3.107,3.112,3.112,3.112,3.112,1
2026-06-12 00:37:00,3.1075,3.108,3.1075,3.108,3.1125,3.113,3.1125,3.113,2
2026-06-12 00:38:00,3.1085,3.1085,3.108,3.1085,3.1135,3.1135,3.113,3.1135,5
2026-06-12 00:39:00,3.1095,3.11,3.1095,3.11,3.1145,3.115,3.1145,3.115,2
2026-06-12 00:40:00,3.1105,3.1105,3.11,3.1105,3.1155,3.1155,3.115,3.1155,3
2026-06-12 00:41:00,3.11,3.1105,3.11,3.1105,3.115,3.1155,3.115,3.1155,2
2026-06-12 00:42:00,3.11,3.11,3.1085,3.1085,3.115,3.115,3.1135,3.1135,3
2026-06-12 00:44:00,3.11,3.113,3.11,3.113,3.115,3.118,3.115,3.118,4
2026-06-12 00:45:00,3.114,3.115,3.114,3.115,3.119,3.12,3.119,3.12,2
2026-06-12 00:46:00,3.116,3.118,3.116,3.117,3.121,3.123,3.121,3.122,7
2026-06-12 00:47:00,3.116,3.1165,3.1155,3.1155,3.121,3.1215,3.1205,3.1205,3
2026-06-12 00:48:00,3.115,3.115,3.1135,3.1135,3.12,3.12,3.1185,3.1185,3
2026-06-12 00:53:00,3.114,3.114,3.114,3.114,3.119,3.119,3.119,3.119,1
2026-06-12 00:55:00,3.1135,3.1135,3.1135,3.1135,3.1185,3.1185,3.1185,3.1185,1
2026-06-12 00:59:00,3.113,3.113,3.113,3.113,3.118,3.118,3.118,3.118,1
2026-06-12 01:00:00,3.1135,3.1135,3.1135,3.1135,3.1185,3.1185,3.1185,3.1185,1
2026-06-12 01:03:00,3.115,3.115,3.1145,3.1145,3.12,3.12,3.1195,3.1195,2
2026-06-12 01:07:00,3.114,3.114,3.114,3.114,3.119,3.119,3.119,3.119,1
2026-06-12 01:16:00,3.1145,3.115,3.114,3.114,3.1195,3.12,3.119,3.119,3
2026-06-12 01:18:00,3.1135,3.1135,3.1135,3.1135,3.1185,3.1185,3.1185,3.1185,1
2026-06-12 01:19:00,3.113,3.113,3.113,3.113,3.118,3.118,3.118,3.118,1
2026-06-12 01:20:00,3.11,3.1105,3.109,3.11,3.115,3.1155,3.114,3.115,6
2026-06-12 01:21:00,3.1105,3.111,3.1105,3.111,3.1155,3.116,3.1155,3.116,2
2026-06-12 01:23:00,3.11,3.11,3.11,3.11,3.115,3.115,3.115,3.115,1
2026-06-12 01:27:00,3.1105,3.111,3.11,3.11,3.1155,3.116,3.115,3.115,3
2026-06-12 01:29:00,3.1095,3.1095,3.1095,3.1095,3.1145,3.1145,3.1145,3.1145,1
2026-06-12 01:30:00,3.11,3.1105,3.11,3.1105,3.115,3.1155,3.115,3.1155,2
2026-06-12 01:31:00,3.111,3.111,3.111,3.111,3.116,3.116,3.116,3.116,1
2026-06-12 01:35:00,3.1115,3.1115,3.1115,3.1115,3.1165,3.1165,3.1165,3.1165,1
2026-06-12 01:36:00,3.112,3.112,3.111,3.111,3.117,3.117,3.116,3.116,2
2026-06-12 01:39:00,3.11,3.11,3.11,3.11,3.115,3.115,3.115,3.115,1
2026-06-12 01:40:00,3.1105,3.111,3.1105,3.111,3.1155,3.116,3.1155,3.116,2
2026-06-12 01:44:00,3.114,3.114,3.1135,3.1135,3.119,3.119,3.1185,3.1185,2
2026-06-12 01:49:00,3.113,3.113,3.1115,3.1115,3.118,3.118,3.1165,3.1165,3
2026-06-12 01:50:00,3.111,3.111,3.1095,3.1095,3.116,3.116,3.1145,3.1145,3
2026-06-12 01:51:00,3.109,3.109,3.1065,3.1065,3.114,3.114,3.1115,3.1115,7
2026-06-12 01:53:00,3.107,3.107,3.106,3.1065,3.112,3.112,3.111,3.1115,5
2026-06-12 01:55:00,3.107,3.109,3.107,3.1075,3.112,3.114,3.112,3.1125,7
2026-06-12 01:57:00,3.108,3.111,3.1075,3.111,3.113,3.116,3.1125,3.116,6
2026-06-12 01:58:00,3.112,3.112,3.112,3.112,3.117,3.117,3.117,3.117,1
2026-06-12 01:59:00,3.111,3.111,3.1095,3.1095,3.116,3.116,3.1145,3.1145,3
2026-06-12 02:00:00,3.11,3.11,3.1095,3.11,3.115,3.115,3.1145,3.115,3
2026-06-12 02:01:00,3.111,3.114,3.11,3.11,3.116,3.119,3.115,3.115,13
2026-06-12 02:02:00,3.111,3.112,3.111,3.112,3.116,3.117,3.116,3.117,3
2026-06-12 02:03:00,3.1125,3.115,3.112,3.114,3.1175,3.12,3.117,3.119,8
2026-06-12 02:05:00,3.1135,3.1135,3.1075,3.108,3.1185,3.1185,3.1125,3.113,8
2026-06-12 02:06:00,3.109,3.11,3.1075,3.1075,3.114,3.115,3.1125,3.1125,9
2026-06-12 02:07:00,3.107,3.107,3.106,3.106,3.112,3.112,3.111,3.111,2
2026-06-12 02:08:00,3.105,3.106,3.105,3.1055,3.11,3.111,3.11,3.1105,3
2026-06-12 02:09:00,3.105,3.106,3.105,3.1055,3.11,3.111,3.11,3.1105,5
2026-06-12 02:10:00,3.106,3.108,3.106,3.107,3.111,3.113,3.111,3.112,5
2026-06-12 02:11:00,3.1065,3.1065,3.1055,3.106,3.1115,3.1115,3.1105,3.111,7
2026-06-12 02:12:00,3.1065,3.107,3.106,3.106,3.1115,3.112,3.111,3.111,4
2026-06-12 02:13:00,3.1055,3.1055,3.1055,3.1055,3.1105,3.1105,3.1105,3.1105,1
2026-06-12 02:14:00,3.105,3.105,3.105,3.105,3.11,3.11,3.11,3.11,1
2026-06-12 02:15:00,3.1055,3.107,3.1055,3.107,3.1105,3.112,3.1105,3.112,6
2026-06-12 02:18:00,3.1065,3.1065,3.106,3.106,3.1115,3.1115,3.111,3.111,2
2026-06-12 02:19:00,3.107,3.107,3.1055,3.1055,3.112,3.112,3.1105,3.1105,4
2026-06-12 02:20:00,3.105,3.105,3.105,3.105,3.11,3.11,3.11,3.11,1
2026-06-12 02:24:00,3.106,3.106,3.106,3.106,3.111,3.111,3.111,3.111,1
2026-06-12 02:25:00,3.107,3.108,3.107,3.107,3.112,3.113,3.112,3.112,3
2026-06-12 02:27:00,3.106,3.107,3.106,3.107,3.111,3.112,3.111,3.112,2
2026-06-12 02:28:00,3.108,3.108,3.107,3.107,3.113,3.113,3.112,3.112,2
2026-06-12 02:29:00,3.1065,3.1065,3.106,3.106,3.1115,3.1115,3.111,3.111,2
2026-06-12 02:32:00,3.1065,3.107,3.105,3.105,3.1115,3.112,3.11,3.11,8
2026-06-12 02:33:00,3.1055,3.106,3.1055,3.106,3.1105,3.111,3.1105,3.111,2
2026-06-12 02:37:00,3.107,3.107,3.106,3.106,3.112,3.112,3.111,3.111,2
2026-06-12 02:38:00,3.1055,3.1055,3.1055,3.1055,3.1105,3.1105,3.1105,3.1105,1
2026-06-12 02:39:00,3.106,3.106,3.105,3.106,3.111,3.111,3.11,3.111,3
2026-06-12 02:40:00,3.1055,3.106,3.1055,3.1055,3.1105,3.111,3.1105,3.1105,3
2026-06-12 02:41:00,3.106,3.106,3.1055,3.1055,3.111,3.111,3.1105,3.1105,2
2026-06-12 02:42:00,3.106,3.106,3.1055,3.1055,3.111,3.111,3.1105,3.1105,2
2026-06-12 02:44:00,3.106,3.106,3.106,3.106,3.111,3.111,3.111,3.111,1
2026-06-12 02:45:00,3.105,3.108,3.1045,3.107,3.11,3.113,3.1095,3.112,8
2026-06-12 02:46:00,3.1065,3.1065,3.1065,3.1065,3.1115,3.1115,3.1115,3.1115,1
2026-06-12 02:47:00,3.106,3.106,3.106,3.106,3.111,3.111,3.111,3.111,1
2026-06-12 02:48:00,3.107,3.108,3.107,3.1075,3.112,3.113,3.112,3.1125,3
2026-06-12 02:50:00,3.107,3.107,3.1055,3.1055,3.112,3.112,3.1105,3.1105,3
2026-06-12 02:51:00,3.106,3.108,3.106,3.108,3.111,3.113,3.111,3.113,3
2026-06-12 02:52:00,3.1085,3.1095,3.108,3.108,3.1135,3.1145,3.113,3.113,4
2026-06-12 02:55:00,3.1075,3.108,3.1075,3.108,3.1125,3.113,3.1125,3.113,2
2026-06-12 02:56:00,3.107,3.107,3.107,3.107,3.112,3.112,3.112,3.112,1
2026-06-12 02:57:00,3.108,3.109,3.108,3.108,3.113,3.114,3.113,3.113,3
2026-06-12 02:58:00,3.107,3.1075,3.107,3.1075,3.112,3.1125,3.112,3.1125,2
2026-06-12 03:00:00,3.108,3.109,3.108,3.109,3.113,3.114,3.113,3.114,6
2026-06-12 03:01:00,3.108,3.108,3.104,3.106,3.113,3.113,3.109,3.111,18
2026-06-12 03:02:00,3.1055,3.106,3.105,3.105,3.1105,3.111,3.11,3.11,6
2026-06-12 03:03:00,3.104,3.105,3.104,3.105,3.109,3.11,3.109,3.11,6
2026-06-12 03:04:00,3.1045,3.105,3.104,3.104,3.1095,3.11,3.109,3.109,5
2026-06-12 03:05:00,3.1045,3.105,3.1045,3.105,3.1095,3.11,3.1095,3.11,2
2026-06-12 03:06:00,3.106,3.106,3.106,3.106,3.111,3.111,3.111,3.111,1
2026-06-12 03:07:00,3.105,3.106,3.105,3.106,3.11,3.111,3.11,3.111,2
2026-06-12 03:08:00,3.1055,3.1055,3.1055,3.1055,3.1105,3.1105,3.1105,3.1105,1
2026-06-12 03:09:00,3.105,3.1055,3.105,3.105,3.11,3.1105,3.11,3.11,3
2026-06-12 03:10:00,3.1045,3.105,3.1045,3.105,3.1095,3.11,3.1095,3.11,4
2026-06-12 03:11:00,3.1055,3.106,3.104,3.1045,3.1105,3.111,3.109,3.1095,7
2026-06-12 03:12:00,3.105,3.1055,3.105,3.105,3.11,3.1105,3.11,3.11,3
2026-06-12 03:14:00,3.1055,3.1055,3.105,3.105,3.1105,3.1105,3.11,3.11,2
2026-06-12 03:15:00,3.106,3.106,3.106,3.106,3.111,3.111,3.111,3.111,1
2026-06-12 03:17:00,3.107,3.107,3.106,3.106,3.112,3.112,3.111,3.111,2
2026-06-12 03:18:00,3.105,3.105,3.105,3.105,3.11,3.11,3.11,3.11,1
2026-06-12 03:19:00,3.106,3.106,3.1055,3.1055,3.111,3.111,3.1105,3.1105,2
2026-06-12 03:20:00,3.106,3.106,3.106,3.106,3.111,3.111,3.111,3.111,1
2026-06-12 03:21:00,3.1055,3.106,3.1055,3.106,3.1105,3.111,3.1105,3.111,4
2026-06-12 03:23:00,3.1055,3.1055,3.1055,3.1055,3.1105,3.1105,3.1105,3.1105,1
2026-06-12 03:24:00,3.106,3.106,3.1055,3.106,3.111,3.111,3.1105,3.111,5
2026-06-12 03:26:00,3.1055,3.1055,3.1055,3.1055,3.1105,3.1105,3.1105,3.1105,1
2026-06-12 03:28:00,3.106,3.106,3.106,3.106,3.111,3.111,3.111,3.111,1
2026-06-12 03:29:00,3.105,3.1055,3.105,3.1055,3.11,3.1105,3.11,3.1105,2
2026-06-12 03:30:00,3.105,3.105,3.104,3.105,3.11,3.11,3.109,3.11,3
2026-06-12 03:31:00,3.1045,3.1045,3.1045,3.1045,3.1095,3.1095,3.1095,3.1095,1
2026-06-12 03:32:00,3.104,3.104,3.104,3.104,3.109,3.109,3.109,3.109,1
2026-06-12 03:34:00,3.105,3.105,3.1045,3.1045,3.11,3.11,3.1095,3.1095,2
2026-06-12 03:36:00,3.105,3.105,3.105,3.105,3.11,3.11,3.11,3.11,1
2026-06-12 03:38:00,3.1045,3.1045,3.1035,3.104,3.1095,3.1095,3.1085,3.109,6
2026-06-12 03:39:00,3.1035,3.1035,3.103,3.1035,3.1085,3.1085,3.108,3.1085,3
2026-06-12 03:40:00,3.104,3.105,3.104,3.1045,3.109,3.11,3.109,3.1095,3
2026-06-12 03:41:00,3.104,3.104,3.1035,3.1035,3.109,3.109,3.1085,3.1085,2
2026-06-12 03:42:00,3.103,3.104,3.103,3.104,3.108,3.109,3.108,3.109,2
2026-06-12 03:45:00,3.1045,3.1045,3.1045,3.1045,3.1095,3.1095,3.1095,3.1095,1
2026-06-12 03:46:00,3.104,3.104,3.104,3.104,3.109,3.109,3.109,3.109,1
2026-06-12 03:47:00,3.103,3.107,3.103,3.105,3.108,3.112,3.108,3.11,11
2026-06-12 03:48:00,3.1055,3.1055,3.1055,3.1055,3.1105,3.1105,3.1105,3.1105,1
2026-06-12 03:50:00,3.105,3.105,3.1045,3.1045,3.11,3.11,3.1095,3.1095,2
2026-06-12 03:51:00,3.105,3.106,3.105,3.105,3.11,3.111,3.11,3.11,4
2026-06-12 03:52:00,3.1055,3.106,3.105,3.105,3.1105,3.111,3.11,3.11,3
2026-06-12 03:53:00,3.1055,3.106,3.1055,3.106,3.1105,3.111,3.1105,3.111,2
2026-06-12 03:54:00,3.1055,3.106,3.1055,3.106,3.1105,3.111,3.1105,3.111,2
2026-06-12 03:56:00,3.1055,3.1055,3.1055,3.1055,3.1105,3.1105,3.1105,3.1105,1
2026-06-12 03:57:00,3.105,3.105,3.105,3.105,3.11,3.11,3.11,3.11,1
2026-06-12 04:00:00,3.1055,3.1055,3.1055,3.1055,3.1105,3.1105,3.1105,3.1105,1
2026-06-12 04:01:00,3.106,3.106,3.106,3.106,3.111,3.111,3.111,3.111,1
2026-06-12 04:10:00,3.105,3.106,3.105,3.106,3.11,3.111,3.11,3.111,3
2026-06-12 04:15:00,3.1065,3.1075,3.1065,3.107,3.1115,3.1125,3.1115,3.112,3
2026-06-12 04:21:00,3.106,3.106,3.106,3.106,3.111,3.111,3.111,3.111,1
2026-06-12 04:22:00,3.107,3.107,3.107,3.107,3.112,3.112,3.112,3.112,1
2026-06-12 04:30:00,3.108,3.109,3.106,3.107,3.113,3.114,3.111,3.112,11
2026-06-12 04:31:00,3.1065,3.1065,3.106,3.1065,3.1115,3.1115,3.111,3.1115,3
2026-06-12 04:32:00,3.107,3.108,3.107,3.108,3.112,3.113,3.112,3.113,3
2026-06-12 04:34:00,3.1075,3.108,3.1075,3.108,3.1125,3.113,3.1125,3.113,2
2026-06-12 04:37:00,3.107,3.107,3.107,3.107,3.112,3.112,3.112,3.112,1
2026-06-12 04:46:00,3.106,3.106,3.106,3.106,3.111,3.111,3.111,3.111,1
2026-06-12 04:48:00,3.105,3.105,3.104,3.1045,3.11,3.11,3.109,3.1095,4
2026-06-12 04:49:00,3.104,3.104,3.104,3.104,3.109,3.109,3.109,3.109,1
2026-06-12 04:50:00,3.1035,3.104,3.1035,3.1035,3.1085,3.109,3.1085,3.1085,3
2026-06-12 04:52:00,3.104,3.104,3.104,3.104,3.109,3.109,3.109,3.109,1
2026-06-12 04:55:00,3.1045,3.105,3.1045,3.105,3.1095,3.11,3.1095,3.11,2
2026-06-12 04:56:00,3.104,3.104,3.104,3.104,3.109,3.109,3.109,3.109,1
2026-06-12 04:58:00,3.105,3.105,3.105,3.105,3.11,3.11,3.11,3.11,1
2026-06-12 05:00:00,3.106,3.106,3.1055,3.106,3.111,3.111,3.1105,3.111,3
2026-06-12 05:02:00,3.107,3.107,3.106,3.106,3.112,3.112,3.111,3.111,3
2026-06-12 05:03:00,3.107,3.107,3.106,3.106,3.112,3.112,3.111,3.111,3
2026-06-12 05:07:00,3.105,3.106,3.105,3.106,3.11,3.111,3.11,3.111,2
2026-06-12 05:08:00,3.107,3.107,3.106,3.106,3.112,3.112,3.111,3.111,2
2026-06-12 05:09:00,3.1055,3.106,3.105,3.105,3.1105,3.111,3.11,3.11,3
2026-06-12 05:13:00,3.104,3.105,3.104,3.105,3.109,3.11,3.109,3.11,2
2026-06-12 05:16:00,3.1045,3.1045,3.1045,3.1045,3.1095,3.1095,3.1095,3.1095,1
2026-06-12 05:17:00,3.105,3.106,3.105,3.1055,3.11,3.111,3.11,3.1105,3
2026-06-12 05:19:00,3.106,3.106,3.1055,3.1055,3.111,3.111,3.1105,3.1105,2
2026-06-12 05:20:00,3.105,3.105,3.105,3.105,3.11,3.11,3.11,3.11,1
2026-06-12 05:22:00,3.106,3.109,3.1055,3.108,3.111,3.114,3.1105,3.113,7
2026-06-12 05:23:00,3.109,3.109,3.108,3.108,3.114,3.114,3.113,3.113,3
2026-06-12 05:25:00,3.1085,3.1085,3.1085,3.1085,3.1135,3.1135,3.1135,3.1135,1
2026-06-12 05:26:00,3.108,3.108,3.108,3.108,3.113,3.113,3.113,3.113,1
2026-06-12 05:29:00,3.1075,3.108,3.107,3.107,3.1125,3.113,3.112,3.112,3
2026-06-12 05:30:00,3.1075,3.1075,3.106,3.106,3.1125,3.1125,3.111,3.111,6
2026-06-12 05:31:00,3.105,3.105,3.104,3.104,3.11,3.11,3.109,3.109,3
2026-06-12 05:32:00,3.105,3.105,3.104,3.1045,3.11,3.11,3.109,3.1095,4
2026-06-12 05:33:00,3.104,3.105,3.104,3.105,3.109,3.11,3.109,3.11,3
2026-06-12 05:34:00,3.1055,3.1055,3.105,3.105,3.1105,3.1105,3.11,3.11,2
2026-06-12 05:35:00,3.1055,3.1055,3.1055,3.1055,3.1105,3.1105,3.1105,3.1105,1
2026-06-12 05:36:00,3.106,3.106,3.105,3.105,3.111,3.111,3.11,3.11,3
2026-06-12 05:38:00,3.104,3.104,3.104,3.104,3.109,3.109,3.109,3.109,1
2026-06-12 05:39:00,3.1045,3.105,3.1045,3.105,3.1095,3.11,3.1095,3.11,2
2026-06-12 05:41:00,3.104,3.104,3.104,3.104,3.109,3.109,3.109,3.109,1
2026-06-12 05:45:00,3.103,3.103,3.102,3.102,3.108,3.108,3.107,3.107,5
2026-06-12 05:46:00,3.1025,3.103,3.1025,3.103,3.1075,3.108,3.1075,3.108,2
2026-06-12 05:49:00,3.102,3.102,3.102,3.102,3.107,3.107,3.107,3.107,1
2026-06-12 05:50:00,3.1025,3.1025,3.102,3.102,3.1075,3.1075,3.107,3.107,2
2026-06-12 05:52:00,3.101,3.101,3.101,3.101,3.106,3.106,3.106,3.106,1
2026-06-12 05:55:00,3.1015,3.102,3.1015,3.102,3.1065,3.107,3.1065,3.107,2
2026-06-12 05:57:00,3.101,3.1015,3.101,3.101,3.106,3.1065,3.106,3.106,3
2026-06-12 05:59:00,3.1015,3.1015,3.101,3.101,3.1065,3.1065,3.106,3.106,2
2026-06-12 06:00:00,3.1,3.1,3.098,3.098,3.105,3.105,3.103,3.103,3
2026-06-12 06:01:00,3.099,3.099,3.098,3.098,3.104,3.104,3.103,3.103,10
2026-06-12 06:02:00,3.0985,3.099,3.098,3.099,3.1035,3.104,3.103,3.104,5
2026-06-12 06:04:00,3.0995,3.0995,3.099,3.099,3.1045,3.1045,3.104,3.104,4
2026-06-12 06:05:00,3.1,3.1,3.099,3.1,3.105,3.105,3.104,3.105,6
2026-06-12 06:08:00,3.101,3.101,3.1,3.1,3.106,3.106,3.105,3.105,2
2026-06-12 06:09:00,3.1005,3.101,3.1,3.1,3.1055,3.106,3.105,3.105,3
2026-06-12 06:10:00,3.1005,3.101,3.1,3.101,3.1055,3.106,3.105,3.106,4
2026-06-12 06:11:00,3.1,3.1,3.1,3.1,3.105,3.105,3.105,3.105,1
2026-06-12 06:15:00,3.101,3.104,3.101,3.103,3.106,3.109,3.106,3.108,7
2026-06-12 06:16:00,3.104,3.106,3.104,3.106,3.109,3.111,3.109,3.111,4
2026-06-12 06:17:00,3.1065,3.1065,3.106,3.106,3.1115,3.1115,3.111,3.111,2
2026-06-12 06:19:00,3.105,3.106,3.105,3.106,3.11,3.111,3.11,3.111,4
2026-06-12 06:20:00,3.107,3.108,3.106,3.106,3.112,3.113,3.111,3.111,7
2026-06-12 06:21:00,3.105,3.106,3.105,3.106,3.11,3.111,3.11,3.111,4
2026-06-12 06:24:00,3.107,3.108,3.107,3.107,3.112,3.113,3.112,3.112,3
2026-06-12 06:25:00,3.106,3.107,3.106,3.107,3.111,3.112,3.111,3.112,3
2026-06-12 06:27:00,3.106,3.106,3.106,3.106,3.111,3.111,3.111,3.111,1
2026-06-12 06:28:00,3.107,3.107,3.105,3.1055,3.112,3.112,3.11,3.1105,5
2026-06-12 06:29:00,3.105,3.1055,3.104,3.105,3.11,3.1105,3.109,3.11,5
2026-06-12 06:31:00,3.104,3.105,3.104,3.1045,3.109,3.11,3.109,3.1095,6
2026-06-12 06:32:00,3.104,3.104,3.103,3.1035,3.109,3.109,3.108,3.1085,5
2026-06-12 06:33:00,3.104,3.104,3.104,3.104,3.109,3.109,3.109,3.109,1
2026-06-12 06:34:00,3.105,3.1055,3.1045,3.1055,3.11,3.1105,3.1095,3.1105,4
2026-06-12 06:35:00,3.106,3.106,3.106,3.106,3.111,3.111,3.111,3.111,1
2026-06-12 06:36:00,3.1055,3.107,3.105,3.106,3.1105,3.112,3.11,3.111,8
2026-06-12 06:37:00,3.1065,3.1065,3.106,3.106,3.1115,3.1115,3.111,3.111,2
2026-06-12 06:43:00,3.1065,3.1065,3.1065,3.1065,3.1115,3.1115,3.1115,3.1115,1
2026-06-12 06:44:00,3.106,3.106,3.105,3.106,3.111,3.111,3.11,3.111,5
2026-06-12 06:46:00,3.1065,3.108,3.106,3.107,3.1115,3.113,3.111,3.112,7
2026-06-12 06:47:00,3.1075,3.1085,3.107,3.1085,3.1125,3.1135,3.112,3.1135,8
2026-06-12 06:48:00,3.108,3.1085,3.108,3.1085,3.113,3.1135,3.113,3.1135,2
2026-06-12 06:49:00,3.109,3.111,3.109,3.1095,3.114,3.116,3.114,3.1145,14
2026-06-12 06:50:00,3.11,3.112,3.11,3.112,3.115,3.117,3.115,3.117,4
2026-06-12 06:54:00,3.111,3.111,3.111,3.111,3.116,3.116,3.116,3.116,1
2026-06-12 06:55:00,3.1105,3.111,3.1095,3.1095,3.1155,3.116,3.1145,3.1145,7
2026-06-12 06:56:00,3.11,3.11,3.109,3.109,3.115,3.115,3.114,3.114,2
2026-06-12 06:59:00,3.108,3.11,3.108,3.1095,3.113,3.115,3.113,3.1145,5
2026-06-12 07:00:00,3.109,3.11,3.108,3.11,3.114,3.115,3.113,3.115,6
2026-06-12 07:01:00,3.111,3.115,3.111,3.115,3.116,3.12,3.116,3.12,6
2026-06-12 07:02:00,3.1145,3.119,3.1145,3.119,3.1195,3.124,3.1195,3.124,14
2026-06-12 07:03:00,3.118,3.119,3.118,3.119,3.123,3.124,3.123,3.124,2
2026-06-12 07:04:00,3.118,3.119,3.117,3.118,3.123,3.124,3.122,3.123,12
2026-06-12 07:05:00,3.117,3.118,3.1165,3.118,3.122,3.123,3.1215,3.123,5
2026-06-12 07:09:00,3.1175,3.118,3.1165,3.118,3.1225,3.123,3.1215,3.123,4
2026-06-12 07:10:00,3.117,3.119,3.117,3.119,3.122,3.124,3.122,3.124,8
2026-06-12 07:11:00,3.12,3.121,3.118,3.118,3.125,3.126,3.123,3.123,11
2026-06-12 07:12:00,3.117,3.1175,3.114,3.115,3.122,3.1225,3.119,3.12,9
2026-06-12 07:14:00,3.116,3.1165,3.115,3.1165,3.121,3.1215,3.12,3.1215,5
2026-06-12 07:15:00,3.116,3.116,3.116,3.116,3.121,3.121,3.121,3.121,1
2026-06-12 07:16:00,3.115,3.116,3.115,3.1155,3.12,3.121,3.12,3.1205,7
2026-06-12 07:17:00,3.116,3.117,3.116,3.117,3.121,3.122,3.121,3.122,2
2026-06-12 07:18:00,3.118,3.118,3.117,3.1175,3.123,3.123,3.122,3.1225,3
2026-06-12 07:19:00,3.117,3.117,3.116,3.116,3.122,3.122,3.121,3.121,2
2026-06-12 07:20:00,3.1165,3.1165,3.1165,3.1165,3.1215,3.1215,3.1215,3.1215,1
2026-06-12 07:21:00,3.116,3.116,3.116,3.116,3.121,3.121,3.121,3.121,1
2026-06-12 07:22:00,3.115,3.115,3.114,3.115,3.12,3.12,3.119,3.12,4
2026-06-12 07:23:00,3.116,3.116,3.115,3.115,3.121,3.121,3.12,3.12,2
2026-06-12 07:24:00,3.1145,3.1145,3.114,3.114,3.1195,3.1195,3.119,3.119,2
2026-06-12 07:26:00,3.113,3.113,3.112,3.112,3.118,3.118,3.117,3.117,2
2026-06-12 07:27:00,3.1115,3.1115,3.111,3.111,3.1165,3.1165,3.116,3.116,2
2026-06-12 07:28:00,3.1105,3.111,3.11,3.111,3.1155,3.116,3.115,3.116,6
2026-06-12 07:29:00,3.1115,3.1115,3.1105,3.111,3.1165,3.1165,3.1155,3.116,4
2026-06-12 07:30:00,3.1115,3.1115,3.11,3.1115,3.1165,3.1165,3.115,3.1165,9
2026-06-12 07:31:00,3.111,3.112,3.111,3.111,3.116,3.117,3.116,3.116,4
2026-06-12 07:32:00,3.112,3.112,3.11,3.11,3.117,3.117,3.115,3.115,3
2026-06-12 07:33:00,3.109,3.109,3.109,3.109,3.114,3.114,3.114,3.114,1
2026-06-12 07:35:00,3.11,3.1105,3.1095,3.11,3.115,3.1155,3.1145,3.115,4
2026-06-12 07:38:00,3.109,3.109,3.109,3.109,3.114,3.114,3.114,3.114,1
2026-06-12 07:40:00,3.1095,3.1115,3.1095,3.1115,3.1145,3.1165,3.1145,3.1165,4
2026-06-12 07:41:00,3.111,3.112,3.111,3.112,3.116,3.117,3.116,3.117,4
2026-06-12 07:42:00,3.1115,3.1115,3.1115,3.1115,3.1165,3.1165,3.1165,3.1165,1
2026-06-12 07:43:00,3.112,3.113,3.111,3.111,3.117,3.118,3.116,3.116,5
2026-06-12 07:44:00,3.11,3.111,3.1095,3.111,3.115,3.116,3.1145,3.116,4
2026-06-12 07:45:00,3.1115,3.113,3.1115,3.113,3.1165,3.118,3.1165,3.118,7
2026-06-12 07:46:00,3.114,3.114,3.114,3.114,3.119,3.119,3.119,3.119,1
2026-06-12 07:47:00,3.113,3.113,3.113,3.113,3.118,3.118,3.118,3.118,1
2026-06-12 07:49:00,3.1125,3.1125,3.112,3.112,3.1175,3.1175,3.117,3.117,2
2026-06-12 07:50:00,3.113,3.114,3.113,3.114,3.118,3.119,3.118,3.119,3
2026-06-12 07:51:00,3.113,3.113,3.113,3.113,3.118,3.118,3.118,3.118,1
2026-06-12 07:52:00,3.1135,3.114,3.1135,3.114,3.1185,3.119,3.1185,3.119,2
2026-06-12 07:53:00,3.1145,3.116,3.1145,3.116,3.1195,3.121,3.1195,3.121,3
2026-06-12 07:54:00,3.1165,3.117,3.116,3.117,3.1215,3.122,3.121,3.122,4
2026-06-12 07:55:00,3.1175,3.118,3.117,3.1175,3.1225,3.123,3.122,3.1225,5
2026-06-12 07:56:00,3.118,3.118,3.116,3.116,3.123,3.123,3.121,3.121,8
2026-06-12 07:57:00,3.115,3.116,3.115,3.116,3.12,3.121,3.12,3.121,5
2026-06-12 07:58:00,3.1165,3.118,3.116,3.118,3.1215,3.123,3.121,3.123,4
2026-06-12 07:59:00,3.1185,3.121,3.1185,3.121,3.1235,3.126,3.1235,3.126,6
2026-06-12 08:00:00,3.12,3.1205,3.118,3.119,3.125,3.1255,3.123,3.124,12
2026-06-12 08:01:00,3.118,3.1185,3.114,3.115,3.123,3.1235,3.119,3.12,9
2026-06-12 08:02:00,3.1155,3.116,3.1155,3.1155,3.1205,3.121,3.1205,3.1205,3
2026-06-12 08:03:00,3.116,3.116,3.114,3.114,3.121,3.121,3.119,3.119,8
2026-06-12 08:04:00,3.113,3.1135,3.113,3.1135,3.118,3.1185,3.118,3.1185,6
2026-06-12 08:05:00,3.114,3.1145,3.114,3.114,3.119,3.1195,3.119,3.119,3
2026-06-12 08:06:00,3.115,3.115,3.1145,3.115,3.12,3.12,3.1195,3.12,3
2026-06-12 08:08:00,3.114,3.114,3.113,3.113,3.119,3.119,3.118,3.118,3
2026-06-12 08:09:00,3.1125,3.1125,3.111,3.111,3.1175,3.1175,3.116,3.116,6
2026-06-12 08:10:00,3.112,3.1125,3.111,3.111,3.117,3.1175,3.116,3.116,8
2026-06-12 08:11:00,3.11,3.111,3.11,3.11,3.115,3.116,3.115,3.115,5
2026-06-12 08:12:00,3.1095,3.111,3.1095,3.111,3.1145,3.116,3.1145,3.116,3
2026-06-12 08:13:00,3.112,3.113,3.112,3.113,3.117,3.118,3.117,3.118,2
2026-06-12 08:14:00,3.1125,3.113,3.112,3.112,3.1175,3.118,3.117,3.117,5
2026-06-12 08:15:00,3.113,3.114,3.113,3.114,3.118,3.119,3.118,3.119,3
2026-06-12 08:17:00,3.113,3.113,3.113,3.113,3.118,3.118,3.118,3.118,1
2026-06-12 08:18:00,3.114,3.116,3.113,3.116,3.119,3.121,3.118,3.121,6
2026-06-12 08:20:00,3.117,3.117,3.116,3.116,3.122,3.122,3.121,3.121,2
2026-06-12 08:22:00,3.115,3.1155,3.115,3.115,3.12,3.1205,3.12,3.12,3
2026-06-12 08:23:00,3.114,3.115,3.114,3.114,3.119,3.12,3.119,3.119,4
2026-06-12 08:24:00,3.113,3.114,3.113,3.113,3.118,3.119,3.118,3.118,4
2026-06-12 08:25:00,3.114,3.115,3.114,3.114,3.119,3.12,3.119,3.119,4
2026-06-12 08:26:00,3.1145,3.115,3.1145,3.115,3.1195,3.12,3.1195,3.12,4
2026-06-12 08:28:00,3.1145,3.1145,3.114,3.114,3.1195,3.1195,3.119,3.119,2
2026-06-12 08:30:00,3.113,3.114,3.113,3.114,3.118,3.119,3.118,3.119,10
2026-06-12 08:31:00,3.1135,3.116,3.1135,3.1155,3.1185,3.121,3.1185,3.1205,8
2026-06-12 08:32:00,3.115,3.1155,3.115,3.115,3.12,3.1205,3.12,3.12,3
2026-06-12 08:33:00,3.1155,3.1155,3.1155,3.1155,3.1205,3.1205,3.1205,3.1205,1
2026-06-12 08:34:00,3.115,3.115,3.115,3.115,3.12,3.12,3.12,3.12,1
2026-06-12 08:35:00,3.116,3.116,3.115,3.115,3.121,3.121,3.12,3.12,3
2026-06-12 08:36:00,3.1155,3.1155,3.115,3.115,3.1205,3.1205,3.12,3.12,2
2026-06-12 08:37:00,3.116,3.117,3.1155,3.117,3.121,3.122,3.1205,3.122,7
2026-06-12 08:38:00,3.1165,3.1165,3.113,3.113,3.1215,3.1215,3.118,3.118,8
2026-06-12 08:39:00,3.112,3.112,3.112,3.112,3.117,3.117,3.117,3.117,1
2026-06-12 08:40:00,3.1115,3.1115,3.111,3.1115,3.1165,3.1165,3.116,3.1165,3
2026-06-12 08:41:00,3.112,3.113,3.112,3.113,3.117,3.118,3.117,3.118,2
2026-06-12 08:44:00,3.1135,3.1135,3.113,3.113,3.1185,3.1185,3.118,3.118,2
2026-06-12 08:45:00,3.1135,3.1135,3.111,3.1125,3.1185,3.1185,3.116,3.1175,6
2026-06-12 08:46:00,3.112,3.112,3.11,3.111,3.117,3.117,3.115,3.116,8
2026-06-12 08:47:00,3.112,3.1125,3.111,3.1125,3.117,3.1175,3.116,3.1175,7
2026-06-12 08:48:00,3.112,3.113,3.112,3.112,3.117,3.118,3.117,3.117,4
2026-06-12 08:49:00,3.1125,3.1125,3.112,3.112,3.1175,3.1175,3.117,3.117,2
2026-06-12 08:51:00,3.1125,3.1125,3.112,3.112,3.1175,3.1175,3.117,3.117,2
2026-06-12 08:52:00,3.1115,3.1115,3.1115,3.1115,3.1165,3.1165,3.1165,3.1165,1
2026-06-12 08:53:00,3.111,3.111,3.111,3.111,3.116,3.116,3.116,3.116,1
2026-06-12 08:54:00,3.11,3.11,3.109,3.11,3.115,3.115,3.114,3.115,4
2026-06-12 08:55:00,3.1105,3.1105,3.11,3.11,3.1155,3.1155,3.115,3.115,2
2026-06-12 08:56:00,3.109,3.109,3.109,3.109,3.114,3.114,3.114,3.114,1
2026-06-12 08:57:00,3.108,3.109,3.108,3.109,3.113,3.114,3.113,3.114,4
2026-06-12 08:58:00,3.1085,3.109,3.105,3.1055,3.1135,3.114,3.11,3.1105,17
2026-06-12 08:59:00,3.105,3.108,3.105,3.108,3.11,3.113,3.11,3.113,8
2026-06-12 09:00:00,3.1075,3.111,3.1075,3.108,3.1125,3.116,3.1125,3.113,14
2026-06-12 09:01:00,3.107,3.108,3.107,3.107,3.112,3.113,3.112,3.112,10
2026-06-12 09:02:00,3.108,3.11,3.104,3.104,3.113,3.115,3.109,3.109,26
2026-06-12 09:03:00,3.1045,3.106,3.1045,3.106,3.1095,3.111,3.1095,3.111,14
2026-06-12 09:04:00,3.1065,3.108,3.106,3.106,3.1115,3.113,3.111,3.111,11
2026-06-12 09:05:00,3.107,3.108,3.107,3.108,3.112,3.113,3.112,3.113,4
2026-06-12 09:06:00,3.109,3.109,3.107,3.1075,3.114,3.114,3.112,3.1125,10
2026-06-12 09:07:00,3.107,3.107,3.105,3.105,3.112,3.112,3.11,3.11,10
2026-06-12 09:08:00,3.1055,3.106,3.105,3.105,3.1105,3.111,3.11,3.11,8
2026-06-12 09:09:00,3.104,3.105,3.104,3.105,3.109,3.11,3.109,3.11,5
2026-06-12 09:10:00,3.104,3.104,3.1035,3.104,3.109,3.109,3.1085,3.109,3
2026-06-12 09:11:00,3.103,3.103,3.103,3.103,3.108,3.108,3.108,3.108,1
2026-06-12 09:12:00,3.102,3.102,3.099,3.1005,3.107,3.107,3.104,3.1055,22
2026-06-12 09:13:00,3.101,3.102,3.101,3.102,3.106,3.107,3.106,3.107,2
2026-06-12 09:14:00,3.1025,3.103,3.1005,3.1025,3.1075,3.108,3.1055,3.1075,13
2026-06-12 09:15:00,3.103,3.103,3.102,3.103,3.108,3.108,3.107,3.108,6
2026-06-12 09:16:00,3.1025,3.105,3.102,3.1035,3.1075,3.11,3.107,3.1085,15
2026-06-12 09:17:00,3.102,3.103,3.101,3.102,3.107,3.108,3.106,3.107,9
2026-06-12 09:18:00,3.1015,3.102,3.101,3.1015,3.1065,3.107,3.106,3.1065,20
2026-06-12 09:19:00,3.102,3.102,3.101,3.101,3.107,3.107,3.106,3.106,6
2026-06-12 09:20:00,3.1015,3.103,3.101,3.103,3.1065,3.108,3.106,3.108,4
2026-06-12 09:21:00,3.1025,3.1035,3.101,3.1035,3.1075,3.1085,3.106,3.1085,11
2026-06-12 09:22:00,3.104,3.104,3.103,3.104,3.109,3.109,3.108,3.109,4
2026-06-12 09:23:00,3.103,3.105,3.103,3.104,3.108,3.11,3.108,3.109,7
2026-06-12 09:24:00,3.103,3.103,3.1025,3.103,3.108,3.108,3.1075,3.108,3
2026-06-12 09:25:00,3.102,3.102,3.101,3.102,3.107,3.107,3.106,3.107,11
2026-06-12 09:26:00,3.1015,3.102,3.1015,3.102,3.1065,3.107,3.1065,3.107,4
2026-06-12 09:27:00,3.1015,3.102,3.1015,3.102,3.1065,3.107,3.1065,3.107,2
2026-06-12 09:28:00,3.1015,3.102,3.1015,3.102,3.1065,3.107,3.1065,3.107,2
2026-06-12 09:29:00,3.103,3.103,3.103,3.103,3.108,3.108,3.108,3.108,1
2026-06-12 09:30:00,3.102,3.103,3.101,3.102,3.107,3.108,3.106,3.107,11
2026-06-12 09:31:00,3.1015,3.103,3.1015,3.103,3.1065,3.108,3.1065,3.108,11
2026-06-12 09:33:00,3.102,3.102,3.101,3.102,3.107,3.107,3.106,3.107,5
2026-06-12 09:34:00,3.1015,3.102,3.101,3.102,3.1065,3.107,3.106,3.107,10
2026-06-12 09:35:00,3.103,3.103,3.099,3.1,3.108,3.108,3.104,3.105,21
2026-06-12 09:36:00,3.101,3.102,3.1,3.101,3.106,3.107,3.105,3.106,13
2026-06-12 09:37:00,3.1015,3.102,3.101,3.102,3.1065,3.107,3.106,3.107,6
2026-06-12 09:38:00,3.1025,3.103,3.1025,3.103,3.1075,3.108,3.1075,3.108,16
2026-06-12 09:39:00,3.1025,3.105,3.1025,3.105,3.1075,3.11,3.1075,3.11,10
2026-06-12 09:40:00,3.104,3.105,3.102,3.105,3.109,3.11,3.107,3.11,9
2026-06-12 09:41:00,3.1055,3.1055,3.104,3.104,3.1105,3.1105,3.109,3.109,5
2026-06-12 09:42:00,3.1045,3.1045,3.104,3.104,3.1095,3.1095,3.109,3.109,4
2026-06-12 09:43:00,3.1045,3.105,3.104,3.104,3.1095,3.11,3.109,3.109,4
2026-06-12 09:44:00,3.1045,3.106,3.1045,3.106,3.1095,3.111,3.1095,3.111,3
2026-06-12 09:45:00,3.107,3.107,3.1055,3.1065,3.112,3.112,3.1105,3.1115,9
2026-06-12 09:46:00,3.106,3.106,3.1055,3.106,3.111,3.111,3.1105,3.111,5
2026-06-12 09:47:00,3.105,3.106,3.105,3.106,3.11,3.111,3.11,3.111,4
2026-06-12 09:48:00,3.107,3.107,3.1065,3.107,3.112,3.112,3.1115,3.112,3
2026-06-12 09:49:00,3.108,3.108,3.106,3.107,3.113,3.113,3.111,3.112,6
2026-06-12 09:50:00,3.108,3.108,3.105,3.105,3.113,3.113,3.11,3.11,8
2026-06-12 09:51:00,3.1055,3.1055,3.105,3.105,3.1105,3.1105,3.11,3.11,2
2026-06-12 09:52:00,3.104,3.105,3.104,3.105,3.109,3.11,3.109,3.11,2
2026-06-12 09:53:00,3.1055,3.1055,3.1055,3.1055,3.1105,3.1105,3.1105,3.1105,1
2026-06-12 09:54:00,3.105,3.105,3.104,3.104,3.11,3.11,3.109,3.109,6
2026-06-12 09:55:00,3.1045,3.1045,3.103,3.1035,3.1095,3.1095,3.108,3.1085,12
2026-06-12 09:56:00,3.103,3.1035,3.096,3.0975,3.108,3.1085,3.101,3.1025,40
2026-06-12 09:57:00,3.098,3.0985,3.096,3.097,3.103,3.1035,3.101,3.102,31
2026-06-12 09:58:00,3.0975,3.0975,3.095,3.097,3.1025,3.1025,3.1,3.102,13
2026-06-12 09:59:00,3.096,3.096,3.093,3.094,3.101,3.101,3.098,3.099,13
2026-06-12 10:00:00,3.095,3.0985,3.094,3.0985,3.1,3.1035,3.099,3.1035,26
2026-06-12 10:01:00,3.097,3.097,3.094,3.096,3.102,3.102,3.099,3.101,20
2026-06-12 10:02:00,3.095,3.097,3.095,3.095,3.1,3.102,3.1,3.1,22
2026-06-12 10:03:00,3.096,3.096,3.094,3.096,3.101,3.101,3.099,3.101,5
2026-06-12 10:04:00,3.097,3.097,3.096,3.096,3.102,3.102,3.101,3.101,12
2026-06-12 10:05:00,3.0955,3.096,3.0915,3.0945,3.1005,3.101,3.0965,3.0995,36
2026-06-12 10:06:00,3.095,3.095,3.094,3.094,3.1,3.1,3.099,3.099,7
2026-06-12 10:07:00,3.093,3.095,3.093,3.094,3.098,3.1,3.098,3.099,10
2026-06-12 10:08:00,3.0935,3.094,3.087,3.0875,3.0985,3.099,3.092,3.0925,18
2026-06-12 10:09:00,3.088,3.088,3.079,3.081,3.093,3.093,3.084,3.086,42
2026-06-12 10:10:00,3.082,3.082,3.0795,3.081,3.087,3.087,3.0845,3.086,25
2026-06-12 10:11:00,3.082,3.084,3.082,3.084,3.087,3.089,3.087,3.089,11
2026-06-12 10:12:00,3.083,3.083,3.082,3.082,3.088,3.088,3.087,3.087,7
2026-06-12 10:13:00,3.081,3.081,3.0795,3.08,3.086,3.086,3.0845,3.085,10
2026-06-12 10:14:00,3.081,3.082,3.08,3.081,3.086,3.087,3.085,3.086,9
2026-06-12 10:15:00,3.0805,3.0815,3.08,3.081,3.0855,3.0865,3.085,3.086,13
2026-06-12 10:16:00,3.08,3.08,3.077,3.077,3.085,3.085,3.082,3.082,23
2026-06-12 10:17:00,3.0775,3.079,3.077,3.079,3.0825,3.084,3.082,3.084,12
2026-06-12 10:18:00,3.08,3.08,3.077,3.077,3.085,3.085,3.082,3.082,11
2026-06-12 10:19:00,3.0765,3.078,3.076,3.078,3.0815,3.083,3.081,3.083,17
2026-06-12 10:20:00,3.0775,3.079,3.076,3.077,3.0825,3.084,3.081,3.082,19
2026-06-12 10:21:00,3.078,3.078,3.077,3.077,3.083,3.083,3.082,3.082,2
2026-06-12 10:22:00,3.076,3.076,3.074,3.075,3.081,3.081,3.079,3.08,11
2026-06-12 10:23:00,3.076,3.077,3.074,3.0745,3.081,3.082,3.079,3.0795,18
2026-06-12 10:24:00,3.075,3.075,3.074,3.075,3.08,3.08,3.079,3.08,9
2026-06-12 10:25:00,3.0745,3.0775,3.072,3.077,3.0795,3.0825,3.077,3.082,30
2026-06-12 10:26:00,3.078,3.079,3.078,3.079,3.083,3.084,3.083,3.084,13
2026-06-12 10:27:00,3.08,3.08,3.08,3.08,3.085,3.085,3.085,3.085,1
2026-06-12 10:28:00,3.079,3.08,3.079,3.08,3.084,3.085,3.084,3.085,3
2026-06-12 10:29:00,3.079,3.081,3.079,3.079,3.084,3.086,3.084,3.084,11
2026-06-12 10:30:00,3.078,3.08,3.075,3.08,3.083,3.085,3.08,3.085,39
2026-06-12 10:31:00,3.079,3.08,3.078,3.078,3.084,3.085,3.083,3.083,17
2026-06-12 10:32:00,3.079,3.08,3.079,3.079,3.084,3.085,3.084,3.084,6
2026-06-12 10:33:00,3.0795,3.08,3.078,3.078,3.0845,3.085,3.083,3.083,4
2026-06-12 10:34:00,3.0775,3.079,3.0775,3.078,3.0825,3.084,3.0825,3.083,9
2026-06-12 10:35:00,3.079,3.082,3.078,3.08,3.084,3.087,3.083,3.085,9
2026-06-12 10:37:00,3.079,3.08,3.079,3.08,3.084,3.085,3.084,3.085,9
2026-06-12 10:40:00,3.081,3.081,3.077,3.079,3.086,3.086,3.082,3.084,14
2026-06-12 10:41:00,3.08,3.08,3.079,3.079,3.085,3.085,3.084,3.084,8
2026-06-12 10:42:00,3.0795,3.08,3.079,3.079,3.0845,3.085,3.084,3.084,4
2026-06-12 10:43:00,3.0795,3.08,3.079,3.079,3.0845,3.085,3.084,3.084,6
2026-06-12 10:44:00,3.0785,3.079,3.078,3.079,3.0835,3.084,3.083,3.084,5
2026-06-12 10:45:00,3.08,3.08,3.079,3.079,3.085,3.085,3.084,3.084,4
2026-06-12 10:46:00,3.0785,3.079,3.078,3.079,3.0835,3.084,3.083,3.084,11
2026-06-12 10:47:00,3.078,3.078,3.077,3.077,3.083,3.083,3.082,3.082,4
2026-06-12 10:48:00,3.078,3.079,3.0775,3.079,3.083,3.084,3.0825,3.084,6
2026-06-12 10:49:00,3.08,3.08,3.079,3.08,3.085,3.085,3.084,3.085,11
2026-06-12 10:50:00,3.081,3.084,3.081,3.082,3.086,3.089,3.086,3.087,8
2026-06-12 10:51:00,3.083,3.083,3.082,3.083,3.088,3.088,3.087,3.088,13
2026-06-12 10:53:00,3.084,3.084,3.083,3.084,3.089,3.089,3.088,3.089,3
2026-06-12 10:54:00,3.083,3.084,3.083,3.083,3.088,3.089,3.088,3.088,5
2026-06-12 10:55:00,3.0835,3.0835,3.083,3.083,3.0885,3.0885,3.088,3.088,2
2026-06-12 10:56:00,3.084,3.084,3.083,3.084,3.089,3.089,3.088,3.089,3
2026-06-12 11:00:00,3.083,3.083,3.082,3.082,3.088,3.088,3.087,3.087,6
2026-06-12 11:01:00,3.0825,3.084,3.082,3.084,3.0875,3.089,3.087,3.089,8
2026-06-12 11:02:00,3.0835,3.084,3.083,3.083,3.0885,3.089,3.088,3.088,4
2026-06-12 11:04:00,3.084,3.084,3.083,3.083,3.089,3.089,3.088,3.088,5
2026-06-12 11:05:00,3.084,3.085,3.084,3.084,3.089,3.09,3.089,3.089,7
2026-06-12 11:06:00,3.083,3.083,3.083,3.083,3.088,3.088,3.088,3.088,1
2026-06-12 11:07:00,3.084,3.084,3.082,3.082,3.089,3.089,3.087,3.087,4
2026-06-12 11:08:00,3.083,3.083,3.083,3.083,3.088,3.088,3.088,3.088,1
2026-06-12 11:09:00,3.082,3.083,3.082,3.083,3.087,3.088,3.087,3.088,5
2026-06-12 11:10:00,3.082,3.082,3.081,3.081,3.087,3.087,3.086,3.086,2
2026-06-12 11:12:00,3.082,3.082,3.081,3.082,3.087,3.087,3.086,3.087,3
2026-06-12 11:14:00,3.0825,3.083,3.0825,3.083,3.0875,3.088,3.0875,3.088,2
2026-06-12 11:16:00,3.082,3.083,3.081,3.0825,3.087,3.088,3.086,3.0875,11
2026-06-12 11:17:00,3.083,3.083,3.083,3.083,3.088,3.088,3.088,3.088,1
2026-06-12 11:18:00,3.084,3.085,3.084,3.084,3.089,3.09,3.089,3.089,3
2026-06-12 11:21:00,3.085,3.09,3.085,3.089,3.09,3.095,3.09,3.094,15
2026-06-12 11:22:00,3.09,3.093,3.088,3.0925,3.095,3.098,3.093,3.0975,13
2026-06-12 11:23:00,3.092,3.092,3.0905,3.092,3.097,3.097,3.0955,3.097,16
2026-06-12 11:24:00,3.093,3.094,3.092,3.092,3.098,3.099,3.097,3.097,10
2026-06-12 11:25:00,3.093,3.096,3.092,3.096,3.098,3.101,3.097,3.101,10
2026-06-12 11:26:00,3.097,3.097,3.096,3.097,3.102,3.102,3.101,3.102,6
2026-06-12 11:27:00,3.096,3.097,3.096,3.096,3.101,3.102,3.101,3.101,6
2026-06-12 11:28:00,3.097,3.097,3.095,3.096,3.102,3.102,3.1,3.101,5
2026-06-12 11:31:00,3.097,3.097,3.095,3.096,3.102,3.102,3.1,3.101,5
2026-06-12 11:32:00,3.097,3.104,3.096,3.1025,3.102,3.109,3.101,3.1075,33
2026-06-12 11:33:00,3.103,3.103,3.1,3.1,3.108,3.108,3.105,3.105,11
2026-06-12 11:34:00,3.1005,3.102,3.1005,3.101,3.1055,3.107,3.1055,3.106,5
2026-06-12 11:35:00,3.102,3.102,3.101,3.101,3.107,3.107,3.106,3.106,11
2026-06-12 11:36:00,3.1005,3.1005,3.1,3.1,3.1055,3.1055,3.105,3.105,2
2026-06-12 11:38:00,3.101,3.101,3.101,3.101,3.106,3.106,3.106,3.106,1
2026-06-12 11:39:00,3.102,3.103,3.102,3.103,3.107,3.108,3.107,3.108,2
2026-06-12 11:40:00,3.1035,3.1045,3.098,3.098,3.1085,3.1095,3.103,3.103,15
2026-06-12 11:43:00,3.099,3.099,3.097,3.098,3.104,3.104,3.102,3.103,7
2026-06-12 11:46:00,3.097,3.098,3.095,3.095,3.102,3.103,3.1,3.1,12
2026-06-12 11:47:00,3.096,3.096,3.095,3.095,3.101,3.101,3.1,3.1,4
2026-06-12 11:48:00,3.094,3.096,3.094,3.094,3.099,3.101,3.099,3.099,11
2026-06-12 11:50:00,3.093,3.093,3.09,3.091,3.098,3.098,3.095,3.096,10
2026-06-12 11:51:00,3.0905,3.0905,3.087,3.087,3.0955,3.0955,3.092,3.092,9
2026-06-12 11:52:00,3.0865,3.087,3.0845,3.085,3.0915,3.092,3.0895,3.09,8
2026-06-12 11:53:00,3.084,3.084,3.081,3.082,3.089,3.089,3.086,3.087,31
2026-06-12 11:54:00,3.083,3.083,3.082,3.082,3.088,3.088,3.087,3.087,4
2026-06-12 11:55:00,3.0825,3.084,3.082,3.0835,3.0875,3.089,3.087,3.0885,12
2026-06-12 11:56:00,3.084,3.085,3.0835,3.084,3.089,3.09,3.0885,3.089,7
2026-06-12 11:57:00,3.083,3.086,3.083,3.085,3.088,3.091,3.088,3.09,8
2026-06-12 11:58:00,3.086,3.087,3.0855,3.086,3.091,3.092,3.0905,3.091,9
2026-06-12 11:59:00,3.085,3.088,3.085,3.087,3.09,3.093,3.09,3.092,11
2026-06-12 12:00:00,3.088,3.088,3.086,3.086,3.093,3.093,3.091,3.091,5
2026-06-12 12:01:00,3.085,3.086,3.085,3.085,3.09,3.091,3.09,3.09,7
2026-06-12 12:02:00,3.084,3.084,3.083,3.083,3.089,3.089,3.088,3.088,7
2026-06-12 12:03:00,3.0835,3.084,3.083,3.083,3.0885,3.089,3.088,3.088,3
2026-06-12 12:05:00,3.082,3.083,3.082,3.082,3.087,3.088,3.087,3.087,4
2026-06-12 12:06:00,3.083,3.085,3.083,3.084,3.088,3.09,3.088,3.089,4
2026-06-12 12:08:00,3.0835,3.084,3.083,3.083,3.0885,3.089,3.088,3.088,9
2026-06-12 12:09:00,3.0835,3.084,3.083,3.083,3.0885,3.089,3.088,3.088,5
2026-06-12 12:11:00,3.084,3.086,3.083,3.085,3.089,3.091,3.088,3.09,11
2026-06-12 12:12:00,3.0855,3.087,3.085,3.085,3.0905,3.092,3.09,3.09,5
2026-06-12 12:13:00,3.084,3.085,3.084,3.084,3.089,3.09,3.089,3.089,6
2026-06-12 12:14:00,3.0835,3.084,3.083,3.083,3.0885,3.089,3.088,3.088,8
2026-06-12 12:15:00,3.084,3.084,3.0835,3.084,3.089,3.089,3.0885,3.089,3
2026-06-12 12:16:00,3.085,3.085,3.084,3.084,3.09,3.09,3.089,3.089,2
2026-06-12 12:17:00,3.083,3.086,3.083,3.086,3.088,3.091,3.088,3.091,4
2026-06-12 12:18:00,3.085,3.086,3.084,3.085,3.09,3.091,3.089,3.09,6
2026-06-12 12:19:00,3.0855,3.087,3.0855,3.086,3.0905,3.092,3.0905,3.091,4
2026-06-12 12:22:00,3.087,3.087,3.086,3.087,3.092,3.092,3.091,3.092,4
2026-06-12 12:23:00,3.088,3.088,3.082,3.083,3.093,3.093,3.087,3.088,13
2026-06-12 12:24:00,3.082,3.084,3.082,3.083,3.087,3.089,3.087,3.088,5
2026-06-12 12:25:00,3.085,3.087,3.084,3.0845,3.09,3.092,3.089,3.0895,16
2026-06-12 12:26:00,3.085,3.088,3.085,3.086,3.09,3.093,3.09,3.091,31
2026-06-12 12:27:00,3.085,3.086,3.0845,3.0855,3.09,3.091,3.0895,3.0905,11
2026-06-12 12:28:00,3.086,3.086,3.085,3.0855,3.091,3.091,3.09,3.0905,6
2026-06-12 12:29:00,3.084,3.085,3.083,3.083,3.089,3.09,3.088,3.088,21
2026-06-12 12:30:00,3.0825,3.086,3.081,3.086,3.0875,3.091,3.086,3.091,22
2026-06-12 12:31:00,3.087,3.088,3.085,3.086,3.092,3.093,3.09,3.091,38
2026-06-12 12:32:00,3.087,3.089,3.086,3.0865,3.092,3.094,3.091,3.0915,21
2026-06-12 12:33:00,3.085,3.086,3.0845,3.085,3.09,3.091,3.0895,3.09,10
2026-06-12 12:34:00,3.0855,3.0855,3.0835,3.0835,3.0905,3.0905,3.0885,3.0885,9
2026-06-12 12:35:00,3.084,3.084,3.081,3.082,3.089,3.089,3.086,3.087,10
2026-06-12 12:36:00,3.081,3.081,3.079,3.08,3.086,3.086,3.084,3.085,6
2026-06-12 12:37:00,3.0795,3.08,3.078,3.0785,3.0845,3.085,3.083,3.0835,9
2026-06-12 12:38:00,3.079,3.082,3.078,3.082,3.084,3.087,3.083,3.087,10
2026-06-12 12:39:00,3.083,3.083,3.082,3.083,3.088,3.088,3.087,3.088,14
2026-06-12 12:40:00,3.0835,3.0835,3.083,3.083,3.0885,3.0885,3.088,3.088,2
2026-06-12 12:41:00,3.084,3.084,3.084,3.084,3.089,3.089,3.089,3.089,1
2026-06-12 12:42:00,3.083,3.085,3.083,3.084,3.088,3.09,3.088,3.089,6
2026-06-12 12:43:00,3.0835,3.084,3.083,3.083,3.0885,3.089,3.088,3.088,10
2026-06-12 12:45:00,3.084,3.084,3.082,3.0825,3.089,3.089,3.087,3.0875,11
2026-06-12 12:46:00,3.082,3.082,3.081,3.081,3.087,3.087,3.086,3.086,7
2026-06-12 12:48:00,3.0805,3.0805,3.0785,3.0785,3.0855,3.0855,3.0835,3.0835,5
2026-06-12 12:49:00,3.078,3.078,3.078,3.078,3.083,3.083,3.083,3.083,1
2026-06-12 12:50:00,3.079,3.0795,3.079,3.079,3.084,3.0845,3.084,3.084,3
2026-06-12 12:51:00,3.078,3.079,3.078,3.079,3.083,3.084,3.083,3.084,2
2026-06-12 12:52:00,3.08,3.08,3.079,3.079,3.085,3.085,3.084,3.084,8
2026-06-12 12:53:00,3.0795,3.0795,3.079,3.079,3.0845,3.0845,3.084,3.084,2
2026-06-12 12:54:00,3.0795,3.082,3.079,3.0815,3.0845,3.087,3.084,3.0865,11
2026-06-12 12:55:00,3.081,3.0815,3.08,3.081,3.086,3.0865,3.085,3.086,8
2026-06-12 12:56:00,3.0805,3.081,3.08,3.0805,3.0855,3.086,3.085,3.0855,8
2026-06-12 12:57:00,3.081,3.081,3.074,3.075,3.086,3.086,3.079,3.08,17
2026-06-12 12:58:00,3.074,3.074,3.069,3.072,3.079,3.079,3.074,3.077,47
2026-06-12 12:59:00,3.0725,3.075,3.072,3.074,3.0775,3.08,3.077,3.079,10
2026-06-12 13:00:00,3.0735,3.075,3.073,3.073,3.0785,3.08,3.078,3.078,16
2026-06-12 13:01:00,3.0725,3.074,3.068,3.07,3.0775,3.079,3.073,3.075,19
2026-06-12 13:02:00,3.071,3.073,3.071,3.073,3.076,3.078,3.076,3.078,3
2026-06-12 13:03:00,3.074,3.074,3.074,3.074,3.079,3.079,3.079,3.079,1
2026-06-12 13:04:00,3.073,3.073,3.071,3.0715,3.078,3.078,3.076,3.0765,10
2026-06-12 13:05:00,3.072,3.072,3.071,3.071,3.077,3.077,3.076,3.076,2
2026-06-12 13:06:00,3.072,3.072,3.068,3.0685,3.077,3.077,3.073,3.0735,11
2026-06-12 13:07:00,3.069,3.07,3.068,3.0695,3.074,3.075,3.073,3.0745,15
2026-06-12 13:08:00,3.07,3.07,3.068,3.07,3.075,3.075,3.073,3.075,15
2026-06-12 13:09:00,3.0695,3.07,3.063,3.0645,3.0745,3.075,3.068,3.0695,26
2026-06-12 13:10:00,3.064,3.066,3.063,3.064,3.069,3.071,3.068,3.069,16
2026-06-12 13:11:00,3.065,3.066,3.065,3.066,3.07,3.071,3.07,3.071,2
2026-06-12 13:12:00,3.0655,3.066,3.0655,3.066,3.0705,3.071,3.0705,3.071,2
2026-06-12 13:13:00,3.067,3.067,3.064,3.065,3.072,3.072,3.069,3.07,16
2026-06-12 13:14:00,3.066,3.067,3.065,3.0665,3.071,3.072,3.07,3.0715,9
2026-06-12 13:15:00,3.066,3.066,3.065,3.065,3.071,3.071,3.07,3.07,2
2026-06-12 13:16:00,3.066,3.067,3.066,3.067,3.071,3.072,3.071,3.072,2
2026-06-12 13:17:00,3.0665,3.069,3.066,3.069,3.0715,3.074,3.071,3.074,13
2026-06-12 13:18:00,3.07,3.0725,3.07,3.072,3.075,3.0775,3.075,3.077,13
2026-06-12 13:19:00,3.073,3.073,3.07,3.071,3.078,3.078,3.075,3.076,7
2026-06-12 13:20:00,3.07,3.073,3.07,3.072,3.075,3.078,3.075,3.077,12
2026-06-12 13:21:00,3.073,3.073,3.0705,3.073,3.078,3.078,3.0755,3.078,12
2026-06-12 13:22:00,3.0735,3.074,3.073,3.074,3.0785,3.079,3.078,3.079,4
2026-06-12 13:23:00,3.073,3.073,3.072,3.073,3.078,3.078,3.077,3.078,4
2026-06-12 13:24:00,3.072,3.0725,3.072,3.072,3.077,3.0775,3.077,3.077,3
2026-06-12 13:25:00,3.0715,3.072,3.068,3.068,3.0765,3.077,3.073,3.073,33
2026-06-12 13:26:00,3.0685,3.072,3.067,3.0715,3.0735,3.077,3.072,3.0765,21
2026-06-12 13:27:00,3.071,3.072,3.061,3.062,3.076,3.077,3.066,3.067,51
2026-06-12 13:28:00,3.063,3.066,3.063,3.065,3.068,3.071,3.068,3.07,17
2026-06-12 13:29:00,3.0655,3.073,3.065,3.073,3.0705,3.078,3.07,3.078,22
2026-06-12 13:30:00,3.072,3.072,3.068,3.07,3.077,3.077,3.073,3.075,12
2026-06-12 13:31:00,3.0705,3.082,3.069,3.0815,3.0755,3.087,3.074,3.0865,52
2026-06-12 13:32:00,3.082,3.087,3.081,3.081,3.087,3.092,3.086,3.086,30
2026-06-12 13:33:00,3.08,3.084,3.08,3.083,3.085,3.089,3.085,3.088,15
2026-06-12 13:34:00,3.082,3.084,3.074,3.076,3.087,3.089,3.079,3.081,26
2026-06-12 13:35:00,3.0765,3.078,3.071,3.072,3.0815,3.083,3.076,3.077,29
2026-06-12 13:36:00,3.073,3.074,3.071,3.073,3.078,3.079,3.076,3.078,26
2026-06-12 13:37:00,3.0735,3.074,3.072,3.072,3.0785,3.079,3.077,3.077,14
2026-06-12 13:38:00,3.071,3.071,3.07,3.07,3.076,3.076,3.075,3.075,6
2026-06-12 13:39:00,3.0705,3.073,3.068,3.069,3.0755,3.078,3.073,3.074,24
2026-06-12 13:40:00,3.068,3.0715,3.067,3.071,3.073,3.0765,3.072,3.076,23
2026-06-12 13:41:00,3.072,3.075,3.072,3.0745,3.077,3.08,3.077,3.0795,24
2026-06-12 13:42:00,3.074,3.0755,3.074,3.075,3.079,3.0805,3.079,3.08,11
2026-06-12 13:44:00,3.076,3.077,3.074,3.076,3.081,3.082,3.079,3.081,13
2026-06-12 13:45:00,3.0765,3.077,3.076,3.076,3.0815,3.082,3.081,3.081,8
2026-06-12 13:46:00,3.075,3.075,3.075,3.075,3.08,3.08,3.08,3.08,1
2026-06-12 13:47:00,3.076,3.077,3.076,3.077,3.081,3.082,3.081,3.082,2
2026-06-12 13:48:00,3.076,3.077,3.076,3.077,3.081,3.082,3.081,3.082,2
2026-06-12 13:49:00,3.076,3.078,3.076,3.078,3.081,3.083,3.081,3.083,6
2026-06-12 13:50:00,3.0785,3.0825,3.0785,3.082,3.0835,3.0875,3.0835,3.087,19
2026-06-12 13:51:00,3.0825,3.085,3.082,3.0845,3.0875,3.09,3.087,3.0895,16
2026-06-12 13:52:00,3.084,3.084,3.082,3.083,3.089,3.089,3.087,3.088,6
2026-06-12 13:53:00,3.084,3.084,3.082,3.082,3.089,3.089,3.087,3.087,7
2026-06-12 13:54:00,3.081,3.081,3.08,3.081,3.086,3.086,3.085,3.086,3
2026-06-12 13:55:00,3.0815,3.088,3.0815,3.088,3.0865,3.093,3.0865,3.093,26
2026-06-12 13:56:00,3.087,3.092,3.087,3.089,3.092,3.097,3.092,3.094,35
2026-06-12 13:57:00,3.09,3.0915,3.0895,3.091,3.095,3.0965,3.0945,3.096,13
2026-06-12 13:58:00,3.09,3.092,3.086,3.086,3.095,3.097,3.091,3.091,22
2026-06-12 13:59:00,3.085,3.088,3.085,3.0865,3.09,3.093,3.09,3.0915,17
2026-06-12 14:00:00,3.086,3.09,3.084,3.087,3.091,3.095,3.089,3.092,45
2026-06-12 14:01:00,3.0875,3.0935,3.0875,3.091,3.0925,3.0985,3.0925,3.096,39
2026-06-12 14:02:00,3.09,3.092,3.085,3.092,3.095,3.097,3.09,3.097,39
2026-06-12 14:03:00,3.0915,3.0915,3.081,3.081,3.0965,3.0965,3.086,3.086,51
2026-06-12 14:04:00,3.0815,3.086,3.081,3.083,3.0865,3.091,3.086,3.088,25
2026-06-12 14:05:00,3.0835,3.0835,3.08,3.081,3.0885,3.0885,3.085,3.086,21
2026-06-12 14:06:00,3.08,3.082,3.075,3.082,3.085,3.087,3.08,3.087,60
2026-06-12 14:07:00,3.081,3.082,3.079,3.08,3.086,3.087,3.084,3.085,24
2026-06-12 14:08:00,3.0795,3.085,3.0795,3.0845,3.0845,3.09,3.0845,3.0895,27
2026-06-12 14:09:00,3.083,3.084,3.08,3.08,3.088,3.089,3.085,3.085,19
2026-06-12 14:10:00,3.079,3.087,3.078,3.086,3.084,3.092,3.083,3.091,46
2026-06-12 14:11:00,3.0865,3.088,3.084,3.086,3.0915,3.093,3.089,3.091,27
2026-06-12 14:12:00,3.085,3.0895,3.085,3.0875,3.09,3.0945,3.09,3.0925,37
2026-06-12 14:13:00,3.087,3.089,3.087,3.0885,3.092,3.094,3.092,3.0935,21
2026-06-12 14:14:00,3.088,3.096,3.088,3.095,3.093,3.101,3.093,3.1,45
2026-06-12 14:15:00,3.094,3.099,3.091,3.098,3.099,3.104,3.096,3.103,40
2026-06-12 14:16:00,3.0985,3.106,3.096,3.096,3.1035,3.111,3.101,3.101,51
2026-06-12 14:17:00,3.095,3.099,3.094,3.0975,3.1,3.104,3.099,3.1025,35
2026-06-12 14:18:00,3.098,3.1015,3.097,3.1015,3.103,3.1065,3.102,3.1065,28
2026-06-12 14:19:00,3.1005,3.103,3.097,3.099,3.1055,3.108,3.102,3.104,42
2026-06-12 14:20:00,3.0985,3.103,3.097,3.102,3.1035,3.108,3.102,3.107,43
2026-06-12 14:21:00,3.101,3.107,3.1,3.106,3.106,3.112,3.105,3.111,41
2026-06-12 14:22:00,3.107,3.108,3.105,3.106,3.112,3.113,3.11,3.111,33
2026-06-12 14:23:00,3.107,3.107,3.102,3.104,3.112,3.112,3.107,3.109,28
2026-06-12 14:24:00,3.1045,3.105,3.103,3.103,3.1095,3.11,3.108,3.108,30
2026-06-12 14:25:00,3.102,3.109,3.102,3.108,3.107,3.114,3.107,3.113,25
2026-06-12 14:26:00,3.1085,3.116,3.108,3.116,3.1135,3.121,3.113,3.121,36
2026-06-12 14:27:00,3.115,3.115,3.11,3.114,3.12,3.12,3.115,3.119,49
2026-06-12 14:28:00,3.1135,3.117,3.112,3.1125,3.1185,3.122,3.117,3.1175,16
2026-06-12 14:29:00,3.113,3.121,3.113,3.121,3.118,3.126,3.118,3.126,51
2026-06-12 14:30:00,3.12,3.133,3.12,3.13,3.125,3.138,3.125,3.135,87
2026-06-12 14:31:00,3.131,3.132,3.127,3.131,3.136,3.137,3.132,3.136,44
2026-06-12 14:32:00,3.1315,3.1315,3.124,3.125,3.1365,3.1365,3.129,3.13,33
2026-06-12 14:33:00,3.124,3.131,3.123,3.1305,3.129,3.136,3.128,3.1355,47
2026-06-12 14:34:00,3.13,3.1335,3.11,3.113,3.135,3.1385,3.115,3.118,100
2026-06-12 14:35:00,3.114,3.121,3.113,3.12,3.119,3.126,3.118,3.125,34
2026-06-12 14:36:00,3.1205,3.122,3.116,3.1195,3.1255,3.127,3.121,3.1245,36
2026-06-12 14:37:00,3.119,3.124,3.118,3.122,3.124,3.129,3.123,3.127,51
2026-06-12 14:38:00,3.1225,3.126,3.119,3.125,3.1275,3.131,3.124,3.13,50
2026-06-12 14:39:00,3.1255,3.127,3.121,3.123,3.1305,3.132,3.126,3.128,39
2026-06-12 14:40:00,3.122,3.124,3.111,3.119,3.127,3.129,3.116,3.124,89
2026-06-12 14:41:00,3.12,3.131,3.117,3.129,3.125,3.136,3.122,3.134,81
2026-06-12 14:42:00,3.1285,3.1365,3.128,3.133,3.1335,3.1415,3.133,3.138,76
2026-06-12 14:43:00,3.132,3.147,3.129,3.1415,3.137,3.152,3.134,3.1465,134
2026-06-12 14:44:00,3.141,3.1505,3.1385,3.139,3.146,3.1555,3.1435,3.144,131
2026-06-12 14:45:00,3.1375,3.1415,3.134,3.138,3.1425,3.1465,3.139,3.143,46
2026-06-12 14:46:00,3.1385,3.147,3.138,3.139,3.1435,3.152,3.143,3.144,39
2026-06-12 14:47:00,3.14,3.145,3.139,3.145,3.145,3.15,3.144,3.15,34
2026-06-12 14:48:00,3.1445,3.146,3.1425,3.143,3.1495,3.151,3.1475,3.148,28
2026-06-12 14:49:00,3.144,3.145,3.13,3.132,3.149,3.15,3.135,3.137,94
2026-06-12 14:50:00,3.133,3.137,3.13,3.135,3.138,3.142,3.135,3.14,38
2026-06-12 14:51:00,3.1355,3.137,3.1305,3.134,3.1405,3.142,3.1355,3.139,27
2026-06-12 14:52:00,3.1335,3.1335,3.127,3.127,3.1385,3.1385,3.132,3.132,48
2026-06-12 14:53:00,3.126,3.134,3.126,3.1325,3.131,3.139,3.131,3.1375,26
2026-06-12 14:54:00,3.132,3.134,3.131,3.134,3.137,3.139,3.136,3.139,12
2026-06-12 14:55:00,3.1345,3.138,3.133,3.1335,3.1395,3.143,3.138,3.1385,42
2026-06-12 14:56:00,3.134,3.134,3.132,3.1325,3.139,3.139,3.137,3.1375,23
2026-06-12 14:57:00,3.132,3.132,3.1285,3.1295,3.137,3.137,3.1335,3.1345,22
2026-06-12 14:58:00,3.129,3.132,3.127,3.129,3.134,3.137,3.132,3.134,40
2026-06-12 14:59:00,3.13,3.13,3.124,3.1245,3.135,3.135,3.129,3.1295,41
2026-06-12 15:00:00,3.125,3.125,3.117,3.122,3.13,3.13,3.122,3.127,84
2026-06-12 15:01:00,3.1215,3.129,3.118,3.1275,3.1265,3.134,3.123,3.1325,84
2026-06-12 15:02:00,3.128,3.138,3.128,3.134,3.133,3.143,3.133,3.139,49
2026-06-12 15:03:00,3.1345,3.135,3.132,3.133,3.1395,3.14,3.137,3.138,24
2026-06-12 15:04:00,3.134,3.134,3.129,3.129,3.139,3.139,3.134,3.134,6
2026-06-12 15:05:00,3.128,3.129,3.125,3.128,3.133,3.134,3.13,3.133,19
2026-06-12 15:06:00,3.129,3.129,3.125,3.125,3.134,3.134,3.13,3.13,27
2026-06-12 15:07:00,3.1235,3.1235,3.116,3.119,3.1285,3.1285,3.121,3.124,39
2026-06-12 15:08:00,3.118,3.121,3.118,3.121,3.123,3.126,3.123,3.126,32
2026-06-12 15:09:00,3.12,3.123,3.119,3.123,3.125,3.128,3.124,3.128,26
2026-06-12 15:10:00,3.124,3.126,3.124,3.124,3.129,3.131,3.129,3.129,7
2026-06-12 15:11:00,3.123,3.125,3.12,3.12,3.128,3.13,3.125,3.125,23
2026-06-12 15:12:00,3.119,3.121,3.117,3.117,3.124,3.126,3.122,3.122,22
2026-06-12 15:13:00,3.1175,3.121,3.117,3.117,3.1225,3.126,3.122,3.122,28
2026-06-12 15:14:00,3.116,3.118,3.113,3.117,3.121,3.123,3.118,3.122,40
2026-06-12 15:15:00,3.1165,3.124,3.1165,3.119,3.1215,3.129,3.1215,3.124,52
2026-06-12 15:16:00,3.12,3.12,3.117,3.1185,3.125,3.125,3.122,3.1235,28
2026-06-12 15:17:00,3.118,3.118,3.117,3.117,3.123,3.123,3.122,3.122,9
2026-06-12 15:18:00,3.1175,3.122,3.114,3.115,3.1225,3.127,3.119,3.12,47
2026-06-12 15:19:00,3.1145,3.116,3.1145,3.116,3.1195,3.121,3.1195,3.121,16
2026-06-12 15:20:00,3.117,3.12,3.117,3.119,3.122,3.125,3.122,3.124,14
2026-06-12 15:21:00,3.12,3.122,3.113,3.113,3.125,3.127,3.118,3.118,37
2026-06-12 15:22:00,3.112,3.113,3.108,3.108,3.117,3.118,3.113,3.113,24
2026-06-12 15:23:00,3.109,3.111,3.108,3.111,3.114,3.116,3.113,3.116,13
2026-06-12 15:24:00,3.1105,3.111,3.105,3.106,3.1155,3.116,3.11,3.111,22
2026-06-12 15:25:00,3.1055,3.11,3.102,3.104,3.1105,3.115,3.107,3.109,30
2026-06-12 15:26:00,3.105,3.108,3.1045,3.108,3.11,3.113,3.1095,3.113,33
2026-06-12 15:27:00,3.1085,3.115,3.1085,3.114,3.1135,3.12,3.1135,3.119,32
2026-06-12 15:28:00,3.113,3.114,3.111,3.113,3.118,3.119,3.116,3.118,14
2026-06-12 15:29:00,3.1125,3.115,3.112,3.114,3.1175,3.12,3.117,3.119,15
2026-06-12 15:30:00,3.113,3.113,3.108,3.109,3.118,3.118,3.113,3.114,30
2026-06-12 15:31:00,3.11,3.113,3.108,3.113,3.115,3.118,3.113,3.118,34
2026-06-12 15:32:00,3.114,3.114,3.1105,3.112,3.119,3.119,3.1155,3.117,48
2026-06-12 15:33:00,3.113,3.114,3.112,3.113,3.118,3.119,3.117,3.118,32
2026-06-12 15:34:00,3.114,3.114,3.107,3.108,3.119,3.119,3.112,3.113,58
2026-06-12 15:35:00,3.107,3.108,3.107,3.108,3.112,3.113,3.112,3.113,38
2026-06-12 15:36:00,3.107,3.1115,3.107,3.109,3.112,3.1165,3.112,3.114,64
2026-06-12 15:37:00,3.108,3.111,3.108,3.11,3.113,3.116,3.113,3.115,30
2026-06-12 15:38:00,3.111,3.111,3.108,3.11,3.116,3.116,3.113,3.115,28
2026-06-12 15:39:00,3.1095,3.115,3.109,3.1145,3.1145,3.12,3.114,3.1195,27
2026-06-12 15:40:00,3.114,3.126,3.113,3.123,3.119,3.131,3.118,3.128,79
2026-06-12 15:41:00,3.122,3.127,3.119,3.1225,3.127,3.132,3.124,3.1275,94
2026-06-12 15:42:00,3.123,3.123,3.119,3.12,3.128,3.128,3.124,3.125,35
2026-06-12 15:43:00,3.119,3.121,3.115,3.1175,3.124,3.126,3.12,3.1225,38
2026-06-12 15:44:00,3.118,3.124,3.118,3.1215,3.123,3.129,3.123,3.1265,39
2026-06-12 15:45:00,3.122,3.1235,3.12,3.123,3.127,3.1285,3.125,3.128,26
2026-06-12 15:46:00,3.1225,3.1225,3.117,3.119,3.1275,3.1275,3.122,3.124,27
2026-06-12 15:47:00,3.119,3.121,3.117,3.121,3.124,3.126,3.122,3.126,15
2026-06-12 15:48:00,3.122,3.1235,3.121,3.123,3.127,3.1285,3.126,3.128,34
2026-06-12 15:49:00,3.1235,3.124,3.119,3.119,3.1285,3.129,3.124,3.124,24
2026-06-12 15:50:00,3.1195,3.1215,3.117,3.1175,3.1245,3.1265,3.122,3.1225,60
2026-06-12 15:51:00,3.118,3.119,3.117,3.1175,3.123,3.124,3.122,3.1225,36
2026-06-12 15:52:00,3.117,3.118,3.117,3.118,3.122,3.123,3.122,3.123,18
2026-06-12 15:53:00,3.117,3.12,3.115,3.118,3.122,3.125,3.12,3.123,66
2026-06-12 15:54:00,3.1185,3.122,3.1185,3.121,3.1235,3.127,3.1235,3.126,32
2026-06-12 15:55:00,3.122,3.128,3.122,3.1275,3.127,3.133,3.127,3.1325,62
2026-06-12 15:56:00,3.127,3.131,3.127,3.129,3.132,3.136,3.132,3.134,32
2026-06-12 15:57:00,3.128,3.129,3.127,3.128,3.133,3.134,3.132,3.133,38
2026-06-12 15:58:00,3.129,3.129,3.127,3.129,3.134,3.134,3.132,3.134,32
2026-06-12 15:59:00,3.128,3.129,3.1265,3.127,3.133,3.134,3.1315,3.132,9
2026-06-12 16:00:00,3.1265,3.132,3.125,3.131,3.1315,3.137,3.13,3.136,39
2026-06-12 16:01:00,3.13,3.1305,3.127,3.127,3.135,3.1355,3.132,3.132,48
2026-06-12 16:02:00,3.1265,3.127,3.124,3.1255,3.1315,3.132,3.129,3.1305,60
2026-06-12 16:03:00,3.126,3.127,3.124,3.126,3.131,3.132,3.129,3.131,14
2026-06-12 16:04:00,3.126,3.132,3.125,3.131,3.131,3.1365,3.13,3.136,54
2026-06-12 16:05:00,3.132,3.132,3.13,3.132,3.137,3.137,3.135,3.137,30
2026-06-12 16:06:00,3.1315,3.135,3.128,3.131,3.1365,3.14,3.133,3.136,142
2026-06-12 16:07:00,3.13,3.13,3.128,3.128,3.135,3.135,3.133,3.133,14
2026-06-12 16:08:00,3.127,3.133,3.127,3.132,3.132,3.138,3.132,3.137,22
2026-06-12 16:09:00,3.133,3.134,3.132,3.132,3.138,3.139,3.137,3.137,22
2026-06-12 16:10:00,3.131,3.132,3.13,3.13,3.136,3.137,3.135,3.135,19
2026-06-12 16:11:00,3.129,3.134,3.129,3.132,3.134,3.139,3.134,3.137,20
2026-06-12 16:12:00,3.131,3.133,3.131,3.132,3.136,3.138,3.136,3.137,10
2026-06-12 16:13:00,3.131,3.135,3.13,3.133,3.136,3.14,3.135,3.138,24
2026-06-12 16:14:00,3.132,3.132,3.126,3.127,3.137,3.137,3.131,3.132,14
2026-06-12 16:15:00,3.128,3.132,3.127,3.1315,3.133,3.137,3.132,3.1365,22
2026-06-12 16:16:00,3.132,3.135,3.132,3.135,3.137,3.14,3.137,3.14,20
2026-06-12 16:17:00,3.136,3.138,3.134,3.137,3.141,3.143,3.139,3.142,32
2026-06-12 16:18:00,3.136,3.1415,3.134,3.14,3.141,3.1465,3.139,3.145,40
2026-06-12 16:19:00,3.139,3.139,3.137,3.138,3.144,3.144,3.142,3.143,4
2026-06-12 16:20:00,3.139,3.139,3.135,3.137,3.144,3.144,3.14,3.142,18
2026-06-12 16:21:00,3.136,3.136,3.135,3.1355,3.141,3.141,3.14,3.1405,25
2026-06-12 16:22:00,3.135,3.137,3.134,3.136,3.14,3.142,3.139,3.141,22
2026-06-12 16:23:00,3.1365,3.139,3.135,3.139,3.1415,3.144,3.14,3.144,34
2026-06-12 16:24:00,3.1385,3.1425,3.1365,3.142,3.1435,3.1475,3.1415,3.147,20
2026-06-12 16:25:00,3.141,3.141,3.139,3.141,3.146,3.146,3.144,3.146,25
2026-06-12 16:26:00,3.1405,3.141,3.139,3.139,3.1455,3.146,3.144,3.144,12
2026-06-12 16:27:00,3.138,3.14,3.138,3.139,3.143,3.145,3.143,3.144,7
2026-06-12 16:28:00,3.14,3.141,3.1375,3.138,3.145,3.146,3.1425,3.143,25
2026-06-12 16:29:00,3.137,3.138,3.1335,3.137,3.142,3.143,3.1385,3.142,29
2026-06-12 16:30:00,3.138,3.14,3.136,3.138,3.143,3.145,3.141,3.143,14
2026-06-12 16:31:00,3.1375,3.142,3.1375,3.142,3.1425,3.147,3.1425,3.147,26
2026-06-12 16:32:00,3.141,3.145,3.14,3.142,3.146,3.15,3.145,3.147,65
2026-06-12 16:33:00,3.1425,3.152,3.142,3.15,3.1475,3.157,3.147,3.155,59
2026-06-12 16:34:00,3.1505,3.151,3.145,3.148,3.1555,3.156,3.15,3.153,38
2026-06-12 16:35:00,3.147,3.15,3.147,3.1485,3.152,3.155,3.152,3.1535,23
2026-06-12 16:36:00,3.149,3.149,3.143,3.145,3.154,3.154,3.148,3.15,70
2026-06-12 16:37:00,3.146,3.146,3.143,3.145,3.151,3.151,3.148,3.15,26
2026-06-12 16:38:00,3.144,3.151,3.144,3.151,3.149,3.156,3.149,3.156,38
2026-06-12 16:39:00,3.152,3.152,3.146,3.146,3.157,3.157,3.151,3.151,28
2026-06-12 16:40:00,3.147,3.148,3.145,3.146,3.152,3.153,3.15,3.151,17
2026-06-12 16:41:00,3.1465,3.15,3.1465,3.1495,3.1515,3.155,3.1515,3.1545,16
2026-06-12 16:42:00,3.15,3.153,3.15,3.151,3.155,3.158,3.155,3.156,20
2026-06-12 16:43:00,3.15,3.153,3.15,3.152,3.155,3.158,3.155,3.157,33
2026-06-12 16:44:00,3.1515,3.1515,3.149,3.149,3.1565,3.1565,3.154,3.154,14
2026-06-12 16:45:00,3.15,3.152,3.15,3.152,3.155,3.157,3.155,3.157,20
2026-06-12 16:46:00,3.1515,3.152,3.148,3.151,3.1565,3.157,3.153,3.156,27
2026-06-12 16:47:00,3.152,3.152,3.151,3.151,3.157,3.157,3.156,3.156,14
2026-06-12 16:48:00,3.1515,3.152,3.15,3.151,3.1565,3.157,3.155,3.156,14
2026-06-12 16:49:00,3.15,3.151,3.149,3.151,3.155,3.156,3.154,3.156,22
2026-06-12 16:50:00,3.1505,3.1545,3.1505,3.154,3.1555,3.1595,3.1555,3.159,21
2026-06-12 16:51:00,3.155,3.1595,3.154,3.158,3.16,3.1645,3.159,3.163,55
2026-06-12 16:52:00,3.1585,3.165,3.153,3.156,3.1635,3.17,3.158,3.161,136
2026-06-12 16:53:00,3.1565,3.16,3.153,3.157,3.1615,3.165,3.158,3.162,128
2026-06-12 16:54:00,3.1575,3.161,3.157,3.1575,3.1625,3.166,3.162,3.1625,68
2026-06-12 16:55:00,3.158,3.164,3.157,3.16,3.163,3.169,3.162,3.165,56
2026-06-12 16:56:00,3.159,3.16,3.147,3.149,3.164,3.165,3.152,3.154,67
2026-06-12 16:57:00,3.1485,3.15,3.146,3.1465,3.1535,3.155,3.151,3.1515,53
2026-06-12 16:58:00,3.147,3.148,3.1435,3.144,3.152,3.153,3.1485,3.149,47
2026-06-12 16:59:00,3.1445,3.149,3.1445,3.148,3.1495,3.154,3.1495,3.153,34
2026-06-12 17:00:00,3.147,3.1485,3.143,3.144,3.152,3.1535,3.148,3.149,108
2026-06-12 17:01:00,3.145,3.148,3.144,3.144,3.15,3.153,3.149,3.149,52
2026-06-12 17:02:00,3.1445,3.145,3.144,3.145,3.1495,3.15,3.149,3.15,50
2026-06-12 17:03:00,3.1445,3.145,3.143,3.143,3.1495,3.15,3.148,3.148,30
2026-06-12 17:04:00,3.144,3.144,3.141,3.141,3.1485,3.1485,3.146,3.146,25
2026-06-12 17:05:00,3.142,3.143,3.14,3.14,3.147,3.148,3.145,3.145,37
2026-06-12 17:06:00,3.14,3.143,3.14,3.143,3.146,3.148,3.145,3.148,17
2026-06-12 17:07:00,3.144,3.144,3.142,3.142,3.149,3.149,3.147,3.147,28
2026-06-12 17:08:00,3.1425,3.144,3.1415,3.142,3.1475,3.149,3.1465,3.147,21
2026-06-12 17:09:00,3.141,3.145,3.141,3.144,3.146,3.15,3.146,3.149,33
2026-06-12 17:10:00,3.1445,3.146,3.143,3.144,3.1495,3.151,3.148,3.149,19
2026-06-12 17:11:00,3.1435,3.144,3.139,3.14,3.1485,3.149,3.144,3.145,20
2026-06-12 17:12:00,3.141,3.142,3.14,3.142,3.146,3.147,3.145,3.147,10
2026-06-12 17:13:00,3.1415,3.142,3.139,3.139,3.1465,3.147,3.144,3.144,9
2026-06-12 17:14:00,3.137,3.137,3.134,3.135,3.142,3.142,3.139,3.14,17
2026-06-12 17:15:00,3.136,3.136,3.135,3.135,3.141,3.141,3.14,3.14,27
2026-06-12 17:16:00,3.1355,3.138,3.1355,3.136,3.1405,3.143,3.1405,3.141,23
2026-06-12 17:17:00,3.1355,3.136,3.134,3.136,3.1405,3.141,3.139,3.141,9
2026-06-12 17:18:00,3.137,3.144,3.136,3.143,3.142,3.149,3.141,3.148,41
2026-06-12 17:19:00,3.142,3.142,3.14,3.141,3.147,3.147,3.145,3.146,15
2026-06-12 17:20:00,3.142,3.143,3.141,3.141,3.147,3.148,3.146,3.146,23
2026-06-12 17:21:00,3.14,3.143,3.139,3.139,3.145,3.148,3.144,3.144,20
2026-06-12 17:22:00,3.14,3.141,3.139,3.141,3.145,3.146,3.144,3.146,4
2026-06-12 17:23:00,3.1415,3.1455,3.141,3.1455,3.1465,3.1505,3.146,3.1505,14
2026-06-12 17:24:00,3.146,3.146,3.144,3.145,3.151,3.151,3.149,3.15,12
2026-06-12 17:25:00,3.146,3.149,3.146,3.149,3.151,3.154,3.151,3.154,17
2026-06-12 17:26:00,3.15,3.15,3.148,3.15,3.155,3.155,3.153,3.155,7
2026-06-12 17:27:00,3.151,3.152,3.149,3.149,3.156,3.157,3.154,3.154,17
2026-06-12 17:28:00,3.15,3.15,3.147,3.148,3.155,3.155,3.152,3.153,16
2026-06-12 17:29:00,3.149,3.1505,3.144,3.144,3.154,3.1555,3.149,3.149,42
2026-06-12 17:30:00,3.143,3.145,3.143,3.1445,3.148,3.15,3.148,3.1495,17
2026-06-12 17:31:00,3.144,3.145,3.143,3.144,3.149,3.15,3.148,3.149,10
2026-06-12 17:32:00,3.145,3.146,3.143,3.144,3.15,3.151,3.148,3.149,19
2026-06-12 17:33:00,3.145,3.147,3.144,3.144,3.15,3.152,3.149,3.149,20
2026-06-12 17:34:00,3.145,3.147,3.144,3.146,3.15,3.152,3.149,3.151,21
2026-06-12 17:35:00,3.145,3.148,3.141,3.145,3.15,3.153,3.146,3.15,44
2026-06-12 17:36:00,3.1445,3.145,3.1435,3.144,3.1495,3.15,3.1485,3.149,8
2026-06-12 17:37:00,3.143,3.145,3.141,3.143,3.148,3.15,3.146,3.148,26
2026-06-12 17:38:00,3.144,3.144,3.1435,3.1435,3.149,3.149,3.1485,3.1485,4
2026-06-12 17:39:00,3.143,3.144,3.142,3.1425,3.148,3.149,3.147,3.1475,17
2026-06-12 17:40:00,3.143,3.144,3.141,3.144,3.148,3.149,3.146,3.149,9
2026-06-12 17:41:00,3.1445,3.146,3.144,3.146,3.1495,3.151,3.149,3.151,10
2026-06-12 17:42:00,3.145,3.146,3.145,3.146,3.15,3.151,3.15,3.151,7
2026-06-12 17:43:00,3.145,3.146,3.145,3.145,3.15,3.151,3.15,3.15,5
2026-06-12 17:44:00,3.1455,3.147,3.145,3.146,3.1505,3.152,3.15,3.151,6
2026-06-12 17:45:00,3.145,3.145,3.142,3.142,3.15,3.15,3.147,3.147,10
2026-06-12 17:46:00,3.143,3.145,3.1425,3.144,3.148,3.15,3.1475,3.149,8
2026-06-12 17:47:00,3.145,3.145,3.143,3.143,3.15,3.15,3.148,3.148,3
2026-06-12 17:48:00,3.144,3.145,3.143,3.145,3.149,3.15,3.148,3.15,13
2026-06-12 17:49:00,3.144,3.146,3.142,3.145,3.149,3.151,3.147,3.15,16
2026-06-12 17:50:00,3.144,3.1445,3.141,3.141,3.149,3.1495,3.146,3.146,20
2026-06-12 17:51:00,3.142,3.1435,3.141,3.1435,3.147,3.1485,3.146,3.1485,12
2026-06-12 17:52:00,3.143,3.146,3.143,3.146,3.148,3.151,3.148,3.151,21
2026-06-12 17:53:00,3.145,3.145,3.144,3.144,3.15,3.15,3.149,3.149,7
2026-06-12 17:54:00,3.145,3.148,3.145,3.148,3.15,3.153,3.15,3.153,13
2026-06-12 17:55:00,3.1485,3.1485,3.144,3.144,3.1535,3.1535,3.149,3.149,10
2026-06-12 17:56:00,3.143,3.144,3.143,3.143,3.148,3.149,3.148,3.148,5
2026-06-12 17:57:00,3.144,3.146,3.144,3.146,3.149,3.151,3.149,3.151,4
2026-06-12 17:58:00,3.147,3.147,3.144,3.147,3.152,3.152,3.149,3.152,9
2026-06-12 17:59:00,3.146,3.148,3.145,3.147,3.151,3.153,3.15,3.152,11
2026-06-12 18:00:00,3.148,3.148,3.144,3.1445,3.153,3.153,3.149,3.1495,18
2026-06-12 18:01:00,3.144,3.145,3.142,3.143,3.149,3.15,3.147,3.148,14
2026-06-12 18:02:00,3.142,3.144,3.139,3.14,3.147,3.149,3.144,3.145,11
2026-06-12 18:03:00,3.141,3.141,3.14,3.1405,3.146,3.146,3.145,3.1455,26
2026-06-12 18:04:00,3.141,3.142,3.14,3.142,3.146,3.147,3.145,3.147,6
2026-06-12 18:05:00,3.143,3.143,3.142,3.143,3.148,3.148,3.147,3.148,7
2026-06-12 18:06:00,3.144,3.144,3.142,3.142,3.149,3.149,3.147,3.147,10
2026-06-12 18:07:00,3.1425,3.145,3.1425,3.144,3.1475,3.15,3.1475,3.149,11
2026-06-12 18:08:00,3.145,3.145,3.143,3.143,3.15,3.15,3.148,3.148,3
2026-06-12 18:09:00,3.144,3.145,3.144,3.145,3.149,3.15,3.149,3.15,2
2026-06-12 18:10:00,3.144,3.145,3.143,3.145,3.149,3.15,3.148,3.15,5
2026-06-12 18:11:00,3.146,3.146,3.145,3.145,3.151,3.151,3.15,3.15,2
2026-06-12 18:12:00,3.146,3.147,3.145,3.146,3.151,3.152,3.15,3.151,8
2026-06-12 18:13:00,3.147,3.147,3.141,3.145,3.152,3.152,3.146,3.15,59
2026-06-12 18:14:00,3.144,3.15,3.144,3.149,3.149,3.155,3.149,3.154,21
2026-06-12 18:15:00,3.148,3.149,3.147,3.149,3.153,3.154,3.152,3.154,8
2026-06-12 18:16:00,3.15,3.151,3.1495,3.151,3.155,3.156,3.1545,3.156,10
2026-06-12 18:17:00,3.152,3.153,3.147,3.147,3.157,3.158,3.152,3.152,20
2026-06-12 18:18:00,3.148,3.149,3.147,3.148,3.153,3.154,3.152,3.153,14
2026-06-12 18:19:00,3.1475,3.151,3.147,3.1495,3.1525,3.156,3.152,3.1545,16
2026-06-12 18:20:00,3.15,3.15,3.149,3.15,3.155,3.155,3.154,3.155,18
2026-06-12 18:21:00,3.149,3.149,3.147,3.147,3.154,3.154,3.152,3.152,8
2026-06-12 18:22:00,3.1475,3.149,3.1475,3.1485,3.1525,3.154,3.1525,3.1535,11
2026-06-12 18:23:00,3.149,3.149,3.147,3.147,3.154,3.154,3.152,3.152,10
2026-06-12 18:24:00,3.148,3.148,3.146,3.146,3.153,3.153,3.151,3.151,13
2026-06-12 18:25:00,3.147,3.15,3.146,3.146,3.152,3.155,3.151,3.151,19
2026-06-12 18:26:00,3.1465,3.147,3.146,3.147,3.1515,3.152,3.151,3.152,13
2026-06-12 18:27:00,3.148,3.15,3.148,3.149,3.153,3.155,3.153,3.154,12
2026-06-12 18:28:00,3.1495,3.1495,3.1485,3.149,3.1545,3.1545,3.1535,3.154,12
2026-06-12 18:29:00,3.1495,3.151,3.148,3.151,3.1545,3.156,3.153,3.156,15
2026-06-12 18:30:00,3.15,3.159,3.15,3.159,3.155,3.164,3.155,3.164,31
2026-06-12 18:31:00,3.16,3.163,3.157,3.1575,3.165,3.168,3.162,3.1625,31
2026-06-12 18:32:00,3.157,3.158,3.156,3.157,3.162,3.163,3.161,3.162,24
2026-06-12 18:33:00,3.1575,3.1575,3.156,3.157,3.1625,3.1625,3.161,3.162,7
2026-06-12 18:34:00,3.158,3.159,3.156,3.156,3.163,3.164,3.161,3.161,20
2026-06-12 18:35:00,3.155,3.16,3.155,3.159,3.16,3.165,3.16,3.164,11
2026-06-12 18:36:00,3.1595,3.16,3.158,3.159,3.1645,3.165,3.163,3.164,17
2026-06-12 18:37:00,3.1595,3.163,3.159,3.161,3.1645,3.168,3.164,3.166,23
2026-06-12 18:38:00,3.16,3.166,3.16,3.166,3.165,3.171,3.165,3.171,12
2026-06-12 18:39:00,3.167,3.167,3.161,3.1615,3.172,3.172,3.166,3.1665,24
2026-06-12 18:40:00,3.161,3.163,3.16,3.1625,3.166,3.168,3.165,3.1675,25
2026-06-12 18:41:00,3.163,3.163,3.158,3.1585,3.168,3.168,3.163,3.1635,23
2026-06-12 18:42:00,3.159,3.16,3.158,3.158,3.164,3.165,3.163,3.163,21
2026-06-12 18:43:00,3.157,3.158,3.156,3.157,3.162,3.163,3.161,3.162,12
2026-06-12 18:44:00,3.158,3.158,3.157,3.158,3.163,3.163,3.162,3.163,15
2026-06-12 18:45:00,3.157,3.158,3.155,3.155,3.162,3.163,3.16,3.16,22
2026-06-12 18:46:00,3.156,3.158,3.154,3.157,3.161,3.163,3.159,3.162,45
2026-06-12 18:47:00,3.1575,3.158,3.157,3.158,3.1625,3.163,3.162,3.163,8
2026-06-12 18:48:00,3.159,3.16,3.158,3.158,3.164,3.165,3.163,3.163,19
2026-06-12 18:49:00,3.159,3.1615,3.157,3.161,3.164,3.1665,3.162,3.166,28
2026-06-12 18:50:00,3.162,3.163,3.161,3.162,3.167,3.168,3.166,3.167,18
2026-06-12 18:51:00,3.161,3.161,3.156,3.1585,3.166,3.166,3.161,3.1635,26
2026-06-12 18:52:00,3.159,3.16,3.1585,3.16,3.164,3.165,3.1635,3.165,9
2026-06-12 18:53:00,3.159,3.161,3.159,3.159,3.164,3.166,3.164,3.164,14
2026-06-12 18:54:00,3.1595,3.16,3.158,3.16,3.1645,3.165,3.163,3.165,9
2026-06-12 18:55:00,3.159,3.161,3.159,3.159,3.164,3.166,3.164,3.164,14
2026-06-12 18:56:00,3.16,3.16,3.158,3.158,3.165,3.165,3.163,3.163,12
2026-06-12 18:57:00,3.159,3.159,3.146,3.1465,3.164,3.164,3.151,3.1515,38
2026-06-12 18:58:00,3.145,3.149,3.145,3.149,3.15,3.154,3.15,3.154,19
2026-06-12 18:59:00,3.148,3.151,3.148,3.15,3.153,3.156,3.153,3.155,8
2026-06-12 19:00:00,3.149,3.153,3.149,3.153,3.154,3.158,3.154,3.158,22
2026-06-12 19:01:00,3.152,3.154,3.151,3.151,3.157,3.159,3.156,3.156,19
2026-06-12 19:02:00,3.15,3.153,3.15,3.152,3.155,3.158,3.155,3.157,9
2026-06-12 19:03:00,3.153,3.153,3.152,3.152,3.158,3.158,3.157,3.157,2
2026-06-12 19:04:00,3.151,3.152,3.15,3.152,3.156,3.157,3.155,3.157,6
2026-06-12 19:05:00,3.153,3.153,3.149,3.151,3.158,3.158,3.154,3.156,12
2026-06-12 19:06:00,3.15,3.152,3.148,3.152,3.155,3.157,3.153,3.157,45
2026-06-12 19:07:00,3.1515,3.153,3.15,3.151,3.1565,3.158,3.155,3.156,29
2026-06-12 19:08:00,3.15,3.152,3.15,3.151,3.155,3.157,3.155,3.156,6
2026-06-12 19:09:00,3.152,3.152,3.15,3.15,3.157,3.157,3.155,3.155,3
2026-06-12 19:10:00,3.1505,3.151,3.1495,3.15,3.1555,3.156,3.1545,3.155,9
2026-06-12 19:11:00,3.151,3.1515,3.149,3.1515,3.156,3.1565,3.154,3.1565,11
2026-06-12 19:12:00,3.151,3.152,3.151,3.151,3.156,3.157,3.156,3.156,7
2026-06-12 19:13:00,3.152,3.152,3.15,3.151,3.157,3.157,3.155,3.156,4
2026-06-12 19:14:00,3.152,3.153,3.149,3.149,3.157,3.158,3.154,3.154,14
2026-06-12 19:15:00,3.1515,3.152,3.151,3.152,3.1565,3.157,3.156,3.157,5
2026-06-12 19:16:00,3.1525,3.155,3.1525,3.155,3.1575,3.16,3.1575,3.16,11
2026-06-12 19:17:00,3.156,3.156,3.153,3.153,3.161,3.161,3.158,3.158,4
2026-06-12 19:18:00,3.1525,3.153,3.152,3.152,3.1575,3.158,3.157,3.157,9
2026-06-12 19:19:00,3.153,3.153,3.151,3.152,3.158,3.158,3.156,3.157,4
2026-06-12 19:20:00,3.151,3.152,3.151,3.152,3.156,3.157,3.156,3.157,7
2026-06-12 19:21:00,3.153,3.154,3.152,3.153,3.158,3.159,3.157,3.158,11
2026-06-12 19:22:00,3.152,3.154,3.152,3.153,3.157,3.159,3.157,3.158,5
2026-06-12 19:23:00,3.154,3.154,3.154,3.154,3.159,3.159,3.159,3.159,1
2026-06-12 19:24:00,3.153,3.154,3.152,3.152,3.158,3.159,3.157,3.157,15
2026-06-12 19:25:00,3.151,3.152,3.151,3.152,3.156,3.157,3.156,3.157,5
2026-06-12 19:26:00,3.151,3.1515,3.149,3.149,3.156,3.1565,3.154,3.154,5
2026-06-12 19:27:00,3.15,3.15,3.145,3.147,3.155,3.155,3.15,3.152,27
2026-06-12 19:28:00,3.148,3.15,3.148,3.149,3.153,3.155,3.153,3.154,21
2026-06-12 19:29:00,3.1485,3.149,3.145,3.146,3.1535,3.154,3.15,3.151,22
2026-06-12 19:30:00,3.145,3.146,3.143,3.1435,3.15,3.151,3.148,3.1485,16
2026-06-12 19:31:00,3.143,3.145,3.142,3.1445,3.148,3.15,3.147,3.1495,18
2026-06-12 19:32:00,3.145,3.146,3.144,3.144,3.15,3.151,3.149,3.149,8
2026-06-12 19:33:00,3.1435,3.146,3.1435,3.145,3.1485,3.151,3.1485,3.15,6
2026-06-12 19:34:00,3.146,3.147,3.144,3.144,3.151,3.152,3.149,3.149,14
2026-06-12 19:35:00,3.1445,3.145,3.143,3.143,3.1495,3.15,3.148,3.148,16
2026-06-12 19:36:00,3.142,3.143,3.142,3.142,3.147,3.148,3.147,3.147,8
2026-06-12 19:37:00,3.143,3.145,3.142,3.144,3.148,3.15,3.147,3.149,11
2026-06-12 19:38:00,3.1445,3.145,3.143,3.144,3.1495,3.15,3.148,3.149,10
2026-06-12 19:39:00,3.145,3.145,3.143,3.144,3.15,3.15,3.148,3.149,7
2026-06-12 19:40:00,3.143,3.144,3.1425,3.143,3.148,3.149,3.1475,3.148,11
2026-06-12 19:41:00,3.142,3.145,3.142,3.144,3.147,3.15,3.147,3.149,12
2026-06-12 19:42:00,3.143,3.145,3.143,3.144,3.148,3.15,3.148,3.149,14
2026-06-12 19:43:00,3.145,3.145,3.144,3.145,3.15,3.15,3.149,3.15,10
2026-06-12 19:44:00,3.144,3.146,3.144,3.146,3.149,3.151,3.149,3.151,3
2026-06-12 19:45:00,3.145,3.146,3.145,3.146,3.15,3.151,3.15,3.151,7
2026-06-12 19:46:00,3.145,3.147,3.145,3.147,3.15,3.152,3.15,3.152,14
2026-06-12 19:47:00,3.146,3.146,3.146,3.146,3.151,3.151,3.151,3.151,1
2026-06-12 19:48:00,3.147,3.147,3.146,3.146,3.152,3.152,3.151,3.151,4
2026-06-12 19:49:00,3.145,3.148,3.145,3.147,3.15,3.153,3.15,3.152,5
2026-06-12 19:50:00,3.146,3.146,3.144,3.145,3.151,3.151,3.149,3.15,9
2026-06-12 19:51:00,3.144,3.152,3.144,3.152,3.149,3.157,3.149,3.157,16
2026-06-12 19:52:00,3.153,3.153,3.152,3.153,3.158,3.158,3.157,3.158,14
2026-06-12 19:53:00,3.152,3.152,3.15,3.151,3.157,3.157,3.155,3.156,8
2026-06-12 19:54:00,3.15,3.15,3.144,3.147,3.155,3.155,3.149,3.152,33
2026-06-12 19:55:00,3.148,3.148,3.143,3.144,3.153,3.153,3.148,3.149,33
2026-06-12 19:56:00,3.143,3.146,3.143,3.145,3.148,3.151,3.148,3.15,14
2026-06-12 19:57:00,3.144,3.146,3.144,3.145,3.149,3.151,3.149,3.15,10
2026-06-12 19:58:00,3.144,3.146,3.144,3.145,3.149,3.151,3.149,3.15,11
2026-06-12 19:59:00,3.144,3.146,3.144,3.145,3.149,3.151,3.149,3.15,11
2026-06-12 20:00:00,3.1445,3.145,3.143,3.143,3.1495,3.15,3.148,3.148,15
2026-06-12 20:01:00,3.1435,3.144,3.142,3.142,3.1485,3.149,3.147,3.147,20
2026-06-12 20:02:00,3.1425,3.144,3.142,3.144,3.1475,3.149,3.147,3.149,7
2026-06-12 20:03:00,3.145,3.145,3.142,3.143,3.15,3.15,3.147,3.148,8
2026-06-12 20:05:00,3.142,3.145,3.142,3.143,3.147,3.15,3.147,3.148,17
2026-06-12 20:06:00,3.1435,3.1445,3.142,3.144,3.1485,3.1495,3.147,3.149,21
2026-06-12 20:07:00,3.143,3.144,3.143,3.144,3.148,3.149,3.148,3.149,4
2026-06-12 20:08:00,3.1435,3.144,3.143,3.143,3.1485,3.149,3.148,3.148,9
2026-06-12 20:09:00,3.142,3.146,3.142,3.145,3.147,3.151,3.147,3.15,18
2026-06-12 20:10:00,3.1455,3.146,3.144,3.144,3.1505,3.151,3.149,3.149,12
2026-06-12 20:11:00,3.1435,3.144,3.143,3.144,3.1485,3.149,3.148,3.149,8
2026-06-12 20:12:00,3.145,3.145,3.1445,3.145,3.15,3.15,3.1495,3.15,5
2026-06-12 20:13:00,3.1445,3.1465,3.144,3.146,3.1495,3.1515,3.149,3.151,7
2026-06-12 20:14:00,3.1465,3.149,3.146,3.148,3.1515,3.154,3.151,3.153,25
2026-06-12 20:15:00,3.149,3.149,3.146,3.147,3.154,3.154,3.151,3.152,26
2026-06-12 20:16:00,3.1475,3.1475,3.147,3.147,3.1525,3.1525,3.152,3.152,2
2026-06-12 20:17:00,3.1465,3.149,3.146,3.149,3.1515,3.154,3.151,3.154,11
2026-06-12 20:18:00,3.148,3.148,3.145,3.146,3.153,3.153,3.15,3.151,7
2026-06-12 20:19:00,3.147,3.147,3.145,3.145,3.152,3.152,3.15,3.15,4
2026-06-12 20:20:00,3.144,3.144,3.143,3.143,3.149,3.149,3.148,3.148,18
2026-06-12 20:21:00,3.142,3.144,3.14,3.142,3.147,3.149,3.145,3.147,30
2026-06-12 20:22:00,3.141,3.143,3.14,3.1425,3.146,3.148,3.145,3.1475,21
2026-06-12 20:23:00,3.143,3.144,3.143,3.143,3.148,3.149,3.148,3.148,6
2026-06-12 20:24:00,3.144,3.15,3.144,3.148,3.149,3.155,3.149,3.153,25
2026-06-12 20:25:00,3.147,3.1485,3.146,3.148,3.152,3.1535,3.151,3.153,28
2026-06-12 20:26:00,3.1485,3.151,3.148,3.15,3.1535,3.156,3.153,3.155,14
2026-06-12 20:27:00,3.149,3.154,3.149,3.151,3.154,3.159,3.154,3.156,18
2026-06-12 20:28:00,3.15,3.155,3.147,3.15,3.155,3.16,3.152,3.155,147
2026-06-12 20:29:00,3.1495,3.152,3.148,3.151,3.1545,3.157,3.153,3.156,72
2026-06-12 20:30:00,3.152,3.152,3.145,3.145,3.157,3.157,3.15,3.15,18
2026-06-12 20:31:00,3.146,3.147,3.145,3.145,3.151,3.152,3.15,3.15,24
2026-06-12 20:32:00,3.146,3.146,3.145,3.145,3.151,3.151,3.15,3.15,3
2026-06-12 20:33:00,3.1455,3.148,3.145,3.148,3.1505,3.153,3.15,3.153,19
2026-06-12 20:34:00,3.149,3.152,3.148,3.152,3.154,3.157,3.153,3.157,14
2026-06-12 20:35:00,3.151,3.1515,3.15,3.1515,3.156,3.1565,3.155,3.1565,16
2026-06-12 20:36:00,3.152,3.152,3.15,3.151,3.157,3.157,3.155,3.156,10
2026-06-12 20:37:00,3.1515,3.154,3.151,3.154,3.1565,3.159,3.156,3.159,11
2026-06-12 20:38:00,3.1535,3.154,3.1525,3.153,3.1585,3.159,3.1575,3.158,11
2026-06-12 20:39:00,3.154,3.155,3.153,3.155,3.159,3.16,3.158,3.16,10
2026-06-12 20:40:00,3.156,3.156,3.153,3.154,3.161,3.161,3.158,3.159,13
2026-06-12 20:41:00,3.1535,3.155,3.1535,3.155,3.1585,3.16,3.1585,3.16,3
2026-06-12 20:42:00,3.1545,3.155,3.154,3.154,3.1595,3.16,3.159,3.159,3
2026-06-12 20:43:00,3.1545,3.155,3.154,3.155,3.1595,3.16,3.159,3.16,5
2026-06-12 20:44:00,3.156,3.158,3.154,3.157,3.161,3.163,3.159,3.162,12
2026-06-12 20:45:00,3.1575,3.158,3.156,3.157,3.1625,3.163,3.161,3.162,8
2026-06-12 20:46:00,3.156,3.158,3.156,3.157,3.161,3.163,3.161,3.162,4
2026-06-12 20:47:00,3.156,3.16,3.156,3.159,3.161,3.165,3.161,3.164,14
2026-06-12 20:48:00,3.1595,3.1595,3.159,3.159,3.1645,3.1645,3.164,3.164,2
2026-06-12 20:49:00,3.158,3.16,3.158,3.16,3.163,3.165,3.163,3.165,9
2026-06-12 20:50:00,3.161,3.161,3.158,3.158,3.166,3.166,3.163,3.163,8
2026-06-12 20:51:00,3.1575,3.1575,3.157,3.157,3.1625,3.1625,3.162,3.162,2
2026-06-12 20:52:00,3.1575,3.158,3.157,3.158,3.1625,3.163,3.162,3.163,4
2026-06-12 20:53:00,3.157,3.1575,3.157,3.1575,3.162,3.1625,3.162,3.1625,2
2026-06-12 20:54:00,3.158,3.159,3.158,3.159,3.163,3.164,3.163,3.164,6
2026-06-12 20:55:00,3.1585,3.159,3.1585,3.159,3.1635,3.164,3.1635,3.164,4
2026-06-12 20:56:00,3.1595,3.162,3.159,3.16,3.1645,3.167,3.164,3.165,13
2026-06-12 20:57:00,3.159,3.159,3.156,3.156,3.164,3.164,3.161,3.161,19
2026-06-12 20:58:00,3.157,3.157,3.156,3.1565,3.162,3.162,3.161,3.1615,4
2026-06-12 20:59:00,3.157,3.157,3.156,3.156,3.162,3.162,3.161,3.161,7
2026-06-12 21:00:00,3.155,3.1555,3.155,3.155,3.16,3.1605,3.16,3.16,3
2026-06-12 21:01:00,3.156,3.156,3.154,3.155,3.161,3.161,3.159,3.16,9
2026-06-12 21:02:00,3.1555,3.1555,3.153,3.153,3.1605,3.1605,3.158,3.158,9
2026-06-12 21:03:00,3.152,3.153,3.151,3.151,3.157,3.158,3.156,3.156,7
2026-06-12 21:04:00,3.1515,3.154,3.1515,3.154,3.1565,3.159,3.1565,3.159,7
2026-06-12 21:05:00,3.153,3.154,3.153,3.154,3.158,3.159,3.158,3.159,2
2026-06-12 21:06:00,3.153,3.1535,3.1525,3.1525,3.158,3.1585,3.1575,3.1575,4
2026-06-12 21:07:00,3.153,3.155,3.151,3.151,3.158,3.16,3.156,3.156,12
2026-06-12 21:08:00,3.15,3.15,3.148,3.148,3.155,3.155,3.153,3.153,3
2026-06-12 21:09:00,3.147,3.148,3.147,3.148,3.152,3.153,3.152,3.153,4
2026-06-12 21:10:00,3.147,3.149,3.147,3.149,3.152,3.154,3.152,3.154,4
2026-06-12 21:12:00,3.148,3.149,3.148,3.149,3.153,3.154,3.153,3.154,2
2026-06-12 21:13:00,3.1495,3.15,3.1495,3.15,3.1545,3.155,3.1545,3.155,2
2026-06-12 21:14:00,3.151,3.152,3.15,3.152,3.156,3.157,3.155,3.157,7
2026-06-12 21:15:00,3.153,3.153,3.152,3.153,3.158,3.158,3.157,3.158,4
2026-06-12 21:16:00,3.152,3.152,3.151,3.151,3.157,3.157,3.156,3.156,3
2026-06-12 21:17:00,3.1505,3.151,3.1505,3.151,3.1555,3.156,3.1555,3.156,2
2026-06-12 21:18:00,3.152,3.152,3.15,3.151,3.157,3.157,3.155,3.156,9
2026-06-12 21:20:00,3.1515,3.152,3.151,3.152,3.1565,3.157,3.156,3.157,3
2026-06-12 21:28:00,3.153,3.154,3.152,3.153,3.158,3.159,3.157,3.158,33
2026-06-12 21:29:00,3.154,3.156,3.154,3.156,3.159,3.161,3.159,3.161,18
2026-06-12 21:30:00,3.157,3.157,3.156,3.156,3.162,3.162,3.161,3.161,4
2026-06-12 21:32:00,3.155,3.157,3.155,3.157,3.16,3.162,3.16,3.162,9
2026-06-12 21:34:00,3.158,3.16,3.157,3.159,3.163,3.165,3.162,3.164,10
2026-06-12 21:35:00,3.158,3.159,3.157,3.157,3.163,3.164,3.162,3.162,6
2026-06-12 21:36:00,3.1565,3.1565,3.1525,3.155,3.1615,3.1615,3.1575,3.16,31
2026-06-12 21:37:00,3.156,3.158,3.156,3.158,3.161,3.163,3.161,3.163,7
2026-06-12 21:39:00,3.159,3.159,3.159,3.159,3.164,3.164,3.164,3.164,1
2026-06-12 21:40:00,3.16,3.16,3.159,3.1595,3.165,3.165,3.164,3.1645,15
2026-06-12 21:41:00,3.159,3.162,3.159,3.162,3.164,3.167,3.164,3.167,12
2026-06-12 21:42:00,3.161,3.161,3.16,3.161,3.166,3.166,3.165,3.166,3
2026-06-12 21:43:00,3.16,3.161,3.16,3.161,3.165,3.166,3.165,3.166,4
2026-06-12 21:46:00,3.162,3.162,3.161,3.161,3.167,3.167,3.166,3.166,8
2026-06-12 21:47:00,3.16,3.16,3.16,3.16,3.165,3.165,3.165,3.165,1
2026-06-12 21:50:00,3.159,3.16,3.159,3.16,3.164,3.165,3.164,3.165,2
2026-06-12 21:54:00,3.161,3.164,3.161,3.163,3.166,3.169,3.166,3.168,10
2026-06-12 21:55:00,3.162,3.163,3.162,3.163,3.167,3.168,3.167,3.168,3
2026-06-12 21:56:00,3.162,3.164,3.162,3.163,3.167,3.169,3.167,3.168,8
2026-06-12 21:57:00,3.1635,3.164,3.163,3.164,3.1685,3.169,3.168,3.169,4
2026-06-12 21:58:00,3.165,3.165,3.159,3.16,3.17,3.17,3.164,3.165,22
2026-06-12 21:59:00,3.161,3.161,3.16,3.16,3.166,3.166,3.165,3.165,12
2026-06-12 22:00:00,3.161,3.164,3.16,3.164,3.166,3.169,3.165,3.169,21
2026-06-12 22:01:00,3.163,3.163,3.162,3.163,3.168,3.168,3.167,3.168,6
2026-06-12 22:04:00,3.1635,3.164,3.1635,3.164,3.1685,3.169,3.1685,3.169,2
2026-06-12 22:05:00,3.165,3.168,3.164,3.167,3.17,3.173,3.169,3.172,41
2026-06-12 22:06:00,3.1675,3.1675,3.166,3.166,3.1725,3.1725,3.171,3.171,9
2026-06-12 22:07:00,3.1665,3.167,3.164,3.165,3.1715,3.172,3.169,3.17,9
2026-06-12 22:08:00,3.1645,3.1645,3.164,3.164,3.1695,3.1695,3.169,3.169,2
2026-06-12 22:14:00,3.1645,3.166,3.1645,3.166,3.1695,3.171,3.1695,3.171,3
2026-06-12 22:15:00,3.1665,3.167,3.166,3.166,3.1715,3.172,3.171,3.171,9
2026-06-12 22:16:00,3.167,3.167,3.1665,3.167,3.172,3.172,3.1715,3.172,7
2026-06-12 22:17:00,3.166,3.167,3.166,3.166,3.171,3.172,3.171,3.171,6
2026-06-12 22:18:00,3.165,3.165,3.165,3.165,3.17,3.17,3.17,3.17,1
2026-06-12 22:19:00,3.164,3.164,3.164,3.164,3.169,3.169,3.169,3.169,1
2026-06-12 22:20:00,3.163,3.164,3.162,3.1635,3.168,3.169,3.167,3.1685,11
2026-06-12 22:21:00,3.164,3.1645,3.164,3.164,3.169,3.1695,3.169,3.169,3
2026-06-12 22:22:00,3.1635,3.164,3.162,3.164,3.1685,3.169,3.167,3.169,6
2026-06-12 22:24:00,3.165,3.165,3.164,3.165,3.17,3.17,3.169,3.17,3
2026-06-12 22:26:00,3.1655,3.166,3.165,3.166,3.1705,3.171,3.17,3.171,4
2026-06-12 22:27:00,3.165,3.166,3.165,3.166,3.17,3.171,3.17,3.171,2
2026-06-12 22:28:00,3.1655,3.166,3.165,3.165,3.1705,3.171,3.17,3.17,4
2026-06-12 22:29:00,3.1655,3.166,3.165,3.165,3.1705,3.171,3.17,3.17,4
2026-06-12 22:30:00,3.1645,3.166,3.1645,3.166,3.1695,3.171,3.1695,3.171,6
2026-06-12 22:31:00,3.167,3.167,3.166,3.166,3.172,3.172,3.171,3.171,9
2026-06-12 22:33:00,3.1655,3.1655,3.164,3.165,3.1705,3.1705,3.169,3.17,4
2026-06-12 22:34:00,3.1645,3.1665,3.164,3.165,3.1695,3.1715,3.169,3.17,17
2026-06-12 22:36:00,3.164,3.164,3.164,3.164,3.169,3.169,3.169,3.169,1
2026-06-12 22:37:00,3.1635,3.164,3.163,3.163,3.1685,3.169,3.168,3.168,4
2026-06-12 22:38:00,3.1635,3.165,3.163,3.164,3.1685,3.17,3.168,3.169,9
2026-06-12 22:39:00,3.1645,3.1645,3.164,3.1645,3.1695,3.1695,3.169,3.1695,3
2026-06-12 22:40:00,3.164,3.164,3.163,3.1635,3.169,3.169,3.168,3.1685,6
2026-06-12 22:41:00,3.163,3.1635,3.163,3.163,3.168,3.1685,3.168,3.168,3
2026-06-12 22:42:00,3.162,3.1625,3.162,3.162,3.167,3.1675,3.167,3.167,3
2026-06-12 22:43:00,3.163,3.163,3.162,3.163,3.168,3.168,3.167,3.168,4
2026-06-12 22:44:00,3.164,3.164,3.163,3.163,3.169,3.169,3.168,3.168,2
2026-06-12 22:45:00,3.1625,3.1625,3.162,3.1625,3.1675,3.1675,3.167,3.1675,5
2026-06-12 22:46:00,3.163,3.163,3.162,3.163,3.168,3.168,3.167,3.168,3
2026-06-12 22:47:00,3.1635,3.1635,3.1635,3.1635,3.1685,3.1685,3.1685,3.1685,1
2026-06-12 22:48:00,3.163,3.1635,3.163,3.1635,3.168,3.1685,3.168,3.1685,2
2026-06-12 22:49:00,3.164,3.164,3.1635,3.164,3.169,3.169,3.1685,3.169,3
2026-06-12 22:50:00,3.163,3.163,3.163,3.163,3.168,3.168,3.168,3.168,1
2026-06-12 22:51:00,3.1635,3.164,3.163,3.163,3.1685,3.169,3.168,3.168,7
2026-06-12 22:52:00,3.1635,3.167,3.1635,3.166,3.1685,3.172,3.1685,3.171,13
2026-06-12 22:53:00,3.165,3.17,3.165,3.17,3.17,3.175,3.17,3.175,10
2026-06-12 22:54:00,3.1695,3.171,3.168,3.169,3.1745,3.176,3.173,3.174,11
2026-06-12 22:55:00,3.168,3.1685,3.1665,3.1675,3.173,3.1735,3.1715,3.1725,12
2026-06-12 22:56:00,3.167,3.1685,3.167,3.1685,3.172,3.1735,3.172,3.1735,3
2026-06-12 22:57:00,3.169,3.171,3.169,3.17,3.174,3.176,3.174,3.175,8
2026-06-12 22:58:00,3.171,3.171,3.169,3.169,3.176,3.176,3.174,3.174,22
2026-06-12 22:59:00,3.17,3.173,3.1679,3.1679,3.175,3.178,3.1728,3.1729,30
2026-06-15 00:00:00,3.1079,3.1174,3.0969,3.1174,3.1129,3.1224,3.1019,3.1224,106
2026-06-15 00:01:00,3.1154,3.1154,3.1109,3.1154,3.1204,3.1204,3.1159,3.1204,24
2026-06-15 00:02:00,3.1149,3.1204,3.1119,3.1164,3.1199,3.1254,3.1169,3.1214,25
2026-06-15 00:03:00,3.1169,3.1229,3.1169,3.1209,3.1219,3.1279,3.1219,3.1259,29
2026-06-15 00:04:00,3.1214,3.1214,3.1194,3.1204,3.1264,3.1264,3.1244,3.1254,8
2026-06-15 00:05:00,3.1189,3.1189,3.1129,3.1154,3.1239,3.1239,3.1179,3.1204,22
2026-06-15 00:06:00,3.1164,3.1219,3.1164,3.1219,3.1214,3.1269,3.1214,3.1269,9
2026-06-15 00:07:00,3.1209,3.1219,3.1189,3.1194,3.1259,3.1269,3.1239,3.1244,9
2026-06-15 00:08:00,3.1189,3.1199,3.1169,3.1184,3.1239,3.1249,3.1219,3.1234,16
2026-06-15 00:09:00,3.1179,3.1204,3.1154,3.1204,3.1229,3.1254,3.1204,3.1254,8
2026-06-15 00:10:00,3.1199,3.1204,3.1184,3.1184,3.1249,3.1254,3.1234,3.1234,6
2026-06-15 00:11:00,3.1189,3.1199,3.1184,3.1184,3.1239,3.1249,3.1234,3.1234,8
2026-06-15 00:12:00,3.1179,3.1189,3.1169,3.1184,3.1229,3.1239,3.1219,3.1234,9
2026-06-15 00:13:00,3.1179,3.1194,3.1179,3.1179,3.1229,3.1244,3.1229,3.1229,8
2026-06-15 00:14:00,3.1184,3.1189,3.1184,3.1189,3.1234,3.1239,3.1234,3.1239,2
2026-06-15 00:15:00,3.1174,3.1199,3.1174,3.1199,3.1224,3.1249,3.1224,3.1249,6
2026-06-15 00:16:00,3.1204,3.1204,3.1199,3.1199,3.1254,3.1254,3.1249,3.1249,2
2026-06-15 00:17:00,3.1204,3.1204,3.1199,3.1199,3.1254,3.1254,3.1249,3.1249,2
2026-06-15 00:18:00,3.1204,3.1209,3.1199,3.1204,3.1254,3.1259,3.1249,3.1254,7
2026-06-15 00:19:00,3.1199,3.1204,3.1159,3.1164,3.1249,3.1254,3.1209,3.1214,13
2026-06-15 00:20:00,3.1169,3.1169,3.1134,3.1149,3.1219,3.1219,3.1184,3.1199,7
2026-06-15 00:21:00,3.1154,3.1154,3.1154,3.1154,3.1204,3.1204,3.1204,3.1204,1
2026-06-15 00:23:00,3.1149,3.1149,3.1134,3.1134,3.1199,3.1199,3.1184,3.1184,3
2026-06-15 00:24:00,3.1139,3.1144,3.1129,3.1129,3.1189,3.1194,3.1179,3.1179,4
2026-06-15 00:25:00,3.1139,3.1149,3.1109,3.1134,3.1189,3.1199,3.1159,3.1184,16
2026-06-15 00:26:00,3.1129,3.1154,3.1129,3.1154,3.1179,3.1204,3.1179,3.1204,4
2026-06-15 00:27:00,3.1159,3.1174,3.1154,3.1154,3.1209,3.1224,3.1204,3.1204,7
2026-06-15 00:28:00,3.1149,3.1154,3.1149,3.1154,3.1199,3.1204,3.1199,3.1204,2
2026-06-15 00:30:00,3.1159,3.1159,3.1159,3.1159,3.1209,3.1209,3.1209,3.1209,1
2026-06-15 00:31:00,3.1154,3.1154,3.1154,3.1154,3.1204,3.1204,3.1204,3.1204,1
2026-06-15 00:32:00,3.1159,3.1169,3.1159,3.1169,3.1209,3.1219,3.1209,3.1219,7
2026-06-15 00:34:00,3.1164,3.1164,3.1154,3.1154,3.1214,3.1214,3.1204,3.1204,7
2026-06-15 00:35:00,3.1149,3.1159,3.1149,3.1159,3.1199,3.1209,3.1199,3.1209,2
2026-06-15 00:36:00,3.1179,3.1184,3.1179,3.1179,3.1229,3.1234,3.1229,3.1229,5
2026-06-15 00:37:00,3.1169,3.1169,3.1169,3.1169,3.1219,3.1219,3.1219,3.1219,1
2026-06-15 00:40:00,3.1164,3.1164,3.1159,3.1159,3.1214,3.1214,3.1209,3.1209,2
2026-06-15 00:41:00,3.1169,3.1169,3.1159,3.1169,3.1219,3.1219,3.1209,3.1219,4
2026-06-15 00:44:00,3.1164,3.1164,3.1159,3.1159,3.1214,3.1214,3.1209,3.1209,4
2026-06-15 00:45:00,3.1164,3.1164,3.1144,3.1149,3.1214,3.1214,3.1194,3.1199,12
2026-06-15 00:46:00,3.1159,3.1159,3.1149,3.1154,3.1209,3.1209,3.1199,3.1204,5
2026-06-15 00:47:00,3.1149,3.1149,3.1149,3.1149,3.1199,3.1199,3.1199,3.1199,1
2026-06-15 00:49:00,3.1159,3.1159,3.1154,3.1154,3.1209,3.1209,3.1204,3.1204,2
2026-06-15 00:51:00,3.1149,3.1149,3.1149,3.1149,3.1199,3.1199,3.1199,3.1199,1
2026-06-15 00:52:00,3.1154,3.1159,3.1154,3.1159,3.1204,3.1209,3.1204,3.1209,4
2026-06-15 00:53:00,3.1149,3.1169,3.1149,3.1164,3.1199,3.1219,3.1199,3.1214,4
2026-06-15 00:54:00,3.1169,3.1169,3.1154,3.1154,3.1219,3.1219,3.1204,3.1204,4
2026-06-15 00:55:00,3.1159,3.1159,3.1159,3.1159,3.1209,3.1209,3.1209,3.1209,1
2026-06-15 00:56:00,3.1154,3.1159,3.1139,3.1139,3.1204,3.1209,3.1189,3.1189,7
2026-06-15 00:57:00,3.1144,3.1144,3.1144,3.1144,3.1194,3.1194,3.1194,3.1194,1
2026-06-15 00:58:00,3.1149,3.1149,3.1149,3.1149,3.1199,3.1199,3.1199,3.1199,1
2026-06-15 00:59:00,3.1139,3.1139,3.1139,3.1139,3.1189,3.1189,3.1189,3.1189,1
2026-06-15 01:00:00,3.1144,3.1144,3.1089,3.1089,3.1194,3.1194,3.1139,3.1139,14
2026-06-15 01:01:00,3.1094,3.1094,3.1059,3.1064,3.1144,3.1144,3.1109,3.1114,7
2026-06-15 01:02:00,3.1049,3.1049,3.1024,3.1024,3.1099,3.1099,3.1074,3.1074,8
2026-06-15 01:03:00,3.1039,3.1044,3.1024,3.1034,3.1089,3.1094,3.1074,3.1084,10
2026-06-15 01:04:00,3.1029,3.1044,3.1029,3.1044,3.1079,3.1094,3.1079,3.1094,3
2026-06-15 01:05:00,3.1039,3.1044,3.1039,3.1039,3.1089,3.1094,3.1089,3.1089,3
2026-06-15 01:06:00,3.1044,3.1044,3.1024,3.1039,3.1094,3.1094,3.1074,3.1089,6
2026-06-15 01:07:00,3.1029,3.1039,3.1009,3.1019,3.1079,3.1089,3.1059,3.1069,10
2026-06-15 01:08:00,3.1014,3.1014,3.1014,3.1014,3.1064,3.1064,3.1064,3.1064,1
2026-06-15 01:09:00,3.1009,3.1009,3.0994,3.0999,3.1059,3.1059,3.1044,3.1049,4
2026-06-15 01:10:00,3.1004,3.1019,3.1004,3.1009,3.1054,3.1069,3.1054,3.1059,7
2026-06-15 01:11:00,3.1004,3.1014,3.0999,3.0999,3.1054,3.1064,3.1049,3.1049,7
2026-06-15 01:12:00,3.1004,3.1004,3.0969,3.0979,3.1054,3.1054,3.1019,3.1029,4
2026-06-15 01:13:00,3.0974,3.0979,3.0974,3.0974,3.1024,3.1029,3.1024,3.1024,3
2026-06-15 01:14:00,3.0979,3.0979,3.0979,3.0979,3.1029,3.1029,3.1029,3.1029,1
2026-06-15 01:17:00,3.0969,3.0969,3.0969,3.0969,3.1019,3.1019,3.1019,3.1019,1
2026-06-15 01:19:00,3.0979,3.0979,3.0969,3.0979,3.1029,3.1029,3.1019,3.1029,5
2026-06-15 01:20:00,3.0969,3.0969,3.0959,3.0969,3.1019,3.1019,3.1009,3.1019,5
2026-06-15 01:22:00,3.0964,3.0969,3.0964,3.0969,3.1014,3.1019,3.1014,3.1019,2
2026-06-15 01:23:00,3.0964,3.0964,3.0959,3.0959,3.1014,3.1014,3.1009,3.1009,2
2026-06-15 01:24:00,3.0954,3.0959,3.0954,3.0959,3.1004,3.1009,3.1004,3.1009,2
2026-06-15 01:25:00,3.0954,3.0959,3.0954,3.0959,3.1004,3.1009,3.1004,3.1009,2
2026-06-15 01:26:00,3.0949,3.0954,3.0949,3.0954,3.0999,3.1004,3.0999,3.1004,2
2026-06-15 01:28:00,3.0949,3.0974,3.0949,3.0969,3.0999,3.1024,3.0999,3.1019,6
2026-06-15 01:29:00,3.0964,3.0964,3.0964,3.0964,3.1014,3.1014,3.1014,3.1014,1
2026-06-15 01:31:00,3.0969,3.0969,3.0964,3.0969,3.1019,3.1019,3.1014,3.1019,3
2026-06-15 01:32:00,3.0964,3.0964,3.0959,3.0959,3.1014,3.1014,3.1009,3.1009,2
2026-06-15 01:36:00,3.0969,3.0969,3.0969,3.0969,3.1019,3.1019,3.1019,3.1019,1
2026-06-15 01:37:00,3.0974,3.0979,3.0974,3.0979,3.1024,3.1029,3.1024,3.1029,2
2026-06-15 01:40:00,3.0959,3.0959,3.0959,3.0959,3.1009,3.1009,3.1009,3.1009,1
2026-06-15 01:45:00,3.0964,3.0969,3.0964,3.0969,3.1014,3.1019,3.1014,3.1019,2
2026-06-15 01:49:00,3.0964,3.0964,3.0919,3.0944,3.1014,3.1014,3.0969,3.0994,10
2026-06-15 01:50:00,3.0939,3.0939,3.0929,3.0929,3.0989,3.0989,3.0979,3.0979,5
2026-06-15 01:51:00,3.0934,3.0939,3.0929,3.0929,3.0984,3.0989,3.0979,3.0979,7
2026-06-15 01:52:00,3.0939,3.0949,3.0939,3.0944,3.0989,3.0999,3.0989,3.0994,4
2026-06-15 01:53:00,3.0949,3.0949,3.0949,3.0949,3.0999,3.0999,3.0999,3.0999,1
2026-06-15 01:54:00,3.0959,3.0959,3.0949,3.0954,3.1009,3.1009,3.0999,3.1004,4
2026-06-15 01:55:00,3.0959,3.0959,3.0959,3.0959,3.1009,3.1009,3.1009,3.1009,1
2026-06-15 01:57:00,3.0949,3.0949,3.0939,3.0939,3.0999,3.0999,3.0989,3.0989,4
2026-06-15 01:58:00,3.0949,3.0959,3.0949,3.0959,3.0999,3.1009,3.0999,3.1009,4
2026-06-15 01:59:00,3.0949,3.0949,3.0939,3.0939,3.0999,3.0999,3.0989,3.0989,3
2026-06-15 02:00:00,3.0949,3.0979,3.0934,3.0959,3.0999,3.1029,3.0984,3.1009,18
2026-06-15 02:01:00,3.0954,3.0954,3.0919,3.0934,3.1004,3.1004,3.0969,3.0984,10
2026-06-15 02:02:00,3.0929,3.0949,3.0929,3.0944,3.0979,3.0999,3.0979,3.0994,7
2026-06-15 02:03:00,3.0929,3.0929,3.0929,3.0929,3.0979,3.0979,3.0979,3.0979,1
2026-06-15 02:04:00,3.0934,3.0939,3.0934,3.0939,3.0984,3.0989,3.0984,3.0989,2
2026-06-15 02:05:00,3.0949,3.0949,3.0949,3.0949,3.0999,3.0999,3.0999,3.0999,1
2026-06-15 02:06:00,3.0939,3.0939,3.0939,3.0939,3.0989,3.0989,3.0989,3.0989,1
2026-06-15 02:07:00,3.0949,3.0959,3.0939,3.0944,3.0999,3.1009,3.0989,3.0994,6
2026-06-15 02:08:00,3.0939,3.0939,3.0939,3.0939,3.0989,3.0989,3.0989,3.0989,1
2026-06-15 02:09:00,3.0934,3.0934,3.0929,3.0929,3.0984,3.0984,3.0979,3.0979,2
2026-06-15 02:10:00,3.0919,3.0939,3.0869,3.0879,3.0969,3.0989,3.0919,3.0929,24
2026-06-15 02:11:00,3.0889,3.0889,3.0839,3.0849,3.0939,3.0939,3.0889,3.0899,10
2026-06-15 02:12:00,3.0859,3.0869,3.0859,3.0859,3.0909,3.0919,3.0909,3.0909,9
2026-06-15 02:13:00,3.0854,3.0859,3.0849,3.0849,3.0904,3.0909,3.0899,3.0899,6
2026-06-15 02:14:00,3.0859,3.0859,3.0849,3.0859,3.0909,3.0909,3.0899,3.0909,5
2026-06-15 02:15:00,3.0854,3.0854,3.0839,3.0849,3.0904,3.0904,3.0889,3.0899,5
2026-06-15 02:17:00,3.0839,3.0839,3.0829,3.0834,3.0889,3.0889,3.0879,3.0884,11
2026-06-15 02:18:00,3.0839,3.0839,3.0829,3.0839,3.0889,3.0889,3.0879,3.0889,10
2026-06-15 02:19:00,3.0834,3.0849,3.0829,3.0844,3.0884,3.0899,3.0879,3.0894,8
2026-06-15 02:20:00,3.0849,3.0879,3.0849,3.0869,3.0899,3.0929,3.0899,3.0919,6
2026-06-15 02:21:00,3.0864,3.0869,3.0864,3.0869,3.0914,3.0919,3.0914,3.0919,2
2026-06-15 02:22:00,3.0874,3.0879,3.0869,3.0869,3.0924,3.0929,3.0919,3.0919,4
2026-06-15 02:24:00,3.0859,3.0869,3.0859,3.0869,3.0909,3.0919,3.0909,3.0919,3
2026-06-15 02:25:00,3.0864,3.0869,3.0844,3.0849,3.0914,3.0919,3.0894,3.0899,15
2026-06-15 02:26:00,3.0854,3.0859,3.0849,3.0849,3.0904,3.0909,3.0899,3.0899,4
2026-06-15 02:27:00,3.0844,3.0859,3.0839,3.0849,3.0894,3.0909,3.0889,3.0899,6
2026-06-15 02:30:00,3.0859,3.0879,3.0859,3.0859,3.0909,3.0929,3.0909,3.0909,5
2026-06-15 02:31:00,3.0869,3.0869,3.0859,3.0869,3.0919,3.0919,3.0909,3.0919,5
2026-06-15 02:32:00,3.0874,3.0879,3.0859,3.0879,3.0924,3.0929,3.0909,3.0929,9
2026-06-15 02:33:00,3.0874,3.0874,3.0869,3.0869,3.0924,3.0924,3.0919,3.0919,2
2026-06-15 02:34:00,3.0874,3.0879,3.0874,3.0879,3.0924,3.0929,3.0924,3.0929,4
2026-06-15 02:38:00,3.0874,3.0874,3.0869,3.0869,3.0924,3.0924,3.0919,3.0919,2
2026-06-15 02:41:00,3.0864,3.0879,3.0859,3.0864,3.0914,3.0929,3.0909,3.0914,8
2026-06-15 02:42:00,3.0869,3.0869,3.0869,3.0869,3.0919,3.0919,3.0919,3.0919,1
2026-06-15 02:44:00,3.0879,3.0879,3.0869,3.0869,3.0929,3.0929,3.0919,3.0919,2
2026-06-15 02:45:00,3.0879,3.0899,3.0879,3.0889,3.0929,3.0949,3.0929,3.0939,11
2026-06-15 02:48:00,3.0879,3.0889,3.0879,3.0889,3.0929,3.0939,3.0929,3.0939,2
2026-06-15 02:49:00,3.0879,3.0889,3.0879,3.0889,3.0929,3.0939,3.0929,3.0939,2
2026-06-15 02:51:00,3.0899,3.0899,3.0889,3.0889,3.0949,3.0949,3.0939,3.0939,2
2026-06-15 02:53:00,3.0884,3.0884,3.0869,3.0869,3.0934,3.0934,3.0919,3.0919,6
2026-06-15 02:54:00,3.0859,3.0864,3.0849,3.0859,3.0909,3.0914,3.0899,3.0909,5
2026-06-15 02:55:00,3.0864,3.0869,3.0839,3.0849,3.0914,3.0919,3.0889,3.0899,10
2026-06-15 02:56:00,3.0854,3.0879,3.0854,3.0869,3.0904,3.0929,3.0904,3.0919,14
2026-06-15 02:59:00,3.0859,3.0864,3.0849,3.0859,3.0909,3.0914,3.0899,3.0909,6
2026-06-15 03:00:00,3.0869,3.0869,3.0859,3.0859,3.0919,3.0919,3.0909,3.0909,18
2026-06-15 03:01:00,3.0854,3.0859,3.0839,3.0839,3.0904,3.0909,3.0889,3.0889,6
2026-06-15 03:03:00,3.0849,3.0849,3.0839,3.0839,3.0899,3.0899,3.0889,3.0889,2
2026-06-15 03:04:00,3.0829,3.0839,3.0809,3.0809,3.0879,3.0889,3.0859,3.0859,15
2026-06-15 03:05:00,3.0819,3.0819,3.0819,3.0819,3.0869,3.0869,3.0869,3.0869,1
2026-06-15 03:06:00,3.0829,3.0834,3.0829,3.0829,3.0879,3.0884,3.0879,3.0879,3
2026-06-15 03:08:00,3.0824,3.0829,3.0824,3.0829,3.0874,3.0879,3.0874,3.0879,2
2026-06-15 03:11:00,3.0819,3.0829,3.0819,3.0829,3.0869,3.0879,3.0869,3.0879,2
2026-06-15 03:14:00,3.0824,3.0824,3.0809,3.0819,3.0874,3.0874,3.0859,3.0869,3
2026-06-15 03:15:00,3.0829,3.0839,3.0829,3.0839,3.0879,3.0889,3.0879,3.0889,3
2026-06-15 03:16:00,3.0829,3.0834,3.0829,3.0829,3.0879,3.0884,3.0879,3.0879,3
2026-06-15 03:17:00,3.0839,3.0839,3.0829,3.0829,3.0889,3.0889,3.0879,3.0879,2
2026-06-15 03:18:00,3.0834,3.0834,3.0829,3.0829,3.0884,3.0884,3.0879,3.0879,4
2026-06-15 03:20:00,3.0834,3.0849,3.0834,3.0849,3.0884,3.0899,3.0884,3.0899,6
2026-06-15 03:21:00,3.0844,3.0849,3.0839,3.0849,3.0894,3.0899,3.0889,3.0899,4
2026-06-15 03:23:00,3.0844,3.0849,3.0839,3.0839,3.0894,3.0899,3.0889,3.0889,4
2026-06-15 03:24:00,3.0834,3.0849,3.0834,3.0849,3.0884,3.0899,3.0884,3.0899,3
2026-06-15 03:28:00,3.0839,3.0839,3.0834,3.0839,3.0889,3.0889,3.0884,3.0889,3
2026-06-15 03:29:00,3.0829,3.0829,3.0829,3.0829,3.0879,3.0879,3.0879,3.0879,1
2026-06-15 03:30:00,3.0839,3.0839,3.0819,3.0829,3.0889,3.0889,3.0869,3.0879,5
2026-06-15 03:31:00,3.0824,3.0824,3.0814,3.0819,3.0874,3.0874,3.0864,3.0869,4
2026-06-15 03:34:00,3.0809,3.0829,3.0809,3.0819,3.0859,3.0879,3.0859,3.0869,4
2026-06-15 03:35:00,3.0814,3.0819,3.0814,3.0819,3.0864,3.0869,3.0864,3.0869,2
2026-06-15 03:38:00,3.0814,3.0829,3.0809,3.0819,3.0864,3.0879,3.0859,3.0869,11
2026-06-15 03:40:00,3.0814,3.0829,3.0809,3.0829,3.0864,3.0879,3.0859,3.0879,8
2026-06-15 03:42:00,3.0824,3.0839,3.0819,3.0839,3.0874,3.0889,3.0869,3.0889,13
2026-06-15 03:43:00,3.0849,3.0849,3.0839,3.0839,3.0899,3.0899,3.0889,3.0889,2
2026-06-15 03:44:00,3.0849,3.0849,3.0849,3.0849,3.0899,3.0899,3.0899,3.0899,1
2026-06-15 03:46:00,3.0854,3.0869,3.0854,3.0869,3.0904,3.0919,3.0904,3.0919,3
2026-06-15 03:47:00,3.0879,3.0899,3.0879,3.0899,3.0929,3.0949,3.0929,3.0949,3
2026-06-15 03:48:00,3.0889,3.0889,3.0869,3.0869,3.0939,3.0939,3.0919,3.0919,4
2026-06-15 03:50:00,3.0859,3.0859,3.0849,3.0849,3.0909,3.0909,3.0899,3.0899,4
2026-06-15 03:52:00,3.0839,3.0844,3.0839,3.0839,3.0889,3.0894,3.0889,3.0889,3
2026-06-15 03:56:00,3.0849,3.0849,3.0839,3.0844,3.0899,3.0899,3.0889,3.0894,5
2026-06-15 03:57:00,3.0839,3.0849,3.0829,3.0849,3.0889,3.0899,3.0879,3.0899,5
2026-06-15 03:59:00,3.0839,3.0844,3.0839,3.0839,3.0889,3.0894,3.0889,3.0889,5
2026-06-15 04:00:00,3.0844,3.0844,3.0839,3.0839,3.0894,3.0894,3.0889,3.0889,2
2026-06-15 04:01:00,3.0844,3.0844,3.0839,3.0839,3.0894,3.0894,3.0889,3.0889,2
2026-06-15 04:02:00,3.0844,3.0844,3.0844,3.0844,3.0894,3.0894,3.0894,3.0894,1
2026-06-15 04:03:00,3.0839,3.0844,3.0819,3.0819,3.0889,3.0894,3.0869,3.0869,3
2026-06-15 04:04:00,3.0809,3.0819,3.0809,3.0819,3.0859,3.0869,3.0859,3.0869,5
2026-06-15 04:06:00,3.0809,3.0829,3.0809,3.0829,3.0859,3.0879,3.0859,3.0879,7
2026-06-15 04:07:00,3.0834,3.0834,3.0829,3.0829,3.0884,3.0884,3.0879,3.0879,4
2026-06-15 04:08:00,3.0819,3.0819,3.0819,3.0819,3.0869,3.0869,3.0869,3.0869,1
2026-06-15 04:11:00,3.0824,3.0829,3.0824,3.0829,3.0874,3.0879,3.0874,3.0879,2
2026-06-15 04:13:00,3.0824,3.0824,3.0819,3.0819,3.0874,3.0874,3.0869,3.0869,2
2026-06-15 04:16:00,3.0809,3.0809,3.0809,3.0809,3.0859,3.0859,3.0859,3.0859,1
2026-06-15 04:17:00,3.0799,3.0799,3.0779,3.0789,3.0849,3.0849,3.0829,3.0839,8
2026-06-15 04:19:00,3.0779,3.0794,3.0779,3.0794,3.0829,3.0844,3.0829,3.0844,3
2026-06-15 04:20:00,3.0799,3.0799,3.0799,3.0799,3.0849,3.0849,3.0849,3.0849,1
2026-06-15 04:25:00,3.0789,3.0789,3.0789,3.0789,3.0839,3.0839,3.0839,3.0839,1
2026-06-15 04:26:00,3.0794,3.0809,3.0794,3.0799,3.0844,3.0859,3.0844,3.0849,4
2026-06-15 04:27:00,3.0789,3.0799,3.0789,3.0799,3.0839,3.0849,3.0839,3.0849,2
2026-06-15 04:29:00,3.0789,3.0789,3.0789,3.0789,3.0839,3.0839,3.0839,3.0839,1
2026-06-15 04:30:00,3.0779,3.0789,3.0769,3.0769,3.0829,3.0839,3.0819,3.0819,7
2026-06-15 04:31:00,3.0759,3.0769,3.0749,3.0769,3.0809,3.0819,3.0799,3.0819,10
2026-06-15 04:32:00,3.0779,3.0779,3.0774,3.0779,3.0829,3.0829,3.0824,3.0829,3
2026-06-15 04:33:00,3.0789,3.0789,3.0789,3.0789,3.0839,3.0839,3.0839,3.0839,1
2026-06-15 04:34:00,3.0779,3.0789,3.0779,3.0789,3.0829,3.0839,3.0829,3.0839,2
2026-06-15 04:35:00,3.0799,3.0799,3.0789,3.0789,3.0849,3.0849,3.0839,3.0839,2
2026-06-15 04:36:00,3.0779,3.0789,3.0779,3.0789,3.0829,3.0839,3.0829,3.0839,3
2026-06-15 04:37:00,3.0779,3.0784,3.0779,3.0779,3.0829,3.0834,3.0829,3.0829,3
2026-06-15 04:38:00,3.0784,3.0789,3.0784,3.0789,3.0834,3.0839,3.0834,3.0839,2
2026-06-15 04:40:00,3.0794,3.0799,3.0794,3.0799,3.0844,3.0849,3.0844,3.0849,2
2026-06-15 04:41:00,3.0789,3.0794,3.0789,3.0789,3.0839,3.0844,3.0839,3.0839,3
2026-06-15 04:44:00,3.0799,3.0819,3.0789,3.0809,3.0849,3.0869,3.0839,3.0859,6
2026-06-15 04:45:00,3.0799,3.0799,3.0789,3.0789,3.0849,3.0849,3.0839,3.0839,2
2026-06-15 04:49:00,3.0799,3.0799,3.0779,3.0789,3.0849,3.0849,3.0829,3.0839,4
2026-06-15 04:52:00,3.0779,3.0789,3.0769,3.0789,3.0829,3.0839,3.0819,3.0839,6
2026-06-15 04:53:00,3.0779,3.0789,3.0779,3.0789,3.0829,3.0839,3.0829,3.0839,2
2026-06-15 04:54:00,3.0779,3.0779,3.0779,3.0779,3.0829,3.0829,3.0829,3.0829,1
2026-06-15 04:57:00,3.0769,3.0779,3.0769,3.0779,3.0819,3.0829,3.0819,3.0829,2
2026-06-15 05:00:00,3.0769,3.0779,3.0769,3.0779,3.0819,3.0829,3.0819,3.0829,4
2026-06-15 05:01:00,3.0774,3.0774,3.0769,3.0769,3.0824,3.0824,3.0819,3.0819,2
2026-06-15 05:02:00,3.0779,3.0779,3.0769,3.0769,3.0829,3.0829,3.0819,3.0819,2
2026-06-15 05:03:00,3.0779,3.0779,3.0769,3.0769,3.0829,3.0829,3.0819,3.0819,2
2026-06-15 05:07:00,3.0779,3.0779,3.0769,3.0779,3.0829,3.0829,3.0819,3.0829,8
2026-06-15 05:10:00,3.0789,3.0789,3.0779,3.0779,3.0839,3.0839,3.0829,3.0829,11
2026-06-15 05:11:00,3.0784,3.0789,3.0779,3.0789,3.0834,3.0839,3.0829,3.0839,4
2026-06-15 05:12:00,3.0799,3.0819,3.0794,3.0819,3.0849,3.0869,3.0844,3.0869,13
2026-06-15 05:13:00,3.0829,3.0829,3.0809,3.0809,3.0879,3.0879,3.0859,3.0859,8
2026-06-15 05:14:00,3.0819,3.0839,3.0819,3.0829,3.0869,3.0889,3.0869,3.0879,7
2026-06-15 05:15:00,3.0824,3.0869,3.0819,3.0839,3.0874,3.0919,3.0869,3.0889,19
2026-06-15 05:17:00,3.0849,3.0849,3.0819,3.0819,3.0899,3.0899,3.0869,3.0869,5
2026-06-15 05:19:00,3.0814,3.0839,3.0809,3.0829,3.0864,3.0889,3.0859,3.0879,12
2026-06-15 05:20:00,3.0824,3.0849,3.0824,3.0829,3.0874,3.0899,3.0874,3.0879,15
2026-06-15 05:21:00,3.0834,3.0834,3.0829,3.0829,3.0884,3.0884,3.0879,3.0879,2
2026-06-15 05:22:00,3.0819,3.0819,3.0819,3.0819,3.0869,3.0869,3.0869,3.0869,1
2026-06-15 05:23:00,3.0814,3.0814,3.0809,3.0809,3.0864,3.0864,3.0859,3.0859,18
2026-06-15 05:24:00,3.0814,3.0819,3.0809,3.0819,3.0864,3.0869,3.0859,3.0869,16
2026-06-15 05:25:00,3.0814,3.0829,3.0809,3.0819,3.0864,3.0879,3.0859,3.0869,6
2026-06-15 05:27:00,3.0829,3.0829,3.0819,3.0824,3.0879,3.0879,3.0869,3.0874,4
2026-06-15 05:28:00,3.0819,3.0829,3.0819,3.0829,3.0869,3.0879,3.0869,3.0879,3
2026-06-15 05:29:00,3.0819,3.0839,3.0819,3.0829,3.0869,3.0889,3.0869,3.0879,10
2026-06-15 05:30:00,3.0834,3.0949,3.0834,3.0939,3.0884,3.0999,3.0884,3.0989,78
2026-06-15 05:31:00,3.0929,3.0929,3.0879,3.0889,3.0979,3.0979,3.0929,3.0939,16
2026-06-15 05:32:00,3.0879,3.0889,3.0869,3.0879,3.0929,3.0939,3.0919,3.0929,11
2026-06-15 05:33:00,3.0874,3.0879,3.0859,3.0859,3.0924,3.0929,3.0909,3.0909,24
2026-06-15 05:34:00,3.0849,3.0899,3.0849,3.0889,3.0899,3.0949,3.0899,3.0939,14
2026-06-15 05:35:00,3.0884,3.0899,3.0884,3.0899,3.0934,3.0949,3.0934,3.0949,11
2026-06-15 05:36:00,3.0889,3.0899,3.0889,3.0889,3.0939,3.0949,3.0939,3.0939,4
2026-06-15 05:37:00,3.0879,3.0879,3.0869,3.0869,3.0929,3.0929,3.0919,3.0919,2
2026-06-15 05:38:00,3.0879,3.0879,3.0879,3.0879,3.0929,3.0929,3.0929,3.0929,1
2026-06-15 05:39:00,3.0884,3.0889,3.0879,3.0889,3.0934,3.0939,3.0929,3.0939,6
2026-06-15 05:40:00,3.0899,3.0899,3.0889,3.0899,3.0949,3.0949,3.0939,3.0949,20
2026-06-15 05:41:00,3.0894,3.0894,3.0809,3.0819,3.0944,3.0944,3.0859,3.0869,22
2026-06-15 05:42:00,3.0824,3.0849,3.0824,3.0834,3.0874,3.0899,3.0874,3.0884,14
2026-06-15 05:43:00,3.0839,3.0839,3.0829,3.0829,3.0889,3.0889,3.0879,3.0879,7
2026-06-15 05:44:00,3.0839,3.0839,3.0829,3.0829,3.0889,3.0889,3.0879,3.0879,2
2026-06-15 05:46:00,3.0824,3.0829,3.0819,3.0829,3.0874,3.0879,3.0869,3.0879,5
2026-06-15 05:47:00,3.0839,3.0839,3.0829,3.0839,3.0889,3.0889,3.0879,3.0889,16
2026-06-15 05:48:00,3.0834,3.0839,3.0829,3.0829,3.0884,3.0889,3.0879,3.0879,10
2026-06-15 05:49:00,3.0834,3.0839,3.0829,3.0839,3.0884,3.0889,3.0879,3.0889,4
2026-06-15 05:50:00,3.0829,3.0839,3.0829,3.0829,3.0879,3.0889,3.0879,3.0879,3
2026-06-15 05:51:00,3.0824,3.0824,3.0819,3.0819,3.0874,3.0874,3.0869,3.0869,2
2026-06-15 05:52:00,3.0809,3.0809,3.0809,3.0809,3.0859,3.0859,3.0859,3.0859,1
2026-06-15 05:53:00,3.0804,3.0819,3.0799,3.0819,3.0854,3.0869,3.0849,3.0869,6
2026-06-15 05:54:00,3.0829,3.0834,3.0829,3.0834,3.0879,3.0884,3.0879,3.0884,2
2026-06-15 05:55:00,3.0839,3.0839,3.0839,3.0839,3.0889,3.0889,3.0889,3.0889,1
2026-06-15 05:57:00,3.0849,3.0849,3.0839,3.0839,3.0899,3.0899,3.0889,3.0889,17
2026-06-15 05:58:00,3.0849,3.0849,3.0839,3.0839,3.0899,3.0899,3.0889,3.0889,2
2026-06-15 05:59:00,3.0834,3.0834,3.0824,3.0829,3.0884,3.0884,3.0874,3.0879,4
2026-06-15 06:00:00,3.0824,3.0829,3.0824,3.0829,3.0874,3.0879,3.0874,3.0879,2
2026-06-15 06:01:00,3.0819,3.0829,3.0819,3.0829,3.0869,3.0879,3.0869,3.0879,5
2026-06-15 06:02:00,3.0824,3.0824,3.0819,3.0819,3.0874,3.0874,3.0869,3.0869,4
2026-06-15 06:03:00,3.0829,3.0839,3.0829,3.0839,3.0879,3.0889,3.0879,3.0889,7
2026-06-15 06:04:00,3.0844,3.0849,3.0839,3.0839,3.0894,3.0899,3.0889,3.0889,3
2026-06-15 06:05:00,3.0834,3.0839,3.0829,3.0839,3.0884,3.0889,3.0879,3.0889,3
2026-06-15 06:06:00,3.0849,3.0849,3.0849,3.0849,3.0899,3.0899,3.0899,3.0899,1
2026-06-15 06:09:00,3.0859,3.0859,3.0839,3.0849,3.0909,3.0909,3.0889,3.0899,7
2026-06-15 06:10:00,3.0844,3.0844,3.0839,3.0839,3.0894,3.0894,3.0889,3.0889,2
2026-06-15 06:11:00,3.0829,3.0839,3.0829,3.0839,3.0879,3.0889,3.0879,3.0889,6
2026-06-15 06:12:00,3.0834,3.0839,3.0829,3.0839,3.0884,3.0889,3.0879,3.0889,6
2026-06-15 06:13:00,3.0849,3.0849,3.0849,3.0849,3.0899,3.0899,3.0899,3.0899,1
2026-06-15 06:14:00,3.0859,3.0859,3.0854,3.0859,3.0909,3.0909,3.0904,3.0909,5
2026-06-15 06:15:00,3.0869,3.0869,3.0859,3.0859,3.0919,3.0919,3.0909,3.0909,3
2026-06-15 06:16:00,3.0854,3.0859,3.0849,3.0859,3.0904,3.0909,3.0899,3.0909,7
2026-06-15 06:17:00,3.0849,3.0859,3.0849,3.0849,3.0899,3.0909,3.0899,3.0899,4
2026-06-15 06:19:00,3.0839,3.0839,3.0839,3.0839,3.0889,3.0889,3.0889,3.0889,1
2026-06-15 06:20:00,3.0849,3.0849,3.0844,3.0849,3.0899,3.0899,3.0894,3.0899,3
2026-06-15 06:21:00,3.0844,3.0849,3.0839,3.0839,3.0894,3.0899,3.0889,3.0889,3
2026-06-15 06:25:00,3.0829,3.0839,3.0829,3.0829,3.0879,3.0889,3.0879,3.0879,3
2026-06-15 06:26:00,3.0839,3.0849,3.0839,3.0849,3.0889,3.0899,3.0889,3.0899,3
2026-06-15 06:27:00,3.0859,3.0869,3.0859,3.0869,3.0909,3.0919,3.0909,3.0919,2
2026-06-15 06:30:00,3.0864,3.0864,3.0859,3.0859,3.0914,3.0914,3.0909,3.0909,2
2026-06-15 06:31:00,3.0869,3.0869,3.0859,3.0859,3.0919,3.0919,3.0909,3.0909,13
2026-06-15 06:32:00,3.0849,3.0849,3.0849,3.0849,3.0899,3.0899,3.0899,3.0899,1
2026-06-15 06:33:00,3.0844,3.0844,3.0814,3.0819,3.0894,3.0894,3.0864,3.0869,7
2026-06-15 06:34:00,3.0809,3.0819,3.0809,3.0819,3.0859,3.0869,3.0859,3.0869,3
2026-06-15 06:35:00,3.0814,3.0814,3.0804,3.0809,3.0864,3.0864,3.0854,3.0859,4
2026-06-15 06:36:00,3.0804,3.0809,3.0804,3.0809,3.0854,3.0859,3.0854,3.0859,2
2026-06-15 06:37:00,3.0804,3.0809,3.0804,3.0809,3.0854,3.0859,3.0854,3.0859,2
2026-06-15 06:38:00,3.0799,3.0809,3.0799,3.0809,3.0849,3.0859,3.0849,3.0859,3
2026-06-15 06:39:00,3.0819,3.0819,3.0819,3.0819,3.0869,3.0869,3.0869,3.0869,1
2026-06-15 06:41:00,3.0824,3.0829,3.0824,3.0829,3.0874,3.0879,3.0874,3.0879,2
2026-06-15 06:42:00,3.0819,3.0829,3.0819,3.0829,3.0869,3.0879,3.0869,3.0879,2
2026-06-15 06:43:00,3.0839,3.0839,3.0829,3.0839,3.0889,3.0889,3.0879,3.0889,4
2026-06-15 06:44:00,3.0829,3.0834,3.0829,3.0829,3.0879,3.0884,3.0879,3.0879,3
2026-06-15 06:45:00,3.0819,3.0829,3.0819,3.0829,3.0869,3.0879,3.0869,3.0879,2
2026-06-15 06:46:00,3.0834,3.0839,3.0829,3.0839,3.0884,3.0889,3.0879,3.0889,5
2026-06-15 06:47:00,3.0834,3.0834,3.0834,3.0834,3.0884,3.0884,3.0884,3.0884,1
2026-06-15 06:49:00,3.0829,3.0829,3.0829,3.0829,3.0879,3.0879,3.0879,3.0879,1
2026-06-15 06:51:00,3.0839,3.0859,3.0839,3.0859,3.0889,3.0909,3.0889,3.0909,3
2026-06-15 06:53:00,3.0849,3.0849,3.0849,3.0849,3.0899,3.0899,3.0899,3.0899,1
2026-06-15 06:56:00,3.0859,3.0859,3.0859,3.0859,3.0909,3.0909,3.0909,3.0909,1
2026-06-15 06:59:00,3.0864,3.0869,3.0859,3.0859,3.0914,3.0919,3.0909,3.0909,3
2026-06-15 07:00:00,3.0869,3.0869,3.0869,3.0869,3.0919,3.0919,3.0919,3.0919,1
2026-06-15 07:01:00,3.0874,3.0879,3.0869,3.0869,3.0924,3.0929,3.0919,3.0919,6
2026-06-15 07:02:00,3.0864,3.0869,3.0859,3.0869,3.0914,3.0919,3.0909,3.0919,3
2026-06-15 07:04:00,3.0859,3.0869,3.0859,3.0859,3.0909,3.0919,3.0909,3.0909,3
2026-06-15 07:05:00,3.0864,3.0869,3.0859,3.0869,3.0914,3.0919,3.0909,3.0919,11
2026-06-15 07:06:00,3.0859,3.0859,3.0859,3.0859,3.0909,3.0909,3.0909,3.0909,1
2026-06-15 07:07:00,3.0849,3.0859,3.0849,3.0859,3.0899,3.0909,3.0899,3.0909,5
2026-06-15 07:08:00,3.0854,3.0859,3.0854,3.0859,3.0904,3.0909,3.0904,3.0909,4
2026-06-15 07:10:00,3.0854,3.0854,3.0849,3.0849,3.0904,3.0904,3.0899,3.0899,2
2026-06-15 07:11:00,3.0854,3.0869,3.0854,3.0869,3.0904,3.0919,3.0904,3.0919,6
2026-06-15 07:12:00,3.0879,3.0879,3.0874,3.0879,3.0929,3.0929,3.0924,3.0929,3
2026-06-15 07:24:00,3.0889,3.0899,3.0869,3.0879,3.0939,3.0949,3.0919,3.0929,6
2026-06-15 07:25:00,3.0869,3.0889,3.0869,3.0889,3.0919,3.0939,3.0919,3.0939,4
2026-06-15 07:29:00,3.0884,3.0889,3.0864,3.0864,3.0934,3.0939,3.0914,3.0914,9
2026-06-15 07:30:00,3.0859,3.0859,3.0859,3.0859,3.0909,3.0909,3.0909,3.0909,1
2026-06-15 07:31:00,3.0864,3.0864,3.0859,3.0859,3.0914,3.0914,3.0909,3.0909,2
2026-06-15 07:32:00,3.0869,3.0869,3.0849,3.0854,3.0919,3.0919,3.0899,3.0904,4
2026-06-15 07:33:00,3.0859,3.0859,3.0849,3.0859,3.0909,3.0909,3.0899,3.0909,6
2026-06-15 07:35:00,3.0869,3.0869,3.0864,3.0864,3.0919,3.0919,3.0914,3.0914,2
2026-06-15 07:36:00,3.0859,3.0859,3.0859,3.0859,3.0909,3.0909,3.0909,3.0909,1
2026-06-15 07:37:00,3.0849,3.0859,3.0849,3.0854,3.0899,3.0909,3.0899,3.0904,6
2026-06-15 07:38:00,3.0859,3.0869,3.0849,3.0849,3.0909,3.0919,3.0899,3.0899,5
2026-06-15 07:39:00,3.0844,3.0844,3.0839,3.0839,3.0894,3.0894,3.0889,3.0889,2
2026-06-15 07:40:00,3.0844,3.0859,3.0839,3.0849,3.0894,3.0909,3.0889,3.0899,7
2026-06-15 07:41:00,3.0844,3.0849,3.0839,3.0849,3.0894,3.0899,3.0889,3.0899,4
2026-06-15 07:42:00,3.0854,3.0859,3.0854,3.0854,3.0904,3.0909,3.0904,3.0904,3
2026-06-15 07:43:00,3.0859,3.0859,3.0859,3.0859,3.0909,3.0909,3.0909,3.0909,1
2026-06-15 07:45:00,3.0849,3.0859,3.0849,3.0859,3.0899,3.0909,3.0899,3.0909,2
2026-06-15 07:46:00,3.0864,3.0869,3.0859,3.0864,3.0914,3.0919,3.0909,3.0914,4
2026-06-15 07:47:00,3.0859,3.0869,3.0849,3.0849,3.0909,3.0919,3.0899,3.0899,8
2026-06-15 07:48:00,3.0839,3.0849,3.0839,3.0849,3.0889,3.0899,3.0889,3.0899,4
2026-06-15 07:49:00,3.0844,3.0849,3.0839,3.0839,3.0894,3.0899,3.0889,3.0889,4
2026-06-15 07:50:00,3.0849,3.0874,3.0839,3.0874,3.0899,3.0924,3.0889,3.0924,9
2026-06-15 07:51:00,3.0879,3.0904,3.0879,3.0899,3.0929,3.0954,3.0929,3.0949,9
2026-06-15 07:52:00,3.0894,3.0894,3.0869,3.0884,3.0944,3.0944,3.0919,3.0934,9
2026-06-15 07:53:00,3.0889,3.0899,3.0889,3.0889,3.0939,3.0949,3.0939,3.0939,6
2026-06-15 07:54:00,3.0894,3.0899,3.0889,3.0889,3.0944,3.0949,3.0939,3.0939,8
2026-06-15 07:55:00,3.0894,3.0899,3.0894,3.0899,3.0944,3.0949,3.0944,3.0949,4
2026-06-15 07:56:00,3.0904,3.0914,3.0899,3.0899,3.0954,3.0964,3.0949,3.0949,4
2026-06-15 07:57:00,3.0889,3.0899,3.0889,3.0894,3.0939,3.0949,3.0939,3.0944,5
2026-06-15 07:58:00,3.0889,3.0889,3.0879,3.0884,3.0939,3.0939,3.0929,3.0934,6
2026-06-15 07:59:00,3.0889,3.0894,3.0889,3.0894,3.0939,3.0944,3.0939,3.0944,2
2026-06-15 08:00:00,3.0899,3.0924,3.0889,3.0924,3.0949,3.0974,3.0939,3.0974,13
2026-06-15 08:01:00,3.0919,3.0939,3.0919,3.0929,3.0969,3.0989,3.0969,3.0979,15
2026-06-15 08:02:00,3.0939,3.0939,3.0909,3.0919,3.0989,3.0989,3.0959,3.0969,13
2026-06-15 08:03:00,3.0914,3.0919,3.0909,3.0919,3.0964,3.0969,3.0959,3.0969,10
2026-06-15 08:04:00,3.0929,3.0929,3.0914,3.0919,3.0979,3.0979,3.0964,3.0969,5
2026-06-15 08:05:00,3.0929,3.0929,3.0929,3.0929,3.0979,3.0979,3.0979,3.0979,1
2026-06-15 08:06:00,3.0914,3.0919,3.0914,3.0919,3.0964,3.0969,3.0964,3.0969,2
2026-06-15 08:07:00,3.0909,3.0919,3.0899,3.0919,3.0959,3.0969,3.0949,3.0969,7
2026-06-15 08:08:00,3.0924,3.0939,3.0924,3.0929,3.0974,3.0989,3.0974,3.0979,8
2026-06-15 08:09:00,3.0919,3.0939,3.0919,3.0939,3.0969,3.0989,3.0969,3.0989,4
2026-06-15 08:10:00,3.0944,3.0949,3.0944,3.0949,3.0994,3.0999,3.0994,3.0999,2
2026-06-15 08:11:00,3.0954,3.0979,3.0954,3.0964,3.1004,3.1029,3.1004,3.1014,10
2026-06-15 08:12:00,3.0959,3.0959,3.0954,3.0959,3.1009,3.1009,3.1004,3.1009,3
2026-06-15 08:13:00,3.0949,3.0954,3.0949,3.0949,3.0999,3.1004,3.0999,3.0999,5
2026-06-15 08:14:00,3.0954,3.0954,3.0949,3.0949,3.1004,3.1004,3.0999,3.0999,2
2026-06-15 08:15:00,3.0954,3.0959,3.0949,3.0959,3.1004,3.1009,3.0999,3.1009,6
2026-06-15 08:17:00,3.0949,3.0949,3.0914,3.0919,3.0999,3.0999,3.0964,3.0969,8
2026-06-15 08:18:00,3.0914,3.0919,3.0904,3.0914,3.0964,3.0969,3.0954,3.0964,7
2026-06-15 08:19:00,3.0919,3.0919,3.0904,3.0909,3.0969,3.0969,3.0954,3.0959,7
2026-06-15 08:21:00,3.0919,3.0929,3.0919,3.0919,3.0969,3.0979,3.0969,3.0969,12
2026-06-15 08:22:00,3.0929,3.0934,3.0919,3.0929,3.0979,3.0984,3.0969,3.0979,11
2026-06-15 08:23:00,3.0939,3.0939,3.0929,3.0929,3.0989,3.0989,3.0979,3.0979,13
2026-06-15 08:24:00,3.0919,3.0939,3.0919,3.0939,3.0969,3.0989,3.0969,3.0989,6
2026-06-15 08:25:00,3.0929,3.0934,3.0924,3.0929,3.0979,3.0984,3.0974,3.0979,7
2026-06-15 08:26:00,3.0924,3.0924,3.0904,3.0904,3.0974,3.0974,3.0954,3.0954,5
2026-06-15 08:27:00,3.0909,3.0919,3.0909,3.0919,3.0959,3.0969,3.0959,3.0969,3
2026-06-15 08:28:00,3.0909,3.0909,3.0909,3.0909,3.0959,3.0959,3.0959,3.0959,1
2026-06-15 08:29:00,3.0919,3.0929,3.0909,3.0909,3.0969,3.0979,3.0959,3.0959,11
2026-06-15 08:30:00,3.0899,3.0909,3.0899,3.0909,3.0949,3.0959,3.0949,3.0959,2
2026-06-15 08:31:00,3.0919,3.0929,3.0919,3.0929,3.0969,3.0979,3.0969,3.0979,3
2026-06-15 08:32:00,3.0919,3.0929,3.0919,3.0919,3.0969,3.0979,3.0969,3.0969,3
2026-06-15 08:33:00,3.0909,3.0909,3.0909,3.0909,3.0959,3.0959,3.0959,3.0959,1
2026-06-15 08:34:00,3.0904,3.0909,3.0889,3.0889,3.0954,3.0959,3.0939,3.0939,6
2026-06-15 08:35:00,3.0894,3.0899,3.0889,3.0889,3.0944,3.0949,3.0939,3.0939,4
2026-06-15 08:36:00,3.0899,3.0899,3.0879,3.0879,3.0949,3.0949,3.0929,3.0929,9
2026-06-15 08:37:00,3.0889,3.0889,3.0874,3.0879,3.0939,3.0939,3.0924,3.0929,4
2026-06-15 08:38:00,3.0884,3.0894,3.0884,3.0889,3.0934,3.0944,3.0934,3.0939,7
2026-06-15 08:39:00,3.0899,3.0899,3.0899,3.0899,3.0949,3.0949,3.0949,3.0949,1
2026-06-15 08:40:00,3.0889,3.0889,3.0869,3.0869,3.0939,3.0939,3.0919,3.0919,4
2026-06-15 08:41:00,3.0879,3.0899,3.0869,3.0899,3.0929,3.0949,3.0919,3.0949,9
2026-06-15 08:42:00,3.0889,3.0899,3.0889,3.0899,3.0939,3.0949,3.0939,3.0949,4
2026-06-15 08:43:00,3.0909,3.0909,3.0904,3.0909,3.0959,3.0959,3.0954,3.0959,3
2026-06-15 08:44:00,3.0919,3.0919,3.0899,3.0909,3.0969,3.0969,3.0949,3.0959,4
2026-06-15 08:45:00,3.0904,3.0929,3.0899,3.0919,3.0954,3.0979,3.0949,3.0969,8
2026-06-15 08:46:00,3.0909,3.0909,3.0899,3.0899,3.0959,3.0959,3.0949,3.0949,2
2026-06-15 08:47:00,3.0909,3.0929,3.0909,3.0924,3.0959,3.0979,3.0959,3.0974,7
2026-06-15 08:48:00,3.0929,3.0939,3.0929,3.0939,3.0979,3.0989,3.0979,3.0989,5
2026-06-15 08:49:00,3.0934,3.0934,3.0909,3.0909,3.0984,3.0984,3.0959,3.0959,7
2026-06-15 08:50:00,3.0919,3.0924,3.0909,3.0909,3.0969,3.0974,3.0959,3.0959,6
2026-06-15 08:52:00,3.0899,3.0909,3.0899,3.0909,3.0949,3.0959,3.0949,3.0959,8
2026-06-15 08:54:00,3.0914,3.0919,3.0904,3.0904,3.0964,3.0969,3.0954,3.0954,4
2026-06-15 08:55:00,3.0909,3.0919,3.0909,3.0919,3.0959,3.0969,3.0959,3.0969,4
2026-06-15 08:56:00,3.0909,3.0919,3.0909,3.0919,3.0959,3.0969,3.0959,3.0969,3
2026-06-15 08:57:00,3.0914,3.0914,3.0909,3.0909,3.0964,3.0964,3.0959,3.0959,4
2026-06-15 08:58:00,3.0919,3.0919,3.0899,3.0899,3.0969,3.0969,3.0949,3.0949,8
2026-06-15 08:59:00,3.0889,3.0899,3.0889,3.0899,3.0939,3.0949,3.0939,3.0949,3
2026-06-15 09:00:00,3.0889,3.0899,3.0879,3.0899,3.0939,3.0949,3.0929,3.0949,11
2026-06-15 09:01:00,3.0889,3.0909,3.0889,3.0899,3.0939,3.0959,3.0939,3.0949,4
2026-06-15 09:02:00,3.0889,3.0889,3.0859,3.0869,3.0939,3.0939,3.0909,3.0919,9
2026-06-15 09:05:00,3.0879,3.0879,3.0869,3.0869,3.0929,3.0929,3.0919,3.0919,5
2026-06-15 09:06:00,3.0864,3.0869,3.0839,3.0839,3.0914,3.0919,3.0889,3.0889,8
2026-06-15 09:07:00,3.0829,3.0849,3.0829,3.0849,3.0879,3.0899,3.0879,3.0899,7
2026-06-15 09:08:00,3.0844,3.0844,3.0839,3.0839,3.0894,3.0894,3.0889,3.0889,2
2026-06-15 09:10:00,3.0834,3.0839,3.0834,3.0839,3.0884,3.0889,3.0884,3.0889,2
2026-06-15 09:11:00,3.0824,3.0839,3.0824,3.0839,3.0874,3.0889,3.0874,3.0889,5
2026-06-15 09:12:00,3.0834,3.0834,3.0809,3.0819,3.0884,3.0884,3.0859,3.0869,8
2026-06-15 09:13:00,3.0814,3.0819,3.0809,3.0809,3.0864,3.0869,3.0859,3.0859,5
2026-06-15 09:14:00,3.0799,3.0799,3.0799,3.0799,3.0849,3.0849,3.0849,3.0849,1
2026-06-15 09:15:00,3.0809,3.0809,3.0799,3.0799,3.0859,3.0859,3.0849,3.0849,2
2026-06-15 09:16:00,3.0789,3.0799,3.0789,3.0799,3.0839,3.0849,3.0839,3.0849,2
2026-06-15 09:17:00,3.0789,3.0799,3.0789,3.0799,3.0839,3.0849,3.0839,3.0849,3
2026-06-15 09:18:00,3.0789,3.0789,3.0779,3.0789,3.0839,3.0839,3.0829,3.0839,7
2026-06-15 09:19:00,3.0799,3.0819,3.0789,3.0819,3.0849,3.0869,3.0839,3.0869,12
2026-06-15 09:20:00,3.0809,3.0829,3.0809,3.0819,3.0859,3.0879,3.0859,3.0869,6
2026-06-15 09:21:00,3.0814,3.0819,3.0809,3.0819,3.0864,3.0869,3.0859,3.0869,5
2026-06-15 09:22:00,3.0809,3.0819,3.0809,3.0819,3.0859,3.0869,3.0859,3.0869,7
2026-06-15 09:23:00,3.0814,3.0819,3.0779,3.0789,3.0864,3.0869,3.0829,3.0839,14
2026-06-15 09:24:00,3.0779,3.0789,3.0779,3.0789,3.0829,3.0839,3.0829,3.0839,2
2026-06-15 09:25:00,3.0779,3.0784,3.0779,3.0779,3.0829,3.0834,3.0829,3.0829,3
2026-06-15 09:26:00,3.0769,3.0789,3.0769,3.0779,3.0819,3.0839,3.0819,3.0829,6
2026-06-15 09:27:00,3.0789,3.0789,3.0789,3.0789,3.0839,3.0839,3.0839,3.0839,1
2026-06-15 09:28:00,3.0799,3.0799,3.0789,3.0789,3.0849,3.0849,3.0839,3.0839,2
2026-06-15 09:29:00,3.0794,3.0799,3.0779,3.0789,3.0844,3.0849,3.0829,3.0839,8
2026-06-15 09:30:00,3.0779,3.0789,3.0779,3.0789,3.0829,3.0839,3.0829,3.0839,8
2026-06-15 09:31:00,3.0784,3.0784,3.0769,3.0779,3.0834,3.0834,3.0819,3.0829,4
2026-06-15 09:32:00,3.0769,3.0774,3.0769,3.0769,3.0819,3.0824,3.0819,3.0819,3
2026-06-15 09:33:00,3.0779,3.0779,3.0779,3.0779,3.0829,3.0829,3.0829,3.0829,1
2026-06-15 09:34:00,3.0789,3.0789,3.0779,3.0779,3.0839,3.0839,3.0829,3.0829,2
2026-06-15 09:35:00,3.0789,3.0789,3.0789,3.0789,3.0839,3.0839,3.0839,3.0839,1
2026-06-15 09:36:00,3.0794,3.0794,3.0789,3.0789,3.0844,3.0844,3.0839,3.0839,2
2026-06-15 09:38:00,3.0799,3.0799,3.0789,3.0789,3.0849,3.0849,3.0839,3.0839,8
2026-06-15 09:39:00,3.0799,3.0799,3.0794,3.0799,3.0849,3.0849,3.0844,3.0849,3
2026-06-15 09:41:00,3.0809,3.0814,3.0789,3.0804,3.0859,3.0864,3.0839,3.0854,10
2026-06-15 09:42:00,3.0799,3.0799,3.0789,3.0789,3.0849,3.0849,3.0839,3.0839,2
2026-06-15 09:43:00,3.0799,3.0799,3.0789,3.0789,3.0849,3.0849,3.0839,3.0839,3
2026-06-15 09:46:00,3.0794,3.0799,3.0789,3.0799,3.0844,3.0849,3.0839,3.0849,9
2026-06-15 09:47:00,3.0789,3.0799,3.0789,3.0789,3.0839,3.0849,3.0839,3.0839,7
2026-06-15 09:48:00,3.0794,3.0794,3.0784,3.0789,3.0844,3.0844,3.0834,3.0839,4
2026-06-15 09:49:00,3.0794,3.0799,3.0794,3.0799,3.0844,3.0849,3.0844,3.0849,2
2026-06-15 09:50:00,3.0804,3.0804,3.0799,3.0799,3.0854,3.0854,3.0849,3.0849,2
2026-06-15 09:51:00,3.0789,3.0799,3.0789,3.0799,3.0839,3.0849,3.0839,3.0849,2
2026-06-15 09:52:00,3.0789,3.0799,3.0789,3.0789,3.0839,3.0849,3.0839,3.0839,5
2026-06-15 09:53:00,3.0799,3.0799,3.0789,3.0789,3.0849,3.0849,3.0839,3.0839,6
2026-06-15 09:54:00,3.0799,3.0799,3.0789,3.0789,3.0849,3.0849,3.0839,3.0839,2
2026-06-15 09:55:00,3.0779,3.0799,3.0779,3.0789,3.0829,3.0849,3.0829,3.0839,9
2026-06-15 09:57:00,3.0799,3.0799,3.0789,3.0789,3.0849,3.0849,3.0839,3.0839,2
2026-06-15 09:59:00,3.0799,3.0799,3.0799,3.0799,3.0849,3.0849,3.0849,3.0849,1
2026-06-15 10:01:00,3.0789,3.0799,3.0789,3.0789,3.0839,3.0849,3.0839,3.0839,6
2026-06-15 10:02:00,3.0799,3.0799,3.0789,3.0799,3.0849,3.0849,3.0839,3.0849,4
2026-06-15 10:03:00,3.0809,3.0839,3.0809,3.0839,3.0859,3.0889,3.0859,3.0889,11
2026-06-15 10:04:00,3.0849,3.0849,3.0819,3.0819,3.0899,3.0899,3.0869,3.0869,19
2026-06-15 10:05:00,3.0814,3.0819,3.0814,3.0819,3.0864,3.0869,3.0864,3.0869,2
2026-06-15 10:06:00,3.0809,3.0819,3.0789,3.0819,3.0859,3.0869,3.0839,3.0869,13
2026-06-15 10:07:00,3.0809,3.0819,3.0789,3.0799,3.0859,3.0869,3.0839,3.0849,16
2026-06-15 10:08:00,3.0809,3.0809,3.0809,3.0809,3.0859,3.0859,3.0859,3.0859,1
2026-06-15 10:09:00,3.0799,3.0809,3.0799,3.0799,3.0849,3.0859,3.0849,3.0849,6
2026-06-15 10:10:00,3.0804,3.0804,3.0789,3.0799,3.0854,3.0854,3.0839,3.0849,11
2026-06-15 10:11:00,3.0809,3.0819,3.0809,3.0819,3.0859,3.0869,3.0859,3.0869,2
2026-06-15 10:12:00,3.0809,3.0814,3.0809,3.0809,3.0859,3.0864,3.0859,3.0859,5
2026-06-15 10:13:00,3.0799,3.0809,3.0789,3.0799,3.0849,3.0859,3.0839,3.0849,7
2026-06-15 10:14:00,3.0794,3.0799,3.0779,3.0789,3.0844,3.0849,3.0829,3.0839,18
2026-06-15 10:15:00,3.0779,3.0789,3.0779,3.0789,3.0829,3.0839,3.0829,3.0839,3
2026-06-15 10:16:00,3.0784,3.0789,3.0779,3.0779,3.0834,3.0839,3.0829,3.0829,9
2026-06-15 10:17:00,3.0789,3.0789,3.0784,3.0789,3.0839,3.0839,3.0834,3.0839,3
2026-06-15 10:18:00,3.0799,3.0819,3.0794,3.0814,3.0849,3.0869,3.0844,3.0864,19
2026-06-15 10:19:00,3.0809,3.0814,3.0799,3.0799,3.0859,3.0864,3.0849,3.0849,6
2026-06-15 10:20:00,3.0789,3.0799,3.0769,3.0779,3.0839,3.0849,3.0819,3.0829,20
2026-06-15 10:21:00,3.0784,3.0789,3.0779,3.0789,3.0834,3.0839,3.0829,3.0839,9
2026-06-15 10:22:00,3.0784,3.0784,3.0779,3.0779,3.0834,3.0834,3.0829,3.0829,2
2026-06-15 10:23:00,3.0769,3.0769,3.0739,3.0744,3.0819,3.0819,3.0789,3.0794,13
2026-06-15 10:24:00,3.0749,3.0749,3.0739,3.0739,3.0799,3.0799,3.0789,3.0789,5
2026-06-15 10:25:00,3.0749,3.0749,3.0729,3.0729,3.0799,3.0799,3.0779,3.0779,18
2026-06-15 10:26:00,3.0719,3.0749,3.0719,3.0739,3.0769,3.0799,3.0769,3.0789,9
2026-06-15 10:27:00,3.0729,3.0739,3.0729,3.0739,3.0779,3.0789,3.0779,3.0789,8
2026-06-15 10:28:00,3.0734,3.0739,3.0729,3.0729,3.0784,3.0789,3.0779,3.0779,5
2026-06-15 10:29:00,3.0724,3.0729,3.0719,3.0719,3.0774,3.0779,3.0769,3.0769,7
2026-06-15 10:30:00,3.0709,3.0749,3.0699,3.0749,3.0759,3.0799,3.0749,3.0799,28
2026-06-15 10:31:00,3.0739,3.0744,3.0739,3.0739,3.0789,3.0794,3.0789,3.0789,3
2026-06-15 10:32:00,3.0749,3.0759,3.0744,3.0759,3.0799,3.0809,3.0794,3.0809,5
2026-06-15 10:33:00,3.0769,3.0769,3.0769,3.0769,3.0819,3.0819,3.0819,3.0819,1
2026-06-15 10:34:00,3.0764,3.0769,3.0749,3.0749,3.0814,3.0819,3.0799,3.0799,12
2026-06-15 10:35:00,3.0744,3.0744,3.0744,3.0744,3.0794,3.0794,3.0794,3.0794,1
2026-06-15 10:36:00,3.0739,3.0759,3.0739,3.0754,3.0789,3.0809,3.0789,3.0804,5
2026-06-15 10:37:00,3.0759,3.0769,3.0749,3.0749,3.0809,3.0819,3.0799,3.0799,5
2026-06-15 10:39:00,3.0739,3.0749,3.0739,3.0739,3.0789,3.0799,3.0789,3.0789,4
2026-06-15 10:41:00,3.0729,3.0739,3.0729,3.0739,3.0779,3.0789,3.0779,3.0789,4
2026-06-15 10:43:00,3.0729,3.0729,3.0729,3.0729,3.0779,3.0779,3.0779,3.0779,1
2026-06-15 10:44:00,3.0719,3.0729,3.0669,3.0689,3.0769,3.0779,3.0719,3.0739,40
2026-06-15 10:45:00,3.0684,3.0689,3.0684,3.0689,3.0734,3.0739,3.0734,3.0739,8
2026-06-15 10:46:00,3.0684,3.0684,3.0679,3.0679,3.0734,3.0734,3.0729,3.0729,2
2026-06-15 10:47:00,3.0689,3.0699,3.0679,3.0699,3.0739,3.0749,3.0729,3.0749,6
2026-06-15 10:48:00,3.0694,3.0699,3.0689,3.0694,3.0744,3.0749,3.0739,3.0744,7
2026-06-15 10:49:00,3.0689,3.0699,3.0689,3.0689,3.0739,3.0749,3.0739,3.0739,5
2026-06-15 10:50:00,3.0699,3.0699,3.0689,3.0699,3.0749,3.0749,3.0739,3.0749,5
2026-06-15 10:51:00,3.0694,3.0699,3.0694,3.0699,3.0744,3.0749,3.0744,3.0749,6
2026-06-15 10:52:00,3.0694,3.0699,3.0689,3.0689,3.0744,3.0749,3.0739,3.0739,5
2026-06-15 10:53:00,3.0699,3.0699,3.0694,3.0699,3.0749,3.0749,3.0744,3.0749,5
2026-06-15 10:54:00,3.0709,3.0709,3.0699,3.0709,3.0759,3.0759,3.0749,3.0759,4
2026-06-15 10:55:00,3.0704,3.0709,3.0699,3.0709,3.0754,3.0759,3.0749,3.0759,13
2026-06-15 10:57:00,3.0719,3.0729,3.0709,3.0714,3.0769,3.0779,3.0759,3.0764,6
2026-06-15 10:58:00,3.0709,3.0719,3.0709,3.0714,3.0759,3.0769,3.0759,3.0764,10
2026-06-15 10:59:00,3.0709,3.0719,3.0709,3.0719,3.0759,3.0769,3.0759,3.0769,4
2026-06-15 11:00:00,3.0714,3.0719,3.0699,3.0699,3.0764,3.0769,3.0749,3.0749,12
2026-06-15 11:01:00,3.0704,3.0704,3.0659,3.0659,3.0754,3.0754,3.0709,3.0709,9
2026-06-15 11:02:00,3.0669,3.0679,3.0669,3.0679,3.0719,3.0729,3.0719,3.0729,2
2026-06-15 11:03:00,3.0689,3.0689,3.0689,3.0689,3.0739,3.0739,3.0739,3.0739,1
2026-06-15 11:04:00,3.0684,3.0689,3.0669,3.0669,3.0734,3.0739,3.0719,3.0719,6
2026-06-15 11:05:00,3.0664,3.0669,3.0659,3.0659,3.0714,3.0719,3.0709,3.0709,5
2026-06-15 11:06:00,3.0669,3.0669,3.0659,3.0659,3.0719,3.0719,3.0709,3.0709,4
2026-06-15 11:07:00,3.0649,3.0669,3.0649,3.0669,3.0699,3.0719,3.0699,3.0719,3
2026-06-15 11:08:00,3.0659,3.0659,3.0659,3.0659,3.0709,3.0709,3.0709,3.0709,1
2026-06-15 11:09:00,3.0669,3.0669,3.0659,3.0659,3.0719,3.0719,3.0709,3.0709,5
2026-06-15 11:11:00,3.0669,3.0669,3.0659,3.0659,3.0719,3.0719,3.0709,3.0709,2
2026-06-15 11:12:00,3.0669,3.0669,3.0659,3.0659,3.0719,3.0719,3.0709,3.0709,7
2026-06-15 11:13:00,3.0669,3.0669,3.0659,3.0659,3.0719,3.0719,3.0709,3.0709,2
2026-06-15 11:15:00,3.0664,3.0669,3.0664,3.0669,3.0714,3.0719,3.0714,3.0719,2
2026-06-15 11:16:00,3.0679,3.0694,3.0679,3.0689,3.0729,3.0744,3.0729,3.0739,4
2026-06-15 11:17:00,3.0679,3.0689,3.0679,3.0679,3.0729,3.0739,3.0729,3.0729,6
2026-06-15 11:18:00,3.0669,3.0679,3.0669,3.0679,3.0719,3.0729,3.0719,3.0729,2
2026-06-15 11:21:00,3.0669,3.0669,3.0669,3.0669,3.0719,3.0719,3.0719,3.0719,1
2026-06-15 11:22:00,3.0659,3.0669,3.0659,3.0669,3.0709,3.0719,3.0709,3.0719,8
2026-06-15 11:24:00,3.0679,3.0689,3.0669,3.0689,3.0729,3.0739,3.0719,3.0739,4
2026-06-15 11:25:00,3.0684,3.0694,3.0669,3.0689,3.0734,3.0744,3.0719,3.0739,10
2026-06-15 11:26:00,3.0684,3.0689,3.0679,3.0679,3.0734,3.0739,3.0729,3.0729,7
2026-06-15 11:28:00,3.0669,3.0689,3.0669,3.0679,3.0719,3.0739,3.0719,3.0729,4
2026-06-15 11:29:00,3.0669,3.0669,3.0669,3.0669,3.0719,3.0719,3.0719,3.0719,1
2026-06-15 11:30:00,3.0679,3.0679,3.0669,3.0669,3.0729,3.0729,3.0719,3.0719,3
2026-06-15 11:31:00,3.0659,3.0659,3.0659,3.0659,3.0709,3.0709,3.0709,3.0709,1
2026-06-15 11:33:00,3.0649,3.0649,3.0559,3.0599,3.0699,3.0699,3.0609,3.0649,43
2026-06-15 11:34:00,3.0604,3.0609,3.0589,3.0589,3.0654,3.0659,3.0639,3.0639,11
2026-06-15 11:35:00,3.0599,3.0599,3.0579,3.0579,3.0649,3.0649,3.0629,3.0629,13
2026-06-15 11:36:00,3.0589,3.0589,3.0579,3.0579,3.0639,3.0639,3.0629,3.0629,9
2026-06-15 11:37:00,3.0589,3.0589,3.0569,3.0579,3.0639,3.0639,3.0619,3.0629,6
2026-06-15 11:38:00,3.0589,3.0589,3.0569,3.0579,3.0639,3.0639,3.0619,3.0629,8
2026-06-15 11:39:00,3.0574,3.0589,3.0574,3.0589,3.0624,3.0639,3.0624,3.0639,5
2026-06-15 11:41:00,3.0599,3.0599,3.0584,3.0589,3.0649,3.0649,3.0634,3.0639,4
2026-06-15 11:42:00,3.0599,3.0609,3.0599,3.0599,3.0649,3.0659,3.0649,3.0649,4
2026-06-15 11:43:00,3.0589,3.0589,3.0584,3.0589,3.0639,3.0639,3.0634,3.0639,3
2026-06-15 11:44:00,3.0599,3.0599,3.0589,3.0599,3.0649,3.0649,3.0639,3.0649,4
2026-06-15 11:46:00,3.0589,3.0589,3.0589,3.0589,3.0639,3.0639,3.0639,3.0639,1
2026-06-15 11:47:00,3.0584,3.0589,3.0579,3.0589,3.0634,3.0639,3.0629,3.0639,4
2026-06-15 11:49:00,3.0599,3.0599,3.0589,3.0594,3.0649,3.0649,3.0639,3.0644,15
2026-06-15 11:50:00,3.0589,3.0599,3.0579,3.0579,3.0639,3.0649,3.0629,3.0629,5
2026-06-15 11:52:00,3.0569,3.0579,3.0559,3.0569,3.0619,3.0629,3.0609,3.0619,5
2026-06-15 11:55:00,3.0579,3.0589,3.0579,3.0589,3.0629,3.0639,3.0629,3.0639,6
2026-06-15 11:57:00,3.0594,3.0599,3.0594,3.0599,3.0644,3.0649,3.0644,3.0649,2
2026-06-15 11:58:00,3.0589,3.0599,3.0589,3.0589,3.0639,3.0649,3.0639,3.0639,5
2026-06-15 11:59:00,3.0594,3.0619,3.0579,3.0619,3.0644,3.0669,3.0629,3.0669,17
2026-06-15 12:00:00,3.0629,3.0629,3.0619,3.0629,3.0679,3.0679,3.0669,3.0679,4
2026-06-15 12:01:00,3.0624,3.0639,3.0619,3.0629,3.0674,3.0689,3.0669,3.0679,7
2026-06-15 12:02:00,3.0619,3.0619,3.0599,3.0599,3.0669,3.0669,3.0649,3.0649,7
2026-06-15 12:03:00,3.0604,3.0609,3.0604,3.0609,3.0654,3.0659,3.0654,3.0659,2
2026-06-15 12:04:00,3.0619,3.0629,3.0619,3.0624,3.0669,3.0679,3.0669,3.0674,3
2026-06-15 12:05:00,3.0629,3.0629,3.0619,3.0629,3.0679,3.0679,3.0669,3.0679,7
2026-06-15 12:07:00,3.0624,3.0624,3.0619,3.0619,3.0674,3.0674,3.0669,3.0669,2
2026-06-15 12:08:00,3.0609,3.0619,3.0609,3.0609,3.0659,3.0669,3.0659,3.0659,4
2026-06-15 12:09:00,3.0604,3.0609,3.0599,3.0609,3.0654,3.0659,3.0649,3.0659,3
2026-06-15 12:10:00,3.0599,3.0599,3.0599,3.0599,3.0649,3.0649,3.0649,3.0649,1
2026-06-15 12:12:00,3.0594,3.0629,3.0594,3.0619,3.0644,3.0679,3.0644,3.0669,9
2026-06-15 12:13:00,3.0614,3.0614,3.0589,3.0589,3.0664,3.0664,3.0639,3.0639,4
2026-06-15 12:14:00,3.0599,3.0609,3.0599,3.0609,3.0649,3.0659,3.0649,3.0659,2
2026-06-15 12:15:00,3.0604,3.0609,3.0589,3.0589,3.0654,3.0659,3.0639,3.0639,7
2026-06-15 12:16:00,3.0599,3.0619,3.0579,3.0579,3.0649,3.0669,3.0629,3.0629,12
2026-06-15 12:17:00,3.0569,3.0589,3.0569,3.0574,3.0619,3.0639,3.0619,3.0624,7
2026-06-15 12:18:00,3.0579,3.0579,3.0559,3.0564,3.0629,3.0629,3.0609,3.0614,10
2026-06-15 12:19:00,3.0559,3.0569,3.0559,3.0559,3.0609,3.0619,3.0609,3.0609,8
2026-06-15 12:20:00,3.0569,3.0599,3.0569,3.0599,3.0619,3.0649,3.0619,3.0649,4
2026-06-15 12:22:00,3.0609,3.0609,3.0599,3.0599,3.0659,3.0659,3.0649,3.0649,3
2026-06-15 12:23:00,3.0604,3.0609,3.0589,3.0589,3.0654,3.0659,3.0639,3.0639,6
2026-06-15 12:24:00,3.0579,3.0579,3.0569,3.0579,3.0629,3.0629,3.0619,3.0629,3
2026-06-15 12:25:00,3.0569,3.0569,3.0564,3.0569,3.0619,3.0619,3.0614,3.0619,3
2026-06-15 12:26:00,3.0564,3.0569,3.0529,3.0539,3.0614,3.0619,3.0579,3.0589,9
2026-06-15 12:27:00,3.0549,3.0569,3.0549,3.0569,3.0599,3.0619,3.0599,3.0619,6
2026-06-15 12:30:00,3.0559,3.0569,3.0559,3.0569,3.0609,3.0619,3.0609,3.0619,5
2026-06-15 12:31:00,3.0564,3.0599,3.0559,3.0589,3.0614,3.0649,3.0609,3.0639,8
2026-06-15 12:32:00,3.0584,3.0589,3.0569,3.0569,3.0634,3.0639,3.0619,3.0619,7
2026-06-15 12:33:00,3.0559,3.0569,3.0549,3.0569,3.0609,3.0619,3.0599,3.0619,6
2026-06-15 12:34:00,3.0564,3.0569,3.0564,3.0569,3.0614,3.0619,3.0614,3.0619,4
2026-06-15 12:35:00,3.0579,3.0579,3.0559,3.0569,3.0629,3.0629,3.0609,3.0619,6
2026-06-15 12:36:00,3.0579,3.0579,3.0569,3.0569,3.0629,3.0629,3.0619,3.0619,3
2026-06-15 12:37:00,3.0559,3.0559,3.0559,3.0559,3.0609,3.0609,3.0609,3.0609,1
2026-06-15 12:38:00,3.0569,3.0599,3.0559,3.0599,3.0619,3.0649,3.0609,3.0649,14
2026-06-15 12:39:00,3.0604,3.0609,3.0604,3.0609,3.0654,3.0659,3.0654,3.0659,2
2026-06-15 12:40:00,3.0599,3.0599,3.0584,3.0589,3.0649,3.0649,3.0634,3.0639,6
2026-06-15 12:41:00,3.0584,3.0584,3.0574,3.0579,3.0634,3.0634,3.0624,3.0629,4
2026-06-15 12:42:00,3.0574,3.0574,3.0559,3.0559,3.0624,3.0624,3.0609,3.0609,5
2026-06-15 12:43:00,3.0564,3.0569,3.0519,3.0539,3.0614,3.0619,3.0569,3.0589,19
2026-06-15 12:44:00,3.0534,3.0539,3.0524,3.0539,3.0584,3.0589,3.0574,3.0589,13
2026-06-15 12:45:00,3.0529,3.0569,3.0529,3.0559,3.0579,3.0619,3.0579,3.0609,17
2026-06-15 12:46:00,3.0554,3.0559,3.0554,3.0559,3.0604,3.0609,3.0604,3.0609,4
2026-06-15 12:47:00,3.0549,3.0554,3.0549,3.0549,3.0599,3.0604,3.0599,3.0599,3
2026-06-15 12:48:00,3.0559,3.0569,3.0549,3.0569,3.0609,3.0619,3.0599,3.0619,4
2026-06-15 12:49:00,3.0564,3.0609,3.0564,3.0599,3.0614,3.0659,3.0614,3.0649,19
2026-06-15 12:50:00,3.0589,3.0599,3.0579,3.0599,3.0639,3.0649,3.0629,3.0649,12
2026-06-15 12:51:00,3.0609,3.0619,3.0599,3.0619,3.0659,3.0669,3.0649,3.0669,9
2026-06-15 12:52:00,3.0614,3.0619,3.0614,3.0619,3.0664,3.0669,3.0664,3.0669,4
2026-06-15 12:53:00,3.0609,3.0629,3.0599,3.0609,3.0659,3.0679,3.0649,3.0659,19
2026-06-15 12:54:00,3.0599,3.0599,3.0599,3.0599,3.0649,3.0649,3.0649,3.0649,1
2026-06-15 12:55:00,3.0609,3.0609,3.0569,3.0579,3.0659,3.0659,3.0619,3.0629,7
2026-06-15 12:56:00,3.0574,3.0574,3.0549,3.0549,3.0624,3.0624,3.0599,3.0599,4
2026-06-15 12:57:00,3.0544,3.0549,3.0539,3.0549,3.0594,3.0599,3.0589,3.0599,5
2026-06-15 12:58:00,3.0554,3.0559,3.0539,3.0549,3.0604,3.0609,3.0589,3.0599,7
2026-06-15 12:59:00,3.0539,3.0539,3.0529,3.0529,3.0589,3.0589,3.0579,3.0579,4
2026-06-15 13:00:00,3.0519,3.0529,3.0489,3.0499,3.0569,3.0579,3.0539,3.0549,13
2026-06-15 13:01:00,3.0509,3.0519,3.0479,3.0479,3.0559,3.0569,3.0529,3.0529,7
2026-06-15 13:02:00,3.0469,3.0479,3.0459,3.0469,3.0519,3.0529,3.0509,3.0519,13
2026-06-15 13:03:00,3.0479,3.0479,3.0459,3.0469,3.0529,3.0529,3.0509,3.0519,14
2026-06-15 13:04:00,3.0479,3.0479,3.0459,3.0459,3.0529,3.0529,3.0509,3.0509,13
2026-06-15 13:05:00,3.0469,3.0479,3.0469,3.0479,3.0519,3.0529,3.0519,3.0529,18
2026-06-15 13:06:00,3.0489,3.0489,3.0479,3.0489,3.0539,3.0539,3.0529,3.0539,3
2026-06-15 13:08:00,3.0499,3.0509,3.0489,3.0499,3.0549,3.0559,3.0539,3.0549,11
2026-06-15 13:09:00,3.0509,3.0509,3.0499,3.0499,3.0559,3.0559,3.0549,3.0549,2
2026-06-15 13:10:00,3.0489,3.0509,3.0489,3.0509,3.0539,3.0559,3.0539,3.0559,14
2026-06-15 13:11:00,3.0504,3.0569,3.0504,3.0559,3.0554,3.0619,3.0554,3.0609,25
2026-06-15 13:12:00,3.0554,3.0559,3.0539,3.0549,3.0604,3.0609,3.0589,3.0599,12
2026-06-15 13:13:00,3.0544,3.0549,3.0539,3.0549,3.0594,3.0599,3.0589,3.0599,13
2026-06-15 13:14:00,3.0544,3.0569,3.0539,3.0564,3.0594,3.0619,3.0589,3.0614,12
2026-06-15 13:15:00,3.0559,3.0609,3.0559,3.0609,3.0609,3.0659,3.0609,3.0659,13
2026-06-15 13:16:00,3.0599,3.0709,3.0599,3.0669,3.0649,3.0759,3.0649,3.0719,45
2026-06-15 13:17:00,3.0659,3.0659,3.0629,3.0629,3.0709,3.0709,3.0679,3.0679,10
2026-06-15 13:19:00,3.0639,3.0649,3.0609,3.0619,3.0689,3.0699,3.0659,3.0669,27
2026-06-15 13:20:00,3.0614,3.0659,3.0609,3.0649,3.0664,3.0709,3.0659,3.0699,13
2026-06-15 13:21:00,3.0654,3.0659,3.0639,3.0649,3.0704,3.0709,3.0689,3.0699,11
2026-06-15 13:22:00,3.0659,3.0659,3.0649,3.0659,3.0709,3.0709,3.0699,3.0709,11
2026-06-15 13:23:00,3.0669,3.0679,3.0669,3.0679,3.0719,3.0729,3.0719,3.0729,5
2026-06-15 13:24:00,3.0669,3.0679,3.0649,3.0659,3.0719,3.0729,3.0699,3.0709,16
2026-06-15 13:25:00,3.0649,3.0729,3.0649,3.0729,3.0699,3.0779,3.0699,3.0779,17
2026-06-15 13:26:00,3.0739,3.0749,3.0724,3.0729,3.0789,3.0799,3.0774,3.0779,15
2026-06-15 13:27:00,3.0734,3.0744,3.0689,3.0739,3.0784,3.0794,3.0739,3.0789,26
2026-06-15 13:28:00,3.0749,3.0749,3.0739,3.0749,3.0799,3.0799,3.0789,3.0799,8
2026-06-15 13:29:00,3.0759,3.0779,3.0749,3.0779,3.0809,3.0829,3.0799,3.0829,11
2026-06-15 13:30:00,3.0774,3.0774,3.0729,3.0749,3.0824,3.0824,3.0779,3.0799,15
2026-06-15 13:31:00,3.0754,3.0769,3.0749,3.0759,3.0804,3.0819,3.0799,3.0809,14
2026-06-15 13:32:00,3.0769,3.0829,3.0759,3.0819,3.0819,3.0879,3.0809,3.0869,23
2026-06-15 13:33:00,3.0809,3.0819,3.0799,3.0809,3.0859,3.0869,3.0849,3.0859,14
2026-06-15 13:34:00,3.0814,3.0829,3.0799,3.0829,3.0864,3.0879,3.0849,3.0879,16
2026-06-15 13:35:00,3.0839,3.0844,3.0819,3.0829,3.0889,3.0894,3.0869,3.0879,22
2026-06-15 13:36:00,3.0839,3.0879,3.0829,3.0829,3.0889,3.0929,3.0879,3.0879,27
2026-06-15 13:37:00,3.0824,3.0839,3.0819,3.0829,3.0874,3.0889,3.0869,3.0879,13
2026-06-15 13:38:00,3.0819,3.0829,3.0779,3.0809,3.0869,3.0879,3.0829,3.0859,18
2026-06-15 13:39:00,3.0804,3.0804,3.0779,3.0789,3.0854,3.0854,3.0829,3.0839,20
2026-06-15 13:40:00,3.0799,3.0799,3.0769,3.0779,3.0849,3.0849,3.0819,3.0829,7
2026-06-15 13:41:00,3.0789,3.0809,3.0779,3.0804,3.0839,3.0859,3.0829,3.0854,13
2026-06-15 13:42:00,3.0799,3.0809,3.0799,3.0799,3.0849,3.0859,3.0849,3.0849,6
2026-06-15 13:43:00,3.0809,3.0809,3.0789,3.0789,3.0859,3.0859,3.0839,3.0839,7
2026-06-15 13:44:00,3.0794,3.0794,3.0789,3.0789,3.0844,3.0844,3.0839,3.0839,2
2026-06-15 13:45:00,3.0799,3.0819,3.0799,3.0799,3.0849,3.0869,3.0849,3.0849,11
2026-06-15 13:46:00,3.0809,3.0829,3.0789,3.0799,3.0859,3.0879,3.0839,3.0849,15
2026-06-15 13:47:00,3.0809,3.0809,3.0789,3.0799,3.0859,3.0859,3.0839,3.0849,6
2026-06-15 13:48:00,3.0789,3.0789,3.0779,3.0789,3.0839,3.0839,3.0829,3.0839,7
2026-06-15 13:49:00,3.0779,3.0809,3.0779,3.0804,3.0829,3.0859,3.0829,3.0854,17
2026-06-15 13:50:00,3.0799,3.0804,3.0789,3.0799,3.0849,3.0854,3.0839,3.0849,16
2026-06-15 13:51:00,3.0794,3.0799,3.0789,3.0794,3.0844,3.0849,3.0839,3.0844,21
2026-06-15 13:52:00,3.0789,3.0839,3.0789,3.0839,3.0839,3.0889,3.0839,3.0889,13
2026-06-15 13:53:00,3.0844,3.0899,3.0839,3.0879,3.0894,3.0949,3.0889,3.0929,20
2026-06-15 13:54:00,3.0889,3.0899,3.0849,3.0864,3.0939,3.0949,3.0899,3.0914,37
2026-06-15 13:55:00,3.0869,3.0919,3.0869,3.0899,3.0919,3.0969,3.0919,3.0949,28
2026-06-15 13:56:00,3.0909,3.0909,3.0884,3.0899,3.0959,3.0959,3.0934,3.0949,24
2026-06-15 13:57:00,3.0889,3.0989,3.0884,3.0979,3.0939,3.1039,3.0934,3.1029,23
2026-06-15 13:58:00,3.0974,3.0979,3.0949,3.0969,3.1024,3.1029,3.0999,3.1019,15
2026-06-15 13:59:00,3.0959,3.0989,3.0939,3.0969,3.1009,3.1039,3.0989,3.1019,21
2026-06-15 14:00:00,3.0974,3.1079,3.0959,3.1059,3.1024,3.1129,3.1009,3.1109,55
2026-06-15 14:01:00,3.1064,3.1109,3.1029,3.1109,3.1114,3.1159,3.1079,3.1159,57
2026-06-15 14:02:00,3.1114,3.1169,3.1099,3.1119,3.1164,3.1219,3.1149,3.1169,81
2026-06-15 14:03:00,3.1109,3.1119,3.1099,3.1099,3.1159,3.1169,3.1149,3.1149,38
2026-06-15 14:04:00,3.1089,3.1099,3.1009,3.1019,3.1139,3.1149,3.1059,3.1069,48
2026-06-15 14:05:00,3.1009,3.1019,3.0989,3.1009,3.1059,3.1069,3.1039,3.1059,42
2026-06-15 14:06:00,3.1019,3.1049,3.1019,3.1039,3.1069,3.1099,3.1069,3.1089,23
2026-06-15 14:07:00,3.1029,3.1039,3.1019,3.1034,3.1079,3.1089,3.1069,3.1084,27
2026-06-15 14:08:00,3.1029,3.1049,3.1019,3.1049,3.1079,3.1099,3.1069,3.1099,20
2026-06-15 14:09:00,3.1039,3.1069,3.1029,3.1049,3.1089,3.1119,3.1079,3.1099,34
2026-06-15 14:10:00,3.1039,3.1049,3.1029,3.1039,3.1089,3.1099,3.1079,3.1089,21
2026-06-15 14:11:00,3.1049,3.1069,3.1039,3.1069,3.1099,3.1119,3.1089,3.1119,26
2026-06-15 14:12:00,3.1079,3.1099,3.1059,3.1059,3.1129,3.1149,3.1109,3.1109,15
2026-06-15 14:13:00,3.1069,3.1089,3.1069,3.1089,3.1119,3.1139,3.1119,3.1139,8
2026-06-15 14:14:00,3.1094,3.1099,3.1079,3.1079,3.1144,3.1149,3.1129,3.1129,6
2026-06-15 14:15:00,3.1069,3.1069,3.1029,3.1039,3.1119,3.1119,3.1079,3.1089,21
2026-06-15 14:16:00,3.1034,3.1059,3.1019,3.1029,3.1084,3.1109,3.1069,3.1079,22
2026-06-15 14:17:00,3.1039,3.1039,3.1009,3.1009,3.1089,3.1089,3.1059,3.1059,16
2026-06-15 14:18:00,3.1019,3.1059,3.1019,3.1059,3.1069,3.1109,3.1069,3.1109,13
2026-06-15 14:19:00,3.1069,3.1069,3.1049,3.1059,3.1119,3.1119,3.1099,3.1109,20
2026-06-15 14:20:00,3.1069,3.1089,3.1039,3.1074,3.1119,3.1139,3.1089,3.1124,37
2026-06-15 14:21:00,3.1079,3.1109,3.1069,3.1109,3.1129,3.1159,3.1119,3.1159,33
2026-06-15 14:22:00,3.1119,3.1129,3.1089,3.1109,3.1169,3.1179,3.1139,3.1159,27
2026-06-15 14:23:00,3.1119,3.1129,3.1109,3.1109,3.1169,3.1179,3.1159,3.1159,10
2026-06-15 14:24:00,3.1119,3.1159,3.1099,3.1149,3.1169,3.1209,3.1149,3.1199,11
2026-06-15 14:25:00,3.1154,3.1199,3.1149,3.1174,3.1204,3.1249,3.1199,3.1224,43
2026-06-15 14:26:00,3.1169,3.1209,3.1169,3.1209,3.1219,3.1259,3.1219,3.1259,22
2026-06-15 14:27:00,3.1204,3.1209,3.1119,3.1119,3.1254,3.1259,3.1169,3.1169,34
2026-06-15 14:28:00,3.1129,3.1129,3.1079,3.1079,3.1179,3.1179,3.1129,3.1129,50
2026-06-15 14:29:00,3.1074,3.1104,3.1049,3.1104,3.1124,3.1154,3.1099,3.1154,19
2026-06-15 14:30:00,3.1099,3.1129,3.1079,3.1124,3.1149,3.1179,3.1129,3.1174,40
2026-06-15 14:31:00,3.1129,3.1149,3.1044,3.1089,3.1179,3.1199,3.1094,3.1139,43
2026-06-15 14:32:00,3.1084,3.1089,3.1049,3.1054,3.1134,3.1139,3.1099,3.1104,25
2026-06-15 14:33:00,3.1049,3.1079,3.1039,3.1069,3.1099,3.1129,3.1089,3.1119,29
2026-06-15 14:34:00,3.1079,3.1129,3.1079,3.1119,3.1129,3.1179,3.1129,3.1169,27
2026-06-15 14:35:00,3.1114,3.1139,3.1109,3.1129,3.1164,3.1189,3.1159,3.1179,21
2026-06-15 14:36:00,3.1119,3.1229,3.1119,3.1174,3.1169,3.1279,3.1169,3.1224,49
2026-06-15 14:37:00,3.1179,3.1209,3.1169,3.1189,3.1229,3.1259,3.1219,3.1239,28
2026-06-15 14:38:00,3.1179,3.1189,3.1149,3.1169,3.1229,3.1239,3.1199,3.1219,27
2026-06-15 14:39:00,3.1159,3.1179,3.1159,3.1169,3.1209,3.1229,3.1209,3.1219,28
2026-06-15 14:40:00,3.1164,3.1179,3.1139,3.1149,3.1214,3.1229,3.1189,3.1199,38
2026-06-15 14:41:00,3.1159,3.1159,3.1129,3.1139,3.1209,3.1209,3.1179,3.1189,38
2026-06-15 14:42:00,3.1129,3.1129,3.1079,3.1079,3.1179,3.1179,3.1129,3.1129,51
2026-06-15 14:43:00,3.1069,3.1109,3.1069,3.1109,3.1119,3.1159,3.1119,3.1159,30
2026-06-15 14:44:00,3.1099,3.1114,3.1049,3.1089,3.1149,3.1164,3.1099,3.1139,49
2026-06-15 14:45:00,3.1094,3.1119,3.1094,3.1099,3.1144,3.1169,3.1144,3.1149,26
2026-06-15 14:46:00,3.1094,3.1109,3.1069,3.1084,3.1144,3.1159,3.1119,3.1134,30
2026-06-15 14:47:00,3.1079,3.1109,3.1079,3.1089,3.1129,3.1159,3.1129,3.1139,31
2026-06-15 14:48:00,3.1099,3.1119,3.1069,3.1079,3.1149,3.1169,3.1119,3.1129,17
2026-06-15 14:49:00,3.1089,3.1089,3.1069,3.1069,3.1139,3.1139,3.1119,3.1119,12
2026-06-15 14:50:00,3.1074,3.1079,3.0979,3.0984,3.1124,3.1129,3.1029,3.1034,33
2026-06-15 14:51:00,3.0989,3.0989,3.0879,3.0909,3.1039,3.1039,3.0929,3.0959,106
2026-06-15 14:52:00,3.0914,3.1019,3.0914,3.1019,3.0964,3.1069,3.0964,3.1069,43
2026-06-15 14:53:00,3.1029,3.1069,3.1029,3.1049,3.1079,3.1119,3.1079,3.1099,25
2026-06-15 14:54:00,3.1039,3.1089,3.1039,3.1089,3.1089,3.1139,3.1089,3.1139,29
2026-06-15 14:55:00,3.1099,3.1119,3.1089,3.1104,3.1149,3.1169,3.1139,3.1154,34
2026-06-15 14:56:00,3.1099,3.1129,3.1099,3.1109,3.1149,3.1179,3.1149,3.1159,24
2026-06-15 14:57:00,3.1099,3.1104,3.1059,3.1104,3.1149,3.1154,3.1109,3.1154,32
2026-06-15 14:58:00,3.1109,3.1129,3.1109,3.1119,3.1159,3.1179,3.1159,3.1169,9
2026-06-15 14:59:00,3.1129,3.1279,3.1109,3.1249,3.1179,3.1329,3.1159,3.1299,117
2026-06-15 15:00:00,3.1259,3.1269,3.1199,3.1209,3.1309,3.1319,3.1249,3.1259,93
2026-06-15 15:01:00,3.1214,3.1369,3.1209,3.1319,3.1264,3.1419,3.1259,3.1369,94
2026-06-15 15:02:00,3.1324,3.1359,3.1299,3.1304,3.1374,3.1409,3.1349,3.1354,99
2026-06-15 15:03:00,3.1309,3.1319,3.1279,3.1299,3.1359,3.1369,3.1329,3.1349,67
2026-06-15 15:04:00,3.1309,3.1319,3.1299,3.1299,3.1359,3.1369,3.1349,3.1349,16
2026-06-15 15:05:00,3.1309,3.1309,3.1249,3.1259,3.1359,3.1359,3.1299,3.1309,60
2026-06-15 15:06:00,3.1254,3.1299,3.1249,3.1259,3.1304,3.1349,3.1299,3.1309,52
2026-06-15 15:07:00,3.1264,3.1279,3.1259,3.1269,3.1314,3.1329,3.1309,3.1319,15
2026-06-15 15:08:00,3.1279,3.1279,3.1239,3.1239,3.1329,3.1329,3.1289,3.1289,41
2026-06-15 15:09:00,3.1229,3.1299,3.1204,3.1289,3.1279,3.1349,3.1254,3.1339,52
2026-06-15 15:10:00,3.1279,3.1289,3.1269,3.1279,3.1329,3.1339,3.1319,3.1329,9
2026-06-15 15:11:00,3.1269,3.1309,3.1259,3.1304,3.1319,3.1359,3.1309,3.1354,45
2026-06-15 15:12:00,3.1299,3.1309,3.1279,3.1294,3.1349,3.1359,3.1329,3.1344,28
2026-06-15 15:13:00,3.1299,3.1299,3.1259,3.1274,3.1349,3.1349,3.1309,3.1324,31
2026-06-15 15:14:00,3.1269,3.1339,3.1269,3.1309,3.1319,3.1389,3.1319,3.1359,52
2026-06-15 15:15:00,3.1304,3.1339,3.1229,3.1239,3.1354,3.1389,3.1279,3.1289,38
2026-06-15 15:16:00,3.1244,3.1319,3.1244,3.1319,3.1294,3.1369,3.1294,3.1369,34
2026-06-15 15:17:00,3.1324,3.1369,3.1324,3.1349,3.1374,3.1419,3.1374,3.1399,18
2026-06-15 15:18:00,3.1339,3.1349,3.1319,3.1329,3.1389,3.1399,3.1369,3.1379,34
2026-06-15 15:19:00,3.1319,3.1329,3.1289,3.1289,3.1369,3.1379,3.1339,3.1339,15
2026-06-15 15:20:00,3.1294,3.1329,3.1229,3.1249,3.1344,3.1379,3.1279,3.1299,35
2026-06-15 15:21:00,3.1259,3.1259,3.1179,3.1239,3.1309,3.1309,3.1229,3.1289,42
2026-06-15 15:22:00,3.1229,3.1259,3.1189,3.1259,3.1279,3.1309,3.1239,3.1309,50
2026-06-15 15:23:00,3.1249,3.1259,3.1209,3.1209,3.1299,3.1309,3.1259,3.1259,27
2026-06-15 15:24:00,3.1204,3.1209,3.1204,3.1209,3.1254,3.1259,3.1254,3.1259,2
2026-06-15 15:25:00,3.1219,3.1229,3.1199,3.1209,3.1269,3.1279,3.1249,3.1259,30
2026-06-15 15:26:00,3.1204,3.1209,3.1179,3.1209,3.1254,3.1259,3.1229,3.1259,34
2026-06-15 15:27:00,3.1214,3.1239,3.1194,3.1219,3.1264,3.1289,3.1244,3.1269,23
2026-06-15 15:28:00,3.1209,3.1239,3.1199,3.1209,3.1259,3.1289,3.1249,3.1259,17
2026-06-15 15:29:00,3.1219,3.1219,3.1189,3.1209,3.1269,3.1269,3.1239,3.1259,21
2026-06-15 15:30:00,3.1199,3.1279,3.1199,3.1269,3.1249,3.1329,3.1249,3.1319,42
2026-06-15 15:31:00,3.1279,3.1279,3.1259,3.1269,3.1329,3.1329,3.1309,3.1319,30
2026-06-15 15:32:00,3.1259,3.1299,3.1249,3.1294,3.1309,3.1349,3.1299,3.1344,22
2026-06-15 15:33:00,3.1299,3.1299,3.1269,3.1269,3.1349,3.1349,3.1319,3.1319,9
2026-06-15 15:34:00,3.1279,3.1339,3.1279,3.1329,3.1329,3.1389,3.1329,3.1379,25
2026-06-15 15:35:00,3.1339,3.1359,3.1309,3.1349,3.1389,3.1409,3.1359,3.1399,23
2026-06-15 15:36:00,3.1354,3.1379,3.1329,3.1349,3.1404,3.1429,3.1379,3.1399,26
2026-06-15 15:37:00,3.1339,3.1409,3.1339,3.1369,3.1389,3.1459,3.1389,3.1419,36
2026-06-15 15:38:00,3.1379,3.1379,3.1319,3.1339,3.1429,3.1429,3.1369,3.1389,52
2026-06-15 15:39:00,3.1344,3.1359,3.1319,3.1329,3.1394,3.1409,3.1369,3.1379,68
2026-06-15 15:40:00,3.1319,3.1339,3.1299,3.1309,3.1369,3.1389,3.1349,3.1359,50
2026-06-15 15:41:00,3.1299,3.1339,3.1269,3.1314,3.1349,3.1389,3.1319,3.1364,56
2026-06-15 15:42:00,3.1309,3.1359,3.1309,3.1359,3.1359,3.1409,3.1359,3.1409,22
2026-06-15 15:43:00,3.1369,3.1379,3.1339,3.1339,3.1419,3.1429,3.1389,3.1389,52
2026-06-15 15:44:00,3.1374,3.1379,3.1369,3.1369,3.1424,3.1429,3.1419,3.1419,4
2026-06-15 15:45:00,3.1374,3.1399,3.1369,3.1369,3.1424,3.1449,3.1419,3.1419,15
2026-06-15 15:46:00,3.1374,3.1414,3.1369,3.1399,3.1424,3.1464,3.1419,3.1449,28
2026-06-15 15:47:00,3.1409,3.1429,3.1399,3.1399,3.1459,3.1479,3.1449,3.1449,7
2026-06-15 15:48:00,3.1409,3.1439,3.1409,3.1429,3.1459,3.1489,3.1459,3.1479,11
2026-06-15 15:49:00,3.1434,3.1439,3.1419,3.1419,3.1484,3.1489,3.1469,3.1469,20
2026-06-15 15:50:00,3.1429,3.1459,3.1424,3.1449,3.1479,3.1509,3.1474,3.1499,27
2026-06-15 15:51:00,3.1454,3.1459,3.1409,3.1409,3.1504,3.1509,3.1459,3.1459,17
2026-06-15 15:52:00,3.1404,3.1409,3.1379,3.1389,3.1454,3.1459,3.1429,3.1439,33
2026-06-15 15:53:00,3.1384,3.1399,3.1369,3.1369,3.1434,3.1449,3.1419,3.1419,25
2026-06-15 15:54:00,3.1374,3.1399,3.1369,3.1389,3.1424,3.1449,3.1419,3.1439,19
2026-06-15 15:55:00,3.1399,3.1419,3.1389,3.1399,3.1449,3.1469,3.1439,3.1449,22
2026-06-15 15:56:00,3.1409,3.1439,3.1409,3.1429,3.1459,3.1489,3.1459,3.1479,8
2026-06-15 15:57:00,3.1439,3.1449,3.1419,3.1439,3.1489,3.1499,3.1469,3.1489,26
2026-06-15 15:58:00,3.1434,3.1449,3.1419,3.1429,3.1484,3.1499,3.1469,3.1479,11
2026-06-15 15:59:00,3.1424,3.1439,3.1409,3.1429,3.1474,3.1489,3.1459,3.1479,33
2026-06-15 16:00:00,3.1424,3.1429,3.1399,3.1399,3.1474,3.1479,3.1449,3.1449,24
2026-06-15 16:01:00,3.1409,3.1429,3.1389,3.1409,3.1459,3.1479,3.1439,3.1459,17
2026-06-15 16:02:00,3.1419,3.1499,3.1419,3.1449,3.1469,3.1549,3.1469,3.1499,57
2026-06-15 16:03:00,3.1459,3.1469,3.1449,3.1459,3.1509,3.1519,3.1499,3.1509,16
2026-06-15 16:04:00,3.1454,3.1459,3.1439,3.1449,3.1504,3.1509,3.1489,3.1499,20
2026-06-15 16:05:00,3.1439,3.1449,3.1409,3.1439,3.1489,3.1499,3.1459,3.1489,16
2026-06-15 16:06:00,3.1434,3.1439,3.1409,3.1439,3.1484,3.1489,3.1459,3.1489,13
2026-06-15 16:07:00,3.1449,3.1489,3.1449,3.1479,3.1499,3.1539,3.1499,3.1529,16
2026-06-15 16:08:00,3.1489,3.1489,3.1459,3.1469,3.1539,3.1539,3.1509,3.1519,13
2026-06-15 16:09:00,3.1479,3.1479,3.1459,3.1459,3.1529,3.1529,3.1509,3.1509,5
2026-06-15 16:10:00,3.1469,3.1499,3.1459,3.1469,3.1519,3.1549,3.1509,3.1519,25
2026-06-15 16:11:00,3.1479,3.1479,3.1439,3.1449,3.1529,3.1529,3.1489,3.1499,24
2026-06-15 16:12:00,3.1439,3.1459,3.1439,3.1449,3.1489,3.1509,3.1489,3.1499,29
2026-06-15 16:13:00,3.1439,3.1439,3.1419,3.1429,3.1489,3.1489,3.1469,3.1479,8
2026-06-15 16:14:00,3.1419,3.1479,3.1409,3.1469,3.1469,3.1529,3.1459,3.1519,12
2026-06-15 16:15:00,3.1459,3.1519,3.1449,3.1519,3.1509,3.1569,3.1499,3.1569,36
2026-06-15 16:16:00,3.1509,3.1509,3.1489,3.1489,3.1559,3.1559,3.1539,3.1539,7
2026-06-15 16:17:00,3.1479,3.1499,3.1479,3.1494,3.1529,3.1549,3.1529,3.1544,16
2026-06-15 16:18:00,3.1499,3.1499,3.1459,3.1469,3.1549,3.1549,3.1509,3.1519,20
2026-06-15 16:19:00,3.1459,3.1474,3.1439,3.1444,3.1509,3.1524,3.1489,3.1494,25
2026-06-15 16:20:00,3.1439,3.1459,3.1429,3.1449,3.1489,3.1509,3.1479,3.1499,25
2026-06-15 16:21:00,3.1454,3.1459,3.1419,3.1419,3.1504,3.1509,3.1469,3.1469,20
2026-06-15 16:22:00,3.1424,3.1439,3.1399,3.1429,3.1474,3.1489,3.1449,3.1479,28
2026-06-15 16:23:00,3.1434,3.1449,3.1434,3.1449,3.1484,3.1499,3.1484,3.1499,18
2026-06-15 16:24:00,3.1459,3.1519,3.1449,3.1499,3.1509,3.1569,3.1499,3.1549,38
2026-06-15 16:25:00,3.1504,3.1579,3.1499,3.1579,3.1554,3.1629,3.1549,3.1629,27
2026-06-15 16:26:00,3.1569,3.1619,3.1559,3.1599,3.1619,3.1669,3.1609,3.1649,79
2026-06-15 16:27:00,3.1589,3.1639,3.1579,3.1639,3.1639,3.1689,3.1629,3.1689,44
2026-06-15 16:28:00,3.1629,3.1639,3.1579,3.1589,3.1679,3.1689,3.1629,3.1639,39
2026-06-15 16:29:00,3.1579,3.1589,3.1559,3.1569,3.1629,3.1639,3.1609,3.1619,21
2026-06-15 16:30:00,3.1579,3.1589,3.1559,3.1569,3.1629,3.1639,3.1609,3.1619,21
2026-06-15 16:31:00,3.1564,3.1564,3.1539,3.1539,3.1614,3.1614,3.1589,3.1589,29
2026-06-15 16:32:00,3.1549,3.1549,3.1489,3.1499,3.1599,3.1599,3.1539,3.1549,28
2026-06-15 16:33:00,3.1509,3.1549,3.1499,3.1544,3.1559,3.1599,3.1549,3.1594,39
2026-06-15 16:34:00,3.1549,3.1589,3.1549,3.1579,3.1599,3.1639,3.1599,3.1629,16
2026-06-15 16:35:00,3.1569,3.1579,3.1519,3.1519,3.1619,3.1629,3.1569,3.1569,15
2026-06-15 16:36:00,3.1509,3.1529,3.1509,3.1529,3.1559,3.1579,3.1559,3.1579,13
2026-06-15 16:37:00,3.1539,3.1549,3.1529,3.1529,3.1589,3.1599,3.1579,3.1579,4
2026-06-15 16:38:00,3.1519,3.1529,3.1509,3.1509,3.1569,3.1579,3.1559,3.1559,8
2026-06-15 16:39:00,3.1499,3.1509,3.1489,3.1499,3.1549,3.1559,3.1539,3.1549,33
2026-06-15 16:40:00,3.1489,3.1499,3.1459,3.1459,3.1539,3.1549,3.1509,3.1509,30
2026-06-15 16:41:00,3.1449,3.1469,3.1439,3.1439,3.1499,3.1519,3.1489,3.1489,22
2026-06-15 16:42:00,3.1449,3.1469,3.1339,3.1369,3.1499,3.1519,3.1389,3.1419,55
2026-06-15 16:43:00,3.1379,3.1409,3.1359,3.1409,3.1429,3.1459,3.1409,3.1459,47
2026-06-15 16:44:00,3.1419,3.1429,3.1409,3.1419,3.1469,3.1479,3.1459,3.1469,17
2026-06-15 16:45:00,3.1409,3.1439,3.1319,3.1329,3.1459,3.1489,3.1369,3.1379,50
2026-06-15 16:46:00,3.1339,3.1339,3.1279,3.1279,3.1389,3.1389,3.1329,3.1329,79
2026-06-15 16:47:00,3.1289,3.1359,3.1289,3.1349,3.1339,3.1409,3.1339,3.1399,23
2026-06-15 16:48:00,3.1354,3.1379,3.1349,3.1379,3.1404,3.1429,3.1399,3.1429,20
2026-06-15 16:49:00,3.1369,3.1379,3.1349,3.1349,3.1419,3.1429,3.1399,3.1399,11
2026-06-15 16:50:00,3.1339,3.1359,3.1319,3.1349,3.1389,3.1409,3.1369,3.1399,38
2026-06-15 16:51:00,3.1344,3.1349,3.1329,3.1339,3.1394,3.1399,3.1379,3.1389,16
2026-06-15 16:52:00,3.1349,3.1349,3.1309,3.1319,3.1399,3.1399,3.1359,3.1369,30
2026-06-15 16:53:00,3.1329,3.1349,3.1324,3.1339,3.1379,3.1399,3.1374,3.1389,19
2026-06-15 16:54:00,3.1334,3.1359,3.1334,3.1349,3.1384,3.1409,3.1384,3.1399,5
2026-06-15 16:55:00,3.1339,3.1379,3.1339,3.1369,3.1389,3.1429,3.1389,3.1419,16
2026-06-15 16:56:00,3.1374,3.1374,3.1339,3.1349,3.1424,3.1424,3.1389,3.1399,16
2026-06-15 16:57:00,3.1359,3.1374,3.1339,3.1349,3.1409,3.1424,3.1389,3.1399,19
2026-06-15 16:58:00,3.1344,3.1369,3.1339,3.1364,3.1394,3.1419,3.1389,3.1414,16
2026-06-15 16:59:00,3.1359,3.1409,3.1349,3.1389,3.1409,3.1459,3.1399,3.1439,16
2026-06-15 17:00:00,3.1399,3.1409,3.1369,3.1369,3.1449,3.1459,3.1419,3.1419,22
2026-06-15 17:01:00,3.1379,3.1399,3.1369,3.1379,3.1429,3.1449,3.1419,3.1429,17
2026-06-15 17:02:00,3.1369,3.1384,3.1369,3.1379,3.1419,3.1434,3.1419,3.1429,13
2026-06-15 17:03:00,3.1369,3.1409,3.1369,3.1409,3.1419,3.1459,3.1419,3.1459,16
2026-06-15 17:04:00,3.1399,3.1409,3.1379,3.1399,3.1449,3.1459,3.1429,3.1449,12
2026-06-15 17:05:00,3.1394,3.1409,3.1389,3.1409,3.1444,3.1459,3.1439,3.1459,26
2026-06-15 17:06:00,3.1419,3.1419,3.1399,3.1399,3.1469,3.1469,3.1449,3.1449,21
2026-06-15 17:07:00,3.1409,3.1419,3.1404,3.1419,3.1459,3.1469,3.1454,3.1469,4
2026-06-15 17:08:00,3.1429,3.1429,3.1409,3.1429,3.1479,3.1479,3.1459,3.1479,14
2026-06-15 17:09:00,3.1419,3.1429,3.1419,3.1429,3.1469,3.1479,3.1469,3.1479,7
2026-06-15 17:10:00,3.1439,3.1509,3.1429,3.1499,3.1489,3.1559,3.1479,3.1549,30
2026-06-15 17:11:00,3.1489,3.1519,3.1489,3.1509,3.1539,3.1569,3.1539,3.1559,12
2026-06-15 17:12:00,3.1519,3.1519,3.1509,3.1509,3.1569,3.1569,3.1559,3.1559,2
2026-06-15 17:13:00,3.1499,3.1529,3.1499,3.1509,3.1549,3.1579,3.1549,3.1559,10
2026-06-15 17:14:00,3.1519,3.1529,3.1514,3.1519,3.1569,3.1579,3.1564,3.1569,12
2026-06-15 17:15:00,3.1524,3.1549,3.1479,3.1489,3.1574,3.1599,3.1529,3.1539,34
2026-06-15 17:16:00,3.1479,3.1509,3.1479,3.1499,3.1529,3.1559,3.1529,3.1549,28
2026-06-15 17:17:00,3.1489,3.1489,3.1464,3.1469,3.1539,3.1539,3.1514,3.1519,19
2026-06-15 17:18:00,3.1464,3.1464,3.1419,3.1449,3.1514,3.1514,3.1469,3.1499,19
2026-06-15 17:19:00,3.1459,3.1479,3.1459,3.1469,3.1509,3.1529,3.1509,3.1519,9
2026-06-15 17:20:00,3.1479,3.1489,3.1459,3.1459,3.1529,3.1539,3.1509,3.1509,10
2026-06-15 17:21:00,3.1449,3.1459,3.1439,3.1449,3.1499,3.1509,3.1489,3.1499,13
2026-06-15 17:22:00,3.1459,3.1469,3.1459,3.1459,3.1509,3.1519,3.1509,3.1509,3
2026-06-15 17:23:00,3.1469,3.1469,3.1459,3.1459,3.1519,3.1519,3.1509,3.1509,23
2026-06-15 17:24:00,3.1449,3.1539,3.1449,3.1509,3.1499,3.1589,3.1499,3.1559,49
2026-06-15 17:25:00,3.1514,3.1529,3.1499,3.1519,3.1564,3.1579,3.1549,3.1569,19
2026-06-15 17:26:00,3.1514,3.1519,3.1514,3.1519,3.1564,3.1569,3.1564,3.1569,2
2026-06-15 17:27:00,3.1509,3.1519,3.1509,3.1519,3.1559,3.1569,3.1559,3.1569,6
2026-06-15 17:28:00,3.1509,3.1549,3.1489,3.1549,3.1559,3.1599,3.1539,3.1599,23
2026-06-15 17:29:00,3.1559,3.1559,3.1499,3.1509,3.1609,3.1609,3.1549,3.1559,10
2026-06-15 17:30:00,3.1499,3.1519,3.1479,3.1504,3.1549,3.1569,3.1529,3.1554,40
2026-06-15 17:31:00,3.1499,3.1509,3.1469,3.1479,3.1549,3.1559,3.1519,3.1529,44
2026-06-15 17:32:00,3.1469,3.1479,3.1449,3.1469,3.1519,3.1529,3.1499,3.1519,31
2026-06-15 17:33:00,3.1464,3.1469,3.1429,3.1449,3.1514,3.1519,3.1479,3.1499,25
2026-06-15 17:34:00,3.1459,3.1519,3.1459,3.1519,3.1509,3.1569,3.1509,3.1569,21
2026-06-15 17:35:00,3.1529,3.1549,3.1499,3.1509,3.1579,3.1599,3.1549,3.1559,27
2026-06-15 17:36:00,3.1499,3.1509,3.1499,3.1509,3.1549,3.1559,3.1549,3.1559,15
2026-06-15 17:37:00,3.1514,3.1529,3.1514,3.1524,3.1564,3.1579,3.1564,3.1574,11
2026-06-15 17:38:00,3.1519,3.1529,3.1479,3.1479,3.1569,3.1579,3.1529,3.1529,21
2026-06-15 17:39:00,3.1469,3.1479,3.1419,3.1439,3.1519,3.1529,3.1469,3.1489,35
2026-06-15 17:40:00,3.1449,3.1489,3.1449,3.1459,3.1499,3.1539,3.1499,3.1509,16
2026-06-15 17:41:00,3.1469,3.1469,3.1399,3.1399,3.1519,3.1519,3.1449,3.1449,18
2026-06-15 17:42:00,3.1409,3.1419,3.1389,3.1409,3.1459,3.1469,3.1439,3.1459,21
2026-06-15 17:43:00,3.1404,3.1409,3.1379,3.1399,3.1454,3.1459,3.1429,3.1449,15
2026-06-15 17:44:00,3.1409,3.1419,3.1379,3.1379,3.1459,3.1469,3.1429,3.1429,15
2026-06-15 17:45:00,3.1369,3.1389,3.1349,3.1369,3.1419,3.1439,3.1399,3.1419,21
2026-06-15 17:46:00,3.1374,3.1399,3.1374,3.1399,3.1424,3.1449,3.1424,3.1449,6
2026-06-15 17:47:00,3.1409,3.1409,3.1389,3.1399,3.1459,3.1459,3.1439,3.1449,23
2026-06-15 17:48:00,3.1404,3.1419,3.1399,3.1414,3.1454,3.1469,3.1449,3.1464,22
2026-06-15 17:49:00,3.1409,3.1419,3.1399,3.1409,3.1459,3.1469,3.1449,3.1459,20
2026-06-15 17:50:00,3.1404,3.1409,3.1339,3.1359,3.1454,3.1459,3.1389,3.1409,51
2026-06-15 17:51:00,3.1369,3.1389,3.1349,3.1369,3.1419,3.1439,3.1399,3.1419,20
2026-06-15 17:52:00,3.1359,3.1379,3.1349,3.1359,3.1409,3.1429,3.1399,3.1409,25
2026-06-15 17:53:00,3.1349,3.1379,3.1349,3.1359,3.1399,3.1429,3.1399,3.1409,9
2026-06-15 17:54:00,3.1349,3.1359,3.1319,3.1319,3.1399,3.1409,3.1369,3.1369,15
2026-06-15 17:55:00,3.1324,3.1339,3.1309,3.1329,3.1374,3.1389,3.1359,3.1379,26
2026-06-15 17:56:00,3.1324,3.1349,3.1319,3.1339,3.1374,3.1399,3.1369,3.1389,24
2026-06-15 17:57:00,3.1329,3.1339,3.1329,3.1334,3.1379,3.1389,3.1379,3.1384,27
2026-06-15 17:58:00,3.1329,3.1359,3.1319,3.1349,3.1379,3.1409,3.1369,3.1399,12
2026-06-15 17:59:00,3.1354,3.1354,3.1329,3.1339,3.1404,3.1404,3.1379,3.1389,8
2026-06-15 18:00:00,3.1334,3.1379,3.1329,3.1374,3.1384,3.1429,3.1379,3.1424,28
2026-06-15 18:01:00,3.1369,3.1379,3.1334,3.1339,3.1419,3.1429,3.1384,3.1389,25
2026-06-15 18:02:00,3.1334,3.1359,3.1319,3.1349,3.1384,3.1409,3.1369,3.1399,39
2026-06-15 18:03:00,3.1344,3.1349,3.1339,3.1349,3.1394,3.1399,3.1389,3.1399,18
2026-06-15 18:04:00,3.1344,3.1379,3.1344,3.1379,3.1394,3.1429,3.1394,3.1429,17
2026-06-15 18:05:00,3.1384,3.1389,3.1379,3.1379,3.1434,3.1439,3.1429,3.1429,27
2026-06-15 18:06:00,3.1384,3.1389,3.1359,3.1359,3.1434,3.1439,3.1409,3.1409,13
2026-06-15 18:07:00,3.1369,3.1369,3.1349,3.1349,3.1419,3.1419,3.1399,3.1399,6
2026-06-15 18:08:00,3.1339,3.1359,3.1339,3.1349,3.1389,3.1409,3.1389,3.1399,10
2026-06-15 18:09:00,3.1344,3.1369,3.1334,3.1359,3.1394,3.1419,3.1384,3.1409,13
2026-06-15 18:10:00,3.1364,3.1364,3.1349,3.1349,3.1414,3.1414,3.1399,3.1399,7
2026-06-15 18:11:00,3.1359,3.1359,3.1309,3.1329,3.1409,3.1409,3.1359,3.1379,18
2026-06-15 18:12:00,3.1339,3.1359,3.1329,3.1359,3.1389,3.1409,3.1379,3.1409,10
2026-06-15 18:13:00,3.1349,3.1349,3.1339,3.1349,3.1399,3.1399,3.1389,3.1399,8
2026-06-15 18:14:00,3.1359,3.1359,3.1349,3.1359,3.1409,3.1409,3.1399,3.1409,12
2026-06-15 18:15:00,3.1349,3.1349,3.1329,3.1339,3.1399,3.1399,3.1379,3.1389,6
2026-06-15 18:16:00,3.1334,3.1339,3.1319,3.1319,3.1384,3.1389,3.1369,3.1369,10
2026-06-15 18:17:00,3.1329,3.1329,3.1319,3.1319,3.1379,3.1379,3.1369,3.1369,6
2026-06-15 18:18:00,3.1329,3.1329,3.1319,3.1329,3.1379,3.1379,3.1369,3.1379,6
2026-06-15 18:19:00,3.1339,3.1349,3.1329,3.1339,3.1389,3.1399,3.1379,3.1389,8
2026-06-15 18:20:00,3.1329,3.1369,3.1319,3.1369,3.1379,3.1419,3.1369,3.1419,23
2026-06-15 18:21:00,3.1379,3.1399,3.1379,3.1399,3.1429,3.1449,3.1429,3.1449,11
2026-06-15 18:22:00,3.1404,3.1429,3.1404,3.1414,3.1454,3.1479,3.1454,3.1464,15
2026-06-15 18:23:00,3.1419,3.1419,3.1399,3.1399,3.1469,3.1469,3.1449,3.1449,8
2026-06-15 18:24:00,3.1389,3.1389,3.1379,3.1389,3.1439,3.1439,3.1429,3.1439,7
2026-06-15 18:25:00,3.1379,3.1389,3.1379,3.1389,3.1429,3.1439,3.1429,3.1439,6
2026-06-15 18:26:00,3.1384,3.1419,3.1384,3.1419,3.1434,3.1469,3.1434,3.1469,9
2026-06-15 18:27:00,3.1429,3.1439,3.1419,3.1439,3.1479,3.1489,3.1469,3.1489,8
2026-06-15 18:28:00,3.1429,3.1519,3.1429,3.1514,3.1479,3.1569,3.1479,3.1564,40
2026-06-15 18:29:00,3.1519,3.1549,3.1499,3.1549,3.1569,3.1599,3.1549,3.1599,28
2026-06-15 18:30:00,3.1559,3.1589,3.1549,3.1549,3.1609,3.1639,3.1599,3.1599,70
2026-06-15 18:31:00,3.1554,3.1569,3.1519,3.1539,3.1604,3.1619,3.1569,3.1589,32
2026-06-15 18:32:00,3.1529,3.1589,3.1529,3.1579,3.1579,3.1639,3.1579,3.1629,24
2026-06-15 18:33:00,3.1569,3.1579,3.1569,3.1579,3.1619,3.1629,3.1619,3.1629,11
2026-06-15 18:34:00,3.1574,3.1579,3.1559,3.1579,3.1624,3.1629,3.1609,3.1629,7
2026-06-15 18:35:00,3.1589,3.1599,3.1579,3.1599,3.1639,3.1649,3.1629,3.1649,14
2026-06-15 18:36:00,3.1609,3.1609,3.1559,3.1569,3.1659,3.1659,3.1609,3.1619,18
2026-06-15 18:37:00,3.1579,3.1589,3.1569,3.1569,3.1629,3.1639,3.1619,3.1619,6
2026-06-15 18:38:00,3.1559,3.1599,3.1559,3.1579,3.1609,3.1649,3.1609,3.1629,9
2026-06-15 18:39:00,3.1589,3.1589,3.1579,3.1579,3.1639,3.1639,3.1629,3.1629,13
2026-06-15 18:40:00,3.1574,3.1599,3.1569,3.1589,3.1624,3.1649,3.1619,3.1639,15
2026-06-15 18:41:00,3.1599,3.1629,3.1589,3.1629,3.1649,3.1679,3.1639,3.1679,17
2026-06-15 18:42:00,3.1619,3.1624,3.1589,3.1599,3.1669,3.1674,3.1639,3.1649,11
2026-06-15 18:43:00,3.1589,3.1599,3.1579,3.1589,3.1639,3.1649,3.1629,3.1639,19
2026-06-15 18:44:00,3.1584,3.1589,3.1579,3.1579,3.1634,3.1639,3.1629,3.1629,22
2026-06-15 18:45:00,3.1584,3.1584,3.1539,3.1549,3.1634,3.1634,3.1589,3.1599,20
2026-06-15 18:46:00,3.1554,3.1569,3.1549,3.1569,3.1604,3.1619,3.1599,3.1619,15
2026-06-15 18:47:00,3.1574,3.1579,3.1569,3.1579,3.1624,3.1629,3.1619,3.1629,9
2026-06-15 18:48:00,3.1589,3.1599,3.1549,3.1559,3.1639,3.1649,3.1599,3.1609,9
2026-06-15 18:49:00,3.1569,3.1609,3.1559,3.1589,3.1619,3.1659,3.1609,3.1639,23
2026-06-15 18:50:00,3.1594,3.1659,3.1594,3.1649,3.1644,3.1709,3.1644,3.1699,11
2026-06-15 18:51:00,3.1644,3.1644,3.1609,3.1629,3.1694,3.1694,3.1659,3.1679,12
2026-06-15 18:52:00,3.1619,3.1639,3.1619,3.1629,3.1669,3.1689,3.1669,3.1679,9
2026-06-15 18:53:00,3.1639,3.1649,3.1629,3.1649,3.1689,3.1699,3.1679,3.1699,13
2026-06-15 18:54:00,3.1639,3.1639,3.1629,3.1639,3.1689,3.1689,3.1679,3.1689,5
2026-06-15 18:55:00,3.1649,3.1649,3.1629,3.1629,3.1699,3.1699,3.1679,3.1679,4
2026-06-15 18:56:00,3.1619,3.1639,3.1619,3.1629,3.1669,3.1689,3.1669,3.1679,13
2026-06-15 18:57:00,3.1639,3.1654,3.1629,3.1654,3.1689,3.1704,3.1679,3.1704,10
2026-06-15 18:58:00,3.1649,3.1659,3.1649,3.1649,3.1699,3.1709,3.1699,3.1699,7
2026-06-15 18:59:00,3.1639,3.1649,3.1639,3.1639,3.1689,3.1699,3.1689,3.1689,3
2026-06-15 19:00:00,3.1644,3.1654,3.1609,3.1619,3.1694,3.1704,3.1659,3.1669,29
2026-06-15 19:01:00,3.1624,3.1629,3.1619,3.1619,3.1674,3.1679,3.1669,3.1669,4
2026-06-15 19:02:00,3.1609,3.1619,3.1599,3.1619,3.1659,3.1669,3.1649,3.1669,4
2026-06-15 19:03:00,3.1609,3.1609,3.1609,3.1609,3.1659,3.1659,3.1659,3.1659,1
2026-06-15 19:04:00,3.1619,3.1619,3.1589,3.1599,3.1669,3.1669,3.1639,3.1649,8
2026-06-15 19:05:00,3.1609,3.1609,3.1594,3.1599,3.1659,3.1659,3.1644,3.1649,4
2026-06-15 19:06:00,3.1594,3.1609,3.1594,3.1599,3.1644,3.1659,3.1644,3.1649,4
2026-06-15 19:07:00,3.1609,3.1629,3.1589,3.1589,3.1659,3.1679,3.1639,3.1639,11
2026-06-15 19:08:00,3.1579,3.1579,3.1569,3.1569,3.1629,3.1629,3.1619,3.1619,5
2026-06-15 19:09:00,3.1564,3.1574,3.1564,3.1569,3.1614,3.1624,3.1614,3.1619,4
2026-06-15 19:10:00,3.1559,3.1569,3.1559,3.1559,3.1609,3.1619,3.1609,3.1609,7
2026-06-15 19:11:00,3.1569,3.1579,3.1569,3.1579,3.1619,3.1629,3.1619,3.1629,11
2026-06-15 19:12:00,3.1574,3.1589,3.1574,3.1589,3.1624,3.1639,3.1624,3.1639,5
2026-06-15 19:13:00,3.1594,3.1599,3.1579,3.1579,3.1644,3.1649,3.1629,3.1629,6
2026-06-15 19:14:00,3.1589,3.1589,3.1569,3.1589,3.1639,3.1639,3.1619,3.1639,10
2026-06-15 19:15:00,3.1599,3.1609,3.1589,3.1589,3.1649,3.1659,3.1639,3.1639,13
2026-06-15 19:16:00,3.1594,3.1599,3.1589,3.1599,3.1644,3.1649,3.1639,3.1649,9
2026-06-15 19:17:00,3.1609,3.1609,3.1599,3.1609,3.1659,3.1659,3.1649,3.1659,6
2026-06-15 19:18:00,3.1619,3.1639,3.1619,3.1629,3.1669,3.1689,3.1669,3.1679,19
2026-06-15 19:19:00,3.1624,3.1709,3.1619,3.1704,3.1674,3.1759,3.1669,3.1754,37
2026-06-15 19:20:00,3.1699,3.1774,3.1699,3.1729,3.1749,3.1824,3.1749,3.1779,56
2026-06-15 19:21:00,3.1719,3.1744,3.1709,3.1709,3.1769,3.1794,3.1759,3.1759,13
2026-06-15 19:22:00,3.1699,3.1699,3.1669,3.1669,3.1749,3.1749,3.1719,3.1719,6
2026-06-15 19:23:00,3.1659,3.1664,3.1629,3.1649,3.1709,3.1714,3.1679,3.1699,15
2026-06-15 19:24:00,3.1654,3.1659,3.1639,3.1659,3.1704,3.1709,3.1689,3.1709,7
2026-06-15 19:25:00,3.1649,3.1659,3.1649,3.1649,3.1699,3.1709,3.1699,3.1699,4
2026-06-15 19:26:00,3.1659,3.1679,3.1659,3.1659,3.1709,3.1729,3.1709,3.1709,7
2026-06-15 19:27:00,3.1669,3.1669,3.1649,3.1659,3.1719,3.1719,3.1699,3.1709,4
2026-06-15 19:28:00,3.1649,3.1649,3.1639,3.1649,3.1699,3.1699,3.1689,3.1699,5
2026-06-15 19:29:00,3.1659,3.1669,3.1649,3.1669,3.1709,3.1719,3.1699,3.1719,4
2026-06-15 19:30:00,3.1679,3.1679,3.1649,3.1649,3.1729,3.1729,3.1699,3.1699,4
2026-06-15 19:31:00,3.1639,3.1659,3.1639,3.1649,3.1689,3.1709,3.1689,3.1699,9
2026-06-15 19:32:00,3.1654,3.1679,3.1654,3.1679,3.1704,3.1729,3.1704,3.1729,30
2026-06-15 19:33:00,3.1689,3.1699,3.1679,3.1679,3.1739,3.1749,3.1729,3.1729,27
2026-06-15 19:34:00,3.1684,3.1719,3.1679,3.1719,3.1734,3.1769,3.1729,3.1769,16
2026-06-15 19:35:00,3.1709,3.1729,3.1709,3.1719,3.1759,3.1779,3.1759,3.1769,17
2026-06-15 19:36:00,3.1729,3.1729,3.1719,3.1719,3.1779,3.1779,3.1769,3.1769,2
2026-06-15 19:38:00,3.1709,3.1709,3.1689,3.1699,3.1759,3.1759,3.1739,3.1749,14
2026-06-15 19:39:00,3.1709,3.1719,3.1709,3.1709,3.1759,3.1769,3.1759,3.1759,9
2026-06-15 19:40:00,3.1719,3.1719,3.1709,3.1709,3.1769,3.1769,3.1759,3.1759,2
2026-06-15 19:41:00,3.1719,3.1749,3.1719,3.1749,3.1769,3.1799,3.1769,3.1799,4
2026-06-15 19:42:00,3.1759,3.1759,3.1749,3.1749,3.1809,3.1809,3.1799,3.1799,2
2026-06-15 19:43:00,3.1739,3.1739,3.1729,3.1739,3.1789,3.1789,3.1779,3.1789,5
2026-06-15 19:44:00,3.1734,3.1739,3.1729,3.1729,3.1784,3.1789,3.1779,3.1779,4
2026-06-15 19:45:00,3.1739,3.1739,3.1719,3.1719,3.1789,3.1789,3.1769,3.1769,10
2026-06-15 19:46:00,3.1729,3.1739,3.1719,3.1729,3.1779,3.1789,3.1769,3.1779,11
2026-06-15 19:47:00,3.1734,3.1759,3.1729,3.1759,3.1784,3.1809,3.1779,3.1809,15
2026-06-15 19:48:00,3.1749,3.1759,3.1739,3.1739,3.1799,3.1809,3.1789,3.1789,10
2026-06-15 19:49:00,3.1759,3.1769,3.1759,3.1769,3.1809,3.1819,3.1809,3.1819,2
2026-06-15 19:50:00,3.1759,3.1759,3.1739,3.1759,3.1809,3.1809,3.1789,3.1809,8
2026-06-15 19:52:00,3.1749,3.1749,3.1719,3.1729,3.1799,3.1799,3.1769,3.1779,5
2026-06-15 19:53:00,3.1719,3.1729,3.1699,3.1709,3.1769,3.1779,3.1749,3.1759,17
2026-06-15 19:54:00,3.1719,3.1719,3.1699,3.1709,3.1769,3.1769,3.1749,3.1759,9
2026-06-15 19:55:00,3.1699,3.1709,3.1699,3.1709,3.1749,3.1759,3.1749,3.1759,8
2026-06-15 19:56:00,3.1699,3.1699,3.1679,3.1699,3.1749,3.1749,3.1729,3.1749,9
2026-06-15 19:57:00,3.1689,3.1709,3.1679,3.1704,3.1739,3.1759,3.1729,3.1754,29
2026-06-15 19:58:00,3.1709,3.1709,3.1699,3.1699,3.1759,3.1759,3.1749,3.1749,21
2026-06-15 19:59:00,3.1709,3.1719,3.1709,3.1709,3.1759,3.1769,3.1759,3.1759,14
2026-06-15 20:00:00,3.1719,3.1754,3.1709,3.1754,3.1769,3.1804,3.1759,3.1804,13
2026-06-15 20:01:00,3.1759,3.1779,3.1749,3.1779,3.1809,3.1829,3.1799,3.1829,13
2026-06-15 20:02:00,3.1789,3.1799,3.1779,3.1779,3.1839,3.1849,3.1829,3.1829,8
2026-06-15 20:03:00,3.1769,3.1789,3.1769,3.1779,3.1819,3.1839,3.1819,3.1829,15
2026-06-15 20:04:00,3.1784,3.1789,3.1779,3.1789,3.1834,3.1839,3.1829,3.1839,5
2026-06-15 20:05:00,3.1799,3.1819,3.1779,3.1819,3.1849,3.1869,3.1829,3.1869,18
2026-06-15 20:06:00,3.1809,3.1819,3.1779,3.1799,3.1859,3.1869,3.1829,3.1849,15
2026-06-15 20:07:00,3.1794,3.1799,3.1779,3.1784,3.1844,3.1849,3.1829,3.1834,33
2026-06-15 20:08:00,3.1789,3.1789,3.1769,3.1789,3.1839,3.1839,3.1819,3.1839,18
2026-06-15 20:09:00,3.1799,3.1799,3.1789,3.1799,3.1849,3.1849,3.1839,3.1849,5
2026-06-15 20:10:00,3.1789,3.1789,3.1769,3.1769,3.1839,3.1839,3.1819,3.1819,7
2026-06-15 20:11:00,3.1759,3.1769,3.1739,3.1754,3.1809,3.1819,3.1789,3.1804,22
2026-06-15 20:12:00,3.1749,3.1769,3.1739,3.1759,3.1799,3.1819,3.1789,3.1809,13
2026-06-15 20:13:00,3.1749,3.1759,3.1739,3.1744,3.1799,3.1809,3.1789,3.1794,9
2026-06-15 20:14:00,3.1749,3.1749,3.1724,3.1729,3.1799,3.1799,3.1774,3.1779,15
2026-06-15 20:15:00,3.1734,3.1749,3.1729,3.1749,3.1784,3.1799,3.1779,3.1799,16
2026-06-15 20:17:00,3.1759,3.1759,3.1749,3.1759,3.1809,3.1809,3.1799,3.1809,5
2026-06-15 20:18:00,3.1744,3.1749,3.1729,3.1744,3.1794,3.1799,3.1779,3.1794,17
2026-06-15 20:19:00,3.1749,3.1759,3.1739,3.1749,3.1799,3.1809,3.1789,3.1799,25
2026-06-15 20:20:00,3.1744,3.1779,3.1739,3.1779,3.1794,3.1829,3.1789,3.1829,16
2026-06-15 20:21:00,3.1769,3.1769,3.1759,3.1759,3.1819,3.1819,3.1809,3.1809,5
2026-06-15 20:22:00,3.1749,3.1749,3.1719,3.1739,3.1799,3.1799,3.1769,3.1789,6
2026-06-15 20:23:00,3.1744,3.1749,3.1719,3.1729,3.1794,3.1799,3.1769,3.1779,15
2026-06-15 20:24:00,3.1734,3.1739,3.1709,3.1729,3.1784,3.1789,3.1759,3.1779,34
2026-06-15 20:25:00,3.1724,3.1754,3.1719,3.1739,3.1774,3.1804,3.1769,3.1789,16
2026-06-15 20:26:00,3.1729,3.1749,3.1719,3.1744,3.1779,3.1799,3.1769,3.1794,28
2026-06-15 20:27:00,3.1739,3.1789,3.1739,3.1769,3.1789,3.1839,3.1789,3.1819,32
2026-06-15 20:28:00,3.1779,3.1809,3.1719,3.1749,3.1829,3.1859,3.1769,3.1799,106
2026-06-15 20:29:00,3.1739,3.1759,3.1719,3.1749,3.1789,3.1809,3.1769,3.1799,73
2026-06-15 20:30:00,3.1759,3.1809,3.1749,3.1799,3.1809,3.1859,3.1799,3.1849,38
2026-06-15 20:31:00,3.1809,3.1809,3.1789,3.1809,3.1859,3.1859,3.1839,3.1859,20
2026-06-15 20:32:00,3.1819,3.1819,3.1779,3.1784,3.1869,3.1869,3.1829,3.1834,17
2026-06-15 20:33:00,3.1789,3.1799,3.1769,3.1789,3.1839,3.1849,3.1819,3.1839,10
2026-06-15 20:34:00,3.1794,3.1809,3.1789,3.1809,3.1844,3.1859,3.1839,3.1859,6
2026-06-15 20:35:00,3.1819,3.1819,3.1799,3.1804,3.1869,3.1869,3.1849,3.1854,11
2026-06-15 20:36:00,3.1799,3.1809,3.1789,3.1794,3.1849,3.1859,3.1839,3.1844,17
2026-06-15 20:37:00,3.1799,3.1799,3.1794,3.1799,3.1849,3.1849,3.1844,3.1849,3
2026-06-15 20:38:00,3.1809,3.1809,3.1799,3.1799,3.1859,3.1859,3.1849,3.1849,10
2026-06-15 20:39:00,3.1809,3.1819,3.1804,3.1814,3.1859,3.1869,3.1854,3.1864,14
2026-06-15 20:40:00,3.1819,3.1829,3.1809,3.1809,3.1869,3.1879,3.1859,3.1859,7
2026-06-15 20:41:00,3.1814,3.1819,3.1799,3.1809,3.1864,3.1869,3.1849,3.1859,10
2026-06-15 20:42:00,3.1814,3.1819,3.1809,3.1819,3.1864,3.1869,3.1859,3.1869,11
2026-06-15 20:43:00,3.1824,3.1859,3.1819,3.1849,3.1874,3.1909,3.1869,3.1899,13
2026-06-15 20:44:00,3.1859,3.1859,3.1819,3.1829,3.1909,3.1909,3.1869,3.1879,36
2026-06-15 20:45:00,3.1824,3.1829,3.1819,3.1829,3.1874,3.1879,3.1869,3.1879,7
2026-06-15 20:46:00,3.1819,3.1829,3.1759,3.1769,3.1869,3.1879,3.1809,3.1819,23
2026-06-15 20:47:00,3.1764,3.1779,3.1764,3.1769,3.1814,3.1829,3.1814,3.1819,7
2026-06-15 20:48:00,3.1779,3.1779,3.1769,3.1769,3.1829,3.1829,3.1819,3.1819,6
2026-06-15 20:49:00,3.1779,3.1779,3.1769,3.1769,3.1829,3.1829,3.1819,3.1819,7
2026-06-15 20:50:00,3.1774,3.1779,3.1759,3.1759,3.1824,3.1829,3.1809,3.1809,15
2026-06-15 20:51:00,3.1769,3.1769,3.1719,3.1754,3.1819,3.1819,3.1769,3.1804,18
2026-06-15 20:52:00,3.1759,3.1769,3.1759,3.1769,3.1809,3.1819,3.1809,3.1819,3
2026-06-15 20:53:00,3.1774,3.1789,3.1769,3.1779,3.1824,3.1839,3.1819,3.1829,9
2026-06-15 20:54:00,3.1784,3.1789,3.1779,3.1789,3.1834,3.1839,3.1829,3.1839,4
2026-06-15 20:56:00,3.1799,3.1819,3.1799,3.1809,3.1849,3.1869,3.1849,3.1859,8
2026-06-15 20:57:00,3.1799,3.1809,3.1759,3.1769,3.1849,3.1859,3.1809,3.1819,14
2026-06-15 20:58:00,3.1759,3.1779,3.1759,3.1769,3.1809,3.1829,3.1809,3.1819,9
2026-06-15 20:59:00,3.1759,3.1764,3.1759,3.1764,3.1809,3.1814,3.1809,3.1814,2
2026-06-15 21:00:00,3.1769,3.1779,3.1769,3.1779,3.1819,3.1829,3.1819,3.1829,12
2026-06-15 21:01:00,3.1769,3.1799,3.1769,3.1799,3.1819,3.1849,3.1819,3.1849,13
2026-06-15 21:02:00,3.1789,3.1789,3.1789,3.1789,3.1839,3.1839,3.1839,3.1839,1
2026-06-15 21:04:00,3.1799,3.1799,3.1779,3.1789,3.1849,3.1849,3.1829,3.1839,7
2026-06-15 21:05:00,3.1799,3.1799,3.1789,3.1794,3.1849,3.1849,3.1839,3.1844,3
2026-06-15 21:06:00,3.1789,3.1799,3.1759,3.1759,3.1839,3.1849,3.1809,3.1809,10
2026-06-15 21:07:00,3.1769,3.1769,3.1754,3.1759,3.1819,3.1819,3.1804,3.1809,5
2026-06-15 21:08:00,3.1769,3.1774,3.1759,3.1769,3.1819,3.1824,3.1809,3.1819,12
2026-06-15 21:09:00,3.1759,3.1759,3.1759,3.1759,3.1809,3.1809,3.1809,3.1809,1
2026-06-15 21:10:00,3.1769,3.1779,3.1769,3.1779,3.1819,3.1829,3.1819,3.1829,3
2026-06-15 21:11:00,3.1789,3.1789,3.1769,3.1774,3.1839,3.1839,3.1819,3.1824,11
2026-06-15 21:12:00,3.1779,3.1779,3.1769,3.1774,3.1829,3.1829,3.1819,3.1824,7
2026-06-15 21:13:00,3.1769,3.1779,3.1759,3.1769,3.1819,3.1829,3.1809,3.1819,6
2026-06-15 21:14:00,3.1779,3.1779,3.1779,3.1779,3.1829,3.1829,3.1829,3.1829,1
2026-06-15 21:15:00,3.1769,3.1779,3.1769,3.1779,3.1819,3.1829,3.1819,3.1829,2
2026-06-15 21:17:00,3.1784,3.1789,3.1779,3.1779,3.1834,3.1839,3.1829,3.1829,6
2026-06-15 21:18:00,3.1784,3.1789,3.1784,3.1789,3.1834,3.1839,3.1834,3.1839,2
2026-06-15 21:20:00,3.1779,3.1789,3.1779,3.1789,3.1829,3.1839,3.1829,3.1839,2
2026-06-15 21:21:00,3.1794,3.1799,3.1789,3.1799,3.1844,3.1849,3.1839,3.1849,4
2026-06-15 21:22:00,3.1809,3.1829,3.1799,3.1819,3.1859,3.1879,3.1849,3.1869,13
2026-06-15 21:23:00,3.1829,3.1859,3.1829,3.1844,3.1879,3.1909,3.1879,3.1894,16
2026-06-15 21:24:00,3.1839,3.1839,3.1839,3.1839,3.1889,3.1889,3.1889,3.1889,1
2026-06-15 21:25:00,3.1829,3.1839,3.1829,3.1839,3.1879,3.1889,3.1879,3.1889,2
2026-06-15 21:26:00,3.1829,3.1839,3.1829,3.1829,3.1879,3.1889,3.1879,3.1879,4
2026-06-15 21:27:00,3.1839,3.1839,3.1839,3.1839,3.1889,3.1889,3.1889,3.1889,1
2026-06-15 21:28:00,3.1849,3.1849,3.1849,3.1849,3.1899,3.1899,3.1899,3.1899,1
2026-06-15 21:29:00,3.1854,3.1854,3.1829,3.1839,3.1904,3.1904,3.1879,3.1889,6
2026-06-15 21:30:00,3.1829,3.1839,3.1829,3.1839,3.1879,3.1889,3.1879,3.1889,9
2026-06-15 21:31:00,3.1834,3.1839,3.1834,3.1839,3.1884,3.1889,3.1884,3.1889,2
2026-06-15 21:32:00,3.1834,3.1839,3.1829,3.1839,3.1884,3.1889,3.1879,3.1889,3
2026-06-15 21:35:00,3.1849,3.1869,3.1849,3.1849,3.1899,3.1919,3.1899,3.1899,20
2026-06-15 21:36:00,3.1839,3.1844,3.1839,3.1839,3.1889,3.1894,3.1889,3.1889,3
2026-06-15 21:37:00,3.1849,3.1849,3.1839,3.1839,3.1899,3.1899,3.1889,3.1889,14
2026-06-15 21:38:00,3.1829,3.1849,3.1829,3.1839,3.1879,3.1899,3.1879,3.1889,4
2026-06-15 21:39:00,3.1829,3.1829,3.1829,3.1829,3.1879,3.1879,3.1879,3.1879,1
2026-06-15 21:42:00,3.1819,3.1829,3.1819,3.1829,3.1869,3.1879,3.1869,3.1879,2
2026-06-15 21:43:00,3.1819,3.1819,3.1819,3.1819,3.1869,3.1869,3.1869,3.1869,1
2026-06-15 21:44:00,3.1829,3.1829,3.1829,3.1829,3.1879,3.1879,3.1879,3.1879,1
2026-06-15 21:45:00,3.1839,3.1849,3.1839,3.1849,3.1889,3.1899,3.1889,3.1899,2
2026-06-15 21:46:00,3.1859,3.1859,3.1859,3.1859,3.1909,3.1909,3.1909,3.1909,1
2026-06-15 21:47:00,3.1869,3.1869,3.1859,3.1859,3.1919,3.1919,3.1909,3.1909,15
2026-06-15 21:51:00,3.1869,3.1869,3.1859,3.1859,3.1919,3.1919,3.1909,3.1909,2
2026-06-15 21:52:00,3.1849,3.1859,3.1849,3.1859,3.1899,3.1909,3.1899,3.1909,11
2026-06-15 21:53:00,3.1864,3.1869,3.1864,3.1869,3.1914,3.1919,3.1914,3.1919,2
2026-06-15 21:54:00,3.1879,3.1879,3.1859,3.1869,3.1929,3.1929,3.1909,3.1919,4
2026-06-15 21:57:00,3.1849,3.1859,3.1849,3.1859,3.1899,3.1909,3.1899,3.1909,27
2026-06-15 21:58:00,3.1849,3.1859,3.1849,3.1849,3.1899,3.1909,3.1899,3.1899,4
2026-06-15 21:59:00,3.1844,3.1849,3.1829,3.1839,3.1894,3.1899,3.1879,3.1889,7
2026-06-15 22:00:00,3.1844,3.1869,3.1829,3.1859,3.1894,3.1919,3.1879,3.1909,13
2026-06-15 22:01:00,3.1849,3.1859,3.1849,3.1859,3.1899,3.1909,3.1899,3.1909,2
2026-06-15 22:02:00,3.1854,3.1859,3.1849,3.1849,3.1904,3.1909,3.1899,3.1899,8
2026-06-15 22:03:00,3.1854,3.1859,3.1854,3.1859,3.1904,3.1909,3.1904,3.1909,4
2026-06-15 22:04:00,3.1864,3.1864,3.1859,3.1859,3.1914,3.1914,3.1909,3.1909,2
2026-06-15 22:07:00,3.1869,3.1879,3.1869,3.1879,3.1919,3.1929,3.1919,3.1929,2
2026-06-15 22:08:00,3.1889,3.1909,3.1879,3.1899,3.1939,3.1959,3.1929,3.1949,11
2026-06-15 22:09:00,3.1889,3.1899,3.1879,3.1899,3.1939,3.1949,3.1929,3.1949,6
2026-06-15 22:10:00,3.1904,3.1904,3.1899,3.1899,3.1954,3.1954,3.1949,3.1949,2
2026-06-15 22:11:00,3.1909,3.1909,3.1889,3.1899,3.1959,3.1959,3.1939,3.1949,8
2026-06-15 22:12:00,3.1889,3.1899,3.1869,3.1869,3.1939,3.1949,3.1919,3.1919,17
2026-06-15 22:13:00,3.1859,3.1859,3.1844,3.1849,3.1909,3.1909,3.1894,3.1899,4
2026-06-15 22:14:00,3.1844,3.1844,3.1844,3.1844,3.1894,3.1894,3.1894,3.1894,1
2026-06-15 22:15:00,3.1839,3.1844,3.1839,3.1839,3.1889,3.1894,3.1889,3.1889,9
2026-06-15 22:16:00,3.1844,3.1849,3.1844,3.1849,3.1894,3.1899,3.1894,3.1899,2
2026-06-15 22:18:00,3.1839,3.1844,3.1839,3.1839,3.1889,3.1894,3.1889,3.1889,3
2026-06-15 22:19:00,3.1844,3.1844,3.1839,3.1839,3.1894,3.1894,3.1889,3.1889,2
2026-06-15 22:20:00,3.1844,3.1849,3.1844,3.1849,3.1894,3.1899,3.1894,3.1899,2
2026-06-15 22:22:00,3.1839,3.1839,3.1829,3.1829,3.1889,3.1889,3.1879,3.1879,7
2026-06-15 22:23:00,3.1834,3.1839,3.1834,3.1839,3.1884,3.1889,3.1884,3.1889,2
2026-06-15 22:25:00,3.1834,3.1834,3.1829,3.1829,3.1884,3.1884,3.1879,3.1879,2
2026-06-15 22:26:00,3.1819,3.1829,3.1819,3.1829,3.1869,3.1879,3.1869,3.1879,2
2026-06-15 22:29:00,3.1819,3.1829,3.1819,3.1819,3.1869,3.1879,3.1869,3.1869,8
2026-06-15 22:30:00,3.1829,3.1829,3.1829,3.1829,3.1879,3.1879,3.1879,3.1879,1
2026-06-15 22:31:00,3.1819,3.1819,3.1819,3.1819,3.1869,3.1869,3.1869,3.1869,1
2026-06-15 22:32:00,3.1829,3.1839,3.1829,3.1829,3.1879,3.1889,3.1879,3.1879,5
2026-06-15 22:34:00,3.1834,3.1834,3.1829,3.1829,3.1884,3.1884,3.1879,3.1879,2
2026-06-15 22:37:00,3.1839,3.1839,3.1819,3.1819,3.1889,3.1889,3.1869,3.1869,12
2026-06-15 22:39:00,3.1809,3.1829,3.1809,3.1829,3.1859,3.1879,3.1859,3.1879,10
2026-06-15 22:42:00,3.1839,3.1839,3.1829,3.1829,3.1889,3.1889,3.1879,3.1879,3
2026-06-15 22:44:00,3.1834,3.1844,3.1829,3.1829,3.1884,3.1894,3.1879,3.1879,4
2026-06-15 22:45:00,3.1839,3.1839,3.1829,3.1829,3.1889,3.1889,3.1879,3.1879,2
2026-06-15 22:47:00,3.1819,3.1829,3.1819,3.1829,3.1869,3.1879,3.1869,3.1879,2
2026-06-15 22:48:00,3.1824,3.1839,3.1819,3.1839,3.1874,3.1889,3.1869,3.1889,12
2026-06-15 22:49:00,3.1849,3.1849,3.1829,3.1829,3.1899,3.1899,3.1879,3.1879,10
2026-06-15 22:50:00,3.1819,3.1839,3.1819,3.1839,3.1869,3.1889,3.1869,3.1889,7
2026-06-15 22:51:00,3.1834,3.1834,3.1819,3.1819,3.1884,3.1884,3.1869,3.1869,5
2026-06-15 22:52:00,3.1824,3.1829,3.1809,3.1809,3.1874,3.1879,3.1859,3.1859,20
2026-06-15 22:53:00,3.1814,3.1814,3.1809,3.1809,3.1864,3.1864,3.1859,3.1859,2
2026-06-15 22:54:00,3.1799,3.1809,3.1799,3.1804,3.1849,3.1859,3.1849,3.1854,8
2026-06-15 22:55:00,3.1799,3.1809,3.1799,3.1799,3.1849,3.1859,3.1849,3.1849,3
2026-06-15 22:56:00,3.1804,3.1809,3.1799,3.1799,3.1854,3.1859,3.1849,3.1849,5
2026-06-15 22:57:00,3.1809,3.1809,3.1799,3.1809,3.1859,3.1859,3.1849,3.1859,12
2026-06-15 22:58:00,3.1819,3.1829,3.1814,3.1814,3.1869,3.1879,3.1864,3.1864,9
2026-06-15 22:59:00,3.1819,3.1829,3.1691,3.1701,3.1869,3.1879,3.1721,3.1751,23
2026-06-16 00:00:00,3.1696,3.1726,3.1656,3.1661,3.1746,3.1776,3.1706,3.1711,23
2026-06-16 00:01:00,3.1656,3.1666,3.1656,3.1666,3.1706,3.1716,3.1706,3.1716,5
2026-06-16 00:02:00,3.1651,3.1661,3.1626,3.1626,3.1701,3.1711,3.1676,3.1676,12
2026-06-16 00:03:00,3.1636,3.1656,3.1636,3.1656,3.1686,3.1706,3.1686,3.1706,10
2026-06-16 00:04:00,3.1661,3.1661,3.1656,3.1656,3.1711,3.1711,3.1706,3.1706,4
2026-06-16 00:05:00,3.1661,3.1661,3.1656,3.1656,3.1711,3.1711,3.1706,3.1706,2
2026-06-16 00:06:00,3.1651,3.1651,3.1651,3.1651,3.1701,3.1701,3.1701,3.1701,1
2026-06-16 00:08:00,3.1641,3.1641,3.1631,3.1641,3.1691,3.1691,3.1681,3.1691,4
2026-06-16 00:09:00,3.1646,3.1646,3.1646,3.1646,3.1696,3.1696,3.1696,3.1696,1
2026-06-16 00:10:00,3.1641,3.1651,3.1641,3.1651,3.1691,3.1701,3.1691,3.1701,2
2026-06-16 00:12:00,3.1661,3.1661,3.1661,3.1661,3.1711,3.1711,3.1711,3.1711,1
2026-06-16 00:16:00,3.1656,3.1661,3.1651,3.1661,3.1706,3.1711,3.1701,3.1711,3
2026-06-16 00:17:00,3.1651,3.1651,3.1651,3.1651,3.1701,3.1701,3.1701,3.1701,1
2026-06-16 00:20:00,3.1646,3.1651,3.1646,3.1651,3.1696,3.1701,3.1696,3.1701,2
2026-06-16 00:24:00,3.1656,3.1661,3.1656,3.1661,3.1706,3.1711,3.1706,3.1711,2
2026-06-16 00:25:00,3.1651,3.1651,3.1651,3.1651,3.1701,3.1701,3.1701,3.1701,1
2026-06-16 00:28:00,3.1661,3.1661,3.1661,3.1661,3.1711,3.1711,3.1711,3.1711,1
2026-06-16 00:29:00,3.1651,3.1651,3.1651,3.1651,3.1701,3.1701,3.1701,3.1701,1
2026-06-16 00:30:00,3.1661,3.1671,3.1661,3.1666,3.1711,3.1721,3.1711,3.1716,6
2026-06-16 00:31:00,3.1671,3.1671,3.1671,3.1671,3.1721,3.1721,3.1721,3.1721,1
2026-06-16 00:36:00,3.1676,3.1676,3.1671,3.1671,3.1726,3.1726,3.1721,3.1721,2
2026-06-16 00:42:00,3.1676,3.1681,3.1671,3.1681,3.1726,3.1731,3.1721,3.1731,4
2026-06-16 00:46:00,3.1671,3.1671,3.1671,3.1671,3.1721,3.1721,3.1721,3.1721,1
2026-06-16 00:47:00,3.1676,3.1681,3.1676,3.1681,3.1726,3.1731,3.1726,3.1731,2
2026-06-16 00:48:00,3.1676,3.1676,3.1676,3.1676,3.1726,3.1726,3.1726,3.1726,1
2026-06-16 00:49:00,3.1671,3.1681,3.1671,3.1681,3.1721,3.1731,3.1721,3.1731,2
2026-06-16 01:12:00,3.1701,3.1701,3.1701,3.1701,3.1751,3.1751,3.1751,3.1751,1
2026-06-16 01:13:00,3.1711,3.1711,3.1706,3.1706,3.1761,3.1761,3.1756,3.1756,2
2026-06-16 01:14:00,3.1711,3.1711,3.1706,3.1706,3.1761,3.1761,3.1756,3.1756,2
2026-06-16 01:15:00,3.1701,3.1711,3.1696,3.1696,3.1751,3.1761,3.1746,3.1746,5
2026-06-16 01:19:00,3.1701,3.1701,3.1701,3.1701,3.1751,3.1751,3.1751,3.1751,1
2026-06-16 01:22:00,3.1711,3.1721,3.1711,3.1711,3.1761,3.1771,3.1761,3.1761,3
2026-06-16 01:25:00,3.1716,3.1716,3.1711,3.1711,3.1766,3.1766,3.1761,3.1761,2
2026-06-16 01:27:00,3.1701,3.1711,3.1701,3.1711,3.1751,3.1761,3.1751,3.1761,3
2026-06-16 01:28:00,3.1706,3.1706,3.1706,3.1706,3.1756,3.1756,3.1756,3.1756,1
2026-06-16 01:31:00,3.1711,3.1711,3.1711,3.1711,3.1761,3.1761,3.1761,3.1761,1
2026-06-16 01:32:00,3.1721,3.1721,3.1721,3.1721,3.1771,3.1771,3.1771,3.1771,1
2026-06-16 01:35:00,3.1716,3.1716,3.1716,3.1716,3.1766,3.1766,3.1766,3.1766,1
2026-06-16 01:39:00,3.1711,3.1726,3.1711,3.1726,3.1761,3.1776,3.1761,3.1776,3
2026-06-16 01:40:00,3.1731,3.1731,3.1731,3.1731,3.1781,3.1781,3.1781,3.1781,1
2026-06-16 01:44:00,3.1726,3.1731,3.1726,3.1726,3.1776,3.1781,3.1776,3.1776,3
2026-06-16 01:48:00,3.1731,3.1731,3.1726,3.1726,3.1781,3.1781,3.1776,3.1776,2
2026-06-16 01:51:00,3.1721,3.1736,3.1721,3.1736,3.1771,3.1786,3.1771,3.1786,4
2026-06-16 01:52:00,3.1741,3.1741,3.1741,3.1741,3.1791,3.1791,3.1791,3.1791,1
2026-06-16 01:53:00,3.1751,3.1761,3.1746,3.1761,3.1801,3.1811,3.1796,3.1811,4
2026-06-16 01:57:00,3.1751,3.1756,3.1751,3.1756,3.1801,3.1806,3.1801,3.1806,2
2026-06-16 01:58:00,3.1751,3.1751,3.1741,3.1741,3.1801,3.1801,3.1791,3.1791,4
2026-06-16 02:00:00,3.1746,3.1746,3.1721,3.1721,3.1796,3.1796,3.1771,3.1771,5
2026-06-16 02:01:00,3.1731,3.1741,3.1731,3.1741,3.1781,3.1791,3.1781,3.1791,7
2026-06-16 02:04:00,3.1731,3.1741,3.1731,3.1731,3.1781,3.1791,3.1781,3.1781,6
2026-06-16 02:05:00,3.1721,3.1731,3.1721,3.1726,3.1771,3.1781,3.1771,3.1776,4
2026-06-16 02:06:00,3.1731,3.1731,3.1726,3.1726,3.1781,3.1781,3.1776,3.1776,2
2026-06-16 02:07:00,3.1731,3.1731,3.1726,3.1726,3.1781,3.1781,3.1776,3.1776,2
2026-06-16 02:08:00,3.1721,3.1721,3.1711,3.1711,3.1771,3.1771,3.1761,3.1761,2
2026-06-16 02:09:00,3.1701,3.1711,3.1701,3.1711,3.1751,3.1761,3.1751,3.1761,2
2026-06-16 02:10:00,3.1706,3.1711,3.1701,3.1711,3.1756,3.1761,3.1751,3.1761,4
2026-06-16 02:13:00,3.1721,3.1731,3.1721,3.1731,3.1771,3.1781,3.1771,3.1781,5
2026-06-16 02:14:00,3.1726,3.1726,3.1721,3.1721,3.1776,3.1776,3.1771,3.1771,2
2026-06-16 02:18:00,3.1731,3.1731,3.1731,3.1731,3.1781,3.1781,3.1781,3.1781,1
2026-06-16 02:19:00,3.1736,3.1741,3.1731,3.1736,3.1786,3.1791,3.1781,3.1786,6
2026-06-16 02:20:00,3.1741,3.1741,3.1741,3.1741,3.1791,3.1791,3.1791,3.1791,1
2026-06-16 02:23:00,3.1751,3.1751,3.1741,3.1741,3.1801,3.1801,3.1791,3.1791,2
2026-06-16 02:24:00,3.1751,3.1751,3.1751,3.1751,3.1801,3.1801,3.1801,3.1801,1
2026-06-16 02:27:00,3.1741,3.1771,3.1741,3.1761,3.1791,3.1821,3.1791,3.1811,11
2026-06-16 02:28:00,3.1766,3.1771,3.1761,3.1766,3.1816,3.1821,3.1811,3.1816,4
2026-06-16 02:29:00,3.1771,3.1771,3.1766,3.1766,3.1821,3.1821,3.1816,3.1816,2
2026-06-16 02:30:00,3.1761,3.1761,3.1761,3.1761,3.1811,3.1811,3.1811,3.1811,1
2026-06-16 02:31:00,3.1756,3.1756,3.1756,3.1756,3.1806,3.1806,3.1806,3.1806,1
2026-06-16 02:32:00,3.1751,3.1761,3.1751,3.1761,3.1801,3.1811,3.1801,3.1811,2
2026-06-16 02:33:00,3.1766,3.1766,3.1766,3.1766,3.1816,3.1816,3.1816,3.1816,1
2026-06-16 02:34:00,3.1771,3.1771,3.1761,3.1761,3.1821,3.1821,3.1811,3.1811,3
2026-06-16 02:35:00,3.1766,3.1771,3.1766,3.1766,3.1816,3.1821,3.1816,3.1816,5
2026-06-16 02:36:00,3.1771,3.1771,3.1766,3.1771,3.1821,3.1821,3.1816,3.1821,3
2026-06-16 02:37:00,3.1761,3.1761,3.1761,3.1761,3.1811,3.1811,3.1811,3.1811,1
2026-06-16 02:39:00,3.1751,3.1751,3.1751,3.1751,3.1801,3.1801,3.1801,3.1801,1
2026-06-16 02:40:00,3.1756,3.1756,3.1741,3.1741,3.1806,3.1806,3.1791,3.1791,4
2026-06-16 02:42:00,3.1746,3.1746,3.1741,3.1741,3.1796,3.1796,3.1791,3.1791,2
2026-06-16 02:45:00,3.1751,3.1751,3.1746,3.1746,3.1801,3.1801,3.1796,3.1796,2
2026-06-16 02:46:00,3.1741,3.1741,3.1731,3.1731,3.1791,3.1791,3.1781,3.1781,2
2026-06-16 02:47:00,3.1741,3.1746,3.1741,3.1741,3.1791,3.1796,3.1791,3.1791,3
2026-06-16 02:52:00,3.1731,3.1731,3.1721,3.1721,3.1781,3.1781,3.1771,3.1771,5
2026-06-16 02:53:00,3.1711,3.1711,3.1711,3.1711,3.1761,3.1761,3.1761,3.1761,1
2026-06-16 02:54:00,3.1706,3.1711,3.1701,3.1701,3.1756,3.1761,3.1751,3.1751,5
2026-06-16 02:55:00,3.1691,3.1701,3.1691,3.1691,3.1741,3.1751,3.1741,3.1741,4
2026-06-16 02:58:00,3.1681,3.1686,3.1681,3.1686,3.1731,3.1736,3.1731,3.1736,4
2026-06-16 02:59:00,3.1691,3.1691,3.1686,3.1686,3.1741,3.1741,3.1736,3.1736,2
2026-06-16 03:00:00,3.1681,3.1681,3.1681,3.1681,3.1731,3.1731,3.1731,3.1731,1
2026-06-16 03:02:00,3.1686,3.1691,3.1686,3.1691,3.1736,3.1741,3.1736,3.1741,2
2026-06-16 03:03:00,3.1681,3.1681,3.1681,3.1681,3.1731,3.1731,3.1731,3.1731,1
2026-06-16 03:05:00,3.1691,3.1701,3.1686,3.1701,3.1741,3.1751,3.1736,3.1751,4
2026-06-16 03:06:00,3.1691,3.1691,3.1691,3.1691,3.1741,3.1741,3.1741,3.1741,1
2026-06-16 03:07:00,3.1681,3.1681,3.1681,3.1681,3.1731,3.1731,3.1731,3.1731,1
2026-06-16 03:08:00,3.1671,3.1671,3.1651,3.1651,3.1721,3.1721,3.1701,3.1701,3
2026-06-16 03:09:00,3.1641,3.1661,3.1641,3.1646,3.1691,3.1711,3.1691,3.1696,9
2026-06-16 03:10:00,3.1651,3.1651,3.1646,3.1651,3.1701,3.1701,3.1696,3.1701,3
2026-06-16 03:12:00,3.1656,3.1661,3.1651,3.1661,3.1706,3.1711,3.1701,3.1711,8
2026-06-16 03:13:00,3.1671,3.1681,3.1671,3.1681,3.1721,3.1731,3.1721,3.1731,5
2026-06-16 03:14:00,3.1676,3.1676,3.1666,3.1666,3.1726,3.1726,3.1716,3.1716,3
2026-06-16 03:15:00,3.1671,3.1676,3.1671,3.1671,3.1721,3.1726,3.1721,3.1721,3
2026-06-16 03:16:00,3.1666,3.1671,3.1666,3.1671,3.1716,3.1721,3.1716,3.1721,2
2026-06-16 03:21:00,3.1661,3.1661,3.1661,3.1661,3.1711,3.1711,3.1711,3.1711,1
2026-06-16 03:22:00,3.1651,3.1661,3.1651,3.1661,3.1701,3.1711,3.1701,3.1711,3
2026-06-16 03:23:00,3.1651,3.1661,3.1651,3.1656,3.1701,3.1711,3.1701,3.1706,3
2026-06-16 03:24:00,3.1661,3.1661,3.1661,3.1661,3.1711,3.1711,3.1711,3.1711,1
2026-06-16 03:25:00,3.1656,3.1661,3.1656,3.1656,3.1706,3.1711,3.1706,3.1706,3
2026-06-16 03:26:00,3.1661,3.1661,3.1656,3.1656,3.1711,3.1711,3.1706,3.1706,2
2026-06-16 03:27:00,3.1651,3.1651,3.1651,3.1651,3.1701,3.1701,3.1701,3.1701,1
2026-06-16 03:30:00,3.1646,3.1651,3.1646,3.1646,3.1696,3.1701,3.1696,3.1696,7
2026-06-16 03:31:00,3.1651,3.1651,3.1641,3.1651,3.1701,3.1701,3.1691,3.1701,3
2026-06-16 03:32:00,3.1656,3.1661,3.1656,3.1661,3.1706,3.1711,3.1706,3.1711,2
2026-06-16 03:33:00,3.1666,3.1681,3.1666,3.1681,3.1716,3.1731,3.1716,3.1731,5
2026-06-16 03:34:00,3.1691,3.1691,3.1681,3.1681,3.1741,3.1741,3.1731,3.1731,2
2026-06-16 03:35:00,3.1686,3.1691,3.1681,3.1691,3.1736,3.1741,3.1731,3.1741,6
2026-06-16 03:36:00,3.1696,3.1701,3.1696,3.1701,3.1746,3.1751,3.1746,3.1751,2
2026-06-16 03:37:00,3.1691,3.1701,3.1691,3.1691,3.1741,3.1751,3.1741,3.1741,3
2026-06-16 03:40:00,3.1696,3.1696,3.1691,3.1691,3.1746,3.1746,3.1741,3.1741,2
2026-06-16 03:42:00,3.1681,3.1681,3.1681,3.1681,3.1731,3.1731,3.1731,3.1731,1
2026-06-16 03:44:00,3.1671,3.1681,3.1671,3.1681,3.1721,3.1731,3.1721,3.1731,2
2026-06-16 03:45:00,3.1686,3.1691,3.1686,3.1686,3.1736,3.1741,3.1736,3.1736,3
2026-06-16 03:46:00,3.1681,3.1691,3.1681,3.1681,3.1731,3.1741,3.1731,3.1731,5
2026-06-16 03:48:00,3.1671,3.1671,3.1651,3.1651,3.1721,3.1721,3.1701,3.1701,8
2026-06-16 03:49:00,3.1646,3.1646,3.1646,3.1646,3.1696,3.1696,3.1696,3.1696,1
2026-06-16 03:50:00,3.1651,3.1651,3.1651,3.1651,3.1701,3.1701,3.1701,3.1701,1
2026-06-16 03:51:00,3.1646,3.1651,3.1646,3.1646,3.1696,3.1701,3.1696,3.1696,3
2026-06-16 03:52:00,3.1651,3.1651,3.1651,3.1651,3.1701,3.1701,3.1701,3.1701,1
2026-06-16 03:56:00,3.1661,3.1661,3.1651,3.1661,3.1711,3.1711,3.1701,3.1711,4
2026-06-16 03:57:00,3.1651,3.1651,3.1651,3.1651,3.1701,3.1701,3.1701,3.1701,1
2026-06-16 04:01:00,3.1661,3.1661,3.1661,3.1661,3.1711,3.1711,3.1711,3.1711,1
2026-06-16 04:02:00,3.1666,3.1671,3.1661,3.1671,3.1716,3.1721,3.1711,3.1721,4
2026-06-16 04:04:00,3.1681,3.1681,3.1671,3.1671,3.1731,3.1731,3.1721,3.1721,2
2026-06-16 04:05:00,3.1666,3.1666,3.1661,3.1661,3.1716,3.1716,3.1711,3.1711,2
2026-06-16 04:12:00,3.1651,3.1651,3.1651,3.1651,3.1701,3.1701,3.1701,3.1701,1
2026-06-16 04:34:00,3.1661,3.1661,3.1651,3.1651,3.1711,3.1711,3.1701,3.1701,2
2026-06-16 04:37:00,3.1661,3.1661,3.1651,3.1651,3.1711,3.1711,3.1701,3.1701,2
2026-06-16 04:39:00,3.1656,3.1661,3.1656,3.1661,3.1706,3.1711,3.1706,3.1711,4
2026-06-16 04:40:00,3.1666,3.1671,3.1666,3.1671,3.1716,3.1721,3.1716,3.1721,2
2026-06-16 04:41:00,3.1661,3.1661,3.1661,3.1661,3.1711,3.1711,3.1711,3.1711,1
2026-06-16 04:43:00,3.1656,3.1661,3.1656,3.1661,3.1706,3.1711,3.1706,3.1711,2
2026-06-16 04:45:00,3.1656,3.1656,3.1656,3.1656,3.1706,3.1706,3.1706,3.1706,1
2026-06-16 04:46:00,3.1661,3.1661,3.1656,3.1661,3.1711,3.1711,3.1706,3.1711,3
2026-06-16 04:47:00,3.1656,3.1661,3.1651,3.1661,3.1706,3.1711,3.1701,3.1711,4
2026-06-16 04:49:00,3.1656,3.1656,3.1656,3.1656,3.1706,3.1706,3.1706,3.1706,1
2026-06-16 04:50:00,3.1661,3.1661,3.1661,3.1661,3.1711,3.1711,3.1711,3.1711,1
2026-06-16 04:51:00,3.1656,3.1656,3.1651,3.1651,3.1706,3.1706,3.1701,3.1701,2
2026-06-16 04:53:00,3.1661,3.1661,3.1661,3.1661,3.1711,3.1711,3.1711,3.1711,1
2026-06-16 04:55:00,3.1671,3.1671,3.1671,3.1671,3.1721,3.1721,3.1721,3.1721,1
2026-06-16 04:56:00,3.1681,3.1681,3.1671,3.1681,3.1731,3.1731,3.1721,3.1731,5
2026-06-16 04:57:00,3.1671,3.1671,3.1651,3.1651,3.1721,3.1721,3.1701,3.1701,4
2026-06-16 05:01:00,3.1661,3.1661,3.1661,3.1661,3.1711,3.1711,3.1711,3.1711,1
2026-06-16 05:02:00,3.1671,3.1671,3.1671,3.1671,3.1721,3.1721,3.1721,3.1721,1
2026-06-16 05:03:00,3.1676,3.1676,3.1676,3.1676,3.1726,3.1726,3.1726,3.1726,1
2026-06-16 05:04:00,3.1671,3.1671,3.1671,3.1671,3.1721,3.1721,3.1721,3.1721,1
2026-06-16 05:07:00,3.1661,3.1661,3.1661,3.1661,3.1711,3.1711,3.1711,3.1711,1
2026-06-16 05:09:00,3.1666,3.1666,3.1666,3.1666,3.1716,3.1716,3.1716,3.1716,1
2026-06-16 05:12:00,3.1661,3.1666,3.1661,3.1666,3.1711,3.1716,3.1711,3.1716,2
2026-06-16 05:13:00,3.1661,3.1661,3.1661,3.1661,3.1711,3.1711,3.1711,3.1711,1
2026-06-16 05:14:00,3.1666,3.1671,3.1666,3.1671,3.1716,3.1721,3.1716,3.1721,2
2026-06-16 05:15:00,3.1676,3.1681,3.1676,3.1681,3.1726,3.1731,3.1726,3.1731,2
2026-06-16 05:16:00,3.1676,3.1681,3.1676,3.1681,3.1726,3.1731,3.1726,3.1731,2
2026-06-16 05:17:00,3.1676,3.1681,3.1676,3.1676,3.1726,3.1731,3.1726,3.1726,3
2026-06-16 05:18:00,3.1671,3.1671,3.1671,3.1671,3.1721,3.1721,3.1721,3.1721,1
2026-06-16 05:30:00,3.1661,3.1671,3.1661,3.1661,3.1711,3.1721,3.1711,3.1711,3
2026-06-16 05:33:00,3.1671,3.1671,3.1661,3.1661,3.1721,3.1721,3.1711,3.1711,2
2026-06-16 05:34:00,3.1651,3.1651,3.1631,3.1631,3.1701,3.1701,3.1681,3.1681,3
2026-06-16 05:36:00,3.1641,3.1641,3.1621,3.1621,3.1691,3.1691,3.1671,3.1671,5
2026-06-16 05:37:00,3.1631,3.1631,3.1631,3.1631,3.1681,3.1681,3.1681,3.1681,1
2026-06-16 05:39:00,3.1636,3.1641,3.1631,3.1631,3.1686,3.1691,3.1681,3.1681,9
2026-06-16 05:42:00,3.1626,3.1631,3.1626,3.1631,3.1676,3.1681,3.1676,3.1681,2
2026-06-16 05:44:00,3.1626,3.1631,3.1626,3.1631,3.1676,3.1681,3.1676,3.1681,2
2026-06-16 05:49:00,3.1626,3.1626,3.1621,3.1621,3.1676,3.1676,3.1671,3.1671,2
2026-06-16 05:50:00,3.1631,3.1631,3.1621,3.1631,3.1681,3.1681,3.1671,3.1681,4
2026-06-16 05:52:00,3.1621,3.1621,3.1621,3.1621,3.1671,3.1671,3.1671,3.1671,1
2026-06-16 05:53:00,3.1611,3.1611,3.1601,3.1601,3.1661,3.1661,3.1651,3.1651,2
2026-06-16 05:54:00,3.1611,3.1611,3.1601,3.1601,3.1661,3.1661,3.1651,3.1651,5
2026-06-16 05:55:00,3.1611,3.1611,3.1611,3.1611,3.1661,3.1661,3.1661,3.1661,1
2026-06-16 05:58:00,3.1621,3.1631,3.1621,3.1631,3.1671,3.1681,3.1671,3.1681,2
2026-06-16 06:00:00,3.1641,3.1651,3.1641,3.1651,3.1691,3.1701,3.1691,3.1701,4
2026-06-16 06:01:00,3.1661,3.1661,3.1641,3.1641,3.1711,3.1711,3.1691,3.1691,8
2026-06-16 06:03:00,3.1631,3.1631,3.1631,3.1631,3.1681,3.1681,3.1681,3.1681,1
2026-06-16 06:04:00,3.1626,3.1631,3.1626,3.1631,3.1676,3.1681,3.1676,3.1681,2
2026-06-16 06:09:00,3.1641,3.1641,3.1631,3.1636,3.1691,3.1691,3.1681,3.1686,7
2026-06-16 06:10:00,3.1641,3.1641,3.1641,3.1641,3.1691,3.1691,3.1691,3.1691,1
2026-06-16 06:14:00,3.1631,3.1641,3.1631,3.1631,3.1681,3.1691,3.1681,3.1681,3
2026-06-16 06:15:00,3.1626,3.1631,3.1626,3.1631,3.1676,3.1681,3.1676,3.1681,2
2026-06-16 06:16:00,3.1626,3.1626,3.1621,3.1621,3.1676,3.1676,3.1671,3.1671,2
2026-06-16 06:18:00,3.1611,3.1621,3.1611,3.1621,3.1661,3.1671,3.1661,3.1671,2
2026-06-16 06:19:00,3.1611,3.1621,3.1611,3.1616,3.1661,3.1671,3.1661,3.1666,6
2026-06-16 06:20:00,3.1621,3.1621,3.1601,3.1601,3.1671,3.1671,3.1651,3.1651,5
2026-06-16 06:27:00,3.1591,3.1591,3.1591,3.1591,3.1641,3.1641,3.1641,3.1641,1
2026-06-16 06:28:00,3.1581,3.1581,3.1551,3.1561,3.1631,3.1631,3.1601,3.1611,12
2026-06-16 06:29:00,3.1571,3.1571,3.1561,3.1561,3.1621,3.1621,3.1611,3.1611,3
2026-06-16 06:30:00,3.1551,3.1551,3.1551,3.1551,3.1601,3.1601,3.1601,3.1601,1
2026-06-16 06:31:00,3.1561,3.1561,3.1551,3.1551,3.1611,3.1611,3.1601,3.1601,2
2026-06-16 06:34:00,3.1541,3.1541,3.1531,3.1541,3.1591,3.1591,3.1581,3.1591,3
2026-06-16 06:35:00,3.1551,3.1551,3.1541,3.1541,3.1601,3.1601,3.1591,3.1591,2
2026-06-16 06:38:00,3.1536,3.1541,3.1536,3.1541,3.1586,3.1591,3.1586,3.1591,2
2026-06-16 06:39:00,3.1536,3.1541,3.1536,3.1541,3.1586,3.1591,3.1586,3.1591,2
2026-06-16 06:41:00,3.1551,3.1551,3.1541,3.1541,3.1601,3.1601,3.1591,3.1591,2
2026-06-16 06:45:00,3.1531,3.1531,3.1531,3.1531,3.1581,3.1581,3.1581,3.1581,1
2026-06-16 06:46:00,3.1541,3.1541,3.1531,3.1531,3.1591,3.1591,3.1581,3.1581,3
2026-06-16 06:47:00,3.1521,3.1531,3.1511,3.1521,3.1571,3.1581,3.1561,3.1571,5
2026-06-16 06:49:00,3.1531,3.1531,3.1521,3.1531,3.1581,3.1581,3.1571,3.1581,5
2026-06-16 06:56:00,3.1541,3.1541,3.1531,3.1531,3.1591,3.1591,3.1581,3.1581,4
2026-06-16 06:58:00,3.1526,3.1531,3.1526,3.1526,3.1576,3.1581,3.1576,3.1576,5
2026-06-16 06:59:00,3.1531,3.1531,3.1521,3.1521,3.1581,3.1581,3.1571,3.1571,2
2026-06-16 07:01:00,3.1531,3.1531,3.1531,3.1531,3.1581,3.1581,3.1581,3.1581,1
2026-06-16 07:02:00,3.1521,3.1521,3.1521,3.1521,3.1571,3.1571,3.1571,3.1571,1
2026-06-16 07:03:00,3.1531,3.1531,3.1521,3.1521,3.1581,3.1581,3.1571,3.1571,2
2026-06-16 07:05:00,3.1531,3.1531,3.1531,3.1531,3.1581,3.1581,3.1581,3.1581,1
2026-06-16 07:07:00,3.1521,3.1521,3.1521,3.1521,3.1571,3.1571,3.1571,3.1571,1
2026-06-16 07:10:00,3.1531,3.1531,3.1521,3.1521,3.1581,3.1581,3.1571,3.1571,3
2026-06-16 07:12:00,3.1531,3.1531,3.1521,3.1521,3.1581,3.1581,3.1571,3.1571,2
2026-06-16 07:13:00,3.1526,3.1526,3.1526,3.1526,3.1576,3.1576,3.1576,3.1576,1
2026-06-16 07:14:00,3.1521,3.1531,3.1521,3.1531,3.1571,3.1581,3.1571,3.1581,5
2026-06-16 07:16:00,3.1521,3.1531,3.1521,3.1521,3.1571,3.1581,3.1571,3.1571,3
2026-06-16 07:20:00,3.1516,3.1516,3.1511,3.1511,3.1566,3.1566,3.1561,3.1561,2
2026-06-16 07:21:00,3.1521,3.1521,3.1516,3.1516,3.1571,3.1571,3.1566,3.1566,2
2026-06-16 07:23:00,3.1511,3.1511,3.1511,3.1511,3.1561,3.1561,3.1561,3.1561,1
2026-06-16 07:24:00,3.1501,3.1511,3.1501,3.1511,3.1551,3.1561,3.1551,3.1561,4
2026-06-16 07:25:00,3.1501,3.1511,3.1501,3.1506,3.1551,3.1561,3.1551,3.1556,5
2026-06-16 07:26:00,3.1501,3.1501,3.1501,3.1501,3.1551,3.1551,3.1551,3.1551,1
2026-06-16 07:28:00,3.1511,3.1511,3.1511,3.1511,3.1561,3.1561,3.1561,3.1561,1
2026-06-16 07:30:00,3.1501,3.1501,3.1491,3.1491,3.1551,3.1551,3.1541,3.1541,3
2026-06-16 07:32:00,3.1481,3.1481,3.1481,3.1481,3.1531,3.1531,3.1531,3.1531,1
2026-06-16 07:34:00,3.1491,3.1491,3.1491,3.1491,3.1541,3.1541,3.1541,3.1541,1
2026-06-16 07:35:00,3.1486,3.1486,3.1481,3.1481,3.1536,3.1536,3.1531,3.1531,2
2026-06-16 07:36:00,3.1491,3.1491,3.1491,3.1491,3.1541,3.1541,3.1541,3.1541,1
2026-06-16 07:37:00,3.1486,3.1491,3.1486,3.1486,3.1536,3.1541,3.1536,3.1536,7
2026-06-16 07:38:00,3.1481,3.1481,3.1481,3.1481,3.1531,3.1531,3.1531,3.1531,1
2026-06-16 07:40:00,3.1491,3.1501,3.1491,3.1501,3.1541,3.1551,3.1541,3.1551,3
2026-06-16 07:41:00,3.1511,3.1511,3.1501,3.1511,3.1561,3.1561,3.1551,3.1561,4
2026-06-16 07:42:00,3.1506,3.1506,3.1501,3.1501,3.1556,3.1556,3.1551,3.1551,2
2026-06-16 07:46:00,3.1496,3.1501,3.1491,3.1491,3.1546,3.1551,3.1541,3.1541,4
2026-06-16 07:47:00,3.1481,3.1481,3.1481,3.1481,3.1531,3.1531,3.1531,3.1531,1
2026-06-16 07:51:00,3.1491,3.1491,3.1481,3.1491,3.1541,3.1541,3.1531,3.1541,6
2026-06-16 07:54:00,3.1501,3.1501,3.1491,3.1501,3.1551,3.1551,3.1541,3.1551,3
2026-06-16 07:56:00,3.1491,3.1501,3.1491,3.1491,3.1541,3.1551,3.1541,3.1541,6
2026-06-16 07:57:00,3.1496,3.1511,3.1496,3.1511,3.1546,3.1561,3.1546,3.1561,3
2026-06-16 07:58:00,3.1521,3.1521,3.1511,3.1516,3.1571,3.1571,3.1561,3.1566,5
2026-06-16 07:59:00,3.1521,3.1531,3.1521,3.1531,3.1571,3.1581,3.1571,3.1581,2
2026-06-16 08:00:00,3.1521,3.1571,3.1521,3.1571,3.1571,3.1621,3.1571,3.1621,14
2026-06-16 08:01:00,3.1566,3.1591,3.1566,3.1591,3.1616,3.1641,3.1616,3.1641,12
2026-06-16 08:03:00,3.1596,3.1656,3.1596,3.1641,3.1646,3.1706,3.1646,3.1691,14
2026-06-16 08:04:00,3.1646,3.1651,3.1636,3.1646,3.1696,3.1701,3.1686,3.1696,7
2026-06-16 08:05:00,3.1651,3.1711,3.1646,3.1711,3.1701,3.1761,3.1696,3.1761,20
2026-06-16 08:06:00,3.1721,3.1721,3.1681,3.1686,3.1771,3.1771,3.1731,3.1736,18
2026-06-16 08:07:00,3.1681,3.1711,3.1661,3.1676,3.1731,3.1761,3.1711,3.1726,23
2026-06-16 08:08:00,3.1671,3.1691,3.1671,3.1691,3.1721,3.1741,3.1721,3.1741,13
2026-06-16 08:09:00,3.1701,3.1756,3.1701,3.1751,3.1751,3.1806,3.1751,3.1801,15
2026-06-16 08:10:00,3.1746,3.1761,3.1746,3.1751,3.1796,3.1811,3.1796,3.1801,7
2026-06-16 08:11:00,3.1756,3.1756,3.1741,3.1746,3.1806,3.1806,3.1791,3.1796,8
2026-06-16 08:12:00,3.1741,3.1751,3.1741,3.1741,3.1791,3.1801,3.1791,3.1791,5
2026-06-16 08:13:00,3.1731,3.1736,3.1731,3.1731,3.1781,3.1786,3.1781,3.1781,5
2026-06-16 08:15:00,3.1741,3.1751,3.1741,3.1751,3.1791,3.1801,3.1791,3.1801,9
2026-06-16 08:16:00,3.1746,3.1751,3.1741,3.1741,3.1796,3.1801,3.1791,3.1791,8
2026-06-16 08:17:00,3.1731,3.1736,3.1731,3.1731,3.1781,3.1786,3.1781,3.1781,3
2026-06-16 08:18:00,3.1741,3.1886,3.1741,3.1851,3.1791,3.1936,3.1791,3.1901,65
2026-06-16 08:19:00,3.1856,3.1856,3.1836,3.1851,3.1906,3.1906,3.1886,3.1901,11
2026-06-16 08:20:00,3.1861,3.1896,3.1856,3.1891,3.1911,3.1946,3.1906,3.1941,10
2026-06-16 08:21:00,3.1901,3.1911,3.1891,3.1896,3.1951,3.1961,3.1941,3.1946,10
2026-06-16 08:22:00,3.1901,3.1906,3.1891,3.1901,3.1951,3.1956,3.1941,3.1951,11
2026-06-16 08:23:00,3.1911,3.1926,3.1871,3.1876,3.1961,3.1976,3.1921,3.1926,14
2026-06-16 08:24:00,3.1881,3.1881,3.1851,3.1856,3.1931,3.1931,3.1901,3.1906,20
2026-06-16 08:25:00,3.1861,3.1871,3.1826,3.1851,3.1911,3.1921,3.1876,3.1901,16
2026-06-16 08:26:00,3.1846,3.1861,3.1846,3.1856,3.1896,3.1911,3.1896,3.1906,7
2026-06-16 08:27:00,3.1851,3.1856,3.1851,3.1851,3.1901,3.1906,3.1901,3.1901,3
2026-06-16 08:28:00,3.1846,3.1851,3.1846,3.1846,3.1896,3.1901,3.1896,3.1896,5
2026-06-16 08:29:00,3.1851,3.1861,3.1851,3.1856,3.1901,3.1911,3.1901,3.1906,7
2026-06-16 08:30:00,3.1861,3.1891,3.1861,3.1876,3.1911,3.1941,3.1911,3.1926,10
2026-06-16 08:31:00,3.1881,3.1891,3.1861,3.1861,3.1931,3.1941,3.1911,3.1911,7
2026-06-16 08:32:00,3.1871,3.1876,3.1871,3.1876,3.1921,3.1926,3.1921,3.1926,4
2026-06-16 08:33:00,3.1871,3.1876,3.1861,3.1866,3.1921,3.1926,3.1911,3.1916,9
2026-06-16 08:34:00,3.1871,3.1871,3.1861,3.1866,3.1921,3.1921,3.1911,3.1916,6
2026-06-16 08:35:00,3.1861,3.1861,3.1856,3.1856,3.1911,3.1911,3.1906,3.1906,6
2026-06-16 08:36:00,3.1861,3.1861,3.1851,3.1861,3.1911,3.1911,3.1901,3.1911,5
2026-06-16 08:37:00,3.1871,3.1871,3.1866,3.1871,3.1921,3.1921,3.1916,3.1921,3
2026-06-16 08:38:00,3.1876,3.1891,3.1876,3.1886,3.1926,3.1941,3.1926,3.1936,5
2026-06-16 08:39:00,3.1901,3.1901,3.1891,3.1901,3.1951,3.1951,3.1941,3.1951,6
2026-06-16 08:40:00,3.1906,3.1911,3.1901,3.1906,3.1956,3.1961,3.1951,3.1956,9
2026-06-16 08:41:00,3.1901,3.1906,3.1901,3.1901,3.1951,3.1956,3.1951,3.1951,3
2026-06-16 08:42:00,3.1891,3.1901,3.1886,3.1901,3.1941,3.1951,3.1936,3.1951,12
2026-06-16 08:43:00,3.1896,3.1906,3.1896,3.1906,3.1946,3.1956,3.1946,3.1956,5
2026-06-16 08:44:00,3.1911,3.1921,3.1911,3.1911,3.1961,3.1971,3.1961,3.1961,5
2026-06-16 08:45:00,3.1906,3.1916,3.1901,3.1911,3.1956,3.1966,3.1951,3.1961,11
2026-06-16 08:46:00,3.1906,3.1911,3.1906,3.1911,3.1956,3.1961,3.1956,3.1961,2
2026-06-16 08:47:00,3.1921,3.1926,3.1921,3.1921,3.1971,3.1976,3.1971,3.1971,3
2026-06-16 08:48:00,3.1926,3.1941,3.1921,3.1941,3.1976,3.1991,3.1971,3.1991,11
2026-06-16 08:49:00,3.1946,3.1946,3.1931,3.1931,3.1996,3.1996,3.1981,3.1981,5
2026-06-16 08:50:00,3.1921,3.1921,3.1901,3.1901,3.1971,3.1971,3.1951,3.1951,3
2026-06-16 08:51:00,3.1911,3.1911,3.1911,3.1911,3.1961,3.1961,3.1961,3.1961,1
2026-06-16 08:53:00,3.1901,3.1901,3.1901,3.1901,3.1951,3.1951,3.1951,3.1951,1
2026-06-16 08:54:00,3.1911,3.1921,3.1911,3.1921,3.1961,3.1971,3.1961,3.1971,5
2026-06-16 08:55:00,3.1911,3.1931,3.1911,3.1931,3.1961,3.1981,3.1961,3.1981,8
2026-06-16 08:56:00,3.1921,3.1921,3.1921,3.1921,3.1971,3.1971,3.1971,3.1971,1
2026-06-16 08:57:00,3.1926,3.1926,3.1916,3.1921,3.1976,3.1976,3.1966,3.1971,6
2026-06-16 08:58:00,3.1931,3.1946,3.1921,3.1941,3.1981,3.1996,3.1971,3.1991,12
2026-06-16 08:59:00,3.1936,3.1941,3.1926,3.1931,3.1986,3.1991,3.1976,3.1981,9
2026-06-16 09:00:00,3.1941,3.1951,3.1911,3.1931,3.1991,3.2001,3.1961,3.1981,34
2026-06-16 09:01:00,3.1936,3.1941,3.1921,3.1931,3.1986,3.1991,3.1971,3.1981,14
2026-06-16 09:02:00,3.1921,3.1921,3.1911,3.1916,3.1971,3.1971,3.1961,3.1966,6
2026-06-16 09:03:00,3.1921,3.1951,3.1921,3.1951,3.1971,3.2001,3.1971,3.2001,8
2026-06-16 09:04:00,3.1961,3.1971,3.1951,3.1971,3.2011,3.2021,3.2001,3.2021,11
2026-06-16 09:05:00,3.1966,3.1971,3.1961,3.1966,3.2016,3.2021,3.2011,3.2016,9
2026-06-16 09:06:00,3.1971,3.2011,3.1971,3.2011,3.2021,3.2061,3.2021,3.2061,11
2026-06-16 09:07:00,3.2006,3.2011,3.1971,3.1971,3.2056,3.2061,3.2021,3.2021,14
2026-06-16 09:08:00,3.1976,3.1981,3.1961,3.1971,3.2026,3.2031,3.2011,3.2021,29
2026-06-16 09:09:00,3.1981,3.1991,3.1976,3.1976,3.2031,3.2041,3.2026,3.2026,9
2026-06-16 09:10:00,3.1971,3.1976,3.1971,3.1976,3.2021,3.2026,3.2021,3.2026,2
2026-06-16 09:11:00,3.1971,3.1971,3.1951,3.1951,3.2021,3.2021,3.2001,3.2001,9
2026-06-16 09:12:00,3.1946,3.1946,3.1911,3.1911,3.1996,3.1996,3.1961,3.1961,24
2026-06-16 09:13:00,3.1901,3.1901,3.1861,3.1871,3.1951,3.1951,3.1911,3.1921,23
2026-06-16 09:14:00,3.1866,3.1891,3.1866,3.1886,3.1916,3.1941,3.1916,3.1936,12
2026-06-16 09:15:00,3.1891,3.1891,3.1821,3.1856,3.1941,3.1941,3.1871,3.1906,24
2026-06-16 09:16:00,3.1851,3.1871,3.1846,3.1851,3.1901,3.1921,3.1896,3.1901,21
2026-06-16 09:17:00,3.1856,3.1871,3.1856,3.1866,3.1906,3.1921,3.1906,3.1916,7
2026-06-16 09:18:00,3.1871,3.1871,3.1861,3.1866,3.1921,3.1921,3.1911,3.1916,10
2026-06-16 09:19:00,3.1871,3.1871,3.1861,3.1861,3.1921,3.1921,3.1911,3.1911,3
2026-06-16 09:20:00,3.1871,3.1871,3.1861,3.1861,3.1921,3.1921,3.1911,3.1911,4
2026-06-16 09:21:00,3.1851,3.1851,3.1831,3.1846,3.1901,3.1901,3.1881,3.1896,20
2026-06-16 09:22:00,3.1841,3.1851,3.1841,3.1846,3.1891,3.1901,3.1891,3.1896,22
2026-06-16 09:23:00,3.1851,3.1851,3.1831,3.1836,3.1901,3.1901,3.1881,3.1886,19
2026-06-16 09:24:00,3.1841,3.1841,3.1831,3.1836,3.1891,3.1891,3.1881,3.1886,13
2026-06-16 09:25:00,3.1841,3.1851,3.1811,3.1831,3.1891,3.1901,3.1861,3.1881,20
2026-06-16 09:26:00,3.1821,3.1821,3.1791,3.1791,3.1871,3.1871,3.1841,3.1841,7
2026-06-16 09:28:00,3.1781,3.1781,3.1751,3.1771,3.1831,3.1831,3.1801,3.1821,21
2026-06-16 09:29:00,3.1761,3.1771,3.1741,3.1761,3.1811,3.1821,3.1791,3.1811,12
2026-06-16 09:30:00,3.1751,3.1781,3.1751,3.1771,3.1801,3.1831,3.1801,3.1821,11
2026-06-16 09:31:00,3.1781,3.1781,3.1761,3.1771,3.1831,3.1831,3.1811,3.1821,15
2026-06-16 09:32:00,3.1761,3.1771,3.1751,3.1751,3.1811,3.1821,3.1801,3.1801,17
2026-06-16 09:33:00,3.1756,3.1811,3.1751,3.1811,3.1806,3.1861,3.1801,3.1861,17
2026-06-16 09:34:00,3.1816,3.1831,3.1791,3.1796,3.1866,3.1881,3.1841,3.1846,16
2026-06-16 09:35:00,3.1791,3.1831,3.1791,3.1826,3.1841,3.1881,3.1841,3.1876,8
2026-06-16 09:36:00,3.1821,3.1841,3.1811,3.1841,3.1871,3.1891,3.1861,3.1891,9
2026-06-16 09:37:00,3.1836,3.1861,3.1831,3.1861,3.1886,3.1911,3.1881,3.1911,18
2026-06-16 09:38:00,3.1856,3.1861,3.1851,3.1851,3.1906,3.1911,3.1901,3.1901,5
2026-06-16 09:39:00,3.1856,3.1861,3.1831,3.1836,3.1906,3.1911,3.1881,3.1886,14
2026-06-16 09:40:00,3.1841,3.1871,3.1841,3.1871,3.1891,3.1921,3.1891,3.1921,10
2026-06-16 09:41:00,3.1881,3.1891,3.1871,3.1881,3.1931,3.1941,3.1921,3.1931,7
2026-06-16 09:42:00,3.1871,3.1901,3.1871,3.1896,3.1921,3.1951,3.1921,3.1946,10
2026-06-16 09:43:00,3.1901,3.1901,3.1886,3.1886,3.1951,3.1951,3.1936,3.1936,6
2026-06-16 09:44:00,3.1891,3.1891,3.1886,3.1891,3.1941,3.1941,3.1936,3.1941,3
2026-06-16 09:45:00,3.1896,3.1901,3.1891,3.1901,3.1946,3.1951,3.1941,3.1951,4
2026-06-16 09:46:00,3.1911,3.1911,3.1901,3.1911,3.1961,3.1961,3.1951,3.1961,3
2026-06-16 09:47:00,3.1901,3.1901,3.1886,3.1891,3.1951,3.1951,3.1936,3.1941,10
2026-06-16 09:48:00,3.1886,3.1901,3.1881,3.1891,3.1936,3.1951,3.1931,3.1941,13
2026-06-16 09:49:00,3.1886,3.1891,3.1881,3.1886,3.1936,3.1941,3.1931,3.1936,4
2026-06-16 09:50:00,3.1881,3.1901,3.1881,3.1901,3.1931,3.1951,3.1931,3.1951,16
2026-06-16 09:51:00,3.1896,3.1896,3.1861,3.1871,3.1946,3.1946,3.1911,3.1921,20
2026-06-16 09:52:00,3.1861,3.1871,3.1861,3.1861,3.1911,3.1921,3.1911,3.1911,16
2026-06-16 09:53:00,3.1866,3.1871,3.1861,3.1861,3.1916,3.1921,3.1911,3.1911,14
2026-06-16 09:54:00,3.1866,3.1871,3.1861,3.1871,3.1916,3.1921,3.1911,3.1921,12
2026-06-16 09:55:00,3.1876,3.1891,3.1856,3.1856,3.1926,3.1941,3.1906,3.1906,11
2026-06-16 09:56:00,3.1861,3.1871,3.1861,3.1871,3.1911,3.1921,3.1911,3.1921,9
2026-06-16 09:57:00,3.1861,3.1881,3.1851,3.1881,3.1911,3.1931,3.1901,3.1931,9
2026-06-16 09:58:00,3.1876,3.1891,3.1871,3.1891,3.1926,3.1941,3.1921,3.1941,16
2026-06-16 09:59:00,3.1881,3.1901,3.1881,3.1901,3.1931,3.1951,3.1931,3.1951,3
2026-06-16 10:00:00,3.1911,3.1941,3.1911,3.1941,3.1961,3.1991,3.1961,3.1991,8
2026-06-16 10:01:00,3.1951,3.1951,3.1941,3.1951,3.2001,3.2001,3.1991,3.2001,8
2026-06-16 10:02:00,3.1956,3.1981,3.1956,3.1981,3.2006,3.2031,3.2006,3.2031,19
2026-06-16 10:03:00,3.1986,3.1991,3.1971,3.1981,3.2036,3.2041,3.2021,3.2031,7
2026-06-16 10:04:00,3.1971,3.2051,3.1971,3.2031,3.2021,3.2101,3.2021,3.2081,29
2026-06-16 10:05:00,3.2021,3.2031,3.2011,3.2011,3.2071,3.2081,3.2061,3.2061,21
2026-06-16 10:06:00,3.2001,3.2001,3.1981,3.1981,3.2051,3.2051,3.2031,3.2031,10
2026-06-16 10:07:00,3.1991,3.1991,3.1961,3.1961,3.2041,3.2041,3.2011,3.2011,13
2026-06-16 10:08:00,3.1966,3.1991,3.1961,3.1981,3.2016,3.2041,3.2011,3.2031,14
2026-06-16 10:09:00,3.1986,3.2011,3.1981,3.2011,3.2036,3.2061,3.2031,3.2061,11
2026-06-16 10:10:00,3.2021,3.2021,3.1961,3.1971,3.2071,3.2071,3.2011,3.2021,18
2026-06-16 10:11:00,3.1966,3.1971,3.1931,3.1931,3.2016,3.2021,3.1981,3.1981,17
2026-06-16 10:12:00,3.1941,3.1961,3.1941,3.1961,3.1991,3.2011,3.1991,3.2011,6
2026-06-16 10:13:00,3.1956,3.1961,3.1941,3.1941,3.2006,3.2011,3.1991,3.1991,12
2026-06-16 10:14:00,3.1951,3.1951,3.1931,3.1951,3.2001,3.2001,3.1981,3.2001,7
2026-06-16 10:16:00,3.1946,3.1961,3.1941,3.1951,3.1996,3.2011,3.1991,3.2001,12
2026-06-16 10:17:00,3.1956,3.1971,3.1956,3.1971,3.2006,3.2021,3.2006,3.2021,6
2026-06-16 10:18:00,3.1961,3.1981,3.1961,3.1981,3.2011,3.2031,3.2011,3.2031,3
2026-06-16 10:19:00,3.1971,3.1981,3.1971,3.1971,3.2021,3.2031,3.2021,3.2021,8
2026-06-16 10:20:00,3.1961,3.1961,3.1951,3.1951,3.2011,3.2011,3.2001,3.2001,2
2026-06-16 10:21:00,3.1941,3.1961,3.1941,3.1951,3.1991,3.2011,3.1991,3.2001,9
2026-06-16 10:22:00,3.1941,3.1941,3.1936,3.1936,3.1991,3.1991,3.1986,3.1986,2
2026-06-16 10:23:00,3.1941,3.1951,3.1931,3.1951,3.1991,3.2001,3.1981,3.2001,10
2026-06-16 10:24:00,3.1961,3.1971,3.1941,3.1951,3.2011,3.2021,3.1991,3.2001,17
2026-06-16 10:25:00,3.1941,3.1971,3.1941,3.1961,3.1991,3.2021,3.1991,3.2011,9
2026-06-16 10:26:00,3.1971,3.1971,3.1961,3.1961,3.2021,3.2021,3.2011,3.2011,4
2026-06-16 10:27:00,3.1971,3.1971,3.1951,3.1961,3.2021,3.2021,3.2001,3.2011,14
2026-06-16 10:28:00,3.1971,3.1971,3.1961,3.1961,3.2021,3.2021,3.2011,3.2011,3
2026-06-16 10:29:00,3.1956,3.1961,3.1931,3.1931,3.2006,3.2011,3.1981,3.1981,15
2026-06-16 10:30:00,3.1921,3.1951,3.1911,3.1951,3.1971,3.2001,3.1961,3.2001,17
2026-06-16 10:31:00,3.1946,3.1951,3.1941,3.1941,3.1996,3.2001,3.1991,3.1991,7
2026-06-16 10:32:00,3.1936,3.1941,3.1931,3.1931,3.1986,3.1991,3.1981,3.1981,3
2026-06-16 10:33:00,3.1926,3.1926,3.1911,3.1911,3.1976,3.1976,3.1961,3.1961,7
2026-06-16 10:34:00,3.1916,3.1921,3.1906,3.1921,3.1966,3.1971,3.1956,3.1971,8
2026-06-16 10:35:00,3.1916,3.1921,3.1891,3.1911,3.1966,3.1971,3.1941,3.1961,17
2026-06-16 10:36:00,3.1916,3.1921,3.1911,3.1916,3.1966,3.1971,3.1961,3.1966,19
2026-06-16 10:37:00,3.1921,3.1931,3.1901,3.1911,3.1971,3.1981,3.1951,3.1961,13
2026-06-16 10:38:00,3.1906,3.1911,3.1871,3.1871,3.1956,3.1961,3.1921,3.1921,17
2026-06-16 10:39:00,3.1881,3.1896,3.1881,3.1891,3.1931,3.1946,3.1931,3.1941,8
2026-06-16 10:40:00,3.1881,3.1881,3.1881,3.1881,3.1931,3.1931,3.1931,3.1931,1
2026-06-16 10:41:00,3.1891,3.1911,3.1891,3.1901,3.1941,3.1961,3.1941,3.1951,4
2026-06-16 10:42:00,3.1891,3.1896,3.1891,3.1891,3.1941,3.1946,3.1941,3.1941,3
2026-06-16 10:43:00,3.1901,3.1901,3.1901,3.1901,3.1951,3.1951,3.1951,3.1951,1
2026-06-16 10:44:00,3.1896,3.1896,3.1886,3.1891,3.1946,3.1946,3.1936,3.1941,4
2026-06-16 10:45:00,3.1886,3.1886,3.1851,3.1851,3.1936,3.1936,3.1901,3.1901,6
2026-06-16 10:46:00,3.1861,3.1871,3.1851,3.1851,3.1911,3.1921,3.1901,3.1901,7
2026-06-16 10:47:00,3.1841,3.1841,3.1841,3.1841,3.1891,3.1891,3.1891,3.1891,1
2026-06-16 10:48:00,3.1851,3.1851,3.1846,3.1846,3.1901,3.1901,3.1896,3.1896,10
2026-06-16 10:49:00,3.1851,3.1861,3.1841,3.1851,3.1901,3.1911,3.1891,3.1901,11
2026-06-16 10:50:00,3.1846,3.1871,3.1841,3.1871,3.1896,3.1921,3.1891,3.1921,13
2026-06-16 10:51:00,3.1881,3.1881,3.1861,3.1866,3.1931,3.1931,3.1911,3.1916,10
2026-06-16 10:52:00,3.1871,3.1881,3.1861,3.1861,3.1921,3.1931,3.1911,3.1911,4
2026-06-16 10:53:00,3.1871,3.1871,3.1851,3.1856,3.1921,3.1921,3.1901,3.1906,6
2026-06-16 10:54:00,3.1851,3.1861,3.1841,3.1856,3.1901,3.1911,3.1891,3.1906,10
2026-06-16 10:55:00,3.1861,3.1871,3.1851,3.1856,3.1911,3.1921,3.1901,3.1906,12
2026-06-16 10:56:00,3.1861,3.1861,3.1861,3.1861,3.1911,3.1911,3.1911,3.1911,1
2026-06-16 10:57:00,3.1851,3.1871,3.1851,3.1871,3.1901,3.1921,3.1901,3.1921,7
2026-06-16 10:58:00,3.1881,3.1891,3.1871,3.1876,3.1931,3.1941,3.1921,3.1926,10
2026-06-16 10:59:00,3.1871,3.1871,3.1871,3.1871,3.1921,3.1921,3.1921,3.1921,1
2026-06-16 11:00:00,3.1876,3.1891,3.1876,3.1886,3.1926,3.1941,3.1926,3.1936,7
2026-06-16 11:01:00,3.1881,3.1891,3.1881,3.1881,3.1931,3.1941,3.1931,3.1931,7
2026-06-16 11:04:00,3.1886,3.1901,3.1881,3.1896,3.1936,3.1951,3.1931,3.1946,6
2026-06-16 11:05:00,3.1891,3.1901,3.1891,3.1891,3.1941,3.1951,3.1941,3.1941,8
2026-06-16 11:06:00,3.1886,3.1886,3.1861,3.1861,3.1936,3.1936,3.1911,3.1911,4
2026-06-16 11:07:00,3.1866,3.1871,3.1861,3.1861,3.1916,3.1921,3.1911,3.1911,6
2026-06-16 11:08:00,3.1866,3.1866,3.1861,3.1866,3.1916,3.1916,3.1911,3.1916,3
2026-06-16 11:09:00,3.1871,3.1881,3.1871,3.1881,3.1921,3.1931,3.1921,3.1931,4
2026-06-16 11:11:00,3.1876,3.1876,3.1861,3.1861,3.1926,3.1926,3.1911,3.1911,7
2026-06-16 11:12:00,3.1871,3.1871,3.1871,3.1871,3.1921,3.1921,3.1921,3.1921,1
2026-06-16 11:13:00,3.1876,3.1876,3.1871,3.1871,3.1926,3.1926,3.1921,3.1921,2
2026-06-16 11:14:00,3.1876,3.1881,3.1871,3.1871,3.1926,3.1931,3.1921,3.1921,3
2026-06-16 11:17:00,3.1861,3.1861,3.1846,3.1846,3.1911,3.1911,3.1896,3.1896,3
2026-06-16 11:18:00,3.1851,3.1851,3.1826,3.1831,3.1901,3.1901,3.1876,3.1881,8
2026-06-16 11:19:00,3.1821,3.1831,3.1821,3.1831,3.1871,3.1881,3.1871,3.1881,7
2026-06-16 11:20:00,3.1826,3.1851,3.1821,3.1851,3.1876,3.1901,3.1871,3.1901,17
2026-06-16 11:21:00,3.1861,3.1861,3.1856,3.1861,3.1911,3.1911,3.1906,3.1911,3
2026-06-16 11:22:00,3.1866,3.1881,3.1861,3.1861,3.1916,3.1931,3.1911,3.1911,8
2026-06-16 11:23:00,3.1871,3.1881,3.1871,3.1881,3.1921,3.1931,3.1921,3.1931,2
2026-06-16 11:24:00,3.1886,3.1901,3.1886,3.1891,3.1936,3.1951,3.1936,3.1941,8
2026-06-16 11:25:00,3.1901,3.1901,3.1891,3.1891,3.1951,3.1951,3.1941,3.1941,4
2026-06-16 11:26:00,3.1881,3.1881,3.1881,3.1881,3.1931,3.1931,3.1931,3.1931,1
2026-06-16 11:27:00,3.1871,3.1881,3.1871,3.1881,3.1921,3.1931,3.1921,3.1931,2
2026-06-16 11:28:00,3.1891,3.1891,3.1886,3.1891,3.1941,3.1941,3.1936,3.1941,3
2026-06-16 11:30:00,3.1886,3.1886,3.1881,3.1881,3.1936,3.1936,3.1931,3.1931,2
2026-06-16 11:32:00,3.1871,3.1901,3.1871,3.1901,3.1921,3.1951,3.1921,3.1951,8
2026-06-16 11:33:00,3.1911,3.1911,3.1911,3.1911,3.1961,3.1961,3.1961,3.1961,1
2026-06-16 11:34:00,3.1901,3.1931,3.1901,3.1901,3.1951,3.1981,3.1951,3.1951,8
2026-06-16 11:35:00,3.1891,3.1891,3.1871,3.1871,3.1941,3.1941,3.1921,3.1921,5
2026-06-16 11:36:00,3.1861,3.1861,3.1861,3.1861,3.1911,3.1911,3.1911,3.1911,1
2026-06-16 11:37:00,3.1871,3.1871,3.1861,3.1861,3.1921,3.1921,3.1911,3.1911,2
2026-06-16 11:38:00,3.1871,3.1871,3.1861,3.1871,3.1921,3.1921,3.1911,3.1921,10
2026-06-16 11:39:00,3.1866,3.1871,3.1861,3.1871,3.1916,3.1921,3.1911,3.1921,4
2026-06-16 11:40:00,3.1866,3.1871,3.1861,3.1871,3.1916,3.1921,3.1911,3.1921,5
2026-06-16 11:42:00,3.1881,3.1901,3.1881,3.1891,3.1931,3.1951,3.1931,3.1941,8
2026-06-16 11:43:00,3.1881,3.1881,3.1881,3.1881,3.1931,3.1931,3.1931,3.1931,1
2026-06-16 11:44:00,3.1891,3.1891,3.1881,3.1881,3.1941,3.1941,3.1931,3.1931,2
2026-06-16 11:45:00,3.1876,3.1881,3.1871,3.1881,3.1926,3.1931,3.1921,3.1931,3
2026-06-16 11:46:00,3.1871,3.1871,3.1871,3.1871,3.1921,3.1921,3.1921,3.1921,1
2026-06-16 11:47:00,3.1881,3.2061,3.1881,3.2051,3.1931,3.2111,3.1931,3.2101,74
2026-06-16 11:48:00,3.2041,3.2091,3.2031,3.2081,3.2091,3.2141,3.2081,3.2131,21
2026-06-16 11:49:00,3.2071,3.2081,3.2061,3.2071,3.2121,3.2131,3.2111,3.2121,16
2026-06-16 11:50:00,3.2061,3.2071,3.2051,3.2066,3.2111,3.2121,3.2101,3.2116,24
2026-06-16 11:51:00,3.2071,3.2071,3.2051,3.2056,3.2121,3.2121,3.2101,3.2106,21
2026-06-16 11:52:00,3.2051,3.2061,3.2041,3.2041,3.2101,3.2111,3.2091,3.2091,6
2026-06-16 11:53:00,3.2031,3.2041,3.2021,3.2026,3.2081,3.2091,3.2071,3.2076,11
2026-06-16 11:54:00,3.2031,3.2066,3.2031,3.2061,3.2081,3.2116,3.2081,3.2111,6
2026-06-16 11:55:00,3.2071,3.2071,3.2046,3.2046,3.2121,3.2121,3.2096,3.2096,9
2026-06-16 11:56:00,3.2041,3.2061,3.2041,3.2056,3.2091,3.2111,3.2091,3.2106,12
2026-06-16 11:57:00,3.2051,3.2066,3.2046,3.2066,3.2101,3.2116,3.2096,3.2116,13
2026-06-16 11:58:00,3.2061,3.2071,3.2056,3.2066,3.2111,3.2121,3.2106,3.2116,10
2026-06-16 11:59:00,3.2071,3.2071,3.2051,3.2056,3.2121,3.2121,3.2101,3.2106,11
2026-06-16 12:00:00,3.2051,3.2071,3.2041,3.2051,3.2101,3.2121,3.2091,3.2101,26
2026-06-16 12:01:00,3.2061,3.2061,3.2051,3.2061,3.2111,3.2111,3.2101,3.2111,9
2026-06-16 12:02:00,3.2066,3.2141,3.2061,3.2131,3.2116,3.2191,3.2111,3.2181,23
2026-06-16 12:03:00,3.2121,3.2131,3.2081,3.2086,3.2171,3.2181,3.2131,3.2136,24
2026-06-16 12:04:00,3.2081,3.2096,3.2081,3.2091,3.2131,3.2146,3.2131,3.2141,5
2026-06-16 12:05:00,3.2096,3.2096,3.2051,3.2051,3.2146,3.2146,3.2101,3.2101,5
2026-06-16 12:06:00,3.2041,3.2051,3.2041,3.2041,3.2091,3.2101,3.2091,3.2091,6
2026-06-16 12:07:00,3.2051,3.2081,3.2051,3.2071,3.2101,3.2131,3.2101,3.2121,10
2026-06-16 12:08:00,3.2081,3.2081,3.2071,3.2081,3.2131,3.2131,3.2121,3.2131,7
2026-06-16 12:09:00,3.2086,3.2091,3.2081,3.2091,3.2136,3.2141,3.2131,3.2141,9
2026-06-16 12:10:00,3.2096,3.2181,3.2096,3.2161,3.2146,3.2231,3.2146,3.2211,16
2026-06-16 12:11:00,3.2156,3.2231,3.2151,3.2171,3.2206,3.2281,3.2201,3.2221,48
2026-06-16 12:12:00,3.2181,3.2181,3.2161,3.2161,3.2231,3.2231,3.2211,3.2211,3
2026-06-16 12:13:00,3.2171,3.2181,3.2171,3.2171,3.2221,3.2231,3.2221,3.2221,12
2026-06-16 12:14:00,3.2166,3.2166,3.2161,3.2161,3.2216,3.2216,3.2211,3.2211,2
2026-06-16 12:15:00,3.2171,3.2181,3.2151,3.2171,3.2221,3.2231,3.2201,3.2221,12
2026-06-16 12:16:00,3.2161,3.2171,3.2151,3.2151,3.2211,3.2221,3.2201,3.2201,4
2026-06-16 12:17:00,3.2141,3.2176,3.2121,3.2171,3.2191,3.2226,3.2171,3.2221,16
2026-06-16 12:18:00,3.2166,3.2171,3.2161,3.2161,3.2216,3.2221,3.2211,3.2211,3
2026-06-16 12:19:00,3.2156,3.2171,3.2151,3.2171,3.2206,3.2221,3.2201,3.2221,8
2026-06-16 12:20:00,3.2161,3.2176,3.2141,3.2141,3.2211,3.2226,3.2191,3.2191,8
2026-06-16 12:21:00,3.2151,3.2156,3.2141,3.2141,3.2201,3.2206,3.2191,3.2191,8
2026-06-16 12:22:00,3.2131,3.2131,3.2121,3.2121,3.2181,3.2181,3.2171,3.2171,2
2026-06-16 12:23:00,3.2131,3.2131,3.2131,3.2131,3.2181,3.2181,3.2181,3.2181,1
2026-06-16 12:24:00,3.2136,3.2151,3.2136,3.2141,3.2186,3.2201,3.2186,3.2191,4
2026-06-16 12:25:00,3.2151,3.2151,3.2131,3.2131,3.2201,3.2201,3.2181,3.2181,5
2026-06-16 12:26:00,3.2121,3.2131,3.2121,3.2121,3.2171,3.2181,3.2171,3.2171,4
2026-06-16 12:27:00,3.2111,3.2121,3.2101,3.2101,3.2161,3.2171,3.2151,3.2151,7
2026-06-16 12:28:00,3.2111,3.2111,3.2101,3.2101,3.2161,3.2161,3.2151,3.2151,6
2026-06-16 12:29:00,3.2111,3.2131,3.2111,3.2121,3.2161,3.2181,3.2161,3.2171,10
2026-06-16 12:30:00,3.2116,3.2141,3.2111,3.2111,3.2166,3.2191,3.2161,3.2161,9
2026-06-16 12:31:00,3.2121,3.2126,3.2111,3.2111,3.2171,3.2176,3.2161,3.2161,7
2026-06-16 12:32:00,3.2121,3.2121,3.2091,3.2111,3.2171,3.2171,3.2141,3.2161,13
2026-06-16 12:33:00,3.2101,3.2111,3.2091,3.2101,3.2151,3.2161,3.2141,3.2151,9
2026-06-16 12:34:00,3.2091,3.2111,3.2081,3.2091,3.2141,3.2161,3.2131,3.2141,9
2026-06-16 12:35:00,3.2096,3.2096,3.2081,3.2091,3.2146,3.2146,3.2131,3.2141,9
2026-06-16 12:36:00,3.2081,3.2101,3.2081,3.2091,3.2131,3.2151,3.2131,3.2141,7
2026-06-16 12:37:00,3.2081,3.2101,3.2081,3.2091,3.2131,3.2151,3.2131,3.2141,4
2026-06-16 12:38:00,3.2081,3.2081,3.2071,3.2071,3.2131,3.2131,3.2121,3.2121,9
2026-06-16 12:39:00,3.2066,3.2071,3.2051,3.2066,3.2116,3.2121,3.2101,3.2116,12
2026-06-16 12:40:00,3.2061,3.2061,3.2061,3.2061,3.2111,3.2111,3.2111,3.2111,1
2026-06-16 12:41:00,3.2066,3.2081,3.2066,3.2081,3.2116,3.2131,3.2116,3.2131,6
2026-06-16 12:43:00,3.2076,3.2081,3.2071,3.2081,3.2126,3.2131,3.2121,3.2131,3
2026-06-16 12:44:00,3.2091,3.2091,3.2071,3.2071,3.2141,3.2141,3.2121,3.2121,5
2026-06-16 12:45:00,3.2061,3.2066,3.2051,3.2061,3.2111,3.2116,3.2101,3.2111,5
2026-06-16 12:46:00,3.2056,3.2081,3.2051,3.2071,3.2106,3.2131,3.2101,3.2121,6
2026-06-16 12:47:00,3.2076,3.2076,3.2061,3.2061,3.2126,3.2126,3.2111,3.2111,9
2026-06-16 12:48:00,3.2051,3.2051,3.2021,3.2031,3.2101,3.2101,3.2071,3.2081,8
2026-06-16 12:49:00,3.2021,3.2021,3.2001,3.2001,3.2071,3.2071,3.2051,3.2051,4
2026-06-16 12:50:00,3.1996,3.2001,3.1981,3.1991,3.2046,3.2051,3.2031,3.2041,7
2026-06-16 12:51:00,3.2001,3.2031,3.2001,3.2031,3.2051,3.2081,3.2051,3.2081,17
2026-06-16 12:52:00,3.2021,3.2031,3.2011,3.2031,3.2071,3.2081,3.2061,3.2081,9
2026-06-16 12:53:00,3.2021,3.2021,3.2021,3.2021,3.2071,3.2071,3.2071,3.2071,1
2026-06-16 12:54:00,3.2011,3.2021,3.2011,3.2021,3.2061,3.2071,3.2061,3.2071,4
2026-06-16 12:55:00,3.2016,3.2041,3.2016,3.2041,3.2066,3.2091,3.2066,3.2091,8
2026-06-16 12:57:00,3.2031,3.2051,3.2031,3.2051,3.2081,3.2101,3.2081,3.2101,9
2026-06-16 12:58:00,3.2061,3.2071,3.2021,3.2021,3.2111,3.2121,3.2071,3.2071,25
2026-06-16 12:59:00,3.2011,3.2031,3.2011,3.2021,3.2061,3.2081,3.2061,3.2071,7
2026-06-16 13:00:00,3.2011,3.2011,3.1911,3.1946,3.2061,3.2061,3.1961,3.1996,56
2026-06-16 13:01:00,3.1951,3.1951,3.1911,3.1931,3.2001,3.2001,3.1961,3.1981,20
2026-06-16 13:02:00,3.1941,3.1961,3.1911,3.1921,3.1991,3.2011,3.1961,3.1971,21
2026-06-16 13:03:00,3.1911,3.1921,3.1891,3.1891,3.1961,3.1971,3.1941,3.1941,24
2026-06-16 13:04:00,3.1901,3.1921,3.1901,3.1901,3.1951,3.1971,3.1951,3.1951,14
2026-06-16 13:05:00,3.1911,3.1941,3.1891,3.1921,3.1961,3.1991,3.1941,3.1971,17
2026-06-16 13:06:00,3.1926,3.2041,3.1926,3.2031,3.1976,3.2091,3.1976,3.2081,41
2026-06-16 13:07:00,3.2036,3.2041,3.1981,3.2031,3.2086,3.2091,3.2031,3.2081,24
2026-06-16 13:08:00,3.2036,3.2036,3.1996,3.2001,3.2086,3.2086,3.2046,3.2051,24
2026-06-16 13:09:00,3.1991,3.1996,3.1981,3.1991,3.2041,3.2046,3.2031,3.2041,7
2026-06-16 13:10:00,3.2001,3.2011,3.1981,3.1991,3.2051,3.2061,3.2031,3.2041,22
2026-06-16 13:11:00,3.1981,3.1991,3.1901,3.1941,3.2031,3.2041,3.1951,3.1991,26
2026-06-16 13:12:00,3.1931,3.1961,3.1926,3.1951,3.1981,3.2011,3.1976,3.2001,28
2026-06-16 13:13:00,3.1961,3.1971,3.1931,3.1951,3.2011,3.2021,3.1981,3.2001,17
2026-06-16 13:14:00,3.1961,3.1971,3.1946,3.1971,3.2011,3.2021,3.1996,3.2021,7
2026-06-16 13:15:00,3.1976,3.1991,3.1966,3.1991,3.2026,3.2041,3.2016,3.2041,20
2026-06-16 13:16:00,3.1996,3.2021,3.1981,3.1991,3.2046,3.2071,3.2031,3.2041,18
2026-06-16 13:17:00,3.1981,3.1991,3.1981,3.1986,3.2031,3.2041,3.2031,3.2036,8
2026-06-16 13:18:00,3.1981,3.2031,3.1971,3.2021,3.2031,3.2081,3.2021,3.2071,18
2026-06-16 13:19:00,3.2011,3.2021,3.2011,3.2011,3.2061,3.2071,3.2061,3.2061,4
2026-06-16 13:20:00,3.2001,3.2001,3.1991,3.2001,3.2051,3.2051,3.2041,3.2051,7
2026-06-16 13:21:00,3.1991,3.1991,3.1981,3.1991,3.2041,3.2041,3.2031,3.2041,3
2026-06-16 13:22:00,3.2001,3.2001,3.1981,3.2001,3.2051,3.2051,3.2031,3.2051,10
2026-06-16 13:23:00,3.2011,3.2031,3.2011,3.2031,3.2061,3.2081,3.2061,3.2081,16
2026-06-16 13:24:00,3.2026,3.2026,3.2001,3.2021,3.2076,3.2076,3.2051,3.2071,10
2026-06-16 13:25:00,3.2016,3.2021,3.1956,3.1981,3.2066,3.2071,3.2006,3.2031,27
2026-06-16 13:26:00,3.1971,3.2001,3.1971,3.1981,3.2021,3.2051,3.2021,3.2031,10
2026-06-16 13:27:00,3.1991,3.1991,3.1981,3.1981,3.2041,3.2041,3.2031,3.2031,5
2026-06-16 13:28:00,3.1991,3.1996,3.1981,3.1981,3.2041,3.2046,3.2031,3.2031,11
2026-06-16 13:29:00,3.1976,3.1981,3.1961,3.1981,3.2026,3.2031,3.2011,3.2031,14
2026-06-16 13:30:00,3.1991,3.2031,3.1971,3.2031,3.2041,3.2081,3.2021,3.2081,19
2026-06-16 13:31:00,3.2026,3.2051,3.2021,3.2051,3.2076,3.2101,3.2071,3.2101,11
2026-06-16 13:32:00,3.2061,3.2071,3.2041,3.2051,3.2111,3.2121,3.2091,3.2101,23
2026-06-16 13:33:00,3.2056,3.2061,3.2011,3.2031,3.2106,3.2111,3.2061,3.2081,23
2026-06-16 13:34:00,3.2026,3.2081,3.2021,3.2051,3.2076,3.2131,3.2071,3.2101,19
2026-06-16 13:35:00,3.2061,3.2081,3.2041,3.2041,3.2111,3.2131,3.2091,3.2091,23
2026-06-16 13:36:00,3.2046,3.2061,3.2011,3.2036,3.2096,3.2111,3.2061,3.2086,32
2026-06-16 13:37:00,3.2031,3.2031,3.2001,3.2001,3.2081,3.2081,3.2051,3.2051,6
2026-06-16 13:38:00,3.1991,3.1991,3.1911,3.1921,3.2041,3.2041,3.1961,3.1971,32
2026-06-16 13:39:00,3.1926,3.1966,3.1926,3.1951,3.1976,3.2016,3.1976,3.2001,27
2026-06-16 13:40:00,3.1961,3.1991,3.1961,3.1981,3.2011,3.2041,3.2011,3.2031,10
2026-06-16 13:41:00,3.1976,3.2001,3.1971,3.1981,3.2026,3.2051,3.2021,3.2031,9
2026-06-16 13:42:00,3.1986,3.2011,3.1986,3.2011,3.2036,3.2061,3.2036,3.2061,8
2026-06-16 13:43:00,3.1991,3.2011,3.1971,3.2011,3.2041,3.2061,3.2021,3.2061,12
2026-06-16 13:44:00,3.2006,3.2041,3.1991,3.2021,3.2056,3.2091,3.2041,3.2071,15
2026-06-16 13:45:00,3.2011,3.2026,3.1996,3.2001,3.2061,3.2076,3.2046,3.2051,22
2026-06-16 13:46:00,3.2006,3.2031,3.2001,3.2001,3.2056,3.2081,3.2051,3.2051,25
2026-06-16 13:47:00,3.1991,3.1991,3.1921,3.1931,3.2041,3.2041,3.1971,3.1981,24
2026-06-16 13:48:00,3.1941,3.1951,3.1881,3.1901,3.1991,3.2001,3.1931,3.1951,37
2026-06-16 13:49:00,3.1911,3.1961,3.1911,3.1931,3.1961,3.2011,3.1961,3.1981,50
2026-06-16 13:50:00,3.1926,3.1951,3.1926,3.1941,3.1976,3.2001,3.1976,3.1991,25
2026-06-16 13:51:00,3.1936,3.1941,3.1911,3.1911,3.1986,3.1991,3.1961,3.1961,22
2026-06-16 13:52:00,3.1921,3.1951,3.1911,3.1931,3.1971,3.2001,3.1961,3.1981,33
2026-06-16 13:53:00,3.1936,3.1941,3.1911,3.1921,3.1986,3.1991,3.1961,3.1971,22
2026-06-16 13:54:00,3.1931,3.1931,3.1891,3.1911,3.1981,3.1981,3.1941,3.1961,19
2026-06-16 13:55:00,3.1921,3.1941,3.1891,3.1931,3.1971,3.1991,3.1941,3.1981,31
2026-06-16 13:56:00,3.1921,3.1951,3.1901,3.1951,3.1971,3.2001,3.1951,3.2001,30
2026-06-16 13:57:00,3.1946,3.1951,3.1911,3.1941,3.1996,3.2001,3.1961,3.1991,26
2026-06-16 13:58:00,3.1936,3.1951,3.1931,3.1931,3.1986,3.2001,3.1981,3.1981,10
2026-06-16 13:59:00,3.1921,3.1951,3.1821,3.1821,3.1971,3.2001,3.1871,3.1871,43
2026-06-16 14:00:00,3.1831,3.1861,3.1771,3.1796,3.1881,3.1911,3.1821,3.1846,41
2026-06-16 14:01:00,3.1791,3.1831,3.1771,3.1826,3.1841,3.1881,3.1821,3.1876,38
2026-06-16 14:02:00,3.1811,3.1816,3.1781,3.1786,3.1861,3.1866,3.1831,3.1836,17
2026-06-16 14:03:00,3.1781,3.1811,3.1771,3.1771,3.1831,3.1861,3.1821,3.1821,20
2026-06-16 14:04:00,3.1761,3.1761,3.1691,3.1701,3.1811,3.1811,3.1741,3.1751,49
2026-06-16 14:05:00,3.1691,3.1711,3.1681,3.1691,3.1741,3.1761,3.1731,3.1741,49
2026-06-16 14:06:00,3.1696,3.1741,3.1651,3.1721,3.1746,3.1791,3.1701,3.1771,53
2026-06-16 14:07:00,3.1711,3.1721,3.1651,3.1706,3.1761,3.1771,3.1701,3.1756,45
2026-06-16 14:08:00,3.1701,3.1701,3.1671,3.1701,3.1751,3.1751,3.1721,3.1751,22
2026-06-16 14:09:00,3.1691,3.1731,3.1691,3.1731,3.1741,3.1781,3.1741,3.1781,25
2026-06-16 14:10:00,3.1726,3.1726,3.1671,3.1691,3.1776,3.1776,3.1721,3.1741,21
2026-06-16 14:11:00,3.1696,3.1711,3.1631,3.1636,3.1746,3.1761,3.1681,3.1686,29
2026-06-16 14:12:00,3.1641,3.1661,3.1601,3.1601,3.1691,3.1711,3.1651,3.1651,37
2026-06-16 14:13:00,3.1591,3.1611,3.1591,3.1611,3.1641,3.1661,3.1641,3.1661,38
2026-06-16 14:14:00,3.1601,3.1611,3.1596,3.1611,3.1651,3.1661,3.1646,3.1661,20
2026-06-16 14:15:00,3.1621,3.1681,3.1621,3.1681,3.1671,3.1731,3.1671,3.1731,29
2026-06-16 14:16:00,3.1691,3.1691,3.1671,3.1691,3.1741,3.1741,3.1721,3.1741,8
2026-06-16 14:17:00,3.1686,3.1701,3.1681,3.1691,3.1736,3.1751,3.1731,3.1741,11
2026-06-16 14:18:00,3.1696,3.1741,3.1661,3.1731,3.1746,3.1791,3.1711,3.1781,31
2026-06-16 14:19:00,3.1721,3.1851,3.1721,3.1831,3.1771,3.1901,3.1771,3.1881,81
2026-06-16 14:20:00,3.1836,3.1841,3.1791,3.1801,3.1886,3.1891,3.1841,3.1851,37
2026-06-16 14:21:00,3.1806,3.1931,3.1801,3.1916,3.1856,3.1981,3.1851,3.1966,69
2026-06-16 14:22:00,3.1911,3.1946,3.1891,3.1891,3.1961,3.1996,3.1941,3.1941,45
2026-06-16 14:23:00,3.1901,3.1901,3.1851,3.1851,3.1951,3.1951,3.1901,3.1901,32
2026-06-16 14:24:00,3.1841,3.1881,3.1831,3.1851,3.1891,3.1931,3.1881,3.1901,39
2026-06-16 14:25:00,3.1846,3.1866,3.1831,3.1841,3.1896,3.1916,3.1881,3.1891,27
2026-06-16 14:26:00,3.1836,3.1841,3.1751,3.1761,3.1886,3.1891,3.1801,3.1811,55
2026-06-16 14:27:00,3.1756,3.1801,3.1731,3.1801,3.1806,3.1851,3.1781,3.1851,37
2026-06-16 14:28:00,3.1796,3.1831,3.1751,3.1751,3.1846,3.1881,3.1801,3.1801,52
2026-06-16 14:29:00,3.1746,3.1816,3.1741,3.1806,3.1796,3.1866,3.1791,3.1856,31
2026-06-16 14:30:00,3.1811,3.1841,3.1791,3.1796,3.1861,3.1891,3.1841,3.1846,35
2026-06-16 14:31:00,3.1801,3.1801,3.1751,3.1751,3.1851,3.1851,3.1801,3.1801,28
2026-06-16 14:32:00,3.1741,3.1841,3.1731,3.1801,3.1791,3.1891,3.1781,3.1851,32
2026-06-16 14:33:00,3.1791,3.1806,3.1771,3.1801,3.1841,3.1856,3.1821,3.1851,16
2026-06-16 14:34:00,3.1806,3.1841,3.1796,3.1811,3.1856,3.1891,3.1846,3.1861,18
2026-06-16 14:35:00,3.1801,3.1821,3.1781,3.1811,3.1851,3.1871,3.1831,3.1861,23
2026-06-16 14:36:00,3.1801,3.1811,3.1791,3.1791,3.1851,3.1861,3.1841,3.1841,10
2026-06-16 14:37:00,3.1781,3.1801,3.1751,3.1751,3.1831,3.1851,3.1801,3.1801,10
2026-06-16 14:38:00,3.1761,3.1781,3.1741,3.1771,3.1811,3.1831,3.1791,3.1821,10
2026-06-16 14:39:00,3.1761,3.1761,3.1621,3.1646,3.1811,3.1811,3.1671,3.1696,56
2026-06-16 14:40:00,3.1651,3.1711,3.1651,3.1701,3.1701,3.1761,3.1701,3.1751,21
2026-06-16 14:41:00,3.1711,3.1721,3.1671,3.1681,3.1761,3.1771,3.1721,3.1731,25
2026-06-16 14:42:00,3.1691,3.1721,3.1671,3.1701,3.1741,3.1771,3.1721,3.1751,36
2026-06-16 14:43:00,3.1691,3.1751,3.1691,3.1741,3.1741,3.1801,3.1741,3.1791,28
2026-06-16 14:44:00,3.1731,3.1751,3.1721,3.1751,3.1781,3.1801,3.1771,3.1801,24
2026-06-16 14:45:00,3.1741,3.1761,3.1721,3.1731,3.1791,3.1811,3.1771,3.1781,19
2026-06-16 14:46:00,3.1721,3.1741,3.1721,3.1731,3.1771,3.1791,3.1771,3.1781,14
2026-06-16 14:47:00,3.1736,3.1781,3.1701,3.1781,3.1786,3.1831,3.1751,3.1831,25
2026-06-16 14:48:00,3.1791,3.1791,3.1751,3.1771,3.1841,3.1841,3.1801,3.1821,29
2026-06-16 14:49:00,3.1781,3.1831,3.1761,3.1811,3.1831,3.1881,3.1811,3.1861,24
2026-06-16 14:50:00,3.1801,3.1811,3.1771,3.1791,3.1851,3.1861,3.1821,3.1841,28
2026-06-16 14:51:00,3.1781,3.1831,3.1781,3.1831,3.1831,3.1881,3.1831,3.1881,22
2026-06-16 14:52:00,3.1826,3.1971,3.1826,3.1966,3.1876,3.2021,3.1876,3.2016,43
2026-06-16 14:53:00,3.1971,3.2001,3.1951,3.1991,3.2021,3.2051,3.2001,3.2041,54
2026-06-16 14:54:00,3.2001,3.2011,3.1941,3.1951,3.2051,3.2061,3.1991,3.2001,35
2026-06-16 14:55:00,3.1961,3.2011,3.1951,3.2001,3.2011,3.2061,3.2001,3.2051,37
2026-06-16 14:56:00,3.1991,3.2001,3.1811,3.1811,3.2041,3.2051,3.1861,3.1861,49
2026-06-16 14:57:00,3.1801,3.1806,3.1781,3.1791,3.1851,3.1856,3.1831,3.1841,41
2026-06-16 14:58:00,3.1801,3.1821,3.1711,3.1711,3.1851,3.1871,3.1761,3.1761,67
2026-06-16 14:59:00,3.1721,3.1731,3.1661,3.1701,3.1771,3.1781,3.1711,3.1751,55
2026-06-16 15:00:00,3.1696,3.1741,3.1641,3.1701,3.1746,3.1791,3.1691,3.1751,162
2026-06-16 15:01:00,3.1711,3.1731,3.1651,3.1651,3.1761,3.1781,3.1701,3.1701,79
2026-06-16 15:02:00,3.1661,3.1696,3.1601,3.1621,3.1711,3.1746,3.1651,3.1671,90
2026-06-16 15:03:00,3.1631,3.1681,3.1441,3.1581,3.1681,3.1731,3.1491,3.1631,199
2026-06-16 15:04:00,3.1586,3.1701,3.1581,3.1681,3.1636,3.1751,3.1631,3.1731,91
2026-06-16 15:05:00,3.1671,3.1771,3.1671,3.1761,3.1721,3.1821,3.1721,3.1811,94
2026-06-16 15:06:00,3.1771,3.1811,3.1721,3.1731,3.1821,3.1861,3.1771,3.1781,83
2026-06-16 15:07:00,3.1721,3.1811,3.1721,3.1771,3.1771,3.1861,3.1771,3.1821,40
2026-06-16 15:08:00,3.1781,3.1821,3.1771,3.1801,3.1831,3.1871,3.1821,3.1851,44
2026-06-16 15:09:00,3.1811,3.1831,3.1791,3.1816,3.1861,3.1881,3.1841,3.1866,54
2026-06-16 15:10:00,3.1821,3.1851,3.1671,3.1676,3.1871,3.1901,3.1721,3.1726,95
2026-06-16 15:11:00,3.1681,3.1731,3.1651,3.1671,3.1731,3.1781,3.1701,3.1721,75
2026-06-16 15:12:00,3.1676,3.1701,3.1661,3.1681,3.1726,3.1751,3.1711,3.1731,23
2026-06-16 15:13:00,3.1691,3.1716,3.1681,3.1711,3.1741,3.1766,3.1731,3.1761,19
2026-06-16 15:14:00,3.1716,3.1731,3.1631,3.1651,3.1766,3.1781,3.1681,3.1701,43
2026-06-16 15:15:00,3.1641,3.1691,3.1641,3.1691,3.1691,3.1741,3.1691,3.1741,23
2026-06-16 15:16:00,3.1696,3.1741,3.1681,3.1681,3.1746,3.1791,3.1731,3.1731,45
2026-06-16 15:17:00,3.1686,3.1701,3.1681,3.1696,3.1736,3.1751,3.1731,3.1746,14
2026-06-16 15:18:00,3.1691,3.1711,3.1661,3.1671,3.1741,3.1761,3.1711,3.1721,38
2026-06-16 15:19:00,3.1661,3.1691,3.1611,3.1621,3.1711,3.1741,3.1661,3.1671,32
2026-06-16 15:20:00,3.1616,3.1651,3.1561,3.1641,3.1666,3.1701,3.1611,3.1691,70
2026-06-16 15:21:00,3.1631,3.1681,3.1631,3.1676,3.1681,3.1731,3.1681,3.1726,59
2026-06-16 15:22:00,3.1681,3.1771,3.1671,3.1771,3.1731,3.1821,3.1721,3.1821,50
2026-06-16 15:23:00,3.1761,3.1761,3.1711,3.1731,3.1811,3.1811,3.1761,3.1781,21
2026-06-16 15:24:00,3.1741,3.1741,3.1691,3.1696,3.1791,3.1791,3.1741,3.1746,33
2026-06-16 15:25:00,3.1691,3.1771,3.1651,3.1761,3.1741,3.1821,3.1701,3.1811,38
2026-06-16 15:26:00,3.1751,3.1801,3.1751,3.1771,3.1801,3.1851,3.1801,3.1821,30
2026-06-16 15:27:00,3.1766,3.1781,3.1751,3.1781,3.1816,3.1831,3.1801,3.1831,17
2026-06-16 15:28:00,3.1771,3.1791,3.1766,3.1771,3.1821,3.1841,3.1816,3.1821,24
2026-06-16 15:29:00,3.1776,3.1791,3.1741,3.1771,3.1826,3.1841,3.1791,3.1821,28
2026-06-16 15:30:00,3.1761,3.1791,3.1751,3.1781,3.1811,3.1841,3.1801,3.1831,36
2026-06-16 15:31:00,3.1771,3.1781,3.1736,3.1756,3.1821,3.1831,3.1786,3.1806,36
2026-06-16 15:32:00,3.1751,3.1761,3.1751,3.1761,3.1801,3.1811,3.1801,3.1811,15
2026-06-16 15:33:00,3.1756,3.1771,3.1751,3.1761,3.1806,3.1821,3.1801,3.1811,10
2026-06-16 15:34:00,3.1766,3.1981,3.1761,3.1971,3.1816,3.2031,3.1811,3.2021,142
2026-06-16 15:35:00,3.1961,3.2031,3.1931,3.1961,3.2011,3.2081,3.1981,3.2011,97
2026-06-16 15:36:00,3.1976,3.2041,3.1951,3.1961,3.2026,3.2091,3.2001,3.2011,73
2026-06-16 15:37:00,3.1966,3.2011,3.1951,3.1981,3.2016,3.2061,3.2001,3.2031,50
2026-06-16 15:38:00,3.1971,3.1971,3.1921,3.1941,3.2021,3.2021,3.1971,3.1991,55
2026-06-16 15:39:00,3.1946,3.1956,3.1931,3.1956,3.1996,3.2006,3.1981,3.2006,30
2026-06-16 15:40:00,3.1961,3.1981,3.1931,3.1946,3.2011,3.2031,3.1981,3.1996,37
2026-06-16 15:41:00,3.1951,3.2011,3.1951,3.1961,3.2001,3.2061,3.2001,3.2011,45
2026-06-16 15:42:00,3.1966,3.1976,3.1931,3.1971,3.2016,3.2026,3.1981,3.2021,31
2026-06-16 15:43:00,3.1976,3.1981,3.1961,3.1971,3.2026,3.2031,3.2011,3.2021,20
2026-06-16 15:44:00,3.1961,3.2001,3.1961,3.1981,3.2011,3.2051,3.2011,3.2031,20
2026-06-16 15:45:00,3.1976,3.2091,3.1976,3.2091,3.2026,3.2141,3.2026,3.2141,43
2026-06-16 15:46:00,3.2101,3.2101,3.2041,3.2056,3.2151,3.2151,3.2091,3.2106,50
2026-06-16 15:47:00,3.2051,3.2061,3.1971,3.1971,3.2101,3.2111,3.2021,3.2021,38
2026-06-16 15:48:00,3.1981,3.2021,3.1976,3.2011,3.2031,3.2071,3.2026,3.2061,24
2026-06-16 15:49:00,3.2021,3.2051,3.2001,3.2021,3.2071,3.2101,3.2051,3.2071,19
2026-06-16 15:50:00,3.2011,3.2021,3.1991,3.2011,3.2061,3.2071,3.2041,3.2061,18
2026-06-16 15:51:00,3.2001,3.2001,3.1901,3.1931,3.2051,3.2051,3.1951,3.1981,42
2026-06-16 15:52:00,3.1921,3.1951,3.1921,3.1941,3.1971,3.2001,3.1971,3.1991,22
2026-06-16 15:53:00,3.1951,3.2001,3.1951,3.1986,3.2001,3.2051,3.2001,3.2036,30
2026-06-16 15:54:00,3.1996,3.2051,3.1991,3.2001,3.2046,3.2101,3.2041,3.2051,45
2026-06-16 15:55:00,3.1996,3.1996,3.1961,3.1981,3.2046,3.2046,3.2011,3.2031,15
2026-06-16 15:56:00,3.1991,3.2031,3.1971,3.1971,3.2041,3.2081,3.2021,3.2021,27
2026-06-16 15:57:00,3.1976,3.1991,3.1951,3.1951,3.2026,3.2041,3.2001,3.2001,17
2026-06-16 15:58:00,3.1961,3.1991,3.1931,3.1931,3.2011,3.2041,3.1981,3.1981,32
2026-06-16 15:59:00,3.1936,3.1971,3.1936,3.1956,3.1986,3.2021,3.1986,3.2006,13
2026-06-16 16:00:00,3.1961,3.1991,3.1951,3.1981,3.2011,3.2041,3.2001,3.2031,24
2026-06-16 16:01:00,3.1991,3.2071,3.1991,3.2021,3.2041,3.2121,3.2041,3.2071,34
2026-06-16 16:02:00,3.2031,3.2071,3.2031,3.2041,3.2081,3.2121,3.2081,3.2091,40
2026-06-16 16:03:00,3.2031,3.2036,3.2001,3.2011,3.2081,3.2086,3.2051,3.2061,22
2026-06-16 16:04:00,3.2016,3.2091,3.2016,3.2081,3.2066,3.2141,3.2066,3.2131,60
2026-06-16 16:05:00,3.2091,3.2101,3.2041,3.2046,3.2141,3.2151,3.2091,3.2096,46
2026-06-16 16:06:00,3.2051,3.2081,3.2051,3.2076,3.2101,3.2131,3.2101,3.2126,30
2026-06-16 16:07:00,3.2081,3.2091,3.2041,3.2041,3.2131,3.2141,3.2091,3.2091,23
2026-06-16 16:08:00,3.2051,3.2061,3.2031,3.2041,3.2101,3.2111,3.2081,3.2091,23
2026-06-16 16:09:00,3.2036,3.2041,3.2011,3.2026,3.2086,3.2091,3.2061,3.2076,18
2026-06-16 16:10:00,3.2031,3.2081,3.2031,3.2061,3.2081,3.2131,3.2081,3.2111,21
2026-06-16 16:11:00,3.2066,3.2181,3.2061,3.2161,3.2116,3.2231,3.2111,3.2211,79
2026-06-16 16:12:00,3.2171,3.2181,3.2121,3.2126,3.2221,3.2231,3.2171,3.2176,62
2026-06-16 16:13:00,3.2131,3.2191,3.2121,3.2186,3.2181,3.2241,3.2171,3.2236,44
2026-06-16 16:14:00,3.2181,3.2191,3.2151,3.2151,3.2231,3.2241,3.2201,3.2201,40
2026-06-16 16:15:00,3.2161,3.2281,3.2151,3.2211,3.2211,3.2331,3.2201,3.2261,65
2026-06-16 16:16:00,3.2201,3.2211,3.2131,3.2141,3.2251,3.2261,3.2181,3.2191,59
2026-06-16 16:17:00,3.2146,3.2146,3.2111,3.2131,3.2196,3.2196,3.2161,3.2181,44
2026-06-16 16:18:00,3.2141,3.2141,3.2121,3.2131,3.2191,3.2191,3.2171,3.2181,19
2026-06-16 16:19:00,3.2141,3.2151,3.2081,3.2091,3.2191,3.2201,3.2131,3.2141,32
2026-06-16 16:20:00,3.2096,3.2111,3.2091,3.2101,3.2146,3.2161,3.2141,3.2151,22
2026-06-16 16:21:00,3.2106,3.2131,3.2091,3.2131,3.2156,3.2181,3.2141,3.2181,24
2026-06-16 16:22:00,3.2136,3.2151,3.2121,3.2131,3.2186,3.2201,3.2171,3.2181,26
2026-06-16 16:23:00,3.2126,3.2131,3.2111,3.2131,3.2176,3.2181,3.2161,3.2181,8
2026-06-16 16:24:00,3.2141,3.2161,3.2131,3.2141,3.2191,3.2211,3.2181,3.2191,13
2026-06-16 16:25:00,3.2131,3.2146,3.2126,3.2141,3.2181,3.2196,3.2176,3.2191,6
2026-06-16 16:26:00,3.2131,3.2141,3.2101,3.2121,3.2181,3.2191,3.2151,3.2171,16
2026-06-16 16:27:00,3.2111,3.2121,3.2081,3.2091,3.2161,3.2171,3.2131,3.2141,27
2026-06-16 16:28:00,3.2101,3.2101,3.2071,3.2081,3.2151,3.2151,3.2121,3.2131,18
2026-06-16 16:29:00,3.2086,3.2101,3.2081,3.2101,3.2136,3.2151,3.2131,3.2151,10
2026-06-16 16:30:00,3.2096,3.2101,3.2011,3.2046,3.2146,3.2151,3.2061,3.2096,59
2026-06-16 16:31:00,3.2051,3.2066,3.2031,3.2031,3.2101,3.2116,3.2081,3.2081,38
2026-06-16 16:32:00,3.2036,3.2041,3.2011,3.2041,3.2086,3.2091,3.2061,3.2091,14
2026-06-16 16:33:00,3.2051,3.2071,3.2041,3.2041,3.2101,3.2121,3.2091,3.2091,10
2026-06-16 16:34:00,3.2036,3.2121,3.2036,3.2101,3.2086,3.2171,3.2086,3.2151,50
2026-06-16 16:35:00,3.2091,3.2091,3.2071,3.2081,3.2141,3.2141,3.2121,3.2131,22
2026-06-16 16:36:00,3.2091,3.2116,3.2091,3.2101,3.2141,3.2166,3.2141,3.2151,20
2026-06-16 16:37:00,3.2091,3.2111,3.2071,3.2091,3.2141,3.2161,3.2121,3.2141,25
2026-06-16 16:38:00,3.2101,3.2111,3.2101,3.2101,3.2151,3.2161,3.2151,3.2151,15
2026-06-16 16:39:00,3.2091,3.2151,3.2091,3.2141,3.2141,3.2201,3.2141,3.2191,20
2026-06-16 16:40:00,3.2146,3.2171,3.2146,3.2161,3.2196,3.2221,3.2196,3.2211,23
2026-06-16 16:41:00,3.2171,3.2201,3.2156,3.2181,3.2221,3.2251,3.2206,3.2231,25
2026-06-16 16:42:00,3.2191,3.2241,3.2181,3.2221,3.2241,3.2291,3.2231,3.2271,29
2026-06-16 16:43:00,3.2231,3.2241,3.2211,3.2221,3.2281,3.2291,3.2261,3.2271,46
2026-06-16 16:44:00,3.2226,3.2241,3.2211,3.2231,3.2276,3.2291,3.2261,3.2281,10
2026-06-16 16:45:00,3.2236,3.2241,3.2181,3.2181,3.2286,3.2291,3.2231,3.2231,33
2026-06-16 16:46:00,3.2191,3.2191,3.2161,3.2161,3.2241,3.2241,3.2211,3.2211,17
2026-06-16 16:47:00,3.2171,3.2171,3.2121,3.2141,3.2221,3.2221,3.2171,3.2191,29
2026-06-16 16:48:00,3.2151,3.2161,3.2151,3.2161,3.2201,3.2211,3.2201,3.2211,2
2026-06-16 16:49:00,3.2151,3.2161,3.2146,3.2161,3.2201,3.2211,3.2196,3.2211,11
2026-06-16 16:50:00,3.2171,3.2181,3.2161,3.2166,3.2221,3.2231,3.2211,3.2216,15
2026-06-16 16:51:00,3.2171,3.2181,3.2101,3.2111,3.2221,3.2231,3.2151,3.2161,24
2026-06-16 16:52:00,3.2116,3.2141,3.2111,3.2131,3.2166,3.2191,3.2161,3.2181,11
2026-06-16 16:53:00,3.2141,3.2161,3.2136,3.2141,3.2191,3.2211,3.2186,3.2191,14
2026-06-16 16:54:00,3.2146,3.2151,3.2131,3.2141,3.2196,3.2201,3.2181,3.2191,21
2026-06-16 16:55:00,3.2151,3.2151,3.2141,3.2141,3.2201,3.2201,3.2191,3.2191,18
2026-06-16 16:56:00,3.2151,3.2151,3.2141,3.2151,3.2201,3.2201,3.2191,3.2201,9
2026-06-16 16:57:00,3.2141,3.2161,3.2131,3.2141,3.2191,3.2211,3.2181,3.2191,10
2026-06-16 16:58:00,3.2146,3.2161,3.2121,3.2156,3.2196,3.2211,3.2171,3.2206,17
2026-06-16 16:59:00,3.2161,3.2181,3.2151,3.2151,3.2211,3.2231,3.2201,3.2201,17
2026-06-16 17:00:00,3.2141,3.2141,3.2111,3.2131,3.2191,3.2191,3.2161,3.2181,26
2026-06-16 17:01:00,3.2136,3.2181,3.2136,3.2171,3.2186,3.2231,3.2186,3.2221,16
2026-06-16 17:02:00,3.2181,3.2241,3.2181,3.2221,3.2231,3.2291,3.2231,3.2271,23
2026-06-16 17:03:00,3.2231,3.2301,3.2201,3.2301,3.2281,3.2351,3.2251,3.2351,58
2026-06-16 17:04:00,3.2321,3.2341,3.2276,3.2301,3.2371,3.2391,3.2326,3.2351,55
2026-06-16 17:05:00,3.2306,3.2311,3.2271,3.2301,3.2356,3.2361,3.2321,3.2351,33
2026-06-16 17:06:00,3.2291,3.2331,3.2281,3.2321,3.2341,3.2381,3.2331,3.2371,31
2026-06-16 17:07:00,3.2331,3.2341,3.2321,3.2331,3.2381,3.2391,3.2371,3.2381,34
2026-06-16 17:08:00,3.2341,3.2351,3.2321,3.2331,3.2391,3.2401,3.2371,3.2381,15
2026-06-16 17:09:00,3.2321,3.2326,3.2261,3.2261,3.2371,3.2376,3.2311,3.2311,23
2026-06-16 17:10:00,3.2251,3.2271,3.2241,3.2271,3.2301,3.2321,3.2291,3.2321,57
2026-06-16 17:11:00,3.2281,3.2331,3.2281,3.2321,3.2331,3.2381,3.2331,3.2371,17
2026-06-16 17:12:00,3.2326,3.2361,3.2311,3.2321,3.2376,3.2411,3.2361,3.2371,45
2026-06-16 17:13:00,3.2331,3.2366,3.2321,3.2361,3.2381,3.2416,3.2371,3.2411,26
2026-06-16 17:14:00,3.2371,3.2381,3.2351,3.2371,3.2421,3.2431,3.2401,3.2421,32
2026-06-16 17:15:00,3.2366,3.2411,3.2361,3.2401,3.2416,3.2461,3.2411,3.2451,38
2026-06-16 17:16:00,3.2411,3.2441,3.2381,3.2381,3.2461,3.2491,3.2431,3.2431,34
2026-06-16 17:17:00,3.2391,3.2391,3.2371,3.2391,3.2441,3.2441,3.2421,3.2441,9
2026-06-16 17:18:00,3.2381,3.2421,3.2381,3.2411,3.2431,3.2471,3.2431,3.2461,16
2026-06-16 17:19:00,3.2421,3.2431,3.2406,3.2411,3.2471,3.2481,3.2456,3.2461,22
2026-06-16 17:20:00,3.2401,3.2421,3.2391,3.2391,3.2451,3.2471,3.2441,3.2441,20
2026-06-16 17:21:00,3.2381,3.2411,3.2371,3.2411,3.2431,3.2461,3.2421,3.2461,18
2026-06-16 17:22:00,3.2421,3.2421,3.2401,3.2401,3.2471,3.2471,3.2451,3.2451,6
2026-06-16 17:23:00,3.2411,3.2456,3.2401,3.2451,3.2461,3.2506,3.2451,3.2501,19
2026-06-16 17:24:00,3.2441,3.2451,3.2411,3.2431,3.2491,3.2501,3.2461,3.2481,19
2026-06-16 17:25:00,3.2441,3.2451,3.2421,3.2441,3.2491,3.2501,3.2471,3.2491,22
2026-06-16 17:26:00,3.2451,3.2451,3.2411,3.2411,3.2501,3.2501,3.2461,3.2461,17
2026-06-16 17:27:00,3.2416,3.2451,3.2381,3.2431,3.2466,3.2501,3.2431,3.2481,38
2026-06-16 17:28:00,3.2441,3.2471,3.2441,3.2461,3.2491,3.2521,3.2491,3.2511,25
2026-06-16 17:29:00,3.2466,3.2481,3.2441,3.2451,3.2516,3.2531,3.2491,3.2501,35
2026-06-16 17:30:00,3.2466,3.2491,3.2451,3.2461,3.2516,3.2541,3.2501,3.2511,36
2026-06-16 17:31:00,3.2471,3.2521,3.2471,3.2511,3.2521,3.2571,3.2521,3.2561,26
2026-06-16 17:32:00,3.2506,3.2521,3.2491,3.2501,3.2556,3.2571,3.2541,3.2551,56
2026-06-16 17:33:00,3.2491,3.2521,3.2461,3.2461,3.2541,3.2571,3.2511,3.2511,36
2026-06-16 17:34:00,3.2466,3.2476,3.2431,3.2471,3.2516,3.2526,3.2481,3.2521,41
2026-06-16 17:35:00,3.2476,3.2496,3.2471,3.2491,3.2526,3.2546,3.2521,3.2541,13
2026-06-16 17:36:00,3.2481,3.2491,3.2481,3.2491,3.2531,3.2541,3.2531,3.2541,5
2026-06-16 17:37:00,3.2481,3.2491,3.2481,3.2481,3.2531,3.2541,3.2531,3.2531,8
2026-06-16 17:38:00,3.2491,3.2491,3.2411,3.2421,3.2541,3.2541,3.2461,3.2471,44
2026-06-16 17:39:00,3.2416,3.2421,3.2341,3.2361,3.2466,3.2471,3.2391,3.2411,47
2026-06-16 17:40:00,3.2371,3.2401,3.2371,3.2381,3.2421,3.2451,3.2421,3.2431,30
2026-06-16 17:41:00,3.2391,3.2391,3.2371,3.2371,3.2441,3.2441,3.2421,3.2421,5
2026-06-16 17:42:00,3.2381,3.2381,3.2361,3.2371,3.2431,3.2431,3.2411,3.2421,12
2026-06-16 17:43:00,3.2361,3.2371,3.2361,3.2361,3.2411,3.2421,3.2411,3.2411,15
2026-06-16 17:44:00,3.2351,3.2361,3.2351,3.2361,3.2401,3.2411,3.2401,3.2411,2
2026-06-16 17:45:00,3.2351,3.2381,3.2351,3.2361,3.2401,3.2431,3.2401,3.2411,22
2026-06-16 17:46:00,3.2366,3.2391,3.2361,3.2381,3.2416,3.2441,3.2411,3.2431,16
2026-06-16 17:47:00,3.2371,3.2376,3.2341,3.2356,3.2421,3.2426,3.2391,3.2406,21
2026-06-16 17:48:00,3.2361,3.2371,3.2351,3.2361,3.2411,3.2421,3.2401,3.2411,19
2026-06-16 17:49:00,3.2356,3.2356,3.2351,3.2351,3.2406,3.2406,3.2401,3.2401,2
2026-06-16 17:50:00,3.2361,3.2361,3.2331,3.2331,3.2411,3.2411,3.2381,3.2381,42
2026-06-16 17:51:00,3.2321,3.2351,3.2321,3.2341,3.2371,3.2401,3.2371,3.2391,17
2026-06-16 17:52:00,3.2331,3.2341,3.2301,3.2301,3.2381,3.2391,3.2351,3.2351,21
2026-06-16 17:53:00,3.2271,3.2291,3.2251,3.2281,3.2321,3.2341,3.2301,3.2331,37
2026-06-16 17:54:00,3.2271,3.2281,3.2261,3.2261,3.2321,3.2331,3.2311,3.2311,10
2026-06-16 17:55:00,3.2256,3.2261,3.2211,3.2221,3.2306,3.2311,3.2261,3.2271,35
2026-06-16 17:56:00,3.2231,3.2241,3.2216,3.2241,3.2281,3.2291,3.2266,3.2291,13
2026-06-16 17:57:00,3.2231,3.2271,3.2231,3.2251,3.2281,3.2321,3.2281,3.2301,34
2026-06-16 17:58:00,3.2261,3.2261,3.2241,3.2251,3.2311,3.2311,3.2291,3.2301,12
2026-06-16 17:59:00,3.2261,3.2271,3.2251,3.2271,3.2311,3.2321,3.2301,3.2321,8
2026-06-16 18:00:00,3.2261,3.2271,3.2241,3.2261,3.2311,3.2321,3.2291,3.2311,54
2026-06-16 18:01:00,3.2256,3.2311,3.2251,3.2311,3.2306,3.2361,3.2301,3.2361,32
2026-06-16 18:02:00,3.2316,3.2361,3.2316,3.2351,3.2366,3.2411,3.2366,3.2401,64
2026-06-16 18:03:00,3.2346,3.2361,3.2341,3.2356,3.2396,3.2411,3.2391,3.2406,36
2026-06-16 18:04:00,3.2351,3.2391,3.2351,3.2381,3.2401,3.2441,3.2401,3.2431,34
2026-06-16 18:05:00,3.2386,3.2411,3.2381,3.2401,3.2436,3.2461,3.2431,3.2451,50
2026-06-16 18:06:00,3.2411,3.2421,3.2401,3.2401,3.2461,3.2471,3.2451,3.2451,48
2026-06-16 18:07:00,3.2406,3.2421,3.2401,3.2411,3.2456,3.2471,3.2451,3.2461,56
2026-06-16 18:08:00,3.2421,3.2441,3.2411,3.2411,3.2471,3.2491,3.2461,3.2461,19
2026-06-16 18:09:00,3.2421,3.2421,3.2411,3.2421,3.2471,3.2471,3.2461,3.2471,23
2026-06-16 18:10:00,3.2411,3.2461,3.2411,3.2461,3.2461,3.2511,3.2461,3.2511,11
2026-06-16 18:11:00,3.2451,3.2461,3.2441,3.2451,3.2501,3.2511,3.2491,3.2501,7
2026-06-16 18:12:00,3.2441,3.2451,3.2431,3.2441,3.2491,3.2501,3.2481,3.2491,13
2026-06-16 18:13:00,3.2431,3.2441,3.2421,3.2431,3.2481,3.2491,3.2471,3.2481,10
2026-06-16 18:14:00,3.2441,3.2451,3.2431,3.2431,3.2491,3.2501,3.2481,3.2481,12
2026-06-16 18:15:00,3.2441,3.2441,3.2431,3.2431,3.2491,3.2491,3.2481,3.2481,8
2026-06-16 18:16:00,3.2421,3.2431,3.2401,3.2411,3.2471,3.2481,3.2451,3.2461,10
2026-06-16 18:17:00,3.2416,3.2431,3.2416,3.2426,3.2466,3.2481,3.2466,3.2476,6
2026-06-16 18:18:00,3.2431,3.2441,3.2411,3.2431,3.2481,3.2491,3.2461,3.2481,7
2026-06-16 18:19:00,3.2441,3.2461,3.2431,3.2441,3.2491,3.2511,3.2481,3.2491,16
2026-06-16 18:20:00,3.2451,3.2461,3.2441,3.2441,3.2501,3.2511,3.2491,3.2491,13
2026-06-16 18:21:00,3.2446,3.2451,3.2441,3.2441,3.2496,3.2501,3.2491,3.2491,3
2026-06-16 18:22:00,3.2446,3.2446,3.2441,3.2441,3.2496,3.2496,3.2491,3.2491,2
2026-06-16 18:23:00,3.2451,3.2451,3.2451,3.2451,3.2501,3.2501,3.2501,3.2501,1
2026-06-16 18:24:00,3.2446,3.2446,3.2421,3.2431,3.2496,3.2496,3.2471,3.2481,7
2026-06-16 18:25:00,3.2421,3.2431,3.2401,3.2421,3.2471,3.2481,3.2451,3.2471,21
2026-06-16 18:26:00,3.2411,3.2411,3.2391,3.2411,3.2461,3.2461,3.2441,3.2461,6
2026-06-16 18:27:00,3.2401,3.2411,3.2401,3.2411,3.2451,3.2461,3.2451,3.2461,2
2026-06-16 18:28:00,3.2401,3.2411,3.2371,3.2381,3.2451,3.2461,3.2421,3.2431,27
2026-06-16 18:29:00,3.2391,3.2401,3.2351,3.2391,3.2441,3.2451,3.2401,3.2441,23
2026-06-16 18:30:00,3.2401,3.2411,3.2371,3.2381,3.2451,3.2461,3.2421,3.2431,19
2026-06-16 18:31:00,3.2386,3.2391,3.2371,3.2371,3.2436,3.2441,3.2421,3.2421,11
2026-06-16 18:32:00,3.2381,3.2421,3.2381,3.2411,3.2431,3.2471,3.2431,3.2461,8
2026-06-16 18:33:00,3.2406,3.2406,3.2391,3.2391,3.2456,3.2456,3.2441,3.2441,8
2026-06-16 18:34:00,3.2381,3.2396,3.2361,3.2396,3.2431,3.2446,3.2411,3.2446,24
2026-06-16 18:35:00,3.2391,3.2401,3.2381,3.2401,3.2441,3.2451,3.2431,3.2451,12
2026-06-16 18:36:00,3.2411,3.2421,3.2401,3.2411,3.2461,3.2471,3.2451,3.2461,16
2026-06-16 18:37:00,3.2421,3.2461,3.2421,3.2451,3.2471,3.2511,3.2471,3.2501,23
2026-06-16 18:38:00,3.2456,3.2461,3.2451,3.2451,3.2506,3.2511,3.2501,3.2501,14
2026-06-16 18:39:00,3.2461,3.2471,3.2451,3.2466,3.2511,3.2521,3.2501,3.2516,19
2026-06-16 18:40:00,3.2471,3.2481,3.2461,3.2471,3.2521,3.2531,3.2511,3.2521,10
2026-06-16 18:41:00,3.2476,3.2491,3.2471,3.2491,3.2526,3.2541,3.2521,3.2541,10
2026-06-16 18:42:00,3.2501,3.2501,3.2471,3.2486,3.2551,3.2551,3.2521,3.2536,14
2026-06-16 18:43:00,3.2491,3.2511,3.2491,3.2501,3.2541,3.2561,3.2541,3.2551,16
2026-06-16 18:44:00,3.2511,3.2521,3.2491,3.2516,3.2561,3.2571,3.2541,3.2566,43
2026-06-16 18:45:00,3.2511,3.2561,3.2501,3.2551,3.2561,3.2611,3.2551,3.2601,55
2026-06-16 18:46:00,3.2556,3.2591,3.2531,3.2551,3.2606,3.2641,3.2581,3.2601,63
2026-06-16 18:47:00,3.2546,3.2546,3.2521,3.2521,3.2596,3.2596,3.2571,3.2571,11
2026-06-16 18:48:00,3.2531,3.2531,3.2491,3.2521,3.2581,3.2581,3.2541,3.2571,24
2026-06-16 18:49:00,3.2531,3.2561,3.2531,3.2551,3.2581,3.2611,3.2581,3.2601,5
2026-06-16 18:50:00,3.2556,3.2576,3.2551,3.2551,3.2606,3.2626,3.2601,3.2601,14
2026-06-16 18:51:00,3.2541,3.2561,3.2541,3.2556,3.2591,3.2611,3.2591,3.2606,10
2026-06-16 18:52:00,3.2561,3.2571,3.2551,3.2556,3.2611,3.2621,3.2601,3.2606,13
2026-06-16 18:53:00,3.2561,3.2581,3.2561,3.2571,3.2611,3.2631,3.2611,3.2621,29
2026-06-16 18:54:00,3.2561,3.2561,3.2551,3.2551,3.2611,3.2611,3.2601,3.2601,4
2026-06-16 18:55:00,3.2561,3.2581,3.2561,3.2566,3.2611,3.2631,3.2611,3.2616,5
2026-06-16 18:56:00,3.2571,3.2571,3.2551,3.2551,3.2621,3.2621,3.2601,3.2601,13
2026-06-16 18:57:00,3.2561,3.2591,3.2561,3.2591,3.2611,3.2641,3.2611,3.2641,20
2026-06-16 18:58:00,3.2601,3.2601,3.2571,3.2571,3.2651,3.2651,3.2621,3.2621,13
2026-06-16 18:59:00,3.2561,3.2581,3.2561,3.2581,3.2611,3.2631,3.2611,3.2631,11
2026-06-16 19:00:00,3.2591,3.2631,3.2581,3.2581,3.2641,3.2681,3.2631,3.2631,34
2026-06-16 19:01:00,3.2591,3.2606,3.2561,3.2571,3.2641,3.2656,3.2611,3.2621,11
2026-06-16 19:02:00,3.2581,3.2581,3.2581,3.2581,3.2631,3.2631,3.2631,3.2631,1
2026-06-16 19:03:00,3.2591,3.2591,3.2581,3.2591,3.2641,3.2641,3.2631,3.2641,11
2026-06-16 19:04:00,3.2581,3.2591,3.2581,3.2591,3.2631,3.2641,3.2631,3.2641,2
2026-06-16 19:05:00,3.2601,3.2611,3.2581,3.2611,3.2651,3.2661,3.2631,3.2661,25
2026-06-16 19:06:00,3.2621,3.2641,3.2611,3.2641,3.2671,3.2691,3.2661,3.2691,34
2026-06-16 19:07:00,3.2631,3.2681,3.2631,3.2661,3.2681,3.2731,3.2681,3.2711,18
2026-06-16 19:08:00,3.2651,3.2651,3.2581,3.2606,3.2701,3.2701,3.2631,3.2656,41
2026-06-16 19:09:00,3.2601,3.2601,3.2571,3.2591,3.2651,3.2651,3.2621,3.2641,20
2026-06-16 19:10:00,3.2581,3.2621,3.2571,3.2621,3.2631,3.2671,3.2621,3.2671,16
2026-06-16 19:11:00,3.2626,3.2631,3.2611,3.2611,3.2676,3.2681,3.2661,3.2661,12
2026-06-16 19:12:00,3.2621,3.2641,3.2621,3.2631,3.2671,3.2691,3.2671,3.2681,6
2026-06-16 19:13:00,3.2641,3.2641,3.2621,3.2621,3.2691,3.2691,3.2671,3.2671,20
2026-06-16 19:14:00,3.2626,3.2626,3.2611,3.2611,3.2676,3.2676,3.2661,3.2661,11
2026-06-16 19:15:00,3.2621,3.2621,3.2591,3.2601,3.2671,3.2671,3.2641,3.2651,16
2026-06-16 19:16:00,3.2611,3.2636,3.2606,3.2611,3.2661,3.2686,3.2656,3.2661,24
2026-06-16 19:17:00,3.2601,3.2601,3.2581,3.2581,3.2651,3.2651,3.2631,3.2631,20
2026-06-16 19:18:00,3.2571,3.2581,3.2561,3.2561,3.2621,3.2631,3.2611,3.2611,26
2026-06-16 19:19:00,3.2566,3.2581,3.2541,3.2561,3.2616,3.2631,3.2591,3.2611,18
2026-06-16 19:20:00,3.2571,3.2581,3.2561,3.2571,3.2621,3.2631,3.2611,3.2621,9
2026-06-16 19:21:00,3.2576,3.2601,3.2576,3.2596,3.2626,3.2651,3.2626,3.2646,14
2026-06-16 19:22:00,3.2591,3.2621,3.2581,3.2621,3.2641,3.2671,3.2631,3.2671,18
2026-06-16 19:23:00,3.2631,3.2661,3.2631,3.2651,3.2681,3.2711,3.2681,3.2701,12
2026-06-16 19:24:00,3.2656,3.2661,3.2641,3.2651,3.2706,3.2711,3.2691,3.2701,22
2026-06-16 19:25:00,3.2661,3.2681,3.2651,3.2661,3.2711,3.2731,3.2701,3.2711,19
2026-06-16 19:26:00,3.2671,3.2671,3.2661,3.2671,3.2721,3.2721,3.2711,3.2721,3
2026-06-16 19:27:00,3.2681,3.2701,3.2681,3.2681,3.2731,3.2751,3.2731,3.2731,26
2026-06-16 19:28:00,3.2691,3.2701,3.2671,3.2681,3.2741,3.2751,3.2721,3.2731,14
2026-06-16 19:29:00,3.2686,3.2691,3.2671,3.2681,3.2736,3.2741,3.2721,3.2731,15
2026-06-16 19:30:00,3.2691,3.2691,3.2661,3.2671,3.2741,3.2741,3.2711,3.2721,13
2026-06-16 19:31:00,3.2681,3.2681,3.2661,3.2681,3.2731,3.2731,3.2711,3.2731,16
2026-06-16 19:32:00,3.2691,3.2721,3.2691,3.2721,3.2741,3.2771,3.2741,3.2771,9
2026-06-16 19:33:00,3.2711,3.2741,3.2711,3.2741,3.2761,3.2791,3.2761,3.2791,41
2026-06-16 19:34:00,3.2746,3.2751,3.2721,3.2721,3.2796,3.2801,3.2771,3.2771,15
2026-06-16 19:35:00,3.2731,3.2756,3.2726,3.2751,3.2781,3.2806,3.2776,3.2801,14
2026-06-16 19:36:00,3.2741,3.2751,3.2721,3.2751,3.2791,3.2801,3.2771,3.2801,6
2026-06-16 19:37:00,3.2761,3.2781,3.2711,3.2721,3.2811,3.2831,3.2761,3.2771,51
2026-06-16 19:38:00,3.2731,3.2741,3.2721,3.2721,3.2781,3.2791,3.2771,3.2771,16
2026-06-16 19:39:00,3.2726,3.2741,3.2701,3.2741,3.2776,3.2791,3.2751,3.2791,16
2026-06-16 19:40:00,3.2746,3.2751,3.2691,3.2721,3.2796,3.2801,3.2741,3.2771,26
2026-06-16 19:41:00,3.2716,3.2721,3.2711,3.2716,3.2766,3.2771,3.2761,3.2766,13
2026-06-16 19:42:00,3.2721,3.2721,3.2661,3.2661,3.2771,3.2771,3.2711,3.2711,42
2026-06-16 19:43:00,3.2651,3.2661,3.2551,3.2561,3.2701,3.2711,3.2601,3.2611,53
2026-06-16 19:44:00,3.2571,3.2591,3.2511,3.2531,3.2621,3.2641,3.2561,3.2581,75
2026-06-16 19:45:00,3.2526,3.2581,3.2521,3.2566,3.2576,3.2631,3.2571,3.2616,36
2026-06-16 19:46:00,3.2561,3.2576,3.2491,3.2531,3.2611,3.2626,3.2541,3.2581,56
2026-06-16 19:47:00,3.2521,3.2531,3.2511,3.2531,3.2571,3.2581,3.2561,3.2581,12
2026-06-16 19:48:00,3.2541,3.2541,3.2531,3.2541,3.2591,3.2591,3.2581,3.2591,17
2026-06-16 19:49:00,3.2551,3.2561,3.2531,3.2551,3.2601,3.2611,3.2581,3.2601,27
2026-06-16 19:50:00,3.2541,3.2541,3.2531,3.2541,3.2591,3.2591,3.2581,3.2591,3
2026-06-16 19:51:00,3.2551,3.2571,3.2531,3.2531,3.2601,3.2621,3.2581,3.2581,24
2026-06-16 19:52:00,3.2536,3.2536,3.2511,3.2511,3.2586,3.2586,3.2561,3.2561,16
2026-06-16 19:53:00,3.2506,3.2506,3.2481,3.2501,3.2556,3.2556,3.2531,3.2551,28
2026-06-16 19:54:00,3.2496,3.2511,3.2491,3.2501,3.2546,3.2561,3.2541,3.2551,14
2026-06-16 19:55:00,3.2496,3.2501,3.2471,3.2481,3.2546,3.2551,3.2521,3.2531,20
2026-06-16 19:56:00,3.2476,3.2501,3.2461,3.2491,3.2526,3.2551,3.2511,3.2541,14
2026-06-16 19:57:00,3.2501,3.2501,3.2471,3.2471,3.2551,3.2551,3.2521,3.2521,7
2026-06-16 19:58:00,3.2481,3.2491,3.2471,3.2481,3.2531,3.2541,3.2521,3.2531,13
2026-06-16 19:59:00,3.2491,3.2521,3.2491,3.2501,3.2541,3.2571,3.2541,3.2551,14
2026-06-16 20:00:00,3.2506,3.2511,3.2431,3.2436,3.2556,3.2561,3.2481,3.2486,38
2026-06-16 20:01:00,3.2441,3.2461,3.2421,3.2441,3.2491,3.2511,3.2471,3.2491,19
2026-06-16 20:02:00,3.2436,3.2436,3.2421,3.2421,3.2486,3.2486,3.2471,3.2471,9
2026-06-16 20:03:00,3.2411,3.2421,3.2391,3.2391,3.2461,3.2471,3.2441,3.2441,13
2026-06-16 20:04:00,3.2381,3.2381,3.2346,3.2351,3.2431,3.2431,3.2396,3.2401,10
2026-06-16 20:05:00,3.2346,3.2351,3.2311,3.2351,3.2396,3.2401,3.2361,3.2401,56
2026-06-16 20:06:00,3.2346,3.2346,3.2311,3.2341,3.2396,3.2396,3.2361,3.2391,36
2026-06-16 20:07:00,3.2351,3.2391,3.2336,3.2391,3.2401,3.2441,3.2386,3.2441,27
2026-06-16 20:08:00,3.2381,3.2451,3.2381,3.2441,3.2431,3.2501,3.2431,3.2491,29
2026-06-16 20:09:00,3.2436,3.2441,3.2411,3.2421,3.2486,3.2491,3.2461,3.2471,18
2026-06-16 20:10:00,3.2431,3.2451,3.2421,3.2436,3.2481,3.2501,3.2471,3.2486,19
2026-06-16 20:11:00,3.2431,3.2431,3.2421,3.2431,3.2481,3.2481,3.2471,3.2481,8
2026-06-16 20:12:00,3.2421,3.2431,3.2416,3.2421,3.2471,3.2481,3.2466,3.2471,12
2026-06-16 20:13:00,3.2411,3.2421,3.2411,3.2421,3.2461,3.2471,3.2461,3.2471,8
2026-06-16 20:14:00,3.2416,3.2421,3.2391,3.2401,3.2466,3.2471,3.2441,3.2451,24
2026-06-16 20:15:00,3.2391,3.2451,3.2391,3.2451,3.2441,3.2501,3.2441,3.2501,22
2026-06-16 20:16:00,3.2446,3.2491,3.2446,3.2491,3.2496,3.2541,3.2496,3.2541,35
2026-06-16 20:17:00,3.2481,3.2541,3.2471,3.2521,3.2531,3.2591,3.2521,3.2571,35
2026-06-16 20:18:00,3.2511,3.2521,3.2501,3.2521,3.2561,3.2571,3.2551,3.2571,6
2026-06-16 20:19:00,3.2516,3.2541,3.2511,3.2531,3.2566,3.2591,3.2561,3.2581,25
2026-06-16 20:20:00,3.2536,3.2571,3.2531,3.2571,3.2586,3.2621,3.2581,3.2621,38
2026-06-16 20:21:00,3.2576,3.2641,3.2571,3.2641,3.2626,3.2691,3.2621,3.2691,52
2026-06-16 20:22:00,3.2651,3.2691,3.2641,3.2691,3.2701,3.2741,3.2691,3.2741,42
2026-06-16 20:23:00,3.2681,3.2681,3.2631,3.2641,3.2731,3.2731,3.2681,3.2691,14
2026-06-16 20:24:00,3.2631,3.2631,3.2601,3.2611,3.2681,3.2681,3.2651,3.2661,30
2026-06-16 20:25:00,3.2606,3.2606,3.2561,3.2581,3.2656,3.2656,3.2611,3.2631,35
2026-06-16 20:26:00,3.2591,3.2601,3.2571,3.2601,3.2641,3.2651,3.2621,3.2651,36
2026-06-16 20:27:00,3.2591,3.2626,3.2561,3.2561,3.2641,3.2676,3.2611,3.2611,74
2026-06-16 20:28:00,3.2571,3.2601,3.2511,3.2551,3.2621,3.2651,3.2561,3.2601,128
2026-06-16 20:29:00,3.2546,3.2591,3.2531,3.2571,3.2596,3.2641,3.2581,3.2621,98
2026-06-16 20:30:00,3.2561,3.2571,3.2521,3.2571,3.2611,3.2621,3.2571,3.2621,51
2026-06-16 20:31:00,3.2576,3.2631,3.2571,3.2591,3.2626,3.2681,3.2621,3.2641,61
2026-06-16 20:32:00,3.2581,3.2611,3.2566,3.2601,3.2631,3.2661,3.2616,3.2651,36
2026-06-16 20:33:00,3.2596,3.2611,3.2596,3.2601,3.2646,3.2661,3.2646,3.2651,13
2026-06-16 20:34:00,3.2606,3.2641,3.2601,3.2621,3.2656,3.2691,3.2651,3.2671,31
2026-06-16 20:35:00,3.2631,3.2691,3.2631,3.2671,3.2681,3.2741,3.2681,3.2721,36
2026-06-16 20:36:00,3.2661,3.2671,3.2651,3.2671,3.2711,3.2721,3.2701,3.2721,6
2026-06-16 20:37:00,3.2661,3.2681,3.2651,3.2661,3.2711,3.2731,3.2701,3.2711,21
2026-06-16 20:38:00,3.2666,3.2666,3.2621,3.2631,3.2716,3.2716,3.2671,3.2681,16
2026-06-16 20:39:00,3.2621,3.2631,3.2606,3.2621,3.2671,3.2681,3.2656,3.2671,14
2026-06-16 20:40:00,3.2626,3.2666,3.2626,3.2661,3.2676,3.2716,3.2676,3.2711,15
2026-06-16 20:41:00,3.2666,3.2701,3.2661,3.2696,3.2716,3.2751,3.2711,3.2746,30
2026-06-16 20:42:00,3.2701,3.2701,3.2671,3.2681,3.2751,3.2751,3.2721,3.2731,20
2026-06-16 20:43:00,3.2691,3.2711,3.2686,3.2711,3.2741,3.2761,3.2736,3.2761,17
2026-06-16 20:44:00,3.2706,3.2751,3.2701,3.2741,3.2756,3.2801,3.2751,3.2791,25
2026-06-16 20:45:00,3.2751,3.2811,3.2751,3.2791,3.2801,3.2861,3.2801,3.2841,40
2026-06-16 20:46:00,3.2796,3.2811,3.2771,3.2771,3.2846,3.2861,3.2821,3.2821,23
2026-06-16 20:47:00,3.2781,3.2781,3.2746,3.2771,3.2831,3.2831,3.2796,3.2821,24
2026-06-16 20:48:00,3.2766,3.2766,3.2761,3.2761,3.2816,3.2816,3.2811,3.2811,2
2026-06-16 20:49:00,3.2751,3.2781,3.2751,3.2761,3.2801,3.2831,3.2801,3.2811,21
2026-06-16 20:50:00,3.2771,3.2771,3.2741,3.2761,3.2821,3.2821,3.2791,3.2811,24
2026-06-16 20:51:00,3.2771,3.2781,3.2761,3.2781,3.2821,3.2831,3.2811,3.2831,15
2026-06-16 20:52:00,3.2771,3.2776,3.2771,3.2771,3.2821,3.2826,3.2821,3.2821,5
2026-06-16 20:53:00,3.2781,3.2801,3.2781,3.2791,3.2831,3.2851,3.2831,3.2841,6
2026-06-16 20:54:00,3.2801,3.2801,3.2791,3.2791,3.2851,3.2851,3.2841,3.2841,10
2026-06-16 20:55:00,3.2796,3.2801,3.2781,3.2786,3.2846,3.2851,3.2831,3.2836,23
2026-06-16 20:56:00,3.2791,3.2791,3.2771,3.2771,3.2841,3.2841,3.2821,3.2821,9
2026-06-16 20:57:00,3.2781,3.2781,3.2756,3.2776,3.2831,3.2831,3.2806,3.2826,20
2026-06-16 20:58:00,3.2781,3.2781,3.2751,3.2766,3.2831,3.2831,3.2801,3.2816,14
2026-06-16 20:59:00,3.2771,3.2781,3.2766,3.2781,3.2821,3.2831,3.2816,3.2831,12
2026-06-16 21:00:00,3.2786,3.2821,3.2786,3.2811,3.2836,3.2871,3.2836,3.2861,32
2026-06-16 21:01:00,3.2816,3.2831,3.2801,3.2821,3.2866,3.2881,3.2851,3.2871,11
2026-06-16 21:02:00,3.2811,3.2811,3.2791,3.2811,3.2861,3.2861,3.2841,3.2861,12
2026-06-16 21:03:00,3.2806,3.2811,3.2801,3.2801,3.2856,3.2861,3.2851,3.2851,6
2026-06-16 21:04:00,3.2811,3.2851,3.2811,3.2831,3.2861,3.2901,3.2861,3.2881,18
2026-06-16 21:05:00,3.2821,3.2841,3.2791,3.2801,3.2871,3.2891,3.2841,3.2851,11
2026-06-16 21:06:00,3.2806,3.2811,3.2791,3.2811,3.2856,3.2861,3.2841,3.2861,13
2026-06-16 21:07:00,3.2791,3.2821,3.2786,3.2791,3.2841,3.2871,3.2836,3.2841,30
2026-06-16 21:08:00,3.2786,3.2801,3.2771,3.2771,3.2836,3.2851,3.2821,3.2821,29
2026-06-16 21:09:00,3.2776,3.2786,3.2761,3.2781,3.2826,3.2836,3.2811,3.2831,14
2026-06-16 21:10:00,3.2791,3.2791,3.2771,3.2791,3.2841,3.2841,3.2821,3.2841,23
2026-06-16 21:11:00,3.2781,3.2781,3.2766,3.2766,3.2831,3.2831,3.2816,3.2816,5
2026-06-16 21:12:00,3.2771,3.2781,3.2771,3.2781,3.2821,3.2831,3.2821,3.2831,2
2026-06-16 21:13:00,3.2791,3.2791,3.2781,3.2781,3.2841,3.2841,3.2831,3.2831,2
2026-06-16 21:14:00,3.2771,3.2781,3.2751,3.2751,3.2821,3.2831,3.2801,3.2801,16
2026-06-16 21:15:00,3.2741,3.2741,3.2721,3.2731,3.2791,3.2791,3.2771,3.2781,12
2026-06-16 21:16:00,3.2741,3.2751,3.2731,3.2741,3.2791,3.2801,3.2781,3.2791,8
2026-06-16 21:17:00,3.2731,3.2741,3.2711,3.2711,3.2781,3.2791,3.2761,3.2761,6
2026-06-16 21:18:00,3.2701,3.2721,3.2671,3.2671,3.2751,3.2771,3.2721,3.2721,20
2026-06-16 21:19:00,3.2676,3.2676,3.2651,3.2661,3.2726,3.2726,3.2701,3.2711,10
2026-06-16 21:21:00,3.2671,3.2681,3.2671,3.2671,3.2721,3.2731,3.2721,3.2721,7
2026-06-16 21:22:00,3.2661,3.2681,3.2661,3.2681,3.2711,3.2731,3.2711,3.2731,11
2026-06-16 21:23:00,3.2691,3.2691,3.2651,3.2656,3.2741,3.2741,3.2701,3.2706,13
2026-06-16 21:24:00,3.2661,3.2661,3.2651,3.2661,3.2711,3.2711,3.2701,3.2711,3
2026-06-16 21:25:00,3.2671,3.2671,3.2651,3.2661,3.2721,3.2721,3.2701,3.2711,8
2026-06-16 21:26:00,3.2651,3.2656,3.2651,3.2651,3.2701,3.2706,3.2701,3.2701,3
2026-06-16 21:27:00,3.2661,3.2661,3.2631,3.2631,3.2711,3.2711,3.2681,3.2681,6
2026-06-16 21:28:00,3.2626,3.2641,3.2626,3.2641,3.2676,3.2691,3.2676,3.2691,14
2026-06-16 21:29:00,3.2631,3.2641,3.2631,3.2641,3.2681,3.2691,3.2681,3.2691,5
2026-06-16 21:30:00,3.2636,3.2641,3.2631,3.2631,3.2686,3.2691,3.2681,3.2681,9
2026-06-16 21:31:00,3.2636,3.2641,3.2636,3.2641,3.2686,3.2691,3.2686,3.2691,2
2026-06-16 21:32:00,3.2631,3.2631,3.2621,3.2621,3.2681,3.2681,3.2671,3.2671,8
2026-06-16 21:33:00,3.2626,3.2641,3.2611,3.2611,3.2676,3.2691,3.2661,3.2661,15
2026-06-16 21:34:00,3.2621,3.2621,3.2581,3.2581,3.2671,3.2671,3.2631,3.2631,15
2026-06-16 21:35:00,3.2591,3.2591,3.2581,3.2581,3.2641,3.2641,3.2631,3.2631,4
2026-06-16 21:36:00,3.2576,3.2576,3.2551,3.2561,3.2626,3.2626,3.2601,3.2611,12
2026-06-16 21:37:00,3.2576,3.2581,3.2571,3.2571,3.2626,3.2631,3.2621,3.2621,6
2026-06-16 21:38:00,3.2591,3.2591,3.2571,3.2591,3.2641,3.2641,3.2621,3.2641,22
2026-06-16 21:39:00,3.2581,3.2601,3.2581,3.2591,3.2631,3.2651,3.2631,3.2641,11
2026-06-16 21:40:00,3.2601,3.2611,3.2591,3.2591,3.2651,3.2661,3.2641,3.2641,11
2026-06-16 21:41:00,3.2586,3.2586,3.2576,3.2581,3.2636,3.2636,3.2626,3.2631,4
2026-06-16 21:42:00,3.2591,3.2591,3.2581,3.2581,3.2641,3.2641,3.2631,3.2631,13
2026-06-16 21:44:00,3.2591,3.2591,3.2591,3.2591,3.2641,3.2641,3.2641,3.2641,1
2026-06-16 21:45:00,3.2586,3.2591,3.2581,3.2591,3.2636,3.2641,3.2631,3.2641,10
2026-06-16 21:46:00,3.2596,3.2621,3.2596,3.2621,3.2646,3.2671,3.2646,3.2671,11
2026-06-16 21:47:00,3.2611,3.2621,3.2611,3.2616,3.2661,3.2671,3.2661,3.2666,5
2026-06-16 21:48:00,3.2621,3.2641,3.2621,3.2631,3.2671,3.2691,3.2671,3.2681,6
2026-06-16 21:49:00,3.2641,3.2641,3.2641,3.2641,3.2691,3.2691,3.2691,3.2691,1
2026-06-16 21:50:00,3.2651,3.2651,3.2641,3.2651,3.2701,3.2701,3.2691,3.2701,3
2026-06-16 21:51:00,3.2656,3.2671,3.2651,3.2671,3.2706,3.2721,3.2701,3.2721,14
2026-06-16 21:52:00,3.2676,3.2691,3.2676,3.2691,3.2726,3.2741,3.2726,3.2741,4
2026-06-16 21:53:00,3.2681,3.2681,3.2671,3.2671,3.2731,3.2731,3.2721,3.2721,4
2026-06-16 21:54:00,3.2651,3.2661,3.2651,3.2651,3.2701,3.2711,3.2701,3.2701,6
2026-06-16 21:55:00,3.2661,3.2661,3.2661,3.2661,3.2711,3.2711,3.2711,3.2711,1
2026-06-16 21:56:00,3.2651,3.2681,3.2651,3.2681,3.2701,3.2731,3.2701,3.2731,9
2026-06-16 21:57:00,3.2671,3.2681,3.2671,3.2671,3.2721,3.2731,3.2721,3.2721,4
2026-06-16 21:58:00,3.2681,3.2691,3.2671,3.2671,3.2731,3.2741,3.2721,3.2721,6
2026-06-16 21:59:00,3.2666,3.2671,3.2651,3.2661,3.2716,3.2721,3.2701,3.2711,14
2026-06-16 22:00:00,3.2651,3.2671,3.2651,3.2671,3.2701,3.2721,3.2701,3.2721,7
2026-06-16 22:01:00,3.2661,3.2671,3.2661,3.2671,3.2711,3.2721,3.2711,3.2721,2
2026-06-16 22:03:00,3.2661,3.2671,3.2661,3.2661,3.2711,3.2721,3.2711,3.2711,3
2026-06-16 22:04:00,3.2651,3.2661,3.2651,3.2651,3.2701,3.2711,3.2701,3.2701,5
2026-06-16 22:05:00,3.2661,3.2671,3.2661,3.2661,3.2711,3.2721,3.2711,3.2711,3
2026-06-16 22:06:00,3.2671,3.2671,3.2661,3.2661,3.2721,3.2721,3.2711,3.2711,2
2026-06-16 22:07:00,3.2671,3.2701,3.2671,3.2701,3.2721,3.2751,3.2721,3.2751,5
2026-06-16 22:08:00,3.2706,3.2721,3.2706,3.2721,3.2756,3.2771,3.2756,3.2771,9
2026-06-16 22:09:00,3.2711,3.2711,3.2691,3.2701,3.2761,3.2761,3.2741,3.2751,21
2026-06-16 22:10:00,3.2706,3.2711,3.2701,3.2711,3.2756,3.2761,3.2751,3.2761,4
2026-06-16 22:11:00,3.2706,3.2731,3.2701,3.2701,3.2756,3.2781,3.2751,3.2751,23
2026-06-16 22:12:00,3.2691,3.2711,3.2691,3.2711,3.2741,3.2761,3.2741,3.2761,19
2026-06-16 22:13:00,3.2706,3.2711,3.2691,3.2691,3.2756,3.2761,3.2741,3.2741,15
2026-06-16 22:14:00,3.2696,3.2701,3.2696,3.2701,3.2746,3.2751,3.2746,3.2751,2
2026-06-16 22:15:00,3.2696,3.2706,3.2691,3.2701,3.2746,3.2756,3.2741,3.2751,8
2026-06-16 22:16:00,3.2706,3.2731,3.2706,3.2716,3.2756,3.2781,3.2756,3.2766,13
2026-06-16 22:17:00,3.2711,3.2721,3.2711,3.2716,3.2761,3.2771,3.2761,3.2766,5
2026-06-16 22:18:00,3.2721,3.2731,3.2721,3.2731,3.2771,3.2781,3.2771,3.2781,2
2026-06-16 22:19:00,3.2726,3.2771,3.2726,3.2771,3.2776,3.2821,3.2776,3.2821,10
2026-06-16 22:20:00,3.2781,3.2781,3.2771,3.2771,3.2831,3.2831,3.2821,3.2821,2
2026-06-16 22:21:00,3.2776,3.2781,3.2776,3.2781,3.2826,3.2831,3.2826,3.2831,2
2026-06-16 22:22:00,3.2791,3.2791,3.2791,3.2791,3.2841,3.2841,3.2841,3.2841,1
2026-06-16 22:23:00,3.2781,3.2781,3.2771,3.2771,3.2831,3.2831,3.2821,3.2821,2
2026-06-16 22:25:00,3.2781,3.2781,3.2761,3.2771,3.2831,3.2831,3.2811,3.2821,6
2026-06-16 22:26:00,3.2761,3.2781,3.2761,3.2781,3.2811,3.2831,3.2811,3.2831,3
2026-06-16 22:27:00,3.2771,3.2771,3.2766,3.2771,3.2821,3.2821,3.2816,3.2821,3
2026-06-16 22:28:00,3.2761,3.2776,3.2751,3.2761,3.2811,3.2826,3.2801,3.2811,8
2026-06-16 22:29:00,3.2766,3.2781,3.2766,3.2781,3.2816,3.2831,3.2816,3.2831,2
2026-06-16 22:30:00,3.2771,3.2781,3.2746,3.2781,3.2821,3.2831,3.2796,3.2831,11
2026-06-16 22:31:00,3.2786,3.2801,3.2786,3.2801,3.2836,3.2851,3.2836,3.2851,3
2026-06-16 22:32:00,3.2791,3.2801,3.2791,3.2801,3.2841,3.2851,3.2841,3.2851,2
2026-06-16 22:33:00,3.2811,3.2821,3.2811,3.2821,3.2861,3.2871,3.2861,3.2871,2
2026-06-16 22:34:00,3.2816,3.2821,3.2811,3.2811,3.2866,3.2871,3.2861,3.2861,4
2026-06-16 22:35:00,3.2806,3.2811,3.2786,3.2791,3.2856,3.2861,3.2836,3.2841,8
2026-06-16 22:36:00,3.2786,3.2791,3.2786,3.2791,3.2836,3.2841,3.2836,3.2841,2
2026-06-16 22:37:00,3.2781,3.2791,3.2781,3.2791,3.2831,3.2841,3.2831,3.2841,2
2026-06-16 22:38:00,3.2786,3.2791,3.2781,3.2791,3.2836,3.2841,3.2831,3.2841,3
2026-06-16 22:39:00,3.2801,3.2811,3.2801,3.2801,3.2851,3.2861,3.2851,3.2851,3
2026-06-16 22:42:00,3.2811,3.2811,3.2806,3.2811,3.2861,3.2861,3.2856,3.2861,3
2026-06-16 22:43:00,3.2806,3.2806,3.2801,3.2801,3.2856,3.2856,3.2851,3.2851,2
2026-06-16 22:46:00,3.2791,3.2791,3.2781,3.2791,3.2841,3.2841,3.2831,3.2841,7
2026-06-16 22:47:00,3.2786,3.2786,3.2751,3.2751,3.2836,3.2836,3.2801,3.2801,9
2026-06-16 22:48:00,3.2756,3.2761,3.2741,3.2746,3.2806,3.2811,3.2791,3.2796,7
2026-06-16 22:49:00,3.2741,3.2761,3.2741,3.2751,3.2791,3.2811,3.2791,3.2801,20
2026-06-16 22:50:00,3.2746,3.2756,3.2741,3.2751,3.2796,3.2806,3.2791,3.2801,11
2026-06-16 22:51:00,3.2756,3.2756,3.2751,3.2751,3.2806,3.2806,3.2801,3.2801,8
2026-06-16 22:52:00,3.2741,3.2751,3.2741,3.2751,3.2791,3.2801,3.2791,3.2801,4
2026-06-16 22:53:00,3.2741,3.2741,3.2711,3.2721,3.2791,3.2791,3.2761,3.2771,11
2026-06-16 22:54:00,3.2726,3.2731,3.2726,3.2731,3.2776,3.2781,3.2776,3.2781,10
2026-06-16 22:55:00,3.2721,3.2731,3.2721,3.2731,3.2771,3.2781,3.2771,3.2781,8
2026-06-16 22:56:00,3.2741,3.2741,3.2731,3.2731,3.2791,3.2791,3.2781,3.2781,3
2026-06-16 22:57:00,3.2726,3.2736,3.2726,3.2731,3.2776,3.2786,3.2776,3.2781,6
2026-06-16 22:58:00,3.2741,3.2751,3.2741,3.2751,3.2791,3.2801,3.2791,3.2801,2
2026-06-16 22:59:00,3.2746,3.2751,3.2717,3.2717,3.2796,3.2801,3.2752,3.2767,25
2026-06-17 00:00:00,3.2702,3.2712,3.2687,3.2702,3.2752,3.2762,3.2737,3.2752,19
2026-06-17 00:01:00,3.2697,3.2697,3.2687,3.2692,3.2747,3.2747,3.2737,3.2742,6
2026-06-17 00:03:00,3.2702,3.2717,3.2702,3.2717,3.2752,3.2767,3.2752,3.2767,3
2026-06-17 00:04:00,3.2722,3.2722,3.2707,3.2712,3.2772,3.2772,3.2757,3.2762,6
2026-06-17 00:05:00,3.2717,3.2717,3.2717,3.2717,3.2767,3.2767,3.2767,3.2767,1
2026-06-17 00:06:00,3.2712,3.2717,3.2712,3.2717,3.2762,3.2767,3.2762,3.2767,2
2026-06-17 00:07:00,3.2712,3.2712,3.2712,3.2712,3.2762,3.2762,3.2762,3.2762,1
2026-06-17 00:09:00,3.2702,3.2702,3.2692,3.2702,3.2752,3.2752,3.2742,3.2752,3
2026-06-17 00:16:00,3.2717,3.2722,3.2717,3.2722,3.2767,3.2772,3.2767,3.2772,2
2026-06-17 00:19:00,3.2712,3.2717,3.2712,3.2717,3.2762,3.2767,3.2762,3.2767,2
2026-06-17 00:20:00,3.2722,3.2722,3.2722,3.2722,3.2772,3.2772,3.2772,3.2772,1
2026-06-17 00:22:00,3.2712,3.2712,3.2707,3.2707,3.2762,3.2762,3.2757,3.2757,2
2026-06-17 00:25:00,3.2712,3.2722,3.2707,3.2707,3.2762,3.2772,3.2757,3.2757,4
2026-06-17 00:28:00,3.2702,3.2702,3.2702,3.2702,3.2752,3.2752,3.2752,3.2752,1
2026-06-17 00:31:00,3.2707,3.2707,3.2707,3.2707,3.2757,3.2757,3.2757,3.2757,1
2026-06-17 00:32:00,3.2702,3.2702,3.2702,3.2702,3.2752,3.2752,3.2752,3.2752,1
2026-06-17 00:35:00,3.2707,3.2712,3.2692,3.2692,3.2757,3.2762,3.2742,3.2742,3
2026-06-17 00:36:00,3.2682,3.2682,3.2682,3.2682,3.2732,3.2732,3.2732,3.2732,1
2026-06-17 00:37:00,3.2687,3.2697,3.2687,3.2692,3.2737,3.2747,3.2737,3.2742,4
2026-06-17 00:38:00,3.2687,3.2687,3.2687,3.2687,3.2737,3.2737,3.2737,3.2737,1
2026-06-17 00:39:00,3.2692,3.2692,3.2692,3.2692,3.2742,3.2742,3.2742,3.2742,1
2026-06-17 00:44:00,3.2687,3.2687,3.2677,3.2677,3.2737,3.2737,3.2727,3.2727,3
2026-06-17 00:45:00,3.2692,3.2697,3.2692,3.2697,3.2742,3.2747,3.2742,3.2747,2
2026-06-17 00:46:00,3.2692,3.2697,3.2692,3.2692,3.2742,3.2747,3.2742,3.2742,3
2026-06-17 01:16:00,3.2702,3.2712,3.2702,3.2707,3.2752,3.2762,3.2752,3.2757,3
2026-06-17 01:20:00,3.2702,3.2702,3.2702,3.2702,3.2752,3.2752,3.2752,3.2752,1
2026-06-17 01:22:00,3.2707,3.2707,3.2707,3.2707,3.2757,3.2757,3.2757,3.2757,1
2026-06-17 01:23:00,3.2712,3.2712,3.2692,3.2692,3.2762,3.2762,3.2742,3.2742,3
2026-06-17 01:24:00,3.2697,3.2697,3.2697,3.2697,3.2747,3.2747,3.2747,3.2747,1
2026-06-17 01:29:00,3.2682,3.2682,3.2682,3.2682,3.2732,3.2732,3.2732,3.2732,1
2026-06-17 01:30:00,3.2692,3.2692,3.2687,3.2687,3.2742,3.2742,3.2737,3.2737,2
2026-06-17 01:31:00,3.2682,3.2682,3.2662,3.2667,3.2732,3.2732,3.2712,3.2717,6
2026-06-17 01:32:00,3.2672,3.2687,3.2672,3.2687,3.2722,3.2737,3.2722,3.2737,4
2026-06-17 01:34:00,3.2682,3.2682,3.2682,3.2682,3.2732,3.2732,3.2732,3.2732,1
2026-06-17 01:41:00,3.2687,3.2687,3.2687,3.2687,3.2737,3.2737,3.2737,3.2737,1
2026-06-17 01:44:00,3.2682,3.2682,3.2682,3.2682,3.2732,3.2732,3.2732,3.2732,1
2026-06-17 01:45:00,3.2687,3.2687,3.2687,3.2687,3.2737,3.2737,3.2737,3.2737,1
2026-06-17 01:50:00,3.2692,3.2692,3.2692,3.2692,3.2742,3.2742,3.2742,3.2742,1
2026-06-17 01:53:00,3.2687,3.2692,3.2682,3.2682,3.2737,3.2742,3.2732,3.2732,3
2026-06-17 01:57:00,3.2672,3.2672,3.2672,3.2672,3.2722,3.2722,3.2722,3.2722,1
2026-06-17 02:00:00,3.2677,3.2687,3.2652,3.2677,3.2727,3.2737,3.2702,3.2727,13
2026-06-17 02:01:00,3.2687,3.2687,3.2687,3.2687,3.2737,3.2737,3.2737,3.2737,1
2026-06-17 02:02:00,3.2682,3.2712,3.2682,3.2697,3.2732,3.2762,3.2732,3.2747,14
2026-06-17 02:04:00,3.2692,3.2697,3.2692,3.2697,3.2742,3.2747,3.2742,3.2747,2
2026-06-17 02:05:00,3.2692,3.2692,3.2692,3.2692,3.2742,3.2742,3.2742,3.2742,1
2026-06-17 02:06:00,3.2702,3.2702,3.2692,3.2702,3.2752,3.2752,3.2742,3.2752,6
2026-06-17 02:07:00,3.2692,3.2702,3.2692,3.2697,3.2742,3.2752,3.2742,3.2747,6
2026-06-17 02:09:00,3.2692,3.2692,3.2692,3.2692,3.2742,3.2742,3.2742,3.2742,1
2026-06-17 02:10:00,3.2697,3.2697,3.2697,3.2697,3.2747,3.2747,3.2747,3.2747,1
2026-06-17 02:11:00,3.2712,3.2722,3.2712,3.2722,3.2762,3.2772,3.2762,3.2772,3
2026-06-17 02:12:00,3.2712,3.2722,3.2712,3.2722,3.2762,3.2772,3.2762,3.2772,3
2026-06-17 02:13:00,3.2712,3.2712,3.2712,3.2712,3.2762,3.2762,3.2762,3.2762,1
2026-06-17 02:14:00,3.2717,3.2717,3.2712,3.2717,3.2767,3.2767,3.2762,3.2767,5
2026-06-17 02:15:00,3.2712,3.2712,3.2712,3.2712,3.2762,3.2762,3.2762,3.2762,1
2026-06-17 02:16:00,3.2717,3.2717,3.2717,3.2717,3.2767,3.2767,3.2767,3.2767,1
2026-06-17 02:17:00,3.2722,3.2722,3.2712,3.2712,3.2772,3.2772,3.2762,3.2762,2
2026-06-17 02:18:00,3.2707,3.2707,3.2702,3.2707,3.2757,3.2757,3.2752,3.2757,3
2026-06-17 02:19:00,3.2702,3.2702,3.2692,3.2692,3.2752,3.2752,3.2742,3.2742,2
2026-06-17 02:20:00,3.2682,3.2682,3.2652,3.2652,3.2732,3.2732,3.2702,3.2702,5
2026-06-17 02:21:00,3.2642,3.2662,3.2642,3.2662,3.2692,3.2712,3.2692,3.2712,6
2026-06-17 02:22:00,3.2657,3.2657,3.2652,3.2652,3.2707,3.2707,3.2702,3.2702,2
2026-06-17 02:23:00,3.2647,3.2662,3.2647,3.2652,3.2697,3.2712,3.2697,3.2702,4
2026-06-17 02:24:00,3.2657,3.2657,3.2647,3.2647,3.2707,3.2707,3.2697,3.2697,3
2026-06-17 02:25:00,3.2642,3.2642,3.2642,3.2642,3.2692,3.2692,3.2692,3.2692,1
2026-06-17 02:26:00,3.2652,3.2657,3.2642,3.2642,3.2702,3.2707,3.2692,3.2692,4
2026-06-17 02:27:00,3.2647,3.2652,3.2647,3.2652,3.2697,3.2702,3.2697,3.2702,2
2026-06-17 02:29:00,3.2657,3.2657,3.2652,3.2657,3.2707,3.2707,3.2702,3.2707,3
2026-06-17 02:30:00,3.2652,3.2662,3.2652,3.2662,3.2702,3.2712,3.2702,3.2712,3
2026-06-17 02:31:00,3.2657,3.2657,3.2657,3.2657,3.2707,3.2707,3.2707,3.2707,1
2026-06-17 02:32:00,3.2662,3.2667,3.2652,3.2667,3.2712,3.2717,3.2702,3.2717,5
2026-06-17 02:33:00,3.2662,3.2662,3.2652,3.2652,3.2712,3.2712,3.2702,3.2702,2
2026-06-17 02:35:00,3.2647,3.2647,3.2647,3.2647,3.2697,3.2697,3.2697,3.2697,1
2026-06-17 02:36:00,3.2652,3.2662,3.2652,3.2657,3.2702,3.2712,3.2702,3.2707,7
2026-06-17 02:38:00,3.2652,3.2652,3.2652,3.2652,3.2702,3.2702,3.2702,3.2702,1
2026-06-17 02:39:00,3.2657,3.2662,3.2657,3.2657,3.2707,3.2712,3.2707,3.2707,5
2026-06-17 02:40:00,3.2662,3.2662,3.2657,3.2657,3.2712,3.2712,3.2707,3.2707,2
2026-06-17 02:41:00,3.2662,3.2662,3.2657,3.2657,3.2712,3.2712,3.2707,3.2707,2
2026-06-17 02:42:00,3.2662,3.2662,3.2662,3.2662,3.2712,3.2712,3.2712,3.2712,1
2026-06-17 02:43:00,3.2657,3.2657,3.2657,3.2657,3.2707,3.2707,3.2707,3.2707,1
2026-06-17 02:44:00,3.2652,3.2662,3.2652,3.2662,3.2702,3.2712,3.2702,3.2712,3
2026-06-17 02:45:00,3.2657,3.2662,3.2657,3.2662,3.2707,3.2712,3.2707,3.2712,2
2026-06-17 02:46:00,3.2657,3.2672,3.2657,3.2672,3.2707,3.2722,3.2707,3.2722,3
2026-06-17 02:48:00,3.2667,3.2667,3.2667,3.2667,3.2717,3.2717,3.2717,3.2717,1
2026-06-17 02:50:00,3.2672,3.2672,3.2672,3.2672,3.2722,3.2722,3.2722,3.2722,1
2026-06-17 02:51:00,3.2667,3.2667,3.2667,3.2667,3.2717,3.2717,3.2717,3.2717,1
2026-06-17 02:52:00,3.2672,3.2672,3.2672,3.2672,3.2722,3.2722,3.2722,3.2722,1
2026-06-17 02:53:00,3.2667,3.2667,3.2667,3.2667,3.2717,3.2717,3.2717,3.2717,1
2026-06-17 02:54:00,3.2662,3.2662,3.2662,3.2662,3.2712,3.2712,3.2712,3.2712,1
2026-06-17 02:55:00,3.2667,3.2672,3.2667,3.2672,3.2717,3.2722,3.2717,3.2722,2
2026-06-17 02:58:00,3.2662,3.2667,3.2662,3.2667,3.2712,3.2717,3.2712,3.2717,2
2026-06-17 02:59:00,3.2657,3.2657,3.2652,3.2652,3.2707,3.2707,3.2702,3.2702,2
2026-06-17 03:01:00,3.2662,3.2682,3.2662,3.2682,3.2712,3.2732,3.2712,3.2732,5
2026-06-17 03:02:00,3.2672,3.2677,3.2672,3.2677,3.2722,3.2727,3.2722,3.2727,4
2026-06-17 03:03:00,3.2672,3.2672,3.2647,3.2647,3.2722,3.2722,3.2697,3.2697,7
2026-06-17 03:04:00,3.2642,3.2642,3.2642,3.2642,3.2692,3.2692,3.2692,3.2692,1
2026-06-17 03:05:00,3.2632,3.2637,3.2632,3.2632,3.2682,3.2687,3.2682,3.2682,3
2026-06-17 03:06:00,3.2637,3.2642,3.2637,3.2642,3.2687,3.2692,3.2687,3.2692,2
2026-06-17 03:08:00,3.2652,3.2667,3.2652,3.2662,3.2702,3.2717,3.2702,3.2712,6
2026-06-17 03:10:00,3.2667,3.2672,3.2662,3.2667,3.2717,3.2722,3.2712,3.2717,4
2026-06-17 03:11:00,3.2672,3.2682,3.2672,3.2682,3.2722,3.2732,3.2722,3.2732,5
2026-06-17 03:12:00,3.2687,3.2692,3.2682,3.2692,3.2737,3.2742,3.2732,3.2742,4
2026-06-17 03:14:00,3.2682,3.2682,3.2672,3.2682,3.2732,3.2732,3.2722,3.2732,3
2026-06-17 03:15:00,3.2687,3.2692,3.2687,3.2692,3.2737,3.2742,3.2737,3.2742,2
2026-06-17 03:17:00,3.2687,3.2687,3.2682,3.2687,3.2737,3.2737,3.2732,3.2737,3
2026-06-17 03:19:00,3.2682,3.2687,3.2682,3.2682,3.2732,3.2737,3.2732,3.2732,3
2026-06-17 03:20:00,3.2677,3.2682,3.2677,3.2682,3.2727,3.2732,3.2727,3.2732,2
2026-06-17 03:21:00,3.2677,3.2677,3.2672,3.2672,3.2727,3.2727,3.2722,3.2722,2
2026-06-17 03:22:00,3.2682,3.2682,3.2672,3.2672,3.2732,3.2732,3.2722,3.2722,5
2026-06-17 03:23:00,3.2662,3.2672,3.2662,3.2667,3.2712,3.2722,3.2712,3.2717,3
2026-06-17 03:24:00,3.2662,3.2672,3.2662,3.2672,3.2712,3.2722,3.2712,3.2722,2
2026-06-17 03:25:00,3.2667,3.2672,3.2662,3.2672,3.2717,3.2722,3.2712,3.2722,5
2026-06-17 03:27:00,3.2682,3.2682,3.2677,3.2677,3.2732,3.2732,3.2727,3.2727,2
2026-06-17 03:30:00,3.2672,3.2672,3.2662,3.2667,3.2722,3.2722,3.2712,3.2717,5
2026-06-17 03:32:00,3.2672,3.2672,3.2672,3.2672,3.2722,3.2722,3.2722,3.2722,1
2026-06-17 03:35:00,3.2667,3.2667,3.2662,3.2662,3.2717,3.2717,3.2712,3.2712,2
2026-06-17 03:36:00,3.2667,3.2667,3.2667,3.2667,3.2717,3.2717,3.2717,3.2717,1
2026-06-17 03:38:00,3.2662,3.2667,3.2662,3.2662,3.2712,3.2717,3.2712,3.2712,3
2026-06-17 03:40:00,3.2657,3.2672,3.2642,3.2662,3.2707,3.2722,3.2692,3.2712,10
2026-06-17 03:44:00,3.2672,3.2672,3.2667,3.2672,3.2722,3.2722,3.2717,3.2722,3
2026-06-17 03:45:00,3.2667,3.2677,3.2667,3.2677,3.2717,3.2727,3.2717,3.2727,5
2026-06-17 03:46:00,3.2682,3.2682,3.2662,3.2672,3.2732,3.2732,3.2712,3.2722,5
2026-06-17 03:48:00,3.2662,3.2672,3.2652,3.2672,3.2712,3.2722,3.2702,3.2722,4
2026-06-17 03:49:00,3.2682,3.2682,3.2672,3.2677,3.2732,3.2732,3.2722,3.2727,5
2026-06-17 03:50:00,3.2672,3.2712,3.2672,3.2712,3.2722,3.2762,3.2722,3.2762,14
2026-06-17 03:51:00,3.2717,3.2717,3.2687,3.2687,3.2767,3.2767,3.2737,3.2737,5
2026-06-17 03:52:00,3.2692,3.2702,3.2692,3.2702,3.2742,3.2752,3.2742,3.2752,2
2026-06-17 03:53:00,3.2697,3.2697,3.2692,3.2697,3.2747,3.2747,3.2742,3.2747,3
2026-06-17 03:54:00,3.2692,3.2697,3.2682,3.2687,3.2742,3.2747,3.2732,3.2737,5
2026-06-17 03:56:00,3.2682,3.2692,3.2682,3.2692,3.2732,3.2742,3.2732,3.2742,2
2026-06-17 03:57:00,3.2682,3.2682,3.2672,3.2677,3.2732,3.2732,3.2722,3.2727,3
2026-06-17 03:59:00,3.2672,3.2672,3.2672,3.2672,3.2722,3.2722,3.2722,3.2722,1
2026-06-17 04:00:00,3.2677,3.2682,3.2662,3.2662,3.2727,3.2732,3.2712,3.2712,5
2026-06-17 04:01:00,3.2667,3.2667,3.2662,3.2662,3.2717,3.2717,3.2712,3.2712,2
2026-06-17 04:02:00,3.2667,3.2667,3.2662,3.2662,3.2717,3.2717,3.2712,3.2712,2
2026-06-17 04:03:00,3.2667,3.2667,3.2662,3.2667,3.2717,3.2717,3.2712,3.2717,3
2026-06-17 04:04:00,3.2672,3.2682,3.2672,3.2677,3.2722,3.2732,3.2722,3.2727,4
2026-06-17 04:06:00,3.2672,3.2677,3.2672,3.2672,3.2722,3.2727,3.2722,3.2722,3
2026-06-17 04:07:00,3.2667,3.2667,3.2667,3.2667,3.2717,3.2717,3.2717,3.2717,1
2026-06-17 04:08:00,3.2662,3.2662,3.2662,3.2662,3.2712,3.2712,3.2712,3.2712,1
2026-06-17 04:11:00,3.2667,3.2672,3.2667,3.2672,3.2717,3.2722,3.2717,3.2722,2
2026-06-17 04:12:00,3.2662,3.2662,3.2662,3.2662,3.2712,3.2712,3.2712,3.2712,1
2026-06-17 04:13:00,3.2672,3.2672,3.2672,3.2672,3.2722,3.2722,3.2722,3.2722,1
2026-06-17 04:15:00,3.2682,3.2682,3.2672,3.2677,3.2732,3.2732,3.2722,3.2727,3
2026-06-17 04:16:00,3.2682,3.2682,3.2667,3.2667,3.2732,3.2732,3.2717,3.2717,5
2026-06-17 04:18:00,3.2662,3.2662,3.2642,3.2642,3.2712,3.2712,3.2692,3.2692,2
2026-06-17 04:19:00,3.2647,3.2647,3.2642,3.2642,3.2697,3.2697,3.2692,3.2692,2
2026-06-17 04:21:00,3.2652,3.2702,3.2642,3.2697,3.2702,3.2752,3.2692,3.2747,14
2026-06-17 04:22:00,3.2692,3.2722,3.2692,3.2707,3.2742,3.2772,3.2742,3.2757,18
2026-06-17 04:23:00,3.2702,3.2707,3.2672,3.2672,3.2752,3.2757,3.2722,3.2722,8
2026-06-17 04:24:00,3.2677,3.2687,3.2677,3.2682,3.2727,3.2737,3.2727,3.2732,5
2026-06-17 04:25:00,3.2677,3.2682,3.2677,3.2677,3.2727,3.2732,3.2727,3.2727,3
2026-06-17 04:26:00,3.2672,3.2682,3.2672,3.2677,3.2722,3.2732,3.2722,3.2727,3
2026-06-17 04:27:00,3.2672,3.2672,3.2667,3.2667,3.2722,3.2722,3.2717,3.2717,2
2026-06-17 04:28:00,3.2662,3.2662,3.2642,3.2647,3.2712,3.2712,3.2692,3.2697,5
2026-06-17 04:29:00,3.2642,3.2647,3.2642,3.2647,3.2692,3.2697,3.2692,3.2697,6
2026-06-17 04:30:00,3.2652,3.2652,3.2647,3.2647,3.2702,3.2702,3.2697,3.2697,6
2026-06-17 04:31:00,3.2642,3.2652,3.2642,3.2652,3.2692,3.2702,3.2692,3.2702,2
2026-06-17 04:32:00,3.2657,3.2657,3.2652,3.2652,3.2707,3.2707,3.2702,3.2702,2
2026-06-17 04:33:00,3.2657,3.2662,3.2652,3.2652,3.2707,3.2712,3.2702,3.2702,5
2026-06-17 04:34:00,3.2662,3.2662,3.2652,3.2652,3.2712,3.2712,3.2702,3.2702,2
2026-06-17 04:36:00,3.2657,3.2657,3.2657,3.2657,3.2707,3.2707,3.2707,3.2707,1
2026-06-17 04:37:00,3.2652,3.2657,3.2647,3.2652,3.2702,3.2707,3.2697,3.2702,4
2026-06-17 04:38:00,3.2657,3.2657,3.2647,3.2652,3.2707,3.2707,3.2697,3.2702,4
2026-06-17 04:43:00,3.2657,3.2657,3.2652,3.2652,3.2707,3.2707,3.2702,3.2702,2
2026-06-17 04:44:00,3.2657,3.2657,3.2657,3.2657,3.2707,3.2707,3.2707,3.2707,1
2026-06-17 04:45:00,3.2662,3.2662,3.2657,3.2662,3.2712,3.2712,3.2707,3.2712,3
2026-06-17 04:46:00,3.2652,3.2652,3.2652,3.2652,3.2702,3.2702,3.2702,3.2702,1
2026-06-17 04:50:00,3.2662,3.2662,3.2662,3.2662,3.2712,3.2712,3.2712,3.2712,1
2026-06-17 04:51:00,3.2652,3.2652,3.2647,3.2647,3.2702,3.2702,3.2697,3.2697,2
2026-06-17 04:53:00,3.2642,3.2642,3.2632,3.2642,3.2692,3.2692,3.2682,3.2692,3
2026-06-17 05:01:00,3.2652,3.2662,3.2622,3.2622,3.2702,3.2712,3.2672,3.2672,12
2026-06-17 05:02:00,3.2632,3.2632,3.2622,3.2622,3.2682,3.2682,3.2672,3.2672,3
2026-06-17 05:04:00,3.2628,3.2628,3.2628,3.2628,3.2677,3.2677,3.2677,3.2677,1
2026-06-17 05:05:00,3.2622,3.2622,3.2622,3.2622,3.2672,3.2672,3.2672,3.2672,1
2026-06-17 05:06:00,3.2612,3.2612,3.2597,3.2602,3.2662,3.2662,3.2647,3.2652,4
2026-06-17 05:07:00,3.2592,3.2622,3.2592,3.2612,3.2642,3.2672,3.2642,3.2662,5
2026-06-17 05:08:00,3.2607,3.2607,3.2602,3.2602,3.2657,3.2657,3.2652,3.2652,2
2026-06-17 05:09:00,3.2592,3.2628,3.2592,3.2622,3.2642,3.2677,3.2642,3.2672,9
2026-06-17 05:10:00,3.2617,3.2617,3.2602,3.2612,3.2667,3.2667,3.2652,3.2662,4
2026-06-17 05:11:00,3.2622,3.2622,3.2612,3.2622,3.2672,3.2672,3.2662,3.2672,3
2026-06-17 05:12:00,3.2632,3.2632,3.2628,3.2628,3.2682,3.2682,3.2677,3.2677,2
2026-06-17 05:13:00,3.2622,3.2622,3.2622,3.2622,3.2672,3.2672,3.2672,3.2672,1
2026-06-17 05:14:00,3.2617,3.2622,3.2617,3.2622,3.2667,3.2672,3.2667,3.2672,2
2026-06-17 05:15:00,3.2612,3.2622,3.2612,3.2612,3.2662,3.2672,3.2662,3.2662,6
2026-06-17 05:16:00,3.2617,3.2622,3.2617,3.2622,3.2667,3.2672,3.2667,3.2672,2
2026-06-17 05:17:00,3.2628,3.2637,3.2628,3.2628,3.2677,3.2687,3.2677,3.2677,5
2026-06-17 05:19:00,3.2622,3.2622,3.2622,3.2622,3.2672,3.2672,3.2672,3.2672,1
2026-06-17 05:20:00,3.2628,3.2628,3.2628,3.2628,3.2677,3.2677,3.2677,3.2677,1
2026-06-17 05:22:00,3.2642,3.2642,3.2642,3.2642,3.2692,3.2692,3.2692,3.2692,1
2026-06-17 05:23:00,3.2632,3.2642,3.2628,3.2642,3.2682,3.2692,3.2677,3.2692,4
2026-06-17 05:25:00,3.2647,3.2662,3.2637,3.2642,3.2697,3.2712,3.2687,3.2692,8
2026-06-17 05:26:00,3.2647,3.2647,3.2637,3.2637,3.2697,3.2697,3.2687,3.2687,5
2026-06-17 05:30:00,3.2642,3.2642,3.2637,3.2637,3.2692,3.2692,3.2687,3.2687,2
2026-06-17 05:31:00,3.2632,3.2652,3.2632,3.2652,3.2682,3.2702,3.2682,3.2702,9
2026-06-17 05:32:00,3.2647,3.2647,3.2642,3.2642,3.2697,3.2697,3.2692,3.2692,2
2026-06-17 05:33:00,3.2637,3.2637,3.2622,3.2622,3.2687,3.2687,3.2672,3.2672,3
2026-06-17 05:34:00,3.2612,3.2612,3.2612,3.2612,3.2662,3.2662,3.2662,3.2662,1
2026-06-17 05:35:00,3.2602,3.2612,3.2602,3.2612,3.2652,3.2662,3.2652,3.2662,2
2026-06-17 05:36:00,3.2607,3.2612,3.2607,3.2607,3.2657,3.2662,3.2657,3.2657,3
2026-06-17 05:38:00,3.2612,3.2612,3.2612,3.2612,3.2662,3.2662,3.2662,3.2662,1
2026-06-17 05:39:00,3.2607,3.2607,3.2592,3.2592,3.2657,3.2657,3.2642,3.2642,3
2026-06-17 05:40:00,3.2597,3.2597,3.2587,3.2592,3.2647,3.2647,3.2637,3.2642,6
2026-06-17 05:41:00,3.2597,3.2612,3.2592,3.2612,3.2647,3.2662,3.2642,3.2662,5
2026-06-17 05:42:00,3.2622,3.2622,3.2612,3.2617,3.2672,3.2672,3.2662,3.2667,4
2026-06-17 05:43:00,3.2612,3.2612,3.2612,3.2612,3.2662,3.2662,3.2662,3.2662,1
2026-06-17 05:45:00,3.2622,3.2622,3.2622,3.2622,3.2672,3.2672,3.2672,3.2672,1
2026-06-17 05:46:00,3.2632,3.2632,3.2628,3.2632,3.2682,3.2682,3.2677,3.2682,3
2026-06-17 05:47:00,3.2622,3.2622,3.2622,3.2622,3.2672,3.2672,3.2672,3.2672,1
2026-06-17 05:48:00,3.2612,3.2622,3.2602,3.2607,3.2662,3.2672,3.2652,3.2657,10
2026-06-17 05:49:00,3.2612,3.2612,3.2602,3.2602,3.2662,3.2662,3.2652,3.2652,4
2026-06-17 05:50:00,3.2612,3.2617,3.2602,3.2602,3.2662,3.2667,3.2652,3.2652,5
2026-06-17 05:51:00,3.2592,3.2592,3.2582,3.2582,3.2642,3.2642,3.2632,3.2632,3
2026-06-17 05:53:00,3.2572,3.2582,3.2572,3.2572,3.2622,3.2632,3.2622,3.2622,3
2026-06-17 05:54:00,3.2562,3.2562,3.2552,3.2562,3.2612,3.2612,3.2602,3.2612,5
2026-06-17 05:55:00,3.2552,3.2562,3.2548,3.2552,3.2602,3.2612,3.2597,3.2602,9
2026-06-17 05:56:00,3.2542,3.2557,3.2532,3.2557,3.2592,3.2607,3.2582,3.2607,9
2026-06-17 05:57:00,3.2548,3.2562,3.2532,3.2562,3.2597,3.2612,3.2582,3.2612,14
2026-06-17 05:59:00,3.2572,3.2572,3.2572,3.2572,3.2622,3.2622,3.2622,3.2622,1
2026-06-17 06:00:00,3.2582,3.2582,3.2572,3.2572,3.2632,3.2632,3.2622,3.2622,2
2026-06-17 06:01:00,3.2582,3.2582,3.2572,3.2572,3.2632,3.2632,3.2622,3.2622,3
2026-06-17 06:02:00,3.2582,3.2582,3.2567,3.2572,3.2632,3.2632,3.2617,3.2622,4
2026-06-17 06:03:00,3.2577,3.2577,3.2572,3.2572,3.2627,3.2627,3.2622,3.2622,2
2026-06-17 06:05:00,3.2577,3.2577,3.2572,3.2572,3.2627,3.2627,3.2622,3.2622,2
2026-06-17 06:08:00,3.2577,3.2582,3.2577,3.2577,3.2627,3.2632,3.2627,3.2627,3
2026-06-17 06:11:00,3.2592,3.2602,3.2582,3.2582,3.2642,3.2652,3.2632,3.2632,5
2026-06-17 06:12:00,3.2592,3.2592,3.2592,3.2592,3.2642,3.2642,3.2642,3.2642,1
2026-06-17 06:13:00,3.2602,3.2602,3.2597,3.2597,3.2652,3.2652,3.2647,3.2647,2
2026-06-17 06:14:00,3.2602,3.2602,3.2602,3.2602,3.2652,3.2652,3.2652,3.2652,1
2026-06-17 06:15:00,3.2617,3.2617,3.2602,3.2602,3.2667,3.2667,3.2652,3.2652,5
2026-06-17 06:17:00,3.2607,3.2612,3.2602,3.2612,3.2657,3.2662,3.2652,3.2662,5
2026-06-17 06:18:00,3.2622,3.2622,3.2602,3.2612,3.2672,3.2672,3.2652,3.2662,9
2026-06-17 06:20:00,3.2622,3.2622,3.2612,3.2612,3.2672,3.2672,3.2662,3.2662,3
2026-06-17 06:22:00,3.2617,3.2617,3.2617,3.2617,3.2667,3.2667,3.2667,3.2667,1
2026-06-17 06:23:00,3.2612,3.2612,3.2612,3.2612,3.2662,3.2662,3.2662,3.2662,1
2026-06-17 06:24:00,3.2602,3.2602,3.2602,3.2602,3.2652,3.2652,3.2652,3.2652,1
2026-06-17 06:25:00,3.2592,3.2602,3.2592,3.2602,3.2642,3.2652,3.2642,3.2652,7
2026-06-17 06:33:00,3.2612,3.2612,3.2602,3.2602,3.2662,3.2662,3.2652,3.2652,3
2026-06-17 06:35:00,3.2592,3.2592,3.2582,3.2582,3.2642,3.2642,3.2632,3.2632,2
2026-06-17 06:36:00,3.2587,3.2587,3.2582,3.2582,3.2637,3.2637,3.2632,3.2632,4
2026-06-17 06:37:00,3.2587,3.2592,3.2587,3.2592,3.2637,3.2642,3.2637,3.2642,2
2026-06-17 06:38:00,3.2587,3.2592,3.2582,3.2582,3.2637,3.2642,3.2632,3.2632,3
2026-06-17 06:39:00,3.2587,3.2592,3.2587,3.2592,3.2637,3.2642,3.2637,3.2642,2
2026-06-17 06:40:00,3.2587,3.2592,3.2587,3.2592,3.2637,3.2642,3.2637,3.2642,8
2026-06-17 06:41:00,3.2587,3.2592,3.2572,3.2572,3.2637,3.2642,3.2622,3.2622,8
2026-06-17 06:43:00,3.2582,3.2582,3.2577,3.2582,3.2632,3.2632,3.2627,3.2632,3
2026-06-17 06:44:00,3.2592,3.2592,3.2582,3.2582,3.2642,3.2642,3.2632,3.2632,4
2026-06-17 06:49:00,3.2577,3.2587,3.2577,3.2587,3.2627,3.2637,3.2627,3.2637,3
2026-06-17 06:52:00,3.2592,3.2592,3.2592,3.2592,3.2642,3.2642,3.2642,3.2642,1
2026-06-17 06:53:00,3.2587,3.2587,3.2587,3.2587,3.2637,3.2637,3.2637,3.2637,1
2026-06-17 06:54:00,3.2592,3.2592,3.2592,3.2592,3.2642,3.2642,3.2642,3.2642,1
2026-06-17 06:55:00,3.2587,3.2592,3.2587,3.2592,3.2637,3.2642,3.2637,3.2642,2
2026-06-17 06:57:00,3.2602,3.2602,3.2602,3.2602,3.2652,3.2652,3.2652,3.2652,1
2026-06-17 06:58:00,3.2597,3.2602,3.2597,3.2602,3.2647,3.2652,3.2647,3.2652,4
2026-06-17 07:03:00,3.2592,3.2592,3.2592,3.2592,3.2642,3.2642,3.2642,3.2642,1
2026-06-17 07:06:00,3.2602,3.2602,3.2592,3.2592,3.2652,3.2652,3.2642,3.2642,2
2026-06-17 07:07:00,3.2582,3.2582,3.2582,3.2582,3.2632,3.2632,3.2632,3.2632,1
2026-06-17 07:10:00,3.2592,3.2592,3.2592,3.2592,3.2642,3.2642,3.2642,3.2642,1
2026-06-17 07:12:00,3.2587,3.2592,3.2548,3.2548,3.2637,3.2642,3.2597,3.2597,10
2026-06-17 07:13:00,3.2552,3.2552,3.2537,3.2537,3.2602,3.2602,3.2587,3.2587,11
2026-06-17 07:14:00,3.2542,3.2552,3.2542,3.2552,3.2592,3.2602,3.2592,3.2602,2
2026-06-17 07:15:00,3.2548,3.2552,3.2537,3.2542,3.2597,3.2602,3.2587,3.2592,5
2026-06-17 07:16:00,3.2537,3.2542,3.2537,3.2542,3.2587,3.2592,3.2587,3.2592,4
2026-06-17 07:17:00,3.2532,3.2542,3.2532,3.2542,3.2582,3.2592,3.2582,3.2592,3
2026-06-17 07:19:00,3.2537,3.2537,3.2522,3.2522,3.2587,3.2587,3.2572,3.2572,2
2026-06-17 07:20:00,3.2512,3.2522,3.2512,3.2522,3.2562,3.2572,3.2562,3.2572,2
2026-06-17 07:21:00,3.2512,3.2512,3.2502,3.2502,3.2562,3.2562,3.2552,3.2552,4
2026-06-17 07:23:00,3.2512,3.2522,3.2512,3.2512,3.2562,3.2572,3.2562,3.2562,4
2026-06-17 07:24:00,3.2502,3.2502,3.2502,3.2502,3.2552,3.2552,3.2552,3.2552,1
2026-06-17 07:25:00,3.2497,3.2502,3.2497,3.2497,3.2547,3.2552,3.2547,3.2547,3
2026-06-17 07:26:00,3.2492,3.2492,3.2482,3.2482,3.2542,3.2542,3.2532,3.2532,2
2026-06-17 07:27:00,3.2487,3.2487,3.2482,3.2482,3.2537,3.2537,3.2532,3.2532,4
2026-06-17 07:29:00,3.2492,3.2492,3.2482,3.2482,3.2542,3.2542,3.2532,3.2532,2
2026-06-17 07:31:00,3.2477,3.2492,3.2477,3.2482,3.2527,3.2542,3.2527,3.2532,6
2026-06-17 07:32:00,3.2487,3.2492,3.2482,3.2482,3.2537,3.2542,3.2532,3.2532,3
2026-06-17 07:33:00,3.2492,3.2492,3.2492,3.2492,3.2542,3.2542,3.2542,3.2542,1
2026-06-17 07:34:00,3.2487,3.2487,3.2482,3.2482,3.2537,3.2537,3.2532,3.2532,2
2026-06-17 07:36:00,3.2492,3.2532,3.2492,3.2522,3.2542,3.2582,3.2542,3.2572,15
2026-06-17 07:37:00,3.2512,3.2512,3.2502,3.2512,3.2562,3.2562,3.2552,3.2562,5
2026-06-17 07:38:00,3.2522,3.2522,3.2517,3.2517,3.2572,3.2572,3.2567,3.2567,2
2026-06-17 07:39:00,3.2522,3.2522,3.2522,3.2522,3.2572,3.2572,3.2572,3.2572,1
2026-06-17 07:40:00,3.2532,3.2582,3.2532,3.2577,3.2582,3.2632,3.2582,3.2627,14
2026-06-17 07:41:00,3.2572,3.2577,3.2572,3.2572,3.2622,3.2627,3.2622,3.2622,3
2026-06-17 07:43:00,3.2582,3.2582,3.2582,3.2582,3.2632,3.2632,3.2632,3.2632,1
2026-06-17 07:44:00,3.2572,3.2572,3.2552,3.2552,3.2622,3.2622,3.2602,3.2602,17
2026-06-17 07:45:00,3.2557,3.2557,3.2552,3.2552,3.2607,3.2607,3.2602,3.2602,6
2026-06-17 07:46:00,3.2562,3.2562,3.2552,3.2552,3.2612,3.2612,3.2602,3.2602,2
2026-06-17 07:47:00,3.2557,3.2557,3.2557,3.2557,3.2607,3.2607,3.2607,3.2607,1
2026-06-17 07:48:00,3.2552,3.2562,3.2552,3.2552,3.2602,3.2612,3.2602,3.2602,5
2026-06-17 07:49:00,3.2562,3.2562,3.2552,3.2562,3.2612,3.2612,3.2602,3.2612,5
2026-06-17 07:50:00,3.2552,3.2552,3.2552,3.2552,3.2602,3.2602,3.2602,3.2602,1
2026-06-17 07:51:00,3.2562,3.2562,3.2552,3.2557,3.2612,3.2612,3.2602,3.2607,3
2026-06-17 07:52:00,3.2552,3.2562,3.2552,3.2562,3.2602,3.2612,3.2602,3.2612,3
2026-06-17 07:53:00,3.2572,3.2582,3.2562,3.2582,3.2622,3.2632,3.2612,3.2632,5
2026-06-17 07:54:00,3.2592,3.2632,3.2582,3.2632,3.2642,3.2682,3.2632,3.2682,17
2026-06-17 07:55:00,3.2642,3.2672,3.2617,3.2617,3.2692,3.2722,3.2667,3.2667,26
2026-06-17 07:56:00,3.2612,3.2628,3.2612,3.2628,3.2662,3.2677,3.2662,3.2677,5
2026-06-17 07:57:00,3.2632,3.2647,3.2628,3.2647,3.2682,3.2697,3.2677,3.2697,5
2026-06-17 07:58:00,3.2662,3.2667,3.2652,3.2657,3.2712,3.2717,3.2702,3.2707,10
2026-06-17 07:59:00,3.2662,3.2672,3.2628,3.2628,3.2712,3.2722,3.2677,3.2677,9
2026-06-17 08:00:00,3.2622,3.2647,3.2602,3.2642,3.2672,3.2697,3.2652,3.2692,14
2026-06-17 08:01:00,3.2652,3.2692,3.2652,3.2692,3.2702,3.2742,3.2702,3.2742,5
2026-06-17 08:02:00,3.2702,3.2702,3.2607,3.2647,3.2752,3.2752,3.2657,3.2697,20
2026-06-17 08:03:00,3.2642,3.2642,3.2632,3.2632,3.2692,3.2692,3.2682,3.2682,2
2026-06-17 08:04:00,3.2622,3.2667,3.2622,3.2657,3.2672,3.2717,3.2672,3.2707,8
2026-06-17 08:05:00,3.2642,3.2682,3.2642,3.2682,3.2692,3.2732,3.2692,3.2732,13
2026-06-17 08:06:00,3.2697,3.2702,3.2682,3.2682,3.2747,3.2752,3.2732,3.2732,8
2026-06-17 08:07:00,3.2672,3.2682,3.2647,3.2647,3.2722,3.2732,3.2697,3.2697,13
2026-06-17 08:08:00,3.2652,3.2657,3.2652,3.2657,3.2702,3.2707,3.2702,3.2707,2
2026-06-17 08:09:00,3.2642,3.2642,3.2632,3.2637,3.2692,3.2692,3.2682,3.2687,4
2026-06-17 08:10:00,3.2642,3.2647,3.2642,3.2647,3.2692,3.2697,3.2692,3.2697,2
2026-06-17 08:11:00,3.2652,3.2662,3.2652,3.2662,3.2702,3.2712,3.2702,3.2712,2
2026-06-17 08:12:00,3.2672,3.2722,3.2662,3.2707,3.2722,3.2772,3.2712,3.2757,14
2026-06-17 08:13:00,3.2702,3.2722,3.2697,3.2712,3.2752,3.2772,3.2747,3.2762,14
2026-06-17 08:14:00,3.2717,3.2717,3.2712,3.2717,3.2767,3.2767,3.2762,3.2767,3
2026-06-17 08:15:00,3.2722,3.2722,3.2722,3.2722,3.2772,3.2772,3.2772,3.2772,1
2026-06-17 08:16:00,3.2717,3.2717,3.2702,3.2702,3.2767,3.2767,3.2752,3.2752,5
2026-06-17 08:17:00,3.2707,3.2712,3.2707,3.2707,3.2757,3.2762,3.2757,3.2757,3
2026-06-17 08:18:00,3.2702,3.2702,3.2682,3.2682,3.2752,3.2752,3.2732,3.2732,10
2026-06-17 08:19:00,3.2692,3.2702,3.2692,3.2702,3.2742,3.2752,3.2742,3.2752,2
2026-06-17 08:20:00,3.2697,3.2712,3.2697,3.2702,3.2747,3.2762,3.2747,3.2752,12
2026-06-17 08:21:00,3.2697,3.2702,3.2697,3.2697,3.2747,3.2752,3.2747,3.2747,3
2026-06-17 08:22:00,3.2692,3.2692,3.2687,3.2692,3.2742,3.2742,3.2737,3.2742,3
2026-06-17 08:23:00,3.2702,3.2707,3.2682,3.2682,3.2752,3.2757,3.2732,3.2732,6
2026-06-17 08:24:00,3.2672,3.2672,3.2657,3.2667,3.2722,3.2722,3.2707,3.2717,6
2026-06-17 08:25:00,3.2672,3.2672,3.2667,3.2667,3.2722,3.2722,3.2717,3.2717,2
2026-06-17 08:26:00,3.2662,3.2662,3.2652,3.2652,3.2712,3.2712,3.2702,3.2702,4
2026-06-17 08:27:00,3.2647,3.2692,3.2642,3.2687,3.2697,3.2742,3.2692,3.2737,13
2026-06-17 08:28:00,3.2692,3.2692,3.2687,3.2687,3.2742,3.2742,3.2737,3.2737,2
2026-06-17 08:29:00,3.2682,3.2682,3.2647,3.2647,3.2732,3.2732,3.2697,3.2697,10
2026-06-17 08:30:00,3.2662,3.2682,3.2662,3.2672,3.2712,3.2732,3.2712,3.2722,7
2026-06-17 08:32:00,3.2677,3.2677,3.2677,3.2677,3.2727,3.2727,3.2727,3.2727,1
2026-06-17 08:33:00,3.2682,3.2682,3.2622,3.2622,3.2732,3.2732,3.2672,3.2672,11
2026-06-17 08:34:00,3.2617,3.2617,3.2577,3.2582,3.2667,3.2667,3.2627,3.2632,11
2026-06-17 08:35:00,3.2592,3.2632,3.2592,3.2632,3.2642,3.2682,3.2642,3.2682,8
2026-06-17 08:37:00,3.2628,3.2632,3.2617,3.2622,3.2677,3.2682,3.2667,3.2672,6
2026-06-17 08:39:00,3.2617,3.2622,3.2607,3.2617,3.2667,3.2672,3.2657,3.2667,9
2026-06-17 08:40:00,3.2607,3.2617,3.2607,3.2617,3.2657,3.2667,3.2657,3.2667,5
2026-06-17 08:41:00,3.2622,3.2622,3.2622,3.2622,3.2672,3.2672,3.2672,3.2672,1
2026-06-17 08:42:00,3.2617,3.2617,3.2612,3.2612,3.2667,3.2667,3.2662,3.2662,2
2026-06-17 08:43:00,3.2607,3.2612,3.2607,3.2612,3.2657,3.2662,3.2657,3.2662,2
2026-06-17 08:44:00,3.2617,3.2617,3.2587,3.2592,3.2667,3.2667,3.2637,3.2642,8
2026-06-17 08:45:00,3.2587,3.2587,3.2562,3.2567,3.2637,3.2637,3.2612,3.2617,13
2026-06-17 08:46:00,3.2562,3.2562,3.2557,3.2557,3.2612,3.2612,3.2607,3.2607,2
2026-06-17 08:47:00,3.2552,3.2557,3.2482,3.2492,3.2602,3.2607,3.2532,3.2542,31
2026-06-17 08:48:00,3.2502,3.2512,3.2502,3.2502,3.2552,3.2562,3.2552,3.2552,8
2026-06-17 08:49:00,3.2492,3.2512,3.2477,3.2477,3.2542,3.2562,3.2527,3.2527,12
2026-06-17 08:50:00,3.2472,3.2482,3.2437,3.2468,3.2522,3.2532,3.2487,3.2517,28
2026-06-17 08:51:00,3.2477,3.2482,3.2432,3.2462,3.2527,3.2532,3.2482,3.2512,16
2026-06-17 08:52:00,3.2472,3.2482,3.2472,3.2482,3.2522,3.2532,3.2522,3.2532,6
2026-06-17 08:53:00,3.2472,3.2482,3.2462,3.2468,3.2522,3.2532,3.2512,3.2517,10
2026-06-17 08:54:00,3.2472,3.2482,3.2468,3.2477,3.2522,3.2532,3.2517,3.2527,12
2026-06-17 08:55:00,3.2472,3.2477,3.2457,3.2462,3.2522,3.2527,3.2507,3.2512,10
2026-06-17 08:56:00,3.2468,3.2468,3.2422,3.2447,3.2517,3.2517,3.2472,3.2497,19
2026-06-17 08:57:00,3.2442,3.2452,3.2442,3.2447,3.2492,3.2502,3.2492,3.2497,5
2026-06-17 08:58:00,3.2442,3.2442,3.2442,3.2442,3.2492,3.2492,3.2492,3.2492,1
2026-06-17 08:59:00,3.2432,3.2442,3.2422,3.2442,3.2482,3.2492,3.2472,3.2492,12
2026-06-17 09:00:00,3.2432,3.2487,3.2432,3.2452,3.2482,3.2537,3.2482,3.2502,33
2026-06-17 09:01:00,3.2462,3.2477,3.2462,3.2477,3.2512,3.2527,3.2512,3.2527,8
2026-06-17 09:02:00,3.2472,3.2477,3.2462,3.2477,3.2522,3.2527,3.2512,3.2527,11
2026-06-17 09:03:00,3.2487,3.2487,3.2482,3.2487,3.2537,3.2537,3.2532,3.2537,3
2026-06-17 09:04:00,3.2492,3.2497,3.2482,3.2497,3.2542,3.2547,3.2532,3.2547,11
2026-06-17 09:05:00,3.2492,3.2497,3.2482,3.2482,3.2542,3.2547,3.2532,3.2532,4
2026-06-17 09:06:00,3.2477,3.2512,3.2477,3.2502,3.2527,3.2562,3.2527,3.2552,13
2026-06-17 09:07:00,3.2512,3.2522,3.2512,3.2512,3.2562,3.2572,3.2562,3.2562,12
2026-06-17 09:08:00,3.2507,3.2522,3.2507,3.2522,3.2557,3.2572,3.2557,3.2572,3
2026-06-17 09:09:00,3.2527,3.2532,3.2522,3.2527,3.2577,3.2582,3.2572,3.2577,5
2026-06-17 09:10:00,3.2532,3.2532,3.2477,3.2482,3.2582,3.2582,3.2527,3.2532,14
2026-06-17 09:11:00,3.2477,3.2477,3.2468,3.2472,3.2527,3.2527,3.2517,3.2522,4
2026-06-17 09:12:00,3.2468,3.2472,3.2462,3.2472,3.2517,3.2522,3.2512,3.2522,7
2026-06-17 09:13:00,3.2462,3.2462,3.2462,3.2462,3.2512,3.2512,3.2512,3.2512,1
2026-06-17 09:14:00,3.2472,3.2472,3.2452,3.2452,3.2522,3.2522,3.2502,3.2502,7
2026-06-17 09:15:00,3.2462,3.2462,3.2442,3.2447,3.2512,3.2512,3.2492,3.2497,6
2026-06-17 09:16:00,3.2452,3.2468,3.2452,3.2457,3.2502,3.2517,3.2502,3.2507,12
2026-06-17 09:17:00,3.2452,3.2472,3.2452,3.2462,3.2502,3.2522,3.2502,3.2512,6
2026-06-17 09:18:00,3.2468,3.2477,3.2457,3.2462,3.2517,3.2527,3.2507,3.2512,16
2026-06-17 09:19:00,3.2457,3.2472,3.2432,3.2457,3.2507,3.2522,3.2482,3.2507,19
2026-06-17 09:20:00,3.2462,3.2468,3.2422,3.2422,3.2512,3.2517,3.2472,3.2472,11
2026-06-17 09:21:00,3.2432,3.2442,3.2412,3.2422,3.2482,3.2492,3.2462,3.2472,13
2026-06-17 09:22:00,3.2432,3.2457,3.2412,3.2452,3.2482,3.2507,3.2462,3.2502,14
2026-06-17 09:23:00,3.2447,3.2452,3.2442,3.2442,3.2497,3.2502,3.2492,3.2492,8
2026-06-17 09:24:00,3.2437,3.2437,3.2432,3.2432,3.2487,3.2487,3.2482,3.2482,2
2026-06-17 09:25:00,3.2437,3.2437,3.2422,3.2427,3.2487,3.2487,3.2472,3.2477,4
2026-06-17 09:26:00,3.2422,3.2442,3.2422,3.2432,3.2472,3.2492,3.2472,3.2482,6
2026-06-17 09:27:00,3.2437,3.2442,3.2437,3.2442,3.2487,3.2492,3.2487,3.2492,8
2026-06-17 09:28:00,3.2452,3.2482,3.2452,3.2482,3.2502,3.2532,3.2502,3.2532,14
2026-06-17 09:29:00,3.2487,3.2487,3.2477,3.2482,3.2537,3.2537,3.2527,3.2532,4
2026-06-17 09:30:00,3.2492,3.2492,3.2442,3.2462,3.2542,3.2542,3.2492,3.2512,13
2026-06-17 09:31:00,3.2472,3.2482,3.2472,3.2477,3.2522,3.2532,3.2522,3.2527,11
2026-06-17 09:32:00,3.2472,3.2492,3.2472,3.2482,3.2522,3.2542,3.2522,3.2532,4
2026-06-17 09:33:00,3.2477,3.2492,3.2477,3.2477,3.2527,3.2542,3.2527,3.2527,11
2026-06-17 09:34:00,3.2482,3.2482,3.2482,3.2482,3.2532,3.2532,3.2532,3.2532,1
2026-06-17 09:35:00,3.2477,3.2482,3.2472,3.2477,3.2527,3.2532,3.2522,3.2527,7
2026-06-17 09:36:00,3.2472,3.2477,3.2462,3.2468,3.2522,3.2527,3.2512,3.2517,5
2026-06-17 09:37:00,3.2462,3.2462,3.2447,3.2457,3.2512,3.2512,3.2497,3.2507,11
2026-06-17 09:38:00,3.2462,3.2462,3.2447,3.2447,3.2512,3.2512,3.2497,3.2497,7
2026-06-17 09:39:00,3.2452,3.2452,3.2422,3.2432,3.2502,3.2502,3.2472,3.2482,22
2026-06-17 09:40:00,3.2442,3.2452,3.2437,3.2447,3.2492,3.2502,3.2487,3.2497,6
2026-06-17 09:41:00,3.2452,3.2468,3.2447,3.2468,3.2502,3.2517,3.2497,3.2517,6
2026-06-17 09:42:00,3.2477,3.2492,3.2477,3.2487,3.2527,3.2542,3.2527,3.2537,10
2026-06-17 09:43:00,3.2492,3.2492,3.2492,3.2492,3.2542,3.2542,3.2542,3.2542,1
2026-06-17 09:44:00,3.2512,3.2517,3.2482,3.2487,3.2562,3.2567,3.2532,3.2537,13
2026-06-17 09:45:00,3.2492,3.2502,3.2492,3.2492,3.2542,3.2552,3.2542,3.2542,4
2026-06-17 09:46:00,3.2497,3.2502,3.2482,3.2482,3.2547,3.2552,3.2532,3.2532,10
2026-06-17 09:47:00,3.2487,3.2487,3.2487,3.2487,3.2537,3.2537,3.2537,3.2537,1
2026-06-17 09:48:00,3.2492,3.2492,3.2482,3.2487,3.2542,3.2542,3.2532,3.2537,6
2026-06-17 09:49:00,3.2482,3.2492,3.2482,3.2487,3.2532,3.2542,3.2532,3.2537,5
2026-06-17 09:50:00,3.2492,3.2492,3.2462,3.2472,3.2542,3.2542,3.2512,3.2522,6
2026-06-17 09:51:00,3.2477,3.2477,3.2462,3.2462,3.2527,3.2527,3.2512,3.2512,3
2026-06-17 09:54:00,3.2472,3.2472,3.2472,3.2472,3.2522,3.2522,3.2522,3.2522,1
2026-06-17 09:55:00,3.2468,3.2472,3.2468,3.2472,3.2517,3.2522,3.2517,3.2522,4
2026-06-17 09:56:00,3.2477,3.2477,3.2462,3.2462,3.2527,3.2527,3.2512,3.2512,4
2026-06-17 09:58:00,3.2472,3.2482,3.2468,3.2477,3.2522,3.2532,3.2517,3.2527,6
2026-06-17 09:59:00,3.2472,3.2472,3.2472,3.2472,3.2522,3.2522,3.2522,3.2522,1
2026-06-17 10:00:00,3.2477,3.2482,3.2442,3.2482,3.2527,3.2532,3.2492,3.2532,21
2026-06-17 10:01:00,3.2477,3.2477,3.2472,3.2477,3.2527,3.2527,3.2522,3.2527,3
2026-06-17 10:02:00,3.2472,3.2477,3.2472,3.2472,3.2522,3.2527,3.2522,3.2522,5
2026-06-17 10:04:00,3.2477,3.2492,3.2477,3.2492,3.2527,3.2542,3.2527,3.2542,5
2026-06-17 10:05:00,3.2497,3.2502,3.2482,3.2482,3.2547,3.2552,3.2532,3.2532,9
2026-06-17 10:06:00,3.2492,3.2492,3.2472,3.2482,3.2542,3.2542,3.2522,3.2532,4
2026-06-17 10:07:00,3.2487,3.2502,3.2487,3.2502,3.2537,3.2552,3.2537,3.2552,3
2026-06-17 10:08:00,3.2492,3.2502,3.2492,3.2497,3.2542,3.2552,3.2542,3.2547,9
2026-06-17 10:09:00,3.2492,3.2492,3.2472,3.2482,3.2542,3.2542,3.2522,3.2532,6
2026-06-17 10:10:00,3.2492,3.2492,3.2482,3.2492,3.2542,3.2542,3.2532,3.2542,5
2026-06-17 10:11:00,3.2487,3.2497,3.2487,3.2497,3.2537,3.2547,3.2537,3.2547,7
2026-06-17 10:12:00,3.2502,3.2562,3.2497,3.2557,3.2552,3.2612,3.2547,3.2607,24
2026-06-17 10:13:00,3.2562,3.2587,3.2562,3.2587,3.2612,3.2637,3.2612,3.2637,9
2026-06-17 10:14:00,3.2602,3.2602,3.2582,3.2582,3.2652,3.2652,3.2632,3.2632,13
2026-06-17 10:15:00,3.2592,3.2592,3.2562,3.2572,3.2642,3.2642,3.2612,3.2622,8
2026-06-17 10:16:00,3.2567,3.2572,3.2562,3.2562,3.2617,3.2622,3.2612,3.2612,11
2026-06-17 10:17:00,3.2557,3.2562,3.2542,3.2552,3.2607,3.2612,3.2592,3.2602,15
2026-06-17 10:18:00,3.2557,3.2572,3.2557,3.2572,3.2607,3.2622,3.2607,3.2622,4
2026-06-17 10:19:00,3.2577,3.2577,3.2562,3.2567,3.2627,3.2627,3.2612,3.2617,4
2026-06-17 10:20:00,3.2562,3.2562,3.2542,3.2552,3.2612,3.2612,3.2592,3.2602,6
2026-06-17 10:21:00,3.2562,3.2562,3.2552,3.2562,3.2612,3.2612,3.2602,3.2612,4
2026-06-17 10:22:00,3.2572,3.2572,3.2557,3.2557,3.2622,3.2622,3.2607,3.2607,7
2026-06-17 10:23:00,3.2562,3.2572,3.2562,3.2562,3.2612,3.2622,3.2612,3.2612,4
2026-06-17 10:24:00,3.2552,3.2562,3.2552,3.2552,3.2602,3.2612,3.2602,3.2602,4
2026-06-17 10:25:00,3.2557,3.2622,3.2557,3.2622,3.2607,3.2672,3.2607,3.2672,18
2026-06-17 10:26:00,3.2612,3.2612,3.2587,3.2592,3.2662,3.2662,3.2637,3.2642,11
2026-06-17 10:28:00,3.2602,3.2602,3.2582,3.2597,3.2652,3.2652,3.2632,3.2647,13
2026-06-17 10:29:00,3.2602,3.2622,3.2602,3.2617,3.2652,3.2672,3.2652,3.2667,4
2026-06-17 10:30:00,3.2612,3.2622,3.2602,3.2617,3.2662,3.2672,3.2652,3.2667,8
2026-06-17 10:31:00,3.2622,3.2642,3.2622,3.2628,3.2672,3.2692,3.2672,3.2677,5
2026-06-17 10:32:00,3.2632,3.2632,3.2612,3.2612,3.2682,3.2682,3.2662,3.2662,5
2026-06-17 10:34:00,3.2607,3.2612,3.2602,3.2607,3.2657,3.2662,3.2652,3.2657,7
2026-06-17 10:35:00,3.2602,3.2607,3.2597,3.2597,3.2652,3.2657,3.2647,3.2647,7
2026-06-17 10:36:00,3.2602,3.2602,3.2592,3.2592,3.2652,3.2652,3.2642,3.2642,4
2026-06-17 10:37:00,3.2582,3.2592,3.2572,3.2572,3.2632,3.2642,3.2622,3.2622,9
2026-06-17 10:38:00,3.2567,3.2567,3.2562,3.2562,3.2617,3.2617,3.2612,3.2612,4
2026-06-17 10:39:00,3.2557,3.2572,3.2552,3.2572,3.2607,3.2622,3.2602,3.2622,6
2026-06-17 10:40:00,3.2562,3.2562,3.2562,3.2562,3.2612,3.2612,3.2612,3.2612,1
2026-06-17 10:41:00,3.2552,3.2572,3.2552,3.2572,3.2602,3.2622,3.2602,3.2622,8
2026-06-17 10:43:00,3.2582,3.2582,3.2552,3.2552,3.2632,3.2632,3.2602,3.2602,7
2026-06-17 10:44:00,3.2557,3.2557,3.2552,3.2557,3.2607,3.2607,3.2602,3.2607,3
2026-06-17 10:45:00,3.2562,3.2562,3.2552,3.2552,3.2612,3.2612,3.2602,3.2602,3
2026-06-17 10:46:00,3.2542,3.2542,3.2532,3.2532,3.2592,3.2592,3.2582,3.2582,4
2026-06-17 10:47:00,3.2522,3.2522,3.2522,3.2522,3.2572,3.2572,3.2572,3.2572,1
2026-06-17 10:48:00,3.2512,3.2522,3.2512,3.2522,3.2562,3.2572,3.2562,3.2572,5
2026-06-17 10:49:00,3.2517,3.2532,3.2502,3.2502,3.2567,3.2582,3.2552,3.2552,8
2026-06-17 10:50:00,3.2512,3.2532,3.2507,3.2517,3.2562,3.2582,3.2557,3.2567,11
2026-06-17 10:51:00,3.2522,3.2522,3.2487,3.2497,3.2572,3.2572,3.2537,3.2547,11
2026-06-17 10:52:00,3.2502,3.2522,3.2492,3.2522,3.2552,3.2572,3.2542,3.2572,8
2026-06-17 10:53:00,3.2532,3.2548,3.2522,3.2537,3.2582,3.2597,3.2572,3.2587,28
2026-06-17 10:54:00,3.2542,3.2552,3.2532,3.2542,3.2592,3.2602,3.2582,3.2592,10
2026-06-17 10:55:00,3.2552,3.2567,3.2537,3.2548,3.2602,3.2617,3.2587,3.2597,13
2026-06-17 10:56:00,3.2542,3.2552,3.2542,3.2542,3.2592,3.2602,3.2592,3.2592,10
2026-06-17 10:57:00,3.2532,3.2532,3.2522,3.2532,3.2582,3.2582,3.2572,3.2582,5
2026-06-17 10:58:00,3.2527,3.2527,3.2512,3.2512,3.2577,3.2577,3.2562,3.2562,5
2026-06-17 11:00:00,3.2517,3.2532,3.2517,3.2532,3.2567,3.2582,3.2567,3.2582,11
2026-06-17 11:01:00,3.2537,3.2542,3.2532,3.2532,3.2587,3.2592,3.2582,3.2582,10
2026-06-17 11:02:00,3.2537,3.2542,3.2532,3.2542,3.2587,3.2592,3.2582,3.2592,5
2026-06-17 11:03:00,3.2552,3.2562,3.2542,3.2548,3.2602,3.2612,3.2592,3.2597,8
2026-06-17 11:04:00,3.2542,3.2552,3.2542,3.2552,3.2592,3.2602,3.2592,3.2602,5
2026-06-17 11:05:00,3.2548,3.2548,3.2522,3.2522,3.2597,3.2597,3.2572,3.2572,7
2026-06-17 11:06:00,3.2527,3.2527,3.2512,3.2512,3.2577,3.2577,3.2562,3.2562,6
2026-06-17 11:07:00,3.2522,3.2532,3.2522,3.2532,3.2572,3.2582,3.2572,3.2582,2
2026-06-17 11:08:00,3.2527,3.2527,3.2512,3.2512,3.2577,3.2577,3.2562,3.2562,8
2026-06-17 11:10:00,3.2522,3.2532,3.2517,3.2527,3.2572,3.2582,3.2567,3.2577,6
2026-06-17 11:11:00,3.2532,3.2532,3.2532,3.2532,3.2582,3.2582,3.2582,3.2582,1
2026-06-17 11:13:00,3.2527,3.2532,3.2527,3.2532,3.2577,3.2582,3.2577,3.2582,2
2026-06-17 11:14:00,3.2527,3.2527,3.2527,3.2527,3.2577,3.2577,3.2577,3.2577,1
2026-06-17 11:15:00,3.2522,3.2522,3.2507,3.2512,3.2572,3.2572,3.2557,3.2562,15
2026-06-17 11:16:00,3.2507,3.2522,3.2492,3.2517,3.2557,3.2572,3.2542,3.2567,11
2026-06-17 11:17:00,3.2512,3.2522,3.2512,3.2517,3.2562,3.2572,3.2562,3.2567,3
2026-06-17 11:18:00,3.2522,3.2522,3.2512,3.2517,3.2572,3.2572,3.2562,3.2567,5
2026-06-17 11:19:00,3.2512,3.2512,3.2502,3.2512,3.2562,3.2562,3.2552,3.2562,5
2026-06-17 11:20:00,3.2502,3.2522,3.2502,3.2512,3.2552,3.2572,3.2552,3.2562,6
2026-06-17 11:21:00,3.2502,3.2512,3.2502,3.2502,3.2552,3.2562,3.2552,3.2552,3
2026-06-17 11:24:00,3.2512,3.2517,3.2502,3.2512,3.2562,3.2567,3.2552,3.2562,5
2026-06-17 11:25:00,3.2517,3.2532,3.2512,3.2517,3.2567,3.2582,3.2562,3.2567,7
2026-06-17 11:26:00,3.2522,3.2522,3.2512,3.2512,3.2572,3.2572,3.2562,3.2562,3
2026-06-17 11:27:00,3.2517,3.2557,3.2517,3.2557,3.2567,3.2607,3.2567,3.2607,9
2026-06-17 11:28:00,3.2562,3.2562,3.2557,3.2557,3.2612,3.2612,3.2607,3.2607,4
2026-06-17 11:29:00,3.2552,3.2562,3.2552,3.2562,3.2602,3.2612,3.2602,3.2612,2
2026-06-17 11:30:00,3.2552,3.2572,3.2552,3.2562,3.2602,3.2622,3.2602,3.2612,8
2026-06-17 11:31:00,3.2552,3.2552,3.2532,3.2532,3.2602,3.2602,3.2582,3.2582,5
2026-06-17 11:32:00,3.2522,3.2542,3.2522,3.2542,3.2572,3.2592,3.2572,3.2592,4
2026-06-17 11:33:00,3.2552,3.2572,3.2552,3.2572,3.2602,3.2622,3.2602,3.2622,5
2026-06-17 11:34:00,3.2582,3.2582,3.2582,3.2582,3.2632,3.2632,3.2632,3.2632,1
2026-06-17 11:35:00,3.2587,3.2587,3.2587,3.2587,3.2637,3.2637,3.2637,3.2637,1
2026-06-17 11:36:00,3.2592,3.2592,3.2587,3.2587,3.2642,3.2642,3.2637,3.2637,2
2026-06-17 11:37:00,3.2592,3.2592,3.2582,3.2587,3.2642,3.2642,3.2632,3.2637,5
2026-06-17 11:38:00,3.2592,3.2602,3.2592,3.2597,3.2642,3.2652,3.2642,3.2647,5
2026-06-17 11:39:00,3.2592,3.2597,3.2592,3.2592,3.2642,3.2647,3.2642,3.2642,3
2026-06-17 11:41:00,3.2602,3.2612,3.2592,3.2597,3.2652,3.2662,3.2642,3.2647,9
2026-06-17 11:42:00,3.2607,3.2662,3.2607,3.2657,3.2657,3.2712,3.2657,3.2707,16
2026-06-17 11:43:00,3.2652,3.2652,3.2652,3.2652,3.2702,3.2702,3.2702,3.2702,1
2026-06-17 11:44:00,3.2657,3.2657,3.2652,3.2652,3.2707,3.2707,3.2702,3.2702,8
2026-06-17 11:45:00,3.2662,3.2662,3.2642,3.2642,3.2712,3.2712,3.2692,3.2692,10
2026-06-17 11:46:00,3.2652,3.2652,3.2642,3.2652,3.2702,3.2702,3.2692,3.2702,10
2026-06-17 11:47:00,3.2662,3.2662,3.2652,3.2657,3.2712,3.2712,3.2702,3.2707,4
2026-06-17 11:48:00,3.2652,3.2652,3.2652,3.2652,3.2702,3.2702,3.2702,3.2702,1
2026-06-17 11:50:00,3.2662,3.2662,3.2642,3.2662,3.2712,3.2712,3.2692,3.2712,8
2026-06-17 11:51:00,3.2672,3.2672,3.2662,3.2672,3.2722,3.2722,3.2712,3.2722,4
2026-06-17 11:52:00,3.2667,3.2667,3.2657,3.2662,3.2717,3.2717,3.2707,3.2712,4
2026-06-17 11:53:00,3.2652,3.2667,3.2647,3.2667,3.2702,3.2717,3.2697,3.2717,6
2026-06-17 11:54:00,3.2652,3.2667,3.2652,3.2662,3.2702,3.2717,3.2702,3.2712,5
2026-06-17 11:55:00,3.2667,3.2682,3.2667,3.2672,3.2717,3.2732,3.2717,3.2722,9
2026-06-17 11:56:00,3.2667,3.2672,3.2662,3.2672,3.2717,3.2722,3.2712,3.2722,7
2026-06-17 11:57:00,3.2662,3.2742,3.2662,3.2722,3.2712,3.2792,3.2712,3.2772,18
2026-06-17 11:58:00,3.2732,3.2737,3.2712,3.2712,3.2782,3.2787,3.2762,3.2762,10
2026-06-17 11:59:00,3.2722,3.2732,3.2712,3.2712,3.2772,3.2782,3.2762,3.2762,10
2026-06-17 12:00:00,3.2717,3.2792,3.2717,3.2787,3.2767,3.2842,3.2767,3.2837,16
2026-06-17 12:01:00,3.2797,3.2822,3.2757,3.2762,3.2847,3.2872,3.2807,3.2812,21
2026-06-17 12:02:00,3.2752,3.2752,3.2722,3.2732,3.2802,3.2802,3.2772,3.2782,7
2026-06-17 12:03:00,3.2742,3.2742,3.2717,3.2717,3.2792,3.2792,3.2767,3.2767,10
2026-06-17 12:04:00,3.2722,3.2722,3.2702,3.2707,3.2772,3.2772,3.2752,3.2757,21
2026-06-17 12:05:00,3.2702,3.2702,3.2662,3.2672,3.2752,3.2752,3.2712,3.2722,14
2026-06-17 12:06:00,3.2682,3.2702,3.2672,3.2702,3.2732,3.2752,3.2722,3.2752,7
2026-06-17 12:07:00,3.2712,3.2712,3.2702,3.2712,3.2762,3.2762,3.2752,3.2762,6
2026-06-17 12:08:00,3.2702,3.2702,3.2692,3.2697,3.2752,3.2752,3.2742,3.2747,4
2026-06-17 12:09:00,3.2702,3.2702,3.2662,3.2682,3.2752,3.2752,3.2712,3.2732,13
2026-06-17 12:10:00,3.2692,3.2692,3.2682,3.2682,3.2742,3.2742,3.2732,3.2732,3
2026-06-17 12:12:00,3.2692,3.2702,3.2682,3.2702,3.2742,3.2752,3.2732,3.2752,5
2026-06-17 12:13:00,3.2687,3.2702,3.2662,3.2702,3.2737,3.2752,3.2712,3.2752,11
2026-06-17 12:14:00,3.2692,3.2692,3.2662,3.2672,3.2742,3.2742,3.2712,3.2722,6
2026-06-17 12:15:00,3.2677,3.2677,3.2672,3.2672,3.2727,3.2727,3.2722,3.2722,6
2026-06-17 12:16:00,3.2677,3.2692,3.2642,3.2647,3.2727,3.2742,3.2692,3.2697,13
2026-06-17 12:17:00,3.2642,3.2652,3.2642,3.2642,3.2692,3.2702,3.2692,3.2692,5
2026-06-17 12:18:00,3.2632,3.2662,3.2632,3.2662,3.2682,3.2712,3.2682,3.2712,4
2026-06-17 12:19:00,3.2652,3.2652,3.2632,3.2652,3.2702,3.2702,3.2682,3.2702,7
2026-06-17 12:20:00,3.2642,3.2642,3.2637,3.2642,3.2692,3.2692,3.2687,3.2692,3
2026-06-17 12:21:00,3.2637,3.2637,3.2637,3.2637,3.2687,3.2687,3.2687,3.2687,1
2026-06-17 12:22:00,3.2632,3.2652,3.2632,3.2652,3.2682,3.2702,3.2682,3.2702,11
2026-06-17 12:23:00,3.2642,3.2652,3.2642,3.2652,3.2692,3.2702,3.2692,3.2702,2
2026-06-17 12:24:00,3.2647,3.2652,3.2647,3.2652,3.2697,3.2702,3.2697,3.2702,2
2026-06-17 12:25:00,3.2662,3.2667,3.2647,3.2662,3.2712,3.2717,3.2697,3.2712,8
2026-06-17 12:26:00,3.2657,3.2662,3.2657,3.2662,3.2707,3.2712,3.2707,3.2712,2
2026-06-17 12:27:00,3.2657,3.2662,3.2642,3.2662,3.2707,3.2712,3.2692,3.2712,10
2026-06-17 12:28:00,3.2652,3.2652,3.2642,3.2647,3.2702,3.2702,3.2692,3.2697,7
2026-06-17 12:29:00,3.2642,3.2662,3.2642,3.2662,3.2692,3.2712,3.2692,3.2712,4
2026-06-17 12:30:00,3.2652,3.2672,3.2652,3.2672,3.2702,3.2722,3.2702,3.2722,4
2026-06-17 12:31:00,3.2677,3.2702,3.2677,3.2687,3.2727,3.2752,3.2727,3.2737,11
2026-06-17 12:32:00,3.2682,3.2682,3.2647,3.2647,3.2732,3.2732,3.2697,3.2697,10
2026-06-17 12:33:00,3.2642,3.2642,3.2642,3.2642,3.2692,3.2692,3.2692,3.2692,1
2026-06-17 12:34:00,3.2652,3.2662,3.2652,3.2652,3.2702,3.2712,3.2702,3.2702,8
2026-06-17 12:35:00,3.2662,3.2662,3.2642,3.2642,3.2712,3.2712,3.2692,3.2692,6
2026-06-17 12:36:00,3.2628,3.2642,3.2602,3.2602,3.2677,3.2692,3.2652,3.2652,14
2026-06-17 12:37:00,3.2612,3.2612,3.2592,3.2602,3.2662,3.2662,3.2642,3.2652,4
2026-06-17 12:38:00,3.2592,3.2642,3.2582,3.2642,3.2642,3.2692,3.2632,3.2692,21
2026-06-17 12:39:00,3.2632,3.2642,3.2622,3.2632,3.2682,3.2692,3.2672,3.2682,16
2026-06-17 12:40:00,3.2628,3.2632,3.2612,3.2612,3.2677,3.2682,3.2662,3.2662,15
2026-06-17 12:41:00,3.2617,3.2622,3.2582,3.2617,3.2667,3.2672,3.2632,3.2667,22
2026-06-17 12:42:00,3.2622,3.2672,3.2622,3.2667,3.2672,3.2722,3.2672,3.2717,21
2026-06-17 12:43:00,3.2662,3.2692,3.2657,3.2657,3.2712,3.2742,3.2707,3.2707,14
2026-06-17 12:44:00,3.2662,3.2742,3.2662,3.2727,3.2712,3.2792,3.2712,3.2777,19
2026-06-17 12:45:00,3.2732,3.2772,3.2712,3.2762,3.2782,3.2822,3.2762,3.2812,25
2026-06-17 12:46:00,3.2757,3.2877,3.2752,3.2852,3.2807,3.2927,3.2802,3.2902,51
2026-06-17 12:47:00,3.2862,3.2892,3.2842,3.2862,3.2912,3.2942,3.2892,3.2912,23
2026-06-17 12:48:00,3.2857,3.2857,3.2832,3.2852,3.2907,3.2907,3.2882,3.2902,13
2026-06-17 12:49:00,3.2862,3.2862,3.2842,3.2847,3.2912,3.2912,3.2892,3.2897,8
2026-06-17 12:50:00,3.2842,3.2842,3.2832,3.2832,3.2892,3.2892,3.2882,3.2882,17
2026-06-17 12:51:00,3.2842,3.2882,3.2832,3.2862,3.2892,3.2932,3.2882,3.2912,25
2026-06-17 12:52:00,3.2857,3.2892,3.2837,3.2892,3.2907,3.2942,3.2887,3.2942,10
2026-06-17 12:53:00,3.2902,3.2912,3.2862,3.2912,3.2952,3.2962,3.2912,3.2962,37
2026-06-17 12:54:00,3.2922,3.2952,3.2912,3.2932,3.2972,3.3002,3.2962,3.2982,45
2026-06-17 12:55:00,3.2942,3.2952,3.2932,3.2932,3.2992,3.3002,3.2982,3.2982,28
2026-06-17 12:56:00,3.2922,3.2922,3.2902,3.2907,3.2972,3.2972,3.2952,3.2957,7
2026-06-17 12:57:00,3.2912,3.2932,3.2912,3.2922,3.2962,3.2982,3.2962,3.2972,4
2026-06-17 12:58:00,3.2912,3.2922,3.2892,3.2912,3.2962,3.2972,3.2942,3.2962,17
2026-06-17 12:59:00,3.2907,3.2912,3.2882,3.2912,3.2957,3.2962,3.2932,3.2962,17
2026-06-17 13:00:00,3.2907,3.3002,3.2902,3.2982,3.2957,3.3052,3.2952,3.3032,32
2026-06-17 13:01:00,3.2992,3.3012,3.2992,3.3002,3.3042,3.3062,3.3042,3.3052,19
2026-06-17 13:02:00,3.3012,3.3092,3.3012,3.3062,3.3062,3.3142,3.3062,3.3112,41
2026-06-17 13:03:00,3.3067,3.3092,3.3032,3.3042,3.3117,3.3142,3.3082,3.3092,28
2026-06-17 13:04:00,3.3037,3.3077,3.3037,3.3052,3.3087,3.3127,3.3087,3.3102,17
2026-06-17 13:05:00,3.3062,3.3062,3.3042,3.3062,3.3112,3.3112,3.3092,3.3112,7
2026-06-17 13:06:00,3.3072,3.3072,3.3042,3.3042,3.3122,3.3122,3.3092,3.3092,12
2026-06-17 13:07:00,3.3032,3.3032,3.3002,3.3017,3.3082,3.3082,3.3052,3.3067,29
2026-06-17 13:08:00,3.3012,3.3012,3.2992,3.3012,3.3062,3.3062,3.3042,3.3062,13
2026-06-17 13:09:00,3.3022,3.3022,3.3012,3.3012,3.3072,3.3072,3.3062,3.3062,2
2026-06-17 13:10:00,3.3002,3.3012,3.2957,3.2962,3.3052,3.3062,3.3007,3.3012,18
2026-06-17 13:11:00,3.2952,3.2962,3.2952,3.2962,3.3002,3.3012,3.3002,3.3012,9
2026-06-17 13:12:00,3.2972,3.2982,3.2962,3.2967,3.3022,3.3032,3.3012,3.3017,11
2026-06-17 13:13:00,3.2972,3.2982,3.2967,3.2972,3.3022,3.3032,3.3017,3.3022,11
2026-06-17 13:14:00,3.2967,3.2967,3.2952,3.2952,3.3017,3.3017,3.3002,3.3002,6
2026-06-17 13:15:00,3.2947,3.2957,3.2922,3.2952,3.2997,3.3007,3.2972,3.3002,19
2026-06-17 13:16:00,3.2947,3.2952,3.2912,3.2927,3.2997,3.3002,3.2962,3.2977,16
2026-06-17 13:17:00,3.2917,3.2962,3.2917,3.2962,3.2967,3.3012,3.2967,3.3012,10
2026-06-17 13:18:00,3.2952,3.2972,3.2942,3.2952,3.3002,3.3022,3.2992,3.3002,26
2026-06-17 13:19:00,3.2942,3.2982,3.2932,3.2972,3.2992,3.3032,3.2982,3.3022,19
2026-06-17 13:20:00,3.2977,3.2992,3.2932,3.2962,3.3027,3.3042,3.2982,3.3012,34
2026-06-17 13:21:00,3.2972,3.2992,3.2962,3.2982,3.3022,3.3042,3.3012,3.3032,9
2026-06-17 13:22:00,3.2992,3.3002,3.2982,3.2992,3.3042,3.3052,3.3032,3.3042,15
2026-06-17 13:23:00,3.3002,3.3042,3.2982,3.3002,3.3052,3.3092,3.3032,3.3052,29
2026-06-17 13:24:00,3.2992,3.3022,3.2962,3.3007,3.3042,3.3072,3.3012,3.3057,21
2026-06-17 13:25:00,3.2997,3.2997,3.2932,3.2932,3.3047,3.3047,3.2982,3.2982,15
2026-06-17 13:26:00,3.2937,3.2957,3.2932,3.2957,3.2987,3.3007,3.2982,3.3007,16
2026-06-17 13:27:00,3.2962,3.2962,3.2902,3.2902,3.3012,3.3012,3.2952,3.2952,14
2026-06-17 13:28:00,3.2892,3.2902,3.2862,3.2877,3.2942,3.2952,3.2912,3.2927,31
2026-06-17 13:29:00,3.2882,3.2902,3.2872,3.2902,3.2932,3.2952,3.2922,3.2952,9
2026-06-17 13:30:00,3.2897,3.2902,3.2862,3.2872,3.2947,3.2952,3.2912,3.2922,16
2026-06-17 13:31:00,3.2877,3.2912,3.2872,3.2912,3.2927,3.2962,3.2922,3.2962,11
2026-06-17 13:32:00,3.2917,3.2922,3.2877,3.2882,3.2967,3.2972,3.2927,3.2932,15
2026-06-17 13:33:00,3.2887,3.2992,3.2887,3.2962,3.2937,3.3042,3.2937,3.3012,35
2026-06-17 13:34:00,3.2952,3.2982,3.2952,3.2982,3.3002,3.3032,3.3002,3.3032,13
2026-06-17 13:35:00,3.2972,3.2997,3.2972,3.2997,3.3022,3.3047,3.3022,3.3047,13
2026-06-17 13:36:00,3.3002,3.3012,3.2977,3.3002,3.3052,3.3062,3.3027,3.3052,25
2026-06-17 13:37:00,3.3007,3.3042,3.2992,3.3007,3.3057,3.3092,3.3042,3.3057,35
2026-06-17 13:38:00,3.3002,3.3042,3.2992,3.3037,3.3052,3.3092,3.3042,3.3087,16
2026-06-17 13:39:00,3.3032,3.3042,3.3032,3.3042,3.3082,3.3092,3.3082,3.3092,8
2026-06-17 13:40:00,3.3032,3.3047,3.3032,3.3042,3.3082,3.3097,3.3082,3.3092,10
2026-06-17 13:41:00,3.3052,3.3052,3.3042,3.3052,3.3102,3.3102,3.3092,3.3102,14
2026-06-17 13:42:00,3.3042,3.3062,3.3042,3.3042,3.3092,3.3112,3.3092,3.3092,17
2026-06-17 13:43:00,3.3047,3.3072,3.3042,3.3047,3.3097,3.3122,3.3092,3.3097,12
2026-06-17 13:44:00,3.3042,3.3112,3.3032,3.3112,3.3092,3.3162,3.3082,3.3162,39
2026-06-17 13:45:00,3.3102,3.3122,3.3072,3.3077,3.3152,3.3172,3.3122,3.3127,40
2026-06-17 13:46:00,3.3072,3.3102,3.3062,3.3082,3.3122,3.3152,3.3112,3.3132,22
2026-06-17 13:47:00,3.3092,3.3092,3.2962,3.2972,3.3142,3.3142,3.3012,3.3022,30
2026-06-17 13:48:00,3.2977,3.3012,3.2977,3.3002,3.3027,3.3062,3.3027,3.3052,21
2026-06-17 13:49:00,3.2992,3.2997,3.2892,3.2902,3.3042,3.3047,3.2942,3.2952,47
2026-06-17 13:50:00,3.2912,3.2922,3.2762,3.2807,3.2962,3.2972,3.2812,3.2857,85
2026-06-17 13:51:00,3.2812,3.2812,3.2757,3.2782,3.2862,3.2862,3.2807,3.2832,52
2026-06-17 13:52:00,3.2777,3.2802,3.2767,3.2797,3.2827,3.2852,3.2817,3.2847,19
2026-06-17 13:53:00,3.2802,3.2802,3.2752,3.2802,3.2852,3.2852,3.2802,3.2852,31
2026-06-17 13:54:00,3.2812,3.2812,3.2742,3.2772,3.2862,3.2862,3.2792,3.2822,24
2026-06-17 13:55:00,3.2767,3.2792,3.2742,3.2747,3.2817,3.2842,3.2792,3.2797,33
2026-06-17 13:56:00,3.2732,3.2767,3.2692,3.2702,3.2782,3.2817,3.2742,3.2752,84
2026-06-17 13:57:00,3.2707,3.2712,3.2622,3.2652,3.2757,3.2762,3.2672,3.2702,67
2026-06-17 13:58:00,3.2647,3.2702,3.2592,3.2612,3.2697,3.2752,3.2642,3.2662,53
2026-06-17 13:59:00,3.2602,3.2622,3.2462,3.2522,3.2652,3.2672,3.2512,3.2572,86
2026-06-17 14:00:00,3.2527,3.2532,3.2432,3.2468,3.2577,3.2582,3.2482,3.2517,74
2026-06-17 14:01:00,3.2472,3.2482,3.2422,3.2468,3.2522,3.2532,3.2472,3.2517,73
2026-06-17 14:02:00,3.2462,3.2462,3.2422,3.2432,3.2512,3.2512,3.2472,3.2482,34
2026-06-17 14:03:00,3.2427,3.2452,3.2388,3.2407,3.2477,3.2502,3.2437,3.2457,54
2026-06-17 14:04:00,3.2402,3.2422,3.2352,3.2417,3.2452,3.2472,3.2402,3.2467,48
2026-06-17 14:05:00,3.2412,3.2432,3.2382,3.2412,3.2462,3.2482,3.2432,3.2462,41
2026-06-17 14:06:00,3.2407,3.2432,3.2282,3.2287,3.2457,3.2482,3.2332,3.2337,79
2026-06-17 14:07:00,3.2257,3.2332,3.2228,3.2277,3.2307,3.2382,3.2277,3.2327,113
2026-06-17 14:08:00,3.2272,3.2282,3.2222,3.2247,3.2322,3.2332,3.2272,3.2297,56
2026-06-17 14:09:00,3.2252,3.2272,3.2192,3.2242,3.2302,3.2322,3.2242,3.2292,50
2026-06-17 14:10:00,3.2237,3.2282,3.2217,3.2232,3.2287,3.2332,3.2267,3.2282,36
2026-06-17 14:11:00,3.2228,3.2232,3.2182,3.2217,3.2277,3.2282,3.2232,3.2267,53
2026-06-17 14:12:00,3.2212,3.2257,3.2212,3.2252,3.2262,3.2307,3.2262,3.2302,51
2026-06-17 14:13:00,3.2242,3.2262,3.2232,3.2262,3.2292,3.2312,3.2282,3.2312,32
2026-06-17 14:14:00,3.2252,3.2272,3.2232,3.2242,3.2302,3.2322,3.2282,3.2292,48
2026-06-17 14:15:00,3.2232,3.2252,3.2202,3.2242,3.2282,3.2302,3.2252,3.2292,27
2026-06-17 14:16:00,3.2237,3.2332,3.2237,3.2308,3.2287,3.2382,3.2287,3.2357,70
2026-06-17 14:17:00,3.2302,3.2322,3.2272,3.2292,3.2352,3.2372,3.2322,3.2342,40
2026-06-17 14:18:00,3.2287,3.2312,3.2262,3.2312,3.2337,3.2362,3.2312,3.2362,10
2026-06-17 14:19:00,3.2322,3.2322,3.2312,3.2322,3.2372,3.2372,3.2362,3.2372,15
2026-06-17 14:20:00,3.2312,3.2322,3.2277,3.2297,3.2362,3.2372,3.2327,3.2347,30
2026-06-17 14:21:00,3.2292,3.2292,3.2272,3.2292,3.2342,3.2342,3.2322,3.2342,19
2026-06-17 14:22:00,3.2282,3.2342,3.2282,3.2287,3.2332,3.2392,3.2332,3.2337,37
2026-06-17 14:23:00,3.2292,3.2312,3.2272,3.2302,3.2342,3.2362,3.2322,3.2352,43
2026-06-17 14:24:00,3.2297,3.2322,3.2292,3.2317,3.2347,3.2372,3.2342,3.2367,27
2026-06-17 14:25:00,3.2308,3.2312,3.2192,3.2217,3.2357,3.2362,3.2242,3.2267,47
2026-06-17 14:26:00,3.2222,3.2252,3.2207,3.2222,3.2272,3.2302,3.2257,3.2272,47
2026-06-17 14:27:00,3.2228,3.2312,3.2212,3.2272,3.2277,3.2362,3.2262,3.2322,46
2026-06-17 14:28:00,3.2287,3.2322,3.2282,3.2282,3.2337,3.2372,3.2332,3.2332,33
2026-06-17 14:29:00,3.2292,3.2337,3.2292,3.2337,3.2342,3.2387,3.2342,3.2387,12
2026-06-17 14:30:00,3.2322,3.2352,3.2292,3.2302,3.2372,3.2402,3.2342,3.2352,36
2026-06-17 14:31:00,3.2312,3.2312,3.2232,3.2252,3.2362,3.2362,3.2282,3.2302,54
2026-06-17 14:32:00,3.2247,3.2262,3.2217,3.2228,3.2297,3.2312,3.2267,3.2277,35
2026-06-17 14:33:00,3.2232,3.2232,3.2082,3.2172,3.2282,3.2282,3.2132,3.2222,92
2026-06-17 14:34:00,3.2162,3.2192,3.2142,3.2172,3.2212,3.2242,3.2192,3.2222,32
2026-06-17 14:35:00,3.2167,3.2182,3.2102,3.2112,3.2217,3.2232,3.2152,3.2162,48
2026-06-17 14:36:00,3.2122,3.2132,3.2082,3.2122,3.2172,3.2182,3.2132,3.2172,66
2026-06-17 14:37:00,3.2117,3.2182,3.2117,3.2172,3.2167,3.2232,3.2167,3.2222,29
2026-06-17 14:38:00,3.2182,3.2182,3.2122,3.2142,3.2232,3.2232,3.2172,3.2192,31
2026-06-17 14:39:00,3.2127,3.2127,3.2102,3.2122,3.2177,3.2177,3.2152,3.2172,15
2026-06-17 14:40:00,3.2132,3.2152,3.2072,3.2122,3.2182,3.2202,3.2122,3.2172,56
2026-06-17 14:41:00,3.2107,3.2202,3.2077,3.2192,3.2157,3.2252,3.2127,3.2242,45
2026-06-17 14:42:00,3.2197,3.2202,3.2142,3.2162,3.2247,3.2252,3.2192,3.2212,28
2026-06-17 14:43:00,3.2157,3.2222,3.2152,3.2207,3.2207,3.2272,3.2202,3.2257,29
2026-06-17 14:44:00,3.2202,3.2202,3.2172,3.2172,3.2252,3.2252,3.2222,3.2222,19
2026-06-17 14:45:00,3.2167,3.2182,3.2127,3.2182,3.2217,3.2232,3.2177,3.2232,28
2026-06-17 14:46:00,3.2192,3.2342,3.2182,3.2308,3.2242,3.2392,3.2232,3.2357,104
2026-06-17 14:47:00,3.2302,3.2422,3.2272,3.2362,3.2352,3.2472,3.2322,3.2412,100
2026-06-17 14:48:00,3.2352,3.2362,3.2302,3.2342,3.2402,3.2412,3.2352,3.2392,46
2026-06-17 14:49:00,3.2332,3.2382,3.2322,3.2332,3.2382,3.2432,3.2372,3.2382,46
2026-06-17 14:50:00,3.2327,3.2327,3.2242,3.2267,3.2377,3.2377,3.2292,3.2317,49
2026-06-17 14:51:00,3.2262,3.2352,3.2262,3.2352,3.2312,3.2402,3.2312,3.2402,41
2026-06-17 14:52:00,3.2362,3.2402,3.2322,3.2327,3.2412,3.2452,3.2372,3.2377,59
2026-06-17 14:53:00,3.2337,3.2342,3.2297,3.2312,3.2387,3.2392,3.2347,3.2362,25
2026-06-17 14:54:00,3.2322,3.2332,3.2257,3.2257,3.2372,3.2382,3.2307,3.2307,24
2026-06-17 14:55:00,3.2262,3.2292,3.2247,3.2252,3.2312,3.2342,3.2297,3.2302,38
2026-06-17 14:56:00,3.2247,3.2252,3.2222,3.2247,3.2297,3.2302,3.2272,3.2297,25
2026-06-17 14:57:00,3.2252,3.2252,3.2212,3.2228,3.2302,3.2302,3.2262,3.2277,33
2026-06-17 14:58:00,3.2222,3.2222,3.2132,3.2162,3.2272,3.2272,3.2182,3.2212,65
2026-06-17 14:59:00,3.2152,3.2152,3.2052,3.2117,3.2202,3.2202,3.2102,3.2167,53
2026-06-17 15:00:00,3.2102,3.2122,3.2052,3.2092,3.2152,3.2172,3.2102,3.2142,110
2026-06-17 15:01:00,3.2082,3.2122,3.2052,3.2068,3.2132,3.2172,3.2102,3.2117,55
2026-06-17 15:02:00,3.2072,3.2072,3.1992,3.2042,3.2122,3.2122,3.2042,3.2092,95
2026-06-17 15:03:00,3.2037,3.2072,3.1922,3.1932,3.2087,3.2122,3.1972,3.1982,135
2026-06-17 15:04:00,3.1927,3.2012,3.1927,3.2002,3.1977,3.2062,3.1977,3.2052,53
2026-06-17 15:05:00,3.1997,3.2002,3.1872,3.1927,3.2047,3.2052,3.1922,3.1977,85
2026-06-17 15:06:00,3.1922,3.1942,3.1892,3.1897,3.1972,3.1992,3.1942,3.1947,56
2026-06-17 15:07:00,3.1907,3.1962,3.1902,3.1922,3.1957,3.2012,3.1952,3.1972,49
2026-06-17 15:08:00,3.1912,3.1962,3.1892,3.1937,3.1962,3.2012,3.1942,3.1987,68
2026-06-17 15:09:00,3.1932,3.1952,3.1872,3.1892,3.1982,3.2002,3.1922,3.1942,41
2026-06-17 15:10:00,3.1882,3.1932,3.1842,3.1852,3.1932,3.1982,3.1892,3.1902,30
2026-06-17 15:11:00,3.1862,3.1862,3.1822,3.1832,3.1912,3.1912,3.1872,3.1882,66
2026-06-17 15:12:00,3.1842,3.1842,3.1752,3.1767,3.1892,3.1892,3.1802,3.1817,56
2026-06-17 15:13:00,3.1772,3.1812,3.1752,3.1812,3.1822,3.1862,3.1802,3.1862,78
2026-06-17 15:14:00,3.1802,3.1842,3.1802,3.1812,3.1852,3.1892,3.1852,3.1862,30
2026-06-17 15:15:00,3.1802,3.1832,3.1792,3.1832,3.1852,3.1882,3.1842,3.1882,39
2026-06-17 15:16:00,3.1822,3.1842,3.1772,3.1792,3.1872,3.1892,3.1822,3.1842,47
2026-06-17 15:17:00,3.1802,3.1802,3.1742,3.1752,3.1852,3.1852,3.1792,3.1802,50
2026-06-17 15:18:00,3.1747,3.1762,3.1742,3.1752,3.1797,3.1812,3.1792,3.1802,23
2026-06-17 15:19:00,3.1762,3.1792,3.1742,3.1762,3.1812,3.1842,3.1792,3.1812,29
2026-06-17 15:20:00,3.1772,3.1777,3.1737,3.1762,3.1822,3.1827,3.1787,3.1812,48
2026-06-17 15:21:00,3.1772,3.1812,3.1757,3.1762,3.1822,3.1862,3.1807,3.1812,44
2026-06-17 15:22:00,3.1752,3.1767,3.1732,3.1752,3.1802,3.1817,3.1782,3.1802,30
2026-06-17 15:23:00,3.1747,3.1782,3.1712,3.1767,3.1797,3.1832,3.1762,3.1817,58
2026-06-17 15:24:00,3.1762,3.1767,3.1632,3.1712,3.1812,3.1817,3.1682,3.1762,85
2026-06-17 15:25:00,3.1707,3.1762,3.1702,3.1732,3.1757,3.1812,3.1752,3.1782,36
2026-06-17 15:26:00,3.1742,3.1742,3.1712,3.1742,3.1792,3.1792,3.1762,3.1792,41
2026-06-17 15:27:00,3.1737,3.1742,3.1582,3.1587,3.1787,3.1792,3.1632,3.1637,87
2026-06-17 15:28:00,3.1592,3.1602,3.1532,3.1582,3.1642,3.1652,3.1582,3.1632,84
2026-06-17 15:29:00,3.1592,3.1652,3.1592,3.1632,3.1642,3.1702,3.1642,3.1682,41
2026-06-17 15:30:00,3.1627,3.1662,3.1622,3.1642,3.1677,3.1712,3.1672,3.1692,43
2026-06-17 15:31:00,3.1632,3.1652,3.1602,3.1622,3.1682,3.1702,3.1652,3.1672,49
2026-06-17 15:32:00,3.1632,3.1632,3.1582,3.1602,3.1682,3.1682,3.1632,3.1652,45
2026-06-17 15:33:00,3.1592,3.1607,3.1532,3.1532,3.1642,3.1657,3.1582,3.1582,65
2026-06-17 15:34:00,3.1522,3.1582,3.1502,3.1502,3.1572,3.1632,3.1552,3.1552,78
2026-06-17 15:35:00,3.1492,3.1522,3.1482,3.1507,3.1542,3.1572,3.1532,3.1557,64
2026-06-17 15:36:00,3.1502,3.1557,3.1492,3.1557,3.1552,3.1607,3.1542,3.1607,58
2026-06-17 15:37:00,3.1552,3.1612,3.1532,3.1562,3.1602,3.1662,3.1582,3.1612,62
2026-06-17 15:38:00,3.1552,3.1572,3.1502,3.1562,3.1602,3.1622,3.1552,3.1612,87
2026-06-17 15:39:00,3.1572,3.1582,3.1542,3.1572,3.1622,3.1632,3.1592,3.1622,51
2026-06-17 15:40:00,3.1562,3.1572,3.1482,3.1522,3.1612,3.1622,3.1532,3.1572,76
2026-06-17 15:41:00,3.1532,3.1572,3.1522,3.1557,3.1582,3.1622,3.1572,3.1607,31
2026-06-17 15:42:00,3.1552,3.1572,3.1532,3.1542,3.1602,3.1622,3.1582,3.1592,46
2026-06-17 15:43:00,3.1532,3.1552,3.1492,3.1492,3.1582,3.1602,3.1542,3.1542,61
2026-06-17 15:44:00,3.1482,3.1542,3.1482,3.1542,3.1532,3.1592,3.1532,3.1592,25
2026-06-17 15:45:00,3.1532,3.1537,3.1502,3.1517,3.1582,3.1587,3.1552,3.1567,49
2026-06-17 15:46:00,3.1512,3.1552,3.1502,3.1542,3.1562,3.1602,3.1552,3.1592,18
2026-06-17 15:47:00,3.1537,3.1562,3.1532,3.1552,3.1587,3.1612,3.1582,3.1602,39
2026-06-17 15:48:00,3.1547,3.1572,3.1522,3.1522,3.1597,3.1622,3.1572,3.1572,37
2026-06-17 15:49:00,3.1532,3.1532,3.1392,3.1412,3.1582,3.1582,3.1442,3.1462,73
2026-06-17 15:50:00,3.1407,3.1452,3.1402,3.1402,3.1457,3.1502,3.1452,3.1452,62
2026-06-17 15:51:00,3.1392,3.1432,3.1362,3.1412,3.1442,3.1482,3.1412,3.1462,55
2026-06-17 15:52:00,3.1402,3.1482,3.1402,3.1452,3.1452,3.1532,3.1452,3.1502,67
2026-06-17 15:53:00,3.1447,3.1452,3.1432,3.1447,3.1497,3.1502,3.1482,3.1497,20
2026-06-17 15:54:00,3.1432,3.1442,3.1402,3.1422,3.1482,3.1492,3.1452,3.1472,25
2026-06-17 15:55:00,3.1417,3.1437,3.1392,3.1402,3.1467,3.1487,3.1442,3.1452,54
2026-06-17 15:56:00,3.1397,3.1422,3.1397,3.1422,3.1447,3.1472,3.1447,3.1472,15
2026-06-17 15:57:00,3.1432,3.1472,3.1422,3.1452,3.1482,3.1522,3.1472,3.1502,48
2026-06-17 15:58:00,3.1442,3.1452,3.1432,3.1442,3.1492,3.1502,3.1482,3.1492,18
2026-06-17 15:59:00,3.1452,3.1452,3.1392,3.1412,3.1502,3.1502,3.1442,3.1462,22
2026-06-17 16:00:00,3.1402,3.1412,3.1362,3.1372,3.1452,3.1462,3.1412,3.1422,36
2026-06-17 16:01:00,3.1362,3.1412,3.1352,3.1372,3.1412,3.1462,3.1402,3.1422,55
2026-06-17 16:02:00,3.1387,3.1422,3.1387,3.1412,3.1437,3.1472,3.1437,3.1462,20
2026-06-17 16:03:00,3.1402,3.1432,3.1402,3.1432,3.1452,3.1482,3.1452,3.1482,10
2026-06-17 16:04:00,3.1422,3.1442,3.1412,3.1442,3.1472,3.1492,3.1462,3.1492,11
2026-06-17 16:05:00,3.1452,3.1462,3.1432,3.1452,3.1502,3.1512,3.1482,3.1502,16
2026-06-17 16:06:00,3.1462,3.1542,3.1442,3.1517,3.1512,3.1592,3.1492,3.1567,63
2026-06-17 16:07:00,3.1512,3.1552,3.1502,3.1537,3.1562,3.1602,3.1552,3.1587,78
2026-06-17 16:08:00,3.1532,3.1552,3.1462,3.1492,3.1582,3.1602,3.1512,3.1542,43
2026-06-17 16:09:00,3.1487,3.1502,3.1482,3.1492,3.1537,3.1552,3.1532,3.1542,27
2026-06-17 16:10:00,3.1502,3.1537,3.1502,3.1537,3.1552,3.1587,3.1552,3.1587,21
2026-06-17 16:11:00,3.1532,3.1582,3.1527,3.1532,3.1582,3.1632,3.1577,3.1582,49
2026-06-17 16:12:00,3.1522,3.1532,3.1492,3.1512,3.1572,3.1582,3.1542,3.1562,74
2026-06-17 16:13:00,3.1507,3.1532,3.1507,3.1532,3.1557,3.1582,3.1557,3.1582,12
2026-06-17 16:14:00,3.1542,3.1632,3.1532,3.1612,3.1592,3.1682,3.1582,3.1662,122
2026-06-17 16:15:00,3.1602,3.1612,3.1582,3.1602,3.1652,3.1662,3.1632,3.1652,50
2026-06-17 16:16:00,3.1597,3.1602,3.1562,3.1592,3.1647,3.1652,3.1612,3.1642,74
2026-06-17 16:17:00,3.1597,3.1632,3.1592,3.1632,3.1647,3.1682,3.1642,3.1682,70
2026-06-17 16:18:00,3.1622,3.1632,3.1592,3.1597,3.1672,3.1682,3.1642,3.1647,58
2026-06-17 16:19:00,3.1592,3.1592,3.1512,3.1532,3.1642,3.1642,3.1562,3.1582,40
2026-06-17 16:20:00,3.1522,3.1532,3.1482,3.1522,3.1572,3.1582,3.1532,3.1572,23
2026-06-17 16:21:00,3.1532,3.1602,3.1532,3.1592,3.1582,3.1652,3.1582,3.1642,37
2026-06-17 16:22:00,3.1597,3.1602,3.1582,3.1582,3.1647,3.1652,3.1632,3.1632,11
2026-06-17 16:23:00,3.1572,3.1632,3.1562,3.1602,3.1622,3.1682,3.1612,3.1652,32
2026-06-17 16:24:00,3.1612,3.1662,3.1607,3.1632,3.1662,3.1712,3.1657,3.1682,21
2026-06-17 16:25:00,3.1622,3.1632,3.1622,3.1622,3.1672,3.1682,3.1672,3.1672,9
2026-06-17 16:26:00,3.1632,3.1662,3.1622,3.1642,3.1682,3.1712,3.1672,3.1692,15
2026-06-17 16:27:00,3.1647,3.1647,3.1592,3.1592,3.1697,3.1697,3.1642,3.1642,14
2026-06-17 16:28:00,3.1587,3.1602,3.1562,3.1562,3.1637,3.1652,3.1612,3.1612,23
2026-06-17 16:29:00,3.1557,3.1557,3.1502,3.1517,3.1607,3.1607,3.1552,3.1567,22
2026-06-17 16:30:00,3.1522,3.1602,3.1517,3.1602,3.1572,3.1652,3.1567,3.1652,45
2026-06-17 16:31:00,3.1612,3.1612,3.1582,3.1582,3.1662,3.1662,3.1632,3.1632,17
2026-06-17 16:32:00,3.1587,3.1622,3.1582,3.1622,3.1637,3.1672,3.1632,3.1672,17
2026-06-17 16:33:00,3.1612,3.1622,3.1592,3.1602,3.1662,3.1672,3.1642,3.1652,20
2026-06-17 16:34:00,3.1612,3.1632,3.1602,3.1602,3.1662,3.1682,3.1652,3.1652,23
2026-06-17 16:35:00,3.1612,3.1612,3.1602,3.1602,3.1662,3.1662,3.1652,3.1652,8
2026-06-17 16:36:00,3.1607,3.1622,3.1572,3.1587,3.1657,3.1672,3.1622,3.1637,38
2026-06-17 16:37:00,3.1582,3.1622,3.1572,3.1612,3.1632,3.1672,3.1622,3.1662,26
2026-06-17 16:38:00,3.1602,3.1622,3.1602,3.1622,3.1652,3.1672,3.1652,3.1672,6
2026-06-17 16:39:00,3.1612,3.1622,3.1582,3.1612,3.1662,3.1672,3.1632,3.1662,18
2026-06-17 16:40:00,3.1602,3.1712,3.1602,3.1707,3.1652,3.1762,3.1652,3.1757,36
2026-06-17 16:41:00,3.1712,3.1742,3.1702,3.1702,3.1762,3.1792,3.1752,3.1752,24
2026-06-17 16:42:00,3.1692,3.1722,3.1682,3.1702,3.1742,3.1772,3.1732,3.1752,28
2026-06-17 16:43:00,3.1697,3.1732,3.1682,3.1722,3.1747,3.1782,3.1732,3.1772,29
2026-06-17 16:44:00,3.1727,3.1792,3.1727,3.1772,3.1777,3.1842,3.1777,3.1822,44
2026-06-17 16:45:00,3.1762,3.1822,3.1762,3.1782,3.1812,3.1872,3.1812,3.1832,59
2026-06-17 16:46:00,3.1777,3.1777,3.1722,3.1727,3.1827,3.1827,3.1772,3.1777,28
2026-06-17 16:47:00,3.1732,3.1897,3.1722,3.1852,3.1782,3.1947,3.1772,3.1902,236
2026-06-17 16:48:00,3.1847,3.1872,3.1792,3.1792,3.1897,3.1922,3.1842,3.1842,150
2026-06-17 16:49:00,3.1782,3.1842,3.1782,3.1822,3.1832,3.1892,3.1832,3.1872,112
2026-06-17 16:50:00,3.1812,3.1812,3.1712,3.1712,3.1862,3.1862,3.1762,3.1762,88
2026-06-17 16:51:00,3.1722,3.1732,3.1692,3.1702,3.1772,3.1782,3.1742,3.1752,86
2026-06-17 16:52:00,3.1712,3.1722,3.1652,3.1662,3.1762,3.1772,3.1702,3.1712,88
2026-06-17 16:53:00,3.1657,3.1702,3.1657,3.1682,3.1707,3.1752,3.1707,3.1732,76
2026-06-17 16:54:00,3.1687,3.1722,3.1682,3.1712,3.1737,3.1772,3.1732,3.1762,80
2026-06-17 16:55:00,3.1722,3.1772,3.1722,3.1767,3.1772,3.1822,3.1772,3.1817,25
2026-06-17 16:56:00,3.1767,3.1772,3.1732,3.1742,3.1817,3.1822,3.1782,3.1792,30
2026-06-17 16:57:00,3.1737,3.1752,3.1722,3.1732,3.1787,3.1802,3.1772,3.1782,13
2026-06-17 16:58:00,3.1722,3.1762,3.1722,3.1732,3.1772,3.1812,3.1772,3.1782,22
2026-06-17 16:59:00,3.1742,3.1762,3.1722,3.1722,3.1792,3.1812,3.1772,3.1772,27
2026-06-17 17:00:00,3.1727,3.1742,3.1712,3.1732,3.1777,3.1792,3.1762,3.1782,25
2026-06-17 17:01:00,3.1727,3.1762,3.1727,3.1742,3.1777,3.1812,3.1777,3.1792,18
2026-06-17 17:02:00,3.1732,3.1732,3.1712,3.1722,3.1782,3.1782,3.1762,3.1772,5
2026-06-17 17:03:00,3.1717,3.1722,3.1692,3.1712,3.1767,3.1772,3.1742,3.1762,19
2026-06-17 17:04:00,3.1722,3.1732,3.1702,3.1702,3.1772,3.1782,3.1752,3.1752,21
2026-06-17 17:05:00,3.1692,3.1722,3.1672,3.1702,3.1742,3.1772,3.1722,3.1752,38
2026-06-17 17:06:00,3.1697,3.1712,3.1692,3.1702,3.1747,3.1762,3.1742,3.1752,28
2026-06-17 17:07:00,3.1707,3.1762,3.1707,3.1762,3.1757,3.1812,3.1757,3.1812,13
2026-06-17 17:08:00,3.1757,3.1782,3.1747,3.1782,3.1807,3.1832,3.1797,3.1832,29
2026-06-17 17:09:00,3.1772,3.1782,3.1752,3.1752,3.1822,3.1832,3.1802,3.1802,22
2026-06-17 17:10:00,3.1762,3.1802,3.1752,3.1797,3.1812,3.1852,3.1802,3.1847,14
2026-06-17 17:11:00,3.1802,3.1842,3.1772,3.1812,3.1852,3.1892,3.1822,3.1862,37
2026-06-17 17:12:00,3.1807,3.1922,3.1802,3.1892,3.1857,3.1972,3.1852,3.1942,52
2026-06-17 17:13:00,3.1882,3.1882,3.1857,3.1862,3.1932,3.1932,3.1907,3.1912,19
2026-06-17 17:14:00,3.1852,3.1862,3.1822,3.1832,3.1902,3.1912,3.1872,3.1882,17
2026-06-17 17:15:00,3.1822,3.1827,3.1797,3.1802,3.1872,3.1877,3.1847,3.1852,13
2026-06-17 17:16:00,3.1792,3.1802,3.1742,3.1752,3.1842,3.1852,3.1792,3.1802,39
2026-06-17 17:17:00,3.1762,3.1782,3.1752,3.1752,3.1812,3.1832,3.1802,3.1802,35
2026-06-17 17:18:00,3.1742,3.1742,3.1712,3.1732,3.1792,3.1792,3.1762,3.1782,33
2026-06-17 17:19:00,3.1737,3.1742,3.1702,3.1737,3.1787,3.1792,3.1752,3.1787,27
2026-06-17 17:20:00,3.1742,3.1742,3.1712,3.1712,3.1792,3.1792,3.1762,3.1762,26
2026-06-17 17:21:00,3.1722,3.1752,3.1717,3.1722,3.1772,3.1802,3.1767,3.1772,23
2026-06-17 17:22:00,3.1712,3.1732,3.1712,3.1722,3.1762,3.1782,3.1762,3.1772,11
2026-06-17 17:23:00,3.1712,3.1722,3.1672,3.1702,3.1762,3.1772,3.1722,3.1752,38
2026-06-17 17:24:00,3.1697,3.1702,3.1687,3.1702,3.1747,3.1752,3.1737,3.1752,11
2026-06-17 17:25:00,3.1712,3.1712,3.1602,3.1612,3.1762,3.1762,3.1652,3.1662,66
2026-06-17 17:26:00,3.1622,3.1622,3.1572,3.1612,3.1672,3.1672,3.1622,3.1662,36
2026-06-17 17:27:00,3.1607,3.1632,3.1602,3.1632,3.1657,3.1682,3.1652,3.1682,12
2026-06-17 17:28:00,3.1622,3.1652,3.1622,3.1652,3.1672,3.1702,3.1672,3.1702,12
2026-06-17 17:29:00,3.1642,3.1682,3.1632,3.1672,3.1692,3.1732,3.1682,3.1722,19
2026-06-17 17:30:00,3.1677,3.1677,3.1612,3.1652,3.1727,3.1727,3.1662,3.1702,50
2026-06-17 17:31:00,3.1647,3.1682,3.1642,3.1642,3.1697,3.1732,3.1692,3.1692,24
2026-06-17 17:32:00,3.1632,3.1632,3.1562,3.1562,3.1682,3.1682,3.1612,3.1612,25
2026-06-17 17:33:00,3.1557,3.1592,3.1557,3.1582,3.1607,3.1642,3.1607,3.1632,18
2026-06-17 17:34:00,3.1577,3.1577,3.1532,3.1562,3.1627,3.1627,3.1582,3.1612,42
2026-06-17 17:35:00,3.1567,3.1592,3.1562,3.1592,3.1617,3.1642,3.1612,3.1642,9
2026-06-17 17:36:00,3.1587,3.1592,3.1582,3.1582,3.1637,3.1642,3.1632,3.1632,18
2026-06-17 17:37:00,3.1587,3.1587,3.1582,3.1582,3.1637,3.1637,3.1632,3.1632,2
2026-06-17 17:38:00,3.1577,3.1612,3.1572,3.1577,3.1627,3.1662,3.1622,3.1627,11
2026-06-17 17:39:00,3.1582,3.1582,3.1572,3.1572,3.1632,3.1632,3.1622,3.1622,3
2026-06-17 17:40:00,3.1567,3.1602,3.1567,3.1597,3.1617,3.1652,3.1617,3.1647,16
2026-06-17 17:41:00,3.1602,3.1622,3.1582,3.1617,3.1652,3.1672,3.1632,3.1667,17
2026-06-17 17:42:00,3.1612,3.1612,3.1602,3.1612,3.1662,3.1662,3.1652,3.1662,10
2026-06-17 17:43:00,3.1617,3.1622,3.1612,3.1617,3.1667,3.1672,3.1662,3.1667,13
2026-06-17 17:44:00,3.1622,3.1642,3.1622,3.1627,3.1672,3.1692,3.1672,3.1677,21
2026-06-17 17:45:00,3.1622,3.1657,3.1622,3.1642,3.1672,3.1707,3.1672,3.1692,34
2026-06-17 17:46:00,3.1647,3.1652,3.1642,3.1642,3.1697,3.1702,3.1692,3.1692,8
2026-06-17 17:47:00,3.1632,3.1652,3.1612,3.1642,3.1682,3.1702,3.1662,3.1692,17
2026-06-17 17:48:00,3.1632,3.1642,3.1632,3.1642,3.1682,3.1692,3.1682,3.1692,2
2026-06-17 17:49:00,3.1637,3.1657,3.1622,3.1657,3.1687,3.1707,3.1672,3.1707,11
2026-06-17 17:50:00,3.1652,3.1662,3.1632,3.1662,3.1702,3.1712,3.1682,3.1712,22
2026-06-17 17:51:00,3.1672,3.1672,3.1642,3.1652,3.1722,3.1722,3.1692,3.1702,25
2026-06-17 17:52:00,3.1662,3.1692,3.1652,3.1682,3.1712,3.1742,3.1702,3.1732,27
2026-06-17 17:53:00,3.1672,3.1702,3.1672,3.1692,3.1722,3.1752,3.1722,3.1742,19
2026-06-17 17:54:00,3.1682,3.1692,3.1677,3.1692,3.1732,3.1742,3.1727,3.1742,7
2026-06-17 17:55:00,3.1697,3.1722,3.1692,3.1722,3.1747,3.1772,3.1742,3.1772,8
2026-06-17 17:56:00,3.1732,3.1742,3.1712,3.1722,3.1782,3.1792,3.1762,3.1772,11
2026-06-17 17:57:00,3.1712,3.1762,3.1712,3.1732,3.1762,3.1812,3.1762,3.1782,15
2026-06-17 17:58:00,3.1727,3.1822,3.1727,3.1792,3.1777,3.1872,3.1777,3.1842,40
2026-06-17 17:59:00,3.1797,3.1822,3.1792,3.1822,3.1847,3.1872,3.1842,3.1872,20
2026-06-17 18:00:00,3.1812,3.1837,3.1812,3.1827,3.1862,3.1887,3.1862,3.1877,9
2026-06-17 18:01:00,3.1822,3.1832,3.1822,3.1832,3.1872,3.1882,3.1872,3.1882,10
2026-06-17 18:02:00,3.1827,3.1852,3.1827,3.1842,3.1877,3.1902,3.1877,3.1892,7
2026-06-17 18:03:00,3.1832,3.1832,3.1762,3.1762,3.1882,3.1882,3.1812,3.1812,25
2026-06-17 18:04:00,3.1752,3.1772,3.1752,3.1772,3.1802,3.1822,3.1802,3.1822,15
2026-06-17 18:05:00,3.1782,3.1782,3.1752,3.1752,3.1832,3.1832,3.1802,3.1802,16
2026-06-17 18:06:00,3.1762,3.1762,3.1742,3.1742,3.1812,3.1812,3.1792,3.1792,25
2026-06-17 18:07:00,3.1752,3.1762,3.1742,3.1742,3.1802,3.1812,3.1792,3.1792,14
2026-06-17 18:08:00,3.1752,3.1752,3.1742,3.1742,3.1802,3.1802,3.1792,3.1792,7
2026-06-17 18:09:00,3.1732,3.1742,3.1682,3.1692,3.1782,3.1792,3.1732,3.1742,40
2026-06-17 18:10:00,3.1702,3.1702,3.1662,3.1672,3.1752,3.1752,3.1712,3.1722,22
2026-06-17 18:11:00,3.1662,3.1702,3.1662,3.1692,3.1712,3.1752,3.1712,3.1742,22
2026-06-17 18:12:00,3.1687,3.1692,3.1662,3.1667,3.1737,3.1742,3.1712,3.1717,19
2026-06-17 18:13:00,3.1672,3.1692,3.1667,3.1687,3.1722,3.1742,3.1717,3.1737,21
2026-06-17 18:14:00,3.1682,3.1692,3.1662,3.1672,3.1732,3.1742,3.1712,3.1722,19
2026-06-17 18:15:00,3.1677,3.1677,3.1642,3.1672,3.1727,3.1727,3.1692,3.1722,27
2026-06-17 18:16:00,3.1662,3.1702,3.1662,3.1692,3.1712,3.1752,3.1712,3.1742,33
2026-06-17 18:17:00,3.1687,3.1692,3.1662,3.1672,3.1737,3.1742,3.1712,3.1722,9
2026-06-17 18:18:00,3.1662,3.1667,3.1622,3.1642,3.1712,3.1717,3.1672,3.1692,19
2026-06-17 18:19:00,3.1652,3.1692,3.1647,3.1682,3.1702,3.1742,3.1697,3.1732,22
2026-06-17 18:20:00,3.1687,3.1702,3.1672,3.1697,3.1737,3.1752,3.1722,3.1747,20
2026-06-17 18:21:00,3.1702,3.1727,3.1702,3.1722,3.1752,3.1777,3.1752,3.1772,6
2026-06-17 18:22:00,3.1727,3.1732,3.1722,3.1722,3.1777,3.1782,3.1772,3.1772,12
2026-06-17 18:23:00,3.1712,3.1742,3.1687,3.1692,3.1762,3.1792,3.1737,3.1742,21
2026-06-17 18:24:00,3.1687,3.1712,3.1682,3.1697,3.1737,3.1762,3.1732,3.1747,16
2026-06-17 18:25:00,3.1702,3.1722,3.1702,3.1722,3.1752,3.1772,3.1752,3.1772,3
2026-06-17 18:26:00,3.1732,3.1792,3.1722,3.1792,3.1782,3.1842,3.1772,3.1842,20
2026-06-17 18:27:00,3.1782,3.1812,3.1782,3.1812,3.1832,3.1862,3.1832,3.1862,20
2026-06-17 18:28:00,3.1817,3.1842,3.1802,3.1817,3.1867,3.1892,3.1852,3.1867,30
2026-06-17 18:29:00,3.1812,3.1832,3.1812,3.1822,3.1862,3.1882,3.1862,3.1872,34
2026-06-17 18:30:00,3.1827,3.1832,3.1782,3.1802,3.1877,3.1882,3.1832,3.1852,50
2026-06-17 18:31:00,3.1807,3.1812,3.1792,3.1792,3.1857,3.1862,3.1842,3.1842,24
2026-06-17 18:32:00,3.1787,3.1812,3.1782,3.1792,3.1837,3.1862,3.1832,3.1842,20
2026-06-17 18:33:00,3.1787,3.1832,3.1787,3.1827,3.1837,3.1882,3.1837,3.1877,14
2026-06-17 18:34:00,3.1832,3.1882,3.1822,3.1882,3.1882,3.1932,3.1872,3.1932,21
2026-06-17 18:35:00,3.1872,3.1872,3.1852,3.1862,3.1922,3.1922,3.1902,3.1912,26
2026-06-17 18:36:00,3.1857,3.1857,3.1842,3.1852,3.1907,3.1907,3.1892,3.1902,8
2026-06-17 18:37:00,3.1847,3.1847,3.1782,3.1782,3.1897,3.1897,3.1832,3.1832,22
2026-06-17 18:38:00,3.1787,3.1802,3.1787,3.1792,3.1837,3.1852,3.1837,3.1842,5
2026-06-17 18:39:00,3.1782,3.1802,3.1772,3.1797,3.1832,3.1852,3.1822,3.1847,13
2026-06-17 18:40:00,3.1802,3.1847,3.1792,3.1827,3.1852,3.1897,3.1842,3.1877,35
2026-06-17 18:41:00,3.1832,3.1852,3.1832,3.1847,3.1882,3.1902,3.1882,3.1897,11
2026-06-17 18:42:00,3.1842,3.1842,3.1837,3.1837,3.1892,3.1892,3.1887,3.1887,6
2026-06-17 18:43:00,3.1832,3.1837,3.1812,3.1812,3.1882,3.1887,3.1862,3.1862,8
2026-06-17 18:44:00,3.1817,3.1842,3.1792,3.1802,3.1867,3.1892,3.1842,3.1852,18
2026-06-17 18:45:00,3.1807,3.1842,3.1802,3.1832,3.1857,3.1892,3.1852,3.1882,11
2026-06-17 18:46:00,3.1842,3.1842,3.1812,3.1822,3.1892,3.1892,3.1862,3.1872,11
2026-06-17 18:47:00,3.1832,3.1842,3.1812,3.1822,3.1882,3.1892,3.1862,3.1872,8
2026-06-17 18:48:00,3.1812,3.1822,3.1812,3.1822,3.1862,3.1872,3.1862,3.1872,13
2026-06-17 18:49:00,3.1812,3.1812,3.1772,3.1782,3.1862,3.1862,3.1822,3.1832,25
2026-06-17 18:50:00,3.1787,3.1812,3.1782,3.1792,3.1837,3.1862,3.1832,3.1842,33
2026-06-17 18:51:00,3.1797,3.1812,3.1792,3.1802,3.1847,3.1862,3.1842,3.1852,20
2026-06-17 18:52:00,3.1807,3.1822,3.1772,3.1782,3.1857,3.1872,3.1822,3.1832,17
2026-06-17 18:53:00,3.1772,3.1832,3.1772,3.1822,3.1822,3.1882,3.1822,3.1872,17
2026-06-17 18:54:00,3.1827,3.1827,3.1802,3.1802,3.1877,3.1877,3.1852,3.1852,8
2026-06-17 18:55:00,3.1792,3.1802,3.1752,3.1762,3.1842,3.1852,3.1802,3.1812,23
2026-06-17 18:56:00,3.1752,3.1792,3.1752,3.1772,3.1802,3.1842,3.1802,3.1822,32
2026-06-17 18:57:00,3.1782,3.1792,3.1762,3.1782,3.1832,3.1842,3.1812,3.1832,21
2026-06-17 18:58:00,3.1772,3.1802,3.1767,3.1797,3.1822,3.1852,3.1817,3.1847,18
2026-06-17 18:59:00,3.1802,3.1822,3.1792,3.1792,3.1852,3.1872,3.1842,3.1842,10
2026-06-17 19:00:00,3.1782,3.1797,3.1737,3.1752,3.1832,3.1847,3.1787,3.1802,19
2026-06-17 19:01:00,3.1742,3.1742,3.1652,3.1672,3.1792,3.1792,3.1702,3.1722,41
2026-06-17 19:02:00,3.1682,3.1712,3.1682,3.1712,3.1732,3.1762,3.1732,3.1762,14
2026-06-17 19:03:00,3.1717,3.1717,3.1692,3.1712,3.1767,3.1767,3.1742,3.1762,10
2026-06-17 19:04:00,3.1707,3.1732,3.1702,3.1712,3.1757,3.1782,3.1752,3.1762,17
2026-06-17 19:05:00,3.1702,3.1702,3.1682,3.1697,3.1752,3.1752,3.1732,3.1747,22
2026-06-17 19:06:00,3.1702,3.1702,3.1642,3.1662,3.1752,3.1752,3.1692,3.1712,36
2026-06-17 19:07:00,3.1672,3.1702,3.1662,3.1662,3.1722,3.1752,3.1712,3.1712,12
2026-06-17 19:08:00,3.1672,3.1732,3.1652,3.1667,3.1722,3.1782,3.1702,3.1717,32
2026-06-17 19:09:00,3.1672,3.1672,3.1662,3.1662,3.1722,3.1722,3.1712,3.1712,14
2026-06-17 19:10:00,3.1667,3.1692,3.1662,3.1677,3.1717,3.1742,3.1712,3.1727,21
2026-06-17 19:11:00,3.1682,3.1682,3.1672,3.1672,3.1732,3.1732,3.1722,3.1722,10
2026-06-17 19:12:00,3.1662,3.1672,3.1592,3.1617,3.1712,3.1722,3.1642,3.1667,47
2026-06-17 19:13:00,3.1612,3.1642,3.1602,3.1627,3.1662,3.1692,3.1652,3.1677,31
2026-06-17 19:14:00,3.1632,3.1662,3.1622,3.1657,3.1682,3.1712,3.1672,3.1707,9
2026-06-17 19:15:00,3.1662,3.1662,3.1642,3.1652,3.1712,3.1712,3.1692,3.1702,10
2026-06-17 19:16:00,3.1642,3.1662,3.1642,3.1652,3.1692,3.1712,3.1692,3.1702,12
2026-06-17 19:17:00,3.1662,3.1662,3.1602,3.1612,3.1712,3.1712,3.1652,3.1662,28
2026-06-17 19:18:00,3.1622,3.1632,3.1617,3.1622,3.1672,3.1682,3.1667,3.1672,15
2026-06-17 19:19:00,3.1617,3.1632,3.1612,3.1617,3.1667,3.1682,3.1662,3.1667,10
2026-06-17 19:20:00,3.1622,3.1662,3.1622,3.1662,3.1672,3.1712,3.1672,3.1712,12
2026-06-17 19:21:00,3.1652,3.1652,3.1642,3.1642,3.1702,3.1702,3.1692,3.1692,7
2026-06-17 19:22:00,3.1647,3.1652,3.1632,3.1652,3.1697,3.1702,3.1682,3.1702,14
2026-06-17 19:23:00,3.1647,3.1647,3.1582,3.1582,3.1697,3.1697,3.1632,3.1632,30
2026-06-17 19:24:00,3.1572,3.1582,3.1562,3.1572,3.1622,3.1632,3.1612,3.1622,16
2026-06-17 19:25:00,3.1582,3.1602,3.1577,3.1587,3.1632,3.1652,3.1627,3.1637,17
2026-06-17 19:26:00,3.1592,3.1592,3.1572,3.1582,3.1642,3.1642,3.1622,3.1632,7
2026-06-17 19:27:00,3.1572,3.1602,3.1572,3.1587,3.1622,3.1652,3.1622,3.1637,29
2026-06-17 19:28:00,3.1592,3.1602,3.1582,3.1597,3.1642,3.1652,3.1632,3.1647,19
2026-06-17 19:29:00,3.1602,3.1602,3.1582,3.1592,3.1652,3.1652,3.1632,3.1642,14
2026-06-17 19:30:00,3.1597,3.1602,3.1562,3.1572,3.1647,3.1652,3.1612,3.1622,13
2026-06-17 19:31:00,3.1567,3.1622,3.1567,3.1602,3.1617,3.1672,3.1617,3.1652,28
2026-06-17 19:32:00,3.1607,3.1612,3.1602,3.1602,3.1657,3.1662,3.1652,3.1652,7
2026-06-17 19:33:00,3.1597,3.1602,3.1582,3.1597,3.1647,3.1652,3.1632,3.1647,15
2026-06-17 19:34:00,3.1592,3.1622,3.1592,3.1612,3.1642,3.1672,3.1642,3.1662,18
2026-06-17 19:35:00,3.1602,3.1612,3.1592,3.1612,3.1652,3.1662,3.1642,3.1662,13
2026-06-17 19:36:00,3.1607,3.1612,3.1602,3.1612,3.1657,3.1662,3.1652,3.1662,8
2026-06-17 19:37:00,3.1602,3.1602,3.1572,3.1597,3.1652,3.1652,3.1622,3.1647,11
2026-06-17 19:38:00,3.1592,3.1612,3.1592,3.1602,3.1642,3.1662,3.1642,3.1652,15
2026-06-17 19:39:00,3.1592,3.1642,3.1592,3.1622,3.1642,3.1692,3.1642,3.1672,13
2026-06-17 19:40:00,3.1617,3.1622,3.1602,3.1617,3.1667,3.1672,3.1652,3.1667,16
2026-06-17 19:41:00,3.1622,3.1652,3.1612,3.1622,3.1672,3.1702,3.1662,3.1672,28
2026-06-17 19:42:00,3.1617,3.1622,3.1592,3.1612,3.1667,3.1672,3.1642,3.1662,18
2026-06-17 19:43:00,3.1607,3.1612,3.1592,3.1602,3.1657,3.1662,3.1642,3.1652,15
2026-06-17 19:44:00,3.1597,3.1597,3.1577,3.1582,3.1647,3.1647,3.1627,3.1632,18
2026-06-17 19:45:00,3.1587,3.1587,3.1572,3.1582,3.1637,3.1637,3.1622,3.1632,16
2026-06-17 19:46:00,3.1577,3.1632,3.1572,3.1632,3.1627,3.1682,3.1622,3.1682,35
2026-06-17 19:47:00,3.1622,3.1622,3.1592,3.1592,3.1672,3.1672,3.1642,3.1642,12
2026-06-17 19:48:00,3.1602,3.1602,3.1572,3.1577,3.1652,3.1652,3.1622,3.1627,14
2026-06-17 19:49:00,3.1582,3.1602,3.1582,3.1587,3.1632,3.1652,3.1632,3.1637,16
2026-06-17 19:50:00,3.1582,3.1602,3.1572,3.1572,3.1632,3.1652,3.1622,3.1622,29
2026-06-17 19:51:00,3.1582,3.1582,3.1572,3.1582,3.1632,3.1632,3.1622,3.1632,34
2026-06-17 19:52:00,3.1577,3.1577,3.1542,3.1562,3.1627,3.1627,3.1592,3.1612,27
2026-06-17 19:53:00,3.1567,3.1572,3.1562,3.1572,3.1617,3.1622,3.1612,3.1622,9
2026-06-17 19:54:00,3.1582,3.1587,3.1562,3.1572,3.1632,3.1637,3.1612,3.1622,21
2026-06-17 19:55:00,3.1582,3.1592,3.1572,3.1582,3.1632,3.1642,3.1622,3.1632,25
2026-06-17 19:56:00,3.1587,3.1602,3.1582,3.1592,3.1637,3.1652,3.1632,3.1642,21
2026-06-17 19:57:00,3.1587,3.1592,3.1582,3.1582,3.1637,3.1642,3.1632,3.1632,13
2026-06-17 19:58:00,3.1577,3.1582,3.1572,3.1582,3.1627,3.1632,3.1622,3.1632,16
2026-06-17 19:59:00,3.1577,3.1592,3.1567,3.1567,3.1627,3.1642,3.1617,3.1617,16
2026-06-17 20:00:00,3.1572,3.1607,3.1562,3.1562,3.1622,3.1657,3.1612,3.1612,35
2026-06-17 20:01:00,3.1547,3.1562,3.1522,3.1532,3.1597,3.1612,3.1572,3.1582,21
2026-06-17 20:02:00,3.1542,3.1552,3.1527,3.1552,3.1592,3.1602,3.1577,3.1602,25
2026-06-17 20:03:00,3.1557,3.1612,3.1532,3.1602,3.1607,3.1662,3.1582,3.1652,43
2026-06-17 20:04:00,3.1602,3.1622,3.1572,3.1582,3.1652,3.1672,3.1622,3.1632,24
2026-06-17 20:05:00,3.1562,3.1572,3.1562,3.1562,3.1627,3.1627,3.1612,3.1612,8
2026-06-17 20:06:00,3.1567,3.1612,3.1562,3.1597,3.1617,3.1662,3.1612,3.1647,22
2026-06-17 20:07:00,3.1592,3.1592,3.1552,3.1552,3.1642,3.1642,3.1602,3.1602,11
2026-06-17 20:08:00,3.1542,3.1572,3.1542,3.1562,3.1592,3.1622,3.1592,3.1612,20
2026-06-17 20:09:00,3.1567,3.1572,3.1542,3.1557,3.1617,3.1622,3.1592,3.1607,16
2026-06-17 20:10:00,3.1552,3.1562,3.1552,3.1557,3.1602,3.1612,3.1602,3.1607,14
2026-06-17 20:11:00,3.1572,3.1662,3.1572,3.1662,3.1622,3.1712,3.1622,3.1712,39
2026-06-17 20:12:00,3.1652,3.1662,3.1602,3.1612,3.1702,3.1712,3.1652,3.1662,30
2026-06-17 20:13:00,3.1622,3.1822,3.1622,3.1732,3.1672,3.1872,3.1672,3.1782,107
2026-06-17 20:14:00,3.1727,3.1792,3.1722,3.1772,3.1777,3.1842,3.1772,3.1822,46
2026-06-17 20:15:00,3.1777,3.1782,3.1732,3.1732,3.1827,3.1832,3.1782,3.1782,29
2026-06-17 20:16:00,3.1722,3.1732,3.1692,3.1697,3.1772,3.1782,3.1742,3.1747,23
2026-06-17 20:17:00,3.1702,3.1732,3.1702,3.1727,3.1752,3.1782,3.1752,3.1777,11
2026-06-17 20:18:00,3.1722,3.1732,3.1702,3.1702,3.1772,3.1782,3.1752,3.1752,17
2026-06-17 20:19:00,3.1712,3.1722,3.1702,3.1702,3.1762,3.1772,3.1752,3.1752,7
2026-06-17 20:20:00,3.1712,3.1712,3.1662,3.1672,3.1762,3.1762,3.1712,3.1722,13
2026-06-17 20:21:00,3.1682,3.1702,3.1612,3.1662,3.1732,3.1752,3.1662,3.1712,34
2026-06-17 20:22:00,3.1657,3.1667,3.1652,3.1662,3.1707,3.1717,3.1702,3.1712,14
2026-06-17 20:23:00,3.1672,3.1672,3.1662,3.1662,3.1722,3.1722,3.1712,3.1712,17
2026-06-17 20:24:00,3.1672,3.1682,3.1652,3.1652,3.1722,3.1732,3.1702,3.1702,14
2026-06-17 20:25:00,3.1662,3.1702,3.1657,3.1702,3.1712,3.1752,3.1707,3.1752,27
2026-06-17 20:26:00,3.1712,3.1732,3.1662,3.1672,3.1762,3.1782,3.1712,3.1722,79
2026-06-17 20:27:00,3.1682,3.1702,3.1612,3.1612,3.1732,3.1752,3.1662,3.1662,48
2026-06-17 20:28:00,3.1622,3.1647,3.1582,3.1592,3.1672,3.1697,3.1632,3.1642,125
2026-06-17 20:29:00,3.1602,3.1602,3.1532,3.1552,3.1652,3.1652,3.1582,3.1602,83
2026-06-17 20:30:00,3.1557,3.1562,3.1522,3.1552,3.1607,3.1612,3.1572,3.1602,37
2026-06-17 20:31:00,3.1562,3.1582,3.1552,3.1572,3.1612,3.1632,3.1602,3.1622,26
2026-06-17 20:32:00,3.1577,3.1622,3.1572,3.1622,3.1627,3.1672,3.1622,3.1672,43
2026-06-17 20:33:00,3.1627,3.1642,3.1617,3.1637,3.1677,3.1692,3.1667,3.1687,18
2026-06-17 20:34:00,3.1632,3.1672,3.1622,3.1647,3.1682,3.1722,3.1672,3.1697,38
2026-06-17 20:35:00,3.1642,3.1732,3.1642,3.1722,3.1692,3.1782,3.1692,3.1772,72
2026-06-17 20:36:00,3.1732,3.1792,3.1722,3.1787,3.1782,3.1842,3.1772,3.1837,60
2026-06-17 20:37:00,3.1792,3.1802,3.1752,3.1752,3.1842,3.1852,3.1802,3.1802,29
2026-06-17 20:38:00,3.1762,3.1822,3.1752,3.1817,3.1812,3.1872,3.1802,3.1867,43
2026-06-17 20:39:00,3.1822,3.1892,3.1817,3.1817,3.1872,3.1942,3.1867,3.1867,62
2026-06-17 20:40:00,3.1822,3.1902,3.1822,3.1857,3.1872,3.1952,3.1872,3.1907,28
2026-06-17 20:41:00,3.1852,3.1862,3.1832,3.1852,3.1902,3.1912,3.1882,3.1902,18
2026-06-17 20:42:00,3.1842,3.1857,3.1832,3.1852,3.1892,3.1907,3.1882,3.1902,16
2026-06-17 20:43:00,3.1862,3.1882,3.1862,3.1872,3.1912,3.1932,3.1912,3.1922,9
2026-06-17 20:44:00,3.1877,3.1902,3.1877,3.1897,3.1927,3.1952,3.1927,3.1947,20
2026-06-17 20:45:00,3.1892,3.1902,3.1867,3.1882,3.1942,3.1952,3.1917,3.1932,19
2026-06-17 20:46:00,3.1877,3.1922,3.1877,3.1912,3.1927,3.1972,3.1927,3.1962,27
2026-06-17 20:47:00,3.1922,3.1922,3.1877,3.1877,3.1972,3.1972,3.1927,3.1927,10
2026-06-17 20:48:00,3.1882,3.1882,3.1877,3.1882,3.1932,3.1932,3.1927,3.1932,3
2026-06-17 20:49:00,3.1872,3.1902,3.1872,3.1887,3.1922,3.1952,3.1922,3.1937,20
2026-06-17 20:50:00,3.1882,3.1892,3.1882,3.1882,3.1932,3.1942,3.1932,3.1932,18
2026-06-17 20:51:00,3.1877,3.1892,3.1877,3.1882,3.1927,3.1942,3.1927,3.1932,6
2026-06-17 20:52:00,3.1887,3.1887,3.1882,3.1887,3.1937,3.1937,3.1932,3.1937,3
2026-06-17 20:53:00,3.1892,3.1892,3.1872,3.1882,3.1942,3.1942,3.1922,3.1932,11
2026-06-17 20:54:00,3.1892,3.1902,3.1877,3.1882,3.1942,3.1952,3.1927,3.1932,19
2026-06-17 20:55:00,3.1892,3.1912,3.1892,3.1902,3.1942,3.1962,3.1942,3.1952,11
2026-06-17 20:56:00,3.1892,3.1907,3.1887,3.1892,3.1942,3.1957,3.1937,3.1942,11
2026-06-17 20:57:00,3.1907,3.1972,3.1907,3.1922,3.1957,3.2022,3.1957,3.1972,36
2026-06-17 20:58:00,3.1927,3.1932,3.1922,3.1927,3.1977,3.1982,3.1972,3.1977,8
2026-06-17 20:59:00,3.1922,3.1932,3.1902,3.1927,3.1972,3.1982,3.1952,3.1977,18
2026-06-17 21:00:00,3.1922,3.1942,3.1897,3.1897,3.1972,3.1992,3.1947,3.1947,16
2026-06-17 21:01:00,3.1902,3.1902,3.1872,3.1872,3.1952,3.1952,3.1922,3.1922,15
2026-06-17 21:02:00,3.1882,3.1882,3.1842,3.1862,3.1932,3.1932,3.1892,3.1912,21
2026-06-17 21:03:00,3.1872,3.1872,3.1832,3.1842,3.1922,3.1922,3.1882,3.1892,14
2026-06-17 21:04:00,3.1842,3.1872,3.1842,3.1862,3.1892,3.1922,3.1892,3.1912,13
2026-06-17 21:05:00,3.1867,3.1867,3.1862,3.1862,3.1917,3.1917,3.1912,3.1912,2
2026-06-17 21:06:00,3.1857,3.1862,3.1842,3.1857,3.1907,3.1912,3.1892,3.1907,14
2026-06-17 21:07:00,3.1842,3.1842,3.1832,3.1832,3.1892,3.1892,3.1882,3.1882,7
2026-06-17 21:08:00,3.1842,3.1842,3.1742,3.1747,3.1892,3.1892,3.1792,3.1797,36
2026-06-17 21:09:00,3.1742,3.1762,3.1742,3.1757,3.1792,3.1812,3.1792,3.1807,21
2026-06-17 21:10:00,3.1747,3.1757,3.1722,3.1752,3.1797,3.1807,3.1772,3.1802,21
2026-06-17 21:11:00,3.1762,3.1772,3.1757,3.1772,3.1812,3.1822,3.1807,3.1822,21
2026-06-17 21:12:00,3.1777,3.1777,3.1767,3.1777,3.1827,3.1827,3.1817,3.1827,6
2026-06-17 21:13:00,3.1792,3.1792,3.1762,3.1772,3.1842,3.1842,3.1812,3.1822,12
2026-06-17 21:14:00,3.1777,3.1787,3.1742,3.1752,3.1827,3.1837,3.1792,3.1802,15
2026-06-17 21:15:00,3.1757,3.1757,3.1722,3.1722,3.1807,3.1807,3.1772,3.1772,13
2026-06-17 21:16:00,3.1712,3.1747,3.1712,3.1742,3.1762,3.1797,3.1762,3.1792,15
2026-06-17 21:19:00,3.1752,3.1772,3.1752,3.1767,3.1802,3.1822,3.1802,3.1817,9
2026-06-17 21:20:00,3.1772,3.1772,3.1752,3.1752,3.1822,3.1822,3.1802,3.1802,5
2026-06-17 21:21:00,3.1762,3.1802,3.1752,3.1802,3.1812,3.1852,3.1802,3.1852,20
2026-06-17 21:22:00,3.1812,3.1832,3.1812,3.1832,3.1862,3.1882,3.1862,3.1882,11
2026-06-17 21:23:00,3.1842,3.1872,3.1842,3.1872,3.1892,3.1922,3.1892,3.1922,20
2026-06-17 21:24:00,3.1867,3.1882,3.1862,3.1882,3.1917,3.1932,3.1912,3.1932,18
2026-06-17 21:25:00,3.1877,3.1877,3.1862,3.1872,3.1927,3.1927,3.1912,3.1922,7
2026-06-17 21:26:00,3.1862,3.1902,3.1862,3.1882,3.1912,3.1952,3.1912,3.1932,14
2026-06-17 21:27:00,3.1872,3.1887,3.1872,3.1877,3.1922,3.1937,3.1922,3.1927,20
2026-06-17 21:28:00,3.1882,3.1902,3.1872,3.1892,3.1932,3.1952,3.1922,3.1942,12
2026-06-17 21:29:00,3.1882,3.1902,3.1882,3.1902,3.1932,3.1952,3.1932,3.1952,6
2026-06-17 21:30:00,3.1892,3.1942,3.1892,3.1932,3.1942,3.1992,3.1942,3.1982,12
2026-06-17 21:31:00,3.1922,3.1932,3.1912,3.1932,3.1972,3.1982,3.1962,3.1982,10
2026-06-17 21:32:00,3.1922,3.1932,3.1922,3.1922,3.1972,3.1982,3.1972,3.1972,3
2026-06-17 21:33:00,3.1912,3.1922,3.1912,3.1922,3.1962,3.1972,3.1962,3.1972,4
2026-06-17 21:34:00,3.1912,3.1942,3.1912,3.1932,3.1962,3.1992,3.1962,3.1982,9
2026-06-17 21:35:00,3.1922,3.1942,3.1922,3.1932,3.1972,3.1992,3.1972,3.1982,9
2026-06-17 21:36:00,3.1937,3.1937,3.1932,3.1932,3.1987,3.1987,3.1982,3.1982,2
2026-06-17 21:37:00,3.1922,3.1932,3.1922,3.1932,3.1972,3.1982,3.1972,3.1982,6
2026-06-17 21:38:00,3.1942,3.1942,3.1932,3.1932,3.1992,3.1992,3.1982,3.1982,2
2026-06-17 21:39:00,3.1942,3.1942,3.1912,3.1922,3.1992,3.1992,3.1962,3.1972,7
2026-06-17 21:40:00,3.1932,3.1932,3.1922,3.1932,3.1982,3.1982,3.1972,3.1982,4
2026-06-17 21:43:00,3.1912,3.1912,3.1912,3.1912,3.1962,3.1962,3.1962,3.1962,1
2026-06-17 21:44:00,3.1922,3.1932,3.1922,3.1932,3.1972,3.1982,3.1972,3.1982,3
2026-06-17 21:45:00,3.1942,3.1962,3.1942,3.1947,3.1992,3.2012,3.1992,3.1997,13
2026-06-17 21:46:00,3.1952,3.1957,3.1952,3.1957,3.2002,3.2007,3.2002,3.2007,5
2026-06-17 21:47:00,3.1962,3.1962,3.1942,3.1952,3.2012,3.2012,3.1992,3.2002,6
2026-06-17 21:48:00,3.1957,3.1957,3.1957,3.1957,3.2007,3.2007,3.2007,3.2007,1
2026-06-17 21:49:00,3.1952,3.1952,3.1942,3.1952,3.2002,3.2002,3.1992,3.2002,3
2026-06-17 21:50:00,3.1952,3.1962,3.1942,3.1952,3.2002,3.2012,3.1992,3.2002,10
2026-06-17 21:51:00,3.1962,3.1987,3.1962,3.1972,3.2012,3.2037,3.2012,3.2022,16
2026-06-17 21:52:00,3.1982,3.2012,3.1982,3.1992,3.2032,3.2062,3.2032,3.2042,14
2026-06-17 21:53:00,3.1982,3.1992,3.1972,3.1987,3.2032,3.2042,3.2022,3.2037,9
2026-06-17 21:54:00,3.1992,3.2012,3.1982,3.2012,3.2042,3.2062,3.2032,3.2062,5
2026-06-17 21:55:00,3.2007,3.2012,3.1992,3.1997,3.2057,3.2062,3.2042,3.2047,15
2026-06-17 21:56:00,3.2002,3.2002,3.1972,3.1982,3.2052,3.2052,3.2022,3.2032,7
2026-06-17 21:57:00,3.1992,3.1992,3.1992,3.1992,3.2042,3.2042,3.2042,3.2042,1
2026-06-17 21:58:00,3.2002,3.2002,3.1992,3.2002,3.2052,3.2052,3.2042,3.2052,7
2026-06-17 21:59:00,3.1997,3.2002,3.1982,3.1987,3.2047,3.2052,3.2032,3.2037,10
2026-06-17 22:00:00,3.1992,3.1992,3.1982,3.1982,3.2042,3.2042,3.2032,3.2032,2
2026-06-17 22:01:00,3.1992,3.2002,3.1992,3.1992,3.2042,3.2052,3.2042,3.2042,10
2026-06-17 22:02:00,3.1982,3.1987,3.1962,3.1962,3.2032,3.2037,3.2012,3.2012,6
2026-06-17 22:03:00,3.1967,3.1982,3.1967,3.1977,3.2017,3.2032,3.2017,3.2027,7
2026-06-17 22:04:00,3.1982,3.2002,3.1982,3.2002,3.2032,3.2052,3.2032,3.2052,5
2026-06-17 22:05:00,3.2012,3.2012,3.2002,3.2002,3.2062,3.2062,3.2052,3.2052,4
2026-06-17 22:06:00,3.2012,3.2022,3.1997,3.2002,3.2062,3.2072,3.2047,3.2052,12
2026-06-17 22:07:00,3.2007,3.2012,3.2002,3.2007,3.2057,3.2062,3.2052,3.2057,6
2026-06-17 22:08:00,3.2022,3.2042,3.2012,3.2027,3.2072,3.2092,3.2062,3.2077,11
2026-06-17 22:09:00,3.2032,3.2032,3.1982,3.1997,3.2082,3.2082,3.2032,3.2047,18
2026-06-17 22:10:00,3.2002,3.2002,3.1972,3.1992,3.2052,3.2052,3.2022,3.2042,15
2026-06-17 22:11:00,3.1997,3.2002,3.1972,3.1977,3.2047,3.2052,3.2022,3.2027,12
2026-06-17 22:12:00,3.1972,3.1972,3.1962,3.1972,3.2022,3.2022,3.2012,3.2022,3
2026-06-17 22:13:00,3.1977,3.1982,3.1962,3.1962,3.2027,3.2032,3.2012,3.2012,15
2026-06-17 22:14:00,3.1952,3.1972,3.1952,3.1972,3.2002,3.2022,3.2002,3.2022,5
2026-06-17 22:15:00,3.1977,3.1977,3.1962,3.1962,3.2027,3.2027,3.2012,3.2012,3
2026-06-17 22:16:00,3.1972,3.1982,3.1972,3.1977,3.2022,3.2032,3.2022,3.2027,8
2026-06-17 22:17:00,3.1972,3.1977,3.1972,3.1972,3.2022,3.2027,3.2022,3.2022,5
2026-06-17 22:19:00,3.1982,3.1982,3.1982,3.1982,3.2032,3.2032,3.2032,3.2032,1
2026-06-17 22:21:00,3.1972,3.1972,3.1957,3.1962,3.2022,3.2022,3.2007,3.2012,4
2026-06-17 22:22:00,3.1967,3.1972,3.1962,3.1972,3.2017,3.2022,3.2012,3.2022,4
2026-06-17 22:23:00,3.1967,3.1967,3.1967,3.1967,3.2017,3.2017,3.2017,3.2017,1
2026-06-17 22:24:00,3.1962,3.1962,3.1942,3.1957,3.2012,3.2012,3.1992,3.2007,10
2026-06-17 22:25:00,3.1962,3.1972,3.1957,3.1972,3.2012,3.2022,3.2007,3.2022,7
2026-06-17 22:26:00,3.1967,3.1972,3.1967,3.1967,3.2017,3.2022,3.2017,3.2017,3
2026-06-17 22:28:00,3.1962,3.1972,3.1952,3.1967,3.2012,3.2022,3.2002,3.2017,13
2026-06-17 22:29:00,3.1972,3.1972,3.1957,3.1962,3.2022,3.2022,3.2007,3.2012,5
2026-06-17 22:30:00,3.1957,3.1962,3.1952,3.1962,3.2007,3.2012,3.2002,3.2012,4
2026-06-17 22:31:00,3.1952,3.1952,3.1927,3.1947,3.2002,3.2002,3.1977,3.1997,9
2026-06-17 22:32:00,3.1942,3.1947,3.1942,3.1942,3.1992,3.1997,3.1992,3.1992,3
2026-06-17 22:33:00,3.1952,3.1952,3.1952,3.1952,3.2002,3.2002,3.2002,3.2002,1
2026-06-17 22:34:00,3.1957,3.1957,3.1942,3.1942,3.2007,3.2007,3.1992,3.1992,8
2026-06-17 22:35:00,3.1947,3.1952,3.1947,3.1947,3.1997,3.2002,3.1997,3.1997,3
2026-06-17 22:36:00,3.1942,3.1942,3.1942,3.1942,3.1992,3.1992,3.1992,3.1992,1
2026-06-17 22:39:00,3.1932,3.1932,3.1932,3.1932,3.1982,3.1982,3.1982,3.1982,1
2026-06-17 22:40:00,3.1922,3.1922,3.1922,3.1922,3.1972,3.1972,3.1972,3.1972,1
2026-06-17 22:43:00,3.1927,3.1932,3.1922,3.1927,3.1977,3.1982,3.1972,3.1977,7
2026-06-17 22:44:00,3.1922,3.1922,3.1922,3.1922,3.1972,3.1972,3.1972,3.1972,1
2026-06-17 22:46:00,3.1912,3.1922,3.1902,3.1902,3.1962,3.1972,3.1952,3.1952,10
2026-06-17 22:47:00,3.1892,3.1892,3.1872,3.1872,3.1942,3.1942,3.1922,3.1922,5
2026-06-17 22:48:00,3.1862,3.1892,3.1862,3.1872,3.1912,3.1942,3.1912,3.1922,11
2026-06-17 22:49:00,3.1877,3.1882,3.1877,3.1882,3.1927,3.1932,3.1927,3.1932,2
2026-06-17 22:50:00,3.1892,3.1892,3.1862,3.1862,3.1942,3.1942,3.1912,3.1912,9
2026-06-17 22:52:00,3.1867,3.1867,3.1842,3.1842,3.1917,3.1917,3.1892,3.1892,11
2026-06-17 22:53:00,3.1847,3.1862,3.1832,3.1832,3.1897,3.1912,3.1882,3.1882,12
2026-06-17 22:54:00,3.1827,3.1827,3.1782,3.1782,3.1877,3.1877,3.1832,3.1832,15
2026-06-17 22:55:00,3.1792,3.1792,3.1782,3.1782,3.1842,3.1842,3.1832,3.1832,5
2026-06-17 22:56:00,3.1772,3.1777,3.1752,3.1762,3.1822,3.1827,3.1802,3.1812,14
2026-06-17 22:57:00,3.1757,3.1757,3.1722,3.1722,3.1807,3.1807,3.1772,3.1772,7
2026-06-17 22:58:00,3.1717,3.1732,3.1682,3.1722,3.1767,3.1782,3.1732,3.1772,18
2026-06-17 22:59:00,3.1712,3.1886,3.1662,3.1881,3.1762,3.1931,3.1712,3.1931,63
2026-06-18 00:00:00,3.1881,3.1901,3.1876,3.1891,3.1931,3.1951,3.1926,3.1941,12
2026-06-18 00:01:00,3.1896,3.1896,3.1876,3.1881,3.1946,3.1946,3.1926,3.1931,4
2026-06-18 00:02:00,3.1886,3.1886,3.1881,3.1886,3.1936,3.1936,3.1931,3.1936,5
2026-06-18 00:03:00,3.1876,3.1886,3.1871,3.1886,3.1926,3.1936,3.1921,3.1936,7
2026-06-18 00:04:00,3.1881,3.1891,3.1881,3.1891,3.1931,3.1941,3.1931,3.1941,3
2026-06-18 00:05:00,3.1896,3.1911,3.1896,3.1911,3.1946,3.1961,3.1946,3.1961,2
2026-06-18 00:06:00,3.1901,3.1901,3.1896,3.1901,3.1951,3.1951,3.1946,3.1951,3
2026-06-18 00:07:00,3.1896,3.1896,3.1891,3.1891,3.1946,3.1946,3.1941,3.1941,2
2026-06-18 00:08:00,3.1826,3.1851,3.1826,3.1836,3.1876,3.1901,3.1876,3.1886,5
2026-06-18 00:09:00,3.1821,3.1821,3.1816,3.1816,3.1871,3.1871,3.1866,3.1866,2
2026-06-18 00:10:00,3.1806,3.1826,3.1806,3.1816,3.1856,3.1876,3.1856,3.1866,9
2026-06-18 00:11:00,3.1826,3.1841,3.1826,3.1841,3.1876,3.1891,3.1876,3.1891,2
2026-06-18 00:14:00,3.1846,3.1851,3.1846,3.1851,3.1896,3.1901,3.1896,3.1901,2
2026-06-18 00:15:00,3.1861,3.1896,3.1856,3.1896,3.1911,3.1946,3.1906,3.1946,14
2026-06-18 00:16:00,3.1901,3.1901,3.1836,3.1836,3.1951,3.1951,3.1886,3.1886,15
2026-06-18 00:17:00,3.1831,3.1891,3.1781,3.1891,3.1881,3.1941,3.1831,3.1941,21
2026-06-18 00:18:00,3.1906,3.1921,3.1896,3.1921,3.1956,3.1971,3.1946,3.1971,6
2026-06-18 00:19:00,3.1926,3.1941,3.1926,3.1931,3.1976,3.1991,3.1976,3.1981,7
2026-06-18 00:20:00,3.1926,3.1941,3.1926,3.1941,3.1976,3.1991,3.1976,3.1991,6
2026-06-18 00:21:00,3.1936,3.1966,3.1936,3.1951,3.1986,3.2016,3.1986,3.2001,6
2026-06-18 00:24:00,3.1936,3.1936,3.1926,3.1926,3.1986,3.1986,3.1976,3.1976,2
2026-06-18 00:25:00,3.1921,3.1931,3.1911,3.1931,3.1971,3.1981,3.1961,3.1981,4
2026-06-18 00:26:00,3.1936,3.1936,3.1936,3.1936,3.1986,3.1986,3.1986,3.1986,1
2026-06-18 00:30:00,3.1931,3.1941,3.1931,3.1941,3.1981,3.1991,3.1981,3.1991,3
2026-06-18 00:31:00,3.1946,3.1946,3.1946,3.1946,3.1996,3.1996,3.1996,3.1996,1
2026-06-18 00:32:00,3.1941,3.1941,3.1926,3.1926,3.1991,3.1991,3.1976,3.1976,2
2026-06-18 00:33:00,3.1921,3.1926,3.1921,3.1926,3.1971,3.1976,3.1971,3.1976,2
2026-06-18 00:34:00,3.1921,3.1961,3.1921,3.1961,3.1971,3.2011,3.1971,3.2011,4
2026-06-18 00:35:00,3.1951,3.1961,3.1951,3.1956,3.2001,3.2011,3.2001,3.2006,4
2026-06-18 00:36:00,3.1966,3.1966,3.1966,3.1966,3.2016,3.2016,3.2016,3.2016,1
2026-06-18 00:37:00,3.1956,3.1971,3.1956,3.1971,3.2006,3.2021,3.2006,3.2021,7
2026-06-18 00:38:00,3.1976,3.1976,3.1966,3.1966,3.2026,3.2026,3.2016,3.2016,2
2026-06-18 00:39:00,3.1961,3.1961,3.1961,3.1961,3.2011,3.2011,3.2011,3.2011,1
2026-06-18 00:40:00,3.1956,3.1956,3.1956,3.1956,3.2006,3.2006,3.2006,3.2006,1
2026-06-18 00:43:00,3.1941,3.1941,3.1936,3.1941,3.1991,3.1991,3.1986,3.1991,5
2026-06-18 00:44:00,3.1946,3.1946,3.1946,3.1946,3.1996,3.1996,3.1996,3.1996,1
2026-06-18 00:45:00,3.1941,3.1941,3.1926,3.1926,3.1991,3.1991,3.1976,3.1976,3
2026-06-18 00:46:00,3.1931,3.1961,3.1931,3.1956,3.1981,3.2011,3.1981,3.2006,4
2026-06-18 00:47:00,3.1951,3.1951,3.1941,3.1941,3.2001,3.2001,3.1991,3.1991,4
2026-06-18 00:48:00,3.1936,3.1936,3.1916,3.1916,3.1986,3.1986,3.1966,3.1966,5
2026-06-18 00:49:00,3.1911,3.1911,3.1911,3.1911,3.1961,3.1961,3.1961,3.1961,1
2026-06-18 00:50:00,3.1921,3.1921,3.1921,3.1921,3.1971,3.1971,3.1971,3.1971,1
2026-06-18 00:51:00,3.1926,3.1946,3.1926,3.1946,3.1976,3.1996,3.1976,3.1996,5
2026-06-18 00:52:00,3.1951,3.1956,3.1951,3.1956,3.2001,3.2006,3.2001,3.2006,2
2026-06-18 00:53:00,3.1951,3.1951,3.1951,3.1951,3.2001,3.2001,3.2001,3.2001,1
2026-06-18 00:54:00,3.1936,3.1936,3.1936,3.1936,3.1986,3.1986,3.1986,3.1986,1
2026-06-18 00:55:00,3.1931,3.1941,3.1926,3.1941,3.1981,3.1991,3.1976,3.1991,4
2026-06-18 00:56:00,3.1946,3.1951,3.1946,3.1951,3.1996,3.2001,3.1996,3.2001,2
2026-06-18 00:57:00,3.1941,3.1941,3.1936,3.1936,3.1991,3.1991,3.1986,3.1986,2
2026-06-18 00:58:00,3.1931,3.1931,3.1926,3.1931,3.1981,3.1981,3.1976,3.1981,3
2026-06-18 00:59:00,3.1926,3.1931,3.1926,3.1931,3.1976,3.1981,3.1976,3.1981,2
2026-06-18 01:01:00,3.1926,3.1926,3.1916,3.1916,3.1976,3.1976,3.1966,3.1966,2
2026-06-18 01:02:00,3.1911,3.1911,3.1911,3.1911,3.1961,3.1961,3.1961,3.1961,1
2026-06-18 01:03:00,3.1921,3.1921,3.1911,3.1911,3.1971,3.1971,3.1961,3.1961,2
2026-06-18 01:09:00,3.1916,3.1916,3.1911,3.1911,3.1966,3.1966,3.1961,3.1961,2
2026-06-18 01:10:00,3.1916,3.1916,3.1911,3.1911,3.1966,3.1966,3.1961,3.1961,2
2026-06-18 01:14:00,3.1916,3.1916,3.1916,3.1916,3.1966,3.1966,3.1966,3.1966,1
2026-06-18 01:15:00,3.1911,3.1911,3.1906,3.1911,3.1961,3.1961,3.1956,3.1961,3
2026-06-18 01:16:00,3.1906,3.1906,3.1906,3.1906,3.1956,3.1956,3.1956,3.1956,1
2026-06-18 01:17:00,3.1911,3.1921,3.1911,3.1921,3.1961,3.1971,3.1961,3.1971,2
2026-06-18 01:18:00,3.1916,3.1916,3.1911,3.1911,3.1966,3.1966,3.1961,3.1961,2
2026-06-18 01:19:00,3.1916,3.1921,3.1911,3.1911,3.1966,3.1971,3.1961,3.1961,3
2026-06-18 01:22:00,3.1906,3.1906,3.1906,3.1906,3.1956,3.1956,3.1956,3.1956,1
2026-06-18 01:23:00,3.1901,3.1901,3.1901,3.1901,3.1951,3.1951,3.1951,3.1951,1
2026-06-18 01:24:00,3.1906,3.1911,3.1906,3.1906,3.1956,3.1961,3.1956,3.1956,3
2026-06-18 01:25:00,3.1911,3.1916,3.1911,3.1916,3.1961,3.1966,3.1961,3.1966,2
2026-06-18 01:26:00,3.1921,3.1921,3.1921,3.1921,3.1971,3.1971,3.1971,3.1971,1
2026-06-18 01:28:00,3.1926,3.1926,3.1926,3.1926,3.1976,3.1976,3.1976,3.1976,1
2026-06-18 01:29:00,3.1921,3.1926,3.1921,3.1921,3.1971,3.1976,3.1971,3.1971,3
2026-06-18 01:33:00,3.1926,3.1931,3.1926,3.1931,3.1976,3.1981,3.1976,3.1981,2
2026-06-18 01:34:00,3.1926,3.1926,3.1926,3.1926,3.1976,3.1976,3.1976,3.1976,1
2026-06-18 01:35:00,3.1936,3.1941,3.1936,3.1941,3.1986,3.1991,3.1986,3.1991,2
2026-06-18 01:37:00,3.1936,3.1941,3.1936,3.1941,3.1986,3.1991,3.1986,3.1991,2
2026-06-18 01:39:00,3.1936,3.1936,3.1936,3.1936,3.1986,3.1986,3.1986,3.1986,1
2026-06-18 01:42:00,3.1926,3.1926,3.1911,3.1911,3.1976,3.1976,3.1961,3.1961,4
2026-06-18 01:43:00,3.1916,3.1916,3.1916,3.1916,3.1966,3.1966,3.1966,3.1966,1
2026-06-18 01:44:00,3.1911,3.1916,3.1911,3.1916,3.1961,3.1966,3.1961,3.1966,2
2026-06-18 01:45:00,3.1906,3.1906,3.1901,3.1901,3.1956,3.1956,3.1951,3.1951,2
2026-06-18 01:47:00,3.1896,3.1901,3.1896,3.1901,3.1946,3.1951,3.1946,3.1951,2
2026-06-18 01:50:00,3.1906,3.1916,3.1896,3.1906,3.1956,3.1966,3.1946,3.1956,9
2026-06-18 01:52:00,3.1901,3.1901,3.1901,3.1901,3.1951,3.1951,3.1951,3.1951,1
2026-06-18 01:54:00,3.1906,3.1906,3.1906,3.1906,3.1956,3.1956,3.1956,3.1956,1
2026-06-18 01:55:00,3.1916,3.1916,3.1916,3.1916,3.1966,3.1966,3.1966,3.1966,1
2026-06-18 01:56:00,3.1911,3.1911,3.1896,3.1901,3.1961,3.1961,3.1946,3.1951,4
2026-06-18 01:57:00,3.1886,3.1886,3.1866,3.1886,3.1936,3.1936,3.1916,3.1936,8
2026-06-18 01:58:00,3.1881,3.1881,3.1881,3.1881,3.1931,3.1931,3.1931,3.1931,1
2026-06-18 01:59:00,3.1886,3.1886,3.1876,3.1876,3.1936,3.1936,3.1926,3.1926,2
2026-06-18 02:00:00,3.1866,3.1876,3.1846,3.1851,3.1916,3.1926,3.1896,3.1901,16
2026-06-18 02:01:00,3.1846,3.1846,3.1806,3.1811,3.1896,3.1896,3.1856,3.1861,13
2026-06-18 02:02:00,3.1816,3.1826,3.1806,3.1826,3.1866,3.1876,3.1856,3.1876,7
2026-06-18 02:03:00,3.1821,3.1826,3.1821,3.1826,3.1871,3.1876,3.1871,3.1876,2
2026-06-18 02:04:00,3.1821,3.1821,3.1781,3.1781,3.1871,3.1871,3.1831,3.1831,5
2026-06-18 02:05:00,3.1786,3.1806,3.1786,3.1806,3.1836,3.1856,3.1836,3.1856,7
2026-06-18 02:06:00,3.1811,3.1816,3.1781,3.1781,3.1861,3.1866,3.1831,3.1831,6
2026-06-18 02:07:00,3.1786,3.1786,3.1786,3.1786,3.1836,3.1836,3.1836,3.1836,1
2026-06-18 02:08:00,3.1791,3.1806,3.1791,3.1806,3.1841,3.1856,3.1841,3.1856,4
2026-06-18 02:09:00,3.1816,3.1816,3.1806,3.1811,3.1866,3.1866,3.1856,3.1861,5
2026-06-18 02:10:00,3.1816,3.1816,3.1806,3.1806,3.1866,3.1866,3.1856,3.1856,4
2026-06-18 02:11:00,3.1796,3.1801,3.1796,3.1801,3.1846,3.1851,3.1846,3.1851,4
2026-06-18 02:12:00,3.1796,3.1826,3.1796,3.1811,3.1846,3.1876,3.1846,3.1861,10
2026-06-18 02:13:00,3.1816,3.1816,3.1811,3.1816,3.1866,3.1866,3.1861,3.1866,3
2026-06-18 02:14:00,3.1811,3.1811,3.1806,3.1806,3.1861,3.1861,3.1856,3.1856,2
2026-06-18 02:15:00,3.1796,3.1801,3.1796,3.1801,3.1846,3.1851,3.1846,3.1851,2
2026-06-18 02:16:00,3.1806,3.1806,3.1796,3.1801,3.1856,3.1856,3.1846,3.1851,3
2026-06-18 02:17:00,3.1806,3.1806,3.1806,3.1806,3.1856,3.1856,3.1856,3.1856,1
2026-06-18 02:18:00,3.1811,3.1816,3.1806,3.1811,3.1861,3.1866,3.1856,3.1861,5
2026-06-18 02:19:00,3.1806,3.1811,3.1806,3.1811,3.1856,3.1861,3.1856,3.1861,4
2026-06-18 02:20:00,3.1816,3.1846,3.1816,3.1826,3.1866,3.1896,3.1866,3.1876,7
2026-06-18 02:21:00,3.1831,3.1836,3.1831,3.1831,3.1881,3.1886,3.1881,3.1881,3
2026-06-18 02:22:00,3.1836,3.1836,3.1836,3.1836,3.1886,3.1886,3.1886,3.1886,1
2026-06-18 02:23:00,3.1831,3.1831,3.1831,3.1831,3.1881,3.1881,3.1881,3.1881,1
2026-06-18 02:24:00,3.1836,3.1846,3.1826,3.1826,3.1886,3.1896,3.1876,3.1876,5
2026-06-18 02:25:00,3.1836,3.1841,3.1831,3.1841,3.1886,3.1891,3.1881,3.1891,6
2026-06-18 02:27:00,3.1836,3.1836,3.1831,3.1831,3.1886,3.1886,3.1881,3.1881,2
2026-06-18 02:28:00,3.1836,3.1841,3.1836,3.1841,3.1886,3.1891,3.1886,3.1891,2
2026-06-18 02:29:00,3.1836,3.1841,3.1836,3.1841,3.1886,3.1891,3.1886,3.1891,2
2026-06-18 02:30:00,3.1836,3.1836,3.1836,3.1836,3.1886,3.1886,3.1886,3.1886,1
2026-06-18 02:31:00,3.1831,3.1836,3.1831,3.1836,3.1881,3.1886,3.1881,3.1886,2
2026-06-18 02:32:00,3.1831,3.1831,3.1831,3.1831,3.1881,3.1881,3.1881,3.1881,1
2026-06-18 02:33:00,3.1836,3.1856,3.1836,3.1856,3.1886,3.1906,3.1886,3.1906,4
2026-06-18 02:34:00,3.1861,3.1861,3.1856,3.1861,3.1911,3.1911,3.1906,3.1911,3
2026-06-18 02:35:00,3.1856,3.1861,3.1856,3.1856,3.1906,3.1911,3.1906,3.1906,3
2026-06-18 02:36:00,3.1861,3.1861,3.1861,3.1861,3.1911,3.1911,3.1911,3.1911,1
2026-06-18 02:37:00,3.1856,3.1856,3.1856,3.1856,3.1906,3.1906,3.1906,3.1906,1
2026-06-18 02:38:00,3.1861,3.1861,3.1861,3.1861,3.1911,3.1911,3.1911,3.1911,1
2026-06-18 02:39:00,3.1856,3.1861,3.1856,3.1861,3.1906,3.1911,3.1906,3.1911,4
2026-06-18 02:40:00,3.1856,3.1861,3.1856,3.1861,3.1906,3.1911,3.1906,3.1911,2
2026-06-18 02:41:00,3.1866,3.1866,3.1861,3.1861,3.1916,3.1916,3.1911,3.1911,2
2026-06-18 02:42:00,3.1856,3.1856,3.1856,3.1856,3.1906,3.1906,3.1906,3.1906,1
2026-06-18 02:44:00,3.1851,3.1851,3.1846,3.1851,3.1901,3.1901,3.1896,3.1901,3
2026-06-18 02:45:00,3.1856,3.1916,3.1856,3.1911,3.1906,3.1966,3.1906,3.1961,14
2026-06-18 02:46:00,3.1896,3.1936,3.1896,3.1926,3.1946,3.1986,3.1946,3.1976,9
2026-06-18 02:47:00,3.1966,3.1976,3.1966,3.1971,3.2016,3.2026,3.2016,3.2021,13
2026-06-18 02:48:00,3.1976,3.1986,3.1966,3.1966,3.2026,3.2036,3.2016,3.2016,8
2026-06-18 02:49:00,3.1956,3.1971,3.1936,3.1936,3.2006,3.2021,3.1986,3.1986,6
2026-06-18 02:50:00,3.1941,3.1951,3.1941,3.1951,3.1991,3.2001,3.1991,3.2001,5
2026-06-18 02:51:00,3.1956,3.1956,3.1956,3.1956,3.2006,3.2006,3.2006,3.2006,1
2026-06-18 02:52:00,3.1961,3.1961,3.1961,3.1961,3.2011,3.2011,3.2011,3.2011,1
2026-06-18 02:53:00,3.1976,3.1996,3.1976,3.1986,3.2026,3.2046,3.2026,3.2036,7
2026-06-18 02:54:00,3.1981,3.1991,3.1981,3.1991,3.2031,3.2041,3.2031,3.2041,10
2026-06-18 02:56:00,3.1996,3.1996,3.1976,3.1986,3.2046,3.2046,3.2026,3.2036,12
2026-06-18 02:57:00,3.1981,3.1991,3.1981,3.1991,3.2031,3.2041,3.2031,3.2041,4
2026-06-18 02:58:00,3.1986,3.1986,3.1981,3.1986,3.2036,3.2036,3.2031,3.2036,3
2026-06-18 02:59:00,3.1991,3.1996,3.1991,3.1991,3.2041,3.2046,3.2041,3.2041,3
2026-06-18 03:00:00,3.1976,3.2016,3.1976,3.2011,3.2026,3.2066,3.2026,3.2061,13
2026-06-18 03:01:00,3.2006,3.2011,3.1966,3.1986,3.2056,3.2061,3.2016,3.2036,14
2026-06-18 03:02:00,3.1996,3.1996,3.1966,3.1971,3.2046,3.2046,3.2016,3.2021,12
2026-06-18 03:03:00,3.1966,3.1976,3.1946,3.1946,3.2016,3.2026,3.1996,3.1996,5
2026-06-18 03:04:00,3.1966,3.1986,3.1966,3.1986,3.2016,3.2036,3.2016,3.2036,6
2026-06-18 03:05:00,3.1991,3.1996,3.1991,3.1996,3.2041,3.2046,3.2041,3.2046,2
2026-06-18 03:06:00,3.2001,3.2006,3.1996,3.1996,3.2051,3.2056,3.2046,3.2046,7
2026-06-18 03:07:00,3.2001,3.2011,3.1996,3.2011,3.2051,3.2061,3.2046,3.2061,11
2026-06-18 03:08:00,3.2006,3.2006,3.1996,3.1996,3.2056,3.2056,3.2046,3.2046,2
2026-06-18 03:09:00,3.2001,3.2001,3.1996,3.2001,3.2051,3.2051,3.2046,3.2051,5
2026-06-18 03:10:00,3.1996,3.1996,3.1986,3.1986,3.2046,3.2046,3.2036,3.2036,3
2026-06-18 03:11:00,3.1991,3.1996,3.1991,3.1996,3.2041,3.2046,3.2041,3.2046,2
2026-06-18 03:12:00,3.2006,3.2016,3.2006,3.2011,3.2056,3.2066,3.2056,3.2061,10
2026-06-18 03:13:00,3.2021,3.2026,3.2016,3.2021,3.2071,3.2076,3.2066,3.2071,5
2026-06-18 03:14:00,3.2026,3.2026,3.2026,3.2026,3.2076,3.2076,3.2076,3.2076,1
2026-06-18 03:15:00,3.2021,3.2021,3.2021,3.2021,3.2071,3.2071,3.2071,3.2071,1
2026-06-18 03:18:00,3.2026,3.2026,3.2006,3.2016,3.2076,3.2076,3.2056,3.2066,6
2026-06-18 03:19:00,3.2006,3.2026,3.2006,3.2026,3.2056,3.2076,3.2056,3.2076,5
2026-06-18 03:20:00,3.2021,3.2021,3.2021,3.2021,3.2071,3.2071,3.2071,3.2071,1
2026-06-18 03:21:00,3.2016,3.2016,3.2006,3.2016,3.2066,3.2066,3.2056,3.2066,4
2026-06-18 03:22:00,3.2021,3.2021,3.2011,3.2011,3.2071,3.2071,3.2061,3.2061,3
2026-06-18 03:23:00,3.2006,3.2006,3.1996,3.1996,3.2056,3.2056,3.2046,3.2046,3
2026-06-18 03:24:00,3.1986,3.2021,3.1986,3.2006,3.2036,3.2071,3.2036,3.2056,8
2026-06-18 03:25:00,3.1996,3.2001,3.1996,3.2001,3.2046,3.2051,3.2046,3.2051,2
2026-06-18 03:26:00,3.2006,3.2006,3.2006,3.2006,3.2056,3.2056,3.2056,3.2056,1
2026-06-18 03:27:00,3.2001,3.2001,3.2001,3.2001,3.2051,3.2051,3.2051,3.2051,1
2026-06-18 03:28:00,3.2006,3.2006,3.1996,3.1996,3.2056,3.2056,3.2046,3.2046,4
2026-06-18 03:30:00,3.2001,3.2006,3.1986,3.1986,3.2051,3.2056,3.2036,3.2036,4
2026-06-18 03:32:00,3.1991,3.1991,3.1991,3.1991,3.2041,3.2041,3.2041,3.2041,1
2026-06-18 03:33:00,3.1986,3.1986,3.1966,3.1986,3.2036,3.2036,3.2016,3.2036,8
2026-06-18 03:34:00,3.1996,3.2001,3.1996,3.2001,3.2046,3.2051,3.2046,3.2051,2
2026-06-18 03:35:00,3.1996,3.1996,3.1996,3.1996,3.2046,3.2046,3.2046,3.2046,1
2026-06-18 03:36:00,3.2006,3.2011,3.2001,3.2001,3.2056,3.2061,3.2051,3.2051,4
2026-06-18 03:38:00,3.2006,3.2006,3.1996,3.2006,3.2056,3.2056,3.2046,3.2056,4
2026-06-18 03:39:00,3.2011,3.2011,3.1996,3.2001,3.2061,3.2061,3.2046,3.2051,6
2026-06-18 03:41:00,3.1996,3.1996,3.1986,3.1991,3.2046,3.2046,3.2036,3.2041,3
2026-06-18 03:42:00,3.1986,3.1991,3.1986,3.1991,3.2036,3.2041,3.2036,3.2041,2
2026-06-18 03:43:00,3.1986,3.1991,3.1986,3.1986,3.2036,3.2041,3.2036,3.2036,3
2026-06-18 03:44:00,3.1991,3.1996,3.1991,3.1996,3.2041,3.2046,3.2041,3.2046,2
2026-06-18 03:45:00,3.1991,3.2001,3.1991,3.2001,3.2041,3.2051,3.2041,3.2051,3
2026-06-18 03:46:00,3.2016,3.2016,3.2016,3.2016,3.2066,3.2066,3.2066,3.2066,1
2026-06-18 03:47:00,3.2021,3.2026,3.2021,3.2026,3.2071,3.2076,3.2071,3.2076,2
2026-06-18 03:48:00,3.2031,3.2036,3.2031,3.2031,3.2081,3.2086,3.2081,3.2081,3
2026-06-18 03:49:00,3.2036,3.2036,3.2036,3.2036,3.2086,3.2086,3.2086,3.2086,1
2026-06-18 03:50:00,3.2041,3.2051,3.2041,3.2046,3.2091,3.2101,3.2091,3.2096,4
2026-06-18 03:52:00,3.2036,3.2041,3.2036,3.2036,3.2086,3.2091,3.2086,3.2086,3
2026-06-18 03:53:00,3.2031,3.2031,3.2031,3.2031,3.2081,3.2081,3.2081,3.2081,1
2026-06-18 03:58:00,3.2036,3.2036,3.2026,3.2031,3.2086,3.2086,3.2076,3.2081,4
2026-06-18 04:00:00,3.2036,3.2036,3.2026,3.2026,3.2086,3.2086,3.2076,3.2076,4
2026-06-18 04:01:00,3.2031,3.2031,3.2031,3.2031,3.2081,3.2081,3.2081,3.2081,1
2026-06-18 04:03:00,3.2026,3.2026,3.2026,3.2026,3.2076,3.2076,3.2076,3.2076,1
2026-06-18 04:05:00,3.2021,3.2026,3.2021,3.2026,3.2071,3.2076,3.2071,3.2076,2
2026-06-18 04:06:00,3.2021,3.2021,3.2016,3.2016,3.2071,3.2071,3.2066,3.2066,4
2026-06-18 04:07:00,3.1996,3.2011,3.1986,3.2011,3.2046,3.2061,3.2036,3.2061,9
2026-06-18 04:08:00,3.2016,3.2046,3.2016,3.2036,3.2066,3.2096,3.2066,3.2086,6
2026-06-18 04:09:00,3.2031,3.2036,3.2026,3.2036,3.2081,3.2086,3.2076,3.2086,6
2026-06-18 04:16:00,3.2046,3.2051,3.2041,3.2051,3.2096,3.2101,3.2091,3.2101,3
2026-06-18 04:17:00,3.2046,3.2046,3.2046,3.2046,3.2096,3.2096,3.2096,3.2096,1
2026-06-18 04:18:00,3.2016,3.2031,3.2001,3.2031,3.2066,3.2081,3.2051,3.2081,6
2026-06-18 04:19:00,3.2026,3.2036,3.2021,3.2021,3.2076,3.2086,3.2071,3.2071,6
2026-06-18 04:20:00,3.2016,3.2036,3.2016,3.2036,3.2066,3.2086,3.2066,3.2086,3
2026-06-18 04:23:00,3.2031,3.2031,3.2031,3.2031,3.2081,3.2081,3.2081,3.2081,1
2026-06-18 04:25:00,3.2036,3.2041,3.2036,3.2041,3.2086,3.2091,3.2086,3.2091,2
2026-06-18 04:26:00,3.2046,3.2056,3.2046,3.2056,3.2096,3.2106,3.2096,3.2106,3
2026-06-18 04:27:00,3.2051,3.2051,3.2046,3.2051,3.2101,3.2101,3.2096,3.2101,3
2026-06-18 04:28:00,3.2056,3.2066,3.2056,3.2061,3.2106,3.2116,3.2106,3.2111,5
2026-06-18 04:29:00,3.2066,3.2066,3.2066,3.2066,3.2116,3.2116,3.2116,3.2116,1
2026-06-18 04:30:00,3.2061,3.2061,3.2061,3.2061,3.2111,3.2111,3.2111,3.2111,1
2026-06-18 04:31:00,3.2066,3.2066,3.2066,3.2066,3.2116,3.2116,3.2116,3.2116,1
2026-06-18 04:32:00,3.2076,3.2076,3.2066,3.2066,3.2126,3.2126,3.2116,3.2116,3
2026-06-18 04:33:00,3.2071,3.2071,3.2066,3.2071,3.2121,3.2121,3.2116,3.2121,3
2026-06-18 04:35:00,3.2076,3.2076,3.2071,3.2071,3.2126,3.2126,3.2121,3.2121,2
2026-06-18 04:36:00,3.2076,3.2076,3.2066,3.2066,3.2126,3.2126,3.2116,3.2116,2
2026-06-18 04:37:00,3.2076,3.2076,3.2076,3.2076,3.2126,3.2126,3.2126,3.2126,1
2026-06-18 04:40:00,3.2086,3.2086,3.2066,3.2076,3.2136,3.2136,3.2116,3.2126,8
2026-06-18 04:41:00,3.2071,3.2071,3.2066,3.2071,3.2121,3.2121,3.2116,3.2121,5
2026-06-18 04:42:00,3.2066,3.2066,3.2066,3.2066,3.2116,3.2116,3.2116,3.2116,1
2026-06-18 04:43:00,3.2071,3.2071,3.2071,3.2071,3.2121,3.2121,3.2121,3.2121,1
2026-06-18 04:44:00,3.2066,3.2066,3.2066,3.2066,3.2116,3.2116,3.2116,3.2116,1
2026-06-18 04:45:00,3.2071,3.2071,3.2071,3.2071,3.2121,3.2121,3.2121,3.2121,1
2026-06-18 04:47:00,3.2056,3.2066,3.2026,3.2026,3.2106,3.2116,3.2076,3.2076,7
2026-06-18 04:48:00,3.2031,3.2036,3.2031,3.2036,3.2081,3.2086,3.2081,3.2086,2
2026-06-18 04:49:00,3.2026,3.2031,3.2026,3.2031,3.2076,3.2081,3.2076,3.2081,4
2026-06-18 04:50:00,3.2036,3.2046,3.2036,3.2046,3.2086,3.2096,3.2086,3.2096,3
2026-06-18 04:55:00,3.2041,3.2041,3.2041,3.2041,3.2091,3.2091,3.2091,3.2091,1
2026-06-18 04:56:00,3.2046,3.2046,3.2041,3.2041,3.2096,3.2096,3.2091,3.2091,2
2026-06-18 04:58:00,3.2036,3.2036,3.2026,3.2026,3.2086,3.2086,3.2076,3.2076,3
2026-06-18 04:59:00,3.2031,3.2031,3.2016,3.2016,3.2081,3.2081,3.2066,3.2066,5
2026-06-18 05:00:00,3.2026,3.2031,3.2016,3.2031,3.2076,3.2081,3.2066,3.2081,4
2026-06-18 05:01:00,3.2026,3.2026,3.2016,3.2016,3.2076,3.2076,3.2066,3.2066,4
2026-06-18 05:02:00,3.2006,3.2006,3.2006,3.2006,3.2056,3.2056,3.2056,3.2056,1
2026-06-18 05:03:00,3.1996,3.2006,3.1991,3.2006,3.2046,3.2056,3.2041,3.2056,3
2026-06-18 05:05:00,3.2011,3.2016,3.2011,3.2016,3.2061,3.2066,3.2061,3.2066,2
2026-06-18 05:07:00,3.2011,3.2011,3.2011,3.2011,3.2061,3.2061,3.2061,3.2061,1
2026-06-18 05:10:00,3.2016,3.2016,3.2016,3.2016,3.2066,3.2066,3.2066,3.2066,1
2026-06-18 05:14:00,3.2021,3.2021,3.2021,3.2021,3.2071,3.2071,3.2071,3.2071,1
2026-06-18 05:15:00,3.2016,3.2016,3.2016,3.2016,3.2066,3.2066,3.2066,3.2066,1
2026-06-18 05:16:00,3.2021,3.2021,3.2021,3.2021,3.2071,3.2071,3.2071,3.2071,1
2026-06-18 05:18:00,3.2026,3.2026,3.2021,3.2021,3.2076,3.2076,3.2071,3.2071,2
2026-06-18 05:19:00,3.2016,3.2016,3.2011,3.2011,3.2066,3.2066,3.2061,3.2061,2
2026-06-18 05:21:00,3.2006,3.2011,3.2006,3.2011,3.2056,3.2061,3.2056,3.2061,2
2026-06-18 05:22:00,3.2006,3.2011,3.2006,3.2011,3.2056,3.2061,3.2056,3.2061,2
2026-06-18 05:24:00,3.2016,3.2016,3.2006,3.2006,3.2066,3.2066,3.2056,3.2056,2
2026-06-18 05:27:00,3.2001,3.2001,3.1996,3.1996,3.2051,3.2051,3.2046,3.2046,2
2026-06-18 05:28:00,3.1991,3.1991,3.1991,3.1991,3.2041,3.2041,3.2041,3.2041,1
2026-06-18 05:29:00,3.1996,3.2006,3.1996,3.2006,3.2046,3.2056,3.2046,3.2056,2
2026-06-18 05:30:00,3.2001,3.2001,3.1886,3.1926,3.2051,3.2051,3.1936,3.1976,49
2026-06-18 05:31:00,3.1931,3.1946,3.1916,3.1926,3.1981,3.1996,3.1966,3.1976,37
2026-06-18 05:32:00,3.1916,3.1936,3.1906,3.1911,3.1966,3.1986,3.1956,3.1961,28
2026-06-18 05:33:00,3.1906,3.1941,3.1906,3.1936,3.1956,3.1991,3.1956,3.1986,27
2026-06-18 05:34:00,3.1926,3.1926,3.1906,3.1911,3.1976,3.1976,3.1956,3.1961,16
2026-06-18 05:35:00,3.1916,3.1916,3.1906,3.1916,3.1966,3.1966,3.1956,3.1966,8
2026-06-18 05:36:00,3.1906,3.1906,3.1896,3.1896,3.1956,3.1956,3.1946,3.1946,3
2026-06-18 05:37:00,3.1886,3.1891,3.1876,3.1886,3.1936,3.1941,3.1926,3.1936,7
2026-06-18 05:38:00,3.1876,3.1886,3.1876,3.1876,3.1926,3.1936,3.1926,3.1926,12
2026-06-18 05:39:00,3.1881,3.1881,3.1871,3.1876,3.1931,3.1931,3.1921,3.1926,4
2026-06-18 05:40:00,3.1871,3.1886,3.1866,3.1876,3.1921,3.1936,3.1916,3.1926,9
2026-06-18 05:41:00,3.1866,3.1876,3.1866,3.1866,3.1916,3.1926,3.1916,3.1916,5
2026-06-18 05:42:00,3.1871,3.1886,3.1866,3.1886,3.1921,3.1936,3.1916,3.1936,5
2026-06-18 05:43:00,3.1881,3.1906,3.1876,3.1901,3.1931,3.1956,3.1926,3.1951,8
2026-06-18 05:44:00,3.1911,3.1921,3.1911,3.1921,3.1961,3.1971,3.1961,3.1971,5
2026-06-18 05:45:00,3.1916,3.1916,3.1916,3.1916,3.1966,3.1966,3.1966,3.1966,1
2026-06-18 05:46:00,3.1906,3.1906,3.1901,3.1906,3.1956,3.1956,3.1951,3.1956,3
2026-06-18 05:47:00,3.1896,3.1906,3.1896,3.1906,3.1946,3.1956,3.1946,3.1956,3
2026-06-18 05:49:00,3.1911,3.1916,3.1911,3.1916,3.1961,3.1966,3.1961,3.1966,2
2026-06-18 05:50:00,3.1911,3.1911,3.1911,3.1911,3.1961,3.1961,3.1961,3.1961,1
2026-06-18 05:53:00,3.1916,3.1916,3.1886,3.1886,3.1966,3.1966,3.1936,3.1936,5
2026-06-18 05:54:00,3.1876,3.1886,3.1866,3.1886,3.1926,3.1936,3.1916,3.1936,9
2026-06-18 05:55:00,3.1881,3.1886,3.1876,3.1886,3.1931,3.1936,3.1926,3.1936,10
2026-06-18 05:56:00,3.1881,3.1881,3.1881,3.1881,3.1931,3.1931,3.1931,3.1931,1
2026-06-18 05:57:00,3.1886,3.1886,3.1876,3.1876,3.1936,3.1936,3.1926,3.1926,6
2026-06-18 05:58:00,3.1886,3.1886,3.1826,3.1866,3.1936,3.1936,3.1876,3.1916,28
2026-06-18 05:59:00,3.1856,3.1856,3.1851,3.1851,3.1906,3.1906,3.1901,3.1901,6
2026-06-18 06:00:00,3.1861,3.1866,3.1856,3.1856,3.1911,3.1916,3.1906,3.1906,5
2026-06-18 06:01:00,3.1846,3.1846,3.1806,3.1806,3.1896,3.1896,3.1856,3.1856,30
2026-06-18 06:02:00,3.1796,3.1806,3.1796,3.1806,3.1846,3.1856,3.1846,3.1856,2
2026-06-18 06:03:00,3.1811,3.1846,3.1811,3.1836,3.1861,3.1896,3.1861,3.1886,15
2026-06-18 06:04:00,3.1831,3.1836,3.1816,3.1831,3.1881,3.1886,3.1866,3.1881,11
2026-06-18 06:05:00,3.1836,3.1836,3.1836,3.1836,3.1886,3.1886,3.1886,3.1886,1
2026-06-18 06:06:00,3.1841,3.1841,3.1836,3.1841,3.1891,3.1891,3.1886,3.1891,3
2026-06-18 06:07:00,3.1846,3.1846,3.1846,3.1846,3.1896,3.1896,3.1896,3.1896,1
2026-06-18 06:08:00,3.1851,3.1856,3.1851,3.1856,3.1901,3.1906,3.1901,3.1906,2
2026-06-18 06:09:00,3.1851,3.1851,3.1831,3.1831,3.1901,3.1901,3.1881,3.1881,4
2026-06-18 06:10:00,3.1836,3.1836,3.1791,3.1796,3.1886,3.1886,3.1841,3.1846,12
2026-06-18 06:11:00,3.1786,3.1791,3.1786,3.1791,3.1836,3.1841,3.1836,3.1841,2
2026-06-18 06:12:00,3.1786,3.1791,3.1786,3.1786,3.1836,3.1841,3.1836,3.1836,3
2026-06-18 06:14:00,3.1791,3.1791,3.1791,3.1791,3.1841,3.1841,3.1841,3.1841,1
2026-06-18 06:16:00,3.1796,3.1821,3.1796,3.1821,3.1846,3.1871,3.1846,3.1871,5
2026-06-18 06:17:00,3.1826,3.1826,3.1786,3.1796,3.1876,3.1876,3.1836,3.1846,10
2026-06-18 06:21:00,3.1786,3.1786,3.1786,3.1786,3.1836,3.1836,3.1836,3.1836,1
2026-06-18 06:24:00,3.1796,3.1806,3.1796,3.1806,3.1846,3.1856,3.1846,3.1856,3
2026-06-18 06:25:00,3.1796,3.1806,3.1796,3.1806,3.1846,3.1856,3.1846,3.1856,3
2026-06-18 06:27:00,3.1811,3.1811,3.1811,3.1811,3.1861,3.1861,3.1861,3.1861,1
2026-06-18 06:28:00,3.1806,3.1806,3.1786,3.1786,3.1856,3.1856,3.1836,3.1836,3
2026-06-18 06:31:00,3.1796,3.1796,3.1796,3.1796,3.1846,3.1846,3.1846,3.1846,1
2026-06-18 06:33:00,3.1786,3.1786,3.1776,3.1786,3.1836,3.1836,3.1826,3.1836,3
2026-06-18 06:37:00,3.1776,3.1776,3.1756,3.1756,3.1826,3.1826,3.1806,3.1806,5
2026-06-18 06:38:00,3.1746,3.1751,3.1716,3.1716,3.1796,3.1801,3.1766,3.1766,14
2026-06-18 06:39:00,3.1706,3.1716,3.1696,3.1716,3.1756,3.1766,3.1746,3.1766,6
2026-06-18 06:40:00,3.1726,3.1751,3.1726,3.1751,3.1776,3.1801,3.1776,3.1801,7
2026-06-18 06:41:00,3.1746,3.1746,3.1746,3.1746,3.1796,3.1796,3.1796,3.1796,1
2026-06-18 06:42:00,3.1756,3.1756,3.1736,3.1741,3.1806,3.1806,3.1786,3.1791,6
2026-06-18 06:43:00,3.1746,3.1756,3.1746,3.1751,3.1796,3.1806,3.1796,3.1801,3
2026-06-18 06:44:00,3.1746,3.1746,3.1736,3.1736,3.1796,3.1796,3.1786,3.1786,5
2026-06-18 06:45:00,3.1741,3.1761,3.1741,3.1761,3.1791,3.1811,3.1791,3.1811,7
2026-06-18 06:46:00,3.1756,3.1786,3.1756,3.1781,3.1806,3.1836,3.1806,3.1831,12
2026-06-18 06:47:00,3.1786,3.1796,3.1781,3.1791,3.1836,3.1846,3.1831,3.1841,6
2026-06-18 06:48:00,3.1796,3.1796,3.1786,3.1796,3.1846,3.1846,3.1836,3.1846,12
2026-06-18 06:49:00,3.1791,3.1791,3.1786,3.1786,3.1841,3.1841,3.1836,3.1836,6
2026-06-18 06:50:00,3.1791,3.1796,3.1791,3.1791,3.1841,3.1846,3.1841,3.1841,3
2026-06-18 06:51:00,3.1796,3.1796,3.1791,3.1791,3.1846,3.1846,3.1841,3.1841,2
2026-06-18 06:52:00,3.1786,3.1801,3.1786,3.1801,3.1836,3.1851,3.1836,3.1851,4
2026-06-18 06:53:00,3.1806,3.1851,3.1806,3.1851,3.1856,3.1901,3.1856,3.1901,9
2026-06-18 06:54:00,3.1846,3.1856,3.1846,3.1851,3.1896,3.1906,3.1896,3.1901,6
2026-06-18 06:55:00,3.1856,3.1856,3.1841,3.1841,3.1906,3.1906,3.1891,3.1891,3
2026-06-18 06:56:00,3.1846,3.1851,3.1846,3.1851,3.1896,3.1901,3.1896,3.1901,2
2026-06-18 06:57:00,3.1846,3.1846,3.1831,3.1836,3.1896,3.1896,3.1881,3.1886,6
2026-06-18 07:00:00,3.1831,3.1841,3.1831,3.1841,3.1881,3.1891,3.1881,3.1891,3
2026-06-18 07:01:00,3.1846,3.1856,3.1846,3.1856,3.1896,3.1906,3.1896,3.1906,4
2026-06-18 07:02:00,3.1846,3.1851,3.1846,3.1846,3.1896,3.1901,3.1896,3.1896,7
2026-06-18 07:03:00,3.1851,3.1856,3.1826,3.1826,3.1901,3.1906,3.1876,3.1876,5
2026-06-18 07:04:00,3.1831,3.1836,3.1801,3.1801,3.1881,3.1886,3.1851,3.1851,9
2026-06-18 07:06:00,3.1806,3.1806,3.1796,3.1796,3.1856,3.1856,3.1846,3.1846,3
2026-06-18 07:07:00,3.1806,3.1816,3.1806,3.1811,3.1856,3.1866,3.1856,3.1861,4
2026-06-18 07:08:00,3.1806,3.1806,3.1791,3.1791,3.1856,3.1856,3.1841,3.1841,4
2026-06-18 07:09:00,3.1786,3.1801,3.1786,3.1791,3.1836,3.1851,3.1836,3.1841,6
2026-06-18 07:10:00,3.1786,3.1786,3.1771,3.1771,3.1836,3.1836,3.1821,3.1821,5
2026-06-18 07:11:00,3.1776,3.1776,3.1726,3.1731,3.1826,3.1826,3.1776,3.1781,14
2026-06-18 07:12:00,3.1736,3.1736,3.1726,3.1736,3.1786,3.1786,3.1776,3.1786,3
2026-06-18 07:13:00,3.1741,3.1766,3.1741,3.1761,3.1791,3.1816,3.1791,3.1811,5
2026-06-18 07:14:00,3.1766,3.1766,3.1766,3.1766,3.1816,3.1816,3.1816,3.1816,1
2026-06-18 07:15:00,3.1761,3.1761,3.1761,3.1761,3.1811,3.1811,3.1811,3.1811,1
2026-06-18 07:16:00,3.1756,3.1776,3.1746,3.1771,3.1806,3.1826,3.1796,3.1821,8
2026-06-18 07:17:00,3.1766,3.1766,3.1766,3.1766,3.1816,3.1816,3.1816,3.1816,1
2026-06-18 07:18:00,3.1756,3.1756,3.1756,3.1756,3.1806,3.1806,3.1806,3.1806,1
2026-06-18 07:19:00,3.1751,3.1751,3.1736,3.1746,3.1801,3.1801,3.1786,3.1796,5
2026-06-18 07:20:00,3.1741,3.1746,3.1646,3.1656,3.1791,3.1796,3.1696,3.1706,36
2026-06-18 07:21:00,3.1666,3.1686,3.1666,3.1686,3.1716,3.1736,3.1716,3.1736,5
2026-06-18 07:22:00,3.1681,3.1686,3.1646,3.1656,3.1731,3.1736,3.1696,3.1706,9
2026-06-18 07:23:00,3.1666,3.1676,3.1661,3.1661,3.1716,3.1726,3.1711,3.1711,6
2026-06-18 07:24:00,3.1666,3.1666,3.1656,3.1666,3.1716,3.1716,3.1706,3.1716,5
2026-06-18 07:25:00,3.1671,3.1676,3.1646,3.1646,3.1721,3.1726,3.1696,3.1696,6
2026-06-18 07:26:00,3.1651,3.1656,3.1651,3.1656,3.1701,3.1706,3.1701,3.1706,2
2026-06-18 07:27:00,3.1666,3.1676,3.1646,3.1646,3.1716,3.1726,3.1696,3.1696,6
2026-06-18 07:28:00,3.1636,3.1636,3.1606,3.1621,3.1686,3.1686,3.1656,3.1671,17
2026-06-18 07:29:00,3.1616,3.1626,3.1611,3.1616,3.1666,3.1676,3.1661,3.1666,5
2026-06-18 07:30:00,3.1621,3.1636,3.1616,3.1626,3.1671,3.1686,3.1666,3.1676,12
2026-06-18 07:31:00,3.1631,3.1641,3.1631,3.1641,3.1681,3.1691,3.1681,3.1691,7
2026-06-18 07:32:00,3.1646,3.1646,3.1636,3.1641,3.1696,3.1696,3.1686,3.1691,5
2026-06-18 07:33:00,3.1646,3.1646,3.1646,3.1646,3.1696,3.1696,3.1696,3.1696,1
2026-06-18 07:34:00,3.1651,3.1656,3.1651,3.1651,3.1701,3.1706,3.1701,3.1701,3
2026-06-18 07:35:00,3.1646,3.1656,3.1641,3.1641,3.1696,3.1706,3.1691,3.1691,8
2026-06-18 07:36:00,3.1646,3.1656,3.1636,3.1636,3.1696,3.1706,3.1686,3.1686,7
2026-06-18 07:37:00,3.1626,3.1646,3.1626,3.1646,3.1676,3.1696,3.1676,3.1696,5
2026-06-18 07:38:00,3.1651,3.1656,3.1651,3.1656,3.1701,3.1706,3.1701,3.1706,4
2026-06-18 07:39:00,3.1646,3.1651,3.1646,3.1646,3.1696,3.1701,3.1696,3.1696,3
2026-06-18 07:40:00,3.1641,3.1656,3.1641,3.1656,3.1691,3.1706,3.1691,3.1706,6
2026-06-18 07:41:00,3.1661,3.1666,3.1656,3.1661,3.1711,3.1716,3.1706,3.1711,4
2026-06-18 07:42:00,3.1666,3.1666,3.1666,3.1666,3.1716,3.1716,3.1716,3.1716,1
2026-06-18 07:43:00,3.1671,3.1671,3.1666,3.1666,3.1721,3.1721,3.1716,3.1716,2
2026-06-18 07:46:00,3.1661,3.1661,3.1661,3.1661,3.1711,3.1711,3.1711,3.1711,1
2026-06-18 07:47:00,3.1666,3.1666,3.1661,3.1666,3.1716,3.1716,3.1711,3.1716,3
2026-06-18 07:48:00,3.1671,3.1671,3.1666,3.1671,3.1721,3.1721,3.1716,3.1721,3
2026-06-18 07:49:00,3.1676,3.1676,3.1676,3.1676,3.1726,3.1726,3.1726,3.1726,1
2026-06-18 07:50:00,3.1671,3.1671,3.1666,3.1666,3.1721,3.1721,3.1716,3.1716,2
2026-06-18 07:51:00,3.1656,3.1656,3.1586,3.1586,3.1706,3.1706,3.1636,3.1636,21
2026-06-18 07:52:00,3.1596,3.1616,3.1596,3.1611,3.1646,3.1666,3.1646,3.1661,5
2026-06-18 07:53:00,3.1601,3.1601,3.1596,3.1596,3.1651,3.1651,3.1646,3.1646,2
2026-06-18 07:54:00,3.1601,3.1601,3.1586,3.1586,3.1651,3.1651,3.1636,3.1636,4
2026-06-18 07:55:00,3.1576,3.1576,3.1571,3.1571,3.1626,3.1626,3.1621,3.1621,2
2026-06-18 07:56:00,3.1566,3.1566,3.1566,3.1566,3.1616,3.1616,3.1616,3.1616,1
2026-06-18 07:57:00,3.1576,3.1586,3.1571,3.1586,3.1626,3.1636,3.1621,3.1636,9
2026-06-18 07:58:00,3.1581,3.1581,3.1556,3.1566,3.1631,3.1631,3.1606,3.1616,6
2026-06-18 07:59:00,3.1571,3.1596,3.1566,3.1581,3.1621,3.1646,3.1616,3.1631,13
2026-06-18 08:00:00,3.1586,3.1606,3.1571,3.1606,3.1636,3.1656,3.1621,3.1656,16
2026-06-18 08:01:00,3.1611,3.1716,3.1611,3.1676,3.1661,3.1766,3.1661,3.1726,57
2026-06-18 08:02:00,3.1686,3.1701,3.1686,3.1696,3.1736,3.1751,3.1736,3.1746,7
2026-06-18 08:03:00,3.1691,3.1706,3.1656,3.1666,3.1741,3.1756,3.1706,3.1716,20
2026-06-18 08:04:00,3.1671,3.1726,3.1656,3.1711,3.1721,3.1776,3.1706,3.1761,24
2026-06-18 08:05:00,3.1706,3.1711,3.1686,3.1696,3.1756,3.1761,3.1736,3.1746,11
2026-06-18 08:06:00,3.1691,3.1691,3.1666,3.1676,3.1741,3.1741,3.1716,3.1726,16
2026-06-18 08:07:00,3.1671,3.1696,3.1666,3.1691,3.1721,3.1746,3.1716,3.1741,11
2026-06-18 08:08:00,3.1686,3.1686,3.1676,3.1676,3.1736,3.1736,3.1726,3.1726,2
2026-06-18 08:09:00,3.1671,3.1671,3.1666,3.1666,3.1721,3.1721,3.1716,3.1716,2
2026-06-18 08:10:00,3.1676,3.1686,3.1666,3.1671,3.1726,3.1736,3.1716,3.1721,10
2026-06-18 08:11:00,3.1676,3.1676,3.1656,3.1676,3.1726,3.1726,3.1706,3.1726,6
2026-06-18 08:12:00,3.1686,3.1696,3.1686,3.1691,3.1736,3.1746,3.1736,3.1741,4
2026-06-18 08:13:00,3.1696,3.1696,3.1691,3.1691,3.1746,3.1746,3.1741,3.1741,2
2026-06-18 08:14:00,3.1676,3.1686,3.1671,3.1676,3.1726,3.1736,3.1721,3.1726,8
2026-06-18 08:15:00,3.1671,3.1676,3.1671,3.1676,3.1721,3.1726,3.1721,3.1726,6
2026-06-18 08:16:00,3.1671,3.1676,3.1671,3.1671,3.1721,3.1726,3.1721,3.1721,3
2026-06-18 08:17:00,3.1686,3.1686,3.1666,3.1666,3.1736,3.1736,3.1716,3.1716,7
2026-06-18 08:18:00,3.1671,3.1671,3.1666,3.1666,3.1721,3.1721,3.1716,3.1716,2
2026-06-18 08:19:00,3.1661,3.1686,3.1661,3.1681,3.1711,3.1736,3.1711,3.1731,11
2026-06-18 08:20:00,3.1676,3.1676,3.1661,3.1661,3.1726,3.1726,3.1711,3.1711,3
2026-06-18 08:21:00,3.1656,3.1656,3.1626,3.1626,3.1706,3.1706,3.1676,3.1676,15
2026-06-18 08:22:00,3.1636,3.1656,3.1636,3.1656,3.1686,3.1706,3.1686,3.1706,10
2026-06-18 08:23:00,3.1651,3.1666,3.1646,3.1666,3.1701,3.1716,3.1696,3.1716,6
2026-06-18 08:24:00,3.1656,3.1666,3.1656,3.1661,3.1706,3.1716,3.1706,3.1711,7
2026-06-18 08:25:00,3.1666,3.1686,3.1666,3.1686,3.1716,3.1736,3.1716,3.1736,4
2026-06-18 08:26:00,3.1681,3.1686,3.1676,3.1686,3.1731,3.1736,3.1726,3.1736,4
2026-06-18 08:28:00,3.1696,3.1716,3.1696,3.1706,3.1746,3.1766,3.1746,3.1756,14
2026-06-18 08:29:00,3.1696,3.1701,3.1686,3.1686,3.1746,3.1751,3.1736,3.1736,7
2026-06-18 08:30:00,3.1681,3.1736,3.1681,3.1721,3.1731,3.1786,3.1731,3.1771,17
2026-06-18 08:31:00,3.1711,3.1711,3.1711,3.1711,3.1761,3.1761,3.1761,3.1761,1
2026-06-18 08:32:00,3.1706,3.1706,3.1706,3.1706,3.1756,3.1756,3.1756,3.1756,1
2026-06-18 08:34:00,3.1701,3.1706,3.1696,3.1701,3.1751,3.1756,3.1746,3.1751,7
2026-06-18 08:36:00,3.1711,3.1711,3.1636,3.1656,3.1761,3.1761,3.1686,3.1706,22
2026-06-18 08:37:00,3.1666,3.1686,3.1646,3.1681,3.1716,3.1736,3.1696,3.1731,15
2026-06-18 08:38:00,3.1686,3.1706,3.1686,3.1701,3.1736,3.1756,3.1736,3.1751,7
2026-06-18 08:39:00,3.1696,3.1696,3.1691,3.1691,3.1746,3.1746,3.1741,3.1741,2
2026-06-18 08:40:00,3.1686,3.1686,3.1671,3.1676,3.1736,3.1736,3.1721,3.1726,8
2026-06-18 08:41:00,3.1681,3.1711,3.1676,3.1681,3.1731,3.1761,3.1726,3.1731,10
2026-06-18 08:42:00,3.1676,3.1691,3.1676,3.1691,3.1726,3.1741,3.1726,3.1741,3
2026-06-18 08:43:00,3.1676,3.1691,3.1676,3.1691,3.1726,3.1741,3.1726,3.1741,2
2026-06-18 08:44:00,3.1701,3.1701,3.1696,3.1701,3.1751,3.1751,3.1746,3.1751,3
2026-06-18 08:45:00,3.1696,3.1701,3.1696,3.1701,3.1746,3.1751,3.1746,3.1751,2
2026-06-18 08:46:00,3.1696,3.1701,3.1691,3.1701,3.1746,3.1751,3.1741,3.1751,6
2026-06-18 08:47:00,3.1691,3.1701,3.1686,3.1691,3.1741,3.1751,3.1736,3.1741,9
2026-06-18 08:48:00,3.1701,3.1716,3.1686,3.1701,3.1751,3.1766,3.1736,3.1751,10
2026-06-18 08:49:00,3.1696,3.1751,3.1696,3.1746,3.1746,3.1801,3.1746,3.1796,8
2026-06-18 08:50:00,3.1736,3.1736,3.1726,3.1731,3.1786,3.1786,3.1776,3.1781,4
2026-06-18 08:51:00,3.1741,3.1786,3.1741,3.1781,3.1791,3.1836,3.1791,3.1831,14
2026-06-18 08:52:00,3.1786,3.1786,3.1771,3.1771,3.1836,3.1836,3.1821,3.1821,2
2026-06-18 08:53:00,3.1786,3.1796,3.1781,3.1781,3.1836,3.1846,3.1831,3.1831,12
2026-06-18 08:54:00,3.1786,3.1801,3.1786,3.1801,3.1836,3.1851,3.1836,3.1851,4
2026-06-18 08:56:00,3.1806,3.1806,3.1806,3.1806,3.1856,3.1856,3.1856,3.1856,1
2026-06-18 08:57:00,3.1796,3.1806,3.1796,3.1806,3.1846,3.1856,3.1846,3.1856,6
2026-06-18 08:58:00,3.1796,3.1806,3.1796,3.1801,3.1846,3.1856,3.1846,3.1851,4
2026-06-18 08:59:00,3.1806,3.1806,3.1801,3.1806,3.1856,3.1856,3.1851,3.1856,3
2026-06-18 09:00:00,3.1816,3.1826,3.1781,3.1816,3.1866,3.1876,3.1831,3.1866,32
2026-06-18 09:01:00,3.1806,3.1816,3.1801,3.1801,3.1856,3.1866,3.1851,3.1851,7
2026-06-18 09:02:00,3.1796,3.1796,3.1781,3.1781,3.1846,3.1846,3.1831,3.1831,8
2026-06-18 09:03:00,3.1786,3.1786,3.1766,3.1766,3.1836,3.1836,3.1816,3.1816,12
2026-06-18 09:04:00,3.1776,3.1776,3.1761,3.1761,3.1826,3.1826,3.1811,3.1811,5
2026-06-18 09:05:00,3.1766,3.1796,3.1766,3.1781,3.1816,3.1846,3.1816,3.1831,20
2026-06-18 09:06:00,3.1776,3.1786,3.1776,3.1786,3.1826,3.1836,3.1826,3.1836,4
2026-06-18 09:07:00,3.1791,3.1801,3.1766,3.1766,3.1841,3.1851,3.1816,3.1816,10
2026-06-18 09:08:00,3.1771,3.1771,3.1766,3.1771,3.1821,3.1821,3.1816,3.1821,3
2026-06-18 09:09:00,3.1781,3.1781,3.1756,3.1761,3.1831,3.1831,3.1806,3.1811,10
2026-06-18 09:10:00,3.1766,3.1766,3.1751,3.1761,3.1816,3.1816,3.1801,3.1811,7
2026-06-18 09:11:00,3.1766,3.1771,3.1756,3.1761,3.1816,3.1821,3.1806,3.1811,8
2026-06-18 09:12:00,3.1766,3.1766,3.1746,3.1756,3.1816,3.1816,3.1796,3.1806,7
2026-06-18 09:13:00,3.1751,3.1751,3.1711,3.1721,3.1801,3.1801,3.1761,3.1771,9
2026-06-18 09:14:00,3.1726,3.1786,3.1726,3.1776,3.1776,3.1836,3.1776,3.1826,12
2026-06-18 09:15:00,3.1766,3.1826,3.1766,3.1826,3.1816,3.1876,3.1816,3.1876,19
2026-06-18 09:16:00,3.1821,3.1851,3.1821,3.1831,3.1871,3.1901,3.1871,3.1881,12
2026-06-18 09:17:00,3.1826,3.1841,3.1816,3.1831,3.1876,3.1891,3.1866,3.1881,10
2026-06-18 09:18:00,3.1821,3.1826,3.1806,3.1811,3.1871,3.1876,3.1856,3.1861,6
2026-06-18 09:19:00,3.1816,3.1816,3.1786,3.1786,3.1866,3.1866,3.1836,3.1836,9
2026-06-18 09:20:00,3.1796,3.1796,3.1771,3.1776,3.1846,3.1846,3.1821,3.1826,5
2026-06-18 09:21:00,3.1786,3.1786,3.1776,3.1776,3.1836,3.1836,3.1826,3.1826,2
2026-06-18 09:22:00,3.1766,3.1776,3.1761,3.1776,3.1816,3.1826,3.1811,3.1826,14
2026-06-18 09:23:00,3.1771,3.1771,3.1736,3.1736,3.1821,3.1821,3.1786,3.1786,12
2026-06-18 09:24:00,3.1726,3.1791,3.1711,3.1791,3.1776,3.1841,3.1761,3.1841,22
2026-06-18 09:25:00,3.1776,3.1816,3.1741,3.1791,3.1826,3.1866,3.1791,3.1841,32
2026-06-18 09:26:00,3.1786,3.1786,3.1786,3.1786,3.1836,3.1836,3.1836,3.1836,1
2026-06-18 09:27:00,3.1796,3.1856,3.1796,3.1841,3.1846,3.1906,3.1846,3.1891,19
2026-06-18 09:28:00,3.1831,3.1836,3.1831,3.1831,3.1881,3.1886,3.1881,3.1881,3
2026-06-18 09:29:00,3.1826,3.1836,3.1816,3.1816,3.1876,3.1886,3.1866,3.1866,6
2026-06-18 09:30:00,3.1811,3.1816,3.1801,3.1801,3.1861,3.1866,3.1851,3.1851,9
2026-06-18 09:31:00,3.1806,3.1816,3.1801,3.1806,3.1856,3.1866,3.1851,3.1856,6
2026-06-18 09:32:00,3.1801,3.1806,3.1796,3.1796,3.1851,3.1856,3.1846,3.1846,7
2026-06-18 09:33:00,3.1801,3.1801,3.1801,3.1801,3.1851,3.1851,3.1851,3.1851,1
2026-06-18 09:34:00,3.1796,3.1801,3.1791,3.1791,3.1846,3.1851,3.1841,3.1841,5
2026-06-18 09:35:00,3.1776,3.1786,3.1766,3.1766,3.1826,3.1836,3.1816,3.1816,10
2026-06-18 09:36:00,3.1761,3.1766,3.1756,3.1756,3.1811,3.1816,3.1806,3.1806,3
2026-06-18 09:37:00,3.1751,3.1801,3.1746,3.1796,3.1801,3.1851,3.1796,3.1846,18
2026-06-18 09:38:00,3.1801,3.1836,3.1791,3.1816,3.1851,3.1886,3.1841,3.1866,13
2026-06-18 09:39:00,3.1811,3.1811,3.1806,3.1806,3.1861,3.1861,3.1856,3.1856,4
2026-06-18 09:40:00,3.1796,3.1856,3.1796,3.1836,3.1846,3.1906,3.1846,3.1886,19
2026-06-18 09:41:00,3.1831,3.1836,3.1826,3.1836,3.1881,3.1886,3.1876,3.1886,5
2026-06-18 09:42:00,3.1841,3.1846,3.1826,3.1831,3.1891,3.1896,3.1876,3.1881,8
2026-06-18 09:43:00,3.1826,3.1836,3.1826,3.1831,3.1876,3.1886,3.1876,3.1881,8
2026-06-18 09:44:00,3.1836,3.1896,3.1836,3.1871,3.1886,3.1946,3.1886,3.1921,34
2026-06-18 09:45:00,3.1876,3.1876,3.1856,3.1861,3.1926,3.1926,3.1906,3.1911,9
2026-06-18 09:46:00,3.1866,3.1876,3.1856,3.1861,3.1916,3.1926,3.1906,3.1911,14
2026-06-18 09:47:00,3.1856,3.1891,3.1856,3.1876,3.1906,3.1941,3.1906,3.1926,13
2026-06-18 09:48:00,3.1881,3.1906,3.1871,3.1901,3.1931,3.1956,3.1921,3.1951,11
2026-06-18 09:49:00,3.1896,3.1896,3.1866,3.1876,3.1946,3.1946,3.1916,3.1926,12
2026-06-18 09:50:00,3.1871,3.1881,3.1866,3.1871,3.1921,3.1931,3.1916,3.1921,6
2026-06-18 09:51:00,3.1866,3.1876,3.1846,3.1851,3.1916,3.1926,3.1896,3.1901,17
2026-06-18 09:52:00,3.1861,3.1861,3.1851,3.1851,3.1911,3.1911,3.1901,3.1901,3
2026-06-18 09:53:00,3.1836,3.1841,3.1836,3.1841,3.1886,3.1891,3.1886,3.1891,2
2026-06-18 09:54:00,3.1831,3.1831,3.1816,3.1821,3.1881,3.1881,3.1866,3.1871,8
2026-06-18 09:55:00,3.1816,3.1826,3.1806,3.1826,3.1866,3.1876,3.1856,3.1876,8
2026-06-18 09:56:00,3.1821,3.1821,3.1816,3.1816,3.1871,3.1871,3.1866,3.1866,2
2026-06-18 09:57:00,3.1811,3.1816,3.1781,3.1796,3.1861,3.1866,3.1831,3.1846,15
2026-06-18 09:58:00,3.1791,3.1831,3.1746,3.1831,3.1841,3.1881,3.1796,3.1881,28
2026-06-18 09:59:00,3.1821,3.1826,3.1796,3.1806,3.1871,3.1876,3.1846,3.1856,12
2026-06-18 10:00:00,3.1811,3.1846,3.1811,3.1826,3.1861,3.1896,3.1861,3.1876,7
2026-06-18 10:01:00,3.1831,3.1836,3.1821,3.1821,3.1881,3.1886,3.1871,3.1871,11
2026-06-18 10:02:00,3.1826,3.1866,3.1821,3.1851,3.1876,3.1916,3.1871,3.1901,27
2026-06-18 10:03:00,3.1856,3.1856,3.1856,3.1856,3.1906,3.1906,3.1906,3.1906,1
2026-06-18 10:04:00,3.1851,3.1851,3.1816,3.1826,3.1901,3.1901,3.1866,3.1876,14
2026-06-18 10:05:00,3.1821,3.1831,3.1816,3.1816,3.1871,3.1881,3.1866,3.1866,7
2026-06-18 10:06:00,3.1821,3.1821,3.1821,3.1821,3.1871,3.1871,3.1871,3.1871,1
2026-06-18 10:07:00,3.1826,3.1826,3.1816,3.1816,3.1876,3.1876,3.1866,3.1866,2
2026-06-18 10:08:00,3.1821,3.1826,3.1816,3.1816,3.1871,3.1876,3.1866,3.1866,3
2026-06-18 10:09:00,3.1806,3.1816,3.1806,3.1811,3.1856,3.1866,3.1856,3.1861,5
2026-06-18 10:10:00,3.1816,3.1816,3.1806,3.1811,3.1866,3.1866,3.1856,3.1861,6
2026-06-18 10:11:00,3.1816,3.1816,3.1766,3.1771,3.1866,3.1866,3.1816,3.1821,11
2026-06-18 10:12:00,3.1776,3.1786,3.1771,3.1771,3.1826,3.1836,3.1821,3.1821,7
2026-06-18 10:13:00,3.1776,3.1776,3.1766,3.1766,3.1826,3.1826,3.1816,3.1816,3
2026-06-18 10:15:00,3.1771,3.1786,3.1771,3.1781,3.1821,3.1836,3.1821,3.1831,7
2026-06-18 10:16:00,3.1776,3.1781,3.1756,3.1756,3.1826,3.1831,3.1806,3.1806,7
2026-06-18 10:17:00,3.1746,3.1751,3.1746,3.1746,3.1796,3.1801,3.1796,3.1796,3
2026-06-18 10:18:00,3.1756,3.1756,3.1751,3.1751,3.1806,3.1806,3.1801,3.1801,2
2026-06-18 10:19:00,3.1756,3.1756,3.1751,3.1751,3.1806,3.1806,3.1801,3.1801,2
2026-06-18 10:20:00,3.1746,3.1746,3.1736,3.1746,3.1796,3.1796,3.1786,3.1796,6
2026-06-18 10:21:00,3.1751,3.1756,3.1751,3.1756,3.1801,3.1806,3.1801,3.1806,2
2026-06-18 10:22:00,3.1751,3.1761,3.1746,3.1756,3.1801,3.1811,3.1796,3.1806,10
2026-06-18 10:23:00,3.1746,3.1746,3.1726,3.1741,3.1796,3.1796,3.1776,3.1791,11
2026-06-18 10:24:00,3.1746,3.1751,3.1746,3.1746,3.1796,3.1801,3.1796,3.1796,3
2026-06-18 10:25:00,3.1741,3.1756,3.1741,3.1751,3.1791,3.1806,3.1791,3.1801,10
2026-06-18 10:26:00,3.1746,3.1821,3.1736,3.1816,3.1796,3.1871,3.1786,3.1866,22
2026-06-18 10:27:00,3.1811,3.1821,3.1806,3.1821,3.1861,3.1871,3.1856,3.1871,8
2026-06-18 10:28:00,3.1831,3.1831,3.1826,3.1831,3.1881,3.1881,3.1876,3.1881,3
2026-06-18 10:29:00,3.1821,3.1826,3.1811,3.1821,3.1871,3.1876,3.1861,3.1871,7
2026-06-18 10:30:00,3.1826,3.1826,3.1806,3.1816,3.1876,3.1876,3.1856,3.1866,14
2026-06-18 10:31:00,3.1811,3.1826,3.1806,3.1821,3.1861,3.1876,3.1856,3.1871,7
2026-06-18 10:32:00,3.1826,3.1826,3.1811,3.1811,3.1876,3.1876,3.1861,3.1861,6
2026-06-18 10:33:00,3.1806,3.1816,3.1806,3.1816,3.1856,3.1866,3.1856,3.1866,3
2026-06-18 10:34:00,3.1821,3.1826,3.1821,3.1826,3.1871,3.1876,3.1871,3.1876,2
2026-06-18 10:35:00,3.1836,3.1836,3.1831,3.1831,3.1886,3.1886,3.1881,3.1881,4
2026-06-18 10:36:00,3.1826,3.1836,3.1816,3.1836,3.1876,3.1886,3.1866,3.1886,9
2026-06-18 10:37:00,3.1846,3.1861,3.1836,3.1851,3.1896,3.1911,3.1886,3.1901,9
2026-06-18 10:38:00,3.1856,3.1856,3.1801,3.1801,3.1906,3.1906,3.1851,3.1851,10
2026-06-18 10:39:00,3.1776,3.1781,3.1756,3.1781,3.1826,3.1831,3.1806,3.1831,18
2026-06-18 10:40:00,3.1786,3.1786,3.1786,3.1786,3.1836,3.1836,3.1836,3.1836,1
2026-06-18 10:41:00,3.1781,3.1781,3.1781,3.1781,3.1831,3.1831,3.1831,3.1831,1
2026-06-18 10:42:00,3.1786,3.1796,3.1781,3.1781,3.1836,3.1846,3.1831,3.1831,6
2026-06-18 10:43:00,3.1786,3.1786,3.1776,3.1781,3.1836,3.1836,3.1826,3.1831,3
2026-06-18 10:45:00,3.1776,3.1776,3.1756,3.1761,3.1826,3.1826,3.1806,3.1811,5
2026-06-18 10:46:00,3.1756,3.1756,3.1726,3.1726,3.1806,3.1806,3.1776,3.1776,7
2026-06-18 10:47:00,3.1731,3.1736,3.1726,3.1731,3.1781,3.1786,3.1776,3.1781,12
2026-06-18 10:48:00,3.1726,3.1741,3.1726,3.1736,3.1776,3.1791,3.1776,3.1786,5
2026-06-18 10:49:00,3.1741,3.1741,3.1736,3.1736,3.1791,3.1791,3.1786,3.1786,2
2026-06-18 10:50:00,3.1726,3.1726,3.1686,3.1696,3.1776,3.1776,3.1736,3.1746,11
2026-06-18 10:51:00,3.1706,3.1826,3.1706,3.1821,3.1756,3.1876,3.1756,3.1871,35
2026-06-18 10:52:00,3.1826,3.1826,3.1806,3.1806,3.1876,3.1876,3.1856,3.1856,9
2026-06-18 10:53:00,3.1811,3.1826,3.1811,3.1811,3.1861,3.1876,3.1861,3.1861,11
2026-06-18 10:55:00,3.1806,3.1806,3.1796,3.1806,3.1856,3.1856,3.1846,3.1856,7
2026-06-18 10:56:00,3.1801,3.1806,3.1801,3.1806,3.1851,3.1856,3.1851,3.1856,2
2026-06-18 10:57:00,3.1801,3.1801,3.1801,3.1801,3.1851,3.1851,3.1851,3.1851,1
2026-06-18 10:58:00,3.1796,3.1796,3.1781,3.1781,3.1846,3.1846,3.1831,3.1831,4
2026-06-18 10:59:00,3.1786,3.1791,3.1786,3.1791,3.1836,3.1841,3.1836,3.1841,2
2026-06-18 11:00:00,3.1781,3.1786,3.1766,3.1781,3.1831,3.1836,3.1816,3.1831,6
2026-06-18 11:01:00,3.1776,3.1786,3.1766,3.1771,3.1826,3.1836,3.1816,3.1821,10
2026-06-18 11:02:00,3.1766,3.1776,3.1766,3.1771,3.1816,3.1826,3.1816,3.1821,7
2026-06-18 11:03:00,3.1776,3.1781,3.1776,3.1781,3.1826,3.1831,3.1826,3.1831,2
2026-06-18 11:04:00,3.1786,3.1796,3.1786,3.1786,3.1836,3.1846,3.1836,3.1836,7
2026-06-18 11:05:00,3.1801,3.1856,3.1801,3.1846,3.1851,3.1906,3.1851,3.1896,12
2026-06-18 11:06:00,3.1851,3.1856,3.1836,3.1836,3.1901,3.1906,3.1886,3.1886,6
2026-06-18 11:07:00,3.1831,3.1831,3.1816,3.1816,3.1881,3.1881,3.1866,3.1866,4
2026-06-18 11:08:00,3.1826,3.1826,3.1816,3.1816,3.1876,3.1876,3.1866,3.1866,3
2026-06-18 11:09:00,3.1811,3.1816,3.1806,3.1816,3.1861,3.1866,3.1856,3.1866,3
2026-06-18 11:10:00,3.1811,3.1816,3.1806,3.1806,3.1861,3.1866,3.1856,3.1856,3
2026-06-18 11:11:00,3.1816,3.1816,3.1806,3.1816,3.1866,3.1866,3.1856,3.1866,4
2026-06-18 11:12:00,3.1826,3.1826,3.1816,3.1816,3.1876,3.1876,3.1866,3.1866,5
2026-06-18 11:13:00,3.1821,3.1826,3.1821,3.1826,3.1871,3.1876,3.1871,3.1876,2
2026-06-18 11:15:00,3.1831,3.1856,3.1831,3.1846,3.1881,3.1906,3.1881,3.1896,9
2026-06-18 11:16:00,3.1841,3.1846,3.1841,3.1841,3.1891,3.1896,3.1891,3.1891,3
2026-06-18 11:17:00,3.1846,3.1846,3.1836,3.1836,3.1896,3.1896,3.1886,3.1886,2
2026-06-18 11:18:00,3.1846,3.1846,3.1841,3.1841,3.1896,3.1896,3.1891,3.1891,8
2026-06-18 11:19:00,3.1836,3.1836,3.1836,3.1836,3.1886,3.1886,3.1886,3.1886,1
2026-06-18 11:20:00,3.1826,3.1846,3.1826,3.1846,3.1876,3.1896,3.1876,3.1896,3
2026-06-18 11:21:00,3.1851,3.1856,3.1851,3.1856,3.1901,3.1906,3.1901,3.1906,2
2026-06-18 11:22:00,3.1866,3.1876,3.1866,3.1866,3.1916,3.1926,3.1916,3.1916,7
2026-06-18 11:23:00,3.1861,3.1876,3.1861,3.1876,3.1911,3.1926,3.1911,3.1926,14
2026-06-18 11:24:00,3.1886,3.1896,3.1866,3.1871,3.1936,3.1946,3.1916,3.1921,13
2026-06-18 11:26:00,3.1876,3.1876,3.1871,3.1876,3.1926,3.1926,3.1921,3.1926,5
2026-06-18 11:27:00,3.1881,3.1896,3.1876,3.1896,3.1931,3.1946,3.1926,3.1946,6
2026-06-18 11:30:00,3.1901,3.1901,3.1846,3.1856,3.1951,3.1951,3.1896,3.1906,13
2026-06-18 11:31:00,3.1861,3.1866,3.1856,3.1866,3.1911,3.1916,3.1906,3.1916,13
2026-06-18 11:32:00,3.1871,3.1871,3.1866,3.1866,3.1921,3.1921,3.1916,3.1916,2
2026-06-18 11:33:00,3.1856,3.1856,3.1856,3.1856,3.1906,3.1906,3.1906,3.1906,1
2026-06-18 11:34:00,3.1851,3.1851,3.1836,3.1841,3.1901,3.1901,3.1886,3.1891,4
2026-06-18 11:35:00,3.1846,3.1846,3.1826,3.1826,3.1896,3.1896,3.1876,3.1876,4
2026-06-18 11:36:00,3.1816,3.1821,3.1791,3.1791,3.1866,3.1871,3.1841,3.1841,8
2026-06-18 11:37:00,3.1796,3.1796,3.1791,3.1791,3.1846,3.1846,3.1841,3.1841,2
2026-06-18 11:38:00,3.1796,3.1796,3.1796,3.1796,3.1846,3.1846,3.1846,3.1846,1
2026-06-18 11:39:00,3.1806,3.1806,3.1796,3.1796,3.1856,3.1856,3.1846,3.1846,2
2026-06-18 11:40:00,3.1801,3.1801,3.1786,3.1786,3.1851,3.1851,3.1836,3.1836,10
2026-06-18 11:41:00,3.1791,3.1796,3.1791,3.1796,3.1841,3.1846,3.1841,3.1846,2
2026-06-18 11:43:00,3.1806,3.1816,3.1806,3.1816,3.1856,3.1866,3.1856,3.1866,4
2026-06-18 11:44:00,3.1821,3.1896,3.1821,3.1896,3.1871,3.1946,3.1871,3.1946,12
2026-06-18 11:45:00,3.1891,3.1891,3.1871,3.1871,3.1941,3.1941,3.1921,3.1921,4
2026-06-18 11:46:00,3.1866,3.1866,3.1851,3.1851,3.1916,3.1916,3.1901,3.1901,5
2026-06-18 11:47:00,3.1856,3.1856,3.1846,3.1851,3.1906,3.1906,3.1896,3.1901,5
2026-06-18 11:48:00,3.1846,3.1856,3.1846,3.1846,3.1896,3.1906,3.1896,3.1896,3
2026-06-18 11:49:00,3.1856,3.1856,3.1846,3.1856,3.1906,3.1906,3.1896,3.1906,4
2026-06-18 11:50:00,3.1846,3.1856,3.1846,3.1851,3.1896,3.1906,3.1896,3.1901,5
2026-06-18 11:51:00,3.1846,3.1846,3.1846,3.1846,3.1896,3.1896,3.1896,3.1896,1
2026-06-18 11:52:00,3.1841,3.1851,3.1836,3.1846,3.1891,3.1901,3.1886,3.1896,11
2026-06-18 11:53:00,3.1856,3.1856,3.1846,3.1846,3.1906,3.1906,3.1896,3.1896,8
2026-06-18 11:54:00,3.1856,3.1866,3.1851,3.1866,3.1906,3.1916,3.1901,3.1916,6
2026-06-18 11:55:00,3.1861,3.1866,3.1856,3.1856,3.1911,3.1916,3.1906,3.1906,5
2026-06-18 11:56:00,3.1866,3.1866,3.1831,3.1836,3.1916,3.1916,3.1881,3.1886,8
2026-06-18 11:57:00,3.1831,3.1846,3.1831,3.1841,3.1881,3.1896,3.1881,3.1891,7
2026-06-18 11:58:00,3.1836,3.1841,3.1836,3.1836,3.1886,3.1891,3.1886,3.1886,3
2026-06-18 11:59:00,3.1831,3.1846,3.1826,3.1841,3.1881,3.1896,3.1876,3.1891,7
2026-06-18 12:00:00,3.1836,3.1856,3.1836,3.1846,3.1886,3.1906,3.1886,3.1896,7
2026-06-18 12:01:00,3.1841,3.1841,3.1826,3.1826,3.1891,3.1891,3.1876,3.1876,6
2026-06-18 12:02:00,3.1831,3.1836,3.1826,3.1831,3.1881,3.1886,3.1876,3.1881,10
2026-06-18 12:03:00,3.1826,3.1826,3.1806,3.1806,3.1876,3.1876,3.1856,3.1856,4
2026-06-18 12:04:00,3.1811,3.1816,3.1811,3.1816,3.1861,3.1866,3.1861,3.1866,2
2026-06-18 12:05:00,3.1811,3.1816,3.1806,3.1806,3.1861,3.1866,3.1856,3.1856,10
2026-06-18 12:06:00,3.1811,3.1811,3.1796,3.1796,3.1861,3.1861,3.1846,3.1846,4
2026-06-18 12:07:00,3.1786,3.1821,3.1786,3.1821,3.1836,3.1871,3.1836,3.1871,8
2026-06-18 12:08:00,3.1826,3.1826,3.1806,3.1806,3.1876,3.1876,3.1856,3.1856,5
2026-06-18 12:10:00,3.1796,3.1896,3.1796,3.1896,3.1846,3.1946,3.1846,3.1946,20
2026-06-18 12:11:00,3.1891,3.1896,3.1886,3.1896,3.1941,3.1946,3.1936,3.1946,8
2026-06-18 12:12:00,3.1891,3.1891,3.1876,3.1886,3.1941,3.1941,3.1926,3.1936,5
2026-06-18 12:13:00,3.1891,3.1891,3.1866,3.1871,3.1941,3.1941,3.1916,3.1921,10
2026-06-18 12:14:00,3.1866,3.1886,3.1866,3.1871,3.1916,3.1936,3.1916,3.1921,8
2026-06-18 12:15:00,3.1866,3.1886,3.1856,3.1881,3.1916,3.1936,3.1906,3.1931,8
2026-06-18 12:16:00,3.1886,3.1886,3.1856,3.1866,3.1936,3.1936,3.1906,3.1916,8
2026-06-18 12:17:00,3.1861,3.1866,3.1861,3.1866,3.1911,3.1916,3.1911,3.1916,2
2026-06-18 12:19:00,3.1871,3.1876,3.1871,3.1876,3.1921,3.1926,3.1921,3.1926,2
2026-06-18 12:20:00,3.1881,3.1891,3.1861,3.1861,3.1931,3.1941,3.1911,3.1911,7
2026-06-18 12:21:00,3.1866,3.1866,3.1846,3.1856,3.1916,3.1916,3.1896,3.1906,7
2026-06-18 12:22:00,3.1866,3.1891,3.1866,3.1876,3.1916,3.1941,3.1916,3.1926,9
2026-06-18 12:23:00,3.1881,3.1881,3.1881,3.1881,3.1931,3.1931,3.1931,3.1931,1
2026-06-18 12:24:00,3.1896,3.1906,3.1896,3.1896,3.1946,3.1956,3.1946,3.1946,8
2026-06-18 12:25:00,3.1901,3.1926,3.1901,3.1926,3.1951,3.1976,3.1951,3.1976,7
2026-06-18 12:26:00,3.1921,3.1936,3.1906,3.1926,3.1971,3.1986,3.1956,3.1976,10
2026-06-18 12:27:00,3.1931,3.1936,3.1926,3.1936,3.1981,3.1986,3.1976,3.1986,9
2026-06-18 12:28:00,3.1931,3.1946,3.1931,3.1946,3.1981,3.1996,3.1981,3.1996,7
2026-06-18 12:29:00,3.1941,3.1941,3.1926,3.1936,3.1991,3.1991,3.1976,3.1986,9
2026-06-18 12:30:00,3.1946,3.1991,3.1946,3.1986,3.1996,3.2041,3.1996,3.2036,12
2026-06-18 12:31:00,3.1996,3.1996,3.1876,3.1911,3.2046,3.2046,3.1926,3.1961,31
2026-06-18 12:32:00,3.1906,3.1916,3.1836,3.1866,3.1956,3.1966,3.1886,3.1916,34
2026-06-18 12:33:00,3.1876,3.1936,3.1871,3.1926,3.1926,3.1986,3.1921,3.1976,20
2026-06-18 12:34:00,3.1916,3.1921,3.1911,3.1911,3.1966,3.1971,3.1961,3.1961,4
2026-06-18 12:35:00,3.1906,3.1926,3.1896,3.1916,3.1956,3.1976,3.1946,3.1966,10
2026-06-18 12:36:00,3.1926,3.1926,3.1906,3.1906,3.1976,3.1976,3.1956,3.1956,5
2026-06-18 12:37:00,3.1916,3.1921,3.1816,3.1816,3.1966,3.1971,3.1866,3.1866,20
2026-06-18 12:38:00,3.1821,3.1826,3.1816,3.1816,3.1871,3.1876,3.1866,3.1866,6
2026-06-18 12:39:00,3.1806,3.1816,3.1786,3.1816,3.1856,3.1866,3.1836,3.1866,11
2026-06-18 12:40:00,3.1806,3.1811,3.1766,3.1776,3.1856,3.1861,3.1816,3.1826,22
2026-06-18 12:41:00,3.1771,3.1776,3.1771,3.1776,3.1821,3.1826,3.1821,3.1826,4
2026-06-18 12:42:00,3.1771,3.1781,3.1771,3.1781,3.1821,3.1831,3.1821,3.1831,3
2026-06-18 12:43:00,3.1786,3.1816,3.1786,3.1801,3.1836,3.1866,3.1836,3.1851,7
2026-06-18 12:44:00,3.1796,3.1876,3.1786,3.1876,3.1846,3.1926,3.1836,3.1926,19
2026-06-18 12:45:00,3.1871,3.1871,3.1861,3.1861,3.1921,3.1921,3.1911,3.1911,7
2026-06-18 12:46:00,3.1866,3.1866,3.1841,3.1856,3.1916,3.1916,3.1891,3.1906,8
2026-06-18 12:47:00,3.1851,3.1851,3.1826,3.1846,3.1901,3.1901,3.1876,3.1896,5
2026-06-18 12:48:00,3.1851,3.1906,3.1836,3.1876,3.1901,3.1956,3.1886,3.1926,18
2026-06-18 12:49:00,3.1886,3.1896,3.1876,3.1896,3.1936,3.1946,3.1926,3.1946,6
2026-06-18 12:50:00,3.1891,3.1896,3.1886,3.1896,3.1941,3.1946,3.1936,3.1946,6
2026-06-18 12:51:00,3.1886,3.1891,3.1886,3.1891,3.1936,3.1941,3.1936,3.1941,2
2026-06-18 12:52:00,3.1886,3.1886,3.1876,3.1881,3.1936,3.1936,3.1926,3.1931,8
2026-06-18 12:53:00,3.1886,3.1886,3.1866,3.1881,3.1936,3.1936,3.1916,3.1931,14
2026-06-18 12:54:00,3.1876,3.1876,3.1816,3.1851,3.1926,3.1926,3.1866,3.1901,12
2026-06-18 12:55:00,3.1846,3.1856,3.1841,3.1841,3.1896,3.1906,3.1891,3.1891,12
2026-06-18 12:56:00,3.1846,3.1846,3.1826,3.1826,3.1896,3.1896,3.1876,3.1876,3
2026-06-18 12:57:00,3.1821,3.1836,3.1821,3.1836,3.1871,3.1886,3.1871,3.1886,3
2026-06-18 12:58:00,3.1826,3.1851,3.1826,3.1846,3.1876,3.1901,3.1876,3.1896,13
2026-06-18 12:59:00,3.1841,3.1841,3.1766,3.1771,3.1891,3.1891,3.1816,3.1821,31
2026-06-18 13:00:00,3.1756,3.1796,3.1746,3.1796,3.1806,3.1846,3.1796,3.1846,11
2026-06-18 13:01:00,3.1791,3.1811,3.1646,3.1671,3.1841,3.1861,3.1696,3.1721,46
2026-06-18 13:02:00,3.1676,3.1696,3.1666,3.1671,3.1726,3.1746,3.1716,3.1721,30
2026-06-18 13:03:00,3.1676,3.1676,3.1636,3.1646,3.1726,3.1726,3.1686,3.1696,21
2026-06-18 13:04:00,3.1651,3.1676,3.1651,3.1666,3.1701,3.1726,3.1701,3.1716,10
2026-06-18 13:05:00,3.1676,3.1711,3.1656,3.1711,3.1726,3.1761,3.1706,3.1761,12
2026-06-18 13:06:00,3.1706,3.1716,3.1706,3.1706,3.1756,3.1766,3.1756,3.1756,3
2026-06-18 13:07:00,3.1696,3.1741,3.1686,3.1741,3.1746,3.1791,3.1736,3.1791,22
2026-06-18 13:08:00,3.1736,3.1846,3.1736,3.1811,3.1786,3.1896,3.1786,3.1861,50
2026-06-18 13:09:00,3.1806,3.1856,3.1806,3.1851,3.1856,3.1906,3.1856,3.1901,24
2026-06-18 13:10:00,3.1846,3.1856,3.1846,3.1856,3.1896,3.1906,3.1896,3.1906,9
2026-06-18 13:11:00,3.1866,3.1946,3.1856,3.1936,3.1916,3.1996,3.1906,3.1986,45
2026-06-18 13:12:00,3.1941,3.1976,3.1876,3.1896,3.1991,3.2026,3.1926,3.1946,55
2026-06-18 13:13:00,3.1906,3.1916,3.1896,3.1916,3.1956,3.1966,3.1946,3.1966,18
2026-06-18 13:14:00,3.1926,3.1956,3.1926,3.1951,3.1976,3.2006,3.1976,3.2001,15
2026-06-18 13:15:00,3.1956,3.2006,3.1946,3.1976,3.2006,3.2056,3.1996,3.2026,26
2026-06-18 13:16:00,3.1986,3.1986,3.1936,3.1936,3.2036,3.2036,3.1986,3.1986,12
2026-06-18 13:17:00,3.1946,3.1956,3.1916,3.1941,3.1996,3.2006,3.1966,3.1991,11
2026-06-18 13:18:00,3.1946,3.1991,3.1946,3.1961,3.1996,3.2041,3.1996,3.2011,18
2026-06-18 13:19:00,3.1966,3.2046,3.1966,3.2016,3.2016,3.2096,3.2016,3.2066,25
2026-06-18 13:20:00,3.2026,3.2036,3.2006,3.2031,3.2076,3.2086,3.2056,3.2081,11
2026-06-18 13:21:00,3.2036,3.2046,3.1966,3.1971,3.2086,3.2096,3.2016,3.2021,26
2026-06-18 13:22:00,3.1976,3.1976,3.1936,3.1936,3.2026,3.2026,3.1986,3.1986,11
2026-06-18 13:23:00,3.1946,3.1956,3.1926,3.1956,3.1996,3.2006,3.1976,3.2006,6
2026-06-18 13:24:00,3.1966,3.2001,3.1966,3.1986,3.2016,3.2051,3.2016,3.2036,25
2026-06-18 13:25:00,3.1991,3.1996,3.1966,3.1976,3.2041,3.2046,3.2016,3.2026,10
2026-06-18 13:26:00,3.1986,3.1986,3.1916,3.1916,3.2036,3.2036,3.1966,3.1966,26
2026-06-18 13:27:00,3.1906,3.1906,3.1816,3.1821,3.1956,3.1956,3.1866,3.1871,56
2026-06-18 13:28:00,3.1826,3.1866,3.1816,3.1861,3.1876,3.1916,3.1866,3.1911,34
2026-06-18 13:29:00,3.1866,3.1866,3.1806,3.1811,3.1916,3.1916,3.1856,3.1861,16
2026-06-18 13:30:00,3.1816,3.1851,3.1796,3.1806,3.1866,3.1901,3.1846,3.1856,24
2026-06-18 13:31:00,3.1796,3.1806,3.1796,3.1806,3.1846,3.1856,3.1846,3.1856,7
2026-06-18 13:32:00,3.1816,3.1856,3.1741,3.1751,3.1866,3.1906,3.1791,3.1801,40
2026-06-18 13:33:00,3.1746,3.1821,3.1746,3.1811,3.1796,3.1871,3.1796,3.1861,51
2026-06-18 13:34:00,3.1816,3.1826,3.1796,3.1826,3.1866,3.1876,3.1846,3.1876,14
2026-06-18 13:35:00,3.1836,3.1866,3.1831,3.1856,3.1886,3.1916,3.1881,3.1906,18
2026-06-18 13:36:00,3.1861,3.1881,3.1861,3.1871,3.1911,3.1931,3.1911,3.1921,11
2026-06-18 13:37:00,3.1866,3.1866,3.1826,3.1831,3.1916,3.1916,3.1876,3.1881,24
2026-06-18 13:38:00,3.1836,3.1836,3.1796,3.1806,3.1886,3.1886,3.1846,3.1856,13
2026-06-18 13:39:00,3.1816,3.1831,3.1796,3.1816,3.1866,3.1881,3.1846,3.1866,16
2026-06-18 13:40:00,3.1826,3.1976,3.1786,3.1961,3.1876,3.2026,3.1836,3.2011,51
2026-06-18 13:41:00,3.1956,3.1976,3.1901,3.1921,3.2006,3.2026,3.1951,3.1971,35
2026-06-18 13:42:00,3.1916,3.1921,3.1861,3.1866,3.1966,3.1971,3.1911,3.1916,23
2026-06-18 13:43:00,3.1861,3.1876,3.1826,3.1826,3.1911,3.1926,3.1876,3.1876,15
2026-06-18 13:44:00,3.1816,3.1826,3.1786,3.1796,3.1866,3.1876,3.1836,3.1846,25
2026-06-18 13:45:00,3.1781,3.1786,3.1736,3.1746,3.1831,3.1836,3.1786,3.1796,22
2026-06-18 13:46:00,3.1751,3.1756,3.1676,3.1736,3.1801,3.1806,3.1726,3.1786,67
2026-06-18 13:47:00,3.1726,3.1736,3.1701,3.1706,3.1776,3.1786,3.1751,3.1756,36
2026-06-18 13:48:00,3.1711,3.1726,3.1636,3.1646,3.1761,3.1776,3.1686,3.1696,46
2026-06-18 13:49:00,3.1651,3.1681,3.1621,3.1656,3.1701,3.1731,3.1671,3.1706,61
2026-06-18 13:50:00,3.1666,3.1706,3.1666,3.1681,3.1716,3.1756,3.1716,3.1731,37
2026-06-18 13:51:00,3.1686,3.1771,3.1676,3.1761,3.1736,3.1821,3.1726,3.1811,49
2026-06-18 13:52:00,3.1756,3.1776,3.1741,3.1746,3.1806,3.1826,3.1791,3.1796,18
2026-06-18 13:53:00,3.1751,3.1796,3.1751,3.1796,3.1801,3.1846,3.1801,3.1846,24
2026-06-18 13:54:00,3.1806,3.1876,3.1791,3.1846,3.1856,3.1926,3.1841,3.1896,38
2026-06-18 13:55:00,3.1841,3.1846,3.1836,3.1841,3.1891,3.1896,3.1886,3.1891,6
2026-06-18 13:56:00,3.1836,3.1866,3.1836,3.1836,3.1886,3.1916,3.1886,3.1886,19
2026-06-18 13:57:00,3.1841,3.1896,3.1836,3.1851,3.1891,3.1946,3.1886,3.1901,27
2026-06-18 13:58:00,3.1846,3.1856,3.1806,3.1806,3.1896,3.1906,3.1856,3.1856,27
2026-06-18 13:59:00,3.1811,3.1846,3.1796,3.1846,3.1861,3.1896,3.1846,3.1896,19
2026-06-18 14:00:00,3.1836,3.1906,3.1836,3.1856,3.1886,3.1956,3.1886,3.1906,38
2026-06-18 14:01:00,3.1826,3.1906,3.1801,3.1906,3.1876,3.1956,3.1851,3.1956,35
2026-06-18 14:02:00,3.1901,3.1966,3.1901,3.1961,3.1951,3.2016,3.1951,3.2011,50
2026-06-18 14:03:00,3.1956,3.2046,3.1946,3.2006,3.2006,3.2096,3.1996,3.2056,95
2026-06-18 14:04:00,3.2001,3.2001,3.1926,3.1926,3.2051,3.2051,3.1976,3.1976,54
2026-06-18 14:05:00,3.1916,3.1916,3.1816,3.1831,3.1966,3.1966,3.1866,3.1881,57
2026-06-18 14:06:00,3.1836,3.1836,3.1726,3.1736,3.1886,3.1886,3.1776,3.1786,77
2026-06-18 14:07:00,3.1741,3.1806,3.1711,3.1756,3.1791,3.1856,3.1761,3.1806,72
2026-06-18 14:08:00,3.1761,3.1846,3.1761,3.1836,3.1811,3.1896,3.1811,3.1886,35
2026-06-18 14:09:00,3.1831,3.1836,3.1806,3.1826,3.1881,3.1886,3.1856,3.1876,35
2026-06-18 14:10:00,3.1816,3.1826,3.1806,3.1806,3.1866,3.1876,3.1856,3.1856,19
2026-06-18 14:11:00,3.1796,3.1796,3.1766,3.1776,3.1846,3.1846,3.1816,3.1826,22
2026-06-18 14:12:00,3.1771,3.1821,3.1761,3.1811,3.1821,3.1871,3.1811,3.1861,21
2026-06-18 14:13:00,3.1816,3.1836,3.1806,3.1806,3.1866,3.1886,3.1856,3.1856,18
2026-06-18 14:14:00,3.1816,3.1816,3.1781,3.1786,3.1866,3.1866,3.1831,3.1836,20
2026-06-18 14:15:00,3.1796,3.1796,3.1736,3.1776,3.1846,3.1846,3.1786,3.1826,31
2026-06-18 14:16:00,3.1781,3.1846,3.1776,3.1816,3.1831,3.1896,3.1826,3.1866,22
2026-06-18 14:17:00,3.1826,3.1886,3.1796,3.1866,3.1876,3.1936,3.1846,3.1916,24
2026-06-18 14:18:00,3.1871,3.1876,3.1836,3.1871,3.1921,3.1926,3.1886,3.1921,40
2026-06-18 14:19:00,3.1876,3.1976,3.1876,3.1931,3.1926,3.2026,3.1926,3.1981,91
2026-06-18 14:20:00,3.1926,3.1956,3.1916,3.1956,3.1976,3.2006,3.1966,3.2006,26
2026-06-18 14:21:00,3.1951,3.1976,3.1846,3.1861,3.2001,3.2026,3.1896,3.1911,39
2026-06-18 14:22:00,3.1866,3.1866,3.1711,3.1756,3.1916,3.1916,3.1761,3.1806,94
2026-06-18 14:23:00,3.1761,3.1786,3.1721,3.1771,3.1811,3.1836,3.1771,3.1821,49
2026-06-18 14:24:00,3.1766,3.1826,3.1766,3.1806,3.1816,3.1876,3.1816,3.1856,33
2026-06-18 14:25:00,3.1801,3.1836,3.1796,3.1796,3.1851,3.1886,3.1846,3.1846,17
2026-06-18 14:26:00,3.1786,3.1816,3.1766,3.1796,3.1836,3.1866,3.1816,3.1846,26
2026-06-18 14:27:00,3.1806,3.1831,3.1786,3.1806,3.1856,3.1881,3.1836,3.1856,24
2026-06-18 14:28:00,3.1796,3.1826,3.1796,3.1796,3.1846,3.1876,3.1846,3.1846,30
2026-06-18 14:29:00,3.1801,3.1846,3.1776,3.1836,3.1851,3.1896,3.1826,3.1886,40
2026-06-18 14:30:00,3.1831,3.2006,3.1826,3.1926,3.1881,3.2056,3.1876,3.1976,169
2026-06-18 14:31:00,3.1921,3.2026,3.1856,3.1956,3.1971,3.2076,3.1906,3.2006,100
2026-06-18 14:32:00,3.1946,3.2016,3.1926,3.1946,3.1996,3.2066,3.1976,3.1996,57
2026-06-18 14:33:00,3.1936,3.2006,3.1926,3.1981,3.1986,3.2056,3.1976,3.2031,39
2026-06-18 14:34:00,3.1976,3.1976,3.1886,3.1886,3.2026,3.2026,3.1936,3.1936,24
2026-06-18 14:35:00,3.1881,3.1896,3.1836,3.1856,3.1931,3.1946,3.1886,3.1906,48
2026-06-18 14:36:00,3.1851,3.1866,3.1776,3.1846,3.1901,3.1916,3.1826,3.1896,67
2026-06-18 14:37:00,3.1856,3.1876,3.1811,3.1871,3.1906,3.1926,3.1861,3.1921,30
2026-06-18 14:38:00,3.1866,3.1866,3.1841,3.1846,3.1916,3.1916,3.1891,3.1896,8
2026-06-18 14:39:00,3.1836,3.1876,3.1816,3.1866,3.1886,3.1926,3.1866,3.1916,18
2026-06-18 14:40:00,3.1861,3.1866,3.1846,3.1861,3.1911,3.1916,3.1896,3.1911,19
2026-06-18 14:41:00,3.1866,3.1876,3.1836,3.1861,3.1916,3.1926,3.1886,3.1911,20
2026-06-18 14:42:00,3.1866,3.1876,3.1836,3.1866,3.1916,3.1926,3.1886,3.1916,28
2026-06-18 14:43:00,3.1871,3.1876,3.1836,3.1836,3.1921,3.1926,3.1886,3.1886,13
2026-06-18 14:44:00,3.1826,3.1926,3.1816,3.1891,3.1876,3.1976,3.1866,3.1941,51
2026-06-18 14:45:00,3.1886,3.1926,3.1886,3.1921,3.1936,3.1976,3.1936,3.1971,14
2026-06-18 14:46:00,3.1926,3.1976,3.1926,3.1966,3.1976,3.2026,3.1976,3.2016,59
2026-06-18 14:47:00,3.1961,3.2066,3.1961,3.2056,3.2011,3.2116,3.2011,3.2106,127
2026-06-18 14:48:00,3.2066,3.2126,3.2046,3.2106,3.2116,3.2176,3.2096,3.2156,76
2026-06-18 14:49:00,3.2101,3.2136,3.2056,3.2076,3.2151,3.2186,3.2106,3.2126,75
2026-06-18 14:50:00,3.2066,3.2076,3.2046,3.2066,3.2116,3.2126,3.2096,3.2116,42
2026-06-18 14:51:00,3.2056,3.2056,3.2016,3.2021,3.2106,3.2106,3.2066,3.2071,40
2026-06-18 14:52:00,3.2016,3.2046,3.1991,3.1996,3.2066,3.2096,3.2041,3.2046,17
2026-06-18 14:53:00,3.1986,3.2006,3.1986,3.1996,3.2036,3.2056,3.2036,3.2046,12
2026-06-18 14:54:00,3.1991,3.2006,3.1926,3.1931,3.2041,3.2056,3.1976,3.1981,34
2026-06-18 14:55:00,3.1936,3.1946,3.1886,3.1936,3.1986,3.1996,3.1936,3.1986,48
2026-06-18 14:56:00,3.1931,3.1936,3.1796,3.1816,3.1981,3.1986,3.1846,3.1866,100
2026-06-18 14:57:00,3.1806,3.1861,3.1766,3.1821,3.1856,3.1911,3.1816,3.1871,83
2026-06-18 14:58:00,3.1816,3.1816,3.1716,3.1766,3.1866,3.1866,3.1766,3.1816,116
2026-06-18 14:59:00,3.1756,3.1786,3.1696,3.1711,3.1806,3.1836,3.1746,3.1761,77
2026-06-18 15:00:00,3.1706,3.1716,3.1606,3.1621,3.1756,3.1766,3.1656,3.1671,117
2026-06-18 15:01:00,3.1626,3.1666,3.1626,3.1661,3.1676,3.1716,3.1676,3.1711,54
2026-06-18 15:02:00,3.1656,3.1686,3.1646,3.1656,3.1706,3.1736,3.1696,3.1706,36
2026-06-18 15:03:00,3.1646,3.1706,3.1646,3.1696,3.1696,3.1756,3.1696,3.1746,33
2026-06-18 15:04:00,3.1686,3.1816,3.1676,3.1756,3.1736,3.1866,3.1726,3.1806,69
2026-06-18 15:05:00,3.1776,3.1796,3.1746,3.1776,3.1826,3.1846,3.1796,3.1826,51
2026-06-18 15:06:00,3.1771,3.1806,3.1746,3.1761,3.1821,3.1856,3.1796,3.1811,44
2026-06-18 15:07:00,3.1756,3.1786,3.1736,3.1756,3.1806,3.1836,3.1786,3.1806,27
2026-06-18 15:08:00,3.1746,3.1761,3.1731,3.1756,3.1796,3.1811,3.1781,3.1806,29
2026-06-18 15:09:00,3.1746,3.1806,3.1736,3.1771,3.1796,3.1856,3.1786,3.1821,32
2026-06-18 15:10:00,3.1761,3.1806,3.1756,3.1766,3.1811,3.1856,3.1806,3.1816,26
2026-06-18 15:11:00,3.1761,3.1786,3.1746,3.1786,3.1811,3.1836,3.1796,3.1836,38
2026-06-18 15:12:00,3.1776,3.1816,3.1776,3.1806,3.1826,3.1866,3.1826,3.1856,33
2026-06-18 15:13:00,3.1796,3.1851,3.1796,3.1846,3.1846,3.1901,3.1846,3.1896,25
2026-06-18 15:14:00,3.1836,3.1886,3.1816,3.1866,3.1886,3.1936,3.1866,3.1916,55
2026-06-18 15:15:00,3.1856,3.1926,3.1851,3.1916,3.1906,3.1976,3.1901,3.1966,54
2026-06-18 15:16:00,3.1906,3.1936,3.1871,3.1916,3.1956,3.1986,3.1921,3.1966,54
2026-06-18 15:17:00,3.1926,3.1926,3.1856,3.1861,3.1976,3.1976,3.1906,3.1911,27
2026-06-18 15:18:00,3.1856,3.1866,3.1846,3.1856,3.1906,3.1916,3.1896,3.1906,12
2026-06-18 15:19:00,3.1851,3.1856,3.1816,3.1816,3.1901,3.1906,3.1866,3.1866,27
2026-06-18 15:20:00,3.1821,3.1856,3.1806,3.1826,3.1871,3.1906,3.1856,3.1876,22
2026-06-18 15:21:00,3.1831,3.1846,3.1826,3.1841,3.1881,3.1896,3.1876,3.1891,14
2026-06-18 15:22:00,3.1846,3.1866,3.1826,3.1846,3.1896,3.1916,3.1876,3.1896,27
2026-06-18 15:23:00,3.1841,3.1846,3.1826,3.1826,3.1891,3.1896,3.1876,3.1876,10
2026-06-18 15:24:00,3.1816,3.1816,3.1791,3.1806,3.1866,3.1866,3.1841,3.1856,26
2026-06-18 15:25:00,3.1801,3.1826,3.1796,3.1826,3.1851,3.1876,3.1846,3.1876,9
2026-06-18 15:26:00,3.1816,3.1826,3.1761,3.1766,3.1866,3.1876,3.1811,3.1816,14
2026-06-18 15:27:00,3.1776,3.1776,3.1696,3.1696,3.1826,3.1826,3.1746,3.1746,61
2026-06-18 15:28:00,3.1701,3.1706,3.1666,3.1666,3.1751,3.1756,3.1716,3.1716,45
2026-06-18 15:29:00,3.1656,3.1656,3.1596,3.1606,3.1706,3.1706,3.1646,3.1656,37
2026-06-18 15:30:00,3.1596,3.1626,3.1576,3.1586,3.1646,3.1676,3.1626,3.1636,65
2026-06-18 15:31:00,3.1576,3.1636,3.1576,3.1631,3.1626,3.1686,3.1626,3.1681,44
2026-06-18 15:32:00,3.1636,3.1726,3.1636,3.1716,3.1686,3.1776,3.1686,3.1766,38
2026-06-18 15:33:00,3.1706,3.1716,3.1676,3.1716,3.1756,3.1766,3.1726,3.1766,28
2026-06-18 15:34:00,3.1706,3.1776,3.1686,3.1766,3.1756,3.1826,3.1736,3.1816,50
2026-06-18 15:35:00,3.1776,3.1816,3.1776,3.1806,3.1826,3.1866,3.1826,3.1856,21
2026-06-18 15:36:00,3.1796,3.1836,3.1796,3.1836,3.1846,3.1886,3.1846,3.1886,39
2026-06-18 15:37:00,3.1846,3.1861,3.1806,3.1806,3.1896,3.1911,3.1856,3.1856,43
2026-06-18 15:38:00,3.1816,3.1876,3.1816,3.1856,3.1866,3.1926,3.1866,3.1906,40
2026-06-18 15:39:00,3.1866,3.1896,3.1846,3.1886,3.1916,3.1946,3.1896,3.1936,27
2026-06-18 15:40:00,3.1876,3.1896,3.1876,3.1896,3.1926,3.1946,3.1926,3.1946,16
2026-06-18 15:41:00,3.1901,3.1906,3.1876,3.1891,3.1951,3.1956,3.1926,3.1936,54
2026-06-18 15:42:00,3.1896,3.1926,3.1886,3.1886,3.1946,3.1976,3.1936,3.1936,17
2026-06-18 15:43:00,3.1871,3.1886,3.1846,3.1851,3.1921,3.1936,3.1896,3.1901,41
2026-06-18 15:44:00,3.1856,3.1936,3.1856,3.1916,3.1971,3.1986,3.1966,3.1966,22
2026-06-18 15:45:00,3.1936,3.1946,3.1886,3.1886,3.1986,3.1996,3.1936,3.1936,33
2026-06-18 15:46:00,3.1891,3.1906,3.1836,3.1856,3.1941,3.1956,3.1886,3.1906,64
2026-06-18 15:47:00,3.1861,3.1866,3.1796,3.1806,3.1911,3.1916,3.1846,3.1856,52
2026-06-18 15:48:00,3.1816,3.1836,3.1806,3.1826,3.1866,3.1886,3.1856,3.1876,32
2026-06-18 15:49:00,3.1831,3.1836,3.1806,3.1806,3.1881,3.1886,3.1856,3.1856,52
2026-06-18 15:50:00,3.1801,3.1811,3.1776,3.1776,3.1851,3.1861,3.1826,3.1826,38
2026-06-18 15:51:00,3.1781,3.1796,3.1746,3.1756,3.1831,3.1846,3.1796,3.1806,48
2026-06-18 15:52:00,3.1746,3.1766,3.1736,3.1746,3.1796,3.1816,3.1786,3.1796,42
2026-06-18 15:53:00,3.1756,3.1761,3.1696,3.1706,3.1806,3.1811,3.1746,3.1756,66
2026-06-18 15:54:00,3.1716,3.1746,3.1716,3.1736,3.1766,3.1796,3.1766,3.1786,64
2026-06-18 15:55:00,3.1726,3.1816,3.1726,3.1791,3.1776,3.1866,3.1776,3.1841,57
2026-06-18 15:56:00,3.1786,3.1806,3.1766,3.1806,3.1836,3.1856,3.1816,3.1856,15
2026-06-18 15:57:00,3.1816,3.1856,3.1806,3.1846,3.1866,3.1906,3.1856,3.1896,32
2026-06-18 15:58:00,3.1861,3.1866,3.1806,3.1856,3.1911,3.1916,3.1856,3.1906,36
2026-06-18 15:59:00,3.1861,3.1861,3.1836,3.1836,3.1911,3.1911,3.1886,3.1886,44
2026-06-18 16:00:00,3.1831,3.1831,3.1796,3.1811,3.1881,3.1881,3.1846,3.1861,40
2026-06-18 16:01:00,3.1826,3.1911,3.1826,3.1906,3.1876,3.1961,3.1876,3.1956,110
2026-06-18 16:02:00,3.1896,3.1926,3.1886,3.1886,3.1946,3.1976,3.1936,3.1936,34
2026-06-18 16:03:00,3.1896,3.1916,3.1886,3.1916,3.1946,3.1966,3.1936,3.1966,28
2026-06-18 16:04:00,3.1906,3.1906,3.1836,3.1841,3.1956,3.1956,3.1886,3.1891,94
2026-06-18 16:05:00,3.1846,3.1866,3.1846,3.1861,3.1896,3.1916,3.1896,3.1911,26
2026-06-18 16:06:00,3.1856,3.1876,3.1836,3.1876,3.1906,3.1926,3.1886,3.1926,38
2026-06-18 16:07:00,3.1866,3.1876,3.1851,3.1856,3.1916,3.1926,3.1901,3.1906,46
2026-06-18 16:08:00,3.1866,3.1886,3.1856,3.1856,3.1916,3.1936,3.1906,3.1906,32
2026-06-18 16:09:00,3.1846,3.1856,3.1836,3.1841,3.1896,3.1906,3.1886,3.1891,44
2026-06-18 16:10:00,3.1846,3.1886,3.1836,3.1866,3.1896,3.1936,3.1886,3.1916,20
2026-06-18 16:11:00,3.1876,3.1896,3.1866,3.1891,3.1926,3.1946,3.1916,3.1941,15
2026-06-18 16:12:00,3.1896,3.1896,3.1876,3.1896,3.1946,3.1946,3.1926,3.1946,18
2026-06-18 16:13:00,3.1891,3.1896,3.1866,3.1876,3.1941,3.1946,3.1916,3.1926,12
2026-06-18 16:14:00,3.1886,3.1896,3.1866,3.1876,3.1936,3.1946,3.1916,3.1926,17
2026-06-18 16:15:00,3.1871,3.1876,3.1846,3.1856,3.1921,3.1926,3.1896,3.1906,18
2026-06-18 16:16:00,3.1846,3.1856,3.1836,3.1836,3.1896,3.1906,3.1886,3.1886,14
2026-06-18 16:17:00,3.1826,3.1856,3.1816,3.1836,3.1876,3.1906,3.1866,3.1886,23
2026-06-18 16:18:00,3.1841,3.1886,3.1836,3.1856,3.1891,3.1936,3.1886,3.1906,37
2026-06-18 16:19:00,3.1846,3.1876,3.1846,3.1876,3.1896,3.1926,3.1896,3.1926,16
2026-06-18 16:20:00,3.1871,3.1876,3.1856,3.1866,3.1921,3.1926,3.1906,3.1916,13
2026-06-18 16:21:00,3.1876,3.1906,3.1846,3.1906,3.1926,3.1956,3.1896,3.1956,19
2026-06-18 16:22:00,3.1896,3.1976,3.1896,3.1956,3.1946,3.2026,3.1946,3.2006,47
2026-06-18 16:23:00,3.1951,3.1951,3.1901,3.1911,3.2001,3.2001,3.1951,3.1961,27
2026-06-18 16:24:00,3.1916,3.1916,3.1836,3.1876,3.1966,3.1966,3.1886,3.1926,41
2026-06-18 16:25:00,3.1866,3.1896,3.1866,3.1886,3.1916,3.1946,3.1916,3.1936,17
2026-06-18 16:26:00,3.1896,3.1896,3.1866,3.1886,3.1946,3.1946,3.1916,3.1936,38
2026-06-18 16:27:00,3.1881,3.1886,3.1836,3.1856,3.1931,3.1936,3.1886,3.1906,38
2026-06-18 16:28:00,3.1851,3.1856,3.1776,3.1776,3.1901,3.1906,3.1826,3.1826,76
2026-06-18 16:29:00,3.1781,3.1826,3.1756,3.1761,3.1831,3.1876,3.1806,3.1811,82
2026-06-18 16:30:00,3.1766,3.2071,3.1766,3.2041,3.1816,3.2121,3.1816,3.2091,317
2026-06-18 16:31:00,3.2036,3.2056,3.1926,3.2026,3.2086,3.2106,3.1976,3.2076,141
2026-06-18 16:32:00,3.2016,3.2066,3.1986,3.2061,3.2066,3.2116,3.2036,3.2111,90
2026-06-18 16:33:00,3.2071,3.2096,3.2026,3.2086,3.2121,3.2146,3.2076,3.2136,79
2026-06-18 16:34:00,3.2096,3.2106,3.2046,3.2066,3.2146,3.2156,3.2096,3.2116,59
2026-06-18 16:35:00,3.2071,3.2116,3.2066,3.2071,3.2121,3.2166,3.2116,3.2121,48
2026-06-18 16:36:00,3.2061,3.2066,3.1956,3.1996,3.2111,3.2116,3.2006,3.2046,98
2026-06-18 16:37:00,3.2006,3.2036,3.1996,3.2011,3.2056,3.2086,3.2046,3.2061,54
2026-06-18 16:38:00,3.2016,3.2026,3.1971,3.2021,3.2066,3.2076,3.2021,3.2071,49
2026-06-18 16:39:00,3.2031,3.2056,3.2001,3.2016,3.2081,3.2106,3.2051,3.2066,25
2026-06-18 16:40:00,3.2011,3.2026,3.1986,3.1986,3.2061,3.2076,3.2036,3.2036,35
2026-06-18 16:41:00,3.1976,3.1976,3.1846,3.1866,3.2026,3.2026,3.1896,3.1916,86
2026-06-18 16:42:00,3.1861,3.1916,3.1856,3.1911,3.1911,3.1966,3.1906,3.1961,38
2026-06-18 16:43:00,3.1916,3.1936,3.1901,3.1901,3.1966,3.1986,3.1951,3.1951,26
2026-06-18 16:44:00,3.1906,3.1961,3.1901,3.1956,3.1956,3.2011,3.1951,3.2006,18
2026-06-18 16:45:00,3.1951,3.1956,3.1881,3.1901,3.2001,3.2006,3.1931,3.1951,38
2026-06-18 16:46:00,3.1891,3.1916,3.1826,3.1846,3.1941,3.1966,3.1876,3.1896,64
2026-06-18 16:47:00,3.1851,3.1851,3.1776,3.1836,3.1901,3.1901,3.1826,3.1886,71
2026-06-18 16:48:00,3.1831,3.1886,3.1791,3.1856,3.1881,3.1936,3.1841,3.1906,63
2026-06-18 16:49:00,3.1836,3.1866,3.1836,3.1856,3.1886,3.1916,3.1886,3.1906,27
2026-06-18 16:50:00,3.1846,3.1886,3.1846,3.1866,3.1896,3.1936,3.1896,3.1916,29
2026-06-18 16:51:00,3.1861,3.1866,3.1816,3.1866,3.1911,3.1916,3.1866,3.1916,44
2026-06-18 16:52:00,3.1876,3.1896,3.1866,3.1871,3.1926,3.1946,3.1916,3.1921,19
2026-06-18 16:53:00,3.1876,3.1886,3.1856,3.1886,3.1926,3.1936,3.1906,3.1936,15
2026-06-18 16:54:00,3.1881,3.1886,3.1846,3.1871,3.1931,3.1936,3.1896,3.1921,16
2026-06-18 16:55:00,3.1876,3.1931,3.1866,3.1931,3.1926,3.1981,3.1916,3.1981,30
2026-06-18 16:56:00,3.1926,3.1946,3.1906,3.1921,3.1976,3.1996,3.1956,3.1971,25
2026-06-18 16:57:00,3.1916,3.1936,3.1916,3.1931,3.1966,3.1986,3.1966,3.1981,13
2026-06-18 16:58:00,3.1926,3.1926,3.1906,3.1911,3.1976,3.1976,3.1956,3.1961,14
2026-06-18 16:59:00,3.1906,3.1916,3.1856,3.1886,3.1956,3.1966,3.1906,3.1936,22
2026-06-18 17:00:00,3.1876,3.1936,3.1876,3.1931,3.1926,3.1986,3.1926,3.1981,29
2026-06-18 17:01:00,3.1936,3.1956,3.1931,3.1941,3.1986,3.2006,3.1981,3.1991,16
2026-06-18 17:02:00,3.1951,3.2006,3.1951,3.1996,3.2001,3.2056,3.2001,3.2046,24
2026-06-18 17:03:00,3.2021,3.2086,3.2016,3.2076,3.2071,3.2136,3.2066,3.2126,84
2026-06-18 17:04:00,3.2066,3.2096,3.2056,3.2066,3.2116,3.2146,3.2106,3.2116,68
2026-06-18 17:05:00,3.2056,3.2176,3.2056,3.2166,3.2106,3.2226,3.2106,3.2216,81
2026-06-18 17:06:00,3.2176,3.2246,3.2136,3.2246,3.2226,3.2296,3.2186,3.2296,81
2026-06-18 17:07:00,3.2236,3.2276,3.2226,3.2266,3.2286,3.2326,3.2276,3.2316,40
2026-06-18 17:08:00,3.2256,3.2346,3.2256,3.2276,3.2306,3.2396,3.2306,3.2326,91
2026-06-18 17:09:00,3.2286,3.2286,3.2236,3.2256,3.2336,3.2336,3.2286,3.2306,37
2026-06-18 17:10:00,3.2266,3.2296,3.2246,3.2286,3.2316,3.2346,3.2296,3.2336,42
2026-06-18 17:11:00,3.2271,3.2296,3.2251,3.2296,3.2321,3.2346,3.2301,3.2346,29
2026-06-18 17:12:00,3.2301,3.2326,3.2291,3.2296,3.2351,3.2376,3.2341,3.2346,39
2026-06-18 17:13:00,3.2301,3.2326,3.2276,3.2311,3.2351,3.2376,3.2326,3.2361,28
2026-06-18 17:14:00,3.2316,3.2396,3.2306,3.2386,3.2366,3.2446,3.2356,3.2436,54
2026-06-18 17:15:00,3.2381,3.2386,3.2326,3.2356,3.2431,3.2436,3.2376,3.2406,62
2026-06-18 17:16:00,3.2346,3.2386,3.2346,3.2386,3.2396,3.2436,3.2396,3.2436,44
2026-06-18 17:17:00,3.2396,3.2456,3.2386,3.2426,3.2446,3.2506,3.2436,3.2476,87
2026-06-18 17:18:00,3.2441,3.2441,3.2376,3.2401,3.2491,3.2491,3.2426,3.2451,77
2026-06-18 17:19:00,3.2396,3.2416,3.2371,3.2386,3.2446,3.2466,3.2421,3.2436,37
2026-06-18 17:20:00,3.2381,3.2406,3.2276,3.2286,3.2431,3.2456,3.2326,3.2336,74
2026-06-18 17:21:00,3.2276,3.2326,3.2276,3.2321,3.2326,3.2376,3.2326,3.2371,39
2026-06-18 17:22:00,3.2326,3.2356,3.2296,3.2331,3.2376,3.2406,3.2346,3.2381,27
2026-06-18 17:23:00,3.2336,3.2336,3.2306,3.2326,3.2386,3.2386,3.2356,3.2376,19
2026-06-18 17:24:00,3.2331,3.2336,3.2306,3.2326,3.2381,3.2386,3.2356,3.2376,24
2026-06-18 17:25:00,3.2316,3.2326,3.2296,3.2321,3.2366,3.2376,3.2346,3.2371,25
2026-06-18 17:26:00,3.2316,3.2376,3.2296,3.2366,3.2366,3.2426,3.2346,3.2416,39
2026-06-18 17:27:00,3.2351,3.2376,3.2316,3.2321,3.2401,3.2426,3.2366,3.2371,46
2026-06-18 17:28:00,3.2316,3.2316,3.2216,3.2226,3.2366,3.2366,3.2266,3.2276,47
2026-06-18 17:29:00,3.2231,3.2346,3.2231,3.2341,3.2281,3.2396,3.2281,3.2391,51
2026-06-18 17:30:00,3.2346,3.2386,3.2331,3.2331,3.2396,3.2436,3.2381,3.2381,51
2026-06-18 17:31:00,3.2326,3.2356,3.2316,3.2351,3.2376,3.2406,3.2366,3.2401,35
2026-06-18 17:32:00,3.2356,3.2366,3.2346,3.2361,3.2406,3.2416,3.2396,3.2411,21
2026-06-18 17:33:00,3.2366,3.2416,3.2366,3.2396,3.2416,3.2466,3.2416,3.2446,38
2026-06-18 17:34:00,3.2406,3.2406,3.2381,3.2386,3.2456,3.2456,3.2431,3.2436,19
2026-06-18 17:35:00,3.2391,3.2406,3.2366,3.2381,3.2441,3.2456,3.2416,3.2431,38
2026-06-18 17:36:00,3.2386,3.2456,3.2376,3.2451,3.2436,3.2506,3.2426,3.2501,45
2026-06-18 17:37:00,3.2446,3.2486,3.2446,3.2466,3.2496,3.2536,3.2496,3.2516,37
2026-06-18 17:38:00,3.2461,3.2466,3.2446,3.2456,3.2511,3.2516,3.2496,3.2506,26
2026-06-18 17:39:00,3.2446,3.2466,3.2436,3.2436,3.2496,3.2516,3.2486,3.2486,34
2026-06-18 17:40:00,3.2441,3.2466,3.2416,3.2426,3.2491,3.2516,3.2466,3.2476,26
2026-06-18 17:41:00,3.2436,3.2436,3.2406,3.2406,3.2486,3.2486,3.2456,3.2456,14
2026-06-18 17:42:00,3.2416,3.2431,3.2396,3.2426,3.2466,3.2481,3.2446,3.2476,15
2026-06-18 17:43:00,3.2436,3.2436,3.2386,3.2391,3.2486,3.2486,3.2436,3.2441,21
2026-06-18 17:44:00,3.2396,3.2421,3.2386,3.2411,3.2446,3.2471,3.2436,3.2461,22
2026-06-18 17:45:00,3.2416,3.2426,3.2416,3.2416,3.2466,3.2476,3.2466,3.2466,8
2026-06-18 17:46:00,3.2426,3.2461,3.2416,3.2461,3.2476,3.2511,3.2466,3.2511,22
2026-06-18 17:47:00,3.2471,3.2491,3.2466,3.2476,3.2521,3.2541,3.2516,3.2526,33
2026-06-18 17:48:00,3.2466,3.2466,3.2426,3.2426,3.2516,3.2516,3.2476,3.2476,9
2026-06-18 17:49:00,3.2436,3.2466,3.2436,3.2461,3.2486,3.2516,3.2486,3.2511,31
2026-06-18 17:50:00,3.2466,3.2466,3.2426,3.2426,3.2516,3.2516,3.2476,3.2476,16
2026-06-18 17:51:00,3.2431,3.2476,3.2431,3.2476,3.2481,3.2526,3.2481,3.2526,17
2026-06-18 17:52:00,3.2466,3.2506,3.2466,3.2486,3.2516,3.2556,3.2516,3.2536,18
2026-06-18 17:53:00,3.2481,3.2486,3.2476,3.2486,3.2531,3.2536,3.2526,3.2536,9
2026-06-18 17:54:00,3.2476,3.2546,3.2476,3.2516,3.2526,3.2596,3.2526,3.2566,34
2026-06-18 17:55:00,3.2506,3.2516,3.2476,3.2486,3.2556,3.2566,3.2526,3.2536,39
2026-06-18 17:56:00,3.2496,3.2506,3.2486,3.2496,3.2546,3.2556,3.2536,3.2546,19
2026-06-18 17:57:00,3.2506,3.2616,3.2496,3.2586,3.2556,3.2666,3.2546,3.2636,74
2026-06-18 17:58:00,3.2581,3.2581,3.2551,3.2566,3.2631,3.2631,3.2601,3.2616,20
2026-06-18 17:59:00,3.2576,3.2601,3.2566,3.2596,3.2626,3.2651,3.2616,3.2646,31
2026-06-18 18:00:00,3.2606,3.2606,3.2566,3.2576,3.2656,3.2656,3.2616,3.2626,39
2026-06-18 18:01:00,3.2581,3.2596,3.2536,3.2546,3.2631,3.2646,3.2586,3.2596,32
2026-06-18 18:02:00,3.2556,3.2556,3.2506,3.2511,3.2606,3.2606,3.2556,3.2561,34
2026-06-18 18:03:00,3.2516,3.2546,3.2516,3.2536,3.2566,3.2596,3.2566,3.2586,17
2026-06-18 18:04:00,3.2526,3.2526,3.2506,3.2516,3.2576,3.2576,3.2556,3.2566,9
2026-06-18 18:05:00,3.2521,3.2556,3.2516,3.2546,3.2571,3.2606,3.2566,3.2596,17
2026-06-18 18:06:00,3.2556,3.2556,3.2531,3.2536,3.2606,3.2606,3.2581,3.2586,17
2026-06-18 18:07:00,3.2541,3.2541,3.2496,3.2506,3.2591,3.2591,3.2546,3.2556,29
2026-06-18 18:08:00,3.2511,3.2516,3.2476,3.2501,3.2561,3.2566,3.2526,3.2551,28
2026-06-18 18:09:00,3.2506,3.2516,3.2481,3.2501,3.2556,3.2566,3.2531,3.2551,25
2026-06-18 18:10:00,3.2506,3.2521,3.2506,3.2511,3.2556,3.2571,3.2556,3.2561,15
2026-06-18 18:11:00,3.2516,3.2556,3.2511,3.2546,3.2566,3.2606,3.2561,3.2596,24
2026-06-18 18:12:00,3.2536,3.2541,3.2491,3.2496,3.2586,3.2591,3.2541,3.2546,14
2026-06-18 18:13:00,3.2501,3.2516,3.2496,3.2516,3.2551,3.2566,3.2546,3.2566,9
2026-06-18 18:14:00,3.2526,3.2536,3.2521,3.2536,3.2576,3.2586,3.2571,3.2586,4
2026-06-18 18:15:00,3.2526,3.2551,3.2516,3.2546,3.2576,3.2601,3.2566,3.2596,21
2026-06-18 18:16:00,3.2556,3.2556,3.2536,3.2536,3.2606,3.2606,3.2586,3.2586,10
2026-06-18 18:17:00,3.2526,3.2566,3.2526,3.2566,3.2576,3.2616,3.2576,3.2616,6
2026-06-18 18:18:00,3.2556,3.2566,3.2536,3.2546,3.2606,3.2616,3.2586,3.2596,15
2026-06-18 18:19:00,3.2556,3.2556,3.2526,3.2556,3.2606,3.2606,3.2576,3.2606,14
2026-06-18 18:20:00,3.2561,3.2576,3.2536,3.2541,3.2611,3.2626,3.2586,3.2591,22
2026-06-18 18:21:00,3.2546,3.2546,3.2516,3.2526,3.2596,3.2596,3.2566,3.2576,10
2026-06-18 18:22:00,3.2536,3.2536,3.2506,3.2516,3.2586,3.2586,3.2556,3.2566,17
2026-06-18 18:23:00,3.2526,3.2546,3.2526,3.2526,3.2576,3.2596,3.2576,3.2576,11
2026-06-18 18:24:00,3.2531,3.2536,3.2531,3.2536,3.2581,3.2586,3.2581,3.2586,4
2026-06-18 18:25:00,3.2521,3.2521,3.2376,3.2386,3.2571,3.2571,3.2426,3.2436,86
2026-06-18 18:26:00,3.2381,3.2406,3.2356,3.2366,3.2431,3.2456,3.2406,3.2416,43
2026-06-18 18:27:00,3.2376,3.2416,3.2376,3.2406,3.2426,3.2466,3.2426,3.2456,24
2026-06-18 18:28:00,3.2401,3.2401,3.2336,3.2356,3.2451,3.2451,3.2386,3.2406,27
2026-06-18 18:29:00,3.2361,3.2376,3.2361,3.2366,3.2411,3.2426,3.2411,3.2416,9
2026-06-18 18:30:00,3.2376,3.2406,3.2351,3.2366,3.2426,3.2456,3.2401,3.2416,25
2026-06-18 18:31:00,3.2371,3.2376,3.2286,3.2286,3.2421,3.2426,3.2336,3.2336,54
2026-06-18 18:32:00,3.2296,3.2321,3.2251,3.2256,3.2346,3.2371,3.2301,3.2306,38
2026-06-18 18:33:00,3.2266,3.2271,3.2216,3.2241,3.2316,3.2321,3.2266,3.2291,34
2026-06-18 18:34:00,3.2246,3.2246,3.2196,3.2206,3.2296,3.2296,3.2246,3.2256,29
2026-06-18 18:35:00,3.2211,3.2226,3.2166,3.2186,3.2261,3.2276,3.2216,3.2236,46
2026-06-18 18:36:00,3.2191,3.2226,3.2181,3.2226,3.2241,3.2276,3.2231,3.2276,26
2026-06-18 18:37:00,3.2216,3.2251,3.2206,3.2236,3.2266,3.2301,3.2256,3.2286,32
2026-06-18 18:38:00,3.2241,3.2256,3.2236,3.2246,3.2291,3.2306,3.2286,3.2296,26
2026-06-18 18:39:00,3.2241,3.2246,3.2196,3.2221,3.2291,3.2296,3.2246,3.2271,30
2026-06-18 18:40:00,3.2211,3.2221,3.2196,3.2221,3.2261,3.2271,3.2246,3.2271,13
2026-06-18 18:41:00,3.2211,3.2246,3.2211,3.2236,3.2261,3.2296,3.2261,3.2286,30
2026-06-18 18:42:00,3.2231,3.2231,3.2166,3.2191,3.2281,3.2281,3.2216,3.2241,34
2026-06-18 18:43:00,3.2186,3.2196,3.2116,3.2146,3.2236,3.2246,3.2166,3.2196,50
2026-06-18 18:44:00,3.2156,3.2206,3.2146,3.2201,3.2206,3.2256,3.2196,3.2251,51
2026-06-18 18:45:00,3.2191,3.2226,3.2191,3.2226,3.2241,3.2276,3.2241,3.2276,20
2026-06-18 18:46:00,3.2236,3.2246,3.2236,3.2246,3.2286,3.2296,3.2286,3.2296,15
2026-06-18 18:47:00,3.2256,3.2336,3.2256,3.2336,3.2306,3.2386,3.2306,3.2386,30
2026-06-18 18:48:00,3.2341,3.2426,3.2336,3.2406,3.2391,3.2476,3.2386,3.2456,55
2026-06-18 18:49:00,3.2416,3.2456,3.2406,3.2441,3.2466,3.2506,3.2456,3.2491,37
2026-06-18 18:50:00,3.2446,3.2456,3.2391,3.2406,3.2496,3.2506,3.2441,3.2456,32
2026-06-18 18:51:00,3.2416,3.2436,3.2416,3.2436,3.2466,3.2486,3.2466,3.2486,14
2026-06-18 18:52:00,3.2441,3.2456,3.2436,3.2451,3.2491,3.2506,3.2486,3.2501,26
2026-06-18 18:53:00,3.2446,3.2476,3.2426,3.2471,3.2496,3.2526,3.2476,3.2521,20
2026-06-18 18:54:00,3.2476,3.2486,3.2446,3.2456,3.2526,3.2536,3.2496,3.2506,26
2026-06-18 18:55:00,3.2461,3.2481,3.2446,3.2481,3.2511,3.2531,3.2496,3.2531,17
2026-06-18 18:56:00,3.2486,3.2516,3.2486,3.2511,3.2536,3.2566,3.2536,3.2561,20
2026-06-18 18:57:00,3.2506,3.2506,3.2461,3.2496,3.2556,3.2556,3.2511,3.2546,16
2026-06-18 18:58:00,3.2491,3.2516,3.2486,3.2511,3.2541,3.2566,3.2536,3.2561,31
2026-06-18 18:59:00,3.2506,3.2526,3.2506,3.2526,3.2556,3.2576,3.2556,3.2576,23
2026-06-18 19:00:00,3.2521,3.2526,3.2506,3.2521,3.2571,3.2576,3.2556,3.2571,17
2026-06-18 19:01:00,3.2516,3.2526,3.2496,3.2496,3.2566,3.2576,3.2546,3.2546,27
2026-06-18 19:02:00,3.2486,3.2496,3.2436,3.2446,3.2536,3.2546,3.2486,3.2496,27
2026-06-18 19:03:00,3.2436,3.2471,3.2436,3.2466,3.2486,3.2521,3.2486,3.2516,17
2026-06-18 19:04:00,3.2471,3.2486,3.2471,3.2476,3.2521,3.2536,3.2521,3.2526,3
2026-06-18 19:05:00,3.2486,3.2486,3.2476,3.2486,3.2536,3.2536,3.2526,3.2536,7
2026-06-18 19:06:00,3.2496,3.2496,3.2486,3.2496,3.2546,3.2546,3.2536,3.2546,6
2026-06-18 19:07:00,3.2506,3.2506,3.2496,3.2496,3.2556,3.2556,3.2546,3.2546,2
2026-06-18 19:08:00,3.2486,3.2496,3.2476,3.2476,3.2536,3.2546,3.2526,3.2526,9
2026-06-18 19:09:00,3.2486,3.2486,3.2486,3.2486,3.2536,3.2536,3.2536,3.2536,1
2026-06-18 19:10:00,3.2496,3.2496,3.2486,3.2491,3.2546,3.2546,3.2536,3.2541,11
2026-06-18 19:11:00,3.2496,3.2506,3.2496,3.2496,3.2546,3.2556,3.2546,3.2546,3
2026-06-18 19:12:00,3.2506,3.2526,3.2501,3.2506,3.2556,3.2576,3.2551,3.2556,34
2026-06-18 19:13:00,3.2501,3.2516,3.2456,3.2466,3.2551,3.2566,3.2506,3.2516,15
2026-06-18 19:14:00,3.2476,3.2486,3.2471,3.2476,3.2526,3.2536,3.2521,3.2526,17
2026-06-18 19:15:00,3.2481,3.2491,3.2476,3.2491,3.2531,3.2541,3.2526,3.2541,14
2026-06-18 19:16:00,3.2486,3.2496,3.2486,3.2496,3.2536,3.2546,3.2536,3.2546,7
2026-06-18 19:17:00,3.2501,3.2556,3.2496,3.2556,3.2551,3.2606,3.2546,3.2606,14
2026-06-18 19:18:00,3.2551,3.2586,3.2546,3.2546,3.2601,3.2636,3.2596,3.2596,15
2026-06-18 19:19:00,3.2556,3.2556,3.2546,3.2546,3.2606,3.2606,3.2596,3.2596,2
2026-06-18 19:20:00,3.2551,3.2556,3.2526,3.2536,3.2601,3.2606,3.2576,3.2586,11
2026-06-18 19:21:00,3.2541,3.2556,3.2536,3.2546,3.2591,3.2606,3.2586,3.2596,17
2026-06-18 19:22:00,3.2551,3.2566,3.2546,3.2551,3.2601,3.2616,3.2596,3.2601,9
2026-06-18 19:23:00,3.2556,3.2556,3.2536,3.2536,3.2606,3.2606,3.2586,3.2586,13
2026-06-18 19:24:00,3.2526,3.2556,3.2526,3.2546,3.2576,3.2606,3.2576,3.2596,8
2026-06-18 19:25:00,3.2551,3.2566,3.2546,3.2566,3.2601,3.2616,3.2596,3.2616,11
2026-06-18 19:26:00,3.2571,3.2576,3.2551,3.2551,3.2621,3.2626,3.2601,3.2601,11
2026-06-18 19:27:00,3.2556,3.2566,3.2536,3.2556,3.2606,3.2616,3.2586,3.2606,21
2026-06-18 19:28:00,3.2566,3.2566,3.2536,3.2546,3.2616,3.2616,3.2586,3.2596,12
2026-06-18 19:29:00,3.2536,3.2546,3.2526,3.2536,3.2586,3.2596,3.2576,3.2586,13
2026-06-18 19:30:00,3.2531,3.2541,3.2516,3.2521,3.2581,3.2591,3.2566,3.2571,23
2026-06-18 19:31:00,3.2526,3.2536,3.2506,3.2506,3.2576,3.2586,3.2556,3.2556,18
2026-06-18 19:32:00,3.2516,3.2526,3.2486,3.2526,3.2566,3.2576,3.2536,3.2576,12
2026-06-18 19:33:00,3.2516,3.2516,3.2516,3.2516,3.2566,3.2566,3.2566,3.2566,1
2026-06-18 19:34:00,3.2506,3.2506,3.2446,3.2446,3.2556,3.2556,3.2496,3.2496,21
2026-06-18 19:35:00,3.2456,3.2456,3.2426,3.2436,3.2506,3.2506,3.2476,3.2486,9
2026-06-18 19:36:00,3.2446,3.2471,3.2436,3.2466,3.2496,3.2521,3.2486,3.2516,9
2026-06-18 19:37:00,3.2456,3.2496,3.2456,3.2486,3.2506,3.2546,3.2506,3.2536,10
2026-06-18 19:38:00,3.2496,3.2506,3.2486,3.2486,3.2546,3.2556,3.2536,3.2536,4
2026-06-18 19:39:00,3.2496,3.2526,3.2491,3.2516,3.2546,3.2576,3.2541,3.2566,9
2026-06-18 19:40:00,3.2536,3.2536,3.2486,3.2496,3.2586,3.2586,3.2536,3.2546,22
2026-06-18 19:41:00,3.2491,3.2496,3.2426,3.2446,3.2541,3.2546,3.2476,3.2496,32
2026-06-18 19:42:00,3.2456,3.2461,3.2446,3.2461,3.2506,3.2511,3.2496,3.2511,6
2026-06-18 19:43:00,3.2466,3.2486,3.2466,3.2476,3.2516,3.2536,3.2516,3.2526,15
2026-06-18 19:44:00,3.2466,3.2466,3.2446,3.2456,3.2516,3.2516,3.2496,3.2506,16
2026-06-18 19:45:00,3.2461,3.2461,3.2446,3.2461,3.2511,3.2511,3.2496,3.2511,6
2026-06-18 19:46:00,3.2456,3.2486,3.2456,3.2486,3.2506,3.2536,3.2506,3.2536,12
2026-06-18 19:47:00,3.2476,3.2476,3.2456,3.2456,3.2526,3.2526,3.2506,3.2506,8
2026-06-18 19:48:00,3.2461,3.2476,3.2436,3.2451,3.2511,3.2526,3.2486,3.2501,16
2026-06-18 19:49:00,3.2456,3.2456,3.2356,3.2396,3.2506,3.2506,3.2406,3.2446,42
2026-06-18 19:50:00,3.2391,3.2416,3.2341,3.2341,3.2441,3.2466,3.2391,3.2391,55
2026-06-18 19:51:00,3.2351,3.2356,3.2286,3.2326,3.2401,3.2406,3.2336,3.2376,51
2026-06-18 19:52:00,3.2336,3.2376,3.2336,3.2356,3.2386,3.2426,3.2386,3.2406,28
2026-06-18 19:53:00,3.2366,3.2386,3.2356,3.2376,3.2416,3.2436,3.2406,3.2426,24
2026-06-18 19:54:00,3.2366,3.2396,3.2356,3.2396,3.2416,3.2446,3.2406,3.2446,18
2026-06-18 19:55:00,3.2386,3.2396,3.2376,3.2381,3.2436,3.2446,3.2426,3.2431,30
2026-06-18 19:56:00,3.2376,3.2376,3.2356,3.2366,3.2426,3.2426,3.2406,3.2416,32
2026-06-18 19:57:00,3.2376,3.2396,3.2376,3.2386,3.2426,3.2446,3.2426,3.2436,17
2026-06-18 19:58:00,3.2391,3.2416,3.2391,3.2396,3.2441,3.2466,3.2441,3.2446,12
2026-06-18 19:59:00,3.2406,3.2406,3.2386,3.2396,3.2456,3.2456,3.2436,3.2446,15
2026-06-18 20:00:00,3.2401,3.2406,3.2356,3.2366,3.2451,3.2456,3.2406,3.2416,23
2026-06-18 20:01:00,3.2371,3.2406,3.2371,3.2381,3.2421,3.2456,3.2421,3.2431,24
2026-06-18 20:02:00,3.2371,3.2371,3.2326,3.2366,3.2421,3.2421,3.2376,3.2416,21
2026-06-18 20:03:00,3.2376,3.2396,3.2366,3.2366,3.2426,3.2446,3.2416,3.2416,14
2026-06-18 20:04:00,3.2371,3.2371,3.2341,3.2346,3.2421,3.2421,3.2391,3.2396,20
2026-06-18 20:05:00,3.2341,3.2386,3.2331,3.2386,3.2391,3.2436,3.2381,3.2436,17
2026-06-18 20:06:00,3.2381,3.2386,3.2376,3.2381,3.2431,3.2436,3.2426,3.2431,10
2026-06-18 20:07:00,3.2386,3.2416,3.2376,3.2401,3.2436,3.2466,3.2426,3.2451,22
2026-06-18 20:08:00,3.2396,3.2436,3.2396,3.2436,3.2446,3.2486,3.2446,3.2486,24
2026-06-18 20:09:00,3.2426,3.2486,3.2426,3.2476,3.2476,3.2536,3.2476,3.2526,38
2026-06-18 20:10:00,3.2471,3.2481,3.2456,3.2466,3.2521,3.2531,3.2506,3.2516,9
2026-06-18 20:11:00,3.2471,3.2471,3.2426,3.2461,3.2521,3.2521,3.2476,3.2511,26
2026-06-18 20:12:00,3.2466,3.2506,3.2461,3.2496,3.2516,3.2556,3.2511,3.2546,12
2026-06-18 20:13:00,3.2491,3.2491,3.2441,3.2441,3.2541,3.2541,3.2491,3.2491,19
2026-06-18 20:14:00,3.2446,3.2466,3.2436,3.2446,3.2496,3.2516,3.2486,3.2496,24
2026-06-18 20:15:00,3.2441,3.2466,3.2426,3.2466,3.2491,3.2516,3.2476,3.2516,21
2026-06-18 20:16:00,3.2461,3.2501,3.2456,3.2496,3.2511,3.2551,3.2506,3.2546,14
2026-06-18 20:17:00,3.2506,3.2626,3.2506,3.2621,3.2556,3.2676,3.2556,3.2671,70
2026-06-18 20:18:00,3.2631,3.2691,3.2631,3.2641,3.2681,3.2741,3.2681,3.2691,76
2026-06-18 20:19:00,3.2636,3.2636,3.2591,3.2596,3.2686,3.2686,3.2641,3.2646,41
2026-06-18 20:20:00,3.2601,3.2616,3.2576,3.2606,3.2651,3.2666,3.2626,3.2656,46
2026-06-18 20:21:00,3.2611,3.2681,3.2596,3.2666,3.2661,3.2731,3.2646,3.2716,46
2026-06-18 20:22:00,3.2676,3.2696,3.2676,3.2696,3.2726,3.2746,3.2726,3.2746,16
2026-06-18 20:23:00,3.2686,3.2696,3.2656,3.2676,3.2736,3.2746,3.2706,3.2726,23
2026-06-18 20:24:00,3.2686,3.2686,3.2656,3.2671,3.2736,3.2736,3.2706,3.2721,16
2026-06-18 20:25:00,3.2676,3.2686,3.2636,3.2641,3.2726,3.2736,3.2686,3.2691,44
2026-06-18 20:26:00,3.2636,3.2646,3.2606,3.2646,3.2686,3.2696,3.2656,3.2696,38
2026-06-18 20:27:00,3.2636,3.2656,3.2626,3.2636,3.2686,3.2706,3.2676,3.2686,23
2026-06-18 20:28:00,3.2626,3.2656,3.2556,3.2616,3.2676,3.2706,3.2606,3.2666,159
2026-06-18 20:29:00,3.2626,3.2696,3.2626,3.2676,3.2676,3.2746,3.2676,3.2726,168
2026-06-18 20:30:00,3.2666,3.2731,3.2666,3.2726,3.2716,3.2781,3.2716,3.2776,33
2026-06-18 20:31:00,3.2731,3.2746,3.2706,3.2746,3.2781,3.2796,3.2756,3.2796,51
2026-06-18 20:32:00,3.2736,3.2766,3.2736,3.2766,3.2786,3.2816,3.2786,3.2816,26
2026-06-18 20:33:00,3.2761,3.2761,3.2666,3.2686,3.2811,3.2811,3.2716,3.2736,32
2026-06-18 20:34:00,3.2676,3.2701,3.2666,3.2701,3.2726,3.2751,3.2716,3.2751,17
2026-06-18 20:35:00,3.2696,3.2716,3.2686,3.2686,3.2746,3.2766,3.2736,3.2736,9
2026-06-18 20:36:00,3.2681,3.2686,3.2666,3.2686,3.2731,3.2736,3.2716,3.2736,11
2026-06-18 20:37:00,3.2691,3.2691,3.2676,3.2681,3.2741,3.2741,3.2726,3.2731,10
2026-06-18 20:38:00,3.2676,3.2696,3.2676,3.2686,3.2726,3.2746,3.2726,3.2736,21
2026-06-18 20:39:00,3.2681,3.2686,3.2636,3.2661,3.2731,3.2736,3.2686,3.2711,38
2026-06-18 20:40:00,3.2666,3.2681,3.2666,3.2681,3.2716,3.2731,3.2716,3.2731,8
2026-06-18 20:41:00,3.2686,3.2686,3.2666,3.2671,3.2736,3.2736,3.2716,3.2721,12
2026-06-18 20:42:00,3.2666,3.2676,3.2646,3.2656,3.2716,3.2726,3.2696,3.2706,20
2026-06-18 20:43:00,3.2651,3.2666,3.2636,3.2646,3.2701,3.2716,3.2686,3.2696,19
2026-06-18 20:44:00,3.2656,3.2656,3.2636,3.2646,3.2706,3.2706,3.2686,3.2696,12
2026-06-18 20:45:00,3.2641,3.2646,3.2626,3.2641,3.2691,3.2696,3.2676,3.2691,14
2026-06-18 20:46:00,3.2646,3.2656,3.2626,3.2626,3.2696,3.2706,3.2676,3.2676,9
2026-06-18 20:47:00,3.2636,3.2651,3.2636,3.2646,3.2686,3.2701,3.2686,3.2696,6
2026-06-18 20:48:00,3.2641,3.2641,3.2606,3.2616,3.2691,3.2691,3.2656,3.2666,18
2026-06-18 20:49:00,3.2606,3.2616,3.2556,3.2576,3.2656,3.2666,3.2606,3.2626,37
2026-06-18 20:50:00,3.2581,3.2586,3.2556,3.2566,3.2631,3.2636,3.2606,3.2616,23
2026-06-18 20:51:00,3.2561,3.2586,3.2536,3.2576,3.2611,3.2636,3.2586,3.2626,23
2026-06-18 20:52:00,3.2586,3.2586,3.2506,3.2516,3.2636,3.2636,3.2556,3.2566,27
2026-06-18 20:53:00,3.2506,3.2516,3.2506,3.2506,3.2556,3.2566,3.2556,3.2556,11
2026-06-18 20:54:00,3.2501,3.2506,3.2496,3.2506,3.2551,3.2556,3.2546,3.2556,7
2026-06-18 20:55:00,3.2516,3.2546,3.2506,3.2536,3.2566,3.2596,3.2556,3.2586,19
2026-06-18 20:56:00,3.2526,3.2536,3.2506,3.2506,3.2576,3.2586,3.2556,3.2556,15
2026-06-18 20:57:00,3.2511,3.2526,3.2506,3.2521,3.2561,3.2576,3.2556,3.2571,18
2026-06-18 20:58:00,3.2526,3.2526,3.2516,3.2521,3.2576,3.2576,3.2566,3.2571,8
2026-06-18 20:59:00,3.2526,3.2536,3.2516,3.2526,3.2576,3.2586,3.2566,3.2576,13
2026-06-18 21:00:00,3.2531,3.2556,3.2526,3.2551,3.2581,3.2606,3.2576,3.2601,18
2026-06-18 21:01:00,3.2506,3.2506,3.2496,3.2506,3.2556,3.2556,3.2546,3.2556,5
2026-06-18 21:02:00,3.2496,3.2506,3.2496,3.2506,3.2546,3.2556,3.2546,3.2556,4
2026-06-18 21:03:00,3.2496,3.2496,3.2456,3.2456,3.2546,3.2546,3.2506,3.2506,16
2026-06-18 21:04:00,3.2461,3.2466,3.2436,3.2466,3.2511,3.2516,3.2486,3.2516,17
2026-06-18 21:05:00,3.2476,3.2476,3.2456,3.2461,3.2526,3.2526,3.2506,3.2511,11
2026-06-18 21:06:00,3.2456,3.2491,3.2456,3.2486,3.2506,3.2541,3.2506,3.2536,8
2026-06-18 21:07:00,3.2491,3.2491,3.2476,3.2476,3.2541,3.2541,3.2526,3.2526,4
2026-06-18 21:08:00,3.2486,3.2486,3.2481,3.2486,3.2536,3.2536,3.2531,3.2536,3
2026-06-18 21:09:00,3.2496,3.2506,3.2496,3.2506,3.2546,3.2556,3.2546,3.2556,2
2026-06-18 21:10:00,3.2516,3.2546,3.2516,3.2546,3.2566,3.2596,3.2566,3.2596,12
2026-06-18 21:11:00,3.2556,3.2566,3.2556,3.2561,3.2606,3.2616,3.2606,3.2611,7
2026-06-18 21:12:00,3.2566,3.2581,3.2556,3.2576,3.2616,3.2631,3.2606,3.2626,7
2026-06-18 21:13:00,3.2581,3.2581,3.2571,3.2576,3.2631,3.2631,3.2621,3.2626,4
2026-06-18 21:14:00,3.2566,3.2571,3.2556,3.2566,3.2616,3.2621,3.2606,3.2616,7
2026-06-18 21:15:00,3.2571,3.2581,3.2566,3.2566,3.2621,3.2631,3.2616,3.2616,7
2026-06-18 21:16:00,3.2576,3.2586,3.2576,3.2586,3.2626,3.2636,3.2626,3.2636,3
2026-06-18 21:17:00,3.2576,3.2576,3.2566,3.2566,3.2626,3.2626,3.2616,3.2616,2
2026-06-18 21:18:00,3.2566,3.2576,3.2546,3.2561,3.2616,3.2626,3.2596,3.2611,12
2026-06-18 21:19:00,3.2556,3.2566,3.2541,3.2566,3.2606,3.2616,3.2591,3.2616,10
2026-06-18 21:20:00,3.2571,3.2576,3.2556,3.2576,3.2621,3.2626,3.2606,3.2626,7
2026-06-18 21:21:00,3.2566,3.2576,3.2566,3.2576,3.2616,3.2626,3.2616,3.2626,2
2026-06-18 21:22:00,3.2586,3.2596,3.2586,3.2586,3.2636,3.2646,3.2636,3.2636,5
2026-06-18 21:23:00,3.2596,3.2596,3.2586,3.2586,3.2646,3.2646,3.2636,3.2636,2
2026-06-18 21:24:00,3.2576,3.2576,3.2576,3.2576,3.2626,3.2626,3.2626,3.2626,1
2026-06-18 21:25:00,3.2566,3.2576,3.2566,3.2566,3.2616,3.2626,3.2616,3.2616,6
2026-06-18 21:26:00,3.2556,3.2556,3.2546,3.2551,3.2606,3.2606,3.2596,3.2601,6
2026-06-18 21:27:00,3.2546,3.2556,3.2546,3.2556,3.2596,3.2606,3.2596,3.2606,2
2026-06-18 21:28:00,3.2561,3.2566,3.2561,3.2566,3.2611,3.2616,3.2611,3.2616,2
2026-06-18 21:29:00,3.2576,3.2576,3.2546,3.2551,3.2626,3.2626,3.2596,3.2601,6
2026-06-18 21:30:00,3.2546,3.2546,3.2486,3.2506,3.2596,3.2596,3.2536,3.2556,36
2026-06-18 21:31:00,3.2516,3.2516,3.2506,3.2516,3.2566,3.2566,3.2556,3.2566,7
2026-06-18 21:32:00,3.2521,3.2526,3.2506,3.2516,3.2571,3.2576,3.2556,3.2566,6
2026-06-18 21:33:00,3.2526,3.2526,3.2526,3.2526,3.2576,3.2576,3.2576,3.2576,1
2026-06-18 21:34:00,3.2516,3.2536,3.2516,3.2536,3.2566,3.2586,3.2566,3.2586,7
2026-06-18 21:35:00,3.2526,3.2546,3.2526,3.2546,3.2576,3.2596,3.2576,3.2596,5
2026-06-18 21:36:00,3.2556,3.2556,3.2546,3.2546,3.2606,3.2606,3.2596,3.2596,4
2026-06-18 21:38:00,3.2556,3.2556,3.2546,3.2546,3.2606,3.2606,3.2596,3.2596,15
2026-06-18 21:39:00,3.2536,3.2546,3.2526,3.2526,3.2586,3.2596,3.2576,3.2576,5
2026-06-18 21:40:00,3.2536,3.2546,3.2536,3.2536,3.2586,3.2596,3.2586,3.2586,5
2026-06-18 21:41:00,3.2546,3.2581,3.2536,3.2576,3.2596,3.2631,3.2586,3.2626,8
2026-06-18 21:42:00,3.2586,3.2631,3.2576,3.2616,3.2636,3.2681,3.2626,3.2666,13
2026-06-18 21:43:00,3.2626,3.2626,3.2616,3.2626,3.2676,3.2676,3.2666,3.2676,4
2026-06-18 21:45:00,3.2631,3.2636,3.2616,3.2626,3.2681,3.2686,3.2666,3.2676,5
2026-06-18 21:46:00,3.2631,3.2636,3.2626,3.2626,3.2681,3.2686,3.2676,3.2676,11
2026-06-18 21:48:00,3.2636,3.2636,3.2626,3.2626,3.2686,3.2686,3.2676,3.2676,6
2026-06-18 21:49:00,3.2631,3.2631,3.2616,3.2616,3.2681,3.2681,3.2666,3.2666,9
2026-06-18 21:50:00,3.2621,3.2626,3.2616,3.2616,3.2671,3.2676,3.2666,3.2666,4
2026-06-18 21:51:00,3.2606,3.2611,3.2596,3.2606,3.2656,3.2661,3.2646,3.2656,5
2026-06-18 21:52:00,3.2616,3.2616,3.2596,3.2596,3.2666,3.2666,3.2646,3.2646,4
2026-06-18 21:55:00,3.2606,3.2606,3.2586,3.2596,3.2656,3.2656,3.2636,3.2646,5
2026-06-18 21:56:00,3.2586,3.2596,3.2586,3.2586,3.2636,3.2646,3.2636,3.2636,4
2026-06-18 21:58:00,3.2581,3.2596,3.2576,3.2576,3.2631,3.2646,3.2626,3.2626,9
2026-06-18 21:59:00,3.2586,3.2586,3.2546,3.2561,3.2636,3.2636,3.2596,3.2611,13
2026-06-18 22:00:00,3.2566,3.2576,3.2556,3.2556,3.2616,3.2626,3.2606,3.2606,21
2026-06-18 22:02:00,3.2561,3.2566,3.2561,3.2561,3.2611,3.2616,3.2611,3.2611,3
2026-06-18 22:03:00,3.2566,3.2566,3.2561,3.2566,3.2616,3.2616,3.2611,3.2616,3
2026-06-18 22:04:00,3.2576,3.2606,3.2571,3.2596,3.2626,3.2656,3.2621,3.2646,12
2026-06-18 22:05:00,3.2586,3.2606,3.2586,3.2586,3.2636,3.2656,3.2636,3.2636,10
2026-06-18 22:06:00,3.2581,3.2596,3.2581,3.2596,3.2631,3.2646,3.2631,3.2646,9
2026-06-18 22:07:00,3.2586,3.2596,3.2576,3.2591,3.2636,3.2646,3.2626,3.2641,19
2026-06-18 22:08:00,3.2596,3.2596,3.2571,3.2571,3.2646,3.2646,3.2621,3.2621,6
2026-06-18 22:09:00,3.2566,3.2566,3.2556,3.2556,3.2616,3.2616,3.2606,3.2606,2
2026-06-18 22:10:00,3.2546,3.2546,3.2526,3.2536,3.2596,3.2596,3.2576,3.2586,11
2026-06-18 22:11:00,3.2526,3.2536,3.2526,3.2536,3.2576,3.2586,3.2576,3.2586,2
2026-06-18 22:14:00,3.2541,3.2541,3.2536,3.2536,3.2591,3.2591,3.2586,3.2586,2
2026-06-18 22:15:00,3.2541,3.2541,3.2536,3.2536,3.2591,3.2591,3.2586,3.2586,4
2026-06-18 22:16:00,3.2546,3.2566,3.2536,3.2536,3.2596,3.2616,3.2586,3.2586,6
2026-06-18 22:17:00,3.2531,3.2531,3.2531,3.2531,3.2581,3.2581,3.2581,3.2581,1
2026-06-18 22:19:00,3.2536,3.2536,3.2526,3.2526,3.2586,3.2586,3.2576,3.2576,5
2026-06-18 22:20:00,3.2536,3.2536,3.2526,3.2526,3.2586,3.2586,3.2576,3.2576,5
2026-06-18 22:21:00,3.2516,3.2531,3.2516,3.2526,3.2566,3.2581,3.2566,3.2576,5
2026-06-18 22:24:00,3.2516,3.2521,3.2516,3.2521,3.2566,3.2571,3.2566,3.2571,4
2026-06-18 22:25:00,3.2516,3.2516,3.2496,3.2506,3.2566,3.2566,3.2546,3.2556,8
2026-06-18 22:26:00,3.2496,3.2506,3.2486,3.2506,3.2546,3.2556,3.2536,3.2556,7
2026-06-18 22:27:00,3.2511,3.2511,3.2456,3.2471,3.2561,3.2561,3.2506,3.2521,16
2026-06-18 22:28:00,3.2466,3.2476,3.2456,3.2456,3.2516,3.2526,3.2506,3.2506,7
2026-06-18 22:29:00,3.2446,3.2461,3.2446,3.2461,3.2496,3.2511,3.2496,3.2511,9
2026-06-18 22:30:00,3.2466,3.2466,3.2456,3.2461,3.2516,3.2516,3.2506,3.2511,4
2026-06-18 22:31:00,3.2466,3.2496,3.2466,3.2496,3.2516,3.2546,3.2516,3.2546,6
2026-06-18 22:34:00,3.2486,3.2496,3.2486,3.2496,3.2536,3.2546,3.2536,3.2546,4
2026-06-18 22:35:00,3.2506,3.2506,3.2501,3.2506,3.2556,3.2556,3.2551,3.2556,3
2026-06-18 22:36:00,3.2496,3.2496,3.2481,3.2486,3.2546,3.2546,3.2531,3.2536,7
2026-06-18 22:37:00,3.2476,3.2481,3.2476,3.2481,3.2526,3.2531,3.2526,3.2531,2
2026-06-18 22:38:00,3.2476,3.2476,3.2461,3.2461,3.2526,3.2526,3.2511,3.2511,3
2026-06-18 22:39:00,3.2466,3.2466,3.2456,3.2461,3.2516,3.2516,3.2506,3.2511,3
2026-06-18 22:40:00,3.2466,3.2466,3.2436,3.2456,3.2516,3.2516,3.2486,3.2506,11
2026-06-18 22:41:00,3.2466,3.2476,3.2456,3.2476,3.2516,3.2526,3.2506,3.2526,5
2026-06-18 22:42:00,3.2466,3.2466,3.2466,3.2466,3.2516,3.2516,3.2516,3.2516,1
2026-06-18 22:43:00,3.2471,3.2471,3.2471,3.2471,3.2521,3.2521,3.2521,3.2521,1
2026-06-18 22:44:00,3.2476,3.2476,3.2466,3.2466,3.2526,3.2526,3.2516,3.2516,3
2026-06-18 22:45:00,3.2476,3.2476,3.2436,3.2446,3.2526,3.2526,3.2486,3.2496,9
2026-06-18 22:46:00,3.2441,3.2446,3.2436,3.2436,3.2491,3.2496,3.2486,3.2486,7
2026-06-18 22:48:00,3.2446,3.2446,3.2446,3.2446,3.2496,3.2496,3.2496,3.2496,1
2026-06-18 22:49:00,3.2456,3.2466,3.2456,3.2456,3.2506,3.2516,3.2506,3.2506,5
2026-06-18 22:50:00,3.2466,3.2466,3.2456,3.2456,3.2516,3.2516,3.2506,3.2506,8
2026-06-18 22:51:00,3.2466,3.2471,3.2466,3.2471,3.2516,3.2521,3.2516,3.2521,4
2026-06-18 22:52:00,3.2466,3.2476,3.2466,3.2476,3.2516,3.2526,3.2516,3.2526,2
2026-06-18 22:53:00,3.2481,3.2486,3.2466,3.2471,3.2531,3.2536,3.2516,3.2521,6
2026-06-18 22:54:00,3.2466,3.2466,3.2466,3.2466,3.2516,3.2516,3.2516,3.2516,1
2026-06-18 22:55:00,3.2476,3.2476,3.2466,3.2466,3.2526,3.2526,3.2516,3.2516,2
2026-06-18 22:56:00,3.2476,3.2476,3.2466,3.2471,3.2526,3.2526,3.2516,3.2521,4
2026-06-18 22:57:00,3.2466,3.2476,3.2466,3.2471,3.2516,3.2526,3.2516,3.2521,9
2026-06-18 22:58:00,3.2466,3.2476,3.2466,3.2466,3.2516,3.2526,3.2516,3.2516,3
2026-06-18 22:59:00,3.2471,3.2566,3.2466,3.2546,3.2521,3.2596,3.2516,3.2596,5
2026-06-19 00:00:00,3.2561,3.2561,3.2511,3.2516,3.2611,3.2611,3.2561,3.2566,9
2026-06-19 00:01:00,3.2511,3.2511,3.2511,3.2511,3.2561,3.2561,3.2561,3.2561,1
2026-06-19 00:02:00,3.2501,3.2506,3.2501,3.2506,3.2551,3.2556,3.2551,3.2556,2
2026-06-19 00:03:00,3.2516,3.2516,3.2516,3.2516,3.2566,3.2566,3.2566,3.2566,1
2026-06-19 00:05:00,3.2511,3.2516,3.2511,3.2516,3.2561,3.2566,3.2561,3.2566,4
2026-06-19 00:06:00,3.2526,3.2526,3.2526,3.2526,3.2576,3.2576,3.2576,3.2576,1
2026-06-19 00:07:00,3.2536,3.2536,3.2521,3.2536,3.2586,3.2586,3.2571,3.2586,3
2026-06-19 00:08:00,3.2546,3.2546,3.2546,3.2546,3.2596,3.2596,3.2596,3.2596,1
2026-06-19 00:10:00,3.2541,3.2541,3.2541,3.2541,3.2591,3.2591,3.2591,3.2591,1
2026-06-19 00:11:00,3.2536,3.2536,3.2526,3.2531,3.2586,3.2586,3.2576,3.2581,3
2026-06-19 00:12:00,3.2536,3.2536,3.2536,3.2536,3.2586,3.2586,3.2586,3.2586,1
2026-06-19 00:19:00,3.2531,3.2536,3.2531,3.2531,3.2581,3.2586,3.2581,3.2581,3
2026-06-19 00:20:00,3.2536,3.2546,3.2536,3.2546,3.2586,3.2596,3.2586,3.2596,2
2026-06-19 00:21:00,3.2541,3.2546,3.2541,3.2541,3.2591,3.2596,3.2591,3.2591,3
2026-06-19 00:22:00,3.2546,3.2546,3.2541,3.2546,3.2596,3.2596,3.2591,3.2596,3
2026-06-19 00:26:00,3.2541,3.2541,3.2541,3.2541,3.2591,3.2591,3.2591,3.2591,1
2026-06-19 00:27:00,3.2536,3.2536,3.2536,3.2536,3.2586,3.2586,3.2586,3.2586,1
2026-06-19 00:30:00,3.2526,3.2536,3.2516,3.2536,3.2576,3.2586,3.2566,3.2586,7
2026-06-19 00:31:00,3.2531,3.2536,3.2531,3.2536,3.2581,3.2586,3.2581,3.2586,2
2026-06-19 00:32:00,3.2541,3.2541,3.2541,3.2541,3.2591,3.2591,3.2591,3.2591,1
2026-06-19 00:33:00,3.2546,3.2546,3.2541,3.2541,3.2596,3.2596,3.2591,3.2591,2
2026-06-19 00:36:00,3.2536,3.2536,3.2521,3.2521,3.2586,3.2586,3.2571,3.2571,3
2026-06-19 00:37:00,3.2516,3.2516,3.2516,3.2516,3.2566,3.2566,3.2566,3.2566,1
2026-06-19 00:38:00,3.2511,3.2511,3.2511,3.2511,3.2561,3.2561,3.2561,3.2561,1
2026-06-19 00:39:00,3.2521,3.2521,3.2521,3.2521,3.2571,3.2571,3.2571,3.2571,1
2026-06-19 00:43:00,3.2526,3.2526,3.2521,3.2521,3.2576,3.2576,3.2571,3.2571,2
2026-06-19 00:54:00,3.2516,3.2516,3.2516,3.2516,3.2566,3.2566,3.2566,3.2566,1
2026-06-19 00:55:00,3.2526,3.2526,3.2526,3.2526,3.2576,3.2576,3.2576,3.2576,1
2026-06-19 00:56:00,3.2521,3.2526,3.2521,3.2526,3.2571,3.2576,3.2571,3.2576,2
2026-06-19 00:59:00,3.2521,3.2526,3.2521,3.2521,3.2571,3.2576,3.2571,3.2571,3
2026-06-19 01:10:00,3.2516,3.2516,3.2516,3.2516,3.2566,3.2566,3.2566,3.2566,1
2026-06-19 01:15:00,3.2521,3.2521,3.2521,3.2521,3.2571,3.2571,3.2571,3.2571,1
2026-06-19 01:18:00,3.2516,3.2526,3.2516,3.2526,3.2566,3.2576,3.2566,3.2576,2
2026-06-19 01:20:00,3.2521,3.2521,3.2516,3.2516,3.2571,3.2571,3.2566,3.2566,2
2026-06-19 01:36:00,3.2506,3.2506,3.2491,3.2496,3.2556,3.2556,3.2541,3.2546,4
2026-06-19 01:37:00,3.2491,3.2491,3.2491,3.2491,3.2541,3.2541,3.2541,3.2541,1
2026-06-19 01:39:00,3.2496,3.2506,3.2496,3.2501,3.2546,3.2556,3.2546,3.2551,3
2026-06-19 01:43:00,3.2506,3.2506,3.2506,3.2506,3.2556,3.2556,3.2556,3.2556,1
2026-06-19 01:45:00,3.2516,3.2516,3.2516,3.2516,3.2566,3.2566,3.2566,3.2566,1
2026-06-19 01:50:00,3.2506,3.2506,3.2506,3.2506,3.2556,3.2556,3.2556,3.2556,1
2026-06-19 01:51:00,3.2521,3.2521,3.2496,3.2496,3.2571,3.2571,3.2546,3.2546,5
2026-06-19 01:53:00,3.2501,3.2501,3.2476,3.2491,3.2551,3.2551,3.2526,3.2541,7
2026-06-19 01:54:00,3.2496,3.2496,3.2496,3.2496,3.2546,3.2546,3.2546,3.2546,1
2026-06-19 01:57:00,3.2491,3.2491,3.2491,3.2491,3.2541,3.2541,3.2541,3.2541,1
2026-06-19 01:59:00,3.2486,3.2486,3.2486,3.2486,3.2536,3.2536,3.2536,3.2536,1
2026-06-19 02:00:00,3.2481,3.2481,3.2456,3.2471,3.2531,3.2531,3.2506,3.2521,9
2026-06-19 02:01:00,3.2466,3.2476,3.2456,3.2461,3.2516,3.2526,3.2506,3.2511,7
2026-06-19 02:02:00,3.2466,3.2476,3.2466,3.2466,3.2516,3.2526,3.2516,3.2516,4
2026-06-19 02:04:00,3.2456,3.2456,3.2451,3.2456,3.2506,3.2506,3.2501,3.2506,3
2026-06-19 02:05:00,3.2451,3.2466,3.2451,3.2466,3.2501,3.2516,3.2501,3.2516,10
2026-06-19 02:06:00,3.2461,3.2476,3.2461,3.2471,3.2511,3.2526,3.2511,3.2521,16
2026-06-19 02:07:00,3.2476,3.2486,3.2476,3.2486,3.2526,3.2536,3.2526,3.2536,5
2026-06-19 02:08:00,3.2496,3.2516,3.2496,3.2516,3.2546,3.2566,3.2546,3.2566,7
2026-06-19 02:09:00,3.2506,3.2516,3.2506,3.2511,3.2556,3.2566,3.2556,3.2561,15
2026-06-19 02:10:00,3.2516,3.2516,3.2511,3.2516,3.2566,3.2566,3.2561,3.2566,3
2026-06-19 02:12:00,3.2511,3.2516,3.2511,3.2516,3.2561,3.2566,3.2561,3.2566,4
2026-06-19 02:13:00,3.2506,3.2506,3.2506,3.2506,3.2556,3.2556,3.2556,3.2556,1
2026-06-19 02:14:00,3.2496,3.2496,3.2476,3.2486,3.2546,3.2546,3.2526,3.2536,10
2026-06-19 02:15:00,3.2481,3.2481,3.2476,3.2481,3.2531,3.2531,3.2526,3.2531,9
2026-06-19 02:16:00,3.2486,3.2486,3.2486,3.2486,3.2536,3.2536,3.2536,3.2536,1
2026-06-19 02:17:00,3.2496,3.2496,3.2486,3.2486,3.2546,3.2546,3.2536,3.2536,2
2026-06-19 02:18:00,3.2491,3.2496,3.2486,3.2486,3.2541,3.2546,3.2536,3.2536,4
2026-06-19 02:19:00,3.2496,3.2506,3.2496,3.2506,3.2546,3.2556,3.2546,3.2556,6
2026-06-19 02:20:00,3.2496,3.2506,3.2496,3.2506,3.2546,3.2556,3.2546,3.2556,2
2026-06-19 02:21:00,3.2501,3.2506,3.2501,3.2506,3.2551,3.2556,3.2551,3.2556,2
2026-06-19 02:22:00,3.2501,3.2501,3.2491,3.2491,3.2551,3.2551,3.2541,3.2541,3
2026-06-19 02:23:00,3.2501,3.2506,3.2496,3.2496,3.2551,3.2556,3.2546,3.2546,4
2026-06-19 02:24:00,3.2501,3.2501,3.2496,3.2501,3.2551,3.2551,3.2546,3.2551,9
2026-06-19 02:25:00,3.2506,3.2506,3.2496,3.2496,3.2556,3.2556,3.2546,3.2546,3
2026-06-19 02:26:00,3.2501,3.2501,3.2491,3.2496,3.2551,3.2551,3.2541,3.2546,5
2026-06-19 02:27:00,3.2501,3.2501,3.2496,3.2501,3.2551,3.2551,3.2546,3.2551,7
2026-06-19 02:28:00,3.2496,3.2496,3.2491,3.2496,3.2546,3.2546,3.2541,3.2546,7
2026-06-19 02:29:00,3.2501,3.2501,3.2501,3.2501,3.2551,3.2551,3.2551,3.2551,1
2026-06-19 02:30:00,3.2506,3.2506,3.2506,3.2506,3.2556,3.2556,3.2556,3.2556,1
2026-06-19 02:34:00,3.2511,3.2511,3.2506,3.2506,3.2561,3.2561,3.2556,3.2556,4
2026-06-19 02:35:00,3.2511,3.2511,3.2506,3.2506,3.2561,3.2561,3.2556,3.2556,2
2026-06-19 02:38:00,3.2511,3.2511,3.2511,3.2511,3.2561,3.2561,3.2561,3.2561,1
2026-06-19 02:39:00,3.2516,3.2516,3.2506,3.2511,3.2566,3.2566,3.2556,3.2561,16
2026-06-19 02:40:00,3.2506,3.2511,3.2506,3.2511,3.2556,3.2561,3.2556,3.2561,8
2026-06-19 02:42:00,3.2506,3.2506,3.2506,3.2506,3.2556,3.2556,3.2556,3.2556,1
2026-06-19 02:46:00,3.2511,3.2516,3.2511,3.2511,3.2561,3.2566,3.2561,3.2561,3
2026-06-19 02:47:00,3.2516,3.2516,3.2511,3.2511,3.2566,3.2566,3.2561,3.2561,26
2026-06-19 02:48:00,3.2516,3.2516,3.2511,3.2516,3.2566,3.2566,3.2561,3.2566,7
2026-06-19 02:52:00,3.2521,3.2521,3.2516,3.2521,3.2571,3.2571,3.2566,3.2571,3
2026-06-19 02:54:00,3.2536,3.2536,3.2506,3.2516,3.2586,3.2586,3.2556,3.2566,5
2026-06-19 02:58:00,3.2506,3.2516,3.2506,3.2516,3.2556,3.2566,3.2556,3.2566,2
2026-06-19 03:01:00,3.2521,3.2546,3.2516,3.2536,3.2571,3.2596,3.2566,3.2586,22
2026-06-19 03:02:00,3.2546,3.2546,3.2541,3.2546,3.2596,3.2596,3.2591,3.2596,17
2026-06-19 03:03:00,3.2556,3.2556,3.2546,3.2546,3.2606,3.2606,3.2596,3.2596,5
2026-06-19 03:04:00,3.2541,3.2541,3.2456,3.2481,3.2591,3.2591,3.2506,3.2531,25
2026-06-19 03:05:00,3.2486,3.2506,3.2486,3.2506,3.2536,3.2556,3.2536,3.2556,4
2026-06-19 03:06:00,3.2501,3.2506,3.2501,3.2506,3.2551,3.2556,3.2551,3.2556,2
2026-06-19 03:08:00,3.2511,3.2516,3.2506,3.2511,3.2561,3.2566,3.2556,3.2561,4
2026-06-19 03:09:00,3.2516,3.2521,3.2511,3.2516,3.2566,3.2571,3.2561,3.2566,7
2026-06-19 03:10:00,3.2521,3.2521,3.2516,3.2521,3.2571,3.2571,3.2566,3.2571,3
2026-06-19 03:11:00,3.2516,3.2521,3.2516,3.2521,3.2566,3.2571,3.2566,3.2571,8
2026-06-19 03:12:00,3.2516,3.2521,3.2516,3.2521,3.2566,3.2571,3.2566,3.2571,2
2026-06-19 03:13:00,3.2526,3.2526,3.2526,3.2526,3.2576,3.2576,3.2576,3.2576,1
2026-06-19 03:14:00,3.2531,3.2556,3.2531,3.2546,3.2581,3.2606,3.2581,3.2596,10
2026-06-19 03:16:00,3.2536,3.2536,3.2526,3.2536,3.2586,3.2586,3.2576,3.2586,8
2026-06-19 03:17:00,3.2541,3.2541,3.2536,3.2536,3.2591,3.2591,3.2586,3.2586,4
2026-06-19 03:18:00,3.2541,3.2556,3.2541,3.2551,3.2591,3.2606,3.2591,3.2601,6
2026-06-19 03:19:00,3.2546,3.2546,3.2546,3.2546,3.2596,3.2596,3.2596,3.2596,1
2026-06-19 03:20:00,3.2551,3.2551,3.2536,3.2546,3.2601,3.2601,3.2586,3.2596,3
2026-06-19 03:21:00,3.2541,3.2546,3.2541,3.2541,3.2591,3.2596,3.2591,3.2591,3
2026-06-19 03:23:00,3.2546,3.2546,3.2541,3.2541,3.2596,3.2596,3.2591,3.2591,20
2026-06-19 03:24:00,3.2546,3.2551,3.2541,3.2551,3.2596,3.2601,3.2591,3.2601,4
2026-06-19 03:25:00,3.2546,3.2546,3.2546,3.2546,3.2596,3.2596,3.2596,3.2596,1
2026-06-19 03:26:00,3.2541,3.2541,3.2526,3.2541,3.2591,3.2591,3.2576,3.2591,16
2026-06-19 03:27:00,3.2546,3.2551,3.2546,3.2551,3.2596,3.2601,3.2596,3.2601,6
2026-06-19 03:28:00,3.2546,3.2546,3.2546,3.2546,3.2596,3.2596,3.2596,3.2596,1
2026-06-19 03:30:00,3.2556,3.2561,3.2556,3.2561,3.2606,3.2611,3.2606,3.2611,4
2026-06-19 03:31:00,3.2556,3.2566,3.2551,3.2561,3.2606,3.2616,3.2601,3.2611,14
2026-06-19 03:32:00,3.2566,3.2566,3.2561,3.2566,3.2616,3.2616,3.2611,3.2616,3
2026-06-19 03:33:00,3.2561,3.2561,3.2556,3.2556,3.2611,3.2611,3.2606,3.2606,2
2026-06-19 03:34:00,3.2561,3.2561,3.2556,3.2556,3.2611,3.2611,3.2606,3.2606,2
2026-06-19 03:36:00,3.2561,3.2561,3.2561,3.2561,3.2611,3.2611,3.2611,3.2611,1
2026-06-19 03:37:00,3.2566,3.2566,3.2556,3.2561,3.2616,3.2616,3.2606,3.2611,6
2026-06-19 03:38:00,3.2566,3.2566,3.2561,3.2561,3.2616,3.2616,3.2611,3.2611,4
2026-06-19 03:39:00,3.2566,3.2566,3.2561,3.2561,3.2616,3.2616,3.2611,3.2611,16
2026-06-19 03:40:00,3.2566,3.2566,3.2561,3.2561,3.2616,3.2616,3.2611,3.2611,4
2026-06-19 03:45:00,3.2556,3.2566,3.2546,3.2566,3.2606,3.2616,3.2596,3.2616,4
2026-06-19 03:48:00,3.2556,3.2561,3.2556,3.2561,3.2606,3.2611,3.2606,3.2611,4
2026-06-19 03:49:00,3.2566,3.2566,3.2561,3.2561,3.2616,3.2616,3.2611,3.2611,22
2026-06-19 03:50:00,3.2566,3.2566,3.2561,3.2561,3.2616,3.2616,3.2611,3.2611,14
2026-06-19 03:51:00,3.2566,3.2566,3.2566,3.2566,3.2616,3.2616,3.2616,3.2616,1
2026-06-19 03:52:00,3.2571,3.2586,3.2556,3.2566,3.2621,3.2636,3.2606,3.2616,10
2026-06-19 03:53:00,3.2561,3.2561,3.2561,3.2561,3.2611,3.2611,3.2611,3.2611,1
2026-06-19 03:54:00,3.2566,3.2566,3.2561,3.2561,3.2616,3.2616,3.2611,3.2611,6
2026-06-19 03:55:00,3.2556,3.2561,3.2551,3.2556,3.2606,3.2611,3.2601,3.2606,13
2026-06-19 03:57:00,3.2551,3.2556,3.2551,3.2556,3.2601,3.2606,3.2601,3.2606,2
2026-06-19 03:59:00,3.2551,3.2551,3.2551,3.2551,3.2601,3.2601,3.2601,3.2601,1
2026-06-19 04:00:00,3.2536,3.2541,3.2526,3.2541,3.2586,3.2591,3.2576,3.2591,20
2026-06-19 04:01:00,3.2546,3.2551,3.2546,3.2551,3.2596,3.2601,3.2596,3.2601,2
2026-06-19 04:02:00,3.2556,3.2556,3.2556,3.2556,3.2606,3.2606,3.2606,3.2606,1
2026-06-19 04:03:00,3.2546,3.2551,3.2546,3.2546,3.2596,3.2601,3.2596,3.2596,5
2026-06-19 04:06:00,3.2536,3.2536,3.2536,3.2536,3.2586,3.2586,3.2586,3.2586,1
2026-06-19 04:10:00,3.2546,3.2546,3.2516,3.2516,3.2596,3.2596,3.2566,3.2566,6
2026-06-19 04:13:00,3.2506,3.2526,3.2506,3.2526,3.2556,3.2576,3.2556,3.2576,3
2026-06-19 04:16:00,3.2521,3.2521,3.2521,3.2521,3.2571,3.2571,3.2571,3.2571,1
2026-06-19 04:17:00,3.2526,3.2526,3.2496,3.2501,3.2576,3.2576,3.2546,3.2551,13
2026-06-19 04:18:00,3.2496,3.2496,3.2481,3.2481,3.2546,3.2546,3.2531,3.2531,9
2026-06-19 04:19:00,3.2486,3.2486,3.2476,3.2486,3.2536,3.2536,3.2526,3.2536,4
2026-06-19 04:20:00,3.2491,3.2496,3.2486,3.2496,3.2541,3.2546,3.2536,3.2546,13
2026-06-19 04:24:00,3.2486,3.2486,3.2486,3.2486,3.2536,3.2536,3.2536,3.2536,1
2026-06-19 04:25:00,3.2491,3.2491,3.2486,3.2486,3.2541,3.2541,3.2536,3.2536,2
2026-06-19 04:27:00,3.2491,3.2491,3.2486,3.2486,3.2541,3.2541,3.2536,3.2536,2
2026-06-19 04:29:00,3.2496,3.2496,3.2491,3.2496,3.2546,3.2546,3.2541,3.2546,3
2026-06-19 04:30:00,3.2501,3.2506,3.2501,3.2501,3.2551,3.2556,3.2551,3.2551,3
2026-06-19 04:39:00,3.2496,3.2496,3.2496,3.2496,3.2546,3.2546,3.2546,3.2546,1
2026-06-19 04:40:00,3.2486,3.2486,3.2486,3.2486,3.2536,3.2536,3.2536,3.2536,1
2026-06-19 04:43:00,3.2496,3.2496,3.2491,3.2491,3.2546,3.2546,3.2541,3.2541,2
2026-06-19 04:44:00,3.2496,3.2501,3.2496,3.2496,3.2546,3.2551,3.2546,3.2546,7
2026-06-19 04:46:00,3.2506,3.2506,3.2501,3.2501,3.2556,3.2556,3.2551,3.2551,2
2026-06-19 04:48:00,3.2496,3.2496,3.2496,3.2496,3.2546,3.2546,3.2546,3.2546,1
2026-06-19 04:53:00,3.2501,3.2501,3.2501,3.2501,3.2551,3.2551,3.2551,3.2551,1
2026-06-19 04:55:00,3.2506,3.2506,3.2506,3.2506,3.2556,3.2556,3.2556,3.2556,1
2026-06-19 05:07:00,3.2501,3.2501,3.2501,3.2501,3.2551,3.2551,3.2551,3.2551,1
2026-06-19 05:08:00,3.2496,3.2496,3.2491,3.2491,3.2546,3.2546,3.2541,3.2541,2
2026-06-19 05:10:00,3.2486,3.2491,3.2486,3.2486,3.2536,3.2541,3.2536,3.2536,3
2026-06-19 05:11:00,3.2491,3.2491,3.2491,3.2491,3.2541,3.2541,3.2541,3.2541,1
2026-06-19 05:12:00,3.2496,3.2496,3.2496,3.2496,3.2546,3.2546,3.2546,3.2546,1
2026-06-19 05:19:00,3.2491,3.2491,3.2491,3.2491,3.2541,3.2541,3.2541,3.2541,1
2026-06-19 05:20:00,3.2486,3.2491,3.2486,3.2491,3.2536,3.2541,3.2536,3.2541,4
2026-06-19 05:21:00,3.2486,3.2486,3.2476,3.2481,3.2536,3.2536,3.2526,3.2531,4
2026-06-19 05:22:00,3.2486,3.2486,3.2481,3.2481,3.2536,3.2536,3.2531,3.2531,4
2026-06-19 05:23:00,3.2486,3.2486,3.2481,3.2481,3.2536,3.2536,3.2531,3.2531,10
2026-06-19 05:27:00,3.2476,3.2476,3.2476,3.2476,3.2526,3.2526,3.2526,3.2526,1
2026-06-19 05:28:00,3.2466,3.2476,3.2466,3.2476,3.2516,3.2526,3.2516,3.2526,2
2026-06-19 05:30:00,3.2466,3.2466,3.2446,3.2466,3.2516,3.2516,3.2496,3.2516,15
2026-06-19 05:32:00,3.2461,3.2461,3.2416,3.2416,3.2511,3.2511,3.2466,3.2466,17
2026-06-19 05:33:00,3.2421,3.2431,3.2416,3.2426,3.2471,3.2481,3.2466,3.2476,6
2026-06-19 05:34:00,3.2421,3.2421,3.2416,3.2421,3.2471,3.2471,3.2466,3.2471,3
2026-06-19 05:35:00,3.2426,3.2426,3.2416,3.2416,3.2476,3.2476,3.2466,3.2466,2
2026-06-19 05:36:00,3.2421,3.2426,3.2416,3.2416,3.2471,3.2476,3.2466,3.2466,3
2026-06-19 05:37:00,3.2421,3.2421,3.2416,3.2416,3.2471,3.2471,3.2466,3.2466,2
2026-06-19 05:38:00,3.2406,3.2416,3.2406,3.2411,3.2456,3.2466,3.2456,3.2461,3
2026-06-19 05:39:00,3.2416,3.2426,3.2411,3.2426,3.2466,3.2476,3.2461,3.2476,9
2026-06-19 05:40:00,3.2421,3.2426,3.2416,3.2426,3.2471,3.2476,3.2466,3.2476,7
2026-06-19 05:44:00,3.2416,3.2456,3.2416,3.2446,3.2466,3.2506,3.2466,3.2496,10
2026-06-19 05:45:00,3.2451,3.2466,3.2446,3.2466,3.2501,3.2516,3.2496,3.2516,17
2026-06-19 05:46:00,3.2456,3.2456,3.2446,3.2456,3.2506,3.2506,3.2496,3.2506,7
2026-06-19 05:47:00,3.2446,3.2456,3.2446,3.2456,3.2496,3.2506,3.2496,3.2506,3
2026-06-19 05:48:00,3.2446,3.2446,3.2441,3.2446,3.2496,3.2496,3.2491,3.2496,5
2026-06-19 05:49:00,3.2451,3.2451,3.2451,3.2451,3.2501,3.2501,3.2501,3.2501,1
2026-06-19 05:50:00,3.2446,3.2456,3.2446,3.2446,3.2496,3.2506,3.2496,3.2496,7
2026-06-19 05:51:00,3.2456,3.2461,3.2456,3.2456,3.2506,3.2511,3.2506,3.2506,15
2026-06-19 05:52:00,3.2461,3.2466,3.2456,3.2461,3.2511,3.2516,3.2506,3.2511,9
2026-06-19 05:53:00,3.2466,3.2466,3.2466,3.2466,3.2516,3.2516,3.2516,3.2516,1
2026-06-19 05:55:00,3.2476,3.2506,3.2476,3.2506,3.2526,3.2556,3.2526,3.2556,15
2026-06-19 05:56:00,3.2496,3.2496,3.2496,3.2496,3.2546,3.2546,3.2546,3.2546,1
2026-06-19 05:57:00,3.2501,3.2506,3.2501,3.2506,3.2551,3.2556,3.2551,3.2556,2
2026-06-19 05:59:00,3.2511,3.2516,3.2501,3.2506,3.2561,3.2566,3.2551,3.2556,13
2026-06-19 06:00:00,3.2511,3.2511,3.2511,3.2511,3.2561,3.2561,3.2561,3.2561,1
2026-06-19 06:01:00,3.2506,3.2506,3.2506,3.2506,3.2556,3.2556,3.2556,3.2556,1
2026-06-19 06:05:00,3.2501,3.2506,3.2446,3.2446,3.2551,3.2556,3.2496,3.2496,20
2026-06-19 06:08:00,3.2451,3.2456,3.2446,3.2446,3.2501,3.2506,3.2496,3.2496,3
2026-06-19 06:09:00,3.2451,3.2466,3.2451,3.2466,3.2501,3.2516,3.2501,3.2516,3
2026-06-19 06:10:00,3.2471,3.2471,3.2456,3.2461,3.2521,3.2521,3.2506,3.2511,4
2026-06-19 06:11:00,3.2456,3.2466,3.2456,3.2466,3.2506,3.2516,3.2506,3.2516,3
2026-06-19 06:12:00,3.2456,3.2466,3.2456,3.2466,3.2506,3.2516,3.2506,3.2516,3
2026-06-19 06:14:00,3.2461,3.2466,3.2456,3.2466,3.2511,3.2516,3.2506,3.2516,8
2026-06-19 06:15:00,3.2461,3.2476,3.2446,3.2446,3.2511,3.2526,3.2496,3.2496,9
2026-06-19 06:16:00,3.2436,3.2436,3.2406,3.2406,3.2486,3.2486,3.2456,3.2456,7
2026-06-19 06:17:00,3.2396,3.2406,3.2381,3.2401,3.2446,3.2456,3.2431,3.2451,11
2026-06-19 06:18:00,3.2406,3.2416,3.2401,3.2411,3.2456,3.2466,3.2451,3.2461,7
2026-06-19 06:19:00,3.2416,3.2416,3.2406,3.2406,3.2466,3.2466,3.2456,3.2456,2
2026-06-19 06:20:00,3.2416,3.2416,3.2406,3.2416,3.2466,3.2466,3.2456,3.2466,5
2026-06-19 06:22:00,3.2411,3.2416,3.2396,3.2406,3.2461,3.2466,3.2446,3.2456,5
2026-06-19 06:23:00,3.2401,3.2411,3.2401,3.2406,3.2451,3.2461,3.2451,3.2456,4
2026-06-19 06:24:00,3.2401,3.2401,3.2396,3.2401,3.2451,3.2451,3.2446,3.2451,9
2026-06-19 06:25:00,3.2396,3.2406,3.2396,3.2401,3.2446,3.2456,3.2446,3.2451,6
2026-06-19 06:26:00,3.2406,3.2406,3.2406,3.2406,3.2456,3.2456,3.2456,3.2456,1
2026-06-19 06:27:00,3.2401,3.2401,3.2401,3.2401,3.2451,3.2451,3.2451,3.2451,1
2026-06-19 06:28:00,3.2406,3.2406,3.2401,3.2406,3.2456,3.2456,3.2451,3.2456,5
2026-06-19 06:29:00,3.2401,3.2401,3.2401,3.2401,3.2451,3.2451,3.2451,3.2451,1
2026-06-19 06:30:00,3.2396,3.2416,3.2396,3.2411,3.2446,3.2466,3.2446,3.2461,8
2026-06-19 06:31:00,3.2416,3.2426,3.2416,3.2426,3.2466,3.2476,3.2466,3.2476,5
2026-06-19 06:32:00,3.2421,3.2446,3.2421,3.2426,3.2471,3.2496,3.2471,3.2476,13
2026-06-19 06:33:00,3.2421,3.2441,3.2416,3.2441,3.2471,3.2491,3.2466,3.2491,9
2026-06-19 06:34:00,3.2436,3.2441,3.2436,3.2436,3.2486,3.2491,3.2486,3.2486,11
2026-06-19 06:35:00,3.2441,3.2446,3.2436,3.2446,3.2491,3.2496,3.2486,3.2496,14
2026-06-19 06:36:00,3.2441,3.2446,3.2436,3.2436,3.2491,3.2496,3.2486,3.2486,16
2026-06-19 06:38:00,3.2431,3.2431,3.2426,3.2426,3.2481,3.2481,3.2476,3.2476,2
2026-06-19 06:39:00,3.2421,3.2426,3.2406,3.2416,3.2471,3.2476,3.2456,3.2466,13
2026-06-19 06:41:00,3.2406,3.2406,3.2396,3.2396,3.2456,3.2456,3.2446,3.2446,2
2026-06-19 06:42:00,3.2386,3.2396,3.2386,3.2396,3.2436,3.2446,3.2436,3.2446,12
2026-06-19 06:43:00,3.2391,3.2396,3.2391,3.2396,3.2441,3.2446,3.2441,3.2446,26
2026-06-19 06:44:00,3.2391,3.2396,3.2386,3.2386,3.2441,3.2446,3.2436,3.2436,9
2026-06-19 06:45:00,3.2391,3.2396,3.2386,3.2386,3.2441,3.2446,3.2436,3.2436,7
2026-06-19 06:46:00,3.2381,3.2381,3.2366,3.2381,3.2431,3.2431,3.2416,3.2431,14
2026-06-19 06:47:00,3.2386,3.2386,3.2381,3.2386,3.2436,3.2436,3.2431,3.2436,3
2026-06-19 06:48:00,3.2381,3.2386,3.2376,3.2381,3.2431,3.2436,3.2426,3.2431,9
2026-06-19 06:49:00,3.2386,3.2386,3.2386,3.2386,3.2436,3.2436,3.2436,3.2436,1
2026-06-19 06:50:00,3.2396,3.2416,3.2396,3.2416,3.2446,3.2466,3.2446,3.2466,20
2026-06-19 06:51:00,3.2421,3.2421,3.2416,3.2421,3.2471,3.2471,3.2466,3.2471,3
2026-06-19 06:52:00,3.2426,3.2426,3.2406,3.2411,3.2476,3.2476,3.2456,3.2461,4
2026-06-19 06:53:00,3.2406,3.2416,3.2406,3.2416,3.2456,3.2466,3.2456,3.2466,3
2026-06-19 06:54:00,3.2421,3.2421,3.2406,3.2406,3.2471,3.2471,3.2456,3.2456,6
2026-06-19 06:57:00,3.2401,3.2406,3.2401,3.2401,3.2451,3.2456,3.2451,3.2451,5
2026-06-19 06:59:00,3.2406,3.2406,3.2401,3.2401,3.2456,3.2456,3.2451,3.2451,2
2026-06-19 07:00:00,3.2406,3.2416,3.2391,3.2406,3.2456,3.2466,3.2441,3.2456,36
2026-06-19 07:01:00,3.2401,3.2401,3.2386,3.2386,3.2451,3.2451,3.2436,3.2436,10
2026-06-19 07:02:00,3.2391,3.2391,3.2381,3.2381,3.2441,3.2441,3.2431,3.2431,7
2026-06-19 07:03:00,3.2376,3.2386,3.2376,3.2381,3.2426,3.2436,3.2426,3.2431,8
2026-06-19 07:04:00,3.2386,3.2396,3.2386,3.2396,3.2436,3.2446,3.2436,3.2446,6
2026-06-19 07:05:00,3.2391,3.2391,3.2386,3.2386,3.2441,3.2441,3.2436,3.2436,2
2026-06-19 07:06:00,3.2396,3.2411,3.2396,3.2411,3.2446,3.2461,3.2446,3.2461,3
2026-06-19 07:07:00,3.2406,3.2411,3.2406,3.2411,3.2456,3.2461,3.2456,3.2461,8
2026-06-19 07:08:00,3.2416,3.2426,3.2416,3.2421,3.2466,3.2476,3.2466,3.2471,13
2026-06-19 07:09:00,3.2426,3.2426,3.2426,3.2426,3.2476,3.2476,3.2476,3.2476,1
2026-06-19 07:10:00,3.2431,3.2436,3.2426,3.2426,3.2481,3.2486,3.2476,3.2476,8
2026-06-19 07:11:00,3.2431,3.2431,3.2426,3.2426,3.2481,3.2481,3.2476,3.2476,10
2026-06-19 07:12:00,3.2436,3.2446,3.2436,3.2436,3.2486,3.2496,3.2486,3.2486,9
2026-06-19 07:13:00,3.2441,3.2441,3.2426,3.2426,3.2491,3.2491,3.2476,3.2476,8
2026-06-19 07:15:00,3.2421,3.2421,3.2411,3.2411,3.2471,3.2471,3.2461,3.2461,3
2026-06-19 07:16:00,3.2416,3.2416,3.2406,3.2406,3.2466,3.2466,3.2456,3.2456,2
2026-06-19 07:17:00,3.2416,3.2416,3.2416,3.2416,3.2466,3.2466,3.2466,3.2466,1
2026-06-19 07:18:00,3.2411,3.2416,3.2411,3.2416,3.2461,3.2466,3.2461,3.2466,2
2026-06-19 07:19:00,3.2426,3.2436,3.2421,3.2426,3.2476,3.2486,3.2471,3.2476,7
2026-06-19 07:20:00,3.2421,3.2421,3.2421,3.2421,3.2471,3.2471,3.2471,3.2471,1
2026-06-19 07:21:00,3.2416,3.2416,3.2401,3.2401,3.2466,3.2466,3.2451,3.2451,5
2026-06-19 07:22:00,3.2396,3.2396,3.2386,3.2391,3.2446,3.2446,3.2436,3.2441,3
2026-06-19 07:24:00,3.2396,3.2396,3.2391,3.2391,3.2446,3.2446,3.2441,3.2441,2
2026-06-19 07:25:00,3.2386,3.2396,3.2376,3.2396,3.2436,3.2446,3.2426,3.2446,8
2026-06-19 07:26:00,3.2391,3.2396,3.2386,3.2386,3.2441,3.2446,3.2436,3.2436,4
2026-06-19 07:27:00,3.2381,3.2381,3.2381,3.2381,3.2431,3.2431,3.2431,3.2431,1
2026-06-19 07:30:00,3.2396,3.2396,3.2391,3.2391,3.2446,3.2446,3.2441,3.2441,2
2026-06-19 07:32:00,3.2396,3.2396,3.2396,3.2396,3.2446,3.2446,3.2446,3.2446,1
2026-06-19 07:33:00,3.2391,3.2391,3.2386,3.2391,3.2441,3.2441,3.2436,3.2441,3
2026-06-19 07:34:00,3.2401,3.2401,3.2401,3.2401,3.2451,3.2451,3.2451,3.2451,1
2026-06-19 07:35:00,3.2406,3.2406,3.2396,3.2396,3.2456,3.2456,3.2446,3.2446,2
2026-06-19 07:36:00,3.2401,3.2401,3.2401,3.2401,3.2451,3.2451,3.2451,3.2451,1
2026-06-19 07:37:00,3.2406,3.2406,3.2401,3.2401,3.2456,3.2456,3.2451,3.2451,4
2026-06-19 07:38:00,3.2406,3.2406,3.2401,3.2401,3.2456,3.2456,3.2451,3.2451,2
2026-06-19 07:40:00,3.2396,3.2401,3.2386,3.2391,3.2446,3.2451,3.2436,3.2441,5
2026-06-19 07:44:00,3.2396,3.2406,3.2391,3.2401,3.2446,3.2456,3.2441,3.2451,4
2026-06-19 07:46:00,3.2396,3.2396,3.2396,3.2396,3.2446,3.2446,3.2446,3.2446,1
2026-06-19 07:47:00,3.2386,3.2396,3.2386,3.2396,3.2436,3.2446,3.2436,3.2446,2
2026-06-19 07:48:00,3.2391,3.2396,3.2391,3.2396,3.2441,3.2446,3.2441,3.2446,2
2026-06-19 07:49:00,3.2401,3.2401,3.2396,3.2396,3.2451,3.2451,3.2446,3.2446,2
2026-06-19 07:50:00,3.2391,3.2391,3.2386,3.2386,3.2441,3.2441,3.2436,3.2436,2
2026-06-19 07:51:00,3.2391,3.2391,3.2391,3.2391,3.2441,3.2441,3.2441,3.2441,1
2026-06-19 07:52:00,3.2386,3.2396,3.2386,3.2391,3.2436,3.2446,3.2436,3.2441,6
2026-06-19 07:53:00,3.2396,3.2401,3.2391,3.2396,3.2446,3.2451,3.2441,3.2446,5
2026-06-19 07:54:00,3.2401,3.2401,3.2391,3.2391,3.2451,3.2451,3.2441,3.2441,3
2026-06-19 07:55:00,3.2386,3.2386,3.2376,3.2376,3.2436,3.2436,3.2426,3.2426,4
2026-06-19 07:56:00,3.2381,3.2381,3.2376,3.2381,3.2431,3.2431,3.2426,3.2431,3
2026-06-19 07:57:00,3.2376,3.2381,3.2376,3.2381,3.2426,3.2431,3.2426,3.2431,2
2026-06-19 07:58:00,3.2386,3.2386,3.2381,3.2381,3.2436,3.2436,3.2431,3.2431,2
2026-06-19 07:59:00,3.2396,3.2396,3.2386,3.2386,3.2446,3.2446,3.2436,3.2436,2
2026-06-19 08:00:00,3.2396,3.2411,3.2396,3.2411,3.2446,3.2461,3.2446,3.2461,10
2026-06-19 08:01:00,3.2406,3.2466,3.2406,3.2466,3.2456,3.2516,3.2456,3.2516,25
2026-06-19 08:02:00,3.2471,3.2496,3.2466,3.2481,3.2521,3.2546,3.2516,3.2531,19
2026-06-19 08:03:00,3.2466,3.2471,3.2411,3.2426,3.2516,3.2521,3.2461,3.2476,22
2026-06-19 08:04:00,3.2436,3.2436,3.2426,3.2431,3.2486,3.2486,3.2476,3.2481,4
2026-06-19 08:05:00,3.2426,3.2436,3.2426,3.2431,3.2476,3.2486,3.2476,3.2481,5
2026-06-19 08:06:00,3.2426,3.2456,3.2426,3.2451,3.2476,3.2506,3.2476,3.2501,7
2026-06-19 08:07:00,3.2456,3.2491,3.2456,3.2476,3.2506,3.2541,3.2506,3.2526,18
2026-06-19 08:08:00,3.2481,3.2481,3.2466,3.2471,3.2531,3.2531,3.2516,3.2521,9
2026-06-19 08:09:00,3.2476,3.2481,3.2476,3.2481,3.2526,3.2531,3.2526,3.2531,4
2026-06-19 08:10:00,3.2476,3.2486,3.2476,3.2486,3.2526,3.2536,3.2526,3.2536,3
2026-06-19 08:12:00,3.2496,3.2506,3.2496,3.2501,3.2546,3.2556,3.2546,3.2551,6
2026-06-19 08:13:00,3.2496,3.2516,3.2496,3.2501,3.2546,3.2566,3.2546,3.2551,13
2026-06-19 08:14:00,3.2496,3.2496,3.2461,3.2461,3.2546,3.2546,3.2511,3.2511,8
2026-06-19 08:15:00,3.2466,3.2466,3.2461,3.2466,3.2516,3.2516,3.2511,3.2516,3
2026-06-19 08:16:00,3.2456,3.2461,3.2446,3.2451,3.2506,3.2511,3.2496,3.2501,6
2026-06-19 08:17:00,3.2446,3.2451,3.2446,3.2451,3.2496,3.2501,3.2496,3.2501,2
2026-06-19 08:18:00,3.2446,3.2446,3.2441,3.2441,3.2496,3.2496,3.2491,3.2491,2
2026-06-19 08:19:00,3.2456,3.2461,3.2456,3.2461,3.2506,3.2511,3.2506,3.2511,2
2026-06-19 08:20:00,3.2456,3.2456,3.2456,3.2456,3.2506,3.2506,3.2506,3.2506,1
2026-06-19 08:21:00,3.2466,3.2476,3.2461,3.2471,3.2516,3.2526,3.2511,3.2521,5
2026-06-19 08:22:00,3.2466,3.2471,3.2461,3.2461,3.2516,3.2521,3.2511,3.2511,3
2026-06-19 08:23:00,3.2471,3.2471,3.2461,3.2461,3.2521,3.2521,3.2511,3.2511,3
2026-06-19 08:24:00,3.2471,3.2476,3.2471,3.2476,3.2521,3.2526,3.2521,3.2526,2
2026-06-19 08:25:00,3.2471,3.2471,3.2461,3.2461,3.2521,3.2521,3.2511,3.2511,6
2026-06-19 08:26:00,3.2466,3.2466,3.2461,3.2461,3.2516,3.2516,3.2511,3.2511,4
2026-06-19 08:28:00,3.2456,3.2456,3.2456,3.2456,3.2506,3.2506,3.2506,3.2506,1
2026-06-19 08:29:00,3.2466,3.2466,3.2436,3.2451,3.2516,3.2516,3.2486,3.2501,8
2026-06-19 08:30:00,3.2446,3.2476,3.2396,3.2426,3.2496,3.2526,3.2446,3.2476,21
2026-06-19 08:31:00,3.2431,3.2451,3.2431,3.2446,3.2481,3.2501,3.2481,3.2496,7
2026-06-19 08:32:00,3.2451,3.2456,3.2451,3.2456,3.2501,3.2506,3.2501,3.2506,2
2026-06-19 08:33:00,3.2446,3.2451,3.2446,3.2451,3.2496,3.2501,3.2496,3.2501,2
2026-06-19 08:34:00,3.2456,3.2456,3.2426,3.2436,3.2506,3.2506,3.2476,3.2486,6
2026-06-19 08:35:00,3.2426,3.2431,3.2426,3.2431,3.2476,3.2481,3.2476,3.2481,2
2026-06-19 08:36:00,3.2436,3.2436,3.2426,3.2436,3.2486,3.2486,3.2476,3.2486,6
2026-06-19 08:37:00,3.2426,3.2426,3.2416,3.2416,3.2476,3.2476,3.2466,3.2466,18
2026-06-19 08:38:00,3.2411,3.2416,3.2401,3.2401,3.2461,3.2466,3.2451,3.2451,6
2026-06-19 08:39:00,3.2406,3.2406,3.2366,3.2366,3.2456,3.2456,3.2416,3.2416,10
2026-06-19 08:40:00,3.2376,3.2386,3.2376,3.2386,3.2426,3.2436,3.2426,3.2436,5
2026-06-19 08:41:00,3.2391,3.2391,3.2391,3.2391,3.2441,3.2441,3.2441,3.2441,1
2026-06-19 08:42:00,3.2376,3.2376,3.2351,3.2376,3.2426,3.2426,3.2401,3.2426,13
2026-06-19 08:43:00,3.2381,3.2386,3.2376,3.2376,3.2431,3.2436,3.2426,3.2426,7
2026-06-19 08:44:00,3.2386,3.2386,3.2386,3.2386,3.2436,3.2436,3.2436,3.2436,1
2026-06-19 08:46:00,3.2391,3.2396,3.2346,3.2366,3.2441,3.2446,3.2396,3.2416,16
2026-06-19 08:47:00,3.2361,3.2376,3.2346,3.2371,3.2411,3.2426,3.2396,3.2421,18
2026-06-19 08:48:00,3.2376,3.2376,3.2366,3.2376,3.2426,3.2426,3.2416,3.2426,5
2026-06-19 08:49:00,3.2386,3.2386,3.2376,3.2376,3.2436,3.2436,3.2426,3.2426,5
2026-06-19 08:50:00,3.2371,3.2376,3.2371,3.2376,3.2421,3.2426,3.2421,3.2426,2
2026-06-19 08:51:00,3.2366,3.2386,3.2346,3.2361,3.2416,3.2436,3.2396,3.2411,18
2026-06-19 08:52:00,3.2356,3.2356,3.2306,3.2321,3.2406,3.2406,3.2356,3.2371,13
2026-06-19 08:53:00,3.2326,3.2346,3.2326,3.2346,3.2376,3.2396,3.2376,3.2396,11
2026-06-19 08:54:00,3.2351,3.2351,3.2336,3.2336,3.2401,3.2401,3.2386,3.2386,9
2026-06-19 08:55:00,3.2346,3.2351,3.2316,3.2326,3.2396,3.2401,3.2366,3.2376,15
2026-06-19 08:56:00,3.2336,3.2336,3.2331,3.2336,3.2386,3.2386,3.2381,3.2386,3
2026-06-19 08:57:00,3.2331,3.2331,3.2326,3.2331,3.2381,3.2381,3.2376,3.2381,25
2026-06-19 08:58:00,3.2326,3.2336,3.2326,3.2331,3.2376,3.2386,3.2376,3.2381,12
2026-06-19 08:59:00,3.2336,3.2336,3.2326,3.2326,3.2386,3.2386,3.2376,3.2376,5
2026-06-19 09:00:00,3.2316,3.2326,3.2296,3.2316,3.2366,3.2376,3.2346,3.2366,35
2026-06-19 09:01:00,3.2326,3.2346,3.2326,3.2341,3.2376,3.2396,3.2376,3.2391,30
2026-06-19 09:02:00,3.2336,3.2341,3.2336,3.2341,3.2386,3.2391,3.2386,3.2391,6
2026-06-19 09:03:00,3.2336,3.2356,3.2336,3.2351,3.2386,3.2406,3.2386,3.2401,19
2026-06-19 09:04:00,3.2346,3.2346,3.2326,3.2326,3.2396,3.2396,3.2376,3.2376,12
2026-06-19 09:05:00,3.2331,3.2336,3.2326,3.2336,3.2381,3.2386,3.2376,3.2386,8
2026-06-19 09:06:00,3.2346,3.2356,3.2346,3.2346,3.2396,3.2406,3.2396,3.2396,4
2026-06-19 09:07:00,3.2356,3.2356,3.2346,3.2351,3.2406,3.2406,3.2396,3.2401,7
2026-06-19 09:08:00,3.2346,3.2356,3.2346,3.2356,3.2396,3.2406,3.2396,3.2406,11
2026-06-19 09:09:00,3.2346,3.2356,3.2346,3.2356,3.2396,3.2406,3.2396,3.2406,7
2026-06-19 09:10:00,3.2361,3.2366,3.2361,3.2366,3.2411,3.2416,3.2411,3.2416,2
2026-06-19 09:11:00,3.2371,3.2371,3.2366,3.2366,3.2421,3.2421,3.2416,3.2416,2
2026-06-19 09:14:00,3.2371,3.2371,3.2366,3.2366,3.2421,3.2421,3.2416,3.2416,2
2026-06-19 09:15:00,3.2371,3.2386,3.2366,3.2376,3.2421,3.2436,3.2416,3.2426,8
2026-06-19 09:16:00,3.2381,3.2386,3.2381,3.2386,3.2431,3.2436,3.2431,3.2436,2
2026-06-19 09:20:00,3.2376,3.2381,3.2366,3.2381,3.2426,3.2431,3.2416,3.2431,7
2026-06-19 09:21:00,3.2376,3.2376,3.2376,3.2376,3.2426,3.2426,3.2426,3.2426,1
2026-06-19 09:22:00,3.2381,3.2386,3.2376,3.2386,3.2431,3.2436,3.2426,3.2436,10
2026-06-19 09:23:00,3.2381,3.2381,3.2376,3.2376,3.2431,3.2431,3.2426,3.2426,4
2026-06-19 09:24:00,3.2381,3.2381,3.2376,3.2376,3.2431,3.2431,3.2426,3.2426,2
2026-06-19 09:25:00,3.2381,3.2396,3.2376,3.2386,3.2431,3.2446,3.2426,3.2436,10
2026-06-19 09:26:00,3.2391,3.2391,3.2386,3.2391,3.2441,3.2441,3.2436,3.2441,3
2026-06-19 09:27:00,3.2386,3.2391,3.2386,3.2386,3.2436,3.2441,3.2436,3.2436,3
2026-06-19 09:28:00,3.2391,3.2391,3.2386,3.2386,3.2441,3.2441,3.2436,3.2436,2
2026-06-19 09:29:00,3.2391,3.2391,3.2386,3.2386,3.2441,3.2441,3.2436,3.2436,2
2026-06-19 09:30:00,3.2396,3.2396,3.2386,3.2391,3.2446,3.2446,3.2436,3.2441,5
2026-06-19 09:31:00,3.2386,3.2406,3.2386,3.2401,3.2436,3.2456,3.2436,3.2451,7
2026-06-19 09:32:00,3.2406,3.2406,3.2391,3.2391,3.2456,3.2456,3.2441,3.2441,11
2026-06-19 09:34:00,3.2396,3.2396,3.2386,3.2396,3.2446,3.2446,3.2436,3.2446,5
2026-06-19 09:37:00,3.2386,3.2386,3.2366,3.2381,3.2436,3.2436,3.2416,3.2431,11
2026-06-19 09:38:00,3.2386,3.2386,3.2381,3.2386,3.2436,3.2436,3.2431,3.2436,5
2026-06-19 09:40:00,3.2391,3.2406,3.2391,3.2406,3.2441,3.2456,3.2441,3.2456,3
2026-06-19 09:41:00,3.2411,3.2436,3.2406,3.2436,3.2461,3.2486,3.2456,3.2486,8
2026-06-19 09:42:00,3.2426,3.2441,3.2426,3.2441,3.2476,3.2491,3.2476,3.2491,8
2026-06-19 09:43:00,3.2436,3.2446,3.2436,3.2446,3.2486,3.2496,3.2486,3.2496,7
2026-06-19 09:44:00,3.2436,3.2451,3.2416,3.2416,3.2486,3.2501,3.2466,3.2466,16
2026-06-19 09:46:00,3.2421,3.2426,3.2416,3.2421,3.2471,3.2476,3.2466,3.2471,9
2026-06-19 09:47:00,3.2416,3.2426,3.2416,3.2426,3.2466,3.2476,3.2466,3.2476,2
2026-06-19 09:49:00,3.2416,3.2416,3.2416,3.2416,3.2466,3.2466,3.2466,3.2466,1
2026-06-19 09:50:00,3.2411,3.2416,3.2406,3.2416,3.2461,3.2466,3.2456,3.2466,17
2026-06-19 09:52:00,3.2406,3.2406,3.2386,3.2386,3.2456,3.2456,3.2436,3.2436,4
2026-06-19 09:55:00,3.2391,3.2396,3.2386,3.2396,3.2441,3.2446,3.2436,3.2446,11
2026-06-19 09:56:00,3.2401,3.2406,3.2396,3.2396,3.2451,3.2456,3.2446,3.2446,4
2026-06-19 09:57:00,3.2386,3.2396,3.2386,3.2386,3.2436,3.2446,3.2436,3.2436,7
2026-06-19 09:58:00,3.2396,3.2396,3.2386,3.2391,3.2446,3.2446,3.2436,3.2441,9
2026-06-19 09:59:00,3.2396,3.2401,3.2391,3.2401,3.2446,3.2451,3.2441,3.2451,6
2026-06-19 10:00:00,3.2396,3.2426,3.2396,3.2426,3.2446,3.2476,3.2446,3.2476,23
2026-06-19 10:01:00,3.2421,3.2421,3.2406,3.2421,3.2471,3.2471,3.2456,3.2471,10
2026-06-19 10:02:00,3.2426,3.2436,3.2426,3.2426,3.2476,3.2486,3.2476,3.2476,9
2026-06-19 10:03:00,3.2431,3.2436,3.2421,3.2421,3.2481,3.2486,3.2471,3.2471,29
2026-06-19 10:04:00,3.2416,3.2426,3.2406,3.2416,3.2466,3.2476,3.2456,3.2466,10
2026-06-19 10:06:00,3.2406,3.2411,3.2396,3.2411,3.2456,3.2461,3.2446,3.2461,7
2026-06-19 10:07:00,3.2406,3.2406,3.2391,3.2391,3.2456,3.2456,3.2441,3.2441,6
2026-06-19 10:08:00,3.2396,3.2406,3.2396,3.2396,3.2446,3.2456,3.2446,3.2446,9
2026-06-19 10:09:00,3.2391,3.2396,3.2386,3.2391,3.2441,3.2446,3.2436,3.2441,15
2026-06-19 10:10:00,3.2396,3.2396,3.2381,3.2386,3.2446,3.2446,3.2431,3.2436,12
2026-06-19 10:11:00,3.2381,3.2396,3.2376,3.2396,3.2431,3.2446,3.2426,3.2446,11
2026-06-19 10:12:00,3.2401,3.2401,3.2396,3.2396,3.2451,3.2451,3.2446,3.2446,4
2026-06-19 10:15:00,3.2386,3.2401,3.2386,3.2401,3.2436,3.2451,3.2436,3.2451,5
2026-06-19 10:16:00,3.2406,3.2406,3.2406,3.2406,3.2456,3.2456,3.2456,3.2456,1
2026-06-19 10:17:00,3.2396,3.2406,3.2396,3.2406,3.2446,3.2456,3.2446,3.2456,4
2026-06-19 10:18:00,3.2401,3.2406,3.2396,3.2401,3.2451,3.2456,3.2446,3.2451,4
2026-06-19 10:19:00,3.2396,3.2401,3.2396,3.2396,3.2446,3.2451,3.2446,3.2446,3
2026-06-19 10:20:00,3.2401,3.2406,3.2401,3.2406,3.2451,3.2456,3.2451,3.2456,6
2026-06-19 10:21:00,3.2416,3.2426,3.2416,3.2426,3.2466,3.2476,3.2466,3.2476,3
2026-06-19 10:22:00,3.2421,3.2421,3.2416,3.2416,3.2471,3.2471,3.2466,3.2466,2
2026-06-19 10:23:00,3.2426,3.2426,3.2416,3.2416,3.2476,3.2476,3.2466,3.2466,3
2026-06-19 10:24:00,3.2426,3.2426,3.2426,3.2426,3.2476,3.2476,3.2476,3.2476,1
2026-06-19 10:25:00,3.2436,3.2436,3.2431,3.2436,3.2486,3.2486,3.2481,3.2486,5
2026-06-19 10:26:00,3.2426,3.2426,3.2416,3.2426,3.2476,3.2476,3.2466,3.2476,3
2026-06-19 10:28:00,3.2436,3.2436,3.2411,3.2416,3.2486,3.2486,3.2461,3.2466,9
2026-06-19 10:29:00,3.2411,3.2416,3.2396,3.2396,3.2461,3.2466,3.2446,3.2446,9
2026-06-19 10:30:00,3.2386,3.2406,3.2386,3.2401,3.2436,3.2456,3.2436,3.2451,12
2026-06-19 10:31:00,3.2406,3.2406,3.2381,3.2386,3.2456,3.2456,3.2431,3.2436,10
2026-06-19 10:32:00,3.2376,3.2386,3.2376,3.2386,3.2426,3.2436,3.2426,3.2436,5
2026-06-19 10:33:00,3.2391,3.2401,3.2391,3.2401,3.2441,3.2451,3.2441,3.2451,5
2026-06-19 10:34:00,3.2406,3.2406,3.2396,3.2396,3.2456,3.2456,3.2446,3.2446,3
2026-06-19 10:38:00,3.2406,3.2406,3.2386,3.2386,3.2456,3.2456,3.2436,3.2436,15
2026-06-19 10:39:00,3.2391,3.2396,3.2391,3.2391,3.2441,3.2446,3.2441,3.2441,5
2026-06-19 10:40:00,3.2386,3.2391,3.2386,3.2386,3.2436,3.2441,3.2436,3.2436,3
2026-06-19 10:41:00,3.2391,3.2391,3.2386,3.2386,3.2441,3.2441,3.2436,3.2436,2
2026-06-19 10:42:00,3.2391,3.2391,3.2386,3.2386,3.2441,3.2441,3.2436,3.2436,2
2026-06-19 10:43:00,3.2396,3.2406,3.2386,3.2386,3.2446,3.2456,3.2436,3.2436,16
2026-06-19 10:44:00,3.2391,3.2406,3.2376,3.2401,3.2441,3.2456,3.2426,3.2451,7
2026-06-19 10:45:00,3.2396,3.2401,3.2396,3.2396,3.2446,3.2451,3.2446,3.2446,5
2026-06-19 10:46:00,3.2401,3.2426,3.2401,3.2406,3.2451,3.2476,3.2451,3.2456,17
2026-06-19 10:47:00,3.2396,3.2396,3.2396,3.2396,3.2446,3.2446,3.2446,3.2446,1
2026-06-19 10:48:00,3.2401,3.2406,3.2396,3.2406,3.2451,3.2456,3.2446,3.2456,3
2026-06-19 10:49:00,3.2401,3.2406,3.2396,3.2396,3.2451,3.2456,3.2446,3.2446,10
2026-06-19 10:50:00,3.2401,3.2406,3.2401,3.2406,3.2451,3.2456,3.2451,3.2456,8
2026-06-19 10:52:00,3.2416,3.2426,3.2411,3.2426,3.2466,3.2476,3.2461,3.2476,6
2026-06-19 10:55:00,3.2416,3.2416,3.2416,3.2416,3.2466,3.2466,3.2466,3.2466,1
2026-06-19 10:57:00,3.2421,3.2426,3.2421,3.2426,3.2471,3.2476,3.2471,3.2476,2
2026-06-19 10:58:00,3.2421,3.2421,3.2416,3.2416,3.2471,3.2471,3.2466,3.2466,12
2026-06-19 10:59:00,3.2421,3.2421,3.2416,3.2421,3.2471,3.2471,3.2466,3.2471,11
2026-06-19 11:00:00,3.2416,3.2416,3.2416,3.2416,3.2466,3.2466,3.2466,3.2466,1
2026-06-19 11:02:00,3.2406,3.2426,3.2406,3.2426,3.2456,3.2476,3.2456,3.2476,9
2026-06-19 11:04:00,3.2416,3.2421,3.2416,3.2421,3.2466,3.2471,3.2466,3.2471,2
2026-06-19 11:05:00,3.2416,3.2416,3.2416,3.2416,3.2466,3.2466,3.2466,3.2466,1
2026-06-19 11:06:00,3.2406,3.2416,3.2406,3.2411,3.2456,3.2466,3.2456,3.2461,9
2026-06-19 11:07:00,3.2416,3.2416,3.2416,3.2416,3.2466,3.2466,3.2466,3.2466,1
2026-06-19 11:08:00,3.2426,3.2426,3.2421,3.2421,3.2476,3.2476,3.2471,3.2471,2
2026-06-19 11:09:00,3.2426,3.2426,3.2426,3.2426,3.2476,3.2476,3.2476,3.2476,1
2026-06-19 11:11:00,3.2416,3.2426,3.2416,3.2416,3.2466,3.2476,3.2466,3.2466,12
2026-06-19 11:12:00,3.2421,3.2426,3.2421,3.2426,3.2471,3.2476,3.2471,3.2476,2
2026-06-19 11:15:00,3.2436,3.2436,3.2436,3.2436,3.2486,3.2486,3.2486,3.2486,1
2026-06-19 11:17:00,3.2431,3.2446,3.2431,3.2446,3.2481,3.2496,3.2481,3.2496,3
2026-06-19 11:20:00,3.2436,3.2436,3.2436,3.2436,3.2486,3.2486,3.2486,3.2486,1
2026-06-19 11:21:00,3.2446,3.2446,3.2436,3.2436,3.2496,3.2496,3.2486,3.2486,5
2026-06-19 11:22:00,3.2441,3.2446,3.2441,3.2446,3.2491,3.2496,3.2491,3.2496,6
2026-06-19 11:23:00,3.2436,3.2456,3.2436,3.2446,3.2486,3.2506,3.2486,3.2496,6
2026-06-19 11:24:00,3.2456,3.2456,3.2446,3.2446,3.2506,3.2506,3.2496,3.2496,5
2026-06-19 11:25:00,3.2436,3.2466,3.2436,3.2456,3.2486,3.2516,3.2486,3.2506,8
2026-06-19 11:26:00,3.2446,3.2456,3.2446,3.2456,3.2496,3.2506,3.2496,3.2506,2
2026-06-19 11:28:00,3.2446,3.2446,3.2446,3.2446,3.2496,3.2496,3.2496,3.2496,1
2026-06-19 11:29:00,3.2456,3.2461,3.2456,3.2461,3.2506,3.2511,3.2506,3.2511,4
2026-06-19 11:30:00,3.2456,3.2456,3.2446,3.2446,3.2506,3.2506,3.2496,3.2496,6
2026-06-19 11:31:00,3.2456,3.2456,3.2456,3.2456,3.2506,3.2506,3.2506,3.2506,1
2026-06-19 11:32:00,3.2446,3.2456,3.2446,3.2456,3.2496,3.2506,3.2496,3.2506,8
2026-06-19 11:33:00,3.2451,3.2456,3.2446,3.2456,3.2501,3.2506,3.2496,3.2506,13
2026-06-19 11:34:00,3.2461,3.2476,3.2456,3.2461,3.2511,3.2526,3.2506,3.2511,8
2026-06-19 11:35:00,3.2456,3.2461,3.2456,3.2456,3.2506,3.2511,3.2506,3.2506,3
2026-06-19 11:37:00,3.2461,3.2466,3.2461,3.2466,3.2511,3.2516,3.2511,3.2516,2
2026-06-19 11:38:00,3.2456,3.2466,3.2456,3.2466,3.2506,3.2516,3.2506,3.2516,9
2026-06-19 11:40:00,3.2456,3.2466,3.2446,3.2446,3.2506,3.2516,3.2496,3.2496,4
2026-06-19 11:41:00,3.2441,3.2446,3.2441,3.2446,3.2491,3.2496,3.2491,3.2496,2
2026-06-19 11:42:00,3.2456,3.2456,3.2446,3.2446,3.2506,3.2506,3.2496,3.2496,7
2026-06-19 11:43:00,3.2456,3.2456,3.2446,3.2446,3.2506,3.2506,3.2496,3.2496,5
2026-06-19 11:44:00,3.2456,3.2471,3.2446,3.2446,3.2506,3.2521,3.2496,3.2496,6
2026-06-19 11:45:00,3.2456,3.2456,3.2446,3.2446,3.2506,3.2506,3.2496,3.2496,4
2026-06-19 11:51:00,3.2461,3.2476,3.2456,3.2466,3.2511,3.2526,3.2506,3.2516,13
2026-06-19 11:53:00,3.2476,3.2496,3.2476,3.2496,3.2526,3.2546,3.2526,3.2546,6
2026-06-19 11:55:00,3.2486,3.2506,3.2486,3.2506,3.2536,3.2556,3.2536,3.2556,3
2026-06-19 11:56:00,3.2511,3.2526,3.2511,3.2516,3.2561,3.2576,3.2561,3.2566,5
2026-06-19 11:57:00,3.2511,3.2511,3.2491,3.2496,3.2561,3.2561,3.2541,3.2546,4
2026-06-19 11:58:00,3.2506,3.2516,3.2501,3.2516,3.2556,3.2566,3.2551,3.2566,8
2026-06-19 11:59:00,3.2506,3.2516,3.2506,3.2516,3.2556,3.2566,3.2556,3.2566,3
2026-06-19 12:00:00,3.2511,3.2526,3.2511,3.2526,3.2561,3.2576,3.2561,3.2576,4
2026-06-19 12:01:00,3.2536,3.2546,3.2526,3.2546,3.2586,3.2596,3.2576,3.2596,5
2026-06-19 12:02:00,3.2536,3.2556,3.2536,3.2546,3.2586,3.2606,3.2586,3.2596,9
2026-06-19 12:03:00,3.2536,3.2536,3.2526,3.2536,3.2586,3.2586,3.2576,3.2586,8
2026-06-19 12:04:00,3.2531,3.2536,3.2506,3.2506,3.2581,3.2586,3.2556,3.2556,11
2026-06-19 12:05:00,3.2516,3.2516,3.2506,3.2516,3.2566,3.2566,3.2556,3.2566,8
2026-06-19 12:06:00,3.2526,3.2526,3.2516,3.2516,3.2576,3.2576,3.2566,3.2566,5
2026-06-19 12:07:00,3.2521,3.2536,3.2516,3.2536,3.2571,3.2586,3.2566,3.2586,7
2026-06-19 12:09:00,3.2546,3.2546,3.2536,3.2546,3.2596,3.2596,3.2586,3.2596,3
2026-06-19 12:10:00,3.2536,3.2536,3.2536,3.2536,3.2586,3.2586,3.2586,3.2586,1
2026-06-19 12:11:00,3.2526,3.2536,3.2526,3.2536,3.2576,3.2586,3.2576,3.2586,2
2026-06-19 12:13:00,3.2526,3.2536,3.2526,3.2531,3.2576,3.2586,3.2576,3.2581,4
2026-06-19 12:14:00,3.2526,3.2561,3.2526,3.2556,3.2576,3.2611,3.2576,3.2606,14
2026-06-19 12:15:00,3.2561,3.2566,3.2556,3.2566,3.2611,3.2616,3.2606,3.2616,11
2026-06-19 12:16:00,3.2556,3.2556,3.2556,3.2556,3.2606,3.2606,3.2606,3.2606,1
2026-06-19 12:19:00,3.2546,3.2546,3.2546,3.2546,3.2596,3.2596,3.2596,3.2596,1
2026-06-19 12:20:00,3.2541,3.2546,3.2536,3.2546,3.2591,3.2596,3.2586,3.2596,3
2026-06-19 12:21:00,3.2551,3.2551,3.2546,3.2546,3.2601,3.2601,3.2596,3.2596,2
2026-06-19 12:22:00,3.2551,3.2556,3.2546,3.2551,3.2601,3.2606,3.2596,3.2601,4
2026-06-19 12:23:00,3.2546,3.2556,3.2546,3.2556,3.2596,3.2606,3.2596,3.2606,6
2026-06-19 12:24:00,3.2546,3.2546,3.2536,3.2541,3.2596,3.2596,3.2586,3.2591,7
2026-06-19 12:25:00,3.2536,3.2546,3.2536,3.2546,3.2586,3.2596,3.2586,3.2596,3
2026-06-19 12:28:00,3.2556,3.2556,3.2536,3.2546,3.2606,3.2606,3.2586,3.2596,8
2026-06-19 12:30:00,3.2556,3.2556,3.2546,3.2546,3.2606,3.2606,3.2596,3.2596,2
2026-06-19 12:31:00,3.2541,3.2541,3.2526,3.2526,3.2591,3.2591,3.2576,3.2576,2
2026-06-19 12:32:00,3.2516,3.2531,3.2496,3.2506,3.2566,3.2581,3.2546,3.2556,13
2026-06-19 12:33:00,3.2516,3.2516,3.2506,3.2511,3.2566,3.2566,3.2556,3.2561,8
2026-06-19 12:34:00,3.2516,3.2516,3.2496,3.2506,3.2566,3.2566,3.2546,3.2556,4
2026-06-19 12:35:00,3.2496,3.2516,3.2496,3.2516,3.2546,3.2566,3.2546,3.2566,16
2026-06-19 12:36:00,3.2526,3.2536,3.2516,3.2536,3.2576,3.2586,3.2566,3.2586,10
2026-06-19 12:37:00,3.2531,3.2536,3.2531,3.2536,3.2581,3.2586,3.2581,3.2586,2
2026-06-19 12:39:00,3.2546,3.2546,3.2546,3.2546,3.2596,3.2596,3.2596,3.2596,1
2026-06-19 12:40:00,3.2551,3.2576,3.2536,3.2576,3.2601,3.2626,3.2586,3.2626,9
2026-06-19 12:42:00,3.2566,3.2566,3.2556,3.2566,3.2616,3.2616,3.2606,3.2616,13
2026-06-19 12:43:00,3.2561,3.2561,3.2541,3.2556,3.2611,3.2611,3.2591,3.2606,14
2026-06-19 12:44:00,3.2551,3.2551,3.2546,3.2546,3.2601,3.2601,3.2596,3.2596,18
2026-06-19 12:45:00,3.2551,3.2556,3.2536,3.2546,3.2601,3.2606,3.2586,3.2596,9
2026-06-19 12:46:00,3.2536,3.2546,3.2516,3.2526,3.2586,3.2596,3.2566,3.2576,23
2026-06-19 12:47:00,3.2521,3.2521,3.2496,3.2516,3.2571,3.2571,3.2546,3.2566,15
2026-06-19 12:49:00,3.2526,3.2526,3.2516,3.2516,3.2576,3.2576,3.2566,3.2566,2
2026-06-19 12:50:00,3.2521,3.2526,3.2511,3.2516,3.2571,3.2576,3.2561,3.2566,16
2026-06-19 12:51:00,3.2511,3.2511,3.2506,3.2506,3.2561,3.2561,3.2556,3.2556,2
2026-06-19 12:52:00,3.2501,3.2501,3.2456,3.2476,3.2551,3.2551,3.2506,3.2526,18
2026-06-19 12:53:00,3.2471,3.2486,3.2466,3.2476,3.2521,3.2536,3.2516,3.2526,7
2026-06-19 12:54:00,3.2481,3.2486,3.2476,3.2476,3.2531,3.2536,3.2526,3.2526,5
2026-06-19 12:55:00,3.2481,3.2486,3.2476,3.2481,3.2531,3.2536,3.2526,3.2531,6
2026-06-19 12:56:00,3.2486,3.2556,3.2476,3.2551,3.2536,3.2606,3.2526,3.2601,24
2026-06-19 12:57:00,3.2556,3.2556,3.2536,3.2536,3.2606,3.2606,3.2586,3.2586,15
2026-06-19 12:58:00,3.2526,3.2526,3.2516,3.2516,3.2576,3.2576,3.2566,3.2566,5
2026-06-19 12:59:00,3.2521,3.2521,3.2516,3.2516,3.2571,3.2571,3.2566,3.2566,4
2026-06-19 13:00:00,3.2526,3.2586,3.2516,3.2586,3.2576,3.2636,3.2566,3.2636,23
2026-06-19 13:01:00,3.2576,3.2576,3.2566,3.2576,3.2626,3.2626,3.2616,3.2626,12
2026-06-19 13:02:00,3.2571,3.2571,3.2556,3.2556,3.2621,3.2621,3.2606,3.2606,3
2026-06-19 13:04:00,3.2546,3.2566,3.2546,3.2566,3.2596,3.2616,3.2596,3.2616,10
2026-06-19 13:05:00,3.2576,3.2581,3.2566,3.2576,3.2626,3.2631,3.2616,3.2626,5
2026-06-19 13:06:00,3.2586,3.2586,3.2576,3.2576,3.2636,3.2636,3.2626,3.2626,4
2026-06-19 13:07:00,3.2586,3.2616,3.2586,3.2606,3.2636,3.2666,3.2636,3.2656,16
2026-06-19 13:08:00,3.2611,3.2616,3.2596,3.2606,3.2661,3.2666,3.2646,3.2656,17
2026-06-19 13:09:00,3.2616,3.2646,3.2616,3.2636,3.2666,3.2696,3.2666,3.2686,12
2026-06-19 13:10:00,3.2626,3.2636,3.2596,3.2596,3.2676,3.2686,3.2646,3.2646,10
2026-06-19 13:11:00,3.2586,3.2596,3.2566,3.2591,3.2636,3.2646,3.2616,3.2641,15
2026-06-19 13:12:00,3.2596,3.2601,3.2586,3.2591,3.2646,3.2651,3.2636,3.2641,17
2026-06-19 13:13:00,3.2586,3.2596,3.2586,3.2591,3.2636,3.2646,3.2636,3.2641,10
2026-06-19 13:14:00,3.2586,3.2591,3.2576,3.2576,3.2636,3.2641,3.2626,3.2626,7
2026-06-19 13:15:00,3.2566,3.2566,3.2561,3.2566,3.2616,3.2616,3.2611,3.2616,5
2026-06-19 13:16:00,3.2576,3.2576,3.2566,3.2566,3.2626,3.2626,3.2616,3.2616,8
2026-06-19 13:17:00,3.2571,3.2586,3.2556,3.2576,3.2621,3.2636,3.2606,3.2626,28
2026-06-19 13:18:00,3.2566,3.2566,3.2556,3.2556,3.2616,3.2616,3.2606,3.2606,2
2026-06-19 13:19:00,3.2561,3.2571,3.2561,3.2571,3.2611,3.2621,3.2611,3.2621,5
2026-06-19 13:20:00,3.2566,3.2571,3.2526,3.2566,3.2616,3.2621,3.2576,3.2616,17
2026-06-19 13:21:00,3.2571,3.2586,3.2566,3.2566,3.2621,3.2636,3.2616,3.2616,11
2026-06-19 13:22:00,3.2571,3.2571,3.2566,3.2566,3.2621,3.2621,3.2616,3.2616,4
2026-06-19 13:23:00,3.2571,3.2576,3.2571,3.2571,3.2621,3.2626,3.2621,3.2621,3
2026-06-19 13:24:00,3.2576,3.2576,3.2566,3.2576,3.2626,3.2626,3.2616,3.2626,11
2026-06-19 13:26:00,3.2571,3.2576,3.2566,3.2576,3.2621,3.2626,3.2616,3.2626,4
2026-06-19 13:27:00,3.2566,3.2576,3.2566,3.2571,3.2616,3.2626,3.2616,3.2621,3
2026-06-19 13:28:00,3.2576,3.2656,3.2576,3.2646,3.2626,3.2706,3.2626,3.2696,24
2026-06-19 13:29:00,3.2651,3.2656,3.2636,3.2646,3.2701,3.2706,3.2686,3.2696,9
2026-06-19 13:30:00,3.2651,3.2656,3.2626,3.2646,3.2701,3.2706,3.2676,3.2696,20
2026-06-19 13:31:00,3.2631,3.2636,3.2621,3.2626,3.2681,3.2686,3.2671,3.2676,6
2026-06-19 13:32:00,3.2631,3.2666,3.2631,3.2656,3.2681,3.2716,3.2681,3.2706,10
2026-06-19 13:33:00,3.2646,3.2656,3.2646,3.2656,3.2696,3.2706,3.2696,3.2706,6
2026-06-19 13:34:00,3.2666,3.2706,3.2636,3.2646,3.2716,3.2756,3.2686,3.2696,19
2026-06-19 13:35:00,3.2651,3.2651,3.2611,3.2611,3.2701,3.2701,3.2661,3.2661,25
2026-06-19 13:36:00,3.2616,3.2636,3.2616,3.2636,3.2666,3.2686,3.2666,3.2686,11
2026-06-19 13:37:00,3.2641,3.2716,3.2596,3.2616,3.2691,3.2766,3.2646,3.2666,46
2026-06-19 13:38:00,3.2601,3.2601,3.2506,3.2546,3.2651,3.2651,3.2556,3.2596,38
2026-06-19 13:39:00,3.2536,3.2541,3.2536,3.2536,3.2586,3.2591,3.2586,3.2586,3
2026-06-19 13:40:00,3.2546,3.2556,3.2516,3.2516,3.2596,3.2606,3.2566,3.2566,13
2026-06-19 13:41:00,3.2521,3.2521,3.2396,3.2416,3.2571,3.2571,3.2446,3.2466,40
2026-06-19 13:42:00,3.2426,3.2446,3.2416,3.2441,3.2476,3.2496,3.2466,3.2491,23
2026-06-19 13:43:00,3.2436,3.2466,3.2436,3.2456,3.2486,3.2516,3.2486,3.2506,23
2026-06-19 13:44:00,3.2446,3.2446,3.2416,3.2421,3.2496,3.2496,3.2466,3.2471,18
2026-06-19 13:45:00,3.2426,3.2426,3.2406,3.2416,3.2476,3.2476,3.2456,3.2466,23
2026-06-19 13:46:00,3.2426,3.2466,3.2426,3.2466,3.2476,3.2516,3.2476,3.2516,13
2026-06-19 13:47:00,3.2456,3.2476,3.2456,3.2456,3.2506,3.2526,3.2506,3.2506,23
2026-06-19 13:48:00,3.2446,3.2451,3.2441,3.2446,3.2496,3.2501,3.2491,3.2496,9
2026-06-19 13:49:00,3.2441,3.2446,3.2441,3.2446,3.2491,3.2496,3.2491,3.2496,2
2026-06-19 13:50:00,3.2441,3.2456,3.2431,3.2446,3.2491,3.2506,3.2481,3.2496,18
2026-06-19 13:51:00,3.2456,3.2456,3.2436,3.2456,3.2506,3.2506,3.2486,3.2506,8
2026-06-19 13:52:00,3.2461,3.2476,3.2461,3.2476,3.2511,3.2526,3.2511,3.2526,15
2026-06-19 13:53:00,3.2481,3.2496,3.2476,3.2496,3.2531,3.2546,3.2526,3.2546,16
2026-06-19 13:54:00,3.2506,3.2506,3.2491,3.2496,3.2556,3.2556,3.2541,3.2546,6
2026-06-19 13:55:00,3.2491,3.2496,3.2486,3.2496,3.2541,3.2546,3.2536,3.2546,10
2026-06-19 13:56:00,3.2491,3.2491,3.2406,3.2426,3.2541,3.2541,3.2456,3.2476,41
2026-06-19 13:57:00,3.2421,3.2436,3.2416,3.2416,3.2471,3.2486,3.2466,3.2466,19
2026-06-19 13:58:00,3.2406,3.2426,3.2406,3.2421,3.2456,3.2476,3.2456,3.2471,9
2026-06-19 13:59:00,3.2426,3.2436,3.2416,3.2431,3.2476,3.2486,3.2466,3.2481,19
2026-06-19 14:00:00,3.2436,3.2446,3.2421,3.2436,3.2486,3.2496,3.2471,3.2486,25
2026-06-19 14:01:00,3.2431,3.2446,3.2421,3.2421,3.2481,3.2496,3.2471,3.2471,10
2026-06-19 14:02:00,3.2416,3.2436,3.2396,3.2431,3.2466,3.2486,3.2446,3.2481,24
2026-06-19 14:03:00,3.2421,3.2436,3.2396,3.2411,3.2471,3.2486,3.2446,3.2461,28
2026-06-19 14:04:00,3.2401,3.2426,3.2396,3.2416,3.2451,3.2476,3.2446,3.2466,9
2026-06-19 14:05:00,3.2426,3.2436,3.2396,3.2396,3.2476,3.2486,3.2446,3.2446,14
2026-06-19 14:06:00,3.2391,3.2391,3.2376,3.2381,3.2441,3.2441,3.2426,3.2431,21
2026-06-19 14:07:00,3.2386,3.2391,3.2356,3.2386,3.2436,3.2441,3.2406,3.2436,21
2026-06-19 14:08:00,3.2396,3.2406,3.2376,3.2401,3.2446,3.2456,3.2426,3.2451,17
2026-06-19 14:09:00,3.2406,3.2416,3.2396,3.2396,3.2456,3.2466,3.2446,3.2446,11
2026-06-19 14:10:00,3.2386,3.2386,3.2366,3.2366,3.2436,3.2436,3.2416,3.2416,4
2026-06-19 14:11:00,3.2361,3.2366,3.2346,3.2361,3.2411,3.2416,3.2396,3.2411,10
2026-06-19 14:12:00,3.2351,3.2356,3.2336,3.2346,3.2401,3.2406,3.2386,3.2396,9
2026-06-19 14:13:00,3.2356,3.2356,3.2336,3.2336,3.2406,3.2406,3.2386,3.2386,5
2026-06-19 14:14:00,3.2326,3.2356,3.2301,3.2356,3.2376,3.2406,3.2351,3.2406,22
2026-06-19 14:15:00,3.2346,3.2356,3.2346,3.2356,3.2396,3.2406,3.2396,3.2406,5
2026-06-19 14:16:00,3.2351,3.2356,3.2346,3.2356,3.2401,3.2406,3.2396,3.2406,4
2026-06-19 14:17:00,3.2366,3.2376,3.2356,3.2371,3.2416,3.2426,3.2406,3.2421,13
2026-06-19 14:18:00,3.2376,3.2376,3.2366,3.2366,3.2426,3.2426,3.2416,3.2416,3
2026-06-19 14:19:00,3.2356,3.2356,3.2316,3.2316,3.2406,3.2406,3.2366,3.2366,16
2026-06-19 14:20:00,3.2301,3.2301,3.2226,3.2226,3.2351,3.2351,3.2276,3.2276,26
2026-06-19 14:21:00,3.2231,3.2256,3.2231,3.2256,3.2281,3.2306,3.2281,3.2306,6
2026-06-19 14:22:00,3.2266,3.2266,3.2236,3.2256,3.2316,3.2316,3.2286,3.2306,12
2026-06-19 14:23:00,3.2266,3.2266,3.2246,3.2266,3.2316,3.2316,3.2296,3.2316,27
2026-06-19 14:24:00,3.2261,3.2266,3.2256,3.2256,3.2311,3.2316,3.2306,3.2306,7
2026-06-19 14:25:00,3.2246,3.2286,3.2246,3.2286,3.2296,3.2336,3.2296,3.2336,19
2026-06-19 14:26:00,3.2276,3.2286,3.2251,3.2261,3.2326,3.2336,3.2301,3.2311,18
2026-06-19 14:27:00,3.2266,3.2276,3.2261,3.2266,3.2316,3.2326,3.2311,3.2316,5
2026-06-19 14:28:00,3.2276,3.2286,3.2261,3.2266,3.2326,3.2336,3.2311,3.2316,9
2026-06-19 14:29:00,3.2256,3.2286,3.2246,3.2286,3.2306,3.2336,3.2296,3.2336,16
2026-06-19 14:30:00,3.2276,3.2356,3.2276,3.2356,3.2326,3.2406,3.2326,3.2406,35
2026-06-19 14:31:00,3.2366,3.2406,3.2366,3.2406,3.2416,3.2456,3.2416,3.2456,20
2026-06-19 14:32:00,3.2411,3.2446,3.2406,3.2426,3.2461,3.2496,3.2456,3.2476,34
2026-06-19 14:33:00,3.2416,3.2446,3.2406,3.2446,3.2466,3.2496,3.2456,3.2496,37
2026-06-19 14:34:00,3.2436,3.2471,3.2436,3.2456,3.2486,3.2521,3.2486,3.2506,13
2026-06-19 14:35:00,3.2466,3.2486,3.2451,3.2476,3.2516,3.2536,3.2501,3.2526,26
2026-06-19 14:36:00,3.2486,3.2531,3.2471,3.2526,3.2536,3.2581,3.2521,3.2576,28
2026-06-19 14:37:00,3.2536,3.2626,3.2536,3.2606,3.2586,3.2676,3.2586,3.2656,99
2026-06-19 14:38:00,3.2601,3.2606,3.2556,3.2566,3.2651,3.2656,3.2606,3.2616,56
2026-06-19 14:39:00,3.2561,3.2576,3.2556,3.2566,3.2611,3.2626,3.2606,3.2616,8
2026-06-19 14:40:00,3.2576,3.2586,3.2541,3.2566,3.2626,3.2636,3.2591,3.2616,39
2026-06-19 14:41:00,3.2556,3.2586,3.2546,3.2566,3.2606,3.2636,3.2596,3.2616,33
2026-06-19 14:42:00,3.2561,3.2566,3.2526,3.2536,3.2611,3.2616,3.2576,3.2586,25
2026-06-19 14:43:00,3.2541,3.2556,3.2536,3.2556,3.2591,3.2606,3.2586,3.2606,18
2026-06-19 14:44:00,3.2566,3.2576,3.2556,3.2566,3.2616,3.2626,3.2606,3.2616,10
2026-06-19 14:45:00,3.2561,3.2606,3.2556,3.2591,3.2611,3.2656,3.2606,3.2641,23
2026-06-19 14:46:00,3.2596,3.2636,3.2596,3.2636,3.2646,3.2686,3.2646,3.2686,15
2026-06-19 14:47:00,3.2631,3.2636,3.2616,3.2626,3.2681,3.2686,3.2666,3.2676,22
2026-06-19 14:48:00,3.2621,3.2646,3.2596,3.2606,3.2671,3.2696,3.2646,3.2656,23
2026-06-19 14:49:00,3.2616,3.2616,3.2576,3.2606,3.2666,3.2666,3.2626,3.2656,26
2026-06-19 14:50:00,3.2601,3.2601,3.2526,3.2531,3.2651,3.2651,3.2576,3.2581,52
2026-06-19 14:51:00,3.2536,3.2536,3.2456,3.2476,3.2586,3.2586,3.2506,3.2526,78
2026-06-19 14:52:00,3.2481,3.2496,3.2376,3.2391,3.2531,3.2546,3.2426,3.2441,81
2026-06-19 14:53:00,3.2396,3.2486,3.2376,3.2486,3.2446,3.2536,3.2426,3.2536,62
2026-06-19 14:54:00,3.2476,3.2486,3.2456,3.2476,3.2526,3.2536,3.2506,3.2526,26
2026-06-19 14:55:00,3.2466,3.2506,3.2466,3.2506,3.2516,3.2556,3.2516,3.2556,26
2026-06-19 14:56:00,3.2496,3.2496,3.2456,3.2476,3.2546,3.2546,3.2506,3.2526,21
2026-06-19 14:57:00,3.2471,3.2476,3.2466,3.2466,3.2521,3.2526,3.2516,3.2516,16
2026-06-19 14:58:00,3.2471,3.2486,3.2466,3.2486,3.2521,3.2536,3.2516,3.2536,19
2026-06-19 14:59:00,3.2481,3.2496,3.2481,3.2496,3.2531,3.2546,3.2531,3.2546,22
2026-06-19 15:00:00,3.2506,3.2546,3.2486,3.2526,3.2556,3.2596,3.2536,3.2576,67
2026-06-19 15:01:00,3.2521,3.2546,3.2521,3.2546,3.2571,3.2596,3.2571,3.2596,18
2026-06-19 15:02:00,3.2536,3.2556,3.2526,3.2546,3.2586,3.2606,3.2576,3.2596,30
2026-06-19 15:03:00,3.2556,3.2556,3.2506,3.2516,3.2606,3.2606,3.2556,3.2566,23
2026-06-19 15:04:00,3.2521,3.2521,3.2506,3.2516,3.2571,3.2571,3.2556,3.2566,25
2026-06-19 15:05:00,3.2506,3.2556,3.2506,3.2556,3.2556,3.2606,3.2556,3.2606,23
2026-06-19 15:06:00,3.2566,3.2596,3.2556,3.2596,3.2616,3.2646,3.2606,3.2646,23
2026-06-19 15:07:00,3.2586,3.2616,3.2576,3.2596,3.2636,3.2666,3.2626,3.2646,20
2026-06-19 15:08:00,3.2606,3.2611,3.2556,3.2561,3.2656,3.2661,3.2606,3.2611,26
2026-06-19 15:09:00,3.2566,3.2566,3.2546,3.2546,3.2616,3.2616,3.2596,3.2596,8
2026-06-19 15:10:00,3.2556,3.2601,3.2556,3.2596,3.2606,3.2651,3.2606,3.2646,22
2026-06-19 15:11:00,3.2586,3.2611,3.2576,3.2611,3.2636,3.2661,3.2626,3.2661,23
2026-06-19 15:12:00,3.2616,3.2646,3.2606,3.2646,3.2666,3.2696,3.2656,3.2696,18
2026-06-19 15:13:00,3.2641,3.2646,3.2626,3.2646,3.2691,3.2696,3.2676,3.2696,26
2026-06-19 15:14:00,3.2656,3.2676,3.2646,3.2656,3.2706,3.2726,3.2696,3.2706,22
2026-06-19 15:15:00,3.2646,3.2686,3.2626,3.2661,3.2696,3.2736,3.2676,3.2711,36
2026-06-19 15:16:00,3.2656,3.2676,3.2646,3.2646,3.2706,3.2726,3.2696,3.2696,30
2026-06-19 15:17:00,3.2656,3.2656,3.2606,3.2626,3.2706,3.2706,3.2656,3.2676,44
2026-06-19 15:18:00,3.2616,3.2626,3.2616,3.2621,3.2666,3.2676,3.2666,3.2671,25
2026-06-19 15:19:00,3.2626,3.2636,3.2616,3.2626,3.2676,3.2686,3.2666,3.2676,14
2026-06-19 15:20:00,3.2636,3.2656,3.2626,3.2646,3.2686,3.2706,3.2676,3.2696,11
2026-06-19 15:21:00,3.2636,3.2656,3.2636,3.2656,3.2686,3.2706,3.2686,3.2706,13
2026-06-19 15:22:00,3.2661,3.2686,3.2656,3.2666,3.2711,3.2736,3.2706,3.2716,20
2026-06-19 15:23:00,3.2661,3.2671,3.2646,3.2656,3.2711,3.2721,3.2696,3.2706,24
2026-06-19 15:24:00,3.2661,3.2686,3.2656,3.2686,3.2711,3.2736,3.2706,3.2736,7
2026-06-19 15:25:00,3.2696,3.2791,3.2696,3.2751,3.2746,3.2841,3.2746,3.2801,79
2026-06-19 15:26:00,3.2756,3.2756,3.2731,3.2736,3.2806,3.2806,3.2781,3.2786,15
2026-06-19 15:27:00,3.2746,3.2746,3.2726,3.2736,3.2796,3.2796,3.2776,3.2786,9
2026-06-19 15:28:00,3.2746,3.2756,3.2746,3.2746,3.2796,3.2806,3.2796,3.2796,3
2026-06-19 15:29:00,3.2756,3.2766,3.2751,3.2756,3.2806,3.2816,3.2801,3.2806,11
2026-06-19 15:30:00,3.2751,3.2806,3.2726,3.2801,3.2801,3.2856,3.2776,3.2851,50
2026-06-19 15:31:00,3.2796,3.2801,3.2766,3.2766,3.2846,3.2851,3.2816,3.2816,23
2026-06-19 15:32:00,3.2776,3.2786,3.2771,3.2786,3.2826,3.2836,3.2821,3.2836,22
2026-06-19 15:33:00,3.2791,3.2846,3.2791,3.2816,3.2841,3.2896,3.2841,3.2866,18
2026-06-19 15:34:00,3.2821,3.2821,3.2806,3.2811,3.2871,3.2871,3.2856,3.2861,19
2026-06-19 15:35:00,3.2816,3.2821,3.2786,3.2791,3.2866,3.2871,3.2836,3.2841,24
2026-06-19 15:36:00,3.2796,3.2826,3.2796,3.2806,3.2846,3.2876,3.2846,3.2856,32
2026-06-19 15:37:00,3.2811,3.2831,3.2796,3.2796,3.2861,3.2881,3.2846,3.2846,14
2026-06-19 15:38:00,3.2801,3.2811,3.2796,3.2796,3.2851,3.2861,3.2846,3.2846,33
2026-06-19 15:39:00,3.2801,3.2826,3.2786,3.2826,3.2851,3.2876,3.2836,3.2876,17
2026-06-19 15:40:00,3.2831,3.2896,3.2831,3.2876,3.2881,3.2946,3.2881,3.2926,56
2026-06-19 15:41:00,3.2881,3.2916,3.2866,3.2896,3.2931,3.2966,3.2916,3.2946,18
2026-06-19 15:42:00,3.2886,3.2901,3.2876,3.2896,3.2936,3.2951,3.2926,3.2946,14
2026-06-19 15:43:00,3.2886,3.2911,3.2886,3.2896,3.2936,3.2961,3.2936,3.2946,12
2026-06-19 15:44:00,3.2906,3.2916,3.2896,3.2906,3.2956,3.2966,3.2946,3.2956,26
2026-06-19 15:45:00,3.2896,3.2906,3.2856,3.2856,3.2946,3.2956,3.2906,3.2906,58
2026-06-19 15:46:00,3.2861,3.2866,3.2806,3.2811,3.2911,3.2916,3.2856,3.2861,29
2026-06-19 15:47:00,3.2816,3.2826,3.2716,3.2726,3.2866,3.2876,3.2766,3.2776,45
2026-06-19 15:48:00,3.2731,3.2746,3.2656,3.2656,3.2781,3.2796,3.2706,3.2706,45
2026-06-19 15:49:00,3.2666,3.2686,3.2651,3.2676,3.2716,3.2736,3.2701,3.2726,32
2026-06-19 15:50:00,3.2686,3.2686,3.2646,3.2656,3.2736,3.2736,3.2696,3.2706,22
2026-06-19 15:51:00,3.2646,3.2676,3.2646,3.2671,3.2696,3.2726,3.2696,3.2721,24
2026-06-19 15:52:00,3.2666,3.2666,3.2626,3.2636,3.2716,3.2716,3.2676,3.2686,32
2026-06-19 15:53:00,3.2641,3.2666,3.2576,3.2576,3.2691,3.2716,3.2626,3.2626,44
2026-06-19 15:54:00,3.2586,3.2611,3.2546,3.2556,3.2636,3.2661,3.2596,3.2606,33
2026-06-19 15:55:00,3.2551,3.2556,3.2491,3.2536,3.2601,3.2606,3.2541,3.2586,42
2026-06-19 15:56:00,3.2541,3.2556,3.2506,3.2536,3.2591,3.2606,3.2556,3.2586,55
2026-06-19 15:57:00,3.2526,3.2566,3.2516,3.2546,3.2576,3.2616,3.2566,3.2596,50
2026-06-19 15:58:00,3.2556,3.2566,3.2546,3.2566,3.2606,3.2616,3.2596,3.2616,19
2026-06-19 15:59:00,3.2576,3.2586,3.2496,3.2506,3.2626,3.2636,3.2546,3.2556,47
2026-06-19 16:00:00,3.2516,3.2571,3.2511,3.2566,3.2566,3.2621,3.2561,3.2616,23
2026-06-19 16:01:00,3.2556,3.2571,3.2546,3.2556,3.2606,3.2621,3.2596,3.2606,31
2026-06-19 16:02:00,3.2551,3.2556,3.2516,3.2516,3.2601,3.2606,3.2566,3.2566,12
2026-06-19 16:03:00,3.2511,3.2526,3.2496,3.2506,3.2561,3.2576,3.2546,3.2556,11
2026-06-19 16:04:00,3.2511,3.2521,3.2506,3.2506,3.2561,3.2571,3.2556,3.2556,6
2026-06-19 16:05:00,3.2496,3.2526,3.2486,3.2501,3.2546,3.2576,3.2536,3.2551,37
2026-06-19 16:06:00,3.2506,3.2516,3.2441,3.2456,3.2556,3.2566,3.2491,3.2506,32
2026-06-19 16:07:00,3.2451,3.2456,3.2431,3.2456,3.2501,3.2506,3.2481,3.2506,40
2026-06-19 16:08:00,3.2451,3.2451,3.2416,3.2446,3.2501,3.2501,3.2466,3.2496,59
2026-06-19 16:09:00,3.2456,3.2476,3.2446,3.2466,3.2506,3.2526,3.2496,3.2516,27
2026-06-19 16:10:00,3.2471,3.2476,3.2426,3.2451,3.2521,3.2526,3.2476,3.2501,34
2026-06-19 16:11:00,3.2446,3.2446,3.2426,3.2436,3.2496,3.2496,3.2476,3.2486,36
2026-06-19 16:12:00,3.2426,3.2436,3.2416,3.2431,3.2476,3.2486,3.2466,3.2481,21
2026-06-19 16:13:00,3.2426,3.2456,3.2426,3.2456,3.2476,3.2506,3.2476,3.2506,23
2026-06-19 16:14:00,3.2466,3.2466,3.2456,3.2456,3.2516,3.2516,3.2506,3.2506,13
2026-06-19 16:15:00,3.2451,3.2451,3.2426,3.2441,3.2501,3.2501,3.2476,3.2491,19
2026-06-19 16:16:00,3.2446,3.2446,3.2426,3.2436,3.2496,3.2496,3.2476,3.2486,25
2026-06-19 16:17:00,3.2431,3.2446,3.2416,3.2421,3.2481,3.2496,3.2466,3.2471,34
2026-06-19 16:18:00,3.2416,3.2421,3.2406,3.2406,3.2466,3.2471,3.2456,3.2456,8
2026-06-19 16:19:00,3.2401,3.2411,3.2401,3.2406,3.2451,3.2461,3.2451,3.2456,8
2026-06-19 16:20:00,3.2411,3.2426,3.2396,3.2416,3.2461,3.2476,3.2446,3.2466,25
2026-06-19 16:21:00,3.2406,3.2406,3.2366,3.2366,3.2456,3.2456,3.2416,3.2416,25
2026-06-19 16:22:00,3.2376,3.2376,3.2356,3.2366,3.2426,3.2426,3.2406,3.2416,8
2026-06-19 16:23:00,3.2376,3.2396,3.2376,3.2386,3.2426,3.2446,3.2426,3.2436,16
2026-06-19 16:24:00,3.2391,3.2396,3.2366,3.2396,3.2441,3.2446,3.2416,3.2446,25
2026-06-19 16:25:00,3.2406,3.2406,3.2366,3.2396,3.2456,3.2456,3.2416,3.2446,19
2026-06-19 16:26:00,3.2406,3.2406,3.2376,3.2386,3.2456,3.2456,3.2426,3.2436,23
2026-06-19 16:27:00,3.2396,3.2396,3.2366,3.2366,3.2446,3.2446,3.2416,3.2416,23
2026-06-19 16:28:00,3.2356,3.2396,3.2356,3.2396,3.2406,3.2446,3.2406,3.2446,16
2026-06-19 16:29:00,3.2391,3.2396,3.2376,3.2386,3.2441,3.2446,3.2426,3.2436,17
2026-06-19 16:30:00,3.2396,3.2436,3.2396,3.2416,3.2446,3.2486,3.2446,3.2466,17
2026-06-19 16:31:00,3.2421,3.2436,3.2416,3.2426,3.2471,3.2486,3.2466,3.2476,39
2026-06-19 16:32:00,3.2436,3.2446,3.2356,3.2376,3.2486,3.2496,3.2406,3.2426,35
2026-06-19 16:33:00,3.2371,3.2386,3.2361,3.2376,3.2421,3.2436,3.2411,3.2426,26
2026-06-19 16:34:00,3.2366,3.2376,3.2356,3.2366,3.2416,3.2426,3.2406,3.2416,14
2026-06-19 16:35:00,3.2356,3.2366,3.2356,3.2361,3.2406,3.2416,3.2406,3.2411,9
2026-06-19 16:36:00,3.2366,3.2376,3.2336,3.2376,3.2416,3.2426,3.2386,3.2426,32
2026-06-19 16:37:00,3.2386,3.2386,3.2366,3.2366,3.2436,3.2436,3.2416,3.2416,23
2026-06-19 16:38:00,3.2356,3.2386,3.2356,3.2366,3.2406,3.2436,3.2406,3.2416,21
2026-06-19 16:39:00,3.2361,3.2376,3.2361,3.2366,3.2411,3.2426,3.2411,3.2416,8
2026-06-19 16:40:00,3.2376,3.2386,3.2366,3.2381,3.2426,3.2436,3.2416,3.2431,14
2026-06-19 16:41:00,3.2376,3.2381,3.2336,3.2356,3.2426,3.2431,3.2386,3.2406,17
2026-06-19 16:42:00,3.2366,3.2366,3.2366,3.2366,3.2416,3.2416,3.2416,3.2416,1
2026-06-19 16:43:00,3.2356,3.2366,3.2356,3.2361,3.2406,3.2416,3.2406,3.2411,17
2026-06-19 16:44:00,3.2366,3.2396,3.2366,3.2386,3.2416,3.2446,3.2416,3.2436,12
2026-06-19 16:45:00,3.2376,3.2396,3.2366,3.2376,3.2426,3.2446,3.2416,3.2426,28
2026-06-19 16:46:00,3.2381,3.2386,3.2376,3.2386,3.2431,3.2436,3.2426,3.2436,5
2026-06-19 16:47:00,3.2396,3.2436,3.2396,3.2436,3.2446,3.2486,3.2446,3.2486,28
2026-06-19 16:48:00,3.2431,3.2486,3.2426,3.2476,3.2481,3.2536,3.2476,3.2526,22
2026-06-19 16:49:00,3.2481,3.2496,3.2466,3.2486,3.2531,3.2546,3.2516,3.2536,15
2026-06-19 16:50:00,3.2496,3.2496,3.2436,3.2456,3.2546,3.2546,3.2486,3.2506,27
2026-06-19 16:51:00,3.2446,3.2456,3.2436,3.2456,3.2496,3.2506,3.2486,3.2506,9
2026-06-19 16:52:00,3.2466,3.2466,3.2456,3.2466,3.2516,3.2516,3.2506,3.2516,3
2026-06-19 16:53:00,3.2456,3.2481,3.2446,3.2476,3.2506,3.2531,3.2496,3.2526,11
2026-06-19 16:54:00,3.2481,3.2486,3.2476,3.2476,3.2531,3.2536,3.2526,3.2526,12
2026-06-19 16:56:00,3.2466,3.2476,3.2466,3.2476,3.2516,3.2526,3.2516,3.2526,4
2026-06-19 16:57:00,3.2481,3.2496,3.2476,3.2486,3.2531,3.2546,3.2526,3.2536,6
2026-06-19 16:58:00,3.2491,3.2491,3.2476,3.2486,3.2541,3.2541,3.2526,3.2536,4
2026-06-19 16:59:00,3.2481,3.2506,3.2476,3.2506,3.2531,3.2556,3.2526,3.2556,9
2026-06-19 17:00:00,3.2511,3.2596,3.2511,3.2576,3.2561,3.2646,3.2561,3.2626,38
2026-06-19 17:01:00,3.2566,3.2591,3.2566,3.2576,3.2616,3.2641,3.2616,3.2626,16
2026-06-19 17:02:00,3.2566,3.2576,3.2566,3.2576,3.2616,3.2626,3.2616,3.2626,18
2026-06-19 17:03:00,3.2586,3.2616,3.2576,3.2616,3.2636,3.2666,3.2626,3.2666,15
2026-06-19 17:04:00,3.2626,3.2626,3.2586,3.2596,3.2676,3.2676,3.2636,3.2646,19
2026-06-19 17:05:00,3.2601,3.2606,3.2566,3.2576,3.2651,3.2656,3.2616,3.2626,21
2026-06-19 17:06:00,3.2586,3.2586,3.2556,3.2566,3.2636,3.2636,3.2606,3.2616,24
2026-06-19 17:07:00,3.2576,3.2576,3.2546,3.2546,3.2626,3.2626,3.2596,3.2596,14
2026-06-19 17:08:00,3.2556,3.2596,3.2546,3.2566,3.2606,3.2646,3.2596,3.2616,10
2026-06-19 17:09:00,3.2556,3.2556,3.2556,3.2556,3.2606,3.2606,3.2606,3.2606,1
2026-06-19 17:10:00,3.2546,3.2556,3.2526,3.2546,3.2596,3.2606,3.2576,3.2596,24
2026-06-19 17:11:00,3.2556,3.2576,3.2556,3.2576,3.2606,3.2626,3.2606,3.2626,22
2026-06-19 17:12:00,3.2571,3.2576,3.2566,3.2571,3.2621,3.2626,3.2616,3.2621,8
2026-06-19 17:13:00,3.2576,3.2586,3.2576,3.2586,3.2626,3.2636,3.2626,3.2636,4
2026-06-19 17:14:00,3.2576,3.2606,3.2576,3.2606,3.2626,3.2656,3.2626,3.2656,14
2026-06-19 17:15:00,3.2601,3.2616,3.2596,3.2606,3.2651,3.2666,3.2646,3.2656,26
2026-06-19 17:16:00,3.2596,3.2606,3.2596,3.2596,3.2646,3.2656,3.2646,3.2646,30
2026-06-19 17:17:00,3.2586,3.2586,3.2556,3.2566,3.2636,3.2636,3.2606,3.2616,13
2026-06-19 17:18:00,3.2571,3.2576,3.2556,3.2576,3.2621,3.2626,3.2606,3.2626,5
2026-06-19 17:19:00,3.2566,3.2571,3.2566,3.2566,3.2616,3.2621,3.2616,3.2616,3
2026-06-19 17:20:00,3.2561,3.2566,3.2556,3.2561,3.2611,3.2616,3.2606,3.2611,16
2026-06-19 17:21:00,3.2566,3.2576,3.2546,3.2551,3.2616,3.2626,3.2596,3.2601,12
2026-06-19 17:22:00,3.2541,3.2556,3.2516,3.2546,3.2591,3.2606,3.2566,3.2596,16
2026-06-19 17:23:00,3.2556,3.2576,3.2506,3.2536,3.2606,3.2626,3.2556,3.2586,23
2026-06-19 17:24:00,3.2541,3.2546,3.2531,3.2536,3.2591,3.2596,3.2581,3.2586,14
2026-06-19 17:25:00,3.2526,3.2536,3.2506,3.2516,3.2576,3.2586,3.2556,3.2566,21
2026-06-19 17:26:00,3.2511,3.2556,3.2496,3.2551,3.2561,3.2606,3.2546,3.2601,25
2026-06-19 17:27:00,3.2556,3.2566,3.2546,3.2556,3.2606,3.2616,3.2596,3.2606,19
2026-06-19 17:28:00,3.2561,3.2571,3.2551,3.2561,3.2611,3.2621,3.2601,3.2611,20
2026-06-19 17:29:00,3.2556,3.2566,3.2556,3.2561,3.2606,3.2616,3.2606,3.2611,15
2026-06-19 17:30:00,3.2566,3.2566,3.2556,3.2556,3.2616,3.2616,3.2606,3.2606,15
2026-06-19 17:31:00,3.2546,3.2596,3.2546,3.2556,3.2596,3.2646,3.2596,3.2606,44
2026-06-19 17:32:00,3.2551,3.2551,3.2506,3.2516,3.2601,3.2601,3.2556,3.2566,26
2026-06-19 17:33:00,3.2526,3.2526,3.2516,3.2516,3.2576,3.2576,3.2566,3.2566,4
2026-06-19 17:34:00,3.2521,3.2526,3.2516,3.2516,3.2571,3.2576,3.2566,3.2566,19
2026-06-19 17:35:00,3.2511,3.2526,3.2486,3.2526,3.2561,3.2576,3.2536,3.2576,30
2026-06-19 17:37:00,3.2536,3.2536,3.2526,3.2536,3.2586,3.2586,3.2576,3.2586,3
2026-06-19 17:38:00,3.2526,3.2526,3.2506,3.2516,3.2576,3.2576,3.2556,3.2566,13
2026-06-19 17:39:00,3.2521,3.2536,3.2521,3.2536,3.2571,3.2586,3.2571,3.2586,4
2026-06-19 17:40:00,3.2531,3.2546,3.2526,3.2526,3.2581,3.2596,3.2576,3.2576,9
2026-06-19 17:41:00,3.2516,3.2536,3.2511,3.2536,3.2566,3.2586,3.2561,3.2586,13
2026-06-19 17:42:00,3.2541,3.2546,3.2536,3.2546,3.2591,3.2596,3.2586,3.2596,8
2026-06-19 17:43:00,3.2536,3.2536,3.2516,3.2516,3.2586,3.2586,3.2566,3.2566,9
2026-06-19 17:44:00,3.2506,3.2516,3.2506,3.2516,3.2556,3.2566,3.2556,3.2566,2
2026-06-19 17:45:00,3.2511,3.2516,3.2496,3.2496,3.2561,3.2566,3.2546,3.2546,18
2026-06-19 17:46:00,3.2501,3.2501,3.2496,3.2496,3.2551,3.2551,3.2546,3.2546,4
2026-06-19 17:47:00,3.2486,3.2486,3.2466,3.2466,3.2536,3.2536,3.2516,3.2516,14
2026-06-19 17:48:00,3.2456,3.2456,3.2406,3.2426,3.2506,3.2506,3.2456,3.2476,37
2026-06-19 17:49:00,3.2431,3.2436,3.2406,3.2416,3.2481,3.2486,3.2456,3.2466,7
2026-06-19 17:50:00,3.2406,3.2446,3.2406,3.2431,3.2456,3.2496,3.2456,3.2481,13
2026-06-19 17:51:00,3.2436,3.2436,3.2376,3.2386,3.2486,3.2486,3.2426,3.2436,31
2026-06-19 17:52:00,3.2396,3.2406,3.2391,3.2406,3.2446,3.2456,3.2441,3.2456,13
2026-06-19 17:53:00,3.2401,3.2406,3.2396,3.2406,3.2451,3.2456,3.2446,3.2456,7
2026-06-19 17:54:00,3.2416,3.2416,3.2406,3.2411,3.2466,3.2466,3.2456,3.2461,4
2026-06-19 17:55:00,3.2416,3.2416,3.2406,3.2406,3.2466,3.2466,3.2456,3.2456,4
2026-06-19 17:56:00,3.2396,3.2396,3.2376,3.2386,3.2446,3.2446,3.2426,3.2436,13
2026-06-19 17:57:00,3.2381,3.2391,3.2366,3.2386,3.2431,3.2441,3.2416,3.2436,17
2026-06-19 17:58:00,3.2396,3.2396,3.2386,3.2396,3.2446,3.2446,3.2436,3.2446,3
2026-06-19 17:59:00,3.2391,3.2391,3.2386,3.2386,3.2441,3.2441,3.2436,3.2436,6
2026-06-19 18:00:00,3.2391,3.2426,3.2376,3.2426,3.2441,3.2476,3.2426,3.2476,15
2026-06-19 18:01:00,3.2436,3.2446,3.2431,3.2436,3.2486,3.2496,3.2481,3.2486,14
2026-06-19 18:02:00,3.2426,3.2446,3.2426,3.2446,3.2476,3.2496,3.2476,3.2496,13
2026-06-19 18:03:00,3.2456,3.2466,3.2456,3.2456,3.2506,3.2516,3.2506,3.2506,11
2026-06-19 18:04:00,3.2446,3.2446,3.2446,3.2446,3.2496,3.2496,3.2496,3.2496,1
2026-06-19 18:05:00,3.2456,3.2456,3.2426,3.2441,3.2506,3.2506,3.2476,3.2491,22
2026-06-19 18:06:00,3.2436,3.2441,3.2436,3.2436,3.2486,3.2491,3.2486,3.2486,11
2026-06-19 18:07:00,3.2441,3.2446,3.2436,3.2446,3.2491,3.2496,3.2486,3.2496,9
2026-06-19 18:08:00,3.2436,3.2446,3.2426,3.2441,3.2486,3.2496,3.2476,3.2491,31
2026-06-19 18:09:00,3.2446,3.2466,3.2446,3.2446,3.2496,3.2516,3.2496,3.2496,5
2026-06-19 18:10:00,3.2436,3.2456,3.2436,3.2456,3.2486,3.2506,3.2486,3.2506,7
2026-06-19 18:11:00,3.2446,3.2456,3.2436,3.2436,3.2496,3.2506,3.2486,3.2486,8
2026-06-19 18:12:00,3.2441,3.2446,3.2436,3.2446,3.2491,3.2496,3.2486,3.2496,4
2026-06-19 18:13:00,3.2451,3.2451,3.2436,3.2436,3.2501,3.2501,3.2486,3.2486,3
2026-06-19 18:14:00,3.2426,3.2426,3.2356,3.2376,3.2476,3.2476,3.2406,3.2426,20
2026-06-19 18:16:00,3.2371,3.2416,3.2366,3.2406,3.2421,3.2466,3.2416,3.2456,13
2026-06-19 18:17:00,3.2416,3.2416,3.2406,3.2406,3.2466,3.2466,3.2456,3.2456,4
2026-06-19 18:19:00,3.2416,3.2416,3.2416,3.2416,3.2466,3.2466,3.2466,3.2466,1
2026-06-19 18:20:00,3.2426,3.2426,3.2416,3.2421,3.2476,3.2476,3.2466,3.2471,5
2026-06-19 18:21:00,3.2416,3.2446,3.2416,3.2436,3.2466,3.2496,3.2466,3.2486,10
2026-06-19 18:22:00,3.2426,3.2456,3.2426,3.2441,3.2476,3.2506,3.2476,3.2491,16
2026-06-19 18:23:00,3.2446,3.2446,3.2416,3.2416,3.2496,3.2496,3.2466,3.2466,12
2026-06-19 18:24:00,3.2421,3.2426,3.2396,3.2406,3.2471,3.2476,3.2446,3.2456,6
2026-06-19 18:25:00,3.2416,3.2416,3.2416,3.2416,3.2466,3.2466,3.2466,3.2466,1
2026-06-19 18:26:00,3.2426,3.2426,3.2416,3.2426,3.2476,3.2476,3.2466,3.2476,6
2026-06-19 18:27:00,3.2411,3.2411,3.2346,3.2356,3.2461,3.2461,3.2396,3.2406,25
2026-06-19 18:28:00,3.2346,3.2366,3.2346,3.2366,3.2396,3.2416,3.2396,3.2416,9
2026-06-19 18:29:00,3.2356,3.2361,3.2326,3.2346,3.2406,3.2411,3.2376,3.2396,25
2026-06-19 18:30:00,3.2356,3.2376,3.2336,3.2376,3.2406,3.2426,3.2386,3.2426,20
2026-06-19 18:31:00,3.2366,3.2386,3.2366,3.2381,3.2416,3.2436,3.2416,3.2431,16
2026-06-19 18:32:00,3.2376,3.2406,3.2376,3.2406,3.2426,3.2456,3.2426,3.2456,7
2026-06-19 18:33:00,3.2416,3.2416,3.2416,3.2416,3.2466,3.2466,3.2466,3.2466,1
2026-06-19 18:35:00,3.2406,3.2406,3.2366,3.2376,3.2456,3.2456,3.2416,3.2426,12
2026-06-19 18:36:00,3.2381,3.2386,3.2381,3.2386,3.2431,3.2436,3.2431,3.2436,2
2026-06-19 18:37:00,3.2381,3.2381,3.2376,3.2381,3.2431,3.2431,3.2426,3.2431,9
2026-06-19 18:38:00,3.2376,3.2406,3.2371,3.2401,3.2426,3.2456,3.2421,3.2451,9
2026-06-19 18:39:00,3.2406,3.2416,3.2401,3.2416,3.2456,3.2466,3.2451,3.2466,4
2026-06-19 18:40:00,3.2426,3.2426,3.2416,3.2426,3.2476,3.2476,3.2466,3.2476,5
2026-06-19 18:43:00,3.2416,3.2416,3.2416,3.2416,3.2466,3.2466,3.2466,3.2466,1
2026-06-19 18:44:00,3.2406,3.2406,3.2376,3.2386,3.2456,3.2456,3.2426,3.2436,6
2026-06-19 18:45:00,3.2381,3.2381,3.2376,3.2376,3.2431,3.2431,3.2426,3.2426,2
2026-06-19 18:46:00,3.2386,3.2386,3.2366,3.2366,3.2436,3.2436,3.2416,3.2416,5
2026-06-19 18:47:00,3.2371,3.2406,3.2371,3.2406,3.2421,3.2456,3.2421,3.2456,10
2026-06-19 18:48:00,3.2416,3.2416,3.2406,3.2411,3.2466,3.2466,3.2456,3.2461,7
2026-06-19 18:49:00,3.2416,3.2436,3.2411,3.2426,3.2466,3.2486,3.2461,3.2476,14
2026-06-19 18:50:00,3.2431,3.2436,3.2416,3.2426,3.2481,3.2486,3.2466,3.2476,14
2026-06-19 18:52:00,3.2416,3.2426,3.2416,3.2426,3.2466,3.2476,3.2466,3.2476,5
2026-06-19 18:53:00,3.2421,3.2426,3.2396,3.2396,3.2471,3.2476,3.2446,3.2446,21
2026-06-19 18:54:00,3.2401,3.2416,3.2396,3.2406,3.2451,3.2466,3.2446,3.2456,21
2026-06-19 18:55:00,3.2411,3.2416,3.2401,3.2406,3.2461,3.2466,3.2451,3.2456,8
2026-06-19 18:56:00,3.2411,3.2411,3.2406,3.2406,3.2461,3.2461,3.2456,3.2456,6
2026-06-19 18:57:00,3.2411,3.2416,3.2406,3.2406,3.2461,3.2466,3.2456,3.2456,21
2026-06-19 18:58:00,3.2401,3.2406,3.2376,3.2381,3.2451,3.2456,3.2426,3.2431,12
2026-06-19 18:59:00,3.2376,3.2396,3.2376,3.2386,3.2426,3.2446,3.2426,3.2436,34
2026-06-22 00:00:00,3.322,3.3235,3.311,3.317,3.327,3.3285,3.316,3.322,86
2026-06-22 00:01:00,3.319,3.3225,3.3125,3.314,3.324,3.3275,3.3175,3.319,44
2026-06-22 00:02:00,3.3145,3.316,3.314,3.315,3.3195,3.321,3.319,3.32,8
2026-06-22 00:03:00,3.3155,3.3155,3.3105,3.3125,3.3205,3.3205,3.3155,3.3175,12
2026-06-22 00:04:00,3.3115,3.315,3.311,3.315,3.3165,3.32,3.316,3.32,16
2026-06-22 00:05:00,3.3155,3.3165,3.315,3.315,3.3205,3.3215,3.32,3.32,13
2026-06-22 00:06:00,3.3135,3.314,3.3135,3.314,3.3185,3.319,3.3185,3.319,4
2026-06-22 00:07:00,3.3135,3.3155,3.313,3.3155,3.3185,3.3205,3.318,3.3205,7
2026-06-22 00:08:00,3.315,3.3155,3.314,3.3145,3.32,3.3205,3.319,3.3195,5
2026-06-22 00:09:00,3.314,3.3155,3.3135,3.3155,3.319,3.3205,3.3185,3.3205,5
2026-06-22 00:10:00,3.314,3.323,3.314,3.3225,3.319,3.328,3.319,3.3275,15
2026-06-22 00:11:00,3.3235,3.3235,3.3225,3.3225,3.3285,3.3285,3.3275,3.3275,5
2026-06-22 00:12:00,3.323,3.323,3.3225,3.323,3.328,3.328,3.3275,3.328,3
2026-06-22 00:13:00,3.3225,3.323,3.3215,3.322,3.3275,3.328,3.3265,3.327,9
2026-06-22 00:14:00,3.3225,3.3225,3.3215,3.3215,3.3275,3.3275,3.3265,3.3265,4
2026-06-22 00:15:00,3.321,3.321,3.3205,3.3205,3.326,3.326,3.3255,3.3255,4
2026-06-22 00:16:00,3.321,3.321,3.3205,3.3205,3.326,3.326,3.3255,3.3255,2
2026-06-22 00:17:00,3.32,3.32,3.32,3.32,3.325,3.325,3.325,3.325,1
2026-06-22 00:18:00,3.3205,3.3215,3.32,3.3215,3.3255,3.3265,3.325,3.3265,6
2026-06-22 00:19:00,3.322,3.3225,3.321,3.321,3.327,3.3275,3.326,3.326,7
2026-06-22 00:21:00,3.3215,3.3215,3.32,3.32,3.3265,3.3265,3.325,3.325,3
2026-06-22 00:22:00,3.321,3.3215,3.321,3.3215,3.326,3.3265,3.326,3.3265,2
2026-06-22 00:24:00,3.321,3.321,3.32,3.32,3.326,3.326,3.325,3.325,3
2026-06-22 00:25:00,3.3195,3.32,3.318,3.32,3.3245,3.325,3.323,3.325,7
2026-06-22 00:26:00,3.3195,3.3195,3.3195,3.3195,3.3245,3.3245,3.3245,3.3245,1
2026-06-22 00:27:00,3.319,3.319,3.319,3.319,3.324,3.324,3.324,3.324,1
2026-06-22 00:28:00,3.3185,3.3185,3.3155,3.3155,3.3235,3.3235,3.3205,3.3205,7
2026-06-22 00:29:00,3.316,3.316,3.3155,3.3155,3.321,3.321,3.3205,3.3205,2
2026-06-22 00:30:00,3.315,3.315,3.315,3.315,3.32,3.32,3.32,3.32,1
2026-06-22 00:33:00,3.3145,3.315,3.3145,3.315,3.3195,3.32,3.3195,3.32,2
2026-06-22 00:34:00,3.3145,3.3145,3.3145,3.3145,3.3195,3.3195,3.3195,3.3195,1
2026-06-22 00:36:00,3.315,3.315,3.314,3.315,3.32,3.32,3.319,3.32,5
2026-06-22 00:37:00,3.3145,3.315,3.3145,3.315,3.3195,3.32,3.3195,3.32,2
2026-06-22 00:41:00,3.3145,3.3155,3.3135,3.315,3.3195,3.3205,3.3185,3.32,8
2026-06-22 00:42:00,3.316,3.3185,3.316,3.318,3.321,3.3235,3.321,3.323,6
2026-06-22 00:43:00,3.3175,3.3175,3.3175,3.3175,3.3225,3.3225,3.3225,3.3225,1
2026-06-22 00:44:00,3.318,3.318,3.3175,3.318,3.323,3.323,3.3225,3.323,3
2026-06-22 00:45:00,3.3175,3.3185,3.3175,3.318,3.3225,3.3235,3.3225,3.323,7
2026-06-22 00:46:00,3.3165,3.3165,3.3145,3.315,3.3215,3.3215,3.3195,3.32,4
2026-06-22 00:47:00,3.3145,3.3145,3.312,3.313,3.3195,3.3195,3.317,3.318,7
2026-06-22 00:48:00,3.3135,3.314,3.3085,3.3095,3.3185,3.319,3.3135,3.3145,16
2026-06-22 00:49:00,3.31,3.31,3.3075,3.3085,3.315,3.315,3.3125,3.3135,4
2026-06-22 00:50:00,3.309,3.311,3.309,3.3105,3.314,3.316,3.314,3.3155,5
2026-06-22 00:51:00,3.311,3.3125,3.311,3.312,3.316,3.3175,3.316,3.317,6
2026-06-22 00:52:00,3.313,3.314,3.313,3.314,3.318,3.319,3.318,3.319,3
2026-06-22 00:53:00,3.3145,3.3145,3.312,3.312,3.3195,3.3195,3.317,3.317,6
2026-06-22 00:54:00,3.3115,3.3115,3.311,3.311,3.3165,3.3165,3.316,3.316,2
2026-06-22 00:55:00,3.3125,3.313,3.3125,3.313,3.3175,3.318,3.3175,3.318,2
2026-06-22 00:56:00,3.3135,3.3135,3.3135,3.3135,3.3185,3.3185,3.3185,3.3185,1
2026-06-22 00:57:00,3.314,3.314,3.3115,3.312,3.319,3.319,3.3165,3.317,6
2026-06-22 00:58:00,3.3115,3.3115,3.311,3.311,3.3165,3.3165,3.316,3.316,2
2026-06-22 00:59:00,3.3105,3.3105,3.3105,3.3105,3.3155,3.3155,3.3155,3.3155,1
2026-06-22 01:00:00,3.311,3.311,3.311,3.311,3.316,3.316,3.316,3.316,1
2026-06-22 01:01:00,3.3115,3.3115,3.3115,3.3115,3.3165,3.3165,3.3165,3.3165,1
2026-06-22 01:02:00,3.311,3.311,3.31,3.31,3.316,3.316,3.315,3.315,5
2026-06-22 01:03:00,3.3105,3.311,3.31,3.31,3.3155,3.316,3.315,3.315,4
2026-06-22 01:04:00,3.3105,3.3105,3.31,3.31,3.3155,3.3155,3.315,3.315,2
2026-06-22 01:05:00,3.3095,3.3105,3.3095,3.3105,3.3145,3.3155,3.3145,3.3155,3
2026-06-22 01:06:00,3.3115,3.3125,3.31,3.312,3.3165,3.3175,3.315,3.317,8
2026-06-22 01:07:00,3.3125,3.3135,3.3125,3.313,3.3175,3.3185,3.3175,3.318,5
2026-06-22 01:08:00,3.3135,3.3135,3.312,3.312,3.3185,3.3185,3.317,3.317,4
2026-06-22 01:09:00,3.3125,3.3125,3.3115,3.312,3.3175,3.3175,3.3165,3.317,4
2026-06-22 01:10:00,3.3125,3.3125,3.3125,3.3125,3.3175,3.3175,3.3175,3.3175,1
2026-06-22 01:11:00,3.312,3.312,3.3115,3.312,3.317,3.317,3.3165,3.317,3
2026-06-22 01:13:00,3.3125,3.3145,3.31,3.31,3.3175,3.3195,3.315,3.315,8
2026-06-22 01:16:00,3.3105,3.311,3.31,3.31,3.3155,3.316,3.315,3.315,4
2026-06-22 01:17:00,3.3105,3.311,3.3105,3.311,3.3155,3.316,3.3155,3.316,2
2026-06-22 01:19:00,3.31,3.3115,3.31,3.3115,3.315,3.3165,3.315,3.3165,5
2026-06-22 01:20:00,3.311,3.311,3.311,3.311,3.316,3.316,3.316,3.316,1
2026-06-22 01:21:00,3.313,3.313,3.313,3.313,3.318,3.318,3.318,3.318,1
2026-06-22 01:22:00,3.314,3.314,3.313,3.313,3.319,3.319,3.318,3.318,3
2026-06-22 01:25:00,3.312,3.3155,3.312,3.315,3.317,3.3205,3.317,3.32,9
2026-06-22 01:26:00,3.3145,3.3175,3.3145,3.317,3.3195,3.3225,3.3195,3.322,6
2026-06-22 01:27:00,3.3175,3.318,3.3175,3.318,3.3225,3.323,3.3225,3.323,2
2026-06-22 01:28:00,3.3165,3.319,3.3165,3.318,3.3215,3.324,3.3215,3.323,5
2026-06-22 01:29:00,3.3175,3.3185,3.317,3.3185,3.3225,3.3235,3.322,3.3235,4
2026-06-22 01:30:00,3.3175,3.3185,3.3175,3.3185,3.3225,3.3235,3.3225,3.3235,3
2026-06-22 01:31:00,3.318,3.3185,3.3175,3.318,3.323,3.3235,3.3225,3.323,5
2026-06-22 01:32:00,3.3175,3.3175,3.317,3.3175,3.3225,3.3225,3.322,3.3225,3
2026-06-22 01:33:00,3.318,3.318,3.317,3.317,3.323,3.323,3.322,3.322,3
2026-06-22 01:36:00,3.318,3.318,3.318,3.318,3.323,3.323,3.323,3.323,1
2026-06-22 01:37:00,3.3175,3.3175,3.317,3.317,3.3225,3.3225,3.322,3.322,2
2026-06-22 01:38:00,3.3165,3.317,3.3165,3.317,3.3215,3.322,3.3215,3.322,2
2026-06-22 01:40:00,3.3165,3.3165,3.314,3.315,3.3215,3.3215,3.319,3.32,8
2026-06-22 01:42:00,3.314,3.314,3.313,3.313,3.319,3.319,3.318,3.318,3
2026-06-22 01:43:00,3.3125,3.313,3.3125,3.313,3.3175,3.318,3.3175,3.318,2
2026-06-22 01:44:00,3.314,3.3145,3.314,3.314,3.319,3.3195,3.319,3.319,3
2026-06-22 01:47:00,3.3135,3.3135,3.3135,3.3135,3.3185,3.3185,3.3185,3.3185,1
2026-06-22 01:48:00,3.314,3.314,3.314,3.314,3.319,3.319,3.319,3.319,1
2026-06-22 01:49:00,3.3135,3.3135,3.312,3.3125,3.3185,3.3185,3.317,3.3175,6
2026-06-22 01:50:00,3.313,3.313,3.3125,3.313,3.318,3.318,3.3175,3.318,3
2026-06-22 01:51:00,3.314,3.314,3.314,3.314,3.319,3.319,3.319,3.319,1
2026-06-22 01:52:00,3.3135,3.3135,3.313,3.313,3.3185,3.3185,3.318,3.318,2
2026-06-22 01:54:00,3.314,3.314,3.314,3.314,3.319,3.319,3.319,3.319,1
2026-06-22 01:56:00,3.3135,3.3135,3.3135,3.3135,3.3185,3.3185,3.3185,3.3185,1
2026-06-22 01:58:00,3.314,3.3145,3.314,3.3145,3.319,3.3195,3.319,3.3195,2
2026-06-22 02:00:00,3.314,3.314,3.312,3.312,3.319,3.319,3.317,3.317,8
2026-06-22 02:01:00,3.3115,3.3125,3.3115,3.312,3.3165,3.3175,3.3165,3.317,6
2026-06-22 02:02:00,3.3115,3.312,3.307,3.308,3.3165,3.317,3.312,3.313,15
2026-06-22 02:03:00,3.3075,3.309,3.3065,3.3085,3.3125,3.314,3.3115,3.3135,10
2026-06-22 02:04:00,3.309,3.309,3.309,3.309,3.314,3.314,3.314,3.314,1
2026-06-22 02:05:00,3.308,3.309,3.308,3.3085,3.313,3.314,3.313,3.3135,6
2026-06-22 02:06:00,3.309,3.309,3.3085,3.309,3.314,3.314,3.3135,3.314,3
2026-06-22 02:07:00,3.3095,3.3115,3.3095,3.311,3.3145,3.3165,3.3145,3.316,9
2026-06-22 02:10:00,3.3115,3.3115,3.3105,3.3105,3.3165,3.3165,3.3155,3.3155,2
2026-06-22 02:11:00,3.311,3.311,3.3085,3.3095,3.316,3.316,3.3135,3.3145,10
2026-06-22 02:12:00,3.31,3.31,3.3095,3.31,3.315,3.315,3.3145,3.315,3
2026-06-22 02:13:00,3.3095,3.31,3.3095,3.31,3.3145,3.315,3.3145,3.315,2
2026-06-22 02:14:00,3.311,3.3125,3.31,3.31,3.316,3.3175,3.315,3.315,7
2026-06-22 02:15:00,3.3095,3.311,3.3095,3.3105,3.3145,3.316,3.3145,3.3155,8
2026-06-22 02:16:00,3.311,3.311,3.311,3.311,3.316,3.316,3.316,3.316,1
2026-06-22 02:17:00,3.3105,3.311,3.3105,3.311,3.3155,3.316,3.3155,3.316,2
2026-06-22 02:18:00,3.312,3.312,3.3105,3.3105,3.317,3.317,3.3155,3.3155,6
2026-06-22 02:19:00,3.311,3.3115,3.311,3.3115,3.316,3.3165,3.316,3.3165,2
2026-06-22 02:21:00,3.3105,3.311,3.3105,3.311,3.3155,3.316,3.3155,3.316,2
2026-06-22 02:22:00,3.312,3.312,3.3105,3.3105,3.317,3.317,3.3155,3.3155,3
2026-06-22 02:23:00,3.311,3.311,3.311,3.311,3.316,3.316,3.316,3.316,1
2026-06-22 02:25:00,3.3105,3.311,3.3105,3.311,3.3155,3.316,3.3155,3.316,2
2026-06-22 02:26:00,3.3105,3.3105,3.3105,3.3105,3.3155,3.3155,3.3155,3.3155,1
2026-06-22 02:27:00,3.3095,3.3095,3.3085,3.3085,3.3145,3.3145,3.3135,3.3135,3
2026-06-22 02:28:00,3.309,3.3095,3.309,3.309,3.314,3.3145,3.314,3.314,3
2026-06-22 02:29:00,3.3095,3.3095,3.3085,3.309,3.3145,3.3145,3.3135,3.314,6
2026-06-22 02:31:00,3.31,3.31,3.31,3.31,3.315,3.315,3.315,3.315,1
2026-06-22 02:32:00,3.3105,3.3105,3.3105,3.3105,3.3155,3.3155,3.3155,3.3155,1
2026-06-22 02:33:00,3.311,3.311,3.311,3.311,3.316,3.316,3.316,3.316,1
2026-06-22 02:35:00,3.3115,3.3115,3.3105,3.3105,3.3165,3.3165,3.3155,3.3155,5
2026-06-22 02:36:00,3.311,3.311,3.3105,3.311,3.316,3.316,3.3155,3.316,3
2026-06-22 02:38:00,3.3105,3.311,3.3105,3.311,3.3155,3.316,3.3155,3.316,2
2026-06-22 02:41:00,3.3115,3.3115,3.3115,3.3115,3.3165,3.3165,3.3165,3.3165,1
2026-06-22 02:43:00,3.311,3.311,3.3105,3.3105,3.316,3.316,3.3155,3.3155,2
2026-06-22 02:44:00,3.31,3.31,3.3095,3.3095,3.315,3.315,3.3145,3.3145,2
2026-06-22 02:45:00,3.309,3.3095,3.309,3.309,3.314,3.3145,3.314,3.314,3
2026-06-22 02:47:00,3.3095,3.31,3.3095,3.31,3.3145,3.315,3.3145,3.315,4
2026-06-22 02:48:00,3.311,3.3115,3.3105,3.3115,3.316,3.3165,3.3155,3.3165,4
2026-06-22 02:49:00,3.312,3.312,3.312,3.312,3.317,3.317,3.317,3.317,1
2026-06-22 02:51:00,3.3115,3.3115,3.3115,3.3115,3.3165,3.3165,3.3165,3.3165,1
2026-06-22 02:53:00,3.312,3.312,3.3115,3.3115,3.317,3.317,3.3165,3.3165,4
2026-06-22 02:54:00,3.312,3.312,3.3115,3.312,3.317,3.317,3.3165,3.317,3
2026-06-22 02:55:00,3.3115,3.312,3.3105,3.3105,3.3165,3.317,3.3155,3.3155,13
2026-06-22 02:56:00,3.311,3.311,3.3105,3.311,3.316,3.316,3.3155,3.316,3
2026-06-22 02:57:00,3.3105,3.3115,3.3105,3.3115,3.3155,3.3165,3.3155,3.3165,2
2026-06-22 02:58:00,3.311,3.311,3.3105,3.311,3.316,3.316,3.3155,3.316,7
2026-06-22 02:59:00,3.3105,3.3105,3.3095,3.3105,3.3155,3.3155,3.3145,3.3155,6
2026-06-22 03:00:00,3.311,3.3115,3.309,3.311,3.316,3.3165,3.314,3.316,24
2026-06-22 03:01:00,3.312,3.317,3.312,3.3165,3.317,3.322,3.317,3.3215,12
2026-06-22 03:02:00,3.3155,3.318,3.3155,3.3175,3.3205,3.323,3.3205,3.3225,6
2026-06-22 03:03:00,3.318,3.32,3.318,3.32,3.323,3.325,3.323,3.325,5
2026-06-22 03:04:00,3.3205,3.3235,3.3205,3.3235,3.3255,3.3285,3.3255,3.3285,13
2026-06-22 03:05:00,3.3225,3.3285,3.3225,3.3265,3.3275,3.3335,3.3275,3.3315,18
2026-06-22 03:06:00,3.3275,3.3275,3.3265,3.327,3.3325,3.3325,3.3315,3.332,10
2026-06-22 03:07:00,3.3275,3.331,3.3275,3.329,3.3325,3.336,3.3325,3.334,13
2026-06-22 03:08:00,3.3285,3.335,3.3285,3.3315,3.3335,3.34,3.3335,3.3365,35
2026-06-22 03:09:00,3.332,3.3325,3.3315,3.332,3.337,3.3375,3.3365,3.337,7
2026-06-22 03:10:00,3.3325,3.3335,3.3315,3.332,3.3375,3.3385,3.3365,3.337,11
2026-06-22 03:11:00,3.3315,3.3325,3.3315,3.3325,3.3365,3.3375,3.3365,3.3375,9
2026-06-22 03:12:00,3.3335,3.3375,3.3325,3.337,3.3385,3.3425,3.3375,3.342,25
2026-06-22 03:13:00,3.3375,3.3375,3.3345,3.3345,3.3425,3.3425,3.3395,3.3395,11
2026-06-22 03:14:00,3.335,3.3355,3.3345,3.3355,3.34,3.3405,3.3395,3.3405,4
2026-06-22 03:15:00,3.335,3.335,3.3325,3.3325,3.34,3.34,3.3375,3.3375,6
2026-06-22 03:16:00,3.333,3.333,3.329,3.33,3.338,3.338,3.334,3.335,6
2026-06-22 03:17:00,3.3295,3.33,3.3285,3.329,3.3345,3.335,3.3335,3.334,5
2026-06-22 03:18:00,3.3295,3.3295,3.3285,3.329,3.3345,3.3345,3.3335,3.334,5
2026-06-22 03:19:00,3.3295,3.3295,3.329,3.3295,3.3345,3.3345,3.334,3.3345,3
2026-06-22 03:20:00,3.329,3.3305,3.329,3.3295,3.334,3.3355,3.334,3.3345,6
2026-06-22 03:21:00,3.329,3.329,3.328,3.3285,3.334,3.334,3.333,3.3335,5
2026-06-22 03:22:00,3.328,3.328,3.328,3.328,3.333,3.333,3.333,3.333,1
2026-06-22 03:23:00,3.3285,3.33,3.3285,3.3285,3.3335,3.335,3.3335,3.3335,10
2026-06-22 03:24:00,3.3275,3.3325,3.3265,3.3325,3.3325,3.3375,3.3315,3.3375,10
2026-06-22 03:25:00,3.333,3.334,3.332,3.332,3.338,3.339,3.337,3.337,12
2026-06-22 03:26:00,3.3315,3.3315,3.331,3.331,3.3365,3.3365,3.336,3.336,2
2026-06-22 03:27:00,3.3315,3.3315,3.331,3.3315,3.3365,3.3365,3.336,3.3365,5
2026-06-22 03:28:00,3.331,3.332,3.331,3.332,3.336,3.337,3.336,3.337,7
2026-06-22 03:29:00,3.3315,3.3315,3.3305,3.331,3.3365,3.3365,3.3355,3.336,5
2026-06-22 03:30:00,3.3315,3.3315,3.3305,3.3305,3.3365,3.3365,3.3355,3.3355,3
2026-06-22 03:31:00,3.331,3.331,3.3305,3.3305,3.336,3.336,3.3355,3.3355,2
2026-06-22 03:32:00,3.331,3.331,3.3295,3.33,3.336,3.336,3.3345,3.335,11
2026-06-22 03:33:00,3.3305,3.333,3.3305,3.333,3.3355,3.338,3.3355,3.338,9
2026-06-22 03:34:00,3.3325,3.3325,3.3315,3.332,3.3375,3.3375,3.3365,3.337,3
2026-06-22 03:35:00,3.3315,3.3315,3.3295,3.331,3.3365,3.3365,3.3345,3.336,7
2026-06-22 03:36:00,3.3305,3.331,3.3305,3.331,3.3355,3.336,3.3355,3.336,6
2026-06-22 03:37:00,3.332,3.3325,3.332,3.3325,3.337,3.3375,3.337,3.3375,2
2026-06-22 03:38:00,3.3335,3.334,3.3335,3.334,3.3385,3.339,3.3385,3.339,2
2026-06-22 03:39:00,3.3345,3.3345,3.334,3.334,3.3395,3.3395,3.339,3.339,2
2026-06-22 03:40:00,3.3345,3.335,3.3335,3.335,3.3395,3.34,3.3385,3.34,10
2026-06-22 03:41:00,3.3345,3.3355,3.3325,3.335,3.3395,3.3405,3.3375,3.34,15
2026-06-22 03:42:00,3.3355,3.3355,3.3355,3.3355,3.3405,3.3405,3.3405,3.3405,1
2026-06-22 03:43:00,3.335,3.335,3.3335,3.335,3.34,3.34,3.3385,3.34,5
2026-06-22 03:44:00,3.3355,3.3355,3.3345,3.3345,3.3405,3.3405,3.3395,3.3395,8
2026-06-22 03:45:00,3.3355,3.3365,3.3345,3.336,3.3405,3.3415,3.3395,3.341,8
2026-06-22 03:46:00,3.3365,3.3365,3.3345,3.3345,3.3415,3.3415,3.3395,3.3395,3
2026-06-22 03:48:00,3.3335,3.334,3.3315,3.334,3.3385,3.339,3.3365,3.339,14
2026-06-22 03:49:00,3.3335,3.334,3.3335,3.334,3.3385,3.339,3.3385,3.339,2
2026-06-22 03:50:00,3.3345,3.335,3.3345,3.3345,3.3395,3.34,3.3395,3.3395,3
2026-06-22 03:51:00,3.335,3.335,3.3345,3.3345,3.34,3.34,3.3395,3.3395,4
2026-06-22 03:53:00,3.335,3.335,3.3335,3.3335,3.34,3.34,3.3385,3.3385,3
2026-06-22 03:54:00,3.334,3.334,3.3305,3.3315,3.339,3.339,3.3355,3.3365,14
2026-06-22 03:55:00,3.332,3.332,3.3315,3.3315,3.337,3.337,3.3365,3.3365,2
2026-06-22 03:56:00,3.332,3.332,3.332,3.332,3.337,3.337,3.337,3.337,1
2026-06-22 03:57:00,3.3315,3.3315,3.3315,3.3315,3.3365,3.3365,3.3365,3.3365,1
2026-06-22 03:58:00,3.331,3.331,3.3305,3.331,3.336,3.336,3.3355,3.336,3
2026-06-22 03:59:00,3.332,3.3325,3.332,3.3325,3.337,3.3375,3.337,3.3375,2
2026-06-22 04:00:00,3.3335,3.336,3.3325,3.336,3.3385,3.341,3.3375,3.341,9
2026-06-22 04:01:00,3.3355,3.3355,3.3355,3.3355,3.3405,3.3405,3.3405,3.3405,1
2026-06-22 04:02:00,3.336,3.336,3.3355,3.336,3.341,3.341,3.3405,3.341,3
2026-06-22 04:03:00,3.3355,3.3355,3.3335,3.3335,3.3405,3.3405,3.3385,3.3385,11
2026-06-22 04:04:00,3.334,3.3345,3.3335,3.3345,3.339,3.3395,3.3385,3.3395,4
2026-06-22 04:05:00,3.3335,3.3355,3.3335,3.335,3.3385,3.3405,3.3385,3.34,7
2026-06-22 04:07:00,3.3345,3.3345,3.3335,3.3335,3.3395,3.3395,3.3385,3.3385,2
2026-06-22 04:08:00,3.3325,3.3325,3.3325,3.3325,3.3375,3.3375,3.3375,3.3375,1
2026-06-22 04:10:00,3.333,3.333,3.333,3.333,3.338,3.338,3.338,3.338,1
2026-06-22 04:11:00,3.3325,3.3325,3.3325,3.3325,3.3375,3.3375,3.3375,3.3375,1
2026-06-22 04:13:00,3.333,3.333,3.3325,3.3325,3.338,3.338,3.3375,3.3375,2
2026-06-22 04:15:00,3.333,3.333,3.3325,3.333,3.338,3.338,3.3375,3.338,3
2026-06-22 04:16:00,3.3325,3.333,3.3325,3.333,3.3375,3.338,3.3375,3.338,2
2026-06-22 04:17:00,3.3335,3.334,3.3335,3.334,3.3385,3.339,3.3385,3.339,2
2026-06-22 04:18:00,3.3335,3.334,3.3335,3.334,3.3385,3.339,3.3385,3.339,2
2026-06-22 04:19:00,3.3335,3.335,3.3335,3.335,3.3385,3.34,3.3385,3.34,6
2026-06-22 04:20:00,3.3345,3.335,3.3345,3.3345,3.3395,3.34,3.3395,3.3395,5
2026-06-22 04:22:00,3.3335,3.335,3.3335,3.335,3.3385,3.34,3.3385,3.34,8
2026-06-22 04:23:00,3.3355,3.3355,3.3345,3.3345,3.3405,3.3405,3.3395,3.3395,3
2026-06-22 04:24:00,3.3335,3.3345,3.3335,3.3345,3.3385,3.3395,3.3385,3.3395,2
2026-06-22 04:25:00,3.334,3.3345,3.334,3.3345,3.339,3.3395,3.339,3.3395,2
2026-06-22 04:26:00,3.335,3.335,3.335,3.335,3.34,3.34,3.34,3.34,1
2026-06-22 04:27:00,3.3355,3.3355,3.3355,3.3355,3.3405,3.3405,3.3405,3.3405,1
2026-06-22 04:28:00,3.3315,3.3335,3.3295,3.3325,3.3365,3.3385,3.3345,3.3375,9
2026-06-22 04:29:00,3.333,3.3335,3.333,3.333,3.338,3.3385,3.338,3.338,3
2026-06-22 04:30:00,3.3325,3.334,3.3325,3.334,3.3375,3.339,3.3375,3.339,6
2026-06-22 04:31:00,3.3335,3.3335,3.3325,3.333,3.3385,3.3385,3.3375,3.338,3
2026-06-22 04:32:00,3.3335,3.3335,3.332,3.3335,3.3385,3.3385,3.337,3.3385,7
2026-06-22 04:33:00,3.334,3.3345,3.334,3.334,3.339,3.3395,3.339,3.339,3
2026-06-22 04:34:00,3.3335,3.3335,3.3325,3.333,3.3385,3.3385,3.3375,3.338,3
2026-06-22 04:35:00,3.3325,3.333,3.3325,3.333,3.3375,3.338,3.3375,3.338,2
2026-06-22 04:36:00,3.3325,3.3325,3.3325,3.3325,3.3375,3.3375,3.3375,3.3375,1
2026-06-22 04:37:00,3.333,3.333,3.3325,3.333,3.338,3.338,3.3375,3.338,3
2026-06-22 04:38:00,3.3335,3.3335,3.3335,3.3335,3.3385,3.3385,3.3385,3.3385,1
2026-06-22 04:40:00,3.3325,3.333,3.3325,3.333,3.3375,3.338,3.3375,3.338,10
2026-06-22 04:41:00,3.3325,3.3345,3.3325,3.3335,3.3375,3.3395,3.3375,3.3385,9
2026-06-22 04:43:00,3.334,3.3345,3.3335,3.3345,3.339,3.3395,3.3385,3.3395,4
2026-06-22 04:44:00,3.334,3.3345,3.3335,3.334,3.339,3.3395,3.3385,3.339,5
2026-06-22 04:45:00,3.3335,3.334,3.3335,3.334,3.3385,3.339,3.3385,3.339,2
2026-06-22 04:47:00,3.3335,3.3335,3.3325,3.3335,3.3385,3.3385,3.3375,3.3385,6
2026-06-22 04:50:00,3.3325,3.3335,3.3325,3.3325,3.3375,3.3385,3.3375,3.3375,4
2026-06-22 04:51:00,3.3315,3.3355,3.3315,3.3355,3.3365,3.3405,3.3365,3.3405,5
2026-06-22 04:52:00,3.3365,3.3365,3.3355,3.336,3.3415,3.3415,3.3405,3.341,4
2026-06-22 04:53:00,3.3365,3.3365,3.3355,3.3355,3.3415,3.3415,3.3405,3.3405,2
2026-06-22 04:54:00,3.336,3.336,3.3345,3.3345,3.341,3.341,3.3395,3.3395,2
2026-06-22 04:55:00,3.335,3.335,3.335,3.335,3.34,3.34,3.34,3.34,1
2026-06-22 04:57:00,3.3355,3.3355,3.3355,3.3355,3.3405,3.3405,3.3405,3.3405,1
2026-06-22 05:00:00,3.3345,3.3365,3.3345,3.3345,3.3395,3.3415,3.3395,3.3395,6
2026-06-22 05:01:00,3.3355,3.3355,3.3345,3.3355,3.3405,3.3405,3.3395,3.3405,4
2026-06-22 05:03:00,3.335,3.335,3.3345,3.3345,3.34,3.34,3.3395,3.3395,2
2026-06-22 05:04:00,3.3335,3.3345,3.3335,3.3345,3.3385,3.3395,3.3385,3.3395,2
2026-06-22 05:05:00,3.335,3.335,3.3345,3.335,3.34,3.34,3.3395,3.34,3
2026-06-22 05:06:00,3.3345,3.3345,3.3335,3.3335,3.3395,3.3395,3.3385,3.3385,3
2026-06-22 05:07:00,3.334,3.334,3.334,3.334,3.339,3.339,3.339,3.339,1
2026-06-22 05:10:00,3.3355,3.3365,3.3315,3.3325,3.3405,3.3415,3.3365,3.3375,12
2026-06-22 05:11:00,3.333,3.333,3.3325,3.333,3.338,3.338,3.3375,3.338,3
2026-06-22 05:12:00,3.3325,3.3335,3.3325,3.3335,3.3375,3.3385,3.3375,3.3385,2
2026-06-22 05:13:00,3.334,3.334,3.334,3.334,3.339,3.339,3.339,3.339,1
2026-06-22 05:14:00,3.3345,3.3345,3.3345,3.3345,3.3395,3.3395,3.3395,3.3395,1
2026-06-22 05:15:00,3.335,3.3365,3.3345,3.3365,3.34,3.3415,3.3395,3.3415,9
2026-06-22 05:16:00,3.3355,3.3365,3.3355,3.3365,3.3405,3.3415,3.3405,3.3415,3
2026-06-22 05:17:00,3.3355,3.336,3.3355,3.3355,3.3405,3.341,3.3405,3.3405,3
2026-06-22 05:18:00,3.336,3.3365,3.3355,3.3365,3.341,3.3415,3.3405,3.3415,4
2026-06-22 05:20:00,3.3355,3.336,3.3355,3.336,3.3405,3.341,3.3405,3.341,2
2026-06-22 05:21:00,3.3365,3.3365,3.3365,3.3365,3.3415,3.3415,3.3415,3.3415,1
2026-06-22 05:23:00,3.3375,3.3375,3.3365,3.337,3.3425,3.3425,3.3415,3.342,3
2026-06-22 05:25:00,3.3365,3.3385,3.3365,3.337,3.3415,3.3435,3.3415,3.342,14
2026-06-22 05:26:00,3.3375,3.3375,3.3375,3.3375,3.3425,3.3425,3.3425,3.3425,1
2026-06-22 05:27:00,3.338,3.3385,3.338,3.3385,3.343,3.3435,3.343,3.3435,2
2026-06-22 05:28:00,3.3375,3.3385,3.3375,3.3385,3.3425,3.3435,3.3425,3.3435,2
2026-06-22 05:29:00,3.339,3.339,3.3375,3.3385,3.344,3.344,3.3425,3.3435,5
2026-06-22 05:30:00,3.3375,3.338,3.3265,3.3265,3.3425,3.343,3.3315,3.3315,76
2026-06-22 05:31:00,3.327,3.329,3.3265,3.328,3.332,3.334,3.3315,3.333,42
2026-06-22 05:32:00,3.3275,3.332,3.3275,3.3295,3.3325,3.337,3.3325,3.3345,32
2026-06-22 05:33:00,3.33,3.332,3.3295,3.3305,3.335,3.337,3.3345,3.3355,28
2026-06-22 05:34:00,3.33,3.3305,3.3275,3.3275,3.335,3.3355,3.3325,3.3325,21
2026-06-22 05:35:00,3.328,3.328,3.3245,3.325,3.333,3.333,3.3295,3.33,24
2026-06-22 05:36:00,3.3245,3.3255,3.3235,3.3245,3.3295,3.3305,3.3285,3.3295,23
2026-06-22 05:37:00,3.3235,3.3265,3.3235,3.3245,3.3285,3.3315,3.3285,3.3295,31
2026-06-22 05:38:00,3.325,3.3255,3.32,3.32,3.33,3.3305,3.325,3.325,24
2026-06-22 05:39:00,3.3205,3.3205,3.3185,3.3205,3.3255,3.3255,3.3235,3.3255,16
2026-06-22 05:40:00,3.321,3.3215,3.3195,3.321,3.326,3.3265,3.3245,3.326,13
2026-06-22 05:41:00,3.3205,3.3225,3.3205,3.322,3.3255,3.3275,3.3255,3.327,23
2026-06-22 05:42:00,3.3225,3.324,3.3225,3.3235,3.3275,3.329,3.3275,3.3285,9
2026-06-22 05:43:00,3.324,3.324,3.322,3.3225,3.329,3.329,3.327,3.3275,18
2026-06-22 05:44:00,3.323,3.3235,3.3225,3.3235,3.328,3.3285,3.3275,3.3285,4
2026-06-22 05:45:00,3.322,3.322,3.3175,3.3175,3.327,3.327,3.3225,3.3225,19
2026-06-22 05:46:00,3.3185,3.3195,3.3175,3.3175,3.3235,3.3245,3.3225,3.3225,14
2026-06-22 05:47:00,3.317,3.318,3.3155,3.3175,3.322,3.323,3.3205,3.3225,13
2026-06-22 05:48:00,3.318,3.319,3.3175,3.318,3.323,3.324,3.3225,3.323,7
2026-06-22 05:49:00,3.3165,3.318,3.3165,3.3165,3.3215,3.323,3.3215,3.3215,11
2026-06-22 05:50:00,3.317,3.317,3.3155,3.3155,3.322,3.322,3.3205,3.3205,7
2026-06-22 05:51:00,3.316,3.317,3.316,3.3165,3.321,3.322,3.321,3.3215,4
2026-06-22 05:52:00,3.317,3.317,3.3165,3.3165,3.322,3.322,3.3215,3.3215,8
2026-06-22 05:53:00,3.316,3.3165,3.316,3.3165,3.321,3.3215,3.321,3.3215,2
2026-06-22 05:54:00,3.317,3.318,3.3165,3.318,3.322,3.323,3.3215,3.323,13
2026-06-22 05:55:00,3.3185,3.3185,3.3185,3.3185,3.3235,3.3235,3.3235,3.3235,1
2026-06-22 05:57:00,3.3175,3.318,3.3175,3.318,3.3225,3.323,3.3225,3.323,2
2026-06-22 05:58:00,3.3175,3.318,3.3175,3.318,3.3225,3.323,3.3225,3.323,2
2026-06-22 05:59:00,3.3175,3.3185,3.3175,3.3185,3.3225,3.3235,3.3225,3.3235,3
2026-06-22 06:00:00,3.3195,3.32,3.3185,3.3185,3.3245,3.325,3.3235,3.3235,12
2026-06-22 06:01:00,3.3175,3.3185,3.3175,3.3185,3.3225,3.3235,3.3225,3.3235,2
2026-06-22 06:02:00,3.318,3.3195,3.318,3.3195,3.323,3.3245,3.323,3.3245,3
2026-06-22 06:03:00,3.3185,3.3195,3.3185,3.3185,3.3235,3.3245,3.3235,3.3235,4
2026-06-22 06:04:00,3.318,3.3185,3.318,3.3185,3.323,3.3235,3.323,3.3235,2
2026-06-22 06:06:00,3.318,3.3205,3.318,3.3195,3.323,3.3255,3.323,3.3245,10
2026-06-22 06:07:00,3.32,3.32,3.32,3.32,3.325,3.325,3.325,3.325,1
2026-06-22 06:08:00,3.3195,3.3195,3.3195,3.3195,3.3245,3.3245,3.3245,3.3245,1
2026-06-22 06:09:00,3.3205,3.3205,3.3195,3.3205,3.3255,3.3255,3.3245,3.3255,4
2026-06-22 06:11:00,3.3215,3.3215,3.3195,3.3195,3.3265,3.3265,3.3245,3.3245,7
2026-06-22 06:12:00,3.3185,3.319,3.3185,3.319,3.3235,3.324,3.3235,3.324,6
2026-06-22 06:13:00,3.3185,3.3185,3.318,3.3185,3.3235,3.3235,3.323,3.3235,3
2026-06-22 06:16:00,3.3195,3.3215,3.3195,3.3205,3.3245,3.3265,3.3245,3.3255,5
2026-06-22 06:17:00,3.3195,3.3195,3.3195,3.3195,3.3245,3.3245,3.3245,3.3245,1
2026-06-22 06:18:00,3.3185,3.3185,3.3165,3.3175,3.3235,3.3235,3.3215,3.3225,4
2026-06-22 06:19:00,3.3165,3.3175,3.3165,3.3175,3.3215,3.3225,3.3215,3.3225,4
2026-06-22 06:21:00,3.3185,3.3185,3.3175,3.3175,3.3235,3.3235,3.3225,3.3225,2
2026-06-22 06:22:00,3.3165,3.3185,3.3165,3.3165,3.3215,3.3235,3.3215,3.3215,7
2026-06-22 06:23:00,3.3175,3.3175,3.3175,3.3175,3.3225,3.3225,3.3225,3.3225,1
2026-06-22 06:24:00,3.3185,3.3185,3.3175,3.3185,3.3235,3.3235,3.3225,3.3235,9
2026-06-22 06:25:00,3.3175,3.318,3.3175,3.3175,3.3225,3.323,3.3225,3.3225,3
2026-06-22 06:27:00,3.3185,3.3185,3.3185,3.3185,3.3235,3.3235,3.3235,3.3235,1
2026-06-22 06:28:00,3.318,3.318,3.3165,3.3165,3.323,3.323,3.3215,3.3215,2
2026-06-22 06:30:00,3.315,3.3165,3.315,3.3165,3.32,3.3215,3.32,3.3215,4
2026-06-22 06:31:00,3.3175,3.3175,3.3175,3.3175,3.3225,3.3225,3.3225,3.3225,1
2026-06-22 06:32:00,3.3165,3.3175,3.3165,3.3175,3.3215,3.3225,3.3215,3.3225,3
2026-06-22 06:34:00,3.3185,3.3185,3.3175,3.3175,3.3235,3.3235,3.3225,3.3225,3
2026-06-22 06:37:00,3.318,3.3185,3.3175,3.3185,3.323,3.3235,3.3225,3.3235,3
2026-06-22 06:38:00,3.3195,3.3195,3.3185,3.3185,3.3245,3.3245,3.3235,3.3235,4
2026-06-22 06:45:00,3.3195,3.3195,3.3185,3.3185,3.3245,3.3245,3.3235,3.3235,3
2026-06-22 06:51:00,3.3195,3.3205,3.3185,3.3195,3.3245,3.3255,3.3235,3.3245,5
2026-06-22 06:55:00,3.3185,3.3195,3.3185,3.3195,3.3235,3.3245,3.3235,3.3245,4
2026-06-22 06:56:00,3.32,3.32,3.3195,3.3195,3.325,3.325,3.3245,3.3245,2
2026-06-22 06:58:00,3.3185,3.3195,3.3185,3.3195,3.3235,3.3245,3.3235,3.3245,3
2026-06-22 06:59:00,3.319,3.3215,3.319,3.3215,3.324,3.3265,3.324,3.3265,5
2026-06-22 07:02:00,3.3205,3.3205,3.3195,3.32,3.3255,3.3255,3.3245,3.325,5
2026-06-22 07:03:00,3.3195,3.3205,3.3195,3.3205,3.3245,3.3255,3.3245,3.3255,2
2026-06-22 07:04:00,3.3195,3.3195,3.3185,3.319,3.3245,3.3245,3.3235,3.324,7
2026-06-22 07:05:00,3.3195,3.3195,3.3175,3.3185,3.3245,3.3245,3.3225,3.3235,4
2026-06-22 07:06:00,3.318,3.318,3.3175,3.3175,3.323,3.323,3.3225,3.3225,2
2026-06-22 07:07:00,3.318,3.3185,3.318,3.3185,3.323,3.3235,3.323,3.3235,2
2026-06-22 07:08:00,3.319,3.319,3.3175,3.3185,3.324,3.324,3.3225,3.3235,9
2026-06-22 07:17:00,3.3195,3.3195,3.3185,3.3185,3.3245,3.3245,3.3235,3.3235,5
2026-06-22 07:18:00,3.3195,3.3195,3.3195,3.3195,3.3245,3.3245,3.3245,3.3245,1
2026-06-22 07:19:00,3.3205,3.321,3.3205,3.321,3.3255,3.326,3.3255,3.326,6
2026-06-22 07:20:00,3.3205,3.3225,3.3205,3.322,3.3255,3.3275,3.3255,3.327,10
2026-06-22 07:21:00,3.3215,3.322,3.3215,3.322,3.3265,3.327,3.3265,3.327,2
2026-06-22 07:22:00,3.3215,3.3215,3.3205,3.3205,3.3265,3.3265,3.3255,3.3255,4
2026-06-22 07:23:00,3.321,3.3245,3.3205,3.3245,3.326,3.3295,3.3255,3.3295,12
2026-06-22 07:24:00,3.3235,3.325,3.3235,3.325,3.3285,3.33,3.3285,3.33,12
2026-06-22 07:25:00,3.3255,3.3255,3.3235,3.3235,3.3305,3.3305,3.3285,3.3285,12
2026-06-22 07:27:00,3.3245,3.3255,3.3235,3.324,3.3295,3.3305,3.3285,3.329,9
2026-06-22 07:28:00,3.3245,3.3245,3.3225,3.3225,3.3295,3.3295,3.3275,3.3275,12
2026-06-22 07:29:00,3.3215,3.3215,3.3215,3.3215,3.3265,3.3265,3.3265,3.3265,1
2026-06-22 07:30:00,3.322,3.3225,3.3215,3.3225,3.327,3.3275,3.3265,3.3275,4
2026-06-22 07:31:00,3.323,3.323,3.323,3.323,3.328,3.328,3.328,3.328,1
2026-06-22 07:32:00,3.3225,3.324,3.3225,3.3235,3.3275,3.329,3.3275,3.3285,8
2026-06-22 07:34:00,3.324,3.324,3.3235,3.324,3.329,3.329,3.3285,3.329,3
2026-06-22 07:35:00,3.3235,3.3235,3.3235,3.3235,3.3285,3.3285,3.3285,3.3285,1
2026-06-22 07:36:00,3.323,3.3235,3.3225,3.3235,3.328,3.3285,3.3275,3.3285,4
2026-06-22 07:37:00,3.324,3.324,3.3235,3.3235,3.329,3.329,3.3285,3.3285,8
2026-06-22 07:38:00,3.324,3.3245,3.324,3.3245,3.329,3.3295,3.329,3.3295,2
2026-06-22 07:39:00,3.324,3.3255,3.324,3.3255,3.329,3.3305,3.329,3.3305,4
2026-06-22 07:40:00,3.326,3.326,3.3235,3.3235,3.331,3.331,3.3285,3.3285,13
2026-06-22 07:41:00,3.324,3.324,3.3235,3.324,3.329,3.329,3.3285,3.329,5
2026-06-22 07:42:00,3.3245,3.3245,3.3235,3.3235,3.3295,3.3295,3.3285,3.3285,6
2026-06-22 07:45:00,3.3225,3.324,3.3225,3.3235,3.3275,3.329,3.3275,3.3285,9
2026-06-22 07:46:00,3.324,3.324,3.3235,3.3235,3.329,3.329,3.3285,3.3285,4
2026-06-22 07:47:00,3.324,3.3245,3.3235,3.3245,3.329,3.3295,3.3285,3.3295,8
2026-06-22 07:48:00,3.3255,3.3255,3.3245,3.3245,3.3305,3.3305,3.3295,3.3295,4
2026-06-22 07:49:00,3.325,3.325,3.3245,3.3245,3.33,3.33,3.3295,3.3295,6
2026-06-22 07:50:00,3.3235,3.3235,3.3235,3.3235,3.3285,3.3285,3.3285,3.3285,1
2026-06-22 07:53:00,3.324,3.324,3.3235,3.3235,3.329,3.329,3.3285,3.3285,6
2026-06-22 07:54:00,3.324,3.324,3.3235,3.3235,3.329,3.329,3.3285,3.3285,2
2026-06-22 07:55:00,3.3245,3.3245,3.3235,3.3245,3.3295,3.3295,3.3285,3.3295,11
2026-06-22 07:57:00,3.324,3.3245,3.3235,3.3245,3.329,3.3295,3.3285,3.3295,6
2026-06-22 07:59:00,3.325,3.325,3.3245,3.3245,3.33,3.33,3.3295,3.3295,4
2026-06-22 08:00:00,3.3255,3.3255,3.3235,3.3235,3.3305,3.3305,3.3285,3.3285,10
2026-06-22 08:01:00,3.324,3.3245,3.3215,3.3235,3.329,3.3295,3.3265,3.3285,28
2026-06-22 08:02:00,3.323,3.3235,3.323,3.323,3.328,3.3285,3.328,3.328,3
2026-06-22 08:03:00,3.3235,3.324,3.3225,3.3225,3.3285,3.329,3.3275,3.3275,8
2026-06-22 08:04:00,3.323,3.323,3.3215,3.3225,3.328,3.328,3.3265,3.3275,8
2026-06-22 08:05:00,3.3235,3.3245,3.323,3.3235,3.3285,3.3295,3.328,3.3285,17
2026-06-22 08:06:00,3.323,3.324,3.3225,3.324,3.328,3.329,3.3275,3.329,10
2026-06-22 08:07:00,3.3235,3.325,3.3235,3.324,3.3285,3.33,3.3285,3.329,12
2026-06-22 08:08:00,3.3235,3.324,3.3235,3.324,3.3285,3.329,3.3285,3.329,2
2026-06-22 08:09:00,3.3235,3.3235,3.3225,3.323,3.3285,3.3285,3.3275,3.328,4
2026-06-22 08:10:00,3.3225,3.323,3.3225,3.3225,3.3275,3.328,3.3275,3.3275,9
2026-06-22 08:11:00,3.3235,3.325,3.3235,3.3245,3.3285,3.33,3.3285,3.3295,6
2026-06-22 08:12:00,3.3255,3.326,3.3245,3.3255,3.3305,3.331,3.3295,3.3305,8
2026-06-22 08:13:00,3.3245,3.325,3.3235,3.3235,3.3295,3.33,3.3285,3.3285,4
2026-06-22 08:14:00,3.323,3.323,3.3205,3.3205,3.328,3.328,3.3255,3.3255,5
2026-06-22 08:15:00,3.3215,3.323,3.3215,3.3225,3.3265,3.328,3.3265,3.3275,11
2026-06-22 08:16:00,3.323,3.323,3.3215,3.3215,3.328,3.328,3.3265,3.3265,11
2026-06-22 08:17:00,3.3225,3.3225,3.3225,3.3225,3.3275,3.3275,3.3275,3.3275,1
2026-06-22 08:18:00,3.323,3.323,3.3225,3.3225,3.328,3.328,3.3275,3.3275,4
2026-06-22 08:19:00,3.323,3.323,3.3225,3.3225,3.328,3.328,3.3275,3.3275,4
2026-06-22 08:20:00,3.323,3.323,3.3225,3.3225,3.328,3.328,3.3275,3.3275,2
2026-06-22 08:21:00,3.323,3.3235,3.323,3.3235,3.328,3.3285,3.328,3.3285,2
2026-06-22 08:22:00,3.324,3.324,3.324,3.324,3.329,3.329,3.329,3.329,1
2026-06-22 08:23:00,3.3235,3.3235,3.3235,3.3235,3.3285,3.3285,3.3285,3.3285,1
2026-06-22 08:24:00,3.323,3.323,3.323,3.323,3.328,3.328,3.328,3.328,1
2026-06-22 08:25:00,3.3235,3.3235,3.3225,3.3225,3.3285,3.3285,3.3275,3.3275,4
2026-06-22 08:26:00,3.323,3.324,3.3225,3.3225,3.328,3.329,3.3275,3.3275,10
2026-06-22 08:29:00,3.3215,3.322,3.3215,3.322,3.3265,3.327,3.3265,3.327,2
2026-06-22 08:30:00,3.3215,3.323,3.3205,3.3225,3.3265,3.328,3.3255,3.3275,9
2026-06-22 08:31:00,3.3215,3.322,3.3215,3.322,3.3265,3.327,3.3265,3.327,2
2026-06-22 08:32:00,3.3225,3.3235,3.3225,3.323,3.3275,3.3285,3.3275,3.328,3
2026-06-22 08:33:00,3.3225,3.323,3.3225,3.323,3.3275,3.328,3.3275,3.328,4
2026-06-22 08:35:00,3.3225,3.324,3.3225,3.324,3.3275,3.329,3.3275,3.329,6
2026-06-22 08:36:00,3.3245,3.3245,3.3245,3.3245,3.3295,3.3295,3.3295,3.3295,1
2026-06-22 08:37:00,3.325,3.325,3.3245,3.325,3.33,3.33,3.3295,3.33,3
2026-06-22 08:38:00,3.3245,3.325,3.3245,3.3245,3.3295,3.33,3.3295,3.3295,5
2026-06-22 08:39:00,3.325,3.325,3.3245,3.3245,3.33,3.33,3.3295,3.3295,2
2026-06-22 08:40:00,3.325,3.3265,3.3245,3.326,3.33,3.3315,3.3295,3.331,12
2026-06-22 08:41:00,3.3265,3.3305,3.3265,3.3285,3.3315,3.3355,3.3315,3.3335,15
2026-06-22 08:42:00,3.329,3.3295,3.3285,3.3295,3.334,3.3345,3.3335,3.3345,11
2026-06-22 08:43:00,3.329,3.3295,3.3285,3.3285,3.334,3.3345,3.3335,3.3335,3
2026-06-22 08:44:00,3.329,3.329,3.329,3.329,3.334,3.334,3.334,3.334,1
2026-06-22 08:45:00,3.3295,3.332,3.3295,3.331,3.3345,3.337,3.3345,3.336,13
2026-06-22 08:46:00,3.332,3.3345,3.332,3.334,3.337,3.3395,3.337,3.339,7
2026-06-22 08:47:00,3.3345,3.3345,3.3345,3.3345,3.3395,3.3395,3.3395,3.3395,1
2026-06-22 08:49:00,3.335,3.335,3.332,3.3325,3.34,3.34,3.337,3.3375,17
2026-06-22 08:50:00,3.333,3.3375,3.3325,3.3365,3.338,3.3425,3.3375,3.3415,29
2026-06-22 08:51:00,3.3375,3.3385,3.3365,3.3375,3.3425,3.3435,3.3415,3.3425,10
2026-06-22 08:52:00,3.337,3.3385,3.337,3.3375,3.342,3.3435,3.342,3.3425,5
2026-06-22 08:53:00,3.338,3.338,3.3375,3.338,3.343,3.343,3.3425,3.343,5
2026-06-22 08:54:00,3.3385,3.3385,3.3375,3.3385,3.3435,3.3435,3.3425,3.3435,5
2026-06-22 08:55:00,3.338,3.3415,3.3375,3.34,3.343,3.3465,3.3425,3.345,29
2026-06-22 08:56:00,3.339,3.3395,3.3365,3.337,3.344,3.3445,3.3415,3.342,9
2026-06-22 08:57:00,3.3375,3.338,3.3355,3.3365,3.3425,3.343,3.3405,3.3415,9
2026-06-22 08:58:00,3.3355,3.336,3.3335,3.3345,3.3405,3.341,3.3385,3.3395,16
2026-06-22 08:59:00,3.334,3.3385,3.334,3.338,3.339,3.3435,3.339,3.343,14
2026-06-22 09:00:00,3.3385,3.3385,3.3365,3.3375,3.3435,3.3435,3.3415,3.3425,7
2026-06-22 09:01:00,3.338,3.3385,3.3375,3.3385,3.343,3.3435,3.3425,3.3435,8
2026-06-22 09:02:00,3.3375,3.338,3.3375,3.3375,3.3425,3.343,3.3425,3.3425,3
2026-06-22 09:03:00,3.3385,3.3385,3.3375,3.338,3.3435,3.3435,3.3425,3.343,8
2026-06-22 09:04:00,3.3385,3.3385,3.3375,3.3375,3.3435,3.3435,3.3425,3.3425,10
2026-06-22 09:05:00,3.338,3.3415,3.3375,3.3395,3.343,3.3465,3.3425,3.3445,14
2026-06-22 09:06:00,3.3385,3.3395,3.3375,3.3385,3.3435,3.3445,3.3425,3.3435,22
2026-06-22 09:07:00,3.3375,3.338,3.337,3.3375,3.3425,3.343,3.342,3.3425,9
2026-06-22 09:08:00,3.338,3.3395,3.338,3.3385,3.343,3.3445,3.343,3.3435,7
2026-06-22 09:10:00,3.339,3.3395,3.3385,3.339,3.344,3.3445,3.3435,3.344,7
2026-06-22 09:11:00,3.3385,3.3405,3.3385,3.34,3.3435,3.3455,3.3435,3.345,24
2026-06-22 09:12:00,3.3405,3.3425,3.3405,3.3425,3.3455,3.3475,3.3455,3.3475,9
2026-06-22 09:13:00,3.3415,3.3425,3.3415,3.3415,3.3465,3.3475,3.3465,3.3465,7
2026-06-22 09:14:00,3.3425,3.3425,3.3405,3.3425,3.3475,3.3475,3.3455,3.3475,9
2026-06-22 09:16:00,3.3435,3.3435,3.3415,3.342,3.3485,3.3485,3.3465,3.347,8
2026-06-22 09:17:00,3.3425,3.3425,3.3415,3.3415,3.3475,3.3475,3.3465,3.3465,5
2026-06-22 09:18:00,3.3405,3.341,3.3395,3.3395,3.3455,3.346,3.3445,3.3445,6
2026-06-22 09:19:00,3.339,3.3395,3.3385,3.3385,3.344,3.3445,3.3435,3.3435,6
2026-06-22 09:20:00,3.3395,3.3395,3.3395,3.3395,3.3445,3.3445,3.3445,3.3445,1
2026-06-22 09:21:00,3.3385,3.3385,3.3365,3.3365,3.3435,3.3435,3.3415,3.3415,5
2026-06-22 09:22:00,3.337,3.337,3.3355,3.3365,3.342,3.342,3.3405,3.3415,11
2026-06-22 09:23:00,3.336,3.3365,3.3355,3.336,3.341,3.3415,3.3405,3.341,9
2026-06-22 09:24:00,3.3355,3.3365,3.3355,3.336,3.3405,3.3415,3.3405,3.341,13
2026-06-22 09:25:00,3.3355,3.3355,3.3345,3.3355,3.3405,3.3405,3.3395,3.3405,4
2026-06-22 09:26:00,3.335,3.3355,3.335,3.3355,3.34,3.3405,3.34,3.3405,10
2026-06-22 09:27:00,3.3365,3.338,3.3355,3.3365,3.3415,3.343,3.3405,3.3415,12
2026-06-22 09:28:00,3.337,3.3375,3.3345,3.335,3.342,3.3425,3.3395,3.34,10
2026-06-22 09:29:00,3.3355,3.3355,3.3345,3.3355,3.3405,3.3405,3.3395,3.3405,4
2026-06-22 09:30:00,3.3365,3.3365,3.3355,3.3365,3.3415,3.3415,3.3405,3.3415,4
2026-06-22 09:31:00,3.3375,3.3385,3.337,3.3385,3.3425,3.3435,3.342,3.3435,16
2026-06-22 09:33:00,3.3395,3.3435,3.3385,3.3415,3.3445,3.3485,3.3435,3.3465,36
2026-06-22 09:34:00,3.342,3.3465,3.3415,3.3455,3.347,3.3515,3.3465,3.3505,32
2026-06-22 09:35:00,3.346,3.3485,3.346,3.3475,3.351,3.3535,3.351,3.3525,28
2026-06-22 09:36:00,3.3485,3.3485,3.3485,3.3485,3.3535,3.3535,3.3535,3.3535,1
2026-06-22 09:37:00,3.3475,3.3475,3.347,3.3475,3.3525,3.3525,3.352,3.3525,3
2026-06-22 09:38:00,3.3465,3.3495,3.3465,3.348,3.3515,3.3545,3.3515,3.353,17
2026-06-22 09:39:00,3.3475,3.3495,3.3475,3.3475,3.3525,3.3545,3.3525,3.3525,14
2026-06-22 09:41:00,3.348,3.3485,3.3475,3.3485,3.353,3.3535,3.3525,3.3535,6
2026-06-22 09:42:00,3.3495,3.3495,3.3465,3.3495,3.3545,3.3545,3.3515,3.3545,16
2026-06-22 09:43:00,3.3485,3.3505,3.3485,3.349,3.3535,3.3555,3.3535,3.354,15
2026-06-22 09:44:00,3.3485,3.35,3.3485,3.3495,3.3535,3.355,3.3535,3.3545,9
2026-06-22 09:45:00,3.35,3.3505,3.3495,3.3495,3.355,3.3555,3.3545,3.3545,7
2026-06-22 09:46:00,3.35,3.3505,3.3495,3.35,3.355,3.3555,3.3545,3.355,11
2026-06-22 09:47:00,3.3505,3.3565,3.3505,3.3555,3.3555,3.3615,3.3555,3.3605,39
2026-06-22 09:48:00,3.356,3.3565,3.355,3.355,3.361,3.3615,3.36,3.36,11
2026-06-22 09:49:00,3.3555,3.3565,3.3545,3.3555,3.3605,3.3615,3.3595,3.3605,7
2026-06-22 09:50:00,3.356,3.3565,3.356,3.3565,3.361,3.3615,3.361,3.3615,2
2026-06-22 09:51:00,3.357,3.3575,3.3555,3.356,3.362,3.3625,3.3605,3.361,11
2026-06-22 09:52:00,3.3565,3.3585,3.3545,3.3575,3.3615,3.3635,3.3595,3.3625,12
2026-06-22 09:53:00,3.358,3.358,3.3555,3.3555,3.363,3.363,3.3605,3.3605,15
2026-06-22 09:54:00,3.356,3.3565,3.3555,3.3555,3.361,3.3615,3.3605,3.3605,3
2026-06-22 09:55:00,3.3545,3.3545,3.352,3.3525,3.3595,3.3595,3.357,3.3575,19
2026-06-22 09:56:00,3.352,3.3545,3.351,3.3545,3.357,3.3595,3.356,3.3595,15
2026-06-22 09:57:00,3.3555,3.356,3.3545,3.356,3.3605,3.361,3.3595,3.361,9
2026-06-22 09:58:00,3.3555,3.3575,3.3555,3.357,3.3605,3.3625,3.3605,3.362,6
2026-06-22 09:59:00,3.3565,3.3575,3.3565,3.3575,3.3615,3.3625,3.3615,3.3625,15
2026-06-22 10:00:00,3.3565,3.3585,3.3565,3.358,3.3615,3.3635,3.3615,3.363,15
2026-06-22 10:01:00,3.3575,3.3635,3.3575,3.3625,3.3625,3.3685,3.3625,3.3675,24
2026-06-22 10:02:00,3.363,3.3635,3.3615,3.3625,3.368,3.3685,3.3665,3.3675,7
2026-06-22 10:03:00,3.3615,3.3635,3.3615,3.3625,3.3665,3.3685,3.3665,3.3675,9
2026-06-22 10:04:00,3.3635,3.368,3.3625,3.3665,3.3685,3.373,3.3675,3.3715,54
2026-06-22 10:05:00,3.367,3.367,3.3645,3.3655,3.372,3.372,3.3695,3.3705,20
2026-06-22 10:06:00,3.3665,3.3695,3.3655,3.3695,3.3715,3.3745,3.3705,3.3745,17
2026-06-22 10:07:00,3.37,3.3715,3.37,3.3715,3.375,3.3765,3.375,3.3765,3
2026-06-22 10:08:00,3.3705,3.3715,3.3695,3.3705,3.3755,3.3765,3.3745,3.3755,9
2026-06-22 10:09:00,3.3695,3.3705,3.3685,3.3685,3.3745,3.3755,3.3735,3.3735,8
2026-06-22 10:10:00,3.369,3.3695,3.3685,3.369,3.374,3.3745,3.3735,3.374,14
2026-06-22 10:11:00,3.3695,3.37,3.368,3.368,3.3745,3.375,3.373,3.373,5
2026-06-22 10:12:00,3.3675,3.3675,3.3645,3.3655,3.3725,3.3725,3.3695,3.3705,14
2026-06-22 10:13:00,3.365,3.3665,3.3645,3.3655,3.37,3.3715,3.3695,3.3705,25
2026-06-22 10:14:00,3.366,3.3665,3.3655,3.3665,3.371,3.3715,3.3705,3.3715,8
2026-06-22 10:15:00,3.367,3.3675,3.3665,3.367,3.372,3.3725,3.3715,3.372,14
2026-06-22 10:16:00,3.3665,3.3675,3.3665,3.3675,3.3715,3.3725,3.3715,3.3725,5
2026-06-22 10:18:00,3.368,3.3685,3.3675,3.3675,3.373,3.3735,3.3725,3.3725,8
2026-06-22 10:19:00,3.3665,3.3665,3.3645,3.3655,3.3715,3.3715,3.3695,3.3705,10
2026-06-22 10:20:00,3.3645,3.366,3.3645,3.3655,3.3695,3.371,3.3695,3.3705,8
2026-06-22 10:21:00,3.366,3.3665,3.3655,3.3655,3.371,3.3715,3.3705,3.3705,11
2026-06-22 10:22:00,3.3645,3.3655,3.3645,3.3645,3.3695,3.3705,3.3695,3.3695,6
2026-06-22 10:23:00,3.365,3.3675,3.3645,3.366,3.37,3.3725,3.3695,3.371,12
2026-06-22 10:24:00,3.3665,3.3675,3.3655,3.3675,3.3715,3.3725,3.3705,3.3725,9
2026-06-22 10:25:00,3.3685,3.3695,3.3675,3.3685,3.3735,3.3745,3.3725,3.3735,11
2026-06-22 10:26:00,3.3675,3.3685,3.3665,3.3685,3.3725,3.3735,3.3715,3.3735,9
2026-06-22 10:27:00,3.369,3.3705,3.3675,3.3685,3.374,3.3755,3.3725,3.3735,14
2026-06-22 10:28:00,3.3675,3.3675,3.3675,3.3675,3.3725,3.3725,3.3725,3.3725,1
2026-06-22 10:29:00,3.368,3.3685,3.3675,3.3685,3.373,3.3735,3.3725,3.3735,5
2026-06-22 10:30:00,3.3675,3.3685,3.3655,3.3675,3.3725,3.3735,3.3705,3.3725,15
2026-06-22 10:31:00,3.368,3.3685,3.3675,3.3675,3.373,3.3735,3.3725,3.3725,9
2026-06-22 10:32:00,3.368,3.368,3.3675,3.3675,3.373,3.373,3.3725,3.3725,2
2026-06-22 10:33:00,3.368,3.3685,3.3675,3.368,3.373,3.3735,3.3725,3.373,6
2026-06-22 10:34:00,3.3675,3.3675,3.3665,3.3665,3.3725,3.3725,3.3715,3.3715,7
2026-06-22 10:37:00,3.3675,3.3685,3.3665,3.3685,3.3725,3.3735,3.3715,3.3735,13
2026-06-22 10:38:00,3.3695,3.3705,3.3695,3.3695,3.3745,3.3755,3.3745,3.3745,3
2026-06-22 10:39:00,3.3705,3.3705,3.3685,3.3685,3.3755,3.3755,3.3735,3.3735,12
2026-06-22 10:40:00,3.3695,3.3715,3.3695,3.3695,3.3745,3.3765,3.3745,3.3745,9
2026-06-22 10:41:00,3.37,3.3705,3.3695,3.3695,3.375,3.3755,3.3745,3.3745,9
2026-06-22 10:42:00,3.3685,3.3695,3.3675,3.3695,3.3735,3.3745,3.3725,3.3745,7
2026-06-22 10:43:00,3.3685,3.3695,3.3685,3.3695,3.3735,3.3745,3.3735,3.3745,2
2026-06-22 10:44:00,3.3705,3.3705,3.3685,3.3685,3.3755,3.3755,3.3735,3.3735,7
2026-06-22 10:45:00,3.369,3.3695,3.3685,3.3685,3.374,3.3745,3.3735,3.3735,3
2026-06-22 10:46:00,3.3675,3.3685,3.3675,3.3685,3.3725,3.3735,3.3725,3.3735,6
2026-06-22 10:47:00,3.3675,3.3685,3.3675,3.3685,3.3725,3.3735,3.3725,3.3735,5
2026-06-22 10:49:00,3.3675,3.3675,3.3645,3.366,3.3725,3.3725,3.3695,3.371,16
2026-06-22 10:50:00,3.3665,3.3665,3.364,3.3645,3.3715,3.3715,3.369,3.3695,11
2026-06-22 10:51:00,3.364,3.3655,3.3625,3.363,3.369,3.3705,3.3675,3.368,15
2026-06-22 10:52:00,3.3625,3.363,3.3605,3.3615,3.3675,3.368,3.3655,3.3665,27
2026-06-22 10:53:00,3.361,3.3615,3.3605,3.3605,3.366,3.3665,3.3655,3.3655,15
2026-06-22 10:54:00,3.36,3.3625,3.36,3.3605,3.365,3.3675,3.365,3.3655,18
2026-06-22 10:55:00,3.36,3.3605,3.3585,3.3595,3.365,3.3655,3.3635,3.3645,11
2026-06-22 10:56:00,3.359,3.3595,3.3585,3.3595,3.364,3.3645,3.3635,3.3645,6
2026-06-22 10:57:00,3.3605,3.3615,3.3595,3.3615,3.3655,3.3665,3.3645,3.3665,11
2026-06-22 10:58:00,3.3605,3.3615,3.3605,3.3615,3.3655,3.3665,3.3655,3.3665,3
2026-06-22 10:59:00,3.3625,3.3625,3.3615,3.3625,3.3675,3.3675,3.3665,3.3675,7
2026-06-22 11:00:00,3.3635,3.3645,3.3635,3.3645,3.3685,3.3695,3.3685,3.3695,12
2026-06-22 11:01:00,3.3635,3.3635,3.3635,3.3635,3.3685,3.3685,3.3685,3.3685,1
2026-06-22 11:02:00,3.3625,3.3625,3.3585,3.3605,3.3675,3.3675,3.3635,3.3655,19
2026-06-22 11:03:00,3.361,3.3625,3.3605,3.3625,3.366,3.3675,3.3655,3.3675,12
2026-06-22 11:04:00,3.3615,3.3615,3.3615,3.3615,3.3665,3.3665,3.3665,3.3665,1
2026-06-22 11:05:00,3.3605,3.3605,3.3595,3.3605,3.3655,3.3655,3.3645,3.3655,4
2026-06-22 11:06:00,3.36,3.36,3.3595,3.3595,3.365,3.365,3.3645,3.3645,4
2026-06-22 11:07:00,3.3585,3.3595,3.3585,3.3595,3.3635,3.3645,3.3635,3.3645,2
2026-06-22 11:08:00,3.3585,3.3585,3.3565,3.3585,3.3635,3.3635,3.3615,3.3635,13
2026-06-22 11:09:00,3.3575,3.358,3.3575,3.358,3.3625,3.363,3.3625,3.363,6
2026-06-22 11:10:00,3.3585,3.3585,3.3545,3.357,3.3635,3.3635,3.3595,3.362,11
2026-06-22 11:11:00,3.3565,3.3575,3.3565,3.3575,3.3615,3.3625,3.3615,3.3625,3
2026-06-22 11:12:00,3.3585,3.3595,3.3575,3.3585,3.3635,3.3645,3.3625,3.3635,8
2026-06-22 11:13:00,3.3595,3.3595,3.3585,3.3585,3.3645,3.3645,3.3635,3.3635,3
2026-06-22 11:15:00,3.3575,3.3585,3.3565,3.3565,3.3625,3.3635,3.3615,3.3615,7
2026-06-22 11:16:00,3.357,3.3575,3.3565,3.3565,3.362,3.3625,3.3615,3.3615,6
2026-06-22 11:17:00,3.356,3.3565,3.3555,3.3565,3.361,3.3615,3.3605,3.3615,3
2026-06-22 11:18:00,3.356,3.356,3.35,3.3505,3.361,3.361,3.355,3.3555,25
2026-06-22 11:19:00,3.3495,3.3505,3.3475,3.3495,3.3545,3.3555,3.3525,3.3545,14
2026-06-22 11:20:00,3.3485,3.3485,3.3475,3.3475,3.3535,3.3535,3.3525,3.3525,7
2026-06-22 11:21:00,3.347,3.347,3.3455,3.3455,3.352,3.352,3.3505,3.3505,3
2026-06-22 11:22:00,3.3465,3.3485,3.3465,3.348,3.3515,3.3535,3.3515,3.353,7
2026-06-22 11:23:00,3.3475,3.3485,3.3455,3.348,3.3525,3.3535,3.3505,3.353,12
2026-06-22 11:24:00,3.3485,3.3495,3.3475,3.3485,3.3535,3.3545,3.3525,3.3535,9
2026-06-22 11:25:00,3.348,3.348,3.3475,3.3475,3.353,3.353,3.3525,3.3525,2
2026-06-22 11:26:00,3.3485,3.3485,3.348,3.3485,3.3535,3.3535,3.353,3.3535,3
2026-06-22 11:27:00,3.3495,3.3515,3.3485,3.3515,3.3545,3.3565,3.3535,3.3565,7
2026-06-22 11:28:00,3.3505,3.3525,3.3505,3.3525,3.3555,3.3575,3.3555,3.3575,14
2026-06-22 11:29:00,3.353,3.353,3.352,3.352,3.358,3.358,3.357,3.357,3
2026-06-22 11:30:00,3.3515,3.3515,3.3495,3.3505,3.3565,3.3565,3.3545,3.3555,7
2026-06-22 11:31:00,3.3515,3.3535,3.3505,3.3515,3.3565,3.3585,3.3555,3.3565,13
2026-06-22 11:32:00,3.352,3.3535,3.3505,3.3535,3.357,3.3585,3.3555,3.3585,14
2026-06-22 11:33:00,3.353,3.3535,3.3505,3.351,3.358,3.3585,3.3555,3.356,13
2026-06-22 11:34:00,3.3515,3.3515,3.3505,3.3515,3.3565,3.3565,3.3555,3.3565,4
2026-06-22 11:35:00,3.351,3.3545,3.3505,3.354,3.356,3.3595,3.3555,3.359,8
2026-06-22 11:36:00,3.3545,3.3545,3.3535,3.354,3.3595,3.3595,3.3585,3.359,4
2026-06-22 11:37:00,3.3545,3.3575,3.3545,3.356,3.3595,3.3625,3.3595,3.361,11
2026-06-22 11:38:00,3.3555,3.3575,3.3555,3.3565,3.3605,3.3625,3.3605,3.3615,5
2026-06-22 11:40:00,3.3575,3.3575,3.3565,3.3565,3.3625,3.3625,3.3615,3.3615,5
2026-06-22 11:41:00,3.3555,3.3555,3.3545,3.3555,3.3605,3.3605,3.3595,3.3605,4
2026-06-22 11:42:00,3.356,3.3565,3.356,3.3565,3.361,3.3615,3.361,3.3615,2
2026-06-22 11:43:00,3.3555,3.3575,3.3555,3.3575,3.3605,3.3625,3.3605,3.3625,5
2026-06-22 11:44:00,3.3585,3.3585,3.3585,3.3585,3.3635,3.3635,3.3635,3.3635,1
2026-06-22 11:45:00,3.3595,3.3595,3.3575,3.3575,3.3645,3.3645,3.3625,3.3625,3
2026-06-22 11:46:00,3.3585,3.3605,3.3585,3.3605,3.3635,3.3655,3.3635,3.3655,6
2026-06-22 11:47:00,3.3595,3.3605,3.3595,3.3605,3.3645,3.3655,3.3645,3.3655,4
2026-06-22 11:48:00,3.3595,3.3605,3.3595,3.3605,3.3645,3.3655,3.3645,3.3655,4
2026-06-22 11:49:00,3.3595,3.3625,3.3595,3.3615,3.3645,3.3675,3.3645,3.3665,7
2026-06-22 11:50:00,3.3625,3.3635,3.3625,3.3625,3.3675,3.3685,3.3675,3.3675,7
2026-06-22 11:52:00,3.3635,3.3645,3.3625,3.3635,3.3685,3.3695,3.3675,3.3685,11
2026-06-22 11:53:00,3.3645,3.3645,3.3645,3.3645,3.3695,3.3695,3.3695,3.3695,1
2026-06-22 11:54:00,3.3635,3.364,3.3625,3.3635,3.3685,3.369,3.3675,3.3685,7
2026-06-22 11:55:00,3.3625,3.3625,3.361,3.361,3.3675,3.3675,3.366,3.366,3
2026-06-22 11:56:00,3.3605,3.3615,3.3605,3.3605,3.3655,3.3665,3.3655,3.3655,5
2026-06-22 11:57:00,3.3615,3.3615,3.359,3.3595,3.3665,3.3665,3.364,3.3645,13
2026-06-22 11:58:00,3.3605,3.3605,3.3595,3.3605,3.3655,3.3655,3.3645,3.3655,11
2026-06-22 11:59:00,3.3595,3.3615,3.3595,3.3615,3.3645,3.3665,3.3645,3.3665,9
2026-06-22 12:00:00,3.3605,3.3615,3.36,3.3615,3.3655,3.3665,3.365,3.3665,9
2026-06-22 12:01:00,3.361,3.3615,3.3595,3.361,3.366,3.3665,3.3645,3.366,12
2026-06-22 12:02:00,3.3605,3.3605,3.3595,3.3605,3.3655,3.3655,3.3645,3.3655,6
2026-06-22 12:03:00,3.3595,3.36,3.3595,3.3595,3.3645,3.365,3.3645,3.3645,3
2026-06-22 12:04:00,3.3585,3.3605,3.3585,3.3595,3.3635,3.3655,3.3635,3.3645,12
2026-06-22 12:05:00,3.3585,3.3585,3.3575,3.3575,3.3635,3.3635,3.3625,3.3625,5
2026-06-22 12:06:00,3.3565,3.3575,3.3555,3.3555,3.3615,3.3625,3.3605,3.3605,10
2026-06-22 12:07:00,3.3565,3.3565,3.3555,3.3555,3.3615,3.3615,3.3605,3.3605,5
2026-06-22 12:08:00,3.3565,3.3565,3.3555,3.3565,3.3615,3.3615,3.3605,3.3615,10
2026-06-22 12:09:00,3.3555,3.3565,3.3555,3.3565,3.3605,3.3615,3.3605,3.3615,2
2026-06-22 12:10:00,3.3575,3.3585,3.3575,3.3585,3.3625,3.3635,3.3625,3.3635,4
2026-06-22 12:12:00,3.3575,3.3585,3.3575,3.3585,3.3625,3.3635,3.3625,3.3635,3
2026-06-22 12:13:00,3.3595,3.3595,3.3585,3.3595,3.3645,3.3645,3.3635,3.3645,5
2026-06-22 12:14:00,3.36,3.3615,3.36,3.3615,3.365,3.3665,3.365,3.3665,4
2026-06-22 12:16:00,3.3625,3.3625,3.3625,3.3625,3.3675,3.3675,3.3675,3.3675,1
2026-06-22 12:18:00,3.3615,3.3625,3.3615,3.3625,3.3665,3.3675,3.3665,3.3675,4
2026-06-22 12:19:00,3.3615,3.3625,3.3615,3.3625,3.3665,3.3675,3.3665,3.3675,6
2026-06-22 12:20:00,3.3635,3.3635,3.3625,3.3625,3.3685,3.3685,3.3675,3.3675,2
2026-06-22 12:21:00,3.362,3.3625,3.3615,3.3615,3.367,3.3675,3.3665,3.3665,3
2026-06-22 12:23:00,3.3625,3.3635,3.3625,3.3625,3.3675,3.3685,3.3675,3.3675,5
2026-06-22 12:24:00,3.363,3.363,3.3615,3.3615,3.368,3.368,3.3665,3.3665,5
2026-06-22 12:25:00,3.3625,3.3635,3.3615,3.3625,3.3675,3.3685,3.3665,3.3675,9
2026-06-22 12:26:00,3.362,3.3625,3.3615,3.3625,3.367,3.3675,3.3665,3.3675,3
2026-06-22 12:27:00,3.3635,3.3635,3.3635,3.3635,3.3685,3.3685,3.3685,3.3685,1
2026-06-22 12:28:00,3.3625,3.3625,3.3625,3.3625,3.3675,3.3675,3.3675,3.3675,1
2026-06-22 12:29:00,3.3615,3.3625,3.3615,3.3615,3.3665,3.3675,3.3665,3.3665,7
2026-06-22 12:30:00,3.3605,3.3605,3.3575,3.3595,3.3655,3.3655,3.3625,3.3645,14
2026-06-22 12:31:00,3.359,3.3595,3.3575,3.3575,3.364,3.3645,3.3625,3.3625,6
2026-06-22 12:32:00,3.3565,3.3585,3.3565,3.3585,3.3615,3.3635,3.3615,3.3635,9
2026-06-22 12:33:00,3.3575,3.358,3.3575,3.358,3.3625,3.363,3.3625,3.363,6
2026-06-22 12:34:00,3.3575,3.3595,3.3575,3.3595,3.3625,3.3645,3.3625,3.3645,7
2026-06-22 12:35:00,3.3585,3.3595,3.3585,3.3595,3.3635,3.3645,3.3635,3.3645,2
2026-06-22 12:38:00,3.3605,3.3605,3.3595,3.3595,3.3655,3.3655,3.3645,3.3645,4
2026-06-22 12:39:00,3.3585,3.3605,3.3585,3.3605,3.3635,3.3655,3.3635,3.3655,3
2026-06-22 12:40:00,3.36,3.3605,3.3595,3.3595,3.365,3.3655,3.3645,3.3645,12
2026-06-22 12:41:00,3.3585,3.3585,3.356,3.3565,3.3635,3.3635,3.361,3.3615,7
2026-06-22 12:42:00,3.3545,3.3545,3.3535,3.3535,3.3595,3.3595,3.3585,3.3585,4
2026-06-22 12:43:00,3.3545,3.3545,3.3535,3.3545,3.3595,3.3595,3.3585,3.3595,3
2026-06-22 12:45:00,3.3535,3.3545,3.3535,3.3545,3.3585,3.3595,3.3585,3.3595,2
2026-06-22 12:46:00,3.3535,3.3545,3.3535,3.3545,3.3585,3.3595,3.3585,3.3595,4
2026-06-22 12:47:00,3.3535,3.3605,3.3525,3.3595,3.3585,3.3655,3.3575,3.3645,22
2026-06-22 12:48:00,3.3585,3.3585,3.358,3.358,3.3635,3.3635,3.363,3.363,4
2026-06-22 12:49:00,3.3575,3.3575,3.3565,3.3575,3.3625,3.3625,3.3615,3.3625,3
2026-06-22 12:50:00,3.3585,3.3585,3.3575,3.3575,3.3635,3.3635,3.3625,3.3625,3
2026-06-22 12:51:00,3.3565,3.3565,3.3555,3.3555,3.3615,3.3615,3.3605,3.3605,4
2026-06-22 12:53:00,3.3545,3.3555,3.3535,3.3555,3.3595,3.3605,3.3585,3.3605,9
2026-06-22 12:54:00,3.3545,3.3545,3.3515,3.3515,3.3595,3.3595,3.3565,3.3565,6
2026-06-22 12:55:00,3.3525,3.3525,3.3515,3.3515,3.3575,3.3575,3.3565,3.3565,6
2026-06-22 12:56:00,3.3525,3.3525,3.3515,3.3515,3.3575,3.3575,3.3565,3.3565,3
2026-06-22 12:57:00,3.3505,3.3515,3.3485,3.3505,3.3555,3.3565,3.3535,3.3555,24
2026-06-22 12:58:00,3.3495,3.3495,3.3485,3.3485,3.3545,3.3545,3.3535,3.3535,2
2026-06-22 12:59:00,3.3475,3.3485,3.3465,3.3475,3.3525,3.3535,3.3515,3.3525,9
2026-06-22 13:00:00,3.3485,3.3505,3.3475,3.3505,3.3535,3.3555,3.3525,3.3555,14
2026-06-22 13:01:00,3.3515,3.3525,3.3485,3.3495,3.3565,3.3575,3.3535,3.3545,14
2026-06-22 13:02:00,3.3485,3.3485,3.3445,3.3465,3.3535,3.3535,3.3495,3.3515,13
2026-06-22 13:03:00,3.3455,3.3455,3.3455,3.3455,3.3505,3.3505,3.3505,3.3505,1
2026-06-22 13:04:00,3.3465,3.3485,3.3455,3.3455,3.3515,3.3535,3.3505,3.3505,9
2026-06-22 13:05:00,3.3445,3.3455,3.3425,3.3435,3.3495,3.3505,3.3475,3.3485,19
2026-06-22 13:06:00,3.3425,3.3435,3.3365,3.3375,3.3475,3.3485,3.3415,3.3425,31
2026-06-22 13:07:00,3.337,3.3385,3.3335,3.3385,3.342,3.3435,3.3385,3.3435,38
2026-06-22 13:08:00,3.338,3.338,3.3335,3.3345,3.343,3.343,3.3385,3.3395,26
2026-06-22 13:09:00,3.334,3.3345,3.3315,3.3325,3.339,3.3395,3.3365,3.3375,32
2026-06-22 13:10:00,3.333,3.3335,3.3315,3.3325,3.338,3.3385,3.3365,3.3375,22
2026-06-22 13:11:00,3.3315,3.3375,3.3305,3.335,3.3365,3.3425,3.3355,3.34,35
2026-06-22 13:12:00,3.3345,3.335,3.3325,3.3345,3.3395,3.34,3.3375,3.3395,15
2026-06-22 13:13:00,3.334,3.3345,3.334,3.3345,3.339,3.3395,3.339,3.3395,8
2026-06-22 13:14:00,3.3335,3.3365,3.3325,3.3365,3.3385,3.3415,3.3375,3.3415,16
2026-06-22 13:15:00,3.3355,3.3355,3.3325,3.3335,3.3405,3.3405,3.3375,3.3385,19
2026-06-22 13:16:00,3.3325,3.3335,3.3325,3.333,3.3375,3.3385,3.3375,3.338,6
2026-06-22 13:17:00,3.3325,3.3335,3.3325,3.3335,3.3375,3.3385,3.3375,3.3385,2
2026-06-22 13:18:00,3.3325,3.3355,3.3315,3.3345,3.3375,3.3405,3.3365,3.3395,7
2026-06-22 13:19:00,3.3335,3.3345,3.3305,3.3305,3.3385,3.3395,3.3355,3.3355,18
2026-06-22 13:20:00,3.33,3.331,3.3285,3.3285,3.335,3.336,3.3335,3.3335,25
2026-06-22 13:21:00,3.3295,3.3295,3.3265,3.3275,3.3345,3.3345,3.3315,3.3325,12
2026-06-22 13:22:00,3.3285,3.3285,3.3265,3.3265,3.3335,3.3335,3.3315,3.3315,5
2026-06-22 13:23:00,3.3275,3.3275,3.326,3.3265,3.3325,3.3325,3.331,3.3315,8
2026-06-22 13:24:00,3.3275,3.3295,3.327,3.3295,3.3325,3.3345,3.332,3.3345,7
2026-06-22 13:25:00,3.3285,3.33,3.3275,3.3275,3.3335,3.335,3.3325,3.3325,22
2026-06-22 13:26:00,3.3265,3.3275,3.3265,3.3265,3.3315,3.3325,3.3315,3.3315,6
2026-06-22 13:27:00,3.3255,3.3295,3.3255,3.329,3.3305,3.3345,3.3305,3.334,18
2026-06-22 13:28:00,3.3295,3.3295,3.3265,3.327,3.3345,3.3345,3.3315,3.332,21
2026-06-22 13:29:00,3.3275,3.3285,3.327,3.327,3.3325,3.3335,3.332,3.332,10
2026-06-22 13:30:00,3.3265,3.3265,3.3225,3.323,3.3315,3.3315,3.3275,3.328,16
2026-06-22 13:31:00,3.3235,3.3245,3.321,3.3215,3.3285,3.3295,3.326,3.3265,14
2026-06-22 13:32:00,3.3225,3.3225,3.3215,3.3215,3.3275,3.3275,3.3265,3.3265,8
2026-06-22 13:33:00,3.3205,3.3245,3.3205,3.3235,3.3255,3.3295,3.3255,3.3285,11
2026-06-22 13:34:00,3.324,3.324,3.3185,3.3195,3.329,3.329,3.3235,3.3245,19
2026-06-22 13:35:00,3.3205,3.3225,3.3205,3.3215,3.3255,3.3275,3.3255,3.3265,14
2026-06-22 13:36:00,3.321,3.3225,3.3205,3.3225,3.326,3.3275,3.3255,3.3275,8
2026-06-22 13:37:00,3.3215,3.322,3.3175,3.319,3.3265,3.327,3.3225,3.324,13
2026-06-22 13:38:00,3.3185,3.32,3.3165,3.3165,3.3235,3.325,3.3215,3.3215,23
2026-06-22 13:39:00,3.3175,3.3195,3.3175,3.3195,3.3225,3.3245,3.3225,3.3245,9
2026-06-22 13:40:00,3.3185,3.3185,3.3155,3.3175,3.3235,3.3235,3.3205,3.3225,11
2026-06-22 13:41:00,3.3185,3.3225,3.3185,3.3225,3.3235,3.3275,3.3235,3.3275,30
2026-06-22 13:42:00,3.3215,3.3215,3.3205,3.3205,3.3265,3.3265,3.3255,3.3255,4
2026-06-22 13:43:00,3.3195,3.3235,3.3195,3.3235,3.3245,3.3285,3.3245,3.3285,9
2026-06-22 13:44:00,3.323,3.3295,3.323,3.329,3.328,3.3345,3.328,3.334,24
2026-06-22 13:45:00,3.3295,3.3305,3.3265,3.3295,3.3345,3.3355,3.3315,3.3345,21
2026-06-22 13:46:00,3.3305,3.333,3.3275,3.3325,3.3355,3.338,3.3325,3.3375,30
2026-06-22 13:47:00,3.332,3.335,3.3315,3.3345,3.337,3.34,3.3365,3.3395,31
2026-06-22 13:48:00,3.335,3.335,3.3335,3.334,3.34,3.34,3.3385,3.339,5
2026-06-22 13:49:00,3.333,3.3335,3.3325,3.3335,3.338,3.3385,3.3375,3.3385,12
2026-06-22 13:50:00,3.3325,3.3355,3.3315,3.3335,3.3375,3.3405,3.3365,3.3385,31
2026-06-22 13:51:00,3.3325,3.3335,3.3285,3.3315,3.3375,3.3385,3.3335,3.3365,20
2026-06-22 13:52:00,3.331,3.331,3.3285,3.3295,3.336,3.336,3.3335,3.3345,14
2026-06-22 13:53:00,3.3285,3.3375,3.3285,3.3355,3.3335,3.3425,3.3335,3.3405,25
2026-06-22 13:54:00,3.3345,3.3345,3.3325,3.3325,3.3395,3.3395,3.3375,3.3375,8
2026-06-22 13:55:00,3.3335,3.3345,3.3315,3.3315,3.3385,3.3395,3.3365,3.3365,14
2026-06-22 13:56:00,3.332,3.3345,3.3295,3.333,3.337,3.3395,3.3345,3.338,22
2026-06-22 13:57:00,3.3325,3.3365,3.3325,3.3345,3.3375,3.3415,3.3375,3.3395,20
2026-06-22 13:58:00,3.3355,3.3355,3.3345,3.3345,3.3405,3.3405,3.3395,3.3395,10
2026-06-22 13:59:00,3.3355,3.3375,3.3355,3.3355,3.3405,3.3425,3.3405,3.3405,19
2026-06-22 14:00:00,3.3365,3.3395,3.3345,3.3395,3.3415,3.3445,3.3395,3.3445,38
2026-06-22 14:01:00,3.3385,3.3395,3.335,3.3365,3.3435,3.3445,3.34,3.3415,20
2026-06-22 14:02:00,3.3375,3.3395,3.3365,3.3395,3.3425,3.3445,3.3415,3.3445,19
2026-06-22 14:03:00,3.3385,3.3395,3.3315,3.3325,3.3435,3.3445,3.3365,3.3375,24
2026-06-22 14:04:00,3.3335,3.3345,3.3325,3.3345,3.3385,3.3395,3.3375,3.3395,7
2026-06-22 14:05:00,3.335,3.335,3.3175,3.3195,3.34,3.34,3.3225,3.3245,51
2026-06-22 14:06:00,3.3205,3.322,3.3195,3.3195,3.3255,3.327,3.3245,3.3245,19
2026-06-22 14:07:00,3.3185,3.3195,3.3085,3.3115,3.3235,3.3245,3.3135,3.3165,58
2026-06-22 14:08:00,3.3105,3.3115,3.3055,3.3105,3.3155,3.3165,3.3105,3.3155,38
2026-06-22 14:09:00,3.31,3.3155,3.31,3.3145,3.315,3.3205,3.315,3.3195,26
2026-06-22 14:10:00,3.3155,3.3155,3.3095,3.3115,3.3205,3.3205,3.3145,3.3165,29
2026-06-22 14:11:00,3.3105,3.3135,3.3105,3.3125,3.3155,3.3185,3.3155,3.3175,17
2026-06-22 14:12:00,3.313,3.3135,3.3115,3.3125,3.318,3.3185,3.3165,3.3175,14
2026-06-22 14:13:00,3.3135,3.3175,3.3105,3.317,3.3185,3.3225,3.3155,3.322,33
2026-06-22 14:14:00,3.3175,3.324,3.3175,3.3235,3.3225,3.329,3.3225,3.3285,26
2026-06-22 14:15:00,3.3225,3.328,3.3225,3.327,3.3275,3.333,3.3275,3.332,31
2026-06-22 14:16:00,3.3275,3.3295,3.3255,3.329,3.3325,3.3345,3.3305,3.334,9
2026-06-22 14:17:00,3.3295,3.3295,3.3245,3.3265,3.3345,3.3345,3.3295,3.3315,21
2026-06-22 14:18:00,3.3255,3.3265,3.3225,3.3235,3.3305,3.3315,3.3275,3.3285,13
2026-06-22 14:19:00,3.322,3.3245,3.3205,3.3225,3.327,3.3295,3.3255,3.3275,25
2026-06-22 14:20:00,3.3235,3.3235,3.3165,3.3215,3.3285,3.3285,3.3215,3.3265,39
2026-06-22 14:21:00,3.3205,3.3235,3.3195,3.3225,3.3255,3.3285,3.3245,3.3275,20
2026-06-22 14:22:00,3.3235,3.3255,3.3225,3.3245,3.3285,3.3305,3.3275,3.3295,16
2026-06-22 14:23:00,3.325,3.325,3.3225,3.3235,3.33,3.33,3.3275,3.3285,12
2026-06-22 14:24:00,3.3225,3.3225,3.3205,3.3215,3.3275,3.3275,3.3255,3.3265,15
2026-06-22 14:25:00,3.3205,3.3225,3.3195,3.3215,3.3255,3.3275,3.3245,3.3265,20
2026-06-22 14:26:00,3.3205,3.3235,3.32,3.323,3.3255,3.3285,3.325,3.328,16
2026-06-22 14:27:00,3.3235,3.3235,3.316,3.3195,3.3285,3.3285,3.321,3.3245,34
2026-06-22 14:28:00,3.32,3.32,3.3155,3.3155,3.325,3.325,3.3205,3.3205,12
2026-06-22 14:29:00,3.316,3.3175,3.3035,3.308,3.321,3.3225,3.3085,3.313,94
2026-06-22 14:30:00,3.307,3.311,3.304,3.3105,3.312,3.316,3.309,3.3155,74
2026-06-22 14:31:00,3.3095,3.3125,3.3075,3.3115,3.3145,3.3175,3.3125,3.3165,37
2026-06-22 14:32:00,3.311,3.3115,3.3,3.3015,3.316,3.3165,3.305,3.3065,42
2026-06-22 14:33:00,3.3005,3.3035,3.2995,3.3025,3.3055,3.3085,3.3045,3.3075,38
2026-06-22 14:34:00,3.302,3.3065,3.302,3.3035,3.307,3.3115,3.307,3.3085,40
2026-06-22 14:35:00,3.3045,3.3045,3.297,3.2995,3.3095,3.3095,3.302,3.3045,40
2026-06-22 14:36:00,3.2985,3.2985,3.2925,3.2945,3.3035,3.3035,3.2975,3.2995,38
2026-06-22 14:37:00,3.295,3.2965,3.2925,3.2965,3.3,3.3015,3.2975,3.3015,18
2026-06-22 14:38:00,3.2955,3.2975,3.2935,3.297,3.3005,3.3025,3.2985,3.302,37
2026-06-22 14:39:00,3.2975,3.3,3.2955,3.2985,3.3025,3.305,3.3005,3.3035,53
2026-06-22 14:40:00,3.2995,3.2995,3.2955,3.2965,3.3045,3.3045,3.3005,3.3015,7
2026-06-22 14:41:00,3.2955,3.2975,3.2935,3.2935,3.3005,3.3025,3.2985,3.2985,7
2026-06-22 14:42:00,3.2925,3.2975,3.2925,3.2945,3.2975,3.3025,3.2975,3.2995,31
2026-06-22 14:43:00,3.295,3.2985,3.2945,3.2985,3.3,3.3035,3.2995,3.3035,17
2026-06-22 14:44:00,3.2995,3.2995,3.2955,3.2975,3.3045,3.3045,3.3005,3.3025,21
2026-06-22 14:45:00,3.298,3.302,3.2975,3.3005,3.303,3.307,3.3025,3.3055,28
2026-06-22 14:46:00,3.2995,3.302,3.2995,3.3015,3.3045,3.307,3.3045,3.3065,36
2026-06-22 14:47:00,3.3005,3.3005,3.2985,3.2995,3.3055,3.3055,3.3035,3.3045,15
2026-06-22 14:48:00,3.2985,3.3045,3.2975,3.3035,3.3035,3.3095,3.3025,3.3085,34
2026-06-22 14:49:00,3.3025,3.3035,3.2975,3.2985,3.3075,3.3085,3.3025,3.3035,31
2026-06-22 14:50:00,3.2975,3.2975,3.2925,3.2955,3.3025,3.3025,3.2975,3.3005,46
2026-06-22 14:51:00,3.2965,3.2985,3.296,3.2975,3.3015,3.3035,3.301,3.3025,11
2026-06-22 14:52:00,3.298,3.3005,3.298,3.2995,3.303,3.3055,3.303,3.3045,10
2026-06-22 14:53:00,3.2985,3.2985,3.295,3.297,3.3035,3.3035,3.3,3.302,30
2026-06-22 14:54:00,3.2975,3.3,3.295,3.2985,3.3025,3.305,3.3,3.3035,36
2026-06-22 14:55:00,3.2995,3.302,3.2985,3.3015,3.3045,3.307,3.3035,3.3065,15
2026-06-22 14:56:00,3.302,3.3035,3.2995,3.302,3.307,3.3085,3.3045,3.307,51
2026-06-22 14:57:00,3.3015,3.3015,3.2995,3.2995,3.3065,3.3065,3.3045,3.3045,42
2026-06-22 14:58:00,3.2985,3.3025,3.2985,3.3,3.3035,3.3075,3.3035,3.305,33
2026-06-22 14:59:00,3.3005,3.306,3.2995,3.304,3.3055,3.311,3.3045,3.309,24
2026-06-22 15:00:00,3.3025,3.3135,3.3015,3.3045,3.3075,3.3185,3.3065,3.3095,114
2026-06-22 15:01:00,3.3035,3.3055,3.2985,3.3055,3.3085,3.3105,3.3035,3.3105,79
2026-06-22 15:02:00,3.3045,3.3055,3.2935,3.2995,3.3095,3.3105,3.2985,3.3045,41
2026-06-22 15:03:00,3.3,3.3115,3.3,3.3095,3.305,3.3165,3.305,3.3145,45
2026-06-22 15:04:00,3.31,3.3185,3.3075,3.314,3.315,3.3235,3.3125,3.319,76
2026-06-22 15:05:00,3.3135,3.3135,3.308,3.3135,3.3185,3.3185,3.313,3.3185,58
2026-06-22 15:06:00,3.313,3.3205,3.3125,3.313,3.318,3.3255,3.3175,3.318,62
2026-06-22 15:07:00,3.3135,3.3135,3.3095,3.3115,3.3185,3.3185,3.3145,3.3165,30
2026-06-22 15:08:00,3.312,3.3135,3.3085,3.3105,3.317,3.3185,3.3135,3.3155,32
2026-06-22 15:09:00,3.3095,3.3105,3.3005,3.3005,3.3145,3.3155,3.3055,3.3055,27
2026-06-22 15:10:00,3.3015,3.3025,3.2955,3.2955,3.3065,3.3075,3.3005,3.3005,43
2026-06-22 15:11:00,3.2965,3.2965,3.2895,3.2935,3.3015,3.3015,3.2945,3.2985,55
2026-06-22 15:12:00,3.293,3.2995,3.293,3.2955,3.298,3.3045,3.298,3.3005,36
2026-06-22 15:13:00,3.2965,3.2975,3.2895,3.2905,3.3015,3.3025,3.2945,3.2955,41
2026-06-22 15:14:00,3.2895,3.2905,3.2865,3.2905,3.2945,3.2955,3.2915,3.2955,39
2026-06-22 15:15:00,3.2915,3.2925,3.2875,3.2905,3.2965,3.2975,3.2925,3.2955,41
2026-06-22 15:16:00,3.2895,3.2895,3.2855,3.286,3.2945,3.2945,3.2905,3.291,38
2026-06-22 15:17:00,3.2865,3.2895,3.2855,3.2895,3.2915,3.2945,3.2905,3.2945,29
2026-06-22 15:18:00,3.2905,3.2905,3.2865,3.2905,3.2955,3.2955,3.2915,3.2955,19
2026-06-22 15:19:00,3.29,3.2925,3.2885,3.2895,3.295,3.2975,3.2935,3.2945,21
2026-06-22 15:20:00,3.2905,3.2945,3.2905,3.2935,3.2955,3.2995,3.2955,3.2985,10
2026-06-22 15:21:00,3.2925,3.2935,3.2875,3.2885,3.2975,3.2985,3.2925,3.2935,27
2026-06-22 15:22:00,3.2895,3.2945,3.2885,3.2945,3.2945,3.2995,3.2935,3.2995,20
2026-06-22 15:23:00,3.2955,3.2955,3.2925,3.2935,3.3005,3.3005,3.2975,3.2985,7
2026-06-22 15:24:00,3.2925,3.2935,3.2915,3.2925,3.2975,3.2985,3.2965,3.2975,8
2026-06-22 15:25:00,3.2935,3.2955,3.2925,3.2935,3.2985,3.3005,3.2975,3.2985,14
2026-06-22 15:26:00,3.2945,3.2945,3.2905,3.2925,3.2995,3.2995,3.2955,3.2975,29
2026-06-22 15:27:00,3.292,3.292,3.2895,3.2915,3.297,3.297,3.2945,3.2965,8
2026-06-22 15:28:00,3.2925,3.2935,3.2905,3.2925,3.2975,3.2985,3.2955,3.2975,13
2026-06-22 15:29:00,3.2915,3.2985,3.2915,3.2965,3.2965,3.3035,3.2965,3.3015,32
2026-06-22 15:30:00,3.2935,3.3025,3.2935,3.3015,3.2985,3.3075,3.2985,3.3065,26
2026-06-22 15:31:00,3.302,3.3055,3.3005,3.3015,3.307,3.3105,3.3055,3.3065,54
2026-06-22 15:32:00,3.3005,3.3005,3.2965,3.2975,3.3055,3.3055,3.3015,3.3025,14
2026-06-22 15:33:00,3.2965,3.3005,3.2965,3.2965,3.3015,3.3055,3.3015,3.3015,22
2026-06-22 15:34:00,3.2955,3.3005,3.2945,3.2995,3.3005,3.3055,3.2995,3.3045,28
2026-06-22 15:35:00,3.2985,3.3005,3.2955,3.2965,3.3035,3.3055,3.3005,3.3015,21
2026-06-22 15:36:00,3.296,3.2965,3.2945,3.2945,3.301,3.3015,3.2995,3.2995,23
2026-06-22 15:37:00,3.2935,3.2945,3.2915,3.2915,3.2985,3.2995,3.2965,3.2965,25
2026-06-22 15:38:00,3.2905,3.2935,3.2905,3.2935,3.2955,3.2985,3.2955,3.2985,9
2026-06-22 15:39:00,3.2925,3.2935,3.2925,3.2935,3.2975,3.2985,3.2975,3.2985,8
2026-06-22 15:40:00,3.2925,3.2925,3.2895,3.2915,3.2975,3.2975,3.2945,3.2965,24
2026-06-22 15:41:00,3.2905,3.2925,3.2905,3.2915,3.2955,3.2975,3.2955,3.2965,11
2026-06-22 15:42:00,3.2905,3.3025,3.2905,3.2985,3.2955,3.3075,3.2955,3.3035,43
2026-06-22 15:43:00,3.2995,3.2995,3.2965,3.2965,3.3045,3.3045,3.3015,3.3015,13
2026-06-22 15:44:00,3.2975,3.3015,3.2975,3.3015,3.3025,3.3065,3.3025,3.3065,54
2026-06-22 15:45:00,3.3025,3.3025,3.296,3.2965,3.3075,3.3075,3.301,3.3015,56
2026-06-22 15:46:00,3.2955,3.3015,3.2955,3.2975,3.3005,3.3065,3.3005,3.3025,50
2026-06-22 15:47:00,3.2985,3.2985,3.2955,3.2955,3.3015,3.3025,3.3005,3.3005,38
2026-06-22 15:48:00,3.296,3.3005,3.2955,3.2995,3.301,3.3055,3.3005,3.3045,54
2026-06-22 15:49:00,3.3,3.3005,3.2985,3.3005,3.305,3.3055,3.3035,3.3055,14
2026-06-22 15:50:00,3.2995,3.3025,3.2995,3.3015,3.3045,3.3075,3.3045,3.3065,52
2026-06-22 15:51:00,3.3005,3.3005,3.2955,3.2955,3.3055,3.3055,3.3005,3.3005,38
2026-06-22 15:52:00,3.2945,3.2965,3.2915,3.2965,3.2995,3.3015,3.2965,3.3015,48
2026-06-22 15:53:00,3.2975,3.2995,3.2965,3.2995,3.3025,3.3045,3.3015,3.3045,12
2026-06-22 15:54:00,3.3005,3.3025,3.3005,3.3005,3.3055,3.3075,3.3055,3.3055,19
2026-06-22 15:55:00,3.3015,3.3015,3.2985,3.2995,3.3065,3.3065,3.3035,3.3045,17
2026-06-22 15:56:00,3.2985,3.2995,3.2985,3.2985,3.3035,3.3045,3.3035,3.3035,8
2026-06-22 15:57:00,3.2975,3.2975,3.293,3.2935,3.3025,3.3025,3.298,3.2985,24
2026-06-22 15:58:00,3.2945,3.2945,3.2915,3.2925,3.2995,3.2995,3.2965,3.2975,38
2026-06-22 15:59:00,3.2935,3.2935,3.2915,3.2935,3.2985,3.2985,3.2965,3.2985,13
2026-06-22 16:00:00,3.2945,3.2995,3.2945,3.2985,3.2995,3.3045,3.2995,3.3035,22
2026-06-22 16:01:00,3.2995,3.3005,3.2965,3.2975,3.3045,3.3055,3.3015,3.3025,10
2026-06-22 16:02:00,3.2965,3.2995,3.2945,3.2995,3.3015,3.3045,3.2995,3.3045,34
2026-06-22 16:03:00,3.2985,3.3005,3.2975,3.2975,3.3035,3.3055,3.3025,3.3025,22
2026-06-22 16:04:00,3.2985,3.3025,3.2975,3.3015,3.3035,3.3075,3.3025,3.3065,40
2026-06-22 16:05:00,3.3025,3.3025,3.3015,3.3025,3.3075,3.3085,3.3065,3.3075,20
2026-06-22 16:06:00,3.3015,3.3025,3.3015,3.3025,3.3065,3.3075,3.3065,3.3075,8
2026-06-22 16:07:00,3.3015,3.3025,3.2975,3.2995,3.3065,3.3075,3.3025,3.3045,46
2026-06-22 16:08:00,3.2985,3.2995,3.2975,3.2995,3.3035,3.3045,3.3025,3.3045,18
2026-06-22 16:09:00,3.2985,3.3005,3.2985,3.3005,3.3035,3.3055,3.3035,3.3055,18
2026-06-22 16:10:00,3.2995,3.3005,3.2995,3.2995,3.306,3.3065,3.3045,3.3045,26
2026-06-22 16:11:00,3.3,3.3015,3.2995,3.3005,3.305,3.3065,3.3045,3.3055,16
2026-06-22 16:12:00,3.3015,3.3025,3.2995,3.3015,3.3065,3.3075,3.3045,3.3065,16
2026-06-22 16:13:00,3.3025,3.3085,3.3015,3.3075,3.3075,3.3135,3.3065,3.3125,29
2026-06-22 16:14:00,3.3065,3.3115,3.3065,3.3095,3.3115,3.3165,3.3115,3.3145,21
2026-06-22 16:15:00,3.3105,3.3125,3.3105,3.3125,3.3155,3.3175,3.3155,3.3175,20
2026-06-22 16:16:00,3.3115,3.313,3.3085,3.3095,3.3165,3.318,3.3135,3.3145,33
2026-06-22 16:17:00,3.3085,3.3095,3.3075,3.3075,3.3135,3.3145,3.3125,3.3125,25
2026-06-22 16:18:00,3.3085,3.3095,3.3065,3.3065,3.3135,3.3145,3.3115,3.3115,6
2026-06-22 16:19:00,3.3055,3.3065,3.3055,3.3065,3.3105,3.3115,3.3105,3.3115,20
2026-06-22 16:20:00,3.3075,3.3085,3.3075,3.3085,3.3125,3.3135,3.3125,3.3135,4
2026-06-22 16:21:00,3.309,3.3125,3.3085,3.3095,3.314,3.3175,3.3135,3.3145,22
2026-06-22 16:22:00,3.3105,3.3105,3.3065,3.3075,3.3155,3.3155,3.3115,3.3125,16
2026-06-22 16:23:00,3.3065,3.3075,3.3045,3.3055,3.3115,3.3125,3.3095,3.3105,20
2026-06-22 16:24:00,3.3065,3.3095,3.3055,3.3095,3.3115,3.3145,3.3105,3.3145,30
2026-06-22 16:25:00,3.3095,3.3105,3.3075,3.3085,3.3145,3.3155,3.3125,3.3135,26
2026-06-22 16:26:00,3.3075,3.3075,3.3035,3.304,3.3125,3.3125,3.3085,3.309,18
2026-06-22 16:27:00,3.3045,3.3095,3.3045,3.3095,3.3095,3.3145,3.3095,3.3145,13
2026-06-22 16:28:00,3.3115,3.3145,3.3105,3.3105,3.3165,3.3195,3.3155,3.3155,27
2026-06-22 16:29:00,3.31,3.31,3.3085,3.3095,3.315,3.315,3.3135,3.3145,9
2026-06-22 16:30:00,3.3105,3.3115,3.3095,3.3105,3.3155,3.3165,3.3145,3.3155,10
2026-06-22 16:31:00,3.3115,3.3125,3.3105,3.3105,3.3165,3.3175,3.3155,3.3155,22
2026-06-22 16:32:00,3.3095,3.3095,3.3055,3.3065,3.3145,3.3145,3.3105,3.3115,10
2026-06-22 16:33:00,3.3055,3.3065,3.3035,3.3045,3.3105,3.3115,3.3085,3.3095,21
2026-06-22 16:34:00,3.3055,3.3055,3.3045,3.3055,3.3105,3.3105,3.3095,3.3105,7
2026-06-22 16:35:00,3.306,3.3065,3.3045,3.3055,3.311,3.3115,3.3095,3.3105,9
2026-06-22 16:36:00,3.3045,3.3075,3.3025,3.3075,3.3095,3.3125,3.3075,3.3125,15
2026-06-22 16:37:00,3.3065,3.3085,3.3065,3.3085,3.3115,3.3135,3.3115,3.3135,3
2026-06-22 16:38:00,3.3095,3.3115,3.3085,3.3095,3.3145,3.3165,3.3135,3.3145,25
2026-06-22 16:39:00,3.3085,3.3085,3.3075,3.3085,3.3135,3.3135,3.3125,3.3135,5
2026-06-22 16:40:00,3.3095,3.3095,3.3085,3.3095,3.3145,3.3145,3.3135,3.3145,3
2026-06-22 16:41:00,3.3105,3.3135,3.3105,3.3125,3.3155,3.3185,3.3155,3.3175,11
2026-06-22 16:42:00,3.3135,3.3145,3.3115,3.3135,3.3185,3.3195,3.3165,3.3185,26
2026-06-22 16:43:00,3.314,3.3155,3.3115,3.314,3.319,3.3205,3.3165,3.319,15
2026-06-22 16:44:00,3.3145,3.3145,3.3125,3.3135,3.3195,3.3195,3.3175,3.3185,17
2026-06-22 16:45:00,3.3115,3.312,3.3085,3.3095,3.3165,3.317,3.3135,3.3145,21
2026-06-22 16:46:00,3.3085,3.3105,3.3065,3.3075,3.3135,3.3155,3.3115,3.3125,20
2026-06-22 16:47:00,3.3085,3.3095,3.3085,3.3095,3.3135,3.3145,3.3135,3.3145,11
2026-06-22 16:48:00,3.3085,3.3085,3.3085,3.3085,3.3135,3.3135,3.3135,3.3135,1
2026-06-22 16:49:00,3.3095,3.3105,3.3085,3.3105,3.3145,3.3155,3.3135,3.3155,11
2026-06-22 16:50:00,3.3115,3.3115,3.3075,3.3085,3.3165,3.3165,3.3125,3.3135,12
2026-06-22 16:51:00,3.3095,3.3135,3.3095,3.3095,3.3145,3.3185,3.3145,3.3145,20
2026-06-22 16:52:00,3.3085,3.3095,3.3085,3.3085,3.3135,3.3145,3.3135,3.3135,7
2026-06-22 16:53:00,3.3095,3.3105,3.3085,3.31,3.3145,3.3155,3.3135,3.315,10
2026-06-22 16:54:00,3.3095,3.3115,3.3095,3.3105,3.3145,3.3165,3.3145,3.3155,9
2026-06-22 16:55:00,3.311,3.3125,3.3085,3.3105,3.316,3.3175,3.3135,3.3155,23
2026-06-22 16:56:00,3.311,3.3135,3.3105,3.3115,3.316,3.3185,3.3155,3.3165,19
2026-06-22 16:57:00,3.3125,3.3185,3.3105,3.3155,3.3175,3.3235,3.3155,3.3205,31
2026-06-22 16:58:00,3.3165,3.3185,3.3165,3.3185,3.3215,3.3235,3.3215,3.3235,5
2026-06-22 16:59:00,3.3195,3.3215,3.3185,3.3205,3.3245,3.3265,3.3235,3.3255,29
2026-06-22 17:00:00,3.3195,3.3205,3.3185,3.3195,3.3245,3.3255,3.3235,3.3245,22
2026-06-22 17:01:00,3.3185,3.3195,3.3175,3.3185,3.3235,3.3245,3.3225,3.3235,21
2026-06-22 17:02:00,3.3195,3.3205,3.3185,3.3195,3.3245,3.3255,3.3235,3.3245,17
2026-06-22 17:03:00,3.3185,3.3195,3.3185,3.3185,3.3235,3.3245,3.3235,3.3235,3
2026-06-22 17:04:00,3.3175,3.3195,3.3175,3.3175,3.3225,3.3245,3.3225,3.3225,11
2026-06-22 17:05:00,3.3185,3.3215,3.318,3.3195,3.3235,3.3265,3.323,3.3245,30
2026-06-22 17:06:00,3.3205,3.3215,3.3185,3.3185,3.3255,3.3265,3.3235,3.3235,13
2026-06-22 17:07:00,3.3175,3.3175,3.3145,3.3165,3.3225,3.3225,3.3195,3.3215,20
2026-06-22 17:08:00,3.3175,3.3185,3.3175,3.318,3.3225,3.3235,3.3225,3.323,14
2026-06-22 17:09:00,3.3185,3.3195,3.3165,3.3165,3.3235,3.3245,3.3215,3.3215,7
2026-06-22 17:10:00,3.3155,3.316,3.3145,3.3145,3.3205,3.321,3.3195,3.3195,15
2026-06-22 17:11:00,3.3135,3.3145,3.3125,3.3135,3.3185,3.3195,3.3175,3.3185,14
2026-06-22 17:12:00,3.3145,3.3175,3.3145,3.3175,3.3195,3.3225,3.3195,3.3225,28
2026-06-22 17:13:00,3.3165,3.3205,3.3165,3.319,3.3215,3.3255,3.3215,3.324,26
2026-06-22 17:14:00,3.3185,3.3195,3.3185,3.3195,3.3235,3.3245,3.3235,3.3245,6
2026-06-22 17:15:00,3.3185,3.3195,3.3185,3.3185,3.3235,3.3245,3.3235,3.3235,5
2026-06-22 17:16:00,3.3195,3.3205,3.3185,3.3185,3.3245,3.3255,3.3235,3.3235,12
2026-06-22 17:17:00,3.3195,3.32,3.3185,3.3195,3.3245,3.325,3.3235,3.3245,5
2026-06-22 17:18:00,3.3185,3.3205,3.3185,3.3185,3.3235,3.3255,3.3235,3.3235,19
2026-06-22 17:19:00,3.3175,3.3185,3.3175,3.3175,3.3225,3.3235,3.3225,3.3225,6
2026-06-22 17:20:00,3.318,3.3195,3.3175,3.3185,3.323,3.3245,3.3225,3.3235,15
2026-06-22 17:21:00,3.3175,3.3185,3.3165,3.3165,3.3225,3.3235,3.3215,3.3215,26
2026-06-22 17:22:00,3.317,3.317,3.3155,3.3165,3.322,3.322,3.3205,3.3215,14
2026-06-22 17:23:00,3.3155,3.3155,3.3085,3.3085,3.3205,3.3205,3.3135,3.3135,24
2026-06-22 17:24:00,3.309,3.3105,3.3085,3.3095,3.314,3.3155,3.3135,3.3145,22
2026-06-22 17:25:00,3.309,3.3115,3.3065,3.3075,3.314,3.3165,3.3115,3.3125,22
2026-06-22 17:26:00,3.307,3.3075,3.3015,3.3025,3.312,3.3125,3.3065,3.3075,33
2026-06-22 17:27:00,3.3035,3.3035,3.2995,3.3005,3.3085,3.3085,3.3045,3.3055,31
2026-06-22 17:28:00,3.3015,3.3025,3.3005,3.3005,3.3065,3.3075,3.3055,3.3055,8
2026-06-22 17:29:00,3.2995,3.3005,3.2975,3.3005,3.3045,3.3055,3.3025,3.3055,33
2026-06-22 17:30:00,3.3015,3.3015,3.2955,3.2965,3.3065,3.3065,3.3005,3.3015,35
2026-06-22 17:31:00,3.2975,3.3005,3.2945,3.2995,3.3025,3.3055,3.2995,3.3045,24
2026-06-22 17:32:00,3.3005,3.303,3.2995,3.3025,3.3055,3.308,3.3045,3.3075,17
2026-06-22 17:33:00,3.3015,3.3025,3.2995,3.3005,3.3065,3.3075,3.3045,3.3055,16
2026-06-22 17:34:00,3.3015,3.302,3.3015,3.3015,3.3065,3.307,3.3065,3.3065,3
2026-06-22 17:35:00,3.3025,3.3025,3.2985,3.299,3.3075,3.3075,3.3035,3.304,18
2026-06-22 17:36:00,3.2995,3.3025,3.2985,3.3015,3.3045,3.3075,3.3035,3.3065,12
2026-06-22 17:37:00,3.3025,3.3045,3.3015,3.3035,3.3075,3.3095,3.3065,3.3085,12
2026-06-22 17:38:00,3.3025,3.305,3.3015,3.3025,3.3075,3.31,3.3065,3.3075,14
2026-06-22 17:39:00,3.3035,3.3035,3.2995,3.3,3.3085,3.3085,3.3045,3.305,17
2026-06-22 17:40:00,3.3005,3.3005,3.2975,3.2975,3.3055,3.3055,3.3025,3.3025,20
2026-06-22 17:41:00,3.2985,3.2985,3.2975,3.2975,3.3035,3.3035,3.3025,3.3025,4
2026-06-22 17:42:00,3.298,3.2985,3.2975,3.2985,3.303,3.3035,3.3025,3.3035,3
2026-06-22 17:43:00,3.2975,3.2985,3.2975,3.2975,3.3025,3.3035,3.3025,3.3025,5
2026-06-22 17:44:00,3.298,3.2995,3.2935,3.294,3.303,3.3045,3.2985,3.299,22
2026-06-22 17:45:00,3.2945,3.2975,3.2935,3.2965,3.2995,3.3025,3.2985,3.3015,24
2026-06-22 17:46:00,3.296,3.296,3.2935,3.2935,3.301,3.301,3.2985,3.2985,15
2026-06-22 17:47:00,3.2945,3.2945,3.2905,3.2905,3.2995,3.2995,3.2955,3.2955,10
2026-06-22 17:48:00,3.2915,3.2925,3.2915,3.2925,3.2965,3.2975,3.2965,3.2975,6
2026-06-22 17:49:00,3.2935,3.2935,3.2925,3.2925,3.2985,3.2985,3.2975,3.2975,24
2026-06-22 17:50:00,3.2915,3.2935,3.2905,3.2925,3.2965,3.2985,3.2955,3.2975,9
2026-06-22 17:51:00,3.2935,3.2985,3.2935,3.2975,3.2985,3.3035,3.2985,3.3025,15
2026-06-22 17:52:00,3.2965,3.2995,3.2965,3.2985,3.3015,3.3045,3.3015,3.3035,14
2026-06-22 17:53:00,3.298,3.2995,3.2955,3.2955,3.303,3.3045,3.3005,3.3005,17
2026-06-22 17:54:00,3.296,3.2985,3.2955,3.2975,3.301,3.3035,3.3005,3.3025,10
2026-06-22 17:55:00,3.2985,3.3015,3.2975,3.3005,3.3035,3.3065,3.3025,3.3055,24
2026-06-22 17:56:00,3.3015,3.3015,3.3005,3.3015,3.3065,3.3065,3.3055,3.3065,6
2026-06-22 17:57:00,3.3025,3.3025,3.3015,3.3015,3.3075,3.3075,3.3065,3.3065,8
2026-06-22 17:58:00,3.3025,3.3035,3.3005,3.3005,3.3075,3.3085,3.3055,3.3055,7
2026-06-22 17:59:00,3.3015,3.3035,3.3015,3.3015,3.3065,3.3085,3.3065,3.3065,8
2026-06-22 18:00:00,3.3005,3.3015,3.3005,3.3005,3.3055,3.3065,3.3055,3.3055,7
2026-06-22 18:01:00,3.2995,3.2995,3.2975,3.2975,3.3045,3.3045,3.3025,3.3025,15
2026-06-22 18:02:00,3.298,3.3015,3.298,3.3015,3.303,3.3065,3.303,3.3065,7
2026-06-22 18:03:00,3.3025,3.3025,3.3015,3.3015,3.3075,3.3075,3.3065,3.3065,6
2026-06-22 18:04:00,3.3005,3.3015,3.3005,3.3005,3.3055,3.3065,3.3055,3.3055,6
2026-06-22 18:05:00,3.2995,3.3015,3.2995,3.2995,3.3045,3.3065,3.3045,3.3045,8
2026-06-22 18:06:00,3.299,3.2995,3.2985,3.2985,3.304,3.3045,3.3035,3.3035,5
2026-06-22 18:07:00,3.2975,3.2985,3.2975,3.2975,3.3025,3.3035,3.3025,3.3025,21
2026-06-22 18:08:00,3.2965,3.2985,3.2965,3.2975,3.3015,3.3035,3.3015,3.3025,12
2026-06-22 18:09:00,3.298,3.3005,3.2975,3.2995,3.303,3.3055,3.3025,3.3045,15
2026-06-22 18:10:00,3.299,3.2995,3.2975,3.2985,3.304,3.3045,3.3025,3.3035,11
2026-06-22 18:11:00,3.2995,3.2995,3.2985,3.2995,3.3045,3.3045,3.3035,3.3045,4
2026-06-22 18:12:00,3.3005,3.3005,3.2975,3.2985,3.3055,3.3055,3.3025,3.3035,11
2026-06-22 18:13:00,3.2975,3.2985,3.2945,3.298,3.3025,3.3035,3.2995,3.303,22
2026-06-22 18:14:00,3.2985,3.2985,3.2965,3.2965,3.3035,3.3035,3.3015,3.3015,9
2026-06-22 18:15:00,3.2975,3.3015,3.2975,3.3015,3.3025,3.3065,3.3025,3.3065,12
2026-06-22 18:16:00,3.302,3.3035,3.3015,3.3035,3.307,3.3085,3.3065,3.3085,12
2026-06-22 18:17:00,3.3045,3.3065,3.3035,3.3055,3.3095,3.3115,3.3085,3.3105,28
2026-06-22 18:18:00,3.3065,3.3095,3.3065,3.3085,3.3115,3.3145,3.3115,3.3135,17
2026-06-22 18:19:00,3.3095,3.3095,3.3075,3.3085,3.3145,3.3145,3.3125,3.3135,17
2026-06-22 18:20:00,3.3095,3.3095,3.3075,3.3085,3.3145,3.3145,3.3125,3.3135,21
2026-06-22 18:21:00,3.3095,3.3095,3.3065,3.3065,3.3145,3.3145,3.3115,3.3115,5
2026-06-22 18:22:00,3.3075,3.3075,3.3035,3.3045,3.3125,3.3125,3.3085,3.3095,13
2026-06-22 18:23:00,3.3035,3.3065,3.3035,3.3065,3.3085,3.3115,3.3085,3.3115,6
2026-06-22 18:24:00,3.3075,3.3095,3.3075,3.3075,3.3125,3.3145,3.3125,3.3125,12
2026-06-22 18:25:00,3.3085,3.3095,3.3075,3.3075,3.3135,3.3145,3.3125,3.3125,15
2026-06-22 18:26:00,3.3085,3.3095,3.3075,3.3085,3.3135,3.3145,3.3125,3.3135,30
2026-06-22 18:27:00,3.3095,3.3095,3.3085,3.3085,3.3145,3.3145,3.3135,3.3135,12
2026-06-22 18:28:00,3.3095,3.3095,3.3075,3.3085,3.3145,3.3145,3.3125,3.3135,7
2026-06-22 18:29:00,3.3075,3.3095,3.3075,3.3085,3.3125,3.3145,3.3125,3.3135,6
2026-06-22 18:30:00,3.3095,3.3095,3.3085,3.3085,3.3145,3.3145,3.3135,3.3135,23
2026-06-22 18:31:00,3.309,3.3095,3.3075,3.3085,3.314,3.3145,3.3125,3.3135,20
2026-06-22 18:32:00,3.3095,3.3095,3.3085,3.3095,3.3145,3.3145,3.3135,3.3145,12
2026-06-22 18:33:00,3.3085,3.3095,3.3085,3.3095,3.3135,3.3145,3.3135,3.3145,2
2026-06-22 18:34:00,3.3085,3.3095,3.3085,3.3085,3.3135,3.3145,3.3135,3.3135,3
2026-06-22 18:35:00,3.308,3.308,3.3045,3.3055,3.313,3.313,3.3095,3.3105,5
2026-06-22 18:36:00,3.3065,3.3075,3.3055,3.3065,3.3115,3.3125,3.3105,3.3115,7
2026-06-22 18:37:00,3.3075,3.3075,3.3065,3.3065,3.3125,3.3125,3.3115,3.3115,9
2026-06-22 18:38:00,3.307,3.3075,3.3055,3.3065,3.312,3.3125,3.3105,3.3115,5
2026-06-22 18:39:00,3.3055,3.3055,3.3055,3.3055,3.3105,3.3105,3.3105,3.3105,1
2026-06-22 18:40:00,3.3065,3.3095,3.3065,3.3085,3.3115,3.3145,3.3115,3.3135,16
2026-06-22 18:41:00,3.3095,3.3115,3.309,3.3105,3.3145,3.3165,3.314,3.3155,9
2026-06-22 18:42:00,3.3095,3.3115,3.3085,3.311,3.3145,3.3165,3.3135,3.316,16
2026-06-22 18:43:00,3.3105,3.3115,3.3105,3.3115,3.3155,3.3165,3.3155,3.3165,6
2026-06-22 18:44:00,3.3125,3.3135,3.3105,3.3105,3.3175,3.3185,3.3155,3.3155,12
2026-06-22 18:45:00,3.311,3.312,3.3095,3.312,3.316,3.317,3.3145,3.317,12
2026-06-22 18:46:00,3.3125,3.3135,3.3115,3.3115,3.3175,3.3185,3.3165,3.3165,6
2026-06-22 18:47:00,3.3125,3.3135,3.3115,3.3125,3.3175,3.3185,3.3165,3.3175,9
2026-06-22 18:48:00,3.3135,3.3135,3.313,3.3135,3.3185,3.3185,3.318,3.3185,3
2026-06-22 18:49:00,3.3125,3.3185,3.3125,3.3165,3.3175,3.3235,3.3175,3.3215,38
2026-06-22 18:50:00,3.316,3.3165,3.315,3.3165,3.321,3.3215,3.32,3.3215,15
2026-06-22 18:51:00,3.3175,3.3205,3.3165,3.3195,3.3225,3.3255,3.3215,3.3245,19
2026-06-22 18:52:00,3.3205,3.3225,3.3195,3.3195,3.3255,3.3275,3.3245,3.3245,20
2026-06-22 18:53:00,3.3205,3.3205,3.3185,3.3185,3.3255,3.3255,3.3235,3.3235,17
2026-06-22 18:54:00,3.3175,3.3195,3.3165,3.3175,3.3225,3.3245,3.3215,3.3225,18
2026-06-22 18:55:00,3.3185,3.3185,3.3155,3.3155,3.3235,3.3235,3.3205,3.3205,15
2026-06-22 18:56:00,3.3145,3.3155,3.3145,3.3145,3.3195,3.3205,3.3195,3.3195,3
2026-06-22 18:57:00,3.314,3.3155,3.3125,3.3155,3.319,3.3205,3.3175,3.3205,9
2026-06-22 18:58:00,3.314,3.3155,3.3135,3.3155,3.319,3.3205,3.3185,3.3205,10
2026-06-22 18:59:00,3.3145,3.3145,3.3105,3.3105,3.3195,3.3195,3.3155,3.3155,10
2026-06-22 19:00:00,3.3115,3.3135,3.3105,3.3125,3.3165,3.3185,3.3155,3.3175,19
2026-06-22 19:01:00,3.3135,3.3135,3.3125,3.3125,3.3185,3.3185,3.3175,3.3175,2
2026-06-22 19:02:00,3.3135,3.3135,3.3095,3.3095,3.3185,3.3185,3.3145,3.3145,10
2026-06-22 19:03:00,3.3105,3.3125,3.3105,3.3125,3.3155,3.3175,3.3155,3.3175,3
2026-06-22 19:04:00,3.3115,3.3125,3.3115,3.3115,3.3165,3.3175,3.3165,3.3165,7
2026-06-22 19:05:00,3.3125,3.3135,3.3115,3.3125,3.3175,3.3185,3.3165,3.3175,9
2026-06-22 19:06:00,3.3135,3.3135,3.3115,3.3125,3.3185,3.3185,3.3165,3.3175,5
2026-06-22 19:07:00,3.3115,3.3125,3.3115,3.3115,3.3165,3.3175,3.3165,3.3165,4
2026-06-22 19:08:00,3.3125,3.3125,3.3115,3.3115,3.3175,3.3175,3.3165,3.3165,6
2026-06-22 19:09:00,3.3125,3.3135,3.3125,3.3125,3.3175,3.3185,3.3175,3.3175,8
2026-06-22 19:10:00,3.3135,3.3145,3.3135,3.3135,3.3185,3.3195,3.3185,3.3185,13
2026-06-22 19:11:00,3.3135,3.3145,3.3095,3.3105,3.3185,3.3195,3.3145,3.3155,8
2026-06-22 19:12:00,3.3115,3.3125,3.3115,3.3125,3.3165,3.3175,3.3165,3.3175,8
2026-06-22 19:13:00,3.3135,3.3135,3.3135,3.3135,3.3185,3.3185,3.3185,3.3185,1
2026-06-22 19:14:00,3.3125,3.3125,3.3115,3.3125,3.3175,3.3175,3.3165,3.3175,5
2026-06-22 19:15:00,3.3115,3.3135,3.3105,3.313,3.3165,3.3185,3.3155,3.318,11
2026-06-22 19:16:00,3.3135,3.3165,3.3125,3.3155,3.3185,3.3215,3.3175,3.3205,20
2026-06-22 19:17:00,3.3145,3.3205,3.3145,3.3185,3.3195,3.3255,3.3195,3.3235,24
2026-06-22 19:18:00,3.3175,3.3175,3.3175,3.3175,3.3225,3.3225,3.3225,3.3225,1
2026-06-22 19:19:00,3.318,3.3185,3.3165,3.3175,3.323,3.3235,3.3215,3.3225,6
2026-06-22 19:20:00,3.317,3.3175,3.3155,3.3155,3.322,3.3225,3.3205,3.3205,8
2026-06-22 19:21:00,3.3145,3.316,3.3125,3.3125,3.3195,3.321,3.3175,3.3175,7
2026-06-22 19:22:00,3.3135,3.3135,3.3125,3.3125,3.3185,3.3185,3.3175,3.3175,4
2026-06-22 19:23:00,3.3115,3.3135,3.3115,3.3125,3.3165,3.3185,3.3165,3.3175,11
2026-06-22 19:24:00,3.3135,3.3135,3.3115,3.3115,3.3185,3.3185,3.3165,3.3165,7
2026-06-22 19:25:00,3.3125,3.3135,3.3095,3.3095,3.3175,3.3185,3.3145,3.3145,6
2026-06-22 19:26:00,3.3085,3.3095,3.2995,3.3025,3.3135,3.3145,3.3045,3.3075,49
2026-06-22 19:27:00,3.303,3.3035,3.3005,3.3005,3.308,3.3085,3.3055,3.3055,6
2026-06-22 19:28:00,3.299,3.299,3.2965,3.2985,3.304,3.304,3.3015,3.3035,29
2026-06-22 19:29:00,3.2995,3.3015,3.2985,3.2985,3.3045,3.3065,3.3035,3.3035,21
2026-06-22 19:30:00,3.2995,3.3035,3.2955,3.302,3.3045,3.3085,3.3005,3.307,39
2026-06-22 19:31:00,3.3025,3.3035,3.3015,3.3025,3.3075,3.3085,3.3065,3.3075,15
2026-06-22 19:32:00,3.3035,3.3055,3.2995,3.301,3.3085,3.3105,3.3045,3.306,33
2026-06-22 19:33:00,3.3015,3.3025,3.3015,3.3025,3.3065,3.3075,3.3065,3.3075,6
2026-06-22 19:34:00,3.3035,3.3045,3.3025,3.3045,3.3085,3.3095,3.3075,3.3095,4
2026-06-22 19:35:00,3.3035,3.3055,3.3015,3.3015,3.3085,3.3105,3.3065,3.3065,22
2026-06-22 19:36:00,3.3025,3.3025,3.3015,3.302,3.3075,3.3075,3.3065,3.307,6
2026-06-22 19:37:00,3.3015,3.3025,3.2995,3.302,3.3065,3.3075,3.3045,3.307,25
2026-06-22 19:38:00,3.3025,3.3045,3.3025,3.3025,3.3075,3.3095,3.3075,3.3075,8
2026-06-22 19:39:00,3.3035,3.3035,3.3005,3.3005,3.3085,3.3085,3.3055,3.3055,9
2026-06-22 19:40:00,3.3015,3.3015,3.2995,3.3,3.3065,3.3065,3.3045,3.305,11
2026-06-22 19:41:00,3.3005,3.3005,3.2965,3.2965,3.3055,3.3055,3.3015,3.3015,43
2026-06-22 19:42:00,3.2975,3.2975,3.2965,3.2975,3.3025,3.3025,3.3015,3.3025,18
2026-06-22 19:43:00,3.2985,3.3015,3.2985,3.3005,3.3035,3.3065,3.3035,3.3055,15
2026-06-22 19:44:00,3.3,3.3005,3.2995,3.2995,3.305,3.3055,3.3045,3.3045,11
2026-06-22 19:45:00,3.3,3.3005,3.2985,3.2985,3.305,3.3055,3.3035,3.3035,7
2026-06-22 19:46:00,3.2975,3.2975,3.2955,3.2965,3.3025,3.3025,3.3005,3.3015,28
2026-06-22 19:47:00,3.2975,3.2995,3.2975,3.2995,3.3025,3.3045,3.3025,3.3045,10
2026-06-22 19:48:00,3.299,3.299,3.2965,3.2965,3.304,3.304,3.3015,3.3015,15
2026-06-22 19:49:00,3.2955,3.2955,3.2935,3.2945,3.3005,3.3005,3.2985,3.2995,4
2026-06-22 19:50:00,3.2955,3.2965,3.2935,3.2935,3.3005,3.3015,3.2985,3.2985,23
2026-06-22 19:51:00,3.2925,3.294,3.2925,3.2925,3.2975,3.299,3.2975,3.2975,18
2026-06-22 19:52:00,3.2935,3.2945,3.2925,3.2925,3.2985,3.2995,3.2975,3.2975,7
2026-06-22 19:53:00,3.2935,3.2975,3.2925,3.2935,3.2985,3.3025,3.2975,3.2985,29
2026-06-22 19:54:00,3.2945,3.2975,3.294,3.2965,3.2995,3.3025,3.299,3.3015,12
2026-06-22 19:55:00,3.296,3.2975,3.2955,3.2955,3.301,3.3025,3.3005,3.3005,26
2026-06-22 19:56:00,3.2965,3.2965,3.2955,3.2965,3.3015,3.3015,3.3005,3.3015,13
2026-06-22 19:57:00,3.2975,3.2985,3.2965,3.2965,3.3025,3.3035,3.3015,3.3015,22
2026-06-22 19:58:00,3.297,3.2975,3.2965,3.297,3.302,3.3025,3.3015,3.302,21
2026-06-22 19:59:00,3.2975,3.2995,3.2965,3.299,3.3025,3.3045,3.3015,3.304,22
2026-06-22 20:00:00,3.2985,3.2995,3.2975,3.2975,3.3035,3.3045,3.3025,3.3025,10
2026-06-22 20:01:00,3.2965,3.2975,3.2965,3.2975,3.3015,3.3025,3.3015,3.3025,6
2026-06-22 20:02:00,3.2985,3.299,3.2965,3.2965,3.3035,3.304,3.3015,3.3015,14
2026-06-22 20:03:00,3.2955,3.296,3.2935,3.2935,3.3005,3.301,3.2985,3.2985,16
2026-06-22 20:04:00,3.2945,3.2945,3.2905,3.2925,3.2995,3.2995,3.2955,3.2975,28
2026-06-22 20:05:00,3.293,3.2985,3.293,3.2975,3.298,3.3035,3.298,3.3025,20
2026-06-22 20:06:00,3.2965,3.2965,3.2945,3.2965,3.3015,3.3015,3.2995,3.3015,15
2026-06-22 20:07:00,3.2975,3.2985,3.2975,3.2975,3.3025,3.3035,3.3025,3.3025,4
2026-06-22 20:08:00,3.2985,3.2985,3.2965,3.2965,3.3035,3.3035,3.3015,3.3015,16
2026-06-22 20:09:00,3.2955,3.2955,3.2925,3.2935,3.3005,3.3005,3.2975,3.2985,14
2026-06-22 20:10:00,3.2925,3.2955,3.2925,3.2945,3.2975,3.3005,3.2975,3.2995,14
2026-06-22 20:11:00,3.2955,3.2965,3.2945,3.2945,3.3005,3.3015,3.2995,3.2995,10
2026-06-22 20:12:00,3.295,3.2955,3.2925,3.2925,3.3,3.3005,3.2975,3.2975,13
2026-06-22 20:13:00,3.2915,3.292,3.2895,3.2905,3.2965,3.297,3.2945,3.2955,35
2026-06-22 20:14:00,3.2915,3.2915,3.2865,3.2865,3.2965,3.2965,3.2915,3.2915,19
2026-06-22 20:15:00,3.2875,3.2885,3.2865,3.2885,3.2925,3.2935,3.2915,3.2935,13
2026-06-22 20:16:00,3.289,3.2915,3.2885,3.2895,3.294,3.2965,3.2935,3.2945,15
2026-06-22 20:17:00,3.2885,3.2895,3.2855,3.286,3.2935,3.2945,3.2905,3.291,14
2026-06-22 20:18:00,3.2855,3.2865,3.2845,3.2855,3.2905,3.2915,3.2895,3.2905,11
2026-06-22 20:19:00,3.2845,3.2865,3.2835,3.2835,3.2895,3.2915,3.2885,3.2885,13
2026-06-22 20:20:00,3.2845,3.2855,3.2835,3.2835,3.2895,3.2905,3.2885,3.2885,20
2026-06-22 20:21:00,3.2845,3.2855,3.2765,3.2785,3.2895,3.2905,3.2815,3.2835,39
2026-06-22 20:22:00,3.2795,3.2805,3.2755,3.2755,3.2845,3.2855,3.2805,3.2805,27
2026-06-22 20:23:00,3.276,3.2805,3.276,3.2775,3.281,3.2855,3.281,3.2825,31
2026-06-22 20:24:00,3.2765,3.2765,3.2745,3.2745,3.2815,3.2815,3.2795,3.2795,41
2026-06-22 20:25:00,3.2755,3.2755,3.2705,3.2735,3.2805,3.2805,3.2755,3.2785,75
2026-06-22 20:26:00,3.274,3.2745,3.2725,3.273,3.279,3.2795,3.2775,3.278,20
2026-06-22 20:27:00,3.2735,3.2745,3.2695,3.273,3.2785,3.2795,3.2745,3.278,36
2026-06-22 20:28:00,3.2745,3.2765,3.2725,3.2735,3.2795,3.2815,3.2775,3.2785,96
2026-06-22 20:29:00,3.2745,3.2765,3.2705,3.2745,3.2795,3.2815,3.2755,3.2795,84
2026-06-22 20:30:00,3.2735,3.2755,3.2725,3.2745,3.2785,3.2805,3.2775,3.2795,29
2026-06-22 20:31:00,3.2735,3.2775,3.2735,3.276,3.2785,3.2825,3.2785,3.281,30
2026-06-22 20:32:00,3.2765,3.2765,3.2745,3.275,3.2815,3.2815,3.2795,3.28,27
2026-06-22 20:33:00,3.2745,3.2755,3.2725,3.273,3.2795,3.2805,3.2775,3.278,6
2026-06-22 20:34:00,3.2725,3.2725,3.27,3.2715,3.2775,3.2775,3.275,3.2765,31
2026-06-22 20:35:00,3.2725,3.2735,3.2705,3.2725,3.2775,3.2785,3.2755,3.2775,18
2026-06-22 20:36:00,3.2715,3.2715,3.2675,3.2685,3.2765,3.2765,3.2725,3.2735,15
2026-06-22 20:37:00,3.2695,3.2715,3.2685,3.2715,3.2745,3.2765,3.2735,3.2765,15
2026-06-22 20:38:00,3.271,3.2755,3.2705,3.275,3.276,3.2805,3.2755,3.28,10
2026-06-22 20:39:00,3.2755,3.2755,3.2715,3.274,3.2805,3.2805,3.2765,3.279,15
2026-06-22 20:40:00,3.2735,3.2755,3.2725,3.2745,3.2785,3.2805,3.2775,3.2795,9
2026-06-22 20:41:00,3.2735,3.2745,3.273,3.2735,3.2785,3.2795,3.278,3.2785,5
2026-06-22 20:43:00,3.274,3.274,3.2735,3.2735,3.279,3.279,3.2785,3.2785,2
2026-06-22 20:44:00,3.2725,3.2725,3.271,3.2725,3.2775,3.2775,3.276,3.2775,5
2026-06-22 20:45:00,3.2735,3.2745,3.2725,3.2725,3.2785,3.2795,3.2775,3.2775,4
2026-06-22 20:46:00,3.2715,3.2715,3.2715,3.2715,3.2765,3.2765,3.2765,3.2765,1
2026-06-22 20:47:00,3.2705,3.2735,3.2705,3.2735,3.2755,3.2785,3.2755,3.2785,10
2026-06-22 20:48:00,3.2745,3.2745,3.2735,3.2745,3.2795,3.2795,3.2785,3.2795,9
2026-06-22 20:49:00,3.275,3.2765,3.2745,3.2765,3.28,3.2815,3.2795,3.2815,10
2026-06-22 20:50:00,3.2775,3.2805,3.2775,3.2805,3.2825,3.2855,3.2825,3.2855,18
2026-06-22 20:51:00,3.281,3.2815,3.2795,3.2815,3.286,3.2865,3.2845,3.2865,7
2026-06-22 20:52:00,3.281,3.282,3.281,3.2815,3.286,3.287,3.286,3.2865,4
2026-06-22 20:53:00,3.2805,3.2835,3.2805,3.283,3.2855,3.2885,3.2855,3.288,9
2026-06-22 20:54:00,3.2835,3.2835,3.2825,3.2825,3.2885,3.2885,3.2875,3.2875,11
2026-06-22 20:55:00,3.282,3.2835,3.282,3.283,3.287,3.2885,3.287,3.288,19
2026-06-22 20:56:00,3.2835,3.2845,3.282,3.2835,3.2885,3.2895,3.287,3.2885,16
2026-06-22 20:57:00,3.283,3.2835,3.2795,3.2805,3.288,3.2885,3.2845,3.2855,16
2026-06-22 20:58:00,3.2815,3.2825,3.2795,3.2795,3.2865,3.2875,3.2845,3.2845,8
2026-06-22 20:59:00,3.279,3.279,3.2765,3.2775,3.284,3.284,3.2815,3.2825,15
2026-06-22 21:00:00,3.277,3.2775,3.2755,3.2755,3.282,3.2825,3.2805,3.2805,8
2026-06-22 21:01:00,3.275,3.275,3.274,3.2745,3.28,3.28,3.279,3.2795,4
2026-06-22 21:02:00,3.2755,3.2755,3.275,3.275,3.2805,3.2805,3.28,3.28,2
2026-06-22 21:03:00,3.2755,3.2755,3.2745,3.2745,3.2805,3.2805,3.2795,3.2795,7
2026-06-22 21:05:00,3.2755,3.2765,3.274,3.2745,3.2805,3.2815,3.279,3.2795,6
2026-06-22 21:06:00,3.2735,3.2735,3.2725,3.2735,3.2785,3.2785,3.2775,3.2785,11
2026-06-22 21:08:00,3.275,3.2765,3.275,3.2755,3.28,3.2815,3.28,3.2805,13
2026-06-22 21:09:00,3.276,3.276,3.275,3.2755,3.281,3.281,3.28,3.2805,6
2026-06-22 21:10:00,3.2765,3.2765,3.2765,3.2765,3.2815,3.2815,3.2815,3.2815,1
2026-06-22 21:11:00,3.276,3.2765,3.276,3.2765,3.281,3.2815,3.281,3.2815,6
2026-06-22 21:12:00,3.2755,3.2755,3.2745,3.275,3.2805,3.2805,3.2795,3.28,5
2026-06-22 21:13:00,3.2755,3.276,3.2745,3.2745,3.2805,3.281,3.2795,3.2795,4
2026-06-22 21:14:00,3.2755,3.2755,3.275,3.275,3.2805,3.2805,3.28,3.28,2
2026-06-22 21:15:00,3.2745,3.2745,3.2715,3.272,3.2795,3.2795,3.2765,3.277,5
2026-06-22 21:16:00,3.2715,3.272,3.2705,3.2715,3.2765,3.277,3.2755,3.2765,13
2026-06-22 21:17:00,3.2725,3.2725,3.2715,3.2725,3.2775,3.2775,3.2765,3.2775,3
2026-06-22 21:18:00,3.2735,3.2745,3.2735,3.2735,3.2785,3.2795,3.2785,3.2785,3
2026-06-22 21:19:00,3.273,3.273,3.2715,3.2725,3.278,3.278,3.2765,3.2775,7
2026-06-22 21:22:00,3.2735,3.2735,3.2735,3.2735,3.2785,3.2785,3.2785,3.2785,1
2026-06-22 21:23:00,3.273,3.2735,3.273,3.273,3.278,3.2785,3.278,3.278,3
2026-06-22 21:24:00,3.2735,3.2735,3.2725,3.2725,3.2785,3.2785,3.2775,3.2775,4
2026-06-22 21:25:00,3.273,3.2735,3.2725,3.2725,3.278,3.2785,3.2775,3.2775,4
2026-06-22 21:26:00,3.273,3.2745,3.273,3.2745,3.278,3.2795,3.278,3.2795,6
2026-06-22 21:27:00,3.2735,3.2755,3.2735,3.2745,3.2785,3.2805,3.2785,3.2795,4
2026-06-22 21:28:00,3.274,3.274,3.2735,3.2735,3.279,3.279,3.2785,3.2785,2
2026-06-22 21:29:00,3.274,3.2755,3.274,3.2745,3.279,3.2805,3.279,3.2795,4
2026-06-22 21:30:00,3.2735,3.2735,3.2735,3.2735,3.2785,3.2785,3.2785,3.2785,1
2026-06-22 21:31:00,3.2745,3.2755,3.2745,3.2755,3.2795,3.2805,3.2795,3.2805,2
2026-06-22 21:32:00,3.275,3.2775,3.2745,3.2765,3.28,3.2825,3.2795,3.2815,8
2026-06-22 21:33:00,3.277,3.2795,3.277,3.2795,3.282,3.2845,3.282,3.2845,21
2026-06-22 21:34:00,3.279,3.279,3.273,3.2745,3.284,3.284,3.278,3.2795,24
2026-06-22 21:35:00,3.275,3.275,3.2745,3.2745,3.28,3.28,3.2795,3.2795,2
2026-06-22 21:36:00,3.2735,3.2735,3.2725,3.2725,3.2785,3.2785,3.2775,3.2775,2
2026-06-22 21:37:00,3.2715,3.2715,3.2705,3.2715,3.2765,3.2765,3.2755,3.2765,7
2026-06-22 21:39:00,3.2705,3.2715,3.2705,3.2715,3.2755,3.2765,3.2755,3.2765,4
2026-06-22 21:40:00,3.2705,3.2715,3.2705,3.2705,3.2755,3.2765,3.2755,3.2755,9
2026-06-22 21:41:00,3.2715,3.2715,3.2705,3.2715,3.2765,3.2765,3.2755,3.2765,3
2026-06-22 21:44:00,3.272,3.2725,3.2705,3.2715,3.277,3.2775,3.2755,3.2765,6
2026-06-22 21:47:00,3.2725,3.2725,3.2715,3.2715,3.2775,3.2775,3.2765,3.2765,2
2026-06-22 21:48:00,3.271,3.271,3.271,3.271,3.276,3.276,3.276,3.276,1
2026-06-22 21:49:00,3.2705,3.2715,3.2705,3.271,3.2755,3.2765,3.2755,3.276,9
2026-06-22 21:50:00,3.2715,3.2715,3.271,3.271,3.2765,3.2765,3.276,3.276,2
2026-06-22 21:51:00,3.2715,3.2715,3.2705,3.271,3.2765,3.2765,3.2755,3.276,8
2026-06-22 21:52:00,3.2715,3.2715,3.271,3.271,3.2765,3.2765,3.276,3.276,4
2026-06-22 21:53:00,3.2705,3.2725,3.2705,3.271,3.2755,3.2775,3.2755,3.276,14
2026-06-22 21:54:00,3.2705,3.2705,3.2695,3.2695,3.2755,3.2755,3.2745,3.2745,2
2026-06-22 21:55:00,3.2705,3.2705,3.2705,3.2705,3.2755,3.2755,3.2755,3.2755,1
2026-06-22 21:58:00,3.2695,3.2695,3.2695,3.2695,3.2745,3.2745,3.2745,3.2745,1
2026-06-22 21:59:00,3.2705,3.2705,3.2675,3.2685,3.2755,3.2755,3.2725,3.2735,7
2026-06-22 22:00:00,3.268,3.2695,3.2675,3.2675,3.273,3.2745,3.2725,3.2725,15
2026-06-22 22:02:00,3.2665,3.2665,3.2665,3.2665,3.2715,3.2715,3.2715,3.2715,1
2026-06-22 22:03:00,3.2645,3.2655,3.2625,3.2655,3.2695,3.2705,3.2675,3.2705,11
2026-06-22 22:04:00,3.2665,3.2665,3.2665,3.2665,3.2715,3.2715,3.2715,3.2715,1
2026-06-22 22:05:00,3.267,3.2675,3.2655,3.2655,3.272,3.2725,3.2705,3.2705,13
2026-06-22 22:06:00,3.2645,3.2655,3.2635,3.2645,3.2695,3.2705,3.2685,3.2695,13
2026-06-22 22:07:00,3.265,3.2665,3.265,3.2665,3.27,3.2715,3.27,3.2715,8
2026-06-22 22:08:00,3.266,3.266,3.2645,3.2655,3.271,3.271,3.2695,3.2705,6
2026-06-22 22:09:00,3.2645,3.2655,3.2645,3.2645,3.2695,3.2705,3.2695,3.2695,4
2026-06-22 22:11:00,3.264,3.264,3.2635,3.2635,3.269,3.269,3.2685,3.2685,2
2026-06-22 22:12:00,3.2625,3.2625,3.2605,3.2605,3.2675,3.2675,3.2655,3.2655,6
2026-06-22 22:13:00,3.2595,3.2605,3.2595,3.2605,3.2645,3.2655,3.2645,3.2655,5
2026-06-22 22:14:00,3.2595,3.2605,3.2595,3.2605,3.2645,3.2655,3.2645,3.2655,3
2026-06-22 22:15:00,3.2595,3.2605,3.2595,3.2595,3.2645,3.2655,3.2645,3.2645,3
2026-06-22 22:16:00,3.2605,3.2615,3.2605,3.2615,3.2655,3.2665,3.2655,3.2665,3
2026-06-22 22:17:00,3.2625,3.2635,3.262,3.262,3.2675,3.2685,3.267,3.267,6
2026-06-22 22:18:00,3.2625,3.2625,3.262,3.2625,3.2675,3.2675,3.267,3.2675,5
2026-06-22 22:19:00,3.262,3.263,3.261,3.263,3.267,3.268,3.266,3.268,9
2026-06-22 22:20:00,3.2625,3.2625,3.2625,3.2625,3.2675,3.2675,3.2675,3.2675,1
2026-06-22 22:21:00,3.263,3.263,3.2625,3.263,3.268,3.268,3.2675,3.268,3
2026-06-22 22:22:00,3.2625,3.2625,3.2625,3.2625,3.2675,3.2675,3.2675,3.2675,1
2026-06-22 22:23:00,3.2615,3.262,3.2605,3.2605,3.2665,3.267,3.2655,3.2655,5
2026-06-22 22:24:00,3.26,3.2605,3.2595,3.2595,3.265,3.2655,3.2645,3.2645,6
2026-06-22 22:25:00,3.26,3.2615,3.26,3.2615,3.265,3.2665,3.265,3.2665,6
2026-06-22 22:26:00,3.2605,3.2605,3.2605,3.2605,3.2655,3.2655,3.2655,3.2655,1
2026-06-22 22:27:00,3.26,3.2605,3.2575,3.2585,3.265,3.2655,3.2625,3.2635,7
2026-06-22 22:28:00,3.259,3.2595,3.2575,3.2575,3.264,3.2645,3.2625,3.2625,4
2026-06-22 22:29:00,3.258,3.259,3.2575,3.2585,3.263,3.264,3.2625,3.2635,16
2026-06-22 22:30:00,3.258,3.258,3.2575,3.2575,3.263,3.263,3.2625,3.2625,2
2026-06-22 22:31:00,3.2565,3.258,3.2565,3.2575,3.2615,3.263,3.2615,3.2625,7
2026-06-22 22:32:00,3.258,3.2595,3.258,3.2595,3.263,3.2645,3.263,3.2645,3
2026-06-22 22:33:00,3.2605,3.2615,3.2605,3.2605,3.2655,3.2665,3.2655,3.2655,3
2026-06-22 22:34:00,3.2615,3.2615,3.2605,3.2615,3.2665,3.2665,3.2655,3.2665,5
2026-06-22 22:35:00,3.2625,3.2635,3.2615,3.2625,3.2675,3.2685,3.2665,3.2675,9
2026-06-22 22:36:00,3.263,3.2635,3.2615,3.2625,3.268,3.2685,3.2665,3.2675,12
2026-06-22 22:37:00,3.262,3.2625,3.262,3.2625,3.267,3.2675,3.267,3.2675,2
2026-06-22 22:38:00,3.2615,3.2625,3.2615,3.2625,3.2665,3.2675,3.2665,3.2675,2
2026-06-22 22:39:00,3.2635,3.2635,3.2625,3.2625,3.2685,3.2685,3.2675,3.2675,10
2026-06-22 22:40:00,3.262,3.2625,3.262,3.2625,3.267,3.2675,3.267,3.2675,2
2026-06-22 22:43:00,3.2635,3.264,3.2635,3.264,3.2685,3.269,3.2685,3.269,2
2026-06-22 22:44:00,3.2645,3.2645,3.264,3.2645,3.2695,3.2695,3.269,3.2695,3
2026-06-22 22:45:00,3.264,3.2645,3.264,3.2645,3.269,3.2695,3.269,3.2695,4
2026-06-22 22:46:00,3.2635,3.2655,3.2635,3.2645,3.2685,3.2705,3.2685,3.2695,7
2026-06-22 22:47:00,3.2655,3.2655,3.2645,3.2655,3.2705,3.2705,3.2695,3.2705,3
2026-06-22 22:49:00,3.2645,3.2665,3.2645,3.2645,3.2695,3.2715,3.2695,3.2695,9
2026-06-22 22:50:00,3.2655,3.266,3.2655,3.2655,3.2705,3.271,3.2705,3.2705,3
2026-06-22 22:52:00,3.266,3.266,3.2655,3.2655,3.271,3.271,3.2705,3.2705,2
2026-06-22 22:53:00,3.2665,3.2665,3.2655,3.2665,3.2715,3.2715,3.2705,3.2715,6
2026-06-22 22:54:00,3.267,3.267,3.2655,3.2665,3.272,3.272,3.2705,3.2715,3
2026-06-22 22:55:00,3.2655,3.2655,3.2615,3.2625,3.2705,3.2705,3.2665,3.2675,13
2026-06-22 22:56:00,3.2615,3.262,3.2595,3.2605,3.2665,3.267,3.2645,3.2655,11
2026-06-22 22:57:00,3.261,3.262,3.2605,3.262,3.266,3.267,3.2655,3.267,7
2026-06-22 22:58:00,3.2615,3.2615,3.2615,3.2615,3.2665,3.2665,3.2665,3.2665,1
2026-06-22 22:59:00,3.262,3.2625,3.257,3.2575,3.267,3.2675,3.2609,3.2625,31
2026-06-23 00:00:00,3.254,3.257,3.2525,3.255,3.259,3.262,3.2575,3.26,21
2026-06-23 00:01:00,3.2555,3.256,3.2515,3.2525,3.2605,3.261,3.2565,3.2575,22
2026-06-23 00:02:00,3.252,3.252,3.2495,3.2515,3.257,3.257,3.2545,3.2565,10
2026-06-23 00:03:00,3.252,3.2545,3.252,3.253,3.257,3.2595,3.257,3.258,8
2026-06-23 00:04:00,3.2535,3.255,3.253,3.2535,3.2585,3.26,3.258,3.2585,9
2026-06-23 00:06:00,3.253,3.2545,3.253,3.2545,3.258,3.2595,3.258,3.2595,3
2026-06-23 00:08:00,3.255,3.255,3.2545,3.2545,3.26,3.26,3.2595,3.2595,2
2026-06-23 00:09:00,3.2535,3.2535,3.2535,3.2535,3.2585,3.2585,3.2585,3.2585,1
2026-06-23 00:10:00,3.254,3.254,3.2535,3.2535,3.259,3.259,3.2585,3.2585,2
2026-06-23 00:11:00,3.254,3.254,3.254,3.254,3.259,3.259,3.259,3.259,1
2026-06-23 00:12:00,3.2535,3.2535,3.2535,3.2535,3.2585,3.2585,3.2585,3.2585,1
2026-06-23 00:13:00,3.254,3.255,3.2535,3.2545,3.259,3.26,3.2585,3.2595,4
2026-06-23 00:15:00,3.255,3.256,3.255,3.255,3.26,3.261,3.26,3.26,3
2026-06-23 00:16:00,3.2555,3.2555,3.255,3.255,3.2605,3.2605,3.26,3.26,2
2026-06-23 00:17:00,3.2555,3.256,3.2555,3.256,3.2605,3.261,3.2605,3.261,6
2026-06-23 00:18:00,3.2565,3.2565,3.2565,3.2565,3.2615,3.2615,3.2615,3.2615,1
2026-06-23 00:19:00,3.257,3.257,3.257,3.257,3.262,3.262,3.262,3.262,1
2026-06-23 00:20:00,3.258,3.258,3.258,3.258,3.263,3.263,3.263,3.263,1
2026-06-23 00:21:00,3.2575,3.2595,3.2575,3.259,3.2625,3.2645,3.2625,3.264,5
2026-06-23 00:22:00,3.2585,3.26,3.2585,3.26,3.2635,3.265,3.2635,3.265,5
2026-06-23 00:23:00,3.261,3.261,3.2605,3.261,3.266,3.266,3.2655,3.266,3
2026-06-23 00:24:00,3.2605,3.2605,3.2605,3.2605,3.2655,3.2655,3.2655,3.2655,1
2026-06-23 00:25:00,3.261,3.263,3.2605,3.2625,3.266,3.268,3.2655,3.2675,13
2026-06-23 00:26:00,3.262,3.262,3.2615,3.2615,3.267,3.267,3.2665,3.2665,2
2026-06-23 00:27:00,3.262,3.262,3.2615,3.2615,3.267,3.267,3.2665,3.2665,2
2026-06-23 00:28:00,3.262,3.2635,3.2615,3.2615,3.267,3.2685,3.2665,3.2665,4
2026-06-23 00:29:00,3.261,3.2615,3.2605,3.2615,3.266,3.2665,3.2655,3.2665,3
2026-06-23 00:30:00,3.261,3.2625,3.2605,3.2615,3.266,3.2675,3.2655,3.2665,8
2026-06-23 00:31:00,3.2605,3.2625,3.2605,3.262,3.2655,3.2675,3.2655,3.267,5
2026-06-23 00:32:00,3.263,3.264,3.263,3.264,3.268,3.269,3.268,3.269,2
2026-06-23 00:33:00,3.2635,3.2635,3.2625,3.263,3.2685,3.2685,3.2675,3.268,4
2026-06-23 00:34:00,3.264,3.264,3.264,3.264,3.269,3.269,3.269,3.269,1
2026-06-23 00:36:00,3.2645,3.2645,3.263,3.263,3.2695,3.2695,3.268,3.268,3
2026-06-23 00:37:00,3.262,3.262,3.2605,3.2605,3.267,3.267,3.2655,3.2655,3
2026-06-23 00:39:00,3.26,3.26,3.2595,3.2595,3.265,3.265,3.2645,3.2645,2
2026-06-23 00:47:00,3.259,3.259,3.258,3.259,3.264,3.264,3.263,3.264,4
2026-06-23 00:48:00,3.2595,3.26,3.259,3.2595,3.2645,3.265,3.264,3.2645,4
2026-06-23 00:53:00,3.259,3.259,3.259,3.259,3.264,3.264,3.264,3.264,1
2026-06-23 00:58:00,3.258,3.2585,3.258,3.2585,3.263,3.2635,3.263,3.2635,2
2026-06-23 01:00:00,3.259,3.259,3.259,3.259,3.264,3.264,3.264,3.264,1
2026-06-23 01:01:00,3.2585,3.2585,3.258,3.258,3.2635,3.2635,3.263,3.263,2
2026-06-23 01:03:00,3.259,3.259,3.2585,3.2585,3.264,3.264,3.2635,3.2635,2
2026-06-23 01:04:00,3.259,3.259,3.259,3.259,3.264,3.264,3.264,3.264,1
2026-06-23 01:05:00,3.2585,3.2585,3.2585,3.2585,3.2635,3.2635,3.2635,3.2635,1
2026-06-23 01:06:00,3.258,3.258,3.258,3.258,3.263,3.263,3.263,3.263,1
2026-06-23 01:09:00,3.2575,3.2585,3.257,3.2575,3.2625,3.2635,3.262,3.2625,5
2026-06-23 01:11:00,3.258,3.258,3.2575,3.2575,3.263,3.263,3.2625,3.2625,2
2026-06-23 01:12:00,3.258,3.2585,3.257,3.2575,3.263,3.2635,3.262,3.2625,6
2026-06-23 01:13:00,3.258,3.258,3.258,3.258,3.263,3.263,3.263,3.263,1
2026-06-23 01:16:00,3.2575,3.2575,3.256,3.257,3.2625,3.2625,3.261,3.262,4
2026-06-23 01:17:00,3.2565,3.2565,3.2565,3.2565,3.2615,3.2615,3.2615,3.2615,1
2026-06-23 01:18:00,3.257,3.257,3.256,3.257,3.262,3.262,3.261,3.262,3
2026-06-23 01:22:00,3.2575,3.258,3.2575,3.258,3.2625,3.263,3.2625,3.263,2
2026-06-23 01:25:00,3.2575,3.2575,3.2575,3.2575,3.2625,3.2625,3.2625,3.2625,1
2026-06-23 01:29:00,3.258,3.258,3.258,3.258,3.263,3.263,3.263,3.263,1
2026-06-23 01:30:00,3.2575,3.258,3.257,3.2575,3.2625,3.263,3.262,3.2625,4
2026-06-23 01:38:00,3.257,3.258,3.256,3.256,3.262,3.263,3.261,3.261,5
2026-06-23 01:39:00,3.2555,3.2555,3.2555,3.2555,3.2605,3.2605,3.2605,3.2605,1
2026-06-23 01:41:00,3.256,3.2565,3.256,3.2565,3.261,3.2615,3.261,3.2615,2
2026-06-23 01:42:00,3.257,3.257,3.256,3.2565,3.262,3.262,3.261,3.2615,5
2026-06-23 01:44:00,3.257,3.257,3.257,3.257,3.262,3.262,3.262,3.262,1
2026-06-23 01:45:00,3.2565,3.257,3.2565,3.257,3.2615,3.262,3.2615,3.262,2
2026-06-23 01:46:00,3.2565,3.2565,3.2565,3.2565,3.2615,3.2615,3.2615,3.2615,1
2026-06-23 01:50:00,3.256,3.258,3.255,3.257,3.261,3.263,3.26,3.262,19
2026-06-23 01:51:00,3.2575,3.258,3.254,3.254,3.2625,3.263,3.259,3.259,23
2026-06-23 01:53:00,3.2545,3.2545,3.2545,3.2545,3.2595,3.2595,3.2595,3.2595,1
2026-06-23 01:54:00,3.255,3.255,3.255,3.255,3.26,3.26,3.26,3.26,1
2026-06-23 01:55:00,3.256,3.257,3.254,3.255,3.261,3.262,3.259,3.26,8
2026-06-23 01:56:00,3.2555,3.256,3.2555,3.256,3.2605,3.261,3.2605,3.261,4
2026-06-23 01:57:00,3.2555,3.256,3.2555,3.256,3.2605,3.261,3.2605,3.261,2
2026-06-23 01:58:00,3.2555,3.256,3.2555,3.256,3.2605,3.261,3.2605,3.261,2
2026-06-23 01:59:00,3.2575,3.2575,3.256,3.2565,3.2625,3.2625,3.261,3.2615,5
2026-06-23 02:00:00,3.256,3.257,3.255,3.2555,3.261,3.262,3.26,3.2605,9
2026-06-23 02:01:00,3.255,3.256,3.254,3.255,3.26,3.261,3.259,3.26,20
2026-06-23 02:02:00,3.2545,3.2545,3.254,3.2545,3.2595,3.2595,3.259,3.2595,3
2026-06-23 02:03:00,3.254,3.254,3.254,3.254,3.259,3.259,3.259,3.259,1
2026-06-23 02:05:00,3.253,3.253,3.253,3.253,3.258,3.258,3.258,3.258,1
2026-06-23 02:06:00,3.252,3.252,3.251,3.251,3.257,3.257,3.256,3.256,2
2026-06-23 02:08:00,3.2515,3.254,3.251,3.252,3.2565,3.259,3.256,3.257,11
2026-06-23 02:09:00,3.2515,3.252,3.251,3.2515,3.2565,3.257,3.256,3.2565,6
2026-06-23 02:10:00,3.251,3.252,3.251,3.252,3.256,3.257,3.256,3.257,3
2026-06-23 02:11:00,3.2525,3.253,3.2515,3.2515,3.2575,3.258,3.2565,3.2565,4
2026-06-23 02:12:00,3.252,3.253,3.251,3.252,3.257,3.258,3.256,3.257,22
2026-06-23 02:13:00,3.2525,3.253,3.2525,3.253,3.2575,3.258,3.2575,3.258,4
2026-06-23 02:14:00,3.254,3.256,3.253,3.255,3.259,3.261,3.258,3.26,12
2026-06-23 02:15:00,3.2555,3.2555,3.252,3.252,3.2605,3.2605,3.257,3.257,5
2026-06-23 02:16:00,3.2515,3.254,3.2515,3.254,3.2565,3.259,3.2565,3.259,5
2026-06-23 02:18:00,3.253,3.255,3.253,3.2545,3.258,3.26,3.258,3.2595,9
2026-06-23 02:20:00,3.255,3.255,3.2545,3.255,3.26,3.26,3.2595,3.26,5
2026-06-23 02:21:00,3.2545,3.255,3.2545,3.255,3.2595,3.26,3.2595,3.26,2
2026-06-23 02:22:00,3.2545,3.2545,3.254,3.254,3.2595,3.2595,3.259,3.259,2
2026-06-23 02:24:00,3.2535,3.254,3.2535,3.2535,3.2585,3.259,3.2585,3.2585,3
2026-06-23 02:25:00,3.253,3.253,3.253,3.253,3.258,3.258,3.258,3.258,1
2026-06-23 02:30:00,3.254,3.255,3.254,3.2545,3.259,3.26,3.259,3.2595,7
2026-06-23 02:31:00,3.254,3.254,3.254,3.254,3.259,3.259,3.259,3.259,1
2026-06-23 02:37:00,3.255,3.255,3.254,3.2545,3.26,3.26,3.259,3.2595,7
2026-06-23 02:38:00,3.254,3.254,3.254,3.254,3.259,3.259,3.259,3.259,1
2026-06-23 02:39:00,3.2545,3.2545,3.254,3.254,3.2595,3.2595,3.259,3.259,14
2026-06-23 02:40:00,3.2545,3.2545,3.2545,3.2545,3.2595,3.2595,3.2595,3.2595,1
2026-06-23 02:42:00,3.255,3.2565,3.255,3.2565,3.26,3.2615,3.26,3.2615,3
2026-06-23 02:43:00,3.256,3.256,3.255,3.255,3.261,3.261,3.26,3.26,4
2026-06-23 02:44:00,3.254,3.254,3.254,3.254,3.259,3.259,3.259,3.259,1
2026-06-23 02:46:00,3.255,3.255,3.254,3.254,3.26,3.26,3.259,3.259,2
2026-06-23 02:48:00,3.255,3.255,3.255,3.255,3.26,3.26,3.26,3.26,1
2026-06-23 02:50:00,3.2555,3.2555,3.254,3.254,3.2605,3.2605,3.259,3.259,4
2026-06-23 02:52:00,3.2545,3.256,3.254,3.254,3.2595,3.261,3.259,3.259,4
2026-06-23 02:54:00,3.253,3.254,3.253,3.253,3.258,3.259,3.258,3.258,5
2026-06-23 02:56:00,3.254,3.254,3.254,3.254,3.259,3.259,3.259,3.259,1
2026-06-23 02:58:00,3.2545,3.255,3.2545,3.255,3.2595,3.26,3.2595,3.26,2
2026-06-23 02:59:00,3.2545,3.255,3.2545,3.255,3.2595,3.26,3.2595,3.26,4
2026-06-23 03:00:00,3.254,3.254,3.252,3.253,3.259,3.259,3.257,3.258,7
2026-06-23 03:01:00,3.2535,3.2545,3.253,3.2535,3.2585,3.2595,3.258,3.2585,7
2026-06-23 03:03:00,3.254,3.254,3.253,3.253,3.259,3.259,3.258,3.258,3
2026-06-23 03:05:00,3.2525,3.253,3.2525,3.2525,3.2575,3.258,3.2575,3.2575,11
2026-06-23 03:06:00,3.253,3.253,3.2525,3.2525,3.258,3.258,3.2575,3.2575,4
2026-06-23 03:07:00,3.253,3.254,3.2525,3.2535,3.258,3.259,3.2575,3.2585,5
2026-06-23 03:08:00,3.2545,3.2545,3.2545,3.2545,3.2595,3.2595,3.2595,3.2595,1
2026-06-23 03:09:00,3.255,3.255,3.255,3.255,3.26,3.26,3.26,3.26,1
2026-06-23 03:13:00,3.256,3.256,3.256,3.256,3.261,3.261,3.261,3.261,1
2026-06-23 03:14:00,3.2565,3.2565,3.2565,3.2565,3.2615,3.2615,3.2615,3.2615,1
2026-06-23 03:15:00,3.257,3.257,3.256,3.2565,3.262,3.262,3.261,3.2615,4
2026-06-23 03:16:00,3.255,3.255,3.2545,3.2545,3.26,3.26,3.2595,3.2595,2
2026-06-23 03:17:00,3.255,3.255,3.2545,3.255,3.26,3.26,3.2595,3.26,3
2026-06-23 03:20:00,3.256,3.256,3.256,3.256,3.261,3.261,3.261,3.261,1
2026-06-23 03:21:00,3.2555,3.2555,3.255,3.2555,3.2605,3.2605,3.26,3.2605,3
2026-06-23 03:22:00,3.255,3.2555,3.255,3.2555,3.26,3.2605,3.26,3.2605,2
2026-06-23 03:24:00,3.256,3.256,3.2555,3.2555,3.261,3.261,3.2605,3.2605,2
2026-06-23 03:25:00,3.256,3.256,3.256,3.256,3.261,3.261,3.261,3.261,1
2026-06-23 03:27:00,3.255,3.2565,3.255,3.2565,3.26,3.2615,3.26,3.2615,5
2026-06-23 03:29:00,3.257,3.257,3.256,3.2565,3.262,3.262,3.261,3.2615,6
2026-06-23 03:32:00,3.257,3.257,3.2565,3.257,3.262,3.262,3.2615,3.262,3
2026-06-23 03:33:00,3.256,3.256,3.255,3.2555,3.261,3.261,3.26,3.2605,4
2026-06-23 03:34:00,3.255,3.2555,3.254,3.254,3.26,3.2605,3.259,3.259,4
2026-06-23 03:35:00,3.2545,3.255,3.254,3.255,3.2595,3.26,3.259,3.26,5
2026-06-23 03:36:00,3.2555,3.2555,3.255,3.255,3.2605,3.2605,3.26,3.26,2
2026-06-23 03:37:00,3.256,3.2575,3.256,3.257,3.261,3.2625,3.261,3.262,4
2026-06-23 03:38:00,3.2575,3.2575,3.2575,3.2575,3.2625,3.2625,3.2625,3.2625,1
2026-06-23 03:39:00,3.258,3.259,3.258,3.2585,3.263,3.264,3.263,3.2635,3
2026-06-23 03:41:00,3.259,3.2595,3.2585,3.2595,3.264,3.2645,3.2635,3.2645,6
2026-06-23 03:43:00,3.26,3.262,3.259,3.26,3.265,3.267,3.264,3.265,10
2026-06-23 03:45:00,3.2605,3.2605,3.26,3.26,3.2655,3.2655,3.265,3.265,4
2026-06-23 03:46:00,3.2595,3.26,3.259,3.26,3.2645,3.265,3.264,3.265,4
2026-06-23 03:47:00,3.259,3.259,3.259,3.259,3.264,3.264,3.264,3.264,1
2026-06-23 03:49:00,3.258,3.259,3.258,3.259,3.263,3.264,3.263,3.264,2
2026-06-23 03:50:00,3.258,3.259,3.258,3.259,3.263,3.264,3.263,3.264,2
2026-06-23 03:53:00,3.26,3.26,3.26,3.26,3.265,3.265,3.265,3.265,1
2026-06-23 03:54:00,3.259,3.26,3.259,3.26,3.264,3.265,3.264,3.265,2
2026-06-23 03:55:00,3.2595,3.26,3.259,3.2595,3.2645,3.265,3.264,3.2645,4
2026-06-23 03:56:00,3.259,3.259,3.259,3.259,3.264,3.264,3.264,3.264,1
2026-06-23 03:59:00,3.2595,3.2595,3.259,3.2595,3.2645,3.2645,3.264,3.2645,9
2026-06-23 04:00:00,3.259,3.2595,3.259,3.2595,3.264,3.2645,3.264,3.2645,2
2026-06-23 04:01:00,3.259,3.2595,3.259,3.2595,3.264,3.2645,3.264,3.2645,2
2026-06-23 04:02:00,3.259,3.259,3.259,3.259,3.264,3.264,3.264,3.264,1
2026-06-23 04:03:00,3.258,3.258,3.256,3.2565,3.263,3.263,3.261,3.2615,5
2026-06-23 04:04:00,3.257,3.257,3.2565,3.257,3.262,3.262,3.2615,3.262,3
2026-06-23 04:05:00,3.2565,3.257,3.2565,3.257,3.2615,3.262,3.2615,3.262,2
2026-06-23 04:06:00,3.258,3.258,3.258,3.258,3.263,3.263,3.263,3.263,1
2026-06-23 04:07:00,3.259,3.259,3.258,3.2585,3.264,3.264,3.263,3.2635,3
2026-06-23 04:09:00,3.258,3.258,3.258,3.258,3.263,3.263,3.263,3.263,1
2026-06-23 04:13:00,3.2585,3.259,3.2585,3.259,3.2635,3.264,3.2635,3.264,2
2026-06-23 04:30:00,3.258,3.26,3.258,3.26,3.263,3.265,3.263,3.265,4
2026-06-23 04:34:00,3.261,3.261,3.26,3.261,3.266,3.266,3.265,3.266,7
2026-06-23 04:36:00,3.262,3.262,3.262,3.262,3.267,3.267,3.267,3.267,1
2026-06-23 04:37:00,3.261,3.2615,3.261,3.2615,3.266,3.2665,3.266,3.2665,2
2026-06-23 04:38:00,3.262,3.262,3.262,3.262,3.267,3.267,3.267,3.267,1
2026-06-23 04:39:00,3.261,3.2615,3.261,3.261,3.266,3.2665,3.266,3.266,3
2026-06-23 04:40:00,3.2615,3.2615,3.2615,3.2615,3.2665,3.2665,3.2665,3.2665,1
2026-06-23 04:41:00,3.261,3.2615,3.261,3.2615,3.266,3.2665,3.266,3.2665,2
2026-06-23 04:42:00,3.261,3.261,3.261,3.261,3.266,3.266,3.266,3.266,1
2026-06-23 04:43:00,3.2615,3.262,3.2615,3.2615,3.2665,3.267,3.2665,3.2665,3
2026-06-23 04:44:00,3.261,3.261,3.2595,3.26,3.266,3.266,3.2645,3.265,3
2026-06-23 04:45:00,3.261,3.261,3.261,3.261,3.266,3.266,3.266,3.266,1
2026-06-23 04:46:00,3.2605,3.261,3.26,3.26,3.2655,3.266,3.265,3.265,9
2026-06-23 04:47:00,3.2605,3.2605,3.2605,3.2605,3.2655,3.2655,3.2655,3.2655,1
2026-06-23 04:48:00,3.26,3.2605,3.26,3.2605,3.265,3.2655,3.265,3.2655,2
2026-06-23 04:50:00,3.261,3.261,3.261,3.261,3.266,3.266,3.266,3.266,1
2026-06-23 04:51:00,3.26,3.261,3.26,3.26,3.265,3.266,3.265,3.265,6
2026-06-23 04:52:00,3.2595,3.2595,3.259,3.259,3.2645,3.2645,3.264,3.264,8
2026-06-23 04:54:00,3.26,3.26,3.2595,3.2595,3.265,3.265,3.2645,3.2645,12
2026-06-23 04:56:00,3.26,3.26,3.2595,3.2595,3.265,3.265,3.2645,3.2645,2
2026-06-23 04:57:00,3.259,3.2595,3.259,3.2595,3.264,3.2645,3.264,3.2645,2
2026-06-23 04:58:00,3.26,3.26,3.2595,3.26,3.265,3.265,3.2645,3.265,3
2026-06-23 04:59:00,3.259,3.2595,3.259,3.259,3.264,3.2645,3.264,3.264,3
2026-06-23 05:00:00,3.258,3.2585,3.256,3.258,3.263,3.2635,3.261,3.263,27
2026-06-23 05:01:00,3.259,3.259,3.2585,3.259,3.264,3.264,3.2635,3.264,3
2026-06-23 05:04:00,3.258,3.2585,3.258,3.258,3.263,3.2635,3.263,3.263,3
2026-06-23 05:06:00,3.259,3.259,3.258,3.259,3.264,3.264,3.263,3.264,4
2026-06-23 05:07:00,3.2585,3.259,3.258,3.258,3.2635,3.264,3.263,3.263,4
2026-06-23 05:10:00,3.257,3.2575,3.257,3.2575,3.262,3.2625,3.262,3.2625,4
2026-06-23 05:11:00,3.257,3.257,3.256,3.257,3.262,3.262,3.261,3.262,8
2026-06-23 05:12:00,3.2565,3.257,3.2565,3.257,3.2615,3.262,3.2615,3.262,2
2026-06-23 05:13:00,3.258,3.258,3.257,3.2575,3.263,3.263,3.262,3.2625,3
2026-06-23 05:14:00,3.258,3.258,3.258,3.258,3.263,3.263,3.263,3.263,1
2026-06-23 05:16:00,3.2575,3.258,3.2575,3.258,3.2625,3.263,3.2625,3.263,2
2026-06-23 05:19:00,3.259,3.259,3.258,3.258,3.264,3.264,3.263,3.263,5
2026-06-23 05:20:00,3.259,3.26,3.259,3.259,3.264,3.265,3.264,3.264,6
2026-06-23 05:21:00,3.2585,3.259,3.2585,3.259,3.2635,3.264,3.2635,3.264,2
2026-06-23 05:22:00,3.2585,3.259,3.258,3.259,3.2635,3.264,3.263,3.264,7
2026-06-23 05:24:00,3.2585,3.2585,3.2585,3.2585,3.2635,3.2635,3.2635,3.2635,1
2026-06-23 05:25:00,3.259,3.259,3.259,3.259,3.264,3.264,3.264,3.264,1
2026-06-23 05:26:00,3.258,3.2585,3.258,3.2585,3.263,3.2635,3.263,3.2635,2
2026-06-23 05:27:00,3.259,3.259,3.258,3.258,3.264,3.264,3.263,3.263,2
2026-06-23 05:28:00,3.257,3.258,3.256,3.258,3.262,3.263,3.261,3.263,17
2026-06-23 05:29:00,3.257,3.257,3.256,3.257,3.262,3.262,3.261,3.262,10
2026-06-23 05:30:00,3.258,3.262,3.258,3.2605,3.263,3.267,3.263,3.2655,40
2026-06-23 05:31:00,3.26,3.26,3.259,3.26,3.265,3.265,3.264,3.265,10
2026-06-23 05:32:00,3.2605,3.261,3.259,3.26,3.2655,3.266,3.264,3.265,38
2026-06-23 05:33:00,3.259,3.259,3.257,3.259,3.264,3.264,3.262,3.264,5
2026-06-23 05:34:00,3.26,3.262,3.26,3.2615,3.265,3.267,3.265,3.2665,32
2026-06-23 05:35:00,3.262,3.263,3.261,3.261,3.267,3.268,3.266,3.266,26
2026-06-23 05:36:00,3.2615,3.262,3.261,3.262,3.2665,3.267,3.266,3.267,13
2026-06-23 05:37:00,3.2625,3.2625,3.26,3.26,3.2675,3.2675,3.265,3.265,6
2026-06-23 05:38:00,3.259,3.26,3.259,3.26,3.264,3.265,3.264,3.265,3
2026-06-23 05:39:00,3.261,3.261,3.26,3.26,3.266,3.266,3.265,3.265,7
2026-06-23 05:40:00,3.2605,3.2605,3.258,3.258,3.2655,3.2655,3.263,3.263,6
2026-06-23 05:41:00,3.257,3.258,3.2555,3.2555,3.262,3.263,3.2605,3.2605,12
2026-06-23 05:42:00,3.256,3.257,3.255,3.256,3.261,3.262,3.26,3.261,16
2026-06-23 05:43:00,3.2555,3.257,3.255,3.256,3.2605,3.262,3.26,3.261,13
2026-06-23 05:44:00,3.2555,3.2575,3.2545,3.2575,3.2605,3.2625,3.2595,3.2625,21
2026-06-23 05:45:00,3.258,3.261,3.258,3.26,3.263,3.266,3.263,3.265,11
2026-06-23 05:46:00,3.2595,3.2595,3.258,3.259,3.2645,3.2645,3.263,3.264,12
2026-06-23 05:49:00,3.2585,3.259,3.258,3.258,3.2635,3.264,3.263,3.263,3
2026-06-23 05:50:00,3.257,3.257,3.256,3.256,3.262,3.262,3.261,3.261,3
2026-06-23 05:53:00,3.2565,3.257,3.255,3.2555,3.2615,3.262,3.26,3.2605,25
2026-06-23 05:54:00,3.256,3.256,3.2545,3.255,3.261,3.261,3.2595,3.26,9
2026-06-23 05:55:00,3.2545,3.256,3.2545,3.256,3.2595,3.261,3.2595,3.261,9
2026-06-23 05:56:00,3.2555,3.256,3.255,3.256,3.2605,3.261,3.26,3.261,3
2026-06-23 05:57:00,3.257,3.257,3.257,3.257,3.262,3.262,3.262,3.262,1
2026-06-23 06:00:00,3.258,3.258,3.257,3.258,3.263,3.263,3.262,3.263,6
2026-06-23 06:01:00,3.2575,3.258,3.2575,3.258,3.2625,3.263,3.2625,3.263,2
2026-06-23 06:06:00,3.257,3.257,3.2565,3.257,3.262,3.262,3.2615,3.262,3
2026-06-23 06:07:00,3.2565,3.258,3.256,3.2565,3.2615,3.263,3.261,3.2615,23
2026-06-23 06:08:00,3.257,3.257,3.2565,3.2565,3.262,3.262,3.2615,3.2615,16
2026-06-23 06:09:00,3.257,3.258,3.257,3.258,3.262,3.263,3.262,3.263,2
2026-06-23 06:11:00,3.2585,3.259,3.2585,3.259,3.2635,3.264,3.2635,3.264,4
2026-06-23 06:12:00,3.26,3.26,3.259,3.2595,3.265,3.265,3.264,3.2645,7
2026-06-23 06:13:00,3.26,3.26,3.26,3.26,3.265,3.265,3.265,3.265,1
2026-06-23 06:16:00,3.2595,3.26,3.259,3.26,3.2645,3.265,3.264,3.265,4
2026-06-23 06:17:00,3.2595,3.263,3.2595,3.263,3.2645,3.268,3.2645,3.268,11
2026-06-23 06:18:00,3.2625,3.263,3.262,3.263,3.2675,3.268,3.267,3.268,14
2026-06-23 06:19:00,3.264,3.265,3.263,3.263,3.269,3.27,3.268,3.268,4
2026-06-23 06:20:00,3.262,3.263,3.262,3.2625,3.267,3.268,3.267,3.2675,13
2026-06-23 06:21:00,3.263,3.263,3.2625,3.263,3.268,3.268,3.2675,3.268,3
2026-06-23 06:23:00,3.264,3.264,3.264,3.264,3.269,3.269,3.269,3.269,1
2026-06-23 06:25:00,3.263,3.263,3.2625,3.263,3.268,3.268,3.2675,3.268,3
2026-06-23 06:26:00,3.264,3.264,3.2635,3.264,3.269,3.269,3.2685,3.269,9
2026-06-23 06:27:00,3.2635,3.265,3.2635,3.265,3.2685,3.27,3.2685,3.27,3
2026-06-23 06:28:00,3.264,3.265,3.264,3.2645,3.269,3.27,3.269,3.2695,7
2026-06-23 06:29:00,3.264,3.264,3.264,3.264,3.269,3.269,3.269,3.269,1
2026-06-23 06:30:00,3.265,3.269,3.265,3.269,3.27,3.274,3.27,3.274,6
2026-06-23 06:31:00,3.27,3.27,3.269,3.269,3.275,3.275,3.274,3.274,2
2026-06-23 06:32:00,3.27,3.27,3.268,3.268,3.275,3.275,3.273,3.273,4
2026-06-23 06:33:00,3.269,3.269,3.269,3.269,3.274,3.274,3.274,3.274,1
2026-06-23 06:34:00,3.2695,3.27,3.269,3.269,3.2745,3.275,3.274,3.274,4
2026-06-23 06:36:00,3.27,3.271,3.27,3.27,3.275,3.276,3.275,3.275,3
2026-06-23 06:37:00,3.271,3.273,3.271,3.2725,3.276,3.278,3.276,3.2775,6
2026-06-23 06:38:00,3.272,3.273,3.272,3.273,3.277,3.278,3.277,3.278,3
2026-06-23 06:39:00,3.272,3.273,3.272,3.273,3.277,3.278,3.277,3.278,2
2026-06-23 06:42:00,3.274,3.275,3.273,3.2735,3.279,3.28,3.278,3.2785,9
2026-06-23 06:43:00,3.274,3.274,3.274,3.274,3.279,3.279,3.279,3.279,1
2026-06-23 06:44:00,3.273,3.273,3.273,3.273,3.278,3.278,3.278,3.278,1
2026-06-23 06:45:00,3.272,3.273,3.2715,3.273,3.277,3.278,3.2765,3.278,5
2026-06-23 06:46:00,3.272,3.272,3.272,3.272,3.277,3.277,3.277,3.277,1
2026-06-23 06:47:00,3.273,3.273,3.272,3.2725,3.278,3.278,3.277,3.2775,9
2026-06-23 06:48:00,3.272,3.273,3.272,3.2725,3.277,3.278,3.277,3.2775,21
2026-06-23 06:49:00,3.273,3.273,3.272,3.273,3.278,3.278,3.277,3.278,5
2026-06-23 06:51:00,3.274,3.275,3.274,3.275,3.279,3.28,3.279,3.28,2
2026-06-23 06:52:00,3.276,3.276,3.276,3.276,3.281,3.281,3.281,3.281,1
2026-06-23 06:55:00,3.275,3.283,3.275,3.283,3.28,3.288,3.28,3.288,17
2026-06-23 06:56:00,3.284,3.284,3.284,3.284,3.289,3.289,3.289,3.289,1
2026-06-23 06:57:00,3.283,3.285,3.283,3.284,3.288,3.29,3.288,3.289,11
2026-06-23 06:58:00,3.285,3.29,3.285,3.29,3.29,3.295,3.29,3.295,15
2026-06-23 06:59:00,3.289,3.292,3.288,3.292,3.294,3.297,3.293,3.297,18
2026-06-23 07:00:00,3.291,3.295,3.288,3.295,3.296,3.3,3.293,3.3,27
2026-06-23 07:01:00,3.296,3.301,3.296,3.2995,3.301,3.306,3.301,3.3045,31
2026-06-23 07:02:00,3.3005,3.303,3.298,3.2995,3.3055,3.308,3.303,3.3045,28
2026-06-23 07:03:00,3.3,3.303,3.2895,3.29,3.305,3.308,3.2945,3.295,48
2026-06-23 07:04:00,3.291,3.296,3.291,3.295,3.296,3.301,3.296,3.3,26
2026-06-23 07:05:00,3.2945,3.2965,3.2935,3.2965,3.2995,3.3015,3.2985,3.3015,20
2026-06-23 07:06:00,3.296,3.297,3.296,3.296,3.301,3.302,3.301,3.301,6
2026-06-23 07:07:00,3.297,3.297,3.294,3.295,3.302,3.302,3.299,3.3,21
2026-06-23 07:08:00,3.2955,3.298,3.295,3.297,3.3005,3.303,3.3,3.302,7
2026-06-23 07:09:00,3.298,3.2985,3.297,3.297,3.303,3.3035,3.302,3.302,5
2026-06-23 07:10:00,3.296,3.2975,3.296,3.297,3.301,3.3025,3.301,3.302,8
2026-06-23 07:11:00,3.296,3.297,3.295,3.296,3.301,3.302,3.3,3.301,12
2026-06-23 07:12:00,3.2965,3.2975,3.296,3.296,3.3015,3.3025,3.301,3.301,9
2026-06-23 07:13:00,3.2955,3.2955,3.293,3.294,3.3005,3.3005,3.298,3.299,10
2026-06-23 07:14:00,3.295,3.295,3.292,3.292,3.3,3.3,3.297,3.297,8
2026-06-23 07:15:00,3.2925,3.293,3.291,3.291,3.2975,3.298,3.296,3.296,5
2026-06-23 07:16:00,3.2915,3.294,3.2915,3.2935,3.2965,3.299,3.2965,3.2985,9
2026-06-23 07:17:00,3.294,3.2945,3.2925,3.2925,3.299,3.2995,3.2975,3.2975,5
2026-06-23 07:19:00,3.293,3.293,3.2855,3.2875,3.298,3.298,3.2905,3.2925,20
2026-06-23 07:20:00,3.288,3.289,3.286,3.286,3.293,3.294,3.291,3.291,16
2026-06-23 07:21:00,3.2845,3.286,3.284,3.286,3.2895,3.291,3.289,3.291,6
2026-06-23 07:22:00,3.2855,3.2865,3.285,3.285,3.2905,3.2915,3.29,3.29,5
2026-06-23 07:23:00,3.2855,3.2855,3.285,3.285,3.2905,3.2905,3.29,3.29,6
2026-06-23 07:24:00,3.2855,3.2885,3.2855,3.288,3.2905,3.2935,3.2905,3.293,10
2026-06-23 07:25:00,3.2885,3.291,3.2885,3.29,3.2935,3.296,3.2935,3.295,7
2026-06-23 07:26:00,3.2915,3.2925,3.2915,3.292,3.2965,3.2975,3.2965,3.297,3
2026-06-23 07:27:00,3.2915,3.2935,3.2915,3.293,3.2965,3.2985,3.2965,3.298,8
2026-06-23 07:28:00,3.294,3.294,3.2935,3.2935,3.299,3.299,3.2985,3.2985,2
2026-06-23 07:29:00,3.294,3.294,3.294,3.294,3.299,3.299,3.299,3.299,1
2026-06-23 07:30:00,3.293,3.293,3.292,3.2925,3.298,3.298,3.297,3.2975,3
2026-06-23 07:31:00,3.293,3.2945,3.293,3.2945,3.298,3.2995,3.298,3.2995,5
2026-06-23 07:32:00,3.294,3.294,3.293,3.293,3.299,3.299,3.298,3.298,6
2026-06-23 07:33:00,3.2935,3.2935,3.293,3.293,3.2985,3.2985,3.298,3.298,2
2026-06-23 07:34:00,3.2925,3.2925,3.291,3.291,3.2975,3.2975,3.296,3.296,7
2026-06-23 07:36:00,3.2905,3.2905,3.289,3.289,3.2955,3.2955,3.294,3.294,9
2026-06-23 07:37:00,3.2885,3.289,3.287,3.2875,3.2935,3.294,3.292,3.2925,10
2026-06-23 07:38:00,3.2885,3.2885,3.288,3.2885,3.2935,3.2935,3.293,3.2935,5
2026-06-23 07:39:00,3.289,3.2895,3.2885,3.2895,3.294,3.2945,3.2935,3.2945,6
2026-06-23 07:40:00,3.289,3.289,3.2885,3.2885,3.294,3.294,3.2935,3.2935,2
2026-06-23 07:41:00,3.2875,3.2875,3.2875,3.2875,3.2925,3.2925,3.2925,3.2925,1
2026-06-23 07:42:00,3.287,3.2875,3.287,3.2875,3.292,3.2925,3.292,3.2925,2
2026-06-23 07:43:00,3.288,3.2895,3.288,3.2895,3.293,3.2945,3.293,3.2945,5
2026-06-23 07:45:00,3.289,3.2935,3.289,3.293,3.294,3.2985,3.294,3.298,12
2026-06-23 07:46:00,3.2925,3.2925,3.29,3.2905,3.2975,3.2975,3.295,3.2955,9
2026-06-23 07:47:00,3.29,3.29,3.2895,3.29,3.295,3.295,3.2945,3.295,3
2026-06-23 07:48:00,3.289,3.2895,3.289,3.289,3.294,3.2945,3.294,3.294,3
2026-06-23 07:49:00,3.2895,3.29,3.2895,3.2895,3.2945,3.295,3.2945,3.2945,3
2026-06-23 07:50:00,3.289,3.291,3.289,3.291,3.294,3.296,3.294,3.296,6
2026-06-23 07:51:00,3.292,3.292,3.2915,3.2915,3.297,3.297,3.2965,3.2965,2
2026-06-23 07:52:00,3.291,3.2915,3.291,3.291,3.296,3.2965,3.296,3.296,3
2026-06-23 07:53:00,3.2905,3.2905,3.2905,3.2905,3.2955,3.2955,3.2955,3.2955,1
2026-06-23 07:54:00,3.291,3.291,3.289,3.289,3.296,3.296,3.294,3.294,4
2026-06-23 07:55:00,3.29,3.29,3.289,3.289,3.295,3.295,3.294,3.294,3
2026-06-23 07:56:00,3.2895,3.29,3.2895,3.29,3.2945,3.295,3.2945,3.295,4
2026-06-23 07:57:00,3.2895,3.2895,3.2895,3.2895,3.2945,3.2945,3.2945,3.2945,1
2026-06-23 07:58:00,3.29,3.29,3.2895,3.2895,3.295,3.295,3.2945,3.2945,2
2026-06-23 07:59:00,3.29,3.29,3.29,3.29,3.295,3.295,3.295,3.295,1
2026-06-23 08:00:00,3.2895,3.292,3.2895,3.291,3.2945,3.297,3.2945,3.296,13
2026-06-23 08:01:00,3.2915,3.2935,3.2915,3.2915,3.2965,3.2985,3.2965,3.2965,15
2026-06-23 08:02:00,3.291,3.291,3.2895,3.29,3.296,3.296,3.2945,3.295,7
2026-06-23 08:03:00,3.291,3.293,3.291,3.292,3.296,3.298,3.296,3.297,6
2026-06-23 08:04:00,3.2925,3.294,3.292,3.293,3.2975,3.299,3.297,3.298,8
2026-06-23 08:05:00,3.2935,3.294,3.293,3.2935,3.2985,3.299,3.298,3.2985,4
2026-06-23 08:06:00,3.293,3.2935,3.293,3.2935,3.298,3.2985,3.298,3.2985,2
2026-06-23 08:07:00,3.294,3.294,3.292,3.2925,3.299,3.299,3.297,3.2975,9
2026-06-23 08:08:00,3.292,3.2935,3.2915,3.2935,3.297,3.2985,3.2965,3.2985,5
2026-06-23 08:09:00,3.293,3.295,3.293,3.295,3.298,3.3,3.298,3.3,4
2026-06-23 08:10:00,3.294,3.294,3.2915,3.2915,3.299,3.299,3.2965,3.2965,5
2026-06-23 08:11:00,3.2925,3.2935,3.292,3.2935,3.2975,3.2985,3.297,3.2985,4
2026-06-23 08:12:00,3.2945,3.295,3.291,3.291,3.2995,3.3,3.296,3.296,17
2026-06-23 08:13:00,3.292,3.294,3.291,3.293,3.297,3.299,3.296,3.298,9
2026-06-23 08:14:00,3.294,3.294,3.292,3.292,3.299,3.299,3.297,3.297,7
2026-06-23 08:15:00,3.293,3.293,3.292,3.293,3.298,3.298,3.297,3.298,5
2026-06-23 08:16:00,3.292,3.293,3.2915,3.292,3.297,3.298,3.2965,3.297,12
2026-06-23 08:17:00,3.293,3.2945,3.293,3.2945,3.298,3.2995,3.298,3.2995,4
2026-06-23 08:18:00,3.294,3.294,3.294,3.294,3.299,3.299,3.299,3.299,1
2026-06-23 08:19:00,3.2945,3.2945,3.291,3.292,3.2995,3.2995,3.296,3.297,10
2026-06-23 08:20:00,3.2915,3.2945,3.289,3.2945,3.2965,3.2995,3.294,3.2995,48
2026-06-23 08:21:00,3.295,3.295,3.2935,3.295,3.3,3.3,3.2985,3.3,6
2026-06-23 08:22:00,3.296,3.2975,3.296,3.2975,3.301,3.3025,3.301,3.3025,5
2026-06-23 08:23:00,3.298,3.298,3.298,3.298,3.303,3.303,3.303,3.303,1
2026-06-23 08:24:00,3.2975,3.299,3.2955,3.2965,3.3025,3.304,3.3005,3.3015,10
2026-06-23 08:25:00,3.296,3.297,3.296,3.296,3.301,3.302,3.301,3.301,4
2026-06-23 08:26:00,3.2955,3.296,3.295,3.2955,3.3005,3.301,3.3,3.3005,5
2026-06-23 08:27:00,3.295,3.295,3.293,3.2935,3.3,3.3,3.298,3.2985,7
2026-06-23 08:28:00,3.294,3.294,3.294,3.294,3.299,3.299,3.299,3.299,1
2026-06-23 08:29:00,3.2935,3.2935,3.2905,3.2905,3.2985,3.2985,3.2955,3.2955,8
2026-06-23 08:30:00,3.291,3.291,3.29,3.291,3.296,3.296,3.295,3.296,11
2026-06-23 08:31:00,3.2905,3.292,3.2905,3.2905,3.2955,3.297,3.2955,3.2955,7
2026-06-23 08:32:00,3.29,3.292,3.29,3.2915,3.295,3.297,3.295,3.2965,10
2026-06-23 08:33:00,3.291,3.292,3.29,3.29,3.296,3.297,3.295,3.295,5
2026-06-23 08:34:00,3.291,3.2935,3.289,3.2935,3.296,3.2985,3.294,3.2985,15
2026-06-23 08:35:00,3.293,3.294,3.293,3.293,3.298,3.299,3.298,3.298,5
2026-06-23 08:36:00,3.294,3.294,3.292,3.2925,3.299,3.299,3.297,3.2975,9
2026-06-23 08:37:00,3.293,3.2935,3.293,3.293,3.298,3.2985,3.298,3.298,5
2026-06-23 08:39:00,3.292,3.2925,3.292,3.292,3.297,3.2975,3.297,3.297,3
2026-06-23 08:40:00,3.2915,3.292,3.291,3.2915,3.2965,3.297,3.296,3.2965,4
2026-06-23 08:41:00,3.291,3.292,3.2905,3.2905,3.296,3.297,3.2955,3.2955,4
2026-06-23 08:42:00,3.291,3.292,3.2905,3.2905,3.296,3.297,3.2955,3.2955,11
2026-06-23 08:43:00,3.291,3.291,3.29,3.291,3.296,3.296,3.295,3.296,6
2026-06-23 08:44:00,3.2905,3.293,3.2905,3.293,3.2955,3.298,3.2955,3.298,9
2026-06-23 08:45:00,3.2925,3.2925,3.2915,3.292,3.2975,3.2975,3.2965,3.297,4
2026-06-23 08:46:00,3.293,3.294,3.293,3.294,3.298,3.299,3.298,3.299,7
2026-06-23 08:47:00,3.2935,3.2935,3.291,3.2925,3.2985,3.2985,3.296,3.2975,10
2026-06-23 08:48:00,3.293,3.293,3.2925,3.293,3.298,3.298,3.2975,3.298,5
2026-06-23 08:49:00,3.294,3.295,3.294,3.2945,3.299,3.3,3.299,3.2995,5
2026-06-23 08:50:00,3.294,3.296,3.293,3.293,3.299,3.301,3.298,3.298,15
2026-06-23 08:52:00,3.294,3.294,3.293,3.293,3.299,3.299,3.298,3.298,5
2026-06-23 08:53:00,3.2935,3.2935,3.293,3.293,3.2985,3.2985,3.298,3.298,2
2026-06-23 08:54:00,3.292,3.292,3.29,3.29,3.297,3.297,3.295,3.295,5
2026-06-23 08:55:00,3.2895,3.29,3.288,3.288,3.2945,3.295,3.293,3.293,7
2026-06-23 08:56:00,3.2885,3.291,3.2885,3.29,3.2935,3.296,3.2935,3.295,10
2026-06-23 08:57:00,3.2895,3.2895,3.288,3.288,3.2945,3.2945,3.293,3.293,12
2026-06-23 08:58:00,3.289,3.29,3.2885,3.289,3.294,3.295,3.2935,3.294,8
2026-06-23 08:59:00,3.2895,3.2895,3.289,3.289,3.2945,3.2945,3.294,3.294,12
2026-06-23 09:00:00,3.2895,3.2895,3.285,3.286,3.2945,3.2945,3.29,3.291,10
2026-06-23 09:01:00,3.285,3.285,3.283,3.284,3.29,3.29,3.288,3.289,6
2026-06-23 09:02:00,3.285,3.287,3.284,3.285,3.29,3.292,3.289,3.29,11
2026-06-23 09:03:00,3.284,3.2855,3.284,3.2845,3.289,3.2905,3.289,3.2895,6
2026-06-23 09:04:00,3.285,3.285,3.284,3.284,3.29,3.29,3.289,3.289,4
2026-06-23 09:05:00,3.2845,3.286,3.2845,3.286,3.2895,3.291,3.2895,3.291,7
2026-06-23 09:06:00,3.285,3.289,3.283,3.288,3.29,3.294,3.288,3.293,14
2026-06-23 09:07:00,3.287,3.288,3.286,3.287,3.292,3.293,3.291,3.292,19
2026-06-23 09:09:00,3.2875,3.2875,3.287,3.287,3.2925,3.2925,3.292,3.292,2
2026-06-23 09:10:00,3.286,3.2875,3.286,3.287,3.291,3.2925,3.291,3.292,4
2026-06-23 09:12:00,3.286,3.286,3.284,3.284,3.291,3.291,3.289,3.289,7
2026-06-23 09:13:00,3.283,3.284,3.28,3.281,3.288,3.289,3.285,3.286,21
2026-06-23 09:14:00,3.282,3.283,3.282,3.282,3.287,3.288,3.287,3.287,3
2026-06-23 09:15:00,3.2825,3.283,3.281,3.281,3.2875,3.288,3.286,3.286,5
2026-06-23 09:17:00,3.282,3.283,3.282,3.2825,3.287,3.288,3.287,3.2875,8
2026-06-23 09:18:00,3.283,3.2835,3.283,3.283,3.288,3.2885,3.288,3.288,9
2026-06-23 09:19:00,3.284,3.284,3.28,3.28,3.289,3.289,3.285,3.285,15
2026-06-23 09:21:00,3.281,3.281,3.279,3.279,3.286,3.286,3.284,3.284,3
2026-06-23 09:22:00,3.278,3.278,3.277,3.277,3.283,3.283,3.282,3.282,8
2026-06-23 09:23:00,3.2775,3.28,3.2775,3.279,3.2825,3.285,3.2825,3.284,18
2026-06-23 09:24:00,3.278,3.278,3.273,3.274,3.283,3.283,3.278,3.279,15
2026-06-23 09:25:00,3.273,3.278,3.273,3.277,3.278,3.283,3.278,3.282,14
2026-06-23 09:26:00,3.2775,3.278,3.276,3.277,3.2825,3.283,3.281,3.282,6
2026-06-23 09:27:00,3.2765,3.277,3.273,3.273,3.2815,3.282,3.278,3.278,14
2026-06-23 09:28:00,3.272,3.273,3.271,3.273,3.277,3.278,3.276,3.278,4
2026-06-23 09:29:00,3.272,3.273,3.272,3.273,3.277,3.278,3.277,3.278,2
2026-06-23 09:30:00,3.2735,3.274,3.272,3.2725,3.2785,3.279,3.277,3.2775,24
2026-06-23 09:31:00,3.273,3.276,3.273,3.2755,3.278,3.281,3.278,3.2805,18
2026-06-23 09:32:00,3.276,3.277,3.275,3.2755,3.281,3.282,3.28,3.2805,17
2026-06-23 09:33:00,3.275,3.276,3.275,3.276,3.28,3.281,3.28,3.281,4
2026-06-23 09:35:00,3.2765,3.277,3.2765,3.277,3.2815,3.282,3.2815,3.282,2
2026-06-23 09:38:00,3.278,3.278,3.277,3.277,3.283,3.283,3.282,3.282,8
2026-06-23 09:39:00,3.278,3.278,3.276,3.276,3.283,3.283,3.281,3.281,3
2026-06-23 09:40:00,3.277,3.277,3.276,3.276,3.282,3.282,3.281,3.281,2
2026-06-23 09:41:00,3.277,3.277,3.2765,3.277,3.282,3.282,3.2815,3.282,5
2026-06-23 09:42:00,3.278,3.281,3.278,3.281,3.283,3.286,3.283,3.286,13
2026-06-23 09:43:00,3.282,3.282,3.279,3.2795,3.287,3.287,3.284,3.2845,10
2026-06-23 09:44:00,3.279,3.28,3.279,3.279,3.284,3.285,3.284,3.284,5
2026-06-23 09:45:00,3.28,3.281,3.2795,3.281,3.285,3.286,3.2845,3.286,7
2026-06-23 09:46:00,3.28,3.281,3.28,3.28,3.285,3.286,3.285,3.285,3
2026-06-23 09:47:00,3.2805,3.2805,3.28,3.2805,3.2855,3.2855,3.285,3.2855,3
2026-06-23 09:48:00,3.28,3.283,3.28,3.282,3.285,3.288,3.285,3.287,9
2026-06-23 09:49:00,3.281,3.281,3.28,3.28,3.286,3.286,3.285,3.285,6
2026-06-23 09:50:00,3.2795,3.2795,3.276,3.277,3.2845,3.2845,3.281,3.282,17
2026-06-23 09:51:00,3.2775,3.278,3.275,3.276,3.2825,3.283,3.28,3.281,11
2026-06-23 09:52:00,3.2765,3.277,3.276,3.276,3.2815,3.282,3.281,3.281,9
2026-06-23 09:53:00,3.2765,3.2765,3.274,3.275,3.2815,3.2815,3.279,3.28,5
2026-06-23 09:54:00,3.2745,3.2745,3.272,3.274,3.2795,3.2795,3.277,3.279,7
2026-06-23 09:56:00,3.275,3.276,3.274,3.274,3.28,3.281,3.279,3.279,4
2026-06-23 09:57:00,3.2745,3.275,3.2745,3.275,3.2795,3.28,3.2795,3.28,2
2026-06-23 09:58:00,3.2745,3.2745,3.2745,3.2745,3.2795,3.2795,3.2795,3.2795,1
2026-06-23 09:59:00,3.274,3.275,3.271,3.273,3.279,3.28,3.276,3.278,14
2026-06-23 10:00:00,3.2725,3.276,3.2725,3.274,3.2775,3.281,3.2775,3.279,19
2026-06-23 10:01:00,3.2745,3.275,3.2725,3.275,3.2795,3.28,3.2775,3.28,12
2026-06-23 10:02:00,3.274,3.275,3.274,3.275,3.279,3.28,3.279,3.28,7
2026-06-23 10:03:00,3.276,3.277,3.275,3.276,3.281,3.282,3.28,3.281,13
2026-06-23 10:04:00,3.277,3.277,3.276,3.276,3.282,3.282,3.281,3.281,5
2026-06-23 10:05:00,3.2755,3.276,3.275,3.275,3.2805,3.281,3.28,3.28,10
2026-06-23 10:06:00,3.276,3.276,3.275,3.2755,3.281,3.281,3.28,3.2805,6
2026-06-23 10:07:00,3.275,3.277,3.275,3.277,3.28,3.282,3.28,3.282,4
2026-06-23 10:08:00,3.276,3.276,3.276,3.276,3.281,3.281,3.281,3.281,1
2026-06-23 10:09:00,3.2755,3.276,3.2755,3.276,3.2805,3.281,3.2805,3.281,2
2026-06-23 10:10:00,3.277,3.277,3.276,3.276,3.282,3.282,3.281,3.281,6
2026-06-23 10:11:00,3.277,3.279,3.276,3.279,3.282,3.284,3.281,3.284,6
2026-06-23 10:12:00,3.2795,3.28,3.279,3.2795,3.2845,3.285,3.284,3.2845,8
2026-06-23 10:13:00,3.28,3.28,3.279,3.279,3.285,3.285,3.284,3.284,4
2026-06-23 10:15:00,3.278,3.279,3.278,3.279,3.283,3.284,3.283,3.284,17
2026-06-23 10:16:00,3.2785,3.2785,3.278,3.278,3.2835,3.2835,3.283,3.283,2
2026-06-23 10:17:00,3.279,3.279,3.2775,3.278,3.284,3.284,3.2825,3.283,6
2026-06-23 10:20:00,3.277,3.2785,3.277,3.278,3.282,3.2835,3.282,3.283,4
2026-06-23 10:21:00,3.279,3.279,3.278,3.279,3.284,3.284,3.283,3.284,11
2026-06-23 10:22:00,3.278,3.28,3.278,3.279,3.283,3.285,3.283,3.284,5
2026-06-23 10:24:00,3.2795,3.281,3.279,3.279,3.2845,3.286,3.284,3.284,7
2026-06-23 10:25:00,3.28,3.28,3.279,3.279,3.285,3.285,3.284,3.284,2
2026-06-23 10:26:00,3.28,3.281,3.28,3.28,3.285,3.286,3.285,3.285,4
2026-06-23 10:27:00,3.2795,3.28,3.278,3.279,3.2845,3.285,3.283,3.284,15
2026-06-23 10:28:00,3.28,3.28,3.279,3.28,3.285,3.285,3.284,3.285,4
2026-06-23 10:29:00,3.2805,3.281,3.28,3.28,3.2855,3.286,3.285,3.285,8
2026-06-23 10:30:00,3.281,3.281,3.28,3.281,3.286,3.286,3.285,3.286,3
2026-06-23 10:31:00,3.282,3.283,3.282,3.283,3.287,3.288,3.287,3.288,6
2026-06-23 10:32:00,3.2825,3.285,3.282,3.283,3.2875,3.29,3.287,3.288,9
2026-06-23 10:33:00,3.2835,3.2835,3.283,3.2835,3.2885,3.2885,3.288,3.2885,3
2026-06-23 10:34:00,3.284,3.285,3.284,3.284,3.289,3.29,3.289,3.289,6
2026-06-23 10:35:00,3.285,3.285,3.285,3.285,3.29,3.29,3.29,3.29,1
2026-06-23 10:36:00,3.284,3.285,3.284,3.2845,3.289,3.29,3.289,3.2895,6
2026-06-23 10:37:00,3.285,3.285,3.284,3.284,3.29,3.29,3.289,3.289,6
2026-06-23 10:38:00,3.283,3.2835,3.282,3.2825,3.288,3.2885,3.287,3.2875,11
2026-06-23 10:39:00,3.282,3.283,3.282,3.282,3.287,3.288,3.287,3.287,5
2026-06-23 10:40:00,3.2815,3.284,3.2815,3.283,3.2865,3.289,3.2865,3.288,7
2026-06-23 10:43:00,3.2835,3.2835,3.28,3.28,3.2885,3.2885,3.285,3.285,7
2026-06-23 10:44:00,3.279,3.28,3.278,3.28,3.284,3.285,3.283,3.285,9
2026-06-23 10:45:00,3.281,3.281,3.279,3.28,3.286,3.286,3.284,3.285,9
2026-06-23 10:46:00,3.281,3.282,3.2805,3.282,3.286,3.287,3.2855,3.287,5
2026-06-23 10:49:00,3.281,3.282,3.281,3.281,3.286,3.287,3.286,3.286,4
2026-06-23 10:50:00,3.2815,3.282,3.2815,3.282,3.2865,3.287,3.2865,3.287,2
2026-06-23 10:51:00,3.283,3.283,3.282,3.283,3.288,3.288,3.287,3.288,4
2026-06-23 10:52:00,3.282,3.283,3.281,3.283,3.287,3.288,3.286,3.288,27
2026-06-23 10:53:00,3.2825,3.283,3.282,3.282,3.2875,3.288,3.287,3.287,20
2026-06-23 10:54:00,3.281,3.281,3.28,3.28,3.286,3.286,3.285,3.285,8
2026-06-23 10:55:00,3.279,3.28,3.279,3.28,3.284,3.285,3.284,3.285,2
2026-06-23 10:57:00,3.279,3.279,3.279,3.279,3.284,3.284,3.284,3.284,1
2026-06-23 10:58:00,3.278,3.278,3.278,3.278,3.283,3.283,3.283,3.283,1
2026-06-23 10:59:00,3.277,3.277,3.277,3.277,3.282,3.282,3.282,3.282,1
2026-06-23 11:00:00,3.278,3.278,3.272,3.2725,3.283,3.283,3.277,3.2775,19
2026-06-23 11:01:00,3.272,3.272,3.269,3.269,3.277,3.277,3.274,3.274,30
2026-06-23 11:02:00,3.268,3.268,3.26,3.262,3.273,3.273,3.265,3.267,44
2026-06-23 11:03:00,3.261,3.261,3.255,3.257,3.266,3.266,3.26,3.262,38
2026-06-23 11:04:00,3.2575,3.26,3.254,3.256,3.2625,3.265,3.259,3.261,47
2026-06-23 11:05:00,3.255,3.26,3.253,3.253,3.26,3.265,3.258,3.258,42
2026-06-23 11:06:00,3.2525,3.255,3.251,3.253,3.2575,3.26,3.256,3.258,40
2026-06-23 11:07:00,3.2535,3.26,3.253,3.259,3.2585,3.265,3.258,3.264,35
2026-06-23 11:08:00,3.26,3.264,3.26,3.26,3.265,3.269,3.265,3.265,19
2026-06-23 11:09:00,3.261,3.261,3.261,3.261,3.266,3.266,3.266,3.266,1
2026-06-23 11:11:00,3.262,3.264,3.259,3.26,3.267,3.269,3.264,3.265,27
2026-06-23 11:12:00,3.2595,3.261,3.2595,3.261,3.2645,3.266,3.2645,3.266,18
2026-06-23 11:13:00,3.26,3.26,3.257,3.258,3.265,3.265,3.262,3.263,7
2026-06-23 11:14:00,3.2575,3.258,3.255,3.256,3.2625,3.263,3.26,3.261,9
2026-06-23 11:15:00,3.257,3.257,3.255,3.256,3.262,3.262,3.26,3.261,12
2026-06-23 11:16:00,3.257,3.257,3.255,3.257,3.262,3.262,3.26,3.262,12
2026-06-23 11:17:00,3.256,3.257,3.256,3.256,3.261,3.262,3.261,3.261,7
2026-06-23 11:19:00,3.257,3.257,3.257,3.257,3.262,3.262,3.262,3.262,1
2026-06-23 11:20:00,3.256,3.257,3.254,3.256,3.261,3.262,3.259,3.261,12
2026-06-23 11:21:00,3.255,3.257,3.253,3.257,3.26,3.262,3.258,3.262,22
2026-06-23 11:22:00,3.258,3.258,3.253,3.253,3.263,3.263,3.258,3.258,7
2026-06-23 11:23:00,3.254,3.255,3.253,3.254,3.259,3.26,3.258,3.259,12
2026-06-23 11:24:00,3.255,3.255,3.254,3.254,3.26,3.26,3.259,3.259,3
2026-06-23 11:25:00,3.253,3.254,3.253,3.254,3.258,3.259,3.258,3.259,4
2026-06-23 11:26:00,3.253,3.254,3.252,3.252,3.258,3.259,3.257,3.257,10
2026-06-23 11:27:00,3.251,3.253,3.251,3.252,3.256,3.258,3.256,3.257,10
2026-06-23 11:28:00,3.251,3.2525,3.251,3.252,3.256,3.2575,3.256,3.257,9
2026-06-23 11:29:00,3.251,3.252,3.247,3.247,3.256,3.257,3.252,3.252,14
2026-06-23 11:30:00,3.248,3.25,3.247,3.25,3.253,3.255,3.252,3.255,10
2026-06-23 11:31:00,3.249,3.249,3.246,3.248,3.254,3.254,3.251,3.253,10
2026-06-23 11:32:00,3.247,3.25,3.247,3.249,3.252,3.255,3.252,3.254,18
2026-06-23 11:33:00,3.25,3.251,3.25,3.25,3.255,3.256,3.255,3.255,3
2026-06-23 11:34:00,3.251,3.252,3.251,3.252,3.256,3.257,3.256,3.257,14
2026-06-23 11:35:00,3.251,3.252,3.251,3.252,3.256,3.257,3.256,3.257,2
2026-06-23 11:36:00,3.2525,3.254,3.2525,3.254,3.2575,3.259,3.2575,3.259,3
2026-06-23 11:37:00,3.253,3.253,3.251,3.252,3.258,3.258,3.256,3.257,10
2026-06-23 11:39:00,3.251,3.251,3.249,3.25,3.256,3.256,3.254,3.255,11
2026-06-23 11:40:00,3.251,3.251,3.2505,3.2505,3.256,3.256,3.2555,3.2555,4
2026-06-23 11:41:00,3.25,3.25,3.25,3.25,3.255,3.255,3.255,3.255,1
2026-06-23 11:42:00,3.249,3.251,3.249,3.249,3.254,3.256,3.254,3.254,6
2026-06-23 11:43:00,3.248,3.248,3.246,3.248,3.253,3.253,3.251,3.253,12
2026-06-23 11:44:00,3.2475,3.252,3.2475,3.251,3.2525,3.257,3.2525,3.256,14
2026-06-23 11:45:00,3.25,3.25,3.249,3.2495,3.255,3.255,3.254,3.2545,8
2026-06-23 11:46:00,3.25,3.25,3.246,3.246,3.255,3.255,3.251,3.251,11
2026-06-23 11:47:00,3.2465,3.247,3.246,3.247,3.2515,3.252,3.251,3.252,8
2026-06-23 11:48:00,3.248,3.249,3.248,3.248,3.253,3.254,3.253,3.253,3
2026-06-23 11:49:00,3.247,3.247,3.245,3.247,3.252,3.252,3.25,3.252,5
2026-06-23 11:50:00,3.246,3.247,3.246,3.247,3.251,3.252,3.251,3.252,3
2026-06-23 11:53:00,3.248,3.248,3.247,3.248,3.253,3.253,3.252,3.253,7
2026-06-23 11:54:00,3.247,3.248,3.247,3.248,3.252,3.253,3.252,3.253,2
2026-06-23 11:56:00,3.2475,3.248,3.247,3.248,3.2525,3.253,3.252,3.253,10
2026-06-23 11:57:00,3.247,3.249,3.247,3.249,3.252,3.254,3.252,3.254,4
2026-06-23 11:58:00,3.248,3.248,3.247,3.247,3.253,3.253,3.252,3.252,2
2026-06-23 11:59:00,3.246,3.247,3.245,3.2455,3.251,3.252,3.25,3.2505,7
2026-06-23 12:00:00,3.245,3.25,3.245,3.249,3.25,3.255,3.25,3.254,30
2026-06-23 12:01:00,3.248,3.248,3.247,3.248,3.253,3.253,3.252,3.253,4
2026-06-23 12:02:00,3.247,3.248,3.247,3.248,3.252,3.253,3.252,3.253,19
2026-06-23 12:03:00,3.2475,3.248,3.2475,3.248,3.2525,3.253,3.2525,3.253,2
2026-06-23 12:04:00,3.247,3.248,3.247,3.247,3.252,3.253,3.252,3.252,3
2026-06-23 12:05:00,3.246,3.248,3.246,3.248,3.251,3.253,3.251,3.253,3
2026-06-23 12:06:00,3.2475,3.2475,3.245,3.247,3.2525,3.2525,3.25,3.252,7
2026-06-23 12:07:00,3.2475,3.2475,3.245,3.245,3.2525,3.2525,3.25,3.25,4
2026-06-23 12:08:00,3.244,3.245,3.243,3.243,3.249,3.25,3.248,3.248,12
2026-06-23 12:09:00,3.2435,3.245,3.243,3.244,3.2485,3.25,3.248,3.249,6
2026-06-23 12:10:00,3.2445,3.245,3.244,3.244,3.2495,3.25,3.249,3.249,9
2026-06-23 12:11:00,3.245,3.245,3.24,3.241,3.25,3.25,3.245,3.246,12
2026-06-23 12:12:00,3.2415,3.243,3.2415,3.242,3.2465,3.248,3.2465,3.247,6
2026-06-23 12:13:00,3.241,3.241,3.241,3.241,3.246,3.246,3.246,3.246,1
2026-06-23 12:14:00,3.2405,3.241,3.24,3.241,3.2455,3.246,3.245,3.246,3
2026-06-23 12:15:00,3.242,3.246,3.242,3.245,3.247,3.251,3.247,3.25,16
2026-06-23 12:16:00,3.2445,3.2445,3.243,3.243,3.2495,3.2495,3.248,3.248,5
2026-06-23 12:17:00,3.242,3.248,3.242,3.248,3.247,3.253,3.247,3.253,11
2026-06-23 12:18:00,3.247,3.247,3.247,3.247,3.252,3.252,3.252,3.252,1
2026-06-23 12:19:00,3.246,3.246,3.245,3.246,3.251,3.251,3.25,3.251,3
2026-06-23 12:20:00,3.247,3.252,3.247,3.251,3.252,3.257,3.252,3.256,19
2026-06-23 12:21:00,3.252,3.256,3.249,3.255,3.257,3.261,3.254,3.26,22
2026-06-23 12:22:00,3.2555,3.259,3.254,3.258,3.2605,3.264,3.259,3.263,35
2026-06-23 12:23:00,3.257,3.257,3.254,3.254,3.262,3.262,3.259,3.259,8
2026-06-23 12:24:00,3.255,3.256,3.255,3.255,3.26,3.261,3.26,3.26,7
2026-06-23 12:25:00,3.254,3.255,3.252,3.252,3.259,3.26,3.257,3.257,9
2026-06-23 12:26:00,3.251,3.252,3.25,3.252,3.256,3.257,3.255,3.257,4
2026-06-23 12:28:00,3.251,3.251,3.251,3.251,3.256,3.256,3.256,3.256,1
2026-06-23 12:29:00,3.25,3.25,3.249,3.249,3.255,3.255,3.254,3.254,2
2026-06-23 12:30:00,3.25,3.25,3.249,3.249,3.255,3.255,3.254,3.254,5
2026-06-23 12:31:00,3.25,3.25,3.247,3.247,3.255,3.255,3.252,3.252,5
2026-06-23 12:32:00,3.246,3.248,3.246,3.248,3.251,3.253,3.251,3.253,14
2026-06-23 12:33:00,3.2475,3.248,3.247,3.247,3.2525,3.253,3.252,3.252,7
2026-06-23 12:34:00,3.248,3.249,3.247,3.249,3.253,3.254,3.252,3.254,8
2026-06-23 12:35:00,3.25,3.25,3.246,3.247,3.255,3.255,3.251,3.252,8
2026-06-23 12:36:00,3.248,3.25,3.247,3.249,3.253,3.255,3.252,3.254,14
2026-06-23 12:37:00,3.248,3.251,3.248,3.251,3.253,3.256,3.253,3.256,13
2026-06-23 12:38:00,3.252,3.252,3.251,3.251,3.257,3.257,3.256,3.256,4
2026-06-23 12:39:00,3.25,3.25,3.25,3.25,3.255,3.255,3.255,3.255,1
2026-06-23 12:40:00,3.249,3.249,3.249,3.249,3.254,3.254,3.254,3.254,1
2026-06-23 12:41:00,3.25,3.25,3.245,3.246,3.255,3.255,3.25,3.251,7
2026-06-23 12:42:00,3.2455,3.246,3.2455,3.246,3.2505,3.251,3.2505,3.251,4
2026-06-23 12:43:00,3.247,3.247,3.2455,3.246,3.252,3.252,3.2505,3.251,6
2026-06-23 12:44:00,3.247,3.247,3.246,3.246,3.252,3.252,3.251,3.251,2
2026-06-23 12:45:00,3.247,3.247,3.246,3.246,3.252,3.252,3.251,3.251,2
2026-06-23 12:46:00,3.247,3.248,3.247,3.247,3.252,3.253,3.252,3.252,4
2026-06-23 12:48:00,3.248,3.248,3.245,3.245,3.253,3.253,3.25,3.25,4
2026-06-23 12:49:00,3.246,3.248,3.246,3.248,3.251,3.253,3.251,3.253,9
2026-06-23 12:50:00,3.249,3.249,3.2485,3.249,3.254,3.254,3.2535,3.254,7
2026-06-23 12:51:00,3.25,3.251,3.2485,3.249,3.255,3.256,3.2535,3.254,8
2026-06-23 12:52:00,3.2505,3.251,3.249,3.249,3.2555,3.256,3.254,3.254,5
2026-06-23 12:53:00,3.2495,3.25,3.249,3.249,3.2545,3.255,3.254,3.254,4
2026-06-23 12:54:00,3.248,3.248,3.246,3.247,3.253,3.253,3.251,3.252,16
2026-06-23 12:55:00,3.246,3.2465,3.246,3.246,3.251,3.2515,3.251,3.251,3
2026-06-23 12:56:00,3.245,3.248,3.245,3.246,3.25,3.253,3.25,3.251,6
2026-06-23 12:57:00,3.245,3.245,3.243,3.243,3.25,3.25,3.248,3.248,7
2026-06-23 12:58:00,3.2435,3.244,3.242,3.242,3.2485,3.249,3.247,3.247,8
2026-06-23 12:59:00,3.241,3.243,3.24,3.243,3.246,3.248,3.245,3.248,9
2026-06-23 13:00:00,3.242,3.242,3.239,3.239,3.247,3.247,3.244,3.244,12
2026-06-23 13:01:00,3.24,3.241,3.238,3.24,3.245,3.246,3.243,3.245,23
2026-06-23 13:02:00,3.241,3.241,3.236,3.24,3.246,3.246,3.241,3.245,24
2026-06-23 13:03:00,3.241,3.242,3.24,3.242,3.246,3.247,3.245,3.247,4
2026-06-23 13:04:00,3.241,3.242,3.24,3.241,3.246,3.247,3.245,3.246,16
2026-06-23 13:05:00,3.2405,3.244,3.24,3.244,3.2455,3.249,3.245,3.249,15
2026-06-23 13:06:00,3.243,3.243,3.24,3.24,3.248,3.248,3.245,3.245,9
2026-06-23 13:07:00,3.2395,3.24,3.237,3.237,3.2445,3.245,3.242,3.242,9
2026-06-23 13:08:00,3.236,3.237,3.235,3.237,3.241,3.242,3.24,3.242,14
2026-06-23 13:09:00,3.2365,3.237,3.233,3.234,3.2415,3.242,3.238,3.239,25
2026-06-23 13:10:00,3.2345,3.235,3.233,3.234,3.2395,3.24,3.238,3.239,12
2026-06-23 13:11:00,3.2335,3.237,3.2335,3.237,3.2385,3.242,3.2385,3.242,9
2026-06-23 13:12:00,3.236,3.236,3.234,3.235,3.241,3.241,3.239,3.24,6
2026-06-23 13:13:00,3.2345,3.2345,3.229,3.231,3.2395,3.2395,3.234,3.236,17
2026-06-23 13:14:00,3.232,3.233,3.232,3.232,3.237,3.238,3.237,3.237,7
2026-06-23 13:15:00,3.231,3.238,3.231,3.236,3.236,3.243,3.236,3.241,23
2026-06-23 13:16:00,3.2365,3.238,3.235,3.236,3.2415,3.243,3.24,3.241,13
2026-06-23 13:17:00,3.237,3.238,3.236,3.237,3.242,3.243,3.241,3.242,6
2026-06-23 13:19:00,3.236,3.237,3.234,3.235,3.241,3.242,3.239,3.24,7
2026-06-23 13:20:00,3.234,3.236,3.2335,3.2335,3.239,3.241,3.2385,3.2385,13
2026-06-23 13:21:00,3.234,3.238,3.234,3.237,3.239,3.243,3.239,3.242,36
2026-06-23 13:22:00,3.238,3.241,3.237,3.24,3.243,3.246,3.242,3.245,38
2026-06-23 13:23:00,3.239,3.24,3.239,3.239,3.244,3.245,3.244,3.244,10
2026-06-23 13:24:00,3.2395,3.24,3.238,3.238,3.2445,3.245,3.243,3.243,8
2026-06-23 13:25:00,3.237,3.237,3.237,3.237,3.242,3.242,3.242,3.242,1
2026-06-23 13:26:00,3.236,3.238,3.235,3.235,3.241,3.243,3.24,3.24,16
2026-06-23 13:27:00,3.236,3.238,3.236,3.238,3.241,3.243,3.241,3.243,7
2026-06-23 13:28:00,3.239,3.24,3.239,3.239,3.244,3.245,3.244,3.244,10
2026-06-23 13:29:00,3.238,3.24,3.237,3.2385,3.243,3.245,3.242,3.2435,26
2026-06-23 13:30:00,3.239,3.242,3.239,3.242,3.244,3.247,3.244,3.247,4
2026-06-23 13:31:00,3.241,3.245,3.237,3.243,3.246,3.25,3.242,3.248,28
2026-06-23 13:32:00,3.2425,3.2425,3.24,3.2415,3.2475,3.2475,3.245,3.2465,15
2026-06-23 13:33:00,3.242,3.242,3.239,3.239,3.247,3.247,3.244,3.244,25
2026-06-23 13:34:00,3.238,3.239,3.238,3.238,3.243,3.244,3.243,3.243,9
2026-06-23 13:35:00,3.2385,3.24,3.236,3.237,3.2435,3.245,3.241,3.242,35
2026-06-23 13:36:00,3.2365,3.237,3.235,3.235,3.2415,3.242,3.24,3.24,11
2026-06-23 13:37:00,3.234,3.235,3.233,3.233,3.239,3.24,3.238,3.238,4
2026-06-23 13:38:00,3.2325,3.233,3.23,3.231,3.2375,3.238,3.235,3.236,7
2026-06-23 13:39:00,3.23,3.233,3.228,3.231,3.235,3.238,3.233,3.236,16
2026-06-23 13:40:00,3.23,3.231,3.222,3.224,3.235,3.236,3.227,3.229,37
2026-06-23 13:41:00,3.223,3.227,3.223,3.226,3.228,3.232,3.228,3.231,37
2026-06-23 13:42:00,3.225,3.225,3.222,3.222,3.23,3.23,3.227,3.227,23
2026-06-23 13:43:00,3.223,3.223,3.22,3.223,3.228,3.228,3.225,3.228,20
2026-06-23 13:44:00,3.224,3.23,3.224,3.23,3.229,3.235,3.229,3.235,25
2026-06-23 13:45:00,3.229,3.231,3.227,3.2275,3.234,3.236,3.232,3.2325,22
2026-06-23 13:46:00,3.227,3.229,3.227,3.229,3.232,3.234,3.232,3.234,9
2026-06-23 13:47:00,3.228,3.232,3.228,3.231,3.233,3.237,3.233,3.236,8
2026-06-23 13:48:00,3.23,3.232,3.229,3.231,3.235,3.237,3.234,3.236,11
2026-06-23 13:49:00,3.23,3.233,3.23,3.233,3.235,3.238,3.235,3.238,14
2026-06-23 13:50:00,3.232,3.232,3.23,3.23,3.237,3.237,3.235,3.235,10
2026-06-23 13:51:00,3.229,3.229,3.227,3.229,3.234,3.234,3.232,3.234,16
2026-06-23 13:52:00,3.23,3.23,3.218,3.22,3.235,3.235,3.223,3.225,58
2026-06-23 13:53:00,3.221,3.223,3.219,3.2225,3.226,3.228,3.224,3.2275,46
2026-06-23 13:54:00,3.222,3.223,3.222,3.223,3.227,3.228,3.227,3.228,11
2026-06-23 13:55:00,3.222,3.223,3.22,3.22,3.227,3.228,3.225,3.225,13
2026-06-23 13:56:00,3.219,3.222,3.219,3.222,3.224,3.227,3.224,3.227,41
2026-06-23 13:57:00,3.221,3.224,3.221,3.224,3.226,3.229,3.226,3.229,17
2026-06-23 13:58:00,3.2245,3.226,3.221,3.223,3.2295,3.231,3.226,3.228,17
2026-06-23 13:59:00,3.224,3.224,3.222,3.223,3.229,3.229,3.227,3.228,19
2026-06-23 14:00:00,3.2225,3.227,3.221,3.225,3.2275,3.232,3.226,3.23,28
2026-06-23 14:01:00,3.2245,3.227,3.224,3.227,3.2295,3.232,3.229,3.232,18
2026-06-23 14:02:00,3.226,3.228,3.224,3.2275,3.231,3.233,3.229,3.2325,19
2026-06-23 14:03:00,3.227,3.228,3.225,3.228,3.232,3.233,3.23,3.233,29
2026-06-23 14:04:00,3.229,3.243,3.228,3.24,3.234,3.248,3.233,3.245,123
2026-06-23 14:05:00,3.239,3.2395,3.231,3.2335,3.244,3.2445,3.236,3.2385,50
2026-06-23 14:06:00,3.233,3.234,3.227,3.227,3.238,3.239,3.232,3.232,33
2026-06-23 14:07:00,3.226,3.229,3.224,3.229,3.231,3.234,3.229,3.234,25
2026-06-23 14:08:00,3.228,3.229,3.226,3.228,3.233,3.234,3.231,3.233,25
2026-06-23 14:09:00,3.229,3.231,3.226,3.227,3.234,3.236,3.231,3.232,46
2026-06-23 14:10:00,3.226,3.226,3.2175,3.221,3.231,3.231,3.2225,3.226,70
2026-06-23 14:11:00,3.2215,3.2255,3.219,3.2195,3.2265,3.2305,3.224,3.2245,30
2026-06-23 14:12:00,3.22,3.22,3.217,3.2195,3.225,3.225,3.222,3.2245,39
2026-06-23 14:13:00,3.219,3.229,3.219,3.226,3.224,3.234,3.224,3.231,45
2026-06-23 14:14:00,3.2265,3.234,3.2265,3.2335,3.2315,3.239,3.2315,3.2385,54
2026-06-23 14:15:00,3.233,3.236,3.2315,3.233,3.238,3.241,3.2365,3.238,27
2026-06-23 14:16:00,3.232,3.237,3.232,3.236,3.237,3.242,3.237,3.241,31
2026-06-23 14:17:00,3.2355,3.238,3.233,3.236,3.2405,3.243,3.238,3.241,53
2026-06-23 14:18:00,3.235,3.2365,3.234,3.234,3.24,3.2415,3.239,3.239,57
2026-06-23 14:19:00,3.2335,3.2335,3.229,3.232,3.2385,3.2385,3.234,3.237,23
2026-06-23 14:20:00,3.231,3.24,3.231,3.2385,3.236,3.245,3.236,3.2435,57
2026-06-23 14:21:00,3.24,3.254,3.24,3.249,3.245,3.259,3.245,3.254,134
2026-06-23 14:22:00,3.248,3.2535,3.247,3.2485,3.253,3.2585,3.252,3.2535,66
2026-06-23 14:23:00,3.248,3.251,3.245,3.247,3.253,3.256,3.25,3.252,34
2026-06-23 14:24:00,3.248,3.25,3.245,3.247,3.253,3.255,3.25,3.252,30
2026-06-23 14:25:00,3.2465,3.249,3.2455,3.2455,3.2515,3.254,3.2505,3.2505,24
2026-06-23 14:26:00,3.246,3.251,3.245,3.25,3.251,3.256,3.25,3.255,42
2026-06-23 14:27:00,3.2495,3.2495,3.248,3.249,3.2545,3.2545,3.253,3.254,21
2026-06-23 14:28:00,3.2485,3.253,3.248,3.251,3.2535,3.258,3.253,3.256,22
2026-06-23 14:29:00,3.25,3.258,3.25,3.2545,3.255,3.263,3.255,3.2595,51
2026-06-23 14:30:00,3.255,3.26,3.25,3.2585,3.26,3.265,3.255,3.2635,62
2026-06-23 14:31:00,3.258,3.26,3.254,3.254,3.263,3.265,3.259,3.259,39
2026-06-23 14:32:00,3.255,3.255,3.253,3.254,3.26,3.26,3.258,3.259,29
2026-06-23 14:33:00,3.253,3.258,3.25,3.251,3.258,3.263,3.255,3.256,51
2026-06-23 14:34:00,3.25,3.2515,3.244,3.245,3.255,3.2565,3.249,3.25,44
2026-06-23 14:35:00,3.244,3.245,3.233,3.236,3.249,3.25,3.238,3.241,67
2026-06-23 14:36:00,3.237,3.2405,3.236,3.238,3.242,3.2455,3.241,3.243,39
2026-06-23 14:37:00,3.237,3.242,3.236,3.242,3.242,3.247,3.241,3.247,11
2026-06-23 14:38:00,3.2415,3.245,3.238,3.2445,3.2465,3.25,3.243,3.2495,35
2026-06-23 14:39:00,3.244,3.2465,3.241,3.242,3.249,3.2515,3.246,3.247,34
2026-06-23 14:40:00,3.241,3.243,3.237,3.243,3.246,3.248,3.242,3.248,37
2026-06-23 14:41:00,3.242,3.242,3.237,3.237,3.247,3.247,3.242,3.242,23
2026-06-23 14:42:00,3.238,3.238,3.235,3.238,3.243,3.243,3.24,3.243,26
2026-06-23 14:43:00,3.2375,3.244,3.2365,3.244,3.2425,3.249,3.2415,3.249,31
2026-06-23 14:44:00,3.2435,3.2435,3.241,3.242,3.2485,3.2485,3.246,3.247,12
2026-06-23 14:45:00,3.2425,3.244,3.242,3.243,3.2475,3.249,3.247,3.248,26
2026-06-23 14:46:00,3.2425,3.2575,3.242,3.2535,3.2475,3.2625,3.247,3.2585,114
2026-06-23 14:47:00,3.253,3.254,3.246,3.246,3.258,3.259,3.251,3.251,56
2026-06-23 14:48:00,3.2465,3.248,3.2445,3.247,3.2515,3.253,3.2495,3.252,30
2026-06-23 14:49:00,3.246,3.246,3.242,3.243,3.251,3.251,3.247,3.248,32
2026-06-23 14:50:00,3.244,3.245,3.239,3.24,3.249,3.25,3.244,3.245,44
2026-06-23 14:51:00,3.2405,3.243,3.24,3.242,3.2455,3.248,3.245,3.247,22
2026-06-23 14:52:00,3.241,3.241,3.2355,3.236,3.246,3.246,3.2405,3.241,43
2026-06-23 14:53:00,3.235,3.238,3.2325,3.2375,3.24,3.243,3.2375,3.2425,74
2026-06-23 14:54:00,3.235,3.235,3.228,3.23,3.24,3.24,3.233,3.235,52
2026-06-23 14:55:00,3.231,3.231,3.224,3.225,3.236,3.236,3.229,3.23,48
2026-06-23 14:56:00,3.2255,3.23,3.225,3.226,3.2305,3.235,3.23,3.231,51
2026-06-23 14:57:00,3.2255,3.233,3.225,3.2325,3.2305,3.238,3.23,3.2375,45
2026-06-23 14:58:00,3.233,3.235,3.23,3.233,3.238,3.24,3.235,3.238,28
2026-06-23 14:59:00,3.232,3.233,3.226,3.229,3.237,3.238,3.231,3.234,48
2026-06-23 15:00:00,3.23,3.232,3.215,3.218,3.235,3.237,3.22,3.223,161
2026-06-23 15:01:00,3.217,3.223,3.216,3.223,3.222,3.228,3.221,3.228,82
2026-06-23 15:02:00,3.222,3.224,3.22,3.223,3.227,3.229,3.225,3.228,49
2026-06-23 15:03:00,3.2235,3.227,3.221,3.224,3.2285,3.232,3.226,3.229,40
2026-06-23 15:04:00,3.223,3.225,3.216,3.217,3.228,3.23,3.221,3.222,44
2026-06-23 15:05:00,3.218,3.219,3.21,3.213,3.223,3.224,3.215,3.218,81
2026-06-23 15:06:00,3.2135,3.217,3.209,3.2145,3.2185,3.222,3.214,3.2195,71
2026-06-23 15:07:00,3.215,3.225,3.215,3.224,3.22,3.23,3.22,3.229,33
2026-06-23 15:08:00,3.223,3.223,3.22,3.22,3.228,3.228,3.225,3.225,39
2026-06-23 15:09:00,3.221,3.2335,3.22,3.227,3.226,3.2385,3.225,3.232,103
2026-06-23 15:10:00,3.226,3.228,3.224,3.225,3.231,3.233,3.229,3.23,44
2026-06-23 15:11:00,3.2245,3.225,3.221,3.221,3.2295,3.23,3.226,3.226,25
2026-06-23 15:12:00,3.22,3.222,3.219,3.22,3.225,3.227,3.224,3.225,22
2026-06-23 15:13:00,3.219,3.225,3.218,3.222,3.224,3.23,3.223,3.227,33
2026-06-23 15:14:00,3.223,3.225,3.221,3.223,3.228,3.23,3.226,3.228,20
2026-06-23 15:15:00,3.222,3.222,3.22,3.221,3.227,3.227,3.225,3.226,5
2026-06-23 15:16:00,3.2205,3.222,3.22,3.221,3.2255,3.227,3.225,3.226,18
2026-06-23 15:17:00,3.222,3.223,3.221,3.222,3.227,3.228,3.226,3.227,11
2026-06-23 15:18:00,3.2215,3.2275,3.221,3.222,3.2265,3.2325,3.226,3.227,31
2026-06-23 15:19:00,3.223,3.224,3.222,3.223,3.228,3.229,3.227,3.228,12
2026-06-23 15:20:00,3.2225,3.229,3.2225,3.228,3.2275,3.234,3.2275,3.233,22
2026-06-23 15:21:00,3.227,3.227,3.22,3.22,3.232,3.232,3.225,3.225,33
2026-06-23 15:22:00,3.219,3.221,3.217,3.217,3.224,3.226,3.222,3.222,58
2026-06-23 15:23:00,3.216,3.22,3.214,3.218,3.221,3.225,3.219,3.223,25
2026-06-23 15:24:00,3.219,3.223,3.218,3.221,3.224,3.228,3.223,3.226,29
2026-06-23 15:25:00,3.22,3.22,3.216,3.218,3.225,3.225,3.221,3.223,13
2026-06-23 15:26:00,3.217,3.219,3.213,3.215,3.222,3.224,3.218,3.22,29
2026-06-23 15:27:00,3.2145,3.217,3.214,3.216,3.2195,3.222,3.219,3.221,35
2026-06-23 15:28:00,3.215,3.216,3.205,3.209,3.22,3.221,3.21,3.214,164
2026-06-23 15:29:00,3.2075,3.214,3.2075,3.213,3.2125,3.219,3.2125,3.218,56
2026-06-23 15:30:00,3.214,3.217,3.212,3.214,3.219,3.222,3.217,3.219,78
2026-06-23 15:31:00,3.215,3.215,3.21,3.211,3.22,3.22,3.215,3.216,82
2026-06-23 15:32:00,3.2105,3.214,3.21,3.212,3.2155,3.219,3.215,3.217,48
2026-06-23 15:33:00,3.211,3.215,3.211,3.213,3.216,3.22,3.216,3.218,28
2026-06-23 15:34:00,3.212,3.213,3.21,3.211,3.217,3.218,3.215,3.216,40
2026-06-23 15:35:00,3.212,3.212,3.206,3.208,3.217,3.217,3.211,3.213,88
2026-06-23 15:36:00,3.209,3.212,3.208,3.211,3.214,3.217,3.213,3.216,66
2026-06-23 15:37:00,3.21,3.213,3.21,3.213,3.215,3.217,3.215,3.217,22
2026-06-23 15:38:00,3.2125,3.216,3.212,3.216,3.22,3.221,3.218,3.221,30
2026-06-23 15:39:00,3.215,3.2195,3.214,3.219,3.221,3.2245,3.22,3.224,66
2026-06-23 15:40:00,3.217,3.219,3.216,3.218,3.222,3.224,3.221,3.224,22
2026-06-23 15:41:00,3.218,3.224,3.218,3.222,3.223,3.229,3.223,3.227,25
2026-06-23 15:42:00,3.2215,3.227,3.221,3.224,3.2265,3.232,3.226,3.229,38
2026-06-23 15:43:00,3.2235,3.224,3.22,3.223,3.2285,3.229,3.225,3.228,33
2026-06-23 15:44:00,3.2225,3.2255,3.222,3.225,3.2275,3.2305,3.227,3.23,9
2026-06-23 15:45:00,3.2245,3.225,3.2225,3.224,3.2295,3.23,3.2275,3.229,31
2026-06-23 15:46:00,3.225,3.229,3.224,3.228,3.23,3.234,3.228,3.233,27
2026-06-23 15:47:00,3.2285,3.23,3.225,3.228,3.2335,3.235,3.23,3.233,51
2026-06-23 15:48:00,3.229,3.229,3.224,3.224,3.234,3.234,3.229,3.229,23
2026-06-23 15:49:00,3.223,3.225,3.223,3.224,3.228,3.23,3.228,3.229,13
2026-06-23 15:50:00,3.225,3.229,3.224,3.229,3.23,3.234,3.229,3.234,46
2026-06-23 15:51:00,3.23,3.23,3.228,3.228,3.235,3.235,3.233,3.233,28
2026-06-23 15:52:00,3.229,3.23,3.226,3.228,3.234,3.235,3.231,3.233,8
2026-06-23 15:53:00,3.227,3.227,3.223,3.227,3.232,3.232,3.228,3.232,31
2026-06-23 15:54:00,3.226,3.228,3.226,3.226,3.231,3.233,3.231,3.231,9
2026-06-23 15:55:00,3.225,3.225,3.222,3.224,3.23,3.23,3.228,3.228,26
2026-06-23 15:56:00,3.223,3.224,3.217,3.218,3.228,3.228,3.222,3.223,28
2026-06-23 15:57:00,3.219,3.22,3.219,3.219,3.224,3.225,3.224,3.224,3
2026-06-23 15:58:00,3.2185,3.2185,3.214,3.217,3.2235,3.2235,3.219,3.222,11
2026-06-23 15:59:00,3.218,3.219,3.214,3.2155,3.223,3.224,3.219,3.2205,53
2026-06-23 16:00:00,3.215,3.215,3.213,3.215,3.219,3.22,3.218,3.22,31
2026-06-23 16:01:00,3.214,3.215,3.208,3.208,3.218,3.218,3.213,3.213,33
2026-06-23 16:02:00,3.2075,3.21,3.207,3.21,3.2125,3.215,3.212,3.215,15
2026-06-23 16:03:00,3.211,3.212,3.21,3.211,3.216,3.217,3.215,3.2155,11
2026-06-23 16:04:00,3.21,3.21,3.208,3.209,3.215,3.215,3.213,3.214,14
2026-06-23 16:05:00,3.21,3.214,3.206,3.211,3.215,3.219,3.211,3.216,35
2026-06-23 16:06:00,3.2105,3.211,3.207,3.21,3.2155,3.216,3.212,3.215,31
2026-06-23 16:07:00,3.2095,3.2095,3.201,3.2045,3.2115,3.2115,3.206,3.2095,42
2026-06-23 16:08:00,3.205,3.207,3.203,3.205,3.21,3.212,3.208,3.21,33
2026-06-23 16:09:00,3.204,3.205,3.201,3.202,3.209,3.21,3.206,3.207,32
2026-06-23 16:10:00,3.201,3.2015,3.199,3.2,3.206,3.2065,3.204,3.205,39
2026-06-23 16:11:00,3.199,3.2,3.195,3.198,3.204,3.205,3.2,3.203,31
2026-06-23 16:12:00,3.199,3.201,3.199,3.2,3.204,3.206,3.204,3.205,28
2026-06-23 16:13:00,3.199,3.203,3.198,3.203,3.204,3.208,3.203,3.208,17
2026-06-23 16:14:00,3.202,3.203,3.201,3.203,3.207,3.208,3.206,3.208,20
2026-06-23 16:15:00,3.2025,3.204,3.201,3.2035,3.2075,3.209,3.206,3.2085,48
2026-06-23 16:16:00,3.204,3.206,3.204,3.205,3.209,3.211,3.209,3.21,44
2026-06-23 16:17:00,3.206,3.207,3.205,3.206,3.211,3.212,3.21,3.211,18
2026-06-23 16:18:00,3.204,3.207,3.203,3.204,3.209,3.212,3.208,3.209,42
2026-06-23 16:19:00,3.203,3.205,3.203,3.205,3.208,3.21,3.208,3.21,6
2026-06-23 16:20:00,3.204,3.205,3.201,3.201,3.209,3.21,3.206,3.206,34
2026-06-23 16:21:00,3.202,3.206,3.202,3.204,3.207,3.211,3.207,3.209,26
2026-06-23 16:22:00,3.205,3.208,3.205,3.207,3.21,3.213,3.21,3.212,40
2026-06-23 16:23:00,3.2075,3.208,3.206,3.206,3.2125,3.213,3.211,3.211,12
2026-06-23 16:24:00,3.205,3.206,3.204,3.206,3.21,3.211,3.209,3.211,31
2026-06-23 16:25:00,3.2055,3.206,3.203,3.204,3.2105,3.211,3.208,3.209,25
2026-06-23 16:26:00,3.2035,3.204,3.202,3.202,3.2085,3.209,3.207,3.207,8
2026-06-23 16:27:00,3.201,3.203,3.2,3.202,3.206,3.208,3.205,3.207,16
2026-06-23 16:28:00,3.201,3.203,3.201,3.202,3.206,3.208,3.206,3.207,13
2026-06-23 16:29:00,3.201,3.204,3.201,3.203,3.206,3.209,3.206,3.208,12
2026-06-23 16:30:00,3.2025,3.206,3.202,3.206,3.2075,3.211,3.207,3.211,26
2026-06-23 16:31:00,3.205,3.205,3.203,3.204,3.21,3.21,3.208,3.209,7
2026-06-23 16:32:00,3.205,3.208,3.205,3.207,3.21,3.213,3.21,3.212,19
2026-06-23 16:33:00,3.206,3.209,3.205,3.206,3.211,3.214,3.21,3.211,34
2026-06-23 16:34:00,3.205,3.206,3.205,3.206,3.21,3.211,3.21,3.211,4
2026-06-23 16:35:00,3.205,3.208,3.205,3.207,3.21,3.213,3.21,3.212,13
2026-06-23 16:36:00,3.208,3.208,3.204,3.204,3.213,3.213,3.209,3.209,41
2026-06-23 16:37:00,3.203,3.204,3.203,3.204,3.208,3.209,3.208,3.209,12
2026-06-23 16:38:00,3.203,3.204,3.199,3.199,3.208,3.209,3.204,3.204,34
2026-06-23 16:39:00,3.1995,3.201,3.199,3.199,3.2045,3.206,3.204,3.204,12
2026-06-23 16:40:00,3.198,3.2,3.197,3.197,3.203,3.205,3.202,3.202,44
2026-06-23 16:41:00,3.198,3.201,3.197,3.201,3.203,3.206,3.202,3.206,18
2026-06-23 16:42:00,3.2,3.201,3.2,3.2,3.205,3.206,3.205,3.205,11
2026-06-23 16:43:00,3.201,3.202,3.2,3.202,3.206,3.207,3.205,3.207,13
2026-06-23 16:44:00,3.203,3.205,3.2025,3.204,3.208,3.21,3.2075,3.209,34
2026-06-23 16:45:00,3.203,3.2035,3.202,3.202,3.208,3.208,3.207,3.207,11
2026-06-23 16:46:00,3.201,3.204,3.1995,3.204,3.206,3.209,3.2045,3.209,17
2026-06-23 16:47:00,3.205,3.207,3.203,3.2065,3.21,3.212,3.208,3.2115,46
2026-06-23 16:48:00,3.206,3.207,3.2035,3.204,3.211,3.212,3.2085,3.209,25
2026-06-23 16:49:00,3.203,3.205,3.203,3.203,3.208,3.21,3.208,3.208,8
2026-06-23 16:50:00,3.204,3.204,3.201,3.202,3.209,3.209,3.206,3.207,25
2026-06-23 16:51:00,3.203,3.203,3.201,3.201,3.208,3.208,3.206,3.206,6
2026-06-23 16:52:00,3.2,3.2,3.197,3.1985,3.205,3.205,3.202,3.2035,18
2026-06-23 16:53:00,3.198,3.1995,3.198,3.1995,3.203,3.2045,3.203,3.2045,21
2026-06-23 16:54:00,3.2,3.2015,3.199,3.201,3.205,3.2065,3.204,3.206,18
2026-06-23 16:55:00,3.203,3.203,3.201,3.202,3.208,3.208,3.206,3.207,7
2026-06-23 16:56:00,3.201,3.208,3.201,3.208,3.206,3.213,3.206,3.213,36
2026-06-23 16:57:00,3.2085,3.21,3.207,3.208,3.2135,3.215,3.212,3.213,23
2026-06-23 16:58:00,3.207,3.208,3.206,3.208,3.212,3.213,3.211,3.213,10
2026-06-23 16:59:00,3.2075,3.208,3.203,3.204,3.2125,3.213,3.208,3.209,26
2026-06-23 17:00:00,3.2035,3.208,3.2035,3.207,3.2085,3.213,3.2085,3.212,21
2026-06-23 17:01:00,3.206,3.227,3.206,3.226,3.211,3.235,3.211,3.231,67
2026-06-23 17:02:00,3.225,3.226,3.217,3.219,3.23,3.233,3.222,3.224,43
2026-06-23 17:03:00,3.22,3.221,3.217,3.2195,3.225,3.226,3.222,3.2245,23
2026-06-23 17:04:00,3.219,3.224,3.218,3.219,3.224,3.229,3.223,3.224,36
2026-06-23 17:05:00,3.218,3.224,3.215,3.223,3.223,3.229,3.22,3.228,42
2026-06-23 17:06:00,3.224,3.2245,3.22,3.2205,3.229,3.2295,3.225,3.2255,41
2026-06-23 17:07:00,3.22,3.222,3.218,3.218,3.225,3.227,3.223,3.223,28
2026-06-23 17:08:00,3.219,3.221,3.218,3.218,3.224,3.226,3.223,3.223,15
2026-06-23 17:09:00,3.217,3.218,3.216,3.218,3.222,3.223,3.221,3.223,12
2026-06-23 17:10:00,3.217,3.223,3.217,3.223,3.222,3.228,3.222,3.228,34
2026-06-23 17:11:00,3.222,3.228,3.221,3.227,3.227,3.233,3.226,3.232,74
2026-06-23 17:12:00,3.2275,3.229,3.223,3.228,3.2325,3.234,3.228,3.233,38
2026-06-23 17:13:00,3.2265,3.229,3.226,3.2285,3.2315,3.234,3.231,3.2335,27
2026-06-23 17:14:00,3.229,3.229,3.222,3.225,3.234,3.234,3.227,3.23,35
2026-06-23 17:15:00,3.224,3.225,3.221,3.2235,3.229,3.23,3.226,3.2285,21
2026-06-23 17:16:00,3.223,3.223,3.221,3.2215,3.228,3.228,3.226,3.2265,16
2026-06-23 17:17:00,3.222,3.222,3.2155,3.2195,3.227,3.227,3.2205,3.2245,42
2026-06-23 17:18:00,3.22,3.222,3.22,3.22,3.225,3.227,3.225,3.225,15
2026-06-23 17:19:00,3.221,3.224,3.221,3.223,3.226,3.229,3.226,3.228,13
2026-06-23 17:20:00,3.222,3.226,3.222,3.225,3.227,3.231,3.227,3.23,23
2026-06-23 17:21:00,3.226,3.226,3.22,3.2215,3.231,3.231,3.225,3.2265,24
2026-06-23 17:22:00,3.221,3.222,3.221,3.221,3.226,3.227,3.226,3.226,6
2026-06-23 17:23:00,3.22,3.222,3.22,3.221,3.225,3.227,3.225,3.226,4
2026-06-23 17:24:00,3.22,3.22,3.218,3.219,3.225,3.225,3.223,3.224,12
2026-06-23 17:25:00,3.2185,3.2185,3.214,3.214,3.2235,3.2235,3.219,3.219,29
2026-06-23 17:26:00,3.213,3.2165,3.213,3.216,3.218,3.2215,3.218,3.221,22
2026-06-23 17:27:00,3.218,3.218,3.212,3.213,3.223,3.223,3.217,3.218,35
2026-06-23 17:28:00,3.2135,3.214,3.213,3.214,3.2185,3.219,3.218,3.219,15
2026-06-23 17:29:00,3.213,3.214,3.212,3.213,3.218,3.219,3.217,3.218,9
2026-06-23 17:30:00,3.214,3.217,3.214,3.217,3.219,3.222,3.219,3.222,15
2026-06-23 17:31:00,3.218,3.219,3.215,3.216,3.223,3.224,3.22,3.221,28
2026-06-23 17:32:00,3.2155,3.216,3.2135,3.214,3.2205,3.221,3.2185,3.219,22
2026-06-23 17:33:00,3.215,3.2175,3.215,3.217,3.22,3.2225,3.22,3.222,9
2026-06-23 17:34:00,3.216,3.216,3.215,3.216,3.221,3.221,3.22,3.221,5
2026-06-23 17:35:00,3.217,3.2195,3.215,3.219,3.222,3.2245,3.22,3.224,18
2026-06-23 17:36:00,3.219,3.22,3.217,3.218,3.224,3.225,3.222,3.223,8
2026-06-23 17:37:00,3.217,3.219,3.217,3.219,3.222,3.224,3.222,3.224,5
2026-06-23 17:39:00,3.22,3.222,3.218,3.222,3.225,3.227,3.223,3.227,12
2026-06-23 17:40:00,3.223,3.226,3.223,3.226,3.228,3.231,3.228,3.231,51
2026-06-23 17:41:00,3.225,3.229,3.224,3.226,3.23,3.234,3.229,3.231,55
2026-06-23 17:42:00,3.227,3.231,3.227,3.229,3.232,3.236,3.232,3.234,27
2026-06-23 17:43:00,3.23,3.234,3.229,3.233,3.235,3.239,3.234,3.238,28
2026-06-23 17:44:00,3.234,3.234,3.23,3.232,3.239,3.239,3.235,3.237,33
2026-06-23 17:45:00,3.2325,3.234,3.227,3.233,3.2375,3.239,3.232,3.238,33
2026-06-23 17:46:00,3.234,3.234,3.229,3.23,3.239,3.239,3.234,3.235,20
2026-06-23 17:47:00,3.231,3.233,3.23,3.232,3.236,3.238,3.235,3.237,17
2026-06-23 17:48:00,3.233,3.233,3.232,3.232,3.238,3.238,3.237,3.237,17
2026-06-23 17:49:00,3.231,3.232,3.23,3.231,3.236,3.237,3.235,3.236,19
2026-06-23 17:50:00,3.232,3.235,3.231,3.234,3.237,3.24,3.236,3.239,31
2026-06-23 17:51:00,3.235,3.237,3.232,3.232,3.24,3.242,3.237,3.237,75
2026-06-23 17:52:00,3.231,3.231,3.225,3.227,3.236,3.236,3.23,3.232,62
2026-06-23 17:53:00,3.2275,3.2275,3.225,3.227,3.2325,3.2325,3.23,3.232,10
2026-06-23 17:54:00,3.228,3.228,3.2245,3.2245,3.233,3.233,3.2295,3.2295,25
2026-06-23 17:55:00,3.225,3.225,3.221,3.224,3.23,3.23,3.226,3.229,18
2026-06-23 17:56:00,3.225,3.225,3.225,3.225,3.23,3.23,3.23,3.23,1
2026-06-23 17:57:00,3.226,3.228,3.224,3.226,3.231,3.233,3.229,3.231,17
2026-06-23 17:58:00,3.227,3.231,3.227,3.229,3.232,3.236,3.232,3.234,20
2026-06-23 17:59:00,3.23,3.231,3.229,3.2305,3.235,3.236,3.234,3.2355,12
2026-06-23 18:00:00,3.2305,3.231,3.228,3.228,3.2355,3.236,3.233,3.233,14
2026-06-23 18:01:00,3.2275,3.228,3.224,3.226,3.2325,3.233,3.229,3.231,44
2026-06-23 18:02:00,3.225,3.226,3.223,3.226,3.23,3.231,3.228,3.231,30
2026-06-23 18:03:00,3.225,3.225,3.222,3.223,3.23,3.23,3.227,3.228,14
2026-06-23 18:04:00,3.222,3.224,3.222,3.2235,3.227,3.229,3.227,3.2285,27
2026-06-23 18:05:00,3.223,3.224,3.222,3.222,3.228,3.229,3.227,3.227,8
2026-06-23 18:06:00,3.221,3.221,3.216,3.218,3.226,3.226,3.221,3.223,25
2026-06-23 18:07:00,3.2185,3.2185,3.21,3.21,3.2235,3.2235,3.215,3.215,42
2026-06-23 18:08:00,3.211,3.211,3.205,3.205,3.216,3.216,3.21,3.21,65
2026-06-23 18:09:00,3.206,3.2095,3.205,3.206,3.211,3.2145,3.21,3.211,23
2026-06-23 18:10:00,3.205,3.209,3.205,3.209,3.21,3.214,3.21,3.214,22
2026-06-23 18:11:00,3.208,3.209,3.208,3.208,3.213,3.214,3.213,3.213,5
2026-06-23 18:12:00,3.209,3.21,3.208,3.209,3.214,3.215,3.213,3.214,13
2026-06-23 18:13:00,3.208,3.209,3.205,3.205,3.213,3.214,3.21,3.21,21
2026-06-23 18:14:00,3.204,3.206,3.204,3.205,3.209,3.211,3.209,3.21,18
2026-06-23 18:15:00,3.2045,3.2045,3.198,3.199,3.2095,3.2095,3.203,3.204,32
2026-06-23 18:16:00,3.198,3.2,3.198,3.2,3.203,3.205,3.203,3.205,14
2026-06-23 18:17:00,3.201,3.201,3.195,3.197,3.206,3.206,3.2,3.202,39
2026-06-23 18:18:00,3.196,3.199,3.196,3.1975,3.201,3.204,3.201,3.2025,19
2026-06-23 18:19:00,3.198,3.199,3.197,3.198,3.203,3.204,3.202,3.203,15
2026-06-23 18:20:00,3.197,3.198,3.194,3.198,3.202,3.203,3.199,3.203,21
2026-06-23 18:21:00,3.1975,3.2,3.197,3.199,3.2025,3.205,3.202,3.204,26
2026-06-23 18:22:00,3.2,3.201,3.197,3.197,3.205,3.206,3.202,3.202,12
2026-06-23 18:23:00,3.196,3.197,3.195,3.197,3.201,3.202,3.2,3.202,24
2026-06-23 18:24:00,3.1965,3.198,3.196,3.197,3.2015,3.203,3.201,3.202,23
2026-06-23 18:25:00,3.196,3.2,3.195,3.199,3.201,3.205,3.2,3.204,26
2026-06-23 18:26:00,3.1995,3.1995,3.196,3.198,3.2045,3.2045,3.201,3.203,35
2026-06-23 18:27:00,3.199,3.199,3.187,3.189,3.204,3.204,3.192,3.194,100
2026-06-23 18:28:00,3.188,3.193,3.188,3.192,3.193,3.198,3.193,3.197,22
2026-06-23 18:29:00,3.1915,3.192,3.19,3.19,3.1965,3.197,3.195,3.195,9
2026-06-23 18:30:00,3.191,3.192,3.185,3.1855,3.196,3.197,3.19,3.1905,63
2026-06-23 18:31:00,3.186,3.189,3.183,3.188,3.191,3.194,3.188,3.193,43
2026-06-23 18:32:00,3.187,3.191,3.187,3.19,3.192,3.196,3.192,3.195,47
2026-06-23 18:33:00,3.189,3.189,3.184,3.187,3.194,3.194,3.189,3.192,24
2026-06-23 18:34:00,3.1865,3.189,3.183,3.184,3.1915,3.194,3.188,3.189,24
2026-06-23 18:35:00,3.183,3.184,3.178,3.178,3.188,3.189,3.183,3.183,41
2026-06-23 18:36:00,3.179,3.179,3.173,3.176,3.184,3.184,3.178,3.181,77
2026-06-23 18:37:00,3.175,3.177,3.175,3.176,3.18,3.182,3.18,3.181,28
2026-06-23 18:38:00,3.177,3.179,3.175,3.175,3.182,3.184,3.18,3.18,31
2026-06-23 18:39:00,3.174,3.176,3.172,3.175,3.179,3.181,3.177,3.18,34
2026-06-23 18:40:00,3.176,3.176,3.174,3.175,3.181,3.181,3.179,3.18,14
2026-06-23 18:41:00,3.174,3.176,3.17,3.171,3.179,3.181,3.175,3.176,42
2026-06-23 18:42:00,3.1705,3.171,3.1665,3.169,3.1755,3.176,3.1715,3.174,55
2026-06-23 18:43:00,3.17,3.171,3.1675,3.168,3.175,3.176,3.1725,3.173,51
2026-06-23 18:44:00,3.169,3.17,3.168,3.17,3.174,3.175,3.173,3.175,23
2026-06-23 18:45:00,3.1695,3.172,3.169,3.172,3.1745,3.177,3.174,3.177,30
2026-06-23 18:46:00,3.1715,3.173,3.169,3.171,3.1765,3.178,3.174,3.176,41
2026-06-23 18:47:00,3.172,3.172,3.169,3.17,3.177,3.177,3.174,3.175,27
2026-06-23 18:48:00,3.171,3.171,3.168,3.168,3.176,3.176,3.173,3.173,18
2026-06-23 18:49:00,3.1685,3.172,3.168,3.171,3.1735,3.177,3.173,3.176,20
2026-06-23 18:50:00,3.172,3.173,3.171,3.171,3.177,3.178,3.176,3.176,21
2026-06-23 18:51:00,3.1715,3.173,3.17,3.172,3.1765,3.178,3.175,3.177,43
2026-06-23 18:52:00,3.1725,3.1725,3.172,3.172,3.1775,3.1775,3.177,3.177,2
2026-06-23 18:53:00,3.171,3.171,3.168,3.169,3.176,3.176,3.173,3.174,11
2026-06-23 18:54:00,3.17,3.17,3.167,3.168,3.175,3.175,3.172,3.173,45
2026-06-23 18:55:00,3.1675,3.17,3.167,3.169,3.1725,3.175,3.172,3.174,48
2026-06-23 18:56:00,3.168,3.169,3.165,3.167,3.173,3.174,3.17,3.172,17
2026-06-23 18:57:00,3.168,3.17,3.168,3.169,3.173,3.175,3.173,3.174,8
2026-06-23 18:58:00,3.168,3.17,3.168,3.17,3.173,3.175,3.173,3.175,15
2026-06-23 18:59:00,3.169,3.171,3.169,3.1695,3.174,3.176,3.174,3.1745,23
2026-06-23 19:00:00,3.17,3.176,3.169,3.1735,3.175,3.181,3.174,3.1785,29
2026-06-23 19:01:00,3.174,3.176,3.173,3.174,3.179,3.181,3.178,3.179,43
2026-06-23 19:02:00,3.1735,3.176,3.173,3.176,3.1785,3.181,3.178,3.181,31
2026-06-23 19:03:00,3.175,3.176,3.17,3.171,3.18,3.181,3.175,3.176,59
2026-06-23 19:04:00,3.1715,3.1715,3.167,3.168,3.1765,3.1765,3.172,3.173,37
2026-06-23 19:05:00,3.1675,3.169,3.167,3.167,3.1725,3.174,3.172,3.172,31
2026-06-23 19:06:00,3.166,3.171,3.165,3.169,3.171,3.176,3.17,3.174,27
2026-06-23 19:07:00,3.168,3.171,3.168,3.171,3.173,3.176,3.173,3.176,18
2026-06-23 19:08:00,3.172,3.174,3.171,3.174,3.177,3.179,3.176,3.179,29
2026-06-23 19:09:00,3.1735,3.174,3.172,3.173,3.1785,3.179,3.177,3.178,7
2026-06-23 19:10:00,3.172,3.173,3.172,3.172,3.177,3.178,3.177,3.177,7
2026-06-23 19:11:00,3.1725,3.175,3.172,3.174,3.1775,3.18,3.177,3.179,12
2026-06-23 19:12:00,3.175,3.178,3.175,3.177,3.18,3.183,3.18,3.182,17
2026-06-23 19:13:00,3.178,3.179,3.177,3.179,3.183,3.184,3.182,3.184,14
2026-06-23 19:14:00,3.178,3.179,3.175,3.178,3.183,3.184,3.18,3.183,21
2026-06-23 19:15:00,3.177,3.178,3.176,3.177,3.182,3.183,3.181,3.182,8
2026-06-23 19:16:00,3.1765,3.1765,3.174,3.174,3.1815,3.1815,3.179,3.179,13
2026-06-23 19:17:00,3.173,3.173,3.169,3.169,3.178,3.178,3.174,3.174,13
2026-06-23 19:18:00,3.168,3.169,3.165,3.168,3.173,3.174,3.17,3.173,20
2026-06-23 19:19:00,3.169,3.17,3.1685,3.17,3.174,3.175,3.1735,3.175,8
2026-06-23 19:20:00,3.169,3.17,3.1685,3.17,3.174,3.175,3.1735,3.175,10
2026-06-23 19:21:00,3.1695,3.175,3.169,3.174,3.1745,3.18,3.174,3.179,26
2026-06-23 19:22:00,3.173,3.177,3.173,3.175,3.178,3.182,3.178,3.18,20
2026-06-23 19:23:00,3.174,3.176,3.172,3.176,3.179,3.181,3.177,3.181,26
2026-06-23 19:24:00,3.1755,3.182,3.175,3.1805,3.1805,3.187,3.18,3.1855,51
2026-06-23 19:25:00,3.181,3.181,3.178,3.18,3.186,3.186,3.183,3.185,25
2026-06-23 19:26:00,3.181,3.181,3.175,3.179,3.186,3.186,3.18,3.184,25
2026-06-23 19:27:00,3.18,3.181,3.179,3.179,3.185,3.186,3.184,3.184,10
2026-06-23 19:28:00,3.178,3.181,3.177,3.181,3.183,3.186,3.182,3.186,10
2026-06-23 19:29:00,3.18,3.183,3.18,3.182,3.185,3.188,3.185,3.187,12
2026-06-23 19:30:00,3.181,3.183,3.179,3.18,3.186,3.188,3.184,3.185,16
2026-06-23 19:31:00,3.181,3.182,3.179,3.181,3.186,3.187,3.184,3.186,34
2026-06-23 19:32:00,3.1805,3.181,3.178,3.178,3.1855,3.186,3.183,3.183,26
2026-06-23 19:33:00,3.179,3.179,3.177,3.177,3.184,3.184,3.182,3.182,8
2026-06-23 19:34:00,3.176,3.176,3.175,3.175,3.181,3.181,3.18,3.18,12
2026-06-23 19:35:00,3.174,3.177,3.174,3.1765,3.179,3.182,3.179,3.1815,28
2026-06-23 19:36:00,3.1755,3.177,3.174,3.177,3.1805,3.182,3.179,3.182,28
2026-06-23 19:37:00,3.178,3.178,3.177,3.177,3.183,3.183,3.182,3.182,5
2026-06-23 19:38:00,3.176,3.176,3.175,3.175,3.181,3.181,3.18,3.18,3
2026-06-23 19:39:00,3.176,3.177,3.1755,3.177,3.181,3.182,3.1805,3.182,15
2026-06-23 19:40:00,3.176,3.1795,3.176,3.179,3.181,3.1845,3.181,3.184,19
2026-06-23 19:41:00,3.178,3.178,3.175,3.1755,3.183,3.183,3.18,3.1805,40
2026-06-23 19:42:00,3.176,3.178,3.175,3.177,3.181,3.183,3.18,3.182,22
2026-06-23 19:43:00,3.178,3.178,3.176,3.177,3.183,3.183,3.181,3.182,4
2026-06-23 19:44:00,3.176,3.177,3.175,3.175,3.181,3.182,3.18,3.18,21
2026-06-23 19:45:00,3.174,3.175,3.171,3.172,3.179,3.18,3.176,3.177,21
2026-06-23 19:46:00,3.171,3.173,3.17,3.17,3.176,3.178,3.175,3.175,41
2026-06-23 19:47:00,3.169,3.174,3.169,3.174,3.174,3.179,3.174,3.179,24
2026-06-23 19:48:00,3.175,3.178,3.174,3.176,3.18,3.183,3.179,3.181,14
2026-06-23 19:49:00,3.177,3.182,3.177,3.1805,3.182,3.187,3.182,3.1855,28
2026-06-23 19:50:00,3.181,3.181,3.177,3.179,3.186,3.186,3.182,3.184,25
2026-06-23 19:51:00,3.178,3.179,3.178,3.178,3.183,3.184,3.183,3.183,13
2026-06-23 19:52:00,3.179,3.179,3.174,3.176,3.184,3.184,3.179,3.181,13
2026-06-23 19:53:00,3.175,3.1775,3.174,3.177,3.18,3.1825,3.179,3.182,23
2026-06-23 19:54:00,3.1775,3.1795,3.177,3.179,3.1825,3.1845,3.182,3.184,19
2026-06-23 19:55:00,3.178,3.1795,3.1775,3.179,3.183,3.1845,3.1825,3.184,19
2026-06-23 19:56:00,3.18,3.18,3.177,3.178,3.185,3.185,3.182,3.183,23
2026-06-23 19:57:00,3.177,3.177,3.175,3.176,3.182,3.182,3.18,3.181,10
2026-06-23 19:58:00,3.175,3.176,3.174,3.174,3.18,3.181,3.179,3.179,12
2026-06-23 19:59:00,3.173,3.175,3.172,3.175,3.178,3.18,3.177,3.18,19
2026-06-23 20:00:00,3.1745,3.176,3.173,3.1735,3.1795,3.181,3.178,3.1785,23
2026-06-23 20:01:00,3.173,3.175,3.173,3.1745,3.178,3.18,3.178,3.1795,38
2026-06-23 20:02:00,3.175,3.177,3.174,3.176,3.18,3.182,3.179,3.181,21
2026-06-23 20:03:00,3.175,3.175,3.173,3.174,3.18,3.18,3.178,3.179,18
2026-06-23 20:04:00,3.175,3.176,3.174,3.175,3.18,3.181,3.179,3.18,11
2026-06-23 20:05:00,3.174,3.1745,3.171,3.172,3.179,3.1795,3.176,3.177,33
2026-06-23 20:06:00,3.173,3.175,3.172,3.1725,3.178,3.18,3.177,3.1775,27
2026-06-23 20:07:00,3.172,3.172,3.171,3.172,3.177,3.177,3.176,3.177,16
2026-06-23 20:08:00,3.173,3.173,3.171,3.1715,3.178,3.178,3.176,3.1765,15
2026-06-23 20:09:00,3.171,3.172,3.171,3.171,3.176,3.177,3.176,3.176,4
2026-06-23 20:10:00,3.1715,3.173,3.17,3.172,3.1765,3.178,3.175,3.177,27
2026-06-23 20:11:00,3.173,3.173,3.172,3.172,3.178,3.178,3.177,3.177,2
2026-06-23 20:12:00,3.173,3.174,3.172,3.173,3.178,3.179,3.177,3.178,12
2026-06-23 20:13:00,3.174,3.175,3.173,3.175,3.179,3.18,3.178,3.18,11
2026-06-23 20:14:00,3.174,3.175,3.174,3.174,3.179,3.18,3.179,3.179,22
2026-06-23 20:15:00,3.175,3.175,3.172,3.172,3.18,3.18,3.177,3.177,11
2026-06-23 20:16:00,3.173,3.173,3.172,3.172,3.178,3.178,3.177,3.177,2
2026-06-23 20:17:00,3.173,3.174,3.172,3.174,3.178,3.179,3.177,3.179,15
2026-06-23 20:18:00,3.175,3.18,3.175,3.179,3.18,3.185,3.18,3.184,24
2026-06-23 20:19:00,3.178,3.1785,3.176,3.176,3.183,3.1835,3.181,3.181,9
2026-06-23 20:20:00,3.177,3.177,3.174,3.1745,3.182,3.182,3.179,3.1795,29
2026-06-23 20:21:00,3.175,3.175,3.171,3.173,3.18,3.18,3.176,3.178,48
2026-06-23 20:22:00,3.1735,3.174,3.171,3.173,3.1785,3.179,3.176,3.178,26
2026-06-23 20:23:00,3.171,3.172,3.17,3.172,3.176,3.177,3.175,3.177,13
2026-06-23 20:24:00,3.1715,3.172,3.1705,3.1705,3.1765,3.177,3.1755,3.1755,27
2026-06-23 20:25:00,3.171,3.173,3.171,3.173,3.176,3.178,3.176,3.178,22
2026-06-23 20:26:00,3.172,3.173,3.172,3.173,3.177,3.178,3.177,3.178,19
2026-06-23 20:27:00,3.172,3.175,3.171,3.175,3.177,3.18,3.176,3.18,65
2026-06-23 20:28:00,3.1725,3.18,3.171,3.177,3.1775,3.185,3.176,3.182,99
2026-06-23 20:29:00,3.176,3.179,3.174,3.177,3.181,3.184,3.179,3.182,106
2026-06-23 20:30:00,3.178,3.1835,3.177,3.182,3.183,3.1885,3.182,3.187,41
2026-06-23 20:31:00,3.1825,3.183,3.181,3.182,3.1875,3.188,3.186,3.187,13
2026-06-23 20:32:00,3.183,3.183,3.182,3.183,3.188,3.188,3.187,3.188,14
2026-06-23 20:33:00,3.1825,3.184,3.182,3.182,3.1875,3.189,3.187,3.187,20
2026-06-23 20:34:00,3.181,3.182,3.181,3.181,3.186,3.187,3.186,3.186,6
2026-06-23 20:35:00,3.182,3.182,3.181,3.1815,3.187,3.187,3.186,3.1865,17
2026-06-23 20:36:00,3.181,3.182,3.181,3.181,3.186,3.187,3.186,3.186,9
2026-06-23 20:38:00,3.182,3.184,3.182,3.184,3.187,3.189,3.187,3.189,4
2026-06-23 20:40:00,3.185,3.19,3.185,3.19,3.19,3.195,3.19,3.195,36
2026-06-23 20:41:00,3.191,3.191,3.19,3.19,3.196,3.196,3.195,3.195,35
2026-06-23 20:42:00,3.191,3.191,3.189,3.1895,3.196,3.196,3.194,3.1945,26
2026-06-23 20:43:00,3.19,3.19,3.189,3.19,3.195,3.195,3.194,3.195,8
2026-06-23 20:44:00,3.189,3.19,3.189,3.189,3.194,3.195,3.194,3.194,9
2026-06-23 20:45:00,3.19,3.19,3.189,3.189,3.195,3.195,3.194,3.194,7
2026-06-23 20:46:00,3.188,3.189,3.188,3.189,3.193,3.194,3.193,3.194,6
2026-06-23 20:47:00,3.19,3.19,3.189,3.189,3.195,3.195,3.194,3.194,6
2026-06-23 20:48:00,3.19,3.19,3.189,3.189,3.195,3.195,3.194,3.194,4
2026-06-23 20:49:00,3.19,3.19,3.19,3.19,3.195,3.195,3.195,3.195,1
2026-06-23 20:50:00,3.191,3.192,3.191,3.192,3.196,3.197,3.196,3.197,10
2026-06-23 20:51:00,3.191,3.191,3.191,3.191,3.196,3.196,3.196,3.196,1
2026-06-23 20:52:00,3.19,3.191,3.19,3.19,3.195,3.196,3.195,3.195,8
2026-06-23 20:53:00,3.189,3.19,3.189,3.19,3.194,3.195,3.194,3.195,2
2026-06-23 20:54:00,3.1905,3.1905,3.1905,3.1905,3.1955,3.1955,3.1955,3.1955,1
2026-06-23 20:55:00,3.191,3.191,3.19,3.191,3.196,3.196,3.195,3.196,8
2026-06-23 20:56:00,3.19,3.191,3.189,3.19,3.195,3.196,3.194,3.195,9
2026-06-23 20:57:00,3.189,3.19,3.187,3.188,3.194,3.195,3.192,3.193,9
2026-06-23 20:58:00,3.187,3.187,3.187,3.187,3.192,3.192,3.192,3.192,1
2026-06-23 20:59:00,3.186,3.187,3.186,3.187,3.191,3.192,3.191,3.192,10
2026-06-23 21:00:00,3.186,3.187,3.185,3.186,3.191,3.192,3.19,3.191,7
2026-06-23 21:01:00,3.185,3.185,3.183,3.185,3.19,3.19,3.188,3.19,15
2026-06-23 21:03:00,3.186,3.186,3.185,3.186,3.191,3.191,3.19,3.191,3
2026-06-23 21:04:00,3.187,3.188,3.186,3.187,3.192,3.193,3.191,3.192,12
2026-06-23 21:05:00,3.1865,3.187,3.186,3.186,3.1915,3.192,3.191,3.191,3
2026-06-23 21:06:00,3.187,3.188,3.186,3.187,3.192,3.193,3.191,3.192,5
2026-06-23 21:07:00,3.188,3.188,3.187,3.188,3.193,3.193,3.192,3.193,5
2026-06-23 21:08:00,3.189,3.189,3.188,3.188,3.194,3.194,3.193,3.193,12
2026-06-23 21:09:00,3.187,3.187,3.186,3.187,3.192,3.192,3.191,3.192,3
2026-06-23 21:11:00,3.188,3.188,3.1855,3.186,3.193,3.193,3.1905,3.191,7
2026-06-23 21:16:00,3.185,3.186,3.185,3.186,3.19,3.191,3.19,3.191,2
2026-06-23 21:17:00,3.185,3.186,3.185,3.186,3.19,3.191,3.19,3.191,8
2026-06-23 21:20:00,3.185,3.186,3.184,3.184,3.19,3.191,3.189,3.189,6
2026-06-23 21:21:00,3.1835,3.184,3.1835,3.184,3.1885,3.189,3.1885,3.189,2
2026-06-23 21:22:00,3.185,3.185,3.183,3.185,3.19,3.19,3.188,3.19,12
2026-06-23 21:29:00,3.184,3.187,3.184,3.187,3.189,3.192,3.189,3.192,8
2026-06-23 21:30:00,3.188,3.191,3.188,3.189,3.193,3.196,3.193,3.194,6
2026-06-23 21:33:00,3.188,3.189,3.188,3.189,3.193,3.194,3.193,3.194,2
2026-06-23 21:35:00,3.19,3.19,3.189,3.19,3.195,3.195,3.194,3.195,3
2026-06-23 21:36:00,3.191,3.192,3.19,3.19,3.196,3.197,3.195,3.195,4
2026-06-23 21:37:00,3.189,3.189,3.189,3.189,3.194,3.194,3.194,3.194,1
2026-06-23 21:39:00,3.188,3.189,3.187,3.188,3.193,3.194,3.192,3.193,7
2026-06-23 21:42:00,3.187,3.188,3.187,3.187,3.192,3.193,3.192,3.192,7
2026-06-23 21:46:00,3.1865,3.1865,3.186,3.186,3.1915,3.1915,3.191,3.191,2
2026-06-23 21:47:00,3.185,3.186,3.185,3.1855,3.19,3.191,3.19,3.1905,7
2026-06-23 21:48:00,3.186,3.186,3.1855,3.1855,3.191,3.191,3.1905,3.1905,2
2026-06-23 21:49:00,3.185,3.185,3.185,3.185,3.19,3.19,3.19,3.19,1
2026-06-23 21:51:00,3.186,3.186,3.186,3.186,3.191,3.191,3.191,3.191,1
2026-06-23 21:53:00,3.185,3.186,3.185,3.186,3.19,3.191,3.19,3.191,2
2026-06-23 21:54:00,3.1855,3.186,3.1855,3.186,3.1905,3.191,3.1905,3.191,2
2026-06-23 21:56:00,3.185,3.185,3.184,3.184,3.19,3.19,3.189,3.189,12
2026-06-23 21:57:00,3.185,3.189,3.185,3.188,3.19,3.194,3.19,3.193,17
2026-06-23 21:59:00,3.187,3.189,3.187,3.189,3.192,3.194,3.192,3.194,4
2026-06-23 22:00:00,3.19,3.19,3.189,3.19,3.195,3.195,3.194,3.195,6
2026-06-23 22:02:00,3.191,3.192,3.191,3.192,3.196,3.197,3.196,3.197,4
2026-06-23 22:04:00,3.1915,3.192,3.1915,3.192,3.1965,3.197,3.1965,3.197,4
2026-06-23 22:05:00,3.191,3.1915,3.191,3.1915,3.196,3.1965,3.196,3.1965,2
2026-06-23 22:06:00,3.192,3.192,3.192,3.192,3.197,3.197,3.197,3.197,1
2026-06-23 22:07:00,3.191,3.192,3.191,3.192,3.196,3.197,3.196,3.197,2
2026-06-23 22:09:00,3.191,3.192,3.191,3.1915,3.196,3.197,3.196,3.1965,3
2026-06-23 22:10:00,3.191,3.1915,3.191,3.191,3.196,3.1965,3.196,3.196,3
2026-06-23 22:11:00,3.192,3.192,3.19,3.191,3.197,3.197,3.195,3.196,5
2026-06-23 22:12:00,3.1905,3.191,3.189,3.1905,3.1955,3.196,3.194,3.1955,7
2026-06-23 22:13:00,3.19,3.1905,3.19,3.19,3.195,3.1955,3.195,3.195,9
2026-06-23 22:14:00,3.1905,3.192,3.19,3.192,3.1955,3.197,3.195,3.197,3
2026-06-23 22:15:00,3.191,3.192,3.191,3.192,3.196,3.197,3.196,3.197,8
2026-06-23 22:16:00,3.1925,3.193,3.192,3.192,3.1975,3.198,3.197,3.197,7
2026-06-23 22:18:00,3.193,3.193,3.1925,3.193,3.198,3.198,3.1975,3.198,3
2026-06-23 22:19:00,3.1925,3.193,3.1925,3.193,3.1975,3.198,3.1975,3.198,2
2026-06-23 22:20:00,3.1925,3.193,3.192,3.193,3.1975,3.198,3.197,3.198,6
2026-06-23 22:22:00,3.1925,3.193,3.1925,3.193,3.1975,3.198,3.1975,3.198,2
2026-06-23 22:23:00,3.194,3.194,3.193,3.1935,3.199,3.199,3.198,3.1985,3
2026-06-23 22:24:00,3.194,3.194,3.1925,3.193,3.199,3.199,3.1975,3.198,4
2026-06-23 22:25:00,3.194,3.194,3.194,3.194,3.199,3.199,3.199,3.199,1
2026-06-23 22:26:00,3.193,3.193,3.193,3.193,3.198,3.198,3.198,3.198,1
2026-06-23 22:27:00,3.192,3.192,3.191,3.192,3.197,3.197,3.196,3.197,5
2026-06-23 22:28:00,3.191,3.192,3.191,3.192,3.196,3.197,3.196,3.197,7
2026-06-23 22:29:00,3.191,3.1915,3.19,3.191,3.196,3.1965,3.195,3.196,19
2026-06-23 22:30:00,3.1905,3.1905,3.188,3.189,3.1955,3.1955,3.193,3.194,16
2026-06-23 22:31:00,3.188,3.189,3.188,3.189,3.193,3.194,3.193,3.194,4
2026-06-23 22:33:00,3.188,3.188,3.188,3.188,3.193,3.193,3.193,3.193,1
2026-06-23 22:34:00,3.1885,3.189,3.188,3.189,3.1935,3.194,3.193,3.194,4
2026-06-23 22:39:00,3.188,3.188,3.188,3.188,3.193,3.193,3.193,3.193,1
2026-06-23 22:40:00,3.187,3.188,3.187,3.188,3.192,3.193,3.192,3.193,4
2026-06-23 22:41:00,3.187,3.188,3.187,3.188,3.192,3.193,3.192,3.193,2
2026-06-23 22:43:00,3.1885,3.1885,3.188,3.1885,3.1935,3.1935,3.193,3.1935,33
2026-06-23 22:44:00,3.188,3.1885,3.188,3.188,3.193,3.1935,3.193,3.193,3
2026-06-23 22:45:00,3.1885,3.1885,3.188,3.188,3.1935,3.1935,3.193,3.193,4
2026-06-23 22:46:00,3.187,3.1875,3.187,3.187,3.192,3.1925,3.192,3.192,7
2026-06-23 22:47:00,3.1875,3.1875,3.187,3.187,3.1925,3.1925,3.192,3.192,22
2026-06-23 22:50:00,3.188,3.191,3.188,3.191,3.193,3.196,3.193,3.196,4
2026-06-23 22:51:00,3.19,3.19,3.189,3.19,3.195,3.195,3.194,3.195,3
2026-06-23 22:52:00,3.189,3.19,3.189,3.19,3.194,3.195,3.194,3.195,2
2026-06-23 22:53:00,3.189,3.189,3.188,3.189,3.194,3.194,3.193,3.194,10
2026-06-23 22:54:00,3.1885,3.189,3.188,3.189,3.1935,3.194,3.193,3.194,4
2026-06-23 22:55:00,3.1885,3.189,3.188,3.1885,3.1935,3.194,3.193,3.1935,4
2026-06-23 22:56:00,3.189,3.19,3.188,3.1885,3.194,3.195,3.193,3.1935,18
2026-06-23 22:57:00,3.188,3.189,3.188,3.188,3.193,3.194,3.193,3.193,14
2026-06-23 22:58:00,3.189,3.19,3.188,3.19,3.194,3.195,3.193,3.195,21
2026-06-23 22:59:00,3.191,3.191,3.188,3.189,3.196,3.196,3.1919,3.194,14
2026-06-24 00:00:00,3.191,3.1995,3.1905,3.1905,3.196,3.2045,3.1955,3.1955,19
2026-06-24 00:01:00,3.191,3.191,3.1905,3.1905,3.196,3.196,3.1955,3.1955,2
2026-06-24 00:02:00,3.1915,3.1915,3.1915,3.1915,3.1965,3.1965,3.1965,3.1965,1
2026-06-24 00:04:00,3.19,3.1905,3.19,3.1905,3.195,3.1955,3.195,3.1955,2
2026-06-24 00:06:00,3.189,3.19,3.1885,3.1885,3.194,3.195,3.1935,3.1935,4
2026-06-24 00:07:00,3.189,3.189,3.1885,3.1885,3.194,3.194,3.1935,3.1935,2
2026-06-24 00:08:00,3.189,3.189,3.189,3.189,3.194,3.194,3.194,3.194,1
2026-06-24 00:11:00,3.188,3.188,3.185,3.185,3.193,3.193,3.19,3.19,3
2026-06-24 00:13:00,3.184,3.185,3.183,3.185,3.189,3.19,3.188,3.19,6
2026-06-24 00:14:00,3.1855,3.1855,3.1845,3.1845,3.1905,3.1905,3.1895,3.1895,3
2026-06-24 00:15:00,3.185,3.1855,3.1845,3.1845,3.19,3.1905,3.1895,3.1895,5
2026-06-24 00:23:00,3.185,3.185,3.185,3.185,3.19,3.19,3.19,3.19,1
2026-06-24 00:27:00,3.184,3.1845,3.184,3.1845,3.189,3.1895,3.189,3.1895,2
2026-06-24 00:28:00,3.1855,3.187,3.1855,3.187,3.1905,3.192,3.1905,3.192,3
2026-06-24 00:31:00,3.186,3.186,3.186,3.186,3.191,3.191,3.191,3.191,1
2026-06-24 00:33:00,3.1865,3.188,3.1865,3.188,3.1915,3.193,3.1915,3.193,4
2026-06-24 00:36:00,3.1875,3.1875,3.1875,3.1875,3.1925,3.1925,3.1925,3.1925,1
2026-06-24 00:37:00,3.187,3.187,3.187,3.187,3.192,3.192,3.192,3.192,1
2026-06-24 00:38:00,3.1875,3.1875,3.1875,3.1875,3.1925,3.1925,3.1925,3.1925,1
2026-06-24 00:47:00,3.187,3.187,3.187,3.187,3.192,3.192,3.192,3.192,1
2026-06-24 00:50:00,3.1875,3.1875,3.186,3.1865,3.1925,3.1925,3.191,3.1915,4
2026-06-24 00:55:00,3.187,3.187,3.186,3.186,3.192,3.192,3.191,3.191,3
2026-06-24 00:56:00,3.1865,3.1865,3.1865,3.1865,3.1915,3.1915,3.1915,3.1915,1
2026-06-24 00:57:00,3.186,3.186,3.186,3.186,3.191,3.191,3.191,3.191,1
2026-06-24 00:58:00,3.1865,3.1865,3.1865,3.1865,3.1915,3.1915,3.1915,3.1915,1
2026-06-24 00:59:00,3.186,3.186,3.186,3.186,3.191,3.191,3.191,3.191,1
2026-06-24 01:00:00,3.1865,3.1865,3.186,3.1865,3.1915,3.1915,3.191,3.1915,3
2026-06-24 01:01:00,3.186,3.186,3.186,3.186,3.191,3.191,3.191,3.191,1
2026-06-24 01:02:00,3.1865,3.1865,3.1865,3.1865,3.1915,3.1915,3.1915,3.1915,1
2026-06-24 01:03:00,3.186,3.186,3.186,3.186,3.191,3.191,3.191,3.191,1
2026-06-24 01:04:00,3.1865,3.1865,3.1865,3.1865,3.1915,3.1915,3.1915,3.1915,1
2026-06-24 01:05:00,3.186,3.186,3.186,3.186,3.191,3.191,3.191,3.191,1
2026-06-24 01:06:00,3.1855,3.1855,3.1855,3.1855,3.1905,3.1905,3.1905,3.1905,1
2026-06-24 01:07:00,3.185,3.185,3.185,3.185,3.19,3.19,3.19,3.19,1
2026-06-24 01:09:00,3.1855,3.1855,3.1855,3.1855,3.1905,3.1905,3.1905,3.1905,1
2026-06-24 01:10:00,3.185,3.185,3.185,3.185,3.19,3.19,3.19,3.19,1
2026-06-24 01:11:00,3.1845,3.1845,3.1845,3.1845,3.1895,3.1895,3.1895,3.1895,1
2026-06-24 01:12:00,3.1855,3.1855,3.185,3.185,3.1905,3.1905,3.19,3.19,2
2026-06-24 01:14:00,3.184,3.184,3.1835,3.1835,3.189,3.189,3.1885,3.1885,2
2026-06-24 01:15:00,3.184,3.184,3.184,3.184,3.189,3.189,3.189,3.189,1
2026-06-24 01:16:00,3.1845,3.1845,3.1845,3.1845,3.1895,3.1895,3.1895,3.1895,1
2026-06-24 01:19:00,3.184,3.1845,3.184,3.1845,3.189,3.1895,3.189,3.1895,2
2026-06-24 01:20:00,3.184,3.184,3.184,3.184,3.189,3.189,3.189,3.189,1
2026-06-24 01:21:00,3.1845,3.1845,3.1845,3.1845,3.1895,3.1895,3.1895,3.1895,1
2026-06-24 01:25:00,3.185,3.185,3.1845,3.1845,3.19,3.19,3.1895,3.1895,2
2026-06-24 01:28:00,3.185,3.186,3.1845,3.1845,3.19,3.191,3.1895,3.1895,4
2026-06-24 01:31:00,3.185,3.185,3.185,3.185,3.19,3.19,3.19,3.19,1
2026-06-24 01:32:00,3.1845,3.1845,3.1845,3.1845,3.1895,3.1895,3.1895,3.1895,1
2026-06-24 01:34:00,3.184,3.184,3.1835,3.1835,3.189,3.189,3.1885,3.1885,2
2026-06-24 01:35:00,3.184,3.184,3.1835,3.1835,3.189,3.189,3.1885,3.1885,2
2026-06-24 01:38:00,3.184,3.184,3.1835,3.1835,3.189,3.189,3.1885,3.1885,2
2026-06-24 01:42:00,3.183,3.183,3.183,3.183,3.188,3.188,3.188,3.188,1
2026-06-24 01:50:00,3.1825,3.1825,3.1825,3.1825,3.1875,3.1875,3.1875,3.1875,1
2026-06-24 01:51:00,3.183,3.183,3.183,3.183,3.188,3.188,3.188,3.188,1
2026-06-24 01:56:00,3.1835,3.1835,3.1805,3.1815,3.1885,3.1885,3.1855,3.1865,6
2026-06-24 01:57:00,3.183,3.183,3.1825,3.1825,3.188,3.188,3.1875,3.1875,4
2026-06-24 02:00:00,3.183,3.184,3.183,3.184,3.188,3.189,3.188,3.189,2
2026-06-24 02:01:00,3.1835,3.1835,3.1835,3.1835,3.1885,3.1885,3.1885,3.1885,1
2026-06-24 02:03:00,3.184,3.1845,3.184,3.1845,3.189,3.1895,3.189,3.1895,2
2026-06-24 02:04:00,3.185,3.185,3.1845,3.1845,3.19,3.19,3.1895,3.1895,4
2026-06-24 02:05:00,3.1835,3.186,3.183,3.1855,3.1885,3.191,3.188,3.1905,6
2026-06-24 02:06:00,3.186,3.186,3.1855,3.1855,3.191,3.191,3.1905,3.1905,2
2026-06-24 02:07:00,3.186,3.186,3.185,3.185,3.191,3.191,3.19,3.19,13
2026-06-24 02:08:00,3.1855,3.188,3.1855,3.188,3.1905,3.193,3.1905,3.193,5
2026-06-24 02:09:00,3.1875,3.189,3.1875,3.189,3.1925,3.194,3.1925,3.194,7
2026-06-24 02:10:00,3.19,3.191,3.19,3.191,3.195,3.196,3.195,3.196,5
2026-06-24 02:11:00,3.19,3.191,3.19,3.191,3.195,3.196,3.195,3.196,4
2026-06-24 02:12:00,3.192,3.192,3.192,3.192,3.197,3.197,3.197,3.197,1
2026-06-24 02:13:00,3.193,3.193,3.1925,3.193,3.198,3.198,3.1975,3.198,3
2026-06-24 02:15:00,3.192,3.192,3.191,3.191,3.197,3.197,3.196,3.196,3
2026-06-24 02:16:00,3.1915,3.1915,3.191,3.191,3.1965,3.1965,3.196,3.196,2
2026-06-24 02:17:00,3.192,3.192,3.191,3.191,3.197,3.197,3.196,3.196,2
2026-06-24 02:18:00,3.1915,3.192,3.191,3.192,3.1965,3.197,3.196,3.197,4
2026-06-24 02:22:00,3.191,3.191,3.191,3.191,3.196,3.196,3.196,3.196,1
2026-06-24 02:24:00,3.19,3.19,3.19,3.19,3.195,3.195,3.195,3.195,1
2026-06-24 02:25:00,3.1895,3.19,3.1895,3.19,3.1945,3.195,3.1945,3.195,2
2026-06-24 02:30:00,3.189,3.189,3.189,3.189,3.194,3.194,3.194,3.194,1
2026-06-24 02:32:00,3.1885,3.1885,3.185,3.186,3.1935,3.1935,3.19,3.191,6
2026-06-24 02:33:00,3.187,3.187,3.187,3.187,3.192,3.192,3.192,3.192,1
2026-06-24 02:34:00,3.188,3.188,3.188,3.188,3.193,3.193,3.193,3.193,1
2026-06-24 02:35:00,3.187,3.188,3.187,3.188,3.192,3.193,3.192,3.193,3
2026-06-24 02:37:00,3.1885,3.1885,3.1885,3.1885,3.1935,3.1935,3.1935,3.1935,1
2026-06-24 02:40:00,3.188,3.188,3.188,3.188,3.193,3.193,3.193,3.193,1
2026-06-24 02:41:00,3.187,3.187,3.184,3.184,3.192,3.192,3.189,3.189,4
2026-06-24 02:42:00,3.1845,3.186,3.1845,3.1855,3.1895,3.191,3.1895,3.1905,4
2026-06-24 02:44:00,3.186,3.186,3.185,3.1855,3.191,3.191,3.19,3.1905,3
2026-06-24 02:45:00,3.185,3.185,3.185,3.185,3.19,3.19,3.19,3.19,1
2026-06-24 02:46:00,3.1855,3.186,3.185,3.185,3.1905,3.191,3.19,3.19,3
2026-06-24 02:48:00,3.186,3.187,3.186,3.187,3.191,3.192,3.191,3.192,5
2026-06-24 02:49:00,3.188,3.188,3.186,3.1865,3.193,3.193,3.191,3.1915,7
2026-06-24 02:50:00,3.186,3.186,3.185,3.185,3.191,3.191,3.19,3.19,2
2026-06-24 02:53:00,3.186,3.188,3.186,3.187,3.191,3.193,3.191,3.192,4
2026-06-24 02:54:00,3.186,3.186,3.184,3.184,3.191,3.191,3.189,3.189,3
2026-06-24 02:55:00,3.1845,3.185,3.1845,3.185,3.1895,3.19,3.1895,3.19,2
2026-06-24 02:56:00,3.1855,3.1865,3.1855,3.1865,3.1905,3.1915,3.1905,3.1915,3
2026-06-24 02:58:00,3.185,3.185,3.184,3.184,3.19,3.19,3.189,3.189,2
2026-06-24 02:59:00,3.1845,3.185,3.184,3.185,3.1895,3.19,3.189,3.19,4
2026-06-24 03:00:00,3.186,3.186,3.1815,3.1835,3.191,3.191,3.1865,3.1885,13
2026-06-24 03:01:00,3.183,3.183,3.182,3.1825,3.188,3.188,3.187,3.1875,6
2026-06-24 03:02:00,3.183,3.184,3.183,3.183,3.188,3.189,3.188,3.188,7
2026-06-24 03:03:00,3.182,3.182,3.182,3.182,3.187,3.187,3.187,3.187,1
2026-06-24 03:04:00,3.1815,3.1815,3.1805,3.1815,3.1865,3.1865,3.1855,3.1865,13
2026-06-24 03:05:00,3.181,3.181,3.18,3.18,3.186,3.186,3.185,3.185,10
2026-06-24 03:06:00,3.1805,3.1805,3.18,3.18,3.1855,3.1855,3.185,3.185,2
2026-06-24 03:07:00,3.1795,3.182,3.179,3.182,3.1845,3.187,3.184,3.187,6
2026-06-24 03:08:00,3.181,3.181,3.1805,3.181,3.186,3.186,3.1855,3.186,7
2026-06-24 03:10:00,3.182,3.182,3.1815,3.1815,3.187,3.187,3.1865,3.1865,2
2026-06-24 03:11:00,3.182,3.182,3.182,3.182,3.187,3.187,3.187,3.187,1
2026-06-24 03:13:00,3.183,3.183,3.183,3.183,3.188,3.188,3.188,3.188,1
2026-06-24 03:15:00,3.184,3.184,3.184,3.184,3.189,3.189,3.189,3.189,1
2026-06-24 03:18:00,3.185,3.186,3.184,3.185,3.19,3.191,3.189,3.19,6
2026-06-24 03:19:00,3.186,3.186,3.186,3.186,3.191,3.191,3.191,3.191,1
2026-06-24 03:21:00,3.1865,3.1865,3.186,3.186,3.1915,3.1915,3.191,3.191,2
2026-06-24 03:22:00,3.1865,3.1865,3.186,3.186,3.1915,3.1915,3.191,3.191,2
2026-06-24 03:23:00,3.1865,3.1865,3.185,3.186,3.1915,3.1915,3.19,3.191,4
2026-06-24 03:25:00,3.1855,3.1865,3.1855,3.186,3.1905,3.1915,3.1905,3.191,4
2026-06-24 03:26:00,3.1865,3.187,3.186,3.186,3.1915,3.192,3.191,3.191,3
2026-06-24 03:28:00,3.185,3.185,3.184,3.184,3.19,3.19,3.189,3.189,2
2026-06-24 03:29:00,3.1845,3.1845,3.184,3.1845,3.1895,3.1895,3.189,3.1895,3
2026-06-24 03:30:00,3.185,3.185,3.185,3.185,3.19,3.19,3.19,3.19,1
2026-06-24 03:33:00,3.184,3.187,3.184,3.186,3.189,3.192,3.189,3.191,6
2026-06-24 03:35:00,3.187,3.1875,3.1845,3.1845,3.192,3.1925,3.1895,3.1895,6
2026-06-24 03:36:00,3.184,3.1855,3.184,3.1855,3.189,3.1905,3.189,3.1905,3
2026-06-24 03:37:00,3.185,3.1855,3.185,3.185,3.19,3.1905,3.19,3.19,3
2026-06-24 03:38:00,3.1855,3.1855,3.185,3.1855,3.1905,3.1905,3.19,3.1905,9
2026-06-24 03:39:00,3.185,3.1855,3.185,3.1855,3.19,3.1905,3.19,3.1905,8
2026-06-24 03:40:00,3.186,3.186,3.185,3.185,3.191,3.191,3.19,3.19,7
2026-06-24 03:41:00,3.1855,3.1855,3.185,3.1855,3.1905,3.1905,3.19,3.1905,9
2026-06-24 03:42:00,3.185,3.1855,3.185,3.185,3.19,3.1905,3.19,3.19,3
2026-06-24 03:46:00,3.186,3.1865,3.186,3.1865,3.191,3.1915,3.191,3.1915,4
2026-06-24 03:48:00,3.187,3.187,3.185,3.186,3.192,3.192,3.19,3.191,6
2026-06-24 03:49:00,3.185,3.185,3.185,3.185,3.19,3.19,3.19,3.19,1
2026-06-24 03:50:00,3.184,3.184,3.184,3.184,3.189,3.189,3.189,3.189,1
2026-06-24 03:52:00,3.185,3.186,3.185,3.185,3.19,3.191,3.19,3.19,3
2026-06-24 03:53:00,3.1845,3.1845,3.184,3.184,3.1895,3.1895,3.189,3.189,2
2026-06-24 03:56:00,3.183,3.183,3.1825,3.183,3.188,3.188,3.1875,3.188,3
2026-06-24 03:59:00,3.1835,3.1835,3.183,3.183,3.1885,3.1885,3.188,3.188,2
2026-06-24 04:03:00,3.1835,3.1835,3.183,3.183,3.1885,3.1885,3.188,3.188,2
2026-06-24 04:06:00,3.184,3.184,3.184,3.184,3.189,3.189,3.189,3.189,1
2026-06-24 04:08:00,3.183,3.184,3.183,3.184,3.188,3.189,3.188,3.189,2
2026-06-24 04:14:00,3.183,3.184,3.183,3.183,3.188,3.189,3.188,3.188,8
2026-06-24 04:16:00,3.184,3.184,3.184,3.184,3.189,3.189,3.189,3.189,1
2026-06-24 04:18:00,3.183,3.184,3.183,3.184,3.188,3.189,3.188,3.189,3
2026-06-24 04:23:00,3.183,3.183,3.183,3.183,3.188,3.188,3.188,3.188,1
2026-06-24 04:30:00,3.182,3.182,3.1805,3.181,3.187,3.187,3.1855,3.186,4
2026-06-24 04:31:00,3.1815,3.183,3.181,3.183,3.1865,3.188,3.186,3.188,11
2026-06-24 04:33:00,3.182,3.182,3.181,3.181,3.187,3.187,3.186,3.186,2
2026-06-24 04:36:00,3.182,3.182,3.181,3.181,3.187,3.187,3.186,3.186,4
2026-06-24 04:38:00,3.18,3.1805,3.18,3.18,3.185,3.1855,3.185,3.185,3
2026-06-24 04:39:00,3.1805,3.1805,3.18,3.18,3.1855,3.1855,3.185,3.185,2
2026-06-24 04:41:00,3.1805,3.1805,3.18,3.18,3.1855,3.1855,3.185,3.185,2
2026-06-24 04:46:00,3.1805,3.1805,3.18,3.18,3.1855,3.1855,3.185,3.185,2
2026-06-24 04:47:00,3.179,3.179,3.177,3.177,3.184,3.184,3.182,3.182,4
2026-06-24 04:48:00,3.1775,3.178,3.177,3.177,3.1825,3.183,3.182,3.182,7
2026-06-24 04:51:00,3.1775,3.1775,3.177,3.177,3.1825,3.1825,3.182,3.182,2
2026-06-24 04:52:00,3.1775,3.1775,3.177,3.177,3.1825,3.1825,3.182,3.182,4
2026-06-24 04:53:00,3.1775,3.178,3.177,3.177,3.1825,3.183,3.182,3.182,5
2026-06-24 04:57:00,3.1775,3.1775,3.177,3.177,3.1825,3.1825,3.182,3.182,4
2026-06-24 05:01:00,3.176,3.176,3.175,3.176,3.181,3.181,3.18,3.181,3
2026-06-24 05:05:00,3.177,3.178,3.177,3.178,3.182,3.183,3.182,3.183,7
2026-06-24 05:08:00,3.1785,3.1785,3.178,3.178,3.1835,3.1835,3.183,3.183,2
2026-06-24 05:09:00,3.177,3.1775,3.177,3.177,3.182,3.1825,3.182,3.182,7
2026-06-24 05:11:00,3.1775,3.178,3.1775,3.178,3.1825,3.183,3.1825,3.183,2
2026-06-24 05:13:00,3.179,3.18,3.178,3.178,3.184,3.185,3.183,3.183,12
2026-06-24 05:14:00,3.179,3.179,3.178,3.179,3.184,3.184,3.183,3.184,9
2026-06-24 05:15:00,3.178,3.178,3.178,3.178,3.183,3.183,3.183,3.183,1
2026-06-24 05:18:00,3.177,3.178,3.177,3.178,3.182,3.183,3.182,3.183,2
2026-06-24 05:21:00,3.177,3.178,3.177,3.178,3.182,3.183,3.182,3.183,2
2026-06-24 05:22:00,3.177,3.177,3.176,3.176,3.182,3.182,3.181,3.181,2
2026-06-24 05:23:00,3.175,3.176,3.175,3.176,3.18,3.181,3.18,3.181,2
2026-06-24 05:25:00,3.1755,3.176,3.1755,3.176,3.1805,3.181,3.1805,3.181,2
2026-06-24 05:27:00,3.1765,3.1765,3.176,3.176,3.1815,3.1815,3.181,3.181,2
2026-06-24 05:30:00,3.175,3.175,3.17,3.17,3.18,3.18,3.175,3.175,26
2026-06-24 05:31:00,3.171,3.171,3.1705,3.171,3.176,3.176,3.1755,3.176,3
2026-06-24 05:32:00,3.172,3.172,3.172,3.172,3.177,3.177,3.177,3.177,1
2026-06-24 05:33:00,3.171,3.171,3.17,3.171,3.176,3.176,3.175,3.176,6
2026-06-24 05:34:00,3.1705,3.171,3.17,3.171,3.1755,3.176,3.175,3.176,13
2026-06-24 05:37:00,3.1715,3.173,3.171,3.171,3.1765,3.178,3.176,3.176,5
2026-06-24 05:39:00,3.1705,3.171,3.17,3.171,3.1755,3.176,3.175,3.176,3
2026-06-24 05:41:00,3.172,3.172,3.171,3.172,3.177,3.177,3.176,3.177,4
2026-06-24 05:42:00,3.171,3.171,3.17,3.17,3.176,3.176,3.175,3.175,7
2026-06-24 05:43:00,3.171,3.171,3.17,3.17,3.176,3.176,3.175,3.175,3
2026-06-24 05:44:00,3.171,3.171,3.171,3.171,3.176,3.176,3.176,3.176,1
2026-06-24 05:45:00,3.1715,3.172,3.171,3.172,3.1765,3.177,3.176,3.177,6
2026-06-24 05:46:00,3.1715,3.172,3.171,3.172,3.1765,3.177,3.176,3.177,5
2026-06-24 05:47:00,3.173,3.173,3.173,3.173,3.178,3.178,3.178,3.178,1
2026-06-24 05:50:00,3.174,3.175,3.174,3.175,3.179,3.18,3.179,3.18,2
2026-06-24 05:51:00,3.1745,3.176,3.1745,3.176,3.1795,3.181,3.1795,3.181,3
2026-06-24 05:52:00,3.177,3.177,3.177,3.177,3.182,3.182,3.182,3.182,1
2026-06-24 05:53:00,3.178,3.178,3.1775,3.178,3.183,3.183,3.1825,3.183,3
2026-06-24 05:54:00,3.1785,3.1785,3.178,3.178,3.1835,3.1835,3.183,3.183,4
2026-06-24 05:55:00,3.177,3.178,3.177,3.1775,3.182,3.183,3.182,3.1825,3
2026-06-24 05:56:00,3.178,3.179,3.175,3.177,3.183,3.184,3.18,3.182,8
2026-06-24 06:00:00,3.1775,3.178,3.1775,3.178,3.1825,3.183,3.1825,3.183,4
2026-06-24 06:01:00,3.1775,3.1775,3.177,3.177,3.1825,3.1825,3.182,3.182,2
2026-06-24 06:02:00,3.1775,3.1775,3.1775,3.1775,3.1825,3.1825,3.1825,3.1825,1
2026-06-24 06:03:00,3.177,3.177,3.177,3.177,3.182,3.182,3.182,3.182,1
2026-06-24 06:05:00,3.176,3.176,3.176,3.176,3.181,3.181,3.181,3.181,1
2026-06-24 06:07:00,3.1765,3.1765,3.176,3.176,3.1815,3.1815,3.181,3.181,2
2026-06-24 06:11:00,3.175,3.175,3.175,3.175,3.18,3.18,3.18,3.18,1
2026-06-24 06:12:00,3.1745,3.1745,3.174,3.1745,3.1795,3.1795,3.179,3.1795,3
2026-06-24 06:13:00,3.175,3.175,3.174,3.174,3.18,3.18,3.179,3.179,3
2026-06-24 06:14:00,3.1735,3.174,3.1735,3.174,3.1785,3.179,3.1785,3.179,2
2026-06-24 06:17:00,3.1735,3.1735,3.173,3.173,3.1785,3.1785,3.178,3.178,2
2026-06-24 06:19:00,3.1735,3.174,3.173,3.173,3.1785,3.179,3.178,3.178,3
2026-06-24 06:21:00,3.172,3.173,3.172,3.173,3.177,3.178,3.177,3.178,3
2026-06-24 06:22:00,3.1735,3.175,3.173,3.175,3.1785,3.18,3.178,3.18,6
2026-06-24 06:23:00,3.1755,3.1755,3.1755,3.1755,3.1805,3.1805,3.1805,3.1805,1
2026-06-24 06:24:00,3.175,3.1755,3.175,3.1755,3.18,3.1805,3.18,3.1805,2
2026-06-24 06:25:00,3.175,3.175,3.175,3.175,3.18,3.18,3.18,3.18,1
2026-06-24 06:27:00,3.174,3.175,3.174,3.175,3.179,3.18,3.179,3.18,3
2026-06-24 06:30:00,3.174,3.175,3.174,3.174,3.179,3.18,3.179,3.179,4
2026-06-24 06:31:00,3.1735,3.1735,3.1735,3.1735,3.1785,3.1785,3.1785,3.1785,1
2026-06-24 06:32:00,3.174,3.174,3.173,3.174,3.179,3.179,3.178,3.179,10
2026-06-24 06:33:00,3.173,3.174,3.173,3.174,3.178,3.179,3.178,3.179,2
2026-06-24 06:34:00,3.1745,3.175,3.174,3.175,3.1795,3.18,3.179,3.18,3
2026-06-24 06:35:00,3.1745,3.176,3.174,3.1755,3.1795,3.181,3.179,3.1805,15
2026-06-24 06:36:00,3.175,3.175,3.1735,3.174,3.18,3.18,3.1785,3.179,4
2026-06-24 06:37:00,3.1735,3.174,3.173,3.174,3.1785,3.179,3.178,3.179,5
2026-06-24 06:45:00,3.173,3.173,3.172,3.172,3.178,3.178,3.177,3.177,2
2026-06-24 06:47:00,3.1725,3.175,3.1725,3.1745,3.1775,3.18,3.1775,3.1795,7
2026-06-24 06:48:00,3.174,3.174,3.174,3.174,3.179,3.179,3.179,3.179,1
2026-06-24 06:52:00,3.175,3.175,3.1745,3.175,3.18,3.18,3.1795,3.18,5
2026-06-24 06:53:00,3.174,3.175,3.174,3.175,3.179,3.18,3.179,3.18,2
2026-06-24 06:55:00,3.176,3.176,3.1755,3.1755,3.181,3.181,3.1805,3.1805,2
2026-06-24 06:56:00,3.176,3.1765,3.176,3.1765,3.181,3.1815,3.181,3.1815,4
2026-06-24 06:58:00,3.176,3.176,3.176,3.176,3.181,3.181,3.181,3.181,1
2026-06-24 06:59:00,3.1765,3.1765,3.1765,3.1765,3.1815,3.1815,3.1815,3.1815,1
2026-06-24 07:00:00,3.177,3.177,3.177,3.177,3.182,3.182,3.182,3.182,1
2026-06-24 07:01:00,3.1765,3.1765,3.176,3.176,3.1815,3.1815,3.181,3.181,2
2026-06-24 07:03:00,3.1755,3.176,3.175,3.175,3.1805,3.181,3.18,3.18,5
2026-06-24 07:07:00,3.176,3.176,3.175,3.1755,3.181,3.181,3.18,3.1805,4
2026-06-24 07:08:00,3.176,3.177,3.176,3.1765,3.181,3.182,3.181,3.1815,4
2026-06-24 07:09:00,3.177,3.177,3.176,3.1765,3.182,3.182,3.181,3.1815,6
2026-06-24 07:11:00,3.177,3.177,3.176,3.1765,3.182,3.182,3.181,3.1815,5
2026-06-24 07:12:00,3.177,3.177,3.177,3.177,3.182,3.182,3.182,3.182,1
2026-06-24 07:13:00,3.1775,3.1775,3.177,3.1775,3.1825,3.1825,3.182,3.1825,5
2026-06-24 07:14:00,3.178,3.178,3.177,3.177,3.183,3.183,3.182,3.182,4
2026-06-24 07:15:00,3.178,3.178,3.1775,3.178,3.183,3.183,3.1825,3.183,5
2026-06-24 07:16:00,3.177,3.177,3.176,3.176,3.182,3.182,3.181,3.181,2
2026-06-24 07:17:00,3.177,3.177,3.177,3.177,3.182,3.182,3.182,3.182,1
2026-06-24 07:24:00,3.178,3.178,3.178,3.178,3.183,3.183,3.183,3.183,1
2026-06-24 07:26:00,3.1775,3.1775,3.1775,3.1775,3.1825,3.1825,3.1825,3.1825,1
2026-06-24 07:29:00,3.177,3.177,3.177,3.177,3.182,3.182,3.182,3.182,1
2026-06-24 07:31:00,3.1765,3.1765,3.1765,3.1765,3.1815,3.1815,3.1815,3.1815,1
2026-06-24 07:32:00,3.177,3.177,3.176,3.176,3.182,3.182,3.181,3.181,2
2026-06-24 07:33:00,3.1755,3.176,3.1755,3.176,3.1805,3.181,3.1805,3.181,4
2026-06-24 07:39:00,3.177,3.177,3.177,3.177,3.182,3.182,3.182,3.182,1
2026-06-24 07:41:00,3.176,3.177,3.176,3.176,3.181,3.182,3.181,3.181,3
2026-06-24 07:42:00,3.175,3.176,3.175,3.1755,3.18,3.181,3.18,3.1805,3
2026-06-24 07:43:00,3.176,3.176,3.176,3.176,3.181,3.181,3.181,3.181,1
2026-06-24 07:45:00,3.175,3.176,3.175,3.1755,3.18,3.181,3.18,3.1805,4
2026-06-24 07:46:00,3.176,3.176,3.1755,3.176,3.181,3.181,3.1805,3.181,3
2026-06-24 07:47:00,3.1755,3.1755,3.173,3.174,3.1805,3.1805,3.178,3.179,8
2026-06-24 07:50:00,3.173,3.173,3.171,3.171,3.178,3.178,3.176,3.176,8
2026-06-24 07:52:00,3.172,3.185,3.171,3.1845,3.177,3.19,3.176,3.1895,50
2026-06-24 07:53:00,3.185,3.185,3.18,3.181,3.19,3.19,3.185,3.186,15
2026-06-24 07:54:00,3.1805,3.181,3.1795,3.1795,3.1855,3.186,3.1845,3.1845,5
2026-06-24 07:55:00,3.18,3.1805,3.1795,3.1805,3.185,3.1855,3.1845,3.1855,5
2026-06-24 07:56:00,3.181,3.1835,3.181,3.1835,3.186,3.1885,3.186,3.1885,5
2026-06-24 07:58:00,3.183,3.1835,3.183,3.1835,3.188,3.1885,3.188,3.1885,2
2026-06-24 07:59:00,3.184,3.1855,3.184,3.1855,3.189,3.1905,3.189,3.1905,6
2026-06-24 08:00:00,3.187,3.188,3.186,3.187,3.192,3.193,3.191,3.192,6
2026-06-24 08:01:00,3.1875,3.188,3.187,3.1875,3.1925,3.193,3.192,3.1925,6
2026-06-24 08:02:00,3.189,3.192,3.188,3.189,3.194,3.197,3.193,3.194,25
2026-06-24 08:03:00,3.188,3.188,3.1835,3.1835,3.193,3.193,3.1885,3.1885,13
2026-06-24 08:04:00,3.183,3.183,3.182,3.1825,3.188,3.188,3.187,3.1875,7
2026-06-24 08:05:00,3.182,3.186,3.182,3.186,3.187,3.191,3.187,3.191,13
2026-06-24 08:06:00,3.1855,3.1855,3.185,3.185,3.1905,3.1905,3.19,3.19,2
2026-06-24 08:07:00,3.1845,3.1845,3.184,3.184,3.1895,3.1895,3.189,3.189,2
2026-06-24 08:08:00,3.185,3.1865,3.185,3.1865,3.19,3.1915,3.19,3.1915,4
2026-06-24 08:09:00,3.186,3.187,3.186,3.187,3.191,3.192,3.191,3.192,3
2026-06-24 08:10:00,3.1865,3.1865,3.185,3.1855,3.1915,3.1915,3.19,3.1905,7
2026-06-24 08:11:00,3.185,3.185,3.185,3.185,3.19,3.19,3.19,3.19,1
2026-06-24 08:13:00,3.1855,3.1855,3.1855,3.1855,3.1905,3.1905,3.1905,3.1905,1
2026-06-24 08:14:00,3.186,3.186,3.186,3.186,3.191,3.191,3.191,3.191,1
2026-06-24 08:15:00,3.1855,3.1855,3.1855,3.1855,3.1905,3.1905,3.1905,3.1905,1
2026-06-24 08:16:00,3.184,3.184,3.177,3.183,3.189,3.189,3.182,3.188,31
2026-06-24 08:17:00,3.182,3.182,3.1815,3.1815,3.187,3.187,3.1865,3.1865,4
2026-06-24 08:18:00,3.181,3.181,3.181,3.181,3.186,3.186,3.186,3.186,1
2026-06-24 08:19:00,3.1815,3.1825,3.1805,3.1805,3.1865,3.1875,3.1855,3.1855,6
2026-06-24 08:20:00,3.18,3.181,3.1795,3.18,3.185,3.186,3.1845,3.185,12
2026-06-24 08:21:00,3.1795,3.18,3.179,3.179,3.1845,3.185,3.184,3.184,3
2026-06-24 08:22:00,3.1795,3.1795,3.1795,3.1795,3.1845,3.1845,3.1845,3.1845,1
2026-06-24 08:23:00,3.179,3.18,3.179,3.179,3.184,3.185,3.184,3.184,5
2026-06-24 08:24:00,3.1795,3.1795,3.179,3.179,3.1845,3.1845,3.184,3.184,2
2026-06-24 08:25:00,3.178,3.179,3.178,3.179,3.183,3.184,3.183,3.184,2
2026-06-24 08:26:00,3.1785,3.1785,3.1785,3.1785,3.1835,3.1835,3.1835,3.1835,1
2026-06-24 08:27:00,3.1795,3.1795,3.179,3.179,3.1845,3.1845,3.184,3.184,2
2026-06-24 08:28:00,3.1785,3.1845,3.1785,3.1845,3.1835,3.1895,3.1835,3.1895,7
2026-06-24 08:29:00,3.184,3.184,3.1825,3.1825,3.189,3.189,3.1875,3.1875,8
2026-06-24 08:30:00,3.182,3.182,3.1805,3.1815,3.187,3.187,3.1855,3.1865,7
2026-06-24 08:31:00,3.181,3.1835,3.1805,3.1835,3.186,3.1885,3.1855,3.1885,11
2026-06-24 08:32:00,3.183,3.185,3.183,3.185,3.188,3.19,3.188,3.19,3
2026-06-24 08:33:00,3.186,3.186,3.184,3.184,3.191,3.191,3.189,3.189,7
2026-06-24 08:34:00,3.1835,3.184,3.183,3.1835,3.1885,3.189,3.188,3.1885,4
2026-06-24 08:35:00,3.183,3.1835,3.183,3.1835,3.188,3.1885,3.188,3.1885,2
2026-06-24 08:36:00,3.182,3.1825,3.1805,3.1805,3.187,3.1875,3.1855,3.1855,5
2026-06-24 08:37:00,3.18,3.184,3.179,3.182,3.185,3.189,3.184,3.187,28
2026-06-24 08:38:00,3.1815,3.185,3.1805,3.1845,3.1865,3.19,3.1855,3.1895,21
2026-06-24 08:39:00,3.184,3.1845,3.182,3.182,3.189,3.1895,3.187,3.187,11
2026-06-24 08:40:00,3.1825,3.184,3.1825,3.1835,3.1875,3.189,3.1875,3.1885,6
2026-06-24 08:41:00,3.184,3.187,3.184,3.186,3.189,3.192,3.189,3.191,6
2026-06-24 08:42:00,3.1855,3.1855,3.1855,3.1855,3.1905,3.1905,3.1905,3.1905,1
2026-06-24 08:43:00,3.185,3.1875,3.185,3.187,3.19,3.1925,3.19,3.192,5
2026-06-24 08:44:00,3.1875,3.19,3.1875,3.189,3.1925,3.195,3.1925,3.194,12
2026-06-24 08:45:00,3.19,3.19,3.189,3.1895,3.195,3.195,3.194,3.1945,10
2026-06-24 08:46:00,3.189,3.189,3.1885,3.189,3.194,3.194,3.1935,3.194,9
2026-06-24 08:47:00,3.1885,3.189,3.187,3.1875,3.1935,3.194,3.192,3.1925,10
2026-06-24 08:48:00,3.188,3.188,3.187,3.187,3.193,3.193,3.192,3.192,5
2026-06-24 08:50:00,3.188,3.189,3.186,3.188,3.193,3.194,3.191,3.193,20
2026-06-24 08:51:00,3.189,3.191,3.188,3.1895,3.194,3.196,3.193,3.1945,14
2026-06-24 08:52:00,3.19,3.19,3.189,3.189,3.195,3.195,3.194,3.194,5
2026-06-24 08:54:00,3.188,3.1895,3.188,3.188,3.193,3.1945,3.193,3.193,13
2026-06-24 08:55:00,3.1885,3.191,3.184,3.1895,3.1935,3.196,3.189,3.1945,42
2026-06-24 08:56:00,3.189,3.19,3.189,3.189,3.194,3.195,3.194,3.194,6
2026-06-24 08:57:00,3.188,3.188,3.188,3.188,3.193,3.193,3.193,3.193,1
2026-06-24 08:58:00,3.1875,3.188,3.187,3.188,3.1925,3.193,3.192,3.193,5
2026-06-24 08:59:00,3.1885,3.19,3.1885,3.1895,3.1935,3.195,3.1935,3.1945,4
2026-06-24 09:00:00,3.189,3.189,3.187,3.188,3.194,3.194,3.192,3.193,5
2026-06-24 09:01:00,3.187,3.187,3.187,3.187,3.192,3.192,3.192,3.192,1
2026-06-24 09:02:00,3.188,3.19,3.188,3.19,3.193,3.195,3.193,3.195,4
2026-06-24 09:04:00,3.189,3.19,3.189,3.19,3.194,3.195,3.194,3.195,2
2026-06-24 09:05:00,3.191,3.191,3.19,3.19,3.196,3.196,3.195,3.195,4
2026-06-24 09:06:00,3.189,3.19,3.189,3.189,3.194,3.195,3.194,3.194,6
2026-06-24 09:07:00,3.188,3.188,3.186,3.186,3.193,3.193,3.191,3.191,10
2026-06-24 09:08:00,3.185,3.185,3.185,3.185,3.19,3.19,3.19,3.19,1
2026-06-24 09:09:00,3.186,3.186,3.1845,3.1845,3.191,3.191,3.1895,3.1895,7
2026-06-24 09:10:00,3.184,3.186,3.184,3.186,3.189,3.191,3.189,3.191,3
2026-06-24 09:11:00,3.187,3.1875,3.186,3.187,3.192,3.1925,3.191,3.192,10
2026-06-24 09:12:00,3.186,3.1905,3.186,3.1895,3.191,3.1955,3.191,3.1945,17
2026-06-24 09:13:00,3.19,3.19,3.189,3.189,3.195,3.195,3.194,3.194,3
2026-06-24 09:14:00,3.19,3.19,3.1895,3.1895,3.195,3.195,3.1945,3.1945,4
2026-06-24 09:15:00,3.189,3.19,3.189,3.189,3.194,3.195,3.194,3.194,3
2026-06-24 09:16:00,3.1885,3.189,3.188,3.189,3.1935,3.194,3.193,3.194,3
2026-06-24 09:17:00,3.19,3.19,3.188,3.188,3.195,3.195,3.193,3.193,10
2026-06-24 09:18:00,3.189,3.189,3.187,3.1875,3.194,3.194,3.192,3.1925,11
2026-06-24 09:19:00,3.187,3.187,3.185,3.186,3.192,3.192,3.19,3.191,8
2026-06-24 09:20:00,3.185,3.187,3.185,3.187,3.19,3.192,3.19,3.192,6
2026-06-24 09:21:00,3.186,3.186,3.186,3.186,3.191,3.191,3.191,3.191,1
2026-06-24 09:22:00,3.1855,3.1855,3.185,3.185,3.1905,3.1905,3.19,3.19,2
2026-06-24 09:23:00,3.1845,3.185,3.1835,3.185,3.1895,3.19,3.1885,3.19,6
2026-06-24 09:24:00,3.1855,3.186,3.185,3.185,3.1905,3.191,3.19,3.19,3
2026-06-24 09:27:00,3.186,3.187,3.186,3.187,3.191,3.192,3.191,3.192,5
2026-06-24 09:28:00,3.186,3.187,3.186,3.186,3.191,3.192,3.191,3.191,6
2026-06-24 09:30:00,3.1865,3.188,3.1865,3.188,3.1915,3.193,3.1915,3.193,3
2026-06-24 09:33:00,3.187,3.188,3.187,3.187,3.192,3.193,3.192,3.192,3
2026-06-24 09:34:00,3.1875,3.188,3.187,3.188,3.1925,3.193,3.192,3.193,4
2026-06-24 09:35:00,3.189,3.191,3.189,3.191,3.194,3.196,3.194,3.196,6
2026-06-24 09:36:00,3.192,3.193,3.192,3.192,3.197,3.198,3.197,3.197,8
2026-06-24 09:37:00,3.1925,3.193,3.192,3.193,3.1975,3.198,3.197,3.198,5
2026-06-24 09:38:00,3.194,3.194,3.193,3.193,3.199,3.199,3.198,3.198,2
2026-06-24 09:39:00,3.192,3.1945,3.191,3.194,3.197,3.1995,3.196,3.199,9
2026-06-24 09:40:00,3.195,3.195,3.195,3.195,3.2,3.2,3.2,3.2,1
2026-06-24 09:41:00,3.196,3.1975,3.196,3.197,3.201,3.2025,3.201,3.202,8
2026-06-24 09:42:00,3.196,3.196,3.193,3.195,3.201,3.201,3.198,3.2,8
2026-06-24 09:43:00,3.194,3.194,3.193,3.194,3.199,3.199,3.198,3.199,8
2026-06-24 09:44:00,3.195,3.195,3.1945,3.1945,3.2,3.2,3.1995,3.1995,2
2026-06-24 09:45:00,3.195,3.195,3.195,3.195,3.2,3.2,3.2,3.2,1
2026-06-24 09:46:00,3.196,3.198,3.195,3.198,3.201,3.203,3.2,3.203,8
2026-06-24 09:47:00,3.197,3.197,3.196,3.197,3.202,3.202,3.201,3.202,3
2026-06-24 09:48:00,3.196,3.197,3.196,3.197,3.201,3.202,3.201,3.202,2
2026-06-24 09:51:00,3.196,3.197,3.196,3.197,3.201,3.202,3.201,3.202,5
2026-06-24 09:52:00,3.196,3.198,3.196,3.197,3.201,3.203,3.201,3.202,6
2026-06-24 09:54:00,3.1965,3.1975,3.1965,3.1975,3.2015,3.2025,3.2015,3.2025,3
2026-06-24 09:55:00,3.198,3.198,3.197,3.197,3.203,3.203,3.202,3.202,4
2026-06-24 09:56:00,3.1975,3.198,3.197,3.198,3.2025,3.203,3.202,3.203,10
2026-06-24 09:57:00,3.197,3.197,3.194,3.195,3.202,3.202,3.199,3.2,10
2026-06-24 09:58:00,3.194,3.195,3.194,3.194,3.199,3.2,3.199,3.199,8
2026-06-24 10:00:00,3.195,3.196,3.1945,3.195,3.2,3.201,3.1995,3.2,10
2026-06-24 10:01:00,3.194,3.195,3.194,3.195,3.199,3.2,3.199,3.2,3
2026-06-24 10:02:00,3.194,3.194,3.194,3.194,3.199,3.199,3.199,3.199,1
2026-06-24 10:03:00,3.195,3.195,3.194,3.195,3.2,3.2,3.199,3.2,7
2026-06-24 10:04:00,3.1945,3.195,3.194,3.194,3.1995,3.2,3.199,3.199,13
2026-06-24 10:05:00,3.195,3.195,3.194,3.194,3.2,3.2,3.199,3.199,9
2026-06-24 10:06:00,3.195,3.196,3.195,3.195,3.2,3.201,3.2,3.2,5
2026-06-24 10:08:00,3.194,3.194,3.193,3.1935,3.199,3.199,3.198,3.1985,4
2026-06-24 10:09:00,3.193,3.194,3.191,3.192,3.198,3.199,3.196,3.197,8
2026-06-24 10:10:00,3.1915,3.193,3.191,3.193,3.1965,3.198,3.196,3.198,6
2026-06-24 10:11:00,3.194,3.195,3.1935,3.195,3.199,3.2,3.1985,3.2,5
2026-06-24 10:14:00,3.196,3.197,3.1955,3.196,3.201,3.202,3.2005,3.201,15
2026-06-24 10:15:00,3.195,3.195,3.195,3.195,3.2,3.2,3.2,3.2,1
2026-06-24 10:16:00,3.196,3.197,3.195,3.195,3.201,3.202,3.2,3.2,10
2026-06-24 10:17:00,3.194,3.195,3.194,3.195,3.199,3.2,3.199,3.2,3
2026-06-24 10:18:00,3.1955,3.1955,3.195,3.195,3.2005,3.2005,3.2,3.2,2
2026-06-24 10:20:00,3.1945,3.195,3.1945,3.195,3.1995,3.2,3.1995,3.2,2
2026-06-24 10:21:00,3.1945,3.195,3.1935,3.194,3.1995,3.2,3.1985,3.199,10
2026-06-24 10:22:00,3.195,3.196,3.195,3.196,3.2,3.201,3.2,3.201,2
2026-06-24 10:23:00,3.1965,3.197,3.196,3.196,3.2015,3.202,3.201,3.201,5
2026-06-24 10:24:00,3.195,3.196,3.194,3.194,3.2,3.201,3.199,3.199,11
2026-06-24 10:25:00,3.195,3.195,3.193,3.1945,3.2,3.2,3.198,3.1995,10
2026-06-24 10:26:00,3.194,3.1965,3.194,3.195,3.199,3.2015,3.199,3.2,11
2026-06-24 10:27:00,3.194,3.195,3.194,3.1945,3.199,3.2,3.199,3.1995,4
2026-06-24 10:28:00,3.194,3.1945,3.193,3.1945,3.199,3.1995,3.198,3.1995,7
2026-06-24 10:29:00,3.194,3.1955,3.194,3.195,3.199,3.2005,3.199,3.2,9
2026-06-24 10:30:00,3.194,3.197,3.194,3.197,3.199,3.202,3.199,3.202,9
2026-06-24 10:31:00,3.1975,3.198,3.197,3.198,3.2025,3.203,3.202,3.203,14
2026-06-24 10:32:00,3.199,3.2,3.1975,3.198,3.204,3.205,3.2025,3.203,12
2026-06-24 10:33:00,3.1985,3.1985,3.198,3.198,3.2035,3.2035,3.203,3.203,2
2026-06-24 10:35:00,3.199,3.199,3.199,3.199,3.204,3.204,3.204,3.204,1
2026-06-24 10:37:00,3.198,3.1995,3.198,3.199,3.203,3.2045,3.203,3.204,4
2026-06-24 10:38:00,3.2,3.2,3.199,3.199,3.205,3.205,3.204,3.204,2
2026-06-24 10:39:00,3.1995,3.2,3.199,3.2,3.2045,3.205,3.204,3.205,5
2026-06-24 10:40:00,3.199,3.199,3.199,3.199,3.204,3.204,3.204,3.204,1
2026-06-24 10:41:00,3.198,3.198,3.198,3.198,3.203,3.203,3.203,3.203,1
2026-06-24 10:43:00,3.1985,3.2,3.198,3.2,3.2035,3.205,3.203,3.205,4
2026-06-24 10:46:00,3.199,3.2,3.199,3.2,3.204,3.205,3.204,3.205,2
2026-06-24 10:48:00,3.199,3.199,3.198,3.198,3.204,3.204,3.203,3.203,2
2026-06-24 10:49:00,3.197,3.198,3.197,3.197,3.202,3.203,3.202,3.202,3
2026-06-24 10:51:00,3.196,3.196,3.196,3.196,3.201,3.201,3.201,3.201,1
2026-06-24 10:52:00,3.197,3.198,3.1965,3.198,3.202,3.203,3.2015,3.203,4
2026-06-24 10:53:00,3.197,3.198,3.197,3.197,3.202,3.203,3.202,3.202,4
2026-06-24 10:54:00,3.196,3.197,3.196,3.196,3.201,3.202,3.201,3.201,7
2026-06-24 10:57:00,3.197,3.197,3.196,3.196,3.202,3.202,3.201,3.201,2
2026-06-24 10:58:00,3.1965,3.198,3.1965,3.197,3.2015,3.203,3.2015,3.202,4
2026-06-24 11:00:00,3.196,3.197,3.196,3.196,3.201,3.202,3.201,3.201,10
2026-06-24 11:01:00,3.197,3.197,3.197,3.197,3.202,3.202,3.202,3.202,1
2026-06-24 11:02:00,3.198,3.198,3.198,3.198,3.203,3.203,3.203,3.203,1
2026-06-24 11:03:00,3.197,3.198,3.197,3.197,3.202,3.203,3.202,3.202,3
2026-06-24 11:04:00,3.198,3.1985,3.198,3.198,3.203,3.2035,3.203,3.203,3
2026-06-24 11:06:00,3.199,3.199,3.199,3.199,3.204,3.204,3.204,3.204,1
2026-06-24 11:07:00,3.2,3.2,3.2,3.2,3.205,3.205,3.205,3.205,1
2026-06-24 11:08:00,3.199,3.2,3.199,3.2,3.204,3.205,3.204,3.205,2
2026-06-24 11:09:00,3.199,3.2,3.199,3.2,3.204,3.205,3.204,3.205,9
2026-06-24 11:10:00,3.201,3.203,3.2,3.201,3.206,3.208,3.205,3.206,18
2026-06-24 11:12:00,3.2,3.201,3.2,3.201,3.205,3.206,3.205,3.206,4
2026-06-24 11:15:00,3.2005,3.201,3.2,3.201,3.2055,3.206,3.205,3.206,8
2026-06-24 11:16:00,3.2005,3.202,3.2,3.202,3.2055,3.207,3.205,3.207,4
2026-06-24 11:17:00,3.201,3.2015,3.201,3.201,3.206,3.2065,3.206,3.206,3
2026-06-24 11:19:00,3.2,3.2,3.2,3.2,3.205,3.205,3.205,3.205,1
2026-06-24 11:20:00,3.201,3.201,3.201,3.201,3.206,3.206,3.206,3.206,1
2026-06-24 11:22:00,3.202,3.203,3.201,3.201,3.207,3.208,3.206,3.206,4
2026-06-24 11:24:00,3.2,3.2,3.2,3.2,3.205,3.205,3.205,3.205,1
2026-06-24 11:28:00,3.1995,3.201,3.199,3.2,3.2045,3.206,3.204,3.205,8
2026-06-24 11:29:00,3.2005,3.201,3.2,3.2,3.2055,3.206,3.205,3.205,6
2026-06-24 11:30:00,3.2005,3.201,3.2,3.2005,3.2055,3.206,3.205,3.2055,8
2026-06-24 11:31:00,3.2,3.2,3.2,3.2,3.205,3.205,3.205,3.205,1
2026-06-24 11:32:00,3.2005,3.2005,3.2,3.2,3.2055,3.2055,3.205,3.205,2
2026-06-24 11:33:00,3.2005,3.2005,3.2005,3.2005,3.2055,3.2055,3.2055,3.2055,1
2026-06-24 11:34:00,3.201,3.201,3.201,3.201,3.206,3.206,3.206,3.206,1
2026-06-24 11:35:00,3.2,3.201,3.2,3.201,3.205,3.206,3.205,3.206,2
2026-06-24 11:36:00,3.202,3.203,3.202,3.2025,3.207,3.208,3.207,3.2075,5
2026-06-24 11:37:00,3.203,3.203,3.201,3.201,3.208,3.208,3.206,3.206,13
2026-06-24 11:38:00,3.202,3.202,3.201,3.2015,3.207,3.207,3.206,3.2065,13
2026-06-24 11:39:00,3.201,3.201,3.201,3.201,3.206,3.206,3.206,3.206,1
2026-06-24 11:40:00,3.2,3.201,3.2,3.201,3.205,3.206,3.205,3.206,2
2026-06-24 11:43:00,3.202,3.202,3.201,3.201,3.207,3.207,3.206,3.206,5
2026-06-24 11:46:00,3.2,3.2,3.2,3.2,3.205,3.205,3.205,3.205,1
2026-06-24 11:48:00,3.201,3.202,3.2005,3.202,3.206,3.207,3.2055,3.207,4
2026-06-24 11:49:00,3.201,3.201,3.1995,3.2,3.206,3.206,3.2045,3.205,6
2026-06-24 11:50:00,3.199,3.2,3.199,3.2,3.204,3.205,3.204,3.205,2
2026-06-24 11:51:00,3.1995,3.2,3.199,3.2,3.2045,3.205,3.204,3.205,4
2026-06-24 11:53:00,3.199,3.201,3.199,3.201,3.204,3.206,3.204,3.206,3
2026-06-24 11:54:00,3.2,3.201,3.2,3.2005,3.205,3.206,3.205,3.2055,6
2026-06-24 11:55:00,3.2,3.203,3.2,3.203,3.205,3.208,3.205,3.208,4
2026-06-24 11:56:00,3.202,3.203,3.202,3.203,3.207,3.208,3.207,3.208,4
2026-06-24 11:57:00,3.202,3.203,3.202,3.203,3.207,3.208,3.207,3.208,2
2026-06-24 11:58:00,3.202,3.203,3.202,3.203,3.207,3.208,3.207,3.208,2
2026-06-24 12:02:00,3.2025,3.203,3.2025,3.203,3.2075,3.208,3.2075,3.208,2
2026-06-24 12:03:00,3.2045,3.206,3.204,3.206,3.2095,3.211,3.209,3.211,16
2026-06-24 12:04:00,3.2055,3.206,3.205,3.205,3.2105,3.211,3.21,3.21,4
2026-06-24 12:05:00,3.204,3.206,3.201,3.206,3.209,3.211,3.206,3.211,18
2026-06-24 12:06:00,3.205,3.206,3.205,3.206,3.21,3.211,3.21,3.211,3
2026-06-24 12:07:00,3.207,3.207,3.206,3.206,3.212,3.212,3.211,3.211,4
2026-06-24 12:08:00,3.205,3.205,3.204,3.204,3.21,3.21,3.209,3.209,3
2026-06-24 12:10:00,3.203,3.204,3.203,3.204,3.208,3.209,3.208,3.209,7
2026-06-24 12:11:00,3.2035,3.204,3.203,3.204,3.2085,3.209,3.208,3.209,10
2026-06-24 12:13:00,3.2035,3.204,3.2035,3.204,3.2085,3.209,3.2085,3.209,2
2026-06-24 12:14:00,3.2035,3.204,3.203,3.204,3.2085,3.209,3.208,3.209,6
2026-06-24 12:19:00,3.205,3.209,3.205,3.209,3.21,3.214,3.21,3.214,9
2026-06-24 12:21:00,3.208,3.209,3.207,3.209,3.213,3.214,3.212,3.214,13
2026-06-24 12:22:00,3.21,3.211,3.209,3.211,3.215,3.216,3.214,3.216,7
2026-06-24 12:23:00,3.21,3.21,3.208,3.209,3.215,3.215,3.213,3.214,11
2026-06-24 12:25:00,3.208,3.209,3.208,3.2085,3.213,3.214,3.213,3.2135,10
2026-06-24 12:26:00,3.208,3.208,3.207,3.208,3.213,3.213,3.212,3.213,13
2026-06-24 12:27:00,3.209,3.209,3.209,3.209,3.214,3.214,3.214,3.214,1
2026-06-24 12:29:00,3.208,3.209,3.208,3.209,3.213,3.214,3.213,3.214,2
2026-06-24 12:30:00,3.208,3.208,3.2075,3.208,3.213,3.213,3.2125,3.213,3
2026-06-24 12:31:00,3.209,3.212,3.209,3.211,3.214,3.217,3.214,3.216,13
2026-06-24 12:32:00,3.2115,3.2115,3.2115,3.2115,3.2165,3.2165,3.2165,3.2165,1
2026-06-24 12:33:00,3.211,3.213,3.211,3.213,3.216,3.218,3.216,3.218,6
2026-06-24 12:34:00,3.214,3.214,3.213,3.214,3.219,3.219,3.218,3.219,7
2026-06-24 12:35:00,3.213,3.214,3.213,3.213,3.218,3.219,3.218,3.218,6
2026-06-24 12:36:00,3.212,3.212,3.209,3.21,3.217,3.217,3.214,3.215,8
2026-06-24 12:37:00,3.211,3.211,3.211,3.211,3.216,3.216,3.216,3.216,1
2026-06-24 12:38:00,3.212,3.212,3.212,3.212,3.217,3.217,3.217,3.217,1
2026-06-24 12:39:00,3.211,3.211,3.21,3.211,3.216,3.216,3.215,3.216,5
2026-06-24 12:40:00,3.21,3.21,3.206,3.207,3.215,3.215,3.211,3.212,16
2026-06-24 12:42:00,3.206,3.207,3.206,3.206,3.211,3.212,3.211,3.211,22
2026-06-24 12:43:00,3.207,3.207,3.205,3.205,3.212,3.212,3.21,3.21,9
2026-06-24 12:44:00,3.2045,3.2075,3.2045,3.207,3.2095,3.2125,3.2095,3.212,10
2026-06-24 12:45:00,3.206,3.206,3.205,3.206,3.211,3.211,3.21,3.211,5
2026-06-24 12:46:00,3.2055,3.206,3.2055,3.206,3.2105,3.211,3.2105,3.211,2
2026-06-24 12:47:00,3.2055,3.207,3.2055,3.206,3.2105,3.212,3.2105,3.211,4
2026-06-24 12:48:00,3.2065,3.207,3.2065,3.207,3.2115,3.212,3.2115,3.212,2
2026-06-24 12:49:00,3.2065,3.2065,3.204,3.204,3.2115,3.2115,3.209,3.209,6
2026-06-24 12:50:00,3.2035,3.204,3.2035,3.204,3.2085,3.209,3.2085,3.209,2
2026-06-24 12:51:00,3.2035,3.206,3.202,3.206,3.2085,3.211,3.207,3.211,9
2026-06-24 12:52:00,3.207,3.207,3.207,3.207,3.212,3.212,3.212,3.212,1
2026-06-24 12:53:00,3.208,3.209,3.208,3.208,3.213,3.214,3.213,3.213,3
2026-06-24 12:54:00,3.209,3.213,3.209,3.213,3.214,3.218,3.214,3.218,8
2026-06-24 12:55:00,3.212,3.215,3.212,3.215,3.217,3.22,3.217,3.22,21
2026-06-24 12:56:00,3.216,3.217,3.216,3.216,3.221,3.222,3.221,3.221,5
2026-06-24 12:57:00,3.2155,3.217,3.215,3.216,3.2205,3.222,3.22,3.221,9
2026-06-24 12:58:00,3.2155,3.217,3.214,3.217,3.2205,3.222,3.219,3.222,5
2026-06-24 12:59:00,3.216,3.216,3.2155,3.216,3.221,3.221,3.2205,3.221,3
2026-06-24 13:00:00,3.215,3.219,3.213,3.216,3.22,3.224,3.218,3.221,22
2026-06-24 13:01:00,3.2165,3.218,3.2165,3.218,3.2215,3.223,3.2215,3.223,6
2026-06-24 13:02:00,3.217,3.218,3.217,3.218,3.222,3.223,3.222,3.223,2
2026-06-24 13:03:00,3.219,3.224,3.219,3.224,3.224,3.229,3.224,3.229,8
2026-06-24 13:04:00,3.2235,3.224,3.218,3.219,3.2285,3.229,3.223,3.224,19
2026-06-24 13:05:00,3.218,3.218,3.2165,3.218,3.223,3.223,3.2215,3.223,5
2026-06-24 13:06:00,3.2175,3.22,3.216,3.218,3.2225,3.225,3.221,3.223,12
2026-06-24 13:07:00,3.217,3.217,3.216,3.217,3.222,3.222,3.221,3.222,4
2026-06-24 13:08:00,3.218,3.2185,3.217,3.218,3.223,3.2235,3.222,3.223,4
2026-06-24 13:09:00,3.2175,3.218,3.216,3.217,3.2225,3.223,3.221,3.222,6
2026-06-24 13:10:00,3.216,3.216,3.209,3.211,3.221,3.221,3.214,3.216,20
2026-06-24 13:11:00,3.212,3.213,3.211,3.212,3.217,3.218,3.216,3.217,16
2026-06-24 13:12:00,3.211,3.211,3.211,3.211,3.216,3.216,3.216,3.216,1
2026-06-24 13:13:00,3.21,3.211,3.208,3.21,3.215,3.216,3.213,3.215,8
2026-06-24 13:15:00,3.211,3.214,3.211,3.212,3.216,3.219,3.216,3.217,10
2026-06-24 13:16:00,3.211,3.212,3.21,3.212,3.216,3.217,3.215,3.217,4
2026-06-24 13:17:00,3.213,3.214,3.212,3.214,3.218,3.219,3.217,3.219,6
2026-06-24 13:18:00,3.213,3.213,3.212,3.212,3.218,3.218,3.217,3.217,2
2026-06-24 13:19:00,3.211,3.212,3.21,3.212,3.216,3.217,3.215,3.217,9
2026-06-24 13:20:00,3.211,3.213,3.211,3.213,3.216,3.218,3.216,3.218,10
2026-06-24 13:21:00,3.214,3.214,3.212,3.214,3.219,3.219,3.217,3.219,9
2026-06-24 13:22:00,3.213,3.215,3.213,3.215,3.218,3.22,3.218,3.22,7
2026-06-24 13:24:00,3.216,3.217,3.215,3.215,3.221,3.222,3.22,3.22,10
2026-06-24 13:25:00,3.214,3.22,3.214,3.219,3.219,3.225,3.219,3.224,15
2026-06-24 13:26:00,3.22,3.22,3.214,3.215,3.225,3.225,3.219,3.22,20
2026-06-24 13:27:00,3.214,3.214,3.212,3.213,3.219,3.219,3.217,3.218,13
2026-06-24 13:29:00,3.214,3.223,3.214,3.223,3.219,3.228,3.219,3.228,22
2026-06-24 13:30:00,3.224,3.231,3.223,3.2235,3.229,3.236,3.228,3.2285,31
2026-06-24 13:31:00,3.224,3.226,3.223,3.224,3.229,3.231,3.228,3.229,15
2026-06-24 13:32:00,3.2245,3.226,3.223,3.224,3.2295,3.231,3.228,3.229,21
2026-06-24 13:33:00,3.223,3.224,3.219,3.2205,3.228,3.229,3.224,3.2255,28
2026-06-24 13:34:00,3.221,3.223,3.2155,3.216,3.226,3.228,3.2205,3.221,20
2026-06-24 13:35:00,3.2165,3.22,3.213,3.215,3.2215,3.225,3.218,3.22,28
2026-06-24 13:36:00,3.2155,3.218,3.214,3.215,3.2205,3.223,3.219,3.22,14
2026-06-24 13:37:00,3.216,3.221,3.216,3.22,3.221,3.226,3.221,3.225,25
2026-06-24 13:38:00,3.221,3.222,3.221,3.221,3.226,3.227,3.226,3.226,3
2026-06-24 13:39:00,3.2215,3.2275,3.219,3.224,3.2265,3.2325,3.224,3.229,39
2026-06-24 13:40:00,3.2245,3.2245,3.222,3.223,3.2295,3.2295,3.227,3.228,19
2026-06-24 13:41:00,3.224,3.226,3.2235,3.225,3.229,3.231,3.2285,3.23,15
2026-06-24 13:42:00,3.2255,3.23,3.2255,3.226,3.2305,3.235,3.2305,3.231,13
2026-06-24 13:43:00,3.225,3.23,3.2235,3.229,3.23,3.235,3.2285,3.234,25
2026-06-24 13:44:00,3.228,3.231,3.228,3.229,3.233,3.236,3.233,3.234,24
2026-06-24 13:45:00,3.228,3.23,3.228,3.23,3.233,3.235,3.233,3.235,11
2026-06-24 13:46:00,3.2295,3.233,3.229,3.232,3.2345,3.238,3.234,3.237,29
2026-06-24 13:47:00,3.2325,3.233,3.23,3.233,3.2375,3.238,3.235,3.238,24
2026-06-24 13:48:00,3.232,3.238,3.231,3.232,3.237,3.243,3.236,3.237,34
2026-06-24 13:49:00,3.2325,3.235,3.231,3.2345,3.2375,3.24,3.236,3.2395,21
2026-06-24 13:50:00,3.234,3.235,3.233,3.234,3.239,3.24,3.238,3.239,12
2026-06-24 13:51:00,3.235,3.235,3.233,3.234,3.24,3.24,3.238,3.239,13
2026-06-24 13:52:00,3.2345,3.239,3.234,3.238,3.2395,3.244,3.239,3.243,21
2026-06-24 13:53:00,3.237,3.237,3.234,3.235,3.242,3.242,3.239,3.24,20
2026-06-24 13:54:00,3.236,3.237,3.2325,3.234,3.241,3.242,3.2375,3.239,28
2026-06-24 13:55:00,3.2335,3.236,3.2335,3.236,3.2385,3.241,3.2385,3.241,21
2026-06-24 13:56:00,3.2355,3.2355,3.233,3.2335,3.2405,3.2405,3.238,3.2385,14
2026-06-24 13:57:00,3.233,3.236,3.233,3.236,3.238,3.241,3.238,3.241,13
2026-06-24 13:58:00,3.237,3.243,3.237,3.24,3.242,3.248,3.242,3.245,24
2026-06-24 13:59:00,3.241,3.241,3.239,3.24,3.246,3.246,3.244,3.245,20
2026-06-24 14:00:00,3.239,3.246,3.239,3.239,3.244,3.251,3.244,3.244,45
2026-06-24 14:01:00,3.24,3.242,3.234,3.237,3.245,3.247,3.239,3.242,43
2026-06-24 14:02:00,3.238,3.238,3.229,3.231,3.243,3.243,3.234,3.236,51
2026-06-24 14:03:00,3.232,3.2345,3.229,3.23,3.237,3.2395,3.234,3.235,32
2026-06-24 14:04:00,3.231,3.232,3.228,3.231,3.236,3.237,3.233,3.236,35
2026-06-24 14:05:00,3.23,3.233,3.229,3.229,3.235,3.238,3.234,3.234,27
2026-06-24 14:06:00,3.228,3.23,3.227,3.2275,3.233,3.235,3.232,3.2325,24
2026-06-24 14:07:00,3.228,3.23,3.228,3.23,3.233,3.235,3.233,3.235,20
2026-06-24 14:08:00,3.229,3.233,3.229,3.2315,3.234,3.238,3.234,3.2365,18
2026-06-24 14:09:00,3.231,3.2315,3.227,3.23,3.236,3.2365,3.232,3.235,15
2026-06-24 14:10:00,3.229,3.232,3.229,3.231,3.234,3.237,3.234,3.236,17
2026-06-24 14:11:00,3.2315,3.233,3.23,3.231,3.2365,3.238,3.235,3.236,28
2026-06-24 14:12:00,3.23,3.23,3.222,3.223,3.235,3.235,3.227,3.228,34
2026-06-24 14:13:00,3.222,3.223,3.217,3.219,3.227,3.228,3.222,3.224,38
2026-06-24 14:14:00,3.22,3.22,3.2145,3.215,3.225,3.225,3.2195,3.22,45
2026-06-24 14:15:00,3.216,3.219,3.213,3.218,3.221,3.224,3.218,3.223,48
2026-06-24 14:16:00,3.2175,3.223,3.217,3.22,3.2225,3.228,3.222,3.225,68
2026-06-24 14:17:00,3.2195,3.23,3.217,3.223,3.2245,3.235,3.222,3.228,58
2026-06-24 14:18:00,3.224,3.224,3.221,3.223,3.229,3.229,3.226,3.228,18
2026-06-24 14:19:00,3.2225,3.227,3.222,3.227,3.2275,3.232,3.227,3.232,42
2026-06-24 14:20:00,3.226,3.226,3.224,3.224,3.231,3.231,3.229,3.229,9
2026-06-24 14:21:00,3.223,3.2245,3.221,3.2235,3.228,3.2295,3.226,3.2285,30
2026-06-24 14:22:00,3.224,3.225,3.216,3.218,3.229,3.23,3.221,3.223,41
2026-06-24 14:23:00,3.217,3.219,3.217,3.218,3.222,3.224,3.222,3.223,14
2026-06-24 14:24:00,3.2185,3.231,3.215,3.227,3.2235,3.236,3.22,3.232,51
2026-06-24 14:25:00,3.226,3.231,3.225,3.2295,3.231,3.236,3.23,3.2345,58
2026-06-24 14:26:00,3.229,3.23,3.224,3.224,3.234,3.235,3.229,3.229,29
2026-06-24 14:27:00,3.225,3.229,3.224,3.229,3.23,3.234,3.229,3.234,27
2026-06-24 14:28:00,3.2285,3.23,3.223,3.223,3.2335,3.235,3.228,3.228,38
2026-06-24 14:29:00,3.2235,3.225,3.2195,3.2235,3.2285,3.23,3.2245,3.2285,45
2026-06-24 14:30:00,3.224,3.224,3.222,3.2235,3.229,3.229,3.227,3.2285,19
2026-06-24 14:31:00,3.224,3.224,3.217,3.218,3.229,3.229,3.222,3.223,25
2026-06-24 14:32:00,3.219,3.224,3.218,3.2225,3.224,3.229,3.223,3.2275,30
2026-06-24 14:33:00,3.223,3.23,3.222,3.224,3.228,3.235,3.227,3.229,44
2026-06-24 14:34:00,3.225,3.228,3.222,3.225,3.23,3.233,3.227,3.23,44
2026-06-24 14:35:00,3.224,3.228,3.224,3.2255,3.229,3.233,3.229,3.2305,25
2026-06-24 14:36:00,3.226,3.2275,3.225,3.227,3.231,3.2325,3.23,3.232,18
2026-06-24 14:37:00,3.228,3.229,3.224,3.227,3.233,3.234,3.229,3.232,26
2026-06-24 14:38:00,3.2275,3.237,3.2275,3.229,3.2325,3.242,3.2325,3.234,53
2026-06-24 14:39:00,3.228,3.231,3.228,3.23,3.233,3.236,3.233,3.235,15
2026-06-24 14:40:00,3.231,3.231,3.229,3.231,3.236,3.236,3.234,3.236,11
2026-06-24 14:41:00,3.232,3.234,3.2285,3.232,3.237,3.239,3.2335,3.237,50
2026-06-24 14:42:00,3.231,3.2315,3.229,3.229,3.236,3.2365,3.234,3.234,15
2026-06-24 14:43:00,3.23,3.23,3.226,3.229,3.235,3.235,3.231,3.234,25
2026-06-24 14:44:00,3.2295,3.232,3.228,3.228,3.2345,3.237,3.233,3.233,28
2026-06-24 14:45:00,3.2285,3.229,3.226,3.227,3.2335,3.234,3.231,3.232,26
2026-06-24 14:46:00,3.226,3.226,3.218,3.219,3.231,3.231,3.223,3.224,38
2026-06-24 14:47:00,3.218,3.22,3.217,3.22,3.223,3.225,3.222,3.225,25
2026-06-24 14:48:00,3.219,3.219,3.213,3.214,3.224,3.224,3.218,3.219,32
2026-06-24 14:49:00,3.213,3.218,3.211,3.212,3.218,3.223,3.216,3.217,45
2026-06-24 14:50:00,3.2125,3.217,3.21,3.2125,3.2175,3.222,3.215,3.2175,33
2026-06-24 14:51:00,3.212,3.215,3.212,3.2135,3.217,3.22,3.217,3.2185,16
2026-06-24 14:52:00,3.213,3.218,3.21,3.218,3.218,3.223,3.215,3.223,27
2026-06-24 14:53:00,3.217,3.22,3.215,3.2185,3.222,3.225,3.22,3.2235,25
2026-06-24 14:54:00,3.218,3.22,3.211,3.211,3.223,3.225,3.216,3.216,34
2026-06-24 14:55:00,3.2105,3.214,3.207,3.2115,3.2155,3.219,3.212,3.2165,37
2026-06-24 14:56:00,3.211,3.215,3.211,3.214,3.216,3.22,3.216,3.219,12
2026-06-24 14:57:00,3.215,3.216,3.2095,3.21,3.22,3.221,3.2145,3.215,18
2026-06-24 14:58:00,3.209,3.2115,3.205,3.211,3.214,3.2165,3.21,3.216,39
2026-06-24 14:59:00,3.212,3.212,3.209,3.2105,3.217,3.217,3.214,3.2155,21
2026-06-24 15:00:00,3.2115,3.2125,3.2,3.201,3.2165,3.2175,3.205,3.206,144
2026-06-24 15:01:00,3.203,3.204,3.2,3.204,3.208,3.209,3.205,3.209,55
2026-06-24 15:02:00,3.203,3.205,3.196,3.1965,3.208,3.21,3.201,3.2015,61
2026-06-24 15:03:00,3.197,3.21,3.197,3.205,3.202,3.215,3.202,3.21,68
2026-06-24 15:04:00,3.204,3.205,3.2015,3.2035,3.209,3.21,3.2065,3.2085,36
2026-06-24 15:05:00,3.203,3.205,3.2,3.2005,3.208,3.21,3.205,3.2055,43
2026-06-24 15:06:00,3.201,3.2045,3.201,3.204,3.206,3.2095,3.206,3.209,25
2026-06-24 15:07:00,3.205,3.206,3.199,3.1995,3.21,3.211,3.204,3.2045,44
2026-06-24 15:08:00,3.2005,3.2015,3.189,3.191,3.2055,3.2065,3.194,3.196,33
2026-06-24 15:09:00,3.192,3.206,3.192,3.205,3.197,3.211,3.197,3.21,39
2026-06-24 15:10:00,3.206,3.207,3.197,3.199,3.211,3.212,3.202,3.204,75
2026-06-24 15:11:00,3.2,3.204,3.199,3.2025,3.205,3.209,3.204,3.2075,33
2026-06-24 15:12:00,3.202,3.203,3.198,3.2005,3.207,3.208,3.203,3.2055,24
2026-06-24 15:13:00,3.201,3.203,3.199,3.201,3.206,3.208,3.204,3.206,20
2026-06-24 15:14:00,3.202,3.204,3.202,3.2035,3.207,3.209,3.207,3.2085,29
2026-06-24 15:15:00,3.203,3.205,3.198,3.201,3.208,3.21,3.203,3.206,36
2026-06-24 15:16:00,3.2005,3.203,3.1975,3.202,3.2055,3.208,3.2025,3.207,34
2026-06-24 15:17:00,3.2025,3.204,3.201,3.2025,3.2075,3.209,3.206,3.2075,18
2026-06-24 15:18:00,3.202,3.204,3.2,3.2015,3.207,3.209,3.205,3.2065,35
2026-06-24 15:19:00,3.202,3.2035,3.199,3.203,3.207,3.2085,3.204,3.208,21
2026-06-24 15:20:00,3.202,3.203,3.199,3.2,3.207,3.208,3.204,3.205,29
2026-06-24 15:21:00,3.199,3.199,3.191,3.193,3.204,3.204,3.196,3.198,45
2026-06-24 15:22:00,3.194,3.195,3.191,3.1945,3.199,3.2,3.196,3.1995,33
2026-06-24 15:23:00,3.195,3.197,3.192,3.193,3.2,3.202,3.197,3.198,27
2026-06-24 15:24:00,3.1935,3.196,3.192,3.195,3.1985,3.201,3.197,3.2,24
2026-06-24 15:25:00,3.196,3.201,3.196,3.2,3.201,3.206,3.201,3.205,31
2026-06-24 15:26:00,3.199,3.201,3.196,3.1985,3.204,3.206,3.201,3.2035,45
2026-06-24 15:27:00,3.198,3.199,3.195,3.197,3.203,3.204,3.2,3.202,15
2026-06-24 15:28:00,3.196,3.199,3.196,3.1965,3.201,3.204,3.201,3.2015,31
2026-06-24 15:29:00,3.197,3.197,3.195,3.196,3.202,3.202,3.2,3.201,12
2026-06-24 15:30:00,3.195,3.196,3.1885,3.191,3.2,3.201,3.1935,3.196,54
2026-06-24 15:31:00,3.19,3.192,3.187,3.191,3.195,3.197,3.192,3.196,31
2026-06-24 15:32:00,3.1905,3.191,3.186,3.187,3.1955,3.196,3.191,3.192,37
2026-06-24 15:33:00,3.186,3.1895,3.184,3.1885,3.191,3.1945,3.189,3.1935,41
2026-06-24 15:34:00,3.188,3.189,3.187,3.1875,3.193,3.194,3.192,3.1925,28
2026-06-24 15:35:00,3.187,3.187,3.181,3.185,3.192,3.192,3.186,3.19,22
2026-06-24 15:36:00,3.184,3.187,3.181,3.186,3.189,3.192,3.186,3.191,27
2026-06-24 15:37:00,3.185,3.191,3.183,3.19,3.19,3.196,3.188,3.195,51
2026-06-24 15:38:00,3.191,3.1935,3.189,3.1905,3.196,3.1985,3.194,3.1955,35
2026-06-24 15:39:00,3.191,3.193,3.187,3.193,3.196,3.198,3.192,3.198,34
2026-06-24 15:40:00,3.194,3.2,3.193,3.199,3.199,3.205,3.198,3.204,44
2026-06-24 15:41:00,3.1995,3.203,3.195,3.198,3.2045,3.208,3.2,3.203,44
2026-06-24 15:42:00,3.1985,3.1985,3.194,3.195,3.2035,3.2035,3.199,3.2,31
2026-06-24 15:43:00,3.1955,3.202,3.1955,3.201,3.2005,3.207,3.2005,3.2065,18
2026-06-24 15:44:00,3.201,3.202,3.1975,3.1975,3.206,3.207,3.202,3.2025,23
2026-06-24 15:45:00,3.198,3.205,3.198,3.205,3.203,3.21,3.2025,3.21,20
2026-06-24 15:46:00,3.2055,3.2065,3.205,3.206,3.2105,3.212,3.21,3.211,11
2026-06-24 15:47:00,3.2055,3.206,3.202,3.203,3.2105,3.211,3.207,3.208,17
2026-06-24 15:48:00,3.204,3.211,3.2035,3.21,3.209,3.216,3.2085,3.215,32
2026-06-24 15:49:00,3.209,3.211,3.208,3.211,3.214,3.216,3.213,3.216,28
2026-06-24 15:50:00,3.212,3.2235,3.212,3.223,3.217,3.2285,3.216,3.228,87
2026-06-24 15:51:00,3.222,3.227,3.221,3.222,3.227,3.232,3.226,3.227,81
2026-06-24 15:52:00,3.2225,3.229,3.22,3.229,3.2275,3.234,3.225,3.234,37
2026-06-24 15:53:00,3.228,3.229,3.224,3.224,3.233,3.234,3.229,3.229,37
2026-06-24 15:54:00,3.223,3.223,3.217,3.22,3.228,3.228,3.222,3.225,52
2026-06-24 15:55:00,3.2195,3.222,3.215,3.2165,3.2245,3.227,3.22,3.2215,38
2026-06-24 15:56:00,3.2155,3.219,3.215,3.219,3.2205,3.224,3.22,3.224,21
2026-06-24 15:57:00,3.218,3.2195,3.218,3.219,3.223,3.2245,3.223,3.224,11
2026-06-24 15:58:00,3.218,3.219,3.2165,3.2175,3.223,3.224,3.2215,3.2225,19
2026-06-24 15:59:00,3.217,3.219,3.217,3.218,3.222,3.224,3.222,3.223,21
2026-06-24 16:00:00,3.219,3.224,3.218,3.2215,3.224,3.229,3.223,3.2265,41
2026-06-24 16:01:00,3.221,3.228,3.22,3.224,3.226,3.233,3.225,3.23,27
2026-06-24 16:02:00,3.226,3.226,3.221,3.2215,3.231,3.231,3.226,3.2265,32
2026-06-24 16:03:00,3.221,3.222,3.22,3.221,3.226,3.227,3.225,3.225,24
2026-06-24 16:04:00,3.222,3.222,3.2195,3.221,3.227,3.227,3.2245,3.226,18
2026-06-24 16:05:00,3.22,3.225,3.219,3.2205,3.225,3.23,3.224,3.2255,31
2026-06-24 16:06:00,3.22,3.221,3.2195,3.2195,3.225,3.226,3.225,3.225,10
2026-06-24 16:07:00,3.219,3.22,3.218,3.22,3.224,3.224,3.224,3.224,6
2026-06-24 16:08:00,3.221,3.222,3.2165,3.218,3.226,3.227,3.2215,3.223,28
2026-06-24 16:09:00,3.218,3.221,3.218,3.221,3.223,3.226,3.223,3.226,18
2026-06-24 16:10:00,3.22,3.222,3.22,3.222,3.225,3.227,3.225,3.227,19
2026-06-24 16:11:00,3.223,3.23,3.222,3.229,3.228,3.235,3.227,3.234,28
2026-06-24 16:12:00,3.23,3.23,3.228,3.228,3.235,3.235,3.233,3.233,20
2026-06-24 16:13:00,3.229,3.23,3.228,3.2285,3.234,3.235,3.233,3.2335,26
2026-06-24 16:14:00,3.229,3.234,3.228,3.233,3.234,3.239,3.233,3.238,53
2026-06-24 16:15:00,3.232,3.24,3.232,3.238,3.237,3.245,3.237,3.243,46
2026-06-24 16:16:00,3.2385,3.244,3.238,3.239,3.2435,3.249,3.243,3.244,47
2026-06-24 16:17:00,3.2395,3.241,3.237,3.237,3.2445,3.246,3.242,3.242,42
2026-06-24 16:18:00,3.236,3.237,3.231,3.232,3.241,3.242,3.236,3.237,40
2026-06-24 16:19:00,3.233,3.235,3.231,3.232,3.238,3.24,3.236,3.237,43
2026-06-24 16:20:00,3.231,3.233,3.229,3.231,3.236,3.238,3.234,3.236,33
2026-06-24 16:21:00,3.2305,3.239,3.2305,3.2375,3.2355,3.244,3.2355,3.2425,42
2026-06-24 16:22:00,3.237,3.242,3.237,3.238,3.242,3.247,3.242,3.243,25
2026-06-24 16:23:00,3.239,3.241,3.238,3.241,3.244,3.246,3.243,3.246,29
2026-06-24 16:24:00,3.242,3.245,3.24,3.242,3.247,3.25,3.245,3.247,23
2026-06-24 16:25:00,3.2425,3.244,3.24,3.241,3.2475,3.249,3.245,3.246,35
2026-06-24 16:26:00,3.2415,3.244,3.24,3.243,3.2465,3.249,3.245,3.248,44
2026-06-24 16:27:00,3.244,3.246,3.236,3.236,3.249,3.251,3.241,3.241,35
2026-06-24 16:28:00,3.237,3.2395,3.235,3.235,3.242,3.2445,3.24,3.24,25
2026-06-24 16:29:00,3.236,3.238,3.236,3.2365,3.241,3.243,3.241,3.2415,20
2026-06-24 16:30:00,3.236,3.237,3.231,3.232,3.241,3.242,3.236,3.237,29
2026-06-24 16:31:00,3.233,3.233,3.228,3.228,3.238,3.238,3.233,3.233,36
2026-06-24 16:32:00,3.229,3.23,3.223,3.224,3.234,3.235,3.228,3.229,71
2026-06-24 16:33:00,3.225,3.225,3.218,3.219,3.23,3.23,3.223,3.224,49
2026-06-24 16:34:00,3.22,3.223,3.218,3.2205,3.225,3.228,3.223,3.2255,50
2026-06-24 16:35:00,3.2195,3.223,3.219,3.22,3.2245,3.228,3.224,3.225,70
2026-06-24 16:36:00,3.2195,3.221,3.219,3.22,3.2245,3.226,3.224,3.225,42
2026-06-24 16:37:00,3.221,3.225,3.22,3.224,3.226,3.23,3.225,3.229,44
2026-06-24 16:38:00,3.223,3.225,3.221,3.221,3.228,3.23,3.226,3.226,18
2026-06-24 16:39:00,3.2215,3.222,3.218,3.2195,3.2265,3.227,3.223,3.2245,23
2026-06-24 16:40:00,3.219,3.2195,3.216,3.218,3.224,3.2245,3.221,3.223,23
2026-06-24 16:41:00,3.2185,3.223,3.217,3.221,3.2235,3.228,3.222,3.226,33
2026-06-24 16:42:00,3.2205,3.224,3.22,3.221,3.2255,3.229,3.225,3.226,24
2026-06-24 16:43:00,3.2215,3.222,3.22,3.22,3.2265,3.227,3.225,3.225,23
2026-06-24 16:44:00,3.219,3.22,3.218,3.219,3.224,3.225,3.223,3.224,11
2026-06-24 16:45:00,3.22,3.22,3.217,3.217,3.225,3.225,3.222,3.222,21
2026-06-24 16:46:00,3.216,3.218,3.214,3.218,3.221,3.223,3.219,3.223,23
2026-06-24 16:47:00,3.217,3.2195,3.217,3.218,3.222,3.2245,3.222,3.223,5
2026-06-24 16:48:00,3.2185,3.22,3.217,3.219,3.2235,3.225,3.222,3.224,15
2026-06-24 16:49:00,3.22,3.22,3.219,3.219,3.225,3.225,3.224,3.224,18
2026-06-24 16:50:00,3.2195,3.221,3.219,3.221,3.2245,3.226,3.224,3.226,27
2026-06-24 16:51:00,3.222,3.223,3.216,3.217,3.227,3.228,3.221,3.222,26
2026-06-24 16:52:00,3.2165,3.22,3.2165,3.219,3.2215,3.225,3.2215,3.224,15
2026-06-24 16:53:00,3.22,3.22,3.219,3.22,3.225,3.225,3.224,3.225,8
2026-06-24 16:54:00,3.221,3.221,3.22,3.22,3.226,3.226,3.225,3.225,10
2026-06-24 16:55:00,3.219,3.225,3.219,3.224,3.224,3.23,3.224,3.229,18
2026-06-24 16:56:00,3.223,3.225,3.223,3.225,3.228,3.23,3.228,3.23,8
2026-06-24 16:57:00,3.224,3.227,3.224,3.226,3.229,3.232,3.229,3.231,18
2026-06-24 16:58:00,3.227,3.229,3.226,3.229,3.232,3.234,3.231,3.234,11
2026-06-24 16:59:00,3.2295,3.23,3.227,3.228,3.2345,3.235,3.232,3.233,22
2026-06-24 17:00:00,3.2285,3.229,3.227,3.229,3.2335,3.234,3.232,3.234,38
2026-06-24 17:01:00,3.23,3.233,3.23,3.231,3.235,3.238,3.235,3.236,24
2026-06-24 17:02:00,3.2315,3.232,3.225,3.225,3.2365,3.237,3.23,3.23,30
2026-06-24 17:03:00,3.2245,3.228,3.2245,3.226,3.2295,3.233,3.2295,3.231,12
2026-06-24 17:04:00,3.227,3.23,3.225,3.228,3.232,3.235,3.23,3.233,26
2026-06-24 17:05:00,3.2285,3.23,3.228,3.229,3.2335,3.235,3.233,3.234,17
2026-06-24 17:06:00,3.2295,3.231,3.229,3.23,3.2345,3.236,3.234,3.235,21
2026-06-24 17:07:00,3.231,3.231,3.23,3.23,3.236,3.236,3.235,3.235,16
2026-06-24 17:08:00,3.229,3.231,3.229,3.231,3.234,3.236,3.234,3.236,15
2026-06-24 17:09:00,3.23,3.23,3.229,3.229,3.235,3.235,3.234,3.234,6
2026-06-24 17:10:00,3.23,3.233,3.2295,3.2325,3.235,3.238,3.2345,3.2375,17
2026-06-24 17:11:00,3.233,3.233,3.2295,3.2295,3.238,3.238,3.2345,3.2345,32
2026-06-24 17:12:00,3.229,3.238,3.229,3.237,3.234,3.243,3.234,3.242,86
2026-06-24 17:13:00,3.2365,3.2365,3.233,3.235,3.2415,3.2415,3.238,3.24,30
2026-06-24 17:14:00,3.236,3.238,3.236,3.237,3.241,3.243,3.241,3.242,16
2026-06-24 17:15:00,3.238,3.24,3.236,3.236,3.243,3.245,3.241,3.241,48
2026-06-24 17:16:00,3.2365,3.24,3.2365,3.239,3.2415,3.245,3.2415,3.244,26
2026-06-24 17:17:00,3.24,3.244,3.239,3.244,3.245,3.249,3.244,3.249,42
2026-06-24 17:18:00,3.243,3.243,3.237,3.237,3.248,3.248,3.242,3.242,14
2026-06-24 17:19:00,3.238,3.24,3.238,3.24,3.243,3.245,3.243,3.245,10
2026-06-24 17:20:00,3.241,3.242,3.24,3.241,3.246,3.247,3.245,3.246,14
2026-06-24 17:21:00,3.242,3.244,3.241,3.242,3.247,3.249,3.246,3.247,40
2026-06-24 17:22:00,3.2425,3.251,3.2425,3.251,3.2475,3.256,3.2475,3.256,43
2026-06-24 17:23:00,3.252,3.259,3.247,3.249,3.257,3.264,3.252,3.254,70
2026-06-24 17:24:00,3.25,3.2515,3.249,3.251,3.255,3.2565,3.254,3.256,27
2026-06-24 17:25:00,3.25,3.252,3.247,3.248,3.255,3.257,3.252,3.253,30
2026-06-24 17:26:00,3.247,3.25,3.246,3.249,3.252,3.255,3.251,3.254,27
2026-06-24 17:27:00,3.2495,3.251,3.246,3.247,3.2545,3.256,3.251,3.252,27
2026-06-24 17:28:00,3.246,3.247,3.244,3.245,3.251,3.252,3.249,3.25,19
2026-06-24 17:29:00,3.2445,3.245,3.241,3.2415,3.2495,3.25,3.246,3.2465,20
2026-06-24 17:30:00,3.242,3.245,3.242,3.244,3.247,3.25,3.247,3.249,9
2026-06-24 17:31:00,3.2445,3.246,3.243,3.244,3.2495,3.251,3.248,3.249,16
2026-06-24 17:32:00,3.2445,3.245,3.242,3.242,3.2495,3.25,3.247,3.247,14
2026-06-24 17:33:00,3.243,3.244,3.242,3.243,3.248,3.249,3.247,3.248,8
2026-06-24 17:34:00,3.242,3.243,3.241,3.242,3.247,3.248,3.246,3.247,13
2026-06-24 17:35:00,3.243,3.244,3.242,3.243,3.248,3.249,3.247,3.248,21
2026-06-24 17:36:00,3.2435,3.2435,3.243,3.243,3.2485,3.2485,3.248,3.248,4
2026-06-24 17:37:00,3.244,3.248,3.243,3.2475,3.249,3.253,3.248,3.2525,28
2026-06-24 17:38:00,3.248,3.248,3.244,3.244,3.253,3.253,3.249,3.249,14
2026-06-24 17:39:00,3.243,3.245,3.241,3.242,3.248,3.25,3.246,3.247,17
2026-06-24 17:40:00,3.241,3.243,3.241,3.242,3.246,3.248,3.246,3.247,16
2026-06-24 17:41:00,3.243,3.243,3.242,3.242,3.248,3.248,3.247,3.247,4
2026-06-24 17:42:00,3.241,3.242,3.24,3.2405,3.246,3.247,3.245,3.2455,16
2026-06-24 17:43:00,3.241,3.242,3.24,3.241,3.246,3.247,3.245,3.246,19
2026-06-24 17:44:00,3.24,3.24,3.234,3.235,3.245,3.245,3.239,3.24,24
2026-06-24 17:45:00,3.236,3.236,3.231,3.232,3.241,3.241,3.236,3.237,28
2026-06-24 17:46:00,3.2325,3.237,3.231,3.236,3.2375,3.242,3.236,3.241,20
2026-06-24 17:47:00,3.2365,3.24,3.236,3.239,3.2415,3.245,3.241,3.244,33
2026-06-24 17:48:00,3.2395,3.242,3.239,3.241,3.2445,3.247,3.244,3.246,22
2026-06-24 17:49:00,3.24,3.24,3.237,3.237,3.245,3.245,3.242,3.242,9
2026-06-24 17:50:00,3.235,3.236,3.23,3.23,3.24,3.241,3.235,3.235,24
2026-06-24 17:51:00,3.2305,3.231,3.224,3.2255,3.2355,3.236,3.229,3.2305,48
2026-06-24 17:52:00,3.226,3.226,3.224,3.226,3.231,3.231,3.229,3.231,18
2026-06-24 17:53:00,3.227,3.227,3.224,3.224,3.232,3.232,3.229,3.229,20
2026-06-24 17:54:00,3.225,3.227,3.224,3.225,3.23,3.232,3.229,3.23,13
2026-06-24 17:55:00,3.224,3.225,3.224,3.225,3.229,3.23,3.229,3.23,2
2026-06-24 17:56:00,3.226,3.227,3.221,3.223,3.231,3.232,3.226,3.228,25
2026-06-24 17:57:00,3.222,3.224,3.221,3.222,3.227,3.229,3.226,3.227,10
2026-06-24 17:58:00,3.223,3.223,3.221,3.222,3.228,3.228,3.226,3.227,12
2026-06-24 17:59:00,3.2215,3.222,3.221,3.2215,3.2265,3.227,3.226,3.2265,6
2026-06-24 18:00:00,3.221,3.225,3.219,3.2235,3.226,3.23,3.224,3.2285,24
2026-06-24 18:01:00,3.223,3.227,3.222,3.227,3.228,3.232,3.227,3.232,11
2026-06-24 18:02:00,3.2275,3.229,3.224,3.225,3.2325,3.234,3.229,3.23,27
2026-06-24 18:03:00,3.224,3.225,3.224,3.225,3.229,3.23,3.229,3.23,4
2026-06-24 18:04:00,3.226,3.228,3.225,3.227,3.231,3.233,3.23,3.232,14
2026-06-24 18:05:00,3.2275,3.229,3.225,3.2255,3.2325,3.234,3.23,3.2305,18
2026-06-24 18:06:00,3.225,3.226,3.223,3.2235,3.23,3.231,3.228,3.2285,16
2026-06-24 18:07:00,3.223,3.224,3.219,3.2195,3.228,3.229,3.224,3.2245,39
2026-06-24 18:08:00,3.219,3.222,3.219,3.2215,3.224,3.227,3.224,3.2265,10
2026-06-24 18:09:00,3.221,3.223,3.221,3.223,3.226,3.228,3.226,3.228,9
2026-06-24 18:10:00,3.222,3.224,3.221,3.222,3.227,3.229,3.226,3.227,19
2026-06-24 18:11:00,3.2215,3.225,3.2215,3.225,3.2265,3.23,3.2265,3.23,10
2026-06-24 18:12:00,3.2255,3.227,3.225,3.226,3.2305,3.232,3.23,3.231,14
2026-06-24 18:13:00,3.227,3.228,3.225,3.227,3.232,3.233,3.23,3.232,19
2026-06-24 18:14:00,3.226,3.228,3.226,3.226,3.231,3.233,3.231,3.231,10
2026-06-24 18:15:00,3.2265,3.228,3.2265,3.227,3.2315,3.233,3.2315,3.232,5
2026-06-24 18:16:00,3.228,3.23,3.227,3.229,3.233,3.235,3.232,3.234,19
2026-06-24 18:17:00,3.2295,3.233,3.229,3.2315,3.2345,3.238,3.234,3.2365,24
2026-06-24 18:18:00,3.232,3.2325,3.231,3.232,3.237,3.2375,3.236,3.237,14
2026-06-24 18:19:00,3.231,3.2325,3.23,3.23,3.236,3.2375,3.235,3.235,9
2026-06-24 18:20:00,3.231,3.231,3.23,3.231,3.236,3.236,3.235,3.236,6
2026-06-24 18:21:00,3.2315,3.232,3.231,3.2315,3.2365,3.237,3.236,3.2365,15
2026-06-24 18:22:00,3.231,3.232,3.229,3.231,3.236,3.237,3.234,3.236,11
2026-06-24 18:23:00,3.232,3.235,3.232,3.234,3.237,3.24,3.237,3.239,11
2026-06-24 18:24:00,3.233,3.234,3.2325,3.233,3.238,3.239,3.2375,3.238,8
2026-06-24 18:25:00,3.232,3.2325,3.232,3.232,3.237,3.2375,3.237,3.237,7
2026-06-24 18:26:00,3.231,3.231,3.229,3.23,3.236,3.236,3.234,3.235,12
2026-06-24 18:27:00,3.2305,3.231,3.229,3.231,3.2355,3.236,3.234,3.236,10
2026-06-24 18:29:00,3.23,3.231,3.229,3.229,3.235,3.236,3.234,3.234,18
2026-06-24 18:30:00,3.23,3.233,3.229,3.2325,3.235,3.238,3.234,3.2375,20
2026-06-24 18:31:00,3.233,3.233,3.2315,3.233,3.238,3.238,3.2365,3.238,9
2026-06-24 18:32:00,3.234,3.238,3.233,3.2365,3.239,3.243,3.238,3.2415,24
2026-06-24 18:33:00,3.237,3.2405,3.237,3.24,3.242,3.2455,3.242,3.245,15
2026-06-24 18:34:00,3.241,3.241,3.236,3.238,3.246,3.246,3.241,3.243,24
2026-06-24 18:35:00,3.2385,3.24,3.238,3.24,3.2435,3.245,3.243,3.245,14
2026-06-24 18:36:00,3.239,3.24,3.236,3.236,3.244,3.245,3.241,3.241,17
2026-06-24 18:37:00,3.2365,3.237,3.236,3.237,3.2415,3.242,3.241,3.242,15
2026-06-24 18:38:00,3.236,3.239,3.236,3.238,3.241,3.244,3.241,3.243,9
2026-06-24 18:39:00,3.237,3.238,3.235,3.2365,3.242,3.243,3.24,3.2415,19
2026-06-24 18:40:00,3.236,3.237,3.233,3.234,3.241,3.242,3.238,3.239,13
2026-06-24 18:41:00,3.233,3.236,3.233,3.236,3.238,3.241,3.238,3.241,14
2026-06-24 18:42:00,3.237,3.238,3.236,3.237,3.242,3.243,3.241,3.242,10
2026-06-24 18:43:00,3.2365,3.2365,3.234,3.234,3.2415,3.2415,3.239,3.239,6
2026-06-24 18:44:00,3.2345,3.2345,3.232,3.2335,3.2395,3.2395,3.237,3.2385,14
2026-06-24 18:45:00,3.233,3.234,3.231,3.231,3.238,3.239,3.236,3.236,7
2026-06-24 18:46:00,3.23,3.231,3.229,3.229,3.235,3.236,3.234,3.234,13
2026-06-24 18:47:00,3.23,3.23,3.229,3.229,3.235,3.235,3.234,3.234,7
2026-06-24 18:48:00,3.2295,3.235,3.2295,3.2345,3.2345,3.24,3.2345,3.2395,29
2026-06-24 18:49:00,3.235,3.2355,3.234,3.234,3.24,3.2405,3.239,3.239,8
2026-06-24 18:50:00,3.2345,3.238,3.232,3.238,3.2395,3.243,3.237,3.243,17
2026-06-24 18:51:00,3.239,3.239,3.238,3.2385,3.244,3.244,3.243,3.2435,10
2026-06-24 18:52:00,3.238,3.241,3.238,3.241,3.243,3.246,3.243,3.246,13
2026-06-24 18:53:00,3.24,3.241,3.239,3.2395,3.245,3.246,3.244,3.2445,14
2026-06-24 18:54:00,3.24,3.244,3.24,3.244,3.245,3.249,3.245,3.249,34
2026-06-24 18:55:00,3.242,3.243,3.241,3.242,3.247,3.248,3.246,3.247,26
2026-06-24 18:56:00,3.241,3.242,3.24,3.242,3.246,3.247,3.245,3.247,8
2026-06-24 18:57:00,3.2425,3.243,3.242,3.243,3.2475,3.248,3.247,3.248,8
2026-06-24 18:58:00,3.242,3.242,3.239,3.239,3.247,3.247,3.244,3.244,6
2026-06-24 18:59:00,3.238,3.239,3.237,3.237,3.243,3.244,3.242,3.242,5
2026-06-24 19:00:00,3.238,3.24,3.238,3.24,3.243,3.245,3.243,3.245,8
2026-06-24 19:01:00,3.2395,3.24,3.239,3.239,3.2445,3.245,3.244,3.244,9
2026-06-24 19:02:00,3.24,3.24,3.238,3.238,3.245,3.245,3.243,3.243,9
2026-06-24 19:03:00,3.239,3.239,3.238,3.238,3.244,3.244,3.243,3.243,17
2026-06-24 19:04:00,3.237,3.237,3.235,3.2365,3.242,3.242,3.24,3.2415,6
2026-06-24 19:05:00,3.237,3.238,3.237,3.237,3.242,3.243,3.242,3.242,5
2026-06-24 19:06:00,3.236,3.237,3.233,3.236,3.241,3.242,3.238,3.241,14
2026-06-24 19:07:00,3.2355,3.236,3.235,3.236,3.2405,3.241,3.24,3.241,3
2026-06-24 19:09:00,3.237,3.238,3.235,3.235,3.242,3.243,3.24,3.24,7
2026-06-24 19:10:00,3.236,3.239,3.235,3.238,3.241,3.244,3.24,3.243,9
2026-06-24 19:11:00,3.2375,3.239,3.237,3.238,3.2425,3.244,3.242,3.243,10
2026-06-24 19:12:00,3.237,3.238,3.235,3.236,3.242,3.243,3.24,3.241,10
2026-06-24 19:13:00,3.235,3.236,3.233,3.234,3.24,3.241,3.238,3.239,13
2026-06-24 19:14:00,3.233,3.236,3.233,3.234,3.238,3.241,3.238,3.239,8
2026-06-24 19:15:00,3.233,3.234,3.233,3.234,3.238,3.239,3.238,3.239,2
2026-06-24 19:16:00,3.233,3.234,3.231,3.232,3.238,3.239,3.236,3.237,8
2026-06-24 19:17:00,3.233,3.233,3.23,3.23,3.238,3.238,3.235,3.235,6
2026-06-24 19:18:00,3.231,3.239,3.231,3.238,3.236,3.244,3.236,3.243,34
2026-06-24 19:19:00,3.2385,3.24,3.238,3.24,3.2435,3.245,3.243,3.245,22
2026-06-24 19:20:00,3.2395,3.241,3.239,3.239,3.2445,3.246,3.244,3.244,13
2026-06-24 19:21:00,3.24,3.242,3.238,3.241,3.245,3.247,3.243,3.246,21
2026-06-24 19:22:00,3.242,3.242,3.241,3.2415,3.247,3.247,3.246,3.2465,15
2026-06-24 19:23:00,3.242,3.242,3.241,3.241,3.247,3.247,3.246,3.246,15
2026-06-24 19:24:00,3.242,3.242,3.241,3.241,3.247,3.247,3.246,3.246,15
2026-06-24 19:25:00,3.2415,3.242,3.2415,3.242,3.2465,3.247,3.2465,3.247,2
2026-06-24 19:26:00,3.243,3.243,3.241,3.2415,3.248,3.248,3.246,3.2465,12
2026-06-24 19:27:00,3.242,3.242,3.241,3.242,3.247,3.247,3.246,3.247,3
2026-06-24 19:28:00,3.243,3.243,3.242,3.243,3.248,3.248,3.247,3.248,5
2026-06-24 19:29:00,3.244,3.244,3.243,3.243,3.249,3.249,3.248,3.248,2
2026-06-24 19:30:00,3.242,3.242,3.241,3.241,3.247,3.247,3.246,3.246,8
2026-06-24 19:31:00,3.24,3.24,3.237,3.237,3.245,3.245,3.242,3.242,17
2026-06-24 19:32:00,3.238,3.239,3.238,3.239,3.243,3.244,3.243,3.244,5
2026-06-24 19:33:00,3.238,3.2385,3.236,3.238,3.243,3.2435,3.241,3.243,9
2026-06-24 19:34:00,3.2385,3.239,3.2385,3.239,3.2435,3.244,3.2435,3.244,2
2026-06-24 19:35:00,3.238,3.239,3.238,3.238,3.243,3.244,3.243,3.243,5
2026-06-24 19:37:00,3.239,3.239,3.237,3.238,3.244,3.244,3.242,3.243,4
2026-06-24 19:38:00,3.239,3.24,3.238,3.239,3.244,3.245,3.243,3.244,15
2026-06-24 19:40:00,3.238,3.239,3.237,3.237,3.243,3.244,3.242,3.242,7
2026-06-24 19:41:00,3.238,3.239,3.237,3.238,3.243,3.244,3.242,3.243,11
2026-06-24 19:42:00,3.2385,3.243,3.2385,3.2425,3.2435,3.248,3.2435,3.2475,15
2026-06-24 19:43:00,3.242,3.2425,3.241,3.241,3.247,3.2475,3.246,3.246,6
2026-06-24 19:44:00,3.24,3.241,3.24,3.241,3.245,3.246,3.245,3.246,7
2026-06-24 19:45:00,3.24,3.241,3.238,3.24,3.245,3.246,3.243,3.245,15
2026-06-24 19:46:00,3.2405,3.241,3.24,3.241,3.2455,3.246,3.245,3.246,14
2026-06-24 19:47:00,3.24,3.241,3.239,3.241,3.245,3.246,3.244,3.246,15
2026-06-24 19:48:00,3.24,3.241,3.24,3.241,3.245,3.246,3.245,3.246,11
2026-06-24 19:49:00,3.242,3.247,3.242,3.246,3.247,3.252,3.247,3.251,14
2026-06-24 19:50:00,3.247,3.247,3.245,3.246,3.252,3.252,3.25,3.251,14
2026-06-24 19:51:00,3.2455,3.246,3.245,3.246,3.2505,3.251,3.25,3.251,8
2026-06-24 19:52:00,3.247,3.248,3.245,3.246,3.252,3.253,3.25,3.251,10
2026-06-24 19:53:00,3.247,3.25,3.246,3.25,3.252,3.255,3.251,3.255,18
2026-06-24 19:54:00,3.251,3.2525,3.247,3.247,3.256,3.2575,3.252,3.252,39
2026-06-24 19:55:00,3.248,3.248,3.244,3.244,3.253,3.253,3.249,3.249,10
2026-06-24 19:56:00,3.245,3.246,3.242,3.246,3.25,3.251,3.247,3.251,22
2026-06-24 19:57:00,3.247,3.248,3.246,3.247,3.252,3.253,3.251,3.252,18
2026-06-24 19:58:00,3.248,3.251,3.248,3.249,3.253,3.256,3.253,3.254,37
2026-06-24 19:59:00,3.2485,3.249,3.244,3.244,3.2535,3.254,3.249,3.249,29
2026-06-24 20:00:00,3.2445,3.246,3.243,3.2435,3.2495,3.251,3.248,3.2485,12
2026-06-24 20:01:00,3.243,3.244,3.238,3.2395,3.248,3.249,3.243,3.2445,23
2026-06-24 20:02:00,3.24,3.242,3.24,3.241,3.245,3.247,3.245,3.246,9
2026-06-24 20:03:00,3.24,3.241,3.239,3.241,3.245,3.246,3.244,3.246,7
2026-06-24 20:04:00,3.24,3.243,3.24,3.2425,3.245,3.248,3.245,3.2475,17
2026-06-24 20:05:00,3.243,3.244,3.2425,3.244,3.248,3.249,3.2475,3.249,9
2026-06-24 20:06:00,3.243,3.244,3.241,3.243,3.248,3.249,3.246,3.248,25
2026-06-24 20:07:00,3.2435,3.2455,3.241,3.2415,3.2485,3.2505,3.246,3.2465,18
2026-06-24 20:08:00,3.241,3.243,3.241,3.242,3.246,3.248,3.246,3.247,21
2026-06-24 20:09:00,3.243,3.245,3.243,3.2445,3.248,3.25,3.248,3.2495,5
2026-06-24 20:10:00,3.244,3.246,3.244,3.245,3.249,3.251,3.249,3.25,20
2026-06-24 20:11:00,3.246,3.2475,3.245,3.245,3.251,3.2525,3.25,3.25,23
2026-06-24 20:12:00,3.2455,3.247,3.243,3.244,3.2505,3.252,3.248,3.249,15
2026-06-24 20:13:00,3.2435,3.244,3.243,3.244,3.2485,3.249,3.248,3.249,3
2026-06-24 20:14:00,3.243,3.244,3.243,3.243,3.248,3.249,3.248,3.248,16
2026-06-24 20:15:00,3.242,3.243,3.241,3.2415,3.247,3.248,3.246,3.2465,20
2026-06-24 20:16:00,3.241,3.243,3.241,3.242,3.246,3.248,3.246,3.247,11
2026-06-24 20:17:00,3.241,3.243,3.241,3.2425,3.246,3.248,3.246,3.2475,8
2026-06-24 20:18:00,3.243,3.243,3.241,3.2425,3.248,3.248,3.246,3.2475,17
2026-06-24 20:19:00,3.243,3.245,3.241,3.245,3.248,3.25,3.246,3.25,16
2026-06-24 20:20:00,3.2445,3.2495,3.244,3.247,3.2495,3.2545,3.249,3.252,31
2026-06-24 20:21:00,3.2465,3.248,3.246,3.248,3.2515,3.253,3.251,3.253,16
2026-06-24 20:22:00,3.2485,3.2485,3.247,3.2475,3.2535,3.2535,3.252,3.2525,21
2026-06-24 20:23:00,3.248,3.249,3.247,3.248,3.253,3.254,3.252,3.253,15
2026-06-24 20:24:00,3.249,3.249,3.248,3.249,3.254,3.254,3.253,3.254,17
2026-06-24 20:25:00,3.248,3.249,3.2455,3.246,3.253,3.254,3.2505,3.251,32
2026-06-24 20:26:00,3.2465,3.249,3.246,3.248,3.2515,3.254,3.251,3.253,43
2026-06-24 20:27:00,3.249,3.25,3.248,3.249,3.254,3.255,3.253,3.254,43
2026-06-24 20:28:00,3.25,3.255,3.249,3.252,3.255,3.26,3.254,3.257,155
2026-06-24 20:29:00,3.253,3.257,3.253,3.2565,3.258,3.262,3.258,3.2615,79
2026-06-24 20:30:00,3.256,3.262,3.256,3.26,3.261,3.267,3.261,3.265,48
2026-06-24 20:31:00,3.259,3.259,3.254,3.2555,3.264,3.264,3.259,3.2605,51
2026-06-24 20:32:00,3.256,3.256,3.248,3.2495,3.261,3.261,3.253,3.2545,39
2026-06-24 20:33:00,3.25,3.25,3.248,3.25,3.255,3.255,3.253,3.255,12
2026-06-24 20:34:00,3.251,3.254,3.251,3.2535,3.256,3.259,3.256,3.2585,14
2026-06-24 20:35:00,3.254,3.254,3.251,3.251,3.259,3.259,3.256,3.256,14
2026-06-24 20:36:00,3.2515,3.252,3.246,3.2475,3.2565,3.257,3.251,3.2525,23
2026-06-24 20:37:00,3.248,3.25,3.247,3.2495,3.253,3.255,3.252,3.2545,20
2026-06-24 20:38:00,3.25,3.251,3.248,3.25,3.255,3.256,3.253,3.255,17
2026-06-24 20:39:00,3.249,3.249,3.247,3.2475,3.254,3.254,3.252,3.2525,22
2026-06-24 20:40:00,3.247,3.249,3.245,3.2485,3.252,3.254,3.25,3.2535,25
2026-06-24 20:41:00,3.249,3.251,3.249,3.25,3.254,3.256,3.254,3.255,5
2026-06-24 20:42:00,3.2505,3.2505,3.2475,3.2475,3.2555,3.2555,3.2525,3.2525,8
2026-06-24 20:43:00,3.247,3.248,3.247,3.247,3.252,3.253,3.252,3.252,7
2026-06-24 20:44:00,3.2475,3.25,3.2475,3.2485,3.2525,3.255,3.2525,3.2535,20
2026-06-24 20:45:00,3.249,3.25,3.2485,3.249,3.254,3.255,3.2535,3.254,5
2026-06-24 20:46:00,3.2495,3.25,3.249,3.249,3.2545,3.255,3.254,3.254,27
2026-06-24 20:47:00,3.2495,3.25,3.246,3.246,3.2545,3.255,3.251,3.251,13
2026-06-24 20:48:00,3.247,3.25,3.247,3.2495,3.252,3.255,3.252,3.2545,10
2026-06-24 20:49:00,3.25,3.25,3.248,3.248,3.255,3.255,3.253,3.253,13
2026-06-24 20:50:00,3.249,3.249,3.245,3.246,3.254,3.254,3.25,3.251,15
2026-06-24 20:51:00,3.244,3.244,3.241,3.242,3.249,3.249,3.246,3.247,22
2026-06-24 20:52:00,3.243,3.243,3.241,3.242,3.248,3.248,3.246,3.247,9
2026-06-24 20:53:00,3.2415,3.244,3.2415,3.244,3.2465,3.249,3.2465,3.249,9
2026-06-24 20:55:00,3.2455,3.2455,3.244,3.245,3.2505,3.2505,3.249,3.25,5
2026-06-24 20:56:00,3.2455,3.247,3.244,3.247,3.2505,3.252,3.249,3.252,21
2026-06-24 20:57:00,3.2475,3.248,3.247,3.2475,3.2525,3.253,3.252,3.2525,11
2026-06-24 20:58:00,3.247,3.248,3.247,3.248,3.252,3.253,3.252,3.253,3
2026-06-24 20:59:00,3.249,3.249,3.248,3.249,3.254,3.254,3.253,3.254,10
2026-06-24 21:00:00,3.248,3.25,3.248,3.25,3.253,3.255,3.253,3.255,4
2026-06-24 21:01:00,3.249,3.25,3.248,3.25,3.254,3.255,3.253,3.255,11
2026-06-24 21:02:00,3.2495,3.2495,3.249,3.249,3.2545,3.2545,3.254,3.254,2
2026-06-24 21:03:00,3.2495,3.25,3.249,3.249,3.2545,3.255,3.254,3.254,7
2026-06-24 21:04:00,3.25,3.25,3.249,3.249,3.255,3.255,3.254,3.254,3
2026-06-24 21:05:00,3.2495,3.2505,3.2495,3.2505,3.2545,3.2555,3.2545,3.2555,5
2026-06-24 21:06:00,3.251,3.251,3.249,3.249,3.256,3.256,3.254,3.254,5
2026-06-24 21:07:00,3.248,3.248,3.247,3.247,3.253,3.253,3.252,3.252,6
2026-06-24 21:08:00,3.248,3.2485,3.247,3.248,3.253,3.2535,3.252,3.253,7
2026-06-24 21:09:00,3.2475,3.2505,3.2475,3.2505,3.2525,3.2555,3.2525,3.2555,12
2026-06-24 21:10:00,3.251,3.254,3.251,3.253,3.256,3.259,3.256,3.258,33
2026-06-24 21:11:00,3.2535,3.257,3.253,3.257,3.2585,3.262,3.258,3.262,26
2026-06-24 21:12:00,3.258,3.2605,3.258,3.258,3.263,3.2655,3.263,3.263,12
2026-06-24 21:13:00,3.259,3.259,3.256,3.2565,3.264,3.264,3.261,3.2615,13
2026-06-24 21:14:00,3.257,3.259,3.257,3.259,3.262,3.264,3.262,3.264,3
2026-06-24 21:15:00,3.26,3.261,3.259,3.259,3.265,3.266,3.264,3.264,10
2026-06-24 21:16:00,3.26,3.26,3.259,3.259,3.265,3.265,3.264,3.264,4
2026-06-24 21:17:00,3.2595,3.26,3.257,3.258,3.2645,3.265,3.262,3.263,13
2026-06-24 21:18:00,3.259,3.26,3.259,3.26,3.264,3.265,3.264,3.265,2
2026-06-24 21:19:00,3.2605,3.262,3.2605,3.261,3.2655,3.267,3.2655,3.266,4
2026-06-24 21:20:00,3.2615,3.262,3.261,3.262,3.2665,3.267,3.266,3.267,18
2026-06-24 21:21:00,3.2615,3.262,3.261,3.261,3.2665,3.267,3.266,3.266,8
2026-06-24 21:22:00,3.262,3.262,3.262,3.262,3.267,3.267,3.267,3.267,1
2026-06-24 21:23:00,3.263,3.263,3.261,3.262,3.268,3.268,3.266,3.267,10
2026-06-24 21:24:00,3.261,3.261,3.258,3.258,3.266,3.266,3.263,3.263,15
2026-06-24 21:25:00,3.259,3.259,3.257,3.257,3.264,3.264,3.262,3.262,10
2026-06-24 21:26:00,3.258,3.259,3.258,3.258,3.263,3.264,3.263,3.263,6
2026-06-24 21:27:00,3.2585,3.2585,3.257,3.258,3.2635,3.2635,3.262,3.263,7
2026-06-24 21:28:00,3.257,3.258,3.256,3.256,3.262,3.263,3.261,3.261,4
2026-06-24 21:29:00,3.2555,3.257,3.255,3.256,3.2605,3.262,3.26,3.261,8
2026-06-24 21:31:00,3.253,3.253,3.2525,3.253,3.258,3.258,3.2575,3.258,3
2026-06-24 21:32:00,3.252,3.252,3.252,3.252,3.257,3.257,3.257,3.257,1
2026-06-24 21:34:00,3.251,3.252,3.251,3.252,3.256,3.257,3.256,3.257,2
2026-06-24 21:36:00,3.253,3.255,3.253,3.254,3.258,3.26,3.258,3.259,7
2026-06-24 21:37:00,3.2545,3.2565,3.2545,3.256,3.2595,3.2615,3.2595,3.261,11
2026-06-24 21:38:00,3.255,3.256,3.255,3.256,3.26,3.261,3.26,3.261,2
2026-06-24 21:39:00,3.255,3.256,3.255,3.256,3.26,3.261,3.26,3.261,4
2026-06-24 21:41:00,3.255,3.255,3.255,3.255,3.26,3.26,3.26,3.26,1
2026-06-24 21:42:00,3.2545,3.255,3.254,3.255,3.2595,3.26,3.259,3.26,5
2026-06-24 21:43:00,3.2545,3.255,3.254,3.254,3.2595,3.26,3.259,3.259,5
2026-06-24 21:44:00,3.255,3.255,3.254,3.255,3.26,3.26,3.259,3.26,3
2026-06-24 21:45:00,3.256,3.256,3.255,3.256,3.261,3.261,3.26,3.261,4
2026-06-24 21:46:00,3.257,3.257,3.254,3.254,3.262,3.262,3.259,3.259,8
2026-06-24 21:50:00,3.253,3.255,3.253,3.254,3.258,3.26,3.258,3.259,16
2026-06-24 21:51:00,3.255,3.256,3.255,3.2555,3.26,3.261,3.26,3.2605,7
2026-06-24 21:52:00,3.256,3.257,3.256,3.256,3.261,3.262,3.261,3.261,3
2026-06-24 21:53:00,3.257,3.257,3.2565,3.257,3.262,3.262,3.2615,3.262,3
2026-06-24 21:54:00,3.256,3.256,3.256,3.256,3.261,3.261,3.261,3.261,1
2026-06-24 21:55:00,3.2565,3.2565,3.255,3.255,3.2615,3.2615,3.26,3.26,6
2026-06-24 21:56:00,3.2555,3.258,3.2555,3.258,3.2605,3.263,3.2605,3.263,13
2026-06-24 21:57:00,3.259,3.259,3.256,3.2575,3.264,3.264,3.261,3.2625,23
2026-06-24 21:58:00,3.258,3.258,3.257,3.258,3.263,3.263,3.262,3.263,4
2026-06-24 21:59:00,3.2575,3.258,3.257,3.257,3.2625,3.263,3.262,3.262,13
2026-06-24 22:00:00,3.2565,3.257,3.256,3.256,3.2615,3.262,3.261,3.261,30
2026-06-24 22:01:00,3.2565,3.2565,3.255,3.255,3.2615,3.2615,3.26,3.26,4
2026-06-24 22:02:00,3.254,3.2545,3.254,3.2545,3.259,3.2595,3.259,3.2595,2
2026-06-24 22:03:00,3.255,3.255,3.254,3.254,3.26,3.26,3.259,3.259,3
2026-06-24 22:04:00,3.253,3.255,3.253,3.255,3.258,3.26,3.258,3.26,3
2026-06-24 22:05:00,3.254,3.254,3.254,3.254,3.259,3.259,3.259,3.259,1
2026-06-24 22:06:00,3.2545,3.255,3.254,3.2545,3.2595,3.26,3.259,3.2595,5
2026-06-24 22:07:00,3.254,3.254,3.253,3.253,3.259,3.259,3.258,3.258,6
2026-06-24 22:08:00,3.254,3.258,3.254,3.258,3.259,3.263,3.259,3.263,8
2026-06-24 22:09:00,3.2575,3.258,3.256,3.256,3.2625,3.263,3.261,3.261,21
2026-06-24 22:10:00,3.2565,3.2565,3.2535,3.2545,3.2615,3.2615,3.2585,3.2595,11
2026-06-24 22:11:00,3.255,3.255,3.254,3.2545,3.26,3.26,3.259,3.2595,8
2026-06-24 22:12:00,3.254,3.255,3.252,3.252,3.259,3.26,3.257,3.257,20
2026-06-24 22:13:00,3.2515,3.252,3.251,3.2515,3.2565,3.257,3.256,3.2565,12
2026-06-24 22:14:00,3.252,3.252,3.2515,3.252,3.257,3.257,3.2565,3.257,3
2026-06-24 22:15:00,3.2515,3.2515,3.251,3.2515,3.2565,3.2565,3.256,3.2565,3
2026-06-24 22:16:00,3.252,3.254,3.252,3.253,3.257,3.259,3.257,3.258,5
2026-06-24 22:17:00,3.254,3.254,3.2535,3.254,3.259,3.259,3.2585,3.259,3
2026-06-24 22:18:00,3.2535,3.256,3.2535,3.256,3.2585,3.261,3.2585,3.261,4
2026-06-24 22:19:00,3.255,3.255,3.255,3.255,3.26,3.26,3.26,3.26,1
2026-06-24 22:20:00,3.2545,3.255,3.253,3.254,3.2595,3.26,3.258,3.259,13
2026-06-24 22:21:00,3.2535,3.254,3.2535,3.254,3.2585,3.259,3.2585,3.259,2
2026-06-24 22:22:00,3.2535,3.2535,3.253,3.2535,3.2585,3.2585,3.258,3.2585,3
2026-06-24 22:23:00,3.254,3.254,3.253,3.253,3.259,3.259,3.258,3.258,4
2026-06-24 22:24:00,3.254,3.254,3.254,3.254,3.259,3.259,3.259,3.259,1
2026-06-24 22:25:00,3.2535,3.2535,3.252,3.252,3.2585,3.2585,3.257,3.257,5
2026-06-24 22:26:00,3.253,3.253,3.253,3.253,3.258,3.258,3.258,3.258,1
2026-06-24 22:27:00,3.2525,3.2525,3.252,3.252,3.2575,3.2575,3.257,3.257,2
2026-06-24 22:38:00,3.251,3.251,3.251,3.251,3.256,3.256,3.256,3.256,1
2026-06-24 22:41:00,3.252,3.252,3.25,3.25,3.257,3.257,3.255,3.255,3
2026-06-24 22:45:00,3.249,3.25,3.249,3.2495,3.254,3.255,3.254,3.2545,5
2026-06-24 22:46:00,3.25,3.25,3.249,3.2495,3.255,3.255,3.254,3.2545,8
2026-06-24 22:47:00,3.249,3.252,3.249,3.251,3.254,3.257,3.254,3.256,10
2026-06-24 22:50:00,3.252,3.252,3.251,3.251,3.257,3.257,3.256,3.256,22
2026-06-24 22:51:00,3.252,3.252,3.252,3.252,3.257,3.257,3.257,3.257,1
2026-06-24 22:52:00,3.2535,3.254,3.2535,3.2535,3.2585,3.259,3.2585,3.2585,3
2026-06-24 22:53:00,3.253,3.254,3.253,3.254,3.258,3.259,3.258,3.259,4
2026-06-24 22:54:00,3.255,3.255,3.254,3.254,3.26,3.26,3.259,3.259,5
2026-06-24 22:55:00,3.2545,3.257,3.2545,3.2565,3.2595,3.262,3.2595,3.2615,4
2026-06-24 22:56:00,3.257,3.257,3.256,3.256,3.262,3.262,3.261,3.261,7
2026-06-24 22:57:00,3.2565,3.2565,3.256,3.2565,3.2615,3.2615,3.261,3.2615,7
2026-06-24 22:58:00,3.256,3.257,3.256,3.257,3.261,3.262,3.261,3.262,5
2026-06-24 22:59:00,3.2565,3.2565,3.254,3.2565,3.2615,3.2615,3.2575,3.2575,12
2026-06-25 00:00:00,3.255,3.2595,3.252,3.252,3.26,3.2645,3.257,3.257,14
2026-06-25 00:01:00,3.2515,3.2515,3.2485,3.25,3.2565,3.2565,3.2535,3.255,6
2026-06-25 00:02:00,3.2505,3.2505,3.248,3.2485,3.2555,3.2555,3.253,3.2535,7
2026-06-25 00:03:00,3.248,3.248,3.2475,3.2475,3.253,3.253,3.2525,3.2525,2
2026-06-25 00:04:00,3.2485,3.249,3.2485,3.249,3.2535,3.254,3.2535,3.254,2
2026-06-25 00:05:00,3.25,3.2515,3.25,3.2505,3.255,3.2565,3.255,3.2555,3
2026-06-25 00:06:00,3.2495,3.2495,3.2485,3.2485,3.2545,3.2545,3.2535,3.2535,2
2026-06-25 00:07:00,3.2495,3.252,3.2495,3.2495,3.2545,3.257,3.2545,3.2545,3
2026-06-25 00:08:00,3.2505,3.2515,3.2505,3.2505,3.2555,3.2565,3.2555,3.2555,13
2026-06-25 00:09:00,3.2525,3.2525,3.248,3.248,3.2575,3.2575,3.253,3.253,4
2026-06-25 00:10:00,3.249,3.25,3.249,3.2495,3.254,3.255,3.254,3.2545,3
2026-06-25 00:11:00,3.25,3.25,3.2495,3.2495,3.255,3.255,3.2545,3.2545,2
2026-06-25 00:12:00,3.2475,3.249,3.2475,3.249,3.2525,3.254,3.2525,3.254,3
2026-06-25 00:13:00,3.2485,3.2515,3.2485,3.2515,3.2535,3.2565,3.2535,3.2565,5
2026-06-25 00:14:00,3.2535,3.2535,3.2515,3.252,3.2585,3.2585,3.2565,3.257,5
2026-06-25 00:15:00,3.2525,3.253,3.2525,3.2525,3.2575,3.258,3.2575,3.2575,3
2026-06-25 00:16:00,3.253,3.253,3.2515,3.2515,3.258,3.258,3.2565,3.2565,4
2026-06-25 00:18:00,3.251,3.251,3.251,3.251,3.256,3.256,3.256,3.256,1
2026-06-25 00:19:00,3.2505,3.251,3.2505,3.251,3.2555,3.256,3.2555,3.256,2
2026-06-25 00:20:00,3.2505,3.2505,3.25,3.25,3.2555,3.2555,3.255,3.255,2
2026-06-25 00:23:00,3.2505,3.2505,3.2505,3.2505,3.2555,3.2555,3.2555,3.2555,1
2026-06-25 00:24:00,3.25,3.25,3.25,3.25,3.255,3.255,3.255,3.255,1
2026-06-25 00:26:00,3.2495,3.2505,3.2495,3.25,3.2545,3.2555,3.2545,3.255,3
2026-06-25 00:27:00,3.2495,3.2495,3.2485,3.2485,3.2545,3.2545,3.2535,3.2535,3
2026-06-25 00:28:00,3.249,3.249,3.249,3.249,3.254,3.254,3.254,3.254,1
2026-06-25 00:29:00,3.2485,3.2485,3.2485,3.2485,3.2535,3.2535,3.2535,3.2535,1
2026-06-25 00:30:00,3.2475,3.249,3.2475,3.249,3.2525,3.254,3.2525,3.254,3
2026-06-25 00:31:00,3.2485,3.249,3.2485,3.249,3.2535,3.254,3.2535,3.254,2
2026-06-25 00:36:00,3.2495,3.2515,3.2495,3.251,3.2545,3.2565,3.2545,3.256,5
2026-06-25 00:38:00,3.2505,3.251,3.2505,3.251,3.2555,3.256,3.2555,3.256,2
2026-06-25 00:39:00,3.2515,3.2515,3.25,3.25,3.2565,3.2565,3.255,3.255,3
2026-06-25 00:40:00,3.2505,3.2505,3.2505,3.2505,3.2555,3.2555,3.2555,3.2555,1
2026-06-25 00:44:00,3.25,3.25,3.25,3.25,3.255,3.255,3.255,3.255,1
2026-06-25 00:45:00,3.2505,3.2525,3.2505,3.2525,3.2555,3.2575,3.2555,3.2575,4
2026-06-25 00:46:00,3.252,3.252,3.252,3.252,3.257,3.257,3.257,3.257,1
2026-06-25 00:47:00,3.2535,3.2545,3.253,3.254,3.2585,3.2595,3.258,3.259,7
2026-06-25 00:48:00,3.2545,3.2545,3.2545,3.2545,3.2595,3.2595,3.2595,3.2595,1
2026-06-25 00:49:00,3.254,3.254,3.254,3.254,3.259,3.259,3.259,3.259,1
2026-06-25 00:50:00,3.2535,3.254,3.2535,3.254,3.2585,3.259,3.2585,3.259,2
2026-06-25 00:52:00,3.2535,3.2535,3.2535,3.2535,3.2585,3.2585,3.2585,3.2585,1
2026-06-25 00:55:00,3.2525,3.254,3.2525,3.2535,3.2575,3.259,3.2575,3.2585,3
2026-06-25 00:57:00,3.2525,3.2545,3.2525,3.2545,3.2575,3.2595,3.2575,3.2595,4
2026-06-25 00:58:00,3.254,3.254,3.254,3.254,3.259,3.259,3.259,3.259,1
2026-06-25 01:01:00,3.2535,3.2535,3.2535,3.2535,3.2585,3.2585,3.2585,3.2585,1
2026-06-25 01:03:00,3.2545,3.2555,3.2535,3.254,3.2595,3.2605,3.2585,3.259,5
2026-06-25 01:04:00,3.2545,3.2565,3.2545,3.2565,3.2595,3.2615,3.2595,3.2615,4
2026-06-25 01:06:00,3.2575,3.2575,3.2555,3.2565,3.2625,3.2625,3.2605,3.2615,6
2026-06-25 01:07:00,3.257,3.257,3.2565,3.2565,3.262,3.262,3.2615,3.2615,2
2026-06-25 01:08:00,3.257,3.257,3.257,3.257,3.262,3.262,3.262,3.262,1
2026-06-25 01:09:00,3.2565,3.2565,3.2565,3.2565,3.2615,3.2615,3.2615,3.2615,1
2026-06-25 01:10:00,3.2575,3.2575,3.2565,3.2565,3.2625,3.2625,3.2615,3.2615,3
2026-06-25 01:11:00,3.257,3.257,3.257,3.257,3.262,3.262,3.262,3.262,1
2026-06-25 01:13:00,3.2565,3.2575,3.2565,3.257,3.2615,3.2625,3.2615,3.262,4
2026-06-25 01:16:00,3.2575,3.2575,3.2575,3.2575,3.2625,3.2625,3.2625,3.2625,1
2026-06-25 01:17:00,3.2585,3.263,3.2585,3.2615,3.2635,3.268,3.2635,3.2665,15
2026-06-25 01:18:00,3.262,3.262,3.262,3.262,3.267,3.267,3.267,3.267,1
2026-06-25 01:19:00,3.2615,3.2615,3.2615,3.2615,3.2665,3.2665,3.2665,3.2665,1
2026-06-25 01:27:00,3.262,3.2625,3.2615,3.2625,3.267,3.2675,3.2665,3.2675,4
2026-06-25 01:28:00,3.2615,3.2615,3.2605,3.261,3.2665,3.2665,3.2655,3.266,3
2026-06-25 01:29:00,3.2615,3.2615,3.2615,3.2615,3.2665,3.2665,3.2665,3.2665,1
2026-06-25 01:31:00,3.262,3.2625,3.2615,3.2625,3.267,3.2675,3.2665,3.2675,5
2026-06-25 01:33:00,3.2615,3.2625,3.2615,3.262,3.2665,3.2675,3.2665,3.267,7
2026-06-25 01:35:00,3.2615,3.2615,3.2595,3.2595,3.2665,3.2665,3.2645,3.2645,3
2026-06-25 01:37:00,3.2585,3.2585,3.2585,3.2585,3.2635,3.2635,3.2635,3.2635,1
2026-06-25 01:39:00,3.2595,3.2595,3.2595,3.2595,3.2645,3.2645,3.2645,3.2645,1
2026-06-25 01:40:00,3.2585,3.259,3.2585,3.259,3.2635,3.264,3.2635,3.264,2
2026-06-25 01:43:00,3.2585,3.2585,3.2585,3.2585,3.2635,3.2635,3.2635,3.2635,1
2026-06-25 01:44:00,3.259,3.259,3.259,3.259,3.264,3.264,3.264,3.264,1
2026-06-25 01:45:00,3.2595,3.2595,3.2595,3.2595,3.2645,3.2645,3.2645,3.2645,1
2026-06-25 01:46:00,3.2605,3.261,3.2605,3.261,3.2655,3.266,3.2655,3.266,2
2026-06-25 01:47:00,3.2615,3.2615,3.261,3.261,3.2665,3.2665,3.266,3.266,2
2026-06-25 01:48:00,3.2605,3.2615,3.2605,3.2615,3.2655,3.2665,3.2655,3.2665,3
2026-06-25 01:50:00,3.261,3.261,3.261,3.261,3.266,3.266,3.266,3.266,1
2026-06-25 01:51:00,3.2605,3.2605,3.2585,3.2595,3.2655,3.2655,3.2635,3.2645,5
2026-06-25 01:52:00,3.259,3.2595,3.2575,3.2585,3.264,3.2645,3.2625,3.2635,8
2026-06-25 01:53:00,3.259,3.2595,3.2585,3.2585,3.264,3.2645,3.2635,3.2635,4
2026-06-25 01:54:00,3.259,3.259,3.259,3.259,3.264,3.264,3.264,3.264,1
2026-06-25 01:56:00,3.2585,3.2595,3.2575,3.259,3.2635,3.2645,3.2625,3.264,12
2026-06-25 01:57:00,3.2585,3.2585,3.258,3.258,3.2635,3.2635,3.263,3.263,2
2026-06-25 01:58:00,3.2595,3.2605,3.2595,3.2595,3.2645,3.2655,3.2645,3.2645,3
2026-06-25 01:59:00,3.26,3.2625,3.2595,3.26,3.265,3.2675,3.2645,3.265,11
2026-06-25 02:00:00,3.2605,3.2645,3.2605,3.263,3.2655,3.2695,3.2655,3.268,9
2026-06-25 02:01:00,3.2625,3.2625,3.261,3.261,3.2675,3.2675,3.266,3.266,5
2026-06-25 02:02:00,3.2615,3.262,3.261,3.2615,3.2665,3.267,3.266,3.2665,5
2026-06-25 02:05:00,3.2605,3.2615,3.2605,3.2615,3.2655,3.2665,3.2655,3.2665,2
2026-06-25 02:06:00,3.261,3.2615,3.256,3.2585,3.266,3.2665,3.261,3.2635,17
2026-06-25 02:07:00,3.258,3.2605,3.2575,3.2605,3.263,3.2655,3.2625,3.2655,7
2026-06-25 02:08:00,3.26,3.2615,3.26,3.2605,3.265,3.2665,3.265,3.2655,4
2026-06-25 02:09:00,3.2615,3.2625,3.2615,3.262,3.2665,3.2675,3.2665,3.267,6
2026-06-25 02:11:00,3.2615,3.2615,3.261,3.261,3.2665,3.2665,3.266,3.266,2
2026-06-25 02:13:00,3.2615,3.2625,3.2615,3.2625,3.2665,3.2675,3.2665,3.2675,2
2026-06-25 02:14:00,3.2635,3.2655,3.262,3.2655,3.2685,3.2705,3.267,3.2705,10
2026-06-25 02:15:00,3.2665,3.267,3.2655,3.2665,3.2715,3.272,3.2705,3.2715,11
2026-06-25 02:17:00,3.267,3.267,3.2665,3.2665,3.272,3.272,3.2715,3.2715,2
2026-06-25 02:18:00,3.266,3.266,3.2655,3.2655,3.271,3.271,3.2705,3.2705,2
2026-06-25 02:19:00,3.266,3.2665,3.266,3.2665,3.271,3.2715,3.271,3.2715,2
2026-06-25 02:20:00,3.266,3.267,3.2645,3.2665,3.271,3.272,3.2695,3.2715,8
2026-06-25 02:21:00,3.267,3.2675,3.2665,3.267,3.272,3.2725,3.2715,3.272,7
2026-06-25 02:22:00,3.2665,3.267,3.2665,3.267,3.2715,3.272,3.2715,3.272,2
2026-06-25 02:23:00,3.2665,3.2665,3.2645,3.266,3.2715,3.2715,3.2695,3.271,8
2026-06-25 02:24:00,3.2655,3.2655,3.2655,3.2655,3.2705,3.2705,3.2705,3.2705,1
2026-06-25 02:25:00,3.266,3.2665,3.266,3.2665,3.271,3.2715,3.271,3.2715,2
2026-06-25 02:28:00,3.2675,3.2675,3.2675,3.2675,3.2725,3.2725,3.2725,3.2725,1
2026-06-25 02:29:00,3.267,3.267,3.2665,3.2665,3.272,3.272,3.2715,3.2715,2
2026-06-25 02:30:00,3.2675,3.2675,3.2665,3.2665,3.2725,3.2725,3.2715,3.2715,4
2026-06-25 02:31:00,3.2675,3.2675,3.2665,3.2675,3.2725,3.2725,3.2715,3.2725,3
2026-06-25 02:32:00,3.268,3.268,3.2675,3.268,3.273,3.273,3.2725,3.273,3
2026-06-25 02:33:00,3.2675,3.2675,3.2675,3.2675,3.2725,3.2725,3.2725,3.2725,1
2026-06-25 02:36:00,3.2695,3.2725,3.2695,3.272,3.2745,3.2775,3.2745,3.277,5
2026-06-25 02:37:00,3.2705,3.2725,3.2705,3.2705,3.2755,3.2775,3.2755,3.2755,7
2026-06-25 02:38:00,3.2715,3.2715,3.2705,3.2705,3.2765,3.2765,3.2755,3.2755,3
2026-06-25 02:39:00,3.271,3.271,3.271,3.271,3.276,3.276,3.276,3.276,1
2026-06-25 02:42:00,3.2715,3.2735,3.2715,3.2735,3.2765,3.2785,3.2765,3.2785,7
2026-06-25 02:44:00,3.274,3.2775,3.274,3.2755,3.279,3.2825,3.279,3.2805,12
2026-06-25 02:45:00,3.276,3.276,3.275,3.275,3.281,3.281,3.28,3.28,7
2026-06-25 02:46:00,3.2765,3.279,3.2765,3.2785,3.2815,3.284,3.2815,3.2835,5
2026-06-25 02:47:00,3.2775,3.278,3.2775,3.278,3.2825,3.283,3.2825,3.283,4
2026-06-25 02:48:00,3.279,3.28,3.277,3.2785,3.284,3.285,3.282,3.2835,11
2026-06-25 02:49:00,3.278,3.278,3.2755,3.2755,3.283,3.283,3.2805,3.2805,5
2026-06-25 02:50:00,3.276,3.276,3.2755,3.2755,3.281,3.281,3.2805,3.2805,4
2026-06-25 02:51:00,3.276,3.276,3.2755,3.276,3.281,3.281,3.2805,3.281,3
2026-06-25 02:53:00,3.2765,3.277,3.2765,3.2765,3.2815,3.282,3.2815,3.2815,3
2026-06-25 02:54:00,3.276,3.276,3.2755,3.2755,3.281,3.281,3.2805,3.2805,2
2026-06-25 02:55:00,3.276,3.2765,3.276,3.276,3.281,3.2815,3.281,3.281,3
2026-06-25 02:56:00,3.2755,3.276,3.2755,3.276,3.2805,3.281,3.2805,3.281,2
2026-06-25 02:57:00,3.2765,3.277,3.2765,3.277,3.2815,3.282,3.2815,3.282,2
2026-06-25 02:59:00,3.2775,3.278,3.2775,3.2775,3.2825,3.283,3.2825,3.2825,3
2026-06-25 03:00:00,3.278,3.2795,3.2765,3.2795,3.283,3.2845,3.2815,3.2845,18
2026-06-25 03:01:00,3.279,3.279,3.2775,3.2785,3.284,3.284,3.2825,3.2835,12
2026-06-25 03:02:00,3.2795,3.2805,3.2795,3.28,3.2845,3.2855,3.2845,3.285,5
2026-06-25 03:03:00,3.2795,3.2805,3.2795,3.2805,3.2845,3.2855,3.2845,3.2855,3
2026-06-25 03:04:00,3.2795,3.281,3.2795,3.281,3.2845,3.286,3.2845,3.286,10
2026-06-25 03:05:00,3.2815,3.282,3.281,3.281,3.2865,3.287,3.286,3.286,12
2026-06-25 03:06:00,3.2805,3.2815,3.2805,3.2805,3.2855,3.2865,3.2855,3.2855,5
2026-06-25 03:07:00,3.2795,3.2805,3.2775,3.2795,3.2845,3.2855,3.2825,3.2845,11
2026-06-25 03:08:00,3.279,3.2795,3.278,3.2795,3.284,3.2845,3.283,3.2845,6
2026-06-25 03:09:00,3.279,3.279,3.279,3.279,3.284,3.284,3.284,3.284,1
2026-06-25 03:10:00,3.2785,3.2825,3.2785,3.2815,3.2835,3.2875,3.2835,3.2865,8
2026-06-25 03:11:00,3.2805,3.2805,3.2785,3.2805,3.2855,3.2855,3.2835,3.2855,10
2026-06-25 03:12:00,3.2795,3.28,3.2795,3.28,3.2845,3.285,3.2845,3.285,2
2026-06-25 03:14:00,3.2795,3.2795,3.279,3.279,3.2845,3.2845,3.284,3.284,2
2026-06-25 03:15:00,3.2795,3.2795,3.279,3.279,3.2845,3.2845,3.284,3.284,2
2026-06-25 03:16:00,3.2785,3.2785,3.2785,3.2785,3.2835,3.2835,3.2835,3.2835,1
2026-06-25 03:17:00,3.279,3.279,3.2775,3.278,3.284,3.284,3.2825,3.283,7
2026-06-25 03:18:00,3.2775,3.279,3.2775,3.2785,3.2825,3.284,3.2825,3.2835,4
2026-06-25 03:19:00,3.278,3.278,3.2775,3.2775,3.283,3.283,3.2825,3.2825,4
2026-06-25 03:20:00,3.2785,3.2795,3.2785,3.2795,3.2835,3.2845,3.2835,3.2845,2
2026-06-25 03:21:00,3.279,3.279,3.2785,3.2785,3.284,3.284,3.2835,3.2835,2
2026-06-25 03:22:00,3.279,3.2805,3.279,3.2805,3.284,3.2855,3.284,3.2855,8
2026-06-25 03:24:00,3.28,3.2805,3.28,3.28,3.285,3.2855,3.285,3.285,3
2026-06-25 03:25:00,3.2795,3.2795,3.2775,3.278,3.2845,3.2845,3.2825,3.283,5
2026-06-25 03:26:00,3.2775,3.2775,3.2775,3.2775,3.2825,3.2825,3.2825,3.2825,1
2026-06-25 03:27:00,3.277,3.277,3.276,3.2765,3.282,3.282,3.281,3.2815,4
2026-06-25 03:28:00,3.276,3.277,3.276,3.277,3.281,3.282,3.281,3.282,2
2026-06-25 03:29:00,3.2765,3.2765,3.2765,3.2765,3.2815,3.2815,3.2815,3.2815,1
2026-06-25 03:30:00,3.276,3.2765,3.276,3.276,3.281,3.2815,3.281,3.281,3
2026-06-25 03:31:00,3.2765,3.2765,3.2765,3.2765,3.2815,3.2815,3.2815,3.2815,1
2026-06-25 03:32:00,3.276,3.276,3.276,3.276,3.281,3.281,3.281,3.281,1
2026-06-25 03:33:00,3.2755,3.2755,3.275,3.275,3.2805,3.2805,3.28,3.28,2
2026-06-25 03:34:00,3.2745,3.275,3.2745,3.275,3.2795,3.28,3.2795,3.28,2
2026-06-25 03:40:00,3.2755,3.276,3.2755,3.2755,3.2805,3.281,3.2805,3.2805,7
2026-06-25 03:41:00,3.276,3.2765,3.2755,3.2765,3.281,3.2815,3.2805,3.2815,6
2026-06-25 03:42:00,3.276,3.277,3.276,3.276,3.281,3.282,3.281,3.281,5
2026-06-25 03:44:00,3.2765,3.2775,3.2765,3.2775,3.2815,3.2825,3.2815,3.2825,2
2026-06-25 03:46:00,3.2785,3.2795,3.2785,3.2795,3.2835,3.2845,3.2835,3.2845,5
2026-06-25 03:47:00,3.28,3.2805,3.28,3.28,3.285,3.2855,3.285,3.285,5
2026-06-25 03:48:00,3.2795,3.2795,3.2795,3.2795,3.2845,3.2845,3.2845,3.2845,1
2026-06-25 03:50:00,3.2785,3.2785,3.2765,3.277,3.2835,3.2835,3.2815,3.282,7
2026-06-25 03:51:00,3.2775,3.2775,3.2775,3.2775,3.2825,3.2825,3.2825,3.2825,1
2026-06-25 03:52:00,3.277,3.2775,3.277,3.277,3.282,3.2825,3.282,3.282,3
2026-06-25 03:53:00,3.2775,3.278,3.277,3.277,3.2825,3.283,3.282,3.282,4
2026-06-25 03:54:00,3.2775,3.2775,3.2775,3.2775,3.2825,3.2825,3.2825,3.2825,1
2026-06-25 03:55:00,3.2765,3.277,3.275,3.2765,3.2815,3.282,3.28,3.2815,10
2026-06-25 03:57:00,3.277,3.277,3.277,3.277,3.282,3.282,3.282,3.282,1
2026-06-25 03:58:00,3.2775,3.279,3.2775,3.279,3.2825,3.284,3.2825,3.284,5
2026-06-25 03:59:00,3.2795,3.2805,3.2795,3.28,3.2845,3.2855,3.2845,3.285,4
2026-06-25 04:01:00,3.2805,3.2805,3.2795,3.2795,3.2855,3.2855,3.2845,3.2845,4
2026-06-25 04:03:00,3.2785,3.2785,3.2785,3.2785,3.2835,3.2835,3.2835,3.2835,1
2026-06-25 04:05:00,3.278,3.278,3.278,3.278,3.283,3.283,3.283,3.283,1
2026-06-25 04:06:00,3.2785,3.2795,3.278,3.279,3.2835,3.2845,3.283,3.284,5
2026-06-25 04:07:00,3.2795,3.2795,3.2795,3.2795,3.2845,3.2845,3.2845,3.2845,1
2026-06-25 04:09:00,3.2805,3.2805,3.28,3.28,3.2855,3.2855,3.285,3.285,2
2026-06-25 04:10:00,3.2805,3.2805,3.2805,3.2805,3.2855,3.2855,3.2855,3.2855,1
2026-06-25 04:11:00,3.2795,3.2795,3.2785,3.2785,3.2845,3.2845,3.2835,3.2835,3
2026-06-25 04:12:00,3.279,3.279,3.2785,3.2785,3.284,3.284,3.2835,3.2835,2
2026-06-25 04:13:00,3.279,3.2795,3.279,3.279,3.284,3.2845,3.284,3.284,3
2026-06-25 04:15:00,3.2805,3.2805,3.2805,3.2805,3.2855,3.2855,3.2855,3.2855,1
2026-06-25 04:17:00,3.28,3.2805,3.28,3.28,3.285,3.2855,3.285,3.285,9
2026-06-25 04:19:00,3.2805,3.2805,3.2805,3.2805,3.2855,3.2855,3.2855,3.2855,1
2026-06-25 04:20:00,3.28,3.28,3.2785,3.279,3.285,3.285,3.2835,3.284,5
2026-06-25 04:23:00,3.2785,3.2785,3.2785,3.2785,3.2835,3.2835,3.2835,3.2835,1
2026-06-25 04:25:00,3.278,3.278,3.2775,3.2775,3.283,3.283,3.2825,3.2825,2
2026-06-25 04:28:00,3.278,3.278,3.278,3.278,3.283,3.283,3.283,3.283,1
2026-06-25 04:29:00,3.2785,3.2795,3.2785,3.2795,3.2835,3.2845,3.2835,3.2845,3
2026-06-25 04:30:00,3.2785,3.281,3.2785,3.281,3.2835,3.286,3.2835,3.286,5
2026-06-25 04:33:00,3.2805,3.2805,3.2805,3.2805,3.2855,3.2855,3.2855,3.2855,1
2026-06-25 04:35:00,3.2815,3.2815,3.2805,3.2805,3.2865,3.2865,3.2855,3.2855,4
2026-06-25 04:36:00,3.281,3.281,3.2805,3.281,3.286,3.286,3.2855,3.286,3
2026-06-25 04:37:00,3.2815,3.2815,3.2815,3.2815,3.2865,3.2865,3.2865,3.2865,1
2026-06-25 04:38:00,3.281,3.2815,3.28,3.281,3.286,3.2865,3.285,3.286,16
2026-06-25 04:39:00,3.2815,3.2815,3.281,3.281,3.2865,3.2865,3.286,3.286,2
2026-06-25 04:40:00,3.2815,3.2815,3.281,3.281,3.2865,3.2865,3.286,3.286,2
2026-06-25 04:41:00,3.2805,3.281,3.2805,3.281,3.2855,3.286,3.2855,3.286,2
2026-06-25 04:42:00,3.2815,3.2815,3.281,3.281,3.2865,3.2865,3.286,3.286,2
2026-06-25 04:43:00,3.2815,3.2815,3.2805,3.2805,3.2865,3.2865,3.2855,3.2855,2
2026-06-25 04:44:00,3.281,3.2815,3.2805,3.2815,3.286,3.2865,3.2855,3.2865,4
2026-06-25 04:46:00,3.2805,3.281,3.2805,3.2805,3.2855,3.286,3.2855,3.2855,3
2026-06-25 04:47:00,3.2795,3.2805,3.2795,3.2805,3.2845,3.2855,3.2845,3.2855,3
2026-06-25 04:51:00,3.281,3.281,3.281,3.281,3.286,3.286,3.286,3.286,1
2026-06-25 04:53:00,3.2805,3.281,3.2805,3.2805,3.2855,3.286,3.2855,3.2855,3
2026-06-25 04:54:00,3.281,3.281,3.281,3.281,3.286,3.286,3.286,3.286,1
2026-06-25 04:57:00,3.2805,3.2805,3.2805,3.2805,3.2855,3.2855,3.2855,3.2855,1
2026-06-25 04:58:00,3.2795,3.2795,3.2795,3.2795,3.2845,3.2845,3.2845,3.2845,1
2026-06-25 04:59:00,3.28,3.28,3.2795,3.2795,3.285,3.285,3.2845,3.2845,2
2026-06-25 05:00:00,3.28,3.28,3.2795,3.2795,3.285,3.285,3.2845,3.2845,2
2026-06-25 05:01:00,3.28,3.281,3.2795,3.28,3.285,3.286,3.2845,3.285,10
2026-06-25 05:02:00,3.2795,3.28,3.2795,3.28,3.2845,3.285,3.2845,3.285,2
2026-06-25 05:03:00,3.2795,3.2795,3.279,3.279,3.2845,3.2845,3.284,3.284,2
2026-06-25 05:04:00,3.2785,3.2785,3.277,3.277,3.2835,3.2835,3.282,3.282,3
2026-06-25 05:05:00,3.2765,3.2765,3.2755,3.2755,3.2815,3.2815,3.2805,3.2805,4
2026-06-25 05:06:00,3.276,3.2765,3.2755,3.2765,3.281,3.2815,3.2805,3.2815,8
2026-06-25 05:08:00,3.2755,3.2755,3.2745,3.2745,3.2805,3.2805,3.2795,3.2795,2
2026-06-25 05:09:00,3.275,3.2755,3.275,3.2755,3.28,3.2805,3.28,3.2805,2
2026-06-25 05:12:00,3.275,3.275,3.2735,3.2735,3.28,3.28,3.2785,3.2785,3
2026-06-25 05:13:00,3.2745,3.2755,3.2745,3.2745,3.2795,3.2805,3.2795,3.2795,3
2026-06-25 05:14:00,3.275,3.275,3.2745,3.275,3.28,3.28,3.2795,3.28,3
2026-06-25 05:15:00,3.2765,3.2765,3.2755,3.2755,3.2815,3.2815,3.2805,3.2805,6
2026-06-25 05:16:00,3.276,3.276,3.276,3.276,3.281,3.281,3.281,3.281,1
2026-06-25 05:17:00,3.2765,3.2775,3.2765,3.2765,3.2815,3.2825,3.2815,3.2815,4
2026-06-25 05:19:00,3.276,3.2765,3.276,3.2765,3.281,3.2815,3.281,3.2815,4
2026-06-25 05:20:00,3.276,3.2765,3.276,3.2765,3.281,3.2815,3.281,3.2815,2
2026-06-25 05:25:00,3.277,3.2775,3.276,3.2775,3.282,3.2825,3.281,3.2825,9
2026-06-25 05:26:00,3.2765,3.278,3.2765,3.278,3.2815,3.283,3.2815,3.283,4
2026-06-25 05:27:00,3.2775,3.279,3.2775,3.279,3.2825,3.284,3.2825,3.284,6
2026-06-25 05:28:00,3.2785,3.279,3.2785,3.279,3.2835,3.284,3.2835,3.284,4
2026-06-25 05:29:00,3.2785,3.2785,3.277,3.277,3.2835,3.2835,3.282,3.282,3
2026-06-25 05:30:00,3.2765,3.2775,3.268,3.2685,3.2815,3.2825,3.273,3.2735,31
2026-06-25 05:31:00,3.269,3.272,3.268,3.2705,3.274,3.277,3.273,3.2755,38
2026-06-25 05:32:00,3.2695,3.27,3.2655,3.2655,3.2745,3.275,3.2705,3.2705,23
2026-06-25 05:33:00,3.2665,3.268,3.2645,3.2675,3.2715,3.273,3.2695,3.2725,17
2026-06-25 05:34:00,3.2685,3.2695,3.2675,3.2685,3.2735,3.2745,3.2725,3.2735,16
2026-06-25 05:35:00,3.268,3.269,3.2675,3.2685,3.273,3.274,3.2725,3.2735,14
2026-06-25 05:36:00,3.268,3.27,3.268,3.27,3.273,3.275,3.273,3.275,18
2026-06-25 05:37:00,3.2695,3.271,3.268,3.269,3.2745,3.276,3.273,3.274,19
2026-06-25 05:38:00,3.2685,3.2725,3.2685,3.272,3.2735,3.2775,3.2735,3.277,21
2026-06-25 05:39:00,3.2715,3.2725,3.27,3.271,3.2765,3.2775,3.275,3.276,12
2026-06-25 05:40:00,3.2715,3.273,3.2715,3.273,3.2765,3.278,3.2765,3.278,5
2026-06-25 05:41:00,3.2735,3.274,3.273,3.2735,3.2785,3.279,3.278,3.2785,7
2026-06-25 05:42:00,3.274,3.2775,3.2735,3.2765,3.279,3.2825,3.2785,3.2815,17
2026-06-25 05:43:00,3.277,3.2775,3.2765,3.277,3.282,3.2825,3.2815,3.282,10
2026-06-25 05:44:00,3.2765,3.2765,3.274,3.274,3.2815,3.2815,3.279,3.279,4
2026-06-25 05:45:00,3.2735,3.2745,3.273,3.2745,3.2785,3.2795,3.278,3.2795,5
2026-06-25 05:46:00,3.274,3.2745,3.274,3.2745,3.279,3.2795,3.279,3.2795,2
2026-06-25 05:47:00,3.2735,3.2735,3.272,3.272,3.2785,3.2785,3.277,3.277,4
2026-06-25 05:48:00,3.2715,3.2735,3.2715,3.2735,3.2765,3.2785,3.2765,3.2785,5
2026-06-25 05:49:00,3.274,3.274,3.274,3.274,3.279,3.279,3.279,3.279,1
2026-06-25 05:50:00,3.2745,3.275,3.2745,3.2745,3.2795,3.28,3.2795,3.2795,5
2026-06-25 05:51:00,3.2755,3.2755,3.2755,3.2755,3.2805,3.2805,3.2805,3.2805,1
2026-06-25 05:52:00,3.2745,3.2745,3.2735,3.2745,3.2795,3.2795,3.2785,3.2795,4
2026-06-25 05:53:00,3.2755,3.2755,3.2755,3.2755,3.2805,3.2805,3.2805,3.2805,1
2026-06-25 05:54:00,3.276,3.2765,3.2755,3.276,3.281,3.2815,3.2805,3.281,7
2026-06-25 05:55:00,3.2755,3.2755,3.2755,3.2755,3.2805,3.2805,3.2805,3.2805,1
2026-06-25 05:56:00,3.276,3.2765,3.2755,3.2755,3.281,3.2815,3.2805,3.2805,7
2026-06-25 05:57:00,3.276,3.276,3.2755,3.2755,3.281,3.281,3.2805,3.2805,2
2026-06-25 05:58:00,3.275,3.2755,3.2745,3.275,3.28,3.2805,3.2795,3.28,6
2026-06-25 05:59:00,3.2745,3.275,3.2745,3.2745,3.2795,3.28,3.2795,3.2795,3
2026-06-25 06:00:00,3.275,3.275,3.2745,3.2745,3.28,3.28,3.2795,3.2795,2
2026-06-25 06:01:00,3.274,3.274,3.2735,3.2735,3.279,3.279,3.2785,3.2785,2
2026-06-25 06:02:00,3.273,3.2745,3.273,3.274,3.278,3.2795,3.278,3.279,12
2026-06-25 06:03:00,3.2735,3.274,3.2735,3.274,3.2785,3.279,3.2785,3.279,2
2026-06-25 06:04:00,3.2745,3.2745,3.2745,3.2745,3.2795,3.2795,3.2795,3.2795,1
2026-06-25 06:06:00,3.275,3.275,3.2745,3.275,3.28,3.28,3.2795,3.28,3
2026-06-25 06:07:00,3.2745,3.275,3.2745,3.2745,3.2795,3.28,3.2795,3.2795,3
2026-06-25 06:08:00,3.275,3.275,3.2745,3.2745,3.28,3.28,3.2795,3.2795,2
2026-06-25 06:09:00,3.274,3.274,3.274,3.274,3.279,3.279,3.279,3.279,1
2026-06-25 06:10:00,3.2745,3.2745,3.2745,3.2745,3.2795,3.2795,3.2795,3.2795,1
2026-06-25 06:12:00,3.274,3.2745,3.2735,3.274,3.279,3.2795,3.2785,3.279,4
2026-06-25 06:13:00,3.2735,3.2735,3.2715,3.2715,3.2785,3.2785,3.2765,3.2765,11
2026-06-25 06:14:00,3.271,3.2715,3.271,3.2715,3.276,3.2765,3.276,3.2765,2
2026-06-25 06:15:00,3.272,3.2725,3.2695,3.272,3.277,3.2775,3.2745,3.277,8
2026-06-25 06:16:00,3.2715,3.2725,3.2715,3.2725,3.2765,3.2775,3.2765,3.2775,3
2026-06-25 06:17:00,3.2735,3.2745,3.2735,3.274,3.2785,3.2795,3.2785,3.279,3
2026-06-25 06:18:00,3.2745,3.2745,3.2745,3.2745,3.2795,3.2795,3.2795,3.2795,1
2026-06-25 06:20:00,3.2735,3.2735,3.2735,3.2735,3.2785,3.2785,3.2785,3.2785,1
2026-06-25 06:21:00,3.274,3.2745,3.274,3.2745,3.279,3.2795,3.279,3.2795,2
2026-06-25 06:22:00,3.2755,3.2755,3.2745,3.2745,3.2805,3.2805,3.2795,3.2795,3
2026-06-25 06:23:00,3.2735,3.275,3.2735,3.2745,3.2785,3.28,3.2785,3.2795,4
2026-06-25 06:24:00,3.275,3.275,3.275,3.275,3.28,3.28,3.28,3.28,1
2026-06-25 06:25:00,3.2745,3.275,3.2745,3.275,3.2795,3.28,3.2795,3.28,2
2026-06-25 06:26:00,3.2745,3.275,3.2745,3.2745,3.2795,3.28,3.2795,3.2795,7
2026-06-25 06:27:00,3.275,3.275,3.2745,3.275,3.28,3.28,3.2795,3.28,3
2026-06-25 06:28:00,3.2745,3.275,3.2745,3.2745,3.2795,3.28,3.2795,3.2795,3
2026-06-25 06:29:00,3.275,3.275,3.2745,3.2745,3.28,3.28,3.2795,3.2795,2
2026-06-25 06:30:00,3.275,3.275,3.2745,3.275,3.28,3.28,3.2795,3.28,3
2026-06-25 06:31:00,3.2755,3.277,3.2745,3.277,3.2805,3.282,3.2795,3.282,9
2026-06-25 06:32:00,3.2765,3.2775,3.2765,3.2775,3.2815,3.2825,3.2815,3.2825,5
2026-06-25 06:34:00,3.278,3.278,3.2775,3.278,3.283,3.283,3.2825,3.283,3
2026-06-25 06:35:00,3.2785,3.2795,3.2785,3.2785,3.2835,3.2845,3.2835,3.2835,6
2026-06-25 06:37:00,3.2775,3.2795,3.2775,3.279,3.2825,3.2845,3.2825,3.284,6
2026-06-25 06:38:00,3.2795,3.2795,3.2795,3.2795,3.2845,3.2845,3.2845,3.2845,1
2026-06-25 06:39:00,3.279,3.279,3.279,3.279,3.284,3.284,3.284,3.284,1
2026-06-25 06:40:00,3.2785,3.2785,3.2785,3.2785,3.2835,3.2835,3.2835,3.2835,1
2026-06-25 06:42:00,3.2795,3.2795,3.2785,3.2785,3.2845,3.2845,3.2835,3.2835,2
2026-06-25 06:44:00,3.279,3.2795,3.2785,3.2785,3.284,3.2845,3.2835,3.2835,4
2026-06-25 06:45:00,3.279,3.279,3.279,3.279,3.284,3.284,3.284,3.284,1
2026-06-25 06:46:00,3.2785,3.279,3.2785,3.279,3.2835,3.284,3.2835,3.284,2
2026-06-25 06:47:00,3.2785,3.2795,3.2785,3.2785,3.2835,3.2845,3.2835,3.2835,4
2026-06-25 06:48:00,3.279,3.279,3.2785,3.2785,3.284,3.284,3.2835,3.2835,4
2026-06-25 06:49:00,3.279,3.279,3.279,3.279,3.284,3.284,3.284,3.284,1
2026-06-25 06:50:00,3.2785,3.2785,3.2785,3.2785,3.2835,3.2835,3.2835,3.2835,1
2026-06-25 06:55:00,3.2795,3.2795,3.2765,3.2765,3.2845,3.2845,3.2815,3.2815,5
2026-06-25 06:56:00,3.277,3.2775,3.273,3.2745,3.282,3.2825,3.278,3.2795,34
2026-06-25 06:57:00,3.275,3.275,3.274,3.274,3.28,3.28,3.279,3.279,4
2026-06-25 06:58:00,3.275,3.275,3.2745,3.275,3.28,3.28,3.2795,3.28,3
2026-06-25 06:59:00,3.2745,3.275,3.2745,3.275,3.2795,3.28,3.2795,3.28,2
2026-06-25 07:00:00,3.2745,3.2745,3.2725,3.273,3.2795,3.2795,3.2775,3.278,5
2026-06-25 07:01:00,3.2725,3.2725,3.2725,3.2725,3.2775,3.2775,3.2775,3.2775,1
2026-06-25 07:02:00,3.273,3.2735,3.273,3.273,3.278,3.2785,3.278,3.278,3
2026-06-25 07:04:00,3.2725,3.273,3.2715,3.272,3.2775,3.278,3.2765,3.277,9
2026-06-25 07:05:00,3.2715,3.2715,3.2715,3.2715,3.2765,3.2765,3.2765,3.2765,1
2026-06-25 07:06:00,3.2725,3.2725,3.271,3.271,3.2775,3.2775,3.276,3.276,4
2026-06-25 07:07:00,3.2705,3.2705,3.2705,3.2705,3.2755,3.2755,3.2755,3.2755,1
2026-06-25 07:08:00,3.2715,3.2715,3.2705,3.271,3.2765,3.2765,3.2755,3.276,4
2026-06-25 07:09:00,3.2715,3.2715,3.2705,3.2705,3.2765,3.2765,3.2755,3.2755,3
2026-06-25 07:10:00,3.271,3.271,3.2685,3.2695,3.276,3.276,3.2735,3.2745,9
2026-06-25 07:11:00,3.269,3.2705,3.269,3.2705,3.274,3.2755,3.274,3.2755,3
2026-06-25 07:12:00,3.27,3.2705,3.27,3.2705,3.275,3.2755,3.275,3.2755,2
2026-06-25 07:16:00,3.27,3.27,3.2695,3.2695,3.275,3.275,3.2745,3.2745,2
2026-06-25 07:17:00,3.2685,3.269,3.2685,3.269,3.2735,3.274,3.2735,3.274,2
2026-06-25 07:18:00,3.27,3.2705,3.2695,3.27,3.275,3.2755,3.2745,3.275,7
2026-06-25 07:19:00,3.2695,3.27,3.2695,3.2695,3.2745,3.275,3.2745,3.2745,3
2026-06-25 07:20:00,3.27,3.27,3.2695,3.2695,3.275,3.275,3.2745,3.2745,2
2026-06-25 07:21:00,3.269,3.269,3.268,3.269,3.274,3.274,3.273,3.274,6
2026-06-25 07:22:00,3.2695,3.2695,3.2695,3.2695,3.2745,3.2745,3.2745,3.2745,1
2026-06-25 07:23:00,3.269,3.2695,3.269,3.2695,3.274,3.2745,3.274,3.2745,2
2026-06-25 07:24:00,3.2705,3.2705,3.27,3.27,3.2755,3.2755,3.275,3.275,4
2026-06-25 07:25:00,3.2695,3.2705,3.2695,3.27,3.2745,3.2755,3.2745,3.275,5
2026-06-25 07:26:00,3.2705,3.2705,3.2705,3.2705,3.2755,3.2755,3.2755,3.2755,1
2026-06-25 07:27:00,3.271,3.2715,3.2705,3.2715,3.276,3.2765,3.2755,3.2765,4
2026-06-25 07:28:00,3.2725,3.2725,3.2715,3.2715,3.2775,3.2775,3.2765,3.2765,2
2026-06-25 07:29:00,3.2725,3.2725,3.2715,3.272,3.2775,3.2775,3.2765,3.277,4
2026-06-25 07:30:00,3.2715,3.272,3.2715,3.272,3.2765,3.277,3.2765,3.277,6
2026-06-25 07:31:00,3.2715,3.2715,3.2715,3.2715,3.2765,3.2765,3.2765,3.2765,1
2026-06-25 07:32:00,3.271,3.271,3.2695,3.2695,3.276,3.276,3.2745,3.2745,4
2026-06-25 07:34:00,3.269,3.269,3.269,3.269,3.274,3.274,3.274,3.274,1
2026-06-25 07:35:00,3.2685,3.269,3.2685,3.2685,3.2735,3.274,3.2735,3.2735,3
2026-06-25 07:36:00,3.268,3.2685,3.268,3.2685,3.273,3.2735,3.273,3.2735,2
2026-06-25 07:39:00,3.269,3.2705,3.2685,3.2695,3.274,3.2755,3.2735,3.2745,6
2026-06-25 07:41:00,3.269,3.2705,3.2675,3.2705,3.274,3.2755,3.2725,3.2755,10
2026-06-25 07:42:00,3.271,3.2715,3.2705,3.2715,3.276,3.2765,3.2755,3.2765,4
2026-06-25 07:43:00,3.2705,3.2705,3.2705,3.2705,3.2755,3.2755,3.2755,3.2755,1
2026-06-25 07:45:00,3.2695,3.2705,3.2695,3.27,3.2745,3.2755,3.2745,3.275,8
2026-06-25 07:46:00,3.2705,3.2715,3.2705,3.2715,3.2755,3.2765,3.2755,3.2765,2
2026-06-25 07:47:00,3.271,3.271,3.2705,3.271,3.276,3.276,3.2755,3.276,3
2026-06-25 07:49:00,3.2705,3.2705,3.2705,3.2705,3.2755,3.2755,3.2755,3.2755,1
2026-06-25 07:51:00,3.27,3.27,3.2685,3.2685,3.275,3.275,3.2735,3.2735,3
2026-06-25 07:54:00,3.269,3.269,3.2685,3.269,3.274,3.274,3.2735,3.274,3
2026-06-25 07:55:00,3.2695,3.2705,3.2695,3.2705,3.2745,3.2755,3.2745,3.2755,3
2026-06-25 07:56:00,3.2695,3.2715,3.2695,3.2705,3.2745,3.2765,3.2745,3.2755,11
2026-06-25 07:57:00,3.271,3.271,3.271,3.271,3.276,3.276,3.276,3.276,1
2026-06-25 07:58:00,3.2715,3.2715,3.2705,3.2705,3.2765,3.2765,3.2755,3.2755,4
2026-06-25 07:59:00,3.271,3.2725,3.271,3.2725,3.276,3.2775,3.276,3.2775,6
2026-06-25 08:00:00,3.272,3.2725,3.2695,3.2695,3.277,3.2775,3.2745,3.2745,9
2026-06-25 08:01:00,3.27,3.2705,3.27,3.2705,3.275,3.2755,3.275,3.2755,4
2026-06-25 08:03:00,3.27,3.2705,3.2685,3.2695,3.275,3.2755,3.2735,3.2745,18
2026-06-25 08:05:00,3.2705,3.2705,3.2695,3.2695,3.2755,3.2755,3.2745,3.2745,7
2026-06-25 08:07:00,3.27,3.2705,3.2695,3.2705,3.275,3.2755,3.2745,3.2755,4
2026-06-25 08:08:00,3.2715,3.2745,3.2715,3.274,3.2765,3.2795,3.2765,3.279,19
2026-06-25 08:09:00,3.2735,3.2735,3.2735,3.2735,3.2785,3.2785,3.2785,3.2785,1
2026-06-25 08:10:00,3.2745,3.2755,3.274,3.2755,3.2795,3.2805,3.279,3.2805,4
2026-06-25 08:12:00,3.2745,3.2755,3.2745,3.2745,3.2795,3.2805,3.2795,3.2795,6
2026-06-25 08:13:00,3.275,3.2765,3.275,3.2755,3.28,3.2815,3.28,3.2805,9
2026-06-25 08:15:00,3.2765,3.277,3.2745,3.275,3.2815,3.282,3.2795,3.28,14
2026-06-25 08:16:00,3.2755,3.2755,3.275,3.275,3.2805,3.2805,3.28,3.28,2
2026-06-25 08:17:00,3.2745,3.2765,3.2745,3.276,3.2795,3.2815,3.2795,3.281,8
2026-06-25 08:18:00,3.2765,3.2765,3.2755,3.2765,3.2815,3.2815,3.2805,3.2815,4
2026-06-25 08:20:00,3.2755,3.2755,3.2755,3.2755,3.2805,3.2805,3.2805,3.2805,1
2026-06-25 08:22:00,3.275,3.275,3.2735,3.2735,3.28,3.28,3.2785,3.2785,4
2026-06-25 08:23:00,3.2725,3.2735,3.2715,3.2735,3.2775,3.2785,3.2765,3.2785,10
2026-06-25 08:24:00,3.273,3.2735,3.2725,3.273,3.278,3.2785,3.2775,3.278,8
2026-06-25 08:25:00,3.2725,3.2725,3.2715,3.272,3.2775,3.2775,3.2765,3.277,3
2026-06-25 08:26:00,3.2715,3.2745,3.2715,3.274,3.2765,3.2795,3.2765,3.279,7
2026-06-25 08:27:00,3.2735,3.2745,3.2735,3.2745,3.2785,3.2795,3.2785,3.2795,3
2026-06-25 08:28:00,3.2735,3.2745,3.2735,3.2745,3.2785,3.2795,3.2785,3.2795,4
2026-06-25 08:29:00,3.2735,3.2735,3.2725,3.2735,3.2785,3.2785,3.2775,3.2785,7
2026-06-25 08:30:00,3.2725,3.273,3.2725,3.2725,3.2775,3.278,3.2775,3.2775,3
2026-06-25 08:31:00,3.2735,3.2745,3.2735,3.2735,3.2785,3.2795,3.2785,3.2785,3
2026-06-25 08:32:00,3.2725,3.2725,3.271,3.271,3.2775,3.2775,3.276,3.276,3
2026-06-25 08:33:00,3.2705,3.271,3.2705,3.271,3.2755,3.276,3.2755,3.276,2
2026-06-25 08:34:00,3.2715,3.2715,3.2715,3.2715,3.2765,3.2765,3.2765,3.2765,1
2026-06-25 08:38:00,3.2705,3.271,3.2705,3.271,3.2755,3.276,3.2755,3.276,2
2026-06-25 08:39:00,3.2715,3.2785,3.2715,3.2775,3.2765,3.2835,3.2765,3.2825,16
2026-06-25 08:40:00,3.278,3.2785,3.2755,3.2755,3.283,3.2835,3.2805,3.2805,10
2026-06-25 08:41:00,3.2765,3.2765,3.2765,3.2765,3.2815,3.2815,3.2815,3.2815,1
2026-06-25 08:42:00,3.276,3.2765,3.2755,3.2765,3.281,3.2815,3.2805,3.2815,3
2026-06-25 08:43:00,3.2775,3.2775,3.2765,3.2775,3.2825,3.2825,3.2815,3.2825,3
2026-06-25 08:47:00,3.2765,3.2775,3.2765,3.2775,3.2815,3.2825,3.2815,3.2825,7
2026-06-25 08:49:00,3.2785,3.2785,3.2785,3.2785,3.2835,3.2835,3.2835,3.2835,1
2026-06-25 08:50:00,3.2795,3.2795,3.2765,3.2775,3.2845,3.2845,3.2815,3.2825,15
2026-06-25 08:51:00,3.277,3.2775,3.2765,3.2775,3.282,3.2825,3.2815,3.2825,4
2026-06-25 08:53:00,3.2765,3.2765,3.2765,3.2765,3.2815,3.2815,3.2815,3.2815,1
2026-06-25 08:54:00,3.277,3.277,3.276,3.276,3.282,3.282,3.281,3.281,3
2026-06-25 08:55:00,3.2765,3.2765,3.2755,3.276,3.2815,3.2815,3.2805,3.281,3
2026-06-25 08:56:00,3.2755,3.276,3.2755,3.276,3.2805,3.281,3.2805,3.281,4
2026-06-25 08:57:00,3.2765,3.2765,3.276,3.276,3.2815,3.2815,3.281,3.281,2
2026-06-25 08:58:00,3.2765,3.2765,3.276,3.276,3.2815,3.2815,3.281,3.281,2
2026-06-25 08:59:00,3.277,3.2775,3.2765,3.2775,3.282,3.2825,3.2815,3.2825,7
2026-06-25 09:00:00,3.2785,3.28,3.2775,3.2795,3.2835,3.285,3.2825,3.2845,10
2026-06-25 09:01:00,3.28,3.2845,3.28,3.2835,3.285,3.2895,3.285,3.2885,34
2026-06-25 09:02:00,3.2845,3.2845,3.2825,3.283,3.2895,3.2895,3.2875,3.288,14
2026-06-25 09:03:00,3.2825,3.2845,3.2825,3.284,3.2875,3.2895,3.2875,3.289,10
2026-06-25 09:04:00,3.283,3.2835,3.2825,3.283,3.288,3.2885,3.2875,3.288,5
2026-06-25 09:05:00,3.2835,3.2835,3.283,3.2835,3.2885,3.2885,3.288,3.2885,3
2026-06-25 09:07:00,3.2825,3.2845,3.2825,3.284,3.2875,3.2895,3.2875,3.289,5
2026-06-25 09:08:00,3.2835,3.284,3.2835,3.284,3.2885,3.289,3.2885,3.289,2
2026-06-25 09:09:00,3.2845,3.2845,3.2825,3.2845,3.2895,3.2895,3.2875,3.2895,9
2026-06-25 09:10:00,3.2835,3.2845,3.2835,3.2835,3.2885,3.2895,3.2885,3.2885,9
2026-06-25 09:11:00,3.283,3.2895,3.283,3.2895,3.288,3.2945,3.288,3.2945,22
2026-06-25 09:12:00,3.2885,3.2895,3.284,3.2875,3.2935,3.2945,3.289,3.2925,30
2026-06-25 09:13:00,3.288,3.2885,3.2875,3.288,3.293,3.2935,3.2925,3.293,14
2026-06-25 09:14:00,3.2885,3.2965,3.288,3.2945,3.2935,3.3015,3.293,3.2995,34
2026-06-25 09:15:00,3.295,3.296,3.2945,3.2955,3.3,3.301,3.2995,3.3005,16
2026-06-25 09:16:00,3.295,3.295,3.2925,3.2945,3.3,3.3,3.2975,3.2995,8
2026-06-25 09:17:00,3.2955,3.2955,3.2935,3.2935,3.3005,3.3005,3.2985,3.2985,16
2026-06-25 09:18:00,3.294,3.2955,3.2935,3.2945,3.299,3.3005,3.2985,3.2995,19
2026-06-25 09:19:00,3.295,3.2955,3.2935,3.295,3.3,3.3005,3.2985,3.3,17
2026-06-25 09:20:00,3.2945,3.2945,3.293,3.2945,3.2995,3.2995,3.298,3.2995,10
2026-06-25 09:21:00,3.2935,3.2945,3.2935,3.2945,3.2985,3.2995,3.2985,3.2995,11
2026-06-25 09:22:00,3.2955,3.2955,3.2935,3.2955,3.3005,3.3005,3.2985,3.3005,8
2026-06-25 09:23:00,3.2965,3.2965,3.2945,3.2945,3.3015,3.3015,3.2995,3.2995,10
2026-06-25 09:24:00,3.294,3.295,3.2935,3.2945,3.299,3.3,3.2985,3.2995,8
2026-06-25 09:25:00,3.295,3.2965,3.2945,3.2965,3.3,3.3015,3.2995,3.3015,12
2026-06-25 09:26:00,3.2975,3.2975,3.2955,3.2965,3.3025,3.3025,3.3005,3.3015,8
2026-06-25 09:27:00,3.2955,3.2965,3.2955,3.2965,3.3005,3.3015,3.3005,3.3015,9
2026-06-25 09:28:00,3.297,3.3075,3.2965,3.3075,3.302,3.3125,3.3015,3.3125,40
2026-06-25 09:29:00,3.307,3.3075,3.3045,3.305,3.312,3.3125,3.3095,3.31,31
2026-06-25 09:30:00,3.3055,3.3055,3.3025,3.304,3.3105,3.3105,3.3075,3.309,21
2026-06-25 09:31:00,3.3035,3.3145,3.3035,3.3125,3.3085,3.3195,3.3085,3.3175,44
2026-06-25 09:32:00,3.3115,3.3125,3.3095,3.31,3.3165,3.3175,3.3145,3.315,10
2026-06-25 09:33:00,3.3105,3.3115,3.3075,3.3085,3.3155,3.3165,3.3125,3.3135,19
2026-06-25 09:34:00,3.309,3.311,3.308,3.3105,3.314,3.316,3.313,3.3155,20
2026-06-25 09:35:00,3.3115,3.3115,3.3085,3.3105,3.3165,3.3165,3.3135,3.3155,17
2026-06-25 09:36:00,3.311,3.3115,3.3085,3.3095,3.316,3.3165,3.3135,3.3145,12
2026-06-25 09:37:00,3.3105,3.3105,3.306,3.306,3.3155,3.3155,3.311,3.311,13
2026-06-25 09:38:00,3.3055,3.3065,3.3055,3.306,3.3105,3.3115,3.3105,3.311,4
2026-06-25 09:39:00,3.3055,3.3065,3.3045,3.306,3.3105,3.3115,3.3095,3.311,13
2026-06-25 09:40:00,3.3065,3.307,3.305,3.305,3.3115,3.312,3.31,3.31,7
2026-06-25 09:41:00,3.3055,3.3065,3.3025,3.3055,3.3105,3.3115,3.3075,3.3105,22
2026-06-25 09:42:00,3.306,3.3075,3.306,3.3065,3.311,3.3125,3.311,3.3115,5
2026-06-25 09:43:00,3.307,3.307,3.3045,3.3055,3.312,3.312,3.3095,3.3105,8
2026-06-25 09:44:00,3.305,3.3065,3.3045,3.3055,3.31,3.3115,3.3095,3.3105,6
2026-06-25 09:45:00,3.306,3.3065,3.3035,3.3065,3.311,3.3115,3.3085,3.3115,12
2026-06-25 09:46:00,3.3075,3.3075,3.3065,3.307,3.3125,3.3125,3.3115,3.312,7
2026-06-25 09:47:00,3.3065,3.3085,3.3065,3.3085,3.3115,3.3135,3.3115,3.3135,3
2026-06-25 09:48:00,3.3075,3.3085,3.307,3.308,3.3125,3.3135,3.312,3.313,17
2026-06-25 09:49:00,3.3085,3.3095,3.307,3.3075,3.3135,3.3145,3.312,3.3125,17
2026-06-25 09:50:00,3.308,3.3095,3.3075,3.3095,3.313,3.3145,3.3125,3.3145,7
2026-06-25 09:51:00,3.3075,3.3165,3.3075,3.3145,3.3125,3.3215,3.3125,3.3195,29
2026-06-25 09:52:00,3.3135,3.3145,3.312,3.3145,3.3185,3.3195,3.317,3.3195,21
2026-06-25 09:53:00,3.315,3.315,3.3135,3.3145,3.32,3.32,3.3185,3.3195,8
2026-06-25 09:54:00,3.3135,3.3155,3.3115,3.312,3.3185,3.3205,3.3165,3.317,28
2026-06-25 09:55:00,3.3125,3.3135,3.312,3.3125,3.3175,3.3185,3.317,3.3175,19
2026-06-25 09:56:00,3.3135,3.3175,3.3135,3.3165,3.3185,3.3225,3.3185,3.3215,18
2026-06-25 09:57:00,3.317,3.3195,3.317,3.3185,3.322,3.3245,3.322,3.3235,20
2026-06-25 09:58:00,3.3195,3.3195,3.3165,3.3185,3.3245,3.3245,3.3215,3.3235,9
2026-06-25 09:59:00,3.318,3.323,3.3165,3.3225,3.323,3.328,3.3215,3.3275,22
2026-06-25 10:00:00,3.3235,3.3255,3.3205,3.321,3.3285,3.3305,3.3255,3.326,44
2026-06-25 10:01:00,3.3205,3.3215,3.32,3.3215,3.3255,3.3265,3.325,3.3265,13
2026-06-25 10:02:00,3.322,3.3235,3.3215,3.3225,3.327,3.3285,3.3265,3.3275,10
2026-06-25 10:03:00,3.3235,3.3245,3.3225,3.3235,3.3285,3.3295,3.3275,3.3285,12
2026-06-25 10:04:00,3.324,3.325,3.3235,3.325,3.329,3.33,3.3285,3.33,12
2026-06-25 10:05:00,3.3255,3.3265,3.3235,3.3255,3.3305,3.3315,3.3285,3.3305,25
2026-06-25 10:06:00,3.3265,3.3265,3.3225,3.3245,3.3315,3.3315,3.3275,3.3295,18
2026-06-25 10:07:00,3.3235,3.324,3.3235,3.3235,3.3285,3.329,3.3285,3.3285,3
2026-06-25 10:08:00,3.3225,3.3235,3.322,3.3235,3.3275,3.3285,3.327,3.3285,8
2026-06-25 10:09:00,3.3245,3.3255,3.3235,3.3245,3.3295,3.3305,3.3285,3.3295,9
2026-06-25 10:10:00,3.3235,3.3235,3.3195,3.32,3.3285,3.3285,3.3245,3.325,13
2026-06-25 10:11:00,3.3205,3.3225,3.3195,3.3225,3.3255,3.3275,3.3245,3.3275,5
2026-06-25 10:12:00,3.3215,3.3225,3.3205,3.3205,3.3265,3.3275,3.3255,3.3255,10
2026-06-25 10:13:00,3.32,3.3215,3.3195,3.3205,3.325,3.3265,3.3245,3.3255,13
2026-06-25 10:14:00,3.32,3.3225,3.32,3.3215,3.325,3.3275,3.325,3.3265,12
2026-06-25 10:15:00,3.3205,3.3215,3.3205,3.321,3.3255,3.3265,3.3255,3.326,5
2026-06-25 10:16:00,3.3205,3.3205,3.3195,3.3205,3.3255,3.3255,3.3245,3.3255,7
2026-06-25 10:17:00,3.32,3.3215,3.3195,3.3215,3.325,3.3265,3.3245,3.3265,11
2026-06-25 10:18:00,3.3225,3.3245,3.3225,3.3225,3.3275,3.3295,3.3275,3.3275,16
2026-06-25 10:19:00,3.323,3.3245,3.322,3.322,3.328,3.3295,3.327,3.327,23
2026-06-25 10:20:00,3.3215,3.322,3.3215,3.3215,3.3265,3.327,3.3265,3.3265,7
2026-06-25 10:22:00,3.3205,3.3205,3.3195,3.3195,3.3255,3.3255,3.3245,3.3245,2
2026-06-25 10:23:00,3.32,3.32,3.3195,3.3195,3.325,3.325,3.3245,3.3245,2
2026-06-25 10:24:00,3.32,3.32,3.3185,3.3195,3.325,3.325,3.3235,3.3245,5
2026-06-25 10:25:00,3.3205,3.3215,3.3195,3.3215,3.3255,3.3265,3.3245,3.3265,17
2026-06-25 10:26:00,3.321,3.321,3.3185,3.319,3.326,3.326,3.3235,3.324,10
2026-06-25 10:27:00,3.3195,3.3205,3.3195,3.3195,3.3245,3.3255,3.3245,3.3245,4
2026-06-25 10:28:00,3.32,3.3205,3.32,3.32,3.325,3.3255,3.325,3.325,3
2026-06-25 10:29:00,3.3205,3.3235,3.3205,3.3225,3.3255,3.3285,3.3255,3.3275,15
2026-06-25 10:30:00,3.322,3.3255,3.3215,3.3255,3.327,3.3305,3.3265,3.3305,8
2026-06-25 10:31:00,3.3245,3.3265,3.3245,3.3255,3.3295,3.3315,3.3295,3.3305,14
2026-06-25 10:32:00,3.3245,3.325,3.3235,3.3235,3.3295,3.33,3.3285,3.3285,11
2026-06-25 10:33:00,3.3245,3.3255,3.3245,3.3245,3.3295,3.3305,3.3295,3.3295,3
2026-06-25 10:34:00,3.325,3.3265,3.3245,3.3245,3.33,3.3315,3.3295,3.3295,6
2026-06-25 10:35:00,3.3235,3.3255,3.3235,3.3255,3.3285,3.3305,3.3285,3.3305,3
2026-06-25 10:38:00,3.3245,3.3245,3.322,3.3225,3.3295,3.3295,3.327,3.3275,7
2026-06-25 10:39:00,3.3215,3.3225,3.3215,3.3225,3.3265,3.3275,3.3265,3.3275,6
2026-06-25 10:40:00,3.323,3.3255,3.323,3.3235,3.328,3.3305,3.328,3.3285,10
2026-06-25 10:41:00,3.3245,3.3245,3.3245,3.3245,3.3295,3.3295,3.3295,3.3295,1
2026-06-25 10:42:00,3.325,3.325,3.3235,3.324,3.33,3.33,3.3285,3.329,7
2026-06-25 10:43:00,3.3245,3.3245,3.3235,3.3235,3.3295,3.3295,3.3285,3.3285,2
2026-06-25 10:44:00,3.323,3.3235,3.3225,3.3235,3.328,3.3285,3.3275,3.3285,7
2026-06-25 10:46:00,3.3245,3.3245,3.3235,3.3245,3.3295,3.3295,3.3285,3.3295,5
2026-06-25 10:48:00,3.324,3.3245,3.3235,3.3235,3.329,3.3295,3.3285,3.3285,10
2026-06-25 10:49:00,3.3245,3.3245,3.3245,3.3245,3.3295,3.3295,3.3295,3.3295,1
2026-06-25 10:50:00,3.324,3.3245,3.324,3.3245,3.329,3.3295,3.329,3.3295,2
2026-06-25 10:51:00,3.324,3.3245,3.3225,3.3245,3.329,3.3295,3.3275,3.3295,8
2026-06-25 10:52:00,3.3235,3.3235,3.3225,3.323,3.3285,3.3285,3.3275,3.328,10
2026-06-25 10:53:00,3.3225,3.3225,3.3205,3.3215,3.3275,3.3275,3.3255,3.3265,8
2026-06-25 10:54:00,3.3225,3.3225,3.3215,3.3225,3.3275,3.3275,3.3265,3.3275,5
2026-06-25 10:55:00,3.3215,3.3225,3.3215,3.3225,3.3265,3.3275,3.3265,3.3275,4
2026-06-25 10:58:00,3.3235,3.3275,3.3235,3.3275,3.3285,3.3325,3.3285,3.3325,7
2026-06-25 10:59:00,3.3265,3.3285,3.3265,3.3285,3.3315,3.3335,3.3315,3.3335,5
2026-06-25 11:00:00,3.3295,3.3305,3.3285,3.3295,3.3345,3.3355,3.3335,3.3345,15
2026-06-25 11:01:00,3.33,3.3305,3.3285,3.3305,3.335,3.3355,3.3335,3.3355,9
2026-06-25 11:02:00,3.3295,3.3305,3.3285,3.3295,3.3345,3.3355,3.3335,3.3345,7
2026-06-25 11:03:00,3.3285,3.3305,3.3285,3.3295,3.3335,3.3355,3.3335,3.3345,13
2026-06-25 11:04:00,3.33,3.3315,3.33,3.3305,3.335,3.3365,3.335,3.3355,4
2026-06-25 11:05:00,3.3295,3.3305,3.3295,3.3295,3.3345,3.3355,3.3345,3.3345,9
2026-06-25 11:06:00,3.3305,3.3325,3.3305,3.331,3.3355,3.3375,3.3355,3.336,6
2026-06-25 11:07:00,3.3305,3.331,3.3295,3.3305,3.3355,3.336,3.3345,3.3355,9
2026-06-25 11:08:00,3.3295,3.3305,3.3295,3.3305,3.3345,3.3355,3.3345,3.3355,2
2026-06-25 11:09:00,3.33,3.3305,3.3285,3.3285,3.335,3.3355,3.3335,3.3335,12
2026-06-25 11:10:00,3.3275,3.3295,3.3255,3.326,3.3325,3.3345,3.3305,3.331,18
2026-06-25 11:11:00,3.3255,3.3265,3.325,3.3255,3.3305,3.3315,3.33,3.3305,7
2026-06-25 11:12:00,3.3245,3.326,3.3245,3.326,3.3295,3.331,3.3295,3.331,9
2026-06-25 11:13:00,3.3265,3.3265,3.3215,3.325,3.3315,3.3315,3.3265,3.33,21
2026-06-25 11:14:00,3.3245,3.3255,3.3245,3.3245,3.3295,3.3305,3.3295,3.3295,7
2026-06-25 11:16:00,3.3235,3.3245,3.3225,3.3245,3.3285,3.3295,3.3275,3.3295,6
2026-06-25 11:17:00,3.324,3.324,3.3205,3.3205,3.329,3.329,3.3255,3.3255,10
2026-06-25 11:18:00,3.321,3.3225,3.318,3.3185,3.326,3.3275,3.323,3.3235,28
2026-06-25 11:19:00,3.319,3.3215,3.319,3.3215,3.324,3.3265,3.324,3.3265,27
2026-06-25 11:20:00,3.3205,3.3215,3.3195,3.32,3.3255,3.3265,3.3245,3.325,11
2026-06-25 11:21:00,3.3205,3.3205,3.3185,3.3195,3.3255,3.3255,3.3235,3.3245,11
2026-06-25 11:22:00,3.3185,3.3205,3.3185,3.3195,3.3235,3.3255,3.3235,3.3245,11
2026-06-25 11:23:00,3.319,3.3195,3.3185,3.319,3.324,3.3245,3.3235,3.324,4
2026-06-25 11:24:00,3.3195,3.3205,3.318,3.3205,3.3245,3.3255,3.323,3.3255,13
2026-06-25 11:25:00,3.32,3.3215,3.3195,3.3215,3.325,3.3265,3.3245,3.3265,14
2026-06-25 11:26:00,3.322,3.3245,3.322,3.3245,3.327,3.3295,3.327,3.3295,12
2026-06-25 11:27:00,3.3235,3.3245,3.3235,3.3245,3.3285,3.3295,3.3285,3.3295,2
2026-06-25 11:28:00,3.3235,3.3245,3.3215,3.3245,3.3285,3.3295,3.3265,3.3295,6
2026-06-25 11:29:00,3.3235,3.3245,3.3175,3.319,3.3285,3.3295,3.3225,3.324,15
2026-06-25 11:30:00,3.3195,3.3205,3.3185,3.3195,3.3245,3.3255,3.3235,3.3245,17
2026-06-25 11:31:00,3.32,3.3215,3.32,3.3215,3.325,3.3265,3.325,3.3265,6
2026-06-25 11:34:00,3.3205,3.321,3.3205,3.3205,3.3255,3.326,3.3255,3.3255,3
2026-06-25 11:35:00,3.3215,3.3215,3.3205,3.3205,3.3265,3.3265,3.3255,3.3255,3
2026-06-25 11:36:00,3.3215,3.3215,3.3205,3.321,3.3265,3.3265,3.3255,3.326,7
2026-06-25 11:37:00,3.3205,3.3215,3.3205,3.3215,3.3255,3.3265,3.3255,3.3265,2
2026-06-25 11:39:00,3.3225,3.323,3.3225,3.3225,3.3275,3.328,3.3275,3.3275,3
2026-06-25 11:40:00,3.323,3.3245,3.3215,3.322,3.328,3.3295,3.3265,3.327,11
2026-06-25 11:41:00,3.3215,3.322,3.3175,3.318,3.3265,3.327,3.3225,3.323,15
2026-06-25 11:42:00,3.3175,3.3195,3.3175,3.3185,3.3225,3.3245,3.3225,3.3235,12
2026-06-25 11:43:00,3.319,3.32,3.319,3.3195,3.324,3.325,3.324,3.3245,14
2026-06-25 11:44:00,3.32,3.32,3.3185,3.3185,3.325,3.325,3.3235,3.3235,7
2026-06-25 11:45:00,3.3195,3.3195,3.319,3.3195,3.3245,3.3245,3.324,3.3245,3
2026-06-25 11:46:00,3.319,3.32,3.319,3.3195,3.324,3.325,3.324,3.3245,6
2026-06-25 11:47:00,3.3205,3.3205,3.3205,3.3205,3.3255,3.3255,3.3255,3.3255,1
2026-06-25 11:48:00,3.3195,3.3195,3.3165,3.3165,3.3245,3.3245,3.3215,3.3215,4
2026-06-25 11:49:00,3.316,3.316,3.3145,3.3155,3.321,3.321,3.3195,3.3205,5
2026-06-25 11:53:00,3.3165,3.3175,3.3155,3.3175,3.3215,3.3225,3.3205,3.3225,5
2026-06-25 11:54:00,3.318,3.3205,3.3175,3.32,3.323,3.3255,3.3225,3.325,16
2026-06-25 11:55:00,3.3205,3.3205,3.3185,3.3185,3.3255,3.3255,3.3235,3.3235,5
2026-06-25 11:56:00,3.319,3.319,3.3185,3.3185,3.324,3.324,3.3235,3.3235,4
2026-06-25 11:57:00,3.3195,3.3195,3.3195,3.3195,3.3245,3.3245,3.3245,3.3245,1
2026-06-25 11:58:00,3.3185,3.3195,3.3185,3.3195,3.3235,3.3245,3.3235,3.3245,4
2026-06-25 11:59:00,3.3185,3.3185,3.3185,3.3185,3.3235,3.3235,3.3235,3.3235,1
2026-06-25 12:00:00,3.3175,3.3195,3.3175,3.3185,3.3225,3.3245,3.3225,3.3235,11
2026-06-25 12:01:00,3.3195,3.3195,3.3185,3.3185,3.3245,3.3245,3.3235,3.3235,2
2026-06-25 12:02:00,3.3195,3.3195,3.3185,3.3195,3.3245,3.3245,3.3235,3.3245,5
2026-06-25 12:03:00,3.3205,3.3225,3.3205,3.322,3.3255,3.3275,3.3255,3.327,7
2026-06-25 12:04:00,3.3225,3.3225,3.3215,3.3225,3.3275,3.3275,3.3265,3.3275,6
2026-06-25 12:05:00,3.3215,3.3225,3.3205,3.3225,3.3265,3.3275,3.3255,3.3275,12
2026-06-25 12:06:00,3.3215,3.3225,3.3215,3.3225,3.3265,3.3275,3.3265,3.3275,4
2026-06-25 12:07:00,3.3235,3.3235,3.322,3.3225,3.3285,3.3285,3.327,3.3275,4
2026-06-25 12:08:00,3.3235,3.3235,3.3225,3.3235,3.3285,3.3285,3.3275,3.3285,7
2026-06-25 12:09:00,3.3245,3.3245,3.3235,3.3235,3.3295,3.3295,3.3285,3.3285,2
2026-06-25 12:10:00,3.3225,3.3245,3.3225,3.3235,3.3275,3.3295,3.3275,3.3285,8
2026-06-25 12:11:00,3.324,3.3245,3.324,3.3245,3.329,3.3295,3.329,3.3295,2
2026-06-25 12:12:00,3.3235,3.3235,3.3215,3.3225,3.3285,3.3285,3.3265,3.3275,6
2026-06-25 12:13:00,3.322,3.322,3.3215,3.3215,3.327,3.327,3.3265,3.3265,4
2026-06-25 12:14:00,3.3205,3.321,3.3205,3.3205,3.3255,3.326,3.3255,3.3255,3
2026-06-25 12:15:00,3.3215,3.3225,3.3215,3.3215,3.3265,3.3275,3.3265,3.3265,6
2026-06-25 12:16:00,3.321,3.3245,3.3205,3.3235,3.326,3.3295,3.3255,3.3285,14
2026-06-25 12:17:00,3.324,3.3275,3.3235,3.3265,3.329,3.3325,3.3285,3.3315,12
2026-06-25 12:18:00,3.3255,3.3265,3.3245,3.3245,3.3305,3.3315,3.3295,3.3295,4
2026-06-25 12:19:00,3.324,3.324,3.3225,3.3235,3.329,3.329,3.3275,3.3285,8
2026-06-25 12:20:00,3.3225,3.3245,3.3225,3.3235,3.3275,3.3295,3.3275,3.3285,4
2026-06-25 12:21:00,3.3225,3.3235,3.3225,3.3225,3.3275,3.3285,3.3275,3.3275,3
2026-06-25 12:22:00,3.323,3.3235,3.323,3.3235,3.328,3.3285,3.328,3.3285,2
2026-06-25 12:23:00,3.3245,3.3255,3.3245,3.3255,3.3295,3.3305,3.3295,3.3305,3
2026-06-25 12:25:00,3.326,3.3265,3.325,3.3255,3.331,3.3315,3.33,3.3305,9
2026-06-25 12:27:00,3.3265,3.327,3.3265,3.3265,3.3315,3.332,3.3315,3.3315,5
2026-06-25 12:28:00,3.3255,3.3265,3.3255,3.3255,3.3305,3.3315,3.3305,3.3305,8
2026-06-25 12:29:00,3.3265,3.3265,3.3255,3.3255,3.3315,3.3315,3.3305,3.3305,2
2026-06-25 12:30:00,3.3265,3.3265,3.3265,3.3265,3.3315,3.3315,3.3315,3.3315,1
2026-06-25 12:32:00,3.326,3.326,3.3225,3.3235,3.331,3.331,3.3275,3.3285,13
2026-06-25 12:35:00,3.3225,3.3225,3.3195,3.3195,3.3275,3.3275,3.3245,3.3245,12
2026-06-25 12:36:00,3.3185,3.3205,3.3155,3.3155,3.3235,3.3255,3.3205,3.3205,17
2026-06-25 12:37:00,3.316,3.3175,3.3155,3.3165,3.321,3.3225,3.3205,3.3215,10
2026-06-25 12:38:00,3.3155,3.3155,3.3155,3.3155,3.3205,3.3205,3.3205,3.3205,1
2026-06-25 12:39:00,3.3165,3.3185,3.3165,3.3185,3.3215,3.3235,3.3215,3.3235,3
2026-06-25 12:40:00,3.3175,3.3205,3.3175,3.3175,3.3225,3.3255,3.3225,3.3225,16
2026-06-25 12:41:00,3.3165,3.3165,3.3135,3.3135,3.3215,3.3215,3.3185,3.3185,6
2026-06-25 12:42:00,3.3125,3.316,3.3105,3.3135,3.3175,3.321,3.3155,3.3185,21
2026-06-25 12:43:00,3.3125,3.3125,3.3095,3.3105,3.3175,3.3175,3.3145,3.3155,10
2026-06-25 12:44:00,3.311,3.312,3.311,3.311,3.316,3.317,3.316,3.316,6
2026-06-25 12:45:00,3.3105,3.314,3.3105,3.3115,3.3155,3.319,3.3155,3.3165,10
2026-06-25 12:46:00,3.312,3.312,3.3095,3.3115,3.317,3.317,3.3145,3.3165,18
2026-06-25 12:47:00,3.3125,3.3125,3.3095,3.3095,3.3175,3.3175,3.3145,3.3145,6
2026-06-25 12:48:00,3.3085,3.3095,3.3085,3.309,3.3135,3.3145,3.3135,3.314,8
2026-06-25 12:49:00,3.3095,3.3105,3.3085,3.31,3.3145,3.3155,3.3135,3.315,26
2026-06-25 12:50:00,3.3095,3.3105,3.3085,3.3085,3.3145,3.3155,3.3135,3.3135,12
2026-06-25 12:51:00,3.3075,3.3085,3.3065,3.3065,3.3125,3.3135,3.3115,3.3115,6
2026-06-25 12:52:00,3.307,3.3075,3.3065,3.3075,3.312,3.3125,3.3115,3.3125,7
2026-06-25 12:53:00,3.3085,3.309,3.308,3.3085,3.3135,3.314,3.313,3.3135,7
2026-06-25 12:54:00,3.3075,3.3075,3.3055,3.3065,3.3125,3.3125,3.3105,3.3115,9
2026-06-25 12:55:00,3.3075,3.3085,3.307,3.3085,3.3125,3.3135,3.312,3.3135,7
2026-06-25 12:56:00,3.3095,3.3105,3.3085,3.3095,3.3145,3.3155,3.3135,3.3145,8
2026-06-25 12:57:00,3.308,3.3085,3.3055,3.306,3.313,3.3135,3.3105,3.311,10
2026-06-25 12:58:00,3.307,3.3095,3.3065,3.3085,3.312,3.3145,3.3115,3.3135,7
2026-06-25 13:00:00,3.3095,3.312,3.3075,3.3105,3.3145,3.317,3.3125,3.3155,25
2026-06-25 13:01:00,3.3115,3.312,3.305,3.3065,3.3165,3.317,3.31,3.3115,18
2026-06-25 13:02:00,3.3055,3.3055,3.3045,3.3055,3.3105,3.3105,3.3095,3.3105,4
2026-06-25 13:03:00,3.3045,3.3075,3.3045,3.307,3.3095,3.3125,3.3095,3.312,11
2026-06-25 13:04:00,3.3075,3.3075,3.307,3.3075,3.3125,3.3125,3.312,3.3125,3
2026-06-25 13:05:00,3.308,3.308,3.3045,3.305,3.313,3.313,3.3095,3.31,12
2026-06-25 13:06:00,3.3045,3.3075,3.3045,3.3065,3.3095,3.3125,3.3095,3.3115,8
2026-06-25 13:07:00,3.3075,3.3085,3.3055,3.3075,3.3125,3.3135,3.3105,3.3125,12
2026-06-25 13:08:00,3.3065,3.3075,3.3045,3.306,3.3115,3.3125,3.3095,3.311,26
2026-06-25 13:09:00,3.3055,3.3065,3.3035,3.304,3.3105,3.3115,3.3085,3.309,11
2026-06-25 13:10:00,3.3025,3.307,3.2995,3.2995,3.3075,3.312,3.3045,3.3045,35
2026-06-25 13:11:00,3.2985,3.3005,3.2985,3.3005,3.3035,3.3055,3.3035,3.3055,16
2026-06-25 13:12:00,3.3,3.302,3.3,3.3015,3.305,3.307,3.305,3.3065,9
2026-06-25 13:13:00,3.301,3.3015,3.3005,3.3015,3.306,3.3065,3.3055,3.3065,10
2026-06-25 13:14:00,3.3025,3.3025,3.2995,3.3005,3.3075,3.3075,3.3045,3.3055,10
2026-06-25 13:15:00,3.3,3.3005,3.2945,3.2975,3.305,3.3055,3.2995,3.3025,44
2026-06-25 13:16:00,3.2985,3.2995,3.2975,3.2995,3.3035,3.3045,3.3025,3.3045,10
2026-06-25 13:17:00,3.3,3.3015,3.299,3.3005,3.305,3.3065,3.304,3.3055,16
2026-06-25 13:18:00,3.2995,3.3005,3.2995,3.3005,3.3045,3.3055,3.3045,3.3055,2
2026-06-25 13:19:00,3.2995,3.2995,3.2975,3.2975,3.3045,3.3045,3.3025,3.3025,12
2026-06-25 13:20:00,3.2985,3.2995,3.2975,3.299,3.3035,3.3045,3.3025,3.304,14
2026-06-25 13:21:00,3.2985,3.3015,3.2985,3.3015,3.3035,3.3065,3.3035,3.3065,9
2026-06-25 13:22:00,3.3025,3.3075,3.3015,3.304,3.3075,3.3125,3.3065,3.309,23
2026-06-25 13:23:00,3.305,3.307,3.3025,3.306,3.31,3.312,3.3075,3.311,22
2026-06-25 13:24:00,3.3055,3.307,3.3045,3.306,3.3105,3.312,3.3095,3.311,12
2026-06-25 13:25:00,3.3055,3.307,3.3055,3.3055,3.3105,3.312,3.3105,3.3105,6
2026-06-25 13:26:00,3.3045,3.3045,3.2995,3.303,3.3095,3.3095,3.3045,3.308,23
2026-06-25 13:27:00,3.3025,3.303,3.3025,3.303,3.3075,3.308,3.3075,3.308,4
2026-06-25 13:28:00,3.3025,3.3045,3.3015,3.3015,3.3075,3.3095,3.3065,3.3065,10
2026-06-25 13:29:00,3.3025,3.303,3.3025,3.3025,3.3075,3.308,3.3075,3.3075,3
2026-06-25 13:30:00,3.303,3.304,3.2925,3.2925,3.308,3.309,3.2975,3.2975,36
2026-06-25 13:31:00,3.2915,3.2915,3.2865,3.2885,3.2965,3.2965,3.2915,3.2935,36
2026-06-25 13:32:00,3.288,3.2925,3.2875,3.2895,3.293,3.2975,3.2925,3.2945,25
2026-06-25 13:33:00,3.29,3.2945,3.2895,3.2945,3.295,3.2995,3.2945,3.2995,19
2026-06-25 13:34:00,3.2935,3.2945,3.2915,3.2935,3.2985,3.2995,3.2965,3.2985,19
2026-06-25 13:35:00,3.2945,3.2975,3.2945,3.297,3.2995,3.3025,3.2995,3.302,19
2026-06-25 13:36:00,3.2965,3.305,3.295,3.3,3.3015,3.31,3.3,3.305,53
2026-06-25 13:37:00,3.2995,3.3,3.296,3.298,3.3045,3.305,3.301,3.303,24
2026-06-25 13:38:00,3.2985,3.302,3.298,3.3005,3.3035,3.307,3.303,3.3055,22
2026-06-25 13:39:00,3.3,3.3005,3.2975,3.298,3.305,3.3055,3.3025,3.303,12
2026-06-25 13:40:00,3.299,3.3025,3.2975,3.2985,3.304,3.3075,3.3025,3.3035,16
2026-06-25 13:41:00,3.3,3.3005,3.2985,3.299,3.305,3.3055,3.3035,3.304,13
2026-06-25 13:42:00,3.2985,3.3005,3.297,3.2975,3.3035,3.3055,3.302,3.3025,11
2026-06-25 13:43:00,3.2985,3.2985,3.295,3.295,3.3035,3.3035,3.3,3.3,8
2026-06-25 13:44:00,3.2945,3.2945,3.2915,3.2915,3.2995,3.2995,3.2965,3.2965,9
2026-06-25 13:45:00,3.292,3.2945,3.292,3.2935,3.297,3.2995,3.297,3.2985,10
2026-06-25 13:46:00,3.294,3.3005,3.294,3.2995,3.299,3.3055,3.299,3.3045,16
2026-06-25 13:47:00,3.299,3.3005,3.295,3.296,3.304,3.3055,3.3,3.301,15
2026-06-25 13:48:00,3.2955,3.2955,3.2935,3.2945,3.3005,3.3005,3.2985,3.2995,7
2026-06-25 13:49:00,3.295,3.297,3.295,3.297,3.3,3.302,3.3,3.302,7
2026-06-25 13:50:00,3.2975,3.298,3.2965,3.298,3.3025,3.303,3.3015,3.303,6
2026-06-25 13:51:00,3.2975,3.2975,3.2955,3.296,3.3025,3.3025,3.3005,3.301,8
2026-06-25 13:52:00,3.294,3.2945,3.2925,3.2945,3.299,3.2995,3.2975,3.2995,16
2026-06-25 13:53:00,3.2935,3.2945,3.2905,3.2935,3.2985,3.2995,3.2955,3.2985,11
2026-06-25 13:54:00,3.2925,3.2935,3.2925,3.2925,3.2975,3.2985,3.2975,3.2975,8
2026-06-25 13:55:00,3.293,3.293,3.2895,3.2925,3.298,3.298,3.2945,3.2975,20
2026-06-25 13:56:00,3.2935,3.2955,3.2925,3.2945,3.2985,3.3005,3.2975,3.2995,12
2026-06-25 13:57:00,3.2935,3.2955,3.293,3.2955,3.2985,3.3005,3.298,3.3005,7
2026-06-25 13:58:00,3.296,3.2975,3.296,3.2975,3.301,3.3025,3.301,3.3025,5
2026-06-25 13:59:00,3.297,3.2985,3.295,3.296,3.302,3.3035,3.3,3.301,17
2026-06-25 14:00:00,3.2965,3.3045,3.294,3.3025,3.3015,3.3095,3.299,3.3075,48
2026-06-25 14:01:00,3.3015,3.3015,3.2965,3.2965,3.3065,3.3065,3.3015,3.3015,19
2026-06-25 14:02:00,3.2975,3.2985,3.2965,3.2975,3.3025,3.3035,3.3015,3.3025,15
2026-06-25 14:03:00,3.297,3.2995,3.2965,3.2985,3.302,3.3045,3.3015,3.3035,16
2026-06-25 14:04:00,3.2975,3.2975,3.2935,3.296,3.3025,3.3025,3.2985,3.301,19
2026-06-25 14:05:00,3.2965,3.3005,3.2955,3.2955,3.3015,3.3055,3.3005,3.3005,24
2026-06-25 14:06:00,3.295,3.2975,3.2945,3.2975,3.3,3.3025,3.2995,3.3025,20
2026-06-25 14:07:00,3.2965,3.2985,3.2945,3.2945,3.3015,3.3035,3.2995,3.2995,22
2026-06-25 14:08:00,3.2955,3.2995,3.2955,3.2975,3.3005,3.3045,3.3005,3.3025,22
2026-06-25 14:09:00,3.2965,3.3055,3.2965,3.305,3.3015,3.3105,3.3015,3.31,28
2026-06-25 14:10:00,3.3045,3.3135,3.3035,3.3125,3.3095,3.3185,3.3085,3.3175,59
2026-06-25 14:11:00,3.3115,3.3135,3.3095,3.3105,3.3165,3.3185,3.3145,3.3155,12
2026-06-25 14:12:00,3.3115,3.3115,3.3085,3.3095,3.3165,3.3165,3.3135,3.3145,18
2026-06-25 14:13:00,3.3085,3.3135,3.3085,3.312,3.3135,3.3185,3.3135,3.317,29
2026-06-25 14:14:00,3.3125,3.3155,3.308,3.309,3.3175,3.3205,3.313,3.314,36
2026-06-25 14:15:00,3.3085,3.3115,3.3055,3.3065,3.3135,3.3165,3.3105,3.3115,44
2026-06-25 14:16:00,3.3055,3.3065,3.3015,3.3045,3.3105,3.3115,3.3065,3.3095,27
2026-06-25 14:17:00,3.3055,3.3245,3.3045,3.319,3.3105,3.3295,3.3095,3.324,154
2026-06-25 14:18:00,3.3185,3.3205,3.3105,3.3195,3.3235,3.3255,3.3155,3.3245,73
2026-06-25 14:19:00,3.319,3.32,3.3155,3.3155,3.324,3.325,3.3205,3.3205,32
2026-06-25 14:20:00,3.315,3.315,3.3055,3.3085,3.32,3.32,3.3105,3.3135,76
2026-06-25 14:21:00,3.308,3.3115,3.3055,3.3075,3.313,3.3165,3.3105,3.3125,37
2026-06-25 14:22:00,3.3065,3.31,3.3035,3.31,3.3115,3.315,3.3085,3.315,18
2026-06-25 14:23:00,3.3095,3.3155,3.3085,3.3145,3.3145,3.3205,3.3135,3.3195,36
2026-06-25 14:24:00,3.3135,3.3145,3.3105,3.3135,3.3185,3.3195,3.3155,3.3185,22
2026-06-25 14:25:00,3.3145,3.3165,3.314,3.3155,3.3195,3.3215,3.319,3.3205,24
2026-06-25 14:26:00,3.3145,3.3145,3.308,3.3085,3.3195,3.3195,3.313,3.3135,38
2026-06-25 14:27:00,3.309,3.311,3.3085,3.309,3.314,3.316,3.3135,3.314,17
2026-06-25 14:28:00,3.31,3.312,3.31,3.3105,3.315,3.317,3.315,3.3155,11
2026-06-25 14:29:00,3.311,3.313,3.311,3.3115,3.316,3.318,3.316,3.3165,7
2026-06-25 14:30:00,3.312,3.315,3.3085,3.3085,3.317,3.32,3.3135,3.3135,30
2026-06-25 14:31:00,3.3075,3.3145,3.3065,3.3145,3.3125,3.3195,3.3115,3.3195,29
2026-06-25 14:32:00,3.3135,3.3165,3.3135,3.3155,3.3185,3.3215,3.3185,3.3205,17
2026-06-25 14:33:00,3.3145,3.317,3.314,3.3155,3.3195,3.322,3.319,3.3205,23
2026-06-25 14:34:00,3.315,3.315,3.3085,3.309,3.32,3.32,3.3135,3.314,39
2026-06-25 14:35:00,3.3095,3.3115,3.3005,3.3065,3.3145,3.3165,3.3055,3.3115,82
2026-06-25 14:36:00,3.3075,3.3085,3.3005,3.3035,3.3125,3.3135,3.3055,3.3085,63
2026-06-25 14:37:00,3.3045,3.3085,3.3035,3.3085,3.3095,3.3135,3.3085,3.3135,24
2026-06-25 14:38:00,3.3075,3.3115,3.3065,3.3095,3.3125,3.3165,3.3115,3.3145,35
2026-06-25 14:39:00,3.309,3.3105,3.3045,3.3075,3.314,3.3155,3.3095,3.3125,35
2026-06-25 14:40:00,3.3085,3.3145,3.3085,3.3135,3.3135,3.3195,3.3135,3.3185,30
2026-06-25 14:41:00,3.314,3.3145,3.3135,3.3145,3.319,3.3195,3.3185,3.3195,4
2026-06-25 14:42:00,3.3155,3.3155,3.3075,3.3105,3.3205,3.3205,3.3125,3.3155,31
2026-06-25 14:43:00,3.311,3.3125,3.3075,3.3095,3.316,3.3175,3.3125,3.3145,21
2026-06-25 14:44:00,3.31,3.3145,3.31,3.3135,3.315,3.3195,3.315,3.3185,11
2026-06-25 14:45:00,3.3125,3.3145,3.3115,3.312,3.3175,3.3195,3.3165,3.317,13
2026-06-25 14:46:00,3.3125,3.314,3.31,3.312,3.3175,3.319,3.315,3.317,15
2026-06-25 14:47:00,3.3125,3.3175,3.3125,3.316,3.3175,3.3225,3.3175,3.321,21
2026-06-25 14:48:00,3.3165,3.3285,3.3145,3.328,3.3215,3.3335,3.3195,3.333,68
2026-06-25 14:49:00,3.3275,3.3285,3.32,3.3205,3.3325,3.3335,3.325,3.3255,31
2026-06-25 14:50:00,3.3215,3.3225,3.3185,3.3225,3.3265,3.3275,3.3235,3.3275,30
2026-06-25 14:51:00,3.3215,3.3275,3.3215,3.3255,3.3265,3.3325,3.3265,3.3305,50
2026-06-25 14:52:00,3.326,3.3345,3.3255,3.332,3.331,3.3395,3.3305,3.337,82
2026-06-25 14:53:00,3.3325,3.3335,3.3285,3.3325,3.3375,3.3385,3.3335,3.3375,24
2026-06-25 14:54:00,3.333,3.3335,3.328,3.3295,3.338,3.3385,3.333,3.3345,28
2026-06-25 14:55:00,3.3285,3.3335,3.3285,3.3325,3.3335,3.3385,3.3335,3.3375,34
2026-06-25 14:56:00,3.3315,3.3385,3.3305,3.3365,3.3365,3.3435,3.3355,3.3415,37
2026-06-25 14:57:00,3.3355,3.3385,3.3345,3.335,3.3405,3.3435,3.3395,3.34,41
2026-06-25 14:58:00,3.3355,3.3355,3.3345,3.3345,3.3405,3.3405,3.3395,3.3395,20
2026-06-25 14:59:00,3.335,3.3365,3.3325,3.3355,3.34,3.3415,3.3375,3.3405,30
2026-06-25 15:00:00,3.3345,3.3415,3.3335,3.3335,3.3395,3.3465,3.3385,3.3385,55
2026-06-25 15:01:00,3.3325,3.3435,3.3325,3.3405,3.3375,3.3485,3.3375,3.3455,50
2026-06-25 15:02:00,3.3395,3.3395,3.3245,3.3265,3.3445,3.3445,3.3295,3.3315,49
2026-06-25 15:03:00,3.3255,3.328,3.3215,3.323,3.3305,3.333,3.3265,3.328,32
2026-06-25 15:04:00,3.3215,3.3225,3.3135,3.3145,3.3265,3.3275,3.3185,3.3195,79
2026-06-25 15:05:00,3.3155,3.3195,3.3115,3.3145,3.3205,3.3245,3.3165,3.3195,43
2026-06-25 15:06:00,3.3135,3.3155,3.3105,3.3115,3.3185,3.3205,3.3155,3.3165,48
2026-06-25 15:07:00,3.312,3.3155,3.3105,3.3125,3.317,3.3205,3.3155,3.3175,43
2026-06-25 15:08:00,3.3115,3.3135,3.3075,3.3075,3.3165,3.3185,3.3125,3.3125,19
2026-06-25 15:09:00,3.3085,3.3105,3.3035,3.3085,3.3135,3.3155,3.3085,3.3135,47
2026-06-25 15:10:00,3.309,3.309,3.3045,3.3065,3.314,3.314,3.3095,3.3115,19
2026-06-25 15:11:00,3.3075,3.3155,3.307,3.3145,3.3125,3.3205,3.312,3.3195,27
2026-06-25 15:12:00,3.3135,3.3145,3.3115,3.3135,3.3185,3.3195,3.3165,3.3185,20
2026-06-25 15:13:00,3.314,3.3145,3.3125,3.3145,3.319,3.3195,3.3175,3.3195,28
2026-06-25 15:14:00,3.3155,3.3175,3.3115,3.3115,3.3205,3.3225,3.3165,3.3165,40
2026-06-25 15:15:00,3.3105,3.314,3.3085,3.3095,3.3155,3.319,3.3135,3.3145,43
2026-06-25 15:16:00,3.3105,3.3175,3.3095,3.3135,3.3155,3.3225,3.3145,3.3185,41
2026-06-25 15:17:00,3.3145,3.3185,3.3145,3.318,3.3195,3.3235,3.3195,3.323,47
2026-06-25 15:18:00,3.3185,3.3205,3.3155,3.3165,3.3235,3.3255,3.3205,3.3215,25
2026-06-25 15:19:00,3.317,3.3175,3.3145,3.3175,3.322,3.3225,3.3195,3.3225,38
2026-06-25 15:20:00,3.318,3.3185,3.3145,3.3185,3.323,3.3235,3.3195,3.3235,39
2026-06-25 15:21:00,3.3175,3.3195,3.3165,3.3185,3.3225,3.3245,3.3215,3.3235,15
2026-06-25 15:22:00,3.3195,3.3195,3.3155,3.317,3.3245,3.3245,3.3205,3.322,13
2026-06-25 15:23:00,3.3165,3.3175,3.3115,3.3135,3.3215,3.3225,3.3165,3.3185,34
2026-06-25 15:24:00,3.3145,3.3155,3.3135,3.3155,3.3195,3.3205,3.3185,3.3205,17
2026-06-25 15:25:00,3.3165,3.3165,3.3125,3.314,3.3215,3.3215,3.3175,3.319,29
2026-06-25 15:26:00,3.3135,3.3165,3.3135,3.3145,3.3185,3.3215,3.3185,3.3195,20
2026-06-25 15:27:00,3.3155,3.3165,3.3135,3.3145,3.3205,3.3215,3.3185,3.3195,26
2026-06-25 15:28:00,3.315,3.317,3.3115,3.3125,3.32,3.322,3.3165,3.3175,22
2026-06-25 15:29:00,3.3135,3.3135,3.3115,3.3125,3.3185,3.3185,3.3165,3.3175,8
2026-06-25 15:30:00,3.3115,3.3135,3.3075,3.3115,3.3165,3.3185,3.3125,3.3165,33
2026-06-25 15:31:00,3.3125,3.3135,3.3115,3.3115,3.3175,3.3185,3.3165,3.3165,22
2026-06-25 15:32:00,3.3105,3.3115,3.3055,3.3085,3.3155,3.3165,3.3105,3.3135,36
2026-06-25 15:33:00,3.3095,3.3095,3.3045,3.3055,3.3145,3.3145,3.3095,3.3105,16
2026-06-25 15:34:00,3.306,3.3135,3.3055,3.3135,3.311,3.3185,3.3105,3.3185,46
2026-06-25 15:35:00,3.3145,3.3175,3.3135,3.3175,3.3195,3.3225,3.3185,3.3225,36
2026-06-25 15:36:00,3.317,3.3175,3.3155,3.3175,3.322,3.3225,3.3205,3.3225,16
2026-06-25 15:37:00,3.3185,3.3195,3.3165,3.3195,3.3235,3.3245,3.3215,3.3245,14
2026-06-25 15:38:00,3.3205,3.3215,3.319,3.3205,3.3255,3.3265,3.324,3.3255,22
2026-06-25 15:39:00,3.32,3.3205,3.3175,3.3195,3.325,3.3255,3.3225,3.3245,35
2026-06-25 15:40:00,3.3205,3.3205,3.3125,3.3125,3.3255,3.3255,3.3175,3.3175,23
2026-06-25 15:41:00,3.313,3.3155,3.3115,3.3125,3.318,3.3205,3.3165,3.3175,33
2026-06-25 15:42:00,3.313,3.3145,3.3115,3.314,3.318,3.3195,3.3165,3.319,14
2026-06-25 15:43:00,3.3145,3.3165,3.3125,3.3135,3.3195,3.3215,3.3175,3.3185,26
2026-06-25 15:44:00,3.314,3.315,3.3075,3.3085,3.319,3.32,3.3125,3.3135,35
2026-06-25 15:45:00,3.308,3.3105,3.3055,3.3095,3.313,3.3155,3.3105,3.3145,33
2026-06-25 15:46:00,3.3075,3.308,3.2985,3.3005,3.3125,3.313,3.3035,3.3055,37
2026-06-25 15:47:00,3.2995,3.304,3.2985,3.3025,3.3045,3.309,3.3035,3.3075,27
2026-06-25 15:48:00,3.3025,3.3065,3.302,3.3065,3.3075,3.3115,3.307,3.3115,20
2026-06-25 15:49:00,3.307,3.3095,3.3065,3.3085,3.312,3.3145,3.3115,3.3135,25
2026-06-25 15:50:00,3.3095,3.3095,3.3025,3.3025,3.3145,3.3145,3.3075,3.3075,21
2026-06-25 15:51:00,3.3015,3.3055,3.3005,3.3055,3.3065,3.3105,3.3055,3.3105,19
2026-06-25 15:52:00,3.3035,3.3045,3.2995,3.3005,3.3085,3.3095,3.3045,3.3055,26
2026-06-25 15:53:00,3.3015,3.3035,3.3015,3.303,3.3065,3.3085,3.3065,3.308,29
2026-06-25 15:54:00,3.3025,3.3025,3.2915,3.2925,3.3075,3.3075,3.2965,3.2975,56
2026-06-25 15:55:00,3.2925,3.2975,3.2925,3.295,3.2975,3.3025,3.2975,3.3,20
2026-06-25 15:56:00,3.2945,3.2985,3.2925,3.2985,3.2995,3.3035,3.2975,3.3035,26
2026-06-25 15:57:00,3.299,3.3005,3.2975,3.298,3.304,3.3055,3.3025,3.303,22
2026-06-25 15:58:00,3.2975,3.3005,3.295,3.2955,3.3025,3.3055,3.3,3.3005,28
2026-06-25 15:59:00,3.295,3.2975,3.2925,3.2975,3.3,3.3025,3.2975,3.3025,32
2026-06-25 16:00:00,3.299,3.3025,3.299,3.3025,3.304,3.3075,3.304,3.3075,32
2026-06-25 16:01:00,3.302,3.3025,3.3005,3.3015,3.307,3.3075,3.3055,3.3065,7
2026-06-25 16:02:00,3.3015,3.3025,3.3015,3.3025,3.3065,3.3095,3.3065,3.3095,2
2026-06-25 16:03:00,3.3055,3.3075,3.3055,3.307,3.3105,3.3125,3.3105,3.312,21
2026-06-25 16:04:00,3.3075,3.3075,3.3065,3.3065,3.3125,3.3125,3.3105,3.3105,2
2026-06-25 16:05:00,3.305,3.3075,3.3035,3.3075,3.3095,3.3125,3.3085,3.3125,16
2026-06-25 16:06:00,3.3075,3.3075,3.3025,3.3045,3.3115,3.3125,3.3075,3.3085,18
2026-06-25 16:07:00,3.3055,3.3055,3.3005,3.3015,3.3105,3.3105,3.3055,3.3065,13
2026-06-25 16:08:00,3.3025,3.3035,3.3015,3.3035,3.3075,3.3085,3.3065,3.3085,10
2026-06-25 16:09:00,3.304,3.3065,3.3035,3.3055,3.309,3.3115,3.3085,3.3105,11
2026-06-25 16:10:00,3.3065,3.3065,3.3015,3.3015,3.3115,3.3115,3.3065,3.3065,8
2026-06-25 16:11:00,3.3005,3.3015,3.2995,3.3005,3.3055,3.3065,3.3045,3.3055,18
2026-06-25 16:12:00,3.3,3.301,3.2975,3.2985,3.305,3.306,3.3025,3.3035,23
2026-06-25 16:13:00,3.2995,3.3025,3.2995,3.3025,3.3045,3.3085,3.3045,3.3085,18
2026-06-25 16:14:00,3.2995,3.2995,3.2885,3.2925,3.3095,3.3095,3.295,3.2975,94
2026-06-25 16:15:00,3.292,3.2975,3.2915,3.297,3.299,3.3025,3.2985,3.302,39
2026-06-25 16:16:00,3.2975,3.2975,3.2955,3.2965,3.3015,3.3025,3.3005,3.3015,9
2026-06-25 16:17:00,3.2995,3.2995,3.297,3.2975,3.3045,3.3045,3.3015,3.3025,16
2026-06-25 16:18:00,3.2985,3.3005,3.2965,3.2985,3.3035,3.3055,3.303,3.3035,20
2026-06-25 16:19:00,3.2985,3.2995,3.2975,3.2975,3.3035,3.3045,3.3025,3.3025,17
2026-06-25 16:20:00,3.2985,3.2985,3.2965,3.2985,3.3035,3.3035,3.3015,3.3035,29
2026-06-25 16:21:00,3.2975,3.298,3.2965,3.297,3.3025,3.303,3.3005,3.3015,6
2026-06-25 16:22:00,3.2975,3.3025,3.2965,3.3015,3.3025,3.3075,3.3015,3.3065,19
2026-06-25 16:23:00,3.3035,3.3045,3.3035,3.3035,3.3085,3.3095,3.3085,3.3085,27
2026-06-25 16:24:00,3.3025,3.3025,3.2985,3.3005,3.3075,3.3075,3.3035,3.3055,30
2026-06-25 16:25:00,3.2995,3.3015,3.2985,3.2995,3.3045,3.3065,3.3035,3.3045,24
2026-06-25 16:26:00,3.299,3.3005,3.2865,3.2915,3.304,3.3055,3.2915,3.2965,47
2026-06-25 16:27:00,3.292,3.2935,3.2885,3.2905,3.297,3.2985,3.2935,3.2955,21
2026-06-25 16:28:00,3.291,3.2955,3.291,3.2945,3.296,3.3005,3.296,3.2995,33
2026-06-25 16:29:00,3.2945,3.2955,3.2885,3.292,3.2995,3.3005,3.2935,3.297,51
2026-06-25 16:30:00,3.293,3.293,3.2435,3.2485,3.298,3.298,3.2485,3.2535,348
2026-06-25 16:31:00,3.249,3.2515,3.2375,3.248,3.254,3.2565,3.2425,3.253,209
2026-06-25 16:32:00,3.2465,3.2565,3.2435,3.2555,3.2515,3.2615,3.2485,3.2605,110
2026-06-25 16:33:00,3.2545,3.2615,3.2535,3.2595,3.2595,3.2665,3.2585,3.2645,98
2026-06-25 16:34:00,3.2605,3.2615,3.2415,3.247,3.2655,3.2665,3.2465,3.252,153
2026-06-25 16:35:00,3.2475,3.2545,3.2455,3.25,3.2525,3.2595,3.2505,3.255,111
2026-06-25 16:36:00,3.2495,3.2495,3.2385,3.2425,3.2545,3.2545,3.2435,3.2475,85
2026-06-25 16:37:00,3.2415,3.2415,3.2355,3.2375,3.2465,3.2465,3.2405,3.2425,67
2026-06-25 16:38:00,3.2385,3.2385,3.2315,3.2335,3.2435,3.2435,3.2365,3.2385,73
2026-06-25 16:39:00,3.2325,3.2365,3.2325,3.2335,3.2375,3.2415,3.2375,3.2385,40
2026-06-25 16:40:00,3.2325,3.235,3.218,3.2205,3.2375,3.24,3.223,3.2255,109
2026-06-25 16:41:00,3.2195,3.2255,3.2185,3.2225,3.2245,3.2305,3.2235,3.2275,54
2026-06-25 16:42:00,3.2215,3.2245,3.2195,3.2215,3.2265,3.2295,3.2245,3.2265,62
2026-06-25 16:43:00,3.221,3.2245,3.2185,3.2215,3.226,3.2295,3.2235,3.2265,63
2026-06-25 16:44:00,3.2205,3.2245,3.2155,3.219,3.2255,3.2295,3.2205,3.224,70
2026-06-25 16:45:00,3.2195,3.2225,3.2125,3.2155,3.2245,3.2275,3.2175,3.2205,51
2026-06-25 16:46:00,3.2185,3.2195,3.2155,3.2165,3.2235,3.2245,3.2215,3.2215,18
2026-06-25 16:47:00,3.217,3.2195,3.2165,3.2185,3.222,3.2245,3.2215,3.2235,52
2026-06-25 16:48:00,3.2175,3.2175,3.2095,3.2145,3.2225,3.2225,3.2145,3.2195,89
2026-06-25 16:49:00,3.2155,3.2165,3.2105,3.2145,3.2205,3.2215,3.2155,3.2195,39
2026-06-25 16:50:00,3.2155,3.2205,3.2155,3.2205,3.2205,3.2255,3.2205,3.2255,53
2026-06-25 16:51:00,3.2215,3.2265,3.2205,3.2245,3.2265,3.2315,3.2255,3.2295,32
2026-06-25 16:52:00,3.225,3.2285,3.2215,3.2225,3.23,3.2335,3.2265,3.2275,47
2026-06-25 16:53:00,3.2215,3.2255,3.2215,3.2245,3.2265,3.2305,3.2265,3.2295,37
2026-06-25 16:54:00,3.224,3.2285,3.2235,3.2275,3.229,3.2335,3.2285,3.2325,29
2026-06-25 16:55:00,3.2265,3.2275,3.2225,3.2275,3.2315,3.2325,3.2275,3.2325,31
2026-06-25 16:56:00,3.2265,3.2315,3.2265,3.2305,3.2315,3.2365,3.2315,3.2355,21
2026-06-25 16:57:00,3.2305,3.2305,3.2265,3.2295,3.2355,3.2355,3.2315,3.2345,33
2026-06-25 16:58:00,3.2285,3.2335,3.2285,3.233,3.2335,3.2385,3.2335,3.238,33
2026-06-25 16:59:00,3.2325,3.2355,3.229,3.2335,3.2375,3.2405,3.234,3.2385,35
2026-06-25 17:00:00,3.2345,3.2385,3.2295,3.2385,3.2395,3.2435,3.2345,3.2435,53
2026-06-25 17:01:00,3.2375,3.2395,3.2365,3.2375,3.2425,3.2445,3.2415,3.2425,39
2026-06-25 17:02:00,3.238,3.238,3.2345,3.2365,3.2395,3.243,3.2395,3.2415,22
2026-06-25 17:03:00,3.2355,3.2495,3.2355,3.248,3.2405,3.2545,3.2405,3.253,48
2026-06-25 17:04:00,3.2475,3.2505,3.2465,3.2505,3.2525,3.2555,3.2505,3.2555,34
2026-06-25 17:05:00,3.25,3.2545,3.2475,3.2535,3.255,3.2595,3.2545,3.2585,51
2026-06-25 17:06:00,3.2525,3.2555,3.2505,3.2515,3.2575,3.2605,3.2555,3.2565,41
2026-06-25 17:07:00,3.2505,3.2585,3.2505,3.2575,3.2555,3.2635,3.2555,3.2625,42
2026-06-25 17:08:00,3.2585,3.2585,3.2535,3.2545,3.2635,3.2635,3.2585,3.2595,31
2026-06-25 17:09:00,3.2535,3.2555,3.2515,3.2545,3.2585,3.2605,3.2565,3.2575,21
2026-06-25 17:10:00,3.2535,3.2535,3.2505,3.2535,3.2585,3.2585,3.2555,3.2585,41
2026-06-25 17:11:00,3.253,3.2555,3.2525,3.2555,3.258,3.2635,3.2575,3.2615,14
2026-06-25 17:12:00,3.256,3.2585,3.2555,3.2565,3.2605,3.2635,3.2605,3.2615,21
2026-06-25 17:13:00,3.2585,3.2615,3.2575,3.2595,3.2635,3.2665,3.2625,3.2645,40
2026-06-25 17:14:00,3.261,3.2615,3.2595,3.2605,3.266,3.2665,3.2645,3.2655,12
2026-06-25 17:15:00,3.26,3.2615,3.2575,3.2585,3.265,3.2665,3.2625,3.2635,25
2026-06-25 17:16:00,3.2595,3.2665,3.2595,3.2655,3.2645,3.2715,3.2645,3.2705,35
2026-06-25 17:17:00,3.2645,3.2705,3.2645,3.2695,3.2695,3.2755,3.2695,3.2745,46
2026-06-25 17:18:00,3.2685,3.2695,3.2655,3.2695,3.2735,3.2745,3.2705,3.2745,38
2026-06-25 17:19:00,3.2685,3.2685,3.2635,3.2645,3.2735,3.2735,3.2685,3.2695,34
2026-06-25 17:20:00,3.2635,3.2695,3.2635,3.2695,3.2685,3.2745,3.2685,3.2745,43
2026-06-25 17:21:00,3.2705,3.2735,3.2695,3.2705,3.2755,3.2785,3.2745,3.2755,53
2026-06-25 17:22:00,3.2715,3.2735,3.2705,3.2725,3.2765,3.2785,3.2755,3.2775,28
2026-06-25 17:23:00,3.2735,3.2775,3.2725,3.276,3.2785,3.2825,3.2775,3.281,32
2026-06-25 17:24:00,3.2755,3.2765,3.2745,3.275,3.2805,3.2815,3.2795,3.28,44
2026-06-25 17:25:00,3.2755,3.2785,3.2735,3.2775,3.2805,3.2835,3.2785,3.2825,38
2026-06-25 17:26:00,3.2765,3.2785,3.2745,3.2765,3.2815,3.2835,3.2795,3.2815,24
2026-06-25 17:27:00,3.277,3.2825,3.277,3.2815,3.282,3.2875,3.282,3.2865,18
2026-06-25 17:28:00,3.2805,3.2825,3.2805,3.282,3.2855,3.2875,3.2855,3.287,29
2026-06-25 17:29:00,3.2815,3.2835,3.2785,3.2785,3.2865,3.2885,3.2835,3.2835,45
2026-06-25 17:30:00,3.2795,3.2795,3.2775,3.2795,3.2845,3.2845,3.2825,3.2845,21
2026-06-25 17:31:00,3.2805,3.2805,3.2785,3.2805,3.2855,3.2855,3.2835,3.2855,17
2026-06-25 17:32:00,3.2815,3.2855,3.2805,3.2845,3.2865,3.2905,3.2855,3.2895,38
2026-06-25 17:33:00,3.2855,3.2895,3.2835,3.2845,3.2905,3.2945,3.2885,3.2895,41
2026-06-25 17:34:00,3.2855,3.2905,3.2845,3.2885,3.2905,3.2955,3.2895,3.2935,29
2026-06-25 17:35:00,3.2895,3.2905,3.2835,3.2835,3.2945,3.2955,3.2885,3.2885,31
2026-06-25 17:36:00,3.2825,3.2865,3.2825,3.2845,3.2875,3.2915,3.2875,3.2895,11
2026-06-25 17:37:00,3.2855,3.2915,3.2855,3.2905,3.2905,3.2965,3.2905,3.2955,24
2026-06-25 17:38:00,3.2895,3.2895,3.2835,3.2835,3.2945,3.2945,3.2885,3.2885,36
2026-06-25 17:39:00,3.2845,3.2865,3.2835,3.2855,3.2895,3.2915,3.2885,3.2905,31
2026-06-25 17:40:00,3.2845,3.2855,3.2835,3.2845,3.2895,3.2905,3.2885,3.2895,21
2026-06-25 17:41:00,3.2855,3.2875,3.2835,3.2835,3.2905,3.2925,3.2885,3.2885,20
2026-06-25 17:42:00,3.284,3.2845,3.2805,3.2815,3.289,3.2895,3.2855,3.2865,35
2026-06-25 17:43:00,3.2805,3.2855,3.2795,3.2835,3.2855,3.2905,3.2845,3.2885,43
2026-06-25 17:44:00,3.2845,3.2875,3.2835,3.2855,3.2895,3.2925,3.2885,3.2905,34
2026-06-25 17:45:00,3.2865,3.29,3.2855,3.2895,3.2915,3.295,3.2905,3.2945,25
2026-06-25 17:46:00,3.2905,3.2905,3.2855,3.2855,3.2955,3.2955,3.2905,3.2905,21
2026-06-25 17:47:00,3.286,3.2915,3.2855,3.2885,3.291,3.2965,3.2905,3.2935,32
2026-06-25 17:48:00,3.289,3.2895,3.2875,3.2875,3.294,3.2945,3.2925,3.2925,16
2026-06-25 17:49:00,3.2885,3.2885,3.2835,3.2835,3.2935,3.2935,3.2885,3.2885,20
2026-06-25 17:50:00,3.283,3.2835,3.2795,3.28,3.288,3.2885,3.2845,3.285,37
2026-06-25 17:51:00,3.2805,3.2835,3.2795,3.2835,3.2855,3.2885,3.2845,3.2885,25
2026-06-25 17:52:00,3.283,3.2835,3.2775,3.2775,3.288,3.2885,3.2825,3.2825,41
2026-06-25 17:53:00,3.2785,3.2795,3.2715,3.2725,3.2835,3.2845,3.2765,3.2775,26
2026-06-25 17:54:00,3.2735,3.2745,3.2695,3.2725,3.2785,3.2795,3.2745,3.2775,32
2026-06-25 17:55:00,3.273,3.2785,3.273,3.2775,3.278,3.2835,3.278,3.2825,24
2026-06-25 17:56:00,3.278,3.2835,3.278,3.2805,3.283,3.2885,3.283,3.2855,40
2026-06-25 17:57:00,3.2815,3.2835,3.2815,3.2835,3.2865,3.2885,3.2865,3.2885,8
2026-06-25 17:58:00,3.283,3.2845,3.2825,3.2825,3.288,3.2895,3.2875,3.2875,13
2026-06-25 17:59:00,3.2835,3.2855,3.2825,3.283,3.2885,3.2905,3.2875,3.288,12
2026-06-25 18:00:00,3.2845,3.2855,3.2815,3.2835,3.2895,3.2905,3.2865,3.2885,21
2026-06-25 18:01:00,3.2825,3.2825,3.2815,3.2825,3.2875,3.2875,3.2865,3.2875,10
2026-06-25 18:02:00,3.2835,3.2835,3.2805,3.2825,3.2885,3.2885,3.2855,3.2875,21
2026-06-25 18:03:00,3.282,3.283,3.281,3.283,3.287,3.288,3.286,3.288,10
2026-06-25 18:04:00,3.2835,3.2855,3.2835,3.2845,3.2885,3.2905,3.2885,3.2895,13
2026-06-25 18:05:00,3.2855,3.2865,3.2845,3.2855,3.2905,3.2915,3.2895,3.2905,26
2026-06-25 18:06:00,3.286,3.2905,3.2855,3.2885,3.291,3.2955,3.2905,3.2935,55
2026-06-25 18:07:00,3.2895,3.2915,3.2885,3.291,3.2945,3.2965,3.2935,3.296,26
2026-06-25 18:08:00,3.2905,3.2905,3.2825,3.2845,3.2955,3.2955,3.2875,3.2895,30
2026-06-25 18:09:00,3.285,3.2885,3.2845,3.288,3.29,3.2935,3.2895,3.293,27
2026-06-25 18:10:00,3.2875,3.2895,3.2835,3.2845,3.2925,3.2945,3.2885,3.2895,39
2026-06-25 18:11:00,3.285,3.2885,3.2835,3.2885,3.29,3.2935,3.2885,3.2935,23
2026-06-25 18:12:00,3.2895,3.2895,3.2885,3.2895,3.2945,3.2945,3.2935,3.2945,23
2026-06-25 18:13:00,3.289,3.2895,3.2885,3.2895,3.294,3.2945,3.2935,3.2945,4
2026-06-25 18:14:00,3.2905,3.2905,3.2885,3.29,3.2955,3.2955,3.2935,3.295,15
2026-06-25 18:15:00,3.2895,3.2895,3.2865,3.289,3.2945,3.2945,3.2915,3.294,18
2026-06-25 18:16:00,3.2895,3.2905,3.2885,3.2895,3.2945,3.2955,3.2935,3.2945,22
2026-06-25 18:17:00,3.29,3.2905,3.2885,3.2885,3.295,3.2955,3.2935,3.2935,25
2026-06-25 18:18:00,3.289,3.2905,3.2885,3.2905,3.294,3.2955,3.2935,3.2955,7
2026-06-25 18:19:00,3.291,3.291,3.2865,3.2875,3.296,3.296,3.2915,3.2925,15
2026-06-25 18:20:00,3.288,3.2895,3.2865,3.2875,3.293,3.2945,3.2915,3.2925,23
2026-06-25 18:21:00,3.288,3.288,3.2855,3.2865,3.293,3.293,3.2905,3.2915,12
2026-06-25 18:22:00,3.2875,3.2885,3.2875,3.2875,3.2925,3.2935,3.2925,3.2925,7
2026-06-25 18:23:00,3.2865,3.2935,3.2865,3.292,3.2915,3.2985,3.2915,3.297,31
2026-06-25 18:24:00,3.2915,3.2925,3.2855,3.2855,3.2965,3.2975,3.2905,3.2905,20
2026-06-25 18:25:00,3.2865,3.2865,3.2855,3.2865,3.2915,3.2915,3.2905,3.2915,24
2026-06-25 18:26:00,3.2855,3.2865,3.2815,3.2815,3.2905,3.2915,3.2865,3.2865,22
2026-06-25 18:27:00,3.2805,3.2825,3.2795,3.28,3.2855,3.2875,3.2845,3.285,27
2026-06-25 18:28:00,3.2805,3.282,3.2795,3.2815,3.2855,3.287,3.2845,3.2865,14
2026-06-25 18:29:00,3.2825,3.2835,3.2745,3.2745,3.2875,3.2885,3.2795,3.2795,38
2026-06-25 18:30:00,3.2735,3.2745,3.2585,3.263,3.2785,3.2795,3.2635,3.268,128
2026-06-25 18:31:00,3.2635,3.2655,3.2595,3.262,3.2685,3.2705,3.2645,3.267,91
2026-06-25 18:32:00,3.2625,3.2645,3.26,3.261,3.2675,3.2695,3.265,3.266,34
2026-06-25 18:33:00,3.2605,3.262,3.2595,3.2615,3.2655,3.267,3.2645,3.2665,22
2026-06-25 18:34:00,3.2625,3.2635,3.2615,3.262,3.2675,3.2685,3.2665,3.267,35
2026-06-25 18:35:00,3.2625,3.2635,3.2605,3.2615,3.2675,3.2685,3.2655,3.2665,22
2026-06-25 18:36:00,3.262,3.2675,3.262,3.2675,3.267,3.2725,3.267,3.2725,23
2026-06-25 18:37:00,3.2665,3.2695,3.259,3.263,3.2715,3.2745,3.264,3.268,57
2026-06-25 18:38:00,3.2625,3.2645,3.2605,3.2625,3.2675,3.2695,3.2655,3.2675,46
2026-06-25 18:39:00,3.2615,3.2625,3.2605,3.262,3.2665,3.2675,3.2655,3.267,39
2026-06-25 18:40:00,3.2625,3.2655,3.2615,3.2635,3.2675,3.2705,3.2665,3.2685,20
2026-06-25 18:41:00,3.2645,3.265,3.2625,3.2645,3.2695,3.27,3.2675,3.2695,25
2026-06-25 18:42:00,3.2655,3.266,3.2605,3.2615,3.2705,3.271,3.2655,3.2665,21
2026-06-25 18:43:00,3.2625,3.263,3.2595,3.263,3.2675,3.268,3.2645,3.268,18
2026-06-25 18:44:00,3.2635,3.2635,3.26,3.2625,3.2685,3.2685,3.265,3.2675,26
2026-06-25 18:45:00,3.2635,3.2655,3.2615,3.2655,3.2685,3.2705,3.2665,3.2705,28
2026-06-25 18:46:00,3.2665,3.2675,3.2655,3.2665,3.2715,3.2725,3.2705,3.2715,22
2026-06-25 18:47:00,3.2675,3.2675,3.2605,3.263,3.2725,3.2725,3.2655,3.268,31
2026-06-25 18:48:00,3.2635,3.2645,3.2615,3.2635,3.2685,3.2695,3.2665,3.2685,27
2026-06-25 18:49:00,3.2645,3.2645,3.2635,3.2635,3.2695,3.2695,3.2685,3.2685,2
2026-06-25 18:50:00,3.2645,3.2645,3.2615,3.2635,3.2695,3.2695,3.2665,3.2685,31
2026-06-25 18:51:00,3.264,3.2665,3.2635,3.2665,3.269,3.2715,3.2685,3.2715,17
2026-06-25 18:52:00,3.267,3.267,3.2635,3.265,3.272,3.272,3.2685,3.27,19
2026-06-25 18:53:00,3.2655,3.2685,3.2645,3.268,3.2705,3.2735,3.2695,3.273,33
2026-06-25 18:54:00,3.2675,3.2705,3.2655,3.2675,3.2725,3.2755,3.2705,3.2725,25
2026-06-25 18:55:00,3.2665,3.267,3.2635,3.2645,3.2715,3.272,3.2685,3.2695,14
2026-06-25 18:56:00,3.2635,3.2645,3.2625,3.2635,3.2685,3.2695,3.2675,3.2685,8
2026-06-25 18:57:00,3.2625,3.2665,3.2605,3.2655,3.2675,3.2715,3.2655,3.2705,23
2026-06-25 18:58:00,3.2665,3.2675,3.2655,3.2665,3.2715,3.2725,3.2705,3.2715,18
2026-06-25 18:59:00,3.2675,3.2675,3.2655,3.266,3.2725,3.2725,3.2705,3.271,5
2026-06-25 19:00:00,3.2655,3.2675,3.2605,3.2665,3.2705,3.2725,3.2655,3.2715,25
2026-06-25 19:01:00,3.266,3.2705,3.2645,3.2665,3.271,3.2755,3.2695,3.2715,28
2026-06-25 19:02:00,3.267,3.2675,3.2655,3.2655,3.272,3.2725,3.2705,3.2705,10
2026-06-25 19:03:00,3.2645,3.267,3.2635,3.2655,3.2695,3.272,3.2685,3.2705,18
2026-06-25 19:04:00,3.265,3.2665,3.2635,3.2635,3.27,3.2715,3.2685,3.2685,15
2026-06-25 19:05:00,3.2625,3.2675,3.2625,3.2665,3.2675,3.2725,3.2675,3.2715,17
2026-06-25 19:06:00,3.2675,3.2695,3.2645,3.2655,3.2725,3.2745,3.2695,3.2705,26
2026-06-25 19:07:00,3.2665,3.2665,3.2635,3.2645,3.2715,3.2715,3.2685,3.2695,22
2026-06-25 19:08:00,3.2635,3.2675,3.2625,3.2665,3.2685,3.2725,3.2675,3.2715,23
2026-06-25 19:09:00,3.267,3.2675,3.2665,3.2675,3.272,3.2725,3.2715,3.2725,32
2026-06-25 19:10:00,3.2685,3.2695,3.2635,3.264,3.2735,3.2745,3.2685,3.269,26
2026-06-25 19:11:00,3.2635,3.2645,3.2595,3.2615,3.2685,3.2695,3.2645,3.2665,24
2026-06-25 19:12:00,3.261,3.2625,3.2595,3.2625,3.266,3.2675,3.2645,3.2675,14
2026-06-25 19:13:00,3.2635,3.2655,3.2635,3.2655,3.2685,3.2705,3.2685,3.2705,7
2026-06-25 19:14:00,3.266,3.2675,3.2655,3.2665,3.271,3.2725,3.2705,3.2715,18
2026-06-25 19:15:00,3.2675,3.2695,3.2665,3.269,3.2725,3.2745,3.2715,3.274,20
2026-06-25 19:16:00,3.2695,3.2735,3.2695,3.2705,3.2745,3.2785,3.2745,3.2755,39
2026-06-25 19:17:00,3.2695,3.271,3.2695,3.2695,3.2745,3.276,3.2745,3.2745,9
2026-06-25 19:18:00,3.2705,3.2715,3.2695,3.2705,3.2755,3.2765,3.2745,3.2755,18
2026-06-25 19:19:00,3.2695,3.2705,3.2645,3.2655,3.2745,3.2755,3.2695,3.2705,32
2026-06-25 19:20:00,3.2665,3.2685,3.2655,3.2655,3.2715,3.2735,3.2705,3.2705,13
2026-06-25 19:21:00,3.266,3.2675,3.266,3.2675,3.271,3.2725,3.271,3.2725,5
2026-06-25 19:22:00,3.2685,3.2685,3.2675,3.2675,3.2735,3.2735,3.2725,3.2725,7
2026-06-25 19:23:00,3.2665,3.2665,3.2575,3.2585,3.2715,3.2715,3.2625,3.2635,46
2026-06-25 19:24:00,3.258,3.2605,3.258,3.2595,3.263,3.2655,3.263,3.2645,19
2026-06-25 19:25:00,3.259,3.2595,3.2555,3.2555,3.264,3.2645,3.2605,3.2605,34
2026-06-25 19:26:00,3.256,3.2585,3.2525,3.2535,3.261,3.2635,3.2575,3.2585,41
2026-06-25 19:27:00,3.2545,3.2575,3.2505,3.2575,3.2595,3.2625,3.2555,3.2625,41
2026-06-25 19:28:00,3.2585,3.2595,3.256,3.2585,3.2635,3.2645,3.261,3.2635,32
2026-06-25 19:29:00,3.258,3.2585,3.2555,3.2585,3.263,3.2635,3.2605,3.2635,26
2026-06-25 19:30:00,3.258,3.2645,3.2575,3.2645,3.263,3.2695,3.2625,3.2695,18
2026-06-25 19:31:00,3.264,3.2655,3.264,3.2645,3.269,3.2705,3.269,3.2695,11
2026-06-25 19:32:00,3.2655,3.2655,3.2605,3.2605,3.2705,3.2705,3.2655,3.2655,20
2026-06-25 19:33:00,3.2615,3.2645,3.2615,3.2645,3.2665,3.2695,3.2665,3.2695,13
2026-06-25 19:34:00,3.2655,3.2675,3.2635,3.2675,3.2705,3.2725,3.2685,3.2725,14
2026-06-25 19:35:00,3.267,3.2675,3.2645,3.265,3.272,3.2725,3.2695,3.27,10
2026-06-25 19:36:00,3.2645,3.2755,3.2645,3.2745,3.2695,3.2805,3.2695,3.2795,30
2026-06-25 19:37:00,3.2735,3.2775,3.2735,3.2775,3.2785,3.2825,3.2785,3.2825,38
2026-06-25 19:38:00,3.277,3.2825,3.276,3.2775,3.282,3.2875,3.281,3.2825,44
2026-06-25 19:39:00,3.2785,3.2785,3.2755,3.2755,3.2835,3.2835,3.2805,3.2805,29
2026-06-25 19:40:00,3.2745,3.2765,3.2725,3.2735,3.2795,3.2815,3.2775,3.2785,45
2026-06-25 19:41:00,3.274,3.2755,3.2735,3.2735,3.279,3.2805,3.2785,3.2785,13
2026-06-25 19:42:00,3.273,3.2785,3.2705,3.2765,3.278,3.2835,3.2755,3.2815,30
2026-06-25 19:43:00,3.2755,3.2775,3.271,3.2725,3.2805,3.2825,3.276,3.2775,29
2026-06-25 19:44:00,3.273,3.2745,3.2725,3.2745,3.278,3.2795,3.2775,3.2795,17
2026-06-25 19:45:00,3.275,3.2785,3.2745,3.2775,3.28,3.2835,3.2795,3.2825,37
2026-06-25 19:46:00,3.2765,3.2775,3.2745,3.2765,3.2815,3.2825,3.2795,3.2815,22
2026-06-25 19:47:00,3.2775,3.2815,3.2755,3.2805,3.2825,3.2865,3.2805,3.2855,25
2026-06-25 19:48:00,3.2815,3.2835,3.2795,3.2835,3.2865,3.2885,3.2845,3.2885,25
2026-06-25 19:49:00,3.2845,3.2875,3.2825,3.2825,3.2895,3.2925,3.2875,3.2875,42
2026-06-25 19:50:00,3.2815,3.2825,3.2805,3.2805,3.2865,3.2875,3.2855,3.2855,15
2026-06-25 19:51:00,3.2815,3.2895,3.2795,3.287,3.2865,3.2945,3.2845,3.292,41
2026-06-25 19:52:00,3.2875,3.2905,3.2855,3.2895,3.2925,3.2955,3.2905,3.2945,50
2026-06-25 19:53:00,3.2885,3.2925,3.2885,3.2905,3.2935,3.2975,3.2935,3.2955,37
2026-06-25 19:54:00,3.2915,3.2965,3.2905,3.2925,3.2965,3.3015,3.2955,3.2975,78
2026-06-25 19:55:00,3.293,3.2945,3.2915,3.2945,3.298,3.2995,3.2965,3.2995,26
2026-06-25 19:56:00,3.294,3.2945,3.2905,3.2915,3.299,3.2995,3.2955,3.2965,28
2026-06-25 19:57:00,3.291,3.2925,3.2885,3.2915,3.296,3.2975,3.2935,3.2965,29
2026-06-25 19:58:00,3.292,3.2925,3.2905,3.2915,3.297,3.2975,3.2955,3.2965,21
2026-06-25 19:59:00,3.2925,3.2945,3.2915,3.2925,3.2975,3.2995,3.2965,3.2975,22
2026-06-25 20:00:00,3.2915,3.2935,3.2895,3.2895,3.2965,3.2985,3.2945,3.2945,41
2026-06-25 20:01:00,3.289,3.291,3.2875,3.2895,3.294,3.296,3.2925,3.2945,23
2026-06-25 20:02:00,3.29,3.29,3.2865,3.287,3.295,3.295,3.2915,3.292,33
2026-06-25 20:03:00,3.2875,3.3005,3.2875,3.3005,3.2925,3.3055,3.2925,3.3055,66
2026-06-25 20:04:00,3.3,3.3095,3.2995,3.3075,3.305,3.3145,3.3045,3.3125,139
2026-06-25 20:05:00,3.307,3.3095,3.3065,3.307,3.312,3.3145,3.3115,3.312,77
2026-06-25 20:06:00,3.3065,3.3085,3.3045,3.3065,3.3115,3.3135,3.3095,3.3115,65
2026-06-25 20:07:00,3.3045,3.3065,3.2995,3.3015,3.3095,3.3115,3.3045,3.3065,53
2026-06-25 20:08:00,3.3025,3.3025,3.296,3.298,3.3075,3.3075,3.301,3.303,49
2026-06-25 20:09:00,3.2985,3.3015,3.2955,3.3005,3.3035,3.3065,3.3005,3.3055,64
2026-06-25 20:10:00,3.3,3.3015,3.2915,3.2925,3.305,3.3065,3.2965,3.2975,56
2026-06-25 20:11:00,3.292,3.293,3.2885,3.2925,3.297,3.298,3.2935,3.2975,27
2026-06-25 20:12:00,3.293,3.2935,3.2905,3.293,3.298,3.2985,3.2955,3.298,29
2026-06-25 20:13:00,3.2935,3.2935,3.2905,3.2905,3.2985,3.2985,3.2955,3.2955,40
2026-06-25 20:14:00,3.291,3.2935,3.2905,3.2915,3.296,3.2985,3.2955,3.2965,35
2026-06-25 20:15:00,3.292,3.2955,3.2895,3.2905,3.297,3.3005,3.2945,3.2955,51
2026-06-25 20:16:00,3.2895,3.2915,3.2855,3.288,3.2945,3.2965,3.2905,3.293,59
2026-06-25 20:17:00,3.2885,3.2895,3.288,3.2895,3.2935,3.2945,3.293,3.2945,38
2026-06-25 20:18:00,3.29,3.2935,3.2885,3.293,3.295,3.2985,3.2935,3.298,34
2026-06-25 20:19:00,3.2935,3.2945,3.2925,3.294,3.2985,3.2995,3.2975,3.299,33
2026-06-25 20:20:00,3.2945,3.2945,3.2865,3.287,3.2995,3.2995,3.2915,3.292,40
2026-06-25 20:21:00,3.2875,3.2915,3.2835,3.29,3.2925,3.2965,3.2885,3.295,74
2026-06-25 20:22:00,3.2905,3.2915,3.2865,3.2865,3.2955,3.2965,3.2915,3.2915,39
2026-06-25 20:23:00,3.2875,3.2895,3.2865,3.289,3.2925,3.2945,3.2915,3.294,32
2026-06-25 20:24:00,3.2895,3.2915,3.2865,3.2875,3.2945,3.2965,3.2915,3.2925,46
2026-06-25 20:25:00,3.287,3.2985,3.286,3.2975,3.292,3.3035,3.291,3.3025,92
2026-06-25 20:26:00,3.2965,3.2995,3.2955,3.298,3.3015,3.3045,3.3005,3.303,60
2026-06-25 20:27:00,3.2975,3.3005,3.2945,3.298,3.3025,3.3055,3.2995,3.303,131
2026-06-25 20:28:00,3.299,3.3075,3.2745,3.2795,3.304,3.3125,3.2795,3.2845,320
2026-06-25 20:29:00,3.2805,3.2815,3.2715,3.2725,3.2855,3.2865,3.2765,3.2775,147
2026-06-25 20:30:00,3.273,3.2745,3.2655,3.2685,3.278,3.2795,3.2705,3.2735,101
2026-06-25 20:31:00,3.2675,3.2685,3.2625,3.2635,3.2725,3.2735,3.2675,3.2685,65
2026-06-25 20:32:00,3.2625,3.2655,3.2595,3.2595,3.2675,3.2705,3.2645,3.2645,42
2026-06-25 20:33:00,3.2585,3.2625,3.2585,3.259,3.2635,3.2675,3.2635,3.264,42
2026-06-25 20:34:00,3.2595,3.2605,3.2565,3.2575,3.2645,3.2655,3.2615,3.2625,21
2026-06-25 20:35:00,3.257,3.2585,3.2535,3.255,3.262,3.2635,3.2585,3.26,52
2026-06-25 20:36:00,3.2535,3.2545,3.2505,3.251,3.2585,3.2595,3.2555,3.256,40
2026-06-25 20:37:00,3.2505,3.2545,3.25,3.2545,3.2555,3.2595,3.255,3.2595,27
2026-06-25 20:38:00,3.254,3.256,3.2505,3.2515,3.259,3.261,3.2555,3.2565,39
2026-06-25 20:39:00,3.252,3.252,3.2485,3.249,3.257,3.257,3.2535,3.254,33
2026-06-25 20:40:00,3.2485,3.2485,3.2425,3.2455,3.2535,3.2535,3.2475,3.2505,31
2026-06-25 20:41:00,3.245,3.2475,3.2435,3.245,3.25,3.2525,3.2485,3.25,30
2026-06-25 20:42:00,3.2455,3.2485,3.2455,3.2475,3.2505,3.2535,3.2505,3.2525,21
2026-06-25 20:43:00,3.2465,3.2465,3.2455,3.2455,3.2515,3.2515,3.2505,3.2505,21
2026-06-25 20:44:00,3.246,3.2495,3.246,3.2485,3.251,3.2545,3.251,3.2535,22
2026-06-25 20:45:00,3.248,3.2515,3.2475,3.2505,3.253,3.2565,3.2525,3.2555,18
2026-06-25 20:46:00,3.2495,3.2505,3.2485,3.249,3.2545,3.2555,3.2535,3.254,22
2026-06-25 20:47:00,3.2485,3.2485,3.2465,3.2465,3.2535,3.2535,3.2515,3.2515,8
2026-06-25 20:48:00,3.246,3.2465,3.2445,3.245,3.251,3.2515,3.2495,3.25,11
2026-06-25 20:49:00,3.2445,3.2445,3.2415,3.2415,3.2495,3.2495,3.2465,3.2465,15
2026-06-25 20:50:00,3.2405,3.2455,3.2385,3.2455,3.2455,3.2505,3.2435,3.2505,50
2026-06-25 20:51:00,3.245,3.2455,3.2425,3.2435,3.25,3.2505,3.2475,3.2485,19
2026-06-25 20:52:00,3.243,3.2455,3.2395,3.2435,3.248,3.2505,3.2445,3.2485,20
2026-06-25 20:53:00,3.2445,3.2445,3.2415,3.2415,3.2495,3.2495,3.2465,3.2465,22
2026-06-25 20:54:00,3.242,3.242,3.2395,3.2405,3.247,3.247,3.2445,3.2455,10
2026-06-25 20:55:00,3.2395,3.2405,3.2385,3.2395,3.2445,3.2455,3.2435,3.2445,8
2026-06-25 20:56:00,3.2385,3.2405,3.2375,3.2395,3.2435,3.2455,3.2425,3.2445,14
2026-06-25 20:57:00,3.2385,3.2405,3.2375,3.2395,3.2435,3.2455,3.2425,3.2445,6
2026-06-25 20:58:00,3.239,3.2395,3.2355,3.2365,3.244,3.2445,3.2405,3.2415,13
2026-06-25 20:59:00,3.2375,3.238,3.2345,3.2355,3.2425,3.243,3.2395,3.2405,23
2026-06-25 21:00:00,3.235,3.2355,3.2325,3.2355,3.24,3.2405,3.2375,3.2405,16
2026-06-25 21:01:00,3.2365,3.2375,3.2355,3.2355,3.2415,3.2425,3.2405,3.2405,11
2026-06-25 21:02:00,3.236,3.2365,3.2345,3.2345,3.241,3.2415,3.2395,3.2395,4
2026-06-25 21:03:00,3.2335,3.236,3.2335,3.236,3.2385,3.241,3.2385,3.241,8
2026-06-25 21:04:00,3.2365,3.2365,3.2355,3.2355,3.2415,3.2415,3.2405,3.2405,2
2026-06-25 21:05:00,3.235,3.2395,3.2345,3.2395,3.24,3.2445,3.2395,3.2445,14
2026-06-25 21:06:00,3.2385,3.2385,3.2365,3.2375,3.2435,3.2435,3.2415,3.2425,6
2026-06-25 21:07:00,3.2365,3.2385,3.2365,3.2385,3.2415,3.2435,3.2415,3.2435,7
2026-06-25 21:08:00,3.239,3.2465,3.2385,3.246,3.244,3.2515,3.2435,3.251,35
2026-06-25 21:09:00,3.2465,3.2505,3.2445,3.2495,3.2515,3.2555,3.2495,3.2545,31
2026-06-25 21:10:00,3.2485,3.2495,3.2465,3.2485,3.2535,3.2545,3.2515,3.2535,17
2026-06-25 21:11:00,3.2475,3.2485,3.2475,3.2485,3.2525,3.2535,3.2525,3.2535,8
2026-06-25 21:12:00,3.2495,3.2515,3.2485,3.2505,3.2545,3.2565,3.2535,3.2555,15
2026-06-25 21:13:00,3.251,3.2515,3.2465,3.2485,3.256,3.2565,3.2515,3.2535,13
2026-06-25 21:14:00,3.2495,3.2495,3.247,3.2485,3.2545,3.2545,3.252,3.2535,9
2026-06-25 21:15:00,3.2495,3.2515,3.2495,3.2505,3.2545,3.2565,3.2545,3.2555,17
2026-06-25 21:16:00,3.2515,3.2515,3.2505,3.251,3.2565,3.2565,3.2555,3.256,7
2026-06-25 21:17:00,3.2505,3.2505,3.2495,3.2505,3.2555,3.2555,3.2545,3.2555,5
2026-06-25 21:18:00,3.2515,3.2535,3.25,3.2525,3.2565,3.2585,3.255,3.2575,15
2026-06-25 21:19:00,3.253,3.253,3.2505,3.2515,3.258,3.258,3.2555,3.2565,9
2026-06-25 21:20:00,3.252,3.2525,3.252,3.2525,3.257,3.2575,3.257,3.2575,2
2026-06-25 21:21:00,3.253,3.2535,3.2525,3.2535,3.258,3.2585,3.2575,3.2585,3
2026-06-25 21:22:00,3.253,3.2535,3.2505,3.251,3.258,3.2585,3.2555,3.256,19
2026-06-25 21:23:00,3.2505,3.2505,3.2485,3.2495,3.2555,3.2555,3.2535,3.2545,10
2026-06-25 21:24:00,3.249,3.2495,3.2475,3.2475,3.254,3.2545,3.2525,3.2525,5
2026-06-25 21:25:00,3.2485,3.2485,3.2465,3.248,3.2535,3.2535,3.2515,3.253,7
2026-06-25 21:26:00,3.2475,3.2485,3.2475,3.2485,3.2525,3.2535,3.2525,3.2535,5
2026-06-25 21:27:00,3.2495,3.2495,3.2465,3.2465,3.2545,3.2545,3.2515,3.2515,15
2026-06-25 21:28:00,3.2455,3.2465,3.2455,3.2465,3.2505,3.2515,3.2505,3.2515,2
2026-06-25 21:29:00,3.2455,3.2455,3.2455,3.2455,3.2505,3.2505,3.2505,3.2505,1
2026-06-25 21:30:00,3.2465,3.2485,3.2455,3.2475,3.2515,3.2535,3.2505,3.2525,7
2026-06-25 21:32:00,3.2485,3.2485,3.2465,3.247,3.2535,3.2535,3.2515,3.252,5
2026-06-25 21:33:00,3.2465,3.247,3.2465,3.2465,3.2515,3.252,3.2515,3.2515,3
2026-06-25 21:34:00,3.2475,3.2475,3.2455,3.2455,3.2525,3.2525,3.2505,3.2505,3
2026-06-25 21:35:00,3.2465,3.2495,3.2465,3.2495,3.2515,3.2545,3.2515,3.2545,7
2026-06-25 21:36:00,3.25,3.2505,3.2495,3.2505,3.255,3.2555,3.2545,3.2555,8
2026-06-25 21:38:00,3.2495,3.252,3.2495,3.2505,3.2545,3.257,3.2545,3.2555,12
2026-06-25 21:39:00,3.251,3.251,3.2505,3.2505,3.256,3.256,3.2555,3.2555,2
2026-06-25 21:40:00,3.25,3.2505,3.2495,3.2505,3.255,3.2555,3.2545,3.2555,15
2026-06-25 21:42:00,3.2515,3.2515,3.2475,3.248,3.2565,3.2565,3.2525,3.253,18
2026-06-25 21:43:00,3.2485,3.2505,3.2485,3.2485,3.2535,3.2555,3.2535,3.2535,12
2026-06-25 21:44:00,3.2475,3.2475,3.247,3.247,3.2525,3.2525,3.252,3.252,2
2026-06-25 21:45:00,3.2465,3.2495,3.2465,3.2485,3.2515,3.2545,3.2515,3.2535,12
2026-06-25 21:46:00,3.249,3.2505,3.2485,3.2485,3.254,3.2555,3.2535,3.2535,12
2026-06-25 21:47:00,3.249,3.2495,3.2485,3.2485,3.254,3.2545,3.2535,3.2535,6
2026-06-25 21:48:00,3.2475,3.2485,3.2455,3.2465,3.2525,3.2535,3.2505,3.2515,9
2026-06-25 21:50:00,3.246,3.2475,3.246,3.2475,3.251,3.2525,3.251,3.2525,3
2026-06-25 21:51:00,3.247,3.2475,3.2465,3.2475,3.252,3.2525,3.2515,3.2525,4
2026-06-25 21:52:00,3.2465,3.2475,3.2465,3.247,3.2515,3.2525,3.2515,3.252,4
2026-06-25 21:53:00,3.2465,3.2475,3.246,3.2465,3.2515,3.2525,3.251,3.2515,8
2026-06-25 21:54:00,3.246,3.2475,3.2455,3.2475,3.251,3.2525,3.2505,3.2525,7
2026-06-25 21:55:00,3.249,3.2575,3.249,3.257,3.254,3.2625,3.254,3.262,36
2026-06-25 21:56:00,3.2565,3.2575,3.2565,3.2565,3.2615,3.2625,3.2615,3.2615,12
2026-06-25 21:57:00,3.256,3.2565,3.255,3.255,3.261,3.2615,3.26,3.26,5
2026-06-25 21:58:00,3.2555,3.2565,3.2545,3.2565,3.2605,3.2615,3.2595,3.2615,13
2026-06-25 21:59:00,3.256,3.2565,3.2555,3.256,3.261,3.2615,3.2605,3.261,6
2026-06-25 22:00:00,3.257,3.257,3.2565,3.2565,3.262,3.262,3.2615,3.2615,2
2026-06-25 22:01:00,3.256,3.2565,3.2555,3.2555,3.261,3.2615,3.2605,3.2605,9
2026-06-25 22:02:00,3.2545,3.2555,3.2545,3.255,3.2595,3.2605,3.2595,3.26,5
2026-06-25 22:03:00,3.2555,3.2555,3.255,3.255,3.2605,3.2605,3.26,3.26,2
2026-06-25 22:04:00,3.2545,3.255,3.2535,3.255,3.2595,3.26,3.2585,3.26,6
2026-06-25 22:05:00,3.2545,3.2555,3.2545,3.2545,3.2595,3.2605,3.2595,3.2595,4
2026-06-25 22:06:00,3.255,3.255,3.2545,3.255,3.26,3.26,3.2595,3.26,3
2026-06-25 22:07:00,3.2545,3.255,3.2535,3.2535,3.2595,3.26,3.2585,3.2585,5
2026-06-25 22:08:00,3.253,3.2545,3.25,3.25,3.258,3.2595,3.255,3.255,18
2026-06-25 22:09:00,3.2495,3.2495,3.247,3.247,3.2545,3.2545,3.252,3.252,10
2026-06-25 22:10:00,3.2475,3.248,3.2465,3.248,3.2525,3.253,3.2515,3.253,10
2026-06-25 22:11:00,3.2475,3.2485,3.2475,3.2485,3.2525,3.2535,3.2525,3.2535,11
2026-06-25 22:12:00,3.2495,3.253,3.2475,3.253,3.2545,3.258,3.2525,3.258,17
2026-06-25 22:13:00,3.2525,3.2545,3.2525,3.254,3.2575,3.2595,3.2575,3.259,9
2026-06-25 22:14:00,3.2545,3.2545,3.253,3.2535,3.2595,3.2595,3.258,3.2585,8
2026-06-25 22:15:00,3.2525,3.253,3.2515,3.252,3.2575,3.258,3.2565,3.257,5
2026-06-25 22:16:00,3.2515,3.2555,3.2515,3.255,3.2565,3.2605,3.2565,3.26,9
2026-06-25 22:17:00,3.2555,3.2555,3.2545,3.2545,3.2605,3.2605,3.2595,3.2595,3
2026-06-25 22:19:00,3.255,3.255,3.255,3.255,3.26,3.26,3.26,3.26,1
2026-06-25 22:20:00,3.2545,3.2545,3.2545,3.2545,3.2595,3.2595,3.2595,3.2595,1
2026-06-25 22:21:00,3.2555,3.2555,3.2555,3.2555,3.2605,3.2605,3.2605,3.2605,1
2026-06-25 22:22:00,3.2565,3.257,3.2565,3.2565,3.2615,3.262,3.2615,3.2615,11
2026-06-25 22:23:00,3.2575,3.2595,3.2575,3.2595,3.2625,3.2645,3.2625,3.2645,3
2026-06-25 22:24:00,3.2585,3.2595,3.258,3.259,3.2635,3.2645,3.263,3.264,5
2026-06-25 22:25:00,3.2585,3.261,3.2585,3.261,3.2635,3.266,3.2635,3.266,5
2026-06-25 22:26:00,3.2615,3.2615,3.2605,3.2605,3.2665,3.2665,3.2655,3.2655,2
2026-06-25 22:27:00,3.2615,3.2615,3.2585,3.2585,3.2665,3.2665,3.2635,3.2635,6
2026-06-25 22:28:00,3.2595,3.2595,3.2585,3.2595,3.2645,3.2645,3.2635,3.2645,5
2026-06-25 22:29:00,3.2585,3.2605,3.2585,3.2595,3.2635,3.2655,3.2635,3.2645,9
2026-06-25 22:32:00,3.261,3.261,3.2595,3.2595,3.266,3.266,3.2645,3.2645,5
2026-06-25 22:33:00,3.2605,3.2615,3.2605,3.2615,3.2655,3.2665,3.2655,3.2665,3
2026-06-25 22:34:00,3.261,3.263,3.2605,3.263,3.266,3.268,3.2655,3.268,9
2026-06-25 22:35:00,3.2625,3.263,3.2625,3.2625,3.2675,3.268,3.2675,3.2675,3
2026-06-25 22:36:00,3.263,3.2635,3.263,3.2635,3.268,3.2685,3.268,3.2685,2
2026-06-25 22:38:00,3.2625,3.2625,3.2625,3.2625,3.2675,3.2675,3.2675,3.2675,1
2026-06-25 22:39:00,3.262,3.2625,3.262,3.2625,3.267,3.2675,3.267,3.2675,2
2026-06-25 22:40:00,3.2635,3.264,3.2635,3.2635,3.2685,3.269,3.2685,3.2685,3
2026-06-25 22:41:00,3.2645,3.265,3.2635,3.2645,3.2695,3.27,3.2685,3.2695,6
2026-06-25 22:42:00,3.264,3.2655,3.264,3.264,3.269,3.2705,3.269,3.269,10
2026-06-25 22:43:00,3.263,3.263,3.261,3.2615,3.268,3.268,3.266,3.2665,5
2026-06-25 22:44:00,3.262,3.262,3.262,3.262,3.267,3.267,3.267,3.267,1
2026-06-25 22:45:00,3.2615,3.2615,3.2605,3.261,3.2665,3.2665,3.2655,3.266,4
2026-06-25 22:46:00,3.2605,3.2605,3.26,3.26,3.2655,3.2655,3.265,3.265,12
2026-06-25 22:47:00,3.2605,3.2605,3.26,3.26,3.2655,3.2655,3.265,3.265,2
2026-06-25 22:48:00,3.2605,3.2605,3.2605,3.2605,3.2655,3.2655,3.2655,3.2655,1
2026-06-25 22:49:00,3.26,3.26,3.259,3.2595,3.265,3.265,3.264,3.2645,4
2026-06-25 22:50:00,3.2585,3.259,3.2585,3.259,3.2635,3.264,3.2635,3.264,4
2026-06-25 22:51:00,3.2595,3.2605,3.2595,3.2595,3.2645,3.2655,3.2645,3.2645,4
2026-06-25 22:52:00,3.26,3.26,3.2585,3.259,3.265,3.265,3.2635,3.264,5
2026-06-25 22:53:00,3.2585,3.26,3.2585,3.2585,3.2635,3.265,3.2635,3.2635,5
2026-06-25 22:54:00,3.259,3.2605,3.259,3.2605,3.264,3.2655,3.264,3.2655,6
2026-06-25 22:55:00,3.261,3.261,3.2595,3.261,3.266,3.266,3.2645,3.266,9
2026-06-25 22:56:00,3.2615,3.2625,3.2615,3.2615,3.2665,3.2675,3.2665,3.2665,6
2026-06-25 22:57:00,3.261,3.2635,3.261,3.263,3.266,3.2685,3.266,3.268,7
2026-06-25 22:58:00,3.2635,3.2655,3.263,3.2635,3.2685,3.2705,3.268,3.2685,14
2026-06-25 22:59:00,3.2655,3.2655,3.2613,3.2618,3.2705,3.2705,3.2643,3.2668,11
2026-06-26 00:00:00,3.2588,3.2633,3.2563,3.2603,3.2638,3.2683,3.2613,3.2653,24
2026-06-26 00:01:00,3.2593,3.2593,3.2528,3.2533,3.2643,3.2643,3.2578,3.2583,10
2026-06-26 00:02:00,3.2558,3.2638,3.2558,3.2603,3.2608,3.2688,3.2608,3.2653,13
2026-06-26 00:03:00,3.2608,3.2608,3.2608,3.2608,3.2658,3.2658,3.2658,3.2658,1
2026-06-26 00:04:00,3.2603,3.2603,3.2538,3.2548,3.2653,3.2653,3.2588,3.2598,13
2026-06-26 00:05:00,3.2543,3.2548,3.2543,3.2548,3.2593,3.2598,3.2593,3.2598,2
2026-06-26 00:06:00,3.2543,3.2543,3.2543,3.2543,3.2593,3.2593,3.2593,3.2593,1
2026-06-26 00:08:00,3.2548,3.2558,3.2548,3.2553,3.2598,3.2608,3.2598,3.2603,4
2026-06-26 00:09:00,3.2548,3.2563,3.2548,3.2563,3.2598,3.2613,3.2598,3.2613,2
2026-06-26 00:10:00,3.2568,3.2588,3.2568,3.2583,3.2618,3.2638,3.2618,3.2633,4
2026-06-26 00:11:00,3.2578,3.2578,3.2558,3.2558,3.2628,3.2628,3.2608,3.2608,3
2026-06-26 00:12:00,3.2563,3.2573,3.2563,3.2573,3.2613,3.2623,3.2613,3.2623,4
2026-06-26 00:13:00,3.2578,3.2578,3.2578,3.2578,3.2628,3.2628,3.2628,3.2628,1
2026-06-26 00:15:00,3.2568,3.2568,3.2558,3.2558,3.2618,3.2618,3.2608,3.2608,2
2026-06-26 00:16:00,3.2553,3.2553,3.2553,3.2553,3.2603,3.2603,3.2603,3.2603,1
2026-06-26 00:19:00,3.2543,3.2543,3.2543,3.2543,3.2593,3.2593,3.2593,3.2593,1
2026-06-26 00:20:00,3.2538,3.2538,3.2538,3.2538,3.2588,3.2588,3.2588,3.2588,1
2026-06-26 00:21:00,3.2533,3.2543,3.2533,3.2543,3.2583,3.2593,3.2583,3.2593,2
2026-06-26 00:25:00,3.2548,3.2553,3.2543,3.2553,3.2598,3.2603,3.2593,3.2603,4
2026-06-26 00:26:00,3.2558,3.2558,3.2548,3.2553,3.2608,3.2608,3.2598,3.2603,3
2026-06-26 00:27:00,3.2558,3.2568,3.2558,3.2558,3.2608,3.2618,3.2608,3.2608,5
2026-06-26 00:28:00,3.2553,3.2553,3.2553,3.2553,3.2603,3.2603,3.2603,3.2603,1
2026-06-26 00:29:00,3.2548,3.2548,3.2548,3.2548,3.2598,3.2598,3.2598,3.2598,1
2026-06-26 00:33:00,3.2553,3.2553,3.2553,3.2553,3.2603,3.2603,3.2603,3.2603,1
2026-06-26 00:34:00,3.2558,3.2558,3.2558,3.2558,3.2608,3.2608,3.2608,3.2608,1
2026-06-26 00:41:00,3.2563,3.2563,3.2563,3.2563,3.2613,3.2613,3.2613,3.2613,1
2026-06-26 00:46:00,3.2568,3.2568,3.2563,3.2568,3.2618,3.2618,3.2613,3.2618,3
2026-06-26 00:47:00,3.2563,3.2563,3.2563,3.2563,3.2613,3.2613,3.2613,3.2613,1
2026-06-26 00:50:00,3.2548,3.2568,3.2548,3.2553,3.2598,3.2618,3.2598,3.2603,5
2026-06-26 00:52:00,3.2543,3.2543,3.2538,3.2538,3.2593,3.2593,3.2588,3.2588,2
2026-06-26 00:58:00,3.2543,3.2543,3.2543,3.2543,3.2593,3.2593,3.2593,3.2593,1
2026-06-26 00:59:00,3.2548,3.2548,3.2548,3.2548,3.2598,3.2598,3.2598,3.2598,1
2026-06-26 01:11:00,3.2543,3.2543,3.2543,3.2543,3.2593,3.2593,3.2593,3.2593,1
2026-06-26 01:13:00,3.2548,3.2548,3.2548,3.2548,3.2598,3.2598,3.2598,3.2598,1
2026-06-26 01:18:00,3.2543,3.2543,3.2543,3.2543,3.2593,3.2593,3.2593,3.2593,1
2026-06-26 01:19:00,3.2548,3.2548,3.2548,3.2548,3.2598,3.2598,3.2598,3.2598,1
2026-06-26 01:22:00,3.2553,3.2553,3.2553,3.2553,3.2603,3.2603,3.2603,3.2603,1
2026-06-26 01:23:00,3.2558,3.2558,3.2558,3.2558,3.2608,3.2608,3.2608,3.2608,1
2026-06-26 01:27:00,3.2553,3.2553,3.2543,3.2548,3.2603,3.2603,3.2593,3.2598,3
2026-06-26 01:28:00,3.2558,3.2558,3.2558,3.2558,3.2608,3.2608,3.2608,3.2608,1
2026-06-26 01:29:00,3.2553,3.2558,3.2553,3.2558,3.2603,3.2608,3.2603,3.2608,2
2026-06-26 01:38:00,3.2553,3.2553,3.2533,3.2533,3.2603,3.2603,3.2583,3.2583,3
2026-06-26 01:40:00,3.2548,3.2548,3.2543,3.2543,3.2598,3.2598,3.2593,3.2593,2
2026-06-26 01:41:00,3.2538,3.2538,3.2538,3.2538,3.2588,3.2588,3.2588,3.2588,1
2026-06-26 01:48:00,3.2543,3.2543,3.2538,3.2538,3.2593,3.2593,3.2588,3.2588,4
2026-06-26 01:51:00,3.2533,3.2533,3.2533,3.2533,3.2583,3.2583,3.2583,3.2583,1
2026-06-26 01:53:00,3.2538,3.2538,3.2538,3.2538,3.2588,3.2588,3.2588,3.2588,1
2026-06-26 02:00:00,3.2533,3.2533,3.2533,3.2533,3.2583,3.2583,3.2583,3.2583,1
2026-06-26 02:01:00,3.2523,3.2523,3.2503,3.2518,3.2573,3.2573,3.2553,3.2568,6
2026-06-26 02:02:00,3.2523,3.2538,3.2523,3.2538,3.2573,3.2588,3.2573,3.2588,3
2026-06-26 02:03:00,3.2543,3.2543,3.2528,3.2528,3.2593,3.2593,3.2578,3.2578,3
2026-06-26 02:04:00,3.2513,3.2538,3.2513,3.2538,3.2563,3.2588,3.2563,3.2588,6
2026-06-26 02:05:00,3.2533,3.2533,3.2503,3.2513,3.2583,3.2583,3.2553,3.2563,6
2026-06-26 02:06:00,3.2508,3.2528,3.2508,3.2528,3.2558,3.2578,3.2558,3.2578,4
2026-06-26 02:08:00,3.2533,3.2538,3.2528,3.2528,3.2583,3.2588,3.2578,3.2578,5
2026-06-26 02:09:00,3.2513,3.2513,3.2508,3.2508,3.2563,3.2563,3.2558,3.2558,2
2026-06-26 02:11:00,3.2503,3.2513,3.2503,3.2513,3.2553,3.2563,3.2553,3.2563,2
2026-06-26 02:14:00,3.2523,3.2563,3.2523,3.2548,3.2573,3.2613,3.2573,3.2598,17
2026-06-26 02:15:00,3.2558,3.2563,3.2558,3.2558,3.2608,3.2613,3.2608,3.2608,3
2026-06-26 02:16:00,3.2553,3.2558,3.2553,3.2558,3.2603,3.2608,3.2603,3.2608,2
2026-06-26 02:17:00,3.2573,3.2583,3.2573,3.2583,3.2623,3.2633,3.2623,3.2633,3
2026-06-26 02:18:00,3.2588,3.2618,3.2588,3.2603,3.2638,3.2668,3.2638,3.2653,12
2026-06-26 02:19:00,3.2593,3.2593,3.2578,3.2578,3.2643,3.2643,3.2628,3.2628,3
2026-06-26 02:20:00,3.2583,3.2583,3.2578,3.2578,3.2633,3.2633,3.2628,3.2628,2
2026-06-26 02:21:00,3.2583,3.2583,3.2583,3.2583,3.2633,3.2633,3.2633,3.2633,1
2026-06-26 02:26:00,3.2588,3.2603,3.2588,3.2598,3.2638,3.2653,3.2638,3.2648,4
2026-06-26 02:27:00,3.2593,3.2598,3.2588,3.2598,3.2643,3.2648,3.2638,3.2648,6
2026-06-26 02:33:00,3.2603,3.2608,3.2603,3.2608,3.2653,3.2658,3.2653,3.2658,2
2026-06-26 02:35:00,3.2593,3.2593,3.2583,3.2583,3.2643,3.2643,3.2633,3.2633,2
2026-06-26 02:37:00,3.2588,3.2588,3.2583,3.2588,3.2638,3.2638,3.2633,3.2638,3
2026-06-26 02:38:00,3.2593,3.2593,3.2593,3.2593,3.2643,3.2643,3.2643,3.2643,1
2026-06-26 02:39:00,3.2598,3.2603,3.2583,3.2583,3.2648,3.2653,3.2633,3.2633,7
2026-06-26 02:40:00,3.2573,3.2573,3.2563,3.2573,3.2623,3.2623,3.2613,3.2623,3
2026-06-26 02:43:00,3.2563,3.2593,3.2553,3.2593,3.2613,3.2643,3.2603,3.2643,11
2026-06-26 02:45:00,3.2583,3.2583,3.2583,3.2583,3.2633,3.2633,3.2633,3.2633,1
2026-06-26 02:46:00,3.2593,3.2593,3.2593,3.2593,3.2643,3.2643,3.2643,3.2643,1
2026-06-26 02:47:00,3.2588,3.2593,3.2588,3.2593,3.2638,3.2643,3.2638,3.2643,2
2026-06-26 02:50:00,3.2598,3.2613,3.2598,3.2603,3.2648,3.2663,3.2648,3.2653,5
2026-06-26 02:51:00,3.2613,3.2613,3.2608,3.2613,3.2663,3.2663,3.2658,3.2663,3
2026-06-26 02:52:00,3.2618,3.2633,3.2618,3.2633,3.2668,3.2683,3.2668,3.2683,4
2026-06-26 02:53:00,3.2623,3.2643,3.2623,3.2628,3.2673,3.2693,3.2673,3.2678,18
2026-06-26 02:54:00,3.2633,3.2633,3.2633,3.2633,3.2683,3.2683,3.2683,3.2683,1
2026-06-26 02:55:00,3.2643,3.2643,3.2643,3.2643,3.2693,3.2693,3.2693,3.2693,1
2026-06-26 02:57:00,3.2648,3.2648,3.2648,3.2648,3.2698,3.2698,3.2698,3.2698,1
2026-06-26 02:59:00,3.2643,3.2648,3.2643,3.2648,3.2693,3.2698,3.2693,3.2698,6
2026-06-26 03:00:00,3.2643,3.2678,3.2643,3.2643,3.2693,3.2728,3.2693,3.2693,14
2026-06-26 03:01:00,3.2653,3.2653,3.2603,3.2608,3.2703,3.2703,3.2653,3.2658,15
2026-06-26 03:02:00,3.2593,3.2623,3.2593,3.2603,3.2643,3.2673,3.2643,3.2653,10
2026-06-26 03:03:00,3.2608,3.2608,3.2598,3.2603,3.2658,3.2658,3.2648,3.2653,4
2026-06-26 03:04:00,3.2598,3.2598,3.2593,3.2593,3.2648,3.2648,3.2643,3.2643,2
2026-06-26 03:05:00,3.2583,3.2583,3.2583,3.2583,3.2633,3.2633,3.2633,3.2633,1
2026-06-26 03:06:00,3.2593,3.2593,3.2583,3.2583,3.2643,3.2643,3.2633,3.2633,2
2026-06-26 03:07:00,3.2593,3.2593,3.2583,3.2593,3.2643,3.2643,3.2633,3.2643,4
2026-06-26 03:08:00,3.2588,3.2593,3.2588,3.2593,3.2638,3.2643,3.2638,3.2643,2
2026-06-26 03:11:00,3.2588,3.2603,3.2588,3.2603,3.2638,3.2653,3.2638,3.2653,3
2026-06-26 03:15:00,3.2593,3.2593,3.2583,3.2583,3.2643,3.2643,3.2633,3.2633,2
2026-06-26 03:16:00,3.2593,3.2608,3.2588,3.2608,3.2643,3.2658,3.2638,3.2658,6
2026-06-26 03:19:00,3.2618,3.2623,3.2603,3.2603,3.2668,3.2673,3.2653,3.2653,9
2026-06-26 03:20:00,3.2598,3.2603,3.2593,3.2593,3.2648,3.2653,3.2643,3.2643,5
2026-06-26 03:21:00,3.2603,3.2603,3.2598,3.2603,3.2653,3.2653,3.2648,3.2653,3
2026-06-26 03:22:00,3.2613,3.2613,3.2603,3.2613,3.2663,3.2663,3.2653,3.2663,4
2026-06-26 03:23:00,3.2623,3.2623,3.2613,3.2613,3.2673,3.2673,3.2663,3.2663,4
2026-06-26 03:24:00,3.2623,3.2623,3.2623,3.2623,3.2673,3.2673,3.2673,3.2673,1
2026-06-26 03:25:00,3.2633,3.2633,3.2623,3.2623,3.2683,3.2683,3.2673,3.2673,2
2026-06-26 03:26:00,3.2618,3.2623,3.2613,3.2613,3.2668,3.2673,3.2663,3.2663,5
2026-06-26 03:27:00,3.2623,3.2643,3.2623,3.2643,3.2673,3.2693,3.2673,3.2693,4
2026-06-26 03:28:00,3.2653,3.2693,3.2643,3.2683,3.2703,3.2743,3.2693,3.2733,11
2026-06-26 03:29:00,3.2673,3.2673,3.2673,3.2673,3.2723,3.2723,3.2723,3.2723,1
2026-06-26 03:30:00,3.2668,3.2673,3.2663,3.2663,3.2718,3.2723,3.2713,3.2713,4
2026-06-26 03:33:00,3.2673,3.2683,3.2673,3.2683,3.2723,3.2733,3.2723,3.2733,4
2026-06-26 03:34:00,3.2673,3.2673,3.2673,3.2673,3.2723,3.2723,3.2723,3.2723,1
2026-06-26 03:35:00,3.2683,3.2683,3.2673,3.2678,3.2733,3.2733,3.2723,3.2728,4
2026-06-26 03:36:00,3.2683,3.2683,3.2673,3.2673,3.2733,3.2733,3.2723,3.2723,2
2026-06-26 03:37:00,3.2683,3.2703,3.2683,3.2703,3.2733,3.2753,3.2733,3.2753,6
2026-06-26 03:39:00,3.2693,3.2693,3.2693,3.2693,3.2743,3.2743,3.2743,3.2743,1
2026-06-26 03:42:00,3.2683,3.2683,3.2663,3.2663,3.2733,3.2733,3.2713,3.2713,4
2026-06-26 03:43:00,3.2658,3.2663,3.2628,3.2643,3.2708,3.2713,3.2678,3.2693,10
2026-06-26 03:44:00,3.2653,3.2653,3.2653,3.2653,3.2703,3.2703,3.2703,3.2703,1
2026-06-26 03:47:00,3.2663,3.2663,3.2663,3.2663,3.2713,3.2713,3.2713,3.2713,1
2026-06-26 03:48:00,3.2673,3.2673,3.2658,3.2663,3.2723,3.2723,3.2708,3.2713,5
2026-06-26 03:49:00,3.2653,3.2663,3.2643,3.2653,3.2703,3.2713,3.2693,3.2703,10
2026-06-26 03:50:00,3.2643,3.2643,3.2643,3.2643,3.2693,3.2693,3.2693,3.2693,1
2026-06-26 03:51:00,3.2653,3.2653,3.2653,3.2653,3.2703,3.2703,3.2703,3.2703,1
2026-06-26 03:54:00,3.2643,3.2648,3.2643,3.2643,3.2693,3.2698,3.2693,3.2693,3
2026-06-26 03:56:00,3.2653,3.2653,3.2633,3.2633,3.2703,3.2703,3.2683,3.2683,4
2026-06-26 03:57:00,3.2638,3.2643,3.2638,3.2643,3.2688,3.2693,3.2688,3.2693,2
2026-06-26 03:58:00,3.2653,3.2653,3.2653,3.2653,3.2703,3.2703,3.2703,3.2703,1
2026-06-26 03:59:00,3.2658,3.2663,3.2658,3.2663,3.2708,3.2713,3.2708,3.2713,2
2026-06-26 04:00:00,3.2653,3.2653,3.2653,3.2653,3.2703,3.2703,3.2703,3.2703,1
2026-06-26 04:01:00,3.2648,3.2648,3.2633,3.2633,3.2698,3.2698,3.2683,3.2683,4
2026-06-26 04:03:00,3.2623,3.2633,3.2623,3.2633,3.2673,3.2683,3.2673,3.2683,3
2026-06-26 04:05:00,3.2623,3.2633,3.2623,3.2633,3.2673,3.2683,3.2673,3.2683,2
2026-06-26 04:06:00,3.2643,3.2643,3.2638,3.2638,3.2693,3.2693,3.2688,3.2688,2
2026-06-26 04:07:00,3.2643,3.2653,3.2638,3.2643,3.2693,3.2703,3.2688,3.2693,5
2026-06-26 04:08:00,3.2638,3.2643,3.2623,3.2623,3.2688,3.2693,3.2673,3.2673,9
2026-06-26 04:10:00,3.2618,3.2623,3.2613,3.2613,3.2668,3.2673,3.2663,3.2663,3
2026-06-26 04:11:00,3.2623,3.2623,3.2613,3.2613,3.2673,3.2673,3.2663,3.2663,3
2026-06-26 04:12:00,3.2623,3.2623,3.2623,3.2623,3.2673,3.2673,3.2673,3.2673,1
2026-06-26 04:13:00,3.2613,3.2613,3.2603,3.2608,3.2663,3.2663,3.2653,3.2658,3
2026-06-26 04:15:00,3.2613,3.2623,3.2613,3.2623,3.2663,3.2673,3.2663,3.2673,5
2026-06-26 04:16:00,3.2628,3.2653,3.2628,3.2653,3.2678,3.2703,3.2678,3.2703,5
2026-06-26 04:17:00,3.2648,3.2663,3.2648,3.2663,3.2698,3.2713,3.2698,3.2713,4
2026-06-26 04:18:00,3.2673,3.2673,3.2663,3.2663,3.2723,3.2723,3.2713,3.2713,6
2026-06-26 04:21:00,3.2673,3.2673,3.2663,3.2673,3.2723,3.2723,3.2713,3.2723,4
2026-06-26 04:23:00,3.2663,3.2673,3.2663,3.2673,3.2713,3.2723,3.2713,3.2723,4
2026-06-26 04:24:00,3.2668,3.2668,3.2663,3.2663,3.2718,3.2718,3.2713,3.2713,2
2026-06-26 04:25:00,3.2658,3.2663,3.2638,3.2638,3.2708,3.2713,3.2688,3.2688,8
2026-06-26 04:26:00,3.2643,3.2643,3.2628,3.2633,3.2693,3.2693,3.2678,3.2683,6
2026-06-26 04:27:00,3.2643,3.2663,3.2633,3.2653,3.2693,3.2713,3.2683,3.2703,6
2026-06-26 04:28:00,3.2663,3.2663,3.2653,3.2663,3.2713,3.2713,3.2703,3.2713,5
2026-06-26 04:29:00,3.2658,3.2658,3.2658,3.2658,3.2708,3.2708,3.2708,3.2708,1
2026-06-26 04:30:00,3.2663,3.2703,3.2653,3.2698,3.2713,3.2753,3.2703,3.2748,12
2026-06-26 04:31:00,3.2703,3.2703,3.2673,3.2673,3.2753,3.2753,3.2723,3.2723,5
2026-06-26 04:32:00,3.2663,3.2663,3.2648,3.2648,3.2713,3.2713,3.2698,3.2698,3
2026-06-26 04:33:00,3.2663,3.2663,3.2643,3.2648,3.2713,3.2713,3.2693,3.2698,8
2026-06-26 04:34:00,3.2653,3.2663,3.2648,3.2648,3.2703,3.2713,3.2698,3.2698,4
2026-06-26 04:35:00,3.2643,3.2643,3.2643,3.2643,3.2693,3.2693,3.2693,3.2693,1
2026-06-26 04:36:00,3.2648,3.2648,3.2643,3.2643,3.2698,3.2698,3.2693,3.2693,4
2026-06-26 04:37:00,3.2648,3.2653,3.2648,3.2653,3.2698,3.2703,3.2698,3.2703,2
2026-06-26 04:39:00,3.2643,3.2643,3.2623,3.2628,3.2693,3.2693,3.2673,3.2678,4
2026-06-26 04:40:00,3.2633,3.2638,3.2633,3.2638,3.2683,3.2688,3.2683,3.2688,4
2026-06-26 04:41:00,3.2643,3.2653,3.2643,3.2653,3.2693,3.2703,3.2693,3.2703,3
2026-06-26 04:45:00,3.2648,3.2648,3.2643,3.2643,3.2698,3.2698,3.2693,3.2693,2
2026-06-26 04:46:00,3.2653,3.2653,3.2648,3.2648,3.2703,3.2703,3.2698,3.2698,2
2026-06-26 04:47:00,3.2653,3.2663,3.2653,3.2663,3.2703,3.2713,3.2703,3.2713,3
2026-06-26 04:48:00,3.2673,3.2673,3.2663,3.2663,3.2723,3.2723,3.2713,3.2713,2
2026-06-26 04:49:00,3.2673,3.2673,3.2663,3.2663,3.2723,3.2723,3.2713,3.2713,2
2026-06-26 04:50:00,3.2653,3.2653,3.2648,3.2648,3.2703,3.2703,3.2698,3.2698,2
2026-06-26 04:51:00,3.2653,3.2658,3.2653,3.2658,3.2703,3.2708,3.2703,3.2708,2
2026-06-26 04:52:00,3.2663,3.2663,3.2663,3.2663,3.2713,3.2713,3.2713,3.2713,1
2026-06-26 04:55:00,3.2653,3.2663,3.2653,3.2663,3.2703,3.2713,3.2703,3.2713,2
2026-06-26 04:56:00,3.2658,3.2658,3.2653,3.2653,3.2708,3.2708,3.2703,3.2703,4
2026-06-26 04:57:00,3.2658,3.2658,3.2653,3.2653,3.2708,3.2708,3.2703,3.2703,4
2026-06-26 04:58:00,3.2658,3.2663,3.2658,3.2663,3.2708,3.2713,3.2708,3.2713,2
2026-06-26 04:59:00,3.2668,3.2668,3.2663,3.2668,3.2718,3.2718,3.2713,3.2718,3
2026-06-26 05:00:00,3.2663,3.2668,3.2663,3.2668,3.2713,3.2718,3.2713,3.2718,2
2026-06-26 05:01:00,3.2663,3.2668,3.2653,3.2663,3.2713,3.2718,3.2703,3.2713,6
2026-06-26 05:02:00,3.2658,3.2663,3.2653,3.2658,3.2708,3.2713,3.2703,3.2708,4
2026-06-26 05:04:00,3.2653,3.2653,3.2653,3.2653,3.2703,3.2703,3.2703,3.2703,1
2026-06-26 05:06:00,3.2648,3.2653,3.2643,3.2653,3.2698,3.2703,3.2693,3.2703,4
2026-06-26 05:07:00,3.2663,3.2663,3.2658,3.2658,3.2713,3.2713,3.2708,3.2708,2
2026-06-26 05:08:00,3.2663,3.2673,3.2663,3.2668,3.2713,3.2723,3.2713,3.2718,3
2026-06-26 05:09:00,3.2663,3.2663,3.2663,3.2663,3.2713,3.2713,3.2713,3.2713,1
2026-06-26 05:10:00,3.2668,3.2673,3.2668,3.2673,3.2718,3.2723,3.2718,3.2723,2
2026-06-26 05:11:00,3.2663,3.2663,3.2643,3.2653,3.2713,3.2713,3.2693,3.2703,8
2026-06-26 05:12:00,3.2648,3.2648,3.2643,3.2648,3.2698,3.2698,3.2693,3.2698,3
2026-06-26 05:13:00,3.2653,3.2653,3.2653,3.2653,3.2703,3.2703,3.2703,3.2703,1
2026-06-26 05:14:00,3.2663,3.2663,3.2663,3.2663,3.2713,3.2713,3.2713,3.2713,1
2026-06-26 05:16:00,3.2673,3.2673,3.2663,3.2668,3.2723,3.2723,3.2713,3.2718,4
2026-06-26 05:17:00,3.2673,3.2673,3.2673,3.2673,3.2723,3.2723,3.2723,3.2723,1
2026-06-26 05:18:00,3.2678,3.2683,3.2673,3.2683,3.2728,3.2733,3.2723,3.2733,8
2026-06-26 05:23:00,3.2673,3.2673,3.2673,3.2673,3.2723,3.2723,3.2723,3.2723,1
2026-06-26 05:24:00,3.2663,3.2663,3.2653,3.2658,3.2713,3.2713,3.2703,3.2708,3
2026-06-26 05:25:00,3.2653,3.2663,3.2653,3.2663,3.2703,3.2713,3.2703,3.2713,2
2026-06-26 05:26:00,3.2673,3.2683,3.2673,3.2673,3.2723,3.2733,3.2723,3.2723,3
2026-06-26 05:27:00,3.2683,3.2683,3.2643,3.2643,3.2733,3.2733,3.2693,3.2693,4
2026-06-26 05:28:00,3.2653,3.2653,3.2653,3.2653,3.2703,3.2703,3.2703,3.2703,1
2026-06-26 05:30:00,3.2643,3.2643,3.2623,3.2633,3.2693,3.2693,3.2673,3.2683,9
2026-06-26 05:31:00,3.2638,3.2663,3.2638,3.2663,3.2688,3.2713,3.2688,3.2713,5
2026-06-26 05:32:00,3.2653,3.2658,3.2653,3.2653,3.2703,3.2708,3.2703,3.2703,3
2026-06-26 05:33:00,3.2658,3.2703,3.2658,3.2703,3.2708,3.2753,3.2708,3.2753,8
2026-06-26 05:35:00,3.2718,3.2743,3.2718,3.2743,3.2768,3.2793,3.2768,3.2793,8
2026-06-26 05:36:00,3.2733,3.2738,3.2733,3.2738,3.2783,3.2788,3.2783,3.2788,2
2026-06-26 05:37:00,3.2743,3.2743,3.2733,3.2738,3.2793,3.2793,3.2783,3.2788,3
2026-06-26 05:38:00,3.2733,3.2733,3.2698,3.2698,3.2783,3.2783,3.2748,3.2748,7
2026-06-26 05:39:00,3.2703,3.2708,3.2703,3.2708,3.2753,3.2758,3.2753,3.2758,2
2026-06-26 05:40:00,3.2703,3.2713,3.2703,3.2713,3.2753,3.2763,3.2753,3.2763,3
2026-06-26 05:41:00,3.2718,3.2718,3.2713,3.2713,3.2768,3.2768,3.2763,3.2763,4
2026-06-26 05:43:00,3.2718,3.2723,3.2718,3.2723,3.2768,3.2773,3.2768,3.2773,2
2026-06-26 05:44:00,3.2733,3.2733,3.2723,3.2723,3.2783,3.2783,3.2773,3.2773,2
2026-06-26 05:45:00,3.2728,3.2728,3.2713,3.2713,3.2778,3.2778,3.2763,3.2763,3
2026-06-26 05:46:00,3.2703,3.2708,3.2703,3.2703,3.2753,3.2758,3.2753,3.2753,3
2026-06-26 05:50:00,3.2713,3.2738,3.2713,3.2738,3.2763,3.2788,3.2763,3.2788,7
2026-06-26 05:51:00,3.2733,3.2753,3.2723,3.2748,3.2783,3.2803,3.2773,3.2798,8
2026-06-26 05:52:00,3.2753,3.2753,3.2753,3.2753,3.2803,3.2803,3.2803,3.2803,1
2026-06-26 05:53:00,3.2743,3.2753,3.2743,3.2748,3.2793,3.2803,3.2793,3.2798,3
2026-06-26 05:54:00,3.2753,3.2753,3.2743,3.2743,3.2803,3.2803,3.2793,3.2793,5
2026-06-26 05:55:00,3.2733,3.2733,3.2733,3.2733,3.2783,3.2783,3.2783,3.2783,1
2026-06-26 05:58:00,3.2723,3.2733,3.2703,3.2703,3.2773,3.2783,3.2753,3.2753,6
2026-06-26 05:59:00,3.2713,3.2723,3.2713,3.2723,3.2763,3.2773,3.2763,3.2773,6
2026-06-26 06:00:00,3.2733,3.2753,3.2733,3.2753,3.2783,3.2803,3.2783,3.2803,7
2026-06-26 06:01:00,3.2763,3.2763,3.2753,3.2753,3.2813,3.2813,3.2803,3.2803,4
2026-06-26 06:04:00,3.2763,3.2773,3.2763,3.2768,3.2813,3.2823,3.2813,3.2818,3
2026-06-26 06:05:00,3.2773,3.2773,3.2763,3.2773,3.2823,3.2823,3.2813,3.2823,4
2026-06-26 06:06:00,3.2768,3.2768,3.2763,3.2763,3.2818,3.2818,3.2813,3.2813,2
2026-06-26 06:08:00,3.2753,3.2753,3.2738,3.2738,3.2803,3.2803,3.2788,3.2788,7
2026-06-26 06:09:00,3.2733,3.2738,3.2733,3.2738,3.2783,3.2788,3.2783,3.2788,2
2026-06-26 06:10:00,3.2733,3.2743,3.2728,3.2733,3.2783,3.2793,3.2778,3.2783,8
2026-06-26 06:11:00,3.2738,3.2743,3.2738,3.2743,3.2788,3.2793,3.2788,3.2793,2
2026-06-26 06:12:00,3.2738,3.2738,3.2738,3.2738,3.2788,3.2788,3.2788,3.2788,1
2026-06-26 06:14:00,3.2743,3.2743,3.2743,3.2743,3.2793,3.2793,3.2793,3.2793,1
2026-06-26 06:15:00,3.2738,3.2738,3.2713,3.2718,3.2788,3.2788,3.2763,3.2768,9
2026-06-26 06:16:00,3.2723,3.2733,3.2723,3.2733,3.2773,3.2783,3.2773,3.2783,3
2026-06-26 06:17:00,3.2743,3.2743,3.2728,3.2728,3.2793,3.2793,3.2778,3.2778,4
2026-06-26 06:18:00,3.2723,3.2723,3.2718,3.2718,3.2773,3.2773,3.2768,3.2768,6
2026-06-26 06:19:00,3.2723,3.2723,3.2718,3.2718,3.2773,3.2773,3.2768,3.2768,2
2026-06-26 06:20:00,3.2723,3.2723,3.2723,3.2723,3.2773,3.2773,3.2773,3.2773,1
2026-06-26 06:21:00,3.2733,3.2733,3.2723,3.2733,3.2783,3.2783,3.2773,3.2783,4
2026-06-26 06:22:00,3.2738,3.2743,3.2733,3.2738,3.2788,3.2793,3.2783,3.2788,5
2026-06-26 06:23:00,3.2743,3.2743,3.2743,3.2743,3.2793,3.2793,3.2793,3.2793,1
2026-06-26 06:24:00,3.2733,3.2738,3.2733,3.2738,3.2783,3.2788,3.2783,3.2788,2
2026-06-26 06:25:00,3.2743,3.2743,3.2733,3.2738,3.2793,3.2793,3.2783,3.2788,6
2026-06-26 06:26:00,3.2733,3.2733,3.2733,3.2733,3.2783,3.2783,3.2783,3.2783,1
2026-06-26 06:28:00,3.2728,3.2728,3.2728,3.2728,3.2778,3.2778,3.2778,3.2778,1
2026-06-26 06:30:00,3.2733,3.2733,3.2733,3.2733,3.2783,3.2783,3.2783,3.2783,1
2026-06-26 06:31:00,3.2743,3.2753,3.2743,3.2748,3.2793,3.2803,3.2793,3.2798,3
2026-06-26 06:32:00,3.2753,3.2763,3.2753,3.2758,3.2803,3.2813,3.2803,3.2808,7
2026-06-26 06:33:00,3.2763,3.2763,3.2763,3.2763,3.2813,3.2813,3.2813,3.2813,1
2026-06-26 06:34:00,3.2753,3.2753,3.2748,3.2748,3.2803,3.2803,3.2798,3.2798,2
2026-06-26 06:35:00,3.2753,3.2753,3.2748,3.2748,3.2803,3.2803,3.2798,3.2798,2
2026-06-26 06:36:00,3.2763,3.2773,3.2763,3.2763,3.2813,3.2823,3.2813,3.2813,3
2026-06-26 06:37:00,3.2758,3.2758,3.2753,3.2753,3.2808,3.2808,3.2803,3.2803,2
2026-06-26 06:38:00,3.2748,3.2753,3.2748,3.2753,3.2798,3.2803,3.2798,3.2803,2
2026-06-26 06:39:00,3.2758,3.2773,3.2758,3.2773,3.2808,3.2823,3.2808,3.2823,2
2026-06-26 06:40:00,3.2778,3.2783,3.2773,3.2783,3.2828,3.2833,3.2823,3.2833,5
2026-06-26 06:41:00,3.2773,3.2803,3.2773,3.2793,3.2823,3.2853,3.2823,3.2843,10
2026-06-26 06:42:00,3.2803,3.2803,3.2713,3.2723,3.2853,3.2853,3.2763,3.2773,19
2026-06-26 06:43:00,3.2733,3.2813,3.2733,3.2783,3.2783,3.2863,3.2783,3.2833,22
2026-06-26 06:44:00,3.2793,3.2793,3.2793,3.2793,3.2843,3.2843,3.2843,3.2843,1
2026-06-26 06:45:00,3.2798,3.2798,3.2783,3.2793,3.2848,3.2848,3.2833,3.2843,5
2026-06-26 06:46:00,3.2783,3.2793,3.2783,3.2793,3.2833,3.2843,3.2833,3.2843,3
2026-06-26 06:47:00,3.2798,3.2813,3.2793,3.2798,3.2848,3.2863,3.2843,3.2848,10
2026-06-26 06:48:00,3.2803,3.2803,3.2798,3.2798,3.2853,3.2853,3.2848,3.2848,4
2026-06-26 06:49:00,3.2803,3.2803,3.2798,3.2798,3.2853,3.2853,3.2848,3.2848,2
2026-06-26 06:50:00,3.2803,3.2803,3.2798,3.2798,3.2853,3.2853,3.2848,3.2848,2
2026-06-26 06:51:00,3.2783,3.2793,3.2783,3.2793,3.2833,3.2843,3.2833,3.2843,3
2026-06-26 06:52:00,3.2798,3.2808,3.2798,3.2803,3.2848,3.2858,3.2848,3.2853,3
2026-06-26 06:53:00,3.2808,3.2808,3.2803,3.2808,3.2858,3.2858,3.2853,3.2858,3
2026-06-26 06:54:00,3.2803,3.2813,3.2803,3.2813,3.2853,3.2863,3.2853,3.2863,3
2026-06-26 06:58:00,3.2818,3.2818,3.2818,3.2818,3.2868,3.2868,3.2868,3.2868,1
2026-06-26 06:59:00,3.2823,3.2838,3.2823,3.2833,3.2873,3.2888,3.2873,3.2883,7
2026-06-26 07:00:00,3.2823,3.2833,3.2823,3.2833,3.2873,3.2883,3.2873,3.2883,2
2026-06-26 07:02:00,3.2843,3.2843,3.2838,3.2838,3.2893,3.2893,3.2888,3.2888,2
2026-06-26 07:03:00,3.2833,3.2833,3.2823,3.2823,3.2883,3.2883,3.2873,3.2873,9
2026-06-26 07:06:00,3.2813,3.2813,3.2793,3.2808,3.2863,3.2863,3.2843,3.2858,6
2026-06-26 07:09:00,3.2803,3.2813,3.2803,3.2813,3.2853,3.2863,3.2853,3.2863,3
2026-06-26 07:10:00,3.2823,3.2823,3.2813,3.2813,3.2873,3.2873,3.2863,3.2863,2
2026-06-26 07:11:00,3.2803,3.2803,3.2793,3.2793,3.2853,3.2853,3.2843,3.2843,3
2026-06-26 07:12:00,3.2783,3.2783,3.2783,3.2783,3.2833,3.2833,3.2833,3.2833,1
2026-06-26 07:13:00,3.2788,3.2793,3.2783,3.2793,3.2838,3.2843,3.2833,3.2843,5
2026-06-26 07:14:00,3.2783,3.2793,3.2783,3.2783,3.2833,3.2843,3.2833,3.2833,4
2026-06-26 07:15:00,3.2793,3.2813,3.2793,3.2813,3.2843,3.2863,3.2843,3.2863,4
2026-06-26 07:16:00,3.2818,3.2823,3.2818,3.2823,3.2868,3.2873,3.2868,3.2873,2
2026-06-26 07:17:00,3.2838,3.2838,3.2833,3.2833,3.2888,3.2888,3.2883,3.2883,2
2026-06-26 07:21:00,3.2838,3.2858,3.2838,3.2853,3.2888,3.2908,3.2888,3.2903,6
2026-06-26 07:22:00,3.2843,3.2853,3.2843,3.2853,3.2893,3.2903,3.2893,3.2903,3
2026-06-26 07:24:00,3.2858,3.2863,3.2858,3.2863,3.2908,3.2913,3.2908,3.2913,2
2026-06-26 07:25:00,3.2853,3.2853,3.2853,3.2853,3.2903,3.2903,3.2903,3.2903,1
2026-06-26 07:26:00,3.2843,3.2863,3.2843,3.2853,3.2893,3.2913,3.2893,3.2903,4
2026-06-26 07:27:00,3.2863,3.2873,3.2863,3.2873,3.2913,3.2923,3.2913,3.2923,2
2026-06-26 07:28:00,3.2863,3.2863,3.2863,3.2863,3.2913,3.2913,3.2913,3.2913,1
2026-06-26 07:29:00,3.2868,3.2868,3.2863,3.2863,3.2918,3.2918,3.2913,3.2913,2
2026-06-26 07:30:00,3.2873,3.2873,3.2863,3.2863,3.2923,3.2923,3.2913,3.2913,2
2026-06-26 07:31:00,3.2873,3.2873,3.2873,3.2873,3.2923,3.2923,3.2923,3.2923,1
2026-06-26 07:33:00,3.2883,3.2883,3.2843,3.2858,3.2933,3.2933,3.2893,3.2908,9
2026-06-26 07:34:00,3.2853,3.2863,3.2848,3.2848,3.2903,3.2913,3.2898,3.2898,7
2026-06-26 07:35:00,3.2853,3.2853,3.2848,3.2848,3.2903,3.2903,3.2898,3.2898,2
2026-06-26 07:36:00,3.2858,3.2883,3.2853,3.2883,3.2908,3.2933,3.2903,3.2933,6
2026-06-26 07:38:00,3.2873,3.2883,3.2873,3.2883,3.2923,3.2933,3.2923,3.2933,3
2026-06-26 07:39:00,3.2878,3.2878,3.2863,3.2873,3.2928,3.2928,3.2913,3.2923,10
2026-06-26 07:40:00,3.2878,3.2933,3.2878,3.2923,3.2928,3.2983,3.2928,3.2973,24
2026-06-26 07:41:00,3.2928,3.2933,3.2913,3.2933,3.2978,3.2983,3.2963,3.2983,15
2026-06-26 07:42:00,3.2943,3.2943,3.2938,3.2938,3.2993,3.2993,3.2988,3.2988,2
2026-06-26 07:43:00,3.2943,3.2963,3.2943,3.2958,3.2993,3.3013,3.2993,3.3008,5
2026-06-26 07:44:00,3.2973,3.3003,3.2973,3.3003,3.3023,3.3053,3.3023,3.3053,10
2026-06-26 07:45:00,3.3013,3.3043,3.3013,3.3033,3.3063,3.3093,3.3063,3.3083,11
2026-06-26 07:46:00,3.3023,3.3023,3.2998,3.3023,3.3073,3.3073,3.3048,3.3073,12
2026-06-26 07:47:00,3.3018,3.3023,3.3013,3.3023,3.3068,3.3073,3.3063,3.3073,3
2026-06-26 07:48:00,3.3033,3.3033,3.3018,3.3018,3.3083,3.3083,3.3068,3.3068,9
2026-06-26 07:49:00,3.3008,3.3038,3.3008,3.3028,3.3058,3.3088,3.3058,3.3078,12
2026-06-26 07:50:00,3.3043,3.3043,3.3028,3.3038,3.3093,3.3093,3.3078,3.3088,5
2026-06-26 07:51:00,3.3043,3.3043,3.3038,3.3043,3.3093,3.3093,3.3088,3.3093,3
2026-06-26 07:52:00,3.3048,3.3063,3.3048,3.3053,3.3098,3.3113,3.3098,3.3103,5
2026-06-26 07:53:00,3.3043,3.3053,3.3033,3.3033,3.3093,3.3103,3.3083,3.3083,6
2026-06-26 07:54:00,3.3038,3.3063,3.3038,3.3058,3.3088,3.3113,3.3088,3.3108,6
2026-06-26 07:55:00,3.3053,3.3063,3.3043,3.3063,3.3103,3.3113,3.3093,3.3113,9
2026-06-26 07:56:00,3.3068,3.3173,3.3068,3.3173,3.3118,3.3223,3.3118,3.3223,23
2026-06-26 07:57:00,3.3183,3.3228,3.3183,3.3223,3.3233,3.3278,3.3233,3.3273,15
2026-06-26 07:58:00,3.3233,3.3243,3.3213,3.3238,3.3283,3.3293,3.3263,3.3288,11
2026-06-26 07:59:00,3.3233,3.3243,3.3203,3.3203,3.3283,3.3293,3.3253,3.3253,13
2026-06-26 08:00:00,3.3208,3.3273,3.3208,3.3263,3.3258,3.3323,3.3258,3.3313,20
2026-06-26 08:01:00,3.3253,3.3258,3.3223,3.3243,3.3303,3.3308,3.3273,3.3293,19
2026-06-26 08:02:00,3.3248,3.3253,3.3183,3.3193,3.3298,3.3303,3.3233,3.3243,28
2026-06-26 08:03:00,3.3203,3.3213,3.3163,3.3163,3.3253,3.3263,3.3213,3.3213,17
2026-06-26 08:04:00,3.3173,3.3178,3.3133,3.3133,3.3223,3.3228,3.3183,3.3183,12
2026-06-26 08:05:00,3.3143,3.3153,3.3143,3.3143,3.3193,3.3203,3.3193,3.3193,9
2026-06-26 08:06:00,3.3133,3.3163,3.3133,3.3163,3.3183,3.3213,3.3183,3.3213,5
2026-06-26 08:07:00,3.3158,3.3163,3.3143,3.3143,3.3208,3.3213,3.3193,3.3193,9
2026-06-26 08:08:00,3.3138,3.3163,3.3138,3.3148,3.3188,3.3213,3.3188,3.3198,9
2026-06-26 08:09:00,3.3158,3.3168,3.3158,3.3168,3.3208,3.3218,3.3208,3.3218,7
2026-06-26 08:10:00,3.3173,3.3213,3.3173,3.3208,3.3223,3.3263,3.3223,3.3258,19
2026-06-26 08:11:00,3.3203,3.3208,3.3193,3.3203,3.3253,3.3258,3.3243,3.3253,8
2026-06-26 08:12:00,3.3208,3.3213,3.3178,3.3198,3.3258,3.3263,3.3228,3.3248,10
2026-06-26 08:13:00,3.3203,3.3208,3.3193,3.3208,3.3253,3.3258,3.3243,3.3258,8
2026-06-26 08:14:00,3.3203,3.3203,3.3183,3.3183,3.3253,3.3253,3.3233,3.3233,8
2026-06-26 08:15:00,3.3193,3.3193,3.3143,3.3163,3.3243,3.3243,3.3193,3.3213,19
2026-06-26 08:16:00,3.3173,3.3193,3.3168,3.3183,3.3223,3.3243,3.3218,3.3233,11
2026-06-26 08:17:00,3.3188,3.3198,3.3188,3.3198,3.3238,3.3248,3.3238,3.3248,3
2026-06-26 08:18:00,3.3203,3.3213,3.3193,3.3203,3.3253,3.3263,3.3243,3.3253,11
2026-06-26 08:19:00,3.3208,3.3213,3.3183,3.3193,3.3258,3.3263,3.3233,3.3243,10
2026-06-26 08:20:00,3.3198,3.3223,3.3198,3.3223,3.3248,3.3273,3.3248,3.3273,3
2026-06-26 08:21:00,3.3233,3.3233,3.3233,3.3233,3.3283,3.3283,3.3283,3.3283,1
2026-06-26 08:22:00,3.3223,3.3223,3.3223,3.3223,3.3273,3.3273,3.3273,3.3273,1
2026-06-26 08:23:00,3.3213,3.3218,3.3213,3.3213,3.3263,3.3268,3.3263,3.3263,3
2026-06-26 08:24:00,3.3203,3.3213,3.3203,3.3213,3.3253,3.3263,3.3253,3.3263,3
2026-06-26 08:25:00,3.3223,3.3223,3.3203,3.3203,3.3273,3.3273,3.3253,3.3253,6
2026-06-26 08:26:00,3.3213,3.3228,3.3213,3.3228,3.3263,3.3278,3.3263,3.3278,4
2026-06-26 08:27:00,3.3233,3.3243,3.3233,3.3243,3.3283,3.3293,3.3283,3.3293,4
2026-06-26 08:28:00,3.3233,3.3243,3.3203,3.3203,3.3283,3.3293,3.3253,3.3253,11
2026-06-26 08:29:00,3.3208,3.3233,3.3208,3.3223,3.3258,3.3283,3.3258,3.3273,9
2026-06-26 08:30:00,3.3213,3.3218,3.3203,3.3203,3.3263,3.3268,3.3253,3.3253,8
2026-06-26 08:31:00,3.3208,3.3238,3.3208,3.3223,3.3258,3.3288,3.3258,3.3273,9
2026-06-26 08:32:00,3.3218,3.3223,3.3213,3.3213,3.3268,3.3273,3.3263,3.3263,3
2026-06-26 08:33:00,3.3223,3.3233,3.3223,3.3233,3.3273,3.3283,3.3273,3.3283,2
2026-06-26 08:34:00,3.3223,3.3233,3.3183,3.3188,3.3273,3.3283,3.3233,3.3238,20
2026-06-26 08:35:00,3.3193,3.3213,3.3193,3.3203,3.3243,3.3263,3.3243,3.3253,12
2026-06-26 08:36:00,3.3208,3.3223,3.3208,3.3218,3.3258,3.3273,3.3258,3.3268,7
2026-06-26 08:37:00,3.3213,3.3238,3.3213,3.3238,3.3263,3.3288,3.3263,3.3288,7
2026-06-26 08:38:00,3.3243,3.3253,3.3223,3.3233,3.3293,3.3303,3.3273,3.3283,8
2026-06-26 08:39:00,3.3223,3.3223,3.3213,3.3213,3.3273,3.3273,3.3263,3.3263,3
2026-06-26 08:40:00,3.3203,3.3208,3.3203,3.3203,3.3253,3.3258,3.3253,3.3253,3
2026-06-26 08:41:00,3.3213,3.3213,3.3203,3.3203,3.3263,3.3263,3.3253,3.3253,2
2026-06-26 08:42:00,3.3208,3.3233,3.3203,3.3228,3.3258,3.3283,3.3253,3.3278,8
2026-06-26 08:43:00,3.3233,3.3233,3.3233,3.3233,3.3283,3.3283,3.3283,3.3283,1
2026-06-26 08:44:00,3.3223,3.3223,3.3213,3.3218,3.3273,3.3273,3.3263,3.3268,6
2026-06-26 08:45:00,3.3223,3.3243,3.3223,3.3233,3.3273,3.3293,3.3273,3.3283,8
2026-06-26 08:46:00,3.3223,3.3228,3.3223,3.3223,3.3273,3.3278,3.3273,3.3273,5
2026-06-26 08:47:00,3.3213,3.3213,3.3183,3.3188,3.3263,3.3263,3.3233,3.3238,13
2026-06-26 08:48:00,3.3193,3.3203,3.3193,3.3193,3.3243,3.3253,3.3243,3.3243,6
2026-06-26 08:49:00,3.3198,3.3198,3.3193,3.3193,3.3248,3.3248,3.3243,3.3243,2
2026-06-26 08:50:00,3.3198,3.3208,3.3198,3.3208,3.3248,3.3258,3.3248,3.3258,5
2026-06-26 08:51:00,3.3213,3.3213,3.3213,3.3213,3.3263,3.3263,3.3263,3.3263,1
2026-06-26 08:52:00,3.3203,3.3203,3.3203,3.3203,3.3253,3.3253,3.3253,3.3253,1
2026-06-26 08:54:00,3.3213,3.3233,3.3213,3.3223,3.3263,3.3283,3.3263,3.3273,12
2026-06-26 08:55:00,3.3228,3.3228,3.3228,3.3228,3.3278,3.3278,3.3278,3.3278,1
2026-06-26 08:56:00,3.3233,3.3233,3.3223,3.3233,3.3283,3.3283,3.3273,3.3283,4
2026-06-26 08:57:00,3.3243,3.3253,3.3233,3.3233,3.3293,3.3303,3.3283,3.3283,7
2026-06-26 09:00:00,3.3238,3.3253,3.3223,3.3233,3.3288,3.3303,3.3273,3.3283,23
2026-06-26 09:01:00,3.3223,3.3253,3.3193,3.3238,3.3273,3.3303,3.3243,3.3288,21
2026-06-26 09:02:00,3.3243,3.3243,3.3233,3.3233,3.3293,3.3293,3.3283,3.3283,5
2026-06-26 09:03:00,3.3238,3.3253,3.3213,3.3218,3.3288,3.3303,3.3263,3.3268,10
2026-06-26 09:04:00,3.3223,3.3233,3.3218,3.3223,3.3273,3.3283,3.3268,3.3273,5
2026-06-26 09:05:00,3.3233,3.3233,3.3213,3.3213,3.3283,3.3283,3.3263,3.3263,10
2026-06-26 09:06:00,3.3203,3.3203,3.3183,3.3193,3.3253,3.3253,3.3233,3.3243,11
2026-06-26 09:07:00,3.3203,3.3203,3.3183,3.3193,3.3253,3.3253,3.3233,3.3243,5
2026-06-26 09:08:00,3.3183,3.3193,3.3153,3.3173,3.3233,3.3243,3.3203,3.3223,19
2026-06-26 09:09:00,3.3183,3.3198,3.3183,3.3198,3.3233,3.3248,3.3233,3.3248,6
2026-06-26 09:10:00,3.3193,3.3203,3.3193,3.3203,3.3243,3.3253,3.3243,3.3253,3
2026-06-26 09:11:00,3.3193,3.3193,3.3113,3.3123,3.3243,3.3243,3.3163,3.3173,23
2026-06-26 09:12:00,3.3133,3.3148,3.3123,3.3128,3.3183,3.3198,3.3173,3.3178,11
2026-06-26 09:13:00,3.3123,3.3133,3.3083,3.3083,3.3173,3.3183,3.3133,3.3133,11
2026-06-26 09:14:00,3.3093,3.3103,3.3073,3.3083,3.3143,3.3153,3.3123,3.3133,12
2026-06-26 09:15:00,3.3088,3.3123,3.3088,3.3118,3.3138,3.3173,3.3138,3.3168,7
2026-06-26 09:16:00,3.3113,3.3123,3.3113,3.3113,3.3163,3.3173,3.3163,3.3163,4
2026-06-26 09:18:00,3.3108,3.3113,3.3093,3.3093,3.3158,3.3163,3.3143,3.3143,6
2026-06-26 09:19:00,3.3088,3.3093,3.3073,3.3078,3.3138,3.3143,3.3123,3.3128,10
2026-06-26 09:20:00,3.3083,3.3083,3.3073,3.3073,3.3133,3.3133,3.3123,3.3123,5
2026-06-26 09:21:00,3.3078,3.3078,3.3073,3.3073,3.3128,3.3128,3.3123,3.3123,2
2026-06-26 09:22:00,3.3083,3.3108,3.3083,3.3103,3.3133,3.3158,3.3133,3.3153,11
2026-06-26 09:23:00,3.3108,3.3118,3.3108,3.3118,3.3158,3.3168,3.3158,3.3168,2
2026-06-26 09:24:00,3.3123,3.3138,3.3123,3.3138,3.3173,3.3188,3.3173,3.3188,3
2026-06-26 09:25:00,3.3143,3.3143,3.3103,3.3113,3.3193,3.3193,3.3153,3.3163,15
2026-06-26 09:26:00,3.3103,3.3113,3.3093,3.3093,3.3153,3.3163,3.3143,3.3143,13
2026-06-26 09:27:00,3.3088,3.3088,3.3073,3.3083,3.3138,3.3138,3.3123,3.3133,6
2026-06-26 09:28:00,3.3078,3.3083,3.3073,3.3078,3.3128,3.3133,3.3123,3.3128,11
2026-06-26 09:29:00,3.3083,3.3098,3.3083,3.3098,3.3133,3.3148,3.3133,3.3148,5
2026-06-26 09:30:00,3.3093,3.3098,3.3063,3.3093,3.3143,3.3148,3.3113,3.3143,31
2026-06-26 09:31:00,3.3083,3.3083,3.3073,3.3078,3.3133,3.3133,3.3123,3.3128,6
2026-06-26 09:32:00,3.3073,3.3083,3.3073,3.3083,3.3123,3.3133,3.3123,3.3133,5
2026-06-26 09:33:00,3.3093,3.3103,3.3093,3.3103,3.3143,3.3153,3.3143,3.3153,5
2026-06-26 09:34:00,3.3108,3.3128,3.3108,3.3128,3.3158,3.3178,3.3158,3.3178,7
2026-06-26 09:35:00,3.3123,3.3133,3.3113,3.3118,3.3173,3.3183,3.3163,3.3168,12
2026-06-26 09:36:00,3.3108,3.3113,3.3093,3.3093,3.3158,3.3163,3.3143,3.3143,5
2026-06-26 09:37:00,3.3083,3.3088,3.3083,3.3083,3.3133,3.3138,3.3133,3.3133,3
2026-06-26 09:38:00,3.3078,3.3083,3.3063,3.3073,3.3128,3.3133,3.3113,3.3123,10
2026-06-26 09:39:00,3.3068,3.3083,3.3068,3.3073,3.3118,3.3133,3.3118,3.3123,11
2026-06-26 09:40:00,3.3078,3.3093,3.3078,3.3093,3.3128,3.3143,3.3128,3.3143,3
2026-06-26 09:41:00,3.3088,3.3143,3.3083,3.3103,3.3138,3.3193,3.3133,3.3153,13
2026-06-26 09:42:00,3.3093,3.3108,3.3093,3.3108,3.3143,3.3158,3.3143,3.3158,6
2026-06-26 09:43:00,3.3103,3.3103,3.3103,3.3103,3.3153,3.3153,3.3153,3.3153,1
2026-06-26 09:44:00,3.3108,3.3128,3.3103,3.3128,3.3158,3.3178,3.3153,3.3178,4
2026-06-26 09:45:00,3.3123,3.3123,3.3103,3.3118,3.3173,3.3173,3.3153,3.3168,7
2026-06-26 09:46:00,3.3113,3.3153,3.3113,3.3153,3.3163,3.3203,3.3163,3.3203,14
2026-06-26 09:47:00,3.3143,3.3148,3.3143,3.3148,3.3193,3.3198,3.3193,3.3198,4
2026-06-26 09:48:00,3.3138,3.3143,3.3123,3.3138,3.3188,3.3193,3.3173,3.3188,8
2026-06-26 09:49:00,3.3143,3.3143,3.3133,3.3133,3.3193,3.3193,3.3183,3.3183,2
2026-06-26 09:51:00,3.3128,3.3133,3.3103,3.3113,3.3178,3.3183,3.3153,3.3163,8
2026-06-26 09:52:00,3.3118,3.3128,3.3103,3.3113,3.3168,3.3178,3.3153,3.3163,13
2026-06-26 09:53:00,3.3108,3.3113,3.3103,3.3113,3.3158,3.3163,3.3153,3.3163,6
2026-06-26 09:54:00,3.3123,3.3123,3.3113,3.3123,3.3173,3.3173,3.3163,3.3173,4
2026-06-26 09:55:00,3.3113,3.3113,3.3093,3.3098,3.3163,3.3163,3.3143,3.3148,8
2026-06-26 09:56:00,3.3093,3.3113,3.3093,3.3113,3.3143,3.3163,3.3143,3.3163,3
2026-06-26 09:57:00,3.3118,3.3133,3.3113,3.3133,3.3168,3.3183,3.3163,3.3183,4
2026-06-26 09:58:00,3.3128,3.3173,3.3123,3.3148,3.3178,3.3223,3.3173,3.3198,18
2026-06-26 09:59:00,3.3153,3.3153,3.3143,3.3153,3.3203,3.3203,3.3193,3.3203,6
2026-06-26 10:00:00,3.3143,3.3163,3.3138,3.3153,3.3193,3.3213,3.3188,3.3203,13
2026-06-26 10:01:00,3.3163,3.3163,3.3153,3.3153,3.3213,3.3213,3.3203,3.3203,2
2026-06-26 10:02:00,3.3163,3.3173,3.3148,3.3158,3.3213,3.3223,3.3198,3.3208,11
2026-06-26 10:03:00,3.3163,3.3183,3.3163,3.3183,3.3213,3.3233,3.3213,3.3233,6
2026-06-26 10:05:00,3.3173,3.3183,3.3158,3.3163,3.3223,3.3233,3.3208,3.3213,21
2026-06-26 10:06:00,3.3153,3.3203,3.3153,3.3178,3.3203,3.3253,3.3203,3.3228,19
2026-06-26 10:07:00,3.3183,3.3193,3.3133,3.3158,3.3233,3.3243,3.3183,3.3208,16
2026-06-26 10:08:00,3.3163,3.3173,3.3163,3.3168,3.3213,3.3223,3.3213,3.3218,10
2026-06-26 10:09:00,3.3173,3.3203,3.3173,3.3193,3.3223,3.3253,3.3223,3.3243,15
2026-06-26 10:10:00,3.3203,3.3203,3.3193,3.3198,3.3253,3.3253,3.3243,3.3248,7
2026-06-26 10:11:00,3.3193,3.3208,3.3168,3.3168,3.3243,3.3258,3.3218,3.3218,22
2026-06-26 10:12:00,3.3153,3.3173,3.3148,3.3163,3.3203,3.3223,3.3198,3.3213,11
2026-06-26 10:13:00,3.3168,3.3183,3.3163,3.3178,3.3218,3.3233,3.3213,3.3228,6
2026-06-26 10:14:00,3.3173,3.3183,3.3163,3.3173,3.3223,3.3233,3.3213,3.3223,10
2026-06-26 10:15:00,3.3178,3.3193,3.3178,3.3193,3.3228,3.3243,3.3228,3.3243,3
2026-06-26 10:16:00,3.3183,3.3188,3.3183,3.3188,3.3233,3.3238,3.3233,3.3238,2
2026-06-26 10:17:00,3.3193,3.3198,3.3183,3.3188,3.3243,3.3248,3.3233,3.3238,5
2026-06-26 10:18:00,3.3178,3.3178,3.3173,3.3173,3.3228,3.3228,3.3223,3.3223,2
2026-06-26 10:20:00,3.3163,3.3173,3.3163,3.3173,3.3213,3.3223,3.3213,3.3223,4
2026-06-26 10:21:00,3.3168,3.3173,3.3168,3.3168,3.3218,3.3223,3.3218,3.3218,3
2026-06-26 10:22:00,3.3163,3.3178,3.3163,3.3178,3.3213,3.3228,3.3213,3.3228,4
2026-06-26 10:23:00,3.3183,3.3198,3.3183,3.3193,3.3233,3.3248,3.3233,3.3243,9
2026-06-26 10:24:00,3.3183,3.3193,3.3173,3.3173,3.3233,3.3243,3.3223,3.3223,11
2026-06-26 10:25:00,3.3168,3.3173,3.3163,3.3163,3.3218,3.3223,3.3213,3.3213,3
2026-06-26 10:26:00,3.3158,3.3163,3.3153,3.3163,3.3208,3.3213,3.3203,3.3213,5
2026-06-26 10:27:00,3.3158,3.3158,3.3153,3.3158,3.3208,3.3208,3.3203,3.3208,5
2026-06-26 10:28:00,3.3153,3.3158,3.3143,3.3143,3.3203,3.3208,3.3193,3.3193,11
2026-06-26 10:29:00,3.3133,3.3143,3.3133,3.3143,3.3183,3.3193,3.3183,3.3193,12
2026-06-26 10:30:00,3.3148,3.3153,3.3133,3.3133,3.3198,3.3203,3.3183,3.3183,5
2026-06-26 10:31:00,3.3138,3.3158,3.3138,3.3158,3.3188,3.3208,3.3188,3.3208,6
2026-06-26 10:32:00,3.3163,3.3163,3.3148,3.3148,3.3213,3.3213,3.3198,3.3198,6
2026-06-26 10:33:00,3.3143,3.3173,3.3143,3.3168,3.3193,3.3223,3.3193,3.3218,11
2026-06-26 10:34:00,3.3173,3.3173,3.3163,3.3173,3.3223,3.3223,3.3213,3.3223,4
2026-06-26 10:35:00,3.3178,3.3183,3.3178,3.3183,3.3228,3.3233,3.3228,3.3233,2
2026-06-26 10:36:00,3.3188,3.3193,3.3173,3.3173,3.3238,3.3243,3.3223,3.3223,8
2026-06-26 10:37:00,3.3178,3.3198,3.3178,3.3198,3.3228,3.3248,3.3228,3.3248,7
2026-06-26 10:38:00,3.3203,3.3208,3.3198,3.3198,3.3253,3.3258,3.3248,3.3248,6
2026-06-26 10:39:00,3.3193,3.3203,3.3183,3.3203,3.3243,3.3253,3.3233,3.3253,6
2026-06-26 10:40:00,3.3208,3.3213,3.3203,3.3208,3.3258,3.3263,3.3253,3.3258,6
2026-06-26 10:41:00,3.3213,3.3213,3.3203,3.3208,3.3263,3.3263,3.3253,3.3258,4
2026-06-26 10:42:00,3.3203,3.3203,3.3203,3.3203,3.3253,3.3253,3.3253,3.3253,1
2026-06-26 10:43:00,3.3208,3.3213,3.3208,3.3213,3.3258,3.3263,3.3258,3.3263,4
2026-06-26 10:44:00,3.3223,3.3223,3.3223,3.3223,3.3273,3.3273,3.3273,3.3273,1
2026-06-26 10:45:00,3.3213,3.3238,3.3208,3.3233,3.3263,3.3288,3.3258,3.3283,14
2026-06-26 10:46:00,3.3238,3.3283,3.3223,3.3283,3.3288,3.3333,3.3273,3.3333,23
2026-06-26 10:47:00,3.3288,3.3313,3.3288,3.3293,3.3338,3.3363,3.3338,3.3343,5
2026-06-26 10:48:00,3.3283,3.3283,3.3263,3.3273,3.3333,3.3333,3.3313,3.3323,9
2026-06-26 10:49:00,3.3283,3.3293,3.3278,3.3278,3.3333,3.3343,3.3328,3.3328,8
2026-06-26 10:50:00,3.3263,3.3273,3.3263,3.3273,3.3313,3.3323,3.3313,3.3323,2
2026-06-26 10:51:00,3.3283,3.3283,3.3273,3.3273,3.3333,3.3333,3.3323,3.3323,3
2026-06-26 10:52:00,3.3278,3.3278,3.3258,3.3268,3.3328,3.3328,3.3308,3.3318,13
2026-06-26 10:53:00,3.3263,3.3273,3.3263,3.3273,3.3313,3.3323,3.3313,3.3323,3
2026-06-26 10:55:00,3.3283,3.3293,3.3253,3.3268,3.3333,3.3343,3.3303,3.3318,15
2026-06-26 10:56:00,3.3273,3.3293,3.3273,3.3293,3.3323,3.3343,3.3323,3.3343,5
2026-06-26 10:57:00,3.3283,3.3303,3.3283,3.3298,3.3333,3.3353,3.3333,3.3348,6
2026-06-26 10:58:00,3.3293,3.3308,3.3293,3.3303,3.3343,3.3358,3.3343,3.3353,8
2026-06-26 10:59:00,3.3308,3.3313,3.3303,3.3303,3.3358,3.3363,3.3353,3.3353,4
2026-06-26 11:00:00,3.3313,3.3313,3.3308,3.3313,3.3363,3.3363,3.3358,3.3363,3
2026-06-26 11:01:00,3.3303,3.3303,3.3283,3.3283,3.3353,3.3353,3.3333,3.3333,5
2026-06-26 11:02:00,3.3288,3.3288,3.3283,3.3283,3.3338,3.3338,3.3333,3.3333,4
2026-06-26 11:03:00,3.3288,3.3293,3.3283,3.3283,3.3338,3.3343,3.3333,3.3333,3
2026-06-26 11:04:00,3.3278,3.3278,3.3253,3.3253,3.3328,3.3328,3.3303,3.3303,4
2026-06-26 11:05:00,3.3243,3.3273,3.3233,3.3268,3.3293,3.3323,3.3283,3.3318,11
2026-06-26 11:06:00,3.3263,3.3278,3.3263,3.3278,3.3313,3.3328,3.3313,3.3328,3
2026-06-26 11:08:00,3.3273,3.3283,3.3253,3.3258,3.3323,3.3333,3.3303,3.3308,11
2026-06-26 11:09:00,3.3253,3.3253,3.3233,3.3253,3.3303,3.3303,3.3283,3.3303,7
2026-06-26 11:10:00,3.3258,3.3263,3.3253,3.3263,3.3308,3.3313,3.3303,3.3313,3
2026-06-26 11:11:00,3.3268,3.3278,3.3268,3.3278,3.3318,3.3328,3.3318,3.3328,3
2026-06-26 11:12:00,3.3273,3.3273,3.3273,3.3273,3.3323,3.3323,3.3323,3.3323,1
2026-06-26 11:13:00,3.3283,3.3283,3.3273,3.3273,3.3333,3.3333,3.3323,3.3323,2
2026-06-26 11:15:00,3.3263,3.3263,3.3243,3.3243,3.3313,3.3313,3.3293,3.3293,6
2026-06-26 11:16:00,3.3248,3.3253,3.3243,3.3248,3.3298,3.3303,3.3293,3.3298,7
2026-06-26 11:17:00,3.3243,3.3248,3.3233,3.3233,3.3293,3.3298,3.3283,3.3283,4
2026-06-26 11:18:00,3.3223,3.3223,3.3208,3.3213,3.3273,3.3273,3.3258,3.3263,6
2026-06-26 11:19:00,3.3203,3.3213,3.3203,3.3213,3.3253,3.3263,3.3253,3.3263,7
2026-06-26 11:20:00,3.3223,3.3228,3.3223,3.3228,3.3273,3.3278,3.3273,3.3278,2
2026-06-26 11:21:00,3.3233,3.3233,3.3228,3.3228,3.3283,3.3283,3.3278,3.3278,2
2026-06-26 11:22:00,3.3223,3.3223,3.3203,3.3213,3.3273,3.3273,3.3253,3.3263,4
2026-06-26 11:23:00,3.3208,3.3213,3.3208,3.3213,3.3258,3.3263,3.3258,3.3263,2
2026-06-26 11:24:00,3.3208,3.3213,3.3208,3.3213,3.3258,3.3263,3.3258,3.3263,2
2026-06-26 11:25:00,3.3208,3.3223,3.3193,3.3213,3.3258,3.3273,3.3243,3.3263,13
2026-06-26 11:26:00,3.3223,3.3223,3.3198,3.3198,3.3273,3.3273,3.3248,3.3248,8
2026-06-26 11:27:00,3.3203,3.3203,3.3193,3.3203,3.3253,3.3253,3.3243,3.3253,5
2026-06-26 11:28:00,3.3208,3.3213,3.3203,3.3213,3.3258,3.3263,3.3253,3.3263,3
2026-06-26 11:29:00,3.3218,3.3218,3.3218,3.3218,3.3268,3.3268,3.3268,3.3268,1
2026-06-26 11:30:00,3.3223,3.3248,3.3218,3.3223,3.3273,3.3298,3.3268,3.3273,9
2026-06-26 11:31:00,3.3218,3.3223,3.3213,3.3223,3.3268,3.3273,3.3263,3.3273,3
2026-06-26 11:32:00,3.3218,3.3218,3.3203,3.3213,3.3268,3.3268,3.3253,3.3263,6
2026-06-26 11:33:00,3.3203,3.3213,3.3203,3.3213,3.3253,3.3263,3.3253,3.3263,2
2026-06-26 11:34:00,3.3223,3.3228,3.3223,3.3228,3.3273,3.3278,3.3273,3.3278,2
2026-06-26 11:35:00,3.3223,3.3223,3.3223,3.3223,3.3273,3.3273,3.3273,3.3273,1
2026-06-26 11:36:00,3.3233,3.3233,3.3213,3.3213,3.3283,3.3283,3.3263,3.3263,9
2026-06-26 11:37:00,3.3223,3.3223,3.3223,3.3223,3.3273,3.3273,3.3273,3.3273,1
2026-06-26 11:38:00,3.3218,3.3218,3.3218,3.3218,3.3268,3.3268,3.3268,3.3268,1
2026-06-26 11:39:00,3.3213,3.3213,3.3213,3.3213,3.3263,3.3263,3.3263,3.3263,1
2026-06-26 11:40:00,3.3218,3.3218,3.3218,3.3218,3.3268,3.3268,3.3268,3.3268,1
2026-06-26 11:41:00,3.3223,3.3223,3.3213,3.3213,3.3273,3.3273,3.3263,3.3263,2
2026-06-26 11:42:00,3.3223,3.3233,3.3223,3.3233,3.3273,3.3283,3.3273,3.3283,2
2026-06-26 11:43:00,3.3243,3.3243,3.3233,3.3233,3.3293,3.3293,3.3283,3.3283,2
2026-06-26 11:44:00,3.3243,3.3243,3.3233,3.3243,3.3293,3.3293,3.3283,3.3293,3
2026-06-26 11:45:00,3.3253,3.3263,3.3253,3.3263,3.3303,3.3313,3.3303,3.3313,2
2026-06-26 11:46:00,3.3253,3.3253,3.3213,3.3228,3.3303,3.3303,3.3263,3.3278,8
2026-06-26 11:47:00,3.3223,3.3233,3.3223,3.3233,3.3273,3.3283,3.3273,3.3283,2
2026-06-26 11:49:00,3.3238,3.3263,3.3238,3.3253,3.3288,3.3313,3.3288,3.3303,7
2026-06-26 11:50:00,3.3263,3.3263,3.3253,3.3253,3.3313,3.3313,3.3303,3.3303,4
2026-06-26 11:52:00,3.3263,3.3263,3.3263,3.3263,3.3313,3.3313,3.3313,3.3313,1
2026-06-26 11:53:00,3.3268,3.3268,3.3263,3.3268,3.3318,3.3318,3.3313,3.3318,5
2026-06-26 11:54:00,3.3263,3.3273,3.3253,3.3263,3.3313,3.3323,3.3303,3.3313,17
2026-06-26 11:55:00,3.3268,3.3273,3.3253,3.3263,3.3318,3.3323,3.3303,3.3313,11
2026-06-26 11:56:00,3.3253,3.3263,3.3253,3.3263,3.3303,3.3313,3.3303,3.3313,3
2026-06-26 11:57:00,3.3273,3.3273,3.3263,3.3263,3.3323,3.3323,3.3313,3.3313,9
2026-06-26 11:59:00,3.3273,3.3313,3.3263,3.3313,3.3323,3.3363,3.3313,3.3363,21
2026-06-26 12:00:00,3.3308,3.3313,3.3293,3.3303,3.3358,3.3363,3.3343,3.3353,11
2026-06-26 12:01:00,3.3313,3.3323,3.3293,3.3293,3.3363,3.3373,3.3343,3.3343,8
2026-06-26 12:02:00,3.3303,3.3313,3.3268,3.3273,3.3353,3.3363,3.3318,3.3323,18
2026-06-26 12:03:00,3.3278,3.3283,3.3263,3.3263,3.3328,3.3333,3.3313,3.3313,10
2026-06-26 12:04:00,3.3268,3.3283,3.3268,3.3283,3.3318,3.3333,3.3318,3.3333,4
2026-06-26 12:06:00,3.3293,3.3293,3.3283,3.3293,3.3343,3.3343,3.3333,3.3343,3
2026-06-26 12:07:00,3.3298,3.3298,3.3228,3.3233,3.3348,3.3348,3.3278,3.3283,20
2026-06-26 12:08:00,3.3243,3.3243,3.3223,3.3223,3.3293,3.3293,3.3273,3.3273,24
2026-06-26 12:09:00,3.3228,3.3238,3.3208,3.3223,3.3278,3.3288,3.3258,3.3273,19
2026-06-26 12:10:00,3.3233,3.3258,3.3233,3.3258,3.3283,3.3308,3.3283,3.3308,7
2026-06-26 12:11:00,3.3253,3.3258,3.3203,3.3243,3.3303,3.3308,3.3253,3.3293,18
2026-06-26 12:12:00,3.3233,3.3243,3.3233,3.3243,3.3283,3.3293,3.3283,3.3293,3
2026-06-26 12:14:00,3.3248,3.3253,3.3243,3.3253,3.3298,3.3303,3.3293,3.3303,4
2026-06-26 12:15:00,3.3243,3.3243,3.3243,3.3243,3.3293,3.3293,3.3293,3.3293,1
2026-06-26 12:17:00,3.3233,3.3243,3.3233,3.3243,3.3283,3.3293,3.3283,3.3293,2
2026-06-26 12:18:00,3.3223,3.3243,3.3213,3.3243,3.3273,3.3293,3.3263,3.3293,5
2026-06-26 12:19:00,3.3233,3.3243,3.3233,3.3233,3.3283,3.3293,3.3283,3.3283,4
2026-06-26 12:20:00,3.3243,3.3243,3.3243,3.3243,3.3293,3.3293,3.3293,3.3293,1
2026-06-26 12:21:00,3.3238,3.3283,3.3228,3.3273,3.3288,3.3333,3.3278,3.3323,14
2026-06-26 12:22:00,3.3278,3.3283,3.3273,3.3283,3.3328,3.3333,3.3323,3.3333,5
2026-06-26 12:23:00,3.3288,3.3293,3.3288,3.3293,3.3338,3.3343,3.3338,3.3343,2
2026-06-26 12:25:00,3.3283,3.3303,3.3273,3.3293,3.3333,3.3353,3.3323,3.3343,11
2026-06-26 12:26:00,3.3303,3.3303,3.3288,3.3293,3.3353,3.3353,3.3338,3.3343,4
2026-06-26 12:27:00,3.3283,3.3283,3.3263,3.3273,3.3333,3.3333,3.3313,3.3323,8
2026-06-26 12:30:00,3.3283,3.3343,3.3263,3.3333,3.3333,3.3393,3.3313,3.3383,25
2026-06-26 12:31:00,3.3323,3.3343,3.3303,3.3303,3.3373,3.3393,3.3353,3.3353,22
2026-06-26 12:32:00,3.3293,3.3293,3.3253,3.3258,3.3343,3.3343,3.3303,3.3308,7
2026-06-26 12:33:00,3.3263,3.3263,3.3238,3.3253,3.3313,3.3313,3.3288,3.3303,6
2026-06-26 12:34:00,3.3263,3.3263,3.3253,3.3263,3.3313,3.3313,3.3303,3.3313,5
2026-06-26 12:35:00,3.3258,3.3263,3.3233,3.3233,3.3308,3.3313,3.3283,3.3283,8
2026-06-26 12:36:00,3.3223,3.3233,3.3183,3.3213,3.3273,3.3283,3.3233,3.3263,16
2026-06-26 12:37:00,3.3208,3.3243,3.3183,3.3193,3.3258,3.3293,3.3233,3.3243,34
2026-06-26 12:38:00,3.3203,3.3233,3.3203,3.3218,3.3253,3.3283,3.3253,3.3268,13
2026-06-26 12:39:00,3.3233,3.3248,3.3233,3.3243,3.3283,3.3298,3.3283,3.3293,6
2026-06-26 12:40:00,3.3248,3.3263,3.3248,3.3263,3.3298,3.3313,3.3298,3.3313,5
2026-06-26 12:41:00,3.3258,3.3283,3.3258,3.3283,3.3308,3.3333,3.3308,3.3333,3
2026-06-26 12:42:00,3.3273,3.3283,3.3273,3.3278,3.3323,3.3333,3.3323,3.3328,6
2026-06-26 12:43:00,3.3273,3.3283,3.3258,3.3283,3.3323,3.3333,3.3308,3.3333,8
2026-06-26 12:44:00,3.3273,3.3283,3.3263,3.3283,3.3323,3.3333,3.3313,3.3333,5
2026-06-26 12:47:00,3.3273,3.3313,3.3263,3.3288,3.3323,3.3363,3.3313,3.3338,19
2026-06-26 12:48:00,3.3283,3.3323,3.3283,3.3313,3.3333,3.3373,3.3333,3.3363,9
2026-06-26 12:49:00,3.3323,3.3323,3.3263,3.3283,3.3373,3.3373,3.3313,3.3333,21
2026-06-26 12:50:00,3.3288,3.3303,3.3283,3.3288,3.3338,3.3353,3.3333,3.3338,14
2026-06-26 12:51:00,3.3293,3.3303,3.3283,3.3288,3.3343,3.3353,3.3333,3.3338,14
2026-06-26 12:52:00,3.3283,3.3303,3.3273,3.3283,3.3333,3.3353,3.3323,3.3333,8
2026-06-26 12:53:00,3.3293,3.3313,3.3283,3.3298,3.3343,3.3363,3.3333,3.3348,12
2026-06-26 12:54:00,3.3293,3.3293,3.3263,3.3263,3.3343,3.3343,3.3313,3.3313,3
2026-06-26 12:55:00,3.3268,3.3273,3.3243,3.3253,3.3318,3.3323,3.3293,3.3303,12
2026-06-26 12:56:00,3.3263,3.3273,3.3233,3.3238,3.3313,3.3323,3.3283,3.3288,12
2026-06-26 12:57:00,3.3243,3.3253,3.3243,3.3253,3.3293,3.3303,3.3293,3.3303,3
2026-06-26 12:59:00,3.3263,3.3263,3.3253,3.3258,3.3313,3.3313,3.3303,3.3308,5
2026-06-26 13:00:00,3.3263,3.3263,3.3173,3.3183,3.3313,3.3313,3.3223,3.3233,33
2026-06-26 13:01:00,3.3178,3.3248,3.3173,3.3243,3.3228,3.3298,3.3223,3.3293,18
2026-06-26 13:02:00,3.3238,3.3263,3.3233,3.3263,3.3288,3.3313,3.3283,3.3313,10
2026-06-26 13:03:00,3.3253,3.3273,3.3253,3.3273,3.3303,3.3323,3.3303,3.3323,4
2026-06-26 13:04:00,3.3263,3.3273,3.3253,3.3253,3.3313,3.3323,3.3303,3.3303,8
2026-06-26 13:05:00,3.3243,3.3253,3.3243,3.3248,3.3293,3.3303,3.3293,3.3298,5
2026-06-26 13:06:00,3.3253,3.3253,3.3233,3.3233,3.3303,3.3303,3.3283,3.3283,3
2026-06-26 13:07:00,3.3238,3.3243,3.3233,3.3243,3.3288,3.3293,3.3283,3.3293,7
2026-06-26 13:08:00,3.3253,3.3283,3.3253,3.3283,3.3303,3.3333,3.3303,3.3333,11
2026-06-26 13:09:00,3.3273,3.3283,3.3273,3.3283,3.3323,3.3333,3.3323,3.3333,2
2026-06-26 13:10:00,3.3273,3.3283,3.3268,3.3278,3.3323,3.3333,3.3318,3.3328,8
2026-06-26 13:11:00,3.3273,3.3283,3.3263,3.3273,3.3323,3.3333,3.3313,3.3323,9
2026-06-26 13:12:00,3.3283,3.3283,3.3253,3.3283,3.3333,3.3333,3.3303,3.3333,14
2026-06-26 13:13:00,3.3278,3.3293,3.3273,3.3293,3.3328,3.3343,3.3323,3.3343,10
2026-06-26 13:14:00,3.3283,3.3293,3.3283,3.3293,3.3333,3.3343,3.3333,3.3343,4
2026-06-26 13:15:00,3.3283,3.3283,3.3273,3.3283,3.3333,3.3333,3.3323,3.3333,11
2026-06-26 13:16:00,3.3273,3.3278,3.3213,3.3233,3.3323,3.3328,3.3263,3.3283,25
2026-06-26 13:17:00,3.3238,3.3273,3.3233,3.3273,3.3288,3.3323,3.3283,3.3323,12
2026-06-26 13:18:00,3.3268,3.3268,3.3253,3.3253,3.3318,3.3318,3.3303,3.3303,2
2026-06-26 13:19:00,3.3243,3.3263,3.3243,3.3263,3.3293,3.3313,3.3293,3.3313,6
2026-06-26 13:20:00,3.3273,3.3273,3.3223,3.3233,3.3323,3.3323,3.3273,3.3283,27
2026-06-26 13:21:00,3.3223,3.3233,3.3203,3.3223,3.3273,3.3283,3.3253,3.3273,15
2026-06-26 13:22:00,3.3233,3.3273,3.3233,3.3273,3.3283,3.3323,3.3283,3.3323,12
2026-06-26 13:23:00,3.3278,3.3278,3.3273,3.3273,3.3328,3.3328,3.3323,3.3323,2
2026-06-26 13:24:00,3.3263,3.3263,3.3243,3.3253,3.3313,3.3313,3.3293,3.3303,5
2026-06-26 13:25:00,3.3258,3.3258,3.3243,3.3253,3.3308,3.3308,3.3293,3.3303,4
2026-06-26 13:26:00,3.3258,3.3258,3.3243,3.3243,3.3308,3.3308,3.3293,3.3293,3
2026-06-26 13:27:00,3.3253,3.3273,3.3253,3.3268,3.3303,3.3323,3.3303,3.3318,7
2026-06-26 13:28:00,3.3263,3.3263,3.3253,3.3263,3.3313,3.3313,3.3303,3.3313,3
2026-06-26 13:29:00,3.3273,3.3293,3.3273,3.3273,3.3323,3.3343,3.3323,3.3323,7
2026-06-26 13:30:00,3.3278,3.3293,3.3253,3.3253,3.3328,3.3343,3.3303,3.3303,29
2026-06-26 13:31:00,3.3263,3.3323,3.3258,3.3273,3.3313,3.3373,3.3308,3.3323,29
2026-06-26 13:32:00,3.3263,3.3288,3.3263,3.3283,3.3313,3.3338,3.3313,3.3333,18
2026-06-26 13:33:00,3.3293,3.3313,3.3283,3.3303,3.3343,3.3363,3.3333,3.3353,14
2026-06-26 13:34:00,3.3313,3.3423,3.3313,3.3413,3.3363,3.3473,3.3363,3.3463,59
2026-06-26 13:35:00,3.3408,3.3413,3.3373,3.3373,3.3458,3.3463,3.3423,3.3423,43
2026-06-26 13:36:00,3.3383,3.3393,3.3363,3.3363,3.3433,3.3443,3.3413,3.3413,8
2026-06-26 13:37:00,3.3373,3.3378,3.3353,3.3353,3.3423,3.3428,3.3403,3.3403,19
2026-06-26 13:38:00,3.3358,3.3363,3.3353,3.3353,3.3408,3.3413,3.3403,3.3403,6
2026-06-26 13:39:00,3.3363,3.3373,3.3353,3.3363,3.3413,3.3423,3.3403,3.3413,10
2026-06-26 13:40:00,3.3353,3.3423,3.3353,3.3393,3.3403,3.3473,3.3403,3.3443,30
2026-06-26 13:41:00,3.3388,3.3398,3.3353,3.3363,3.3438,3.3448,3.3403,3.3413,15
2026-06-26 13:42:00,3.3353,3.3363,3.3323,3.3323,3.3403,3.3413,3.3373,3.3373,12
2026-06-26 13:43:00,3.3318,3.3343,3.3293,3.3318,3.3368,3.3393,3.3343,3.3368,39
2026-06-26 13:44:00,3.3323,3.3353,3.3323,3.3343,3.3373,3.3403,3.3373,3.3393,19
2026-06-26 13:45:00,3.3333,3.3363,3.3333,3.3353,3.3383,3.3413,3.3383,3.3403,15
2026-06-26 13:46:00,3.3363,3.3363,3.3323,3.3333,3.3413,3.3413,3.3373,3.3383,17
2026-06-26 13:47:00,3.3323,3.3323,3.3303,3.3303,3.3373,3.3373,3.3353,3.3353,6
2026-06-26 13:48:00,3.3298,3.3298,3.3273,3.3293,3.3348,3.3348,3.3323,3.3343,6
2026-06-26 13:49:00,3.3303,3.3323,3.3253,3.3263,3.3353,3.3373,3.3303,3.3313,19
2026-06-26 13:50:00,3.3273,3.3273,3.3223,3.3253,3.3323,3.3323,3.3273,3.3303,19
2026-06-26 13:51:00,3.3243,3.3408,3.3243,3.3368,3.3293,3.3458,3.3293,3.3418,91
2026-06-26 13:52:00,3.3363,3.3378,3.3333,3.3353,3.3413,3.3428,3.3383,3.3403,31
2026-06-26 13:53:00,3.3348,3.3378,3.3333,3.3363,3.3398,3.3428,3.3383,3.3413,31
2026-06-26 13:54:00,3.3373,3.3378,3.3353,3.3368,3.3423,3.3428,3.3403,3.3418,24
2026-06-26 13:55:00,3.3363,3.3373,3.3363,3.3373,3.3413,3.3423,3.3413,3.3423,10
2026-06-26 13:56:00,3.3383,3.3393,3.3373,3.3393,3.3433,3.3443,3.3423,3.3443,20
2026-06-26 13:57:00,3.3403,3.3403,3.3348,3.3348,3.3453,3.3453,3.3398,3.3398,15
2026-06-26 13:58:00,3.3353,3.3353,3.3333,3.3333,3.3403,3.3403,3.3383,3.3383,7
2026-06-26 13:59:00,3.3323,3.3333,3.3273,3.3313,3.3373,3.3383,3.3323,3.3363,44
2026-06-26 14:00:00,3.3323,3.3433,3.3323,3.3413,3.3373,3.3483,3.3373,3.3463,34
2026-06-26 14:01:00,3.3403,3.3453,3.3373,3.3383,3.3453,3.3503,3.3423,3.3433,37
2026-06-26 14:02:00,3.3393,3.3393,3.3343,3.3343,3.3443,3.3443,3.3393,3.3393,25
2026-06-26 14:03:00,3.3348,3.3383,3.3343,3.3358,3.3398,3.3433,3.3393,3.3408,27
2026-06-26 14:04:00,3.3363,3.3373,3.3333,3.3343,3.3413,3.3423,3.3383,3.3393,26
2026-06-26 14:05:00,3.3348,3.3373,3.3313,3.3313,3.3398,3.3423,3.3363,3.3363,29
2026-06-26 14:06:00,3.3303,3.3313,3.3273,3.3288,3.3353,3.3363,3.3323,3.3338,24
2026-06-26 14:07:00,3.3293,3.3293,3.3213,3.3253,3.3343,3.3343,3.3263,3.3303,43
2026-06-26 14:08:00,3.3263,3.3283,3.3263,3.3263,3.3313,3.3333,3.3313,3.3313,11
2026-06-26 14:09:00,3.3273,3.3283,3.3243,3.3273,3.3323,3.3333,3.3293,3.3323,33
2026-06-26 14:10:00,3.3283,3.3383,3.3283,3.3368,3.3333,3.3433,3.3333,3.3418,37
2026-06-26 14:11:00,3.3363,3.3373,3.3348,3.3363,3.3413,3.3423,3.3398,3.3413,20
2026-06-26 14:12:00,3.3353,3.3393,3.3353,3.3378,3.3403,3.3443,3.3403,3.3428,24
2026-06-26 14:13:00,3.3383,3.3413,3.3383,3.3403,3.3433,3.3463,3.3433,3.3453,38
2026-06-26 14:14:00,3.3408,3.3433,3.3393,3.3423,3.3458,3.3483,3.3443,3.3473,18
2026-06-26 14:15:00,3.3413,3.3483,3.3403,3.3463,3.3463,3.3533,3.3453,3.3513,59
2026-06-26 14:16:00,3.3453,3.3473,3.3413,3.3423,3.3503,3.3523,3.3463,3.3473,27
2026-06-26 14:17:00,3.3428,3.3473,3.3423,3.3473,3.3478,3.3523,3.3473,3.3523,14
2026-06-26 14:18:00,3.3478,3.3483,3.3423,3.3433,3.3528,3.3533,3.3473,3.3483,32
2026-06-26 14:19:00,3.3428,3.3483,3.3413,3.3473,3.3478,3.3533,3.3463,3.3523,22
2026-06-26 14:20:00,3.3478,3.3488,3.3423,3.3453,3.3528,3.3538,3.3473,3.3503,49
2026-06-26 14:21:00,3.3458,3.3463,3.3443,3.3453,3.3508,3.3513,3.3493,3.3503,33
2026-06-26 14:22:00,3.3463,3.3463,3.3443,3.3458,3.3513,3.3513,3.3493,3.3508,17
2026-06-26 14:23:00,3.3463,3.3473,3.3403,3.3403,3.3513,3.3523,3.3453,3.3453,29
2026-06-26 14:24:00,3.3413,3.3433,3.3383,3.3388,3.3463,3.3483,3.3433,3.3438,27
2026-06-26 14:25:00,3.3383,3.3413,3.3363,3.3403,3.3433,3.3463,3.3413,3.3453,25
2026-06-26 14:26:00,3.3413,3.3453,3.3403,3.3443,3.3463,3.3503,3.3453,3.3493,33
2026-06-26 14:27:00,3.3433,3.3463,3.3423,3.3443,3.3483,3.3513,3.3473,3.3493,24
2026-06-26 14:28:00,3.3448,3.3483,3.3423,3.3463,3.3498,3.3533,3.3473,3.3513,29
2026-06-26 14:29:00,3.3453,3.3473,3.3453,3.3453,3.3503,3.3523,3.3503,3.3503,19
2026-06-26 14:30:00,3.3458,3.3513,3.3433,3.3483,3.3508,3.3563,3.3483,3.3533,34
2026-06-26 14:31:00,3.3473,3.3503,3.3473,3.3473,3.3523,3.3553,3.3523,3.3523,30
2026-06-26 14:32:00,3.3463,3.3483,3.3443,3.3483,3.3513,3.3533,3.3493,3.3533,19
2026-06-26 14:33:00,3.3473,3.3488,3.3443,3.3488,3.3523,3.3538,3.3493,3.3538,13
2026-06-26 14:34:00,3.3483,3.3513,3.3473,3.3503,3.3533,3.3563,3.3523,3.3553,23
2026-06-26 14:35:00,3.3513,3.3613,3.3513,3.3563,3.3563,3.3663,3.3563,3.3613,107
2026-06-26 14:36:00,3.3573,3.3603,3.3563,3.3563,3.3623,3.3653,3.3613,3.3613,21
2026-06-26 14:37:00,3.3553,3.3563,3.3493,3.3518,3.3603,3.3613,3.3543,3.3568,50
2026-06-26 14:38:00,3.3513,3.3533,3.3453,3.3468,3.3563,3.3583,3.3503,3.3518,51
2026-06-26 14:39:00,3.3463,3.3588,3.3463,3.3583,3.3513,3.3638,3.3513,3.3633,62
2026-06-26 14:40:00,3.3578,3.3633,3.3553,3.3573,3.3628,3.3683,3.3603,3.3623,73
2026-06-26 14:41:00,3.3563,3.3583,3.3363,3.3363,3.3613,3.3633,3.3413,3.3413,98
2026-06-26 14:42:00,3.3368,3.3393,3.3323,3.3348,3.3418,3.3443,3.3373,3.3398,103
2026-06-26 14:43:00,3.3353,3.3373,3.3303,3.3313,3.3403,3.3423,3.3353,3.3363,74
2026-06-26 14:44:00,3.3323,3.3333,3.3233,3.3248,3.3373,3.3383,3.3283,3.3298,56
2026-06-26 14:45:00,3.3253,3.3263,3.3223,3.3223,3.3303,3.3313,3.3273,3.3273,52
2026-06-26 14:46:00,3.3233,3.3233,3.3113,3.3163,3.3283,3.3283,3.3163,3.3213,83
2026-06-26 14:47:00,3.3158,3.3243,3.3143,3.3233,3.3208,3.3293,3.3193,3.3283,46
2026-06-26 14:48:00,3.3238,3.3263,3.3218,3.3243,3.3288,3.3313,3.3268,3.3293,49
2026-06-26 14:49:00,3.3233,3.3243,3.3183,3.3233,3.3283,3.3293,3.3233,3.3283,50
2026-06-26 14:50:00,3.3243,3.3243,3.3133,3.3188,3.3293,3.3293,3.3183,3.3238,70
2026-06-26 14:51:00,3.3193,3.3218,3.3183,3.3193,3.3243,3.3268,3.3233,3.3243,37
2026-06-26 14:52:00,3.3183,3.3233,3.3173,3.3213,3.3233,3.3283,3.3223,3.3263,32
2026-06-26 14:53:00,3.3203,3.3213,3.3183,3.3193,3.3253,3.3263,3.3233,3.3243,33
2026-06-26 14:54:00,3.3183,3.3293,3.3183,3.3273,3.3233,3.3343,3.3233,3.3323,54
2026-06-26 14:55:00,3.3268,3.3288,3.3173,3.3188,3.3318,3.3338,3.3223,3.3238,51
2026-06-26 14:56:00,3.3193,3.3193,3.3118,3.3158,3.3243,3.3243,3.3168,3.3208,43
2026-06-26 14:57:00,3.3153,3.3163,3.3133,3.3153,3.3203,3.3213,3.3183,3.3203,26
2026-06-26 14:58:00,3.3158,3.3183,3.3143,3.3168,3.3208,3.3233,3.3193,3.3218,43
2026-06-26 14:59:00,3.3173,3.3193,3.3143,3.3193,3.3223,3.3243,3.3193,3.3243,33
2026-06-26 15:00:00,3.3203,3.3313,3.3198,3.3303,3.3253,3.3363,3.3248,3.3353,94
2026-06-26 15:01:00,3.3308,3.3353,3.3293,3.3318,3.3358,3.3403,3.3343,3.3368,53
2026-06-26 15:02:00,3.3313,3.3353,3.3293,3.3343,3.3363,3.3403,3.3343,3.3393,57
2026-06-26 15:03:00,3.3333,3.3353,3.3323,3.3333,3.3383,3.3403,3.3373,3.3383,32
2026-06-26 15:04:00,3.3343,3.3353,3.3193,3.3223,3.3393,3.3403,3.3243,3.3273,64
2026-06-26 15:05:00,3.3233,3.3283,3.3223,3.3273,3.3283,3.3333,3.3273,3.3323,30
2026-06-26 15:06:00,3.3283,3.3323,3.3273,3.3303,3.3333,3.3373,3.3323,3.3353,55
2026-06-26 15:07:00,3.3313,3.3343,3.3293,3.3318,3.3363,3.3393,3.3343,3.3368,25
2026-06-26 15:08:00,3.3313,3.3353,3.3303,3.3323,3.3363,3.3403,3.3353,3.3373,38
2026-06-26 15:09:00,3.3313,3.3323,3.3303,3.3323,3.3363,3.3373,3.3353,3.3373,13
2026-06-26 15:10:00,3.3313,3.3323,3.3263,3.3283,3.3363,3.3373,3.3313,3.3333,35
2026-06-26 15:11:00,3.3273,3.3278,3.3203,3.3213,3.3323,3.3328,3.3253,3.3263,44
2026-06-26 15:12:00,3.3203,3.3253,3.3193,3.3238,3.3253,3.3303,3.3243,3.3288,28
2026-06-26 15:13:00,3.3233,3.3363,3.3233,3.3353,3.3283,3.3413,3.3283,3.3403,34
2026-06-26 15:14:00,3.3363,3.3373,3.3353,3.3363,3.3413,3.3423,3.3403,3.3413,16
2026-06-26 15:15:00,3.3353,3.3373,3.3323,3.3333,3.3403,3.3423,3.3373,3.3383,35
2026-06-26 15:16:00,3.3343,3.3353,3.3323,3.3343,3.3393,3.3403,3.3373,3.3393,19
2026-06-26 15:17:00,3.3353,3.3363,3.3313,3.3313,3.3403,3.3413,3.3363,3.3363,28
2026-06-26 15:18:00,3.3323,3.3338,3.3283,3.3333,3.3373,3.3388,3.3333,3.3383,46
2026-06-26 15:19:00,3.3338,3.3363,3.3313,3.3313,3.3388,3.3413,3.3363,3.3363,55
2026-06-26 15:20:00,3.3323,3.3323,3.3263,3.3283,3.3373,3.3373,3.3313,3.3333,40
2026-06-26 15:21:00,3.3293,3.3293,3.3263,3.3263,3.3343,3.3343,3.3313,3.3313,33
2026-06-26 15:22:00,3.3268,3.3303,3.3263,3.3283,3.3318,3.3353,3.3313,3.3333,30
2026-06-26 15:23:00,3.3293,3.3303,3.3283,3.3283,3.3343,3.3353,3.3333,3.3333,13
2026-06-26 15:24:00,3.3278,3.3293,3.3243,3.3258,3.3328,3.3343,3.3293,3.3308,28
2026-06-26 15:25:00,3.3263,3.3263,3.3243,3.3243,3.3313,3.3313,3.3293,3.3293,10
2026-06-26 15:26:00,3.3253,3.3253,3.3213,3.3253,3.3303,3.3303,3.3263,3.3303,24
2026-06-26 15:27:00,3.3258,3.3293,3.3243,3.3243,3.3308,3.3343,3.3293,3.3293,32
2026-06-26 15:28:00,3.3248,3.3263,3.3233,3.3263,3.3298,3.3313,3.3283,3.3313,17
2026-06-26 15:29:00,3.3253,3.3308,3.3253,3.3293,3.3303,3.3358,3.3303,3.3343,29
2026-06-26 15:30:00,3.3283,3.3333,3.3273,3.3323,3.3333,3.3383,3.3323,3.3373,72
2026-06-26 15:31:00,3.3333,3.3343,3.3293,3.3313,3.3383,3.3393,3.3343,3.3363,46
2026-06-26 15:32:00,3.3303,3.3313,3.3243,3.3258,3.3353,3.3363,3.3293,3.3308,80
2026-06-26 15:33:00,3.3253,3.3263,3.3113,3.3123,3.3303,3.3313,3.3163,3.3173,164
2026-06-26 15:34:00,3.3133,3.3183,3.3133,3.3173,3.3183,3.3233,3.3183,3.3223,90
2026-06-26 15:35:00,3.3178,3.3213,3.3113,3.3123,3.3228,3.3263,3.3163,3.3173,78
2026-06-26 15:36:00,3.3128,3.3153,3.3113,3.3133,3.3178,3.3203,3.3163,3.3183,70
2026-06-26 15:37:00,3.3128,3.3173,3.3123,3.3173,3.3178,3.3223,3.3173,3.3223,54
2026-06-26 15:38:00,3.3188,3.3203,3.3173,3.3183,3.3238,3.3253,3.3223,3.3233,56
2026-06-26 15:39:00,3.3193,3.3193,3.3123,3.3133,3.3243,3.3243,3.3173,3.3183,28
2026-06-26 15:40:00,3.3128,3.3133,3.3093,3.3103,3.3178,3.3183,3.3143,3.3153,34
2026-06-26 15:41:00,3.3143,3.3173,3.3133,3.3163,3.3163,3.3223,3.3163,3.3213,38
2026-06-26 15:42:00,3.3168,3.3173,3.3153,3.3163,3.3218,3.3218,3.3203,3.3213,42
2026-06-26 15:43:00,3.3153,3.3183,3.3153,3.3173,3.3203,3.3233,3.3203,3.3223,16
2026-06-26 15:44:00,3.3143,3.3153,3.3113,3.3143,3.3193,3.3203,3.3163,3.3193,20
2026-06-26 15:45:00,3.3128,3.3133,3.3053,3.3063,3.3178,3.3183,3.3143,3.3143,23
2026-06-26 15:46:00,3.3073,3.3083,3.3043,3.3053,3.3123,3.3133,3.3093,3.3103,19
2026-06-26 15:47:00,3.3053,3.3063,3.3033,3.3043,3.3103,3.3113,3.3083,3.3093,32
2026-06-26 15:48:00,3.3033,3.3073,3.3033,3.3053,3.3083,3.3123,3.3083,3.3103,20
2026-06-26 15:49:00,3.3028,3.3033,3.3023,3.3033,3.3078,3.3083,3.3073,3.3083,20
2026-06-26 15:50:00,3.3053,3.3113,3.3053,3.3113,3.3103,3.3163,3.3103,3.3153,27
2026-06-26 15:51:00,3.3103,3.3103,3.3093,3.3103,3.3153,3.3153,3.3143,3.3153,10
2026-06-26 15:52:00,3.3083,3.3103,3.3073,3.3103,3.3133,3.3153,3.3123,3.3153,13
2026-06-26 15:53:00,3.3113,3.3133,3.3103,3.3133,3.3163,3.3183,3.3153,3.3183,10
2026-06-26 15:54:00,3.3123,3.3133,3.3113,3.3118,3.3173,3.3183,3.3163,3.3168,18
2026-06-26 15:55:00,3.3113,3.3123,3.3113,3.3123,3.3163,3.3173,3.3163,3.3173,4
2026-06-26 15:56:00,3.3143,3.3148,3.3123,3.3138,3.3193,3.3193,3.3183,3.3188,32
2026-06-26 15:57:00,3.3143,3.3153,3.3133,3.3153,3.3193,3.3203,3.3183,3.3203,8
2026-06-26 15:58:00,3.3163,3.3163,3.3153,3.3153,3.3213,3.3213,3.3203,3.3203,24
2026-06-26 15:59:00,3.3158,3.3183,3.3153,3.3173,3.3208,3.3233,3.3208,3.3223,34
2026-06-26 16:00:00,3.3193,3.3193,3.3123,3.3133,3.3213,3.3243,3.3173,3.3183,34
2026-06-26 16:01:00,3.3123,3.3133,3.3113,3.3123,3.3173,3.3183,3.3163,3.3173,6
2026-06-26 16:02:00,3.3133,3.3203,3.3123,3.3193,3.3183,3.3253,3.3173,3.3243,18
2026-06-26 16:03:00,3.3183,3.3193,3.3183,3.3183,3.3233,3.3243,3.3213,3.3218,14
2026-06-26 16:04:00,3.3168,3.3168,3.3153,3.3153,3.3218,3.3218,3.3203,3.3203,9
2026-06-26 16:05:00,3.3138,3.3143,3.3138,3.3143,3.3188,3.3193,3.3188,3.3193,2
2026-06-26 16:06:00,3.3153,3.3163,3.3148,3.3148,3.3203,3.3213,3.3203,3.3208,8
2026-06-26 16:07:00,3.3143,3.3153,3.3103,3.3113,3.3193,3.3193,3.3153,3.3163,11
2026-06-26 16:08:00,3.3108,3.3113,3.3083,3.3103,3.3158,3.3163,3.3143,3.3153,18
2026-06-26 16:09:00,3.3113,3.3178,3.3093,3.3163,3.3163,3.3228,3.3143,3.3213,26
2026-06-26 16:10:00,3.3163,3.3193,3.3163,3.3183,3.3213,3.3253,3.3203,3.3253,14
2026-06-26 16:11:00,3.3193,3.3193,3.3173,3.3173,3.3243,3.3243,3.3223,3.3233,12
2026-06-26 16:12:00,3.3178,3.3233,3.3178,3.3233,3.3228,3.3323,3.3228,3.3303,16
2026-06-26 16:13:00,3.3263,3.3263,3.3223,3.3253,3.3313,3.3313,3.3273,3.3303,24
2026-06-26 16:14:00,3.3253,3.3293,3.3233,3.3283,3.3303,3.3353,3.3283,3.3348,17
2026-06-26 16:15:00,3.3293,3.3293,3.3278,3.3283,3.3343,3.3343,3.3328,3.3333,14
2026-06-26 16:16:00,3.3263,3.3273,3.3243,3.3273,3.3323,3.3333,3.3293,3.3323,15
2026-06-26 16:17:00,3.3268,3.3273,3.3243,3.3263,3.3318,3.3323,3.3293,3.3313,14
2026-06-26 16:18:00,3.3273,3.3278,3.3273,3.3278,3.3303,3.3328,3.3303,3.3328,5
2026-06-26 16:19:00,3.3273,3.3273,3.3248,3.3253,3.3323,3.3323,3.3298,3.3303,8
2026-06-26 16:20:00,3.3243,3.3273,3.3233,3.3263,3.3293,3.3323,3.3283,3.3313,11
2026-06-26 16:21:00,3.3268,3.3268,3.3263,3.3263,3.3318,3.3318,3.3313,3.3313,6
2026-06-26 16:22:00,3.3273,3.3273,3.3263,3.3273,3.3313,3.3323,3.3313,3.3323,4
2026-06-26 16:23:00,3.3283,3.3313,3.3273,3.3293,3.3333,3.3363,3.3323,3.3353,15
2026-06-26 16:24:00,3.3283,3.3293,3.3263,3.3268,3.3333,3.3343,3.3313,3.3318,10
2026-06-26 16:25:00,3.3273,3.3283,3.3273,3.3283,3.3323,3.3333,3.3323,3.3333,2
2026-06-26 16:26:00,3.3323,3.3383,3.3303,3.3373,3.3373,3.3433,3.3353,3.3423,64
2026-06-26 16:27:00,3.3368,3.3403,3.3313,3.3323,3.3418,3.3453,3.3363,3.3373,32
2026-06-26 16:28:00,3.3313,3.3363,3.3313,3.3358,3.3363,3.3413,3.3363,3.3408,31
2026-06-26 16:29:00,3.3363,3.3368,3.3363,3.3363,3.3413,3.3418,3.3413,3.3413,3
2026-06-26 16:30:00,3.3373,3.3408,3.3363,3.3403,3.3423,3.3458,3.3413,3.3453,42
2026-06-26 16:31:00,3.3408,3.3443,3.3393,3.3413,3.3458,3.3493,3.3443,3.3463,66
2026-06-26 16:32:00,3.3423,3.3433,3.3408,3.3418,3.3473,3.3483,3.3458,3.3468,35
2026-06-26 16:33:00,3.3423,3.3523,3.3413,3.3513,3.3473,3.3573,3.3463,3.3563,107
2026-06-26 16:34:00,3.3508,3.3523,3.3483,3.3493,3.3558,3.3573,3.3533,3.3543,43
2026-06-26 16:35:00,3.3503,3.3503,3.3453,3.3478,3.3553,3.3553,3.3503,3.3528,47
2026-06-26 16:36:00,3.3483,3.3503,3.3473,3.3488,3.3533,3.3553,3.3523,3.3538,38
2026-06-26 16:37:00,3.3483,3.3493,3.3433,3.3433,3.3533,3.3543,3.3483,3.3483,32
2026-06-26 16:38:00,3.3443,3.3473,3.3443,3.3453,3.3493,3.3523,3.3493,3.3503,20
2026-06-26 16:39:00,3.3443,3.3443,3.3403,3.3428,3.3493,3.3493,3.3453,3.3478,42
2026-06-26 16:40:00,3.3433,3.3433,3.3363,3.3373,3.3483,3.3483,3.3413,3.3423,30
2026-06-26 16:41:00,3.3383,3.3413,3.3353,3.3373,3.3433,3.3463,3.3403,3.3423,55
2026-06-26 16:42:00,3.3383,3.3423,3.3373,3.3423,3.3433,3.3473,3.3423,3.3473,23
2026-06-26 16:43:00,3.3428,3.3433,3.3393,3.3393,3.3478,3.3483,3.3443,3.3443,21
2026-06-26 16:44:00,3.3383,3.3388,3.3363,3.3373,3.3433,3.3438,3.3413,3.3423,19
2026-06-26 16:45:00,3.3378,3.3403,3.3333,3.3338,3.3428,3.3453,3.3383,3.3388,36
2026-06-26 16:46:00,3.3348,3.3363,3.3333,3.3363,3.3398,3.3413,3.3383,3.3413,23
2026-06-26 16:47:00,3.3368,3.3378,3.3323,3.3363,3.3418,3.3428,3.3373,3.3413,24
2026-06-26 16:48:00,3.3373,3.3373,3.3343,3.3343,3.3423,3.3423,3.3393,3.3393,20
2026-06-26 16:49:00,3.3338,3.3343,3.3303,3.3313,3.3388,3.3393,3.3353,3.3363,34
2026-06-26 16:50:00,3.3318,3.3343,3.3313,3.3323,3.3368,3.3393,3.3363,3.3373,23
2026-06-26 16:51:00,3.3333,3.3353,3.3313,3.3313,3.3383,3.3403,3.3363,3.3363,19
2026-06-26 16:52:00,3.3323,3.3323,3.3293,3.3303,3.3373,3.3373,3.3343,3.3353,12
2026-06-26 16:53:00,3.3293,3.3313,3.3263,3.3263,3.3343,3.3363,3.3313,3.3313,19
2026-06-26 16:54:00,3.3243,3.3253,3.3233,3.3253,3.3293,3.3303,3.3283,3.3303,22
2026-06-26 16:55:00,3.3258,3.3293,3.3233,3.3293,3.3308,3.3343,3.3283,3.3343,26
2026-06-26 16:56:00,3.3288,3.3293,3.3253,3.3263,3.3338,3.3343,3.3303,3.3313,19
2026-06-26 16:57:00,3.3253,3.3283,3.3243,3.3263,3.3303,3.3333,3.3293,3.3313,20
2026-06-26 16:58:00,3.3253,3.3283,3.3248,3.3283,3.3303,3.3333,3.3298,3.3333,12
2026-06-26 16:59:00,3.3273,3.3283,3.3263,3.3263,3.3323,3.3333,3.3313,3.3313,10
2026-06-26 17:00:00,3.3253,3.3263,3.3213,3.3228,3.3303,3.3313,3.3263,3.3278,22
2026-06-26 17:01:00,3.3223,3.3243,3.3203,3.3233,3.3273,3.3293,3.3253,3.3283,21
2026-06-26 17:02:00,3.3243,3.3253,3.3233,3.3253,3.3293,3.3303,3.3283,3.3303,27
2026-06-26 17:03:00,3.3258,3.3258,3.3233,3.3233,3.3308,3.3308,3.3283,3.3283,7
2026-06-26 17:04:00,3.3243,3.3243,3.3218,3.3223,3.3293,3.3293,3.3268,3.3273,9
2026-06-26 17:05:00,3.3233,3.3243,3.3213,3.3233,3.3283,3.3293,3.3263,3.3283,15
2026-06-26 17:06:00,3.3238,3.3243,3.3223,3.3238,3.3288,3.3293,3.3273,3.3288,19
2026-06-26 17:07:00,3.3233,3.3243,3.3213,3.3223,3.3283,3.3293,3.3263,3.3273,22
2026-06-26 17:08:00,3.3233,3.3253,3.3233,3.3243,3.3283,3.3303,3.3283,3.3293,13
2026-06-26 17:09:00,3.3233,3.3243,3.3213,3.3233,3.3283,3.3293,3.3263,3.3283,18
2026-06-26 17:10:00,3.3238,3.3263,3.3233,3.3243,3.3288,3.3313,3.3283,3.3293,13
2026-06-26 17:11:00,3.3253,3.3263,3.3233,3.3253,3.3303,3.3313,3.3283,3.3303,12
2026-06-26 17:12:00,3.3273,3.3273,3.3243,3.3253,3.3323,3.3323,3.3293,3.3303,20
2026-06-26 17:13:00,3.3243,3.3253,3.3223,3.3243,3.3293,3.3303,3.3273,3.3293,13
2026-06-26 17:14:00,3.3253,3.3303,3.3243,3.3293,3.3303,3.3353,3.3293,3.3343,21
2026-06-26 17:15:00,3.3298,3.3313,3.3283,3.3293,3.3348,3.3363,3.3333,3.3343,26
2026-06-26 17:16:00,3.3303,3.3313,3.3293,3.3293,3.3353,3.3363,3.3343,3.3343,13
2026-06-26 17:17:00,3.3283,3.3293,3.3203,3.3258,3.3333,3.3343,3.3253,3.3308,33
2026-06-26 17:18:00,3.3263,3.3263,3.3203,3.3253,3.3313,3.3313,3.3253,3.3303,28
2026-06-26 17:19:00,3.3243,3.3253,3.3213,3.3223,3.3293,3.3303,3.3263,3.3273,16
2026-06-26 17:20:00,3.3233,3.3243,3.3203,3.3233,3.3283,3.3293,3.3253,3.3283,18
2026-06-26 17:21:00,3.3253,3.3253,3.3213,3.3243,3.3303,3.3303,3.3263,3.3293,14
2026-06-26 17:22:00,3.3253,3.3253,3.3193,3.3203,3.3303,3.3303,3.3243,3.3253,13
2026-06-26 17:23:00,3.3198,3.3213,3.3193,3.3213,3.3248,3.3263,3.3243,3.3263,20
2026-06-26 17:24:00,3.3208,3.3218,3.3163,3.3173,3.3258,3.3268,3.3213,3.3223,50
2026-06-26 17:25:00,3.3183,3.3203,3.3173,3.3173,3.3233,3.3253,3.3223,3.3223,66
2026-06-26 17:26:00,3.3183,3.3213,3.3153,3.3203,3.3233,3.3263,3.3203,3.3253,60
2026-06-26 17:27:00,3.3213,3.3263,3.3203,3.3253,3.3263,3.3313,3.3253,3.3303,44
2026-06-26 17:28:00,3.3243,3.3273,3.3233,3.3233,3.3293,3.3323,3.3283,3.3283,32
2026-06-26 17:29:00,3.3228,3.3233,3.3193,3.3223,3.3278,3.3283,3.3243,3.3273,20
2026-06-26 17:30:00,3.3228,3.3238,3.3183,3.3223,3.3278,3.3288,3.3233,3.3273,32
2026-06-26 17:31:00,3.3243,3.3243,3.3233,3.3243,3.3293,3.3293,3.3283,3.3293,10
2026-06-26 17:32:00,3.3253,3.3313,3.3243,3.3313,3.3303,3.3363,3.3293,3.3363,15
2026-06-26 17:33:00,3.3303,3.3313,3.3293,3.3308,3.3353,3.3363,3.3343,3.3358,18
2026-06-26 17:34:00,3.3313,3.3313,3.3303,3.3303,3.3363,3.3363,3.3353,3.3353,6
2026-06-26 17:35:00,3.3308,3.3313,3.3303,3.3313,3.3358,3.3363,3.3353,3.3363,11
2026-06-26 17:36:00,3.3323,3.3323,3.3303,3.3323,3.3373,3.3373,3.3353,3.3373,18
2026-06-26 17:37:00,3.3328,3.3333,3.3303,3.3303,3.3378,3.3383,3.3353,3.3353,15
2026-06-26 17:38:00,3.3308,3.3323,3.3308,3.3313,3.3358,3.3373,3.3358,3.3363,9
2026-06-26 17:39:00,3.3318,3.3318,3.3273,3.3303,3.3368,3.3368,3.3323,3.3353,14
2026-06-26 17:40:00,3.3313,3.3323,3.3313,3.3313,3.3363,3.3373,3.3363,3.3363,14
2026-06-26 17:41:00,3.3303,3.3313,3.3303,3.3313,3.3353,3.3363,3.3353,3.3363,2
2026-06-26 17:42:00,3.3318,3.3343,3.3318,3.3333,3.3368,3.3393,3.3368,3.3383,18
2026-06-26 17:43:00,3.3338,3.3343,3.3313,3.3323,3.3388,3.3393,3.3363,3.3373,12
2026-06-26 17:44:00,3.3313,3.3313,3.3303,3.3308,3.3363,3.3363,3.3353,3.3358,9
2026-06-26 17:45:00,3.3303,3.3333,3.3303,3.3333,3.3353,3.3383,3.3353,3.3383,11
2026-06-26 17:46:00,3.3343,3.3383,3.3338,3.3383,3.3393,3.3433,3.3388,3.3433,14
2026-06-26 17:47:00,3.3378,3.3393,3.3378,3.3383,3.3428,3.3443,3.3428,3.3433,13
2026-06-26 17:48:00,3.3373,3.3383,3.3363,3.3373,3.3423,3.3433,3.3413,3.3423,11
2026-06-26 17:49:00,3.3378,3.3393,3.3373,3.3373,3.3428,3.3443,3.3423,3.3423,15
2026-06-26 17:50:00,3.3378,3.3383,3.3353,3.3378,3.3428,3.3433,3.3403,3.3428,11
2026-06-26 17:51:00,3.3373,3.3398,3.3363,3.3373,3.3423,3.3448,3.3413,3.3423,57
2026-06-26 17:52:00,3.3378,3.3388,3.3353,3.3383,3.3428,3.3438,3.3403,3.3433,47
2026-06-26 17:53:00,3.3388,3.3388,3.3313,3.3323,3.3438,3.3438,3.3363,3.3373,35
2026-06-26 17:54:00,3.3333,3.3363,3.3333,3.3353,3.3383,3.3413,3.3383,3.3403,23
2026-06-26 17:55:00,3.3343,3.3373,3.3343,3.3368,3.3393,3.3423,3.3393,3.3418,15
2026-06-26 17:56:00,3.3383,3.3383,3.3363,3.3383,3.3433,3.3433,3.3413,3.3433,13
2026-06-26 17:57:00,3.3393,3.3423,3.3383,3.3393,3.3443,3.3473,3.3433,3.3443,42
2026-06-26 17:58:00,3.3398,3.3403,3.3393,3.3393,3.3448,3.3453,3.3443,3.3443,7
2026-06-26 17:59:00,3.3403,3.3448,3.3403,3.3408,3.3453,3.3498,3.3453,3.3458,40
2026-06-26 18:00:00,3.3413,3.3423,3.3363,3.3363,3.3463,3.3473,3.3413,3.3413,16
2026-06-26 18:01:00,3.3368,3.3383,3.3363,3.3383,3.3418,3.3433,3.3413,3.3433,19
2026-06-26 18:02:00,3.3373,3.3383,3.3363,3.3373,3.3423,3.3433,3.3413,3.3423,11
2026-06-26 18:03:00,3.3363,3.3363,3.3343,3.3343,3.3413,3.3413,3.3393,3.3393,16
2026-06-26 18:04:00,3.3333,3.3353,3.3323,3.3353,3.3383,3.3403,3.3373,3.3403,11
2026-06-26 18:05:00,3.3363,3.3363,3.3333,3.3338,3.3413,3.3413,3.3383,3.3388,17
2026-06-26 18:06:00,3.3328,3.3353,3.3328,3.3343,3.3378,3.3403,3.3378,3.3393,16
2026-06-26 18:07:00,3.3353,3.3413,3.3343,3.3403,3.3403,3.3463,3.3393,3.3453,31
2026-06-26 18:08:00,3.3393,3.3398,3.3363,3.3363,3.3443,3.3448,3.3413,3.3413,12
2026-06-26 18:09:00,3.3353,3.3383,3.3333,3.3383,3.3403,3.3433,3.3383,3.3433,26
2026-06-26 18:10:00,3.3373,3.3383,3.3373,3.3373,3.3423,3.3433,3.3423,3.3423,11
2026-06-26 18:11:00,3.3383,3.3403,3.3378,3.3403,3.3433,3.3453,3.3428,3.3453,20
2026-06-26 18:12:00,3.3398,3.3403,3.3383,3.3398,3.3448,3.3453,3.3433,3.3448,9
2026-06-26 18:13:00,3.3393,3.3433,3.3393,3.3433,3.3443,3.3483,3.3443,3.3483,20
2026-06-26 18:14:00,3.3423,3.3433,3.3413,3.3423,3.3473,3.3483,3.3463,3.3473,23
2026-06-26 18:15:00,3.3428,3.3463,3.3423,3.3463,3.3478,3.3513,3.3473,3.3513,19
2026-06-26 18:16:00,3.3453,3.3493,3.3453,3.3473,3.3503,3.3543,3.3503,3.3523,28
2026-06-26 18:17:00,3.3483,3.3498,3.3473,3.3483,3.3533,3.3548,3.3523,3.3533,13
2026-06-26 18:18:00,3.3488,3.3503,3.3463,3.3463,3.3538,3.3553,3.3513,3.3513,25
2026-06-26 18:19:00,3.3453,3.3463,3.3433,3.3433,3.3503,3.3513,3.3483,3.3483,23
2026-06-26 18:20:00,3.3443,3.3463,3.3423,3.3453,3.3493,3.3513,3.3473,3.3503,23
2026-06-26 18:21:00,3.3458,3.3463,3.3453,3.3463,3.3508,3.3513,3.3503,3.3513,3
2026-06-26 18:22:00,3.3453,3.3463,3.3453,3.3453,3.3503,3.3513,3.3503,3.3503,7
2026-06-26 18:23:00,3.3458,3.3473,3.3433,3.3433,3.3508,3.3523,3.3483,3.3483,29
2026-06-26 18:24:00,3.3443,3.3443,3.3413,3.3433,3.3493,3.3493,3.3463,3.3483,13
2026-06-26 18:25:00,3.3443,3.3453,3.3413,3.3453,3.3493,3.3503,3.3463,3.3503,26
2026-06-26 18:26:00,3.3458,3.3463,3.3453,3.3453,3.3508,3.3513,3.3503,3.3503,5
2026-06-26 18:27:00,3.3463,3.3473,3.3453,3.3473,3.3513,3.3523,3.3503,3.3523,28
2026-06-26 18:28:00,3.3478,3.3483,3.3463,3.3483,3.3528,3.3533,3.3513,3.3533,7
2026-06-26 18:29:00,3.3493,3.3543,3.3493,3.3528,3.3543,3.3593,3.3543,3.3578,34
2026-06-26 18:30:00,3.3523,3.3533,3.3493,3.3513,3.3573,3.3583,3.3543,3.3563,25
2026-06-26 18:31:00,3.3523,3.3533,3.3493,3.3533,3.3573,3.3583,3.3543,3.3583,29
2026-06-26 18:32:00,3.3523,3.3533,3.3493,3.3503,3.3573,3.3583,3.3543,3.3553,31
2026-06-26 18:33:00,3.3493,3.3503,3.3473,3.3478,3.3543,3.3553,3.3523,3.3528,20
2026-06-26 18:34:00,3.3483,3.3563,3.3483,3.3533,3.3533,3.3613,3.3533,3.3583,39
2026-06-26 18:35:00,3.3528,3.3563,3.3503,3.3543,3.3578,3.3613,3.3553,3.3593,45
2026-06-26 18:36:00,3.3533,3.3543,3.3533,3.3533,3.3583,3.3593,3.3583,3.3583,3
2026-06-26 18:37:00,3.3538,3.3538,3.3473,3.3483,3.3588,3.3588,3.3523,3.3533,28
2026-06-26 18:38:00,3.3473,3.3483,3.3453,3.3463,3.3523,3.3533,3.3503,3.3513,22
2026-06-26 18:39:00,3.3453,3.3463,3.3443,3.3453,3.3503,3.3513,3.3493,3.3503,12
2026-06-26 18:40:00,3.3443,3.3453,3.3423,3.3443,3.3493,3.3503,3.3473,3.3493,7
2026-06-26 18:41:00,3.3453,3.3473,3.3443,3.3448,3.3503,3.3523,3.3493,3.3498,20
2026-06-26 18:42:00,3.3443,3.3453,3.3443,3.3443,3.3493,3.3503,3.3493,3.3493,8
2026-06-26 18:43:00,3.3453,3.3473,3.3438,3.3443,3.3503,3.3523,3.3488,3.3493,9
2026-06-26 18:44:00,3.3453,3.3463,3.3443,3.3453,3.3503,3.3513,3.3493,3.3503,14
2026-06-26 18:45:00,3.3443,3.3453,3.3443,3.3443,3.3493,3.3503,3.3493,3.3493,7
2026-06-26 18:46:00,3.3453,3.3453,3.3423,3.3433,3.3503,3.3503,3.3473,3.3483,16
2026-06-26 18:47:00,3.3428,3.3433,3.3413,3.3413,3.3478,3.3483,3.3463,3.3463,10
2026-06-26 18:48:00,3.3423,3.3423,3.3363,3.3373,3.3473,3.3473,3.3413,3.3423,30
2026-06-26 18:49:00,3.3383,3.3383,3.3373,3.3383,3.3433,3.3433,3.3423,3.3433,8
2026-06-26 18:50:00,3.3373,3.3423,3.3373,3.3423,3.3423,3.3473,3.3423,3.3473,24
2026-06-26 18:51:00,3.3433,3.3443,3.3423,3.3433,3.3483,3.3493,3.3473,3.3483,18
2026-06-26 18:52:00,3.3443,3.3443,3.3423,3.3428,3.3493,3.3493,3.3473,3.3478,16
2026-06-26 18:53:00,3.3433,3.3443,3.3423,3.3423,3.3483,3.3493,3.3473,3.3473,16
2026-06-26 18:54:00,3.3428,3.3453,3.3423,3.3433,3.3478,3.3503,3.3473,3.3483,16
2026-06-26 18:55:00,3.3423,3.3433,3.3418,3.3423,3.3473,3.3483,3.3468,3.3473,7
2026-06-26 18:56:00,3.3433,3.3433,3.3423,3.3423,3.3483,3.3483,3.3473,3.3473,7
2026-06-26 18:57:00,3.3413,3.3423,3.3413,3.3423,3.3463,3.3473,3.3463,3.3473,4
2026-06-26 18:58:00,3.3418,3.3418,3.3393,3.3398,3.3468,3.3468,3.3443,3.3448,10
2026-06-26 18:59:00,3.3393,3.3403,3.3373,3.3373,3.3443,3.3453,3.3423,3.3423,18
2026-06-26 19:00:00,3.3363,3.3383,3.3313,3.3313,3.3413,3.3433,3.3363,3.3363,30
2026-06-26 19:01:00,3.3323,3.3333,3.3293,3.3323,3.3373,3.3383,3.3343,3.3373,29
2026-06-26 19:02:00,3.3313,3.3323,3.3283,3.3303,3.3363,3.3373,3.3333,3.3353,15
2026-06-26 19:03:00,3.3313,3.3313,3.3293,3.3293,3.3363,3.3363,3.3343,3.3343,15
2026-06-26 19:04:00,3.3303,3.3303,3.3263,3.3273,3.3353,3.3353,3.3313,3.3323,41
2026-06-26 19:05:00,3.3283,3.3293,3.3263,3.3278,3.3333,3.3343,3.3313,3.3328,33
2026-06-26 19:06:00,3.3283,3.3283,3.3223,3.3223,3.3333,3.3333,3.3273,3.3273,21
2026-06-26 19:07:00,3.3213,3.3223,3.3193,3.3223,3.3263,3.3273,3.3243,3.3273,33
2026-06-26 19:08:00,3.3213,3.3303,3.3203,3.3293,3.3263,3.3353,3.3253,3.3343,51
2026-06-26 19:09:00,3.3303,3.3323,3.3283,3.3303,3.3353,3.3373,3.3333,3.3353,28
2026-06-26 19:10:00,3.3313,3.3313,3.3283,3.3313,3.3363,3.3363,3.3333,3.3363,15
2026-06-26 19:11:00,3.3303,3.3313,3.3283,3.3293,3.3353,3.3363,3.3333,3.3343,15
2026-06-26 19:12:00,3.3303,3.3313,3.3283,3.3283,3.3353,3.3363,3.3333,3.3333,20
2026-06-26 19:13:00,3.3293,3.3293,3.3263,3.3293,3.3343,3.3343,3.3313,3.3343,17
2026-06-26 19:14:00,3.3273,3.3313,3.3273,3.3308,3.3323,3.3363,3.3323,3.3358,17
2026-06-26 19:15:00,3.3313,3.3323,3.3303,3.3323,3.3363,3.3373,3.3353,3.3373,18
2026-06-26 19:16:00,3.3318,3.3333,3.3303,3.3333,3.3368,3.3383,3.3353,3.3383,8
2026-06-26 19:17:00,3.3323,3.3388,3.3323,3.3383,3.3373,3.3438,3.3373,3.3433,26
2026-06-26 19:18:00,3.3393,3.3393,3.3373,3.3373,3.3443,3.3443,3.3423,3.3423,15
2026-06-26 19:19:00,3.3378,3.3383,3.3323,3.3323,3.3428,3.3433,3.3373,3.3373,21
2026-06-26 19:20:00,3.3328,3.3363,3.3328,3.3358,3.3378,3.3413,3.3378,3.3408,23
2026-06-26 19:21:00,3.3363,3.3363,3.3313,3.3323,3.3413,3.3413,3.3363,3.3373,22
2026-06-26 19:22:00,3.3333,3.3338,3.3313,3.3328,3.3383,3.3388,3.3363,3.3378,23
2026-06-26 19:23:00,3.3333,3.3343,3.3323,3.3333,3.3383,3.3393,3.3373,3.3383,24
2026-06-26 19:24:00,3.3323,3.3343,3.3313,3.3313,3.3373,3.3393,3.3363,3.3363,11
2026-06-26 19:25:00,3.3303,3.3323,3.3283,3.3313,3.3353,3.3373,3.3333,3.3363,24
2026-06-26 19:26:00,3.3318,3.3323,3.3313,3.3323,3.3368,3.3373,3.3363,3.3373,12
2026-06-26 19:27:00,3.3333,3.3368,3.3328,3.3363,3.3383,3.3418,3.3378,3.3413,12
2026-06-26 19:28:00,3.3353,3.3368,3.3303,3.3343,3.3403,3.3418,3.3353,3.3393,28
2026-06-26 19:29:00,3.3348,3.3363,3.3333,3.3333,3.3398,3.3413,3.3383,3.3383,12
2026-06-26 19:30:00,3.3343,3.3353,3.3313,3.3318,3.3393,3.3403,3.3363,3.3368,14
2026-06-26 19:31:00,3.3323,3.3323,3.3263,3.3273,3.3373,3.3373,3.3313,3.3323,39
2026-06-26 19:32:00,3.3283,3.3283,3.3263,3.3273,3.3333,3.3333,3.3313,3.3323,8
2026-06-26 19:33:00,3.3263,3.3283,3.3253,3.3273,3.3313,3.3333,3.3303,3.3323,18
2026-06-26 19:34:00,3.3263,3.3273,3.3253,3.3253,3.3313,3.3323,3.3303,3.3303,20
2026-06-26 19:35:00,3.3258,3.3313,3.3258,3.3293,3.3308,3.3363,3.3308,3.3343,25
2026-06-26 19:36:00,3.3298,3.3333,3.3293,3.3308,3.3348,3.3383,3.3343,3.3358,29
2026-06-26 19:37:00,3.3303,3.3313,3.3213,3.3223,3.3353,3.3363,3.3263,3.3273,48
2026-06-26 19:38:00,3.3218,3.3218,3.3183,3.3203,3.3268,3.3268,3.3233,3.3253,57
2026-06-26 19:39:00,3.3213,3.3213,3.3143,3.3173,3.3263,3.3263,3.3193,3.3223,52
2026-06-26 19:40:00,3.3168,3.3233,3.3168,3.3203,3.3218,3.3283,3.3218,3.3253,27
2026-06-26 19:41:00,3.3208,3.3228,3.3193,3.3218,3.3258,3.3278,3.3243,3.3268,31
2026-06-26 19:42:00,3.3223,3.3223,3.3183,3.3213,3.3273,3.3273,3.3233,3.3263,41
2026-06-26 19:43:00,3.3218,3.3233,3.3203,3.3213,3.3268,3.3283,3.3253,3.3263,13
2026-06-26 19:44:00,3.3208,3.3243,3.3193,3.3198,3.3258,3.3293,3.3243,3.3248,30
2026-06-26 19:45:00,3.3203,3.3218,3.3133,3.3143,3.3253,3.3268,3.3183,3.3193,66
2026-06-26 19:46:00,3.3133,3.3183,3.3133,3.3163,3.3183,3.3233,3.3183,3.3213,21
2026-06-26 19:47:00,3.3168,3.3183,3.3133,3.3153,3.3218,3.3233,3.3183,3.3203,29
2026-06-26 19:48:00,3.3163,3.3163,3.3103,3.3108,3.3213,3.3213,3.3153,3.3158,44
2026-06-26 19:49:00,3.3103,3.3163,3.3073,3.3103,3.3153,3.3213,3.3123,3.3153,63
2026-06-26 19:50:00,3.3113,3.3118,3.3003,3.3003,3.3163,3.3168,3.3053,3.3053,91
2026-06-26 19:51:00,3.2993,3.3033,3.2943,3.2993,3.3043,3.3083,3.2993,3.3043,84
2026-06-26 19:52:00,3.3003,3.3023,3.2983,3.3003,3.3053,3.3073,3.3033,3.3053,56
2026-06-26 19:53:00,3.2993,3.2993,3.2893,3.2893,3.3043,3.3043,3.2943,3.2943,51
2026-06-26 19:54:00,3.2903,3.2903,3.2783,3.2793,3.2953,3.2953,3.2833,3.2843,110
2026-06-26 19:55:00,3.2788,3.2793,3.2743,3.2773,3.2838,3.2843,3.2793,3.2823,89
2026-06-26 19:56:00,3.2763,3.2783,3.2723,3.2753,3.2813,3.2833,3.2773,3.2803,95
2026-06-26 19:57:00,3.2758,3.2783,3.2683,3.2723,3.2808,3.2833,3.2733,3.2773,97
2026-06-26 19:58:00,3.2718,3.2723,3.2653,3.2653,3.2768,3.2773,3.2703,3.2703,57
2026-06-26 19:59:00,3.2658,3.2903,3.2633,3.2868,3.2708,3.2953,3.2683,3.2918,198
2026-06-26 20:00:00,3.2863,3.2933,3.2753,3.2803,3.2913,3.2983,3.2803,3.2853,342
2026-06-26 20:01:00,3.2793,3.2803,3.2653,3.2663,3.2843,3.2853,3.2703,3.2713,195
2026-06-26 20:02:00,3.2683,3.2753,3.2683,3.2703,3.2733,3.2803,3.2733,3.2753,131
2026-06-26 20:03:00,3.2698,3.2893,3.2663,3.2823,3.2748,3.2943,3.2713,3.2873,222
2026-06-26 20:04:00,3.2813,3.2853,3.2773,3.2823,3.2863,3.2903,3.2823,3.2873,93
2026-06-26 20:05:00,3.2803,3.2983,3.2803,3.2963,3.2853,3.3033,3.2853,3.3013,225
2026-06-26 20:06:00,3.2953,3.3083,3.2933,3.3073,3.3003,3.3133,3.2983,3.3123,151
2026-06-26 20:07:00,3.3068,3.3233,3.3063,3.3223,3.3118,3.3283,3.3113,3.3273,348
2026-06-26 20:08:00,3.3213,3.3223,3.3063,3.3073,3.3263,3.3273,3.3113,3.3123,77
2026-06-26 20:09:00,3.3078,3.3083,3.3033,3.3048,3.3128,3.3133,3.3083,3.3098,68
2026-06-26 20:10:00,3.3043,3.3043,3.2943,3.2963,3.3093,3.3093,3.2993,3.3013,90
2026-06-26 20:11:00,3.2958,3.2963,3.2858,3.2873,3.3008,3.3013,3.2908,3.2923,85
2026-06-26 20:12:00,3.2863,3.2883,3.2813,3.2818,3.2913,3.2933,3.2863,3.2868,41
2026-06-26 20:13:00,3.2813,3.2843,3.2718,3.2723,3.2863,3.2893,3.2768,3.2773,100
2026-06-26 20:14:00,3.2718,3.2723,3.2683,3.2693,3.2768,3.2773,3.2733,3.2743,68
2026-06-26 20:15:00,3.2688,3.2723,3.2653,3.2683,3.2738,3.2773,3.2703,3.2733,70
2026-06-26 20:16:00,3.2678,3.2723,3.2673,3.2693,3.2728,3.2773,3.2723,3.2743,69
2026-06-26 20:17:00,3.2703,3.2713,3.2653,3.2663,3.2753,3.2763,3.2703,3.2713,45
2026-06-26 20:18:00,3.2653,3.2663,3.2583,3.2593,3.2703,3.2713,3.2633,3.2643,70
2026-06-26 20:19:00,3.2598,3.2633,3.2593,3.2613,3.2648,3.2683,3.2643,3.2663,42
2026-06-26 20:20:00,3.2623,3.2633,3.2593,3.2603,3.2673,3.2683,3.2643,3.2653,38
2026-06-26 20:21:00,3.2608,3.2643,3.2603,3.2628,3.2658,3.2693,3.2653,3.2678,30
2026-06-26 20:22:00,3.2633,3.2643,3.2603,3.2603,3.2683,3.2693,3.2653,3.2653,53
2026-06-26 20:23:00,3.2593,3.2703,3.2593,3.2683,3.2643,3.2753,3.2643,3.2733,70
2026-06-26 20:24:00,3.2688,3.2693,3.2643,3.2668,3.2738,3.2743,3.2693,3.2718,50
2026-06-26 20:25:00,3.2673,3.2723,3.2663,3.2713,3.2723,3.2773,3.2713,3.2763,51
2026-06-26 20:26:00,3.2708,3.2753,3.2673,3.2708,3.2758,3.2803,3.2723,3.2758,70
2026-06-26 20:27:00,3.2713,3.2713,3.2593,3.2648,3.2763,3.2763,3.2643,3.2698,84
2026-06-26 20:28:00,3.2653,3.2733,3.2653,3.2663,3.2703,3.2783,3.2703,3.2713,178
2026-06-26 20:29:00,3.2653,3.2673,3.2623,3.2633,3.2703,3.2723,3.2673,3.2683,92
2026-06-26 20:30:00,3.2623,3.2633,3.2573,3.2633,3.2673,3.2683,3.2623,3.2683,63
2026-06-26 20:31:00,3.2628,3.2683,3.2613,3.2673,3.2678,3.2733,3.2663,3.2723,26
2026-06-26 20:32:00,3.2668,3.2793,3.2663,3.2773,3.2718,3.2843,3.2713,3.2823,63
2026-06-26 20:33:00,3.2768,3.2803,3.2763,3.2793,3.2818,3.2853,3.2813,3.2843,43
2026-06-26 20:34:00,3.2798,3.2798,3.2773,3.2778,3.2848,3.2848,3.2823,3.2828,23
2026-06-26 20:35:00,3.2773,3.2778,3.2763,3.2773,3.2823,3.2828,3.2813,3.2823,12
2026-06-26 20:36:00,3.2763,3.2798,3.2733,3.2773,3.2813,3.2848,3.2783,3.2823,36
2026-06-26 20:37:00,3.2783,3.2823,3.2773,3.2803,3.2833,3.2873,3.2823,3.2853,34
2026-06-26 20:38:00,3.2798,3.2803,3.2773,3.2793,3.2848,3.2853,3.2823,3.2843,17
2026-06-26 20:39:00,3.2798,3.2803,3.2783,3.2788,3.2848,3.2853,3.2833,3.2838,12
2026-06-26 20:40:00,3.2803,3.2813,3.2783,3.2813,3.2853,3.2863,3.2833,3.2863,37
2026-06-26 20:41:00,3.2823,3.2823,3.2803,3.2823,3.2873,3.2873,3.2853,3.2873,11
2026-06-26 20:42:00,3.2833,3.2853,3.2823,3.2843,3.2883,3.2903,3.2873,3.2893,15
2026-06-26 20:43:00,3.2833,3.2853,3.2833,3.2843,3.2883,3.2903,3.2883,3.2893,14
2026-06-26 20:44:00,3.2838,3.2843,3.2833,3.2833,3.2888,3.2893,3.2883,3.2883,20
2026-06-26 20:45:00,3.2823,3.2843,3.2813,3.2823,3.2873,3.2893,3.2863,3.2873,19
2026-06-26 20:46:00,3.2833,3.2843,3.2813,3.2823,3.2883,3.2893,3.2863,3.2873,10
2026-06-26 20:47:00,3.2813,3.2823,3.2793,3.2813,3.2863,3.2873,3.2843,3.2863,19
2026-06-26 20:48:00,3.2823,3.2823,3.2803,3.2803,3.2873,3.2873,3.2853,3.2853,7
2026-06-26 20:49:00,3.2813,3.2813,3.2793,3.2813,3.2863,3.2863,3.2843,3.2863,11
2026-06-26 20:50:00,3.2808,3.2853,3.2803,3.2843,3.2858,3.2903,3.2853,3.2893,18
2026-06-26 20:51:00,3.2833,3.2843,3.2823,3.2833,3.2883,3.2893,3.2873,3.2883,7
2026-06-26 20:52:00,3.2828,3.2828,3.2813,3.2818,3.2878,3.2878,3.2863,3.2868,4
2026-06-26 20:53:00,3.2813,3.2813,3.2803,3.2813,3.2863,3.2863,3.2853,3.2863,6
2026-06-26 20:54:00,3.2818,3.2823,3.2813,3.2818,3.2868,3.2873,3.2863,3.2868,6
2026-06-26 20:55:00,3.2823,3.2823,3.2818,3.2823,3.2873,3.2873,3.2868,3.2873,3
2026-06-26 20:57:00,3.2828,3.2853,3.2823,3.2833,3.2878,3.2903,3.2873,3.2883,15
2026-06-26 20:58:00,3.2843,3.2843,3.2838,3.2843,3.2893,3.2893,3.2888,3.2893,3
2026-06-26 20:59:00,3.2833,3.2853,3.2833,3.2853,3.2883,3.2903,3.2883,3.2903,9
2026-06-26 21:00:00,3.2848,3.2853,3.2838,3.2838,3.2898,3.2903,3.2888,3.2888,7
2026-06-26 21:01:00,3.2833,3.2843,3.2793,3.2793,3.2883,3.2893,3.2843,3.2843,18
2026-06-26 21:02:00,3.2798,3.2813,3.2798,3.2803,3.2848,3.2863,3.2848,3.2853,7
2026-06-26 21:03:00,3.2813,3.2853,3.2813,3.2828,3.2863,3.2903,3.2863,3.2878,14
2026-06-26 21:04:00,3.2833,3.2843,3.2828,3.2843,3.2883,3.2893,3.2878,3.2893,13
2026-06-26 21:05:00,3.2853,3.2853,3.2838,3.2853,3.2903,3.2903,3.2888,3.2903,5
2026-06-26 21:06:00,3.2843,3.2843,3.2843,3.2843,3.2893,3.2893,3.2893,3.2893,1
2026-06-26 21:07:00,3.2848,3.2863,3.2848,3.2863,3.2898,3.2913,3.2898,3.2913,9
2026-06-26 21:08:00,3.2873,3.2873,3.2843,3.2853,3.2923,3.2923,3.2893,3.2903,11
2026-06-26 21:09:00,3.2848,3.2853,3.2843,3.2843,3.2898,3.2903,3.2893,3.2893,3
2026-06-26 21:10:00,3.2833,3.2843,3.2833,3.2843,3.2883,3.2893,3.2883,3.2893,5
2026-06-26 21:11:00,3.2853,3.2853,3.2843,3.2848,3.2903,3.2903,3.2893,3.2898,4
2026-06-26 21:12:00,3.2843,3.2848,3.2813,3.2813,3.2893,3.2898,3.2863,3.2863,5
2026-06-26 21:13:00,3.2818,3.2833,3.2818,3.2828,3.2868,3.2883,3.2868,3.2878,5
2026-06-26 21:14:00,3.2833,3.2853,3.2833,3.2833,3.2883,3.2903,3.2883,3.2883,12
2026-06-26 21:15:00,3.2843,3.2853,3.2833,3.2853,3.2893,3.2903,3.2883,3.2903,8
2026-06-26 21:17:00,3.2863,3.2873,3.2863,3.2863,3.2913,3.2923,3.2913,3.2913,6
2026-06-26 21:18:00,3.2858,3.2858,3.2833,3.2843,3.2908,3.2908,3.2883,3.2893,9
2026-06-26 21:19:00,3.2853,3.2853,3.2843,3.2843,3.2903,3.2903,3.2893,3.2893,4
2026-06-26 21:20:00,3.2853,3.2853,3.2843,3.2843,3.2903,3.2903,3.2893,3.2893,2
2026-06-26 21:22:00,3.2853,3.2883,3.2853,3.2858,3.2903,3.2933,3.2903,3.2908,13
2026-06-26 21:23:00,3.2863,3.2873,3.2858,3.2868,3.2913,3.2923,3.2908,3.2918,25
2026-06-26 21:24:00,3.2873,3.2923,3.2873,3.2913,3.2923,3.2973,3.2923,3.2963,23
2026-06-26 21:25:00,3.2918,3.2923,3.2913,3.2913,3.2968,3.2973,3.2963,3.2963,5
2026-06-26 21:26:00,3.2903,3.2903,3.2903,3.2903,3.2953,3.2953,3.2953,3.2953,1
2026-06-26 21:27:00,3.2893,3.2903,3.2893,3.2903,3.2943,3.2953,3.2943,3.2953,2
2026-06-26 21:28:00,3.2893,3.2913,3.2893,3.2913,3.2943,3.2963,3.2943,3.2963,3
2026-06-26 21:30:00,3.2908,3.2913,3.2883,3.2888,3.2958,3.2963,3.2933,3.2938,13
2026-06-26 21:31:00,3.2883,3.2913,3.2883,3.2903,3.2933,3.2963,3.2933,3.2953,17
2026-06-26 21:32:00,3.2908,3.2908,3.2903,3.2903,3.2958,3.2958,3.2953,3.2953,2
2026-06-26 21:33:00,3.2908,3.2913,3.2903,3.2903,3.2958,3.2963,3.2953,3.2953,3
2026-06-26 21:34:00,3.2893,3.2893,3.2878,3.2883,3.2943,3.2943,3.2928,3.2933,4
2026-06-26 21:35:00,3.2873,3.2873,3.2853,3.2863,3.2923,3.2923,3.2903,3.2913,7
2026-06-26 21:36:00,3.2873,3.2923,3.2873,3.2913,3.2923,3.2973,3.2923,3.2963,13
2026-06-26 21:37:00,3.2903,3.2903,3.2903,3.2903,3.2953,3.2953,3.2953,3.2953,1
2026-06-26 21:38:00,3.2908,3.2943,3.2908,3.2933,3.2958,3.2993,3.2958,3.2983,9
2026-06-26 21:39:00,3.2938,3.2943,3.2933,3.2943,3.2988,3.2993,3.2983,3.2993,3
2026-06-26 21:40:00,3.2953,3.2973,3.2953,3.2963,3.3003,3.3023,3.3003,3.3013,17
2026-06-26 21:41:00,3.2958,3.2958,3.2933,3.2933,3.3008,3.3008,3.2983,3.2983,5
2026-06-26 21:42:00,3.2938,3.2943,3.2938,3.2938,3.2988,3.2993,3.2988,3.2988,3
2026-06-26 21:43:00,3.2933,3.2943,3.2933,3.2943,3.2983,3.2993,3.2983,3.2993,4
2026-06-26 21:44:00,3.2933,3.2933,3.2933,3.2933,3.2983,3.2983,3.2983,3.2983,1
2026-06-26 21:45:00,3.2923,3.2923,3.2913,3.2913,3.2973,3.2973,3.2963,3.2963,5
2026-06-26 21:47:00,3.2903,3.2903,3.2893,3.2903,3.2953,3.2953,3.2943,3.2953,3
2026-06-26 21:48:00,3.2913,3.2913,3.2913,3.2913,3.2963,3.2963,3.2963,3.2963,1
2026-06-26 21:50:00,3.2923,3.2923,3.2923,3.2923,3.2973,3.2973,3.2973,3.2973,1
2026-06-26 21:51:00,3.2933,3.2933,3.2933,3.2933,3.2983,3.2983,3.2983,3.2983,1
2026-06-26 21:52:00,3.2943,3.2943,3.2943,3.2943,3.2993,3.2993,3.2993,3.2993,1
2026-06-26 21:53:00,3.2938,3.2953,3.2923,3.2933,3.2988,3.3003,3.2973,3.2983,10
2026-06-26 21:54:00,3.2938,3.2938,3.2928,3.2928,3.2988,3.2988,3.2978,3.2978,4
2026-06-26 21:55:00,3.2943,3.2943,3.2933,3.2933,3.2993,3.2993,3.2983,3.2983,5
2026-06-26 21:56:00,3.2943,3.2943,3.2943,3.2943,3.2993,3.2993,3.2993,3.2993,1
2026-06-26 21:58:00,3.2933,3.2933,3.2903,3.2913,3.2983,3.2983,3.2953,3.2968,7
2026-06-26 21:59:00,3.2923,3.2923,3.2883,3.2903,3.2973,3.2973,3.2933,3.2953,8
2026-06-26 22:00:00,3.2898,3.2898,3.2878,3.2878,3.2948,3.2948,3.2928,3.2928,6
2026-06-26 22:01:00,3.2863,3.2873,3.2843,3.2853,3.2913,3.2923,3.2893,3.2903,12
2026-06-26 22:02:00,3.2863,3.2863,3.2843,3.2843,3.2913,3.2913,3.2893,3.2893,6
2026-06-26 22:03:00,3.2838,3.2843,3.2823,3.2838,3.2888,3.2893,3.2873,3.2888,8
2026-06-26 22:04:00,3.2843,3.2848,3.2833,3.2848,3.2893,3.2898,3.2883,3.2898,14
2026-06-26 22:05:00,3.2843,3.2843,3.2813,3.2818,3.2893,3.2893,3.2863,3.2868,17
2026-06-26 22:06:00,3.2823,3.2833,3.2823,3.2823,3.2873,3.2883,3.2873,3.2873,10
2026-06-26 22:07:00,3.2818,3.2823,3.2818,3.2818,3.2868,3.2873,3.2868,3.2868,11
2026-06-26 22:08:00,3.2823,3.2828,3.2818,3.2818,3.2873,3.2878,3.2868,3.2868,6
2026-06-26 22:09:00,3.2823,3.2828,3.2793,3.2793,3.2873,3.2878,3.2843,3.2843,15
2026-06-26 22:10:00,3.2788,3.2818,3.2783,3.2803,3.2838,3.2868,3.2833,3.2853,23
2026-06-26 22:11:00,3.2808,3.2808,3.2798,3.2803,3.2858,3.2858,3.2848,3.2853,7
2026-06-26 22:12:00,3.2798,3.2813,3.2783,3.2783,3.2848,3.2863,3.2833,3.2833,9
2026-06-26 22:13:00,3.2793,3.2793,3.2783,3.2783,3.2843,3.2843,3.2833,3.2833,2
2026-06-26 22:14:00,3.2788,3.2803,3.2783,3.2798,3.2838,3.2853,3.2833,3.2848,24
2026-06-26 22:15:00,3.2803,3.2803,3.2788,3.2788,3.2853,3.2853,3.2838,3.2838,6
2026-06-26 22:16:00,3.2793,3.2808,3.2783,3.2783,3.2843,3.2858,3.2833,3.2833,15
2026-06-26 22:17:00,3.2778,3.2778,3.2753,3.2763,3.2828,3.2828,3.2803,3.2813,8
2026-06-26 22:18:00,3.2768,3.2773,3.2738,3.2743,3.2818,3.2823,3.2788,3.2793,10
2026-06-26 22:19:00,3.2733,3.2753,3.2733,3.2743,3.2783,3.2803,3.2783,3.2793,13
2026-06-26 22:20:00,3.2753,3.2753,3.2753,3.2753,3.2803,3.2803,3.2803,3.2803,1
2026-06-26 22:21:00,3.2763,3.2773,3.2758,3.2773,3.2813,3.2823,3.2808,3.2823,5
2026-06-26 22:23:00,3.2768,3.2768,3.2758,3.2758,3.2818,3.2818,3.2808,3.2808,5
2026-06-26 22:24:00,3.2753,3.2758,3.2753,3.2753,3.2803,3.2808,3.2803,3.2803,3
2026-06-26 22:25:00,3.2748,3.2753,3.2748,3.2753,3.2798,3.2803,3.2798,3.2803,2
2026-06-26 22:26:00,3.2748,3.2748,3.2748,3.2748,3.2798,3.2798,3.2798,3.2798,1
2026-06-26 22:27:00,3.2743,3.2748,3.2743,3.2748,3.2793,3.2798,3.2793,3.2798,2
2026-06-26 22:28:00,3.2743,3.2743,3.2738,3.2738,3.2793,3.2793,3.2788,3.2788,2
2026-06-26 22:29:00,3.2733,3.2753,3.2718,3.2733,3.2783,3.2803,3.2768,3.2783,22
2026-06-26 22:30:00,3.2738,3.2743,3.2733,3.2738,3.2788,3.2793,3.2783,3.2788,7
2026-06-26 22:31:00,3.2743,3.2798,3.2743,3.2788,3.2793,3.2848,3.2793,3.2838,29
2026-06-26 22:32:00,3.2783,3.2793,3.2778,3.2778,3.2833,3.2843,3.2828,3.2828,10
2026-06-26 22:33:00,3.2773,3.2773,3.2748,3.2758,3.2823,3.2823,3.2798,3.2808,8
2026-06-26 22:34:00,3.2763,3.2763,3.2743,3.2743,3.2813,3.2813,3.2793,3.2793,5
2026-06-26 22:36:00,3.2748,3.2773,3.2743,3.2748,3.2798,3.2823,3.2793,3.2798,22
2026-06-26 22:37:00,3.2753,3.2758,3.2743,3.2743,3.2803,3.2808,3.2793,3.2793,9
2026-06-26 22:38:00,3.2748,3.2748,3.2733,3.2733,3.2798,3.2798,3.2783,3.2783,4
2026-06-26 22:39:00,3.2728,3.2728,3.2718,3.2728,3.2778,3.2778,3.2768,3.2778,5
2026-06-26 22:40:00,3.2723,3.2748,3.2723,3.2743,3.2773,3.2798,3.2773,3.2793,10
2026-06-26 22:41:00,3.2738,3.2738,3.2733,3.2738,3.2788,3.2788,3.2783,3.2788,5
2026-06-26 22:42:00,3.2743,3.2758,3.2743,3.2758,3.2793,3.2808,3.2793,3.2808,5
2026-06-26 22:43:00,3.2753,3.2758,3.2753,3.2753,3.2803,3.2808,3.2803,3.2803,3
2026-06-26 22:44:00,3.2758,3.2758,3.2753,3.2758,3.2808,3.2808,3.2803,3.2808,3
2026-06-26 22:45:00,3.2753,3.2763,3.2753,3.2753,3.2803,3.2813,3.2803,3.2803,9
2026-06-26 22:49:00,3.2763,3.2763,3.2753,3.2753,3.2813,3.2813,3.2803,3.2803,3
2026-06-26 22:50:00,3.2748,3.2753,3.2723,3.2733,3.2798,3.2803,3.2773,3.2783,12
2026-06-26 22:51:00,3.2728,3.2738,3.2728,3.2738,3.2778,3.2788,3.2778,3.2788,3
2026-06-26 22:52:00,3.2743,3.2763,3.2743,3.2763,3.2793,3.2813,3.2793,3.2813,8
2026-06-26 22:53:00,3.2768,3.2768,3.2748,3.2748,3.2818,3.2818,3.2798,3.2798,4
2026-06-26 22:54:00,3.2753,3.2763,3.2748,3.2763,3.2803,3.2813,3.2798,3.2813,4
2026-06-26 22:55:00,3.2758,3.2758,3.2753,3.2753,3.2808,3.2808,3.2803,3.2803,4
2026-06-26 22:56:00,3.2758,3.2763,3.2753,3.2753,3.2808,3.2813,3.2803,3.2803,6
2026-06-26 22:57:00,3.2758,3.2763,3.2753,3.2753,3.2808,3.2813,3.2803,3.2803,8
2026-06-26 22:58:00,3.2758,3.2783,3.2758,3.2773,3.2808,3.2833,3.2808,3.2823,5
2026-06-26 22:59:00,3.2763,3.2773,3.2706,3.2725,3.2813,3.2823,3.2735,3.2735,20
2026-06-29 00:00:00,3.2761,3.2811,3.2761,3.2791,3.2811,3.2861,3.2811,3.2841,46
2026-06-29 00:01:00,3.2806,3.2846,3.2786,3.2841,3.2856,3.2896,3.2836,3.2891,43
2026-06-29 00:02:00,3.2831,3.2836,3.2786,3.2801,3.2881,3.2886,3.2836,3.2851,30
2026-06-29 00:03:00,3.2806,3.2806,3.2786,3.2786,3.2856,3.2856,3.2836,3.2836,9
2026-06-29 00:04:00,3.2766,3.2776,3.2741,3.2766,3.2816,3.2826,3.2791,3.2816,8
2026-06-29 00:05:00,3.2776,3.2786,3.2766,3.2781,3.2826,3.2836,3.2816,3.2831,6
2026-06-29 00:06:00,3.2776,3.2806,3.2766,3.2806,3.2826,3.2856,3.2816,3.2856,7
2026-06-29 00:07:00,3.2811,3.2846,3.2806,3.2831,3.2861,3.2896,3.2856,3.2881,14
2026-06-29 00:08:00,3.2826,3.2826,3.2821,3.2821,3.2876,3.2876,3.2871,3.2871,2
2026-06-29 00:09:00,3.2831,3.2841,3.2831,3.2841,3.2881,3.2891,3.2881,3.2891,4
2026-06-29 00:10:00,3.2836,3.2836,3.2806,3.2806,3.2886,3.2886,3.2856,3.2856,12
2026-06-29 00:11:00,3.2816,3.2826,3.2816,3.2816,3.2866,3.2876,3.2866,3.2866,4
2026-06-29 00:12:00,3.2811,3.2811,3.2811,3.2811,3.2861,3.2861,3.2861,3.2861,1
2026-06-29 00:13:00,3.2816,3.2846,3.2816,3.2836,3.2866,3.2896,3.2866,3.2886,6
2026-06-29 00:14:00,3.2826,3.2836,3.2816,3.2821,3.2876,3.2886,3.2866,3.2871,6
2026-06-29 00:15:00,3.2826,3.2841,3.2821,3.2821,3.2876,3.2891,3.2871,3.2871,6
2026-06-29 00:16:00,3.2826,3.2846,3.2826,3.2841,3.2876,3.2896,3.2876,3.2891,6
2026-06-29 00:17:00,3.2836,3.2836,3.2816,3.2816,3.2886,3.2886,3.2866,3.2866,3
2026-06-29 00:18:00,3.2806,3.2816,3.2806,3.2811,3.2856,3.2866,3.2856,3.2861,3
2026-06-29 00:19:00,3.2816,3.2846,3.2816,3.2836,3.2866,3.2896,3.2866,3.2886,4
2026-06-29 00:20:00,3.2826,3.2831,3.2826,3.2831,3.2876,3.2881,3.2876,3.2881,2
2026-06-29 00:21:00,3.2841,3.2876,3.2841,3.2871,3.2891,3.2926,3.2891,3.2921,8
2026-06-29 00:22:00,3.2866,3.2876,3.2866,3.2876,3.2916,3.2926,3.2916,3.2926,2
2026-06-29 00:23:00,3.2871,3.2896,3.2866,3.2886,3.2921,3.2946,3.2916,3.2936,8
2026-06-29 00:24:00,3.2891,3.2891,3.2891,3.2891,3.2941,3.2941,3.2941,3.2941,1
2026-06-29 00:25:00,3.2886,3.2891,3.2886,3.2886,3.2936,3.2941,3.2936,3.2936,3
2026-06-29 00:26:00,3.2881,3.2881,3.2876,3.2881,3.2931,3.2931,3.2926,3.2931,3
2026-06-29 00:27:00,3.2876,3.2876,3.2876,3.2876,3.2926,3.2926,3.2926,3.2926,1
2026-06-29 00:28:00,3.2881,3.2881,3.2881,3.2881,3.2931,3.2931,3.2931,3.2931,1
2026-06-29 00:30:00,3.2886,3.2916,3.2886,3.2906,3.2936,3.2966,3.2936,3.2956,9
2026-06-29 00:32:00,3.2896,3.2906,3.2886,3.2886,3.2946,3.2956,3.2936,3.2936,7
2026-06-29 00:33:00,3.2896,3.2901,3.2896,3.2901,3.2946,3.2951,3.2946,3.2951,2
2026-06-29 00:34:00,3.2896,3.2896,3.2896,3.2896,3.2946,3.2946,3.2946,3.2946,1
2026-06-29 00:35:00,3.2886,3.2886,3.2876,3.2876,3.2936,3.2936,3.2926,3.2926,3
2026-06-29 00:37:00,3.2881,3.2886,3.2881,3.2886,3.2931,3.2936,3.2931,3.2936,2
2026-06-29 00:38:00,3.2881,3.2886,3.2876,3.2886,3.2931,3.2936,3.2926,3.2936,3
2026-06-29 00:41:00,3.2876,3.2896,3.2876,3.2896,3.2926,3.2946,3.2926,3.2946,3
2026-06-29 00:42:00,3.2901,3.2906,3.2896,3.2906,3.2951,3.2956,3.2946,3.2956,3
2026-06-29 00:47:00,3.2886,3.2896,3.2886,3.2896,3.2936,3.2946,3.2936,3.2946,2
2026-06-29 00:48:00,3.2886,3.2886,3.2886,3.2886,3.2936,3.2936,3.2936,3.2936,1
2026-06-29 00:49:00,3.2891,3.2891,3.2866,3.2871,3.2941,3.2941,3.2916,3.2921,7
2026-06-29 00:50:00,3.2876,3.2876,3.2871,3.2871,3.2926,3.2926,3.2921,3.2921,2
2026-06-29 00:51:00,3.2876,3.2876,3.2876,3.2876,3.2926,3.2926,3.2926,3.2926,1
2026-06-29 00:52:00,3.2881,3.2881,3.2881,3.2881,3.2931,3.2931,3.2931,3.2931,1
2026-06-29 00:53:00,3.2891,3.2891,3.2891,3.2891,3.2941,3.2941,3.2941,3.2941,1
2026-06-29 00:54:00,3.2886,3.2886,3.2886,3.2886,3.2936,3.2936,3.2936,3.2936,1
2026-06-29 00:57:00,3.2881,3.2881,3.2881,3.2881,3.2931,3.2931,3.2931,3.2931,1
2026-06-29 01:00:00,3.2876,3.2886,3.2856,3.2856,3.2926,3.2936,3.2906,3.2906,5
2026-06-29 01:02:00,3.2851,3.2851,3.2846,3.2846,3.2901,3.2901,3.2896,3.2896,2
2026-06-29 01:03:00,3.2851,3.2856,3.2846,3.2856,3.2901,3.2906,3.2896,3.2906,4
2026-06-29 01:04:00,3.2861,3.2861,3.2861,3.2861,3.2911,3.2911,3.2911,3.2911,1
2026-06-29 01:05:00,3.2856,3.2856,3.2841,3.2846,3.2906,3.2906,3.2891,3.2896,3
2026-06-29 01:06:00,3.2851,3.2856,3.2851,3.2856,3.2901,3.2906,3.2901,3.2906,2
2026-06-29 01:11:00,3.2846,3.2846,3.2846,3.2846,3.2896,3.2896,3.2896,3.2896,1
2026-06-29 01:12:00,3.2841,3.2841,3.2841,3.2841,3.2891,3.2891,3.2891,3.2891,1
2026-06-29 01:14:00,3.2846,3.2846,3.2846,3.2846,3.2896,3.2896,3.2896,3.2896,1
2026-06-29 01:15:00,3.2841,3.2841,3.2791,3.2791,3.2891,3.2891,3.2841,3.2841,12
2026-06-29 01:16:00,3.2796,3.2796,3.2796,3.2796,3.2846,3.2846,3.2846,3.2846,1
2026-06-29 01:17:00,3.2791,3.2791,3.2786,3.2791,3.2841,3.2841,3.2836,3.2841,3
2026-06-29 01:18:00,3.2796,3.2796,3.2791,3.2791,3.2846,3.2846,3.2841,3.2841,2
2026-06-29 01:19:00,3.2796,3.2796,3.2791,3.2791,3.2846,3.2846,3.2841,3.2841,2
2026-06-29 01:20:00,3.2786,3.2786,3.2781,3.2781,3.2836,3.2836,3.2831,3.2831,2
2026-06-29 01:23:00,3.2786,3.2791,3.2781,3.2781,3.2836,3.2841,3.2831,3.2831,4
2026-06-29 01:24:00,3.2786,3.2786,3.2781,3.2781,3.2836,3.2836,3.2831,3.2831,2
2026-06-29 01:26:00,3.2786,3.2786,3.2781,3.2781,3.2836,3.2836,3.2831,3.2831,2
2026-06-29 01:27:00,3.2786,3.2786,3.2786,3.2786,3.2836,3.2836,3.2836,3.2836,1
2026-06-29 01:28:00,3.2781,3.2781,3.2781,3.2781,3.2831,3.2831,3.2831,3.2831,1
2026-06-29 01:29:00,3.2786,3.2786,3.2781,3.2781,3.2836,3.2836,3.2831,3.2831,2
2026-06-29 01:30:00,3.2776,3.2781,3.2776,3.2781,3.2826,3.2831,3.2826,3.2831,2
2026-06-29 01:31:00,3.2786,3.2786,3.2781,3.2781,3.2836,3.2836,3.2831,3.2831,2
2026-06-29 01:32:00,3.2776,3.2786,3.2776,3.2786,3.2826,3.2836,3.2826,3.2836,3
2026-06-29 01:33:00,3.2781,3.2781,3.2781,3.2781,3.2831,3.2831,3.2831,3.2831,1
2026-06-29 01:35:00,3.2786,3.2796,3.2786,3.2796,3.2836,3.2846,3.2836,3.2846,3
2026-06-29 01:36:00,3.2791,3.2791,3.2776,3.2776,3.2841,3.2841,3.2826,3.2826,3
2026-06-29 01:40:00,3.2771,3.2771,3.2746,3.2751,3.2821,3.2821,3.2796,3.2801,5
2026-06-29 01:41:00,3.2746,3.2756,3.2746,3.2756,3.2796,3.2806,3.2796,3.2806,3
2026-06-29 01:43:00,3.2751,3.2751,3.2746,3.2751,3.2801,3.2801,3.2796,3.2801,3
2026-06-29 01:44:00,3.2746,3.2746,3.2741,3.2741,3.2796,3.2796,3.2791,3.2791,2
2026-06-29 01:45:00,3.2746,3.2756,3.2746,3.2756,3.2796,3.2806,3.2796,3.2806,2
2026-06-29 01:46:00,3.2751,3.2761,3.2751,3.2756,3.2801,3.2811,3.2801,3.2806,5
2026-06-29 01:47:00,3.2766,3.2766,3.2766,3.2766,3.2816,3.2816,3.2816,3.2816,1
2026-06-29 01:48:00,3.2776,3.2791,3.2776,3.2781,3.2826,3.2841,3.2826,3.2831,6
2026-06-29 01:49:00,3.2771,3.2771,3.2766,3.2766,3.2821,3.2821,3.2816,3.2816,2
2026-06-29 01:50:00,3.2776,3.2776,3.2766,3.2766,3.2826,3.2826,3.2816,3.2816,3
2026-06-29 01:51:00,3.2776,3.2776,3.2766,3.2766,3.2826,3.2826,3.2816,3.2816,3
2026-06-29 01:52:00,3.2771,3.2771,3.2771,3.2771,3.2821,3.2821,3.2821,3.2821,1
2026-06-29 01:53:00,3.2766,3.2766,3.2766,3.2766,3.2816,3.2816,3.2816,3.2816,1
2026-06-29 01:54:00,3.2756,3.2756,3.2756,3.2756,3.2806,3.2806,3.2806,3.2806,1
2026-06-29 01:55:00,3.2766,3.2771,3.2766,3.2766,3.2816,3.2821,3.2816,3.2816,3
2026-06-29 01:56:00,3.2771,3.2776,3.2766,3.2766,3.2821,3.2826,3.2816,3.2816,3
2026-06-29 01:57:00,3.2761,3.2766,3.2746,3.2746,3.2811,3.2816,3.2796,3.2796,4
2026-06-29 01:58:00,3.2756,3.2756,3.2756,3.2756,3.2806,3.2806,3.2806,3.2806,1
2026-06-29 02:00:00,3.2751,3.2756,3.2746,3.2746,3.2801,3.2806,3.2796,3.2796,4
2026-06-29 02:01:00,3.2756,3.2756,3.2746,3.2746,3.2806,3.2806,3.2796,3.2796,2
2026-06-29 02:02:00,3.2756,3.2786,3.2756,3.2786,3.2806,3.2836,3.2806,3.2836,5
2026-06-29 02:03:00,3.2796,3.2796,3.2786,3.2791,3.2846,3.2846,3.2836,3.2841,5
2026-06-29 02:04:00,3.2786,3.2806,3.2786,3.2806,3.2836,3.2856,3.2836,3.2856,9
2026-06-29 02:05:00,3.2796,3.2796,3.2796,3.2796,3.2846,3.2846,3.2846,3.2846,1
2026-06-29 02:06:00,3.2791,3.2796,3.2791,3.2796,3.2841,3.2846,3.2841,3.2846,2
2026-06-29 02:07:00,3.2791,3.2791,3.2791,3.2791,3.2841,3.2841,3.2841,3.2841,1
2026-06-29 02:08:00,3.2786,3.2786,3.2786,3.2786,3.2836,3.2836,3.2836,3.2836,1
2026-06-29 02:09:00,3.2776,3.2786,3.2766,3.2786,3.2826,3.2836,3.2816,3.2836,7
2026-06-29 02:10:00,3.2781,3.2781,3.2776,3.2776,3.2831,3.2831,3.2826,3.2826,2
2026-06-29 02:12:00,3.2766,3.2766,3.2696,3.2701,3.2816,3.2816,3.2746,3.2751,12
2026-06-29 02:13:00,3.2696,3.2726,3.2696,3.2696,3.2746,3.2776,3.2746,3.2746,13
2026-06-29 02:14:00,3.2691,3.2696,3.2686,3.2696,3.2741,3.2746,3.2736,3.2746,3
2026-06-29 02:15:00,3.2711,3.2736,3.2696,3.2706,3.2761,3.2786,3.2746,3.2756,16
2026-06-29 02:16:00,3.2716,3.2716,3.2706,3.2716,3.2766,3.2766,3.2756,3.2766,4
2026-06-29 02:19:00,3.2726,3.2736,3.2721,3.2721,3.2776,3.2786,3.2771,3.2771,4
2026-06-29 02:20:00,3.2726,3.2736,3.2721,3.2736,3.2776,3.2786,3.2771,3.2786,4
2026-06-29 02:22:00,3.2746,3.2761,3.2746,3.2761,3.2796,3.2811,3.2796,3.2811,4
2026-06-29 02:23:00,3.2766,3.2766,3.2766,3.2766,3.2816,3.2816,3.2816,3.2816,1
2026-06-29 02:24:00,3.2776,3.2776,3.2746,3.2746,3.2826,3.2826,3.2796,3.2796,4
2026-06-29 02:26:00,3.2751,3.2756,3.2751,3.2756,3.2801,3.2806,3.2801,3.2806,2
2026-06-29 02:27:00,3.2746,3.2756,3.2741,3.2756,3.2796,3.2806,3.2791,3.2806,9
2026-06-29 02:28:00,3.2751,3.2751,3.2751,3.2751,3.2801,3.2801,3.2801,3.2801,1
2026-06-29 02:29:00,3.2756,3.2756,3.2751,3.2751,3.2806,3.2806,3.2801,3.2801,8
2026-06-29 02:30:00,3.2756,3.2756,3.2756,3.2756,3.2806,3.2806,3.2806,3.2806,1
2026-06-29 02:31:00,3.2751,3.2756,3.2751,3.2756,3.2801,3.2806,3.2801,3.2806,6
2026-06-29 02:32:00,3.2761,3.2766,3.2756,3.2766,3.2811,3.2816,3.2806,3.2816,4
2026-06-29 02:33:00,3.2761,3.2761,3.2751,3.2751,3.2811,3.2811,3.2801,3.2801,4
2026-06-29 02:34:00,3.2756,3.2756,3.2756,3.2756,3.2806,3.2806,3.2806,3.2806,1
2026-06-29 02:35:00,3.2761,3.2766,3.2761,3.2766,3.2811,3.2816,3.2811,3.2816,2
2026-06-29 02:37:00,3.2776,3.2786,3.2776,3.2781,3.2826,3.2836,3.2826,3.2831,4
2026-06-29 02:38:00,3.2776,3.2776,3.2776,3.2776,3.2826,3.2826,3.2826,3.2826,1
2026-06-29 02:40:00,3.2781,3.2796,3.2776,3.2786,3.2831,3.2846,3.2826,3.2836,7
2026-06-29 02:44:00,3.2791,3.2796,3.2791,3.2796,3.2841,3.2846,3.2841,3.2846,2
2026-06-29 02:47:00,3.2786,3.2796,3.2786,3.2791,3.2836,3.2846,3.2836,3.2841,8
2026-06-29 02:50:00,3.2786,3.2786,3.2786,3.2786,3.2836,3.2836,3.2836,3.2836,1
2026-06-29 02:51:00,3.2791,3.2796,3.2786,3.2786,3.2841,3.2846,3.2836,3.2836,3
2026-06-29 02:53:00,3.2791,3.2816,3.2786,3.2806,3.2841,3.2866,3.2836,3.2856,13
2026-06-29 02:54:00,3.2816,3.2816,3.2816,3.2816,3.2866,3.2866,3.2866,3.2866,1
2026-06-29 02:56:00,3.2806,3.2811,3.2806,3.2806,3.2856,3.2861,3.2856,3.2856,3
2026-06-29 02:57:00,3.2811,3.2811,3.2806,3.2806,3.2861,3.2861,3.2856,3.2856,2
2026-06-29 02:58:00,3.2801,3.2801,3.2791,3.2791,3.2851,3.2851,3.2841,3.2841,3
2026-06-29 02:59:00,3.2786,3.2786,3.2776,3.2776,3.2836,3.2836,3.2826,3.2826,2
2026-06-29 03:00:00,3.2771,3.2781,3.2766,3.2776,3.2821,3.2831,3.2816,3.2826,15
2026-06-29 03:01:00,3.2781,3.2816,3.2781,3.2811,3.2831,3.2866,3.2831,3.2861,6
2026-06-29 03:02:00,3.2816,3.2861,3.2806,3.2856,3.2866,3.2911,3.2856,3.2906,13
2026-06-29 03:04:00,3.2861,3.2906,3.2861,3.2886,3.2911,3.2956,3.2911,3.2936,12
2026-06-29 03:05:00,3.2891,3.2891,3.2866,3.2866,3.2941,3.2941,3.2916,3.2916,6
2026-06-29 03:06:00,3.2871,3.2876,3.2866,3.2876,3.2921,3.2926,3.2916,3.2926,4
2026-06-29 03:07:00,3.2881,3.2886,3.2881,3.2886,3.2931,3.2936,3.2931,3.2936,2
2026-06-29 03:08:00,3.2896,3.2906,3.2896,3.2906,3.2946,3.2956,3.2946,3.2956,2
2026-06-29 03:09:00,3.2916,3.2936,3.2916,3.2926,3.2966,3.2986,3.2966,3.2976,7
2026-06-29 03:10:00,3.2916,3.2916,3.2916,3.2916,3.2966,3.2966,3.2966,3.2966,1
2026-06-29 03:11:00,3.2906,3.2916,3.2906,3.2916,3.2956,3.2966,3.2956,3.2966,6
2026-06-29 03:12:00,3.2911,3.2911,3.2906,3.2911,3.2961,3.2961,3.2956,3.2961,3
2026-06-29 03:13:00,3.2906,3.2911,3.2906,3.2906,3.2956,3.2961,3.2956,3.2956,3
2026-06-29 03:14:00,3.2901,3.2906,3.2896,3.2901,3.2951,3.2956,3.2946,3.2951,14
2026-06-29 03:15:00,3.2906,3.2906,3.2901,3.2901,3.2956,3.2956,3.2951,3.2951,4
2026-06-29 03:16:00,3.2906,3.2916,3.2906,3.2916,3.2956,3.2966,3.2956,3.2966,3
2026-06-29 03:18:00,3.2926,3.2926,3.2906,3.2906,3.2976,3.2976,3.2956,3.2956,3
2026-06-29 03:19:00,3.2896,3.2896,3.2896,3.2896,3.2946,3.2946,3.2946,3.2946,1
2026-06-29 03:20:00,3.2886,3.2896,3.2886,3.2896,3.2936,3.2946,3.2936,3.2946,3
2026-06-29 03:22:00,3.2886,3.2896,3.2886,3.2886,3.2936,3.2946,3.2936,3.2936,4
2026-06-29 03:25:00,3.2896,3.2896,3.2896,3.2896,3.2946,3.2946,3.2946,3.2946,1
2026-06-29 03:27:00,3.2906,3.2926,3.2906,3.2926,3.2956,3.2976,3.2956,3.2976,5
2026-06-29 03:28:00,3.2921,3.2921,3.2906,3.2906,3.2971,3.2971,3.2956,3.2956,2
2026-06-29 03:30:00,3.2896,3.2896,3.2896,3.2896,3.2946,3.2946,3.2946,3.2946,1
2026-06-29 03:31:00,3.2901,3.2901,3.2901,3.2901,3.2951,3.2951,3.2951,3.2951,1
2026-06-29 03:32:00,3.2896,3.2906,3.2896,3.2896,3.2946,3.2956,3.2946,3.2946,4
2026-06-29 03:33:00,3.2901,3.2906,3.2901,3.2906,3.2951,3.2956,3.2951,3.2956,2
2026-06-29 03:34:00,3.2911,3.2911,3.2911,3.2911,3.2961,3.2961,3.2961,3.2961,1
2026-06-29 03:35:00,3.2906,3.2911,3.2906,3.2906,3.2956,3.2961,3.2956,3.2956,3
2026-06-29 03:36:00,3.2911,3.2911,3.2906,3.2911,3.2961,3.2961,3.2956,3.2961,3
2026-06-29 03:37:00,3.2906,3.2906,3.2906,3.2906,3.2956,3.2956,3.2956,3.2956,1
2026-06-29 03:38:00,3.2911,3.2911,3.2906,3.2906,3.2961,3.2961,3.2956,3.2956,2
2026-06-29 03:39:00,3.2896,3.2901,3.2896,3.2896,3.2946,3.2951,3.2946,3.2946,3
2026-06-29 03:40:00,3.2906,3.2906,3.2906,3.2906,3.2956,3.2956,3.2956,3.2956,1
2026-06-29 03:41:00,3.2926,3.2946,3.2926,3.2936,3.2976,3.2996,3.2976,3.2986,9
2026-06-29 03:42:00,3.2926,3.2926,3.2906,3.2911,3.2976,3.2976,3.2956,3.2961,9
2026-06-29 03:43:00,3.2906,3.2906,3.2896,3.2906,3.2956,3.2956,3.2946,3.2956,7
2026-06-29 03:44:00,3.2916,3.2916,3.2906,3.2906,3.2966,3.2966,3.2956,3.2956,2
2026-06-29 03:45:00,3.2916,3.2916,3.2916,3.2916,3.2966,3.2966,3.2966,3.2966,1
2026-06-29 03:46:00,3.2911,3.2911,3.2896,3.2896,3.2961,3.2961,3.2946,3.2946,4
2026-06-29 03:49:00,3.2906,3.2906,3.2896,3.2896,3.2956,3.2956,3.2946,3.2946,3
2026-06-29 03:50:00,3.2891,3.2896,3.2891,3.2896,3.2941,3.2946,3.2941,3.2946,2
2026-06-29 03:53:00,3.2906,3.2906,3.2906,3.2906,3.2956,3.2956,3.2956,3.2956,1
2026-06-29 03:57:00,3.2916,3.2916,3.2906,3.2906,3.2966,3.2966,3.2956,3.2956,4
2026-06-29 04:00:00,3.2901,3.2901,3.2886,3.2886,3.2951,3.2951,3.2936,3.2936,3
2026-06-29 04:02:00,3.2876,3.2886,3.2876,3.2886,3.2926,3.2936,3.2926,3.2936,2
2026-06-29 04:03:00,3.2896,3.2896,3.2896,3.2896,3.2946,3.2946,3.2946,3.2946,1
2026-06-29 04:04:00,3.2901,3.2906,3.2901,3.2906,3.2951,3.2956,3.2951,3.2956,2
2026-06-29 04:06:00,3.2916,3.2916,3.2906,3.2916,3.2966,3.2966,3.2956,3.2966,5
2026-06-29 04:09:00,3.2906,3.2906,3.2896,3.2896,3.2956,3.2956,3.2946,3.2946,3
2026-06-29 04:11:00,3.2901,3.2906,3.2896,3.2906,3.2951,3.2956,3.2946,3.2956,4
2026-06-29 04:13:00,3.2911,3.2926,3.2911,3.2926,3.2961,3.2976,3.2961,3.2976,5
2026-06-29 04:15:00,3.2921,3.2921,3.2916,3.2921,3.2971,3.2971,3.2966,3.2971,3
2026-06-29 04:16:00,3.2926,3.2926,3.2926,3.2926,3.2976,3.2976,3.2976,3.2976,1
2026-06-29 04:17:00,3.2916,3.2921,3.2916,3.2921,3.2966,3.2971,3.2966,3.2971,2
2026-06-29 04:19:00,3.2916,3.2921,3.2916,3.2921,3.2966,3.2971,3.2966,3.2971,2
2026-06-29 04:20:00,3.2916,3.2916,3.2916,3.2916,3.2966,3.2966,3.2966,3.2966,1
2026-06-29 04:21:00,3.2926,3.2936,3.2926,3.2926,3.2976,3.2986,3.2976,3.2976,3
2026-06-29 04:26:00,3.2921,3.2921,3.2896,3.2906,3.2971,3.2971,3.2946,3.2956,6
2026-06-29 04:27:00,3.2901,3.2901,3.2901,3.2901,3.2951,3.2951,3.2951,3.2951,1
2026-06-29 04:28:00,3.2906,3.2906,3.2906,3.2906,3.2956,3.2956,3.2956,3.2956,1
2026-06-29 04:29:00,3.2916,3.2916,3.2916,3.2916,3.2966,3.2966,3.2966,3.2966,1
2026-06-29 04:30:00,3.2906,3.2906,3.2901,3.2906,3.2956,3.2956,3.2951,3.2956,3
2026-06-29 04:33:00,3.2901,3.2901,3.2896,3.2896,3.2951,3.2951,3.2946,3.2946,2
2026-06-29 04:37:00,3.2906,3.2906,3.2896,3.2896,3.2956,3.2956,3.2946,3.2946,2
2026-06-29 04:38:00,3.2891,3.2891,3.2886,3.2886,3.2941,3.2941,3.2936,3.2936,2
2026-06-29 04:39:00,3.2876,3.2876,3.2871,3.2876,3.2926,3.2926,3.2921,3.2926,3
2026-06-29 04:40:00,3.2886,3.2896,3.2886,3.2896,3.2936,3.2946,3.2936,3.2946,4
2026-06-29 04:44:00,3.2901,3.2916,3.2901,3.2906,3.2951,3.2966,3.2951,3.2956,8
2026-06-29 04:46:00,3.2916,3.2926,3.2916,3.2926,3.2966,3.2976,3.2966,3.2976,2
2026-06-29 04:48:00,3.2916,3.2916,3.2916,3.2916,3.2966,3.2966,3.2966,3.2966,1
2026-06-29 04:51:00,3.2926,3.2926,3.2921,3.2926,3.2976,3.2976,3.2971,3.2976,3
2026-06-29 04:54:00,3.2936,3.2956,3.2936,3.2946,3.2986,3.3006,3.2986,3.2996,17
2026-06-29 04:55:00,3.2951,3.2956,3.2931,3.2931,3.3001,3.3006,3.2981,3.2981,13
2026-06-29 04:56:00,3.2926,3.2936,3.2926,3.2936,3.2976,3.2986,3.2976,3.2986,2
2026-06-29 05:01:00,3.2946,3.2946,3.2946,3.2946,3.2996,3.2996,3.2996,3.2996,1
2026-06-29 05:02:00,3.2951,3.2951,3.2946,3.2946,3.3001,3.3001,3.2996,3.2996,2
2026-06-29 05:04:00,3.2951,3.2951,3.2946,3.2946,3.3001,3.3001,3.2996,3.2996,2
2026-06-29 05:07:00,3.2936,3.2936,3.2936,3.2936,3.2986,3.2986,3.2986,3.2986,1
2026-06-29 05:09:00,3.2926,3.2926,3.2916,3.2916,3.2976,3.2976,3.2966,3.2966,3
2026-06-29 05:22:00,3.2926,3.2926,3.2916,3.2916,3.2976,3.2976,3.2966,3.2966,2
2026-06-29 05:23:00,3.2906,3.2916,3.2896,3.2916,3.2956,3.2966,3.2946,3.2966,4
2026-06-29 05:30:00,3.2906,3.2946,3.2906,3.2946,3.2956,3.2996,3.2956,3.2996,5
2026-06-29 05:31:00,3.2951,3.2951,3.2946,3.2946,3.3001,3.3001,3.2996,3.2996,2
2026-06-29 05:32:00,3.2936,3.2956,3.2936,3.2956,3.2986,3.3006,3.2986,3.3006,3
2026-06-29 05:34:00,3.2946,3.2946,3.2936,3.2936,3.2996,3.2996,3.2986,3.2986,5
2026-06-29 05:35:00,3.2926,3.2926,3.2916,3.2926,3.2976,3.2976,3.2966,3.2976,3
2026-06-29 05:41:00,3.2916,3.2916,3.2916,3.2916,3.2966,3.2966,3.2966,3.2966,1
2026-06-29 05:44:00,3.2906,3.2916,3.2906,3.2906,3.2956,3.2966,3.2956,3.2956,3
2026-06-29 05:46:00,3.2916,3.2916,3.2916,3.2916,3.2966,3.2966,3.2966,3.2966,1
2026-06-29 05:49:00,3.2906,3.2916,3.2906,3.2916,3.2956,3.2966,3.2956,3.2966,2
2026-06-29 05:50:00,3.2911,3.2911,3.2886,3.2896,3.2961,3.2961,3.2936,3.2946,4
2026-06-29 05:51:00,3.2891,3.2896,3.2886,3.2896,3.2941,3.2946,3.2936,3.2946,7
2026-06-29 06:00:00,3.2886,3.2896,3.2876,3.2876,3.2936,3.2946,3.2926,3.2926,5
2026-06-29 06:01:00,3.2886,3.2906,3.2886,3.2896,3.2936,3.2956,3.2936,3.2946,5
2026-06-29 06:02:00,3.2906,3.2916,3.2906,3.2916,3.2956,3.2966,3.2956,3.2966,2
2026-06-29 06:04:00,3.2911,3.2911,3.2906,3.2906,3.2961,3.2961,3.2956,3.2956,2
2026-06-29 06:05:00,3.2911,3.2911,3.2906,3.2906,3.2961,3.2961,3.2956,3.2956,2
2026-06-29 06:06:00,3.2916,3.2916,3.2911,3.2911,3.2966,3.2966,3.2961,3.2961,2
2026-06-29 06:07:00,3.2896,3.2896,3.2866,3.2866,3.2946,3.2946,3.2916,3.2916,8
2026-06-29 06:08:00,3.2876,3.2876,3.2876,3.2876,3.2926,3.2926,3.2926,3.2926,1
2026-06-29 06:09:00,3.2871,3.2871,3.2866,3.2866,3.2921,3.2921,3.2916,3.2916,2
2026-06-29 06:11:00,3.2871,3.2876,3.2866,3.2876,3.2921,3.2926,3.2916,3.2926,4
2026-06-29 06:12:00,3.2866,3.2876,3.2866,3.2866,3.2916,3.2926,3.2916,3.2916,4
2026-06-29 06:13:00,3.2876,3.2876,3.2866,3.2866,3.2926,3.2926,3.2916,3.2916,2
2026-06-29 06:14:00,3.2856,3.2856,3.2856,3.2856,3.2906,3.2906,3.2906,3.2906,1
2026-06-29 06:20:00,3.2861,3.2866,3.2861,3.2866,3.2911,3.2916,3.2911,3.2916,2
2026-06-29 06:21:00,3.2861,3.2866,3.2836,3.2866,3.2911,3.2916,3.2886,3.2916,11
2026-06-29 06:22:00,3.2876,3.2876,3.2866,3.2871,3.2926,3.2926,3.2916,3.2921,6
2026-06-29 06:23:00,3.2876,3.2876,3.2876,3.2876,3.2926,3.2926,3.2926,3.2926,1
2026-06-29 06:24:00,3.2881,3.2886,3.2876,3.2876,3.2931,3.2936,3.2926,3.2926,3
2026-06-29 06:25:00,3.2866,3.2876,3.2846,3.2856,3.2916,3.2926,3.2896,3.2906,6
2026-06-29 06:26:00,3.2851,3.2851,3.2846,3.2846,3.2901,3.2901,3.2896,3.2896,2
2026-06-29 06:27:00,3.2836,3.2846,3.2836,3.2846,3.2886,3.2896,3.2886,3.2896,2
2026-06-29 06:28:00,3.2856,3.2856,3.2846,3.2846,3.2906,3.2906,3.2896,3.2896,2
2026-06-29 06:29:00,3.2836,3.2836,3.2826,3.2826,3.2886,3.2886,3.2876,3.2876,2
2026-06-29 06:30:00,3.2816,3.2826,3.2816,3.2826,3.2866,3.2876,3.2866,3.2876,4
2026-06-29 06:31:00,3.2836,3.2846,3.2836,3.2836,3.2886,3.2896,3.2886,3.2886,3
2026-06-29 06:33:00,3.2846,3.2846,3.2836,3.2841,3.2896,3.2896,3.2886,3.2891,3
2026-06-29 06:34:00,3.2836,3.2846,3.2836,3.2846,3.2886,3.2896,3.2886,3.2896,2
2026-06-29 06:35:00,3.2836,3.2846,3.2836,3.2841,3.2886,3.2896,3.2886,3.2891,6
2026-06-29 06:36:00,3.2836,3.2836,3.2836,3.2836,3.2886,3.2886,3.2886,3.2886,1
2026-06-29 06:40:00,3.2846,3.2846,3.2836,3.2836,3.2896,3.2896,3.2886,3.2886,2
2026-06-29 06:41:00,3.2826,3.2826,3.2796,3.2796,3.2876,3.2876,3.2846,3.2846,12
2026-06-29 06:47:00,3.2806,3.2806,3.2796,3.2796,3.2856,3.2856,3.2846,3.2846,2
2026-06-29 06:49:00,3.2786,3.2786,3.2786,3.2786,3.2836,3.2836,3.2836,3.2836,1
2026-06-29 06:50:00,3.2796,3.2796,3.2796,3.2796,3.2846,3.2846,3.2846,3.2846,1
2026-06-29 06:53:00,3.2791,3.2791,3.2786,3.2786,3.2841,3.2841,3.2836,3.2836,2
2026-06-29 06:54:00,3.2781,3.2781,3.2776,3.2776,3.2831,3.2831,3.2826,3.2826,2
2026-06-29 06:59:00,3.2766,3.2766,3.2756,3.2756,3.2816,3.2816,3.2806,3.2806,2
2026-06-29 07:00:00,3.2746,3.2756,3.2716,3.2726,3.2796,3.2806,3.2766,3.2776,12
2026-06-29 07:01:00,3.2716,3.2726,3.2706,3.2706,3.2766,3.2776,3.2756,3.2756,12
2026-06-29 07:02:00,3.2716,3.2726,3.2706,3.2706,3.2766,3.2776,3.2756,3.2756,5
2026-06-29 07:05:00,3.2696,3.2696,3.2696,3.2696,3.2746,3.2746,3.2746,3.2746,1
2026-06-29 07:06:00,3.2686,3.2686,3.2676,3.2676,3.2736,3.2736,3.2726,3.2726,8
2026-06-29 07:07:00,3.2666,3.2666,3.2666,3.2666,3.2716,3.2716,3.2716,3.2716,1
2026-06-29 07:09:00,3.2656,3.2666,3.2656,3.2666,3.2706,3.2716,3.2706,3.2716,2
2026-06-29 07:10:00,3.2656,3.2656,3.2656,3.2656,3.2706,3.2706,3.2706,3.2706,1
2026-06-29 07:12:00,3.2646,3.2656,3.2636,3.2636,3.2696,3.2706,3.2686,3.2686,8
2026-06-29 07:13:00,3.2646,3.2646,3.2646,3.2646,3.2696,3.2696,3.2696,3.2696,1
2026-06-29 07:14:00,3.2656,3.2656,3.2646,3.2646,3.2706,3.2706,3.2696,3.2696,2
2026-06-29 07:15:00,3.2656,3.2656,3.2646,3.2646,3.2706,3.2706,3.2696,3.2696,2
2026-06-29 07:17:00,3.2636,3.2656,3.2636,3.2646,3.2686,3.2706,3.2686,3.2696,4
2026-06-29 07:19:00,3.2636,3.2636,3.2606,3.2616,3.2686,3.2686,3.2656,3.2666,8
2026-06-29 07:20:00,3.2626,3.2636,3.2626,3.2636,3.2676,3.2686,3.2676,3.2686,2
2026-06-29 07:21:00,3.2626,3.2636,3.2626,3.2636,3.2676,3.2686,3.2676,3.2686,2
2026-06-29 07:23:00,3.2646,3.2646,3.2646,3.2646,3.2696,3.2696,3.2696,3.2696,1
2026-06-29 07:24:00,3.2636,3.2646,3.2626,3.2626,3.2686,3.2696,3.2676,3.2676,12
2026-06-29 07:25:00,3.2636,3.2636,3.2626,3.2636,3.2686,3.2686,3.2676,3.2686,3
2026-06-29 07:27:00,3.2626,3.2636,3.2626,3.2636,3.2676,3.2686,3.2676,3.2686,8
2026-06-29 07:28:00,3.2646,3.2666,3.2646,3.2656,3.2696,3.2716,3.2696,3.2706,6
2026-06-29 07:29:00,3.2646,3.2646,3.2646,3.2646,3.2696,3.2696,3.2696,3.2696,1
2026-06-29 07:30:00,3.2636,3.2636,3.2626,3.2636,3.2686,3.2686,3.2676,3.2686,10
2026-06-29 07:31:00,3.2641,3.2646,3.2636,3.2646,3.2691,3.2696,3.2686,3.2696,13
2026-06-29 07:32:00,3.2656,3.2656,3.2646,3.2646,3.2706,3.2706,3.2696,3.2696,2
2026-06-29 07:34:00,3.2651,3.2656,3.2646,3.2656,3.2701,3.2706,3.2696,3.2706,10
2026-06-29 07:35:00,3.2646,3.2646,3.2646,3.2646,3.2696,3.2696,3.2696,3.2696,1
2026-06-29 07:37:00,3.2656,3.2656,3.2646,3.2646,3.2706,3.2706,3.2696,3.2696,2
2026-06-29 07:40:00,3.2651,3.2661,3.2646,3.2661,3.2701,3.2711,3.2696,3.2711,4
2026-06-29 07:41:00,3.2656,3.2666,3.2656,3.2666,3.2706,3.2716,3.2706,3.2716,3
2026-06-29 07:42:00,3.2676,3.2706,3.2676,3.2706,3.2726,3.2756,3.2726,3.2756,12
2026-06-29 07:43:00,3.2711,3.2726,3.2696,3.2721,3.2761,3.2776,3.2746,3.2771,15
2026-06-29 07:44:00,3.2716,3.2716,3.2711,3.2716,3.2766,3.2766,3.2761,3.2766,3
2026-06-29 07:45:00,3.2706,3.2716,3.2706,3.2716,3.2756,3.2766,3.2756,3.2766,12
2026-06-29 07:46:00,3.2726,3.2736,3.2726,3.2736,3.2776,3.2786,3.2776,3.2786,4
2026-06-29 07:47:00,3.2731,3.2736,3.2726,3.2736,3.2781,3.2786,3.2776,3.2786,4
2026-06-29 07:48:00,3.2741,3.2741,3.2716,3.2721,3.2791,3.2791,3.2766,3.2771,5
2026-06-29 07:49:00,3.2716,3.2726,3.2716,3.2726,3.2766,3.2776,3.2766,3.2776,6
2026-06-29 07:50:00,3.2721,3.2721,3.2681,3.2681,3.2771,3.2771,3.2731,3.2731,10
2026-06-29 07:51:00,3.2686,3.2706,3.2686,3.2706,3.2736,3.2756,3.2736,3.2756,4
2026-06-29 07:53:00,3.2711,3.2711,3.2706,3.2706,3.2761,3.2761,3.2756,3.2756,4
2026-06-29 07:54:00,3.2696,3.2701,3.2696,3.2696,3.2746,3.2751,3.2746,3.2746,3
2026-06-29 07:55:00,3.2691,3.2696,3.2691,3.2696,3.2741,3.2746,3.2741,3.2746,2
2026-06-29 07:57:00,3.2701,3.2726,3.2701,3.2726,3.2751,3.2776,3.2751,3.2776,4
2026-06-29 07:58:00,3.2721,3.2721,3.2706,3.2716,3.2771,3.2771,3.2756,3.2766,5
2026-06-29 07:59:00,3.2711,3.2716,3.2706,3.2706,3.2761,3.2766,3.2756,3.2756,9
2026-06-29 08:00:00,3.2716,3.2746,3.2716,3.2746,3.2766,3.2796,3.2766,3.2796,9
2026-06-29 08:01:00,3.2741,3.2766,3.2726,3.2761,3.2791,3.2816,3.2776,3.2811,22
2026-06-29 08:02:00,3.2756,3.2766,3.2756,3.2761,3.2806,3.2816,3.2806,3.2811,11
2026-06-29 08:03:00,3.2766,3.2841,3.2766,3.2826,3.2816,3.2891,3.2816,3.2876,25
2026-06-29 08:04:00,3.2816,3.2836,3.2816,3.2826,3.2866,3.2886,3.2866,3.2876,5
2026-06-29 08:05:00,3.2816,3.2836,3.2816,3.2836,3.2866,3.2886,3.2866,3.2886,14
2026-06-29 08:06:00,3.2846,3.2856,3.2846,3.2856,3.2896,3.2906,3.2896,3.2906,2
2026-06-29 08:08:00,3.2846,3.2851,3.2846,3.2846,3.2896,3.2901,3.2896,3.2896,3
2026-06-29 08:09:00,3.2856,3.2856,3.2856,3.2856,3.2906,3.2906,3.2906,3.2906,1
2026-06-29 08:10:00,3.2866,3.2876,3.2866,3.2876,3.2916,3.2926,3.2916,3.2926,6
2026-06-29 08:11:00,3.2886,3.2916,3.2886,3.2916,3.2936,3.2966,3.2936,3.2966,8
2026-06-29 08:12:00,3.2906,3.2916,3.2876,3.2896,3.2956,3.2966,3.2926,3.2946,12
2026-06-29 08:13:00,3.2886,3.2886,3.2846,3.2856,3.2936,3.2936,3.2896,3.2906,14
2026-06-29 08:14:00,3.2866,3.2876,3.2866,3.2876,3.2916,3.2926,3.2916,3.2926,2
2026-06-29 08:15:00,3.2881,3.2906,3.2876,3.2896,3.2931,3.2956,3.2926,3.2946,17
2026-06-29 08:16:00,3.2886,3.2896,3.2876,3.2881,3.2936,3.2946,3.2926,3.2931,5
2026-06-29 08:17:00,3.2876,3.2886,3.2876,3.2876,3.2926,3.2936,3.2926,3.2926,3
2026-06-29 08:20:00,3.2871,3.2876,3.2836,3.2876,3.2921,3.2926,3.2886,3.2926,12
2026-06-29 08:21:00,3.2866,3.2886,3.2866,3.2886,3.2916,3.2936,3.2916,3.2936,5
2026-06-29 08:24:00,3.2876,3.2876,3.2866,3.2871,3.2926,3.2926,3.2916,3.2921,3
2026-06-29 08:25:00,3.2876,3.2876,3.2856,3.2856,3.2926,3.2926,3.2906,3.2906,4
2026-06-29 08:26:00,3.2846,3.2856,3.2846,3.2851,3.2896,3.2906,3.2896,3.2901,4
2026-06-29 08:27:00,3.2846,3.2856,3.2841,3.2841,3.2896,3.2906,3.2891,3.2891,5
2026-06-29 08:28:00,3.2836,3.2846,3.2831,3.2846,3.2886,3.2896,3.2881,3.2896,4
2026-06-29 08:30:00,3.2856,3.2856,3.2836,3.2856,3.2906,3.2906,3.2886,3.2906,9
2026-06-29 08:31:00,3.2866,3.2876,3.2856,3.2876,3.2916,3.2926,3.2906,3.2926,6
2026-06-29 08:32:00,3.2881,3.2886,3.2881,3.2881,3.2931,3.2936,3.2931,3.2931,3
2026-06-29 08:33:00,3.2876,3.2876,3.2866,3.2866,3.2926,3.2926,3.2916,3.2916,6
2026-06-29 08:34:00,3.2861,3.2866,3.2861,3.2861,3.2911,3.2916,3.2911,3.2911,3
2026-06-29 08:35:00,3.2866,3.2876,3.2866,3.2866,3.2916,3.2926,3.2916,3.2916,3
2026-06-29 08:36:00,3.2876,3.2891,3.2876,3.2891,3.2926,3.2941,3.2926,3.2941,3
2026-06-29 08:37:00,3.2886,3.2896,3.2881,3.2891,3.2936,3.2946,3.2931,3.2941,5
2026-06-29 08:38:00,3.2886,3.2886,3.2846,3.2856,3.2936,3.2936,3.2896,3.2906,6
2026-06-29 08:39:00,3.2851,3.2856,3.2851,3.2856,3.2901,3.2906,3.2901,3.2906,2
2026-06-29 08:41:00,3.2851,3.2856,3.2851,3.2856,3.2901,3.2906,3.2901,3.2906,2
2026-06-29 08:44:00,3.2866,3.2871,3.2856,3.2856,3.2916,3.2921,3.2906,3.2906,7
2026-06-29 08:45:00,3.2866,3.2866,3.2856,3.2856,3.2916,3.2916,3.2906,3.2906,3
2026-06-29 08:46:00,3.2861,3.2861,3.2856,3.2856,3.2911,3.2911,3.2906,3.2906,2
2026-06-29 08:47:00,3.2846,3.2846,3.2841,3.2846,3.2896,3.2896,3.2891,3.2896,3
2026-06-29 08:48:00,3.2856,3.2856,3.2846,3.2846,3.2906,3.2906,3.2896,3.2896,3
2026-06-29 08:49:00,3.2851,3.2851,3.2846,3.2846,3.2901,3.2901,3.2896,3.2896,2
2026-06-29 08:50:00,3.2841,3.2841,3.2836,3.2836,3.2891,3.2891,3.2886,3.2886,2
2026-06-29 08:52:00,3.2826,3.2836,3.2826,3.2826,3.2876,3.2886,3.2876,3.2876,3
2026-06-29 08:53:00,3.2836,3.2836,3.2836,3.2836,3.2886,3.2886,3.2886,3.2886,1
2026-06-29 08:54:00,3.2806,3.2806,3.2776,3.2781,3.2856,3.2856,3.2826,3.2831,16
2026-06-29 08:55:00,3.2776,3.2786,3.2776,3.2786,3.2826,3.2836,3.2826,3.2836,4
2026-06-29 08:57:00,3.2776,3.2786,3.2746,3.2746,3.2826,3.2836,3.2796,3.2796,7
2026-06-29 08:59:00,3.2736,3.2736,3.2736,3.2736,3.2786,3.2786,3.2786,3.2786,1
2026-06-29 09:00:00,3.2746,3.2756,3.2706,3.2716,3.2796,3.2806,3.2756,3.2766,24
2026-06-29 09:01:00,3.2726,3.2746,3.2721,3.2736,3.2776,3.2796,3.2771,3.2786,12
2026-06-29 09:02:00,3.2746,3.2746,3.2746,3.2746,3.2796,3.2796,3.2796,3.2796,1
2026-06-29 09:03:00,3.2756,3.2756,3.2736,3.2736,3.2806,3.2806,3.2786,3.2786,6
2026-06-29 09:04:00,3.2731,3.2731,3.2731,3.2731,3.2781,3.2781,3.2781,3.2781,1
2026-06-29 09:05:00,3.2726,3.2736,3.2716,3.2736,3.2776,3.2786,3.2766,3.2786,4
2026-06-29 09:06:00,3.2746,3.2746,3.2726,3.2726,3.2796,3.2796,3.2776,3.2776,5
2026-06-29 09:07:00,3.2716,3.2716,3.2626,3.2646,3.2766,3.2766,3.2676,3.2696,27
2026-06-29 09:08:00,3.2641,3.2656,3.2636,3.2656,3.2691,3.2706,3.2686,3.2706,6
2026-06-29 09:09:00,3.2666,3.2676,3.2666,3.2666,3.2716,3.2726,3.2716,3.2716,4
2026-06-29 09:10:00,3.2676,3.2676,3.2666,3.2676,3.2726,3.2726,3.2716,3.2726,3
2026-06-29 09:11:00,3.2686,3.2686,3.2656,3.2656,3.2736,3.2736,3.2706,3.2706,6
2026-06-29 09:12:00,3.2646,3.2656,3.2646,3.2646,3.2696,3.2706,3.2696,3.2696,8
2026-06-29 09:14:00,3.2636,3.2646,3.2626,3.2636,3.2686,3.2696,3.2676,3.2686,8
2026-06-29 09:15:00,3.2641,3.2646,3.2636,3.2646,3.2691,3.2696,3.2686,3.2696,7
2026-06-29 09:16:00,3.2636,3.2636,3.2636,3.2636,3.2686,3.2686,3.2686,3.2686,1
2026-06-29 09:17:00,3.2626,3.2636,3.2626,3.2636,3.2676,3.2686,3.2676,3.2686,3
2026-06-29 09:18:00,3.2646,3.2646,3.2646,3.2646,3.2696,3.2696,3.2696,3.2696,1
2026-06-29 09:19:00,3.2656,3.2656,3.2646,3.2646,3.2706,3.2706,3.2696,3.2696,4
2026-06-29 09:20:00,3.2651,3.2651,3.2636,3.2636,3.2701,3.2701,3.2686,3.2686,9
2026-06-29 09:21:00,3.2646,3.2646,3.2641,3.2646,3.2696,3.2696,3.2691,3.2696,5
2026-06-29 09:22:00,3.2641,3.2646,3.2636,3.2646,3.2691,3.2696,3.2686,3.2696,8
2026-06-29 09:24:00,3.2641,3.2641,3.2636,3.2636,3.2691,3.2691,3.2686,3.2686,2
2026-06-29 09:25:00,3.2626,3.2656,3.2626,3.2646,3.2676,3.2706,3.2676,3.2696,16
2026-06-29 09:26:00,3.2636,3.2646,3.2636,3.2641,3.2686,3.2696,3.2686,3.2691,8
2026-06-29 09:27:00,3.2636,3.2646,3.2636,3.2636,3.2686,3.2696,3.2686,3.2686,5
2026-06-29 09:28:00,3.2646,3.2651,3.2646,3.2646,3.2696,3.2701,3.2696,3.2696,3
2026-06-29 09:30:00,3.2636,3.2636,3.2631,3.2636,3.2686,3.2686,3.2681,3.2686,5
2026-06-29 09:31:00,3.2626,3.2626,3.2486,3.2516,3.2676,3.2676,3.2536,3.2566,47
2026-06-29 09:32:00,3.2506,3.2516,3.2496,3.2496,3.2556,3.2566,3.2546,3.2546,6
2026-06-29 09:33:00,3.2486,3.2516,3.2466,3.2516,3.2536,3.2566,3.2516,3.2566,27
2026-06-29 09:34:00,3.2526,3.2526,3.2476,3.2476,3.2576,3.2576,3.2526,3.2526,13
2026-06-29 09:35:00,3.2466,3.2466,3.2401,3.2416,3.2516,3.2516,3.2451,3.2466,37
2026-06-29 09:36:00,3.2406,3.2416,3.2386,3.2386,3.2456,3.2466,3.2436,3.2436,23
2026-06-29 09:37:00,3.2391,3.2406,3.2386,3.2406,3.2441,3.2456,3.2436,3.2456,18
2026-06-29 09:38:00,3.2396,3.2406,3.2386,3.2386,3.2446,3.2456,3.2436,3.2436,12
2026-06-29 09:39:00,3.2381,3.2396,3.2366,3.2396,3.2431,3.2446,3.2416,3.2446,22
2026-06-29 09:40:00,3.2391,3.2396,3.2376,3.2386,3.2441,3.2446,3.2426,3.2436,15
2026-06-29 09:41:00,3.2396,3.2426,3.2396,3.2406,3.2446,3.2476,3.2446,3.2456,18
2026-06-29 09:42:00,3.2396,3.2396,3.2366,3.2396,3.2446,3.2446,3.2416,3.2446,14
2026-06-29 09:43:00,3.2391,3.2426,3.2391,3.2406,3.2441,3.2476,3.2441,3.2456,9
2026-06-29 09:44:00,3.2396,3.2426,3.2386,3.2406,3.2446,3.2476,3.2436,3.2456,22
2026-06-29 09:45:00,3.2396,3.2416,3.2386,3.2386,3.2446,3.2466,3.2436,3.2436,18
2026-06-29 09:46:00,3.2396,3.2406,3.2386,3.2406,3.2446,3.2456,3.2436,3.2456,20
2026-06-29 09:47:00,3.2396,3.2406,3.2396,3.2406,3.2446,3.2456,3.2446,3.2456,6
2026-06-29 09:48:00,3.2401,3.2406,3.2386,3.2406,3.2451,3.2456,3.2436,3.2456,10
2026-06-29 09:49:00,3.2401,3.2406,3.2396,3.2396,3.2451,3.2456,3.2446,3.2446,3
2026-06-29 09:50:00,3.2386,3.2386,3.2386,3.2386,3.2436,3.2436,3.2436,3.2436,1
2026-06-29 09:51:00,3.2396,3.2396,3.2366,3.2376,3.2446,3.2446,3.2416,3.2426,11
2026-06-29 09:52:00,3.2386,3.2386,3.2376,3.2386,3.2436,3.2436,3.2426,3.2436,3
2026-06-29 09:54:00,3.2376,3.2386,3.2376,3.2376,3.2426,3.2436,3.2426,3.2426,6
2026-06-29 09:55:00,3.2371,3.2371,3.2321,3.2326,3.2421,3.2421,3.2371,3.2376,12
2026-06-29 09:56:00,3.2336,3.2366,3.2326,3.2346,3.2386,3.2416,3.2376,3.2396,10
2026-06-29 09:57:00,3.2341,3.2346,3.2326,3.2326,3.2391,3.2396,3.2376,3.2376,10
2026-06-29 09:58:00,3.2316,3.2316,3.2296,3.2306,3.2366,3.2366,3.2346,3.2356,9
2026-06-29 09:59:00,3.2296,3.2326,3.2296,3.2316,3.2346,3.2376,3.2346,3.2366,21
2026-06-29 10:00:00,3.2326,3.2356,3.2326,3.2351,3.2376,3.2406,3.2376,3.2401,20
2026-06-29 10:01:00,3.2356,3.2356,3.2326,3.2326,3.2406,3.2406,3.2376,3.2376,17
2026-06-29 10:02:00,3.2336,3.2336,3.2316,3.2326,3.2386,3.2386,3.2366,3.2376,13
2026-06-29 10:03:00,3.2321,3.2326,3.2306,3.2326,3.2371,3.2376,3.2356,3.2376,7
2026-06-29 10:04:00,3.2321,3.2336,3.2321,3.2331,3.2371,3.2386,3.2371,3.2381,10
2026-06-29 10:05:00,3.2336,3.2346,3.2326,3.2326,3.2386,3.2396,3.2376,3.2376,9
2026-06-29 10:06:00,3.2321,3.2326,3.2286,3.2301,3.2371,3.2376,3.2336,3.2351,13
2026-06-29 10:07:00,3.2306,3.2326,3.2296,3.2326,3.2356,3.2376,3.2346,3.2376,9
2026-06-29 10:08:00,3.2321,3.2326,3.2321,3.2326,3.2371,3.2376,3.2371,3.2376,2
2026-06-29 10:09:00,3.2321,3.2321,3.2316,3.2316,3.2371,3.2371,3.2366,3.2366,2
2026-06-29 10:10:00,3.2311,3.2316,3.2311,3.2316,3.2361,3.2366,3.2361,3.2366,4
2026-06-29 10:11:00,3.2326,3.2346,3.2326,3.2341,3.2376,3.2396,3.2376,3.2391,7
2026-06-29 10:12:00,3.2346,3.2356,3.2336,3.2356,3.2396,3.2406,3.2386,3.2406,6
2026-06-29 10:13:00,3.2366,3.2366,3.2356,3.2356,3.2416,3.2416,3.2406,3.2406,12
2026-06-29 10:14:00,3.2361,3.2376,3.2361,3.2366,3.2411,3.2426,3.2411,3.2416,4
2026-06-29 10:15:00,3.2356,3.2356,3.2336,3.2346,3.2406,3.2406,3.2386,3.2396,11
2026-06-29 10:16:00,3.2356,3.2366,3.2346,3.2346,3.2406,3.2416,3.2396,3.2396,13
2026-06-29 10:18:00,3.2351,3.2366,3.2346,3.2346,3.2401,3.2416,3.2396,3.2396,6
2026-06-29 10:19:00,3.2336,3.2346,3.2326,3.2326,3.2386,3.2396,3.2376,3.2376,5
2026-06-29 10:21:00,3.2316,3.2376,3.2316,3.2366,3.2366,3.2426,3.2366,3.2416,16
2026-06-29 10:22:00,3.2356,3.2356,3.2351,3.2356,3.2406,3.2406,3.2401,3.2406,3
2026-06-29 10:23:00,3.2366,3.2366,3.2356,3.2356,3.2416,3.2416,3.2406,3.2406,2
2026-06-29 10:24:00,3.2361,3.2371,3.2361,3.2371,3.2411,3.2421,3.2411,3.2421,7
2026-06-29 10:25:00,3.2376,3.2376,3.2366,3.2366,3.2426,3.2426,3.2416,3.2416,8
2026-06-29 10:26:00,3.2371,3.2376,3.2366,3.2376,3.2421,3.2426,3.2416,3.2426,4
2026-06-29 10:27:00,3.2366,3.2366,3.2356,3.2356,3.2416,3.2416,3.2406,3.2406,3
2026-06-29 10:29:00,3.2366,3.2366,3.2356,3.2356,3.2416,3.2416,3.2406,3.2406,2
2026-06-29 10:30:00,3.2346,3.2346,3.2336,3.2346,3.2396,3.2396,3.2386,3.2396,3
2026-06-29 10:33:00,3.2356,3.2361,3.2336,3.2336,3.2406,3.2411,3.2386,3.2386,6
2026-06-29 10:34:00,3.2341,3.2386,3.2341,3.2376,3.2391,3.2436,3.2391,3.2426,14
2026-06-29 10:36:00,3.2371,3.2371,3.2356,3.2356,3.2421,3.2421,3.2406,3.2406,8
2026-06-29 10:37:00,3.2346,3.2356,3.2346,3.2356,3.2396,3.2406,3.2396,3.2406,2
2026-06-29 10:38:00,3.2346,3.2351,3.2336,3.2336,3.2396,3.2401,3.2386,3.2386,7
2026-06-29 10:39:00,3.2326,3.2326,3.2326,3.2326,3.2376,3.2376,3.2376,3.2376,1
2026-06-29 10:41:00,3.2321,3.2336,3.2321,3.2326,3.2371,3.2386,3.2371,3.2376,5
2026-06-29 10:42:00,3.2336,3.2336,3.2326,3.2326,3.2386,3.2386,3.2376,3.2376,2
2026-06-29 10:44:00,3.2336,3.2341,3.2336,3.2336,3.2386,3.2391,3.2386,3.2386,7
2026-06-29 10:45:00,3.2346,3.2356,3.2346,3.2356,3.2396,3.2406,3.2396,3.2406,11
2026-06-29 10:46:00,3.2351,3.2351,3.2316,3.2316,3.2401,3.2401,3.2366,3.2366,5
2026-06-29 10:47:00,3.2306,3.2306,3.2296,3.2301,3.2356,3.2356,3.2346,3.2351,10
2026-06-29 10:48:00,3.2296,3.2306,3.2266,3.2276,3.2346,3.2356,3.2316,3.2326,25
2026-06-29 10:49:00,3.2286,3.2296,3.2276,3.2276,3.2336,3.2346,3.2326,3.2326,6
2026-06-29 10:50:00,3.2286,3.2286,3.2286,3.2286,3.2336,3.2336,3.2336,3.2336,1
2026-06-29 10:51:00,3.2276,3.2276,3.2271,3.2276,3.2326,3.2326,3.2321,3.2326,3
2026-06-29 10:52:00,3.2286,3.2286,3.2286,3.2286,3.2336,3.2336,3.2336,3.2336,1
2026-06-29 10:55:00,3.2276,3.2286,3.2276,3.2286,3.2326,3.2336,3.2326,3.2336,4
2026-06-29 10:57:00,3.2296,3.2306,3.2296,3.2296,3.2346,3.2356,3.2346,3.2346,33
2026-06-29 10:58:00,3.2301,3.2306,3.2296,3.2296,3.2351,3.2356,3.2346,3.2346,6
2026-06-29 11:00:00,3.2306,3.2316,3.2296,3.2306,3.2356,3.2366,3.2346,3.2356,10
2026-06-29 11:01:00,3.2316,3.2356,3.2286,3.2306,3.2366,3.2406,3.2336,3.2356,36
2026-06-29 11:02:00,3.2296,3.2306,3.2296,3.2306,3.2346,3.2356,3.2346,3.2356,6
2026-06-29 11:03:00,3.2301,3.2316,3.2296,3.2316,3.2351,3.2366,3.2346,3.2366,5
2026-06-29 11:04:00,3.2321,3.2321,3.2306,3.2306,3.2371,3.2371,3.2356,3.2356,3
2026-06-29 11:05:00,3.2296,3.2306,3.2296,3.2296,3.2346,3.2356,3.2346,3.2346,5
2026-06-29 11:06:00,3.2306,3.2306,3.2296,3.2296,3.2356,3.2356,3.2346,3.2346,2
2026-06-29 11:09:00,3.2286,3.2296,3.2286,3.2296,3.2336,3.2346,3.2336,3.2346,2
2026-06-29 11:11:00,3.2291,3.2296,3.2291,3.2296,3.2341,3.2346,3.2341,3.2346,2
2026-06-29 11:12:00,3.2306,3.2306,3.2306,3.2306,3.2356,3.2356,3.2356,3.2356,1
2026-06-29 11:14:00,3.2316,3.2316,3.2306,3.2306,3.2366,3.2366,3.2356,3.2356,2
2026-06-29 11:15:00,3.2296,3.2296,3.2266,3.2266,3.2346,3.2346,3.2316,3.2316,8
2026-06-29 11:16:00,3.2261,3.2261,3.2216,3.2236,3.2311,3.2311,3.2266,3.2286,31
2026-06-29 11:17:00,3.2246,3.2246,3.2236,3.2236,3.2296,3.2296,3.2286,3.2286,4
2026-06-29 11:18:00,3.2246,3.2256,3.2236,3.2241,3.2296,3.2306,3.2286,3.2291,14
2026-06-29 11:19:00,3.2246,3.2256,3.2246,3.2251,3.2296,3.2306,3.2296,3.2301,6
2026-06-29 11:20:00,3.2246,3.2256,3.2246,3.2256,3.2296,3.2306,3.2296,3.2306,11
2026-06-29 11:21:00,3.2261,3.2266,3.2261,3.2266,3.2311,3.2316,3.2311,3.2316,2
2026-06-29 11:22:00,3.2271,3.2276,3.2266,3.2276,3.2321,3.2326,3.2316,3.2326,6
2026-06-29 11:23:00,3.2266,3.2276,3.2266,3.2276,3.2316,3.2326,3.2316,3.2326,3
2026-06-29 11:25:00,3.2286,3.2286,3.2266,3.2276,3.2336,3.2336,3.2316,3.2326,15
2026-06-29 11:26:00,3.2271,3.2296,3.2271,3.2296,3.2321,3.2346,3.2321,3.2346,9
2026-06-29 11:27:00,3.2286,3.2291,3.2286,3.2286,3.2336,3.2341,3.2336,3.2336,3
2026-06-29 11:30:00,3.2276,3.2286,3.2276,3.2286,3.2326,3.2336,3.2326,3.2336,5
2026-06-29 11:31:00,3.2291,3.2296,3.2291,3.2296,3.2341,3.2346,3.2341,3.2346,2
2026-06-29 11:32:00,3.2286,3.2296,3.2286,3.2296,3.2336,3.2346,3.2336,3.2346,8
2026-06-29 11:33:00,3.2286,3.2286,3.2266,3.2266,3.2336,3.2336,3.2316,3.2316,3
2026-06-29 11:36:00,3.2271,3.2276,3.2266,3.2266,3.2321,3.2326,3.2316,3.2316,3
2026-06-29 11:37:00,3.2271,3.2276,3.2271,3.2276,3.2321,3.2326,3.2321,3.2326,2
2026-06-29 11:38:00,3.2286,3.2286,3.2276,3.2286,3.2336,3.2336,3.2326,3.2336,5
2026-06-29 11:39:00,3.2281,3.2281,3.2266,3.2266,3.2331,3.2331,3.2316,3.2316,8
2026-06-29 11:44:00,3.2256,3.2276,3.2256,3.2266,3.2306,3.2326,3.2306,3.2316,7
2026-06-29 11:45:00,3.2271,3.2286,3.2271,3.2286,3.2321,3.2336,3.2321,3.2336,4
2026-06-29 11:46:00,3.2276,3.2286,3.2276,3.2286,3.2326,3.2336,3.2326,3.2336,5
2026-06-29 11:48:00,3.2291,3.2296,3.2286,3.2286,3.2341,3.2346,3.2336,3.2336,6
2026-06-29 11:49:00,3.2296,3.2296,3.2276,3.2296,3.2346,3.2346,3.2326,3.2346,5
2026-06-29 11:50:00,3.2306,3.2306,3.2286,3.2286,3.2356,3.2356,3.2336,3.2336,5
2026-06-29 11:51:00,3.2276,3.2306,3.2276,3.2296,3.2326,3.2356,3.2326,3.2346,11
2026-06-29 11:52:00,3.2286,3.2296,3.2246,3.2266,3.2336,3.2346,3.2296,3.2316,17
2026-06-29 11:53:00,3.2261,3.2261,3.2246,3.2256,3.2311,3.2311,3.2296,3.2306,8
2026-06-29 11:54:00,3.2266,3.2286,3.2261,3.2281,3.2316,3.2336,3.2311,3.2331,7
2026-06-29 11:55:00,3.2276,3.2316,3.2276,3.2306,3.2326,3.2366,3.2326,3.2356,10
2026-06-29 11:56:00,3.2316,3.2316,3.2311,3.2316,3.2366,3.2366,3.2361,3.2366,5
2026-06-29 11:57:00,3.2326,3.2326,3.2296,3.2296,3.2376,3.2376,3.2346,3.2346,11
2026-06-29 11:58:00,3.2306,3.2306,3.2296,3.2296,3.2356,3.2356,3.2346,3.2346,12
2026-06-29 11:59:00,3.2301,3.2301,3.2296,3.2301,3.2351,3.2351,3.2346,3.2351,3
2026-06-29 12:00:00,3.2306,3.2316,3.2296,3.2311,3.2356,3.2366,3.2346,3.2361,13
2026-06-29 12:01:00,3.2306,3.2306,3.2276,3.2276,3.2356,3.2356,3.2326,3.2326,4
2026-06-29 12:02:00,3.2271,3.2296,3.2261,3.2296,3.2321,3.2346,3.2311,3.2346,9
2026-06-29 12:03:00,3.2301,3.2301,3.2296,3.2296,3.2351,3.2351,3.2346,3.2346,2
2026-06-29 12:04:00,3.2306,3.2326,3.2306,3.2321,3.2356,3.2376,3.2356,3.2371,6
2026-06-29 12:05:00,3.2316,3.2326,3.2316,3.2326,3.2366,3.2376,3.2366,3.2376,5
2026-06-29 12:06:00,3.2336,3.2366,3.2336,3.2366,3.2386,3.2416,3.2386,3.2416,15
2026-06-29 12:07:00,3.2356,3.2361,3.2356,3.2356,3.2406,3.2411,3.2406,3.2406,3
2026-06-29 12:08:00,3.2366,3.2366,3.2336,3.2346,3.2416,3.2416,3.2386,3.2396,12
2026-06-29 12:09:00,3.2351,3.2366,3.2351,3.2366,3.2401,3.2416,3.2401,3.2416,19
2026-06-29 12:10:00,3.2356,3.2371,3.2356,3.2361,3.2406,3.2421,3.2406,3.2411,14
2026-06-29 12:11:00,3.2356,3.2366,3.2356,3.2361,3.2406,3.2416,3.2406,3.2411,6
2026-06-29 12:12:00,3.2356,3.2366,3.2346,3.2356,3.2406,3.2416,3.2396,3.2406,16
2026-06-29 12:14:00,3.2366,3.2376,3.2356,3.2356,3.2416,3.2426,3.2406,3.2406,14
2026-06-29 12:15:00,3.2346,3.2346,3.2346,3.2346,3.2396,3.2396,3.2396,3.2396,1
2026-06-29 12:16:00,3.2336,3.2366,3.2336,3.2356,3.2386,3.2416,3.2386,3.2406,7
2026-06-29 12:17:00,3.2351,3.2351,3.2346,3.2346,3.2401,3.2401,3.2396,3.2396,2
2026-06-29 12:18:00,3.2336,3.2341,3.2336,3.2336,3.2386,3.2391,3.2386,3.2386,3
2026-06-29 12:19:00,3.2326,3.2336,3.2326,3.2336,3.2376,3.2386,3.2376,3.2386,2
2026-06-29 12:20:00,3.2341,3.2346,3.2321,3.2326,3.2391,3.2396,3.2371,3.2376,10
2026-06-29 12:21:00,3.2321,3.2336,3.2321,3.2326,3.2371,3.2386,3.2371,3.2376,6
2026-06-29 12:22:00,3.2316,3.2326,3.2316,3.2316,3.2366,3.2376,3.2366,3.2366,3
2026-06-29 12:23:00,3.2321,3.2351,3.2306,3.2336,3.2371,3.2401,3.2356,3.2386,11
2026-06-29 12:24:00,3.2326,3.2346,3.2326,3.2346,3.2376,3.2396,3.2376,3.2396,3
2026-06-29 12:25:00,3.2356,3.2356,3.2286,3.2306,3.2406,3.2406,3.2336,3.2356,14
2026-06-29 12:26:00,3.2301,3.2306,3.2296,3.2306,3.2351,3.2356,3.2346,3.2356,3
2026-06-29 12:27:00,3.2296,3.2316,3.2296,3.2306,3.2346,3.2366,3.2346,3.2356,9
2026-06-29 12:28:00,3.2316,3.2316,3.2316,3.2316,3.2366,3.2366,3.2366,3.2366,1
2026-06-29 12:29:00,3.2306,3.2336,3.2306,3.2326,3.2356,3.2386,3.2356,3.2376,12
2026-06-29 12:30:00,3.2316,3.2326,3.2316,3.2326,3.2366,3.2376,3.2366,3.2376,7
2026-06-29 12:31:00,3.2336,3.2356,3.2336,3.2351,3.2386,3.2406,3.2386,3.2401,9
2026-06-29 12:32:00,3.2356,3.2356,3.2346,3.2346,3.2406,3.2406,3.2396,3.2396,6
2026-06-29 12:34:00,3.2336,3.2346,3.2336,3.2346,3.2386,3.2396,3.2386,3.2396,2
2026-06-29 12:36:00,3.2356,3.2376,3.2356,3.2366,3.2406,3.2426,3.2406,3.2416,5
2026-06-29 12:37:00,3.2361,3.2376,3.2356,3.2361,3.2411,3.2426,3.2406,3.2411,12
2026-06-29 12:38:00,3.2356,3.2366,3.2356,3.2361,3.2406,3.2416,3.2406,3.2411,6
2026-06-29 12:39:00,3.2366,3.2366,3.2366,3.2366,3.2416,3.2416,3.2416,3.2416,1
2026-06-29 12:40:00,3.2356,3.2356,3.2356,3.2356,3.2406,3.2406,3.2406,3.2406,1
2026-06-29 12:41:00,3.2346,3.2346,3.2336,3.2336,3.2396,3.2396,3.2386,3.2386,11
2026-06-29 12:43:00,3.2346,3.2346,3.2346,3.2346,3.2396,3.2396,3.2396,3.2396,1
2026-06-29 12:44:00,3.2336,3.2376,3.2336,3.2376,3.2386,3.2426,3.2386,3.2426,5
2026-06-29 12:45:00,3.2386,3.2406,3.2386,3.2396,3.2436,3.2456,3.2436,3.2446,16
2026-06-29 12:46:00,3.2406,3.2406,3.2386,3.2396,3.2456,3.2456,3.2436,3.2446,4
2026-06-29 12:47:00,3.2406,3.2416,3.2396,3.2396,3.2456,3.2466,3.2446,3.2446,8
2026-06-29 12:48:00,3.2386,3.2396,3.2376,3.2391,3.2436,3.2446,3.2426,3.2441,6
2026-06-29 12:49:00,3.2386,3.2396,3.2386,3.2396,3.2436,3.2446,3.2436,3.2446,3
2026-06-29 12:50:00,3.2386,3.2406,3.2386,3.2396,3.2436,3.2456,3.2436,3.2446,5
2026-06-29 12:51:00,3.2386,3.2386,3.2386,3.2386,3.2436,3.2436,3.2436,3.2436,1
2026-06-29 12:52:00,3.2376,3.2376,3.2376,3.2376,3.2426,3.2426,3.2426,3.2426,1
2026-06-29 12:55:00,3.2366,3.2366,3.2346,3.2356,3.2416,3.2416,3.2396,3.2406,8
2026-06-29 12:56:00,3.2376,3.2396,3.2376,3.2386,3.2426,3.2446,3.2426,3.2436,6
2026-06-29 12:57:00,3.2396,3.2506,3.2396,3.2486,3.2446,3.2556,3.2446,3.2536,48
2026-06-29 12:58:00,3.2481,3.2486,3.2436,3.2441,3.2531,3.2536,3.2486,3.2491,19
2026-06-29 12:59:00,3.2446,3.2526,3.2446,3.2506,3.2496,3.2576,3.2496,3.2556,24
2026-06-29 13:00:00,3.2511,3.2586,3.2496,3.2556,3.2561,3.2636,3.2546,3.2606,52
2026-06-29 13:01:00,3.2546,3.2556,3.2536,3.2546,3.2596,3.2606,3.2586,3.2596,10
2026-06-29 13:02:00,3.2556,3.2566,3.2546,3.2546,3.2606,3.2616,3.2596,3.2596,10
2026-06-29 13:03:00,3.2556,3.2566,3.2536,3.2546,3.2606,3.2616,3.2586,3.2596,14
2026-06-29 13:04:00,3.2536,3.2536,3.2516,3.2516,3.2586,3.2586,3.2566,3.2566,16
2026-06-29 13:05:00,3.2526,3.2526,3.2526,3.2526,3.2576,3.2576,3.2576,3.2576,1
2026-06-29 13:06:00,3.2516,3.2546,3.2506,3.2536,3.2566,3.2596,3.2556,3.2586,20
2026-06-29 13:07:00,3.2541,3.2546,3.2536,3.2546,3.2591,3.2596,3.2586,3.2596,4
2026-06-29 13:08:00,3.2556,3.2576,3.2556,3.2566,3.2606,3.2626,3.2606,3.2616,6
2026-06-29 13:09:00,3.2556,3.2646,3.2556,3.2636,3.2606,3.2696,3.2606,3.2686,29
2026-06-29 13:10:00,3.2646,3.2656,3.2596,3.2606,3.2696,3.2706,3.2646,3.2656,19
2026-06-29 13:11:00,3.2596,3.2606,3.2586,3.2606,3.2646,3.2656,3.2636,3.2656,12
2026-06-29 13:12:00,3.2596,3.2636,3.2596,3.2616,3.2646,3.2686,3.2646,3.2666,17
2026-06-29 13:14:00,3.2626,3.2636,3.2626,3.2636,3.2676,3.2686,3.2676,3.2686,8
2026-06-29 13:15:00,3.2646,3.2766,3.2646,3.2756,3.2696,3.2816,3.2696,3.2806,42
2026-06-29 13:16:00,3.2751,3.2816,3.2736,3.2736,3.2801,3.2866,3.2786,3.2786,34
2026-06-29 13:17:00,3.2726,3.2736,3.2696,3.2696,3.2776,3.2786,3.2746,3.2746,41
2026-06-29 13:18:00,3.2706,3.2706,3.2656,3.2666,3.2756,3.2756,3.2706,3.2716,41
2026-06-29 13:19:00,3.2676,3.2676,3.2646,3.2646,3.2726,3.2726,3.2696,3.2696,20
2026-06-29 13:20:00,3.2656,3.2656,3.2646,3.2656,3.2706,3.2706,3.2696,3.2706,18
2026-06-29 13:21:00,3.2661,3.2706,3.2656,3.2656,3.2711,3.2756,3.2706,3.2706,30
2026-06-29 13:22:00,3.2646,3.2656,3.2626,3.2626,3.2696,3.2706,3.2676,3.2676,8
2026-06-29 13:23:00,3.2611,3.2636,3.2576,3.2576,3.2661,3.2686,3.2626,3.2626,45
2026-06-29 13:24:00,3.2581,3.2656,3.2576,3.2626,3.2631,3.2706,3.2626,3.2676,28
2026-06-29 13:25:00,3.2621,3.2621,3.2606,3.2606,3.2671,3.2671,3.2656,3.2656,18
2026-06-29 13:26:00,3.2611,3.2626,3.2576,3.2616,3.2661,3.2676,3.2626,3.2666,23
2026-06-29 13:27:00,3.2626,3.2666,3.2626,3.2666,3.2676,3.2716,3.2676,3.2716,15
2026-06-29 13:28:00,3.2656,3.2666,3.2626,3.2626,3.2706,3.2716,3.2676,3.2676,12
2026-06-29 13:29:00,3.2621,3.2621,3.2606,3.2606,3.2671,3.2671,3.2656,3.2656,2
2026-06-29 13:30:00,3.2596,3.2596,3.2596,3.2596,3.2646,3.2646,3.2646,3.2646,1
2026-06-29 13:31:00,3.2591,3.2596,3.2516,3.2546,3.2641,3.2646,3.2566,3.2596,61
2026-06-29 13:32:00,3.2536,3.2541,3.2526,3.2536,3.2586,3.2591,3.2576,3.2586,8
2026-06-29 13:33:00,3.2546,3.2566,3.2546,3.2556,3.2596,3.2616,3.2596,3.2606,4
2026-06-29 13:34:00,3.2546,3.2576,3.2546,3.2546,3.2596,3.2626,3.2596,3.2596,13
2026-06-29 13:35:00,3.2556,3.2566,3.2546,3.2546,3.2606,3.2616,3.2596,3.2596,6
2026-06-29 13:36:00,3.2551,3.2556,3.2446,3.2466,3.2601,3.2606,3.2496,3.2516,42
2026-06-29 13:37:00,3.2456,3.2461,3.2416,3.2436,3.2506,3.2511,3.2466,3.2486,22
2026-06-29 13:38:00,3.2446,3.2461,3.2436,3.2456,3.2496,3.2511,3.2486,3.2506,7
2026-06-29 13:39:00,3.2446,3.2446,3.2446,3.2446,3.2496,3.2496,3.2496,3.2496,1
2026-06-29 13:40:00,3.2456,3.2456,3.2406,3.2446,3.2506,3.2506,3.2456,3.2496,25
2026-06-29 13:41:00,3.2436,3.2456,3.2416,3.2436,3.2486,3.2506,3.2466,3.2486,15
2026-06-29 13:42:00,3.2431,3.2446,3.2416,3.2441,3.2481,3.2496,3.2466,3.2491,8
2026-06-29 13:43:00,3.2446,3.2446,3.2426,3.2436,3.2496,3.2496,3.2476,3.2486,6
2026-06-29 13:44:00,3.2431,3.2431,3.2376,3.2386,3.2481,3.2481,3.2426,3.2436,17
2026-06-29 13:45:00,3.2376,3.2406,3.2376,3.2406,3.2426,3.2456,3.2426,3.2456,4
2026-06-29 13:46:00,3.2396,3.2406,3.2396,3.2396,3.2446,3.2456,3.2446,3.2446,3
2026-06-29 13:47:00,3.2391,3.2396,3.2356,3.2356,3.2441,3.2446,3.2406,3.2406,34
2026-06-29 13:48:00,3.2366,3.2406,3.2366,3.2376,3.2416,3.2456,3.2416,3.2426,16
2026-06-29 13:49:00,3.2366,3.2376,3.2286,3.2286,3.2416,3.2426,3.2336,3.2336,20
2026-06-29 13:50:00,3.2291,3.2336,3.2276,3.2336,3.2341,3.2386,3.2326,3.2386,41
2026-06-29 13:51:00,3.2331,3.2331,3.2306,3.2306,3.2381,3.2381,3.2356,3.2356,16
2026-06-29 13:52:00,3.2296,3.2311,3.2246,3.2246,3.2346,3.2361,3.2296,3.2296,23
2026-06-29 13:53:00,3.2236,3.2236,3.2116,3.2136,3.2286,3.2286,3.2166,3.2186,64
2026-06-29 13:54:00,3.2146,3.2186,3.2131,3.2176,3.2196,3.2236,3.2181,3.2226,41
2026-06-29 13:55:00,3.2171,3.2211,3.2166,3.2186,3.2221,3.2261,3.2216,3.2236,35
2026-06-29 13:56:00,3.2176,3.2216,3.2126,3.2136,3.2226,3.2266,3.2176,3.2186,58
2026-06-29 13:57:00,3.2126,3.2186,3.2126,3.2186,3.2176,3.2236,3.2176,3.2236,43
2026-06-29 13:58:00,3.2181,3.2186,3.2146,3.2146,3.2231,3.2236,3.2196,3.2196,22
2026-06-29 13:59:00,3.2151,3.2206,3.2146,3.2156,3.2201,3.2256,3.2196,3.2206,50
2026-06-29 14:00:00,3.2146,3.2296,3.2146,3.2256,3.2196,3.2346,3.2196,3.2306,95
2026-06-29 14:01:00,3.2246,3.2376,3.2206,3.2276,3.2296,3.2426,3.2256,3.2326,82
2026-06-29 14:02:00,3.2266,3.2286,3.2246,3.2246,3.2316,3.2336,3.2296,3.2296,21
2026-06-29 14:03:00,3.2236,3.2296,3.2206,3.2291,3.2286,3.2346,3.2256,3.2341,53
2026-06-29 14:04:00,3.2286,3.2286,3.2211,3.2211,3.2336,3.2336,3.2261,3.2261,42
2026-06-29 14:05:00,3.2206,3.2216,3.2186,3.2186,3.2256,3.2266,3.2236,3.2236,32
2026-06-29 14:06:00,3.2176,3.2226,3.2146,3.2226,3.2226,3.2276,3.2196,3.2276,47
2026-06-29 14:07:00,3.2231,3.2256,3.2196,3.2236,3.2281,3.2306,3.2246,3.2286,49
2026-06-29 14:08:00,3.2231,3.2241,3.2196,3.2226,3.2281,3.2291,3.2246,3.2276,75
2026-06-29 14:09:00,3.2231,3.2231,3.2146,3.2191,3.2281,3.2281,3.2196,3.2241,62
2026-06-29 14:10:00,3.2186,3.2226,3.2166,3.2186,3.2236,3.2276,3.2216,3.2236,48
2026-06-29 14:11:00,3.2176,3.2196,3.2176,3.2176,3.2226,3.2246,3.2226,3.2226,20
2026-06-29 14:12:00,3.2166,3.2176,3.2136,3.2166,3.2216,3.2226,3.2186,3.2216,37
2026-06-29 14:13:00,3.2171,3.2171,3.2126,3.2146,3.2221,3.2221,3.2176,3.2196,26
2026-06-29 14:14:00,3.2136,3.2196,3.2136,3.2196,3.2186,3.2246,3.2186,3.2246,21
2026-06-29 14:15:00,3.2201,3.2306,3.2196,3.2296,3.2251,3.2356,3.2246,3.2346,41
2026-06-29 14:16:00,3.2306,3.2311,3.2246,3.2296,3.2356,3.2361,3.2296,3.2346,48
2026-06-29 14:17:00,3.2291,3.2291,3.2216,3.2226,3.2341,3.2341,3.2266,3.2276,28
2026-06-29 14:18:00,3.2236,3.2261,3.2216,3.2236,3.2286,3.2311,3.2266,3.2286,32
2026-06-29 14:19:00,3.2241,3.2266,3.2231,3.2231,3.2291,3.2316,3.2281,3.2281,33
2026-06-29 14:20:00,3.2226,3.2306,3.2226,3.2261,3.2276,3.2356,3.2276,3.2311,38
2026-06-29 14:21:00,3.2256,3.2286,3.2236,3.2256,3.2306,3.2336,3.2286,3.2306,20
2026-06-29 14:22:00,3.2266,3.2266,3.2216,3.2231,3.2316,3.2316,3.2266,3.2281,27
2026-06-29 14:23:00,3.2226,3.2231,3.2176,3.2176,3.2276,3.2281,3.2226,3.2226,40
2026-06-29 14:24:00,3.2186,3.2186,3.2136,3.2186,3.2236,3.2236,3.2186,3.2236,37
2026-06-29 14:25:00,3.2176,3.2186,3.2146,3.2176,3.2226,3.2236,3.2196,3.2226,24
2026-06-29 14:26:00,3.2171,3.2176,3.2096,3.2111,3.2221,3.2226,3.2146,3.2161,57
2026-06-29 14:27:00,3.2106,3.2116,3.2036,3.2096,3.2156,3.2166,3.2086,3.2146,65
2026-06-29 14:28:00,3.2091,3.2096,3.2046,3.2066,3.2141,3.2146,3.2096,3.2116,17
2026-06-29 14:29:00,3.2061,3.2086,3.2036,3.2051,3.2111,3.2136,3.2086,3.2101,27
2026-06-29 14:30:00,3.2046,3.2056,3.1986,3.2016,3.2096,3.2106,3.2036,3.2066,71
2026-06-29 14:31:00,3.2026,3.2036,3.1986,3.1996,3.2076,3.2086,3.2036,3.2046,46
2026-06-29 14:32:00,3.1991,3.2006,3.1936,3.1936,3.2041,3.2056,3.1986,3.1986,47
2026-06-29 14:33:00,3.1946,3.1946,3.1886,3.1916,3.1996,3.1996,3.1936,3.1966,73
2026-06-29 14:34:00,3.1911,3.2006,3.1896,3.1946,3.1961,3.2056,3.1946,3.1996,46
2026-06-29 14:35:00,3.1936,3.1976,3.1936,3.1936,3.1986,3.2026,3.1986,3.1986,26
2026-06-29 14:36:00,3.1926,3.1936,3.1886,3.1896,3.1976,3.1986,3.1936,3.1946,22
2026-06-29 14:37:00,3.1906,3.1906,3.1886,3.1896,3.1956,3.1956,3.1936,3.1946,41
2026-06-29 14:38:00,3.1886,3.1896,3.1846,3.1856,3.1936,3.1946,3.1896,3.1906,44
2026-06-29 14:39:00,3.1866,3.1876,3.1786,3.1796,3.1916,3.1926,3.1836,3.1846,57
2026-06-29 14:40:00,3.1786,3.1866,3.1766,3.1866,3.1836,3.1916,3.1816,3.1916,47
2026-06-29 14:41:00,3.1876,3.1926,3.1866,3.1876,3.1926,3.1976,3.1916,3.1926,43
2026-06-29 14:42:00,3.1886,3.1916,3.1876,3.1896,3.1936,3.1966,3.1926,3.1946,26
2026-06-29 14:43:00,3.1891,3.1896,3.1876,3.1876,3.1941,3.1946,3.1926,3.1926,25
2026-06-29 14:44:00,3.1866,3.1876,3.1856,3.1866,3.1916,3.1926,3.1906,3.1916,17
2026-06-29 14:45:00,3.1856,3.1916,3.1846,3.1866,3.1906,3.1966,3.1896,3.1916,26
2026-06-29 14:46:00,3.1876,3.1956,3.1876,3.1926,3.1926,3.2006,3.1926,3.1976,70
2026-06-29 14:47:00,3.1911,3.1966,3.1886,3.1956,3.1961,3.2016,3.1936,3.2006,29
2026-06-29 14:48:00,3.1946,3.2011,3.1916,3.1926,3.1996,3.2061,3.1966,3.1976,61
2026-06-29 14:49:00,3.1916,3.1976,3.1916,3.1951,3.1966,3.2026,3.1966,3.2001,41
2026-06-29 14:50:00,3.1946,3.1946,3.1906,3.1906,3.1996,3.1996,3.1956,3.1956,12
2026-06-29 14:51:00,3.1896,3.1916,3.1866,3.1891,3.1946,3.1966,3.1916,3.1941,37
2026-06-29 14:52:00,3.1886,3.1906,3.1856,3.1876,3.1936,3.1956,3.1906,3.1926,43
2026-06-29 14:53:00,3.1866,3.1896,3.1856,3.1856,3.1916,3.1946,3.1906,3.1906,22
2026-06-29 14:54:00,3.1836,3.1866,3.1826,3.1831,3.1886,3.1916,3.1876,3.1881,69
2026-06-29 14:55:00,3.1836,3.1911,3.1806,3.1806,3.1886,3.1961,3.1856,3.1856,70
2026-06-29 14:56:00,3.1796,3.1856,3.1776,3.1846,3.1846,3.1906,3.1826,3.1896,40
2026-06-29 14:57:00,3.1836,3.1836,3.1791,3.1806,3.1886,3.1886,3.1841,3.1856,50
2026-06-29 14:58:00,3.1796,3.1816,3.1776,3.1816,3.1846,3.1866,3.1826,3.1866,44
2026-06-29 14:59:00,3.1826,3.1876,3.1786,3.1791,3.1876,3.1926,3.1836,3.1841,89
2026-06-29 15:00:00,3.1801,3.1801,3.1726,3.1756,3.1851,3.1851,3.1776,3.1806,84
2026-06-29 15:01:00,3.1766,3.1776,3.1726,3.1736,3.1816,3.1826,3.1776,3.1786,65
2026-06-29 15:02:00,3.1726,3.1726,3.1666,3.1686,3.1776,3.1776,3.1716,3.1736,59
2026-06-29 15:03:00,3.1696,3.1716,3.1646,3.1686,3.1746,3.1766,3.1696,3.1736,104
2026-06-29 15:04:00,3.1676,3.1716,3.1641,3.1646,3.1726,3.1766,3.1691,3.1696,85
2026-06-29 15:05:00,3.1641,3.1656,3.1596,3.1631,3.1691,3.1706,3.1646,3.1681,86
2026-06-29 15:06:00,3.1636,3.1641,3.1606,3.1606,3.1686,3.1691,3.1656,3.1656,47
2026-06-29 15:07:00,3.1596,3.1666,3.1586,3.1626,3.1646,3.1716,3.1636,3.1676,46
2026-06-29 15:08:00,3.1616,3.1641,3.1596,3.1606,3.1666,3.1691,3.1646,3.1656,66
2026-06-29 15:09:00,3.1596,3.1626,3.1576,3.1581,3.1646,3.1676,3.1626,3.1631,44
2026-06-29 15:10:00,3.1576,3.1656,3.1576,3.1626,3.1626,3.1706,3.1626,3.1676,73
2026-06-29 15:11:00,3.1631,3.1636,3.1606,3.1616,3.1681,3.1686,3.1656,3.1666,44
2026-06-29 15:12:00,3.1606,3.1636,3.1606,3.1611,3.1656,3.1686,3.1656,3.1661,22
2026-06-29 15:13:00,3.1606,3.1626,3.1566,3.1596,3.1656,3.1676,3.1616,3.1646,62
2026-06-29 15:14:00,3.1586,3.1606,3.1586,3.1606,3.1636,3.1656,3.1636,3.1656,37
2026-06-29 15:15:00,3.1611,3.1626,3.1596,3.1626,3.1661,3.1676,3.1646,3.1676,52
2026-06-29 15:16:00,3.1616,3.1616,3.1576,3.1586,3.1666,3.1666,3.1626,3.1636,69
2026-06-29 15:17:00,3.1581,3.1646,3.1576,3.1636,3.1631,3.1696,3.1626,3.1686,29
2026-06-29 15:18:00,3.1646,3.1726,3.1636,3.1656,3.1696,3.1776,3.1686,3.1706,45
2026-06-29 15:19:00,3.1646,3.1656,3.1616,3.1626,3.1696,3.1706,3.1666,3.1676,41
2026-06-29 15:20:00,3.1621,3.1636,3.1616,3.1626,3.1671,3.1686,3.1666,3.1676,70
2026-06-29 15:21:00,3.1621,3.1636,3.1606,3.1626,3.1671,3.1686,3.1656,3.1676,59
2026-06-29 15:22:00,3.1616,3.1676,3.1616,3.1661,3.1666,3.1726,3.1666,3.1711,91
2026-06-29 15:23:00,3.1651,3.1656,3.1616,3.1636,3.1701,3.1706,3.1666,3.1686,47
2026-06-29 15:24:00,3.1631,3.1696,3.1626,3.1696,3.1681,3.1746,3.1676,3.1746,45
2026-06-29 15:25:00,3.1706,3.1796,3.1696,3.1791,3.1756,3.1846,3.1746,3.1841,50
2026-06-29 15:26:00,3.1786,3.1836,3.1756,3.1826,3.1836,3.1886,3.1806,3.1876,67
2026-06-29 15:27:00,3.1801,3.1801,3.1766,3.1786,3.1851,3.1851,3.1816,3.1836,42
2026-06-29 15:28:00,3.1796,3.1816,3.1776,3.1816,3.1846,3.1866,3.1826,3.1866,21
2026-06-29 15:29:00,3.1806,3.1846,3.1806,3.1846,3.1856,3.1896,3.1856,3.1896,29
2026-06-29 15:30:00,3.1851,3.1876,3.1826,3.1876,3.1901,3.1926,3.1876,3.1926,53
2026-06-29 15:31:00,3.1886,3.1916,3.1876,3.1896,3.1936,3.1966,3.1926,3.1946,58
2026-06-29 15:32:00,3.1876,3.1886,3.1816,3.1826,3.1926,3.1936,3.1866,3.1876,16
2026-06-29 15:33:00,3.1836,3.1846,3.1836,3.1846,3.1886,3.1896,3.1886,3.1896,13
2026-06-29 15:34:00,3.1896,3.1906,3.1851,3.1866,3.1906,3.1956,3.1901,3.1916,14
2026-06-29 15:35:00,3.1906,3.1906,3.1886,3.1896,3.1956,3.1956,3.1936,3.1946,7
2026-06-29 15:36:00,3.1866,3.1866,3.1816,3.1836,3.1916,3.1916,3.1866,3.1886,21
2026-06-29 15:37:00,3.1846,3.1856,3.1826,3.1836,3.1886,3.1916,3.1876,3.1886,29
2026-06-29 15:38:00,3.1846,3.1926,3.1846,3.1926,3.1896,3.1996,3.1896,3.1976,38
2026-06-29 15:39:00,3.1906,3.1906,3.1856,3.1876,3.1966,3.1966,3.1906,3.1926,16
2026-06-29 15:40:00,3.1886,3.1886,3.1846,3.1866,3.1936,3.1936,3.1896,3.1916,14
2026-06-29 15:41:00,3.1856,3.1866,3.1811,3.1816,3.1896,3.1896,3.1861,3.1866,21
2026-06-29 15:42:00,3.1806,3.1816,3.1776,3.1806,3.1856,3.1866,3.1826,3.1856,22
2026-06-29 15:43:00,3.1816,3.1826,3.1806,3.1826,3.1866,3.1876,3.1856,3.1876,23
2026-06-29 15:44:00,3.1826,3.1846,3.1816,3.1826,3.1876,3.1896,3.1866,3.1876,29
2026-06-29 15:45:00,3.1821,3.1826,3.1806,3.1826,3.1886,3.1886,3.1856,3.1876,38
2026-06-29 15:46:00,3.1821,3.1866,3.1796,3.1846,3.1876,3.1916,3.1846,3.1896,82
2026-06-29 15:47:00,3.1856,3.1906,3.1856,3.1866,3.1906,3.1956,3.1906,3.1916,75
2026-06-29 15:48:00,3.1861,3.1866,3.1836,3.1851,3.1911,3.1916,3.1886,3.1901,42
2026-06-29 15:49:00,3.1866,3.1886,3.1856,3.1866,3.1916,3.1936,3.1906,3.1916,21
2026-06-29 15:50:00,3.1876,3.1886,3.1866,3.1876,3.1926,3.1936,3.1916,3.1931,14
2026-06-29 15:51:00,3.1886,3.1896,3.1836,3.1846,3.1936,3.1946,3.1886,3.1896,29
2026-06-29 15:52:00,3.1851,3.1856,3.1841,3.1856,3.1901,3.1906,3.1891,3.1906,14
2026-06-29 15:53:00,3.1856,3.1866,3.1836,3.1846,3.1906,3.1916,3.1886,3.1896,27
2026-06-29 15:54:00,3.1836,3.1846,3.1806,3.1816,3.1896,3.1896,3.1856,3.1866,23
2026-06-29 15:55:00,3.1821,3.1836,3.1811,3.1836,3.1871,3.1886,3.1861,3.1886,52
2026-06-29 15:56:00,3.1836,3.1841,3.1826,3.1826,3.1886,3.1891,3.1876,3.1876,44
2026-06-29 15:57:00,3.1836,3.1846,3.1806,3.1806,3.1886,3.1896,3.1856,3.1856,72
2026-06-29 15:58:00,3.1791,3.1806,3.1786,3.1786,3.1841,3.1856,3.1826,3.1836,14
2026-06-29 15:59:00,3.1776,3.1786,3.1741,3.1746,3.1826,3.1836,3.1791,3.1796,18
2026-06-29 16:00:00,3.1726,3.1776,3.1726,3.1776,3.1816,3.1826,3.1816,3.1826,6
2026-06-29 16:01:00,3.1776,3.1776,3.1746,3.1766,3.1821,3.1826,3.1796,3.1816,32
2026-06-29 16:02:00,3.1776,3.1776,3.1766,3.1766,3.1826,3.1826,3.1816,3.1816,42
2026-06-29 16:03:00,3.1766,3.1816,3.1766,3.1786,3.1816,3.1866,3.1816,3.1836,40
2026-06-29 16:04:00,3.1791,3.1791,3.1756,3.1756,3.1841,3.1841,3.1806,3.1816,22
2026-06-29 16:05:00,3.1756,3.1776,3.1756,3.1756,3.1806,3.1826,3.1806,3.1806,32
2026-06-29 16:06:00,3.1766,3.1786,3.1746,3.1751,3.1816,3.1836,3.1796,3.1801,40
2026-06-29 16:07:00,3.1751,3.1751,3.1746,3.1746,3.1796,3.1806,3.1796,3.1806,4
2026-06-29 16:08:00,3.1756,3.1776,3.1746,3.1766,3.1806,3.1826,3.1796,3.1816,28
2026-06-29 16:09:00,3.1756,3.1756,3.1736,3.1736,3.1796,3.1796,3.1786,3.1786,18
2026-06-29 16:10:00,3.1746,3.1756,3.1741,3.1756,3.1796,3.1806,3.1791,3.1806,6
2026-06-29 16:11:00,3.1746,3.1776,3.1746,3.1776,3.1796,3.1826,3.1796,3.1826,50
2026-06-29 16:12:00,3.1771,3.1796,3.1771,3.1776,3.1836,3.1846,3.1826,3.1826,43
2026-06-29 16:13:00,3.1771,3.1786,3.1766,3.1776,3.1821,3.1836,3.1816,3.1826,13
2026-06-29 16:14:00,3.1786,3.1836,3.1786,3.1806,3.1846,3.1866,3.1836,3.1856,27
2026-06-29 16:15:00,3.1791,3.1791,3.1766,3.1766,3.1841,3.1841,3.1816,3.1836,19
2026-06-29 16:16:00,3.1761,3.1806,3.1741,3.1796,3.1811,3.1856,3.1796,3.1846,47
2026-06-29 16:17:00,3.1781,3.1786,3.1771,3.1776,3.1836,3.1836,3.1826,3.1826,12
2026-06-29 16:18:00,3.1766,3.1786,3.1751,3.1776,3.1816,3.1836,3.1801,3.1826,45
2026-06-29 16:19:00,3.1771,3.1776,3.1726,3.1756,3.1821,3.1826,3.1776,3.1806,22
2026-06-29 16:20:00,3.1746,3.1816,3.1746,3.1786,3.1796,3.1866,3.1796,3.1836,30
2026-06-29 16:21:00,3.1786,3.1796,3.1766,3.1766,3.1826,3.1846,3.1816,3.1816,12
2026-06-29 16:22:00,3.1776,3.1776,3.1726,3.1736,3.1826,3.1826,3.1776,3.1786,8
2026-06-29 16:23:00,3.1716,3.1736,3.1686,3.1736,3.1766,3.1776,3.1736,3.1766,24
2026-06-29 16:24:00,3.1726,3.1736,3.1716,3.1726,3.1776,3.1786,3.1771,3.1776,11
2026-06-29 16:25:00,3.1726,3.1731,3.1696,3.1696,3.1776,3.1781,3.1746,3.1746,14
2026-06-29 16:26:00,3.1706,3.1706,3.1676,3.1681,3.1756,3.1756,3.1726,3.1736,28
2026-06-29 16:27:00,3.1696,3.1706,3.1676,3.1686,3.1746,3.1756,3.1726,3.1736,22
2026-06-29 16:28:00,3.1676,3.1726,3.1666,3.1716,3.1726,3.1776,3.1716,3.1766,38
2026-06-29 16:29:00,3.1711,3.1716,3.1696,3.1716,3.1761,3.1766,3.1746,3.1766,17
2026-06-29 16:30:00,3.1711,3.1716,3.1676,3.1676,3.1761,3.1766,3.1716,3.1726,10
2026-06-29 16:31:00,3.1656,3.1656,3.1596,3.1596,3.1706,3.1706,3.1646,3.1646,51
2026-06-29 16:32:00,3.1586,3.1636,3.1586,3.1626,3.1636,3.1656,3.1636,3.1656,102
2026-06-29 16:33:00,3.1621,3.1656,3.1616,3.1626,3.1671,3.1706,3.1666,3.1676,22
2026-06-29 16:34:00,3.1616,3.1656,3.1606,3.1626,3.1666,3.1706,3.1656,3.1676,54
2026-06-29 16:35:00,3.1616,3.1626,3.1586,3.1606,3.1666,3.1676,3.1636,3.1656,27
2026-06-29 16:36:00,3.1616,3.1616,3.1606,3.1606,3.1661,3.1666,3.1656,3.1656,14
2026-06-29 16:37:00,3.1616,3.1616,3.1586,3.1586,3.1666,3.1666,3.1636,3.1636,32
2026-06-29 16:38:00,3.1576,3.1576,3.1536,3.1576,3.1626,3.1626,3.1586,3.1626,55
2026-06-29 16:39:00,3.1581,3.1596,3.1576,3.1596,3.1631,3.1646,3.1626,3.1646,6
2026-06-29 16:40:00,3.1586,3.1596,3.1566,3.1586,3.1636,3.1646,3.1616,3.1636,30
2026-06-29 16:41:00,3.1596,3.1596,3.1586,3.1586,3.1646,3.1646,3.1636,3.1636,20
2026-06-29 16:42:00,3.1581,3.1596,3.1581,3.1586,3.1631,3.1646,3.1631,3.1636,8
2026-06-29 16:43:00,3.1596,3.1616,3.1576,3.1616,3.1646,3.1666,3.1626,3.1666,11
2026-06-29 16:44:00,3.1626,3.1626,3.1596,3.1616,3.1676,3.1676,3.1646,3.1666,18
2026-06-29 16:45:00,3.1606,3.1646,3.1606,3.1631,3.1656,3.1696,3.1656,3.1681,35
2026-06-29 16:46:00,3.1626,3.1636,3.1606,3.1606,3.1676,3.1686,3.1656,3.1656,17
2026-06-29 16:47:00,3.1616,3.1616,3.1581,3.1596,3.1666,3.1666,3.1631,3.1646,7
2026-06-29 16:48:00,3.1591,3.1606,3.1586,3.1596,3.1641,3.1656,3.1636,3.1646,14
2026-06-29 16:49:00,3.1586,3.1596,3.1576,3.1596,3.1636,3.1646,3.1626,3.1646,13
2026-06-29 16:50:00,3.1586,3.1646,3.1581,3.1636,3.1636,3.1656,3.1631,3.1646,33
2026-06-29 16:51:00,3.1646,3.1656,3.1626,3.1636,3.1696,3.1706,3.1676,3.1686,28
2026-06-29 16:52:00,3.1626,3.1636,3.1626,3.1636,3.1676,3.1686,3.1676,3.1686,8
2026-06-29 16:53:00,3.1626,3.1646,3.1606,3.1616,3.1676,3.1696,3.1656,3.1666,29
2026-06-29 16:54:00,3.1621,3.1636,3.1616,3.1626,3.1671,3.1686,3.1666,3.1676,18
2026-06-29 16:55:00,3.1621,3.1626,3.1616,3.1626,3.1671,3.1676,3.1666,3.1676,3
2026-06-29 16:56:00,3.1616,3.1636,3.1596,3.1626,3.1666,3.1686,3.1646,3.1676,31
2026-06-29 16:57:00,3.1636,3.1636,3.1616,3.1616,3.1686,3.1686,3.1666,3.1666,13
2026-06-29 16:58:00,3.1611,3.1611,3.1586,3.1586,3.1661,3.1661,3.1636,3.1636,6
2026-06-29 16:59:00,3.1576,3.1606,3.1571,3.1606,3.1626,3.1656,3.1621,3.1656,6
2026-06-29 17:00:00,3.1616,3.1666,3.1616,3.1666,3.1666,3.1716,3.1666,3.1716,14
2026-06-29 17:01:00,3.1676,3.1676,3.1646,3.1646,3.1726,3.1726,3.1696,3.1696,14
2026-06-29 17:02:00,3.1656,3.1666,3.1646,3.1656,3.1706,3.1716,3.1696,3.1706,22
2026-06-29 17:03:00,3.1666,3.1666,3.1646,3.1656,3.1716,3.1716,3.1696,3.1706,7
2026-06-29 17:04:00,3.1666,3.1706,3.1656,3.1696,3.1711,3.1756,3.1706,3.1746,23
2026-06-29 17:05:00,3.1686,3.1706,3.1666,3.1696,3.1736,3.1756,3.1716,3.1746,14
2026-06-29 17:06:00,3.1701,3.1706,3.1666,3.1666,3.1751,3.1756,3.1716,3.1721,35
2026-06-29 17:07:00,3.1676,3.1676,3.1636,3.1636,3.1726,3.1726,3.1686,3.1686,17
2026-06-29 17:08:00,3.1646,3.1646,3.1626,3.1646,3.1696,3.1696,3.1676,3.1696,12
2026-06-29 17:09:00,3.1636,3.1636,3.1616,3.1616,3.1686,3.1686,3.1661,3.1676,5
2026-06-29 17:10:00,3.1616,3.1636,3.1616,3.1636,3.1666,3.1686,3.1666,3.1686,20
2026-06-29 17:11:00,3.1626,3.1626,3.1586,3.1601,3.1676,3.1676,3.1636,3.1651,92
2026-06-29 17:12:00,3.1606,3.1606,3.1566,3.1566,3.1656,3.1656,3.1616,3.1616,62
2026-06-29 17:13:00,3.1576,3.1586,3.1571,3.1586,3.1626,3.1636,3.1621,3.1636,12
2026-06-29 17:14:00,3.1576,3.1596,3.1576,3.1596,3.1626,3.1646,3.1626,3.1646,10
2026-06-29 17:15:00,3.1606,3.1606,3.1596,3.1606,3.1656,3.1656,3.1646,3.1656,26
2026-06-29 17:16:00,3.1616,3.1616,3.1596,3.1596,3.1666,3.1666,3.1646,3.1646,28
2026-06-29 17:17:00,3.1606,3.1606,3.1596,3.1601,3.1656,3.1656,3.1646,3.1651,27
2026-06-29 17:18:00,3.1606,3.1606,3.1566,3.1566,3.1656,3.1656,3.1616,3.1616,21
2026-06-29 17:19:00,3.1576,3.1596,3.1556,3.1556,3.1626,3.1646,3.1606,3.1606,18
2026-06-29 17:20:00,3.1566,3.1586,3.1546,3.1566,3.1616,3.1636,3.1596,3.1616,15
2026-06-29 17:21:00,3.1576,3.1576,3.1566,3.1566,3.1626,3.1626,3.1616,3.1616,31
2026-06-29 17:22:00,3.1571,3.1606,3.1571,3.1601,3.1621,3.1656,3.1621,3.1651,9
2026-06-29 17:23:00,3.1596,3.1596,3.1596,3.1596,3.1646,3.1646,3.1646,3.1646,1
2026-06-29 17:24:00,3.1586,3.1606,3.1576,3.1576,3.1636,3.1656,3.1626,3.1626,16
2026-06-29 17:25:00,3.1581,3.1606,3.1576,3.1596,3.1631,3.1656,3.1626,3.1646,12
2026-06-29 17:26:00,3.1606,3.1626,3.1596,3.1616,3.1656,3.1676,3.1646,3.1666,30
2026-06-29 17:27:00,3.1626,3.1626,3.1596,3.1596,3.1676,3.1676,3.1646,3.1646,17
2026-06-29 17:28:00,3.1606,3.1606,3.1596,3.1606,3.1656,3.1656,3.1646,3.1656,3
2026-06-29 17:29:00,3.1616,3.1626,3.1606,3.1616,3.1666,3.1676,3.1656,3.1666,14
2026-06-29 17:30:00,3.1606,3.1616,3.1586,3.1611,3.1656,3.1666,3.1636,3.1661,23
2026-06-29 17:31:00,3.1616,3.1621,3.1596,3.1616,3.1666,3.1671,3.1646,3.1666,45
2026-06-29 17:32:00,3.1606,3.1636,3.1606,3.1636,3.1656,3.1686,3.1656,3.1686,6
2026-06-29 17:33:00,3.1631,3.1636,3.1596,3.1596,3.1681,3.1686,3.1646,3.1646,23
2026-06-29 17:34:00,3.1606,3.1616,3.1591,3.1606,3.1656,3.1666,3.1641,3.1656,10
2026-06-29 17:35:00,3.1616,3.1626,3.1616,3.1626,3.1666,3.1676,3.1666,3.1676,8
2026-06-29 17:36:00,3.1636,3.1636,3.1616,3.1626,3.1686,3.1686,3.1666,3.1676,32
2026-06-29 17:37:00,3.1636,3.1636,3.1626,3.1626,3.1686,3.1686,3.1676,3.1676,10
2026-06-29 17:38:00,3.1636,3.1646,3.1626,3.1636,3.1686,3.1696,3.1676,3.1686,7
2026-06-29 17:39:00,3.1626,3.1656,3.1626,3.1651,3.1676,3.1706,3.1676,3.1701,26
2026-06-29 17:40:00,3.1646,3.1646,3.1616,3.1636,3.1696,3.1696,3.1666,3.1686,21
2026-06-29 17:41:00,3.1626,3.1631,3.1596,3.1601,3.1676,3.1681,3.1646,3.1651,33
2026-06-29 17:42:00,3.1606,3.1616,3.1596,3.1606,3.1656,3.1666,3.1646,3.1656,11
2026-06-29 17:43:00,3.1616,3.1616,3.1616,3.1616,3.1666,3.1666,3.1666,3.1666,1
2026-06-29 17:44:00,3.1626,3.1666,3.1626,3.1666,3.1676,3.1716,3.1676,3.1716,16
2026-06-29 17:45:00,3.1676,3.1686,3.1666,3.1686,3.1726,3.1736,3.1716,3.1736,20
2026-06-29 17:46:00,3.1681,3.1696,3.1676,3.1676,3.1731,3.1746,3.1726,3.1726,18
2026-06-29 17:47:00,3.1686,3.1726,3.1686,3.1716,3.1736,3.1776,3.1736,3.1766,16
2026-06-29 17:48:00,3.1726,3.1726,3.1666,3.1666,3.1776,3.1776,3.1716,3.1716,22
2026-06-29 17:49:00,3.1656,3.1666,3.1656,3.1656,3.1706,3.1716,3.1706,3.1706,3
2026-06-29 17:50:00,3.1646,3.1656,3.1626,3.1636,3.1696,3.1706,3.1676,3.1686,15
2026-06-29 17:51:00,3.1631,3.1646,3.1626,3.1646,3.1681,3.1696,3.1676,3.1696,11
2026-06-29 17:52:00,3.1656,3.1696,3.1656,3.1696,3.1706,3.1746,3.1706,3.1746,7
2026-06-29 17:53:00,3.1706,3.1706,3.1686,3.1686,3.1756,3.1756,3.1736,3.1736,19
2026-06-29 17:54:00,3.1676,3.1696,3.1676,3.1676,3.1726,3.1746,3.1726,3.1726,8
2026-06-29 17:55:00,3.1666,3.1696,3.1666,3.1696,3.1716,3.1746,3.1716,3.1746,17
2026-06-29 17:56:00,3.1691,3.1691,3.1676,3.1676,3.1741,3.1741,3.1726,3.1726,8
2026-06-29 17:57:00,3.1686,3.1696,3.1676,3.1676,3.1736,3.1746,3.1726,3.1726,11
2026-06-29 17:58:00,3.1666,3.1676,3.1656,3.1676,3.1716,3.1726,3.1706,3.1726,13
2026-06-29 17:59:00,3.1666,3.1666,3.1641,3.1646,3.1716,3.1716,3.1691,3.1696,10
2026-06-29 18:00:00,3.1656,3.1656,3.1636,3.1636,3.1706,3.1706,3.1686,3.1686,10
2026-06-29 18:01:00,3.1646,3.1656,3.1636,3.1636,3.1696,3.1706,3.1686,3.1686,10
2026-06-29 18:02:00,3.1626,3.1646,3.1606,3.1646,3.1676,3.1696,3.1656,3.1696,11
2026-06-29 18:03:00,3.1656,3.1656,3.1656,3.1656,3.1706,3.1706,3.1706,3.1706,1
2026-06-29 18:04:00,3.1666,3.1746,3.1666,3.1746,3.1716,3.1796,3.1716,3.1796,15
2026-06-29 18:05:00,3.1741,3.1741,3.1686,3.1711,3.1791,3.1791,3.1736,3.1761,28
2026-06-29 18:06:00,3.1706,3.1716,3.1706,3.1706,3.1756,3.1766,3.1756,3.1756,3
2026-06-29 18:07:00,3.1696,3.1706,3.1686,3.1696,3.1746,3.1756,3.1736,3.1746,12
2026-06-29 18:08:00,3.1706,3.1706,3.1696,3.1696,3.1756,3.1756,3.1746,3.1746,7
2026-06-29 18:09:00,3.1706,3.1716,3.1706,3.1716,3.1756,3.1766,3.1756,3.1766,2
2026-06-29 18:10:00,3.1726,3.1746,3.1726,3.1736,3.1776,3.1796,3.1776,3.1786,18
2026-06-29 18:11:00,3.1726,3.1736,3.1716,3.1716,3.1776,3.1786,3.1766,3.1766,10
2026-06-29 18:12:00,3.1706,3.1716,3.1706,3.1716,3.1756,3.1766,3.1756,3.1766,2
2026-06-29 18:13:00,3.1726,3.1746,3.1726,3.1741,3.1776,3.1796,3.1776,3.1791,9
2026-06-29 18:14:00,3.1736,3.1736,3.1716,3.1716,3.1786,3.1786,3.1766,3.1766,5
2026-06-29 18:15:00,3.1706,3.1716,3.1706,3.1716,3.1756,3.1766,3.1756,3.1766,7
2026-06-29 18:16:00,3.1706,3.1716,3.1706,3.1706,3.1756,3.1766,3.1756,3.1756,7
2026-06-29 18:17:00,3.1716,3.1726,3.1716,3.1716,3.1766,3.1776,3.1766,3.1766,7
2026-06-29 18:18:00,3.1706,3.1711,3.1706,3.1706,3.1756,3.1761,3.1756,3.1756,3
2026-06-29 18:19:00,3.1696,3.1716,3.1696,3.1716,3.1746,3.1766,3.1746,3.1766,16
2026-06-29 18:20:00,3.1706,3.1726,3.1686,3.1716,3.1756,3.1776,3.1736,3.1766,14
2026-06-29 18:21:00,3.1706,3.1716,3.1706,3.1716,3.1756,3.1766,3.1756,3.1766,4
2026-06-29 18:22:00,3.1726,3.1726,3.1706,3.1716,3.1776,3.1776,3.1756,3.1766,8
2026-06-29 18:23:00,3.1726,3.1726,3.1726,3.1726,3.1776,3.1776,3.1776,3.1776,1
2026-06-29 18:24:00,3.1736,3.1741,3.1736,3.1736,3.1786,3.1791,3.1786,3.1786,3
2026-06-29 18:25:00,3.1726,3.1726,3.1716,3.1716,3.1776,3.1776,3.1766,3.1766,2
2026-06-29 18:26:00,3.1726,3.1746,3.1726,3.1741,3.1776,3.1796,3.1776,3.1791,6
2026-06-29 18:27:00,3.1746,3.1756,3.1726,3.1746,3.1796,3.1806,3.1776,3.1796,7
2026-06-29 18:28:00,3.1756,3.1756,3.1736,3.1746,3.1806,3.1806,3.1786,3.1796,4
2026-06-29 18:29:00,3.1756,3.1756,3.1736,3.1736,3.1806,3.1806,3.1786,3.1786,3
2026-06-29 18:30:00,3.1741,3.1741,3.1726,3.1726,3.1791,3.1791,3.1776,3.1776,12
2026-06-29 18:31:00,3.1736,3.1736,3.1716,3.1716,3.1786,3.1786,3.1766,3.1766,14
2026-06-29 18:32:00,3.1706,3.1706,3.1686,3.1696,3.1756,3.1756,3.1736,3.1746,12
2026-06-29 18:33:00,3.1686,3.1686,3.1676,3.1676,3.1736,3.1736,3.1726,3.1726,12
2026-06-29 18:34:00,3.1666,3.1676,3.1666,3.1666,3.1716,3.1726,3.1716,3.1716,3
2026-06-29 18:35:00,3.1656,3.1666,3.1646,3.1646,3.1706,3.1716,3.1696,3.1696,13
2026-06-29 18:36:00,3.1651,3.1666,3.1646,3.1656,3.1701,3.1716,3.1696,3.1706,17
2026-06-29 18:37:00,3.1646,3.1656,3.1646,3.1656,3.1696,3.1706,3.1696,3.1706,5
2026-06-29 18:38:00,3.1646,3.1666,3.1646,3.1661,3.1696,3.1716,3.1696,3.1711,15
2026-06-29 18:39:00,3.1666,3.1666,3.1661,3.1661,3.1716,3.1716,3.1711,3.1711,14
2026-06-29 18:40:00,3.1666,3.1696,3.1666,3.1696,3.1716,3.1746,3.1716,3.1746,8
2026-06-29 18:41:00,3.1706,3.1706,3.1646,3.1651,3.1756,3.1756,3.1696,3.1701,17
2026-06-29 18:42:00,3.1656,3.1656,3.1646,3.1656,3.1706,3.1706,3.1696,3.1706,8
2026-06-29 18:43:00,3.1646,3.1656,3.1636,3.1646,3.1696,3.1706,3.1686,3.1696,12
2026-06-29 18:44:00,3.1656,3.1656,3.1646,3.1646,3.1706,3.1706,3.1696,3.1696,4
2026-06-29 18:45:00,3.1656,3.1666,3.1656,3.1661,3.1706,3.1716,3.1706,3.1711,8
2026-06-29 18:46:00,3.1666,3.1666,3.1646,3.1651,3.1716,3.1716,3.1696,3.1701,51
2026-06-29 18:47:00,3.1656,3.1666,3.1651,3.1656,3.1706,3.1716,3.1701,3.1706,7
2026-06-29 18:48:00,3.1646,3.1656,3.1646,3.1656,3.1696,3.1706,3.1696,3.1706,9
2026-06-29 18:49:00,3.1651,3.1666,3.1651,3.1656,3.1701,3.1716,3.1701,3.1706,6
2026-06-29 18:50:00,3.1646,3.1686,3.1646,3.1666,3.1696,3.1736,3.1696,3.1716,8
2026-06-29 18:51:00,3.1656,3.1676,3.1656,3.1666,3.1706,3.1726,3.1706,3.1716,17
2026-06-29 18:52:00,3.1661,3.1661,3.1646,3.1656,3.1711,3.1711,3.1696,3.1706,8
2026-06-29 18:53:00,3.1666,3.1676,3.1661,3.1671,3.1716,3.1726,3.1711,3.1721,13
2026-06-29 18:54:00,3.1676,3.1676,3.1661,3.1666,3.1726,3.1726,3.1711,3.1716,15
2026-06-29 18:55:00,3.1661,3.1676,3.1656,3.1666,3.1711,3.1726,3.1706,3.1716,14
2026-06-29 18:56:00,3.1676,3.1686,3.1666,3.1666,3.1726,3.1736,3.1716,3.1716,6
2026-06-29 18:57:00,3.1676,3.1676,3.1666,3.1676,3.1726,3.1726,3.1716,3.1726,6
2026-06-29 18:58:00,3.1686,3.1706,3.1676,3.1706,3.1736,3.1756,3.1726,3.1756,8
2026-06-29 18:59:00,3.1696,3.1716,3.1696,3.1706,3.1746,3.1766,3.1746,3.1756,6
2026-06-29 19:00:00,3.1696,3.1736,3.1696,3.1731,3.1746,3.1786,3.1746,3.1781,15
2026-06-29 19:01:00,3.1726,3.1746,3.1686,3.1696,3.1776,3.1796,3.1736,3.1746,54
2026-06-29 19:02:00,3.1706,3.1706,3.1656,3.1681,3.1756,3.1756,3.1706,3.1731,29
2026-06-29 19:03:00,3.1676,3.1686,3.1666,3.1686,3.1726,3.1736,3.1716,3.1736,12
2026-06-29 19:04:00,3.1681,3.1681,3.1676,3.1676,3.1731,3.1731,3.1726,3.1726,2
2026-06-29 19:05:00,3.1686,3.1686,3.1666,3.1666,3.1736,3.1736,3.1716,3.1716,9
2026-06-29 19:06:00,3.1656,3.1666,3.1646,3.1646,3.1706,3.1716,3.1696,3.1696,19
2026-06-29 19:07:00,3.1636,3.1646,3.1636,3.1646,3.1686,3.1696,3.1686,3.1696,7
2026-06-29 19:08:00,3.1636,3.1636,3.1636,3.1636,3.1686,3.1686,3.1686,3.1686,1
2026-06-29 19:09:00,3.1626,3.1636,3.1616,3.1616,3.1676,3.1686,3.1666,3.1666,9
2026-06-29 19:10:00,3.1626,3.1656,3.1626,3.1656,3.1676,3.1706,3.1676,3.1706,4
2026-06-29 19:11:00,3.1666,3.1666,3.1656,3.1666,3.1716,3.1716,3.1706,3.1716,3
2026-06-29 19:12:00,3.1676,3.1706,3.1676,3.1696,3.1726,3.1756,3.1726,3.1746,20
2026-06-29 19:13:00,3.1706,3.1706,3.1706,3.1706,3.1756,3.1756,3.1756,3.1756,2
2026-06-29 19:14:00,3.1716,3.1716,3.1686,3.1706,3.1766,3.1766,3.1736,3.1756,22
2026-06-29 19:15:00,3.1716,3.1716,3.1686,3.1696,3.1766,3.1766,3.1736,3.1746,10
2026-06-29 19:16:00,3.1686,3.1716,3.1686,3.1686,3.1736,3.1766,3.1736,3.1736,14
2026-06-29 19:17:00,3.1676,3.1686,3.1666,3.1671,3.1726,3.1736,3.1716,3.1721,22
2026-06-29 19:18:00,3.1676,3.1676,3.1666,3.1676,3.1726,3.1726,3.1716,3.1726,3
2026-06-29 19:20:00,3.1686,3.1696,3.1676,3.1676,3.1736,3.1746,3.1726,3.1726,12
2026-06-29 19:21:00,3.1686,3.1746,3.1676,3.1746,3.1736,3.1796,3.1726,3.1796,16
2026-06-29 19:22:00,3.1756,3.1776,3.1746,3.1746,3.1806,3.1826,3.1796,3.1796,13
2026-06-29 19:23:00,3.1756,3.1766,3.1756,3.1766,3.1806,3.1816,3.1806,3.1816,2
2026-06-29 19:24:00,3.1756,3.1766,3.1756,3.1766,3.1806,3.1816,3.1806,3.1816,4
2026-06-29 19:25:00,3.1756,3.1776,3.1726,3.1736,3.1806,3.1826,3.1776,3.1786,13
2026-06-29 19:26:00,3.1726,3.1736,3.1706,3.1706,3.1776,3.1786,3.1756,3.1756,13
2026-06-29 19:27:00,3.1716,3.1716,3.1706,3.1716,3.1766,3.1766,3.1756,3.1766,5
2026-06-29 19:28:00,3.1726,3.1726,3.1716,3.1726,3.1776,3.1776,3.1766,3.1776,5
2026-06-29 19:29:00,3.1716,3.1726,3.1706,3.1716,3.1766,3.1776,3.1756,3.1766,33
2026-06-29 19:30:00,3.1711,3.1736,3.1706,3.1736,3.1761,3.1786,3.1756,3.1786,12
2026-06-29 19:31:00,3.1726,3.1746,3.1726,3.1746,3.1776,3.1796,3.1776,3.1796,4
2026-06-29 19:32:00,3.1736,3.1736,3.1716,3.1726,3.1786,3.1786,3.1766,3.1776,13
2026-06-29 19:33:00,3.1716,3.1736,3.1706,3.1706,3.1766,3.1786,3.1756,3.1756,14
2026-06-29 19:34:00,3.1696,3.1706,3.1686,3.1706,3.1746,3.1756,3.1736,3.1756,6
2026-06-29 19:35:00,3.1696,3.1696,3.1686,3.1696,3.1746,3.1746,3.1736,3.1746,5
2026-06-29 19:36:00,3.1686,3.1696,3.1686,3.1686,3.1736,3.1746,3.1736,3.1736,4
2026-06-29 19:37:00,3.1681,3.1696,3.1676,3.1686,3.1731,3.1746,3.1726,3.1736,10
2026-06-29 19:38:00,3.1691,3.1706,3.1686,3.1696,3.1741,3.1756,3.1736,3.1746,6
2026-06-29 19:39:00,3.1706,3.1706,3.1696,3.1706,3.1756,3.1756,3.1746,3.1756,7
2026-06-29 19:40:00,3.1716,3.1716,3.1706,3.1716,3.1766,3.1766,3.1756,3.1766,5
2026-06-29 19:41:00,3.1726,3.1736,3.1706,3.1706,3.1776,3.1786,3.1756,3.1756,9
2026-06-29 19:42:00,3.1716,3.1716,3.1696,3.1696,3.1766,3.1766,3.1746,3.1746,3
2026-06-29 19:43:00,3.1691,3.1691,3.1686,3.1686,3.1741,3.1741,3.1736,3.1736,2
2026-06-29 19:44:00,3.1676,3.1676,3.1666,3.1676,3.1726,3.1726,3.1716,3.1726,3
2026-06-29 19:45:00,3.1686,3.1706,3.1686,3.1706,3.1736,3.1756,3.1736,3.1756,15
2026-06-29 19:46:00,3.1696,3.1706,3.1696,3.1706,3.1746,3.1756,3.1746,3.1756,10
2026-06-29 19:47:00,3.1716,3.1716,3.1706,3.1706,3.1766,3.1766,3.1756,3.1756,2
2026-06-29 19:48:00,3.1716,3.1716,3.1706,3.1716,3.1766,3.1766,3.1756,3.1766,3
2026-06-29 19:50:00,3.1706,3.1766,3.1706,3.1746,3.1756,3.1816,3.1756,3.1796,13
2026-06-29 19:51:00,3.1756,3.1756,3.1756,3.1756,3.1806,3.1806,3.1806,3.1806,1
2026-06-29 19:52:00,3.1746,3.1776,3.1746,3.1776,3.1796,3.1826,3.1796,3.1826,12
2026-06-29 19:53:00,3.1766,3.1826,3.1766,3.1786,3.1816,3.1876,3.1816,3.1836,24
2026-06-29 19:54:00,3.1796,3.1796,3.1776,3.1776,3.1846,3.1846,3.1826,3.1826,3
2026-06-29 19:55:00,3.1786,3.1786,3.1786,3.1786,3.1836,3.1836,3.1836,3.1836,1
2026-06-29 19:56:00,3.1776,3.1796,3.1776,3.1776,3.1826,3.1846,3.1826,3.1826,5
2026-06-29 19:57:00,3.1786,3.1786,3.1776,3.1776,3.1836,3.1836,3.1826,3.1826,4
2026-06-29 19:58:00,3.1766,3.1776,3.1751,3.1756,3.1816,3.1826,3.1801,3.1806,11
2026-06-29 19:59:00,3.1766,3.1766,3.1736,3.1746,3.1816,3.1816,3.1786,3.1796,5
2026-06-29 20:00:00,3.1756,3.1756,3.1736,3.1746,3.1806,3.1806,3.1786,3.1796,7
2026-06-29 20:01:00,3.1756,3.1756,3.1686,3.1706,3.1806,3.1806,3.1736,3.1756,28
2026-06-29 20:02:00,3.1696,3.1696,3.1691,3.1696,3.1746,3.1746,3.1741,3.1746,3
2026-06-29 20:03:00,3.1686,3.1686,3.1676,3.1676,3.1736,3.1736,3.1726,3.1726,10
2026-06-29 20:04:00,3.1666,3.1676,3.1646,3.1651,3.1716,3.1726,3.1696,3.1701,27
2026-06-29 20:05:00,3.1656,3.1656,3.1636,3.1646,3.1706,3.1706,3.1686,3.1696,38
2026-06-29 20:06:00,3.1656,3.1656,3.1636,3.1636,3.1706,3.1706,3.1686,3.1686,7
2026-06-29 20:07:00,3.1626,3.1636,3.1616,3.1616,3.1676,3.1686,3.1666,3.1666,25
2026-06-29 20:08:00,3.1606,3.1606,3.1586,3.1586,3.1656,3.1656,3.1636,3.1636,16
2026-06-29 20:09:00,3.1596,3.1596,3.1566,3.1576,3.1646,3.1646,3.1616,3.1626,10
2026-06-29 20:10:00,3.1571,3.1616,3.1536,3.1616,3.1621,3.1666,3.1586,3.1666,54
2026-06-29 20:11:00,3.1611,3.1666,3.1596,3.1636,3.1661,3.1716,3.1646,3.1686,58
2026-06-29 20:12:00,3.1641,3.1646,3.1586,3.1596,3.1691,3.1696,3.1636,3.1646,30
2026-06-29 20:13:00,3.1591,3.1596,3.1586,3.1586,3.1641,3.1646,3.1636,3.1636,8
2026-06-29 20:14:00,3.1591,3.1591,3.1546,3.1566,3.1641,3.1641,3.1596,3.1616,21
2026-06-29 20:15:00,3.1556,3.1576,3.1551,3.1556,3.1606,3.1626,3.1601,3.1606,9
2026-06-29 20:16:00,3.1546,3.1566,3.1536,3.1551,3.1596,3.1616,3.1586,3.1601,21
2026-06-29 20:17:00,3.1546,3.1551,3.1526,3.1546,3.1596,3.1601,3.1576,3.1596,23
2026-06-29 20:18:00,3.1541,3.1566,3.1526,3.1556,3.1591,3.1616,3.1576,3.1606,21
2026-06-29 20:19:00,3.1566,3.1576,3.1546,3.1556,3.1616,3.1626,3.1596,3.1606,21
2026-06-29 20:20:00,3.1546,3.1596,3.1546,3.1576,3.1596,3.1646,3.1596,3.1626,28
2026-06-29 20:21:00,3.1566,3.1576,3.1536,3.1546,3.1616,3.1626,3.1586,3.1596,16
2026-06-29 20:22:00,3.1556,3.1566,3.1546,3.1556,3.1606,3.1616,3.1596,3.1606,16
2026-06-29 20:23:00,3.1566,3.1576,3.1556,3.1576,3.1616,3.1626,3.1606,3.1626,12
2026-06-29 20:24:00,3.1586,3.1586,3.1566,3.1571,3.1636,3.1636,3.1616,3.1621,16
2026-06-29 20:25:00,3.1566,3.1586,3.1566,3.1586,3.1616,3.1636,3.1616,3.1636,28
2026-06-29 20:26:00,3.1576,3.1586,3.1556,3.1586,3.1626,3.1636,3.1606,3.1636,19
2026-06-29 20:27:00,3.1596,3.1636,3.1596,3.1636,3.1646,3.1686,3.1646,3.1686,33
2026-06-29 20:28:00,3.1646,3.1676,3.1596,3.1656,3.1696,3.1726,3.1646,3.1706,136
2026-06-29 20:29:00,3.1646,3.1656,3.1596,3.1636,3.1696,3.1706,3.1646,3.1686,58
2026-06-29 20:30:00,3.1641,3.1656,3.1626,3.1646,3.1691,3.1706,3.1676,3.1696,27
2026-06-29 20:31:00,3.1656,3.1661,3.1636,3.1646,3.1706,3.1711,3.1686,3.1696,31
2026-06-29 20:32:00,3.1656,3.1726,3.1656,3.1706,3.1706,3.1776,3.1706,3.1756,53
2026-06-29 20:33:00,3.1716,3.1716,3.1686,3.1696,3.1766,3.1766,3.1736,3.1746,18
2026-06-29 20:34:00,3.1706,3.1706,3.1656,3.1666,3.1756,3.1756,3.1706,3.1716,29
2026-06-29 20:35:00,3.1661,3.1671,3.1656,3.1666,3.1711,3.1721,3.1706,3.1716,16
2026-06-29 20:36:00,3.1661,3.1666,3.1626,3.1636,3.1711,3.1716,3.1676,3.1686,13
2026-06-29 20:37:00,3.1631,3.1646,3.1626,3.1636,3.1681,3.1696,3.1676,3.1686,16
2026-06-29 20:38:00,3.1626,3.1646,3.1626,3.1631,3.1676,3.1696,3.1676,3.1681,8
2026-06-29 20:39:00,3.1636,3.1636,3.1606,3.1606,3.1686,3.1686,3.1656,3.1656,12
2026-06-29 20:40:00,3.1616,3.1616,3.1576,3.1576,3.1666,3.1666,3.1626,3.1626,20
2026-06-29 20:41:00,3.1566,3.1576,3.1546,3.1546,3.1616,3.1626,3.1596,3.1596,22
2026-06-29 20:42:00,3.1541,3.1576,3.1536,3.1576,3.1591,3.1626,3.1586,3.1626,11
2026-06-29 20:43:00,3.1566,3.1566,3.1486,3.1486,3.1616,3.1616,3.1536,3.1536,65
2026-06-29 20:44:00,3.1491,3.1496,3.1476,3.1486,3.1541,3.1546,3.1526,3.1536,25
2026-06-29 20:45:00,3.1491,3.1496,3.1491,3.1496,3.1541,3.1546,3.1541,3.1546,6
2026-06-29 20:46:00,3.1491,3.1516,3.1491,3.1506,3.1541,3.1566,3.1541,3.1556,14
2026-06-29 20:47:00,3.1511,3.1516,3.1496,3.1506,3.1561,3.1566,3.1546,3.1556,12
2026-06-29 20:48:00,3.1516,3.1516,3.1486,3.1496,3.1566,3.1566,3.1536,3.1546,16
2026-06-29 20:49:00,3.1486,3.1496,3.1476,3.1481,3.1536,3.1546,3.1526,3.1531,13
2026-06-29 20:50:00,3.1486,3.1496,3.1476,3.1476,3.1536,3.1546,3.1526,3.1526,27
2026-06-29 20:51:00,3.1466,3.1496,3.1466,3.1476,3.1516,3.1546,3.1516,3.1526,19
2026-06-29 20:52:00,3.1471,3.1526,3.1466,3.1496,3.1521,3.1576,3.1516,3.1546,40
2026-06-29 20:53:00,3.1491,3.1506,3.1476,3.1501,3.1541,3.1556,3.1526,3.1551,19
2026-06-29 20:54:00,3.1506,3.1556,3.1506,3.1556,3.1556,3.1606,3.1556,3.1606,28
2026-06-29 20:55:00,3.1566,3.1586,3.1561,3.1586,3.1616,3.1636,3.1611,3.1636,7
2026-06-29 20:56:00,3.1576,3.1576,3.1536,3.1541,3.1626,3.1626,3.1586,3.1591,20
2026-06-29 20:57:00,3.1546,3.1556,3.1541,3.1546,3.1596,3.1606,3.1591,3.1596,13
2026-06-29 20:58:00,3.1551,3.1551,3.1546,3.1546,3.1601,3.1601,3.1596,3.1596,4
2026-06-29 20:59:00,3.1551,3.1566,3.1546,3.1556,3.1601,3.1616,3.1596,3.1606,15
2026-06-29 21:00:00,3.1561,3.1566,3.1546,3.1546,3.1611,3.1616,3.1596,3.1596,8
2026-06-29 21:01:00,3.1551,3.1561,3.1546,3.1546,3.1601,3.1611,3.1596,3.1596,8
2026-06-29 21:02:00,3.1556,3.1566,3.1546,3.1561,3.1606,3.1616,3.1596,3.1611,9
2026-06-29 21:03:00,3.1556,3.1561,3.1556,3.1556,3.1606,3.1611,3.1606,3.1606,3
2026-06-29 21:04:00,3.1561,3.1566,3.1556,3.1566,3.1611,3.1616,3.1606,3.1616,3
2026-06-29 21:05:00,3.1556,3.1576,3.1556,3.1571,3.1606,3.1626,3.1606,3.1621,10
2026-06-29 21:06:00,3.1566,3.1586,3.1566,3.1566,3.1616,3.1636,3.1616,3.1616,15
2026-06-29 21:10:00,3.1556,3.1566,3.1556,3.1566,3.1606,3.1616,3.1606,3.1616,8
2026-06-29 21:11:00,3.1561,3.1561,3.1561,3.1561,3.1611,3.1611,3.1611,3.1611,1
2026-06-29 21:12:00,3.1551,3.1576,3.1546,3.1571,3.1601,3.1626,3.1596,3.1621,11
2026-06-29 21:13:00,3.1576,3.1586,3.1571,3.1586,3.1626,3.1636,3.1621,3.1636,7
2026-06-29 21:14:00,3.1591,3.1591,3.1586,3.1586,3.1641,3.1641,3.1636,3.1636,4
2026-06-29 21:15:00,3.1596,3.1596,3.1586,3.1586,3.1646,3.1646,3.1636,3.1636,10
2026-06-29 21:16:00,3.1581,3.1586,3.1576,3.1586,3.1631,3.1636,3.1626,3.1636,5
2026-06-29 21:21:00,3.1596,3.1606,3.1576,3.1576,3.1646,3.1656,3.1626,3.1626,10
2026-06-29 21:22:00,3.1571,3.1571,3.1571,3.1571,3.1621,3.1621,3.1621,3.1621,1
2026-06-29 21:23:00,3.1576,3.1626,3.1576,3.1616,3.1626,3.1676,3.1626,3.1666,9
2026-06-29 21:25:00,3.1621,3.1636,3.1621,3.1626,3.1671,3.1686,3.1671,3.1676,5
2026-06-29 21:26:00,3.1616,3.1616,3.1616,3.1616,3.1666,3.1666,3.1666,3.1666,1
2026-06-29 21:27:00,3.1606,3.1606,3.1601,3.1606,3.1656,3.1656,3.1651,3.1656,3
2026-06-29 21:28:00,3.1596,3.1596,3.1596,3.1596,3.1646,3.1646,3.1646,3.1646,1
2026-06-29 21:29:00,3.1606,3.1636,3.1606,3.1616,3.1656,3.1686,3.1656,3.1666,10
2026-06-29 21:31:00,3.1626,3.1646,3.1616,3.1646,3.1676,3.1696,3.1666,3.1696,6
2026-06-29 21:32:00,3.1636,3.1646,3.1636,3.1646,3.1686,3.1696,3.1686,3.1696,2
2026-06-29 21:33:00,3.1656,3.1656,3.1646,3.1646,3.1706,3.1706,3.1696,3.1696,7
2026-06-29 21:34:00,3.1651,3.1676,3.1651,3.1656,3.1701,3.1726,3.1701,3.1706,14
2026-06-29 21:35:00,3.1646,3.1646,3.1646,3.1646,3.1696,3.1696,3.1696,3.1696,1
2026-06-29 21:36:00,3.1636,3.1636,3.1636,3.1636,3.1686,3.1686,3.1686,3.1686,1
2026-06-29 21:37:00,3.1626,3.1646,3.1616,3.1636,3.1676,3.1696,3.1666,3.1686,6
2026-06-29 21:38:00,3.1631,3.1631,3.1596,3.1596,3.1681,3.1681,3.1646,3.1646,4
2026-06-29 21:39:00,3.1591,3.1591,3.1581,3.1586,3.1641,3.1641,3.1631,3.1636,5
2026-06-29 21:40:00,3.1596,3.1616,3.1586,3.1596,3.1646,3.1666,3.1636,3.1646,13
2026-06-29 21:41:00,3.1611,3.1616,3.1606,3.1606,3.1661,3.1666,3.1656,3.1656,6
2026-06-29 21:42:00,3.1611,3.1626,3.1611,3.1626,3.1661,3.1676,3.1661,3.1676,9
2026-06-29 21:43:00,3.1616,3.1636,3.1616,3.1626,3.1666,3.1686,3.1666,3.1676,13
2026-06-29 21:45:00,3.1631,3.1636,3.1616,3.1626,3.1681,3.1686,3.1666,3.1676,5
2026-06-29 21:46:00,3.1631,3.1636,3.1626,3.1636,3.1681,3.1686,3.1676,3.1686,4
2026-06-29 21:47:00,3.1641,3.1641,3.1636,3.1636,3.1691,3.1691,3.1686,3.1686,4
2026-06-29 21:48:00,3.1641,3.1656,3.1636,3.1641,3.1691,3.1706,3.1686,3.1691,16
2026-06-29 21:49:00,3.1646,3.1656,3.1641,3.1656,3.1696,3.1706,3.1691,3.1706,11
2026-06-29 21:50:00,3.1646,3.1646,3.1636,3.1646,3.1696,3.1696,3.1686,3.1696,5
2026-06-29 21:51:00,3.1641,3.1656,3.1636,3.1636,3.1691,3.1706,3.1686,3.1686,10
2026-06-29 21:53:00,3.1626,3.1646,3.1616,3.1626,3.1676,3.1696,3.1666,3.1676,10
2026-06-29 21:55:00,3.1621,3.1626,3.1616,3.1621,3.1671,3.1676,3.1666,3.1671,11
2026-06-29 21:56:00,3.1626,3.1626,3.1606,3.1616,3.1676,3.1676,3.1656,3.1666,17
2026-06-29 21:57:00,3.1611,3.1616,3.1596,3.1606,3.1661,3.1666,3.1646,3.1656,7
2026-06-29 21:58:00,3.1591,3.1596,3.1576,3.1586,3.1641,3.1646,3.1626,3.1636,35
2026-06-29 21:59:00,3.1576,3.1586,3.1576,3.1581,3.1626,3.1636,3.1626,3.1631,20
2026-06-29 22:00:00,3.1576,3.1596,3.1566,3.1566,3.1626,3.1646,3.1616,3.1616,8
2026-06-29 22:01:00,3.1576,3.1586,3.1576,3.1586,3.1626,3.1636,3.1626,3.1636,3
2026-06-29 22:02:00,3.1591,3.1596,3.1586,3.1586,3.1641,3.1646,3.1636,3.1636,3
2026-06-29 22:03:00,3.1591,3.1596,3.1591,3.1596,3.1641,3.1646,3.1641,3.1646,2
2026-06-29 22:04:00,3.1586,3.1596,3.1586,3.1591,3.1636,3.1646,3.1636,3.1641,6
2026-06-29 22:05:00,3.1596,3.1596,3.1586,3.1591,3.1646,3.1646,3.1636,3.1641,5
2026-06-29 22:06:00,3.1596,3.1596,3.1566,3.1566,3.1646,3.1646,3.1616,3.1616,3
2026-06-29 22:07:00,3.1576,3.1576,3.1571,3.1576,3.1626,3.1626,3.1621,3.1626,3
2026-06-29 22:08:00,3.1571,3.1576,3.1561,3.1561,3.1621,3.1626,3.1611,3.1611,11
2026-06-29 22:09:00,3.1556,3.1561,3.1536,3.1556,3.1606,3.1611,3.1586,3.1606,29
2026-06-29 22:10:00,3.1546,3.1556,3.1546,3.1556,3.1596,3.1606,3.1596,3.1606,6
2026-06-29 22:11:00,3.1561,3.1561,3.1556,3.1556,3.1611,3.1611,3.1606,3.1606,2
2026-06-29 22:12:00,3.1566,3.1566,3.1536,3.1561,3.1616,3.1616,3.1586,3.1611,13
2026-06-29 22:13:00,3.1566,3.1576,3.1546,3.1551,3.1616,3.1626,3.1596,3.1601,14
2026-06-29 22:14:00,3.1556,3.1556,3.1556,3.1556,3.1606,3.1606,3.1606,3.1606,1
2026-06-29 22:15:00,3.1551,3.1556,3.1546,3.1546,3.1601,3.1606,3.1596,3.1596,5
2026-06-29 22:16:00,3.1551,3.1551,3.1551,3.1551,3.1601,3.1601,3.1601,3.1601,1
2026-06-29 22:17:00,3.1556,3.1576,3.1556,3.1566,3.1606,3.1626,3.1606,3.1616,7
2026-06-29 22:19:00,3.1576,3.1596,3.1576,3.1586,3.1626,3.1646,3.1626,3.1636,4
2026-06-29 22:20:00,3.1571,3.1571,3.1556,3.1566,3.1621,3.1621,3.1606,3.1616,14
2026-06-29 22:21:00,3.1571,3.1571,3.1546,3.1546,3.1621,3.1621,3.1596,3.1596,17
2026-06-29 22:22:00,3.1536,3.1536,3.1526,3.1526,3.1586,3.1586,3.1576,3.1576,2
2026-06-29 22:23:00,3.1536,3.1536,3.1526,3.1536,3.1586,3.1586,3.1576,3.1586,3
2026-06-29 22:24:00,3.1526,3.1546,3.1526,3.1546,3.1576,3.1596,3.1576,3.1596,6
2026-06-29 22:25:00,3.1556,3.1556,3.1546,3.1546,3.1606,3.1606,3.1596,3.1596,2
2026-06-29 22:26:00,3.1536,3.1546,3.1536,3.1546,3.1586,3.1596,3.1586,3.1596,2
2026-06-29 22:27:00,3.1551,3.1556,3.1551,3.1556,3.1601,3.1606,3.1601,3.1606,2
2026-06-29 22:28:00,3.1566,3.1566,3.1556,3.1566,3.1616,3.1616,3.1606,3.1616,6
2026-06-29 22:29:00,3.1556,3.1566,3.1551,3.1556,3.1606,3.1616,3.1601,3.1606,6
2026-06-29 22:30:00,3.1561,3.1566,3.1556,3.1566,3.1611,3.1616,3.1606,3.1616,3
2026-06-29 22:33:00,3.1571,3.1576,3.1566,3.1566,3.1621,3.1626,3.1616,3.1616,4
2026-06-29 22:35:00,3.1561,3.1566,3.1556,3.1566,3.1611,3.1616,3.1606,3.1616,3
2026-06-29 22:38:00,3.1556,3.1556,3.1546,3.1546,3.1606,3.1606,3.1596,3.1596,2
2026-06-29 22:40:00,3.1551,3.1551,3.1546,3.1546,3.1601,3.1601,3.1596,3.1596,2
2026-06-29 22:41:00,3.1556,3.1566,3.1536,3.1546,3.1606,3.1616,3.1586,3.1596,6
2026-06-29 22:42:00,3.1536,3.1546,3.1526,3.1546,3.1586,3.1596,3.1576,3.1596,7
2026-06-29 22:43:00,3.1536,3.1556,3.1536,3.1556,3.1586,3.1606,3.1586,3.1606,15
2026-06-29 22:44:00,3.1551,3.1556,3.1551,3.1556,3.1601,3.1606,3.1601,3.1606,2
2026-06-29 22:45:00,3.1566,3.1566,3.1566,3.1566,3.1616,3.1616,3.1616,3.1616,1
2026-06-29 22:46:00,3.1576,3.1576,3.1566,3.1576,3.1626,3.1626,3.1616,3.1626,6
2026-06-29 22:47:00,3.1586,3.1586,3.1576,3.1576,3.1636,3.1636,3.1626,3.1626,2
2026-06-29 22:49:00,3.1586,3.1586,3.1576,3.1576,3.1636,3.1636,3.1626,3.1626,2
2026-06-29 22:50:00,3.1566,3.1576,3.1566,3.1576,3.1616,3.1626,3.1616,3.1626,2
2026-06-29 22:51:00,3.1586,3.1586,3.1561,3.1566,3.1636,3.1636,3.1611,3.1616,12
2026-06-29 22:52:00,3.1571,3.1576,3.1566,3.1576,3.1621,3.1626,3.1616,3.1626,6
2026-06-29 22:53:00,3.1571,3.1576,3.1556,3.1566,3.1621,3.1626,3.1606,3.1616,5
2026-06-29 22:55:00,3.1571,3.1586,3.1571,3.1586,3.1621,3.1636,3.1621,3.1636,13
2026-06-29 22:56:00,3.1581,3.1581,3.1556,3.1561,3.1631,3.1631,3.1606,3.1611,9
2026-06-29 22:57:00,3.1551,3.1551,3.1536,3.1536,3.1601,3.1601,3.1586,3.1586,4
2026-06-29 22:58:00,3.1541,3.1541,3.1536,3.1536,3.1591,3.1591,3.1586,3.1586,4
2026-06-29 22:59:00,3.1546,3.1556,3.1535,3.154,3.1596,3.1606,3.1569,3.159,17
2026-06-30 00:00:00,3.153,3.153,3.152,3.1525,3.158,3.158,3.157,3.1575,5
2026-06-30 00:01:00,3.153,3.1535,3.153,3.1535,3.158,3.1585,3.158,3.1585,2
2026-06-30 00:02:00,3.155,3.1575,3.1545,3.1545,3.16,3.1625,3.1595,3.1595,8
2026-06-30 00:04:00,3.155,3.155,3.153,3.154,3.16,3.16,3.158,3.159,7
2026-06-30 00:09:00,3.1545,3.1545,3.1545,3.1545,3.1595,3.1595,3.1595,3.1595,1
2026-06-30 00:11:00,3.1535,3.1535,3.152,3.152,3.1585,3.1585,3.157,3.157,3
2026-06-30 00:17:00,3.151,3.151,3.1505,3.151,3.156,3.156,3.1555,3.156,3
2026-06-30 00:18:00,3.152,3.152,3.152,3.152,3.157,3.157,3.157,3.157,1
2026-06-30 00:20:00,3.153,3.153,3.153,3.153,3.158,3.158,3.158,3.158,1
2026-06-30 00:25:00,3.154,3.154,3.153,3.153,3.159,3.159,3.158,3.158,2
2026-06-30 00:26:00,3.154,3.154,3.154,3.154,3.159,3.159,3.159,3.159,1
2026-06-30 00:37:00,3.155,3.155,3.155,3.155,3.16,3.16,3.16,3.16,1
2026-06-30 00:41:00,3.154,3.154,3.153,3.153,3.159,3.159,3.158,3.158,2
2026-06-30 00:52:00,3.154,3.155,3.154,3.1545,3.159,3.16,3.159,3.1595,3
2026-06-30 00:54:00,3.154,3.154,3.154,3.154,3.159,3.159,3.159,3.159,1
2026-06-30 00:55:00,3.155,3.155,3.154,3.154,3.16,3.16,3.159,3.159,2
2026-06-30 00:59:00,3.153,3.153,3.153,3.153,3.158,3.158,3.158,3.158,1
2026-06-30 01:00:00,3.152,3.152,3.15,3.15,3.157,3.157,3.155,3.155,8
2026-06-30 01:01:00,3.151,3.152,3.151,3.1515,3.156,3.157,3.156,3.1565,6
2026-06-30 01:02:00,3.151,3.1515,3.15,3.1515,3.156,3.1565,3.155,3.1565,6
2026-06-30 01:03:00,3.151,3.151,3.151,3.151,3.156,3.156,3.156,3.156,1
2026-06-30 01:04:00,3.1515,3.152,3.1515,3.152,3.1565,3.157,3.1565,3.157,2
2026-06-30 01:06:00,3.151,3.151,3.151,3.151,3.156,3.156,3.156,3.156,1
2026-06-30 01:07:00,3.152,3.152,3.152,3.152,3.157,3.157,3.157,3.157,1
2026-06-30 01:09:00,3.1525,3.157,3.1525,3.157,3.1575,3.162,3.1575,3.162,9
2026-06-30 01:10:00,3.158,3.159,3.157,3.1585,3.163,3.164,3.162,3.1635,7
2026-06-30 01:11:00,3.158,3.158,3.157,3.157,3.163,3.163,3.162,3.162,3
2026-06-30 01:15:00,3.1575,3.1575,3.1575,3.1575,3.1625,3.1625,3.1625,3.1625,1
2026-06-30 01:20:00,3.158,3.158,3.158,3.158,3.163,3.163,3.163,3.163,1
2026-06-30 01:30:00,3.1575,3.1575,3.157,3.157,3.1625,3.1625,3.162,3.162,2
2026-06-30 01:38:00,3.156,3.1565,3.156,3.156,3.161,3.1615,3.161,3.161,3
2026-06-30 01:39:00,3.157,3.157,3.157,3.157,3.162,3.162,3.162,3.162,1
2026-06-30 01:44:00,3.158,3.158,3.158,3.158,3.163,3.163,3.163,3.163,1
2026-06-30 01:47:00,3.1575,3.1575,3.1575,3.1575,3.1625,3.1625,3.1625,3.1625,1
2026-06-30 01:51:00,3.158,3.1585,3.158,3.1585,3.163,3.1635,3.163,3.1635,2
2026-06-30 01:55:00,3.158,3.158,3.157,3.157,3.163,3.163,3.162,3.162,2
2026-06-30 02:00:00,3.156,3.157,3.155,3.156,3.161,3.162,3.16,3.161,13
2026-06-30 02:01:00,3.155,3.156,3.154,3.155,3.16,3.161,3.159,3.16,5
2026-06-30 02:02:00,3.156,3.156,3.156,3.156,3.161,3.161,3.161,3.161,1
2026-06-30 02:03:00,3.157,3.157,3.157,3.157,3.162,3.162,3.162,3.162,1
2026-06-30 02:04:00,3.1565,3.157,3.156,3.156,3.1615,3.162,3.161,3.161,7
2026-06-30 02:05:00,3.1565,3.1565,3.156,3.156,3.1615,3.1615,3.161,3.161,2
2026-06-30 02:06:00,3.1565,3.1565,3.1565,3.1565,3.1615,3.1615,3.1615,3.1615,1
2026-06-30 02:07:00,3.157,3.157,3.157,3.157,3.162,3.162,3.162,3.162,1
2026-06-30 02:08:00,3.156,3.156,3.1555,3.156,3.161,3.161,3.1605,3.161,3
2026-06-30 02:12:00,3.155,3.155,3.154,3.154,3.16,3.16,3.159,3.159,2
2026-06-30 02:13:00,3.1545,3.1545,3.1545,3.1545,3.1595,3.1595,3.1595,3.1595,1
2026-06-30 02:14:00,3.155,3.155,3.1545,3.1545,3.16,3.16,3.1595,3.1595,4
2026-06-30 02:15:00,3.155,3.155,3.155,3.155,3.16,3.16,3.16,3.16,1
2026-06-30 02:18:00,3.1555,3.1555,3.155,3.155,3.1605,3.1605,3.16,3.16,2
2026-06-30 02:19:00,3.154,3.154,3.153,3.1535,3.159,3.159,3.158,3.1585,8
2026-06-30 02:20:00,3.154,3.154,3.1535,3.1535,3.159,3.159,3.1585,3.1585,2
2026-06-30 02:21:00,3.154,3.155,3.154,3.155,3.159,3.16,3.159,3.16,2
2026-06-30 02:23:00,3.154,3.154,3.1535,3.1535,3.159,3.159,3.1585,3.1585,2
2026-06-30 02:25:00,3.153,3.153,3.153,3.153,3.158,3.158,3.158,3.158,1
2026-06-30 02:28:00,3.1535,3.1535,3.1535,3.1535,3.1585,3.1585,3.1585,3.1585,1
2026-06-30 02:29:00,3.154,3.154,3.154,3.154,3.159,3.159,3.159,3.159,1
2026-06-30 02:32:00,3.1535,3.1535,3.1535,3.1535,3.1585,3.1585,3.1585,3.1585,1
2026-06-30 02:33:00,3.154,3.154,3.154,3.154,3.159,3.159,3.159,3.159,1
2026-06-30 02:40:00,3.155,3.156,3.155,3.156,3.16,3.161,3.16,3.161,2
2026-06-30 02:41:00,3.155,3.156,3.155,3.1555,3.16,3.161,3.16,3.1605,4
2026-06-30 02:43:00,3.156,3.156,3.1555,3.156,3.161,3.161,3.1605,3.161,23
2026-06-30 02:44:00,3.1555,3.156,3.1555,3.1555,3.1605,3.161,3.1605,3.1605,21
2026-06-30 02:45:00,3.156,3.156,3.155,3.155,3.161,3.161,3.16,3.16,12
2026-06-30 02:48:00,3.156,3.156,3.156,3.156,3.161,3.161,3.161,3.161,1
2026-06-30 02:52:00,3.155,3.155,3.154,3.154,3.16,3.16,3.159,3.159,2
2026-06-30 02:53:00,3.155,3.155,3.154,3.154,3.16,3.16,3.159,3.159,3
2026-06-30 02:54:00,3.155,3.155,3.155,3.155,3.16,3.16,3.16,3.16,1
2026-06-30 02:55:00,3.154,3.155,3.153,3.154,3.159,3.16,3.158,3.159,6
2026-06-30 02:56:00,3.153,3.154,3.153,3.153,3.158,3.159,3.158,3.158,3
2026-06-30 02:57:00,3.154,3.154,3.154,3.154,3.159,3.159,3.159,3.159,1
2026-06-30 02:58:00,3.1545,3.156,3.1545,3.156,3.1595,3.161,3.1595,3.161,3
2026-06-30 02:59:00,3.1565,3.159,3.1565,3.159,3.1615,3.164,3.1615,3.164,4
2026-06-30 03:00:00,3.16,3.161,3.154,3.154,3.165,3.166,3.159,3.159,16
2026-06-30 03:01:00,3.152,3.153,3.152,3.1525,3.157,3.158,3.157,3.1575,5
2026-06-30 03:02:00,3.153,3.153,3.152,3.152,3.158,3.158,3.157,3.157,5
2026-06-30 03:03:00,3.151,3.152,3.15,3.1515,3.156,3.157,3.155,3.1565,8
2026-06-30 03:04:00,3.151,3.153,3.151,3.153,3.156,3.158,3.156,3.158,5
2026-06-30 03:05:00,3.1525,3.1525,3.152,3.152,3.1575,3.1575,3.157,3.157,2
2026-06-30 03:06:00,3.153,3.154,3.153,3.153,3.158,3.159,3.158,3.158,9
2026-06-30 03:08:00,3.1535,3.156,3.1535,3.156,3.1585,3.161,3.1585,3.161,7
2026-06-30 03:09:00,3.155,3.155,3.1545,3.155,3.16,3.16,3.1595,3.16,3
2026-06-30 03:11:00,3.1545,3.155,3.1545,3.1545,3.1595,3.16,3.1595,3.1595,3
2026-06-30 03:12:00,3.155,3.155,3.155,3.155,3.16,3.16,3.16,3.16,1
2026-06-30 03:13:00,3.1545,3.1545,3.154,3.154,3.1595,3.1595,3.159,3.159,4
2026-06-30 03:14:00,3.153,3.1535,3.153,3.1535,3.158,3.1585,3.158,3.1585,2
2026-06-30 03:15:00,3.1545,3.157,3.1545,3.1565,3.1595,3.162,3.1595,3.1615,14
2026-06-30 03:16:00,3.156,3.157,3.156,3.157,3.161,3.162,3.161,3.162,5
2026-06-30 03:17:00,3.156,3.1565,3.156,3.156,3.161,3.1615,3.161,3.161,3
2026-06-30 03:18:00,3.1565,3.16,3.1565,3.159,3.1615,3.165,3.1615,3.164,9
2026-06-30 03:20:00,3.16,3.16,3.159,3.159,3.165,3.165,3.164,3.164,2
2026-06-30 03:22:00,3.1585,3.1585,3.158,3.158,3.1635,3.1635,3.163,3.163,2
2026-06-30 03:23:00,3.157,3.158,3.157,3.158,3.162,3.163,3.162,3.163,2
2026-06-30 03:28:00,3.1575,3.1575,3.1575,3.1575,3.1625,3.1625,3.1625,3.1625,1
2026-06-30 03:30:00,3.157,3.157,3.1565,3.1565,3.162,3.162,3.1615,3.1615,2
2026-06-30 03:31:00,3.157,3.157,3.157,3.157,3.162,3.162,3.162,3.162,1
2026-06-30 03:32:00,3.158,3.158,3.1565,3.157,3.163,3.163,3.1615,3.162,6
2026-06-30 03:33:00,3.1565,3.1565,3.1565,3.1565,3.1615,3.1615,3.1615,3.1615,1
2026-06-30 03:34:00,3.157,3.157,3.157,3.157,3.162,3.162,3.162,3.162,1
2026-06-30 03:35:00,3.1565,3.157,3.155,3.156,3.1615,3.162,3.16,3.161,10
2026-06-30 03:37:00,3.155,3.156,3.154,3.156,3.16,3.161,3.159,3.161,5
2026-06-30 03:45:00,3.1555,3.1555,3.155,3.155,3.1605,3.1605,3.16,3.16,2
2026-06-30 03:46:00,3.156,3.156,3.155,3.156,3.161,3.161,3.16,3.161,6
2026-06-30 03:48:00,3.155,3.156,3.155,3.156,3.16,3.161,3.16,3.161,3
2026-06-30 03:51:00,3.157,3.157,3.155,3.155,3.162,3.162,3.16,3.16,4
2026-06-30 03:58:00,3.1545,3.1545,3.1545,3.1545,3.1595,3.1595,3.1595,3.1595,1
2026-06-30 03:59:00,3.154,3.155,3.154,3.1545,3.159,3.16,3.159,3.1595,7
2026-06-30 04:00:00,3.155,3.155,3.155,3.155,3.16,3.16,3.16,3.16,1
2026-06-30 04:02:00,3.1545,3.155,3.154,3.154,3.1595,3.16,3.159,3.159,3
2026-06-30 04:03:00,3.155,3.155,3.152,3.152,3.16,3.16,3.157,3.157,7
2026-06-30 04:04:00,3.1525,3.153,3.152,3.153,3.1575,3.158,3.157,3.158,3
2026-06-30 04:06:00,3.1535,3.1535,3.153,3.153,3.1585,3.1585,3.158,3.158,2
2026-06-30 04:09:00,3.154,3.154,3.154,3.154,3.159,3.159,3.159,3.159,1
2026-06-30 04:13:00,3.1535,3.1535,3.153,3.153,3.1585,3.1585,3.158,3.158,2
2026-06-30 04:21:00,3.154,3.154,3.153,3.153,3.159,3.159,3.158,3.158,7
2026-06-30 04:23:00,3.152,3.152,3.152,3.152,3.157,3.157,3.157,3.157,1
2026-06-30 04:24:00,3.151,3.152,3.151,3.152,3.156,3.157,3.156,3.157,9
2026-06-30 04:25:00,3.1515,3.1515,3.151,3.151,3.1565,3.1565,3.156,3.156,2
2026-06-30 04:26:00,3.1505,3.151,3.1505,3.151,3.1555,3.156,3.1555,3.156,6
2026-06-30 04:27:00,3.1505,3.151,3.15,3.151,3.1555,3.156,3.155,3.156,11
2026-06-30 04:29:00,3.1515,3.1515,3.1515,3.1515,3.1565,3.1565,3.1565,3.1565,1
2026-06-30 04:30:00,3.152,3.152,3.151,3.152,3.157,3.157,3.156,3.157,6
2026-06-30 04:31:00,3.151,3.151,3.1505,3.1505,3.156,3.156,3.1555,3.1555,6
2026-06-30 04:32:00,3.15,3.151,3.15,3.151,3.155,3.156,3.155,3.156,5
2026-06-30 04:34:00,3.1515,3.152,3.151,3.1515,3.1565,3.157,3.156,3.1565,7
2026-06-30 04:35:00,3.152,3.152,3.1515,3.152,3.157,3.157,3.1565,3.157,5
2026-06-30 04:38:00,3.151,3.152,3.151,3.152,3.156,3.157,3.156,3.157,2
2026-06-30 04:39:00,3.153,3.153,3.153,3.153,3.158,3.158,3.158,3.158,1
2026-06-30 04:42:00,3.152,3.153,3.152,3.1525,3.157,3.158,3.157,3.1575,8
2026-06-30 04:43:00,3.152,3.1525,3.152,3.1525,3.157,3.1575,3.157,3.1575,2
2026-06-30 04:45:00,3.153,3.153,3.153,3.153,3.158,3.158,3.158,3.158,1
2026-06-30 04:46:00,3.154,3.154,3.154,3.154,3.159,3.159,3.159,3.159,1
2026-06-30 04:52:00,3.155,3.155,3.153,3.153,3.16,3.16,3.158,3.158,5
2026-06-30 04:53:00,3.1525,3.153,3.1525,3.153,3.1575,3.158,3.1575,3.158,2
2026-06-30 04:54:00,3.154,3.154,3.154,3.154,3.159,3.159,3.159,3.159,1
2026-06-30 04:55:00,3.155,3.155,3.1545,3.1545,3.16,3.16,3.1595,3.1595,2
2026-06-30 04:56:00,3.155,3.155,3.1545,3.155,3.16,3.16,3.1595,3.16,5
2026-06-30 04:57:00,3.156,3.156,3.156,3.156,3.161,3.161,3.161,3.161,1
2026-06-30 04:58:00,3.1555,3.156,3.1555,3.156,3.1605,3.161,3.1605,3.161,4
2026-06-30 05:04:00,3.155,3.1555,3.155,3.1555,3.16,3.1605,3.16,3.1605,2
2026-06-30 05:05:00,3.155,3.155,3.155,3.155,3.16,3.16,3.16,3.16,1
2026-06-30 05:06:00,3.1555,3.156,3.1555,3.156,3.1605,3.161,3.1605,3.161,2
2026-06-30 05:07:00,3.1555,3.1555,3.153,3.153,3.1605,3.1605,3.158,3.158,6
2026-06-30 05:08:00,3.154,3.154,3.154,3.154,3.159,3.159,3.159,3.159,1
2026-06-30 05:09:00,3.1535,3.1535,3.1535,3.1535,3.1585,3.1585,3.1585,3.1585,1
2026-06-30 05:11:00,3.153,3.153,3.153,3.153,3.158,3.158,3.158,3.158,1
2026-06-30 05:12:00,3.1535,3.154,3.1535,3.154,3.1585,3.159,3.1585,3.159,2
2026-06-30 05:14:00,3.1535,3.154,3.1535,3.154,3.1585,3.159,3.1585,3.159,2
2026-06-30 05:15:00,3.1535,3.1535,3.1535,3.1535,3.1585,3.1585,3.1585,3.1585,1
2026-06-30 05:17:00,3.153,3.155,3.153,3.155,3.158,3.16,3.158,3.16,4
2026-06-30 05:18:00,3.154,3.154,3.154,3.154,3.159,3.159,3.159,3.159,1
2026-06-30 05:21:00,3.153,3.153,3.153,3.153,3.158,3.158,3.158,3.158,1
2026-06-30 05:24:00,3.152,3.152,3.1505,3.151,3.157,3.157,3.1555,3.156,6
2026-06-30 05:25:00,3.152,3.152,3.152,3.152,3.157,3.157,3.157,3.157,1
2026-06-30 05:26:00,3.151,3.151,3.151,3.151,3.156,3.156,3.156,3.156,1
2026-06-30 05:27:00,3.15,3.15,3.15,3.15,3.155,3.155,3.155,3.155,1
2026-06-30 05:28:00,3.149,3.15,3.149,3.149,3.154,3.155,3.154,3.154,4
2026-06-30 05:30:00,3.1495,3.154,3.1495,3.153,3.1545,3.159,3.1545,3.158,21
2026-06-30 05:31:00,3.152,3.153,3.152,3.153,3.157,3.158,3.157,3.158,3
2026-06-30 05:33:00,3.152,3.152,3.151,3.152,3.157,3.157,3.156,3.157,5
2026-06-30 05:34:00,3.151,3.151,3.151,3.151,3.156,3.156,3.156,3.156,1
2026-06-30 05:35:00,3.1515,3.152,3.1515,3.152,3.1565,3.157,3.1565,3.157,2
2026-06-30 05:36:00,3.153,3.153,3.152,3.1525,3.158,3.158,3.157,3.1575,5
2026-06-30 05:37:00,3.153,3.153,3.152,3.152,3.158,3.158,3.157,3.157,5
2026-06-30 05:39:00,3.151,3.151,3.151,3.151,3.156,3.156,3.156,3.156,1
2026-06-30 05:41:00,3.15,3.15,3.149,3.149,3.155,3.155,3.154,3.154,5
2026-06-30 05:42:00,3.148,3.149,3.147,3.148,3.153,3.154,3.152,3.153,8
2026-06-30 05:44:00,3.147,3.148,3.147,3.147,3.152,3.153,3.152,3.152,11
2026-06-30 05:46:00,3.146,3.146,3.144,3.145,3.151,3.151,3.149,3.15,6
2026-06-30 05:47:00,3.146,3.146,3.145,3.145,3.151,3.151,3.15,3.15,6
2026-06-30 05:49:00,3.1455,3.146,3.145,3.146,3.1505,3.151,3.15,3.151,10
2026-06-30 05:52:00,3.145,3.145,3.144,3.145,3.15,3.15,3.149,3.15,5
2026-06-30 05:53:00,3.144,3.145,3.143,3.143,3.149,3.15,3.148,3.148,7
2026-06-30 05:54:00,3.142,3.143,3.141,3.142,3.147,3.148,3.146,3.147,12
2026-06-30 05:55:00,3.143,3.143,3.142,3.143,3.148,3.148,3.147,3.148,10
2026-06-30 05:56:00,3.142,3.143,3.142,3.1425,3.147,3.148,3.147,3.1475,4
2026-06-30 05:57:00,3.143,3.144,3.143,3.144,3.148,3.149,3.148,3.149,2
2026-06-30 05:58:00,3.145,3.146,3.145,3.146,3.15,3.151,3.15,3.151,2
2026-06-30 05:59:00,3.147,3.149,3.147,3.148,3.152,3.154,3.152,3.153,18
2026-06-30 06:00:00,3.1485,3.149,3.1485,3.149,3.1535,3.154,3.1535,3.154,2
2026-06-30 06:01:00,3.1485,3.1485,3.147,3.148,3.1535,3.1535,3.152,3.153,3
2026-06-30 06:02:00,3.1485,3.1485,3.148,3.148,3.1535,3.1535,3.153,3.153,4
2026-06-30 06:04:00,3.147,3.147,3.147,3.147,3.152,3.152,3.152,3.152,1
2026-06-30 06:05:00,3.1465,3.1465,3.146,3.146,3.1515,3.1515,3.151,3.151,2
2026-06-30 06:10:00,3.145,3.1455,3.144,3.145,3.15,3.1505,3.149,3.15,6
2026-06-30 06:11:00,3.146,3.146,3.146,3.146,3.151,3.151,3.151,3.151,1
2026-06-30 06:12:00,3.148,3.148,3.1465,3.147,3.153,3.153,3.1515,3.152,4
2026-06-30 06:13:00,3.1465,3.147,3.146,3.147,3.1515,3.152,3.151,3.152,3
2026-06-30 06:14:00,3.1475,3.148,3.1475,3.148,3.1525,3.153,3.1525,3.153,2
2026-06-30 06:17:00,3.147,3.1475,3.147,3.1475,3.152,3.1525,3.152,3.1525,2
2026-06-30 06:18:00,3.148,3.148,3.147,3.147,3.153,3.153,3.152,3.152,5
2026-06-30 06:19:00,3.1475,3.148,3.147,3.148,3.1525,3.153,3.152,3.153,3
2026-06-30 06:20:00,3.1485,3.1505,3.1485,3.15,3.1535,3.1555,3.1535,3.155,5
2026-06-30 06:21:00,3.149,3.15,3.149,3.15,3.154,3.155,3.154,3.155,2
2026-06-30 06:22:00,3.1495,3.1495,3.149,3.149,3.1545,3.1545,3.154,3.154,2
2026-06-30 06:24:00,3.1495,3.15,3.1495,3.15,3.1545,3.155,3.1545,3.155,2
2026-06-30 06:25:00,3.149,3.15,3.149,3.1495,3.154,3.155,3.154,3.1545,5
2026-06-30 06:26:00,3.15,3.15,3.1495,3.15,3.155,3.155,3.1545,3.155,5
2026-06-30 06:30:00,3.1505,3.151,3.15,3.15,3.1555,3.156,3.155,3.155,10
2026-06-30 06:31:00,3.1505,3.151,3.15,3.15,3.1555,3.156,3.155,3.155,6
2026-06-30 06:32:00,3.151,3.151,3.15,3.1505,3.156,3.156,3.155,3.1555,19
2026-06-30 06:33:00,3.15,3.1525,3.15,3.152,3.155,3.1575,3.155,3.157,5
2026-06-30 06:34:00,3.1525,3.1525,3.152,3.1525,3.1575,3.1575,3.157,3.1575,3
2026-06-30 06:35:00,3.1515,3.152,3.1515,3.152,3.1565,3.157,3.1565,3.157,2
2026-06-30 06:36:00,3.1525,3.153,3.1525,3.153,3.1575,3.158,3.1575,3.158,2
2026-06-30 06:39:00,3.1535,3.154,3.153,3.1535,3.1585,3.159,3.158,3.1585,14
2026-06-30 06:40:00,3.154,3.154,3.1535,3.154,3.159,3.159,3.1585,3.159,5
2026-06-30 06:42:00,3.153,3.1545,3.153,3.154,3.158,3.1595,3.158,3.159,5
2026-06-30 06:43:00,3.1545,3.1545,3.1545,3.1545,3.1595,3.1595,3.1595,3.1595,1
2026-06-30 06:44:00,3.154,3.154,3.1535,3.1535,3.159,3.159,3.1585,3.1585,2
2026-06-30 06:45:00,3.154,3.154,3.153,3.1535,3.159,3.159,3.158,3.1585,6
2026-06-30 06:46:00,3.154,3.154,3.154,3.154,3.159,3.159,3.159,3.159,1
2026-06-30 06:56:00,3.153,3.153,3.152,3.152,3.158,3.158,3.157,3.157,3
2026-06-30 07:00:00,3.151,3.151,3.148,3.148,3.156,3.156,3.153,3.153,9
2026-06-30 07:01:00,3.149,3.149,3.143,3.145,3.154,3.154,3.148,3.15,20
2026-06-30 07:02:00,3.146,3.147,3.146,3.147,3.151,3.152,3.151,3.152,2
2026-06-30 07:03:00,3.1465,3.148,3.146,3.148,3.1515,3.153,3.151,3.153,5
2026-06-30 07:04:00,3.1485,3.149,3.148,3.149,3.1535,3.154,3.153,3.154,3
2026-06-30 07:05:00,3.148,3.148,3.148,3.148,3.153,3.153,3.153,3.153,1
2026-06-30 07:11:00,3.149,3.149,3.149,3.149,3.154,3.154,3.154,3.154,1
2026-06-30 07:12:00,3.15,3.15,3.15,3.15,3.155,3.155,3.155,3.155,1
2026-06-30 07:17:00,3.151,3.151,3.151,3.151,3.156,3.156,3.156,3.156,1
2026-06-30 07:19:00,3.152,3.152,3.15,3.1515,3.157,3.157,3.155,3.1565,5
2026-06-30 07:20:00,3.152,3.153,3.152,3.153,3.157,3.158,3.157,3.158,2
2026-06-30 07:21:00,3.1535,3.154,3.1535,3.154,3.1585,3.159,3.1585,3.159,2
2026-06-30 07:23:00,3.153,3.153,3.152,3.153,3.158,3.158,3.157,3.158,5
2026-06-30 07:24:00,3.1525,3.153,3.1525,3.153,3.1575,3.158,3.1575,3.158,2
2026-06-30 07:25:00,3.1525,3.153,3.1525,3.1525,3.1575,3.158,3.1575,3.1575,3
2026-06-30 07:26:00,3.153,3.153,3.153,3.153,3.158,3.158,3.158,3.158,1
2026-06-30 07:28:00,3.152,3.152,3.152,3.152,3.157,3.157,3.157,3.157,1
2026-06-30 07:29:00,3.1525,3.153,3.1525,3.153,3.1575,3.158,3.1575,3.158,2
2026-06-30 07:30:00,3.152,3.152,3.151,3.151,3.157,3.157,3.156,3.156,4
2026-06-30 07:37:00,3.15,3.1505,3.149,3.1505,3.155,3.1555,3.154,3.1555,5
2026-06-30 07:38:00,3.151,3.151,3.1505,3.151,3.156,3.156,3.1555,3.156,3
2026-06-30 07:39:00,3.1505,3.152,3.1505,3.152,3.1555,3.157,3.1555,3.157,3
2026-06-30 07:42:00,3.151,3.151,3.151,3.151,3.156,3.156,3.156,3.156,1
2026-06-30 07:44:00,3.1515,3.152,3.1515,3.152,3.1565,3.157,3.1565,3.157,2
2026-06-30 07:45:00,3.153,3.153,3.1515,3.1515,3.158,3.158,3.1565,3.1565,6
2026-06-30 07:46:00,3.152,3.153,3.152,3.153,3.157,3.158,3.157,3.158,3
2026-06-30 07:47:00,3.1525,3.1525,3.1525,3.1525,3.1575,3.1575,3.1575,3.1575,1
2026-06-30 07:48:00,3.153,3.153,3.1525,3.1525,3.158,3.158,3.1575,3.1575,2
2026-06-30 07:49:00,3.153,3.155,3.153,3.153,3.158,3.16,3.158,3.158,7
2026-06-30 07:50:00,3.1525,3.1525,3.152,3.152,3.1575,3.1575,3.157,3.157,2
2026-06-30 07:51:00,3.151,3.1515,3.151,3.1515,3.156,3.1565,3.156,3.1565,2
2026-06-30 07:52:00,3.152,3.152,3.1515,3.1515,3.157,3.157,3.1565,3.1565,4
2026-06-30 07:53:00,3.151,3.153,3.15,3.151,3.156,3.158,3.155,3.156,7
2026-06-30 07:54:00,3.1515,3.1515,3.151,3.1515,3.1565,3.1565,3.156,3.1565,3
2026-06-30 07:55:00,3.151,3.156,3.15,3.154,3.156,3.161,3.155,3.159,31
2026-06-30 07:56:00,3.155,3.156,3.1525,3.153,3.16,3.161,3.1575,3.158,11
2026-06-30 07:57:00,3.154,3.154,3.152,3.152,3.159,3.159,3.157,3.157,4
2026-06-30 07:58:00,3.1515,3.152,3.1515,3.152,3.1565,3.157,3.1565,3.157,2
2026-06-30 07:59:00,3.1525,3.1525,3.1525,3.1525,3.1575,3.1575,3.1575,3.1575,1
2026-06-30 08:00:00,3.153,3.153,3.153,3.153,3.158,3.158,3.158,3.158,1
2026-06-30 08:01:00,3.152,3.153,3.151,3.152,3.157,3.158,3.156,3.157,8
2026-06-30 08:02:00,3.1515,3.152,3.1515,3.152,3.1565,3.157,3.1565,3.157,2
2026-06-30 08:03:00,3.151,3.151,3.151,3.151,3.156,3.156,3.156,3.156,1
2026-06-30 08:04:00,3.1505,3.1505,3.149,3.149,3.1555,3.1555,3.154,3.154,9
2026-06-30 08:05:00,3.148,3.1505,3.148,3.15,3.153,3.1555,3.153,3.155,7
2026-06-30 08:06:00,3.149,3.149,3.149,3.149,3.154,3.154,3.154,3.154,1
2026-06-30 08:07:00,3.1495,3.15,3.1495,3.15,3.1545,3.155,3.1545,3.155,2
2026-06-30 08:08:00,3.151,3.151,3.15,3.151,3.156,3.156,3.155,3.156,4
2026-06-30 08:09:00,3.15,3.15,3.149,3.149,3.155,3.155,3.154,3.154,2
2026-06-30 08:10:00,3.15,3.15,3.149,3.149,3.155,3.155,3.154,3.154,4
2026-06-30 08:11:00,3.1495,3.1505,3.1495,3.1505,3.1545,3.1555,3.1545,3.1555,3
2026-06-30 08:12:00,3.15,3.151,3.15,3.151,3.155,3.156,3.155,3.156,3
2026-06-30 08:13:00,3.152,3.153,3.152,3.153,3.157,3.158,3.157,3.158,2
2026-06-30 08:14:00,3.152,3.1525,3.152,3.1525,3.157,3.1575,3.157,3.1575,2
2026-06-30 08:15:00,3.152,3.152,3.151,3.151,3.157,3.157,3.156,3.156,2
2026-06-30 08:17:00,3.15,3.15,3.148,3.148,3.155,3.155,3.153,3.153,3
2026-06-30 08:19:00,3.149,3.149,3.149,3.149,3.154,3.154,3.154,3.154,1
2026-06-30 08:20:00,3.148,3.149,3.148,3.149,3.153,3.154,3.153,3.154,2
2026-06-30 08:23:00,3.15,3.15,3.15,3.15,3.155,3.155,3.155,3.155,1
2026-06-30 08:25:00,3.151,3.1515,3.15,3.151,3.156,3.1565,3.155,3.156,5
2026-06-30 08:28:00,3.1515,3.1525,3.1515,3.152,3.1565,3.1575,3.1565,3.157,4
2026-06-30 08:29:00,3.1525,3.159,3.1525,3.158,3.1575,3.164,3.1575,3.163,17
2026-06-30 08:30:00,3.159,3.16,3.158,3.159,3.164,3.165,3.163,3.164,6
2026-06-30 08:31:00,3.16,3.169,3.16,3.168,3.165,3.174,3.165,3.173,36
2026-06-30 08:32:00,3.1685,3.169,3.166,3.1685,3.1735,3.174,3.171,3.1735,16
2026-06-30 08:33:00,3.169,3.1725,3.1675,3.168,3.174,3.1775,3.1725,3.173,14
2026-06-30 08:34:00,3.169,3.169,3.165,3.168,3.174,3.174,3.17,3.173,14
2026-06-30 08:35:00,3.169,3.171,3.1685,3.169,3.174,3.176,3.1735,3.174,19
2026-06-30 08:36:00,3.17,3.172,3.17,3.171,3.175,3.177,3.175,3.176,12
2026-06-30 08:37:00,3.1705,3.1715,3.17,3.17,3.1755,3.1765,3.175,3.175,8
2026-06-30 08:38:00,3.169,3.169,3.168,3.168,3.174,3.174,3.173,3.173,2
2026-06-30 08:39:00,3.167,3.167,3.1665,3.167,3.172,3.172,3.1715,3.172,3
2026-06-30 08:40:00,3.1665,3.169,3.163,3.168,3.1715,3.174,3.168,3.173,17
2026-06-30 08:41:00,3.169,3.172,3.169,3.172,3.174,3.177,3.174,3.177,6
2026-06-30 08:42:00,3.171,3.173,3.17,3.171,3.176,3.178,3.175,3.176,14
2026-06-30 08:43:00,3.1715,3.173,3.168,3.171,3.1765,3.178,3.173,3.176,21
2026-06-30 08:44:00,3.1715,3.173,3.1715,3.172,3.1765,3.178,3.1765,3.177,9
2026-06-30 08:45:00,3.171,3.174,3.17,3.173,3.176,3.179,3.175,3.178,20
2026-06-30 08:46:00,3.1735,3.179,3.1735,3.179,3.1785,3.184,3.1785,3.184,17
2026-06-30 08:47:00,3.178,3.179,3.178,3.179,3.183,3.184,3.183,3.184,18
2026-06-30 08:48:00,3.18,3.18,3.177,3.178,3.185,3.185,3.182,3.183,9
2026-06-30 08:49:00,3.177,3.178,3.177,3.177,3.182,3.183,3.182,3.182,4
2026-06-30 08:50:00,3.1765,3.177,3.175,3.176,3.1815,3.182,3.18,3.181,22
2026-06-30 08:51:00,3.177,3.184,3.175,3.184,3.182,3.189,3.18,3.189,21
2026-06-30 08:52:00,3.183,3.183,3.179,3.18,3.188,3.188,3.184,3.185,11
2026-06-30 08:53:00,3.1795,3.18,3.178,3.178,3.1845,3.185,3.183,3.183,6
2026-06-30 08:54:00,3.1775,3.179,3.176,3.177,3.1825,3.184,3.181,3.182,10
2026-06-30 08:55:00,3.1775,3.178,3.1775,3.178,3.1825,3.183,3.1825,3.183,4
2026-06-30 08:56:00,3.177,3.181,3.177,3.18,3.182,3.186,3.182,3.185,8
2026-06-30 08:57:00,3.1805,3.181,3.179,3.179,3.1855,3.186,3.184,3.184,14
2026-06-30 08:58:00,3.1785,3.179,3.1785,3.179,3.1835,3.184,3.1835,3.184,2
2026-06-30 08:59:00,3.18,3.18,3.177,3.179,3.185,3.185,3.182,3.184,6
2026-06-30 09:00:00,3.178,3.179,3.175,3.176,3.183,3.184,3.18,3.181,17
2026-06-30 09:01:00,3.1755,3.176,3.172,3.173,3.1805,3.181,3.177,3.178,44
2026-06-30 09:02:00,3.174,3.177,3.173,3.177,3.179,3.182,3.178,3.182,8
2026-06-30 09:03:00,3.178,3.178,3.177,3.178,3.183,3.183,3.182,3.183,3
2026-06-30 09:04:00,3.177,3.181,3.177,3.177,3.182,3.186,3.182,3.182,12
2026-06-30 09:05:00,3.178,3.178,3.1775,3.178,3.183,3.183,3.1825,3.183,3
2026-06-30 09:06:00,3.177,3.177,3.176,3.176,3.182,3.182,3.181,3.181,4
2026-06-30 09:07:00,3.1765,3.177,3.176,3.176,3.1815,3.182,3.181,3.181,6
2026-06-30 09:08:00,3.175,3.176,3.175,3.176,3.18,3.181,3.18,3.181,5
2026-06-30 09:09:00,3.175,3.176,3.175,3.176,3.18,3.181,3.18,3.181,2
2026-06-30 09:11:00,3.179,3.18,3.1775,3.179,3.184,3.185,3.1825,3.184,14
2026-06-30 09:12:00,3.1795,3.18,3.179,3.179,3.1845,3.185,3.184,3.184,7
2026-06-30 09:13:00,3.178,3.182,3.1775,3.181,3.183,3.187,3.1825,3.186,13
2026-06-30 09:14:00,3.1805,3.1805,3.179,3.179,3.1855,3.1855,3.184,3.184,3
2026-06-30 09:15:00,3.178,3.178,3.177,3.178,3.183,3.183,3.182,3.183,7
2026-06-30 09:17:00,3.177,3.177,3.177,3.177,3.182,3.182,3.182,3.182,1
2026-06-30 09:18:00,3.178,3.178,3.178,3.178,3.183,3.183,3.183,3.183,1
2026-06-30 09:19:00,3.177,3.178,3.176,3.178,3.182,3.183,3.181,3.183,8
2026-06-30 09:22:00,3.177,3.178,3.176,3.176,3.182,3.183,3.181,3.181,9
2026-06-30 09:24:00,3.175,3.179,3.175,3.179,3.18,3.184,3.18,3.184,12
2026-06-30 09:25:00,3.178,3.179,3.177,3.177,3.183,3.184,3.182,3.182,4
2026-06-30 09:26:00,3.178,3.179,3.178,3.179,3.183,3.184,3.183,3.184,2
2026-06-30 09:27:00,3.178,3.181,3.178,3.18,3.183,3.186,3.183,3.185,11
2026-06-30 09:28:00,3.181,3.184,3.181,3.183,3.186,3.189,3.186,3.188,12
2026-06-30 09:30:00,3.182,3.184,3.1815,3.183,3.187,3.189,3.1865,3.188,19
2026-06-30 09:31:00,3.184,3.187,3.183,3.185,3.189,3.192,3.188,3.19,22
2026-06-30 09:32:00,3.1855,3.186,3.185,3.186,3.1905,3.191,3.19,3.191,4
2026-06-30 09:33:00,3.185,3.189,3.184,3.187,3.19,3.194,3.189,3.192,20
2026-06-30 09:34:00,3.1865,3.1865,3.184,3.1845,3.1915,3.1915,3.189,3.1895,5
2026-06-30 09:35:00,3.183,3.185,3.183,3.184,3.188,3.19,3.188,3.189,8
2026-06-30 09:36:00,3.185,3.1855,3.184,3.185,3.19,3.1905,3.189,3.19,5
2026-06-30 09:37:00,3.1855,3.186,3.185,3.185,3.1905,3.191,3.19,3.19,5
2026-06-30 09:38:00,3.186,3.186,3.184,3.186,3.191,3.191,3.189,3.191,5
2026-06-30 09:39:00,3.185,3.185,3.184,3.185,3.19,3.19,3.189,3.19,3
2026-06-30 09:40:00,3.184,3.185,3.184,3.185,3.189,3.19,3.189,3.19,2
2026-06-30 09:43:00,3.184,3.184,3.184,3.184,3.189,3.189,3.189,3.189,1
2026-06-30 09:44:00,3.183,3.184,3.182,3.184,3.188,3.189,3.187,3.189,4
2026-06-30 09:45:00,3.185,3.188,3.185,3.187,3.19,3.193,3.19,3.192,8
2026-06-30 09:46:00,3.186,3.191,3.186,3.19,3.191,3.196,3.191,3.195,20
2026-06-30 09:47:00,3.189,3.189,3.188,3.189,3.194,3.194,3.193,3.194,3
2026-06-30 09:48:00,3.188,3.19,3.188,3.189,3.193,3.195,3.193,3.194,4
2026-06-30 09:50:00,3.1885,3.1885,3.185,3.186,3.1935,3.1935,3.19,3.191,11
2026-06-30 09:51:00,3.187,3.188,3.187,3.188,3.192,3.193,3.192,3.193,2
2026-06-30 09:53:00,3.187,3.188,3.187,3.187,3.192,3.193,3.192,3.192,3
2026-06-30 09:55:00,3.1875,3.188,3.187,3.187,3.1925,3.193,3.192,3.192,3
2026-06-30 09:56:00,3.186,3.189,3.186,3.189,3.191,3.194,3.191,3.194,4
2026-06-30 09:59:00,3.1895,3.19,3.189,3.189,3.1945,3.195,3.194,3.194,3
2026-06-30 10:02:00,3.19,3.19,3.189,3.189,3.195,3.195,3.194,3.194,4
2026-06-30 10:03:00,3.19,3.19,3.189,3.189,3.195,3.195,3.194,3.194,2
2026-06-30 10:04:00,3.19,3.191,3.189,3.19,3.195,3.196,3.194,3.195,5
2026-06-30 10:06:00,3.191,3.192,3.191,3.192,3.196,3.197,3.196,3.197,4
2026-06-30 10:07:00,3.191,3.192,3.191,3.191,3.196,3.197,3.196,3.196,3
2026-06-30 10:08:00,3.19,3.191,3.19,3.19,3.195,3.196,3.195,3.195,4
2026-06-30 10:10:00,3.191,3.191,3.19,3.191,3.196,3.196,3.195,3.196,3
2026-06-30 10:12:00,3.192,3.192,3.191,3.192,3.197,3.197,3.196,3.197,3
2026-06-30 10:13:00,3.193,3.194,3.192,3.193,3.198,3.199,3.197,3.198,4
2026-06-30 10:15:00,3.194,3.195,3.194,3.194,3.199,3.2,3.199,3.199,3
2026-06-30 10:16:00,3.1935,3.194,3.1935,3.194,3.1985,3.199,3.1985,3.199,2
2026-06-30 10:19:00,3.195,3.195,3.193,3.193,3.2,3.2,3.198,3.198,8
2026-06-30 10:20:00,3.192,3.192,3.19,3.191,3.197,3.197,3.195,3.196,8
2026-06-30 10:21:00,3.192,3.195,3.191,3.194,3.197,3.2,3.196,3.199,10
2026-06-30 10:22:00,3.195,3.195,3.192,3.192,3.2,3.2,3.197,3.197,8
2026-06-30 10:23:00,3.193,3.193,3.192,3.193,3.198,3.198,3.197,3.198,3
2026-06-30 10:24:00,3.194,3.195,3.193,3.194,3.199,3.2,3.198,3.199,5
2026-06-30 10:26:00,3.193,3.193,3.193,3.193,3.198,3.198,3.198,3.198,1
2026-06-30 10:28:00,3.192,3.194,3.192,3.194,3.197,3.199,3.197,3.199,3
2026-06-30 10:31:00,3.195,3.196,3.195,3.195,3.2,3.201,3.2,3.2,4
2026-06-30 10:33:00,3.194,3.194,3.194,3.194,3.199,3.199,3.199,3.199,1
2026-06-30 10:35:00,3.193,3.193,3.193,3.193,3.198,3.198,3.198,3.198,1
2026-06-30 10:36:00,3.192,3.193,3.191,3.193,3.197,3.198,3.196,3.198,4
2026-06-30 10:37:00,3.194,3.195,3.194,3.195,3.199,3.2,3.199,3.2,2
2026-06-30 10:39:00,3.194,3.194,3.194,3.194,3.199,3.199,3.199,3.199,1
2026-06-30 10:40:00,3.195,3.197,3.195,3.197,3.2,3.202,3.2,3.202,9
2026-06-30 10:41:00,3.196,3.196,3.195,3.195,3.201,3.201,3.2,3.2,2
2026-06-30 10:43:00,3.194,3.194,3.194,3.194,3.199,3.199,3.199,3.199,1
2026-06-30 10:44:00,3.195,3.195,3.194,3.195,3.2,3.2,3.199,3.2,3
2026-06-30 10:45:00,3.194,3.195,3.194,3.195,3.199,3.2,3.199,3.2,2
2026-06-30 10:47:00,3.1945,3.195,3.194,3.195,3.1995,3.2,3.199,3.2,5
2026-06-30 10:49:00,3.194,3.195,3.194,3.194,3.199,3.2,3.199,3.199,3
2026-06-30 10:50:00,3.193,3.193,3.19,3.191,3.198,3.198,3.195,3.196,7
2026-06-30 10:51:00,3.192,3.195,3.192,3.194,3.197,3.2,3.197,3.199,11
2026-06-30 10:52:00,3.193,3.193,3.192,3.192,3.198,3.198,3.197,3.197,6
2026-06-30 10:53:00,3.193,3.193,3.193,3.193,3.198,3.198,3.198,3.198,1
2026-06-30 10:54:00,3.192,3.193,3.192,3.193,3.197,3.198,3.197,3.198,2
2026-06-30 10:55:00,3.1925,3.1925,3.192,3.192,3.1975,3.1975,3.197,3.197,2
2026-06-30 10:56:00,3.191,3.192,3.191,3.192,3.196,3.197,3.196,3.197,2
2026-06-30 10:57:00,3.191,3.192,3.191,3.192,3.196,3.197,3.196,3.197,4
2026-06-30 10:58:00,3.191,3.192,3.191,3.192,3.196,3.197,3.196,3.197,2
2026-06-30 10:59:00,3.193,3.193,3.193,3.193,3.198,3.198,3.198,3.198,1
2026-06-30 11:00:00,3.192,3.1935,3.192,3.193,3.197,3.1985,3.197,3.198,4
2026-06-30 11:01:00,3.192,3.192,3.191,3.191,3.197,3.197,3.196,3.196,4
2026-06-30 11:02:00,3.192,3.192,3.191,3.191,3.197,3.197,3.196,3.196,2
2026-06-30 11:04:00,3.19,3.19,3.187,3.188,3.195,3.195,3.192,3.193,8
2026-06-30 11:05:00,3.187,3.188,3.187,3.188,3.192,3.193,3.192,3.193,2
2026-06-30 11:06:00,3.187,3.188,3.187,3.188,3.192,3.193,3.192,3.193,10
2026-06-30 11:07:00,3.1885,3.193,3.1885,3.192,3.1935,3.198,3.1935,3.197,12
2026-06-30 11:08:00,3.1915,3.192,3.191,3.191,3.1965,3.197,3.196,3.196,8
2026-06-30 11:09:00,3.192,3.192,3.191,3.192,3.197,3.197,3.196,3.197,4
2026-06-30 11:10:00,3.191,3.193,3.191,3.193,3.196,3.198,3.196,3.198,9
2026-06-30 11:14:00,3.194,3.195,3.194,3.195,3.199,3.2,3.199,3.2,2
2026-06-30 11:15:00,3.194,3.196,3.194,3.195,3.199,3.201,3.199,3.2,4
2026-06-30 11:16:00,3.196,3.196,3.195,3.196,3.201,3.201,3.2,3.201,4
2026-06-30 11:18:00,3.197,3.197,3.196,3.197,3.202,3.202,3.201,3.202,3
2026-06-30 11:19:00,3.196,3.196,3.194,3.196,3.201,3.201,3.199,3.201,9
2026-06-30 11:20:00,3.197,3.197,3.196,3.196,3.202,3.202,3.201,3.201,2
2026-06-30 11:21:00,3.195,3.197,3.195,3.197,3.2,3.202,3.2,3.202,3
2026-06-30 11:22:00,3.196,3.197,3.196,3.197,3.201,3.202,3.201,3.202,2
2026-06-30 11:23:00,3.196,3.196,3.196,3.196,3.201,3.201,3.201,3.201,1
2026-06-30 11:24:00,3.195,3.195,3.194,3.194,3.2,3.2,3.199,3.199,2
2026-06-30 11:25:00,3.193,3.193,3.191,3.192,3.198,3.198,3.196,3.197,18
2026-06-30 11:26:00,3.191,3.191,3.19,3.191,3.196,3.196,3.195,3.196,3
2026-06-30 11:28:00,3.192,3.192,3.191,3.191,3.197,3.197,3.196,3.196,2
2026-06-30 11:29:00,3.192,3.193,3.191,3.193,3.197,3.198,3.196,3.198,9
2026-06-30 11:30:00,3.192,3.192,3.191,3.191,3.197,3.197,3.196,3.196,2
2026-06-30 11:31:00,3.1905,3.192,3.19,3.192,3.1955,3.197,3.195,3.197,7
2026-06-30 11:32:00,3.193,3.193,3.191,3.192,3.198,3.198,3.196,3.197,6
2026-06-30 11:35:00,3.193,3.193,3.192,3.193,3.198,3.198,3.197,3.198,3
2026-06-30 11:36:00,3.194,3.194,3.193,3.194,3.199,3.199,3.198,3.199,3
2026-06-30 11:37:00,3.193,3.194,3.193,3.194,3.198,3.199,3.198,3.199,3
2026-06-30 11:38:00,3.193,3.1935,3.192,3.192,3.198,3.1985,3.197,3.197,16
2026-06-30 11:39:00,3.1925,3.193,3.192,3.192,3.1975,3.198,3.197,3.197,3
2026-06-30 11:40:00,3.191,3.192,3.191,3.192,3.196,3.197,3.196,3.197,2
2026-06-30 11:44:00,3.191,3.192,3.191,3.191,3.196,3.197,3.196,3.196,5
2026-06-30 11:45:00,3.19,3.191,3.19,3.191,3.195,3.196,3.195,3.196,4
2026-06-30 11:46:00,3.192,3.192,3.192,3.192,3.197,3.197,3.197,3.197,1
2026-06-30 11:47:00,3.193,3.193,3.193,3.193,3.198,3.198,3.198,3.198,1
2026-06-30 11:48:00,3.194,3.194,3.193,3.194,3.199,3.199,3.198,3.199,4
2026-06-30 11:49:00,3.195,3.195,3.193,3.194,3.2,3.2,3.198,3.199,4
2026-06-30 11:53:00,3.1945,3.197,3.194,3.196,3.1995,3.202,3.199,3.201,12
2026-06-30 11:54:00,3.195,3.195,3.194,3.194,3.2,3.2,3.199,3.199,5
2026-06-30 11:56:00,3.193,3.194,3.193,3.194,3.198,3.199,3.198,3.199,2
2026-06-30 11:57:00,3.193,3.194,3.193,3.194,3.198,3.199,3.198,3.199,2
2026-06-30 11:58:00,3.195,3.201,3.194,3.201,3.2,3.206,3.199,3.206,23
2026-06-30 11:59:00,3.202,3.2035,3.202,3.2035,3.207,3.2085,3.207,3.2085,7
2026-06-30 12:00:00,3.204,3.206,3.199,3.199,3.209,3.211,3.204,3.204,18
2026-06-30 12:01:00,3.198,3.2,3.198,3.199,3.203,3.205,3.203,3.204,10
2026-06-30 12:02:00,3.1995,3.2,3.199,3.2,3.2045,3.205,3.204,3.205,4
2026-06-30 12:04:00,3.201,3.203,3.201,3.203,3.206,3.208,3.206,3.208,5
2026-06-30 12:05:00,3.202,3.202,3.202,3.202,3.207,3.207,3.207,3.207,1
2026-06-30 12:06:00,3.2025,3.2025,3.202,3.202,3.2075,3.2075,3.207,3.207,2
2026-06-30 12:07:00,3.201,3.202,3.201,3.201,3.206,3.207,3.206,3.206,3
2026-06-30 12:08:00,3.202,3.202,3.2,3.201,3.207,3.207,3.205,3.206,9
2026-06-30 12:09:00,3.2005,3.203,3.2,3.203,3.2055,3.208,3.205,3.208,6
2026-06-30 12:10:00,3.204,3.204,3.204,3.204,3.209,3.209,3.209,3.209,1
2026-06-30 12:11:00,3.205,3.206,3.205,3.206,3.21,3.211,3.21,3.211,4
2026-06-30 12:12:00,3.207,3.2085,3.206,3.208,3.212,3.2135,3.211,3.213,6
2026-06-30 12:13:00,3.209,3.21,3.208,3.209,3.214,3.215,3.213,3.214,15
2026-06-30 12:14:00,3.21,3.21,3.208,3.209,3.215,3.215,3.213,3.214,4
2026-06-30 12:15:00,3.21,3.21,3.209,3.209,3.215,3.215,3.214,3.214,2
2026-06-30 12:16:00,3.2095,3.211,3.209,3.209,3.2145,3.216,3.214,3.214,4
2026-06-30 12:17:00,3.2085,3.209,3.2085,3.209,3.2135,3.214,3.2135,3.214,2
2026-06-30 12:19:00,3.208,3.209,3.208,3.209,3.213,3.214,3.213,3.214,5
2026-06-30 12:20:00,3.208,3.208,3.207,3.207,3.213,3.213,3.212,3.212,2
2026-06-30 12:22:00,3.206,3.208,3.206,3.207,3.211,3.213,3.211,3.212,6
2026-06-30 12:23:00,3.206,3.208,3.203,3.204,3.211,3.213,3.208,3.209,18
2026-06-30 12:24:00,3.205,3.206,3.204,3.204,3.21,3.211,3.209,3.209,13
2026-06-30 12:25:00,3.2035,3.205,3.203,3.204,3.2085,3.21,3.208,3.209,9
2026-06-30 12:26:00,3.205,3.206,3.205,3.206,3.21,3.211,3.21,3.211,3
2026-06-30 12:27:00,3.205,3.207,3.205,3.207,3.21,3.212,3.21,3.212,11
2026-06-30 12:28:00,3.2065,3.218,3.206,3.218,3.2115,3.223,3.211,3.223,60
2026-06-30 12:29:00,3.217,3.218,3.217,3.217,3.222,3.223,3.222,3.222,12
2026-06-30 12:30:00,3.218,3.219,3.215,3.215,3.223,3.224,3.22,3.22,12
2026-06-30 12:31:00,3.214,3.214,3.214,3.214,3.219,3.219,3.219,3.219,1
2026-06-30 12:32:00,3.2135,3.215,3.213,3.214,3.2185,3.22,3.218,3.219,5
2026-06-30 12:33:00,3.2135,3.214,3.211,3.211,3.2185,3.219,3.216,3.216,6
2026-06-30 12:34:00,3.21,3.21,3.208,3.209,3.215,3.215,3.213,3.214,8
2026-06-30 12:35:00,3.208,3.209,3.207,3.208,3.213,3.214,3.212,3.213,19
2026-06-30 12:36:00,3.209,3.209,3.209,3.209,3.214,3.214,3.214,3.214,1
2026-06-30 12:37:00,3.2085,3.211,3.2085,3.21,3.2135,3.216,3.2135,3.215,7
2026-06-30 12:38:00,3.209,3.211,3.209,3.211,3.214,3.216,3.214,3.216,14
2026-06-30 12:39:00,3.212,3.214,3.212,3.213,3.217,3.219,3.217,3.218,16
2026-06-30 12:40:00,3.212,3.2125,3.21,3.211,3.217,3.2175,3.215,3.216,8
2026-06-30 12:42:00,3.21,3.211,3.209,3.209,3.215,3.216,3.214,3.214,11
2026-06-30 12:43:00,3.208,3.209,3.208,3.209,3.213,3.214,3.213,3.214,2
2026-06-30 12:44:00,3.21,3.21,3.21,3.21,3.215,3.215,3.215,3.215,1
2026-06-30 12:45:00,3.2105,3.212,3.207,3.208,3.2155,3.217,3.212,3.213,17
2026-06-30 12:46:00,3.2075,3.208,3.207,3.208,3.2125,3.213,3.212,3.213,5
2026-06-30 12:47:00,3.209,3.212,3.209,3.212,3.214,3.217,3.214,3.217,9
2026-06-30 12:49:00,3.213,3.213,3.213,3.213,3.218,3.218,3.218,3.218,1
2026-06-30 12:50:00,3.212,3.212,3.211,3.212,3.217,3.217,3.216,3.217,9
2026-06-30 12:51:00,3.2115,3.2115,3.206,3.208,3.2165,3.2165,3.211,3.213,12
2026-06-30 12:52:00,3.207,3.208,3.207,3.208,3.212,3.213,3.212,3.213,9
2026-06-30 12:53:00,3.207,3.212,3.207,3.212,3.212,3.217,3.212,3.217,8
2026-06-30 12:54:00,3.211,3.213,3.211,3.212,3.216,3.218,3.216,3.217,5
2026-06-30 12:55:00,3.213,3.213,3.211,3.211,3.218,3.218,3.216,3.216,8
2026-06-30 12:56:00,3.212,3.212,3.211,3.212,3.217,3.217,3.216,3.217,3
2026-06-30 12:57:00,3.2115,3.212,3.21,3.21,3.2165,3.217,3.215,3.215,7
2026-06-30 12:58:00,3.2095,3.21,3.2095,3.21,3.2145,3.215,3.2145,3.215,4
2026-06-30 12:59:00,3.2095,3.21,3.208,3.209,3.2145,3.215,3.213,3.214,9
2026-06-30 13:00:00,3.21,3.213,3.206,3.207,3.215,3.218,3.211,3.212,28
2026-06-30 13:01:00,3.205,3.209,3.203,3.207,3.21,3.214,3.208,3.212,21
2026-06-30 13:02:00,3.208,3.211,3.208,3.211,3.213,3.216,3.213,3.216,8
2026-06-30 13:03:00,3.21,3.21,3.206,3.206,3.215,3.215,3.211,3.211,7
2026-06-30 13:04:00,3.207,3.207,3.206,3.206,3.212,3.212,3.211,3.211,11
2026-06-30 13:05:00,3.208,3.21,3.208,3.209,3.213,3.215,3.213,3.214,14
2026-06-30 13:06:00,3.21,3.21,3.209,3.21,3.215,3.215,3.214,3.215,4
2026-06-30 13:07:00,3.209,3.21,3.209,3.21,3.214,3.215,3.214,3.215,14
2026-06-30 13:09:00,3.211,3.213,3.211,3.213,3.216,3.218,3.216,3.218,3
2026-06-30 13:10:00,3.212,3.212,3.209,3.21,3.217,3.217,3.214,3.215,10
2026-06-30 13:11:00,3.2105,3.214,3.2105,3.213,3.2155,3.219,3.2155,3.218,11
2026-06-30 13:12:00,3.212,3.212,3.21,3.21,3.217,3.217,3.215,3.215,5
2026-06-30 13:14:00,3.2105,3.212,3.2105,3.211,3.2155,3.217,3.2155,3.216,4
2026-06-30 13:15:00,3.212,3.215,3.211,3.212,3.217,3.22,3.216,3.217,17
2026-06-30 13:17:00,3.211,3.212,3.211,3.212,3.216,3.217,3.216,3.217,7
2026-06-30 13:18:00,3.2125,3.213,3.2125,3.213,3.2175,3.218,3.2175,3.218,2
2026-06-30 13:21:00,3.212,3.213,3.211,3.211,3.217,3.218,3.216,3.216,4
2026-06-30 13:23:00,3.21,3.211,3.207,3.208,3.215,3.216,3.212,3.213,13
2026-06-30 13:25:00,3.209,3.21,3.208,3.21,3.214,3.215,3.213,3.215,9
2026-06-30 13:26:00,3.2095,3.2095,3.207,3.208,3.2145,3.2145,3.212,3.213,7
2026-06-30 13:27:00,3.209,3.21,3.208,3.209,3.214,3.215,3.213,3.214,9
2026-06-30 13:28:00,3.21,3.212,3.207,3.212,3.215,3.217,3.212,3.217,13
2026-06-30 13:29:00,3.213,3.213,3.211,3.211,3.218,3.218,3.216,3.216,3
2026-06-30 13:30:00,3.2105,3.214,3.21,3.214,3.2155,3.219,3.215,3.219,6
2026-06-30 13:31:00,3.215,3.216,3.214,3.215,3.22,3.221,3.219,3.22,8
2026-06-30 13:32:00,3.2145,3.2145,3.211,3.213,3.2195,3.2195,3.216,3.218,18
2026-06-30 13:33:00,3.214,3.215,3.213,3.215,3.219,3.22,3.218,3.22,9
2026-06-30 13:34:00,3.216,3.224,3.216,3.221,3.221,3.229,3.221,3.226,43
2026-06-30 13:35:00,3.22,3.22,3.217,3.217,3.225,3.225,3.222,3.222,10
2026-06-30 13:36:00,3.218,3.219,3.215,3.217,3.223,3.224,3.22,3.222,15
2026-06-30 13:37:00,3.218,3.218,3.216,3.217,3.223,3.223,3.221,3.222,4
2026-06-30 13:38:00,3.218,3.218,3.216,3.216,3.223,3.223,3.221,3.221,3
2026-06-30 13:40:00,3.215,3.217,3.212,3.212,3.22,3.222,3.217,3.217,17
2026-06-30 13:41:00,3.213,3.213,3.211,3.211,3.218,3.218,3.216,3.216,11
2026-06-30 13:42:00,3.212,3.216,3.211,3.216,3.217,3.221,3.216,3.221,9
2026-06-30 13:43:00,3.2155,3.218,3.215,3.215,3.2205,3.223,3.22,3.22,10
2026-06-30 13:44:00,3.214,3.215,3.213,3.213,3.219,3.22,3.218,3.218,4
2026-06-30 13:45:00,3.214,3.222,3.214,3.222,3.219,3.227,3.219,3.227,36
2026-06-30 13:46:00,3.223,3.226,3.221,3.224,3.228,3.231,3.226,3.229,42
2026-06-30 13:47:00,3.223,3.226,3.222,3.223,3.228,3.231,3.227,3.228,22
2026-06-30 13:48:00,3.222,3.224,3.222,3.223,3.227,3.229,3.227,3.228,7
2026-06-30 13:49:00,3.222,3.224,3.222,3.223,3.227,3.229,3.227,3.228,4
2026-06-30 13:50:00,3.224,3.224,3.22,3.222,3.229,3.229,3.225,3.227,18
2026-06-30 13:51:00,3.223,3.223,3.221,3.223,3.228,3.228,3.226,3.228,10
2026-06-30 13:52:00,3.222,3.227,3.222,3.227,3.227,3.232,3.227,3.232,10
2026-06-30 13:53:00,3.228,3.231,3.226,3.229,3.233,3.236,3.231,3.234,51
2026-06-30 13:54:00,3.228,3.228,3.226,3.226,3.233,3.233,3.231,3.231,15
2026-06-30 13:55:00,3.227,3.227,3.223,3.223,3.232,3.232,3.228,3.228,5
2026-06-30 13:56:00,3.224,3.229,3.222,3.229,3.229,3.234,3.227,3.234,19
2026-06-30 13:57:00,3.23,3.24,3.23,3.237,3.235,3.245,3.235,3.242,57
2026-06-30 13:58:00,3.238,3.239,3.237,3.237,3.243,3.244,3.242,3.242,6
2026-06-30 13:59:00,3.2365,3.238,3.234,3.236,3.2415,3.243,3.239,3.241,29
2026-06-30 14:00:00,3.2365,3.242,3.229,3.23,3.2415,3.247,3.234,3.235,46
2026-06-30 14:01:00,3.231,3.231,3.225,3.225,3.236,3.236,3.23,3.23,31
2026-06-30 14:02:00,3.226,3.228,3.225,3.226,3.231,3.233,3.23,3.231,21
2026-06-30 14:03:00,3.225,3.229,3.225,3.227,3.23,3.234,3.23,3.232,17
2026-06-30 14:04:00,3.228,3.233,3.228,3.23,3.233,3.238,3.233,3.235,26
2026-06-30 14:05:00,3.2305,3.231,3.228,3.229,3.2355,3.236,3.233,3.234,19
2026-06-30 14:06:00,3.2295,3.23,3.228,3.229,3.2345,3.235,3.233,3.234,41
2026-06-30 14:07:00,3.23,3.233,3.23,3.233,3.235,3.238,3.235,3.238,30
2026-06-30 14:08:00,3.234,3.234,3.231,3.232,3.239,3.239,3.236,3.237,11
2026-06-30 14:09:00,3.231,3.236,3.229,3.236,3.236,3.241,3.234,3.241,48
2026-06-30 14:10:00,3.235,3.2435,3.235,3.239,3.24,3.2485,3.24,3.244,46
2026-06-30 14:11:00,3.238,3.246,3.238,3.2435,3.243,3.251,3.243,3.2485,56
2026-06-30 14:12:00,3.244,3.244,3.235,3.235,3.249,3.249,3.24,3.24,48
2026-06-30 14:13:00,3.236,3.239,3.234,3.234,3.241,3.244,3.239,3.239,33
2026-06-30 14:14:00,3.235,3.239,3.234,3.239,3.24,3.244,3.239,3.244,46
2026-06-30 14:15:00,3.24,3.242,3.239,3.239,3.245,3.247,3.244,3.244,16
2026-06-30 14:16:00,3.24,3.248,3.239,3.246,3.245,3.253,3.244,3.251,60
2026-06-30 14:17:00,3.247,3.25,3.246,3.248,3.252,3.255,3.251,3.253,67
2026-06-30 14:18:00,3.249,3.253,3.246,3.247,3.254,3.258,3.251,3.252,52
2026-06-30 14:19:00,3.248,3.255,3.2455,3.255,3.253,3.26,3.2505,3.26,38
2026-06-30 14:20:00,3.256,3.258,3.253,3.253,3.261,3.263,3.258,3.258,57
2026-06-30 14:21:00,3.254,3.259,3.254,3.257,3.259,3.264,3.259,3.262,13
2026-06-30 14:22:00,3.258,3.272,3.256,3.271,3.263,3.277,3.261,3.276,46
2026-06-30 14:23:00,3.27,3.276,3.267,3.269,3.275,3.281,3.272,3.274,77
2026-06-30 14:24:00,3.2695,3.272,3.269,3.272,3.2745,3.277,3.274,3.277,22
2026-06-30 14:25:00,3.273,3.28,3.273,3.278,3.278,3.285,3.278,3.283,50
2026-06-30 14:26:00,3.279,3.279,3.27,3.27,3.284,3.284,3.275,3.275,47
2026-06-30 14:27:00,3.271,3.2715,3.2665,3.267,3.276,3.2765,3.2715,3.272,64
2026-06-30 14:28:00,3.2675,3.273,3.2675,3.272,3.2725,3.278,3.2725,3.277,33
2026-06-30 14:29:00,3.273,3.273,3.269,3.27,3.278,3.278,3.274,3.275,23
2026-06-30 14:30:00,3.269,3.275,3.269,3.275,3.274,3.28,3.274,3.28,42
2026-06-30 14:31:00,3.276,3.277,3.274,3.276,3.281,3.282,3.279,3.281,19
2026-06-30 14:32:00,3.2755,3.276,3.268,3.2705,3.2805,3.281,3.273,3.2755,43
2026-06-30 14:33:00,3.27,3.279,3.27,3.274,3.275,3.284,3.275,3.279,47
2026-06-30 14:34:00,3.275,3.277,3.274,3.274,3.28,3.282,3.279,3.279,31
2026-06-30 14:35:00,3.275,3.285,3.275,3.2825,3.28,3.29,3.28,3.2875,75
2026-06-30 14:36:00,3.282,3.298,3.282,3.297,3.287,3.303,3.287,3.302,108
2026-06-30 14:37:00,3.2975,3.298,3.291,3.293,3.3025,3.303,3.296,3.298,45
2026-06-30 14:38:00,3.294,3.295,3.289,3.292,3.299,3.3,3.294,3.297,36
2026-06-30 14:39:00,3.291,3.292,3.286,3.287,3.296,3.297,3.291,3.292,31
2026-06-30 14:40:00,3.288,3.291,3.287,3.289,3.293,3.296,3.292,3.294,27
2026-06-30 14:41:00,3.29,3.293,3.287,3.287,3.295,3.298,3.292,3.292,34
2026-06-30 14:42:00,3.288,3.288,3.285,3.286,3.293,3.293,3.29,3.291,24
2026-06-30 14:43:00,3.287,3.288,3.283,3.286,3.292,3.293,3.288,3.291,27
2026-06-30 14:44:00,3.287,3.289,3.286,3.286,3.292,3.294,3.291,3.291,16
2026-06-30 14:45:00,3.2865,3.287,3.281,3.282,3.2915,3.292,3.286,3.287,34
2026-06-30 14:46:00,3.281,3.284,3.278,3.278,3.286,3.289,3.283,3.283,50
2026-06-30 14:47:00,3.279,3.281,3.275,3.275,3.284,3.286,3.28,3.28,21
2026-06-30 14:48:00,3.276,3.276,3.273,3.274,3.281,3.281,3.278,3.279,16
2026-06-30 14:49:00,3.275,3.275,3.253,3.254,3.28,3.28,3.258,3.259,121
2026-06-30 14:50:00,3.255,3.255,3.233,3.241,3.26,3.26,3.238,3.246,209
2026-06-30 14:51:00,3.24,3.241,3.227,3.239,3.245,3.246,3.232,3.244,147
2026-06-30 14:52:00,3.238,3.24,3.231,3.24,3.243,3.245,3.236,3.245,88
2026-06-30 14:53:00,3.2405,3.242,3.233,3.238,3.2455,3.247,3.238,3.243,84
2026-06-30 14:54:00,3.2375,3.243,3.237,3.241,3.2425,3.248,3.242,3.246,69
2026-06-30 14:55:00,3.242,3.252,3.24,3.251,3.247,3.257,3.245,3.256,85
2026-06-30 14:56:00,3.2515,3.254,3.25,3.252,3.2565,3.259,3.255,3.257,54
2026-06-30 14:57:00,3.2515,3.26,3.2515,3.26,3.2565,3.265,3.2565,3.265,68
2026-06-30 14:58:00,3.259,3.261,3.252,3.254,3.264,3.266,3.257,3.259,23
2026-06-30 14:59:00,3.255,3.268,3.255,3.264,3.26,3.273,3.26,3.269,94
2026-06-30 15:00:00,3.2635,3.266,3.256,3.257,3.2685,3.271,3.261,3.262,86
2026-06-30 15:01:00,3.258,3.261,3.255,3.258,3.263,3.266,3.26,3.263,86
2026-06-30 15:02:00,3.259,3.262,3.256,3.261,3.264,3.267,3.261,3.266,32
2026-06-30 15:03:00,3.26,3.261,3.254,3.255,3.265,3.266,3.259,3.26,31
2026-06-30 15:04:00,3.256,3.258,3.256,3.257,3.261,3.263,3.261,3.262,18
2026-06-30 15:05:00,3.2555,3.264,3.254,3.264,3.2605,3.269,3.259,3.269,48
2026-06-30 15:06:00,3.263,3.264,3.261,3.262,3.268,3.269,3.266,3.267,35
2026-06-30 15:07:00,3.261,3.267,3.261,3.265,3.266,3.272,3.266,3.27,40
2026-06-30 15:08:00,3.266,3.266,3.2615,3.262,3.271,3.271,3.2665,3.267,14
2026-06-30 15:09:00,3.261,3.266,3.261,3.266,3.266,3.271,3.266,3.271,32
2026-06-30 15:10:00,3.2665,3.2695,3.264,3.264,3.2715,3.2745,3.269,3.269,29
2026-06-30 15:11:00,3.263,3.266,3.262,3.2645,3.268,3.271,3.267,3.2695,45
2026-06-30 15:12:00,3.265,3.271,3.264,3.271,3.27,3.276,3.269,3.276,14
2026-06-30 15:13:00,3.272,3.274,3.268,3.269,3.277,3.279,3.273,3.274,54
2026-06-30 15:14:00,3.27,3.274,3.268,3.2695,3.275,3.279,3.273,3.2745,22
2026-06-30 15:15:00,3.269,3.269,3.258,3.2595,3.274,3.274,3.263,3.2645,38
2026-06-30 15:16:00,3.259,3.264,3.259,3.264,3.264,3.269,3.264,3.269,33
2026-06-30 15:17:00,3.263,3.264,3.254,3.255,3.268,3.269,3.259,3.26,65
2026-06-30 15:18:00,3.256,3.256,3.238,3.24,3.261,3.261,3.243,3.245,102
2026-06-30 15:19:00,3.2405,3.243,3.229,3.231,3.2455,3.248,3.234,3.236,142
2026-06-30 15:20:00,3.2305,3.234,3.226,3.233,3.2355,3.239,3.231,3.238,63
2026-06-30 15:21:00,3.234,3.244,3.232,3.243,3.239,3.249,3.237,3.248,66
2026-06-30 15:22:00,3.244,3.246,3.235,3.2355,3.249,3.251,3.24,3.2405,92
2026-06-30 15:23:00,3.235,3.237,3.227,3.232,3.24,3.242,3.232,3.237,82
2026-06-30 15:24:00,3.233,3.237,3.231,3.237,3.238,3.242,3.236,3.242,46
2026-06-30 15:25:00,3.238,3.238,3.23,3.232,3.243,3.243,3.235,3.237,35
2026-06-30 15:26:00,3.233,3.238,3.233,3.237,3.238,3.243,3.238,3.242,34
2026-06-30 15:27:00,3.236,3.24,3.236,3.238,3.241,3.245,3.241,3.243,20
2026-06-30 15:28:00,3.239,3.242,3.236,3.238,3.244,3.247,3.241,3.243,64
2026-06-30 15:29:00,3.2385,3.243,3.238,3.242,3.2435,3.248,3.243,3.247,37
2026-06-30 15:30:00,3.241,3.241,3.237,3.238,3.246,3.246,3.242,3.243,41
2026-06-30 15:31:00,3.2385,3.242,3.238,3.242,3.2435,3.247,3.243,3.247,12
2026-06-30 15:32:00,3.241,3.245,3.239,3.241,3.246,3.25,3.244,3.246,38
2026-06-30 15:33:00,3.242,3.242,3.24,3.241,3.247,3.247,3.245,3.246,16
2026-06-30 15:34:00,3.24,3.243,3.239,3.242,3.245,3.248,3.244,3.247,50
2026-06-30 15:35:00,3.2435,3.2435,3.241,3.241,3.248,3.249,3.246,3.246,4
2026-06-30 15:36:00,3.241,3.244,3.236,3.244,3.246,3.2465,3.242,3.246,38
2026-06-30 15:37:00,3.245,3.245,3.24,3.241,3.25,3.25,3.245,3.248,13
2026-06-30 15:38:00,3.242,3.242,3.239,3.24,3.247,3.247,3.244,3.245,25
2026-06-30 15:39:00,3.241,3.245,3.239,3.24,3.246,3.25,3.244,3.245,35
2026-06-30 15:40:00,3.2405,3.2405,3.238,3.239,3.2455,3.2455,3.243,3.244,17
2026-06-30 15:41:00,3.24,3.241,3.239,3.2395,3.245,3.246,3.243,3.2445,30
2026-06-30 15:42:00,3.239,3.241,3.235,3.237,3.244,3.246,3.24,3.242,41
2026-06-30 15:43:00,3.2375,3.239,3.228,3.229,3.2425,3.244,3.233,3.234,61
2026-06-30 15:44:00,3.2295,3.231,3.223,3.2245,3.2345,3.236,3.228,3.2295,70
2026-06-30 15:45:00,3.225,3.231,3.2245,3.231,3.23,3.236,3.2295,3.236,27
2026-06-30 15:46:00,3.23,3.233,3.228,3.2325,3.235,3.239,3.233,3.239,25
2026-06-30 15:47:00,3.235,3.241,3.235,3.239,3.24,3.246,3.24,3.244,23
2026-06-30 15:48:00,3.238,3.2395,3.236,3.237,3.243,3.2445,3.241,3.242,24
2026-06-30 15:49:00,3.236,3.244,3.235,3.244,3.241,3.249,3.24,3.249,29
2026-06-30 15:50:00,3.245,3.249,3.245,3.246,3.25,3.254,3.25,3.251,38
2026-06-30 15:51:00,3.247,3.249,3.246,3.248,3.252,3.254,3.251,3.253,25
2026-06-30 15:52:00,3.2485,3.251,3.247,3.248,3.2535,3.256,3.252,3.253,34
2026-06-30 15:53:00,3.247,3.249,3.245,3.247,3.252,3.254,3.25,3.252,31
2026-06-30 15:54:00,3.2465,3.249,3.246,3.248,3.2515,3.254,3.251,3.253,29
2026-06-30 15:55:00,3.247,3.248,3.245,3.245,3.252,3.253,3.25,3.25,33
2026-06-30 15:56:00,3.2455,3.257,3.2455,3.257,3.2505,3.262,3.2505,3.262,58
2026-06-30 15:57:00,3.258,3.258,3.256,3.257,3.263,3.263,3.261,3.262,29
2026-06-30 15:58:00,3.256,3.261,3.256,3.261,3.261,3.266,3.261,3.266,16
2026-06-30 15:59:00,3.26,3.262,3.259,3.261,3.265,3.267,3.264,3.266,27
2026-06-30 16:00:00,3.2615,3.265,3.261,3.262,3.2665,3.27,3.266,3.267,48
2026-06-30 16:01:00,3.261,3.268,3.261,3.268,3.266,3.273,3.266,3.273,52
2026-06-30 16:02:00,3.266,3.267,3.262,3.262,3.271,3.272,3.267,3.267,10
2026-06-30 16:03:00,3.26,3.263,3.259,3.261,3.265,3.268,3.264,3.266,37
2026-06-30 16:04:00,3.262,3.264,3.261,3.261,3.267,3.269,3.266,3.266,12
2026-06-30 16:05:00,3.2615,3.264,3.261,3.263,3.2665,3.269,3.2665,3.268,16
2026-06-30 16:06:00,3.262,3.266,3.262,3.265,3.267,3.271,3.267,3.27,46
2026-06-30 16:07:00,3.266,3.267,3.264,3.265,3.271,3.272,3.269,3.27,13
2026-06-30 16:08:00,3.2655,3.267,3.265,3.266,3.2705,3.272,3.27,3.271,10
2026-06-30 16:09:00,3.265,3.268,3.265,3.267,3.27,3.273,3.27,3.272,45
2026-06-30 16:10:00,3.266,3.266,3.263,3.263,3.271,3.271,3.268,3.268,24
2026-06-30 16:11:00,3.262,3.266,3.262,3.265,3.267,3.271,3.267,3.27,49
2026-06-30 16:12:00,3.266,3.267,3.264,3.265,3.271,3.272,3.269,3.27,31
2026-06-30 16:13:00,3.2655,3.266,3.26,3.261,3.2705,3.271,3.265,3.266,48
2026-06-30 16:14:00,3.262,3.264,3.261,3.263,3.267,3.269,3.266,3.268,18
2026-06-30 16:15:00,3.2635,3.271,3.263,3.268,3.2685,3.276,3.268,3.273,53
2026-06-30 16:16:00,3.269,3.27,3.267,3.27,3.274,3.275,3.272,3.275,22
2026-06-30 16:17:00,3.269,3.27,3.268,3.269,3.274,3.275,3.273,3.274,21
2026-06-30 16:18:00,3.268,3.27,3.268,3.269,3.273,3.275,3.272,3.272,14
2026-06-30 16:19:00,3.266,3.268,3.266,3.268,3.273,3.273,3.271,3.273,12
2026-06-30 16:20:00,3.2685,3.271,3.2685,3.27,3.2735,3.276,3.2735,3.275,19
2026-06-30 16:21:00,3.269,3.269,3.266,3.268,3.274,3.274,3.271,3.273,17
2026-06-30 16:22:00,3.267,3.268,3.266,3.267,3.272,3.273,3.271,3.272,30
2026-06-30 16:23:00,3.268,3.27,3.268,3.269,3.273,3.275,3.273,3.274,18
2026-06-30 16:24:00,3.2695,3.271,3.269,3.2705,3.2745,3.276,3.274,3.2755,21
2026-06-30 16:25:00,3.271,3.271,3.269,3.269,3.276,3.276,3.274,3.274,8
2026-06-30 16:26:00,3.268,3.27,3.268,3.27,3.273,3.275,3.273,3.275,4
2026-06-30 16:27:00,3.271,3.272,3.268,3.27,3.276,3.277,3.273,3.275,16
2026-06-30 16:28:00,3.271,3.272,3.27,3.272,3.276,3.277,3.275,3.277,9
2026-06-30 16:29:00,3.273,3.273,3.267,3.27,3.278,3.278,3.272,3.275,36
2026-06-30 16:30:00,3.2705,3.273,3.268,3.273,3.2755,3.278,3.273,3.278,31
2026-06-30 16:31:00,3.2725,3.276,3.2725,3.273,3.2775,3.281,3.2775,3.278,40
2026-06-30 16:32:00,3.272,3.275,3.271,3.275,3.277,3.28,3.276,3.28,24
2026-06-30 16:33:00,3.276,3.277,3.274,3.2745,3.281,3.282,3.279,3.2795,17
2026-06-30 16:34:00,3.274,3.283,3.274,3.281,3.279,3.288,3.279,3.286,42
2026-06-30 16:35:00,3.28,3.281,3.277,3.279,3.285,3.286,3.282,3.284,28
2026-06-30 16:36:00,3.278,3.281,3.277,3.28,3.283,3.286,3.282,3.285,16
2026-06-30 16:37:00,3.2795,3.2815,3.279,3.281,3.2845,3.2865,3.284,3.286,35
2026-06-30 16:38:00,3.28,3.281,3.278,3.28,3.285,3.286,3.283,3.285,21
2026-06-30 16:39:00,3.281,3.283,3.281,3.283,3.286,3.288,3.286,3.288,28
2026-06-30 16:40:00,3.284,3.284,3.281,3.282,3.289,3.289,3.286,3.287,15
2026-06-30 16:41:00,3.2825,3.283,3.282,3.283,3.2875,3.288,3.287,3.288,11
2026-06-30 16:42:00,3.282,3.288,3.282,3.286,3.287,3.293,3.287,3.291,41
2026-06-30 16:43:00,3.285,3.289,3.284,3.284,3.29,3.294,3.289,3.289,31
2026-06-30 16:44:00,3.285,3.285,3.282,3.283,3.29,3.29,3.287,3.288,38
2026-06-30 16:45:00,3.284,3.2855,3.279,3.279,3.289,3.2905,3.284,3.284,29
2026-06-30 16:46:00,3.28,3.28,3.276,3.28,3.285,3.285,3.281,3.285,44
2026-06-30 16:47:00,3.2805,3.282,3.2805,3.282,3.2855,3.287,3.2855,3.287,3
2026-06-30 16:48:00,3.281,3.282,3.281,3.281,3.286,3.287,3.286,3.286,14
2026-06-30 16:49:00,3.282,3.284,3.28,3.283,3.287,3.289,3.285,3.288,46
2026-06-30 16:50:00,3.282,3.283,3.281,3.283,3.287,3.288,3.286,3.288,24
2026-06-30 16:51:00,3.284,3.286,3.283,3.284,3.289,3.291,3.288,3.289,40
2026-06-30 16:52:00,3.2835,3.286,3.283,3.285,3.2885,3.291,3.288,3.29,34
2026-06-30 16:53:00,3.284,3.286,3.284,3.286,3.289,3.291,3.289,3.291,16
2026-06-30 16:54:00,3.285,3.285,3.284,3.284,3.29,3.29,3.289,3.289,5
2026-06-30 16:55:00,3.285,3.288,3.284,3.287,3.29,3.293,3.289,3.292,25
2026-06-30 16:56:00,3.286,3.286,3.284,3.284,3.291,3.291,3.289,3.289,25
2026-06-30 16:57:00,3.2845,3.285,3.283,3.283,3.2895,3.29,3.288,3.288,28
2026-06-30 16:58:00,3.284,3.287,3.283,3.286,3.289,3.292,3.288,3.291,33
2026-06-30 16:59:00,3.285,3.286,3.284,3.284,3.29,3.291,3.289,3.289,6
2026-06-30 17:00:00,3.285,3.285,3.282,3.283,3.29,3.29,3.287,3.288,14
2026-06-30 17:01:00,3.282,3.286,3.282,3.285,3.287,3.291,3.287,3.29,8
2026-06-30 17:02:00,3.286,3.286,3.284,3.285,3.291,3.291,3.29,3.29,17
2026-06-30 17:03:00,3.284,3.288,3.282,3.288,3.289,3.293,3.289,3.293,22
2026-06-30 17:04:00,3.289,3.289,3.285,3.286,3.292,3.292,3.29,3.291,8
2026-06-30 17:05:00,3.287,3.288,3.283,3.284,3.292,3.293,3.288,3.289,20
2026-06-30 17:06:00,3.285,3.289,3.284,3.289,3.29,3.294,3.289,3.294,32
2026-06-30 17:07:00,3.288,3.291,3.286,3.291,3.293,3.296,3.291,3.296,60
2026-06-30 17:08:00,3.2905,3.293,3.288,3.288,3.2955,3.298,3.293,3.293,33
2026-06-30 17:09:00,3.2885,3.293,3.2885,3.292,3.2935,3.298,3.2935,3.297,19
2026-06-30 17:10:00,3.2915,3.2915,3.289,3.289,3.2965,3.2965,3.294,3.294,8
2026-06-30 17:11:00,3.29,3.292,3.29,3.2915,3.295,3.297,3.295,3.2965,23
2026-06-30 17:12:00,3.292,3.292,3.291,3.292,3.297,3.297,3.296,3.297,10
2026-06-30 17:13:00,3.293,3.293,3.291,3.291,3.298,3.298,3.296,3.296,3
2026-06-30 17:14:00,3.29,3.295,3.29,3.295,3.295,3.3,3.295,3.3,27
2026-06-30 17:15:00,3.294,3.294,3.292,3.292,3.299,3.299,3.297,3.297,13
2026-06-30 17:16:00,3.293,3.295,3.293,3.295,3.298,3.3,3.298,3.3,12
2026-06-30 17:17:00,3.294,3.295,3.294,3.295,3.299,3.3,3.299,3.3,6
2026-06-30 17:18:00,3.294,3.296,3.293,3.295,3.299,3.301,3.298,3.3,33
2026-06-30 17:19:00,3.296,3.296,3.295,3.295,3.301,3.301,3.3,3.3,6
2026-06-30 17:20:00,3.294,3.301,3.294,3.3,3.299,3.306,3.299,3.305,38
2026-06-30 17:21:00,3.299,3.302,3.298,3.3,3.304,3.307,3.303,3.305,37
2026-06-30 17:22:00,3.299,3.3,3.297,3.297,3.304,3.305,3.302,3.302,14
2026-06-30 17:23:00,3.2975,3.299,3.297,3.298,3.3025,3.304,3.302,3.303,26
2026-06-30 17:25:00,3.299,3.299,3.298,3.299,3.304,3.304,3.303,3.304,5
2026-06-30 17:26:00,3.3,3.301,3.297,3.298,3.305,3.306,3.302,3.303,33
2026-06-30 17:27:00,3.297,3.298,3.296,3.296,3.302,3.303,3.301,3.301,7
2026-06-30 17:28:00,3.295,3.297,3.294,3.294,3.3,3.302,3.299,3.299,34
2026-06-30 17:29:00,3.295,3.295,3.293,3.2945,3.3,3.3,3.298,3.2995,27
2026-06-30 17:30:00,3.295,3.298,3.294,3.297,3.3,3.303,3.299,3.302,23
2026-06-30 17:31:00,3.298,3.301,3.298,3.301,3.303,3.306,3.303,3.306,56
2026-06-30 17:32:00,3.302,3.302,3.298,3.3,3.307,3.307,3.303,3.305,18
2026-06-30 17:33:00,3.3005,3.302,3.298,3.299,3.3055,3.307,3.303,3.304,17
2026-06-30 17:34:00,3.298,3.3,3.298,3.3,3.303,3.305,3.303,3.305,11
2026-06-30 17:35:00,3.301,3.301,3.299,3.299,3.306,3.306,3.304,3.304,3
2026-06-30 17:36:00,3.2995,3.301,3.299,3.2995,3.3045,3.306,3.304,3.3045,66
2026-06-30 17:37:00,3.299,3.301,3.299,3.301,3.304,3.306,3.304,3.306,14
2026-06-30 17:38:00,3.3,3.301,3.298,3.299,3.305,3.306,3.303,3.304,23
2026-06-30 17:39:00,3.3,3.302,3.299,3.299,3.305,3.307,3.304,3.304,15
2026-06-30 17:40:00,3.3,3.301,3.3,3.3,3.305,3.306,3.305,3.305,19
2026-06-30 17:41:00,3.301,3.301,3.2975,3.3,3.306,3.306,3.3025,3.305,24
2026-06-30 17:42:00,3.2995,3.3,3.298,3.299,3.3045,3.305,3.303,3.304,19
2026-06-30 17:43:00,3.3,3.3,3.298,3.3,3.305,3.305,3.303,3.305,8
2026-06-30 17:44:00,3.301,3.301,3.297,3.297,3.306,3.306,3.302,3.302,19
2026-06-30 17:45:00,3.2975,3.298,3.293,3.294,3.3025,3.303,3.298,3.299,15
2026-06-30 17:46:00,3.295,3.295,3.284,3.288,3.3,3.3,3.289,3.293,78
2026-06-30 17:47:00,3.287,3.287,3.283,3.283,3.292,3.292,3.288,3.288,32
2026-06-30 17:48:00,3.2835,3.284,3.276,3.276,3.2885,3.289,3.281,3.281,46
2026-06-30 17:49:00,3.275,3.284,3.273,3.283,3.28,3.289,3.278,3.288,36
2026-06-30 17:50:00,3.282,3.282,3.279,3.28,3.287,3.287,3.284,3.285,14
2026-06-30 17:51:00,3.279,3.281,3.275,3.281,3.284,3.286,3.28,3.286,23
2026-06-30 17:52:00,3.28,3.281,3.28,3.281,3.285,3.286,3.285,3.286,2
2026-06-30 17:53:00,3.282,3.2855,3.2815,3.283,3.287,3.2905,3.2865,3.288,29
2026-06-30 17:54:00,3.282,3.282,3.276,3.28,3.287,3.287,3.281,3.285,33
2026-06-30 17:55:00,3.281,3.281,3.28,3.281,3.286,3.286,3.285,3.286,18
2026-06-30 17:56:00,3.28,3.281,3.277,3.2795,3.285,3.286,3.282,3.2845,38
2026-06-30 17:57:00,3.279,3.284,3.279,3.283,3.284,3.289,3.284,3.288,26
2026-06-30 17:58:00,3.282,3.283,3.277,3.277,3.287,3.288,3.282,3.282,23
2026-06-30 17:59:00,3.278,3.282,3.278,3.28,3.283,3.287,3.283,3.285,23
2026-06-30 18:00:00,3.2805,3.2855,3.2805,3.284,3.2855,3.2905,3.2855,3.289,24
2026-06-30 18:01:00,3.285,3.297,3.284,3.2915,3.29,3.302,3.289,3.2965,87
2026-06-30 18:02:00,3.291,3.293,3.291,3.293,3.296,3.298,3.296,3.298,27
2026-06-30 18:03:00,3.292,3.293,3.291,3.293,3.297,3.298,3.296,3.298,16
2026-06-30 18:04:00,3.294,3.295,3.293,3.295,3.299,3.3,3.298,3.3,16
2026-06-30 18:05:00,3.296,3.3,3.295,3.2995,3.301,3.305,3.3,3.3045,24
2026-06-30 18:06:00,3.299,3.299,3.297,3.298,3.304,3.304,3.302,3.303,14
2026-06-30 18:07:00,3.2985,3.301,3.298,3.299,3.3035,3.306,3.303,3.304,21
2026-06-30 18:08:00,3.298,3.299,3.297,3.299,3.303,3.304,3.302,3.304,10
2026-06-30 18:09:00,3.2985,3.3,3.298,3.298,3.3035,3.305,3.303,3.303,9
2026-06-30 18:10:00,3.299,3.299,3.297,3.298,3.304,3.304,3.302,3.303,7
2026-06-30 18:11:00,3.299,3.301,3.299,3.301,3.304,3.306,3.304,3.306,9
2026-06-30 18:12:00,3.302,3.302,3.3,3.301,3.307,3.307,3.305,3.306,10
2026-06-30 18:13:00,3.302,3.302,3.3,3.301,3.307,3.307,3.305,3.306,6
2026-06-30 18:14:00,3.3,3.302,3.3,3.301,3.305,3.307,3.305,3.306,6
2026-06-30 18:15:00,3.3,3.304,3.3,3.302,3.305,3.309,3.305,3.307,19
2026-06-30 18:16:00,3.303,3.303,3.302,3.302,3.308,3.308,3.307,3.307,5
2026-06-30 18:17:00,3.301,3.303,3.301,3.301,3.306,3.308,3.306,3.306,7
2026-06-30 18:18:00,3.302,3.303,3.301,3.302,3.307,3.308,3.306,3.307,12
2026-06-30 18:19:00,3.301,3.301,3.299,3.299,3.306,3.306,3.304,3.304,14
2026-06-30 18:20:00,3.3,3.3015,3.299,3.3,3.305,3.3065,3.304,3.305,35
2026-06-30 18:21:00,3.299,3.299,3.296,3.297,3.304,3.304,3.301,3.302,13
2026-06-30 18:22:00,3.296,3.298,3.295,3.296,3.301,3.303,3.3,3.301,10
2026-06-30 18:23:00,3.297,3.298,3.296,3.298,3.302,3.303,3.301,3.303,7
2026-06-30 18:24:00,3.297,3.298,3.296,3.297,3.302,3.303,3.301,3.302,16
2026-06-30 18:25:00,3.2975,3.299,3.296,3.298,3.3025,3.304,3.301,3.303,23
2026-06-30 18:26:00,3.299,3.299,3.295,3.297,3.304,3.304,3.3,3.302,16
2026-06-30 18:27:00,3.296,3.298,3.296,3.297,3.301,3.303,3.301,3.302,11
2026-06-30 18:28:00,3.298,3.299,3.297,3.299,3.303,3.304,3.302,3.304,4
2026-06-30 18:29:00,3.3,3.301,3.3,3.301,3.305,3.306,3.305,3.306,2
2026-06-30 18:30:00,3.3,3.303,3.3,3.301,3.305,3.308,3.305,3.306,25
2026-06-30 18:31:00,3.302,3.305,3.301,3.305,3.307,3.31,3.306,3.31,22
2026-06-30 18:32:00,3.3055,3.3055,3.301,3.302,3.3105,3.3105,3.306,3.307,9
2026-06-30 18:33:00,3.301,3.303,3.301,3.301,3.306,3.308,3.306,3.306,15
2026-06-30 18:34:00,3.302,3.303,3.295,3.297,3.307,3.308,3.3,3.302,37
2026-06-30 18:35:00,3.296,3.299,3.296,3.299,3.301,3.304,3.301,3.304,15
2026-06-30 18:36:00,3.3,3.302,3.3,3.302,3.305,3.307,3.305,3.307,18
2026-06-30 18:37:00,3.301,3.307,3.301,3.306,3.306,3.312,3.306,3.311,17
2026-06-30 18:38:00,3.3065,3.307,3.305,3.3065,3.3115,3.312,3.31,3.3115,9
2026-06-30 18:39:00,3.307,3.307,3.307,3.307,3.312,3.312,3.312,3.312,1
2026-06-30 18:40:00,3.306,3.306,3.302,3.303,3.311,3.311,3.307,3.308,20
2026-06-30 18:41:00,3.304,3.306,3.303,3.306,3.309,3.311,3.308,3.311,12
2026-06-30 18:42:00,3.307,3.307,3.303,3.303,3.312,3.312,3.308,3.308,20
2026-06-30 18:43:00,3.304,3.306,3.304,3.305,3.309,3.311,3.309,3.31,14
2026-06-30 18:44:00,3.3055,3.306,3.302,3.302,3.3105,3.311,3.307,3.307,20
2026-06-30 18:45:00,3.301,3.304,3.301,3.303,3.306,3.309,3.306,3.308,25
2026-06-30 18:46:00,3.3035,3.307,3.303,3.305,3.3085,3.312,3.308,3.31,30
2026-06-30 18:47:00,3.304,3.305,3.303,3.305,3.309,3.31,3.308,3.31,13
2026-06-30 18:48:00,3.304,3.309,3.304,3.308,3.309,3.314,3.309,3.313,18
2026-06-30 18:49:00,3.309,3.31,3.305,3.306,3.314,3.315,3.31,3.311,14
2026-06-30 18:50:00,3.305,3.307,3.305,3.306,3.31,3.312,3.31,3.311,11
2026-06-30 18:51:00,3.305,3.306,3.303,3.3055,3.31,3.311,3.308,3.3105,30
2026-06-30 18:52:00,3.306,3.306,3.302,3.303,3.311,3.311,3.307,3.308,18
2026-06-30 18:53:00,3.302,3.302,3.298,3.298,3.307,3.307,3.303,3.303,11
2026-06-30 18:54:00,3.297,3.297,3.289,3.29,3.302,3.302,3.294,3.295,35
2026-06-30 18:55:00,3.291,3.292,3.283,3.285,3.296,3.297,3.288,3.29,25
2026-06-30 18:56:00,3.2855,3.287,3.284,3.287,3.2905,3.292,3.289,3.292,38
2026-06-30 18:57:00,3.286,3.288,3.284,3.285,3.291,3.293,3.289,3.29,27
2026-06-30 18:58:00,3.2855,3.289,3.285,3.288,3.2905,3.294,3.29,3.293,19
2026-06-30 18:59:00,3.287,3.288,3.285,3.288,3.292,3.293,3.29,3.293,8
2026-06-30 19:00:00,3.289,3.29,3.286,3.287,3.294,3.295,3.291,3.292,21
2026-06-30 19:01:00,3.286,3.29,3.283,3.289,3.291,3.295,3.288,3.294,27
2026-06-30 19:02:00,3.29,3.29,3.285,3.286,3.295,3.295,3.29,3.291,31
2026-06-30 19:03:00,3.285,3.287,3.283,3.287,3.29,3.292,3.288,3.292,27
2026-06-30 19:04:00,3.288,3.291,3.287,3.29,3.293,3.296,3.292,3.295,32
2026-06-30 19:05:00,3.289,3.29,3.283,3.283,3.294,3.295,3.288,3.288,17
2026-06-30 19:06:00,3.284,3.284,3.279,3.281,3.289,3.289,3.284,3.286,37
2026-06-30 19:07:00,3.282,3.285,3.282,3.284,3.287,3.29,3.287,3.289,16
2026-06-30 19:08:00,3.283,3.285,3.281,3.285,3.288,3.29,3.286,3.29,27
2026-06-30 19:09:00,3.286,3.286,3.283,3.284,3.291,3.291,3.288,3.289,26
2026-06-30 19:10:00,3.285,3.285,3.281,3.282,3.29,3.29,3.286,3.287,10
2026-06-30 19:11:00,3.281,3.281,3.278,3.281,3.286,3.286,3.283,3.286,22
2026-06-30 19:12:00,3.282,3.283,3.281,3.283,3.287,3.288,3.286,3.288,13
2026-06-30 19:13:00,3.282,3.284,3.282,3.283,3.287,3.289,3.287,3.288,14
2026-06-30 19:14:00,3.282,3.283,3.281,3.283,3.287,3.288,3.286,3.288,10
2026-06-30 19:15:00,3.2825,3.284,3.282,3.284,3.2875,3.289,3.287,3.289,9
2026-06-30 19:16:00,3.285,3.286,3.284,3.284,3.29,3.291,3.289,3.289,13
2026-06-30 19:17:00,3.285,3.286,3.282,3.284,3.29,3.291,3.287,3.289,14
2026-06-30 19:18:00,3.283,3.284,3.283,3.284,3.288,3.289,3.288,3.289,2
2026-06-30 19:19:00,3.285,3.285,3.284,3.284,3.29,3.29,3.289,3.289,2
2026-06-30 19:20:00,3.283,3.283,3.281,3.282,3.288,3.288,3.286,3.287,4
2026-06-30 19:21:00,3.283,3.284,3.282,3.284,3.288,3.289,3.287,3.289,4
2026-06-30 19:22:00,3.285,3.285,3.283,3.284,3.29,3.29,3.288,3.289,7
2026-06-30 19:23:00,3.283,3.284,3.282,3.283,3.288,3.289,3.287,3.288,19
2026-06-30 19:24:00,3.282,3.283,3.28,3.28,3.287,3.288,3.285,3.285,18
2026-06-30 19:25:00,3.281,3.282,3.28,3.281,3.286,3.287,3.285,3.286,18
2026-06-30 19:26:00,3.282,3.282,3.275,3.275,3.287,3.287,3.28,3.28,19
2026-06-30 19:27:00,3.274,3.277,3.273,3.275,3.279,3.282,3.278,3.28,14
2026-06-30 19:28:00,3.274,3.277,3.274,3.277,3.279,3.282,3.279,3.282,15
2026-06-30 19:29:00,3.278,3.28,3.277,3.28,3.283,3.285,3.282,3.285,9
2026-06-30 19:30:00,3.277,3.2785,3.269,3.27,3.282,3.2835,3.274,3.275,53
2026-06-30 19:31:00,3.271,3.274,3.27,3.274,3.276,3.279,3.275,3.279,26
2026-06-30 19:32:00,3.275,3.276,3.273,3.275,3.28,3.281,3.278,3.28,14
2026-06-30 19:33:00,3.276,3.276,3.265,3.269,3.281,3.281,3.27,3.274,35
2026-06-30 19:34:00,3.2685,3.271,3.265,3.271,3.2735,3.276,3.27,3.276,23
2026-06-30 19:35:00,3.272,3.272,3.269,3.27,3.277,3.277,3.274,3.275,37
2026-06-30 19:36:00,3.271,3.271,3.267,3.271,3.276,3.276,3.272,3.276,23
2026-06-30 19:37:00,3.2725,3.274,3.27,3.274,3.2775,3.279,3.275,3.279,25
2026-06-30 19:38:00,3.275,3.277,3.275,3.275,3.28,3.282,3.28,3.28,23
2026-06-30 19:39:00,3.2755,3.276,3.274,3.276,3.2805,3.281,3.279,3.281,30
2026-06-30 19:40:00,3.275,3.2805,3.274,3.28,3.28,3.2855,3.279,3.285,25
2026-06-30 19:41:00,3.2795,3.284,3.279,3.282,3.2845,3.289,3.284,3.287,22
2026-06-30 19:42:00,3.281,3.283,3.28,3.283,3.286,3.288,3.285,3.288,11
2026-06-30 19:43:00,3.282,3.282,3.28,3.28,3.287,3.287,3.285,3.285,10
2026-06-30 19:44:00,3.281,3.281,3.279,3.279,3.286,3.286,3.284,3.284,19
2026-06-30 19:45:00,3.278,3.278,3.276,3.276,3.283,3.283,3.281,3.281,11
2026-06-30 19:46:00,3.2755,3.2755,3.272,3.273,3.2805,3.2805,3.277,3.278,22
2026-06-30 19:47:00,3.274,3.274,3.272,3.273,3.279,3.279,3.277,3.278,14
2026-06-30 19:48:00,3.2725,3.275,3.2725,3.273,3.2775,3.28,3.2775,3.278,6
2026-06-30 19:49:00,3.272,3.272,3.266,3.267,3.277,3.277,3.271,3.272,27
2026-06-30 19:50:00,3.268,3.269,3.262,3.265,3.273,3.274,3.267,3.27,55
2026-06-30 19:51:00,3.266,3.2705,3.266,3.268,3.271,3.2755,3.271,3.273,25
2026-06-30 19:52:00,3.269,3.269,3.263,3.263,3.274,3.274,3.268,3.268,28
2026-06-30 19:53:00,3.264,3.267,3.264,3.266,3.269,3.272,3.269,3.271,17
2026-06-30 19:54:00,3.267,3.268,3.264,3.265,3.272,3.273,3.269,3.27,46
2026-06-30 19:55:00,3.266,3.266,3.262,3.265,3.271,3.271,3.267,3.27,27
2026-06-30 19:56:00,3.266,3.267,3.263,3.2645,3.271,3.272,3.268,3.2695,23
2026-06-30 19:57:00,3.2635,3.265,3.263,3.265,3.2685,3.27,3.268,3.27,21
2026-06-30 19:58:00,3.266,3.267,3.265,3.267,3.271,3.272,3.27,3.272,14
2026-06-30 19:59:00,3.268,3.268,3.263,3.265,3.273,3.273,3.268,3.27,24
2026-06-30 20:00:00,3.264,3.267,3.262,3.267,3.269,3.272,3.267,3.272,28
2026-06-30 20:01:00,3.266,3.271,3.266,3.268,3.271,3.276,3.271,3.273,30
2026-06-30 20:02:00,3.2685,3.27,3.2685,3.269,3.2735,3.275,3.2735,3.274,4
2026-06-30 20:03:00,3.27,3.274,3.27,3.274,3.275,3.279,3.275,3.279,14
2026-06-30 20:04:00,3.273,3.278,3.273,3.278,3.278,3.283,3.278,3.283,31
2026-06-30 20:05:00,3.277,3.278,3.275,3.277,3.282,3.283,3.28,3.282,19
2026-06-30 20:06:00,3.2775,3.28,3.276,3.28,3.2825,3.285,3.281,3.285,23
2026-06-30 20:07:00,3.281,3.283,3.28,3.283,3.286,3.288,3.285,3.288,25
2026-06-30 20:08:00,3.2825,3.2825,3.276,3.278,3.2875,3.2875,3.281,3.283,29
2026-06-30 20:09:00,3.277,3.279,3.277,3.277,3.282,3.284,3.282,3.282,22
2026-06-30 20:10:00,3.2775,3.278,3.277,3.278,3.2825,3.283,3.282,3.283,6
2026-06-30 20:11:00,3.2775,3.278,3.276,3.277,3.2825,3.283,3.281,3.282,12
2026-06-30 20:12:00,3.276,3.277,3.271,3.272,3.281,3.282,3.276,3.277,42
2026-06-30 20:13:00,3.2715,3.2715,3.262,3.267,3.2765,3.2765,3.267,3.272,48
2026-06-30 20:14:00,3.2665,3.268,3.2645,3.2675,3.2715,3.273,3.2695,3.2725,36
2026-06-30 20:15:00,3.268,3.268,3.265,3.267,3.273,3.273,3.27,3.272,25
2026-06-30 20:16:00,3.2665,3.272,3.2665,3.268,3.2715,3.277,3.2715,3.273,32
2026-06-30 20:17:00,3.267,3.268,3.267,3.267,3.272,3.273,3.272,3.272,14
2026-06-30 20:18:00,3.2665,3.267,3.265,3.265,3.2715,3.272,3.27,3.27,13
2026-06-30 20:19:00,3.264,3.265,3.26,3.261,3.269,3.27,3.265,3.266,43
2026-06-30 20:20:00,3.26,3.262,3.257,3.261,3.265,3.267,3.262,3.266,49
2026-06-30 20:21:00,3.26,3.264,3.257,3.258,3.265,3.269,3.262,3.263,51
2026-06-30 20:22:00,3.257,3.259,3.253,3.254,3.262,3.264,3.258,3.259,40
2026-06-30 20:23:00,3.255,3.2575,3.253,3.257,3.26,3.2625,3.258,3.262,14
2026-06-30 20:24:00,3.256,3.258,3.2535,3.254,3.261,3.263,3.2585,3.259,22
2026-06-30 20:25:00,3.255,3.257,3.253,3.255,3.26,3.262,3.258,3.26,35
2026-06-30 20:26:00,3.254,3.257,3.254,3.257,3.259,3.262,3.259,3.262,13
2026-06-30 20:27:00,3.256,3.26,3.256,3.257,3.261,3.265,3.261,3.262,33
2026-06-30 20:28:00,3.258,3.26,3.254,3.256,3.263,3.265,3.259,3.261,98
2026-06-30 20:29:00,3.255,3.257,3.254,3.255,3.26,3.262,3.259,3.26,70
2026-06-30 20:30:00,3.256,3.256,3.251,3.251,3.261,3.261,3.256,3.256,34
2026-06-30 20:31:00,3.25,3.255,3.248,3.249,3.255,3.26,3.253,3.254,52
2026-06-30 20:32:00,3.248,3.248,3.245,3.2475,3.253,3.253,3.25,3.2525,36
2026-06-30 20:33:00,3.248,3.248,3.245,3.246,3.253,3.253,3.25,3.251,20
2026-06-30 20:34:00,3.247,3.247,3.244,3.246,3.252,3.252,3.249,3.251,20
2026-06-30 20:35:00,3.2455,3.246,3.243,3.244,3.2505,3.251,3.248,3.249,16
2026-06-30 20:36:00,3.243,3.244,3.241,3.242,3.248,3.249,3.246,3.247,19
2026-06-30 20:37:00,3.241,3.245,3.24,3.244,3.246,3.25,3.245,3.249,15
2026-06-30 20:38:00,3.243,3.244,3.239,3.239,3.248,3.249,3.244,3.244,14
2026-06-30 20:39:00,3.24,3.241,3.239,3.24,3.245,3.246,3.244,3.245,14
2026-06-30 20:40:00,3.239,3.244,3.239,3.243,3.244,3.249,3.244,3.248,20
2026-06-30 20:41:00,3.244,3.247,3.243,3.245,3.249,3.252,3.248,3.25,22
2026-06-30 20:42:00,3.2445,3.2445,3.243,3.244,3.2495,3.2495,3.248,3.249,13
2026-06-30 20:43:00,3.2445,3.2455,3.244,3.245,3.2495,3.2505,3.249,3.25,13
2026-06-30 20:44:00,3.2445,3.246,3.244,3.245,3.2495,3.251,3.249,3.25,13
2026-06-30 20:45:00,3.244,3.245,3.243,3.2445,3.249,3.25,3.248,3.2495,20
2026-06-30 20:46:00,3.245,3.246,3.245,3.245,3.25,3.251,3.25,3.25,3
2026-06-30 20:47:00,3.246,3.247,3.245,3.247,3.251,3.252,3.25,3.252,4
2026-06-30 20:48:00,3.248,3.248,3.245,3.246,3.253,3.253,3.25,3.251,17
2026-06-30 20:49:00,3.247,3.25,3.246,3.248,3.252,3.255,3.251,3.253,21
2026-06-30 20:50:00,3.2475,3.248,3.2475,3.248,3.2525,3.253,3.2525,3.253,2
2026-06-30 20:51:00,3.249,3.249,3.247,3.247,3.254,3.254,3.252,3.252,3
2026-06-30 20:53:00,3.246,3.246,3.244,3.245,3.251,3.251,3.249,3.25,8
2026-06-30 20:54:00,3.246,3.246,3.244,3.244,3.251,3.251,3.249,3.249,2
2026-06-30 20:56:00,3.245,3.245,3.243,3.244,3.25,3.25,3.248,3.249,8
2026-06-30 20:57:00,3.2435,3.244,3.243,3.244,3.2485,3.249,3.248,3.249,9
2026-06-30 20:58:00,3.243,3.244,3.243,3.243,3.248,3.249,3.248,3.248,4
2026-06-30 20:59:00,3.242,3.243,3.24,3.2415,3.247,3.248,3.245,3.2465,23
2026-06-30 21:00:00,3.242,3.243,3.2415,3.242,3.247,3.248,3.2465,3.247,14
2026-06-30 21:01:00,3.241,3.242,3.241,3.242,3.246,3.247,3.246,3.247,6
2026-06-30 21:02:00,3.241,3.241,3.24,3.24,3.246,3.246,3.245,3.245,4
2026-06-30 21:03:00,3.239,3.24,3.239,3.239,3.244,3.245,3.244,3.244,3
2026-06-30 21:04:00,3.24,3.24,3.239,3.239,3.245,3.245,3.244,3.244,3
2026-06-30 21:05:00,3.24,3.24,3.237,3.237,3.245,3.245,3.242,3.242,14
2026-06-30 21:06:00,3.236,3.2375,3.236,3.236,3.241,3.2425,3.241,3.241,4
2026-06-30 21:07:00,3.2365,3.237,3.236,3.236,3.2415,3.242,3.241,3.241,3
2026-06-30 21:08:00,3.237,3.238,3.236,3.237,3.242,3.243,3.241,3.242,14
2026-06-30 21:11:00,3.236,3.237,3.236,3.236,3.241,3.242,3.241,3.241,5
2026-06-30 21:12:00,3.235,3.235,3.235,3.235,3.24,3.24,3.24,3.24,1
2026-06-30 21:13:00,3.236,3.236,3.235,3.235,3.241,3.241,3.24,3.24,4
2026-06-30 21:14:00,3.236,3.236,3.235,3.235,3.241,3.241,3.24,3.24,3
2026-06-30 21:16:00,3.236,3.236,3.235,3.235,3.241,3.241,3.24,3.24,5
2026-06-30 21:17:00,3.2355,3.239,3.2355,3.239,3.2405,3.244,3.2405,3.244,16
2026-06-30 21:18:00,3.238,3.24,3.238,3.24,3.243,3.245,3.243,3.245,8
2026-06-30 21:19:00,3.241,3.241,3.241,3.241,3.246,3.246,3.246,3.246,1
2026-06-30 21:20:00,3.2405,3.243,3.24,3.241,3.2455,3.248,3.245,3.246,18
2026-06-30 21:21:00,3.242,3.242,3.24,3.242,3.247,3.247,3.245,3.247,10
2026-06-30 21:22:00,3.241,3.244,3.238,3.238,3.246,3.249,3.243,3.243,23
2026-06-30 21:23:00,3.237,3.238,3.237,3.238,3.242,3.243,3.242,3.243,2
2026-06-30 21:24:00,3.2385,3.241,3.2385,3.241,3.2435,3.246,3.2435,3.246,11
2026-06-30 21:25:00,3.24,3.241,3.24,3.24,3.245,3.246,3.245,3.245,7
2026-06-30 21:27:00,3.239,3.239,3.237,3.237,3.244,3.244,3.242,3.242,5
2026-06-30 21:29:00,3.2375,3.238,3.235,3.236,3.2425,3.243,3.24,3.241,8
2026-06-30 21:30:00,3.237,3.237,3.236,3.236,3.242,3.242,3.241,3.241,6
2026-06-30 21:31:00,3.2365,3.237,3.236,3.237,3.2415,3.242,3.241,3.242,4
2026-06-30 21:33:00,3.238,3.238,3.238,3.238,3.243,3.243,3.243,3.243,1
2026-06-30 21:34:00,3.237,3.239,3.237,3.238,3.242,3.244,3.242,3.243,7
2026-06-30 21:35:00,3.239,3.239,3.2385,3.239,3.244,3.244,3.2435,3.244,3
2026-06-30 21:36:00,3.24,3.24,3.239,3.239,3.245,3.245,3.244,3.244,4
2026-06-30 21:37:00,3.238,3.239,3.238,3.239,3.243,3.244,3.243,3.244,2
2026-06-30 21:39:00,3.24,3.24,3.24,3.24,3.245,3.245,3.245,3.245,1
2026-06-30 21:41:00,3.239,3.24,3.239,3.24,3.244,3.245,3.244,3.245,6
2026-06-30 21:42:00,3.239,3.239,3.239,3.239,3.244,3.244,3.244,3.244,1
2026-06-30 21:43:00,3.2385,3.239,3.238,3.238,3.2435,3.244,3.243,3.243,4
2026-06-30 21:44:00,3.237,3.238,3.237,3.238,3.242,3.243,3.242,3.243,6
2026-06-30 21:45:00,3.239,3.239,3.239,3.239,3.244,3.244,3.244,3.244,1
2026-06-30 21:46:00,3.2385,3.239,3.238,3.238,3.2435,3.244,3.243,3.243,5
2026-06-30 21:47:00,3.237,3.238,3.236,3.237,3.242,3.243,3.241,3.242,13
2026-06-30 21:49:00,3.238,3.238,3.237,3.237,3.243,3.243,3.242,3.242,4
2026-06-30 21:50:00,3.238,3.238,3.238,3.238,3.243,3.243,3.243,3.243,1
2026-06-30 21:51:00,3.2385,3.239,3.238,3.239,3.2435,3.244,3.243,3.244,4
2026-06-30 21:52:00,3.238,3.239,3.238,3.239,3.243,3.244,3.243,3.244,7
2026-06-30 21:53:00,3.2385,3.2385,3.238,3.238,3.2435,3.2435,3.243,3.243,2
2026-06-30 21:54:00,3.239,3.239,3.238,3.238,3.244,3.244,3.243,3.243,4
2026-06-30 21:55:00,3.239,3.239,3.237,3.237,3.244,3.244,3.242,3.242,5
2026-06-30 21:56:00,3.238,3.238,3.238,3.238,3.243,3.243,3.243,3.243,1
2026-06-30 21:59:00,3.239,3.239,3.2385,3.239,3.244,3.244,3.243,3.244,4
2026-06-30 22:00:00,3.24,3.24,3.239,3.239,3.245,3.245,3.244,3.244,7
2026-06-30 22:01:00,3.238,3.238,3.236,3.236,3.243,3.243,3.241,3.241,11
2026-06-30 22:02:00,3.235,3.236,3.235,3.236,3.24,3.241,3.24,3.241,5
2026-06-30 22:03:00,3.237,3.237,3.236,3.236,3.242,3.242,3.241,3.241,3
2026-06-30 22:05:00,3.235,3.2355,3.235,3.2355,3.24,3.2405,3.24,3.2405,2
2026-06-30 22:06:00,3.236,3.2375,3.236,3.237,3.241,3.2425,3.241,3.242,14
2026-06-30 22:07:00,3.2375,3.238,3.2375,3.238,3.2425,3.243,3.2425,3.243,2
2026-06-30 22:08:00,3.2375,3.2375,3.236,3.237,3.2425,3.2425,3.241,3.242,4
2026-06-30 22:09:00,3.2375,3.24,3.2375,3.24,3.2425,3.245,3.2425,3.245,12
2026-06-30 22:11:00,3.239,3.24,3.239,3.24,3.244,3.245,3.244,3.245,2
2026-06-30 22:12:00,3.239,3.24,3.239,3.24,3.244,3.245,3.244,3.245,2
2026-06-30 22:13:00,3.241,3.242,3.241,3.242,3.246,3.247,3.246,3.247,6
2026-06-30 22:14:00,3.241,3.241,3.241,3.241,3.246,3.246,3.246,3.246,1
2026-06-30 22:15:00,3.24,3.24,3.24,3.24,3.245,3.245,3.245,3.245,1
2026-06-30 22:17:00,3.239,3.24,3.238,3.238,3.244,3.245,3.243,3.243,4
2026-06-30 22:20:00,3.237,3.237,3.237,3.237,3.242,3.242,3.242,3.242,1
2026-06-30 22:22:00,3.2365,3.237,3.236,3.237,3.2415,3.242,3.241,3.242,3
2026-06-30 22:23:00,3.238,3.238,3.238,3.238,3.243,3.243,3.243,3.243,1
2026-06-30 22:24:00,3.237,3.237,3.236,3.236,3.242,3.242,3.241,3.241,2
2026-06-30 22:25:00,3.235,3.2365,3.235,3.236,3.24,3.2415,3.24,3.241,4
2026-06-30 22:26:00,3.2355,3.236,3.235,3.235,3.2405,3.241,3.24,3.24,4
2026-06-30 22:27:00,3.234,3.235,3.234,3.235,3.239,3.24,3.239,3.24,4
2026-06-30 22:29:00,3.234,3.235,3.234,3.235,3.239,3.24,3.239,3.24,2
2026-06-30 22:30:00,3.234,3.235,3.234,3.235,3.239,3.24,3.239,3.24,4
2026-06-30 22:31:00,3.234,3.235,3.234,3.235,3.239,3.24,3.239,3.24,2
2026-06-30 22:34:00,3.236,3.238,3.236,3.238,3.241,3.243,3.241,3.243,3
2026-06-30 22:36:00,3.239,3.239,3.239,3.239,3.244,3.244,3.244,3.244,1
2026-06-30 22:37:00,3.238,3.238,3.238,3.238,3.243,3.243,3.243,3.243,1
2026-06-30 22:38:00,3.2375,3.2375,3.237,3.237,3.2425,3.2425,3.242,3.242,2
2026-06-30 22:40:00,3.2375,3.238,3.237,3.238,3.2425,3.243,3.242,3.243,4
2026-06-30 22:41:00,3.239,3.239,3.238,3.239,3.244,3.244,3.243,3.244,10
2026-06-30 22:42:00,3.2385,3.239,3.2375,3.2375,3.2435,3.244,3.2425,3.2425,10
2026-06-30 22:43:00,3.238,3.238,3.237,3.237,3.243,3.243,3.242,3.242,5
2026-06-30 22:45:00,3.2375,3.2385,3.237,3.237,3.2425,3.2435,3.242,3.242,14
2026-06-30 22:48:00,3.2375,3.239,3.2375,3.238,3.2425,3.244,3.2425,3.243,9
2026-06-30 22:49:00,3.2385,3.239,3.2375,3.238,3.2435,3.244,3.2425,3.243,33
2026-06-30 22:50:00,3.2375,3.238,3.237,3.2375,3.2425,3.243,3.242,3.2425,12
2026-06-30 22:51:00,3.237,3.2375,3.235,3.236,3.242,3.2425,3.24,3.241,21
2026-06-30 22:52:00,3.2355,3.2355,3.2345,3.235,3.2405,3.2405,3.2395,3.24,8
2026-06-30 22:53:00,3.2355,3.236,3.235,3.236,3.2405,3.241,3.24,3.241,29
2026-06-30 22:54:00,3.2355,3.236,3.234,3.234,3.2405,3.241,3.239,3.239,16
2026-06-30 22:55:00,3.2345,3.239,3.234,3.238,3.2395,3.244,3.239,3.243,20
2026-06-30 22:56:00,3.239,3.243,3.238,3.243,3.244,3.248,3.243,3.248,18
2026-06-30 22:57:00,3.242,3.243,3.241,3.241,3.247,3.248,3.246,3.246,11
2026-06-30 22:58:00,3.24,3.243,3.24,3.24,3.245,3.248,3.245,3.245,10
2026-06-30 22:59:00,3.241,3.241,3.227,3.228,3.246,3.246,3.231,3.233,34
2026-07-01 00:00:00,3.228,3.2285,3.226,3.227,3.233,3.2335,3.231,3.232,18
2026-07-01 00:01:00,3.2275,3.2275,3.224,3.224,3.2325,3.2325,3.229,3.229,4
2026-07-01 00:02:00,3.2245,3.227,3.223,3.227,3.2295,3.232,3.228,3.232,6
2026-07-01 00:03:00,3.2265,3.227,3.2255,3.2255,3.2315,3.232,3.2305,3.2305,4
2026-07-01 00:04:00,3.225,3.2255,3.225,3.2255,3.23,3.2305,3.23,3.2305,2
2026-07-01 00:05:00,3.226,3.226,3.2255,3.226,3.231,3.231,3.2305,3.231,3
2026-07-01 00:06:00,3.2255,3.226,3.2255,3.226,3.2305,3.231,3.2305,3.231,2
2026-07-01 00:07:00,3.2255,3.2255,3.2255,3.2255,3.2305,3.2305,3.2305,3.2305,1
2026-07-01 00:08:00,3.225,3.225,3.225,3.225,3.23,3.23,3.23,3.23,1
2026-07-01 00:09:00,3.226,3.227,3.226,3.226,3.231,3.232,3.231,3.231,3
2026-07-01 00:10:00,3.2255,3.226,3.225,3.226,3.2305,3.231,3.23,3.231,3
2026-07-01 00:12:00,3.2255,3.2255,3.225,3.225,3.2305,3.2305,3.23,3.23,2
2026-07-01 00:13:00,3.2245,3.225,3.2245,3.225,3.2295,3.23,3.2295,3.23,2
2026-07-01 00:14:00,3.2245,3.2245,3.2245,3.2245,3.2295,3.2295,3.2295,3.2295,1
2026-07-01 00:15:00,3.224,3.224,3.224,3.224,3.229,3.229,3.229,3.229,1
2026-07-01 00:22:00,3.2235,3.2235,3.222,3.222,3.2285,3.2285,3.227,3.227,3
2026-07-01 00:23:00,3.223,3.223,3.221,3.223,3.228,3.228,3.226,3.228,5
2026-07-01 00:24:00,3.2225,3.223,3.222,3.223,3.2275,3.228,3.227,3.228,3
2026-07-01 00:25:00,3.2225,3.223,3.222,3.223,3.2275,3.228,3.227,3.228,3
2026-07-01 00:26:00,3.224,3.224,3.223,3.223,3.229,3.229,3.228,3.228,6
2026-07-01 00:28:00,3.224,3.224,3.224,3.224,3.229,3.229,3.229,3.229,1
2026-07-01 00:31:00,3.225,3.225,3.225,3.225,3.23,3.23,3.23,3.23,1
2026-07-01 00:32:00,3.2255,3.2255,3.2255,3.2255,3.2305,3.2305,3.2305,3.2305,1
2026-07-01 00:33:00,3.226,3.226,3.226,3.226,3.231,3.231,3.231,3.231,1
2026-07-01 00:38:00,3.2265,3.2265,3.226,3.226,3.2315,3.2315,3.231,3.231,2
2026-07-01 00:39:00,3.2255,3.2255,3.225,3.225,3.2305,3.2305,3.23,3.23,2
2026-07-01 00:41:00,3.2245,3.2245,3.2245,3.2245,3.2295,3.2295,3.2295,3.2295,1
2026-07-01 00:42:00,3.224,3.224,3.224,3.224,3.229,3.229,3.229,3.229,1
2026-07-01 00:56:00,3.2245,3.226,3.224,3.226,3.2295,3.231,3.229,3.231,5
2026-07-01 00:57:00,3.225,3.225,3.225,3.225,3.23,3.23,3.23,3.23,1
2026-07-01 01:01:00,3.2245,3.2245,3.2245,3.2245,3.2295,3.2295,3.2295,3.2295,1
2026-07-01 01:03:00,3.224,3.224,3.224,3.224,3.229,3.229,3.229,3.229,1
2026-07-01 01:04:00,3.2245,3.225,3.2245,3.225,3.2295,3.23,3.2295,3.23,2
2026-07-01 01:09:00,3.2255,3.2255,3.225,3.225,3.2305,3.2305,3.23,3.23,2
2026-07-01 01:10:00,3.226,3.227,3.226,3.226,3.231,3.232,3.231,3.231,6
2026-07-01 01:12:00,3.227,3.227,3.226,3.227,3.232,3.232,3.231,3.232,3
2026-07-01 01:13:00,3.2265,3.2265,3.2265,3.2265,3.2315,3.2315,3.2315,3.2315,1
2026-07-01 01:14:00,3.227,3.227,3.2265,3.2265,3.232,3.232,3.2315,3.2315,2
2026-07-01 01:15:00,3.227,3.227,3.227,3.227,3.232,3.232,3.232,3.232,1
2026-07-01 01:18:00,3.2275,3.2275,3.2275,3.2275,3.2325,3.2325,3.2325,3.2325,1
2026-07-01 01:23:00,3.227,3.227,3.2265,3.2265,3.232,3.232,3.2315,3.2315,2
2026-07-01 01:24:00,3.2275,3.2275,3.2265,3.2265,3.2325,3.2325,3.2315,3.2315,3
2026-07-01 01:25:00,3.227,3.228,3.227,3.2275,3.232,3.233,3.232,3.2325,3
2026-07-01 01:26:00,3.227,3.227,3.227,3.227,3.232,3.232,3.232,3.232,1
2026-07-01 01:27:00,3.2265,3.227,3.2265,3.227,3.2315,3.232,3.2315,3.232,2
2026-07-01 01:34:00,3.2275,3.2275,3.227,3.227,3.2325,3.2325,3.232,3.232,2
2026-07-01 01:36:00,3.228,3.228,3.227,3.227,3.233,3.233,3.232,3.232,2
2026-07-01 01:37:00,3.228,3.228,3.2275,3.2275,3.233,3.233,3.2325,3.2325,2
2026-07-01 01:38:00,3.227,3.227,3.2265,3.2265,3.232,3.232,3.2315,3.2315,2
2026-07-01 01:39:00,3.226,3.226,3.2235,3.224,3.231,3.231,3.2285,3.229,6
2026-07-01 01:41:00,3.2245,3.225,3.2245,3.225,3.2295,3.23,3.2295,3.23,2
2026-07-01 01:43:00,3.226,3.227,3.226,3.227,3.231,3.232,3.231,3.232,2
2026-07-01 01:44:00,3.228,3.228,3.2275,3.2275,3.233,3.233,3.2325,3.2325,2
2026-07-01 01:45:00,3.227,3.227,3.2265,3.227,3.232,3.232,3.2315,3.232,3
2026-07-01 01:51:00,3.2265,3.2265,3.223,3.224,3.2315,3.2315,3.228,3.229,8
2026-07-01 01:53:00,3.2245,3.225,3.224,3.2245,3.2295,3.23,3.229,3.2295,4
2026-07-01 01:54:00,3.224,3.2245,3.224,3.2245,3.229,3.2295,3.229,3.2295,4
2026-07-01 01:59:00,3.225,3.225,3.225,3.225,3.23,3.23,3.23,3.23,1
2026-07-01 02:00:00,3.224,3.224,3.224,3.224,3.229,3.229,3.229,3.229,1
2026-07-01 02:01:00,3.225,3.226,3.224,3.2245,3.23,3.231,3.229,3.2295,9
2026-07-01 02:02:00,3.224,3.225,3.224,3.225,3.229,3.23,3.229,3.23,2
2026-07-01 02:03:00,3.2245,3.2245,3.2245,3.2245,3.2295,3.2295,3.2295,3.2295,1
2026-07-01 02:04:00,3.224,3.224,3.224,3.224,3.229,3.229,3.229,3.229,1
2026-07-01 02:05:00,3.223,3.223,3.222,3.222,3.228,3.228,3.227,3.227,2
2026-07-01 02:07:00,3.223,3.224,3.223,3.223,3.228,3.229,3.228,3.228,3
2026-07-01 02:08:00,3.2235,3.225,3.2235,3.2245,3.2285,3.23,3.2285,3.2295,7
2026-07-01 02:09:00,3.225,3.225,3.223,3.2235,3.23,3.23,3.228,3.2285,4
2026-07-01 02:10:00,3.223,3.223,3.223,3.223,3.228,3.228,3.228,3.228,1
2026-07-01 02:11:00,3.2235,3.2235,3.2235,3.2235,3.2285,3.2285,3.2285,3.2285,1
2026-07-01 02:12:00,3.225,3.225,3.2235,3.2235,3.23,3.23,3.2285,3.2285,3
2026-07-01 02:15:00,3.224,3.2245,3.224,3.224,3.229,3.2295,3.229,3.229,3
2026-07-01 02:16:00,3.2245,3.2245,3.224,3.224,3.2295,3.2295,3.229,3.229,2
2026-07-01 02:17:00,3.227,3.2285,3.224,3.225,3.232,3.2335,3.229,3.23,13
2026-07-01 02:18:00,3.2245,3.2245,3.223,3.2235,3.2295,3.2295,3.228,3.2285,5
2026-07-01 02:19:00,3.223,3.223,3.223,3.223,3.228,3.228,3.228,3.228,1
2026-07-01 02:20:00,3.222,3.222,3.221,3.221,3.227,3.227,3.226,3.226,2
2026-07-01 02:21:00,3.2205,3.2205,3.213,3.215,3.2255,3.2255,3.218,3.22,25
2026-07-01 02:22:00,3.2165,3.217,3.216,3.216,3.2215,3.222,3.221,3.221,5
2026-07-01 02:23:00,3.2155,3.216,3.2155,3.216,3.2205,3.221,3.2205,3.221,2
2026-07-01 02:24:00,3.217,3.217,3.217,3.217,3.222,3.222,3.222,3.222,1
2026-07-01 02:25:00,3.216,3.216,3.216,3.216,3.221,3.221,3.221,3.221,1
2026-07-01 02:26:00,3.217,3.217,3.2165,3.2165,3.222,3.222,3.2215,3.2215,2
2026-07-01 02:27:00,3.217,3.217,3.217,3.217,3.222,3.222,3.222,3.222,1
2026-07-01 02:28:00,3.218,3.218,3.217,3.217,3.223,3.223,3.222,3.222,2
2026-07-01 02:29:00,3.218,3.218,3.218,3.218,3.223,3.223,3.223,3.223,1
2026-07-01 02:31:00,3.217,3.217,3.217,3.217,3.222,3.222,3.222,3.222,1
2026-07-01 02:32:00,3.2175,3.2175,3.2175,3.2175,3.2225,3.2225,3.2225,3.2225,1
2026-07-01 02:33:00,3.217,3.217,3.216,3.2165,3.222,3.222,3.221,3.2215,6
2026-07-01 02:34:00,3.216,3.216,3.216,3.216,3.221,3.221,3.221,3.221,1
2026-07-01 02:35:00,3.2155,3.216,3.2155,3.216,3.2205,3.221,3.2205,3.221,2
2026-07-01 02:38:00,3.217,3.218,3.215,3.218,3.222,3.223,3.22,3.223,10
2026-07-01 02:42:00,3.219,3.219,3.218,3.218,3.224,3.224,3.223,3.223,2
2026-07-01 02:45:00,3.2185,3.2185,3.2185,3.2185,3.2235,3.2235,3.2235,3.2235,1
2026-07-01 02:46:00,3.218,3.218,3.2165,3.218,3.223,3.223,3.2215,3.223,8
2026-07-01 02:47:00,3.219,3.221,3.219,3.221,3.224,3.226,3.224,3.226,3
2026-07-01 02:49:00,3.222,3.222,3.221,3.221,3.227,3.227,3.226,3.226,2
2026-07-01 02:50:00,3.2205,3.2205,3.219,3.22,3.2255,3.2255,3.224,3.225,10
2026-07-01 02:51:00,3.2205,3.2205,3.22,3.22,3.2255,3.2255,3.225,3.225,2
2026-07-01 02:52:00,3.221,3.221,3.219,3.219,3.226,3.226,3.224,3.224,4
2026-07-01 02:54:00,3.218,3.219,3.218,3.2185,3.223,3.224,3.223,3.2235,3
2026-07-01 02:55:00,3.219,3.219,3.2155,3.218,3.224,3.224,3.2205,3.223,9
2026-07-01 02:56:00,3.2185,3.2185,3.2185,3.2185,3.2235,3.2235,3.2235,3.2235,1
2026-07-01 02:57:00,3.219,3.219,3.219,3.219,3.224,3.224,3.224,3.224,1
2026-07-01 02:59:00,3.22,3.22,3.219,3.219,3.225,3.225,3.224,3.224,2
2026-07-01 03:00:00,3.218,3.218,3.217,3.218,3.223,3.223,3.222,3.223,4
2026-07-01 03:01:00,3.2185,3.219,3.2175,3.2175,3.2235,3.224,3.2225,3.2225,4
2026-07-01 03:02:00,3.217,3.2185,3.217,3.218,3.222,3.2235,3.222,3.223,4
2026-07-01 03:04:00,3.2175,3.2175,3.217,3.217,3.2225,3.2225,3.222,3.222,2
2026-07-01 03:05:00,3.2165,3.2165,3.2165,3.2165,3.2215,3.2215,3.2215,3.2215,1
2026-07-01 03:06:00,3.217,3.217,3.217,3.217,3.222,3.222,3.222,3.222,1
2026-07-01 03:08:00,3.218,3.219,3.218,3.218,3.223,3.224,3.223,3.223,5
2026-07-01 03:09:00,3.2185,3.2185,3.2185,3.2185,3.2235,3.2235,3.2235,3.2235,1
2026-07-01 03:10:00,3.219,3.219,3.217,3.217,3.224,3.224,3.222,3.222,4
2026-07-01 03:11:00,3.2175,3.2175,3.217,3.217,3.2225,3.2225,3.222,3.222,2
2026-07-01 03:12:00,3.2175,3.2175,3.216,3.2165,3.2225,3.2225,3.221,3.2215,4
2026-07-01 03:13:00,3.216,3.217,3.216,3.217,3.221,3.222,3.221,3.222,3
2026-07-01 03:14:00,3.2165,3.217,3.2165,3.217,3.2215,3.222,3.2215,3.222,2
2026-07-01 03:15:00,3.218,3.218,3.2165,3.2165,3.223,3.223,3.2215,3.2215,3
2026-07-01 03:16:00,3.216,3.216,3.215,3.215,3.221,3.221,3.22,3.22,2
2026-07-01 03:17:00,3.216,3.216,3.2155,3.2155,3.221,3.221,3.2205,3.2205,2
2026-07-01 03:18:00,3.215,3.215,3.215,3.215,3.22,3.22,3.22,3.22,1
2026-07-01 03:19:00,3.2155,3.2155,3.215,3.215,3.2205,3.2205,3.22,3.22,2
2026-07-01 03:21:00,3.216,3.216,3.215,3.215,3.221,3.221,3.22,3.22,2
2026-07-01 03:22:00,3.216,3.216,3.216,3.216,3.221,3.221,3.221,3.221,1
2026-07-01 03:25:00,3.2165,3.217,3.2165,3.217,3.2215,3.222,3.2215,3.222,2
2026-07-01 03:26:00,3.2165,3.2165,3.216,3.216,3.2215,3.2215,3.221,3.221,2
2026-07-01 03:29:00,3.217,3.218,3.217,3.217,3.222,3.223,3.222,3.222,5
2026-07-01 03:30:00,3.218,3.218,3.218,3.218,3.223,3.223,3.223,3.223,1
2026-07-01 03:31:00,3.2175,3.2175,3.2175,3.2175,3.2225,3.2225,3.2225,3.2225,1
2026-07-01 03:33:00,3.217,3.217,3.213,3.215,3.222,3.222,3.218,3.22,9
2026-07-01 03:34:00,3.2145,3.215,3.2145,3.215,3.2195,3.22,3.2195,3.22,2
2026-07-01 03:35:00,3.2145,3.215,3.2145,3.2145,3.2195,3.22,3.2195,3.2195,3
2026-07-01 03:36:00,3.214,3.214,3.213,3.2135,3.219,3.219,3.218,3.2185,4
2026-07-01 03:37:00,3.214,3.214,3.214,3.214,3.219,3.219,3.219,3.219,1
2026-07-01 03:38:00,3.215,3.215,3.214,3.214,3.22,3.22,3.219,3.219,3
2026-07-01 03:39:00,3.2135,3.2135,3.212,3.212,3.2185,3.2185,3.217,3.217,3
2026-07-01 03:40:00,3.213,3.213,3.213,3.213,3.218,3.218,3.218,3.218,1
2026-07-01 03:41:00,3.212,3.212,3.203,3.208,3.217,3.217,3.208,3.213,28
2026-07-01 03:42:00,3.2085,3.209,3.206,3.206,3.2135,3.214,3.211,3.211,8
2026-07-01 03:43:00,3.207,3.207,3.206,3.206,3.212,3.212,3.211,3.211,2
2026-07-01 03:45:00,3.207,3.208,3.207,3.208,3.212,3.213,3.212,3.213,2
2026-07-01 03:47:00,3.209,3.209,3.207,3.207,3.214,3.214,3.212,3.212,6
2026-07-01 03:48:00,3.208,3.208,3.207,3.207,3.213,3.213,3.212,3.212,3
2026-07-01 03:49:00,3.2065,3.2065,3.206,3.206,3.2115,3.2115,3.211,3.211,2
2026-07-01 03:50:00,3.205,3.205,3.205,3.205,3.21,3.21,3.21,3.21,1
2026-07-01 03:53:00,3.204,3.205,3.204,3.204,3.209,3.21,3.209,3.209,8
2026-07-01 03:56:00,3.2035,3.204,3.2035,3.2035,3.2085,3.209,3.2085,3.2085,3
2026-07-01 03:57:00,3.204,3.206,3.204,3.206,3.209,3.211,3.209,3.211,3
2026-07-01 03:58:00,3.207,3.207,3.2055,3.2055,3.212,3.212,3.2105,3.2105,3
2026-07-01 03:59:00,3.205,3.206,3.2045,3.206,3.21,3.211,3.2095,3.211,4
2026-07-01 04:00:00,3.2055,3.207,3.205,3.2065,3.2105,3.212,3.21,3.2115,11
2026-07-01 04:01:00,3.206,3.209,3.206,3.208,3.211,3.214,3.211,3.213,5
2026-07-01 04:02:00,3.209,3.209,3.208,3.2085,3.214,3.214,3.213,3.2135,3
2026-07-01 04:03:00,3.209,3.209,3.208,3.209,3.214,3.214,3.213,3.214,3
2026-07-01 04:04:00,3.2085,3.209,3.2085,3.2085,3.2135,3.214,3.2135,3.2135,3
2026-07-01 04:05:00,3.209,3.2105,3.2065,3.207,3.214,3.2155,3.2115,3.212,11
2026-07-01 04:06:00,3.208,3.21,3.208,3.209,3.213,3.215,3.213,3.214,7
2026-07-01 04:07:00,3.208,3.209,3.207,3.209,3.213,3.214,3.212,3.214,4
2026-07-01 04:08:00,3.2085,3.209,3.208,3.208,3.2135,3.214,3.213,3.213,4
2026-07-01 04:13:00,3.209,3.209,3.2085,3.2085,3.214,3.214,3.2135,3.2135,2
2026-07-01 04:14:00,3.209,3.209,3.208,3.209,3.214,3.214,3.213,3.214,4
2026-07-01 04:16:00,3.21,3.211,3.21,3.211,3.215,3.216,3.215,3.216,2
2026-07-01 04:17:00,3.2105,3.211,3.2105,3.211,3.2155,3.216,3.2155,3.216,2
2026-07-01 04:20:00,3.21,3.211,3.21,3.211,3.215,3.216,3.215,3.216,2
2026-07-01 04:23:00,3.2115,3.212,3.2115,3.2115,3.2165,3.217,3.2165,3.2165,3
2026-07-01 04:27:00,3.212,3.212,3.212,3.212,3.217,3.217,3.217,3.217,1
2026-07-01 04:28:00,3.211,3.211,3.211,3.211,3.216,3.216,3.216,3.216,1
2026-07-01 04:32:00,3.21,3.213,3.21,3.212,3.215,3.218,3.215,3.217,7
2026-07-01 04:35:00,3.2125,3.213,3.2125,3.213,3.2175,3.218,3.2175,3.218,2
2026-07-01 04:36:00,3.212,3.212,3.211,3.212,3.217,3.217,3.216,3.217,6
2026-07-01 04:38:00,3.2115,3.2115,3.2115,3.2115,3.2165,3.2165,3.2165,3.2165,1
2026-07-01 04:39:00,3.211,3.212,3.211,3.212,3.216,3.217,3.216,3.217,2
2026-07-01 04:40:00,3.2115,3.216,3.211,3.214,3.2165,3.221,3.216,3.219,14
2026-07-01 04:42:00,3.213,3.213,3.213,3.213,3.218,3.218,3.218,3.218,1
2026-07-01 04:43:00,3.212,3.212,3.21,3.212,3.217,3.217,3.215,3.217,6
2026-07-01 04:44:00,3.213,3.213,3.213,3.213,3.218,3.218,3.218,3.218,1
2026-07-01 04:50:00,3.2135,3.2135,3.213,3.213,3.2185,3.2185,3.218,3.218,2
2026-07-01 04:52:00,3.212,3.212,3.212,3.212,3.217,3.217,3.217,3.217,1
2026-07-01 04:53:00,3.211,3.211,3.2105,3.2105,3.216,3.216,3.2155,3.2155,2
2026-07-01 04:57:00,3.211,3.212,3.211,3.212,3.216,3.217,3.216,3.217,5
2026-07-01 05:00:00,3.2125,3.217,3.2125,3.2155,3.2175,3.222,3.2175,3.2205,9
2026-07-01 05:01:00,3.215,3.216,3.215,3.216,3.22,3.221,3.22,3.221,3
2026-07-01 05:03:00,3.215,3.215,3.215,3.215,3.22,3.22,3.22,3.22,1
2026-07-01 05:04:00,3.2155,3.216,3.2155,3.216,3.2205,3.221,3.2205,3.221,2
2026-07-01 05:05:00,3.217,3.217,3.216,3.216,3.222,3.222,3.221,3.221,2
2026-07-01 05:10:00,3.215,3.2155,3.215,3.2155,3.22,3.2205,3.22,3.2205,2
2026-07-01 05:11:00,3.215,3.216,3.215,3.216,3.22,3.221,3.22,3.221,3
2026-07-01 05:13:00,3.217,3.217,3.216,3.217,3.222,3.222,3.221,3.222,3
2026-07-01 05:16:00,3.2165,3.2165,3.212,3.213,3.2215,3.2215,3.217,3.218,13
2026-07-01 05:17:00,3.2125,3.213,3.212,3.212,3.2175,3.218,3.217,3.217,3
2026-07-01 05:18:00,3.213,3.213,3.213,3.213,3.218,3.218,3.218,3.218,1
2026-07-01 05:20:00,3.214,3.215,3.214,3.214,3.219,3.22,3.219,3.219,3
2026-07-01 05:21:00,3.2145,3.216,3.2145,3.216,3.2195,3.221,3.2195,3.221,2
2026-07-01 05:22:00,3.2155,3.216,3.215,3.216,3.2205,3.221,3.22,3.221,5
2026-07-01 05:23:00,3.2165,3.217,3.2165,3.217,3.2215,3.222,3.2215,3.222,2
2026-07-01 05:24:00,3.216,3.2175,3.216,3.2175,3.221,3.2225,3.221,3.2225,3
2026-07-01 05:25:00,3.218,3.218,3.2165,3.217,3.223,3.223,3.2215,3.222,3
2026-07-01 05:26:00,3.218,3.218,3.218,3.218,3.223,3.223,3.223,3.223,1
2026-07-01 05:28:00,3.2185,3.2185,3.218,3.218,3.2235,3.2235,3.223,3.223,2
2026-07-01 05:30:00,3.2185,3.2265,3.2185,3.223,3.2235,3.2315,3.2235,3.228,47
2026-07-01 05:31:00,3.2235,3.224,3.221,3.223,3.2285,3.229,3.226,3.228,34
2026-07-01 05:32:00,3.2225,3.224,3.221,3.2235,3.2275,3.229,3.226,3.2285,28
2026-07-01 05:33:00,3.223,3.224,3.222,3.2225,3.228,3.229,3.227,3.2275,21
2026-07-01 05:34:00,3.223,3.223,3.22,3.221,3.228,3.228,3.225,3.226,22
2026-07-01 05:35:00,3.2205,3.224,3.22,3.224,3.2255,3.229,3.225,3.229,15
2026-07-01 05:36:00,3.2235,3.224,3.2195,3.221,3.2285,3.229,3.2245,3.226,19
2026-07-01 05:37:00,3.22,3.222,3.22,3.221,3.225,3.227,3.225,3.226,8
2026-07-01 05:38:00,3.222,3.222,3.221,3.221,3.227,3.227,3.226,3.226,2
2026-07-01 05:39:00,3.22,3.222,3.22,3.22,3.225,3.227,3.225,3.225,19
2026-07-01 05:40:00,3.2205,3.221,3.22,3.22,3.2255,3.226,3.225,3.225,3
2026-07-01 05:41:00,3.221,3.222,3.22,3.2205,3.226,3.227,3.225,3.2255,16
2026-07-01 05:42:00,3.221,3.222,3.22,3.221,3.226,3.227,3.225,3.226,9
2026-07-01 05:43:00,3.2215,3.222,3.22,3.22,3.2265,3.227,3.225,3.225,12
2026-07-01 05:44:00,3.2205,3.2215,3.2205,3.221,3.2255,3.2265,3.2255,3.226,4
2026-07-01 05:45:00,3.2205,3.221,3.22,3.221,3.2255,3.226,3.225,3.226,5
2026-07-01 05:46:00,3.2205,3.221,3.219,3.22,3.2255,3.226,3.224,3.225,5
2026-07-01 05:47:00,3.2195,3.221,3.2195,3.22,3.2245,3.226,3.2245,3.225,9
2026-07-01 05:48:00,3.219,3.223,3.219,3.223,3.224,3.228,3.224,3.228,15
2026-07-01 05:49:00,3.224,3.224,3.223,3.224,3.229,3.229,3.228,3.229,9
2026-07-01 05:50:00,3.2235,3.224,3.223,3.2235,3.2285,3.229,3.228,3.2285,7
2026-07-01 05:51:00,3.223,3.223,3.222,3.223,3.228,3.228,3.227,3.228,3
2026-07-01 05:52:00,3.2225,3.2255,3.222,3.225,3.2275,3.2305,3.227,3.23,7
2026-07-01 05:53:00,3.226,3.226,3.225,3.225,3.231,3.231,3.23,3.23,11
2026-07-01 05:54:00,3.2255,3.226,3.225,3.2255,3.2305,3.231,3.23,3.2305,10
2026-07-01 05:55:00,3.226,3.226,3.225,3.2255,3.231,3.231,3.23,3.2305,7
2026-07-01 05:56:00,3.226,3.226,3.2245,3.225,3.231,3.231,3.2295,3.23,6
2026-07-01 05:57:00,3.226,3.228,3.226,3.228,3.231,3.233,3.231,3.233,24
2026-07-01 05:58:00,3.229,3.229,3.227,3.227,3.234,3.234,3.232,3.232,9
2026-07-01 05:59:00,3.2275,3.228,3.227,3.227,3.2325,3.233,3.232,3.232,9
2026-07-01 06:00:00,3.226,3.228,3.226,3.228,3.231,3.233,3.231,3.233,4
2026-07-01 06:01:00,3.2285,3.229,3.228,3.228,3.2335,3.234,3.233,3.233,6
2026-07-01 06:02:00,3.227,3.228,3.227,3.228,3.232,3.233,3.232,3.233,2
2026-07-01 06:06:00,3.227,3.228,3.227,3.228,3.232,3.233,3.232,3.233,2
2026-07-01 06:07:00,3.227,3.227,3.224,3.224,3.232,3.232,3.229,3.229,6
2026-07-01 06:10:00,3.223,3.224,3.223,3.223,3.228,3.229,3.228,3.228,4
2026-07-01 06:11:00,3.222,3.2235,3.222,3.2235,3.227,3.2285,3.227,3.2285,7
2026-07-01 06:12:00,3.223,3.223,3.222,3.222,3.228,3.228,3.227,3.227,3
2026-07-01 06:13:00,3.2225,3.2225,3.222,3.2225,3.2275,3.2275,3.227,3.2275,7
2026-07-01 06:14:00,3.222,3.222,3.222,3.222,3.227,3.227,3.227,3.227,1
2026-07-01 06:16:00,3.221,3.224,3.219,3.224,3.226,3.229,3.224,3.229,19
2026-07-01 06:17:00,3.223,3.2235,3.223,3.2235,3.228,3.2285,3.228,3.2285,2
2026-07-01 06:18:00,3.224,3.224,3.224,3.224,3.229,3.229,3.229,3.229,1
2026-07-01 06:21:00,3.2235,3.2235,3.2235,3.2235,3.2285,3.2285,3.2285,3.2285,1
2026-07-01 06:22:00,3.224,3.224,3.223,3.223,3.229,3.229,3.228,3.228,5
2026-07-01 06:23:00,3.224,3.224,3.224,3.224,3.229,3.229,3.229,3.229,1
2026-07-01 06:24:00,3.2235,3.224,3.223,3.224,3.2285,3.229,3.228,3.229,3
2026-07-01 06:25:00,3.223,3.224,3.222,3.222,3.228,3.229,3.227,3.227,5
2026-07-01 06:26:00,3.223,3.223,3.223,3.223,3.228,3.228,3.228,3.228,1
2026-07-01 06:27:00,3.2225,3.224,3.2225,3.224,3.2275,3.229,3.2275,3.229,7
2026-07-01 06:28:00,3.223,3.224,3.223,3.223,3.228,3.229,3.228,3.228,13
2026-07-01 06:30:00,3.2235,3.224,3.2235,3.2235,3.2285,3.229,3.2285,3.2285,3
2026-07-01 06:31:00,3.224,3.224,3.223,3.2235,3.229,3.229,3.228,3.2285,4
2026-07-01 06:32:00,3.223,3.223,3.223,3.223,3.228,3.228,3.228,3.228,1
2026-07-01 06:33:00,3.2225,3.223,3.222,3.222,3.2275,3.228,3.227,3.227,4
2026-07-01 06:34:00,3.2215,3.222,3.221,3.2215,3.2265,3.227,3.226,3.2265,5
2026-07-01 06:35:00,3.222,3.222,3.2215,3.222,3.227,3.227,3.2265,3.227,5
2026-07-01 06:36:00,3.2225,3.224,3.2225,3.223,3.2275,3.229,3.2275,3.228,4
2026-07-01 06:41:00,3.224,3.224,3.223,3.224,3.229,3.229,3.228,3.229,3
2026-07-01 06:42:00,3.2235,3.2235,3.221,3.222,3.2285,3.2285,3.226,3.227,7
2026-07-01 06:43:00,3.2225,3.223,3.222,3.2225,3.2275,3.228,3.227,3.2275,7
2026-07-01 06:44:00,3.223,3.223,3.2225,3.223,3.228,3.228,3.2275,3.228,3
2026-07-01 06:47:00,3.2225,3.2225,3.2225,3.2225,3.2275,3.2275,3.2275,3.2275,1
2026-07-01 06:48:00,3.223,3.223,3.223,3.223,3.228,3.228,3.228,3.228,1
2026-07-01 06:49:00,3.2235,3.2235,3.223,3.223,3.2285,3.2285,3.228,3.228,2
2026-07-01 06:50:00,3.2235,3.2235,3.223,3.223,3.2285,3.2285,3.228,3.228,2
2026-07-01 06:51:00,3.224,3.225,3.223,3.224,3.229,3.23,3.228,3.229,6
2026-07-01 06:52:00,3.2245,3.225,3.2245,3.2245,3.2295,3.23,3.2295,3.2295,3
2026-07-01 06:53:00,3.224,3.224,3.224,3.224,3.229,3.229,3.229,3.229,1
2026-07-01 06:54:00,3.2235,3.2235,3.2235,3.2235,3.2285,3.2285,3.2285,3.2285,1
2026-07-01 06:55:00,3.224,3.2245,3.224,3.2245,3.229,3.2295,3.229,3.2295,2
2026-07-01 06:56:00,3.224,3.224,3.223,3.223,3.229,3.229,3.228,3.228,2
2026-07-01 06:57:00,3.224,3.224,3.224,3.224,3.229,3.229,3.229,3.229,1
2026-07-01 06:58:00,3.2235,3.2235,3.2235,3.2235,3.2285,3.2285,3.2285,3.2285,1
2026-07-01 06:59:00,3.224,3.224,3.2235,3.2235,3.229,3.229,3.2285,3.2285,2
2026-07-01 07:00:00,3.224,3.225,3.224,3.225,3.229,3.23,3.229,3.23,2
2026-07-01 07:01:00,3.226,3.226,3.225,3.225,3.231,3.231,3.23,3.23,2
2026-07-01 07:02:00,3.2245,3.225,3.224,3.225,3.2295,3.23,3.229,3.23,4
2026-07-01 07:07:00,3.226,3.226,3.226,3.226,3.231,3.231,3.231,3.231,1
2026-07-01 07:12:00,3.225,3.225,3.2235,3.2235,3.23,3.23,3.2285,3.2285,5
2026-07-01 07:13:00,3.223,3.223,3.223,3.223,3.228,3.228,3.228,3.228,1
2026-07-01 07:17:00,3.222,3.222,3.22,3.22,3.227,3.227,3.225,3.225,8
2026-07-01 07:18:00,3.2205,3.221,3.2205,3.221,3.2255,3.226,3.2255,3.226,2
2026-07-01 07:23:00,3.222,3.222,3.221,3.221,3.227,3.227,3.226,3.226,3
2026-07-01 07:24:00,3.22,3.22,3.217,3.218,3.225,3.225,3.222,3.223,9
2026-07-01 07:25:00,3.217,3.218,3.217,3.218,3.222,3.223,3.222,3.223,6
2026-07-01 07:27:00,3.2175,3.2175,3.2175,3.2175,3.2225,3.2225,3.2225,3.2225,1
2026-07-01 07:28:00,3.217,3.218,3.217,3.218,3.222,3.223,3.222,3.223,2
2026-07-01 07:29:00,3.219,3.219,3.219,3.219,3.224,3.224,3.224,3.224,1
2026-07-01 07:30:00,3.218,3.218,3.217,3.217,3.223,3.223,3.222,3.222,2
2026-07-01 07:31:00,3.216,3.216,3.216,3.216,3.221,3.221,3.221,3.221,1
2026-07-01 07:32:00,3.215,3.215,3.2135,3.214,3.22,3.22,3.2185,3.219,4
2026-07-01 07:34:00,3.215,3.215,3.214,3.214,3.22,3.22,3.219,3.219,3
2026-07-01 07:37:00,3.2135,3.2135,3.209,3.21,3.2185,3.2185,3.214,3.215,11
2026-07-01 07:38:00,3.209,3.212,3.208,3.212,3.214,3.217,3.213,3.217,8
2026-07-01 07:39:00,3.211,3.211,3.211,3.211,3.216,3.216,3.216,3.216,1
2026-07-01 07:40:00,3.2105,3.2105,3.207,3.208,3.2155,3.2155,3.212,3.213,11
2026-07-01 07:41:00,3.2075,3.208,3.2075,3.208,3.2125,3.213,3.2125,3.213,2
2026-07-01 07:42:00,3.207,3.207,3.204,3.204,3.212,3.212,3.209,3.209,10
2026-07-01 07:43:00,3.2035,3.206,3.203,3.205,3.2085,3.211,3.208,3.21,14
2026-07-01 07:44:00,3.206,3.206,3.205,3.206,3.211,3.211,3.21,3.211,4
2026-07-01 07:45:00,3.207,3.207,3.2045,3.205,3.212,3.212,3.2095,3.21,8
2026-07-01 07:46:00,3.204,3.205,3.2035,3.204,3.209,3.21,3.2085,3.209,7
2026-07-01 07:48:00,3.205,3.205,3.204,3.204,3.21,3.21,3.209,3.209,2
2026-07-01 07:49:00,3.205,3.205,3.201,3.202,3.21,3.21,3.206,3.207,15
2026-07-01 07:50:00,3.201,3.203,3.201,3.203,3.206,3.208,3.206,3.208,3
2026-07-01 07:51:00,3.202,3.203,3.202,3.203,3.207,3.208,3.207,3.208,2
2026-07-01 07:52:00,3.202,3.202,3.199,3.199,3.207,3.207,3.204,3.204,7
2026-07-01 07:53:00,3.198,3.199,3.198,3.199,3.203,3.204,3.203,3.204,4
2026-07-01 07:55:00,3.198,3.199,3.196,3.197,3.203,3.204,3.201,3.202,9
2026-07-01 07:56:00,3.198,3.198,3.197,3.197,3.203,3.203,3.202,3.202,2
2026-07-01 07:57:00,3.198,3.198,3.196,3.196,3.203,3.203,3.201,3.201,7
2026-07-01 07:58:00,3.195,3.195,3.189,3.192,3.2,3.2,3.194,3.197,29
2026-07-01 07:59:00,3.191,3.192,3.189,3.189,3.196,3.197,3.194,3.194,10
2026-07-01 08:00:00,3.19,3.197,3.19,3.196,3.195,3.202,3.195,3.201,26
2026-07-01 08:01:00,3.1965,3.1975,3.192,3.194,3.2015,3.2025,3.197,3.199,25
2026-07-01 08:02:00,3.193,3.194,3.193,3.193,3.198,3.199,3.198,3.198,3
2026-07-01 08:03:00,3.194,3.195,3.193,3.193,3.199,3.2,3.198,3.198,12
2026-07-01 08:04:00,3.192,3.192,3.192,3.192,3.197,3.197,3.197,3.197,1
2026-07-01 08:05:00,3.1915,3.1915,3.189,3.19,3.1965,3.1965,3.194,3.195,15
2026-07-01 08:06:00,3.189,3.193,3.185,3.193,3.194,3.198,3.19,3.198,32
2026-07-01 08:07:00,3.194,3.194,3.192,3.193,3.199,3.199,3.197,3.198,8
2026-07-01 08:08:00,3.1925,3.1925,3.1905,3.191,3.1975,3.1975,3.1955,3.196,10
2026-07-01 08:09:00,3.19,3.191,3.19,3.19,3.195,3.196,3.195,3.195,4
2026-07-01 08:10:00,3.189,3.19,3.189,3.189,3.194,3.195,3.194,3.194,9
2026-07-01 08:11:00,3.1895,3.19,3.188,3.189,3.1945,3.195,3.193,3.194,11
2026-07-01 08:12:00,3.188,3.1895,3.188,3.189,3.193,3.1945,3.193,3.194,15
2026-07-01 08:13:00,3.1895,3.1895,3.188,3.188,3.1945,3.1945,3.193,3.193,3
2026-07-01 08:14:00,3.187,3.188,3.187,3.188,3.192,3.193,3.192,3.193,2
2026-07-01 08:15:00,3.1885,3.19,3.188,3.189,3.1935,3.195,3.193,3.194,10
2026-07-01 08:16:00,3.1895,3.19,3.189,3.189,3.1945,3.195,3.194,3.194,8
2026-07-01 08:17:00,3.188,3.188,3.186,3.187,3.193,3.193,3.191,3.192,9
2026-07-01 08:19:00,3.188,3.188,3.186,3.188,3.193,3.193,3.191,3.193,8
2026-07-01 08:20:00,3.187,3.187,3.186,3.186,3.192,3.192,3.191,3.191,7
2026-07-01 08:21:00,3.1855,3.187,3.185,3.187,3.1905,3.192,3.19,3.192,10
2026-07-01 08:22:00,3.186,3.186,3.186,3.186,3.191,3.191,3.191,3.191,1
2026-07-01 08:23:00,3.1865,3.1865,3.186,3.1865,3.1915,3.1915,3.191,3.1915,9
2026-07-01 08:24:00,3.186,3.187,3.186,3.1865,3.191,3.192,3.191,3.1915,21
2026-07-01 08:25:00,3.186,3.187,3.186,3.187,3.191,3.192,3.191,3.192,9
2026-07-01 08:26:00,3.1875,3.188,3.187,3.188,3.1925,3.193,3.192,3.193,12
2026-07-01 08:28:00,3.1885,3.1885,3.187,3.187,3.1935,3.1935,3.192,3.192,3
2026-07-01 08:29:00,3.188,3.189,3.188,3.188,3.193,3.194,3.193,3.193,15
2026-07-01 08:30:00,3.1885,3.189,3.188,3.189,3.1935,3.194,3.193,3.194,10
2026-07-01 08:31:00,3.1885,3.1885,3.187,3.188,3.1935,3.1935,3.192,3.193,4
2026-07-01 08:32:00,3.189,3.192,3.188,3.191,3.194,3.197,3.193,3.196,11
2026-07-01 08:33:00,3.19,3.1915,3.1895,3.1915,3.195,3.1965,3.1945,3.1965,7
2026-07-01 08:34:00,3.191,3.191,3.19,3.19,3.196,3.196,3.195,3.195,4
2026-07-01 08:35:00,3.189,3.189,3.189,3.189,3.194,3.194,3.194,3.194,1
2026-07-01 08:37:00,3.188,3.188,3.187,3.188,3.193,3.193,3.192,3.193,6
2026-07-01 08:39:00,3.187,3.1875,3.187,3.187,3.192,3.1925,3.192,3.192,3
2026-07-01 08:40:00,3.1865,3.1865,3.1865,3.1865,3.1915,3.1915,3.1915,3.1915,1
2026-07-01 08:41:00,3.187,3.187,3.187,3.187,3.192,3.192,3.192,3.192,1
2026-07-01 08:42:00,3.188,3.188,3.184,3.187,3.193,3.193,3.189,3.192,11
2026-07-01 08:45:00,3.188,3.188,3.188,3.188,3.193,3.193,3.193,3.193,1
2026-07-01 08:46:00,3.1875,3.188,3.1865,3.187,3.1925,3.193,3.1915,3.192,6
2026-07-01 08:47:00,3.1865,3.1865,3.1855,3.186,3.1915,3.1915,3.1905,3.191,8
2026-07-01 08:48:00,3.187,3.188,3.1865,3.1865,3.192,3.193,3.1915,3.1915,8
2026-07-01 08:49:00,3.186,3.187,3.186,3.1865,3.191,3.192,3.191,3.1915,6
2026-07-01 08:50:00,3.187,3.187,3.186,3.186,3.192,3.192,3.191,3.191,3
2026-07-01 08:53:00,3.185,3.187,3.185,3.186,3.19,3.192,3.19,3.191,12
2026-07-01 08:54:00,3.185,3.188,3.185,3.187,3.19,3.193,3.19,3.192,8
2026-07-01 08:55:00,3.1875,3.19,3.1875,3.189,3.1925,3.195,3.1925,3.194,9
2026-07-01 08:56:00,3.1895,3.1895,3.1885,3.1895,3.1945,3.1945,3.1935,3.1945,7
2026-07-01 08:57:00,3.19,3.19,3.189,3.19,3.195,3.195,3.194,3.195,4
2026-07-01 08:58:00,3.189,3.189,3.187,3.187,3.194,3.194,3.192,3.192,6
2026-07-01 08:59:00,3.186,3.186,3.185,3.185,3.191,3.191,3.19,3.19,5
2026-07-01 09:00:00,3.186,3.188,3.186,3.1865,3.191,3.193,3.191,3.1915,21
2026-07-01 09:01:00,3.186,3.187,3.185,3.186,3.191,3.192,3.19,3.191,9
2026-07-01 09:02:00,3.185,3.188,3.185,3.187,3.19,3.193,3.19,3.192,12
2026-07-01 09:03:00,3.188,3.189,3.187,3.188,3.193,3.194,3.192,3.193,8
2026-07-01 09:05:00,3.189,3.189,3.189,3.189,3.194,3.194,3.194,3.194,1
2026-07-01 09:06:00,3.1895,3.196,3.1895,3.196,3.1945,3.201,3.1945,3.201,12
2026-07-01 09:07:00,3.195,3.198,3.195,3.198,3.2,3.203,3.2,3.203,12
2026-07-01 09:08:00,3.197,3.197,3.196,3.197,3.202,3.202,3.201,3.202,4
2026-07-01 09:09:00,3.196,3.198,3.196,3.198,3.201,3.203,3.201,3.203,5
2026-07-01 09:10:00,3.1975,3.202,3.197,3.202,3.2025,3.207,3.202,3.207,15
2026-07-01 09:11:00,3.2015,3.202,3.2,3.201,3.2065,3.207,3.205,3.206,11
2026-07-01 09:12:00,3.2015,3.202,3.201,3.201,3.2065,3.207,3.206,3.206,10
2026-07-01 09:13:00,3.2,3.2035,3.2,3.203,3.205,3.2085,3.205,3.208,6
2026-07-01 09:14:00,3.2025,3.203,3.202,3.203,3.2075,3.208,3.207,3.208,15
2026-07-01 09:15:00,3.204,3.204,3.203,3.204,3.209,3.209,3.208,3.209,9
2026-07-01 09:16:00,3.205,3.209,3.205,3.209,3.21,3.214,3.21,3.214,18
2026-07-01 09:17:00,3.208,3.208,3.2065,3.2065,3.213,3.213,3.2115,3.2115,6
2026-07-01 09:18:00,3.206,3.208,3.206,3.207,3.211,3.213,3.211,3.212,7
2026-07-01 09:19:00,3.206,3.206,3.205,3.205,3.211,3.211,3.21,3.21,2
2026-07-01 09:20:00,3.206,3.206,3.204,3.204,3.211,3.211,3.209,3.209,8
2026-07-01 09:21:00,3.203,3.204,3.203,3.203,3.208,3.209,3.208,3.208,3
2026-07-01 09:22:00,3.202,3.203,3.202,3.203,3.207,3.208,3.207,3.208,2
2026-07-01 09:24:00,3.204,3.205,3.203,3.2035,3.209,3.21,3.208,3.2085,9
2026-07-01 09:25:00,3.203,3.205,3.203,3.205,3.208,3.21,3.208,3.21,8
2026-07-01 09:26:00,3.204,3.209,3.204,3.209,3.209,3.214,3.209,3.214,16
2026-07-01 09:27:00,3.208,3.208,3.205,3.207,3.213,3.213,3.21,3.212,14
2026-07-01 09:29:00,3.208,3.209,3.207,3.208,3.213,3.214,3.212,3.213,6
2026-07-01 09:30:00,3.209,3.21,3.208,3.209,3.214,3.215,3.213,3.214,6
2026-07-01 09:31:00,3.208,3.21,3.207,3.21,3.213,3.215,3.212,3.215,9
2026-07-01 09:32:00,3.211,3.215,3.209,3.214,3.216,3.22,3.214,3.219,12
2026-07-01 09:33:00,3.213,3.213,3.212,3.213,3.218,3.218,3.217,3.218,9
2026-07-01 09:34:00,3.212,3.214,3.212,3.214,3.217,3.219,3.217,3.219,3
2026-07-01 09:35:00,3.213,3.215,3.213,3.214,3.218,3.22,3.218,3.219,5
2026-07-01 09:36:00,3.213,3.215,3.213,3.215,3.218,3.22,3.218,3.22,3
2026-07-01 09:37:00,3.216,3.216,3.215,3.215,3.221,3.221,3.22,3.22,2
2026-07-01 09:38:00,3.214,3.216,3.214,3.215,3.219,3.221,3.219,3.22,4
2026-07-01 09:39:00,3.216,3.217,3.2155,3.216,3.221,3.222,3.2205,3.221,5
2026-07-01 09:40:00,3.217,3.217,3.215,3.216,3.222,3.222,3.22,3.221,6
2026-07-01 09:41:00,3.215,3.217,3.211,3.211,3.22,3.222,3.216,3.216,15
2026-07-01 09:42:00,3.212,3.2145,3.211,3.213,3.217,3.2195,3.216,3.218,8
2026-07-01 09:43:00,3.214,3.217,3.214,3.216,3.219,3.222,3.219,3.221,6
2026-07-01 09:44:00,3.215,3.216,3.214,3.2155,3.22,3.221,3.219,3.2205,9
2026-07-01 09:45:00,3.216,3.216,3.215,3.216,3.221,3.221,3.22,3.221,5
2026-07-01 09:46:00,3.217,3.217,3.216,3.216,3.222,3.222,3.221,3.221,2
2026-07-01 09:47:00,3.2155,3.216,3.2155,3.216,3.2205,3.221,3.2205,3.221,2
2026-07-01 09:48:00,3.215,3.215,3.213,3.214,3.22,3.22,3.218,3.219,11
2026-07-01 09:49:00,3.213,3.2145,3.213,3.2145,3.218,3.2195,3.218,3.2195,5
2026-07-01 09:50:00,3.215,3.216,3.215,3.215,3.22,3.221,3.22,3.22,3
2026-07-01 09:51:00,3.216,3.216,3.2125,3.213,3.221,3.221,3.2175,3.218,13
2026-07-01 09:52:00,3.214,3.214,3.214,3.214,3.219,3.219,3.219,3.219,1
2026-07-01 09:54:00,3.213,3.214,3.213,3.214,3.218,3.219,3.218,3.219,2
2026-07-01 09:56:00,3.213,3.213,3.209,3.21,3.218,3.218,3.214,3.215,13
2026-07-01 09:57:00,3.2095,3.212,3.208,3.211,3.2145,3.217,3.213,3.216,8
2026-07-01 09:58:00,3.21,3.21,3.209,3.209,3.215,3.215,3.214,3.214,3
2026-07-01 09:59:00,3.208,3.209,3.207,3.208,3.213,3.214,3.212,3.213,6
2026-07-01 10:00:00,3.2075,3.2075,3.205,3.206,3.2125,3.2125,3.21,3.211,7
2026-07-01 10:01:00,3.207,3.207,3.207,3.207,3.212,3.212,3.212,3.212,1
2026-07-01 10:02:00,3.208,3.208,3.207,3.207,3.213,3.213,3.212,3.212,2
2026-07-01 10:03:00,3.206,3.2065,3.206,3.206,3.211,3.2115,3.211,3.211,3
2026-07-01 10:04:00,3.205,3.205,3.202,3.204,3.21,3.21,3.207,3.209,10
2026-07-01 10:05:00,3.205,3.205,3.204,3.204,3.21,3.21,3.209,3.209,4
2026-07-01 10:07:00,3.203,3.204,3.2,3.2,3.208,3.209,3.205,3.205,14
2026-07-01 10:08:00,3.199,3.199,3.199,3.199,3.204,3.204,3.204,3.204,1
2026-07-01 10:09:00,3.2,3.201,3.199,3.201,3.205,3.206,3.204,3.206,8
2026-07-01 10:12:00,3.2,3.203,3.2,3.202,3.205,3.208,3.205,3.207,7
2026-07-01 10:13:00,3.201,3.201,3.201,3.201,3.206,3.206,3.206,3.206,1
2026-07-01 10:14:00,3.202,3.202,3.2015,3.202,3.207,3.207,3.2065,3.207,9
2026-07-01 10:15:00,3.2015,3.203,3.201,3.201,3.2065,3.208,3.206,3.206,10
2026-07-01 10:16:00,3.2005,3.2005,3.199,3.199,3.2055,3.2055,3.204,3.204,9
2026-07-01 10:17:00,3.1995,3.201,3.1995,3.2,3.2045,3.206,3.2045,3.205,4
2026-07-01 10:19:00,3.2005,3.204,3.2,3.203,3.2055,3.209,3.205,3.208,19
2026-07-01 10:20:00,3.202,3.204,3.202,3.202,3.207,3.209,3.207,3.207,8
2026-07-01 10:21:00,3.2015,3.202,3.2,3.201,3.2065,3.207,3.205,3.206,10
2026-07-01 10:22:00,3.2005,3.2005,3.2,3.2,3.2055,3.2055,3.205,3.205,2
2026-07-01 10:23:00,3.199,3.2,3.198,3.2,3.204,3.205,3.203,3.205,5
2026-07-01 10:25:00,3.2005,3.201,3.2,3.2,3.2055,3.206,3.205,3.205,3
2026-07-01 10:27:00,3.199,3.199,3.197,3.197,3.204,3.204,3.202,3.202,3
2026-07-01 10:28:00,3.198,3.198,3.197,3.197,3.203,3.203,3.202,3.202,2
2026-07-01 10:29:00,3.196,3.1975,3.196,3.1975,3.201,3.2025,3.201,3.2025,11
2026-07-01 10:30:00,3.197,3.197,3.195,3.195,3.202,3.202,3.2,3.2,7
2026-07-01 10:31:00,3.1955,3.1965,3.194,3.194,3.2005,3.2015,3.199,3.199,7
2026-07-01 10:32:00,3.195,3.195,3.192,3.193,3.2,3.2,3.197,3.198,11
2026-07-01 10:33:00,3.192,3.195,3.192,3.194,3.197,3.2,3.197,3.199,14
2026-07-01 10:34:00,3.193,3.193,3.192,3.192,3.198,3.198,3.197,3.197,4
2026-07-01 10:35:00,3.191,3.191,3.189,3.189,3.196,3.196,3.194,3.194,3
2026-07-01 10:36:00,3.19,3.191,3.19,3.191,3.195,3.196,3.195,3.196,6
2026-07-01 10:37:00,3.192,3.195,3.191,3.194,3.197,3.2,3.196,3.199,15
2026-07-01 10:39:00,3.193,3.193,3.191,3.191,3.198,3.198,3.196,3.196,5
2026-07-01 10:40:00,3.192,3.1925,3.192,3.192,3.197,3.1975,3.197,3.197,5
2026-07-01 10:41:00,3.191,3.191,3.1905,3.191,3.196,3.196,3.1955,3.196,3
2026-07-01 10:42:00,3.1915,3.1915,3.189,3.1895,3.1965,3.1965,3.194,3.1945,10
2026-07-01 10:43:00,3.19,3.19,3.19,3.19,3.195,3.195,3.195,3.195,1
2026-07-01 10:44:00,3.191,3.192,3.19,3.1905,3.196,3.197,3.195,3.1955,8
2026-07-01 10:45:00,3.19,3.1905,3.19,3.1905,3.195,3.1955,3.195,3.1955,4
2026-07-01 10:46:00,3.191,3.191,3.191,3.191,3.196,3.196,3.196,3.196,1
2026-07-01 10:47:00,3.192,3.192,3.192,3.192,3.197,3.197,3.197,3.197,1
2026-07-01 10:48:00,3.193,3.194,3.193,3.194,3.198,3.199,3.198,3.199,5
2026-07-01 10:49:00,3.193,3.194,3.1915,3.1915,3.198,3.199,3.1965,3.1965,9
2026-07-01 10:50:00,3.192,3.196,3.1915,3.193,3.197,3.201,3.1965,3.198,11
2026-07-01 10:51:00,3.192,3.192,3.191,3.191,3.197,3.197,3.196,3.196,2
2026-07-01 10:52:00,3.19,3.191,3.189,3.1905,3.195,3.196,3.194,3.1955,11
2026-07-01 10:53:00,3.191,3.192,3.191,3.191,3.196,3.197,3.196,3.196,4
2026-07-01 10:54:00,3.19,3.191,3.19,3.191,3.195,3.196,3.195,3.196,2
2026-07-01 10:55:00,3.19,3.192,3.19,3.192,3.195,3.197,3.195,3.197,6
2026-07-01 10:57:00,3.191,3.191,3.1905,3.191,3.196,3.196,3.1955,3.196,3
2026-07-01 10:58:00,3.192,3.192,3.191,3.191,3.197,3.197,3.196,3.196,2
2026-07-01 10:59:00,3.1905,3.191,3.1905,3.191,3.1955,3.196,3.1955,3.196,2
2026-07-01 11:00:00,3.192,3.194,3.192,3.193,3.197,3.199,3.197,3.198,4
2026-07-01 11:01:00,3.194,3.1945,3.194,3.194,3.199,3.1995,3.199,3.199,3
2026-07-01 11:02:00,3.195,3.195,3.195,3.195,3.2,3.2,3.2,3.2,1
2026-07-01 11:03:00,3.196,3.199,3.196,3.199,3.201,3.204,3.201,3.204,11
2026-07-01 11:04:00,3.2,3.2,3.197,3.197,3.205,3.205,3.202,3.202,8
2026-07-01 11:05:00,3.1965,3.201,3.1965,3.2,3.2015,3.206,3.2015,3.205,9
2026-07-01 11:06:00,3.1995,3.1995,3.1985,3.199,3.2045,3.2045,3.2035,3.204,8
2026-07-01 11:07:00,3.1985,3.199,3.198,3.198,3.2035,3.204,3.203,3.203,4
2026-07-01 11:09:00,3.1975,3.199,3.197,3.198,3.2025,3.204,3.202,3.203,5
2026-07-01 11:10:00,3.199,3.199,3.198,3.198,3.204,3.204,3.203,3.203,2
2026-07-01 11:12:00,3.199,3.199,3.199,3.199,3.204,3.204,3.204,3.204,1
2026-07-01 11:13:00,3.198,3.198,3.192,3.194,3.203,3.203,3.197,3.199,9
2026-07-01 11:14:00,3.195,3.196,3.1945,3.196,3.2,3.201,3.1995,3.201,4
2026-07-01 11:15:00,3.197,3.198,3.196,3.196,3.202,3.203,3.201,3.201,5
2026-07-01 11:16:00,3.197,3.199,3.197,3.198,3.202,3.204,3.202,3.203,5
2026-07-01 11:18:00,3.197,3.201,3.197,3.1995,3.202,3.206,3.202,3.2045,14
2026-07-01 11:19:00,3.199,3.2,3.199,3.2,3.204,3.205,3.204,3.205,2
2026-07-01 11:21:00,3.2005,3.203,3.2005,3.203,3.2055,3.208,3.2055,3.208,9
2026-07-01 11:23:00,3.204,3.204,3.203,3.203,3.209,3.209,3.208,3.208,2
2026-07-01 11:24:00,3.2035,3.204,3.203,3.204,3.2085,3.209,3.208,3.209,7
2026-07-01 11:25:00,3.205,3.206,3.204,3.204,3.21,3.211,3.209,3.209,4
2026-07-01 11:26:00,3.205,3.206,3.204,3.206,3.21,3.211,3.209,3.211,9
2026-07-01 11:27:00,3.2055,3.206,3.205,3.206,3.2105,3.211,3.21,3.211,3
2026-07-01 11:32:00,3.207,3.21,3.207,3.21,3.212,3.215,3.212,3.215,10
2026-07-01 11:33:00,3.209,3.21,3.209,3.21,3.214,3.215,3.214,3.215,2
2026-07-01 11:35:00,3.209,3.21,3.207,3.21,3.214,3.215,3.212,3.215,6
2026-07-01 11:36:00,3.211,3.211,3.211,3.211,3.216,3.216,3.216,3.216,1
2026-07-01 11:37:00,3.21,3.21,3.208,3.208,3.215,3.215,3.213,3.213,5
2026-07-01 11:39:00,3.207,3.21,3.207,3.209,3.212,3.215,3.212,3.214,13
2026-07-01 11:40:00,3.21,3.2105,3.208,3.209,3.215,3.2155,3.213,3.214,6
2026-07-01 11:41:00,3.21,3.21,3.209,3.209,3.215,3.215,3.214,3.214,2
2026-07-01 11:45:00,3.2085,3.212,3.208,3.21,3.2135,3.217,3.213,3.215,10
2026-07-01 11:46:00,3.209,3.209,3.209,3.209,3.214,3.214,3.214,3.214,1
2026-07-01 11:47:00,3.21,3.21,3.21,3.21,3.215,3.215,3.215,3.215,1
2026-07-01 11:48:00,3.211,3.2115,3.211,3.211,3.216,3.2165,3.216,3.216,3
2026-07-01 11:49:00,3.2105,3.211,3.2105,3.211,3.2155,3.216,3.2155,3.216,2
2026-07-01 11:51:00,3.2105,3.211,3.208,3.209,3.2155,3.216,3.213,3.214,6
2026-07-01 11:54:00,3.208,3.212,3.208,3.212,3.213,3.217,3.213,3.217,7
2026-07-01 11:55:00,3.2115,3.2115,3.211,3.211,3.2165,3.2165,3.216,3.216,2
2026-07-01 11:57:00,3.2105,3.211,3.21,3.211,3.2155,3.216,3.215,3.216,4
2026-07-01 12:00:00,3.2115,3.212,3.211,3.211,3.2165,3.217,3.216,3.216,3
2026-07-01 12:02:00,3.21,3.21,3.2085,3.21,3.215,3.215,3.2135,3.215,7
2026-07-01 12:03:00,3.211,3.211,3.211,3.211,3.216,3.216,3.216,3.216,1
2026-07-01 12:04:00,3.212,3.212,3.211,3.211,3.217,3.217,3.216,3.216,2
2026-07-01 12:05:00,3.21,3.21,3.2095,3.21,3.215,3.215,3.2145,3.215,3
2026-07-01 12:06:00,3.2095,3.2095,3.208,3.208,3.2145,3.2145,3.213,3.213,2
2026-07-01 12:07:00,3.2075,3.209,3.2075,3.209,3.2125,3.214,3.2125,3.214,3
2026-07-01 12:10:00,3.2085,3.209,3.207,3.208,3.2135,3.214,3.212,3.213,14
2026-07-01 12:12:00,3.207,3.208,3.207,3.208,3.212,3.213,3.212,3.213,4
2026-07-01 12:13:00,3.207,3.208,3.207,3.208,3.212,3.213,3.212,3.213,2
2026-07-01 12:14:00,3.209,3.209,3.206,3.208,3.214,3.214,3.211,3.213,11
2026-07-01 12:15:00,3.209,3.217,3.209,3.2145,3.214,3.222,3.214,3.2195,17
2026-07-01 12:16:00,3.214,3.217,3.214,3.214,3.219,3.222,3.219,3.219,23
2026-07-01 12:17:00,3.213,3.213,3.2125,3.213,3.218,3.218,3.2175,3.218,3
2026-07-01 12:18:00,3.214,3.214,3.214,3.214,3.219,3.219,3.219,3.219,1
2026-07-01 12:19:00,3.213,3.214,3.213,3.214,3.218,3.219,3.218,3.219,2
2026-07-01 12:20:00,3.213,3.216,3.212,3.213,3.218,3.221,3.217,3.218,9
2026-07-01 12:21:00,3.214,3.214,3.2135,3.2135,3.219,3.219,3.2185,3.2185,2
2026-07-01 12:22:00,3.214,3.214,3.209,3.209,3.219,3.219,3.214,3.214,9
2026-07-01 12:23:00,3.208,3.209,3.208,3.208,3.213,3.214,3.213,3.213,3
2026-07-01 12:24:00,3.2085,3.2085,3.195,3.195,3.2135,3.2135,3.2,3.2,28
2026-07-01 12:25:00,3.1955,3.201,3.194,3.2,3.2005,3.206,3.199,3.205,34
2026-07-01 12:26:00,3.2005,3.2005,3.1985,3.199,3.2055,3.2055,3.2035,3.204,7
2026-07-01 12:27:00,3.198,3.198,3.197,3.197,3.203,3.203,3.202,3.202,4
2026-07-01 12:28:00,3.1975,3.199,3.1915,3.192,3.2025,3.204,3.1965,3.197,15
2026-07-01 12:29:00,3.1925,3.199,3.1925,3.198,3.1975,3.204,3.1975,3.203,15
2026-07-01 12:30:00,3.199,3.202,3.199,3.202,3.204,3.207,3.204,3.207,12
2026-07-01 12:31:00,3.201,3.201,3.2,3.2,3.206,3.206,3.205,3.205,2
2026-07-01 12:32:00,3.201,3.201,3.196,3.196,3.206,3.206,3.201,3.201,12
2026-07-01 12:33:00,3.197,3.197,3.196,3.196,3.202,3.202,3.201,3.201,4
2026-07-01 12:34:00,3.197,3.197,3.195,3.195,3.202,3.202,3.2,3.2,6
2026-07-01 12:35:00,3.1955,3.201,3.195,3.2,3.2005,3.206,3.2,3.205,24
2026-07-01 12:36:00,3.199,3.201,3.199,3.201,3.204,3.206,3.204,3.206,5
2026-07-01 12:37:00,3.202,3.202,3.201,3.202,3.207,3.207,3.206,3.207,5
2026-07-01 12:38:00,3.2015,3.2015,3.2,3.2,3.2065,3.2065,3.205,3.205,2
2026-07-01 12:39:00,3.199,3.2,3.199,3.199,3.204,3.205,3.204,3.204,3
2026-07-01 12:40:00,3.2,3.206,3.2,3.203,3.205,3.211,3.205,3.208,19
2026-07-01 12:41:00,3.202,3.204,3.202,3.204,3.207,3.209,3.207,3.209,5
2026-07-01 12:42:00,3.203,3.203,3.202,3.203,3.208,3.208,3.207,3.208,3
2026-07-01 12:43:00,3.204,3.207,3.204,3.205,3.209,3.212,3.209,3.21,15
2026-07-01 12:44:00,3.206,3.207,3.206,3.2065,3.211,3.212,3.211,3.2115,5
2026-07-01 12:45:00,3.206,3.207,3.206,3.207,3.211,3.212,3.211,3.212,2
2026-07-01 12:46:00,3.206,3.208,3.205,3.205,3.211,3.213,3.21,3.21,9
2026-07-01 12:47:00,3.204,3.204,3.204,3.204,3.209,3.209,3.209,3.209,1
2026-07-01 12:48:00,3.2035,3.205,3.203,3.2045,3.2085,3.21,3.208,3.2095,5
2026-07-01 12:49:00,3.204,3.207,3.204,3.206,3.209,3.212,3.209,3.211,8
2026-07-01 12:50:00,3.2055,3.2055,3.2035,3.2035,3.2105,3.2105,3.2085,3.2085,8
2026-07-01 12:51:00,3.203,3.203,3.202,3.202,3.208,3.208,3.207,3.207,2
2026-07-01 12:52:00,3.203,3.2065,3.203,3.206,3.208,3.2115,3.208,3.211,8
2026-07-01 12:53:00,3.205,3.206,3.205,3.2055,3.21,3.211,3.21,3.2105,4
2026-07-01 12:54:00,3.204,3.204,3.2035,3.2035,3.209,3.209,3.2085,3.2085,2
2026-07-01 12:55:00,3.203,3.204,3.203,3.204,3.208,3.209,3.208,3.209,2
2026-07-01 12:56:00,3.205,3.206,3.204,3.205,3.21,3.211,3.209,3.21,7
2026-07-01 12:57:00,3.204,3.2055,3.204,3.205,3.209,3.2105,3.209,3.21,5
2026-07-01 12:58:00,3.206,3.206,3.205,3.205,3.211,3.211,3.21,3.21,2
2026-07-01 12:59:00,3.2045,3.205,3.204,3.205,3.2095,3.21,3.209,3.21,5
2026-07-01 13:00:00,3.206,3.216,3.206,3.208,3.211,3.221,3.211,3.213,56
2026-07-01 13:01:00,3.209,3.212,3.208,3.208,3.214,3.217,3.213,3.213,10
2026-07-01 13:02:00,3.207,3.209,3.199,3.2005,3.212,3.214,3.204,3.2055,33
2026-07-01 13:03:00,3.2,3.201,3.2,3.2005,3.205,3.206,3.205,3.2055,7
2026-07-01 13:04:00,3.2,3.2005,3.199,3.199,3.205,3.2055,3.204,3.204,4
2026-07-01 13:05:00,3.198,3.199,3.198,3.1985,3.203,3.204,3.203,3.2035,3
2026-07-01 13:06:00,3.198,3.203,3.197,3.2025,3.203,3.208,3.202,3.2075,14
2026-07-01 13:07:00,3.203,3.204,3.202,3.202,3.208,3.209,3.207,3.207,16
2026-07-01 13:08:00,3.2025,3.205,3.2025,3.205,3.2075,3.21,3.2075,3.21,3
2026-07-01 13:09:00,3.206,3.207,3.2055,3.207,3.211,3.212,3.2105,3.212,4
2026-07-01 13:10:00,3.206,3.206,3.203,3.203,3.211,3.211,3.208,3.208,8
2026-07-01 13:11:00,3.202,3.206,3.202,3.206,3.207,3.211,3.207,3.211,10
2026-07-01 13:12:00,3.208,3.208,3.207,3.208,3.213,3.213,3.212,3.213,4
2026-07-01 13:13:00,3.207,3.208,3.205,3.2055,3.212,3.213,3.21,3.2105,13
2026-07-01 13:14:00,3.206,3.206,3.202,3.203,3.211,3.211,3.207,3.208,13
2026-07-01 13:15:00,3.204,3.206,3.204,3.204,3.209,3.211,3.209,3.209,10
2026-07-01 13:16:00,3.205,3.211,3.205,3.21,3.21,3.216,3.21,3.215,24
2026-07-01 13:17:00,3.2095,3.211,3.208,3.2095,3.2145,3.216,3.213,3.2145,23
2026-07-01 13:18:00,3.21,3.211,3.208,3.209,3.215,3.216,3.213,3.214,15
2026-07-01 13:19:00,3.208,3.213,3.208,3.212,3.213,3.218,3.213,3.217,19
2026-07-01 13:20:00,3.211,3.211,3.208,3.208,3.216,3.216,3.213,3.213,4
2026-07-01 13:21:00,3.209,3.209,3.208,3.208,3.214,3.214,3.213,3.213,2
2026-07-01 13:22:00,3.209,3.209,3.2015,3.203,3.214,3.214,3.2065,3.208,11
2026-07-01 13:23:00,3.2025,3.203,3.202,3.203,3.2075,3.208,3.207,3.208,8
2026-07-01 13:24:00,3.202,3.205,3.202,3.2045,3.207,3.21,3.207,3.2095,11
2026-07-01 13:25:00,3.204,3.205,3.2025,3.205,3.209,3.21,3.2075,3.21,11
2026-07-01 13:26:00,3.2055,3.207,3.203,3.2055,3.2105,3.212,3.208,3.2105,16
2026-07-01 13:27:00,3.205,3.205,3.204,3.2045,3.21,3.21,3.209,3.2095,4
2026-07-01 13:28:00,3.204,3.209,3.204,3.2065,3.209,3.214,3.209,3.2115,23
2026-07-01 13:29:00,3.207,3.207,3.2065,3.2065,3.212,3.212,3.2115,3.2115,2
2026-07-01 13:30:00,3.205,3.205,3.196,3.1975,3.21,3.21,3.201,3.2025,43
2026-07-01 13:31:00,3.197,3.198,3.195,3.197,3.202,3.203,3.2,3.202,18
2026-07-01 13:32:00,3.196,3.202,3.196,3.2,3.201,3.207,3.201,3.205,22
2026-07-01 13:33:00,3.1995,3.2,3.192,3.195,3.2045,3.205,3.197,3.2,36
2026-07-01 13:34:00,3.1955,3.1975,3.1955,3.197,3.2005,3.2025,3.2005,3.202,14
2026-07-01 13:35:00,3.198,3.201,3.198,3.2005,3.203,3.206,3.203,3.2055,17
2026-07-01 13:36:00,3.2,3.2,3.192,3.1945,3.205,3.205,3.197,3.1995,20
2026-07-01 13:37:00,3.194,3.194,3.191,3.192,3.199,3.199,3.196,3.197,23
2026-07-01 13:38:00,3.193,3.194,3.19,3.192,3.198,3.199,3.195,3.197,13
2026-07-01 13:39:00,3.191,3.195,3.19,3.194,3.196,3.2,3.195,3.199,28
2026-07-01 13:40:00,3.1945,3.201,3.1935,3.199,3.1995,3.206,3.1985,3.204,62
2026-07-01 13:41:00,3.198,3.199,3.192,3.195,3.203,3.204,3.197,3.2,36
2026-07-01 13:42:00,3.196,3.197,3.1925,3.193,3.201,3.202,3.1975,3.198,15
2026-07-01 13:43:00,3.192,3.192,3.187,3.19,3.197,3.197,3.192,3.195,38
2026-07-01 13:44:00,3.191,3.194,3.189,3.192,3.196,3.199,3.194,3.197,17
2026-07-01 13:45:00,3.1915,3.194,3.189,3.19,3.1965,3.199,3.194,3.195,26
2026-07-01 13:46:00,3.189,3.198,3.189,3.1965,3.194,3.203,3.194,3.2015,23
2026-07-01 13:47:00,3.197,3.197,3.192,3.195,3.202,3.202,3.197,3.2,29
2026-07-01 13:48:00,3.1945,3.1975,3.1935,3.1965,3.1995,3.2025,3.1985,3.2015,17
2026-07-01 13:49:00,3.197,3.198,3.194,3.194,3.202,3.203,3.199,3.199,18
2026-07-01 13:50:00,3.195,3.195,3.1915,3.1935,3.2,3.2,3.1965,3.1985,10
2026-07-01 13:51:00,3.194,3.194,3.1925,3.193,3.199,3.199,3.1975,3.198,12
2026-07-01 13:52:00,3.1925,3.195,3.192,3.195,3.1975,3.2,3.197,3.2,12
2026-07-01 13:53:00,3.1945,3.198,3.194,3.196,3.1995,3.203,3.199,3.201,18
2026-07-01 13:54:00,3.195,3.196,3.194,3.1945,3.2,3.201,3.199,3.1995,9
2026-07-01 13:55:00,3.195,3.196,3.194,3.195,3.2,3.201,3.199,3.2,12
2026-07-01 13:56:00,3.196,3.201,3.196,3.1975,3.201,3.206,3.201,3.2025,31
2026-07-01 13:57:00,3.197,3.202,3.197,3.201,3.202,3.207,3.202,3.206,20
2026-07-01 13:58:00,3.2005,3.2005,3.1995,3.2,3.2055,3.2055,3.2045,3.205,10
2026-07-01 13:59:00,3.1995,3.2005,3.196,3.1975,3.2045,3.2055,3.201,3.2025,15
2026-07-01 14:00:00,3.197,3.204,3.193,3.202,3.202,3.209,3.198,3.207,67
2026-07-01 14:01:00,3.201,3.206,3.198,3.203,3.206,3.211,3.203,3.208,64
2026-07-01 14:02:00,3.204,3.206,3.203,3.205,3.209,3.211,3.208,3.21,29
2026-07-01 14:03:00,3.206,3.209,3.2035,3.2085,3.211,3.214,3.2085,3.2135,38
2026-07-01 14:04:00,3.209,3.21,3.207,3.21,3.214,3.215,3.212,3.215,26
2026-07-01 14:05:00,3.209,3.2095,3.1995,3.201,3.214,3.2145,3.2045,3.206,54
2026-07-01 14:06:00,3.2005,3.21,3.1995,3.21,3.2055,3.215,3.2045,3.215,32
2026-07-01 14:07:00,3.211,3.214,3.208,3.21,3.216,3.219,3.213,3.215,29
2026-07-01 14:08:00,3.211,3.212,3.206,3.206,3.216,3.217,3.211,3.211,12
2026-07-01 14:09:00,3.205,3.209,3.204,3.209,3.21,3.214,3.209,3.214,23
2026-07-01 14:10:00,3.208,3.213,3.207,3.2095,3.213,3.218,3.212,3.2145,18
2026-07-01 14:11:00,3.21,3.212,3.209,3.211,3.215,3.217,3.214,3.216,24
2026-07-01 14:12:00,3.2105,3.2105,3.207,3.207,3.2155,3.2155,3.212,3.212,15
2026-07-01 14:13:00,3.206,3.207,3.1985,3.202,3.211,3.212,3.2035,3.207,32
2026-07-01 14:14:00,3.203,3.203,3.2,3.202,3.208,3.208,3.205,3.207,20
2026-07-01 14:15:00,3.203,3.204,3.199,3.201,3.208,3.209,3.204,3.206,18
2026-07-01 14:16:00,3.202,3.202,3.198,3.1985,3.207,3.207,3.203,3.2035,18
2026-07-01 14:17:00,3.199,3.204,3.199,3.204,3.204,3.209,3.204,3.209,24
2026-07-01 14:18:00,3.203,3.204,3.202,3.204,3.208,3.209,3.207,3.209,13
2026-07-01 14:19:00,3.207,3.207,3.204,3.205,3.212,3.212,3.209,3.21,17
2026-07-01 14:20:00,3.2045,3.207,3.204,3.2045,3.2095,3.212,3.209,3.2095,16
2026-07-01 14:21:00,3.204,3.207,3.203,3.205,3.209,3.212,3.208,3.21,16
2026-07-01 14:22:00,3.206,3.206,3.2035,3.2045,3.211,3.211,3.2085,3.2095,15
2026-07-01 14:23:00,3.204,3.2045,3.203,3.203,3.209,3.2095,3.208,3.208,12
2026-07-01 14:24:00,3.202,3.205,3.202,3.2035,3.207,3.21,3.207,3.2085,22
2026-07-01 14:25:00,3.203,3.204,3.201,3.203,3.208,3.209,3.206,3.208,16
2026-07-01 14:26:00,3.2035,3.204,3.201,3.204,3.2085,3.209,3.206,3.209,20
2026-07-01 14:27:00,3.205,3.217,3.204,3.2155,3.21,3.222,3.209,3.2205,78
2026-07-01 14:28:00,3.215,3.2185,3.211,3.217,3.22,3.2235,3.216,3.222,58
2026-07-01 14:29:00,3.2165,3.223,3.214,3.2145,3.2215,3.228,3.219,3.2195,86
2026-07-01 14:30:00,3.2125,3.221,3.2105,3.2145,3.2175,3.226,3.2155,3.2195,63
2026-07-01 14:31:00,3.214,3.215,3.208,3.2095,3.219,3.22,3.213,3.2145,40
2026-07-01 14:32:00,3.208,3.208,3.1855,3.1855,3.213,3.213,3.1905,3.1905,131
2026-07-01 14:33:00,3.184,3.19,3.176,3.179,3.189,3.195,3.181,3.184,134
2026-07-01 14:34:00,3.1795,3.183,3.176,3.1785,3.1845,3.188,3.181,3.1835,78
2026-07-01 14:35:00,3.179,3.182,3.176,3.18,3.184,3.187,3.181,3.185,59
2026-07-01 14:36:00,3.181,3.185,3.178,3.18,3.186,3.19,3.183,3.185,53
2026-07-01 14:37:00,3.181,3.181,3.172,3.174,3.186,3.186,3.177,3.179,69
2026-07-01 14:38:00,3.1735,3.176,3.172,3.174,3.1785,3.181,3.177,3.179,40
2026-07-01 14:39:00,3.173,3.177,3.173,3.175,3.178,3.182,3.178,3.18,45
2026-07-01 14:40:00,3.174,3.175,3.166,3.171,3.179,3.18,3.171,3.176,81
2026-07-01 14:41:00,3.172,3.178,3.17,3.177,3.177,3.183,3.175,3.182,54
2026-07-01 14:42:00,3.176,3.198,3.176,3.196,3.181,3.203,3.181,3.201,110
2026-07-01 14:43:00,3.197,3.2,3.195,3.1975,3.202,3.205,3.2,3.2025,55
2026-07-01 14:44:00,3.197,3.2045,3.196,3.2025,3.202,3.2095,3.201,3.2075,118
2026-07-01 14:45:00,3.202,3.2035,3.1905,3.194,3.207,3.2085,3.1955,3.199,76
2026-07-01 14:46:00,3.193,3.194,3.191,3.191,3.198,3.199,3.196,3.196,22
2026-07-01 14:47:00,3.19,3.194,3.1875,3.194,3.195,3.199,3.1925,3.199,41
2026-07-01 14:48:00,3.193,3.193,3.1875,3.188,3.198,3.198,3.1925,3.193,45
2026-07-01 14:49:00,3.187,3.1885,3.184,3.1875,3.192,3.1935,3.189,3.1925,29
2026-07-01 14:50:00,3.188,3.194,3.1875,3.192,3.193,3.199,3.1925,3.197,32
2026-07-01 14:51:00,3.1925,3.193,3.189,3.189,3.1975,3.198,3.194,3.194,18
2026-07-01 14:52:00,3.19,3.191,3.183,3.1835,3.195,3.196,3.188,3.1885,36
2026-07-01 14:53:00,3.184,3.1865,3.183,3.183,3.189,3.1915,3.188,3.188,32
2026-07-01 14:54:00,3.1825,3.1845,3.179,3.1815,3.1875,3.1895,3.184,3.1865,49
2026-07-01 14:55:00,3.182,3.195,3.1815,3.1935,3.187,3.2,3.1865,3.1985,58
2026-07-01 14:56:00,3.194,3.196,3.189,3.192,3.199,3.201,3.194,3.197,53
2026-07-01 14:57:00,3.1915,3.208,3.187,3.2045,3.1965,3.213,3.192,3.2095,103
2026-07-01 14:58:00,3.204,3.225,3.203,3.219,3.209,3.23,3.208,3.224,193
2026-07-01 14:59:00,3.218,3.222,3.212,3.219,3.223,3.227,3.217,3.224,91
2026-07-01 15:00:00,3.22,3.235,3.217,3.232,3.225,3.24,3.222,3.237,157
2026-07-01 15:01:00,3.231,3.236,3.227,3.2325,3.236,3.241,3.232,3.2375,75
2026-07-01 15:02:00,3.233,3.241,3.2325,3.236,3.238,3.246,3.2375,3.241,104
2026-07-01 15:03:00,3.2355,3.236,3.2305,3.234,3.2405,3.241,3.2355,3.239,73
2026-07-01 15:04:00,3.233,3.233,3.23,3.232,3.238,3.238,3.235,3.237,40
2026-07-01 15:05:00,3.233,3.236,3.231,3.233,3.238,3.241,3.236,3.238,51
2026-07-01 15:06:00,3.232,3.235,3.226,3.2275,3.237,3.24,3.231,3.2325,53
2026-07-01 15:07:00,3.228,3.229,3.215,3.215,3.233,3.234,3.22,3.22,73
2026-07-01 15:08:00,3.216,3.216,3.209,3.2125,3.221,3.221,3.214,3.2175,44
2026-07-01 15:09:00,3.213,3.213,3.208,3.213,3.218,3.218,3.213,3.218,37
2026-07-01 15:10:00,3.2125,3.217,3.21,3.216,3.2175,3.222,3.215,3.221,46
2026-07-01 15:11:00,3.215,3.217,3.211,3.212,3.22,3.222,3.216,3.217,39
2026-07-01 15:12:00,3.213,3.214,3.204,3.204,3.218,3.219,3.209,3.209,36
2026-07-01 15:13:00,3.203,3.206,3.203,3.206,3.208,3.211,3.208,3.211,28
2026-07-01 15:14:00,3.208,3.2105,3.205,3.208,3.213,3.2155,3.21,3.213,48
2026-07-01 15:15:00,3.209,3.209,3.202,3.206,3.214,3.214,3.207,3.211,60
2026-07-01 15:16:00,3.2055,3.215,3.205,3.213,3.2105,3.22,3.21,3.218,41
2026-07-01 15:17:00,3.215,3.216,3.208,3.209,3.22,3.221,3.213,3.214,19
2026-07-01 15:18:00,3.2085,3.209,3.206,3.208,3.2135,3.214,3.211,3.213,34
2026-07-01 15:19:00,3.206,3.211,3.206,3.209,3.211,3.216,3.211,3.214,25
2026-07-01 15:20:00,3.2095,3.211,3.202,3.206,3.2145,3.216,3.207,3.211,34
2026-07-01 15:21:00,3.2055,3.207,3.2045,3.205,3.2105,3.212,3.2095,3.21,14
2026-07-01 15:22:00,3.2045,3.207,3.2,3.202,3.2095,3.212,3.205,3.207,23
2026-07-01 15:23:00,3.201,3.202,3.198,3.199,3.206,3.207,3.203,3.204,29
2026-07-01 15:24:00,3.198,3.202,3.197,3.201,3.203,3.207,3.202,3.206,29
2026-07-01 15:25:00,3.202,3.205,3.2015,3.2045,3.207,3.21,3.2065,3.2095,27
2026-07-01 15:26:00,3.204,3.208,3.203,3.208,3.209,3.213,3.208,3.213,20
2026-07-01 15:27:00,3.209,3.214,3.209,3.214,3.214,3.219,3.214,3.219,24
2026-07-01 15:28:00,3.213,3.217,3.213,3.215,3.218,3.222,3.218,3.22,30
2026-07-01 15:29:00,3.216,3.216,3.2095,3.21,3.221,3.221,3.2145,3.215,76
2026-07-01 15:30:00,3.211,3.219,3.2105,3.216,3.216,3.224,3.2155,3.221,70
2026-07-01 15:31:00,3.217,3.224,3.217,3.224,3.222,3.229,3.222,3.229,74
2026-07-01 15:32:00,3.225,3.226,3.222,3.222,3.23,3.231,3.227,3.227,36
2026-07-01 15:33:00,3.221,3.222,3.218,3.221,3.226,3.227,3.223,3.226,74
2026-07-01 15:34:00,3.22,3.222,3.218,3.219,3.225,3.227,3.223,3.224,66
2026-07-01 15:35:00,3.22,3.22,3.2145,3.215,3.225,3.225,3.2195,3.22,108
2026-07-01 15:36:00,3.214,3.215,3.2085,3.212,3.219,3.22,3.2135,3.217,86
2026-07-01 15:37:00,3.213,3.213,3.208,3.2115,3.218,3.218,3.213,3.2165,66
2026-07-01 15:38:00,3.212,3.212,3.208,3.209,3.217,3.217,3.213,3.214,12
2026-07-01 15:39:00,3.2095,3.2095,3.201,3.203,3.2145,3.2145,3.206,3.208,46
2026-07-01 15:40:00,3.202,3.202,3.196,3.198,3.207,3.207,3.201,3.203,80
2026-07-01 15:41:00,3.196,3.199,3.195,3.197,3.201,3.204,3.2,3.202,44
2026-07-01 15:42:00,3.1975,3.204,3.1975,3.2,3.2025,3.209,3.2025,3.2055,68
2026-07-01 15:43:00,3.2,3.2,3.195,3.196,3.205,3.205,3.2,3.201,52
2026-07-01 15:44:00,3.197,3.197,3.191,3.192,3.202,3.202,3.196,3.197,86
2026-07-01 15:45:00,3.193,3.195,3.191,3.195,3.198,3.2,3.196,3.2,42
2026-07-01 15:46:00,3.194,3.195,3.186,3.186,3.199,3.2,3.191,3.191,70
2026-07-01 15:47:00,3.1855,3.186,3.183,3.1835,3.1905,3.191,3.188,3.1885,55
2026-07-01 15:48:00,3.183,3.186,3.181,3.186,3.188,3.191,3.186,3.191,45
2026-07-01 15:49:00,3.188,3.188,3.182,3.1835,3.193,3.193,3.187,3.1885,44
2026-07-01 15:50:00,3.1825,3.1835,3.178,3.1805,3.1875,3.188,3.183,3.1855,74
2026-07-01 15:51:00,3.181,3.181,3.177,3.18,3.186,3.186,3.182,3.185,34
2026-07-01 15:52:00,3.1795,3.18,3.178,3.18,3.184,3.185,3.183,3.185,16
2026-07-01 15:53:00,3.179,3.18,3.178,3.18,3.184,3.185,3.183,3.185,13
2026-07-01 15:54:00,3.181,3.181,3.177,3.179,3.186,3.186,3.181,3.184,36
2026-07-01 15:55:00,3.178,3.182,3.176,3.1765,3.183,3.187,3.181,3.1815,64
2026-07-01 15:56:00,3.176,3.178,3.176,3.1775,3.181,3.183,3.181,3.1825,57
2026-07-01 15:57:00,3.177,3.182,3.173,3.182,3.182,3.187,3.178,3.187,79
2026-07-01 15:58:00,3.1815,3.184,3.1805,3.1825,3.1865,3.189,3.1855,3.1875,39
2026-07-01 15:59:00,3.183,3.186,3.183,3.1845,3.188,3.191,3.188,3.1895,31
2026-07-01 16:00:00,3.184,3.184,3.18,3.18,3.189,3.189,3.185,3.185,25
2026-07-01 16:01:00,3.181,3.181,3.177,3.179,3.186,3.186,3.182,3.184,15
2026-07-01 16:02:00,3.181,3.183,3.181,3.182,3.185,3.188,3.185,3.187,13
2026-07-01 16:03:00,3.1815,3.188,3.181,3.184,3.1865,3.193,3.186,3.19,33
2026-07-01 16:04:00,3.183,3.187,3.183,3.187,3.188,3.192,3.188,3.192,7
2026-07-01 16:05:00,3.1875,3.1875,3.183,3.185,3.1925,3.1925,3.188,3.189,12
2026-07-01 16:06:00,3.186,3.188,3.184,3.186,3.191,3.193,3.189,3.191,21
2026-07-01 16:07:00,3.185,3.185,3.185,3.185,3.19,3.19,3.19,3.19,1
2026-07-01 16:08:00,3.184,3.184,3.182,3.1825,3.189,3.19,3.187,3.1875,16
2026-07-01 16:09:00,3.182,3.183,3.181,3.181,3.187,3.188,3.186,3.186,12
2026-07-01 16:10:00,3.182,3.186,3.181,3.185,3.187,3.191,3.186,3.19,15
2026-07-01 16:11:00,3.184,3.187,3.184,3.1845,3.189,3.192,3.189,3.1895,16
2026-07-01 16:12:00,3.184,3.184,3.182,3.182,3.189,3.189,3.187,3.187,18
2026-07-01 16:13:00,3.181,3.183,3.181,3.182,3.186,3.188,3.186,3.187,4
2026-07-01 16:14:00,3.183,3.184,3.183,3.184,3.188,3.189,3.188,3.189,8
2026-07-01 16:15:00,3.185,3.186,3.183,3.185,3.19,3.191,3.188,3.19,13
2026-07-01 16:16:00,3.186,3.189,3.185,3.188,3.191,3.194,3.19,3.193,30
2026-07-01 16:17:00,3.187,3.1885,3.186,3.188,3.192,3.1935,3.191,3.193,12
2026-07-01 16:18:00,3.187,3.1915,3.187,3.19,3.192,3.1965,3.192,3.195,16
2026-07-01 16:19:00,3.1895,3.1895,3.188,3.189,3.1945,3.1945,3.193,3.194,4
2026-07-01 16:20:00,3.1885,3.189,3.187,3.187,3.1935,3.194,3.192,3.192,25
2026-07-01 16:21:00,3.188,3.188,3.182,3.183,3.193,3.193,3.187,3.188,35
2026-07-01 16:22:00,3.1825,3.184,3.182,3.183,3.1875,3.189,3.187,3.188,28
2026-07-01 16:23:00,3.1825,3.183,3.182,3.183,3.1875,3.188,3.187,3.188,10
2026-07-01 16:24:00,3.182,3.182,3.178,3.179,3.187,3.187,3.183,3.184,27
2026-07-01 16:25:00,3.178,3.18,3.1755,3.178,3.183,3.185,3.1805,3.183,38
2026-07-01 16:26:00,3.177,3.181,3.176,3.18,3.182,3.186,3.181,3.185,17
2026-07-01 16:27:00,3.1795,3.18,3.176,3.177,3.1845,3.185,3.181,3.182,20
2026-07-01 16:28:00,3.178,3.179,3.177,3.178,3.183,3.184,3.182,3.183,17
2026-07-01 16:29:00,3.179,3.185,3.1785,3.183,3.184,3.19,3.1835,3.188,21
2026-07-01 16:30:00,3.184,3.184,3.181,3.181,3.189,3.189,3.186,3.186,34
2026-07-01 16:31:00,3.18,3.1855,3.179,3.1855,3.185,3.1905,3.184,3.1905,32
2026-07-01 16:32:00,3.1845,3.185,3.183,3.183,3.1895,3.19,3.188,3.188,14
2026-07-01 16:33:00,3.1825,3.183,3.181,3.183,3.1875,3.188,3.186,3.188,25
2026-07-01 16:34:00,3.184,3.184,3.184,3.184,3.189,3.189,3.189,3.189,1
2026-07-01 16:35:00,3.183,3.188,3.183,3.188,3.188,3.193,3.188,3.193,21
2026-07-01 16:36:00,3.187,3.19,3.185,3.185,3.192,3.195,3.19,3.19,32
2026-07-01 16:37:00,3.187,3.188,3.187,3.187,3.192,3.193,3.192,3.192,31
2026-07-01 16:38:00,3.188,3.188,3.184,3.188,3.193,3.193,3.189,3.193,29
2026-07-01 16:39:00,3.187,3.187,3.182,3.1825,3.192,3.192,3.186,3.1875,23
2026-07-01 16:40:00,3.182,3.183,3.181,3.181,3.187,3.188,3.186,3.186,25
2026-07-01 16:41:00,3.182,3.183,3.182,3.182,3.187,3.188,3.187,3.187,10
2026-07-01 16:42:00,3.181,3.182,3.178,3.179,3.186,3.187,3.183,3.184,33
2026-07-01 16:43:00,3.178,3.181,3.177,3.179,3.183,3.186,3.182,3.184,24
2026-07-01 16:44:00,3.18,3.182,3.179,3.18,3.185,3.187,3.184,3.185,14
2026-07-01 16:45:00,3.181,3.183,3.18,3.181,3.186,3.188,3.185,3.186,7
2026-07-01 16:46:00,3.182,3.185,3.181,3.184,3.187,3.19,3.186,3.189,16
2026-07-01 16:47:00,3.183,3.183,3.18,3.182,3.188,3.188,3.185,3.187,16
2026-07-01 16:48:00,3.181,3.181,3.179,3.179,3.186,3.186,3.184,3.184,14
2026-07-01 16:49:00,3.178,3.179,3.178,3.178,3.183,3.184,3.183,3.183,5
2026-07-01 16:50:00,3.177,3.182,3.177,3.18,3.182,3.187,3.182,3.185,20
2026-07-01 16:51:00,3.179,3.179,3.174,3.176,3.184,3.184,3.179,3.181,42
2026-07-01 16:52:00,3.1755,3.1755,3.1695,3.172,3.1805,3.1805,3.1745,3.177,108
2026-07-01 16:53:00,3.171,3.18,3.171,3.179,3.176,3.185,3.176,3.184,104
2026-07-01 16:54:00,3.1785,3.183,3.1785,3.182,3.1835,3.188,3.1835,3.187,42
2026-07-01 16:55:00,3.181,3.182,3.177,3.179,3.186,3.187,3.182,3.184,52
2026-07-01 16:56:00,3.178,3.181,3.177,3.181,3.183,3.186,3.182,3.186,64
2026-07-01 16:57:00,3.182,3.182,3.177,3.179,3.187,3.187,3.182,3.184,46
2026-07-01 16:58:00,3.178,3.18,3.177,3.179,3.183,3.185,3.182,3.184,30
2026-07-01 16:59:00,3.177,3.178,3.177,3.178,3.182,3.183,3.182,3.183,4
2026-07-01 17:00:00,3.177,3.178,3.175,3.176,3.182,3.183,3.18,3.181,10
2026-07-01 17:01:00,3.175,3.177,3.174,3.176,3.18,3.182,3.179,3.18,16
2026-07-01 17:02:00,3.174,3.174,3.173,3.173,3.179,3.179,3.178,3.178,26
2026-07-01 17:03:00,3.172,3.173,3.171,3.172,3.177,3.178,3.176,3.177,20
2026-07-01 17:04:00,3.171,3.1775,3.171,3.177,3.176,3.1825,3.176,3.182,21
2026-07-01 17:05:00,3.179,3.179,3.178,3.178,3.184,3.184,3.183,3.183,2
2026-07-01 17:06:00,3.179,3.181,3.1785,3.18,3.182,3.186,3.182,3.185,13
2026-07-01 17:07:00,3.18,3.182,3.1775,3.178,3.185,3.187,3.1825,3.183,26
2026-07-01 17:08:00,3.1795,3.181,3.179,3.181,3.1845,3.186,3.184,3.186,11
2026-07-01 17:09:00,3.18,3.18,3.174,3.176,3.185,3.185,3.179,3.181,22
2026-07-01 17:10:00,3.177,3.178,3.175,3.176,3.182,3.183,3.18,3.181,17
2026-07-01 17:11:00,3.177,3.178,3.175,3.176,3.182,3.183,3.18,3.181,11
2026-07-01 17:12:00,3.177,3.181,3.176,3.18,3.182,3.186,3.181,3.185,20
2026-07-01 17:13:00,3.179,3.179,3.177,3.177,3.184,3.184,3.182,3.182,14
2026-07-01 17:14:00,3.178,3.178,3.176,3.177,3.183,3.183,3.181,3.182,4
2026-07-01 17:15:00,3.1765,3.179,3.175,3.178,3.1815,3.184,3.18,3.183,26
2026-07-01 17:16:00,3.1775,3.181,3.177,3.181,3.1825,3.186,3.182,3.186,16
2026-07-01 17:17:00,3.182,3.182,3.181,3.181,3.187,3.187,3.186,3.186,8
2026-07-01 17:18:00,3.18,3.185,3.18,3.183,3.185,3.19,3.185,3.188,21
2026-07-01 17:19:00,3.184,3.184,3.18,3.182,3.189,3.189,3.185,3.187,18
2026-07-01 17:20:00,3.181,3.183,3.18,3.182,3.186,3.188,3.185,3.187,19
2026-07-01 17:21:00,3.183,3.19,3.182,3.188,3.188,3.195,3.187,3.193,36
2026-07-01 17:22:00,3.187,3.191,3.187,3.188,3.192,3.196,3.192,3.193,23
2026-07-01 17:23:00,3.189,3.189,3.186,3.188,3.194,3.194,3.191,3.193,12
2026-07-01 17:24:00,3.189,3.19,3.188,3.189,3.194,3.195,3.193,3.194,24
2026-07-01 17:25:00,3.188,3.191,3.187,3.19,3.193,3.196,3.192,3.195,22
2026-07-01 17:26:00,3.189,3.191,3.188,3.19,3.194,3.196,3.193,3.195,16
2026-07-01 17:27:00,3.1905,3.191,3.189,3.191,3.1955,3.196,3.194,3.196,20
2026-07-01 17:28:00,3.19,3.194,3.19,3.193,3.195,3.199,3.195,3.198,25
2026-07-01 17:29:00,3.192,3.196,3.192,3.193,3.197,3.201,3.197,3.198,16
2026-07-01 17:30:00,3.192,3.192,3.185,3.1855,3.197,3.197,3.19,3.1905,26
2026-07-01 17:31:00,3.186,3.187,3.185,3.186,3.191,3.192,3.19,3.191,24
2026-07-01 17:32:00,3.1855,3.189,3.1855,3.187,3.1905,3.194,3.1905,3.192,16
2026-07-01 17:33:00,3.188,3.188,3.187,3.187,3.193,3.193,3.192,3.192,2
2026-07-01 17:34:00,3.188,3.19,3.187,3.188,3.193,3.195,3.192,3.193,19
2026-07-01 17:35:00,3.189,3.195,3.189,3.1945,3.194,3.2,3.194,3.1995,17
2026-07-01 17:36:00,3.194,3.1945,3.191,3.193,3.199,3.1995,3.196,3.198,12
2026-07-01 17:37:00,3.1925,3.1925,3.191,3.191,3.1975,3.1975,3.196,3.196,5
2026-07-01 17:39:00,3.19,3.191,3.188,3.188,3.195,3.196,3.193,3.193,17
2026-07-01 17:40:00,3.189,3.195,3.1885,3.194,3.194,3.2,3.1935,3.199,19
2026-07-01 17:41:00,3.193,3.193,3.192,3.193,3.198,3.198,3.197,3.198,3
2026-07-01 17:42:00,3.192,3.199,3.192,3.1965,3.197,3.204,3.197,3.2015,33
2026-07-01 17:43:00,3.196,3.198,3.195,3.197,3.201,3.203,3.2,3.202,16
2026-07-01 17:44:00,3.196,3.198,3.196,3.1965,3.201,3.203,3.201,3.2015,15
2026-07-01 17:45:00,3.197,3.197,3.188,3.1885,3.202,3.202,3.193,3.1935,21
2026-07-01 17:46:00,3.188,3.189,3.188,3.189,3.193,3.194,3.193,3.194,7
2026-07-01 17:47:00,3.188,3.189,3.187,3.188,3.193,3.194,3.192,3.193,11
2026-07-01 17:48:00,3.189,3.19,3.188,3.189,3.194,3.195,3.193,3.194,12
2026-07-01 17:49:00,3.188,3.191,3.187,3.191,3.193,3.196,3.192,3.196,20
2026-07-01 17:50:00,3.1905,3.191,3.19,3.1905,3.1955,3.196,3.195,3.1955,19
2026-07-01 17:51:00,3.191,3.194,3.19,3.193,3.196,3.199,3.195,3.198,16
2026-07-01 17:52:00,3.1935,3.194,3.193,3.193,3.1985,3.199,3.198,3.198,4
2026-07-01 17:53:00,3.192,3.196,3.192,3.193,3.197,3.201,3.197,3.198,14
2026-07-01 17:54:00,3.192,3.193,3.191,3.192,3.197,3.198,3.196,3.197,16
2026-07-01 17:55:00,3.191,3.193,3.191,3.192,3.196,3.198,3.196,3.197,6
2026-07-01 17:56:00,3.191,3.192,3.191,3.191,3.196,3.197,3.196,3.196,7
2026-07-01 17:57:00,3.192,3.193,3.191,3.193,3.197,3.198,3.196,3.198,3
2026-07-01 17:58:00,3.194,3.194,3.192,3.193,3.199,3.199,3.197,3.198,9
2026-07-01 17:59:00,3.192,3.193,3.192,3.193,3.197,3.198,3.197,3.198,2
2026-07-01 18:00:00,3.194,3.195,3.192,3.193,3.199,3.2,3.197,3.198,23
2026-07-01 18:01:00,3.1925,3.199,3.192,3.197,3.1975,3.204,3.197,3.202,28
2026-07-01 18:02:00,3.196,3.197,3.195,3.196,3.201,3.202,3.2,3.201,12
2026-07-01 18:03:00,3.198,3.199,3.196,3.197,3.203,3.204,3.201,3.202,18
2026-07-01 18:04:00,3.198,3.199,3.195,3.195,3.203,3.204,3.2,3.2,14
2026-07-01 18:05:00,3.196,3.196,3.192,3.193,3.201,3.201,3.197,3.198,22
2026-07-01 18:06:00,3.1925,3.194,3.1925,3.194,3.1975,3.199,3.1975,3.199,11
2026-07-01 18:07:00,3.195,3.195,3.195,3.195,3.2,3.2,3.2,3.2,1
2026-07-01 18:08:00,3.194,3.195,3.193,3.194,3.199,3.2,3.198,3.199,10
2026-07-01 18:09:00,3.195,3.195,3.193,3.193,3.2,3.2,3.198,3.198,4
2026-07-01 18:10:00,3.194,3.194,3.192,3.192,3.199,3.199,3.197,3.197,5
2026-07-01 18:11:00,3.193,3.193,3.192,3.193,3.198,3.198,3.197,3.198,7
2026-07-01 18:12:00,3.192,3.192,3.187,3.188,3.197,3.197,3.192,3.193,13
2026-07-01 18:13:00,3.187,3.19,3.187,3.189,3.192,3.195,3.192,3.194,11
2026-07-01 18:14:00,3.1885,3.189,3.188,3.188,3.1935,3.194,3.193,3.193,6
2026-07-01 18:15:00,3.187,3.187,3.183,3.184,3.192,3.192,3.188,3.189,19
2026-07-01 18:17:00,3.185,3.187,3.184,3.186,3.19,3.192,3.189,3.191,12
2026-07-01 18:18:00,3.187,3.188,3.187,3.187,3.192,3.193,3.192,3.192,13
2026-07-01 18:19:00,3.188,3.188,3.187,3.187,3.193,3.193,3.192,3.192,2
2026-07-01 18:20:00,3.186,3.187,3.185,3.187,3.191,3.192,3.19,3.192,16
2026-07-01 18:21:00,3.1865,3.187,3.186,3.187,3.1915,3.192,3.191,3.192,9
2026-07-01 18:22:00,3.1865,3.187,3.18,3.183,3.1915,3.192,3.185,3.188,15
2026-07-01 18:23:00,3.182,3.182,3.181,3.181,3.187,3.187,3.186,3.186,4
2026-07-01 18:24:00,3.18,3.185,3.18,3.185,3.185,3.19,3.185,3.19,32
2026-07-01 18:25:00,3.184,3.187,3.184,3.186,3.189,3.192,3.189,3.191,15
2026-07-01 18:26:00,3.187,3.189,3.185,3.189,3.192,3.194,3.19,3.194,20
2026-07-01 18:27:00,3.1885,3.1885,3.183,3.186,3.1935,3.1935,3.188,3.191,18
2026-07-01 18:28:00,3.187,3.193,3.187,3.192,3.192,3.198,3.192,3.197,20
2026-07-01 18:29:00,3.191,3.193,3.19,3.193,3.196,3.198,3.195,3.198,12
2026-07-01 18:30:00,3.1945,3.202,3.1945,3.201,3.1995,3.207,3.1995,3.206,40
2026-07-01 18:31:00,3.2015,3.202,3.199,3.199,3.2065,3.207,3.204,3.204,41
2026-07-01 18:32:00,3.198,3.2,3.197,3.197,3.203,3.205,3.202,3.202,20
2026-07-01 18:33:00,3.198,3.199,3.197,3.1985,3.203,3.204,3.202,3.2035,27
2026-07-01 18:34:00,3.198,3.2,3.198,3.199,3.203,3.205,3.203,3.204,20
2026-07-01 18:35:00,3.1985,3.2,3.195,3.195,3.2035,3.205,3.2,3.2,15
2026-07-01 18:36:00,3.194,3.197,3.194,3.195,3.199,3.202,3.199,3.2,9
2026-07-01 18:37:00,3.196,3.197,3.195,3.196,3.201,3.202,3.2,3.201,10
2026-07-01 18:38:00,3.197,3.197,3.195,3.195,3.202,3.202,3.2,3.2,5
2026-07-01 18:39:00,3.196,3.197,3.1955,3.197,3.201,3.202,3.2005,3.202,4
2026-07-01 18:40:00,3.196,3.198,3.193,3.194,3.201,3.203,3.198,3.199,12
2026-07-01 18:41:00,3.193,3.197,3.193,3.197,3.198,3.202,3.198,3.202,12
2026-07-01 18:42:00,3.196,3.196,3.1955,3.196,3.201,3.201,3.2005,3.201,3
2026-07-01 18:43:00,3.1955,3.196,3.1955,3.196,3.2005,3.201,3.2005,3.201,2
2026-07-01 18:44:00,3.195,3.195,3.194,3.195,3.2,3.2,3.199,3.2,7
2026-07-01 18:45:00,3.194,3.195,3.194,3.195,3.199,3.2,3.199,3.2,4
2026-07-01 18:46:00,3.196,3.196,3.193,3.193,3.201,3.201,3.198,3.198,16
2026-07-01 18:47:00,3.192,3.192,3.191,3.191,3.197,3.197,3.196,3.196,3
2026-07-01 18:48:00,3.19,3.192,3.19,3.1915,3.195,3.197,3.195,3.1965,9
2026-07-01 18:49:00,3.192,3.192,3.1915,3.1915,3.197,3.197,3.1965,3.1965,4
2026-07-01 18:50:00,3.192,3.194,3.192,3.193,3.197,3.199,3.197,3.198,12
2026-07-01 18:51:00,3.194,3.197,3.194,3.197,3.199,3.202,3.199,3.202,26
2026-07-01 18:52:00,3.196,3.196,3.195,3.195,3.201,3.201,3.2,3.2,2
2026-07-01 18:53:00,3.194,3.195,3.194,3.195,3.199,3.2,3.199,3.2,3
2026-07-01 18:54:00,3.1945,3.195,3.1945,3.195,3.1995,3.2,3.1995,3.2,2
2026-07-01 18:55:00,3.196,3.197,3.195,3.195,3.201,3.202,3.2,3.2,7
2026-07-01 18:56:00,3.1945,3.1945,3.193,3.194,3.1995,3.1995,3.198,3.199,6
2026-07-01 18:57:00,3.193,3.194,3.193,3.193,3.198,3.199,3.198,3.198,8
2026-07-01 18:58:00,3.1935,3.1935,3.193,3.193,3.1985,3.1985,3.198,3.198,2
2026-07-01 18:59:00,3.194,3.194,3.19,3.19,3.199,3.199,3.195,3.195,10
2026-07-01 19:00:00,3.1905,3.1905,3.187,3.189,3.1955,3.1955,3.192,3.194,15
2026-07-01 19:01:00,3.188,3.189,3.188,3.188,3.193,3.194,3.193,3.193,5
2026-07-01 19:02:00,3.1885,3.19,3.188,3.189,3.1935,3.195,3.193,3.194,9
2026-07-01 19:03:00,3.19,3.191,3.19,3.19,3.195,3.196,3.195,3.195,5
2026-07-01 19:04:00,3.1905,3.192,3.19,3.192,3.1955,3.197,3.195,3.197,8
2026-07-01 19:05:00,3.193,3.194,3.193,3.194,3.198,3.199,3.198,3.199,4
2026-07-01 19:06:00,3.193,3.195,3.193,3.194,3.198,3.2,3.198,3.199,4
2026-07-01 19:07:00,3.195,3.195,3.193,3.194,3.2,3.2,3.198,3.199,4
2026-07-01 19:08:00,3.1935,3.195,3.192,3.193,3.1985,3.2,3.197,3.198,18
2026-07-01 19:09:00,3.192,3.193,3.19,3.191,3.197,3.198,3.195,3.196,12
2026-07-01 19:10:00,3.192,3.193,3.191,3.193,3.197,3.198,3.196,3.198,6
2026-07-01 19:13:00,3.192,3.196,3.192,3.194,3.197,3.201,3.197,3.199,10
2026-07-01 19:14:00,3.1935,3.1935,3.192,3.192,3.1985,3.1985,3.197,3.197,4
2026-07-01 19:15:00,3.191,3.194,3.191,3.191,3.196,3.199,3.196,3.196,14
2026-07-01 19:16:00,3.192,3.192,3.191,3.191,3.197,3.197,3.196,3.196,4
2026-07-01 19:17:00,3.19,3.19,3.184,3.184,3.195,3.195,3.189,3.189,20
2026-07-01 19:18:00,3.185,3.186,3.1845,3.185,3.19,3.191,3.1895,3.19,5
2026-07-01 19:19:00,3.186,3.186,3.183,3.183,3.191,3.191,3.188,3.188,10
2026-07-01 19:20:00,3.182,3.182,3.178,3.178,3.187,3.187,3.183,3.183,29
2026-07-01 19:21:00,3.177,3.177,3.174,3.177,3.182,3.182,3.179,3.182,9
2026-07-01 19:22:00,3.176,3.179,3.175,3.175,3.181,3.184,3.18,3.18,42
2026-07-01 19:23:00,3.174,3.18,3.174,3.179,3.179,3.185,3.179,3.184,14
2026-07-01 19:24:00,3.1785,3.179,3.178,3.178,3.1835,3.184,3.183,3.183,8
2026-07-01 19:25:00,3.177,3.182,3.177,3.181,3.182,3.187,3.182,3.186,19
2026-07-01 19:26:00,3.18,3.18,3.1775,3.178,3.185,3.185,3.1825,3.183,12
2026-07-01 19:27:00,3.177,3.177,3.172,3.174,3.182,3.182,3.177,3.179,36
2026-07-01 19:28:00,3.175,3.175,3.175,3.175,3.18,3.18,3.18,3.18,1
2026-07-01 19:29:00,3.174,3.175,3.172,3.174,3.179,3.18,3.177,3.179,21
2026-07-01 19:30:00,3.175,3.175,3.173,3.174,3.18,3.18,3.178,3.179,11
2026-07-01 19:31:00,3.175,3.178,3.175,3.178,3.18,3.183,3.18,3.183,14
2026-07-01 19:32:00,3.177,3.178,3.177,3.1775,3.182,3.183,3.182,3.1825,13
2026-07-01 19:33:00,3.178,3.179,3.177,3.177,3.183,3.184,3.182,3.182,6
2026-07-01 19:34:00,3.178,3.181,3.178,3.18,3.183,3.186,3.183,3.185,9
2026-07-01 19:35:00,3.181,3.182,3.181,3.181,3.186,3.187,3.186,3.186,16
2026-07-01 19:36:00,3.182,3.186,3.1815,3.186,3.187,3.191,3.1865,3.191,17
2026-07-01 19:37:00,3.185,3.185,3.184,3.185,3.19,3.19,3.189,3.19,4
2026-07-01 19:38:00,3.1845,3.185,3.183,3.183,3.1895,3.19,3.188,3.188,8
2026-07-01 19:39:00,3.182,3.184,3.182,3.183,3.187,3.189,3.187,3.188,9
2026-07-01 19:40:00,3.184,3.186,3.183,3.184,3.189,3.191,3.188,3.189,20
2026-07-01 19:41:00,3.1835,3.187,3.183,3.187,3.1885,3.192,3.188,3.192,15
2026-07-01 19:42:00,3.188,3.188,3.187,3.188,3.193,3.193,3.192,3.193,3
2026-07-01 19:43:00,3.187,3.189,3.186,3.186,3.192,3.194,3.191,3.191,12
2026-07-01 19:44:00,3.187,3.187,3.185,3.186,3.192,3.192,3.19,3.191,8
2026-07-01 19:45:00,3.187,3.19,3.187,3.189,3.192,3.195,3.192,3.194,11
2026-07-01 19:46:00,3.19,3.19,3.189,3.189,3.195,3.195,3.194,3.194,12
2026-07-01 19:47:00,3.19,3.191,3.19,3.19,3.195,3.196,3.195,3.195,5
2026-07-01 19:48:00,3.189,3.189,3.185,3.186,3.194,3.194,3.19,3.191,22
2026-07-01 19:49:00,3.1865,3.187,3.186,3.186,3.1915,3.192,3.191,3.191,5
2026-07-01 19:50:00,3.1865,3.1865,3.184,3.184,3.1915,3.1915,3.189,3.189,7
2026-07-01 19:51:00,3.185,3.186,3.185,3.186,3.19,3.191,3.19,3.191,2
2026-07-01 19:52:00,3.185,3.185,3.1835,3.184,3.19,3.19,3.1885,3.189,4
2026-07-01 19:53:00,3.185,3.185,3.184,3.185,3.19,3.19,3.189,3.19,3
2026-07-01 19:54:00,3.184,3.184,3.181,3.181,3.189,3.189,3.186,3.186,18
2026-07-01 19:55:00,3.182,3.182,3.179,3.18,3.187,3.187,3.184,3.185,27
2026-07-01 19:56:00,3.179,3.181,3.179,3.179,3.184,3.186,3.184,3.184,17
2026-07-01 19:57:00,3.1785,3.179,3.176,3.177,3.1835,3.184,3.181,3.182,16
2026-07-01 19:58:00,3.1775,3.179,3.1775,3.179,3.1825,3.184,3.1825,3.184,20
2026-07-01 19:59:00,3.1785,3.18,3.1785,3.18,3.1835,3.185,3.1835,3.185,9
2026-07-01 20:00:00,3.181,3.181,3.177,3.177,3.186,3.186,3.182,3.182,10
2026-07-01 20:01:00,3.178,3.18,3.177,3.18,3.183,3.185,3.182,3.185,23
2026-07-01 20:02:00,3.179,3.179,3.178,3.1785,3.184,3.184,3.183,3.1835,6
2026-07-01 20:03:00,3.179,3.179,3.178,3.179,3.184,3.184,3.183,3.184,4
2026-07-01 20:04:00,3.178,3.179,3.177,3.178,3.183,3.184,3.182,3.183,12
2026-07-01 20:05:00,3.179,3.18,3.178,3.178,3.184,3.185,3.183,3.183,10
2026-07-01 20:06:00,3.179,3.179,3.178,3.1785,3.184,3.184,3.183,3.1835,10
2026-07-01 20:07:00,3.179,3.18,3.179,3.1795,3.184,3.185,3.184,3.1845,9
2026-07-01 20:08:00,3.179,3.18,3.178,3.1795,3.184,3.185,3.183,3.1845,17
2026-07-01 20:09:00,3.18,3.185,3.179,3.1815,3.185,3.19,3.184,3.1865,24
2026-07-01 20:10:00,3.182,3.184,3.1815,3.183,3.187,3.189,3.1865,3.188,11
2026-07-01 20:11:00,3.1835,3.184,3.182,3.183,3.1885,3.189,3.187,3.188,17
2026-07-01 20:12:00,3.1835,3.186,3.183,3.184,3.1885,3.191,3.188,3.189,14
2026-07-01 20:13:00,3.183,3.184,3.183,3.183,3.188,3.189,3.188,3.188,11
2026-07-01 20:14:00,3.1825,3.186,3.182,3.184,3.1875,3.191,3.187,3.189,19
2026-07-01 20:15:00,3.1845,3.185,3.183,3.183,3.1895,3.19,3.188,3.188,10
2026-07-01 20:16:00,3.184,3.188,3.1835,3.188,3.189,3.193,3.1885,3.193,18
2026-07-01 20:17:00,3.1875,3.198,3.187,3.196,3.1925,3.203,3.192,3.201,51
2026-07-01 20:18:00,3.195,3.196,3.1905,3.191,3.2,3.201,3.1955,3.196,22
2026-07-01 20:19:00,3.19,3.194,3.19,3.192,3.195,3.199,3.195,3.197,18
2026-07-01 20:20:00,3.193,3.194,3.1905,3.1905,3.198,3.199,3.1955,3.1955,25
2026-07-01 20:21:00,3.191,3.193,3.19,3.192,3.196,3.198,3.195,3.197,18
2026-07-01 20:22:00,3.193,3.195,3.192,3.195,3.198,3.2,3.197,3.2,13
2026-07-01 20:23:00,3.196,3.196,3.193,3.194,3.201,3.201,3.198,3.199,10
2026-07-01 20:24:00,3.195,3.195,3.191,3.192,3.2,3.2,3.196,3.197,15
2026-07-01 20:25:00,3.1915,3.193,3.191,3.192,3.1965,3.198,3.196,3.197,7
2026-07-01 20:26:00,3.193,3.193,3.1855,3.186,3.198,3.198,3.1905,3.191,40
2026-07-01 20:27:00,3.185,3.188,3.184,3.188,3.19,3.193,3.189,3.193,19
2026-07-01 20:28:00,3.187,3.19,3.184,3.189,3.192,3.195,3.189,3.194,73
2026-07-01 20:29:00,3.19,3.195,3.19,3.194,3.195,3.2,3.195,3.199,85
2026-07-01 20:30:00,3.193,3.197,3.192,3.1965,3.198,3.202,3.197,3.2015,30
2026-07-01 20:31:00,3.197,3.2,3.193,3.193,3.202,3.205,3.198,3.198,26
2026-07-01 20:32:00,3.1925,3.194,3.192,3.193,3.1975,3.199,3.197,3.198,9
2026-07-01 20:33:00,3.1935,3.194,3.192,3.192,3.1985,3.199,3.197,3.197,4
2026-07-01 20:34:00,3.193,3.1945,3.193,3.1935,3.198,3.1995,3.198,3.1985,9
2026-07-01 20:35:00,3.193,3.1935,3.192,3.193,3.198,3.1985,3.197,3.198,10
2026-07-01 20:36:00,3.192,3.192,3.191,3.1915,3.197,3.197,3.196,3.1965,4
2026-07-01 20:37:00,3.191,3.192,3.191,3.192,3.196,3.197,3.196,3.197,4
2026-07-01 20:38:00,3.193,3.193,3.191,3.192,3.198,3.198,3.196,3.197,11
2026-07-01 20:39:00,3.1915,3.192,3.19,3.1905,3.1965,3.197,3.195,3.1955,5
2026-07-01 20:40:00,3.19,3.192,3.19,3.191,3.195,3.197,3.195,3.196,10
2026-07-01 20:41:00,3.19,3.192,3.19,3.19,3.195,3.197,3.195,3.195,13
2026-07-01 20:42:00,3.1895,3.19,3.1895,3.19,3.1945,3.195,3.1945,3.195,2
2026-07-01 20:43:00,3.189,3.19,3.189,3.189,3.194,3.195,3.194,3.194,5
2026-07-01 20:44:00,3.188,3.1885,3.184,3.186,3.193,3.1935,3.189,3.191,10
2026-07-01 20:45:00,3.187,3.187,3.185,3.185,3.192,3.192,3.19,3.19,7
2026-07-01 20:47:00,3.186,3.186,3.183,3.183,3.191,3.191,3.188,3.188,10
2026-07-01 20:49:00,3.182,3.182,3.18,3.181,3.187,3.187,3.185,3.186,20
2026-07-01 20:50:00,3.18,3.182,3.1745,3.175,3.185,3.187,3.1795,3.18,41
2026-07-01 20:51:00,3.1745,3.178,3.1745,3.176,3.1795,3.183,3.1795,3.181,13
2026-07-01 20:52:00,3.1765,3.178,3.176,3.178,3.1815,3.183,3.181,3.183,16
2026-07-01 20:53:00,3.1775,3.178,3.1775,3.178,3.1825,3.183,3.1825,3.183,4
2026-07-01 20:54:00,3.179,3.179,3.178,3.178,3.184,3.184,3.183,3.183,3
2026-07-01 20:55:00,3.177,3.177,3.176,3.176,3.182,3.182,3.181,3.181,6
2026-07-01 20:57:00,3.175,3.175,3.173,3.174,3.18,3.18,3.178,3.179,10
2026-07-01 20:59:00,3.175,3.176,3.174,3.174,3.18,3.181,3.179,3.179,8
2026-07-01 21:00:00,3.173,3.174,3.173,3.174,3.178,3.179,3.178,3.179,2
2026-07-01 21:01:00,3.175,3.178,3.175,3.177,3.18,3.183,3.18,3.182,14
2026-07-01 21:02:00,3.1775,3.178,3.176,3.177,3.1825,3.183,3.181,3.182,14
2026-07-01 21:05:00,3.178,3.179,3.178,3.178,3.183,3.184,3.183,3.183,4
2026-07-01 21:06:00,3.177,3.178,3.177,3.178,3.182,3.183,3.182,3.183,5
2026-07-01 21:07:00,3.177,3.178,3.177,3.178,3.182,3.183,3.182,3.183,3
2026-07-01 21:09:00,3.179,3.179,3.174,3.175,3.184,3.184,3.179,3.18,14
2026-07-01 21:10:00,3.174,3.175,3.173,3.175,3.179,3.18,3.178,3.18,11
2026-07-01 21:11:00,3.1755,3.176,3.175,3.175,3.1805,3.181,3.18,3.18,4
2026-07-01 21:12:00,3.1745,3.175,3.174,3.175,3.1795,3.18,3.179,3.18,9
2026-07-01 21:13:00,3.176,3.176,3.174,3.175,3.181,3.181,3.179,3.18,11
2026-07-01 21:16:00,3.1755,3.1775,3.175,3.177,3.1805,3.1825,3.18,3.182,24
2026-07-01 21:18:00,3.176,3.177,3.176,3.177,3.181,3.182,3.181,3.182,2
2026-07-01 21:19:00,3.178,3.178,3.177,3.1775,3.183,3.183,3.182,3.1825,5
2026-07-01 21:20:00,3.177,3.1775,3.177,3.177,3.182,3.1825,3.182,3.182,5
2026-07-01 21:22:00,3.176,3.178,3.176,3.177,3.181,3.183,3.181,3.182,7
2026-07-01 21:24:00,3.176,3.177,3.175,3.175,3.181,3.182,3.18,3.18,5
2026-07-01 21:25:00,3.174,3.175,3.174,3.175,3.179,3.18,3.179,3.18,5
2026-07-01 21:26:00,3.176,3.176,3.173,3.173,3.181,3.181,3.178,3.178,4
2026-07-01 21:27:00,3.1735,3.174,3.1735,3.174,3.1785,3.179,3.1785,3.179,2
2026-07-01 21:28:00,3.173,3.173,3.1725,3.1725,3.178,3.178,3.1775,3.1775,2
2026-07-01 21:29:00,3.172,3.173,3.172,3.172,3.177,3.178,3.177,3.177,7
2026-07-01 21:30:00,3.1715,3.173,3.17,3.172,3.1765,3.178,3.175,3.177,20
2026-07-01 21:31:00,3.171,3.173,3.171,3.173,3.176,3.178,3.176,3.178,3
2026-07-01 21:32:00,3.172,3.173,3.172,3.173,3.177,3.178,3.177,3.178,3
2026-07-01 21:35:00,3.172,3.173,3.172,3.173,3.177,3.178,3.177,3.178,3
2026-07-01 21:36:00,3.174,3.175,3.173,3.175,3.179,3.18,3.178,3.18,5
2026-07-01 21:37:00,3.174,3.174,3.174,3.174,3.179,3.179,3.179,3.179,1
2026-07-01 21:38:00,3.173,3.174,3.173,3.173,3.178,3.179,3.178,3.178,3
2026-07-01 21:39:00,3.172,3.173,3.172,3.173,3.177,3.178,3.177,3.178,6
2026-07-01 21:41:00,3.172,3.173,3.172,3.172,3.177,3.178,3.177,3.177,3
2026-07-01 21:42:00,3.173,3.173,3.172,3.173,3.178,3.178,3.177,3.178,7
2026-07-01 21:44:00,3.174,3.174,3.1735,3.174,3.179,3.179,3.1785,3.179,5
2026-07-01 21:45:00,3.1735,3.1735,3.173,3.1735,3.1785,3.1785,3.178,3.1785,3
2026-07-01 21:46:00,3.174,3.174,3.173,3.173,3.179,3.179,3.178,3.178,2
2026-07-01 21:47:00,3.174,3.174,3.1735,3.174,3.179,3.179,3.1785,3.179,3
2026-07-01 21:48:00,3.175,3.1755,3.174,3.175,3.18,3.1805,3.179,3.18,6
2026-07-01 21:49:00,3.1745,3.175,3.174,3.174,3.1795,3.18,3.179,3.179,8
2026-07-01 21:53:00,3.175,3.175,3.175,3.175,3.18,3.18,3.18,3.18,1
2026-07-01 21:54:00,3.174,3.174,3.17,3.171,3.179,3.179,3.175,3.176,6
2026-07-01 21:55:00,3.17,3.171,3.17,3.171,3.175,3.176,3.175,3.176,11
2026-07-01 21:56:00,3.17,3.171,3.169,3.17,3.175,3.176,3.174,3.175,5
2026-07-01 21:57:00,3.171,3.172,3.171,3.171,3.176,3.177,3.176,3.176,8
2026-07-01 21:58:00,3.17,3.171,3.17,3.171,3.175,3.176,3.175,3.176,10
2026-07-01 21:59:00,3.172,3.172,3.171,3.172,3.177,3.177,3.176,3.177,7
2026-07-01 22:00:00,3.1725,3.173,3.1725,3.1725,3.1775,3.178,3.1775,3.1775,3
2026-07-01 22:01:00,3.172,3.173,3.172,3.173,3.177,3.178,3.177,3.178,2
2026-07-01 22:02:00,3.174,3.174,3.173,3.174,3.179,3.179,3.178,3.179,4
2026-07-01 22:03:00,3.1735,3.174,3.1735,3.174,3.1785,3.179,3.1785,3.179,8
2026-07-01 22:05:00,3.1735,3.1735,3.173,3.173,3.1785,3.1785,3.178,3.178,2
2026-07-01 22:06:00,3.1735,3.1735,3.173,3.1735,3.1785,3.1785,3.178,3.1785,3
2026-07-01 22:07:00,3.173,3.1735,3.173,3.173,3.178,3.1785,3.178,3.178,3
2026-07-01 22:08:00,3.1735,3.174,3.1715,3.1715,3.1785,3.179,3.1765,3.1765,13
2026-07-01 22:09:00,3.171,3.172,3.17,3.1705,3.176,3.177,3.175,3.1755,11
2026-07-01 22:10:00,3.17,3.171,3.17,3.171,3.175,3.176,3.175,3.176,2
2026-07-01 22:11:00,3.172,3.172,3.1705,3.171,3.177,3.177,3.1755,3.176,6
2026-07-01 22:12:00,3.1705,3.173,3.17,3.173,3.1755,3.178,3.175,3.178,5
2026-07-01 22:13:00,3.174,3.174,3.174,3.174,3.179,3.179,3.179,3.179,1
2026-07-01 22:14:00,3.1735,3.174,3.1735,3.174,3.1785,3.179,3.1785,3.179,2
2026-07-01 22:16:00,3.175,3.175,3.175,3.175,3.18,3.18,3.18,3.18,1
2026-07-01 22:17:00,3.174,3.175,3.174,3.175,3.179,3.18,3.179,3.18,2
2026-07-01 22:18:00,3.174,3.174,3.173,3.173,3.179,3.179,3.178,3.178,2
2026-07-01 22:19:00,3.1725,3.1725,3.1725,3.1725,3.1775,3.1775,3.1775,3.1775,1
2026-07-01 22:20:00,3.172,3.172,3.17,3.171,3.177,3.177,3.175,3.176,4
2026-07-01 22:21:00,3.1705,3.171,3.1705,3.171,3.1755,3.176,3.1755,3.176,2
2026-07-01 22:25:00,3.1705,3.171,3.1705,3.171,3.1755,3.176,3.1755,3.176,2
2026-07-01 22:26:00,3.172,3.173,3.1715,3.1725,3.177,3.178,3.1765,3.1775,7
2026-07-01 22:27:00,3.173,3.173,3.173,3.173,3.178,3.178,3.178,3.178,1
2026-07-01 22:28:00,3.1735,3.1735,3.172,3.173,3.1785,3.1785,3.177,3.178,5
2026-07-01 22:29:00,3.1725,3.173,3.1725,3.173,3.1775,3.178,3.1775,3.178,2
2026-07-01 22:30:00,3.172,3.1735,3.172,3.1725,3.177,3.1785,3.177,3.1775,9
2026-07-01 22:31:00,3.172,3.173,3.172,3.172,3.177,3.178,3.177,3.177,8
2026-07-01 22:32:00,3.1715,3.1715,3.171,3.1715,3.1765,3.1765,3.176,3.1765,5
2026-07-01 22:34:00,3.171,3.1715,3.171,3.1715,3.176,3.1765,3.176,3.1765,2
2026-07-01 22:35:00,3.171,3.172,3.171,3.172,3.176,3.177,3.176,3.177,5
2026-07-01 22:36:00,3.1715,3.1715,3.1715,3.1715,3.1765,3.1765,3.1765,3.1765,1
2026-07-01 22:37:00,3.171,3.172,3.171,3.172,3.176,3.177,3.176,3.177,2
2026-07-01 22:40:00,3.174,3.174,3.173,3.174,3.179,3.179,3.178,3.179,7
2026-07-01 22:42:00,3.1735,3.1735,3.1735,3.1735,3.1785,3.1785,3.1785,3.1785,1
2026-07-01 22:43:00,3.174,3.174,3.173,3.174,3.179,3.179,3.178,3.179,4
2026-07-01 22:44:00,3.175,3.175,3.1745,3.175,3.18,3.18,3.1795,3.18,5
2026-07-01 22:45:00,3.1745,3.1745,3.1745,3.1745,3.1795,3.1795,3.1795,3.1795,1
2026-07-01 22:46:00,3.174,3.175,3.174,3.1745,3.179,3.18,3.179,3.1795,6
2026-07-01 22:47:00,3.174,3.1745,3.174,3.1745,3.179,3.1795,3.179,3.1795,2
2026-07-01 22:48:00,3.175,3.176,3.1745,3.176,3.18,3.181,3.1795,3.181,4
2026-07-01 22:50:00,3.177,3.177,3.177,3.177,3.182,3.182,3.182,3.182,1
2026-07-01 22:51:00,3.1765,3.177,3.176,3.176,3.1815,3.182,3.181,3.181,6
2026-07-01 22:52:00,3.177,3.177,3.176,3.176,3.182,3.182,3.181,3.181,3
2026-07-01 22:53:00,3.177,3.178,3.177,3.178,3.182,3.183,3.182,3.183,2
2026-07-01 22:54:00,3.177,3.178,3.177,3.178,3.182,3.183,3.182,3.183,2
2026-07-01 22:55:00,3.1785,3.182,3.1785,3.181,3.1835,3.187,3.1835,3.186,10
2026-07-01 22:56:00,3.182,3.184,3.182,3.183,3.187,3.189,3.187,3.188,12
2026-07-01 22:57:00,3.1835,3.184,3.182,3.182,3.1885,3.189,3.187,3.187,4
2026-07-01 22:58:00,3.1815,3.1815,3.181,3.181,3.1865,3.1865,3.186,3.186,2
2026-07-01 22:59:00,3.18,3.182,3.1787,3.1797,3.185,3.187,3.1826,3.1847,25
2026-07-02 00:00:00,3.1747,3.1792,3.1742,3.1792,3.1797,3.1842,3.1792,3.1842,7
2026-07-02 00:01:00,3.1797,3.1797,3.1792,3.1792,3.1847,3.1847,3.1842,3.1842,4
2026-07-02 00:02:00,3.1797,3.1797,3.1772,3.1772,3.1847,3.1847,3.1822,3.1822,3
2026-07-02 00:03:00,3.1777,3.1777,3.1777,3.1777,3.1827,3.1827,3.1827,3.1827,1
2026-07-02 00:08:00,3.1752,3.1762,3.1752,3.1752,3.1802,3.1812,3.1802,3.1802,4
2026-07-02 00:09:00,3.1762,3.1767,3.1762,3.1767,3.1812,3.1817,3.1812,3.1817,2
2026-07-02 00:17:00,3.1777,3.1777,3.1777,3.1777,3.1827,3.1827,3.1827,3.1827,1
2026-07-02 00:21:00,3.1792,3.1797,3.1787,3.1792,3.1842,3.1847,3.1837,3.1842,4
2026-07-02 00:22:00,3.1787,3.1787,3.1737,3.1757,3.1837,3.1837,3.1787,3.1807,8
2026-07-02 00:26:00,3.1762,3.1762,3.1762,3.1762,3.1812,3.1812,3.1812,3.1812,1
2026-07-02 00:31:00,3.1767,3.1767,3.1767,3.1767,3.1817,3.1817,3.1817,3.1817,1
2026-07-02 00:49:00,3.1777,3.1777,3.1777,3.1777,3.1827,3.1827,3.1827,3.1827,1
2026-07-02 00:50:00,3.1782,3.1787,3.1782,3.1787,3.1832,3.1837,3.1832,3.1837,2
2026-07-02 00:55:00,3.1777,3.1787,3.1777,3.1787,3.1827,3.1837,3.1827,3.1837,2
2026-07-02 00:59:00,3.1782,3.1787,3.1782,3.1787,3.1832,3.1837,3.1832,3.1837,2
2026-07-02 01:02:00,3.1777,3.1782,3.1772,3.1782,3.1827,3.1832,3.1822,3.1832,4
2026-07-02 01:05:00,3.1777,3.1777,3.1777,3.1777,3.1827,3.1827,3.1827,3.1827,1
2026-07-02 01:06:00,3.1772,3.1772,3.1772,3.1772,3.1822,3.1822,3.1822,3.1822,1
2026-07-02 01:10:00,3.1777,3.1777,3.1777,3.1777,3.1827,3.1827,3.1827,3.1827,1
2026-07-02 01:17:00,3.1767,3.1767,3.1767,3.1767,3.1817,3.1817,3.1817,3.1817,1
2026-07-02 01:18:00,3.1772,3.1772,3.1772,3.1772,3.1822,3.1822,3.1822,3.1822,1
2026-07-02 01:28:00,3.1777,3.1777,3.1777,3.1777,3.1827,3.1827,3.1827,3.1827,1
2026-07-02 01:31:00,3.1767,3.1777,3.1767,3.1777,3.1817,3.1827,3.1817,3.1827,2
2026-07-02 01:32:00,3.1782,3.1782,3.1782,3.1782,3.1832,3.1832,3.1832,3.1832,1
2026-07-02 01:34:00,3.1792,3.1792,3.1782,3.1782,3.1842,3.1842,3.1832,3.1832,3
2026-07-02 01:35:00,3.1787,3.1787,3.1787,3.1787,3.1837,3.1837,3.1837,3.1837,1
2026-07-02 01:38:00,3.1777,3.1777,3.1757,3.1767,3.1827,3.1827,3.1807,3.1817,7
2026-07-02 01:39:00,3.1762,3.1767,3.1762,3.1767,3.1812,3.1817,3.1812,3.1817,2
2026-07-02 01:41:00,3.1762,3.1762,3.1762,3.1762,3.1812,3.1812,3.1812,3.1812,1
2026-07-02 01:42:00,3.1757,3.1757,3.1757,3.1757,3.1807,3.1807,3.1807,3.1807,1
2026-07-02 01:49:00,3.1747,3.1747,3.1747,3.1747,3.1797,3.1797,3.1797,3.1797,1
2026-07-02 01:50:00,3.1752,3.1752,3.1747,3.1747,3.1802,3.1802,3.1797,3.1797,2
2026-07-02 01:51:00,3.1737,3.1742,3.1737,3.1737,3.1787,3.1792,3.1787,3.1787,3
2026-07-02 01:53:00,3.1727,3.1727,3.1727,3.1727,3.1777,3.1777,3.1777,3.1777,1
2026-07-02 01:54:00,3.1737,3.1737,3.1727,3.1727,3.1787,3.1787,3.1777,3.1777,2
2026-07-02 01:57:00,3.1737,3.1737,3.1737,3.1737,3.1787,3.1787,3.1787,3.1787,1
2026-07-02 01:59:00,3.1732,3.1732,3.1727,3.1727,3.1782,3.1782,3.1777,3.1777,2
2026-07-02 02:00:00,3.1732,3.1747,3.1732,3.1742,3.1782,3.1797,3.1782,3.1792,6
2026-07-02 02:02:00,3.1747,3.1767,3.1742,3.1742,3.1797,3.1817,3.1792,3.1792,7
2026-07-02 02:03:00,3.1737,3.1747,3.1737,3.1737,3.1787,3.1797,3.1787,3.1787,5
2026-07-02 02:07:00,3.1732,3.1732,3.1732,3.1732,3.1782,3.1782,3.1782,3.1782,1
2026-07-02 02:08:00,3.1727,3.1727,3.1727,3.1727,3.1777,3.1777,3.1777,3.1777,1
2026-07-02 02:10:00,3.1737,3.1737,3.1707,3.1707,3.1787,3.1787,3.1757,3.1757,4
2026-07-02 02:11:00,3.1697,3.1707,3.1697,3.1707,3.1747,3.1757,3.1747,3.1757,5
2026-07-02 02:12:00,3.1702,3.1702,3.1697,3.1697,3.1752,3.1752,3.1747,3.1747,2
2026-07-02 02:13:00,3.1692,3.1697,3.1677,3.1697,3.1742,3.1747,3.1727,3.1747,13
2026-07-02 02:14:00,3.1692,3.1697,3.1692,3.1697,3.1742,3.1747,3.1742,3.1747,2
2026-07-02 02:15:00,3.1692,3.1692,3.1692,3.1692,3.1742,3.1742,3.1742,3.1742,1
2026-07-02 02:16:00,3.1697,3.1697,3.1697,3.1697,3.1747,3.1747,3.1747,3.1747,1
2026-07-02 02:19:00,3.1692,3.1692,3.1692,3.1692,3.1742,3.1742,3.1742,3.1742,1
2026-07-02 02:20:00,3.1697,3.1707,3.1697,3.1707,3.1747,3.1757,3.1747,3.1757,2
2026-07-02 02:22:00,3.1697,3.1707,3.1697,3.1707,3.1747,3.1757,3.1747,3.1757,2
2026-07-02 02:24:00,3.1702,3.1707,3.1697,3.1697,3.1752,3.1757,3.1747,3.1747,4
2026-07-02 02:27:00,3.1702,3.1702,3.1702,3.1702,3.1752,3.1752,3.1752,3.1752,1
2026-07-02 02:28:00,3.1707,3.1707,3.1707,3.1707,3.1757,3.1757,3.1757,3.1757,1
2026-07-02 02:30:00,3.1712,3.1717,3.1707,3.1707,3.1762,3.1767,3.1757,3.1757,4
2026-07-02 02:37:00,3.1717,3.1722,3.1717,3.1717,3.1767,3.1772,3.1767,3.1767,3
2026-07-02 02:39:00,3.1702,3.1707,3.1697,3.1707,3.1752,3.1757,3.1747,3.1757,5
2026-07-02 02:43:00,3.1712,3.1712,3.1707,3.1707,3.1762,3.1762,3.1757,3.1757,2
2026-07-02 02:47:00,3.1712,3.1712,3.1712,3.1712,3.1762,3.1762,3.1762,3.1762,1
2026-07-02 02:49:00,3.1717,3.1727,3.1717,3.1722,3.1767,3.1777,3.1767,3.1772,3
2026-07-02 02:51:00,3.1727,3.1727,3.1707,3.1717,3.1777,3.1777,3.1757,3.1767,7
2026-07-02 02:56:00,3.1712,3.1717,3.1712,3.1717,3.1762,3.1767,3.1762,3.1767,2
2026-07-02 03:00:00,3.1707,3.1717,3.1657,3.1657,3.1757,3.1767,3.1707,3.1707,21
2026-07-02 03:01:00,3.1637,3.1657,3.1607,3.1627,3.1687,3.1707,3.1657,3.1677,14
2026-07-02 03:02:00,3.1637,3.1637,3.1637,3.1637,3.1687,3.1687,3.1687,3.1687,1
2026-07-02 03:03:00,3.1627,3.1637,3.1627,3.1637,3.1677,3.1687,3.1677,3.1687,2
2026-07-02 03:04:00,3.1642,3.1647,3.1637,3.1642,3.1692,3.1697,3.1687,3.1692,4
2026-07-02 03:05:00,3.1647,3.1657,3.1637,3.1637,3.1697,3.1707,3.1687,3.1687,7
2026-07-02 03:06:00,3.1647,3.1667,3.1647,3.1657,3.1697,3.1717,3.1697,3.1707,5
2026-07-02 03:07:00,3.1662,3.1662,3.1657,3.1657,3.1712,3.1712,3.1707,3.1707,2
2026-07-02 03:08:00,3.1662,3.1662,3.1657,3.1657,3.1712,3.1712,3.1707,3.1707,2
2026-07-02 03:09:00,3.1662,3.1662,3.1662,3.1662,3.1712,3.1712,3.1712,3.1712,1
2026-07-02 03:10:00,3.1667,3.1667,3.1657,3.1657,3.1717,3.1717,3.1707,3.1707,2
2026-07-02 03:15:00,3.1662,3.1677,3.1662,3.1662,3.1712,3.1727,3.1712,3.1712,11
2026-07-02 03:16:00,3.1657,3.1657,3.1647,3.1647,3.1707,3.1707,3.1697,3.1697,2
2026-07-02 03:17:00,3.1637,3.1647,3.1637,3.1642,3.1687,3.1697,3.1687,3.1692,3
2026-07-02 03:18:00,3.1647,3.1647,3.1647,3.1647,3.1697,3.1697,3.1697,3.1697,1
2026-07-02 03:20:00,3.1652,3.1652,3.1637,3.1637,3.1702,3.1702,3.1687,3.1687,3
2026-07-02 03:21:00,3.1627,3.1632,3.1627,3.1632,3.1677,3.1682,3.1677,3.1682,2
2026-07-02 03:23:00,3.1637,3.1637,3.1637,3.1637,3.1687,3.1687,3.1687,3.1687,1
2026-07-02 03:26:00,3.1642,3.1647,3.1637,3.1647,3.1692,3.1697,3.1687,3.1697,4
2026-07-02 03:27:00,3.1637,3.1642,3.1637,3.1637,3.1687,3.1692,3.1687,3.1687,3
2026-07-02 03:28:00,3.1642,3.1647,3.1637,3.1637,3.1692,3.1697,3.1687,3.1687,4
2026-07-02 03:29:00,3.1647,3.1647,3.1637,3.1637,3.1697,3.1697,3.1687,3.1687,2
2026-07-02 03:31:00,3.1647,3.1647,3.1647,3.1647,3.1697,3.1697,3.1697,3.1697,1
2026-07-02 03:32:00,3.1632,3.1637,3.1627,3.1637,3.1682,3.1687,3.1677,3.1687,5
2026-07-02 03:33:00,3.1647,3.1647,3.1642,3.1642,3.1697,3.1697,3.1692,3.1692,4
2026-07-02 03:34:00,3.1647,3.1647,3.1647,3.1647,3.1697,3.1697,3.1697,3.1697,1
2026-07-02 03:36:00,3.1657,3.1657,3.1657,3.1657,3.1707,3.1707,3.1707,3.1707,1
2026-07-02 03:40:00,3.1647,3.1657,3.1647,3.1647,3.1697,3.1707,3.1697,3.1697,3
2026-07-02 03:41:00,3.1652,3.1652,3.1647,3.1647,3.1702,3.1702,3.1697,3.1697,8
2026-07-02 03:42:00,3.1652,3.1652,3.1647,3.1652,3.1702,3.1702,3.1697,3.1702,7
2026-07-02 03:43:00,3.1647,3.1652,3.1647,3.1652,3.1697,3.1702,3.1697,3.1702,2
2026-07-02 03:44:00,3.1657,3.1657,3.1652,3.1652,3.1707,3.1707,3.1702,3.1702,2
2026-07-02 03:45:00,3.1647,3.1652,3.1647,3.1652,3.1697,3.1702,3.1697,3.1702,2
2026-07-02 03:46:00,3.1657,3.1657,3.1652,3.1657,3.1707,3.1707,3.1702,3.1707,3
2026-07-02 03:50:00,3.1652,3.1652,3.1652,3.1652,3.1702,3.1702,3.1702,3.1702,1
2026-07-02 03:51:00,3.1647,3.1647,3.1647,3.1647,3.1697,3.1697,3.1697,3.1697,1
2026-07-02 03:52:00,3.1652,3.1677,3.1652,3.1672,3.1702,3.1727,3.1702,3.1722,4
2026-07-02 03:54:00,3.1667,3.1667,3.1662,3.1662,3.1717,3.1717,3.1712,3.1712,6
2026-07-02 03:55:00,3.1667,3.1667,3.1662,3.1667,3.1717,3.1717,3.1712,3.1717,3
2026-07-02 03:56:00,3.1672,3.1677,3.1672,3.1677,3.1722,3.1727,3.1722,3.1727,2
2026-07-02 04:01:00,3.1667,3.1667,3.1657,3.1657,3.1717,3.1717,3.1707,3.1707,9
2026-07-02 04:03:00,3.1667,3.1667,3.1662,3.1662,3.1717,3.1717,3.1712,3.1712,10
2026-07-02 04:04:00,3.1667,3.1672,3.1667,3.1672,3.1717,3.1722,3.1717,3.1722,2
2026-07-02 04:06:00,3.1677,3.1677,3.1677,3.1677,3.1727,3.1727,3.1727,3.1727,1
2026-07-02 04:08:00,3.1667,3.1672,3.1667,3.1672,3.1717,3.1722,3.1717,3.1722,2
2026-07-02 04:09:00,3.1677,3.1677,3.1677,3.1677,3.1727,3.1727,3.1727,3.1727,1
2026-07-02 04:10:00,3.1682,3.1682,3.1677,3.1677,3.1732,3.1732,3.1727,3.1727,2
2026-07-02 04:15:00,3.1667,3.1667,3.1667,3.1667,3.1717,3.1717,3.1717,3.1717,1
2026-07-02 04:19:00,3.1677,3.1677,3.1657,3.1657,3.1727,3.1727,3.1707,3.1707,4
2026-07-02 04:20:00,3.1667,3.1667,3.1667,3.1667,3.1717,3.1717,3.1717,3.1717,1
2026-07-02 04:23:00,3.1682,3.1687,3.1677,3.1677,3.1732,3.1737,3.1727,3.1727,6
2026-07-02 04:26:00,3.1687,3.1687,3.1672,3.1677,3.1737,3.1737,3.1722,3.1727,4
2026-07-02 04:27:00,3.1687,3.1687,3.1687,3.1687,3.1737,3.1737,3.1737,3.1737,1
2026-07-02 04:29:00,3.1692,3.1692,3.1692,3.1692,3.1742,3.1742,3.1742,3.1742,1
2026-07-02 04:30:00,3.1687,3.1687,3.1667,3.1667,3.1737,3.1737,3.1717,3.1717,7
2026-07-02 04:31:00,3.1662,3.1667,3.1662,3.1667,3.1712,3.1717,3.1712,3.1717,2
2026-07-02 04:33:00,3.1677,3.1677,3.1672,3.1677,3.1727,3.1727,3.1722,3.1727,3
2026-07-02 04:39:00,3.1667,3.1677,3.1667,3.1677,3.1717,3.1727,3.1717,3.1727,4
2026-07-02 04:41:00,3.1672,3.1677,3.1667,3.1677,3.1722,3.1727,3.1717,3.1727,4
2026-07-02 04:46:00,3.1667,3.1667,3.1657,3.1657,3.1717,3.1717,3.1707,3.1707,2
2026-07-02 04:50:00,3.1667,3.1667,3.1662,3.1667,3.1717,3.1717,3.1712,3.1717,3
2026-07-02 04:51:00,3.1677,3.1677,3.1677,3.1677,3.1727,3.1727,3.1727,3.1727,1
2026-07-02 04:53:00,3.1672,3.1672,3.1667,3.1667,3.1722,3.1722,3.1717,3.1717,2
2026-07-02 04:58:00,3.1657,3.1657,3.1657,3.1657,3.1707,3.1707,3.1707,3.1707,1
2026-07-02 04:59:00,3.1647,3.1647,3.1647,3.1647,3.1697,3.1697,3.1697,3.1697,1
2026-07-02 05:01:00,3.1657,3.1677,3.1657,3.1667,3.1707,3.1727,3.1707,3.1717,7
2026-07-02 05:06:00,3.1677,3.1677,3.1667,3.1667,3.1727,3.1727,3.1717,3.1717,2
2026-07-02 05:09:00,3.1677,3.1677,3.1667,3.1667,3.1727,3.1727,3.1717,3.1717,2
2026-07-02 05:10:00,3.1662,3.1662,3.1657,3.1657,3.1712,3.1712,3.1707,3.1707,2
2026-07-02 05:16:00,3.1647,3.1647,3.1647,3.1647,3.1697,3.1697,3.1697,3.1697,1
2026-07-02 05:17:00,3.1642,3.1642,3.1617,3.1617,3.1692,3.1692,3.1667,3.1667,7
2026-07-02 05:18:00,3.1627,3.1627,3.1592,3.1607,3.1677,3.1677,3.1642,3.1657,10
2026-07-02 05:20:00,3.1597,3.1607,3.1587,3.1597,3.1647,3.1657,3.1637,3.1647,7
2026-07-02 05:21:00,3.1587,3.1597,3.1587,3.1597,3.1637,3.1647,3.1637,3.1647,2
2026-07-02 05:23:00,3.1607,3.1607,3.1602,3.1607,3.1657,3.1657,3.1652,3.1657,3
2026-07-02 05:24:00,3.1597,3.1597,3.1597,3.1597,3.1647,3.1647,3.1647,3.1647,1
2026-07-02 05:25:00,3.1587,3.1602,3.1587,3.1602,3.1637,3.1652,3.1637,3.1652,8
2026-07-02 05:26:00,3.1607,3.1607,3.1607,3.1607,3.1657,3.1657,3.1657,3.1657,1
2026-07-02 05:27:00,3.1617,3.1617,3.1617,3.1617,3.1667,3.1667,3.1667,3.1667,1
2026-07-02 05:28:00,3.1622,3.1627,3.1617,3.1617,3.1672,3.1677,3.1667,3.1667,4
2026-07-02 05:29:00,3.1622,3.1622,3.1617,3.1622,3.1672,3.1672,3.1667,3.1672,3
2026-07-02 05:30:00,3.1627,3.1687,3.1627,3.1667,3.1677,3.1737,3.1677,3.1717,27
2026-07-02 05:31:00,3.1662,3.1667,3.1647,3.1647,3.1712,3.1717,3.1697,3.1697,8
2026-07-02 05:32:00,3.1657,3.1657,3.1637,3.1647,3.1707,3.1707,3.1687,3.1697,4
2026-07-02 05:33:00,3.1642,3.1647,3.1637,3.1647,3.1692,3.1697,3.1687,3.1697,5
2026-07-02 05:34:00,3.1657,3.1657,3.1637,3.1637,3.1707,3.1707,3.1687,3.1687,8
2026-07-02 05:35:00,3.1627,3.1627,3.1617,3.1617,3.1677,3.1677,3.1667,3.1667,2
2026-07-02 05:36:00,3.1612,3.1617,3.1607,3.1607,3.1662,3.1667,3.1657,3.1657,3
2026-07-02 05:37:00,3.1617,3.1617,3.1607,3.1607,3.1667,3.1667,3.1657,3.1657,2
2026-07-02 05:38:00,3.1602,3.1607,3.1602,3.1607,3.1652,3.1657,3.1652,3.1657,2
2026-07-02 05:39:00,3.1602,3.1627,3.1602,3.1617,3.1652,3.1677,3.1652,3.1667,8
2026-07-02 05:41:00,3.1612,3.1612,3.1607,3.1607,3.1662,3.1662,3.1657,3.1657,2
2026-07-02 05:42:00,3.1617,3.1617,3.1607,3.1607,3.1667,3.1667,3.1657,3.1657,2
2026-07-02 05:43:00,3.1597,3.1597,3.1597,3.1597,3.1647,3.1647,3.1647,3.1647,1
2026-07-02 05:44:00,3.1607,3.1637,3.1607,3.1627,3.1657,3.1687,3.1657,3.1677,7
2026-07-02 05:45:00,3.1637,3.1637,3.1637,3.1637,3.1687,3.1687,3.1687,3.1687,1
2026-07-02 05:47:00,3.1647,3.1647,3.1637,3.1647,3.1697,3.1697,3.1687,3.1697,12
2026-07-02 05:49:00,3.1657,3.1657,3.1647,3.1647,3.1707,3.1707,3.1697,3.1697,3
2026-07-02 05:52:00,3.1652,3.1657,3.1647,3.1657,3.1702,3.1707,3.1697,3.1707,4
2026-07-02 05:53:00,3.1647,3.1657,3.1647,3.1657,3.1697,3.1707,3.1697,3.1707,6
2026-07-02 05:54:00,3.1662,3.1672,3.1662,3.1667,3.1712,3.1722,3.1712,3.1717,4
2026-07-02 05:55:00,3.1662,3.1667,3.1647,3.1647,3.1712,3.1717,3.1697,3.1697,7
2026-07-02 05:57:00,3.1637,3.1647,3.1637,3.1637,3.1687,3.1697,3.1687,3.1687,5
2026-07-02 06:00:00,3.1642,3.1642,3.1627,3.1627,3.1692,3.1692,3.1677,3.1677,3
2026-07-02 06:02:00,3.1637,3.1637,3.1637,3.1637,3.1687,3.1687,3.1687,3.1687,1
2026-07-02 06:03:00,3.1632,3.1647,3.1632,3.1647,3.1682,3.1697,3.1682,3.1697,4
2026-07-02 06:04:00,3.1642,3.1647,3.1637,3.1637,3.1692,3.1697,3.1687,3.1687,5
2026-07-02 06:09:00,3.1627,3.1637,3.1627,3.1637,3.1677,3.1687,3.1677,3.1687,5
2026-07-02 06:12:00,3.1647,3.1657,3.1647,3.1647,3.1697,3.1707,3.1697,3.1697,3
2026-07-02 06:15:00,3.1657,3.1657,3.1647,3.1647,3.1707,3.1707,3.1697,3.1697,4
2026-07-02 06:20:00,3.1657,3.1657,3.1647,3.1657,3.1707,3.1707,3.1697,3.1707,6
2026-07-02 06:21:00,3.1667,3.1667,3.1667,3.1667,3.1717,3.1717,3.1717,3.1717,1
2026-07-02 06:22:00,3.1672,3.1677,3.1667,3.1667,3.1722,3.1727,3.1717,3.1717,5
2026-07-02 06:24:00,3.1657,3.1667,3.1657,3.1667,3.1707,3.1717,3.1707,3.1717,2
2026-07-02 06:29:00,3.1672,3.1672,3.1667,3.1667,3.1722,3.1722,3.1717,3.1717,2
2026-07-02 06:32:00,3.1677,3.1677,3.1667,3.1667,3.1727,3.1727,3.1717,3.1717,3
2026-07-02 06:37:00,3.1657,3.1657,3.1657,3.1657,3.1707,3.1707,3.1707,3.1707,1
2026-07-02 06:42:00,3.1647,3.1657,3.1637,3.1652,3.1697,3.1707,3.1687,3.1702,13
2026-07-02 06:43:00,3.1657,3.1657,3.1657,3.1657,3.1707,3.1707,3.1707,3.1707,1
2026-07-02 06:44:00,3.1652,3.1657,3.1647,3.1647,3.1702,3.1707,3.1697,3.1697,4
2026-07-02 06:46:00,3.1657,3.1657,3.1647,3.1647,3.1707,3.1707,3.1697,3.1697,3
2026-07-02 06:47:00,3.1657,3.1657,3.1647,3.1647,3.1707,3.1707,3.1697,3.1697,5
2026-07-02 07:07:00,3.1657,3.1657,3.1647,3.1657,3.1707,3.1707,3.1697,3.1707,5
2026-07-02 07:08:00,3.1667,3.1667,3.1657,3.1657,3.1717,3.1717,3.1707,3.1707,3
2026-07-02 07:18:00,3.1667,3.1667,3.1667,3.1667,3.1717,3.1717,3.1717,3.1717,1
2026-07-02 07:20:00,3.1677,3.1677,3.1677,3.1677,3.1727,3.1727,3.1727,3.1727,1
2026-07-02 07:22:00,3.1687,3.1687,3.1687,3.1687,3.1737,3.1737,3.1737,3.1737,1
2026-07-02 07:25:00,3.1697,3.1717,3.1697,3.1707,3.1747,3.1767,3.1747,3.1757,7
2026-07-02 07:28:00,3.1712,3.1712,3.1707,3.1707,3.1762,3.1762,3.1757,3.1757,2
2026-07-02 07:31:00,3.1697,3.1707,3.1697,3.1707,3.1747,3.1757,3.1747,3.1757,3
2026-07-02 07:34:00,3.1697,3.1697,3.1687,3.1697,3.1747,3.1747,3.1737,3.1747,3
2026-07-02 07:37:00,3.1692,3.1697,3.1687,3.1697,3.1742,3.1747,3.1737,3.1747,5
2026-07-02 07:39:00,3.1702,3.1707,3.1697,3.1697,3.1752,3.1757,3.1747,3.1747,5
2026-07-02 07:41:00,3.1687,3.1687,3.1677,3.1677,3.1737,3.1737,3.1727,3.1727,2
2026-07-02 07:46:00,3.1687,3.1717,3.1687,3.1717,3.1737,3.1767,3.1737,3.1767,4
2026-07-02 07:48:00,3.1727,3.1727,3.1697,3.1697,3.1777,3.1777,3.1747,3.1747,11
2026-07-02 07:49:00,3.1707,3.1747,3.1707,3.1747,3.1757,3.1797,3.1757,3.1797,12
2026-07-02 07:50:00,3.1737,3.1742,3.1707,3.1712,3.1787,3.1792,3.1757,3.1762,11
2026-07-02 07:51:00,3.1717,3.1717,3.1707,3.1717,3.1767,3.1767,3.1757,3.1767,4
2026-07-02 07:52:00,3.1727,3.1727,3.1727,3.1727,3.1777,3.1777,3.1777,3.1777,1
2026-07-02 07:55:00,3.1732,3.1772,3.1732,3.1767,3.1782,3.1822,3.1782,3.1817,10
2026-07-02 07:56:00,3.1757,3.1757,3.1757,3.1757,3.1807,3.1807,3.1807,3.1807,1
2026-07-02 07:59:00,3.1762,3.1777,3.1762,3.1767,3.1812,3.1827,3.1812,3.1817,5
2026-07-02 08:00:00,3.1777,3.1777,3.1757,3.1757,3.1827,3.1827,3.1807,3.1807,8
2026-07-02 08:01:00,3.1767,3.1777,3.1737,3.1737,3.1817,3.1827,3.1787,3.1787,7
2026-07-02 08:02:00,3.1727,3.1737,3.1717,3.1717,3.1777,3.1787,3.1767,3.1767,4
2026-07-02 08:04:00,3.1727,3.1747,3.1717,3.1737,3.1777,3.1797,3.1767,3.1787,8
2026-07-02 08:05:00,3.1727,3.1737,3.1727,3.1732,3.1777,3.1787,3.1777,3.1782,4
2026-07-02 08:06:00,3.1727,3.1737,3.1727,3.1737,3.1777,3.1787,3.1777,3.1787,2
2026-07-02 08:07:00,3.1727,3.1727,3.1727,3.1727,3.1777,3.1777,3.1777,3.1777,1
2026-07-02 08:08:00,3.1722,3.1722,3.1717,3.1717,3.1772,3.1772,3.1767,3.1767,2
2026-07-02 08:10:00,3.1727,3.1737,3.1727,3.1727,3.1777,3.1787,3.1777,3.1777,9
2026-07-02 08:11:00,3.1707,3.1707,3.1677,3.1677,3.1757,3.1757,3.1727,3.1727,12
2026-07-02 08:12:00,3.1672,3.1677,3.1667,3.1672,3.1722,3.1727,3.1717,3.1722,10
2026-07-02 08:13:00,3.1667,3.1667,3.1667,3.1667,3.1717,3.1717,3.1717,3.1717,1
2026-07-02 08:14:00,3.1657,3.1677,3.1647,3.1677,3.1707,3.1727,3.1697,3.1727,7
2026-07-02 08:15:00,3.1687,3.1687,3.1682,3.1682,3.1737,3.1737,3.1732,3.1732,2
2026-07-02 08:16:00,3.1687,3.1737,3.1687,3.1692,3.1737,3.1787,3.1737,3.1742,25
2026-07-02 08:17:00,3.1697,3.1697,3.1697,3.1697,3.1747,3.1747,3.1747,3.1747,1
2026-07-02 08:18:00,3.1692,3.1717,3.1692,3.1707,3.1742,3.1767,3.1742,3.1757,6
2026-07-02 08:20:00,3.1702,3.1707,3.1702,3.1707,3.1752,3.1757,3.1752,3.1757,2
2026-07-02 08:21:00,3.1712,3.1717,3.1682,3.1682,3.1762,3.1767,3.1732,3.1732,11
2026-07-02 08:22:00,3.1687,3.1697,3.1687,3.1697,3.1737,3.1747,3.1737,3.1747,3
2026-07-02 08:23:00,3.1707,3.1707,3.1687,3.1687,3.1757,3.1757,3.1737,3.1737,3
2026-07-02 08:24:00,3.1697,3.1697,3.1677,3.1687,3.1747,3.1747,3.1727,3.1737,8
2026-07-02 08:25:00,3.1692,3.1697,3.1627,3.1637,3.1742,3.1747,3.1677,3.1687,13
2026-07-02 08:26:00,3.1632,3.1667,3.1632,3.1662,3.1682,3.1717,3.1682,3.1712,9
2026-07-02 08:27:00,3.1657,3.1657,3.1647,3.1647,3.1707,3.1707,3.1697,3.1697,2
2026-07-02 08:28:00,3.1652,3.1657,3.1652,3.1657,3.1702,3.1707,3.1702,3.1707,2
2026-07-02 08:29:00,3.1652,3.1657,3.1647,3.1657,3.1702,3.1707,3.1697,3.1707,9
2026-07-02 08:30:00,3.1662,3.1662,3.1657,3.1657,3.1712,3.1712,3.1707,3.1707,2
2026-07-02 08:31:00,3.1647,3.1657,3.1607,3.1607,3.1697,3.1707,3.1657,3.1657,16
2026-07-02 08:32:00,3.1597,3.1597,3.1527,3.1542,3.1647,3.1647,3.1577,3.1592,26
2026-07-02 08:33:00,3.1547,3.1567,3.1537,3.1567,3.1597,3.1617,3.1587,3.1617,12
2026-07-02 08:34:00,3.1562,3.1562,3.1537,3.1537,3.1612,3.1612,3.1587,3.1587,9
2026-07-02 08:35:00,3.1532,3.1547,3.1527,3.1547,3.1582,3.1597,3.1577,3.1597,8
2026-07-02 08:36:00,3.1557,3.1592,3.1557,3.1567,3.1607,3.1642,3.1607,3.1617,11
2026-07-02 08:37:00,3.1562,3.1577,3.1557,3.1577,3.1612,3.1627,3.1607,3.1627,7
2026-07-02 08:38:00,3.1582,3.1587,3.1557,3.1567,3.1632,3.1637,3.1607,3.1617,28
2026-07-02 08:39:00,3.1562,3.1567,3.1547,3.1562,3.1612,3.1617,3.1597,3.1612,8
2026-07-02 08:40:00,3.1567,3.1577,3.1557,3.1577,3.1617,3.1627,3.1607,3.1627,5
2026-07-02 08:41:00,3.1587,3.1587,3.1577,3.1577,3.1637,3.1637,3.1627,3.1627,3
2026-07-02 08:42:00,3.1582,3.1587,3.1577,3.1582,3.1632,3.1637,3.1627,3.1632,6
2026-07-02 08:43:00,3.1587,3.1597,3.1577,3.1577,3.1637,3.1647,3.1627,3.1627,6
2026-07-02 08:44:00,3.1567,3.1577,3.1567,3.1572,3.1617,3.1627,3.1617,3.1622,5
2026-07-02 08:45:00,3.1577,3.1597,3.1577,3.1577,3.1627,3.1647,3.1627,3.1627,5
2026-07-02 08:46:00,3.1572,3.1572,3.1557,3.1562,3.1622,3.1622,3.1607,3.1612,4
2026-07-02 08:47:00,3.1557,3.1557,3.1547,3.1547,3.1607,3.1607,3.1597,3.1597,2
2026-07-02 08:48:00,3.1537,3.1557,3.1532,3.1547,3.1587,3.1607,3.1582,3.1597,8
2026-07-02 08:50:00,3.1537,3.1537,3.1517,3.1537,3.1587,3.1587,3.1567,3.1587,12
2026-07-02 08:51:00,3.1547,3.1557,3.1547,3.1547,3.1597,3.1607,3.1597,3.1597,3
2026-07-02 08:52:00,3.1537,3.1547,3.1537,3.1537,3.1587,3.1597,3.1587,3.1587,3
2026-07-02 08:53:00,3.1527,3.1537,3.1527,3.1537,3.1577,3.1587,3.1577,3.1587,2
2026-07-02 08:54:00,3.1527,3.1537,3.1527,3.1537,3.1577,3.1587,3.1577,3.1587,2
2026-07-02 08:55:00,3.1542,3.1547,3.1517,3.1517,3.1592,3.1597,3.1567,3.1567,7
2026-07-02 08:56:00,3.1507,3.1517,3.1507,3.1517,3.1557,3.1567,3.1557,3.1567,6
2026-07-02 08:57:00,3.1512,3.1517,3.1507,3.1517,3.1562,3.1567,3.1557,3.1567,3
2026-07-02 08:58:00,3.1507,3.1512,3.1487,3.1497,3.1557,3.1562,3.1537,3.1547,8
2026-07-02 08:59:00,3.1507,3.1517,3.1507,3.1517,3.1557,3.1567,3.1557,3.1567,2
2026-07-02 09:00:00,3.1507,3.1537,3.1507,3.1527,3.1557,3.1587,3.1557,3.1577,12
2026-07-02 09:01:00,3.1517,3.1517,3.1497,3.1507,3.1567,3.1567,3.1547,3.1557,6
2026-07-02 09:02:00,3.1497,3.1497,3.1497,3.1497,3.1547,3.1547,3.1547,3.1547,1
2026-07-02 09:03:00,3.1507,3.1507,3.1487,3.1487,3.1557,3.1557,3.1537,3.1537,7
2026-07-02 09:04:00,3.1477,3.1487,3.1477,3.1487,3.1527,3.1537,3.1527,3.1537,8
2026-07-02 09:05:00,3.1477,3.1527,3.1477,3.1507,3.1527,3.1577,3.1527,3.1557,15
2026-07-02 09:06:00,3.1517,3.1537,3.1517,3.1537,3.1567,3.1587,3.1567,3.1587,8
2026-07-02 09:07:00,3.1527,3.1537,3.1517,3.1517,3.1577,3.1587,3.1567,3.1567,4
2026-07-02 09:08:00,3.1507,3.1517,3.1507,3.1512,3.1557,3.1567,3.1557,3.1562,7
2026-07-02 09:09:00,3.1517,3.1517,3.1507,3.1507,3.1567,3.1567,3.1557,3.1557,2
2026-07-02 09:10:00,3.1497,3.1507,3.1497,3.1507,3.1547,3.1557,3.1547,3.1557,6
2026-07-02 09:12:00,3.1497,3.1497,3.1487,3.1497,3.1547,3.1547,3.1537,3.1547,3
2026-07-02 09:13:00,3.1487,3.1487,3.1487,3.1487,3.1537,3.1537,3.1537,3.1537,1
2026-07-02 09:14:00,3.1497,3.1497,3.1467,3.1477,3.1547,3.1547,3.1517,3.1527,13
2026-07-02 09:15:00,3.1472,3.1477,3.1467,3.1467,3.1522,3.1527,3.1517,3.1517,7
2026-07-02 09:16:00,3.1457,3.1467,3.1447,3.1457,3.1507,3.1517,3.1497,3.1507,5
2026-07-02 09:18:00,3.1447,3.1457,3.1447,3.1447,3.1497,3.1507,3.1497,3.1497,3
2026-07-02 09:19:00,3.1452,3.1457,3.1452,3.1457,3.1502,3.1507,3.1502,3.1507,4
2026-07-02 09:20:00,3.1447,3.1457,3.1447,3.1457,3.1497,3.1507,3.1497,3.1507,2
2026-07-02 09:21:00,3.1452,3.1457,3.1452,3.1457,3.1502,3.1507,3.1502,3.1507,2
2026-07-02 09:22:00,3.1447,3.1457,3.1447,3.1447,3.1497,3.1507,3.1497,3.1497,6
2026-07-02 09:24:00,3.1457,3.1457,3.1447,3.1457,3.1507,3.1507,3.1497,3.1507,3
2026-07-02 09:25:00,3.1467,3.1477,3.1457,3.1467,3.1517,3.1527,3.1507,3.1517,8
2026-07-02 09:26:00,3.1477,3.1477,3.1477,3.1477,3.1527,3.1527,3.1527,3.1527,1
2026-07-02 09:28:00,3.1467,3.1497,3.1467,3.1497,3.1517,3.1547,3.1517,3.1547,4
2026-07-02 09:29:00,3.1507,3.1517,3.1487,3.1487,3.1557,3.1567,3.1537,3.1537,16
2026-07-02 09:30:00,3.1497,3.1497,3.1487,3.1487,3.1547,3.1547,3.1537,3.1537,2
2026-07-02 09:31:00,3.1492,3.1497,3.1477,3.1487,3.1542,3.1547,3.1527,3.1537,6
2026-07-02 09:33:00,3.1477,3.1477,3.1477,3.1477,3.1527,3.1527,3.1527,3.1527,1
2026-07-02 09:34:00,3.1487,3.1487,3.1457,3.1467,3.1537,3.1537,3.1507,3.1517,5
2026-07-02 09:36:00,3.1477,3.1477,3.1467,3.1467,3.1527,3.1527,3.1517,3.1517,6
2026-07-02 09:38:00,3.1477,3.1487,3.1457,3.1487,3.1527,3.1537,3.1507,3.1537,9
2026-07-02 09:41:00,3.1497,3.1497,3.1487,3.1487,3.1547,3.1547,3.1537,3.1537,5
2026-07-02 09:42:00,3.1477,3.1477,3.1477,3.1477,3.1527,3.1527,3.1527,3.1527,1
2026-07-02 09:43:00,3.1482,3.1487,3.1482,3.1487,3.1532,3.1537,3.1532,3.1537,2
2026-07-02 09:44:00,3.1477,3.1517,3.1477,3.1497,3.1527,3.1567,3.1527,3.1547,14
2026-07-02 09:45:00,3.1487,3.1487,3.1487,3.1487,3.1537,3.1537,3.1537,3.1537,1
2026-07-02 09:46:00,3.1477,3.1477,3.1457,3.1467,3.1527,3.1527,3.1507,3.1517,17
2026-07-02 09:47:00,3.1477,3.1477,3.1457,3.1467,3.1527,3.1527,3.1507,3.1517,6
2026-07-02 09:48:00,3.1457,3.1477,3.1457,3.1477,3.1507,3.1527,3.1507,3.1527,3
2026-07-02 09:49:00,3.1487,3.1497,3.1477,3.1477,3.1537,3.1547,3.1527,3.1527,5
2026-07-02 09:50:00,3.1467,3.1467,3.1467,3.1467,3.1517,3.1517,3.1517,3.1517,1
2026-07-02 09:51:00,3.1457,3.1467,3.1457,3.1467,3.1507,3.1517,3.1507,3.1517,2
2026-07-02 09:53:00,3.1457,3.1457,3.1457,3.1457,3.1507,3.1507,3.1507,3.1507,1
2026-07-02 09:54:00,3.1447,3.1467,3.1437,3.1437,3.1497,3.1517,3.1487,3.1487,6
2026-07-02 09:55:00,3.1447,3.1447,3.1437,3.1437,3.1497,3.1497,3.1487,3.1487,2
2026-07-02 09:56:00,3.1447,3.1477,3.1447,3.1467,3.1497,3.1527,3.1497,3.1517,13
2026-07-02 09:57:00,3.1457,3.1457,3.1447,3.1457,3.1507,3.1507,3.1497,3.1507,3
2026-07-02 09:58:00,3.1447,3.1447,3.1447,3.1447,3.1497,3.1497,3.1497,3.1497,1
2026-07-02 09:59:00,3.1437,3.1467,3.1437,3.1457,3.1487,3.1517,3.1487,3.1507,15
2026-07-02 10:00:00,3.1467,3.1487,3.1437,3.1447,3.1517,3.1537,3.1487,3.1497,23
2026-07-02 10:01:00,3.1452,3.1457,3.1437,3.1437,3.1502,3.1507,3.1487,3.1487,12
2026-07-02 10:02:00,3.1447,3.1477,3.1447,3.1467,3.1497,3.1527,3.1497,3.1517,13
2026-07-02 10:03:00,3.1477,3.1477,3.1467,3.1477,3.1527,3.1527,3.1517,3.1527,8
2026-07-02 10:04:00,3.1467,3.1477,3.1467,3.1467,3.1517,3.1527,3.1517,3.1517,6
2026-07-02 10:05:00,3.1462,3.1477,3.1462,3.1477,3.1512,3.1527,3.1512,3.1527,6
2026-07-02 10:06:00,3.1467,3.1467,3.1457,3.1457,3.1517,3.1517,3.1507,3.1507,3
2026-07-02 10:09:00,3.1447,3.1457,3.1447,3.1457,3.1497,3.1507,3.1497,3.1507,2
2026-07-02 10:10:00,3.1452,3.1457,3.1447,3.1447,3.1502,3.1507,3.1497,3.1497,8
2026-07-02 10:12:00,3.1442,3.1447,3.1437,3.1437,3.1492,3.1497,3.1487,3.1487,4
2026-07-02 10:13:00,3.1447,3.1447,3.1437,3.1437,3.1497,3.1497,3.1487,3.1487,5
2026-07-02 10:14:00,3.1447,3.1457,3.1447,3.1457,3.1497,3.1507,3.1497,3.1507,5
2026-07-02 10:15:00,3.1452,3.1452,3.1417,3.1417,3.1502,3.1502,3.1467,3.1467,9
2026-07-02 10:17:00,3.1427,3.1437,3.1407,3.1437,3.1477,3.1487,3.1457,3.1487,6
2026-07-02 10:19:00,3.1427,3.1427,3.1427,3.1427,3.1477,3.1477,3.1477,3.1477,1
2026-07-02 10:20:00,3.1437,3.1437,3.1427,3.1437,3.1487,3.1487,3.1477,3.1487,3
2026-07-02 10:23:00,3.1427,3.1437,3.1427,3.1437,3.1477,3.1487,3.1477,3.1487,2
2026-07-02 10:25:00,3.1427,3.1447,3.1427,3.1447,3.1477,3.1497,3.1477,3.1497,3
2026-07-02 10:26:00,3.1437,3.1437,3.1437,3.1437,3.1487,3.1487,3.1487,3.1487,1
2026-07-02 10:28:00,3.1442,3.1442,3.1437,3.1437,3.1492,3.1492,3.1487,3.1487,2
2026-07-02 10:29:00,3.1427,3.1437,3.1427,3.1437,3.1477,3.1487,3.1477,3.1487,2
2026-07-02 10:30:00,3.1427,3.1447,3.1427,3.1437,3.1477,3.1497,3.1477,3.1487,4
2026-07-02 10:32:00,3.1427,3.1437,3.1427,3.1437,3.1477,3.1487,3.1477,3.1487,2
2026-07-02 10:35:00,3.1432,3.1432,3.1427,3.1427,3.1482,3.1482,3.1477,3.1477,2
2026-07-02 10:36:00,3.1437,3.1457,3.1437,3.1457,3.1487,3.1507,3.1487,3.1507,8
2026-07-02 10:39:00,3.1447,3.1467,3.1447,3.1457,3.1497,3.1517,3.1497,3.1507,8
2026-07-02 10:40:00,3.1462,3.1467,3.1457,3.1467,3.1512,3.1517,3.1507,3.1517,3
2026-07-02 10:41:00,3.1477,3.1477,3.1457,3.1457,3.1527,3.1527,3.1507,3.1507,3
2026-07-02 10:42:00,3.1467,3.1467,3.1467,3.1467,3.1517,3.1517,3.1517,3.1517,1
2026-07-02 10:45:00,3.1457,3.1462,3.1407,3.1417,3.1507,3.1512,3.1457,3.1467,20
2026-07-02 10:46:00,3.1427,3.1427,3.1417,3.1417,3.1477,3.1477,3.1467,3.1467,2
2026-07-02 10:47:00,3.1407,3.1427,3.1407,3.1417,3.1457,3.1477,3.1457,3.1467,8
2026-07-02 10:48:00,3.1427,3.1427,3.1417,3.1417,3.1477,3.1477,3.1467,3.1467,3
2026-07-02 10:50:00,3.1407,3.1407,3.1397,3.1407,3.1457,3.1457,3.1447,3.1457,3
2026-07-02 10:51:00,3.1417,3.1417,3.1417,3.1417,3.1467,3.1467,3.1467,3.1467,1
2026-07-02 10:52:00,3.1407,3.1407,3.1407,3.1407,3.1457,3.1457,3.1457,3.1457,1
2026-07-02 10:54:00,3.1397,3.1407,3.1397,3.1407,3.1447,3.1457,3.1447,3.1457,2
2026-07-02 10:55:00,3.1417,3.1417,3.1397,3.1397,3.1467,3.1467,3.1447,3.1447,3
2026-07-02 10:57:00,3.1407,3.1407,3.1397,3.1397,3.1457,3.1457,3.1447,3.1447,2
2026-07-02 10:58:00,3.1387,3.1407,3.1387,3.1397,3.1437,3.1457,3.1437,3.1447,6
2026-07-02 10:59:00,3.1387,3.1397,3.1387,3.1397,3.1437,3.1447,3.1437,3.1447,4
2026-07-02 11:01:00,3.1387,3.1417,3.1377,3.1417,3.1437,3.1467,3.1427,3.1467,17
2026-07-02 11:02:00,3.1427,3.1437,3.1407,3.1417,3.1477,3.1487,3.1457,3.1467,14
2026-07-02 11:03:00,3.1427,3.1437,3.1427,3.1427,3.1477,3.1487,3.1477,3.1477,7
2026-07-02 11:10:00,3.1417,3.1417,3.1407,3.1407,3.1467,3.1467,3.1457,3.1457,4
2026-07-02 11:12:00,3.1417,3.1437,3.1417,3.1427,3.1467,3.1487,3.1467,3.1477,4
2026-07-02 11:13:00,3.1437,3.1447,3.1437,3.1437,3.1487,3.1497,3.1487,3.1487,3
2026-07-02 11:14:00,3.1427,3.1437,3.1427,3.1427,3.1477,3.1487,3.1477,3.1477,3
2026-07-02 11:15:00,3.1437,3.1447,3.1427,3.1427,3.1487,3.1497,3.1477,3.1477,4
2026-07-02 11:17:00,3.1437,3.1447,3.1437,3.1447,3.1487,3.1497,3.1487,3.1497,5
2026-07-02 11:18:00,3.1437,3.1437,3.1427,3.1437,3.1487,3.1487,3.1477,3.1487,6
2026-07-02 11:19:00,3.1427,3.1427,3.1427,3.1427,3.1477,3.1477,3.1477,3.1477,1
2026-07-02 11:22:00,3.1437,3.1437,3.1437,3.1437,3.1487,3.1487,3.1487,3.1487,1
2026-07-02 11:23:00,3.1432,3.1437,3.1432,3.1437,3.1482,3.1487,3.1482,3.1487,2
2026-07-02 11:25:00,3.1447,3.1467,3.1447,3.1467,3.1497,3.1517,3.1497,3.1517,3
2026-07-02 11:26:00,3.1457,3.1457,3.1457,3.1457,3.1507,3.1507,3.1507,3.1507,1
2026-07-02 11:27:00,3.1467,3.1467,3.1467,3.1467,3.1517,3.1517,3.1517,3.1517,1
2026-07-02 11:28:00,3.1457,3.1457,3.1457,3.1457,3.1507,3.1507,3.1507,3.1507,1
2026-07-02 11:29:00,3.1447,3.1477,3.1447,3.1467,3.1497,3.1527,3.1497,3.1517,8
2026-07-02 11:30:00,3.1477,3.1477,3.1462,3.1467,3.1527,3.1527,3.1512,3.1517,5
2026-07-02 11:31:00,3.1462,3.1467,3.1447,3.1447,3.1512,3.1517,3.1497,3.1497,5
2026-07-02 11:32:00,3.1457,3.1462,3.1457,3.1462,3.1507,3.1512,3.1507,3.1512,2
2026-07-02 11:33:00,3.1457,3.1467,3.1457,3.1467,3.1507,3.1517,3.1507,3.1517,6
2026-07-02 11:35:00,3.1457,3.1457,3.1457,3.1457,3.1507,3.1507,3.1507,3.1507,1
2026-07-02 11:38:00,3.1447,3.1457,3.1447,3.1457,3.1497,3.1507,3.1497,3.1507,4
2026-07-02 11:41:00,3.1467,3.1467,3.1457,3.1457,3.1517,3.1517,3.1507,3.1507,2
2026-07-02 11:42:00,3.1467,3.1487,3.1467,3.1487,3.1517,3.1537,3.1517,3.1537,8
2026-07-02 11:43:00,3.1497,3.1497,3.1487,3.1497,3.1547,3.1547,3.1537,3.1547,10
2026-07-02 11:44:00,3.1502,3.1507,3.1497,3.1502,3.1552,3.1557,3.1547,3.1552,8
2026-07-02 11:45:00,3.1507,3.1507,3.1507,3.1507,3.1557,3.1557,3.1557,3.1557,1
2026-07-02 11:47:00,3.1497,3.1577,3.1497,3.1567,3.1547,3.1627,3.1547,3.1617,28
2026-07-02 11:48:00,3.1572,3.1577,3.1547,3.1547,3.1622,3.1627,3.1597,3.1597,13
2026-07-02 11:49:00,3.1537,3.1547,3.1537,3.1547,3.1587,3.1597,3.1587,3.1597,4
2026-07-02 11:50:00,3.1557,3.1572,3.1557,3.1567,3.1607,3.1622,3.1607,3.1617,6
2026-07-02 11:52:00,3.1557,3.1577,3.1557,3.1577,3.1607,3.1627,3.1607,3.1627,5
2026-07-02 11:53:00,3.1567,3.1577,3.1567,3.1577,3.1617,3.1627,3.1617,3.1627,2
2026-07-02 11:54:00,3.1572,3.1587,3.1567,3.1577,3.1622,3.1637,3.1617,3.1627,12
2026-07-02 11:55:00,3.1567,3.1567,3.1557,3.1567,3.1617,3.1617,3.1607,3.1617,6
2026-07-02 11:57:00,3.1557,3.1567,3.1552,3.1557,3.1607,3.1617,3.1602,3.1607,6
2026-07-02 11:58:00,3.1567,3.1567,3.1557,3.1567,3.1617,3.1617,3.1607,3.1617,3
2026-07-02 11:59:00,3.1572,3.1577,3.1572,3.1577,3.1622,3.1627,3.1622,3.1627,2
2026-07-02 12:01:00,3.1567,3.1587,3.1567,3.1577,3.1617,3.1637,3.1617,3.1627,5
2026-07-02 12:02:00,3.1587,3.1587,3.1587,3.1587,3.1637,3.1637,3.1637,3.1637,1
2026-07-02 12:06:00,3.1597,3.1617,3.1597,3.1597,3.1647,3.1667,3.1647,3.1647,11
2026-07-02 12:07:00,3.1607,3.1627,3.1587,3.1607,3.1657,3.1677,3.1637,3.1657,13
2026-07-02 12:08:00,3.1597,3.1607,3.1587,3.1597,3.1647,3.1657,3.1637,3.1647,6
2026-07-02 12:09:00,3.1607,3.1607,3.1597,3.1607,3.1657,3.1657,3.1647,3.1657,4
2026-07-02 12:11:00,3.1597,3.1597,3.1572,3.1587,3.1647,3.1647,3.1622,3.1637,10
2026-07-02 12:12:00,3.1577,3.1577,3.1567,3.1577,3.1627,3.1627,3.1617,3.1627,3
2026-07-02 12:13:00,3.1567,3.1577,3.1557,3.1557,3.1617,3.1627,3.1607,3.1607,11
2026-07-02 12:14:00,3.1567,3.1577,3.1567,3.1567,3.1617,3.1627,3.1617,3.1617,3
2026-07-02 12:15:00,3.1557,3.1557,3.1507,3.1542,3.1607,3.1607,3.1557,3.1592,32
2026-07-02 12:16:00,3.1547,3.1587,3.1537,3.1577,3.1597,3.1637,3.1587,3.1627,8
2026-07-02 12:17:00,3.1582,3.1597,3.1582,3.1587,3.1632,3.1647,3.1632,3.1637,8
2026-07-02 12:18:00,3.1592,3.1597,3.1587,3.1587,3.1642,3.1647,3.1637,3.1637,3
2026-07-02 12:19:00,3.1597,3.1597,3.1557,3.1557,3.1647,3.1647,3.1607,3.1607,7
2026-07-02 12:20:00,3.1547,3.1557,3.1547,3.1557,3.1597,3.1607,3.1597,3.1607,4
2026-07-02 12:21:00,3.1547,3.1557,3.1547,3.1557,3.1597,3.1607,3.1597,3.1607,4
2026-07-02 12:22:00,3.1577,3.1587,3.1577,3.1577,3.1627,3.1637,3.1627,3.1627,14
2026-07-02 12:23:00,3.1567,3.1577,3.1557,3.1567,3.1617,3.1627,3.1607,3.1617,13
2026-07-02 12:24:00,3.1577,3.1577,3.1572,3.1577,3.1627,3.1627,3.1622,3.1627,3
2026-07-02 12:26:00,3.1567,3.1592,3.1567,3.1587,3.1617,3.1642,3.1617,3.1637,5
2026-07-02 12:27:00,3.1592,3.1607,3.1587,3.1607,3.1642,3.1657,3.1637,3.1657,7
2026-07-02 12:29:00,3.1617,3.1637,3.1617,3.1637,3.1667,3.1687,3.1667,3.1687,3
2026-07-02 12:30:00,3.1647,3.1647,3.1637,3.1637,3.1697,3.1697,3.1687,3.1687,4
2026-07-02 12:31:00,3.1627,3.1637,3.1587,3.1597,3.1677,3.1687,3.1637,3.1647,12
2026-07-02 12:36:00,3.1602,3.1602,3.1527,3.1547,3.1652,3.1652,3.1577,3.1597,25
2026-07-02 12:37:00,3.1542,3.1547,3.1542,3.1547,3.1592,3.1597,3.1592,3.1597,2
2026-07-02 12:38:00,3.1537,3.1537,3.1487,3.1517,3.1587,3.1587,3.1537,3.1567,14
2026-07-02 12:39:00,3.1507,3.1537,3.1507,3.1527,3.1557,3.1587,3.1557,3.1577,12
2026-07-02 12:40:00,3.1522,3.1522,3.1497,3.1497,3.1572,3.1572,3.1547,3.1547,4
2026-07-02 12:41:00,3.1487,3.1507,3.1487,3.1507,3.1537,3.1557,3.1537,3.1557,8
2026-07-02 12:42:00,3.1512,3.1517,3.1497,3.1517,3.1562,3.1567,3.1547,3.1567,7
2026-07-02 12:43:00,3.1512,3.1527,3.1512,3.1527,3.1562,3.1577,3.1562,3.1577,5
2026-07-02 12:44:00,3.1522,3.1522,3.1487,3.1487,3.1572,3.1572,3.1537,3.1537,7
2026-07-02 12:45:00,3.1482,3.1482,3.1467,3.1467,3.1532,3.1532,3.1517,3.1517,4
2026-07-02 12:48:00,3.1477,3.1497,3.1467,3.1497,3.1527,3.1547,3.1517,3.1547,16
2026-07-02 12:49:00,3.1507,3.1507,3.1497,3.1507,3.1557,3.1557,3.1547,3.1557,6
2026-07-02 12:50:00,3.1512,3.1537,3.1512,3.1537,3.1562,3.1587,3.1562,3.1587,8
2026-07-02 12:51:00,3.1527,3.1537,3.1527,3.1527,3.1577,3.1587,3.1577,3.1577,4
2026-07-02 12:53:00,3.1517,3.1547,3.1517,3.1547,3.1567,3.1597,3.1567,3.1597,6
2026-07-02 12:55:00,3.1557,3.1567,3.1547,3.1557,3.1607,3.1617,3.1597,3.1607,8
2026-07-02 12:56:00,3.1547,3.1562,3.1547,3.1557,3.1597,3.1612,3.1597,3.1607,4
2026-07-02 12:57:00,3.1547,3.1567,3.1547,3.1547,3.1597,3.1617,3.1597,3.1597,6
2026-07-02 12:59:00,3.1557,3.1557,3.1557,3.1557,3.1607,3.1607,3.1607,3.1607,1
2026-07-02 13:00:00,3.1547,3.1567,3.1537,3.1567,3.1597,3.1617,3.1587,3.1617,19
2026-07-02 13:01:00,3.1557,3.1577,3.1537,3.1567,3.1607,3.1627,3.1587,3.1617,24
2026-07-02 13:02:00,3.1562,3.1567,3.1557,3.1567,3.1612,3.1617,3.1607,3.1617,4
2026-07-02 13:03:00,3.1562,3.1562,3.1547,3.1547,3.1612,3.1612,3.1597,3.1597,3
2026-07-02 13:04:00,3.1537,3.1547,3.1507,3.1512,3.1587,3.1597,3.1557,3.1562,15
2026-07-02 13:05:00,3.1517,3.1527,3.1507,3.1517,3.1567,3.1577,3.1557,3.1567,19
2026-07-02 13:06:00,3.1522,3.1527,3.1477,3.1477,3.1572,3.1577,3.1527,3.1527,15
2026-07-02 13:07:00,3.1487,3.1487,3.1407,3.1427,3.1537,3.1537,3.1457,3.1477,39
2026-07-02 13:08:00,3.1417,3.1427,3.1407,3.1407,3.1467,3.1477,3.1457,3.1457,9
2026-07-02 13:09:00,3.1397,3.1407,3.1397,3.1397,3.1447,3.1457,3.1447,3.1447,4
2026-07-02 13:10:00,3.1407,3.1407,3.1407,3.1407,3.1457,3.1457,3.1457,3.1457,1
2026-07-02 13:11:00,3.1417,3.1417,3.1397,3.1407,3.1467,3.1467,3.1447,3.1457,6
2026-07-02 13:12:00,3.1397,3.1417,3.1387,3.1407,3.1447,3.1467,3.1437,3.1457,13
2026-07-02 13:13:00,3.1397,3.1407,3.1397,3.1407,3.1447,3.1457,3.1447,3.1457,2
2026-07-02 13:14:00,3.1417,3.1437,3.1397,3.1437,3.1467,3.1487,3.1447,3.1487,13
2026-07-02 13:15:00,3.1427,3.1427,3.1377,3.1407,3.1477,3.1477,3.1427,3.1457,22
2026-07-02 13:16:00,3.1397,3.1427,3.1387,3.1387,3.1447,3.1477,3.1437,3.1437,28
2026-07-02 13:17:00,3.1377,3.1417,3.1377,3.1417,3.1427,3.1467,3.1427,3.1467,10
2026-07-02 13:18:00,3.1427,3.1427,3.1417,3.1427,3.1477,3.1477,3.1467,3.1477,11
2026-07-02 13:19:00,3.1437,3.1447,3.1407,3.1417,3.1487,3.1497,3.1457,3.1467,15
2026-07-02 13:20:00,3.1407,3.1407,3.1407,3.1407,3.1457,3.1457,3.1457,3.1457,1
2026-07-02 13:21:00,3.1417,3.1417,3.1397,3.1397,3.1467,3.1467,3.1447,3.1447,3
2026-07-02 13:22:00,3.1387,3.1387,3.1377,3.1387,3.1437,3.1437,3.1427,3.1437,3
2026-07-02 13:23:00,3.1377,3.1397,3.1367,3.1387,3.1427,3.1447,3.1417,3.1437,18
2026-07-02 13:24:00,3.1392,3.1397,3.1367,3.1367,3.1442,3.1447,3.1417,3.1417,9
2026-07-02 13:25:00,3.1357,3.1387,3.1317,3.1377,3.1407,3.1437,3.1367,3.1427,30
2026-07-02 13:27:00,3.1387,3.1387,3.1367,3.1367,3.1437,3.1437,3.1417,3.1417,7
2026-07-02 13:28:00,3.1357,3.1367,3.1347,3.1367,3.1407,3.1417,3.1397,3.1417,20
2026-07-02 13:30:00,3.1362,3.1367,3.1267,3.1307,3.1412,3.1417,3.1317,3.1357,37
2026-07-02 13:31:00,3.1297,3.1302,3.1287,3.1287,3.1347,3.1352,3.1337,3.1337,19
2026-07-02 13:32:00,3.1277,3.1287,3.1257,3.1277,3.1327,3.1337,3.1307,3.1327,24
2026-07-02 13:33:00,3.1287,3.1287,3.1262,3.1267,3.1337,3.1337,3.1312,3.1317,8
2026-07-02 13:34:00,3.1277,3.1277,3.1247,3.1267,3.1327,3.1327,3.1297,3.1317,15
2026-07-02 13:35:00,3.1257,3.1267,3.1237,3.1257,3.1307,3.1317,3.1287,3.1307,40
2026-07-02 13:36:00,3.1247,3.1297,3.1247,3.1292,3.1297,3.1347,3.1297,3.1342,16
2026-07-02 13:37:00,3.1287,3.1297,3.1217,3.1247,3.1337,3.1347,3.1267,3.1297,29
2026-07-02 13:38:00,3.1237,3.1247,3.1227,3.1247,3.1287,3.1297,3.1277,3.1297,23
2026-07-02 13:39:00,3.1237,3.1257,3.1237,3.1247,3.1287,3.1307,3.1287,3.1297,12
2026-07-02 13:40:00,3.1237,3.1277,3.1237,3.1277,3.1287,3.1327,3.1287,3.1327,16
2026-07-02 13:41:00,3.1267,3.1297,3.1257,3.1287,3.1317,3.1347,3.1307,3.1337,16
2026-07-02 13:42:00,3.1297,3.1297,3.1287,3.1287,3.1347,3.1347,3.1337,3.1337,7
2026-07-02 13:43:00,3.1277,3.1297,3.1277,3.1297,3.1327,3.1347,3.1327,3.1347,13
2026-07-02 13:44:00,3.1287,3.1297,3.1287,3.1297,3.1337,3.1347,3.1337,3.1347,3
2026-07-02 13:45:00,3.1307,3.1307,3.1292,3.1297,3.1357,3.1357,3.1342,3.1347,10
2026-07-02 13:46:00,3.1307,3.1367,3.1297,3.1357,3.1357,3.1417,3.1347,3.1407,34
2026-07-02 13:47:00,3.1352,3.1352,3.1327,3.1337,3.1402,3.1402,3.1377,3.1387,14
2026-07-02 13:48:00,3.1347,3.1347,3.1327,3.1337,3.1397,3.1397,3.1377,3.1387,18
2026-07-02 13:49:00,3.1327,3.1327,3.1292,3.1312,3.1377,3.1377,3.1342,3.1362,14
2026-07-02 13:50:00,3.1307,3.1327,3.1307,3.1317,3.1357,3.1377,3.1357,3.1367,17
2026-07-02 13:51:00,3.1327,3.1347,3.1322,3.1327,3.1377,3.1397,3.1372,3.1377,23
2026-07-02 13:52:00,3.1332,3.1347,3.1307,3.1327,3.1382,3.1397,3.1357,3.1377,12
2026-07-02 13:53:00,3.1317,3.1327,3.1317,3.1317,3.1367,3.1377,3.1367,3.1367,5
2026-07-02 13:54:00,3.1307,3.1357,3.1297,3.1352,3.1357,3.1407,3.1347,3.1402,26
2026-07-02 13:55:00,3.1347,3.1357,3.1337,3.1337,3.1397,3.1407,3.1387,3.1387,16
2026-07-02 13:56:00,3.1342,3.1342,3.1327,3.1337,3.1392,3.1392,3.1377,3.1387,18
2026-07-02 13:57:00,3.1332,3.1342,3.1297,3.1317,3.1382,3.1392,3.1347,3.1367,20
2026-07-02 13:58:00,3.1327,3.1327,3.1307,3.1317,3.1377,3.1377,3.1357,3.1367,9
2026-07-02 13:59:00,3.1312,3.1327,3.1287,3.1317,3.1362,3.1377,3.1337,3.1367,15
2026-07-02 14:00:00,3.1327,3.1437,3.1327,3.1387,3.1377,3.1487,3.1377,3.1437,65
2026-07-02 14:01:00,3.1397,3.1422,3.1377,3.1407,3.1447,3.1472,3.1427,3.1457,18
2026-07-02 14:02:00,3.1402,3.1437,3.1387,3.1437,3.1452,3.1487,3.1437,3.1487,12
2026-07-02 14:03:00,3.1427,3.1457,3.1412,3.1427,3.1477,3.1507,3.1462,3.1477,18
2026-07-02 14:04:00,3.1417,3.1437,3.1417,3.1427,3.1467,3.1487,3.1467,3.1477,10
2026-07-02 14:05:00,3.1417,3.1447,3.1417,3.1437,3.1467,3.1497,3.1467,3.1487,14
2026-07-02 14:06:00,3.1447,3.1477,3.1427,3.1447,3.1497,3.1527,3.1477,3.1497,23
2026-07-02 14:07:00,3.1457,3.1467,3.1437,3.1452,3.1507,3.1517,3.1487,3.1502,23
2026-07-02 14:08:00,3.1457,3.1557,3.1457,3.1517,3.1507,3.1607,3.1507,3.1567,54
2026-07-02 14:09:00,3.1527,3.1537,3.1497,3.1507,3.1577,3.1587,3.1547,3.1557,26
2026-07-02 14:10:00,3.1497,3.1497,3.1457,3.1467,3.1547,3.1547,3.1507,3.1517,17
2026-07-02 14:11:00,3.1457,3.1467,3.1437,3.1457,3.1507,3.1517,3.1487,3.1507,13
2026-07-02 14:12:00,3.1447,3.1467,3.1437,3.1452,3.1497,3.1517,3.1487,3.1502,21
2026-07-02 14:13:00,3.1447,3.1447,3.1417,3.1437,3.1497,3.1497,3.1467,3.1487,11
2026-07-02 14:14:00,3.1432,3.1467,3.1427,3.1447,3.1482,3.1517,3.1477,3.1497,28
2026-07-02 14:15:00,3.1457,3.1487,3.1457,3.1477,3.1507,3.1537,3.1507,3.1527,16
2026-07-02 14:16:00,3.1487,3.1487,3.1407,3.1427,3.1537,3.1537,3.1457,3.1477,37
2026-07-02 14:17:00,3.1437,3.1457,3.1427,3.1442,3.1487,3.1507,3.1477,3.1492,19
2026-07-02 14:18:00,3.1437,3.1437,3.1367,3.1397,3.1487,3.1487,3.1417,3.1447,28
2026-07-02 14:19:00,3.1407,3.1427,3.1377,3.1387,3.1457,3.1477,3.1427,3.1437,23
2026-07-02 14:20:00,3.1397,3.1427,3.1397,3.1407,3.1447,3.1477,3.1447,3.1457,18
2026-07-02 14:21:00,3.1402,3.1407,3.1377,3.1407,3.1452,3.1457,3.1427,3.1457,25
2026-07-02 14:22:00,3.1402,3.1407,3.1392,3.1397,3.1452,3.1457,3.1442,3.1447,11
2026-07-02 14:23:00,3.1387,3.1417,3.1367,3.1397,3.1437,3.1467,3.1417,3.1447,32
2026-07-02 14:24:00,3.1407,3.1407,3.1397,3.1397,3.1457,3.1457,3.1447,3.1447,10
2026-07-02 14:25:00,3.1407,3.1447,3.1397,3.1437,3.1457,3.1497,3.1447,3.1487,21
2026-07-02 14:26:00,3.1427,3.1432,3.1422,3.1427,3.1477,3.1482,3.1472,3.1477,5
2026-07-02 14:27:00,3.1437,3.1457,3.1437,3.1457,3.1487,3.1507,3.1487,3.1507,5
2026-07-02 14:28:00,3.1447,3.1457,3.1422,3.1432,3.1497,3.1507,3.1472,3.1482,44
2026-07-02 14:29:00,3.1427,3.1457,3.1427,3.1447,3.1477,3.1507,3.1477,3.1497,23
2026-07-02 14:30:00,3.1452,3.1487,3.1442,3.1482,3.1502,3.1537,3.1492,3.1532,44
2026-07-02 14:31:00,3.1477,3.1547,3.1477,3.1527,3.1527,3.1597,3.1527,3.1577,36
2026-07-02 14:32:00,3.1517,3.1557,3.1482,3.1487,3.1567,3.1607,3.1532,3.1537,28
2026-07-02 14:33:00,3.1477,3.1487,3.1447,3.1457,3.1527,3.1537,3.1497,3.1507,25
2026-07-02 14:34:00,3.1447,3.1467,3.1437,3.1447,3.1497,3.1517,3.1487,3.1497,21
2026-07-02 14:35:00,3.1437,3.1477,3.1437,3.1467,3.1487,3.1527,3.1487,3.1517,38
2026-07-02 14:36:00,3.1477,3.1487,3.1467,3.1477,3.1527,3.1537,3.1517,3.1527,14
2026-07-02 14:37:00,3.1467,3.1517,3.1457,3.1487,3.1517,3.1567,3.1507,3.1537,24
2026-07-02 14:38:00,3.1477,3.1507,3.1467,3.1497,3.1527,3.1557,3.1517,3.1547,18
2026-07-02 14:39:00,3.1507,3.1547,3.1487,3.1527,3.1557,3.1597,3.1537,3.1577,32
2026-07-02 14:40:00,3.1537,3.1597,3.1517,3.1547,3.1587,3.1647,3.1567,3.1597,33
2026-07-02 14:41:00,3.1552,3.1577,3.1507,3.1517,3.1602,3.1627,3.1557,3.1567,25
2026-07-02 14:42:00,3.1507,3.1517,3.1507,3.1507,3.1557,3.1567,3.1557,3.1557,3
2026-07-02 14:43:00,3.1497,3.1507,3.1477,3.1497,3.1547,3.1557,3.1527,3.1547,23
2026-07-02 14:44:00,3.1507,3.1507,3.1417,3.1427,3.1557,3.1557,3.1467,3.1477,41
2026-07-02 14:45:00,3.1437,3.1447,3.1397,3.1427,3.1487,3.1497,3.1447,3.1477,38
2026-07-02 14:46:00,3.1407,3.1447,3.1407,3.1447,3.1457,3.1497,3.1457,3.1497,11
2026-07-02 14:47:00,3.1457,3.1457,3.1407,3.1407,3.1507,3.1507,3.1457,3.1457,11
2026-07-02 14:48:00,3.1397,3.1437,3.1397,3.1417,3.1447,3.1487,3.1447,3.1467,14
2026-07-02 14:49:00,3.1427,3.1427,3.1397,3.1407,3.1477,3.1477,3.1447,3.1457,16
2026-07-02 14:50:00,3.1417,3.1417,3.1377,3.1417,3.1467,3.1467,3.1427,3.1467,20
2026-07-02 14:51:00,3.1407,3.1417,3.1372,3.1397,3.1457,3.1467,3.1422,3.1447,18
2026-07-02 14:52:00,3.1387,3.1417,3.1367,3.1387,3.1437,3.1467,3.1417,3.1437,26
2026-07-02 14:53:00,3.1377,3.1387,3.1357,3.1367,3.1427,3.1437,3.1407,3.1417,35
2026-07-02 14:54:00,3.1357,3.1387,3.1337,3.1387,3.1407,3.1437,3.1387,3.1437,27
2026-07-02 14:55:00,3.1397,3.1397,3.1347,3.1362,3.1447,3.1447,3.1397,3.1412,26
2026-07-02 14:56:00,3.1357,3.1357,3.1247,3.1327,3.1407,3.1407,3.1297,3.1377,74
2026-07-02 14:57:00,3.1322,3.1322,3.1277,3.1307,3.1372,3.1372,3.1327,3.1357,28
2026-07-02 14:58:00,3.1297,3.1317,3.1282,3.1297,3.1347,3.1367,3.1332,3.1347,27
2026-07-02 14:59:00,3.1287,3.1287,3.1237,3.1257,3.1337,3.1337,3.1287,3.1307,46
2026-07-02 15:00:00,3.1247,3.1327,3.1237,3.1307,3.1297,3.1377,3.1287,3.1357,89
2026-07-02 15:01:00,3.1317,3.1347,3.1287,3.1297,3.1367,3.1397,3.1337,3.1347,32
2026-07-02 15:02:00,3.1287,3.1307,3.1237,3.1257,3.1337,3.1357,3.1287,3.1307,30
2026-07-02 15:03:00,3.1247,3.1267,3.1247,3.1262,3.1297,3.1317,3.1297,3.1312,25
2026-07-02 15:04:00,3.1257,3.1277,3.1247,3.1267,3.1307,3.1327,3.1297,3.1317,36
2026-07-02 15:05:00,3.1262,3.1287,3.1247,3.1277,3.1312,3.1337,3.1297,3.1327,37
2026-07-02 15:06:00,3.1287,3.1317,3.1277,3.1297,3.1337,3.1367,3.1327,3.1347,15
2026-07-02 15:07:00,3.1307,3.1307,3.1257,3.1257,3.1357,3.1357,3.1307,3.1307,17
2026-07-02 15:08:00,3.1247,3.1257,3.1237,3.1247,3.1297,3.1307,3.1287,3.1297,10
2026-07-02 15:09:00,3.1237,3.1247,3.1227,3.1247,3.1287,3.1297,3.1277,3.1297,34
2026-07-02 15:10:00,3.1257,3.1307,3.1237,3.1297,3.1307,3.1357,3.1287,3.1347,34
2026-07-02 15:11:00,3.1307,3.1347,3.1287,3.1337,3.1357,3.1397,3.1337,3.1387,46
2026-07-02 15:12:00,3.1327,3.1387,3.1327,3.1357,3.1377,3.1437,3.1377,3.1407,50
2026-07-02 15:13:00,3.1347,3.1357,3.1327,3.1337,3.1397,3.1407,3.1377,3.1387,19
2026-07-02 15:14:00,3.1327,3.1372,3.1317,3.1357,3.1377,3.1422,3.1367,3.1407,33
2026-07-02 15:15:00,3.1367,3.1447,3.1357,3.1447,3.1417,3.1497,3.1407,3.1497,37
2026-07-02 15:16:00,3.1437,3.1467,3.1417,3.1417,3.1487,3.1517,3.1467,3.1467,44
2026-07-02 15:17:00,3.1422,3.1437,3.1407,3.1427,3.1472,3.1487,3.1457,3.1477,29
2026-07-02 15:18:00,3.1417,3.1467,3.1417,3.1447,3.1467,3.1517,3.1467,3.1497,22
2026-07-02 15:19:00,3.1442,3.1507,3.1432,3.1497,3.1492,3.1557,3.1482,3.1547,40
2026-07-02 15:20:00,3.1507,3.1527,3.1487,3.1527,3.1557,3.1577,3.1537,3.1577,57
2026-07-02 15:21:00,3.1522,3.1587,3.1507,3.1517,3.1572,3.1637,3.1557,3.1567,76
2026-07-02 15:22:00,3.1507,3.1517,3.1487,3.1507,3.1557,3.1567,3.1537,3.1557,23
2026-07-02 15:23:00,3.1517,3.1517,3.1467,3.1477,3.1567,3.1567,3.1517,3.1527,10
2026-07-02 15:24:00,3.1467,3.1587,3.1467,3.1567,3.1517,3.1637,3.1517,3.1617,77
2026-07-02 15:25:00,3.1577,3.1607,3.1577,3.1587,3.1627,3.1657,3.1627,3.1637,36
2026-07-02 15:26:00,3.1597,3.1627,3.1587,3.1607,3.1647,3.1677,3.1637,3.1657,48
2026-07-02 15:27:00,3.1597,3.1647,3.1597,3.1647,3.1647,3.1697,3.1647,3.1697,43
2026-07-02 15:28:00,3.1637,3.1637,3.1577,3.1577,3.1687,3.1687,3.1627,3.1627,44
2026-07-02 15:29:00,3.1567,3.1577,3.1537,3.1547,3.1617,3.1627,3.1587,3.1597,46
2026-07-02 15:30:00,3.1557,3.1597,3.1527,3.1597,3.1607,3.1647,3.1577,3.1647,47
2026-07-02 15:31:00,3.1602,3.1637,3.1597,3.1617,3.1652,3.1687,3.1647,3.1667,58
2026-07-02 15:32:00,3.1607,3.1637,3.1607,3.1617,3.1657,3.1687,3.1657,3.1667,29
2026-07-02 15:33:00,3.1607,3.1617,3.1567,3.1587,3.1657,3.1667,3.1617,3.1637,15
2026-07-02 15:34:00,3.1597,3.1607,3.1562,3.1562,3.1647,3.1657,3.1612,3.1612,34
2026-07-02 15:35:00,3.1567,3.1567,3.1527,3.1537,3.1617,3.1617,3.1577,3.1587,40
2026-07-02 15:36:00,3.1547,3.1587,3.1547,3.1582,3.1597,3.1637,3.1597,3.1632,43
2026-07-02 15:37:00,3.1587,3.1627,3.1577,3.1607,3.1637,3.1677,3.1627,3.1657,31
2026-07-02 15:38:00,3.1597,3.1637,3.1587,3.1587,3.1647,3.1687,3.1637,3.1637,26
2026-07-02 15:39:00,3.1577,3.1587,3.1547,3.1557,3.1627,3.1637,3.1597,3.1607,14
2026-07-02 15:40:00,3.1567,3.1567,3.1507,3.1517,3.1617,3.1617,3.1557,3.1567,11
2026-07-02 15:41:00,3.1517,3.1567,3.1517,3.1547,3.1567,3.1617,3.1567,3.1597,19
2026-07-02 15:42:00,3.1557,3.1577,3.1547,3.1567,3.1607,3.1627,3.1597,3.1617,29
2026-07-02 15:43:00,3.1572,3.1577,3.1567,3.1577,3.1622,3.1627,3.1617,3.1627,7
2026-07-02 15:44:00,3.1567,3.1587,3.1557,3.1567,3.1617,3.1637,3.1607,3.1617,19
2026-07-02 15:45:00,3.1547,3.1557,3.1537,3.1537,3.1597,3.1607,3.1587,3.1587,11
2026-07-02 15:46:00,3.1557,3.1582,3.1557,3.1567,3.1597,3.1627,3.1597,3.1617,24
2026-07-02 15:47:00,3.1557,3.1567,3.1537,3.1537,3.1597,3.1602,3.1587,3.1587,18
2026-07-02 15:48:00,3.1527,3.1537,3.1527,3.1532,3.1577,3.1587,3.1577,3.1582,22
2026-07-02 15:49:00,3.1557,3.1597,3.1557,3.1577,3.1607,3.1647,3.1607,3.1627,82
2026-07-02 15:50:00,3.1567,3.1577,3.1557,3.1557,3.1617,3.1627,3.1607,3.1607,8
2026-07-02 15:51:00,3.1557,3.1557,3.1542,3.1547,3.1597,3.1607,3.1592,3.1597,22
2026-07-02 15:52:00,3.1557,3.1577,3.1557,3.1572,3.1607,3.1617,3.1607,3.1617,20
2026-07-02 15:53:00,3.1567,3.1577,3.1537,3.1547,3.1627,3.1627,3.1587,3.1597,40
2026-07-02 15:54:00,3.1537,3.1547,3.1527,3.1547,3.1587,3.1607,3.1577,3.1597,20
2026-07-02 15:55:00,3.1542,3.1567,3.1537,3.1557,3.1592,3.1617,3.1587,3.1607,22
2026-07-02 15:56:00,3.1552,3.1552,3.1537,3.1542,3.1602,3.1602,3.1587,3.1592,40
2026-07-02 15:57:00,3.1537,3.1547,3.1507,3.1512,3.1587,3.1597,3.1557,3.1562,34
2026-07-02 15:58:00,3.1517,3.1527,3.1507,3.1517,3.1567,3.1577,3.1557,3.1567,16
2026-07-02 15:59:00,3.1522,3.1527,3.1497,3.1502,3.1572,3.1577,3.1547,3.1552,46
2026-07-02 16:00:00,3.1497,3.1507,3.1447,3.1467,3.1547,3.1557,3.1517,3.1527,35
2026-07-02 16:01:00,3.1457,3.1467,3.1432,3.1457,3.1507,3.1517,3.1497,3.1507,29
2026-07-02 16:02:00,3.1432,3.1457,3.1432,3.1447,3.1502,3.1507,3.1487,3.1487,9
2026-07-02 16:03:00,3.1442,3.1467,3.1442,3.1457,3.1492,3.1517,3.1492,3.1507,36
2026-07-02 16:04:00,3.1437,3.1447,3.1417,3.1427,3.1487,3.1497,3.1467,3.1477,16
2026-07-02 16:05:00,3.1422,3.1427,3.1407,3.1427,3.1472,3.1497,3.1457,3.1497,11
2026-07-02 16:06:00,3.1437,3.1447,3.1427,3.1442,3.1487,3.1497,3.1477,3.1492,22
2026-07-02 16:07:00,3.1437,3.1447,3.1437,3.1437,3.1487,3.1517,3.1487,3.1497,5
2026-07-02 16:08:00,3.1457,3.1457,3.1427,3.1427,3.1507,3.1507,3.1477,3.1477,14
2026-07-02 16:09:00,3.1437,3.1447,3.1427,3.1427,3.1487,3.1497,3.1477,3.1477,32
2026-07-02 16:10:00,3.1417,3.1477,3.1417,3.1427,3.1467,3.1527,3.1467,3.1477,82
2026-07-02 16:11:00,3.1422,3.1432,3.1397,3.1407,3.1472,3.1482,3.1447,3.1457,38
2026-07-02 16:12:00,3.1407,3.1437,3.1402,3.1427,3.1457,3.1487,3.1452,3.1477,30
2026-07-02 16:13:00,3.1437,3.1447,3.1427,3.1437,3.1487,3.1497,3.1477,3.1487,22
2026-07-02 16:14:00,3.1442,3.1587,3.1437,3.1572,3.1492,3.1637,3.1487,3.1622,77
2026-07-02 16:15:00,3.1567,3.1587,3.1527,3.1562,3.1617,3.1637,3.1577,3.1612,34
2026-07-02 16:16:00,3.1567,3.1687,3.1567,3.1667,3.1687,3.1737,3.1637,3.1717,74
2026-07-02 16:17:00,3.1657,3.1687,3.1627,3.1637,3.1707,3.1737,3.1677,3.1687,26
2026-07-02 16:18:00,3.1647,3.1657,3.1627,3.1642,3.1697,3.1717,3.1697,3.1707,29
2026-07-02 16:19:00,3.1647,3.1657,3.1617,3.1617,3.1687,3.1707,3.1667,3.1667,30
2026-07-02 16:20:00,3.1612,3.1617,3.1597,3.1597,3.1657,3.1667,3.1637,3.1647,7
2026-07-02 16:21:00,3.1602,3.1617,3.1597,3.1607,3.1652,3.1667,3.1647,3.1657,24
2026-07-02 16:22:00,3.1602,3.1617,3.1597,3.1607,3.1652,3.1667,3.1647,3.1657,27
2026-07-02 16:23:00,3.1617,3.1617,3.1567,3.1577,3.1667,3.1667,3.1617,3.1627,28
2026-07-02 16:24:00,3.1587,3.1587,3.1517,3.1527,3.1637,3.1637,3.1567,3.1577,37
2026-07-02 16:25:00,3.1532,3.1557,3.1527,3.1537,3.1582,3.1607,3.1577,3.1587,32
2026-07-02 16:26:00,3.1542,3.1542,3.1457,3.1467,3.1592,3.1592,3.1507,3.1517,47
2026-07-02 16:27:00,3.1457,3.1467,3.1437,3.1467,3.1507,3.1517,3.1487,3.1517,43
2026-07-02 16:28:00,3.1482,3.1492,3.1457,3.1457,3.1532,3.1542,3.1507,3.1507,40
2026-07-02 16:29:00,3.1467,3.1497,3.1437,3.1497,3.1517,3.1547,3.1487,3.1547,45
2026-07-02 16:30:00,3.1492,3.1497,3.1232,3.1402,3.1542,3.1547,3.1282,3.1452,305
2026-07-02 16:31:00,3.1397,3.1447,3.1327,3.1337,3.1447,3.1497,3.1377,3.1427,95
2026-07-02 16:32:00,3.1382,3.1407,3.1337,3.1347,3.1432,3.1457,3.1387,3.1397,54
2026-07-02 16:33:00,3.1317,3.1347,3.1307,3.1337,3.1367,3.1397,3.1357,3.1377,28
2026-07-02 16:34:00,3.1347,3.1377,3.1317,3.1342,3.1397,3.1412,3.1367,3.1397,42
2026-07-02 16:35:00,3.1337,3.1377,3.1322,3.1357,3.1387,3.1427,3.1377,3.1407,31
2026-07-02 16:36:00,3.1327,3.1337,3.1317,3.1327,3.1377,3.1387,3.1367,3.1377,26
2026-07-02 16:37:00,3.1322,3.1337,3.1257,3.1297,3.1372,3.1387,3.1307,3.1347,59
2026-07-02 16:38:00,3.1287,3.1302,3.1237,3.1247,3.1337,3.1352,3.1287,3.1297,41
2026-07-02 16:39:00,3.1257,3.1287,3.1237,3.1257,3.1307,3.1337,3.1287,3.1307,34
2026-07-02 16:40:00,3.1262,3.1277,3.1227,3.1267,3.1312,3.1327,3.1277,3.1317,52
2026-07-02 16:41:00,3.1262,3.1287,3.1257,3.1287,3.1312,3.1337,3.1307,3.1337,19
2026-07-02 16:42:00,3.1297,3.1347,3.1277,3.1327,3.1347,3.1397,3.1327,3.1377,36
2026-07-02 16:43:00,3.1297,3.1347,3.1297,3.1327,3.1367,3.1397,3.1347,3.1377,28
2026-07-02 16:44:00,3.1317,3.1467,3.1317,3.1392,3.1367,3.1517,3.1367,3.1442,85
2026-07-02 16:45:00,3.1387,3.1447,3.1387,3.1417,3.1437,3.1497,3.1437,3.1467,57
2026-07-02 16:46:00,3.1407,3.1417,3.1397,3.1407,3.1457,3.1467,3.1447,3.1457,17
2026-07-02 16:47:00,3.1397,3.1397,3.1337,3.1337,3.1447,3.1447,3.1387,3.1387,22
2026-07-02 16:48:00,3.1327,3.1417,3.1307,3.1417,3.1377,3.1467,3.1357,3.1467,36
2026-07-02 16:49:00,3.1407,3.1457,3.1387,3.1407,3.1457,3.1507,3.1437,3.1457,84
2026-07-02 16:50:00,3.1397,3.1407,3.1357,3.1367,3.1447,3.1457,3.1407,3.1417,27
2026-07-02 16:51:00,3.1357,3.1377,3.1357,3.1367,3.1407,3.1427,3.1407,3.1417,18
2026-07-02 16:52:00,3.1352,3.1427,3.1317,3.1397,3.1402,3.1477,3.1367,3.1447,79
2026-07-02 16:53:00,3.1407,3.1437,3.1377,3.1387,3.1457,3.1487,3.1427,3.1437,78
2026-07-02 16:54:00,3.1382,3.1437,3.1377,3.1437,3.1432,3.1487,3.1427,3.1487,92
2026-07-02 16:55:00,3.1432,3.1537,3.1427,3.1517,3.1482,3.1587,3.1477,3.1567,108
2026-07-02 16:56:00,3.1522,3.1522,3.1467,3.1467,3.1572,3.1572,3.1517,3.1517,58
2026-07-02 16:57:00,3.1437,3.1437,3.1417,3.1422,3.1487,3.1487,3.1467,3.1472,58
2026-07-02 16:58:00,3.1417,3.1427,3.1397,3.1407,3.1467,3.1477,3.1447,3.1457,18
2026-07-02 16:59:00,3.1417,3.1417,3.1387,3.1387,3.1467,3.1467,3.1437,3.1437,12
2026-07-02 17:00:00,3.1397,3.1427,3.1397,3.1407,3.1447,3.1477,3.1447,3.1457,18
2026-07-02 17:01:00,3.1397,3.1417,3.1397,3.1407,3.1452,3.1467,3.1447,3.1457,8
2026-07-02 17:02:00,3.1402,3.1402,3.1377,3.1397,3.1427,3.1447,3.1427,3.1447,8
2026-07-02 17:03:00,3.1387,3.1397,3.1387,3.1397,3.1437,3.1447,3.1437,3.1447,4
2026-07-02 17:04:00,3.1387,3.1417,3.1377,3.1397,3.1437,3.1467,3.1427,3.1447,36
2026-07-02 17:05:00,3.1407,3.1427,3.1407,3.1417,3.1457,3.1477,3.1457,3.1467,10
2026-07-02 17:06:00,3.1407,3.1417,3.1387,3.1387,3.1457,3.1467,3.1437,3.1437,23
2026-07-02 17:07:00,3.1377,3.1397,3.1372,3.1387,3.1427,3.1447,3.1422,3.1437,13
2026-07-02 17:08:00,3.1382,3.1387,3.1382,3.1387,3.1432,3.1437,3.1432,3.1437,2
2026-07-02 17:09:00,3.1377,3.1377,3.1347,3.1357,3.1427,3.1427,3.1397,3.1407,24
2026-07-02 17:10:00,3.1367,3.1407,3.1357,3.1397,3.1417,3.1457,3.1407,3.1447,20
2026-07-02 17:11:00,3.1407,3.1447,3.1397,3.1422,3.1457,3.1497,3.1447,3.1472,49
2026-07-02 17:12:00,3.1417,3.1427,3.1407,3.1417,3.1467,3.1477,3.1457,3.1467,15
2026-07-02 17:13:00,3.1427,3.1447,3.1417,3.1417,3.1477,3.1497,3.1467,3.1467,8
2026-07-02 17:14:00,3.1427,3.1437,3.1417,3.1417,3.1477,3.1487,3.1467,3.1467,8
2026-07-02 17:15:00,3.1427,3.1457,3.1417,3.1457,3.1477,3.1507,3.1467,3.1507,9
2026-07-02 17:16:00,3.1447,3.1457,3.1447,3.1447,3.1497,3.1507,3.1497,3.1497,10
2026-07-02 17:17:00,3.1457,3.1457,3.1437,3.1447,3.1507,3.1507,3.1487,3.1497,10
2026-07-02 17:18:00,3.1437,3.1497,3.1437,3.1487,3.1487,3.1547,3.1487,3.1537,26
2026-07-02 17:19:00,3.1477,3.1487,3.1457,3.1467,3.1527,3.1537,3.1507,3.1517,10
2026-07-02 17:20:00,3.1477,3.1477,3.1467,3.1477,3.1527,3.1527,3.1517,3.1527,3
2026-07-02 17:21:00,3.1467,3.1477,3.1457,3.1467,3.1517,3.1527,3.1507,3.1517,15
2026-07-02 17:22:00,3.1477,3.1477,3.1447,3.1457,3.1527,3.1527,3.1497,3.1507,16
2026-07-02 17:23:00,3.1467,3.1477,3.1457,3.1467,3.1517,3.1527,3.1507,3.1517,10
2026-07-02 17:24:00,3.1472,3.1527,3.1467,3.1497,3.1522,3.1577,3.1517,3.1547,28
2026-07-02 17:25:00,3.1507,3.1587,3.1507,3.1557,3.1557,3.1637,3.1557,3.1607,40
2026-07-02 17:26:00,3.1567,3.1577,3.1567,3.1567,3.1617,3.1627,3.1617,3.1617,23
2026-07-02 17:27:00,3.1577,3.1587,3.1537,3.1567,3.1627,3.1637,3.1587,3.1617,41
2026-07-02 17:28:00,3.1572,3.1627,3.1572,3.1587,3.1622,3.1677,3.1622,3.1637,34
2026-07-02 17:29:00,3.1577,3.1597,3.1567,3.1597,3.1627,3.1647,3.1617,3.1647,21
2026-07-02 17:30:00,3.1592,3.1607,3.1537,3.1542,3.1642,3.1657,3.1587,3.1592,33
2026-07-02 17:31:00,3.1547,3.1567,3.1547,3.1557,3.1597,3.1617,3.1597,3.1607,17
2026-07-02 17:32:00,3.1547,3.1562,3.1517,3.1517,3.1597,3.1612,3.1567,3.1567,24
2026-07-02 17:33:00,3.1522,3.1577,3.1522,3.1557,3.1572,3.1627,3.1572,3.1607,10
2026-07-02 17:34:00,3.1562,3.1597,3.1527,3.1542,3.1612,3.1647,3.1577,3.1592,37
2026-07-02 17:35:00,3.1537,3.1547,3.1527,3.1537,3.1587,3.1597,3.1577,3.1587,15
2026-07-02 17:36:00,3.1547,3.1547,3.1527,3.1527,3.1597,3.1597,3.1577,3.1577,8
2026-07-02 17:37:00,3.1517,3.1517,3.1497,3.1507,3.1567,3.1567,3.1547,3.1557,15
2026-07-02 17:38:00,3.1497,3.1497,3.1477,3.1487,3.1547,3.1547,3.1527,3.1537,20
2026-07-02 17:39:00,3.1482,3.1507,3.1482,3.1497,3.1532,3.1557,3.1532,3.1547,11
2026-07-02 17:40:00,3.1507,3.1537,3.1507,3.1527,3.1557,3.1587,3.1557,3.1577,24
2026-07-02 17:41:00,3.1537,3.1537,3.1517,3.1517,3.1587,3.1587,3.1567,3.1567,21
2026-07-02 17:42:00,3.1527,3.1527,3.1507,3.1517,3.1577,3.1577,3.1557,3.1567,13
2026-07-02 17:43:00,3.1527,3.1527,3.1517,3.1517,3.1577,3.1577,3.1567,3.1567,15
2026-07-02 17:44:00,3.1527,3.1547,3.1527,3.1527,3.1577,3.1597,3.1577,3.1577,9
2026-07-02 17:45:00,3.1532,3.1537,3.1517,3.1527,3.1582,3.1587,3.1567,3.1577,8
2026-07-02 17:46:00,3.1537,3.1557,3.1527,3.1547,3.1587,3.1607,3.1577,3.1597,18
2026-07-02 17:47:00,3.1542,3.1547,3.1527,3.1537,3.1592,3.1597,3.1577,3.1587,12
2026-07-02 17:48:00,3.1547,3.1547,3.1517,3.1522,3.1597,3.1597,3.1567,3.1572,18
2026-07-02 17:49:00,3.1517,3.1547,3.1517,3.1547,3.1567,3.1597,3.1567,3.1597,8
2026-07-02 17:50:00,3.1557,3.1587,3.1547,3.1587,3.1607,3.1637,3.1597,3.1637,22
2026-07-02 17:51:00,3.1577,3.1597,3.1567,3.1577,3.1627,3.1647,3.1617,3.1627,54
2026-07-02 17:52:00,3.1582,3.1582,3.1557,3.1557,3.1632,3.1632,3.1607,3.1607,10
2026-07-02 17:53:00,3.1547,3.1582,3.1547,3.1577,3.1597,3.1632,3.1597,3.1627,58
2026-07-02 17:54:00,3.1572,3.1572,3.1517,3.1527,3.1622,3.1622,3.1567,3.1577,36
2026-07-02 17:55:00,3.1517,3.1527,3.1517,3.1517,3.1567,3.1577,3.1567,3.1567,18
2026-07-02 17:56:00,3.1527,3.1527,3.1507,3.1507,3.1577,3.1577,3.1557,3.1557,12
2026-07-02 17:57:00,3.1517,3.1527,3.1487,3.1487,3.1567,3.1577,3.1537,3.1537,30
2026-07-02 17:58:00,3.1497,3.1497,3.1467,3.1477,3.1547,3.1547,3.1517,3.1527,22
2026-07-02 17:59:00,3.1487,3.1487,3.1467,3.1482,3.1537,3.1537,3.1517,3.1532,13
2026-07-02 18:00:00,3.1477,3.1507,3.1477,3.1507,3.1527,3.1557,3.1527,3.1557,18
2026-07-02 18:01:00,3.1497,3.1527,3.1497,3.1517,3.1547,3.1577,3.1547,3.1567,10
2026-07-02 18:02:00,3.1527,3.1527,3.1497,3.1507,3.1577,3.1577,3.1547,3.1557,9
2026-07-02 18:03:00,3.1512,3.1517,3.1507,3.1517,3.1562,3.1567,3.1557,3.1567,3
2026-07-02 18:04:00,3.1527,3.1547,3.1527,3.1537,3.1577,3.1597,3.1577,3.1587,16
2026-07-02 18:05:00,3.1547,3.1567,3.1547,3.1557,3.1597,3.1617,3.1597,3.1607,14
2026-07-02 18:06:00,3.1562,3.1567,3.1557,3.1557,3.1612,3.1617,3.1607,3.1607,7
2026-07-02 18:07:00,3.1567,3.1607,3.1557,3.1607,3.1617,3.1657,3.1607,3.1657,17
2026-07-02 18:08:00,3.1617,3.1647,3.1607,3.1617,3.1667,3.1697,3.1657,3.1667,19
2026-07-02 18:09:00,3.1622,3.1637,3.1622,3.1627,3.1672,3.1687,3.1672,3.1677,23
2026-07-02 18:10:00,3.1637,3.1637,3.1607,3.1607,3.1687,3.1687,3.1657,3.1657,12
2026-07-02 18:11:00,3.1617,3.1617,3.1607,3.1612,3.1667,3.1667,3.1657,3.1662,5
2026-07-02 18:12:00,3.1617,3.1647,3.1617,3.1637,3.1667,3.1697,3.1667,3.1687,15
2026-07-02 18:13:00,3.1627,3.1647,3.1617,3.1622,3.1677,3.1697,3.1667,3.1672,19
2026-07-02 18:14:00,3.1617,3.1667,3.1617,3.1667,3.1667,3.1717,3.1667,3.1717,12
2026-07-02 18:15:00,3.1677,3.1707,3.1677,3.1707,3.1727,3.1757,3.1727,3.1757,28
2026-07-02 18:16:00,3.1712,3.1767,3.1707,3.1747,3.1762,3.1817,3.1757,3.1797,74
2026-07-02 18:17:00,3.1757,3.1767,3.1737,3.1757,3.1807,3.1817,3.1787,3.1807,14
2026-07-02 18:18:00,3.1767,3.1767,3.1717,3.1717,3.1817,3.1817,3.1767,3.1767,18
2026-07-02 18:19:00,3.1727,3.1777,3.1717,3.1737,3.1777,3.1827,3.1767,3.1787,20
2026-07-02 18:20:00,3.1747,3.1747,3.1727,3.1747,3.1797,3.1797,3.1777,3.1797,24
2026-07-02 18:21:00,3.1757,3.1777,3.1747,3.1767,3.1807,3.1827,3.1797,3.1817,18
2026-07-02 18:22:00,3.1777,3.1787,3.1747,3.1757,3.1827,3.1837,3.1797,3.1807,27
2026-07-02 18:23:00,3.1767,3.1777,3.1757,3.1767,3.1817,3.1827,3.1807,3.1817,7
2026-07-02 18:24:00,3.1757,3.1777,3.1757,3.1777,3.1807,3.1827,3.1807,3.1827,23
2026-07-02 18:25:00,3.1787,3.1817,3.1787,3.1802,3.1837,3.1867,3.1837,3.1852,30
2026-07-02 18:26:00,3.1797,3.1797,3.1757,3.1757,3.1847,3.1847,3.1807,3.1807,11
2026-07-02 18:27:00,3.1767,3.1787,3.1757,3.1757,3.1817,3.1837,3.1807,3.1807,12
2026-07-02 18:28:00,3.1767,3.1787,3.1757,3.1767,3.1817,3.1837,3.1807,3.1817,13
2026-07-02 18:29:00,3.1757,3.1777,3.1747,3.1772,3.1807,3.1827,3.1797,3.1822,20
2026-07-02 18:30:00,3.1767,3.1767,3.1707,3.1717,3.1817,3.1817,3.1757,3.1767,21
2026-07-02 18:31:00,3.1727,3.1737,3.1717,3.1727,3.1777,3.1787,3.1767,3.1777,11
2026-07-02 18:32:00,3.1737,3.1747,3.1727,3.1727,3.1787,3.1797,3.1777,3.1777,4
2026-07-02 18:33:00,3.1732,3.1737,3.1727,3.1727,3.1782,3.1787,3.1777,3.1777,9
2026-07-02 18:34:00,3.1737,3.1747,3.1727,3.1737,3.1787,3.1797,3.1777,3.1787,5
2026-07-02 18:35:00,3.1727,3.1767,3.1727,3.1757,3.1777,3.1817,3.1777,3.1807,17
2026-07-02 18:36:00,3.1747,3.1747,3.1707,3.1717,3.1797,3.1797,3.1757,3.1767,10
2026-07-02 18:37:00,3.1707,3.1707,3.1677,3.1677,3.1757,3.1757,3.1727,3.1727,6
2026-07-02 18:38:00,3.1687,3.1687,3.1647,3.1657,3.1737,3.1737,3.1697,3.1707,13
2026-07-02 18:39:00,3.1667,3.1667,3.1627,3.1637,3.1717,3.1717,3.1677,3.1687,42
2026-07-02 18:40:00,3.1647,3.1707,3.1637,3.1687,3.1697,3.1757,3.1687,3.1737,92
2026-07-02 18:41:00,3.1677,3.1687,3.1667,3.1677,3.1727,3.1737,3.1717,3.1727,16
2026-07-02 18:42:00,3.1687,3.1687,3.1677,3.1677,3.1737,3.1737,3.1727,3.1727,10
2026-07-02 18:43:00,3.1667,3.1677,3.1657,3.1662,3.1717,3.1727,3.1707,3.1712,18
2026-07-02 18:44:00,3.1667,3.1667,3.1637,3.1637,3.1717,3.1717,3.1687,3.1687,14
2026-07-02 18:45:00,3.1647,3.1647,3.1627,3.1627,3.1697,3.1697,3.1677,3.1677,18
2026-07-02 18:46:00,3.1617,3.1647,3.1617,3.1627,3.1667,3.1697,3.1667,3.1677,10
2026-07-02 18:47:00,3.1637,3.1637,3.1627,3.1627,3.1687,3.1687,3.1677,3.1677,2
2026-07-02 18:48:00,3.1637,3.1647,3.1597,3.1647,3.1687,3.1697,3.1647,3.1697,20
2026-07-02 18:49:00,3.1657,3.1667,3.1627,3.1637,3.1707,3.1717,3.1677,3.1687,12
2026-07-02 18:50:00,3.1647,3.1657,3.1627,3.1637,3.1697,3.1707,3.1677,3.1687,9
2026-07-02 18:51:00,3.1642,3.1657,3.1642,3.1657,3.1692,3.1707,3.1692,3.1707,5
2026-07-02 18:52:00,3.1667,3.1677,3.1657,3.1667,3.1717,3.1727,3.1707,3.1717,9
2026-07-02 18:53:00,3.1662,3.1667,3.1657,3.1667,3.1712,3.1717,3.1707,3.1717,6
2026-07-02 18:54:00,3.1672,3.1677,3.1657,3.1667,3.1722,3.1727,3.1707,3.1717,6
2026-07-02 18:55:00,3.1677,3.1677,3.1647,3.1647,3.1727,3.1727,3.1697,3.1697,9
2026-07-02 18:56:00,3.1657,3.1657,3.1647,3.1657,3.1707,3.1707,3.1697,3.1707,6
2026-07-02 18:57:00,3.1647,3.1657,3.1647,3.1647,3.1697,3.1707,3.1697,3.1697,4
2026-07-02 18:58:00,3.1652,3.1677,3.1637,3.1667,3.1702,3.1727,3.1687,3.1717,13
2026-07-02 18:59:00,3.1677,3.1677,3.1667,3.1677,3.1727,3.1727,3.1717,3.1727,7
2026-07-02 19:00:00,3.1667,3.1687,3.1657,3.1667,3.1717,3.1737,3.1707,3.1717,10
2026-07-02 19:01:00,3.1677,3.1707,3.1677,3.1707,3.1727,3.1757,3.1727,3.1757,16
2026-07-02 19:02:00,3.1697,3.1697,3.1697,3.1697,3.1747,3.1747,3.1747,3.1747,1
2026-07-02 19:03:00,3.1707,3.1737,3.1697,3.1697,3.1757,3.1787,3.1747,3.1747,20
2026-07-02 19:04:00,3.1707,3.1707,3.1687,3.1697,3.1757,3.1757,3.1737,3.1747,8
2026-07-02 19:05:00,3.1692,3.1697,3.1657,3.1667,3.1742,3.1747,3.1707,3.1717,14
2026-07-02 19:06:00,3.1657,3.1677,3.1637,3.1667,3.1707,3.1727,3.1687,3.1717,14
2026-07-02 19:07:00,3.1677,3.1702,3.1677,3.1687,3.1727,3.1752,3.1727,3.1737,8
2026-07-02 19:08:00,3.1697,3.1707,3.1687,3.1687,3.1747,3.1757,3.1737,3.1737,5
2026-07-02 19:09:00,3.1677,3.1677,3.1677,3.1677,3.1727,3.1727,3.1727,3.1727,1
2026-07-02 19:10:00,3.1687,3.1687,3.1677,3.1677,3.1737,3.1737,3.1727,3.1727,4
2026-07-02 19:11:00,3.1687,3.1687,3.1677,3.1677,3.1737,3.1737,3.1727,3.1727,2
2026-07-02 19:12:00,3.1687,3.1687,3.1667,3.1677,3.1737,3.1737,3.1717,3.1727,4
2026-07-02 19:13:00,3.1687,3.1697,3.1687,3.1697,3.1737,3.1747,3.1737,3.1747,2
2026-07-02 19:14:00,3.1687,3.1717,3.1687,3.1707,3.1737,3.1767,3.1737,3.1757,9
2026-07-02 19:15:00,3.1717,3.1717,3.1697,3.1697,3.1767,3.1767,3.1747,3.1747,8
2026-07-02 19:16:00,3.1687,3.1697,3.1687,3.1697,3.1737,3.1747,3.1737,3.1747,19
2026-07-02 19:17:00,3.1702,3.1717,3.1687,3.1697,3.1752,3.1767,3.1737,3.1747,10
2026-07-02 19:18:00,3.1687,3.1687,3.1637,3.1642,3.1737,3.1737,3.1687,3.1692,18
2026-07-02 19:19:00,3.1647,3.1657,3.1647,3.1657,3.1697,3.1707,3.1697,3.1707,4
2026-07-02 19:20:00,3.1647,3.1657,3.1637,3.1647,3.1697,3.1707,3.1687,3.1697,5
2026-07-02 19:21:00,3.1642,3.1647,3.1637,3.1637,3.1692,3.1697,3.1687,3.1687,10
2026-07-02 19:22:00,3.1642,3.1667,3.1642,3.1667,3.1692,3.1717,3.1692,3.1717,14
2026-07-02 19:23:00,3.1677,3.1677,3.1672,3.1677,3.1727,3.1727,3.1722,3.1727,3
2026-07-02 19:24:00,3.1667,3.1667,3.1657,3.1657,3.1717,3.1717,3.1707,3.1707,2
2026-07-02 19:25:00,3.1667,3.1677,3.1667,3.1667,3.1717,3.1727,3.1717,3.1717,7
2026-07-02 19:26:00,3.1677,3.1677,3.1652,3.1657,3.1727,3.1727,3.1702,3.1707,7
2026-07-02 19:27:00,3.1662,3.1667,3.1647,3.1657,3.1712,3.1717,3.1697,3.1707,12
2026-07-02 19:28:00,3.1647,3.1667,3.1647,3.1657,3.1697,3.1717,3.1697,3.1707,19
2026-07-02 19:29:00,3.1667,3.1677,3.1657,3.1667,3.1717,3.1727,3.1707,3.1717,10
2026-07-02 19:30:00,3.1657,3.1667,3.1627,3.1637,3.1707,3.1717,3.1677,3.1687,18
2026-07-02 19:31:00,3.1647,3.1657,3.1637,3.1637,3.1697,3.1707,3.1687,3.1687,18
2026-07-02 19:32:00,3.1627,3.1632,3.1612,3.1627,3.1677,3.1682,3.1662,3.1677,16
2026-07-02 19:33:00,3.1637,3.1657,3.1637,3.1647,3.1687,3.1707,3.1687,3.1697,10
2026-07-02 19:34:00,3.1667,3.1707,3.1667,3.1677,3.1717,3.1757,3.1717,3.1727,12
2026-07-02 19:35:00,3.1667,3.1677,3.1667,3.1667,3.1717,3.1727,3.1717,3.1717,10
2026-07-02 19:36:00,3.1677,3.1687,3.1677,3.1687,3.1727,3.1737,3.1727,3.1737,4
2026-07-02 19:37:00,3.1692,3.1692,3.1677,3.1677,3.1742,3.1742,3.1727,3.1727,8
2026-07-02 19:38:00,3.1682,3.1687,3.1682,3.1687,3.1732,3.1737,3.1732,3.1737,2
2026-07-02 19:39:00,3.1677,3.1717,3.1677,3.1697,3.1727,3.1767,3.1727,3.1747,14
2026-07-02 19:40:00,3.1707,3.1717,3.1707,3.1707,3.1757,3.1767,3.1757,3.1757,6
2026-07-02 19:41:00,3.1697,3.1707,3.1697,3.1702,3.1747,3.1757,3.1747,3.1752,5
2026-07-02 19:42:00,3.1707,3.1717,3.1697,3.1717,3.1757,3.1767,3.1747,3.1767,8
2026-07-02 19:43:00,3.1727,3.1727,3.1707,3.1717,3.1777,3.1777,3.1757,3.1767,4
2026-07-02 19:44:00,3.1707,3.1707,3.1687,3.1697,3.1757,3.1757,3.1737,3.1747,8
2026-07-02 19:45:00,3.1692,3.1717,3.1687,3.1717,3.1742,3.1767,3.1737,3.1767,13
2026-07-02 19:46:00,3.1707,3.1717,3.1697,3.1697,3.1757,3.1767,3.1747,3.1747,15
2026-07-02 19:47:00,3.1687,3.1707,3.1687,3.1697,3.1737,3.1757,3.1737,3.1747,14
2026-07-02 19:48:00,3.1702,3.1737,3.1697,3.1737,3.1752,3.1787,3.1747,3.1787,13
2026-07-02 19:49:00,3.1747,3.1757,3.1747,3.1757,3.1797,3.1807,3.1797,3.1807,5
2026-07-02 19:50:00,3.1767,3.1797,3.1747,3.1797,3.1817,3.1847,3.1797,3.1847,14
2026-07-02 19:51:00,3.1787,3.1797,3.1787,3.1787,3.1837,3.1847,3.1837,3.1837,20
2026-07-02 19:52:00,3.1777,3.1807,3.1777,3.1807,3.1827,3.1857,3.1827,3.1857,23
2026-07-02 19:53:00,3.1817,3.1817,3.1787,3.1797,3.1867,3.1867,3.1837,3.1847,14
2026-07-02 19:54:00,3.1787,3.1787,3.1777,3.1787,3.1837,3.1837,3.1827,3.1837,3
2026-07-02 19:55:00,3.1777,3.1797,3.1767,3.1797,3.1827,3.1847,3.1817,3.1847,34
2026-07-02 19:56:00,3.1792,3.1797,3.1777,3.1787,3.1842,3.1847,3.1827,3.1837,21
2026-07-02 19:57:00,3.1797,3.1797,3.1777,3.1777,3.1847,3.1847,3.1827,3.1827,14
2026-07-02 19:58:00,3.1787,3.1797,3.1787,3.1787,3.1837,3.1847,3.1837,3.1837,6
2026-07-02 19:59:00,3.1797,3.1807,3.1797,3.1797,3.1847,3.1857,3.1847,3.1847,9
2026-07-02 20:00:00,3.1787,3.1797,3.1767,3.1767,3.1837,3.1847,3.1817,3.1817,16
2026-07-02 20:01:00,3.1757,3.1762,3.1727,3.1732,3.1807,3.1812,3.1777,3.1782,27
2026-07-02 20:02:00,3.1737,3.1747,3.1727,3.1737,3.1787,3.1797,3.1777,3.1787,17
2026-07-02 20:03:00,3.1747,3.1757,3.1737,3.1737,3.1797,3.1807,3.1787,3.1787,12
2026-07-02 20:04:00,3.1727,3.1737,3.1707,3.1717,3.1777,3.1787,3.1757,3.1767,16
2026-07-02 20:05:00,3.1712,3.1717,3.1677,3.1677,3.1762,3.1767,3.1727,3.1727,24
2026-07-02 20:06:00,3.1667,3.1677,3.1597,3.1627,3.1717,3.1727,3.1647,3.1677,47
2026-07-02 20:07:00,3.1617,3.1627,3.1607,3.1627,3.1667,3.1677,3.1657,3.1677,7
2026-07-02 20:08:00,3.1617,3.1657,3.1617,3.1647,3.1667,3.1707,3.1667,3.1697,20
2026-07-02 20:09:00,3.1657,3.1657,3.1647,3.1657,3.1707,3.1707,3.1697,3.1707,7
2026-07-02 20:10:00,3.1647,3.1677,3.1647,3.1667,3.1697,3.1727,3.1697,3.1717,19
2026-07-02 20:11:00,3.1657,3.1657,3.1617,3.1627,3.1707,3.1707,3.1667,3.1677,10
2026-07-02 20:12:00,3.1632,3.1657,3.1627,3.1637,3.1682,3.1707,3.1677,3.1687,12
2026-07-02 20:13:00,3.1647,3.1647,3.1617,3.1627,3.1697,3.1697,3.1667,3.1677,18
2026-07-02 20:14:00,3.1617,3.1627,3.1597,3.1607,3.1667,3.1677,3.1647,3.1657,18
2026-07-02 20:15:00,3.1617,3.1627,3.1607,3.1607,3.1667,3.1677,3.1657,3.1657,17
2026-07-02 20:16:00,3.1597,3.1632,3.1597,3.1627,3.1647,3.1682,3.1647,3.1677,9
2026-07-02 20:17:00,3.1637,3.1667,3.1637,3.1647,3.1687,3.1717,3.1687,3.1697,23
2026-07-02 20:18:00,3.1657,3.1687,3.1647,3.1682,3.1707,3.1737,3.1697,3.1732,26
2026-07-02 20:19:00,3.1677,3.1682,3.1647,3.1647,3.1727,3.1732,3.1697,3.1697,16
2026-07-02 20:20:00,3.1637,3.1647,3.1627,3.1632,3.1687,3.1697,3.1677,3.1682,26
2026-07-02 20:21:00,3.1627,3.1647,3.1627,3.1647,3.1677,3.1697,3.1677,3.1697,20
2026-07-02 20:22:00,3.1637,3.1657,3.1637,3.1642,3.1687,3.1707,3.1687,3.1692,17
2026-07-02 20:23:00,3.1647,3.1647,3.1637,3.1647,3.1697,3.1697,3.1687,3.1697,5
2026-07-02 20:24:00,3.1637,3.1657,3.1617,3.1657,3.1687,3.1707,3.1667,3.1707,12
2026-07-02 20:25:00,3.1652,3.1657,3.1627,3.1657,3.1702,3.1707,3.1677,3.1707,10
2026-07-02 20:26:00,3.1647,3.1667,3.1647,3.1657,3.1697,3.1717,3.1697,3.1707,16
2026-07-02 20:27:00,3.1647,3.1687,3.1647,3.1667,3.1697,3.1737,3.1697,3.1717,17
2026-07-02 20:28:00,3.1657,3.1667,3.1637,3.1657,3.1707,3.1717,3.1687,3.1707,104
2026-07-02 20:29:00,3.1667,3.1667,3.1637,3.1652,3.1717,3.1717,3.1687,3.1702,57
2026-07-02 20:30:00,3.1657,3.1667,3.1617,3.1627,3.1707,3.1717,3.1667,3.1677,30
2026-07-02 20:31:00,3.1637,3.1657,3.1637,3.1647,3.1687,3.1707,3.1687,3.1697,15
2026-07-02 20:32:00,3.1637,3.1647,3.1617,3.1617,3.1687,3.1697,3.1667,3.1667,22
2026-07-02 20:33:00,3.1607,3.1667,3.1607,3.1657,3.1657,3.1717,3.1657,3.1707,19
2026-07-02 20:34:00,3.1647,3.1657,3.1637,3.1637,3.1697,3.1707,3.1687,3.1687,12
2026-07-02 20:35:00,3.1627,3.1637,3.1617,3.1637,3.1677,3.1687,3.1667,3.1687,10
2026-07-02 20:36:00,3.1647,3.1657,3.1647,3.1647,3.1697,3.1707,3.1697,3.1697,5
2026-07-02 20:37:00,3.1652,3.1687,3.1652,3.1677,3.1702,3.1737,3.1702,3.1727,16
2026-07-02 20:38:00,3.1672,3.1677,3.1657,3.1667,3.1722,3.1727,3.1707,3.1717,5
2026-07-02 20:39:00,3.1672,3.1677,3.1667,3.1677,3.1722,3.1727,3.1717,3.1727,6
2026-07-02 20:40:00,3.1667,3.1682,3.1657,3.1672,3.1717,3.1732,3.1707,3.1722,9
2026-07-02 20:41:00,3.1667,3.1677,3.1667,3.1667,3.1717,3.1727,3.1717,3.1717,6
2026-07-02 20:42:00,3.1677,3.1677,3.1667,3.1667,3.1727,3.1727,3.1717,3.1717,2
2026-07-02 20:43:00,3.1657,3.1667,3.1657,3.1667,3.1707,3.1717,3.1707,3.1717,2
2026-07-02 20:44:00,3.1677,3.1687,3.1677,3.1687,3.1727,3.1737,3.1727,3.1737,2
2026-07-02 20:45:00,3.1677,3.1687,3.1657,3.1657,3.1727,3.1737,3.1707,3.1707,15
2026-07-02 20:46:00,3.1647,3.1647,3.1597,3.1602,3.1697,3.1697,3.1647,3.1652,26
2026-07-02 20:47:00,3.1597,3.1617,3.1597,3.1612,3.1647,3.1667,3.1647,3.1662,13
2026-07-02 20:48:00,3.1607,3.1617,3.1607,3.1612,3.1657,3.1667,3.1657,3.1662,4
2026-07-02 20:49:00,3.1607,3.1617,3.1597,3.1607,3.1657,3.1667,3.1647,3.1657,13
2026-07-02 20:50:00,3.1602,3.1617,3.1602,3.1617,3.1652,3.1667,3.1652,3.1667,3
2026-07-02 20:51:00,3.1622,3.1627,3.1617,3.1617,3.1672,3.1677,3.1667,3.1667,5
2026-07-02 20:52:00,3.1627,3.1637,3.1627,3.1627,3.1677,3.1687,3.1677,3.1677,6
2026-07-02 20:53:00,3.1617,3.1627,3.1617,3.1617,3.1667,3.1677,3.1667,3.1667,3
2026-07-02 20:54:00,3.1612,3.1627,3.1607,3.1617,3.1662,3.1677,3.1657,3.1667,13
2026-07-02 20:55:00,3.1612,3.1612,3.1597,3.1597,3.1662,3.1662,3.1647,3.1647,3
2026-07-02 20:56:00,3.1607,3.1607,3.1577,3.1587,3.1657,3.1657,3.1627,3.1637,9
2026-07-02 20:57:00,3.1582,3.1597,3.1567,3.1597,3.1632,3.1647,3.1617,3.1647,17
2026-07-02 20:58:00,3.1592,3.1617,3.1587,3.1607,3.1642,3.1667,3.1637,3.1657,15
2026-07-02 20:59:00,3.1602,3.1622,3.1597,3.1617,3.1652,3.1672,3.1647,3.1667,15
2026-07-02 21:00:00,3.1627,3.1632,3.1607,3.1632,3.1677,3.1682,3.1657,3.1682,7
2026-07-02 21:01:00,3.1637,3.1667,3.1627,3.1657,3.1687,3.1717,3.1677,3.1707,21
2026-07-02 21:02:00,3.1652,3.1657,3.1647,3.1647,3.1702,3.1707,3.1697,3.1697,12
2026-07-02 21:03:00,3.1637,3.1667,3.1637,3.1657,3.1687,3.1717,3.1687,3.1707,7
2026-07-02 21:04:00,3.1667,3.1687,3.1667,3.1672,3.1717,3.1737,3.1717,3.1722,14
2026-07-02 21:05:00,3.1667,3.1667,3.1657,3.1657,3.1717,3.1717,3.1707,3.1707,2
2026-07-02 21:06:00,3.1662,3.1667,3.1652,3.1662,3.1712,3.1717,3.1702,3.1712,9
2026-07-02 21:07:00,3.1657,3.1657,3.1647,3.1657,3.1707,3.1707,3.1697,3.1707,17
2026-07-02 21:08:00,3.1662,3.1667,3.1657,3.1657,3.1712,3.1717,3.1707,3.1707,9
2026-07-02 21:10:00,3.1647,3.1657,3.1647,3.1657,3.1697,3.1707,3.1697,3.1707,2
2026-07-02 21:12:00,3.1647,3.1652,3.1647,3.1647,3.1697,3.1702,3.1697,3.1697,3
2026-07-02 21:13:00,3.1637,3.1657,3.1637,3.1657,3.1687,3.1707,3.1687,3.1707,7
2026-07-02 21:14:00,3.1652,3.1657,3.1627,3.1637,3.1702,3.1707,3.1677,3.1687,9
2026-07-02 21:15:00,3.1627,3.1647,3.1622,3.1627,3.1677,3.1697,3.1672,3.1677,13
2026-07-02 21:16:00,3.1617,3.1637,3.1617,3.1637,3.1667,3.1687,3.1667,3.1687,3
2026-07-02 21:17:00,3.1642,3.1647,3.1637,3.1647,3.1692,3.1697,3.1687,3.1697,5
2026-07-02 21:18:00,3.1642,3.1647,3.1637,3.1637,3.1692,3.1697,3.1687,3.1687,4
2026-07-02 21:19:00,3.1647,3.1647,3.1627,3.1637,3.1697,3.1697,3.1677,3.1687,5
2026-07-02 21:20:00,3.1642,3.1647,3.1637,3.1647,3.1692,3.1697,3.1687,3.1697,8
2026-07-02 21:21:00,3.1637,3.1642,3.1637,3.1637,3.1687,3.1692,3.1687,3.1687,3
2026-07-02 21:22:00,3.1627,3.1637,3.1627,3.1627,3.1677,3.1687,3.1677,3.1677,7
2026-07-02 21:23:00,3.1637,3.1657,3.1637,3.1657,3.1687,3.1707,3.1687,3.1707,11
2026-07-02 21:24:00,3.1647,3.1667,3.1647,3.1667,3.1697,3.1717,3.1697,3.1717,4
2026-07-02 21:25:00,3.1657,3.1662,3.1647,3.1647,3.1707,3.1712,3.1697,3.1697,6
2026-07-02 21:26:00,3.1657,3.1657,3.1657,3.1657,3.1707,3.1707,3.1707,3.1707,1
2026-07-02 21:27:00,3.1662,3.1667,3.1657,3.1667,3.1712,3.1717,3.1707,3.1717,9
2026-07-02 21:29:00,3.1672,3.1677,3.1672,3.1677,3.1722,3.1727,3.1722,3.1727,2
2026-07-02 21:30:00,3.1667,3.1737,3.1667,3.1737,3.1717,3.1787,3.1717,3.1787,18
2026-07-02 21:31:00,3.1732,3.1747,3.1732,3.1747,3.1782,3.1797,3.1782,3.1797,7
2026-07-02 21:32:00,3.1737,3.1747,3.1727,3.1737,3.1787,3.1797,3.1777,3.1787,5
2026-07-02 21:33:00,3.1757,3.1767,3.1757,3.1767,3.1807,3.1817,3.1807,3.1817,4
2026-07-02 21:34:00,3.1757,3.1777,3.1757,3.1767,3.1807,3.1827,3.1807,3.1817,7
2026-07-02 21:35:00,3.1757,3.1762,3.1747,3.1757,3.1807,3.1812,3.1797,3.1807,5
2026-07-02 21:37:00,3.1747,3.1747,3.1747,3.1747,3.1797,3.1797,3.1797,3.1797,1
2026-07-02 21:38:00,3.1757,3.1767,3.1757,3.1767,3.1807,3.1817,3.1807,3.1817,9
2026-07-02 21:39:00,3.1757,3.1777,3.1757,3.1767,3.1807,3.1827,3.1807,3.1817,7
2026-07-02 21:40:00,3.1757,3.1757,3.1757,3.1757,3.1807,3.1807,3.1807,3.1807,1
2026-07-02 21:41:00,3.1767,3.1767,3.1767,3.1767,3.1817,3.1817,3.1817,3.1817,1
2026-07-02 21:42:00,3.1772,3.1777,3.1767,3.1777,3.1822,3.1827,3.1817,3.1827,4
2026-07-02 21:43:00,3.1787,3.1797,3.1787,3.1787,3.1837,3.1847,3.1837,3.1837,9
2026-07-02 21:44:00,3.1797,3.1797,3.1782,3.1787,3.1847,3.1847,3.1832,3.1837,7
2026-07-02 21:45:00,3.1777,3.1797,3.1777,3.1797,3.1827,3.1847,3.1827,3.1847,6
2026-07-02 21:46:00,3.1807,3.1807,3.1777,3.1787,3.1857,3.1857,3.1827,3.1837,10
2026-07-02 21:47:00,3.1777,3.1787,3.1777,3.1787,3.1827,3.1837,3.1827,3.1837,3
2026-07-02 21:48:00,3.1777,3.1787,3.1777,3.1787,3.1827,3.1837,3.1827,3.1837,5
2026-07-02 21:49:00,3.1782,3.1787,3.1777,3.1777,3.1832,3.1837,3.1827,3.1827,5
2026-07-02 21:50:00,3.1787,3.1787,3.1767,3.1777,3.1837,3.1837,3.1817,3.1827,4
2026-07-02 21:51:00,3.1767,3.1777,3.1767,3.1777,3.1817,3.1827,3.1817,3.1827,4
2026-07-02 21:52:00,3.1787,3.1797,3.1787,3.1787,3.1837,3.1847,3.1837,3.1837,3
2026-07-02 21:53:00,3.1797,3.1887,3.1797,3.1877,3.1847,3.1937,3.1847,3.1927,30
2026-07-02 21:54:00,3.1887,3.1887,3.1867,3.1867,3.1937,3.1937,3.1917,3.1917,5
2026-07-02 21:55:00,3.1872,3.1887,3.1847,3.1857,3.1922,3.1937,3.1897,3.1907,27
2026-07-02 21:56:00,3.1862,3.1877,3.1857,3.1867,3.1912,3.1927,3.1907,3.1917,8
2026-07-02 21:57:00,3.1877,3.1877,3.1847,3.1857,3.1927,3.1927,3.1897,3.1907,9
2026-07-02 21:58:00,3.1867,3.1867,3.1847,3.1857,3.1917,3.1917,3.1897,3.1907,17
2026-07-02 21:59:00,3.1847,3.1847,3.1827,3.1847,3.1897,3.1897,3.1877,3.1897,19
2026-07-02 22:00:00,3.1857,3.1857,3.1842,3.1847,3.1907,3.1907,3.1892,3.1897,7
2026-07-02 22:01:00,3.1842,3.1842,3.1832,3.1842,3.1892,3.1892,3.1882,3.1892,9
2026-07-02 22:02:00,3.1837,3.1837,3.1837,3.1837,3.1887,3.1887,3.1887,3.1887,1
2026-07-02 22:04:00,3.1852,3.1852,3.1847,3.1847,3.1902,3.1902,3.1897,3.1897,2
2026-07-02 22:05:00,3.1852,3.1867,3.1852,3.1862,3.1902,3.1917,3.1902,3.1912,5
2026-07-02 22:06:00,3.1867,3.1867,3.1857,3.1857,3.1917,3.1917,3.1907,3.1907,6
2026-07-02 22:09:00,3.1867,3.1867,3.1857,3.1857,3.1917,3.1917,3.1907,3.1907,4
2026-07-02 22:10:00,3.1847,3.1857,3.1847,3.1847,3.1897,3.1907,3.1897,3.1897,6
2026-07-02 22:11:00,3.1837,3.1837,3.1837,3.1837,3.1887,3.1887,3.1887,3.1887,1
2026-07-02 22:12:00,3.1847,3.1847,3.1827,3.1837,3.1897,3.1897,3.1877,3.1887,4
2026-07-02 22:13:00,3.1827,3.1827,3.1817,3.1827,3.1877,3.1877,3.1867,3.1877,3
2026-07-02 22:14:00,3.1822,3.1827,3.1822,3.1827,3.1872,3.1877,3.1872,3.1877,2
2026-07-02 22:15:00,3.1817,3.1817,3.1807,3.1807,3.1867,3.1867,3.1857,3.1857,4
2026-07-02 22:16:00,3.1797,3.1807,3.1797,3.1797,3.1847,3.1857,3.1847,3.1847,3
2026-07-02 22:17:00,3.1787,3.1802,3.1787,3.1802,3.1837,3.1852,3.1837,3.1852,6
2026-07-02 22:18:00,3.1797,3.1807,3.1797,3.1807,3.1847,3.1857,3.1847,3.1857,2
2026-07-02 22:19:00,3.1797,3.1807,3.1797,3.1807,3.1847,3.1857,3.1847,3.1857,6
2026-07-02 22:20:00,3.1802,3.1802,3.1797,3.1797,3.1852,3.1852,3.1847,3.1847,4
2026-07-02 22:22:00,3.1802,3.1802,3.1802,3.1802,3.1852,3.1852,3.1852,3.1852,1
2026-07-02 22:23:00,3.1797,3.1807,3.1797,3.1797,3.1847,3.1857,3.1847,3.1847,4
2026-07-02 22:24:00,3.1802,3.1802,3.1797,3.1797,3.1852,3.1852,3.1847,3.1847,2
2026-07-02 22:25:00,3.1792,3.1792,3.1787,3.1787,3.1842,3.1842,3.1837,3.1837,2
2026-07-02 22:26:00,3.1797,3.1797,3.1787,3.1797,3.1847,3.1847,3.1837,3.1847,6
2026-07-02 22:29:00,3.1802,3.1802,3.1792,3.1792,3.1852,3.1852,3.1842,3.1842,3
2026-07-02 22:30:00,3.1787,3.1797,3.1787,3.1787,3.1837,3.1847,3.1837,3.1837,5
2026-07-02 22:31:00,3.1797,3.1797,3.1792,3.1797,3.1847,3.1847,3.1842,3.1847,7
2026-07-02 22:33:00,3.1807,3.1827,3.1807,3.1827,3.1857,3.1877,3.1857,3.1877,4
2026-07-02 22:34:00,3.1817,3.1832,3.1807,3.1807,3.1867,3.1882,3.1857,3.1857,7
2026-07-02 22:35:00,3.1797,3.1807,3.1797,3.1797,3.1847,3.1857,3.1847,3.1847,6
2026-07-02 22:36:00,3.1802,3.1802,3.1797,3.1802,3.1852,3.1852,3.1847,3.1852,5
2026-07-02 22:37:00,3.1797,3.1797,3.1772,3.1772,3.1847,3.1847,3.1822,3.1822,5
2026-07-02 22:38:00,3.1777,3.1777,3.1767,3.1777,3.1827,3.1827,3.1817,3.1827,3
2026-07-02 22:39:00,3.1787,3.1787,3.1787,3.1787,3.1837,3.1837,3.1837,3.1837,1
2026-07-02 22:40:00,3.1797,3.1797,3.1787,3.1787,3.1847,3.1847,3.1837,3.1837,6
2026-07-02 22:41:00,3.1792,3.1797,3.1787,3.1792,3.1842,3.1847,3.1837,3.1842,4
2026-07-02 22:42:00,3.1787,3.1787,3.1787,3.1787,3.1837,3.1837,3.1837,3.1837,1
2026-07-02 22:43:00,3.1797,3.1797,3.1787,3.1787,3.1847,3.1847,3.1837,3.1837,7
2026-07-02 22:44:00,3.1797,3.1797,3.1787,3.1787,3.1847,3.1847,3.1837,3.1837,2
2026-07-02 22:45:00,3.1777,3.1782,3.1757,3.1782,3.1827,3.1832,3.1807,3.1832,10
2026-07-02 22:46:00,3.1787,3.1787,3.1777,3.1777,3.1837,3.1837,3.1827,3.1827,3
2026-07-02 22:48:00,3.1782,3.1787,3.1777,3.1777,3.1832,3.1837,3.1827,3.1827,7
2026-07-02 22:49:00,3.1782,3.1787,3.1777,3.1777,3.1832,3.1837,3.1827,3.1827,3
2026-07-02 22:50:00,3.1787,3.1787,3.1782,3.1787,3.1837,3.1837,3.1832,3.1837,3
2026-07-02 22:52:00,3.1792,3.1797,3.1792,3.1797,3.1842,3.1847,3.1842,3.1847,2
2026-07-02 22:53:00,3.1792,3.1807,3.1792,3.1797,3.1842,3.1857,3.1842,3.1847,7
2026-07-02 22:54:00,3.1787,3.1787,3.1757,3.1767,3.1837,3.1837,3.1807,3.1817,7
2026-07-02 22:55:00,3.1772,3.1777,3.1772,3.1777,3.1822,3.1827,3.1822,3.1827,2
2026-07-02 22:56:00,3.1772,3.1772,3.1757,3.1757,3.1822,3.1822,3.1807,3.1807,15
2026-07-02 22:57:00,3.1767,3.1767,3.1737,3.1752,3.1817,3.1817,3.1787,3.1802,18
2026-07-02 22:58:00,3.1762,3.1767,3.1762,3.1767,3.1812,3.1817,3.1812,3.1817,2
2026-07-02 22:59:00,3.1752,3.1757,3.1666,3.1676,3.1802,3.1807,3.1705,3.1726,32
2026-07-03 00:00:00,3.1661,3.1801,3.1661,3.1731,3.1711,3.1851,3.1711,3.1781,23
2026-07-03 00:01:00,3.1726,3.1726,3.1696,3.1701,3.1776,3.1776,3.1746,3.1751,7
2026-07-03 00:02:00,3.1706,3.1706,3.1706,3.1706,3.1756,3.1756,3.1756,3.1756,1
2026-07-03 00:03:00,3.1696,3.1726,3.1696,3.1706,3.1746,3.1776,3.1746,3.1756,10
2026-07-03 00:04:00,3.1716,3.1716,3.1696,3.1696,3.1766,3.1766,3.1746,3.1746,3
2026-07-03 00:05:00,3.1686,3.1696,3.1686,3.1696,3.1736,3.1746,3.1736,3.1746,2
2026-07-03 00:06:00,3.1691,3.1691,3.1676,3.1676,3.1741,3.1741,3.1726,3.1726,3
2026-07-03 00:08:00,3.1656,3.1676,3.1656,3.1676,3.1706,3.1726,3.1706,3.1726,3
2026-07-03 00:10:00,3.1671,3.1671,3.1656,3.1656,3.1721,3.1721,3.1706,3.1706,4
2026-07-03 00:12:00,3.1661,3.1666,3.1661,3.1666,3.1711,3.1716,3.1711,3.1716,2
2026-07-03 00:13:00,3.1661,3.1661,3.1661,3.1661,3.1711,3.1711,3.1711,3.1711,1
2026-07-03 00:15:00,3.1666,3.1686,3.1666,3.1686,3.1716,3.1736,3.1716,3.1736,3
2026-07-03 00:16:00,3.1676,3.1676,3.1676,3.1676,3.1726,3.1726,3.1726,3.1726,1
2026-07-03 00:21:00,3.1671,3.1671,3.1666,3.1666,3.1721,3.1721,3.1716,3.1716,2
2026-07-03 00:25:00,3.1656,3.1686,3.1656,3.1681,3.1706,3.1736,3.1706,3.1731,6
2026-07-03 00:26:00,3.1686,3.1691,3.1686,3.1691,3.1736,3.1741,3.1736,3.1741,2
2026-07-03 00:27:00,3.1696,3.1706,3.1696,3.1706,3.1746,3.1756,3.1746,3.1756,2
2026-07-03 00:30:00,3.1701,3.1701,3.1696,3.1696,3.1751,3.1751,3.1746,3.1746,2
2026-07-03 00:35:00,3.1706,3.1706,3.1706,3.1706,3.1756,3.1756,3.1756,3.1756,1
2026-07-03 00:37:00,3.1701,3.1701,3.1701,3.1701,3.1751,3.1751,3.1751,3.1751,1
2026-07-03 00:38:00,3.1706,3.1706,3.1706,3.1706,3.1756,3.1756,3.1756,3.1756,1
2026-07-03 00:40:00,3.1711,3.1711,3.1711,3.1711,3.1761,3.1761,3.1761,3.1761,1
2026-07-03 00:42:00,3.1706,3.1706,3.1701,3.1701,3.1756,3.1756,3.1751,3.1751,2
2026-07-03 00:47:00,3.1696,3.1696,3.1696,3.1696,3.1746,3.1746,3.1746,3.1746,1
2026-07-03 00:57:00,3.1706,3.1706,3.1706,3.1706,3.1756,3.1756,3.1756,3.1756,1
2026-07-03 01:04:00,3.1701,3.1701,3.1701,3.1701,3.1751,3.1751,3.1751,3.1751,1
2026-07-03 01:11:00,3.1706,3.1726,3.1696,3.1721,3.1756,3.1776,3.1746,3.1771,7
2026-07-03 01:12:00,3.1716,3.1721,3.1716,3.1716,3.1766,3.1771,3.1766,3.1766,3
2026-07-03 01:15:00,3.1706,3.1706,3.1706,3.1706,3.1756,3.1756,3.1756,3.1756,1
2026-07-03 01:16:00,3.1696,3.1696,3.1691,3.1691,3.1746,3.1746,3.1741,3.1741,2
2026-07-03 01:19:00,3.1686,3.1686,3.1686,3.1686,3.1736,3.1736,3.1736,3.1736,1
2026-07-03 01:20:00,3.1681,3.1681,3.1681,3.1681,3.1731,3.1731,3.1731,3.1731,1
2026-07-03 01:21:00,3.1686,3.1686,3.1686,3.1686,3.1736,3.1736,3.1736,3.1736,1
2026-07-03 01:22:00,3.1681,3.1686,3.1681,3.1686,3.1731,3.1736,3.1731,3.1736,2
2026-07-03 01:24:00,3.1696,3.1696,3.1696,3.1696,3.1746,3.1746,3.1746,3.1746,1
2026-07-03 01:25:00,3.1691,3.1691,3.1691,3.1691,3.1741,3.1741,3.1741,3.1741,1
2026-07-03 01:26:00,3.1696,3.1696,3.1696,3.1696,3.1746,3.1746,3.1746,3.1746,1
2026-07-03 01:27:00,3.1686,3.1691,3.1686,3.1686,3.1736,3.1741,3.1736,3.1736,3
2026-07-03 01:30:00,3.1696,3.1696,3.1696,3.1696,3.1746,3.1746,3.1746,3.1746,1
2026-07-03 01:43:00,3.1691,3.1691,3.1691,3.1691,3.1741,3.1741,3.1741,3.1741,1
2026-07-03 01:44:00,3.1696,3.1696,3.1696,3.1696,3.1746,3.1746,3.1746,3.1746,1
2026-07-03 01:50:00,3.1686,3.1686,3.1686,3.1686,3.1736,3.1736,3.1736,3.1736,1
2026-07-03 01:51:00,3.1681,3.1681,3.1676,3.1681,3.1731,3.1731,3.1726,3.1731,3
2026-07-03 01:53:00,3.1671,3.1671,3.1671,3.1671,3.1721,3.1721,3.1721,3.1721,1
2026-07-03 01:54:00,3.1676,3.1676,3.1671,3.1671,3.1726,3.1726,3.1721,3.1721,2
2026-07-03 01:56:00,3.1666,3.1676,3.1666,3.1676,3.1716,3.1726,3.1716,3.1726,3
2026-07-03 01:57:00,3.1671,3.1671,3.1671,3.1671,3.1721,3.1721,3.1721,3.1721,1
2026-07-03 01:58:00,3.1666,3.1666,3.1656,3.1666,3.1716,3.1716,3.1706,3.1716,4
2026-07-03 01:59:00,3.1661,3.1666,3.1661,3.1666,3.1711,3.1716,3.1711,3.1716,2
2026-07-03 02:00:00,3.1656,3.1656,3.1651,3.1656,3.1706,3.1706,3.1701,3.1706,3
2026-07-03 02:01:00,3.1661,3.1686,3.1661,3.1686,3.1711,3.1736,3.1711,3.1736,5
2026-07-03 02:02:00,3.1681,3.1681,3.1676,3.1681,3.1731,3.1731,3.1726,3.1731,3
2026-07-03 02:03:00,3.1676,3.1676,3.1676,3.1676,3.1726,3.1726,3.1726,3.1726,1
2026-07-03 02:04:00,3.1686,3.1706,3.1676,3.1686,3.1736,3.1756,3.1726,3.1736,10
2026-07-03 02:06:00,3.1681,3.1681,3.1676,3.1676,3.1731,3.1731,3.1726,3.1726,2
2026-07-03 02:07:00,3.1681,3.1686,3.1676,3.1681,3.1731,3.1736,3.1726,3.1731,7
2026-07-03 02:09:00,3.1686,3.1686,3.1686,3.1686,3.1736,3.1736,3.1736,3.1736,1
2026-07-03 02:11:00,3.1696,3.1701,3.1696,3.1701,3.1746,3.1751,3.1746,3.1751,2
2026-07-03 02:12:00,3.1686,3.1691,3.1686,3.1691,3.1736,3.1741,3.1736,3.1741,2
2026-07-03 02:13:00,3.1696,3.1726,3.1691,3.1726,3.1746,3.1776,3.1741,3.1776,6
2026-07-03 02:14:00,3.1731,3.1731,3.1716,3.1716,3.1781,3.1781,3.1766,3.1766,3
2026-07-03 02:16:00,3.1721,3.1726,3.1721,3.1726,3.1771,3.1776,3.1771,3.1776,2
2026-07-03 02:17:00,3.1721,3.1721,3.1721,3.1721,3.1771,3.1771,3.1771,3.1771,1
2026-07-03 02:20:00,3.1726,3.1731,3.1726,3.1731,3.1776,3.1781,3.1776,3.1781,4
2026-07-03 02:21:00,3.1726,3.1731,3.1726,3.1731,3.1776,3.1781,3.1776,3.1781,2
2026-07-03 02:25:00,3.1726,3.1726,3.1726,3.1726,3.1776,3.1776,3.1776,3.1776,1
2026-07-03 02:26:00,3.1731,3.1731,3.1731,3.1731,3.1781,3.1781,3.1781,3.1781,1
2026-07-03 02:29:00,3.1721,3.1721,3.1716,3.1716,3.1771,3.1771,3.1766,3.1766,2
2026-07-03 02:30:00,3.1706,3.1716,3.1706,3.1716,3.1756,3.1766,3.1756,3.1766,2
2026-07-03 02:31:00,3.1721,3.1726,3.1721,3.1726,3.1771,3.1776,3.1771,3.1776,2
2026-07-03 02:32:00,3.1721,3.1721,3.1716,3.1716,3.1771,3.1771,3.1766,3.1766,2
2026-07-03 02:33:00,3.1721,3.1721,3.1721,3.1721,3.1771,3.1771,3.1771,3.1771,1
2026-07-03 02:37:00,3.1726,3.1726,3.1726,3.1726,3.1776,3.1776,3.1776,3.1776,1
2026-07-03 02:38:00,3.1721,3.1721,3.1721,3.1721,3.1771,3.1771,3.1771,3.1771,1
2026-07-03 02:41:00,3.1716,3.1716,3.1716,3.1716,3.1766,3.1766,3.1766,3.1766,1
2026-07-03 02:45:00,3.1721,3.1721,3.1716,3.1716,3.1771,3.1771,3.1766,3.1766,2
2026-07-03 02:47:00,3.1721,3.1721,3.1716,3.1721,3.1771,3.1771,3.1766,3.1771,5
2026-07-03 02:50:00,3.1716,3.1716,3.1706,3.1711,3.1766,3.1766,3.1756,3.1761,5
2026-07-03 02:51:00,3.1716,3.1716,3.1716,3.1716,3.1766,3.1766,3.1766,3.1766,1
2026-07-03 02:52:00,3.1711,3.1711,3.1706,3.1706,3.1761,3.1761,3.1756,3.1756,2
2026-07-03 02:56:00,3.1711,3.1711,3.1706,3.1711,3.1761,3.1761,3.1756,3.1761,3
2026-07-03 02:58:00,3.1706,3.1706,3.1706,3.1706,3.1756,3.1756,3.1756,3.1756,1
2026-07-03 03:00:00,3.1716,3.1756,3.1716,3.1746,3.1766,3.1806,3.1766,3.1796,12
2026-07-03 03:01:00,3.1736,3.1736,3.1736,3.1736,3.1786,3.1786,3.1786,3.1786,1
2026-07-03 03:03:00,3.1741,3.1741,3.1741,3.1741,3.1791,3.1791,3.1791,3.1791,1
2026-07-03 03:04:00,3.1736,3.1736,3.1736,3.1736,3.1786,3.1786,3.1786,3.1786,1
2026-07-03 03:05:00,3.1746,3.1766,3.1746,3.1761,3.1796,3.1816,3.1796,3.1811,10
2026-07-03 03:06:00,3.1766,3.1766,3.1766,3.1766,3.1816,3.1816,3.1816,3.1816,1
2026-07-03 03:07:00,3.1761,3.1771,3.1761,3.1771,3.1811,3.1821,3.1811,3.1821,7
2026-07-03 03:08:00,3.1776,3.1776,3.1771,3.1771,3.1826,3.1826,3.1821,3.1821,4
2026-07-03 03:09:00,3.1776,3.1786,3.1771,3.1781,3.1826,3.1836,3.1821,3.1831,11
2026-07-03 03:10:00,3.1776,3.1781,3.1756,3.1756,3.1826,3.1831,3.1806,3.1806,9
2026-07-03 03:11:00,3.1761,3.1766,3.1761,3.1766,3.1811,3.1816,3.1811,3.1816,4
2026-07-03 03:12:00,3.1761,3.1766,3.1761,3.1761,3.1811,3.1816,3.1811,3.1811,3
2026-07-03 03:13:00,3.1766,3.1781,3.1766,3.1781,3.1816,3.1831,3.1816,3.1831,3
2026-07-03 03:14:00,3.1786,3.1786,3.1781,3.1781,3.1836,3.1836,3.1831,3.1831,2
2026-07-03 03:15:00,3.1776,3.1776,3.1771,3.1771,3.1826,3.1826,3.1821,3.1821,2
2026-07-03 03:16:00,3.1766,3.1766,3.1766,3.1766,3.1816,3.1816,3.1816,3.1816,1
2026-07-03 03:17:00,3.1756,3.1756,3.1736,3.1736,3.1806,3.1806,3.1786,3.1786,3
2026-07-03 03:19:00,3.1726,3.1726,3.1726,3.1726,3.1776,3.1776,3.1776,3.1776,1
2026-07-03 03:23:00,3.1736,3.1746,3.1736,3.1736,3.1786,3.1796,3.1786,3.1786,3
2026-07-03 03:24:00,3.1741,3.1766,3.1741,3.1741,3.1791,3.1816,3.1791,3.1791,10
2026-07-03 03:25:00,3.1736,3.1741,3.1736,3.1736,3.1786,3.1791,3.1786,3.1786,3
2026-07-03 03:26:00,3.1726,3.1736,3.1726,3.1726,3.1776,3.1786,3.1776,3.1776,4
2026-07-03 03:29:00,3.1716,3.1746,3.1716,3.1746,3.1766,3.1796,3.1766,3.1796,5
2026-07-03 03:30:00,3.1741,3.1741,3.1741,3.1741,3.1791,3.1791,3.1791,3.1791,1
2026-07-03 03:31:00,3.1746,3.1746,3.1746,3.1746,3.1796,3.1796,3.1796,3.1796,1
2026-07-03 03:32:00,3.1741,3.1746,3.1741,3.1746,3.1791,3.1796,3.1791,3.1796,2
2026-07-03 03:34:00,3.1741,3.1741,3.1741,3.1741,3.1791,3.1791,3.1791,3.1791,1
2026-07-03 03:35:00,3.1736,3.1741,3.1736,3.1736,3.1786,3.1791,3.1786,3.1786,3
2026-07-03 03:36:00,3.1741,3.1756,3.1741,3.1751,3.1791,3.1806,3.1791,3.1801,7
2026-07-03 03:37:00,3.1746,3.1746,3.1726,3.1726,3.1796,3.1796,3.1776,3.1776,3
2026-07-03 03:38:00,3.1716,3.1716,3.1706,3.1711,3.1766,3.1766,3.1756,3.1761,3
2026-07-03 03:39:00,3.1716,3.1726,3.1716,3.1721,3.1766,3.1776,3.1766,3.1771,3
2026-07-03 03:40:00,3.1726,3.1726,3.1726,3.1726,3.1776,3.1776,3.1776,3.1776,1
2026-07-03 03:41:00,3.1736,3.1736,3.1736,3.1736,3.1786,3.1786,3.1786,3.1786,1
2026-07-03 03:42:00,3.1746,3.1751,3.1746,3.1751,3.1796,3.1801,3.1796,3.1801,2
2026-07-03 03:43:00,3.1746,3.1746,3.1746,3.1746,3.1796,3.1796,3.1796,3.1796,1
2026-07-03 03:44:00,3.1751,3.1756,3.1746,3.1746,3.1801,3.1806,3.1796,3.1796,3
2026-07-03 03:45:00,3.1741,3.1741,3.1731,3.1731,3.1791,3.1791,3.1781,3.1781,2
2026-07-03 03:46:00,3.1726,3.1736,3.1726,3.1736,3.1776,3.1786,3.1776,3.1786,2
2026-07-03 03:47:00,3.1741,3.1741,3.1741,3.1741,3.1791,3.1791,3.1791,3.1791,1
2026-07-03 03:48:00,3.1746,3.1756,3.1746,3.1756,3.1796,3.1806,3.1796,3.1806,2
2026-07-03 03:49:00,3.1751,3.1756,3.1746,3.1756,3.1801,3.1806,3.1796,3.1806,4
2026-07-03 03:50:00,3.1751,3.1766,3.1746,3.1766,3.1801,3.1816,3.1796,3.1816,6
2026-07-03 03:51:00,3.1761,3.1761,3.1761,3.1761,3.1811,3.1811,3.1811,3.1811,1
2026-07-03 03:52:00,3.1766,3.1766,3.1766,3.1766,3.1816,3.1816,3.1816,3.1816,1
2026-07-03 03:57:00,3.1776,3.1776,3.1766,3.1776,3.1826,3.1826,3.1816,3.1826,8
2026-07-03 03:58:00,3.1766,3.1776,3.1766,3.1776,3.1816,3.1826,3.1816,3.1826,3
2026-07-03 03:59:00,3.1771,3.1776,3.1771,3.1776,3.1821,3.1826,3.1821,3.1826,2
2026-07-03 04:00:00,3.1766,3.1776,3.1766,3.1776,3.1816,3.1826,3.1816,3.1826,3
2026-07-03 04:01:00,3.1771,3.1771,3.1771,3.1771,3.1821,3.1821,3.1821,3.1821,1
2026-07-03 04:02:00,3.1766,3.1771,3.1766,3.1766,3.1816,3.1821,3.1816,3.1816,3
2026-07-03 04:04:00,3.1756,3.1756,3.1756,3.1756,3.1806,3.1806,3.1806,3.1806,1
2026-07-03 04:05:00,3.1746,3.1766,3.1746,3.1766,3.1796,3.1816,3.1796,3.1816,5
2026-07-03 04:07:00,3.1756,3.1766,3.1736,3.1736,3.1806,3.1816,3.1786,3.1786,8
2026-07-03 04:08:00,3.1746,3.1746,3.1746,3.1746,3.1796,3.1796,3.1796,3.1796,1
2026-07-03 04:09:00,3.1741,3.1746,3.1741,3.1741,3.1791,3.1796,3.1791,3.1791,3
2026-07-03 04:10:00,3.1736,3.1746,3.1736,3.1741,3.1786,3.1796,3.1786,3.1791,3
2026-07-03 04:13:00,3.1746,3.1746,3.1746,3.1746,3.1796,3.1796,3.1796,3.1796,1
2026-07-03 04:14:00,3.1736,3.1816,3.1736,3.1796,3.1786,3.1866,3.1786,3.1846,24
2026-07-03 04:15:00,3.1801,3.1801,3.1786,3.1786,3.1851,3.1851,3.1836,3.1836,3
2026-07-03 04:16:00,3.1776,3.1786,3.1776,3.1786,3.1826,3.1836,3.1826,3.1836,3
2026-07-03 04:17:00,3.1781,3.1781,3.1776,3.1776,3.1831,3.1831,3.1826,3.1826,2
2026-07-03 04:22:00,3.1766,3.1776,3.1766,3.1776,3.1816,3.1826,3.1816,3.1826,2
2026-07-03 04:28:00,3.1766,3.1766,3.1766,3.1766,3.1816,3.1816,3.1816,3.1816,1
2026-07-03 04:30:00,3.1776,3.1776,3.1766,3.1766,3.1826,3.1826,3.1816,3.1816,2
2026-07-03 04:37:00,3.1756,3.1756,3.1756,3.1756,3.1806,3.1806,3.1806,3.1806,1
2026-07-03 04:38:00,3.1746,3.1756,3.1746,3.1751,3.1796,3.1806,3.1796,3.1801,3
2026-07-03 04:39:00,3.1746,3.1746,3.1716,3.1716,3.1796,3.1796,3.1766,3.1766,8
2026-07-03 04:40:00,3.1711,3.1711,3.1686,3.1706,3.1761,3.1761,3.1736,3.1756,9
2026-07-03 04:41:00,3.1701,3.1706,3.1686,3.1706,3.1751,3.1756,3.1736,3.1756,6
2026-07-03 04:42:00,3.1711,3.1726,3.1711,3.1726,3.1761,3.1776,3.1761,3.1776,5
2026-07-03 04:44:00,3.1716,3.1716,3.1716,3.1716,3.1766,3.1766,3.1766,3.1766,1
2026-07-03 04:45:00,3.1726,3.1726,3.1716,3.1716,3.1776,3.1776,3.1766,3.1766,3
2026-07-03 04:46:00,3.1706,3.1706,3.1706,3.1706,3.1756,3.1756,3.1756,3.1756,1
2026-07-03 04:51:00,3.1701,3.1701,3.1696,3.1696,3.1751,3.1751,3.1746,3.1746,2
2026-07-03 04:52:00,3.1686,3.1686,3.1686,3.1686,3.1736,3.1736,3.1736,3.1736,1
2026-07-03 04:55:00,3.1696,3.1696,3.1676,3.1686,3.1746,3.1746,3.1726,3.1736,7
2026-07-03 04:56:00,3.1681,3.1681,3.1676,3.1676,3.1731,3.1731,3.1726,3.1726,2
2026-07-03 04:58:00,3.1681,3.1681,3.1681,3.1681,3.1731,3.1731,3.1731,3.1731,1
2026-07-03 04:59:00,3.1686,3.1686,3.1681,3.1681,3.1736,3.1736,3.1731,3.1731,2
2026-07-03 05:00:00,3.1686,3.1686,3.1686,3.1686,3.1736,3.1736,3.1736,3.1736,1
2026-07-03 05:03:00,3.1696,3.1696,3.1686,3.1696,3.1746,3.1746,3.1736,3.1746,6
2026-07-03 05:04:00,3.1691,3.1691,3.1691,3.1691,3.1741,3.1741,3.1741,3.1741,1
2026-07-03 05:06:00,3.1696,3.1696,3.1696,3.1696,3.1746,3.1746,3.1746,3.1746,1
2026-07-03 05:07:00,3.1706,3.1706,3.1706,3.1706,3.1756,3.1756,3.1756,3.1756,1
2026-07-03 05:11:00,3.1711,3.1716,3.1711,3.1716,3.1761,3.1766,3.1761,3.1766,2
2026-07-03 05:12:00,3.1721,3.1726,3.1716,3.1726,3.1771,3.1776,3.1766,3.1776,5
2026-07-03 05:16:00,3.1716,3.1716,3.1716,3.1716,3.1766,3.1766,3.1766,3.1766,1
2026-07-03 05:20:00,3.1721,3.1721,3.1716,3.1716,3.1771,3.1771,3.1766,3.1766,2
2026-07-03 05:23:00,3.1711,3.1711,3.1706,3.1706,3.1761,3.1761,3.1756,3.1756,2
2026-07-03 05:24:00,3.1696,3.1696,3.1696,3.1696,3.1746,3.1746,3.1746,3.1746,1
2026-07-03 05:26:00,3.1706,3.1706,3.1701,3.1706,3.1756,3.1756,3.1751,3.1756,7
2026-07-03 05:28:00,3.1701,3.1701,3.1701,3.1701,3.1751,3.1751,3.1751,3.1751,1
2026-07-03 05:29:00,3.1706,3.1706,3.1701,3.1706,3.1756,3.1756,3.1751,3.1756,7
2026-07-03 05:30:00,3.1701,3.1706,3.1696,3.1696,3.1751,3.1756,3.1746,3.1746,4
2026-07-03 05:31:00,3.1706,3.1726,3.1706,3.1716,3.1756,3.1776,3.1756,3.1766,6
2026-07-03 05:32:00,3.1706,3.1706,3.1706,3.1706,3.1756,3.1756,3.1756,3.1756,1
2026-07-03 05:33:00,3.1711,3.1711,3.1711,3.1711,3.1761,3.1761,3.1761,3.1761,1
2026-07-03 05:34:00,3.1716,3.1716,3.1716,3.1716,3.1766,3.1766,3.1766,3.1766,1
2026-07-03 05:36:00,3.1711,3.1726,3.1711,3.1726,3.1761,3.1776,3.1761,3.1776,4
2026-07-03 05:37:00,3.1736,3.1736,3.1726,3.1736,3.1786,3.1786,3.1776,3.1786,5
2026-07-03 05:38:00,3.1746,3.1766,3.1746,3.1756,3.1796,3.1816,3.1796,3.1806,4
2026-07-03 05:39:00,3.1751,3.1751,3.1726,3.1726,3.1801,3.1801,3.1776,3.1776,6
2026-07-03 05:40:00,3.1736,3.1736,3.1726,3.1726,3.1786,3.1786,3.1776,3.1776,5
2026-07-03 05:42:00,3.1731,3.1731,3.1726,3.1726,3.1781,3.1781,3.1776,3.1776,2
2026-07-03 05:46:00,3.1716,3.1751,3.1716,3.1751,3.1766,3.1801,3.1766,3.1801,7
2026-07-03 05:47:00,3.1746,3.1766,3.1746,3.1766,3.1796,3.1816,3.1796,3.1816,4
2026-07-03 05:48:00,3.1771,3.1786,3.1771,3.1786,3.1821,3.1836,3.1821,3.1836,3
2026-07-03 05:49:00,3.1791,3.1836,3.1786,3.1806,3.1841,3.1886,3.1836,3.1856,16
2026-07-03 05:50:00,3.1801,3.1806,3.1796,3.1806,3.1851,3.1856,3.1846,3.1856,5
2026-07-03 05:51:00,3.1801,3.1801,3.1796,3.1796,3.1851,3.1851,3.1846,3.1846,2
2026-07-03 05:53:00,3.1786,3.1796,3.1786,3.1796,3.1836,3.1846,3.1836,3.1846,2
2026-07-03 05:54:00,3.1801,3.1801,3.1796,3.1801,3.1851,3.1851,3.1846,3.1851,3
2026-07-03 05:55:00,3.1806,3.1806,3.1806,3.1806,3.1856,3.1856,3.1856,3.1856,1
2026-07-03 05:56:00,3.1811,3.1816,3.1806,3.1816,3.1861,3.1866,3.1856,3.1866,3
2026-07-03 05:57:00,3.1806,3.1841,3.1806,3.1836,3.1856,3.1891,3.1856,3.1886,7
2026-07-03 05:58:00,3.1826,3.1826,3.1826,3.1826,3.1876,3.1876,3.1876,3.1876,1
2026-07-03 05:59:00,3.1816,3.1836,3.1816,3.1836,3.1866,3.1886,3.1866,3.1886,4
2026-07-03 06:00:00,3.1841,3.1886,3.1841,3.1866,3.1891,3.1936,3.1891,3.1916,23
2026-07-03 06:01:00,3.1876,3.1876,3.1866,3.1876,3.1926,3.1926,3.1916,3.1926,8
2026-07-03 06:02:00,3.1886,3.1896,3.1876,3.1896,3.1936,3.1946,3.1926,3.1946,7
2026-07-03 06:03:00,3.1906,3.1946,3.1906,3.1911,3.1956,3.1996,3.1956,3.1961,16
2026-07-03 06:04:00,3.1916,3.1926,3.1906,3.1916,3.1966,3.1976,3.1956,3.1966,13
2026-07-03 06:05:00,3.1906,3.1926,3.1896,3.1896,3.1956,3.1976,3.1946,3.1946,12
2026-07-03 06:06:00,3.1886,3.1891,3.1866,3.1866,3.1936,3.1941,3.1916,3.1916,8
2026-07-03 06:07:00,3.1876,3.1886,3.1876,3.1886,3.1926,3.1936,3.1926,3.1936,2
2026-07-03 06:10:00,3.1891,3.1891,3.1886,3.1886,3.1941,3.1941,3.1936,3.1936,2
2026-07-03 06:11:00,3.1881,3.1881,3.1856,3.1866,3.1931,3.1931,3.1906,3.1916,6
2026-07-03 06:14:00,3.1856,3.1856,3.1836,3.1836,3.1906,3.1906,3.1886,3.1886,7
2026-07-03 06:15:00,3.1846,3.1846,3.1846,3.1846,3.1896,3.1896,3.1896,3.1896,1
2026-07-03 06:16:00,3.1856,3.1856,3.1846,3.1846,3.1906,3.1906,3.1896,3.1896,12
2026-07-03 06:17:00,3.1856,3.1856,3.1846,3.1856,3.1906,3.1906,3.1896,3.1906,3
2026-07-03 06:18:00,3.1846,3.1856,3.1846,3.1856,3.1896,3.1906,3.1896,3.1906,6
2026-07-03 06:19:00,3.1851,3.1856,3.1851,3.1856,3.1901,3.1906,3.1901,3.1906,4
2026-07-03 06:20:00,3.1851,3.1856,3.1851,3.1856,3.1901,3.1906,3.1901,3.1906,6
2026-07-03 06:21:00,3.1861,3.1866,3.1861,3.1866,3.1911,3.1916,3.1911,3.1916,2
2026-07-03 06:22:00,3.1871,3.1876,3.1871,3.1876,3.1921,3.1926,3.1921,3.1926,2
2026-07-03 06:24:00,3.1866,3.1871,3.1866,3.1871,3.1916,3.1921,3.1916,3.1921,2
2026-07-03 06:25:00,3.1876,3.1876,3.1871,3.1876,3.1926,3.1926,3.1921,3.1926,3
2026-07-03 06:26:00,3.1866,3.1866,3.1851,3.1851,3.1916,3.1916,3.1901,3.1901,5
2026-07-03 06:27:00,3.1846,3.1856,3.1846,3.1856,3.1896,3.1906,3.1896,3.1906,3
2026-07-03 06:30:00,3.1861,3.1861,3.1861,3.1861,3.1911,3.1911,3.1911,3.1911,1
2026-07-03 06:32:00,3.1866,3.1866,3.1866,3.1866,3.1916,3.1916,3.1916,3.1916,1
2026-07-03 06:34:00,3.1856,3.1866,3.1856,3.1866,3.1906,3.1916,3.1906,3.1916,3
2026-07-03 06:35:00,3.1876,3.1876,3.1856,3.1856,3.1926,3.1926,3.1906,3.1906,5
2026-07-03 06:36:00,3.1861,3.1866,3.1861,3.1866,3.1911,3.1916,3.1911,3.1916,12
2026-07-03 06:37:00,3.1876,3.1896,3.1876,3.1896,3.1926,3.1946,3.1926,3.1946,3
2026-07-03 06:40:00,3.1886,3.1886,3.1866,3.1871,3.1936,3.1936,3.1916,3.1921,12
2026-07-03 06:41:00,3.1881,3.1881,3.1876,3.1876,3.1931,3.1931,3.1926,3.1926,4
2026-07-03 06:47:00,3.1886,3.1901,3.1886,3.1896,3.1936,3.1951,3.1936,3.1946,8
2026-07-03 06:48:00,3.1906,3.1916,3.1901,3.1906,3.1956,3.1966,3.1951,3.1956,5
2026-07-03 06:49:00,3.1916,3.1916,3.1906,3.1911,3.1966,3.1966,3.1956,3.1961,4
2026-07-03 06:50:00,3.1906,3.1906,3.1906,3.1906,3.1956,3.1956,3.1956,3.1956,1
2026-07-03 06:51:00,3.1896,3.1906,3.1896,3.1896,3.1946,3.1956,3.1946,3.1946,4
2026-07-03 06:52:00,3.1891,3.1896,3.1891,3.1896,3.1941,3.1946,3.1941,3.1946,6
2026-07-03 06:56:00,3.1906,3.1906,3.1906,3.1906,3.1956,3.1956,3.1956,3.1956,1
2026-07-03 06:57:00,3.1901,3.1921,3.1896,3.1916,3.1951,3.1971,3.1946,3.1966,8
2026-07-03 06:58:00,3.1906,3.1906,3.1886,3.1901,3.1956,3.1956,3.1936,3.1951,7
2026-07-03 06:59:00,3.1896,3.1896,3.1896,3.1896,3.1946,3.1946,3.1946,3.1946,1
2026-07-03 07:00:00,3.1906,3.1906,3.1896,3.1901,3.1956,3.1956,3.1946,3.1951,4
2026-07-03 07:01:00,3.1906,3.1926,3.1906,3.1921,3.1956,3.1976,3.1956,3.1971,5
2026-07-03 07:02:00,3.1926,3.1926,3.1926,3.1926,3.1976,3.1976,3.1976,3.1976,1
2026-07-03 07:05:00,3.1936,3.1936,3.1936,3.1936,3.1986,3.1986,3.1986,3.1986,1
2026-07-03 07:06:00,3.1946,3.1946,3.1936,3.1946,3.1996,3.1996,3.1986,3.1996,3
2026-07-03 07:08:00,3.1956,3.1956,3.1956,3.1956,3.2006,3.2006,3.2006,3.2006,1
2026-07-03 07:09:00,3.1946,3.1946,3.1946,3.1946,3.1996,3.1996,3.1996,3.1996,1
2026-07-03 07:10:00,3.1951,3.1956,3.1946,3.1946,3.2001,3.2006,3.1996,3.1996,4
2026-07-03 07:11:00,3.1941,3.1941,3.1936,3.1936,3.1991,3.1991,3.1986,3.1986,2
2026-07-03 07:12:00,3.1946,3.1946,3.1936,3.1946,3.1996,3.1996,3.1986,3.1996,6
2026-07-03 07:13:00,3.1936,3.1946,3.1936,3.1946,3.1986,3.1996,3.1986,3.1996,2
2026-07-03 07:20:00,3.1951,3.1951,3.1951,3.1951,3.2001,3.2001,3.2001,3.2001,1
2026-07-03 07:21:00,3.1946,3.1956,3.1946,3.1946,3.1996,3.2006,3.1996,3.1996,3
2026-07-03 07:22:00,3.1956,3.1966,3.1956,3.1956,3.2006,3.2016,3.2006,3.2006,3
2026-07-03 07:25:00,3.1961,3.1966,3.1961,3.1966,3.2011,3.2016,3.2011,3.2016,2
2026-07-03 07:26:00,3.1956,3.1956,3.1951,3.1956,3.2006,3.2006,3.2001,3.2006,3
2026-07-03 07:34:00,3.1966,3.1986,3.1966,3.1976,3.2016,3.2036,3.2016,3.2026,6
2026-07-03 07:39:00,3.1966,3.1971,3.1966,3.1966,3.2016,3.2021,3.2016,3.2016,3
2026-07-03 07:43:00,3.1976,3.1976,3.1976,3.1976,3.2026,3.2026,3.2026,3.2026,1
2026-07-03 07:45:00,3.1966,3.1971,3.1966,3.1966,3.2016,3.2021,3.2016,3.2016,3
2026-07-03 07:46:00,3.1956,3.1966,3.1956,3.1956,3.2006,3.2016,3.2006,3.2006,9
2026-07-03 07:49:00,3.1966,3.1976,3.1966,3.1966,3.2016,3.2026,3.2016,3.2016,3
2026-07-03 07:50:00,3.1976,3.1986,3.1976,3.1981,3.2026,3.2036,3.2026,3.2031,4
2026-07-03 07:51:00,3.1976,3.1986,3.1976,3.1986,3.2026,3.2036,3.2026,3.2036,2
2026-07-03 07:52:00,3.1996,3.2026,3.1996,3.2016,3.2046,3.2076,3.2046,3.2066,9
2026-07-03 07:53:00,3.2026,3.2026,3.2006,3.2011,3.2076,3.2076,3.2056,3.2061,6
2026-07-03 07:54:00,3.2006,3.2026,3.2006,3.2026,3.2056,3.2076,3.2056,3.2076,4
2026-07-03 07:55:00,3.2031,3.2031,3.2026,3.2026,3.2081,3.2081,3.2076,3.2076,2
2026-07-03 07:57:00,3.2016,3.2046,3.2006,3.2026,3.2066,3.2096,3.2056,3.2076,16
2026-07-03 07:58:00,3.2016,3.2016,3.2006,3.2016,3.2066,3.2066,3.2056,3.2066,5
2026-07-03 08:00:00,3.2021,3.2046,3.1986,3.1986,3.2071,3.2096,3.2036,3.2036,18
2026-07-03 08:01:00,3.1976,3.1996,3.1976,3.1996,3.2026,3.2046,3.2026,3.2046,8
2026-07-03 08:02:00,3.2006,3.2006,3.1996,3.1996,3.2056,3.2056,3.2046,3.2046,3
2026-07-03 08:03:00,3.1986,3.1996,3.1986,3.1986,3.2036,3.2046,3.2036,3.2036,3
2026-07-03 08:04:00,3.1981,3.1996,3.1976,3.1996,3.2031,3.2046,3.2026,3.2046,4
2026-07-03 08:05:00,3.1986,3.2011,3.1986,3.2006,3.2036,3.2061,3.2036,3.2056,10
2026-07-03 08:06:00,3.2016,3.2016,3.2011,3.2016,3.2066,3.2066,3.2061,3.2066,3
2026-07-03 08:07:00,3.2021,3.2046,3.1986,3.2046,3.2071,3.2096,3.2036,3.2096,23
2026-07-03 08:08:00,3.2056,3.2056,3.2036,3.2046,3.2106,3.2106,3.2086,3.2096,4
2026-07-03 08:10:00,3.2051,3.2066,3.2046,3.2046,3.2101,3.2116,3.2096,3.2096,6
2026-07-03 08:11:00,3.2056,3.2056,3.2046,3.2046,3.2106,3.2106,3.2096,3.2096,2
2026-07-03 08:12:00,3.2056,3.2056,3.2051,3.2056,3.2106,3.2106,3.2101,3.2106,3
2026-07-03 08:13:00,3.2046,3.2056,3.2046,3.2046,3.2096,3.2106,3.2096,3.2096,10
2026-07-03 08:14:00,3.2051,3.2056,3.2051,3.2056,3.2101,3.2106,3.2101,3.2106,2
2026-07-03 08:15:00,3.2066,3.2066,3.2066,3.2066,3.2116,3.2116,3.2116,3.2116,1
2026-07-03 08:16:00,3.2056,3.2066,3.2056,3.2066,3.2106,3.2116,3.2106,3.2116,2
2026-07-03 08:18:00,3.2076,3.2106,3.2076,3.2096,3.2126,3.2156,3.2126,3.2146,11
2026-07-03 08:19:00,3.2106,3.2106,3.2106,3.2106,3.2156,3.2156,3.2156,3.2156,1
2026-07-03 08:23:00,3.2096,3.2136,3.2096,3.2136,3.2146,3.2186,3.2146,3.2186,13
2026-07-03 08:26:00,3.2146,3.2146,3.2146,3.2146,3.2196,3.2196,3.2196,3.2196,1
2026-07-03 08:27:00,3.2136,3.2136,3.2136,3.2136,3.2186,3.2186,3.2186,3.2186,1
2026-07-03 08:28:00,3.2146,3.2146,3.2126,3.2136,3.2196,3.2196,3.2176,3.2186,6
2026-07-03 08:29:00,3.2126,3.2126,3.2026,3.2066,3.2176,3.2176,3.2076,3.2116,35
2026-07-03 08:30:00,3.2056,3.2086,3.2056,3.2086,3.2106,3.2136,3.2106,3.2136,7
2026-07-03 08:31:00,3.2096,3.2106,3.2096,3.2096,3.2146,3.2156,3.2146,3.2146,3
2026-07-03 08:32:00,3.2106,3.2111,3.2106,3.2106,3.2156,3.2161,3.2156,3.2156,3
2026-07-03 08:33:00,3.2096,3.2096,3.2096,3.2096,3.2146,3.2146,3.2146,3.2146,1
2026-07-03 08:35:00,3.2106,3.2116,3.2106,3.2106,3.2156,3.2166,3.2156,3.2156,5
2026-07-03 08:36:00,3.2111,3.2111,3.2106,3.2106,3.2161,3.2161,3.2156,3.2156,2
2026-07-03 08:37:00,3.2096,3.2096,3.2096,3.2096,3.2146,3.2146,3.2146,3.2146,1
2026-07-03 08:38:00,3.2106,3.2106,3.2106,3.2106,3.2156,3.2156,3.2156,3.2156,1
2026-07-03 08:39:00,3.2116,3.2126,3.2106,3.2126,3.2166,3.2176,3.2156,3.2176,5
2026-07-03 08:40:00,3.2136,3.2146,3.2126,3.2136,3.2186,3.2196,3.2176,3.2186,5
2026-07-03 08:41:00,3.2126,3.2126,3.2126,3.2126,3.2176,3.2176,3.2176,3.2176,1
2026-07-03 08:42:00,3.2116,3.2116,3.2116,3.2116,3.2166,3.2166,3.2166,3.2166,1
2026-07-03 08:43:00,3.2126,3.2136,3.2126,3.2136,3.2176,3.2186,3.2176,3.2186,3
2026-07-03 08:44:00,3.2126,3.2136,3.2116,3.2136,3.2176,3.2186,3.2166,3.2186,6
2026-07-03 08:45:00,3.2126,3.2126,3.2126,3.2126,3.2176,3.2176,3.2176,3.2176,1
2026-07-03 08:46:00,3.2136,3.2136,3.2126,3.2126,3.2186,3.2186,3.2176,3.2176,2
2026-07-03 08:47:00,3.2136,3.2166,3.2136,3.2156,3.2186,3.2216,3.2186,3.2206,6
2026-07-03 08:49:00,3.2166,3.2166,3.2156,3.2166,3.2216,3.2216,3.2206,3.2216,7
2026-07-03 08:50:00,3.2176,3.2176,3.2166,3.2166,3.2226,3.2226,3.2216,3.2216,2
2026-07-03 08:51:00,3.2176,3.2176,3.2176,3.2176,3.2226,3.2226,3.2226,3.2226,1
2026-07-03 08:55:00,3.2166,3.2176,3.2156,3.2166,3.2216,3.2226,3.2206,3.2216,10
2026-07-03 08:57:00,3.2156,3.2166,3.2156,3.2166,3.2206,3.2216,3.2206,3.2216,5
2026-07-03 08:58:00,3.2156,3.2166,3.2156,3.2166,3.2206,3.2216,3.2206,3.2216,2
2026-07-03 08:59:00,3.2156,3.2156,3.2156,3.2156,3.2206,3.2206,3.2206,3.2206,1
2026-07-03 09:00:00,3.2166,3.2176,3.2166,3.2176,3.2216,3.2226,3.2216,3.2226,2
2026-07-03 09:01:00,3.2186,3.2236,3.2186,3.2236,3.2236,3.2286,3.2236,3.2286,7
2026-07-03 09:02:00,3.2226,3.2246,3.2226,3.2236,3.2276,3.2296,3.2276,3.2286,8
2026-07-03 09:03:00,3.2226,3.2226,3.2206,3.2206,3.2276,3.2276,3.2256,3.2256,15
2026-07-03 09:04:00,3.2211,3.2216,3.2211,3.2216,3.2261,3.2266,3.2261,3.2266,2
2026-07-03 09:05:00,3.2226,3.2226,3.2196,3.2226,3.2276,3.2276,3.2246,3.2276,16
2026-07-03 09:06:00,3.2236,3.2236,3.2226,3.2226,3.2286,3.2286,3.2276,3.2276,12
2026-07-03 09:07:00,3.2221,3.2226,3.2196,3.2226,3.2271,3.2276,3.2246,3.2276,10
2026-07-03 09:08:00,3.2231,3.2236,3.2216,3.2226,3.2281,3.2286,3.2266,3.2276,7
2026-07-03 09:09:00,3.2216,3.2216,3.2206,3.2206,3.2266,3.2266,3.2256,3.2256,2
2026-07-03 09:10:00,3.2196,3.2206,3.2196,3.2206,3.2246,3.2256,3.2246,3.2256,2
2026-07-03 09:11:00,3.2201,3.2226,3.2201,3.2226,3.2251,3.2276,3.2251,3.2276,8
2026-07-03 09:12:00,3.2216,3.2246,3.2216,3.2236,3.2266,3.2296,3.2266,3.2286,20
2026-07-03 09:13:00,3.2246,3.2256,3.2236,3.2256,3.2296,3.2306,3.2286,3.2306,8
2026-07-03 09:14:00,3.2246,3.2246,3.2236,3.2236,3.2296,3.2296,3.2286,3.2286,2
2026-07-03 09:15:00,3.2246,3.2246,3.2226,3.2226,3.2296,3.2296,3.2276,3.2276,5
2026-07-03 09:16:00,3.2216,3.2236,3.2216,3.2236,3.2266,3.2286,3.2266,3.2286,5
2026-07-03 09:17:00,3.2226,3.2231,3.2216,3.2226,3.2276,3.2281,3.2266,3.2276,5
2026-07-03 09:19:00,3.2236,3.2236,3.2236,3.2236,3.2286,3.2286,3.2286,3.2286,1
2026-07-03 09:21:00,3.2246,3.2256,3.2236,3.2256,3.2296,3.2306,3.2286,3.2306,4
2026-07-03 09:22:00,3.2266,3.2266,3.2256,3.2266,3.2316,3.2316,3.2306,3.2316,4
2026-07-03 09:23:00,3.2276,3.2286,3.2266,3.2276,3.2326,3.2336,3.2316,3.2326,11
2026-07-03 09:24:00,3.2281,3.2286,3.2226,3.2236,3.2331,3.2336,3.2276,3.2286,13
2026-07-03 09:25:00,3.2246,3.2246,3.2236,3.2246,3.2296,3.2296,3.2286,3.2296,3
2026-07-03 09:26:00,3.2256,3.2256,3.2256,3.2256,3.2306,3.2306,3.2306,3.2306,1
2026-07-03 09:27:00,3.2251,3.2251,3.2246,3.2246,3.2301,3.2301,3.2296,3.2296,2
2026-07-03 09:28:00,3.2236,3.2246,3.2226,3.2236,3.2286,3.2296,3.2276,3.2286,7
2026-07-03 09:29:00,3.2226,3.2256,3.2226,3.2256,3.2276,3.2306,3.2276,3.2306,17
2026-07-03 09:30:00,3.2246,3.2256,3.2246,3.2256,3.2296,3.2306,3.2296,3.2306,4
2026-07-03 09:33:00,3.2246,3.2286,3.2246,3.2276,3.2296,3.2336,3.2296,3.2326,12
2026-07-03 09:35:00,3.2286,3.2286,3.2276,3.2276,3.2336,3.2336,3.2326,3.2326,8
2026-07-03 09:36:00,3.2281,3.2281,3.2276,3.2276,3.2331,3.2331,3.2326,3.2326,2
2026-07-03 09:39:00,3.2266,3.2276,3.2266,3.2266,3.2316,3.2326,3.2316,3.2316,3
2026-07-03 09:40:00,3.2256,3.2266,3.2256,3.2266,3.2306,3.2316,3.2306,3.2316,2
2026-07-03 09:41:00,3.2276,3.2276,3.2276,3.2276,3.2326,3.2326,3.2326,3.2326,1
2026-07-03 09:42:00,3.2266,3.2266,3.2256,3.2266,3.2316,3.2316,3.2306,3.2316,3
2026-07-03 09:44:00,3.2256,3.2256,3.2256,3.2256,3.2306,3.2306,3.2306,3.2306,1
2026-07-03 09:45:00,3.2246,3.2256,3.2246,3.2256,3.2296,3.2306,3.2296,3.2306,2
2026-07-03 09:46:00,3.2246,3.2246,3.2236,3.2236,3.2296,3.2296,3.2286,3.2286,2
2026-07-03 09:47:00,3.2246,3.2246,3.2236,3.2236,3.2296,3.2296,3.2286,3.2286,2
2026-07-03 09:48:00,3.2241,3.2241,3.2226,3.2236,3.2291,3.2291,3.2276,3.2286,4
2026-07-03 09:49:00,3.2226,3.2226,3.2226,3.2226,3.2276,3.2276,3.2276,3.2276,1
2026-07-03 09:50:00,3.2236,3.2236,3.2226,3.2226,3.2286,3.2286,3.2276,3.2276,2
2026-07-03 09:51:00,3.2216,3.2226,3.2196,3.2196,3.2266,3.2276,3.2246,3.2246,7
2026-07-03 09:52:00,3.2186,3.2206,3.2186,3.2206,3.2236,3.2256,3.2236,3.2256,10
2026-07-03 09:54:00,3.2196,3.2196,3.2196,3.2196,3.2246,3.2246,3.2246,3.2246,1
2026-07-03 09:55:00,3.2186,3.2186,3.2176,3.2176,3.2236,3.2236,3.2226,3.2226,4
2026-07-03 09:56:00,3.2186,3.2186,3.2176,3.2176,3.2236,3.2236,3.2226,3.2226,2
2026-07-03 09:58:00,3.2166,3.2206,3.2166,3.2196,3.2216,3.2256,3.2216,3.2246,7
2026-07-03 10:00:00,3.2201,3.2206,3.2186,3.2186,3.2251,3.2256,3.2236,3.2236,4
2026-07-03 10:01:00,3.2191,3.2196,3.2186,3.2186,3.2241,3.2246,3.2236,3.2236,5
2026-07-03 10:04:00,3.2196,3.2206,3.2196,3.2206,3.2246,3.2256,3.2246,3.2256,2
2026-07-03 10:05:00,3.2216,3.2216,3.2206,3.2206,3.2266,3.2266,3.2256,3.2256,2
2026-07-03 10:08:00,3.2216,3.2216,3.2206,3.2206,3.2266,3.2266,3.2256,3.2256,2
2026-07-03 10:09:00,3.2216,3.2236,3.2216,3.2236,3.2266,3.2286,3.2266,3.2286,3
2026-07-03 10:10:00,3.2241,3.2246,3.2236,3.2236,3.2291,3.2296,3.2286,3.2286,6
2026-07-03 10:11:00,3.2246,3.2256,3.2246,3.2256,3.2296,3.2306,3.2296,3.2306,10
2026-07-03 10:12:00,3.2266,3.2266,3.2256,3.2256,3.2316,3.2316,3.2306,3.2306,4
2026-07-03 10:15:00,3.2266,3.2266,3.2256,3.2256,3.2316,3.2316,3.2306,3.2306,2
2026-07-03 10:18:00,3.2246,3.2246,3.2246,3.2246,3.2296,3.2296,3.2296,3.2296,1
2026-07-03 10:19:00,3.2236,3.2256,3.2236,3.2256,3.2286,3.2306,3.2286,3.2306,7
2026-07-03 10:20:00,3.2246,3.2246,3.2246,3.2246,3.2296,3.2296,3.2296,3.2296,1
2026-07-03 10:21:00,3.2236,3.2236,3.2236,3.2236,3.2286,3.2286,3.2286,3.2286,1
2026-07-03 10:22:00,3.2226,3.2236,3.2226,3.2226,3.2276,3.2286,3.2276,3.2276,5
2026-07-03 10:23:00,3.2236,3.2236,3.2216,3.2226,3.2286,3.2286,3.2266,3.2276,6
2026-07-03 10:24:00,3.2221,3.2221,3.2216,3.2216,3.2271,3.2271,3.2266,3.2266,2
2026-07-03 10:25:00,3.2206,3.2216,3.2206,3.2206,3.2256,3.2266,3.2256,3.2256,5
2026-07-03 10:26:00,3.2201,3.2206,3.2196,3.2206,3.2251,3.2256,3.2246,3.2256,12
2026-07-03 10:27:00,3.2196,3.2216,3.2196,3.2206,3.2246,3.2266,3.2246,3.2256,4
2026-07-03 10:28:00,3.2196,3.2196,3.2186,3.2196,3.2246,3.2246,3.2236,3.2246,3
2026-07-03 10:29:00,3.2186,3.2191,3.2176,3.2176,3.2236,3.2241,3.2226,3.2226,14
2026-07-03 10:30:00,3.2171,3.2176,3.2156,3.2156,3.2221,3.2226,3.2206,3.2206,14
2026-07-03 10:31:00,3.2161,3.2166,3.2156,3.2156,3.2211,3.2216,3.2206,3.2206,4
2026-07-03 10:32:00,3.2146,3.2156,3.2146,3.2156,3.2196,3.2206,3.2196,3.2206,2
2026-07-03 10:33:00,3.2146,3.2146,3.2116,3.2116,3.2196,3.2196,3.2166,3.2166,17
2026-07-03 10:35:00,3.2126,3.2126,3.2096,3.2106,3.2176,3.2176,3.2146,3.2156,6
2026-07-03 10:36:00,3.2101,3.2101,3.2101,3.2101,3.2151,3.2151,3.2151,3.2151,1
2026-07-03 10:37:00,3.2106,3.2106,3.2101,3.2106,3.2156,3.2156,3.2151,3.2156,3
2026-07-03 10:38:00,3.2116,3.2116,3.2116,3.2116,3.2166,3.2166,3.2166,3.2166,1
2026-07-03 10:39:00,3.2126,3.2126,3.2126,3.2126,3.2176,3.2176,3.2176,3.2176,1
2026-07-03 10:40:00,3.2116,3.2146,3.2116,3.2146,3.2166,3.2196,3.2166,3.2196,22
2026-07-03 10:41:00,3.2136,3.2136,3.2136,3.2136,3.2186,3.2186,3.2186,3.2186,1
2026-07-03 10:43:00,3.2146,3.2146,3.2146,3.2146,3.2196,3.2196,3.2196,3.2196,1
2026-07-03 10:44:00,3.2136,3.2136,3.2136,3.2136,3.2186,3.2186,3.2186,3.2186,1
2026-07-03 10:45:00,3.2126,3.2126,3.2126,3.2126,3.2176,3.2176,3.2176,3.2176,1
2026-07-03 10:48:00,3.2136,3.2136,3.2136,3.2136,3.2186,3.2186,3.2186,3.2186,1
2026-07-03 10:49:00,3.2131,3.2131,3.2126,3.2126,3.2181,3.2181,3.2176,3.2176,2
2026-07-03 10:51:00,3.2116,3.2116,3.2106,3.2106,3.2166,3.2166,3.2156,3.2156,2
2026-07-03 10:52:00,3.2116,3.2126,3.2106,3.2126,3.2166,3.2176,3.2156,3.2176,7
2026-07-03 10:53:00,3.2136,3.2136,3.2126,3.2126,3.2186,3.2186,3.2176,3.2176,2
2026-07-03 10:54:00,3.2136,3.2136,3.2126,3.2126,3.2186,3.2186,3.2176,3.2176,2
2026-07-03 10:55:00,3.2136,3.2136,3.2126,3.2136,3.2186,3.2186,3.2176,3.2186,3
2026-07-03 10:56:00,3.2146,3.2156,3.2136,3.2146,3.2196,3.2206,3.2186,3.2196,5
2026-07-03 10:57:00,3.2156,3.2156,3.2146,3.2146,3.2206,3.2206,3.2196,3.2196,4
2026-07-03 10:59:00,3.2136,3.2156,3.2136,3.2146,3.2186,3.2206,3.2186,3.2196,4
2026-07-03 11:00:00,3.2136,3.2146,3.2136,3.2146,3.2186,3.2196,3.2186,3.2196,2
2026-07-03 11:01:00,3.2136,3.2166,3.2126,3.2166,3.2186,3.2216,3.2176,3.2216,8
2026-07-03 11:02:00,3.2156,3.2166,3.2156,3.2156,3.2206,3.2216,3.2206,3.2206,3
2026-07-03 11:03:00,3.2151,3.2156,3.2136,3.2136,3.2201,3.2206,3.2186,3.2186,10
2026-07-03 11:06:00,3.2126,3.2126,3.2106,3.2106,3.2176,3.2176,3.2156,3.2156,6
2026-07-03 11:07:00,3.2116,3.2116,3.2096,3.2096,3.2166,3.2166,3.2146,3.2146,4
2026-07-03 11:08:00,3.2086,3.2096,3.2086,3.2096,3.2136,3.2146,3.2136,3.2146,5
2026-07-03 11:09:00,3.2086,3.2096,3.2086,3.2096,3.2136,3.2146,3.2136,3.2146,4
2026-07-03 11:10:00,3.2086,3.2096,3.2086,3.2096,3.2136,3.2146,3.2136,3.2146,8
2026-07-03 11:11:00,3.2086,3.2096,3.2086,3.2096,3.2136,3.2146,3.2136,3.2146,7
2026-07-03 11:13:00,3.2101,3.2106,3.2096,3.2106,3.2151,3.2156,3.2146,3.2156,4
2026-07-03 11:16:00,3.2116,3.2116,3.2096,3.2096,3.2166,3.2166,3.2146,3.2146,3
2026-07-03 11:17:00,3.2106,3.2106,3.2086,3.2086,3.2156,3.2156,3.2136,3.2136,2
2026-07-03 11:18:00,3.2076,3.2106,3.2076,3.2086,3.2126,3.2156,3.2126,3.2136,14
2026-07-03 11:19:00,3.2076,3.2086,3.2076,3.2086,3.2126,3.2136,3.2126,3.2136,2
2026-07-03 11:20:00,3.2091,3.2096,3.2086,3.2096,3.2141,3.2146,3.2136,3.2146,4
2026-07-03 11:21:00,3.2086,3.2086,3.2086,3.2086,3.2136,3.2136,3.2136,3.2136,1
2026-07-03 11:23:00,3.2091,3.2106,3.2086,3.2106,3.2141,3.2156,3.2136,3.2156,9
2026-07-03 11:25:00,3.2101,3.2101,3.2086,3.2086,3.2151,3.2151,3.2136,3.2136,2
2026-07-03 11:26:00,3.2096,3.2096,3.2096,3.2096,3.2146,3.2146,3.2146,3.2146,1
2026-07-03 11:27:00,3.2086,3.2086,3.2086,3.2086,3.2136,3.2136,3.2136,3.2136,1
2026-07-03 11:28:00,3.2076,3.2086,3.2076,3.2086,3.2126,3.2136,3.2126,3.2136,8
2026-07-03 11:29:00,3.2096,3.2096,3.2096,3.2096,3.2146,3.2146,3.2146,3.2146,1
2026-07-03 11:30:00,3.2106,3.2116,3.2106,3.2106,3.2156,3.2166,3.2156,3.2156,6
2026-07-03 11:31:00,3.2111,3.2111,3.2096,3.2106,3.2161,3.2161,3.2146,3.2156,4
2026-07-03 11:32:00,3.2096,3.2106,3.2096,3.2096,3.2146,3.2156,3.2146,3.2146,7
2026-07-03 11:33:00,3.2101,3.2106,3.2096,3.2096,3.2151,3.2156,3.2146,3.2146,4
2026-07-03 11:36:00,3.2091,3.2106,3.2086,3.2086,3.2141,3.2156,3.2136,3.2136,10
2026-07-03 11:37:00,3.2081,3.2081,3.2066,3.2066,3.2131,3.2131,3.2116,3.2116,5
2026-07-03 11:38:00,3.2056,3.2066,3.2056,3.2056,3.2106,3.2116,3.2106,3.2106,3
2026-07-03 11:39:00,3.2061,3.2066,3.2056,3.2056,3.2111,3.2116,3.2106,3.2106,4
2026-07-03 11:40:00,3.2046,3.2056,3.2026,3.2026,3.2096,3.2106,3.2076,3.2076,8
2026-07-03 11:41:00,3.2036,3.2036,3.2026,3.2036,3.2086,3.2086,3.2076,3.2086,3
2026-07-03 11:42:00,3.2026,3.2036,3.2026,3.2036,3.2076,3.2086,3.2076,3.2086,2
2026-07-03 11:43:00,3.2031,3.2036,3.2031,3.2036,3.2081,3.2086,3.2081,3.2086,2
2026-07-03 11:44:00,3.2046,3.2046,3.2036,3.2036,3.2096,3.2096,3.2086,3.2086,2
2026-07-03 11:45:00,3.2046,3.2046,3.2036,3.2036,3.2096,3.2096,3.2086,3.2086,2
2026-07-03 11:50:00,3.2046,3.2046,3.2036,3.2036,3.2096,3.2096,3.2086,3.2086,15
2026-07-03 11:52:00,3.2026,3.2026,3.2026,3.2026,3.2076,3.2076,3.2076,3.2076,1
2026-07-03 11:53:00,3.2016,3.2016,3.1976,3.2016,3.2066,3.2066,3.2026,3.2066,17
2026-07-03 11:54:00,3.2011,3.2011,3.2006,3.2006,3.2061,3.2061,3.2056,3.2056,2
2026-07-03 11:55:00,3.1996,3.1996,3.1986,3.1996,3.2046,3.2046,3.2036,3.2046,3
2026-07-03 11:56:00,3.2006,3.2006,3.2006,3.2006,3.2056,3.2056,3.2056,3.2056,1
2026-07-03 11:58:00,3.2016,3.2016,3.2016,3.2016,3.2066,3.2066,3.2066,3.2066,1
2026-07-03 11:59:00,3.2011,3.2016,3.2011,3.2016,3.2061,3.2066,3.2061,3.2066,2
2026-07-03 12:00:00,3.2026,3.2046,3.2021,3.2036,3.2076,3.2096,3.2071,3.2086,6
2026-07-03 12:04:00,3.2046,3.2046,3.2036,3.2046,3.2096,3.2096,3.2086,3.2096,3
2026-07-03 12:05:00,3.2041,3.2056,3.2036,3.2046,3.2091,3.2106,3.2086,3.2096,11
2026-07-03 12:06:00,3.2051,3.2066,3.2051,3.2066,3.2101,3.2116,3.2101,3.2116,5
2026-07-03 12:07:00,3.2061,3.2066,3.2061,3.2061,3.2111,3.2116,3.2111,3.2111,3
2026-07-03 12:08:00,3.2066,3.2096,3.2066,3.2066,3.2116,3.2146,3.2116,3.2116,13
2026-07-03 12:09:00,3.2056,3.2066,3.2046,3.2046,3.2106,3.2116,3.2096,3.2096,6
2026-07-03 12:11:00,3.2056,3.2056,3.2046,3.2046,3.2106,3.2106,3.2096,3.2096,3
2026-07-03 12:13:00,3.2051,3.2051,3.2046,3.2046,3.2101,3.2101,3.2096,3.2096,2
2026-07-03 12:14:00,3.2036,3.2036,3.2036,3.2036,3.2086,3.2086,3.2086,3.2086,1
2026-07-03 12:17:00,3.2031,3.2036,3.2031,3.2036,3.2081,3.2086,3.2081,3.2086,2
2026-07-03 12:18:00,3.2026,3.2026,3.2016,3.2026,3.2076,3.2076,3.2066,3.2076,7
2026-07-03 12:21:00,3.2036,3.2036,3.1996,3.2006,3.2086,3.2086,3.2046,3.2056,8
2026-07-03 12:22:00,3.1986,3.1991,3.1986,3.1986,3.2036,3.2041,3.2036,3.2036,3
2026-07-03 12:24:00,3.1976,3.1986,3.1971,3.1976,3.2026,3.2036,3.2021,3.2026,6
2026-07-03 12:25:00,3.1986,3.1986,3.1956,3.1956,3.2036,3.2036,3.2006,3.2006,12
2026-07-03 12:26:00,3.1946,3.1966,3.1946,3.1966,3.1996,3.2016,3.1996,3.2016,10
2026-07-03 12:27:00,3.1951,3.1951,3.1916,3.1931,3.2001,3.2001,3.1966,3.1981,19
2026-07-03 12:28:00,3.1926,3.1956,3.1926,3.1956,3.1976,3.2006,3.1976,3.2006,4
2026-07-03 12:29:00,3.1961,3.1976,3.1961,3.1971,3.2011,3.2026,3.2011,3.2021,5
2026-07-03 12:30:00,3.1966,3.1971,3.1956,3.1956,3.2016,3.2021,3.2006,3.2006,7
2026-07-03 12:31:00,3.1951,3.1951,3.1946,3.1946,3.2001,3.2001,3.1996,3.1996,2
2026-07-03 12:32:00,3.1956,3.1996,3.1956,3.1976,3.2006,3.2046,3.2006,3.2026,12
2026-07-03 12:33:00,3.1986,3.1986,3.1966,3.1976,3.2036,3.2036,3.2016,3.2026,5
2026-07-03 12:34:00,3.1971,3.1976,3.1966,3.1966,3.2021,3.2026,3.2016,3.2016,12
2026-07-03 12:35:00,3.1956,3.1966,3.1946,3.1956,3.2006,3.2016,3.1996,3.2006,8
2026-07-03 12:36:00,3.1966,3.1986,3.1966,3.1976,3.2016,3.2036,3.2016,3.2026,6
2026-07-03 12:37:00,3.1966,3.1966,3.1956,3.1956,3.2016,3.2016,3.2006,3.2006,2
2026-07-03 12:39:00,3.1966,3.1986,3.1956,3.1986,3.2016,3.2036,3.2006,3.2036,5
2026-07-03 12:40:00,3.1996,3.2006,3.1991,3.2001,3.2046,3.2056,3.2041,3.2051,9
2026-07-03 12:41:00,3.2006,3.2006,3.2001,3.2001,3.2056,3.2056,3.2051,3.2051,2
2026-07-03 12:42:00,3.1996,3.1996,3.1986,3.1986,3.2046,3.2046,3.2036,3.2036,2
2026-07-03 12:43:00,3.1976,3.1976,3.1976,3.1976,3.2026,3.2026,3.2026,3.2026,1
2026-07-03 12:44:00,3.1986,3.1986,3.1976,3.1976,3.2036,3.2036,3.2026,3.2026,2
2026-07-03 12:48:00,3.1986,3.2056,3.1986,3.2036,3.2036,3.2106,3.2036,3.2086,14
2026-07-03 12:49:00,3.2026,3.2026,3.1996,3.2006,3.2076,3.2076,3.2046,3.2056,13
2026-07-03 12:50:00,3.1996,3.2001,3.1986,3.1986,3.2046,3.2051,3.2036,3.2036,5
2026-07-03 12:51:00,3.1996,3.1996,3.1996,3.1996,3.2046,3.2046,3.2046,3.2046,1
2026-07-03 12:53:00,3.2006,3.2006,3.1996,3.1996,3.2056,3.2056,3.2046,3.2046,5
2026-07-03 12:54:00,3.2006,3.2006,3.1996,3.2006,3.2056,3.2056,3.2046,3.2056,5
2026-07-03 12:55:00,3.1996,3.2016,3.1996,3.2016,3.2046,3.2066,3.2046,3.2066,4
2026-07-03 12:56:00,3.2006,3.2016,3.2006,3.2016,3.2056,3.2066,3.2056,3.2066,3
2026-07-03 12:57:00,3.2021,3.2036,3.2016,3.2036,3.2071,3.2086,3.2066,3.2086,6
2026-07-03 12:58:00,3.2026,3.2036,3.2026,3.2026,3.2076,3.2086,3.2076,3.2076,5
2026-07-03 12:59:00,3.2036,3.2056,3.2036,3.2056,3.2086,3.2106,3.2086,3.2106,11
2026-07-03 13:00:00,3.2066,3.2086,3.2046,3.2076,3.2116,3.2136,3.2096,3.2126,13
2026-07-03 13:01:00,3.2086,3.2106,3.2081,3.2106,3.2136,3.2156,3.2131,3.2156,13
2026-07-03 13:02:00,3.2116,3.2131,3.2116,3.2126,3.2166,3.2181,3.2166,3.2176,16
2026-07-03 13:03:00,3.2121,3.2121,3.2106,3.2116,3.2171,3.2171,3.2156,3.2166,4
2026-07-03 13:04:00,3.2126,3.2136,3.2126,3.2126,3.2176,3.2186,3.2176,3.2176,13
2026-07-03 13:05:00,3.2131,3.2136,3.2126,3.2126,3.2181,3.2186,3.2176,3.2176,8
2026-07-03 13:06:00,3.2121,3.2126,3.2116,3.2126,3.2171,3.2176,3.2166,3.2176,4
2026-07-03 13:07:00,3.2116,3.2116,3.2096,3.2101,3.2166,3.2166,3.2146,3.2151,6
2026-07-03 13:08:00,3.2096,3.2106,3.2096,3.2096,3.2146,3.2156,3.2146,3.2146,5
2026-07-03 13:09:00,3.2106,3.2106,3.2086,3.2096,3.2156,3.2156,3.2136,3.2146,5
2026-07-03 13:10:00,3.2106,3.2106,3.2056,3.2066,3.2156,3.2156,3.2106,3.2116,14
2026-07-03 13:11:00,3.2056,3.2056,3.2046,3.2046,3.2106,3.2106,3.2096,3.2096,4
2026-07-03 13:12:00,3.2051,3.2086,3.2051,3.2081,3.2101,3.2136,3.2101,3.2131,14
2026-07-03 13:13:00,3.2076,3.2076,3.2066,3.2066,3.2126,3.2126,3.2116,3.2116,8
2026-07-03 13:14:00,3.2076,3.2086,3.2076,3.2081,3.2126,3.2136,3.2126,3.2131,6
2026-07-03 13:15:00,3.2076,3.2086,3.2066,3.2086,3.2126,3.2136,3.2116,3.2136,7
2026-07-03 13:16:00,3.2081,3.2081,3.2051,3.2066,3.2131,3.2131,3.2101,3.2116,11
2026-07-03 13:17:00,3.2056,3.2061,3.2051,3.2056,3.2106,3.2111,3.2101,3.2106,7
2026-07-03 13:18:00,3.2051,3.2056,3.2051,3.2056,3.2101,3.2106,3.2101,3.2106,2
2026-07-03 13:20:00,3.2046,3.2086,3.2036,3.2071,3.2096,3.2136,3.2086,3.2121,14
2026-07-03 13:21:00,3.2066,3.2066,3.2041,3.2046,3.2116,3.2116,3.2091,3.2096,8
2026-07-03 13:22:00,3.2041,3.2056,3.2041,3.2056,3.2091,3.2106,3.2091,3.2106,6
2026-07-03 13:23:00,3.2051,3.2051,3.2036,3.2046,3.2101,3.2101,3.2086,3.2096,5
2026-07-03 13:24:00,3.2051,3.2056,3.2046,3.2046,3.2101,3.2106,3.2096,3.2096,6
2026-07-03 13:25:00,3.2051,3.2076,3.2046,3.2076,3.2101,3.2126,3.2096,3.2126,7
2026-07-03 13:26:00,3.2066,3.2066,3.2046,3.2046,3.2116,3.2116,3.2096,3.2096,6
2026-07-03 13:28:00,3.2036,3.2046,3.2036,3.2046,3.2086,3.2096,3.2086,3.2096,2
2026-07-03 13:29:00,3.2051,3.2051,3.2046,3.2046,3.2101,3.2101,3.2096,3.2096,8
2026-07-03 13:30:00,3.2051,3.2076,3.2051,3.2066,3.2101,3.2126,3.2101,3.2116,8
2026-07-03 13:31:00,3.2071,3.2076,3.2046,3.2051,3.2121,3.2126,3.2096,3.2101,9
2026-07-03 13:32:00,3.2046,3.2076,3.2046,3.2076,3.2096,3.2126,3.2096,3.2126,11
2026-07-03 13:33:00,3.2071,3.2086,3.2066,3.2086,3.2121,3.2136,3.2116,3.2136,14
2026-07-03 13:34:00,3.2091,3.2091,3.2071,3.2076,3.2141,3.2141,3.2121,3.2126,5
2026-07-03 13:35:00,3.2081,3.2106,3.2076,3.2096,3.2131,3.2156,3.2126,3.2146,15
2026-07-03 13:36:00,3.2091,3.2091,3.2076,3.2086,3.2141,3.2141,3.2126,3.2136,4
2026-07-03 13:37:00,3.2081,3.2086,3.2066,3.2066,3.2131,3.2136,3.2116,3.2116,27
2026-07-03 13:38:00,3.2071,3.2076,3.2066,3.2076,3.2121,3.2126,3.2116,3.2126,11
2026-07-03 13:39:00,3.2081,3.2096,3.2056,3.2081,3.2131,3.2146,3.2106,3.2131,20
2026-07-03 13:40:00,3.2086,3.2091,3.2086,3.2086,3.2136,3.2141,3.2136,3.2136,3
2026-07-03 13:41:00,3.2081,3.2086,3.2066,3.2066,3.2131,3.2136,3.2116,3.2116,8
2026-07-03 13:42:00,3.2061,3.2076,3.2056,3.2066,3.2111,3.2126,3.2106,3.2116,14
2026-07-03 13:43:00,3.2056,3.2086,3.2056,3.2086,3.2106,3.2136,3.2106,3.2136,6
2026-07-03 13:44:00,3.2096,3.2116,3.2086,3.2106,3.2146,3.2166,3.2136,3.2156,11
2026-07-03 13:45:00,3.2101,3.2101,3.2096,3.2096,3.2151,3.2151,3.2146,3.2146,2
2026-07-03 13:46:00,3.2091,3.2096,3.2091,3.2096,3.2141,3.2146,3.2141,3.2146,4
2026-07-03 13:47:00,3.2091,3.2091,3.2066,3.2076,3.2141,3.2141,3.2116,3.2126,8
2026-07-03 13:49:00,3.2081,3.2086,3.2006,3.2036,3.2131,3.2136,3.2056,3.2086,36
2026-07-03 13:50:00,3.2046,3.2066,3.2006,3.2056,3.2096,3.2116,3.2056,3.2106,33
2026-07-03 13:52:00,3.2061,3.2066,3.2056,3.2056,3.2111,3.2116,3.2106,3.2106,5
2026-07-03 13:53:00,3.2066,3.2066,3.2056,3.2056,3.2116,3.2116,3.2106,3.2106,2
2026-07-03 13:54:00,3.2051,3.2056,3.2046,3.2056,3.2101,3.2106,3.2096,3.2106,9
2026-07-03 13:55:00,3.2046,3.2076,3.2046,3.2076,3.2096,3.2126,3.2096,3.2126,8
2026-07-03 13:57:00,3.2066,3.2066,3.2026,3.2031,3.2116,3.2116,3.2076,3.2081,20
2026-07-03 13:58:00,3.2016,3.2036,3.2016,3.2031,3.2066,3.2086,3.2066,3.2081,10
2026-07-03 13:59:00,3.2026,3.2036,3.2026,3.2026,3.2076,3.2086,3.2076,3.2076,3
2026-07-03 14:00:00,3.2036,3.2056,3.1986,3.2036,3.2086,3.2106,3.2036,3.2086,39
2026-07-03 14:01:00,3.2046,3.2086,3.2046,3.2066,3.2096,3.2136,3.2096,3.2116,16
2026-07-03 14:02:00,3.2061,3.2076,3.2051,3.2066,3.2111,3.2126,3.2101,3.2116,16
2026-07-03 14:03:00,3.2061,3.2066,3.2061,3.2066,3.2111,3.2116,3.2111,3.2116,2
2026-07-03 14:04:00,3.2076,3.2081,3.2056,3.2071,3.2126,3.2131,3.2106,3.2121,16
2026-07-03 14:05:00,3.2076,3.2076,3.2046,3.2056,3.2126,3.2126,3.2096,3.2106,15
2026-07-03 14:06:00,3.2061,3.2086,3.2016,3.2026,3.2111,3.2136,3.2066,3.2076,25
2026-07-03 14:07:00,3.2036,3.2056,3.2026,3.2046,3.2086,3.2106,3.2076,3.2096,9
2026-07-03 14:08:00,3.2056,3.2056,3.2036,3.2046,3.2106,3.2106,3.2086,3.2096,8
2026-07-03 14:09:00,3.2036,3.2046,3.2036,3.2046,3.2086,3.2096,3.2086,3.2096,2
2026-07-03 14:10:00,3.2056,3.2076,3.2026,3.2071,3.2106,3.2126,3.2076,3.2121,13
2026-07-03 14:11:00,3.2066,3.2066,3.2066,3.2066,3.2116,3.2116,3.2116,3.2116,1
2026-07-03 14:12:00,3.2056,3.2066,3.2051,3.2051,3.2106,3.2116,3.2101,3.2101,6
2026-07-03 14:13:00,3.2056,3.2056,3.2036,3.2036,3.2106,3.2106,3.2086,3.2086,5
2026-07-03 14:14:00,3.2026,3.2046,3.2021,3.2046,3.2076,3.2096,3.2071,3.2096,11
2026-07-03 14:15:00,3.2051,3.2126,3.2051,3.2106,3.2101,3.2176,3.2101,3.2156,21
2026-07-03 14:16:00,3.2116,3.2126,3.2106,3.2106,3.2166,3.2176,3.2156,3.2156,21
2026-07-03 14:17:00,3.2111,3.2111,3.2046,3.2046,3.2161,3.2161,3.2096,3.2096,26
2026-07-03 14:18:00,3.2051,3.2066,3.2051,3.2056,3.2101,3.2116,3.2101,3.2106,12
2026-07-03 14:19:00,3.2051,3.2051,3.2016,3.2036,3.2101,3.2101,3.2066,3.2086,15
2026-07-03 14:20:00,3.2046,3.2051,3.2041,3.2051,3.2096,3.2101,3.2091,3.2101,4
2026-07-03 14:21:00,3.2046,3.2066,3.2031,3.2061,3.2096,3.2116,3.2081,3.2111,22
2026-07-03 14:22:00,3.2066,3.2156,3.2061,3.2116,3.2116,3.2206,3.2111,3.2166,38
2026-07-03 14:23:00,3.2121,3.2146,3.2116,3.2121,3.2171,3.2196,3.2166,3.2171,25
2026-07-03 14:24:00,3.2126,3.2156,3.2126,3.2146,3.2176,3.2206,3.2176,3.2196,14
2026-07-03 14:25:00,3.2151,3.2156,3.2106,3.2106,3.2201,3.2206,3.2156,3.2156,13
2026-07-03 14:27:00,3.2116,3.2116,3.2096,3.2101,3.2166,3.2166,3.2146,3.2151,7
2026-07-03 14:28:00,3.2106,3.2146,3.2106,3.2136,3.2156,3.2196,3.2156,3.2186,19
2026-07-03 14:29:00,3.2131,3.2131,3.2106,3.2106,3.2181,3.2181,3.2156,3.2156,15
2026-07-03 14:30:00,3.2111,3.2116,3.2066,3.2071,3.2161,3.2166,3.2116,3.2121,11
2026-07-03 14:31:00,3.2076,3.2096,3.2056,3.2096,3.2126,3.2146,3.2106,3.2146,13
2026-07-03 14:33:00,3.2106,3.2126,3.2106,3.2116,3.2156,3.2176,3.2156,3.2166,10
2026-07-03 14:34:00,3.2106,3.2116,3.2096,3.2111,3.2156,3.2166,3.2146,3.2161,19
2026-07-03 14:35:00,3.2116,3.2136,3.2106,3.2106,3.2166,3.2186,3.2156,3.2156,12
2026-07-03 14:36:00,3.2116,3.2116,3.2106,3.2111,3.2166,3.2166,3.2156,3.2161,4
2026-07-03 14:37:00,3.2116,3.2116,3.2086,3.2096,3.2166,3.2166,3.2136,3.2146,12
2026-07-03 14:38:00,3.2106,3.2106,3.2096,3.2101,3.2156,3.2156,3.2146,3.2151,6
2026-07-03 14:39:00,3.2106,3.2121,3.2086,3.2106,3.2156,3.2171,3.2136,3.2156,16
2026-07-03 14:40:00,3.2116,3.2121,3.2116,3.2116,3.2166,3.2171,3.2166,3.2166,5
2026-07-03 14:41:00,3.2106,3.2136,3.2096,3.2106,3.2156,3.2186,3.2146,3.2156,14
2026-07-03 14:42:00,3.2096,3.2096,3.2086,3.2091,3.2146,3.2146,3.2136,3.2141,3
2026-07-03 14:43:00,3.2086,3.2091,3.2086,3.2091,3.2136,3.2141,3.2136,3.2141,2
2026-07-03 14:44:00,3.2086,3.2096,3.2086,3.2086,3.2136,3.2146,3.2136,3.2136,11
2026-07-03 14:45:00,3.2091,3.2096,3.2056,3.2066,3.2141,3.2146,3.2106,3.2116,19
2026-07-03 14:46:00,3.2061,3.2066,3.2056,3.2056,3.2111,3.2116,3.2106,3.2106,6
2026-07-03 14:47:00,3.2066,3.2066,3.2056,3.2056,3.2116,3.2116,3.2106,3.2106,5
2026-07-03 14:48:00,3.2046,3.2046,3.2026,3.2026,3.2096,3.2096,3.2076,3.2076,17
2026-07-03 14:49:00,3.2031,3.2096,3.2006,3.2096,3.2081,3.2146,3.2056,3.2146,40
2026-07-03 14:50:00,3.2106,3.2106,3.2086,3.2096,3.2156,3.2156,3.2136,3.2146,9
2026-07-03 14:51:00,3.2091,3.2091,3.2076,3.2086,3.2141,3.2141,3.2126,3.2136,6
2026-07-03 14:52:00,3.2096,3.2096,3.2056,3.2066,3.2146,3.2146,3.2106,3.2116,9
2026-07-03 14:53:00,3.2076,3.2076,3.2056,3.2056,3.2126,3.2126,3.2106,3.2106,6
2026-07-03 14:54:00,3.2061,3.2061,3.2046,3.2056,3.2111,3.2111,3.2096,3.2106,8
2026-07-03 14:55:00,3.2061,3.2066,3.2056,3.2056,3.2111,3.2116,3.2106,3.2106,8
2026-07-03 14:56:00,3.2066,3.2101,3.2066,3.2096,3.2116,3.2151,3.2116,3.2146,8
2026-07-03 14:58:00,3.2106,3.2136,3.2106,3.2106,3.2156,3.2186,3.2156,3.2156,13
2026-07-03 14:59:00,3.2096,3.2106,3.2096,3.2106,3.2146,3.2156,3.2146,3.2156,4
2026-07-03 15:00:00,3.2116,3.2196,3.2106,3.2166,3.2166,3.2246,3.2156,3.2216,70
2026-07-03 15:01:00,3.2161,3.2206,3.2146,3.2186,3.2211,3.2256,3.2196,3.2236,32
2026-07-03 15:02:00,3.2176,3.2186,3.2156,3.2156,3.2226,3.2236,3.2206,3.2206,11
2026-07-03 15:03:00,3.2166,3.2196,3.2156,3.2186,3.2216,3.2246,3.2206,3.2236,15
2026-07-03 15:04:00,3.2191,3.2196,3.2176,3.2186,3.2241,3.2246,3.2226,3.2236,14
2026-07-03 15:05:00,3.2196,3.2226,3.2196,3.2206,3.2246,3.2276,3.2246,3.2256,22
2026-07-03 15:06:00,3.2216,3.2216,3.2196,3.2206,3.2266,3.2266,3.2246,3.2256,16
2026-07-03 15:07:00,3.2211,3.2211,3.2196,3.2206,3.2261,3.2261,3.2246,3.2256,9
2026-07-03 15:08:00,3.2201,3.2206,3.2186,3.2196,3.2251,3.2256,3.2236,3.2246,13
2026-07-03 15:09:00,3.2191,3.2191,3.2146,3.2156,3.2241,3.2241,3.2196,3.2206,16
2026-07-03 15:10:00,3.2146,3.2191,3.2136,3.2191,3.2196,3.2241,3.2186,3.2241,20
2026-07-03 15:11:00,3.2186,3.2196,3.2186,3.2196,3.2236,3.2246,3.2236,3.2246,12
2026-07-03 15:12:00,3.2206,3.2206,3.2196,3.2206,3.2256,3.2256,3.2246,3.2256,12
2026-07-03 15:13:00,3.2216,3.2236,3.2206,3.2226,3.2266,3.2286,3.2256,3.2276,17
2026-07-03 15:14:00,3.2221,3.2226,3.2206,3.2206,3.2271,3.2276,3.2256,3.2256,11
2026-07-03 15:15:00,3.2196,3.2206,3.2196,3.2196,3.2246,3.2256,3.2246,3.2246,7
2026-07-03 15:16:00,3.2186,3.2186,3.2156,3.2156,3.2236,3.2236,3.2206,3.2206,12
2026-07-03 15:17:00,3.2166,3.2176,3.2166,3.2176,3.2216,3.2226,3.2216,3.2226,4
2026-07-03 15:19:00,3.2181,3.2216,3.2181,3.2211,3.2231,3.2266,3.2231,3.2261,22
2026-07-03 15:20:00,3.2206,3.2226,3.2206,3.2216,3.2256,3.2276,3.2256,3.2266,6
2026-07-03 15:21:00,3.2226,3.2236,3.2206,3.2226,3.2276,3.2286,3.2256,3.2276,17
2026-07-03 15:22:00,3.2216,3.2226,3.2196,3.2216,3.2266,3.2276,3.2246,3.2266,16
2026-07-03 15:23:00,3.2226,3.2226,3.2176,3.2186,3.2276,3.2276,3.2226,3.2236,17
2026-07-03 15:24:00,3.2196,3.2196,3.2156,3.2156,3.2246,3.2246,3.2206,3.2206,9
2026-07-03 15:25:00,3.2166,3.2166,3.2156,3.2156,3.2216,3.2216,3.2206,3.2206,6
2026-07-03 15:26:00,3.2166,3.2186,3.2166,3.2176,3.2216,3.2236,3.2216,3.2226,14
2026-07-03 15:27:00,3.2171,3.2186,3.2171,3.2186,3.2221,3.2236,3.2221,3.2236,4
2026-07-03 15:28:00,3.2196,3.2206,3.2196,3.2206,3.2246,3.2256,3.2246,3.2256,2
2026-07-03 15:29:00,3.2196,3.2236,3.2196,3.2236,3.2246,3.2286,3.2246,3.2286,7
2026-07-03 15:30:00,3.2226,3.2226,3.2206,3.2206,3.2276,3.2276,3.2256,3.2256,3
2026-07-03 15:31:00,3.2196,3.2206,3.2186,3.2186,3.2246,3.2256,3.2236,3.2236,18
2026-07-03 15:32:00,3.2196,3.2206,3.2186,3.2196,3.2246,3.2256,3.2236,3.2246,9
2026-07-03 15:33:00,3.2191,3.2216,3.2186,3.2206,3.2241,3.2266,3.2236,3.2256,8
2026-07-03 15:34:00,3.2216,3.2226,3.2216,3.2216,3.2266,3.2276,3.2266,3.2266,10
2026-07-03 15:35:00,3.2211,3.2216,3.2206,3.2216,3.2261,3.2266,3.2256,3.2266,9
2026-07-03 15:36:00,3.2226,3.2226,3.2206,3.2216,3.2276,3.2276,3.2256,3.2266,9
2026-07-03 15:37:00,3.2211,3.2211,3.2196,3.2196,3.2261,3.2261,3.2246,3.2246,4
2026-07-03 15:38:00,3.2191,3.2191,3.2156,3.2166,3.2241,3.2241,3.2206,3.2216,18
2026-07-03 15:39:00,3.2176,3.2176,3.2146,3.2156,3.2226,3.2226,3.2196,3.2206,12
2026-07-03 15:40:00,3.2151,3.2166,3.2116,3.2136,3.2201,3.2216,3.2166,3.2186,21
2026-07-03 15:41:00,3.2146,3.2156,3.2146,3.2156,3.2196,3.2206,3.2196,3.2206,3
2026-07-03 15:42:00,3.2166,3.2166,3.2166,3.2166,3.2216,3.2216,3.2216,3.2216,1
2026-07-03 15:43:00,3.2176,3.2196,3.2156,3.2186,3.2226,3.2246,3.2206,3.2236,19
2026-07-03 15:44:00,3.2196,3.2196,3.2196,3.2196,3.2246,3.2246,3.2246,3.2246,1
2026-07-03 15:45:00,3.2206,3.2206,3.2196,3.2196,3.2256,3.2256,3.2246,3.2246,5
2026-07-03 15:46:00,3.2186,3.2206,3.2186,3.2196,3.2236,3.2256,3.2236,3.2246,4
2026-07-03 15:47:00,3.2186,3.2206,3.2186,3.2196,3.2236,3.2256,3.2236,3.2246,9
2026-07-03 15:48:00,3.2201,3.2216,3.2196,3.2216,3.2251,3.2266,3.2246,3.2266,14
2026-07-03 15:49:00,3.2206,3.2226,3.2206,3.2221,3.2256,3.2276,3.2256,3.2271,21
2026-07-03 15:50:00,3.2226,3.2226,3.2196,3.2196,3.2276,3.2276,3.2246,3.2246,8
2026-07-03 15:51:00,3.2206,3.2206,3.2186,3.2186,3.2256,3.2256,3.2236,3.2236,10
2026-07-03 15:52:00,3.2181,3.2196,3.2181,3.2196,3.2231,3.2246,3.2231,3.2246,7
2026-07-03 15:53:00,3.2201,3.2216,3.2196,3.2216,3.2251,3.2266,3.2246,3.2266,8
2026-07-03 15:54:00,3.2226,3.2226,3.2206,3.2206,3.2276,3.2276,3.2256,3.2256,13
2026-07-03 15:55:00,3.2216,3.2226,3.2216,3.2226,3.2266,3.2276,3.2266,3.2276,8
2026-07-03 15:56:00,3.2216,3.2236,3.2216,3.2216,3.2266,3.2286,3.2266,3.2266,5
2026-07-03 15:57:00,3.2211,3.2211,3.2206,3.2206,3.2261,3.2261,3.2256,3.2256,2
2026-07-03 15:59:00,3.2196,3.2206,3.2176,3.2186,3.2246,3.2256,3.2226,3.2236,6
2026-07-03 16:00:00,3.2191,3.2216,3.2191,3.2216,3.2241,3.2266,3.2241,3.2266,7
2026-07-03 16:01:00,3.2221,3.2266,3.2221,3.2256,3.2271,3.2316,3.2271,3.2306,15
2026-07-03 16:02:00,3.2266,3.2266,3.2236,3.2266,3.2316,3.2316,3.2286,3.2316,23
2026-07-03 16:03:00,3.2256,3.2256,3.2246,3.2246,3.2306,3.2306,3.2296,3.2296,6
2026-07-03 16:04:00,3.2241,3.2306,3.2236,3.2266,3.2291,3.2356,3.2286,3.2316,38
2026-07-03 16:05:00,3.2256,3.2296,3.2256,3.2296,3.2306,3.2346,3.2306,3.2346,14
2026-07-03 16:06:00,3.2286,3.2296,3.2276,3.2296,3.2336,3.2346,3.2326,3.2346,26
2026-07-03 16:07:00,3.2306,3.2346,3.2306,3.2306,3.2356,3.2396,3.2356,3.2356,39
2026-07-03 16:08:00,3.2296,3.2296,3.2286,3.2296,3.2346,3.2346,3.2336,3.2346,7
2026-07-03 16:09:00,3.2286,3.2296,3.2276,3.2296,3.2336,3.2346,3.2326,3.2346,10
2026-07-03 16:10:00,3.2301,3.2306,3.2246,3.2246,3.2351,3.2356,3.2296,3.2296,10
2026-07-03 16:11:00,3.2236,3.2256,3.2236,3.2241,3.2286,3.2306,3.2286,3.2291,7
2026-07-03 16:12:00,3.2236,3.2236,3.2236,3.2236,3.2286,3.2286,3.2286,3.2286,1
2026-07-03 16:13:00,3.2226,3.2236,3.2206,3.2206,3.2276,3.2286,3.2256,3.2256,9
2026-07-03 16:14:00,3.2216,3.2216,3.2156,3.2176,3.2266,3.2266,3.2206,3.2226,34
2026-07-03 16:15:00,3.2171,3.2171,3.2136,3.2156,3.2221,3.2221,3.2186,3.2206,23
2026-07-03 16:16:00,3.2166,3.2166,3.2141,3.2156,3.2216,3.2216,3.2191,3.2206,9
2026-07-03 16:17:00,3.2161,3.2166,3.2156,3.2166,3.2211,3.2216,3.2206,3.2216,7
2026-07-03 16:18:00,3.2176,3.2186,3.2166,3.2176,3.2226,3.2236,3.2216,3.2226,12
2026-07-03 16:19:00,3.2181,3.2181,3.2176,3.2176,3.2231,3.2231,3.2226,3.2226,2
2026-07-03 16:20:00,3.2166,3.2176,3.2166,3.2176,3.2216,3.2226,3.2216,3.2226,2
2026-07-03 16:21:00,3.2181,3.2186,3.2181,3.2186,3.2231,3.2236,3.2231,3.2236,2
2026-07-03 16:22:00,3.2176,3.2186,3.2176,3.2186,3.2226,3.2236,3.2226,3.2236,2
2026-07-03 16:23:00,3.2196,3.2196,3.2146,3.2146,3.2246,3.2246,3.2196,3.2196,9
2026-07-03 16:24:00,3.2156,3.2166,3.2156,3.2166,3.2206,3.2216,3.2206,3.2216,7
2026-07-03 16:25:00,3.2156,3.2156,3.2146,3.2146,3.2206,3.2206,3.2196,3.2196,2
2026-07-03 16:26:00,3.2156,3.2156,3.2116,3.2136,3.2206,3.2206,3.2166,3.2186,8
2026-07-03 16:27:00,3.2146,3.2146,3.2136,3.2146,3.2196,3.2196,3.2186,3.2196,3
2026-07-03 16:28:00,3.2151,3.2151,3.2126,3.2126,3.2201,3.2201,3.2176,3.2176,11
2026-07-03 16:29:00,3.2136,3.2176,3.2136,3.2156,3.2186,3.2226,3.2186,3.2206,12
2026-07-03 16:30:00,3.2166,3.2176,3.2161,3.2171,3.2216,3.2226,3.2211,3.2221,9
2026-07-03 16:31:00,3.2176,3.2191,3.2166,3.2171,3.2226,3.2241,3.2216,3.2221,15
2026-07-03 16:32:00,3.2166,3.2166,3.2156,3.2156,3.2216,3.2216,3.2206,3.2206,7
2026-07-03 16:33:00,3.2146,3.2146,3.2106,3.2116,3.2196,3.2196,3.2156,3.2166,12
2026-07-03 16:34:00,3.2106,3.2106,3.2096,3.2106,3.2156,3.2156,3.2146,3.2156,3
2026-07-03 16:35:00,3.2116,3.2116,3.2106,3.2106,3.2166,3.2166,3.2156,3.2156,5
2026-07-03 16:36:00,3.2111,3.2136,3.2106,3.2126,3.2161,3.2186,3.2156,3.2176,7
2026-07-03 16:37:00,3.2136,3.2136,3.2126,3.2126,3.2186,3.2186,3.2176,3.2176,4
2026-07-03 16:38:00,3.2131,3.2136,3.2076,3.2086,3.2181,3.2186,3.2126,3.2136,18
2026-07-03 16:39:00,3.2076,3.2096,3.2076,3.2086,3.2126,3.2146,3.2126,3.2136,5
2026-07-03 16:40:00,3.2091,3.2096,3.2036,3.2041,3.2141,3.2146,3.2086,3.2091,21
2026-07-03 16:41:00,3.2036,3.2046,3.1996,3.2026,3.2086,3.2096,3.2046,3.2076,28
2026-07-03 16:42:00,3.2016,3.2026,3.2016,3.2026,3.2066,3.2076,3.2066,3.2076,7
2026-07-03 16:43:00,3.2036,3.2036,3.2036,3.2036,3.2086,3.2086,3.2086,3.2086,1
2026-07-03 16:44:00,3.2041,3.2056,3.2026,3.2056,3.2091,3.2106,3.2076,3.2106,9
2026-07-03 16:45:00,3.2051,3.2051,3.2036,3.2046,3.2101,3.2101,3.2086,3.2096,6
2026-07-03 16:46:00,3.2041,3.2046,3.2036,3.2036,3.2091,3.2096,3.2086,3.2086,3
2026-07-03 16:47:00,3.2026,3.2026,3.1996,3.2006,3.2076,3.2076,3.2046,3.2056,13
2026-07-03 16:48:00,3.2011,3.2016,3.1996,3.1996,3.2061,3.2066,3.2046,3.2046,14
2026-07-03 16:51:00,3.1986,3.2016,3.1976,3.1996,3.2036,3.2066,3.2026,3.2046,15
2026-07-03 16:52:00,3.2006,3.2006,3.1986,3.1996,3.2056,3.2056,3.2036,3.2046,6
2026-07-03 16:53:00,3.1986,3.2006,3.1976,3.2006,3.2036,3.2056,3.2026,3.2056,8
2026-07-03 16:54:00,3.2011,3.2011,3.2006,3.2006,3.2061,3.2061,3.2056,3.2056,2
2026-07-03 16:55:00,3.2016,3.2026,3.1996,3.1996,3.2066,3.2076,3.2046,3.2046,16
2026-07-03 16:56:00,3.1991,3.1991,3.1976,3.1986,3.2041,3.2041,3.2026,3.2036,14
2026-07-03 16:57:00,3.1996,3.2016,3.1996,3.2016,3.2046,3.2066,3.2046,3.2066,17
2026-07-03 16:58:00,3.2011,3.2016,3.2006,3.2006,3.2061,3.2066,3.2056,3.2056,8
2026-07-03 16:59:00,3.2016,3.2016,3.2006,3.2016,3.2066,3.2066,3.2056,3.2066,12
2026-07-03 17:00:00,3.2006,3.2006,3.1946,3.1956,3.2056,3.2056,3.1996,3.2006,18
2026-07-03 17:01:00,3.1966,3.1986,3.1956,3.1956,3.2016,3.2036,3.2006,3.2006,17
2026-07-03 17:02:00,3.1966,3.1971,3.1966,3.1966,3.2016,3.2021,3.2016,3.2016,5
2026-07-03 17:03:00,3.1956,3.1966,3.1956,3.1966,3.2006,3.2016,3.2006,3.2016,15
2026-07-03 17:04:00,3.1971,3.1976,3.1966,3.1976,3.2021,3.2026,3.2016,3.2026,3
2026-07-03 17:05:00,3.1966,3.1986,3.1966,3.1986,3.2016,3.2036,3.2016,3.2036,11
2026-07-03 17:06:00,3.1991,3.1996,3.1966,3.1976,3.2041,3.2046,3.2016,3.2026,14
2026-07-03 17:07:00,3.1971,3.1976,3.1966,3.1976,3.2021,3.2026,3.2016,3.2026,7
2026-07-03 17:09:00,3.1966,3.1986,3.1966,3.1966,3.2016,3.2036,3.2016,3.2016,13
2026-07-03 17:10:00,3.1976,3.1986,3.1976,3.1986,3.2026,3.2036,3.2026,3.2036,8
2026-07-03 17:11:00,3.1996,3.1996,3.1986,3.1996,3.2046,3.2046,3.2036,3.2046,8
2026-07-03 17:12:00,3.1991,3.1996,3.1986,3.1986,3.2041,3.2046,3.2036,3.2036,3
2026-07-03 17:13:00,3.1976,3.1996,3.1976,3.1986,3.2026,3.2046,3.2026,3.2036,14
2026-07-03 17:14:00,3.1981,3.1986,3.1966,3.1976,3.2031,3.2036,3.2016,3.2026,7
2026-07-03 17:15:00,3.1981,3.1986,3.1976,3.1986,3.2031,3.2036,3.2026,3.2036,8
2026-07-03 17:16:00,3.1976,3.1981,3.1966,3.1976,3.2026,3.2031,3.2016,3.2026,7
2026-07-03 17:17:00,3.1986,3.1986,3.1936,3.1936,3.2036,3.2036,3.1986,3.1986,8
2026-07-03 17:18:00,3.1926,3.1936,3.1906,3.1926,3.1976,3.1986,3.1956,3.1976,21
2026-07-03 17:19:00,3.1916,3.1936,3.1916,3.1936,3.1966,3.1986,3.1966,3.1986,5
2026-07-03 17:20:00,3.1946,3.1956,3.1936,3.1936,3.1996,3.2006,3.1986,3.1986,8
2026-07-03 17:21:00,3.1926,3.1946,3.1926,3.1936,3.1976,3.1996,3.1976,3.1986,12
2026-07-03 17:22:00,3.1946,3.1946,3.1936,3.1946,3.1996,3.1996,3.1986,3.1996,3
2026-07-03 17:23:00,3.1956,3.1966,3.1956,3.1966,3.2006,3.2016,3.2006,3.2016,2
2026-07-03 17:25:00,3.1976,3.1986,3.1966,3.1976,3.2026,3.2036,3.2016,3.2026,7
2026-07-03 17:26:00,3.1966,3.1966,3.1956,3.1956,3.2016,3.2016,3.2006,3.2006,2
2026-07-03 17:27:00,3.1946,3.1966,3.1916,3.1916,3.1996,3.2016,3.1966,3.1966,16
2026-07-03 17:28:00,3.1926,3.1936,3.1926,3.1926,3.1976,3.1986,3.1976,3.1976,6
2026-07-03 17:29:00,3.1936,3.1956,3.1936,3.1946,3.1986,3.2006,3.1986,3.1996,7
2026-07-03 17:30:00,3.1956,3.1956,3.1951,3.1956,3.2006,3.2006,3.2001,3.2006,5
2026-07-03 17:31:00,3.1946,3.1956,3.1936,3.1946,3.1996,3.2006,3.1986,3.1996,9
2026-07-03 17:32:00,3.1941,3.1956,3.1941,3.1956,3.1991,3.2006,3.1991,3.2006,10
2026-07-03 17:34:00,3.1946,3.1956,3.1946,3.1956,3.1996,3.2006,3.1996,3.2006,4
2026-07-03 17:35:00,3.1966,3.1966,3.1966,3.1966,3.2016,3.2016,3.2016,3.2016,1
2026-07-03 17:36:00,3.1976,3.1986,3.1976,3.1986,3.2026,3.2036,3.2026,3.2036,4
2026-07-03 17:37:00,3.1976,3.1986,3.1976,3.1976,3.2026,3.2036,3.2026,3.2026,5
2026-07-03 17:38:00,3.1986,3.1986,3.1956,3.1976,3.2036,3.2036,3.2006,3.2026,9
2026-07-03 17:39:00,3.1986,3.1996,3.1976,3.1996,3.2036,3.2046,3.2026,3.2046,6
2026-07-03 17:40:00,3.2001,3.2001,3.1986,3.1986,3.2051,3.2051,3.2036,3.2036,3
2026-07-03 17:41:00,3.1991,3.1996,3.1986,3.1996,3.2041,3.2046,3.2036,3.2046,4
2026-07-03 17:42:00,3.2001,3.2006,3.2001,3.2006,3.2051,3.2056,3.2051,3.2056,2
2026-07-03 17:45:00,3.2016,3.2036,3.2006,3.2036,3.2066,3.2086,3.2056,3.2086,7
2026-07-03 17:46:00,3.2026,3.2036,3.2026,3.2026,3.2076,3.2086,3.2076,3.2076,9
2026-07-03 17:47:00,3.2036,3.2046,3.2036,3.2036,3.2086,3.2096,3.2086,3.2086,5
2026-07-03 17:48:00,3.2046,3.2046,3.2046,3.2046,3.2096,3.2096,3.2096,3.2096,1
2026-07-03 17:50:00,3.2056,3.2056,3.2026,3.2046,3.2106,3.2106,3.2076,3.2096,19
2026-07-03 17:51:00,3.2036,3.2051,3.2036,3.2046,3.2086,3.2101,3.2086,3.2096,4
2026-07-03 17:52:00,3.2056,3.2056,3.2056,3.2056,3.2106,3.2106,3.2106,3.2106,1
2026-07-03 17:53:00,3.2066,3.2066,3.2066,3.2066,3.2116,3.2116,3.2116,3.2116,1
2026-07-03 17:55:00,3.2076,3.2096,3.2066,3.2066,3.2126,3.2146,3.2116,3.2116,9
2026-07-03 17:56:00,3.2056,3.2066,3.2056,3.2066,3.2106,3.2116,3.2106,3.2116,2
2026-07-03 17:57:00,3.2076,3.2076,3.2066,3.2076,3.2126,3.2126,3.2116,3.2126,3
2026-07-03 17:58:00,3.2071,3.2076,3.2066,3.2076,3.2121,3.2126,3.2116,3.2126,3
2026-07-03 17:59:00,3.2066,3.2096,3.2066,3.2086,3.2116,3.2146,3.2116,3.2136,14
2026-07-03 18:00:00,3.2096,3.2096,3.2076,3.2086,3.2146,3.2146,3.2126,3.2136,12
2026-07-03 18:02:00,3.2076,3.2096,3.2076,3.2096,3.2126,3.2146,3.2126,3.2146,7
2026-07-03 18:03:00,3.2086,3.2096,3.2076,3.2076,3.2136,3.2146,3.2126,3.2126,5
2026-07-03 18:04:00,3.2066,3.2066,3.2046,3.2056,3.2116,3.2116,3.2096,3.2106,7
2026-07-03 18:05:00,3.2046,3.2076,3.2046,3.2076,3.2096,3.2126,3.2096,3.2126,7
2026-07-03 18:06:00,3.2086,3.2086,3.2056,3.2056,3.2136,3.2136,3.2106,3.2106,5
2026-07-03 18:08:00,3.2066,3.2066,3.2056,3.2056,3.2116,3.2116,3.2106,3.2106,3
2026-07-03 18:09:00,3.2066,3.2086,3.2066,3.2086,3.2116,3.2136,3.2116,3.2136,7
2026-07-03 18:10:00,3.2096,3.2096,3.2096,3.2096,3.2146,3.2146,3.2146,3.2146,1
2026-07-03 18:13:00,3.2106,3.2136,3.2106,3.2126,3.2156,3.2186,3.2156,3.2176,5
2026-07-03 18:15:00,3.2136,3.2136,3.2106,3.2116,3.2186,3.2186,3.2156,3.2166,8
2026-07-03 18:16:00,3.2126,3.2126,3.2106,3.2116,3.2176,3.2176,3.2156,3.2166,15
2026-07-03 18:17:00,3.2126,3.2126,3.2116,3.2116,3.2176,3.2176,3.2166,3.2166,2
2026-07-03 18:18:00,3.2106,3.2106,3.2101,3.2106,3.2156,3.2156,3.2151,3.2156,3
2026-07-03 18:19:00,3.2096,3.2126,3.2096,3.2116,3.2146,3.2176,3.2146,3.2166,7
2026-07-03 18:20:00,3.2111,3.2121,3.2111,3.2116,3.2161,3.2171,3.2161,3.2166,4
2026-07-03 18:22:00,3.2111,3.2116,3.2106,3.2106,3.2161,3.2166,3.2156,3.2156,4
2026-07-03 18:23:00,3.2116,3.2121,3.2116,3.2116,3.2166,3.2171,3.2166,3.2166,3
2026-07-03 18:24:00,3.2126,3.2136,3.2116,3.2126,3.2176,3.2186,3.2166,3.2176,5
2026-07-03 18:25:00,3.2136,3.2136,3.2126,3.2126,3.2186,3.2186,3.2176,3.2176,2
2026-07-03 18:27:00,3.2136,3.2136,3.2131,3.2136,3.2186,3.2186,3.2181,3.2186,3
2026-07-03 18:29:00,3.2146,3.2146,3.2126,3.2136,3.2196,3.2196,3.2176,3.2186,6
2026-07-03 18:30:00,3.2126,3.2126,3.2096,3.2101,3.2176,3.2176,3.2146,3.2151,11
2026-07-03 18:31:00,3.2096,3.2106,3.2086,3.2096,3.2146,3.2156,3.2136,3.2146,7
2026-07-03 18:32:00,3.2106,3.2126,3.2106,3.2126,3.2156,3.2176,3.2156,3.2176,3
2026-07-03 18:35:00,3.2116,3.2116,3.2116,3.2116,3.2166,3.2166,3.2166,3.2166,1
2026-07-03 18:36:00,3.2106,3.2106,3.2106,3.2106,3.2156,3.2156,3.2156,3.2156,1
2026-07-03 18:37:00,3.2096,3.2096,3.2086,3.2086,3.2146,3.2146,3.2136,3.2136,4
2026-07-03 18:38:00,3.2096,3.2096,3.2076,3.2086,3.2146,3.2146,3.2126,3.2136,4
2026-07-03 18:39:00,3.2076,3.2086,3.2076,3.2086,3.2126,3.2136,3.2126,3.2136,7
2026-07-03 18:40:00,3.2076,3.2086,3.2066,3.2066,3.2126,3.2136,3.2116,3.2116,15
2026-07-03 18:41:00,3.2056,3.2066,3.2056,3.2066,3.2106,3.2116,3.2106,3.2116,2
2026-07-03 18:42:00,3.2056,3.2066,3.2056,3.2056,3.2106,3.2116,3.2106,3.2106,5
2026-07-03 18:43:00,3.2066,3.2086,3.2066,3.2076,3.2116,3.2136,3.2116,3.2126,6
2026-07-03 18:44:00,3.2086,3.2086,3.2081,3.2086,3.2136,3.2136,3.2131,3.2136,7
2026-07-03 18:45:00,3.2081,3.2081,3.2066,3.2066,3.2131,3.2131,3.2116,3.2116,5
2026-07-03 18:46:00,3.2076,3.2091,3.2071,3.2086,3.2126,3.2141,3.2121,3.2136,10
2026-07-03 18:47:00,3.2096,3.2101,3.2096,3.2096,3.2146,3.2151,3.2146,3.2146,3
2026-07-03 18:48:00,3.2101,3.2106,3.2081,3.2081,3.2151,3.2156,3.2131,3.2131,10
2026-07-03 18:49:00,3.2086,3.2086,3.2081,3.2081,3.2136,3.2136,3.2131,3.2131,2
2026-07-03 18:50:00,3.2076,3.2101,3.2076,3.2091,3.2126,3.2151,3.2126,3.2141,10
2026-07-03 18:51:00,3.2096,3.2101,3.2096,3.2096,3.2146,3.2151,3.2146,3.2146,3
2026-07-03 18:52:00,3.2091,3.2091,3.2086,3.2086,3.2141,3.2141,3.2136,3.2136,2
2026-07-03 18:53:00,3.2096,3.2096,3.2086,3.2086,3.2146,3.2146,3.2136,3.2136,4
2026-07-03 18:54:00,3.2091,3.2096,3.2086,3.2096,3.2141,3.2146,3.2136,3.2146,10
2026-07-03 18:55:00,3.2091,3.2096,3.2086,3.2086,3.2141,3.2146,3.2136,3.2136,3
2026-07-03 18:56:00,3.2091,3.2106,3.2086,3.2086,3.2141,3.2156,3.2136,3.2136,8
2026-07-03 18:57:00,3.2076,3.2076,3.2066,3.2066,3.2126,3.2126,3.2116,3.2116,2
2026-07-03 18:58:00,3.2071,3.2076,3.2066,3.2071,3.2121,3.2126,3.2116,3.2121,28
2026-07-03 18:59:00,3.2076,3.2076,3.2066,3.2076,3.2126,3.2126,3.2116,3.2126,20
2026-07-03 22:59:00,3.2004,3.2004,3.2004,3.2004,3.2024,3.2024,3.2024,3.2024,1
2026-07-06 00:00:00,3.1524,3.1759,3.1524,3.1674,3.1574,3.1809,3.1574,3.1724,62
2026-07-06 00:01:00,3.1669,3.1869,3.1644,3.1869,3.1719,3.1919,3.1694,3.1919,37
2026-07-06 00:02:00,3.1874,3.1919,3.1834,3.1909,3.1924,3.1969,3.1884,3.1959,30
2026-07-06 00:03:00,3.1919,3.1944,3.1904,3.1914,3.1969,3.1994,3.1954,3.1964,12
2026-07-06 00:04:00,3.1929,3.1964,3.1929,3.1929,3.1979,3.2014,3.1979,3.1979,10
2026-07-06 00:05:00,3.1939,3.1964,3.1939,3.1964,3.1989,3.2014,3.1989,3.2014,4
2026-07-06 00:06:00,3.1974,3.1989,3.1929,3.1934,3.2024,3.2039,3.1979,3.1984,19
2026-07-06 00:07:00,3.1939,3.1939,3.1929,3.1929,3.1989,3.1989,3.1979,3.1979,3
2026-07-06 00:08:00,3.1924,3.1924,3.1884,3.1914,3.1974,3.1974,3.1934,3.1964,11
2026-07-06 00:09:00,3.1904,3.1904,3.1874,3.1904,3.1954,3.1954,3.1924,3.1954,9
2026-07-06 00:10:00,3.1899,3.1899,3.1839,3.1854,3.1949,3.1949,3.1889,3.1904,25
2026-07-06 00:11:00,3.1844,3.1844,3.1794,3.1804,3.1894,3.1894,3.1844,3.1854,14
2026-07-06 00:12:00,3.1794,3.1794,3.1764,3.1764,3.1844,3.1844,3.1814,3.1814,6
2026-07-06 00:13:00,3.1754,3.1764,3.1749,3.1749,3.1804,3.1814,3.1799,3.1799,6
2026-07-06 00:14:00,3.1769,3.1779,3.1724,3.1724,3.1819,3.1829,3.1774,3.1774,11
2026-07-06 00:15:00,3.1734,3.1749,3.1734,3.1744,3.1784,3.1799,3.1784,3.1794,6
2026-07-06 00:17:00,3.1754,3.1759,3.1754,3.1754,3.1804,3.1809,3.1804,3.1804,5
2026-07-06 00:19:00,3.1759,3.1764,3.1754,3.1754,3.1809,3.1814,3.1804,3.1804,3
2026-07-06 00:20:00,3.1749,3.1784,3.1749,3.1784,3.1799,3.1834,3.1799,3.1834,9
2026-07-06 00:21:00,3.1789,3.1794,3.1789,3.1794,3.1839,3.1844,3.1839,3.1844,2
2026-07-06 00:22:00,3.1784,3.1784,3.1759,3.1759,3.1834,3.1834,3.1809,3.1809,4
2026-07-06 00:23:00,3.1754,3.1759,3.1754,3.1759,3.1804,3.1809,3.1804,3.1809,2
2026-07-06 00:24:00,3.1754,3.1764,3.1754,3.1764,3.1804,3.1814,3.1804,3.1814,2
2026-07-06 00:25:00,3.1754,3.1754,3.1739,3.1739,3.1804,3.1804,3.1789,3.1789,6
2026-07-06 00:26:00,3.1734,3.1734,3.1734,3.1734,3.1784,3.1784,3.1784,3.1784,1
2026-07-06 00:32:00,3.1744,3.1764,3.1744,3.1754,3.1794,3.1814,3.1794,3.1804,4
2026-07-06 00:33:00,3.1744,3.1744,3.1744,3.1744,3.1794,3.1794,3.1794,3.1794,1
2026-07-06 00:34:00,3.1754,3.1764,3.1754,3.1754,3.1804,3.1814,3.1804,3.1804,3
2026-07-06 00:35:00,3.1744,3.1784,3.1744,3.1784,3.1794,3.1834,3.1794,3.1834,8
2026-07-06 00:37:00,3.1789,3.1789,3.1784,3.1789,3.1839,3.1839,3.1834,3.1839,3
2026-07-06 00:38:00,3.1794,3.1804,3.1784,3.1799,3.1844,3.1854,3.1834,3.1849,6
2026-07-06 00:39:00,3.1794,3.1799,3.1794,3.1794,3.1844,3.1849,3.1844,3.1844,3
2026-07-06 00:41:00,3.1804,3.1804,3.1784,3.1784,3.1854,3.1854,3.1834,3.1834,6
2026-07-06 00:42:00,3.1779,3.1784,3.1779,3.1779,3.1829,3.1834,3.1829,3.1829,3
2026-07-06 00:43:00,3.1774,3.1774,3.1704,3.1714,3.1824,3.1824,3.1754,3.1764,10
2026-07-06 00:44:00,3.1709,3.1714,3.1709,3.1714,3.1759,3.1764,3.1759,3.1764,2
2026-07-06 00:46:00,3.1709,3.1709,3.1709,3.1709,3.1759,3.1759,3.1759,3.1759,1
2026-07-06 00:47:00,3.1704,3.1704,3.1704,3.1704,3.1754,3.1754,3.1754,3.1754,1
2026-07-06 00:48:00,3.1694,3.1694,3.1669,3.1674,3.1744,3.1744,3.1719,3.1724,8
2026-07-06 00:49:00,3.1664,3.1664,3.1644,3.1659,3.1714,3.1714,3.1694,3.1709,10
2026-07-06 00:50:00,3.1664,3.1669,3.1644,3.1644,3.1714,3.1719,3.1694,3.1694,10
2026-07-06 00:51:00,3.1634,3.1634,3.1614,3.1624,3.1684,3.1684,3.1664,3.1674,7
2026-07-06 00:52:00,3.1634,3.1644,3.1624,3.1644,3.1684,3.1694,3.1674,3.1694,8
2026-07-06 00:53:00,3.1639,3.1644,3.1639,3.1644,3.1689,3.1694,3.1689,3.1694,2
2026-07-06 00:56:00,3.1639,3.1639,3.1634,3.1639,3.1689,3.1689,3.1684,3.1689,3
2026-07-06 00:57:00,3.1644,3.1644,3.1624,3.1624,3.1694,3.1694,3.1674,3.1674,5
2026-07-06 00:58:00,3.1614,3.1619,3.1614,3.1619,3.1664,3.1669,3.1664,3.1669,2
2026-07-06 00:59:00,3.1624,3.1634,3.1624,3.1624,3.1674,3.1684,3.1674,3.1674,5
2026-07-06 01:00:00,3.1629,3.1629,3.1604,3.1604,3.1679,3.1679,3.1654,3.1654,7
2026-07-06 01:01:00,3.1609,3.1609,3.1574,3.1579,3.1659,3.1659,3.1624,3.1629,10
2026-07-06 01:02:00,3.1584,3.1594,3.1584,3.1589,3.1634,3.1644,3.1634,3.1639,5
2026-07-06 01:03:00,3.1594,3.1594,3.1594,3.1594,3.1644,3.1644,3.1644,3.1644,1
2026-07-06 01:05:00,3.1584,3.1584,3.1574,3.1579,3.1634,3.1634,3.1624,3.1629,3
2026-07-06 01:07:00,3.1584,3.1609,3.1584,3.1609,3.1634,3.1659,3.1634,3.1659,4
2026-07-06 01:08:00,3.1599,3.1599,3.1589,3.1589,3.1649,3.1649,3.1639,3.1639,2
2026-07-06 01:10:00,3.1584,3.1589,3.1584,3.1589,3.1634,3.1639,3.1634,3.1639,2
2026-07-06 01:11:00,3.1594,3.1594,3.1594,3.1594,3.1644,3.1644,3.1644,3.1644,1
2026-07-06 01:12:00,3.1584,3.1584,3.1584,3.1584,3.1634,3.1634,3.1634,3.1634,1
2026-07-06 01:14:00,3.1579,3.1579,3.1569,3.1569,3.1629,3.1629,3.1619,3.1619,3
2026-07-06 01:15:00,3.1574,3.1579,3.1574,3.1579,3.1624,3.1629,3.1624,3.1629,2
2026-07-06 01:16:00,3.1584,3.1619,3.1584,3.1589,3.1634,3.1669,3.1634,3.1639,10
2026-07-06 01:17:00,3.1604,3.1619,3.1589,3.1594,3.1654,3.1669,3.1639,3.1644,10
2026-07-06 01:20:00,3.1589,3.1619,3.1589,3.1614,3.1639,3.1669,3.1639,3.1664,5
2026-07-06 01:21:00,3.1619,3.1624,3.1619,3.1624,3.1669,3.1674,3.1669,3.1674,2
2026-07-06 01:22:00,3.1634,3.1644,3.1594,3.1594,3.1684,3.1694,3.1644,3.1644,14
2026-07-06 01:23:00,3.1599,3.1599,3.1599,3.1599,3.1649,3.1649,3.1649,3.1649,1
2026-07-06 01:26:00,3.1594,3.1594,3.1564,3.1569,3.1644,3.1644,3.1614,3.1619,6
2026-07-06 01:27:00,3.1564,3.1564,3.1564,3.1564,3.1614,3.1614,3.1614,3.1614,1
2026-07-06 01:28:00,3.1554,3.1554,3.1554,3.1554,3.1604,3.1604,3.1604,3.1604,1
2026-07-06 01:29:00,3.1559,3.1559,3.1554,3.1554,3.1609,3.1609,3.1604,3.1604,2
2026-07-06 01:33:00,3.1559,3.1559,3.1559,3.1559,3.1609,3.1609,3.1609,3.1609,1
2026-07-06 01:35:00,3.1564,3.1564,3.1564,3.1564,3.1614,3.1614,3.1614,3.1614,1
2026-07-06 01:38:00,3.1574,3.1574,3.1564,3.1564,3.1624,3.1624,3.1614,3.1614,3
2026-07-06 01:39:00,3.1559,3.1564,3.1559,3.1564,3.1609,3.1614,3.1609,3.1614,2
2026-07-06 01:42:00,3.1554,3.1554,3.1554,3.1554,3.1604,3.1604,3.1604,3.1604,1
2026-07-06 01:45:00,3.1544,3.1544,3.1524,3.1524,3.1594,3.1594,3.1574,3.1574,10
2026-07-06 01:46:00,3.1514,3.1514,3.1504,3.1504,3.1564,3.1564,3.1554,3.1554,3
2026-07-06 01:47:00,3.1514,3.1514,3.1504,3.1504,3.1564,3.1564,3.1554,3.1554,5
2026-07-06 01:48:00,3.1499,3.1499,3.1474,3.1474,3.1549,3.1549,3.1524,3.1524,11
2026-07-06 01:50:00,3.1469,3.1469,3.1464,3.1464,3.1519,3.1519,3.1514,3.1514,4
2026-07-06 01:51:00,3.1454,3.1474,3.1454,3.1464,3.1504,3.1524,3.1504,3.1514,7
2026-07-06 01:53:00,3.1474,3.1474,3.1414,3.1434,3.1524,3.1524,3.1464,3.1484,20
2026-07-06 01:55:00,3.1439,3.1439,3.1434,3.1434,3.1489,3.1489,3.1484,3.1484,2
2026-07-06 01:56:00,3.1444,3.1444,3.1414,3.1414,3.1494,3.1494,3.1464,3.1464,6
2026-07-06 01:57:00,3.1404,3.1404,3.1394,3.1399,3.1454,3.1454,3.1444,3.1449,6
2026-07-06 01:58:00,3.1394,3.1399,3.1394,3.1399,3.1444,3.1449,3.1444,3.1449,2
2026-07-06 01:59:00,3.1394,3.1399,3.1394,3.1394,3.1444,3.1449,3.1444,3.1444,3
2026-07-06 02:00:00,3.1399,3.1424,3.1399,3.1424,3.1449,3.1474,3.1449,3.1474,11
2026-07-06 02:01:00,3.1419,3.1419,3.1404,3.1404,3.1469,3.1469,3.1454,3.1454,5
2026-07-06 02:02:00,3.1409,3.1434,3.1404,3.1434,3.1459,3.1484,3.1454,3.1484,8
2026-07-06 02:03:00,3.1444,3.1444,3.1434,3.1444,3.1494,3.1494,3.1484,3.1494,3
2026-07-06 02:04:00,3.1434,3.1439,3.1404,3.1424,3.1484,3.1489,3.1454,3.1474,12
2026-07-06 02:05:00,3.1429,3.1429,3.1394,3.1394,3.1479,3.1479,3.1444,3.1444,7
2026-07-06 02:06:00,3.1404,3.1424,3.1394,3.1394,3.1454,3.1474,3.1444,3.1444,9
2026-07-06 02:07:00,3.1384,3.1414,3.1364,3.1404,3.1434,3.1464,3.1414,3.1454,15
2026-07-06 02:08:00,3.1409,3.1414,3.1404,3.1414,3.1459,3.1464,3.1454,3.1464,3
2026-07-06 02:09:00,3.1419,3.1434,3.1419,3.1424,3.1469,3.1484,3.1469,3.1474,6
2026-07-06 02:10:00,3.1434,3.1444,3.1434,3.1444,3.1484,3.1494,3.1484,3.1494,6
2026-07-06 02:11:00,3.1439,3.1444,3.1434,3.1439,3.1489,3.1494,3.1484,3.1489,8
2026-07-06 02:12:00,3.1434,3.1444,3.1434,3.1444,3.1484,3.1494,3.1484,3.1494,4
2026-07-06 02:13:00,3.1439,3.1439,3.1439,3.1439,3.1489,3.1489,3.1489,3.1489,1
2026-07-06 02:14:00,3.1434,3.1434,3.1424,3.1424,3.1484,3.1484,3.1474,3.1474,2
2026-07-06 02:15:00,3.1434,3.1434,3.1394,3.1394,3.1484,3.1484,3.1444,3.1444,9
2026-07-06 02:16:00,3.1404,3.1404,3.1394,3.1394,3.1454,3.1454,3.1444,3.1444,2
2026-07-06 02:17:00,3.1404,3.1424,3.1394,3.1424,3.1454,3.1474,3.1444,3.1474,6
2026-07-06 02:18:00,3.1414,3.1419,3.1414,3.1419,3.1464,3.1469,3.1464,3.1469,2
2026-07-06 02:19:00,3.1414,3.1419,3.1409,3.1419,3.1464,3.1469,3.1459,3.1469,4
2026-07-06 02:20:00,3.1414,3.1424,3.1414,3.1414,3.1464,3.1474,3.1464,3.1464,3
2026-07-06 02:21:00,3.1419,3.1424,3.1414,3.1424,3.1469,3.1474,3.1464,3.1474,8
2026-07-06 02:22:00,3.1414,3.1414,3.1409,3.1409,3.1464,3.1464,3.1459,3.1459,2
2026-07-06 02:23:00,3.1404,3.1414,3.1404,3.1409,3.1454,3.1464,3.1454,3.1459,3
2026-07-06 02:24:00,3.1414,3.1414,3.1409,3.1414,3.1464,3.1464,3.1459,3.1464,3
2026-07-06 02:26:00,3.1409,3.1409,3.1394,3.1404,3.1459,3.1459,3.1444,3.1454,5
2026-07-06 02:27:00,3.1409,3.1414,3.1409,3.1409,3.1459,3.1464,3.1459,3.1459,3
2026-07-06 02:28:00,3.1404,3.1404,3.1394,3.1399,3.1454,3.1454,3.1444,3.1449,4
2026-07-06 02:29:00,3.1394,3.1404,3.1394,3.1404,3.1444,3.1454,3.1444,3.1454,3
2026-07-06 02:30:00,3.1399,3.1399,3.1394,3.1394,3.1449,3.1449,3.1444,3.1444,2
2026-07-06 02:31:00,3.1404,3.1409,3.1404,3.1409,3.1454,3.1459,3.1454,3.1459,2
2026-07-06 02:32:00,3.1404,3.1404,3.1394,3.1394,3.1454,3.1454,3.1444,3.1444,2
2026-07-06 02:34:00,3.1404,3.1409,3.1394,3.1404,3.1454,3.1459,3.1444,3.1454,5
2026-07-06 02:35:00,3.1409,3.1409,3.1404,3.1404,3.1459,3.1459,3.1454,3.1454,2
2026-07-06 02:36:00,3.1409,3.1414,3.1404,3.1409,3.1459,3.1464,3.1454,3.1459,9
2026-07-06 02:37:00,3.1404,3.1414,3.1404,3.1414,3.1454,3.1464,3.1454,3.1464,3
2026-07-06 02:38:00,3.1404,3.1404,3.1404,3.1404,3.1454,3.1454,3.1454,3.1454,1
2026-07-06 02:40:00,3.1414,3.1424,3.1414,3.1414,3.1464,3.1474,3.1464,3.1464,4
2026-07-06 02:41:00,3.1399,3.1404,3.1384,3.1394,3.1449,3.1454,3.1434,3.1444,7
2026-07-06 02:43:00,3.1389,3.1394,3.1384,3.1384,3.1439,3.1444,3.1434,3.1434,6
2026-07-06 02:44:00,3.1379,3.1384,3.1374,3.1374,3.1429,3.1434,3.1424,3.1424,5
2026-07-06 02:45:00,3.1379,3.1379,3.1374,3.1374,3.1429,3.1429,3.1424,3.1424,2
2026-07-06 02:47:00,3.1379,3.1394,3.1379,3.1394,3.1429,3.1444,3.1429,3.1444,10
2026-07-06 02:48:00,3.1384,3.1384,3.1379,3.1384,3.1434,3.1434,3.1429,3.1434,3
2026-07-06 02:49:00,3.1389,3.1389,3.1379,3.1379,3.1439,3.1439,3.1429,3.1429,3
2026-07-06 02:51:00,3.1384,3.1394,3.1384,3.1389,3.1434,3.1444,3.1434,3.1439,4
2026-07-06 02:53:00,3.1384,3.1384,3.1354,3.1354,3.1434,3.1434,3.1404,3.1404,4
2026-07-06 02:54:00,3.1344,3.1344,3.1304,3.1304,3.1394,3.1394,3.1354,3.1354,10
2026-07-06 02:55:00,3.1299,3.1304,3.1299,3.1304,3.1349,3.1354,3.1349,3.1354,2
2026-07-06 02:56:00,3.1314,3.1334,3.1314,3.1314,3.1364,3.1384,3.1364,3.1364,9
2026-07-06 02:57:00,3.1304,3.1304,3.1284,3.1294,3.1354,3.1354,3.1334,3.1344,6
2026-07-06 02:58:00,3.1289,3.1289,3.1284,3.1284,3.1339,3.1339,3.1334,3.1334,2
2026-07-06 02:59:00,3.1274,3.1274,3.1259,3.1274,3.1324,3.1324,3.1309,3.1324,12
2026-07-06 03:00:00,3.1284,3.1304,3.1279,3.1279,3.1334,3.1354,3.1329,3.1329,15
2026-07-06 03:01:00,3.1284,3.1284,3.1264,3.1264,3.1334,3.1334,3.1314,3.1314,6
2026-07-06 03:02:00,3.1274,3.1294,3.1274,3.1274,3.1324,3.1344,3.1324,3.1324,7
2026-07-06 03:03:00,3.1284,3.1284,3.1274,3.1274,3.1334,3.1334,3.1324,3.1324,4
2026-07-06 03:04:00,3.1279,3.1284,3.1274,3.1284,3.1329,3.1334,3.1324,3.1334,3
2026-07-06 03:05:00,3.1274,3.1274,3.1254,3.1259,3.1324,3.1324,3.1304,3.1309,9
2026-07-06 03:06:00,3.1264,3.1274,3.1254,3.1264,3.1314,3.1324,3.1304,3.1314,10
2026-07-06 03:07:00,3.1274,3.1274,3.1269,3.1274,3.1324,3.1324,3.1319,3.1324,3
2026-07-06 03:08:00,3.1264,3.1264,3.1254,3.1264,3.1314,3.1314,3.1304,3.1314,9
2026-07-06 03:09:00,3.1254,3.1259,3.1254,3.1259,3.1304,3.1309,3.1304,3.1309,2
2026-07-06 03:10:00,3.1264,3.1274,3.1264,3.1264,3.1314,3.1324,3.1314,3.1314,9
2026-07-06 03:11:00,3.1269,3.1274,3.1269,3.1274,3.1319,3.1324,3.1319,3.1324,2
2026-07-06 03:12:00,3.1279,3.1284,3.1264,3.1274,3.1329,3.1334,3.1314,3.1324,9
2026-07-06 03:13:00,3.1269,3.1269,3.1234,3.1234,3.1319,3.1319,3.1284,3.1284,5
2026-07-06 03:14:00,3.1244,3.1244,3.1234,3.1234,3.1294,3.1294,3.1284,3.1284,5
2026-07-06 03:15:00,3.1244,3.1264,3.1244,3.1254,3.1294,3.1314,3.1294,3.1304,6
2026-07-06 03:18:00,3.1244,3.1244,3.1244,3.1244,3.1294,3.1294,3.1294,3.1294,1
2026-07-06 03:19:00,3.1234,3.1239,3.1234,3.1239,3.1284,3.1289,3.1284,3.1289,2
2026-07-06 03:20:00,3.1234,3.1234,3.1224,3.1234,3.1284,3.1284,3.1274,3.1284,4
2026-07-06 03:21:00,3.1224,3.1234,3.1224,3.1234,3.1274,3.1284,3.1274,3.1284,2
2026-07-06 03:24:00,3.1229,3.1234,3.1224,3.1234,3.1279,3.1284,3.1274,3.1284,4
2026-07-06 03:25:00,3.1239,3.1244,3.1239,3.1244,3.1289,3.1294,3.1289,3.1294,2
2026-07-06 03:26:00,3.1234,3.1244,3.1234,3.1234,3.1284,3.1294,3.1284,3.1284,6
2026-07-06 03:27:00,3.1239,3.1244,3.1239,3.1239,3.1289,3.1294,3.1289,3.1289,3
2026-07-06 03:28:00,3.1244,3.1244,3.1239,3.1244,3.1294,3.1294,3.1289,3.1294,3
2026-07-06 03:29:00,3.1274,3.1274,3.1264,3.1264,3.1324,3.1324,3.1314,3.1314,9
2026-07-06 03:30:00,3.1254,3.1254,3.1234,3.1234,3.1304,3.1304,3.1284,3.1284,3
2026-07-06 03:32:00,3.1244,3.1244,3.1124,3.1144,3.1294,3.1294,3.1174,3.1194,31
2026-07-06 03:33:00,3.1139,3.1164,3.1134,3.1154,3.1189,3.1214,3.1184,3.1204,8
2026-07-06 03:34:00,3.1164,3.1164,3.1154,3.1154,3.1214,3.1214,3.1204,3.1204,3
2026-07-06 03:35:00,3.1159,3.1159,3.1139,3.1144,3.1209,3.1209,3.1189,3.1194,5
2026-07-06 03:37:00,3.1134,3.1144,3.1134,3.1144,3.1184,3.1194,3.1184,3.1194,10
2026-07-06 03:39:00,3.1154,3.1154,3.1154,3.1154,3.1204,3.1204,3.1204,3.1204,1
2026-07-06 03:40:00,3.1164,3.1179,3.1164,3.1164,3.1214,3.1229,3.1214,3.1214,6
2026-07-06 03:42:00,3.1174,3.1179,3.1174,3.1179,3.1224,3.1229,3.1224,3.1229,2
2026-07-06 03:43:00,3.1184,3.1184,3.1179,3.1184,3.1234,3.1234,3.1229,3.1234,3
2026-07-06 03:46:00,3.1194,3.1194,3.1194,3.1194,3.1244,3.1244,3.1244,3.1244,1
2026-07-06 03:48:00,3.1184,3.1184,3.1184,3.1184,3.1234,3.1234,3.1234,3.1234,1
2026-07-06 03:50:00,3.1174,3.1174,3.1154,3.1164,3.1224,3.1224,3.1204,3.1214,7
2026-07-06 03:51:00,3.1174,3.1184,3.1164,3.1184,3.1224,3.1234,3.1214,3.1234,5
2026-07-06 03:52:00,3.1179,3.1184,3.1174,3.1184,3.1229,3.1234,3.1224,3.1234,3
2026-07-06 03:53:00,3.1189,3.1189,3.1184,3.1184,3.1239,3.1239,3.1234,3.1234,2
2026-07-06 03:55:00,3.1189,3.1204,3.1189,3.1194,3.1239,3.1254,3.1239,3.1244,4
2026-07-06 03:56:00,3.1204,3.1204,3.1194,3.1194,3.1254,3.1254,3.1244,3.1244,4
2026-07-06 03:59:00,3.1199,3.1199,3.1194,3.1194,3.1249,3.1249,3.1244,3.1244,2
2026-07-06 04:01:00,3.1204,3.1234,3.1204,3.1234,3.1254,3.1284,3.1254,3.1284,5
2026-07-06 04:02:00,3.1224,3.1224,3.1214,3.1214,3.1274,3.1274,3.1264,3.1264,2
2026-07-06 04:03:00,3.1224,3.1234,3.1224,3.1234,3.1274,3.1284,3.1274,3.1284,4
2026-07-06 04:05:00,3.1224,3.1234,3.1219,3.1224,3.1274,3.1284,3.1269,3.1274,10
2026-07-06 04:06:00,3.1229,3.1234,3.1229,3.1234,3.1279,3.1284,3.1279,3.1284,2
2026-07-06 04:07:00,3.1244,3.1244,3.1234,3.1234,3.1294,3.1294,3.1284,3.1284,2
2026-07-06 04:08:00,3.1224,3.1224,3.1224,3.1224,3.1274,3.1274,3.1274,3.1274,1
2026-07-06 04:14:00,3.1229,3.1234,3.1229,3.1234,3.1279,3.1284,3.1279,3.1284,2
2026-07-06 04:16:00,3.1244,3.1244,3.1234,3.1239,3.1294,3.1294,3.1284,3.1289,6
2026-07-06 04:17:00,3.1249,3.1249,3.1234,3.1234,3.1299,3.1299,3.1284,3.1284,5
2026-07-06 04:19:00,3.1239,3.1254,3.1239,3.1244,3.1289,3.1304,3.1289,3.1294,5
2026-07-06 04:21:00,3.1239,3.1244,3.1239,3.1244,3.1289,3.1294,3.1289,3.1294,2
2026-07-06 04:23:00,3.1254,3.1254,3.1254,3.1254,3.1304,3.1304,3.1304,3.1304,1
2026-07-06 04:24:00,3.1244,3.1244,3.1244,3.1244,3.1294,3.1294,3.1294,3.1294,1
2026-07-06 04:26:00,3.1249,3.1254,3.1244,3.1254,3.1299,3.1304,3.1294,3.1304,4
2026-07-06 04:27:00,3.1244,3.1264,3.1244,3.1254,3.1294,3.1314,3.1294,3.1304,7
2026-07-06 04:30:00,3.1259,3.1259,3.1254,3.1254,3.1309,3.1309,3.1304,3.1304,2
2026-07-06 04:31:00,3.1259,3.1294,3.1254,3.1254,3.1309,3.1344,3.1304,3.1304,11
2026-07-06 04:35:00,3.1264,3.1264,3.1244,3.1244,3.1314,3.1314,3.1294,3.1294,3
2026-07-06 04:37:00,3.1234,3.1234,3.1194,3.1204,3.1284,3.1284,3.1244,3.1254,11
2026-07-06 04:38:00,3.1194,3.1194,3.1194,3.1194,3.1244,3.1244,3.1244,3.1244,1
2026-07-06 04:39:00,3.1184,3.1194,3.1184,3.1194,3.1234,3.1244,3.1234,3.1244,4
2026-07-06 04:40:00,3.1184,3.1194,3.1164,3.1164,3.1234,3.1244,3.1214,3.1214,14
2026-07-06 04:42:00,3.1154,3.1154,3.1154,3.1154,3.1204,3.1204,3.1204,3.1204,1
2026-07-06 04:44:00,3.1164,3.1164,3.1154,3.1164,3.1214,3.1214,3.1204,3.1214,3
2026-07-06 04:45:00,3.1154,3.1164,3.1154,3.1164,3.1204,3.1214,3.1204,3.1214,6
2026-07-06 04:46:00,3.1159,3.1164,3.1154,3.1154,3.1209,3.1214,3.1204,3.1204,10
2026-07-06 04:47:00,3.1164,3.1164,3.1164,3.1164,3.1214,3.1214,3.1214,3.1214,1
2026-07-06 04:49:00,3.1169,3.1174,3.1164,3.1174,3.1219,3.1224,3.1214,3.1224,5
2026-07-06 04:50:00,3.1179,3.1189,3.1179,3.1189,3.1229,3.1239,3.1229,3.1239,3
2026-07-06 04:51:00,3.1194,3.1194,3.1164,3.1164,3.1244,3.1244,3.1214,3.1214,8
2026-07-06 04:52:00,3.1154,3.1159,3.1154,3.1154,3.1204,3.1209,3.1204,3.1204,3
2026-07-06 04:53:00,3.1164,3.1164,3.1164,3.1164,3.1214,3.1214,3.1214,3.1214,1
2026-07-06 04:54:00,3.1154,3.1154,3.1154,3.1154,3.1204,3.1204,3.1204,3.1204,1
2026-07-06 04:57:00,3.1144,3.1164,3.1144,3.1154,3.1194,3.1214,3.1194,3.1204,6
2026-07-06 04:58:00,3.1159,3.1159,3.1159,3.1159,3.1209,3.1209,3.1209,3.1209,1
2026-07-06 04:59:00,3.1164,3.1164,3.1159,3.1159,3.1214,3.1214,3.1209,3.1209,2
2026-07-06 05:00:00,3.1169,3.1184,3.1169,3.1184,3.1219,3.1234,3.1219,3.1234,3
2026-07-06 05:01:00,3.1189,3.1189,3.1184,3.1189,3.1239,3.1239,3.1234,3.1239,5
2026-07-06 05:02:00,3.1194,3.1209,3.1194,3.1204,3.1244,3.1259,3.1244,3.1254,6
2026-07-06 05:03:00,3.1199,3.1204,3.1199,3.1204,3.1249,3.1254,3.1249,3.1254,2
2026-07-06 05:04:00,3.1209,3.1209,3.1209,3.1209,3.1259,3.1259,3.1259,3.1259,1
2026-07-06 05:05:00,3.1214,3.1214,3.1209,3.1214,3.1264,3.1264,3.1259,3.1264,3
2026-07-06 05:07:00,3.1219,3.1219,3.1219,3.1219,3.1269,3.1269,3.1269,3.1269,1
2026-07-06 05:08:00,3.1214,3.1219,3.1214,3.1219,3.1264,3.1269,3.1264,3.1269,4
2026-07-06 05:09:00,3.1224,3.1224,3.1204,3.1209,3.1274,3.1274,3.1254,3.1259,5
2026-07-06 05:10:00,3.1214,3.1214,3.1209,3.1209,3.1264,3.1264,3.1259,3.1259,2
2026-07-06 05:11:00,3.1214,3.1224,3.1214,3.1224,3.1264,3.1274,3.1264,3.1274,5
2026-07-06 05:12:00,3.1214,3.1214,3.1214,3.1214,3.1264,3.1264,3.1264,3.1264,1
2026-07-06 05:15:00,3.1204,3.1204,3.1204,3.1204,3.1254,3.1254,3.1254,3.1254,1
2026-07-06 05:16:00,3.1214,3.1224,3.1214,3.1224,3.1264,3.1274,3.1264,3.1274,3
2026-07-06 05:17:00,3.1229,3.1234,3.1224,3.1224,3.1279,3.1284,3.1274,3.1274,4
2026-07-06 05:18:00,3.1229,3.1234,3.1229,3.1234,3.1279,3.1284,3.1279,3.1284,4
2026-07-06 05:19:00,3.1239,3.1244,3.1224,3.1224,3.1289,3.1294,3.1274,3.1274,4
2026-07-06 05:20:00,3.1214,3.1214,3.1214,3.1214,3.1264,3.1264,3.1264,3.1264,1
2026-07-06 05:21:00,3.1224,3.1224,3.1224,3.1224,3.1274,3.1274,3.1274,3.1274,1
2026-07-06 05:22:00,3.1214,3.1219,3.1214,3.1219,3.1264,3.1269,3.1264,3.1269,2
2026-07-06 05:23:00,3.1224,3.1234,3.1224,3.1234,3.1274,3.1284,3.1274,3.1284,3
2026-07-06 05:25:00,3.1239,3.1244,3.1239,3.1239,3.1289,3.1294,3.1289,3.1289,3
2026-07-06 05:26:00,3.1234,3.1244,3.1234,3.1239,3.1284,3.1294,3.1284,3.1289,5
2026-07-06 05:27:00,3.1244,3.1244,3.1224,3.1224,3.1294,3.1294,3.1274,3.1274,9
2026-07-06 05:28:00,3.1214,3.1229,3.1214,3.1229,3.1264,3.1279,3.1264,3.1279,5
2026-07-06 05:29:00,3.1234,3.1239,3.1214,3.1224,3.1284,3.1289,3.1264,3.1274,7
2026-07-06 05:30:00,3.1229,3.1374,3.1229,3.1364,3.1279,3.1424,3.1279,3.1414,98
2026-07-06 05:31:00,3.1354,3.1359,3.1304,3.1324,3.1404,3.1409,3.1354,3.1374,33
2026-07-06 05:32:00,3.1334,3.1334,3.1289,3.1304,3.1384,3.1384,3.1339,3.1354,40
2026-07-06 05:33:00,3.1309,3.1314,3.1294,3.1304,3.1359,3.1364,3.1344,3.1354,40
2026-07-06 05:34:00,3.1309,3.1314,3.1294,3.1294,3.1359,3.1364,3.1344,3.1344,15
2026-07-06 05:35:00,3.1284,3.1309,3.1284,3.1304,3.1334,3.1359,3.1334,3.1354,10
2026-07-06 05:36:00,3.1299,3.1299,3.1274,3.1294,3.1349,3.1349,3.1324,3.1344,12
2026-07-06 05:37:00,3.1304,3.1304,3.1284,3.1294,3.1354,3.1354,3.1334,3.1344,12
2026-07-06 05:38:00,3.1284,3.1294,3.1274,3.1279,3.1334,3.1344,3.1324,3.1329,12
2026-07-06 05:39:00,3.1274,3.1314,3.1274,3.1294,3.1324,3.1364,3.1324,3.1344,21
2026-07-06 05:40:00,3.1284,3.1294,3.1264,3.1294,3.1334,3.1344,3.1314,3.1344,30
2026-07-06 05:41:00,3.1284,3.1294,3.1264,3.1269,3.1334,3.1344,3.1314,3.1319,39
2026-07-06 05:42:00,3.1274,3.1284,3.1264,3.1274,3.1324,3.1334,3.1314,3.1324,18
2026-07-06 05:43:00,3.1264,3.1274,3.1244,3.1244,3.1314,3.1324,3.1294,3.1294,18
2026-07-06 05:44:00,3.1249,3.1264,3.1244,3.1259,3.1299,3.1314,3.1294,3.1309,14
2026-07-06 05:45:00,3.1264,3.1264,3.1259,3.1264,3.1314,3.1314,3.1309,3.1314,3
2026-07-06 05:47:00,3.1254,3.1284,3.1254,3.1284,3.1304,3.1334,3.1304,3.1334,6
2026-07-06 05:48:00,3.1274,3.1284,3.1274,3.1284,3.1324,3.1334,3.1324,3.1334,8
2026-07-06 05:49:00,3.1294,3.1294,3.1284,3.1284,3.1344,3.1344,3.1334,3.1334,2
2026-07-06 05:50:00,3.1289,3.1304,3.1289,3.1294,3.1339,3.1354,3.1339,3.1344,12
2026-07-06 05:51:00,3.1299,3.1304,3.1294,3.1304,3.1349,3.1354,3.1344,3.1354,6
2026-07-06 05:53:00,3.1299,3.1324,3.1299,3.1324,3.1349,3.1374,3.1349,3.1374,7
2026-07-06 05:54:00,3.1314,3.1314,3.1294,3.1304,3.1364,3.1364,3.1344,3.1354,6
2026-07-06 05:55:00,3.1299,3.1304,3.1299,3.1304,3.1349,3.1354,3.1349,3.1354,2
2026-07-06 05:56:00,3.1314,3.1354,3.1314,3.1354,3.1364,3.1404,3.1364,3.1404,10
2026-07-06 05:57:00,3.1349,3.1364,3.1344,3.1364,3.1399,3.1414,3.1394,3.1414,6
2026-07-06 05:58:00,3.1354,3.1354,3.1334,3.1334,3.1404,3.1404,3.1384,3.1384,11
2026-07-06 05:59:00,3.1339,3.1339,3.1329,3.1334,3.1389,3.1389,3.1379,3.1384,12
2026-07-06 06:00:00,3.1339,3.1344,3.1334,3.1334,3.1389,3.1394,3.1384,3.1384,12
2026-07-06 06:01:00,3.1344,3.1354,3.1344,3.1354,3.1394,3.1404,3.1394,3.1404,7
2026-07-06 06:02:00,3.1344,3.1354,3.1344,3.1354,3.1394,3.1404,3.1394,3.1404,2
2026-07-06 06:03:00,3.1344,3.1344,3.1344,3.1344,3.1394,3.1394,3.1394,3.1394,1
2026-07-06 06:06:00,3.1339,3.1344,3.1324,3.1344,3.1389,3.1394,3.1374,3.1394,6
2026-07-06 06:07:00,3.1334,3.1344,3.1334,3.1344,3.1384,3.1394,3.1384,3.1394,2
2026-07-06 06:08:00,3.1354,3.1354,3.1324,3.1324,3.1404,3.1404,3.1374,3.1374,6
2026-07-06 06:09:00,3.1334,3.1344,3.1334,3.1334,3.1384,3.1394,3.1384,3.1384,10
2026-07-06 06:12:00,3.1339,3.1344,3.1334,3.1344,3.1389,3.1394,3.1384,3.1394,7
2026-07-06 06:13:00,3.1334,3.1334,3.1314,3.1314,3.1384,3.1384,3.1364,3.1364,4
2026-07-06 06:14:00,3.1324,3.1324,3.1314,3.1324,3.1374,3.1374,3.1364,3.1374,5
2026-07-06 06:15:00,3.1334,3.1334,3.1334,3.1334,3.1384,3.1384,3.1384,3.1384,1
2026-07-06 06:16:00,3.1324,3.1334,3.1324,3.1334,3.1374,3.1384,3.1374,3.1384,2
2026-07-06 06:18:00,3.1324,3.1334,3.1324,3.1334,3.1374,3.1384,3.1374,3.1384,4
2026-07-06 06:20:00,3.1324,3.1324,3.1314,3.1314,3.1374,3.1374,3.1364,3.1364,3
2026-07-06 06:21:00,3.1309,3.1334,3.1304,3.1334,3.1359,3.1384,3.1354,3.1384,9
2026-07-06 06:24:00,3.1324,3.1324,3.1324,3.1324,3.1374,3.1374,3.1374,3.1374,1
2026-07-06 06:26:00,3.1334,3.1334,3.1314,3.1314,3.1384,3.1384,3.1364,3.1364,7
2026-07-06 06:28:00,3.1304,3.1304,3.1304,3.1304,3.1354,3.1354,3.1354,3.1354,1
2026-07-06 06:35:00,3.1294,3.1294,3.1279,3.1284,3.1344,3.1344,3.1329,3.1334,6
2026-07-06 06:36:00,3.1274,3.1294,3.1274,3.1284,3.1324,3.1344,3.1324,3.1334,8
2026-07-06 06:37:00,3.1294,3.1299,3.1294,3.1294,3.1344,3.1349,3.1344,3.1344,3
2026-07-06 06:40:00,3.1304,3.1304,3.1294,3.1294,3.1354,3.1354,3.1344,3.1344,4
2026-07-06 06:41:00,3.1289,3.1294,3.1284,3.1294,3.1339,3.1344,3.1334,3.1344,3
2026-07-06 06:44:00,3.1284,3.1284,3.1284,3.1284,3.1334,3.1334,3.1334,3.1334,1
2026-07-06 06:47:00,3.1274,3.1284,3.1274,3.1274,3.1324,3.1334,3.1324,3.1324,3
2026-07-06 06:49:00,3.1264,3.1264,3.1264,3.1264,3.1314,3.1314,3.1314,3.1314,1
2026-07-06 06:51:00,3.1254,3.1264,3.1254,3.1264,3.1304,3.1314,3.1304,3.1314,2
2026-07-06 06:52:00,3.1274,3.1274,3.1264,3.1264,3.1324,3.1324,3.1314,3.1314,4
2026-07-06 06:55:00,3.1274,3.1274,3.1264,3.1264,3.1324,3.1324,3.1314,3.1314,4
2026-07-06 06:56:00,3.1274,3.1304,3.1274,3.1304,3.1324,3.1354,3.1324,3.1354,4
2026-07-06 06:58:00,3.1294,3.1294,3.1294,3.1294,3.1344,3.1344,3.1344,3.1344,1
2026-07-06 07:00:00,3.1284,3.1284,3.1284,3.1284,3.1334,3.1334,3.1334,3.1334,1
2026-07-06 07:01:00,3.1289,3.1294,3.1289,3.1294,3.1339,3.1344,3.1339,3.1344,2
2026-07-06 07:02:00,3.1284,3.1284,3.1284,3.1284,3.1334,3.1334,3.1334,3.1334,1
2026-07-06 07:03:00,3.1294,3.1299,3.1284,3.1284,3.1344,3.1349,3.1334,3.1334,4
2026-07-06 07:04:00,3.1294,3.1294,3.1274,3.1284,3.1344,3.1344,3.1324,3.1334,5
2026-07-06 07:06:00,3.1289,3.1294,3.1289,3.1289,3.1339,3.1344,3.1339,3.1339,3
2026-07-06 07:07:00,3.1294,3.1294,3.1284,3.1284,3.1344,3.1344,3.1334,3.1334,4
2026-07-06 07:08:00,3.1294,3.1294,3.1294,3.1294,3.1344,3.1344,3.1344,3.1344,1
2026-07-06 07:09:00,3.1299,3.1314,3.1299,3.1314,3.1349,3.1364,3.1349,3.1364,2
2026-07-06 07:10:00,3.1319,3.1319,3.1319,3.1319,3.1369,3.1369,3.1369,3.1369,1
2026-07-06 07:11:00,3.1324,3.1334,3.1314,3.1334,3.1374,3.1384,3.1364,3.1384,8
2026-07-06 07:12:00,3.1339,3.1344,3.1334,3.1334,3.1389,3.1394,3.1384,3.1384,3
2026-07-06 07:13:00,3.1344,3.1354,3.1344,3.1354,3.1394,3.1404,3.1394,3.1404,2
2026-07-06 07:14:00,3.1364,3.1364,3.1354,3.1354,3.1414,3.1414,3.1404,3.1404,2
2026-07-06 07:16:00,3.1344,3.1344,3.1344,3.1344,3.1394,3.1394,3.1394,3.1394,1
2026-07-06 07:18:00,3.1354,3.1354,3.1354,3.1354,3.1404,3.1404,3.1404,3.1404,1
2026-07-06 07:19:00,3.1364,3.1364,3.1354,3.1364,3.1414,3.1414,3.1404,3.1414,3
2026-07-06 07:21:00,3.1354,3.1364,3.1354,3.1364,3.1404,3.1414,3.1404,3.1414,2
2026-07-06 07:22:00,3.1359,3.1364,3.1359,3.1364,3.1409,3.1414,3.1409,3.1414,4
2026-07-06 07:25:00,3.1369,3.1404,3.1369,3.1394,3.1419,3.1454,3.1419,3.1444,8
2026-07-06 07:26:00,3.1399,3.1399,3.1394,3.1394,3.1449,3.1449,3.1444,3.1444,2
2026-07-06 07:29:00,3.1389,3.1394,3.1389,3.1394,3.1439,3.1444,3.1439,3.1444,2
2026-07-06 07:30:00,3.1404,3.1404,3.1404,3.1404,3.1454,3.1454,3.1454,3.1454,1
2026-07-06 07:31:00,3.1414,3.1414,3.1414,3.1414,3.1464,3.1464,3.1464,3.1464,1
2026-07-06 07:32:00,3.1424,3.1424,3.1419,3.1419,3.1474,3.1474,3.1469,3.1469,2
2026-07-06 07:33:00,3.1424,3.1424,3.1419,3.1424,3.1474,3.1474,3.1469,3.1474,5
2026-07-06 07:34:00,3.1434,3.1434,3.1434,3.1434,3.1484,3.1484,3.1484,3.1484,1
2026-07-06 07:35:00,3.1424,3.1454,3.1424,3.1454,3.1474,3.1504,3.1474,3.1504,6
2026-07-06 07:36:00,3.1449,3.1494,3.1449,3.1484,3.1499,3.1544,3.1499,3.1534,14
2026-07-06 07:37:00,3.1494,3.1494,3.1484,3.1494,3.1544,3.1544,3.1534,3.1544,4
2026-07-06 07:38:00,3.1484,3.1484,3.1484,3.1484,3.1534,3.1534,3.1534,3.1534,1
2026-07-06 07:39:00,3.1479,3.1479,3.1479,3.1479,3.1529,3.1529,3.1529,3.1529,1
2026-07-06 07:40:00,3.1484,3.1484,3.1434,3.1434,3.1534,3.1534,3.1484,3.1484,10
2026-07-06 07:41:00,3.1439,3.1444,3.1434,3.1444,3.1489,3.1494,3.1484,3.1494,4
2026-07-06 07:42:00,3.1439,3.1444,3.1434,3.1444,3.1489,3.1494,3.1484,3.1494,4
2026-07-06 07:44:00,3.1454,3.1484,3.1454,3.1484,3.1504,3.1534,3.1504,3.1534,7
2026-07-06 07:45:00,3.1489,3.1494,3.1489,3.1494,3.1539,3.1544,3.1539,3.1544,4
2026-07-06 07:46:00,3.1489,3.1489,3.1484,3.1484,3.1539,3.1539,3.1534,3.1534,2
2026-07-06 07:47:00,3.1474,3.1484,3.1474,3.1484,3.1524,3.1534,3.1524,3.1534,2
2026-07-06 07:50:00,3.1489,3.1494,3.1479,3.1494,3.1539,3.1544,3.1529,3.1544,6
2026-07-06 07:51:00,3.1484,3.1494,3.1484,3.1494,3.1534,3.1544,3.1534,3.1544,2
2026-07-06 07:52:00,3.1504,3.1504,3.1504,3.1504,3.1554,3.1554,3.1554,3.1554,1
2026-07-06 07:53:00,3.1514,3.1524,3.1504,3.1504,3.1564,3.1574,3.1554,3.1554,13
2026-07-06 07:54:00,3.1524,3.1584,3.1524,3.1579,3.1574,3.1634,3.1574,3.1629,9
2026-07-06 07:55:00,3.1574,3.1624,3.1569,3.1584,3.1624,3.1674,3.1619,3.1634,31
2026-07-06 07:56:00,3.1574,3.1574,3.1554,3.1559,3.1624,3.1624,3.1604,3.1609,10
2026-07-06 07:57:00,3.1569,3.1584,3.1569,3.1579,3.1619,3.1634,3.1619,3.1629,3
2026-07-06 07:58:00,3.1584,3.1604,3.1564,3.1604,3.1634,3.1654,3.1614,3.1654,8
2026-07-06 07:59:00,3.1594,3.1594,3.1594,3.1594,3.1644,3.1644,3.1644,3.1644,1
2026-07-06 08:00:00,3.1589,3.1614,3.1574,3.1614,3.1639,3.1664,3.1624,3.1664,17
2026-07-06 08:01:00,3.1624,3.1629,3.1624,3.1624,3.1674,3.1679,3.1674,3.1674,3
2026-07-06 08:02:00,3.1614,3.1664,3.1614,3.1624,3.1664,3.1714,3.1664,3.1674,26
2026-07-06 08:03:00,3.1634,3.1654,3.1624,3.1654,3.1684,3.1704,3.1674,3.1704,13
2026-07-06 08:04:00,3.1659,3.1744,3.1659,3.1734,3.1709,3.1794,3.1709,3.1784,37
2026-07-06 08:05:00,3.1744,3.1774,3.1744,3.1764,3.1794,3.1824,3.1794,3.1814,16
2026-07-06 08:06:00,3.1774,3.1774,3.1734,3.1754,3.1824,3.1824,3.1784,3.1804,21
2026-07-06 08:07:00,3.1749,3.1784,3.1744,3.1764,3.1799,3.1834,3.1794,3.1814,17
2026-07-06 08:08:00,3.1774,3.1774,3.1714,3.1764,3.1824,3.1824,3.1764,3.1814,26
2026-07-06 08:09:00,3.1754,3.1754,3.1734,3.1744,3.1804,3.1804,3.1784,3.1794,6
2026-07-06 08:10:00,3.1739,3.1774,3.1724,3.1774,3.1789,3.1824,3.1774,3.1824,16
2026-07-06 08:11:00,3.1764,3.1774,3.1754,3.1764,3.1814,3.1824,3.1804,3.1814,14
2026-07-06 08:12:00,3.1769,3.1794,3.1759,3.1774,3.1819,3.1844,3.1809,3.1824,17
2026-07-06 08:13:00,3.1769,3.1779,3.1754,3.1779,3.1819,3.1829,3.1804,3.1829,10
2026-07-06 08:14:00,3.1774,3.1794,3.1774,3.1794,3.1824,3.1844,3.1824,3.1844,8
2026-07-06 08:15:00,3.1789,3.1789,3.1764,3.1784,3.1839,3.1839,3.1814,3.1834,14
2026-07-06 08:16:00,3.1774,3.1784,3.1769,3.1774,3.1824,3.1834,3.1819,3.1824,9
2026-07-06 08:17:00,3.1769,3.1769,3.1764,3.1764,3.1819,3.1819,3.1814,3.1814,2
2026-07-06 08:18:00,3.1774,3.1794,3.1774,3.1794,3.1824,3.1844,3.1824,3.1844,3
2026-07-06 08:19:00,3.1784,3.1804,3.1774,3.1784,3.1834,3.1854,3.1824,3.1834,14
2026-07-06 08:20:00,3.1774,3.1784,3.1754,3.1754,3.1824,3.1834,3.1804,3.1804,7
2026-07-06 08:21:00,3.1764,3.1784,3.1764,3.1764,3.1814,3.1834,3.1814,3.1814,6
2026-07-06 08:22:00,3.1754,3.1764,3.1754,3.1764,3.1804,3.1814,3.1804,3.1814,2
2026-07-06 08:23:00,3.1754,3.1754,3.1704,3.1714,3.1804,3.1804,3.1754,3.1764,15
2026-07-06 08:24:00,3.1704,3.1714,3.1694,3.1714,3.1754,3.1764,3.1744,3.1764,5
2026-07-06 08:25:00,3.1724,3.1744,3.1714,3.1739,3.1774,3.1794,3.1764,3.1789,13
2026-07-06 08:26:00,3.1744,3.1744,3.1734,3.1744,3.1794,3.1794,3.1784,3.1794,11
2026-07-06 08:27:00,3.1734,3.1744,3.1734,3.1744,3.1784,3.1794,3.1784,3.1794,2
2026-07-06 08:28:00,3.1764,3.1774,3.1744,3.1774,3.1814,3.1824,3.1794,3.1824,16
2026-07-06 08:29:00,3.1769,3.1774,3.1734,3.1774,3.1819,3.1824,3.1784,3.1824,12
2026-07-06 08:30:00,3.1784,3.1824,3.1784,3.1804,3.1834,3.1874,3.1834,3.1854,18
2026-07-06 08:31:00,3.1814,3.1824,3.1774,3.1774,3.1864,3.1874,3.1824,3.1824,17
2026-07-06 08:32:00,3.1784,3.1824,3.1784,3.1824,3.1834,3.1874,3.1834,3.1874,16
2026-07-06 08:33:00,3.1829,3.1829,3.1814,3.1824,3.1879,3.1879,3.1864,3.1874,10
2026-07-06 08:34:00,3.1819,3.1834,3.1814,3.1824,3.1869,3.1884,3.1864,3.1874,11
2026-07-06 08:35:00,3.1814,3.1824,3.1804,3.1804,3.1864,3.1874,3.1854,3.1854,8
2026-07-06 08:36:00,3.1794,3.1814,3.1789,3.1809,3.1844,3.1864,3.1839,3.1859,18
2026-07-06 08:37:00,3.1804,3.1829,3.1804,3.1824,3.1854,3.1879,3.1854,3.1874,8
2026-07-06 08:38:00,3.1834,3.1834,3.1834,3.1834,3.1884,3.1884,3.1884,3.1884,1
2026-07-06 08:41:00,3.1824,3.1824,3.1814,3.1824,3.1874,3.1874,3.1864,3.1874,3
2026-07-06 08:42:00,3.1814,3.1824,3.1754,3.1764,3.1864,3.1874,3.1804,3.1814,20
2026-07-06 08:43:00,3.1754,3.1754,3.1724,3.1724,3.1804,3.1804,3.1774,3.1774,13
2026-07-06 08:44:00,3.1719,3.1719,3.1694,3.1694,3.1769,3.1769,3.1744,3.1744,12
2026-07-06 08:45:00,3.1689,3.1694,3.1684,3.1684,3.1739,3.1744,3.1734,3.1734,5
2026-07-06 08:46:00,3.1694,3.1694,3.1674,3.1684,3.1744,3.1744,3.1724,3.1734,18
2026-07-06 08:47:00,3.1689,3.1724,3.1689,3.1694,3.1739,3.1774,3.1739,3.1744,13
2026-07-06 08:48:00,3.1699,3.1784,3.1699,3.1774,3.1749,3.1834,3.1749,3.1824,12
2026-07-06 08:49:00,3.1779,3.1779,3.1774,3.1774,3.1829,3.1829,3.1824,3.1824,2
2026-07-06 08:50:00,3.1779,3.1814,3.1779,3.1804,3.1829,3.1864,3.1829,3.1854,15
2026-07-06 08:51:00,3.1794,3.1804,3.1764,3.1779,3.1844,3.1854,3.1814,3.1829,13
2026-07-06 08:52:00,3.1774,3.1794,3.1774,3.1774,3.1824,3.1844,3.1824,3.1824,7
2026-07-06 08:53:00,3.1784,3.1804,3.1784,3.1804,3.1834,3.1854,3.1834,3.1854,5
2026-07-06 08:54:00,3.1814,3.1909,3.1794,3.1864,3.1864,3.1959,3.1844,3.1914,48
2026-07-06 08:55:00,3.1854,3.1874,3.1834,3.1854,3.1904,3.1924,3.1884,3.1904,28
2026-07-06 08:56:00,3.1864,3.1864,3.1834,3.1844,3.1914,3.1914,3.1884,3.1894,12
2026-07-06 08:57:00,3.1834,3.1864,3.1829,3.1834,3.1884,3.1914,3.1879,3.1884,20
2026-07-06 08:58:00,3.1844,3.1844,3.1834,3.1844,3.1894,3.1894,3.1884,3.1894,4
2026-07-06 08:59:00,3.1854,3.1854,3.1844,3.1844,3.1904,3.1904,3.1894,3.1894,3
2026-07-06 09:00:00,3.1854,3.1864,3.1824,3.1864,3.1904,3.1914,3.1874,3.1914,28
2026-07-06 09:01:00,3.1874,3.1904,3.1854,3.1864,3.1924,3.1954,3.1904,3.1914,24
2026-07-06 09:02:00,3.1869,3.1884,3.1859,3.1884,3.1919,3.1934,3.1909,3.1934,25
2026-07-06 09:03:00,3.1894,3.1894,3.1864,3.1864,3.1944,3.1944,3.1914,3.1914,16
2026-07-06 09:04:00,3.1874,3.1904,3.1864,3.1904,3.1924,3.1954,3.1914,3.1954,10
2026-07-06 09:05:00,3.1909,3.1934,3.1894,3.1914,3.1959,3.1984,3.1944,3.1964,19
2026-07-06 09:06:00,3.1924,3.1924,3.1884,3.1884,3.1974,3.1974,3.1934,3.1934,18
2026-07-06 09:07:00,3.1874,3.1874,3.1864,3.1864,3.1924,3.1924,3.1914,3.1914,2
2026-07-06 09:08:00,3.1874,3.1874,3.1864,3.1874,3.1924,3.1924,3.1914,3.1924,5
2026-07-06 09:09:00,3.1864,3.1874,3.1854,3.1854,3.1914,3.1924,3.1904,3.1904,6
2026-07-06 09:10:00,3.1859,3.1864,3.1839,3.1844,3.1909,3.1914,3.1889,3.1894,6
2026-07-06 09:11:00,3.1839,3.1849,3.1824,3.1829,3.1889,3.1899,3.1874,3.1879,13
2026-07-06 09:12:00,3.1824,3.1864,3.1824,3.1844,3.1874,3.1914,3.1874,3.1894,11
2026-07-06 09:13:00,3.1854,3.1864,3.1844,3.1864,3.1904,3.1914,3.1894,3.1914,9
2026-07-06 09:14:00,3.1854,3.1874,3.1854,3.1864,3.1904,3.1924,3.1904,3.1914,9
2026-07-06 09:15:00,3.1874,3.1874,3.1849,3.1854,3.1924,3.1924,3.1899,3.1904,9
2026-07-06 09:16:00,3.1844,3.1844,3.1814,3.1814,3.1894,3.1894,3.1864,3.1864,4
2026-07-06 09:17:00,3.1804,3.1824,3.1804,3.1824,3.1854,3.1874,3.1854,3.1874,8
2026-07-06 09:18:00,3.1834,3.1854,3.1834,3.1854,3.1884,3.1904,3.1884,3.1904,3
2026-07-06 09:20:00,3.1849,3.1849,3.1834,3.1834,3.1899,3.1899,3.1884,3.1884,3
2026-07-06 09:21:00,3.1829,3.1834,3.1809,3.1814,3.1879,3.1884,3.1859,3.1864,6
2026-07-06 09:22:00,3.1804,3.1814,3.1804,3.1814,3.1854,3.1864,3.1854,3.1864,6
2026-07-06 09:23:00,3.1804,3.1809,3.1804,3.1804,3.1854,3.1859,3.1854,3.1854,5
2026-07-06 09:24:00,3.1809,3.1814,3.1804,3.1814,3.1859,3.1864,3.1854,3.1864,3
2026-07-06 09:25:00,3.1804,3.1814,3.1794,3.1804,3.1854,3.1864,3.1844,3.1854,6
2026-07-06 09:26:00,3.1814,3.1824,3.1799,3.1804,3.1864,3.1874,3.1849,3.1854,10
2026-07-06 09:27:00,3.1809,3.1814,3.1809,3.1814,3.1859,3.1864,3.1859,3.1864,2
2026-07-06 09:29:00,3.1804,3.1824,3.1804,3.1814,3.1854,3.1874,3.1854,3.1864,19
2026-07-06 09:31:00,3.1824,3.1834,3.1784,3.1804,3.1874,3.1884,3.1834,3.1854,10
2026-07-06 09:33:00,3.1809,3.1809,3.1804,3.1804,3.1859,3.1859,3.1854,3.1854,2
2026-07-06 09:34:00,3.1809,3.1814,3.1794,3.1794,3.1859,3.1864,3.1844,3.1844,4
2026-07-06 09:35:00,3.1804,3.1804,3.1754,3.1754,3.1854,3.1854,3.1804,3.1804,8
2026-07-06 09:36:00,3.1759,3.1764,3.1724,3.1734,3.1809,3.1814,3.1774,3.1784,7
2026-07-06 09:37:00,3.1724,3.1734,3.1694,3.1694,3.1774,3.1784,3.1744,3.1744,8
2026-07-06 09:38:00,3.1704,3.1714,3.1704,3.1704,3.1754,3.1764,3.1754,3.1754,5
2026-07-06 09:39:00,3.1709,3.1724,3.1704,3.1724,3.1759,3.1774,3.1754,3.1774,9
2026-07-06 09:40:00,3.1714,3.1714,3.1684,3.1704,3.1764,3.1764,3.1734,3.1754,8
2026-07-06 09:42:00,3.1714,3.1714,3.1674,3.1674,3.1764,3.1764,3.1724,3.1724,14
2026-07-06 09:44:00,3.1684,3.1684,3.1674,3.1674,3.1734,3.1734,3.1724,3.1724,4
2026-07-06 09:45:00,3.1684,3.1724,3.1679,3.1694,3.1734,3.1774,3.1729,3.1744,15
2026-07-06 09:47:00,3.1684,3.1684,3.1674,3.1684,3.1734,3.1734,3.1724,3.1734,3
2026-07-06 09:48:00,3.1674,3.1674,3.1644,3.1674,3.1724,3.1724,3.1694,3.1724,11
2026-07-06 09:49:00,3.1664,3.1664,3.1664,3.1664,3.1714,3.1714,3.1714,3.1714,1
2026-07-06 09:50:00,3.1654,3.1664,3.1644,3.1654,3.1704,3.1714,3.1694,3.1704,8
2026-07-06 09:51:00,3.1659,3.1664,3.1644,3.1664,3.1709,3.1714,3.1694,3.1714,10
2026-07-06 09:52:00,3.1659,3.1659,3.1654,3.1654,3.1709,3.1709,3.1704,3.1704,2
2026-07-06 09:53:00,3.1644,3.1649,3.1644,3.1644,3.1694,3.1699,3.1694,3.1694,3
2026-07-06 09:54:00,3.1634,3.1634,3.1624,3.1634,3.1684,3.1684,3.1674,3.1684,3
2026-07-06 09:55:00,3.1624,3.1634,3.1624,3.1634,3.1674,3.1684,3.1674,3.1684,2
2026-07-06 09:57:00,3.1644,3.1644,3.1634,3.1634,3.1694,3.1694,3.1684,3.1684,2
2026-07-06 09:58:00,3.1639,3.1654,3.1624,3.1644,3.1689,3.1704,3.1674,3.1694,9
2026-07-06 09:59:00,3.1654,3.1694,3.1644,3.1674,3.1704,3.1744,3.1694,3.1724,12
2026-07-06 10:00:00,3.1684,3.1694,3.1664,3.1664,3.1734,3.1744,3.1714,3.1714,7
2026-07-06 10:02:00,3.1654,3.1654,3.1644,3.1654,3.1704,3.1704,3.1694,3.1704,3
2026-07-06 10:03:00,3.1664,3.1664,3.1664,3.1664,3.1714,3.1714,3.1714,3.1714,1
2026-07-06 10:04:00,3.1674,3.1674,3.1664,3.1664,3.1724,3.1724,3.1714,3.1714,2
2026-07-06 10:06:00,3.1674,3.1674,3.1634,3.1634,3.1724,3.1724,3.1684,3.1684,10
2026-07-06 10:07:00,3.1624,3.1624,3.1624,3.1624,3.1674,3.1674,3.1674,3.1674,1
2026-07-06 10:08:00,3.1634,3.1644,3.1634,3.1644,3.1684,3.1694,3.1684,3.1694,2
2026-07-06 10:09:00,3.1654,3.1674,3.1654,3.1674,3.1704,3.1724,3.1704,3.1724,7
2026-07-06 10:10:00,3.1664,3.1674,3.1664,3.1674,3.1714,3.1724,3.1714,3.1724,2
2026-07-06 10:11:00,3.1684,3.1684,3.1634,3.1674,3.1734,3.1734,3.1684,3.1724,24
2026-07-06 10:12:00,3.1664,3.1664,3.1664,3.1664,3.1714,3.1714,3.1714,3.1714,1
2026-07-06 10:13:00,3.1674,3.1674,3.1654,3.1654,3.1724,3.1724,3.1704,3.1704,6
2026-07-06 10:14:00,3.1664,3.1664,3.1664,3.1664,3.1714,3.1714,3.1714,3.1714,1
2026-07-06 10:15:00,3.1674,3.1684,3.1674,3.1674,3.1724,3.1734,3.1724,3.1724,8
2026-07-06 10:16:00,3.1684,3.1684,3.1654,3.1664,3.1734,3.1734,3.1704,3.1714,10
2026-07-06 10:17:00,3.1659,3.1659,3.1634,3.1634,3.1709,3.1709,3.1684,3.1684,5
2026-07-06 10:18:00,3.1644,3.1644,3.1644,3.1644,3.1694,3.1694,3.1694,3.1694,1
2026-07-06 10:21:00,3.1649,3.1654,3.1644,3.1654,3.1699,3.1704,3.1694,3.1704,3
2026-07-06 10:22:00,3.1659,3.1664,3.1654,3.1664,3.1709,3.1714,3.1704,3.1714,4
2026-07-06 10:24:00,3.1654,3.1654,3.1644,3.1654,3.1704,3.1704,3.1694,3.1704,3
2026-07-06 10:25:00,3.1664,3.1664,3.1644,3.1664,3.1714,3.1714,3.1694,3.1714,5
2026-07-06 10:26:00,3.1674,3.1724,3.1674,3.1694,3.1724,3.1774,3.1724,3.1744,25
2026-07-06 10:27:00,3.1684,3.1694,3.1674,3.1684,3.1734,3.1744,3.1724,3.1734,8
2026-07-06 10:28:00,3.1689,3.1689,3.1684,3.1684,3.1739,3.1739,3.1734,3.1734,2
2026-07-06 10:29:00,3.1674,3.1674,3.1664,3.1664,3.1724,3.1724,3.1714,3.1714,3
2026-07-06 10:30:00,3.1674,3.1674,3.1674,3.1674,3.1724,3.1724,3.1724,3.1724,1
2026-07-06 10:31:00,3.1664,3.1694,3.1654,3.1684,3.1714,3.1744,3.1704,3.1734,8
2026-07-06 10:33:00,3.1674,3.1684,3.1674,3.1674,3.1724,3.1734,3.1724,3.1724,14
2026-07-06 10:34:00,3.1684,3.1684,3.1684,3.1684,3.1734,3.1734,3.1734,3.1734,1
2026-07-06 10:35:00,3.1689,3.1704,3.1689,3.1704,3.1739,3.1754,3.1739,3.1754,9
2026-07-06 10:36:00,3.1714,3.1714,3.1704,3.1714,3.1764,3.1764,3.1754,3.1764,3
2026-07-06 10:37:00,3.1704,3.1704,3.1704,3.1704,3.1754,3.1754,3.1754,3.1754,1
2026-07-06 10:40:00,3.1694,3.1704,3.1694,3.1704,3.1744,3.1754,3.1744,3.1754,8
2026-07-06 10:41:00,3.1699,3.1704,3.1674,3.1674,3.1749,3.1754,3.1724,3.1724,14
2026-07-06 10:43:00,3.1684,3.1684,3.1674,3.1674,3.1734,3.1734,3.1724,3.1724,4
2026-07-06 10:44:00,3.1679,3.1679,3.1664,3.1674,3.1729,3.1729,3.1714,3.1724,4
2026-07-06 10:45:00,3.1684,3.1694,3.1684,3.1684,3.1734,3.1744,3.1734,3.1734,5
2026-07-06 10:46:00,3.1689,3.1694,3.1679,3.1679,3.1739,3.1744,3.1729,3.1729,9
2026-07-06 10:47:00,3.1684,3.1714,3.1684,3.1714,3.1734,3.1764,3.1734,3.1764,5
2026-07-06 10:48:00,3.1709,3.1724,3.1709,3.1724,3.1759,3.1774,3.1759,3.1774,3
2026-07-06 10:49:00,3.1719,3.1724,3.1714,3.1724,3.1769,3.1774,3.1764,3.1774,5
2026-07-06 10:50:00,3.1734,3.1749,3.1724,3.1724,3.1784,3.1799,3.1774,3.1774,17
2026-07-06 10:51:00,3.1714,3.1724,3.1714,3.1714,3.1764,3.1774,3.1764,3.1764,6
2026-07-06 10:52:00,3.1719,3.1724,3.1714,3.1714,3.1769,3.1774,3.1764,3.1764,4
2026-07-06 10:53:00,3.1719,3.1724,3.1704,3.1704,3.1769,3.1774,3.1754,3.1754,4
2026-07-06 10:54:00,3.1714,3.1714,3.1714,3.1714,3.1764,3.1764,3.1764,3.1764,1
2026-07-06 10:56:00,3.1719,3.1719,3.1719,3.1719,3.1769,3.1769,3.1769,3.1769,1
2026-07-06 10:57:00,3.1714,3.1719,3.1714,3.1719,3.1764,3.1769,3.1764,3.1769,4
2026-07-06 10:58:00,3.1714,3.1714,3.1684,3.1714,3.1764,3.1764,3.1734,3.1764,9
2026-07-06 10:59:00,3.1724,3.1724,3.1724,3.1724,3.1774,3.1774,3.1774,3.1774,1
2026-07-06 11:00:00,3.1734,3.1734,3.1724,3.1734,3.1784,3.1784,3.1774,3.1784,4
2026-07-06 11:01:00,3.1724,3.1744,3.1724,3.1734,3.1774,3.1794,3.1774,3.1784,8
2026-07-06 11:02:00,3.1739,3.1739,3.1704,3.1704,3.1789,3.1789,3.1754,3.1754,9
2026-07-06 11:03:00,3.1694,3.1694,3.1664,3.1669,3.1744,3.1744,3.1714,3.1719,7
2026-07-06 11:04:00,3.1674,3.1684,3.1674,3.1674,3.1724,3.1734,3.1724,3.1724,7
2026-07-06 11:05:00,3.1684,3.1694,3.1684,3.1684,3.1734,3.1744,3.1734,3.1734,4
2026-07-06 11:06:00,3.1694,3.1714,3.1684,3.1689,3.1744,3.1764,3.1734,3.1739,15
2026-07-06 11:07:00,3.1694,3.1694,3.1674,3.1674,3.1744,3.1744,3.1724,3.1724,8
2026-07-06 11:08:00,3.1679,3.1684,3.1679,3.1684,3.1729,3.1734,3.1729,3.1734,2
2026-07-06 11:09:00,3.1694,3.1724,3.1694,3.1714,3.1744,3.1774,3.1744,3.1764,10
2026-07-06 11:10:00,3.1704,3.1714,3.1704,3.1709,3.1754,3.1764,3.1754,3.1759,6
2026-07-06 11:11:00,3.1714,3.1724,3.1714,3.1714,3.1764,3.1774,3.1764,3.1764,6
2026-07-06 11:12:00,3.1724,3.1794,3.1719,3.1774,3.1774,3.1844,3.1769,3.1824,15
2026-07-06 11:14:00,3.1784,3.1784,3.1784,3.1784,3.1834,3.1834,3.1834,3.1834,1
2026-07-06 11:15:00,3.1774,3.1774,3.1764,3.1764,3.1824,3.1824,3.1814,3.1814,4
2026-07-06 11:16:00,3.1754,3.1759,3.1744,3.1744,3.1804,3.1809,3.1794,3.1794,7
2026-07-06 11:18:00,3.1749,3.1774,3.1744,3.1774,3.1799,3.1824,3.1794,3.1824,6
2026-07-06 11:19:00,3.1784,3.1794,3.1774,3.1784,3.1834,3.1844,3.1824,3.1834,12
2026-07-06 11:20:00,3.1794,3.1804,3.1784,3.1794,3.1844,3.1854,3.1834,3.1844,6
2026-07-06 11:21:00,3.1799,3.1814,3.1799,3.1814,3.1849,3.1864,3.1849,3.1864,3
2026-07-06 11:22:00,3.1824,3.1834,3.1824,3.1834,3.1874,3.1884,3.1874,3.1884,2
2026-07-06 11:23:00,3.1824,3.1824,3.1814,3.1824,3.1874,3.1874,3.1864,3.1874,5
2026-07-06 11:24:00,3.1814,3.1824,3.1814,3.1814,3.1864,3.1874,3.1864,3.1864,4
2026-07-06 11:25:00,3.1804,3.1804,3.1794,3.1804,3.1854,3.1854,3.1844,3.1854,3
2026-07-06 11:26:00,3.1814,3.1814,3.1814,3.1814,3.1864,3.1864,3.1864,3.1864,1
2026-07-06 11:27:00,3.1819,3.1834,3.1819,3.1824,3.1869,3.1884,3.1869,3.1874,8
2026-07-06 11:28:00,3.1819,3.1819,3.1804,3.1804,3.1869,3.1869,3.1854,3.1854,3
2026-07-06 11:29:00,3.1814,3.1814,3.1814,3.1814,3.1864,3.1864,3.1864,3.1864,1
2026-07-06 11:30:00,3.1809,3.1809,3.1804,3.1804,3.1859,3.1859,3.1854,3.1854,6
2026-07-06 11:31:00,3.1809,3.1809,3.1804,3.1804,3.1859,3.1859,3.1854,3.1854,2
2026-07-06 11:32:00,3.1814,3.1854,3.1804,3.1844,3.1864,3.1904,3.1854,3.1894,10
2026-07-06 11:33:00,3.1854,3.1854,3.1834,3.1844,3.1904,3.1904,3.1884,3.1894,8
2026-07-06 11:34:00,3.1839,3.1844,3.1839,3.1844,3.1889,3.1894,3.1889,3.1894,4
2026-07-06 11:35:00,3.1834,3.1844,3.1834,3.1844,3.1884,3.1894,3.1884,3.1894,2
2026-07-06 11:36:00,3.1834,3.1844,3.1824,3.1824,3.1884,3.1894,3.1874,3.1874,8
2026-07-06 11:39:00,3.1814,3.1834,3.1814,3.1824,3.1864,3.1884,3.1864,3.1874,16
2026-07-06 11:41:00,3.1819,3.1834,3.1814,3.1834,3.1869,3.1884,3.1864,3.1884,4
2026-07-06 11:42:00,3.1839,3.1844,3.1804,3.1804,3.1889,3.1894,3.1854,3.1854,10
2026-07-06 11:43:00,3.1814,3.1819,3.1809,3.1819,3.1864,3.1869,3.1859,3.1869,4
2026-07-06 11:44:00,3.1824,3.1824,3.1824,3.1824,3.1874,3.1874,3.1874,3.1874,1
2026-07-06 11:45:00,3.1834,3.1834,3.1804,3.1804,3.1884,3.1884,3.1854,3.1854,4
2026-07-06 11:46:00,3.1809,3.1824,3.1809,3.1824,3.1859,3.1874,3.1859,3.1874,3
2026-07-06 11:47:00,3.1834,3.1834,3.1804,3.1814,3.1884,3.1884,3.1854,3.1864,7
2026-07-06 11:48:00,3.1824,3.1834,3.1824,3.1834,3.1874,3.1884,3.1874,3.1884,2
2026-07-06 11:49:00,3.1824,3.1834,3.1824,3.1824,3.1874,3.1884,3.1874,3.1874,4
2026-07-06 11:50:00,3.1819,3.1824,3.1814,3.1814,3.1869,3.1874,3.1864,3.1864,9
2026-07-06 11:53:00,3.1804,3.1814,3.1789,3.1814,3.1854,3.1864,3.1839,3.1864,5
2026-07-06 11:54:00,3.1804,3.1809,3.1799,3.1804,3.1854,3.1859,3.1849,3.1854,7
2026-07-06 11:55:00,3.1809,3.1809,3.1804,3.1804,3.1859,3.1859,3.1854,3.1854,2
2026-07-06 11:56:00,3.1794,3.1794,3.1794,3.1794,3.1844,3.1844,3.1844,3.1844,1
2026-07-06 11:57:00,3.1799,3.1804,3.1794,3.1804,3.1849,3.1854,3.1844,3.1854,6
2026-07-06 11:58:00,3.1809,3.1814,3.1804,3.1814,3.1859,3.1864,3.1854,3.1864,5
2026-07-06 11:59:00,3.1824,3.1824,3.1814,3.1824,3.1874,3.1874,3.1864,3.1874,4
2026-07-06 12:00:00,3.1834,3.1854,3.1834,3.1844,3.1884,3.1904,3.1884,3.1894,7
2026-07-06 12:01:00,3.1854,3.1884,3.1854,3.1864,3.1904,3.1934,3.1904,3.1914,8
2026-07-06 12:02:00,3.1874,3.1874,3.1874,3.1874,3.1924,3.1924,3.1924,3.1924,1
2026-07-06 12:04:00,3.1884,3.1884,3.1874,3.1874,3.1934,3.1934,3.1924,3.1924,2
2026-07-06 12:06:00,3.1884,3.1894,3.1874,3.1884,3.1934,3.1944,3.1924,3.1934,13
2026-07-06 12:07:00,3.1874,3.1884,3.1874,3.1874,3.1924,3.1934,3.1924,3.1924,3
2026-07-06 12:08:00,3.1864,3.1864,3.1864,3.1864,3.1914,3.1914,3.1914,3.1914,1
2026-07-06 12:09:00,3.1869,3.1874,3.1854,3.1854,3.1919,3.1924,3.1904,3.1904,6
2026-07-06 12:10:00,3.1859,3.1859,3.1804,3.1804,3.1909,3.1909,3.1854,3.1854,14
2026-07-06 12:11:00,3.1794,3.1804,3.1784,3.1804,3.1844,3.1854,3.1834,3.1854,10
2026-07-06 12:12:00,3.1799,3.1834,3.1799,3.1824,3.1849,3.1884,3.1849,3.1874,5
2026-07-06 12:13:00,3.1814,3.1824,3.1804,3.1824,3.1864,3.1874,3.1854,3.1874,6
2026-07-06 12:14:00,3.1829,3.1834,3.1829,3.1834,3.1879,3.1884,3.1879,3.1884,2
2026-07-06 12:15:00,3.1824,3.1824,3.1814,3.1824,3.1874,3.1874,3.1864,3.1874,8
2026-07-06 12:16:00,3.1819,3.1844,3.1794,3.1844,3.1869,3.1894,3.1844,3.1894,15
2026-07-06 12:17:00,3.1854,3.1854,3.1844,3.1844,3.1904,3.1904,3.1894,3.1894,4
2026-07-06 12:18:00,3.1849,3.1854,3.1849,3.1854,3.1899,3.1904,3.1899,3.1904,2
2026-07-06 12:19:00,3.1864,3.1914,3.1864,3.1914,3.1914,3.1964,3.1914,3.1964,15
2026-07-06 12:20:00,3.1904,3.1924,3.1894,3.1894,3.1954,3.1974,3.1944,3.1944,8
2026-07-06 12:21:00,3.1899,3.1899,3.1884,3.1884,3.1949,3.1949,3.1934,3.1934,3
2026-07-06 12:22:00,3.1894,3.1924,3.1884,3.1884,3.1944,3.1974,3.1934,3.1934,8
2026-07-06 12:23:00,3.1889,3.1899,3.1884,3.1894,3.1939,3.1949,3.1934,3.1944,6
2026-07-06 12:24:00,3.1904,3.1904,3.1894,3.1904,3.1954,3.1954,3.1944,3.1954,3
2026-07-06 12:25:00,3.1899,3.1904,3.1899,3.1904,3.1949,3.1954,3.1949,3.1954,4
2026-07-06 12:26:00,3.1894,3.1904,3.1894,3.1904,3.1944,3.1954,3.1944,3.1954,2
2026-07-06 12:27:00,3.1909,3.1909,3.1864,3.1874,3.1959,3.1959,3.1914,3.1924,16
2026-07-06 12:28:00,3.1879,3.1879,3.1864,3.1874,3.1929,3.1929,3.1914,3.1924,6
2026-07-06 12:29:00,3.1864,3.1864,3.1864,3.1864,3.1914,3.1914,3.1914,3.1914,1
2026-07-06 12:30:00,3.1854,3.1864,3.1844,3.1854,3.1904,3.1914,3.1894,3.1904,13
2026-07-06 12:31:00,3.1864,3.1864,3.1834,3.1844,3.1914,3.1914,3.1884,3.1894,5
2026-07-06 12:32:00,3.1839,3.1839,3.1824,3.1834,3.1889,3.1889,3.1874,3.1884,7
2026-07-06 12:33:00,3.1829,3.1834,3.1814,3.1814,3.1879,3.1884,3.1864,3.1864,6
2026-07-06 12:34:00,3.1819,3.1829,3.1814,3.1824,3.1869,3.1879,3.1864,3.1874,5
2026-07-06 12:35:00,3.1819,3.1819,3.1804,3.1814,3.1869,3.1869,3.1854,3.1864,4
2026-07-06 12:36:00,3.1804,3.1804,3.1794,3.1799,3.1854,3.1854,3.1844,3.1849,10
2026-07-06 12:37:00,3.1794,3.1794,3.1684,3.1694,3.1844,3.1844,3.1734,3.1744,33
2026-07-06 12:38:00,3.1704,3.1724,3.1694,3.1724,3.1754,3.1774,3.1744,3.1774,8
2026-07-06 12:39:00,3.1714,3.1724,3.1704,3.1704,3.1764,3.1774,3.1754,3.1754,6
2026-07-06 12:40:00,3.1699,3.1699,3.1654,3.1674,3.1749,3.1749,3.1704,3.1724,38
2026-07-06 12:41:00,3.1664,3.1664,3.1594,3.1624,3.1714,3.1714,3.1644,3.1674,21
2026-07-06 12:42:00,3.1614,3.1614,3.1564,3.1574,3.1664,3.1664,3.1614,3.1624,56
2026-07-06 12:43:00,3.1579,3.1584,3.1554,3.1574,3.1629,3.1634,3.1604,3.1624,31
2026-07-06 12:44:00,3.1564,3.1574,3.1554,3.1574,3.1614,3.1624,3.1604,3.1624,14
2026-07-06 12:45:00,3.1579,3.1584,3.1544,3.1559,3.1629,3.1634,3.1594,3.1609,22
2026-07-06 12:46:00,3.1564,3.1564,3.1504,3.1504,3.1614,3.1614,3.1554,3.1554,38
2026-07-06 12:47:00,3.1494,3.1494,3.1444,3.1454,3.1544,3.1544,3.1494,3.1504,31
2026-07-06 12:48:00,3.1444,3.1514,3.1444,3.1484,3.1494,3.1564,3.1494,3.1534,20
2026-07-06 12:49:00,3.1474,3.1504,3.1464,3.1504,3.1524,3.1554,3.1514,3.1554,25
2026-07-06 12:50:00,3.1494,3.1524,3.1484,3.1484,3.1544,3.1574,3.1534,3.1534,27
2026-07-06 12:51:00,3.1474,3.1484,3.1434,3.1484,3.1524,3.1534,3.1484,3.1534,21
2026-07-06 12:52:00,3.1474,3.1474,3.1464,3.1464,3.1524,3.1524,3.1514,3.1514,2
2026-07-06 12:53:00,3.1474,3.1474,3.1434,3.1444,3.1524,3.1524,3.1484,3.1494,14
2026-07-06 12:54:00,3.1434,3.1474,3.1434,3.1474,3.1484,3.1524,3.1484,3.1524,10
2026-07-06 12:55:00,3.1469,3.1474,3.1464,3.1464,3.1519,3.1524,3.1514,3.1514,11
2026-07-06 12:56:00,3.1454,3.1524,3.1454,3.1514,3.1504,3.1574,3.1504,3.1564,27
2026-07-06 12:57:00,3.1504,3.1504,3.1484,3.1494,3.1554,3.1554,3.1534,3.1544,6
2026-07-06 12:58:00,3.1484,3.1494,3.1464,3.1484,3.1534,3.1544,3.1514,3.1534,17
2026-07-06 12:59:00,3.1474,3.1484,3.1474,3.1479,3.1524,3.1534,3.1524,3.1529,5
2026-07-06 13:00:00,3.1484,3.1494,3.1454,3.1454,3.1534,3.1544,3.1504,3.1504,20
2026-07-06 13:01:00,3.1444,3.1454,3.1404,3.1404,3.1494,3.1504,3.1454,3.1454,24
2026-07-06 13:02:00,3.1409,3.1414,3.1374,3.1384,3.1459,3.1464,3.1424,3.1434,22
2026-07-06 13:03:00,3.1374,3.1384,3.1344,3.1374,3.1424,3.1434,3.1394,3.1424,31
2026-07-06 13:04:00,3.1379,3.1394,3.1379,3.1384,3.1429,3.1444,3.1429,3.1434,15
2026-07-06 13:05:00,3.1374,3.1424,3.1364,3.1404,3.1424,3.1474,3.1414,3.1454,28
2026-07-06 13:06:00,3.1399,3.1414,3.1374,3.1404,3.1449,3.1464,3.1424,3.1454,19
2026-07-06 13:07:00,3.1394,3.1414,3.1394,3.1414,3.1444,3.1464,3.1444,3.1464,13
2026-07-06 13:08:00,3.1404,3.1434,3.1384,3.1429,3.1454,3.1484,3.1434,3.1479,14
2026-07-06 13:09:00,3.1424,3.1434,3.1424,3.1424,3.1474,3.1484,3.1474,3.1474,5
2026-07-06 13:10:00,3.1414,3.1424,3.1364,3.1384,3.1464,3.1474,3.1414,3.1434,20
2026-07-06 13:11:00,3.1374,3.1384,3.1374,3.1384,3.1424,3.1434,3.1424,3.1434,3
2026-07-06 13:12:00,3.1394,3.1394,3.1394,3.1394,3.1444,3.1444,3.1444,3.1444,1
2026-07-06 13:13:00,3.1384,3.1404,3.1374,3.1374,3.1434,3.1454,3.1424,3.1424,13
2026-07-06 13:14:00,3.1384,3.1384,3.1374,3.1384,3.1434,3.1434,3.1424,3.1434,3
2026-07-06 13:15:00,3.1374,3.1379,3.1354,3.1379,3.1424,3.1429,3.1404,3.1429,9
2026-07-06 13:16:00,3.1384,3.1404,3.1384,3.1404,3.1434,3.1454,3.1434,3.1454,10
2026-07-06 13:17:00,3.1414,3.1414,3.1394,3.1394,3.1464,3.1464,3.1444,3.1444,13
2026-07-06 13:18:00,3.1384,3.1404,3.1384,3.1404,3.1434,3.1454,3.1434,3.1454,8
2026-07-06 13:19:00,3.1409,3.1424,3.1404,3.1414,3.1459,3.1474,3.1454,3.1464,7
2026-07-06 13:20:00,3.1424,3.1464,3.1424,3.1454,3.1474,3.1514,3.1474,3.1504,6
2026-07-06 13:21:00,3.1459,3.1464,3.1454,3.1454,3.1509,3.1514,3.1504,3.1504,3
2026-07-06 13:22:00,3.1459,3.1494,3.1459,3.1484,3.1509,3.1544,3.1509,3.1534,10
2026-07-06 13:23:00,3.1474,3.1489,3.1444,3.1484,3.1524,3.1539,3.1494,3.1534,18
2026-07-06 13:24:00,3.1474,3.1484,3.1464,3.1474,3.1524,3.1534,3.1514,3.1524,9
2026-07-06 13:25:00,3.1484,3.1494,3.1484,3.1484,3.1534,3.1544,3.1534,3.1534,5
2026-07-06 13:26:00,3.1494,3.1544,3.1494,3.1534,3.1544,3.1594,3.1544,3.1584,11
2026-07-06 13:27:00,3.1539,3.1574,3.1534,3.1574,3.1589,3.1624,3.1584,3.1624,11
2026-07-06 13:28:00,3.1564,3.1564,3.1544,3.1544,3.1614,3.1614,3.1594,3.1594,9
2026-07-06 13:29:00,3.1554,3.1574,3.1554,3.1554,3.1604,3.1624,3.1604,3.1604,12
2026-07-06 13:30:00,3.1564,3.1594,3.1554,3.1554,3.1614,3.1644,3.1604,3.1604,10
2026-07-06 13:31:00,3.1549,3.1554,3.1534,3.1534,3.1599,3.1604,3.1584,3.1584,18
2026-07-06 13:32:00,3.1544,3.1544,3.1514,3.1524,3.1594,3.1594,3.1564,3.1574,13
2026-07-06 13:33:00,3.1519,3.1524,3.1514,3.1514,3.1569,3.1574,3.1564,3.1564,10
2026-07-06 13:34:00,3.1524,3.1544,3.1514,3.1544,3.1574,3.1594,3.1564,3.1594,5
2026-07-06 13:35:00,3.1554,3.1574,3.1534,3.1544,3.1604,3.1624,3.1584,3.1594,14
2026-07-06 13:36:00,3.1549,3.1554,3.1549,3.1554,3.1599,3.1604,3.1599,3.1604,2
2026-07-06 13:37:00,3.1544,3.1564,3.1509,3.1524,3.1594,3.1614,3.1559,3.1574,16
2026-07-06 13:38:00,3.1534,3.1534,3.1524,3.1524,3.1584,3.1584,3.1574,3.1574,6
2026-07-06 13:39:00,3.1534,3.1564,3.1524,3.1554,3.1584,3.1614,3.1574,3.1604,16
2026-07-06 13:40:00,3.1544,3.1584,3.1534,3.1584,3.1594,3.1634,3.1584,3.1634,14
2026-07-06 13:41:00,3.1574,3.1574,3.1564,3.1564,3.1624,3.1624,3.1614,3.1614,2
2026-07-06 13:42:00,3.1584,3.1584,3.1574,3.1584,3.1634,3.1634,3.1624,3.1634,3
2026-07-06 13:43:00,3.1574,3.1594,3.1564,3.1584,3.1624,3.1644,3.1614,3.1634,14
2026-07-06 13:44:00,3.1594,3.1594,3.1574,3.1584,3.1644,3.1644,3.1624,3.1634,10
2026-07-06 13:45:00,3.1574,3.1594,3.1544,3.1544,3.1624,3.1644,3.1594,3.1594,21
2026-07-06 13:46:00,3.1534,3.1574,3.1534,3.1544,3.1584,3.1624,3.1584,3.1594,13
2026-07-06 13:47:00,3.1554,3.1559,3.1554,3.1554,3.1604,3.1609,3.1604,3.1604,5
2026-07-06 13:48:00,3.1559,3.1564,3.1559,3.1564,3.1609,3.1614,3.1609,3.1614,2
2026-07-06 13:49:00,3.1574,3.1634,3.1564,3.1624,3.1624,3.1684,3.1614,3.1674,16
2026-07-06 13:50:00,3.1614,3.1644,3.1594,3.1614,3.1664,3.1694,3.1644,3.1664,40
2026-07-06 13:51:00,3.1624,3.1634,3.1614,3.1634,3.1674,3.1684,3.1664,3.1684,18
2026-07-06 13:52:00,3.1644,3.1704,3.1614,3.1704,3.1694,3.1754,3.1664,3.1754,55
2026-07-06 13:53:00,3.1699,3.1699,3.1654,3.1654,3.1749,3.1749,3.1704,3.1704,14
2026-07-06 13:54:00,3.1659,3.1664,3.1634,3.1664,3.1709,3.1714,3.1684,3.1714,17
2026-07-06 13:55:00,3.1674,3.1674,3.1654,3.1674,3.1724,3.1724,3.1704,3.1724,6
2026-07-06 13:56:00,3.1684,3.1754,3.1684,3.1734,3.1734,3.1804,3.1734,3.1784,41
2026-07-06 13:57:00,3.1744,3.1874,3.1734,3.1824,3.1794,3.1924,3.1784,3.1874,62
2026-07-06 13:58:00,3.1834,3.1834,3.1804,3.1824,3.1884,3.1884,3.1854,3.1874,19
2026-07-06 13:59:00,3.1834,3.1844,3.1804,3.1824,3.1884,3.1894,3.1854,3.1874,41
2026-07-06 14:00:00,3.1814,3.2014,3.1804,3.1974,3.1864,3.2064,3.1854,3.2024,129
2026-07-06 14:01:00,3.1964,3.2024,3.1904,3.1904,3.2014,3.2074,3.1954,3.1954,68
2026-07-06 14:02:00,3.1914,3.1964,3.1884,3.1894,3.1964,3.2014,3.1934,3.1944,49
2026-07-06 14:03:00,3.1899,3.1904,3.1794,3.1794,3.1949,3.1954,3.1844,3.1844,56
2026-07-06 14:04:00,3.1799,3.1884,3.1794,3.1874,3.1849,3.1934,3.1844,3.1924,41
2026-07-06 14:05:00,3.1884,3.1944,3.1884,3.1934,3.1934,3.1994,3.1934,3.1984,43
2026-07-06 14:06:00,3.1944,3.1994,3.1944,3.1964,3.1994,3.2044,3.1994,3.2014,48
2026-07-06 14:07:00,3.1974,3.1984,3.1954,3.1964,3.2024,3.2034,3.2004,3.2014,32
2026-07-06 14:08:00,3.1969,3.1969,3.1874,3.1874,3.2019,3.2019,3.1924,3.1924,20
2026-07-06 14:09:00,3.1864,3.1934,3.1864,3.1914,3.1914,3.1984,3.1914,3.1964,40
2026-07-06 14:10:00,3.1924,3.1934,3.1864,3.1894,3.1974,3.1984,3.1914,3.1944,34
2026-07-06 14:11:00,3.1889,3.1924,3.1884,3.1914,3.1939,3.1974,3.1934,3.1964,21
2026-07-06 14:12:00,3.1924,3.1934,3.1884,3.1884,3.1974,3.1984,3.1934,3.1934,24
2026-07-06 14:13:00,3.1874,3.1884,3.1854,3.1874,3.1924,3.1934,3.1904,3.1924,12
2026-07-06 14:14:00,3.1879,3.1914,3.1864,3.1874,3.1929,3.1964,3.1914,3.1924,23
2026-07-06 14:15:00,3.1879,3.1904,3.1874,3.1874,3.1929,3.1954,3.1924,3.1924,11
2026-07-06 14:16:00,3.1864,3.1934,3.1864,3.1924,3.1914,3.1984,3.1914,3.1974,23
2026-07-06 14:17:00,3.1934,3.1944,3.1924,3.1934,3.1984,3.1994,3.1974,3.1984,11
2026-07-06 14:18:00,3.1944,3.1954,3.1914,3.1924,3.1994,3.2004,3.1964,3.1974,19
2026-07-06 14:19:00,3.1914,3.1944,3.1894,3.1894,3.1964,3.1994,3.1944,3.1944,18
2026-07-06 14:20:00,3.1904,3.1914,3.1824,3.1839,3.1954,3.1964,3.1874,3.1889,36
2026-07-06 14:21:00,3.1844,3.1844,3.1834,3.1834,3.1894,3.1894,3.1884,3.1884,9
2026-07-06 14:22:00,3.1844,3.1854,3.1814,3.1854,3.1894,3.1904,3.1864,3.1904,13
2026-07-06 14:23:00,3.1859,3.1864,3.1844,3.1844,3.1909,3.1914,3.1894,3.1894,16
2026-07-06 14:24:00,3.1854,3.1914,3.1844,3.1884,3.1904,3.1964,3.1894,3.1934,23
2026-07-06 14:25:00,3.1889,3.1904,3.1754,3.1754,3.1939,3.1954,3.1804,3.1804,38
2026-07-06 14:26:00,3.1764,3.1764,3.1694,3.1704,3.1814,3.1814,3.1744,3.1754,48
2026-07-06 14:27:00,3.1709,3.1714,3.1644,3.1644,3.1759,3.1764,3.1694,3.1694,34
2026-07-06 14:28:00,3.1649,3.1664,3.1594,3.1624,3.1699,3.1714,3.1644,3.1674,50
2026-07-06 14:29:00,3.1614,3.1634,3.1594,3.1614,3.1664,3.1684,3.1644,3.1664,34
2026-07-06 14:30:00,3.1624,3.1664,3.1614,3.1654,3.1674,3.1714,3.1664,3.1704,37
2026-07-06 14:31:00,3.1664,3.1694,3.1624,3.1694,3.1714,3.1744,3.1674,3.1744,48
2026-07-06 14:32:00,3.1684,3.1684,3.1614,3.1614,3.1734,3.1734,3.1664,3.1664,28
2026-07-06 14:33:00,3.1619,3.1654,3.1614,3.1654,3.1669,3.1704,3.1664,3.1704,23
2026-07-06 14:34:00,3.1664,3.1664,3.1614,3.1664,3.1714,3.1714,3.1664,3.1714,20
2026-07-06 14:35:00,3.1659,3.1684,3.1624,3.1624,3.1709,3.1734,3.1674,3.1674,28
2026-07-06 14:36:00,3.1614,3.1634,3.1559,3.1594,3.1664,3.1684,3.1609,3.1644,52
2026-07-06 14:37:00,3.1604,3.1704,3.1594,3.1674,3.1654,3.1754,3.1644,3.1724,19
2026-07-06 14:38:00,3.1684,3.1714,3.1684,3.1694,3.1734,3.1764,3.1734,3.1744,17
2026-07-06 14:39:00,3.1704,3.1714,3.1684,3.1694,3.1754,3.1764,3.1734,3.1744,18
2026-07-06 14:40:00,3.1684,3.1694,3.1674,3.1684,3.1734,3.1744,3.1724,3.1734,9
2026-07-06 14:41:00,3.1694,3.1704,3.1684,3.1699,3.1744,3.1754,3.1734,3.1749,17
2026-07-06 14:42:00,3.1704,3.1764,3.1704,3.1724,3.1754,3.1814,3.1754,3.1774,26
2026-07-06 14:43:00,3.1714,3.1734,3.1654,3.1684,3.1764,3.1784,3.1704,3.1734,36
2026-07-06 14:44:00,3.1689,3.1704,3.1684,3.1684,3.1739,3.1754,3.1734,3.1734,13
2026-07-06 14:45:00,3.1694,3.1714,3.1674,3.1674,3.1744,3.1764,3.1724,3.1724,24
2026-07-06 14:46:00,3.1684,3.1724,3.1654,3.1664,3.1734,3.1774,3.1704,3.1714,46
2026-07-06 14:47:00,3.1669,3.1684,3.1624,3.1639,3.1719,3.1734,3.1674,3.1689,27
2026-07-06 14:48:00,3.1644,3.1654,3.1614,3.1624,3.1694,3.1704,3.1664,3.1674,39
2026-07-06 14:49:00,3.1644,3.1644,3.1574,3.1604,3.1694,3.1694,3.1624,3.1654,26
2026-07-06 14:50:00,3.1609,3.1634,3.1544,3.1544,3.1659,3.1684,3.1594,3.1594,47
2026-07-06 14:51:00,3.1549,3.1584,3.1504,3.1524,3.1599,3.1634,3.1554,3.1574,58
2026-07-06 14:52:00,3.1534,3.1554,3.1484,3.1524,3.1584,3.1604,3.1534,3.1574,38
2026-07-06 14:53:00,3.1514,3.1524,3.1494,3.1499,3.1564,3.1574,3.1544,3.1549,47
2026-07-06 14:54:00,3.1494,3.1534,3.1494,3.1524,3.1544,3.1584,3.1544,3.1574,31
2026-07-06 14:55:00,3.1504,3.1514,3.1474,3.1504,3.1554,3.1564,3.1524,3.1554,25
2026-07-06 14:56:00,3.1509,3.1524,3.1474,3.1504,3.1559,3.1574,3.1524,3.1554,22
2026-07-06 14:57:00,3.1494,3.1504,3.1404,3.1434,3.1544,3.1554,3.1454,3.1484,57
2026-07-06 14:58:00,3.1449,3.1454,3.1424,3.1439,3.1499,3.1504,3.1474,3.1489,50
2026-07-06 14:59:00,3.1434,3.1439,3.1384,3.1404,3.1484,3.1489,3.1434,3.1454,38
2026-07-06 15:00:00,3.1394,3.1484,3.1374,3.1464,3.1444,3.1534,3.1424,3.1514,113
2026-07-06 15:01:00,3.1454,3.1534,3.1454,3.1504,3.1504,3.1584,3.1504,3.1554,65
2026-07-06 15:02:00,3.1514,3.1574,3.1484,3.1564,3.1564,3.1624,3.1534,3.1614,53
2026-07-06 15:03:00,3.1559,3.1559,3.1514,3.1514,3.1609,3.1609,3.1564,3.1564,32
2026-07-06 15:04:00,3.1509,3.1534,3.1494,3.1509,3.1559,3.1584,3.1544,3.1559,35
2026-07-06 15:05:00,3.1514,3.1524,3.1484,3.1514,3.1564,3.1574,3.1534,3.1564,38
2026-07-06 15:06:00,3.1504,3.1524,3.1464,3.1474,3.1554,3.1574,3.1514,3.1524,27
2026-07-06 15:07:00,3.1484,3.1534,3.1464,3.1524,3.1534,3.1584,3.1514,3.1574,28
2026-07-06 15:08:00,3.1534,3.1554,3.1524,3.1554,3.1584,3.1604,3.1574,3.1604,18
2026-07-06 15:09:00,3.1544,3.1584,3.1544,3.1584,3.1594,3.1634,3.1594,3.1634,24
2026-07-06 15:10:00,3.1574,3.1604,3.1554,3.1574,3.1624,3.1654,3.1604,3.1624,33
2026-07-06 15:11:00,3.1584,3.1684,3.1584,3.1644,3.1634,3.1734,3.1634,3.1694,64
2026-07-06 15:12:00,3.1649,3.1664,3.1624,3.1644,3.1699,3.1714,3.1674,3.1694,52
2026-07-06 15:13:00,3.1654,3.1884,3.1654,3.1884,3.1704,3.1934,3.1704,3.1934,133
2026-07-06 15:14:00,3.1894,3.1894,3.1814,3.1834,3.1944,3.1944,3.1864,3.1884,116
2026-07-06 15:15:00,3.1844,3.1874,3.1724,3.1744,3.1894,3.1924,3.1774,3.1794,76
2026-07-06 15:16:00,3.1754,3.1814,3.1749,3.1774,3.1804,3.1864,3.1799,3.1824,43
2026-07-06 15:17:00,3.1754,3.1754,3.1614,3.1664,3.1804,3.1804,3.1664,3.1714,75
2026-07-06 15:18:00,3.1654,3.1704,3.1654,3.1684,3.1704,3.1754,3.1704,3.1734,58
2026-07-06 15:19:00,3.1689,3.1734,3.1684,3.1704,3.1739,3.1784,3.1734,3.1754,40
2026-07-06 15:20:00,3.1709,3.1714,3.1684,3.1709,3.1759,3.1764,3.1734,3.1759,32
2026-07-06 15:21:00,3.1704,3.1724,3.1684,3.1694,3.1754,3.1774,3.1734,3.1744,19
2026-07-06 15:22:00,3.1704,3.1704,3.1664,3.1694,3.1754,3.1754,3.1714,3.1744,27
2026-07-06 15:23:00,3.1684,3.1704,3.1664,3.1664,3.1734,3.1754,3.1714,3.1714,26
2026-07-06 15:24:00,3.1674,3.1744,3.1604,3.1604,3.1724,3.1794,3.1654,3.1654,45
2026-07-06 15:25:00,3.1594,3.1654,3.1594,3.1644,3.1644,3.1704,3.1644,3.1694,51
2026-07-06 15:26:00,3.1634,3.1644,3.1594,3.1624,3.1684,3.1694,3.1644,3.1674,22
2026-07-06 15:27:00,3.1634,3.1634,3.1594,3.1604,3.1684,3.1684,3.1644,3.1654,19
2026-07-06 15:28:00,3.1614,3.1614,3.1574,3.1574,3.1664,3.1664,3.1624,3.1624,28
2026-07-06 15:29:00,3.1579,3.1584,3.1524,3.1539,3.1629,3.1634,3.1574,3.1589,34
2026-07-06 15:30:00,3.1544,3.1574,3.1534,3.1539,3.1594,3.1624,3.1584,3.1589,56
2026-07-06 15:31:00,3.1534,3.1544,3.1514,3.1524,3.1584,3.1594,3.1564,3.1574,30
2026-07-06 15:32:00,3.1534,3.1534,3.1504,3.1524,3.1584,3.1584,3.1554,3.1574,20
2026-07-06 15:33:00,3.1519,3.1554,3.1519,3.1554,3.1569,3.1604,3.1569,3.1604,31
2026-07-06 15:34:00,3.1544,3.1574,3.1534,3.1534,3.1594,3.1624,3.1584,3.1584,52
2026-07-06 15:35:00,3.1524,3.1574,3.1504,3.1574,3.1574,3.1624,3.1554,3.1624,27
2026-07-06 15:36:00,3.1564,3.1564,3.1444,3.1444,3.1614,3.1614,3.1494,3.1494,82
2026-07-06 15:37:00,3.1449,3.1474,3.1364,3.1384,3.1499,3.1524,3.1414,3.1434,88
2026-07-06 15:38:00,3.1394,3.1454,3.1394,3.1444,3.1444,3.1504,3.1444,3.1494,44
2026-07-06 15:39:00,3.1449,3.1484,3.1419,3.1484,3.1499,3.1534,3.1469,3.1534,40
2026-07-06 15:40:00,3.1474,3.1504,3.1474,3.1504,3.1524,3.1554,3.1524,3.1554,14
2026-07-06 15:41:00,3.1509,3.1614,3.1509,3.1604,3.1559,3.1664,3.1559,3.1654,30
2026-07-06 15:42:00,3.1594,3.1604,3.1574,3.1594,3.1644,3.1654,3.1624,3.1644,32
2026-07-06 15:43:00,3.1604,3.1654,3.1604,3.1654,3.1654,3.1704,3.1654,3.1704,31
2026-07-06 15:44:00,3.1644,3.1674,3.1644,3.1649,3.1694,3.1724,3.1694,3.1699,32
2026-07-06 15:45:00,3.1644,3.1664,3.1644,3.1664,3.1694,3.1714,3.1694,3.1714,12
2026-07-06 15:46:00,3.1674,3.1704,3.1654,3.1674,3.1724,3.1754,3.1704,3.1724,23
2026-07-06 15:47:00,3.1669,3.1669,3.1634,3.1644,3.1719,3.1719,3.1684,3.1694,19
2026-07-06 15:48:00,3.1654,3.1714,3.1654,3.1714,3.1704,3.1764,3.1704,3.1764,22
2026-07-06 15:49:00,3.1724,3.1764,3.1704,3.1724,3.1774,3.1814,3.1754,3.1774,42
2026-07-06 15:50:00,3.1734,3.1784,3.1734,3.1764,3.1784,3.1834,3.1784,3.1814,46
2026-07-06 15:51:00,3.1754,3.1834,3.1754,3.1794,3.1804,3.1884,3.1804,3.1844,50
2026-07-06 15:52:00,3.1804,3.1874,3.1804,3.1844,3.1854,3.1924,3.1854,3.1894,44
2026-07-06 15:53:00,3.1854,3.1864,3.1824,3.1834,3.1904,3.1914,3.1874,3.1884,25
2026-07-06 15:54:00,3.1844,3.1944,3.1844,3.1904,3.1894,3.1994,3.1894,3.1954,83
2026-07-06 15:55:00,3.1909,3.1954,3.1904,3.1934,3.1959,3.2004,3.1954,3.1984,53
2026-07-06 15:56:00,3.1924,3.1934,3.1724,3.1729,3.1974,3.1984,3.1774,3.1779,80
2026-07-06 15:57:00,3.1734,3.1794,3.1724,3.1764,3.1784,3.1844,3.1774,3.1814,34
2026-07-06 15:58:00,3.1769,3.1769,3.1734,3.1744,3.1819,3.1819,3.1784,3.1794,27
2026-07-06 15:59:00,3.1734,3.1744,3.1724,3.1724,3.1784,3.1794,3.1774,3.1774,23
2026-07-06 16:00:00,3.1744,3.1754,3.1714,3.1724,3.1794,3.1804,3.1764,3.1774,55
2026-07-06 16:01:00,3.1719,3.1724,3.1694,3.1714,3.1769,3.1774,3.1744,3.1764,31
2026-07-06 16:02:00,3.1724,3.1734,3.1704,3.1724,3.1774,3.1784,3.1754,3.1774,13
2026-07-06 16:03:00,3.1734,3.1794,3.1734,3.1774,3.1784,3.1844,3.1784,3.1824,17
2026-07-06 16:04:00,3.1764,3.1774,3.1754,3.1764,3.1814,3.1824,3.1804,3.1814,14
2026-07-06 16:05:00,3.1774,3.1784,3.1774,3.1774,3.1824,3.1834,3.1824,3.1824,14
2026-07-06 16:06:00,3.1774,3.1779,3.1744,3.1764,3.1824,3.1829,3.1794,3.1814,17
2026-07-06 16:07:00,3.1774,3.1774,3.1744,3.1754,3.1824,3.1824,3.1794,3.1804,12
2026-07-06 16:08:00,3.1764,3.1774,3.1704,3.1709,3.1814,3.1824,3.1754,3.1759,25
2026-07-06 16:09:00,3.1714,3.1714,3.1654,3.1674,3.1764,3.1764,3.1704,3.1724,64
2026-07-06 16:10:00,3.1684,3.1714,3.1684,3.1704,3.1734,3.1764,3.1734,3.1754,11
2026-07-06 16:11:00,3.1714,3.1744,3.1714,3.1734,3.1764,3.1794,3.1764,3.1784,21
2026-07-06 16:12:00,3.1739,3.1784,3.1734,3.1784,3.1789,3.1834,3.1784,3.1834,21
2026-07-06 16:13:00,3.1794,3.1794,3.1749,3.1764,3.1844,3.1844,3.1799,3.1814,9
2026-07-06 16:14:00,3.1754,3.1794,3.1754,3.1794,3.1804,3.1844,3.1804,3.1844,7
2026-07-06 16:15:00,3.1804,3.1814,3.1794,3.1804,3.1854,3.1864,3.1844,3.1854,13
2026-07-06 16:16:00,3.1794,3.1804,3.1784,3.1794,3.1844,3.1854,3.1834,3.1844,10
2026-07-06 16:17:00,3.1804,3.1844,3.1784,3.1824,3.1854,3.1894,3.1834,3.1874,25
2026-07-06 16:18:00,3.1834,3.1864,3.1824,3.1844,3.1884,3.1914,3.1874,3.1894,27
2026-07-06 16:19:00,3.1834,3.1844,3.1814,3.1844,3.1884,3.1894,3.1864,3.1894,23
2026-07-06 16:20:00,3.1854,3.1914,3.1844,3.1884,3.1904,3.1964,3.1894,3.1934,75
2026-07-06 16:21:00,3.1894,3.1894,3.1844,3.1854,3.1944,3.1944,3.1894,3.1904,45
2026-07-06 16:22:00,3.1844,3.1874,3.1834,3.1854,3.1894,3.1924,3.1884,3.1904,25
2026-07-06 16:23:00,3.1844,3.1874,3.1834,3.1864,3.1894,3.1924,3.1884,3.1914,32
2026-07-06 16:24:00,3.1854,3.1864,3.1834,3.1854,3.1904,3.1914,3.1884,3.1904,17
2026-07-06 16:25:00,3.1864,3.1884,3.1844,3.1854,3.1914,3.1934,3.1894,3.1904,30
2026-07-06 16:26:00,3.1864,3.1884,3.1854,3.1854,3.1914,3.1934,3.1904,3.1904,35
2026-07-06 16:27:00,3.1849,3.1864,3.1834,3.1854,3.1899,3.1914,3.1884,3.1904,20
2026-07-06 16:28:00,3.1864,3.1874,3.1859,3.1874,3.1914,3.1924,3.1909,3.1924,13
2026-07-06 16:29:00,3.1864,3.1924,3.1864,3.1909,3.1914,3.1974,3.1914,3.1959,50
2026-07-06 16:30:00,3.1904,3.1914,3.1874,3.1874,3.1954,3.1964,3.1924,3.1924,59
2026-07-06 16:31:00,3.1879,3.1924,3.1874,3.1924,3.1929,3.1974,3.1924,3.1974,37
2026-07-06 16:32:00,3.1914,3.1914,3.1864,3.1904,3.1964,3.1964,3.1914,3.1954,42
2026-07-06 16:33:00,3.1914,3.1924,3.1894,3.1904,3.1964,3.1974,3.1944,3.1954,16
2026-07-06 16:34:00,3.1914,3.1954,3.1914,3.1924,3.1964,3.2004,3.1964,3.1974,21
2026-07-06 16:35:00,3.1919,3.1934,3.1894,3.1934,3.1969,3.1984,3.1944,3.1984,30
2026-07-06 16:36:00,3.1944,3.1954,3.1904,3.1944,3.1994,3.2004,3.1954,3.1994,39
2026-07-06 16:37:00,3.1949,3.1954,3.1924,3.1939,3.1999,3.2004,3.1974,3.1989,18
2026-07-06 16:38:00,3.1934,3.1974,3.1934,3.1954,3.1984,3.2024,3.1984,3.2004,19
2026-07-06 16:39:00,3.1944,3.1964,3.1884,3.1904,3.1994,3.2014,3.1934,3.1954,34
2026-07-06 16:40:00,3.1914,3.1934,3.1894,3.1904,3.1964,3.1984,3.1944,3.1954,12
2026-07-06 16:41:00,3.1894,3.1924,3.1884,3.1884,3.1944,3.1974,3.1934,3.1934,14
2026-07-06 16:42:00,3.1894,3.1904,3.1834,3.1854,3.1944,3.1954,3.1884,3.1904,47
2026-07-06 16:43:00,3.1859,3.1874,3.1844,3.1854,3.1909,3.1924,3.1894,3.1904,19
2026-07-06 16:44:00,3.1844,3.1844,3.1814,3.1834,3.1894,3.1894,3.1864,3.1884,14
2026-07-06 16:45:00,3.1844,3.1844,3.1804,3.1824,3.1894,3.1894,3.1854,3.1874,9
2026-07-06 16:46:00,3.1834,3.1844,3.1834,3.1844,3.1884,3.1894,3.1884,3.1894,6
2026-07-06 16:47:00,3.1854,3.1864,3.1834,3.1834,3.1904,3.1914,3.1884,3.1884,18
2026-07-06 16:48:00,3.1824,3.1844,3.1804,3.1814,3.1874,3.1894,3.1854,3.1864,14
2026-07-06 16:49:00,3.1804,3.1824,3.1804,3.1824,3.1854,3.1874,3.1854,3.1874,12
2026-07-06 16:50:00,3.1814,3.1824,3.1804,3.1814,3.1864,3.1874,3.1854,3.1864,15
2026-07-06 16:51:00,3.1824,3.1884,3.1814,3.1874,3.1874,3.1934,3.1864,3.1924,22
2026-07-06 16:52:00,3.1864,3.1874,3.1844,3.1844,3.1914,3.1924,3.1894,3.1894,5
2026-07-06 16:53:00,3.1834,3.1834,3.1774,3.1784,3.1884,3.1884,3.1824,3.1834,19
2026-07-06 16:54:00,3.1779,3.1784,3.1754,3.1754,3.1829,3.1834,3.1804,3.1804,11
2026-07-06 16:55:00,3.1764,3.1804,3.1734,3.1794,3.1814,3.1854,3.1784,3.1844,24
2026-07-06 16:56:00,3.1799,3.1804,3.1784,3.1784,3.1849,3.1854,3.1834,3.1834,13
2026-07-06 16:57:00,3.1774,3.1774,3.1764,3.1764,3.1824,3.1824,3.1814,3.1814,4
2026-07-06 16:58:00,3.1774,3.1784,3.1744,3.1754,3.1824,3.1834,3.1794,3.1804,15
2026-07-06 16:59:00,3.1764,3.1774,3.1754,3.1764,3.1814,3.1824,3.1804,3.1814,14
2026-07-06 17:00:00,3.1774,3.1774,3.1744,3.1754,3.1824,3.1824,3.1794,3.1804,17
2026-07-06 17:01:00,3.1744,3.1744,3.1724,3.1744,3.1794,3.1794,3.1774,3.1794,7
2026-07-06 17:02:00,3.1734,3.1764,3.1734,3.1754,3.1784,3.1814,3.1784,3.1804,7
2026-07-06 17:03:00,3.1744,3.1754,3.1724,3.1754,3.1794,3.1804,3.1774,3.1804,20
2026-07-06 17:04:00,3.1764,3.1794,3.1754,3.1794,3.1814,3.1844,3.1804,3.1844,6
2026-07-06 17:05:00,3.1804,3.1814,3.1744,3.1744,3.1854,3.1864,3.1794,3.1794,23
2026-07-06 17:06:00,3.1749,3.1764,3.1734,3.1754,3.1799,3.1814,3.1784,3.1804,21
2026-07-06 17:07:00,3.1759,3.1764,3.1714,3.1729,3.1809,3.1814,3.1764,3.1779,14
2026-07-06 17:08:00,3.1734,3.1734,3.1714,3.1734,3.1784,3.1784,3.1764,3.1784,14
2026-07-06 17:09:00,3.1724,3.1754,3.1719,3.1754,3.1774,3.1804,3.1769,3.1804,8
2026-07-06 17:10:00,3.1744,3.1744,3.1724,3.1724,3.1794,3.1794,3.1774,3.1774,11
2026-07-06 17:11:00,3.1734,3.1744,3.1704,3.1734,3.1784,3.1794,3.1754,3.1784,23
2026-07-06 17:12:00,3.1724,3.1744,3.1724,3.1734,3.1774,3.1794,3.1774,3.1784,8
2026-07-06 17:13:00,3.1744,3.1764,3.1734,3.1744,3.1794,3.1814,3.1784,3.1794,9
2026-07-06 17:14:00,3.1754,3.1774,3.1744,3.1764,3.1804,3.1824,3.1794,3.1814,10
2026-07-06 17:15:00,3.1774,3.1774,3.1724,3.1734,3.1824,3.1824,3.1774,3.1784,11
2026-07-06 17:16:00,3.1744,3.1764,3.1744,3.1754,3.1794,3.1814,3.1794,3.1804,4
2026-07-06 17:17:00,3.1764,3.1764,3.1744,3.1744,3.1814,3.1814,3.1794,3.1794,8
2026-07-06 17:18:00,3.1754,3.1764,3.1754,3.1754,3.1804,3.1814,3.1804,3.1804,5
2026-07-06 17:19:00,3.1744,3.1774,3.1744,3.1764,3.1794,3.1824,3.1794,3.1814,8
2026-07-06 17:20:00,3.1774,3.1824,3.1774,3.1814,3.1824,3.1874,3.1824,3.1864,21
2026-07-06 17:21:00,3.1824,3.1864,3.1824,3.1834,3.1874,3.1914,3.1874,3.1884,14
2026-07-06 17:22:00,3.1824,3.1834,3.1814,3.1834,3.1874,3.1884,3.1864,3.1884,6
2026-07-06 17:23:00,3.1844,3.1854,3.1834,3.1844,3.1894,3.1904,3.1884,3.1894,7
2026-07-06 17:24:00,3.1854,3.1874,3.1834,3.1834,3.1904,3.1924,3.1884,3.1884,13
2026-07-06 17:25:00,3.1844,3.1854,3.1834,3.1834,3.1894,3.1904,3.1884,3.1884,15
2026-07-06 17:26:00,3.1844,3.1884,3.1834,3.1874,3.1894,3.1934,3.1884,3.1924,30
2026-07-06 17:27:00,3.1879,3.1984,3.1864,3.1949,3.1929,3.2034,3.1914,3.1999,82
2026-07-06 17:28:00,3.1954,3.1964,3.1934,3.1944,3.2004,3.2014,3.1984,3.1994,21
2026-07-06 17:29:00,3.1934,3.1944,3.1924,3.1944,3.1984,3.1994,3.1974,3.1994,10
2026-07-06 17:30:00,3.1954,3.2014,3.1954,3.2004,3.2004,3.2064,3.2004,3.2054,23
2026-07-06 17:31:00,3.2014,3.2049,3.1994,3.2024,3.2064,3.2099,3.2044,3.2074,49
2026-07-06 17:32:00,3.2034,3.2054,3.2024,3.2054,3.2084,3.2104,3.2074,3.2104,34
2026-07-06 17:33:00,3.2044,3.2054,3.2004,3.2044,3.2094,3.2104,3.2054,3.2094,44
2026-07-06 17:34:00,3.2054,3.2084,3.2044,3.2064,3.2104,3.2134,3.2094,3.2114,40
2026-07-06 17:35:00,3.2069,3.2074,3.2024,3.2034,3.2119,3.2124,3.2074,3.2084,21
2026-07-06 17:36:00,3.2044,3.2074,3.2034,3.2064,3.2094,3.2124,3.2084,3.2114,38
2026-07-06 17:37:00,3.2074,3.2074,3.2034,3.2034,3.2124,3.2124,3.2084,3.2084,22
2026-07-06 17:38:00,3.2024,3.2034,3.1974,3.1974,3.2074,3.2084,3.2024,3.2024,43
2026-07-06 17:39:00,3.1984,3.1984,3.1964,3.1964,3.2034,3.2034,3.2014,3.2014,9
2026-07-06 17:40:00,3.1954,3.1964,3.1924,3.1964,3.2004,3.2014,3.1974,3.2014,22
2026-07-06 17:41:00,3.1974,3.1984,3.1964,3.1984,3.2024,3.2034,3.2014,3.2034,17
2026-07-06 17:42:00,3.1994,3.1994,3.1974,3.1984,3.2044,3.2044,3.2024,3.2034,10
2026-07-06 17:44:00,3.1994,3.2014,3.1974,3.1979,3.2044,3.2064,3.2024,3.2029,16
2026-07-06 17:45:00,3.1984,3.1984,3.1954,3.1954,3.2034,3.2034,3.2004,3.2004,11
2026-07-06 17:46:00,3.1944,3.1964,3.1939,3.1964,3.1994,3.2014,3.1989,3.2014,5
2026-07-06 17:47:00,3.1974,3.1984,3.1964,3.1984,3.2024,3.2034,3.2014,3.2034,18
2026-07-06 17:48:00,3.1994,3.1994,3.1974,3.1984,3.2044,3.2044,3.2024,3.2034,6
2026-07-06 17:49:00,3.1979,3.1979,3.1974,3.1974,3.2029,3.2029,3.2024,3.2024,2
2026-07-06 17:50:00,3.1964,3.1974,3.1944,3.1944,3.2014,3.2024,3.1994,3.1994,6
2026-07-06 17:51:00,3.1934,3.1944,3.1934,3.1934,3.1984,3.1994,3.1984,3.1984,3
2026-07-06 17:52:00,3.1944,3.1964,3.1934,3.1964,3.1994,3.2014,3.1984,3.2014,10
2026-07-06 17:53:00,3.1974,3.2004,3.1964,3.2004,3.2024,3.2054,3.2014,3.2054,13
2026-07-06 17:54:00,3.1999,3.1999,3.1974,3.1979,3.2049,3.2049,3.2024,3.2029,14
2026-07-06 17:55:00,3.1984,3.1984,3.1964,3.1964,3.2034,3.2034,3.2014,3.2014,6
2026-07-06 17:56:00,3.1954,3.1984,3.1954,3.1964,3.2004,3.2034,3.2004,3.2014,15
2026-07-06 17:57:00,3.1954,3.1954,3.1944,3.1944,3.2004,3.2004,3.1994,3.1994,9
2026-07-06 17:58:00,3.1934,3.1954,3.1934,3.1944,3.1984,3.2004,3.1984,3.1994,10
2026-07-06 17:59:00,3.1954,3.1954,3.1944,3.1954,3.2004,3.2004,3.1994,3.2004,8
2026-07-06 18:00:00,3.1944,3.1964,3.1904,3.1964,3.1994,3.2014,3.1954,3.2014,18
2026-07-06 18:01:00,3.1954,3.1974,3.1954,3.1964,3.2004,3.2024,3.2004,3.2014,7
2026-07-06 18:02:00,3.1954,3.1964,3.1944,3.1944,3.2004,3.2014,3.1994,3.1994,5
2026-07-06 18:03:00,3.1934,3.1964,3.1934,3.1964,3.1984,3.2014,3.1984,3.2014,12
2026-07-06 18:04:00,3.1974,3.1974,3.1954,3.1974,3.2024,3.2024,3.2004,3.2024,14
2026-07-06 18:05:00,3.1964,3.1974,3.1954,3.1974,3.2014,3.2024,3.2004,3.2024,5
2026-07-06 18:06:00,3.1984,3.2004,3.1984,3.1984,3.2034,3.2054,3.2034,3.2034,16
2026-07-06 18:07:00,3.1994,3.1994,3.1964,3.1974,3.2044,3.2044,3.2014,3.2024,13
2026-07-06 18:08:00,3.1984,3.1994,3.1974,3.1984,3.2034,3.2044,3.2024,3.2034,11
2026-07-06 18:09:00,3.1974,3.1984,3.1954,3.1954,3.2024,3.2034,3.2004,3.2004,14
2026-07-06 18:10:00,3.1964,3.2004,3.1964,3.1994,3.2014,3.2054,3.2014,3.2044,21
2026-07-06 18:11:00,3.1984,3.1994,3.1984,3.1984,3.2034,3.2044,3.2034,3.2034,5
2026-07-06 18:12:00,3.1994,3.1994,3.1984,3.1984,3.2044,3.2044,3.2034,3.2034,4
2026-07-06 18:13:00,3.1974,3.1994,3.1974,3.1994,3.2024,3.2044,3.2024,3.2044,10
2026-07-06 18:14:00,3.1984,3.1994,3.1984,3.1989,3.2034,3.2044,3.2034,3.2039,4
2026-07-06 18:15:00,3.1984,3.1984,3.1974,3.1974,3.2034,3.2034,3.2024,3.2024,9
2026-07-06 18:17:00,3.1984,3.1994,3.1964,3.1984,3.2034,3.2044,3.2014,3.2034,12
2026-07-06 18:18:00,3.1974,3.1979,3.1954,3.1974,3.2024,3.2029,3.2004,3.2024,7
2026-07-06 18:19:00,3.1984,3.1984,3.1964,3.1984,3.2034,3.2034,3.2014,3.2034,10
2026-07-06 18:20:00,3.1994,3.1994,3.1984,3.1994,3.2044,3.2044,3.2034,3.2044,5
2026-07-06 18:21:00,3.2004,3.2024,3.1984,3.1984,3.2054,3.2074,3.2034,3.2034,40
2026-07-06 18:22:00,3.1994,3.1994,3.1954,3.1954,3.2044,3.2044,3.2004,3.2004,15
2026-07-06 18:23:00,3.1959,3.1974,3.1954,3.1954,3.2009,3.2024,3.2004,3.2004,11
2026-07-06 18:24:00,3.1964,3.1974,3.1944,3.1954,3.2014,3.2024,3.1994,3.2004,8
2026-07-06 18:25:00,3.1949,3.1954,3.1934,3.1954,3.1999,3.2004,3.1984,3.2004,5
2026-07-06 18:26:00,3.1944,3.1959,3.1864,3.1894,3.1994,3.2009,3.1914,3.1944,29
2026-07-06 18:27:00,3.1884,3.1889,3.1854,3.1859,3.1934,3.1939,3.1904,3.1909,16
2026-07-06 18:28:00,3.1864,3.1874,3.1834,3.1854,3.1914,3.1924,3.1884,3.1904,26
2026-07-06 18:29:00,3.1864,3.1864,3.1804,3.1814,3.1914,3.1914,3.1854,3.1864,17
2026-07-06 18:30:00,3.1804,3.1864,3.1804,3.1854,3.1854,3.1914,3.1854,3.1904,20
2026-07-06 18:31:00,3.1859,3.1899,3.1859,3.1884,3.1909,3.1949,3.1909,3.1934,20
2026-07-06 18:32:00,3.1889,3.1894,3.1864,3.1864,3.1939,3.1944,3.1914,3.1914,13
2026-07-06 18:33:00,3.1854,3.1864,3.1854,3.1854,3.1904,3.1914,3.1904,3.1904,9
2026-07-06 18:34:00,3.1864,3.1864,3.1834,3.1834,3.1914,3.1914,3.1884,3.1884,12
2026-07-06 18:35:00,3.1824,3.1834,3.1824,3.1824,3.1874,3.1884,3.1874,3.1874,9
2026-07-06 18:36:00,3.1834,3.1844,3.1824,3.1834,3.1884,3.1894,3.1874,3.1884,8
2026-07-06 18:37:00,3.1844,3.1854,3.1824,3.1844,3.1894,3.1904,3.1874,3.1894,13
2026-07-06 18:38:00,3.1854,3.1864,3.1844,3.1844,3.1904,3.1914,3.1894,3.1894,13
2026-07-06 18:39:00,3.1834,3.1854,3.1824,3.1834,3.1884,3.1904,3.1874,3.1884,15
2026-07-06 18:40:00,3.1824,3.1844,3.1824,3.1834,3.1874,3.1894,3.1874,3.1884,6
2026-07-06 18:41:00,3.1844,3.1859,3.1834,3.1844,3.1894,3.1909,3.1884,3.1894,15
2026-07-06 18:42:00,3.1834,3.1854,3.1824,3.1834,3.1884,3.1904,3.1874,3.1884,10
2026-07-06 18:43:00,3.1824,3.1834,3.1824,3.1824,3.1874,3.1884,3.1874,3.1874,15
2026-07-06 18:44:00,3.1814,3.1854,3.1814,3.1854,3.1864,3.1904,3.1864,3.1904,10
2026-07-06 18:45:00,3.1864,3.1864,3.1844,3.1844,3.1914,3.1914,3.1894,3.1894,3
2026-07-06 18:46:00,3.1854,3.1854,3.1794,3.1814,3.1904,3.1904,3.1844,3.1864,17
2026-07-06 18:47:00,3.1804,3.1814,3.1794,3.1804,3.1854,3.1864,3.1844,3.1854,5
2026-07-06 18:48:00,3.1794,3.1794,3.1694,3.1704,3.1844,3.1844,3.1744,3.1754,56
2026-07-06 18:49:00,3.1714,3.1744,3.1714,3.1734,3.1764,3.1794,3.1764,3.1784,17
2026-07-06 18:50:00,3.1744,3.1744,3.1694,3.1729,3.1794,3.1794,3.1744,3.1779,30
2026-07-06 18:51:00,3.1734,3.1784,3.1714,3.1784,3.1784,3.1834,3.1764,3.1834,29
2026-07-06 18:52:00,3.1779,3.1804,3.1774,3.1794,3.1829,3.1854,3.1824,3.1844,14
2026-07-06 18:53:00,3.1799,3.1814,3.1784,3.1804,3.1849,3.1864,3.1834,3.1854,15
2026-07-06 18:54:00,3.1814,3.1814,3.1804,3.1814,3.1864,3.1864,3.1854,3.1864,6
2026-07-06 18:55:00,3.1804,3.1804,3.1784,3.1784,3.1854,3.1854,3.1834,3.1834,9
2026-07-06 18:56:00,3.1774,3.1804,3.1774,3.1794,3.1824,3.1854,3.1824,3.1844,18
2026-07-06 18:57:00,3.1784,3.1789,3.1779,3.1784,3.1834,3.1839,3.1829,3.1834,7
2026-07-06 18:58:00,3.1794,3.1794,3.1784,3.1794,3.1844,3.1844,3.1834,3.1844,7
2026-07-06 18:59:00,3.1799,3.1804,3.1799,3.1804,3.1849,3.1854,3.1849,3.1854,2
2026-07-06 19:00:00,3.1814,3.1864,3.1804,3.1854,3.1864,3.1914,3.1854,3.1904,35
2026-07-06 19:01:00,3.1844,3.1844,3.1814,3.1824,3.1894,3.1894,3.1864,3.1874,15
2026-07-06 19:02:00,3.1834,3.1864,3.1834,3.1854,3.1884,3.1914,3.1884,3.1904,11
2026-07-06 19:03:00,3.1859,3.1864,3.1814,3.1824,3.1909,3.1914,3.1864,3.1874,15
2026-07-06 19:04:00,3.1834,3.1844,3.1814,3.1814,3.1884,3.1894,3.1864,3.1864,19
2026-07-06 19:05:00,3.1804,3.1814,3.1794,3.1804,3.1854,3.1864,3.1844,3.1854,9
2026-07-06 19:06:00,3.1794,3.1794,3.1754,3.1764,3.1844,3.1844,3.1804,3.1814,17
2026-07-06 19:07:00,3.1759,3.1764,3.1734,3.1734,3.1809,3.1814,3.1784,3.1784,24
2026-07-06 19:08:00,3.1739,3.1764,3.1724,3.1754,3.1789,3.1814,3.1774,3.1804,11
2026-07-06 19:09:00,3.1764,3.1764,3.1724,3.1734,3.1814,3.1814,3.1774,3.1784,15
2026-07-06 19:10:00,3.1744,3.1784,3.1744,3.1754,3.1794,3.1834,3.1794,3.1804,16
2026-07-06 19:11:00,3.1744,3.1789,3.1744,3.1784,3.1794,3.1839,3.1794,3.1834,14
2026-07-06 19:12:00,3.1774,3.1784,3.1774,3.1784,3.1824,3.1834,3.1824,3.1834,2
2026-07-06 19:13:00,3.1774,3.1794,3.1774,3.1784,3.1824,3.1844,3.1824,3.1834,6
2026-07-06 19:14:00,3.1789,3.1794,3.1764,3.1784,3.1839,3.1844,3.1814,3.1834,14
2026-07-06 19:15:00,3.1789,3.1794,3.1764,3.1774,3.1839,3.1844,3.1814,3.1824,10
2026-07-06 19:16:00,3.1784,3.1804,3.1774,3.1794,3.1834,3.1854,3.1824,3.1844,14
2026-07-06 19:17:00,3.1804,3.1814,3.1764,3.1764,3.1854,3.1864,3.1814,3.1814,19
2026-07-06 19:18:00,3.1774,3.1774,3.1774,3.1774,3.1824,3.1824,3.1824,3.1824,1
2026-07-06 19:20:00,3.1784,3.1794,3.1734,3.1744,3.1834,3.1844,3.1784,3.1794,20
2026-07-06 19:21:00,3.1734,3.1754,3.1724,3.1744,3.1784,3.1804,3.1774,3.1794,12
2026-07-06 19:22:00,3.1734,3.1734,3.1694,3.1724,3.1784,3.1784,3.1744,3.1774,27
2026-07-06 19:23:00,3.1734,3.1734,3.1734,3.1734,3.1784,3.1784,3.1784,3.1784,1
2026-07-06 19:24:00,3.1744,3.1774,3.1744,3.1764,3.1794,3.1824,3.1794,3.1814,16
2026-07-06 19:25:00,3.1769,3.1794,3.1764,3.1794,3.1819,3.1844,3.1814,3.1844,24
2026-07-06 19:26:00,3.1784,3.1794,3.1784,3.1784,3.1834,3.1844,3.1834,3.1834,7
2026-07-06 19:27:00,3.1774,3.1784,3.1774,3.1784,3.1824,3.1834,3.1824,3.1834,2
2026-07-06 19:28:00,3.1774,3.1784,3.1754,3.1754,3.1824,3.1834,3.1804,3.1804,5
2026-07-06 19:29:00,3.1764,3.1764,3.1744,3.1759,3.1814,3.1814,3.1794,3.1809,16
2026-07-06 19:30:00,3.1754,3.1814,3.1754,3.1814,3.1804,3.1864,3.1804,3.1864,12
2026-07-06 19:31:00,3.1804,3.1814,3.1804,3.1814,3.1854,3.1864,3.1854,3.1864,6
2026-07-06 19:32:00,3.1824,3.1844,3.1814,3.1824,3.1874,3.1894,3.1864,3.1874,21
2026-07-06 19:33:00,3.1814,3.1824,3.1804,3.1824,3.1864,3.1874,3.1854,3.1874,5
2026-07-06 19:34:00,3.1814,3.1824,3.1794,3.1814,3.1864,3.1874,3.1844,3.1864,19
2026-07-06 19:35:00,3.1804,3.1844,3.1794,3.1844,3.1854,3.1894,3.1844,3.1894,10
2026-07-06 19:36:00,3.1834,3.1864,3.1834,3.1854,3.1884,3.1914,3.1884,3.1904,8
2026-07-06 19:37:00,3.1864,3.1864,3.1844,3.1844,3.1914,3.1914,3.1894,3.1894,9
2026-07-06 19:38:00,3.1854,3.1904,3.1844,3.1904,3.1904,3.1954,3.1894,3.1954,49
2026-07-06 19:39:00,3.1894,3.1914,3.1884,3.1904,3.1944,3.1964,3.1934,3.1954,31
2026-07-06 19:40:00,3.1914,3.1944,3.1894,3.1934,3.1964,3.1994,3.1944,3.1984,19
2026-07-06 19:41:00,3.1929,3.1929,3.1924,3.1924,3.1979,3.1979,3.1974,3.1974,2
2026-07-06 19:42:00,3.1934,3.1934,3.1934,3.1934,3.1984,3.1984,3.1984,3.1984,1
2026-07-06 19:43:00,3.1944,3.1944,3.1914,3.1924,3.1994,3.1994,3.1964,3.1974,22
2026-07-06 19:44:00,3.1914,3.1924,3.1914,3.1914,3.1964,3.1974,3.1964,3.1964,4
2026-07-06 19:45:00,3.1904,3.1924,3.1904,3.1914,3.1954,3.1974,3.1954,3.1964,13
2026-07-06 19:46:00,3.1924,3.1934,3.1904,3.1904,3.1974,3.1984,3.1954,3.1954,11
2026-07-06 19:47:00,3.1894,3.1924,3.1884,3.1904,3.1944,3.1974,3.1934,3.1954,16
2026-07-06 19:48:00,3.1914,3.1924,3.1884,3.1904,3.1964,3.1974,3.1934,3.1954,33
2026-07-06 19:49:00,3.1914,3.1924,3.1904,3.1914,3.1964,3.1974,3.1954,3.1964,18
2026-07-06 19:50:00,3.1924,3.1924,3.1894,3.1894,3.1974,3.1974,3.1944,3.1944,8
2026-07-06 19:51:00,3.1904,3.1904,3.1834,3.1844,3.1954,3.1954,3.1884,3.1894,30
2026-07-06 19:52:00,3.1854,3.1884,3.1854,3.1864,3.1904,3.1934,3.1904,3.1914,19
2026-07-06 19:53:00,3.1854,3.1884,3.1854,3.1884,3.1904,3.1934,3.1904,3.1934,6
2026-07-06 19:54:00,3.1894,3.1894,3.1874,3.1884,3.1944,3.1944,3.1924,3.1934,19
2026-07-06 19:55:00,3.1874,3.1884,3.1854,3.1854,3.1924,3.1934,3.1904,3.1904,7
2026-07-06 19:56:00,3.1844,3.1879,3.1844,3.1874,3.1894,3.1929,3.1894,3.1924,16
2026-07-06 19:57:00,3.1864,3.1874,3.1854,3.1874,3.1914,3.1924,3.1904,3.1924,14
2026-07-06 19:58:00,3.1864,3.1874,3.1859,3.1864,3.1914,3.1924,3.1909,3.1914,12
2026-07-06 19:59:00,3.1869,3.1874,3.1854,3.1864,3.1919,3.1924,3.1904,3.1914,29
2026-07-06 20:00:00,3.1874,3.1884,3.1874,3.1884,3.1924,3.1934,3.1924,3.1934,5
2026-07-06 20:01:00,3.1874,3.1914,3.1854,3.1864,3.1924,3.1964,3.1904,3.1914,22
2026-07-06 20:02:00,3.1874,3.1884,3.1874,3.1874,3.1924,3.1934,3.1924,3.1924,9
2026-07-06 20:03:00,3.1879,3.1894,3.1874,3.1884,3.1929,3.1944,3.1924,3.1934,11
2026-07-06 20:04:00,3.1894,3.1904,3.1884,3.1899,3.1944,3.1954,3.1934,3.1949,12
2026-07-06 20:05:00,3.1894,3.1904,3.1884,3.1884,3.1944,3.1954,3.1934,3.1934,20
2026-07-06 20:06:00,3.1894,3.1934,3.1884,3.1914,3.1944,3.1984,3.1934,3.1964,18
2026-07-06 20:07:00,3.1904,3.1944,3.1904,3.1924,3.1954,3.1994,3.1954,3.1974,19
2026-07-06 20:08:00,3.1914,3.1924,3.1884,3.1884,3.1964,3.1974,3.1934,3.1934,15
2026-07-06 20:09:00,3.1889,3.1904,3.1884,3.1904,3.1939,3.1954,3.1934,3.1954,6
2026-07-06 20:10:00,3.1914,3.1934,3.1904,3.1924,3.1964,3.1984,3.1954,3.1974,26
2026-07-06 20:11:00,3.1919,3.1919,3.1864,3.1874,3.1969,3.1969,3.1914,3.1924,20
2026-07-06 20:12:00,3.1879,3.1894,3.1874,3.1884,3.1929,3.1944,3.1924,3.1934,13
2026-07-06 20:13:00,3.1894,3.1914,3.1884,3.1889,3.1944,3.1964,3.1934,3.1939,23
2026-07-06 20:14:00,3.1884,3.1914,3.1884,3.1904,3.1934,3.1964,3.1934,3.1954,18
2026-07-06 20:15:00,3.1914,3.1924,3.1904,3.1904,3.1964,3.1974,3.1954,3.1954,18
2026-07-06 20:16:00,3.1914,3.1924,3.1904,3.1914,3.1964,3.1974,3.1954,3.1964,13
2026-07-06 20:17:00,3.1919,3.1964,3.1914,3.1954,3.1969,3.2014,3.1964,3.2004,35
2026-07-06 20:18:00,3.1944,3.1964,3.1944,3.1954,3.1994,3.2014,3.1994,3.2004,11
2026-07-06 20:19:00,3.1964,3.1964,3.1924,3.1924,3.2014,3.2014,3.1974,3.1974,18
2026-07-06 20:20:00,3.1914,3.1924,3.1849,3.1864,3.1964,3.1974,3.1899,3.1914,30
2026-07-06 20:21:00,3.1874,3.1884,3.1834,3.1854,3.1924,3.1934,3.1884,3.1904,27
2026-07-06 20:22:00,3.1864,3.1874,3.1854,3.1864,3.1914,3.1924,3.1904,3.1914,13
2026-07-06 20:23:00,3.1874,3.1874,3.1854,3.1869,3.1924,3.1924,3.1904,3.1919,20
2026-07-06 20:24:00,3.1874,3.1904,3.1874,3.1894,3.1924,3.1954,3.1924,3.1944,8
2026-07-06 20:25:00,3.1884,3.1954,3.1884,3.1954,3.1934,3.2004,3.1934,3.2004,26
2026-07-06 20:26:00,3.1944,3.1964,3.1934,3.1954,3.1994,3.2014,3.1984,3.2004,22
2026-07-06 20:27:00,3.1964,3.1974,3.1944,3.1954,3.2014,3.2024,3.1994,3.2004,22
2026-07-06 20:28:00,3.1964,3.2024,3.1954,3.2004,3.2014,3.2074,3.2004,3.2054,115
2026-07-06 20:29:00,3.1994,3.2014,3.1964,3.1974,3.2044,3.2064,3.2014,3.2024,54
2026-07-06 20:30:00,3.1979,3.1989,3.1964,3.1974,3.2029,3.2039,3.2014,3.2024,41
2026-07-06 20:31:00,3.1984,3.1984,3.1954,3.1964,3.2034,3.2034,3.2004,3.2014,39
2026-07-06 20:32:00,3.1969,3.1984,3.1944,3.1954,3.2019,3.2034,3.1994,3.2004,14
2026-07-06 20:33:00,3.1959,3.1984,3.1954,3.1984,3.2009,3.2034,3.2004,3.2034,11
2026-07-06 20:34:00,3.1994,3.2024,3.1994,3.2019,3.2044,3.2074,3.2044,3.2069,14
2026-07-06 20:35:00,3.2024,3.2054,3.2024,3.2034,3.2074,3.2104,3.2074,3.2084,35
2026-07-06 20:36:00,3.2039,3.2054,3.2034,3.2044,3.2089,3.2104,3.2084,3.2094,13
2026-07-06 20:37:00,3.2054,3.2094,3.2054,3.2074,3.2104,3.2144,3.2104,3.2124,20
2026-07-06 20:38:00,3.2084,3.2094,3.2064,3.2074,3.2134,3.2144,3.2114,3.2124,16
2026-07-06 20:39:00,3.2064,3.2074,3.2054,3.2054,3.2114,3.2124,3.2104,3.2104,14
2026-07-06 20:40:00,3.2064,3.2074,3.2059,3.2064,3.2114,3.2124,3.2109,3.2114,15
2026-07-06 20:41:00,3.2054,3.2064,3.2044,3.2054,3.2104,3.2114,3.2094,3.2104,8
2026-07-06 20:42:00,3.2044,3.2054,3.2044,3.2044,3.2094,3.2104,3.2094,3.2094,8
2026-07-06 20:43:00,3.2049,3.2049,3.2024,3.2024,3.2099,3.2099,3.2074,3.2074,9
2026-07-06 20:44:00,3.2034,3.2044,3.1994,3.1999,3.2084,3.2094,3.2044,3.2049,29
2026-07-06 20:45:00,3.2004,3.2004,3.1984,3.1994,3.2054,3.2054,3.2034,3.2044,13
2026-07-06 20:46:00,3.2004,3.2014,3.1994,3.2004,3.2054,3.2064,3.2044,3.2054,10
2026-07-06 20:47:00,3.1994,3.2024,3.1994,3.2009,3.2044,3.2074,3.2044,3.2059,11
2026-07-06 20:48:00,3.2014,3.2059,3.2009,3.2059,3.2064,3.2109,3.2059,3.2109,14
2026-07-06 20:49:00,3.2054,3.2064,3.2054,3.2064,3.2104,3.2114,3.2104,3.2114,9
2026-07-06 20:50:00,3.2069,3.2074,3.2054,3.2069,3.2119,3.2124,3.2104,3.2119,17
2026-07-06 20:51:00,3.2074,3.2074,3.2044,3.2049,3.2124,3.2124,3.2094,3.2099,7
2026-07-06 20:52:00,3.2044,3.2064,3.2044,3.2054,3.2094,3.2114,3.2094,3.2104,8
2026-07-06 20:53:00,3.2064,3.2064,3.2044,3.2044,3.2114,3.2114,3.2094,3.2094,6
2026-07-06 20:54:00,3.2054,3.2064,3.2044,3.2054,3.2104,3.2114,3.2094,3.2104,11
2026-07-06 20:56:00,3.2064,3.2074,3.2054,3.2064,3.2114,3.2124,3.2104,3.2114,17
2026-07-06 20:57:00,3.2059,3.2064,3.2024,3.2029,3.2109,3.2114,3.2074,3.2079,25
2026-07-06 20:58:00,3.2034,3.2034,3.2024,3.2024,3.2084,3.2084,3.2074,3.2074,13
2026-07-06 20:59:00,3.2014,3.2049,3.2014,3.2024,3.2064,3.2099,3.2064,3.2074,16
2026-07-06 21:00:00,3.2029,3.2054,3.2024,3.2034,3.2079,3.2104,3.2074,3.2084,18
2026-07-06 21:01:00,3.2039,3.2059,3.2034,3.2054,3.2089,3.2109,3.2084,3.2104,22
2026-07-06 21:02:00,3.2059,3.2064,3.2054,3.2064,3.2109,3.2114,3.2104,3.2114,28
2026-07-06 21:03:00,3.2054,3.2054,3.2044,3.2044,3.2104,3.2104,3.2094,3.2094,8
2026-07-06 21:04:00,3.2034,3.2034,3.2034,3.2034,3.2084,3.2084,3.2084,3.2084,1
2026-07-06 21:05:00,3.2044,3.2054,3.2044,3.2054,3.2094,3.2104,3.2094,3.2104,7
2026-07-06 21:06:00,3.2064,3.2064,3.2064,3.2064,3.2114,3.2114,3.2114,3.2114,1
2026-07-06 21:07:00,3.2074,3.2074,3.2054,3.2064,3.2124,3.2124,3.2104,3.2114,17
2026-07-06 21:08:00,3.2074,3.2084,3.2074,3.2084,3.2124,3.2134,3.2124,3.2134,7
2026-07-06 21:09:00,3.2074,3.2074,3.2074,3.2074,3.2124,3.2124,3.2124,3.2124,1
2026-07-06 21:10:00,3.2064,3.2074,3.2044,3.2054,3.2114,3.2124,3.2094,3.2104,17
2026-07-06 21:11:00,3.2059,3.2064,3.2054,3.2064,3.2109,3.2114,3.2104,3.2114,4
2026-07-06 21:12:00,3.2074,3.2074,3.2064,3.2074,3.2124,3.2124,3.2114,3.2124,10
2026-07-06 21:14:00,3.2064,3.2074,3.2064,3.2064,3.2114,3.2124,3.2114,3.2114,11
2026-07-06 21:15:00,3.2074,3.2074,3.2064,3.2069,3.2124,3.2124,3.2114,3.2119,3
2026-07-06 21:16:00,3.2064,3.2074,3.2064,3.2074,3.2114,3.2124,3.2114,3.2124,9
2026-07-06 21:17:00,3.2084,3.2084,3.2064,3.2064,3.2134,3.2134,3.2114,3.2114,5
2026-07-06 21:19:00,3.2074,3.2074,3.2074,3.2074,3.2124,3.2124,3.2124,3.2124,1
2026-07-06 21:20:00,3.2064,3.2074,3.2064,3.2064,3.2114,3.2124,3.2114,3.2114,3
2026-07-06 21:21:00,3.2054,3.2064,3.2044,3.2059,3.2104,3.2114,3.2094,3.2109,10
2026-07-06 21:22:00,3.2064,3.2064,3.2054,3.2054,3.2114,3.2114,3.2104,3.2104,2
2026-07-06 21:23:00,3.2044,3.2044,3.2024,3.2029,3.2084,3.2084,3.2074,3.2074,7
2026-07-06 21:24:00,3.2034,3.2034,3.2024,3.2024,3.2064,3.2064,3.2064,3.2064,2
2026-07-06 21:25:00,3.2014,3.2014,3.2014,3.2014,3.2074,3.2074,3.2064,3.2074,1
2026-07-06 21:27:00,3.2024,3.2024,3.2014,3.2024,3.2084,3.2084,3.2074,3.2074,5
2026-07-06 21:29:00,3.2034,3.2034,3.2024,3.2024,3.2064,3.2084,3.2064,3.2074,2
2026-07-06 21:31:00,3.2014,3.2034,3.2014,3.2024,3.2064,3.2074,3.2054,3.2064,8
2026-07-06 21:33:00,3.2014,3.2024,3.2004,3.2014,3.2054,3.2064,3.2054,3.2064,7
2026-07-06 21:34:00,3.2004,3.2014,3.2004,3.2014,3.2059,3.2074,3.2054,3.2064,2
2026-07-06 21:35:00,3.2009,3.2024,3.2004,3.2014,3.2054,3.2064,3.2054,3.2064,10
2026-07-06 21:36:00,3.2004,3.2014,3.2004,3.2014,3.2054,3.2054,3.2054,3.2054,2
2026-07-06 21:37:00,3.2004,3.2004,3.2004,3.2004,3.2044,3.2054,3.2044,3.2054,1
2026-07-06 21:38:00,3.1994,3.2004,3.1994,3.2004,3.2049,3.2054,3.2049,3.2054,3
2026-07-06 21:39:00,3.1999,3.2004,3.1999,3.2004,3.2064,3.2074,3.2024,3.2034,2
2026-07-06 21:40:00,3.2014,3.2024,3.1974,3.1984,3.2044,3.2054,3.2034,3.2054,18
2026-07-06 21:41:00,3.1994,3.2004,3.1984,3.2004,3.2064,3.2064,3.2054,3.2054,4
2026-07-06 21:43:00,3.2014,3.2014,3.2004,3.2004,3.2064,3.2064,3.2054,3.2059,7
2026-07-06 21:45:00,3.2014,3.2014,3.2004,3.2009,3.2049,3.2084,3.2034,3.2074,5
2026-07-06 21:46:00,3.1999,3.2034,3.1984,3.2024,3.2084,3.2089,3.2074,3.2084,16
2026-07-06 21:47:00,3.2034,3.2039,3.2024,3.2034,3.2094,3.2094,3.2084,3.2084,7
2026-07-06 21:49:00,3.2044,3.2044,3.2034,3.2034,3.2094,3.2099,3.2089,3.2094,2
2026-07-06 21:50:00,3.2044,3.2049,3.2039,3.2044,3.2099,3.2104,3.2094,3.2104,5
2026-07-06 21:51:00,3.2049,3.2054,3.2044,3.2054,3.2109,3.2114,3.2104,3.2104,6
2026-07-06 21:53:00,3.2059,3.2064,3.2054,3.2054,3.2114,3.2114,3.2104,3.2104,8
2026-07-06 21:54:00,3.2064,3.2064,3.2054,3.2054,3.2094,3.2104,3.2094,3.2104,8
2026-07-06 21:55:00,3.2044,3.2054,3.2044,3.2054,3.2094,3.2104,3.2094,3.2104,2
2026-07-06 21:56:00,3.2044,3.2054,3.2044,3.2054,3.2099,3.2104,3.2094,3.2094,11
2026-07-06 21:58:00,3.2049,3.2054,3.2044,3.2044,3.2099,3.2104,3.2084,3.2094,9
2026-07-06 21:59:00,3.2049,3.2054,3.2034,3.2044,3.2089,3.2094,3.2089,3.2094,20
2026-07-06 22:00:00,3.2039,3.2044,3.2039,3.2044,3.2104,3.2114,3.2104,3.2104,2
2026-07-06 22:01:00,3.2054,3.2064,3.2054,3.2054,3.2114,3.2114,3.2109,3.2114,7
2026-07-06 22:02:00,3.2064,3.2064,3.2059,3.2064,3.2104,3.2119,3.2104,3.2114,3
2026-07-06 22:03:00,3.2054,3.2069,3.2054,3.2064,3.2109,3.2114,3.2109,3.2114,6
2026-07-06 22:05:00,3.2059,3.2064,3.2059,3.2064,3.2124,3.2124,3.2114,3.2114,4
2026-07-06 22:06:00,3.2074,3.2074,3.2064,3.2064,3.2109,3.2109,3.2104,3.2104,4
2026-07-06 22:07:00,3.2059,3.2059,3.2054,3.2054,3.2109,3.2114,3.2104,3.2114,2
2026-07-06 22:08:00,3.2059,3.2064,3.2054,3.2064,3.2104,3.2114,3.2084,3.2094,4
2026-07-06 22:09:00,3.2054,3.2064,3.2034,3.2044,3.2104,3.2114,3.2104,3.2104,6
2026-07-06 22:10:00,3.2054,3.2064,3.2054,3.2054,3.2109,3.2114,3.2094,3.2094,8
2026-07-06 22:11:00,3.2059,3.2064,3.2044,3.2044,3.2084,3.2104,3.2084,3.2084,20
2026-07-06 22:12:00,3.2034,3.2054,3.2034,3.2034,3.2079,3.2084,3.2074,3.2084,10
2026-07-06 22:13:00,3.2029,3.2034,3.2024,3.2034,3.2074,3.2074,3.2074,3.2074,5
2026-07-06 22:14:00,3.2024,3.2024,3.2024,3.2024,3.2084,3.2084,3.2079,3.2084,1
2026-07-06 22:15:00,3.2034,3.2034,3.2029,3.2034,3.2074,3.2074,3.2074,3.2074,3
2026-07-06 22:18:00,3.2024,3.2024,3.2024,3.2024,3.2064,3.2074,3.2064,3.2074,1
2026-07-06 22:19:00,3.2014,3.2024,3.2014,3.2024,3.2084,3.2084,3.2064,3.2064,2
2026-07-06 22:20:00,3.2034,3.2034,3.2014,3.2014,3.2054,3.2054,3.2054,3.2054,3
2026-07-06 22:22:00,3.2004,3.2004,3.2004,3.2004,3.2044,3.2049,3.2034,3.2034,1
2026-07-06 22:25:00,3.1994,3.1999,3.1984,3.1984,3.2039,3.2044,3.2024,3.2034,4
2026-07-06 22:26:00,3.1989,3.1994,3.1974,3.1984,3.2044,3.2044,3.2044,3.2044,7
2026-07-06 22:27:00,3.1994,3.1994,3.1994,3.1994,3.2034,3.2054,3.2034,3.2054,1
2026-07-06 22:28:00,3.1984,3.2004,3.1984,3.2004,3.2044,3.2059,3.2044,3.2059,3
2026-07-06 22:29:00,3.1994,3.2009,3.1994,3.2009,3.2064,3.2064,3.2054,3.2059,3
2026-07-06 22:30:00,3.2014,3.2014,3.2004,3.2009,3.2054,3.2059,3.2054,3.2059,6
2026-07-06 22:31:00,3.2004,3.2009,3.2004,3.2009,3.2054,3.2054,3.2054,3.2054,2
2026-07-06 22:32:00,3.2004,3.2004,3.2004,3.2004,3.2044,3.2054,3.2044,3.2044,1
2026-07-06 22:34:00,3.1994,3.2004,3.1994,3.1994,3.2054,3.2054,3.2054,3.2054,8
2026-07-06 22:38:00,3.2004,3.2004,3.2004,3.2004,3.2049,3.2049,3.2044,3.2044,1
2026-07-06 22:42:00,3.1999,3.1999,3.1994,3.1994,3.2049,3.2054,3.2044,3.2054,2
2026-07-06 22:43:00,3.1999,3.2004,3.1994,3.2004,3.2044,3.2074,3.2044,3.2074,3
2026-07-06 22:45:00,3.1994,3.2024,3.1994,3.2024,3.2069,3.2074,3.2069,3.2069,5
2026-07-06 22:46:00,3.2019,3.2024,3.2019,3.2019,3.2064,3.2064,3.2064,3.2064,5
2026-07-06 22:47:00,3.2014,3.2014,3.2014,3.2014,3.2069,3.2114,3.2069,3.2104,1
2026-07-06 22:48:00,3.2019,3.2064,3.2019,3.2054,3.2099,3.2104,3.2094,3.2099,7
2026-07-06 22:49:00,3.2049,3.2054,3.2044,3.2049,3.2094,3.2104,3.2094,3.2094,10
2026-07-06 22:50:00,3.2044,3.2054,3.2044,3.2044,3.2104,3.2104,3.2094,3.2104,5
2026-07-06 22:51:00,3.2054,3.2054,3.2044,3.2054,3.2099,3.2104,3.2084,3.2084,10
2026-07-06 22:52:00,3.2049,3.2054,3.2034,3.2034,3.2089,3.2094,3.2084,3.2084,14
2026-07-06 22:53:00,3.2039,3.2044,3.2034,3.2034,3.2074,3.2094,3.2074,3.2094,11
2026-07-06 22:54:00,3.2024,3.2044,3.2024,3.2044,3.2099,3.2114,3.2094,3.2104,6
2026-07-06 22:55:00,3.2049,3.2064,3.2044,3.2054,3.2099,3.2134,3.2099,3.2129,16
2026-07-06 22:56:00,3.2049,3.2084,3.2049,3.2079,3.2124,3.2129,3.2124,3.2124,8
2026-07-06 22:57:00,3.2074,3.2079,3.2074,3.2074,3.2119,3.2144,3.2104,3.2134,3
2026-07-06 22:58:00,3.2069,3.2094,3.2054,3.2084,3.2129,3.2134,3.1937,3.1947,25
2026-07-06 22:59:00,3.2079,3.2084,3.1887,3.1897,3.1962,3.1962,3.1892,3.1897,18
2026-07-07 00:00:00,3.1912,3.1912,3.1842,3.1847,3.1912,3.1937,3.1907,3.1912,18
2026-07-07 00:01:00,3.1862,3.1887,3.1857,3.1862,3.1907,3.1927,3.1902,3.1927,8
2026-07-07 00:02:00,3.1857,3.1877,3.1852,3.1877,3.1937,3.1937,3.1932,3.1932,7
2026-07-07 00:03:00,3.1887,3.1887,3.1882,3.1882,3.1927,3.1927,3.1927,3.1927,6
2026-07-07 00:04:00,3.1877,3.1877,3.1877,3.1877,3.1932,3.1937,3.1932,3.1937,1
2026-07-07 00:05:00,3.1882,3.1887,3.1882,3.1887,3.1927,3.1927,3.1927,3.1927,2
2026-07-07 00:06:00,3.1877,3.1877,3.1877,3.1877,3.1932,3.1932,3.1907,3.1912,1
2026-07-07 00:07:00,3.1882,3.1882,3.1857,3.1862,3.1907,3.1912,3.1907,3.1912,10
2026-07-07 00:08:00,3.1857,3.1862,3.1857,3.1862,3.1907,3.1907,3.1897,3.1897,2
2026-07-07 00:09:00,3.1857,3.1857,3.1847,3.1847,3.1902,3.1922,3.1902,3.1917,2
2026-07-07 00:10:00,3.1852,3.1872,3.1852,3.1867,3.1912,3.1917,3.1912,3.1912,5
2026-07-07 00:11:00,3.1862,3.1867,3.1862,3.1862,3.1917,3.1917,3.1917,3.1917,3
2026-07-07 00:12:00,3.1867,3.1867,3.1867,3.1867,3.1927,3.1927,3.1927,3.1927,1
2026-07-07 00:18:00,3.1877,3.1877,3.1877,3.1877,3.1937,3.1937,3.1937,3.1937,1
2026-07-07 00:27:00,3.1887,3.1887,3.1887,3.1887,3.1942,3.1942,3.1942,3.1942,1
2026-07-07 00:32:00,3.1892,3.1892,3.1892,3.1892,3.1937,3.1937,3.1937,3.1937,1
2026-07-07 00:33:00,3.1887,3.1887,3.1887,3.1887,3.1947,3.1947,3.1937,3.1937,1
2026-07-07 00:34:00,3.1897,3.1897,3.1887,3.1887,3.1942,3.1942,3.1937,3.1937,2
2026-07-07 00:35:00,3.1892,3.1892,3.1887,3.1887,3.1947,3.1957,3.1937,3.1937,2
2026-07-07 00:40:00,3.1897,3.1907,3.1887,3.1887,3.1942,3.1952,3.1942,3.1947,4
2026-07-07 00:43:00,3.1892,3.1902,3.1892,3.1897,3.1942,3.1942,3.1942,3.1942,3
2026-07-07 00:45:00,3.1892,3.1892,3.1892,3.1892,3.1937,3.1937,3.1937,3.1937,1
2026-07-07 00:47:00,3.1887,3.1887,3.1887,3.1887,3.1942,3.1942,3.1942,3.1942,1
2026-07-07 00:49:00,3.1892,3.1892,3.1892,3.1892,3.1947,3.1947,3.1947,3.1947,1
2026-07-07 00:50:00,3.1897,3.1897,3.1897,3.1897,3.1937,3.1937,3.1937,3.1937,1
2026-07-07 00:53:00,3.1887,3.1887,3.1887,3.1887,3.1927,3.1927,3.1927,3.1927,1
2026-07-07 00:55:00,3.1877,3.1877,3.1877,3.1877,3.1932,3.1932,3.1932,3.1932,1
2026-07-07 00:56:00,3.1882,3.1882,3.1882,3.1882,3.1937,3.1937,3.1937,3.1937,1
2026-07-07 00:58:00,3.1887,3.1887,3.1887,3.1887,3.1942,3.1942,3.1942,3.1942,1
2026-07-07 00:59:00,3.1892,3.1892,3.1892,3.1892,3.1937,3.1937,3.1927,3.1927,1
2026-07-07 01:03:00,3.1887,3.1887,3.1877,3.1877,3.1932,3.1937,3.1927,3.1937,2
2026-07-07 01:04:00,3.1882,3.1887,3.1877,3.1887,3.1932,3.1932,3.1932,3.1932,4
2026-07-07 01:05:00,3.1882,3.1882,3.1882,3.1882,3.1937,3.1937,3.1937,3.1937,1
2026-07-07 01:06:00,3.1887,3.1887,3.1887,3.1887,3.1942,3.1942,3.1942,3.1942,1
2026-07-07 01:09:00,3.1892,3.1892,3.1892,3.1892,3.1947,3.1947,3.1947,3.1947,1
2026-07-07 01:10:00,3.1897,3.1897,3.1897,3.1897,3.1952,3.1952,3.1952,3.1952,1
2026-07-07 01:12:00,3.1902,3.1902,3.1902,3.1902,3.1947,3.1947,3.1947,3.1947,1
2026-07-07 01:14:00,3.1897,3.1897,3.1897,3.1897,3.1952,3.1952,3.1947,3.1947,1
2026-07-07 01:20:00,3.1902,3.1902,3.1897,3.1897,3.1942,3.1942,3.1942,3.1942,2
2026-07-07 01:23:00,3.1892,3.1892,3.1892,3.1892,3.1947,3.1947,3.1947,3.1947,1
2026-07-07 01:24:00,3.1897,3.1897,3.1897,3.1897,3.1942,3.1942,3.1942,3.1942,1
2026-07-07 01:26:00,3.1892,3.1892,3.1892,3.1892,3.1947,3.1947,3.1947,3.1947,1
2026-07-07 01:35:00,3.1897,3.1897,3.1897,3.1897,3.1952,3.1957,3.1947,3.1947,1
2026-07-07 01:41:00,3.1902,3.1907,3.1897,3.1897,3.1952,3.1952,3.1952,3.1952,3
2026-07-07 01:44:00,3.1902,3.1902,3.1902,3.1902,3.1957,3.1957,3.1957,3.1957,1
2026-07-07 01:45:00,3.1907,3.1907,3.1907,3.1907,3.1927,3.1947,3.1927,3.1947,1
2026-07-07 01:48:00,3.1877,3.1897,3.1877,3.1897,3.1952,3.1952,3.1952,3.1952,4
2026-07-07 01:49:00,3.1902,3.1902,3.1902,3.1902,3.1947,3.1957,3.1947,3.1957,1
2026-07-07 01:51:00,3.1897,3.1907,3.1897,3.1907,3.1962,3.1962,3.1962,3.1962,2
2026-07-07 01:54:00,3.1912,3.1912,3.1912,3.1912,3.1957,3.1967,3.1957,3.1967,1
2026-07-07 01:55:00,3.1907,3.1917,3.1907,3.1917,3.1962,3.1962,3.1962,3.1962,2
2026-07-07 01:56:00,3.1912,3.1912,3.1912,3.1912,3.1947,3.1967,3.1947,3.1967,1
2026-07-07 01:57:00,3.1897,3.1917,3.1897,3.1917,3.1962,3.2007,3.1957,3.1997,3
2026-07-07 02:00:00,3.1912,3.1957,3.1907,3.1947,3.1992,3.1997,3.1947,3.1987,17
2026-07-07 02:01:00,3.1942,3.1947,3.1897,3.1937,3.1992,3.2017,3.1992,3.2002,17
2026-07-07 02:02:00,3.1942,3.1967,3.1942,3.1952,3.2007,3.2017,3.2007,3.2012,11
2026-07-07 02:03:00,3.1957,3.1967,3.1957,3.1962,3.2017,3.2047,3.2012,3.2012,3
2026-07-07 02:04:00,3.1967,3.1997,3.1962,3.1962,3.2007,3.2027,3.2007,3.2027,12
2026-07-07 02:05:00,3.1957,3.1977,3.1957,3.1977,3.2017,3.2027,3.2017,3.2027,3
2026-07-07 02:06:00,3.1967,3.1977,3.1967,3.1977,3.2022,3.2022,3.2007,3.2017,5
2026-07-07 02:07:00,3.1972,3.1972,3.1957,3.1967,3.2027,3.2027,3.2017,3.2017,8
2026-07-07 02:08:00,3.1977,3.1977,3.1967,3.1967,3.2007,3.2017,3.2007,3.2007,4
2026-07-07 02:09:00,3.1957,3.1967,3.1957,3.1957,3.2017,3.2027,3.2017,3.2017,3
2026-07-07 02:11:00,3.1967,3.1977,3.1967,3.1967,3.2022,3.2022,3.2017,3.2022,5
2026-07-07 02:12:00,3.1972,3.1972,3.1967,3.1972,3.2027,3.2027,3.2017,3.2027,3
2026-07-07 02:13:00,3.1977,3.1977,3.1967,3.1977,3.2022,3.2077,3.2022,3.2067,7
2026-07-07 02:14:00,3.1972,3.2027,3.1972,3.2017,3.2077,3.2127,3.2077,3.2077,22
2026-07-07 02:15:00,3.2027,3.2077,3.2027,3.2027,3.2082,3.2082,3.2077,3.2077,24
2026-07-07 02:16:00,3.2032,3.2032,3.2027,3.2027,3.2087,3.2097,3.2087,3.2087,4
2026-07-07 02:17:00,3.2037,3.2047,3.2037,3.2037,3.2092,3.2092,3.2062,3.2067,6
2026-07-07 02:18:00,3.2042,3.2042,3.2012,3.2017,3.2072,3.2072,3.2067,3.2067,21
2026-07-07 02:19:00,3.2022,3.2022,3.2017,3.2017,3.2057,3.2057,3.2057,3.2057,2
2026-07-07 02:21:00,3.2007,3.2007,3.2007,3.2007,3.2047,3.2057,3.2047,3.2057,1
2026-07-07 02:22:00,3.1997,3.2007,3.1997,3.2007,3.2047,3.2052,3.2047,3.2047,2
2026-07-07 02:23:00,3.1997,3.2002,3.1997,3.1997,3.2052,3.2077,3.2052,3.2072,7
2026-07-07 02:24:00,3.2002,3.2027,3.2002,3.2022,3.2077,3.2077,3.2062,3.2067,9
2026-07-07 02:25:00,3.2027,3.2027,3.2012,3.2017,3.2057,3.2067,3.2057,3.2062,9
2026-07-07 02:26:00,3.2007,3.2017,3.2007,3.2012,3.2067,3.2067,3.2062,3.2067,7
2026-07-07 02:27:00,3.2017,3.2017,3.2012,3.2017,3.2062,3.2067,3.2032,3.2032,9
2026-07-07 02:28:00,3.2012,3.2017,3.1982,3.1982,3.2027,3.2027,3.2022,3.2027,6
2026-07-07 02:29:00,3.1977,3.1977,3.1972,3.1977,3.2017,3.2027,3.2017,3.2027,3
2026-07-07 02:31:00,3.1967,3.1977,3.1967,3.1977,3.2037,3.2037,3.2037,3.2037,4
2026-07-07 02:32:00,3.1987,3.1987,3.1987,3.1987,3.2042,3.2047,3.2037,3.2037,1
2026-07-07 02:33:00,3.1992,3.1997,3.1987,3.1987,3.2042,3.2047,3.2037,3.2047,7
2026-07-07 02:34:00,3.1992,3.1997,3.1987,3.1997,3.2057,3.2067,3.2057,3.2067,3
2026-07-07 02:38:00,3.2007,3.2017,3.2007,3.2017,3.2062,3.2062,3.2047,3.2057,7
2026-07-07 02:44:00,3.2012,3.2012,3.1997,3.2007,3.2047,3.2047,3.2047,3.2047,4
2026-07-07 02:45:00,3.1997,3.1997,3.1997,3.1997,3.2037,3.2037,3.2027,3.2027,1
2026-07-07 02:46:00,3.1987,3.1987,3.1977,3.1977,3.2022,3.2022,3.2007,3.2017,4
2026-07-07 02:47:00,3.1972,3.1972,3.1957,3.1967,3.2027,3.2027,3.2017,3.2027,4
2026-07-07 02:48:00,3.1977,3.1977,3.1967,3.1977,3.2022,3.2022,3.1977,3.1977,3
2026-07-07 02:49:00,3.1972,3.1972,3.1927,3.1927,3.1982,3.1982,3.1977,3.1977,9
2026-07-07 02:50:00,3.1932,3.1932,3.1927,3.1927,3.1982,3.1987,3.1977,3.1977,2
2026-07-07 02:51:00,3.1932,3.1937,3.1927,3.1927,3.1982,3.1997,3.1982,3.1997,3
2026-07-07 02:52:00,3.1932,3.1947,3.1932,3.1947,3.1982,3.1997,3.1982,3.1997,13
2026-07-07 02:53:00,3.1952,3.1952,3.1937,3.1937,3.2002,3.2002,3.1987,3.1987,5
2026-07-07 02:54:00,3.1942,3.1952,3.1942,3.1947,3.1992,3.2002,3.1992,3.1997,4
2026-07-07 02:55:00,3.1952,3.1952,3.1937,3.1937,3.2002,3.2002,3.1987,3.1987,3
2026-07-07 02:57:00,3.1942,3.1947,3.1937,3.1937,3.1992,3.1997,3.1987,3.1987,10
2026-07-07 02:58:00,3.1942,3.1942,3.1937,3.1942,3.1992,3.1992,3.1987,3.1992,21
2026-07-07 02:59:00,3.1937,3.1947,3.1917,3.1927,3.1987,3.1997,3.1967,3.1977,9
2026-07-07 03:00:00,3.1922,3.1927,3.1897,3.1912,3.1972,3.1977,3.1947,3.1962,17
2026-07-07 03:01:00,3.1917,3.1937,3.1917,3.1922,3.1967,3.1987,3.1967,3.1972,11
2026-07-07 03:02:00,3.1917,3.1922,3.1917,3.1917,3.1967,3.1972,3.1967,3.1967,3
2026-07-07 03:03:00,3.1927,3.1927,3.1907,3.1912,3.1977,3.1977,3.1957,3.1962,9
2026-07-07 03:04:00,3.1917,3.1917,3.1907,3.1917,3.1967,3.1967,3.1957,3.1967,6
2026-07-07 03:06:00,3.1912,3.1917,3.1912,3.1912,3.1962,3.1967,3.1962,3.1962,3
2026-07-07 03:07:00,3.1907,3.1917,3.1907,3.1912,3.1957,3.1967,3.1957,3.1962,5
2026-07-07 03:08:00,3.1917,3.1922,3.1917,3.1922,3.1967,3.1972,3.1967,3.1972,2
2026-07-07 03:09:00,3.1917,3.1917,3.1917,3.1917,3.1967,3.1967,3.1967,3.1967,1
2026-07-07 03:11:00,3.1912,3.1917,3.1912,3.1917,3.1962,3.1967,3.1962,3.1967,2
2026-07-07 03:12:00,3.1912,3.1917,3.1912,3.1917,3.1962,3.1967,3.1962,3.1967,2
2026-07-07 03:13:00,3.1912,3.1912,3.1912,3.1912,3.1962,3.1962,3.1962,3.1962,1
2026-07-07 03:14:00,3.1907,3.1907,3.1907,3.1907,3.1957,3.1957,3.1957,3.1957,1
2026-07-07 03:16:00,3.1897,3.1897,3.1877,3.1877,3.1947,3.1947,3.1927,3.1927,10
2026-07-07 03:17:00,3.1872,3.1877,3.1847,3.1867,3.1922,3.1927,3.1897,3.1917,11
2026-07-07 03:20:00,3.1857,3.1867,3.1857,3.1867,3.1907,3.1917,3.1907,3.1917,2
2026-07-07 03:22:00,3.1862,3.1867,3.1862,3.1862,3.1912,3.1917,3.1912,3.1912,3
2026-07-07 03:23:00,3.1857,3.1857,3.1847,3.1847,3.1907,3.1907,3.1897,3.1897,2
2026-07-07 03:24:00,3.1837,3.1847,3.1837,3.1847,3.1887,3.1897,3.1887,3.1897,2
2026-07-07 03:25:00,3.1852,3.1857,3.1847,3.1852,3.1902,3.1907,3.1897,3.1902,5
2026-07-07 03:26:00,3.1847,3.1857,3.1847,3.1857,3.1897,3.1907,3.1897,3.1907,2
2026-07-07 03:28:00,3.1852,3.1857,3.1852,3.1852,3.1902,3.1907,3.1902,3.1902,7
2026-07-07 03:29:00,3.1857,3.1857,3.1857,3.1857,3.1907,3.1907,3.1907,3.1907,1
2026-07-07 03:31:00,3.1867,3.1877,3.1867,3.1867,3.1917,3.1927,3.1917,3.1917,3
2026-07-07 03:36:00,3.1872,3.1872,3.1867,3.1867,3.1922,3.1922,3.1917,3.1917,2
2026-07-07 03:37:00,3.1877,3.1877,3.1837,3.1852,3.1927,3.1927,3.1887,3.1902,14
2026-07-07 03:38:00,3.1857,3.1857,3.1847,3.1847,3.1907,3.1907,3.1897,3.1897,11
2026-07-07 03:39:00,3.1857,3.1857,3.1857,3.1857,3.1907,3.1907,3.1907,3.1907,1
2026-07-07 03:41:00,3.1847,3.1867,3.1847,3.1857,3.1897,3.1917,3.1897,3.1907,4
2026-07-07 03:42:00,3.1852,3.1852,3.1847,3.1847,3.1902,3.1902,3.1897,3.1897,2
2026-07-07 03:43:00,3.1837,3.1837,3.1837,3.1837,3.1887,3.1887,3.1887,3.1887,1
2026-07-07 03:44:00,3.1847,3.1847,3.1847,3.1847,3.1897,3.1897,3.1897,3.1897,1
2026-07-07 03:46:00,3.1837,3.1847,3.1837,3.1842,3.1887,3.1897,3.1887,3.1892,7
2026-07-07 03:47:00,3.1847,3.1847,3.1842,3.1847,3.1897,3.1897,3.1892,3.1897,3
2026-07-07 03:49:00,3.1857,3.1857,3.1847,3.1847,3.1907,3.1907,3.1897,3.1897,3
2026-07-07 03:53:00,3.1857,3.1857,3.1847,3.1847,3.1907,3.1907,3.1897,3.1897,2
2026-07-07 03:56:00,3.1857,3.1857,3.1857,3.1857,3.1907,3.1907,3.1907,3.1907,1
2026-07-07 03:57:00,3.1852,3.1857,3.1847,3.1857,3.1902,3.1907,3.1897,3.1907,5
2026-07-07 03:58:00,3.1847,3.1847,3.1847,3.1847,3.1897,3.1897,3.1897,3.1897,1
2026-07-07 03:59:00,3.1857,3.1857,3.1857,3.1857,3.1907,3.1907,3.1907,3.1907,1
2026-07-07 04:01:00,3.1847,3.1867,3.1847,3.1867,3.1897,3.1917,3.1897,3.1917,8
2026-07-07 04:03:00,3.1877,3.1877,3.1847,3.1847,3.1927,3.1927,3.1897,3.1897,4
2026-07-07 04:04:00,3.1857,3.1857,3.1857,3.1857,3.1907,3.1907,3.1907,3.1907,1
2026-07-07 04:05:00,3.1867,3.1867,3.1867,3.1867,3.1917,3.1917,3.1917,3.1917,1
2026-07-07 04:06:00,3.1857,3.1862,3.1852,3.1852,3.1907,3.1912,3.1902,3.1902,8
2026-07-07 04:07:00,3.1857,3.1857,3.1857,3.1857,3.1907,3.1907,3.1907,3.1907,1
2026-07-07 04:08:00,3.1862,3.1867,3.1862,3.1867,3.1912,3.1917,3.1912,3.1917,2
2026-07-07 04:09:00,3.1872,3.1872,3.1872,3.1872,3.1922,3.1922,3.1922,3.1922,1
2026-07-07 04:10:00,3.1877,3.1877,3.1877,3.1877,3.1927,3.1927,3.1927,3.1927,1
2026-07-07 04:11:00,3.1872,3.1882,3.1872,3.1882,3.1922,3.1932,3.1922,3.1932,3
2026-07-07 04:12:00,3.1892,3.1897,3.1857,3.1857,3.1942,3.1947,3.1907,3.1907,7
2026-07-07 04:13:00,3.1867,3.1897,3.1867,3.1887,3.1917,3.1947,3.1917,3.1937,11
2026-07-07 04:14:00,3.1882,3.1887,3.1877,3.1887,3.1932,3.1937,3.1927,3.1937,3
2026-07-07 04:15:00,3.1882,3.1882,3.1882,3.1882,3.1932,3.1932,3.1932,3.1932,1
2026-07-07 04:16:00,3.1877,3.1882,3.1877,3.1877,3.1927,3.1932,3.1927,3.1927,3
2026-07-07 04:17:00,3.1887,3.1887,3.1887,3.1887,3.1937,3.1937,3.1937,3.1937,1
2026-07-07 04:18:00,3.1897,3.1897,3.1892,3.1892,3.1947,3.1947,3.1942,3.1942,2
2026-07-07 04:19:00,3.1897,3.1897,3.1897,3.1897,3.1947,3.1947,3.1947,3.1947,1
2026-07-07 04:20:00,3.1892,3.1892,3.1892,3.1892,3.1942,3.1942,3.1942,3.1942,1
2026-07-07 04:21:00,3.1887,3.1897,3.1887,3.1892,3.1937,3.1947,3.1937,3.1942,5
2026-07-07 04:23:00,3.1887,3.1892,3.1887,3.1892,3.1937,3.1942,3.1937,3.1942,4
2026-07-07 04:24:00,3.1887,3.1887,3.1887,3.1887,3.1937,3.1937,3.1937,3.1937,1
2026-07-07 04:25:00,3.1877,3.1887,3.1877,3.1887,3.1927,3.1937,3.1927,3.1937,2
2026-07-07 04:26:00,3.1877,3.1887,3.1877,3.1882,3.1927,3.1937,3.1927,3.1932,5
2026-07-07 04:27:00,3.1887,3.1887,3.1877,3.1877,3.1937,3.1937,3.1927,3.1927,4
2026-07-07 04:28:00,3.1882,3.1882,3.1882,3.1882,3.1932,3.1932,3.1932,3.1932,1
2026-07-07 04:30:00,3.1877,3.1892,3.1877,3.1887,3.1927,3.1942,3.1927,3.1937,5
2026-07-07 04:31:00,3.1882,3.1887,3.1837,3.1837,3.1932,3.1937,3.1887,3.1887,9
2026-07-07 04:32:00,3.1827,3.1827,3.1817,3.1817,3.1877,3.1877,3.1867,3.1867,7
2026-07-07 04:33:00,3.1807,3.1827,3.1807,3.1812,3.1857,3.1877,3.1857,3.1862,6
2026-07-07 04:34:00,3.1817,3.1817,3.1807,3.1807,3.1867,3.1867,3.1857,3.1857,2
2026-07-07 04:36:00,3.1797,3.1807,3.1787,3.1787,3.1847,3.1857,3.1837,3.1837,8
2026-07-07 04:37:00,3.1777,3.1787,3.1777,3.1777,3.1827,3.1837,3.1827,3.1827,16
2026-07-07 04:38:00,3.1787,3.1787,3.1777,3.1777,3.1837,3.1837,3.1827,3.1827,5
2026-07-07 04:39:00,3.1767,3.1767,3.1767,3.1767,3.1817,3.1817,3.1817,3.1817,1
2026-07-07 04:40:00,3.1757,3.1777,3.1757,3.1777,3.1807,3.1827,3.1807,3.1827,6
2026-07-07 04:41:00,3.1787,3.1797,3.1787,3.1787,3.1837,3.1847,3.1837,3.1837,3
2026-07-07 04:43:00,3.1797,3.1797,3.1697,3.1697,3.1847,3.1847,3.1747,3.1747,24
2026-07-07 04:44:00,3.1687,3.1767,3.1687,3.1752,3.1737,3.1817,3.1737,3.1802,39
2026-07-07 04:45:00,3.1757,3.1762,3.1747,3.1757,3.1807,3.1812,3.1797,3.1807,7
2026-07-07 04:46:00,3.1752,3.1757,3.1747,3.1757,3.1802,3.1807,3.1797,3.1807,3
2026-07-07 04:49:00,3.1762,3.1762,3.1747,3.1757,3.1812,3.1812,3.1797,3.1807,12
2026-07-07 04:50:00,3.1747,3.1747,3.1747,3.1747,3.1797,3.1797,3.1797,3.1797,1
2026-07-07 04:51:00,3.1752,3.1757,3.1747,3.1747,3.1802,3.1807,3.1797,3.1797,8
2026-07-07 04:53:00,3.1737,3.1747,3.1737,3.1737,3.1787,3.1797,3.1787,3.1787,4
2026-07-07 04:54:00,3.1732,3.1732,3.1697,3.1697,3.1782,3.1782,3.1747,3.1747,12
2026-07-07 04:55:00,3.1692,3.1692,3.1687,3.1687,3.1742,3.1742,3.1737,3.1737,2
2026-07-07 04:56:00,3.1677,3.1707,3.1677,3.1707,3.1727,3.1757,3.1727,3.1757,12
2026-07-07 04:57:00,3.1697,3.1697,3.1697,3.1697,3.1747,3.1747,3.1747,3.1747,1
2026-07-07 04:59:00,3.1702,3.1707,3.1697,3.1697,3.1752,3.1757,3.1747,3.1747,5
2026-07-07 05:00:00,3.1687,3.1692,3.1667,3.1687,3.1737,3.1742,3.1717,3.1737,11
2026-07-07 05:01:00,3.1697,3.1697,3.1692,3.1697,3.1747,3.1747,3.1742,3.1747,3
2026-07-07 05:02:00,3.1687,3.1687,3.1667,3.1667,3.1737,3.1737,3.1717,3.1717,4
2026-07-07 05:03:00,3.1672,3.1677,3.1672,3.1677,3.1722,3.1727,3.1722,3.1727,2
2026-07-07 05:05:00,3.1682,3.1687,3.1677,3.1687,3.1732,3.1737,3.1727,3.1737,8
2026-07-07 05:06:00,3.1692,3.1692,3.1687,3.1687,3.1742,3.1742,3.1737,3.1737,2
2026-07-07 05:07:00,3.1692,3.1697,3.1687,3.1692,3.1742,3.1747,3.1737,3.1742,5
2026-07-07 05:08:00,3.1697,3.1697,3.1687,3.1692,3.1747,3.1747,3.1737,3.1742,4
2026-07-07 05:09:00,3.1697,3.1697,3.1687,3.1692,3.1747,3.1747,3.1737,3.1742,3
2026-07-07 05:10:00,3.1687,3.1697,3.1687,3.1697,3.1737,3.1747,3.1737,3.1747,2
2026-07-07 05:11:00,3.1707,3.1707,3.1697,3.1707,3.1757,3.1757,3.1747,3.1757,5
2026-07-07 05:13:00,3.1712,3.1727,3.1707,3.1717,3.1762,3.1777,3.1757,3.1767,7
2026-07-07 05:14:00,3.1722,3.1737,3.1722,3.1727,3.1772,3.1787,3.1772,3.1777,6
2026-07-07 05:15:00,3.1722,3.1727,3.1722,3.1722,3.1772,3.1777,3.1772,3.1772,3
2026-07-07 05:16:00,3.1717,3.1717,3.1717,3.1717,3.1767,3.1767,3.1767,3.1767,1
2026-07-07 05:17:00,3.1707,3.1717,3.1697,3.1717,3.1757,3.1767,3.1747,3.1767,10
2026-07-07 05:18:00,3.1712,3.1717,3.1712,3.1717,3.1762,3.1767,3.1762,3.1767,2
2026-07-07 05:19:00,3.1707,3.1717,3.1707,3.1717,3.1757,3.1767,3.1757,3.1767,4
2026-07-07 05:21:00,3.1712,3.1712,3.1712,3.1712,3.1762,3.1762,3.1762,3.1762,1
2026-07-07 05:22:00,3.1717,3.1717,3.1712,3.1712,3.1767,3.1767,3.1762,3.1762,8
2026-07-07 05:23:00,3.1717,3.1717,3.1707,3.1712,3.1767,3.1767,3.1757,3.1762,3
2026-07-07 05:24:00,3.1717,3.1737,3.1712,3.1727,3.1767,3.1787,3.1762,3.1777,6
2026-07-07 05:25:00,3.1722,3.1722,3.1717,3.1717,3.1772,3.1772,3.1767,3.1767,2
2026-07-07 05:27:00,3.1707,3.1717,3.1707,3.1707,3.1757,3.1767,3.1757,3.1757,11
2026-07-07 05:28:00,3.1717,3.1717,3.1697,3.1717,3.1767,3.1767,3.1747,3.1767,10
2026-07-07 05:29:00,3.1712,3.1712,3.1707,3.1707,3.1762,3.1762,3.1757,3.1757,2
2026-07-07 05:30:00,3.1717,3.1717,3.1697,3.1702,3.1767,3.1767,3.1747,3.1752,15
2026-07-07 05:31:00,3.1707,3.1707,3.1677,3.1677,3.1757,3.1757,3.1727,3.1727,14
2026-07-07 05:34:00,3.1682,3.1687,3.1682,3.1687,3.1732,3.1737,3.1732,3.1737,2
2026-07-07 05:35:00,3.1677,3.1687,3.1677,3.1687,3.1727,3.1737,3.1727,3.1737,7
2026-07-07 05:36:00,3.1692,3.1697,3.1687,3.1687,3.1742,3.1747,3.1737,3.1737,3
2026-07-07 05:37:00,3.1682,3.1687,3.1682,3.1687,3.1732,3.1737,3.1732,3.1737,2
2026-07-07 05:38:00,3.1697,3.1717,3.1697,3.1707,3.1747,3.1767,3.1747,3.1757,17
2026-07-07 05:39:00,3.1717,3.1727,3.1717,3.1727,3.1767,3.1777,3.1767,3.1777,8
2026-07-07 05:40:00,3.1717,3.1727,3.1717,3.1727,3.1767,3.1777,3.1767,3.1777,2
2026-07-07 05:41:00,3.1732,3.1732,3.1727,3.1727,3.1782,3.1782,3.1777,3.1777,2
2026-07-07 05:43:00,3.1737,3.1747,3.1737,3.1747,3.1787,3.1797,3.1787,3.1797,2
2026-07-07 05:44:00,3.1742,3.1742,3.1737,3.1737,3.1792,3.1792,3.1787,3.1787,2
2026-07-07 05:45:00,3.1727,3.1737,3.1727,3.1737,3.1777,3.1787,3.1777,3.1787,2
2026-07-07 05:46:00,3.1742,3.1742,3.1727,3.1727,3.1792,3.1792,3.1777,3.1777,4
2026-07-07 05:47:00,3.1722,3.1727,3.1717,3.1727,3.1772,3.1777,3.1767,3.1777,3
2026-07-07 05:48:00,3.1722,3.1722,3.1717,3.1717,3.1772,3.1772,3.1767,3.1767,2
2026-07-07 05:49:00,3.1727,3.1727,3.1717,3.1727,3.1777,3.1777,3.1767,3.1777,3
2026-07-07 05:51:00,3.1717,3.1717,3.1717,3.1717,3.1767,3.1767,3.1767,3.1767,1
2026-07-07 05:52:00,3.1707,3.1707,3.1707,3.1707,3.1757,3.1757,3.1757,3.1757,1
2026-07-07 05:54:00,3.1702,3.1702,3.1697,3.1697,3.1752,3.1752,3.1747,3.1747,2
2026-07-07 05:56:00,3.1707,3.1707,3.1657,3.1657,3.1757,3.1757,3.1707,3.1707,11
2026-07-07 05:57:00,3.1667,3.1667,3.1657,3.1657,3.1717,3.1717,3.1707,3.1707,2
2026-07-07 05:58:00,3.1667,3.1667,3.1657,3.1657,3.1717,3.1717,3.1707,3.1707,2
2026-07-07 05:59:00,3.1667,3.1677,3.1662,3.1667,3.1717,3.1727,3.1712,3.1717,10
2026-07-07 06:00:00,3.1677,3.1687,3.1677,3.1677,3.1727,3.1737,3.1727,3.1727,4
2026-07-07 06:02:00,3.1682,3.1687,3.1667,3.1667,3.1732,3.1737,3.1717,3.1717,4
2026-07-07 06:03:00,3.1672,3.1677,3.1667,3.1667,3.1722,3.1727,3.1717,3.1717,3
2026-07-07 06:04:00,3.1672,3.1672,3.1672,3.1672,3.1722,3.1722,3.1722,3.1722,1
2026-07-07 06:05:00,3.1677,3.1677,3.1667,3.1667,3.1727,3.1727,3.1717,3.1717,2
2026-07-07 06:06:00,3.1657,3.1657,3.1657,3.1657,3.1707,3.1707,3.1707,3.1707,1
2026-07-07 06:08:00,3.1647,3.1657,3.1647,3.1657,3.1697,3.1707,3.1697,3.1707,2
2026-07-07 06:19:00,3.1667,3.1677,3.1657,3.1657,3.1717,3.1727,3.1707,3.1707,4
2026-07-07 06:20:00,3.1647,3.1647,3.1647,3.1647,3.1697,3.1697,3.1697,3.1697,1
2026-07-07 06:24:00,3.1657,3.1657,3.1647,3.1647,3.1707,3.1707,3.1697,3.1697,2
2026-07-07 06:25:00,3.1657,3.1667,3.1657,3.1667,3.1707,3.1717,3.1707,3.1717,3
2026-07-07 06:26:00,3.1672,3.1672,3.1647,3.1647,3.1722,3.1722,3.1697,3.1697,9
2026-07-07 06:28:00,3.1657,3.1657,3.1657,3.1657,3.1707,3.1707,3.1707,3.1707,1
2026-07-07 06:30:00,3.1662,3.1662,3.1657,3.1657,3.1712,3.1712,3.1707,3.1707,2
2026-07-07 06:31:00,3.1662,3.1662,3.1657,3.1657,3.1712,3.1712,3.1707,3.1707,2
2026-07-07 06:32:00,3.1667,3.1667,3.1667,3.1667,3.1717,3.1717,3.1717,3.1717,1
2026-07-07 06:33:00,3.1672,3.1672,3.1667,3.1667,3.1722,3.1722,3.1717,3.1717,2
2026-07-07 06:34:00,3.1657,3.1657,3.1627,3.1637,3.1707,3.1707,3.1677,3.1687,6
2026-07-07 06:35:00,3.1632,3.1632,3.1607,3.1607,3.1682,3.1682,3.1657,3.1657,5
2026-07-07 06:36:00,3.1617,3.1627,3.1607,3.1612,3.1667,3.1677,3.1657,3.1662,13
2026-07-07 06:37:00,3.1607,3.1607,3.1607,3.1607,3.1657,3.1657,3.1657,3.1657,1
2026-07-07 06:44:00,3.1597,3.1607,3.1597,3.1607,3.1647,3.1657,3.1647,3.1657,2
2026-07-07 06:45:00,3.1617,3.1617,3.1607,3.1607,3.1667,3.1667,3.1657,3.1657,2
2026-07-07 06:47:00,3.1617,3.1617,3.1597,3.1597,3.1667,3.1667,3.1647,3.1647,3
2026-07-07 06:48:00,3.1592,3.1607,3.1592,3.1607,3.1642,3.1657,3.1642,3.1657,3
2026-07-07 06:49:00,3.1597,3.1607,3.1597,3.1607,3.1647,3.1657,3.1647,3.1657,2
2026-07-07 06:51:00,3.1597,3.1607,3.1567,3.1577,3.1647,3.1657,3.1617,3.1627,16
2026-07-07 06:53:00,3.1587,3.1587,3.1577,3.1587,3.1637,3.1637,3.1627,3.1637,10
2026-07-07 06:54:00,3.1592,3.1597,3.1587,3.1597,3.1642,3.1647,3.1637,3.1647,6
2026-07-07 06:55:00,3.1592,3.1597,3.1587,3.1597,3.1642,3.1647,3.1637,3.1647,5
2026-07-07 06:56:00,3.1592,3.1607,3.1592,3.1607,3.1642,3.1657,3.1642,3.1657,6
2026-07-07 06:58:00,3.1617,3.1617,3.1607,3.1607,3.1667,3.1667,3.1657,3.1657,4
2026-07-07 06:59:00,3.1597,3.1607,3.1597,3.1607,3.1647,3.1657,3.1647,3.1657,4
2026-07-07 07:00:00,3.1597,3.1607,3.1597,3.1597,3.1647,3.1657,3.1647,3.1647,3
2026-07-07 07:04:00,3.1587,3.1587,3.1567,3.1567,3.1637,3.1637,3.1617,3.1617,3
2026-07-07 07:05:00,3.1577,3.1582,3.1577,3.1577,3.1627,3.1632,3.1627,3.1627,5
2026-07-07 07:06:00,3.1587,3.1597,3.1577,3.1587,3.1637,3.1647,3.1627,3.1637,6
2026-07-07 07:07:00,3.1597,3.1597,3.1577,3.1577,3.1647,3.1647,3.1627,3.1627,3
2026-07-07 07:08:00,3.1587,3.1587,3.1577,3.1577,3.1637,3.1637,3.1627,3.1627,2
2026-07-07 07:09:00,3.1587,3.1587,3.1577,3.1577,3.1637,3.1637,3.1627,3.1627,2
2026-07-07 07:11:00,3.1587,3.1587,3.1577,3.1587,3.1637,3.1637,3.1627,3.1637,3
2026-07-07 07:12:00,3.1577,3.1587,3.1577,3.1577,3.1627,3.1637,3.1627,3.1627,5
2026-07-07 07:14:00,3.1587,3.1587,3.1577,3.1577,3.1637,3.1637,3.1627,3.1627,6
2026-07-07 07:16:00,3.1587,3.1592,3.1587,3.1587,3.1637,3.1642,3.1637,3.1637,3
2026-07-07 07:18:00,3.1577,3.1587,3.1577,3.1587,3.1627,3.1637,3.1627,3.1637,2
2026-07-07 07:20:00,3.1577,3.1587,3.1577,3.1587,3.1627,3.1637,3.1627,3.1637,2
2026-07-07 07:21:00,3.1577,3.1597,3.1577,3.1597,3.1627,3.1647,3.1627,3.1647,3
2026-07-07 07:22:00,3.1587,3.1597,3.1587,3.1587,3.1637,3.1647,3.1637,3.1637,3
2026-07-07 07:24:00,3.1597,3.1607,3.1597,3.1607,3.1647,3.1657,3.1647,3.1657,4
2026-07-07 07:25:00,3.1617,3.1617,3.1597,3.1597,3.1667,3.1667,3.1647,3.1647,3
2026-07-07 07:27:00,3.1607,3.1607,3.1597,3.1607,3.1657,3.1657,3.1647,3.1657,3
2026-07-07 07:28:00,3.1597,3.1597,3.1577,3.1577,3.1647,3.1647,3.1627,3.1627,5
2026-07-07 07:29:00,3.1567,3.1567,3.1567,3.1567,3.1617,3.1617,3.1617,3.1617,1
2026-07-07 07:33:00,3.1577,3.1577,3.1577,3.1577,3.1627,3.1627,3.1627,3.1627,1
2026-07-07 07:34:00,3.1582,3.1597,3.1582,3.1587,3.1632,3.1647,3.1632,3.1637,6
2026-07-07 07:35:00,3.1577,3.1597,3.1557,3.1597,3.1627,3.1647,3.1607,3.1647,12
2026-07-07 07:36:00,3.1587,3.1607,3.1587,3.1607,3.1637,3.1657,3.1637,3.1657,3
2026-07-07 07:38:00,3.1617,3.1637,3.1612,3.1637,3.1667,3.1687,3.1662,3.1687,9
2026-07-07 07:39:00,3.1632,3.1637,3.1627,3.1637,3.1682,3.1687,3.1677,3.1687,7
2026-07-07 07:40:00,3.1632,3.1637,3.1617,3.1627,3.1682,3.1687,3.1667,3.1677,11
2026-07-07 07:41:00,3.1617,3.1617,3.1617,3.1617,3.1667,3.1667,3.1667,3.1667,1
2026-07-07 07:42:00,3.1627,3.1627,3.1617,3.1622,3.1677,3.1677,3.1667,3.1672,4
2026-07-07 07:43:00,3.1627,3.1627,3.1617,3.1617,3.1677,3.1677,3.1667,3.1667,2
2026-07-07 07:44:00,3.1612,3.1617,3.1612,3.1617,3.1662,3.1667,3.1662,3.1667,4
2026-07-07 07:45:00,3.1612,3.1617,3.1602,3.1617,3.1662,3.1667,3.1652,3.1667,6
2026-07-07 07:48:00,3.1607,3.1617,3.1607,3.1617,3.1657,3.1667,3.1657,3.1667,3
2026-07-07 07:49:00,3.1607,3.1607,3.1577,3.1577,3.1657,3.1657,3.1627,3.1627,9
2026-07-07 07:50:00,3.1572,3.1577,3.1567,3.1572,3.1622,3.1627,3.1617,3.1622,5
2026-07-07 07:51:00,3.1577,3.1577,3.1577,3.1577,3.1627,3.1627,3.1627,3.1627,1
2026-07-07 07:53:00,3.1567,3.1577,3.1562,3.1577,3.1617,3.1627,3.1612,3.1627,6
2026-07-07 07:55:00,3.1587,3.1597,3.1577,3.1587,3.1637,3.1647,3.1627,3.1637,7
2026-07-07 07:56:00,3.1592,3.1637,3.1587,3.1637,3.1642,3.1687,3.1637,3.1687,9
2026-07-07 07:57:00,3.1647,3.1697,3.1647,3.1697,3.1697,3.1747,3.1697,3.1747,22
2026-07-07 07:58:00,3.1692,3.1757,3.1692,3.1722,3.1742,3.1807,3.1742,3.1772,28
2026-07-07 07:59:00,3.1707,3.1762,3.1697,3.1717,3.1757,3.1812,3.1747,3.1767,21
2026-07-07 08:00:00,3.1727,3.1757,3.1727,3.1742,3.1777,3.1807,3.1777,3.1792,14
2026-07-07 08:01:00,3.1737,3.1827,3.1727,3.1817,3.1787,3.1877,3.1777,3.1867,31
2026-07-07 08:02:00,3.1827,3.1867,3.1802,3.1847,3.1877,3.1917,3.1852,3.1897,60
2026-07-07 08:03:00,3.1837,3.1897,3.1837,3.1887,3.1887,3.1947,3.1887,3.1937,26
2026-07-07 08:04:00,3.1897,3.1897,3.1867,3.1897,3.1947,3.1947,3.1917,3.1947,20
2026-07-07 08:05:00,3.1907,3.1907,3.1907,3.1907,3.1957,3.1957,3.1957,3.1957,1
2026-07-07 08:06:00,3.1917,3.1927,3.1867,3.1917,3.1967,3.1977,3.1917,3.1967,35
2026-07-07 08:07:00,3.1907,3.1947,3.1887,3.1917,3.1957,3.1997,3.1937,3.1967,31
2026-07-07 08:08:00,3.1907,3.1927,3.1877,3.1922,3.1957,3.1977,3.1927,3.1972,11
2026-07-07 08:09:00,3.1917,3.1957,3.1917,3.1947,3.1967,3.2007,3.1967,3.1997,21
2026-07-07 08:10:00,3.1937,3.1957,3.1927,3.1957,3.1987,3.2007,3.1977,3.2007,6
2026-07-07 08:11:00,3.1967,3.1987,3.1957,3.1987,3.2017,3.2037,3.2007,3.2037,15
2026-07-07 08:12:00,3.1997,3.2017,3.1987,3.2002,3.2047,3.2067,3.2037,3.2052,19
2026-07-07 08:13:00,3.2007,3.2007,3.1987,3.1997,3.2057,3.2057,3.2037,3.2047,10
2026-07-07 08:14:00,3.2007,3.2012,3.1992,3.1997,3.2057,3.2062,3.2042,3.2047,14
2026-07-07 08:15:00,3.2007,3.2037,3.2007,3.2037,3.2057,3.2087,3.2057,3.2087,8
2026-07-07 08:16:00,3.2047,3.2187,3.2047,3.2187,3.2097,3.2237,3.2097,3.2237,76
2026-07-07 08:17:00,3.2197,3.2207,3.2137,3.2147,3.2247,3.2257,3.2187,3.2197,37
2026-07-07 08:18:00,3.2157,3.2157,3.2137,3.2152,3.2207,3.2207,3.2187,3.2202,22
2026-07-07 08:19:00,3.2147,3.2167,3.2127,3.2147,3.2197,3.2217,3.2177,3.2197,29
2026-07-07 08:20:00,3.2157,3.2157,3.2107,3.2107,3.2207,3.2207,3.2157,3.2157,6
2026-07-07 08:21:00,3.2117,3.2137,3.2097,3.2107,3.2167,3.2187,3.2147,3.2157,15
2026-07-07 08:22:00,3.2112,3.2142,3.2112,3.2137,3.2162,3.2192,3.2162,3.2187,12
2026-07-07 08:23:00,3.2132,3.2132,3.2117,3.2127,3.2182,3.2182,3.2167,3.2177,4
2026-07-07 08:24:00,3.2117,3.2167,3.2117,3.2157,3.2167,3.2217,3.2167,3.2207,16
2026-07-07 08:25:00,3.2147,3.2177,3.2147,3.2167,3.2197,3.2227,3.2197,3.2217,5
2026-07-07 08:26:00,3.2157,3.2167,3.2132,3.2137,3.2207,3.2217,3.2182,3.2187,9
2026-07-07 08:27:00,3.2132,3.2137,3.2132,3.2137,3.2182,3.2187,3.2182,3.2187,4
2026-07-07 08:28:00,3.2142,3.2152,3.2137,3.2152,3.2192,3.2202,3.2187,3.2202,6
2026-07-07 08:29:00,3.2147,3.2147,3.2127,3.2127,3.2197,3.2197,3.2177,3.2177,7
2026-07-07 08:30:00,3.2117,3.2147,3.2117,3.2137,3.2167,3.2197,3.2167,3.2187,13
2026-07-07 08:31:00,3.2127,3.2227,3.2127,3.2217,3.2177,3.2277,3.2177,3.2267,47
2026-07-07 08:32:00,3.2207,3.2217,3.2187,3.2187,3.2257,3.2267,3.2237,3.2237,15
2026-07-07 08:33:00,3.2192,3.2217,3.2137,3.2142,3.2242,3.2267,3.2187,3.2192,42
2026-07-07 08:34:00,3.2137,3.2137,3.2077,3.2087,3.2187,3.2187,3.2127,3.2137,21
2026-07-07 08:35:00,3.2077,3.2087,3.2077,3.2087,3.2127,3.2137,3.2127,3.2137,8
2026-07-07 08:36:00,3.2092,3.2092,3.2077,3.2087,3.2142,3.2142,3.2127,3.2137,5
2026-07-07 08:37:00,3.2097,3.2097,3.2067,3.2077,3.2147,3.2147,3.2117,3.2127,10
2026-07-07 08:40:00,3.2087,3.2087,3.2077,3.2077,3.2137,3.2137,3.2127,3.2127,2
2026-07-07 08:41:00,3.2067,3.2077,3.2057,3.2062,3.2117,3.2127,3.2107,3.2112,9
2026-07-07 08:42:00,3.2057,3.2067,3.2037,3.2037,3.2107,3.2117,3.2087,3.2087,14
2026-07-07 08:43:00,3.2027,3.2027,3.1987,3.1987,3.2077,3.2077,3.2037,3.2037,26
2026-07-07 08:44:00,3.1977,3.2037,3.1967,3.2007,3.2027,3.2087,3.2017,3.2057,28
2026-07-07 08:45:00,3.2002,3.2002,3.1967,3.1997,3.2052,3.2052,3.2017,3.2047,18
2026-07-07 08:46:00,3.1987,3.2007,3.1987,3.1997,3.2037,3.2057,3.2037,3.2047,23
2026-07-07 08:47:00,3.2007,3.2037,3.2007,3.2027,3.2057,3.2087,3.2057,3.2077,16
2026-07-07 08:48:00,3.2017,3.2017,3.1977,3.1977,3.2067,3.2067,3.2027,3.2027,20
2026-07-07 08:49:00,3.1967,3.1977,3.1937,3.1962,3.2017,3.2027,3.1987,3.2012,11
2026-07-07 08:50:00,3.1967,3.1987,3.1957,3.1987,3.2017,3.2037,3.2007,3.2037,25
2026-07-07 08:51:00,3.1992,3.2017,3.1987,3.2017,3.2042,3.2067,3.2037,3.2067,21
2026-07-07 08:52:00,3.2007,3.2027,3.1967,3.1977,3.2057,3.2077,3.2017,3.2027,12
2026-07-07 08:53:00,3.1967,3.1977,3.1957,3.1977,3.2017,3.2027,3.2007,3.2027,14
2026-07-07 08:54:00,3.1982,3.2087,3.1982,3.2067,3.2032,3.2137,3.2032,3.2117,30
2026-07-07 08:55:00,3.2057,3.2057,3.2037,3.2037,3.2107,3.2107,3.2087,3.2087,8
2026-07-07 08:56:00,3.2027,3.2057,3.2027,3.2057,3.2077,3.2107,3.2077,3.2107,9
2026-07-07 08:57:00,3.2047,3.2047,3.2047,3.2047,3.2097,3.2097,3.2097,3.2097,1
2026-07-07 08:58:00,3.2037,3.2067,3.2032,3.2067,3.2087,3.2117,3.2082,3.2117,12
2026-07-07 08:59:00,3.2062,3.2062,3.2027,3.2037,3.2112,3.2112,3.2077,3.2087,12
2026-07-07 09:00:00,3.2047,3.2107,3.2037,3.2097,3.2097,3.2157,3.2087,3.2147,27
2026-07-07 09:01:00,3.2087,3.2087,3.2087,3.2087,3.2137,3.2137,3.2137,3.2137,1
2026-07-07 09:02:00,3.2077,3.2107,3.2077,3.2107,3.2127,3.2157,3.2127,3.2157,9
2026-07-07 09:03:00,3.2102,3.2117,3.2077,3.2107,3.2152,3.2167,3.2127,3.2157,28
2026-07-07 09:04:00,3.2102,3.2137,3.2087,3.2137,3.2152,3.2187,3.2137,3.2187,22
2026-07-07 09:05:00,3.2132,3.2137,3.2117,3.2127,3.2182,3.2187,3.2167,3.2177,26
2026-07-07 09:06:00,3.2137,3.2137,3.2087,3.2092,3.2187,3.2187,3.2137,3.2142,28
2026-07-07 09:07:00,3.2097,3.2127,3.2097,3.2117,3.2147,3.2177,3.2147,3.2167,13
2026-07-07 09:08:00,3.2107,3.2107,3.2087,3.2087,3.2157,3.2157,3.2137,3.2137,16
2026-07-07 09:09:00,3.2097,3.2107,3.2067,3.2087,3.2147,3.2157,3.2117,3.2137,17
2026-07-07 09:10:00,3.2097,3.2112,3.2077,3.2112,3.2147,3.2162,3.2127,3.2162,17
2026-07-07 09:11:00,3.2107,3.2112,3.2087,3.2097,3.2157,3.2162,3.2137,3.2147,27
2026-07-07 09:12:00,3.2107,3.2157,3.2097,3.2152,3.2157,3.2207,3.2147,3.2202,22
2026-07-07 09:13:00,3.2147,3.2167,3.2137,3.2147,3.2197,3.2217,3.2187,3.2197,32
2026-07-07 09:14:00,3.2142,3.2177,3.2142,3.2157,3.2192,3.2227,3.2192,3.2207,14
2026-07-07 09:15:00,3.2147,3.2167,3.2137,3.2142,3.2197,3.2217,3.2187,3.2192,24
2026-07-07 09:16:00,3.2147,3.2177,3.2137,3.2162,3.2197,3.2227,3.2187,3.2212,28
2026-07-07 09:17:00,3.2167,3.2177,3.2167,3.2177,3.2217,3.2227,3.2217,3.2227,2
2026-07-07 09:18:00,3.2167,3.2177,3.2167,3.2167,3.2217,3.2227,3.2217,3.2217,7
2026-07-07 09:19:00,3.2177,3.2177,3.2152,3.2162,3.2227,3.2227,3.2202,3.2212,10
2026-07-07 09:20:00,3.2167,3.2167,3.2147,3.2167,3.2217,3.2217,3.2197,3.2217,14
2026-07-07 09:21:00,3.2177,3.2177,3.2147,3.2157,3.2227,3.2227,3.2197,3.2207,15
2026-07-07 09:22:00,3.2167,3.2167,3.2122,3.2127,3.2217,3.2217,3.2172,3.2177,20
2026-07-07 09:23:00,3.2122,3.2127,3.2107,3.2122,3.2172,3.2177,3.2157,3.2172,17
2026-07-07 09:24:00,3.2117,3.2117,3.2107,3.2107,3.2167,3.2167,3.2157,3.2157,7
2026-07-07 09:25:00,3.2102,3.2107,3.2077,3.2107,3.2152,3.2157,3.2127,3.2157,20
2026-07-07 09:26:00,3.2097,3.2127,3.2097,3.2127,3.2147,3.2177,3.2147,3.2177,13
2026-07-07 09:27:00,3.2122,3.2122,3.2097,3.2097,3.2172,3.2172,3.2147,3.2147,8
2026-07-07 09:29:00,3.2087,3.2087,3.2057,3.2087,3.2137,3.2137,3.2107,3.2137,13
2026-07-07 09:30:00,3.2092,3.2137,3.2087,3.2117,3.2142,3.2187,3.2137,3.2167,26
2026-07-07 09:31:00,3.2107,3.2127,3.2107,3.2117,3.2157,3.2177,3.2157,3.2167,8
2026-07-07 09:32:00,3.2122,3.2122,3.2117,3.2117,3.2172,3.2172,3.2167,3.2167,2
2026-07-07 09:33:00,3.2122,3.2137,3.2117,3.2127,3.2172,3.2187,3.2167,3.2177,6
2026-07-07 09:34:00,3.2132,3.2177,3.2132,3.2157,3.2182,3.2227,3.2182,3.2207,26
2026-07-07 09:35:00,3.2147,3.2177,3.2137,3.2157,3.2197,3.2227,3.2187,3.2207,13
2026-07-07 09:36:00,3.2147,3.2147,3.2137,3.2147,3.2197,3.2197,3.2187,3.2197,8
2026-07-07 09:37:00,3.2157,3.2167,3.2147,3.2157,3.2207,3.2217,3.2197,3.2207,7
2026-07-07 09:39:00,3.2147,3.2147,3.2127,3.2127,3.2197,3.2197,3.2177,3.2177,5
2026-07-07 09:40:00,3.2137,3.2137,3.2127,3.2137,3.2187,3.2187,3.2177,3.2187,9
2026-07-07 09:41:00,3.2147,3.2147,3.2112,3.2117,3.2197,3.2197,3.2162,3.2167,11
2026-07-07 09:42:00,3.2127,3.2127,3.2127,3.2127,3.2177,3.2177,3.2177,3.2177,1
2026-07-07 09:44:00,3.2132,3.2137,3.2117,3.2127,3.2182,3.2187,3.2167,3.2177,13
2026-07-07 09:45:00,3.2117,3.2157,3.2107,3.2142,3.2167,3.2207,3.2157,3.2192,23
2026-07-07 09:46:00,3.2137,3.2167,3.2137,3.2167,3.2187,3.2217,3.2187,3.2217,5
2026-07-07 09:47:00,3.2177,3.2187,3.2167,3.2187,3.2227,3.2237,3.2217,3.2237,16
2026-07-07 09:48:00,3.2177,3.2187,3.2177,3.2177,3.2227,3.2237,3.2227,3.2227,7
2026-07-07 09:49:00,3.2187,3.2192,3.2177,3.2177,3.2237,3.2242,3.2227,3.2227,4
2026-07-07 09:50:00,3.2187,3.2187,3.2177,3.2187,3.2237,3.2237,3.2227,3.2237,4
2026-07-07 09:51:00,3.2177,3.2207,3.2177,3.2187,3.2227,3.2257,3.2227,3.2237,6
2026-07-07 09:52:00,3.2197,3.2197,3.2167,3.2177,3.2247,3.2247,3.2217,3.2227,17
2026-07-07 09:53:00,3.2182,3.2187,3.2177,3.2177,3.2232,3.2237,3.2227,3.2227,3
2026-07-07 09:55:00,3.2187,3.2187,3.2177,3.2187,3.2237,3.2237,3.2227,3.2237,3
2026-07-07 09:56:00,3.2197,3.2217,3.2177,3.2207,3.2247,3.2267,3.2227,3.2257,8
2026-07-07 09:57:00,3.2197,3.2197,3.2167,3.2187,3.2247,3.2247,3.2217,3.2237,11
2026-07-07 09:58:00,3.2197,3.2197,3.2177,3.2177,3.2247,3.2247,3.2227,3.2227,3
2026-07-07 09:59:00,3.2187,3.2187,3.2177,3.2177,3.2237,3.2237,3.2227,3.2227,2
2026-07-07 10:00:00,3.2187,3.2187,3.2147,3.2177,3.2237,3.2237,3.2197,3.2227,9
2026-07-07 10:01:00,3.2187,3.2197,3.2187,3.2197,3.2237,3.2247,3.2237,3.2247,2
2026-07-07 10:02:00,3.2207,3.2207,3.2197,3.2207,3.2257,3.2257,3.2247,3.2257,6
2026-07-07 10:03:00,3.2217,3.2257,3.2217,3.2227,3.2267,3.2307,3.2267,3.2277,16
2026-07-07 10:04:00,3.2217,3.2237,3.2217,3.2227,3.2267,3.2287,3.2267,3.2277,9
2026-07-07 10:06:00,3.2217,3.2237,3.2217,3.2237,3.2267,3.2287,3.2267,3.2287,6
2026-07-07 10:07:00,3.2247,3.2247,3.2187,3.2217,3.2297,3.2297,3.2237,3.2267,14
2026-07-07 10:08:00,3.2227,3.2237,3.2227,3.2237,3.2277,3.2287,3.2277,3.2287,2
2026-07-07 10:09:00,3.2247,3.2247,3.2237,3.2237,3.2297,3.2297,3.2287,3.2287,2
2026-07-07 10:10:00,3.2227,3.2227,3.2217,3.2227,3.2277,3.2277,3.2267,3.2277,4
2026-07-07 10:11:00,3.2217,3.2227,3.2207,3.2227,3.2267,3.2277,3.2257,3.2277,8
2026-07-07 10:12:00,3.2247,3.2247,3.2247,3.2247,3.2297,3.2297,3.2297,3.2297,1
2026-07-07 10:13:00,3.2237,3.2237,3.2237,3.2237,3.2287,3.2287,3.2287,3.2287,1
2026-07-07 10:15:00,3.2247,3.2277,3.2237,3.2267,3.2297,3.2327,3.2287,3.2317,8
2026-07-07 10:16:00,3.2257,3.2297,3.2257,3.2297,3.2307,3.2347,3.2307,3.2347,11
2026-07-07 10:17:00,3.2307,3.2307,3.2297,3.2307,3.2357,3.2357,3.2347,3.2357,7
2026-07-07 10:18:00,3.2297,3.2307,3.2297,3.2307,3.2347,3.2357,3.2347,3.2357,2
2026-07-07 10:20:00,3.2317,3.2317,3.2277,3.2287,3.2367,3.2367,3.2327,3.2337,21
2026-07-07 10:21:00,3.2277,3.2297,3.2277,3.2297,3.2327,3.2347,3.2327,3.2347,9
2026-07-07 10:22:00,3.2292,3.2292,3.2287,3.2287,3.2342,3.2342,3.2337,3.2337,2
2026-07-07 10:23:00,3.2297,3.2307,3.2297,3.2307,3.2347,3.2357,3.2347,3.2357,2
2026-07-07 10:24:00,3.2297,3.2317,3.2287,3.2307,3.2347,3.2367,3.2337,3.2357,8
2026-07-07 10:25:00,3.2302,3.2302,3.2277,3.2287,3.2352,3.2352,3.2327,3.2337,11
2026-07-07 10:26:00,3.2277,3.2287,3.2267,3.2277,3.2327,3.2337,3.2317,3.2327,9
2026-07-07 10:27:00,3.2267,3.2267,3.2267,3.2267,3.2317,3.2317,3.2317,3.2317,1
2026-07-07 10:28:00,3.2277,3.2277,3.2277,3.2277,3.2327,3.2327,3.2327,3.2327,1
2026-07-07 10:29:00,3.2287,3.2287,3.2237,3.2237,3.2337,3.2337,3.2287,3.2287,16
2026-07-07 10:30:00,3.2247,3.2277,3.2247,3.2267,3.2297,3.2327,3.2297,3.2317,15
2026-07-07 10:31:00,3.2272,3.2277,3.2267,3.2277,3.2322,3.2327,3.2317,3.2327,5
2026-07-07 10:32:00,3.2287,3.2317,3.2287,3.2307,3.2337,3.2367,3.2337,3.2357,7
2026-07-07 10:33:00,3.2317,3.2317,3.2307,3.2307,3.2367,3.2367,3.2357,3.2357,4
2026-07-07 10:34:00,3.2297,3.2302,3.2277,3.2277,3.2347,3.2352,3.2327,3.2327,7
2026-07-07 10:35:00,3.2287,3.2287,3.2287,3.2287,3.2337,3.2337,3.2337,3.2337,1
2026-07-07 10:36:00,3.2277,3.2277,3.2267,3.2277,3.2327,3.2327,3.2317,3.2327,3
2026-07-07 10:37:00,3.2287,3.2297,3.2287,3.2297,3.2337,3.2347,3.2337,3.2347,2
2026-07-07 10:38:00,3.2307,3.2317,3.2297,3.2297,3.2357,3.2367,3.2347,3.2347,8
2026-07-07 10:41:00,3.2307,3.2307,3.2287,3.2287,3.2357,3.2357,3.2337,3.2337,4
2026-07-07 10:42:00,3.2277,3.2277,3.2257,3.2257,3.2327,3.2327,3.2307,3.2307,10
2026-07-07 10:43:00,3.2267,3.2267,3.2262,3.2267,3.2317,3.2317,3.2312,3.2317,3
2026-07-07 10:44:00,3.2257,3.2257,3.2257,3.2257,3.2307,3.2307,3.2307,3.2307,1
2026-07-07 10:45:00,3.2262,3.2267,3.2262,3.2267,3.2312,3.2317,3.2312,3.2317,2
2026-07-07 10:47:00,3.2257,3.2267,3.2257,3.2267,3.2307,3.2317,3.2307,3.2317,2
2026-07-07 10:48:00,3.2257,3.2277,3.2257,3.2277,3.2307,3.2327,3.2307,3.2327,5
2026-07-07 10:49:00,3.2267,3.2267,3.2267,3.2267,3.2317,3.2317,3.2317,3.2317,1
2026-07-07 10:50:00,3.2277,3.2287,3.2267,3.2267,3.2327,3.2337,3.2317,3.2317,5
2026-07-07 10:52:00,3.2257,3.2257,3.2257,3.2257,3.2307,3.2307,3.2307,3.2307,1
2026-07-07 10:53:00,3.2247,3.2247,3.2237,3.2237,3.2297,3.2297,3.2287,3.2287,4
2026-07-07 10:54:00,3.2247,3.2247,3.2247,3.2247,3.2297,3.2297,3.2297,3.2297,1
2026-07-07 10:55:00,3.2237,3.2237,3.2237,3.2237,3.2287,3.2287,3.2287,3.2287,1
2026-07-07 10:56:00,3.2227,3.2237,3.2227,3.2227,3.2277,3.2287,3.2277,3.2277,4
2026-07-07 10:58:00,3.2217,3.2217,3.2217,3.2217,3.2267,3.2267,3.2267,3.2267,1
2026-07-07 10:59:00,3.2227,3.2227,3.2227,3.2227,3.2277,3.2277,3.2277,3.2277,1
2026-07-07 11:00:00,3.2237,3.2247,3.2237,3.2247,3.2287,3.2297,3.2287,3.2297,2
2026-07-07 11:01:00,3.2257,3.2297,3.2257,3.2297,3.2307,3.2347,3.2307,3.2347,14
2026-07-07 11:02:00,3.2292,3.2292,3.2267,3.2267,3.2342,3.2342,3.2317,3.2317,9
2026-07-07 11:03:00,3.2277,3.2287,3.2277,3.2277,3.2327,3.2337,3.2327,3.2327,3
2026-07-07 11:04:00,3.2287,3.2287,3.2277,3.2287,3.2337,3.2337,3.2327,3.2337,6
2026-07-07 11:05:00,3.2282,3.2287,3.2277,3.2287,3.2332,3.2337,3.2327,3.2337,4
2026-07-07 11:09:00,3.2297,3.2307,3.2257,3.2267,3.2347,3.2357,3.2307,3.2317,14
2026-07-07 11:10:00,3.2277,3.2287,3.2267,3.2267,3.2327,3.2337,3.2317,3.2317,8
2026-07-07 11:11:00,3.2257,3.2267,3.2257,3.2267,3.2307,3.2317,3.2307,3.2317,2
2026-07-07 11:12:00,3.2277,3.2277,3.2277,3.2277,3.2327,3.2327,3.2327,3.2327,1
2026-07-07 11:14:00,3.2267,3.2277,3.2257,3.2267,3.2317,3.2327,3.2307,3.2317,10
2026-07-07 11:15:00,3.2277,3.2277,3.2267,3.2267,3.2327,3.2327,3.2317,3.2317,9
2026-07-07 11:16:00,3.2277,3.2287,3.2267,3.2267,3.2327,3.2337,3.2317,3.2317,6
2026-07-07 11:17:00,3.2277,3.2287,3.2277,3.2287,3.2327,3.2337,3.2327,3.2337,11
2026-07-07 11:18:00,3.2297,3.2297,3.2287,3.2287,3.2347,3.2347,3.2337,3.2337,2
2026-07-07 11:20:00,3.2277,3.2287,3.2277,3.2277,3.2327,3.2337,3.2327,3.2327,3
2026-07-07 11:22:00,3.2267,3.2267,3.2237,3.2237,3.2317,3.2317,3.2287,3.2287,11
2026-07-07 11:23:00,3.2232,3.2237,3.2217,3.2217,3.2282,3.2287,3.2267,3.2267,5
2026-07-07 11:24:00,3.2212,3.2217,3.2192,3.2197,3.2262,3.2267,3.2242,3.2247,18
2026-07-07 11:25:00,3.2207,3.2207,3.2177,3.2177,3.2257,3.2257,3.2227,3.2227,33
2026-07-07 11:26:00,3.2187,3.2197,3.2187,3.2187,3.2237,3.2247,3.2237,3.2237,5
2026-07-07 11:27:00,3.2182,3.2182,3.2177,3.2177,3.2232,3.2232,3.2227,3.2227,2
2026-07-07 11:28:00,3.2187,3.2187,3.2167,3.2177,3.2237,3.2237,3.2217,3.2227,12
2026-07-07 11:29:00,3.2187,3.2187,3.2177,3.2187,3.2237,3.2237,3.2227,3.2237,3
2026-07-07 11:30:00,3.2192,3.2197,3.2187,3.2187,3.2242,3.2247,3.2237,3.2237,5
2026-07-07 11:31:00,3.2182,3.2182,3.2172,3.2177,3.2232,3.2232,3.2222,3.2227,4
2026-07-07 11:32:00,3.2187,3.2187,3.2187,3.2187,3.2237,3.2237,3.2237,3.2237,1
2026-07-07 11:33:00,3.2197,3.2197,3.2197,3.2197,3.2247,3.2247,3.2247,3.2247,1
2026-07-07 11:35:00,3.2187,3.2197,3.2187,3.2197,3.2237,3.2247,3.2237,3.2247,2
2026-07-07 11:36:00,3.2187,3.2197,3.2187,3.2187,3.2237,3.2247,3.2237,3.2237,3
2026-07-07 11:37:00,3.2177,3.2177,3.2147,3.2147,3.2227,3.2227,3.2197,3.2197,4
2026-07-07 11:38:00,3.2137,3.2162,3.2137,3.2147,3.2187,3.2212,3.2187,3.2197,10
2026-07-07 11:39:00,3.2142,3.2147,3.2137,3.2147,3.2192,3.2197,3.2187,3.2197,3
2026-07-07 11:40:00,3.2142,3.2157,3.2142,3.2157,3.2192,3.2207,3.2192,3.2207,3
2026-07-07 11:41:00,3.2147,3.2157,3.2147,3.2147,3.2197,3.2207,3.2197,3.2197,3
2026-07-07 11:43:00,3.2137,3.2137,3.2067,3.2087,3.2187,3.2187,3.2117,3.2137,30
2026-07-07 11:44:00,3.2097,3.2117,3.2097,3.2107,3.2147,3.2167,3.2147,3.2157,12
2026-07-07 11:46:00,3.2112,3.2117,3.2097,3.2117,3.2162,3.2167,3.2147,3.2167,11
2026-07-07 11:47:00,3.2112,3.2137,3.2107,3.2127,3.2162,3.2187,3.2157,3.2177,6
2026-07-07 11:48:00,3.2132,3.2137,3.2127,3.2127,3.2182,3.2187,3.2177,3.2177,3
2026-07-07 11:49:00,3.2117,3.2137,3.2117,3.2127,3.2167,3.2187,3.2167,3.2177,9
2026-07-07 11:50:00,3.2122,3.2122,3.2117,3.2117,3.2172,3.2172,3.2167,3.2167,2
2026-07-07 11:51:00,3.2127,3.2127,3.2107,3.2117,3.2177,3.2177,3.2157,3.2167,4
2026-07-07 11:52:00,3.2107,3.2117,3.2097,3.2097,3.2157,3.2167,3.2147,3.2147,4
2026-07-07 11:53:00,3.2092,3.2097,3.2077,3.2077,3.2142,3.2147,3.2127,3.2127,13
2026-07-07 11:54:00,3.2087,3.2107,3.2087,3.2087,3.2137,3.2157,3.2137,3.2137,7
2026-07-07 11:55:00,3.2077,3.2087,3.2077,3.2087,3.2127,3.2137,3.2127,3.2137,4
2026-07-07 11:56:00,3.2092,3.2107,3.2092,3.2107,3.2142,3.2157,3.2142,3.2157,3
2026-07-07 11:57:00,3.2117,3.2117,3.2112,3.2117,3.2167,3.2167,3.2162,3.2167,5
2026-07-07 11:58:00,3.2107,3.2117,3.2097,3.2097,3.2157,3.2167,3.2147,3.2147,7
2026-07-07 11:59:00,3.2092,3.2092,3.2087,3.2087,3.2142,3.2142,3.2137,3.2137,2
2026-07-07 12:00:00,3.2077,3.2087,3.2057,3.2057,3.2127,3.2137,3.2107,3.2107,6
2026-07-07 12:01:00,3.2047,3.2047,3.2037,3.2037,3.2097,3.2097,3.2087,3.2087,6
2026-07-07 12:02:00,3.2047,3.2087,3.2047,3.2077,3.2097,3.2137,3.2097,3.2127,8
2026-07-07 12:03:00,3.2087,3.2087,3.2077,3.2077,3.2137,3.2137,3.2127,3.2127,2
2026-07-07 12:04:00,3.2087,3.2097,3.2087,3.2087,3.2137,3.2147,3.2137,3.2137,3
2026-07-07 12:05:00,3.2097,3.2097,3.2087,3.2087,3.2147,3.2147,3.2137,3.2137,8
2026-07-07 12:06:00,3.2097,3.2097,3.2087,3.2087,3.2147,3.2147,3.2137,3.2137,2
2026-07-07 12:07:00,3.2077,3.2077,3.2052,3.2057,3.2127,3.2127,3.2102,3.2107,5
2026-07-07 12:08:00,3.2067,3.2067,3.2007,3.2017,3.2117,3.2117,3.2057,3.2067,19
2026-07-07 12:09:00,3.2022,3.2037,3.2017,3.2037,3.2072,3.2087,3.2067,3.2087,8
2026-07-07 12:10:00,3.2047,3.2047,3.2037,3.2047,3.2097,3.2097,3.2087,3.2097,3
2026-07-07 12:12:00,3.2037,3.2067,3.2027,3.2027,3.2087,3.2117,3.2077,3.2077,14
2026-07-07 12:13:00,3.2032,3.2037,3.2027,3.2027,3.2082,3.2087,3.2077,3.2077,3
2026-07-07 12:14:00,3.2037,3.2037,3.2037,3.2037,3.2087,3.2087,3.2087,3.2087,1
2026-07-07 12:15:00,3.2047,3.2057,3.2047,3.2047,3.2097,3.2107,3.2097,3.2097,4
2026-07-07 12:16:00,3.2037,3.2067,3.2037,3.2057,3.2087,3.2117,3.2087,3.2107,7
2026-07-07 12:17:00,3.2067,3.2067,3.2067,3.2067,3.2117,3.2117,3.2117,3.2117,1
2026-07-07 12:18:00,3.2077,3.2087,3.2077,3.2077,3.2127,3.2137,3.2127,3.2127,5
2026-07-07 12:19:00,3.2087,3.2087,3.2077,3.2077,3.2137,3.2137,3.2127,3.2127,2
2026-07-07 12:20:00,3.2067,3.2107,3.2067,3.2097,3.2117,3.2157,3.2117,3.2147,12
2026-07-07 12:21:00,3.2107,3.2107,3.2097,3.2107,3.2157,3.2157,3.2147,3.2157,3
2026-07-07 12:22:00,3.2117,3.2117,3.2117,3.2117,3.2167,3.2167,3.2167,3.2167,1
2026-07-07 12:23:00,3.2127,3.2127,3.2107,3.2117,3.2177,3.2177,3.2157,3.2167,10
2026-07-07 12:24:00,3.2107,3.2117,3.2107,3.2117,3.2157,3.2167,3.2157,3.2167,6
2026-07-07 12:25:00,3.2107,3.2127,3.2107,3.2117,3.2157,3.2177,3.2157,3.2167,4
2026-07-07 12:26:00,3.2107,3.2107,3.2077,3.2097,3.2157,3.2157,3.2127,3.2147,11
2026-07-07 12:27:00,3.2087,3.2087,3.2087,3.2087,3.2137,3.2137,3.2137,3.2137,1
2026-07-07 12:28:00,3.2082,3.2082,3.2077,3.2077,3.2132,3.2132,3.2127,3.2127,2
2026-07-07 12:29:00,3.2087,3.2087,3.2087,3.2087,3.2137,3.2137,3.2137,3.2137,1
2026-07-07 12:30:00,3.2097,3.2097,3.2087,3.2097,3.2147,3.2147,3.2137,3.2147,8
2026-07-07 12:31:00,3.2107,3.2127,3.2087,3.2127,3.2157,3.2177,3.2137,3.2177,13
2026-07-07 12:32:00,3.2137,3.2137,3.2117,3.2117,3.2187,3.2187,3.2167,3.2167,7
2026-07-07 12:33:00,3.2112,3.2137,3.2112,3.2127,3.2162,3.2187,3.2162,3.2177,5
2026-07-07 12:34:00,3.2117,3.2127,3.2117,3.2127,3.2167,3.2177,3.2167,3.2177,2
2026-07-07 12:35:00,3.2137,3.2147,3.2117,3.2127,3.2187,3.2197,3.2167,3.2177,20
2026-07-07 12:36:00,3.2117,3.2137,3.2117,3.2137,3.2167,3.2187,3.2167,3.2187,5
2026-07-07 12:37:00,3.2127,3.2127,3.2127,3.2127,3.2177,3.2177,3.2177,3.2177,1
2026-07-07 12:38:00,3.2117,3.2127,3.2117,3.2117,3.2167,3.2177,3.2167,3.2167,5
2026-07-07 12:39:00,3.2127,3.2137,3.2117,3.2122,3.2177,3.2187,3.2167,3.2172,8
2026-07-07 12:40:00,3.2117,3.2117,3.2087,3.2087,3.2167,3.2167,3.2137,3.2137,11
2026-07-07 12:41:00,3.2097,3.2107,3.2097,3.2107,3.2147,3.2157,3.2147,3.2157,5
2026-07-07 12:42:00,3.2117,3.2117,3.2107,3.2107,3.2167,3.2167,3.2157,3.2157,2
2026-07-07 12:44:00,3.2097,3.2097,3.2097,3.2097,3.2147,3.2147,3.2147,3.2147,1
2026-07-07 12:45:00,3.2087,3.2097,3.2087,3.2097,3.2137,3.2147,3.2137,3.2147,4
2026-07-07 12:46:00,3.2107,3.2157,3.2097,3.2147,3.2157,3.2207,3.2147,3.2197,11
2026-07-07 12:47:00,3.2157,3.2187,3.2157,3.2177,3.2207,3.2237,3.2207,3.2227,13
2026-07-07 12:48:00,3.2167,3.2177,3.2167,3.2177,3.2217,3.2227,3.2217,3.2227,2
2026-07-07 12:49:00,3.2167,3.2197,3.2167,3.2182,3.2217,3.2247,3.2217,3.2232,10
2026-07-07 12:50:00,3.2187,3.2187,3.2177,3.2187,3.2237,3.2237,3.2227,3.2237,6
2026-07-07 12:51:00,3.2177,3.2187,3.2177,3.2187,3.2227,3.2237,3.2227,3.2237,4
2026-07-07 12:52:00,3.2197,3.2227,3.2197,3.2217,3.2247,3.2277,3.2247,3.2267,10
2026-07-07 12:53:00,3.2227,3.2247,3.2217,3.2217,3.2277,3.2297,3.2267,3.2267,24
2026-07-07 12:54:00,3.2227,3.2227,3.2217,3.2227,3.2277,3.2277,3.2267,3.2277,10
2026-07-07 12:55:00,3.2237,3.2277,3.2237,3.2257,3.2287,3.2327,3.2287,3.2307,22
2026-07-07 12:56:00,3.2267,3.2467,3.2257,3.2467,3.2317,3.2517,3.2307,3.2517,128
2026-07-07 12:57:00,3.2477,3.2507,3.2417,3.2447,3.2527,3.2557,3.2467,3.2497,79
2026-07-07 12:58:00,3.2457,3.2547,3.2447,3.2497,3.2507,3.2597,3.2497,3.2547,75
2026-07-07 12:59:00,3.2502,3.2537,3.2452,3.2462,3.2552,3.2587,3.2502,3.2512,33
2026-07-07 13:00:00,3.2467,3.2522,3.2457,3.2497,3.2517,3.2572,3.2507,3.2547,53
2026-07-07 13:01:00,3.2507,3.2567,3.2507,3.2527,3.2557,3.2617,3.2557,3.2577,47
2026-07-07 13:02:00,3.2517,3.2567,3.2512,3.2517,3.2567,3.2617,3.2562,3.2567,45
2026-07-07 13:03:00,3.2522,3.2557,3.2497,3.2497,3.2572,3.2607,3.2547,3.2547,37
2026-07-07 13:04:00,3.2502,3.2517,3.2487,3.2487,3.2552,3.2567,3.2537,3.2537,10
2026-07-07 13:05:00,3.2477,3.2497,3.2477,3.2482,3.2527,3.2547,3.2527,3.2532,19
2026-07-07 13:06:00,3.2487,3.2527,3.2477,3.2517,3.2537,3.2577,3.2527,3.2567,15
2026-07-07 13:07:00,3.2527,3.2527,3.2487,3.2492,3.2577,3.2577,3.2537,3.2542,17
2026-07-07 13:08:00,3.2497,3.2497,3.2467,3.2467,3.2547,3.2547,3.2517,3.2517,18
2026-07-07 13:09:00,3.2477,3.2497,3.2437,3.2447,3.2527,3.2547,3.2487,3.2497,33
2026-07-07 13:10:00,3.2437,3.2437,3.2387,3.2407,3.2487,3.2487,3.2437,3.2457,35
2026-07-07 13:11:00,3.2417,3.2427,3.2407,3.2417,3.2467,3.2477,3.2457,3.2467,22
2026-07-07 13:12:00,3.2422,3.2427,3.2407,3.2407,3.2472,3.2477,3.2457,3.2457,12
2026-07-07 13:13:00,3.2412,3.2427,3.2397,3.2407,3.2462,3.2477,3.2447,3.2457,15
2026-07-07 13:14:00,3.2417,3.2417,3.2387,3.2417,3.2467,3.2467,3.2437,3.2467,8
2026-07-07 13:15:00,3.2427,3.2467,3.2427,3.2467,3.2477,3.2517,3.2477,3.2517,21
2026-07-07 13:16:00,3.2457,3.2507,3.2432,3.2477,3.2507,3.2557,3.2482,3.2527,61
2026-07-07 13:17:00,3.2487,3.2497,3.2467,3.2467,3.2537,3.2547,3.2517,3.2517,19
2026-07-07 13:18:00,3.2457,3.2487,3.2412,3.2437,3.2507,3.2537,3.2462,3.2487,35
2026-07-07 13:19:00,3.2427,3.2437,3.2407,3.2437,3.2477,3.2487,3.2457,3.2487,13
2026-07-07 13:20:00,3.2447,3.2457,3.2437,3.2447,3.2497,3.2507,3.2487,3.2497,7
2026-07-07 13:21:00,3.2457,3.2457,3.2417,3.2427,3.2507,3.2507,3.2467,3.2477,8
2026-07-07 13:22:00,3.2437,3.2452,3.2417,3.2427,3.2487,3.2502,3.2467,3.2477,17
2026-07-07 13:23:00,3.2437,3.2437,3.2397,3.2397,3.2487,3.2487,3.2447,3.2447,12
2026-07-07 13:24:00,3.2407,3.2427,3.2367,3.2427,3.2457,3.2477,3.2417,3.2477,27
2026-07-07 13:25:00,3.2422,3.2427,3.2407,3.2407,3.2472,3.2477,3.2457,3.2457,6
2026-07-07 13:26:00,3.2417,3.2417,3.2407,3.2417,3.2467,3.2467,3.2457,3.2467,9
2026-07-07 13:27:00,3.2427,3.2437,3.2417,3.2417,3.2477,3.2487,3.2467,3.2467,6
2026-07-07 13:28:00,3.2422,3.2447,3.2417,3.2427,3.2472,3.2497,3.2467,3.2477,11
2026-07-07 13:29:00,3.2417,3.2427,3.2397,3.2407,3.2467,3.2477,3.2447,3.2457,25
2026-07-07 13:30:00,3.2417,3.2417,3.2387,3.2407,3.2467,3.2467,3.2437,3.2457,16
2026-07-07 13:31:00,3.2417,3.2427,3.2317,3.2337,3.2467,3.2477,3.2367,3.2387,28
2026-07-07 13:32:00,3.2327,3.2357,3.2327,3.2357,3.2377,3.2407,3.2377,3.2407,9
2026-07-07 13:33:00,3.2347,3.2357,3.2327,3.2337,3.2397,3.2407,3.2377,3.2387,15
2026-07-07 13:34:00,3.2347,3.2357,3.2277,3.2307,3.2397,3.2407,3.2327,3.2357,42
2026-07-07 13:35:00,3.2297,3.2317,3.2297,3.2317,3.2347,3.2367,3.2347,3.2367,9
2026-07-07 13:36:00,3.2327,3.2337,3.2297,3.2307,3.2377,3.2387,3.2347,3.2357,17
2026-07-07 13:37:00,3.2297,3.2327,3.2237,3.2257,3.2347,3.2377,3.2287,3.2307,34
2026-07-07 13:38:00,3.2247,3.2257,3.2127,3.2127,3.2297,3.2307,3.2177,3.2177,76
2026-07-07 13:39:00,3.2132,3.2207,3.2117,3.2197,3.2182,3.2257,3.2167,3.2247,62
2026-07-07 13:40:00,3.2207,3.2217,3.2117,3.2132,3.2257,3.2267,3.2167,3.2182,39
2026-07-07 13:41:00,3.2127,3.2157,3.2117,3.2127,3.2177,3.2207,3.2167,3.2177,27
2026-07-07 13:42:00,3.2132,3.2187,3.2117,3.2187,3.2182,3.2237,3.2167,3.2237,27
2026-07-07 13:43:00,3.2197,3.2197,3.2177,3.2197,3.2247,3.2247,3.2227,3.2247,10
2026-07-07 13:44:00,3.2207,3.2207,3.2157,3.2167,3.2257,3.2257,3.2207,3.2217,16
2026-07-07 13:45:00,3.2177,3.2177,3.2027,3.2032,3.2227,3.2227,3.2077,3.2082,39
2026-07-07 13:46:00,3.2027,3.2042,3.1972,3.2017,3.2077,3.2092,3.2022,3.2067,119
2026-07-07 13:47:00,3.2007,3.2027,3.1997,3.2027,3.2057,3.2077,3.2047,3.2077,28
2026-07-07 13:48:00,3.2037,3.2057,3.2027,3.2037,3.2087,3.2107,3.2077,3.2087,19
2026-07-07 13:49:00,3.2047,3.2052,3.1817,3.1832,3.2097,3.2102,3.1867,3.1882,142
2026-07-07 13:50:00,3.1837,3.1937,3.1722,3.1827,3.1887,3.1987,3.1772,3.1877,225
2026-07-07 13:51:00,3.1837,3.1887,3.1817,3.1887,3.1887,3.1937,3.1867,3.1937,62
2026-07-07 13:52:00,3.1877,3.1897,3.1822,3.1842,3.1927,3.1947,3.1872,3.1892,76
2026-07-07 13:53:00,3.1847,3.1847,3.1777,3.1802,3.1897,3.1897,3.1827,3.1852,66
2026-07-07 13:54:00,3.1797,3.1817,3.1757,3.1787,3.1847,3.1867,3.1807,3.1837,74
2026-07-07 13:55:00,3.1782,3.1817,3.1747,3.1817,3.1832,3.1867,3.1797,3.1867,44
2026-07-07 13:56:00,3.1822,3.1837,3.1787,3.1807,3.1872,3.1887,3.1837,3.1857,70
2026-07-07 13:57:00,3.1817,3.1817,3.1707,3.1742,3.1867,3.1867,3.1757,3.1792,80
2026-07-07 13:58:00,3.1737,3.1767,3.1737,3.1767,3.1787,3.1817,3.1787,3.1817,41
2026-07-07 13:59:00,3.1777,3.1807,3.1697,3.1697,3.1827,3.1857,3.1747,3.1747,49
2026-07-07 14:00:00,3.1702,3.1712,3.1647,3.1697,3.1752,3.1762,3.1697,3.1747,94
2026-07-07 14:01:00,3.1692,3.1757,3.1647,3.1757,3.1742,3.1807,3.1697,3.1807,53
2026-07-07 14:02:00,3.1747,3.1787,3.1732,3.1777,3.1797,3.1837,3.1782,3.1827,34
2026-07-07 14:03:00,3.1767,3.1777,3.1637,3.1677,3.1817,3.1827,3.1687,3.1727,105
2026-07-07 14:04:00,3.1672,3.1697,3.1572,3.1597,3.1722,3.1747,3.1622,3.1647,94
2026-07-07 14:05:00,3.1607,3.1647,3.1607,3.1627,3.1657,3.1697,3.1657,3.1677,62
2026-07-07 14:06:00,3.1622,3.1627,3.1567,3.1607,3.1672,3.1677,3.1617,3.1657,76
2026-07-07 14:07:00,3.1602,3.1622,3.1547,3.1597,3.1652,3.1672,3.1597,3.1647,59
2026-07-07 14:08:00,3.1602,3.1607,3.1547,3.1577,3.1652,3.1657,3.1597,3.1627,62
2026-07-07 14:09:00,3.1567,3.1617,3.1557,3.1612,3.1617,3.1667,3.1607,3.1662,52
2026-07-07 14:10:00,3.1607,3.1607,3.1547,3.1577,3.1657,3.1657,3.1597,3.1627,64
2026-07-07 14:11:00,3.1572,3.1587,3.1547,3.1567,3.1622,3.1637,3.1597,3.1617,40
2026-07-07 14:12:00,3.1557,3.1637,3.1547,3.1577,3.1607,3.1687,3.1597,3.1627,35
2026-07-07 14:13:00,3.1572,3.1577,3.1497,3.1507,3.1622,3.1627,3.1547,3.1557,66
2026-07-07 14:14:00,3.1517,3.1527,3.1457,3.1522,3.1567,3.1577,3.1507,3.1572,94
2026-07-07 14:15:00,3.1517,3.1557,3.1477,3.1517,3.1567,3.1607,3.1527,3.1567,72
2026-07-07 14:16:00,3.1507,3.1527,3.1437,3.1457,3.1557,3.1577,3.1487,3.1507,59
2026-07-07 14:17:00,3.1447,3.1477,3.1437,3.1457,3.1497,3.1527,3.1487,3.1507,33
2026-07-07 14:18:00,3.1462,3.1472,3.1437,3.1467,3.1512,3.1522,3.1487,3.1517,45
2026-07-07 14:19:00,3.1457,3.1467,3.1427,3.1457,3.1507,3.1517,3.1477,3.1507,29
2026-07-07 14:20:00,3.1447,3.1507,3.1447,3.1467,3.1497,3.1557,3.1497,3.1517,51
2026-07-07 14:21:00,3.1477,3.1477,3.1427,3.1447,3.1527,3.1527,3.1477,3.1497,55
2026-07-07 14:22:00,3.1437,3.1467,3.1417,3.1437,3.1487,3.1517,3.1467,3.1487,47
2026-07-07 14:23:00,3.1427,3.1457,3.1427,3.1447,3.1477,3.1507,3.1477,3.1497,37
2026-07-07 14:24:00,3.1442,3.1447,3.1317,3.1332,3.1492,3.1497,3.1367,3.1382,94
2026-07-07 14:25:00,3.1327,3.1367,3.1327,3.1357,3.1377,3.1417,3.1377,3.1407,51
2026-07-07 14:26:00,3.1347,3.1457,3.1347,3.1447,3.1397,3.1507,3.1397,3.1497,53
2026-07-07 14:27:00,3.1437,3.1487,3.1407,3.1422,3.1487,3.1537,3.1457,3.1472,74
2026-07-07 14:28:00,3.1417,3.1427,3.1387,3.1427,3.1467,3.1477,3.1437,3.1477,40
2026-07-07 14:29:00,3.1437,3.1457,3.1327,3.1337,3.1487,3.1507,3.1377,3.1387,95
2026-07-07 14:30:00,3.1342,3.1377,3.1327,3.1357,3.1392,3.1427,3.1377,3.1407,51
2026-07-07 14:31:00,3.1372,3.1387,3.1267,3.1277,3.1422,3.1437,3.1317,3.1327,60
2026-07-07 14:32:00,3.1267,3.1317,3.1257,3.1297,3.1317,3.1367,3.1307,3.1347,33
2026-07-07 14:33:00,3.1287,3.1307,3.1287,3.1307,3.1337,3.1357,3.1337,3.1357,35
2026-07-07 14:34:00,3.1302,3.1307,3.1257,3.1287,3.1352,3.1357,3.1307,3.1337,39
2026-07-07 14:35:00,3.1297,3.1337,3.1267,3.1327,3.1347,3.1387,3.1317,3.1377,64
2026-07-07 14:36:00,3.1317,3.1317,3.1177,3.1207,3.1367,3.1367,3.1227,3.1257,67
2026-07-07 14:37:00,3.1217,3.1287,3.1207,3.1277,3.1267,3.1337,3.1257,3.1327,84
2026-07-07 14:38:00,3.1282,3.1287,3.1247,3.1287,3.1332,3.1337,3.1297,3.1337,26
2026-07-07 14:39:00,3.1297,3.1307,3.1262,3.1287,3.1347,3.1357,3.1312,3.1337,30
2026-07-07 14:40:00,3.1292,3.1347,3.1292,3.1337,3.1342,3.1397,3.1342,3.1387,43
2026-07-07 14:41:00,3.1327,3.1387,3.1312,3.1382,3.1377,3.1437,3.1362,3.1432,51
2026-07-07 14:42:00,3.1377,3.1407,3.1347,3.1377,3.1427,3.1457,3.1397,3.1427,47
2026-07-07 14:43:00,3.1387,3.1417,3.1367,3.1377,3.1437,3.1467,3.1417,3.1427,54
2026-07-07 14:44:00,3.1367,3.1372,3.1337,3.1367,3.1417,3.1422,3.1387,3.1417,26
2026-07-07 14:45:00,3.1372,3.1377,3.1317,3.1347,3.1422,3.1427,3.1367,3.1397,31
2026-07-07 14:46:00,3.1352,3.1407,3.1342,3.1377,3.1402,3.1457,3.1392,3.1427,51
2026-07-07 14:47:00,3.1387,3.1397,3.1367,3.1367,3.1437,3.1447,3.1417,3.1417,17
2026-07-07 14:48:00,3.1357,3.1367,3.1347,3.1357,3.1407,3.1417,3.1397,3.1407,35
2026-07-07 14:49:00,3.1367,3.1367,3.1317,3.1347,3.1417,3.1417,3.1367,3.1397,32
2026-07-07 14:50:00,3.1357,3.1357,3.1307,3.1337,3.1407,3.1407,3.1357,3.1387,17
2026-07-07 14:51:00,3.1347,3.1367,3.1347,3.1357,3.1397,3.1417,3.1397,3.1407,16
2026-07-07 14:52:00,3.1347,3.1347,3.1297,3.1327,3.1397,3.1397,3.1347,3.1377,18
2026-07-07 14:53:00,3.1317,3.1352,3.1297,3.1347,3.1367,3.1402,3.1347,3.1397,27
2026-07-07 14:54:00,3.1357,3.1397,3.1337,3.1387,3.1407,3.1447,3.1387,3.1437,37
2026-07-07 14:55:00,3.1377,3.1457,3.1377,3.1437,3.1427,3.1507,3.1427,3.1487,42
2026-07-07 14:56:00,3.1427,3.1447,3.1407,3.1427,3.1477,3.1497,3.1457,3.1477,33
2026-07-07 14:57:00,3.1457,3.1477,3.1437,3.1437,3.1507,3.1527,3.1487,3.1487,20
2026-07-07 14:58:00,3.1427,3.1447,3.1377,3.1387,3.1477,3.1497,3.1427,3.1437,22
2026-07-07 14:59:00,3.1377,3.1407,3.1347,3.1372,3.1427,3.1457,3.1397,3.1422,49
2026-07-07 15:00:00,3.1387,3.1507,3.1367,3.1487,3.1437,3.1557,3.1417,3.1537,99
2026-07-07 15:01:00,3.1477,3.1487,3.1392,3.1467,3.1527,3.1537,3.1442,3.1517,60
2026-07-07 15:02:00,3.1457,3.1477,3.1437,3.1467,3.1507,3.1527,3.1487,3.1517,55
2026-07-07 15:03:00,3.1472,3.1547,3.1447,3.1487,3.1522,3.1597,3.1497,3.1537,90
2026-07-07 15:04:00,3.1507,3.1507,3.1417,3.1417,3.1557,3.1557,3.1467,3.1467,63
2026-07-07 15:05:00,3.1407,3.1427,3.1307,3.1327,3.1457,3.1477,3.1357,3.1377,84
2026-07-07 15:06:00,3.1337,3.1357,3.1287,3.1302,3.1387,3.1407,3.1337,3.1352,67
2026-07-07 15:07:00,3.1297,3.1337,3.1267,3.1267,3.1347,3.1387,3.1317,3.1317,64
2026-07-07 15:08:00,3.1257,3.1297,3.1247,3.1297,3.1307,3.1347,3.1297,3.1347,27
2026-07-07 15:09:00,3.1307,3.1337,3.1307,3.1317,3.1357,3.1387,3.1357,3.1367,27
2026-07-07 15:10:00,3.1322,3.1357,3.1317,3.1337,3.1372,3.1407,3.1367,3.1387,42
2026-07-07 15:11:00,3.1347,3.1367,3.1307,3.1357,3.1397,3.1417,3.1357,3.1407,34
2026-07-07 15:12:00,3.1347,3.1377,3.1347,3.1347,3.1397,3.1427,3.1397,3.1397,19
2026-07-07 15:13:00,3.1357,3.1427,3.1347,3.1357,3.1407,3.1477,3.1397,3.1407,62
2026-07-07 15:14:00,3.1352,3.1417,3.1337,3.1412,3.1402,3.1467,3.1387,3.1462,55
2026-07-07 15:15:00,3.1417,3.1427,3.1377,3.1392,3.1467,3.1477,3.1427,3.1442,44
2026-07-07 15:16:00,3.1397,3.1447,3.1387,3.1412,3.1447,3.1497,3.1437,3.1462,55
2026-07-07 15:17:00,3.1407,3.1467,3.1407,3.1447,3.1457,3.1517,3.1457,3.1497,39
2026-07-07 15:18:00,3.1457,3.1487,3.1447,3.1477,3.1507,3.1537,3.1497,3.1527,29
2026-07-07 15:19:00,3.1472,3.1517,3.1447,3.1467,3.1522,3.1567,3.1497,3.1517,30
2026-07-07 15:20:00,3.1457,3.1487,3.1447,3.1487,3.1507,3.1537,3.1497,3.1537,17
2026-07-07 15:21:00,3.1497,3.1517,3.1487,3.1517,3.1547,3.1567,3.1537,3.1567,33
2026-07-07 15:22:00,3.1527,3.1537,3.1507,3.1517,3.1577,3.1587,3.1557,3.1567,30
2026-07-07 15:23:00,3.1507,3.1517,3.1497,3.1507,3.1557,3.1567,3.1547,3.1557,11
2026-07-07 15:24:00,3.1522,3.1537,3.1487,3.1517,3.1572,3.1587,3.1537,3.1567,24
2026-07-07 15:25:00,3.1527,3.1667,3.1517,3.1647,3.1577,3.1717,3.1567,3.1697,157
2026-07-07 15:26:00,3.1652,3.1717,3.1652,3.1707,3.1702,3.1767,3.1702,3.1757,88
2026-07-07 15:27:00,3.1712,3.1797,3.1707,3.1737,3.1762,3.1847,3.1757,3.1787,84
2026-07-07 15:28:00,3.1727,3.1737,3.1657,3.1717,3.1777,3.1787,3.1707,3.1767,82
2026-07-07 15:29:00,3.1737,3.1747,3.1717,3.1747,3.1787,3.1797,3.1767,3.1797,56
2026-07-07 15:30:00,3.1737,3.1747,3.1657,3.1667,3.1787,3.1797,3.1707,3.1717,58
2026-07-07 15:31:00,3.1657,3.1677,3.1647,3.1672,3.1707,3.1727,3.1697,3.1722,45
2026-07-07 15:32:00,3.1667,3.1707,3.1667,3.1677,3.1717,3.1757,3.1717,3.1727,23
2026-07-07 15:33:00,3.1667,3.1677,3.1647,3.1677,3.1717,3.1727,3.1697,3.1727,22
2026-07-07 15:34:00,3.1687,3.1707,3.1647,3.1687,3.1737,3.1757,3.1697,3.1737,19
2026-07-07 15:35:00,3.1697,3.1767,3.1697,3.1757,3.1747,3.1817,3.1747,3.1807,41
2026-07-07 15:36:00,3.1767,3.1797,3.1757,3.1767,3.1817,3.1847,3.1807,3.1817,35
2026-07-07 15:37:00,3.1777,3.1807,3.1757,3.1797,3.1827,3.1857,3.1807,3.1847,28
2026-07-07 15:38:00,3.1807,3.1867,3.1807,3.1827,3.1857,3.1917,3.1857,3.1877,41
2026-07-07 15:39:00,3.1837,3.1847,3.1817,3.1837,3.1887,3.1897,3.1867,3.1887,28
2026-07-07 15:40:00,3.1847,3.1847,3.1837,3.1837,3.1897,3.1897,3.1887,3.1887,10
2026-07-07 15:41:00,3.1827,3.1867,3.1797,3.1807,3.1877,3.1917,3.1847,3.1857,50
2026-07-07 15:42:00,3.1812,3.1837,3.1737,3.1757,3.1862,3.1887,3.1787,3.1807,41
2026-07-07 15:43:00,3.1767,3.1797,3.1767,3.1777,3.1817,3.1847,3.1817,3.1827,32
2026-07-07 15:44:00,3.1782,3.1797,3.1777,3.1797,3.1832,3.1847,3.1827,3.1847,6
2026-07-07 15:45:00,3.1807,3.1817,3.1777,3.1797,3.1857,3.1867,3.1827,3.1847,14
2026-07-07 15:46:00,3.1807,3.1807,3.1787,3.1797,3.1857,3.1857,3.1837,3.1847,36
2026-07-07 15:47:00,3.1807,3.1877,3.1797,3.1877,3.1857,3.1927,3.1847,3.1927,60
2026-07-07 15:48:00,3.1887,3.1907,3.1857,3.1887,3.1937,3.1957,3.1907,3.1937,59
2026-07-07 15:49:00,3.1892,3.1907,3.1867,3.1887,3.1942,3.1957,3.1917,3.1937,34
2026-07-07 15:50:00,3.1892,3.1907,3.1877,3.1882,3.1942,3.1957,3.1927,3.1932,19
2026-07-07 15:51:00,3.1887,3.1927,3.1877,3.1897,3.1937,3.1977,3.1927,3.1947,42
2026-07-07 15:52:00,3.1907,3.1927,3.1907,3.1917,3.1957,3.1977,3.1957,3.1967,9
2026-07-07 15:53:00,3.1907,3.1927,3.1897,3.1922,3.1957,3.1977,3.1947,3.1972,16
2026-07-07 15:54:00,3.1917,3.1937,3.1877,3.1887,3.1967,3.1987,3.1927,3.1937,22
2026-07-07 15:55:00,3.1897,3.1927,3.1887,3.1927,3.1947,3.1977,3.1937,3.1977,18
2026-07-07 15:56:00,3.1937,3.1987,3.1927,3.1957,3.1987,3.2037,3.1977,3.2007,52
2026-07-07 15:57:00,3.1947,3.1947,3.1927,3.1937,3.1997,3.1997,3.1977,3.1987,12
2026-07-07 15:58:00,3.1927,3.1957,3.1927,3.1947,3.1977,3.2007,3.1977,3.1997,33
2026-07-07 15:59:00,3.1957,3.1987,3.1957,3.1977,3.2007,3.2037,3.2007,3.2027,19
2026-07-07 16:00:00,3.1982,3.2017,3.1937,3.1937,3.2032,3.2067,3.1987,3.1987,26
2026-07-07 16:01:00,3.1942,3.1967,3.1942,3.1967,3.1992,3.2017,3.1992,3.2017,36
2026-07-07 16:02:00,3.1957,3.1967,3.1897,3.1927,3.2007,3.2017,3.1947,3.1977,55
2026-07-07 16:03:00,3.1937,3.1937,3.1917,3.1917,3.1987,3.1987,3.1967,3.1967,23
2026-07-07 16:04:00,3.1922,3.1957,3.1917,3.1927,3.1972,3.2007,3.1967,3.1977,44
2026-07-07 16:05:00,3.1932,3.1977,3.1927,3.1977,3.1982,3.2027,3.1977,3.2027,54
2026-07-07 16:06:00,3.1987,3.2017,3.1977,3.2017,3.2037,3.2067,3.2027,3.2067,56
2026-07-07 16:07:00,3.2027,3.2087,3.2007,3.2067,3.2077,3.2137,3.2057,3.2117,57
2026-07-07 16:08:00,3.2057,3.2087,3.2047,3.2067,3.2107,3.2137,3.2097,3.2117,41
2026-07-07 16:09:00,3.2077,3.2087,3.2057,3.2057,3.2127,3.2137,3.2107,3.2107,28
2026-07-07 16:10:00,3.2062,3.2117,3.2047,3.2107,3.2112,3.2167,3.2097,3.2157,39
2026-07-07 16:11:00,3.2117,3.2127,3.2097,3.2097,3.2167,3.2177,3.2147,3.2147,39
2026-07-07 16:12:00,3.2107,3.2107,3.2087,3.2097,3.2157,3.2157,3.2137,3.2147,30
2026-07-07 16:13:00,3.2107,3.2127,3.2057,3.2057,3.2157,3.2177,3.2107,3.2107,27
2026-07-07 16:14:00,3.2067,3.2087,3.2057,3.2087,3.2117,3.2137,3.2107,3.2137,28
2026-07-07 16:15:00,3.2097,3.2127,3.2087,3.2117,3.2147,3.2177,3.2137,3.2167,13
2026-07-07 16:16:00,3.2107,3.2157,3.2107,3.2137,3.2157,3.2207,3.2157,3.2187,30
2026-07-07 16:17:00,3.2132,3.2137,3.2097,3.2107,3.2182,3.2187,3.2147,3.2157,22
2026-07-07 16:18:00,3.2102,3.2107,3.2037,3.2047,3.2152,3.2157,3.2087,3.2097,37
2026-07-07 16:19:00,3.2037,3.2057,3.1997,3.2027,3.2087,3.2107,3.2047,3.2077,49
2026-07-07 16:20:00,3.2037,3.2057,3.2027,3.2057,3.2087,3.2107,3.2077,3.2107,32
2026-07-07 16:21:00,3.2067,3.2067,3.2017,3.2027,3.2117,3.2117,3.2067,3.2077,15
2026-07-07 16:22:00,3.2037,3.2077,3.2037,3.2057,3.2087,3.2127,3.2087,3.2107,18
2026-07-07 16:23:00,3.2067,3.2157,3.2057,3.2107,3.2117,3.2207,3.2107,3.2157,61
2026-07-07 16:24:00,3.2112,3.2187,3.2087,3.2172,3.2162,3.2237,3.2137,3.2222,75
2026-07-07 16:25:00,3.2167,3.2167,3.2117,3.2137,3.2217,3.2217,3.2167,3.2187,43
2026-07-07 16:26:00,3.2147,3.2157,3.2107,3.2122,3.2197,3.2207,3.2157,3.2172,23
2026-07-07 16:27:00,3.2127,3.2167,3.2127,3.2157,3.2177,3.2217,3.2177,3.2207,27
2026-07-07 16:28:00,3.2162,3.2167,3.2137,3.2147,3.2212,3.2217,3.2187,3.2197,31
2026-07-07 16:29:00,3.2142,3.2157,3.2137,3.2147,3.2192,3.2207,3.2187,3.2197,28
2026-07-07 16:30:00,3.2157,3.2187,3.2147,3.2187,3.2207,3.2237,3.2197,3.2237,32
2026-07-07 16:31:00,3.2177,3.2177,3.2147,3.2157,3.2227,3.2227,3.2197,3.2207,27
2026-07-07 16:32:00,3.2167,3.2187,3.2167,3.2177,3.2217,3.2237,3.2217,3.2227,15
2026-07-07 16:33:00,3.2187,3.2207,3.2167,3.2197,3.2237,3.2257,3.2217,3.2247,29
2026-07-07 16:34:00,3.2202,3.2217,3.2177,3.2187,3.2252,3.2267,3.2227,3.2237,42
2026-07-07 16:35:00,3.2197,3.2207,3.2167,3.2177,3.2247,3.2257,3.2217,3.2227,16
2026-07-07 16:36:00,3.2187,3.2237,3.2167,3.2237,3.2237,3.2287,3.2217,3.2287,22
2026-07-07 16:37:00,3.2227,3.2277,3.2227,3.2237,3.2277,3.2327,3.2277,3.2287,35
2026-07-07 16:38:00,3.2247,3.2247,3.2197,3.2197,3.2297,3.2297,3.2247,3.2247,13
2026-07-07 16:39:00,3.2207,3.2247,3.2207,3.2237,3.2257,3.2297,3.2257,3.2287,27
2026-07-07 16:40:00,3.2227,3.2257,3.2227,3.2237,3.2277,3.2307,3.2277,3.2287,27
2026-07-07 16:41:00,3.2247,3.2257,3.2207,3.2227,3.2297,3.2307,3.2257,3.2277,22
2026-07-07 16:42:00,3.2237,3.2257,3.2227,3.2257,3.2287,3.2307,3.2277,3.2307,7
2026-07-07 16:43:00,3.2247,3.2257,3.2237,3.2247,3.2297,3.2307,3.2287,3.2297,33
2026-07-07 16:44:00,3.2257,3.2257,3.2217,3.2217,3.2307,3.2307,3.2267,3.2267,17
2026-07-07 16:45:00,3.2222,3.2237,3.2197,3.2207,3.2272,3.2287,3.2247,3.2257,53
2026-07-07 16:46:00,3.2197,3.2227,3.2177,3.2177,3.2247,3.2277,3.2227,3.2227,43
2026-07-07 16:47:00,3.2187,3.2197,3.2157,3.2167,3.2237,3.2247,3.2207,3.2217,71
2026-07-07 16:48:00,3.2157,3.2197,3.2152,3.2167,3.2207,3.2247,3.2202,3.2217,49
2026-07-07 16:49:00,3.2177,3.2197,3.2177,3.2187,3.2227,3.2247,3.2227,3.2237,33
2026-07-07 16:50:00,3.2192,3.2217,3.2187,3.2197,3.2242,3.2267,3.2237,3.2247,18
2026-07-07 16:51:00,3.2187,3.2207,3.2177,3.2187,3.2237,3.2257,3.2227,3.2237,12
2026-07-07 16:52:00,3.2197,3.2197,3.2187,3.2197,3.2247,3.2247,3.2237,3.2247,7
2026-07-07 16:53:00,3.2207,3.2287,3.2197,3.2267,3.2257,3.2337,3.2247,3.2317,29
2026-07-07 16:54:00,3.2277,3.2277,3.2257,3.2257,3.2327,3.2327,3.2307,3.2307,33
2026-07-07 16:55:00,3.2267,3.2287,3.2257,3.2267,3.2317,3.2337,3.2307,3.2317,15
2026-07-07 16:56:00,3.2262,3.2267,3.2207,3.2217,3.2312,3.2317,3.2257,3.2267,48
2026-07-07 16:57:00,3.2207,3.2247,3.2197,3.2237,3.2257,3.2297,3.2247,3.2287,21
2026-07-07 16:58:00,3.2242,3.2277,3.2242,3.2267,3.2292,3.2327,3.2292,3.2317,9
2026-07-07 16:59:00,3.2257,3.2267,3.2207,3.2207,3.2307,3.2317,3.2257,3.2257,18
2026-07-07 17:00:00,3.2212,3.2247,3.2177,3.2187,3.2262,3.2297,3.2227,3.2237,66
2026-07-07 17:01:00,3.2197,3.2197,3.2107,3.2112,3.2247,3.2247,3.2157,3.2162,108
2026-07-07 17:02:00,3.2117,3.2137,3.2087,3.2127,3.2167,3.2187,3.2137,3.2177,136
2026-07-07 17:03:00,3.2137,3.2152,3.2107,3.2137,3.2187,3.2202,3.2157,3.2187,106
2026-07-07 17:04:00,3.2147,3.2187,3.2127,3.2187,3.2197,3.2237,3.2177,3.2237,56
2026-07-07 17:05:00,3.2177,3.2207,3.2167,3.2187,3.2227,3.2257,3.2217,3.2237,100
2026-07-07 17:06:00,3.2197,3.2207,3.2177,3.2177,3.2247,3.2257,3.2227,3.2227,70
2026-07-07 17:07:00,3.2187,3.2207,3.2187,3.2187,3.2237,3.2257,3.2237,3.2237,38
2026-07-07 17:08:00,3.2197,3.2217,3.2187,3.2207,3.2247,3.2267,3.2237,3.2257,20
2026-07-07 17:09:00,3.2217,3.2217,3.2177,3.2177,3.2267,3.2267,3.2227,3.2227,24
2026-07-07 17:10:00,3.2187,3.2187,3.2157,3.2177,3.2237,3.2237,3.2207,3.2227,12
2026-07-07 17:11:00,3.2167,3.2187,3.2147,3.2147,3.2217,3.2237,3.2197,3.2197,21
2026-07-07 17:12:00,3.2152,3.2157,3.2127,3.2127,3.2202,3.2207,3.2177,3.2177,26
2026-07-07 17:13:00,3.2132,3.2157,3.2127,3.2147,3.2182,3.2207,3.2177,3.2197,17
2026-07-07 17:14:00,3.2137,3.2147,3.2117,3.2137,3.2187,3.2197,3.2167,3.2187,32
2026-07-07 17:15:00,3.2147,3.2167,3.2127,3.2157,3.2197,3.2217,3.2177,3.2207,30
2026-07-07 17:16:00,3.2147,3.2167,3.2127,3.2157,3.2197,3.2217,3.2177,3.2207,35
2026-07-07 17:17:00,3.2162,3.2187,3.2157,3.2177,3.2212,3.2237,3.2207,3.2227,18
2026-07-07 17:18:00,3.2182,3.2187,3.2127,3.2127,3.2232,3.2237,3.2177,3.2177,16
2026-07-07 17:19:00,3.2117,3.2147,3.2117,3.2137,3.2167,3.2197,3.2167,3.2187,25
2026-07-07 17:20:00,3.2147,3.2157,3.2147,3.2147,3.2197,3.2207,3.2197,3.2197,11
2026-07-07 17:21:00,3.2137,3.2137,3.2117,3.2117,3.2187,3.2187,3.2167,3.2167,7
2026-07-07 17:22:00,3.2127,3.2137,3.2117,3.2137,3.2177,3.2187,3.2167,3.2187,13
2026-07-07 17:23:00,3.2147,3.2147,3.2027,3.2027,3.2197,3.2197,3.2077,3.2077,45
2026-07-07 17:24:00,3.2017,3.2047,3.2007,3.2007,3.2067,3.2097,3.2057,3.2057,43
2026-07-07 17:25:00,3.2012,3.2037,3.2002,3.2012,3.2062,3.2087,3.2052,3.2062,40
2026-07-07 17:26:00,3.2017,3.2087,3.2007,3.2067,3.2067,3.2137,3.2057,3.2117,28
2026-07-07 17:27:00,3.2057,3.2087,3.2047,3.2047,3.2107,3.2137,3.2097,3.2097,30
2026-07-07 17:28:00,3.2037,3.2037,3.1997,3.2027,3.2087,3.2087,3.2047,3.2077,30
2026-07-07 17:29:00,3.2017,3.2027,3.1987,3.2007,3.2067,3.2077,3.2037,3.2057,24
2026-07-07 17:30:00,3.2002,3.2027,3.1997,3.1997,3.2052,3.2077,3.2047,3.2047,23
2026-07-07 17:31:00,3.2002,3.2007,3.1987,3.1997,3.2052,3.2057,3.2037,3.2047,22
2026-07-07 17:32:00,3.1992,3.2037,3.1987,3.2027,3.2042,3.2087,3.2037,3.2077,26
2026-07-07 17:33:00,3.2017,3.2037,3.2007,3.2037,3.2067,3.2087,3.2057,3.2087,9
2026-07-07 17:34:00,3.2047,3.2047,3.2027,3.2037,3.2097,3.2097,3.2077,3.2087,22
2026-07-07 17:35:00,3.2027,3.2047,3.2027,3.2047,3.2077,3.2097,3.2077,3.2097,22
2026-07-07 17:36:00,3.2037,3.2047,3.2027,3.2047,3.2087,3.2097,3.2077,3.2097,16
2026-07-07 17:37:00,3.2057,3.2057,3.2037,3.2037,3.2107,3.2107,3.2087,3.2087,10
2026-07-07 17:38:00,3.2027,3.2032,3.1987,3.1987,3.2077,3.2082,3.2037,3.2037,22
2026-07-07 17:39:00,3.1997,3.2007,3.1987,3.1997,3.2047,3.2057,3.2037,3.2047,10
2026-07-07 17:40:00,3.2007,3.2007,3.1987,3.1997,3.2057,3.2057,3.2037,3.2047,27
2026-07-07 17:41:00,3.1987,3.1987,3.1947,3.1977,3.2037,3.2037,3.1997,3.2027,16
2026-07-07 17:42:00,3.1987,3.2037,3.1987,3.2027,3.2037,3.2087,3.2037,3.2077,7
2026-07-07 17:43:00,3.2017,3.2027,3.2007,3.2007,3.2067,3.2077,3.2057,3.2057,8
2026-07-07 17:44:00,3.1997,3.2017,3.1977,3.1992,3.2047,3.2067,3.2027,3.2042,22
2026-07-07 17:45:00,3.1997,3.2017,3.1987,3.1997,3.2047,3.2067,3.2037,3.2047,34
2026-07-07 17:46:00,3.1987,3.2037,3.1987,3.2027,3.2037,3.2087,3.2037,3.2077,25
2026-07-07 17:47:00,3.2037,3.2037,3.2017,3.2027,3.2087,3.2087,3.2067,3.2077,11
2026-07-07 17:48:00,3.2017,3.2057,3.2017,3.2037,3.2067,3.2107,3.2067,3.2087,21
2026-07-07 17:49:00,3.2047,3.2077,3.2037,3.2077,3.2097,3.2127,3.2087,3.2127,7
2026-07-07 17:50:00,3.2067,3.2147,3.2057,3.2117,3.2117,3.2197,3.2107,3.2167,32
2026-07-07 17:51:00,3.2127,3.2127,3.2087,3.2097,3.2177,3.2177,3.2137,3.2147,21
2026-07-07 17:52:00,3.2092,3.2137,3.2087,3.2127,3.2142,3.2187,3.2137,3.2177,20
2026-07-07 17:53:00,3.2137,3.2177,3.2107,3.2147,3.2187,3.2227,3.2157,3.2197,41
2026-07-07 17:54:00,3.2152,3.2157,3.2137,3.2137,3.2202,3.2207,3.2187,3.2187,14
2026-07-07 17:55:00,3.2132,3.2167,3.2132,3.2137,3.2182,3.2217,3.2182,3.2187,12
2026-07-07 17:56:00,3.2142,3.2142,3.2117,3.2127,3.2192,3.2192,3.2167,3.2177,23
2026-07-07 17:57:00,3.2137,3.2137,3.2107,3.2112,3.2187,3.2187,3.2157,3.2162,14
2026-07-07 17:58:00,3.2107,3.2117,3.2087,3.2097,3.2157,3.2167,3.2137,3.2147,14
2026-07-07 17:59:00,3.2107,3.2127,3.2097,3.2127,3.2157,3.2177,3.2147,3.2177,20
2026-07-07 18:00:00,3.2117,3.2137,3.2097,3.2137,3.2167,3.2187,3.2147,3.2187,18
2026-07-07 18:01:00,3.2132,3.2132,3.2107,3.2117,3.2182,3.2182,3.2157,3.2167,8
2026-07-07 18:02:00,3.2122,3.2122,3.2097,3.2097,3.2172,3.2172,3.2147,3.2147,8
2026-07-07 18:03:00,3.2107,3.2157,3.2097,3.2147,3.2157,3.2207,3.2147,3.2197,19
2026-07-07 18:04:00,3.2157,3.2167,3.2147,3.2147,3.2207,3.2217,3.2197,3.2197,13
2026-07-07 18:05:00,3.2137,3.2147,3.2127,3.2137,3.2187,3.2197,3.2177,3.2187,32
2026-07-07 18:06:00,3.2127,3.2137,3.2107,3.2137,3.2177,3.2187,3.2157,3.2187,6
2026-07-07 18:07:00,3.2127,3.2147,3.2127,3.2147,3.2177,3.2197,3.2177,3.2197,14
2026-07-07 18:08:00,3.2137,3.2157,3.2137,3.2147,3.2187,3.2207,3.2187,3.2197,9
2026-07-07 18:09:00,3.2137,3.2147,3.2127,3.2127,3.2187,3.2197,3.2177,3.2177,12
2026-07-07 18:10:00,3.2117,3.2167,3.2117,3.2147,3.2167,3.2217,3.2167,3.2197,18
2026-07-07 18:11:00,3.2142,3.2147,3.2127,3.2147,3.2192,3.2197,3.2177,3.2197,27
2026-07-07 18:12:00,3.2137,3.2157,3.2127,3.2157,3.2187,3.2207,3.2177,3.2207,24
2026-07-07 18:13:00,3.2167,3.2197,3.2157,3.2177,3.2217,3.2247,3.2207,3.2227,31
2026-07-07 18:14:00,3.2187,3.2197,3.2157,3.2177,3.2237,3.2247,3.2207,3.2227,20
2026-07-07 18:15:00,3.2187,3.2227,3.2177,3.2217,3.2237,3.2277,3.2227,3.2267,7
2026-07-07 18:16:00,3.2207,3.2217,3.2207,3.2207,3.2257,3.2267,3.2257,3.2257,22
2026-07-07 18:17:00,3.2217,3.2217,3.2207,3.2207,3.2267,3.2267,3.2257,3.2257,22
2026-07-07 18:18:00,3.2217,3.2217,3.2187,3.2197,3.2267,3.2267,3.2237,3.2247,27
2026-07-07 18:19:00,3.2207,3.2207,3.2207,3.2207,3.2257,3.2257,3.2257,3.2257,1
2026-07-07 18:20:00,3.2202,3.2202,3.2177,3.2177,3.2252,3.2252,3.2227,3.2227,4
2026-07-07 18:21:00,3.2187,3.2217,3.2187,3.2187,3.2237,3.2267,3.2237,3.2237,29
2026-07-07 18:22:00,3.2197,3.2207,3.2167,3.2167,3.2247,3.2257,3.2217,3.2217,24
2026-07-07 18:23:00,3.2172,3.2187,3.2167,3.2187,3.2222,3.2237,3.2217,3.2237,17
2026-07-07 18:24:00,3.2192,3.2197,3.2187,3.2187,3.2242,3.2247,3.2237,3.2237,4
2026-07-07 18:25:00,3.2177,3.2187,3.2147,3.2157,3.2227,3.2237,3.2197,3.2207,16
2026-07-07 18:26:00,3.2147,3.2177,3.2137,3.2167,3.2197,3.2227,3.2187,3.2217,26
2026-07-07 18:27:00,3.2172,3.2177,3.2167,3.2172,3.2222,3.2227,3.2217,3.2222,5
2026-07-07 18:28:00,3.2167,3.2177,3.2167,3.2177,3.2217,3.2227,3.2217,3.2227,12
2026-07-07 18:29:00,3.2172,3.2177,3.2157,3.2167,3.2222,3.2227,3.2207,3.2217,6
2026-07-07 18:30:00,3.2157,3.2177,3.2137,3.2177,3.2207,3.2227,3.2187,3.2227,13
2026-07-07 18:31:00,3.2167,3.2177,3.2107,3.2117,3.2217,3.2227,3.2157,3.2167,26
2026-07-07 18:32:00,3.2122,3.2137,3.2117,3.2127,3.2172,3.2187,3.2167,3.2177,6
2026-07-07 18:33:00,3.2117,3.2127,3.2097,3.2107,3.2167,3.2177,3.2147,3.2157,12
2026-07-07 18:34:00,3.2117,3.2122,3.2087,3.2097,3.2167,3.2172,3.2137,3.2147,26
2026-07-07 18:35:00,3.2107,3.2137,3.2107,3.2107,3.2157,3.2187,3.2157,3.2157,22
2026-07-07 18:36:00,3.2117,3.2147,3.2107,3.2117,3.2167,3.2197,3.2157,3.2167,26
2026-07-07 18:37:00,3.2112,3.2127,3.2097,3.2117,3.2162,3.2177,3.2147,3.2167,14
2026-07-07 18:38:00,3.2127,3.2127,3.2117,3.2127,3.2177,3.2177,3.2167,3.2177,16
2026-07-07 18:39:00,3.2137,3.2147,3.2117,3.2127,3.2187,3.2197,3.2167,3.2177,18
2026-07-07 18:40:00,3.2122,3.2137,3.2107,3.2117,3.2172,3.2187,3.2157,3.2167,24
2026-07-07 18:41:00,3.2127,3.2137,3.2127,3.2127,3.2177,3.2187,3.2177,3.2177,4
2026-07-07 18:42:00,3.2122,3.2127,3.2117,3.2117,3.2172,3.2177,3.2167,3.2167,8
2026-07-07 18:43:00,3.2107,3.2107,3.2067,3.2067,3.2157,3.2157,3.2117,3.2117,19
2026-07-07 18:44:00,3.2057,3.2067,3.2027,3.2037,3.2107,3.2117,3.2077,3.2087,20
2026-07-07 18:45:00,3.2047,3.2047,3.2027,3.2027,3.2097,3.2097,3.2077,3.2077,24
2026-07-07 18:46:00,3.2037,3.2042,3.1997,3.1997,3.2087,3.2092,3.2047,3.2047,28
2026-07-07 18:47:00,3.2007,3.2047,3.1997,3.2007,3.2057,3.2097,3.2047,3.2057,19
2026-07-07 18:48:00,3.2017,3.2027,3.2017,3.2022,3.2067,3.2077,3.2067,3.2072,9
2026-07-07 18:49:00,3.2027,3.2037,3.2017,3.2027,3.2077,3.2087,3.2067,3.2077,8
2026-07-07 18:50:00,3.2022,3.2022,3.2007,3.2007,3.2072,3.2072,3.2057,3.2057,14
2026-07-07 18:51:00,3.2017,3.2017,3.1997,3.2007,3.2067,3.2067,3.2047,3.2057,20
2026-07-07 18:52:00,3.2017,3.2037,3.1997,3.2037,3.2067,3.2087,3.2047,3.2087,13
2026-07-07 18:53:00,3.2047,3.2047,3.2037,3.2047,3.2097,3.2097,3.2087,3.2097,7
2026-07-07 18:54:00,3.2037,3.2047,3.2027,3.2037,3.2087,3.2097,3.2077,3.2087,26
2026-07-07 18:55:00,3.2047,3.2047,3.2027,3.2027,3.2097,3.2097,3.2077,3.2077,21
2026-07-07 18:56:00,3.2017,3.2087,3.2007,3.2077,3.2067,3.2137,3.2057,3.2127,17
2026-07-07 18:57:00,3.2082,3.2087,3.2077,3.2077,3.2132,3.2137,3.2127,3.2127,7
2026-07-07 18:58:00,3.2067,3.2077,3.2057,3.2057,3.2117,3.2127,3.2107,3.2107,4
2026-07-07 18:59:00,3.2047,3.2057,3.2037,3.2047,3.2097,3.2107,3.2087,3.2097,9
2026-07-07 19:00:00,3.2052,3.2087,3.2047,3.2087,3.2102,3.2137,3.2097,3.2137,10
2026-07-07 19:01:00,3.2097,3.2117,3.2087,3.2107,3.2147,3.2167,3.2137,3.2157,17
2026-07-07 19:02:00,3.2117,3.2172,3.2107,3.2137,3.2167,3.2222,3.2157,3.2187,49
2026-07-07 19:03:00,3.2127,3.2137,3.2127,3.2127,3.2177,3.2187,3.2177,3.2177,8
2026-07-07 19:04:00,3.2137,3.2137,3.2107,3.2137,3.2187,3.2187,3.2157,3.2187,26
2026-07-07 19:05:00,3.2132,3.2147,3.2127,3.2137,3.2182,3.2197,3.2177,3.2187,16
2026-07-07 19:06:00,3.2127,3.2137,3.2117,3.2117,3.2177,3.2187,3.2167,3.2167,14
2026-07-07 19:07:00,3.2107,3.2117,3.2107,3.2117,3.2157,3.2167,3.2157,3.2167,4
2026-07-07 19:08:00,3.2127,3.2127,3.2117,3.2117,3.2177,3.2177,3.2167,3.2167,5
2026-07-07 19:09:00,3.2122,3.2127,3.2107,3.2117,3.2172,3.2177,3.2157,3.2167,16
2026-07-07 19:10:00,3.2127,3.2142,3.2107,3.2127,3.2177,3.2192,3.2157,3.2177,25
2026-07-07 19:11:00,3.2137,3.2177,3.2127,3.2157,3.2187,3.2227,3.2177,3.2207,25
2026-07-07 19:12:00,3.2147,3.2147,3.2137,3.2137,3.2197,3.2197,3.2187,3.2187,9
2026-07-07 19:13:00,3.2147,3.2167,3.2147,3.2167,3.2197,3.2217,3.2197,3.2217,5
2026-07-07 19:14:00,3.2157,3.2157,3.2147,3.2147,3.2207,3.2207,3.2197,3.2197,5
2026-07-07 19:15:00,3.2157,3.2157,3.2127,3.2137,3.2207,3.2207,3.2177,3.2187,8
2026-07-07 19:16:00,3.2147,3.2147,3.2127,3.2137,3.2197,3.2197,3.2177,3.2187,10
2026-07-07 19:17:00,3.2147,3.2147,3.2137,3.2137,3.2197,3.2197,3.2187,3.2187,3
2026-07-07 19:18:00,3.2147,3.2177,3.2137,3.2157,3.2197,3.2227,3.2187,3.2207,28
2026-07-07 19:19:00,3.2162,3.2167,3.2157,3.2157,3.2212,3.2217,3.2207,3.2207,21
2026-07-07 19:20:00,3.2162,3.2207,3.2162,3.2187,3.2212,3.2257,3.2212,3.2237,19
2026-07-07 19:21:00,3.2197,3.2207,3.2187,3.2197,3.2247,3.2257,3.2237,3.2247,11
2026-07-07 19:22:00,3.2202,3.2217,3.2197,3.2217,3.2252,3.2267,3.2247,3.2267,7
2026-07-07 19:23:00,3.2227,3.2227,3.2197,3.2197,3.2277,3.2277,3.2247,3.2247,6
2026-07-07 19:24:00,3.2187,3.2187,3.2187,3.2187,3.2237,3.2237,3.2237,3.2237,1
2026-07-07 19:26:00,3.2197,3.2207,3.2157,3.2157,3.2247,3.2257,3.2207,3.2207,17
2026-07-07 19:27:00,3.2147,3.2187,3.2147,3.2187,3.2197,3.2237,3.2197,3.2237,11
2026-07-07 19:28:00,3.2197,3.2217,3.2187,3.2217,3.2247,3.2267,3.2237,3.2267,20
2026-07-07 19:29:00,3.2207,3.2207,3.2187,3.2187,3.2257,3.2257,3.2237,3.2237,8
2026-07-07 19:30:00,3.2197,3.2197,3.2162,3.2177,3.2247,3.2247,3.2212,3.2227,12
2026-07-07 19:31:00,3.2187,3.2187,3.2167,3.2167,3.2237,3.2237,3.2217,3.2217,16
2026-07-07 19:32:00,3.2172,3.2187,3.2167,3.2177,3.2222,3.2237,3.2217,3.2227,13
2026-07-07 19:33:00,3.2187,3.2197,3.2187,3.2187,3.2237,3.2247,3.2237,3.2237,3
2026-07-07 19:35:00,3.2177,3.2187,3.2177,3.2187,3.2227,3.2237,3.2227,3.2237,3
2026-07-07 19:36:00,3.2182,3.2207,3.2182,3.2197,3.2232,3.2257,3.2232,3.2247,5
2026-07-07 19:37:00,3.2207,3.2207,3.2187,3.2197,3.2257,3.2257,3.2237,3.2247,12
2026-07-07 19:38:00,3.2207,3.2207,3.2197,3.2197,3.2257,3.2257,3.2247,3.2247,2
2026-07-07 19:39:00,3.2207,3.2217,3.2197,3.2207,3.2257,3.2267,3.2247,3.2257,13
2026-07-07 19:40:00,3.2197,3.2207,3.2197,3.2197,3.2247,3.2257,3.2247,3.2247,6
2026-07-07 19:41:00,3.2207,3.2207,3.2197,3.2207,3.2257,3.2257,3.2247,3.2257,6
2026-07-07 19:42:00,3.2217,3.2227,3.2207,3.2227,3.2267,3.2277,3.2257,3.2277,8
2026-07-07 19:43:00,3.2217,3.2227,3.2207,3.2207,3.2267,3.2277,3.2257,3.2257,16
2026-07-07 19:44:00,3.2197,3.2217,3.2197,3.2207,3.2247,3.2267,3.2247,3.2257,8
2026-07-07 19:45:00,3.2217,3.2217,3.2187,3.2187,3.2267,3.2267,3.2237,3.2237,25
2026-07-07 19:46:00,3.2197,3.2227,3.2187,3.2217,3.2247,3.2277,3.2237,3.2267,9
2026-07-07 19:47:00,3.2227,3.2237,3.2217,3.2227,3.2277,3.2287,3.2267,3.2277,19
2026-07-07 19:48:00,3.2217,3.2227,3.2207,3.2217,3.2267,3.2277,3.2257,3.2267,7
2026-07-07 19:49:00,3.2222,3.2222,3.2217,3.2217,3.2272,3.2272,3.2267,3.2267,2
2026-07-07 19:50:00,3.2227,3.2227,3.2207,3.2227,3.2277,3.2277,3.2257,3.2277,12
2026-07-07 19:51:00,3.2232,3.2247,3.2192,3.2197,3.2282,3.2297,3.2242,3.2247,26
2026-07-07 19:52:00,3.2192,3.2192,3.2117,3.2127,3.2242,3.2242,3.2167,3.2177,26
2026-07-07 19:53:00,3.2132,3.2167,3.2127,3.2157,3.2182,3.2217,3.2177,3.2207,17
2026-07-07 19:54:00,3.2162,3.2167,3.2087,3.2117,3.2212,3.2217,3.2137,3.2167,41
2026-07-07 19:55:00,3.2107,3.2107,3.2017,3.2037,3.2157,3.2157,3.2067,3.2087,67
2026-07-07 19:56:00,3.2032,3.2077,3.2027,3.2077,3.2082,3.2127,3.2077,3.2127,38
2026-07-07 19:57:00,3.2082,3.2107,3.2067,3.2097,3.2132,3.2157,3.2117,3.2147,17
2026-07-07 19:58:00,3.2087,3.2107,3.2077,3.2102,3.2137,3.2157,3.2127,3.2152,19
2026-07-07 19:59:00,3.2097,3.2107,3.2077,3.2107,3.2147,3.2157,3.2127,3.2157,12
2026-07-07 20:00:00,3.2097,3.2117,3.2067,3.2077,3.2147,3.2167,3.2117,3.2127,19
2026-07-07 20:01:00,3.2087,3.2127,3.2087,3.2127,3.2137,3.2177,3.2137,3.2177,23
2026-07-07 20:02:00,3.2137,3.2147,3.2127,3.2127,3.2187,3.2197,3.2177,3.2177,20
2026-07-07 20:03:00,3.2117,3.2147,3.2107,3.2107,3.2167,3.2197,3.2157,3.2157,45
2026-07-07 20:04:00,3.2112,3.2112,3.2087,3.2087,3.2162,3.2162,3.2137,3.2137,15
2026-07-07 20:05:00,3.2097,3.2107,3.2087,3.2097,3.2147,3.2157,3.2137,3.2147,13
2026-07-07 20:06:00,3.2107,3.2107,3.2087,3.2102,3.2157,3.2157,3.2137,3.2152,24
2026-07-07 20:07:00,3.2097,3.2107,3.2097,3.2097,3.2147,3.2157,3.2147,3.2147,10
2026-07-07 20:08:00,3.2107,3.2107,3.2077,3.2077,3.2157,3.2157,3.2127,3.2127,12
2026-07-07 20:09:00,3.2067,3.2097,3.2067,3.2097,3.2117,3.2147,3.2117,3.2147,8
2026-07-07 20:10:00,3.2087,3.2107,3.2057,3.2057,3.2137,3.2157,3.2107,3.2107,27
2026-07-07 20:11:00,3.2067,3.2097,3.2057,3.2077,3.2117,3.2147,3.2107,3.2127,15
2026-07-07 20:12:00,3.2082,3.2082,3.2067,3.2077,3.2132,3.2132,3.2117,3.2127,12
2026-07-07 20:13:00,3.2072,3.2077,3.2067,3.2067,3.2122,3.2127,3.2117,3.2117,7
2026-07-07 20:14:00,3.2072,3.2077,3.2047,3.2067,3.2122,3.2127,3.2097,3.2117,20
2026-07-07 20:15:00,3.2057,3.2067,3.2057,3.2057,3.2107,3.2117,3.2107,3.2107,11
2026-07-07 20:16:00,3.2062,3.2077,3.2057,3.2077,3.2112,3.2127,3.2107,3.2127,15
2026-07-07 20:17:00,3.2067,3.2077,3.2047,3.2057,3.2117,3.2127,3.2097,3.2107,17
2026-07-07 20:18:00,3.2047,3.2077,3.2037,3.2067,3.2097,3.2127,3.2087,3.2117,29
2026-07-07 20:19:00,3.2072,3.2077,3.2057,3.2057,3.2122,3.2127,3.2107,3.2107,17
2026-07-07 20:20:00,3.2067,3.2067,3.2017,3.2017,3.2117,3.2117,3.2067,3.2067,36
2026-07-07 20:21:00,3.2022,3.2027,3.1987,3.1997,3.2072,3.2077,3.2037,3.2047,62
2026-07-07 20:22:00,3.2007,3.2007,3.1947,3.1972,3.2057,3.2057,3.1997,3.2022,52
2026-07-07 20:23:00,3.1977,3.2007,3.1957,3.1987,3.2027,3.2057,3.2007,3.2037,26
2026-07-07 20:24:00,3.1982,3.1987,3.1947,3.1952,3.2032,3.2037,3.1997,3.2002,28
2026-07-07 20:25:00,3.1947,3.1947,3.1877,3.1922,3.1997,3.1997,3.1927,3.1972,54
2026-07-07 20:26:00,3.1932,3.1957,3.1917,3.1947,3.1982,3.2007,3.1967,3.1997,42
2026-07-07 20:27:00,3.1957,3.2007,3.1947,3.1997,3.2007,3.2057,3.1997,3.2047,34
2026-07-07 20:28:00,3.1987,3.2027,3.1987,3.2007,3.2037,3.2077,3.2037,3.2057,49
2026-07-07 20:29:00,3.1997,3.2017,3.1997,3.2017,3.2047,3.2067,3.2047,3.2067,38
2026-07-07 20:30:00,3.2027,3.2057,3.2012,3.2017,3.2077,3.2107,3.2062,3.2067,50
2026-07-07 20:31:00,3.2012,3.2017,3.1987,3.2007,3.2062,3.2067,3.2037,3.2057,40
2026-07-07 20:32:00,3.2002,3.2012,3.1987,3.2007,3.2052,3.2062,3.2037,3.2057,24
2026-07-07 20:33:00,3.2012,3.2017,3.1947,3.1977,3.2062,3.2067,3.1997,3.2027,20
2026-07-07 20:34:00,3.1987,3.2007,3.1977,3.1987,3.2037,3.2057,3.2027,3.2037,15
2026-07-07 20:35:00,3.1977,3.1987,3.1967,3.1967,3.2027,3.2037,3.2017,3.2017,15
2026-07-07 20:36:00,3.1957,3.1957,3.1907,3.1947,3.2007,3.2007,3.1957,3.1997,28
2026-07-07 20:37:00,3.1952,3.1957,3.1937,3.1957,3.2002,3.2007,3.1987,3.2007,10
2026-07-07 20:39:00,3.1947,3.1957,3.1827,3.1847,3.1997,3.2007,3.1877,3.1897,59
2026-07-07 20:40:00,3.1837,3.1847,3.1827,3.1837,3.1887,3.1897,3.1877,3.1887,19
2026-07-07 20:41:00,3.1827,3.1847,3.1817,3.1837,3.1877,3.1897,3.1867,3.1887,56
2026-07-07 20:42:00,3.1832,3.1857,3.1827,3.1847,3.1882,3.1907,3.1877,3.1897,17
2026-07-07 20:43:00,3.1842,3.1847,3.1827,3.1847,3.1892,3.1897,3.1877,3.1897,13
2026-07-07 20:44:00,3.1857,3.1857,3.1847,3.1847,3.1907,3.1907,3.1897,3.1897,12
2026-07-07 20:45:00,3.1857,3.1857,3.1837,3.1857,3.1907,3.1907,3.1887,3.1907,9
2026-07-07 20:46:00,3.1867,3.1877,3.1847,3.1867,3.1917,3.1927,3.1897,3.1917,12
2026-07-07 20:47:00,3.1857,3.1892,3.1857,3.1872,3.1907,3.1942,3.1907,3.1922,28
2026-07-07 20:48:00,3.1877,3.1887,3.1857,3.1882,3.1927,3.1937,3.1907,3.1932,17
2026-07-07 20:49:00,3.1877,3.1907,3.1847,3.1867,3.1927,3.1957,3.1897,3.1917,43
2026-07-07 20:50:00,3.1857,3.1862,3.1827,3.1837,3.1907,3.1912,3.1877,3.1887,22
2026-07-07 20:51:00,3.1832,3.1837,3.1817,3.1827,3.1882,3.1887,3.1867,3.1877,28
2026-07-07 20:52:00,3.1817,3.1827,3.1817,3.1827,3.1867,3.1877,3.1867,3.1877,10
2026-07-07 20:53:00,3.1817,3.1832,3.1807,3.1832,3.1867,3.1882,3.1857,3.1882,12
2026-07-07 20:54:00,3.1837,3.1847,3.1827,3.1837,3.1887,3.1897,3.1877,3.1887,12
2026-07-07 20:55:00,3.1847,3.1847,3.1837,3.1847,3.1897,3.1897,3.1887,3.1897,6
2026-07-07 20:56:00,3.1857,3.1897,3.1847,3.1887,3.1907,3.1947,3.1897,3.1937,21
2026-07-07 20:57:00,3.1892,3.1947,3.1892,3.1937,3.1942,3.1997,3.1942,3.1987,74
2026-07-07 20:58:00,3.1932,3.1967,3.1932,3.1947,3.1982,3.2017,3.1982,3.1997,17
2026-07-07 20:59:00,3.1942,3.1977,3.1937,3.1967,3.1992,3.2027,3.1987,3.2017,16
2026-07-07 21:00:00,3.1977,3.1977,3.1957,3.1967,3.2027,3.2027,3.2007,3.2017,8
2026-07-07 21:01:00,3.1957,3.1977,3.1957,3.1977,3.2007,3.2027,3.2007,3.2027,9
2026-07-07 21:02:00,3.1987,3.1997,3.1967,3.1967,3.2037,3.2047,3.2017,3.2017,11
2026-07-07 21:03:00,3.1977,3.1977,3.1952,3.1957,3.2027,3.2027,3.2002,3.2007,11
2026-07-07 21:04:00,3.1967,3.1967,3.1957,3.1967,3.2017,3.2017,3.2007,3.2017,6
2026-07-07 21:05:00,3.1957,3.1957,3.1957,3.1957,3.2007,3.2007,3.2007,3.2007,1
2026-07-07 21:06:00,3.1947,3.1967,3.1947,3.1957,3.1997,3.2017,3.1997,3.2007,12
2026-07-07 21:07:00,3.1952,3.1967,3.1947,3.1967,3.2002,3.2017,3.1997,3.2017,5
2026-07-07 21:08:00,3.1957,3.1957,3.1937,3.1957,3.2007,3.2007,3.1987,3.2007,8
2026-07-07 21:09:00,3.1947,3.1947,3.1947,3.1947,3.1997,3.1997,3.1997,3.1997,1
2026-07-07 21:10:00,3.1937,3.1967,3.1937,3.1967,3.1987,3.2017,3.1987,3.2017,4
2026-07-07 21:12:00,3.1977,3.1987,3.1967,3.1967,3.2027,3.2037,3.2017,3.2017,10
2026-07-07 21:14:00,3.1962,3.1967,3.1947,3.1957,3.2012,3.2017,3.1997,3.2007,11
2026-07-07 21:15:00,3.1947,3.1947,3.1927,3.1947,3.1997,3.1997,3.1977,3.1997,16
2026-07-07 21:16:00,3.1957,3.1997,3.1957,3.1987,3.2007,3.2047,3.2007,3.2037,8
2026-07-07 21:17:00,3.1997,3.2017,3.1987,3.2017,3.2047,3.2067,3.2037,3.2067,9
2026-07-07 21:18:00,3.2007,3.2017,3.1997,3.2007,3.2057,3.2067,3.2047,3.2057,11
2026-07-07 21:19:00,3.1997,3.2012,3.1992,3.1997,3.2047,3.2062,3.2042,3.2047,9
2026-07-07 21:20:00,3.1987,3.1997,3.1967,3.1992,3.2037,3.2047,3.2017,3.2042,17
2026-07-07 21:21:00,3.1987,3.1997,3.1957,3.1977,3.2037,3.2047,3.2007,3.2027,24
2026-07-07 21:22:00,3.1967,3.1967,3.1947,3.1957,3.2017,3.2017,3.1997,3.2007,7
2026-07-07 21:24:00,3.1947,3.1947,3.1947,3.1947,3.1997,3.1997,3.1997,3.1997,1
2026-07-07 21:25:00,3.1957,3.2017,3.1957,3.2017,3.2007,3.2067,3.2007,3.2067,9
2026-07-07 21:26:00,3.2012,3.2017,3.2007,3.2017,3.2062,3.2067,3.2057,3.2067,5
2026-07-07 21:27:00,3.2007,3.2007,3.1987,3.1997,3.2057,3.2057,3.2037,3.2047,20
2026-07-07 21:28:00,3.2007,3.2007,3.1987,3.1987,3.2057,3.2057,3.2037,3.2037,3
2026-07-07 21:29:00,3.1997,3.1997,3.1987,3.1987,3.2047,3.2047,3.2037,3.2037,4
2026-07-07 21:30:00,3.1997,3.2007,3.1997,3.2007,3.2047,3.2057,3.2047,3.2057,3
2026-07-07 21:31:00,3.2017,3.2027,3.2017,3.2027,3.2067,3.2077,3.2067,3.2077,4
2026-07-07 21:33:00,3.2017,3.2017,3.2007,3.2017,3.2067,3.2067,3.2057,3.2067,13
2026-07-07 21:35:00,3.2027,3.2027,3.2017,3.2017,3.2077,3.2077,3.2067,3.2067,2
2026-07-07 21:36:00,3.2007,3.2027,3.2007,3.2027,3.2057,3.2077,3.2057,3.2077,10
2026-07-07 21:37:00,3.2017,3.2027,3.2012,3.2017,3.2067,3.2077,3.2062,3.2067,7
2026-07-07 21:39:00,3.2007,3.2027,3.2007,3.2017,3.2057,3.2077,3.2057,3.2067,11
2026-07-07 21:40:00,3.2007,3.2007,3.2007,3.2007,3.2057,3.2057,3.2057,3.2057,1
2026-07-07 21:41:00,3.2017,3.2017,3.2017,3.2017,3.2067,3.2067,3.2067,3.2067,1
2026-07-07 21:42:00,3.2022,3.2027,3.2017,3.2027,3.2072,3.2077,3.2067,3.2077,3
2026-07-07 21:43:00,3.2037,3.2047,3.2037,3.2037,3.2087,3.2097,3.2087,3.2087,15
2026-07-07 21:44:00,3.2047,3.2057,3.2047,3.2057,3.2097,3.2107,3.2097,3.2107,6
2026-07-07 21:45:00,3.2047,3.2057,3.2047,3.2057,3.2097,3.2107,3.2097,3.2107,2
2026-07-07 21:46:00,3.2047,3.2087,3.2047,3.2077,3.2097,3.2137,3.2097,3.2127,8
2026-07-07 21:47:00,3.2087,3.2107,3.2087,3.2092,3.2137,3.2157,3.2137,3.2142,19
2026-07-07 21:48:00,3.2087,3.2087,3.2067,3.2067,3.2137,3.2137,3.2117,3.2117,8
2026-07-07 21:49:00,3.2057,3.2057,3.2057,3.2057,3.2107,3.2107,3.2107,3.2107,1
2026-07-07 21:50:00,3.2047,3.2057,3.2037,3.2047,3.2097,3.2107,3.2087,3.2097,16
2026-07-07 21:51:00,3.2037,3.2047,3.2037,3.2047,3.2087,3.2097,3.2087,3.2097,8
2026-07-07 21:52:00,3.2042,3.2047,3.2027,3.2047,3.2092,3.2097,3.2077,3.2097,12
2026-07-07 21:53:00,3.2042,3.2047,3.2042,3.2047,3.2092,3.2097,3.2092,3.2097,2
2026-07-07 21:54:00,3.2037,3.2047,3.2037,3.2047,3.2087,3.2097,3.2087,3.2097,6
2026-07-07 21:55:00,3.2037,3.2057,3.2037,3.2057,3.2087,3.2107,3.2087,3.2107,9
2026-07-07 21:56:00,3.2047,3.2047,3.2027,3.2027,3.2097,3.2097,3.2077,3.2077,15
2026-07-07 21:57:00,3.2037,3.2047,3.2037,3.2047,3.2087,3.2097,3.2087,3.2097,14
2026-07-07 21:58:00,3.2042,3.2042,3.2027,3.2037,3.2092,3.2092,3.2077,3.2087,11
2026-07-07 21:59:00,3.2032,3.2037,3.2022,3.2027,3.2082,3.2087,3.2072,3.2077,8
2026-07-07 22:00:00,3.2037,3.2047,3.2027,3.2047,3.2087,3.2097,3.2077,3.2097,11
2026-07-07 22:01:00,3.2037,3.2037,3.2027,3.2027,3.2087,3.2087,3.2077,3.2077,2
2026-07-07 22:02:00,3.2017,3.2017,3.1977,3.1987,3.2067,3.2067,3.2027,3.2037,14
2026-07-07 22:03:00,3.1992,3.1992,3.1987,3.1987,3.2042,3.2042,3.2037,3.2037,12
2026-07-07 22:04:00,3.1982,3.1987,3.1972,3.1972,3.2032,3.2037,3.2022,3.2022,7
2026-07-07 22:05:00,3.1977,3.1982,3.1972,3.1977,3.2027,3.2032,3.2022,3.2027,5
2026-07-07 22:06:00,3.1972,3.1977,3.1967,3.1967,3.2022,3.2027,3.2017,3.2017,19
2026-07-07 22:07:00,3.1977,3.1987,3.1977,3.1987,3.2027,3.2037,3.2027,3.2037,11
2026-07-07 22:08:00,3.1997,3.2007,3.1992,3.1997,3.2047,3.2057,3.2042,3.2047,10
2026-07-07 22:09:00,3.2007,3.2007,3.1997,3.2002,3.2057,3.2057,3.2047,3.2052,9
2026-07-07 22:10:00,3.1997,3.2012,3.1997,3.2012,3.2047,3.2062,3.2047,3.2062,10
2026-07-07 22:11:00,3.2017,3.2022,3.1997,3.2007,3.2067,3.2072,3.2047,3.2057,14
2026-07-07 22:12:00,3.2012,3.2017,3.2007,3.2012,3.2062,3.2067,3.2057,3.2062,4
2026-07-07 22:13:00,3.2017,3.2017,3.2017,3.2017,3.2067,3.2067,3.2067,3.2067,1
2026-07-07 22:14:00,3.2007,3.2007,3.2007,3.2007,3.2057,3.2057,3.2057,3.2057,1
2026-07-07 22:15:00,3.2012,3.2017,3.2012,3.2017,3.2062,3.2067,3.2062,3.2067,8
2026-07-07 22:16:00,3.2012,3.2017,3.2012,3.2017,3.2062,3.2067,3.2062,3.2067,6
2026-07-07 22:17:00,3.2012,3.2012,3.1967,3.1997,3.2062,3.2062,3.2017,3.2047,23
2026-07-07 22:18:00,3.2007,3.2017,3.1997,3.2007,3.2057,3.2067,3.2047,3.2057,12
2026-07-07 22:19:00,3.2002,3.2007,3.2002,3.2007,3.2052,3.2057,3.2052,3.2057,2
2026-07-07 22:20:00,3.1997,3.2007,3.1997,3.2007,3.2047,3.2057,3.2047,3.2057,2
2026-07-07 22:21:00,3.2017,3.2017,3.2007,3.2012,3.2067,3.2067,3.2057,3.2062,6
2026-07-07 22:22:00,3.2002,3.2007,3.2002,3.2007,3.2052,3.2057,3.2052,3.2057,4
2026-07-07 22:23:00,3.2002,3.2002,3.1987,3.1997,3.2052,3.2052,3.2037,3.2047,4
2026-07-07 22:24:00,3.2007,3.2007,3.2007,3.2007,3.2057,3.2057,3.2057,3.2057,1
2026-07-07 22:25:00,3.2017,3.2017,3.2012,3.2017,3.2067,3.2067,3.2062,3.2067,3
2026-07-07 22:26:00,3.2012,3.2012,3.1997,3.1997,3.2062,3.2062,3.2047,3.2047,3
2026-07-07 22:28:00,3.2007,3.2017,3.1997,3.2017,3.2057,3.2067,3.2047,3.2067,14
2026-07-07 22:29:00,3.2027,3.2027,3.2027,3.2027,3.2077,3.2077,3.2077,3.2077,1
2026-07-07 22:30:00,3.2017,3.2017,3.2017,3.2017,3.2067,3.2067,3.2067,3.2067,1
2026-07-07 22:31:00,3.2022,3.2047,3.2022,3.2047,3.2072,3.2097,3.2072,3.2097,5
2026-07-07 22:33:00,3.2042,3.2042,3.2042,3.2042,3.2092,3.2092,3.2092,3.2092,1
2026-07-07 22:34:00,3.2047,3.2067,3.2047,3.2067,3.2097,3.2117,3.2097,3.2117,10
2026-07-07 22:35:00,3.2082,3.2097,3.2072,3.2077,3.2132,3.2147,3.2122,3.2127,8
2026-07-07 22:36:00,3.2082,3.2087,3.2077,3.2087,3.2132,3.2137,3.2127,3.2137,4
2026-07-07 22:37:00,3.2082,3.2087,3.2077,3.2087,3.2132,3.2137,3.2127,3.2137,3
2026-07-07 22:38:00,3.2097,3.2097,3.2097,3.2097,3.2147,3.2147,3.2147,3.2147,1
2026-07-07 22:40:00,3.2092,3.2107,3.2092,3.2107,3.2142,3.2157,3.2142,3.2157,5
2026-07-07 22:42:00,3.2097,3.2097,3.2097,3.2097,3.2147,3.2147,3.2147,3.2147,1
2026-07-07 22:46:00,3.2087,3.2097,3.2087,3.2087,3.2137,3.2147,3.2137,3.2137,3
2026-07-07 22:48:00,3.2097,3.2097,3.2087,3.2087,3.2147,3.2147,3.2137,3.2137,3
2026-07-07 22:50:00,3.2097,3.2097,3.2097,3.2097,3.2147,3.2147,3.2147,3.2147,1
2026-07-07 22:51:00,3.2107,3.2117,3.2107,3.2117,3.2157,3.2167,3.2157,3.2167,2
2026-07-07 22:52:00,3.2127,3.2127,3.2097,3.2107,3.2177,3.2177,3.2147,3.2157,7
2026-07-07 22:53:00,3.2112,3.2147,3.2112,3.2137,3.2162,3.2197,3.2162,3.2187,7
2026-07-07 22:54:00,3.2132,3.2132,3.2122,3.2127,3.2182,3.2182,3.2172,3.2177,12
2026-07-07 22:55:00,3.2117,3.2137,3.2117,3.2137,3.2167,3.2187,3.2167,3.2187,10
2026-07-07 22:56:00,3.2132,3.2147,3.2117,3.2147,3.2182,3.2197,3.2167,3.2197,10
2026-07-07 22:57:00,3.2157,3.2197,3.2157,3.2197,3.2207,3.2247,3.2207,3.2247,21
2026-07-07 22:58:00,3.2187,3.2192,3.2177,3.2177,3.2237,3.2242,3.2227,3.2227,11
2026-07-07 22:59:00,3.2172,3.2287,3.2167,3.2278,3.2222,3.2328,3.2217,3.2328,36
2026-07-08 00:00:00,3.2263,3.2263,3.2213,3.2218,3.2313,3.2313,3.2263,3.2268,14
2026-07-08 00:01:00,3.2213,3.2213,3.2188,3.2188,3.2263,3.2263,3.2238,3.2238,4
2026-07-08 00:02:00,3.2193,3.2198,3.2178,3.2178,3.2243,3.2248,3.2228,3.2228,4
2026-07-08 00:03:00,3.2173,3.2173,3.2168,3.2168,3.2223,3.2223,3.2218,3.2218,2
2026-07-08 00:04:00,3.2173,3.2203,3.2173,3.2193,3.2223,3.2253,3.2223,3.2243,4
2026-07-08 00:05:00,3.2198,3.2198,3.2188,3.2188,3.2248,3.2248,3.2238,3.2238,3
2026-07-08 00:06:00,3.2193,3.2198,3.2178,3.2198,3.2243,3.2248,3.2228,3.2248,8
2026-07-08 00:07:00,3.2193,3.2193,3.2188,3.2193,3.2243,3.2243,3.2238,3.2243,3
2026-07-08 00:08:00,3.2188,3.2193,3.2188,3.2193,3.2238,3.2243,3.2238,3.2243,2
2026-07-08 00:10:00,3.2188,3.2188,3.2178,3.2178,3.2238,3.2238,3.2228,3.2228,3
2026-07-08 00:11:00,3.2183,3.2198,3.2183,3.2193,3.2233,3.2248,3.2233,3.2243,7
2026-07-08 00:12:00,3.2198,3.2198,3.2188,3.2188,3.2248,3.2248,3.2238,3.2238,2
2026-07-08 00:13:00,3.2198,3.2203,3.2198,3.2203,3.2248,3.2253,3.2248,3.2253,2
2026-07-08 00:14:00,3.2198,3.2198,3.2193,3.2193,3.2248,3.2248,3.2243,3.2243,2
2026-07-08 00:15:00,3.2198,3.2208,3.2178,3.2183,3.2248,3.2258,3.2228,3.2233,7
2026-07-08 00:16:00,3.2178,3.2178,3.2173,3.2173,3.2228,3.2228,3.2223,3.2223,2
2026-07-08 00:19:00,3.2168,3.2168,3.2153,3.2153,3.2218,3.2218,3.2203,3.2203,4
2026-07-08 00:20:00,3.2148,3.2148,3.2148,3.2148,3.2198,3.2198,3.2198,3.2198,1
2026-07-08 00:21:00,3.2153,3.2163,3.2153,3.2163,3.2203,3.2213,3.2203,3.2213,4
2026-07-08 00:22:00,3.2153,3.2163,3.2153,3.2163,3.2203,3.2213,3.2203,3.2213,3
2026-07-08 00:27:00,3.2173,3.2183,3.2168,3.2168,3.2223,3.2233,3.2218,3.2218,5
2026-07-08 00:30:00,3.2173,3.2178,3.2173,3.2178,3.2223,3.2228,3.2223,3.2228,2
2026-07-08 00:31:00,3.2183,3.2183,3.2178,3.2178,3.2233,3.2233,3.2228,3.2228,4
2026-07-08 00:32:00,3.2183,3.2183,3.2178,3.2178,3.2233,3.2233,3.2228,3.2228,2
2026-07-08 00:33:00,3.2183,3.2183,3.2183,3.2183,3.2233,3.2233,3.2233,3.2233,1
2026-07-08 00:34:00,3.2193,3.2193,3.2193,3.2193,3.2243,3.2243,3.2243,3.2243,1
2026-07-08 00:35:00,3.2188,3.2193,3.2188,3.2193,3.2238,3.2243,3.2238,3.2243,2
2026-07-08 00:36:00,3.2198,3.2198,3.2193,3.2193,3.2248,3.2248,3.2243,3.2243,4
2026-07-08 00:40:00,3.2198,3.2198,3.2178,3.2178,3.2248,3.2248,3.2228,3.2228,3
2026-07-08 00:41:00,3.2183,3.2188,3.2183,3.2188,3.2233,3.2238,3.2233,3.2238,2
2026-07-08 00:43:00,3.2193,3.2198,3.2188,3.2188,3.2243,3.2248,3.2238,3.2238,3
2026-07-08 00:44:00,3.2193,3.2193,3.2193,3.2193,3.2243,3.2243,3.2243,3.2243,1
2026-07-08 00:46:00,3.2183,3.2183,3.2178,3.2183,3.2233,3.2233,3.2228,3.2233,3
2026-07-08 00:47:00,3.2188,3.2188,3.2188,3.2188,3.2238,3.2238,3.2238,3.2238,1
2026-07-08 00:48:00,3.2178,3.2178,3.2178,3.2178,3.2228,3.2228,3.2228,3.2228,1
2026-07-08 00:50:00,3.2183,3.2183,3.2183,3.2183,3.2233,3.2233,3.2233,3.2233,1
2026-07-08 00:53:00,3.2188,3.2188,3.2188,3.2188,3.2238,3.2238,3.2238,3.2238,1
2026-07-08 00:54:00,3.2183,3.2183,3.2183,3.2183,3.2233,3.2233,3.2233,3.2233,1
2026-07-08 00:56:00,3.2178,3.2178,3.2178,3.2178,3.2228,3.2228,3.2228,3.2228,1
2026-07-08 00:57:00,3.2183,3.2183,3.2183,3.2183,3.2233,3.2233,3.2233,3.2233,1
2026-07-08 00:59:00,3.2178,3.2178,3.2178,3.2178,3.2228,3.2228,3.2228,3.2228,1
2026-07-08 01:00:00,3.2183,3.2183,3.2183,3.2183,3.2233,3.2233,3.2233,3.2233,1
2026-07-08 01:01:00,3.2178,3.2188,3.2178,3.2183,3.2228,3.2238,3.2228,3.2233,4
2026-07-08 01:03:00,3.2178,3.2178,3.2178,3.2178,3.2228,3.2228,3.2228,3.2228,1
2026-07-08 01:10:00,3.2183,3.2183,3.2178,3.2178,3.2233,3.2233,3.2228,3.2228,2
2026-07-08 01:11:00,3.2183,3.2183,3.2183,3.2183,3.2233,3.2233,3.2233,3.2233,1
2026-07-08 01:14:00,3.2188,3.2188,3.2188,3.2188,3.2238,3.2238,3.2238,3.2238,1
2026-07-08 01:15:00,3.2183,3.2183,3.2183,3.2183,3.2233,3.2233,3.2233,3.2233,1
2026-07-08 01:17:00,3.2188,3.2188,3.2183,3.2183,3.2238,3.2238,3.2233,3.2233,2
2026-07-08 01:19:00,3.2188,3.2188,3.2183,3.2188,3.2238,3.2238,3.2233,3.2238,3
2026-07-08 01:20:00,3.2183,3.2183,3.2183,3.2183,3.2233,3.2233,3.2233,3.2233,1
2026-07-08 01:22:00,3.2178,3.2188,3.2178,3.2188,3.2228,3.2238,3.2228,3.2238,2
2026-07-08 01:25:00,3.2183,3.2183,3.2178,3.2183,3.2233,3.2233,3.2228,3.2233,3
2026-07-08 01:26:00,3.2178,3.2178,3.2178,3.2178,3.2228,3.2228,3.2228,3.2228,1
2026-07-08 01:27:00,3.2183,3.2183,3.2178,3.2178,3.2233,3.2233,3.2228,3.2228,2
2026-07-08 01:34:00,3.2183,3.2193,3.2183,3.2188,3.2233,3.2243,3.2233,3.2238,3
2026-07-08 01:37:00,3.2198,3.2198,3.2188,3.2193,3.2248,3.2248,3.2238,3.2243,3
2026-07-08 01:38:00,3.2198,3.2198,3.2198,3.2198,3.2248,3.2248,3.2248,3.2248,1
2026-07-08 01:39:00,3.2213,3.2238,3.2208,3.2228,3.2263,3.2288,3.2258,3.2278,9
2026-07-08 01:41:00,3.2223,3.2223,3.2223,3.2223,3.2273,3.2273,3.2273,3.2273,1
2026-07-08 01:45:00,3.2218,3.2218,3.2203,3.2203,3.2268,3.2268,3.2253,3.2253,3
2026-07-08 01:47:00,3.2198,3.2198,3.2198,3.2198,3.2248,3.2248,3.2248,3.2248,1
2026-07-08 01:50:00,3.2188,3.2188,3.2188,3.2188,3.2238,3.2238,3.2238,3.2238,1
2026-07-08 01:51:00,3.2178,3.2198,3.2178,3.2193,3.2228,3.2248,3.2228,3.2243,6
2026-07-08 01:52:00,3.2188,3.2193,3.2188,3.2193,3.2238,3.2243,3.2238,3.2243,2
2026-07-08 01:53:00,3.2188,3.2193,3.2188,3.2193,3.2238,3.2243,3.2238,3.2243,2
2026-07-08 01:54:00,3.2188,3.2188,3.2188,3.2188,3.2238,3.2238,3.2238,3.2238,1
2026-07-08 01:56:00,3.2193,3.2193,3.2178,3.2188,3.2243,3.2243,3.2228,3.2238,4
2026-07-08 01:57:00,3.2183,3.2188,3.2158,3.2163,3.2233,3.2238,3.2208,3.2213,11
2026-07-08 01:58:00,3.2168,3.2168,3.2168,3.2168,3.2218,3.2218,3.2218,3.2218,1
2026-07-08 01:59:00,3.2178,3.2178,3.2178,3.2178,3.2228,3.2228,3.2228,3.2228,1
2026-07-08 02:00:00,3.2188,3.2203,3.2188,3.2203,3.2238,3.2253,3.2238,3.2253,8
2026-07-08 02:01:00,3.2198,3.2208,3.2198,3.2208,3.2248,3.2258,3.2248,3.2258,2
2026-07-08 02:02:00,3.2203,3.2203,3.2203,3.2203,3.2253,3.2253,3.2253,3.2253,1
2026-07-08 02:03:00,3.2208,3.2208,3.2208,3.2208,3.2258,3.2258,3.2258,3.2258,1
2026-07-08 02:04:00,3.2213,3.2218,3.2208,3.2218,3.2263,3.2268,3.2258,3.2268,4
2026-07-08 02:05:00,3.2223,3.2238,3.2223,3.2238,3.2273,3.2288,3.2273,3.2288,3
2026-07-08 02:06:00,3.2243,3.2243,3.2243,3.2243,3.2293,3.2293,3.2293,3.2293,1
2026-07-08 02:07:00,3.2248,3.2248,3.2248,3.2248,3.2298,3.2298,3.2298,3.2298,1
2026-07-08 02:08:00,3.2258,3.2268,3.2258,3.2268,3.2308,3.2318,3.2308,3.2318,3
2026-07-08 02:11:00,3.2258,3.2288,3.2258,3.2288,3.2308,3.2338,3.2308,3.2338,6
2026-07-08 02:12:00,3.2298,3.2298,3.2258,3.2268,3.2348,3.2348,3.2308,3.2318,9
2026-07-08 02:13:00,3.2273,3.2273,3.2268,3.2273,3.2323,3.2323,3.2318,3.2323,3
2026-07-08 02:14:00,3.2278,3.2283,3.2278,3.2283,3.2328,3.2333,3.2328,3.2333,2
2026-07-08 02:15:00,3.2278,3.2293,3.2278,3.2293,3.2328,3.2343,3.2328,3.2343,8
2026-07-08 02:16:00,3.2288,3.2298,3.2283,3.2288,3.2338,3.2348,3.2333,3.2338,6
2026-07-08 02:17:00,3.2283,3.2283,3.2283,3.2283,3.2333,3.2333,3.2333,3.2333,1
2026-07-08 02:18:00,3.2288,3.2288,3.2283,3.2283,3.2338,3.2338,3.2333,3.2333,4
2026-07-08 02:19:00,3.2288,3.2293,3.2283,3.2293,3.2338,3.2343,3.2333,3.2343,3
2026-07-08 02:20:00,3.2298,3.2298,3.2283,3.2283,3.2348,3.2348,3.2333,3.2333,2
2026-07-08 02:21:00,3.2288,3.2328,3.2288,3.2328,3.2338,3.2378,3.2338,3.2378,7
2026-07-08 02:22:00,3.2318,3.2318,3.2308,3.2313,3.2368,3.2368,3.2358,3.2363,7
2026-07-08 02:23:00,3.2308,3.2308,3.2308,3.2308,3.2358,3.2358,3.2358,3.2358,1
2026-07-08 02:24:00,3.2298,3.2298,3.2298,3.2298,3.2348,3.2348,3.2348,3.2348,1
2026-07-08 02:25:00,3.2293,3.2298,3.2258,3.2273,3.2343,3.2348,3.2308,3.2323,14
2026-07-08 02:26:00,3.2278,3.2278,3.2273,3.2273,3.2328,3.2328,3.2323,3.2323,2
2026-07-08 02:27:00,3.2278,3.2278,3.2278,3.2278,3.2328,3.2328,3.2328,3.2328,1
2026-07-08 02:28:00,3.2273,3.2273,3.2253,3.2258,3.2323,3.2323,3.2303,3.2308,5
2026-07-08 02:29:00,3.2268,3.2273,3.2268,3.2273,3.2318,3.2323,3.2318,3.2323,2
2026-07-08 02:30:00,3.2268,3.2268,3.2258,3.2268,3.2318,3.2318,3.2308,3.2318,3
2026-07-08 02:31:00,3.2273,3.2278,3.2273,3.2278,3.2323,3.2328,3.2323,3.2328,2
2026-07-08 02:32:00,3.2283,3.2283,3.2278,3.2283,3.2333,3.2333,3.2328,3.2333,3
2026-07-08 02:33:00,3.2288,3.2288,3.2288,3.2288,3.2338,3.2338,3.2338,3.2338,1
2026-07-08 02:34:00,3.2278,3.2283,3.2278,3.2278,3.2328,3.2333,3.2328,3.2328,3
2026-07-08 02:36:00,3.2268,3.2268,3.2238,3.2238,3.2318,3.2318,3.2288,3.2288,7
2026-07-08 02:40:00,3.2243,3.2248,3.2238,3.2238,3.2293,3.2298,3.2288,3.2288,4
2026-07-08 02:41:00,3.2243,3.2243,3.2243,3.2243,3.2293,3.2293,3.2293,3.2293,1
2026-07-08 02:42:00,3.2238,3.2238,3.2238,3.2238,3.2288,3.2288,3.2288,3.2288,1
2026-07-08 02:43:00,3.2248,3.2248,3.2238,3.2238,3.2298,3.2298,3.2288,3.2288,3
2026-07-08 02:46:00,3.2233,3.2233,3.2233,3.2233,3.2283,3.2283,3.2283,3.2283,1
2026-07-08 02:48:00,3.2228,3.2238,3.2228,3.2238,3.2278,3.2288,3.2278,3.2288,2
2026-07-08 02:50:00,3.2233,3.2233,3.2233,3.2233,3.2283,3.2283,3.2283,3.2283,1
2026-07-08 02:51:00,3.2228,3.2233,3.2228,3.2233,3.2278,3.2283,3.2278,3.2283,2
2026-07-08 02:52:00,3.2228,3.2228,3.2228,3.2228,3.2278,3.2278,3.2278,3.2278,1
2026-07-08 02:55:00,3.2218,3.2228,3.2218,3.2228,3.2268,3.2278,3.2268,3.2278,2
2026-07-08 02:57:00,3.2218,3.2218,3.2208,3.2218,3.2268,3.2268,3.2258,3.2268,3
2026-07-08 02:58:00,3.2228,3.2228,3.2218,3.2218,3.2278,3.2278,3.2268,3.2268,2
2026-07-08 02:59:00,3.2208,3.2228,3.2208,3.2228,3.2258,3.2278,3.2258,3.2278,4
2026-07-08 03:00:00,3.2223,3.2223,3.2158,3.2168,3.2273,3.2273,3.2208,3.2218,27
2026-07-08 03:01:00,3.2158,3.2168,3.2158,3.2163,3.2208,3.2218,3.2208,3.2213,8
2026-07-08 03:02:00,3.2168,3.2178,3.2158,3.2163,3.2218,3.2228,3.2208,3.2213,13
2026-07-08 03:03:00,3.2158,3.2163,3.2158,3.2158,3.2208,3.2213,3.2208,3.2208,3
2026-07-08 03:04:00,3.2163,3.2163,3.2163,3.2163,3.2213,3.2213,3.2213,3.2213,1
2026-07-08 03:05:00,3.2168,3.2218,3.2168,3.2218,3.2218,3.2268,3.2218,3.2268,13
2026-07-08 03:06:00,3.2228,3.2233,3.2228,3.2233,3.2278,3.2283,3.2278,3.2283,2
2026-07-08 03:07:00,3.2238,3.2258,3.2238,3.2258,3.2288,3.2308,3.2288,3.2308,9
2026-07-08 03:08:00,3.2253,3.2253,3.2253,3.2253,3.2303,3.2303,3.2303,3.2303,1
2026-07-08 03:10:00,3.2258,3.2258,3.2258,3.2258,3.2308,3.2308,3.2308,3.2308,1
2026-07-08 03:11:00,3.2248,3.2248,3.2238,3.2238,3.2298,3.2298,3.2288,3.2288,4
2026-07-08 03:12:00,3.2243,3.2248,3.2238,3.2243,3.2293,3.2298,3.2288,3.2293,5
2026-07-08 03:13:00,3.2238,3.2248,3.2238,3.2243,3.2288,3.2298,3.2288,3.2293,3
2026-07-08 03:14:00,3.2248,3.2248,3.2248,3.2248,3.2298,3.2298,3.2298,3.2298,1
2026-07-08 03:15:00,3.2243,3.2243,3.2238,3.2238,3.2293,3.2293,3.2288,3.2288,4
2026-07-08 03:18:00,3.2243,3.2243,3.2243,3.2243,3.2293,3.2293,3.2293,3.2293,1
2026-07-08 03:19:00,3.2248,3.2248,3.2238,3.2238,3.2298,3.2298,3.2288,3.2288,3
2026-07-08 03:20:00,3.2243,3.2248,3.2243,3.2248,3.2293,3.2298,3.2293,3.2298,2
2026-07-08 03:21:00,3.2243,3.2248,3.2238,3.2243,3.2293,3.2298,3.2288,3.2293,5
2026-07-08 03:23:00,3.2238,3.2248,3.2238,3.2238,3.2288,3.2298,3.2288,3.2288,4
2026-07-08 03:25:00,3.2243,3.2243,3.2238,3.2238,3.2293,3.2293,3.2288,3.2288,2
2026-07-08 03:26:00,3.2248,3.2248,3.2248,3.2248,3.2298,3.2298,3.2298,3.2298,1
2026-07-08 03:27:00,3.2253,3.2253,3.2248,3.2248,3.2303,3.2303,3.2298,3.2298,2
2026-07-08 03:30:00,3.2258,3.2268,3.2258,3.2268,3.2308,3.2318,3.2308,3.2318,2
2026-07-08 03:32:00,3.2263,3.2263,3.2253,3.2253,3.2313,3.2313,3.2303,3.2303,5
2026-07-08 03:33:00,3.2248,3.2253,3.2248,3.2253,3.2298,3.2303,3.2298,3.2303,2
2026-07-08 03:34:00,3.2258,3.2258,3.2253,3.2258,3.2308,3.2308,3.2303,3.2308,7
2026-07-08 03:35:00,3.2248,3.2248,3.2248,3.2248,3.2298,3.2298,3.2298,3.2298,1
2026-07-08 03:37:00,3.2258,3.2268,3.2258,3.2258,3.2308,3.2318,3.2308,3.2308,4
2026-07-08 03:41:00,3.2268,3.2268,3.2248,3.2248,3.2318,3.2318,3.2298,3.2298,3
2026-07-08 03:42:00,3.2243,3.2248,3.2243,3.2248,3.2293,3.2298,3.2293,3.2298,2
2026-07-08 03:43:00,3.2253,3.2253,3.2253,3.2253,3.2303,3.2303,3.2303,3.2303,1
2026-07-08 03:44:00,3.2248,3.2248,3.2243,3.2243,3.2298,3.2298,3.2293,3.2293,4
2026-07-08 03:45:00,3.2238,3.2238,3.2238,3.2238,3.2288,3.2288,3.2288,3.2288,1
2026-07-08 03:46:00,3.2243,3.2243,3.2243,3.2243,3.2293,3.2293,3.2293,3.2293,1
2026-07-08 03:47:00,3.2248,3.2248,3.2243,3.2248,3.2298,3.2298,3.2293,3.2298,3
2026-07-08 03:50:00,3.2243,3.2248,3.2243,3.2248,3.2293,3.2298,3.2293,3.2298,2
2026-07-08 03:53:00,3.2243,3.2243,3.2238,3.2243,3.2293,3.2293,3.2288,3.2293,3
2026-07-08 03:54:00,3.2248,3.2248,3.2243,3.2243,3.2298,3.2298,3.2293,3.2293,2
2026-07-08 03:55:00,3.2248,3.2248,3.2243,3.2243,3.2298,3.2298,3.2293,3.2293,2
2026-07-08 03:56:00,3.2248,3.2248,3.2243,3.2248,3.2298,3.2298,3.2293,3.2298,9
2026-07-08 03:57:00,3.2243,3.2248,3.2243,3.2243,3.2293,3.2298,3.2293,3.2293,9
2026-07-08 03:58:00,3.2248,3.2248,3.2243,3.2243,3.2298,3.2298,3.2293,3.2293,2
2026-07-08 03:59:00,3.2248,3.2248,3.2243,3.2243,3.2298,3.2298,3.2293,3.2293,2
2026-07-08 04:00:00,3.2238,3.2248,3.2238,3.2248,3.2288,3.2298,3.2288,3.2298,6
2026-07-08 04:01:00,3.2258,3.2258,3.2248,3.2248,3.2308,3.2308,3.2298,3.2298,4
2026-07-08 04:03:00,3.2243,3.2248,3.2243,3.2243,3.2293,3.2298,3.2293,3.2293,3
2026-07-08 04:05:00,3.2248,3.2248,3.2248,3.2248,3.2298,3.2298,3.2298,3.2298,1
2026-07-08 04:06:00,3.2258,3.2263,3.2253,3.2258,3.2308,3.2313,3.2303,3.2308,4
2026-07-08 04:07:00,3.2263,3.2263,3.2258,3.2263,3.2313,3.2313,3.2308,3.2313,3
2026-07-08 04:08:00,3.2258,3.2258,3.2253,3.2253,3.2308,3.2308,3.2303,3.2303,2
2026-07-08 04:10:00,3.2258,3.2258,3.2258,3.2258,3.2308,3.2308,3.2308,3.2308,1
2026-07-08 04:11:00,3.2263,3.2268,3.2263,3.2268,3.2313,3.2318,3.2313,3.2318,2
2026-07-08 04:12:00,3.2273,3.2273,3.2268,3.2268,3.2323,3.2323,3.2318,3.2318,2
2026-07-08 04:13:00,3.2273,3.2273,3.2273,3.2273,3.2323,3.2323,3.2323,3.2323,1
2026-07-08 04:14:00,3.2278,3.2278,3.2263,3.2263,3.2328,3.2328,3.2313,3.2313,4
2026-07-08 04:16:00,3.2268,3.2268,3.2268,3.2268,3.2318,3.2318,3.2318,3.2318,1
2026-07-08 04:18:00,3.2278,3.2278,3.2273,3.2278,3.2328,3.2328,3.2323,3.2328,3
2026-07-08 04:19:00,3.2268,3.2278,3.2268,3.2278,3.2318,3.2328,3.2318,3.2328,2
2026-07-08 04:20:00,3.2268,3.2273,3.2268,3.2273,3.2318,3.2323,3.2318,3.2323,2
2026-07-08 04:23:00,3.2268,3.2268,3.2268,3.2268,3.2318,3.2318,3.2318,3.2318,1
2026-07-08 04:25:00,3.2273,3.2273,3.2268,3.2273,3.2323,3.2323,3.2318,3.2323,3
2026-07-08 04:27:00,3.2278,3.2288,3.2278,3.2278,3.2328,3.2338,3.2328,3.2328,3
2026-07-08 04:30:00,3.2268,3.2268,3.2258,3.2268,3.2318,3.2318,3.2308,3.2318,8
2026-07-08 04:31:00,3.2263,3.2268,3.2263,3.2268,3.2313,3.2318,3.2313,3.2318,2
2026-07-08 04:35:00,3.2278,3.2298,3.2278,3.2288,3.2328,3.2348,3.2328,3.2338,4
2026-07-08 04:36:00,3.2278,3.2278,3.2268,3.2278,3.2328,3.2328,3.2318,3.2328,4
2026-07-08 04:37:00,3.2288,3.2288,3.2268,3.2268,3.2338,3.2338,3.2318,3.2318,8
2026-07-08 04:38:00,3.2258,3.2268,3.2258,3.2263,3.2308,3.2318,3.2308,3.2313,3
2026-07-08 04:39:00,3.2258,3.2258,3.2258,3.2258,3.2308,3.2308,3.2308,3.2308,1
2026-07-08 04:40:00,3.2268,3.2268,3.2268,3.2268,3.2318,3.2318,3.2318,3.2318,1
2026-07-08 04:41:00,3.2278,3.2278,3.2273,3.2273,3.2328,3.2328,3.2323,3.2323,2
2026-07-08 04:43:00,3.2268,3.2268,3.2268,3.2268,3.2318,3.2318,3.2318,3.2318,1
2026-07-08 04:47:00,3.2278,3.2288,3.2278,3.2288,3.2328,3.2338,3.2328,3.2338,3
2026-07-08 04:48:00,3.2283,3.2283,3.2283,3.2283,3.2333,3.2333,3.2333,3.2333,1
2026-07-08 04:49:00,3.2278,3.2278,3.2278,3.2278,3.2328,3.2328,3.2328,3.2328,1
2026-07-08 04:52:00,3.2273,3.2273,3.2273,3.2273,3.2323,3.2323,3.2323,3.2323,1
2026-07-08 04:55:00,3.2268,3.2273,3.2268,3.2273,3.2318,3.2323,3.2318,3.2323,2
2026-07-08 04:56:00,3.2268,3.2268,3.2268,3.2268,3.2318,3.2318,3.2318,3.2318,1
2026-07-08 05:00:00,3.2258,3.2258,3.2248,3.2258,3.2308,3.2308,3.2298,3.2308,7
2026-07-08 05:02:00,3.2253,3.2253,3.2253,3.2253,3.2303,3.2303,3.2303,3.2303,1
2026-07-08 05:03:00,3.2248,3.2253,3.2248,3.2253,3.2298,3.2303,3.2298,3.2303,2
2026-07-08 05:04:00,3.2248,3.2258,3.2248,3.2258,3.2298,3.2308,3.2298,3.2308,3
2026-07-08 05:10:00,3.2253,3.2253,3.2248,3.2248,3.2303,3.2303,3.2298,3.2298,2
2026-07-08 05:11:00,3.2238,3.2243,3.2238,3.2243,3.2288,3.2293,3.2288,3.2293,2
2026-07-08 05:13:00,3.2238,3.2248,3.2238,3.2248,3.2288,3.2298,3.2288,3.2298,3
2026-07-08 05:16:00,3.2243,3.2248,3.2243,3.2248,3.2293,3.2298,3.2293,3.2298,2
2026-07-08 05:17:00,3.2243,3.2248,3.2243,3.2248,3.2293,3.2298,3.2293,3.2298,2
2026-07-08 05:18:00,3.2243,3.2248,3.2238,3.2248,3.2293,3.2298,3.2288,3.2298,3
2026-07-08 05:24:00,3.2253,3.2268,3.2253,3.2268,3.2303,3.2318,3.2303,3.2318,3
2026-07-08 05:27:00,3.2278,3.2278,3.2258,3.2268,3.2328,3.2328,3.2308,3.2318,6
2026-07-08 05:28:00,3.2278,3.2278,3.2258,3.2258,3.2328,3.2328,3.2308,3.2308,4
2026-07-08 05:29:00,3.2268,3.2273,3.2268,3.2268,3.2318,3.2323,3.2318,3.2318,3
2026-07-08 05:30:00,3.2263,3.2263,3.2228,3.2228,3.2313,3.2313,3.2278,3.2278,12
2026-07-08 05:31:00,3.2238,3.2248,3.2233,3.2238,3.2288,3.2298,3.2283,3.2288,6
2026-07-08 05:32:00,3.2243,3.2248,3.2238,3.2243,3.2293,3.2298,3.2288,3.2293,7
2026-07-08 05:33:00,3.2238,3.2293,3.2238,3.2288,3.2288,3.2343,3.2288,3.2338,12
2026-07-08 05:34:00,3.2298,3.2298,3.2288,3.2298,3.2348,3.2348,3.2338,3.2348,7
2026-07-08 05:35:00,3.2288,3.2288,3.2288,3.2288,3.2338,3.2338,3.2338,3.2338,1
2026-07-08 05:36:00,3.2278,3.2288,3.2278,3.2288,3.2328,3.2338,3.2328,3.2338,3
2026-07-08 05:39:00,3.2283,3.2283,3.2283,3.2283,3.2333,3.2333,3.2333,3.2333,1
2026-07-08 05:40:00,3.2268,3.2268,3.2248,3.2258,3.2318,3.2318,3.2298,3.2308,9
2026-07-08 05:41:00,3.2253,3.2253,3.2248,3.2248,3.2303,3.2303,3.2298,3.2298,2
2026-07-08 05:42:00,3.2258,3.2258,3.2248,3.2258,3.2308,3.2308,3.2298,3.2308,4
2026-07-08 05:46:00,3.2253,3.2258,3.2253,3.2258,3.2303,3.2308,3.2303,3.2308,2
2026-07-08 05:47:00,3.2248,3.2263,3.2248,3.2258,3.2298,3.2313,3.2298,3.2308,6
2026-07-08 05:48:00,3.2268,3.2268,3.2268,3.2268,3.2318,3.2318,3.2318,3.2318,1
2026-07-08 05:49:00,3.2263,3.2273,3.2263,3.2268,3.2313,3.2323,3.2313,3.2318,4
2026-07-08 05:50:00,3.2258,3.2263,3.2258,3.2263,3.2308,3.2313,3.2308,3.2313,2
2026-07-08 05:51:00,3.2268,3.2268,3.2248,3.2248,3.2318,3.2318,3.2298,3.2298,3
2026-07-08 05:52:00,3.2238,3.2248,3.2238,3.2243,3.2288,3.2298,3.2288,3.2293,8
2026-07-08 05:53:00,3.2248,3.2248,3.2243,3.2243,3.2298,3.2298,3.2293,3.2293,2
2026-07-08 05:54:00,3.2248,3.2248,3.2238,3.2248,3.2298,3.2298,3.2288,3.2298,6
2026-07-08 05:55:00,3.2243,3.2243,3.2228,3.2233,3.2293,3.2293,3.2278,3.2283,6
2026-07-08 05:56:00,3.2238,3.2238,3.2218,3.2228,3.2288,3.2288,3.2268,3.2278,5
2026-07-08 05:57:00,3.2238,3.2238,3.2238,3.2238,3.2288,3.2288,3.2288,3.2288,1
2026-07-08 05:58:00,3.2248,3.2248,3.2248,3.2248,3.2298,3.2298,3.2298,3.2298,1
2026-07-08 05:59:00,3.2238,3.2243,3.2238,3.2243,3.2288,3.2293,3.2288,3.2293,2
2026-07-08 06:00:00,3.2238,3.2248,3.2238,3.2243,3.2288,3.2298,3.2288,3.2293,5
2026-07-08 06:01:00,3.2238,3.2238,3.2238,3.2238,3.2288,3.2288,3.2288,3.2288,1
2026-07-08 06:02:00,3.2228,3.2228,3.2228,3.2228,3.2278,3.2278,3.2278,3.2278,1
2026-07-08 06:03:00,3.2223,3.2228,3.2223,3.2228,3.2273,3.2278,3.2273,3.2278,4
2026-07-08 06:04:00,3.2218,3.2218,3.2218,3.2218,3.2268,3.2268,3.2268,3.2268,1
2026-07-08 06:05:00,3.2213,3.2213,3.2213,3.2213,3.2263,3.2263,3.2263,3.2263,1
2026-07-08 06:06:00,3.2208,3.2218,3.2208,3.2218,3.2258,3.2268,3.2258,3.2268,2
2026-07-08 06:07:00,3.2228,3.2228,3.2198,3.2198,3.2278,3.2278,3.2248,3.2248,5
2026-07-08 06:09:00,3.2188,3.2198,3.2178,3.2188,3.2238,3.2248,3.2228,3.2238,15
2026-07-08 06:10:00,3.2178,3.2178,3.2138,3.2148,3.2228,3.2228,3.2188,3.2198,20
2026-07-08 06:11:00,3.2158,3.2158,3.2158,3.2158,3.2208,3.2208,3.2208,3.2208,1
2026-07-08 06:12:00,3.2168,3.2168,3.2168,3.2168,3.2218,3.2218,3.2218,3.2218,1
2026-07-08 06:13:00,3.2178,3.2188,3.2168,3.2188,3.2228,3.2238,3.2218,3.2238,5
2026-07-08 06:14:00,3.2183,3.2183,3.2183,3.2183,3.2233,3.2233,3.2233,3.2233,1
2026-07-08 06:15:00,3.2188,3.2188,3.2188,3.2188,3.2238,3.2238,3.2238,3.2238,1
2026-07-08 06:17:00,3.2198,3.2198,3.2168,3.2168,3.2248,3.2248,3.2218,3.2218,10
2026-07-08 06:18:00,3.2163,3.2168,3.2163,3.2168,3.2213,3.2218,3.2213,3.2218,2
2026-07-08 06:20:00,3.2178,3.2188,3.2178,3.2188,3.2228,3.2238,3.2228,3.2238,2
2026-07-08 06:21:00,3.2193,3.2198,3.2188,3.2198,3.2243,3.2248,3.2238,3.2248,3
2026-07-08 06:23:00,3.2188,3.2188,3.2168,3.2168,3.2238,3.2238,3.2218,3.2218,3
2026-07-08 06:24:00,3.2173,3.2173,3.2168,3.2168,3.2223,3.2223,3.2218,3.2218,2
2026-07-08 06:25:00,3.2158,3.2168,3.2158,3.2168,3.2208,3.2218,3.2208,3.2218,2
2026-07-08 06:27:00,3.2163,3.2188,3.2158,3.2183,3.2213,3.2238,3.2208,3.2233,7
2026-07-08 06:28:00,3.2188,3.2188,3.2183,3.2183,3.2238,3.2238,3.2233,3.2233,2
2026-07-08 06:29:00,3.2188,3.2188,3.2183,3.2183,3.2238,3.2238,3.2233,3.2233,4
2026-07-08 06:30:00,3.2178,3.2178,3.2178,3.2178,3.2228,3.2228,3.2228,3.2228,1
2026-07-08 06:32:00,3.2188,3.2188,3.2188,3.2188,3.2238,3.2238,3.2238,3.2238,1
2026-07-08 06:34:00,3.2198,3.2198,3.2188,3.2198,3.2248,3.2248,3.2238,3.2248,3
2026-07-08 06:35:00,3.2193,3.2193,3.2188,3.2188,3.2243,3.2243,3.2238,3.2238,2
2026-07-08 06:38:00,3.2198,3.2198,3.2188,3.2188,3.2248,3.2248,3.2238,3.2238,2
2026-07-08 06:43:00,3.2178,3.2208,3.2178,3.2208,3.2228,3.2258,3.2228,3.2258,5
2026-07-08 06:44:00,3.2218,3.2218,3.2218,3.2218,3.2268,3.2268,3.2268,3.2268,1
2026-07-08 06:45:00,3.2223,3.2228,3.2218,3.2218,3.2273,3.2278,3.2268,3.2268,5
2026-07-08 06:46:00,3.2213,3.2218,3.2213,3.2218,3.2263,3.2268,3.2263,3.2268,2
2026-07-08 06:48:00,3.2223,3.2228,3.2223,3.2228,3.2273,3.2278,3.2273,3.2278,2
2026-07-08 06:49:00,3.2238,3.2238,3.2228,3.2228,3.2288,3.2288,3.2278,3.2278,8
2026-07-08 06:50:00,3.2238,3.2248,3.2238,3.2238,3.2288,3.2298,3.2288,3.2288,5
2026-07-08 06:51:00,3.2248,3.2248,3.2248,3.2248,3.2298,3.2298,3.2298,3.2298,1
2026-07-08 06:56:00,3.2253,3.2253,3.2248,3.2253,3.2303,3.2303,3.2298,3.2303,3
2026-07-08 06:57:00,3.2258,3.2308,3.2258,3.2268,3.2308,3.2358,3.2308,3.2318,20
2026-07-08 06:58:00,3.2278,3.2278,3.2268,3.2268,3.2328,3.2328,3.2318,3.2318,5
2026-07-08 07:00:00,3.2278,3.2278,3.2258,3.2268,3.2328,3.2328,3.2308,3.2318,6
2026-07-08 07:01:00,3.2278,3.2278,3.2258,3.2278,3.2328,3.2328,3.2308,3.2328,9
2026-07-08 07:02:00,3.2288,3.2293,3.2278,3.2278,3.2338,3.2343,3.2328,3.2328,6
2026-07-08 07:04:00,3.2268,3.2268,3.2258,3.2268,3.2318,3.2318,3.2308,3.2318,3
2026-07-08 07:05:00,3.2273,3.2278,3.2273,3.2278,3.2323,3.2328,3.2323,3.2328,2
2026-07-08 07:06:00,3.2268,3.2268,3.2268,3.2268,3.2318,3.2318,3.2318,3.2318,1
2026-07-08 07:07:00,3.2273,3.2273,3.2268,3.2268,3.2323,3.2323,3.2318,3.2318,2
2026-07-08 07:08:00,3.2278,3.2278,3.2268,3.2268,3.2328,3.2328,3.2318,3.2318,3
2026-07-08 07:10:00,3.2258,3.2268,3.2248,3.2258,3.2308,3.2318,3.2298,3.2308,8
2026-07-08 07:11:00,3.2268,3.2268,3.2258,3.2268,3.2318,3.2318,3.2308,3.2318,9
2026-07-08 07:13:00,3.2278,3.2278,3.2278,3.2278,3.2328,3.2328,3.2328,3.2328,1
2026-07-08 07:14:00,3.2283,3.2283,3.2283,3.2283,3.2333,3.2333,3.2333,3.2333,1
2026-07-08 07:15:00,3.2278,3.2278,3.2278,3.2278,3.2328,3.2328,3.2328,3.2328,1
2026-07-08 07:20:00,3.2288,3.2298,3.2288,3.2288,3.2338,3.2348,3.2338,3.2338,4
2026-07-08 07:21:00,3.2298,3.2298,3.2288,3.2288,3.2348,3.2348,3.2338,3.2338,5
2026-07-08 07:23:00,3.2298,3.2298,3.2298,3.2298,3.2348,3.2348,3.2348,3.2348,1
2026-07-08 07:24:00,3.2288,3.2288,3.2288,3.2288,3.2338,3.2338,3.2338,3.2338,1
2026-07-08 07:25:00,3.2278,3.2283,3.2273,3.2273,3.2328,3.2333,3.2323,3.2323,4
2026-07-08 07:26:00,3.2278,3.2278,3.2258,3.2258,3.2328,3.2328,3.2308,3.2308,4
2026-07-08 07:27:00,3.2268,3.2268,3.2268,3.2268,3.2318,3.2318,3.2318,3.2318,1
2026-07-08 07:28:00,3.2278,3.2278,3.2268,3.2273,3.2328,3.2328,3.2318,3.2323,4
2026-07-08 07:29:00,3.2268,3.2268,3.2253,3.2253,3.2318,3.2318,3.2303,3.2303,5
2026-07-08 07:30:00,3.2248,3.2268,3.2248,3.2248,3.2298,3.2318,3.2298,3.2298,14
2026-07-08 07:31:00,3.2243,3.2243,3.2238,3.2243,3.2293,3.2293,3.2288,3.2293,3
2026-07-08 07:33:00,3.2238,3.2243,3.2238,3.2243,3.2288,3.2293,3.2288,3.2293,2
2026-07-08 07:34:00,3.2238,3.2238,3.2238,3.2238,3.2288,3.2288,3.2288,3.2288,1
2026-07-08 07:35:00,3.2228,3.2228,3.2208,3.2208,3.2278,3.2278,3.2258,3.2258,9
2026-07-08 07:36:00,3.2213,3.2213,3.2208,3.2208,3.2263,3.2263,3.2258,3.2258,2
2026-07-08 07:37:00,3.2203,3.2208,3.2198,3.2198,3.2253,3.2258,3.2248,3.2248,6
2026-07-08 07:38:00,3.2188,3.2188,3.2173,3.2178,3.2238,3.2238,3.2223,3.2228,9
2026-07-08 07:39:00,3.2183,3.2188,3.2183,3.2188,3.2233,3.2238,3.2233,3.2238,2
2026-07-08 07:40:00,3.2178,3.2178,3.2173,3.2178,3.2228,3.2228,3.2223,3.2228,3
2026-07-08 07:41:00,3.2168,3.2178,3.2168,3.2178,3.2218,3.2228,3.2218,3.2228,2
2026-07-08 07:42:00,3.2183,3.2188,3.2178,3.2188,3.2233,3.2238,3.2228,3.2238,4
2026-07-08 07:43:00,3.2193,3.2193,3.2188,3.2188,3.2243,3.2243,3.2238,3.2238,4
2026-07-08 07:44:00,3.2198,3.2198,3.2188,3.2198,3.2248,3.2248,3.2238,3.2248,5
2026-07-08 07:45:00,3.2208,3.2208,3.2198,3.2208,3.2258,3.2258,3.2248,3.2258,4
2026-07-08 07:46:00,3.2198,3.2228,3.2198,3.2208,3.2248,3.2278,3.2248,3.2258,8
2026-07-08 07:47:00,3.2203,3.2203,3.2188,3.2188,3.2253,3.2253,3.2238,3.2238,4
2026-07-08 07:48:00,3.2193,3.2208,3.2193,3.2208,3.2243,3.2258,3.2243,3.2258,4
2026-07-08 07:49:00,3.2213,3.2213,3.2208,3.2208,3.2263,3.2263,3.2258,3.2258,2
2026-07-08 07:50:00,3.2213,3.2218,3.2213,3.2218,3.2263,3.2268,3.2263,3.2268,2
2026-07-08 07:52:00,3.2228,3.2248,3.2228,3.2248,3.2278,3.2298,3.2278,3.2298,5
2026-07-08 07:53:00,3.2238,3.2238,3.2233,3.2238,3.2288,3.2288,3.2283,3.2288,5
2026-07-08 07:55:00,3.2248,3.2248,3.2238,3.2248,3.2298,3.2298,3.2288,3.2298,8
2026-07-08 07:57:00,3.2258,3.2268,3.2258,3.2263,3.2308,3.2318,3.2308,3.2313,9
2026-07-08 07:58:00,3.2268,3.2273,3.2258,3.2258,3.2318,3.2323,3.2308,3.2308,4
2026-07-08 07:59:00,3.2248,3.2248,3.2248,3.2248,3.2298,3.2298,3.2298,3.2298,1
2026-07-08 08:00:00,3.2258,3.2278,3.2258,3.2268,3.2308,3.2328,3.2308,3.2318,4
2026-07-08 08:01:00,3.2258,3.2258,3.2248,3.2258,3.2308,3.2308,3.2298,3.2308,4
2026-07-08 08:02:00,3.2268,3.2298,3.2268,3.2283,3.2318,3.2348,3.2318,3.2333,24
2026-07-08 08:03:00,3.2278,3.2298,3.2278,3.2288,3.2328,3.2348,3.2328,3.2338,22
2026-07-08 08:04:00,3.2298,3.2298,3.2288,3.2288,3.2348,3.2348,3.2338,3.2338,2
2026-07-08 08:05:00,3.2283,3.2288,3.2283,3.2288,3.2333,3.2338,3.2333,3.2338,4
2026-07-08 08:06:00,3.2298,3.2338,3.2298,3.2318,3.2348,3.2388,3.2348,3.2368,8
2026-07-08 08:07:00,3.2313,3.2313,3.2298,3.2308,3.2363,3.2363,3.2348,3.2358,4
2026-07-08 08:09:00,3.2303,3.2308,3.2298,3.2308,3.2353,3.2358,3.2348,3.2358,5
2026-07-08 08:10:00,3.2313,3.2328,3.2308,3.2328,3.2363,3.2378,3.2358,3.2378,12
2026-07-08 08:11:00,3.2323,3.2338,3.2318,3.2333,3.2373,3.2388,3.2368,3.2383,7
2026-07-08 08:12:00,3.2338,3.2348,3.2328,3.2348,3.2388,3.2398,3.2378,3.2398,11
2026-07-08 08:13:00,3.2343,3.2348,3.2318,3.2323,3.2393,3.2398,3.2368,3.2373,18
2026-07-08 08:14:00,3.2328,3.2338,3.2318,3.2328,3.2378,3.2388,3.2368,3.2378,10
2026-07-08 08:15:00,3.2338,3.2358,3.2338,3.2358,3.2388,3.2408,3.2388,3.2408,5
2026-07-08 08:16:00,3.2348,3.2348,3.2298,3.2303,3.2398,3.2398,3.2348,3.2353,7
2026-07-08 08:17:00,3.2308,3.2308,3.2293,3.2293,3.2358,3.2358,3.2343,3.2343,3
2026-07-08 08:18:00,3.2298,3.2308,3.2288,3.2303,3.2348,3.2358,3.2338,3.2353,6
2026-07-08 08:19:00,3.2308,3.2318,3.2308,3.2308,3.2358,3.2368,3.2358,3.2358,13
2026-07-08 08:20:00,3.2298,3.2303,3.2298,3.2298,3.2348,3.2353,3.2348,3.2348,3
2026-07-08 08:21:00,3.2288,3.2298,3.2288,3.2288,3.2338,3.2348,3.2338,3.2338,4
2026-07-08 08:22:00,3.2283,3.2293,3.2278,3.2278,3.2333,3.2343,3.2328,3.2328,9
2026-07-08 08:23:00,3.2288,3.2288,3.2278,3.2278,3.2338,3.2338,3.2328,3.2328,9
2026-07-08 08:24:00,3.2268,3.2268,3.2268,3.2268,3.2318,3.2318,3.2318,3.2318,1
2026-07-08 08:25:00,3.2258,3.2258,3.2238,3.2238,3.2308,3.2308,3.2288,3.2288,10
2026-07-08 08:26:00,3.2233,3.2238,3.2233,3.2233,3.2283,3.2288,3.2283,3.2283,5
2026-07-08 08:27:00,3.2228,3.2238,3.2228,3.2228,3.2278,3.2288,3.2278,3.2278,4
2026-07-08 08:28:00,3.2233,3.2238,3.2228,3.2228,3.2283,3.2288,3.2278,3.2278,6
2026-07-08 08:29:00,3.2223,3.2228,3.2208,3.2218,3.2273,3.2278,3.2258,3.2268,6
2026-07-08 08:30:00,3.2228,3.2238,3.2218,3.2218,3.2278,3.2288,3.2268,3.2268,8
2026-07-08 08:31:00,3.2223,3.2223,3.2208,3.2218,3.2273,3.2273,3.2258,3.2268,4
2026-07-08 08:32:00,3.2208,3.2208,3.2168,3.2178,3.2258,3.2258,3.2218,3.2228,16
2026-07-08 08:33:00,3.2188,3.2208,3.2188,3.2198,3.2238,3.2258,3.2238,3.2248,5
2026-07-08 08:34:00,3.2208,3.2208,3.2198,3.2203,3.2258,3.2258,3.2248,3.2253,3
2026-07-08 08:35:00,3.2208,3.2218,3.2208,3.2208,3.2258,3.2268,3.2258,3.2258,9
2026-07-08 08:36:00,3.2198,3.2208,3.2198,3.2208,3.2248,3.2258,3.2248,3.2258,2
2026-07-08 08:37:00,3.2218,3.2218,3.2198,3.2198,3.2268,3.2268,3.2248,3.2248,7
2026-07-08 08:38:00,3.2208,3.2208,3.2188,3.2198,3.2258,3.2258,3.2238,3.2248,7
2026-07-08 08:40:00,3.2188,3.2188,3.2188,3.2188,3.2238,3.2238,3.2238,3.2238,1
2026-07-08 08:41:00,3.2198,3.2208,3.2198,3.2198,3.2248,3.2258,3.2248,3.2248,6
2026-07-08 08:42:00,3.2193,3.2208,3.2178,3.2208,3.2243,3.2258,3.2228,3.2258,7
2026-07-08 08:43:00,3.2203,3.2238,3.2198,3.2223,3.2253,3.2288,3.2248,3.2273,10
2026-07-08 08:44:00,3.2228,3.2228,3.2218,3.2218,3.2278,3.2278,3.2268,3.2268,5
2026-07-08 08:45:00,3.2228,3.2228,3.2218,3.2223,3.2278,3.2278,3.2268,3.2273,5
2026-07-08 08:46:00,3.2233,3.2243,3.2233,3.2238,3.2283,3.2293,3.2283,3.2288,6
2026-07-08 08:47:00,3.2233,3.2238,3.2213,3.2218,3.2283,3.2288,3.2263,3.2268,6
2026-07-08 08:48:00,3.2213,3.2228,3.2213,3.2228,3.2263,3.2278,3.2263,3.2278,3
2026-07-08 08:49:00,3.2233,3.2238,3.2223,3.2223,3.2283,3.2288,3.2273,3.2273,7
2026-07-08 08:50:00,3.2228,3.2238,3.2223,3.2228,3.2278,3.2288,3.2273,3.2278,14
2026-07-08 08:51:00,3.2238,3.2238,3.2218,3.2218,3.2288,3.2288,3.2268,3.2268,5
2026-07-08 08:52:00,3.2228,3.2248,3.2228,3.2248,3.2278,3.2298,3.2278,3.2298,5
2026-07-08 08:53:00,3.2258,3.2273,3.2258,3.2273,3.2308,3.2323,3.2308,3.2323,5
2026-07-08 08:54:00,3.2278,3.2303,3.2263,3.2288,3.2328,3.2353,3.2313,3.2338,25
2026-07-08 08:55:00,3.2293,3.2298,3.2258,3.2293,3.2343,3.2348,3.2308,3.2343,19
2026-07-08 08:56:00,3.2298,3.2328,3.2298,3.2328,3.2348,3.2378,3.2348,3.2378,24
2026-07-08 08:57:00,3.2338,3.2378,3.2338,3.2358,3.2388,3.2428,3.2388,3.2408,23
2026-07-08 08:58:00,3.2368,3.2383,3.2348,3.2368,3.2418,3.2433,3.2398,3.2418,17
2026-07-08 08:59:00,3.2378,3.2388,3.2368,3.2368,3.2428,3.2438,3.2418,3.2418,9
2026-07-08 09:00:00,3.2378,3.2388,3.2348,3.2368,3.2428,3.2438,3.2398,3.2418,23
2026-07-08 09:01:00,3.2373,3.2423,3.2368,3.2403,3.2423,3.2473,3.2418,3.2453,18
2026-07-08 09:02:00,3.2408,3.2418,3.2398,3.2408,3.2458,3.2468,3.2448,3.2458,26
2026-07-08 09:03:00,3.2398,3.2408,3.2398,3.2398,3.2448,3.2458,3.2448,3.2448,6
2026-07-08 09:04:00,3.2408,3.2428,3.2403,3.2418,3.2458,3.2478,3.2453,3.2468,8
2026-07-08 09:05:00,3.2428,3.2438,3.2418,3.2438,3.2478,3.2488,3.2468,3.2488,18
2026-07-08 09:06:00,3.2428,3.2438,3.2428,3.2428,3.2478,3.2488,3.2478,3.2478,4
2026-07-08 09:07:00,3.2438,3.2458,3.2418,3.2418,3.2488,3.2508,3.2468,3.2468,12
2026-07-08 09:08:00,3.2408,3.2408,3.2358,3.2368,3.2458,3.2458,3.2408,3.2418,22
2026-07-08 09:09:00,3.2358,3.2388,3.2358,3.2388,3.2408,3.2438,3.2408,3.2438,6
2026-07-08 09:10:00,3.2378,3.2398,3.2378,3.2398,3.2428,3.2448,3.2428,3.2448,15
2026-07-08 09:11:00,3.2403,3.2418,3.2398,3.2398,3.2453,3.2468,3.2448,3.2448,7
2026-07-08 09:12:00,3.2408,3.2418,3.2398,3.2418,3.2458,3.2468,3.2448,3.2468,7
2026-07-08 09:13:00,3.2408,3.2413,3.2398,3.2398,3.2458,3.2463,3.2448,3.2448,4
2026-07-08 09:14:00,3.2393,3.2408,3.2393,3.2408,3.2443,3.2458,3.2443,3.2458,6
2026-07-08 09:15:00,3.2418,3.2418,3.2398,3.2398,3.2468,3.2468,3.2448,3.2448,3
2026-07-08 09:16:00,3.2408,3.2408,3.2328,3.2338,3.2458,3.2458,3.2378,3.2388,18
2026-07-08 09:17:00,3.2343,3.2358,3.2338,3.2358,3.2393,3.2408,3.2388,3.2408,10
2026-07-08 09:18:00,3.2348,3.2348,3.2333,3.2333,3.2398,3.2398,3.2383,3.2383,8
2026-07-08 09:19:00,3.2338,3.2348,3.2338,3.2348,3.2388,3.2398,3.2388,3.2398,2
2026-07-08 09:20:00,3.2343,3.2343,3.2328,3.2343,3.2393,3.2393,3.2378,3.2393,5
2026-07-08 09:21:00,3.2348,3.2388,3.2343,3.2378,3.2398,3.2438,3.2393,3.2428,17
2026-07-08 09:22:00,3.2383,3.2408,3.2378,3.2383,3.2433,3.2458,3.2428,3.2433,9
2026-07-08 09:23:00,3.2388,3.2388,3.2383,3.2383,3.2438,3.2438,3.2433,3.2433,4
2026-07-08 09:24:00,3.2388,3.2398,3.2383,3.2388,3.2438,3.2448,3.2433,3.2438,7
2026-07-08 09:25:00,3.2378,3.2398,3.2368,3.2393,3.2428,3.2448,3.2418,3.2443,16
2026-07-08 09:26:00,3.2388,3.2388,3.2378,3.2383,3.2438,3.2438,3.2428,3.2433,13
2026-07-08 09:27:00,3.2388,3.2398,3.2378,3.2388,3.2438,3.2448,3.2428,3.2438,11
2026-07-08 09:28:00,3.2378,3.2378,3.2378,3.2378,3.2428,3.2428,3.2428,3.2428,1
2026-07-08 09:29:00,3.2373,3.2388,3.2368,3.2378,3.2423,3.2438,3.2418,3.2428,8
2026-07-08 09:31:00,3.2368,3.2368,3.2328,3.2328,3.2418,3.2418,3.2378,3.2378,9
2026-07-08 09:32:00,3.2338,3.2338,3.2338,3.2338,3.2388,3.2388,3.2388,3.2388,1
2026-07-08 09:34:00,3.2348,3.2378,3.2348,3.2368,3.2398,3.2428,3.2398,3.2418,12
2026-07-08 09:35:00,3.2378,3.2398,3.2368,3.2393,3.2428,3.2448,3.2418,3.2443,21
2026-07-08 09:36:00,3.2388,3.2408,3.2388,3.2398,3.2438,3.2458,3.2438,3.2448,15
2026-07-08 09:37:00,3.2408,3.2458,3.2408,3.2458,3.2458,3.2508,3.2458,3.2508,20
2026-07-08 09:38:00,3.2448,3.2458,3.2438,3.2458,3.2498,3.2508,3.2488,3.2508,10
2026-07-08 09:39:00,3.2468,3.2478,3.2448,3.2458,3.2518,3.2528,3.2498,3.2508,15
2026-07-08 09:40:00,3.2453,3.2453,3.2453,3.2453,3.2503,3.2503,3.2503,3.2503,1
2026-07-08 09:41:00,3.2448,3.2468,3.2448,3.2458,3.2498,3.2518,3.2498,3.2508,9
2026-07-08 09:42:00,3.2448,3.2458,3.2443,3.2458,3.2498,3.2508,3.2493,3.2508,18
2026-07-08 09:43:00,3.2448,3.2448,3.2438,3.2438,3.2498,3.2498,3.2488,3.2488,2
2026-07-08 09:44:00,3.2448,3.2468,3.2448,3.2458,3.2498,3.2518,3.2498,3.2508,4
2026-07-08 09:45:00,3.2453,3.2458,3.2448,3.2458,3.2503,3.2508,3.2498,3.2508,19
2026-07-08 09:46:00,3.2468,3.2478,3.2458,3.2478,3.2518,3.2528,3.2508,3.2528,7
2026-07-08 09:47:00,3.2468,3.2468,3.2448,3.2448,3.2518,3.2518,3.2498,3.2498,5
2026-07-08 09:48:00,3.2458,3.2458,3.2418,3.2448,3.2508,3.2508,3.2468,3.2498,14
2026-07-08 09:49:00,3.2458,3.2458,3.2448,3.2453,3.2508,3.2508,3.2498,3.2503,5
2026-07-08 09:50:00,3.2458,3.2458,3.2458,3.2458,3.2508,3.2508,3.2508,3.2508,1
2026-07-08 09:51:00,3.2448,3.2448,3.2428,3.2438,3.2498,3.2498,3.2478,3.2488,5
2026-07-08 09:52:00,3.2448,3.2448,3.2428,3.2428,3.2498,3.2498,3.2478,3.2478,3
2026-07-08 09:54:00,3.2418,3.2438,3.2418,3.2428,3.2468,3.2488,3.2468,3.2478,6
2026-07-08 09:55:00,3.2418,3.2428,3.2408,3.2428,3.2468,3.2478,3.2458,3.2478,7
2026-07-08 09:56:00,3.2438,3.2438,3.2438,3.2438,3.2488,3.2488,3.2488,3.2488,1
2026-07-08 09:58:00,3.2428,3.2438,3.2418,3.2428,3.2478,3.2488,3.2468,3.2478,6
2026-07-08 10:00:00,3.2418,3.2428,3.2408,3.2408,3.2468,3.2478,3.2458,3.2458,13
2026-07-08 10:01:00,3.2398,3.2428,3.2398,3.2428,3.2448,3.2478,3.2448,3.2478,4
2026-07-08 10:02:00,3.2438,3.2458,3.2438,3.2438,3.2488,3.2508,3.2488,3.2488,8
2026-07-08 10:03:00,3.2443,3.2448,3.2438,3.2438,3.2493,3.2498,3.2488,3.2488,5
2026-07-08 10:04:00,3.2448,3.2458,3.2448,3.2458,3.2498,3.2508,3.2498,3.2508,2
2026-07-08 10:05:00,3.2448,3.2458,3.2428,3.2428,3.2498,3.2508,3.2478,3.2478,13
2026-07-08 10:06:00,3.2433,3.2488,3.2433,3.2478,3.2483,3.2538,3.2483,3.2528,12
2026-07-08 10:07:00,3.2468,3.2478,3.2448,3.2458,3.2518,3.2528,3.2498,3.2508,9
2026-07-08 10:08:00,3.2453,3.2478,3.2448,3.2468,3.2503,3.2528,3.2498,3.2518,8
2026-07-08 10:09:00,3.2473,3.2478,3.2458,3.2458,3.2523,3.2528,3.2508,3.2508,6
2026-07-08 10:10:00,3.2468,3.2478,3.2458,3.2458,3.2518,3.2528,3.2508,3.2508,10
2026-07-08 10:11:00,3.2468,3.2468,3.2458,3.2458,3.2518,3.2518,3.2508,3.2508,2
2026-07-08 10:12:00,3.2448,3.2468,3.2448,3.2468,3.2498,3.2518,3.2498,3.2518,5
2026-07-08 10:13:00,3.2463,3.2468,3.2463,3.2468,3.2513,3.2518,3.2513,3.2518,2
2026-07-08 10:14:00,3.2478,3.2478,3.2458,3.2458,3.2528,3.2528,3.2508,3.2508,5
2026-07-08 10:15:00,3.2448,3.2448,3.2428,3.2438,3.2498,3.2498,3.2478,3.2488,14
2026-07-08 10:16:00,3.2448,3.2508,3.2448,3.2498,3.2498,3.2558,3.2498,3.2548,63
2026-07-08 10:17:00,3.2508,3.2778,3.2498,3.2763,3.2558,3.2828,3.2548,3.2813,160
2026-07-08 10:18:00,3.2758,3.2788,3.2688,3.2688,3.2808,3.2838,3.2738,3.2738,119
2026-07-08 10:19:00,3.2698,3.2728,3.2688,3.2728,3.2748,3.2778,3.2738,3.2778,73
2026-07-08 10:20:00,3.2733,3.2848,3.2733,3.2788,3.2783,3.2898,3.2783,3.2838,95
2026-07-08 10:21:00,3.2793,3.2908,3.2793,3.2898,3.2843,3.2958,3.2843,3.2948,76
2026-07-08 10:22:00,3.2908,3.2948,3.2858,3.2878,3.2958,3.2998,3.2908,3.2928,59
2026-07-08 10:23:00,3.2883,3.2918,3.2878,3.2908,3.2933,3.2968,3.2928,3.2958,36
2026-07-08 10:24:00,3.2913,3.2928,3.2898,3.2918,3.2963,3.2978,3.2948,3.2968,23
2026-07-08 10:25:00,3.2923,3.2948,3.2908,3.2933,3.2973,3.2998,3.2958,3.2983,30
2026-07-08 10:26:00,3.2938,3.2978,3.2918,3.2928,3.2988,3.3028,3.2968,3.2978,29
2026-07-08 10:27:00,3.2938,3.2958,3.2928,3.2948,3.2988,3.3008,3.2978,3.2998,49
2026-07-08 10:28:00,3.2953,3.2983,3.2953,3.2958,3.3003,3.3033,3.3003,3.3008,22
2026-07-08 10:29:00,3.2948,3.3008,3.2948,3.2958,3.2998,3.3058,3.2998,3.3008,32
2026-07-08 10:30:00,3.2948,3.2968,3.2938,3.2948,3.2998,3.3018,3.2988,3.2998,30
2026-07-08 10:31:00,3.2953,3.2968,3.2938,3.2938,3.3003,3.3018,3.2988,3.2988,19
2026-07-08 10:32:00,3.2928,3.2938,3.2908,3.2908,3.2978,3.2988,3.2958,3.2958,16
2026-07-08 10:33:00,3.2913,3.2913,3.2888,3.2888,3.2963,3.2963,3.2938,3.2938,8
2026-07-08 10:34:00,3.2898,3.2928,3.2898,3.2918,3.2948,3.2978,3.2948,3.2968,17
2026-07-08 10:35:00,3.2908,3.2908,3.2838,3.2848,3.2958,3.2958,3.2888,3.2898,20
2026-07-08 10:36:00,3.2858,3.2898,3.2858,3.2868,3.2908,3.2948,3.2908,3.2918,20
2026-07-08 10:37:00,3.2873,3.2878,3.2868,3.2868,3.2923,3.2928,3.2918,3.2918,21
2026-07-08 10:38:00,3.2878,3.2888,3.2868,3.2878,3.2928,3.2938,3.2918,3.2928,19
2026-07-08 10:39:00,3.2888,3.2888,3.2868,3.2878,3.2938,3.2938,3.2918,3.2928,21
2026-07-08 10:40:00,3.2868,3.2868,3.2818,3.2848,3.2918,3.2918,3.2868,3.2898,16
2026-07-08 10:41:00,3.2843,3.2848,3.2818,3.2828,3.2893,3.2898,3.2868,3.2878,14
2026-07-08 10:42:00,3.2818,3.2828,3.2798,3.2828,3.2868,3.2878,3.2848,3.2878,13
2026-07-08 10:43:00,3.2818,3.2828,3.2808,3.2828,3.2868,3.2878,3.2858,3.2878,14
2026-07-08 10:44:00,3.2823,3.2823,3.2778,3.2798,3.2873,3.2873,3.2828,3.2848,24
2026-07-08 10:45:00,3.2793,3.2798,3.2778,3.2788,3.2843,3.2848,3.2828,3.2838,7
2026-07-08 10:46:00,3.2778,3.2783,3.2768,3.2768,3.2828,3.2833,3.2818,3.2818,22
2026-07-08 10:47:00,3.2778,3.2798,3.2778,3.2798,3.2828,3.2848,3.2828,3.2848,11
2026-07-08 10:48:00,3.2788,3.2798,3.2768,3.2768,3.2838,3.2848,3.2818,3.2818,12
2026-07-08 10:49:00,3.2763,3.2788,3.2758,3.2788,3.2813,3.2838,3.2808,3.2838,10
2026-07-08 10:50:00,3.2778,3.2808,3.2778,3.2793,3.2828,3.2858,3.2828,3.2843,16
2026-07-08 10:51:00,3.2788,3.2793,3.2778,3.2778,3.2838,3.2843,3.2828,3.2828,6
2026-07-08 10:52:00,3.2773,3.2773,3.2758,3.2768,3.2823,3.2823,3.2808,3.2818,6
2026-07-08 10:53:00,3.2778,3.2778,3.2768,3.2768,3.2828,3.2828,3.2818,3.2818,3
2026-07-08 10:54:00,3.2778,3.2778,3.2768,3.2768,3.2828,3.2828,3.2818,3.2818,2
2026-07-08 10:55:00,3.2758,3.2768,3.2758,3.2758,3.2808,3.2818,3.2808,3.2808,7
2026-07-08 10:56:00,3.2768,3.2778,3.2758,3.2758,3.2818,3.2828,3.2808,3.2808,11
2026-07-08 10:57:00,3.2748,3.2748,3.2718,3.2738,3.2798,3.2798,3.2768,3.2788,15
2026-07-08 10:58:00,3.2728,3.2738,3.2728,3.2728,3.2778,3.2788,3.2778,3.2778,6
2026-07-08 10:59:00,3.2718,3.2738,3.2698,3.2728,3.2768,3.2788,3.2748,3.2778,24
2026-07-08 11:00:00,3.2738,3.2738,3.2718,3.2718,3.2788,3.2788,3.2768,3.2768,24
2026-07-08 11:01:00,3.2728,3.2733,3.2728,3.2733,3.2778,3.2783,3.2778,3.2783,2
2026-07-08 11:02:00,3.2728,3.2738,3.2703,3.2723,3.2778,3.2788,3.2753,3.2773,17
2026-07-08 11:03:00,3.2718,3.2778,3.2718,3.2758,3.2768,3.2828,3.2768,3.2808,14
2026-07-08 11:04:00,3.2768,3.2768,3.2743,3.2768,3.2818,3.2818,3.2793,3.2818,17
2026-07-08 11:05:00,3.2773,3.2778,3.2758,3.2758,3.2823,3.2828,3.2808,3.2808,15
2026-07-08 11:07:00,3.2748,3.2758,3.2748,3.2748,3.2798,3.2808,3.2798,3.2798,5
2026-07-08 11:08:00,3.2758,3.2768,3.2738,3.2758,3.2808,3.2818,3.2788,3.2808,12
2026-07-08 11:09:00,3.2768,3.2768,3.2758,3.2758,3.2818,3.2818,3.2808,3.2808,3
2026-07-08 11:10:00,3.2748,3.2758,3.2718,3.2728,3.2798,3.2808,3.2768,3.2778,8
2026-07-08 11:11:00,3.2738,3.2738,3.2728,3.2738,3.2788,3.2788,3.2778,3.2788,4
2026-07-08 11:13:00,3.2748,3.2748,3.2738,3.2748,3.2798,3.2798,3.2788,3.2798,3
2026-07-08 11:14:00,3.2758,3.2758,3.2748,3.2748,3.2808,3.2808,3.2798,3.2798,2
2026-07-08 11:15:00,3.2758,3.2758,3.2738,3.2748,3.2808,3.2808,3.2788,3.2798,5
2026-07-08 11:16:00,3.2758,3.2768,3.2748,3.2748,3.2808,3.2818,3.2798,3.2798,7
2026-07-08 11:17:00,3.2753,3.2758,3.2748,3.2748,3.2803,3.2808,3.2798,3.2798,3
2026-07-08 11:18:00,3.2738,3.2738,3.2728,3.2728,3.2788,3.2788,3.2778,3.2778,2
2026-07-08 11:20:00,3.2718,3.2718,3.2718,3.2718,3.2768,3.2768,3.2768,3.2768,1
2026-07-08 11:21:00,3.2728,3.2738,3.2718,3.2728,3.2778,3.2788,3.2768,3.2778,10
2026-07-08 11:22:00,3.2718,3.2718,3.2688,3.2708,3.2768,3.2768,3.2738,3.2758,9
2026-07-08 11:23:00,3.2698,3.2698,3.2698,3.2698,3.2748,3.2748,3.2748,3.2748,1
2026-07-08 11:24:00,3.2703,3.2718,3.2698,3.2718,3.2753,3.2768,3.2748,3.2768,7
2026-07-08 11:25:00,3.2708,3.2718,3.2708,3.2708,3.2758,3.2768,3.2758,3.2758,4
2026-07-08 11:26:00,3.2698,3.2728,3.2698,3.2708,3.2748,3.2778,3.2748,3.2758,8
2026-07-08 11:27:00,3.2713,3.2818,3.2713,3.2813,3.2763,3.2868,3.2763,3.2863,20
2026-07-08 11:28:00,3.2818,3.2818,3.2798,3.2803,3.2868,3.2868,3.2848,3.2853,14
2026-07-08 11:29:00,3.2808,3.2808,3.2788,3.2808,3.2858,3.2858,3.2838,3.2858,15
2026-07-08 11:30:00,3.2818,3.2848,3.2818,3.2838,3.2868,3.2898,3.2868,3.2888,16
2026-07-08 11:31:00,3.2828,3.2868,3.2828,3.2848,3.2878,3.2918,3.2878,3.2898,8
2026-07-08 11:32:00,3.2853,3.2858,3.2838,3.2838,3.2903,3.2908,3.2888,3.2888,8
2026-07-08 11:33:00,3.2833,3.2838,3.2833,3.2838,3.2883,3.2888,3.2883,3.2888,2
2026-07-08 11:34:00,3.2833,3.2848,3.2818,3.2843,3.2883,3.2898,3.2868,3.2893,11
2026-07-08 11:35:00,3.2833,3.2833,3.2808,3.2813,3.2883,3.2883,3.2858,3.2863,12
2026-07-08 11:36:00,3.2818,3.2818,3.2808,3.2808,3.2868,3.2868,3.2858,3.2858,3
2026-07-08 11:37:00,3.2818,3.2818,3.2808,3.2818,3.2868,3.2868,3.2858,3.2868,6
2026-07-08 11:38:00,3.2828,3.2828,3.2828,3.2828,3.2878,3.2878,3.2878,3.2878,1
2026-07-08 11:39:00,3.2838,3.2848,3.2838,3.2838,3.2888,3.2898,3.2888,3.2888,6
2026-07-08 11:40:00,3.2848,3.2848,3.2818,3.2818,3.2898,3.2898,3.2868,3.2868,11
2026-07-08 11:41:00,3.2828,3.2828,3.2798,3.2808,3.2878,3.2878,3.2848,3.2858,11
2026-07-08 11:42:00,3.2798,3.2808,3.2798,3.2803,3.2848,3.2858,3.2848,3.2853,12
2026-07-08 11:43:00,3.2808,3.2818,3.2808,3.2808,3.2858,3.2868,3.2858,3.2858,6
2026-07-08 11:44:00,3.2803,3.2808,3.2788,3.2798,3.2853,3.2858,3.2838,3.2848,13
2026-07-08 11:46:00,3.2808,3.2808,3.2798,3.2798,3.2858,3.2858,3.2848,3.2848,2
2026-07-08 11:47:00,3.2808,3.2833,3.2808,3.2828,3.2858,3.2883,3.2858,3.2878,7
2026-07-08 11:48:00,3.2833,3.2833,3.2788,3.2798,3.2883,3.2883,3.2838,3.2848,7
2026-07-08 11:49:00,3.2803,3.2808,3.2803,3.2808,3.2853,3.2858,3.2853,3.2858,4
2026-07-08 11:50:00,3.2798,3.2828,3.2798,3.2818,3.2848,3.2878,3.2848,3.2868,7
2026-07-08 11:51:00,3.2808,3.2808,3.2808,3.2808,3.2858,3.2858,3.2858,3.2858,1
2026-07-08 11:53:00,3.2803,3.2808,3.2798,3.2798,3.2853,3.2858,3.2848,3.2848,6
2026-07-08 11:54:00,3.2808,3.2808,3.2803,3.2803,3.2858,3.2858,3.2853,3.2853,2
2026-07-08 11:55:00,3.2798,3.2818,3.2798,3.2818,3.2848,3.2868,3.2848,3.2868,8
2026-07-08 11:56:00,3.2823,3.2838,3.2818,3.2828,3.2873,3.2888,3.2868,3.2878,11
2026-07-08 11:57:00,3.2838,3.2838,3.2813,3.2813,3.2888,3.2888,3.2863,3.2863,4
2026-07-08 11:58:00,3.2818,3.2838,3.2818,3.2838,3.2868,3.2888,3.2868,3.2888,6
2026-07-08 11:59:00,3.2848,3.2858,3.2848,3.2858,3.2898,3.2908,3.2898,3.2908,10
2026-07-08 12:00:00,3.2853,3.2853,3.2813,3.2838,3.2903,3.2903,3.2863,3.2888,18
2026-07-08 12:01:00,3.2828,3.2838,3.2828,3.2838,3.2878,3.2888,3.2878,3.2888,5
2026-07-08 12:02:00,3.2843,3.2843,3.2828,3.2828,3.2893,3.2893,3.2878,3.2878,6
2026-07-08 12:03:00,3.2818,3.2823,3.2728,3.2748,3.2868,3.2873,3.2778,3.2798,33
2026-07-08 12:04:00,3.2758,3.2768,3.2738,3.2743,3.2808,3.2818,3.2788,3.2793,9
2026-07-08 12:05:00,3.2748,3.2748,3.2738,3.2743,3.2798,3.2798,3.2788,3.2793,3
2026-07-08 12:06:00,3.2738,3.2738,3.2728,3.2738,3.2788,3.2788,3.2778,3.2788,7
2026-07-08 12:07:00,3.2743,3.2748,3.2738,3.2738,3.2793,3.2798,3.2788,3.2788,10
2026-07-08 12:08:00,3.2728,3.2738,3.2728,3.2738,3.2778,3.2788,3.2778,3.2788,6
2026-07-08 12:09:00,3.2733,3.2738,3.2733,3.2733,3.2783,3.2788,3.2783,3.2783,9
2026-07-08 12:10:00,3.2738,3.2738,3.2698,3.2698,3.2788,3.2788,3.2748,3.2748,10
2026-07-08 12:11:00,3.2708,3.2708,3.2688,3.2693,3.2758,3.2758,3.2738,3.2743,15
2026-07-08 12:12:00,3.2688,3.2718,3.2688,3.2703,3.2738,3.2768,3.2738,3.2753,14
2026-07-08 12:13:00,3.2708,3.2708,3.2698,3.2703,3.2758,3.2758,3.2748,3.2753,7
2026-07-08 12:14:00,3.2698,3.2708,3.2693,3.2698,3.2748,3.2758,3.2743,3.2748,11
2026-07-08 12:15:00,3.2703,3.2703,3.2648,3.2668,3.2753,3.2753,3.2698,3.2718,27
2026-07-08 12:16:00,3.2673,3.2673,3.2668,3.2668,3.2723,3.2723,3.2718,3.2718,6
2026-07-08 12:17:00,3.2663,3.2663,3.2648,3.2648,3.2713,3.2713,3.2698,3.2698,4
2026-07-08 12:18:00,3.2633,3.2638,3.2618,3.2628,3.2683,3.2688,3.2668,3.2678,19
2026-07-08 12:19:00,3.2638,3.2663,3.2628,3.2663,3.2688,3.2713,3.2678,3.2713,13
2026-07-08 12:20:00,3.2653,3.2653,3.2588,3.2593,3.2703,3.2703,3.2638,3.2643,29
2026-07-08 12:21:00,3.2588,3.2598,3.2588,3.2593,3.2638,3.2648,3.2638,3.2643,9
2026-07-08 12:22:00,3.2588,3.2598,3.2578,3.2588,3.2638,3.2648,3.2628,3.2638,20
2026-07-08 12:23:00,3.2598,3.2608,3.2558,3.2558,3.2648,3.2658,3.2608,3.2608,15
2026-07-08 12:24:00,3.2568,3.2603,3.2568,3.2603,3.2618,3.2653,3.2618,3.2653,20
2026-07-08 12:25:00,3.2598,3.2623,3.2583,3.2588,3.2648,3.2673,3.2633,3.2638,22
2026-07-08 12:26:00,3.2598,3.2608,3.2593,3.2608,3.2648,3.2658,3.2643,3.2658,7
2026-07-08 12:27:00,3.2603,3.2603,3.2578,3.2598,3.2653,3.2653,3.2628,3.2648,12
2026-07-08 12:28:00,3.2608,3.2608,3.2588,3.2588,3.2658,3.2658,3.2638,3.2638,6
2026-07-08 12:29:00,3.2583,3.2598,3.2578,3.2588,3.2633,3.2648,3.2628,3.2638,9
2026-07-08 12:30:00,3.2598,3.2608,3.2598,3.2598,3.2648,3.2658,3.2648,3.2648,3
2026-07-08 12:31:00,3.2588,3.2588,3.2548,3.2548,3.2638,3.2638,3.2598,3.2598,11
2026-07-08 12:32:00,3.2538,3.2548,3.2528,3.2548,3.2588,3.2598,3.2578,3.2598,6
2026-07-08 12:33:00,3.2543,3.2558,3.2538,3.2548,3.2593,3.2608,3.2588,3.2598,12
2026-07-08 12:34:00,3.2538,3.2548,3.2508,3.2538,3.2588,3.2598,3.2558,3.2588,25
2026-07-08 12:35:00,3.2528,3.2538,3.2508,3.2518,3.2578,3.2588,3.2558,3.2568,11
2026-07-08 12:36:00,3.2528,3.2538,3.2528,3.2528,3.2578,3.2588,3.2578,3.2578,3
2026-07-08 12:37:00,3.2538,3.2538,3.2508,3.2508,3.2588,3.2588,3.2558,3.2558,4
2026-07-08 12:38:00,3.2498,3.2528,3.2488,3.2518,3.2548,3.2578,3.2538,3.2568,15
2026-07-08 12:39:00,3.2513,3.2518,3.2488,3.2488,3.2563,3.2568,3.2538,3.2538,8
2026-07-08 12:40:00,3.2498,3.2518,3.2478,3.2518,3.2548,3.2568,3.2528,3.2568,18
2026-07-08 12:41:00,3.2508,3.2593,3.2498,3.2588,3.2558,3.2643,3.2548,3.2638,35
2026-07-08 12:42:00,3.2583,3.2608,3.2568,3.2583,3.2633,3.2658,3.2618,3.2633,19
2026-07-08 12:43:00,3.2578,3.2588,3.2568,3.2588,3.2628,3.2638,3.2618,3.2638,19
2026-07-08 12:44:00,3.2598,3.2598,3.2558,3.2558,3.2648,3.2648,3.2608,3.2608,25
2026-07-08 12:45:00,3.2548,3.2558,3.2528,3.2528,3.2598,3.2608,3.2578,3.2578,13
2026-07-08 12:46:00,3.2538,3.2538,3.2538,3.2538,3.2588,3.2588,3.2588,3.2588,1
2026-07-08 12:47:00,3.2548,3.2563,3.2538,3.2548,3.2598,3.2613,3.2588,3.2598,12
2026-07-08 12:48:00,3.2553,3.2558,3.2548,3.2558,3.2603,3.2608,3.2598,3.2608,5
2026-07-08 12:49:00,3.2568,3.2588,3.2568,3.2583,3.2618,3.2638,3.2618,3.2633,10
2026-07-08 12:50:00,3.2578,3.2578,3.2568,3.2568,3.2628,3.2628,3.2618,3.2618,2
2026-07-08 12:51:00,3.2558,3.2568,3.2548,3.2548,3.2608,3.2618,3.2598,3.2598,9
2026-07-08 12:53:00,3.2538,3.2548,3.2528,3.2528,3.2588,3.2598,3.2578,3.2578,6
2026-07-08 12:54:00,3.2518,3.2518,3.2488,3.2518,3.2568,3.2568,3.2538,3.2568,14
2026-07-08 12:55:00,3.2528,3.2528,3.2518,3.2518,3.2578,3.2578,3.2568,3.2568,2
2026-07-08 12:56:00,3.2508,3.2528,3.2508,3.2508,3.2558,3.2578,3.2558,3.2558,11
2026-07-08 12:57:00,3.2498,3.2508,3.2498,3.2508,3.2548,3.2558,3.2548,3.2558,5
2026-07-08 12:58:00,3.2498,3.2508,3.2498,3.2508,3.2548,3.2558,3.2548,3.2558,6
2026-07-08 12:59:00,3.2503,3.2513,3.2498,3.2508,3.2553,3.2563,3.2548,3.2558,6
2026-07-08 13:00:00,3.2498,3.2508,3.2478,3.2498,3.2548,3.2558,3.2528,3.2548,16
2026-07-08 13:01:00,3.2508,3.2518,3.2488,3.2498,3.2558,3.2568,3.2538,3.2548,10
2026-07-08 13:02:00,3.2488,3.2558,3.2488,3.2558,3.2538,3.2608,3.2538,3.2608,20
2026-07-08 13:03:00,3.2553,3.2588,3.2538,3.2578,3.2603,3.2638,3.2588,3.2628,16
2026-07-08 13:04:00,3.2588,3.2628,3.2583,3.2608,3.2638,3.2678,3.2633,3.2658,23
2026-07-08 13:05:00,3.2598,3.2688,3.2588,3.2688,3.2648,3.2738,3.2638,3.2738,51
2026-07-08 13:06:00,3.2678,3.2678,3.2658,3.2668,3.2728,3.2728,3.2708,3.2718,20
2026-07-08 13:07:00,3.2658,3.2668,3.2608,3.2608,3.2708,3.2718,3.2658,3.2658,24
2026-07-08 13:08:00,3.2618,3.2648,3.2618,3.2623,3.2668,3.2698,3.2668,3.2673,11
2026-07-08 13:09:00,3.2628,3.2628,3.2578,3.2588,3.2678,3.2678,3.2628,3.2638,12
2026-07-08 13:10:00,3.2578,3.2678,3.2578,3.2668,3.2628,3.2728,3.2628,3.2718,33
2026-07-08 13:11:00,3.2678,3.2678,3.2648,3.2648,3.2728,3.2728,3.2698,3.2698,12
2026-07-08 13:12:00,3.2653,3.2658,3.2648,3.2658,3.2703,3.2708,3.2698,3.2708,6
2026-07-08 13:13:00,3.2653,3.2653,3.2648,3.2648,3.2703,3.2703,3.2698,3.2698,2
2026-07-08 13:14:00,3.2638,3.2648,3.2638,3.2648,3.2688,3.2698,3.2688,3.2698,6
2026-07-08 13:15:00,3.2638,3.2658,3.2638,3.2658,3.2688,3.2708,3.2688,3.2708,6
2026-07-08 13:16:00,3.2668,3.2668,3.2648,3.2648,3.2718,3.2718,3.2698,3.2698,18
2026-07-08 13:17:00,3.2638,3.2638,3.2578,3.2598,3.2688,3.2688,3.2628,3.2648,11
2026-07-08 13:18:00,3.2603,3.2618,3.2588,3.2588,3.2653,3.2668,3.2638,3.2638,13
2026-07-08 13:19:00,3.2583,3.2598,3.2578,3.2598,3.2633,3.2648,3.2628,3.2648,6
2026-07-08 13:20:00,3.2608,3.2618,3.2588,3.2588,3.2658,3.2668,3.2638,3.2638,7
2026-07-08 13:21:00,3.2598,3.2608,3.2598,3.2598,3.2648,3.2658,3.2648,3.2648,3
2026-07-08 13:23:00,3.2603,3.2618,3.2598,3.2608,3.2653,3.2668,3.2648,3.2658,7
2026-07-08 13:24:00,3.2603,3.2603,3.2538,3.2538,3.2653,3.2653,3.2588,3.2588,13
2026-07-08 13:25:00,3.2548,3.2588,3.2548,3.2578,3.2598,3.2638,3.2598,3.2628,9
2026-07-08 13:26:00,3.2568,3.2568,3.2488,3.2498,3.2618,3.2618,3.2538,3.2548,17
2026-07-08 13:27:00,3.2508,3.2518,3.2498,3.2508,3.2558,3.2568,3.2548,3.2558,11
2026-07-08 13:28:00,3.2518,3.2518,3.2488,3.2498,3.2568,3.2568,3.2538,3.2548,10
2026-07-08 13:29:00,3.2493,3.2628,3.2493,3.2618,3.2543,3.2678,3.2543,3.2668,28
2026-07-08 13:30:00,3.2608,3.2628,3.2598,3.2608,3.2658,3.2678,3.2648,3.2658,20
2026-07-08 13:31:00,3.2603,3.2608,3.2598,3.2608,3.2653,3.2658,3.2648,3.2658,4
2026-07-08 13:32:00,3.2598,3.2608,3.2558,3.2558,3.2648,3.2658,3.2608,3.2608,12
2026-07-08 13:33:00,3.2548,3.2558,3.2548,3.2553,3.2598,3.2608,3.2598,3.2603,13
2026-07-08 13:34:00,3.2558,3.2588,3.2558,3.2588,3.2608,3.2638,3.2608,3.2638,4
2026-07-08 13:35:00,3.2583,3.2618,3.2558,3.2593,3.2633,3.2668,3.2608,3.2643,15
2026-07-08 13:36:00,3.2598,3.2598,3.2583,3.2593,3.2648,3.2648,3.2633,3.2643,10
2026-07-08 13:37:00,3.2598,3.2663,3.2588,3.2663,3.2648,3.2713,3.2638,3.2713,16
2026-07-08 13:38:00,3.2658,3.2678,3.2648,3.2658,3.2708,3.2728,3.2698,3.2708,9
2026-07-08 13:39:00,3.2668,3.2668,3.2588,3.2588,3.2718,3.2718,3.2638,3.2638,24
2026-07-08 13:40:00,3.2578,3.2588,3.2558,3.2578,3.2628,3.2638,3.2608,3.2628,21
2026-07-08 13:41:00,3.2588,3.2598,3.2548,3.2548,3.2638,3.2648,3.2598,3.2598,15
2026-07-08 13:42:00,3.2558,3.2588,3.2548,3.2553,3.2608,3.2638,3.2598,3.2603,22
2026-07-08 13:43:00,3.2558,3.2558,3.2458,3.2498,3.2608,3.2608,3.2508,3.2548,78
2026-07-08 13:44:00,3.2493,3.2518,3.2473,3.2508,3.2543,3.2568,3.2523,3.2558,39
2026-07-08 13:45:00,3.2518,3.2518,3.2488,3.2503,3.2568,3.2568,3.2538,3.2553,9
2026-07-08 13:46:00,3.2498,3.2528,3.2488,3.2508,3.2548,3.2578,3.2538,3.2558,24
2026-07-08 13:47:00,3.2503,3.2508,3.2468,3.2478,3.2553,3.2558,3.2518,3.2528,22
2026-07-08 13:48:00,3.2473,3.2478,3.2448,3.2458,3.2523,3.2528,3.2498,3.2508,18
2026-07-08 13:49:00,3.2448,3.2468,3.2428,3.2458,3.2498,3.2518,3.2478,3.2508,26
2026-07-08 13:50:00,3.2468,3.2488,3.2443,3.2448,3.2518,3.2538,3.2493,3.2498,19
2026-07-08 13:51:00,3.2458,3.2458,3.2438,3.2458,3.2508,3.2508,3.2488,3.2508,9
2026-07-08 13:52:00,3.2453,3.2453,3.2438,3.2448,3.2503,3.2503,3.2488,3.2498,6
2026-07-08 13:53:00,3.2438,3.2448,3.2398,3.2408,3.2488,3.2498,3.2448,3.2458,17
2026-07-08 13:54:00,3.2398,3.2398,3.2348,3.2378,3.2448,3.2448,3.2398,3.2428,35
2026-07-08 13:55:00,3.2368,3.2368,3.2328,3.2338,3.2418,3.2418,3.2378,3.2388,44
2026-07-08 13:56:00,3.2328,3.2348,3.2248,3.2288,3.2378,3.2398,3.2298,3.2338,53
2026-07-08 13:57:00,3.2298,3.2298,3.2248,3.2298,3.2348,3.2348,3.2298,3.2348,48
2026-07-08 13:58:00,3.2308,3.2308,3.2268,3.2288,3.2358,3.2358,3.2318,3.2338,22
2026-07-08 13:59:00,3.2278,3.2313,3.2278,3.2308,3.2328,3.2363,3.2328,3.2358,25
2026-07-08 14:00:00,3.2298,3.2368,3.2288,3.2318,3.2348,3.2418,3.2338,3.2368,92
2026-07-08 14:01:00,3.2308,3.2348,3.2278,3.2348,3.2358,3.2398,3.2328,3.2398,41
2026-07-08 14:02:00,3.2358,3.2418,3.2328,3.2418,3.2408,3.2468,3.2378,3.2468,58
2026-07-08 14:03:00,3.2408,3.2418,3.2368,3.2368,3.2458,3.2468,3.2418,3.2418,15
2026-07-08 14:04:00,3.2358,3.2408,3.2358,3.2408,3.2408,3.2458,3.2408,3.2458,24
2026-07-08 14:05:00,3.2398,3.2408,3.2368,3.2368,3.2448,3.2458,3.2418,3.2418,12
2026-07-08 14:06:00,3.2378,3.2393,3.2358,3.2358,3.2428,3.2443,3.2408,3.2408,11
2026-07-08 14:07:00,3.2348,3.2358,3.2318,3.2358,3.2398,3.2408,3.2368,3.2408,19
2026-07-08 14:08:00,3.2368,3.2378,3.2328,3.2328,3.2418,3.2428,3.2378,3.2378,18
2026-07-08 14:09:00,3.2333,3.2333,3.2288,3.2318,3.2383,3.2383,3.2338,3.2368,32
2026-07-08 14:10:00,3.2313,3.2368,3.2298,3.2358,3.2363,3.2418,3.2348,3.2408,30
2026-07-08 14:11:00,3.2348,3.2408,3.2348,3.2388,3.2398,3.2458,3.2398,3.2438,16
2026-07-08 14:12:00,3.2393,3.2418,3.2378,3.2418,3.2443,3.2468,3.2428,3.2468,19
2026-07-08 14:13:00,3.2428,3.2428,3.2378,3.2418,3.2478,3.2478,3.2428,3.2468,34
2026-07-08 14:14:00,3.2428,3.2448,3.2428,3.2428,3.2478,3.2498,3.2478,3.2478,15
2026-07-08 14:15:00,3.2438,3.2438,3.2408,3.2418,3.2488,3.2488,3.2458,3.2468,7
2026-07-08 14:16:00,3.2408,3.2418,3.2378,3.2398,3.2458,3.2468,3.2428,3.2448,18
2026-07-08 14:17:00,3.2413,3.2438,3.2388,3.2428,3.2463,3.2488,3.2438,3.2478,21
2026-07-08 14:18:00,3.2438,3.2498,3.2428,3.2468,3.2488,3.2548,3.2478,3.2518,43
2026-07-08 14:19:00,3.2478,3.2478,3.2458,3.2468,3.2528,3.2528,3.2508,3.2518,26
2026-07-08 14:20:00,3.2458,3.2548,3.2458,3.2498,3.2508,3.2598,3.2508,3.2548,22
2026-07-08 14:21:00,3.2508,3.2568,3.2488,3.2568,3.2558,3.2618,3.2538,3.2618,26
2026-07-08 14:22:00,3.2563,3.2608,3.2548,3.2578,3.2613,3.2658,3.2598,3.2628,56
2026-07-08 14:23:00,3.2568,3.2588,3.2558,3.2568,3.2618,3.2638,3.2608,3.2618,20
2026-07-08 14:24:00,3.2578,3.2618,3.2573,3.2608,3.2628,3.2668,3.2623,3.2658,24
2026-07-08 14:25:00,3.2598,3.2638,3.2598,3.2618,3.2648,3.2688,3.2648,3.2668,18
2026-07-08 14:26:00,3.2623,3.2658,3.2598,3.2648,3.2673,3.2708,3.2648,3.2698,44
2026-07-08 14:27:00,3.2638,3.2708,3.2618,3.2703,3.2688,3.2758,3.2668,3.2753,46
2026-07-08 14:28:00,3.2698,3.2748,3.2568,3.2578,3.2748,3.2798,3.2618,3.2628,94
2026-07-08 14:29:00,3.2583,3.2588,3.2488,3.2518,3.2633,3.2638,3.2538,3.2568,43
2026-07-08 14:30:00,3.2513,3.2513,3.2438,3.2443,3.2563,3.2563,3.2488,3.2493,51
2026-07-08 14:31:00,3.2448,3.2548,3.2448,3.2528,3.2498,3.2598,3.2498,3.2578,32
2026-07-08 14:32:00,3.2523,3.2568,3.2498,3.2538,3.2573,3.2618,3.2548,3.2588,35
2026-07-08 14:33:00,3.2528,3.2528,3.2443,3.2458,3.2578,3.2578,3.2493,3.2508,22
2026-07-08 14:34:00,3.2463,3.2498,3.2458,3.2498,3.2513,3.2548,3.2508,3.2548,31
2026-07-08 14:35:00,3.2488,3.2558,3.2488,3.2538,3.2538,3.2608,3.2538,3.2588,36
2026-07-08 14:36:00,3.2528,3.2558,3.2528,3.2548,3.2578,3.2608,3.2578,3.2598,17
2026-07-08 14:37:00,3.2538,3.2538,3.2498,3.2518,3.2588,3.2588,3.2548,3.2568,16
2026-07-08 14:38:00,3.2508,3.2508,3.2448,3.2478,3.2558,3.2558,3.2498,3.2528,30
2026-07-08 14:39:00,3.2488,3.2528,3.2478,3.2518,3.2538,3.2578,3.2528,3.2568,44
2026-07-08 14:40:00,3.2523,3.2528,3.2478,3.2483,3.2573,3.2578,3.2528,3.2533,41
2026-07-08 14:41:00,3.2478,3.2498,3.2458,3.2493,3.2528,3.2548,3.2508,3.2543,42
2026-07-08 14:42:00,3.2498,3.2498,3.2448,3.2458,3.2548,3.2548,3.2498,3.2508,12
2026-07-08 14:43:00,3.2468,3.2498,3.2468,3.2478,3.2518,3.2548,3.2518,3.2528,13
2026-07-08 14:44:00,3.2468,3.2578,3.2468,3.2508,3.2518,3.2628,3.2518,3.2558,73
2026-07-08 14:45:00,3.2498,3.2498,3.2478,3.2488,3.2548,3.2548,3.2528,3.2538,16
2026-07-08 14:46:00,3.2478,3.2518,3.2458,3.2473,3.2528,3.2568,3.2508,3.2523,26
2026-07-08 14:47:00,3.2478,3.2518,3.2478,3.2478,3.2528,3.2568,3.2528,3.2528,24
2026-07-08 14:48:00,3.2483,3.2498,3.2448,3.2483,3.2533,3.2548,3.2498,3.2533,17
2026-07-08 14:49:00,3.2488,3.2488,3.2463,3.2478,3.2538,3.2538,3.2513,3.2528,12
2026-07-08 14:50:00,3.2468,3.2518,3.2458,3.2518,3.2518,3.2568,3.2508,3.2568,18
2026-07-08 14:51:00,3.2508,3.2538,3.2508,3.2528,3.2558,3.2588,3.2558,3.2578,17
2026-07-08 14:52:00,3.2518,3.2598,3.2498,3.2568,3.2568,3.2648,3.2548,3.2618,68
2026-07-08 14:53:00,3.2573,3.2598,3.2498,3.2518,3.2623,3.2648,3.2548,3.2568,41
2026-07-08 14:54:00,3.2513,3.2578,3.2498,3.2553,3.2563,3.2628,3.2548,3.2603,43
2026-07-08 14:55:00,3.2543,3.2548,3.2508,3.2508,3.2593,3.2598,3.2558,3.2558,16
2026-07-08 14:56:00,3.2498,3.2538,3.2498,3.2528,3.2548,3.2588,3.2548,3.2578,52
2026-07-08 14:57:00,3.2523,3.2523,3.2448,3.2493,3.2573,3.2573,3.2498,3.2543,43
2026-07-08 14:58:00,3.2498,3.2508,3.2488,3.2498,3.2548,3.2558,3.2538,3.2548,10
2026-07-08 14:59:00,3.2508,3.2528,3.2498,3.2523,3.2558,3.2578,3.2548,3.2573,27
2026-07-08 15:00:00,3.2518,3.2528,3.2468,3.2508,3.2568,3.2578,3.2518,3.2558,63
2026-07-08 15:01:00,3.2518,3.2518,3.2478,3.2498,3.2568,3.2568,3.2528,3.2548,23
2026-07-08 15:02:00,3.2508,3.2508,3.2458,3.2483,3.2558,3.2558,3.2508,3.2533,35
2026-07-08 15:03:00,3.2488,3.2498,3.2438,3.2448,3.2538,3.2548,3.2488,3.2498,30
2026-07-08 15:04:00,3.2438,3.2438,3.2388,3.2398,3.2488,3.2488,3.2438,3.2448,50
2026-07-08 15:05:00,3.2393,3.2398,3.2308,3.2338,3.2443,3.2448,3.2358,3.2388,96
2026-07-08 15:06:00,3.2348,3.2453,3.2328,3.2438,3.2398,3.2503,3.2378,3.2488,54
2026-07-08 15:07:00,3.2448,3.2508,3.2428,3.2493,3.2498,3.2558,3.2478,3.2543,43
2026-07-08 15:08:00,3.2498,3.2498,3.2468,3.2488,3.2548,3.2548,3.2518,3.2538,33
2026-07-08 15:09:00,3.2498,3.2518,3.2468,3.2473,3.2548,3.2568,3.2518,3.2523,52
2026-07-08 15:10:00,3.2478,3.2488,3.2438,3.2468,3.2528,3.2538,3.2488,3.2518,44
2026-07-08 15:11:00,3.2478,3.2498,3.2473,3.2498,3.2528,3.2548,3.2523,3.2548,20
2026-07-08 15:12:00,3.2508,3.2578,3.2488,3.2528,3.2558,3.2628,3.2538,3.2578,63
2026-07-08 15:13:00,3.2518,3.2518,3.2448,3.2468,3.2568,3.2568,3.2498,3.2518,36
2026-07-08 15:14:00,3.2458,3.2458,3.2378,3.2418,3.2508,3.2508,3.2428,3.2468,44
2026-07-08 15:15:00,3.2408,3.2423,3.2358,3.2373,3.2458,3.2473,3.2408,3.2423,60
2026-07-08 15:16:00,3.2378,3.2388,3.2308,3.2328,3.2428,3.2438,3.2358,3.2378,57
2026-07-08 15:17:00,3.2323,3.2358,3.2308,3.2358,3.2373,3.2408,3.2358,3.2408,16
2026-07-08 15:18:00,3.2368,3.2368,3.2328,3.2348,3.2418,3.2418,3.2378,3.2398,31
2026-07-08 15:19:00,3.2358,3.2358,3.2278,3.2288,3.2408,3.2408,3.2328,3.2338,35
2026-07-08 15:20:00,3.2298,3.2358,3.2298,3.2358,3.2348,3.2408,3.2348,3.2408,29
2026-07-08 15:21:00,3.2353,3.2368,3.2308,3.2353,3.2403,3.2418,3.2358,3.2403,57
2026-07-08 15:22:00,3.2358,3.2378,3.2338,3.2348,3.2408,3.2428,3.2388,3.2398,38
2026-07-08 15:23:00,3.2338,3.2348,3.2318,3.2323,3.2388,3.2398,3.2368,3.2373,19
2026-07-08 15:24:00,3.2328,3.2358,3.2323,3.2338,3.2378,3.2408,3.2373,3.2388,14
2026-07-08 15:25:00,3.2348,3.2358,3.2318,3.2333,3.2398,3.2408,3.2368,3.2383,25
2026-07-08 15:26:00,3.2338,3.2348,3.2328,3.2333,3.2388,3.2398,3.2378,3.2383,29
2026-07-08 15:27:00,3.2328,3.2333,3.2298,3.2318,3.2378,3.2383,3.2348,3.2368,25
2026-07-08 15:28:00,3.2308,3.2318,3.2288,3.2308,3.2358,3.2368,3.2338,3.2358,23
2026-07-08 15:29:00,3.2318,3.2368,3.2308,3.2348,3.2368,3.2418,3.2358,3.2398,35
2026-07-08 15:30:00,3.2338,3.2358,3.2308,3.2328,3.2388,3.2408,3.2358,3.2378,61
2026-07-08 15:31:00,3.2318,3.2328,3.2308,3.2318,3.2368,3.2378,3.2358,3.2368,25
2026-07-08 15:32:00,3.2308,3.2318,3.2258,3.2288,3.2358,3.2368,3.2308,3.2338,51
2026-07-08 15:33:00,3.2278,3.2278,3.2238,3.2268,3.2328,3.2328,3.2288,3.2318,26
2026-07-08 15:34:00,3.2258,3.2278,3.2188,3.2188,3.2308,3.2328,3.2238,3.2238,44
2026-07-08 15:35:00,3.2198,3.2238,3.2168,3.2228,3.2248,3.2278,3.2218,3.2278,58
2026-07-08 15:36:00,3.2233,3.2248,3.2168,3.2168,3.2283,3.2298,3.2218,3.2218,47
2026-07-08 15:37:00,3.2173,3.2188,3.2158,3.2178,3.2223,3.2238,3.2208,3.2228,44
2026-07-08 15:38:00,3.2188,3.2188,3.2158,3.2178,3.2238,3.2238,3.2208,3.2228,29
2026-07-08 15:39:00,3.2183,3.2248,3.2178,3.2238,3.2223,3.2298,3.2218,3.2288,21
2026-07-08 15:40:00,3.2228,3.2248,3.2218,3.2228,3.2278,3.2298,3.2268,3.2278,24
2026-07-08 15:41:00,3.2208,3.2218,3.2198,3.2208,3.2273,3.2283,3.2248,3.2258,24
2026-07-08 15:42:00,3.2218,3.2218,3.2188,3.2193,3.2268,3.2268,3.2238,3.2243,14
2026-07-08 15:43:00,3.2188,3.2198,3.2178,3.2188,3.2238,3.2248,3.2228,3.2238,7
2026-07-08 15:44:00,3.2198,3.2198,3.2188,3.2188,3.2248,3.2248,3.2238,3.2238,17
2026-07-08 15:45:00,3.2178,3.2198,3.2168,3.2168,3.2228,3.2248,3.2218,3.2218,17
2026-07-08 15:46:00,3.2178,3.2188,3.2158,3.2178,3.2218,3.2228,3.2208,3.2228,25
2026-07-08 15:47:00,3.2188,3.2198,3.2188,3.2198,3.2238,3.2248,3.2238,3.2248,7
2026-07-08 15:48:00,3.2188,3.2198,3.2178,3.2178,3.2238,3.2248,3.2238,3.2238,4
2026-07-08 15:49:00,3.2188,3.2248,3.2188,3.2248,3.2238,3.2298,3.2238,3.2298,17
2026-07-08 15:50:00,3.2258,3.2278,3.2228,3.2228,3.2308,3.2328,3.2278,3.2278,40
2026-07-08 15:51:00,3.2238,3.2238,3.2208,3.2213,3.2288,3.2288,3.2258,3.2263,23
2026-07-08 15:52:00,3.2218,3.2228,3.2208,3.2228,3.2268,3.2278,3.2258,3.2278,5
2026-07-08 15:53:00,3.2218,3.2238,3.2218,3.2228,3.2268,3.2288,3.2268,3.2278,15
2026-07-08 15:54:00,3.2223,3.2228,3.2208,3.2228,3.2273,3.2278,3.2258,3.2278,12
2026-07-08 15:55:00,3.2238,3.2238,3.2228,3.2238,3.2288,3.2288,3.2278,3.2288,20
2026-07-08 15:56:00,3.2228,3.2228,3.2198,3.2218,3.2278,3.2278,3.2248,3.2268,12
2026-07-08 15:57:00,3.2213,3.2218,3.2198,3.2208,3.2263,3.2268,3.2248,3.2258,11
2026-07-08 15:58:00,3.2198,3.2218,3.2198,3.2208,3.2248,3.2268,3.2248,3.2258,18
2026-07-08 15:59:00,3.2218,3.2248,3.2218,3.2248,3.2268,3.2298,3.2268,3.2298,16
2026-07-08 16:00:00,3.2238,3.2258,3.2238,3.2248,3.2298,3.2308,3.2288,3.2298,27
2026-07-08 16:01:00,3.2258,3.2268,3.2248,3.2248,3.2308,3.2318,3.2298,3.2298,15
2026-07-08 16:02:00,3.2253,3.2278,3.2253,3.2268,3.2303,3.2328,3.2303,3.2318,8
2026-07-08 16:03:00,3.2278,3.2288,3.2268,3.2278,3.2328,3.2338,3.2318,3.2328,12
2026-07-08 16:04:00,3.2273,3.2278,3.2268,3.2278,3.2323,3.2328,3.2318,3.2328,12
2026-07-08 16:05:00,3.2288,3.2288,3.2268,3.2278,3.2338,3.2338,3.2328,3.2328,10
2026-07-08 16:06:00,3.2268,3.2268,3.2248,3.2248,3.2318,3.2318,3.2298,3.2298,15
2026-07-08 16:07:00,3.2253,3.2278,3.2253,3.2268,3.2303,3.2328,3.2303,3.2318,8
2026-07-08 16:08:00,3.2218,3.2228,3.2188,3.2198,3.2268,3.2278,3.2238,3.2248,17
2026-07-08 16:09:00,3.2188,3.2188,3.2098,3.2098,3.2238,3.2238,3.2148,3.2148,91
2026-07-08 16:10:00,3.2108,3.2138,3.2098,3.2118,3.2158,3.2188,3.2148,3.2178,29
2026-07-08 16:11:00,3.2118,3.2128,3.2078,3.2108,3.2168,3.2178,3.2128,3.2158,30
2026-07-08 16:12:00,3.2113,3.2118,3.2098,3.2098,3.2163,3.2168,3.2148,3.2148,23
2026-07-08 16:13:00,3.2138,3.2138,3.2128,3.2138,3.2188,3.2188,3.2178,3.2188,8
2026-07-08 16:14:00,3.2128,3.2168,3.2118,3.2118,3.2178,3.2218,3.2168,3.2168,23
2026-07-08 16:15:00,3.2108,3.2168,3.2108,3.2158,3.2158,3.2218,3.2158,3.2208,24
2026-07-08 16:16:00,3.2178,3.2178,3.2128,3.2148,3.2228,3.2228,3.2178,3.2198,30
2026-07-08 16:17:00,3.2148,3.2148,3.2068,3.2098,3.2208,3.2208,3.2118,3.2148,35
2026-07-08 16:18:00,3.2098,3.2098,3.2088,3.2098,3.2138,3.2158,3.2138,3.2148,9
2026-07-08 16:19:00,3.2078,3.2078,3.2028,3.2048,3.2158,3.2168,3.2078,3.2098,22
2026-07-08 16:20:00,3.2058,3.2068,3.2038,3.2068,3.2108,3.2118,3.2088,3.2118,27
2026-07-08 16:21:00,3.2078,3.2108,3.2078,3.2078,3.2128,3.2158,3.2128,3.2128,30
2026-07-08 16:22:00,3.2073,3.2108,3.2068,3.2098,3.2123,3.2158,3.2118,3.2148,23
2026-07-08 16:23:00,3.2108,3.2128,3.2098,3.2118,3.2158,3.2178,3.2148,3.2168,28
2026-07-08 16:24:00,3.2128,3.2148,3.2128,3.2138,3.2178,3.2198,3.2178,3.2188,29
2026-07-08 16:25:00,3.2128,3.2138,3.2073,3.2093,3.2178,3.2188,3.2123,3.2143,46
2026-07-08 16:26:00,3.2088,3.2108,3.2088,3.2108,3.2138,3.2158,3.2138,3.2158,38
2026-07-08 16:27:00,3.2118,3.2118,3.2088,3.2093,3.2168,3.2168,3.2138,3.2143,21
2026-07-08 16:28:00,3.2098,3.2108,3.2088,3.2103,3.2148,3.2158,3.2138,3.2153,27
2026-07-08 16:29:00,3.2098,3.2118,3.2098,3.2118,3.2148,3.2168,3.2148,3.2168,22
2026-07-08 16:30:00,3.2113,3.2128,3.2108,3.2128,3.2163,3.2178,3.2158,3.2178,25
2026-07-08 16:31:00,3.2138,3.2168,3.2118,3.2153,3.2188,3.2218,3.2168,3.2203,41
2026-07-08 16:32:00,3.2158,3.2178,3.2158,3.2168,3.2208,3.2228,3.2208,3.2218,4
2026-07-08 16:33:00,3.2158,3.2168,3.2148,3.2158,3.2208,3.2218,3.2198,3.2208,20
2026-07-08 16:34:00,3.2148,3.2148,3.2128,3.2148,3.2213,3.2218,3.2178,3.2198,21
2026-07-08 16:35:00,3.2158,3.2198,3.2148,3.2198,3.2208,3.2248,3.2198,3.2248,21
2026-07-08 16:36:00,3.2188,3.2188,3.2178,3.2188,3.2238,3.2238,3.2228,3.2238,17
2026-07-08 16:37:00,3.2198,3.2208,3.2158,3.2158,3.2248,3.2258,3.2208,3.2208,52
2026-07-08 16:38:00,3.2163,3.2168,3.2128,3.2148,3.2213,3.2218,3.2178,3.2198,24
2026-07-08 16:39:00,3.2143,3.2158,3.2138,3.2143,3.2193,3.2208,3.2188,3.2193,21
2026-07-08 16:40:00,3.2138,3.2148,3.2118,3.2128,3.2188,3.2198,3.2168,3.2178,14
2026-07-08 16:41:00,3.2138,3.2138,3.2118,3.2128,3.2188,3.2188,3.2168,3.2178,21
2026-07-08 16:42:00,3.2138,3.2158,3.2128,3.2138,3.2188,3.2208,3.2178,3.2188,15
2026-07-08 16:43:00,3.2148,3.2148,3.2138,3.2143,3.2198,3.2198,3.2188,3.2193,23
2026-07-08 16:44:00,3.2148,3.2188,3.2148,3.2183,3.2198,3.2238,3.2198,3.2233,18
2026-07-08 16:45:00,3.2178,3.2188,3.2168,3.2178,3.2228,3.2238,3.2218,3.2228,15
2026-07-08 16:46:00,3.2188,3.2198,3.2168,3.2188,3.2238,3.2248,3.2218,3.2238,14
2026-07-08 16:47:00,3.2198,3.2238,3.2178,3.2178,3.2248,3.2288,3.2228,3.2228,25
2026-07-08 16:48:00,3.2168,3.2168,3.2128,3.2138,3.2218,3.2218,3.2178,3.2198,18
2026-07-08 16:49:00,3.2158,3.2178,3.2158,3.2178,3.2208,3.2228,3.2208,3.2228,6
2026-07-08 16:50:00,3.2188,3.2203,3.2178,3.2188,3.2238,3.2253,3.2228,3.2238,12
2026-07-08 16:51:00,3.2198,3.2208,3.2178,3.2188,3.2248,3.2258,3.2228,3.2238,6
2026-07-08 16:52:00,3.2198,3.2228,3.2198,3.2218,3.2248,3.2278,3.2248,3.2268,10
2026-07-08 16:53:00,3.2228,3.2248,3.2208,3.2223,3.2278,3.2298,3.2258,3.2273,17
2026-07-08 16:54:00,3.2228,3.2228,3.2213,3.2218,3.2278,3.2278,3.2263,3.2268,8
2026-07-08 16:55:00,3.2213,3.2218,3.2198,3.2198,3.2263,3.2268,3.2248,3.2248,34
2026-07-08 16:56:00,3.2188,3.2248,3.2188,3.2238,3.2238,3.2298,3.2238,3.2288,30
2026-07-08 16:57:00,3.2248,3.2268,3.2228,3.2228,3.2298,3.2318,3.2278,3.2278,30
2026-07-08 16:58:00,3.2218,3.2238,3.2208,3.2218,3.2268,3.2288,3.2258,3.2268,14
2026-07-08 16:59:00,3.2208,3.2248,3.2208,3.2248,3.2258,3.2298,3.2258,3.2298,12
2026-07-08 17:00:00,3.2258,3.2263,3.2208,3.2218,3.2308,3.2313,3.2258,3.2268,21
2026-07-08 17:01:00,3.2228,3.2228,3.2208,3.2218,3.2278,3.2278,3.2258,3.2268,26
2026-07-08 17:02:00,3.2223,3.2238,3.2198,3.2198,3.2273,3.2288,3.2248,3.2248,18
2026-07-08 17:03:00,3.2188,3.2208,3.2178,3.2178,3.2238,3.2258,3.2228,3.2228,24
2026-07-08 17:04:00,3.2203,3.2208,3.2198,3.2198,3.2253,3.2258,3.2253,3.2258,5
2026-07-08 17:05:00,3.2208,3.2218,3.2198,3.2218,3.2258,3.2268,3.2248,3.2268,26
2026-07-08 17:06:00,3.2213,3.2218,3.2198,3.2218,3.2263,3.2268,3.2248,3.2268,14
2026-07-08 17:07:00,3.2228,3.2268,3.2208,3.2263,3.2278,3.2318,3.2258,3.2313,27
2026-07-08 17:08:00,3.2268,3.2278,3.2258,3.2258,3.2318,3.2328,3.2308,3.2308,18
2026-07-08 17:09:00,3.2248,3.2248,3.2228,3.2238,3.2298,3.2298,3.2278,3.2288,4
2026-07-08 17:10:00,3.2248,3.2258,3.2238,3.2258,3.2298,3.2308,3.2288,3.2308,10
2026-07-08 17:11:00,3.2248,3.2258,3.2238,3.2258,3.2298,3.2308,3.2288,3.2308,5
2026-07-08 17:12:00,3.2248,3.2248,3.2228,3.2228,3.2298,3.2298,3.2278,3.2278,7
2026-07-08 17:13:00,3.2223,3.2228,3.2208,3.2228,3.2273,3.2278,3.2258,3.2278,9
2026-07-08 17:14:00,3.2218,3.2218,3.2178,3.2188,3.2268,3.2268,3.2228,3.2238,18
2026-07-08 17:15:00,3.2198,3.2198,3.2178,3.2198,3.2248,3.2248,3.2228,3.2248,5
2026-07-08 17:16:00,3.2188,3.2198,3.2178,3.2198,3.2238,3.2248,3.2228,3.2248,20
2026-07-08 17:17:00,3.2188,3.2198,3.2168,3.2178,3.2238,3.2248,3.2218,3.2228,17
2026-07-08 17:18:00,3.2168,3.2188,3.2168,3.2188,3.2218,3.2238,3.2218,3.2238,7
2026-07-08 17:19:00,3.2183,3.2188,3.2138,3.2158,3.2233,3.2238,3.2188,3.2208,29
2026-07-08 17:20:00,3.2148,3.2158,3.2098,3.2108,3.2198,3.2208,3.2148,3.2158,37
2026-07-08 17:21:00,3.2098,3.2108,3.2028,3.2078,3.2148,3.2158,3.2078,3.2128,49
2026-07-08 17:22:00,3.2068,3.2078,3.2038,3.2038,3.2118,3.2128,3.2088,3.2088,30
2026-07-08 17:23:00,3.2028,3.2028,3.1918,3.1928,3.2078,3.2078,3.1968,3.1978,42
2026-07-08 17:24:00,3.1938,3.1948,3.1903,3.1938,3.1988,3.1998,3.1953,3.1988,54
2026-07-08 17:25:00,3.1928,3.1958,3.1908,3.1938,3.1978,3.2008,3.1958,3.1988,37
2026-07-08 17:26:00,3.1948,3.1948,3.1928,3.1938,3.1998,3.1998,3.1978,3.1988,11
2026-07-08 17:27:00,3.1948,3.1958,3.1908,3.1908,3.1998,3.2008,3.1958,3.1958,20
2026-07-08 17:28:00,3.1918,3.1948,3.1918,3.1933,3.1968,3.1998,3.1968,3.1983,13
2026-07-08 17:29:00,3.1938,3.1968,3.1928,3.1938,3.1988,3.2018,3.1978,3.1988,30
2026-07-08 17:30:00,3.1928,3.1938,3.1918,3.1928,3.1978,3.1988,3.1968,3.1978,40
2026-07-08 17:31:00,3.1938,3.1948,3.1908,3.1908,3.1988,3.1998,3.1958,3.1958,14
2026-07-08 17:32:00,3.1898,3.1918,3.1898,3.1898,3.1948,3.1968,3.1948,3.1948,25
2026-07-08 17:33:00,3.1908,3.1948,3.1888,3.1948,3.1958,3.1998,3.1938,3.1998,13
2026-07-08 17:34:00,3.1938,3.1988,3.1938,3.1988,3.1988,3.2038,3.1988,3.2038,19
2026-07-08 17:35:00,3.1998,3.2038,3.1968,3.2028,3.2048,3.2088,3.2018,3.2078,43
2026-07-08 17:36:00,3.2033,3.2038,3.2018,3.2038,3.2083,3.2088,3.2068,3.2088,29
2026-07-08 17:37:00,3.2028,3.2028,3.1948,3.1983,3.2078,3.2078,3.1998,3.2033,53
2026-07-08 17:38:00,3.1978,3.2038,3.1978,3.2038,3.2028,3.2088,3.2028,3.2088,28
2026-07-08 17:39:00,3.2028,3.2048,3.2028,3.2048,3.2078,3.2098,3.2078,3.2098,12
2026-07-08 17:40:00,3.2038,3.2038,3.2018,3.2018,3.2088,3.2088,3.2068,3.2068,17
2026-07-08 17:41:00,3.2013,3.2068,3.2008,3.2068,3.2063,3.2118,3.2058,3.2118,16
2026-07-08 17:42:00,3.2058,3.2098,3.2058,3.2088,3.2108,3.2148,3.2108,3.2138,15
2026-07-08 17:43:00,3.2098,3.2118,3.2078,3.2108,3.2148,3.2168,3.2128,3.2158,23
2026-07-08 17:44:00,3.2098,3.2108,3.2093,3.2098,3.2148,3.2158,3.2143,3.2148,15
2026-07-08 17:45:00,3.2108,3.2138,3.2108,3.2128,3.2158,3.2188,3.2158,3.2178,19
2026-07-08 17:46:00,3.2123,3.2128,3.2098,3.2118,3.2173,3.2178,3.2148,3.2168,9
2026-07-08 17:47:00,3.2108,3.2108,3.2078,3.2078,3.2158,3.2158,3.2128,3.2128,19
2026-07-08 17:48:00,3.2088,3.2098,3.2078,3.2078,3.2138,3.2148,3.2128,3.2128,11
2026-07-08 17:49:00,3.2083,3.2118,3.2068,3.2113,3.2133,3.2168,3.2118,3.2163,27
2026-07-08 17:50:00,3.2118,3.2148,3.2113,3.2148,3.2168,3.2198,3.2163,3.2198,21
2026-07-08 17:51:00,3.2158,3.2198,3.2148,3.2188,3.2208,3.2248,3.2198,3.2238,38
2026-07-08 17:52:00,3.2183,3.2208,3.2178,3.2198,3.2233,3.2258,3.2228,3.2248,17
2026-07-08 17:53:00,3.2208,3.2208,3.2178,3.2183,3.2258,3.2258,3.2228,3.2233,20
2026-07-08 17:54:00,3.2188,3.2188,3.2158,3.2168,3.2238,3.2238,3.2208,3.2218,20
2026-07-08 17:55:00,3.2178,3.2188,3.2158,3.2158,3.2228,3.2238,3.2208,3.2208,25
2026-07-08 17:56:00,3.2168,3.2188,3.2158,3.2178,3.2218,3.2238,3.2208,3.2228,22
2026-07-08 17:57:00,3.2173,3.2173,3.2098,3.2098,3.2223,3.2223,3.2148,3.2148,25
2026-07-08 17:58:00,3.2088,3.2118,3.2078,3.2098,3.2138,3.2168,3.2128,3.2148,19
2026-07-08 17:59:00,3.2093,3.2108,3.2058,3.2068,3.2143,3.2158,3.2108,3.2118,38
2026-07-08 18:00:00,3.2058,3.2068,3.2038,3.2053,3.2108,3.2118,3.2088,3.2103,32
2026-07-08 18:01:00,3.2048,3.2068,3.2048,3.2068,3.2098,3.2118,3.2098,3.2118,10
2026-07-08 18:02:00,3.2058,3.2078,3.2028,3.2038,3.2108,3.2128,3.2078,3.2088,32
2026-07-08 18:03:00,3.2043,3.2048,3.2033,3.2048,3.2093,3.2098,3.2083,3.2098,16
2026-07-08 18:04:00,3.2028,3.2028,3.1988,3.2018,3.2078,3.2078,3.2038,3.2068,48
2026-07-08 18:05:00,3.2013,3.2048,3.1998,3.2048,3.2063,3.2098,3.2048,3.2098,30
2026-07-08 18:06:00,3.2038,3.2048,3.1988,3.1998,3.2088,3.2098,3.2038,3.2048,34
2026-07-08 18:07:00,3.2008,3.2008,3.1968,3.1968,3.2058,3.2058,3.2018,3.2018,18
2026-07-08 18:08:00,3.1958,3.1968,3.1948,3.1948,3.2008,3.2018,3.1998,3.1998,24
2026-07-08 18:09:00,3.1938,3.1958,3.1918,3.1918,3.1988,3.2008,3.1968,3.1968,68
2026-07-08 18:10:00,3.1908,3.1938,3.1888,3.1908,3.1958,3.1988,3.1938,3.1958,56
2026-07-08 18:11:00,3.1903,3.1908,3.1888,3.1888,3.1953,3.1958,3.1938,3.1938,42
2026-07-08 18:12:00,3.1878,3.1908,3.1878,3.1888,3.1928,3.1958,3.1928,3.1938,12
2026-07-08 18:13:00,3.1898,3.1908,3.1868,3.1868,3.1948,3.1958,3.1918,3.1918,35
2026-07-08 18:14:00,3.1878,3.1888,3.1868,3.1878,3.1928,3.1938,3.1918,3.1928,25
2026-07-08 18:15:00,3.1883,3.1928,3.1883,3.1918,3.1933,3.1978,3.1933,3.1968,20
2026-07-08 18:16:00,3.1908,3.1918,3.1903,3.1918,3.1958,3.1968,3.1953,3.1968,4
2026-07-08 18:17:00,3.1908,3.1908,3.1908,3.1908,3.1958,3.1958,3.1958,3.1958,1
2026-07-08 18:18:00,3.1918,3.1918,3.1898,3.1898,3.1968,3.1968,3.1948,3.1948,11
2026-07-08 18:19:00,3.1888,3.1928,3.1888,3.1908,3.1938,3.1978,3.1938,3.1958,23
2026-07-08 18:20:00,3.1903,3.1908,3.1878,3.1888,3.1953,3.1958,3.1928,3.1938,15
2026-07-08 18:21:00,3.1878,3.1888,3.1878,3.1883,3.1928,3.1938,3.1928,3.1933,16
2026-07-08 18:22:00,3.1888,3.1898,3.1868,3.1888,3.1938,3.1948,3.1918,3.1938,16
2026-07-08 18:23:00,3.1878,3.1878,3.1848,3.1868,3.1928,3.1928,3.1898,3.1918,20
2026-07-08 18:24:00,3.1863,3.1878,3.1858,3.1873,3.1913,3.1928,3.1908,3.1923,26
2026-07-08 18:25:00,3.1868,3.1878,3.1858,3.1868,3.1918,3.1928,3.1908,3.1918,14
2026-07-08 18:26:00,3.1858,3.1878,3.1848,3.1858,3.1908,3.1928,3.1898,3.1908,21
2026-07-08 18:27:00,3.1868,3.1868,3.1838,3.1853,3.1918,3.1918,3.1888,3.1903,27
2026-07-08 18:28:00,3.1858,3.1868,3.1848,3.1858,3.1908,3.1918,3.1898,3.1908,24
2026-07-08 18:29:00,3.1868,3.1868,3.1838,3.1848,3.1918,3.1918,3.1888,3.1898,8
2026-07-08 18:30:00,3.1843,3.1848,3.1718,3.1728,3.1893,3.1898,3.1768,3.1778,95
2026-07-08 18:31:00,3.1733,3.1778,3.1708,3.1778,3.1783,3.1828,3.1758,3.1828,53
2026-07-08 18:32:00,3.1788,3.1788,3.1758,3.1778,3.1838,3.1838,3.1808,3.1828,18
2026-07-08 18:33:00,3.1768,3.1768,3.1748,3.1748,3.1818,3.1818,3.1798,3.1798,16
2026-07-08 18:34:00,3.1738,3.1748,3.1718,3.1748,3.1788,3.1798,3.1768,3.1798,32
2026-07-08 18:35:00,3.1738,3.1758,3.1718,3.1748,3.1788,3.1808,3.1768,3.1798,43
2026-07-08 18:36:00,3.1743,3.1768,3.1738,3.1748,3.1793,3.1818,3.1788,3.1798,36
2026-07-08 18:37:00,3.1738,3.1778,3.1728,3.1758,3.1788,3.1828,3.1778,3.1808,38
2026-07-08 18:38:00,3.1748,3.1818,3.1748,3.1758,3.1798,3.1868,3.1798,3.1808,26
2026-07-08 18:39:00,3.1768,3.1768,3.1708,3.1713,3.1818,3.1818,3.1758,3.1763,45
2026-07-08 18:40:00,3.1718,3.1728,3.1638,3.1648,3.1768,3.1778,3.1688,3.1698,84
2026-07-08 18:41:00,3.1658,3.1693,3.1648,3.1688,3.1708,3.1743,3.1698,3.1738,21
2026-07-08 18:42:00,3.1678,3.1698,3.1668,3.1683,3.1728,3.1748,3.1718,3.1733,17
2026-07-08 18:43:00,3.1688,3.1718,3.1688,3.1698,3.1738,3.1768,3.1738,3.1748,22
2026-07-08 18:44:00,3.1693,3.1693,3.1668,3.1678,3.1743,3.1743,3.1718,3.1728,22
2026-07-08 18:45:00,3.1673,3.1678,3.1648,3.1658,3.1723,3.1728,3.1698,3.1708,17
2026-07-08 18:46:00,3.1653,3.1678,3.1648,3.1673,3.1703,3.1728,3.1698,3.1723,34
2026-07-08 18:47:00,3.1678,3.1708,3.1678,3.1708,3.1728,3.1758,3.1728,3.1758,19
2026-07-08 18:48:00,3.1698,3.1698,3.1678,3.1688,3.1748,3.1748,3.1728,3.1738,17
2026-07-08 18:49:00,3.1693,3.1698,3.1668,3.1678,3.1743,3.1748,3.1718,3.1728,26
2026-07-08 18:50:00,3.1688,3.1738,3.1678,3.1728,3.1738,3.1788,3.1728,3.1778,19
2026-07-08 18:51:00,3.1718,3.1718,3.1708,3.1718,3.1768,3.1768,3.1758,3.1768,5
2026-07-08 18:52:00,3.1713,3.1758,3.1708,3.1748,3.1763,3.1808,3.1758,3.1798,11
2026-07-08 18:53:00,3.1738,3.1768,3.1738,3.1738,3.1788,3.1818,3.1788,3.1788,19
2026-07-08 18:54:00,3.1748,3.1748,3.1718,3.1718,3.1798,3.1798,3.1768,3.1768,16
2026-07-08 18:55:00,3.1708,3.1748,3.1708,3.1718,3.1758,3.1798,3.1758,3.1768,22
2026-07-08 18:56:00,3.1708,3.1728,3.1708,3.1718,3.1758,3.1778,3.1758,3.1768,18
2026-07-08 18:57:00,3.1713,3.1718,3.1708,3.1718,3.1763,3.1768,3.1758,3.1768,12
2026-07-08 18:58:00,3.1708,3.1748,3.1698,3.1728,3.1758,3.1798,3.1748,3.1778,15
2026-07-08 18:59:00,3.1723,3.1723,3.1708,3.1708,3.1773,3.1773,3.1758,3.1758,4
2026-07-08 19:00:00,3.1718,3.1728,3.1688,3.1728,3.1768,3.1778,3.1738,3.1778,14
2026-07-08 19:01:00,3.1738,3.1738,3.1708,3.1708,3.1788,3.1788,3.1758,3.1758,11
2026-07-08 19:02:00,3.1698,3.1708,3.1698,3.1708,3.1748,3.1758,3.1748,3.1758,2
2026-07-08 19:03:00,3.1698,3.1698,3.1698,3.1698,3.1748,3.1748,3.1748,3.1748,1
2026-07-08 19:04:00,3.1688,3.1698,3.1678,3.1688,3.1738,3.1748,3.1728,3.1738,9
2026-07-08 19:05:00,3.1683,3.1688,3.1668,3.1678,3.1733,3.1738,3.1718,3.1728,6
2026-07-08 19:06:00,3.1688,3.1698,3.1658,3.1668,3.1738,3.1748,3.1708,3.1718,23
2026-07-08 19:07:00,3.1658,3.1688,3.1658,3.1678,3.1708,3.1738,3.1708,3.1728,8
2026-07-08 19:08:00,3.1668,3.1678,3.1668,3.1678,3.1718,3.1728,3.1718,3.1728,2
2026-07-08 19:09:00,3.1688,3.1708,3.1678,3.1708,3.1738,3.1758,3.1728,3.1758,10
2026-07-08 19:10:00,3.1703,3.1718,3.1698,3.1708,3.1753,3.1768,3.1748,3.1758,17
2026-07-08 19:11:00,3.1718,3.1728,3.1708,3.1718,3.1768,3.1778,3.1758,3.1768,7
2026-07-08 19:13:00,3.1708,3.1758,3.1708,3.1753,3.1758,3.1808,3.1758,3.1803,18
2026-07-08 19:14:00,3.1748,3.1748,3.1708,3.1718,3.1798,3.1798,3.1758,3.1768,30
2026-07-08 19:15:00,3.1728,3.1728,3.1708,3.1718,3.1778,3.1778,3.1758,3.1768,8
2026-07-08 19:16:00,3.1708,3.1708,3.1688,3.1688,3.1758,3.1758,3.1738,3.1738,20
2026-07-08 19:17:00,3.1678,3.1678,3.1678,3.1678,3.1728,3.1728,3.1728,3.1728,1
2026-07-08 19:18:00,3.1668,3.1698,3.1668,3.1688,3.1718,3.1748,3.1718,3.1738,12
2026-07-08 19:19:00,3.1693,3.1698,3.1688,3.1688,3.1743,3.1748,3.1738,3.1738,13
2026-07-08 19:20:00,3.1698,3.1698,3.1678,3.1698,3.1748,3.1748,3.1728,3.1748,8
2026-07-08 19:21:00,3.1708,3.1718,3.1698,3.1698,3.1758,3.1768,3.1748,3.1748,11
2026-07-08 19:22:00,3.1703,3.1718,3.1688,3.1708,3.1753,3.1768,3.1738,3.1758,14
2026-07-08 19:23:00,3.1698,3.1698,3.1578,3.1588,3.1748,3.1748,3.1628,3.1638,73
2026-07-08 19:24:00,3.1583,3.1608,3.1558,3.1608,3.1633,3.1658,3.1608,3.1658,78
2026-07-08 19:25:00,3.1618,3.1618,3.1548,3.1568,3.1668,3.1668,3.1598,3.1618,65
2026-07-08 19:26:00,3.1573,3.1588,3.1568,3.1578,3.1623,3.1638,3.1618,3.1628,21
2026-07-08 19:27:00,3.1573,3.1588,3.1568,3.1568,3.1623,3.1638,3.1618,3.1618,25
2026-07-08 19:28:00,3.1578,3.1598,3.1578,3.1588,3.1628,3.1648,3.1628,3.1638,21
2026-07-08 19:29:00,3.1578,3.1578,3.1578,3.1578,3.1628,3.1628,3.1628,3.1628,1
2026-07-08 19:30:00,3.1588,3.1598,3.1578,3.1588,3.1638,3.1648,3.1628,3.1638,20
2026-07-08 19:31:00,3.1598,3.1608,3.1558,3.1558,3.1648,3.1658,3.1608,3.1608,12
2026-07-08 19:32:00,3.1548,3.1568,3.1518,3.1528,3.1598,3.1618,3.1568,3.1578,49
2026-07-08 19:33:00,3.1518,3.1538,3.1518,3.1533,3.1568,3.1588,3.1568,3.1583,20
2026-07-08 19:34:00,3.1528,3.1558,3.1528,3.1548,3.1578,3.1608,3.1578,3.1598,29
2026-07-08 19:35:00,3.1558,3.1588,3.1528,3.1578,3.1608,3.1638,3.1578,3.1628,26
2026-07-08 19:36:00,3.1573,3.1583,3.1568,3.1568,3.1623,3.1633,3.1618,3.1618,11
2026-07-08 19:37:00,3.1578,3.1598,3.1568,3.1598,3.1628,3.1648,3.1618,3.1648,19
2026-07-08 19:38:00,3.1593,3.1598,3.1578,3.1588,3.1643,3.1648,3.1628,3.1638,26
2026-07-08 19:39:00,3.1578,3.1588,3.1578,3.1578,3.1628,3.1638,3.1628,3.1628,9
2026-07-08 19:40:00,3.1568,3.1578,3.1568,3.1578,3.1618,3.1628,3.1618,3.1628,10
2026-07-08 19:41:00,3.1568,3.1568,3.1558,3.1568,3.1618,3.1618,3.1608,3.1618,5
2026-07-08 19:42:00,3.1578,3.1578,3.1558,3.1568,3.1628,3.1628,3.1608,3.1618,4
2026-07-08 19:43:00,3.1558,3.1568,3.1548,3.1548,3.1608,3.1618,3.1598,3.1598,11
2026-07-08 19:44:00,3.1538,3.1588,3.1538,3.1588,3.1588,3.1638,3.1588,3.1638,14
2026-07-08 19:45:00,3.1583,3.1588,3.1578,3.1578,3.1633,3.1638,3.1628,3.1628,10
2026-07-08 19:46:00,3.1568,3.1608,3.1568,3.1598,3.1618,3.1658,3.1618,3.1648,18
2026-07-08 19:47:00,3.1608,3.1618,3.1568,3.1568,3.1658,3.1668,3.1618,3.1618,16
2026-07-08 19:49:00,3.1578,3.1588,3.1558,3.1558,3.1628,3.1638,3.1608,3.1608,14
2026-07-08 19:50:00,3.1568,3.1568,3.1558,3.1558,3.1618,3.1618,3.1608,3.1608,9
2026-07-08 19:51:00,3.1563,3.1588,3.1563,3.1578,3.1613,3.1638,3.1613,3.1628,20
2026-07-08 19:52:00,3.1588,3.1618,3.1588,3.1588,3.1638,3.1668,3.1638,3.1638,12
2026-07-08 19:53:00,3.1578,3.1588,3.1558,3.1558,3.1628,3.1638,3.1608,3.1608,21
2026-07-08 19:54:00,3.1568,3.1568,3.1558,3.1568,3.1618,3.1618,3.1608,3.1618,10
2026-07-08 19:55:00,3.1558,3.1568,3.1558,3.1568,3.1608,3.1618,3.1608,3.1618,4
2026-07-08 19:56:00,3.1573,3.1578,3.1568,3.1568,3.1623,3.1628,3.1618,3.1618,16
2026-07-08 19:57:00,3.1558,3.1568,3.1558,3.1568,3.1608,3.1618,3.1608,3.1618,22
2026-07-08 19:58:00,3.1578,3.1598,3.1568,3.1578,3.1628,3.1648,3.1618,3.1628,30
2026-07-08 19:59:00,3.1588,3.1588,3.1568,3.1578,3.1638,3.1638,3.1618,3.1628,22
2026-07-08 20:00:00,3.1583,3.1588,3.1558,3.1578,3.1633,3.1638,3.1608,3.1628,32
2026-07-08 20:01:00,3.1568,3.1598,3.1568,3.1598,3.1618,3.1648,3.1618,3.1648,28
2026-07-08 20:02:00,3.1588,3.1588,3.1568,3.1578,3.1638,3.1638,3.1618,3.1628,14
2026-07-08 20:03:00,3.1568,3.1578,3.1558,3.1568,3.1618,3.1628,3.1608,3.1618,13
2026-07-08 20:04:00,3.1573,3.1578,3.1558,3.1568,3.1623,3.1628,3.1608,3.1618,18
2026-07-08 20:05:00,3.1563,3.1578,3.1563,3.1568,3.1613,3.1628,3.1613,3.1618,12
2026-07-08 20:06:00,3.1578,3.1588,3.1568,3.1588,3.1628,3.1638,3.1618,3.1638,4
2026-07-08 20:07:00,3.1583,3.1588,3.1548,3.1548,3.1633,3.1638,3.1598,3.1598,16
2026-07-08 20:08:00,3.1538,3.1548,3.1508,3.1548,3.1588,3.1598,3.1558,3.1598,26
2026-07-08 20:09:00,3.1538,3.1548,3.1523,3.1548,3.1588,3.1598,3.1573,3.1598,15
2026-07-08 20:10:00,3.1538,3.1548,3.1528,3.1538,3.1588,3.1598,3.1578,3.1588,21
2026-07-08 20:11:00,3.1548,3.1558,3.1513,3.1558,3.1598,3.1608,3.1563,3.1608,26
2026-07-08 20:12:00,3.1553,3.1553,3.1508,3.1518,3.1603,3.1603,3.1558,3.1568,19
2026-07-08 20:13:00,3.1513,3.1518,3.1498,3.1498,3.1563,3.1568,3.1548,3.1548,25
2026-07-08 20:14:00,3.1508,3.1518,3.1498,3.1508,3.1558,3.1568,3.1548,3.1558,9
2026-07-08 20:15:00,3.1518,3.1548,3.1498,3.1518,3.1568,3.1598,3.1548,3.1568,30
2026-07-08 20:16:00,3.1528,3.1548,3.1518,3.1548,3.1578,3.1598,3.1568,3.1598,19
2026-07-08 20:17:00,3.1558,3.1568,3.1548,3.1563,3.1608,3.1618,3.1598,3.1613,14
2026-07-08 20:18:00,3.1568,3.1588,3.1558,3.1588,3.1618,3.1638,3.1608,3.1638,22
2026-07-08 20:19:00,3.1578,3.1618,3.1578,3.1598,3.1628,3.1668,3.1628,3.1648,33
2026-07-08 20:20:00,3.1588,3.1588,3.1548,3.1548,3.1638,3.1638,3.1598,3.1598,44
2026-07-08 20:21:00,3.1538,3.1538,3.1518,3.1528,3.1588,3.1588,3.1568,3.1578,7
2026-07-08 20:22:00,3.1523,3.1538,3.1503,3.1538,3.1573,3.1588,3.1553,3.1588,62
2026-07-08 20:23:00,3.1548,3.1548,3.1498,3.1538,3.1598,3.1598,3.1548,3.1588,23
2026-07-08 20:24:00,3.1548,3.1548,3.1528,3.1548,3.1598,3.1598,3.1578,3.1598,29
2026-07-08 20:25:00,3.1558,3.1578,3.1548,3.1558,3.1608,3.1628,3.1598,3.1608,53
2026-07-08 20:26:00,3.1568,3.1568,3.1558,3.1568,3.1618,3.1618,3.1608,3.1618,17
2026-07-08 20:27:00,3.1578,3.1588,3.1578,3.1578,3.1628,3.1638,3.1628,3.1628,22
2026-07-08 20:28:00,3.1588,3.1608,3.1558,3.1608,3.1638,3.1658,3.1608,3.1658,152
2026-07-08 20:29:00,3.1598,3.1608,3.1548,3.1558,3.1648,3.1658,3.1598,3.1608,70
2026-07-08 20:30:00,3.1548,3.1568,3.1538,3.1558,3.1598,3.1618,3.1588,3.1608,42
2026-07-08 20:31:00,3.1568,3.1608,3.1563,3.1598,3.1618,3.1658,3.1613,3.1648,27
2026-07-08 20:32:00,3.1588,3.1618,3.1583,3.1603,3.1638,3.1668,3.1633,3.1653,15
2026-07-08 20:33:00,3.1608,3.1608,3.1578,3.1598,3.1658,3.1658,3.1628,3.1648,17
2026-07-08 20:34:00,3.1588,3.1593,3.1563,3.1568,3.1638,3.1643,3.1613,3.1618,15
2026-07-08 20:35:00,3.1578,3.1578,3.1558,3.1558,3.1628,3.1628,3.1608,3.1608,4
2026-07-08 20:36:00,3.1553,3.1568,3.1548,3.1563,3.1603,3.1618,3.1598,3.1613,18
2026-07-08 20:37:00,3.1568,3.1578,3.1563,3.1578,3.1618,3.1628,3.1613,3.1628,12
2026-07-08 20:38:00,3.1568,3.1588,3.1568,3.1578,3.1618,3.1638,3.1618,3.1628,10
2026-07-08 20:40:00,3.1583,3.1598,3.1583,3.1598,3.1633,3.1648,3.1633,3.1648,3
2026-07-08 20:41:00,3.1588,3.1598,3.1588,3.1598,3.1638,3.1648,3.1638,3.1648,3
2026-07-08 20:42:00,3.1588,3.1598,3.1578,3.1588,3.1638,3.1648,3.1628,3.1638,7
2026-07-08 20:44:00,3.1583,3.1598,3.1578,3.1598,3.1633,3.1648,3.1628,3.1648,6
2026-07-08 20:45:00,3.1608,3.1618,3.1598,3.1598,3.1658,3.1668,3.1648,3.1648,4
2026-07-08 20:46:00,3.1593,3.1613,3.1593,3.1613,3.1643,3.1663,3.1643,3.1663,4
2026-07-08 20:47:00,3.1608,3.1628,3.1608,3.1628,3.1658,3.1678,3.1658,3.1678,7
2026-07-08 20:48:00,3.1618,3.1628,3.1608,3.1608,3.1668,3.1678,3.1658,3.1658,8
2026-07-08 20:49:00,3.1603,3.1608,3.1603,3.1608,3.1653,3.1658,3.1653,3.1658,2
2026-07-08 20:50:00,3.1598,3.1608,3.1598,3.1608,3.1648,3.1658,3.1648,3.1658,7
2026-07-08 20:51:00,3.1598,3.1608,3.1598,3.1598,3.1648,3.1658,3.1648,3.1648,4
2026-07-08 20:53:00,3.1603,3.1638,3.1598,3.1638,3.1653,3.1688,3.1648,3.1688,8
2026-07-08 20:54:00,3.1648,3.1648,3.1618,3.1628,3.1698,3.1698,3.1668,3.1678,13
2026-07-08 20:55:00,3.1623,3.1668,3.1618,3.1658,3.1673,3.1718,3.1668,3.1708,17
2026-07-08 20:56:00,3.1648,3.1678,3.1648,3.1668,3.1698,3.1728,3.1698,3.1718,14
2026-07-08 20:57:00,3.1658,3.1668,3.1648,3.1658,3.1708,3.1718,3.1698,3.1708,7
2026-07-08 20:58:00,3.1653,3.1668,3.1653,3.1658,3.1703,3.1718,3.1703,3.1708,7
2026-07-08 20:59:00,3.1663,3.1668,3.1648,3.1648,3.1713,3.1718,3.1698,3.1698,10
2026-07-08 21:00:00,3.1638,3.1638,3.1628,3.1628,3.1688,3.1688,3.1678,3.1678,16
2026-07-08 21:01:00,3.1638,3.1638,3.1628,3.1638,3.1688,3.1688,3.1678,3.1688,10
2026-07-08 21:03:00,3.1648,3.1658,3.1648,3.1658,3.1698,3.1708,3.1698,3.1708,14
2026-07-08 21:04:00,3.1648,3.1658,3.1638,3.1653,3.1698,3.1708,3.1688,3.1703,16
2026-07-08 21:05:00,3.1658,3.1668,3.1658,3.1668,3.1708,3.1718,3.1708,3.1718,4
2026-07-08 21:06:00,3.1678,3.1688,3.1658,3.1668,3.1728,3.1738,3.1708,3.1718,10
2026-07-08 21:07:00,3.1658,3.1658,3.1658,3.1658,3.1708,3.1708,3.1708,3.1708,1
2026-07-08 21:08:00,3.1648,3.1648,3.1648,3.1648,3.1698,3.1698,3.1698,3.1698,1
2026-07-08 21:09:00,3.1638,3.1648,3.1638,3.1648,3.1688,3.1698,3.1688,3.1698,2
2026-07-08 21:10:00,3.1658,3.1658,3.1658,3.1658,3.1708,3.1708,3.1708,3.1708,1
2026-07-08 21:11:00,3.1668,3.1668,3.1658,3.1658,3.1718,3.1718,3.1708,3.1708,4
2026-07-08 21:12:00,3.1653,3.1668,3.1653,3.1658,3.1703,3.1718,3.1703,3.1708,6
2026-07-08 21:13:00,3.1648,3.1658,3.1648,3.1648,3.1698,3.1708,3.1698,3.1698,3
2026-07-08 21:16:00,3.1658,3.1658,3.1658,3.1658,3.1708,3.1708,3.1708,3.1708,1
2026-07-08 21:18:00,3.1668,3.1688,3.1668,3.1688,3.1718,3.1738,3.1718,3.1738,5
2026-07-08 21:21:00,3.1698,3.1718,3.1698,3.1718,3.1748,3.1768,3.1748,3.1768,9
2026-07-08 21:22:00,3.1728,3.1728,3.1718,3.1728,3.1778,3.1778,3.1768,3.1778,5
2026-07-08 21:23:00,3.1738,3.1738,3.1728,3.1738,3.1788,3.1788,3.1778,3.1788,3
2026-07-08 21:25:00,3.1748,3.1758,3.1738,3.1748,3.1798,3.1808,3.1788,3.1798,7
2026-07-08 21:26:00,3.1738,3.1738,3.1728,3.1738,3.1788,3.1788,3.1778,3.1788,3
2026-07-08 21:27:00,3.1728,3.1738,3.1728,3.1728,3.1778,3.1788,3.1778,3.1778,3
2026-07-08 21:29:00,3.1718,3.1728,3.1708,3.1718,3.1768,3.1778,3.1758,3.1768,5
2026-07-08 21:30:00,3.1728,3.1738,3.1728,3.1738,3.1778,3.1788,3.1778,3.1788,3
2026-07-08 21:32:00,3.1728,3.1728,3.1718,3.1718,3.1778,3.1778,3.1768,3.1768,5
2026-07-08 21:34:00,3.1728,3.1738,3.1728,3.1738,3.1778,3.1788,3.1778,3.1788,2
2026-07-08 21:35:00,3.1728,3.1738,3.1728,3.1728,3.1778,3.1788,3.1778,3.1778,3
2026-07-08 21:37:00,3.1718,3.1728,3.1718,3.1728,3.1768,3.1778,3.1768,3.1778,4
2026-07-08 21:38:00,3.1718,3.1718,3.1718,3.1718,3.1768,3.1768,3.1768,3.1768,1
2026-07-08 21:39:00,3.1708,3.1718,3.1708,3.1718,3.1758,3.1768,3.1758,3.1768,4
2026-07-08 21:40:00,3.1708,3.1718,3.1708,3.1718,3.1758,3.1768,3.1758,3.1768,2
2026-07-08 21:41:00,3.1708,3.1718,3.1708,3.1718,3.1758,3.1768,3.1758,3.1768,4
2026-07-08 21:43:00,3.1728,3.1758,3.1728,3.1758,3.1778,3.1808,3.1778,3.1808,4
2026-07-08 21:44:00,3.1768,3.1768,3.1768,3.1768,3.1818,3.1818,3.1818,3.1818,1
2026-07-08 21:45:00,3.1758,3.1778,3.1748,3.1748,3.1808,3.1828,3.1798,3.1798,19
2026-07-08 21:46:00,3.1753,3.1753,3.1728,3.1738,3.1803,3.1803,3.1778,3.1788,7
2026-07-08 21:47:00,3.1728,3.1748,3.1728,3.1738,3.1778,3.1798,3.1778,3.1788,9
2026-07-08 21:48:00,3.1748,3.1748,3.1738,3.1748,3.1798,3.1798,3.1788,3.1798,3
2026-07-08 21:49:00,3.1743,3.1748,3.1738,3.1738,3.1793,3.1798,3.1788,3.1788,4
2026-07-08 21:50:00,3.1733,3.1733,3.1668,3.1668,3.1783,3.1783,3.1718,3.1718,22
2026-07-08 21:51:00,3.1663,3.1668,3.1663,3.1668,3.1713,3.1718,3.1713,3.1718,2
2026-07-08 21:53:00,3.1678,3.1678,3.1663,3.1663,3.1728,3.1728,3.1713,3.1713,3
2026-07-08 21:54:00,3.1668,3.1668,3.1668,3.1668,3.1718,3.1718,3.1718,3.1718,1
2026-07-08 21:55:00,3.1678,3.1678,3.1678,3.1678,3.1728,3.1728,3.1728,3.1728,1
2026-07-08 21:57:00,3.1688,3.1688,3.1688,3.1688,3.1738,3.1738,3.1738,3.1738,1
2026-07-08 21:58:00,3.1683,3.1698,3.1678,3.1688,3.1733,3.1748,3.1728,3.1738,6
2026-07-08 21:59:00,3.1678,3.1688,3.1678,3.1683,3.1728,3.1738,3.1728,3.1733,5
2026-07-08 22:00:00,3.1688,3.1698,3.1688,3.1693,3.1738,3.1748,3.1738,3.1743,4
2026-07-08 22:01:00,3.1698,3.1698,3.1698,3.1698,3.1748,3.1748,3.1748,3.1748,1
2026-07-08 22:02:00,3.1703,3.1703,3.1698,3.1698,3.1753,3.1753,3.1748,3.1748,2
2026-07-08 22:05:00,3.1703,3.1703,3.1698,3.1698,3.1753,3.1753,3.1748,3.1748,2
2026-07-08 22:06:00,3.1703,3.1708,3.1703,3.1708,3.1753,3.1758,3.1753,3.1758,4
2026-07-08 22:07:00,3.1718,3.1718,3.1708,3.1713,3.1768,3.1768,3.1758,3.1763,4
2026-07-08 22:08:00,3.1718,3.1718,3.1688,3.1688,3.1768,3.1768,3.1738,3.1738,7
2026-07-08 22:10:00,3.1678,3.1678,3.1668,3.1668,3.1728,3.1728,3.1718,3.1718,2
2026-07-08 22:11:00,3.1673,3.1698,3.1673,3.1688,3.1723,3.1748,3.1723,3.1738,11
2026-07-08 22:12:00,3.1693,3.1698,3.1693,3.1698,3.1743,3.1748,3.1743,3.1748,4
2026-07-08 22:14:00,3.1693,3.1698,3.1688,3.1698,3.1743,3.1748,3.1738,3.1748,5
2026-07-08 22:15:00,3.1708,3.1708,3.1693,3.1698,3.1758,3.1758,3.1743,3.1748,4
2026-07-08 22:16:00,3.1703,3.1708,3.1688,3.1698,3.1753,3.1758,3.1738,3.1748,12
2026-07-08 22:17:00,3.1708,3.1708,3.1698,3.1698,3.1758,3.1758,3.1748,3.1748,3
2026-07-08 22:18:00,3.1693,3.1693,3.1688,3.1693,3.1743,3.1743,3.1738,3.1743,3
2026-07-08 22:19:00,3.1698,3.1698,3.1688,3.1688,3.1748,3.1748,3.1738,3.1738,3
2026-07-08 22:20:00,3.1693,3.1698,3.1693,3.1698,3.1743,3.1748,3.1743,3.1748,2
2026-07-08 22:21:00,3.1708,3.1718,3.1698,3.1708,3.1758,3.1768,3.1748,3.1758,10
2026-07-08 22:22:00,3.1703,3.1708,3.1688,3.1688,3.1753,3.1758,3.1738,3.1738,6
2026-07-08 22:23:00,3.1693,3.1693,3.1688,3.1688,3.1743,3.1743,3.1738,3.1738,2
2026-07-08 22:25:00,3.1698,3.1698,3.1698,3.1698,3.1748,3.1748,3.1748,3.1748,1
2026-07-08 22:28:00,3.1693,3.1693,3.1688,3.1693,3.1743,3.1743,3.1738,3.1743,3
2026-07-08 22:29:00,3.1698,3.1703,3.1688,3.1688,3.1748,3.1753,3.1738,3.1738,5
2026-07-08 22:30:00,3.1693,3.1698,3.1678,3.1688,3.1743,3.1748,3.1728,3.1738,7
2026-07-08 22:31:00,3.1678,3.1688,3.1678,3.1688,3.1728,3.1738,3.1728,3.1738,3
2026-07-08 22:32:00,3.1678,3.1678,3.1668,3.1673,3.1728,3.1728,3.1718,3.1723,9
2026-07-08 22:33:00,3.1678,3.1678,3.1668,3.1678,3.1728,3.1728,3.1718,3.1728,3
2026-07-08 22:34:00,3.1683,3.1688,3.1678,3.1678,3.1733,3.1738,3.1728,3.1728,3
2026-07-08 22:35:00,3.1683,3.1688,3.1678,3.1678,3.1733,3.1738,3.1728,3.1728,3
2026-07-08 22:36:00,3.1683,3.1688,3.1683,3.1683,3.1733,3.1738,3.1733,3.1733,3
2026-07-08 22:37:00,3.1688,3.1688,3.1688,3.1688,3.1738,3.1738,3.1738,3.1738,1
2026-07-08 22:38:00,3.1683,3.1688,3.1678,3.1683,3.1733,3.1738,3.1728,3.1733,5
2026-07-08 22:39:00,3.1688,3.1698,3.1688,3.1698,3.1738,3.1748,3.1738,3.1748,4
2026-07-08 22:40:00,3.1708,3.1718,3.1708,3.1708,3.1758,3.1768,3.1758,3.1758,4
2026-07-08 22:41:00,3.1698,3.1698,3.1698,3.1698,3.1748,3.1748,3.1748,3.1748,1
2026-07-08 22:42:00,3.1708,3.1708,3.1698,3.1698,3.1758,3.1758,3.1748,3.1748,2
2026-07-08 22:43:00,3.1703,3.1703,3.1698,3.1698,3.1753,3.1753,3.1748,3.1748,2
2026-07-08 22:44:00,3.1703,3.1708,3.1703,3.1708,3.1753,3.1758,3.1753,3.1758,2
2026-07-08 22:45:00,3.1698,3.1703,3.1688,3.1703,3.1748,3.1753,3.1738,3.1753,6
2026-07-08 22:46:00,3.1698,3.1703,3.1698,3.1698,3.1748,3.1753,3.1748,3.1748,3
2026-07-08 22:47:00,3.1703,3.1703,3.1698,3.1703,3.1753,3.1753,3.1748,3.1753,7
2026-07-08 22:48:00,3.1698,3.1708,3.1698,3.1703,3.1748,3.1758,3.1748,3.1753,8
2026-07-08 22:49:00,3.1698,3.1698,3.1688,3.1688,3.1748,3.1748,3.1738,3.1738,3
2026-07-08 22:50:00,3.1698,3.1698,3.1688,3.1688,3.1748,3.1748,3.1738,3.1738,4
2026-07-08 22:51:00,3.1693,3.1698,3.1693,3.1698,3.1743,3.1748,3.1743,3.1748,8
2026-07-08 22:52:00,3.1693,3.1698,3.1693,3.1698,3.1743,3.1748,3.1743,3.1748,12
2026-07-08 22:53:00,3.1693,3.1698,3.1688,3.1693,3.1743,3.1748,3.1738,3.1743,10
2026-07-08 22:54:00,3.1688,3.1708,3.1678,3.1703,3.1738,3.1758,3.1728,3.1753,15
2026-07-08 22:55:00,3.1698,3.1708,3.1698,3.1703,3.1748,3.1758,3.1748,3.1753,7
2026-07-08 22:56:00,3.1698,3.1698,3.1678,3.1678,3.1748,3.1748,3.1728,3.1728,4
2026-07-08 22:57:00,3.1673,3.1678,3.1673,3.1678,3.1723,3.1728,3.1723,3.1728,2
2026-07-08 22:58:00,3.1668,3.1668,3.1638,3.1643,3.1718,3.1718,3.1688,3.1693,18
2026-07-08 22:59:00,3.1648,3.1709,3.1638,3.1695,3.1698,3.175,3.1688,3.1745,24
2026-07-09 00:00:00,3.1705,3.1725,3.1675,3.1705,3.1755,3.1775,3.1725,3.1755,25
2026-07-09 00:01:00,3.171,3.172,3.1695,3.171,3.176,3.177,3.1745,3.176,14
2026-07-09 00:02:00,3.1705,3.171,3.168,3.1685,3.1755,3.176,3.173,3.1735,16
2026-07-09 00:03:00,3.17,3.1705,3.169,3.1705,3.175,3.1755,3.174,3.1755,4
2026-07-09 00:04:00,3.17,3.17,3.1695,3.17,3.175,3.175,3.1745,3.175,3
2026-07-09 00:05:00,3.1695,3.17,3.169,3.169,3.1745,3.175,3.174,3.174,7
2026-07-09 00:06:00,3.168,3.169,3.167,3.1675,3.173,3.174,3.172,3.1725,7
2026-07-09 00:07:00,3.167,3.169,3.167,3.1685,3.172,3.174,3.172,3.1735,5
2026-07-09 00:08:00,3.168,3.169,3.168,3.169,3.173,3.174,3.173,3.174,4
2026-07-09 00:09:00,3.17,3.1705,3.169,3.1705,3.175,3.1755,3.174,3.1755,6
2026-07-09 00:10:00,3.171,3.171,3.171,3.171,3.176,3.176,3.176,3.176,1
2026-07-09 00:11:00,3.17,3.1705,3.168,3.1685,3.175,3.1755,3.173,3.1735,11
2026-07-09 00:12:00,3.169,3.169,3.168,3.168,3.174,3.174,3.173,3.173,2
2026-07-09 00:13:00,3.169,3.169,3.1675,3.168,3.174,3.174,3.1725,3.173,4
2026-07-09 00:14:00,3.169,3.169,3.1675,3.1675,3.174,3.174,3.1725,3.1725,3
2026-07-09 00:15:00,3.167,3.167,3.167,3.167,3.172,3.172,3.172,3.172,1
2026-07-09 00:18:00,3.1665,3.167,3.166,3.166,3.1715,3.172,3.171,3.171,4
2026-07-09 00:22:00,3.1665,3.167,3.1665,3.167,3.1715,3.172,3.1715,3.172,2
2026-07-09 00:23:00,3.166,3.166,3.1655,3.166,3.171,3.171,3.1705,3.171,3
2026-07-09 00:25:00,3.1665,3.167,3.1665,3.167,3.1715,3.172,3.1715,3.172,2
2026-07-09 00:26:00,3.168,3.168,3.1675,3.1675,3.173,3.173,3.1725,3.1725,2
2026-07-09 00:27:00,3.167,3.167,3.167,3.167,3.172,3.172,3.172,3.172,1
2026-07-09 00:28:00,3.1665,3.1665,3.1665,3.1665,3.1715,3.1715,3.1715,3.1715,1
2026-07-09 00:30:00,3.167,3.168,3.167,3.167,3.172,3.173,3.172,3.172,3
2026-07-09 00:33:00,3.1665,3.1665,3.1665,3.1665,3.1715,3.1715,3.1715,3.1715,1
2026-07-09 00:34:00,3.167,3.167,3.166,3.1665,3.172,3.172,3.171,3.1715,4
2026-07-09 00:35:00,3.167,3.167,3.1665,3.167,3.172,3.172,3.1715,3.172,5
2026-07-09 00:36:00,3.1665,3.1705,3.1665,3.1705,3.1715,3.1755,3.1715,3.1755,8
2026-07-09 00:37:00,3.174,3.175,3.1725,3.175,3.179,3.18,3.1775,3.18,6
2026-07-09 00:38:00,3.1745,3.1745,3.171,3.1715,3.1795,3.1795,3.176,3.1765,10
2026-07-09 00:39:00,3.172,3.172,3.172,3.172,3.177,3.177,3.177,3.177,1
2026-07-09 00:40:00,3.171,3.171,3.17,3.17,3.176,3.176,3.175,3.175,2
2026-07-09 00:41:00,3.1695,3.1695,3.1695,3.1695,3.1745,3.1745,3.1745,3.1745,1
2026-07-09 00:43:00,3.17,3.17,3.17,3.17,3.175,3.175,3.175,3.175,1
2026-07-09 00:50:00,3.1705,3.1705,3.1705,3.1705,3.1755,3.1755,3.1755,3.1755,1
2026-07-09 00:51:00,3.17,3.17,3.17,3.17,3.175,3.175,3.175,3.175,1
2026-07-09 00:57:00,3.171,3.172,3.171,3.171,3.176,3.177,3.176,3.176,3
2026-07-09 01:01:00,3.1705,3.1705,3.17,3.1705,3.1755,3.1755,3.175,3.1755,3
2026-07-09 01:02:00,3.17,3.17,3.17,3.17,3.175,3.175,3.175,3.175,1
2026-07-09 01:11:00,3.1705,3.171,3.1705,3.171,3.1755,3.176,3.1755,3.176,2
2026-07-09 01:12:00,3.1705,3.1705,3.1705,3.1705,3.1755,3.1755,3.1755,3.1755,1
2026-07-09 01:13:00,3.171,3.171,3.1705,3.1705,3.176,3.176,3.1755,3.1755,2
2026-07-09 01:16:00,3.171,3.171,3.171,3.171,3.176,3.176,3.176,3.176,1
2026-07-09 01:19:00,3.172,3.172,3.172,3.172,3.177,3.177,3.177,3.177,1
2026-07-09 01:20:00,3.173,3.173,3.172,3.172,3.178,3.178,3.177,3.177,2
2026-07-09 01:21:00,3.171,3.1715,3.171,3.1715,3.176,3.1765,3.176,3.1765,2
2026-07-09 01:22:00,3.171,3.171,3.171,3.171,3.176,3.176,3.176,3.176,1
2026-07-09 01:23:00,3.1715,3.172,3.1715,3.172,3.1765,3.177,3.1765,3.177,2
2026-07-09 01:24:00,3.1725,3.1725,3.1725,3.1725,3.1775,3.1775,3.1775,3.1775,1
2026-07-09 01:26:00,3.173,3.173,3.1725,3.1725,3.178,3.178,3.1775,3.1775,2
2026-07-09 01:28:00,3.172,3.172,3.172,3.172,3.177,3.177,3.177,3.177,1
2026-07-09 01:33:00,3.171,3.171,3.1705,3.1705,3.176,3.176,3.1755,3.1755,2
2026-07-09 01:35:00,3.171,3.171,3.171,3.171,3.176,3.176,3.176,3.176,1
2026-07-09 01:41:00,3.1715,3.1715,3.1715,3.1715,3.1765,3.1765,3.1765,3.1765,1
2026-07-09 01:43:00,3.172,3.173,3.172,3.173,3.177,3.178,3.177,3.178,3
2026-07-09 01:45:00,3.172,3.172,3.172,3.172,3.177,3.177,3.177,3.177,1
2026-07-09 01:47:00,3.171,3.171,3.171,3.171,3.176,3.176,3.176,3.176,1
2026-07-09 01:50:00,3.17,3.1705,3.17,3.1705,3.175,3.1755,3.175,3.1755,2
2026-07-09 01:51:00,3.17,3.17,3.17,3.17,3.175,3.175,3.175,3.175,1
2026-07-09 01:52:00,3.1695,3.1695,3.1695,3.1695,3.1745,3.1745,3.1745,3.1745,1
2026-07-09 01:53:00,3.1705,3.171,3.1705,3.171,3.1755,3.176,3.1755,3.176,4
2026-07-09 01:54:00,3.17,3.1705,3.17,3.1705,3.175,3.1755,3.175,3.1755,2
2026-07-09 01:57:00,3.17,3.17,3.17,3.17,3.175,3.175,3.175,3.175,1
2026-07-09 01:58:00,3.1695,3.1695,3.1695,3.1695,3.1745,3.1745,3.1745,3.1745,1
2026-07-09 01:59:00,3.1705,3.171,3.1705,3.171,3.1755,3.176,3.1755,3.176,2
2026-07-09 02:00:00,3.17,3.1725,3.17,3.172,3.175,3.1775,3.175,3.177,6
2026-07-09 02:01:00,3.173,3.173,3.171,3.172,3.178,3.178,3.176,3.177,5
2026-07-09 02:03:00,3.171,3.1715,3.171,3.1715,3.176,3.1765,3.176,3.1765,2
2026-07-09 02:05:00,3.17,3.1705,3.169,3.17,3.175,3.1755,3.174,3.175,5
2026-07-09 02:06:00,3.1705,3.171,3.17,3.171,3.1755,3.176,3.175,3.176,5
2026-07-09 02:07:00,3.17,3.17,3.1665,3.1665,3.175,3.175,3.1715,3.1715,9
2026-07-09 02:08:00,3.166,3.168,3.165,3.167,3.171,3.173,3.17,3.172,14
2026-07-09 02:09:00,3.168,3.17,3.168,3.1695,3.173,3.175,3.173,3.1745,4
2026-07-09 02:10:00,3.169,3.169,3.1675,3.168,3.174,3.174,3.1725,3.173,7
2026-07-09 02:12:00,3.1675,3.168,3.167,3.1675,3.1725,3.173,3.172,3.1725,6
2026-07-09 02:13:00,3.167,3.167,3.167,3.167,3.172,3.172,3.172,3.172,1
2026-07-09 02:14:00,3.166,3.166,3.166,3.166,3.171,3.171,3.171,3.171,1
2026-07-09 02:15:00,3.165,3.166,3.164,3.164,3.17,3.171,3.169,3.169,9
2026-07-09 02:16:00,3.163,3.164,3.163,3.163,3.168,3.169,3.168,3.168,5
2026-07-09 02:17:00,3.1635,3.165,3.1635,3.1635,3.1685,3.17,3.1685,3.1685,6
2026-07-09 02:18:00,3.164,3.165,3.164,3.165,3.169,3.17,3.169,3.17,2
2026-07-09 02:19:00,3.1655,3.1675,3.1655,3.167,3.1705,3.1725,3.1705,3.172,5
2026-07-09 02:20:00,3.1675,3.168,3.1675,3.168,3.1725,3.173,3.1725,3.173,4
2026-07-09 02:21:00,3.1675,3.1675,3.167,3.167,3.1725,3.1725,3.172,3.172,2
2026-07-09 02:22:00,3.1675,3.168,3.1665,3.167,3.1725,3.173,3.1715,3.172,5
2026-07-09 02:23:00,3.1675,3.168,3.167,3.168,3.1725,3.173,3.172,3.173,11
2026-07-09 02:24:00,3.169,3.169,3.1675,3.168,3.174,3.174,3.1725,3.173,30
2026-07-09 02:25:00,3.1675,3.1675,3.1675,3.1675,3.1725,3.1725,3.1725,3.1725,1
2026-07-09 02:26:00,3.168,3.169,3.168,3.168,3.173,3.174,3.173,3.173,5
2026-07-09 02:27:00,3.1685,3.169,3.168,3.168,3.1735,3.174,3.173,3.173,3
2026-07-09 02:28:00,3.1675,3.1675,3.167,3.167,3.1725,3.1725,3.172,3.172,2
2026-07-09 02:29:00,3.166,3.168,3.166,3.167,3.171,3.173,3.171,3.172,5
2026-07-09 02:30:00,3.166,3.167,3.166,3.167,3.171,3.172,3.171,3.172,2
2026-07-09 02:31:00,3.1675,3.168,3.1675,3.168,3.1725,3.173,3.1725,3.173,2
2026-07-09 02:33:00,3.166,3.166,3.165,3.166,3.171,3.171,3.17,3.171,3
2026-07-09 02:34:00,3.1665,3.1665,3.165,3.166,3.1715,3.1715,3.17,3.171,4
2026-07-09 02:35:00,3.167,3.168,3.167,3.167,3.172,3.173,3.172,3.172,3
2026-07-09 02:36:00,3.1665,3.168,3.1665,3.168,3.1715,3.173,3.1715,3.173,5
2026-07-09 02:41:00,3.169,3.172,3.169,3.172,3.174,3.177,3.174,3.177,7
2026-07-09 02:42:00,3.171,3.172,3.171,3.171,3.176,3.177,3.176,3.176,6
2026-07-09 02:45:00,3.1705,3.1705,3.1705,3.1705,3.1755,3.1755,3.1755,3.1755,1
2026-07-09 02:46:00,3.17,3.17,3.17,3.17,3.175,3.175,3.175,3.175,1
2026-07-09 02:47:00,3.169,3.17,3.169,3.17,3.174,3.175,3.174,3.175,2
2026-07-09 02:48:00,3.171,3.171,3.171,3.171,3.176,3.176,3.176,3.176,1
2026-07-09 02:49:00,3.1705,3.171,3.1705,3.171,3.1755,3.176,3.1755,3.176,4
2026-07-09 02:50:00,3.17,3.17,3.169,3.17,3.175,3.175,3.174,3.175,6
2026-07-09 02:51:00,3.1705,3.1705,3.17,3.17,3.1755,3.1755,3.175,3.175,4
2026-07-09 02:52:00,3.169,3.169,3.169,3.169,3.174,3.174,3.174,3.174,1
2026-07-09 02:53:00,3.1695,3.17,3.169,3.17,3.1745,3.175,3.174,3.175,5
2026-07-09 02:54:00,3.1705,3.1705,3.17,3.17,3.1755,3.1755,3.175,3.175,6
2026-07-09 02:55:00,3.1705,3.1725,3.17,3.172,3.1755,3.1775,3.175,3.177,7
2026-07-09 02:56:00,3.1725,3.1725,3.172,3.1725,3.1775,3.1775,3.177,3.1775,3
2026-07-09 02:57:00,3.172,3.172,3.172,3.172,3.177,3.177,3.177,3.177,1
2026-07-09 02:58:00,3.171,3.172,3.1705,3.171,3.176,3.177,3.1755,3.176,8
2026-07-09 02:59:00,3.1705,3.171,3.169,3.17,3.1755,3.176,3.174,3.175,9
2026-07-09 03:00:00,3.1695,3.17,3.169,3.1695,3.1745,3.175,3.174,3.1745,11
2026-07-09 03:01:00,3.169,3.171,3.169,3.1695,3.174,3.176,3.174,3.1745,13
2026-07-09 03:02:00,3.17,3.17,3.167,3.169,3.175,3.175,3.172,3.174,32
2026-07-09 03:03:00,3.1685,3.17,3.1685,3.17,3.1735,3.175,3.1735,3.175,3
2026-07-09 03:04:00,3.1705,3.172,3.17,3.1715,3.1755,3.177,3.175,3.1765,13
2026-07-09 03:05:00,3.172,3.172,3.171,3.172,3.177,3.177,3.176,3.177,7
2026-07-09 03:06:00,3.1715,3.1725,3.1715,3.172,3.1765,3.1775,3.1765,3.177,4
2026-07-09 03:07:00,3.1725,3.1725,3.172,3.1725,3.1775,3.1775,3.177,3.1775,9
2026-07-09 03:08:00,3.172,3.1725,3.172,3.1725,3.177,3.1775,3.177,3.1775,4
2026-07-09 03:09:00,3.172,3.1725,3.1715,3.1715,3.177,3.1775,3.1765,3.1765,8
2026-07-09 03:10:00,3.172,3.172,3.1715,3.1715,3.177,3.177,3.1765,3.1765,10
2026-07-09 03:11:00,3.172,3.172,3.172,3.172,3.177,3.177,3.177,3.177,1
2026-07-09 03:12:00,3.1725,3.173,3.1725,3.1725,3.1775,3.178,3.1775,3.1775,3
2026-07-09 03:13:00,3.173,3.173,3.173,3.173,3.178,3.178,3.178,3.178,1
2026-07-09 03:14:00,3.1725,3.173,3.1725,3.173,3.1775,3.178,3.1775,3.178,2
2026-07-09 03:15:00,3.174,3.176,3.174,3.176,3.179,3.181,3.179,3.181,12
2026-07-09 03:16:00,3.175,3.176,3.175,3.176,3.18,3.181,3.18,3.181,4
2026-07-09 03:17:00,3.175,3.175,3.175,3.175,3.18,3.18,3.18,3.18,1
2026-07-09 03:19:00,3.1755,3.1755,3.175,3.175,3.1805,3.1805,3.18,3.18,6
2026-07-09 03:20:00,3.1755,3.176,3.175,3.176,3.1805,3.181,3.18,3.181,4
2026-07-09 03:21:00,3.175,3.176,3.174,3.1755,3.18,3.181,3.179,3.1805,11
2026-07-09 03:22:00,3.175,3.175,3.175,3.175,3.18,3.18,3.18,3.18,1
2026-07-09 03:23:00,3.1755,3.176,3.1745,3.175,3.1805,3.181,3.1795,3.18,11
2026-07-09 03:25:00,3.176,3.176,3.173,3.1735,3.181,3.181,3.178,3.1785,7
2026-07-09 03:26:00,3.174,3.174,3.174,3.174,3.179,3.179,3.179,3.179,1
2026-07-09 03:27:00,3.1735,3.1745,3.173,3.174,3.1785,3.1795,3.178,3.179,7
2026-07-09 03:28:00,3.1735,3.1735,3.1735,3.1735,3.1785,3.1785,3.1785,3.1785,1
2026-07-09 03:29:00,3.173,3.174,3.173,3.173,3.178,3.179,3.178,3.178,4
2026-07-09 03:30:00,3.1725,3.174,3.171,3.174,3.1775,3.179,3.176,3.179,9
2026-07-09 03:31:00,3.1735,3.174,3.173,3.1735,3.1785,3.179,3.178,3.1785,5
2026-07-09 03:32:00,3.173,3.173,3.172,3.172,3.178,3.178,3.177,3.177,2
2026-07-09 03:33:00,3.1725,3.1725,3.1715,3.1715,3.1775,3.1775,3.1765,3.1765,10
2026-07-09 03:35:00,3.171,3.171,3.17,3.171,3.176,3.176,3.175,3.176,6
2026-07-09 03:36:00,3.1705,3.171,3.1705,3.1705,3.1755,3.176,3.1755,3.1755,3
2026-07-09 03:37:00,3.17,3.1705,3.17,3.1705,3.175,3.1755,3.175,3.1755,2
2026-07-09 03:38:00,3.17,3.17,3.17,3.17,3.175,3.175,3.175,3.175,1
2026-07-09 03:39:00,3.1705,3.1715,3.1705,3.1715,3.1755,3.1765,3.1755,3.1765,7
2026-07-09 03:40:00,3.171,3.171,3.171,3.171,3.176,3.176,3.176,3.176,1
2026-07-09 03:41:00,3.1715,3.1715,3.171,3.1715,3.1765,3.1765,3.176,3.1765,7
2026-07-09 03:42:00,3.173,3.173,3.1715,3.172,3.178,3.178,3.1765,3.177,4
2026-07-09 03:43:00,3.1725,3.1725,3.1725,3.1725,3.1775,3.1775,3.1775,3.1775,1
2026-07-09 03:44:00,3.172,3.172,3.172,3.172,3.177,3.177,3.177,3.177,1
2026-07-09 03:45:00,3.1725,3.1725,3.1725,3.1725,3.1775,3.1775,3.1775,3.1775,1
2026-07-09 03:46:00,3.173,3.173,3.1725,3.1725,3.178,3.178,3.1775,3.1775,2
2026-07-09 03:47:00,3.172,3.172,3.172,3.172,3.177,3.177,3.177,3.177,1
2026-07-09 03:48:00,3.1715,3.172,3.171,3.1715,3.1765,3.177,3.176,3.1765,5
2026-07-09 03:49:00,3.172,3.172,3.1715,3.1715,3.177,3.177,3.1765,3.1765,2
2026-07-09 03:50:00,3.172,3.172,3.171,3.171,3.177,3.177,3.176,3.176,2
2026-07-09 03:51:00,3.1715,3.172,3.1715,3.172,3.1765,3.177,3.1765,3.177,2
2026-07-09 03:52:00,3.1715,3.172,3.1715,3.1715,3.1765,3.177,3.1765,3.1765,3
2026-07-09 03:53:00,3.171,3.172,3.171,3.1715,3.176,3.177,3.176,3.1765,4
2026-07-09 03:55:00,3.172,3.172,3.172,3.172,3.177,3.177,3.177,3.177,1
2026-07-09 04:01:00,3.173,3.173,3.1635,3.165,3.178,3.178,3.1685,3.17,14
2026-07-09 04:02:00,3.166,3.166,3.164,3.165,3.171,3.171,3.169,3.17,6
2026-07-09 04:03:00,3.1655,3.166,3.165,3.1655,3.1705,3.171,3.17,3.1705,6
2026-07-09 04:04:00,3.165,3.167,3.1645,3.1665,3.17,3.172,3.1695,3.1715,13
2026-07-09 04:05:00,3.167,3.167,3.1665,3.167,3.172,3.172,3.1715,3.172,3
2026-07-09 04:06:00,3.166,3.169,3.166,3.167,3.171,3.174,3.171,3.172,8
2026-07-09 04:07:00,3.1675,3.1675,3.1675,3.1675,3.1725,3.1725,3.1725,3.1725,1
2026-07-09 04:08:00,3.167,3.168,3.167,3.168,3.172,3.173,3.172,3.173,5
2026-07-09 04:09:00,3.1685,3.1685,3.168,3.168,3.1735,3.1735,3.173,3.173,2
2026-07-09 04:10:00,3.1675,3.169,3.167,3.168,3.1725,3.174,3.172,3.173,6
2026-07-09 04:11:00,3.1685,3.169,3.168,3.168,3.1735,3.174,3.173,3.173,12
2026-07-09 04:12:00,3.1685,3.1685,3.1675,3.1675,3.1735,3.1735,3.1725,3.1725,3
2026-07-09 04:13:00,3.168,3.168,3.1675,3.1675,3.173,3.173,3.1725,3.1725,2
2026-07-09 04:14:00,3.167,3.167,3.167,3.167,3.172,3.172,3.172,3.172,1
2026-07-09 04:15:00,3.1675,3.1675,3.1675,3.1675,3.1725,3.1725,3.1725,3.1725,1
2026-07-09 04:16:00,3.167,3.1675,3.167,3.167,3.172,3.1725,3.172,3.172,3
2026-07-09 04:17:00,3.166,3.167,3.166,3.167,3.171,3.172,3.171,3.172,6
2026-07-09 04:20:00,3.166,3.166,3.166,3.166,3.171,3.171,3.171,3.171,1
2026-07-09 04:23:00,3.1665,3.1665,3.166,3.166,3.1715,3.1715,3.171,3.171,2
2026-07-09 04:24:00,3.1665,3.1665,3.166,3.166,3.1715,3.1715,3.171,3.171,2
2026-07-09 04:25:00,3.1665,3.167,3.1665,3.167,3.1715,3.172,3.1715,3.172,4
2026-07-09 04:26:00,3.1665,3.1665,3.1655,3.166,3.1715,3.1715,3.1705,3.171,5
2026-07-09 04:27:00,3.1655,3.166,3.164,3.165,3.1705,3.171,3.169,3.17,7
2026-07-09 04:29:00,3.1645,3.1645,3.1645,3.1645,3.1695,3.1695,3.1695,3.1695,1
2026-07-09 04:30:00,3.165,3.165,3.1645,3.165,3.17,3.17,3.1695,3.17,3
2026-07-09 04:32:00,3.166,3.166,3.165,3.1655,3.171,3.171,3.17,3.1705,9
2026-07-09 04:33:00,3.165,3.1655,3.165,3.165,3.17,3.1705,3.17,3.17,5
2026-07-09 04:34:00,3.164,3.164,3.164,3.164,3.169,3.169,3.169,3.169,1
2026-07-09 04:36:00,3.163,3.1635,3.163,3.1635,3.168,3.1685,3.168,3.1685,4
2026-07-09 04:37:00,3.164,3.164,3.163,3.1635,3.169,3.169,3.168,3.1685,9
2026-07-09 04:38:00,3.164,3.164,3.164,3.164,3.169,3.169,3.169,3.169,1
2026-07-09 04:40:00,3.1635,3.1635,3.163,3.163,3.1685,3.1685,3.168,3.168,2
2026-07-09 04:45:00,3.164,3.164,3.164,3.164,3.169,3.169,3.169,3.169,1
2026-07-09 04:46:00,3.1635,3.1635,3.163,3.163,3.1685,3.1685,3.168,3.168,4
2026-07-09 04:47:00,3.164,3.164,3.163,3.1635,3.169,3.169,3.168,3.1685,6
2026-07-09 04:48:00,3.164,3.164,3.164,3.164,3.169,3.169,3.169,3.169,1
2026-07-09 04:49:00,3.1635,3.164,3.1635,3.164,3.1685,3.169,3.1685,3.169,2
2026-07-09 04:50:00,3.1635,3.1635,3.1635,3.1635,3.1685,3.1685,3.1685,3.1685,1
2026-07-09 04:51:00,3.164,3.164,3.1635,3.164,3.169,3.169,3.1685,3.169,3
2026-07-09 04:52:00,3.1635,3.1635,3.163,3.163,3.1685,3.1685,3.168,3.168,12
2026-07-09 04:53:00,3.1635,3.1635,3.163,3.163,3.1685,3.1685,3.168,3.168,2
2026-07-09 04:54:00,3.1625,3.1625,3.162,3.162,3.1675,3.1675,3.167,3.167,2
2026-07-09 04:55:00,3.161,3.163,3.161,3.163,3.166,3.168,3.166,3.168,3
2026-07-09 05:02:00,3.164,3.164,3.163,3.164,3.169,3.169,3.168,3.169,4
2026-07-09 05:04:00,3.163,3.163,3.163,3.163,3.168,3.168,3.168,3.168,1
2026-07-09 05:05:00,3.1625,3.1625,3.162,3.162,3.1675,3.1675,3.167,3.167,2
2026-07-09 05:08:00,3.1625,3.163,3.162,3.163,3.1675,3.168,3.167,3.168,4
2026-07-09 05:09:00,3.1625,3.163,3.1625,3.1625,3.1675,3.168,3.1675,3.1675,9
2026-07-09 05:10:00,3.162,3.163,3.162,3.163,3.167,3.168,3.167,3.168,3
2026-07-09 05:12:00,3.1625,3.163,3.1625,3.163,3.1675,3.168,3.1675,3.168,2
2026-07-09 05:14:00,3.162,3.162,3.162,3.162,3.167,3.167,3.167,3.167,1
2026-07-09 05:25:00,3.163,3.163,3.162,3.162,3.168,3.168,3.167,3.167,2
2026-07-09 05:27:00,3.163,3.163,3.162,3.163,3.168,3.168,3.167,3.168,4
2026-07-09 05:28:00,3.1625,3.163,3.1625,3.163,3.1675,3.168,3.1675,3.168,6
2026-07-09 05:29:00,3.162,3.162,3.162,3.162,3.167,3.167,3.167,3.167,1
2026-07-09 05:30:00,3.163,3.166,3.163,3.166,3.168,3.171,3.168,3.171,4
2026-07-09 05:31:00,3.167,3.169,3.166,3.168,3.172,3.174,3.171,3.173,35
2026-07-09 05:32:00,3.1675,3.1685,3.167,3.167,3.1725,3.1735,3.172,3.172,10
2026-07-09 05:33:00,3.168,3.168,3.166,3.166,3.173,3.173,3.171,3.171,10
2026-07-09 05:34:00,3.1665,3.1665,3.165,3.1665,3.1715,3.1715,3.17,3.1715,16
2026-07-09 05:35:00,3.166,3.1665,3.166,3.1665,3.171,3.1715,3.171,3.1715,4
2026-07-09 05:36:00,3.166,3.167,3.166,3.167,3.171,3.172,3.171,3.172,7
2026-07-09 05:37:00,3.1665,3.167,3.166,3.1665,3.1715,3.172,3.171,3.1715,30
2026-07-09 05:38:00,3.166,3.167,3.166,3.1665,3.171,3.172,3.171,3.1715,7
2026-07-09 05:39:00,3.167,3.167,3.166,3.1665,3.172,3.172,3.171,3.1715,10
2026-07-09 05:40:00,3.166,3.166,3.166,3.166,3.171,3.171,3.171,3.171,1
2026-07-09 05:41:00,3.165,3.165,3.165,3.165,3.17,3.17,3.17,3.17,1
2026-07-09 05:42:00,3.166,3.167,3.165,3.165,3.171,3.172,3.17,3.17,9
2026-07-09 05:47:00,3.1655,3.1685,3.1655,3.1675,3.1705,3.1735,3.1705,3.1725,11
2026-07-09 05:48:00,3.168,3.168,3.167,3.168,3.173,3.173,3.172,3.173,7
2026-07-09 05:49:00,3.167,3.168,3.167,3.168,3.172,3.173,3.172,3.173,6
2026-07-09 05:50:00,3.1685,3.169,3.168,3.1685,3.1735,3.174,3.173,3.1735,13
2026-07-09 05:51:00,3.168,3.169,3.167,3.168,3.173,3.174,3.172,3.173,15
2026-07-09 05:52:00,3.167,3.168,3.167,3.168,3.172,3.173,3.172,3.173,2
2026-07-09 05:53:00,3.169,3.17,3.1685,3.169,3.174,3.175,3.1735,3.174,6
2026-07-09 05:54:00,3.168,3.168,3.166,3.166,3.173,3.173,3.171,3.171,4
2026-07-09 05:56:00,3.165,3.166,3.165,3.166,3.17,3.171,3.17,3.171,5
2026-07-09 05:57:00,3.1655,3.166,3.165,3.1655,3.1705,3.171,3.17,3.1705,4
2026-07-09 05:58:00,3.165,3.165,3.165,3.165,3.17,3.17,3.17,3.17,1
2026-07-09 05:59:00,3.164,3.165,3.164,3.165,3.169,3.17,3.169,3.17,6
2026-07-09 06:00:00,3.1645,3.1645,3.164,3.164,3.1695,3.1695,3.169,3.169,2
2026-07-09 06:01:00,3.1645,3.165,3.1645,3.165,3.1695,3.17,3.1695,3.17,2
2026-07-09 06:02:00,3.166,3.166,3.1655,3.166,3.171,3.171,3.1705,3.171,5
2026-07-09 06:03:00,3.1655,3.166,3.1655,3.166,3.1705,3.171,3.1705,3.171,4
2026-07-09 06:06:00,3.1655,3.166,3.1655,3.166,3.1705,3.171,3.1705,3.171,2
2026-07-09 06:07:00,3.1665,3.1665,3.166,3.166,3.1715,3.1715,3.171,3.171,4
2026-07-09 06:08:00,3.165,3.165,3.165,3.165,3.17,3.17,3.17,3.17,1
2026-07-09 06:09:00,3.1655,3.1655,3.165,3.165,3.1705,3.1705,3.17,3.17,4
2026-07-09 06:11:00,3.164,3.165,3.164,3.165,3.169,3.17,3.169,3.17,2
2026-07-09 06:12:00,3.164,3.1645,3.164,3.164,3.169,3.1695,3.169,3.169,3
2026-07-09 06:16:00,3.1635,3.165,3.163,3.165,3.1685,3.17,3.168,3.17,6
2026-07-09 06:21:00,3.164,3.1645,3.164,3.164,3.169,3.1695,3.169,3.169,3
2026-07-09 06:22:00,3.1645,3.1645,3.164,3.164,3.1695,3.1695,3.169,3.169,2
2026-07-09 06:23:00,3.1645,3.166,3.1645,3.166,3.1695,3.171,3.1695,3.171,5
2026-07-09 06:25:00,3.165,3.165,3.165,3.165,3.17,3.17,3.17,3.17,1
2026-07-09 06:28:00,3.164,3.165,3.164,3.164,3.169,3.17,3.169,3.169,4
2026-07-09 06:30:00,3.163,3.163,3.163,3.163,3.168,3.168,3.168,3.168,1
2026-07-09 06:31:00,3.164,3.164,3.1635,3.1635,3.169,3.169,3.1685,3.1685,2
2026-07-09 06:32:00,3.164,3.164,3.163,3.163,3.169,3.169,3.168,3.168,3
2026-07-09 06:35:00,3.162,3.162,3.156,3.157,3.167,3.167,3.161,3.162,19
2026-07-09 06:36:00,3.1575,3.158,3.156,3.1565,3.1625,3.163,3.161,3.1615,10
2026-07-09 06:37:00,3.157,3.157,3.157,3.157,3.162,3.162,3.162,3.162,1
2026-07-09 06:38:00,3.1575,3.1575,3.157,3.157,3.1625,3.1625,3.162,3.162,2
2026-07-09 06:39:00,3.158,3.159,3.158,3.159,3.163,3.164,3.163,3.164,2
2026-07-09 06:40:00,3.1585,3.159,3.158,3.159,3.1635,3.164,3.163,3.164,4
2026-07-09 06:41:00,3.158,3.158,3.1575,3.158,3.163,3.163,3.1625,3.163,5
2026-07-09 06:42:00,3.1575,3.1575,3.157,3.157,3.1625,3.1625,3.162,3.162,2
2026-07-09 06:44:00,3.1565,3.158,3.1565,3.158,3.1615,3.163,3.1615,3.163,5
2026-07-09 06:45:00,3.159,3.159,3.159,3.159,3.164,3.164,3.164,3.164,1
2026-07-09 06:47:00,3.1595,3.161,3.1595,3.1605,3.1645,3.166,3.1645,3.1655,7
2026-07-09 06:48:00,3.16,3.16,3.159,3.159,3.165,3.165,3.164,3.164,2
2026-07-09 06:51:00,3.16,3.16,3.159,3.16,3.165,3.165,3.164,3.165,4
2026-07-09 06:52:00,3.1595,3.161,3.159,3.1595,3.1645,3.166,3.164,3.1645,10
2026-07-09 06:53:00,3.159,3.159,3.158,3.159,3.164,3.164,3.163,3.164,8
2026-07-09 06:54:00,3.1595,3.16,3.159,3.1595,3.1645,3.165,3.164,3.1645,7
2026-07-09 06:55:00,3.16,3.16,3.16,3.16,3.165,3.165,3.165,3.165,1
2026-07-09 06:56:00,3.159,3.16,3.159,3.159,3.164,3.165,3.164,3.164,4
2026-07-09 06:57:00,3.158,3.158,3.158,3.158,3.163,3.163,3.163,3.163,1
2026-07-09 06:58:00,3.1575,3.1575,3.155,3.155,3.1625,3.1625,3.16,3.16,4
2026-07-09 06:59:00,3.154,3.154,3.153,3.153,3.159,3.159,3.158,3.158,7
2026-07-09 07:00:00,3.154,3.155,3.153,3.153,3.159,3.16,3.158,3.158,12
2026-07-09 07:01:00,3.154,3.154,3.154,3.154,3.159,3.159,3.159,3.159,1
2026-07-09 07:02:00,3.155,3.157,3.154,3.155,3.16,3.162,3.159,3.16,10
2026-07-09 07:03:00,3.1545,3.1545,3.153,3.153,3.1595,3.1595,3.158,3.158,3
2026-07-09 07:04:00,3.154,3.1545,3.152,3.153,3.159,3.1595,3.157,3.158,7
2026-07-09 07:05:00,3.154,3.154,3.153,3.153,3.159,3.159,3.158,3.158,2
2026-07-09 07:06:00,3.154,3.155,3.154,3.1545,3.159,3.16,3.159,3.1595,7
2026-07-09 07:07:00,3.154,3.154,3.154,3.154,3.159,3.159,3.159,3.159,1
2026-07-09 07:10:00,3.153,3.154,3.153,3.154,3.158,3.159,3.158,3.159,2
2026-07-09 07:11:00,3.153,3.154,3.151,3.153,3.158,3.159,3.156,3.158,19
2026-07-09 07:12:00,3.154,3.154,3.1535,3.1535,3.159,3.159,3.1585,3.1585,4
2026-07-09 07:13:00,3.153,3.153,3.152,3.153,3.158,3.158,3.157,3.158,7
2026-07-09 07:14:00,3.154,3.1545,3.153,3.154,3.159,3.1595,3.158,3.159,5
2026-07-09 07:16:00,3.155,3.157,3.155,3.157,3.16,3.162,3.16,3.162,10
2026-07-09 07:17:00,3.156,3.1575,3.155,3.1575,3.161,3.1625,3.16,3.1625,9
2026-07-09 07:18:00,3.158,3.1585,3.157,3.158,3.163,3.1635,3.162,3.163,8
2026-07-09 07:19:00,3.159,3.16,3.1585,3.159,3.164,3.165,3.1635,3.164,7
2026-07-09 07:20:00,3.1585,3.1635,3.1585,3.1625,3.1635,3.1685,3.1635,3.1675,12
2026-07-09 07:21:00,3.163,3.165,3.1625,3.163,3.168,3.17,3.1675,3.168,9
2026-07-09 07:22:00,3.164,3.164,3.164,3.164,3.169,3.169,3.169,3.169,1
2026-07-09 07:23:00,3.1645,3.1645,3.1645,3.1645,3.1695,3.1695,3.1695,3.1695,1
2026-07-09 07:24:00,3.165,3.165,3.163,3.163,3.17,3.17,3.168,3.168,6
2026-07-09 07:25:00,3.1635,3.164,3.163,3.163,3.1685,3.169,3.168,3.168,5
2026-07-09 07:26:00,3.1625,3.1625,3.161,3.161,3.1675,3.1675,3.166,3.166,6
2026-07-09 07:27:00,3.1605,3.163,3.1605,3.163,3.1655,3.168,3.1655,3.168,8
2026-07-09 07:28:00,3.1635,3.1635,3.1625,3.1625,3.1685,3.1685,3.1675,3.1675,3
2026-07-09 07:29:00,3.163,3.166,3.163,3.166,3.168,3.171,3.168,3.171,5
2026-07-09 07:30:00,3.167,3.167,3.1635,3.164,3.172,3.172,3.1685,3.169,10
2026-07-09 07:31:00,3.1635,3.164,3.163,3.1635,3.1685,3.169,3.168,3.1685,6
2026-07-09 07:32:00,3.164,3.164,3.164,3.164,3.169,3.169,3.169,3.169,1
2026-07-09 07:33:00,3.163,3.163,3.162,3.162,3.168,3.168,3.167,3.167,7
2026-07-09 07:34:00,3.1615,3.162,3.16,3.161,3.1665,3.167,3.165,3.166,20
2026-07-09 07:35:00,3.1605,3.161,3.16,3.161,3.1655,3.166,3.165,3.166,14
2026-07-09 07:36:00,3.1605,3.161,3.16,3.161,3.1655,3.166,3.165,3.166,4
2026-07-09 07:37:00,3.162,3.163,3.162,3.163,3.167,3.168,3.167,3.168,3
2026-07-09 07:38:00,3.1635,3.166,3.1635,3.166,3.1685,3.171,3.1685,3.171,9
2026-07-09 07:39:00,3.1665,3.168,3.1665,3.168,3.1715,3.173,3.1715,3.173,7
2026-07-09 07:40:00,3.167,3.172,3.167,3.172,3.172,3.177,3.172,3.177,8
2026-07-09 07:41:00,3.171,3.1715,3.17,3.171,3.176,3.1765,3.175,3.176,16
2026-07-09 07:42:00,3.17,3.173,3.17,3.172,3.175,3.178,3.175,3.177,14
2026-07-09 07:43:00,3.173,3.173,3.172,3.172,3.178,3.178,3.177,3.177,3
2026-07-09 07:44:00,3.173,3.173,3.172,3.172,3.178,3.178,3.177,3.177,5
2026-07-09 07:45:00,3.1725,3.173,3.17,3.171,3.1775,3.178,3.175,3.176,9
2026-07-09 07:46:00,3.17,3.171,3.1695,3.1705,3.175,3.176,3.1745,3.1755,5
2026-07-09 07:47:00,3.171,3.171,3.171,3.171,3.176,3.176,3.176,3.176,1
2026-07-09 07:48:00,3.1705,3.173,3.17,3.1725,3.1755,3.178,3.175,3.1775,11
2026-07-09 07:49:00,3.172,3.177,3.171,3.1765,3.177,3.182,3.176,3.1815,16
2026-07-09 07:50:00,3.177,3.177,3.175,3.175,3.182,3.182,3.18,3.18,3
2026-07-09 07:51:00,3.176,3.179,3.176,3.178,3.181,3.184,3.181,3.183,14
2026-07-09 07:52:00,3.1775,3.1775,3.176,3.177,3.1825,3.1825,3.181,3.182,9
2026-07-09 07:53:00,3.1765,3.1765,3.171,3.172,3.1815,3.1815,3.176,3.177,13
2026-07-09 07:54:00,3.1715,3.1725,3.171,3.172,3.1765,3.1775,3.176,3.177,7
2026-07-09 07:55:00,3.1725,3.174,3.172,3.174,3.1775,3.179,3.177,3.179,4
2026-07-09 07:56:00,3.173,3.173,3.1725,3.173,3.178,3.178,3.1775,3.178,3
2026-07-09 07:57:00,3.1725,3.174,3.172,3.174,3.1775,3.179,3.177,3.179,7
2026-07-09 07:58:00,3.1735,3.1735,3.1725,3.173,3.1785,3.1785,3.1775,3.178,8
2026-07-09 07:59:00,3.172,3.1725,3.171,3.1725,3.177,3.1775,3.176,3.1775,4
2026-07-09 08:00:00,3.172,3.174,3.17,3.1735,3.177,3.179,3.175,3.1785,13
2026-07-09 08:01:00,3.174,3.174,3.168,3.169,3.179,3.179,3.173,3.174,20
2026-07-09 08:02:00,3.168,3.178,3.168,3.175,3.173,3.183,3.173,3.18,34
2026-07-09 08:03:00,3.174,3.177,3.173,3.1745,3.179,3.182,3.178,3.1795,25
2026-07-09 08:04:00,3.176,3.177,3.173,3.1755,3.181,3.182,3.178,3.1805,25
2026-07-09 08:05:00,3.175,3.177,3.173,3.1765,3.18,3.182,3.178,3.1815,23
2026-07-09 08:06:00,3.176,3.176,3.173,3.175,3.181,3.181,3.178,3.18,12
2026-07-09 08:07:00,3.1755,3.177,3.175,3.175,3.1805,3.182,3.18,3.18,10
2026-07-09 08:08:00,3.176,3.176,3.1745,3.175,3.181,3.181,3.1795,3.18,9
2026-07-09 08:09:00,3.176,3.176,3.1755,3.176,3.181,3.181,3.1805,3.181,3
2026-07-09 08:10:00,3.1755,3.178,3.1745,3.176,3.1805,3.183,3.1795,3.181,9
2026-07-09 08:11:00,3.175,3.176,3.1745,3.175,3.18,3.181,3.1795,3.18,6
2026-07-09 08:12:00,3.1745,3.1745,3.1715,3.173,3.1795,3.1795,3.1765,3.178,10
2026-07-09 08:13:00,3.1735,3.174,3.173,3.1735,3.1785,3.179,3.178,3.1785,5
2026-07-09 08:14:00,3.173,3.173,3.1715,3.1715,3.178,3.178,3.1765,3.1765,6
2026-07-09 08:15:00,3.172,3.172,3.169,3.169,3.177,3.177,3.174,3.174,11
2026-07-09 08:16:00,3.1685,3.1705,3.168,3.169,3.1735,3.1755,3.173,3.174,13
2026-07-09 08:17:00,3.168,3.168,3.168,3.168,3.173,3.173,3.173,3.173,1
2026-07-09 08:18:00,3.167,3.169,3.167,3.167,3.172,3.174,3.172,3.172,5
2026-07-09 08:19:00,3.168,3.168,3.167,3.168,3.173,3.173,3.172,3.173,3
2026-07-09 08:20:00,3.1675,3.1695,3.166,3.168,3.1725,3.1745,3.171,3.173,12
2026-07-09 08:21:00,3.169,3.169,3.168,3.1685,3.174,3.174,3.173,3.1735,8
2026-07-09 08:22:00,3.169,3.169,3.168,3.169,3.174,3.174,3.173,3.174,4
2026-07-09 08:23:00,3.1685,3.169,3.167,3.1685,3.1735,3.174,3.172,3.1735,11
2026-07-09 08:24:00,3.168,3.168,3.167,3.167,3.173,3.173,3.172,3.172,3
2026-07-09 08:25:00,3.1675,3.168,3.1665,3.168,3.1725,3.173,3.1715,3.173,5
2026-07-09 08:26:00,3.167,3.167,3.166,3.166,3.172,3.172,3.171,3.171,3
2026-07-09 08:27:00,3.167,3.1675,3.167,3.1675,3.172,3.1725,3.172,3.1725,2
2026-07-09 08:28:00,3.167,3.1675,3.167,3.1675,3.172,3.1725,3.172,3.1725,4
2026-07-09 08:29:00,3.167,3.168,3.167,3.168,3.172,3.173,3.172,3.173,3
2026-07-09 08:30:00,3.169,3.18,3.169,3.1785,3.174,3.185,3.174,3.1835,39
2026-07-09 08:31:00,3.179,3.179,3.178,3.1785,3.184,3.184,3.183,3.1835,8
2026-07-09 08:32:00,3.179,3.187,3.179,3.1855,3.184,3.192,3.184,3.1905,41
2026-07-09 08:33:00,3.185,3.187,3.1845,3.187,3.19,3.192,3.1895,3.192,15
2026-07-09 08:34:00,3.188,3.188,3.183,3.1835,3.193,3.193,3.188,3.1885,15
2026-07-09 08:35:00,3.1845,3.189,3.184,3.187,3.1895,3.194,3.189,3.192,17
2026-07-09 08:36:00,3.1865,3.188,3.186,3.186,3.1915,3.193,3.191,3.191,21
2026-07-09 08:37:00,3.185,3.186,3.185,3.186,3.19,3.191,3.19,3.191,4
2026-07-09 08:38:00,3.185,3.185,3.185,3.185,3.19,3.19,3.19,3.19,1
2026-07-09 08:39:00,3.1845,3.186,3.184,3.186,3.1895,3.191,3.189,3.191,9
2026-07-09 08:40:00,3.187,3.192,3.187,3.19,3.192,3.197,3.192,3.195,18
2026-07-09 08:41:00,3.189,3.189,3.187,3.187,3.194,3.194,3.192,3.192,3
2026-07-09 08:42:00,3.186,3.186,3.184,3.1855,3.191,3.191,3.189,3.1905,5
2026-07-09 08:43:00,3.186,3.187,3.185,3.187,3.191,3.192,3.19,3.192,7
2026-07-09 08:44:00,3.1875,3.1885,3.1875,3.1885,3.1925,3.1935,3.1925,3.1935,5
2026-07-09 08:45:00,3.189,3.189,3.189,3.189,3.194,3.194,3.194,3.194,1
2026-07-09 08:46:00,3.19,3.19,3.1875,3.188,3.195,3.195,3.1925,3.193,7
2026-07-09 08:47:00,3.1885,3.1905,3.188,3.19,3.1935,3.1955,3.193,3.195,13
2026-07-09 08:48:00,3.189,3.19,3.1875,3.189,3.194,3.195,3.1925,3.194,15
2026-07-09 08:49:00,3.188,3.189,3.188,3.188,3.193,3.194,3.193,3.193,6
2026-07-09 08:50:00,3.1875,3.188,3.187,3.188,3.1925,3.193,3.192,3.193,8
2026-07-09 08:51:00,3.187,3.187,3.186,3.187,3.192,3.192,3.191,3.192,3
2026-07-09 08:52:00,3.186,3.187,3.185,3.185,3.191,3.192,3.19,3.19,4
2026-07-09 08:53:00,3.186,3.186,3.184,3.184,3.191,3.191,3.189,3.189,4
2026-07-09 08:54:00,3.185,3.186,3.183,3.185,3.19,3.191,3.188,3.19,25
2026-07-09 08:55:00,3.186,3.186,3.186,3.186,3.191,3.191,3.191,3.191,1
2026-07-09 08:56:00,3.185,3.185,3.184,3.185,3.19,3.19,3.189,3.19,4
2026-07-09 08:57:00,3.186,3.188,3.184,3.187,3.191,3.193,3.189,3.192,10
2026-07-09 08:58:00,3.186,3.187,3.186,3.1865,3.191,3.192,3.191,3.1915,6
2026-07-09 08:59:00,3.187,3.1875,3.187,3.1875,3.192,3.1925,3.192,3.1925,4
2026-07-09 09:00:00,3.188,3.188,3.1855,3.186,3.193,3.193,3.1905,3.191,7
2026-07-09 09:01:00,3.1865,3.1905,3.1865,3.19,3.1915,3.1955,3.1915,3.195,16
2026-07-09 09:02:00,3.189,3.189,3.189,3.189,3.194,3.194,3.194,3.194,1
2026-07-09 09:03:00,3.188,3.188,3.187,3.188,3.193,3.193,3.192,3.193,5
2026-07-09 09:04:00,3.1875,3.189,3.1875,3.189,3.1925,3.194,3.1925,3.194,14
2026-07-09 09:05:00,3.1885,3.189,3.1885,3.189,3.1935,3.194,3.1935,3.194,2
2026-07-09 09:06:00,3.188,3.188,3.188,3.188,3.193,3.193,3.193,3.193,1
2026-07-09 09:07:00,3.189,3.189,3.187,3.187,3.194,3.194,3.192,3.192,10
2026-07-09 09:08:00,3.188,3.189,3.188,3.188,3.193,3.194,3.193,3.193,11
2026-07-09 09:10:00,3.189,3.189,3.187,3.188,3.194,3.194,3.192,3.193,12
2026-07-09 09:11:00,3.1875,3.188,3.186,3.187,3.1925,3.193,3.191,3.192,9
2026-07-09 09:12:00,3.188,3.19,3.1875,3.19,3.193,3.195,3.1925,3.195,15
2026-07-09 09:13:00,3.1905,3.192,3.1905,3.192,3.1955,3.197,3.1955,3.197,12
2026-07-09 09:14:00,3.191,3.192,3.19,3.191,3.196,3.197,3.195,3.196,14
2026-07-09 09:15:00,3.192,3.195,3.192,3.192,3.197,3.2,3.197,3.197,18
2026-07-09 09:16:00,3.1915,3.194,3.19,3.1915,3.1965,3.199,3.195,3.1965,23
2026-07-09 09:17:00,3.192,3.192,3.19,3.191,3.197,3.197,3.195,3.196,13
2026-07-09 09:18:00,3.1905,3.1905,3.189,3.189,3.1955,3.1955,3.194,3.194,5
2026-07-09 09:19:00,3.188,3.189,3.1875,3.188,3.193,3.194,3.1925,3.193,10
2026-07-09 09:20:00,3.1885,3.1885,3.184,3.1845,3.1935,3.1935,3.189,3.1895,18
2026-07-09 09:21:00,3.184,3.1855,3.184,3.185,3.189,3.1905,3.189,3.19,8
2026-07-09 09:22:00,3.186,3.187,3.185,3.187,3.191,3.192,3.19,3.192,9
2026-07-09 09:23:00,3.1865,3.187,3.186,3.187,3.1915,3.192,3.191,3.192,10
2026-07-09 09:24:00,3.1865,3.187,3.1865,3.187,3.1915,3.192,3.1915,3.192,6
2026-07-09 09:25:00,3.1865,3.1865,3.186,3.186,3.1915,3.1915,3.191,3.191,2
2026-07-09 09:26:00,3.1865,3.1865,3.182,3.1845,3.1915,3.1915,3.187,3.1895,14
2026-07-09 09:27:00,3.185,3.185,3.183,3.1835,3.19,3.19,3.188,3.1885,9
2026-07-09 09:28:00,3.183,3.184,3.183,3.184,3.188,3.189,3.188,3.189,4
2026-07-09 09:29:00,3.185,3.186,3.185,3.185,3.19,3.191,3.19,3.19,3
2026-07-09 09:31:00,3.186,3.186,3.184,3.185,3.191,3.191,3.189,3.19,11
2026-07-09 09:32:00,3.1845,3.1845,3.181,3.182,3.1895,3.1895,3.186,3.187,20
2026-07-09 09:34:00,3.1815,3.1815,3.177,3.178,3.1865,3.1865,3.182,3.183,22
2026-07-09 09:35:00,3.1785,3.18,3.178,3.18,3.1835,3.185,3.183,3.185,12
2026-07-09 09:36:00,3.179,3.179,3.178,3.179,3.184,3.184,3.183,3.184,5
2026-07-09 09:37:00,3.178,3.178,3.178,3.178,3.183,3.183,3.183,3.183,1
2026-07-09 09:38:00,3.177,3.178,3.175,3.176,3.182,3.183,3.18,3.181,11
2026-07-09 09:39:00,3.177,3.177,3.174,3.174,3.182,3.182,3.179,3.179,15
2026-07-09 09:40:00,3.173,3.173,3.166,3.167,3.178,3.178,3.171,3.172,28
2026-07-09 09:41:00,3.168,3.168,3.165,3.166,3.173,3.173,3.17,3.171,19
2026-07-09 09:42:00,3.167,3.169,3.167,3.169,3.172,3.174,3.172,3.174,18
2026-07-09 09:43:00,3.168,3.17,3.168,3.169,3.173,3.175,3.173,3.174,8
2026-07-09 09:44:00,3.168,3.169,3.168,3.168,3.173,3.174,3.173,3.173,4
2026-07-09 09:45:00,3.167,3.169,3.164,3.1685,3.172,3.174,3.169,3.1735,33
2026-07-09 09:46:00,3.169,3.173,3.168,3.168,3.174,3.178,3.173,3.173,19
2026-07-09 09:47:00,3.169,3.169,3.168,3.168,3.174,3.174,3.173,3.173,4
2026-07-09 09:48:00,3.1675,3.168,3.167,3.168,3.1725,3.173,3.172,3.173,7
2026-07-09 09:49:00,3.169,3.172,3.169,3.171,3.174,3.177,3.174,3.176,7
2026-07-09 09:50:00,3.17,3.171,3.17,3.17,3.175,3.176,3.175,3.175,8
2026-07-09 09:53:00,3.169,3.17,3.166,3.166,3.174,3.175,3.171,3.171,6
2026-07-09 09:54:00,3.165,3.166,3.165,3.165,3.17,3.171,3.17,3.17,5
2026-07-09 09:55:00,3.1655,3.1655,3.165,3.165,3.1705,3.1705,3.17,3.17,2
2026-07-09 09:56:00,3.1655,3.1655,3.165,3.165,3.1705,3.1705,3.17,3.17,2
2026-07-09 09:57:00,3.166,3.168,3.1655,3.167,3.171,3.173,3.1705,3.172,11
2026-07-09 09:58:00,3.168,3.168,3.1645,3.165,3.173,3.173,3.1695,3.17,11
2026-07-09 09:59:00,3.166,3.166,3.164,3.166,3.171,3.171,3.169,3.171,11
2026-07-09 10:00:00,3.1655,3.167,3.165,3.167,3.1705,3.172,3.17,3.172,5
2026-07-09 10:01:00,3.166,3.1665,3.162,3.162,3.171,3.1715,3.167,3.167,14
2026-07-09 10:02:00,3.1635,3.169,3.1635,3.168,3.1685,3.174,3.1685,3.173,16
2026-07-09 10:03:00,3.169,3.169,3.167,3.167,3.174,3.174,3.172,3.172,13
2026-07-09 10:04:00,3.1675,3.169,3.166,3.167,3.1725,3.174,3.171,3.172,19
2026-07-09 10:05:00,3.1675,3.168,3.165,3.166,3.1725,3.173,3.17,3.171,18
2026-07-09 10:06:00,3.165,3.165,3.163,3.164,3.17,3.17,3.168,3.169,8
2026-07-09 10:07:00,3.163,3.163,3.16,3.16,3.168,3.168,3.165,3.165,29
2026-07-09 10:08:00,3.158,3.159,3.156,3.156,3.163,3.164,3.161,3.161,11
2026-07-09 10:09:00,3.157,3.158,3.157,3.157,3.162,3.163,3.162,3.162,6
2026-07-09 10:10:00,3.158,3.1585,3.156,3.1575,3.163,3.1635,3.161,3.1625,15
2026-07-09 10:11:00,3.158,3.1585,3.156,3.158,3.163,3.1635,3.161,3.163,9
2026-07-09 10:12:00,3.159,3.159,3.159,3.159,3.164,3.164,3.164,3.164,1
2026-07-09 10:13:00,3.16,3.161,3.16,3.161,3.165,3.166,3.165,3.166,8
2026-07-09 10:14:00,3.162,3.1635,3.162,3.163,3.167,3.1685,3.167,3.168,11
2026-07-09 10:15:00,3.164,3.164,3.16,3.161,3.169,3.169,3.165,3.166,27
2026-07-09 10:16:00,3.162,3.163,3.162,3.162,3.167,3.168,3.167,3.167,12
2026-07-09 10:17:00,3.163,3.166,3.163,3.166,3.168,3.171,3.168,3.171,14
2026-07-09 10:18:00,3.1665,3.167,3.165,3.166,3.1715,3.172,3.17,3.171,16
2026-07-09 10:19:00,3.165,3.166,3.164,3.165,3.17,3.171,3.169,3.17,7
2026-07-09 10:20:00,3.1645,3.165,3.164,3.165,3.1695,3.17,3.169,3.17,3
2026-07-09 10:21:00,3.166,3.167,3.166,3.166,3.171,3.172,3.171,3.171,6
2026-07-09 10:22:00,3.167,3.168,3.167,3.168,3.172,3.173,3.172,3.173,6
2026-07-09 10:23:00,3.167,3.167,3.167,3.167,3.172,3.172,3.172,3.172,1
2026-07-09 10:24:00,3.166,3.166,3.164,3.164,3.171,3.171,3.169,3.169,4
2026-07-09 10:25:00,3.163,3.163,3.162,3.163,3.168,3.168,3.167,3.168,15
2026-07-09 10:26:00,3.162,3.163,3.162,3.162,3.167,3.168,3.167,3.167,10
2026-07-09 10:27:00,3.1615,3.164,3.1615,3.163,3.1665,3.169,3.1665,3.168,8
2026-07-09 10:28:00,3.164,3.164,3.163,3.1635,3.169,3.169,3.168,3.1685,18
2026-07-09 10:29:00,3.163,3.165,3.163,3.165,3.168,3.17,3.168,3.17,18
2026-07-09 10:30:00,3.164,3.1665,3.164,3.165,3.169,3.1715,3.169,3.17,19
2026-07-09 10:31:00,3.166,3.166,3.166,3.166,3.171,3.171,3.171,3.171,1
2026-07-09 10:32:00,3.1665,3.167,3.166,3.166,3.1715,3.172,3.171,3.171,6
2026-07-09 10:33:00,3.167,3.167,3.167,3.167,3.172,3.172,3.172,3.172,1
2026-07-09 10:34:00,3.168,3.168,3.167,3.167,3.173,3.173,3.172,3.172,3
2026-07-09 10:35:00,3.1675,3.169,3.1675,3.169,3.1725,3.174,3.1725,3.174,5
2026-07-09 10:36:00,3.168,3.1685,3.167,3.1685,3.173,3.1735,3.172,3.1735,4
2026-07-09 10:37:00,3.168,3.169,3.167,3.169,3.173,3.174,3.172,3.174,7
2026-07-09 10:38:00,3.17,3.17,3.169,3.17,3.175,3.175,3.174,3.175,4
2026-07-09 10:39:00,3.169,3.17,3.169,3.17,3.174,3.175,3.174,3.175,5
2026-07-09 10:41:00,3.169,3.169,3.1685,3.169,3.174,3.174,3.1735,3.174,3
2026-07-09 10:42:00,3.1685,3.1685,3.1675,3.168,3.1735,3.1735,3.1725,3.173,4
2026-07-09 10:44:00,3.167,3.168,3.167,3.168,3.172,3.173,3.172,3.173,2
2026-07-09 10:45:00,3.1685,3.17,3.168,3.169,3.1735,3.175,3.173,3.174,9
2026-07-09 10:47:00,3.17,3.17,3.169,3.17,3.175,3.175,3.174,3.175,6
2026-07-09 10:48:00,3.169,3.17,3.169,3.17,3.174,3.175,3.174,3.175,2
2026-07-09 10:50:00,3.171,3.171,3.169,3.169,3.176,3.176,3.174,3.174,3
2026-07-09 10:51:00,3.168,3.17,3.168,3.169,3.173,3.175,3.173,3.174,6
2026-07-09 10:52:00,3.168,3.168,3.163,3.163,3.173,3.173,3.168,3.168,8
2026-07-09 10:53:00,3.162,3.164,3.161,3.161,3.167,3.169,3.166,3.166,14
2026-07-09 10:55:00,3.162,3.163,3.162,3.162,3.167,3.168,3.167,3.167,3
2026-07-09 10:56:00,3.161,3.163,3.161,3.163,3.166,3.168,3.166,3.168,4
2026-07-09 10:57:00,3.162,3.162,3.16,3.1605,3.167,3.167,3.165,3.1655,14
2026-07-09 10:58:00,3.16,3.1615,3.16,3.161,3.165,3.1665,3.165,3.166,4
2026-07-09 11:00:00,3.1605,3.1605,3.159,3.16,3.1655,3.1655,3.164,3.165,6
2026-07-09 11:01:00,3.1595,3.1595,3.157,3.157,3.1645,3.1645,3.162,3.162,28
2026-07-09 11:02:00,3.156,3.16,3.156,3.1585,3.161,3.165,3.161,3.1635,26
2026-07-09 11:03:00,3.158,3.159,3.158,3.159,3.163,3.164,3.163,3.164,2
2026-07-09 11:04:00,3.16,3.16,3.159,3.159,3.165,3.165,3.164,3.164,7
2026-07-09 11:05:00,3.158,3.16,3.158,3.16,3.163,3.165,3.163,3.165,6
2026-07-09 11:06:00,3.1595,3.16,3.158,3.158,3.1645,3.165,3.163,3.163,4
2026-07-09 11:07:00,3.157,3.157,3.155,3.157,3.162,3.162,3.16,3.162,9
2026-07-09 11:08:00,3.1565,3.158,3.1565,3.157,3.1615,3.163,3.1615,3.162,4
2026-07-09 11:10:00,3.156,3.157,3.156,3.1565,3.161,3.162,3.161,3.1615,4
2026-07-09 11:11:00,3.156,3.157,3.156,3.156,3.161,3.162,3.161,3.161,5
2026-07-09 11:12:00,3.157,3.157,3.155,3.156,3.162,3.162,3.16,3.161,6
2026-07-09 11:13:00,3.1565,3.157,3.156,3.156,3.1615,3.162,3.161,3.161,6
2026-07-09 11:14:00,3.1555,3.157,3.155,3.157,3.1605,3.162,3.16,3.162,11
2026-07-09 11:15:00,3.158,3.158,3.157,3.157,3.163,3.163,3.162,3.162,2
2026-07-09 11:16:00,3.158,3.159,3.158,3.159,3.163,3.164,3.163,3.164,6
2026-07-09 11:17:00,3.16,3.164,3.16,3.163,3.165,3.169,3.165,3.168,13
2026-07-09 11:18:00,3.162,3.1625,3.162,3.162,3.167,3.1675,3.167,3.167,3
2026-07-09 11:19:00,3.161,3.162,3.161,3.162,3.166,3.167,3.166,3.167,2
2026-07-09 11:20:00,3.161,3.162,3.16,3.161,3.166,3.167,3.165,3.166,6
2026-07-09 11:22:00,3.162,3.163,3.162,3.162,3.167,3.168,3.167,3.167,17
2026-07-09 11:23:00,3.1615,3.162,3.1615,3.1615,3.1665,3.167,3.1665,3.1665,3
2026-07-09 11:24:00,3.162,3.162,3.1615,3.162,3.167,3.167,3.1665,3.167,3
2026-07-09 11:25:00,3.163,3.1635,3.163,3.163,3.168,3.1685,3.168,3.168,7
2026-07-09 11:26:00,3.164,3.164,3.163,3.163,3.169,3.169,3.168,3.168,2
2026-07-09 11:27:00,3.1635,3.164,3.163,3.1635,3.1685,3.169,3.168,3.1685,12
2026-07-09 11:28:00,3.164,3.164,3.1635,3.1635,3.169,3.169,3.1685,3.1685,6
2026-07-09 11:29:00,3.1645,3.165,3.164,3.165,3.1695,3.17,3.169,3.17,4
2026-07-09 11:30:00,3.1645,3.165,3.163,3.163,3.1695,3.17,3.168,3.168,12
2026-07-09 11:31:00,3.162,3.162,3.162,3.162,3.167,3.167,3.167,3.167,1
2026-07-09 11:34:00,3.161,3.162,3.161,3.162,3.166,3.167,3.166,3.167,9
2026-07-09 11:35:00,3.161,3.163,3.161,3.162,3.166,3.168,3.166,3.167,8
2026-07-09 11:36:00,3.1615,3.162,3.16,3.161,3.1665,3.167,3.165,3.166,17
2026-07-09 11:37:00,3.162,3.162,3.161,3.162,3.167,3.167,3.166,3.167,10
2026-07-09 11:38:00,3.163,3.1635,3.162,3.1635,3.168,3.1685,3.167,3.1685,21
2026-07-09 11:39:00,3.163,3.164,3.162,3.163,3.168,3.169,3.167,3.168,8
2026-07-09 11:41:00,3.162,3.164,3.1615,3.162,3.167,3.169,3.1665,3.167,13
2026-07-09 11:42:00,3.1615,3.1615,3.161,3.161,3.1665,3.1665,3.166,3.166,2
2026-07-09 11:43:00,3.162,3.162,3.161,3.161,3.167,3.167,3.166,3.166,6
2026-07-09 11:44:00,3.162,3.162,3.1605,3.161,3.167,3.167,3.1655,3.166,4
2026-07-09 11:45:00,3.1605,3.161,3.1605,3.161,3.1655,3.166,3.1655,3.166,2
2026-07-09 11:46:00,3.16,3.1615,3.16,3.16,3.165,3.1665,3.165,3.165,10
2026-07-09 11:47:00,3.158,3.159,3.157,3.159,3.163,3.164,3.162,3.164,12
2026-07-09 11:48:00,3.158,3.159,3.158,3.158,3.163,3.164,3.163,3.163,4
2026-07-09 11:50:00,3.159,3.159,3.157,3.158,3.164,3.164,3.162,3.163,8
2026-07-09 11:51:00,3.1575,3.158,3.157,3.158,3.1625,3.163,3.162,3.163,14
2026-07-09 11:52:00,3.1575,3.158,3.1575,3.158,3.1625,3.163,3.1625,3.163,2
2026-07-09 11:53:00,3.157,3.158,3.157,3.1575,3.162,3.163,3.162,3.1625,5
2026-07-09 11:54:00,3.157,3.157,3.156,3.156,3.162,3.162,3.161,3.161,2
2026-07-09 11:55:00,3.155,3.156,3.155,3.156,3.16,3.161,3.16,3.161,2
2026-07-09 11:56:00,3.157,3.157,3.155,3.155,3.162,3.162,3.16,3.16,3
2026-07-09 11:57:00,3.1555,3.156,3.155,3.156,3.1605,3.161,3.16,3.161,29
2026-07-09 11:58:00,3.155,3.156,3.155,3.156,3.16,3.161,3.16,3.161,11
2026-07-09 11:59:00,3.155,3.156,3.155,3.155,3.16,3.161,3.16,3.16,4
2026-07-09 12:00:00,3.154,3.156,3.152,3.156,3.159,3.161,3.157,3.161,20
2026-07-09 12:01:00,3.157,3.157,3.1555,3.156,3.162,3.162,3.1605,3.161,4
2026-07-09 12:02:00,3.1565,3.157,3.156,3.157,3.1615,3.162,3.161,3.162,5
2026-07-09 12:03:00,3.1565,3.157,3.155,3.155,3.1615,3.162,3.16,3.16,5
2026-07-09 12:06:00,3.154,3.155,3.154,3.155,3.159,3.16,3.159,3.16,3
2026-07-09 12:07:00,3.154,3.155,3.15,3.152,3.159,3.16,3.155,3.157,18
2026-07-09 12:08:00,3.151,3.152,3.151,3.152,3.156,3.157,3.156,3.157,5
2026-07-09 12:09:00,3.1525,3.153,3.151,3.152,3.1575,3.158,3.156,3.157,9
2026-07-09 12:12:00,3.153,3.156,3.153,3.156,3.158,3.161,3.158,3.161,11
2026-07-09 12:13:00,3.157,3.1595,3.157,3.158,3.162,3.1645,3.162,3.163,8
2026-07-09 12:15:00,3.157,3.157,3.156,3.157,3.162,3.162,3.161,3.162,4
2026-07-09 12:16:00,3.158,3.158,3.157,3.158,3.163,3.163,3.162,3.163,12
2026-07-09 12:17:00,3.1575,3.158,3.157,3.158,3.1625,3.163,3.162,3.163,4
2026-07-09 12:18:00,3.1575,3.158,3.155,3.156,3.1625,3.163,3.16,3.161,9
2026-07-09 12:19:00,3.1555,3.1555,3.155,3.155,3.1605,3.1605,3.16,3.16,2
2026-07-09 12:20:00,3.154,3.156,3.154,3.155,3.159,3.161,3.159,3.16,8
2026-07-09 12:22:00,3.156,3.158,3.156,3.157,3.161,3.163,3.161,3.162,6
2026-07-09 12:25:00,3.158,3.16,3.158,3.16,3.163,3.165,3.163,3.165,3
2026-07-09 12:27:00,3.161,3.162,3.16,3.161,3.166,3.167,3.165,3.166,5
2026-07-09 12:28:00,3.16,3.16,3.16,3.16,3.165,3.165,3.165,3.165,1
2026-07-09 12:29:00,3.161,3.161,3.159,3.161,3.166,3.166,3.164,3.166,5
2026-07-09 12:30:00,3.16,3.16,3.157,3.158,3.165,3.165,3.162,3.163,6
2026-07-09 12:31:00,3.157,3.158,3.155,3.156,3.162,3.163,3.16,3.161,13
2026-07-09 12:32:00,3.155,3.157,3.155,3.157,3.16,3.162,3.16,3.162,4
2026-07-09 12:33:00,3.156,3.156,3.155,3.155,3.161,3.161,3.16,3.16,6
2026-07-09 12:34:00,3.154,3.154,3.1535,3.154,3.159,3.159,3.1585,3.159,3
2026-07-09 12:35:00,3.1535,3.154,3.152,3.152,3.1585,3.159,3.157,3.157,7
2026-07-09 12:36:00,3.151,3.157,3.151,3.157,3.156,3.162,3.156,3.162,24
2026-07-09 12:37:00,3.156,3.1585,3.156,3.158,3.161,3.1635,3.161,3.163,9
2026-07-09 12:39:00,3.1575,3.1575,3.156,3.156,3.1625,3.1625,3.161,3.161,3
2026-07-09 12:40:00,3.155,3.156,3.155,3.156,3.16,3.161,3.16,3.161,4
2026-07-09 12:41:00,3.155,3.155,3.153,3.153,3.16,3.16,3.158,3.158,3
2026-07-09 12:42:00,3.1525,3.153,3.152,3.152,3.1575,3.158,3.157,3.157,5
2026-07-09 12:43:00,3.153,3.154,3.152,3.153,3.158,3.159,3.157,3.158,13
2026-07-09 12:44:00,3.152,3.1525,3.152,3.152,3.157,3.1575,3.157,3.157,3
2026-07-09 12:45:00,3.153,3.153,3.152,3.153,3.158,3.158,3.157,3.158,9
2026-07-09 12:46:00,3.154,3.154,3.153,3.154,3.159,3.159,3.158,3.159,19
2026-07-09 12:47:00,3.1535,3.156,3.153,3.156,3.1585,3.161,3.158,3.161,9
2026-07-09 12:49:00,3.155,3.156,3.155,3.156,3.16,3.161,3.16,3.161,4
2026-07-09 12:50:00,3.155,3.155,3.154,3.155,3.16,3.16,3.159,3.16,8
2026-07-09 12:51:00,3.1545,3.158,3.1545,3.155,3.1595,3.163,3.1595,3.16,8
2026-07-09 12:52:00,3.154,3.16,3.154,3.159,3.159,3.165,3.159,3.164,24
2026-07-09 12:53:00,3.16,3.16,3.159,3.159,3.165,3.165,3.164,3.164,4
2026-07-09 12:54:00,3.1595,3.1595,3.158,3.159,3.1645,3.1645,3.163,3.164,6
2026-07-09 12:55:00,3.1585,3.16,3.158,3.158,3.1635,3.165,3.163,3.163,15
2026-07-09 12:56:00,3.159,3.161,3.1565,3.157,3.164,3.166,3.1615,3.162,15
2026-07-09 12:57:00,3.156,3.157,3.156,3.1565,3.161,3.162,3.161,3.1615,5
2026-07-09 12:58:00,3.156,3.157,3.154,3.156,3.161,3.162,3.159,3.161,18
2026-07-09 12:59:00,3.1555,3.1555,3.1525,3.153,3.1605,3.1605,3.1575,3.158,6
2026-07-09 13:00:00,3.1525,3.156,3.152,3.156,3.1575,3.161,3.157,3.161,19
2026-07-09 13:01:00,3.157,3.157,3.152,3.152,3.162,3.162,3.157,3.157,8
2026-07-09 13:02:00,3.153,3.153,3.152,3.153,3.158,3.158,3.157,3.158,3
2026-07-09 13:04:00,3.154,3.154,3.154,3.154,3.159,3.159,3.159,3.159,1
2026-07-09 13:05:00,3.1545,3.155,3.154,3.154,3.1595,3.16,3.159,3.159,3
2026-07-09 13:06:00,3.153,3.154,3.144,3.146,3.158,3.159,3.149,3.151,43
2026-07-09 13:07:00,3.1455,3.146,3.1435,3.145,3.1505,3.151,3.1485,3.15,29
2026-07-09 13:08:00,3.1445,3.145,3.142,3.143,3.1495,3.15,3.147,3.148,9
2026-07-09 13:09:00,3.1435,3.144,3.139,3.1415,3.1485,3.149,3.144,3.1465,30
2026-07-09 13:10:00,3.141,3.145,3.141,3.145,3.146,3.15,3.146,3.15,18
2026-07-09 13:11:00,3.1445,3.145,3.141,3.141,3.1495,3.15,3.146,3.146,37
2026-07-09 13:12:00,3.14,3.141,3.138,3.141,3.145,3.146,3.143,3.146,17
2026-07-09 13:13:00,3.1405,3.142,3.1405,3.142,3.1455,3.147,3.1455,3.147,5
2026-07-09 13:14:00,3.141,3.143,3.141,3.142,3.146,3.148,3.146,3.147,27
2026-07-09 13:15:00,3.1425,3.144,3.141,3.142,3.1475,3.149,3.146,3.147,15
2026-07-09 13:16:00,3.141,3.1425,3.141,3.142,3.146,3.1475,3.146,3.147,8
2026-07-09 13:17:00,3.143,3.143,3.142,3.142,3.148,3.148,3.147,3.147,19
2026-07-09 13:18:00,3.143,3.147,3.143,3.146,3.148,3.152,3.148,3.151,19
2026-07-09 13:19:00,3.1465,3.147,3.1435,3.1435,3.1515,3.152,3.1485,3.1485,25
2026-07-09 13:20:00,3.143,3.1475,3.143,3.147,3.148,3.1525,3.148,3.152,16
2026-07-09 13:21:00,3.146,3.147,3.145,3.1455,3.151,3.152,3.15,3.1505,11
2026-07-09 13:22:00,3.145,3.148,3.144,3.1465,3.15,3.153,3.149,3.1515,19
2026-07-09 13:23:00,3.146,3.15,3.145,3.149,3.151,3.155,3.15,3.154,20
2026-07-09 13:24:00,3.147,3.148,3.147,3.148,3.152,3.153,3.152,3.153,12
2026-07-09 13:25:00,3.149,3.149,3.147,3.147,3.154,3.154,3.152,3.152,8
2026-07-09 13:26:00,3.148,3.149,3.147,3.149,3.153,3.154,3.152,3.154,6
2026-07-09 13:27:00,3.1485,3.149,3.147,3.147,3.1535,3.154,3.152,3.152,9
2026-07-09 13:28:00,3.146,3.148,3.145,3.147,3.151,3.153,3.15,3.152,18
2026-07-09 13:29:00,3.1465,3.148,3.146,3.146,3.1515,3.153,3.151,3.151,13
2026-07-09 13:30:00,3.147,3.149,3.145,3.147,3.152,3.154,3.15,3.152,21
2026-07-09 13:31:00,3.146,3.146,3.143,3.145,3.151,3.151,3.148,3.15,17
2026-07-09 13:32:00,3.1455,3.147,3.141,3.142,3.1505,3.152,3.146,3.147,22
2026-07-09 13:33:00,3.143,3.143,3.143,3.143,3.148,3.148,3.148,3.148,1
2026-07-09 13:34:00,3.1425,3.145,3.1425,3.144,3.1475,3.15,3.1475,3.149,11
2026-07-09 13:35:00,3.145,3.145,3.144,3.144,3.15,3.15,3.149,3.149,4
2026-07-09 13:36:00,3.145,3.145,3.1445,3.145,3.15,3.15,3.1495,3.15,3
2026-07-09 13:37:00,3.144,3.148,3.144,3.146,3.149,3.153,3.149,3.151,23
2026-07-09 13:38:00,3.1455,3.1465,3.145,3.146,3.1505,3.1515,3.15,3.151,7
2026-07-09 13:39:00,3.145,3.147,3.145,3.147,3.15,3.152,3.15,3.152,9
2026-07-09 13:40:00,3.148,3.163,3.148,3.163,3.153,3.168,3.153,3.168,58
2026-07-09 13:41:00,3.164,3.169,3.161,3.166,3.169,3.174,3.166,3.171,67
2026-07-09 13:42:00,3.1655,3.1665,3.162,3.163,3.1705,3.1715,3.167,3.168,20
2026-07-09 13:43:00,3.164,3.164,3.162,3.162,3.169,3.169,3.167,3.167,8
2026-07-09 13:44:00,3.163,3.164,3.162,3.163,3.168,3.169,3.167,3.168,17
2026-07-09 13:45:00,3.162,3.164,3.161,3.161,3.167,3.169,3.166,3.166,6
2026-07-09 13:46:00,3.162,3.162,3.16,3.1615,3.167,3.167,3.165,3.1665,11
2026-07-09 13:47:00,3.161,3.164,3.161,3.162,3.166,3.169,3.166,3.167,12
2026-07-09 13:48:00,3.161,3.162,3.159,3.159,3.166,3.167,3.164,3.164,7
2026-07-09 13:49:00,3.16,3.161,3.154,3.156,3.165,3.166,3.159,3.161,36
2026-07-09 13:50:00,3.155,3.158,3.153,3.154,3.16,3.163,3.158,3.159,14
2026-07-09 13:51:00,3.1535,3.1535,3.148,3.149,3.1585,3.1585,3.153,3.154,34
2026-07-09 13:52:00,3.15,3.151,3.15,3.15,3.155,3.156,3.155,3.155,4
2026-07-09 13:53:00,3.1505,3.1505,3.146,3.1465,3.1555,3.1555,3.151,3.1515,15
2026-07-09 13:54:00,3.147,3.15,3.147,3.149,3.152,3.155,3.152,3.154,24
2026-07-09 13:55:00,3.15,3.154,3.1495,3.154,3.155,3.159,3.1545,3.159,16
2026-07-09 13:56:00,3.155,3.156,3.154,3.154,3.16,3.161,3.159,3.159,7
2026-07-09 13:57:00,3.153,3.158,3.153,3.157,3.158,3.163,3.158,3.162,9
2026-07-09 13:58:00,3.156,3.166,3.1555,3.166,3.161,3.171,3.1605,3.171,38
2026-07-09 13:59:00,3.165,3.166,3.163,3.165,3.17,3.171,3.168,3.17,23
2026-07-09 14:00:00,3.1645,3.169,3.164,3.168,3.1695,3.174,3.169,3.173,37
2026-07-09 14:01:00,3.167,3.169,3.1635,3.167,3.172,3.174,3.1685,3.172,46
2026-07-09 14:02:00,3.166,3.168,3.164,3.1645,3.171,3.173,3.169,3.1695,39
2026-07-09 14:03:00,3.164,3.1655,3.16,3.16,3.169,3.1705,3.165,3.165,22
2026-07-09 14:04:00,3.161,3.163,3.16,3.162,3.166,3.168,3.165,3.167,27
2026-07-09 14:05:00,3.161,3.166,3.161,3.164,3.166,3.171,3.166,3.169,14
2026-07-09 14:06:00,3.165,3.173,3.164,3.166,3.17,3.178,3.169,3.171,47
2026-07-09 14:07:00,3.1655,3.1655,3.158,3.16,3.1705,3.1705,3.163,3.165,26
2026-07-09 14:08:00,3.159,3.159,3.156,3.1565,3.164,3.164,3.161,3.1615,15
2026-07-09 14:09:00,3.156,3.159,3.155,3.157,3.161,3.164,3.16,3.162,29
2026-07-09 14:10:00,3.158,3.162,3.1575,3.159,3.163,3.167,3.1625,3.164,31
2026-07-09 14:11:00,3.1595,3.16,3.156,3.156,3.1645,3.165,3.161,3.161,19
2026-07-09 14:12:00,3.157,3.157,3.154,3.157,3.162,3.162,3.159,3.162,9
2026-07-09 14:13:00,3.1565,3.157,3.154,3.154,3.1615,3.162,3.159,3.159,26
2026-07-09 14:14:00,3.153,3.156,3.152,3.155,3.158,3.161,3.157,3.16,11
2026-07-09 14:15:00,3.154,3.159,3.152,3.158,3.159,3.164,3.157,3.163,54
2026-07-09 14:16:00,3.157,3.1585,3.14,3.143,3.162,3.1635,3.145,3.148,129
2026-07-09 14:17:00,3.1435,3.147,3.141,3.146,3.1485,3.152,3.146,3.151,33
2026-07-09 14:18:00,3.145,3.145,3.141,3.145,3.15,3.15,3.146,3.15,45
2026-07-09 14:19:00,3.146,3.152,3.146,3.151,3.151,3.157,3.151,3.156,26
2026-07-09 14:20:00,3.15,3.152,3.15,3.151,3.155,3.157,3.155,3.156,17
2026-07-09 14:21:00,3.1505,3.1515,3.147,3.148,3.1555,3.1565,3.152,3.153,22
2026-07-09 14:22:00,3.147,3.149,3.134,3.1345,3.152,3.154,3.139,3.1395,42
2026-07-09 14:23:00,3.134,3.137,3.125,3.129,3.139,3.142,3.13,3.134,118
2026-07-09 14:24:00,3.1295,3.134,3.1295,3.134,3.1345,3.139,3.1345,3.139,51
2026-07-09 14:25:00,3.135,3.148,3.135,3.1465,3.14,3.153,3.14,3.1515,84
2026-07-09 14:26:00,3.146,3.156,3.146,3.155,3.151,3.161,3.151,3.16,50
2026-07-09 14:27:00,3.1555,3.156,3.149,3.15,3.1605,3.161,3.154,3.155,59
2026-07-09 14:28:00,3.151,3.151,3.144,3.147,3.156,3.156,3.149,3.152,45
2026-07-09 14:29:00,3.1475,3.149,3.1465,3.148,3.1525,3.154,3.1515,3.153,49
2026-07-09 14:30:00,3.1475,3.1475,3.14,3.141,3.1525,3.1525,3.145,3.146,37
2026-07-09 14:31:00,3.14,3.141,3.138,3.14,3.145,3.146,3.143,3.145,43
2026-07-09 14:32:00,3.141,3.143,3.139,3.139,3.146,3.148,3.144,3.144,32
2026-07-09 14:33:00,3.14,3.141,3.138,3.14,3.145,3.146,3.143,3.145,38
2026-07-09 14:34:00,3.141,3.145,3.14,3.14,3.146,3.15,3.145,3.145,28
2026-07-09 14:35:00,3.139,3.139,3.135,3.135,3.144,3.144,3.14,3.14,68
2026-07-09 14:36:00,3.134,3.139,3.133,3.138,3.139,3.144,3.138,3.143,54
2026-07-09 14:37:00,3.139,3.14,3.137,3.139,3.144,3.145,3.142,3.144,41
2026-07-09 14:38:00,3.138,3.143,3.137,3.1375,3.143,3.148,3.142,3.1425,64
2026-07-09 14:39:00,3.137,3.138,3.1355,3.136,3.142,3.143,3.1405,3.141,25
2026-07-09 14:40:00,3.1355,3.138,3.1355,3.137,3.1405,3.143,3.1405,3.142,21
2026-07-09 14:41:00,3.1375,3.14,3.1375,3.139,3.1425,3.145,3.1425,3.144,16
2026-07-09 14:42:00,3.14,3.1425,3.14,3.142,3.145,3.1475,3.145,3.147,14
2026-07-09 14:43:00,3.141,3.145,3.14,3.144,3.146,3.15,3.145,3.149,37
2026-07-09 14:44:00,3.143,3.147,3.143,3.144,3.148,3.152,3.148,3.149,47
2026-07-09 14:45:00,3.1435,3.155,3.143,3.145,3.1485,3.16,3.148,3.15,71
2026-07-09 14:46:00,3.1455,3.1455,3.139,3.145,3.1505,3.1505,3.144,3.15,76
2026-07-09 14:47:00,3.146,3.146,3.142,3.142,3.151,3.151,3.147,3.147,17
2026-07-09 14:48:00,3.141,3.144,3.139,3.143,3.146,3.149,3.144,3.148,32
2026-07-09 14:49:00,3.142,3.145,3.141,3.143,3.147,3.15,3.146,3.148,30
2026-07-09 14:50:00,3.142,3.144,3.14,3.144,3.147,3.149,3.145,3.149,29
2026-07-09 14:51:00,3.1425,3.1425,3.135,3.14,3.1475,3.1475,3.14,3.145,46
2026-07-09 14:52:00,3.139,3.145,3.1385,3.145,3.144,3.15,3.1435,3.15,18
2026-07-09 14:53:00,3.146,3.147,3.144,3.147,3.151,3.152,3.149,3.152,33
2026-07-09 14:54:00,3.148,3.151,3.148,3.151,3.153,3.156,3.153,3.156,36
2026-07-09 14:55:00,3.15,3.153,3.148,3.149,3.155,3.158,3.153,3.154,24
2026-07-09 14:56:00,3.1495,3.159,3.1495,3.155,3.1545,3.164,3.1545,3.16,83
2026-07-09 14:57:00,3.1555,3.161,3.153,3.154,3.1605,3.166,3.158,3.159,72
2026-07-09 14:58:00,3.153,3.155,3.152,3.155,3.158,3.16,3.157,3.16,17
2026-07-09 14:59:00,3.156,3.156,3.147,3.148,3.161,3.161,3.152,3.153,22
2026-07-09 15:00:00,3.147,3.151,3.144,3.15,3.152,3.156,3.149,3.155,105
2026-07-09 15:01:00,3.1505,3.154,3.148,3.1495,3.1555,3.159,3.153,3.1545,64
2026-07-09 15:02:00,3.149,3.149,3.146,3.148,3.154,3.154,3.151,3.153,34
2026-07-09 15:03:00,3.149,3.15,3.147,3.147,3.154,3.155,3.152,3.152,17
2026-07-09 15:04:00,3.146,3.147,3.14,3.14,3.151,3.152,3.145,3.145,42
2026-07-09 15:05:00,3.141,3.146,3.14,3.144,3.146,3.151,3.145,3.149,58
2026-07-09 15:06:00,3.145,3.145,3.139,3.144,3.15,3.15,3.144,3.149,56
2026-07-09 15:07:00,3.145,3.147,3.144,3.145,3.15,3.152,3.149,3.15,32
2026-07-09 15:08:00,3.1445,3.1445,3.14,3.141,3.1495,3.1495,3.145,3.146,26
2026-07-09 15:09:00,3.1415,3.143,3.1395,3.141,3.1465,3.148,3.1445,3.146,31
2026-07-09 15:10:00,3.14,3.1455,3.14,3.145,3.145,3.1505,3.145,3.15,33
2026-07-09 15:11:00,3.1445,3.146,3.14,3.141,3.1495,3.151,3.145,3.146,32
2026-07-09 15:12:00,3.14,3.142,3.14,3.141,3.145,3.147,3.145,3.146,26
2026-07-09 15:13:00,3.14,3.14,3.137,3.139,3.145,3.145,3.142,3.144,26
2026-07-09 15:14:00,3.138,3.138,3.13,3.131,3.143,3.143,3.135,3.136,94
2026-07-09 15:15:00,3.132,3.133,3.121,3.127,3.137,3.138,3.126,3.132,145
2026-07-09 15:16:00,3.1275,3.129,3.117,3.119,3.1325,3.134,3.122,3.124,106
2026-07-09 15:17:00,3.115,3.1175,3.106,3.109,3.12,3.1225,3.111,3.114,157
2026-07-09 15:18:00,3.11,3.11,3.1,3.103,3.115,3.115,3.105,3.108,147
2026-07-09 15:19:00,3.104,3.11,3.101,3.109,3.109,3.115,3.106,3.114,67
2026-07-09 15:20:00,3.108,3.114,3.108,3.112,3.113,3.119,3.113,3.117,52
2026-07-09 15:21:00,3.111,3.111,3.107,3.108,3.116,3.116,3.112,3.113,64
2026-07-09 15:22:00,3.107,3.107,3.1,3.101,3.112,3.112,3.105,3.106,68
2026-07-09 15:23:00,3.1005,3.101,3.094,3.0985,3.1055,3.106,3.099,3.1035,84
2026-07-09 15:24:00,3.098,3.098,3.092,3.096,3.103,3.103,3.097,3.101,53
2026-07-09 15:25:00,3.097,3.097,3.085,3.086,3.102,3.102,3.09,3.091,95
2026-07-09 15:26:00,3.087,3.091,3.087,3.089,3.092,3.096,3.092,3.094,62
2026-07-09 15:27:00,3.088,3.09,3.085,3.0885,3.093,3.095,3.09,3.0935,55
2026-07-09 15:28:00,3.088,3.09,3.085,3.085,3.093,3.095,3.09,3.09,49
2026-07-09 15:29:00,3.083,3.0865,3.079,3.086,3.088,3.0915,3.084,3.091,224
2026-07-09 15:30:00,3.085,3.087,3.078,3.08,3.09,3.092,3.083,3.085,136
2026-07-09 15:31:00,3.079,3.08,3.0675,3.072,3.084,3.085,3.0725,3.077,290
2026-07-09 15:32:00,3.0725,3.076,3.067,3.071,3.0775,3.081,3.072,3.076,152
2026-07-09 15:33:00,3.0705,3.072,3.068,3.071,3.0755,3.077,3.073,3.076,126
2026-07-09 15:34:00,3.072,3.073,3.069,3.07,3.077,3.078,3.074,3.075,122
2026-07-09 15:35:00,3.069,3.081,3.069,3.077,3.074,3.086,3.074,3.082,202
2026-07-09 15:36:00,3.076,3.078,3.07,3.07,3.081,3.083,3.075,3.075,172
2026-07-09 15:37:00,3.071,3.073,3.07,3.072,3.076,3.078,3.075,3.077,76
2026-07-09 15:38:00,3.071,3.075,3.071,3.075,3.076,3.08,3.076,3.08,118
2026-07-09 15:39:00,3.0745,3.076,3.071,3.0725,3.0795,3.081,3.076,3.0775,112
2026-07-09 15:40:00,3.073,3.074,3.07,3.074,3.078,3.079,3.075,3.079,100
2026-07-09 15:41:00,3.0735,3.074,3.069,3.07,3.0785,3.079,3.074,3.075,73
2026-07-09 15:42:00,3.069,3.074,3.069,3.072,3.074,3.079,3.074,3.077,46
2026-07-09 15:43:00,3.0725,3.073,3.066,3.068,3.0775,3.078,3.071,3.073,71
2026-07-09 15:44:00,3.067,3.069,3.066,3.067,3.072,3.074,3.071,3.072,35
2026-07-09 15:45:00,3.068,3.071,3.068,3.068,3.071,3.076,3.071,3.072,18
2026-07-09 15:46:00,3.066,3.067,3.064,3.066,3.071,3.072,3.069,3.071,124
2026-07-09 15:47:00,3.065,3.065,3.062,3.063,3.07,3.07,3.067,3.068,70
2026-07-09 15:48:00,3.062,3.065,3.062,3.063,3.067,3.07,3.067,3.068,64
2026-07-09 15:49:00,3.062,3.063,3.058,3.059,3.067,3.068,3.063,3.064,41
2026-07-09 15:50:00,3.0585,3.061,3.056,3.059,3.0635,3.066,3.061,3.064,29
2026-07-09 15:51:00,3.058,3.059,3.049,3.051,3.063,3.064,3.054,3.056,54
2026-07-09 15:52:00,3.052,3.055,3.051,3.053,3.057,3.06,3.056,3.058,50
2026-07-09 15:53:00,3.052,3.054,3.051,3.052,3.057,3.059,3.056,3.057,24
2026-07-09 15:54:00,3.051,3.057,3.051,3.057,3.056,3.062,3.056,3.062,70
2026-07-09 15:55:00,3.0565,3.057,3.054,3.055,3.0615,3.062,3.059,3.06,54
2026-07-09 15:56:00,3.0545,3.056,3.053,3.054,3.0595,3.061,3.058,3.059,32
2026-07-09 15:57:00,3.0535,3.056,3.053,3.055,3.0585,3.061,3.058,3.06,26
2026-07-09 15:58:00,3.054,3.056,3.053,3.0535,3.059,3.061,3.058,3.0585,29
2026-07-09 15:59:00,3.053,3.054,3.045,3.046,3.058,3.059,3.05,3.051,66
2026-07-09 16:00:00,3.045,3.049,3.045,3.048,3.05,3.054,3.05,3.053,35
2026-07-09 16:01:00,3.049,3.054,3.049,3.0535,3.054,3.059,3.054,3.0585,56
2026-07-09 16:02:00,3.053,3.055,3.052,3.054,3.058,3.06,3.057,3.059,38
2026-07-09 16:03:00,3.055,3.056,3.053,3.055,3.06,3.061,3.058,3.06,38
2026-07-09 16:04:00,3.056,3.057,3.05,3.05,3.061,3.062,3.055,3.055,29
2026-07-09 16:05:00,3.051,3.054,3.051,3.053,3.056,3.059,3.056,3.058,14
2026-07-09 16:06:00,3.052,3.055,3.052,3.054,3.057,3.06,3.057,3.059,30
2026-07-09 16:07:00,3.053,3.054,3.052,3.053,3.058,3.059,3.057,3.057,25
2026-07-09 16:08:00,3.051,3.053,3.051,3.052,3.056,3.058,3.056,3.057,47
2026-07-09 16:09:00,3.053,3.053,3.049,3.053,3.058,3.058,3.054,3.058,46
2026-07-09 16:10:00,3.0525,3.055,3.051,3.055,3.0575,3.06,3.056,3.06,24
2026-07-09 16:11:00,3.054,3.057,3.053,3.053,3.059,3.062,3.058,3.058,25
2026-07-09 16:12:00,3.054,3.055,3.051,3.052,3.059,3.06,3.056,3.057,34
2026-07-09 16:13:00,3.0525,3.055,3.0525,3.054,3.0575,3.06,3.0575,3.059,16
2026-07-09 16:14:00,3.055,3.055,3.049,3.052,3.06,3.06,3.054,3.057,32
2026-07-09 16:15:00,3.051,3.052,3.049,3.051,3.056,3.057,3.054,3.056,36
2026-07-09 16:16:00,3.05,3.051,3.045,3.046,3.055,3.056,3.05,3.051,35
2026-07-09 16:17:00,3.047,3.05,3.046,3.049,3.052,3.055,3.051,3.054,25
2026-07-09 16:18:00,3.05,3.053,3.049,3.053,3.055,3.058,3.054,3.058,27
2026-07-09 16:19:00,3.0535,3.054,3.051,3.052,3.0585,3.059,3.056,3.057,23
2026-07-09 16:20:00,3.0515,3.054,3.051,3.0535,3.0565,3.059,3.056,3.0585,20
2026-07-09 16:21:00,3.054,3.054,3.051,3.052,3.059,3.059,3.056,3.057,15
2026-07-09 16:22:00,3.053,3.053,3.051,3.051,3.058,3.058,3.056,3.056,13
2026-07-09 16:23:00,3.0505,3.052,3.049,3.05,3.0555,3.057,3.054,3.055,18
2026-07-09 16:24:00,3.049,3.05,3.047,3.0485,3.054,3.055,3.052,3.0535,35
2026-07-09 16:25:00,3.048,3.049,3.046,3.047,3.053,3.054,3.051,3.052,21
2026-07-09 16:26:00,3.048,3.049,3.044,3.045,3.053,3.054,3.049,3.05,22
2026-07-09 16:27:00,3.044,3.044,3.042,3.044,3.049,3.049,3.047,3.049,37
2026-07-09 16:28:00,3.045,3.051,3.045,3.05,3.05,3.056,3.05,3.055,65
2026-07-09 16:29:00,3.051,3.053,3.05,3.051,3.056,3.058,3.055,3.056,61
2026-07-09 16:30:00,3.041,3.042,3.029,3.04,3.046,3.047,3.034,3.045,260
2026-07-09 16:31:00,3.041,3.052,3.035,3.037,3.046,3.057,3.04,3.042,173
2026-07-09 16:32:00,3.039,3.04,3.033,3.033,3.044,3.045,3.038,3.038,96
2026-07-09 16:33:00,3.032,3.034,3.017,3.017,3.037,3.039,3.022,3.022,212
2026-07-09 16:34:00,3.016,3.02,3.014,3.016,3.021,3.025,3.019,3.021,184
2026-07-09 16:35:00,3.0155,3.026,3.0155,3.026,3.0205,3.031,3.0205,3.031,159
2026-07-09 16:36:00,3.0255,3.028,3.023,3.024,3.0305,3.033,3.028,3.029,53
2026-07-09 16:37:00,3.025,3.025,3.0185,3.021,3.03,3.03,3.0235,3.026,66
2026-07-09 16:38:00,3.022,3.027,3.022,3.026,3.027,3.032,3.027,3.031,45
2026-07-09 16:39:00,3.0255,3.029,3.025,3.026,3.0305,3.034,3.03,3.031,56
2026-07-09 16:40:00,3.0255,3.03,3.025,3.029,3.0305,3.035,3.03,3.034,64
2026-07-09 16:41:00,3.0285,3.032,3.027,3.029,3.0335,3.037,3.032,3.034,84
2026-07-09 16:42:00,3.028,3.029,3.023,3.023,3.033,3.034,3.028,3.028,64
2026-07-09 16:43:00,3.022,3.025,3.021,3.023,3.027,3.03,3.026,3.028,50
2026-07-09 16:44:00,3.0225,3.023,3.02,3.021,3.0275,3.028,3.025,3.026,78
2026-07-09 16:45:00,3.02,3.02,3.014,3.0145,3.025,3.025,3.019,3.0195,68
2026-07-09 16:46:00,3.015,3.015,3.009,3.01,3.02,3.02,3.014,3.015,110
2026-07-09 16:47:00,3.0095,3.014,3.0095,3.013,3.0145,3.019,3.0145,3.018,71
2026-07-09 16:48:00,3.012,3.014,3.012,3.014,3.017,3.019,3.017,3.019,43
2026-07-09 16:49:00,3.015,3.016,3.014,3.015,3.02,3.021,3.019,3.02,46
2026-07-09 16:50:00,3.014,3.017,3.012,3.012,3.019,3.022,3.017,3.017,43
2026-07-09 16:51:00,3.011,3.013,3.01,3.011,3.016,3.018,3.015,3.016,68
2026-07-09 16:52:00,3.01,3.012,3.0095,3.01,3.015,3.017,3.0145,3.015,71
2026-07-09 16:53:00,3.011,3.011,3.009,3.01,3.016,3.016,3.014,3.015,38
2026-07-09 16:54:00,3.009,3.01,3.005,3.006,3.014,3.015,3.01,3.011,37
2026-07-09 16:55:00,3.007,3.01,3.006,3.009,3.012,3.015,3.011,3.014,56
2026-07-09 16:56:00,3.01,3.011,3.008,3.008,3.015,3.016,3.013,3.013,25
2026-07-09 16:57:00,3.007,3.01,3.006,3.006,3.012,3.015,3.011,3.011,47
2026-07-09 16:58:00,3.005,3.006,3.0025,3.003,3.01,3.011,3.0075,3.008,39
2026-07-09 16:59:00,3.004,3.005,3.001,3.003,3.009,3.01,3.006,3.008,32
2026-07-09 17:00:00,3.004,3.006,3.001,3.002,3.009,3.011,3.006,3.007,46
2026-07-09 17:01:00,3.001,3.002,2.997,2.999,3.006,3.007,3.002,3.004,54
2026-07-09 17:02:00,2.998,2.999,2.995,2.996,3.003,3.004,3.0,3.001,52
2026-07-09 17:03:00,2.997,2.999,2.992,2.993,3.002,3.004,2.997,2.998,32
2026-07-09 17:04:00,2.992,2.997,2.991,2.993,2.997,3.002,2.996,2.998,51
2026-07-09 17:05:00,2.994,2.996,2.991,2.993,2.999,3.001,2.996,2.998,37
2026-07-09 17:06:00,2.992,2.997,2.992,2.993,2.997,3.002,2.997,2.998,109
2026-07-09 17:07:00,2.992,2.993,2.989,2.989,2.997,2.998,2.994,2.994,56
2026-07-09 17:08:00,2.99,2.995,2.988,2.995,2.995,3.0,2.993,3.0,47
2026-07-09 17:09:00,2.994,2.996,2.988,2.99,2.999,3.001,2.993,2.995,44
2026-07-09 17:10:00,2.989,2.991,2.989,2.99,2.994,2.996,2.994,2.995,49
2026-07-09 17:11:00,2.989,2.992,2.988,2.9895,2.994,2.997,2.993,2.9945,49
2026-07-09 17:12:00,2.989,2.998,2.989,2.996,2.994,3.003,2.994,3.001,90
2026-07-09 17:13:00,2.995,2.997,2.994,2.996,3.0,3.002,2.999,3.001,37
2026-07-09 17:14:00,2.997,3.001,2.996,3.001,3.002,3.006,3.001,3.006,43
2026-07-09 17:15:00,3.0,3.002,2.996,2.996,3.005,3.007,3.001,3.001,43
2026-07-09 17:16:00,2.995,2.995,2.988,2.988,3.0,3.0,2.993,2.993,81
2026-07-09 17:17:00,2.989,2.991,2.988,2.988,2.994,2.996,2.993,2.993,63
2026-07-09 17:18:00,2.9885,2.991,2.988,2.99,2.9935,2.996,2.993,2.995,39
2026-07-09 17:19:00,2.989,2.991,2.988,2.989,2.994,2.996,2.993,2.994,14
2026-07-09 17:20:00,2.988,2.989,2.987,2.987,2.993,2.994,2.992,2.992,23
2026-07-09 17:21:00,2.988,2.989,2.986,2.987,2.993,2.994,2.991,2.992,41
2026-07-09 17:22:00,2.986,2.989,2.986,2.987,2.991,2.994,2.991,2.992,17
2026-07-09 17:23:00,2.986,2.988,2.985,2.9855,2.991,2.993,2.99,2.9905,19
2026-07-09 17:24:00,2.985,2.987,2.98,2.98,2.99,2.992,2.985,2.985,43
2026-07-09 17:25:00,2.981,2.984,2.98,2.984,2.986,2.989,2.985,2.989,51
2026-07-09 17:26:00,2.983,2.985,2.983,2.984,2.988,2.99,2.988,2.989,41
2026-07-09 17:27:00,2.983,2.985,2.983,2.9845,2.988,2.99,2.988,2.9895,90
2026-07-09 17:28:00,2.985,2.988,2.984,2.985,2.99,2.993,2.989,2.99,66
2026-07-09 17:29:00,2.986,2.988,2.985,2.985,2.991,2.993,2.99,2.99,37
2026-07-09 17:30:00,2.9855,2.987,2.984,2.986,2.9905,2.992,2.989,2.991,53
2026-07-09 17:31:00,2.9855,2.991,2.985,2.987,2.9905,2.996,2.99,2.992,90
2026-07-09 17:32:00,2.9865,2.9865,2.981,2.9845,2.9915,2.9915,2.986,2.9895,80
2026-07-09 17:33:00,2.984,2.985,2.982,2.9825,2.989,2.99,2.987,2.9875,23
2026-07-09 17:34:00,2.983,2.984,2.981,2.983,2.988,2.989,2.986,2.988,26
2026-07-09 17:35:00,2.982,2.985,2.981,2.981,2.987,2.99,2.986,2.986,38
2026-07-09 17:36:00,2.982,2.983,2.981,2.9825,2.987,2.988,2.986,2.9875,33
2026-07-09 17:37:00,2.983,2.985,2.982,2.984,2.988,2.99,2.987,2.989,50
2026-07-09 17:38:00,2.983,2.983,2.982,2.983,2.988,2.988,2.987,2.988,5
2026-07-09 17:39:00,2.984,2.987,2.983,2.985,2.989,2.992,2.988,2.99,59
2026-07-09 17:40:00,2.984,2.989,2.984,2.988,2.989,2.994,2.989,2.993,32
2026-07-09 17:41:00,2.9875,2.991,2.986,2.989,2.9925,2.996,2.991,2.994,52
2026-07-09 17:42:00,2.988,2.989,2.981,2.9825,2.993,2.994,2.986,2.9875,25
2026-07-09 17:43:00,2.983,2.983,2.98,2.981,2.988,2.988,2.985,2.986,21
2026-07-09 17:44:00,2.9805,2.982,2.978,2.981,2.9855,2.987,2.983,2.986,40
2026-07-09 17:45:00,2.982,2.985,2.98,2.984,2.987,2.99,2.985,2.989,48
2026-07-09 17:46:00,2.983,2.984,2.982,2.9835,2.988,2.989,2.987,2.9885,22
2026-07-09 17:47:00,2.984,2.984,2.981,2.9815,2.989,2.989,2.986,2.9865,30
2026-07-09 17:48:00,2.982,2.984,2.981,2.9835,2.987,2.989,2.986,2.9885,42
2026-07-09 17:49:00,2.984,2.988,2.983,2.983,2.989,2.993,2.988,2.988,48
2026-07-09 17:50:00,2.982,2.985,2.982,2.984,2.987,2.99,2.987,2.989,28
2026-07-09 17:51:00,2.983,2.984,2.978,2.98,2.988,2.989,2.983,2.985,54
2026-07-09 17:52:00,2.979,2.982,2.979,2.981,2.984,2.987,2.984,2.986,25
2026-07-09 17:53:00,2.982,2.982,2.979,2.98,2.987,2.987,2.984,2.985,13
2026-07-09 17:54:00,2.981,2.982,2.979,2.9795,2.986,2.987,2.984,2.9845,50
2026-07-09 17:55:00,2.98,2.98,2.977,2.9775,2.985,2.985,2.982,2.9825,23
2026-07-09 17:56:00,2.977,2.978,2.976,2.977,2.982,2.983,2.981,2.982,29
2026-07-09 17:57:00,2.978,2.9795,2.977,2.978,2.983,2.9845,2.982,2.983,11
2026-07-09 17:58:00,2.979,2.979,2.9785,2.979,2.984,2.984,2.9835,2.984,3
2026-07-09 17:59:00,2.98,2.983,2.98,2.981,2.985,2.988,2.985,2.986,20
2026-07-09 18:00:00,2.982,2.983,2.979,2.979,2.987,2.988,2.984,2.984,35
2026-07-09 18:01:00,2.978,2.978,2.974,2.975,2.983,2.983,2.979,2.98,33
2026-07-09 18:02:00,2.974,2.975,2.972,2.973,2.979,2.98,2.977,2.978,27
2026-07-09 18:03:00,2.974,2.975,2.973,2.974,2.979,2.98,2.978,2.979,20
2026-07-09 18:04:00,2.975,2.975,2.974,2.975,2.98,2.98,2.979,2.98,8
2026-07-09 18:05:00,2.976,2.978,2.974,2.977,2.981,2.983,2.979,2.982,25
2026-07-09 18:06:00,2.978,2.978,2.976,2.976,2.983,2.983,2.981,2.981,27
2026-07-09 18:07:00,2.977,2.977,2.975,2.9755,2.982,2.982,2.98,2.9805,18
2026-07-09 18:08:00,2.975,2.977,2.975,2.977,2.98,2.982,2.98,2.982,13
2026-07-09 18:09:00,2.978,2.9785,2.977,2.977,2.983,2.9835,2.982,2.982,9
2026-07-09 18:10:00,2.978,2.98,2.977,2.979,2.983,2.985,2.982,2.984,29
2026-07-09 18:11:00,2.978,2.979,2.977,2.978,2.983,2.984,2.982,2.983,9
2026-07-09 18:12:00,2.977,2.978,2.973,2.973,2.982,2.983,2.978,2.978,32
2026-07-09 18:13:00,2.972,2.974,2.971,2.973,2.977,2.979,2.976,2.978,26
2026-07-09 18:14:00,2.974,2.974,2.972,2.972,2.979,2.979,2.977,2.977,6
2026-07-09 18:15:00,2.9725,2.975,2.972,2.972,2.9775,2.98,2.977,2.977,10
2026-07-09 18:16:00,2.971,2.972,2.9695,2.97,2.976,2.977,2.9745,2.975,11
2026-07-09 18:17:00,2.971,2.971,2.968,2.968,2.976,2.976,2.973,2.973,13
2026-07-09 18:18:00,2.9685,2.9685,2.963,2.964,2.9735,2.9735,2.968,2.969,38
2026-07-09 18:19:00,2.965,2.966,2.964,2.964,2.97,2.971,2.969,2.969,20
2026-07-09 18:20:00,2.965,2.967,2.962,2.963,2.97,2.972,2.967,2.968,32
2026-07-09 18:21:00,2.964,2.964,2.962,2.963,2.969,2.969,2.967,2.968,37
2026-07-09 18:22:00,2.9625,2.966,2.962,2.966,2.9675,2.971,2.967,2.971,24
2026-07-09 18:23:00,2.965,2.966,2.963,2.964,2.97,2.971,2.968,2.969,19
2026-07-09 18:24:00,2.963,2.964,2.96,2.961,2.968,2.969,2.965,2.966,62
2026-07-09 18:25:00,2.9615,2.967,2.9615,2.966,2.9665,2.972,2.9665,2.971,67
2026-07-09 18:26:00,2.9655,2.966,2.963,2.963,2.9705,2.971,2.968,2.968,32
2026-07-09 18:27:00,2.964,2.965,2.963,2.963,2.969,2.97,2.968,2.968,12
2026-07-09 18:28:00,2.9625,2.9625,2.96,2.961,2.9675,2.9675,2.965,2.966,6
2026-07-09 18:29:00,2.962,2.964,2.961,2.963,2.967,2.969,2.966,2.968,36
2026-07-09 18:30:00,2.9625,2.963,2.96,2.963,2.9675,2.968,2.965,2.968,15
2026-07-09 18:31:00,2.962,2.966,2.962,2.965,2.967,2.971,2.967,2.97,40
2026-07-09 18:32:00,2.964,2.964,2.962,2.962,2.969,2.969,2.967,2.967,12
2026-07-09 18:33:00,2.963,2.966,2.9625,2.965,2.968,2.971,2.9675,2.97,11
2026-07-09 18:34:00,2.964,2.966,2.963,2.965,2.969,2.971,2.968,2.97,27
2026-07-09 18:35:00,2.964,2.965,2.964,2.965,2.969,2.97,2.969,2.97,5
2026-07-09 18:36:00,2.964,2.97,2.964,2.967,2.969,2.975,2.969,2.972,50
2026-07-09 18:37:00,2.966,2.969,2.965,2.969,2.971,2.974,2.97,2.974,33
2026-07-09 18:38:00,2.9685,2.972,2.967,2.971,2.9735,2.977,2.972,2.976,40
2026-07-09 18:39:00,2.97,2.975,2.969,2.9735,2.975,2.98,2.974,2.9785,70
2026-07-09 18:40:00,2.974,2.974,2.97,2.9705,2.979,2.979,2.975,2.9755,39
2026-07-09 18:41:00,2.971,2.972,2.97,2.97,2.976,2.977,2.975,2.975,23
2026-07-09 18:42:00,2.969,2.97,2.968,2.969,2.974,2.975,2.973,2.974,17
2026-07-09 18:43:00,2.968,2.969,2.967,2.968,2.973,2.974,2.972,2.973,5
2026-07-09 18:44:00,2.967,2.968,2.967,2.968,2.972,2.973,2.972,2.973,8
2026-07-09 18:45:00,2.9675,2.969,2.967,2.969,2.9725,2.974,2.972,2.974,16
2026-07-09 18:46:00,2.97,2.971,2.968,2.969,2.975,2.976,2.973,2.974,12
2026-07-09 18:47:00,2.968,2.971,2.968,2.971,2.973,2.976,2.973,2.976,27
2026-07-09 18:48:00,2.97,2.973,2.97,2.971,2.975,2.978,2.975,2.976,20
2026-07-09 18:49:00,2.972,2.974,2.972,2.973,2.977,2.979,2.977,2.978,20
2026-07-09 18:50:00,2.9725,2.973,2.971,2.973,2.9775,2.978,2.976,2.978,9
2026-07-09 18:51:00,2.972,2.975,2.971,2.971,2.977,2.98,2.976,2.976,30
2026-07-09 18:52:00,2.97,2.971,2.97,2.97,2.975,2.976,2.975,2.975,11
2026-07-09 18:53:00,2.971,2.971,2.968,2.97,2.976,2.976,2.973,2.975,19
2026-07-09 18:54:00,2.971,2.971,2.967,2.967,2.976,2.976,2.972,2.972,18
2026-07-09 18:55:00,2.968,2.969,2.967,2.969,2.973,2.974,2.972,2.974,10
2026-07-09 18:56:00,2.968,2.97,2.968,2.968,2.973,2.975,2.973,2.973,25
2026-07-09 18:57:00,2.9685,2.97,2.968,2.9685,2.9735,2.975,2.973,2.9735,20
2026-07-09 18:58:00,2.968,2.969,2.967,2.969,2.973,2.974,2.972,2.974,19
2026-07-09 18:59:00,2.968,2.968,2.965,2.965,2.973,2.973,2.97,2.97,25
2026-07-09 19:00:00,2.964,2.967,2.964,2.966,2.969,2.972,2.969,2.971,28
2026-07-09 19:01:00,2.967,2.968,2.965,2.966,2.972,2.973,2.97,2.971,18
2026-07-09 19:02:00,2.965,2.967,2.964,2.964,2.97,2.972,2.969,2.969,10
2026-07-09 19:03:00,2.965,2.967,2.965,2.966,2.97,2.972,2.97,2.971,13
2026-07-09 19:04:00,2.967,2.968,2.966,2.967,2.972,2.973,2.971,2.972,9
2026-07-09 19:05:00,2.966,2.968,2.965,2.968,2.971,2.973,2.97,2.973,12
2026-07-09 19:06:00,2.967,2.968,2.965,2.965,2.972,2.973,2.97,2.97,22
2026-07-09 19:07:00,2.966,2.966,2.964,2.965,2.971,2.971,2.969,2.97,24
2026-07-09 19:08:00,2.9645,2.965,2.963,2.964,2.9695,2.97,2.968,2.969,28
2026-07-09 19:09:00,2.963,2.965,2.957,2.958,2.968,2.97,2.962,2.963,62
2026-07-09 19:10:00,2.959,2.965,2.959,2.965,2.964,2.97,2.964,2.97,30
2026-07-09 19:11:00,2.963,2.963,2.961,2.962,2.968,2.968,2.966,2.967,32
2026-07-09 19:12:00,2.9615,2.963,2.96,2.962,2.9665,2.968,2.965,2.967,15
2026-07-09 19:13:00,2.963,2.965,2.963,2.963,2.968,2.97,2.968,2.968,12
2026-07-09 19:14:00,2.9635,2.964,2.963,2.964,2.9685,2.969,2.968,2.969,11
2026-07-09 19:15:00,2.965,2.965,2.964,2.965,2.97,2.97,2.969,2.97,8
2026-07-09 19:16:00,2.966,2.969,2.966,2.968,2.971,2.974,2.971,2.973,29
2026-07-09 19:17:00,2.967,2.967,2.964,2.965,2.972,2.972,2.969,2.97,12
2026-07-09 19:18:00,2.964,2.965,2.963,2.965,2.969,2.97,2.968,2.97,18
2026-07-09 19:19:00,2.9645,2.965,2.962,2.963,2.9695,2.97,2.967,2.968,13
2026-07-09 19:20:00,2.962,2.963,2.962,2.962,2.967,2.968,2.967,2.967,12
2026-07-09 19:22:00,2.961,2.962,2.959,2.96,2.966,2.967,2.964,2.965,17
2026-07-09 19:23:00,2.961,2.961,2.96,2.96,2.966,2.966,2.965,2.965,8
2026-07-09 19:24:00,2.961,2.963,2.961,2.961,2.966,2.968,2.966,2.966,12
2026-07-09 19:25:00,2.962,2.962,2.96,2.961,2.967,2.967,2.965,2.966,20
2026-07-09 19:26:00,2.962,2.962,2.96,2.961,2.967,2.967,2.965,2.966,8
2026-07-09 19:27:00,2.96,2.961,2.959,2.961,2.965,2.966,2.964,2.966,30
2026-07-09 19:28:00,2.962,2.964,2.962,2.964,2.967,2.969,2.967,2.969,13
2026-07-09 19:29:00,2.965,2.965,2.961,2.962,2.97,2.97,2.966,2.967,10
2026-07-09 19:30:00,2.963,2.963,2.961,2.962,2.968,2.968,2.966,2.967,13
2026-07-09 19:31:00,2.961,2.961,2.959,2.96,2.966,2.966,2.964,2.965,13
2026-07-09 19:32:00,2.959,2.96,2.958,2.959,2.964,2.965,2.963,2.964,22
2026-07-09 19:33:00,2.958,2.959,2.958,2.959,2.963,2.964,2.963,2.964,2
2026-07-09 19:34:00,2.958,2.958,2.957,2.958,2.963,2.963,2.962,2.963,7
2026-07-09 19:35:00,2.957,2.957,2.955,2.956,2.962,2.962,2.96,2.961,10
2026-07-09 19:36:00,2.957,2.957,2.95,2.952,2.962,2.962,2.955,2.957,36
2026-07-09 19:37:00,2.951,2.952,2.95,2.951,2.956,2.957,2.955,2.956,33
2026-07-09 19:38:00,2.9515,2.956,2.951,2.955,2.9565,2.961,2.956,2.96,23
2026-07-09 19:39:00,2.956,2.958,2.955,2.957,2.961,2.963,2.96,2.962,35
2026-07-09 19:40:00,2.956,2.957,2.955,2.955,2.961,2.962,2.96,2.96,14
2026-07-09 19:41:00,2.9555,2.956,2.954,2.955,2.9605,2.961,2.959,2.96,17
2026-07-09 19:42:00,2.954,2.955,2.951,2.952,2.959,2.96,2.956,2.957,19
2026-07-09 19:43:00,2.953,2.955,2.951,2.953,2.958,2.96,2.956,2.958,14
2026-07-09 19:44:00,2.952,2.953,2.952,2.953,2.957,2.958,2.957,2.958,25
2026-07-09 19:45:00,2.952,2.953,2.952,2.953,2.957,2.958,2.957,2.958,10
2026-07-09 19:46:00,2.954,2.957,2.954,2.954,2.959,2.962,2.959,2.959,21
2026-07-09 19:47:00,2.953,2.954,2.953,2.954,2.958,2.959,2.958,2.959,11
2026-07-09 19:48:00,2.9535,2.954,2.951,2.951,2.9585,2.959,2.956,2.956,15
2026-07-09 19:49:00,2.952,2.953,2.952,2.952,2.957,2.958,2.957,2.957,12
2026-07-09 19:50:00,2.953,2.954,2.953,2.954,2.958,2.959,2.958,2.959,2
2026-07-09 19:51:00,2.955,2.955,2.953,2.954,2.96,2.96,2.958,2.959,12
2026-07-09 19:52:00,2.953,2.954,2.952,2.952,2.958,2.959,2.957,2.957,22
2026-07-09 19:53:00,2.951,2.951,2.944,2.945,2.956,2.956,2.949,2.95,44
2026-07-09 19:54:00,2.9455,2.9465,2.944,2.946,2.9505,2.9515,2.949,2.951,14
2026-07-09 19:55:00,2.947,2.948,2.946,2.948,2.952,2.953,2.951,2.953,27
2026-07-09 19:56:00,2.947,2.948,2.946,2.947,2.952,2.953,2.951,2.952,21
2026-07-09 19:57:00,2.946,2.946,2.944,2.945,2.951,2.951,2.949,2.95,4
2026-07-09 19:58:00,2.944,2.947,2.943,2.946,2.949,2.952,2.948,2.951,12
2026-07-09 19:59:00,2.947,2.948,2.946,2.946,2.952,2.953,2.951,2.951,6
2026-07-09 20:00:00,2.947,2.947,2.946,2.947,2.952,2.952,2.951,2.952,22
2026-07-09 20:01:00,2.946,2.947,2.946,2.947,2.951,2.952,2.951,2.952,11
2026-07-09 20:02:00,2.946,2.961,2.946,2.958,2.951,2.966,2.951,2.963,99
2026-07-09 20:03:00,2.957,2.959,2.955,2.9565,2.962,2.964,2.96,2.9615,41
2026-07-09 20:04:00,2.957,2.959,2.956,2.9585,2.962,2.964,2.961,2.9635,44
2026-07-09 20:05:00,2.958,2.958,2.955,2.956,2.963,2.963,2.96,2.961,11
2026-07-09 20:06:00,2.955,2.956,2.953,2.953,2.96,2.961,2.958,2.958,24
2026-07-09 20:07:00,2.952,2.954,2.952,2.9535,2.957,2.959,2.957,2.9585,23
2026-07-09 20:08:00,2.954,2.954,2.952,2.953,2.959,2.959,2.957,2.958,26
2026-07-09 20:09:00,2.952,2.955,2.951,2.954,2.957,2.96,2.956,2.959,38
2026-07-09 20:10:00,2.953,2.954,2.952,2.953,2.958,2.959,2.957,2.958,21
2026-07-09 20:11:00,2.952,2.953,2.95,2.9505,2.957,2.958,2.955,2.9555,42
2026-07-09 20:12:00,2.951,2.951,2.949,2.9495,2.956,2.956,2.954,2.9545,23
2026-07-09 20:13:00,2.95,2.95,2.9485,2.95,2.955,2.955,2.9535,2.955,20
2026-07-09 20:14:00,2.949,2.95,2.947,2.949,2.954,2.955,2.952,2.954,34
2026-07-09 20:15:00,2.9495,2.9495,2.947,2.948,2.9545,2.9545,2.952,2.953,16
2026-07-09 20:16:00,2.9485,2.951,2.948,2.949,2.9535,2.956,2.953,2.954,18
2026-07-09 20:17:00,2.95,2.95,2.949,2.949,2.955,2.955,2.954,2.954,18
2026-07-09 20:18:00,2.95,2.953,2.948,2.953,2.955,2.958,2.953,2.958,60
2026-07-09 20:19:00,2.9535,2.957,2.9525,2.954,2.9585,2.962,2.9575,2.959,30
2026-07-09 20:20:00,2.953,2.967,2.953,2.964,2.958,2.972,2.958,2.969,65
2026-07-09 20:21:00,2.965,2.965,2.96,2.96,2.97,2.97,2.965,2.965,66
2026-07-09 20:22:00,2.961,2.962,2.957,2.961,2.966,2.967,2.962,2.966,47
2026-07-09 20:23:00,2.9605,2.961,2.956,2.957,2.9655,2.966,2.961,2.962,36
2026-07-09 20:24:00,2.956,2.957,2.954,2.954,2.961,2.962,2.959,2.959,47
2026-07-09 20:25:00,2.955,2.962,2.954,2.961,2.96,2.967,2.959,2.966,71
2026-07-09 20:26:00,2.96,2.964,2.959,2.962,2.965,2.969,2.964,2.967,61
2026-07-09 20:27:00,2.963,2.964,2.961,2.961,2.968,2.969,2.966,2.966,43
2026-07-09 20:28:00,2.96,2.9675,2.958,2.966,2.965,2.9725,2.963,2.971,190
2026-07-09 20:29:00,2.965,2.966,2.961,2.962,2.97,2.971,2.966,2.967,64
2026-07-09 20:30:00,2.961,2.966,2.961,2.965,2.966,2.971,2.966,2.97,30
2026-07-09 20:31:00,2.964,2.965,2.955,2.955,2.969,2.97,2.96,2.96,46
2026-07-09 20:32:00,2.9555,2.956,2.951,2.951,2.9605,2.961,2.956,2.956,37
2026-07-09 20:33:00,2.9515,2.952,2.949,2.949,2.9565,2.957,2.954,2.954,23
2026-07-09 20:34:00,2.95,2.951,2.949,2.95,2.955,2.956,2.954,2.955,37
2026-07-09 20:35:00,2.951,2.959,2.95,2.957,2.956,2.964,2.955,2.962,31
2026-07-09 20:36:00,2.9575,2.958,2.953,2.954,2.9625,2.963,2.958,2.959,18
2026-07-09 20:37:00,2.953,2.9555,2.952,2.952,2.958,2.9605,2.957,2.957,8
2026-07-09 20:38:00,2.953,2.953,2.952,2.9525,2.958,2.958,2.957,2.9575,11
2026-07-09 20:39:00,2.953,2.954,2.951,2.953,2.958,2.959,2.956,2.958,13
2026-07-09 20:40:00,2.954,2.956,2.954,2.956,2.959,2.961,2.959,2.961,12
2026-07-09 20:41:00,2.955,2.956,2.952,2.9525,2.96,2.961,2.957,2.9575,21
2026-07-09 20:42:00,2.953,2.956,2.9515,2.955,2.958,2.961,2.9565,2.96,30
2026-07-09 20:43:00,2.956,2.956,2.956,2.956,2.961,2.961,2.961,2.961,1
2026-07-09 20:44:00,2.957,2.957,2.955,2.956,2.962,2.962,2.96,2.961,8
2026-07-09 20:45:00,2.9565,2.958,2.956,2.958,2.9615,2.963,2.961,2.963,13
2026-07-09 20:46:00,2.9585,2.961,2.9565,2.96,2.9635,2.966,2.9615,2.965,30
2026-07-09 20:47:00,2.959,2.962,2.958,2.961,2.964,2.967,2.963,2.966,14
2026-07-09 20:49:00,2.96,2.962,2.959,2.961,2.965,2.967,2.964,2.966,26
2026-07-09 20:50:00,2.96,2.961,2.96,2.96,2.965,2.966,2.965,2.965,10
2026-07-09 20:51:00,2.959,2.963,2.959,2.9615,2.964,2.968,2.964,2.9665,20
2026-07-09 20:52:00,2.961,2.962,2.961,2.961,2.966,2.967,2.966,2.966,3
2026-07-09 20:53:00,2.96,2.96,2.959,2.959,2.965,2.965,2.964,2.964,8
2026-07-09 20:54:00,2.96,2.96,2.959,2.959,2.965,2.965,2.964,2.964,5
2026-07-09 20:55:00,2.9585,2.96,2.9585,2.96,2.9635,2.965,2.9635,2.965,5
2026-07-09 20:56:00,2.959,2.96,2.958,2.958,2.964,2.965,2.963,2.963,4
2026-07-09 20:57:00,2.959,2.959,2.958,2.958,2.964,2.964,2.963,2.963,2
2026-07-09 20:58:00,2.957,2.958,2.956,2.957,2.962,2.963,2.961,2.962,7
2026-07-09 21:00:00,2.956,2.958,2.953,2.953,2.961,2.963,2.958,2.958,17
2026-07-09 21:01:00,2.954,2.954,2.953,2.953,2.959,2.959,2.958,2.958,4
2026-07-09 21:02:00,2.954,2.955,2.953,2.955,2.959,2.96,2.958,2.96,10
2026-07-09 21:03:00,2.954,2.954,2.953,2.954,2.959,2.959,2.958,2.959,3
2026-07-09 21:04:00,2.953,2.954,2.952,2.953,2.958,2.959,2.957,2.958,16
2026-07-09 21:05:00,2.954,2.954,2.953,2.954,2.959,2.959,2.958,2.959,10
2026-07-09 21:06:00,2.955,2.956,2.955,2.956,2.96,2.961,2.96,2.961,2
2026-07-09 21:07:00,2.957,2.957,2.955,2.955,2.962,2.962,2.96,2.96,5
2026-07-09 21:08:00,2.954,2.954,2.954,2.954,2.959,2.959,2.959,2.959,1
2026-07-09 21:09:00,2.955,2.955,2.954,2.955,2.96,2.96,2.959,2.96,7
2026-07-09 21:10:00,2.956,2.958,2.955,2.957,2.961,2.963,2.96,2.962,9
2026-07-09 21:12:00,2.958,2.958,2.956,2.958,2.963,2.963,2.961,2.963,8
2026-07-09 21:13:00,2.959,2.959,2.958,2.958,2.964,2.964,2.963,2.963,4
2026-07-09 21:14:00,2.957,2.96,2.957,2.96,2.962,2.965,2.962,2.965,15
2026-07-09 21:15:00,2.959,2.96,2.959,2.96,2.964,2.965,2.964,2.965,3
2026-07-09 21:16:00,2.959,2.96,2.959,2.959,2.964,2.965,2.964,2.964,5
2026-07-09 21:17:00,2.958,2.958,2.957,2.958,2.963,2.963,2.962,2.963,5
2026-07-09 21:18:00,2.957,2.958,2.957,2.958,2.962,2.963,2.962,2.963,2
2026-07-09 21:19:00,2.957,2.96,2.957,2.959,2.962,2.965,2.962,2.964,5
2026-07-09 21:20:00,2.958,2.958,2.957,2.957,2.963,2.963,2.962,2.962,4
2026-07-09 21:21:00,2.956,2.958,2.956,2.958,2.961,2.963,2.961,2.963,11
2026-07-09 21:22:00,2.957,2.957,2.957,2.957,2.962,2.962,2.962,2.962,1
2026-07-09 21:23:00,2.958,2.958,2.956,2.957,2.963,2.963,2.961,2.962,4
2026-07-09 21:24:00,2.956,2.957,2.956,2.957,2.961,2.962,2.961,2.962,2
2026-07-09 21:25:00,2.956,2.957,2.956,2.957,2.961,2.962,2.961,2.962,10
2026-07-09 21:26:00,2.958,2.958,2.957,2.958,2.963,2.963,2.962,2.963,5
2026-07-09 21:27:00,2.957,2.958,2.957,2.9575,2.962,2.963,2.962,2.9625,8
2026-07-09 21:28:00,2.958,2.958,2.957,2.958,2.963,2.963,2.962,2.963,9
2026-07-09 21:29:00,2.957,2.958,2.957,2.958,2.962,2.963,2.962,2.963,7
2026-07-09 21:30:00,2.9575,2.961,2.957,2.96,2.9625,2.966,2.962,2.965,14
2026-07-09 21:31:00,2.961,2.962,2.961,2.961,2.966,2.967,2.966,2.966,13
2026-07-09 21:32:00,2.96,2.962,2.96,2.962,2.965,2.967,2.965,2.967,15
2026-07-09 21:33:00,2.961,2.963,2.96,2.962,2.966,2.968,2.965,2.967,17
2026-07-09 21:34:00,2.963,2.964,2.963,2.963,2.968,2.969,2.968,2.968,5
2026-07-09 21:35:00,2.964,2.964,2.963,2.9635,2.969,2.969,2.968,2.9685,7
2026-07-09 21:36:00,2.963,2.964,2.961,2.962,2.968,2.969,2.966,2.967,15
2026-07-09 21:37:00,2.961,2.963,2.961,2.963,2.966,2.968,2.966,2.968,12
2026-07-09 21:38:00,2.962,2.962,2.962,2.962,2.967,2.967,2.967,2.967,1
2026-07-09 21:40:00,2.9635,2.966,2.962,2.963,2.9685,2.971,2.967,2.968,24
2026-07-09 21:41:00,2.962,2.962,2.961,2.962,2.967,2.967,2.966,2.967,3
2026-07-09 21:43:00,2.963,2.963,2.961,2.962,2.968,2.968,2.966,2.967,31
2026-07-09 21:44:00,2.9625,2.963,2.962,2.962,2.9675,2.968,2.967,2.967,14
2026-07-09 21:45:00,2.961,2.962,2.961,2.9615,2.966,2.967,2.966,2.9665,9
2026-07-09 21:46:00,2.962,2.962,2.961,2.961,2.967,2.967,2.966,2.966,9
2026-07-09 21:47:00,2.962,2.962,2.9615,2.962,2.967,2.967,2.9665,2.967,7
2026-07-09 21:48:00,2.963,2.964,2.962,2.964,2.968,2.969,2.967,2.969,10
2026-07-09 21:49:00,2.963,2.964,2.962,2.963,2.968,2.969,2.967,2.968,7
2026-07-09 21:50:00,2.962,2.964,2.962,2.964,2.967,2.969,2.967,2.969,7
2026-07-09 21:51:00,2.9635,2.965,2.9635,2.964,2.9685,2.97,2.9685,2.969,8
2026-07-09 21:52:00,2.9645,2.9645,2.963,2.963,2.9695,2.9695,2.968,2.968,5
2026-07-09 21:53:00,2.9635,2.964,2.963,2.964,2.9685,2.969,2.968,2.969,4
2026-07-09 21:54:00,2.963,2.964,2.963,2.964,2.968,2.969,2.968,2.969,5
2026-07-09 21:55:00,2.963,2.964,2.963,2.964,2.968,2.969,2.968,2.969,6
2026-07-09 21:56:00,2.965,2.965,2.964,2.964,2.97,2.97,2.969,2.969,5
2026-07-09 21:57:00,2.963,2.964,2.962,2.962,2.968,2.969,2.967,2.967,16
2026-07-09 21:58:00,2.961,2.963,2.961,2.963,2.966,2.968,2.966,2.968,11
2026-07-09 21:59:00,2.964,2.964,2.962,2.963,2.969,2.969,2.967,2.968,15
2026-07-09 22:00:00,2.9625,2.963,2.962,2.962,2.9675,2.968,2.967,2.967,13
2026-07-09 22:02:00,2.961,2.962,2.961,2.962,2.966,2.967,2.966,2.967,18
2026-07-09 22:04:00,2.9615,2.962,2.96,2.961,2.9665,2.967,2.965,2.966,13
2026-07-09 22:05:00,2.96,2.962,2.959,2.962,2.965,2.967,2.964,2.967,36
2026-07-09 22:06:00,2.961,2.961,2.961,2.961,2.966,2.966,2.966,2.966,1
2026-07-09 22:07:00,2.96,2.96,2.96,2.96,2.965,2.965,2.965,2.965,1
2026-07-09 22:08:00,2.959,2.9595,2.958,2.958,2.964,2.9645,2.963,2.963,6
2026-07-09 22:09:00,2.959,2.959,2.957,2.958,2.964,2.964,2.962,2.963,13
2026-07-09 22:10:00,2.9585,2.959,2.958,2.958,2.9635,2.964,2.963,2.963,4
2026-07-09 22:11:00,2.957,2.962,2.957,2.962,2.962,2.967,2.962,2.967,17
2026-07-09 22:12:00,2.9615,2.962,2.9615,2.962,2.9665,2.967,2.9665,2.967,2
2026-07-09 22:13:00,2.963,2.963,2.962,2.962,2.968,2.968,2.967,2.967,3
2026-07-09 22:14:00,2.963,2.964,2.963,2.964,2.968,2.969,2.968,2.969,2
2026-07-09 22:16:00,2.965,2.965,2.964,2.965,2.97,2.97,2.969,2.97,3
2026-07-09 22:17:00,2.964,2.965,2.964,2.965,2.969,2.97,2.969,2.97,3
2026-07-09 22:18:00,2.964,2.964,2.964,2.964,2.969,2.969,2.969,2.969,1
2026-07-09 22:19:00,2.961,2.961,2.958,2.959,2.966,2.966,2.963,2.964,10
2026-07-09 22:21:00,2.9585,2.961,2.9585,2.96,2.9635,2.966,2.9635,2.965,5
2026-07-09 22:22:00,2.961,2.961,2.961,2.961,2.966,2.966,2.966,2.966,1
2026-07-09 22:25:00,2.96,2.96,2.959,2.96,2.965,2.965,2.964,2.965,5
2026-07-09 22:26:00,2.9605,2.961,2.96,2.96,2.9655,2.966,2.965,2.965,4
2026-07-09 22:27:00,2.961,2.961,2.96,2.961,2.966,2.966,2.965,2.966,3
2026-07-09 22:28:00,2.9605,2.9605,2.959,2.96,2.9655,2.9655,2.964,2.965,4
2026-07-09 22:29:00,2.961,2.961,2.959,2.96,2.966,2.966,2.964,2.965,8
2026-07-09 22:30:00,2.961,2.961,2.96,2.96,2.966,2.966,2.965,2.965,4
2026-07-09 22:31:00,2.961,2.961,2.961,2.961,2.966,2.966,2.966,2.966,1
2026-07-09 22:32:00,2.96,2.96,2.96,2.96,2.965,2.965,2.965,2.965,1
2026-07-09 22:33:00,2.961,2.962,2.961,2.961,2.966,2.967,2.966,2.966,4
2026-07-09 22:34:00,2.9615,2.962,2.961,2.961,2.9665,2.967,2.966,2.966,3
2026-07-09 22:35:00,2.96,2.961,2.96,2.96,2.965,2.966,2.965,2.965,11
2026-07-09 22:37:00,2.9605,2.961,2.959,2.959,2.9655,2.966,2.964,2.964,6
2026-07-09 22:39:00,2.9595,2.96,2.959,2.96,2.9645,2.965,2.964,2.965,4
2026-07-09 22:40:00,2.961,2.961,2.961,2.961,2.966,2.966,2.966,2.966,1
2026-07-09 22:41:00,2.96,2.96,2.959,2.959,2.965,2.965,2.964,2.964,4
2026-07-09 22:43:00,2.958,2.959,2.958,2.959,2.963,2.964,2.963,2.964,3
2026-07-09 22:44:00,2.96,2.9615,2.96,2.961,2.965,2.9665,2.965,2.966,6
2026-07-09 22:45:00,2.962,2.962,2.961,2.961,2.967,2.967,2.966,2.966,4
2026-07-09 22:46:00,2.962,2.9625,2.961,2.962,2.967,2.9675,2.966,2.967,7
2026-07-09 22:47:00,2.961,2.961,2.961,2.961,2.966,2.966,2.966,2.966,1
2026-07-09 22:49:00,2.96,2.961,2.96,2.961,2.965,2.966,2.965,2.966,7
2026-07-09 22:50:00,2.962,2.962,2.961,2.962,2.967,2.967,2.966,2.967,4
2026-07-09 22:51:00,2.9625,2.964,2.962,2.964,2.9675,2.969,2.967,2.969,23
2026-07-09 22:52:00,2.9645,2.965,2.964,2.965,2.9695,2.97,2.969,2.97,13
2026-07-09 22:53:00,2.964,2.964,2.964,2.964,2.969,2.969,2.969,2.969,1
2026-07-09 22:54:00,2.9645,2.965,2.964,2.965,2.9695,2.97,2.969,2.97,5
2026-07-09 22:55:00,2.966,2.969,2.966,2.966,2.971,2.974,2.971,2.971,15
2026-07-09 22:56:00,2.965,2.967,2.965,2.966,2.97,2.972,2.97,2.971,6
2026-07-09 22:57:00,2.965,2.965,2.965,2.965,2.97,2.97,2.97,2.97,1
2026-07-09 22:58:00,2.9645,2.966,2.964,2.965,2.9695,2.971,2.969,2.97,9
2026-07-09 22:59:00,2.9645,2.9783,2.963,2.9773,2.9695,2.9823,2.968,2.9823,40
2026-07-10 00:00:00,2.9798,2.9843,2.9768,2.9798,2.9848,2.9893,2.9818,2.9848,31
2026-07-10 00:01:00,2.9813,2.9818,2.9798,2.9798,2.9863,2.9868,2.9848,2.9848,3
2026-07-10 00:03:00,2.9793,2.9793,2.9793,2.9793,2.9843,2.9843,2.9843,2.9843,1
2026-07-10 00:04:00,2.9788,2.9793,2.9778,2.9788,2.9838,2.9843,2.9828,2.9838,6
2026-07-10 00:05:00,2.9793,2.9793,2.9793,2.9793,2.9843,2.9843,2.9843,2.9843,1
2026-07-10 00:06:00,2.9788,2.9788,2.9783,2.9783,2.9838,2.9838,2.9833,2.9833,2
2026-07-10 00:07:00,2.9778,2.9783,2.9738,2.9743,2.9828,2.9833,2.9788,2.9793,14
2026-07-10 00:08:00,2.9723,2.9738,2.9723,2.9733,2.9773,2.9788,2.9773,2.9783,4
2026-07-10 00:09:00,2.9738,2.9743,2.9738,2.9738,2.9788,2.9793,2.9788,2.9788,3
2026-07-10 00:11:00,2.9733,2.9743,2.9733,2.9738,2.9783,2.9793,2.9783,2.9788,3
2026-07-10 00:12:00,2.9743,2.9743,2.9733,2.9733,2.9793,2.9793,2.9783,2.9783,3
2026-07-10 00:13:00,2.9738,2.9738,2.9738,2.9738,2.9788,2.9788,2.9788,2.9788,1
2026-07-10 00:14:00,2.9733,2.9743,2.9723,2.9743,2.9783,2.9793,2.9773,2.9793,8
2026-07-10 00:15:00,2.9738,2.9753,2.9733,2.9748,2.9788,2.9803,2.9783,2.9798,6
2026-07-10 00:17:00,2.9743,2.9743,2.9743,2.9743,2.9793,2.9793,2.9793,2.9793,1
2026-07-10 00:18:00,2.9738,2.9738,2.9733,2.9733,2.9788,2.9788,2.9783,2.9783,2
2026-07-10 00:21:00,2.9723,2.9733,2.9723,2.9733,2.9773,2.9783,2.9773,2.9783,2
2026-07-10 00:22:00,2.9723,2.9723,2.9723,2.9723,2.9773,2.9773,2.9773,2.9773,1
2026-07-10 00:23:00,2.9733,2.9733,2.9733,2.9733,2.9783,2.9783,2.9783,2.9783,1
2026-07-10 00:24:00,2.9738,2.9748,2.9733,2.9748,2.9788,2.9798,2.9783,2.9798,5
2026-07-10 00:25:00,2.9733,2.9748,2.9723,2.9733,2.9783,2.9798,2.9773,2.9783,11
2026-07-10 00:26:00,2.9738,2.9738,2.9738,2.9738,2.9788,2.9788,2.9788,2.9788,1
2026-07-10 00:29:00,2.9733,2.9743,2.9733,2.9743,2.9783,2.9793,2.9783,2.9793,2
2026-07-10 00:30:00,2.9738,2.9738,2.9733,2.9733,2.9788,2.9788,2.9783,2.9783,2
2026-07-10 00:31:00,2.9738,2.9753,2.9738,2.9753,2.9788,2.9803,2.9788,2.9803,3
2026-07-10 00:32:00,2.9743,2.9743,2.9738,2.9738,2.9793,2.9793,2.9788,2.9788,2
2026-07-10 00:34:00,2.9733,2.9738,2.9733,2.9738,2.9783,2.9788,2.9783,2.9788,2
2026-07-10 00:35:00,2.9733,2.9733,2.9733,2.9733,2.9783,2.9783,2.9783,2.9783,1
2026-07-10 00:38:00,2.9738,2.9738,2.9738,2.9738,2.9788,2.9788,2.9788,2.9788,1
2026-07-10 00:42:00,2.9728,2.9728,2.9728,2.9728,2.9778,2.9778,2.9778,2.9778,1
2026-07-10 00:43:00,2.9723,2.9733,2.9723,2.9733,2.9773,2.9783,2.9773,2.9783,2
2026-07-10 00:47:00,2.9743,2.9748,2.9728,2.9728,2.9793,2.9798,2.9778,2.9778,3
2026-07-10 00:48:00,2.9723,2.9723,2.9718,2.9723,2.9773,2.9773,2.9768,2.9773,3
2026-07-10 00:49:00,2.9733,2.9738,2.9733,2.9738,2.9783,2.9788,2.9783,2.9788,2
2026-07-10 00:50:00,2.9743,2.9743,2.9743,2.9743,2.9793,2.9793,2.9793,2.9793,1
2026-07-10 00:52:00,2.9733,2.9733,2.9733,2.9733,2.9783,2.9783,2.9783,2.9783,1
2026-07-10 00:55:00,2.9728,2.9733,2.9728,2.9733,2.9778,2.9783,2.9778,2.9783,4
2026-07-10 00:56:00,2.9728,2.9733,2.9728,2.9733,2.9778,2.9783,2.9778,2.9783,2
2026-07-10 00:57:00,2.9728,2.9733,2.9728,2.9728,2.9778,2.9783,2.9778,2.9778,3
2026-07-10 01:00:00,2.9733,2.9733,2.9733,2.9733,2.9783,2.9783,2.9783,2.9783,1
2026-07-10 01:01:00,2.9728,2.9733,2.9728,2.9733,2.9778,2.9783,2.9778,2.9783,2
2026-07-10 01:02:00,2.9723,2.9743,2.9723,2.9743,2.9773,2.9793,2.9773,2.9793,3
2026-07-10 01:03:00,2.9748,2.9753,2.9748,2.9753,2.9798,2.9803,2.9798,2.9803,2
2026-07-10 01:04:00,2.9743,2.9748,2.9743,2.9748,2.9793,2.9798,2.9793,2.9798,2
2026-07-10 01:06:00,2.9753,2.9753,2.9753,2.9753,2.9803,2.9803,2.9803,2.9803,1
2026-07-10 01:07:00,2.9743,2.9748,2.9743,2.9748,2.9793,2.9798,2.9793,2.9798,2
2026-07-10 01:09:00,2.9743,2.9743,2.9743,2.9743,2.9793,2.9793,2.9793,2.9793,1
2026-07-10 01:13:00,2.9738,2.9738,2.9738,2.9738,2.9788,2.9788,2.9788,2.9788,1
2026-07-10 01:15:00,2.9743,2.9743,2.9743,2.9743,2.9793,2.9793,2.9793,2.9793,1
2026-07-10 01:16:00,2.9738,2.9738,2.9738,2.9738,2.9788,2.9788,2.9788,2.9788,1
2026-07-10 01:17:00,2.9743,2.9743,2.9743,2.9743,2.9793,2.9793,2.9793,2.9793,1
2026-07-10 01:20:00,2.9748,2.9748,2.9748,2.9748,2.9798,2.9798,2.9798,2.9798,1
2026-07-10 01:21:00,2.9743,2.9743,2.9743,2.9743,2.9793,2.9793,2.9793,2.9793,1
2026-07-10 01:25:00,2.9748,2.9748,2.9748,2.9748,2.9798,2.9798,2.9798,2.9798,1
2026-07-10 01:27:00,2.9743,2.9743,2.9743,2.9743,2.9793,2.9793,2.9793,2.9793,1
2026-07-10 01:28:00,2.9733,2.9743,2.9733,2.9743,2.9783,2.9793,2.9783,2.9793,2
2026-07-10 01:29:00,2.9733,2.9743,2.9733,2.9743,2.9783,2.9793,2.9783,2.9793,2
2026-07-10 01:30:00,2.9748,2.9753,2.9743,2.9753,2.9798,2.9803,2.9793,2.9803,3
2026-07-10 01:32:00,2.9743,2.9743,2.9738,2.9738,2.9793,2.9793,2.9788,2.9788,2
2026-07-10 01:33:00,2.9733,2.9738,2.9733,2.9733,2.9783,2.9788,2.9783,2.9783,3
2026-07-10 01:34:00,2.9738,2.9743,2.9738,2.9738,2.9788,2.9793,2.9788,2.9788,3
2026-07-10 01:35:00,2.9743,2.9753,2.9743,2.9753,2.9793,2.9803,2.9793,2.9803,2
2026-07-10 01:39:00,2.9743,2.9743,2.9743,2.9743,2.9793,2.9793,2.9793,2.9793,1
2026-07-10 01:40:00,2.9753,2.9753,2.9743,2.9743,2.9803,2.9803,2.9793,2.9793,3
2026-07-10 01:41:00,2.9748,2.9748,2.9743,2.9743,2.9798,2.9798,2.9793,2.9793,2
2026-07-10 01:42:00,2.9753,2.9763,2.9753,2.9763,2.9803,2.9813,2.9803,2.9813,2
2026-07-10 01:43:00,2.9753,2.9783,2.9753,2.9773,2.9803,2.9833,2.9803,2.9823,7
2026-07-10 01:44:00,2.9763,2.9763,2.9763,2.9763,2.9813,2.9813,2.9813,2.9813,1
2026-07-10 01:45:00,2.9768,2.9783,2.9768,2.9773,2.9818,2.9833,2.9818,2.9823,4
2026-07-10 01:46:00,2.9763,2.9763,2.9763,2.9763,2.9813,2.9813,2.9813,2.9813,1
2026-07-10 01:48:00,2.9773,2.9773,2.9773,2.9773,2.9823,2.9823,2.9823,2.9823,1
2026-07-10 01:52:00,2.9778,2.9783,2.9773,2.9783,2.9828,2.9833,2.9823,2.9833,6
2026-07-10 01:53:00,2.9793,2.9813,2.9793,2.9813,2.9843,2.9863,2.9843,2.9863,5
2026-07-10 01:54:00,2.9808,2.9813,2.9793,2.9808,2.9858,2.9863,2.9843,2.9858,7
2026-07-10 01:55:00,2.9793,2.9793,2.9773,2.9773,2.9843,2.9843,2.9823,2.9823,6
2026-07-10 01:56:00,2.9763,2.9773,2.9763,2.9773,2.9813,2.9823,2.9813,2.9823,4
2026-07-10 01:57:00,2.9778,2.9793,2.9778,2.9793,2.9828,2.9843,2.9828,2.9843,3
2026-07-10 01:58:00,2.9783,2.9783,2.9783,2.9783,2.9833,2.9833,2.9833,2.9833,1
2026-07-10 01:59:00,2.9793,2.9793,2.9793,2.9793,2.9843,2.9843,2.9843,2.9843,1
2026-07-10 02:00:00,2.9788,2.9793,2.9783,2.9793,2.9838,2.9843,2.9833,2.9843,4
2026-07-10 02:01:00,2.9783,2.9788,2.9783,2.9788,2.9833,2.9838,2.9833,2.9838,4
2026-07-10 02:02:00,2.9783,2.9803,2.9783,2.9798,2.9833,2.9853,2.9833,2.9848,10
2026-07-10 02:03:00,2.9803,2.9813,2.9803,2.9813,2.9853,2.9863,2.9853,2.9863,2
2026-07-10 02:04:00,2.9803,2.9808,2.9803,2.9803,2.9853,2.9858,2.9853,2.9853,3
2026-07-10 02:05:00,2.9808,2.9843,2.9803,2.9843,2.9858,2.9893,2.9853,2.9893,19
2026-07-10 02:06:00,2.9838,2.9838,2.9823,2.9828,2.9888,2.9888,2.9873,2.9878,14
2026-07-10 02:07:00,2.9833,2.9833,2.9823,2.9833,2.9883,2.9883,2.9873,2.9883,3
2026-07-10 02:08:00,2.9823,2.9823,2.9803,2.9803,2.9873,2.9873,2.9853,2.9853,8
2026-07-10 02:09:00,2.9808,2.9813,2.9808,2.9813,2.9858,2.9863,2.9858,2.9863,2
2026-07-10 02:10:00,2.9803,2.9803,2.9803,2.9803,2.9853,2.9853,2.9853,2.9853,1
2026-07-10 02:11:00,2.9793,2.9793,2.9773,2.9778,2.9843,2.9843,2.9823,2.9828,8
2026-07-10 02:12:00,2.9773,2.9783,2.9773,2.9783,2.9823,2.9833,2.9823,2.9833,2
2026-07-10 02:13:00,2.9773,2.9773,2.9768,2.9768,2.9823,2.9823,2.9818,2.9818,2
2026-07-10 02:14:00,2.9763,2.9793,2.9763,2.9788,2.9813,2.9843,2.9813,2.9838,9
2026-07-10 02:15:00,2.9783,2.9803,2.9783,2.9803,2.9833,2.9853,2.9833,2.9853,4
2026-07-10 02:16:00,2.9793,2.9803,2.9793,2.9803,2.9843,2.9853,2.9843,2.9853,2
2026-07-10 02:17:00,2.9813,2.9813,2.9813,2.9813,2.9863,2.9863,2.9863,2.9863,1
2026-07-10 02:18:00,2.9803,2.9803,2.9803,2.9803,2.9853,2.9853,2.9853,2.9853,1
2026-07-10 02:19:00,2.9813,2.9813,2.9813,2.9813,2.9863,2.9863,2.9863,2.9863,1
2026-07-10 02:20:00,2.9808,2.9813,2.9803,2.9808,2.9858,2.9863,2.9853,2.9858,4
2026-07-10 02:21:00,2.9803,2.9803,2.9803,2.9803,2.9853,2.9853,2.9853,2.9853,1
2026-07-10 02:22:00,2.9808,2.9808,2.9803,2.9803,2.9858,2.9858,2.9853,2.9853,2
2026-07-10 02:23:00,2.9808,2.9813,2.9803,2.9813,2.9858,2.9863,2.9853,2.9863,5
2026-07-10 02:25:00,2.9803,2.9813,2.9793,2.9813,2.9853,2.9863,2.9843,2.9863,7
2026-07-10 02:26:00,2.9803,2.9813,2.9793,2.9808,2.9853,2.9863,2.9843,2.9858,6
2026-07-10 02:27:00,2.9803,2.9803,2.9803,2.9803,2.9853,2.9853,2.9853,2.9853,1
2026-07-10 02:30:00,2.9813,2.9813,2.9813,2.9813,2.9863,2.9863,2.9863,2.9863,1
2026-07-10 02:32:00,2.9803,2.9803,2.9803,2.9803,2.9853,2.9853,2.9853,2.9853,1
2026-07-10 02:34:00,2.9793,2.9803,2.9793,2.9803,2.9843,2.9853,2.9843,2.9853,2
2026-07-10 02:35:00,2.9793,2.9803,2.9793,2.9803,2.9843,2.9853,2.9843,2.9853,2
2026-07-10 02:37:00,2.9808,2.9813,2.9808,2.9808,2.9858,2.9863,2.9858,2.9858,3
2026-07-10 02:38:00,2.9803,2.9803,2.9803,2.9803,2.9853,2.9853,2.9853,2.9853,1
2026-07-10 02:40:00,2.9813,2.9818,2.9813,2.9818,2.9863,2.9868,2.9863,2.9868,4
2026-07-10 02:41:00,2.9823,2.9823,2.9813,2.9813,2.9873,2.9873,2.9863,2.9863,3
2026-07-10 02:42:00,2.9803,2.9813,2.9803,2.9808,2.9853,2.9863,2.9853,2.9858,5
2026-07-10 02:43:00,2.9813,2.9818,2.9813,2.9813,2.9863,2.9868,2.9863,2.9863,5
2026-07-10 02:44:00,2.9803,2.9803,2.9803,2.9803,2.9853,2.9853,2.9853,2.9853,1
2026-07-10 02:46:00,2.9808,2.9813,2.9808,2.9813,2.9858,2.9863,2.9858,2.9863,2
2026-07-10 02:48:00,2.9818,2.9818,2.9818,2.9818,2.9868,2.9868,2.9868,2.9868,1
2026-07-10 02:49:00,2.9813,2.9823,2.9813,2.9813,2.9863,2.9873,2.9863,2.9863,4
2026-07-10 02:51:00,2.9808,2.9808,2.9803,2.9803,2.9858,2.9858,2.9853,2.9853,2
2026-07-10 02:52:00,2.9813,2.9813,2.9813,2.9813,2.9863,2.9863,2.9863,2.9863,1
2026-07-10 02:53:00,2.9803,2.9813,2.9803,2.9813,2.9853,2.9863,2.9853,2.9863,3
2026-07-10 02:54:00,2.9803,2.9813,2.9803,2.9813,2.9853,2.9863,2.9853,2.9863,3
2026-07-10 02:58:00,2.9803,2.9813,2.9803,2.9813,2.9853,2.9863,2.9853,2.9863,4
2026-07-10 03:00:00,2.9823,2.9823,2.9818,2.9823,2.9873,2.9873,2.9868,2.9873,3
2026-07-10 03:01:00,2.9833,2.9843,2.9833,2.9833,2.9883,2.9893,2.9883,2.9883,5
2026-07-10 03:02:00,2.9843,2.9843,2.9833,2.9838,2.9893,2.9893,2.9883,2.9888,3
2026-07-10 03:03:00,2.9828,2.9828,2.9823,2.9823,2.9878,2.9878,2.9873,2.9873,2
2026-07-10 03:04:00,2.9828,2.9828,2.9828,2.9828,2.9878,2.9878,2.9878,2.9878,1
2026-07-10 03:05:00,2.9823,2.9828,2.9773,2.9808,2.9873,2.9878,2.9823,2.9858,25
2026-07-10 03:06:00,2.9813,2.9813,2.9808,2.9808,2.9863,2.9863,2.9858,2.9858,2
2026-07-10 03:07:00,2.9803,2.9803,2.9793,2.9798,2.9853,2.9853,2.9843,2.9848,8
2026-07-10 03:08:00,2.9803,2.9803,2.9783,2.9783,2.9853,2.9853,2.9833,2.9833,6
2026-07-10 03:09:00,2.9778,2.9783,2.9778,2.9783,2.9828,2.9833,2.9828,2.9833,2
2026-07-10 03:10:00,2.9788,2.9788,2.9778,2.9783,2.9838,2.9838,2.9828,2.9833,5
2026-07-10 03:11:00,2.9778,2.9783,2.9778,2.9778,2.9828,2.9833,2.9828,2.9828,3
2026-07-10 03:12:00,2.9773,2.9793,2.9773,2.9793,2.9823,2.9843,2.9823,2.9843,4
2026-07-10 03:13:00,2.9783,2.9783,2.9783,2.9783,2.9833,2.9833,2.9833,2.9833,1
2026-07-10 03:15:00,2.9773,2.9783,2.9773,2.9783,2.9823,2.9833,2.9823,2.9833,3
2026-07-10 03:16:00,2.9788,2.9788,2.9788,2.9788,2.9838,2.9838,2.9838,2.9838,1
2026-07-10 03:17:00,2.9793,2.9793,2.9793,2.9793,2.9843,2.9843,2.9843,2.9843,1
2026-07-10 03:18:00,2.9788,2.9793,2.9788,2.9793,2.9838,2.9843,2.9838,2.9843,2
2026-07-10 03:20:00,2.9798,2.9803,2.9793,2.9793,2.9848,2.9853,2.9843,2.9843,3
2026-07-10 03:21:00,2.9798,2.9798,2.9798,2.9798,2.9848,2.9848,2.9848,2.9848,1
2026-07-10 03:22:00,2.9793,2.9803,2.9793,2.9803,2.9843,2.9853,2.9843,2.9853,5
2026-07-10 03:23:00,2.9808,2.9808,2.9808,2.9808,2.9858,2.9858,2.9858,2.9858,1
2026-07-10 03:24:00,2.9803,2.9813,2.9803,2.9808,2.9853,2.9863,2.9853,2.9858,9
2026-07-10 03:25:00,2.9803,2.9803,2.9803,2.9803,2.9853,2.9853,2.9853,2.9853,1
2026-07-10 03:26:00,2.9808,2.9813,2.9803,2.9803,2.9858,2.9863,2.9853,2.9853,3
2026-07-10 03:27:00,2.9798,2.9798,2.9798,2.9798,2.9848,2.9848,2.9848,2.9848,1
2026-07-10 03:28:00,2.9803,2.9813,2.9803,2.9808,2.9853,2.9863,2.9853,2.9858,5
2026-07-10 03:29:00,2.9813,2.9823,2.9813,2.9823,2.9863,2.9873,2.9863,2.9873,2
2026-07-10 03:30:00,2.9818,2.9823,2.9818,2.9823,2.9868,2.9873,2.9868,2.9873,2
2026-07-10 03:31:00,2.9818,2.9818,2.9803,2.9803,2.9868,2.9868,2.9853,2.9853,3
2026-07-10 03:34:00,2.9808,2.9808,2.9803,2.9803,2.9858,2.9858,2.9853,2.9853,2
2026-07-10 03:35:00,2.9808,2.9808,2.9803,2.9803,2.9858,2.9858,2.9853,2.9853,2
2026-07-10 03:36:00,2.9808,2.9808,2.9803,2.9803,2.9858,2.9858,2.9853,2.9853,2
2026-07-10 03:37:00,2.9808,2.9813,2.9803,2.9813,2.9858,2.9863,2.9853,2.9863,5
2026-07-10 03:38:00,2.9803,2.9803,2.9793,2.9793,2.9853,2.9853,2.9843,2.9843,3
2026-07-10 03:39:00,2.9788,2.9788,2.9788,2.9788,2.9838,2.9838,2.9838,2.9838,1
2026-07-10 03:40:00,2.9793,2.9793,2.9793,2.9793,2.9843,2.9843,2.9843,2.9843,1
2026-07-10 03:46:00,2.9803,2.9803,2.9803,2.9803,2.9853,2.9853,2.9853,2.9853,1
2026-07-10 03:47:00,2.9798,2.9798,2.9793,2.9793,2.9848,2.9848,2.9843,2.9843,2
2026-07-10 03:50:00,2.9803,2.9803,2.9793,2.9793,2.9853,2.9853,2.9843,2.9843,2
2026-07-10 03:51:00,2.9803,2.9803,2.9803,2.9803,2.9853,2.9853,2.9853,2.9853,1
2026-07-10 03:52:00,2.9793,2.9803,2.9793,2.9803,2.9843,2.9853,2.9843,2.9853,2
2026-07-10 03:53:00,2.9793,2.9793,2.9793,2.9793,2.9843,2.9843,2.9843,2.9843,1
2026-07-10 03:55:00,2.9803,2.9813,2.9803,2.9813,2.9853,2.9863,2.9853,2.9863,6
2026-07-10 03:57:00,2.9803,2.9803,2.9803,2.9803,2.9853,2.9853,2.9853,2.9853,1
2026-07-10 04:01:00,2.9813,2.9813,2.9803,2.9803,2.9863,2.9863,2.9853,2.9853,2
2026-07-10 04:07:00,2.9793,2.9793,2.9793,2.9793,2.9843,2.9843,2.9843,2.9843,1
2026-07-10 04:08:00,2.9783,2.9793,2.9783,2.9783,2.9833,2.9843,2.9833,2.9833,4
2026-07-10 04:10:00,2.9778,2.9783,2.9773,2.9783,2.9828,2.9833,2.9823,2.9833,5
2026-07-10 04:13:00,2.9773,2.9773,2.9773,2.9773,2.9823,2.9823,2.9823,2.9823,1
2026-07-10 04:14:00,2.9763,2.9773,2.9753,2.9773,2.9813,2.9823,2.9803,2.9823,4
2026-07-10 04:15:00,2.9778,2.9778,2.9763,2.9763,2.9828,2.9828,2.9813,2.9813,3
2026-07-10 04:16:00,2.9753,2.9753,2.9733,2.9743,2.9803,2.9803,2.9783,2.9793,7
2026-07-10 04:17:00,2.9753,2.9763,2.9753,2.9763,2.9803,2.9813,2.9803,2.9813,2
2026-07-10 04:24:00,2.9753,2.9753,2.9753,2.9753,2.9803,2.9803,2.9803,2.9803,1
2026-07-10 04:26:00,2.9743,2.9763,2.9743,2.9763,2.9793,2.9813,2.9793,2.9813,4
2026-07-10 04:27:00,2.9773,2.9783,2.9773,2.9773,2.9823,2.9833,2.9823,2.9823,4
2026-07-10 04:31:00,2.9783,2.9843,2.9773,2.9823,2.9833,2.9893,2.9823,2.9873,13
2026-07-10 04:37:00,2.9813,2.9813,2.9803,2.9813,2.9863,2.9863,2.9853,2.9863,4
2026-07-10 04:39:00,2.9803,2.9803,2.9803,2.9803,2.9853,2.9853,2.9853,2.9853,1
2026-07-10 04:42:00,2.9813,2.9813,2.9793,2.9798,2.9863,2.9863,2.9843,2.9848,4
2026-07-10 04:43:00,2.9793,2.9793,2.9763,2.9773,2.9843,2.9843,2.9813,2.9823,12
2026-07-10 04:44:00,2.9778,2.9783,2.9773,2.9778,2.9828,2.9833,2.9823,2.9828,8
2026-07-10 04:45:00,2.9773,2.9773,2.9773,2.9773,2.9823,2.9823,2.9823,2.9823,1
2026-07-10 04:49:00,2.9768,2.9768,2.9763,2.9763,2.9818,2.9818,2.9813,2.9813,2
2026-07-10 04:50:00,2.9768,2.9768,2.9768,2.9768,2.9818,2.9818,2.9818,2.9818,1
2026-07-10 04:51:00,2.9773,2.9773,2.9763,2.9773,2.9823,2.9823,2.9813,2.9823,3
2026-07-10 04:52:00,2.9763,2.9763,2.9763,2.9763,2.9813,2.9813,2.9813,2.9813,1
2026-07-10 04:53:00,2.9773,2.9773,2.9773,2.9773,2.9823,2.9823,2.9823,2.9823,1
2026-07-10 04:54:00,2.9783,2.9793,2.9783,2.9793,2.9833,2.9843,2.9833,2.9843,2
2026-07-10 05:01:00,2.9788,2.9788,2.9753,2.9753,2.9838,2.9838,2.9803,2.9803,7
2026-07-10 05:02:00,2.9763,2.9763,2.9753,2.9753,2.9813,2.9813,2.9803,2.9803,5
2026-07-10 05:03:00,2.9758,2.9763,2.9753,2.9763,2.9808,2.9813,2.9803,2.9813,5
2026-07-10 05:04:00,2.9758,2.9758,2.9753,2.9753,2.9808,2.9808,2.9803,2.9803,2
2026-07-10 05:05:00,2.9758,2.9763,2.9758,2.9763,2.9808,2.9813,2.9808,2.9813,2
2026-07-10 05:06:00,2.9758,2.9763,2.9758,2.9763,2.9808,2.9813,2.9808,2.9813,2
2026-07-10 05:08:00,2.9753,2.9763,2.9753,2.9763,2.9803,2.9813,2.9803,2.9813,3
2026-07-10 05:14:00,2.9753,2.9773,2.9753,2.9758,2.9803,2.9823,2.9803,2.9808,5
2026-07-10 05:15:00,2.9753,2.9763,2.9753,2.9763,2.9803,2.9813,2.9803,2.9813,2
2026-07-10 05:16:00,2.9768,2.9768,2.9768,2.9768,2.9818,2.9818,2.9818,2.9818,1
2026-07-10 05:17:00,2.9763,2.9763,2.9753,2.9753,2.9813,2.9813,2.9803,2.9803,2
2026-07-10 05:18:00,2.9758,2.9758,2.9753,2.9753,2.9808,2.9808,2.9803,2.9803,2
2026-07-10 05:19:00,2.9743,2.9743,2.9733,2.9733,2.9793,2.9793,2.9783,2.9783,3
2026-07-10 05:22:00,2.9723,2.9733,2.9723,2.9733,2.9773,2.9783,2.9773,2.9783,2
2026-07-10 05:23:00,2.9743,2.9743,2.9733,2.9733,2.9793,2.9793,2.9783,2.9783,2
2026-07-10 05:24:00,2.9723,2.9723,2.9713,2.9713,2.9773,2.9773,2.9763,2.9763,9
2026-07-10 05:25:00,2.9708,2.9733,2.9708,2.9728,2.9758,2.9783,2.9758,2.9778,5
2026-07-10 05:26:00,2.9723,2.9723,2.9723,2.9723,2.9773,2.9773,2.9773,2.9773,1
2026-07-10 05:27:00,2.9713,2.9713,2.9693,2.9693,2.9763,2.9763,2.9743,2.9743,4
2026-07-10 05:28:00,2.9703,2.9713,2.9703,2.9713,2.9753,2.9763,2.9753,2.9763,3
2026-07-10 05:29:00,2.9708,2.9713,2.9708,2.9713,2.9758,2.9763,2.9758,2.9763,2
2026-07-10 05:30:00,2.9723,2.9733,2.9723,2.9723,2.9773,2.9783,2.9773,2.9773,3
2026-07-10 05:31:00,2.9713,2.9713,2.9693,2.9703,2.9763,2.9763,2.9743,2.9753,4
2026-07-10 05:32:00,2.9713,2.9723,2.9713,2.9723,2.9763,2.9773,2.9763,2.9773,4
2026-07-10 05:34:00,2.9728,2.9753,2.9723,2.9743,2.9778,2.9803,2.9773,2.9793,11
2026-07-10 05:35:00,2.9733,2.9743,2.9723,2.9743,2.9783,2.9793,2.9773,2.9793,12
2026-07-10 05:36:00,2.9733,2.9763,2.9733,2.9763,2.9783,2.9813,2.9783,2.9813,7
2026-07-10 05:37:00,2.9773,2.9783,2.9773,2.9783,2.9823,2.9833,2.9823,2.9833,6
2026-07-10 05:38:00,2.9773,2.9773,2.9773,2.9773,2.9823,2.9823,2.9823,2.9823,1
2026-07-10 05:40:00,2.9763,2.9763,2.9743,2.9753,2.9813,2.9813,2.9793,2.9803,4
2026-07-10 05:41:00,2.9748,2.9753,2.9743,2.9753,2.9798,2.9803,2.9793,2.9803,3
2026-07-10 05:42:00,2.9748,2.9748,2.9733,2.9733,2.9798,2.9798,2.9783,2.9783,9
2026-07-10 05:43:00,2.9743,2.9743,2.9733,2.9733,2.9793,2.9793,2.9783,2.9783,2
2026-07-10 05:47:00,2.9738,2.9743,2.9738,2.9743,2.9788,2.9793,2.9788,2.9793,2
2026-07-10 05:48:00,2.9733,2.9743,2.9733,2.9733,2.9783,2.9793,2.9783,2.9783,3
2026-07-10 05:50:00,2.9738,2.9743,2.9738,2.9743,2.9788,2.9793,2.9788,2.9793,2
2026-07-10 05:51:00,2.9753,2.9753,2.9743,2.9743,2.9803,2.9803,2.9793,2.9793,4
2026-07-10 05:52:00,2.9738,2.9743,2.9733,2.9743,2.9788,2.9793,2.9783,2.9793,5
2026-07-10 05:54:00,2.9733,2.9733,2.9723,2.9723,2.9783,2.9783,2.9773,2.9773,7
2026-07-10 05:55:00,2.9733,2.9743,2.9733,2.9733,2.9783,2.9793,2.9783,2.9783,3
2026-07-10 05:56:00,2.9738,2.9743,2.9733,2.9733,2.9788,2.9793,2.9783,2.9783,11
2026-07-10 05:57:00,2.9723,2.9743,2.9723,2.9743,2.9773,2.9793,2.9773,2.9793,5
2026-07-10 05:58:00,2.9748,2.9748,2.9743,2.9743,2.9798,2.9798,2.9793,2.9793,2
2026-07-10 06:01:00,2.9733,2.9733,2.9723,2.9733,2.9783,2.9783,2.9773,2.9783,14
2026-07-10 06:02:00,2.9743,2.9753,2.9743,2.9753,2.9793,2.9803,2.9793,2.9803,2
2026-07-10 06:04:00,2.9743,2.9748,2.9743,2.9743,2.9793,2.9798,2.9793,2.9793,3
2026-07-10 06:05:00,2.9748,2.9748,2.9743,2.9743,2.9798,2.9798,2.9793,2.9793,2
2026-07-10 06:06:00,2.9733,2.9743,2.9733,2.9733,2.9783,2.9793,2.9783,2.9783,3
2026-07-10 06:08:00,2.9728,2.9738,2.9713,2.9733,2.9778,2.9788,2.9763,2.9783,13
2026-07-10 06:09:00,2.9738,2.9743,2.9733,2.9743,2.9788,2.9793,2.9783,2.9793,3
2026-07-10 06:10:00,2.9753,2.9753,2.9743,2.9743,2.9803,2.9803,2.9793,2.9793,3
2026-07-10 06:11:00,2.9753,2.9763,2.9753,2.9753,2.9803,2.9813,2.9803,2.9803,3
2026-07-10 06:14:00,2.9748,2.9753,2.9743,2.9743,2.9798,2.9803,2.9793,2.9793,6
2026-07-10 06:15:00,2.9733,2.9743,2.9733,2.9743,2.9783,2.9793,2.9783,2.9793,3
2026-07-10 06:16:00,2.9748,2.9753,2.9743,2.9753,2.9798,2.9803,2.9793,2.9803,4
2026-07-10 06:17:00,2.9763,2.9763,2.9753,2.9753,2.9813,2.9813,2.9803,2.9803,4
2026-07-10 06:18:00,2.9743,2.9753,2.9743,2.9753,2.9793,2.9803,2.9793,2.9803,2
2026-07-10 06:20:00,2.9743,2.9743,2.9733,2.9733,2.9793,2.9793,2.9783,2.9783,3
2026-07-10 06:21:00,2.9738,2.9743,2.9738,2.9743,2.9788,2.9793,2.9788,2.9793,2
2026-07-10 06:22:00,2.9738,2.9738,2.9703,2.9733,2.9788,2.9788,2.9753,2.9783,17
2026-07-10 06:23:00,2.9723,2.9723,2.9713,2.9723,2.9773,2.9773,2.9763,2.9773,10
2026-07-10 06:25:00,2.9728,2.9733,2.9723,2.9723,2.9778,2.9783,2.9773,2.9773,4
2026-07-10 06:26:00,2.9733,2.9733,2.9713,2.9713,2.9783,2.9783,2.9763,2.9763,5
2026-07-10 06:28:00,2.9708,2.9713,2.9703,2.9713,2.9758,2.9763,2.9753,2.9763,12
2026-07-10 06:29:00,2.9708,2.9708,2.9683,2.9693,2.9758,2.9758,2.9733,2.9743,16
2026-07-10 06:31:00,2.9698,2.9703,2.9693,2.9693,2.9748,2.9753,2.9743,2.9743,4
2026-07-10 06:32:00,2.9688,2.9688,2.9683,2.9683,2.9738,2.9738,2.9733,2.9733,2
2026-07-10 06:35:00,2.9673,2.9683,2.9653,2.9663,2.9723,2.9733,2.9703,2.9713,11
2026-07-10 06:36:00,2.9653,2.9663,2.9643,2.9653,2.9703,2.9713,2.9693,2.9703,7
2026-07-10 06:37:00,2.9648,2.9653,2.9643,2.9643,2.9698,2.9703,2.9693,2.9693,15
2026-07-10 06:38:00,2.9633,2.9633,2.9563,2.9563,2.9683,2.9683,2.9613,2.9613,25
2026-07-10 06:39:00,2.9553,2.9593,2.9553,2.9593,2.9603,2.9643,2.9603,2.9643,28
2026-07-10 06:40:00,2.9598,2.9603,2.9593,2.9603,2.9648,2.9653,2.9643,2.9653,4
2026-07-10 06:41:00,2.9593,2.9613,2.9573,2.9573,2.9643,2.9663,2.9623,2.9623,12
2026-07-10 06:42:00,2.9583,2.9593,2.9573,2.9583,2.9633,2.9643,2.9623,2.9633,11
2026-07-10 06:44:00,2.9588,2.9593,2.9578,2.9583,2.9638,2.9643,2.9628,2.9633,6
2026-07-10 06:45:00,2.9588,2.9603,2.9583,2.9593,2.9638,2.9653,2.9633,2.9643,11
2026-07-10 06:46:00,2.9598,2.9613,2.9593,2.9613,2.9648,2.9663,2.9643,2.9663,4
2026-07-10 06:47:00,2.9603,2.9603,2.9603,2.9603,2.9653,2.9653,2.9653,2.9653,1
2026-07-10 06:48:00,2.9608,2.9613,2.9603,2.9603,2.9658,2.9663,2.9653,2.9653,4
2026-07-10 06:49:00,2.9608,2.9613,2.9608,2.9613,2.9658,2.9663,2.9658,2.9663,2
2026-07-10 06:50:00,2.9603,2.9603,2.9593,2.9603,2.9653,2.9653,2.9643,2.9653,6
2026-07-10 06:51:00,2.9613,2.9613,2.9573,2.9593,2.9663,2.9663,2.9623,2.9643,13
2026-07-10 06:52:00,2.9588,2.9593,2.9583,2.9593,2.9638,2.9643,2.9633,2.9643,8
2026-07-10 06:55:00,2.9598,2.9598,2.9593,2.9593,2.9648,2.9648,2.9643,2.9643,4
2026-07-10 06:56:00,2.9598,2.9603,2.9593,2.9603,2.9648,2.9653,2.9643,2.9653,7
2026-07-10 06:57:00,2.9593,2.9603,2.9593,2.9603,2.9643,2.9653,2.9643,2.9653,2
2026-07-10 06:58:00,2.9613,2.9613,2.9608,2.9608,2.9663,2.9663,2.9658,2.9658,2
2026-07-10 06:59:00,2.9603,2.9613,2.9593,2.9613,2.9653,2.9663,2.9643,2.9663,7
2026-07-10 07:00:00,2.9603,2.9643,2.9603,2.9633,2.9653,2.9693,2.9653,2.9683,10
2026-07-10 07:01:00,2.9643,2.9673,2.9633,2.9673,2.9693,2.9723,2.9683,2.9723,8
2026-07-10 07:03:00,2.9663,2.9683,2.9663,2.9673,2.9713,2.9733,2.9713,2.9723,4
2026-07-10 07:05:00,2.9678,2.9683,2.9673,2.9683,2.9728,2.9733,2.9723,2.9733,4
2026-07-10 07:06:00,2.9693,2.9743,2.9683,2.9733,2.9743,2.9793,2.9733,2.9783,16
2026-07-10 07:07:00,2.9743,2.9763,2.9733,2.9763,2.9793,2.9813,2.9783,2.9813,13
2026-07-10 07:08:00,2.9753,2.9763,2.9743,2.9743,2.9803,2.9813,2.9793,2.9793,9
2026-07-10 07:09:00,2.9748,2.9758,2.9743,2.9753,2.9798,2.9808,2.9793,2.9803,5
2026-07-10 07:10:00,2.9758,2.9773,2.9758,2.9773,2.9808,2.9823,2.9808,2.9823,7
2026-07-10 07:11:00,2.9783,2.9813,2.9773,2.9773,2.9833,2.9863,2.9823,2.9823,15
2026-07-10 07:12:00,2.9783,2.9783,2.9753,2.9763,2.9833,2.9833,2.9803,2.9813,8
2026-07-10 07:13:00,2.9768,2.9783,2.9768,2.9773,2.9818,2.9833,2.9818,2.9823,4
2026-07-10 07:14:00,2.9763,2.9773,2.9763,2.9773,2.9813,2.9823,2.9813,2.9823,7
2026-07-10 07:15:00,2.9763,2.9773,2.9753,2.9773,2.9813,2.9823,2.9803,2.9823,4
2026-07-10 07:16:00,2.9783,2.9783,2.9753,2.9763,2.9833,2.9833,2.9803,2.9813,13
2026-07-10 07:17:00,2.9758,2.9763,2.9748,2.9748,2.9808,2.9813,2.9798,2.9798,5
2026-07-10 07:18:00,2.9743,2.9753,2.9743,2.9753,2.9793,2.9803,2.9793,2.9803,2
2026-07-10 07:19:00,2.9763,2.9773,2.9743,2.9743,2.9813,2.9823,2.9793,2.9793,7
2026-07-10 07:20:00,2.9733,2.9738,2.9723,2.9733,2.9783,2.9788,2.9773,2.9783,8
2026-07-10 07:21:00,2.9738,2.9783,2.9733,2.9773,2.9788,2.9833,2.9783,2.9823,12
2026-07-10 07:23:00,2.9783,2.9793,2.9783,2.9793,2.9833,2.9843,2.9833,2.9843,3
2026-07-10 07:24:00,2.9803,2.9803,2.9793,2.9803,2.9853,2.9853,2.9843,2.9853,3
2026-07-10 07:25:00,2.9793,2.9793,2.9793,2.9793,2.9843,2.9843,2.9843,2.9843,1
2026-07-10 07:27:00,2.9783,2.9803,2.9783,2.9803,2.9833,2.9853,2.9833,2.9853,7
2026-07-10 07:28:00,2.9798,2.9803,2.9763,2.9763,2.9848,2.9853,2.9813,2.9813,9
2026-07-10 07:29:00,2.9758,2.9763,2.9753,2.9763,2.9808,2.9813,2.9803,2.9813,4
2026-07-10 07:30:00,2.9758,2.9763,2.9753,2.9763,2.9808,2.9813,2.9803,2.9813,3
2026-07-10 07:31:00,2.9758,2.9763,2.9743,2.9748,2.9808,2.9813,2.9793,2.9798,14
2026-07-10 07:32:00,2.9743,2.9743,2.9713,2.9718,2.9793,2.9793,2.9763,2.9768,11
2026-07-10 07:33:00,2.9713,2.9713,2.9703,2.9703,2.9763,2.9763,2.9753,2.9753,4
2026-07-10 07:34:00,2.9698,2.9713,2.9698,2.9708,2.9748,2.9763,2.9748,2.9758,4
2026-07-10 07:35:00,2.9713,2.9713,2.9708,2.9713,2.9763,2.9763,2.9758,2.9763,3
2026-07-10 07:36:00,2.9723,2.9723,2.9718,2.9718,2.9773,2.9773,2.9768,2.9768,2
2026-07-10 07:37:00,2.9723,2.9733,2.9723,2.9728,2.9773,2.9783,2.9773,2.9778,4
2026-07-10 07:38:00,2.9733,2.9733,2.9733,2.9733,2.9783,2.9783,2.9783,2.9783,1
2026-07-10 07:45:00,2.9723,2.9728,2.9723,2.9723,2.9773,2.9778,2.9773,2.9773,3
2026-07-10 07:46:00,2.9718,2.9718,2.9683,2.9693,2.9768,2.9768,2.9733,2.9743,12
2026-07-10 07:47:00,2.9698,2.9703,2.9693,2.9698,2.9748,2.9753,2.9743,2.9748,5
2026-07-10 07:48:00,2.9703,2.9703,2.9693,2.9693,2.9753,2.9753,2.9743,2.9743,3
2026-07-10 07:51:00,2.9703,2.9703,2.9703,2.9703,2.9753,2.9753,2.9753,2.9753,1
2026-07-10 07:52:00,2.9693,2.9693,2.9683,2.9683,2.9743,2.9743,2.9733,2.9733,2
2026-07-10 07:54:00,2.9688,2.9708,2.9688,2.9708,2.9738,2.9758,2.9738,2.9758,4
2026-07-10 07:55:00,2.9703,2.9708,2.9703,2.9708,2.9753,2.9758,2.9753,2.9758,10
2026-07-10 07:56:00,2.9703,2.9723,2.9703,2.9723,2.9753,2.9773,2.9753,2.9773,6
2026-07-10 07:57:00,2.9713,2.9763,2.9708,2.9748,2.9763,2.9813,2.9758,2.9798,12
2026-07-10 07:58:00,2.9743,2.9743,2.9733,2.9743,2.9793,2.9793,2.9783,2.9793,6
2026-07-10 07:59:00,2.9738,2.9743,2.9733,2.9733,2.9788,2.9793,2.9783,2.9783,4
2026-07-10 08:00:00,2.9723,2.9733,2.9693,2.9703,2.9773,2.9783,2.9743,2.9753,12
2026-07-10 08:01:00,2.9693,2.9708,2.9683,2.9693,2.9743,2.9758,2.9733,2.9743,27
2026-07-10 08:02:00,2.9703,2.9703,2.9693,2.9703,2.9753,2.9753,2.9743,2.9753,5
2026-07-10 08:03:00,2.9708,2.9733,2.9708,2.9713,2.9758,2.9783,2.9758,2.9763,7
2026-07-10 08:04:00,2.9703,2.9723,2.9703,2.9718,2.9753,2.9773,2.9753,2.9768,9
2026-07-10 08:05:00,2.9723,2.9723,2.9703,2.9713,2.9773,2.9773,2.9753,2.9763,8
2026-07-10 08:06:00,2.9703,2.9703,2.9683,2.9693,2.9753,2.9753,2.9733,2.9743,8
2026-07-10 08:07:00,2.9683,2.9753,2.9673,2.9753,2.9733,2.9803,2.9723,2.9803,23
2026-07-10 08:08:00,2.9748,2.9833,2.9748,2.9783,2.9798,2.9883,2.9798,2.9833,39
2026-07-10 08:10:00,2.9793,2.9793,2.9773,2.9783,2.9843,2.9843,2.9823,2.9833,12
2026-07-10 08:11:00,2.9793,2.9818,2.9773,2.9793,2.9843,2.9868,2.9823,2.9843,16
2026-07-10 08:12:00,2.9783,2.9783,2.9778,2.9778,2.9833,2.9833,2.9828,2.9828,6
2026-07-10 08:13:00,2.9773,2.9783,2.9753,2.9783,2.9823,2.9833,2.9803,2.9833,13
2026-07-10 08:14:00,2.9773,2.9773,2.9733,2.9733,2.9823,2.9823,2.9783,2.9783,9
2026-07-10 08:15:00,2.9738,2.9768,2.9738,2.9768,2.9788,2.9818,2.9788,2.9818,8
2026-07-10 08:16:00,2.9763,2.9773,2.9763,2.9773,2.9813,2.9823,2.9813,2.9823,2
2026-07-10 08:17:00,2.9768,2.9768,2.9768,2.9768,2.9818,2.9818,2.9818,2.9818,1
2026-07-10 08:18:00,2.9763,2.9783,2.9743,2.9783,2.9813,2.9833,2.9793,2.9833,12
2026-07-10 08:19:00,2.9773,2.9773,2.9763,2.9773,2.9823,2.9823,2.9813,2.9823,6
2026-07-10 08:20:00,2.9763,2.9783,2.9763,2.9773,2.9813,2.9833,2.9813,2.9823,5
2026-07-10 08:21:00,2.9763,2.9778,2.9763,2.9773,2.9813,2.9828,2.9813,2.9823,10
2026-07-10 08:22:00,2.9763,2.9783,2.9763,2.9773,2.9813,2.9833,2.9813,2.9823,8
2026-07-10 08:23:00,2.9778,2.9793,2.9778,2.9788,2.9828,2.9843,2.9828,2.9838,5
2026-07-10 08:24:00,2.9793,2.9803,2.9793,2.9803,2.9843,2.9853,2.9843,2.9853,11
2026-07-10 08:25:00,2.9798,2.9798,2.9788,2.9793,2.9848,2.9848,2.9838,2.9843,3
2026-07-10 08:26:00,2.9798,2.9803,2.9783,2.9793,2.9848,2.9853,2.9833,2.9843,10
2026-07-10 08:27:00,2.9798,2.9803,2.9773,2.9773,2.9848,2.9853,2.9823,2.9823,11
2026-07-10 08:28:00,2.9778,2.9783,2.9778,2.9783,2.9828,2.9833,2.9828,2.9833,4
2026-07-10 08:29:00,2.9753,2.9753,2.9723,2.9733,2.9803,2.9803,2.9773,2.9783,12
2026-07-10 08:30:00,2.9738,2.9768,2.9733,2.9763,2.9788,2.9818,2.9783,2.9813,25
2026-07-10 08:31:00,2.9753,2.9753,2.9653,2.9663,2.9803,2.9803,2.9703,2.9713,23
2026-07-10 08:32:00,2.9668,2.9688,2.9663,2.9683,2.9718,2.9738,2.9713,2.9733,8
2026-07-10 08:33:00,2.9688,2.9688,2.9663,2.9688,2.9738,2.9738,2.9713,2.9738,22
2026-07-10 08:34:00,2.9693,2.9713,2.9683,2.9708,2.9743,2.9763,2.9733,2.9758,14
2026-07-10 08:35:00,2.9703,2.9733,2.9703,2.9728,2.9753,2.9783,2.9753,2.9778,8
2026-07-10 08:36:00,2.9723,2.9733,2.9723,2.9733,2.9773,2.9783,2.9773,2.9783,3
2026-07-10 08:37:00,2.9723,2.9728,2.9683,2.9683,2.9773,2.9778,2.9733,2.9733,10
2026-07-10 08:38:00,2.9673,2.9693,2.9663,2.9683,2.9723,2.9743,2.9713,2.9733,15
2026-07-10 08:39:00,2.9688,2.9693,2.9688,2.9693,2.9738,2.9743,2.9738,2.9743,2
2026-07-10 08:40:00,2.9703,2.9763,2.9703,2.9748,2.9753,2.9813,2.9753,2.9798,21
2026-07-10 08:41:00,2.9743,2.9743,2.9723,2.9728,2.9793,2.9793,2.9773,2.9778,5
2026-07-10 08:42:00,2.9733,2.9733,2.9728,2.9728,2.9783,2.9783,2.9778,2.9778,4
2026-07-10 08:43:00,2.9733,2.9753,2.9733,2.9743,2.9783,2.9803,2.9783,2.9793,7
2026-07-10 08:44:00,2.9738,2.9758,2.9733,2.9753,2.9788,2.9808,2.9783,2.9803,8
2026-07-10 08:45:00,2.9758,2.9778,2.9758,2.9768,2.9808,2.9828,2.9808,2.9818,12
2026-07-10 08:46:00,2.9763,2.9763,2.9753,2.9758,2.9813,2.9813,2.9803,2.9808,5
2026-07-10 08:47:00,2.9763,2.9768,2.9763,2.9768,2.9813,2.9818,2.9813,2.9818,2
2026-07-10 08:48:00,2.9773,2.9793,2.9773,2.9783,2.9823,2.9843,2.9823,2.9833,9
2026-07-10 08:49:00,2.9773,2.9778,2.9763,2.9768,2.9823,2.9828,2.9813,2.9818,6
2026-07-10 08:50:00,2.9763,2.9763,2.9753,2.9753,2.9813,2.9813,2.9803,2.9803,5
2026-07-10 08:51:00,2.9743,2.9753,2.9743,2.9743,2.9793,2.9803,2.9793,2.9793,7
2026-07-10 08:52:00,2.9733,2.9733,2.9723,2.9723,2.9783,2.9783,2.9773,2.9773,2
2026-07-10 08:53:00,2.9733,2.9743,2.9733,2.9738,2.9783,2.9793,2.9783,2.9788,6
2026-07-10 08:54:00,2.9733,2.9763,2.9723,2.9753,2.9783,2.9813,2.9773,2.9803,15
2026-07-10 08:55:00,2.9748,2.9748,2.9723,2.9723,2.9798,2.9798,2.9773,2.9773,5
2026-07-10 08:56:00,2.9718,2.9733,2.9718,2.9733,2.9768,2.9783,2.9768,2.9783,4
2026-07-10 08:57:00,2.9738,2.9743,2.9728,2.9728,2.9788,2.9793,2.9778,2.9778,7
2026-07-10 08:58:00,2.9733,2.9743,2.9733,2.9743,2.9783,2.9793,2.9783,2.9793,5
2026-07-10 08:59:00,2.9738,2.9738,2.9723,2.9733,2.9788,2.9788,2.9773,2.9783,7
2026-07-10 09:00:00,2.9743,2.9743,2.9703,2.9733,2.9793,2.9793,2.9753,2.9783,29
2026-07-10 09:01:00,2.9723,2.9728,2.9713,2.9718,2.9773,2.9778,2.9763,2.9768,6
2026-07-10 09:02:00,2.9723,2.9738,2.9713,2.9713,2.9773,2.9788,2.9763,2.9763,13
2026-07-10 09:03:00,2.9718,2.9723,2.9698,2.9703,2.9768,2.9773,2.9748,2.9753,13
2026-07-10 09:04:00,2.9713,2.9713,2.9688,2.9693,2.9763,2.9763,2.9738,2.9743,13
2026-07-10 09:05:00,2.9703,2.9703,2.9693,2.9698,2.9753,2.9753,2.9743,2.9748,3
2026-07-10 09:06:00,2.9703,2.9713,2.9703,2.9708,2.9753,2.9763,2.9753,2.9758,8
2026-07-10 09:07:00,2.9703,2.9703,2.9688,2.9688,2.9753,2.9753,2.9738,2.9738,11
2026-07-10 09:08:00,2.9693,2.9708,2.9688,2.9703,2.9743,2.9758,2.9738,2.9753,6
2026-07-10 09:09:00,2.9708,2.9708,2.9703,2.9703,2.9758,2.9758,2.9753,2.9753,2
2026-07-10 09:10:00,2.9693,2.9708,2.9693,2.9703,2.9743,2.9758,2.9743,2.9753,5
2026-07-10 09:11:00,2.9693,2.9703,2.9693,2.9693,2.9743,2.9753,2.9743,2.9743,5
2026-07-10 09:12:00,2.9683,2.9683,2.9663,2.9668,2.9733,2.9733,2.9713,2.9718,11
2026-07-10 09:13:00,2.9673,2.9678,2.9653,2.9658,2.9723,2.9728,2.9703,2.9708,13
2026-07-10 09:14:00,2.9663,2.9668,2.9663,2.9663,2.9713,2.9718,2.9713,2.9713,7
2026-07-10 09:15:00,2.9658,2.9673,2.9653,2.9658,2.9708,2.9723,2.9703,2.9708,12
2026-07-10 09:16:00,2.9663,2.9663,2.9653,2.9653,2.9713,2.9713,2.9703,2.9703,4
2026-07-10 09:17:00,2.9658,2.9658,2.9613,2.9623,2.9708,2.9708,2.9663,2.9673,8
2026-07-10 09:18:00,2.9618,2.9623,2.9608,2.9613,2.9668,2.9673,2.9658,2.9663,18
2026-07-10 09:19:00,2.9623,2.9623,2.9603,2.9603,2.9673,2.9673,2.9653,2.9653,10
2026-07-10 09:20:00,2.9598,2.9623,2.9598,2.9618,2.9648,2.9673,2.9648,2.9668,10
2026-07-10 09:21:00,2.9613,2.9613,2.9603,2.9603,2.9663,2.9663,2.9653,2.9653,2
2026-07-10 09:22:00,2.9613,2.9623,2.9613,2.9613,2.9663,2.9673,2.9663,2.9663,3
2026-07-10 09:23:00,2.9603,2.9613,2.9543,2.9548,2.9653,2.9663,2.9593,2.9598,18
2026-07-10 09:24:00,2.9553,2.9558,2.9543,2.9543,2.9603,2.9608,2.9593,2.9593,6
2026-07-10 09:25:00,2.9528,2.9573,2.9513,2.9553,2.9578,2.9623,2.9563,2.9603,27
2026-07-10 09:26:00,2.9543,2.9548,2.9513,2.9518,2.9593,2.9598,2.9563,2.9568,22
2026-07-10 09:27:00,2.9523,2.9573,2.9523,2.9573,2.9573,2.9623,2.9573,2.9623,19
2026-07-10 09:28:00,2.9583,2.9583,2.9533,2.9553,2.9633,2.9633,2.9583,2.9603,17
2026-07-10 09:29:00,2.9543,2.9573,2.9543,2.9548,2.9593,2.9623,2.9593,2.9598,24
2026-07-10 09:30:00,2.9543,2.9583,2.9523,2.9558,2.9593,2.9633,2.9573,2.9608,30
2026-07-10 09:31:00,2.9563,2.9563,2.9543,2.9543,2.9613,2.9613,2.9593,2.9593,10
2026-07-10 09:32:00,2.9533,2.9543,2.9523,2.9533,2.9583,2.9593,2.9573,2.9583,15
2026-07-10 09:33:00,2.9523,2.9528,2.9478,2.9503,2.9573,2.9578,2.9528,2.9553,26
2026-07-10 09:34:00,2.9513,2.9513,2.9503,2.9503,2.9563,2.9563,2.9553,2.9553,7
2026-07-10 09:35:00,2.9493,2.9503,2.9463,2.9488,2.9543,2.9553,2.9513,2.9538,28
2026-07-10 09:36:00,2.9493,2.9503,2.9483,2.9493,2.9543,2.9553,2.9533,2.9543,12
2026-07-10 09:37:00,2.9498,2.9498,2.9493,2.9493,2.9548,2.9548,2.9543,2.9543,2
2026-07-10 09:38:00,2.9503,2.9513,2.9483,2.9503,2.9553,2.9563,2.9533,2.9553,9
2026-07-10 09:39:00,2.9493,2.9503,2.9493,2.9503,2.9543,2.9553,2.9543,2.9553,6
2026-07-10 09:40:00,2.9493,2.9513,2.9493,2.9513,2.9543,2.9563,2.9543,2.9563,3
2026-07-10 09:41:00,2.9523,2.9533,2.9513,2.9528,2.9573,2.9583,2.9563,2.9578,16
2026-07-10 09:42:00,2.9523,2.9533,2.9523,2.9533,2.9573,2.9583,2.9573,2.9583,6
2026-07-10 09:43:00,2.9543,2.9543,2.9533,2.9533,2.9593,2.9593,2.9583,2.9583,2
2026-07-10 09:44:00,2.9523,2.9553,2.9523,2.9533,2.9573,2.9603,2.9573,2.9583,10
2026-07-10 09:45:00,2.9523,2.9523,2.9483,2.9513,2.9573,2.9573,2.9533,2.9563,15
2026-07-10 09:47:00,2.9523,2.9523,2.9513,2.9513,2.9573,2.9573,2.9563,2.9563,10
2026-07-10 09:48:00,2.9523,2.9533,2.9523,2.9533,2.9573,2.9583,2.9573,2.9583,6
2026-07-10 09:49:00,2.9528,2.9528,2.9523,2.9523,2.9578,2.9578,2.9573,2.9573,2
2026-07-10 09:50:00,2.9518,2.9533,2.9513,2.9513,2.9568,2.9583,2.9563,2.9563,12
2026-07-10 09:51:00,2.9523,2.9533,2.9503,2.9503,2.9573,2.9583,2.9553,2.9553,9
2026-07-10 09:52:00,2.9498,2.9503,2.9493,2.9493,2.9548,2.9553,2.9543,2.9543,4
2026-07-10 09:53:00,2.9503,2.9513,2.9483,2.9483,2.9553,2.9563,2.9533,2.9533,9
2026-07-10 09:54:00,2.9473,2.9483,2.9463,2.9463,2.9523,2.9533,2.9513,2.9513,10
2026-07-10 09:55:00,2.9468,2.9473,2.9463,2.9473,2.9518,2.9523,2.9513,2.9523,6
2026-07-10 09:56:00,2.9483,2.9503,2.9483,2.9483,2.9533,2.9553,2.9533,2.9533,7
2026-07-10 09:57:00,2.9473,2.9473,2.9423,2.9443,2.9523,2.9523,2.9473,2.9493,14
2026-07-10 09:58:00,2.9438,2.9463,2.9438,2.9463,2.9488,2.9513,2.9488,2.9513,14
2026-07-10 09:59:00,2.9473,2.9483,2.9453,2.9463,2.9523,2.9533,2.9503,2.9513,6
2026-07-10 10:00:00,2.9473,2.9473,2.9453,2.9463,2.9523,2.9523,2.9503,2.9513,17
2026-07-10 10:01:00,2.9458,2.9458,2.9403,2.9403,2.9508,2.9508,2.9453,2.9453,21
2026-07-10 10:02:00,2.9413,2.9433,2.9388,2.9433,2.9463,2.9483,2.9438,2.9483,24
2026-07-10 10:03:00,2.9423,2.9428,2.9423,2.9423,2.9473,2.9478,2.9473,2.9473,3
2026-07-10 10:04:00,2.9408,2.9408,2.9378,2.9393,2.9458,2.9458,2.9428,2.9443,16
2026-07-10 10:05:00,2.9398,2.9403,2.9333,2.9333,2.9448,2.9453,2.9383,2.9383,42
2026-07-10 10:06:00,2.9338,2.9373,2.9243,2.9373,2.9388,2.9423,2.9293,2.9423,52
2026-07-10 10:07:00,2.9378,2.9423,2.9378,2.9413,2.9428,2.9473,2.9428,2.9463,38
2026-07-10 10:08:00,2.9423,2.9423,2.9393,2.9413,2.9473,2.9473,2.9443,2.9463,30
2026-07-10 10:09:00,2.9403,2.9408,2.9393,2.9398,2.9453,2.9458,2.9443,2.9448,14
2026-07-10 10:10:00,2.9403,2.9413,2.9403,2.9413,2.9453,2.9463,2.9453,2.9463,9
2026-07-10 10:11:00,2.9403,2.9408,2.9393,2.9403,2.9453,2.9458,2.9443,2.9453,8
2026-07-10 10:12:00,2.9413,2.9423,2.9403,2.9413,2.9463,2.9473,2.9453,2.9463,13
2026-07-10 10:13:00,2.9418,2.9423,2.9408,2.9413,2.9468,2.9473,2.9458,2.9463,6
2026-07-10 10:14:00,2.9423,2.9433,2.9383,2.9383,2.9473,2.9483,2.9433,2.9433,18
2026-07-10 10:15:00,2.9373,2.9453,2.9373,2.9448,2.9423,2.9503,2.9423,2.9498,27
2026-07-10 10:16:00,2.9453,2.9483,2.9453,2.9483,2.9503,2.9533,2.9503,2.9533,16
2026-07-10 10:17:00,2.9473,2.9483,2.9433,2.9443,2.9523,2.9533,2.9483,2.9493,22
2026-07-10 10:18:00,2.9438,2.9443,2.9433,2.9433,2.9488,2.9493,2.9483,2.9483,14
2026-07-10 10:19:00,2.9438,2.9443,2.9413,2.9418,2.9488,2.9493,2.9463,2.9468,14
2026-07-10 10:20:00,2.9428,2.9463,2.9428,2.9458,2.9478,2.9513,2.9478,2.9508,13
2026-07-10 10:21:00,2.9453,2.9463,2.9443,2.9463,2.9503,2.9513,2.9493,2.9513,11
2026-07-10 10:22:00,2.9453,2.9478,2.9453,2.9473,2.9503,2.9528,2.9503,2.9523,5
2026-07-10 10:23:00,2.9463,2.9473,2.9463,2.9463,2.9513,2.9523,2.9513,2.9513,12
2026-07-10 10:24:00,2.9473,2.9473,2.9428,2.9453,2.9523,2.9523,2.9478,2.9503,14
2026-07-10 10:25:00,2.9443,2.9453,2.9428,2.9453,2.9493,2.9503,2.9478,2.9503,6
2026-07-10 10:26:00,2.9443,2.9453,2.9433,2.9443,2.9493,2.9503,2.9483,2.9493,12
2026-07-10 10:27:00,2.9448,2.9453,2.9433,2.9443,2.9498,2.9503,2.9483,2.9493,12
2026-07-10 10:28:00,2.9438,2.9443,2.9433,2.9443,2.9488,2.9493,2.9483,2.9493,8
2026-07-10 10:29:00,2.9453,2.9463,2.9423,2.9438,2.9503,2.9513,2.9473,2.9488,13
2026-07-10 10:30:00,2.9443,2.9453,2.9443,2.9443,2.9493,2.9503,2.9493,2.9493,12
2026-07-10 10:31:00,2.9448,2.9453,2.9433,2.9443,2.9498,2.9503,2.9483,2.9493,10
2026-07-10 10:32:00,2.9438,2.9473,2.9438,2.9463,2.9488,2.9523,2.9488,2.9513,6
2026-07-10 10:33:00,2.9453,2.9473,2.9448,2.9448,2.9503,2.9523,2.9498,2.9498,10
2026-07-10 10:34:00,2.9453,2.9463,2.9443,2.9443,2.9503,2.9513,2.9493,2.9493,9
2026-07-10 10:35:00,2.9448,2.9468,2.9448,2.9468,2.9498,2.9518,2.9498,2.9518,4
2026-07-10 10:36:00,2.9463,2.9503,2.9463,2.9478,2.9513,2.9553,2.9513,2.9528,22
2026-07-10 10:37:00,2.9483,2.9493,2.9483,2.9493,2.9533,2.9543,2.9533,2.9543,8
2026-07-10 10:38:00,2.9503,2.9508,2.9483,2.9488,2.9553,2.9558,2.9533,2.9538,9
2026-07-10 10:39:00,2.9493,2.9493,2.9483,2.9493,2.9543,2.9543,2.9533,2.9543,10
2026-07-10 10:40:00,2.9488,2.9488,2.9473,2.9483,2.9538,2.9538,2.9523,2.9533,4
2026-07-10 10:41:00,2.9493,2.9498,2.9463,2.9463,2.9543,2.9548,2.9513,2.9513,12
2026-07-10 10:42:00,2.9453,2.9463,2.9453,2.9458,2.9503,2.9513,2.9503,2.9508,8
2026-07-10 10:43:00,2.9463,2.9463,2.9453,2.9458,2.9513,2.9513,2.9503,2.9508,5
2026-07-10 10:44:00,2.9453,2.9463,2.9453,2.9453,2.9503,2.9513,2.9503,2.9503,5
2026-07-10 10:45:00,2.9443,2.9443,2.9413,2.9413,2.9493,2.9493,2.9463,2.9463,10
2026-07-10 10:46:00,2.9423,2.9428,2.9383,2.9413,2.9473,2.9478,2.9433,2.9463,15
2026-07-10 10:47:00,2.9423,2.9423,2.9403,2.9413,2.9473,2.9473,2.9453,2.9463,4
2026-07-10 10:48:00,2.9408,2.9408,2.9403,2.9408,2.9458,2.9458,2.9453,2.9458,3
2026-07-10 10:49:00,2.9413,2.9413,2.9398,2.9398,2.9463,2.9463,2.9448,2.9448,11
2026-07-10 10:50:00,2.9403,2.9433,2.9403,2.9428,2.9453,2.9483,2.9453,2.9478,12
2026-07-10 10:51:00,2.9438,2.9443,2.9423,2.9423,2.9488,2.9493,2.9473,2.9473,26
2026-07-10 10:52:00,2.9418,2.9418,2.9393,2.9413,2.9468,2.9468,2.9443,2.9463,8
2026-07-10 10:53:00,2.9408,2.9413,2.9403,2.9413,2.9458,2.9463,2.9453,2.9463,6
2026-07-10 10:54:00,2.9418,2.9423,2.9413,2.9413,2.9468,2.9473,2.9463,2.9463,6
2026-07-10 10:55:00,2.9418,2.9423,2.9413,2.9413,2.9468,2.9473,2.9463,2.9463,6
2026-07-10 10:56:00,2.9423,2.9423,2.9413,2.9413,2.9473,2.9473,2.9463,2.9463,2
2026-07-10 10:57:00,2.9423,2.9423,2.9403,2.9403,2.9473,2.9473,2.9453,2.9453,4
2026-07-10 10:58:00,2.9398,2.9398,2.9393,2.9398,2.9448,2.9448,2.9443,2.9448,3
2026-07-10 10:59:00,2.9403,2.9423,2.9403,2.9418,2.9453,2.9473,2.9453,2.9468,8
2026-07-10 11:00:00,2.9423,2.9423,2.9413,2.9413,2.9473,2.9473,2.9463,2.9463,2
2026-07-10 11:01:00,2.9418,2.9423,2.9413,2.9423,2.9468,2.9473,2.9463,2.9473,6
2026-07-10 11:03:00,2.9428,2.9433,2.9428,2.9433,2.9478,2.9483,2.9478,2.9483,2
2026-07-10 11:05:00,2.9443,2.9443,2.9423,2.9428,2.9493,2.9493,2.9473,2.9478,10
2026-07-10 11:06:00,2.9433,2.9453,2.9433,2.9453,2.9483,2.9503,2.9483,2.9503,5
2026-07-10 11:07:00,2.9443,2.9453,2.9443,2.9448,2.9493,2.9503,2.9493,2.9498,3
2026-07-10 11:08:00,2.9453,2.9473,2.9448,2.9473,2.9503,2.9523,2.9498,2.9523,12
2026-07-10 11:09:00,2.9468,2.9473,2.9468,2.9473,2.9518,2.9523,2.9518,2.9523,2
2026-07-10 11:10:00,2.9463,2.9468,2.9463,2.9468,2.9513,2.9518,2.9513,2.9518,2
2026-07-10 11:11:00,2.9463,2.9463,2.9433,2.9443,2.9513,2.9513,2.9483,2.9493,7
2026-07-10 11:12:00,2.9438,2.9453,2.9438,2.9443,2.9488,2.9503,2.9488,2.9493,7
2026-07-10 11:13:00,2.9438,2.9443,2.9433,2.9438,2.9488,2.9493,2.9483,2.9488,6
2026-07-10 11:14:00,2.9433,2.9453,2.9428,2.9453,2.9483,2.9503,2.9478,2.9503,12
2026-07-10 11:15:00,2.9443,2.9453,2.9438,2.9438,2.9493,2.9503,2.9488,2.9488,5
2026-07-10 11:16:00,2.9443,2.9483,2.9443,2.9453,2.9493,2.9533,2.9493,2.9503,12
2026-07-10 11:17:00,2.9463,2.9463,2.9433,2.9438,2.9513,2.9513,2.9483,2.9488,10
2026-07-10 11:18:00,2.9443,2.9443,2.9423,2.9423,2.9493,2.9493,2.9473,2.9473,5
2026-07-10 11:19:00,2.9413,2.9423,2.9413,2.9423,2.9463,2.9473,2.9463,2.9473,3
2026-07-10 11:20:00,2.9433,2.9443,2.9423,2.9433,2.9483,2.9493,2.9473,2.9483,9
2026-07-10 11:21:00,2.9443,2.9453,2.9443,2.9453,2.9493,2.9503,2.9493,2.9503,9
2026-07-10 11:22:00,2.9443,2.9443,2.9423,2.9433,2.9493,2.9493,2.9473,2.9483,17
2026-07-10 11:23:00,2.9443,2.9443,2.9433,2.9443,2.9493,2.9493,2.9483,2.9493,9
2026-07-10 11:24:00,2.9438,2.9438,2.9408,2.9413,2.9488,2.9488,2.9458,2.9463,7
2026-07-10 11:26:00,2.9403,2.9413,2.9403,2.9413,2.9453,2.9463,2.9453,2.9463,3
2026-07-10 11:27:00,2.9418,2.9423,2.9413,2.9423,2.9468,2.9473,2.9463,2.9473,19
2026-07-10 11:29:00,2.9413,2.9418,2.9413,2.9413,2.9463,2.9468,2.9463,2.9463,3
2026-07-10 11:31:00,2.9408,2.9408,2.9403,2.9403,2.9458,2.9458,2.9453,2.9453,2
2026-07-10 11:32:00,2.9393,2.9393,2.9383,2.9383,2.9443,2.9443,2.9433,2.9433,4
2026-07-10 11:33:00,2.9393,2.9403,2.9393,2.9403,2.9443,2.9453,2.9443,2.9453,2
2026-07-10 11:34:00,2.9393,2.9413,2.9393,2.9413,2.9443,2.9463,2.9443,2.9463,9
2026-07-10 11:35:00,2.9403,2.9403,2.9393,2.9393,2.9453,2.9453,2.9443,2.9443,9
2026-07-10 11:36:00,2.9388,2.9393,2.9383,2.9393,2.9438,2.9443,2.9433,2.9443,5
2026-07-10 11:37:00,2.9388,2.9403,2.9388,2.9403,2.9438,2.9453,2.9438,2.9453,5
2026-07-10 11:40:00,2.9393,2.9393,2.9393,2.9393,2.9443,2.9443,2.9443,2.9443,1
2026-07-10 11:41:00,2.9383,2.9393,2.9373,2.9393,2.9433,2.9443,2.9423,2.9443,9
2026-07-10 11:42:00,2.9408,2.9413,2.9393,2.9393,2.9458,2.9463,2.9443,2.9443,8
2026-07-10 11:44:00,2.9403,2.9423,2.9403,2.9423,2.9453,2.9473,2.9453,2.9473,8
2026-07-10 11:45:00,2.9413,2.9418,2.9403,2.9413,2.9463,2.9468,2.9453,2.9463,11
2026-07-10 11:46:00,2.9423,2.9423,2.9413,2.9423,2.9473,2.9473,2.9463,2.9473,6
2026-07-10 11:48:00,2.9433,2.9443,2.9428,2.9443,2.9483,2.9493,2.9478,2.9493,4
2026-07-10 11:50:00,2.9453,2.9453,2.9443,2.9443,2.9503,2.9503,2.9493,2.9493,2
2026-07-10 11:52:00,2.9453,2.9468,2.9453,2.9463,2.9503,2.9518,2.9503,2.9513,8
2026-07-10 11:53:00,2.9473,2.9473,2.9463,2.9463,2.9523,2.9523,2.9513,2.9513,10
2026-07-10 11:54:00,2.9453,2.9453,2.9453,2.9453,2.9503,2.9503,2.9503,2.9503,1
2026-07-10 11:55:00,2.9463,2.9473,2.9463,2.9463,2.9513,2.9523,2.9513,2.9513,3
2026-07-10 11:56:00,2.9473,2.9473,2.9473,2.9473,2.9523,2.9523,2.9523,2.9523,1
2026-07-10 11:57:00,2.9483,2.9503,2.9483,2.9503,2.9533,2.9553,2.9533,2.9553,7
2026-07-10 11:58:00,2.9493,2.9503,2.9483,2.9483,2.9543,2.9553,2.9533,2.9533,6
2026-07-10 12:00:00,2.9473,2.9513,2.9473,2.9513,2.9523,2.9563,2.9523,2.9563,9
2026-07-10 12:01:00,2.9508,2.9513,2.9493,2.9508,2.9558,2.9563,2.9543,2.9558,11
2026-07-10 12:02:00,2.9503,2.9543,2.9503,2.9543,2.9553,2.9593,2.9553,2.9593,9
2026-07-10 12:03:00,2.9533,2.9573,2.9533,2.9573,2.9583,2.9623,2.9583,2.9623,19
2026-07-10 12:04:00,2.9563,2.9573,2.9553,2.9563,2.9613,2.9623,2.9603,2.9613,15
2026-07-10 12:05:00,2.9573,2.9578,2.9563,2.9573,2.9623,2.9628,2.9613,2.9623,17
2026-07-10 12:06:00,2.9583,2.9603,2.9573,2.9603,2.9633,2.9653,2.9623,2.9653,6
2026-07-10 12:07:00,2.9613,2.9623,2.9593,2.9613,2.9663,2.9673,2.9643,2.9663,17
2026-07-10 12:08:00,2.9618,2.9618,2.9593,2.9613,2.9668,2.9668,2.9643,2.9663,9
2026-07-10 12:09:00,2.9608,2.9608,2.9593,2.9593,2.9658,2.9658,2.9643,2.9643,6
2026-07-10 12:10:00,2.9583,2.9583,2.9533,2.9543,2.9633,2.9633,2.9583,2.9593,12
2026-07-10 12:11:00,2.9533,2.9543,2.9533,2.9533,2.9583,2.9593,2.9583,2.9583,7
2026-07-10 12:12:00,2.9543,2.9573,2.9543,2.9563,2.9593,2.9623,2.9593,2.9613,5
2026-07-10 12:14:00,2.9568,2.9573,2.9543,2.9553,2.9618,2.9623,2.9593,2.9603,7
2026-07-10 12:15:00,2.9558,2.9573,2.9548,2.9573,2.9608,2.9623,2.9598,2.9623,7
2026-07-10 12:16:00,2.9578,2.9583,2.9543,2.9553,2.9628,2.9633,2.9593,2.9603,10
2026-07-10 12:17:00,2.9558,2.9563,2.9553,2.9553,2.9608,2.9613,2.9603,2.9603,8
2026-07-10 12:18:00,2.9558,2.9558,2.9543,2.9553,2.9608,2.9608,2.9593,2.9603,5
2026-07-10 12:19:00,2.9543,2.9553,2.9543,2.9543,2.9593,2.9603,2.9593,2.9593,3
2026-07-10 12:20:00,2.9533,2.9533,2.9493,2.9518,2.9583,2.9583,2.9543,2.9568,22
2026-07-10 12:21:00,2.9513,2.9533,2.9503,2.9503,2.9563,2.9583,2.9553,2.9553,7
2026-07-10 12:22:00,2.9513,2.9513,2.9498,2.9498,2.9563,2.9563,2.9548,2.9548,5
2026-07-10 12:23:00,2.9493,2.9503,2.9493,2.9503,2.9543,2.9553,2.9543,2.9553,2
2026-07-10 12:24:00,2.9513,2.9563,2.9503,2.9553,2.9563,2.9613,2.9553,2.9603,20
2026-07-10 12:25:00,2.9563,2.9563,2.9543,2.9543,2.9613,2.9613,2.9593,2.9593,8
2026-07-10 12:26:00,2.9533,2.9543,2.9523,2.9528,2.9583,2.9593,2.9573,2.9578,8
2026-07-10 12:27:00,2.9523,2.9533,2.9483,2.9493,2.9573,2.9583,2.9533,2.9543,13
2026-07-10 12:28:00,2.9483,2.9493,2.9483,2.9493,2.9533,2.9543,2.9533,2.9543,2
2026-07-10 12:29:00,2.9483,2.9503,2.9483,2.9503,2.9533,2.9553,2.9533,2.9553,4
2026-07-10 12:30:00,2.9493,2.9523,2.9493,2.9518,2.9543,2.9573,2.9543,2.9568,10
2026-07-10 12:31:00,2.9513,2.9543,2.9513,2.9518,2.9563,2.9593,2.9563,2.9568,15
2026-07-10 12:32:00,2.9523,2.9548,2.9493,2.9503,2.9573,2.9598,2.9543,2.9553,13
2026-07-10 12:33:00,2.9493,2.9493,2.9483,2.9483,2.9543,2.9543,2.9533,2.9533,3
2026-07-10 12:34:00,2.9478,2.9478,2.9423,2.9443,2.9528,2.9528,2.9473,2.9493,15
2026-07-10 12:35:00,2.9448,2.9448,2.9373,2.9373,2.9498,2.9498,2.9423,2.9423,38
2026-07-10 12:36:00,2.9378,2.9403,2.9373,2.9398,2.9428,2.9453,2.9423,2.9448,17
2026-07-10 12:37:00,2.9393,2.9393,2.9373,2.9383,2.9443,2.9443,2.9423,2.9433,7
2026-07-10 12:38:00,2.9378,2.9393,2.9373,2.9388,2.9428,2.9443,2.9423,2.9438,21
2026-07-10 12:39:00,2.9393,2.9403,2.9383,2.9383,2.9443,2.9453,2.9433,2.9433,11
2026-07-10 12:40:00,2.9393,2.9393,2.9388,2.9393,2.9443,2.9443,2.9438,2.9443,3
2026-07-10 12:42:00,2.9398,2.9443,2.9398,2.9443,2.9448,2.9493,2.9448,2.9493,11
2026-07-10 12:43:00,2.9453,2.9453,2.9443,2.9453,2.9503,2.9503,2.9493,2.9503,5
2026-07-10 12:44:00,2.9443,2.9453,2.9433,2.9433,2.9493,2.9503,2.9483,2.9483,7
2026-07-10 12:45:00,2.9448,2.9503,2.9448,2.9503,2.9498,2.9553,2.9498,2.9553,9
2026-07-10 12:46:00,2.9493,2.9533,2.9493,2.9523,2.9543,2.9583,2.9543,2.9573,12
2026-07-10 12:47:00,2.9513,2.9523,2.9513,2.9523,2.9563,2.9573,2.9563,2.9573,11
2026-07-10 12:48:00,2.9533,2.9563,2.9523,2.9543,2.9583,2.9613,2.9573,2.9593,19
2026-07-10 12:49:00,2.9553,2.9553,2.9543,2.9543,2.9603,2.9603,2.9593,2.9593,2
2026-07-10 12:50:00,2.9553,2.9553,2.9523,2.9533,2.9603,2.9603,2.9573,2.9583,5
2026-07-10 12:51:00,2.9543,2.9543,2.9533,2.9533,2.9593,2.9593,2.9583,2.9583,2
2026-07-10 12:52:00,2.9538,2.9543,2.9538,2.9543,2.9588,2.9593,2.9588,2.9593,2
2026-07-10 12:53:00,2.9533,2.9543,2.9523,2.9543,2.9583,2.9593,2.9573,2.9593,6
2026-07-10 12:54:00,2.9553,2.9553,2.9533,2.9543,2.9603,2.9603,2.9583,2.9593,4
2026-07-10 12:55:00,2.9553,2.9553,2.9533,2.9543,2.9603,2.9603,2.9583,2.9593,6
2026-07-10 12:56:00,2.9553,2.9553,2.9553,2.9553,2.9603,2.9603,2.9603,2.9603,1
2026-07-10 12:57:00,2.9543,2.9553,2.9533,2.9553,2.9593,2.9603,2.9583,2.9603,8
2026-07-10 12:58:00,2.9563,2.9563,2.9563,2.9563,2.9613,2.9613,2.9613,2.9613,1
2026-07-10 12:59:00,2.9553,2.9563,2.9523,2.9553,2.9603,2.9613,2.9573,2.9603,14
2026-07-10 13:00:00,2.9543,2.9633,2.9533,2.9633,2.9593,2.9683,2.9583,2.9683,47
2026-07-10 13:01:00,2.9623,2.9653,2.9593,2.9593,2.9673,2.9703,2.9643,2.9643,20
2026-07-10 13:02:00,2.9603,2.9603,2.9573,2.9573,2.9653,2.9653,2.9623,2.9623,20
2026-07-10 13:03:00,2.9563,2.9563,2.9553,2.9563,2.9613,2.9613,2.9603,2.9613,8
2026-07-10 13:04:00,2.9573,2.9573,2.9513,2.9513,2.9623,2.9623,2.9563,2.9563,17
2026-07-10 13:05:00,2.9523,2.9533,2.9513,2.9513,2.9573,2.9583,2.9563,2.9563,15
2026-07-10 13:06:00,2.9503,2.9518,2.9498,2.9518,2.9553,2.9568,2.9548,2.9568,5
2026-07-10 13:07:00,2.9513,2.9513,2.9513,2.9513,2.9563,2.9563,2.9563,2.9563,1
2026-07-10 13:08:00,2.9523,2.9533,2.9498,2.9498,2.9573,2.9583,2.9548,2.9548,8
2026-07-10 13:09:00,2.9493,2.9513,2.9493,2.9503,2.9543,2.9563,2.9543,2.9553,12
2026-07-10 13:10:00,2.9493,2.9503,2.9443,2.9503,2.9543,2.9553,2.9493,2.9553,25
2026-07-10 13:11:00,2.9498,2.9523,2.9498,2.9523,2.9548,2.9573,2.9548,2.9573,10
2026-07-10 13:12:00,2.9518,2.9523,2.9508,2.9513,2.9568,2.9573,2.9558,2.9563,16
2026-07-10 13:13:00,2.9503,2.9503,2.9483,2.9493,2.9553,2.9553,2.9533,2.9543,15
2026-07-10 13:14:00,2.9503,2.9513,2.9493,2.9493,2.9553,2.9563,2.9543,2.9543,9
2026-07-10 13:15:00,2.9488,2.9488,2.9463,2.9473,2.9538,2.9538,2.9513,2.9523,12
2026-07-10 13:16:00,2.9478,2.9493,2.9453,2.9463,2.9528,2.9543,2.9503,2.9513,10
2026-07-10 13:17:00,2.9458,2.9458,2.9413,2.9443,2.9508,2.9508,2.9463,2.9493,18
2026-07-10 13:18:00,2.9453,2.9463,2.9413,2.9413,2.9503,2.9513,2.9463,2.9463,11
2026-07-10 13:19:00,2.9423,2.9433,2.9413,2.9423,2.9473,2.9483,2.9463,2.9473,7
2026-07-10 13:20:00,2.9433,2.9443,2.9413,2.9423,2.9483,2.9493,2.9463,2.9473,10
2026-07-10 13:21:00,2.9433,2.9473,2.9433,2.9473,2.9483,2.9523,2.9483,2.9523,26
2026-07-10 13:22:00,2.9463,2.9463,2.9453,2.9453,2.9513,2.9513,2.9503,2.9503,6
2026-07-10 13:23:00,2.9443,2.9473,2.9443,2.9458,2.9493,2.9523,2.9493,2.9508,13
2026-07-10 13:24:00,2.9453,2.9453,2.9443,2.9453,2.9503,2.9503,2.9493,2.9503,11
2026-07-10 13:25:00,2.9463,2.9463,2.9393,2.9438,2.9513,2.9513,2.9443,2.9488,34
2026-07-10 13:26:00,2.9433,2.9458,2.9433,2.9453,2.9483,2.9508,2.9483,2.9503,15
2026-07-10 13:27:00,2.9463,2.9483,2.9383,2.9453,2.9513,2.9533,2.9433,2.9503,42
2026-07-10 13:28:00,2.9443,2.9503,2.9443,2.9483,2.9493,2.9553,2.9493,2.9533,17
2026-07-10 13:29:00,2.9473,2.9513,2.9473,2.9498,2.9523,2.9563,2.9523,2.9548,17
2026-07-10 13:30:00,2.9508,2.9563,2.9503,2.9543,2.9558,2.9613,2.9553,2.9593,25
2026-07-10 13:31:00,2.9548,2.9563,2.9533,2.9563,2.9598,2.9613,2.9583,2.9613,13
2026-07-10 13:32:00,2.9553,2.9563,2.9533,2.9543,2.9603,2.9613,2.9583,2.9593,20
2026-07-10 13:33:00,2.9538,2.9543,2.9463,2.9483,2.9588,2.9593,2.9513,2.9533,43
2026-07-10 13:34:00,2.9478,2.9478,2.9423,2.9443,2.9528,2.9528,2.9473,2.9493,34
2026-07-10 13:35:00,2.9453,2.9493,2.9443,2.9468,2.9503,2.9543,2.9493,2.9518,30
2026-07-10 13:36:00,2.9473,2.9513,2.9453,2.9483,2.9523,2.9563,2.9503,2.9533,38
2026-07-10 13:37:00,2.9493,2.9503,2.9483,2.9483,2.9543,2.9553,2.9533,2.9533,18
2026-07-10 13:38:00,2.9473,2.9473,2.9448,2.9473,2.9523,2.9523,2.9498,2.9523,27
2026-07-10 13:39:00,2.9463,2.9503,2.9463,2.9503,2.9513,2.9553,2.9513,2.9553,25
2026-07-10 13:40:00,2.9513,2.9538,2.9503,2.9533,2.9563,2.9588,2.9553,2.9583,28
2026-07-10 13:41:00,2.9528,2.9543,2.9513,2.9523,2.9578,2.9593,2.9563,2.9573,17
2026-07-10 13:42:00,2.9528,2.9633,2.9523,2.9588,2.9578,2.9683,2.9573,2.9638,37
2026-07-10 13:43:00,2.9583,2.9583,2.9503,2.9508,2.9633,2.9633,2.9553,2.9558,51
2026-07-10 13:44:00,2.9513,2.9548,2.9513,2.9543,2.9563,2.9598,2.9563,2.9593,11
2026-07-10 13:45:00,2.9538,2.9538,2.9503,2.9523,2.9588,2.9588,2.9553,2.9573,18
2026-07-10 13:46:00,2.9533,2.9553,2.9533,2.9538,2.9583,2.9603,2.9583,2.9588,19
2026-07-10 13:47:00,2.9533,2.9543,2.9523,2.9543,2.9583,2.9593,2.9573,2.9593,20
2026-07-10 13:48:00,2.9553,2.9553,2.9493,2.9518,2.9603,2.9603,2.9543,2.9568,25
2026-07-10 13:49:00,2.9523,2.9603,2.9523,2.9583,2.9573,2.9653,2.9573,2.9633,31
2026-07-10 13:50:00,2.9578,2.9593,2.9573,2.9578,2.9628,2.9643,2.9623,2.9628,27
2026-07-10 13:51:00,2.9573,2.9578,2.9543,2.9543,2.9623,2.9628,2.9593,2.9593,24
2026-07-10 13:52:00,2.9553,2.9583,2.9523,2.9528,2.9603,2.9633,2.9573,2.9578,49
2026-07-10 13:53:00,2.9523,2.9543,2.9508,2.9508,2.9573,2.9593,2.9558,2.9558,30
2026-07-10 13:54:00,2.9513,2.9513,2.9433,2.9448,2.9563,2.9563,2.9483,2.9498,34
2026-07-10 13:55:00,2.9453,2.9453,2.9383,2.9383,2.9503,2.9503,2.9433,2.9433,47
2026-07-10 13:56:00,2.9393,2.9413,2.9373,2.9393,2.9443,2.9463,2.9423,2.9443,39
2026-07-10 13:57:00,2.9403,2.9403,2.9353,2.9373,2.9453,2.9453,2.9403,2.9423,34
2026-07-10 13:58:00,2.9383,2.9413,2.9313,2.9313,2.9433,2.9463,2.9363,2.9363,45
2026-07-10 13:59:00,2.9303,2.9313,2.9263,2.9303,2.9353,2.9363,2.9313,2.9353,63
2026-07-10 14:00:00,2.9313,2.9343,2.9273,2.9323,2.9363,2.9393,2.9323,2.9373,58
2026-07-10 14:01:00,2.9333,2.9403,2.9303,2.9403,2.9383,2.9453,2.9353,2.9453,56
2026-07-10 14:02:00,2.9393,2.9443,2.9393,2.9393,2.9443,2.9493,2.9443,2.9443,54
2026-07-10 14:03:00,2.9403,2.9443,2.9383,2.9433,2.9453,2.9493,2.9433,2.9483,47
2026-07-10 14:04:00,2.9438,2.9438,2.9373,2.9393,2.9488,2.9488,2.9423,2.9443,31
2026-07-10 14:05:00,2.9388,2.9403,2.9313,2.9333,2.9438,2.9453,2.9363,2.9383,60
2026-07-10 14:06:00,2.9338,2.9373,2.9313,2.9333,2.9388,2.9423,2.9363,2.9383,33
2026-07-10 14:07:00,2.9343,2.9383,2.9333,2.9373,2.9393,2.9433,2.9383,2.9423,25
2026-07-10 14:08:00,2.9383,2.9403,2.9363,2.9378,2.9433,2.9453,2.9413,2.9428,41
2026-07-10 14:09:00,2.9373,2.9383,2.9263,2.9313,2.9423,2.9433,2.9313,2.9363,53
2026-07-10 14:10:00,2.9308,2.9308,2.9173,2.9178,2.9358,2.9358,2.9223,2.9228,82
2026-07-10 14:11:00,2.9183,2.9273,2.9183,2.9253,2.9233,2.9323,2.9233,2.9303,46
2026-07-10 14:12:00,2.9243,2.9283,2.9233,2.9283,2.9293,2.9333,2.9283,2.9333,15
2026-07-10 14:13:00,2.9288,2.9293,2.9153,2.9168,2.9338,2.9343,2.9203,2.9218,72
2026-07-10 14:14:00,2.9173,2.9248,2.9153,2.9193,2.9223,2.9298,2.9203,2.9243,53
2026-07-10 14:15:00,2.9198,2.9203,2.9103,2.9103,2.9248,2.9253,2.9153,2.9153,62
2026-07-10 14:16:00,2.9113,2.9143,2.9113,2.9128,2.9163,2.9193,2.9163,2.9178,57
2026-07-10 14:17:00,2.9133,2.9213,2.9133,2.9203,2.9183,2.9263,2.9183,2.9253,45
2026-07-10 14:18:00,2.9208,2.9248,2.9193,2.9243,2.9258,2.9298,2.9243,2.9293,26
2026-07-10 14:19:00,2.9238,2.9253,2.9223,2.9228,2.9288,2.9303,2.9273,2.9278,38
2026-07-10 14:20:00,2.9223,2.9253,2.9213,2.9238,2.9273,2.9303,2.9263,2.9288,16
2026-07-10 14:21:00,2.9233,2.9233,2.9188,2.9203,2.9283,2.9283,2.9238,2.9253,29
2026-07-10 14:22:00,2.9193,2.9233,2.9183,2.9208,2.9243,2.9283,2.9233,2.9258,31
2026-07-10 14:23:00,2.9213,2.9243,2.9213,2.9223,2.9263,2.9293,2.9263,2.9273,21
2026-07-10 14:24:00,2.9233,2.9233,2.9208,2.9208,2.9283,2.9283,2.9258,2.9258,11
2026-07-10 14:25:00,2.9203,2.9213,2.9193,2.9193,2.9253,2.9263,2.9243,2.9243,9
2026-07-10 14:26:00,2.9203,2.9293,2.9203,2.9273,2.9253,2.9343,2.9253,2.9323,58
2026-07-10 14:27:00,2.9268,2.9273,2.9253,2.9263,2.9318,2.9323,2.9303,2.9313,18
2026-07-10 14:28:00,2.9258,2.9293,2.9258,2.9278,2.9308,2.9343,2.9308,2.9328,31
2026-07-10 14:29:00,2.9273,2.9313,2.9263,2.9263,2.9323,2.9363,2.9313,2.9313,49
2026-07-10 14:30:00,2.9258,2.9283,2.9223,2.9273,2.9308,2.9333,2.9273,2.9323,46
2026-07-10 14:31:00,2.9283,2.9333,2.9273,2.9323,2.9333,2.9383,2.9323,2.9373,43
2026-07-10 14:32:00,2.9313,2.9363,2.9313,2.9338,2.9363,2.9413,2.9363,2.9388,34
2026-07-10 14:33:00,2.9343,2.9373,2.9323,2.9333,2.9393,2.9423,2.9373,2.9383,37
2026-07-10 14:34:00,2.9328,2.9388,2.9328,2.9373,2.9378,2.9438,2.9378,2.9423,34
2026-07-10 14:35:00,2.9363,2.9393,2.9333,2.9333,2.9413,2.9443,2.9383,2.9383,29
2026-07-10 14:36:00,2.9323,2.9343,2.9293,2.9303,2.9373,2.9393,2.9343,2.9353,31
2026-07-10 14:37:00,2.9308,2.9343,2.9308,2.9323,2.9358,2.9393,2.9358,2.9373,28
2026-07-10 14:38:00,2.9333,2.9393,2.9333,2.9383,2.9383,2.9443,2.9383,2.9433,16
2026-07-10 14:39:00,2.9373,2.9373,2.9353,2.9353,2.9423,2.9423,2.9403,2.9403,15
2026-07-10 14:40:00,2.9343,2.9363,2.9333,2.9343,2.9393,2.9413,2.9383,2.9393,19
2026-07-10 14:41:00,2.9348,2.9393,2.9348,2.9383,2.9398,2.9443,2.9398,2.9433,14
2026-07-10 14:42:00,2.9393,2.9393,2.9333,2.9343,2.9443,2.9443,2.9383,2.9393,19
2026-07-10 14:43:00,2.9333,2.9343,2.9298,2.9303,2.9383,2.9393,2.9348,2.9353,35
2026-07-10 14:44:00,2.9293,2.9333,2.9293,2.9298,2.9343,2.9383,2.9343,2.9348,29
2026-07-10 14:45:00,2.9293,2.9298,2.9243,2.9263,2.9343,2.9348,2.9293,2.9313,53
2026-07-10 14:46:00,2.9273,2.9323,2.9263,2.9283,2.9323,2.9373,2.9313,2.9333,36
2026-07-10 14:47:00,2.9278,2.9303,2.9278,2.9303,2.9328,2.9353,2.9328,2.9353,14
2026-07-10 14:48:00,2.9313,2.9313,2.9293,2.9308,2.9363,2.9363,2.9343,2.9358,14
2026-07-10 14:49:00,2.9303,2.9313,2.9263,2.9278,2.9353,2.9363,2.9313,2.9328,35
2026-07-10 14:50:00,2.9283,2.9313,2.9273,2.9288,2.9333,2.9363,2.9323,2.9338,36
2026-07-10 14:51:00,2.9293,2.9303,2.9263,2.9298,2.9343,2.9353,2.9313,2.9348,36
2026-07-10 14:52:00,2.9303,2.9323,2.9253,2.9303,2.9353,2.9373,2.9303,2.9353,26
2026-07-10 14:53:00,2.9298,2.9303,2.9243,2.9268,2.9348,2.9353,2.9293,2.9318,35
2026-07-10 14:54:00,2.9263,2.9273,2.9203,2.9208,2.9313,2.9323,2.9253,2.9258,34
2026-07-10 14:55:00,2.9213,2.9303,2.9213,2.9303,2.9263,2.9353,2.9263,2.9353,35
2026-07-10 14:56:00,2.9298,2.9363,2.9283,2.9353,2.9348,2.9413,2.9333,2.9403,55
2026-07-10 14:57:00,2.9348,2.9353,2.9283,2.9288,2.9398,2.9403,2.9333,2.9338,37
2026-07-10 14:58:00,2.9283,2.9293,2.9268,2.9273,2.9333,2.9343,2.9318,2.9323,22
2026-07-10 14:59:00,2.9268,2.9293,2.9263,2.9288,2.9318,2.9343,2.9313,2.9338,15
2026-07-10 15:00:00,2.9273,2.9333,2.9243,2.9288,2.9323,2.9383,2.9293,2.9338,101
2026-07-10 15:01:00,2.9293,2.9293,2.9203,2.9233,2.9343,2.9343,2.9253,2.9283,73
2026-07-10 15:02:00,2.9243,2.9253,2.9193,2.9233,2.9293,2.9303,2.9243,2.9283,45
2026-07-10 15:03:00,2.9223,2.9223,2.9193,2.9193,2.9273,2.9273,2.9243,2.9243,26
2026-07-10 15:04:00,2.9198,2.9218,2.9153,2.9153,2.9248,2.9268,2.9203,2.9203,54
2026-07-10 15:05:00,2.9158,2.9183,2.9143,2.9153,2.9208,2.9233,2.9193,2.9203,42
2026-07-10 15:06:00,2.9143,2.9213,2.9133,2.9173,2.9193,2.9263,2.9183,2.9223,26
2026-07-10 15:07:00,2.9163,2.9193,2.9083,2.9183,2.9213,2.9243,2.9133,2.9233,114
2026-07-10 15:08:00,2.9178,2.9213,2.9153,2.9173,2.9228,2.9263,2.9203,2.9223,45
2026-07-10 15:09:00,2.9163,2.9173,2.9113,2.9153,2.9213,2.9223,2.9163,2.9203,34
2026-07-10 15:10:00,2.9143,2.9183,2.9143,2.9163,2.9193,2.9233,2.9193,2.9213,37
2026-07-10 15:11:00,2.9158,2.9158,2.9103,2.9103,2.9208,2.9208,2.9153,2.9153,70
2026-07-10 15:12:00,2.9113,2.9123,2.9093,2.9103,2.9163,2.9173,2.9143,2.9153,18
2026-07-10 15:13:00,2.9113,2.9183,2.9113,2.9163,2.9163,2.9233,2.9163,2.9213,36
2026-07-10 15:14:00,2.9153,2.9163,2.9123,2.9123,2.9203,2.9213,2.9173,2.9173,17
2026-07-10 15:15:00,2.9133,2.9133,2.9103,2.9113,2.9183,2.9183,2.9153,2.9163,42
2026-07-10 15:16:00,2.9123,2.9133,2.9083,2.9093,2.9173,2.9183,2.9133,2.9143,17
2026-07-10 15:17:00,2.9103,2.9113,2.9073,2.9103,2.9153,2.9163,2.9123,2.9153,34
2026-07-10 15:18:00,2.9093,2.9103,2.8973,2.8983,2.9143,2.9153,2.9023,2.9033,103
2026-07-10 15:19:00,2.8993,2.9003,2.8943,2.8983,2.9043,2.9053,2.8993,2.9033,66
2026-07-10 15:20:00,2.8978,2.8993,2.8953,2.8983,2.9028,2.9043,2.9003,2.9033,31
2026-07-10 15:21:00,2.8973,2.9013,2.8973,2.8973,2.9023,2.9063,2.9023,2.9023,37
2026-07-10 15:22:00,2.8983,2.9123,2.8973,2.9103,2.9033,2.9173,2.9023,2.9153,67
2026-07-10 15:23:00,2.9093,2.9123,2.9063,2.9073,2.9143,2.9173,2.9113,2.9123,43
2026-07-10 15:24:00,2.9063,2.9063,2.9033,2.9043,2.9113,2.9113,2.9083,2.9093,23
2026-07-10 15:25:00,2.9038,2.9043,2.9003,2.9018,2.9088,2.9093,2.9053,2.9068,32
2026-07-10 15:26:00,2.9013,2.9053,2.9003,2.9033,2.9063,2.9103,2.9053,2.9083,40
2026-07-10 15:27:00,2.9023,2.9023,2.8973,2.8993,2.9073,2.9073,2.9023,2.9043,24
2026-07-10 15:28:00,2.8983,2.9023,2.8973,2.9008,2.9033,2.9073,2.9023,2.9058,39
2026-07-10 15:29:00,2.9013,2.9023,2.8983,2.8983,2.9063,2.9073,2.9033,2.9033,27
2026-07-10 15:30:00,2.8973,2.8983,2.8923,2.8953,2.9023,2.9033,2.8973,2.9003,55
2026-07-10 15:31:00,2.8963,2.8993,2.8963,2.8963,2.9013,2.9043,2.9013,2.9013,35
2026-07-10 15:32:00,2.8953,2.8993,2.8953,2.8978,2.9003,2.9043,2.9003,2.9028,30
2026-07-10 15:33:00,2.8983,2.9013,2.8973,2.9003,2.9033,2.9063,2.9023,2.9053,28
2026-07-10 15:34:00,2.9013,2.9038,2.8993,2.9008,2.9063,2.9088,2.9043,2.9058,31
2026-07-10 15:35:00,2.9013,2.9033,2.8983,2.8993,2.9063,2.9083,2.9033,2.9043,37
2026-07-10 15:36:00,2.8988,2.9003,2.8943,2.8963,2.9038,2.9053,2.8993,2.9013,50
2026-07-10 15:37:00,2.8973,2.8983,2.8928,2.8963,2.9023,2.9033,2.8978,2.9013,53
2026-07-10 15:38:00,2.8973,2.8973,2.8873,2.8873,2.9023,2.9023,2.8923,2.8923,99
2026-07-10 15:39:00,2.8883,2.8933,2.8863,2.8923,2.8933,2.8983,2.8913,2.8973,55
2026-07-10 15:40:00,2.8913,2.8923,2.8903,2.8903,2.8963,2.8973,2.8953,2.8953,24
2026-07-10 15:41:00,2.8893,2.8903,2.8853,2.8863,2.8943,2.8953,2.8903,2.8913,34
2026-07-10 15:42:00,2.8853,2.8873,2.8843,2.8863,2.8903,2.8923,2.8893,2.8913,38
2026-07-10 15:43:00,2.8853,2.8863,2.8833,2.8843,2.8903,2.8913,2.8883,2.8893,33
2026-07-10 15:44:00,2.8833,2.8853,2.8813,2.8813,2.8883,2.8903,2.8863,2.8863,34
2026-07-10 15:45:00,2.8823,2.8843,2.8793,2.8828,2.8873,2.8893,2.8843,2.8878,47
2026-07-10 15:46:00,2.8833,2.8863,2.8823,2.8833,2.8883,2.8913,2.8873,2.8883,25
2026-07-10 15:47:00,2.8828,2.8833,2.8813,2.8818,2.8878,2.8883,2.8863,2.8868,12
2026-07-10 15:48:00,2.8813,2.8843,2.8803,2.8833,2.8863,2.8893,2.8853,2.8883,36
2026-07-10 15:49:00,2.8823,2.8853,2.8823,2.8843,2.8873,2.8903,2.8873,2.8893,25
2026-07-10 15:50:00,2.8838,2.8843,2.8753,2.8763,2.8888,2.8893,2.8803,2.8813,36
2026-07-10 15:51:00,2.8753,2.8753,2.8643,2.8653,2.8803,2.8803,2.8693,2.8703,38
2026-07-10 15:52:00,2.8643,2.8673,2.8643,2.8643,2.8693,2.8723,2.8693,2.8693,57
2026-07-10 15:53:00,2.8653,2.8673,2.8643,2.8663,2.8703,2.8723,2.8693,2.8713,60
2026-07-10 15:54:00,2.8653,2.8683,2.8633,2.8683,2.8703,2.8733,2.8683,2.8733,66
2026-07-10 15:55:00,2.8673,2.8683,2.8613,2.8613,2.8723,2.8733,2.8663,2.8663,52
2026-07-10 15:56:00,2.8603,2.8623,2.8593,2.8613,2.8653,2.8673,2.8643,2.8663,61
2026-07-10 15:57:00,2.8623,2.8633,2.8543,2.8563,2.8673,2.8683,2.8593,2.8613,46
2026-07-10 15:58:00,2.8573,2.8613,2.8573,2.8593,2.8623,2.8663,2.8623,2.8643,65
2026-07-10 15:59:00,2.8598,2.8633,2.8518,2.8523,2.8648,2.8683,2.8568,2.8573,122
2026-07-10 16:00:00,2.8518,2.8533,2.8478,2.8483,2.8568,2.8583,2.8528,2.8533,170
2026-07-10 16:01:00,2.8493,2.8533,2.8483,2.8523,2.8543,2.8583,2.8533,2.8573,64
2026-07-10 16:02:00,2.8533,2.8553,2.8523,2.8533,2.8603,2.8603,2.8583,2.8583,76
2026-07-10 16:03:00,2.8533,2.8543,2.8513,2.8543,2.8583,2.8593,2.8563,2.8593,108
2026-07-10 16:04:00,2.8553,2.8573,2.8503,2.8508,2.8603,2.8623,2.8553,2.8558,98
2026-07-10 16:05:00,2.8503,2.8513,2.8453,2.8468,2.8553,2.8563,2.8503,2.8518,132
2026-07-10 16:06:00,2.8473,2.8483,2.8433,2.8438,2.8523,2.8533,2.8483,2.8488,40
2026-07-10 16:07:00,2.8433,2.8493,2.8433,2.8463,2.8483,2.8543,2.8483,2.8513,64
2026-07-10 16:08:00,2.8473,2.8583,2.8463,2.8573,2.8523,2.8633,2.8513,2.8623,74
2026-07-10 16:09:00,2.8583,2.8593,2.8553,2.8573,2.8633,2.8643,2.8603,2.8623,49
2026-07-10 16:10:00,2.8563,2.8603,2.8563,2.8593,2.8613,2.8653,2.8613,2.8643,34
2026-07-10 16:11:00,2.8583,2.8613,2.8513,2.8518,2.8633,2.8663,2.8563,2.8568,46
2026-07-10 16:12:00,2.8513,2.8523,2.8493,2.8503,2.8563,2.8573,2.8543,2.8553,41
2026-07-10 16:13:00,2.8493,2.8523,2.8493,2.8513,2.8543,2.8573,2.8543,2.8563,25
2026-07-10 16:14:00,2.8503,2.8533,2.8483,2.8513,2.8553,2.8583,2.8533,2.8563,38
2026-07-10 16:15:00,2.8503,2.8533,2.8503,2.8523,2.8553,2.8583,2.8553,2.8573,21
2026-07-10 16:16:00,2.8533,2.8553,2.8513,2.8533,2.8583,2.8603,2.8563,2.8583,26
2026-07-10 16:17:00,2.8523,2.8533,2.8513,2.8513,2.8573,2.8583,2.8563,2.8563,46
2026-07-10 16:18:00,2.8523,2.8543,2.8513,2.8513,2.8573,2.8593,2.8563,2.8563,56
2026-07-10 16:19:00,2.8503,2.8543,2.8473,2.8503,2.8553,2.8593,2.8523,2.8553,60
2026-07-10 16:20:00,2.8493,2.8533,2.8473,2.8523,2.8543,2.8583,2.8523,2.8573,78
2026-07-10 16:21:00,2.8513,2.8523,2.8483,2.8513,2.8563,2.8573,2.8533,2.8563,86
2026-07-10 16:22:00,2.8523,2.8533,2.8483,2.8513,2.8573,2.8583,2.8533,2.8563,50
2026-07-10 16:23:00,2.8503,2.8513,2.8473,2.8483,2.8553,2.8563,2.8523,2.8533,66
2026-07-10 16:24:00,2.8493,2.8493,2.8453,2.8453,2.8543,2.8543,2.8503,2.8503,51
2026-07-10 16:25:00,2.8443,2.8443,2.8393,2.8413,2.8493,2.8493,2.8443,2.8463,47
2026-07-10 16:26:00,2.8423,2.8463,2.8423,2.8443,2.8473,2.8513,2.8473,2.8493,41
2026-07-10 16:27:00,2.8433,2.8533,2.8433,2.8523,2.8483,2.8583,2.8483,2.8573,70
2026-07-10 16:28:00,2.8513,2.8513,2.8483,2.8503,2.8563,2.8563,2.8533,2.8553,22
2026-07-10 16:29:00,2.8493,2.8573,2.8483,2.8553,2.8543,2.8623,2.8533,2.8603,45
2026-07-10 16:30:00,2.8543,2.8563,2.8483,2.8513,2.8593,2.8613,2.8533,2.8563,74
2026-07-10 16:31:00,2.8503,2.8553,2.8503,2.8553,2.8553,2.8603,2.8553,2.8603,30
2026-07-10 16:32:00,2.8563,2.8693,2.8533,2.8688,2.8613,2.8743,2.8583,2.8738,135
2026-07-10 16:33:00,2.8683,2.8683,2.8568,2.8583,2.8733,2.8733,2.8618,2.8633,119
2026-07-10 16:34:00,2.8573,2.8613,2.8573,2.8593,2.8623,2.8663,2.8623,2.8643,67
2026-07-10 16:35:00,2.8583,2.8593,2.8483,2.8513,2.8633,2.8643,2.8533,2.8563,32
2026-07-10 16:36:00,2.8523,2.8543,2.8513,2.8533,2.8573,2.8593,2.8563,2.8583,40
2026-07-10 16:37:00,2.8528,2.8543,2.8523,2.8523,2.8578,2.8593,2.8573,2.8573,47
2026-07-10 16:38:00,2.8528,2.8533,2.8513,2.8523,2.8578,2.8583,2.8563,2.8573,25
2026-07-10 16:39:00,2.8513,2.8553,2.8513,2.8533,2.8563,2.8603,2.8563,2.8583,19
2026-07-10 16:40:00,2.8543,2.8543,2.8523,2.8533,2.8593,2.8593,2.8573,2.8583,33
2026-07-10 16:41:00,2.8543,2.8563,2.8543,2.8543,2.8593,2.8613,2.8593,2.8593,26
2026-07-10 16:42:00,2.8548,2.8553,2.8523,2.8533,2.8598,2.8603,2.8573,2.8583,16
2026-07-10 16:43:00,2.8543,2.8563,2.8513,2.8553,2.8593,2.8613,2.8563,2.8603,24
2026-07-10 16:44:00,2.8563,2.8593,2.8533,2.8593,2.8613,2.8643,2.8583,2.8643,31
2026-07-10 16:45:00,2.8583,2.8603,2.8543,2.8583,2.8633,2.8653,2.8593,2.8633,39
2026-07-10 16:46:00,2.8588,2.8623,2.8573,2.8588,2.8638,2.8673,2.8623,2.8638,45
2026-07-10 16:47:00,2.8583,2.8583,2.8533,2.8563,2.8633,2.8633,2.8583,2.8613,52
2026-07-10 16:48:00,2.8553,2.8583,2.8553,2.8583,2.8603,2.8633,2.8603,2.8633,17
2026-07-10 16:49:00,2.8593,2.8613,2.8583,2.8583,2.8643,2.8663,2.8633,2.8633,19
2026-07-10 16:50:00,2.8593,2.8613,2.8573,2.8583,2.8643,2.8663,2.8623,2.8633,24
2026-07-10 16:51:00,2.8593,2.8593,2.8563,2.8573,2.8643,2.8643,2.8613,2.8623,21
2026-07-10 16:52:00,2.8563,2.8593,2.8553,2.8563,2.8613,2.8643,2.8603,2.8613,42
2026-07-10 16:53:00,2.8573,2.8608,2.8573,2.8603,2.8623,2.8658,2.8623,2.8653,12
2026-07-10 16:54:00,2.8613,2.8643,2.8603,2.8633,2.8663,2.8693,2.8653,2.8683,49
2026-07-10 16:55:00,2.8643,2.8643,2.8593,2.8603,2.8693,2.8693,2.8643,2.8653,11
2026-07-10 16:56:00,2.8593,2.8603,2.8583,2.8603,2.8643,2.8653,2.8633,2.8653,29
2026-07-10 16:57:00,2.8613,2.8663,2.8613,2.8653,2.8663,2.8713,2.8663,2.8703,40
2026-07-10 16:58:00,2.8643,2.8643,2.8603,2.8603,2.8693,2.8693,2.8653,2.8653,21
2026-07-10 16:59:00,2.8613,2.8623,2.8593,2.8613,2.8663,2.8673,2.8643,2.8663,22
2026-07-10 17:00:00,2.8603,2.8633,2.8603,2.8633,2.8653,2.8683,2.8653,2.8683,15
2026-07-10 17:01:00,2.8628,2.8653,2.8623,2.8623,2.8678,2.8703,2.8673,2.8673,27
2026-07-10 17:02:00,2.8613,2.8643,2.8613,2.8623,2.8663,2.8693,2.8663,2.8673,15
2026-07-10 17:03:00,2.8633,2.8633,2.8603,2.8613,2.8683,2.8683,2.8653,2.8663,24
2026-07-10 17:04:00,2.8603,2.8653,2.8603,2.8648,2.8653,2.8703,2.8653,2.8698,33
2026-07-10 17:05:00,2.8653,2.8693,2.8643,2.8658,2.8703,2.8743,2.8693,2.8708,25
2026-07-10 17:06:00,2.8663,2.8683,2.8653,2.8663,2.8713,2.8733,2.8703,2.8713,16
2026-07-10 17:07:00,2.8653,2.8693,2.8633,2.8673,2.8703,2.8743,2.8683,2.8723,22
2026-07-10 17:08:00,2.8683,2.8738,2.8653,2.8653,2.8733,2.8788,2.8703,2.8703,44
2026-07-10 17:09:00,2.8663,2.8673,2.8633,2.8643,2.8713,2.8723,2.8683,2.8693,23
2026-07-10 17:10:00,2.8653,2.8653,2.8603,2.8603,2.8703,2.8703,2.8653,2.8653,34
2026-07-10 17:11:00,2.8593,2.8613,2.8593,2.8603,2.8643,2.8663,2.8643,2.8653,32
2026-07-10 17:12:00,2.8613,2.8613,2.8593,2.8598,2.8663,2.8663,2.8643,2.8648,24
2026-07-10 17:13:00,2.8603,2.8613,2.8593,2.8613,2.8653,2.8663,2.8643,2.8663,8
2026-07-10 17:14:00,2.8623,2.8633,2.8593,2.8603,2.8673,2.8683,2.8643,2.8653,20
2026-07-10 17:15:00,2.8593,2.8603,2.8563,2.8593,2.8643,2.8653,2.8613,2.8643,50
2026-07-10 17:16:00,2.8603,2.8613,2.8573,2.8573,2.8653,2.8663,2.8623,2.8623,25
2026-07-10 17:17:00,2.8583,2.8583,2.8563,2.8563,2.8633,2.8633,2.8613,2.8613,13
2026-07-10 17:18:00,2.8568,2.8583,2.8543,2.8583,2.8618,2.8633,2.8593,2.8633,38
2026-07-10 17:19:00,2.8573,2.8623,2.8573,2.8613,2.8623,2.8673,2.8623,2.8663,30
2026-07-10 17:20:00,2.8623,2.8683,2.8603,2.8683,2.8673,2.8733,2.8653,2.8733,29
2026-07-10 17:21:00,2.8673,2.8703,2.8653,2.8668,2.8723,2.8753,2.8703,2.8718,51
2026-07-10 17:22:00,2.8663,2.8713,2.8663,2.8713,2.8713,2.8763,2.8713,2.8763,14
2026-07-10 17:23:00,2.8703,2.8723,2.8693,2.8713,2.8753,2.8773,2.8743,2.8763,39
2026-07-10 17:24:00,2.8723,2.8763,2.8708,2.8753,2.8773,2.8813,2.8758,2.8803,39
2026-07-10 17:25:00,2.8743,2.8753,2.8663,2.8673,2.8793,2.8803,2.8713,2.8723,51
2026-07-10 17:26:00,2.8678,2.8683,2.8648,2.8648,2.8728,2.8733,2.8698,2.8698,24
2026-07-10 17:27:00,2.8653,2.8673,2.8633,2.8668,2.8703,2.8723,2.8683,2.8718,40
2026-07-10 17:28:00,2.8673,2.8703,2.8663,2.8683,2.8723,2.8753,2.8713,2.8733,27
2026-07-10 17:29:00,2.8673,2.8673,2.8653,2.8663,2.8723,2.8723,2.8703,2.8713,30
2026-07-10 17:30:00,2.8653,2.8693,2.8653,2.8693,2.8703,2.8743,2.8703,2.8743,42
2026-07-10 17:31:00,2.8683,2.8693,2.8643,2.8653,2.8733,2.8743,2.8693,2.8703,29
2026-07-10 17:32:00,2.8648,2.8648,2.8618,2.8618,2.8698,2.8698,2.8668,2.8668,24
2026-07-10 17:33:00,2.8623,2.8623,2.8583,2.8593,2.8673,2.8673,2.8633,2.8643,20
2026-07-10 17:34:00,2.8583,2.8593,2.8573,2.8573,2.8633,2.8643,2.8623,2.8623,24
2026-07-10 17:35:00,2.8578,2.8578,2.8503,2.8513,2.8628,2.8628,2.8553,2.8563,38
2026-07-10 17:36:00,2.8523,2.8533,2.8513,2.8523,2.8573,2.8583,2.8563,2.8573,16
2026-07-10 17:37:00,2.8513,2.8523,2.8503,2.8503,2.8563,2.8573,2.8553,2.8553,14
2026-07-10 17:38:00,2.8513,2.8533,2.8513,2.8523,2.8563,2.8583,2.8563,2.8573,16
2026-07-10 17:39:00,2.8533,2.8533,2.8523,2.8533,2.8583,2.8583,2.8573,2.8583,9
2026-07-10 17:40:00,2.8523,2.8563,2.8523,2.8563,2.8573,2.8613,2.8573,2.8613,11
2026-07-10 17:41:00,2.8553,2.8573,2.8553,2.8563,2.8603,2.8623,2.8603,2.8613,18
2026-07-10 17:42:00,2.8553,2.8553,2.8533,2.8543,2.8603,2.8603,2.8583,2.8593,18
2026-07-10 17:43:00,2.8533,2.8573,2.8533,2.8563,2.8583,2.8623,2.8583,2.8613,20
2026-07-10 17:44:00,2.8573,2.8593,2.8553,2.8583,2.8623,2.8643,2.8603,2.8633,28
2026-07-10 17:45:00,2.8593,2.8603,2.8553,2.8553,2.8643,2.8653,2.8603,2.8603,8
2026-07-10 17:46:00,2.8563,2.8563,2.8533,2.8543,2.8613,2.8613,2.8583,2.8593,10
2026-07-10 17:47:00,2.8533,2.8533,2.8523,2.8523,2.8583,2.8583,2.8573,2.8573,5
2026-07-10 17:48:00,2.8513,2.8513,2.8503,2.8513,2.8563,2.8563,2.8553,2.8563,11
2026-07-10 17:49:00,2.8523,2.8523,2.8523,2.8523,2.8573,2.8573,2.8573,2.8573,1
2026-07-10 17:50:00,2.8513,2.8543,2.8513,2.8533,2.8563,2.8593,2.8563,2.8583,22
2026-07-10 17:51:00,2.8523,2.8533,2.8513,2.8513,2.8573,2.8583,2.8563,2.8563,22
2026-07-10 17:52:00,2.8523,2.8523,2.8513,2.8513,2.8573,2.8573,2.8563,2.8563,2
2026-07-10 17:53:00,2.8503,2.8573,2.8503,2.8553,2.8553,2.8623,2.8553,2.8603,43
2026-07-10 17:54:00,2.8543,2.8633,2.8543,2.8623,2.8593,2.8683,2.8593,2.8673,48
2026-07-10 17:55:00,2.8613,2.8683,2.8603,2.8643,2.8663,2.8733,2.8653,2.8693,57
2026-07-10 17:56:00,2.8653,2.8653,2.8613,2.8623,2.8703,2.8703,2.8663,2.8673,16
2026-07-10 17:57:00,2.8613,2.8643,2.8613,2.8633,2.8663,2.8693,2.8663,2.8683,28
2026-07-10 17:58:00,2.8623,2.8658,2.8623,2.8653,2.8673,2.8708,2.8673,2.8703,8
2026-07-10 17:59:00,2.8658,2.8713,2.8658,2.8713,2.8708,2.8763,2.8708,2.8763,45
2026-07-10 18:00:00,2.8703,2.8733,2.8693,2.8703,2.8753,2.8783,2.8743,2.8753,31
2026-07-10 18:01:00,2.8713,2.8723,2.8693,2.8693,2.8763,2.8773,2.8743,2.8743,12
2026-07-10 18:02:00,2.8683,2.8693,2.8673,2.8693,2.8733,2.8743,2.8723,2.8743,12
2026-07-10 18:03:00,2.8683,2.8703,2.8663,2.8703,2.8733,2.8753,2.8713,2.8753,16
2026-07-10 18:04:00,2.8713,2.8773,2.8703,2.8773,2.8763,2.8823,2.8753,2.8823,28
2026-07-10 18:05:00,2.8763,2.8803,2.8733,2.8783,2.8813,2.8853,2.8783,2.8833,33
2026-07-10 18:06:00,2.8778,2.8783,2.8718,2.8723,2.8828,2.8833,2.8768,2.8773,30
2026-07-10 18:07:00,2.8713,2.8743,2.8713,2.8733,2.8763,2.8793,2.8763,2.8783,12
2026-07-10 18:08:00,2.8723,2.8743,2.8723,2.8733,2.8773,2.8793,2.8773,2.8783,6
2026-07-10 18:09:00,2.8743,2.8773,2.8733,2.8753,2.8793,2.8823,2.8783,2.8803,32
2026-07-10 18:10:00,2.8748,2.8753,2.8733,2.8733,2.8798,2.8803,2.8783,2.8783,18
2026-07-10 18:11:00,2.8723,2.8763,2.8713,2.8743,2.8773,2.8813,2.8763,2.8793,31
2026-07-10 18:12:00,2.8753,2.8763,2.8733,2.8733,2.8803,2.8813,2.8783,2.8783,14
2026-07-10 18:13:00,2.8728,2.8733,2.8723,2.8728,2.8778,2.8783,2.8773,2.8778,12
2026-07-10 18:14:00,2.8723,2.8733,2.8723,2.8733,2.8773,2.8783,2.8773,2.8783,6
2026-07-10 18:15:00,2.8723,2.8763,2.8713,2.8743,2.8773,2.8813,2.8763,2.8793,17
2026-07-10 18:16:00,2.8738,2.8753,2.8733,2.8733,2.8788,2.8803,2.8783,2.8783,7
2026-07-10 18:17:00,2.8743,2.8743,2.8723,2.8723,2.8793,2.8793,2.8773,2.8773,7
2026-07-10 18:18:00,2.8713,2.8753,2.8713,2.8733,2.8763,2.8803,2.8763,2.8783,9
2026-07-10 18:19:00,2.8728,2.8743,2.8723,2.8743,2.8778,2.8793,2.8773,2.8793,8
2026-07-10 18:20:00,2.8733,2.8743,2.8733,2.8733,2.8783,2.8793,2.8783,2.8783,15
2026-07-10 18:21:00,2.8723,2.8763,2.8723,2.8753,2.8773,2.8813,2.8773,2.8803,9
2026-07-10 18:22:00,2.8763,2.8813,2.8763,2.8793,2.8813,2.8863,2.8813,2.8843,41
2026-07-10 18:23:00,2.8783,2.8783,2.8753,2.8773,2.8833,2.8833,2.8803,2.8823,6
2026-07-10 18:24:00,2.8763,2.8763,2.8733,2.8733,2.8813,2.8813,2.8783,2.8783,19
2026-07-10 18:25:00,2.8743,2.8753,2.8733,2.8753,2.8793,2.8803,2.8783,2.8803,8
2026-07-10 18:26:00,2.8763,2.8763,2.8733,2.8733,2.8813,2.8813,2.8783,2.8783,7
2026-07-10 18:27:00,2.8723,2.8743,2.8723,2.8723,2.8773,2.8793,2.8773,2.8773,15
2026-07-10 18:28:00,2.8733,2.8743,2.8703,2.8733,2.8783,2.8793,2.8753,2.8783,35
2026-07-10 18:29:00,2.8728,2.8793,2.8728,2.8783,2.8778,2.8843,2.8778,2.8833,19
2026-07-10 18:30:00,2.8793,2.8823,2.8793,2.8803,2.8843,2.8873,2.8843,2.8853,29
2026-07-10 18:31:00,2.8813,2.8853,2.8813,2.8833,2.8863,2.8903,2.8863,2.8883,43
2026-07-10 18:32:00,2.8823,2.8833,2.8803,2.8818,2.8873,2.8883,2.8853,2.8868,29
2026-07-10 18:33:00,2.8823,2.8823,2.8763,2.8783,2.8873,2.8873,2.8813,2.8833,27
2026-07-10 18:34:00,2.8773,2.8823,2.8773,2.8793,2.8823,2.8873,2.8823,2.8843,28
2026-07-10 18:35:00,2.8788,2.8803,2.8783,2.8793,2.8838,2.8853,2.8833,2.8843,17
2026-07-10 18:36:00,2.8788,2.8813,2.8783,2.8813,2.8838,2.8863,2.8833,2.8863,25
2026-07-10 18:37:00,2.8823,2.8833,2.8823,2.8828,2.8873,2.8883,2.8873,2.8878,19
2026-07-10 18:38:00,2.8823,2.8833,2.8803,2.8813,2.8873,2.8883,2.8853,2.8863,15
2026-07-10 18:39:00,2.8823,2.8833,2.8803,2.8833,2.8873,2.8883,2.8853,2.8883,15
2026-07-10 18:40:00,2.8823,2.8833,2.8813,2.8823,2.8873,2.8883,2.8863,2.8873,11
2026-07-10 18:41:00,2.8813,2.8853,2.8808,2.8853,2.8863,2.8903,2.8858,2.8903,26
2026-07-10 18:42:00,2.8843,2.8853,2.8833,2.8843,2.8893,2.8903,2.8883,2.8893,17
2026-07-10 18:43:00,2.8833,2.8853,2.8833,2.8853,2.8883,2.8903,2.8883,2.8903,45
2026-07-10 18:44:00,2.8848,2.8863,2.8843,2.8863,2.8898,2.8913,2.8893,2.8913,33
2026-07-10 18:45:00,2.8853,2.8883,2.8843,2.8853,2.8903,2.8933,2.8893,2.8903,24
2026-07-10 18:46:00,2.8843,2.8873,2.8843,2.8873,2.8893,2.8923,2.8893,2.8923,17
2026-07-10 18:47:00,2.8863,2.8943,2.8853,2.8933,2.8913,2.8993,2.8903,2.8983,55
2026-07-10 18:48:00,2.8923,2.8933,2.8883,2.8908,2.8973,2.8983,2.8933,2.8958,48
2026-07-10 18:49:00,2.8913,2.8923,2.8893,2.8913,2.8963,2.8973,2.8943,2.8963,13
2026-07-10 18:50:00,2.8923,2.8933,2.8913,2.8933,2.8973,2.8983,2.8963,2.8983,28
2026-07-10 18:51:00,2.8943,2.8953,2.8928,2.8928,2.8993,2.9003,2.8978,2.8978,21
2026-07-10 18:52:00,2.8933,2.8953,2.8933,2.8943,2.8983,2.9003,2.8983,2.8993,14
2026-07-10 18:53:00,2.8938,2.8973,2.8933,2.8973,2.8988,2.9023,2.8983,2.9023,17
2026-07-10 18:54:00,2.8983,2.8983,2.8953,2.8953,2.9033,2.9033,2.9003,2.9003,16
2026-07-10 18:55:00,2.8963,2.8983,2.8963,2.8973,2.9013,2.9033,2.9013,2.9023,20
2026-07-10 18:56:00,2.8983,2.8983,2.8933,2.8953,2.9033,2.9033,2.8983,2.9003,31
2026-07-10 18:57:00,2.8943,2.8943,2.8883,2.8903,2.8993,2.8993,2.8933,2.8953,23
2026-07-10 18:58:00,2.8913,2.8913,2.8883,2.8883,2.8963,2.8963,2.8933,2.8933,20
2026-07-10 18:59:00,2.8893,2.8903,2.8853,2.8853,2.8943,2.8953,2.8903,2.8903,33
2026-07-10 19:00:00,2.8863,2.8903,2.8833,2.8893,2.8913,2.8953,2.8883,2.8943,34
2026-07-10 19:01:00,2.8903,2.8913,2.8883,2.8893,2.8953,2.8963,2.8933,2.8943,11
2026-07-10 19:02:00,2.8903,2.8933,2.8873,2.8923,2.8953,2.8983,2.8923,2.8973,31
2026-07-10 19:03:00,2.8913,2.8913,2.8873,2.8883,2.8963,2.8963,2.8923,2.8933,18
2026-07-10 19:04:00,2.8873,2.8893,2.8863,2.8873,2.8923,2.8943,2.8913,2.8923,26
2026-07-10 19:05:00,2.8883,2.8913,2.8883,2.8903,2.8933,2.8963,2.8933,2.8953,23
2026-07-10 19:06:00,2.8893,2.8943,2.8893,2.8923,2.8943,2.8993,2.8943,2.8973,25
2026-07-10 19:07:00,2.8913,2.8923,2.8913,2.8913,2.8963,2.8973,2.8963,2.8963,26
2026-07-10 19:08:00,2.8908,2.8938,2.8903,2.8933,2.8958,2.8988,2.8953,2.8983,13
2026-07-10 19:09:00,2.8943,2.8983,2.8943,2.8973,2.8993,2.9033,2.8993,2.9023,30
2026-07-10 19:10:00,2.8968,2.8983,2.8953,2.8963,2.9018,2.9033,2.9003,2.9013,25
2026-07-10 19:11:00,2.8973,2.9003,2.8963,2.8978,2.9023,2.9053,2.9013,2.9028,32
2026-07-10 19:12:00,2.8973,2.9023,2.8973,2.9023,2.9023,2.9073,2.9023,2.9073,14
2026-07-10 19:13:00,2.9013,2.9018,2.9003,2.9013,2.9063,2.9068,2.9053,2.9063,28
2026-07-10 19:14:00,2.9003,2.9003,2.8993,2.8993,2.9053,2.9053,2.9043,2.9043,4
2026-07-10 19:15:00,2.8983,2.8983,2.8973,2.8983,2.9033,2.9033,2.9023,2.9033,4
2026-07-10 19:16:00,2.8993,2.9003,2.8963,2.8993,2.9043,2.9053,2.9013,2.9043,24
2026-07-10 19:17:00,2.9003,2.9013,2.8993,2.9013,2.9053,2.9063,2.9043,2.9063,6
2026-07-10 19:18:00,2.9008,2.9008,2.8983,2.8983,2.9058,2.9058,2.9033,2.9033,8
2026-07-10 19:19:00,2.8973,2.9003,2.8973,2.8993,2.9023,2.9053,2.9023,2.9043,20
2026-07-10 19:20:00,2.9003,2.9003,2.8973,2.8983,2.9053,2.9053,2.9023,2.9033,12
2026-07-10 19:21:00,2.8988,2.9013,2.8988,2.9013,2.9038,2.9063,2.9038,2.9063,14
2026-07-10 19:22:00,2.9003,2.9013,2.8983,2.9008,2.9053,2.9063,2.9033,2.9058,21
2026-07-10 19:23:00,2.9003,2.9023,2.8953,2.8973,2.9053,2.9073,2.9003,2.9023,21
2026-07-10 19:24:00,2.8983,2.8993,2.8973,2.8983,2.9033,2.9043,2.9023,2.9033,9
2026-07-10 19:25:00,2.8988,2.9003,2.8983,2.8993,2.9038,2.9053,2.9033,2.9043,14
2026-07-10 19:26:00,2.8998,2.9013,2.8993,2.8993,2.9048,2.9063,2.9043,2.9043,13
2026-07-10 19:27:00,2.9003,2.9003,2.8983,2.8983,2.9053,2.9053,2.9033,2.9033,4
2026-07-10 19:28:00,2.8993,2.9003,2.8973,2.8973,2.9043,2.9053,2.9023,2.9023,14
2026-07-10 19:30:00,2.8963,2.8983,2.8943,2.8953,2.9013,2.9033,2.8993,2.9003,27
2026-07-10 19:31:00,2.8943,2.8963,2.8943,2.8953,2.8993,2.9013,2.8993,2.9003,6
2026-07-10 19:32:00,2.8963,2.8963,2.8933,2.8943,2.9013,2.9013,2.8983,2.8993,12
2026-07-10 19:33:00,2.8953,2.8963,2.8933,2.8943,2.9003,2.9013,2.8983,2.8993,19
2026-07-10 19:34:00,2.8933,2.8953,2.8923,2.8953,2.8983,2.9003,2.8973,2.9003,29
2026-07-10 19:35:00,2.8963,2.8963,2.8943,2.8953,2.9013,2.9013,2.8993,2.9003,14
2026-07-10 19:36:00,2.8943,2.8973,2.8943,2.8963,2.8993,2.9023,2.8993,2.9013,12
2026-07-10 19:37:00,2.8973,2.8993,2.8963,2.8983,2.9023,2.9043,2.9013,2.9033,26
2026-07-10 19:38:00,2.8973,2.9003,2.8963,2.8993,2.9023,2.9053,2.9013,2.9043,20
2026-07-10 19:39:00,2.8988,2.8988,2.8983,2.8983,2.9038,2.9038,2.9033,2.9033,2
2026-07-10 19:40:00,2.8993,2.8993,2.8933,2.8943,2.9043,2.9043,2.8983,2.8993,28
2026-07-10 19:41:00,2.8953,2.8963,2.8943,2.8963,2.9003,2.9013,2.8993,2.9013,5
2026-07-10 19:42:00,2.8953,2.8963,2.8943,2.8963,2.9003,2.9013,2.8993,2.9013,4
2026-07-10 19:43:00,2.8973,2.8983,2.8953,2.8973,2.9023,2.9033,2.9003,2.9023,9
2026-07-10 19:44:00,2.8983,2.9003,2.8973,2.8983,2.9033,2.9053,2.9023,2.9033,16
2026-07-10 19:45:00,2.8973,2.9003,2.8963,2.9003,2.9023,2.9053,2.9013,2.9053,22
2026-07-10 19:46:00,2.8993,2.9013,2.8978,2.8978,2.9043,2.9063,2.9028,2.9028,37
2026-07-10 19:47:00,2.8973,2.8973,2.8893,2.8893,2.9023,2.9023,2.8943,2.8943,37
2026-07-10 19:48:00,2.8903,2.8913,2.8863,2.8873,2.8953,2.8963,2.8913,2.8923,21
2026-07-10 19:49:00,2.8883,2.8893,2.8833,2.8843,2.8933,2.8943,2.8883,2.8893,31
2026-07-10 19:50:00,2.8838,2.8853,2.8813,2.8823,2.8888,2.8903,2.8863,2.8873,21
2026-07-10 19:51:00,2.8818,2.8823,2.8773,2.8773,2.8868,2.8873,2.8823,2.8823,27
2026-07-10 19:52:00,2.8783,2.8813,2.8773,2.8803,2.8833,2.8863,2.8823,2.8853,27
2026-07-10 19:53:00,2.8813,2.8813,2.8783,2.8803,2.8863,2.8863,2.8833,2.8853,28
2026-07-10 19:54:00,2.8813,2.8833,2.8813,2.8823,2.8863,2.8883,2.8863,2.8873,14
2026-07-10 19:55:00,2.8833,2.8863,2.8833,2.8853,2.8883,2.8913,2.8883,2.8903,31
2026-07-10 19:56:00,2.8863,2.8873,2.8858,2.8873,2.8913,2.8923,2.8908,2.8923,12
2026-07-10 19:57:00,2.8868,2.8883,2.8853,2.8863,2.8918,2.8933,2.8903,2.8913,21
2026-07-10 19:58:00,2.8853,2.8863,2.8843,2.8843,2.8903,2.8913,2.8893,2.8893,15
2026-07-10 19:59:00,2.8853,2.8873,2.8828,2.8873,2.8903,2.8923,2.8878,2.8923,47
2026-07-10 20:00:00,2.8883,2.8893,2.8863,2.8863,2.8933,2.8943,2.8913,2.8913,30
2026-07-10 20:01:00,2.8853,2.8903,2.8853,2.8873,2.8903,2.8953,2.8903,2.8923,46
2026-07-10 20:02:00,2.8878,2.8878,2.8853,2.8853,2.8928,2.8928,2.8903,2.8903,11
2026-07-10 20:03:00,2.8863,2.8883,2.8863,2.8883,2.8913,2.8933,2.8913,2.8933,17
2026-07-10 20:04:00,2.8873,2.8883,2.8853,2.8853,2.8923,2.8933,2.8903,2.8903,26
2026-07-10 20:05:00,2.8863,2.8863,2.8833,2.8833,2.8913,2.8913,2.8883,2.8883,14
2026-07-10 20:06:00,2.8823,2.8833,2.8768,2.8768,2.8873,2.8883,2.8818,2.8818,27
2026-07-10 20:07:00,2.8763,2.8763,2.8723,2.8743,2.8813,2.8813,2.8773,2.8793,47
2026-07-10 20:08:00,2.8748,2.8833,2.8728,2.8823,2.8798,2.8883,2.8778,2.8873,59
2026-07-10 20:09:00,2.8828,2.8873,2.8823,2.8853,2.8878,2.8923,2.8873,2.8903,37
2026-07-10 20:10:00,2.8858,2.8863,2.8838,2.8858,2.8908,2.8913,2.8888,2.8908,34
2026-07-10 20:11:00,2.8863,2.8873,2.8843,2.8853,2.8913,2.8923,2.8893,2.8903,19
2026-07-10 20:12:00,2.8863,2.8873,2.8838,2.8843,2.8913,2.8923,2.8888,2.8893,27
2026-07-10 20:13:00,2.8853,2.8863,2.8843,2.8853,2.8903,2.8913,2.8893,2.8903,16
2026-07-10 20:14:00,2.8858,2.8873,2.8843,2.8853,2.8908,2.8923,2.8893,2.8903,22
2026-07-10 20:15:00,2.8863,2.8883,2.8823,2.8823,2.8913,2.8933,2.8873,2.8873,35
2026-07-10 20:16:00,2.8838,2.8923,2.8833,2.8908,2.8888,2.8973,2.8883,2.8958,39
2026-07-10 20:17:00,2.8903,2.8903,2.8853,2.8873,2.8953,2.8953,2.8903,2.8923,17
2026-07-10 20:18:00,2.8878,2.8993,2.8878,2.8983,2.8928,2.9043,2.8928,2.9033,71
2026-07-10 20:19:00,2.8973,2.9013,2.8973,2.8988,2.9023,2.9063,2.9023,2.9038,61
2026-07-10 20:20:00,2.8993,2.8998,2.8943,2.8963,2.9043,2.9048,2.8993,2.9013,48
2026-07-10 20:21:00,2.8953,2.9053,2.8953,2.9023,2.9003,2.9103,2.9003,2.9073,69
2026-07-10 20:22:00,2.9013,2.9043,2.9003,2.9013,2.9063,2.9093,2.9053,2.9063,36
2026-07-10 20:23:00,2.9003,2.9013,2.8993,2.9003,2.9053,2.9063,2.9043,2.9053,7
2026-07-10 20:24:00,2.8993,2.9113,2.8993,2.9043,2.9043,2.9163,2.9043,2.9093,84
2026-07-10 20:25:00,2.9033,2.9033,2.9013,2.9023,2.9083,2.9083,2.9063,2.9073,36
2026-07-10 20:26:00,2.9013,2.9023,2.9003,2.9023,2.9063,2.9073,2.9053,2.9073,41
2026-07-10 20:27:00,2.9013,2.9033,2.9003,2.9018,2.9063,2.9083,2.9053,2.9068,56
2026-07-10 20:28:00,2.9023,2.9068,2.8993,2.9063,2.9073,2.9118,2.9043,2.9113,145
2026-07-10 20:29:00,2.9053,2.9093,2.9043,2.9083,2.9103,2.9143,2.9093,2.9133,149
2026-07-10 20:30:00,2.9093,2.9093,2.9033,2.9043,2.9143,2.9143,2.9083,2.9093,50
2026-07-10 20:31:00,2.9048,2.9143,2.9048,2.9123,2.9098,2.9193,2.9098,2.9173,73
2026-07-10 20:32:00,2.9113,2.9143,2.9103,2.9103,2.9163,2.9193,2.9153,2.9153,28
2026-07-10 20:33:00,2.9113,2.9113,2.9103,2.9103,2.9163,2.9163,2.9153,2.9153,2
2026-07-10 20:34:00,2.9113,2.9113,2.9093,2.9103,2.9163,2.9163,2.9143,2.9153,20
2026-07-10 20:35:00,2.9093,2.9113,2.9093,2.9103,2.9143,2.9163,2.9143,2.9153,18
2026-07-10 20:36:00,2.9108,2.9123,2.9103,2.9113,2.9158,2.9173,2.9153,2.9163,25
2026-07-10 20:37:00,2.9123,2.9123,2.9093,2.9113,2.9173,2.9173,2.9143,2.9163,10
2026-07-10 20:38:00,2.9123,2.9143,2.9113,2.9128,2.9173,2.9193,2.9163,2.9178,27
2026-07-10 20:39:00,2.9123,2.9133,2.9123,2.9123,2.9173,2.9183,2.9173,2.9173,10
2026-07-10 20:40:00,2.9113,2.9123,2.9093,2.9103,2.9163,2.9173,2.9143,2.9153,24
2026-07-10 20:41:00,2.9113,2.9123,2.9103,2.9103,2.9163,2.9173,2.9153,2.9153,15
2026-07-10 20:42:00,2.9113,2.9133,2.9108,2.9128,2.9163,2.9183,2.9158,2.9178,23
2026-07-10 20:43:00,2.9133,2.9133,2.9113,2.9118,2.9183,2.9183,2.9163,2.9168,16
2026-07-10 20:44:00,2.9113,2.9118,2.9073,2.9073,2.9163,2.9168,2.9123,2.9123,19
2026-07-10 20:45:00,2.9083,2.9083,2.9053,2.9053,2.9133,2.9133,2.9103,2.9103,15
2026-07-10 20:46:00,2.9048,2.9053,2.9043,2.9053,2.9098,2.9103,2.9093,2.9103,10
2026-07-10 20:47:00,2.9063,2.9063,2.9063,2.9063,2.9113,2.9113,2.9113,2.9113,1
2026-07-10 20:48:00,2.9053,2.9063,2.9053,2.9063,2.9103,2.9113,2.9103,2.9113,6
2026-07-10 20:49:00,2.9073,2.9083,2.9073,2.9073,2.9123,2.9133,2.9123,2.9123,6
2026-07-10 20:50:00,2.9078,2.9093,2.9078,2.9093,2.9128,2.9143,2.9128,2.9143,6
2026-07-10 20:51:00,2.9083,2.9093,2.9073,2.9073,2.9133,2.9143,2.9123,2.9123,9
2026-07-10 20:52:00,2.9063,2.9083,2.9063,2.9073,2.9113,2.9133,2.9113,2.9123,11
2026-07-10 20:53:00,2.9083,2.9083,2.9073,2.9073,2.9133,2.9133,2.9123,2.9123,5
2026-07-10 20:54:00,2.9078,2.9083,2.9073,2.9083,2.9128,2.9133,2.9123,2.9133,5
2026-07-10 20:55:00,2.9073,2.9093,2.9073,2.9093,2.9123,2.9143,2.9123,2.9143,9
2026-07-10 20:56:00,2.9083,2.9093,2.9073,2.9083,2.9133,2.9143,2.9123,2.9133,7
2026-07-10 20:58:00,2.9093,2.9093,2.9083,2.9093,2.9143,2.9143,2.9133,2.9143,3
2026-07-10 20:59:00,2.9083,2.9093,2.9083,2.9083,2.9133,2.9143,2.9133,2.9133,8
2026-07-10 21:00:00,2.9088,2.9088,2.9043,2.9043,2.9138,2.9138,2.9093,2.9093,15
2026-07-10 21:02:00,2.9053,2.9068,2.9053,2.9063,2.9103,2.9118,2.9103,2.9113,8
2026-07-10 21:03:00,2.9068,2.9073,2.9063,2.9073,2.9118,2.9123,2.9113,2.9123,9
2026-07-10 21:04:00,2.9063,2.9073,2.9063,2.9073,2.9113,2.9123,2.9113,2.9123,5
2026-07-10 21:05:00,2.9063,2.9063,2.9043,2.9043,2.9113,2.9113,2.9093,2.9093,7
2026-07-10 21:06:00,2.9053,2.9063,2.9053,2.9063,2.9103,2.9113,2.9103,2.9113,2
2026-07-10 21:07:00,2.9053,2.9053,2.9043,2.9043,2.9103,2.9103,2.9093,2.9093,2
2026-07-10 21:09:00,2.9053,2.9053,2.9043,2.9043,2.9103,2.9103,2.9093,2.9093,2
2026-07-10 21:10:00,2.9053,2.9053,2.9043,2.9043,2.9103,2.9103,2.9093,2.9093,6
2026-07-10 21:11:00,2.9053,2.9073,2.9053,2.9073,2.9103,2.9123,2.9103,2.9123,7
2026-07-10 21:13:00,2.9063,2.9083,2.9063,2.9073,2.9113,2.9133,2.9113,2.9123,7
2026-07-10 21:14:00,2.9063,2.9073,2.9063,2.9073,2.9113,2.9123,2.9113,2.9123,2
2026-07-10 21:15:00,2.9063,2.9073,2.9063,2.9073,2.9113,2.9123,2.9113,2.9123,4
2026-07-10 21:16:00,2.9068,2.9073,2.9033,2.9043,2.9118,2.9123,2.9083,2.9093,12
2026-07-10 21:17:00,2.9048,2.9048,2.9033,2.9043,2.9098,2.9098,2.9083,2.9093,4
2026-07-10 21:18:00,2.9033,2.9043,2.9033,2.9033,2.9083,2.9093,2.9083,2.9083,5
2026-07-10 21:19:00,2.9023,2.9053,2.9023,2.9053,2.9073,2.9103,2.9073,2.9103,12
2026-07-10 21:20:00,2.9063,2.9073,2.9063,2.9063,2.9113,2.9123,2.9113,2.9113,5
2026-07-10 21:21:00,2.9068,2.9073,2.9063,2.9063,2.9118,2.9123,2.9113,2.9113,3
2026-07-10 21:22:00,2.9053,2.9053,2.9043,2.9053,2.9103,2.9103,2.9093,2.9103,5
2026-07-10 21:23:00,2.9043,2.9043,2.9043,2.9043,2.9093,2.9093,2.9093,2.9093,1
2026-07-10 21:27:00,2.9033,2.9043,2.9033,2.9043,2.9083,2.9093,2.9083,2.9093,8
2026-07-10 21:28:00,2.9053,2.9053,2.9043,2.9043,2.9103,2.9103,2.9093,2.9093,4
2026-07-10 21:29:00,2.9048,2.9058,2.9048,2.9053,2.9098,2.9108,2.9098,2.9103,4
2026-07-10 21:30:00,2.9058,2.9083,2.9053,2.9073,2.9108,2.9133,2.9103,2.9123,19
2026-07-10 21:31:00,2.9063,2.9063,2.9063,2.9063,2.9113,2.9113,2.9113,2.9113,1
2026-07-10 21:32:00,2.9058,2.9073,2.9053,2.9063,2.9108,2.9123,2.9103,2.9113,11
2026-07-10 21:33:00,2.9058,2.9063,2.9053,2.9063,2.9108,2.9113,2.9103,2.9113,5
2026-07-10 21:34:00,2.9058,2.9063,2.9043,2.9053,2.9108,2.9113,2.9093,2.9103,5
2026-07-10 21:35:00,2.9063,2.9063,2.9063,2.9063,2.9113,2.9113,2.9113,2.9113,1
2026-07-10 21:36:00,2.9073,2.9083,2.9073,2.9083,2.9123,2.9133,2.9123,2.9133,2
2026-07-10 21:38:00,2.9073,2.9073,2.9073,2.9073,2.9123,2.9123,2.9123,2.9123,1
2026-07-10 21:39:00,2.9063,2.9083,2.9053,2.9073,2.9113,2.9133,2.9103,2.9123,11
2026-07-10 21:40:00,2.9068,2.9068,2.9043,2.9053,2.9118,2.9118,2.9093,2.9103,5
2026-07-10 21:41:00,2.9073,2.9083,2.9063,2.9083,2.9123,2.9133,2.9113,2.9133,6
2026-07-10 21:42:00,2.9073,2.9073,2.9073,2.9073,2.9123,2.9123,2.9123,2.9123,1
2026-07-10 21:43:00,2.9083,2.9083,2.9073,2.9073,2.9133,2.9133,2.9123,2.9123,5
2026-07-10 21:44:00,2.9083,2.9083,2.9078,2.9078,2.9133,2.9133,2.9128,2.9128,2
2026-07-10 21:45:00,2.9083,2.9083,2.9073,2.9083,2.9133,2.9133,2.9123,2.9133,3
2026-07-10 21:47:00,2.9073,2.9073,2.9073,2.9073,2.9123,2.9123,2.9123,2.9123,1
2026-07-10 21:48:00,2.9063,2.9073,2.9063,2.9073,2.9113,2.9123,2.9113,2.9123,2
2026-07-10 21:49:00,2.9068,2.9073,2.9068,2.9073,2.9118,2.9123,2.9118,2.9123,2
2026-07-10 21:50:00,2.9068,2.9073,2.9063,2.9073,2.9118,2.9123,2.9113,2.9123,7
2026-07-10 21:51:00,2.9083,2.9083,2.9083,2.9083,2.9133,2.9133,2.9133,2.9133,1
2026-07-10 21:52:00,2.9073,2.9083,2.9073,2.9073,2.9123,2.9133,2.9123,2.9123,6
2026-07-10 21:53:00,2.9063,2.9073,2.9063,2.9073,2.9113,2.9123,2.9113,2.9123,5
2026-07-10 21:54:00,2.9063,2.9083,2.9063,2.9083,2.9113,2.9133,2.9113,2.9133,4
2026-07-10 21:55:00,2.9093,2.9093,2.9083,2.9093,2.9143,2.9143,2.9133,2.9143,7
2026-07-10 21:56:00,2.9083,2.9093,2.9083,2.9083,2.9133,2.9143,2.9133,2.9133,3
2026-07-10 21:57:00,2.9073,2.9083,2.9073,2.9083,2.9123,2.9133,2.9123,2.9133,4
2026-07-10 21:58:00,2.9073,2.9083,2.9068,2.9073,2.9123,2.9133,2.9118,2.9123,10
2026-07-10 21:59:00,2.9083,2.9083,2.9083,2.9083,2.9133,2.9133,2.9133,2.9133,1
2026-07-10 22:00:00,2.9073,2.9073,2.9063,2.9063,2.9123,2.9123,2.9113,2.9113,2
2026-07-10 22:01:00,2.9073,2.9073,2.9053,2.9063,2.9123,2.9123,2.9103,2.9113,5
2026-07-10 22:02:00,2.9053,2.9053,2.9053,2.9053,2.9103,2.9103,2.9103,2.9103,1
2026-07-10 22:03:00,2.9043,2.9053,2.9043,2.9053,2.9093,2.9103,2.9093,2.9103,4
2026-07-10 22:04:00,2.9043,2.9043,2.9033,2.9043,2.9093,2.9093,2.9083,2.9093,4
2026-07-10 22:05:00,2.9053,2.9063,2.9053,2.9063,2.9103,2.9113,2.9103,2.9113,2
2026-07-10 22:06:00,2.9058,2.9063,2.9058,2.9063,2.9108,2.9113,2.9108,2.9113,2
2026-07-10 22:07:00,2.9068,2.9073,2.9068,2.9068,2.9118,2.9123,2.9118,2.9118,3
2026-07-10 22:08:00,2.9073,2.9073,2.9073,2.9073,2.9123,2.9123,2.9123,2.9123,1
2026-07-10 22:09:00,2.9063,2.9073,2.9063,2.9068,2.9113,2.9123,2.9113,2.9118,7
2026-07-10 22:10:00,2.9078,2.9093,2.9078,2.9083,2.9128,2.9143,2.9128,2.9133,5
2026-07-10 22:11:00,2.9073,2.9073,2.9043,2.9053,2.9123,2.9123,2.9093,2.9103,5
2026-07-10 22:12:00,2.9058,2.9063,2.9058,2.9063,2.9108,2.9113,2.9108,2.9113,2
2026-07-10 22:14:00,2.9058,2.9058,2.9053,2.9053,2.9108,2.9108,2.9103,2.9103,2
2026-07-10 22:15:00,2.9058,2.9063,2.9053,2.9063,2.9108,2.9113,2.9103,2.9113,5
2026-07-10 22:16:00,2.9058,2.9063,2.9043,2.9053,2.9108,2.9113,2.9093,2.9103,8
2026-07-10 22:17:00,2.9048,2.9048,2.9048,2.9048,2.9098,2.9098,2.9098,2.9098,1
2026-07-10 22:18:00,2.9043,2.9058,2.9043,2.9053,2.9093,2.9108,2.9093,2.9103,6
2026-07-10 22:21:00,2.9058,2.9058,2.9013,2.9018,2.9108,2.9108,2.9063,2.9068,12
2026-07-10 22:22:00,2.9013,2.9018,2.8993,2.9003,2.9063,2.9068,2.9043,2.9053,8
2026-07-10 22:23:00,2.9008,2.9013,2.9008,2.9013,2.9058,2.9063,2.9058,2.9063,2
2026-07-10 22:24:00,2.9003,2.9003,2.9003,2.9003,2.9053,2.9053,2.9053,2.9053,1
2026-07-10 22:25:00,2.8998,2.9003,2.8998,2.9003,2.9048,2.9053,2.9048,2.9053,2
2026-07-10 22:26:00,2.9013,2.9023,2.9013,2.9023,2.9063,2.9073,2.9063,2.9073,2
2026-07-10 22:27:00,2.9033,2.9033,2.9023,2.9023,2.9083,2.9083,2.9073,2.9073,2
2026-07-10 22:28:00,2.9033,2.9033,2.9033,2.9033,2.9083,2.9083,2.9083,2.9083,1
2026-07-10 22:29:00,2.9023,2.9023,2.9003,2.9008,2.9073,2.9073,2.9053,2.9058,7
2026-07-10 22:30:00,2.9013,2.9023,2.9003,2.9023,2.9063,2.9073,2.9053,2.9073,12
2026-07-10 22:31:00,2.9018,2.9018,2.9013,2.9013,2.9068,2.9068,2.9063,2.9063,2
2026-07-10 22:32:00,2.9018,2.9033,2.9018,2.9028,2.9068,2.9083,2.9068,2.9078,4
2026-07-10 22:33:00,2.9033,2.9033,2.9033,2.9033,2.9083,2.9083,2.9083,2.9083,1
2026-07-10 22:35:00,2.9043,2.9043,2.9033,2.9033,2.9093,2.9093,2.9083,2.9083,5
2026-07-10 22:36:00,2.9038,2.9038,2.9033,2.9033,2.9088,2.9088,2.9083,2.9083,2
2026-07-10 22:38:00,2.9023,2.9023,2.9023,2.9023,2.9073,2.9073,2.9073,2.9073,1
2026-07-10 22:39:00,2.9033,2.9033,2.9023,2.9023,2.9083,2.9083,2.9073,2.9073,3
2026-07-10 22:40:00,2.9018,2.9033,2.9018,2.9033,2.9068,2.9083,2.9068,2.9083,6
2026-07-10 22:42:00,2.9028,2.9033,2.9028,2.9033,2.9078,2.9083,2.9078,2.9083,2
2026-07-10 22:43:00,2.9043,2.9043,2.9033,2.9033,2.9093,2.9093,2.9083,2.9083,3
2026-07-10 22:44:00,2.9043,2.9043,2.9038,2.9038,2.9093,2.9093,2.9088,2.9088,4
2026-07-10 22:45:00,2.9033,2.9038,2.9033,2.9033,2.9083,2.9088,2.9083,2.9083,5
2026-07-10 22:46:00,2.9038,2.9043,2.9038,2.9043,2.9088,2.9093,2.9088,2.9093,2
2026-07-10 22:47:00,2.9048,2.9048,2.9048,2.9048,2.9098,2.9098,2.9098,2.9098,1
2026-07-10 22:48:00,2.9053,2.9058,2.9053,2.9058,2.9103,2.9108,2.9103,2.9108,2
2026-07-10 22:49:00,2.9053,2.9058,2.9053,2.9053,2.9103,2.9108,2.9103,2.9103,3
2026-07-10 22:50:00,2.9063,2.9063,2.9053,2.9058,2.9113,2.9113,2.9103,2.9108,7
2026-07-10 22:51:00,2.9053,2.9063,2.9053,2.9063,2.9103,2.9113,2.9103,2.9113,4
2026-07-10 22:52:00,2.9058,2.9063,2.9043,2.9053,2.9108,2.9113,2.9093,2.9103,7
2026-07-10 22:53:00,2.9058,2.9083,2.9058,2.9073,2.9108,2.9133,2.9108,2.9123,12
2026-07-10 22:54:00,2.9083,2.9083,2.9068,2.9073,2.9133,2.9133,2.9118,2.9123,12
2026-07-10 22:55:00,2.9083,2.9083,2.9073,2.9073,2.9133,2.9133,2.9123,2.9123,2
2026-07-10 22:56:00,2.9063,2.9083,2.9063,2.9073,2.9113,2.9133,2.9113,2.9123,5
2026-07-10 22:57:00,2.9083,2.9133,2.9073,2.9133,2.9133,2.9183,2.9123,2.9183,16
2026-07-10 22:58:00,2.9128,2.9133,2.9123,2.9133,2.9178,2.9183,2.9173,2.9183,9
2026-07-10 22:59:00,2.9143,2.9166,2.9133,2.9152,2.9193,2.9207,2.9183,2.9202,8
2026-07-13 00:00:00,2.8957,2.9087,2.8957,2.9062,2.9007,2.9137,2.9007,2.9112,91
2026-07-13 00:01:00,2.9057,2.9117,2.9042,2.9112,2.9107,2.9167,2.9092,2.9162,44
2026-07-13 00:02:00,2.9127,2.9177,2.9087,2.9137,2.9177,2.9227,2.9137,2.9187,39
2026-07-13 00:03:00,2.9167,2.9177,2.9072,2.9072,2.9217,2.9227,2.9122,2.9122,16
2026-07-13 00:04:00,2.9082,2.9082,2.8967,2.8972,2.9132,2.9132,2.9017,2.9022,20
2026-07-13 00:05:00,2.8982,2.8997,2.8922,2.8927,2.9032,2.9047,2.8972,2.8977,13
2026-07-13 00:06:00,2.8937,2.9012,2.8937,2.9007,2.8987,2.9062,2.8987,2.9057,15
2026-07-13 00:07:00,2.9012,2.9022,2.8997,2.9007,2.9062,2.9072,2.9047,2.9057,13
2026-07-13 00:08:00,2.9012,2.9017,2.9002,2.9007,2.9062,2.9067,2.9052,2.9057,7
2026-07-13 00:09:00,2.9012,2.9042,2.9012,2.9032,2.9062,2.9092,2.9062,2.9082,4
2026-07-13 00:10:00,2.9027,2.9042,2.9007,2.9042,2.9077,2.9092,2.9057,2.9092,11
2026-07-13 00:11:00,2.9037,2.9037,2.9022,2.9022,2.9087,2.9087,2.9072,2.9072,2
2026-07-13 00:12:00,2.9027,2.9032,2.9027,2.9032,2.9077,2.9082,2.9077,2.9082,2
2026-07-13 00:13:00,2.9027,2.9027,2.8972,2.8977,2.9077,2.9077,2.9022,2.9027,12
2026-07-13 00:14:00,2.8987,2.9002,2.8987,2.9002,2.9037,2.9052,2.9037,2.9052,4
2026-07-13 00:15:00,2.8997,2.8997,2.8987,2.8987,2.9047,2.9047,2.9037,2.9037,3
2026-07-13 00:16:00,2.8992,2.8992,2.8977,2.8982,2.9042,2.9042,2.9027,2.9032,3
2026-07-13 00:17:00,2.8972,2.8977,2.8972,2.8972,2.9022,2.9027,2.9022,2.9022,3
2026-07-13 00:18:00,2.8977,2.8987,2.8977,2.8982,2.9027,2.9037,2.9027,2.9032,3
2026-07-13 00:19:00,2.8972,2.8972,2.8957,2.8957,2.9022,2.9022,2.9007,2.9007,3
2026-07-13 00:20:00,2.8962,2.8977,2.8962,2.8962,2.9012,2.9027,2.9012,2.9012,5
2026-07-13 00:21:00,2.8977,2.8982,2.8962,2.8962,2.9027,2.9032,2.9012,2.9012,5
2026-07-13 00:23:00,2.8967,2.8967,2.8967,2.8967,2.9017,2.9017,2.9017,2.9017,1
2026-07-13 00:24:00,2.8962,2.8967,2.8947,2.8962,2.9012,2.9017,2.8997,2.9012,7
2026-07-13 00:25:00,2.8967,2.8967,2.8947,2.8952,2.9017,2.9017,2.8997,2.9002,4
2026-07-13 00:26:00,2.8947,2.8947,2.8907,2.8907,2.8997,2.8997,2.8957,2.8957,7
2026-07-13 00:27:00,2.8902,2.8902,2.8897,2.8897,2.8952,2.8952,2.8947,2.8947,4
2026-07-13 00:28:00,2.8887,2.8902,2.8887,2.8902,2.8937,2.8952,2.8937,2.8952,2
2026-07-13 00:29:00,2.8892,2.8892,2.8887,2.8887,2.8942,2.8942,2.8937,2.8937,2
2026-07-13 00:30:00,2.8877,2.8902,2.8877,2.8897,2.8927,2.8952,2.8927,2.8947,5
2026-07-13 00:31:00,2.8902,2.8902,2.8897,2.8897,2.8952,2.8952,2.8947,2.8947,2
2026-07-13 00:33:00,2.8892,2.8912,2.8892,2.8912,2.8942,2.8962,2.8942,2.8962,6
2026-07-13 00:34:00,2.8917,2.8927,2.8917,2.8917,2.8967,2.8977,2.8967,2.8967,6
2026-07-13 00:36:00,2.8907,2.8907,2.8892,2.8897,2.8957,2.8957,2.8942,2.8947,5
2026-07-13 00:37:00,2.8907,2.8907,2.8902,2.8907,2.8957,2.8957,2.8952,2.8957,3
2026-07-13 00:38:00,2.8902,2.8902,2.8877,2.8887,2.8952,2.8952,2.8927,2.8937,5
2026-07-13 00:39:00,2.8892,2.8897,2.8892,2.8897,2.8942,2.8947,2.8942,2.8947,4
2026-07-13 00:40:00,2.8907,2.8942,2.8907,2.8927,2.8957,2.8992,2.8957,2.8977,9
2026-07-13 00:41:00,2.8922,2.8927,2.8922,2.8922,2.8972,2.8977,2.8972,2.8972,3
2026-07-13 00:42:00,2.8917,2.8917,2.8912,2.8912,2.8967,2.8967,2.8962,2.8962,2
2026-07-13 00:43:00,2.8917,2.8917,2.8917,2.8917,2.8967,2.8967,2.8967,2.8967,1
2026-07-13 00:44:00,2.8912,2.8912,2.8902,2.8902,2.8962,2.8962,2.8952,2.8952,5
2026-07-13 00:45:00,2.8907,2.8907,2.8907,2.8907,2.8957,2.8957,2.8957,2.8957,1
2026-07-13 00:46:00,2.8912,2.8912,2.8912,2.8912,2.8962,2.8962,2.8962,2.8962,1
2026-07-13 00:48:00,2.8907,2.8907,2.8882,2.8892,2.8957,2.8957,2.8932,2.8942,7
2026-07-13 00:49:00,2.8897,2.8897,2.8892,2.8892,2.8947,2.8947,2.8942,2.8942,2
2026-07-13 00:52:00,2.8887,2.8887,2.8887,2.8887,2.8937,2.8937,2.8937,2.8937,1
2026-07-13 00:53:00,2.8882,2.8882,2.8882,2.8882,2.8932,2.8932,2.8932,2.8932,1
2026-07-13 00:54:00,2.8887,2.8887,2.8882,2.8882,2.8937,2.8937,2.8932,2.8932,2
2026-07-13 00:55:00,2.8877,2.8877,2.8862,2.8872,2.8927,2.8927,2.8912,2.8922,4
2026-07-13 00:56:00,2.8887,2.8887,2.8877,2.8882,2.8937,2.8937,2.8927,2.8932,3
2026-07-13 00:59:00,2.8877,2.8877,2.8877,2.8877,2.8927,2.8927,2.8927,2.8927,1
2026-07-13 01:00:00,2.8872,2.8877,2.8872,2.8877,2.8922,2.8927,2.8922,2.8927,2
2026-07-13 01:02:00,2.8882,2.8882,2.8882,2.8882,2.8932,2.8932,2.8932,2.8932,1
2026-07-13 01:03:00,2.8872,2.8872,2.8857,2.8862,2.8922,2.8922,2.8907,2.8912,5
2026-07-13 01:04:00,2.8867,2.8867,2.8867,2.8867,2.8917,2.8917,2.8917,2.8917,1
2026-07-13 01:05:00,2.8862,2.8862,2.8862,2.8862,2.8912,2.8912,2.8912,2.8912,1
2026-07-13 01:06:00,2.8867,2.8867,2.8847,2.8862,2.8917,2.8917,2.8897,2.8912,5
2026-07-13 01:07:00,2.8867,2.8877,2.8847,2.8867,2.8917,2.8927,2.8897,2.8917,8
2026-07-13 01:08:00,2.8877,2.8877,2.8872,2.8872,2.8927,2.8927,2.8922,2.8922,2
2026-07-13 01:09:00,2.8877,2.8877,2.8867,2.8867,2.8927,2.8927,2.8917,2.8917,2
2026-07-13 01:10:00,2.8862,2.8862,2.8862,2.8862,2.8912,2.8912,2.8912,2.8912,1
2026-07-13 01:11:00,2.8847,2.8857,2.8847,2.8857,2.8897,2.8907,2.8897,2.8907,2
2026-07-13 01:12:00,2.8867,2.8877,2.8862,2.8862,2.8917,2.8927,2.8912,2.8912,5
2026-07-13 01:13:00,2.8867,2.8867,2.8867,2.8867,2.8917,2.8917,2.8917,2.8917,1
2026-07-13 01:14:00,2.8872,2.8877,2.8872,2.8877,2.8922,2.8927,2.8922,2.8927,2
2026-07-13 01:15:00,2.8872,2.8872,2.8862,2.8862,2.8922,2.8922,2.8912,2.8912,3
2026-07-13 01:16:00,2.8857,2.8857,2.8852,2.8857,2.8907,2.8907,2.8902,2.8907,3
2026-07-13 01:17:00,2.8852,2.8852,2.8852,2.8852,2.8902,2.8902,2.8902,2.8902,1
2026-07-13 01:18:00,2.8857,2.8887,2.8847,2.8872,2.8907,2.8937,2.8897,2.8922,18
2026-07-13 01:19:00,2.8867,2.8867,2.8867,2.8867,2.8917,2.8917,2.8917,2.8917,1
2026-07-13 01:20:00,2.8877,2.8877,2.8867,2.8867,2.8927,2.8927,2.8917,2.8917,2
2026-07-13 01:21:00,2.8862,2.8862,2.8862,2.8862,2.8912,2.8912,2.8912,2.8912,1
2026-07-13 01:22:00,2.8852,2.8852,2.8847,2.8847,2.8902,2.8902,2.8897,2.8897,2
2026-07-13 01:23:00,2.8852,2.8857,2.8852,2.8857,2.8902,2.8907,2.8902,2.8907,2
2026-07-13 01:30:00,2.8852,2.8852,2.8807,2.8812,2.8902,2.8902,2.8857,2.8862,8
2026-07-13 01:31:00,2.8817,2.8827,2.8817,2.8817,2.8867,2.8877,2.8867,2.8867,6
2026-07-13 01:32:00,2.8827,2.8827,2.8827,2.8827,2.8877,2.8877,2.8877,2.8877,1
2026-07-13 01:35:00,2.8837,2.8837,2.8817,2.8832,2.8887,2.8887,2.8867,2.8882,12
2026-07-13 01:36:00,2.8837,2.8837,2.8832,2.8832,2.8887,2.8887,2.8882,2.8882,4
2026-07-13 01:37:00,2.8827,2.8827,2.8787,2.8787,2.8877,2.8877,2.8837,2.8837,9
2026-07-13 01:38:00,2.8792,2.8792,2.8787,2.8787,2.8842,2.8842,2.8837,2.8837,2
2026-07-13 01:39:00,2.8797,2.8797,2.8787,2.8787,2.8847,2.8847,2.8837,2.8837,3
2026-07-13 01:40:00,2.8792,2.8792,2.8792,2.8792,2.8842,2.8842,2.8842,2.8842,1
2026-07-13 01:41:00,2.8782,2.8797,2.8777,2.8777,2.8832,2.8847,2.8827,2.8827,8
2026-07-13 01:43:00,2.8782,2.8782,2.8777,2.8777,2.8832,2.8832,2.8827,2.8827,2
2026-07-13 01:45:00,2.8772,2.8772,2.8757,2.8757,2.8822,2.8822,2.8807,2.8807,3
2026-07-13 01:46:00,2.8767,2.8767,2.8757,2.8757,2.8817,2.8817,2.8807,2.8807,5
2026-07-13 01:47:00,2.8747,2.8767,2.8717,2.8717,2.8797,2.8817,2.8767,2.8767,20
2026-07-13 01:48:00,2.8722,2.8722,2.8687,2.8687,2.8772,2.8772,2.8737,2.8737,13
2026-07-13 01:49:00,2.8697,2.8697,2.8682,2.8682,2.8747,2.8747,2.8732,2.8732,6
2026-07-13 01:50:00,2.8687,2.8787,2.8687,2.8787,2.8737,2.8837,2.8737,2.8837,14
2026-07-13 01:51:00,2.8792,2.8792,2.8792,2.8792,2.8842,2.8842,2.8842,2.8842,1
2026-07-13 01:52:00,2.8797,2.8817,2.8797,2.8812,2.8847,2.8867,2.8847,2.8862,10
2026-07-13 01:53:00,2.8802,2.8802,2.8767,2.8767,2.8852,2.8852,2.8817,2.8817,8
2026-07-13 01:54:00,2.8777,2.8777,2.8767,2.8767,2.8827,2.8827,2.8817,2.8817,4
2026-07-13 01:55:00,2.8762,2.8767,2.8762,2.8767,2.8812,2.8817,2.8812,2.8817,2
2026-07-13 01:59:00,2.8777,2.8787,2.8777,2.8787,2.8827,2.8837,2.8827,2.8837,8
2026-07-13 02:00:00,2.8777,2.8787,2.8767,2.8777,2.8827,2.8837,2.8817,2.8827,16
2026-07-13 02:01:00,2.8787,2.8787,2.8757,2.8757,2.8837,2.8837,2.8807,2.8807,9
2026-07-13 02:02:00,2.8767,2.8777,2.8767,2.8777,2.8817,2.8827,2.8817,2.8827,2
2026-07-13 02:03:00,2.8787,2.8817,2.8777,2.8812,2.8837,2.8867,2.8827,2.8862,12
2026-07-13 02:04:00,2.8817,2.8827,2.8807,2.8817,2.8867,2.8877,2.8857,2.8867,12
2026-07-13 02:05:00,2.8822,2.8822,2.8817,2.8817,2.8872,2.8872,2.8867,2.8867,2
2026-07-13 02:07:00,2.8807,2.8807,2.8807,2.8807,2.8857,2.8857,2.8857,2.8857,1
2026-07-13 02:08:00,2.8812,2.8817,2.8812,2.8817,2.8862,2.8867,2.8862,2.8867,2
2026-07-13 02:09:00,2.8807,2.8812,2.8807,2.8807,2.8857,2.8862,2.8857,2.8857,3
2026-07-13 02:11:00,2.8817,2.8822,2.8817,2.8817,2.8867,2.8872,2.8867,2.8867,5
2026-07-13 02:12:00,2.8822,2.8822,2.8822,2.8822,2.8872,2.8872,2.8872,2.8872,1
2026-07-13 02:13:00,2.8817,2.8827,2.8817,2.8827,2.8867,2.8877,2.8867,2.8877,2
2026-07-13 02:14:00,2.8817,2.8817,2.8807,2.8807,2.8867,2.8867,2.8857,2.8857,4
2026-07-13 02:15:00,2.8797,2.8807,2.8787,2.8807,2.8847,2.8857,2.8837,2.8857,6
2026-07-13 02:17:00,2.8817,2.8817,2.8812,2.8812,2.8867,2.8867,2.8862,2.8862,2
2026-07-13 02:18:00,2.8817,2.8837,2.8812,2.8827,2.8867,2.8887,2.8862,2.8877,10
2026-07-13 02:19:00,2.8817,2.8817,2.8807,2.8812,2.8867,2.8867,2.8857,2.8862,3
2026-07-13 02:21:00,2.8807,2.8817,2.8807,2.8812,2.8857,2.8867,2.8857,2.8862,4
2026-07-13 02:24:00,2.8807,2.8812,2.8807,2.8807,2.8857,2.8862,2.8857,2.8857,3
2026-07-13 02:25:00,2.8797,2.8807,2.8797,2.8797,2.8847,2.8857,2.8847,2.8847,4
2026-07-13 02:27:00,2.8807,2.8807,2.8797,2.8797,2.8857,2.8857,2.8847,2.8847,2
2026-07-13 02:28:00,2.8792,2.8792,2.8787,2.8787,2.8842,2.8842,2.8837,2.8837,2
2026-07-13 02:29:00,2.8792,2.8797,2.8792,2.8797,2.8842,2.8847,2.8842,2.8847,2
2026-07-13 02:30:00,2.8792,2.8797,2.8787,2.8787,2.8842,2.8847,2.8837,2.8837,3
2026-07-13 02:31:00,2.8792,2.8792,2.8792,2.8792,2.8842,2.8842,2.8842,2.8842,1
2026-07-13 02:32:00,2.8797,2.8802,2.8787,2.8797,2.8847,2.8852,2.8837,2.8847,6
2026-07-13 02:33:00,2.8802,2.8807,2.8802,2.8807,2.8852,2.8857,2.8852,2.8857,2
2026-07-13 02:34:00,2.8802,2.8802,2.8802,2.8802,2.8852,2.8852,2.8852,2.8852,1
2026-07-13 02:35:00,2.8797,2.8807,2.8797,2.8802,2.8847,2.8857,2.8847,2.8852,4
2026-07-13 02:36:00,2.8797,2.8797,2.8797,2.8797,2.8847,2.8847,2.8847,2.8847,1
2026-07-13 02:37:00,2.8807,2.8807,2.8802,2.8807,2.8857,2.8857,2.8852,2.8857,3
2026-07-13 02:38:00,2.8802,2.8807,2.8802,2.8807,2.8852,2.8857,2.8852,2.8857,2
2026-07-13 02:40:00,2.8817,2.8817,2.8807,2.8807,2.8867,2.8867,2.8857,2.8857,5
2026-07-13 02:41:00,2.8812,2.8817,2.8807,2.8807,2.8862,2.8867,2.8857,2.8857,6
2026-07-13 02:42:00,2.8797,2.8812,2.8797,2.8807,2.8847,2.8862,2.8847,2.8857,11
2026-07-13 02:43:00,2.8812,2.8817,2.8797,2.8797,2.8862,2.8867,2.8847,2.8847,7
2026-07-13 02:44:00,2.8802,2.8807,2.8797,2.8807,2.8852,2.8857,2.8847,2.8857,11
2026-07-13 02:45:00,2.8802,2.8807,2.8802,2.8807,2.8852,2.8857,2.8852,2.8857,2
2026-07-13 02:48:00,2.8797,2.8797,2.8787,2.8787,2.8847,2.8847,2.8837,2.8837,2
2026-07-13 02:51:00,2.8777,2.8777,2.8777,2.8777,2.8827,2.8827,2.8827,2.8827,1
2026-07-13 02:52:00,2.8782,2.8787,2.8782,2.8787,2.8832,2.8837,2.8832,2.8837,2
2026-07-13 02:53:00,2.8797,2.8797,2.8797,2.8797,2.8847,2.8847,2.8847,2.8847,1
2026-07-13 02:54:00,2.8792,2.8792,2.8787,2.8787,2.8842,2.8842,2.8837,2.8837,2
2026-07-13 02:55:00,2.8782,2.8782,2.8777,2.8777,2.8832,2.8832,2.8827,2.8827,2
2026-07-13 02:57:00,2.8787,2.8787,2.8782,2.8787,2.8837,2.8837,2.8832,2.8837,5
2026-07-13 03:00:00,2.8797,2.8807,2.8787,2.8787,2.8847,2.8857,2.8837,2.8837,8
2026-07-13 03:01:00,2.8792,2.8792,2.8777,2.8777,2.8842,2.8842,2.8827,2.8827,8
2026-07-13 03:02:00,2.8782,2.8787,2.8777,2.8787,2.8832,2.8837,2.8827,2.8837,10
2026-07-13 03:03:00,2.8777,2.8777,2.8777,2.8777,2.8827,2.8827,2.8827,2.8827,1
2026-07-13 03:04:00,2.8792,2.8817,2.8792,2.8817,2.8842,2.8867,2.8842,2.8867,3
2026-07-13 03:05:00,2.8827,2.8827,2.8817,2.8817,2.8877,2.8877,2.8867,2.8867,5
2026-07-13 03:06:00,2.8822,2.8827,2.8817,2.8817,2.8872,2.8877,2.8867,2.8867,3
2026-07-13 03:07:00,2.8827,2.8837,2.8827,2.8827,2.8877,2.8887,2.8877,2.8877,3
2026-07-13 03:08:00,2.8817,2.8827,2.8817,2.8817,2.8867,2.8877,2.8867,2.8867,4
2026-07-13 03:09:00,2.8837,2.8847,2.8837,2.8847,2.8887,2.8897,2.8887,2.8897,7
2026-07-13 03:10:00,2.8842,2.8847,2.8837,2.8837,2.8892,2.8897,2.8887,2.8887,6
2026-07-13 03:12:00,2.8847,2.8847,2.8837,2.8842,2.8897,2.8897,2.8887,2.8892,4
2026-07-13 03:13:00,2.8837,2.8842,2.8837,2.8842,2.8887,2.8892,2.8887,2.8892,2
2026-07-13 03:15:00,2.8837,2.8837,2.8827,2.8832,2.8887,2.8887,2.8877,2.8882,5
2026-07-13 03:16:00,2.8827,2.8827,2.8827,2.8827,2.8877,2.8877,2.8877,2.8877,1
2026-07-13 03:17:00,2.8837,2.8847,2.8837,2.8837,2.8887,2.8897,2.8887,2.8887,4
2026-07-13 03:18:00,2.8842,2.8842,2.8842,2.8842,2.8892,2.8892,2.8892,2.8892,1
2026-07-13 03:20:00,2.8847,2.8847,2.8847,2.8847,2.8897,2.8897,2.8897,2.8897,1
2026-07-13 03:21:00,2.8857,2.8862,2.8837,2.8842,2.8907,2.8912,2.8887,2.8892,10
2026-07-13 03:22:00,2.8847,2.8857,2.8847,2.8847,2.8897,2.8907,2.8897,2.8897,5
2026-07-13 03:23:00,2.8857,2.8857,2.8847,2.8852,2.8907,2.8907,2.8897,2.8902,4
2026-07-13 03:24:00,2.8847,2.8847,2.8847,2.8847,2.8897,2.8897,2.8897,2.8897,1
2026-07-13 03:25:00,2.8852,2.8852,2.8847,2.8847,2.8902,2.8902,2.8897,2.8897,4
2026-07-13 03:26:00,2.8852,2.8852,2.8847,2.8847,2.8902,2.8902,2.8897,2.8897,2
2026-07-13 03:27:00,2.8837,2.8842,2.8837,2.8842,2.8887,2.8892,2.8887,2.8892,2
2026-07-13 03:28:00,2.8837,2.8837,2.8832,2.8837,2.8887,2.8887,2.8882,2.8887,3
2026-07-13 03:29:00,2.8832,2.8832,2.8827,2.8832,2.8882,2.8882,2.8877,2.8882,5
2026-07-13 03:30:00,2.8837,2.8837,2.8792,2.8797,2.8887,2.8887,2.8842,2.8847,9
2026-07-13 03:31:00,2.8787,2.8807,2.8787,2.8807,2.8837,2.8857,2.8837,2.8857,3
2026-07-13 03:32:00,2.8817,2.8817,2.8807,2.8812,2.8867,2.8867,2.8857,2.8862,3
2026-07-13 03:33:00,2.8807,2.8807,2.8807,2.8807,2.8857,2.8857,2.8857,2.8857,1
2026-07-13 03:38:00,2.8802,2.8802,2.8777,2.8777,2.8852,2.8852,2.8827,2.8827,5
2026-07-13 03:39:00,2.8787,2.8787,2.8782,2.8782,2.8837,2.8837,2.8832,2.8832,2
2026-07-13 03:40:00,2.8787,2.8787,2.8782,2.8782,2.8837,2.8837,2.8832,2.8832,2
2026-07-13 03:41:00,2.8787,2.8792,2.8787,2.8787,2.8837,2.8842,2.8837,2.8837,3
2026-07-13 03:43:00,2.8777,2.8797,2.8777,2.8797,2.8827,2.8847,2.8827,2.8847,5
2026-07-13 03:48:00,2.8802,2.8802,2.8797,2.8802,2.8852,2.8852,2.8847,2.8852,3
2026-07-13 03:49:00,2.8797,2.8797,2.8792,2.8797,2.8847,2.8847,2.8842,2.8847,7
2026-07-13 03:50:00,2.8787,2.8787,2.8767,2.8767,2.8837,2.8837,2.8817,2.8817,4
2026-07-13 03:51:00,2.8772,2.8772,2.8772,2.8772,2.8822,2.8822,2.8822,2.8822,1
2026-07-13 03:52:00,2.8777,2.8777,2.8767,2.8767,2.8827,2.8827,2.8817,2.8817,7
2026-07-13 03:53:00,2.8757,2.8757,2.8737,2.8752,2.8807,2.8807,2.8787,2.8802,8
2026-07-13 03:54:00,2.8747,2.8747,2.8747,2.8747,2.8797,2.8797,2.8797,2.8797,1
2026-07-13 03:55:00,2.8737,2.8767,2.8737,2.8767,2.8787,2.8817,2.8787,2.8817,4
2026-07-13 03:56:00,2.8762,2.8767,2.8762,2.8767,2.8812,2.8817,2.8812,2.8817,4
2026-07-13 03:57:00,2.8757,2.8757,2.8727,2.8737,2.8807,2.8807,2.8777,2.8787,6
2026-07-13 03:58:00,2.8747,2.8747,2.8737,2.8742,2.8797,2.8797,2.8787,2.8792,4
2026-07-13 03:59:00,2.8737,2.8737,2.8737,2.8737,2.8787,2.8787,2.8787,2.8787,1
2026-07-13 04:00:00,2.8727,2.8727,2.8712,2.8717,2.8777,2.8777,2.8762,2.8767,4
2026-07-13 04:01:00,2.8712,2.8737,2.8707,2.8727,2.8762,2.8787,2.8757,2.8777,12
2026-07-13 04:02:00,2.8717,2.8727,2.8717,2.8727,2.8767,2.8777,2.8767,2.8777,4
2026-07-13 04:03:00,2.8737,2.8737,2.8732,2.8732,2.8787,2.8787,2.8782,2.8782,2
2026-07-13 04:04:00,2.8737,2.8737,2.8737,2.8737,2.8787,2.8787,2.8787,2.8787,1
2026-07-13 04:06:00,2.8732,2.8737,2.8732,2.8737,2.8782,2.8787,2.8782,2.8787,2
2026-07-13 04:07:00,2.8732,2.8732,2.8727,2.8732,2.8782,2.8782,2.8777,2.8782,3
2026-07-13 04:08:00,2.8727,2.8727,2.8727,2.8727,2.8777,2.8777,2.8777,2.8777,1
2026-07-13 04:10:00,2.8717,2.8717,2.8717,2.8717,2.8767,2.8767,2.8767,2.8767,1
2026-07-13 04:11:00,2.8727,2.8727,2.8717,2.8717,2.8777,2.8777,2.8767,2.8767,2
2026-07-13 04:12:00,2.8722,2.8727,2.8722,2.8727,2.8772,2.8777,2.8772,2.8777,2
2026-07-13 04:13:00,2.8717,2.8717,2.8707,2.8707,2.8767,2.8767,2.8757,2.8757,2
2026-07-13 04:15:00,2.8712,2.8717,2.8712,2.8717,2.8762,2.8767,2.8762,2.8767,2
2026-07-13 04:18:00,2.8727,2.8727,2.8727,2.8727,2.8777,2.8777,2.8777,2.8777,1
2026-07-13 04:19:00,2.8717,2.8717,2.8717,2.8717,2.8767,2.8767,2.8767,2.8767,1
2026-07-13 04:20:00,2.8712,2.8712,2.8712,2.8712,2.8762,2.8762,2.8762,2.8762,1
2026-07-13 04:21:00,2.8717,2.8717,2.8717,2.8717,2.8767,2.8767,2.8767,2.8767,1
2026-07-13 04:23:00,2.8712,2.8712,2.8707,2.8712,2.8762,2.8762,2.8757,2.8762,3
2026-07-13 04:25:00,2.8717,2.8717,2.8712,2.8712,2.8767,2.8767,2.8762,2.8762,2
2026-07-13 04:26:00,2.8717,2.8717,2.8707,2.8707,2.8767,2.8767,2.8757,2.8757,3
2026-07-13 04:27:00,2.8712,2.8717,2.8712,2.8717,2.8762,2.8767,2.8762,2.8767,2
2026-07-13 04:30:00,2.8722,2.8747,2.8717,2.8747,2.8772,2.8797,2.8767,2.8797,16
2026-07-13 04:32:00,2.8757,2.8757,2.8747,2.8747,2.8807,2.8807,2.8797,2.8797,7
2026-07-13 04:33:00,2.8737,2.8737,2.8727,2.8732,2.8787,2.8787,2.8777,2.8782,3
2026-07-13 04:34:00,2.8737,2.8737,2.8727,2.8737,2.8787,2.8787,2.8777,2.8787,4
2026-07-13 04:35:00,2.8727,2.8732,2.8727,2.8732,2.8777,2.8782,2.8777,2.8782,2
2026-07-13 04:36:00,2.8752,2.8752,2.8737,2.8737,2.8802,2.8802,2.8787,2.8787,3
2026-07-13 04:37:00,2.8727,2.8727,2.8667,2.8667,2.8777,2.8777,2.8717,2.8717,11
2026-07-13 04:38:00,2.8657,2.8667,2.8657,2.8667,2.8707,2.8717,2.8707,2.8717,2
2026-07-13 04:40:00,2.8677,2.8677,2.8677,2.8677,2.8727,2.8727,2.8727,2.8727,1
2026-07-13 04:41:00,2.8682,2.8687,2.8682,2.8687,2.8732,2.8737,2.8732,2.8737,2
2026-07-13 04:42:00,2.8697,2.8697,2.8697,2.8697,2.8747,2.8747,2.8747,2.8747,1
2026-07-13 04:43:00,2.8692,2.8692,2.8657,2.8667,2.8742,2.8742,2.8707,2.8717,6
2026-07-13 04:44:00,2.8672,2.8677,2.8667,2.8677,2.8722,2.8727,2.8717,2.8727,5
2026-07-13 04:45:00,2.8667,2.8682,2.8667,2.8677,2.8717,2.8732,2.8717,2.8727,11
2026-07-13 04:50:00,2.8672,2.8672,2.8662,2.8662,2.8722,2.8722,2.8712,2.8712,3
2026-07-13 04:54:00,2.8667,2.8667,2.8667,2.8667,2.8717,2.8717,2.8717,2.8717,1
2026-07-13 04:56:00,2.8672,2.8672,2.8667,2.8667,2.8722,2.8722,2.8717,2.8717,2
2026-07-13 04:57:00,2.8672,2.8677,2.8672,2.8672,2.8722,2.8727,2.8722,2.8722,3
2026-07-13 04:58:00,2.8667,2.8677,2.8667,2.8677,2.8717,2.8727,2.8717,2.8727,2
2026-07-13 04:59:00,2.8667,2.8677,2.8667,2.8677,2.8717,2.8727,2.8717,2.8727,2
2026-07-13 05:00:00,2.8682,2.8682,2.8677,2.8677,2.8732,2.8732,2.8727,2.8727,2
2026-07-13 05:01:00,2.8687,2.8687,2.8677,2.8682,2.8737,2.8737,2.8727,2.8732,6
2026-07-13 05:02:00,2.8687,2.8707,2.8677,2.8677,2.8737,2.8757,2.8727,2.8727,10
2026-07-13 05:03:00,2.8687,2.8687,2.8682,2.8687,2.8737,2.8737,2.8732,2.8737,3
2026-07-13 05:04:00,2.8697,2.8697,2.8692,2.8692,2.8747,2.8747,2.8742,2.8742,2
2026-07-13 05:05:00,2.8697,2.8697,2.8687,2.8687,2.8747,2.8747,2.8737,2.8737,6
2026-07-13 05:07:00,2.8692,2.8692,2.8692,2.8692,2.8742,2.8742,2.8742,2.8742,1
2026-07-13 05:08:00,2.8687,2.8687,2.8687,2.8687,2.8737,2.8737,2.8737,2.8737,1
2026-07-13 05:09:00,2.8697,2.8697,2.8697,2.8697,2.8747,2.8747,2.8747,2.8747,1
2026-07-13 05:15:00,2.8687,2.8687,2.8687,2.8687,2.8737,2.8737,2.8737,2.8737,1
2026-07-13 05:16:00,2.8692,2.8692,2.8687,2.8687,2.8742,2.8742,2.8737,2.8737,4
2026-07-13 05:17:00,2.8692,2.8697,2.8692,2.8692,2.8742,2.8747,2.8742,2.8742,5
2026-07-13 05:18:00,2.8697,2.8697,2.8692,2.8692,2.8747,2.8747,2.8742,2.8742,2
2026-07-13 05:20:00,2.8687,2.8687,2.8687,2.8687,2.8737,2.8737,2.8737,2.8737,1
2026-07-13 05:21:00,2.8682,2.8682,2.8677,2.8677,2.8732,2.8732,2.8727,2.8727,2
2026-07-13 05:23:00,2.8687,2.8687,2.8682,2.8687,2.8737,2.8737,2.8732,2.8737,3
2026-07-13 05:25:00,2.8692,2.8697,2.8692,2.8692,2.8742,2.8747,2.8742,2.8742,3
2026-07-13 05:28:00,2.8687,2.8687,2.8687,2.8687,2.8737,2.8737,2.8737,2.8737,1
2026-07-13 05:30:00,2.8677,2.8682,2.8627,2.8637,2.8727,2.8732,2.8677,2.8687,25
2026-07-13 05:31:00,2.8647,2.8657,2.8647,2.8657,2.8697,2.8707,2.8697,2.8707,8
2026-07-13 05:32:00,2.8647,2.8657,2.8647,2.8647,2.8697,2.8707,2.8697,2.8697,3
2026-07-13 05:33:00,2.8657,2.8687,2.8647,2.8687,2.8707,2.8737,2.8697,2.8737,7
2026-07-13 05:36:00,2.8697,2.8697,2.8697,2.8697,2.8747,2.8747,2.8747,2.8747,1
2026-07-13 05:37:00,2.8707,2.8707,2.8697,2.8697,2.8757,2.8757,2.8747,2.8747,4
2026-07-13 05:38:00,2.8707,2.8707,2.8697,2.8697,2.8757,2.8757,2.8747,2.8747,4
2026-07-13 05:39:00,2.8687,2.8697,2.8687,2.8687,2.8737,2.8747,2.8737,2.8737,6
2026-07-13 05:40:00,2.8697,2.8697,2.8697,2.8697,2.8747,2.8747,2.8747,2.8747,1
2026-07-13 05:42:00,2.8707,2.8707,2.8702,2.8707,2.8757,2.8757,2.8752,2.8757,3
2026-07-13 05:43:00,2.8717,2.8737,2.8717,2.8737,2.8767,2.8787,2.8767,2.8787,6
2026-07-13 05:44:00,2.8732,2.8747,2.8732,2.8747,2.8782,2.8797,2.8782,2.8797,3
2026-07-13 05:45:00,2.8737,2.8747,2.8737,2.8747,2.8787,2.8797,2.8787,2.8797,2
2026-07-13 05:46:00,2.8737,2.8737,2.8737,2.8737,2.8787,2.8787,2.8787,2.8787,1
2026-07-13 05:48:00,2.8742,2.8757,2.8742,2.8757,2.8792,2.8807,2.8792,2.8807,3
2026-07-13 05:49:00,2.8747,2.8757,2.8737,2.8737,2.8797,2.8807,2.8787,2.8787,4
2026-07-13 05:51:00,2.8727,2.8737,2.8727,2.8727,2.8777,2.8787,2.8777,2.8777,4
2026-07-13 05:52:00,2.8737,2.8737,2.8727,2.8727,2.8787,2.8787,2.8777,2.8777,4
2026-07-13 05:54:00,2.8722,2.8722,2.8697,2.8697,2.8772,2.8772,2.8747,2.8747,3
2026-07-13 05:57:00,2.8707,2.8707,2.8697,2.8697,2.8757,2.8757,2.8747,2.8747,2
2026-07-13 05:58:00,2.8702,2.8707,2.8702,2.8707,2.8752,2.8757,2.8752,2.8757,2
2026-07-13 06:00:00,2.8697,2.8717,2.8697,2.8697,2.8747,2.8767,2.8747,2.8747,11
2026-07-13 06:01:00,2.8707,2.8717,2.8707,2.8717,2.8757,2.8767,2.8757,2.8767,2
2026-07-13 06:02:00,2.8727,2.8727,2.8702,2.8702,2.8777,2.8777,2.8752,2.8752,7
2026-07-13 06:03:00,2.8707,2.8707,2.8697,2.8707,2.8757,2.8757,2.8747,2.8757,3
2026-07-13 06:04:00,2.8712,2.8712,2.8697,2.8707,2.8762,2.8762,2.8747,2.8757,5
2026-07-13 06:06:00,2.8717,2.8717,2.8697,2.8702,2.8767,2.8767,2.8747,2.8752,7
2026-07-13 06:07:00,2.8707,2.8707,2.8677,2.8677,2.8757,2.8757,2.8727,2.8727,8
2026-07-13 06:08:00,2.8687,2.8687,2.8687,2.8687,2.8737,2.8737,2.8737,2.8737,1
2026-07-13 06:09:00,2.8697,2.8697,2.8697,2.8697,2.8747,2.8747,2.8747,2.8747,1
2026-07-13 06:12:00,2.8687,2.8697,2.8687,2.8697,2.8737,2.8747,2.8737,2.8747,2
2026-07-13 06:13:00,2.8687,2.8687,2.8687,2.8687,2.8737,2.8737,2.8737,2.8737,1
2026-07-13 06:17:00,2.8697,2.8697,2.8687,2.8687,2.8747,2.8747,2.8737,2.8737,2
2026-07-13 06:18:00,2.8697,2.8697,2.8687,2.8687,2.8747,2.8747,2.8737,2.8737,2
2026-07-13 06:21:00,2.8677,2.8677,2.8677,2.8677,2.8727,2.8727,2.8727,2.8727,1
2026-07-13 06:22:00,2.8667,2.8677,2.8667,2.8677,2.8717,2.8727,2.8717,2.8727,2
2026-07-13 06:26:00,2.8687,2.8687,2.8677,2.8677,2.8737,2.8737,2.8727,2.8727,2
2026-07-13 06:29:00,2.8682,2.8682,2.8677,2.8677,2.8732,2.8732,2.8727,2.8727,2
2026-07-13 06:31:00,2.8687,2.8687,2.8677,2.8677,2.8737,2.8737,2.8727,2.8727,2
2026-07-13 06:34:00,2.8687,2.8687,2.8677,2.8677,2.8737,2.8737,2.8727,2.8727,2
2026-07-13 06:35:00,2.8667,2.8687,2.8667,2.8687,2.8717,2.8737,2.8717,2.8737,3
2026-07-13 06:36:00,2.8697,2.8697,2.8692,2.8697,2.8747,2.8747,2.8742,2.8747,3
2026-07-13 06:40:00,2.8687,2.8687,2.8677,2.8677,2.8737,2.8737,2.8727,2.8727,6
2026-07-13 06:43:00,2.8682,2.8682,2.8677,2.8677,2.8732,2.8732,2.8727,2.8727,2
2026-07-13 06:47:00,2.8687,2.8687,2.8687,2.8687,2.8737,2.8737,2.8737,2.8737,1
2026-07-13 06:51:00,2.8697,2.8697,2.8697,2.8697,2.8747,2.8747,2.8747,2.8747,1
2026-07-13 06:54:00,2.8687,2.8687,2.8687,2.8687,2.8737,2.8737,2.8737,2.8737,1
2026-07-13 06:55:00,2.8697,2.8697,2.8697,2.8697,2.8747,2.8747,2.8747,2.8747,1
2026-07-13 06:57:00,2.8707,2.8727,2.8707,2.8717,2.8757,2.8777,2.8757,2.8767,4
2026-07-13 06:58:00,2.8727,2.8737,2.8727,2.8727,2.8777,2.8787,2.8777,2.8777,3
2026-07-13 06:59:00,2.8737,2.8737,2.8737,2.8737,2.8787,2.8787,2.8787,2.8787,1
2026-07-13 07:00:00,2.8727,2.8727,2.8717,2.8717,2.8777,2.8777,2.8767,2.8767,2
2026-07-13 07:01:00,2.8707,2.8707,2.8707,2.8707,2.8757,2.8757,2.8757,2.8757,1
2026-07-13 07:02:00,2.8697,2.8707,2.8687,2.8707,2.8747,2.8757,2.8737,2.8757,4
2026-07-13 07:03:00,2.8717,2.8717,2.8712,2.8717,2.8767,2.8767,2.8762,2.8767,3
2026-07-13 07:06:00,2.8707,2.8717,2.8707,2.8717,2.8757,2.8767,2.8757,2.8767,2
2026-07-13 07:09:00,2.8707,2.8707,2.8707,2.8707,2.8757,2.8757,2.8757,2.8757,1
2026-07-13 07:10:00,2.8717,2.8717,2.8707,2.8707,2.8767,2.8767,2.8757,2.8757,5
2026-07-13 07:13:00,2.8697,2.8707,2.8697,2.8707,2.8747,2.8757,2.8747,2.8757,2
2026-07-13 07:14:00,2.8697,2.8697,2.8697,2.8697,2.8747,2.8747,2.8747,2.8747,1
2026-07-13 07:20:00,2.8707,2.8707,2.8697,2.8697,2.8757,2.8757,2.8747,2.8747,2
2026-07-13 07:25:00,2.8707,2.8757,2.8697,2.8747,2.8757,2.8807,2.8747,2.8797,15
2026-07-13 07:26:00,2.8737,2.8737,2.8737,2.8737,2.8787,2.8787,2.8787,2.8787,1
2026-07-13 07:27:00,2.8747,2.8747,2.8707,2.8707,2.8797,2.8797,2.8757,2.8757,8
2026-07-13 07:28:00,2.8697,2.8707,2.8697,2.8697,2.8747,2.8757,2.8747,2.8747,3
2026-07-13 07:29:00,2.8692,2.8707,2.8687,2.8707,2.8742,2.8757,2.8737,2.8757,7
2026-07-13 07:30:00,2.8697,2.8712,2.8697,2.8697,2.8747,2.8762,2.8747,2.8747,5
2026-07-13 07:33:00,2.8707,2.8707,2.8697,2.8697,2.8757,2.8757,2.8747,2.8747,5
2026-07-13 07:34:00,2.8707,2.8717,2.8707,2.8707,2.8757,2.8767,2.8757,2.8757,4
2026-07-13 07:35:00,2.8717,2.8722,2.8717,2.8717,2.8767,2.8772,2.8767,2.8767,3
2026-07-13 07:36:00,2.8722,2.8747,2.8722,2.8747,2.8772,2.8797,2.8772,2.8797,6
2026-07-13 07:38:00,2.8737,2.8737,2.8737,2.8737,2.8787,2.8787,2.8787,2.8787,1
2026-07-13 07:39:00,2.8747,2.8747,2.8747,2.8747,2.8797,2.8797,2.8797,2.8797,1
2026-07-13 07:41:00,2.8742,2.8742,2.8727,2.8727,2.8792,2.8792,2.8777,2.8777,4
2026-07-13 07:44:00,2.8722,2.8737,2.8722,2.8737,2.8772,2.8787,2.8772,2.8787,3
2026-07-13 07:45:00,2.8747,2.8747,2.8737,2.8737,2.8797,2.8797,2.8787,2.8787,3
2026-07-13 07:49:00,2.8732,2.8732,2.8727,2.8727,2.8782,2.8782,2.8777,2.8777,2
2026-07-13 07:50:00,2.8732,2.8732,2.8727,2.8727,2.8782,2.8782,2.8777,2.8777,2
2026-07-13 07:51:00,2.8722,2.8727,2.8722,2.8727,2.8772,2.8777,2.8772,2.8777,2
2026-07-13 07:53:00,2.8722,2.8727,2.8717,2.8717,2.8772,2.8777,2.8767,2.8767,4
2026-07-13 07:54:00,2.8727,2.8727,2.8727,2.8727,2.8777,2.8777,2.8777,2.8777,1
2026-07-13 07:55:00,2.8737,2.8737,2.8737,2.8737,2.8787,2.8787,2.8787,2.8787,1
2026-07-13 07:56:00,2.8732,2.8737,2.8727,2.8737,2.8782,2.8787,2.8777,2.8787,4
2026-07-13 07:57:00,2.8727,2.8737,2.8727,2.8727,2.8777,2.8787,2.8777,2.8777,3
2026-07-13 07:58:00,2.8737,2.8737,2.8727,2.8727,2.8787,2.8787,2.8777,2.8777,4
2026-07-13 07:59:00,2.8722,2.8722,2.8722,2.8722,2.8772,2.8772,2.8772,2.8772,1
2026-07-13 08:00:00,2.8717,2.8717,2.8707,2.8717,2.8767,2.8767,2.8757,2.8767,4
2026-07-13 08:01:00,2.8727,2.8757,2.8727,2.8757,2.8777,2.8807,2.8777,2.8807,8
2026-07-13 08:02:00,2.8767,2.8777,2.8757,2.8777,2.8817,2.8827,2.8807,2.8827,9
2026-07-13 08:03:00,2.8767,2.8767,2.8762,2.8767,2.8817,2.8817,2.8812,2.8817,3
2026-07-13 08:04:00,2.8777,2.8777,2.8747,2.8757,2.8827,2.8827,2.8797,2.8807,6
2026-07-13 08:05:00,2.8752,2.8757,2.8747,2.8757,2.8802,2.8807,2.8797,2.8807,5
2026-07-13 08:06:00,2.8747,2.8812,2.8747,2.8807,2.8797,2.8862,2.8797,2.8857,14
2026-07-13 08:07:00,2.8812,2.8812,2.8797,2.8807,2.8862,2.8862,2.8847,2.8857,6
2026-07-13 08:08:00,2.8817,2.8827,2.8807,2.8817,2.8867,2.8877,2.8857,2.8867,5
2026-07-13 08:09:00,2.8822,2.8822,2.8807,2.8807,2.8872,2.8872,2.8857,2.8857,3
2026-07-13 08:10:00,2.8817,2.8827,2.8817,2.8827,2.8867,2.8877,2.8867,2.8877,5
2026-07-13 08:11:00,2.8832,2.8847,2.8832,2.8847,2.8882,2.8897,2.8882,2.8897,6
2026-07-13 08:12:00,2.8837,2.8847,2.8832,2.8837,2.8887,2.8897,2.8882,2.8887,5
2026-07-13 08:13:00,2.8827,2.8837,2.8827,2.8837,2.8877,2.8887,2.8877,2.8887,8
2026-07-13 08:14:00,2.8827,2.8827,2.8827,2.8827,2.8877,2.8877,2.8877,2.8877,1
2026-07-13 08:15:00,2.8837,2.8857,2.8837,2.8847,2.8887,2.8907,2.8887,2.8897,5
2026-07-13 08:16:00,2.8852,2.8857,2.8827,2.8827,2.8902,2.8907,2.8877,2.8877,6
2026-07-13 08:17:00,2.8837,2.8847,2.8837,2.8837,2.8887,2.8897,2.8887,2.8887,4
2026-07-13 08:19:00,2.8827,2.8827,2.8827,2.8827,2.8877,2.8877,2.8877,2.8877,1
2026-07-13 08:20:00,2.8817,2.8817,2.8797,2.8797,2.8867,2.8867,2.8847,2.8847,6
2026-07-13 08:24:00,2.8787,2.8787,2.8737,2.8737,2.8837,2.8837,2.8787,2.8787,11
2026-07-13 08:25:00,2.8747,2.8757,2.8742,2.8757,2.8797,2.8807,2.8792,2.8807,5
2026-07-13 08:26:00,2.8767,2.8772,2.8757,2.8757,2.8817,2.8822,2.8807,2.8807,4
2026-07-13 08:29:00,2.8747,2.8757,2.8747,2.8752,2.8797,2.8807,2.8797,2.8802,4
2026-07-13 08:30:00,2.8757,2.8757,2.8757,2.8757,2.8807,2.8807,2.8807,2.8807,1
2026-07-13 08:31:00,2.8747,2.8747,2.8697,2.8697,2.8797,2.8797,2.8747,2.8747,8
2026-07-13 08:32:00,2.8702,2.8707,2.8677,2.8677,2.8752,2.8757,2.8727,2.8727,8
2026-07-13 08:33:00,2.8687,2.8687,2.8677,2.8677,2.8737,2.8737,2.8727,2.8727,2
2026-07-13 08:35:00,2.8687,2.8687,2.8667,2.8667,2.8737,2.8737,2.8717,2.8717,7
2026-07-13 08:36:00,2.8672,2.8677,2.8667,2.8672,2.8722,2.8727,2.8717,2.8722,5
2026-07-13 08:37:00,2.8667,2.8697,2.8657,2.8667,2.8717,2.8747,2.8707,2.8717,18
2026-07-13 08:39:00,2.8677,2.8677,2.8657,2.8657,2.8727,2.8727,2.8707,2.8707,10
2026-07-13 08:40:00,2.8667,2.8667,2.8657,2.8657,2.8717,2.8717,2.8707,2.8707,2
2026-07-13 08:41:00,2.8662,2.8667,2.8662,2.8667,2.8712,2.8717,2.8712,2.8717,2
2026-07-13 08:42:00,2.8672,2.8687,2.8667,2.8667,2.8722,2.8737,2.8717,2.8717,6
2026-07-13 08:43:00,2.8677,2.8677,2.8657,2.8657,2.8727,2.8727,2.8707,2.8707,6
2026-07-13 08:45:00,2.8662,2.8727,2.8657,2.8707,2.8712,2.8777,2.8707,2.8757,26
2026-07-13 08:46:00,2.8702,2.8707,2.8687,2.8687,2.8752,2.8757,2.8737,2.8737,12
2026-07-13 08:47:00,2.8692,2.8697,2.8657,2.8682,2.8742,2.8747,2.8707,2.8732,29
2026-07-13 08:48:00,2.8687,2.8697,2.8682,2.8692,2.8737,2.8747,2.8732,2.8742,7
2026-07-13 08:49:00,2.8697,2.8707,2.8687,2.8687,2.8747,2.8757,2.8737,2.8737,5
2026-07-13 08:50:00,2.8697,2.8697,2.8677,2.8677,2.8747,2.8747,2.8727,2.8727,3
2026-07-13 08:51:00,2.8687,2.8687,2.8667,2.8677,2.8737,2.8737,2.8717,2.8727,4
2026-07-13 08:52:00,2.8667,2.8727,2.8667,2.8707,2.8717,2.8777,2.8717,2.8757,18
2026-07-13 08:53:00,2.8697,2.8697,2.8697,2.8697,2.8747,2.8747,2.8747,2.8747,1
2026-07-13 08:54:00,2.8687,2.8707,2.8687,2.8707,2.8737,2.8757,2.8737,2.8757,5
2026-07-13 08:55:00,2.8702,2.8717,2.8702,2.8707,2.8752,2.8767,2.8752,2.8757,4
2026-07-13 08:56:00,2.8717,2.8727,2.8707,2.8707,2.8767,2.8777,2.8757,2.8757,5
2026-07-13 08:57:00,2.8702,2.8707,2.8702,2.8707,2.8752,2.8757,2.8752,2.8757,4
2026-07-13 08:58:00,2.8702,2.8707,2.8702,2.8707,2.8752,2.8757,2.8752,2.8757,4
2026-07-13 08:59:00,2.8697,2.8697,2.8687,2.8697,2.8747,2.8747,2.8737,2.8747,5
2026-07-13 09:00:00,2.8687,2.8707,2.8687,2.8707,2.8737,2.8757,2.8737,2.8757,14
2026-07-13 09:01:00,2.8717,2.8732,2.8707,2.8707,2.8767,2.8782,2.8757,2.8757,8
2026-07-13 09:02:00,2.8702,2.8707,2.8697,2.8707,2.8752,2.8757,2.8747,2.8757,12
2026-07-13 09:03:00,2.8702,2.8717,2.8697,2.8717,2.8752,2.8767,2.8747,2.8767,4
2026-07-13 09:04:00,2.8707,2.8717,2.8697,2.8717,2.8757,2.8767,2.8747,2.8767,4
2026-07-13 09:05:00,2.8712,2.8712,2.8707,2.8707,2.8762,2.8762,2.8757,2.8757,2
2026-07-13 09:06:00,2.8717,2.8717,2.8657,2.8682,2.8767,2.8767,2.8707,2.8732,25
2026-07-13 09:07:00,2.8677,2.8687,2.8677,2.8687,2.8727,2.8737,2.8727,2.8737,2
2026-07-13 09:09:00,2.8697,2.8697,2.8677,2.8687,2.8747,2.8747,2.8727,2.8737,6
2026-07-13 09:10:00,2.8692,2.8717,2.8692,2.8697,2.8742,2.8767,2.8742,2.8747,8
2026-07-13 09:12:00,2.8707,2.8707,2.8707,2.8707,2.8757,2.8757,2.8757,2.8757,1
2026-07-13 09:13:00,2.8717,2.8717,2.8697,2.8697,2.8767,2.8767,2.8747,2.8747,12
2026-07-13 09:14:00,2.8702,2.8702,2.8697,2.8697,2.8752,2.8752,2.8747,2.8747,2
2026-07-13 09:15:00,2.8707,2.8717,2.8697,2.8707,2.8757,2.8767,2.8747,2.8757,7
2026-07-13 09:16:00,2.8712,2.8717,2.8707,2.8707,2.8762,2.8767,2.8757,2.8757,4
2026-07-13 09:17:00,2.8697,2.8747,2.8697,2.8727,2.8747,2.8797,2.8747,2.8777,21
2026-07-13 09:18:00,2.8722,2.8737,2.8717,2.8727,2.8772,2.8787,2.8767,2.8777,9
2026-07-13 09:19:00,2.8722,2.8727,2.8717,2.8727,2.8772,2.8777,2.8767,2.8777,5
2026-07-13 09:20:00,2.8722,2.8727,2.8722,2.8727,2.8772,2.8777,2.8772,2.8777,2
2026-07-13 09:21:00,2.8722,2.8727,2.8722,2.8727,2.8772,2.8777,2.8772,2.8777,2
2026-07-13 09:22:00,2.8732,2.8737,2.8727,2.8737,2.8782,2.8787,2.8777,2.8787,4
2026-07-13 09:25:00,2.8727,2.8747,2.8727,2.8737,2.8777,2.8797,2.8777,2.8787,7
2026-07-13 09:26:00,2.8747,2.8747,2.8737,2.8737,2.8797,2.8797,2.8787,2.8787,2
2026-07-13 09:27:00,2.8727,2.8737,2.8727,2.8727,2.8777,2.8787,2.8777,2.8777,11
2026-07-13 09:29:00,2.8717,2.8717,2.8717,2.8717,2.8767,2.8767,2.8767,2.8767,1
2026-07-13 09:30:00,2.8727,2.8727,2.8707,2.8727,2.8777,2.8777,2.8757,2.8777,13
2026-07-13 09:31:00,2.8737,2.8737,2.8717,2.8717,2.8787,2.8787,2.8767,2.8767,8
2026-07-13 09:32:00,2.8712,2.8717,2.8707,2.8707,2.8762,2.8767,2.8757,2.8757,18
2026-07-13 09:34:00,2.8697,2.8707,2.8697,2.8697,2.8747,2.8757,2.8747,2.8747,3
2026-07-13 09:35:00,2.8687,2.8697,2.8687,2.8697,2.8737,2.8747,2.8737,2.8747,8
2026-07-13 09:36:00,2.8702,2.8707,2.8697,2.8697,2.8752,2.8757,2.8747,2.8747,3
2026-07-13 09:37:00,2.8687,2.8697,2.8677,2.8677,2.8737,2.8747,2.8727,2.8727,4
2026-07-13 09:38:00,2.8667,2.8667,2.8637,2.8647,2.8717,2.8717,2.8687,2.8697,7
2026-07-13 09:39:00,2.8642,2.8647,2.8637,2.8637,2.8692,2.8697,2.8687,2.8687,4
2026-07-13 09:40:00,2.8627,2.8637,2.8607,2.8607,2.8677,2.8687,2.8657,2.8657,25
2026-07-13 09:41:00,2.8617,2.8637,2.8617,2.8617,2.8667,2.8687,2.8667,2.8667,18
2026-07-13 09:42:00,2.8607,2.8617,2.8607,2.8617,2.8657,2.8667,2.8657,2.8667,2
2026-07-13 09:43:00,2.8627,2.8627,2.8617,2.8627,2.8677,2.8677,2.8667,2.8677,12
2026-07-13 09:44:00,2.8637,2.8637,2.8617,2.8637,2.8687,2.8687,2.8667,2.8687,8
2026-07-13 09:45:00,2.8627,2.8637,2.8627,2.8637,2.8677,2.8687,2.8677,2.8687,6
2026-07-13 09:46:00,2.8647,2.8647,2.8637,2.8637,2.8697,2.8697,2.8687,2.8687,2
2026-07-13 09:48:00,2.8647,2.8647,2.8637,2.8647,2.8697,2.8697,2.8687,2.8697,12
2026-07-13 09:49:00,2.8642,2.8647,2.8637,2.8637,2.8692,2.8697,2.8687,2.8687,4
2026-07-13 09:50:00,2.8647,2.8657,2.8622,2.8627,2.8697,2.8707,2.8672,2.8677,7
2026-07-13 09:51:00,2.8617,2.8617,2.8607,2.8617,2.8667,2.8667,2.8657,2.8667,7
2026-07-13 09:52:00,2.8612,2.8612,2.8607,2.8607,2.8662,2.8662,2.8657,2.8657,2
2026-07-13 09:53:00,2.8617,2.8627,2.8617,2.8627,2.8667,2.8677,2.8667,2.8677,2
2026-07-13 09:54:00,2.8617,2.8617,2.8617,2.8617,2.8667,2.8667,2.8667,2.8667,1
2026-07-13 09:55:00,2.8607,2.8607,2.8587,2.8607,2.8657,2.8657,2.8637,2.8657,8
2026-07-13 09:57:00,2.8617,2.8617,2.8597,2.8597,2.8667,2.8667,2.8647,2.8647,7
2026-07-13 09:58:00,2.8607,2.8607,2.8607,2.8607,2.8657,2.8657,2.8657,2.8657,1
2026-07-13 10:00:00,2.8597,2.8602,2.8557,2.8557,2.8647,2.8652,2.8607,2.8607,15
2026-07-13 10:01:00,2.8552,2.8577,2.8552,2.8567,2.8602,2.8627,2.8602,2.8617,5
2026-07-13 10:02:00,2.8562,2.8562,2.8537,2.8537,2.8612,2.8612,2.8587,2.8587,9
2026-07-13 10:03:00,2.8527,2.8547,2.8527,2.8537,2.8577,2.8597,2.8577,2.8587,18
2026-07-13 10:04:00,2.8542,2.8557,2.8537,2.8547,2.8592,2.8607,2.8587,2.8597,11
2026-07-13 10:05:00,2.8552,2.8567,2.8552,2.8557,2.8602,2.8617,2.8602,2.8607,14
2026-07-13 10:06:00,2.8547,2.8547,2.8527,2.8532,2.8597,2.8597,2.8577,2.8582,18
2026-07-13 10:07:00,2.8537,2.8547,2.8537,2.8537,2.8587,2.8597,2.8587,2.8587,3
2026-07-13 10:09:00,2.8547,2.8547,2.8537,2.8547,2.8597,2.8597,2.8587,2.8597,3
2026-07-13 10:10:00,2.8537,2.8537,2.8537,2.8537,2.8587,2.8587,2.8587,2.8587,1
2026-07-13 10:11:00,2.8527,2.8527,2.8507,2.8512,2.8577,2.8577,2.8557,2.8562,9
2026-07-13 10:12:00,2.8517,2.8527,2.8512,2.8527,2.8567,2.8577,2.8562,2.8577,9
2026-07-13 10:13:00,2.8522,2.8522,2.8507,2.8517,2.8572,2.8572,2.8557,2.8567,14
2026-07-13 10:14:00,2.8527,2.8547,2.8527,2.8547,2.8577,2.8597,2.8577,2.8597,3
2026-07-13 10:16:00,2.8552,2.8567,2.8547,2.8557,2.8602,2.8617,2.8597,2.8607,5
2026-07-13 10:17:00,2.8567,2.8587,2.8557,2.8577,2.8617,2.8637,2.8607,2.8627,12
2026-07-13 10:18:00,2.8567,2.8567,2.8547,2.8552,2.8617,2.8617,2.8597,2.8602,15
2026-07-13 10:19:00,2.8557,2.8557,2.8547,2.8547,2.8607,2.8607,2.8597,2.8597,11
2026-07-13 10:20:00,2.8552,2.8607,2.8552,2.8597,2.8602,2.8657,2.8602,2.8647,15
2026-07-13 10:21:00,2.8607,2.8627,2.8607,2.8627,2.8657,2.8677,2.8657,2.8677,8
2026-07-13 10:22:00,2.8617,2.8627,2.8617,2.8617,2.8667,2.8677,2.8667,2.8667,10
2026-07-13 10:23:00,2.8627,2.8627,2.8627,2.8627,2.8677,2.8677,2.8677,2.8677,1
2026-07-13 10:24:00,2.8617,2.8637,2.8617,2.8627,2.8667,2.8687,2.8667,2.8677,7
2026-07-13 10:25:00,2.8622,2.8627,2.8617,2.8617,2.8672,2.8677,2.8667,2.8667,4
2026-07-13 10:26:00,2.8607,2.8627,2.8607,2.8622,2.8657,2.8677,2.8657,2.8672,15
2026-07-13 10:27:00,2.8617,2.8627,2.8607,2.8607,2.8667,2.8677,2.8657,2.8657,6
2026-07-13 10:28:00,2.8617,2.8627,2.8617,2.8627,2.8667,2.8677,2.8667,2.8677,5
2026-07-13 10:29:00,2.8622,2.8622,2.8597,2.8617,2.8672,2.8672,2.8647,2.8667,10
2026-07-13 10:31:00,2.8627,2.8627,2.8617,2.8627,2.8677,2.8677,2.8667,2.8677,3
2026-07-13 10:32:00,2.8637,2.8677,2.8637,2.8657,2.8687,2.8727,2.8687,2.8707,18
2026-07-13 10:33:00,2.8667,2.8697,2.8667,2.8697,2.8717,2.8747,2.8717,2.8747,5
2026-07-13 10:34:00,2.8687,2.8687,2.8677,2.8677,2.8737,2.8737,2.8727,2.8727,2
2026-07-13 10:35:00,2.8687,2.8687,2.8642,2.8647,2.8737,2.8737,2.8692,2.8697,7
2026-07-13 10:36:00,2.8657,2.8667,2.8647,2.8657,2.8707,2.8717,2.8697,2.8707,8
2026-07-13 10:37:00,2.8667,2.8667,2.8667,2.8667,2.8717,2.8717,2.8717,2.8717,1
2026-07-13 10:38:00,2.8677,2.8687,2.8657,2.8677,2.8727,2.8737,2.8707,2.8727,8
2026-07-13 10:39:00,2.8687,2.8687,2.8687,2.8687,2.8737,2.8737,2.8737,2.8737,1
2026-07-13 10:40:00,2.8697,2.8697,2.8667,2.8667,2.8747,2.8747,2.8717,2.8717,7
2026-07-13 10:41:00,2.8677,2.8677,2.8647,2.8657,2.8727,2.8727,2.8697,2.8707,8
2026-07-13 10:42:00,2.8667,2.8667,2.8657,2.8657,2.8717,2.8717,2.8707,2.8707,5
2026-07-13 10:43:00,2.8667,2.8707,2.8667,2.8687,2.8717,2.8757,2.8717,2.8737,11
2026-07-13 10:44:00,2.8697,2.8697,2.8677,2.8677,2.8747,2.8747,2.8727,2.8727,11
2026-07-13 10:45:00,2.8667,2.8677,2.8667,2.8677,2.8717,2.8727,2.8717,2.8727,5
2026-07-13 10:46:00,2.8687,2.8697,2.8687,2.8687,2.8737,2.8747,2.8737,2.8737,3
2026-07-13 10:47:00,2.8697,2.8697,2.8687,2.8687,2.8747,2.8747,2.8737,2.8737,6
2026-07-13 10:48:00,2.8697,2.8697,2.8687,2.8687,2.8747,2.8747,2.8737,2.8737,16
2026-07-13 10:49:00,2.8677,2.8677,2.8657,2.8672,2.8727,2.8727,2.8707,2.8722,15
2026-07-13 10:50:00,2.8667,2.8677,2.8667,2.8677,2.8717,2.8727,2.8717,2.8727,6
2026-07-13 10:51:00,2.8672,2.8672,2.8667,2.8667,2.8722,2.8722,2.8717,2.8717,4
2026-07-13 10:52:00,2.8657,2.8667,2.8647,2.8657,2.8707,2.8717,2.8697,2.8707,7
2026-07-13 10:53:00,2.8667,2.8667,2.8647,2.8647,2.8717,2.8717,2.8697,2.8697,3
2026-07-13 10:55:00,2.8637,2.8647,2.8627,2.8632,2.8687,2.8697,2.8677,2.8682,15
2026-07-13 10:56:00,2.8637,2.8637,2.8607,2.8627,2.8687,2.8687,2.8657,2.8677,15
2026-07-13 10:57:00,2.8637,2.8637,2.8617,2.8622,2.8687,2.8687,2.8667,2.8672,8
2026-07-13 10:58:00,2.8617,2.8617,2.8607,2.8617,2.8667,2.8667,2.8657,2.8667,7
2026-07-13 10:59:00,2.8627,2.8637,2.8622,2.8637,2.8677,2.8687,2.8672,2.8687,6
2026-07-13 11:00:00,2.8647,2.8657,2.8647,2.8647,2.8697,2.8707,2.8697,2.8697,12
2026-07-13 11:01:00,2.8642,2.8677,2.8642,2.8677,2.8692,2.8727,2.8692,2.8727,16
2026-07-13 11:02:00,2.8682,2.8687,2.8677,2.8677,2.8732,2.8737,2.8727,2.8727,6
2026-07-13 11:03:00,2.8682,2.8687,2.8657,2.8657,2.8732,2.8737,2.8707,2.8707,11
2026-07-13 11:04:00,2.8652,2.8657,2.8647,2.8652,2.8702,2.8707,2.8697,2.8702,12
2026-07-13 11:05:00,2.8657,2.8657,2.8637,2.8637,2.8707,2.8707,2.8687,2.8687,5
2026-07-13 11:06:00,2.8632,2.8632,2.8617,2.8627,2.8682,2.8682,2.8667,2.8677,5
2026-07-13 11:07:00,2.8622,2.8627,2.8622,2.8627,2.8672,2.8677,2.8672,2.8677,2
2026-07-13 11:08:00,2.8617,2.8632,2.8617,2.8622,2.8667,2.8682,2.8667,2.8672,5
2026-07-13 11:09:00,2.8627,2.8627,2.8617,2.8627,2.8677,2.8677,2.8667,2.8677,5
2026-07-13 11:10:00,2.8637,2.8637,2.8627,2.8637,2.8687,2.8687,2.8677,2.8687,7
2026-07-13 11:11:00,2.8627,2.8627,2.8607,2.8607,2.8677,2.8677,2.8657,2.8657,6
2026-07-13 11:12:00,2.8617,2.8627,2.8602,2.8607,2.8667,2.8677,2.8652,2.8657,9
2026-07-13 11:13:00,2.8602,2.8607,2.8587,2.8592,2.8652,2.8657,2.8637,2.8642,14
2026-07-13 11:14:00,2.8597,2.8607,2.8597,2.8602,2.8647,2.8657,2.8647,2.8652,4
2026-07-13 11:15:00,2.8597,2.8607,2.8597,2.8607,2.8647,2.8657,2.8647,2.8657,5
2026-07-13 11:16:00,2.8602,2.8607,2.8597,2.8607,2.8652,2.8657,2.8647,2.8657,6
2026-07-13 11:17:00,2.8597,2.8607,2.8587,2.8592,2.8647,2.8657,2.8637,2.8642,15
2026-07-13 11:18:00,2.8597,2.8597,2.8577,2.8582,2.8647,2.8647,2.8627,2.8632,10
2026-07-13 11:19:00,2.8587,2.8587,2.8577,2.8582,2.8637,2.8637,2.8627,2.8632,12
2026-07-13 11:20:00,2.8577,2.8587,2.8562,2.8567,2.8627,2.8637,2.8612,2.8617,12
2026-07-13 11:21:00,2.8562,2.8567,2.8557,2.8567,2.8612,2.8617,2.8607,2.8617,5
2026-07-13 11:22:00,2.8562,2.8567,2.8547,2.8557,2.8612,2.8617,2.8597,2.8607,13
2026-07-13 11:23:00,2.8562,2.8567,2.8557,2.8557,2.8612,2.8617,2.8607,2.8607,4
2026-07-13 11:24:00,2.8562,2.8577,2.8557,2.8577,2.8612,2.8627,2.8607,2.8627,6
2026-07-13 11:25:00,2.8587,2.8587,2.8577,2.8577,2.8637,2.8637,2.8627,2.8627,2
2026-07-13 11:26:00,2.8587,2.8607,2.8587,2.8597,2.8637,2.8657,2.8637,2.8647,6
2026-07-13 11:27:00,2.8602,2.8617,2.8597,2.8617,2.8652,2.8667,2.8647,2.8667,12
2026-07-13 11:28:00,2.8607,2.8617,2.8597,2.8597,2.8657,2.8667,2.8647,2.8647,12
2026-07-13 11:29:00,2.8607,2.8607,2.8597,2.8607,2.8657,2.8657,2.8647,2.8657,13
2026-07-13 11:30:00,2.8597,2.8607,2.8597,2.8607,2.8647,2.8657,2.8647,2.8657,5
2026-07-13 11:31:00,2.8602,2.8687,2.8602,2.8672,2.8652,2.8737,2.8652,2.8722,34
2026-07-13 11:32:00,2.8677,2.8697,2.8647,2.8657,2.8727,2.8747,2.8697,2.8707,28
2026-07-13 11:33:00,2.8667,2.8667,2.8657,2.8662,2.8717,2.8717,2.8707,2.8712,12
2026-07-13 11:34:00,2.8667,2.8677,2.8667,2.8677,2.8717,2.8727,2.8717,2.8727,4
2026-07-13 11:37:00,2.8667,2.8667,2.8657,2.8657,2.8717,2.8717,2.8707,2.8707,2
2026-07-13 11:38:00,2.8647,2.8657,2.8647,2.8657,2.8697,2.8707,2.8697,2.8707,2
2026-07-13 11:40:00,2.8652,2.8657,2.8652,2.8657,2.8702,2.8707,2.8702,2.8707,2
2026-07-13 11:41:00,2.8667,2.8667,2.8657,2.8657,2.8717,2.8717,2.8707,2.8707,2
2026-07-13 11:42:00,2.8662,2.8672,2.8662,2.8667,2.8712,2.8722,2.8712,2.8717,4
2026-07-13 11:43:00,2.8677,2.8677,2.8677,2.8677,2.8727,2.8727,2.8727,2.8727,1
2026-07-13 11:44:00,2.8667,2.8677,2.8667,2.8667,2.8717,2.8727,2.8717,2.8717,3
2026-07-13 11:45:00,2.8672,2.8677,2.8667,2.8667,2.8722,2.8727,2.8717,2.8717,3
2026-07-13 11:46:00,2.8677,2.8677,2.8667,2.8667,2.8727,2.8727,2.8717,2.8717,2
2026-07-13 11:48:00,2.8677,2.8677,2.8667,2.8677,2.8727,2.8727,2.8717,2.8727,4
2026-07-13 11:49:00,2.8667,2.8677,2.8647,2.8667,2.8717,2.8727,2.8697,2.8717,19
2026-07-13 11:50:00,2.8657,2.8677,2.8657,2.8657,2.8707,2.8727,2.8707,2.8707,17
2026-07-13 11:53:00,2.8667,2.8667,2.8657,2.8657,2.8717,2.8717,2.8707,2.8707,3
2026-07-13 11:54:00,2.8662,2.8667,2.8662,2.8667,2.8712,2.8717,2.8712,2.8717,2
2026-07-13 11:55:00,2.8672,2.8677,2.8657,2.8667,2.8722,2.8727,2.8707,2.8717,7
2026-07-13 11:56:00,2.8672,2.8672,2.8672,2.8672,2.8722,2.8722,2.8722,2.8722,1
2026-07-13 11:57:00,2.8667,2.8687,2.8657,2.8657,2.8717,2.8737,2.8707,2.8707,12
2026-07-13 11:58:00,2.8647,2.8667,2.8647,2.8667,2.8697,2.8717,2.8697,2.8717,3
2026-07-13 11:59:00,2.8657,2.8657,2.8617,2.8617,2.8707,2.8707,2.8667,2.8667,5
2026-07-13 12:00:00,2.8607,2.8627,2.8607,2.8617,2.8657,2.8677,2.8657,2.8667,9
2026-07-13 12:01:00,2.8607,2.8627,2.8567,2.8577,2.8657,2.8677,2.8617,2.8627,25
2026-07-13 12:02:00,2.8587,2.8587,2.8572,2.8587,2.8637,2.8637,2.8622,2.8637,9
2026-07-13 12:03:00,2.8597,2.8597,2.8587,2.8587,2.8647,2.8647,2.8637,2.8637,6
2026-07-13 12:04:00,2.8597,2.8597,2.8592,2.8592,2.8647,2.8647,2.8642,2.8642,4
2026-07-13 12:05:00,2.8597,2.8627,2.8587,2.8607,2.8647,2.8677,2.8637,2.8657,24
2026-07-13 12:06:00,2.8597,2.8597,2.8597,2.8597,2.8647,2.8647,2.8647,2.8647,1
2026-07-13 12:07:00,2.8607,2.8607,2.8607,2.8607,2.8657,2.8657,2.8657,2.8657,1
2026-07-13 12:08:00,2.8597,2.8597,2.8587,2.8592,2.8647,2.8647,2.8637,2.8642,4
2026-07-13 12:09:00,2.8597,2.8597,2.8597,2.8597,2.8647,2.8647,2.8647,2.8647,1
2026-07-13 12:10:00,2.8577,2.8607,2.8567,2.8597,2.8627,2.8657,2.8617,2.8647,7
2026-07-13 12:11:00,2.8607,2.8637,2.8607,2.8637,2.8657,2.8687,2.8657,2.8687,5
2026-07-13 12:12:00,2.8627,2.8637,2.8617,2.8627,2.8677,2.8687,2.8667,2.8677,8
2026-07-13 12:13:00,2.8617,2.8627,2.8617,2.8617,2.8667,2.8677,2.8667,2.8667,5
2026-07-13 12:14:00,2.8627,2.8627,2.8617,2.8617,2.8677,2.8677,2.8667,2.8667,4
2026-07-13 12:15:00,2.8622,2.8627,2.8617,2.8627,2.8672,2.8677,2.8667,2.8677,3
2026-07-13 12:16:00,2.8617,2.8627,2.8617,2.8617,2.8667,2.8677,2.8667,2.8667,5
2026-07-13 12:17:00,2.8627,2.8657,2.8627,2.8637,2.8677,2.8707,2.8677,2.8687,9
2026-07-13 12:18:00,2.8632,2.8632,2.8577,2.8607,2.8682,2.8682,2.8627,2.8657,12
2026-07-13 12:19:00,2.8597,2.8597,2.8577,2.8597,2.8647,2.8647,2.8627,2.8647,7
2026-07-13 12:20:00,2.8592,2.8597,2.8557,2.8567,2.8642,2.8647,2.8607,2.8617,11
2026-07-13 12:21:00,2.8557,2.8577,2.8557,2.8577,2.8607,2.8627,2.8607,2.8627,3
2026-07-13 12:22:00,2.8582,2.8587,2.8577,2.8587,2.8632,2.8637,2.8627,2.8637,5
2026-07-13 12:25:00,2.8597,2.8617,2.8597,2.8607,2.8647,2.8667,2.8647,2.8657,6
2026-07-13 12:26:00,2.8597,2.8597,2.8592,2.8597,2.8647,2.8647,2.8642,2.8647,3
2026-07-13 12:27:00,2.8607,2.8607,2.8597,2.8597,2.8657,2.8657,2.8647,2.8647,2
2026-07-13 12:28:00,2.8607,2.8607,2.8587,2.8597,2.8657,2.8657,2.8637,2.8647,7
2026-07-13 12:29:00,2.8607,2.8617,2.8607,2.8617,2.8657,2.8667,2.8657,2.8667,2
2026-07-13 12:30:00,2.8627,2.8637,2.8627,2.8637,2.8677,2.8687,2.8677,2.8687,6
2026-07-13 12:31:00,2.8632,2.8632,2.8627,2.8627,2.8682,2.8682,2.8677,2.8677,2
2026-07-13 12:32:00,2.8622,2.8627,2.8622,2.8627,2.8672,2.8677,2.8672,2.8677,2
2026-07-13 12:35:00,2.8617,2.8627,2.8607,2.8617,2.8667,2.8677,2.8657,2.8667,9
2026-07-13 12:36:00,2.8622,2.8677,2.8622,2.8677,2.8672,2.8727,2.8672,2.8727,13
2026-07-13 12:37:00,2.8682,2.8682,2.8657,2.8677,2.8732,2.8732,2.8707,2.8727,12
2026-07-13 12:38:00,2.8687,2.8687,2.8657,2.8667,2.8737,2.8737,2.8707,2.8717,10
2026-07-13 12:41:00,2.8672,2.8672,2.8657,2.8657,2.8722,2.8722,2.8707,2.8707,5
2026-07-13 12:42:00,2.8662,2.8667,2.8657,2.8667,2.8712,2.8717,2.8707,2.8717,11
2026-07-13 12:43:00,2.8672,2.8672,2.8657,2.8657,2.8722,2.8722,2.8707,2.8707,3
2026-07-13 12:44:00,2.8667,2.8667,2.8667,2.8667,2.8717,2.8717,2.8717,2.8717,1
2026-07-13 12:45:00,2.8657,2.8747,2.8657,2.8747,2.8707,2.8797,2.8707,2.8797,20
2026-07-13 12:46:00,2.8757,2.8767,2.8727,2.8732,2.8807,2.8817,2.8777,2.8782,18
2026-07-13 12:47:00,2.8737,2.8757,2.8737,2.8747,2.8787,2.8807,2.8787,2.8797,9
2026-07-13 12:48:00,2.8737,2.8747,2.8737,2.8737,2.8787,2.8797,2.8787,2.8787,6
2026-07-13 12:50:00,2.8742,2.8747,2.8737,2.8737,2.8792,2.8797,2.8787,2.8787,22
2026-07-13 12:51:00,2.8742,2.8742,2.8737,2.8737,2.8792,2.8792,2.8787,2.8787,4
2026-07-13 12:52:00,2.8727,2.8727,2.8677,2.8687,2.8777,2.8777,2.8727,2.8737,20
2026-07-13 12:53:00,2.8677,2.8677,2.8647,2.8657,2.8727,2.8727,2.8697,2.8707,14
2026-07-13 12:54:00,2.8647,2.8667,2.8647,2.8667,2.8697,2.8717,2.8697,2.8717,12
2026-07-13 12:55:00,2.8657,2.8677,2.8647,2.8647,2.8707,2.8727,2.8697,2.8697,10
2026-07-13 12:56:00,2.8637,2.8637,2.8617,2.8637,2.8687,2.8687,2.8667,2.8687,5
2026-07-13 12:57:00,2.8647,2.8657,2.8647,2.8647,2.8697,2.8707,2.8697,2.8697,3
2026-07-13 12:58:00,2.8637,2.8647,2.8627,2.8642,2.8687,2.8697,2.8677,2.8692,7
2026-07-13 12:59:00,2.8637,2.8667,2.8637,2.8667,2.8687,2.8717,2.8687,2.8717,13
2026-07-13 13:00:00,2.8637,2.8677,2.8617,2.8647,2.8687,2.8727,2.8667,2.8697,33
2026-07-13 13:01:00,2.8657,2.8697,2.8657,2.8677,2.8707,2.8747,2.8707,2.8727,19
2026-07-13 13:02:00,2.8667,2.8697,2.8667,2.8687,2.8717,2.8747,2.8717,2.8737,5
2026-07-13 13:03:00,2.8682,2.8687,2.8632,2.8637,2.8732,2.8737,2.8682,2.8687,9
2026-07-13 13:04:00,2.8647,2.8677,2.8637,2.8647,2.8697,2.8727,2.8687,2.8697,18
2026-07-13 13:05:00,2.8657,2.8667,2.8637,2.8647,2.8707,2.8717,2.8687,2.8697,14
2026-07-13 13:06:00,2.8642,2.8657,2.8632,2.8647,2.8692,2.8707,2.8682,2.8697,9
2026-07-13 13:07:00,2.8642,2.8652,2.8617,2.8627,2.8692,2.8702,2.8667,2.8677,11
2026-07-13 13:08:00,2.8632,2.8647,2.8627,2.8647,2.8682,2.8697,2.8677,2.8697,5
2026-07-13 13:09:00,2.8657,2.8657,2.8587,2.8647,2.8707,2.8707,2.8637,2.8697,29
2026-07-13 13:10:00,2.8652,2.8657,2.8647,2.8657,2.8702,2.8707,2.8697,2.8707,9
2026-07-13 13:11:00,2.8647,2.8657,2.8627,2.8637,2.8697,2.8707,2.8677,2.8687,9
2026-07-13 13:12:00,2.8627,2.8627,2.8617,2.8627,2.8677,2.8677,2.8667,2.8677,5
2026-07-13 13:13:00,2.8617,2.8627,2.8587,2.8627,2.8667,2.8677,2.8637,2.8677,27
2026-07-13 13:14:00,2.8617,2.8657,2.8617,2.8642,2.8667,2.8707,2.8667,2.8692,16
2026-07-13 13:15:00,2.8637,2.8637,2.8597,2.8597,2.8687,2.8687,2.8647,2.8647,12
2026-07-13 13:16:00,2.8602,2.8607,2.8527,2.8537,2.8652,2.8657,2.8577,2.8587,20
2026-07-13 13:17:00,2.8547,2.8547,2.8537,2.8547,2.8597,2.8597,2.8587,2.8597,6
2026-07-13 13:18:00,2.8537,2.8552,2.8517,2.8517,2.8587,2.8602,2.8567,2.8567,11
2026-07-13 13:19:00,2.8527,2.8547,2.8527,2.8537,2.8577,2.8597,2.8577,2.8587,12
2026-07-13 13:20:00,2.8542,2.8547,2.8507,2.8507,2.8592,2.8597,2.8557,2.8557,10
2026-07-13 13:21:00,2.8497,2.8507,2.8477,2.8507,2.8547,2.8557,2.8527,2.8557,33
2026-07-13 13:22:00,2.8517,2.8517,2.8497,2.8497,2.8567,2.8567,2.8547,2.8547,7
2026-07-13 13:23:00,2.8487,2.8507,2.8477,2.8497,2.8537,2.8557,2.8527,2.8547,11
2026-07-13 13:24:00,2.8507,2.8517,2.8497,2.8507,2.8557,2.8567,2.8547,2.8557,20
2026-07-13 13:25:00,2.8517,2.8527,2.8502,2.8517,2.8567,2.8577,2.8552,2.8567,21
2026-07-13 13:26:00,2.8527,2.8537,2.8497,2.8527,2.8577,2.8587,2.8547,2.8577,41
2026-07-13 13:27:00,2.8522,2.8527,2.8507,2.8527,2.8572,2.8577,2.8557,2.8577,14
2026-07-13 13:28:00,2.8522,2.8567,2.8522,2.8567,2.8572,2.8617,2.8572,2.8617,26
2026-07-13 13:29:00,2.8557,2.8557,2.8547,2.8547,2.8607,2.8607,2.8597,2.8597,2
2026-07-13 13:30:00,2.8557,2.8577,2.8557,2.8567,2.8607,2.8627,2.8607,2.8617,13
2026-07-13 13:31:00,2.8577,2.8607,2.8577,2.8597,2.8627,2.8657,2.8627,2.8647,12
2026-07-13 13:32:00,2.8592,2.8592,2.8587,2.8587,2.8642,2.8642,2.8637,2.8637,2
2026-07-13 13:33:00,2.8582,2.8582,2.8557,2.8562,2.8632,2.8632,2.8607,2.8612,8
2026-07-13 13:34:00,2.8557,2.8557,2.8547,2.8557,2.8607,2.8607,2.8597,2.8607,4
2026-07-13 13:35:00,2.8547,2.8557,2.8517,2.8527,2.8597,2.8607,2.8567,2.8577,15
2026-07-13 13:36:00,2.8517,2.8567,2.8517,2.8567,2.8567,2.8617,2.8567,2.8617,14
2026-07-13 13:37:00,2.8572,2.8572,2.8567,2.8567,2.8622,2.8622,2.8617,2.8617,2
2026-07-13 13:38:00,2.8557,2.8577,2.8547,2.8567,2.8607,2.8627,2.8597,2.8617,14
2026-07-13 13:39:00,2.8577,2.8647,2.8567,2.8647,2.8627,2.8697,2.8617,2.8697,22
2026-07-13 13:40:00,2.8657,2.8657,2.8622,2.8627,2.8707,2.8707,2.8672,2.8677,11
2026-07-13 13:41:00,2.8637,2.8647,2.8607,2.8622,2.8687,2.8697,2.8657,2.8672,27
2026-07-13 13:42:00,2.8617,2.8677,2.8617,2.8637,2.8667,2.8727,2.8667,2.8687,28
2026-07-13 13:43:00,2.8627,2.8667,2.8622,2.8657,2.8677,2.8717,2.8672,2.8707,16
2026-07-13 13:44:00,2.8667,2.8677,2.8657,2.8677,2.8717,2.8727,2.8707,2.8727,6
2026-07-13 13:45:00,2.8667,2.8667,2.8637,2.8647,2.8717,2.8717,2.8687,2.8697,7
2026-07-13 13:46:00,2.8642,2.8647,2.8627,2.8647,2.8692,2.8697,2.8677,2.8697,17
2026-07-13 13:47:00,2.8657,2.8657,2.8637,2.8647,2.8707,2.8707,2.8687,2.8697,13
2026-07-13 13:48:00,2.8637,2.8657,2.8597,2.8617,2.8687,2.8707,2.8647,2.8667,27
2026-07-13 13:49:00,2.8627,2.8637,2.8617,2.8617,2.8677,2.8687,2.8667,2.8667,14
2026-07-13 13:50:00,2.8607,2.8617,2.8607,2.8607,2.8657,2.8667,2.8657,2.8657,13
2026-07-13 13:51:00,2.8617,2.8647,2.8607,2.8647,2.8667,2.8697,2.8657,2.8697,19
2026-07-13 13:52:00,2.8657,2.8667,2.8597,2.8597,2.8707,2.8717,2.8647,2.8647,26
2026-07-13 13:53:00,2.8607,2.8617,2.8587,2.8587,2.8657,2.8667,2.8637,2.8637,10
2026-07-13 13:54:00,2.8577,2.8577,2.8497,2.8547,2.8627,2.8627,2.8547,2.8597,36
2026-07-13 13:55:00,2.8542,2.8587,2.8527,2.8567,2.8592,2.8637,2.8577,2.8617,33
2026-07-13 13:56:00,2.8572,2.8592,2.8567,2.8567,2.8622,2.8642,2.8617,2.8617,19
2026-07-13 13:57:00,2.8572,2.8577,2.8557,2.8557,2.8622,2.8627,2.8607,2.8607,4
2026-07-13 13:58:00,2.8567,2.8567,2.8547,2.8557,2.8617,2.8617,2.8597,2.8607,14
2026-07-13 13:59:00,2.8567,2.8577,2.8557,2.8567,2.8617,2.8627,2.8607,2.8617,12
2026-07-13 14:00:00,2.8557,2.8647,2.8557,2.8627,2.8607,2.8697,2.8607,2.8677,61
2026-07-13 14:01:00,2.8617,2.8667,2.8617,2.8632,2.8667,2.8717,2.8667,2.8682,26
2026-07-13 14:02:00,2.8627,2.8707,2.8627,2.8697,2.8677,2.8757,2.8677,2.8747,26
2026-07-13 14:03:00,2.8707,2.8777,2.8697,2.8717,2.8757,2.8827,2.8747,2.8767,39
2026-07-13 14:04:00,2.8727,2.8757,2.8707,2.8752,2.8777,2.8807,2.8757,2.8802,24
2026-07-13 14:05:00,2.8757,2.8767,2.8727,2.8752,2.8807,2.8817,2.8777,2.8802,36
2026-07-13 14:06:00,2.8747,2.8867,2.8747,2.8802,2.8797,2.8917,2.8797,2.8852,89
2026-07-13 14:07:00,2.8797,2.8857,2.8787,2.8807,2.8847,2.8907,2.8837,2.8857,43
2026-07-13 14:08:00,2.8812,2.8837,2.8767,2.8767,2.8862,2.8887,2.8817,2.8817,34
2026-07-13 14:09:00,2.8762,2.8767,2.8737,2.8747,2.8812,2.8817,2.8787,2.8797,8
2026-07-13 14:10:00,2.8737,2.8747,2.8637,2.8652,2.8787,2.8797,2.8687,2.8702,50
2026-07-13 14:11:00,2.8657,2.8677,2.8642,2.8657,2.8707,2.8727,2.8692,2.8707,58
2026-07-13 14:12:00,2.8662,2.8672,2.8647,2.8657,2.8712,2.8722,2.8697,2.8707,20
2026-07-13 14:13:00,2.8652,2.8652,2.8567,2.8572,2.8702,2.8702,2.8617,2.8622,51
2026-07-13 14:14:00,2.8577,2.8607,2.8567,2.8602,2.8627,2.8657,2.8617,2.8652,34
2026-07-13 14:15:00,2.8597,2.8597,2.8447,2.8472,2.8647,2.8647,2.8497,2.8522,94
2026-07-13 14:16:00,2.8447,2.8522,2.8437,2.8517,2.8497,2.8572,2.8487,2.8567,56
2026-07-13 14:17:00,2.8527,2.8537,2.8497,2.8522,2.8577,2.8587,2.8547,2.8572,33
2026-07-13 14:18:00,2.8517,2.8617,2.8517,2.8607,2.8567,2.8667,2.8567,2.8657,41
2026-07-13 14:19:00,2.8602,2.8607,2.8547,2.8587,2.8652,2.8657,2.8597,2.8637,34
2026-07-13 14:20:00,2.8582,2.8627,2.8582,2.8627,2.8632,2.8677,2.8632,2.8677,24
2026-07-13 14:21:00,2.8622,2.8727,2.8607,2.8727,2.8672,2.8777,2.8657,2.8777,60
2026-07-13 14:22:00,2.8732,2.8767,2.8677,2.8687,2.8782,2.8817,2.8727,2.8737,36
2026-07-13 14:23:00,2.8692,2.8727,2.8687,2.8697,2.8742,2.8777,2.8737,2.8747,25
2026-07-13 14:24:00,2.8687,2.8717,2.8657,2.8697,2.8737,2.8767,2.8707,2.8747,38
2026-07-13 14:25:00,2.8687,2.8717,2.8607,2.8622,2.8737,2.8767,2.8657,2.8672,33
2026-07-13 14:26:00,2.8617,2.8627,2.8577,2.8617,2.8667,2.8677,2.8627,2.8667,36
2026-07-13 14:27:00,2.8612,2.8612,2.8572,2.8597,2.8662,2.8662,2.8622,2.8647,25
2026-07-13 14:28:00,2.8602,2.8647,2.8602,2.8617,2.8652,2.8697,2.8652,2.8667,28
2026-07-13 14:29:00,2.8602,2.8637,2.8602,2.8637,2.8652,2.8687,2.8652,2.8687,14
2026-07-13 14:30:00,2.8647,2.8667,2.8607,2.8617,2.8697,2.8717,2.8657,2.8667,21
2026-07-13 14:31:00,2.8627,2.8637,2.8587,2.8627,2.8677,2.8687,2.8637,2.8677,47
2026-07-13 14:32:00,2.8622,2.8627,2.8567,2.8587,2.8672,2.8677,2.8617,2.8637,27
2026-07-13 14:33:00,2.8597,2.8597,2.8562,2.8562,2.8647,2.8647,2.8612,2.8612,22
2026-07-13 14:34:00,2.8567,2.8622,2.8567,2.8607,2.8617,2.8672,2.8617,2.8657,47
2026-07-13 14:35:00,2.8612,2.8647,2.8612,2.8627,2.8662,2.8697,2.8662,2.8677,28
2026-07-13 14:36:00,2.8632,2.8667,2.8632,2.8667,2.8682,2.8717,2.8682,2.8717,28
2026-07-13 14:37:00,2.8657,2.8697,2.8627,2.8637,2.8707,2.8747,2.8677,2.8687,21
2026-07-13 14:38:00,2.8642,2.8657,2.8637,2.8647,2.8692,2.8707,2.8687,2.8697,13
2026-07-13 14:39:00,2.8642,2.8707,2.8637,2.8687,2.8692,2.8757,2.8687,2.8737,22
2026-07-13 14:40:00,2.8677,2.8677,2.8637,2.8637,2.8727,2.8727,2.8687,2.8687,23
2026-07-13 14:41:00,2.8647,2.8647,2.8647,2.8647,2.8697,2.8697,2.8697,2.8697,1
2026-07-13 14:42:00,2.8652,2.8682,2.8652,2.8677,2.8702,2.8732,2.8702,2.8727,17
2026-07-13 14:43:00,2.8687,2.8687,2.8607,2.8642,2.8737,2.8737,2.8657,2.8692,29
2026-07-13 14:44:00,2.8647,2.8677,2.8627,2.8627,2.8697,2.8727,2.8677,2.8677,26
2026-07-13 14:45:00,2.8617,2.8627,2.8587,2.8602,2.8667,2.8677,2.8637,2.8652,38
2026-07-13 14:46:00,2.8607,2.8627,2.8597,2.8617,2.8657,2.8677,2.8647,2.8667,19
2026-07-13 14:47:00,2.8627,2.8627,2.8607,2.8622,2.8677,2.8677,2.8657,2.8672,25
2026-07-13 14:48:00,2.8627,2.8637,2.8547,2.8552,2.8677,2.8687,2.8597,2.8602,53
2026-07-13 14:49:00,2.8547,2.8547,2.8507,2.8532,2.8597,2.8597,2.8557,2.8582,47
2026-07-13 14:50:00,2.8527,2.8567,2.8527,2.8537,2.8577,2.8617,2.8577,2.8587,26
2026-07-13 14:51:00,2.8547,2.8547,2.8517,2.8527,2.8597,2.8597,2.8567,2.8577,28
2026-07-13 14:52:00,2.8517,2.8537,2.8487,2.8497,2.8567,2.8587,2.8537,2.8547,42
2026-07-13 14:53:00,2.8507,2.8537,2.8507,2.8532,2.8557,2.8587,2.8557,2.8582,25
2026-07-13 14:54:00,2.8537,2.8587,2.8537,2.8557,2.8587,2.8637,2.8587,2.8607,19
2026-07-13 14:55:00,2.8562,2.8577,2.8557,2.8572,2.8612,2.8627,2.8607,2.8622,24
2026-07-13 14:56:00,2.8567,2.8597,2.8567,2.8587,2.8617,2.8647,2.8617,2.8637,10
2026-07-13 14:57:00,2.8577,2.8577,2.8527,2.8572,2.8627,2.8627,2.8577,2.8622,30
2026-07-13 14:58:00,2.8582,2.8597,2.8532,2.8532,2.8632,2.8647,2.8582,2.8582,37
2026-07-13 14:59:00,2.8527,2.8547,2.8517,2.8542,2.8577,2.8597,2.8567,2.8592,20
2026-07-13 15:00:00,2.8537,2.8587,2.8527,2.8577,2.8587,2.8637,2.8577,2.8627,95
2026-07-13 15:01:00,2.8567,2.8607,2.8567,2.8587,2.8617,2.8657,2.8617,2.8637,69
2026-07-13 15:02:00,2.8582,2.8627,2.8577,2.8607,2.8632,2.8677,2.8627,2.8657,54
2026-07-13 15:03:00,2.8617,2.8642,2.8567,2.8607,2.8667,2.8692,2.8617,2.8657,61
2026-07-13 15:04:00,2.8617,2.8647,2.8577,2.8577,2.8667,2.8697,2.8627,2.8627,30
2026-07-13 15:05:00,2.8582,2.8597,2.8497,2.8527,2.8632,2.8647,2.8547,2.8577,45
2026-07-13 15:06:00,2.8537,2.8547,2.8482,2.8512,2.8587,2.8597,2.8532,2.8562,62
2026-07-13 15:07:00,2.8517,2.8567,2.8457,2.8567,2.8567,2.8617,2.8507,2.8617,101
2026-07-13 15:08:00,2.8557,2.8557,2.8477,2.8477,2.8607,2.8607,2.8527,2.8527,28
2026-07-13 15:09:00,2.8467,2.8467,2.8417,2.8437,2.8517,2.8517,2.8467,2.8487,79
2026-07-13 15:10:00,2.8442,2.8467,2.8432,2.8457,2.8492,2.8517,2.8482,2.8507,34
2026-07-13 15:11:00,2.8447,2.8467,2.8407,2.8457,2.8497,2.8517,2.8457,2.8507,30
2026-07-13 15:12:00,2.8447,2.8497,2.8447,2.8477,2.8497,2.8547,2.8497,2.8527,13
2026-07-13 15:13:00,2.8487,2.8497,2.8447,2.8457,2.8537,2.8547,2.8497,2.8507,42
2026-07-13 15:14:00,2.8447,2.8457,2.8417,2.8432,2.8497,2.8507,2.8467,2.8482,21
2026-07-13 15:15:00,2.8437,2.8437,2.8387,2.8417,2.8487,2.8487,2.8437,2.8467,52
2026-07-13 15:16:00,2.8412,2.8457,2.8407,2.8457,2.8462,2.8507,2.8457,2.8507,18
2026-07-13 15:17:00,2.8467,2.8477,2.8457,2.8457,2.8517,2.8527,2.8507,2.8507,21
2026-07-13 15:18:00,2.8447,2.8447,2.8407,2.8407,2.8497,2.8497,2.8457,2.8457,48
2026-07-13 15:19:00,2.8417,2.8437,2.8387,2.8407,2.8467,2.8487,2.8437,2.8457,43
2026-07-13 15:20:00,2.8397,2.8407,2.8317,2.8332,2.8447,2.8457,2.8367,2.8382,66
2026-07-13 15:21:00,2.8327,2.8337,2.8277,2.8307,2.8377,2.8387,2.8327,2.8357,51
2026-07-13 15:22:00,2.8302,2.8327,2.8267,2.8267,2.8352,2.8377,2.8317,2.8317,33
2026-07-13 15:23:00,2.8257,2.8267,2.8177,2.8187,2.8307,2.8317,2.8227,2.8237,68
2026-07-13 15:24:00,2.8197,2.8257,2.8187,2.8257,2.8247,2.8307,2.8237,2.8307,48
2026-07-13 15:25:00,2.8252,2.8282,2.8247,2.8252,2.8302,2.8332,2.8297,2.8302,44
2026-07-13 15:26:00,2.8257,2.8267,2.8227,2.8227,2.8307,2.8317,2.8277,2.8277,46
2026-07-13 15:27:00,2.8237,2.8237,2.8207,2.8237,2.8287,2.8287,2.8257,2.8287,31
2026-07-13 15:28:00,2.8247,2.8277,2.8247,2.8267,2.8297,2.8327,2.8297,2.8317,22
2026-07-13 15:29:00,2.8257,2.8287,2.8247,2.8277,2.8307,2.8337,2.8297,2.8327,32
2026-07-13 15:30:00,2.8287,2.8297,2.8257,2.8257,2.8337,2.8347,2.8307,2.8307,35
2026-07-13 15:31:00,2.8252,2.8267,2.8227,2.8237,2.8302,2.8317,2.8277,2.8287,46
2026-07-13 15:32:00,2.8227,2.8247,2.8147,2.8147,2.8277,2.8297,2.8197,2.8197,30
2026-07-13 15:33:00,2.8157,2.8227,2.8147,2.8217,2.8207,2.8277,2.8197,2.8267,48
2026-07-13 15:34:00,2.8207,2.8227,2.8197,2.8197,2.8257,2.8277,2.8247,2.8247,30
2026-07-13 15:35:00,2.8207,2.8247,2.8207,2.8227,2.8257,2.8297,2.8257,2.8277,16
2026-07-13 15:36:00,2.8217,2.8217,2.8177,2.8177,2.8267,2.8267,2.8227,2.8227,27
2026-07-13 15:37:00,2.8167,2.8197,2.8167,2.8177,2.8217,2.8247,2.8217,2.8227,31
2026-07-13 15:38:00,2.8187,2.8207,2.8177,2.8207,2.8237,2.8257,2.8227,2.8257,26
2026-07-13 15:39:00,2.8217,2.8217,2.8177,2.8177,2.8267,2.8267,2.8227,2.8227,30
2026-07-13 15:40:00,2.8187,2.8227,2.8187,2.8217,2.8237,2.8277,2.8237,2.8267,28
2026-07-13 15:41:00,2.8207,2.8207,2.8187,2.8187,2.8257,2.8257,2.8237,2.8237,13
2026-07-13 15:42:00,2.8177,2.8267,2.8177,2.8267,2.8227,2.8317,2.8227,2.8317,45
2026-07-13 15:43:00,2.8262,2.8267,2.8237,2.8237,2.8312,2.8317,2.8287,2.8287,40
2026-07-13 15:44:00,2.8227,2.8257,2.8227,2.8242,2.8277,2.8307,2.8277,2.8292,24
2026-07-13 15:45:00,2.8247,2.8247,2.8217,2.8247,2.8297,2.8297,2.8267,2.8297,12
2026-07-13 15:46:00,2.8237,2.8247,2.8197,2.8247,2.8287,2.8297,2.8247,2.8297,31
2026-07-13 15:47:00,2.8237,2.8257,2.8227,2.8237,2.8287,2.8307,2.8277,2.8287,28
2026-07-13 15:48:00,2.8247,2.8277,2.8247,2.8267,2.8297,2.8327,2.8297,2.8317,28
2026-07-13 15:49:00,2.8257,2.8277,2.8237,2.8257,2.8307,2.8327,2.8287,2.8307,26
2026-07-13 15:50:00,2.8267,2.8307,2.8257,2.8287,2.8317,2.8357,2.8307,2.8337,38
2026-07-13 15:51:00,2.8277,2.8307,2.8247,2.8257,2.8327,2.8357,2.8297,2.8307,35
2026-07-13 15:52:00,2.8267,2.8337,2.8247,2.8337,2.8317,2.8387,2.8297,2.8387,67
2026-07-13 15:53:00,2.8327,2.8327,2.8297,2.8317,2.8377,2.8377,2.8347,2.8367,29
2026-07-13 15:54:00,2.8312,2.8347,2.8297,2.8327,2.8362,2.8397,2.8347,2.8377,37
2026-07-13 15:55:00,2.8332,2.8347,2.8307,2.8317,2.8382,2.8397,2.8357,2.8367,50
2026-07-13 15:56:00,2.8327,2.8337,2.8297,2.8317,2.8377,2.8387,2.8347,2.8367,23
2026-07-13 15:57:00,2.8312,2.8317,2.8297,2.8307,2.8362,2.8367,2.8347,2.8357,13
2026-07-13 15:58:00,2.8312,2.8312,2.8267,2.8277,2.8362,2.8362,2.8317,2.8327,26
2026-07-13 15:59:00,2.8287,2.8327,2.8277,2.8322,2.8337,2.8377,2.8327,2.8372,32
2026-07-13 16:00:00,2.8317,2.8317,2.8197,2.8217,2.8367,2.8367,2.8247,2.8267,83
2026-07-13 16:01:00,2.8207,2.8287,2.8207,2.8257,2.8257,2.8337,2.8257,2.8307,73
2026-07-13 16:02:00,2.8247,2.8267,2.8247,2.8257,2.8297,2.8317,2.8297,2.8307,28
2026-07-13 16:03:00,2.8247,2.8267,2.8217,2.8217,2.8297,2.8317,2.8267,2.8267,37
2026-07-13 16:04:00,2.8222,2.8247,2.8217,2.8217,2.8272,2.8297,2.8267,2.8267,12
2026-07-13 16:05:00,2.8207,2.8212,2.8167,2.8177,2.8257,2.8257,2.8217,2.8227,14
2026-07-13 16:06:00,2.8167,2.8197,2.8157,2.8167,2.8217,2.8247,2.8207,2.8217,29
2026-07-13 16:07:00,2.8177,2.8177,2.8167,2.8167,2.8227,2.8227,2.8217,2.8217,7
2026-07-13 16:08:00,2.8157,2.8187,2.8147,2.8187,2.8207,2.8237,2.8197,2.8237,10
2026-07-13 16:09:00,2.8177,2.8217,2.8177,2.8217,2.8227,2.8267,2.8227,2.8267,43
2026-07-13 16:10:00,2.8212,2.8217,2.8177,2.8177,2.8262,2.8267,2.8227,2.8227,22
2026-07-13 16:11:00,2.8167,2.8187,2.8167,2.8182,2.8217,2.8237,2.8217,2.8232,26
2026-07-13 16:12:00,2.8187,2.8187,2.8157,2.8167,2.8237,2.8237,2.8207,2.8217,12
2026-07-13 16:13:00,2.8157,2.8187,2.8157,2.8177,2.8207,2.8237,2.8207,2.8227,14
2026-07-13 16:14:00,2.8187,2.8197,2.8177,2.8197,2.8237,2.8247,2.8227,2.8247,20
2026-07-13 16:15:00,2.8187,2.8187,2.8167,2.8177,2.8237,2.8237,2.8217,2.8227,4
2026-07-13 16:16:00,2.8187,2.8337,2.8177,2.8307,2.8237,2.8387,2.8227,2.8357,77
2026-07-13 16:17:00,2.8312,2.8327,2.8277,2.8292,2.8362,2.8377,2.8327,2.8342,100
2026-07-13 16:18:00,2.8287,2.8317,2.8267,2.8277,2.8337,2.8367,2.8317,2.8327,50
2026-07-13 16:19:00,2.8287,2.8297,2.8267,2.8277,2.8337,2.8347,2.8317,2.8327,21
2026-07-13 16:20:00,2.8287,2.8287,2.8217,2.8227,2.8337,2.8337,2.8267,2.8277,50
2026-07-13 16:21:00,2.8217,2.8277,2.8217,2.8257,2.8267,2.8327,2.8267,2.8307,33
2026-07-13 16:22:00,2.8267,2.8277,2.8227,2.8227,2.8317,2.8327,2.8277,2.8277,15
2026-07-13 16:23:00,2.8217,2.8227,2.8197,2.8207,2.8267,2.8277,2.8247,2.8257,25
2026-07-13 16:24:00,2.8202,2.8207,2.8177,2.8182,2.8252,2.8257,2.8227,2.8232,18
2026-07-13 16:25:00,2.8177,2.8187,2.8167,2.8177,2.8227,2.8237,2.8217,2.8227,25
2026-07-13 16:26:00,2.8187,2.8197,2.8157,2.8177,2.8237,2.8247,2.8207,2.8227,20
2026-07-13 16:27:00,2.8187,2.8217,2.8177,2.8217,2.8237,2.8267,2.8227,2.8267,28
2026-07-13 16:28:00,2.8227,2.8227,2.8157,2.8167,2.8277,2.8277,2.8207,2.8217,42
2026-07-13 16:29:00,2.8162,2.8177,2.8147,2.8167,2.8212,2.8227,2.8197,2.8217,28
2026-07-13 16:30:00,2.8157,2.8167,2.8137,2.8147,2.8207,2.8217,2.8187,2.8197,27
2026-07-13 16:31:00,2.8157,2.8187,2.8157,2.8177,2.8207,2.8237,2.8207,2.8227,30
2026-07-13 16:32:00,2.8187,2.8187,2.8137,2.8177,2.8237,2.8237,2.8187,2.8227,32
2026-07-13 16:33:00,2.8187,2.8197,2.8177,2.8177,2.8237,2.8247,2.8227,2.8227,18
2026-07-13 16:34:00,2.8172,2.8177,2.8167,2.8167,2.8222,2.8227,2.8217,2.8217,10
2026-07-13 16:35:00,2.8177,2.8197,2.8167,2.8187,2.8227,2.8247,2.8217,2.8237,30
2026-07-13 16:36:00,2.8197,2.8227,2.8177,2.8197,2.8247,2.8277,2.8227,2.8247,48
2026-07-13 16:37:00,2.8187,2.8187,2.8177,2.8187,2.8237,2.8237,2.8227,2.8237,20
2026-07-13 16:38:00,2.8197,2.8197,2.8177,2.8187,2.8247,2.8247,2.8227,2.8237,10
2026-07-13 16:39:00,2.8197,2.8207,2.8177,2.8187,2.8247,2.8257,2.8227,2.8237,17
2026-07-13 16:40:00,2.8197,2.8207,2.8177,2.8187,2.8247,2.8257,2.8227,2.8237,9
2026-07-13 16:41:00,2.8177,2.8227,2.8177,2.8227,2.8227,2.8277,2.8227,2.8277,31
2026-07-13 16:42:00,2.8237,2.8277,2.8227,2.8237,2.8287,2.8327,2.8277,2.8287,34
2026-07-13 16:43:00,2.8227,2.8237,2.8217,2.8217,2.8277,2.8287,2.8267,2.8267,17
2026-07-13 16:44:00,2.8227,2.8227,2.8197,2.8207,2.8277,2.8277,2.8247,2.8257,13
2026-07-13 16:45:00,2.8202,2.8217,2.8197,2.8207,2.8252,2.8267,2.8247,2.8257,22
2026-07-13 16:46:00,2.8212,2.8227,2.8207,2.8227,2.8262,2.8277,2.8257,2.8277,23
2026-07-13 16:47:00,2.8217,2.8227,2.8207,2.8217,2.8267,2.8277,2.8257,2.8267,29
2026-07-13 16:48:00,2.8207,2.8217,2.8197,2.8207,2.8257,2.8267,2.8247,2.8257,16
2026-07-13 16:49:00,2.8217,2.8257,2.8207,2.8237,2.8267,2.8307,2.8257,2.8287,28
2026-07-13 16:50:00,2.8247,2.8257,2.8247,2.8257,2.8297,2.8307,2.8297,2.8307,6
2026-07-13 16:51:00,2.8247,2.8247,2.8227,2.8227,2.8297,2.8297,2.8277,2.8277,15
2026-07-13 16:52:00,2.8217,2.8227,2.8197,2.8227,2.8267,2.8277,2.8247,2.8277,12
2026-07-13 16:53:00,2.8237,2.8247,2.8237,2.8247,2.8287,2.8297,2.8287,2.8297,13
2026-07-13 16:54:00,2.8237,2.8277,2.8237,2.8277,2.8287,2.8327,2.8287,2.8327,11
2026-07-13 16:55:00,2.8287,2.8307,2.8267,2.8297,2.8337,2.8357,2.8317,2.8347,17
2026-07-13 16:56:00,2.8287,2.8287,2.8267,2.8267,2.8337,2.8337,2.8317,2.8317,9
2026-07-13 16:57:00,2.8257,2.8267,2.8247,2.8267,2.8307,2.8317,2.8297,2.8317,26
2026-07-13 16:58:00,2.8257,2.8277,2.8247,2.8267,2.8307,2.8327,2.8297,2.8317,25
2026-07-13 16:59:00,2.8277,2.8287,2.8267,2.8277,2.8327,2.8337,2.8317,2.8327,32
2026-07-13 17:00:00,2.8267,2.8287,2.8257,2.8257,2.8317,2.8337,2.8307,2.8307,13
2026-07-13 17:01:00,2.8267,2.8317,2.8262,2.8317,2.8317,2.8367,2.8312,2.8367,36
2026-07-13 17:02:00,2.8307,2.8327,2.8307,2.8327,2.8357,2.8377,2.8357,2.8377,11
2026-07-13 17:03:00,2.8322,2.8357,2.8317,2.8337,2.8372,2.8407,2.8367,2.8387,20
2026-07-13 17:04:00,2.8347,2.8357,2.8337,2.8347,2.8397,2.8407,2.8387,2.8397,6
2026-07-13 17:05:00,2.8357,2.8427,2.8357,2.8417,2.8407,2.8477,2.8407,2.8467,44
2026-07-13 17:06:00,2.8407,2.8417,2.8357,2.8367,2.8457,2.8467,2.8407,2.8417,28
2026-07-13 17:07:00,2.8357,2.8367,2.8347,2.8367,2.8407,2.8417,2.8397,2.8417,15
2026-07-13 17:08:00,2.8357,2.8397,2.8357,2.8367,2.8407,2.8447,2.8407,2.8417,8
2026-07-13 17:09:00,2.8377,2.8377,2.8357,2.8357,2.8427,2.8427,2.8407,2.8407,12
2026-07-13 17:10:00,2.8367,2.8377,2.8357,2.8377,2.8417,2.8427,2.8407,2.8427,6
2026-07-13 17:11:00,2.8367,2.8377,2.8337,2.8367,2.8417,2.8427,2.8387,2.8417,13
2026-07-13 17:12:00,2.8357,2.8377,2.8357,2.8367,2.8407,2.8427,2.8407,2.8417,8
2026-07-13 17:13:00,2.8377,2.8427,2.8367,2.8427,2.8427,2.8477,2.8417,2.8477,27
2026-07-13 17:14:00,2.8417,2.8427,2.8407,2.8407,2.8467,2.8477,2.8457,2.8457,16
2026-07-13 17:15:00,2.8417,2.8457,2.8407,2.8447,2.8467,2.8507,2.8457,2.8497,26
2026-07-13 17:16:00,2.8457,2.8477,2.8447,2.8467,2.8507,2.8527,2.8497,2.8517,46
2026-07-13 17:17:00,2.8457,2.8457,2.8437,2.8437,2.8507,2.8507,2.8487,2.8487,14
2026-07-13 17:18:00,2.8427,2.8437,2.8407,2.8407,2.8477,2.8487,2.8457,2.8457,7
2026-07-13 17:19:00,2.8417,2.8447,2.8407,2.8427,2.8467,2.8497,2.8457,2.8477,18
2026-07-13 17:20:00,2.8417,2.8442,2.8417,2.8432,2.8467,2.8492,2.8467,2.8482,27
2026-07-13 17:21:00,2.8437,2.8437,2.8437,2.8437,2.8487,2.8487,2.8487,2.8487,1
2026-07-13 17:22:00,2.8427,2.8547,2.8407,2.8527,2.8477,2.8597,2.8457,2.8577,73
2026-07-13 17:23:00,2.8517,2.8537,2.8497,2.8497,2.8567,2.8587,2.8547,2.8547,21
2026-07-13 17:24:00,2.8492,2.8537,2.8487,2.8527,2.8542,2.8587,2.8537,2.8577,26
2026-07-13 17:25:00,2.8522,2.8547,2.8517,2.8537,2.8572,2.8597,2.8567,2.8587,36
2026-07-13 17:26:00,2.8547,2.8547,2.8517,2.8527,2.8597,2.8597,2.8567,2.8577,23
2026-07-13 17:27:00,2.8517,2.8537,2.8487,2.8532,2.8567,2.8587,2.8537,2.8582,33
2026-07-13 17:28:00,2.8537,2.8557,2.8517,2.8527,2.8587,2.8607,2.8567,2.8577,32
2026-07-13 17:29:00,2.8517,2.8517,2.8487,2.8497,2.8567,2.8567,2.8537,2.8547,8
2026-07-13 17:30:00,2.8487,2.8527,2.8477,2.8517,2.8537,2.8577,2.8527,2.8567,21
2026-07-13 17:31:00,2.8527,2.8527,2.8497,2.8507,2.8577,2.8577,2.8547,2.8557,26
2026-07-13 17:32:00,2.8517,2.8567,2.8512,2.8557,2.8567,2.8617,2.8562,2.8607,14
2026-07-13 17:33:00,2.8567,2.8577,2.8557,2.8572,2.8617,2.8627,2.8607,2.8622,14
2026-07-13 17:34:00,2.8577,2.8607,2.8567,2.8577,2.8627,2.8657,2.8617,2.8627,36
2026-07-13 17:35:00,2.8572,2.8587,2.8537,2.8537,2.8622,2.8637,2.8587,2.8587,25
2026-07-13 17:36:00,2.8547,2.8567,2.8537,2.8547,2.8597,2.8617,2.8587,2.8597,36
2026-07-13 17:37:00,2.8552,2.8567,2.8547,2.8547,2.8602,2.8617,2.8597,2.8597,9
2026-07-13 17:39:00,2.8557,2.8557,2.8537,2.8547,2.8607,2.8607,2.8587,2.8597,6
2026-07-13 17:40:00,2.8557,2.8567,2.8537,2.8547,2.8607,2.8617,2.8587,2.8597,15
2026-07-13 17:41:00,2.8537,2.8537,2.8517,2.8527,2.8587,2.8587,2.8567,2.8577,21
2026-07-13 17:42:00,2.8517,2.8537,2.8517,2.8537,2.8567,2.8587,2.8567,2.8587,19
2026-07-13 17:43:00,2.8547,2.8587,2.8537,2.8577,2.8597,2.8637,2.8587,2.8627,29
2026-07-13 17:44:00,2.8572,2.8577,2.8537,2.8557,2.8622,2.8627,2.8587,2.8607,24
2026-07-13 17:45:00,2.8562,2.8587,2.8562,2.8567,2.8612,2.8637,2.8612,2.8617,11
2026-07-13 17:46:00,2.8577,2.8577,2.8567,2.8567,2.8627,2.8627,2.8617,2.8617,2
2026-07-13 17:47:00,2.8577,2.8587,2.8577,2.8587,2.8627,2.8637,2.8627,2.8637,4
2026-07-13 17:48:00,2.8597,2.8607,2.8587,2.8597,2.8647,2.8657,2.8637,2.8647,16
2026-07-13 17:49:00,2.8587,2.8597,2.8577,2.8587,2.8637,2.8647,2.8627,2.8637,11
2026-07-13 17:50:00,2.8597,2.8597,2.8577,2.8577,2.8647,2.8647,2.8627,2.8627,5
2026-07-13 17:51:00,2.8567,2.8597,2.8567,2.8577,2.8617,2.8647,2.8617,2.8627,11
2026-07-13 17:52:00,2.8582,2.8587,2.8557,2.8557,2.8632,2.8637,2.8607,2.8607,18
2026-07-13 17:53:00,2.8567,2.8567,2.8557,2.8557,2.8617,2.8617,2.8607,2.8607,11
2026-07-13 17:54:00,2.8567,2.8597,2.8567,2.8587,2.8617,2.8647,2.8617,2.8637,20
2026-07-13 17:55:00,2.8597,2.8597,2.8577,2.8577,2.8647,2.8647,2.8627,2.8627,25
2026-07-13 17:56:00,2.8572,2.8572,2.8537,2.8537,2.8622,2.8622,2.8587,2.8587,15
2026-07-13 17:57:00,2.8527,2.8557,2.8527,2.8557,2.8577,2.8607,2.8577,2.8607,25
2026-07-13 17:58:00,2.8547,2.8567,2.8527,2.8527,2.8597,2.8617,2.8577,2.8577,27
2026-07-13 17:59:00,2.8517,2.8557,2.8517,2.8557,2.8567,2.8607,2.8567,2.8607,19
2026-07-13 18:00:00,2.8547,2.8587,2.8547,2.8577,2.8597,2.8637,2.8597,2.8627,14
2026-07-13 18:01:00,2.8587,2.8607,2.8577,2.8607,2.8637,2.8657,2.8627,2.8657,15
2026-07-13 18:02:00,2.8617,2.8637,2.8607,2.8637,2.8667,2.8687,2.8657,2.8687,35
2026-07-13 18:03:00,2.8627,2.8657,2.8627,2.8647,2.8677,2.8707,2.8677,2.8697,19
2026-07-13 18:04:00,2.8637,2.8647,2.8627,2.8637,2.8687,2.8697,2.8677,2.8687,7
2026-07-13 18:05:00,2.8627,2.8657,2.8627,2.8632,2.8677,2.8707,2.8677,2.8682,12
2026-07-13 18:06:00,2.8637,2.8647,2.8627,2.8627,2.8687,2.8697,2.8677,2.8677,6
2026-07-13 18:07:00,2.8617,2.8627,2.8607,2.8607,2.8667,2.8677,2.8657,2.8657,20
2026-07-13 18:08:00,2.8617,2.8617,2.8587,2.8597,2.8667,2.8667,2.8637,2.8647,5
2026-07-13 18:09:00,2.8587,2.8617,2.8587,2.8607,2.8637,2.8667,2.8637,2.8657,19
2026-07-13 18:10:00,2.8617,2.8627,2.8602,2.8607,2.8667,2.8677,2.8652,2.8657,11
2026-07-13 18:11:00,2.8617,2.8647,2.8607,2.8647,2.8667,2.8697,2.8657,2.8697,18
2026-07-13 18:12:00,2.8637,2.8647,2.8637,2.8647,2.8687,2.8697,2.8687,2.8697,4
2026-07-13 18:13:00,2.8657,2.8657,2.8637,2.8647,2.8707,2.8707,2.8687,2.8697,9
2026-07-13 18:14:00,2.8657,2.8687,2.8647,2.8667,2.8707,2.8737,2.8697,2.8717,21
2026-07-13 18:15:00,2.8657,2.8727,2.8657,2.8702,2.8707,2.8777,2.8707,2.8752,52
2026-07-13 18:16:00,2.8707,2.8717,2.8687,2.8697,2.8757,2.8767,2.8737,2.8747,22
2026-07-13 18:17:00,2.8687,2.8697,2.8677,2.8687,2.8737,2.8747,2.8727,2.8737,11
2026-07-13 18:18:00,2.8677,2.8687,2.8667,2.8677,2.8727,2.8737,2.8717,2.8727,10
2026-07-13 18:19:00,2.8667,2.8707,2.8657,2.8697,2.8717,2.8757,2.8707,2.8747,22
2026-07-13 18:20:00,2.8687,2.8687,2.8667,2.8677,2.8737,2.8737,2.8717,2.8727,10
2026-07-13 18:22:00,2.8667,2.8677,2.8667,2.8667,2.8717,2.8727,2.8717,2.8717,3
2026-07-13 18:23:00,2.8657,2.8677,2.8647,2.8667,2.8707,2.8727,2.8697,2.8717,8
2026-07-13 18:24:00,2.8677,2.8727,2.8667,2.8717,2.8727,2.8777,2.8717,2.8767,40
2026-07-13 18:25:00,2.8707,2.8707,2.8687,2.8687,2.8757,2.8757,2.8737,2.8737,6
2026-07-13 18:26:00,2.8697,2.8697,2.8677,2.8677,2.8747,2.8747,2.8727,2.8727,20
2026-07-13 18:27:00,2.8667,2.8677,2.8657,2.8657,2.8717,2.8727,2.8707,2.8707,8
2026-07-13 18:28:00,2.8667,2.8687,2.8667,2.8677,2.8717,2.8737,2.8717,2.8727,8
2026-07-13 18:29:00,2.8682,2.8697,2.8682,2.8687,2.8732,2.8747,2.8732,2.8737,13
2026-07-13 18:30:00,2.8697,2.8697,2.8677,2.8677,2.8747,2.8747,2.8727,2.8727,6
2026-07-13 18:31:00,2.8667,2.8687,2.8657,2.8687,2.8717,2.8737,2.8707,2.8737,32
2026-07-13 18:32:00,2.8677,2.8697,2.8667,2.8697,2.8727,2.8747,2.8717,2.8747,25
2026-07-13 18:33:00,2.8687,2.8697,2.8677,2.8687,2.8737,2.8747,2.8727,2.8737,17
2026-07-13 18:34:00,2.8682,2.8697,2.8682,2.8687,2.8732,2.8747,2.8732,2.8737,8
2026-07-13 18:35:00,2.8677,2.8687,2.8677,2.8687,2.8727,2.8737,2.8727,2.8737,6
2026-07-13 18:36:00,2.8677,2.8717,2.8677,2.8687,2.8727,2.8767,2.8727,2.8737,25
2026-07-13 18:37:00,2.8677,2.8697,2.8667,2.8682,2.8727,2.8747,2.8717,2.8732,24
2026-07-13 18:38:00,2.8677,2.8687,2.8677,2.8682,2.8727,2.8737,2.8727,2.8732,6
2026-07-13 18:39:00,2.8677,2.8677,2.8647,2.8662,2.8727,2.8727,2.8697,2.8712,26
2026-07-13 18:40:00,2.8667,2.8677,2.8667,2.8677,2.8717,2.8727,2.8717,2.8727,15
2026-07-13 18:41:00,2.8687,2.8697,2.8672,2.8672,2.8737,2.8747,2.8722,2.8722,19
2026-07-13 18:42:00,2.8677,2.8687,2.8672,2.8677,2.8727,2.8737,2.8722,2.8727,11
2026-07-13 18:43:00,2.8687,2.8707,2.8667,2.8667,2.8737,2.8757,2.8717,2.8717,14
2026-07-13 18:44:00,2.8657,2.8657,2.8647,2.8657,2.8707,2.8707,2.8697,2.8707,3
2026-07-13 18:45:00,2.8647,2.8657,2.8617,2.8632,2.8697,2.8707,2.8667,2.8682,25
2026-07-13 18:46:00,2.8637,2.8647,2.8617,2.8632,2.8687,2.8697,2.8667,2.8682,20
2026-07-13 18:47:00,2.8627,2.8647,2.8627,2.8637,2.8677,2.8697,2.8677,2.8687,7
2026-07-13 18:48:00,2.8647,2.8657,2.8647,2.8657,2.8697,2.8707,2.8697,2.8707,4
2026-07-13 18:49:00,2.8667,2.8707,2.8667,2.8697,2.8717,2.8757,2.8717,2.8747,18
2026-07-13 18:50:00,2.8692,2.8727,2.8687,2.8722,2.8742,2.8777,2.8737,2.8772,51
2026-07-13 18:51:00,2.8717,2.8757,2.8717,2.8742,2.8767,2.8807,2.8767,2.8792,36
2026-07-13 18:52:00,2.8747,2.8767,2.8717,2.8747,2.8797,2.8817,2.8767,2.8797,60
2026-07-13 18:53:00,2.8742,2.8747,2.8707,2.8727,2.8792,2.8797,2.8757,2.8777,16
2026-07-13 18:54:00,2.8737,2.8747,2.8737,2.8747,2.8787,2.8797,2.8787,2.8797,5
2026-07-13 18:55:00,2.8757,2.8787,2.8757,2.8777,2.8807,2.8837,2.8807,2.8827,28
2026-07-13 18:56:00,2.8787,2.8807,2.8777,2.8797,2.8837,2.8857,2.8827,2.8847,10
2026-07-13 18:57:00,2.8787,2.8797,2.8717,2.8717,2.8837,2.8847,2.8767,2.8767,21
2026-07-13 18:58:00,2.8727,2.8747,2.8717,2.8747,2.8777,2.8797,2.8767,2.8797,17
2026-07-13 18:59:00,2.8742,2.8747,2.8727,2.8727,2.8792,2.8797,2.8777,2.8777,22
2026-07-13 19:00:00,2.8717,2.8727,2.8707,2.8717,2.8767,2.8777,2.8757,2.8767,9
2026-07-13 19:01:00,2.8707,2.8727,2.8707,2.8717,2.8757,2.8777,2.8757,2.8767,6
2026-07-13 19:02:00,2.8722,2.8727,2.8687,2.8717,2.8772,2.8777,2.8737,2.8767,15
2026-07-13 19:03:00,2.8712,2.8757,2.8712,2.8752,2.8762,2.8807,2.8762,2.8802,22
2026-07-13 19:04:00,2.8747,2.8777,2.8747,2.8757,2.8797,2.8827,2.8797,2.8807,14
2026-07-13 19:05:00,2.8747,2.8757,2.8737,2.8737,2.8797,2.8807,2.8787,2.8787,13
2026-07-13 19:06:00,2.8727,2.8737,2.8717,2.8737,2.8777,2.8787,2.8767,2.8787,9
2026-07-13 19:07:00,2.8707,2.8747,2.8707,2.8737,2.8757,2.8797,2.8757,2.8787,17
2026-07-13 19:08:00,2.8747,2.8757,2.8737,2.8757,2.8797,2.8807,2.8787,2.8807,7
2026-07-13 19:09:00,2.8747,2.8747,2.8737,2.8737,2.8797,2.8797,2.8787,2.8787,9
2026-07-13 19:10:00,2.8747,2.8747,2.8727,2.8727,2.8797,2.8797,2.8777,2.8777,14
2026-07-13 19:11:00,2.8737,2.8737,2.8727,2.8737,2.8787,2.8787,2.8777,2.8787,6
2026-07-13 19:12:00,2.8727,2.8737,2.8727,2.8737,2.8777,2.8787,2.8777,2.8787,8
2026-07-13 19:13:00,2.8727,2.8727,2.8707,2.8707,2.8777,2.8777,2.8757,2.8757,7
2026-07-13 19:14:00,2.8697,2.8697,2.8657,2.8677,2.8747,2.8747,2.8707,2.8727,16
2026-07-13 19:15:00,2.8687,2.8707,2.8687,2.8697,2.8737,2.8757,2.8737,2.8747,14
2026-07-13 19:16:00,2.8707,2.8737,2.8707,2.8737,2.8757,2.8787,2.8757,2.8787,9
2026-07-13 19:17:00,2.8727,2.8727,2.8707,2.8707,2.8777,2.8777,2.8757,2.8757,8
2026-07-13 19:19:00,2.8697,2.8707,2.8697,2.8697,2.8747,2.8757,2.8747,2.8747,6
2026-07-13 19:20:00,2.8707,2.8707,2.8687,2.8687,2.8757,2.8757,2.8737,2.8737,5
2026-07-13 19:21:00,2.8677,2.8677,2.8677,2.8677,2.8727,2.8727,2.8727,2.8727,1
2026-07-13 19:22:00,2.8687,2.8697,2.8677,2.8697,2.8737,2.8747,2.8727,2.8747,17
2026-07-13 19:23:00,2.8687,2.8717,2.8677,2.8712,2.8737,2.8767,2.8727,2.8762,12
2026-07-13 19:24:00,2.8707,2.8727,2.8707,2.8717,2.8757,2.8777,2.8757,2.8767,8
2026-07-13 19:25:00,2.8707,2.8717,2.8697,2.8697,2.8757,2.8767,2.8747,2.8747,4
2026-07-13 19:26:00,2.8692,2.8697,2.8667,2.8677,2.8742,2.8747,2.8717,2.8727,13
2026-07-13 19:27:00,2.8667,2.8687,2.8662,2.8677,2.8717,2.8737,2.8712,2.8727,14
2026-07-13 19:28:00,2.8687,2.8697,2.8677,2.8687,2.8737,2.8747,2.8727,2.8737,16
2026-07-13 19:29:00,2.8677,2.8687,2.8647,2.8647,2.8727,2.8737,2.8697,2.8697,19
2026-07-13 19:30:00,2.8637,2.8657,2.8637,2.8637,2.8687,2.8707,2.8687,2.8687,18
2026-07-13 19:31:00,2.8642,2.8667,2.8627,2.8657,2.8692,2.8717,2.8677,2.8707,9
2026-07-13 19:32:00,2.8647,2.8657,2.8637,2.8637,2.8697,2.8707,2.8687,2.8687,4
2026-07-13 19:33:00,2.8647,2.8687,2.8647,2.8677,2.8697,2.8737,2.8697,2.8727,12
2026-07-13 19:34:00,2.8687,2.8687,2.8617,2.8627,2.8737,2.8737,2.8667,2.8677,21
2026-07-13 19:35:00,2.8637,2.8647,2.8627,2.8637,2.8687,2.8697,2.8677,2.8687,14
2026-07-13 19:36:00,2.8647,2.8657,2.8607,2.8617,2.8697,2.8707,2.8657,2.8667,21
2026-07-13 19:37:00,2.8627,2.8627,2.8607,2.8627,2.8677,2.8677,2.8657,2.8677,5
2026-07-13 19:38:00,2.8637,2.8637,2.8617,2.8622,2.8687,2.8687,2.8667,2.8672,9
2026-07-13 19:39:00,2.8617,2.8637,2.8617,2.8637,2.8667,2.8687,2.8667,2.8687,18
2026-07-13 19:40:00,2.8627,2.8637,2.8627,2.8637,2.8677,2.8687,2.8677,2.8687,8
2026-07-13 19:41:00,2.8627,2.8627,2.8607,2.8607,2.8677,2.8677,2.8657,2.8657,8
2026-07-13 19:42:00,2.8597,2.8597,2.8577,2.8597,2.8647,2.8647,2.8627,2.8647,28
2026-07-13 19:43:00,2.8592,2.8592,2.8567,2.8577,2.8642,2.8642,2.8617,2.8627,9
2026-07-13 19:44:00,2.8587,2.8597,2.8567,2.8567,2.8637,2.8647,2.8617,2.8617,17
2026-07-13 19:45:00,2.8557,2.8577,2.8557,2.8567,2.8607,2.8627,2.8607,2.8617,15
2026-07-13 19:46:00,2.8572,2.8597,2.8567,2.8597,2.8622,2.8647,2.8617,2.8647,15
2026-07-13 19:47:00,2.8587,2.8607,2.8587,2.8597,2.8637,2.8657,2.8637,2.8647,16
2026-07-13 19:48:00,2.8587,2.8597,2.8587,2.8597,2.8637,2.8647,2.8637,2.8647,11
2026-07-13 19:49:00,2.8592,2.8592,2.8567,2.8577,2.8642,2.8642,2.8617,2.8627,15
2026-07-13 19:50:00,2.8587,2.8597,2.8577,2.8597,2.8637,2.8647,2.8627,2.8647,6
2026-07-13 19:51:00,2.8607,2.8617,2.8597,2.8607,2.8657,2.8667,2.8647,2.8657,8
2026-07-13 19:52:00,2.8617,2.8617,2.8607,2.8617,2.8667,2.8667,2.8657,2.8667,12
2026-07-13 19:53:00,2.8607,2.8637,2.8597,2.8637,2.8657,2.8687,2.8647,2.8687,13
2026-07-13 19:54:00,2.8647,2.8647,2.8617,2.8627,2.8697,2.8697,2.8667,2.8677,13
2026-07-13 19:55:00,2.8617,2.8627,2.8617,2.8627,2.8667,2.8677,2.8667,2.8677,2
2026-07-13 19:56:00,2.8617,2.8637,2.8617,2.8637,2.8667,2.8687,2.8667,2.8687,3
2026-07-13 19:57:00,2.8642,2.8642,2.8597,2.8617,2.8692,2.8692,2.8647,2.8667,13
2026-07-13 19:58:00,2.8607,2.8617,2.8607,2.8617,2.8657,2.8667,2.8657,2.8667,9
2026-07-13 19:59:00,2.8607,2.8617,2.8587,2.8597,2.8657,2.8667,2.8637,2.8647,36
2026-07-13 20:00:00,2.8607,2.8607,2.8557,2.8557,2.8657,2.8657,2.8607,2.8607,21
2026-07-13 20:01:00,2.8547,2.8567,2.8527,2.8547,2.8597,2.8617,2.8577,2.8597,19
2026-07-13 20:02:00,2.8557,2.8607,2.8557,2.8602,2.8607,2.8657,2.8607,2.8652,18
2026-07-13 20:03:00,2.8597,2.8607,2.8587,2.8587,2.8647,2.8657,2.8637,2.8637,10
2026-07-13 20:04:00,2.8577,2.8577,2.8557,2.8572,2.8627,2.8627,2.8607,2.8622,21
2026-07-13 20:05:00,2.8567,2.8597,2.8567,2.8597,2.8617,2.8647,2.8617,2.8647,23
2026-07-13 20:06:00,2.8587,2.8587,2.8577,2.8577,2.8637,2.8637,2.8627,2.8627,12
2026-07-13 20:07:00,2.8587,2.8587,2.8577,2.8577,2.8637,2.8637,2.8627,2.8627,2
2026-07-13 20:08:00,2.8582,2.8597,2.8567,2.8567,2.8632,2.8647,2.8617,2.8617,17
2026-07-13 20:09:00,2.8562,2.8562,2.8527,2.8537,2.8612,2.8612,2.8577,2.8587,31
2026-07-13 20:10:00,2.8532,2.8547,2.8517,2.8542,2.8582,2.8597,2.8567,2.8592,20
2026-07-13 20:11:00,2.8537,2.8557,2.8537,2.8557,2.8587,2.8607,2.8587,2.8607,24
2026-07-13 20:12:00,2.8552,2.8567,2.8537,2.8557,2.8602,2.8617,2.8587,2.8607,17
2026-07-13 20:13:00,2.8567,2.8577,2.8557,2.8577,2.8617,2.8627,2.8607,2.8627,30
2026-07-13 20:14:00,2.8567,2.8577,2.8557,2.8577,2.8617,2.8627,2.8607,2.8627,12
2026-07-13 20:15:00,2.8572,2.8572,2.8547,2.8557,2.8622,2.8622,2.8597,2.8607,13
2026-07-13 20:16:00,2.8547,2.8557,2.8537,2.8557,2.8597,2.8607,2.8587,2.8607,11
2026-07-13 20:17:00,2.8567,2.8567,2.8537,2.8542,2.8617,2.8617,2.8587,2.8592,12
2026-07-13 20:18:00,2.8547,2.8547,2.8537,2.8537,2.8597,2.8597,2.8587,2.8587,5
2026-07-13 20:19:00,2.8547,2.8567,2.8537,2.8557,2.8597,2.8617,2.8587,2.8607,11
2026-07-13 20:20:00,2.8552,2.8577,2.8547,2.8577,2.8602,2.8627,2.8597,2.8627,7
2026-07-13 20:21:00,2.8567,2.8587,2.8567,2.8577,2.8617,2.8637,2.8617,2.8627,8
2026-07-13 20:22:00,2.8567,2.8617,2.8567,2.8607,2.8617,2.8667,2.8617,2.8657,16
2026-07-13 20:23:00,2.8602,2.8667,2.8587,2.8647,2.8652,2.8717,2.8637,2.8697,50
2026-07-13 20:24:00,2.8657,2.8657,2.8617,2.8617,2.8707,2.8707,2.8667,2.8667,21
2026-07-13 20:25:00,2.8607,2.8617,2.8597,2.8607,2.8657,2.8667,2.8647,2.8657,30
2026-07-13 20:26:00,2.8597,2.8607,2.8577,2.8587,2.8647,2.8657,2.8627,2.8637,30
2026-07-13 20:27:00,2.8607,2.8617,2.8597,2.8597,2.8657,2.8667,2.8647,2.8647,15
2026-07-13 20:28:00,2.8587,2.8657,2.8587,2.8637,2.8637,2.8707,2.8637,2.8687,140
2026-07-13 20:29:00,2.8647,2.8647,2.8627,2.8647,2.8697,2.8697,2.8677,2.8697,39
2026-07-13 20:30:00,2.8642,2.8652,2.8567,2.8567,2.8692,2.8702,2.8617,2.8617,45
2026-07-13 20:31:00,2.8557,2.8567,2.8537,2.8537,2.8607,2.8617,2.8587,2.8587,26
2026-07-13 20:32:00,2.8527,2.8537,2.8527,2.8537,2.8577,2.8587,2.8577,2.8587,4
2026-07-13 20:33:00,2.8547,2.8547,2.8517,2.8517,2.8597,2.8597,2.8567,2.8567,23
2026-07-13 20:34:00,2.8522,2.8527,2.8492,2.8497,2.8572,2.8577,2.8542,2.8547,20
2026-07-13 20:35:00,2.8492,2.8517,2.8487,2.8497,2.8542,2.8567,2.8537,2.8547,14
2026-07-13 20:36:00,2.8492,2.8507,2.8487,2.8497,2.8542,2.8557,2.8537,2.8547,12
2026-07-13 20:37:00,2.8487,2.8527,2.8487,2.8522,2.8537,2.8577,2.8537,2.8572,22
2026-07-13 20:38:00,2.8527,2.8537,2.8517,2.8532,2.8577,2.8587,2.8567,2.8582,8
2026-07-13 20:39:00,2.8537,2.8537,2.8497,2.8502,2.8587,2.8587,2.8547,2.8552,13
2026-07-13 20:40:00,2.8507,2.8507,2.8487,2.8487,2.8557,2.8557,2.8537,2.8537,13
2026-07-13 20:41:00,2.8477,2.8477,2.8457,2.8457,2.8527,2.8527,2.8507,2.8507,17
2026-07-13 20:42:00,2.8452,2.8457,2.8447,2.8447,2.8502,2.8507,2.8497,2.8497,15
2026-07-13 20:43:00,2.8452,2.8472,2.8447,2.8472,2.8502,2.8522,2.8497,2.8522,18
2026-07-13 20:44:00,2.8477,2.8477,2.8457,2.8457,2.8527,2.8527,2.8507,2.8507,9
2026-07-13 20:45:00,2.8452,2.8467,2.8447,2.8457,2.8502,2.8517,2.8497,2.8507,12
2026-07-13 20:46:00,2.8467,2.8467,2.8457,2.8457,2.8517,2.8517,2.8507,2.8507,2
2026-07-13 20:47:00,2.8467,2.8467,2.8457,2.8462,2.8517,2.8517,2.8507,2.8512,3
2026-07-13 20:48:00,2.8457,2.8457,2.8447,2.8447,2.8507,2.8507,2.8497,2.8497,3
2026-07-13 20:49:00,2.8442,2.8447,2.8437,2.8447,2.8492,2.8497,2.8487,2.8497,3
2026-07-13 20:50:00,2.8437,2.8447,2.8437,2.8437,2.8487,2.8497,2.8487,2.8487,3
2026-07-13 20:51:00,2.8447,2.8447,2.8437,2.8447,2.8497,2.8497,2.8487,2.8497,3
2026-07-13 20:52:00,2.8437,2.8457,2.8437,2.8457,2.8487,2.8507,2.8487,2.8507,3
2026-07-13 20:53:00,2.8447,2.8467,2.8447,2.8457,2.8497,2.8517,2.8497,2.8507,6
2026-07-13 20:54:00,2.8452,2.8457,2.8447,2.8457,2.8502,2.8507,2.8497,2.8507,3
2026-07-13 20:56:00,2.8447,2.8457,2.8447,2.8457,2.8497,2.8507,2.8497,2.8507,5
2026-07-13 20:57:00,2.8452,2.8457,2.8442,2.8447,2.8502,2.8507,2.8492,2.8497,9
2026-07-13 20:58:00,2.8437,2.8447,2.8437,2.8447,2.8487,2.8497,2.8487,2.8497,2
2026-07-13 20:59:00,2.8457,2.8457,2.8437,2.8447,2.8507,2.8507,2.8487,2.8497,15
2026-07-13 21:00:00,2.8437,2.8447,2.8427,2.8447,2.8487,2.8497,2.8477,2.8497,6
2026-07-13 21:01:00,2.8457,2.8467,2.8447,2.8457,2.8507,2.8517,2.8497,2.8507,9
2026-07-13 21:04:00,2.8447,2.8447,2.8437,2.8437,2.8497,2.8497,2.8487,2.8487,3
2026-07-13 21:06:00,2.8427,2.8447,2.8427,2.8447,2.8477,2.8497,2.8477,2.8497,12
2026-07-13 21:07:00,2.8467,2.8477,2.8467,2.8467,2.8517,2.8527,2.8517,2.8517,3
2026-07-13 21:08:00,2.8457,2.8462,2.8457,2.8457,2.8507,2.8512,2.8507,2.8507,3
2026-07-13 21:09:00,2.8467,2.8467,2.8457,2.8457,2.8517,2.8517,2.8507,2.8507,4
2026-07-13 21:10:00,2.8447,2.8467,2.8447,2.8467,2.8497,2.8517,2.8497,2.8517,11
2026-07-13 21:11:00,2.8462,2.8462,2.8447,2.8457,2.8512,2.8512,2.8497,2.8507,4
2026-07-13 21:12:00,2.8462,2.8467,2.8462,2.8467,2.8512,2.8517,2.8512,2.8517,2
2026-07-13 21:13:00,2.8462,2.8462,2.8447,2.8457,2.8512,2.8512,2.8497,2.8507,8
2026-07-13 21:14:00,2.8447,2.8457,2.8447,2.8457,2.8497,2.8507,2.8497,2.8507,5
2026-07-13 21:15:00,2.8467,2.8467,2.8457,2.8457,2.8517,2.8517,2.8507,2.8507,11
2026-07-13 21:16:00,2.8452,2.8457,2.8452,2.8457,2.8502,2.8507,2.8502,2.8507,2
2026-07-13 21:17:00,2.8447,2.8447,2.8447,2.8447,2.8497,2.8497,2.8497,2.8497,1
2026-07-13 21:18:00,2.8457,2.8457,2.8447,2.8447,2.8507,2.8507,2.8497,2.8497,7
2026-07-13 21:19:00,2.8437,2.8447,2.8427,2.8427,2.8487,2.8497,2.8477,2.8477,4
2026-07-13 21:20:00,2.8417,2.8427,2.8407,2.8407,2.8467,2.8477,2.8457,2.8457,15
2026-07-13 21:21:00,2.8417,2.8417,2.8407,2.8407,2.8467,2.8467,2.8457,2.8457,4
2026-07-13 21:22:00,2.8417,2.8427,2.8417,2.8417,2.8467,2.8477,2.8467,2.8467,3
2026-07-13 21:23:00,2.8427,2.8432,2.8427,2.8427,2.8477,2.8482,2.8477,2.8477,3
2026-07-13 21:24:00,2.8417,2.8427,2.8417,2.8427,2.8467,2.8477,2.8467,2.8477,2
2026-07-13 21:25:00,2.8437,2.8437,2.8427,2.8427,2.8487,2.8487,2.8477,2.8477,3
2026-07-13 21:26:00,2.8417,2.8417,2.8417,2.8417,2.8467,2.8467,2.8467,2.8467,1
2026-07-13 21:28:00,2.8407,2.8417,2.8397,2.8397,2.8457,2.8467,2.8447,2.8447,6
2026-07-13 21:30:00,2.8407,2.8427,2.8397,2.8417,2.8457,2.8477,2.8447,2.8467,12
2026-07-13 21:31:00,2.8407,2.8407,2.8407,2.8407,2.8457,2.8457,2.8457,2.8457,1
2026-07-13 21:32:00,2.8412,2.8417,2.8407,2.8407,2.8462,2.8467,2.8457,2.8457,8
2026-07-13 21:35:00,2.8417,2.8427,2.8407,2.8427,2.8467,2.8477,2.8457,2.8477,9
2026-07-13 21:36:00,2.8437,2.8437,2.8407,2.8417,2.8487,2.8487,2.8457,2.8467,5
2026-07-13 21:37:00,2.8407,2.8417,2.8407,2.8417,2.8457,2.8467,2.8457,2.8467,7
2026-07-13 21:40:00,2.8427,2.8427,2.8417,2.8427,2.8477,2.8477,2.8467,2.8477,5
2026-07-13 21:41:00,2.8417,2.8427,2.8417,2.8427,2.8467,2.8477,2.8467,2.8477,2
2026-07-13 21:44:00,2.8437,2.8437,2.8427,2.8427,2.8487,2.8487,2.8477,2.8477,2
2026-07-13 21:45:00,2.8437,2.8437,2.8427,2.8437,2.8487,2.8487,2.8477,2.8487,3
2026-07-13 21:46:00,2.8432,2.8437,2.8427,2.8432,2.8482,2.8487,2.8477,2.8482,4
2026-07-13 21:47:00,2.8427,2.8447,2.8427,2.8447,2.8477,2.8497,2.8477,2.8497,9
2026-07-13 21:48:00,2.8457,2.8467,2.8457,2.8467,2.8507,2.8517,2.8507,2.8517,2
2026-07-13 21:49:00,2.8457,2.8457,2.8447,2.8457,2.8507,2.8507,2.8497,2.8507,7
2026-07-13 21:50:00,2.8452,2.8452,2.8447,2.8447,2.8502,2.8502,2.8497,2.8497,2
2026-07-13 21:51:00,2.8437,2.8437,2.8437,2.8437,2.8487,2.8487,2.8487,2.8487,1
2026-07-13 21:53:00,2.8447,2.8447,2.8437,2.8447,2.8497,2.8497,2.8487,2.8497,3
2026-07-13 21:54:00,2.8457,2.8457,2.8447,2.8457,2.8507,2.8507,2.8497,2.8507,10
2026-07-13 21:55:00,2.8467,2.8487,2.8457,2.8487,2.8517,2.8537,2.8507,2.8537,28
2026-07-13 21:56:00,2.8477,2.8487,2.8467,2.8477,2.8527,2.8537,2.8517,2.8527,7
2026-07-13 21:57:00,2.8467,2.8477,2.8467,2.8477,2.8517,2.8527,2.8517,2.8527,2
2026-07-13 21:58:00,2.8467,2.8467,2.8457,2.8457,2.8517,2.8517,2.8507,2.8507,2
2026-07-13 21:59:00,2.8447,2.8457,2.8437,2.8447,2.8497,2.8507,2.8487,2.8497,5
2026-07-13 22:01:00,2.8437,2.8437,2.8437,2.8437,2.8487,2.8487,2.8487,2.8487,1
2026-07-13 22:03:00,2.8442,2.8447,2.8437,2.8447,2.8492,2.8497,2.8487,2.8497,9
2026-07-13 22:04:00,2.8442,2.8447,2.8437,2.8437,2.8492,2.8497,2.8487,2.8487,10
2026-07-13 22:05:00,2.8442,2.8447,2.8437,2.8447,2.8492,2.8497,2.8487,2.8497,4
2026-07-13 22:07:00,2.8442,2.8442,2.8427,2.8427,2.8492,2.8492,2.8477,2.8477,11
2026-07-13 22:08:00,2.8417,2.8427,2.8417,2.8422,2.8467,2.8477,2.8467,2.8472,8
2026-07-13 22:09:00,2.8427,2.8427,2.8427,2.8427,2.8477,2.8477,2.8477,2.8477,1
2026-07-13 22:10:00,2.8437,2.8437,2.8427,2.8437,2.8487,2.8487,2.8477,2.8487,8
2026-07-13 22:12:00,2.8447,2.8447,2.8447,2.8447,2.8497,2.8497,2.8497,2.8497,1
2026-07-13 22:13:00,2.8457,2.8467,2.8457,2.8467,2.8507,2.8517,2.8507,2.8517,6
2026-07-13 22:14:00,2.8477,2.8487,2.8472,2.8487,2.8527,2.8537,2.8522,2.8537,7
2026-07-13 22:15:00,2.8482,2.8487,2.8477,2.8477,2.8532,2.8537,2.8527,2.8527,3
2026-07-13 22:17:00,2.8487,2.8497,2.8477,2.8497,2.8537,2.8547,2.8527,2.8547,11
2026-07-13 22:18:00,2.8487,2.8487,2.8477,2.8487,2.8537,2.8537,2.8527,2.8537,6
2026-07-13 22:19:00,2.8482,2.8487,2.8477,2.8477,2.8532,2.8537,2.8527,2.8527,6
2026-07-13 22:20:00,2.8467,2.8467,2.8467,2.8467,2.8517,2.8517,2.8517,2.8517,1
2026-07-13 22:24:00,2.8477,2.8477,2.8477,2.8477,2.8527,2.8527,2.8527,2.8527,1
2026-07-13 22:25:00,2.8472,2.8477,2.8467,2.8477,2.8522,2.8527,2.8517,2.8527,3
2026-07-13 22:26:00,2.8467,2.8487,2.8467,2.8477,2.8517,2.8537,2.8517,2.8527,7
2026-07-13 22:29:00,2.8472,2.8477,2.8472,2.8477,2.8522,2.8527,2.8522,2.8527,4
2026-07-13 22:30:00,2.8472,2.8487,2.8467,2.8487,2.8522,2.8537,2.8517,2.8537,9
2026-07-13 22:31:00,2.8497,2.8497,2.8487,2.8492,2.8547,2.8547,2.8537,2.8542,8
2026-07-13 22:32:00,2.8487,2.8497,2.8487,2.8492,2.8537,2.8547,2.8537,2.8542,10
2026-07-13 22:33:00,2.8487,2.8487,2.8487,2.8487,2.8537,2.8537,2.8537,2.8537,1
2026-07-13 22:34:00,2.8477,2.8487,2.8477,2.8487,2.8527,2.8537,2.8527,2.8537,2
2026-07-13 22:35:00,2.8482,2.8487,2.8477,2.8487,2.8532,2.8537,2.8527,2.8537,6
2026-07-13 22:36:00,2.8497,2.8497,2.8487,2.8487,2.8547,2.8547,2.8537,2.8537,2
2026-07-13 22:37:00,2.8492,2.8497,2.8487,2.8487,2.8542,2.8547,2.8537,2.8537,5
2026-07-13 22:38:00,2.8492,2.8497,2.8487,2.8497,2.8542,2.8547,2.8537,2.8547,8
2026-07-13 22:39:00,2.8502,2.8507,2.8497,2.8507,2.8552,2.8557,2.8547,2.8557,4
2026-07-13 22:40:00,2.8517,2.8527,2.8517,2.8527,2.8567,2.8577,2.8567,2.8577,6
2026-07-13 22:42:00,2.8532,2.8532,2.8527,2.8532,2.8582,2.8582,2.8577,2.8582,3
2026-07-13 22:43:00,2.8537,2.8537,2.8527,2.8537,2.8587,2.8587,2.8577,2.8587,6
2026-07-13 22:44:00,2.8527,2.8537,2.8527,2.8527,2.8577,2.8587,2.8577,2.8577,13
2026-07-13 22:45:00,2.8532,2.8537,2.8527,2.8527,2.8582,2.8587,2.8577,2.8577,13
2026-07-13 22:46:00,2.8537,2.8537,2.8527,2.8527,2.8587,2.8587,2.8577,2.8577,2
2026-07-13 22:48:00,2.8532,2.8547,2.8527,2.8547,2.8582,2.8597,2.8577,2.8597,6
2026-07-13 22:49:00,2.8537,2.8547,2.8537,2.8547,2.8587,2.8597,2.8587,2.8597,6
2026-07-13 22:50:00,2.8537,2.8557,2.8527,2.8557,2.8587,2.8607,2.8577,2.8607,7
2026-07-13 22:51:00,2.8567,2.8577,2.8567,2.8577,2.8617,2.8627,2.8617,2.8627,12
2026-07-13 22:52:00,2.8572,2.8577,2.8567,2.8577,2.8622,2.8627,2.8617,2.8627,4
2026-07-13 22:53:00,2.8587,2.8587,2.8587,2.8587,2.8637,2.8637,2.8637,2.8637,1
2026-07-13 22:54:00,2.8597,2.8597,2.8587,2.8597,2.8647,2.8647,2.8637,2.8647,3
2026-07-13 22:56:00,2.8607,2.8617,2.8607,2.8617,2.8657,2.8667,2.8657,2.8667,8
2026-07-13 22:57:00,2.8627,2.8627,2.8617,2.8617,2.8677,2.8677,2.8667,2.8667,4
2026-07-13 22:58:00,2.8607,2.8637,2.8607,2.8627,2.8657,2.8687,2.8657,2.8677,16
2026-07-13 22:59:00,2.8617,2.8758,2.8617,2.8758,2.8667,2.8789,2.8667,2.8768,17
2026-07-14 00:00:00,2.8714,2.8714,2.8659,2.8659,2.8764,2.8764,2.8709,2.8709,40
2026-07-14 00:03:00,2.8654,2.8654,2.8649,2.8649,2.8704,2.8704,2.8699,2.8699,2
2026-07-14 00:04:00,2.8654,2.8654,2.8649,2.8654,2.8704,2.8704,2.8699,2.8704,5
2026-07-14 00:05:00,2.8649,2.8654,2.8649,2.8654,2.8699,2.8704,2.8699,2.8704,2
2026-07-14 00:06:00,2.8659,2.8669,2.8659,2.8659,2.8709,2.8719,2.8709,2.8709,4
2026-07-14 00:07:00,2.8654,2.8654,2.8644,2.8649,2.8704,2.8704,2.8694,2.8699,4
2026-07-14 00:08:00,2.8644,2.8649,2.8644,2.8649,2.8694,2.8699,2.8694,2.8699,2
2026-07-14 00:09:00,2.8644,2.8649,2.8639,2.8639,2.8694,2.8699,2.8689,2.8689,3
2026-07-14 00:10:00,2.8644,2.8649,2.8644,2.8649,2.8694,2.8699,2.8694,2.8699,2
2026-07-14 00:13:00,2.8644,2.8644,2.8629,2.8634,2.8694,2.8694,2.8679,2.8684,4
2026-07-14 00:14:00,2.8639,2.8649,2.8639,2.8639,2.8689,2.8699,2.8689,2.8689,7
2026-07-14 00:15:00,2.8634,2.8639,2.8634,2.8639,2.8684,2.8689,2.8684,2.8689,2
2026-07-14 00:17:00,2.8649,2.8649,2.8649,2.8649,2.8699,2.8699,2.8699,2.8699,1
2026-07-14 00:22:00,2.8654,2.8659,2.8649,2.8649,2.8704,2.8709,2.8699,2.8699,5
2026-07-14 00:23:00,2.8644,2.8659,2.8644,2.8659,2.8694,2.8709,2.8694,2.8709,2
2026-07-14 00:24:00,2.8669,2.8669,2.8664,2.8664,2.8719,2.8719,2.8714,2.8714,2
2026-07-14 00:25:00,2.8669,2.8689,2.8664,2.8689,2.8719,2.8739,2.8714,2.8739,5
2026-07-14 00:29:00,2.8684,2.8684,2.8669,2.8669,2.8734,2.8734,2.8719,2.8719,3
2026-07-14 00:32:00,2.8674,2.8679,2.8674,2.8679,2.8724,2.8729,2.8724,2.8729,2
2026-07-14 00:33:00,2.8684,2.8684,2.8679,2.8679,2.8734,2.8734,2.8729,2.8729,2
2026-07-14 00:35:00,2.8684,2.8689,2.8684,2.8689,2.8734,2.8739,2.8734,2.8739,4
2026-07-14 00:36:00,2.8684,2.8684,2.8684,2.8684,2.8734,2.8734,2.8734,2.8734,1
2026-07-14 00:37:00,2.8689,2.8689,2.8689,2.8689,2.8739,2.8739,2.8739,2.8739,1
2026-07-14 00:39:00,2.8679,2.8679,2.8679,2.8679,2.8729,2.8729,2.8729,2.8729,1
2026-07-14 00:42:00,2.8684,2.8694,2.8684,2.8694,2.8734,2.8744,2.8734,2.8744,2
2026-07-14 00:46:00,2.8699,2.8699,2.8694,2.8694,2.8749,2.8749,2.8744,2.8744,2
2026-07-14 00:47:00,2.8699,2.8709,2.8699,2.8699,2.8749,2.8759,2.8749,2.8749,3
2026-07-14 00:48:00,2.8694,2.8694,2.8684,2.8684,2.8744,2.8744,2.8734,2.8734,3
2026-07-14 00:49:00,2.8694,2.8709,2.8694,2.8699,2.8744,2.8759,2.8744,2.8749,3
2026-07-14 00:50:00,2.8709,2.8709,2.8699,2.8699,2.8759,2.8759,2.8749,2.8749,3
2026-07-14 00:51:00,2.8694,2.8694,2.8694,2.8694,2.8744,2.8744,2.8744,2.8744,1
2026-07-14 00:52:00,2.8699,2.8709,2.8699,2.8709,2.8749,2.8759,2.8749,2.8759,5
2026-07-14 00:56:00,2.8714,2.8714,2.8714,2.8714,2.8764,2.8764,2.8764,2.8764,1
2026-07-14 00:57:00,2.8719,2.8729,2.8719,2.8729,2.8769,2.8779,2.8769,2.8779,5
2026-07-14 00:58:00,2.8739,2.8739,2.8729,2.8734,2.8789,2.8789,2.8779,2.8784,4
2026-07-14 00:59:00,2.8729,2.8729,2.8719,2.8729,2.8779,2.8779,2.8769,2.8779,3
2026-07-14 01:00:00,2.8734,2.8749,2.8734,2.8739,2.8784,2.8799,2.8784,2.8789,4
2026-07-14 01:01:00,2.8744,2.8744,2.8739,2.8739,2.8794,2.8794,2.8789,2.8789,2
2026-07-14 01:02:00,2.8744,2.8744,2.8729,2.8729,2.8794,2.8794,2.8779,2.8779,6
2026-07-14 01:03:00,2.8734,2.8734,2.8729,2.8729,2.8784,2.8784,2.8779,2.8779,2
2026-07-14 01:04:00,2.8719,2.8729,2.8714,2.8714,2.8769,2.8779,2.8764,2.8764,4
2026-07-14 01:05:00,2.8709,2.8709,2.8709,2.8709,2.8759,2.8759,2.8759,2.8759,1
2026-07-14 01:06:00,2.8699,2.8699,2.8679,2.8689,2.8749,2.8749,2.8729,2.8739,4
2026-07-14 01:07:00,2.8694,2.8694,2.8689,2.8689,2.8744,2.8744,2.8739,2.8739,2
2026-07-14 01:10:00,2.8684,2.8684,2.8679,2.8679,2.8734,2.8734,2.8729,2.8729,2
2026-07-14 01:20:00,2.8684,2.8684,2.8684,2.8684,2.8734,2.8734,2.8734,2.8734,1
2026-07-14 01:24:00,2.8679,2.8679,2.8679,2.8679,2.8729,2.8729,2.8729,2.8729,1
2026-07-14 01:25:00,2.8674,2.8679,2.8659,2.8674,2.8724,2.8729,2.8709,2.8724,7
2026-07-14 01:26:00,2.8679,2.8679,2.8679,2.8679,2.8729,2.8729,2.8729,2.8729,1
2026-07-14 01:28:00,2.8669,2.8674,2.8659,2.8674,2.8719,2.8724,2.8709,2.8724,5
2026-07-14 01:29:00,2.8679,2.8679,2.8679,2.8679,2.8729,2.8729,2.8729,2.8729,1
2026-07-14 01:31:00,2.8669,2.8674,2.8669,2.8674,2.8719,2.8724,2.8719,2.8724,2
2026-07-14 01:32:00,2.8679,2.8679,2.8639,2.8639,2.8729,2.8729,2.8689,2.8689,5
2026-07-14 01:33:00,2.8644,2.8644,2.8639,2.8644,2.8694,2.8694,2.8689,2.8694,3
2026-07-14 01:34:00,2.8639,2.8639,2.8619,2.8619,2.8689,2.8689,2.8669,2.8669,3
2026-07-14 01:35:00,2.8629,2.8629,2.8624,2.8624,2.8679,2.8679,2.8674,2.8674,2
2026-07-14 01:37:00,2.8619,2.8639,2.8619,2.8639,2.8669,2.8689,2.8669,2.8689,7
2026-07-14 01:39:00,2.8644,2.8644,2.8639,2.8639,2.8694,2.8694,2.8689,2.8689,2
2026-07-14 01:42:00,2.8629,2.8639,2.8629,2.8639,2.8679,2.8689,2.8679,2.8689,3
2026-07-14 01:43:00,2.8649,2.8649,2.8634,2.8644,2.8699,2.8699,2.8684,2.8694,7
2026-07-14 01:44:00,2.8649,2.8659,2.8644,2.8659,2.8699,2.8709,2.8694,2.8709,3
2026-07-14 01:45:00,2.8654,2.8654,2.8634,2.8634,2.8704,2.8704,2.8684,2.8684,4
2026-07-14 01:46:00,2.8639,2.8639,2.8634,2.8634,2.8689,2.8689,2.8684,2.8684,2
2026-07-14 01:47:00,2.8629,2.8629,2.8629,2.8629,2.8679,2.8679,2.8679,2.8679,1
2026-07-14 01:48:00,2.8619,2.8619,2.8619,2.8619,2.8669,2.8669,2.8669,2.8669,1
2026-07-14 01:49:00,2.8614,2.8614,2.8609,2.8609,2.8664,2.8664,2.8659,2.8659,2
2026-07-14 01:50:00,2.8604,2.8604,2.8599,2.8604,2.8654,2.8654,2.8649,2.8654,3
2026-07-14 01:51:00,2.8599,2.8604,2.8589,2.8604,2.8649,2.8654,2.8639,2.8654,5
2026-07-14 01:52:00,2.8609,2.8609,2.8604,2.8604,2.8659,2.8659,2.8654,2.8654,2
2026-07-14 01:53:00,2.8609,2.8609,2.8599,2.8604,2.8659,2.8659,2.8649,2.8654,4
2026-07-14 01:54:00,2.8614,2.8614,2.8614,2.8614,2.8664,2.8664,2.8664,2.8664,1
2026-07-14 01:55:00,2.8619,2.8619,2.8609,2.8609,2.8669,2.8669,2.8659,2.8659,4
2026-07-14 01:56:00,2.8614,2.8614,2.8614,2.8614,2.8664,2.8664,2.8664,2.8664,1
2026-07-14 01:57:00,2.8619,2.8619,2.8619,2.8619,2.8669,2.8669,2.8669,2.8669,1
2026-07-14 01:58:00,2.8609,2.8614,2.8609,2.8614,2.8659,2.8664,2.8659,2.8664,2
2026-07-14 01:59:00,2.8609,2.8609,2.8579,2.8579,2.8659,2.8659,2.8629,2.8629,5
2026-07-14 02:00:00,2.8569,2.8589,2.8549,2.8589,2.8619,2.8639,2.8599,2.8639,26
2026-07-14 02:01:00,2.8594,2.8599,2.8574,2.8584,2.8644,2.8649,2.8624,2.8634,13
2026-07-14 02:02:00,2.8589,2.8619,2.8589,2.8604,2.8639,2.8669,2.8639,2.8654,8
2026-07-14 02:03:00,2.8599,2.8619,2.8594,2.8619,2.8649,2.8669,2.8644,2.8669,14
2026-07-14 02:04:00,2.8629,2.8664,2.8629,2.8664,2.8679,2.8714,2.8679,2.8714,16
2026-07-14 02:05:00,2.8659,2.8659,2.8649,2.8659,2.8709,2.8709,2.8699,2.8709,5
2026-07-14 02:06:00,2.8654,2.8689,2.8654,2.8689,2.8704,2.8739,2.8704,2.8739,9
2026-07-14 02:07:00,2.8684,2.8704,2.8679,2.8679,2.8734,2.8754,2.8729,2.8729,11
2026-07-14 02:08:00,2.8684,2.8684,2.8669,2.8684,2.8734,2.8734,2.8719,2.8734,6
2026-07-14 02:09:00,2.8679,2.8679,2.8649,2.8664,2.8729,2.8729,2.8699,2.8714,10
2026-07-14 02:10:00,2.8654,2.8664,2.8619,2.8634,2.8704,2.8714,2.8669,2.8684,22
2026-07-14 02:11:00,2.8639,2.8649,2.8619,2.8629,2.8689,2.8699,2.8669,2.8679,9
2026-07-14 02:12:00,2.8624,2.8639,2.8624,2.8634,2.8674,2.8689,2.8674,2.8684,6
2026-07-14 02:13:00,2.8639,2.8639,2.8624,2.8629,2.8689,2.8689,2.8674,2.8679,5
2026-07-14 02:14:00,2.8624,2.8639,2.8624,2.8629,2.8674,2.8689,2.8674,2.8679,4
2026-07-14 02:15:00,2.8634,2.8639,2.8604,2.8614,2.8684,2.8689,2.8654,2.8664,18
2026-07-14 02:16:00,2.8619,2.8619,2.8614,2.8614,2.8669,2.8669,2.8664,2.8664,6
2026-07-14 02:17:00,2.8629,2.8639,2.8624,2.8624,2.8679,2.8689,2.8674,2.8674,17
2026-07-14 02:18:00,2.8629,2.8639,2.8629,2.8639,2.8679,2.8689,2.8679,2.8689,4
2026-07-14 02:19:00,2.8649,2.8659,2.8639,2.8659,2.8699,2.8709,2.8689,2.8709,9
2026-07-14 02:20:00,2.8664,2.8679,2.8664,2.8669,2.8714,2.8729,2.8714,2.8719,12
2026-07-14 02:21:00,2.8664,2.8674,2.8654,2.8654,2.8714,2.8724,2.8704,2.8704,12
2026-07-14 02:22:00,2.8659,2.8659,2.8654,2.8654,2.8709,2.8709,2.8704,2.8704,2
2026-07-14 02:23:00,2.8659,2.8659,2.8654,2.8659,2.8709,2.8709,2.8704,2.8709,5
2026-07-14 02:24:00,2.8654,2.8654,2.8644,2.8644,2.8704,2.8704,2.8694,2.8694,3
2026-07-14 02:25:00,2.8639,2.8684,2.8639,2.8684,2.8689,2.8734,2.8689,2.8734,12
2026-07-14 02:26:00,2.8674,2.8679,2.8669,2.8669,2.8724,2.8729,2.8719,2.8719,6
2026-07-14 02:27:00,2.8674,2.8679,2.8659,2.8659,2.8724,2.8729,2.8709,2.8709,10
2026-07-14 02:28:00,2.8654,2.8659,2.8654,2.8659,2.8704,2.8709,2.8704,2.8709,4
2026-07-14 02:29:00,2.8654,2.8654,2.8644,2.8644,2.8704,2.8704,2.8694,2.8694,3
2026-07-14 02:30:00,2.8649,2.8659,2.8649,2.8659,2.8699,2.8709,2.8699,2.8709,3
2026-07-14 02:31:00,2.8664,2.8664,2.8659,2.8659,2.8714,2.8714,2.8709,2.8709,2
2026-07-14 02:32:00,2.8649,2.8654,2.8649,2.8654,2.8699,2.8704,2.8699,2.8704,4
2026-07-14 02:33:00,2.8649,2.8654,2.8649,2.8654,2.8699,2.8704,2.8699,2.8704,2
2026-07-14 02:34:00,2.8649,2.8649,2.8614,2.8614,2.8699,2.8699,2.8664,2.8664,19
2026-07-14 02:35:00,2.8609,2.8614,2.8604,2.8614,2.8659,2.8664,2.8654,2.8664,5
2026-07-14 02:36:00,2.8619,2.8619,2.8614,2.8614,2.8669,2.8669,2.8664,2.8664,4
2026-07-14 02:37:00,2.8609,2.8614,2.8609,2.8614,2.8659,2.8664,2.8659,2.8664,2
2026-07-14 02:38:00,2.8619,2.8624,2.8619,2.8619,2.8669,2.8674,2.8669,2.8669,3
2026-07-14 02:39:00,2.8624,2.8624,2.8624,2.8624,2.8674,2.8674,2.8674,2.8674,1
2026-07-14 02:40:00,2.8619,2.8624,2.8609,2.8609,2.8669,2.8674,2.8659,2.8659,4
2026-07-14 02:41:00,2.8619,2.8634,2.8619,2.8634,2.8669,2.8684,2.8669,2.8684,6
2026-07-14 02:42:00,2.8639,2.8639,2.8634,2.8634,2.8689,2.8689,2.8684,2.8684,4
2026-07-14 02:43:00,2.8639,2.8644,2.8634,2.8634,2.8689,2.8694,2.8684,2.8684,4
2026-07-14 02:44:00,2.8644,2.8659,2.8644,2.8649,2.8694,2.8709,2.8694,2.8699,5
2026-07-14 02:45:00,2.8639,2.8644,2.8624,2.8629,2.8689,2.8694,2.8674,2.8679,7
2026-07-14 02:46:00,2.8624,2.8624,2.8589,2.8599,2.8674,2.8674,2.8639,2.8649,5
2026-07-14 02:47:00,2.8589,2.8594,2.8589,2.8594,2.8639,2.8644,2.8639,2.8644,2
2026-07-14 02:48:00,2.8599,2.8599,2.8589,2.8599,2.8649,2.8649,2.8639,2.8649,4
2026-07-14 02:49:00,2.8604,2.8609,2.8604,2.8609,2.8654,2.8659,2.8654,2.8659,2
2026-07-14 02:50:00,2.8604,2.8604,2.8599,2.8604,2.8654,2.8654,2.8649,2.8654,3
2026-07-14 02:51:00,2.8609,2.8609,2.8609,2.8609,2.8659,2.8659,2.8659,2.8659,1
2026-07-14 02:52:00,2.8614,2.8614,2.8614,2.8614,2.8664,2.8664,2.8664,2.8664,1
2026-07-14 02:53:00,2.8609,2.8629,2.8609,2.8619,2.8659,2.8679,2.8659,2.8669,6
2026-07-14 02:54:00,2.8609,2.8609,2.8604,2.8609,2.8659,2.8659,2.8654,2.8659,5
2026-07-14 02:55:00,2.8614,2.8614,2.8604,2.8614,2.8664,2.8664,2.8654,2.8664,7
2026-07-14 02:56:00,2.8619,2.8619,2.8614,2.8614,2.8669,2.8669,2.8664,2.8664,4
2026-07-14 02:58:00,2.8619,2.8619,2.8614,2.8614,2.8669,2.8669,2.8664,2.8664,4
2026-07-14 02:59:00,2.8609,2.8619,2.8609,2.8614,2.8659,2.8669,2.8659,2.8664,4
2026-07-14 03:00:00,2.8609,2.8609,2.8559,2.8574,2.8659,2.8659,2.8609,2.8624,27
2026-07-14 03:01:00,2.8569,2.8574,2.8549,2.8574,2.8619,2.8624,2.8599,2.8624,14
2026-07-14 03:02:00,2.8569,2.8574,2.8559,2.8569,2.8619,2.8624,2.8609,2.8619,7
2026-07-14 03:03:00,2.8564,2.8574,2.8564,2.8574,2.8614,2.8624,2.8614,2.8624,5
2026-07-14 03:04:00,2.8569,2.8589,2.8569,2.8589,2.8619,2.8639,2.8619,2.8639,7
2026-07-14 03:05:00,2.8594,2.8594,2.8584,2.8584,2.8644,2.8644,2.8634,2.8634,3
2026-07-14 03:06:00,2.8579,2.8584,2.8579,2.8584,2.8629,2.8634,2.8629,2.8634,6
2026-07-14 03:07:00,2.8579,2.8579,2.8569,2.8574,2.8629,2.8629,2.8619,2.8624,13
2026-07-14 03:08:00,2.8569,2.8574,2.8559,2.8559,2.8619,2.8624,2.8609,2.8609,6
2026-07-14 03:09:00,2.8549,2.8564,2.8549,2.8559,2.8599,2.8614,2.8599,2.8609,16
2026-07-14 03:10:00,2.8564,2.8574,2.8559,2.8574,2.8614,2.8624,2.8609,2.8624,7
2026-07-14 03:11:00,2.8569,2.8569,2.8554,2.8554,2.8619,2.8619,2.8604,2.8604,4
2026-07-14 03:12:00,2.8549,2.8564,2.8549,2.8559,2.8599,2.8614,2.8599,2.8609,8
2026-07-14 03:13:00,2.8554,2.8559,2.8554,2.8559,2.8604,2.8609,2.8604,2.8609,4
2026-07-14 03:15:00,2.8569,2.8574,2.8569,2.8574,2.8619,2.8624,2.8619,2.8624,4
2026-07-14 03:16:00,2.8569,2.8574,2.8569,2.8574,2.8619,2.8624,2.8619,2.8624,2
2026-07-14 03:17:00,2.8564,2.8569,2.8564,2.8569,2.8614,2.8619,2.8614,2.8619,2
2026-07-14 03:18:00,2.8564,2.8569,2.8559,2.8564,2.8614,2.8619,2.8609,2.8614,7
2026-07-14 03:19:00,2.8569,2.8569,2.8564,2.8569,2.8619,2.8619,2.8614,2.8619,3
2026-07-14 03:20:00,2.8564,2.8574,2.8559,2.8574,2.8614,2.8624,2.8609,2.8624,11
2026-07-14 03:21:00,2.8569,2.8574,2.8569,2.8569,2.8619,2.8624,2.8619,2.8619,5
2026-07-14 03:22:00,2.8574,2.8574,2.8574,2.8574,2.8624,2.8624,2.8624,2.8624,1
2026-07-14 03:23:00,2.8579,2.8579,2.8579,2.8579,2.8629,2.8629,2.8629,2.8629,1
2026-07-14 03:24:00,2.8574,2.8574,2.8569,2.8569,2.8624,2.8624,2.8619,2.8619,4
2026-07-14 03:26:00,2.8574,2.8574,2.8574,2.8574,2.8624,2.8624,2.8624,2.8624,1
2026-07-14 03:27:00,2.8579,2.8579,2.8574,2.8579,2.8629,2.8629,2.8624,2.8629,3
2026-07-14 03:28:00,2.8584,2.8589,2.8584,2.8589,2.8634,2.8639,2.8634,2.8639,2
2026-07-14 03:29:00,2.8584,2.8584,2.8584,2.8584,2.8634,2.8634,2.8634,2.8634,1
2026-07-14 03:30:00,2.8579,2.8579,2.8574,2.8574,2.8629,2.8629,2.8624,2.8624,2
2026-07-14 03:31:00,2.8569,2.8579,2.8569,2.8579,2.8619,2.8629,2.8619,2.8629,2
2026-07-14 03:32:00,2.8574,2.8574,2.8569,2.8569,2.8624,2.8624,2.8619,2.8619,4
2026-07-14 03:33:00,2.8574,2.8574,2.8569,2.8569,2.8624,2.8624,2.8619,2.8619,4
2026-07-14 03:34:00,2.8574,2.8574,2.8574,2.8574,2.8624,2.8624,2.8624,2.8624,1
2026-07-14 03:35:00,2.8579,2.8579,2.8579,2.8579,2.8629,2.8629,2.8629,2.8629,1
2026-07-14 03:36:00,2.8584,2.8589,2.8584,2.8589,2.8634,2.8639,2.8634,2.8639,2
2026-07-14 03:40:00,2.8584,2.8589,2.8579,2.8589,2.8634,2.8639,2.8629,2.8639,4
2026-07-14 03:41:00,2.8584,2.8584,2.8579,2.8579,2.8634,2.8634,2.8629,2.8629,2
2026-07-14 03:42:00,2.8584,2.8584,2.8584,2.8584,2.8634,2.8634,2.8634,2.8634,1
2026-07-14 03:44:00,2.8589,2.8589,2.8584,2.8584,2.8639,2.8639,2.8634,2.8634,2
2026-07-14 03:45:00,2.8574,2.8574,2.8574,2.8574,2.8624,2.8624,2.8624,2.8624,1
2026-07-14 03:46:00,2.8579,2.8579,2.8579,2.8579,2.8629,2.8629,2.8629,2.8629,1
2026-07-14 03:47:00,2.8574,2.8574,2.8574,2.8574,2.8624,2.8624,2.8624,2.8624,1
2026-07-14 03:49:00,2.8569,2.8574,2.8569,2.8574,2.8619,2.8624,2.8619,2.8624,2
2026-07-14 03:50:00,2.8579,2.8579,2.8549,2.8549,2.8629,2.8629,2.8599,2.8599,10
2026-07-14 03:51:00,2.8544,2.8544,2.8529,2.8529,2.8594,2.8594,2.8579,2.8579,4
2026-07-14 03:52:00,2.8524,2.8524,2.8519,2.8519,2.8574,2.8574,2.8569,2.8569,2
2026-07-14 03:54:00,2.8524,2.8529,2.8519,2.8529,2.8574,2.8579,2.8569,2.8579,3
2026-07-14 03:55:00,2.8534,2.8534,2.8529,2.8529,2.8584,2.8584,2.8579,2.8579,4
2026-07-14 03:56:00,2.8539,2.8539,2.8529,2.8539,2.8589,2.8589,2.8579,2.8589,6
2026-07-14 03:57:00,2.8534,2.8539,2.8529,2.8534,2.8584,2.8589,2.8579,2.8584,5
2026-07-14 03:58:00,2.8529,2.8539,2.8529,2.8529,2.8579,2.8589,2.8579,2.8579,3
2026-07-14 03:59:00,2.8534,2.8534,2.8524,2.8524,2.8584,2.8584,2.8574,2.8574,3
2026-07-14 04:00:00,2.8529,2.8539,2.8524,2.8524,2.8579,2.8589,2.8574,2.8574,6
2026-07-14 04:01:00,2.8519,2.8529,2.8519,2.8519,2.8569,2.8579,2.8569,2.8569,6
2026-07-14 04:02:00,2.8524,2.8529,2.8524,2.8529,2.8574,2.8579,2.8574,2.8579,2
2026-07-14 04:04:00,2.8534,2.8539,2.8534,2.8539,2.8584,2.8589,2.8584,2.8589,2
2026-07-14 04:05:00,2.8529,2.8539,2.8524,2.8534,2.8579,2.8589,2.8574,2.8584,6
2026-07-14 04:06:00,2.8529,2.8539,2.8529,2.8534,2.8579,2.8589,2.8579,2.8584,6
2026-07-14 04:07:00,2.8529,2.8529,2.8519,2.8519,2.8579,2.8579,2.8569,2.8569,2
2026-07-14 04:08:00,2.8529,2.8539,2.8529,2.8534,2.8579,2.8589,2.8579,2.8584,7
2026-07-14 04:09:00,2.8539,2.8539,2.8534,2.8539,2.8589,2.8589,2.8584,2.8589,3
2026-07-14 04:10:00,2.8549,2.8549,2.8549,2.8549,2.8599,2.8599,2.8599,2.8599,1
2026-07-14 04:11:00,2.8544,2.8544,2.8544,2.8544,2.8594,2.8594,2.8594,2.8594,1
2026-07-14 04:12:00,2.8549,2.8549,2.8539,2.8539,2.8599,2.8599,2.8589,2.8589,8
2026-07-14 04:14:00,2.8544,2.8544,2.8539,2.8539,2.8594,2.8594,2.8589,2.8589,2
2026-07-14 04:15:00,2.8549,2.8549,2.8539,2.8549,2.8599,2.8599,2.8589,2.8599,4
2026-07-14 04:16:00,2.8539,2.8549,2.8539,2.8539,2.8589,2.8599,2.8589,2.8589,5
2026-07-14 04:17:00,2.8544,2.8544,2.8544,2.8544,2.8594,2.8594,2.8594,2.8594,1
2026-07-14 04:18:00,2.8539,2.8549,2.8539,2.8544,2.8589,2.8599,2.8589,2.8594,4
2026-07-14 04:19:00,2.8549,2.8549,2.8539,2.8539,2.8599,2.8599,2.8589,2.8589,3
2026-07-14 04:21:00,2.8544,2.8549,2.8544,2.8549,2.8594,2.8599,2.8594,2.8599,2
2026-07-14 04:22:00,2.8559,2.8559,2.8559,2.8559,2.8609,2.8609,2.8609,2.8609,1
2026-07-14 04:23:00,2.8549,2.8549,2.8549,2.8549,2.8599,2.8599,2.8599,2.8599,1
2026-07-14 04:26:00,2.8544,2.8549,2.8544,2.8549,2.8594,2.8599,2.8594,2.8599,2
2026-07-14 04:27:00,2.8544,2.8544,2.8544,2.8544,2.8594,2.8594,2.8594,2.8594,1
2026-07-14 04:28:00,2.8549,2.8549,2.8544,2.8549,2.8599,2.8599,2.8594,2.8599,3
2026-07-14 04:29:00,2.8554,2.8554,2.8544,2.8549,2.8604,2.8604,2.8594,2.8599,6
2026-07-14 04:30:00,2.8539,2.8549,2.8539,2.8549,2.8589,2.8599,2.8589,2.8599,3
2026-07-14 04:31:00,2.8539,2.8549,2.8539,2.8549,2.8589,2.8599,2.8589,2.8599,2
2026-07-14 04:34:00,2.8539,2.8574,2.8539,2.8574,2.8589,2.8624,2.8589,2.8624,9
2026-07-14 04:35:00,2.8569,2.8589,2.8569,2.8584,2.8619,2.8639,2.8619,2.8634,10
2026-07-14 04:36:00,2.8579,2.8579,2.8579,2.8579,2.8629,2.8629,2.8629,2.8629,1
2026-07-14 04:37:00,2.8584,2.8584,2.8579,2.8584,2.8634,2.8634,2.8629,2.8634,3
2026-07-14 04:38:00,2.8579,2.8599,2.8579,2.8599,2.8629,2.8649,2.8629,2.8649,5
2026-07-14 04:39:00,2.8589,2.8609,2.8589,2.8609,2.8639,2.8659,2.8639,2.8659,6
2026-07-14 04:40:00,2.8619,2.8624,2.8614,2.8624,2.8669,2.8674,2.8664,2.8674,4
2026-07-14 04:41:00,2.8629,2.8679,2.8619,2.8674,2.8679,2.8729,2.8669,2.8724,22
2026-07-14 04:42:00,2.8669,2.8689,2.8659,2.8669,2.8719,2.8739,2.8709,2.8719,24
2026-07-14 04:43:00,2.8674,2.8679,2.8669,2.8679,2.8724,2.8729,2.8719,2.8729,8
2026-07-14 04:44:00,2.8674,2.8674,2.8639,2.8664,2.8724,2.8724,2.8689,2.8714,13
2026-07-14 04:45:00,2.8659,2.8669,2.8604,2.8639,2.8709,2.8719,2.8654,2.8689,25
2026-07-14 04:47:00,2.8629,2.8649,2.8629,2.8649,2.8679,2.8699,2.8679,2.8699,3
2026-07-14 04:49:00,2.8644,2.8649,2.8639,2.8639,2.8694,2.8699,2.8689,2.8689,3
2026-07-14 04:50:00,2.8644,2.8649,2.8644,2.8649,2.8694,2.8699,2.8694,2.8699,2
2026-07-14 04:51:00,2.8654,2.8659,2.8649,2.8649,2.8704,2.8709,2.8699,2.8699,4
2026-07-14 04:52:00,2.8644,2.8644,2.8619,2.8619,2.8694,2.8694,2.8669,2.8669,7
2026-07-14 04:53:00,2.8624,2.8629,2.8619,2.8629,2.8674,2.8679,2.8669,2.8679,5
2026-07-14 04:54:00,2.8634,2.8634,2.8634,2.8634,2.8684,2.8684,2.8684,2.8684,1
2026-07-14 04:56:00,2.8639,2.8644,2.8639,2.8639,2.8689,2.8694,2.8689,2.8689,3
2026-07-14 04:57:00,2.8644,2.8649,2.8644,2.8644,2.8694,2.8699,2.8694,2.8694,3
2026-07-14 04:58:00,2.8649,2.8649,2.8639,2.8644,2.8699,2.8699,2.8689,2.8694,3
2026-07-14 04:59:00,2.8649,2.8649,2.8644,2.8649,2.8699,2.8699,2.8694,2.8699,3
2026-07-14 05:00:00,2.8654,2.8659,2.8654,2.8659,2.8704,2.8709,2.8704,2.8709,2
2026-07-14 05:01:00,2.8649,2.8649,2.8649,2.8649,2.8699,2.8699,2.8699,2.8699,1
2026-07-14 05:06:00,2.8639,2.8639,2.8639,2.8639,2.8689,2.8689,2.8689,2.8689,1
2026-07-14 05:07:00,2.8644,2.8649,2.8644,2.8649,2.8694,2.8699,2.8694,2.8699,2
2026-07-14 05:09:00,2.8639,2.8649,2.8639,2.8649,2.8689,2.8699,2.8689,2.8699,2
2026-07-14 05:10:00,2.8659,2.8659,2.8654,2.8654,2.8709,2.8709,2.8704,2.8704,4
2026-07-14 05:11:00,2.8649,2.8649,2.8649,2.8649,2.8699,2.8699,2.8699,2.8699,1
2026-07-14 05:12:00,2.8644,2.8649,2.8639,2.8649,2.8694,2.8699,2.8689,2.8699,5
2026-07-14 05:13:00,2.8644,2.8649,2.8639,2.8639,2.8694,2.8699,2.8689,2.8689,6
2026-07-14 05:14:00,2.8644,2.8659,2.8644,2.8649,2.8694,2.8709,2.8694,2.8699,7
2026-07-14 05:15:00,2.8654,2.8659,2.8639,2.8639,2.8704,2.8709,2.8689,2.8689,5
2026-07-14 05:17:00,2.8644,2.8669,2.8644,2.8649,2.8694,2.8719,2.8694,2.8699,7
2026-07-14 05:18:00,2.8654,2.8664,2.8654,2.8664,2.8704,2.8714,2.8704,2.8714,7
2026-07-14 05:19:00,2.8669,2.8669,2.8664,2.8669,2.8719,2.8719,2.8714,2.8719,3
2026-07-14 05:20:00,2.8664,2.8664,2.8659,2.8659,2.8714,2.8714,2.8709,2.8709,2
2026-07-14 05:21:00,2.8654,2.8654,2.8654,2.8654,2.8704,2.8704,2.8704,2.8704,1
2026-07-14 05:22:00,2.8649,2.8654,2.8649,2.8654,2.8699,2.8704,2.8699,2.8704,2
2026-07-14 05:23:00,2.8649,2.8649,2.8644,2.8644,2.8699,2.8699,2.8694,2.8694,2
2026-07-14 05:24:00,2.8639,2.8644,2.8639,2.8644,2.8689,2.8694,2.8689,2.8694,2
2026-07-14 05:25:00,2.8639,2.8639,2.8639,2.8639,2.8689,2.8689,2.8689,2.8689,1
2026-07-14 05:26:00,2.8634,2.8639,2.8634,2.8639,2.8684,2.8689,2.8684,2.8689,2
2026-07-14 05:27:00,2.8649,2.8649,2.8649,2.8649,2.8699,2.8699,2.8699,2.8699,1
2026-07-14 05:28:00,2.8644,2.8649,2.8644,2.8644,2.8694,2.8699,2.8694,2.8694,3
2026-07-14 05:30:00,2.8639,2.8639,2.8629,2.8639,2.8689,2.8689,2.8679,2.8689,6
2026-07-14 05:31:00,2.8629,2.8629,2.8629,2.8629,2.8679,2.8679,2.8679,2.8679,1
2026-07-14 05:32:00,2.8619,2.8619,2.8619,2.8619,2.8669,2.8669,2.8669,2.8669,1
2026-07-14 05:33:00,2.8624,2.8639,2.8624,2.8634,2.8674,2.8689,2.8674,2.8684,7
2026-07-14 05:34:00,2.8639,2.8649,2.8639,2.8644,2.8689,2.8699,2.8689,2.8694,6
2026-07-14 05:35:00,2.8639,2.8644,2.8639,2.8644,2.8689,2.8694,2.8689,2.8694,2
2026-07-14 05:36:00,2.8639,2.8644,2.8634,2.8634,2.8689,2.8694,2.8684,2.8684,4
2026-07-14 05:37:00,2.8649,2.8649,2.8639,2.8639,2.8699,2.8699,2.8689,2.8689,10
2026-07-14 05:38:00,2.8649,2.8649,2.8649,2.8649,2.8699,2.8699,2.8699,2.8699,1
2026-07-14 05:40:00,2.8659,2.8659,2.8639,2.8639,2.8709,2.8709,2.8689,2.8689,3
2026-07-14 05:41:00,2.8629,2.8649,2.8629,2.8649,2.8679,2.8699,2.8679,2.8699,3
2026-07-14 05:42:00,2.8639,2.8659,2.8639,2.8649,2.8689,2.8709,2.8689,2.8699,8
2026-07-14 05:44:00,2.8644,2.8654,2.8639,2.8654,2.8694,2.8704,2.8689,2.8704,8
2026-07-14 05:45:00,2.8649,2.8659,2.8649,2.8649,2.8699,2.8709,2.8699,2.8699,5
2026-07-14 05:46:00,2.8654,2.8654,2.8654,2.8654,2.8704,2.8704,2.8704,2.8704,1
2026-07-14 05:47:00,2.8659,2.8679,2.8659,2.8669,2.8709,2.8729,2.8709,2.8719,10
2026-07-14 05:48:00,2.8659,2.8659,2.8654,2.8654,2.8709,2.8709,2.8704,2.8704,4
2026-07-14 05:49:00,2.8659,2.8659,2.8659,2.8659,2.8709,2.8709,2.8709,2.8709,1
2026-07-14 05:50:00,2.8654,2.8659,2.8654,2.8654,2.8704,2.8709,2.8704,2.8704,3
2026-07-14 05:51:00,2.8659,2.8659,2.8629,2.8639,2.8709,2.8709,2.8679,2.8689,10
2026-07-14 05:53:00,2.8649,2.8649,2.8639,2.8639,2.8699,2.8699,2.8689,2.8689,9
2026-07-14 05:54:00,2.8644,2.8659,2.8639,2.8639,2.8694,2.8709,2.8689,2.8689,7
2026-07-14 05:55:00,2.8644,2.8644,2.8639,2.8639,2.8694,2.8694,2.8689,2.8689,2
2026-07-14 05:56:00,2.8649,2.8649,2.8649,2.8649,2.8699,2.8699,2.8699,2.8699,1
2026-07-14 05:57:00,2.8639,2.8644,2.8639,2.8639,2.8689,2.8694,2.8689,2.8689,3
2026-07-14 05:58:00,2.8644,2.8644,2.8644,2.8644,2.8694,2.8694,2.8694,2.8694,1
2026-07-14 05:59:00,2.8639,2.8649,2.8639,2.8649,2.8689,2.8699,2.8689,2.8699,6
2026-07-14 06:00:00,2.8654,2.8669,2.8649,2.8659,2.8704,2.8719,2.8699,2.8709,11
2026-07-14 06:02:00,2.8649,2.8659,2.8649,2.8649,2.8699,2.8709,2.8699,2.8699,5
2026-07-14 06:04:00,2.8659,2.8659,2.8649,2.8649,2.8709,2.8709,2.8699,2.8699,2
2026-07-14 06:07:00,2.8654,2.8659,2.8654,2.8659,2.8704,2.8709,2.8704,2.8709,2
2026-07-14 06:08:00,2.8669,2.8669,2.8649,2.8649,2.8719,2.8719,2.8699,2.8699,7
2026-07-14 06:10:00,2.8639,2.8639,2.8619,2.8619,2.8689,2.8689,2.8669,2.8669,3
2026-07-14 06:12:00,2.8624,2.8624,2.8619,2.8619,2.8674,2.8674,2.8669,2.8669,4
2026-07-14 06:13:00,2.8609,2.8609,2.8609,2.8609,2.8659,2.8659,2.8659,2.8659,1
2026-07-14 06:14:00,2.8614,2.8624,2.8614,2.8619,2.8664,2.8674,2.8664,2.8669,4
2026-07-14 06:15:00,2.8629,2.8629,2.8629,2.8629,2.8679,2.8679,2.8679,2.8679,1
2026-07-14 06:17:00,2.8619,2.8619,2.8609,2.8609,2.8669,2.8669,2.8659,2.8659,2
2026-07-14 06:18:00,2.8614,2.8614,2.8609,2.8609,2.8664,2.8664,2.8659,2.8659,2
2026-07-14 06:20:00,2.8599,2.8599,2.8599,2.8599,2.8649,2.8649,2.8649,2.8649,1
2026-07-14 06:23:00,2.8604,2.8604,2.8599,2.8599,2.8654,2.8654,2.8649,2.8649,2
2026-07-14 06:25:00,2.8609,2.8609,2.8599,2.8609,2.8659,2.8659,2.8649,2.8659,4
2026-07-14 06:27:00,2.8599,2.8599,2.8599,2.8599,2.8649,2.8649,2.8649,2.8649,1
2026-07-14 06:28:00,2.8589,2.8589,2.8589,2.8589,2.8639,2.8639,2.8639,2.8639,1
2026-07-14 06:30:00,2.8579,2.8579,2.8579,2.8579,2.8629,2.8629,2.8629,2.8629,1
2026-07-14 06:31:00,2.8569,2.8569,2.8529,2.8539,2.8619,2.8619,2.8579,2.8589,12
2026-07-14 06:32:00,2.8534,2.8544,2.8534,2.8539,2.8584,2.8594,2.8584,2.8589,4
2026-07-14 06:36:00,2.8534,2.8539,2.8529,2.8529,2.8584,2.8589,2.8579,2.8579,3
2026-07-14 06:37:00,2.8539,2.8549,2.8534,2.8539,2.8589,2.8599,2.8584,2.8589,6
2026-07-14 06:39:00,2.8529,2.8529,2.8529,2.8529,2.8579,2.8579,2.8579,2.8579,1
2026-07-14 06:40:00,2.8539,2.8539,2.8534,2.8539,2.8589,2.8589,2.8584,2.8589,3
2026-07-14 06:41:00,2.8534,2.8539,2.8534,2.8539,2.8584,2.8589,2.8584,2.8589,4
2026-07-14 06:42:00,2.8534,2.8539,2.8529,2.8529,2.8584,2.8589,2.8579,2.8579,4
2026-07-14 06:43:00,2.8519,2.8519,2.8479,2.8489,2.8569,2.8569,2.8529,2.8539,16
2026-07-14 06:44:00,2.8479,2.8479,2.8479,2.8479,2.8529,2.8529,2.8529,2.8529,1
2026-07-14 06:45:00,2.8484,2.8519,2.8479,2.8519,2.8534,2.8569,2.8529,2.8569,8
2026-07-14 06:47:00,2.8509,2.8519,2.8509,2.8519,2.8559,2.8569,2.8559,2.8569,10
2026-07-14 06:48:00,2.8524,2.8539,2.8519,2.8539,2.8574,2.8589,2.8569,2.8589,9
2026-07-14 06:49:00,2.8529,2.8549,2.8529,2.8549,2.8579,2.8599,2.8579,2.8599,10
2026-07-14 06:50:00,2.8559,2.8569,2.8549,2.8559,2.8609,2.8619,2.8599,2.8609,13
2026-07-14 06:51:00,2.8564,2.8599,2.8559,2.8599,2.8614,2.8649,2.8609,2.8649,13
2026-07-14 06:52:00,2.8609,2.8609,2.8589,2.8589,2.8659,2.8659,2.8639,2.8639,6
2026-07-14 06:53:00,2.8594,2.8594,2.8589,2.8589,2.8644,2.8644,2.8639,2.8639,2
2026-07-14 06:54:00,2.8599,2.8599,2.8574,2.8589,2.8649,2.8649,2.8624,2.8639,14
2026-07-14 06:56:00,2.8579,2.8579,2.8569,2.8569,2.8629,2.8629,2.8619,2.8619,4
2026-07-14 06:59:00,2.8559,2.8559,2.8549,2.8559,2.8609,2.8609,2.8599,2.8609,3
2026-07-14 07:00:00,2.8549,2.8569,2.8549,2.8554,2.8599,2.8619,2.8599,2.8604,12
2026-07-14 07:01:00,2.8549,2.8569,2.8549,2.8569,2.8599,2.8619,2.8599,2.8619,8
2026-07-14 07:02:00,2.8559,2.8569,2.8559,2.8569,2.8609,2.8619,2.8609,2.8619,6
2026-07-14 07:03:00,2.8559,2.8559,2.8559,2.8559,2.8609,2.8609,2.8609,2.8609,1
2026-07-14 07:04:00,2.8549,2.8549,2.8549,2.8549,2.8599,2.8599,2.8599,2.8599,1
2026-07-14 07:05:00,2.8539,2.8549,2.8539,2.8539,2.8589,2.8599,2.8589,2.8589,6
2026-07-14 07:06:00,2.8544,2.8549,2.8539,2.8549,2.8594,2.8599,2.8589,2.8599,4
2026-07-14 07:08:00,2.8554,2.8554,2.8554,2.8554,2.8604,2.8604,2.8604,2.8604,1
2026-07-14 07:09:00,2.8559,2.8559,2.8559,2.8559,2.8609,2.8609,2.8609,2.8609,1
2026-07-14 07:10:00,2.8564,2.8569,2.8559,2.8569,2.8614,2.8619,2.8609,2.8619,4
2026-07-14 07:11:00,2.8579,2.8579,2.8569,2.8569,2.8629,2.8629,2.8619,2.8619,2
2026-07-14 07:12:00,2.8559,2.8559,2.8559,2.8559,2.8609,2.8609,2.8609,2.8609,1
2026-07-14 07:13:00,2.8564,2.8569,2.8564,2.8569,2.8614,2.8619,2.8614,2.8619,2
2026-07-14 07:16:00,2.8564,2.8569,2.8559,2.8569,2.8614,2.8619,2.8609,2.8619,4
2026-07-14 07:17:00,2.8574,2.8574,2.8569,2.8569,2.8624,2.8624,2.8619,2.8619,2
2026-07-14 07:19:00,2.8574,2.8579,2.8569,2.8569,2.8624,2.8629,2.8619,2.8619,3
2026-07-14 07:23:00,2.8559,2.8559,2.8559,2.8559,2.8609,2.8609,2.8609,2.8609,1
2026-07-14 07:24:00,2.8554,2.8554,2.8549,2.8549,2.8604,2.8604,2.8599,2.8599,2
2026-07-14 07:25:00,2.8554,2.8559,2.8554,2.8559,2.8604,2.8609,2.8604,2.8609,2
2026-07-14 07:26:00,2.8564,2.8564,2.8554,2.8554,2.8614,2.8614,2.8604,2.8604,3
2026-07-14 07:27:00,2.8549,2.8549,2.8549,2.8549,2.8599,2.8599,2.8599,2.8599,1
2026-07-14 07:28:00,2.8559,2.8559,2.8559,2.8559,2.8609,2.8609,2.8609,2.8609,1
2026-07-14 07:29:00,2.8554,2.8554,2.8539,2.8539,2.8604,2.8604,2.8589,2.8589,3
2026-07-14 07:30:00,2.8529,2.8539,2.8509,2.8514,2.8579,2.8589,2.8559,2.8564,17
2026-07-14 07:31:00,2.8519,2.8524,2.8514,2.8519,2.8569,2.8574,2.8564,2.8569,5
2026-07-14 07:32:00,2.8524,2.8524,2.8504,2.8509,2.8574,2.8574,2.8554,2.8559,5
2026-07-14 07:34:00,2.8519,2.8519,2.8509,2.8509,2.8569,2.8569,2.8559,2.8559,5
2026-07-14 07:35:00,2.8504,2.8509,2.8499,2.8509,2.8554,2.8559,2.8549,2.8559,3
2026-07-14 07:36:00,2.8499,2.8509,2.8499,2.8509,2.8549,2.8559,2.8549,2.8559,2
2026-07-14 07:37:00,2.8499,2.8499,2.8489,2.8489,2.8549,2.8549,2.8539,2.8539,2
2026-07-14 07:38:00,2.8484,2.8489,2.8479,2.8479,2.8534,2.8539,2.8529,2.8529,7
2026-07-14 07:39:00,2.8489,2.8489,2.8489,2.8489,2.8539,2.8539,2.8539,2.8539,1
2026-07-14 07:40:00,2.8479,2.8489,2.8479,2.8489,2.8529,2.8539,2.8529,2.8539,2
2026-07-14 07:41:00,2.8479,2.8499,2.8479,2.8499,2.8529,2.8549,2.8529,2.8549,5
2026-07-14 07:42:00,2.8494,2.8499,2.8489,2.8489,2.8544,2.8549,2.8539,2.8539,4
2026-07-14 07:43:00,2.8494,2.8499,2.8494,2.8494,2.8544,2.8549,2.8544,2.8544,3
2026-07-14 07:44:00,2.8489,2.8489,2.8479,2.8489,2.8539,2.8539,2.8529,2.8539,6
2026-07-14 07:45:00,2.8484,2.8499,2.8484,2.8499,2.8534,2.8549,2.8534,2.8549,4
2026-07-14 07:46:00,2.8509,2.8509,2.8499,2.8499,2.8559,2.8559,2.8549,2.8549,3
2026-07-14 07:48:00,2.8494,2.8499,2.8494,2.8499,2.8544,2.8549,2.8544,2.8549,2
2026-07-14 07:49:00,2.8509,2.8539,2.8499,2.8524,2.8559,2.8589,2.8549,2.8574,12
2026-07-14 07:50:00,2.8529,2.8529,2.8459,2.8474,2.8579,2.8579,2.8509,2.8524,18
2026-07-14 07:51:00,2.8469,2.8489,2.8459,2.8489,2.8519,2.8539,2.8509,2.8539,10
2026-07-14 07:52:00,2.8499,2.8499,2.8489,2.8489,2.8549,2.8549,2.8539,2.8539,3
2026-07-14 07:53:00,2.8479,2.8479,2.8479,2.8479,2.8529,2.8529,2.8529,2.8529,1
2026-07-14 07:59:00,2.8489,2.8489,2.8489,2.8489,2.8539,2.8539,2.8539,2.8539,1
2026-07-14 08:00:00,2.8499,2.8499,2.8479,2.8489,2.8549,2.8549,2.8529,2.8539,9
2026-07-14 08:01:00,2.8494,2.8499,2.8479,2.8499,2.8544,2.8549,2.8529,2.8549,10
2026-07-14 08:02:00,2.8494,2.8494,2.8459,2.8479,2.8544,2.8544,2.8509,2.8529,14
2026-07-14 08:03:00,2.8469,2.8469,2.8459,2.8469,2.8519,2.8519,2.8509,2.8519,3
2026-07-14 08:04:00,2.8459,2.8459,2.8429,2.8444,2.8509,2.8509,2.8479,2.8494,10
2026-07-14 08:05:00,2.8439,2.8459,2.8434,2.8449,2.8489,2.8509,2.8484,2.8499,12
2026-07-14 08:06:00,2.8454,2.8469,2.8454,2.8469,2.8504,2.8519,2.8504,2.8519,3
2026-07-14 08:07:00,2.8459,2.8459,2.8449,2.8449,2.8509,2.8509,2.8499,2.8499,3
2026-07-14 08:08:00,2.8459,2.8459,2.8439,2.8439,2.8509,2.8509,2.8489,2.8489,5
2026-07-14 08:09:00,2.8434,2.8439,2.8424,2.8424,2.8484,2.8489,2.8474,2.8474,8
2026-07-14 08:10:00,2.8429,2.8454,2.8429,2.8449,2.8479,2.8504,2.8479,2.8499,7
2026-07-14 08:11:00,2.8459,2.8459,2.8449,2.8459,2.8509,2.8509,2.8499,2.8509,5
2026-07-14 08:12:00,2.8469,2.8499,2.8469,2.8499,2.8519,2.8549,2.8519,2.8549,5
2026-07-14 08:13:00,2.8489,2.8489,2.8469,2.8469,2.8539,2.8539,2.8519,2.8519,5
2026-07-14 08:14:00,2.8479,2.8489,2.8474,2.8489,2.8529,2.8539,2.8524,2.8539,4
2026-07-14 08:15:00,2.8499,2.8504,2.8489,2.8499,2.8549,2.8554,2.8539,2.8549,6
2026-07-14 08:16:00,2.8504,2.8504,2.8504,2.8504,2.8554,2.8554,2.8554,2.8554,1
2026-07-14 08:17:00,2.8519,2.8529,2.8504,2.8509,2.8569,2.8579,2.8554,2.8559,7
2026-07-14 08:18:00,2.8504,2.8524,2.8499,2.8524,2.8554,2.8574,2.8549,2.8574,9
2026-07-14 08:19:00,2.8519,2.8529,2.8519,2.8529,2.8569,2.8579,2.8569,2.8579,2
2026-07-14 08:20:00,2.8524,2.8529,2.8519,2.8529,2.8574,2.8579,2.8569,2.8579,4
2026-07-14 08:21:00,2.8539,2.8544,2.8529,2.8544,2.8589,2.8594,2.8579,2.8594,4
2026-07-14 08:22:00,2.8549,2.8559,2.8539,2.8539,2.8599,2.8609,2.8589,2.8589,4
2026-07-14 08:23:00,2.8529,2.8544,2.8529,2.8539,2.8579,2.8594,2.8579,2.8589,4
2026-07-14 08:24:00,2.8529,2.8534,2.8519,2.8519,2.8579,2.8584,2.8569,2.8569,6
2026-07-14 08:25:00,2.8514,2.8529,2.8514,2.8529,2.8564,2.8579,2.8564,2.8579,5
2026-07-14 08:26:00,2.8524,2.8524,2.8509,2.8519,2.8574,2.8574,2.8559,2.8569,4
2026-07-14 08:28:00,2.8524,2.8529,2.8519,2.8529,2.8574,2.8579,2.8569,2.8579,6
2026-07-14 08:29:00,2.8534,2.8544,2.8534,2.8539,2.8584,2.8594,2.8584,2.8589,6
2026-07-14 08:30:00,2.8544,2.8549,2.8539,2.8539,2.8594,2.8599,2.8589,2.8589,11
2026-07-14 08:31:00,2.8544,2.8554,2.8529,2.8529,2.8594,2.8604,2.8579,2.8579,7
2026-07-14 08:33:00,2.8539,2.8574,2.8519,2.8529,2.8589,2.8624,2.8569,2.8579,20
2026-07-14 08:34:00,2.8524,2.8529,2.8519,2.8529,2.8574,2.8579,2.8569,2.8579,7
2026-07-14 08:35:00,2.8524,2.8524,2.8504,2.8509,2.8574,2.8574,2.8554,2.8559,8
2026-07-14 08:36:00,2.8514,2.8519,2.8509,2.8519,2.8564,2.8569,2.8559,2.8569,5
2026-07-14 08:37:00,2.8524,2.8524,2.8519,2.8519,2.8574,2.8574,2.8569,2.8569,2
2026-07-14 08:38:00,2.8529,2.8529,2.8519,2.8519,2.8579,2.8579,2.8569,2.8569,2
2026-07-14 08:39:00,2.8509,2.8509,2.8499,2.8504,2.8559,2.8559,2.8549,2.8554,7
2026-07-14 08:40:00,2.8509,2.8509,2.8499,2.8504,2.8559,2.8559,2.8549,2.8554,5
2026-07-14 08:41:00,2.8499,2.8499,2.8499,2.8499,2.8549,2.8549,2.8549,2.8549,1
2026-07-14 08:42:00,2.8509,2.8509,2.8509,2.8509,2.8559,2.8559,2.8559,2.8559,1
2026-07-14 08:44:00,2.8519,2.8519,2.8509,2.8509,2.8569,2.8569,2.8559,2.8559,3
2026-07-14 08:45:00,2.8499,2.8509,2.8499,2.8504,2.8549,2.8559,2.8549,2.8554,5
2026-07-14 08:46:00,2.8509,2.8509,2.8509,2.8509,2.8559,2.8559,2.8559,2.8559,1
2026-07-14 08:48:00,2.8504,2.8509,2.8479,2.8479,2.8554,2.8559,2.8529,2.8529,5
2026-07-14 08:49:00,2.8484,2.8494,2.8479,2.8494,2.8534,2.8544,2.8529,2.8544,5
2026-07-14 08:50:00,2.8489,2.8499,2.8484,2.8484,2.8539,2.8549,2.8534,2.8534,8
2026-07-14 08:51:00,2.8479,2.8479,2.8479,2.8479,2.8529,2.8529,2.8529,2.8529,1
2026-07-14 08:52:00,2.8484,2.8484,2.8479,2.8479,2.8534,2.8534,2.8529,2.8529,2
2026-07-14 08:53:00,2.8484,2.8489,2.8479,2.8484,2.8534,2.8539,2.8529,2.8534,6
2026-07-14 08:54:00,2.8479,2.8489,2.8449,2.8449,2.8529,2.8539,2.8499,2.8499,10
2026-07-14 08:55:00,2.8439,2.8439,2.8439,2.8439,2.8489,2.8489,2.8489,2.8489,1
2026-07-14 08:56:00,2.8449,2.8459,2.8444,2.8449,2.8499,2.8509,2.8494,2.8499,8
2026-07-14 08:57:00,2.8439,2.8439,2.8434,2.8434,2.8489,2.8489,2.8484,2.8484,2
2026-07-14 08:58:00,2.8439,2.8439,2.8429,2.8429,2.8489,2.8489,2.8479,2.8479,7
2026-07-14 08:59:00,2.8434,2.8434,2.8429,2.8429,2.8484,2.8484,2.8479,2.8479,2
2026-07-14 09:00:00,2.8419,2.8429,2.8399,2.8429,2.8469,2.8479,2.8449,2.8479,19
2026-07-14 09:01:00,2.8439,2.8459,2.8429,2.8449,2.8489,2.8509,2.8479,2.8499,10
2026-07-14 09:02:00,2.8444,2.8444,2.8399,2.8419,2.8494,2.8494,2.8449,2.8469,16
2026-07-14 09:03:00,2.8414,2.8414,2.8379,2.8379,2.8464,2.8464,2.8429,2.8429,8
2026-07-14 09:04:00,2.8369,2.8399,2.8369,2.8389,2.8419,2.8449,2.8419,2.8439,10
2026-07-14 09:05:00,2.8399,2.8409,2.8389,2.8399,2.8449,2.8459,2.8439,2.8449,7
2026-07-14 09:06:00,2.8389,2.8439,2.8379,2.8429,2.8439,2.8489,2.8429,2.8479,17
2026-07-14 09:07:00,2.8419,2.8424,2.8409,2.8419,2.8469,2.8474,2.8459,2.8469,13
2026-07-14 09:08:00,2.8424,2.8439,2.8419,2.8434,2.8474,2.8489,2.8469,2.8484,11
2026-07-14 09:09:00,2.8439,2.8439,2.8434,2.8434,2.8489,2.8489,2.8484,2.8484,2
2026-07-14 09:10:00,2.8429,2.8484,2.8429,2.8479,2.8479,2.8534,2.8479,2.8529,20
2026-07-14 09:11:00,2.8489,2.8489,2.8479,2.8484,2.8539,2.8539,2.8529,2.8534,5
2026-07-14 09:12:00,2.8489,2.8489,2.8464,2.8464,2.8539,2.8539,2.8514,2.8514,11
2026-07-14 09:13:00,2.8469,2.8479,2.8469,2.8469,2.8519,2.8529,2.8519,2.8519,3
2026-07-14 09:14:00,2.8459,2.8459,2.8439,2.8439,2.8509,2.8509,2.8489,2.8489,11
2026-07-14 09:15:00,2.8449,2.8489,2.8439,2.8479,2.8499,2.8539,2.8489,2.8529,17
2026-07-14 09:16:00,2.8474,2.8474,2.8469,2.8474,2.8524,2.8524,2.8519,2.8524,3
2026-07-14 09:17:00,2.8479,2.8484,2.8459,2.8474,2.8529,2.8534,2.8509,2.8524,16
2026-07-14 09:18:00,2.8469,2.8489,2.8469,2.8484,2.8519,2.8539,2.8519,2.8534,8
2026-07-14 09:19:00,2.8479,2.8479,2.8464,2.8469,2.8529,2.8529,2.8514,2.8519,11
2026-07-14 09:20:00,2.8479,2.8479,2.8474,2.8479,2.8529,2.8529,2.8524,2.8529,3
2026-07-14 09:21:00,2.8489,2.8499,2.8489,2.8489,2.8539,2.8549,2.8539,2.8539,8
2026-07-14 09:22:00,2.8479,2.8484,2.8474,2.8474,2.8529,2.8534,2.8524,2.8524,4
2026-07-14 09:23:00,2.8479,2.8484,2.8479,2.8479,2.8529,2.8534,2.8529,2.8529,7
2026-07-14 09:24:00,2.8484,2.8489,2.8479,2.8479,2.8534,2.8539,2.8529,2.8529,7
2026-07-14 09:25:00,2.8469,2.8479,2.8454,2.8464,2.8519,2.8529,2.8504,2.8514,14
2026-07-14 09:26:00,2.8459,2.8469,2.8459,2.8464,2.8509,2.8519,2.8509,2.8514,6
2026-07-14 09:27:00,2.8459,2.8479,2.8449,2.8459,2.8509,2.8529,2.8499,2.8509,15
2026-07-14 09:28:00,2.8469,2.8479,2.8459,2.8474,2.8519,2.8529,2.8509,2.8524,11
2026-07-14 09:29:00,2.8469,2.8469,2.8459,2.8469,2.8519,2.8519,2.8509,2.8519,5
2026-07-14 09:30:00,2.8479,2.8489,2.8479,2.8489,2.8529,2.8539,2.8529,2.8539,17
2026-07-14 09:31:00,2.8494,2.8529,2.8489,2.8529,2.8544,2.8579,2.8539,2.8579,14
2026-07-14 09:33:00,2.8534,2.8549,2.8529,2.8539,2.8584,2.8599,2.8579,2.8589,16
2026-07-14 09:34:00,2.8544,2.8559,2.8539,2.8559,2.8594,2.8609,2.8589,2.8609,12
2026-07-14 09:35:00,2.8569,2.8609,2.8529,2.8599,2.8619,2.8659,2.8579,2.8649,30
2026-07-14 09:36:00,2.8589,2.8689,2.8589,2.8669,2.8639,2.8739,2.8639,2.8719,39
2026-07-14 09:37:00,2.8674,2.8679,2.8634,2.8634,2.8724,2.8729,2.8684,2.8684,14
2026-07-14 09:38:00,2.8629,2.8639,2.8609,2.8629,2.8679,2.8689,2.8659,2.8679,9
2026-07-14 09:39:00,2.8619,2.8619,2.8619,2.8619,2.8669,2.8669,2.8669,2.8669,1
2026-07-14 09:40:00,2.8629,2.8659,2.8629,2.8649,2.8679,2.8709,2.8679,2.8699,9
2026-07-14 09:41:00,2.8654,2.8659,2.8639,2.8644,2.8704,2.8709,2.8689,2.8694,11
2026-07-14 09:42:00,2.8639,2.8639,2.8639,2.8639,2.8689,2.8689,2.8689,2.8689,1
2026-07-14 09:43:00,2.8629,2.8649,2.8599,2.8644,2.8679,2.8699,2.8649,2.8694,16
2026-07-14 09:44:00,2.8649,2.8659,2.8639,2.8659,2.8699,2.8709,2.8689,2.8709,5
2026-07-14 09:45:00,2.8664,2.8729,2.8659,2.8699,2.8714,2.8779,2.8709,2.8749,28
2026-07-14 09:46:00,2.8689,2.8689,2.8659,2.8664,2.8739,2.8739,2.8709,2.8714,10
2026-07-14 09:47:00,2.8669,2.8669,2.8649,2.8649,2.8719,2.8719,2.8699,2.8699,11
2026-07-14 09:48:00,2.8654,2.8669,2.8644,2.8644,2.8704,2.8719,2.8694,2.8694,8
2026-07-14 09:49:00,2.8639,2.8639,2.8619,2.8619,2.8689,2.8689,2.8669,2.8669,28
2026-07-14 09:50:00,2.8624,2.8624,2.8584,2.8594,2.8674,2.8674,2.8634,2.8644,22
2026-07-14 09:51:00,2.8599,2.8619,2.8579,2.8584,2.8649,2.8669,2.8629,2.8634,14
2026-07-14 09:52:00,2.8579,2.8619,2.8579,2.8589,2.8629,2.8669,2.8629,2.8639,32
2026-07-14 09:53:00,2.8584,2.8599,2.8579,2.8579,2.8634,2.8649,2.8629,2.8629,12
2026-07-14 09:54:00,2.8569,2.8569,2.8539,2.8559,2.8619,2.8619,2.8589,2.8609,21
2026-07-14 09:55:00,2.8564,2.8589,2.8564,2.8589,2.8614,2.8639,2.8614,2.8639,10
2026-07-14 09:56:00,2.8599,2.8599,2.8569,2.8599,2.8649,2.8649,2.8619,2.8649,8
2026-07-14 09:57:00,2.8594,2.8594,2.8579,2.8579,2.8644,2.8644,2.8629,2.8629,6
2026-07-14 09:58:00,2.8569,2.8579,2.8569,2.8569,2.8619,2.8629,2.8619,2.8619,7
2026-07-14 10:00:00,2.8559,2.8579,2.8559,2.8569,2.8609,2.8629,2.8609,2.8619,10
2026-07-14 10:01:00,2.8564,2.8569,2.8509,2.8539,2.8614,2.8619,2.8559,2.8589,13
2026-07-14 10:02:00,2.8549,2.8559,2.8539,2.8549,2.8599,2.8609,2.8589,2.8599,18
2026-07-14 10:03:00,2.8559,2.8599,2.8549,2.8589,2.8609,2.8649,2.8599,2.8639,23
2026-07-14 10:04:00,2.8584,2.8589,2.8559,2.8569,2.8634,2.8639,2.8609,2.8619,11
2026-07-14 10:05:00,2.8574,2.8579,2.8559,2.8579,2.8624,2.8629,2.8609,2.8629,14
2026-07-14 10:06:00,2.8584,2.8599,2.8584,2.8599,2.8634,2.8649,2.8634,2.8649,6
2026-07-14 10:07:00,2.8589,2.8589,2.8539,2.8564,2.8639,2.8639,2.8589,2.8614,18
2026-07-14 10:08:00,2.8569,2.8579,2.8569,2.8569,2.8619,2.8629,2.8619,2.8619,8
2026-07-14 10:09:00,2.8574,2.8599,2.8574,2.8599,2.8624,2.8649,2.8624,2.8649,5
2026-07-14 10:10:00,2.8594,2.8594,2.8569,2.8569,2.8644,2.8644,2.8619,2.8619,9
2026-07-14 10:11:00,2.8559,2.8589,2.8549,2.8589,2.8609,2.8639,2.8599,2.8639,14
2026-07-14 10:12:00,2.8584,2.8589,2.8579,2.8579,2.8634,2.8639,2.8629,2.8629,13
2026-07-14 10:13:00,2.8589,2.8589,2.8559,2.8559,2.8639,2.8639,2.8609,2.8609,10
2026-07-14 10:14:00,2.8564,2.8569,2.8559,2.8564,2.8614,2.8619,2.8609,2.8614,11
2026-07-14 10:15:00,2.8559,2.8579,2.8559,2.8574,2.8609,2.8629,2.8609,2.8624,5
2026-07-14 10:16:00,2.8569,2.8569,2.8539,2.8549,2.8619,2.8619,2.8589,2.8599,14
2026-07-14 10:18:00,2.8559,2.8574,2.8549,2.8564,2.8609,2.8624,2.8599,2.8614,9
2026-07-14 10:19:00,2.8559,2.8559,2.8529,2.8539,2.8609,2.8609,2.8579,2.8589,17
2026-07-14 10:20:00,2.8534,2.8539,2.8529,2.8534,2.8584,2.8589,2.8579,2.8584,13
2026-07-14 10:21:00,2.8529,2.8539,2.8509,2.8514,2.8579,2.8589,2.8559,2.8564,11
2026-07-14 10:22:00,2.8509,2.8519,2.8499,2.8504,2.8559,2.8569,2.8549,2.8554,6
2026-07-14 10:23:00,2.8509,2.8539,2.8509,2.8534,2.8559,2.8589,2.8559,2.8584,11
2026-07-14 10:24:00,2.8539,2.8539,2.8529,2.8539,2.8589,2.8589,2.8579,2.8589,4
2026-07-14 10:25:00,2.8549,2.8549,2.8539,2.8539,2.8599,2.8599,2.8589,2.8589,4
2026-07-14 10:26:00,2.8529,2.8549,2.8529,2.8539,2.8579,2.8599,2.8579,2.8589,10
2026-07-14 10:27:00,2.8529,2.8529,2.8519,2.8519,2.8579,2.8579,2.8569,2.8569,4
2026-07-14 10:28:00,2.8529,2.8534,2.8519,2.8519,2.8579,2.8584,2.8569,2.8569,9
2026-07-14 10:29:00,2.8529,2.8529,2.8499,2.8499,2.8579,2.8579,2.8549,2.8549,8
2026-07-14 10:30:00,2.8509,2.8529,2.8499,2.8519,2.8559,2.8579,2.8549,2.8569,11
2026-07-14 10:31:00,2.8509,2.8509,2.8489,2.8489,2.8559,2.8559,2.8539,2.8539,12
2026-07-14 10:32:00,2.8484,2.8509,2.8484,2.8509,2.8534,2.8559,2.8534,2.8559,12
2026-07-14 10:33:00,2.8514,2.8514,2.8499,2.8504,2.8564,2.8564,2.8549,2.8554,5
2026-07-14 10:34:00,2.8499,2.8499,2.8489,2.8489,2.8549,2.8549,2.8539,2.8539,2
2026-07-14 10:35:00,2.8484,2.8489,2.8479,2.8489,2.8534,2.8539,2.8529,2.8539,12
2026-07-14 10:36:00,2.8494,2.8494,2.8489,2.8489,2.8544,2.8544,2.8539,2.8539,2
2026-07-14 10:37:00,2.8499,2.8499,2.8479,2.8484,2.8549,2.8549,2.8529,2.8534,11
2026-07-14 10:38:00,2.8489,2.8489,2.8454,2.8459,2.8539,2.8539,2.8504,2.8509,13
2026-07-14 10:39:00,2.8449,2.8449,2.8439,2.8449,2.8499,2.8499,2.8489,2.8499,7
2026-07-14 10:40:00,2.8454,2.8469,2.8444,2.8459,2.8504,2.8519,2.8494,2.8509,19
2026-07-14 10:41:00,2.8464,2.8469,2.8449,2.8449,2.8514,2.8519,2.8499,2.8499,7
2026-07-14 10:42:00,2.8454,2.8469,2.8449,2.8459,2.8504,2.8519,2.8499,2.8509,11
2026-07-14 10:43:00,2.8469,2.8469,2.8459,2.8469,2.8519,2.8519,2.8509,2.8519,3
2026-07-14 10:44:00,2.8459,2.8459,2.8449,2.8459,2.8509,2.8509,2.8499,2.8509,3
2026-07-14 10:45:00,2.8469,2.8499,2.8464,2.8489,2.8519,2.8549,2.8514,2.8539,10
2026-07-14 10:46:00,2.8499,2.8499,2.8469,2.8479,2.8549,2.8549,2.8519,2.8529,10
2026-07-14 10:47:00,2.8489,2.8489,2.8469,2.8479,2.8539,2.8539,2.8519,2.8529,4
2026-07-14 10:48:00,2.8489,2.8494,2.8489,2.8489,2.8539,2.8544,2.8539,2.8539,3
2026-07-14 10:49:00,2.8494,2.8499,2.8489,2.8499,2.8544,2.8549,2.8539,2.8549,9
2026-07-14 10:50:00,2.8509,2.8509,2.8499,2.8499,2.8559,2.8559,2.8549,2.8549,8
2026-07-14 10:51:00,2.8509,2.8519,2.8509,2.8514,2.8559,2.8569,2.8559,2.8564,4
2026-07-14 10:52:00,2.8509,2.8509,2.8499,2.8499,2.8559,2.8559,2.8549,2.8549,3
2026-07-14 10:54:00,2.8489,2.8489,2.8479,2.8489,2.8539,2.8539,2.8529,2.8539,4
2026-07-14 10:55:00,2.8499,2.8499,2.8489,2.8499,2.8549,2.8549,2.8539,2.8549,8
2026-07-14 10:56:00,2.8489,2.8499,2.8489,2.8499,2.8539,2.8549,2.8539,2.8549,2
2026-07-14 10:57:00,2.8509,2.8509,2.8499,2.8509,2.8559,2.8559,2.8549,2.8559,9
2026-07-14 10:58:00,2.8519,2.8519,2.8489,2.8509,2.8569,2.8569,2.8539,2.8559,11
2026-07-14 10:59:00,2.8499,2.8499,2.8489,2.8489,2.8549,2.8549,2.8539,2.8539,2
2026-07-14 11:00:00,2.8494,2.8499,2.8479,2.8479,2.8544,2.8549,2.8529,2.8529,9
2026-07-14 11:01:00,2.8484,2.8489,2.8479,2.8479,2.8534,2.8539,2.8529,2.8529,9
2026-07-14 11:02:00,2.8489,2.8489,2.8479,2.8489,2.8539,2.8539,2.8529,2.8539,4
2026-07-14 11:03:00,2.8484,2.8489,2.8479,2.8484,2.8534,2.8539,2.8529,2.8534,11
2026-07-14 11:04:00,2.8489,2.8489,2.8474,2.8474,2.8539,2.8539,2.8524,2.8524,9
2026-07-14 11:05:00,2.8469,2.8509,2.8469,2.8509,2.8519,2.8559,2.8519,2.8559,19
2026-07-14 11:06:00,2.8519,2.8519,2.8509,2.8519,2.8569,2.8569,2.8559,2.8569,6
2026-07-14 11:07:00,2.8529,2.8549,2.8529,2.8544,2.8579,2.8599,2.8579,2.8594,10
2026-07-14 11:08:00,2.8549,2.8549,2.8529,2.8539,2.8599,2.8599,2.8579,2.8589,11
2026-07-14 11:09:00,2.8529,2.8539,2.8529,2.8539,2.8579,2.8589,2.8579,2.8589,6
2026-07-14 11:10:00,2.8544,2.8544,2.8534,2.8534,2.8594,2.8594,2.8584,2.8584,9
2026-07-14 11:11:00,2.8529,2.8544,2.8519,2.8529,2.8579,2.8594,2.8569,2.8579,16
2026-07-14 11:12:00,2.8539,2.8539,2.8529,2.8529,2.8589,2.8589,2.8579,2.8579,3
2026-07-14 11:14:00,2.8519,2.8529,2.8519,2.8519,2.8569,2.8579,2.8569,2.8569,8
2026-07-14 11:15:00,2.8509,2.8529,2.8509,2.8524,2.8559,2.8579,2.8559,2.8574,7
2026-07-14 11:16:00,2.8529,2.8539,2.8529,2.8529,2.8579,2.8589,2.8579,2.8579,5
2026-07-14 11:17:00,2.8519,2.8569,2.8519,2.8564,2.8569,2.8619,2.8569,2.8614,11
2026-07-14 11:18:00,2.8559,2.8569,2.8559,2.8559,2.8609,2.8619,2.8609,2.8609,6
2026-07-14 11:19:00,2.8564,2.8569,2.8519,2.8519,2.8614,2.8619,2.8569,2.8569,14
2026-07-14 11:20:00,2.8524,2.8539,2.8524,2.8539,2.8574,2.8589,2.8574,2.8589,4
2026-07-14 11:21:00,2.8534,2.8534,2.8529,2.8529,2.8584,2.8584,2.8579,2.8579,4
2026-07-14 11:22:00,2.8539,2.8539,2.8534,2.8539,2.8589,2.8589,2.8584,2.8589,3
2026-07-14 11:23:00,2.8544,2.8549,2.8539,2.8549,2.8594,2.8599,2.8589,2.8599,4
2026-07-14 11:24:00,2.8539,2.8539,2.8539,2.8539,2.8589,2.8589,2.8589,2.8589,1
2026-07-14 11:25:00,2.8544,2.8569,2.8539,2.8569,2.8594,2.8619,2.8589,2.8619,11
2026-07-14 11:26:00,2.8559,2.8564,2.8559,2.8564,2.8609,2.8614,2.8609,2.8614,2
2026-07-14 11:27:00,2.8569,2.8589,2.8559,2.8589,2.8619,2.8639,2.8609,2.8639,5
2026-07-14 11:28:00,2.8599,2.8609,2.8594,2.8604,2.8649,2.8659,2.8644,2.8654,6
2026-07-14 11:29:00,2.8599,2.8609,2.8599,2.8609,2.8649,2.8659,2.8649,2.8659,4
2026-07-14 11:30:00,2.8599,2.8599,2.8599,2.8599,2.8649,2.8649,2.8649,2.8649,1
2026-07-14 11:31:00,2.8609,2.8609,2.8599,2.8599,2.8659,2.8659,2.8649,2.8649,6
2026-07-14 11:32:00,2.8589,2.8609,2.8589,2.8609,2.8639,2.8659,2.8639,2.8659,4
2026-07-14 11:33:00,2.8619,2.8629,2.8609,2.8619,2.8669,2.8679,2.8659,2.8669,15
2026-07-14 11:34:00,2.8629,2.8629,2.8624,2.8624,2.8679,2.8679,2.8674,2.8674,2
2026-07-14 11:35:00,2.8619,2.8629,2.8619,2.8624,2.8669,2.8679,2.8669,2.8674,8
2026-07-14 11:36:00,2.8619,2.8624,2.8619,2.8624,2.8669,2.8674,2.8669,2.8674,2
2026-07-14 11:37:00,2.8619,2.8619,2.8589,2.8599,2.8669,2.8669,2.8639,2.8649,10
2026-07-14 11:38:00,2.8589,2.8589,2.8589,2.8589,2.8639,2.8639,2.8639,2.8639,1
2026-07-14 11:39:00,2.8594,2.8599,2.8594,2.8599,2.8644,2.8649,2.8644,2.8649,2
2026-07-14 11:40:00,2.8589,2.8589,2.8589,2.8589,2.8639,2.8639,2.8639,2.8639,1
2026-07-14 11:41:00,2.8599,2.8609,2.8584,2.8594,2.8649,2.8659,2.8634,2.8644,8
2026-07-14 11:42:00,2.8589,2.8589,2.8589,2.8589,2.8639,2.8639,2.8639,2.8639,1
2026-07-14 11:43:00,2.8584,2.8609,2.8579,2.8584,2.8634,2.8659,2.8629,2.8634,11
2026-07-14 11:44:00,2.8579,2.8599,2.8579,2.8599,2.8629,2.8649,2.8629,2.8649,7
2026-07-14 11:45:00,2.8594,2.8609,2.8594,2.8609,2.8644,2.8659,2.8644,2.8659,3
2026-07-14 11:47:00,2.8619,2.8619,2.8609,2.8614,2.8669,2.8669,2.8659,2.8664,4
2026-07-14 11:48:00,2.8609,2.8614,2.8599,2.8609,2.8659,2.8664,2.8649,2.8659,12
2026-07-14 11:49:00,2.8599,2.8599,2.8589,2.8589,2.8649,2.8649,2.8639,2.8639,5
2026-07-14 11:50:00,2.8594,2.8609,2.8589,2.8604,2.8644,2.8659,2.8639,2.8654,12
2026-07-14 11:51:00,2.8599,2.8604,2.8599,2.8599,2.8649,2.8654,2.8649,2.8649,3
2026-07-14 11:52:00,2.8604,2.8609,2.8604,2.8609,2.8654,2.8659,2.8654,2.8659,4
2026-07-14 11:53:00,2.8619,2.8619,2.8599,2.8609,2.8669,2.8669,2.8649,2.8659,5
2026-07-14 11:54:00,2.8614,2.8614,2.8614,2.8614,2.8664,2.8664,2.8664,2.8664,1
2026-07-14 11:55:00,2.8619,2.8639,2.8609,2.8614,2.8669,2.8689,2.8659,2.8664,8
2026-07-14 11:56:00,2.8619,2.8629,2.8619,2.8619,2.8669,2.8679,2.8669,2.8669,4
2026-07-14 11:57:00,2.8629,2.8629,2.8629,2.8629,2.8679,2.8679,2.8679,2.8679,1
2026-07-14 11:58:00,2.8619,2.8619,2.8619,2.8619,2.8669,2.8669,2.8669,2.8669,1
2026-07-14 11:59:00,2.8614,2.8619,2.8609,2.8619,2.8664,2.8669,2.8659,2.8669,3
2026-07-14 12:00:00,2.8609,2.8649,2.8609,2.8649,2.8659,2.8699,2.8659,2.8699,11
2026-07-14 12:01:00,2.8659,2.8659,2.8649,2.8659,2.8709,2.8709,2.8699,2.8709,12
2026-07-14 12:02:00,2.8654,2.8659,2.8639,2.8639,2.8704,2.8709,2.8689,2.8689,9
2026-07-14 12:04:00,2.8629,2.8659,2.8629,2.8659,2.8679,2.8709,2.8679,2.8709,6
2026-07-14 12:05:00,2.8674,2.8699,2.8669,2.8684,2.8724,2.8749,2.8719,2.8734,17
2026-07-14 12:06:00,2.8689,2.8689,2.8689,2.8689,2.8739,2.8739,2.8739,2.8739,1
2026-07-14 12:07:00,2.8679,2.8689,2.8679,2.8689,2.8729,2.8739,2.8729,2.8739,6
2026-07-14 12:08:00,2.8699,2.8709,2.8694,2.8699,2.8749,2.8759,2.8744,2.8749,6
2026-07-14 12:09:00,2.8709,2.8739,2.8709,2.8739,2.8759,2.8789,2.8759,2.8789,14
2026-07-14 12:10:00,2.8729,2.8739,2.8709,2.8709,2.8779,2.8789,2.8759,2.8759,32
2026-07-14 12:11:00,2.8719,2.8719,2.8699,2.8699,2.8769,2.8769,2.8749,2.8749,8
2026-07-14 12:12:00,2.8694,2.8699,2.8684,2.8684,2.8744,2.8749,2.8734,2.8734,6
2026-07-14 12:13:00,2.8679,2.8684,2.8669,2.8679,2.8729,2.8734,2.8719,2.8729,11
2026-07-14 12:14:00,2.8689,2.8699,2.8679,2.8699,2.8739,2.8749,2.8729,2.8749,5
2026-07-14 12:16:00,2.8689,2.8689,2.8669,2.8669,2.8739,2.8739,2.8719,2.8719,8
2026-07-14 12:17:00,2.8664,2.8679,2.8639,2.8669,2.8714,2.8729,2.8689,2.8719,14
2026-07-14 12:18:00,2.8664,2.8669,2.8654,2.8659,2.8714,2.8719,2.8704,2.8709,13
2026-07-14 12:19:00,2.8654,2.8689,2.8579,2.8579,2.8704,2.8739,2.8629,2.8629,23
2026-07-14 12:20:00,2.8569,2.8604,2.8564,2.8599,2.8619,2.8654,2.8614,2.8649,25
2026-07-14 12:21:00,2.8609,2.8609,2.8569,2.8594,2.8659,2.8659,2.8619,2.8644,16
2026-07-14 12:22:00,2.8589,2.8589,2.8559,2.8569,2.8639,2.8639,2.8609,2.8619,13
2026-07-14 12:23:00,2.8559,2.8589,2.8549,2.8589,2.8609,2.8639,2.8599,2.8639,14
2026-07-14 12:24:00,2.8599,2.8609,2.8589,2.8609,2.8649,2.8659,2.8639,2.8659,10
2026-07-14 12:25:00,2.8614,2.8614,2.8549,2.8549,2.8664,2.8664,2.8599,2.8599,21
2026-07-14 12:26:00,2.8559,2.8569,2.8549,2.8569,2.8609,2.8619,2.8599,2.8619,9
2026-07-14 12:27:00,2.8559,2.8569,2.8559,2.8569,2.8609,2.8619,2.8609,2.8619,2
2026-07-14 12:28:00,2.8579,2.8589,2.8564,2.8569,2.8629,2.8639,2.8614,2.8619,14
2026-07-14 12:29:00,2.8579,2.8594,2.8569,2.8589,2.8629,2.8644,2.8619,2.8639,7
2026-07-14 12:30:00,2.8579,2.8579,2.8579,2.8579,2.8629,2.8629,2.8629,2.8629,1
2026-07-14 12:31:00,2.8589,2.8589,2.8569,2.8589,2.8639,2.8639,2.8619,2.8639,12
2026-07-14 12:32:00,2.8599,2.8599,2.8579,2.8589,2.8649,2.8649,2.8629,2.8639,9
2026-07-14 12:33:00,2.8579,2.8579,2.8569,2.8569,2.8629,2.8629,2.8619,2.8619,2
2026-07-14 12:34:00,2.8574,2.8579,2.8574,2.8579,2.8624,2.8629,2.8624,2.8629,2
2026-07-14 12:35:00,2.8574,2.8594,2.8559,2.8594,2.8624,2.8644,2.8609,2.8644,18
2026-07-14 12:36:00,2.8589,2.8629,2.8589,2.8619,2.8639,2.8679,2.8639,2.8669,25
2026-07-14 12:37:00,2.8609,2.8619,2.8599,2.8604,2.8659,2.8669,2.8649,2.8654,20
2026-07-14 12:38:00,2.8609,2.8619,2.8589,2.8619,2.8659,2.8669,2.8639,2.8669,14
2026-07-14 12:39:00,2.8624,2.8639,2.8619,2.8639,2.8674,2.8689,2.8669,2.8689,7
2026-07-14 12:40:00,2.8644,2.8649,2.8629,2.8649,2.8694,2.8699,2.8679,2.8699,17
2026-07-14 12:41:00,2.8659,2.8679,2.8659,2.8674,2.8709,2.8729,2.8709,2.8724,5
2026-07-14 12:42:00,2.8679,2.8679,2.8659,2.8664,2.8729,2.8729,2.8709,2.8714,5
2026-07-14 12:43:00,2.8654,2.8679,2.8649,2.8679,2.8704,2.8729,2.8699,2.8729,11
2026-07-14 12:44:00,2.8674,2.8679,2.8569,2.8569,2.8724,2.8729,2.8619,2.8619,38
2026-07-14 12:45:00,2.8579,2.8604,2.8549,2.8599,2.8629,2.8654,2.8599,2.8649,21
2026-07-14 12:46:00,2.8604,2.8609,2.8569,2.8569,2.8654,2.8659,2.8619,2.8619,13
2026-07-14 12:47:00,2.8574,2.8584,2.8574,2.8584,2.8624,2.8634,2.8624,2.8634,7
2026-07-14 12:48:00,2.8579,2.8609,2.8579,2.8599,2.8629,2.8659,2.8629,2.8649,13
2026-07-14 12:49:00,2.8609,2.8609,2.8584,2.8594,2.8659,2.8659,2.8634,2.8644,11
2026-07-14 12:50:00,2.8599,2.8609,2.8589,2.8589,2.8649,2.8659,2.8639,2.8639,9
2026-07-14 12:51:00,2.8594,2.8599,2.8589,2.8599,2.8644,2.8649,2.8639,2.8649,10
2026-07-14 12:52:00,2.8589,2.8609,2.8589,2.8609,2.8639,2.8659,2.8639,2.8659,8
2026-07-14 12:53:00,2.8599,2.8619,2.8599,2.8609,2.8649,2.8669,2.8649,2.8659,5
2026-07-14 12:54:00,2.8614,2.8619,2.8609,2.8619,2.8664,2.8669,2.8659,2.8669,3
2026-07-14 12:55:00,2.8609,2.8629,2.8609,2.8609,2.8659,2.8679,2.8659,2.8659,9
2026-07-14 12:56:00,2.8619,2.8619,2.8609,2.8609,2.8669,2.8669,2.8659,2.8659,2
2026-07-14 12:57:00,2.8619,2.8619,2.8609,2.8619,2.8669,2.8669,2.8659,2.8669,10
2026-07-14 12:59:00,2.8609,2.8619,2.8609,2.8619,2.8659,2.8669,2.8659,2.8669,4
2026-07-14 13:00:00,2.8614,2.8614,2.8569,2.8584,2.8664,2.8664,2.8619,2.8634,26
2026-07-14 13:01:00,2.8579,2.8629,2.8579,2.8619,2.8629,2.8679,2.8629,2.8669,23
2026-07-14 13:02:00,2.8609,2.8609,2.8569,2.8579,2.8659,2.8659,2.8619,2.8629,17
2026-07-14 13:03:00,2.8584,2.8584,2.8579,2.8579,2.8634,2.8634,2.8629,2.8629,4
2026-07-14 13:04:00,2.8574,2.8599,2.8574,2.8599,2.8624,2.8649,2.8624,2.8649,7
2026-07-14 13:05:00,2.8589,2.8604,2.8589,2.8604,2.8639,2.8654,2.8639,2.8654,10
2026-07-14 13:06:00,2.8599,2.8609,2.8594,2.8599,2.8649,2.8659,2.8644,2.8649,11
2026-07-14 13:07:00,2.8594,2.8609,2.8589,2.8604,2.8644,2.8659,2.8639,2.8654,10
2026-07-14 13:09:00,2.8614,2.8614,2.8599,2.8599,2.8664,2.8664,2.8649,2.8649,5
2026-07-14 13:10:00,2.8609,2.8639,2.8599,2.8599,2.8659,2.8689,2.8649,2.8649,17
2026-07-14 13:11:00,2.8589,2.8599,2.8589,2.8594,2.8639,2.8649,2.8639,2.8644,8
2026-07-14 13:12:00,2.8599,2.8599,2.8589,2.8589,2.8649,2.8649,2.8639,2.8639,12
2026-07-14 13:13:00,2.8594,2.8599,2.8579,2.8579,2.8644,2.8649,2.8629,2.8629,8
2026-07-14 13:14:00,2.8584,2.8589,2.8559,2.8569,2.8634,2.8639,2.8609,2.8619,18
2026-07-14 13:15:00,2.8579,2.8579,2.8519,2.8524,2.8629,2.8629,2.8569,2.8574,33
2026-07-14 13:16:00,2.8529,2.8539,2.8509,2.8519,2.8579,2.8589,2.8559,2.8569,24
2026-07-14 13:17:00,2.8529,2.8529,2.8519,2.8519,2.8579,2.8579,2.8569,2.8569,6
2026-07-14 13:18:00,2.8509,2.8509,2.8469,2.8489,2.8559,2.8559,2.8519,2.8539,17
2026-07-14 13:19:00,2.8484,2.8549,2.8479,2.8539,2.8534,2.8599,2.8529,2.8589,19
2026-07-14 13:20:00,2.8534,2.8549,2.8524,2.8549,2.8584,2.8599,2.8574,2.8599,5
2026-07-14 13:21:00,2.8559,2.8559,2.8559,2.8559,2.8609,2.8609,2.8609,2.8609,1
2026-07-14 13:22:00,2.8569,2.8579,2.8564,2.8564,2.8619,2.8629,2.8614,2.8614,10
2026-07-14 13:23:00,2.8569,2.8569,2.8559,2.8559,2.8619,2.8619,2.8609,2.8609,2
2026-07-14 13:24:00,2.8554,2.8569,2.8549,2.8554,2.8604,2.8619,2.8599,2.8604,16
2026-07-14 13:25:00,2.8559,2.8579,2.8559,2.8579,2.8609,2.8629,2.8609,2.8629,7
2026-07-14 13:26:00,2.8584,2.8599,2.8579,2.8579,2.8634,2.8649,2.8629,2.8629,10
2026-07-14 13:27:00,2.8574,2.8579,2.8559,2.8559,2.8624,2.8629,2.8609,2.8609,8
2026-07-14 13:28:00,2.8554,2.8559,2.8554,2.8554,2.8604,2.8609,2.8604,2.8604,5
2026-07-14 13:29:00,2.8549,2.8569,2.8549,2.8559,2.8599,2.8619,2.8599,2.8609,10
2026-07-14 13:30:00,2.8549,2.8559,2.8479,2.8509,2.8599,2.8609,2.8529,2.8559,27
2026-07-14 13:31:00,2.8519,2.8519,2.8519,2.8519,2.8569,2.8569,2.8569,2.8569,1
2026-07-14 13:32:00,2.8514,2.8539,2.8509,2.8519,2.8564,2.8589,2.8559,2.8569,10
2026-07-14 13:33:00,2.8524,2.8549,2.8519,2.8529,2.8574,2.8599,2.8569,2.8579,17
2026-07-14 13:34:00,2.8534,2.8549,2.8534,2.8549,2.8584,2.8599,2.8584,2.8599,3
2026-07-14 13:35:00,2.8554,2.8569,2.8554,2.8559,2.8604,2.8619,2.8604,2.8609,12
2026-07-14 13:36:00,2.8564,2.8569,2.8559,2.8559,2.8614,2.8619,2.8609,2.8609,9
2026-07-14 13:37:00,2.8554,2.8554,2.8509,2.8524,2.8604,2.8604,2.8559,2.8574,19
2026-07-14 13:38:00,2.8529,2.8529,2.8489,2.8489,2.8579,2.8579,2.8539,2.8539,9
2026-07-14 13:39:00,2.8499,2.8509,2.8499,2.8509,2.8549,2.8559,2.8549,2.8559,6
2026-07-14 13:40:00,2.8519,2.8519,2.8489,2.8499,2.8569,2.8569,2.8539,2.8549,11
2026-07-14 13:41:00,2.8504,2.8504,2.8359,2.8389,2.8554,2.8554,2.8409,2.8439,51
2026-07-14 13:42:00,2.8399,2.8419,2.8399,2.8419,2.8449,2.8469,2.8449,2.8469,5
2026-07-14 13:43:00,2.8429,2.8429,2.8409,2.8419,2.8479,2.8479,2.8459,2.8469,20
2026-07-14 13:44:00,2.8414,2.8414,2.8369,2.8379,2.8464,2.8464,2.8419,2.8429,25
2026-07-14 13:45:00,2.8389,2.8439,2.8389,2.8429,2.8439,2.8489,2.8439,2.8479,25
2026-07-14 13:46:00,2.8434,2.8444,2.8409,2.8444,2.8484,2.8494,2.8459,2.8494,20
2026-07-14 13:47:00,2.8449,2.8509,2.8444,2.8499,2.8499,2.8559,2.8494,2.8549,18
2026-07-14 13:48:00,2.8489,2.8504,2.8439,2.8459,2.8539,2.8554,2.8489,2.8509,30
2026-07-14 13:49:00,2.8464,2.8479,2.8454,2.8459,2.8514,2.8529,2.8504,2.8509,12
2026-07-14 13:50:00,2.8469,2.8469,2.8439,2.8449,2.8519,2.8519,2.8489,2.8499,19
2026-07-14 13:51:00,2.8439,2.8469,2.8439,2.8469,2.8489,2.8519,2.8489,2.8519,9
2026-07-14 13:52:00,2.8479,2.8479,2.8459,2.8459,2.8529,2.8529,2.8509,2.8509,11
2026-07-14 13:53:00,2.8449,2.8459,2.8439,2.8444,2.8499,2.8509,2.8489,2.8494,13
2026-07-14 13:54:00,2.8449,2.8459,2.8449,2.8454,2.8499,2.8509,2.8499,2.8504,8
2026-07-14 13:55:00,2.8449,2.8459,2.8389,2.8389,2.8499,2.8509,2.8439,2.8439,38
2026-07-14 13:56:00,2.8394,2.8394,2.8299,2.8359,2.8444,2.8444,2.8349,2.8409,67
2026-07-14 13:57:00,2.8369,2.8379,2.8339,2.8374,2.8419,2.8429,2.8389,2.8424,18
2026-07-14 13:58:00,2.8369,2.8379,2.8339,2.8359,2.8419,2.8429,2.8389,2.8409,28
2026-07-14 13:59:00,2.8364,2.8379,2.8359,2.8379,2.8414,2.8429,2.8409,2.8429,20
2026-07-14 14:00:00,2.8389,2.8394,2.8349,2.8374,2.8439,2.8444,2.8399,2.8424,25
2026-07-14 14:01:00,2.8379,2.8454,2.8379,2.8454,2.8429,2.8504,2.8429,2.8504,17
2026-07-14 14:02:00,2.8459,2.8489,2.8449,2.8489,2.8509,2.8539,2.8499,2.8539,25
2026-07-14 14:03:00,2.8494,2.8509,2.8479,2.8509,2.8544,2.8559,2.8529,2.8559,28
2026-07-14 14:04:00,2.8519,2.8554,2.8519,2.8539,2.8569,2.8604,2.8569,2.8589,26
2026-07-14 14:05:00,2.8534,2.8569,2.8509,2.8569,2.8584,2.8619,2.8559,2.8619,18
2026-07-14 14:06:00,2.8579,2.8589,2.8569,2.8574,2.8629,2.8639,2.8619,2.8624,20
2026-07-14 14:07:00,2.8569,2.8579,2.8554,2.8569,2.8619,2.8629,2.8604,2.8619,16
2026-07-14 14:08:00,2.8579,2.8579,2.8549,2.8549,2.8629,2.8629,2.8599,2.8599,7
2026-07-14 14:09:00,2.8544,2.8549,2.8469,2.8509,2.8594,2.8599,2.8519,2.8559,50
2026-07-14 14:10:00,2.8499,2.8519,2.8469,2.8479,2.8549,2.8569,2.8519,2.8529,41
2026-07-14 14:11:00,2.8484,2.8489,2.8459,2.8484,2.8534,2.8539,2.8509,2.8534,29
2026-07-14 14:12:00,2.8489,2.8499,2.8459,2.8469,2.8539,2.8549,2.8509,2.8519,39
2026-07-14 14:13:00,2.8479,2.8509,2.8449,2.8449,2.8529,2.8559,2.8499,2.8499,34
2026-07-14 14:14:00,2.8439,2.8469,2.8429,2.8449,2.8489,2.8519,2.8479,2.8499,21
2026-07-14 14:15:00,2.8459,2.8479,2.8439,2.8479,2.8509,2.8529,2.8489,2.8529,18
2026-07-14 14:16:00,2.8489,2.8489,2.8479,2.8479,2.8539,2.8539,2.8529,2.8529,7
2026-07-14 14:17:00,2.8484,2.8489,2.8469,2.8484,2.8534,2.8539,2.8519,2.8534,13
2026-07-14 14:18:00,2.8489,2.8489,2.8459,2.8459,2.8539,2.8539,2.8509,2.8509,24
2026-07-14 14:19:00,2.8449,2.8454,2.8379,2.8384,2.8499,2.8504,2.8429,2.8434,26
2026-07-14 14:20:00,2.8379,2.8409,2.8349,2.8399,2.8429,2.8459,2.8399,2.8449,46
2026-07-14 14:21:00,2.8409,2.8409,2.8339,2.8344,2.8459,2.8459,2.8389,2.8394,43
2026-07-14 14:22:00,2.8349,2.8349,2.8299,2.8299,2.8399,2.8399,2.8349,2.8349,33
2026-07-14 14:23:00,2.8309,2.8339,2.8279,2.8339,2.8359,2.8389,2.8329,2.8389,32
2026-07-14 14:24:00,2.8349,2.8369,2.8279,2.8319,2.8399,2.8419,2.8329,2.8369,64
2026-07-14 14:25:00,2.8324,2.8349,2.8249,2.8249,2.8374,2.8399,2.8299,2.8299,57
2026-07-14 14:26:00,2.8239,2.8339,2.8239,2.8339,2.8289,2.8389,2.8289,2.8389,61
2026-07-14 14:27:00,2.8344,2.8379,2.8329,2.8339,2.8394,2.8429,2.8379,2.8389,39
2026-07-14 14:28:00,2.8334,2.8349,2.8309,2.8349,2.8384,2.8399,2.8359,2.8399,50
2026-07-14 14:29:00,2.8359,2.8399,2.8359,2.8389,2.8409,2.8449,2.8409,2.8439,34
2026-07-14 14:30:00,2.8384,2.8409,2.8334,2.8399,2.8434,2.8459,2.8384,2.8449,80
2026-07-14 14:31:00,2.8389,2.8439,2.8369,2.8439,2.8439,2.8489,2.8419,2.8489,49
2026-07-14 14:32:00,2.8429,2.8429,2.8359,2.8379,2.8479,2.8479,2.8409,2.8429,47
2026-07-14 14:33:00,2.8389,2.8449,2.8389,2.8419,2.8439,2.8499,2.8439,2.8469,26
2026-07-14 14:34:00,2.8409,2.8409,2.8369,2.8399,2.8459,2.8459,2.8419,2.8449,33
2026-07-14 14:35:00,2.8404,2.8434,2.8404,2.8434,2.8454,2.8484,2.8454,2.8484,17
2026-07-14 14:36:00,2.8439,2.8439,2.8399,2.8409,2.8489,2.8489,2.8449,2.8459,37
2026-07-14 14:37:00,2.8399,2.8399,2.8349,2.8359,2.8449,2.8449,2.8399,2.8409,36
2026-07-14 14:38:00,2.8349,2.8404,2.8339,2.8374,2.8399,2.8454,2.8389,2.8424,47
2026-07-14 14:39:00,2.8369,2.8449,2.8369,2.8449,2.8419,2.8499,2.8419,2.8499,14
2026-07-14 14:40:00,2.8444,2.8479,2.8429,2.8479,2.8494,2.8529,2.8479,2.8529,38
2026-07-14 14:41:00,2.8469,2.8519,2.8459,2.8489,2.8519,2.8569,2.8509,2.8539,44
2026-07-14 14:42:00,2.8499,2.8519,2.8489,2.8504,2.8549,2.8569,2.8539,2.8554,17
2026-07-14 14:43:00,2.8499,2.8509,2.8449,2.8474,2.8549,2.8559,2.8499,2.8524,18
2026-07-14 14:44:00,2.8479,2.8489,2.8424,2.8424,2.8529,2.8539,2.8474,2.8474,31
2026-07-14 14:45:00,2.8429,2.8439,2.8389,2.8429,2.8479,2.8489,2.8439,2.8479,48
2026-07-14 14:46:00,2.8419,2.8429,2.8369,2.8374,2.8469,2.8479,2.8419,2.8424,35
2026-07-14 14:47:00,2.8379,2.8399,2.8379,2.8379,2.8429,2.8449,2.8429,2.8429,27
2026-07-14 14:48:00,2.8389,2.8429,2.8379,2.8409,2.8439,2.8479,2.8429,2.8459,17
2026-07-14 14:49:00,2.8404,2.8419,2.8389,2.8409,2.8454,2.8469,2.8439,2.8459,12
2026-07-14 14:50:00,2.8399,2.8419,2.8399,2.8409,2.8449,2.8469,2.8449,2.8459,10
2026-07-14 14:51:00,2.8419,2.8449,2.8389,2.8414,2.8469,2.8499,2.8439,2.8464,40
2026-07-14 14:52:00,2.8419,2.8449,2.8399,2.8429,2.8469,2.8499,2.8449,2.8479,33
2026-07-14 14:53:00,2.8424,2.8444,2.8419,2.8444,2.8474,2.8494,2.8469,2.8494,27
2026-07-14 14:54:00,2.8449,2.8484,2.8394,2.8459,2.8499,2.8534,2.8444,2.8509,51
2026-07-14 14:55:00,2.8454,2.8509,2.8449,2.8489,2.8504,2.8559,2.8499,2.8539,52
2026-07-14 14:56:00,2.8484,2.8509,2.8459,2.8469,2.8534,2.8559,2.8509,2.8519,33
2026-07-14 14:57:00,2.8479,2.8479,2.8429,2.8449,2.8529,2.8529,2.8479,2.8499,29
2026-07-14 14:58:00,2.8459,2.8459,2.8369,2.8384,2.8509,2.8509,2.8419,2.8434,42
2026-07-14 14:59:00,2.8379,2.8389,2.8329,2.8369,2.8429,2.8439,2.8379,2.8419,32
2026-07-14 15:00:00,2.8359,2.8369,2.8289,2.8344,2.8409,2.8419,2.8339,2.8394,107
2026-07-14 15:01:00,2.8339,2.8349,2.8289,2.8309,2.8389,2.8399,2.8339,2.8359,64
2026-07-14 15:02:00,2.8319,2.8369,2.8299,2.8349,2.8369,2.8419,2.8349,2.8399,38
2026-07-14 15:03:00,2.8339,2.8364,2.8289,2.8304,2.8389,2.8414,2.8339,2.8354,53
2026-07-14 15:04:00,2.8299,2.8334,2.8299,2.8334,2.8349,2.8384,2.8349,2.8384,28
2026-07-14 15:05:00,2.8339,2.8339,2.8279,2.8309,2.8389,2.8389,2.8329,2.8359,38
2026-07-14 15:06:00,2.8299,2.8309,2.8259,2.8279,2.8349,2.8359,2.8309,2.8329,22
2026-07-14 15:07:00,2.8269,2.8299,2.8219,2.8239,2.8319,2.8349,2.8269,2.8289,32
2026-07-14 15:08:00,2.8229,2.8279,2.8214,2.8279,2.8279,2.8329,2.8264,2.8329,43
2026-07-14 15:09:00,2.8289,2.8349,2.8279,2.8339,2.8339,2.8399,2.8329,2.8389,34
2026-07-14 15:10:00,2.8354,2.8399,2.8339,2.8369,2.8404,2.8449,2.8389,2.8419,74
2026-07-14 15:11:00,2.8359,2.8559,2.8349,2.8524,2.8409,2.8609,2.8399,2.8574,108
2026-07-14 15:12:00,2.8529,2.8559,2.8509,2.8524,2.8579,2.8609,2.8559,2.8574,45
2026-07-14 15:13:00,2.8519,2.8609,2.8509,2.8589,2.8569,2.8659,2.8559,2.8639,78
2026-07-14 15:14:00,2.8579,2.8599,2.8559,2.8589,2.8629,2.8649,2.8609,2.8639,36
2026-07-14 15:15:00,2.8599,2.8619,2.8509,2.8519,2.8649,2.8669,2.8559,2.8569,63
2026-07-14 15:16:00,2.8529,2.8549,2.8499,2.8519,2.8579,2.8599,2.8549,2.8569,31
2026-07-14 15:17:00,2.8509,2.8519,2.8499,2.8504,2.8559,2.8569,2.8549,2.8554,13
2026-07-14 15:18:00,2.8499,2.8539,2.8499,2.8539,2.8549,2.8589,2.8549,2.8589,35
2026-07-14 15:19:00,2.8549,2.8549,2.8469,2.8479,2.8599,2.8599,2.8519,2.8529,30
2026-07-14 15:20:00,2.8469,2.8514,2.8459,2.8514,2.8519,2.8564,2.8509,2.8564,24
2026-07-14 15:21:00,2.8509,2.8569,2.8509,2.8539,2.8559,2.8619,2.8559,2.8589,41
2026-07-14 15:22:00,2.8529,2.8549,2.8529,2.8529,2.8579,2.8599,2.8579,2.8579,17
2026-07-14 15:23:00,2.8539,2.8604,2.8529,2.8599,2.8589,2.8654,2.8579,2.8649,34
2026-07-14 15:24:00,2.8619,2.8629,2.8549,2.8549,2.8669,2.8679,2.8599,2.8599,27
2026-07-14 15:25:00,2.8559,2.8569,2.8539,2.8539,2.8609,2.8619,2.8589,2.8589,17
2026-07-14 15:26:00,2.8544,2.8679,2.8544,2.8649,2.8594,2.8729,2.8594,2.8699,78
2026-07-14 15:27:00,2.8639,2.8669,2.8619,2.8629,2.8689,2.8719,2.8669,2.8679,48
2026-07-14 15:28:00,2.8634,2.8654,2.8619,2.8629,2.8684,2.8704,2.8669,2.8679,27
2026-07-14 15:29:00,2.8619,2.8619,2.8589,2.8614,2.8669,2.8669,2.8639,2.8664,29
2026-07-14 15:30:00,2.8609,2.8619,2.8559,2.8609,2.8659,2.8669,2.8609,2.8659,41
2026-07-14 15:31:00,2.8599,2.8609,2.8559,2.8569,2.8649,2.8659,2.8609,2.8619,55
2026-07-14 15:32:00,2.8559,2.8599,2.8559,2.8559,2.8609,2.8649,2.8609,2.8609,22
2026-07-14 15:33:00,2.8569,2.8579,2.8509,2.8549,2.8619,2.8629,2.8559,2.8599,57
2026-07-14 15:34:00,2.8554,2.8554,2.8489,2.8489,2.8604,2.8604,2.8539,2.8539,44
2026-07-14 15:35:00,2.8499,2.8509,2.8439,2.8479,2.8549,2.8559,2.8489,2.8529,52
2026-07-14 15:36:00,2.8489,2.8489,2.8429,2.8429,2.8539,2.8539,2.8479,2.8479,21
2026-07-14 15:37:00,2.8439,2.8459,2.8419,2.8419,2.8489,2.8509,2.8469,2.8469,26
2026-07-14 15:38:00,2.8424,2.8439,2.8399,2.8399,2.8474,2.8489,2.8449,2.8449,35
2026-07-14 15:39:00,2.8409,2.8409,2.8359,2.8359,2.8459,2.8459,2.8409,2.8409,54
2026-07-14 15:40:00,2.8354,2.8419,2.8349,2.8389,2.8404,2.8469,2.8399,2.8439,45
2026-07-14 15:41:00,2.8379,2.8399,2.8369,2.8384,2.8429,2.8449,2.8419,2.8434,32
2026-07-14 15:42:00,2.8379,2.8409,2.8374,2.8379,2.8429,2.8459,2.8424,2.8429,32
2026-07-14 15:43:00,2.8369,2.8409,2.8369,2.8379,2.8419,2.8459,2.8419,2.8429,29
2026-07-14 15:44:00,2.8389,2.8419,2.8379,2.8409,2.8439,2.8469,2.8429,2.8459,24
2026-07-14 15:45:00,2.8419,2.8419,2.8389,2.8389,2.8469,2.8469,2.8439,2.8439,15
2026-07-14 15:46:00,2.8399,2.8419,2.8389,2.8419,2.8449,2.8469,2.8439,2.8469,18
2026-07-14 15:47:00,2.8429,2.8439,2.8409,2.8429,2.8479,2.8489,2.8459,2.8479,14
2026-07-14 15:48:00,2.8434,2.8484,2.8434,2.8479,2.8484,2.8534,2.8484,2.8529,38
2026-07-14 15:49:00,2.8489,2.8549,2.8469,2.8529,2.8539,2.8599,2.8519,2.8579,47
2026-07-14 15:50:00,2.8519,2.8529,2.8489,2.8509,2.8569,2.8579,2.8539,2.8559,23
2026-07-14 15:51:00,2.8499,2.8529,2.8499,2.8529,2.8549,2.8579,2.8549,2.8579,13
2026-07-14 15:52:00,2.8524,2.8529,2.8499,2.8504,2.8574,2.8579,2.8549,2.8554,19
2026-07-14 15:53:00,2.8499,2.8509,2.8489,2.8489,2.8549,2.8559,2.8539,2.8539,21
2026-07-14 15:54:00,2.8499,2.8529,2.8499,2.8529,2.8549,2.8579,2.8549,2.8579,10
2026-07-14 15:55:00,2.8519,2.8529,2.8499,2.8509,2.8569,2.8579,2.8549,2.8559,24
2026-07-14 15:56:00,2.8519,2.8579,2.8519,2.8549,2.8569,2.8629,2.8569,2.8599,14
2026-07-14 15:57:00,2.8559,2.8559,2.8539,2.8549,2.8609,2.8609,2.8589,2.8599,15
2026-07-14 15:58:00,2.8539,2.8569,2.8529,2.8539,2.8589,2.8619,2.8579,2.8589,23
2026-07-14 15:59:00,2.8549,2.8549,2.8494,2.8509,2.8599,2.8599,2.8544,2.8559,34
2026-07-14 16:00:00,2.8514,2.8519,2.8459,2.8479,2.8564,2.8569,2.8509,2.8529,43
2026-07-14 16:01:00,2.8469,2.8489,2.8459,2.8459,2.8519,2.8539,2.8509,2.8509,13
2026-07-14 16:02:00,2.8469,2.8469,2.8439,2.8449,2.8519,2.8519,2.8489,2.8499,34
2026-07-14 16:03:00,2.8459,2.8499,2.8459,2.8499,2.8509,2.8549,2.8509,2.8549,25
2026-07-14 16:04:00,2.8489,2.8489,2.8449,2.8449,2.8539,2.8539,2.8499,2.8499,24
2026-07-14 16:05:00,2.8454,2.8479,2.8429,2.8439,2.8504,2.8529,2.8479,2.8489,32
2026-07-14 16:06:00,2.8434,2.8459,2.8429,2.8439,2.8484,2.8509,2.8479,2.8489,15
2026-07-14 16:07:00,2.8449,2.8469,2.8439,2.8449,2.8499,2.8519,2.8489,2.8499,20
2026-07-14 16:08:00,2.8459,2.8499,2.8459,2.8469,2.8509,2.8549,2.8509,2.8519,23
2026-07-14 16:09:00,2.8459,2.8469,2.8429,2.8429,2.8509,2.8519,2.8479,2.8479,19
2026-07-14 16:10:00,2.8424,2.8439,2.8419,2.8419,2.8474,2.8489,2.8469,2.8469,12
2026-07-14 16:11:00,2.8429,2.8449,2.8419,2.8439,2.8479,2.8499,2.8469,2.8489,20
2026-07-14 16:12:00,2.8429,2.8429,2.8399,2.8429,2.8479,2.8479,2.8449,2.8479,24
2026-07-14 16:13:00,2.8439,2.8449,2.8439,2.8439,2.8489,2.8499,2.8489,2.8489,5
2026-07-14 16:14:00,2.8449,2.8449,2.8409,2.8429,2.8499,2.8499,2.8459,2.8479,11
2026-07-14 16:15:00,2.8439,2.8439,2.8409,2.8419,2.8489,2.8489,2.8459,2.8469,30
2026-07-14 16:16:00,2.8424,2.8429,2.8419,2.8429,2.8474,2.8479,2.8469,2.8479,6
2026-07-14 16:17:00,2.8419,2.8429,2.8409,2.8429,2.8469,2.8479,2.8459,2.8479,20
2026-07-14 16:18:00,2.8424,2.8429,2.8359,2.8369,2.8474,2.8479,2.8409,2.8419,26
2026-07-14 16:19:00,2.8379,2.8389,2.8374,2.8389,2.8429,2.8439,2.8424,2.8439,13
2026-07-14 16:20:00,2.8399,2.8429,2.8389,2.8399,2.8449,2.8479,2.8439,2.8449,24
2026-07-14 16:21:00,2.8404,2.8439,2.8399,2.8429,2.8454,2.8489,2.8449,2.8479,23
2026-07-14 16:22:00,2.8439,2.8439,2.8399,2.8409,2.8489,2.8489,2.8449,2.8459,27
2026-07-14 16:23:00,2.8399,2.8399,2.8359,2.8379,2.8449,2.8449,2.8409,2.8429,41
2026-07-14 16:24:00,2.8374,2.8379,2.8349,2.8369,2.8424,2.8429,2.8399,2.8419,39
2026-07-14 16:25:00,2.8379,2.8409,2.8369,2.8409,2.8429,2.8459,2.8419,2.8459,11
2026-07-14 16:26:00,2.8399,2.8419,2.8379,2.8379,2.8449,2.8469,2.8429,2.8429,38
2026-07-14 16:27:00,2.8384,2.8399,2.8384,2.8399,2.8434,2.8449,2.8434,2.8449,22
2026-07-14 16:28:00,2.8409,2.8439,2.8399,2.8419,2.8459,2.8489,2.8449,2.8469,22
2026-07-14 16:29:00,2.8429,2.8429,2.8409,2.8429,2.8479,2.8479,2.8459,2.8479,12
2026-07-14 16:30:00,2.8419,2.8449,2.8419,2.8429,2.8469,2.8499,2.8469,2.8479,21
2026-07-14 16:31:00,2.8434,2.8519,2.8429,2.8499,2.8484,2.8569,2.8479,2.8549,46
2026-07-14 16:32:00,2.8509,2.8529,2.8499,2.8499,2.8559,2.8579,2.8549,2.8549,31
2026-07-14 16:33:00,2.8509,2.8539,2.8509,2.8519,2.8559,2.8589,2.8559,2.8569,11
2026-07-14 16:34:00,2.8509,2.8519,2.8429,2.8479,2.8559,2.8569,2.8479,2.8529,69
2026-07-14 16:35:00,2.8469,2.8539,2.8469,2.8499,2.8519,2.8589,2.8519,2.8549,33
2026-07-14 16:36:00,2.8489,2.8509,2.8489,2.8499,2.8539,2.8559,2.8539,2.8549,19
2026-07-14 16:37:00,2.8509,2.8539,2.8499,2.8539,2.8559,2.8589,2.8549,2.8589,28
2026-07-14 16:38:00,2.8534,2.8549,2.8499,2.8509,2.8584,2.8599,2.8549,2.8559,48
2026-07-14 16:39:00,2.8499,2.8519,2.8494,2.8504,2.8549,2.8569,2.8544,2.8554,31
2026-07-14 16:40:00,2.8499,2.8539,2.8499,2.8509,2.8549,2.8589,2.8549,2.8559,51
2026-07-14 16:41:00,2.8499,2.8549,2.8469,2.8549,2.8549,2.8599,2.8519,2.8599,68
2026-07-14 16:42:00,2.8559,2.8569,2.8529,2.8549,2.8609,2.8619,2.8579,2.8599,18
2026-07-14 16:43:00,2.8554,2.8554,2.8529,2.8529,2.8604,2.8604,2.8579,2.8579,20
2026-07-14 16:44:00,2.8539,2.8559,2.8529,2.8529,2.8589,2.8609,2.8579,2.8579,19
2026-07-14 16:45:00,2.8539,2.8539,2.8519,2.8539,2.8589,2.8589,2.8569,2.8589,13
2026-07-14 16:46:00,2.8534,2.8539,2.8519,2.8534,2.8584,2.8589,2.8569,2.8584,20
2026-07-14 16:47:00,2.8539,2.8539,2.8529,2.8539,2.8589,2.8589,2.8579,2.8589,9
2026-07-14 16:48:00,2.8549,2.8549,2.8519,2.8524,2.8599,2.8599,2.8569,2.8574,7
2026-07-14 16:49:00,2.8519,2.8529,2.8509,2.8519,2.8569,2.8579,2.8559,2.8569,9
2026-07-14 16:50:00,2.8529,2.8549,2.8529,2.8539,2.8579,2.8599,2.8579,2.8589,8
2026-07-14 16:51:00,2.8544,2.8549,2.8509,2.8519,2.8594,2.8599,2.8559,2.8569,21
2026-07-14 16:52:00,2.8514,2.8539,2.8509,2.8539,2.8564,2.8589,2.8559,2.8589,24
2026-07-14 16:53:00,2.8549,2.8599,2.8539,2.8579,2.8599,2.8649,2.8589,2.8629,42
2026-07-14 16:54:00,2.8589,2.8639,2.8579,2.8589,2.8639,2.8689,2.8629,2.8639,51
2026-07-14 16:55:00,2.8599,2.8609,2.8599,2.8599,2.8649,2.8659,2.8649,2.8649,27
2026-07-14 16:56:00,2.8609,2.8609,2.8549,2.8549,2.8659,2.8659,2.8599,2.8599,16
2026-07-14 16:57:00,2.8559,2.8569,2.8529,2.8539,2.8609,2.8619,2.8579,2.8589,20
2026-07-14 16:58:00,2.8549,2.8569,2.8549,2.8569,2.8599,2.8619,2.8599,2.8619,7
2026-07-14 16:59:00,2.8579,2.8619,2.8569,2.8609,2.8629,2.8669,2.8619,2.8659,22
2026-07-14 17:00:00,2.8619,2.8649,2.8599,2.8599,2.8669,2.8699,2.8649,2.8649,43
2026-07-14 17:01:00,2.8604,2.8649,2.8604,2.8609,2.8654,2.8699,2.8654,2.8659,25
2026-07-14 17:02:00,2.8599,2.8619,2.8589,2.8599,2.8649,2.8669,2.8639,2.8649,17
2026-07-14 17:03:00,2.8604,2.8609,2.8579,2.8599,2.8654,2.8659,2.8629,2.8649,25
2026-07-14 17:04:00,2.8594,2.8609,2.8519,2.8554,2.8644,2.8659,2.8569,2.8604,58
2026-07-14 17:05:00,2.8559,2.8559,2.8529,2.8539,2.8609,2.8609,2.8579,2.8589,51
2026-07-14 17:06:00,2.8549,2.8559,2.8529,2.8529,2.8599,2.8609,2.8579,2.8579,74
2026-07-14 17:07:00,2.8534,2.8559,2.8479,2.8499,2.8584,2.8609,2.8529,2.8549,100
2026-07-14 17:08:00,2.8504,2.8509,2.8454,2.8479,2.8554,2.8559,2.8504,2.8529,84
2026-07-14 17:09:00,2.8469,2.8469,2.8429,2.8449,2.8519,2.8519,2.8479,2.8499,96
2026-07-14 17:10:00,2.8459,2.8489,2.8459,2.8479,2.8509,2.8539,2.8509,2.8529,68
2026-07-14 17:11:00,2.8484,2.8489,2.8479,2.8489,2.8534,2.8539,2.8529,2.8539,20
2026-07-14 17:12:00,2.8484,2.8489,2.8469,2.8479,2.8534,2.8539,2.8519,2.8529,30
2026-07-14 17:13:00,2.8489,2.8499,2.8469,2.8479,2.8539,2.8549,2.8519,2.8529,23
2026-07-14 17:14:00,2.8474,2.8499,2.8469,2.8494,2.8524,2.8549,2.8519,2.8544,18
2026-07-14 17:15:00,2.8499,2.8519,2.8479,2.8509,2.8549,2.8569,2.8529,2.8559,25
2026-07-14 17:16:00,2.8519,2.8519,2.8489,2.8499,2.8569,2.8569,2.8539,2.8549,12
2026-07-14 17:17:00,2.8509,2.8539,2.8509,2.8529,2.8559,2.8589,2.8559,2.8579,17
2026-07-14 17:18:00,2.8519,2.8559,2.8519,2.8549,2.8569,2.8609,2.8569,2.8599,21
2026-07-14 17:19:00,2.8539,2.8559,2.8529,2.8539,2.8589,2.8609,2.8579,2.8589,16
2026-07-14 17:20:00,2.8549,2.8579,2.8549,2.8569,2.8599,2.8629,2.8599,2.8619,14
2026-07-14 17:21:00,2.8564,2.8579,2.8559,2.8569,2.8614,2.8629,2.8609,2.8619,14
2026-07-14 17:22:00,2.8579,2.8614,2.8569,2.8609,2.8629,2.8664,2.8619,2.8659,13
2026-07-14 17:23:00,2.8599,2.8659,2.8599,2.8659,2.8649,2.8709,2.8649,2.8709,34
2026-07-14 17:24:00,2.8664,2.8679,2.8639,2.8649,2.8714,2.8729,2.8689,2.8699,41
2026-07-14 17:25:00,2.8659,2.8659,2.8629,2.8649,2.8709,2.8709,2.8679,2.8699,33
2026-07-14 17:26:00,2.8659,2.8719,2.8659,2.8669,2.8709,2.8769,2.8709,2.8719,53
2026-07-14 17:27:00,2.8659,2.8679,2.8609,2.8614,2.8709,2.8729,2.8659,2.8664,42
2026-07-14 17:28:00,2.8609,2.8649,2.8609,2.8619,2.8659,2.8699,2.8659,2.8669,51
2026-07-14 17:29:00,2.8624,2.8629,2.8559,2.8579,2.8674,2.8679,2.8609,2.8629,44
2026-07-14 17:30:00,2.8574,2.8689,2.8559,2.8674,2.8624,2.8739,2.8609,2.8724,56
2026-07-14 17:31:00,2.8669,2.8699,2.8669,2.8679,2.8719,2.8749,2.8719,2.8729,36
2026-07-14 17:32:00,2.8669,2.8709,2.8669,2.8694,2.8719,2.8759,2.8719,2.8744,15
2026-07-14 17:33:00,2.8689,2.8719,2.8679,2.8694,2.8739,2.8769,2.8729,2.8744,26
2026-07-14 17:34:00,2.8699,2.8719,2.8679,2.8684,2.8749,2.8769,2.8729,2.8734,39
2026-07-14 17:35:00,2.8689,2.8739,2.8689,2.8729,2.8739,2.8789,2.8739,2.8779,18
2026-07-14 17:36:00,2.8719,2.8739,2.8719,2.8739,2.8769,2.8789,2.8769,2.8789,23
2026-07-14 17:37:00,2.8744,2.8769,2.8729,2.8749,2.8794,2.8819,2.8779,2.8799,49
2026-07-14 17:38:00,2.8754,2.8759,2.8729,2.8749,2.8804,2.8809,2.8779,2.8799,43
2026-07-14 17:39:00,2.8759,2.8789,2.8739,2.8779,2.8809,2.8839,2.8789,2.8829,42
2026-07-14 17:40:00,2.8789,2.8789,2.8749,2.8779,2.8839,2.8839,2.8799,2.8829,38
2026-07-14 17:41:00,2.8769,2.8839,2.8769,2.8824,2.8819,2.8889,2.8819,2.8874,68
2026-07-14 17:42:00,2.8829,2.8829,2.8799,2.8809,2.8879,2.8879,2.8849,2.8859,35
2026-07-14 17:43:00,2.8819,2.8819,2.8799,2.8799,2.8869,2.8869,2.8849,2.8849,22
2026-07-14 17:44:00,2.8789,2.8829,2.8789,2.8819,2.8839,2.8879,2.8839,2.8869,26
2026-07-14 17:45:00,2.8824,2.8829,2.8769,2.8779,2.8874,2.8879,2.8819,2.8829,27
2026-07-14 17:46:00,2.8789,2.8799,2.8759,2.8769,2.8839,2.8849,2.8809,2.8819,31
2026-07-14 17:47:00,2.8764,2.8769,2.8729,2.8729,2.8814,2.8819,2.8779,2.8779,21
2026-07-14 17:48:00,2.8734,2.8759,2.8729,2.8749,2.8784,2.8809,2.8779,2.8799,23
2026-07-14 17:49:00,2.8754,2.8774,2.8729,2.8749,2.8804,2.8824,2.8779,2.8799,38
2026-07-14 17:50:00,2.8759,2.8759,2.8699,2.8719,2.8809,2.8809,2.8749,2.8769,28
2026-07-14 17:51:00,2.8714,2.8719,2.8709,2.8719,2.8764,2.8769,2.8759,2.8769,4
2026-07-14 17:52:00,2.8729,2.8729,2.8709,2.8714,2.8779,2.8779,2.8759,2.8764,9
2026-07-14 17:53:00,2.8719,2.8739,2.8709,2.8724,2.8769,2.8789,2.8759,2.8774,29
2026-07-14 17:54:00,2.8719,2.8749,2.8719,2.8749,2.8769,2.8799,2.8769,2.8799,24
2026-07-14 17:55:00,2.8754,2.8759,2.8709,2.8709,2.8804,2.8809,2.8759,2.8759,28
2026-07-14 17:56:00,2.8719,2.8729,2.8709,2.8719,2.8769,2.8779,2.8759,2.8769,14
2026-07-14 17:57:00,2.8709,2.8729,2.8699,2.8724,2.8759,2.8779,2.8749,2.8774,19
2026-07-14 17:58:00,2.8729,2.8769,2.8729,2.8759,2.8779,2.8819,2.8779,2.8809,22
2026-07-14 17:59:00,2.8754,2.8769,2.8754,2.8764,2.8804,2.8819,2.8804,2.8814,18
2026-07-14 18:00:00,2.8769,2.8789,2.8759,2.8779,2.8819,2.8839,2.8809,2.8829,37
2026-07-14 18:01:00,2.8769,2.8819,2.8769,2.8809,2.8819,2.8869,2.8819,2.8859,32
2026-07-14 18:02:00,2.8799,2.8799,2.8749,2.8759,2.8849,2.8849,2.8799,2.8809,17
2026-07-14 18:03:00,2.8769,2.8779,2.8719,2.8769,2.8819,2.8829,2.8769,2.8819,38
2026-07-14 18:04:00,2.8774,2.8779,2.8769,2.8769,2.8824,2.8829,2.8819,2.8819,21
2026-07-14 18:05:00,2.8774,2.8789,2.8769,2.8779,2.8824,2.8839,2.8819,2.8829,15
2026-07-14 18:06:00,2.8769,2.8779,2.8759,2.8759,2.8819,2.8829,2.8809,2.8809,17
2026-07-14 18:07:00,2.8764,2.8769,2.8754,2.8759,2.8814,2.8819,2.8804,2.8809,11
2026-07-14 18:08:00,2.8749,2.8749,2.8719,2.8749,2.8799,2.8799,2.8769,2.8799,24
2026-07-14 18:09:00,2.8739,2.8739,2.8729,2.8729,2.8789,2.8789,2.8779,2.8779,4
2026-07-14 18:10:00,2.8734,2.8739,2.8729,2.8739,2.8784,2.8789,2.8779,2.8789,24
2026-07-14 18:11:00,2.8729,2.8739,2.8669,2.8679,2.8779,2.8789,2.8719,2.8729,40
2026-07-14 18:12:00,2.8669,2.8689,2.8659,2.8664,2.8719,2.8739,2.8709,2.8714,40
2026-07-14 18:13:00,2.8669,2.8689,2.8669,2.8689,2.8719,2.8739,2.8719,2.8739,17
2026-07-14 18:14:00,2.8699,2.8709,2.8689,2.8699,2.8749,2.8759,2.8739,2.8749,16
2026-07-14 18:15:00,2.8694,2.8699,2.8689,2.8699,2.8744,2.8749,2.8739,2.8749,8
2026-07-14 18:16:00,2.8709,2.8719,2.8699,2.8719,2.8759,2.8769,2.8749,2.8769,15
2026-07-14 18:17:00,2.8729,2.8729,2.8699,2.8699,2.8779,2.8779,2.8749,2.8749,12
2026-07-14 18:18:00,2.8704,2.8739,2.8699,2.8739,2.8754,2.8789,2.8749,2.8789,10
2026-07-14 18:19:00,2.8749,2.8769,2.8729,2.8729,2.8799,2.8819,2.8779,2.8779,15
2026-07-14 18:20:00,2.8724,2.8759,2.8719,2.8749,2.8774,2.8809,2.8769,2.8799,28
2026-07-14 18:21:00,2.8754,2.8779,2.8754,2.8759,2.8804,2.8829,2.8804,2.8809,10
2026-07-14 18:22:00,2.8769,2.8769,2.8739,2.8749,2.8819,2.8819,2.8789,2.8799,15
2026-07-14 18:23:00,2.8739,2.8759,2.8739,2.8739,2.8789,2.8809,2.8789,2.8789,21
2026-07-14 18:24:00,2.8729,2.8749,2.8719,2.8729,2.8779,2.8799,2.8769,2.8779,12
2026-07-14 18:25:00,2.8734,2.8759,2.8729,2.8749,2.8784,2.8809,2.8779,2.8799,26
2026-07-14 18:26:00,2.8739,2.8779,2.8739,2.8779,2.8789,2.8829,2.8789,2.8829,20
2026-07-14 18:27:00,2.8769,2.8789,2.8769,2.8789,2.8819,2.8839,2.8819,2.8839,6
2026-07-14 18:28:00,2.8779,2.8799,2.8779,2.8779,2.8829,2.8849,2.8829,2.8829,23
2026-07-14 18:29:00,2.8784,2.8789,2.8774,2.8779,2.8834,2.8839,2.8824,2.8829,5
2026-07-14 18:30:00,2.8784,2.8789,2.8739,2.8754,2.8834,2.8839,2.8789,2.8804,21
2026-07-14 18:31:00,2.8759,2.8759,2.8739,2.8749,2.8809,2.8809,2.8789,2.8799,9
2026-07-14 18:32:00,2.8739,2.8749,2.8729,2.8729,2.8789,2.8799,2.8779,2.8779,9
2026-07-14 18:33:00,2.8739,2.8749,2.8724,2.8729,2.8789,2.8799,2.8774,2.8779,25
2026-07-14 18:34:00,2.8734,2.8739,2.8689,2.8699,2.8784,2.8789,2.8739,2.8749,14
2026-07-14 18:35:00,2.8709,2.8719,2.8704,2.8709,2.8759,2.8769,2.8754,2.8759,16
2026-07-14 18:36:00,2.8699,2.8699,2.8659,2.8669,2.8749,2.8749,2.8709,2.8719,17
2026-07-14 18:37:00,2.8679,2.8699,2.8679,2.8679,2.8729,2.8749,2.8729,2.8729,12
2026-07-14 18:38:00,2.8689,2.8709,2.8679,2.8709,2.8739,2.8759,2.8729,2.8759,9
2026-07-14 18:39:00,2.8699,2.8709,2.8669,2.8679,2.8749,2.8759,2.8719,2.8729,30
2026-07-14 18:40:00,2.8689,2.8719,2.8689,2.8709,2.8739,2.8769,2.8739,2.8759,21
2026-07-14 18:41:00,2.8714,2.8739,2.8699,2.8699,2.8764,2.8789,2.8749,2.8749,13
2026-07-14 18:42:00,2.8694,2.8694,2.8679,2.8679,2.8744,2.8744,2.8729,2.8729,22
2026-07-14 18:43:00,2.8689,2.8729,2.8689,2.8709,2.8739,2.8779,2.8739,2.8759,17
2026-07-14 18:44:00,2.8714,2.8749,2.8709,2.8739,2.8764,2.8799,2.8759,2.8789,15
2026-07-14 18:45:00,2.8729,2.8739,2.8719,2.8729,2.8779,2.8789,2.8769,2.8779,14
2026-07-14 18:46:00,2.8719,2.8729,2.8689,2.8689,2.8769,2.8779,2.8739,2.8739,26
2026-07-14 18:47:00,2.8699,2.8719,2.8689,2.8719,2.8749,2.8769,2.8739,2.8769,10
2026-07-14 18:48:00,2.8709,2.8729,2.8709,2.8709,2.8759,2.8779,2.8759,2.8759,10
2026-07-14 18:49:00,2.8719,2.8719,2.8699,2.8709,2.8769,2.8769,2.8749,2.8759,8
2026-07-14 18:50:00,2.8719,2.8729,2.8719,2.8719,2.8769,2.8779,2.8769,2.8769,8
2026-07-14 18:51:00,2.8709,2.8709,2.8669,2.8699,2.8759,2.8759,2.8719,2.8749,24
2026-07-14 18:52:00,2.8694,2.8709,2.8689,2.8699,2.8744,2.8759,2.8739,2.8749,13
2026-07-14 18:53:00,2.8689,2.8699,2.8689,2.8689,2.8739,2.8749,2.8739,2.8739,3
2026-07-14 18:54:00,2.8699,2.8714,2.8679,2.8699,2.8749,2.8764,2.8729,2.8749,25
2026-07-14 18:55:00,2.8709,2.8719,2.8689,2.8709,2.8759,2.8769,2.8739,2.8759,21
2026-07-14 18:56:00,2.8719,2.8729,2.8709,2.8719,2.8769,2.8779,2.8759,2.8769,6
2026-07-14 18:57:00,2.8709,2.8719,2.8709,2.8709,2.8759,2.8769,2.8759,2.8759,6
2026-07-14 18:58:00,2.8719,2.8719,2.8669,2.8689,2.8769,2.8769,2.8719,2.8739,13
2026-07-14 18:59:00,2.8679,2.8689,2.8649,2.8669,2.8729,2.8739,2.8699,2.8719,12
2026-07-14 19:00:00,2.8659,2.8669,2.8639,2.8664,2.8709,2.8719,2.8689,2.8714,31
2026-07-14 19:01:00,2.8659,2.8699,2.8659,2.8659,2.8709,2.8749,2.8709,2.8709,16
2026-07-14 19:02:00,2.8654,2.8679,2.8649,2.8669,2.8704,2.8729,2.8699,2.8719,20
2026-07-14 19:03:00,2.8679,2.8679,2.8659,2.8659,2.8729,2.8729,2.8709,2.8709,9
2026-07-14 19:04:00,2.8654,2.8674,2.8629,2.8669,2.8704,2.8724,2.8679,2.8719,20
2026-07-14 19:05:00,2.8679,2.8719,2.8659,2.8719,2.8729,2.8769,2.8709,2.8769,28
2026-07-14 19:06:00,2.8709,2.8719,2.8689,2.8689,2.8759,2.8769,2.8739,2.8739,15
2026-07-14 19:07:00,2.8679,2.8709,2.8679,2.8709,2.8729,2.8759,2.8729,2.8759,13
2026-07-14 19:08:00,2.8699,2.8709,2.8699,2.8709,2.8749,2.8759,2.8749,2.8759,2
2026-07-14 19:09:00,2.8719,2.8729,2.8709,2.8719,2.8769,2.8779,2.8759,2.8769,5
2026-07-14 19:10:00,2.8709,2.8729,2.8709,2.8709,2.8759,2.8779,2.8759,2.8759,9
2026-07-14 19:11:00,2.8719,2.8719,2.8689,2.8689,2.8769,2.8769,2.8739,2.8739,7
2026-07-14 19:12:00,2.8679,2.8679,2.8659,2.8669,2.8729,2.8729,2.8709,2.8719,5
2026-07-14 19:13:00,2.8659,2.8669,2.8659,2.8669,2.8709,2.8719,2.8709,2.8719,6
2026-07-14 19:14:00,2.8659,2.8669,2.8659,2.8669,2.8709,2.8719,2.8709,2.8719,4
2026-07-14 19:15:00,2.8679,2.8689,2.8669,2.8689,2.8729,2.8739,2.8719,2.8739,17
2026-07-14 19:16:00,2.8679,2.8684,2.8669,2.8669,2.8729,2.8734,2.8719,2.8719,4
2026-07-14 19:17:00,2.8679,2.8699,2.8669,2.8699,2.8729,2.8749,2.8719,2.8749,18
2026-07-14 19:18:00,2.8694,2.8709,2.8694,2.8709,2.8744,2.8759,2.8744,2.8759,5
2026-07-14 19:19:00,2.8719,2.8719,2.8684,2.8684,2.8769,2.8769,2.8734,2.8734,7
2026-07-14 19:20:00,2.8679,2.8689,2.8679,2.8689,2.8729,2.8739,2.8729,2.8739,4
2026-07-14 19:21:00,2.8684,2.8689,2.8669,2.8669,2.8734,2.8739,2.8719,2.8719,8
2026-07-14 19:22:00,2.8659,2.8669,2.8659,2.8669,2.8709,2.8719,2.8709,2.8719,2
2026-07-14 19:23:00,2.8659,2.8669,2.8649,2.8669,2.8709,2.8719,2.8699,2.8719,4
2026-07-14 19:24:00,2.8664,2.8679,2.8664,2.8669,2.8714,2.8729,2.8714,2.8719,8
2026-07-14 19:25:00,2.8679,2.8679,2.8679,2.8679,2.8729,2.8729,2.8729,2.8729,1
2026-07-14 19:26:00,2.8669,2.8679,2.8669,2.8669,2.8719,2.8729,2.8719,2.8719,9
2026-07-14 19:27:00,2.8659,2.8659,2.8629,2.8629,2.8709,2.8709,2.8679,2.8679,15
2026-07-14 19:28:00,2.8639,2.8669,2.8629,2.8659,2.8689,2.8719,2.8679,2.8709,16
2026-07-14 19:29:00,2.8669,2.8679,2.8659,2.8669,2.8719,2.8729,2.8709,2.8719,15
2026-07-14 19:30:00,2.8659,2.8659,2.8639,2.8649,2.8709,2.8709,2.8689,2.8699,5
2026-07-14 19:31:00,2.8644,2.8649,2.8589,2.8589,2.8694,2.8699,2.8639,2.8639,15
2026-07-14 19:32:00,2.8599,2.8629,2.8584,2.8609,2.8649,2.8679,2.8634,2.8659,27
2026-07-14 19:33:00,2.8619,2.8639,2.8609,2.8629,2.8669,2.8689,2.8659,2.8679,18
2026-07-14 19:34:00,2.8619,2.8629,2.8619,2.8619,2.8669,2.8679,2.8669,2.8669,5
2026-07-14 19:35:00,2.8629,2.8629,2.8619,2.8629,2.8679,2.8679,2.8669,2.8679,17
2026-07-14 19:36:00,2.8619,2.8619,2.8589,2.8609,2.8669,2.8669,2.8639,2.8659,15
2026-07-14 19:37:00,2.8619,2.8649,2.8619,2.8629,2.8669,2.8699,2.8669,2.8679,14
2026-07-14 19:38:00,2.8634,2.8634,2.8599,2.8619,2.8684,2.8684,2.8649,2.8669,17
2026-07-14 19:39:00,2.8614,2.8619,2.8604,2.8609,2.8664,2.8669,2.8654,2.8659,5
2026-07-14 19:40:00,2.8604,2.8619,2.8599,2.8614,2.8654,2.8669,2.8649,2.8664,22
2026-07-14 19:41:00,2.8609,2.8629,2.8599,2.8609,2.8659,2.8679,2.8649,2.8659,20
2026-07-14 19:42:00,2.8614,2.8619,2.8599,2.8614,2.8664,2.8669,2.8649,2.8664,8
2026-07-14 19:43:00,2.8609,2.8619,2.8599,2.8619,2.8659,2.8669,2.8649,2.8669,5
2026-07-14 19:44:00,2.8614,2.8629,2.8604,2.8629,2.8664,2.8679,2.8654,2.8679,16
2026-07-14 19:45:00,2.8619,2.8639,2.8619,2.8639,2.8669,2.8689,2.8669,2.8689,13
2026-07-14 19:46:00,2.8629,2.8649,2.8619,2.8629,2.8679,2.8699,2.8669,2.8679,10
2026-07-14 19:47:00,2.8624,2.8639,2.8599,2.8629,2.8674,2.8689,2.8649,2.8679,29
2026-07-14 19:48:00,2.8624,2.8629,2.8584,2.8604,2.8674,2.8679,2.8634,2.8654,33
2026-07-14 19:49:00,2.8599,2.8619,2.8599,2.8609,2.8649,2.8669,2.8649,2.8659,13
2026-07-14 19:50:00,2.8604,2.8619,2.8599,2.8619,2.8654,2.8669,2.8649,2.8669,19
2026-07-14 19:51:00,2.8614,2.8629,2.8614,2.8629,2.8664,2.8679,2.8664,2.8679,10
2026-07-14 19:52:00,2.8624,2.8624,2.8614,2.8614,2.8674,2.8674,2.8664,2.8664,3
2026-07-14 19:53:00,2.8609,2.8639,2.8609,2.8634,2.8659,2.8689,2.8659,2.8684,15
2026-07-14 19:54:00,2.8619,2.8639,2.8614,2.8634,2.8669,2.8689,2.8664,2.8684,20
2026-07-14 19:55:00,2.8639,2.8669,2.8629,2.8664,2.8689,2.8719,2.8679,2.8714,30
2026-07-14 19:56:00,2.8659,2.8709,2.8659,2.8709,2.8709,2.8759,2.8709,2.8759,33
2026-07-14 19:57:00,2.8699,2.8709,2.8689,2.8699,2.8749,2.8759,2.8739,2.8749,25
2026-07-14 19:58:00,2.8694,2.8699,2.8679,2.8694,2.8744,2.8749,2.8729,2.8744,26
2026-07-14 19:59:00,2.8689,2.8699,2.8684,2.8689,2.8739,2.8749,2.8734,2.8739,6
2026-07-14 20:00:00,2.8679,2.8719,2.8679,2.8699,2.8729,2.8769,2.8729,2.8749,20
2026-07-14 20:01:00,2.8694,2.8699,2.8679,2.8689,2.8744,2.8749,2.8729,2.8739,14
2026-07-14 20:02:00,2.8684,2.8689,2.8639,2.8639,2.8734,2.8739,2.8689,2.8689,23
2026-07-14 20:03:00,2.8634,2.8649,2.8629,2.8644,2.8684,2.8699,2.8679,2.8694,16
2026-07-14 20:04:00,2.8639,2.8649,2.8629,2.8639,2.8689,2.8699,2.8679,2.8689,15
2026-07-14 20:05:00,2.8634,2.8639,2.8624,2.8624,2.8684,2.8689,2.8674,2.8674,14
2026-07-14 20:06:00,2.8619,2.8649,2.8619,2.8639,2.8669,2.8699,2.8669,2.8689,23
2026-07-14 20:07:00,2.8649,2.8659,2.8639,2.8644,2.8699,2.8709,2.8689,2.8694,13
2026-07-14 20:08:00,2.8639,2.8649,2.8629,2.8639,2.8689,2.8699,2.8679,2.8689,10
2026-07-14 20:09:00,2.8634,2.8634,2.8619,2.8629,2.8684,2.8684,2.8669,2.8679,18
2026-07-14 20:10:00,2.8624,2.8629,2.8609,2.8619,2.8674,2.8679,2.8659,2.8669,19
2026-07-14 20:11:00,2.8629,2.8659,2.8629,2.8659,2.8679,2.8709,2.8679,2.8709,16
2026-07-14 20:12:00,2.8649,2.8679,2.8649,2.8659,2.8699,2.8729,2.8699,2.8709,12
2026-07-14 20:13:00,2.8649,2.8659,2.8649,2.8649,2.8699,2.8709,2.8699,2.8699,4
2026-07-14 20:14:00,2.8659,2.8669,2.8649,2.8649,2.8709,2.8719,2.8699,2.8699,10
2026-07-14 20:15:00,2.8659,2.8659,2.8629,2.8639,2.8709,2.8709,2.8679,2.8689,5
2026-07-14 20:16:00,2.8629,2.8649,2.8629,2.8629,2.8679,2.8699,2.8679,2.8679,6
2026-07-14 20:17:00,2.8639,2.8649,2.8629,2.8649,2.8689,2.8699,2.8679,2.8699,6
2026-07-14 20:18:00,2.8659,2.8669,2.8649,2.8669,2.8709,2.8719,2.8699,2.8719,10
2026-07-14 20:19:00,2.8659,2.8679,2.8649,2.8679,2.8709,2.8729,2.8699,2.8729,25
2026-07-14 20:20:00,2.8669,2.8679,2.8654,2.8659,2.8719,2.8729,2.8704,2.8709,16
2026-07-14 20:21:00,2.8654,2.8659,2.8639,2.8639,2.8704,2.8709,2.8689,2.8689,13
2026-07-14 20:22:00,2.8634,2.8639,2.8629,2.8639,2.8684,2.8689,2.8679,2.8689,4
2026-07-14 20:23:00,2.8649,2.8659,2.8639,2.8659,2.8699,2.8709,2.8689,2.8709,28
2026-07-14 20:24:00,2.8654,2.8659,2.8649,2.8649,2.8704,2.8709,2.8699,2.8699,11
2026-07-14 20:25:00,2.8644,2.8679,2.8639,2.8669,2.8694,2.8729,2.8689,2.8719,13
2026-07-14 20:26:00,2.8659,2.8689,2.8649,2.8689,2.8709,2.8739,2.8699,2.8739,16
2026-07-14 20:27:00,2.8694,2.8749,2.8679,2.8744,2.8744,2.8799,2.8729,2.8794,39
2026-07-14 20:28:00,2.8739,2.8779,2.8729,2.8749,2.8789,2.8829,2.8779,2.8799,96
2026-07-14 20:29:00,2.8744,2.8759,2.8719,2.8749,2.8794,2.8809,2.8769,2.8799,76
2026-07-14 20:30:00,2.8759,2.8779,2.8749,2.8759,2.8809,2.8829,2.8799,2.8809,27
2026-07-14 20:31:00,2.8769,2.8814,2.8769,2.8799,2.8819,2.8864,2.8819,2.8849,34
2026-07-14 20:32:00,2.8789,2.8809,2.8789,2.8799,2.8839,2.8859,2.8839,2.8849,21
2026-07-14 20:33:00,2.8789,2.8794,2.8769,2.8789,2.8839,2.8844,2.8819,2.8839,17
2026-07-14 20:34:00,2.8784,2.8789,2.8779,2.8784,2.8834,2.8839,2.8829,2.8834,19
2026-07-14 20:35:00,2.8779,2.8819,2.8779,2.8819,2.8829,2.8869,2.8829,2.8869,23
2026-07-14 20:36:00,2.8809,2.8819,2.8799,2.8809,2.8859,2.8869,2.8849,2.8859,14
2026-07-14 20:37:00,2.8799,2.8819,2.8799,2.8814,2.8849,2.8869,2.8849,2.8864,23
2026-07-14 20:38:00,2.8819,2.8819,2.8799,2.8799,2.8869,2.8869,2.8849,2.8849,5
2026-07-14 20:39:00,2.8804,2.8819,2.8804,2.8819,2.8854,2.8869,2.8854,2.8869,7
2026-07-14 20:40:00,2.8829,2.8859,2.8829,2.8849,2.8879,2.8909,2.8879,2.8899,17
2026-07-14 20:41:00,2.8859,2.8869,2.8849,2.8864,2.8909,2.8919,2.8899,2.8914,22
2026-07-14 20:42:00,2.8859,2.8889,2.8839,2.8854,2.8909,2.8939,2.8889,2.8904,41
2026-07-14 20:43:00,2.8859,2.8869,2.8859,2.8859,2.8909,2.8919,2.8909,2.8909,14
2026-07-14 20:44:00,2.8869,2.8889,2.8859,2.8879,2.8919,2.8939,2.8909,2.8929,15
2026-07-14 20:45:00,2.8889,2.8899,2.8879,2.8889,2.8939,2.8949,2.8929,2.8939,9
2026-07-14 20:46:00,2.8919,2.8939,2.8889,2.8904,2.8969,2.8989,2.8939,2.8954,36
2026-07-14 20:47:00,2.8899,2.8904,2.8869,2.8869,2.8949,2.8954,2.8919,2.8919,20
2026-07-14 20:48:00,2.8874,2.8879,2.8869,2.8879,2.8924,2.8929,2.8919,2.8929,8
2026-07-14 20:49:00,2.8889,2.8889,2.8869,2.8879,2.8939,2.8939,2.8919,2.8929,12
2026-07-14 20:50:00,2.8869,2.8869,2.8839,2.8849,2.8919,2.8919,2.8889,2.8899,15
2026-07-14 20:51:00,2.8839,2.8854,2.8829,2.8849,2.8889,2.8904,2.8879,2.8899,10
2026-07-14 20:52:00,2.8839,2.8839,2.8829,2.8839,2.8889,2.8889,2.8879,2.8889,4
2026-07-14 20:53:00,2.8844,2.8849,2.8839,2.8849,2.8894,2.8899,2.8889,2.8899,8
2026-07-14 20:54:00,2.8839,2.8849,2.8839,2.8849,2.8889,2.8899,2.8889,2.8899,2
2026-07-14 20:55:00,2.8844,2.8849,2.8839,2.8839,2.8894,2.8899,2.8889,2.8889,8
2026-07-14 20:56:00,2.8849,2.8849,2.8849,2.8849,2.8899,2.8899,2.8899,2.8899,1
2026-07-14 20:57:00,2.8839,2.8849,2.8839,2.8839,2.8889,2.8899,2.8889,2.8889,3
2026-07-14 20:59:00,2.8849,2.8849,2.8849,2.8849,2.8899,2.8899,2.8899,2.8899,1
2026-07-14 21:00:00,2.8839,2.8859,2.8839,2.8859,2.8889,2.8909,2.8889,2.8909,10
2026-07-14 21:01:00,2.8864,2.8864,2.8859,2.8859,2.8914,2.8914,2.8909,2.8909,4
2026-07-14 21:02:00,2.8869,2.8869,2.8859,2.8864,2.8919,2.8919,2.8909,2.8914,9
2026-07-14 21:03:00,2.8859,2.8859,2.8859,2.8859,2.8909,2.8909,2.8909,2.8909,1
2026-07-14 21:04:00,2.8849,2.8849,2.8839,2.8839,2.8899,2.8899,2.8889,2.8889,6
2026-07-14 21:05:00,2.8829,2.8849,2.8829,2.8844,2.8879,2.8899,2.8879,2.8894,9
2026-07-14 21:06:00,2.8839,2.8869,2.8839,2.8864,2.8889,2.8919,2.8889,2.8914,13
2026-07-14 21:07:00,2.8859,2.8869,2.8849,2.8854,2.8909,2.8919,2.8899,2.8904,10
2026-07-14 21:08:00,2.8859,2.8864,2.8849,2.8864,2.8909,2.8914,2.8899,2.8914,7
2026-07-14 21:09:00,2.8859,2.8869,2.8859,2.8859,2.8909,2.8919,2.8909,2.8909,5
2026-07-14 21:10:00,2.8864,2.8869,2.8849,2.8854,2.8914,2.8919,2.8899,2.8904,6
2026-07-14 21:11:00,2.8859,2.8889,2.8849,2.8889,2.8909,2.8939,2.8899,2.8939,15
2026-07-14 21:12:00,2.8884,2.8884,2.8879,2.8879,2.8934,2.8934,2.8929,2.8929,6
2026-07-14 21:14:00,2.8884,2.8899,2.8879,2.8894,2.8934,2.8949,2.8929,2.8944,6
2026-07-14 21:15:00,2.8889,2.8894,2.8879,2.8879,2.8939,2.8944,2.8929,2.8929,8
2026-07-14 21:16:00,2.8884,2.8884,2.8879,2.8884,2.8934,2.8934,2.8929,2.8934,3
2026-07-14 21:17:00,2.8889,2.8889,2.8889,2.8889,2.8939,2.8939,2.8939,2.8939,1
2026-07-14 21:18:00,2.8899,2.8899,2.8889,2.8899,2.8949,2.8949,2.8939,2.8949,5
2026-07-14 21:19:00,2.8894,2.8899,2.8889,2.8889,2.8944,2.8949,2.8939,2.8939,5
2026-07-14 21:20:00,2.8879,2.8899,2.8879,2.8889,2.8929,2.8949,2.8929,2.8939,10
2026-07-14 21:21:00,2.8894,2.8899,2.8889,2.8889,2.8944,2.8949,2.8939,2.8939,10
2026-07-14 21:23:00,2.8879,2.8889,2.8869,2.8879,2.8929,2.8939,2.8919,2.8929,14
2026-07-14 21:24:00,2.8884,2.8889,2.8879,2.8889,2.8934,2.8939,2.8929,2.8939,4
2026-07-14 21:26:00,2.8899,2.8899,2.8889,2.8894,2.8949,2.8949,2.8939,2.8944,7
2026-07-14 21:27:00,2.8899,2.8899,2.8889,2.8889,2.8949,2.8949,2.8939,2.8939,2
2026-07-14 21:28:00,2.8899,2.8899,2.8889,2.8899,2.8949,2.8949,2.8939,2.8949,4
2026-07-14 21:29:00,2.8894,2.8899,2.8889,2.8889,2.8944,2.8949,2.8939,2.8939,4
2026-07-14 21:30:00,2.8899,2.8899,2.8889,2.8889,2.8949,2.8949,2.8939,2.8939,7
2026-07-14 21:31:00,2.8894,2.8894,2.8879,2.8884,2.8944,2.8944,2.8929,2.8934,4
2026-07-14 21:32:00,2.8879,2.8899,2.8879,2.8899,2.8929,2.8949,2.8929,2.8949,5
2026-07-14 21:34:00,2.8909,2.8929,2.8899,2.8929,2.8959,2.8979,2.8949,2.8979,9
2026-07-14 21:35:00,2.8939,2.8939,2.8929,2.8934,2.8989,2.8989,2.8979,2.8984,13
2026-07-14 21:36:00,2.8939,2.8984,2.8929,2.8979,2.8989,2.9034,2.8979,2.9029,18
2026-07-14 21:37:00,2.8989,2.8999,2.8969,2.8979,2.9039,2.9049,2.9019,2.9029,18
2026-07-14 21:38:00,2.8969,2.8979,2.8969,2.8969,2.9019,2.9029,2.9019,2.9019,8
2026-07-14 21:39:00,2.8974,2.8979,2.8959,2.8969,2.9024,2.9029,2.9009,2.9019,7
2026-07-14 21:40:00,2.8959,2.8964,2.8959,2.8964,2.9009,2.9014,2.9009,2.9014,4
2026-07-14 21:41:00,2.8959,2.8964,2.8949,2.8959,2.9009,2.9014,2.8999,2.9009,5
2026-07-14 21:42:00,2.8949,2.8959,2.8949,2.8959,2.8999,2.9009,2.8999,2.9009,2
2026-07-14 21:43:00,2.8949,2.8959,2.8949,2.8954,2.8999,2.9009,2.8999,2.9004,3
2026-07-14 21:44:00,2.8959,2.8969,2.8959,2.8969,2.9009,2.9019,2.9009,2.9019,9
2026-07-14 21:45:00,2.8964,2.8979,2.8959,2.8959,2.9014,2.9029,2.9009,2.9009,7
2026-07-14 21:48:00,2.8949,2.8959,2.8949,2.8959,2.8999,2.9009,2.8999,2.9009,2
2026-07-14 21:49:00,2.8949,2.8959,2.8949,2.8949,2.8999,2.9009,2.8999,2.8999,4
2026-07-14 21:50:00,2.8944,2.8949,2.8944,2.8949,2.8994,2.8999,2.8994,2.8999,6
2026-07-14 21:51:00,2.8939,2.8949,2.8939,2.8949,2.8989,2.8999,2.8989,2.8999,6
2026-07-14 21:52:00,2.8939,2.8944,2.8929,2.8929,2.8989,2.8994,2.8979,2.8979,6
2026-07-14 21:53:00,2.8939,2.8949,2.8939,2.8944,2.8989,2.8999,2.8989,2.8994,3
2026-07-14 21:54:00,2.8949,2.8949,2.8939,2.8939,2.8999,2.8999,2.8989,2.8989,2
2026-07-14 21:55:00,2.8929,2.8934,2.8929,2.8929,2.8979,2.8984,2.8979,2.8979,3
2026-07-14 21:56:00,2.8939,2.8939,2.8929,2.8939,2.8989,2.8989,2.8979,2.8989,7
2026-07-14 21:57:00,2.8929,2.8949,2.8929,2.8939,2.8979,2.8999,2.8979,2.8989,10
2026-07-14 21:58:00,2.8949,2.8949,2.8919,2.8919,2.8999,2.8999,2.8969,2.8969,10
2026-07-14 21:59:00,2.8924,2.8924,2.8899,2.8899,2.8974,2.8974,2.8949,2.8949,8
2026-07-14 22:00:00,2.8909,2.8909,2.8894,2.8894,2.8959,2.8959,2.8944,2.8944,7
2026-07-14 22:01:00,2.8889,2.8899,2.8889,2.8889,2.8939,2.8949,2.8939,2.8939,5
2026-07-14 22:02:00,2.8894,2.8899,2.8894,2.8899,2.8944,2.8949,2.8944,2.8949,2
2026-07-14 22:03:00,2.8904,2.8909,2.8899,2.8899,2.8954,2.8959,2.8949,2.8949,8
2026-07-14 22:04:00,2.8894,2.8894,2.8889,2.8889,2.8944,2.8944,2.8939,2.8939,2
2026-07-14 22:06:00,2.8879,2.8889,2.8879,2.8889,2.8929,2.8939,2.8929,2.8939,2
2026-07-14 22:07:00,2.8904,2.8914,2.8904,2.8914,2.8954,2.8964,2.8954,2.8964,5
2026-07-14 22:08:00,2.8919,2.8949,2.8919,2.8944,2.8969,2.8999,2.8969,2.8994,13
2026-07-14 22:09:00,2.8949,2.8949,2.8929,2.8934,2.8999,2.8999,2.8979,2.8984,6
2026-07-14 22:10:00,2.8939,2.8939,2.8929,2.8939,2.8989,2.8989,2.8979,2.8989,4
2026-07-14 22:11:00,2.8929,2.8934,2.8909,2.8909,2.8979,2.8984,2.8959,2.8959,7
2026-07-14 22:12:00,2.8914,2.8919,2.8909,2.8914,2.8964,2.8969,2.8959,2.8964,6
2026-07-14 22:13:00,2.8919,2.8924,2.8919,2.8919,2.8969,2.8974,2.8969,2.8969,3
2026-07-14 22:14:00,2.8909,2.8914,2.8909,2.8909,2.8959,2.8964,2.8959,2.8959,3
2026-07-14 22:16:00,2.8919,2.8919,2.8909,2.8909,2.8969,2.8969,2.8959,2.8959,5
2026-07-14 22:17:00,2.8914,2.8914,2.8914,2.8914,2.8964,2.8964,2.8964,2.8964,1
2026-07-14 22:18:00,2.8919,2.8919,2.8914,2.8914,2.8969,2.8969,2.8964,2.8964,2
2026-07-14 22:19:00,2.8909,2.8909,2.8899,2.8909,2.8959,2.8959,2.8949,2.8959,3
2026-07-14 22:20:00,2.8904,2.8904,2.8904,2.8904,2.8954,2.8954,2.8954,2.8954,1
2026-07-14 22:21:00,2.8909,2.8909,2.8909,2.8909,2.8959,2.8959,2.8959,2.8959,1
2026-07-14 22:25:00,2.8904,2.8904,2.8899,2.8899,2.8954,2.8954,2.8949,2.8949,2
2026-07-14 22:26:00,2.8904,2.8904,2.8904,2.8904,2.8954,2.8954,2.8954,2.8954,1
2026-07-14 22:27:00,2.8909,2.8909,2.8909,2.8909,2.8959,2.8959,2.8959,2.8959,1
2026-07-14 22:28:00,2.8899,2.8909,2.8899,2.8909,2.8949,2.8959,2.8949,2.8959,7
2026-07-14 22:29:00,2.8914,2.8919,2.8904,2.8914,2.8964,2.8969,2.8954,2.8964,5
2026-07-14 22:30:00,2.8909,2.8919,2.8909,2.8914,2.8959,2.8969,2.8959,2.8964,9
2026-07-14 22:31:00,2.8909,2.8919,2.8909,2.8909,2.8959,2.8969,2.8959,2.8959,5
2026-07-14 22:33:00,2.8914,2.8919,2.8914,2.8914,2.8964,2.8969,2.8964,2.8964,3
2026-07-14 22:34:00,2.8919,2.8919,2.8914,2.8914,2.8969,2.8969,2.8964,2.8964,2
2026-07-14 22:35:00,2.8919,2.8919,2.8909,2.8919,2.8969,2.8969,2.8959,2.8969,5
2026-07-14 22:36:00,2.8914,2.8919,2.8909,2.8919,2.8964,2.8969,2.8959,2.8969,3
2026-07-14 22:37:00,2.8914,2.8919,2.8914,2.8919,2.8964,2.8969,2.8964,2.8969,4
2026-07-14 22:38:00,2.8909,2.8919,2.8909,2.8919,2.8959,2.8969,2.8959,2.8969,3
2026-07-14 22:39:00,2.8909,2.8909,2.8899,2.8904,2.8959,2.8959,2.8949,2.8954,4
2026-07-14 22:40:00,2.8899,2.8899,2.8899,2.8899,2.8949,2.8949,2.8949,2.8949,1
2026-07-14 22:45:00,2.8904,2.8909,2.8904,2.8909,2.8954,2.8959,2.8954,2.8959,2
2026-07-14 22:47:00,2.8904,2.8904,2.8904,2.8904,2.8954,2.8954,2.8954,2.8954,1
2026-07-14 22:48:00,2.8899,2.8899,2.8889,2.8899,2.8949,2.8949,2.8939,2.8949,4
2026-07-14 22:49:00,2.8889,2.8899,2.8889,2.8899,2.8939,2.8949,2.8939,2.8949,2
2026-07-14 22:50:00,2.8884,2.8889,2.8874,2.8874,2.8934,2.8939,2.8924,2.8924,7
2026-07-14 22:51:00,2.8869,2.8879,2.8859,2.8879,2.8919,2.8929,2.8909,2.8929,10
2026-07-14 22:52:00,2.8874,2.8874,2.8869,2.8869,2.8924,2.8924,2.8919,2.8919,2
2026-07-14 22:53:00,2.8879,2.8879,2.8869,2.8869,2.8929,2.8929,2.8919,2.8919,4
2026-07-14 22:54:00,2.8879,2.8879,2.8869,2.8869,2.8929,2.8929,2.8919,2.8919,6
2026-07-14 22:55:00,2.8864,2.8879,2.8859,2.8859,2.8914,2.8929,2.8909,2.8909,12
2026-07-14 22:56:00,2.8869,2.8899,2.8869,2.8899,2.8919,2.8949,2.8919,2.8949,4
2026-07-14 22:57:00,2.8904,2.8939,2.8889,2.8934,2.8954,2.8989,2.8939,2.8984,19
2026-07-14 22:58:00,2.8939,2.8969,2.8934,2.8939,2.8989,2.9019,2.8984,2.8989,21
2026-07-14 22:59:00,2.8949,2.8954,2.893,2.893,2.8999,2.9004,2.896,2.898,6
2026-07-15 00:00:00,2.892,2.894,2.889,2.8905,2.897,2.899,2.894,2.8955,16
2026-07-15 00:01:00,2.89,2.89,2.8885,2.8885,2.895,2.895,2.8935,2.8935,3
2026-07-15 00:04:00,2.888,2.888,2.8875,2.8875,2.893,2.893,2.8925,2.8925,2
2026-07-15 00:05:00,2.888,2.888,2.8875,2.8875,2.893,2.893,2.8925,2.8925,2
2026-07-15 00:06:00,2.8865,2.888,2.8865,2.888,2.8915,2.893,2.8915,2.893,4
2026-07-15 00:07:00,2.8875,2.8875,2.887,2.887,2.8925,2.8925,2.892,2.892,2
2026-07-15 00:08:00,2.8865,2.8865,2.885,2.885,2.8915,2.8915,2.89,2.89,6
2026-07-15 00:09:00,2.886,2.886,2.882,2.882,2.891,2.891,2.887,2.887,5
2026-07-15 00:10:00,2.883,2.884,2.883,2.8835,2.888,2.889,2.888,2.8885,3
2026-07-15 00:11:00,2.883,2.883,2.8825,2.883,2.888,2.888,2.8875,2.888,3
2026-07-15 00:12:00,2.884,2.884,2.883,2.8835,2.889,2.889,2.888,2.8885,3
2026-07-15 00:13:00,2.883,2.883,2.882,2.882,2.888,2.888,2.887,2.887,2
2026-07-15 00:19:00,2.881,2.882,2.881,2.882,2.886,2.887,2.886,2.887,2
2026-07-15 00:22:00,2.881,2.8815,2.881,2.8815,2.886,2.8865,2.886,2.8865,2
2026-07-15 00:24:00,2.882,2.882,2.882,2.882,2.887,2.887,2.887,2.887,1
2026-07-15 00:25:00,2.8815,2.8815,2.8815,2.8815,2.8865,2.8865,2.8865,2.8865,1
2026-07-15 00:26:00,2.881,2.881,2.881,2.881,2.886,2.886,2.886,2.886,1
2026-07-15 00:35:00,2.88,2.88,2.88,2.88,2.885,2.885,2.885,2.885,1
2026-07-15 00:36:00,2.8795,2.8795,2.879,2.879,2.8845,2.8845,2.884,2.884,2
2026-07-15 00:37:00,2.88,2.88,2.8785,2.879,2.885,2.885,2.8835,2.884,4
2026-07-15 00:38:00,2.8785,2.8785,2.878,2.8785,2.8835,2.8835,2.883,2.8835,3
2026-07-15 00:39:00,2.879,2.879,2.879,2.879,2.884,2.884,2.884,2.884,1
2026-07-15 00:40:00,2.8785,2.879,2.8785,2.879,2.8835,2.884,2.8835,2.884,2
2026-07-15 00:41:00,2.8785,2.8785,2.8785,2.8785,2.8835,2.8835,2.8835,2.8835,1
2026-07-15 00:42:00,2.879,2.879,2.879,2.879,2.884,2.884,2.884,2.884,1
2026-07-15 00:43:00,2.88,2.88,2.879,2.88,2.885,2.885,2.884,2.885,6
2026-07-15 00:46:00,2.879,2.879,2.879,2.879,2.884,2.884,2.884,2.884,1
2026-07-15 00:47:00,2.8785,2.8785,2.8785,2.8785,2.8835,2.8835,2.8835,2.8835,1
2026-07-15 00:48:00,2.879,2.879,2.879,2.879,2.884,2.884,2.884,2.884,1
2026-07-15 00:49:00,2.8795,2.88,2.8795,2.88,2.8845,2.885,2.8845,2.885,2
2026-07-15 00:50:00,2.8805,2.8805,2.8805,2.8805,2.8855,2.8855,2.8855,2.8855,1
2026-07-15 00:51:00,2.88,2.8825,2.88,2.8825,2.885,2.8875,2.885,2.8875,4
2026-07-15 00:52:00,2.882,2.882,2.882,2.882,2.887,2.887,2.887,2.887,1
2026-07-15 00:53:00,2.8825,2.883,2.8825,2.883,2.8875,2.888,2.8875,2.888,2
2026-07-15 00:56:00,2.882,2.882,2.881,2.881,2.887,2.887,2.886,2.886,2
2026-07-15 00:57:00,2.8805,2.881,2.879,2.879,2.8855,2.886,2.884,2.884,5
2026-07-15 00:58:00,2.8795,2.881,2.8795,2.8805,2.8845,2.886,2.8845,2.8855,6
2026-07-15 00:59:00,2.88,2.88,2.88,2.88,2.885,2.885,2.885,2.885,1
2026-07-15 01:00:00,2.8805,2.8805,2.878,2.8785,2.8855,2.8855,2.883,2.8835,6
2026-07-15 01:01:00,2.879,2.879,2.879,2.879,2.884,2.884,2.884,2.884,1
2026-07-15 01:03:00,2.8785,2.8785,2.878,2.878,2.8835,2.8835,2.883,2.883,2
2026-07-15 01:14:00,2.877,2.879,2.877,2.878,2.882,2.884,2.882,2.883,4
2026-07-15 01:15:00,2.8785,2.8785,2.8785,2.8785,2.8835,2.8835,2.8835,2.8835,1
2026-07-15 01:20:00,2.878,2.878,2.878,2.878,2.883,2.883,2.883,2.883,1
2026-07-15 01:22:00,2.8775,2.878,2.8775,2.878,2.8825,2.883,2.8825,2.883,2
2026-07-15 01:23:00,2.8775,2.8775,2.8775,2.8775,2.8825,2.8825,2.8825,2.8825,1
2026-07-15 01:24:00,2.877,2.877,2.877,2.877,2.882,2.882,2.882,2.882,1
2026-07-15 01:27:00,2.8765,2.877,2.876,2.877,2.8815,2.882,2.881,2.882,3
2026-07-15 01:28:00,2.878,2.878,2.878,2.878,2.883,2.883,2.883,2.883,1
2026-07-15 01:29:00,2.8775,2.878,2.877,2.877,2.8825,2.883,2.882,2.882,3
2026-07-15 01:30:00,2.878,2.878,2.877,2.877,2.883,2.883,2.882,2.882,3
2026-07-15 01:34:00,2.878,2.878,2.878,2.878,2.883,2.883,2.883,2.883,1
2026-07-15 01:35:00,2.8775,2.8775,2.877,2.877,2.8825,2.8825,2.882,2.882,2
2026-07-15 01:46:00,2.876,2.876,2.876,2.876,2.881,2.881,2.881,2.881,1
2026-07-15 01:50:00,2.875,2.8755,2.875,2.8755,2.88,2.8805,2.88,2.8805,2
2026-07-15 01:51:00,2.8745,2.8755,2.8745,2.875,2.8795,2.8805,2.8795,2.88,3
2026-07-15 01:52:00,2.876,2.876,2.876,2.876,2.881,2.881,2.881,2.881,1
2026-07-15 01:53:00,2.877,2.877,2.874,2.8755,2.882,2.882,2.879,2.8805,6
2026-07-15 01:54:00,2.876,2.876,2.875,2.875,2.881,2.881,2.88,2.88,3
2026-07-15 01:56:00,2.8745,2.8745,2.874,2.874,2.8795,2.8795,2.879,2.879,2
2026-07-15 01:57:00,2.875,2.875,2.875,2.875,2.88,2.88,2.88,2.88,1
2026-07-15 01:58:00,2.8755,2.8755,2.8755,2.8755,2.8805,2.8805,2.8805,2.8805,1
2026-07-15 02:00:00,2.874,2.876,2.873,2.876,2.879,2.881,2.878,2.881,12
2026-07-15 02:01:00,2.877,2.878,2.8765,2.8765,2.882,2.883,2.8815,2.8815,7
2026-07-15 02:02:00,2.876,2.879,2.876,2.8785,2.881,2.884,2.881,2.8835,12
2026-07-15 02:03:00,2.879,2.881,2.878,2.879,2.884,2.886,2.883,2.884,13
2026-07-15 02:04:00,2.88,2.88,2.88,2.88,2.885,2.885,2.885,2.885,1
2026-07-15 02:05:00,2.879,2.881,2.879,2.88,2.884,2.886,2.884,2.885,8
2026-07-15 02:06:00,2.8805,2.883,2.879,2.8825,2.8855,2.888,2.884,2.8875,17
2026-07-15 02:07:00,2.883,2.884,2.882,2.883,2.888,2.889,2.887,2.888,8
2026-07-15 02:08:00,2.8835,2.884,2.883,2.8835,2.8885,2.889,2.888,2.8885,5
2026-07-15 02:09:00,2.884,2.886,2.884,2.886,2.889,2.891,2.889,2.891,6
2026-07-15 02:10:00,2.8855,2.887,2.885,2.887,2.8905,2.892,2.89,2.892,5
2026-07-15 02:12:00,2.886,2.891,2.886,2.8905,2.891,2.896,2.891,2.8955,17
2026-07-15 02:13:00,2.89,2.8915,2.889,2.89,2.895,2.8965,2.894,2.895,15
2026-07-15 02:14:00,2.889,2.89,2.889,2.889,2.894,2.895,2.894,2.894,9
2026-07-15 02:15:00,2.8895,2.891,2.889,2.8905,2.8945,2.896,2.894,2.8955,13
2026-07-15 02:16:00,2.89,2.891,2.8895,2.8895,2.895,2.896,2.8945,2.8945,5
2026-07-15 02:17:00,2.889,2.89,2.889,2.8895,2.894,2.895,2.894,2.8945,6
2026-07-15 02:18:00,2.89,2.89,2.89,2.89,2.895,2.895,2.895,2.895,1
2026-07-15 02:19:00,2.8905,2.891,2.8905,2.8905,2.8955,2.896,2.8955,2.8955,3
2026-07-15 02:20:00,2.891,2.894,2.891,2.893,2.896,2.899,2.896,2.898,11
2026-07-15 02:21:00,2.8925,2.893,2.892,2.892,2.8975,2.898,2.897,2.897,3
2026-07-15 02:22:00,2.891,2.892,2.891,2.892,2.896,2.897,2.896,2.897,3
2026-07-15 02:23:00,2.8925,2.894,2.8925,2.894,2.8975,2.899,2.8975,2.899,20
2026-07-15 02:24:00,2.895,2.895,2.895,2.895,2.9,2.9,2.9,2.9,1
2026-07-15 02:25:00,2.896,2.897,2.894,2.894,2.901,2.902,2.899,2.899,12
2026-07-15 02:26:00,2.895,2.895,2.894,2.894,2.9,2.9,2.899,2.899,3
2026-07-15 02:27:00,2.895,2.895,2.895,2.895,2.9,2.9,2.9,2.9,1
2026-07-15 02:29:00,2.896,2.897,2.896,2.897,2.901,2.902,2.901,2.902,4
2026-07-15 02:32:00,2.898,2.902,2.8975,2.902,2.903,2.907,2.9025,2.907,13
2026-07-15 02:35:00,2.9015,2.9025,2.9,2.9,2.9065,2.9075,2.905,2.905,7
2026-07-15 02:36:00,2.901,2.902,2.901,2.901,2.906,2.907,2.906,2.906,10
2026-07-15 02:37:00,2.902,2.903,2.902,2.903,2.907,2.908,2.907,2.908,2
2026-07-15 02:38:00,2.904,2.904,2.904,2.904,2.909,2.909,2.909,2.909,1
2026-07-15 02:39:00,2.903,2.904,2.903,2.904,2.908,2.909,2.908,2.909,3
2026-07-15 02:40:00,2.9035,2.9035,2.9015,2.902,2.9085,2.9085,2.9065,2.907,10
2026-07-15 02:42:00,2.901,2.901,2.899,2.899,2.906,2.906,2.904,2.904,5
2026-07-15 02:43:00,2.898,2.9,2.898,2.9,2.903,2.905,2.903,2.905,5
2026-07-15 02:44:00,2.899,2.9,2.899,2.9,2.904,2.905,2.904,2.905,5
2026-07-15 02:46:00,2.899,2.899,2.8985,2.8985,2.904,2.904,2.9035,2.9035,2
2026-07-15 02:47:00,2.898,2.898,2.898,2.898,2.903,2.903,2.903,2.903,1
2026-07-15 02:48:00,2.8985,2.8985,2.8975,2.8975,2.9035,2.9035,2.9025,2.9025,2
2026-07-15 02:49:00,2.898,2.898,2.8965,2.897,2.903,2.903,2.9015,2.902,14
2026-07-15 02:50:00,2.896,2.896,2.896,2.896,2.901,2.901,2.901,2.901,1
2026-07-15 02:51:00,2.8955,2.896,2.8955,2.896,2.9005,2.901,2.9005,2.901,2
2026-07-15 02:52:00,2.8955,2.896,2.8955,2.896,2.9005,2.901,2.9005,2.901,4
2026-07-15 02:53:00,2.8955,2.8955,2.895,2.895,2.9005,2.9005,2.9,2.9,2
2026-07-15 02:55:00,2.894,2.896,2.894,2.896,2.899,2.901,2.899,2.901,4
2026-07-15 02:58:00,2.897,2.897,2.897,2.897,2.902,2.902,2.902,2.902,1
2026-07-15 02:59:00,2.896,2.897,2.895,2.896,2.901,2.902,2.9,2.901,5
2026-07-15 03:00:00,2.895,2.895,2.891,2.892,2.9,2.9,2.896,2.897,32
2026-07-15 03:01:00,2.891,2.8915,2.889,2.8915,2.896,2.8965,2.894,2.8965,10
2026-07-15 03:02:00,2.892,2.892,2.891,2.8915,2.897,2.897,2.896,2.8965,8
2026-07-15 03:03:00,2.891,2.892,2.891,2.892,2.896,2.897,2.896,2.897,7
2026-07-15 03:04:00,2.8915,2.8915,2.891,2.891,2.8965,2.8965,2.896,2.896,2
2026-07-15 03:05:00,2.8915,2.892,2.891,2.891,2.8965,2.897,2.896,2.896,6
2026-07-15 03:06:00,2.89,2.8915,2.89,2.891,2.895,2.8965,2.895,2.896,10
2026-07-15 03:07:00,2.8915,2.892,2.89,2.8905,2.8965,2.897,2.895,2.8955,6
2026-07-15 03:08:00,2.89,2.8905,2.89,2.89,2.895,2.8955,2.895,2.895,3
2026-07-15 03:09:00,2.889,2.889,2.889,2.889,2.894,2.894,2.894,2.894,1
2026-07-15 03:10:00,2.8895,2.8905,2.8895,2.8905,2.8945,2.8955,2.8945,2.8955,3
2026-07-15 03:11:00,2.89,2.89,2.887,2.889,2.895,2.895,2.892,2.894,7
2026-07-15 03:12:00,2.8895,2.8895,2.889,2.8895,2.8945,2.8945,2.894,2.8945,3
2026-07-15 03:13:00,2.889,2.8895,2.889,2.889,2.894,2.8945,2.894,2.894,3
2026-07-15 03:14:00,2.89,2.89,2.89,2.89,2.895,2.895,2.895,2.895,1
2026-07-15 03:15:00,2.889,2.889,2.888,2.888,2.894,2.894,2.893,2.893,2
2026-07-15 03:16:00,2.8885,2.8885,2.8885,2.8885,2.8935,2.8935,2.8935,2.8935,1
2026-07-15 03:17:00,2.889,2.889,2.8875,2.888,2.894,2.894,2.8925,2.893,4
2026-07-15 03:18:00,2.8875,2.889,2.8875,2.889,2.8925,2.894,2.8925,2.894,13
2026-07-15 03:19:00,2.888,2.889,2.8875,2.8885,2.893,2.894,2.8925,2.8935,10
2026-07-15 03:20:00,2.889,2.889,2.888,2.8885,2.894,2.894,2.893,2.8935,4
2026-07-15 03:21:00,2.888,2.888,2.8875,2.8875,2.893,2.893,2.8925,2.8925,28
2026-07-15 03:23:00,2.888,2.888,2.8875,2.8875,2.893,2.893,2.8925,2.8925,4
2026-07-15 03:24:00,2.888,2.888,2.886,2.886,2.893,2.893,2.891,2.891,6
2026-07-15 03:25:00,2.8865,2.887,2.886,2.8865,2.8915,2.892,2.891,2.8915,9
2026-07-15 03:26:00,2.886,2.887,2.886,2.887,2.891,2.892,2.891,2.892,3
2026-07-15 03:27:00,2.8875,2.888,2.887,2.888,2.8925,2.893,2.892,2.893,20
2026-07-15 03:29:00,2.889,2.889,2.8885,2.889,2.894,2.894,2.8935,2.894,3
2026-07-15 03:31:00,2.8885,2.8885,2.8875,2.8885,2.8935,2.8935,2.8925,2.8935,7
2026-07-15 03:32:00,2.889,2.889,2.889,2.889,2.894,2.894,2.894,2.894,1
2026-07-15 03:33:00,2.89,2.89,2.89,2.89,2.895,2.895,2.895,2.895,1
2026-07-15 03:34:00,2.8905,2.891,2.89,2.89,2.8955,2.896,2.895,2.895,4
2026-07-15 03:35:00,2.8905,2.8905,2.8905,2.8905,2.8955,2.8955,2.8955,2.8955,1
2026-07-15 03:36:00,2.89,2.89,2.888,2.888,2.895,2.895,2.893,2.893,6
2026-07-15 03:37:00,2.8885,2.8885,2.888,2.8885,2.8935,2.8935,2.893,2.8935,5
2026-07-15 03:38:00,2.888,2.8885,2.888,2.8885,2.893,2.8935,2.893,2.8935,2
2026-07-15 03:39:00,2.888,2.888,2.888,2.888,2.893,2.893,2.893,2.893,1
2026-07-15 03:40:00,2.887,2.888,2.887,2.888,2.892,2.893,2.892,2.893,5
2026-07-15 03:41:00,2.887,2.8875,2.887,2.887,2.892,2.8925,2.892,2.892,7
2026-07-15 03:42:00,2.8875,2.889,2.8875,2.889,2.8925,2.894,2.8925,2.894,3
2026-07-15 03:43:00,2.89,2.89,2.889,2.889,2.895,2.895,2.894,2.894,2
2026-07-15 03:44:00,2.89,2.89,2.89,2.89,2.895,2.895,2.895,2.895,1
2026-07-15 03:45:00,2.8895,2.89,2.889,2.89,2.8945,2.895,2.894,2.895,6
2026-07-15 03:46:00,2.8905,2.8905,2.889,2.8895,2.8955,2.8955,2.894,2.8945,4
2026-07-15 03:47:00,2.889,2.889,2.889,2.889,2.894,2.894,2.894,2.894,1
2026-07-15 03:50:00,2.888,2.888,2.888,2.888,2.893,2.893,2.893,2.893,1
2026-07-15 03:51:00,2.8885,2.8885,2.888,2.888,2.8935,2.8935,2.893,2.893,2
2026-07-15 03:55:00,2.889,2.889,2.888,2.8885,2.894,2.894,2.893,2.8935,12
2026-07-15 03:56:00,2.889,2.889,2.889,2.889,2.894,2.894,2.894,2.894,1
2026-07-15 03:57:00,2.8885,2.8885,2.8885,2.8885,2.8935,2.8935,2.8935,2.8935,1
2026-07-15 03:58:00,2.889,2.889,2.8885,2.8885,2.894,2.894,2.8935,2.8935,2
2026-07-15 04:00:00,2.888,2.889,2.888,2.8885,2.893,2.894,2.893,2.8935,4
2026-07-15 04:01:00,2.888,2.888,2.885,2.886,2.893,2.893,2.89,2.891,6
2026-07-15 04:02:00,2.887,2.89,2.887,2.89,2.892,2.895,2.892,2.895,19
2026-07-15 04:03:00,2.8895,2.89,2.8895,2.8895,2.8945,2.895,2.8945,2.8945,3
2026-07-15 04:04:00,2.889,2.8895,2.889,2.889,2.894,2.8945,2.894,2.894,3
2026-07-15 04:05:00,2.8885,2.889,2.886,2.886,2.8935,2.894,2.891,2.891,6
2026-07-15 04:06:00,2.8865,2.8865,2.886,2.886,2.8915,2.8915,2.891,2.891,4
2026-07-15 04:07:00,2.8865,2.8865,2.8865,2.8865,2.8915,2.8915,2.8915,2.8915,1
2026-07-15 04:08:00,2.886,2.8865,2.886,2.886,2.891,2.8915,2.891,2.891,3
2026-07-15 04:09:00,2.8855,2.886,2.885,2.8855,2.8905,2.891,2.89,2.8905,9
2026-07-15 04:10:00,2.885,2.885,2.883,2.883,2.89,2.89,2.888,2.888,3
2026-07-15 04:12:00,2.884,2.884,2.8825,2.8825,2.889,2.889,2.8875,2.8875,5
2026-07-15 04:13:00,2.882,2.882,2.8815,2.882,2.887,2.887,2.8865,2.887,5
2026-07-15 04:17:00,2.883,2.883,2.883,2.883,2.888,2.888,2.888,2.888,1
2026-07-15 04:18:00,2.8835,2.884,2.883,2.8835,2.8885,2.889,2.888,2.8885,4
2026-07-15 04:20:00,2.884,2.884,2.8835,2.8835,2.889,2.889,2.8885,2.8885,2
2026-07-15 04:21:00,2.884,2.886,2.884,2.8855,2.889,2.891,2.889,2.8905,8
2026-07-15 04:22:00,2.886,2.886,2.8855,2.8855,2.891,2.891,2.8905,2.8905,4
2026-07-15 04:23:00,2.886,2.886,2.8855,2.8855,2.891,2.891,2.8905,2.8905,2
2026-07-15 04:24:00,2.886,2.886,2.886,2.886,2.891,2.891,2.891,2.891,1
2026-07-15 04:25:00,2.887,2.887,2.886,2.887,2.892,2.892,2.891,2.892,7
2026-07-15 04:27:00,2.886,2.886,2.886,2.886,2.891,2.891,2.891,2.891,1
2026-07-15 04:32:00,2.885,2.886,2.885,2.886,2.89,2.891,2.89,2.891,7
2026-07-15 04:33:00,2.887,2.888,2.887,2.887,2.892,2.893,2.892,2.892,4
2026-07-15 04:34:00,2.8875,2.89,2.8875,2.8885,2.8925,2.895,2.8925,2.8935,7
2026-07-15 04:35:00,2.889,2.889,2.888,2.888,2.894,2.894,2.893,2.893,5
2026-07-15 04:40:00,2.8875,2.8875,2.887,2.887,2.8925,2.8925,2.892,2.892,2
2026-07-15 04:47:00,2.888,2.888,2.886,2.887,2.893,2.893,2.891,2.892,5
2026-07-15 04:51:00,2.8865,2.887,2.886,2.887,2.8915,2.892,2.891,2.892,3
2026-07-15 04:54:00,2.886,2.886,2.884,2.884,2.891,2.891,2.889,2.889,5
2026-07-15 04:55:00,2.883,2.883,2.882,2.8825,2.888,2.888,2.887,2.8875,5
2026-07-15 04:56:00,2.882,2.883,2.882,2.882,2.887,2.888,2.887,2.887,4
2026-07-15 04:57:00,2.8815,2.8815,2.881,2.8815,2.8865,2.8865,2.886,2.8865,3
2026-07-15 04:58:00,2.882,2.882,2.882,2.882,2.887,2.887,2.887,2.887,1
2026-07-15 05:00:00,2.8825,2.883,2.882,2.882,2.8875,2.888,2.887,2.887,16
2026-07-15 05:02:00,2.8825,2.8855,2.8825,2.883,2.8875,2.8905,2.8875,2.888,14
2026-07-15 05:03:00,2.8825,2.8825,2.882,2.882,2.8875,2.8875,2.887,2.887,4
2026-07-15 05:05:00,2.8815,2.8815,2.8815,2.8815,2.8865,2.8865,2.8865,2.8865,1
2026-07-15 05:06:00,2.882,2.882,2.882,2.882,2.887,2.887,2.887,2.887,1
2026-07-15 05:12:00,2.883,2.883,2.882,2.882,2.888,2.888,2.887,2.887,2
2026-07-15 05:13:00,2.8825,2.8825,2.882,2.882,2.8875,2.8875,2.887,2.887,2
2026-07-15 05:16:00,2.8815,2.8815,2.88,2.881,2.8865,2.8865,2.885,2.886,13
2026-07-15 05:18:00,2.8815,2.882,2.881,2.882,2.8865,2.887,2.886,2.887,4
2026-07-15 05:26:00,2.8815,2.882,2.881,2.8815,2.8865,2.887,2.886,2.8865,6
2026-07-15 05:27:00,2.882,2.882,2.8775,2.879,2.887,2.887,2.8825,2.884,20
2026-07-15 05:28:00,2.88,2.882,2.8795,2.881,2.885,2.887,2.8845,2.886,9
2026-07-15 05:29:00,2.882,2.882,2.882,2.882,2.887,2.887,2.887,2.887,1
2026-07-15 05:30:00,2.881,2.881,2.878,2.88,2.886,2.886,2.883,2.885,38
2026-07-15 05:31:00,2.8805,2.881,2.8785,2.88,2.8855,2.886,2.8835,2.885,19
2026-07-15 05:32:00,2.879,2.8845,2.879,2.883,2.884,2.8895,2.884,2.888,12
2026-07-15 05:33:00,2.8825,2.883,2.882,2.883,2.8875,2.888,2.887,2.888,7
2026-07-15 05:37:00,2.884,2.884,2.883,2.883,2.889,2.889,2.888,2.888,11
2026-07-15 05:39:00,2.882,2.885,2.882,2.884,2.887,2.89,2.887,2.889,6
2026-07-15 05:42:00,2.883,2.884,2.883,2.884,2.888,2.889,2.888,2.889,3
2026-07-15 05:43:00,2.883,2.883,2.882,2.882,2.888,2.888,2.887,2.887,2
2026-07-15 05:44:00,2.883,2.883,2.883,2.883,2.888,2.888,2.888,2.888,1
2026-07-15 05:45:00,2.882,2.883,2.882,2.883,2.887,2.888,2.887,2.888,3
2026-07-15 05:47:00,2.882,2.882,2.882,2.882,2.887,2.887,2.887,2.887,1
2026-07-15 05:48:00,2.883,2.883,2.881,2.882,2.888,2.888,2.886,2.887,6
2026-07-15 05:49:00,2.881,2.882,2.88,2.881,2.886,2.887,2.885,2.886,14
2026-07-15 05:50:00,2.8805,2.881,2.8805,2.881,2.8855,2.886,2.8855,2.886,10
2026-07-15 05:51:00,2.88,2.881,2.88,2.8805,2.885,2.886,2.885,2.8855,3
2026-07-15 05:52:00,2.881,2.881,2.8805,2.881,2.886,2.886,2.8855,2.886,5
2026-07-15 05:53:00,2.8815,2.884,2.881,2.884,2.8865,2.889,2.886,2.889,10
2026-07-15 05:54:00,2.883,2.883,2.883,2.883,2.888,2.888,2.888,2.888,1
2026-07-15 05:55:00,2.882,2.884,2.882,2.884,2.887,2.889,2.887,2.889,3
2026-07-15 05:57:00,2.885,2.885,2.883,2.883,2.89,2.89,2.888,2.888,7
2026-07-15 05:59:00,2.8835,2.884,2.883,2.8835,2.8885,2.889,2.888,2.8885,8
2026-07-15 06:00:00,2.884,2.884,2.883,2.884,2.889,2.889,2.888,2.889,9
2026-07-15 06:01:00,2.8835,2.885,2.8835,2.884,2.8885,2.89,2.8885,2.889,8
2026-07-15 06:02:00,2.8845,2.885,2.884,2.885,2.8895,2.89,2.889,2.89,3
2026-07-15 06:03:00,2.8845,2.885,2.884,2.885,2.8895,2.89,2.889,2.89,24
2026-07-15 06:04:00,2.8845,2.885,2.884,2.885,2.8895,2.89,2.889,2.89,8
2026-07-15 06:05:00,2.8855,2.8855,2.885,2.885,2.8905,2.8905,2.89,2.89,2
2026-07-15 06:07:00,2.8855,2.8855,2.885,2.885,2.8905,2.8905,2.89,2.89,2
2026-07-15 06:08:00,2.8855,2.8855,2.885,2.885,2.8905,2.8905,2.89,2.89,2
2026-07-15 06:09:00,2.884,2.884,2.884,2.884,2.889,2.889,2.889,2.889,1
2026-07-15 06:13:00,2.8845,2.8845,2.884,2.884,2.8895,2.8895,2.889,2.889,2
2026-07-15 06:14:00,2.883,2.8835,2.882,2.883,2.888,2.8885,2.887,2.888,13
2026-07-15 06:16:00,2.882,2.883,2.882,2.882,2.887,2.888,2.887,2.887,12
2026-07-15 06:17:00,2.8825,2.8825,2.881,2.882,2.8875,2.8875,2.886,2.887,9
2026-07-15 06:18:00,2.881,2.883,2.881,2.883,2.886,2.888,2.886,2.888,5
2026-07-15 06:19:00,2.882,2.882,2.881,2.882,2.887,2.887,2.886,2.887,13
2026-07-15 06:21:00,2.883,2.883,2.883,2.883,2.888,2.888,2.888,2.888,1
2026-07-15 06:22:00,2.884,2.886,2.884,2.886,2.889,2.891,2.889,2.891,3
2026-07-15 06:23:00,2.885,2.886,2.885,2.886,2.89,2.891,2.89,2.891,9
2026-07-15 06:24:00,2.8855,2.8855,2.885,2.885,2.8905,2.8905,2.89,2.89,2
2026-07-15 06:25:00,2.8855,2.8855,2.885,2.885,2.8905,2.8905,2.89,2.89,2
2026-07-15 06:26:00,2.884,2.8845,2.883,2.883,2.889,2.8895,2.888,2.888,4
2026-07-15 06:27:00,2.884,2.885,2.884,2.885,2.889,2.89,2.889,2.89,5
2026-07-15 06:28:00,2.8855,2.8855,2.885,2.885,2.8905,2.8905,2.89,2.89,4
2026-07-15 06:29:00,2.884,2.885,2.884,2.885,2.889,2.89,2.889,2.89,2
2026-07-15 06:31:00,2.886,2.886,2.885,2.886,2.891,2.891,2.89,2.891,8
2026-07-15 06:32:00,2.887,2.8875,2.887,2.887,2.892,2.8925,2.892,2.892,3
2026-07-15 06:33:00,2.886,2.887,2.886,2.886,2.891,2.892,2.891,2.891,6
2026-07-15 06:34:00,2.8865,2.887,2.8865,2.887,2.8915,2.892,2.8915,2.892,2
2026-07-15 06:36:00,2.8875,2.889,2.8875,2.889,2.8925,2.894,2.8925,2.894,4
2026-07-15 06:37:00,2.888,2.888,2.887,2.888,2.893,2.893,2.892,2.893,7
2026-07-15 06:38:00,2.889,2.896,2.889,2.894,2.894,2.901,2.894,2.899,15
2026-07-15 06:39:00,2.893,2.894,2.893,2.894,2.898,2.899,2.898,2.899,6
2026-07-15 06:41:00,2.8935,2.894,2.893,2.894,2.8985,2.899,2.898,2.899,3
2026-07-15 06:42:00,2.895,2.895,2.8935,2.894,2.9,2.9,2.8985,2.899,11
2026-07-15 06:43:00,2.8945,2.895,2.8945,2.895,2.8995,2.9,2.8995,2.9,2
2026-07-15 06:45:00,2.894,2.894,2.889,2.889,2.899,2.899,2.894,2.894,13
2026-07-15 06:46:00,2.8885,2.889,2.887,2.887,2.8935,2.894,2.892,2.892,5
2026-07-15 06:47:00,2.888,2.889,2.8875,2.888,2.893,2.894,2.8925,2.893,5
2026-07-15 06:48:00,2.889,2.889,2.889,2.889,2.894,2.894,2.894,2.894,1
2026-07-15 06:49:00,2.888,2.889,2.888,2.889,2.893,2.894,2.893,2.894,3
2026-07-15 06:50:00,2.8895,2.89,2.889,2.89,2.8945,2.895,2.894,2.895,3
2026-07-15 06:51:00,2.8905,2.8905,2.89,2.89,2.8955,2.8955,2.895,2.895,2
2026-07-15 06:55:00,2.889,2.889,2.889,2.889,2.894,2.894,2.894,2.894,1
2026-07-15 06:57:00,2.8895,2.89,2.889,2.89,2.8945,2.895,2.894,2.895,7
2026-07-15 07:00:00,2.891,2.8915,2.891,2.891,2.896,2.8965,2.896,2.896,3
2026-07-15 07:01:00,2.892,2.892,2.891,2.891,2.897,2.897,2.896,2.896,4
2026-07-15 07:02:00,2.8915,2.893,2.891,2.893,2.8965,2.898,2.896,2.898,5
2026-07-15 07:03:00,2.8935,2.894,2.893,2.893,2.8985,2.899,2.898,2.898,4
2026-07-15 07:04:00,2.892,2.892,2.8875,2.888,2.897,2.897,2.8925,2.893,20
2026-07-15 07:05:00,2.887,2.8885,2.887,2.888,2.892,2.8935,2.892,2.893,5
2026-07-15 07:06:00,2.8885,2.889,2.888,2.888,2.8935,2.894,2.893,2.893,6
2026-07-15 07:07:00,2.887,2.887,2.887,2.887,2.892,2.892,2.892,2.892,1
2026-07-15 07:08:00,2.8875,2.888,2.8875,2.888,2.8925,2.893,2.8925,2.893,2
2026-07-15 07:10:00,2.889,2.889,2.888,2.888,2.894,2.894,2.893,2.893,3
2026-07-15 07:11:00,2.8885,2.889,2.8885,2.889,2.8935,2.894,2.8935,2.894,2
2026-07-15 07:14:00,2.888,2.889,2.888,2.888,2.893,2.894,2.893,2.893,6
2026-07-15 07:15:00,2.889,2.889,2.889,2.889,2.894,2.894,2.894,2.894,1
2026-07-15 07:16:00,2.8895,2.8895,2.889,2.889,2.8945,2.8945,2.894,2.894,2
2026-07-15 07:17:00,2.8895,2.89,2.889,2.89,2.8945,2.895,2.894,2.895,5
2026-07-15 07:18:00,2.8905,2.891,2.89,2.89,2.8955,2.896,2.895,2.895,5
2026-07-15 07:19:00,2.891,2.8915,2.89,2.89,2.896,2.8965,2.895,2.895,4
2026-07-15 07:20:00,2.891,2.891,2.891,2.891,2.896,2.896,2.896,2.896,1
2026-07-15 07:26:00,2.8915,2.892,2.891,2.892,2.8965,2.897,2.896,2.897,7
2026-07-15 07:29:00,2.8925,2.893,2.8925,2.893,2.8975,2.898,2.8975,2.898,2
2026-07-15 07:30:00,2.892,2.893,2.889,2.889,2.897,2.898,2.894,2.894,19
2026-07-15 07:31:00,2.8895,2.8915,2.889,2.8915,2.8945,2.8965,2.894,2.8965,5
2026-07-15 07:32:00,2.891,2.891,2.891,2.891,2.896,2.896,2.896,2.896,1
2026-07-15 07:33:00,2.8915,2.8915,2.891,2.891,2.8965,2.8965,2.896,2.896,2
2026-07-15 07:34:00,2.8915,2.8915,2.8915,2.8915,2.8965,2.8965,2.8965,2.8965,1
2026-07-15 07:35:00,2.891,2.8925,2.891,2.892,2.896,2.8975,2.896,2.897,7
2026-07-15 07:36:00,2.891,2.892,2.891,2.892,2.896,2.897,2.896,2.897,2
2026-07-15 07:37:00,2.891,2.892,2.891,2.892,2.896,2.897,2.896,2.897,7
2026-07-15 07:38:00,2.893,2.894,2.892,2.894,2.898,2.899,2.897,2.899,8
2026-07-15 07:39:00,2.893,2.893,2.892,2.8925,2.898,2.898,2.897,2.8975,4
2026-07-15 07:40:00,2.892,2.893,2.892,2.893,2.897,2.898,2.897,2.898,3
2026-07-15 07:42:00,2.8925,2.893,2.8925,2.8925,2.8975,2.898,2.8975,2.8975,3
2026-07-15 07:43:00,2.893,2.893,2.893,2.893,2.898,2.898,2.898,2.898,1
2026-07-15 07:46:00,2.8935,2.8945,2.8935,2.894,2.8985,2.8995,2.8985,2.899,4
2026-07-15 07:47:00,2.895,2.896,2.895,2.895,2.9,2.901,2.9,2.9,3
2026-07-15 07:48:00,2.894,2.895,2.8935,2.8935,2.899,2.9,2.8985,2.8985,6
2026-07-15 07:49:00,2.894,2.894,2.893,2.893,2.899,2.899,2.898,2.898,3
2026-07-15 07:50:00,2.8935,2.8935,2.893,2.893,2.8985,2.8985,2.898,2.898,2
2026-07-15 07:51:00,2.894,2.894,2.894,2.894,2.899,2.899,2.899,2.899,1
2026-07-15 07:52:00,2.893,2.893,2.879,2.882,2.898,2.898,2.884,2.887,60
2026-07-15 07:53:00,2.8825,2.885,2.875,2.8795,2.8875,2.89,2.88,2.8845,40
2026-07-15 07:54:00,2.879,2.879,2.878,2.879,2.884,2.884,2.883,2.884,8
2026-07-15 07:55:00,2.88,2.88,2.878,2.878,2.885,2.885,2.883,2.883,4
2026-07-15 07:56:00,2.877,2.886,2.877,2.884,2.882,2.891,2.882,2.889,46
2026-07-15 07:57:00,2.8845,2.89,2.879,2.8835,2.8895,2.895,2.884,2.8885,57
2026-07-15 07:58:00,2.883,2.883,2.88,2.88,2.888,2.888,2.885,2.885,17
2026-07-15 07:59:00,2.8805,2.881,2.8805,2.881,2.8855,2.886,2.8855,2.886,2
2026-07-15 08:00:00,2.8805,2.8805,2.8805,2.8805,2.8855,2.8855,2.8855,2.8855,1
2026-07-15 08:01:00,2.8815,2.882,2.877,2.8815,2.8865,2.887,2.882,2.8865,17
2026-07-15 08:02:00,2.882,2.883,2.881,2.882,2.887,2.888,2.886,2.887,15
2026-07-15 08:03:00,2.8815,2.882,2.881,2.882,2.8865,2.887,2.886,2.887,5
2026-07-15 08:04:00,2.8825,2.8825,2.878,2.8795,2.8875,2.8875,2.883,2.8845,7
2026-07-15 08:05:00,2.8805,2.883,2.8805,2.883,2.8855,2.888,2.8855,2.888,3
2026-07-15 08:06:00,2.884,2.885,2.881,2.882,2.889,2.89,2.886,2.887,12
2026-07-15 08:07:00,2.883,2.884,2.8825,2.883,2.888,2.889,2.8875,2.888,7
2026-07-15 08:08:00,2.8835,2.8845,2.8835,2.8845,2.8885,2.8895,2.8885,2.8895,3
2026-07-15 08:09:00,2.884,2.884,2.88,2.8815,2.889,2.889,2.885,2.8865,13
2026-07-15 08:10:00,2.881,2.8815,2.881,2.8815,2.886,2.8865,2.886,2.8865,2
2026-07-15 08:11:00,2.882,2.8825,2.882,2.8825,2.887,2.8875,2.887,2.8875,2
2026-07-15 08:12:00,2.882,2.882,2.882,2.882,2.887,2.887,2.887,2.887,1
2026-07-15 08:13:00,2.883,2.883,2.881,2.8815,2.888,2.888,2.886,2.8865,7
2026-07-15 08:14:00,2.881,2.882,2.881,2.8815,2.886,2.887,2.886,2.8865,5
2026-07-15 08:15:00,2.881,2.881,2.881,2.881,2.886,2.886,2.886,2.886,1
2026-07-15 08:16:00,2.882,2.883,2.8815,2.8815,2.887,2.888,2.8865,2.8865,5
2026-07-15 08:17:00,2.881,2.882,2.881,2.881,2.886,2.887,2.886,2.886,4
2026-07-15 08:18:00,2.8805,2.8815,2.8805,2.881,2.8855,2.8865,2.8855,2.886,4
2026-07-15 08:19:00,2.88,2.881,2.88,2.88,2.885,2.886,2.885,2.885,4
2026-07-15 08:20:00,2.8805,2.8815,2.879,2.8795,2.8855,2.8865,2.884,2.8845,11
2026-07-15 08:21:00,2.88,2.88,2.8795,2.8795,2.885,2.885,2.8845,2.8845,2
2026-07-15 08:22:00,2.879,2.88,2.879,2.8795,2.884,2.885,2.884,2.8845,6
2026-07-15 08:23:00,2.88,2.88,2.88,2.88,2.885,2.885,2.885,2.885,1
2026-07-15 08:24:00,2.8795,2.88,2.8795,2.88,2.8845,2.885,2.8845,2.885,2
2026-07-15 08:25:00,2.8805,2.881,2.88,2.88,2.8855,2.886,2.885,2.885,8
2026-07-15 08:26:00,2.881,2.881,2.8805,2.881,2.886,2.886,2.8855,2.886,3
2026-07-15 08:27:00,2.8805,2.8805,2.88,2.88,2.8855,2.8855,2.885,2.885,2
2026-07-15 08:28:00,2.8805,2.8805,2.8805,2.8805,2.8855,2.8855,2.8855,2.8855,1
2026-07-15 08:29:00,2.88,2.88,2.88,2.88,2.885,2.885,2.885,2.885,1
2026-07-15 08:31:00,2.881,2.881,2.881,2.881,2.886,2.886,2.886,2.886,1
2026-07-15 08:32:00,2.88,2.881,2.88,2.8805,2.885,2.886,2.885,2.8855,3
2026-07-15 08:33:00,2.88,2.88,2.88,2.88,2.885,2.885,2.885,2.885,1
2026-07-15 08:34:00,2.881,2.884,2.881,2.884,2.886,2.889,2.886,2.889,5
2026-07-15 08:35:00,2.885,2.887,2.884,2.8865,2.89,2.892,2.889,2.8915,9
2026-07-15 08:36:00,2.886,2.888,2.883,2.883,2.891,2.893,2.888,2.888,14
2026-07-15 08:37:00,2.882,2.883,2.882,2.882,2.887,2.888,2.887,2.887,4
2026-07-15 08:39:00,2.881,2.882,2.88,2.8815,2.886,2.887,2.885,2.8865,11
2026-07-15 08:40:00,2.881,2.8815,2.88,2.88,2.886,2.8865,2.885,2.885,6
2026-07-15 08:42:00,2.879,2.879,2.8765,2.877,2.884,2.884,2.8815,2.882,7
2026-07-15 08:43:00,2.878,2.878,2.8775,2.8775,2.883,2.883,2.8825,2.8825,2
2026-07-15 08:44:00,2.877,2.877,2.876,2.876,2.882,2.882,2.881,2.881,4
2026-07-15 08:45:00,2.877,2.877,2.876,2.876,2.882,2.882,2.881,2.881,2
2026-07-15 08:46:00,2.8755,2.876,2.875,2.875,2.8805,2.881,2.88,2.88,5
2026-07-15 08:47:00,2.874,2.875,2.874,2.875,2.879,2.88,2.879,2.88,4
2026-07-15 08:48:00,2.876,2.877,2.875,2.8765,2.881,2.882,2.88,2.8815,25
2026-07-15 08:50:00,2.877,2.8785,2.877,2.878,2.882,2.8835,2.882,2.883,12
2026-07-15 08:51:00,2.8785,2.8785,2.878,2.878,2.8835,2.8835,2.883,2.883,4
2026-07-15 08:53:00,2.877,2.878,2.877,2.878,2.882,2.883,2.882,2.883,2
2026-07-15 08:54:00,2.8785,2.88,2.878,2.879,2.8835,2.885,2.883,2.884,11
2026-07-15 08:55:00,2.88,2.88,2.88,2.88,2.885,2.885,2.885,2.885,1
2026-07-15 08:56:00,2.881,2.881,2.8805,2.881,2.886,2.886,2.8855,2.886,9
2026-07-15 08:58:00,2.8805,2.881,2.88,2.881,2.8855,2.886,2.885,2.886,4
2026-07-15 08:59:00,2.8805,2.882,2.88,2.882,2.8855,2.887,2.885,2.887,6
2026-07-15 09:00:00,2.881,2.883,2.878,2.8815,2.886,2.888,2.883,2.8865,38
2026-07-15 09:01:00,2.882,2.8845,2.88,2.881,2.887,2.8895,2.885,2.886,16
2026-07-15 09:02:00,2.882,2.882,2.88,2.88,2.887,2.887,2.885,2.885,5
2026-07-15 09:03:00,2.8805,2.8825,2.88,2.8825,2.8855,2.8875,2.885,2.8875,5
2026-07-15 09:04:00,2.883,2.884,2.883,2.883,2.888,2.889,2.888,2.888,5
2026-07-15 09:05:00,2.8825,2.8825,2.8815,2.882,2.8875,2.8875,2.8865,2.887,4
2026-07-15 09:06:00,2.883,2.883,2.882,2.883,2.888,2.888,2.887,2.888,3
2026-07-15 09:07:00,2.8825,2.8825,2.881,2.8815,2.8875,2.8875,2.886,2.8865,11
2026-07-15 09:08:00,2.881,2.881,2.8785,2.8785,2.886,2.886,2.8835,2.8835,6
2026-07-15 09:09:00,2.878,2.878,2.877,2.878,2.883,2.883,2.882,2.883,3
2026-07-15 09:10:00,2.8785,2.88,2.878,2.878,2.8835,2.885,2.883,2.883,10
2026-07-15 09:11:00,2.8775,2.878,2.877,2.878,2.8825,2.883,2.882,2.883,3
2026-07-15 09:12:00,2.877,2.878,2.877,2.877,2.882,2.883,2.882,2.882,5
2026-07-15 09:13:00,2.8765,2.8765,2.875,2.876,2.8815,2.8815,2.88,2.881,5
2026-07-15 09:14:00,2.877,2.878,2.877,2.877,2.882,2.883,2.882,2.882,4
2026-07-15 09:15:00,2.8775,2.8775,2.877,2.877,2.8825,2.8825,2.882,2.882,2
2026-07-15 09:16:00,2.878,2.878,2.876,2.8765,2.883,2.883,2.881,2.8815,9
2026-07-15 09:17:00,2.877,2.8785,2.876,2.878,2.882,2.8835,2.881,2.883,14
2026-07-15 09:19:00,2.877,2.8775,2.875,2.876,2.882,2.8825,2.88,2.881,7
2026-07-15 09:20:00,2.875,2.877,2.875,2.876,2.88,2.882,2.88,2.881,16
2026-07-15 09:21:00,2.875,2.878,2.875,2.878,2.88,2.883,2.88,2.883,5
2026-07-15 09:22:00,2.879,2.879,2.878,2.878,2.884,2.884,2.883,2.883,2
2026-07-15 09:23:00,2.8775,2.878,2.876,2.878,2.8825,2.883,2.881,2.883,14
2026-07-15 09:24:00,2.8775,2.8775,2.875,2.8765,2.8825,2.8825,2.88,2.8815,14
2026-07-15 09:25:00,2.877,2.877,2.876,2.877,2.882,2.882,2.881,2.882,5
2026-07-15 09:26:00,2.876,2.877,2.876,2.877,2.881,2.882,2.881,2.882,5
2026-07-15 09:27:00,2.8775,2.878,2.877,2.877,2.8825,2.883,2.882,2.882,3
2026-07-15 09:28:00,2.876,2.877,2.876,2.876,2.881,2.882,2.881,2.881,8
2026-07-15 09:30:00,2.875,2.877,2.875,2.877,2.88,2.882,2.88,2.882,5
2026-07-15 09:31:00,2.878,2.879,2.878,2.879,2.883,2.884,2.883,2.884,2
2026-07-15 09:32:00,2.878,2.88,2.878,2.88,2.883,2.885,2.883,2.885,11
2026-07-15 09:33:00,2.881,2.882,2.88,2.881,2.886,2.887,2.885,2.886,12
2026-07-15 09:34:00,2.88,2.881,2.88,2.881,2.885,2.886,2.885,2.886,11
2026-07-15 09:35:00,2.8805,2.881,2.879,2.8805,2.8855,2.886,2.884,2.8855,7
2026-07-15 09:36:00,2.88,2.883,2.88,2.883,2.885,2.888,2.885,2.888,7
2026-07-15 09:37:00,2.882,2.882,2.8795,2.88,2.887,2.887,2.8845,2.885,7
2026-07-15 09:39:00,2.8795,2.8795,2.8775,2.878,2.8845,2.8845,2.8825,2.883,11
2026-07-15 09:40:00,2.877,2.879,2.877,2.879,2.882,2.884,2.882,2.884,11
2026-07-15 09:42:00,2.878,2.879,2.878,2.879,2.883,2.884,2.883,2.884,2
2026-07-15 09:43:00,2.878,2.8785,2.877,2.878,2.883,2.8835,2.882,2.883,6
2026-07-15 09:44:00,2.8785,2.8785,2.878,2.878,2.8835,2.8835,2.883,2.883,2
2026-07-15 09:45:00,2.8775,2.8775,2.877,2.877,2.8825,2.8825,2.882,2.882,2
2026-07-15 09:46:00,2.8775,2.8795,2.8775,2.879,2.8825,2.8845,2.8825,2.884,5
2026-07-15 09:47:00,2.878,2.879,2.8775,2.879,2.883,2.884,2.8825,2.884,4
2026-07-15 09:48:00,2.878,2.8785,2.878,2.8785,2.883,2.8835,2.883,2.8835,16
2026-07-15 09:49:00,2.878,2.878,2.878,2.878,2.883,2.883,2.883,2.883,1
2026-07-15 09:51:00,2.879,2.879,2.876,2.878,2.884,2.884,2.881,2.883,32
2026-07-15 09:52:00,2.8775,2.8775,2.877,2.877,2.8825,2.8825,2.882,2.882,2
2026-07-15 09:53:00,2.878,2.878,2.876,2.876,2.883,2.883,2.881,2.881,3
2026-07-15 09:54:00,2.8765,2.877,2.8765,2.877,2.8815,2.882,2.8815,2.882,2
2026-07-15 09:55:00,2.8765,2.877,2.876,2.8765,2.8815,2.882,2.881,2.8815,6
2026-07-15 09:56:00,2.876,2.877,2.876,2.876,2.881,2.882,2.881,2.881,3
2026-07-15 09:57:00,2.875,2.876,2.874,2.876,2.88,2.881,2.879,2.881,16
2026-07-15 09:58:00,2.877,2.877,2.877,2.877,2.882,2.882,2.882,2.882,1
2026-07-15 09:59:00,2.876,2.8765,2.874,2.876,2.881,2.8815,2.879,2.881,18
2026-07-15 10:00:00,2.877,2.88,2.875,2.879,2.882,2.885,2.88,2.884,25
2026-07-15 10:01:00,2.88,2.88,2.876,2.876,2.885,2.885,2.881,2.881,10
2026-07-15 10:02:00,2.8765,2.877,2.875,2.876,2.8815,2.882,2.88,2.881,10
2026-07-15 10:04:00,2.877,2.878,2.876,2.876,2.882,2.883,2.881,2.881,8
2026-07-15 10:05:00,2.877,2.877,2.876,2.876,2.882,2.882,2.881,2.881,4
2026-07-15 10:06:00,2.877,2.881,2.877,2.8785,2.882,2.886,2.882,2.8835,22
2026-07-15 10:07:00,2.879,2.879,2.878,2.878,2.884,2.884,2.883,2.883,10
2026-07-15 10:08:00,2.879,2.879,2.877,2.877,2.884,2.884,2.882,2.882,4
2026-07-15 10:09:00,2.876,2.877,2.876,2.876,2.881,2.882,2.881,2.881,3
2026-07-15 10:10:00,2.877,2.878,2.876,2.877,2.882,2.883,2.881,2.882,7
2026-07-15 10:11:00,2.878,2.88,2.877,2.8795,2.883,2.885,2.882,2.8845,14
2026-07-15 10:12:00,2.879,2.879,2.8775,2.878,2.884,2.884,2.8825,2.883,9
2026-07-15 10:13:00,2.8775,2.878,2.8765,2.878,2.8825,2.883,2.8815,2.883,7
2026-07-15 10:14:00,2.8775,2.878,2.877,2.878,2.8825,2.883,2.882,2.883,4
2026-07-15 10:15:00,2.877,2.877,2.875,2.875,2.882,2.882,2.88,2.88,12
2026-07-15 10:16:00,2.874,2.877,2.872,2.876,2.879,2.882,2.877,2.881,24
2026-07-15 10:17:00,2.877,2.877,2.876,2.876,2.882,2.882,2.881,2.881,2
2026-07-15 10:18:00,2.8765,2.878,2.876,2.878,2.8815,2.883,2.881,2.883,4
2026-07-15 10:19:00,2.877,2.877,2.877,2.877,2.882,2.882,2.882,2.882,1
2026-07-15 10:21:00,2.878,2.879,2.877,2.878,2.883,2.884,2.882,2.883,7
2026-07-15 10:22:00,2.8785,2.879,2.878,2.878,2.8835,2.884,2.883,2.883,18
2026-07-15 10:23:00,2.8785,2.8785,2.878,2.878,2.8835,2.8835,2.883,2.883,4
2026-07-15 10:24:00,2.8775,2.879,2.8775,2.879,2.8825,2.884,2.8825,2.884,5
2026-07-15 10:25:00,2.878,2.879,2.878,2.878,2.883,2.884,2.883,2.883,4
2026-07-15 10:26:00,2.877,2.8775,2.876,2.876,2.882,2.8825,2.881,2.881,11
2026-07-15 10:27:00,2.875,2.8755,2.874,2.874,2.88,2.8805,2.879,2.879,4
2026-07-15 10:28:00,2.8745,2.8745,2.87,2.871,2.8795,2.8795,2.875,2.876,29
2026-07-15 10:29:00,2.8705,2.8705,2.867,2.868,2.8755,2.8755,2.872,2.873,19
2026-07-15 10:30:00,2.869,2.872,2.867,2.872,2.874,2.877,2.872,2.877,25
2026-07-15 10:31:00,2.8715,2.873,2.8705,2.873,2.8765,2.878,2.8755,2.878,17
2026-07-15 10:32:00,2.8725,2.873,2.872,2.873,2.8775,2.878,2.877,2.878,5
2026-07-15 10:33:00,2.872,2.873,2.872,2.873,2.877,2.878,2.877,2.878,3
2026-07-15 10:34:00,2.874,2.8755,2.874,2.875,2.879,2.8805,2.879,2.88,4
2026-07-15 10:35:00,2.874,2.875,2.8735,2.874,2.879,2.88,2.8785,2.879,9
2026-07-15 10:36:00,2.873,2.874,2.873,2.874,2.878,2.879,2.878,2.879,5
2026-07-15 10:37:00,2.8735,2.874,2.8735,2.8735,2.8785,2.879,2.8785,2.8785,7
2026-07-15 10:38:00,2.874,2.874,2.874,2.874,2.879,2.879,2.879,2.879,1
2026-07-15 10:39:00,2.8735,2.875,2.8735,2.875,2.8785,2.88,2.8785,2.88,8
2026-07-15 10:40:00,2.8745,2.877,2.8745,2.877,2.8795,2.882,2.8795,2.882,14
2026-07-15 10:41:00,2.8765,2.8765,2.874,2.875,2.8815,2.8815,2.879,2.88,10
2026-07-15 10:42:00,2.876,2.877,2.876,2.876,2.881,2.882,2.881,2.881,9
2026-07-15 10:43:00,2.8765,2.877,2.876,2.877,2.8815,2.882,2.881,2.882,18
2026-07-15 10:44:00,2.876,2.877,2.8755,2.877,2.881,2.882,2.8805,2.882,7
2026-07-15 10:45:00,2.8775,2.878,2.873,2.875,2.8825,2.883,2.878,2.88,22
2026-07-15 10:46:00,2.8745,2.877,2.874,2.877,2.8795,2.882,2.879,2.882,14
2026-07-15 10:47:00,2.8765,2.877,2.8755,2.876,2.8815,2.882,2.8805,2.881,10
2026-07-15 10:48:00,2.8755,2.877,2.8755,2.876,2.8805,2.882,2.8805,2.881,10
2026-07-15 10:49:00,2.877,2.877,2.8765,2.877,2.882,2.882,2.8815,2.882,7
2026-07-15 10:50:00,2.876,2.876,2.8755,2.876,2.881,2.881,2.8805,2.881,5
2026-07-15 10:51:00,2.877,2.877,2.876,2.876,2.882,2.882,2.881,2.881,5
2026-07-15 10:52:00,2.877,2.881,2.877,2.88,2.882,2.886,2.882,2.885,16
2026-07-15 10:53:00,2.881,2.882,2.879,2.8795,2.886,2.887,2.884,2.8845,9
2026-07-15 10:54:00,2.879,2.88,2.879,2.88,2.884,2.885,2.884,2.885,6
2026-07-15 10:55:00,2.8795,2.8795,2.879,2.879,2.8845,2.8845,2.884,2.884,2
2026-07-15 10:56:00,2.88,2.881,2.8795,2.881,2.885,2.886,2.8845,2.886,8
2026-07-15 10:57:00,2.882,2.882,2.882,2.882,2.887,2.887,2.887,2.887,1
2026-07-15 10:58:00,2.8815,2.8815,2.881,2.881,2.8865,2.8865,2.886,2.886,2
2026-07-15 10:59:00,2.8805,2.8805,2.8795,2.8795,2.8855,2.8855,2.8845,2.8845,7
2026-07-15 11:00:00,2.88,2.8825,2.8795,2.8825,2.885,2.8875,2.8845,2.8875,8
2026-07-15 11:01:00,2.883,2.883,2.8815,2.883,2.888,2.888,2.8865,2.888,13
2026-07-15 11:02:00,2.882,2.884,2.882,2.884,2.887,2.889,2.887,2.889,14
2026-07-15 11:03:00,2.885,2.885,2.883,2.8835,2.89,2.89,2.888,2.8885,5
2026-07-15 11:04:00,2.883,2.885,2.883,2.884,2.888,2.89,2.888,2.889,16
2026-07-15 11:06:00,2.883,2.889,2.883,2.889,2.888,2.894,2.888,2.894,17
2026-07-15 11:07:00,2.8885,2.889,2.888,2.888,2.8935,2.894,2.893,2.893,8
2026-07-15 11:08:00,2.887,2.888,2.886,2.888,2.892,2.893,2.891,2.893,6
2026-07-15 11:09:00,2.8885,2.892,2.8885,2.891,2.8935,2.897,2.8935,2.896,15
2026-07-15 11:10:00,2.892,2.892,2.891,2.891,2.897,2.897,2.896,2.896,8
2026-07-15 11:11:00,2.8915,2.894,2.891,2.893,2.8965,2.899,2.896,2.898,26
2026-07-15 11:12:00,2.894,2.897,2.894,2.895,2.899,2.902,2.899,2.9,18
2026-07-15 11:13:00,2.8955,2.898,2.8955,2.897,2.9005,2.903,2.9005,2.902,13
2026-07-15 11:15:00,2.898,2.9,2.898,2.898,2.903,2.905,2.903,2.903,13
2026-07-15 11:16:00,2.8985,2.899,2.897,2.897,2.9035,2.904,2.902,2.902,10
2026-07-15 11:17:00,2.896,2.898,2.896,2.897,2.901,2.903,2.901,2.902,14
2026-07-15 11:18:00,2.8965,2.8975,2.894,2.895,2.9015,2.9025,2.899,2.9,11
2026-07-15 11:19:00,2.896,2.8985,2.895,2.898,2.901,2.9035,2.9,2.903,10
2026-07-15 11:20:00,2.899,2.902,2.898,2.901,2.904,2.907,2.903,2.906,20
2026-07-15 11:21:00,2.9015,2.907,2.901,2.9065,2.9065,2.912,2.906,2.9115,20
2026-07-15 11:22:00,2.906,2.909,2.904,2.904,2.911,2.914,2.909,2.909,35
2026-07-15 11:23:00,2.9045,2.906,2.902,2.902,2.9095,2.911,2.907,2.907,13
2026-07-15 11:24:00,2.903,2.905,2.9025,2.905,2.908,2.91,2.9075,2.91,11
2026-07-15 11:25:00,2.904,2.907,2.904,2.906,2.909,2.912,2.909,2.911,10
2026-07-15 11:26:00,2.905,2.907,2.902,2.9025,2.91,2.912,2.907,2.9075,20
2026-07-15 11:27:00,2.902,2.9035,2.901,2.903,2.907,2.9085,2.906,2.908,13
2026-07-15 11:28:00,2.904,2.905,2.903,2.903,2.909,2.91,2.908,2.908,11
2026-07-15 11:30:00,2.904,2.904,2.901,2.903,2.909,2.909,2.906,2.908,22
2026-07-15 11:31:00,2.9035,2.905,2.902,2.904,2.9085,2.91,2.907,2.909,15
2026-07-15 11:32:00,2.905,2.906,2.903,2.904,2.91,2.911,2.908,2.909,13
2026-07-15 11:33:00,2.903,2.904,2.903,2.903,2.908,2.909,2.908,2.908,8
2026-07-15 11:34:00,2.902,2.902,2.901,2.901,2.907,2.907,2.906,2.906,10
2026-07-15 11:35:00,2.9,2.9,2.896,2.8985,2.905,2.905,2.901,2.9035,22
2026-07-15 11:36:00,2.899,2.899,2.897,2.898,2.904,2.904,2.902,2.903,7
2026-07-15 11:37:00,2.899,2.899,2.896,2.896,2.904,2.904,2.901,2.901,5
2026-07-15 11:38:00,2.895,2.897,2.895,2.896,2.9,2.902,2.9,2.901,5
2026-07-15 11:39:00,2.897,2.8975,2.895,2.896,2.902,2.9025,2.9,2.901,9
2026-07-15 11:40:00,2.897,2.897,2.895,2.895,2.902,2.902,2.9,2.9,13
2026-07-15 11:41:00,2.894,2.896,2.894,2.896,2.899,2.901,2.899,2.901,8
2026-07-15 11:42:00,2.8965,2.8965,2.895,2.895,2.9015,2.9015,2.9,2.9,3
2026-07-15 11:45:00,2.896,2.896,2.895,2.895,2.901,2.901,2.9,2.9,2
2026-07-15 11:46:00,2.894,2.894,2.892,2.893,2.899,2.899,2.897,2.898,9
2026-07-15 11:47:00,2.894,2.897,2.894,2.896,2.899,2.902,2.899,2.901,14
2026-07-15 11:48:00,2.895,2.896,2.895,2.895,2.9,2.901,2.9,2.9,6
2026-07-15 11:49:00,2.8945,2.8945,2.887,2.887,2.8995,2.8995,2.892,2.892,28
2026-07-15 11:50:00,2.888,2.888,2.887,2.888,2.893,2.893,2.892,2.893,13
2026-07-15 11:51:00,2.8875,2.888,2.8875,2.888,2.8925,2.893,2.8925,2.893,2
2026-07-15 11:52:00,2.889,2.889,2.887,2.888,2.894,2.894,2.892,2.893,5
2026-07-15 11:53:00,2.887,2.89,2.887,2.89,2.892,2.895,2.892,2.895,14
2026-07-15 11:54:00,2.891,2.895,2.89,2.8945,2.896,2.9,2.895,2.8995,11
2026-07-15 11:55:00,2.895,2.895,2.891,2.894,2.9,2.9,2.896,2.899,13
2026-07-15 11:56:00,2.895,2.895,2.894,2.894,2.9,2.9,2.899,2.899,3
2026-07-15 11:58:00,2.895,2.896,2.894,2.894,2.9,2.901,2.899,2.899,4
2026-07-15 11:59:00,2.895,2.895,2.894,2.894,2.9,2.9,2.899,2.899,2
2026-07-15 12:00:00,2.8945,2.896,2.892,2.895,2.8995,2.901,2.897,2.9,14
2026-07-15 12:01:00,2.894,2.895,2.893,2.894,2.899,2.9,2.898,2.899,6
2026-07-15 12:02:00,2.893,2.894,2.893,2.894,2.898,2.899,2.898,2.899,2
2026-07-15 12:03:00,2.893,2.894,2.887,2.888,2.898,2.899,2.892,2.893,44
2026-07-15 12:04:00,2.8885,2.8885,2.888,2.888,2.8935,2.8935,2.893,2.893,2
2026-07-15 12:05:00,2.889,2.89,2.888,2.89,2.894,2.895,2.893,2.895,10
2026-07-15 12:06:00,2.8905,2.892,2.889,2.89,2.8955,2.897,2.894,2.895,15
2026-07-15 12:07:00,2.891,2.891,2.89,2.891,2.896,2.896,2.895,2.896,8
2026-07-15 12:08:00,2.892,2.892,2.891,2.8915,2.897,2.897,2.896,2.8965,9
2026-07-15 12:09:00,2.892,2.894,2.891,2.894,2.897,2.899,2.896,2.899,14
2026-07-15 12:10:00,2.893,2.893,2.8925,2.893,2.898,2.898,2.8975,2.898,3
2026-07-15 12:11:00,2.892,2.893,2.89,2.891,2.897,2.898,2.895,2.896,7
2026-07-15 12:12:00,2.89,2.891,2.89,2.891,2.895,2.896,2.895,2.896,4
2026-07-15 12:13:00,2.892,2.892,2.891,2.892,2.897,2.897,2.896,2.897,4
2026-07-15 12:14:00,2.891,2.891,2.89,2.89,2.896,2.896,2.895,2.895,4
2026-07-15 12:15:00,2.888,2.888,2.888,2.888,2.893,2.893,2.893,2.893,1
2026-07-15 12:16:00,2.8885,2.89,2.8875,2.888,2.8935,2.895,2.8925,2.893,6
2026-07-15 12:17:00,2.887,2.888,2.887,2.888,2.892,2.893,2.892,2.893,3
2026-07-15 12:18:00,2.8885,2.891,2.8885,2.891,2.8935,2.896,2.8935,2.896,7
2026-07-15 12:19:00,2.892,2.899,2.892,2.894,2.897,2.904,2.897,2.899,25
2026-07-15 12:20:00,2.893,2.894,2.891,2.893,2.898,2.899,2.896,2.898,12
2026-07-15 12:21:00,2.8935,2.894,2.893,2.894,2.8985,2.899,2.898,2.899,11
2026-07-15 12:22:00,2.893,2.893,2.893,2.893,2.898,2.898,2.898,2.898,1
2026-07-15 12:23:00,2.8925,2.893,2.888,2.888,2.8975,2.898,2.893,2.893,19
2026-07-15 12:24:00,2.889,2.892,2.8875,2.8895,2.894,2.897,2.8925,2.8945,35
2026-07-15 12:25:00,2.889,2.89,2.887,2.887,2.894,2.895,2.892,2.892,13
2026-07-15 12:26:00,2.886,2.89,2.886,2.888,2.891,2.895,2.891,2.893,9
2026-07-15 12:27:00,2.8885,2.891,2.888,2.888,2.8935,2.896,2.893,2.893,11
2026-07-15 12:28:00,2.889,2.89,2.887,2.89,2.894,2.895,2.892,2.895,10
2026-07-15 12:29:00,2.8905,2.892,2.89,2.891,2.8955,2.897,2.895,2.896,10
2026-07-15 12:30:00,2.8905,2.891,2.889,2.891,2.8955,2.896,2.894,2.896,10
2026-07-15 12:31:00,2.892,2.892,2.8895,2.89,2.897,2.897,2.8945,2.895,5
2026-07-15 12:32:00,2.891,2.891,2.891,2.891,2.896,2.896,2.896,2.896,1
2026-07-15 12:33:00,2.892,2.892,2.891,2.891,2.897,2.897,2.896,2.896,4
2026-07-15 12:34:00,2.892,2.892,2.89,2.891,2.897,2.897,2.895,2.896,7
2026-07-15 12:35:00,2.8905,2.892,2.889,2.889,2.8955,2.897,2.894,2.894,13
2026-07-15 12:36:00,2.89,2.891,2.89,2.89,2.895,2.896,2.895,2.895,5
2026-07-15 12:37:00,2.889,2.8895,2.887,2.887,2.894,2.8945,2.892,2.892,13
2026-07-15 12:38:00,2.888,2.889,2.888,2.888,2.893,2.894,2.893,2.893,3
2026-07-15 12:39:00,2.885,2.886,2.878,2.8805,2.89,2.891,2.883,2.8855,38
2026-07-15 12:40:00,2.88,2.884,2.88,2.881,2.885,2.889,2.885,2.886,20
2026-07-15 12:41:00,2.88,2.8825,2.88,2.882,2.885,2.8875,2.885,2.887,20
2026-07-15 12:42:00,2.8825,2.883,2.8825,2.883,2.8875,2.888,2.8875,2.888,2
2026-07-15 12:43:00,2.884,2.884,2.88,2.881,2.889,2.889,2.885,2.886,8
2026-07-15 12:44:00,2.882,2.882,2.8815,2.882,2.887,2.887,2.8865,2.887,3
2026-07-15 12:45:00,2.883,2.884,2.881,2.881,2.888,2.889,2.886,2.886,9
2026-07-15 12:46:00,2.88,2.885,2.88,2.884,2.885,2.89,2.885,2.889,8
2026-07-15 12:48:00,2.886,2.887,2.882,2.884,2.891,2.892,2.887,2.889,15
2026-07-15 12:49:00,2.885,2.886,2.884,2.884,2.89,2.891,2.889,2.889,14
2026-07-15 12:50:00,2.883,2.884,2.882,2.8825,2.888,2.889,2.887,2.8875,9
2026-07-15 12:51:00,2.883,2.883,2.882,2.882,2.888,2.888,2.887,2.887,7
2026-07-15 12:52:00,2.8815,2.884,2.881,2.883,2.8865,2.889,2.886,2.888,21
2026-07-15 12:53:00,2.884,2.884,2.881,2.882,2.889,2.889,2.886,2.887,10
2026-07-15 12:54:00,2.881,2.882,2.881,2.882,2.886,2.887,2.886,2.887,8
2026-07-15 12:55:00,2.8815,2.882,2.876,2.882,2.8865,2.887,2.881,2.887,31
2026-07-15 12:56:00,2.881,2.881,2.88,2.88,2.886,2.886,2.885,2.885,12
2026-07-15 12:57:00,2.8795,2.881,2.8795,2.881,2.8845,2.886,2.8845,2.886,7
2026-07-15 12:58:00,2.88,2.881,2.878,2.88,2.885,2.886,2.883,2.885,11
2026-07-15 12:59:00,2.881,2.8815,2.879,2.88,2.886,2.8865,2.884,2.885,9
2026-07-15 13:00:00,2.8795,2.8805,2.875,2.8785,2.8845,2.8855,2.88,2.8835,39
2026-07-15 13:01:00,2.879,2.88,2.877,2.878,2.884,2.885,2.882,2.883,19
2026-07-15 13:02:00,2.879,2.879,2.877,2.877,2.884,2.884,2.882,2.882,7
2026-07-15 13:03:00,2.878,2.878,2.872,2.872,2.883,2.883,2.877,2.877,30
2026-07-15 13:04:00,2.873,2.873,2.866,2.87,2.878,2.878,2.871,2.875,64
2026-07-15 13:05:00,2.869,2.871,2.867,2.87,2.874,2.876,2.872,2.875,26
2026-07-15 13:06:00,2.869,2.871,2.868,2.871,2.874,2.876,2.873,2.876,19
2026-07-15 13:07:00,2.8705,2.872,2.867,2.868,2.8755,2.877,2.872,2.873,24
2026-07-15 13:08:00,2.869,2.87,2.868,2.869,2.874,2.875,2.873,2.874,12
2026-07-15 13:09:00,2.868,2.868,2.864,2.865,2.873,2.873,2.869,2.87,23
2026-07-15 13:10:00,2.864,2.866,2.864,2.865,2.869,2.871,2.869,2.87,10
2026-07-15 13:11:00,2.866,2.866,2.866,2.866,2.871,2.871,2.871,2.871,1
2026-07-15 13:12:00,2.865,2.866,2.862,2.864,2.87,2.871,2.867,2.869,16
2026-07-15 13:13:00,2.863,2.863,2.86,2.861,2.868,2.868,2.865,2.866,9
2026-07-15 13:14:00,2.8615,2.862,2.861,2.861,2.8665,2.867,2.866,2.866,3
2026-07-15 13:15:00,2.86,2.862,2.858,2.86,2.865,2.867,2.863,2.865,14
2026-07-15 13:16:00,2.859,2.864,2.859,2.864,2.864,2.869,2.864,2.869,16
2026-07-15 13:17:00,2.863,2.867,2.863,2.867,2.868,2.872,2.868,2.872,21
2026-07-15 13:18:00,2.866,2.868,2.865,2.867,2.871,2.873,2.87,2.872,25
2026-07-15 13:19:00,2.868,2.87,2.868,2.87,2.873,2.875,2.873,2.875,13
2026-07-15 13:20:00,2.871,2.872,2.87,2.87,2.876,2.877,2.875,2.875,5
2026-07-15 13:21:00,2.869,2.871,2.868,2.871,2.874,2.876,2.873,2.876,9
2026-07-15 13:22:00,2.872,2.872,2.869,2.869,2.877,2.877,2.874,2.874,7
2026-07-15 13:23:00,2.8695,2.87,2.866,2.8675,2.8745,2.875,2.871,2.8725,20
2026-07-15 13:24:00,2.868,2.868,2.865,2.866,2.873,2.873,2.87,2.871,10
2026-07-15 13:25:00,2.8665,2.867,2.865,2.865,2.8715,2.872,2.87,2.87,13
2026-07-15 13:26:00,2.8655,2.867,2.864,2.867,2.8705,2.872,2.869,2.872,12
2026-07-15 13:27:00,2.866,2.868,2.866,2.868,2.871,2.873,2.871,2.873,11
2026-07-15 13:28:00,2.869,2.869,2.866,2.868,2.874,2.874,2.871,2.873,16
2026-07-15 13:29:00,2.8685,2.8715,2.868,2.871,2.8735,2.8765,2.873,2.876,27
2026-07-15 13:30:00,2.8705,2.874,2.87,2.873,2.8755,2.879,2.875,2.878,12
2026-07-15 13:31:00,2.874,2.874,2.87,2.871,2.879,2.879,2.875,2.876,16
2026-07-15 13:32:00,2.872,2.872,2.871,2.871,2.877,2.877,2.876,2.876,4
2026-07-15 13:33:00,2.87,2.87,2.867,2.868,2.875,2.875,2.872,2.873,24
2026-07-15 13:34:00,2.869,2.869,2.869,2.869,2.874,2.874,2.874,2.874,1
2026-07-15 13:35:00,2.868,2.869,2.867,2.868,2.873,2.874,2.872,2.873,9
2026-07-15 13:36:00,2.8675,2.868,2.863,2.864,2.8725,2.873,2.868,2.869,23
2026-07-15 13:37:00,2.863,2.867,2.862,2.866,2.868,2.872,2.867,2.871,14
2026-07-15 13:38:00,2.8665,2.867,2.866,2.866,2.8715,2.872,2.871,2.871,3
2026-07-15 13:39:00,2.867,2.868,2.867,2.868,2.872,2.873,2.872,2.873,2
2026-07-15 13:40:00,2.867,2.873,2.867,2.8715,2.872,2.878,2.872,2.8765,21
2026-07-15 13:41:00,2.871,2.872,2.87,2.872,2.876,2.877,2.875,2.877,11
2026-07-15 13:42:00,2.8725,2.874,2.871,2.873,2.8775,2.879,2.876,2.878,11
2026-07-15 13:43:00,2.8725,2.874,2.872,2.873,2.8775,2.879,2.877,2.878,9
2026-07-15 13:44:00,2.872,2.872,2.871,2.872,2.877,2.877,2.876,2.877,3
2026-07-15 13:46:00,2.873,2.881,2.872,2.88,2.878,2.886,2.877,2.885,26
2026-07-15 13:47:00,2.879,2.88,2.876,2.877,2.884,2.885,2.881,2.882,17
2026-07-15 13:48:00,2.878,2.878,2.875,2.877,2.883,2.883,2.88,2.882,28
2026-07-15 13:49:00,2.878,2.879,2.877,2.879,2.883,2.884,2.882,2.884,6
2026-07-15 13:50:00,2.878,2.883,2.877,2.883,2.883,2.888,2.882,2.888,26
2026-07-15 13:51:00,2.882,2.883,2.877,2.8785,2.887,2.888,2.882,2.8835,32
2026-07-15 13:52:00,2.878,2.878,2.875,2.878,2.883,2.883,2.88,2.883,18
2026-07-15 13:53:00,2.879,2.879,2.877,2.878,2.884,2.884,2.882,2.883,4
2026-07-15 13:54:00,2.877,2.877,2.873,2.875,2.882,2.882,2.878,2.88,15
2026-07-15 13:55:00,2.874,2.876,2.874,2.876,2.879,2.881,2.879,2.881,6
2026-07-15 13:56:00,2.875,2.881,2.875,2.8805,2.88,2.886,2.88,2.8855,23
2026-07-15 13:57:00,2.88,2.881,2.879,2.881,2.885,2.886,2.884,2.886,21
2026-07-15 13:58:00,2.8805,2.881,2.877,2.878,2.8855,2.886,2.882,2.883,14
2026-07-15 13:59:00,2.877,2.88,2.876,2.8795,2.882,2.885,2.881,2.8845,17
2026-07-15 14:00:00,2.879,2.89,2.877,2.888,2.884,2.895,2.882,2.893,67
2026-07-15 14:01:00,2.8885,2.893,2.886,2.893,2.8935,2.898,2.891,2.898,25
2026-07-15 14:02:00,2.892,2.895,2.892,2.894,2.897,2.9,2.897,2.899,17
2026-07-15 14:03:00,2.893,2.8935,2.881,2.882,2.898,2.8985,2.886,2.887,63
2026-07-15 14:04:00,2.881,2.883,2.875,2.875,2.886,2.888,2.88,2.88,64
2026-07-15 14:05:00,2.876,2.889,2.8755,2.8875,2.881,2.894,2.8805,2.8925,60
2026-07-15 14:06:00,2.887,2.887,2.873,2.873,2.892,2.892,2.878,2.878,46
2026-07-15 14:07:00,2.872,2.875,2.869,2.875,2.877,2.88,2.874,2.88,35
2026-07-15 14:08:00,2.8755,2.8755,2.86,2.868,2.8805,2.8805,2.865,2.873,56
2026-07-15 14:09:00,2.8685,2.873,2.868,2.87,2.8735,2.878,2.873,2.875,28
2026-07-15 14:10:00,2.869,2.87,2.861,2.861,2.874,2.875,2.866,2.866,69
2026-07-15 14:11:00,2.862,2.865,2.86,2.864,2.867,2.87,2.865,2.869,51
2026-07-15 14:12:00,2.863,2.864,2.856,2.856,2.868,2.869,2.861,2.861,44
2026-07-15 14:13:00,2.8555,2.863,2.854,2.863,2.8605,2.868,2.859,2.868,43
2026-07-15 14:14:00,2.8635,2.866,2.862,2.863,2.8685,2.871,2.867,2.868,24
2026-07-15 14:15:00,2.8615,2.862,2.856,2.857,2.8665,2.867,2.861,2.862,63
2026-07-15 14:16:00,2.8565,2.858,2.8505,2.856,2.8615,2.863,2.8555,2.861,59
2026-07-15 14:17:00,2.855,2.8565,2.852,2.856,2.86,2.8615,2.857,2.861,41
2026-07-15 14:18:00,2.8565,2.862,2.854,2.86,2.8615,2.867,2.859,2.865,60
2026-07-15 14:19:00,2.861,2.862,2.859,2.861,2.866,2.867,2.864,2.866,27
2026-07-15 14:20:00,2.8605,2.862,2.86,2.861,2.8655,2.867,2.865,2.866,18
2026-07-15 14:21:00,2.86,2.861,2.857,2.861,2.865,2.866,2.862,2.866,22
2026-07-15 14:22:00,2.8605,2.861,2.858,2.859,2.8655,2.866,2.863,2.864,28
2026-07-15 14:23:00,2.8595,2.86,2.855,2.858,2.8645,2.865,2.86,2.863,55
2026-07-15 14:24:00,2.859,2.86,2.857,2.857,2.864,2.865,2.862,2.862,18
2026-07-15 14:25:00,2.858,2.861,2.852,2.856,2.863,2.866,2.857,2.861,47
2026-07-15 14:26:00,2.857,2.859,2.853,2.8555,2.862,2.864,2.858,2.8605,32
2026-07-15 14:27:00,2.856,2.859,2.853,2.859,2.861,2.864,2.858,2.864,31
2026-07-15 14:28:00,2.858,2.8685,2.8575,2.868,2.863,2.8735,2.8625,2.873,35
2026-07-15 14:29:00,2.867,2.8675,2.864,2.865,2.872,2.8725,2.869,2.87,20
2026-07-15 14:30:00,2.864,2.8645,2.856,2.862,2.869,2.8695,2.861,2.867,54
2026-07-15 14:31:00,2.863,2.8665,2.863,2.8655,2.868,2.8715,2.868,2.8705,14
2026-07-15 14:32:00,2.865,2.865,2.861,2.8635,2.87,2.87,2.866,2.8685,15
2026-07-15 14:33:00,2.864,2.864,2.8605,2.861,2.869,2.869,2.8655,2.866,8
2026-07-15 14:34:00,2.862,2.862,2.862,2.862,2.867,2.867,2.867,2.867,1
2026-07-15 14:35:00,2.861,2.861,2.858,2.86,2.866,2.866,2.863,2.865,18
2026-07-15 14:36:00,2.861,2.862,2.858,2.86,2.866,2.867,2.863,2.865,20
2026-07-15 14:37:00,2.859,2.861,2.859,2.859,2.864,2.866,2.864,2.864,6
2026-07-15 14:38:00,2.8595,2.861,2.857,2.858,2.8645,2.866,2.862,2.863,35
2026-07-15 14:39:00,2.8585,2.869,2.856,2.8665,2.8635,2.874,2.861,2.8715,67
2026-07-15 14:40:00,2.866,2.867,2.864,2.865,2.871,2.872,2.869,2.87,29
2026-07-15 14:41:00,2.8645,2.865,2.858,2.865,2.8695,2.87,2.863,2.87,29
2026-07-15 14:42:00,2.8645,2.8645,2.86,2.86,2.8695,2.8695,2.865,2.865,29
2026-07-15 14:43:00,2.859,2.8625,2.857,2.862,2.864,2.8675,2.862,2.867,27
2026-07-15 14:44:00,2.861,2.866,2.861,2.865,2.866,2.871,2.866,2.87,26
2026-07-15 14:45:00,2.864,2.8645,2.861,2.8645,2.869,2.8695,2.866,2.8695,19
2026-07-15 14:46:00,2.864,2.87,2.862,2.869,2.869,2.875,2.867,2.874,45
2026-07-15 14:47:00,2.8685,2.8685,2.866,2.8685,2.8735,2.8735,2.871,2.8735,25
2026-07-15 14:48:00,2.868,2.8705,2.863,2.863,2.873,2.8755,2.868,2.868,52
2026-07-15 14:49:00,2.862,2.8645,2.862,2.8625,2.867,2.8695,2.867,2.8675,37
2026-07-15 14:50:00,2.862,2.867,2.862,2.867,2.867,2.872,2.867,2.872,18
2026-07-15 14:51:00,2.866,2.871,2.863,2.865,2.871,2.876,2.868,2.87,58
2026-07-15 14:52:00,2.868,2.871,2.868,2.871,2.873,2.876,2.873,2.876,12
2026-07-15 14:53:00,2.87,2.872,2.869,2.871,2.875,2.877,2.874,2.876,24
2026-07-15 14:54:00,2.8715,2.872,2.865,2.865,2.8765,2.877,2.87,2.87,27
2026-07-15 14:55:00,2.8665,2.868,2.855,2.856,2.8715,2.873,2.86,2.861,66
2026-07-15 14:56:00,2.857,2.86,2.848,2.852,2.862,2.865,2.853,2.857,53
2026-07-15 14:57:00,2.851,2.854,2.847,2.85,2.856,2.859,2.852,2.855,48
2026-07-15 14:58:00,2.8495,2.852,2.8495,2.851,2.8545,2.857,2.8545,2.856,22
2026-07-15 14:59:00,2.85,2.8515,2.847,2.848,2.855,2.8565,2.852,2.853,38
2026-07-15 15:00:00,2.849,2.849,2.839,2.839,2.854,2.854,2.844,2.844,107
2026-07-15 15:01:00,2.84,2.84,2.834,2.835,2.845,2.845,2.839,2.84,70
2026-07-15 15:02:00,2.8355,2.845,2.835,2.841,2.8405,2.85,2.84,2.846,58
2026-07-15 15:03:00,2.8415,2.842,2.838,2.839,2.8465,2.847,2.843,2.844,29
2026-07-15 15:04:00,2.838,2.843,2.837,2.8415,2.843,2.848,2.842,2.8465,40
2026-07-15 15:05:00,2.842,2.845,2.841,2.8445,2.847,2.85,2.846,2.8495,43
2026-07-15 15:06:00,2.844,2.845,2.842,2.843,2.849,2.85,2.847,2.848,24
2026-07-15 15:07:00,2.842,2.844,2.835,2.838,2.847,2.849,2.84,2.843,51
2026-07-15 15:08:00,2.837,2.839,2.837,2.839,2.842,2.844,2.842,2.844,23
2026-07-15 15:09:00,2.84,2.846,2.839,2.845,2.845,2.851,2.844,2.85,28
2026-07-15 15:10:00,2.8455,2.8485,2.841,2.843,2.8505,2.8535,2.846,2.848,39
2026-07-15 15:11:00,2.844,2.845,2.843,2.845,2.849,2.85,2.848,2.85,20
2026-07-15 15:12:00,2.846,2.85,2.845,2.848,2.851,2.855,2.85,2.853,26
2026-07-15 15:13:00,2.847,2.853,2.846,2.851,2.852,2.858,2.851,2.856,27
2026-07-15 15:14:00,2.85,2.851,2.847,2.848,2.855,2.856,2.852,2.853,18
2026-07-15 15:15:00,2.849,2.849,2.845,2.845,2.854,2.854,2.85,2.85,34
2026-07-15 15:16:00,2.846,2.847,2.842,2.843,2.851,2.852,2.847,2.848,47
2026-07-15 15:17:00,2.8425,2.848,2.8425,2.843,2.8475,2.853,2.8475,2.848,30
2026-07-15 15:18:00,2.842,2.8435,2.839,2.842,2.847,2.8485,2.844,2.847,28
2026-07-15 15:19:00,2.843,2.843,2.837,2.838,2.848,2.848,2.842,2.843,22
2026-07-15 15:20:00,2.839,2.841,2.838,2.841,2.844,2.846,2.843,2.846,19
2026-07-15 15:21:00,2.84,2.845,2.839,2.845,2.845,2.85,2.844,2.85,35
2026-07-15 15:22:00,2.846,2.854,2.846,2.852,2.851,2.859,2.851,2.857,28
2026-07-15 15:23:00,2.851,2.854,2.85,2.853,2.856,2.859,2.855,2.858,23
2026-07-15 15:24:00,2.854,2.858,2.853,2.856,2.859,2.863,2.858,2.861,57
2026-07-15 15:25:00,2.855,2.858,2.852,2.853,2.86,2.863,2.857,2.858,28
2026-07-15 15:26:00,2.854,2.856,2.852,2.852,2.859,2.861,2.857,2.857,20
2026-07-15 15:27:00,2.851,2.851,2.849,2.849,2.856,2.856,2.854,2.854,26
2026-07-15 15:28:00,2.848,2.851,2.847,2.851,2.853,2.856,2.852,2.856,15
2026-07-15 15:29:00,2.852,2.862,2.851,2.855,2.857,2.867,2.856,2.86,88
2026-07-15 15:30:00,2.856,2.856,2.85,2.85,2.861,2.861,2.855,2.855,18
2026-07-15 15:31:00,2.8495,2.851,2.848,2.85,2.8545,2.856,2.853,2.855,20
2026-07-15 15:32:00,2.849,2.85,2.848,2.85,2.854,2.855,2.853,2.855,15
2026-07-15 15:33:00,2.849,2.851,2.848,2.848,2.854,2.856,2.853,2.853,9
2026-07-15 15:34:00,2.847,2.85,2.846,2.848,2.852,2.855,2.851,2.853,21
2026-07-15 15:35:00,2.847,2.848,2.844,2.845,2.852,2.853,2.849,2.85,21
2026-07-15 15:36:00,2.8445,2.847,2.844,2.846,2.8495,2.852,2.849,2.851,31
2026-07-15 15:37:00,2.845,2.848,2.845,2.847,2.85,2.853,2.85,2.852,22
2026-07-15 15:38:00,2.848,2.848,2.846,2.846,2.853,2.853,2.851,2.851,16
2026-07-15 15:39:00,2.847,2.849,2.846,2.8465,2.852,2.854,2.851,2.8515,24
2026-07-15 15:40:00,2.846,2.849,2.846,2.8475,2.851,2.854,2.851,2.8525,27
2026-07-15 15:41:00,2.848,2.848,2.846,2.8465,2.853,2.853,2.851,2.8515,17
2026-07-15 15:42:00,2.847,2.848,2.846,2.847,2.852,2.853,2.851,2.852,11
2026-07-15 15:43:00,2.846,2.848,2.846,2.847,2.851,2.853,2.851,2.852,31
2026-07-15 15:44:00,2.8475,2.848,2.846,2.847,2.8525,2.853,2.851,2.852,14
2026-07-15 15:45:00,2.848,2.853,2.847,2.853,2.853,2.858,2.852,2.858,34
2026-07-15 15:46:00,2.852,2.855,2.851,2.854,2.857,2.86,2.856,2.859,36
2026-07-15 15:47:00,2.853,2.855,2.851,2.853,2.858,2.86,2.856,2.858,34
2026-07-15 15:48:00,2.852,2.853,2.85,2.853,2.857,2.858,2.855,2.858,25
2026-07-15 15:49:00,2.8535,2.855,2.853,2.853,2.8585,2.86,2.858,2.858,13
2026-07-15 15:50:00,2.852,2.854,2.85,2.853,2.857,2.859,2.855,2.858,20
2026-07-15 15:51:00,2.8525,2.8565,2.852,2.8565,2.8575,2.8615,2.857,2.8615,24
2026-07-15 15:52:00,2.856,2.856,2.853,2.854,2.861,2.861,2.858,2.859,19
2026-07-15 15:53:00,2.853,2.854,2.851,2.853,2.858,2.859,2.856,2.858,17
2026-07-15 15:54:00,2.854,2.854,2.85,2.851,2.859,2.859,2.855,2.856,24
2026-07-15 15:55:00,2.8515,2.854,2.8515,2.852,2.8565,2.859,2.8565,2.857,23
2026-07-15 15:56:00,2.8525,2.855,2.852,2.853,2.8575,2.86,2.857,2.858,29
2026-07-15 15:57:00,2.8535,2.855,2.85,2.851,2.8585,2.86,2.855,2.856,24
2026-07-15 15:58:00,2.85,2.856,2.85,2.855,2.855,2.861,2.855,2.86,35
2026-07-15 15:59:00,2.8555,2.861,2.855,2.86,2.8605,2.866,2.86,2.865,56
2026-07-15 16:00:00,2.861,2.861,2.853,2.8535,2.866,2.866,2.858,2.8585,84
2026-07-15 16:01:00,2.853,2.856,2.848,2.849,2.858,2.861,2.853,2.854,45
2026-07-15 16:02:00,2.848,2.85,2.846,2.848,2.853,2.855,2.851,2.853,29
2026-07-15 16:03:00,2.849,2.85,2.847,2.848,2.854,2.855,2.852,2.853,27
2026-07-15 16:04:00,2.852,2.853,2.8495,2.85,2.854,2.858,2.854,2.856,19
2026-07-15 16:05:00,2.849,2.852,2.849,2.851,2.854,2.857,2.854,2.856,30
2026-07-15 16:06:00,2.852,2.8535,2.8515,2.8515,2.857,2.8585,2.8565,2.8565,16
2026-07-15 16:07:00,2.851,2.855,2.851,2.852,2.856,2.86,2.856,2.857,17
2026-07-15 16:08:00,2.851,2.853,2.85,2.851,2.856,2.858,2.855,2.856,17
2026-07-15 16:09:00,2.852,2.853,2.849,2.8495,2.857,2.858,2.854,2.8545,16
2026-07-15 16:10:00,2.85,2.856,2.85,2.855,2.855,2.861,2.855,2.86,48
2026-07-15 16:11:00,2.854,2.86,2.854,2.8575,2.859,2.865,2.859,2.8625,50
2026-07-15 16:12:00,2.858,2.86,2.856,2.859,2.863,2.865,2.861,2.864,44
2026-07-15 16:13:00,2.86,2.861,2.86,2.86,2.865,2.866,2.865,2.865,15
2026-07-15 16:14:00,2.861,2.862,2.858,2.8605,2.866,2.867,2.863,2.8655,46
2026-07-15 16:15:00,2.861,2.862,2.86,2.861,2.866,2.867,2.865,2.866,19
2026-07-15 16:16:00,2.86,2.866,2.86,2.862,2.865,2.871,2.865,2.867,27
2026-07-15 16:17:00,2.863,2.864,2.862,2.863,2.868,2.869,2.867,2.868,9
2026-07-15 16:18:00,2.8625,2.867,2.862,2.863,2.8675,2.872,2.867,2.868,39
2026-07-15 16:19:00,2.864,2.864,2.862,2.8625,2.869,2.869,2.867,2.8675,14
2026-07-15 16:20:00,2.863,2.868,2.863,2.8675,2.868,2.873,2.868,2.8725,30
2026-07-15 16:21:00,2.868,2.871,2.866,2.8685,2.873,2.876,2.871,2.8735,37
2026-07-15 16:22:00,2.868,2.871,2.866,2.871,2.873,2.876,2.871,2.876,29
2026-07-15 16:23:00,2.873,2.877,2.872,2.873,2.878,2.882,2.877,2.878,68
2026-07-15 16:24:00,2.874,2.882,2.873,2.8785,2.879,2.887,2.878,2.8835,63
2026-07-15 16:25:00,2.878,2.884,2.876,2.877,2.883,2.889,2.881,2.882,92
2026-07-15 16:26:00,2.878,2.881,2.8775,2.88,2.883,2.886,2.8825,2.885,48
2026-07-15 16:27:00,2.8795,2.881,2.877,2.879,2.8845,2.886,2.882,2.884,20
2026-07-15 16:28:00,2.878,2.8825,2.878,2.882,2.883,2.8875,2.883,2.887,12
2026-07-15 16:29:00,2.881,2.884,2.88,2.884,2.886,2.889,2.885,2.889,50
2026-07-15 16:30:00,2.883,2.884,2.88,2.884,2.888,2.889,2.885,2.889,44
2026-07-15 16:31:00,2.883,2.891,2.883,2.8885,2.888,2.896,2.888,2.8935,100
2026-07-15 16:32:00,2.888,2.888,2.884,2.884,2.893,2.893,2.889,2.889,45
2026-07-15 16:33:00,2.885,2.887,2.884,2.885,2.89,2.892,2.889,2.89,21
2026-07-15 16:34:00,2.886,2.9,2.885,2.9,2.891,2.905,2.89,2.905,120
2026-07-15 16:35:00,2.899,2.9,2.895,2.8965,2.904,2.905,2.9,2.9015,79
2026-07-15 16:36:00,2.896,2.902,2.891,2.8995,2.901,2.907,2.896,2.9045,140
2026-07-15 16:37:00,2.899,2.901,2.898,2.898,2.904,2.906,2.903,2.903,37
2026-07-15 16:38:00,2.8985,2.902,2.897,2.901,2.9035,2.907,2.902,2.906,63
2026-07-15 16:39:00,2.9,2.901,2.894,2.8945,2.905,2.906,2.899,2.8995,38
2026-07-15 16:40:00,2.894,2.898,2.893,2.897,2.899,2.903,2.898,2.902,50
2026-07-15 16:41:00,2.896,2.897,2.895,2.896,2.901,2.902,2.9,2.901,28
2026-07-15 16:42:00,2.897,2.898,2.895,2.896,2.902,2.903,2.9,2.901,34
2026-07-15 16:43:00,2.897,2.899,2.895,2.897,2.902,2.904,2.9,2.902,50
2026-07-15 16:44:00,2.898,2.898,2.894,2.895,2.903,2.903,2.899,2.9,40
2026-07-15 16:45:00,2.8955,2.897,2.894,2.895,2.9005,2.902,2.899,2.9,32
2026-07-15 16:46:00,2.8945,2.897,2.894,2.894,2.8995,2.902,2.899,2.899,25
2026-07-15 16:47:00,2.893,2.894,2.891,2.8925,2.898,2.899,2.896,2.8975,42
2026-07-15 16:48:00,2.892,2.893,2.891,2.892,2.897,2.898,2.896,2.897,27
2026-07-15 16:49:00,2.8925,2.893,2.888,2.889,2.8975,2.898,2.893,2.894,104
2026-07-15 16:50:00,2.888,2.889,2.883,2.8835,2.893,2.894,2.888,2.8885,80
2026-07-15 16:51:00,2.883,2.888,2.883,2.887,2.888,2.893,2.888,2.892,40
2026-07-15 16:52:00,2.886,2.888,2.885,2.887,2.891,2.893,2.89,2.892,42
2026-07-15 16:53:00,2.888,2.889,2.886,2.887,2.893,2.894,2.891,2.892,58
2026-07-15 16:54:00,2.886,2.886,2.885,2.886,2.891,2.891,2.89,2.891,28
2026-07-15 16:55:00,2.887,2.89,2.886,2.888,2.892,2.895,2.891,2.893,44
2026-07-15 16:57:00,2.887,2.888,2.886,2.888,2.892,2.893,2.891,2.893,20
2026-07-15 16:58:00,2.8875,2.888,2.887,2.887,2.8925,2.893,2.892,2.892,11
2026-07-15 16:59:00,2.888,2.889,2.887,2.888,2.893,2.894,2.892,2.893,11
2026-07-15 17:00:00,2.887,2.891,2.887,2.89,2.892,2.896,2.892,2.895,32
2026-07-15 17:01:00,2.889,2.892,2.889,2.892,2.894,2.897,2.894,2.897,37
2026-07-15 17:02:00,2.891,2.892,2.889,2.892,2.896,2.897,2.894,2.897,22
2026-07-15 17:03:00,2.8915,2.895,2.8915,2.893,2.8965,2.9,2.8965,2.898,23
2026-07-15 17:04:00,2.8925,2.8925,2.89,2.8905,2.8975,2.8975,2.895,2.8955,13
2026-07-15 17:05:00,2.891,2.891,2.887,2.888,2.896,2.896,2.892,2.893,36
2026-07-15 17:06:00,2.887,2.887,2.877,2.879,2.892,2.892,2.882,2.884,59
2026-07-15 17:07:00,2.878,2.879,2.876,2.878,2.883,2.884,2.881,2.883,34
2026-07-15 17:08:00,2.879,2.883,2.879,2.882,2.884,2.888,2.884,2.887,35
2026-07-15 17:09:00,2.883,2.883,2.882,2.883,2.888,2.888,2.887,2.888,8
2026-07-15 17:10:00,2.884,2.884,2.882,2.882,2.889,2.889,2.887,2.887,20
2026-07-15 17:11:00,2.881,2.883,2.881,2.883,2.886,2.888,2.886,2.888,4
2026-07-15 17:12:00,2.882,2.882,2.879,2.881,2.887,2.887,2.884,2.886,16
2026-07-15 17:13:00,2.882,2.883,2.88,2.8805,2.887,2.888,2.885,2.8855,28
2026-07-15 17:14:00,2.88,2.88,2.878,2.88,2.885,2.885,2.883,2.885,8
2026-07-15 17:15:00,2.881,2.881,2.878,2.879,2.886,2.886,2.883,2.884,34
2026-07-15 17:16:00,2.88,2.882,2.878,2.882,2.885,2.887,2.883,2.887,16
2026-07-15 17:17:00,2.883,2.883,2.88,2.88,2.888,2.888,2.885,2.885,8
2026-07-15 17:18:00,2.879,2.879,2.874,2.877,2.884,2.884,2.879,2.882,44
2026-07-15 17:19:00,2.876,2.876,2.873,2.875,2.881,2.881,2.878,2.88,26
2026-07-15 17:20:00,2.876,2.877,2.874,2.877,2.881,2.882,2.879,2.882,33
2026-07-15 17:21:00,2.878,2.88,2.877,2.88,2.883,2.885,2.882,2.885,13
2026-07-15 17:22:00,2.881,2.883,2.88,2.88,2.886,2.888,2.885,2.885,10
2026-07-15 17:23:00,2.879,2.879,2.876,2.876,2.884,2.884,2.881,2.881,20
2026-07-15 17:24:00,2.8755,2.8755,2.865,2.8675,2.8805,2.8805,2.87,2.8725,55
2026-07-15 17:25:00,2.867,2.868,2.866,2.866,2.872,2.873,2.871,2.871,36
2026-07-15 17:26:00,2.867,2.867,2.86,2.863,2.872,2.872,2.865,2.868,43
2026-07-15 17:27:00,2.862,2.865,2.862,2.865,2.867,2.87,2.867,2.87,25
2026-07-15 17:28:00,2.864,2.865,2.863,2.8635,2.869,2.87,2.868,2.8685,43
2026-07-15 17:29:00,2.864,2.866,2.863,2.8645,2.869,2.871,2.868,2.8695,30
2026-07-15 17:30:00,2.8635,2.868,2.863,2.866,2.8685,2.873,2.868,2.871,36
2026-07-15 17:31:00,2.867,2.867,2.866,2.866,2.872,2.872,2.871,2.871,15
2026-07-15 17:32:00,2.865,2.867,2.864,2.865,2.87,2.872,2.869,2.87,23
2026-07-15 17:33:00,2.866,2.866,2.864,2.865,2.871,2.871,2.869,2.87,6
2026-07-15 17:34:00,2.866,2.867,2.865,2.867,2.871,2.872,2.87,2.872,12
2026-07-15 17:35:00,2.866,2.867,2.863,2.867,2.871,2.872,2.868,2.872,36
2026-07-15 17:36:00,2.866,2.869,2.864,2.869,2.871,2.874,2.869,2.874,38
2026-07-15 17:37:00,2.868,2.872,2.866,2.872,2.873,2.877,2.871,2.877,23
2026-07-15 17:38:00,2.871,2.879,2.871,2.877,2.876,2.884,2.876,2.882,36
2026-07-15 17:39:00,2.878,2.878,2.875,2.875,2.883,2.883,2.88,2.88,10
2026-07-15 17:40:00,2.8755,2.879,2.875,2.876,2.8805,2.884,2.88,2.881,13
2026-07-15 17:41:00,2.8755,2.876,2.875,2.875,2.8805,2.881,2.88,2.88,9
2026-07-15 17:42:00,2.874,2.876,2.874,2.875,2.879,2.881,2.879,2.88,12
2026-07-15 17:43:00,2.8745,2.875,2.874,2.875,2.8795,2.88,2.879,2.88,13
2026-07-15 17:44:00,2.874,2.878,2.874,2.877,2.879,2.883,2.879,2.882,13
2026-07-15 17:45:00,2.878,2.878,2.875,2.876,2.883,2.883,2.88,2.881,8
2026-07-15 17:46:00,2.875,2.876,2.874,2.876,2.88,2.881,2.879,2.881,14
2026-07-15 17:47:00,2.877,2.877,2.875,2.876,2.882,2.882,2.88,2.881,7
2026-07-15 17:48:00,2.877,2.879,2.876,2.878,2.882,2.884,2.881,2.883,29
2026-07-15 17:49:00,2.879,2.879,2.879,2.879,2.884,2.884,2.884,2.884,1
2026-07-15 17:50:00,2.878,2.879,2.875,2.8775,2.883,2.884,2.88,2.8825,34
2026-07-15 17:51:00,2.878,2.878,2.876,2.878,2.883,2.883,2.881,2.883,19
2026-07-15 17:52:00,2.8775,2.8775,2.877,2.877,2.8825,2.8825,2.882,2.882,2
2026-07-15 17:53:00,2.878,2.879,2.8775,2.8785,2.883,2.884,2.8825,2.8835,14
2026-07-15 17:54:00,2.878,2.882,2.877,2.881,2.883,2.887,2.882,2.886,17
2026-07-15 17:55:00,2.88,2.881,2.88,2.881,2.885,2.886,2.885,2.886,6
2026-07-15 17:56:00,2.882,2.882,2.881,2.881,2.887,2.887,2.886,2.886,2
2026-07-15 17:57:00,2.882,2.882,2.879,2.88,2.887,2.887,2.884,2.885,10
2026-07-15 17:58:00,2.8805,2.8805,2.877,2.878,2.8855,2.8855,2.882,2.883,19
2026-07-15 17:59:00,2.8775,2.881,2.8775,2.8805,2.8825,2.886,2.8825,2.8855,11
2026-07-15 18:00:00,2.882,2.882,2.879,2.879,2.887,2.887,2.884,2.884,16
2026-07-15 18:01:00,2.878,2.879,2.877,2.8785,2.883,2.884,2.882,2.8835,16
2026-07-15 18:02:00,2.879,2.881,2.879,2.88,2.884,2.886,2.884,2.885,12
2026-07-15 18:03:00,2.8795,2.88,2.876,2.8765,2.8845,2.885,2.881,2.8815,30
2026-07-15 18:04:00,2.876,2.878,2.876,2.877,2.881,2.883,2.881,2.882,10
2026-07-15 18:05:00,2.878,2.879,2.877,2.878,2.883,2.884,2.882,2.883,5
2026-07-15 18:06:00,2.879,2.879,2.876,2.8765,2.884,2.884,2.881,2.8815,16
2026-07-15 18:07:00,2.877,2.877,2.876,2.8765,2.882,2.882,2.881,2.8815,15
2026-07-15 18:08:00,2.876,2.877,2.875,2.876,2.881,2.882,2.88,2.881,30
2026-07-15 18:09:00,2.8765,2.877,2.875,2.876,2.8815,2.882,2.88,2.881,8
2026-07-15 18:10:00,2.8755,2.881,2.8755,2.88,2.8805,2.886,2.8805,2.885,32
2026-07-15 18:11:00,2.879,2.88,2.878,2.88,2.884,2.885,2.883,2.885,17
2026-07-15 18:12:00,2.879,2.879,2.877,2.878,2.884,2.884,2.882,2.883,17
2026-07-15 18:14:00,2.877,2.879,2.877,2.878,2.882,2.884,2.882,2.883,9
2026-07-15 18:15:00,2.8775,2.878,2.873,2.873,2.8825,2.883,2.878,2.878,17
2026-07-15 18:16:00,2.8725,2.874,2.865,2.867,2.8775,2.879,2.87,2.872,50
2026-07-15 18:17:00,2.866,2.868,2.863,2.8675,2.871,2.873,2.868,2.8725,30
2026-07-15 18:18:00,2.868,2.869,2.8675,2.869,2.873,2.874,2.8725,2.874,8
2026-07-15 18:19:00,2.868,2.872,2.868,2.872,2.873,2.877,2.873,2.877,15
2026-07-15 18:20:00,2.8725,2.875,2.8725,2.874,2.8775,2.88,2.8775,2.879,8
2026-07-15 18:21:00,2.8745,2.875,2.873,2.874,2.8795,2.88,2.878,2.879,15
2026-07-15 18:22:00,2.875,2.877,2.874,2.875,2.88,2.882,2.879,2.88,7
2026-07-15 18:23:00,2.876,2.876,2.874,2.875,2.881,2.881,2.879,2.88,9
2026-07-15 18:24:00,2.873,2.876,2.873,2.875,2.878,2.881,2.878,2.88,20
2026-07-15 18:25:00,2.876,2.876,2.875,2.875,2.881,2.881,2.88,2.88,17
2026-07-15 18:26:00,2.874,2.875,2.873,2.875,2.879,2.88,2.878,2.88,6
2026-07-15 18:27:00,2.8745,2.876,2.8745,2.875,2.8795,2.881,2.8795,2.88,4
2026-07-15 18:28:00,2.874,2.876,2.874,2.875,2.879,2.881,2.879,2.88,13
2026-07-15 18:29:00,2.8745,2.877,2.874,2.877,2.8795,2.882,2.879,2.882,12
2026-07-15 18:30:00,2.876,2.877,2.873,2.874,2.881,2.882,2.878,2.879,11
2026-07-15 18:31:00,2.873,2.873,2.869,2.87,2.878,2.878,2.874,2.875,15
2026-07-15 18:32:00,2.869,2.872,2.869,2.871,2.874,2.877,2.874,2.876,7
2026-07-15 18:33:00,2.87,2.874,2.87,2.873,2.875,2.879,2.875,2.878,19
2026-07-15 18:34:00,2.872,2.875,2.872,2.874,2.877,2.88,2.877,2.879,14
2026-07-15 18:35:00,2.875,2.878,2.875,2.8765,2.88,2.883,2.88,2.8815,21
2026-07-15 18:36:00,2.877,2.882,2.876,2.881,2.882,2.887,2.881,2.886,27
2026-07-15 18:37:00,2.88,2.883,2.88,2.883,2.885,2.888,2.885,2.888,12
2026-07-15 18:38:00,2.884,2.887,2.883,2.887,2.889,2.892,2.888,2.892,43
2026-07-15 18:39:00,2.888,2.889,2.885,2.8875,2.893,2.894,2.89,2.8925,59
2026-07-15 18:40:00,2.887,2.891,2.886,2.886,2.892,2.896,2.891,2.891,27
2026-07-15 18:41:00,2.8855,2.8865,2.885,2.886,2.8905,2.8915,2.89,2.891,27
2026-07-15 18:42:00,2.8855,2.89,2.8855,2.889,2.8905,2.895,2.8905,2.894,18
2026-07-15 18:43:00,2.8895,2.8895,2.887,2.889,2.8945,2.8945,2.892,2.894,23
2026-07-15 18:44:00,2.888,2.889,2.888,2.889,2.893,2.894,2.893,2.894,29
2026-07-15 18:45:00,2.888,2.888,2.886,2.8865,2.893,2.893,2.891,2.8915,12
2026-07-15 18:46:00,2.887,2.887,2.881,2.885,2.892,2.892,2.886,2.89,35
2026-07-15 18:47:00,2.8855,2.888,2.885,2.888,2.8905,2.893,2.89,2.893,38
2026-07-15 18:48:00,2.889,2.891,2.888,2.8885,2.894,2.896,2.893,2.8935,13
2026-07-15 18:49:00,2.888,2.889,2.886,2.887,2.893,2.894,2.891,2.892,13
2026-07-15 18:50:00,2.886,2.888,2.886,2.8875,2.891,2.893,2.891,2.8925,8
2026-07-15 18:51:00,2.888,2.889,2.887,2.889,2.893,2.894,2.892,2.894,12
2026-07-15 18:52:00,2.8895,2.8915,2.889,2.89,2.8945,2.8965,2.894,2.895,15
2026-07-15 18:53:00,2.891,2.8915,2.89,2.89,2.896,2.8965,2.895,2.895,4
2026-07-15 18:54:00,2.891,2.894,2.89,2.891,2.896,2.899,2.895,2.896,30
2026-07-15 18:55:00,2.8915,2.892,2.89,2.891,2.8965,2.897,2.895,2.896,10
2026-07-15 18:56:00,2.8915,2.892,2.89,2.891,2.8965,2.897,2.895,2.896,9
2026-07-15 18:57:00,2.892,2.895,2.891,2.893,2.897,2.9,2.896,2.898,31
2026-07-15 18:58:00,2.892,2.9,2.892,2.8975,2.897,2.905,2.897,2.9025,59
2026-07-15 18:59:00,2.897,2.902,2.897,2.902,2.902,2.907,2.902,2.907,83
2026-07-15 19:00:00,2.903,2.906,2.9,2.905,2.908,2.911,2.905,2.91,76
2026-07-15 19:01:00,2.904,2.904,2.902,2.904,2.909,2.909,2.907,2.909,34
2026-07-15 19:02:00,2.903,2.904,2.9,2.9,2.908,2.909,2.905,2.905,13
2026-07-15 19:03:00,2.899,2.9,2.897,2.897,2.904,2.905,2.902,2.902,17
2026-07-15 19:04:00,2.896,2.898,2.896,2.896,2.901,2.903,2.901,2.901,27
2026-07-15 19:05:00,2.897,2.897,2.893,2.894,2.902,2.902,2.898,2.899,17
2026-07-15 19:06:00,2.8945,2.895,2.89,2.8905,2.8995,2.9,2.895,2.8955,24
2026-07-15 19:07:00,2.891,2.893,2.891,2.893,2.896,2.898,2.896,2.898,10
2026-07-15 19:08:00,2.8925,2.893,2.891,2.8915,2.8975,2.898,2.896,2.8965,10
2026-07-15 19:09:00,2.892,2.892,2.889,2.891,2.897,2.897,2.894,2.896,14
2026-07-15 19:10:00,2.892,2.893,2.892,2.892,2.897,2.898,2.897,2.897,7
2026-07-15 19:11:00,2.891,2.892,2.8905,2.891,2.896,2.897,2.8955,2.896,8
2026-07-15 19:12:00,2.892,2.892,2.891,2.892,2.897,2.897,2.896,2.897,4
2026-07-15 19:13:00,2.893,2.895,2.892,2.894,2.898,2.9,2.897,2.899,15
2026-07-15 19:14:00,2.8945,2.895,2.893,2.894,2.8995,2.9,2.898,2.899,10
2026-07-15 19:15:00,2.895,2.897,2.894,2.895,2.9,2.902,2.899,2.9,12
2026-07-15 19:16:00,2.894,2.896,2.894,2.894,2.899,2.901,2.899,2.899,18
2026-07-15 19:17:00,2.895,2.897,2.893,2.896,2.9,2.902,2.898,2.901,21
2026-07-15 19:18:00,2.897,2.898,2.896,2.8975,2.902,2.903,2.901,2.9025,11
2026-07-15 19:19:00,2.898,2.899,2.898,2.899,2.903,2.904,2.903,2.904,14
2026-07-15 19:20:00,2.898,2.9,2.898,2.899,2.903,2.905,2.903,2.904,6
2026-07-15 19:21:00,2.8985,2.8985,2.892,2.892,2.9035,2.9035,2.897,2.897,13
2026-07-15 19:23:00,2.891,2.892,2.891,2.892,2.896,2.897,2.896,2.897,2
2026-07-15 19:24:00,2.8925,2.893,2.889,2.891,2.8975,2.898,2.894,2.896,17
2026-07-15 19:25:00,2.89,2.891,2.889,2.89,2.895,2.896,2.894,2.895,9
2026-07-15 19:26:00,2.891,2.892,2.891,2.892,2.896,2.897,2.896,2.897,2
2026-07-15 19:27:00,2.891,2.891,2.886,2.8865,2.896,2.896,2.891,2.8915,31
2026-07-15 19:28:00,2.887,2.888,2.8865,2.888,2.892,2.893,2.8915,2.893,7
2026-07-15 19:29:00,2.889,2.889,2.887,2.887,2.894,2.894,2.892,2.892,23
2026-07-15 19:30:00,2.8875,2.888,2.886,2.8875,2.8925,2.893,2.891,2.8925,20
2026-07-15 19:31:00,2.888,2.89,2.887,2.889,2.893,2.895,2.892,2.894,27
2026-07-15 19:32:00,2.8895,2.8895,2.888,2.888,2.8945,2.8945,2.893,2.893,9
2026-07-15 19:33:00,2.887,2.889,2.8865,2.889,2.892,2.894,2.8915,2.894,6
2026-07-15 19:34:00,2.8895,2.893,2.888,2.892,2.8945,2.898,2.893,2.897,18
2026-07-15 19:35:00,2.893,2.8945,2.892,2.892,2.898,2.8995,2.897,2.897,6
2026-07-15 19:36:00,2.893,2.893,2.892,2.892,2.898,2.898,2.897,2.897,5
2026-07-15 19:37:00,2.891,2.893,2.891,2.893,2.896,2.898,2.896,2.898,8
2026-07-15 19:39:00,2.894,2.896,2.892,2.895,2.899,2.901,2.897,2.9,49
2026-07-15 19:40:00,2.894,2.894,2.8935,2.894,2.899,2.899,2.8985,2.899,5
2026-07-15 19:41:00,2.893,2.894,2.893,2.894,2.898,2.899,2.898,2.899,7
2026-07-15 19:42:00,2.895,2.896,2.894,2.895,2.9,2.901,2.899,2.9,11
2026-07-15 19:44:00,2.896,2.899,2.895,2.898,2.901,2.904,2.9,2.903,29
2026-07-15 19:45:00,2.8975,2.898,2.897,2.897,2.9025,2.903,2.902,2.902,5
2026-07-15 19:46:00,2.896,2.898,2.896,2.897,2.901,2.903,2.901,2.902,12
2026-07-15 19:47:00,2.898,2.898,2.894,2.8975,2.903,2.903,2.899,2.9025,42
2026-07-15 19:48:00,2.897,2.899,2.897,2.898,2.902,2.904,2.902,2.903,35
2026-07-15 19:49:00,2.8985,2.9035,2.898,2.903,2.9035,2.9085,2.903,2.908,71
2026-07-15 19:50:00,2.902,2.905,2.901,2.9035,2.907,2.91,2.906,2.9085,68
2026-07-15 19:51:00,2.904,2.904,2.901,2.901,2.909,2.909,2.906,2.906,38
2026-07-15 19:52:00,2.9005,2.901,2.899,2.899,2.9055,2.906,2.904,2.904,21
2026-07-15 19:53:00,2.9,2.903,2.899,2.901,2.905,2.908,2.904,2.906,25
2026-07-15 19:54:00,2.9005,2.901,2.899,2.9,2.9055,2.906,2.904,2.905,22
2026-07-15 19:55:00,2.9005,2.902,2.9,2.902,2.9055,2.907,2.905,2.907,16
2026-07-15 19:56:00,2.901,2.901,2.898,2.901,2.906,2.906,2.903,2.906,17
2026-07-15 19:58:00,2.9005,2.901,2.898,2.901,2.9055,2.906,2.903,2.906,16
2026-07-15 19:59:00,2.9,2.901,2.9,2.9005,2.905,2.906,2.905,2.9055,9
2026-07-15 20:00:00,2.9,2.902,2.898,2.9015,2.905,2.907,2.903,2.9065,19
2026-07-15 20:01:00,2.9025,2.903,2.898,2.8995,2.9075,2.908,2.903,2.9045,32
2026-07-15 20:02:00,2.9,2.9,2.899,2.899,2.905,2.905,2.904,2.904,10
2026-07-15 20:03:00,2.8995,2.8995,2.897,2.898,2.9045,2.9045,2.902,2.903,18
2026-07-15 20:04:00,2.899,2.899,2.893,2.896,2.904,2.904,2.898,2.901,51
2026-07-15 20:05:00,2.895,2.896,2.895,2.8955,2.9,2.901,2.9,2.9005,14
2026-07-15 20:06:00,2.896,2.896,2.892,2.893,2.901,2.901,2.897,2.898,14
2026-07-15 20:07:00,2.892,2.897,2.892,2.896,2.897,2.902,2.897,2.901,18
2026-07-15 20:08:00,2.8955,2.897,2.892,2.8925,2.9005,2.902,2.897,2.8975,21
2026-07-15 20:09:00,2.893,2.893,2.891,2.891,2.898,2.898,2.896,2.896,12
2026-07-15 20:10:00,2.8915,2.893,2.891,2.891,2.8965,2.898,2.896,2.896,17
2026-07-15 20:11:00,2.8915,2.895,2.891,2.894,2.8965,2.9,2.896,2.899,38
2026-07-15 20:12:00,2.893,2.895,2.893,2.894,2.898,2.9,2.898,2.899,8
2026-07-15 20:13:00,2.893,2.895,2.893,2.895,2.898,2.9,2.898,2.9,8
2026-07-15 20:14:00,2.8955,2.896,2.895,2.895,2.9005,2.901,2.9,2.9,19
2026-07-15 20:15:00,2.894,2.8955,2.892,2.8955,2.899,2.9005,2.897,2.9005,24
2026-07-15 20:16:00,2.895,2.8955,2.893,2.894,2.9,2.9005,2.898,2.899,18
2026-07-15 20:17:00,2.8945,2.8945,2.892,2.893,2.8995,2.8995,2.897,2.898,10
2026-07-15 20:18:00,2.892,2.893,2.892,2.893,2.897,2.898,2.897,2.898,2
2026-07-15 20:19:00,2.8925,2.893,2.891,2.892,2.8975,2.898,2.896,2.897,21
2026-07-15 20:20:00,2.8915,2.8915,2.882,2.8845,2.8965,2.8965,2.887,2.8895,71
2026-07-15 20:21:00,2.884,2.886,2.884,2.885,2.889,2.891,2.889,2.89,24
2026-07-15 20:22:00,2.8855,2.888,2.885,2.888,2.8905,2.893,2.89,2.893,21
2026-07-15 20:23:00,2.889,2.889,2.883,2.884,2.894,2.894,2.888,2.889,12
2026-07-15 20:24:00,2.885,2.886,2.883,2.886,2.89,2.891,2.888,2.891,19
2026-07-15 20:25:00,2.887,2.889,2.8865,2.888,2.892,2.894,2.8915,2.893,22
2026-07-15 20:26:00,2.8885,2.89,2.887,2.888,2.8935,2.895,2.892,2.893,25
2026-07-15 20:27:00,2.889,2.8905,2.888,2.889,2.894,2.8955,2.893,2.894,19
2026-07-15 20:28:00,2.888,2.896,2.888,2.893,2.893,2.901,2.893,2.898,92
2026-07-15 20:29:00,2.894,2.896,2.892,2.894,2.899,2.901,2.897,2.899,106
2026-07-15 20:30:00,2.893,2.897,2.893,2.896,2.898,2.902,2.898,2.901,24
2026-07-15 20:31:00,2.895,2.898,2.894,2.897,2.9,2.903,2.899,2.902,35
2026-07-15 20:32:00,2.898,2.901,2.896,2.9005,2.903,2.906,2.901,2.9055,35
2026-07-15 20:33:00,2.901,2.902,2.9,2.901,2.906,2.907,2.905,2.906,19
2026-07-15 20:34:00,2.902,2.903,2.901,2.902,2.907,2.908,2.906,2.907,32
2026-07-15 20:35:00,2.901,2.904,2.901,2.903,2.906,2.909,2.906,2.908,29
2026-07-15 20:36:00,2.902,2.905,2.902,2.904,2.907,2.91,2.907,2.909,13
2026-07-15 20:37:00,2.905,2.906,2.904,2.905,2.91,2.911,2.909,2.91,9
2026-07-15 20:38:00,2.906,2.907,2.905,2.906,2.911,2.912,2.91,2.911,15
2026-07-15 20:39:00,2.9065,2.91,2.906,2.9065,2.9115,2.915,2.911,2.9115,23
2026-07-15 20:40:00,2.907,2.908,2.903,2.9035,2.912,2.913,2.908,2.9085,23
2026-07-15 20:41:00,2.904,2.905,2.899,2.899,2.909,2.91,2.904,2.904,33
2026-07-15 20:42:00,2.898,2.8985,2.895,2.898,2.903,2.9035,2.9,2.903,25
2026-07-15 20:43:00,2.897,2.897,2.896,2.896,2.902,2.902,2.901,2.901,6
2026-07-15 20:44:00,2.897,2.8975,2.896,2.896,2.902,2.9025,2.901,2.901,20
2026-07-15 20:45:00,2.8965,2.897,2.896,2.896,2.9015,2.902,2.901,2.901,9
2026-07-15 20:46:00,2.897,2.898,2.895,2.896,2.902,2.903,2.9,2.901,17
2026-07-15 20:47:00,2.895,2.897,2.895,2.896,2.9,2.902,2.9,2.901,7
2026-07-15 20:48:00,2.895,2.896,2.895,2.896,2.9,2.901,2.9,2.901,2
2026-07-15 20:49:00,2.897,2.897,2.896,2.896,2.902,2.902,2.901,2.901,5
2026-07-15 20:51:00,2.8965,2.897,2.896,2.897,2.9015,2.902,2.901,2.902,4
2026-07-15 20:53:00,2.896,2.897,2.896,2.897,2.901,2.902,2.901,2.902,3
2026-07-15 20:54:00,2.896,2.897,2.896,2.896,2.901,2.902,2.901,2.901,8
2026-07-15 20:55:00,2.897,2.897,2.897,2.897,2.902,2.902,2.902,2.902,1
2026-07-15 20:56:00,2.8975,2.898,2.897,2.898,2.9025,2.903,2.902,2.903,9
2026-07-15 20:57:00,2.897,2.898,2.8965,2.898,2.902,2.903,2.9015,2.903,4
2026-07-15 20:58:00,2.8975,2.8975,2.897,2.897,2.9025,2.9025,2.902,2.902,2
2026-07-15 20:59:00,2.896,2.896,2.896,2.896,2.901,2.901,2.901,2.901,1
2026-07-15 21:00:00,2.897,2.897,2.896,2.896,2.902,2.902,2.901,2.901,2
2026-07-15 21:01:00,2.897,2.899,2.897,2.899,2.902,2.904,2.902,2.904,4
2026-07-15 21:02:00,2.8995,2.8995,2.899,2.899,2.9045,2.9045,2.904,2.904,10
2026-07-15 21:05:00,2.8995,2.8995,2.899,2.899,2.9045,2.9045,2.904,2.904,2
2026-07-15 21:06:00,2.8995,2.8995,2.899,2.899,2.9045,2.9045,2.904,2.904,4
2026-07-15 21:07:00,2.898,2.898,2.897,2.897,2.903,2.903,2.902,2.902,6
2026-07-15 21:08:00,2.8975,2.898,2.896,2.896,2.9025,2.903,2.901,2.901,5
2026-07-15 21:09:00,2.8965,2.897,2.896,2.897,2.9015,2.902,2.901,2.902,4
2026-07-15 21:10:00,2.898,2.898,2.896,2.897,2.903,2.903,2.901,2.902,15
2026-07-15 21:11:00,2.896,2.898,2.896,2.898,2.901,2.903,2.901,2.903,15
2026-07-15 21:12:00,2.897,2.8975,2.895,2.896,2.902,2.9025,2.9,2.901,16
2026-07-15 21:13:00,2.8965,2.898,2.896,2.897,2.9015,2.903,2.901,2.902,16
2026-07-15 21:14:00,2.8975,2.898,2.897,2.897,2.9025,2.903,2.902,2.902,23
2026-07-15 21:15:00,2.898,2.898,2.896,2.896,2.903,2.903,2.901,2.901,7
2026-07-15 21:16:00,2.895,2.897,2.895,2.896,2.9,2.902,2.9,2.901,5
2026-07-15 21:17:00,2.895,2.896,2.895,2.895,2.9,2.901,2.9,2.9,8
2026-07-15 21:18:00,2.894,2.894,2.893,2.893,2.899,2.899,2.898,2.898,12
2026-07-15 21:19:00,2.8935,2.894,2.893,2.894,2.8985,2.899,2.898,2.899,3
2026-07-15 21:20:00,2.8955,2.896,2.894,2.894,2.9005,2.901,2.899,2.899,5
2026-07-15 21:21:00,2.893,2.894,2.893,2.894,2.898,2.899,2.898,2.899,2
2026-07-15 21:23:00,2.893,2.894,2.893,2.894,2.898,2.899,2.898,2.899,2
2026-07-15 21:24:00,2.8955,2.898,2.895,2.898,2.9005,2.903,2.9,2.903,9
2026-07-15 21:25:00,2.8975,2.898,2.896,2.896,2.9025,2.903,2.901,2.901,12
2026-07-15 21:26:00,2.8955,2.8965,2.895,2.896,2.9005,2.9015,2.9,2.901,22
2026-07-15 21:27:00,2.895,2.896,2.895,2.896,2.9,2.901,2.9,2.901,7
2026-07-15 21:28:00,2.8955,2.896,2.895,2.896,2.9005,2.901,2.9,2.901,4
2026-07-15 21:29:00,2.897,2.897,2.897,2.897,2.902,2.902,2.902,2.902,1
2026-07-15 21:31:00,2.898,2.898,2.897,2.898,2.903,2.903,2.902,2.903,4
2026-07-15 21:32:00,2.8985,2.902,2.898,2.901,2.9035,2.907,2.903,2.906,38
2026-07-15 21:33:00,2.9,2.901,2.898,2.899,2.905,2.906,2.903,2.904,16
2026-07-15 21:34:00,2.9,2.9,2.9,2.9,2.905,2.905,2.905,2.905,1
2026-07-15 21:35:00,2.901,2.903,2.9,2.902,2.906,2.908,2.905,2.907,12
2026-07-15 21:36:00,2.9015,2.902,2.901,2.902,2.9065,2.907,2.906,2.907,5
2026-07-15 21:37:00,2.901,2.902,2.898,2.901,2.906,2.907,2.903,2.906,13
2026-07-15 21:38:00,2.902,2.902,2.901,2.902,2.907,2.907,2.906,2.907,3
2026-07-15 21:39:00,2.9015,2.9015,2.901,2.901,2.9065,2.9065,2.906,2.906,4
2026-07-15 21:40:00,2.9,2.9,2.899,2.899,2.905,2.905,2.904,2.904,2
2026-07-15 21:41:00,2.898,2.899,2.898,2.899,2.903,2.904,2.903,2.904,4
2026-07-15 21:42:00,2.898,2.899,2.898,2.899,2.903,2.904,2.903,2.904,2
2026-07-15 21:44:00,2.898,2.898,2.897,2.897,2.903,2.903,2.902,2.902,2
2026-07-15 21:45:00,2.8975,2.8975,2.897,2.897,2.9025,2.9025,2.902,2.902,2
2026-07-15 21:46:00,2.898,2.899,2.897,2.899,2.903,2.904,2.902,2.904,11
2026-07-15 21:47:00,2.898,2.8985,2.898,2.8985,2.903,2.9035,2.903,2.9035,2
2026-07-15 21:48:00,2.899,2.899,2.8985,2.899,2.904,2.904,2.9035,2.904,3
2026-07-15 21:50:00,2.8985,2.8985,2.898,2.898,2.9035,2.9035,2.903,2.903,4
2026-07-15 21:52:00,2.899,2.902,2.899,2.901,2.904,2.907,2.904,2.906,9
2026-07-15 21:53:00,2.9015,2.902,2.9,2.9,2.9065,2.907,2.905,2.905,6
2026-07-15 21:54:00,2.901,2.901,2.9,2.901,2.906,2.906,2.905,2.906,9
2026-07-15 21:55:00,2.9,2.902,2.9,2.901,2.905,2.907,2.905,2.906,18
2026-07-15 21:58:00,2.9015,2.9015,2.899,2.9,2.9065,2.9065,2.904,2.905,6
2026-07-15 21:59:00,2.899,2.9,2.899,2.9,2.904,2.905,2.904,2.905,9
2026-07-15 22:00:00,2.9005,2.901,2.899,2.8995,2.9055,2.906,2.904,2.9045,13
2026-07-15 22:01:00,2.899,2.9,2.8985,2.899,2.904,2.905,2.9035,2.904,12
2026-07-15 22:02:00,2.898,2.899,2.896,2.896,2.903,2.904,2.901,2.901,10
2026-07-15 22:03:00,2.8955,2.896,2.895,2.896,2.9005,2.901,2.9,2.901,10
2026-07-15 22:04:00,2.8955,2.896,2.895,2.895,2.9005,2.901,2.9,2.9,6
2026-07-15 22:05:00,2.8945,2.895,2.8935,2.894,2.8995,2.9,2.8985,2.899,9
2026-07-15 22:06:00,2.893,2.896,2.893,2.895,2.898,2.901,2.898,2.9,15
2026-07-15 22:07:00,2.894,2.895,2.8935,2.8945,2.899,2.9,2.8985,2.8995,14
2026-07-15 22:08:00,2.895,2.898,2.895,2.8975,2.9,2.903,2.9,2.9025,13
2026-07-15 22:09:00,2.897,2.898,2.896,2.8975,2.902,2.903,2.901,2.9025,21
2026-07-15 22:10:00,2.898,2.898,2.897,2.8975,2.903,2.903,2.902,2.9025,9
2026-07-15 22:11:00,2.897,2.898,2.897,2.8975,2.902,2.903,2.902,2.9025,10
2026-07-15 22:12:00,2.898,2.898,2.8935,2.8935,2.903,2.903,2.8985,2.8985,8
2026-07-15 22:13:00,2.893,2.894,2.8925,2.894,2.898,2.899,2.8975,2.899,8
2026-07-15 22:15:00,2.8935,2.8935,2.893,2.893,2.8985,2.8985,2.898,2.898,2
2026-07-15 22:16:00,2.894,2.895,2.894,2.8945,2.899,2.9,2.899,2.8995,4
2026-07-15 22:17:00,2.895,2.895,2.894,2.894,2.9,2.9,2.899,2.899,5
2026-07-15 22:18:00,2.8945,2.8945,2.8925,2.8925,2.8995,2.8995,2.8975,2.8975,7
2026-07-15 22:19:00,2.893,2.893,2.893,2.893,2.898,2.898,2.898,2.898,1
2026-07-15 22:20:00,2.8925,2.893,2.891,2.8915,2.8975,2.898,2.896,2.8965,9
2026-07-15 22:21:00,2.892,2.8925,2.892,2.8925,2.897,2.8975,2.897,2.8975,2
2026-07-15 22:22:00,2.892,2.8925,2.892,2.8925,2.897,2.8975,2.897,2.8975,8
2026-07-15 22:23:00,2.893,2.893,2.893,2.893,2.898,2.898,2.898,2.898,1
2026-07-15 22:24:00,2.8925,2.8925,2.892,2.892,2.8975,2.8975,2.897,2.897,2
2026-07-15 22:25:00,2.8915,2.892,2.8915,2.892,2.8965,2.897,2.8965,2.897,16
2026-07-15 22:26:00,2.8915,2.892,2.891,2.8915,2.8965,2.897,2.896,2.8965,4
2026-07-15 22:27:00,2.892,2.892,2.8915,2.8915,2.897,2.897,2.8965,2.8965,20
2026-07-15 22:28:00,2.892,2.892,2.891,2.892,2.897,2.897,2.896,2.897,39
2026-07-15 22:29:00,2.8915,2.8915,2.891,2.891,2.8965,2.8965,2.896,2.896,2
2026-07-15 22:30:00,2.8915,2.892,2.891,2.892,2.8965,2.897,2.896,2.897,7
2026-07-15 22:31:00,2.891,2.891,2.891,2.891,2.896,2.896,2.896,2.896,1
2026-07-15 22:32:00,2.892,2.892,2.891,2.891,2.897,2.897,2.896,2.896,3
2026-07-15 22:33:00,2.8905,2.891,2.8905,2.891,2.8955,2.896,2.8955,2.896,2
2026-07-15 22:34:00,2.892,2.892,2.8915,2.892,2.897,2.897,2.8965,2.897,3
2026-07-15 22:37:00,2.891,2.891,2.891,2.891,2.896,2.896,2.896,2.896,1
2026-07-15 22:40:00,2.892,2.893,2.892,2.892,2.897,2.898,2.897,2.897,3
2026-07-15 22:41:00,2.891,2.892,2.891,2.892,2.896,2.897,2.896,2.897,4
2026-07-15 22:42:00,2.8925,2.893,2.892,2.892,2.8975,2.898,2.897,2.897,3
2026-07-15 22:43:00,2.891,2.892,2.891,2.892,2.896,2.897,2.896,2.897,5
2026-07-15 22:44:00,2.893,2.893,2.893,2.893,2.898,2.898,2.898,2.898,1
2026-07-15 22:45:00,2.892,2.895,2.892,2.8945,2.897,2.9,2.897,2.8995,12
2026-07-15 22:46:00,2.894,2.895,2.894,2.895,2.899,2.9,2.899,2.9,7
2026-07-15 22:48:00,2.8945,2.8965,2.8945,2.896,2.8995,2.9015,2.8995,2.901,4
2026-07-15 22:49:00,2.897,2.897,2.896,2.896,2.902,2.902,2.901,2.901,5
2026-07-15 22:50:00,2.8965,2.8965,2.896,2.896,2.9015,2.9015,2.901,2.901,2
2026-07-15 22:51:00,2.8965,2.897,2.896,2.8965,2.9015,2.902,2.901,2.9015,5
2026-07-15 22:52:00,2.897,2.897,2.896,2.896,2.902,2.902,2.901,2.901,13
2026-07-15 22:53:00,2.8955,2.897,2.895,2.897,2.9005,2.902,2.9,2.902,4
2026-07-15 22:54:00,2.896,2.897,2.894,2.894,2.901,2.902,2.899,2.899,12
2026-07-15 22:55:00,2.895,2.895,2.892,2.892,2.9,2.9,2.897,2.897,6
2026-07-15 22:56:00,2.8925,2.893,2.892,2.893,2.8975,2.898,2.897,2.898,12
2026-07-15 22:57:00,2.892,2.892,2.892,2.892,2.897,2.897,2.897,2.897,1
2026-07-15 22:58:00,2.8915,2.8925,2.8915,2.8925,2.8965,2.8975,2.8965,2.8975,4
2026-07-15 22:59:00,2.892,2.8934,2.891,2.8915,2.897,2.8975,2.8954,2.8965,22
2026-07-16 00:00:00,2.8905,2.892,2.8855,2.8875,2.8955,2.897,2.8905,2.8925,15
2026-07-16 00:01:00,2.888,2.8895,2.888,2.889,2.893,2.8945,2.893,2.894,7
2026-07-16 00:02:00,2.8885,2.889,2.8885,2.889,2.8935,2.894,2.8935,2.894,2
2026-07-16 00:03:00,2.8895,2.8895,2.889,2.889,2.8945,2.8945,2.894,2.894,2
2026-07-16 00:04:00,2.8885,2.8885,2.8885,2.8885,2.8935,2.8935,2.8935,2.8935,1
2026-07-16 00:05:00,2.8865,2.8885,2.8865,2.8885,2.8915,2.8935,2.8915,2.8935,5
2026-07-16 00:06:00,2.887,2.887,2.8865,2.887,2.892,2.892,2.8915,2.892,3
2026-07-16 00:07:00,2.8875,2.8875,2.8875,2.8875,2.8925,2.8925,2.8925,2.8925,1
2026-07-16 00:08:00,2.886,2.886,2.8845,2.8845,2.891,2.891,2.8895,2.8895,4
2026-07-16 00:10:00,2.884,2.884,2.883,2.8835,2.889,2.889,2.888,2.8885,3
2026-07-16 00:11:00,2.883,2.883,2.8805,2.882,2.888,2.888,2.8855,2.887,6
2026-07-16 00:12:00,2.8815,2.8815,2.881,2.8815,2.8865,2.8865,2.886,2.8865,3
2026-07-16 00:13:00,2.882,2.883,2.882,2.883,2.887,2.888,2.887,2.888,3
2026-07-16 00:14:00,2.8835,2.8835,2.8835,2.8835,2.8885,2.8885,2.8885,2.8885,1
2026-07-16 00:18:00,2.8845,2.8845,2.8835,2.8835,2.8895,2.8895,2.8885,2.8885,2
2026-07-16 00:19:00,2.884,2.884,2.884,2.884,2.889,2.889,2.889,2.889,1
2026-07-16 00:21:00,2.8835,2.8835,2.8835,2.8835,2.8885,2.8885,2.8885,2.8885,1
2026-07-16 00:22:00,2.884,2.884,2.8835,2.8835,2.889,2.889,2.8885,2.8885,2
2026-07-16 00:25:00,2.8845,2.8855,2.8845,2.8845,2.8895,2.8905,2.8895,2.8895,3
2026-07-16 00:26:00,2.885,2.8855,2.8845,2.8845,2.89,2.8905,2.8895,2.8895,4
2026-07-16 00:45:00,2.884,2.884,2.884,2.884,2.889,2.889,2.889,2.889,1
2026-07-16 00:48:00,2.8845,2.885,2.8845,2.8845,2.8895,2.89,2.8895,2.8895,7
2026-07-16 00:49:00,2.885,2.885,2.8845,2.8845,2.89,2.89,2.8895,2.8895,8
2026-07-16 00:50:00,2.885,2.885,2.8845,2.8845,2.89,2.89,2.8895,2.8895,6
2026-07-16 00:51:00,2.885,2.8855,2.8845,2.8845,2.89,2.8905,2.8895,2.8895,10
2026-07-16 00:54:00,2.8835,2.884,2.8825,2.884,2.8885,2.889,2.8875,2.889,6
2026-07-16 00:55:00,2.885,2.885,2.8845,2.8845,2.89,2.89,2.8895,2.8895,8
2026-07-16 00:56:00,2.885,2.885,2.8845,2.8845,2.89,2.89,2.8895,2.8895,4
2026-07-16 01:02:00,2.8855,2.8865,2.884,2.884,2.8905,2.8915,2.889,2.889,8
2026-07-16 01:04:00,2.883,2.883,2.883,2.883,2.888,2.888,2.888,2.888,1
2026-07-16 01:07:00,2.8815,2.8825,2.881,2.881,2.8865,2.8875,2.886,2.886,4
2026-07-16 01:08:00,2.8805,2.8805,2.8795,2.8795,2.8855,2.8855,2.8845,2.8845,2
2026-07-16 01:09:00,2.88,2.8805,2.88,2.8805,2.885,2.8855,2.885,2.8855,2
2026-07-16 01:15:00,2.881,2.881,2.8805,2.8805,2.886,2.886,2.8855,2.8855,2
2026-07-16 01:22:00,2.881,2.881,2.8805,2.8805,2.886,2.886,2.8855,2.8855,2
2026-07-16 01:24:00,2.881,2.881,2.8805,2.8805,2.886,2.886,2.8855,2.8855,2
2026-07-16 01:25:00,2.881,2.881,2.881,2.881,2.886,2.886,2.886,2.886,1
2026-07-16 01:28:00,2.8805,2.8805,2.8805,2.8805,2.8855,2.8855,2.8855,2.8855,1
2026-07-16 01:33:00,2.8795,2.8805,2.8795,2.8805,2.8845,2.8855,2.8845,2.8855,2
2026-07-16 01:40:00,2.8815,2.8815,2.8815,2.8815,2.8865,2.8865,2.8865,2.8865,1
2026-07-16 01:42:00,2.881,2.881,2.8805,2.8805,2.886,2.886,2.8855,2.8855,2
2026-07-16 01:45:00,2.8795,2.8795,2.8795,2.8795,2.8845,2.8845,2.8845,2.8845,1
2026-07-16 01:47:00,2.88,2.88,2.8785,2.8785,2.885,2.885,2.8835,2.8835,6
2026-07-16 01:49:00,2.876,2.877,2.876,2.877,2.881,2.882,2.881,2.882,2
2026-07-16 01:50:00,2.8775,2.879,2.8775,2.878,2.8825,2.884,2.8825,2.883,4
2026-07-16 01:51:00,2.8775,2.8775,2.876,2.8765,2.8825,2.8825,2.881,2.8815,3
2026-07-16 01:53:00,2.876,2.876,2.8745,2.8745,2.881,2.881,2.8795,2.8795,5
2026-07-16 01:55:00,2.874,2.874,2.8735,2.8735,2.879,2.879,2.8785,2.8785,2
2026-07-16 01:56:00,2.872,2.872,2.8675,2.8685,2.877,2.877,2.8725,2.8735,8
2026-07-16 01:57:00,2.8695,2.8705,2.8695,2.8695,2.8745,2.8755,2.8745,2.8745,3
2026-07-16 01:58:00,2.87,2.8705,2.87,2.8705,2.875,2.8755,2.875,2.8755,2
2026-07-16 01:59:00,2.8695,2.8695,2.8695,2.8695,2.8745,2.8745,2.8745,2.8745,1
2026-07-16 02:00:00,2.8705,2.8725,2.8705,2.8705,2.8755,2.8775,2.8755,2.8755,5
2026-07-16 02:01:00,2.8695,2.87,2.8695,2.87,2.8745,2.875,2.8745,2.875,2
2026-07-16 02:02:00,2.8705,2.8705,2.8695,2.8695,2.8755,2.8755,2.8745,2.8745,2
2026-07-16 02:04:00,2.8685,2.8685,2.8675,2.8685,2.8735,2.8735,2.8725,2.8735,3
2026-07-16 02:05:00,2.8675,2.8695,2.8675,2.8685,2.8725,2.8745,2.8725,2.8735,5
2026-07-16 02:06:00,2.869,2.8695,2.867,2.8685,2.874,2.8745,2.872,2.8735,9
2026-07-16 02:07:00,2.8675,2.8675,2.8645,2.8655,2.8725,2.8725,2.8695,2.8705,12
2026-07-16 02:08:00,2.866,2.8665,2.866,2.8665,2.871,2.8715,2.871,2.8715,2
2026-07-16 02:09:00,2.8625,2.865,2.8605,2.865,2.8675,2.87,2.8655,2.87,18
2026-07-16 02:10:00,2.8645,2.8695,2.8645,2.8685,2.8695,2.8745,2.8695,2.8735,12
2026-07-16 02:11:00,2.869,2.8695,2.8685,2.869,2.874,2.8745,2.8735,2.874,4
2026-07-16 02:12:00,2.8685,2.8695,2.8685,2.8695,2.8735,2.8745,2.8735,2.8745,8
2026-07-16 02:13:00,2.87,2.8705,2.8695,2.8705,2.875,2.8755,2.8745,2.8755,3
2026-07-16 02:15:00,2.871,2.871,2.867,2.8675,2.876,2.876,2.872,2.8725,9
2026-07-16 02:17:00,2.868,2.869,2.8675,2.869,2.873,2.874,2.8725,2.874,4
2026-07-16 02:18:00,2.8685,2.8685,2.8685,2.8685,2.8735,2.8735,2.8735,2.8735,1
2026-07-16 02:19:00,2.8675,2.8675,2.8675,2.8675,2.8725,2.8725,2.8725,2.8725,1
2026-07-16 02:20:00,2.868,2.8685,2.868,2.868,2.873,2.8735,2.873,2.873,3
2026-07-16 02:21:00,2.8675,2.8675,2.8675,2.8675,2.8725,2.8725,2.8725,2.8725,1
2026-07-16 02:22:00,2.868,2.868,2.8675,2.868,2.873,2.873,2.8725,2.873,3
2026-07-16 02:23:00,2.8685,2.8685,2.8675,2.8675,2.8735,2.8735,2.8725,2.8725,6
2026-07-16 02:24:00,2.868,2.868,2.8665,2.867,2.873,2.873,2.8715,2.872,4
2026-07-16 02:25:00,2.8675,2.868,2.867,2.868,2.8725,2.873,2.872,2.873,6
2026-07-16 02:26:00,2.8675,2.868,2.8675,2.868,2.8725,2.873,2.8725,2.873,2
2026-07-16 02:27:00,2.8685,2.8685,2.8675,2.8675,2.8735,2.8735,2.8725,2.8725,2
2026-07-16 02:28:00,2.8685,2.869,2.8685,2.8685,2.8735,2.874,2.8735,2.8735,3
2026-07-16 02:30:00,2.869,2.869,2.869,2.869,2.874,2.874,2.874,2.874,1
2026-07-16 02:32:00,2.8685,2.8715,2.8685,2.8705,2.8735,2.8765,2.8735,2.8755,9
2026-07-16 02:33:00,2.871,2.8715,2.8705,2.8715,2.876,2.8765,2.8755,2.8765,6
2026-07-16 02:37:00,2.8705,2.8705,2.8705,2.8705,2.8755,2.8755,2.8755,2.8755,1
2026-07-16 02:43:00,2.8715,2.8715,2.8705,2.8705,2.8765,2.8765,2.8755,2.8755,4
2026-07-16 02:44:00,2.871,2.8715,2.8705,2.8715,2.876,2.8765,2.8755,2.8765,3
2026-07-16 02:45:00,2.871,2.871,2.8705,2.8705,2.876,2.876,2.8755,2.8755,2
2026-07-16 02:46:00,2.8695,2.8695,2.8695,2.8695,2.8745,2.8745,2.8745,2.8745,1
2026-07-16 02:48:00,2.87,2.87,2.8695,2.87,2.875,2.875,2.8745,2.875,13
2026-07-16 02:49:00,2.8695,2.8705,2.8695,2.8705,2.8745,2.8755,2.8745,2.8755,2
2026-07-16 02:50:00,2.8695,2.8705,2.8695,2.8705,2.8745,2.8755,2.8745,2.8755,5
2026-07-16 02:51:00,2.87,2.8745,2.8695,2.8735,2.875,2.8795,2.8745,2.8785,13
2026-07-16 02:52:00,2.873,2.873,2.8715,2.8715,2.878,2.878,2.8765,2.8765,4
2026-07-16 02:53:00,2.8725,2.8745,2.8715,2.8735,2.8775,2.8795,2.8765,2.8785,5
2026-07-16 02:54:00,2.8745,2.8745,2.8735,2.8745,2.8795,2.8795,2.8785,2.8795,5
2026-07-16 02:55:00,2.8755,2.8755,2.8745,2.8745,2.8805,2.8805,2.8795,2.8795,3
2026-07-16 02:56:00,2.8735,2.8745,2.8735,2.874,2.8785,2.8795,2.8785,2.879,5
2026-07-16 02:57:00,2.8745,2.8745,2.8745,2.8745,2.8795,2.8795,2.8795,2.8795,1
2026-07-16 02:58:00,2.874,2.8745,2.874,2.8745,2.879,2.8795,2.879,2.8795,4
2026-07-16 02:59:00,2.8735,2.8745,2.8735,2.8745,2.8785,2.8795,2.8785,2.8795,3
2026-07-16 03:00:00,2.874,2.8745,2.8735,2.8735,2.879,2.8795,2.8785,2.8785,5
2026-07-16 03:01:00,2.8745,2.879,2.8745,2.879,2.8795,2.884,2.8795,2.884,7
2026-07-16 03:02:00,2.8795,2.8805,2.8785,2.8795,2.8845,2.8855,2.8835,2.8845,7
2026-07-16 03:04:00,2.8785,2.8785,2.877,2.8785,2.8835,2.8835,2.882,2.8835,5
2026-07-16 03:05:00,2.8775,2.8775,2.8775,2.8775,2.8825,2.8825,2.8825,2.8825,1
2026-07-16 03:06:00,2.878,2.8785,2.878,2.8785,2.883,2.8835,2.883,2.8835,2
2026-07-16 03:08:00,2.878,2.8785,2.878,2.8785,2.883,2.8835,2.883,2.8835,2
2026-07-16 03:10:00,2.878,2.878,2.8775,2.878,2.883,2.883,2.8825,2.883,3
2026-07-16 03:11:00,2.8775,2.878,2.8775,2.878,2.8825,2.883,2.8825,2.883,2
2026-07-16 03:12:00,2.8775,2.878,2.8775,2.878,2.8825,2.883,2.8825,2.883,2
2026-07-16 03:13:00,2.8775,2.8775,2.8775,2.8775,2.8825,2.8825,2.8825,2.8825,1
2026-07-16 03:15:00,2.8765,2.8765,2.8765,2.8765,2.8815,2.8815,2.8815,2.8815,1
2026-07-16 03:16:00,2.8775,2.8775,2.877,2.877,2.8825,2.8825,2.882,2.882,2
2026-07-16 03:17:00,2.8775,2.8775,2.8765,2.8765,2.8825,2.8825,2.8815,2.8815,5
2026-07-16 03:18:00,2.8755,2.8755,2.8755,2.8755,2.8805,2.8805,2.8805,2.8805,1
2026-07-16 03:19:00,2.8745,2.8745,2.8735,2.8735,2.8795,2.8795,2.8785,2.8785,2
2026-07-16 03:20:00,2.8745,2.8745,2.874,2.874,2.8795,2.8795,2.879,2.879,2
2026-07-16 03:21:00,2.8735,2.8735,2.8725,2.8735,2.8785,2.8785,2.8775,2.8785,7
2026-07-16 03:22:00,2.8725,2.8725,2.872,2.8725,2.8775,2.8775,2.877,2.8775,3
2026-07-16 03:24:00,2.872,2.872,2.872,2.872,2.877,2.877,2.877,2.877,1
2026-07-16 03:25:00,2.8715,2.8725,2.8715,2.8715,2.8765,2.8775,2.8765,2.8765,3
2026-07-16 03:26:00,2.871,2.871,2.8705,2.8705,2.876,2.876,2.8755,2.8755,2
2026-07-16 03:27:00,2.8715,2.8715,2.8715,2.8715,2.8765,2.8765,2.8765,2.8765,1
2026-07-16 03:28:00,2.8725,2.8725,2.8715,2.872,2.8775,2.8775,2.8765,2.877,3
2026-07-16 03:29:00,2.8725,2.8725,2.872,2.8725,2.8775,2.8775,2.877,2.8775,3
2026-07-16 03:31:00,2.872,2.872,2.8715,2.8715,2.877,2.877,2.8765,2.8765,2
2026-07-16 03:32:00,2.8705,2.8705,2.8705,2.8705,2.8755,2.8755,2.8755,2.8755,1
2026-07-16 03:35:00,2.871,2.8715,2.871,2.8715,2.876,2.8765,2.876,2.8765,2
2026-07-16 03:36:00,2.871,2.8715,2.8705,2.8715,2.876,2.8765,2.8755,2.8765,4
2026-07-16 03:37:00,2.871,2.8715,2.871,2.871,2.876,2.8765,2.876,2.876,3
2026-07-16 03:39:00,2.8715,2.8715,2.8685,2.8685,2.8765,2.8765,2.8735,2.8735,8
2026-07-16 03:43:00,2.8695,2.8695,2.8695,2.8695,2.8745,2.8745,2.8745,2.8745,1
2026-07-16 03:44:00,2.869,2.869,2.869,2.869,2.874,2.874,2.874,2.874,1
2026-07-16 03:45:00,2.8695,2.8695,2.8685,2.8685,2.8745,2.8745,2.8735,2.8735,3
2026-07-16 03:46:00,2.869,2.869,2.869,2.869,2.874,2.874,2.874,2.874,1
2026-07-16 03:47:00,2.8695,2.8705,2.8695,2.87,2.8745,2.8755,2.8745,2.875,6
2026-07-16 03:48:00,2.8705,2.8705,2.87,2.8705,2.8755,2.8755,2.875,2.8755,3
2026-07-16 03:49:00,2.871,2.871,2.87,2.87,2.876,2.876,2.875,2.875,3
2026-07-16 03:50:00,2.8705,2.8705,2.8685,2.8685,2.8755,2.8755,2.8735,2.8735,7
2026-07-16 03:51:00,2.8695,2.8695,2.869,2.8695,2.8745,2.8745,2.874,2.8745,3
2026-07-16 03:54:00,2.8685,2.8685,2.8685,2.8685,2.8735,2.8735,2.8735,2.8735,1
2026-07-16 03:58:00,2.869,2.869,2.8685,2.8685,2.874,2.874,2.8735,2.8735,2
2026-07-16 04:01:00,2.8695,2.8695,2.8685,2.8695,2.8745,2.8745,2.8735,2.8745,4
2026-07-16 04:03:00,2.8685,2.8685,2.8685,2.8685,2.8735,2.8735,2.8735,2.8735,1
2026-07-16 04:11:00,2.8695,2.8705,2.8695,2.8705,2.8745,2.8755,2.8745,2.8755,2
2026-07-16 04:14:00,2.8695,2.8695,2.8695,2.8695,2.8745,2.8745,2.8745,2.8745,1
2026-07-16 04:16:00,2.8685,2.8695,2.8685,2.8695,2.8735,2.8745,2.8735,2.8745,2
2026-07-16 04:17:00,2.8705,2.8705,2.87,2.87,2.8755,2.8755,2.875,2.875,2
2026-07-16 04:18:00,2.8695,2.8695,2.8695,2.8695,2.8745,2.8745,2.8745,2.8745,1
2026-07-16 04:20:00,2.8685,2.8685,2.8685,2.8685,2.8735,2.8735,2.8735,2.8735,1
2026-07-16 04:23:00,2.8695,2.8695,2.8685,2.869,2.8745,2.8745,2.8735,2.874,7
2026-07-16 04:25:00,2.8695,2.8695,2.8695,2.8695,2.8745,2.8745,2.8745,2.8745,1
2026-07-16 04:26:00,2.869,2.8705,2.869,2.8705,2.874,2.8755,2.874,2.8755,5
2026-07-16 04:27:00,2.87,2.87,2.87,2.87,2.875,2.875,2.875,2.875,1
2026-07-16 04:29:00,2.8695,2.8695,2.8695,2.8695,2.8745,2.8745,2.8745,2.8745,1
2026-07-16 04:32:00,2.8685,2.8685,2.8645,2.8655,2.8735,2.8735,2.8695,2.8705,8
2026-07-16 04:33:00,2.866,2.8665,2.866,2.8665,2.871,2.8715,2.871,2.8715,2
2026-07-16 04:34:00,2.8655,2.8655,2.8645,2.865,2.8705,2.8705,2.8695,2.87,8
2026-07-16 04:35:00,2.8645,2.8665,2.8645,2.866,2.8695,2.8715,2.8695,2.871,4
2026-07-16 04:36:00,2.8665,2.8665,2.8665,2.8665,2.8715,2.8715,2.8715,2.8715,1
2026-07-16 04:37:00,2.866,2.866,2.866,2.866,2.871,2.871,2.871,2.871,1
2026-07-16 04:38:00,2.8665,2.8665,2.8665,2.8665,2.8715,2.8715,2.8715,2.8715,1
2026-07-16 04:39:00,2.866,2.8665,2.8655,2.8665,2.871,2.8715,2.8705,2.8715,4
2026-07-16 04:40:00,2.8675,2.8675,2.8655,2.8655,2.8725,2.8725,2.8705,2.8705,4
2026-07-16 04:41:00,2.8665,2.8665,2.865,2.8655,2.8715,2.8715,2.87,2.8705,12
2026-07-16 04:42:00,2.8665,2.8675,2.866,2.8665,2.8715,2.8725,2.871,2.8715,8
2026-07-16 04:44:00,2.866,2.866,2.8655,2.8655,2.871,2.871,2.8705,2.8705,2
2026-07-16 04:45:00,2.865,2.865,2.8625,2.8635,2.87,2.87,2.8675,2.8685,7
2026-07-16 04:46:00,2.8645,2.8645,2.864,2.864,2.8695,2.8695,2.869,2.869,6
2026-07-16 04:47:00,2.8635,2.8645,2.8635,2.8645,2.8685,2.8695,2.8685,2.8695,2
2026-07-16 04:49:00,2.8655,2.8655,2.8645,2.865,2.8705,2.8705,2.8695,2.87,4
2026-07-16 04:50:00,2.8645,2.8655,2.8645,2.865,2.8695,2.8705,2.8695,2.87,3
2026-07-16 04:51:00,2.8645,2.8645,2.8635,2.8635,2.8695,2.8695,2.8685,2.8685,3
2026-07-16 04:52:00,2.864,2.8645,2.8635,2.8635,2.869,2.8695,2.8685,2.8685,3
2026-07-16 04:54:00,2.863,2.8645,2.8625,2.864,2.868,2.8695,2.8675,2.869,7
2026-07-16 04:55:00,2.8645,2.8645,2.8645,2.8645,2.8695,2.8695,2.8695,2.8695,1
2026-07-16 04:56:00,2.8655,2.8655,2.8655,2.8655,2.8705,2.8705,2.8705,2.8705,1
2026-07-16 04:57:00,2.866,2.8665,2.8655,2.8665,2.871,2.8715,2.8705,2.8715,3
2026-07-16 04:58:00,2.8655,2.8655,2.865,2.8655,2.8705,2.8705,2.87,2.8705,3
2026-07-16 05:00:00,2.865,2.865,2.8635,2.8635,2.87,2.87,2.8685,2.8685,3
2026-07-16 05:03:00,2.8625,2.8635,2.8625,2.8635,2.8675,2.8685,2.8675,2.8685,2
2026-07-16 05:05:00,2.863,2.8635,2.8615,2.8625,2.868,2.8685,2.8665,2.8675,12
2026-07-16 05:06:00,2.8635,2.8645,2.8635,2.8645,2.8685,2.8695,2.8685,2.8695,4
2026-07-16 05:07:00,2.864,2.8645,2.8635,2.8645,2.869,2.8695,2.8685,2.8695,5
2026-07-16 05:08:00,2.8635,2.8635,2.8635,2.8635,2.8685,2.8685,2.8685,2.8685,1
2026-07-16 05:09:00,2.864,2.8645,2.864,2.8645,2.869,2.8695,2.869,2.8695,2
2026-07-16 05:10:00,2.864,2.864,2.864,2.864,2.869,2.869,2.869,2.869,1
2026-07-16 05:11:00,2.8645,2.8645,2.8645,2.8645,2.8695,2.8695,2.8695,2.8695,1
2026-07-16 05:13:00,2.865,2.8655,2.865,2.8655,2.87,2.8705,2.87,2.8705,2
2026-07-16 05:15:00,2.8665,2.8665,2.866,2.866,2.8715,2.8715,2.871,2.871,2
2026-07-16 05:16:00,2.8655,2.8655,2.8645,2.8655,2.8705,2.8705,2.8695,2.8705,3
2026-07-16 05:18:00,2.865,2.8655,2.865,2.865,2.87,2.8705,2.87,2.87,5
2026-07-16 05:19:00,2.8665,2.8675,2.8655,2.866,2.87,2.8705,2.87,2.87,10
2026-07-16 05:20:00,2.8665,2.8665,2.866,2.866,2.8715,2.8725,2.8705,2.871,2
2026-07-16 05:21:00,2.8665,2.8675,2.866,2.8665,2.8715,2.8715,2.871,2.871,5
2026-07-16 05:22:00,2.8675,2.8675,2.8675,2.8675,2.8715,2.8725,2.871,2.8715,1
2026-07-16 05:25:00,2.8665,2.8665,2.8655,2.8665,2.8725,2.8725,2.8725,2.8725,9
2026-07-16 05:26:00,2.866,2.8665,2.8655,2.8665,2.8715,2.8715,2.8705,2.8715,4
2026-07-16 05:27:00,2.866,2.8695,2.8655,2.8665,2.871,2.8715,2.8705,2.8715,10
2026-07-16 05:28:00,2.866,2.8675,2.8655,2.867,2.871,2.8745,2.8705,2.8715,5
2026-07-16 05:29:00,2.8675,2.8685,2.867,2.8685,2.871,2.8725,2.8705,2.872,4
2026-07-16 05:30:00,2.8695,2.8745,2.8685,2.8735,2.8725,2.8735,2.872,2.8735,30
2026-07-16 05:31:00,2.8725,2.8725,2.8705,2.8705,2.8745,2.8795,2.8735,2.8785,17
2026-07-16 05:32:00,2.8715,2.8715,2.8695,2.8705,2.8775,2.8775,2.8755,2.8755,31
2026-07-16 05:33:00,2.8695,2.8705,2.8695,2.87,2.8765,2.8765,2.8745,2.8755,8
2026-07-16 05:34:00,2.8695,2.8695,2.8685,2.8695,2.8745,2.8755,2.8745,2.875,4
2026-07-16 05:35:00,2.87,2.8725,2.8695,2.8715,2.8745,2.8745,2.8735,2.8745,9
2026-07-16 05:36:00,2.8725,2.873,2.871,2.8715,2.875,2.8775,2.8745,2.8765,9
2026-07-16 05:37:00,2.8705,2.871,2.8695,2.871,2.8775,2.878,2.876,2.8765,11
2026-07-16 05:38:00,2.8715,2.8715,2.8705,2.871,2.8755,2.876,2.8745,2.876,5
2026-07-16 05:39:00,2.8715,2.8715,2.8705,2.8715,2.8765,2.8765,2.8755,2.876,4
2026-07-16 05:41:00,2.8705,2.873,2.8705,2.873,2.8765,2.8765,2.8755,2.8765,4
2026-07-16 05:42:00,2.8735,2.8735,2.8725,2.873,2.8755,2.878,2.8755,2.878,8
2026-07-16 05:43:00,2.8725,2.873,2.8725,2.873,2.8785,2.8785,2.8775,2.878,4
2026-07-16 05:44:00,2.8735,2.8735,2.8725,2.8735,2.8775,2.878,2.8775,2.878,5
2026-07-16 05:45:00,2.873,2.8735,2.872,2.8725,2.8785,2.8785,2.8775,2.8785,20
2026-07-16 05:46:00,2.873,2.873,2.8725,2.8725,2.878,2.8785,2.877,2.8775,12
2026-07-16 05:47:00,2.873,2.878,2.873,2.878,2.878,2.878,2.8775,2.8775,11
2026-07-16 05:48:00,2.8785,2.8785,2.8775,2.8775,2.878,2.883,2.878,2.883,9
2026-07-16 05:49:00,2.878,2.878,2.8765,2.8775,2.8835,2.8835,2.8825,2.8825,6
2026-07-16 05:50:00,2.8765,2.8775,2.8745,2.8745,2.883,2.883,2.8815,2.8825,11
2026-07-16 05:51:00,2.875,2.8755,2.875,2.8755,2.8815,2.8825,2.8795,2.8795,2
2026-07-16 05:52:00,2.875,2.8755,2.875,2.8755,2.88,2.8805,2.88,2.8805,2
2026-07-16 05:54:00,2.8745,2.8765,2.8745,2.8765,2.88,2.8805,2.88,2.8805,6
2026-07-16 05:55:00,2.8755,2.8755,2.8755,2.8755,2.8795,2.8815,2.8795,2.8815,1
2026-07-16 05:56:00,2.875,2.875,2.875,2.875,2.8805,2.8805,2.8805,2.8805,1
2026-07-16 05:57:00,2.8755,2.8765,2.8755,2.8765,2.88,2.88,2.88,2.88,2
2026-07-16 05:58:00,2.8755,2.8755,2.8735,2.8735,2.8805,2.8815,2.8805,2.8815,4
2026-07-16 05:59:00,2.8745,2.8745,2.8735,2.8735,2.8805,2.8805,2.8785,2.8785,2
2026-07-16 06:00:00,2.8745,2.8745,2.8745,2.8745,2.8795,2.8795,2.8785,2.8785,1
2026-07-16 06:01:00,2.8755,2.8765,2.8755,2.8755,2.8795,2.8795,2.8795,2.8795,3
2026-07-16 06:02:00,2.8765,2.8765,2.8765,2.8765,2.8805,2.8815,2.8805,2.8805,1
2026-07-16 06:05:00,2.8775,2.8775,2.8765,2.8775,2.8815,2.8815,2.8815,2.8815,3
2026-07-16 06:06:00,2.8765,2.8765,2.8755,2.8755,2.8825,2.8825,2.8815,2.8825,3
2026-07-16 06:07:00,2.8765,2.8765,2.8765,2.8765,2.8815,2.8815,2.8805,2.8805,1
2026-07-16 06:09:00,2.8775,2.8775,2.8755,2.8755,2.8815,2.8815,2.8815,2.8815,5
2026-07-16 06:11:00,2.876,2.8765,2.876,2.876,2.8825,2.8825,2.8805,2.8805,3
2026-07-16 06:15:00,2.8765,2.8765,2.8765,2.8765,2.881,2.8815,2.881,2.881,1
2026-07-16 06:17:00,2.8775,2.8775,2.8775,2.8775,2.8815,2.8815,2.8815,2.8815,1
2026-07-16 06:18:00,2.878,2.878,2.878,2.878,2.8825,2.8825,2.8825,2.8825,1
2026-07-16 06:19:00,2.8775,2.8775,2.8775,2.8775,2.883,2.883,2.883,2.883,1
2026-07-16 06:21:00,2.8785,2.8785,2.8785,2.8785,2.8825,2.8825,2.8825,2.8825,1
2026-07-16 06:22:00,2.8775,2.8785,2.8775,2.8785,2.8835,2.8835,2.8835,2.8835,3
2026-07-16 06:24:00,2.878,2.878,2.8775,2.8775,2.8825,2.8835,2.8825,2.8835,2
2026-07-16 06:25:00,2.878,2.8785,2.878,2.8785,2.883,2.883,2.8825,2.8825,4
2026-07-16 06:26:00,2.878,2.8805,2.878,2.8795,2.883,2.8835,2.883,2.8835,5
2026-07-16 06:27:00,2.8805,2.8815,2.8805,2.8815,2.883,2.8855,2.883,2.8845,2
2026-07-16 06:28:00,2.8825,2.8825,2.8815,2.8825,2.8855,2.8865,2.8855,2.8865,3
2026-07-16 06:30:00,2.883,2.8835,2.8805,2.8815,2.8875,2.8875,2.8865,2.8875,6
2026-07-16 06:31:00,2.8825,2.8845,2.8815,2.8835,2.888,2.8885,2.8855,2.8865,12
2026-07-16 06:32:00,2.883,2.8835,2.8805,2.8835,2.8875,2.8895,2.8865,2.8885,10
2026-07-16 06:33:00,2.884,2.8845,2.884,2.8845,2.888,2.8885,2.8855,2.8885,2
2026-07-16 06:34:00,2.884,2.884,2.8835,2.8835,2.889,2.8895,2.889,2.8895,2
2026-07-16 06:35:00,2.8825,2.8835,2.8825,2.8835,2.889,2.889,2.8885,2.8885,3
2026-07-16 06:38:00,2.883,2.883,2.8805,2.8815,2.8875,2.8885,2.8875,2.8885,6
2026-07-16 06:41:00,2.881,2.8815,2.881,2.8815,2.888,2.888,2.8855,2.8865,4
2026-07-16 06:43:00,2.8825,2.8825,2.8825,2.8825,2.886,2.8865,2.886,2.8865,1
2026-07-16 06:44:00,2.8815,2.8815,2.8815,2.8815,2.8875,2.8875,2.8875,2.8875,1
2026-07-16 06:46:00,2.881,2.8815,2.881,2.8815,2.8865,2.8865,2.8865,2.8865,6
2026-07-16 06:49:00,2.882,2.882,2.8805,2.8805,2.886,2.8865,2.886,2.8865,3
2026-07-16 06:50:00,2.8815,2.8815,2.8815,2.8815,2.887,2.887,2.8855,2.8855,1
2026-07-16 06:55:00,2.8825,2.8825,2.8825,2.8825,2.8865,2.8865,2.8865,2.8865,1
2026-07-16 06:56:00,2.8835,2.8845,2.8835,2.8845,2.8875,2.8875,2.8875,2.8875,2
2026-07-16 06:57:00,2.8835,2.8855,2.8835,2.8835,2.8885,2.8895,2.8885,2.8895,8
2026-07-16 06:58:00,2.884,2.884,2.8835,2.8835,2.8885,2.8905,2.8885,2.8885,6
2026-07-16 06:59:00,2.883,2.883,2.883,2.883,2.889,2.889,2.8885,2.8885,1
2026-07-16 07:00:00,2.8825,2.8825,2.8815,2.8815,2.888,2.888,2.888,2.888,3
2026-07-16 07:01:00,2.8805,2.8805,2.8805,2.8805,2.8875,2.8875,2.8865,2.8865,1
2026-07-16 07:02:00,2.88,2.8805,2.88,2.8805,2.8855,2.8855,2.8855,2.8855,2
2026-07-16 07:04:00,2.88,2.8805,2.8795,2.8805,2.885,2.8855,2.885,2.8855,3
2026-07-16 07:06:00,2.8795,2.8795,2.8785,2.8795,2.885,2.8855,2.8845,2.8855,5
2026-07-16 07:07:00,2.8805,2.8805,2.8795,2.8795,2.8845,2.8845,2.8835,2.8845,2
2026-07-16 07:08:00,2.8805,2.8805,2.8795,2.88,2.8855,2.8855,2.8845,2.8845,9
2026-07-16 07:09:00,2.8805,2.8805,2.88,2.88,2.8855,2.8855,2.8845,2.885,4
2026-07-16 07:10:00,2.8805,2.8805,2.8795,2.8795,2.8855,2.8855,2.885,2.885,3
2026-07-16 07:12:00,2.8785,2.8795,2.8785,2.8795,2.8855,2.8855,2.8845,2.8845,3
2026-07-16 07:15:00,2.879,2.8795,2.8785,2.8785,2.8835,2.8845,2.8835,2.8845,4
2026-07-16 07:16:00,2.879,2.879,2.8785,2.8785,2.884,2.8845,2.8835,2.8835,2
2026-07-16 07:18:00,2.8795,2.8795,2.878,2.878,2.884,2.884,2.8835,2.8835,5
2026-07-16 07:19:00,2.8775,2.878,2.8775,2.878,2.8845,2.8845,2.883,2.883,2
2026-07-16 07:20:00,2.8775,2.879,2.8775,2.879,2.8825,2.883,2.8825,2.883,4
2026-07-16 07:21:00,2.8785,2.8785,2.8785,2.8785,2.8825,2.884,2.8825,2.884,1
2026-07-16 07:25:00,2.8775,2.8775,2.8755,2.8755,2.8835,2.8835,2.8835,2.8835,3
2026-07-16 07:26:00,2.875,2.875,2.8735,2.8745,2.8825,2.8825,2.8805,2.8805,4
2026-07-16 07:27:00,2.8755,2.8755,2.8755,2.8755,2.88,2.88,2.8785,2.8795,1
2026-07-16 07:29:00,2.8745,2.8755,2.8745,2.8755,2.8805,2.8805,2.8805,2.8805,2
2026-07-16 07:30:00,2.8745,2.8755,2.8735,2.8745,2.8795,2.8805,2.8795,2.8805,9
2026-07-16 07:31:00,2.8735,2.8745,2.8735,2.8735,2.8795,2.8805,2.8785,2.8795,6
2026-07-16 07:32:00,2.874,2.875,2.874,2.875,2.8785,2.8795,2.8785,2.8785,3
2026-07-16 07:33:00,2.8745,2.8745,2.873,2.873,2.879,2.88,2.879,2.88,8
2026-07-16 07:34:00,2.8735,2.8735,2.873,2.873,2.8795,2.8795,2.878,2.878,2
2026-07-16 07:35:00,2.8725,2.8725,2.8725,2.8725,2.8785,2.8785,2.878,2.878,1
2026-07-16 07:36:00,2.8735,2.8745,2.8735,2.8745,2.8775,2.8775,2.8775,2.8775,2
2026-07-16 07:37:00,2.8755,2.8755,2.8755,2.8755,2.8785,2.8795,2.8785,2.8795,1
2026-07-16 07:38:00,2.8765,2.8775,2.8765,2.8775,2.8805,2.8805,2.8805,2.8805,2
2026-07-16 07:39:00,2.8765,2.8775,2.8765,2.8765,2.8815,2.8825,2.8815,2.8825,4
2026-07-16 07:40:00,2.8775,2.8775,2.8765,2.8765,2.8815,2.8825,2.8815,2.8815,2
2026-07-16 07:41:00,2.876,2.876,2.874,2.875,2.8825,2.8825,2.8815,2.8815,6
2026-07-16 07:42:00,2.8745,2.8745,2.8745,2.8745,2.881,2.881,2.879,2.88,1
2026-07-16 07:43:00,2.8735,2.8735,2.8735,2.8735,2.8795,2.8795,2.8795,2.8795,1
2026-07-16 07:45:00,2.874,2.8745,2.874,2.8745,2.8785,2.8785,2.8785,2.8785,2
2026-07-16 07:48:00,2.875,2.875,2.875,2.875,2.879,2.8795,2.879,2.8795,1
2026-07-16 07:49:00,2.8755,2.8755,2.8745,2.875,2.88,2.88,2.88,2.88,5
2026-07-16 07:50:00,2.8755,2.8755,2.8745,2.8745,2.8805,2.8805,2.8795,2.88,3
2026-07-16 07:51:00,2.8735,2.8735,2.8735,2.8735,2.8805,2.8805,2.8795,2.8795,1
2026-07-16 07:52:00,2.8725,2.8725,2.8705,2.8705,2.8785,2.8785,2.8785,2.8785,7
2026-07-16 07:53:00,2.8715,2.872,2.8715,2.872,2.8775,2.8775,2.8755,2.8755,2
2026-07-16 07:54:00,2.871,2.871,2.8705,2.871,2.8765,2.877,2.8765,2.877,3
2026-07-16 07:55:00,2.8715,2.8725,2.8715,2.8725,2.876,2.876,2.8755,2.876,2
2026-07-16 07:56:00,2.872,2.872,2.8685,2.8705,2.8765,2.8775,2.8765,2.8775,7
2026-07-16 07:58:00,2.87,2.87,2.869,2.869,2.877,2.877,2.8735,2.8755,6
2026-07-16 07:59:00,2.8685,2.8685,2.8685,2.8685,2.875,2.875,2.874,2.874,1
2026-07-16 08:00:00,2.8695,2.8715,2.868,2.8715,2.8735,2.8735,2.8735,2.8735,18
2026-07-16 08:01:00,2.872,2.872,2.8705,2.8705,2.8745,2.8765,2.873,2.8765,7
2026-07-16 08:02:00,2.8695,2.8705,2.8685,2.8705,2.877,2.877,2.8755,2.8755,7
2026-07-16 08:03:00,2.8695,2.87,2.8685,2.8685,2.8745,2.8755,2.8735,2.8755,11
2026-07-16 08:04:00,2.8695,2.8695,2.8675,2.8685,2.8745,2.875,2.8735,2.8735,11
2026-07-16 08:05:00,2.8675,2.8675,2.8665,2.8675,2.8745,2.8745,2.8725,2.8735,3
2026-07-16 08:06:00,2.8685,2.873,2.8675,2.8725,2.8725,2.8725,2.8715,2.8725,20
2026-07-16 08:07:00,2.8735,2.8735,2.8705,2.8715,2.8735,2.878,2.8725,2.8775,10
2026-07-16 08:08:00,2.8705,2.8715,2.8695,2.8715,2.8785,2.8785,2.8755,2.8765,8
2026-07-16 08:09:00,2.8725,2.8735,2.8705,2.8725,2.8755,2.8765,2.8745,2.8765,10
2026-07-16 08:10:00,2.872,2.873,2.8715,2.8725,2.8775,2.8785,2.8755,2.8775,8
2026-07-16 08:11:00,2.872,2.872,2.8685,2.8695,2.877,2.878,2.8765,2.8775,12
2026-07-16 08:12:00,2.87,2.87,2.8695,2.87,2.877,2.877,2.8735,2.8745,3
2026-07-16 08:13:00,2.8705,2.8705,2.8685,2.8695,2.875,2.875,2.8745,2.875,10
2026-07-16 08:14:00,2.869,2.869,2.8675,2.8685,2.8755,2.8755,2.8735,2.8745,6
2026-07-16 08:15:00,2.868,2.8685,2.867,2.8675,2.874,2.874,2.8725,2.8735,5
2026-07-16 08:16:00,2.867,2.868,2.8665,2.8675,2.873,2.8735,2.872,2.8725,9
2026-07-16 08:17:00,2.867,2.8685,2.8665,2.8685,2.872,2.873,2.8715,2.8725,10
2026-07-16 08:18:00,2.8675,2.8695,2.8675,2.8675,2.872,2.8735,2.8715,2.8735,6
2026-07-16 08:19:00,2.867,2.8675,2.8665,2.8675,2.8725,2.8745,2.8725,2.8725,4
2026-07-16 08:20:00,2.8685,2.8685,2.8625,2.8655,2.872,2.8725,2.8715,2.8725,13
2026-07-16 08:21:00,2.865,2.8655,2.8645,2.8645,2.8735,2.8735,2.8675,2.8705,6
2026-07-16 08:22:00,2.8655,2.8655,2.863,2.8635,2.87,2.8705,2.8695,2.8695,7
2026-07-16 08:23:00,2.8625,2.8635,2.8625,2.8635,2.8705,2.8705,2.868,2.8685,4
2026-07-16 08:27:00,2.8625,2.8625,2.8625,2.8625,2.8675,2.8685,2.8675,2.8685,1
2026-07-16 08:28:00,2.862,2.8625,2.8615,2.862,2.8675,2.8675,2.8675,2.8675,6
2026-07-16 08:29:00,2.8625,2.8625,2.8615,2.8615,2.867,2.8675,2.8665,2.867,2
2026-07-16 08:30:00,2.8625,2.8635,2.8615,2.8615,2.8675,2.8675,2.8665,2.8665,10
2026-07-16 08:31:00,2.8625,2.8625,2.8545,2.857,2.8675,2.8685,2.8665,2.8665,21
2026-07-16 08:32:00,2.8565,2.8575,2.8565,2.857,2.8675,2.8675,2.8595,2.862,7
2026-07-16 08:33:00,2.8575,2.8575,2.853,2.8555,2.8615,2.8625,2.8615,2.862,24
2026-07-16 08:34:00,2.855,2.8555,2.855,2.8555,2.8625,2.8625,2.858,2.8605,2
2026-07-16 08:35:00,2.8545,2.8575,2.8535,2.8575,2.86,2.8605,2.86,2.8605,17
2026-07-16 08:36:00,2.858,2.858,2.8565,2.8565,2.8595,2.8625,2.8585,2.8625,3
2026-07-16 08:37:00,2.857,2.8595,2.8565,2.859,2.863,2.863,2.8615,2.8615,17
2026-07-16 08:38:00,2.8585,2.8585,2.8575,2.8585,2.862,2.8645,2.8615,2.864,5
2026-07-16 08:39:00,2.8575,2.8595,2.8565,2.8585,2.8635,2.8635,2.8625,2.8635,12
2026-07-16 08:41:00,2.8595,2.8605,2.8595,2.86,2.8625,2.8645,2.8615,2.8635,5
2026-07-16 08:42:00,2.8605,2.8615,2.8605,2.8615,2.8645,2.8655,2.8645,2.865,2
2026-07-16 08:43:00,2.8625,2.8625,2.8615,2.8615,2.8655,2.8665,2.8655,2.8665,3
2026-07-16 08:44:00,2.8625,2.8625,2.8615,2.8625,2.8675,2.8675,2.8665,2.8665,4
2026-07-16 08:45:00,2.8615,2.8625,2.8605,2.8615,2.8675,2.8675,2.8665,2.8675,8
2026-07-16 08:46:00,2.8625,2.8625,2.8615,2.8625,2.8665,2.8675,2.8655,2.8665,6
2026-07-16 08:47:00,2.8615,2.8645,2.8615,2.8615,2.8675,2.8675,2.8665,2.8675,8
2026-07-16 08:48:00,2.8605,2.8605,2.8595,2.8595,2.8665,2.8695,2.8665,2.8665,2
2026-07-16 08:49:00,2.8585,2.8595,2.8585,2.8595,2.8655,2.8655,2.8645,2.8645,8
2026-07-16 08:50:00,2.8585,2.8595,2.8585,2.8595,2.8635,2.8645,2.8635,2.8645,3
2026-07-16 08:51:00,2.8585,2.8595,2.8585,2.8595,2.8635,2.8645,2.8635,2.8645,2
2026-07-16 08:52:00,2.8585,2.8585,2.8585,2.8585,2.8635,2.8645,2.8635,2.8645,1
2026-07-16 08:55:00,2.8575,2.8585,2.8575,2.8585,2.8635,2.8635,2.8635,2.8635,2
2026-07-16 08:56:00,2.858,2.8595,2.8575,2.8585,2.8625,2.8635,2.8625,2.8635,10
2026-07-16 08:57:00,2.8595,2.8605,2.8595,2.8595,2.863,2.8645,2.8625,2.8635,5
2026-07-16 08:58:00,2.8585,2.8585,2.8555,2.8555,2.8645,2.8655,2.8645,2.8645,4
2026-07-16 08:59:00,2.8545,2.8545,2.8505,2.8525,2.8635,2.8635,2.8605,2.8605,17
2026-07-16 09:00:00,2.8515,2.8525,2.8505,2.8515,2.8595,2.8595,2.8555,2.8575,20
2026-07-16 09:01:00,2.852,2.8525,2.8505,2.8515,2.8565,2.8575,2.8555,2.8565,8
2026-07-16 09:02:00,2.8525,2.8535,2.8525,2.8525,2.857,2.8575,2.8555,2.8565,6
2026-07-16 09:03:00,2.852,2.8525,2.852,2.8525,2.8575,2.8585,2.8575,2.8575,4
2026-07-16 09:04:00,2.8515,2.8525,2.8505,2.8505,2.857,2.8575,2.857,2.8575,6
2026-07-16 09:05:00,2.8495,2.8515,2.8485,2.8505,2.8565,2.8575,2.8555,2.8555,8
2026-07-16 09:06:00,2.8495,2.8515,2.8495,2.8505,2.8545,2.8565,2.8535,2.8555,8
2026-07-16 09:07:00,2.8495,2.8505,2.8495,2.8495,2.8545,2.8565,2.8545,2.8555,3
2026-07-16 09:08:00,2.8505,2.8525,2.8495,2.8515,2.8545,2.8555,2.8545,2.8545,14
2026-07-16 09:09:00,2.851,2.8535,2.851,2.8535,2.8555,2.8575,2.8545,2.8565,4
2026-07-16 09:10:00,2.854,2.8545,2.8525,2.8525,2.856,2.8585,2.856,2.8585,5
2026-07-16 09:11:00,2.852,2.8545,2.8515,2.8545,2.859,2.8595,2.8575,2.8575,20
2026-07-16 09:12:00,2.8535,2.8555,2.8535,2.8545,2.857,2.8595,2.8565,2.8595,5
2026-07-16 09:13:00,2.8535,2.8545,2.8535,2.8545,2.8585,2.8605,2.8585,2.8595,4
2026-07-16 09:14:00,2.854,2.854,2.8535,2.8535,2.8585,2.8595,2.8585,2.8595,2
2026-07-16 09:15:00,2.8525,2.8535,2.8505,2.8515,2.859,2.859,2.8585,2.8585,21
2026-07-16 09:16:00,2.851,2.8515,2.8505,2.8515,2.8575,2.8585,2.8555,2.8565,8
2026-07-16 09:17:00,2.851,2.8515,2.8505,2.8515,2.856,2.8565,2.8555,2.8565,4
2026-07-16 09:18:00,2.851,2.851,2.8485,2.8485,2.856,2.8565,2.8555,2.8565,5
2026-07-16 09:19:00,2.8495,2.8505,2.8495,2.8505,2.856,2.856,2.8535,2.8535,7
2026-07-16 09:20:00,2.85,2.8505,2.8495,2.8495,2.8545,2.8555,2.8545,2.8555,3
2026-07-16 09:21:00,2.8485,2.8485,2.8475,2.8485,2.855,2.8555,2.8545,2.8545,4
2026-07-16 09:22:00,2.8475,2.848,2.8465,2.8475,2.8535,2.8535,2.8525,2.8535,6
2026-07-16 09:23:00,2.8465,2.8475,2.8455,2.8465,2.8525,2.853,2.8515,2.8525,7
2026-07-16 09:24:00,2.8455,2.8455,2.8455,2.8455,2.8515,2.8525,2.8505,2.8515,1
2026-07-16 09:25:00,2.8465,2.8475,2.8455,2.8475,2.8505,2.8505,2.8505,2.8505,16
2026-07-16 09:26:00,2.8465,2.8495,2.8465,2.8485,2.8515,2.8525,2.8505,2.8525,7
2026-07-16 09:27:00,2.848,2.8485,2.8465,2.8465,2.8515,2.8545,2.8515,2.8535,12
2026-07-16 09:28:00,2.846,2.8465,2.8455,2.8455,2.853,2.8535,2.8515,2.8515,7
2026-07-16 09:29:00,2.8465,2.8475,2.8465,2.847,2.851,2.8515,2.8505,2.8505,8
2026-07-16 09:30:00,2.8465,2.8495,2.8465,2.8495,2.8515,2.8525,2.8515,2.852,17
2026-07-16 09:32:00,2.8485,2.8495,2.8485,2.8495,2.8515,2.8545,2.8515,2.8545,2
2026-07-16 09:33:00,2.8485,2.8485,2.8475,2.8475,2.8535,2.8545,2.8535,2.8545,8
2026-07-16 09:34:00,2.8465,2.8475,2.8435,2.8435,2.8535,2.8535,2.8525,2.8525,14
2026-07-16 09:35:00,2.8425,2.8455,2.8425,2.8445,2.8515,2.8525,2.8485,2.8485,10
2026-07-16 09:36:00,2.8455,2.8455,2.8445,2.8445,2.8475,2.8505,2.8475,2.8495,2
2026-07-16 09:37:00,2.8455,2.8475,2.8445,2.8475,2.8505,2.8505,2.8495,2.8495,5
2026-07-16 09:39:00,2.8485,2.8495,2.8485,2.8495,2.8505,2.8525,2.8495,2.8525,6
2026-07-16 09:40:00,2.8505,2.851,2.8505,2.8505,2.8535,2.8545,2.8535,2.8545,3
2026-07-16 09:41:00,2.8495,2.8495,2.8495,2.8495,2.8555,2.856,2.8555,2.8555,1
2026-07-16 09:42:00,2.8505,2.8525,2.8505,2.8515,2.8545,2.8545,2.8545,2.8545,6
2026-07-16 09:43:00,2.852,2.8525,2.852,2.8525,2.8555,2.8575,2.8555,2.8565,2
2026-07-16 09:45:00,2.8515,2.8535,2.8515,2.8535,2.857,2.8575,2.857,2.8575,3
2026-07-16 09:46:00,2.8525,2.8535,2.8525,2.8525,2.8565,2.8585,2.8565,2.8585,5
2026-07-16 09:47:00,2.8515,2.8535,2.8515,2.8535,2.8575,2.8585,2.8575,2.8575,4
2026-07-16 09:49:00,2.8545,2.8555,2.8545,2.8555,2.8565,2.8585,2.8565,2.8585,7
2026-07-16 09:50:00,2.8565,2.8575,2.8555,2.8565,2.8595,2.8605,2.8595,2.8605,7
2026-07-16 09:51:00,2.8555,2.857,2.8555,2.8565,2.8615,2.8625,2.8605,2.8615,6
2026-07-16 09:52:00,2.8555,2.8595,2.8555,2.8595,2.8605,2.862,2.8605,2.8615,5
2026-07-16 09:53:00,2.8605,2.8615,2.8605,2.8605,2.8605,2.8645,2.8605,2.8645,4
2026-07-16 09:54:00,2.8615,2.8625,2.8605,2.8615,2.8655,2.8665,2.8655,2.8655,7
2026-07-16 09:55:00,2.8605,2.8635,2.8605,2.8635,2.8665,2.8675,2.8655,2.8665,9
2026-07-16 09:56:00,2.8645,2.8645,2.8605,2.861,2.8655,2.8685,2.8655,2.8685,14
2026-07-16 09:57:00,2.8615,2.8625,2.8605,2.8615,2.8695,2.8695,2.8655,2.866,12
2026-07-16 09:58:00,2.862,2.8625,2.8605,2.8625,2.8665,2.8675,2.8655,2.8665,6
2026-07-16 09:59:00,2.8615,2.8655,2.8615,2.8635,2.867,2.8675,2.8655,2.8675,11
2026-07-16 10:00:00,2.8645,2.8665,2.8645,2.8665,2.8665,2.8705,2.8665,2.8685,3
2026-07-16 10:01:00,2.8675,2.8715,2.8675,2.8705,2.8695,2.8715,2.8695,2.8715,18
2026-07-16 10:02:00,2.871,2.8725,2.8685,2.8695,2.8725,2.8765,2.8725,2.8755,27
2026-07-16 10:03:00,2.87,2.8735,2.8695,2.8735,2.876,2.8775,2.8735,2.8745,24
2026-07-16 10:04:00,2.8745,2.8765,2.8735,2.8765,2.875,2.8785,2.8745,2.8785,14
2026-07-16 10:05:00,2.8775,2.8795,2.8765,2.8765,2.8795,2.8815,2.8785,2.8815,18
2026-07-16 10:06:00,2.876,2.8805,2.876,2.8795,2.8825,2.8845,2.8815,2.8815,28
2026-07-16 10:07:00,2.8805,2.8825,2.8805,2.8805,2.881,2.8855,2.881,2.8845,13
2026-07-16 10:08:00,2.8795,2.8795,2.8765,2.8785,2.8855,2.8875,2.8855,2.8855,14
2026-07-16 10:09:00,2.8795,2.8795,2.8775,2.8785,2.8845,2.8845,2.8815,2.8835,15
2026-07-16 10:10:00,2.8775,2.8795,2.8775,2.8795,2.8845,2.8845,2.8825,2.8835,33
2026-07-16 10:11:00,2.8805,2.8815,2.8795,2.8805,2.8825,2.8845,2.8825,2.8845,23
2026-07-16 10:12:00,2.8815,2.8845,2.8815,2.8835,2.8855,2.8865,2.8845,2.8855,19
2026-07-16 10:13:00,2.8825,2.8835,2.8825,2.883,2.8865,2.8895,2.8865,2.8885,21
2026-07-16 10:14:00,2.8835,2.8835,2.8825,2.8825,2.8875,2.8885,2.8875,2.888,9
2026-07-16 10:15:00,2.8835,2.8835,2.8825,2.8825,2.8885,2.8885,2.8875,2.8875,2
2026-07-16 10:16:00,2.8835,2.8845,2.8825,2.8825,2.8885,2.8885,2.8875,2.8875,11
2026-07-16 10:17:00,2.883,2.8855,2.8825,2.884,2.8885,2.8895,2.8875,2.8875,25
2026-07-16 10:18:00,2.8835,2.8855,2.8835,2.8855,2.888,2.8905,2.8875,2.889,11
2026-07-16 10:20:00,2.8845,2.8845,2.8805,2.8805,2.8885,2.8905,2.8885,2.8905,34
2026-07-16 10:21:00,2.8795,2.8815,2.8795,2.8815,2.8895,2.8895,2.8855,2.8855,5
2026-07-16 10:22:00,2.8805,2.8815,2.8805,2.8805,2.8845,2.8865,2.8845,2.8865,3
2026-07-16 10:23:00,2.88,2.8815,2.8795,2.8805,2.8855,2.8865,2.8855,2.8855,10
2026-07-16 10:24:00,2.8795,2.8805,2.8785,2.8785,2.885,2.8865,2.8845,2.8855,8
2026-07-16 10:25:00,2.878,2.878,2.8745,2.8745,2.8845,2.8855,2.8835,2.8835,7
2026-07-16 10:26:00,2.8755,2.8755,2.8715,2.8715,2.883,2.883,2.8795,2.8795,16
2026-07-16 10:27:00,2.8725,2.8755,2.8715,2.8745,2.8805,2.8805,2.8765,2.8765,15
2026-07-16 10:28:00,2.8735,2.8755,2.8735,2.8745,2.8775,2.8805,2.8765,2.8795,5
2026-07-16 10:29:00,2.874,2.8745,2.8735,2.8745,2.8785,2.8805,2.8785,2.8795,4
2026-07-16 10:30:00,2.8735,2.8765,2.8735,2.8755,2.879,2.8795,2.8785,2.8795,14
2026-07-16 10:31:00,2.875,2.875,2.8725,2.8745,2.8785,2.8815,2.8785,2.8805,11
2026-07-16 10:32:00,2.874,2.8755,2.8735,2.8755,2.88,2.88,2.8775,2.8795,11
2026-07-16 10:33:00,2.8745,2.8765,2.8745,2.8755,2.879,2.8805,2.8785,2.8805,5
2026-07-16 10:34:00,2.876,2.8765,2.8755,2.8755,2.8795,2.8815,2.8795,2.8805,4
2026-07-16 10:35:00,2.8745,2.8755,2.8745,2.8745,2.881,2.8815,2.8805,2.8805,6
2026-07-16 10:36:00,2.874,2.8745,2.874,2.8745,2.8795,2.8805,2.8795,2.8795,2
2026-07-16 10:37:00,2.874,2.875,2.8725,2.8725,2.879,2.8795,2.879,2.8795,6
2026-07-16 10:38:00,2.8715,2.8715,2.867,2.8695,2.879,2.88,2.8775,2.8775,17
2026-07-16 10:39:00,2.87,2.8705,2.8695,2.8705,2.8765,2.8765,2.872,2.8745,6
2026-07-16 10:40:00,2.8695,2.8695,2.8685,2.8685,2.875,2.8755,2.8745,2.8755,7
2026-07-16 10:41:00,2.8695,2.8695,2.8675,2.8675,2.8745,2.8745,2.8735,2.8735,18
2026-07-16 10:42:00,2.8685,2.8695,2.8685,2.8695,2.8745,2.8745,2.8725,2.8725,2
2026-07-16 10:43:00,2.87,2.8705,2.8695,2.8695,2.8735,2.8745,2.8735,2.8745,10
2026-07-16 10:44:00,2.87,2.8705,2.87,2.8705,2.875,2.8755,2.8745,2.8745,2
2026-07-16 10:45:00,2.871,2.8715,2.8695,2.8695,2.875,2.8755,2.875,2.8755,4
2026-07-16 10:46:00,2.87,2.8715,2.8695,2.8715,2.876,2.8765,2.8745,2.8745,9
2026-07-16 10:47:00,2.8725,2.8725,2.8705,2.8725,2.875,2.8765,2.8745,2.8765,8
2026-07-16 10:48:00,2.8715,2.8725,2.8715,2.8715,2.8775,2.8775,2.8755,2.8775,11
2026-07-16 10:49:00,2.8725,2.8725,2.8715,2.8725,2.8765,2.8775,2.8765,2.8765,8
2026-07-16 10:50:00,2.872,2.8735,2.8715,2.8725,2.8775,2.8775,2.8765,2.8775,8
2026-07-16 10:51:00,2.8735,2.8735,2.8725,2.8725,2.877,2.8785,2.8765,2.8775,12
2026-07-16 10:52:00,2.873,2.8745,2.8725,2.8745,2.8785,2.8785,2.8775,2.8775,20
2026-07-16 10:53:00,2.8735,2.8735,2.8715,2.8725,2.878,2.8795,2.8775,2.8795,7
2026-07-16 10:55:00,2.873,2.8745,2.8715,2.8735,2.8785,2.8785,2.8765,2.8775,9
2026-07-16 10:56:00,2.8725,2.8735,2.8725,2.8735,2.878,2.8795,2.8765,2.8785,9
2026-07-16 10:57:00,2.8725,2.8745,2.8715,2.8735,2.8775,2.8785,2.8775,2.8785,21
2026-07-16 10:58:00,2.8725,2.8735,2.8725,2.8725,2.8775,2.8795,2.8765,2.8785,4
2026-07-16 11:00:00,2.8715,2.8715,2.8715,2.8715,2.8775,2.8785,2.8775,2.8775,1
2026-07-16 11:01:00,2.8705,2.871,2.869,2.8705,2.8765,2.8765,2.8765,2.8765,10
2026-07-16 11:02:00,2.87,2.8715,2.8695,2.8705,2.8755,2.876,2.874,2.8755,9
2026-07-16 11:03:00,2.8715,2.8725,2.8715,2.8715,2.875,2.8765,2.8745,2.8755,8
2026-07-16 11:04:00,2.872,2.8735,2.872,2.8725,2.8765,2.8775,2.8765,2.8765,4
2026-07-16 11:05:00,2.872,2.872,2.8685,2.8705,2.877,2.8785,2.877,2.8775,14
2026-07-16 11:06:00,2.8695,2.87,2.8675,2.8685,2.877,2.877,2.8735,2.8755,6
2026-07-16 11:07:00,2.8675,2.8685,2.8675,2.8685,2.8745,2.875,2.8725,2.8735,2
2026-07-16 11:09:00,2.869,2.8695,2.869,2.8695,2.8725,2.8735,2.8725,2.8735,4
2026-07-16 11:10:00,2.8685,2.869,2.8685,2.8685,2.874,2.8745,2.874,2.8745,3
2026-07-16 11:12:00,2.8675,2.8675,2.8675,2.8675,2.8735,2.874,2.8735,2.8735,1
2026-07-16 11:14:00,2.8665,2.869,2.8665,2.8685,2.8725,2.8725,2.8725,2.8725,12
2026-07-16 11:16:00,2.868,2.868,2.8675,2.8675,2.8715,2.874,2.8715,2.8735,2
2026-07-16 11:17:00,2.8685,2.8685,2.8675,2.8675,2.873,2.873,2.8725,2.8725,4
2026-07-16 11:18:00,2.868,2.868,2.868,2.868,2.8735,2.8735,2.8725,2.8725,1
2026-07-16 11:19:00,2.8675,2.8685,2.8675,2.8675,2.873,2.873,2.873,2.873,12
2026-07-16 11:20:00,2.868,2.868,2.8675,2.8675,2.8725,2.8735,2.8725,2.8725,4
2026-07-16 11:21:00,2.8665,2.8675,2.8665,2.8675,2.873,2.873,2.8725,2.8725,8
2026-07-16 11:22:00,2.868,2.8745,2.868,2.874,2.8715,2.8725,2.8715,2.8725,15
2026-07-16 11:23:00,2.8745,2.8745,2.873,2.873,2.873,2.8795,2.873,2.879,6
2026-07-16 11:24:00,2.8735,2.8735,2.8725,2.8725,2.8795,2.8795,2.878,2.878,5
2026-07-16 11:25:00,2.8735,2.8755,2.8735,2.8755,2.8785,2.8785,2.8775,2.8775,6
2026-07-16 11:26:00,2.875,2.8755,2.8725,2.8725,2.8785,2.8805,2.8785,2.8805,9
2026-07-16 11:27:00,2.872,2.8745,2.872,2.8735,2.88,2.8805,2.8775,2.8775,9
2026-07-16 11:28:00,2.8725,2.8725,2.8725,2.8725,2.877,2.8795,2.877,2.8785,1
2026-07-16 11:29:00,2.8715,2.8715,2.8715,2.8715,2.8775,2.8775,2.8775,2.8775,1
2026-07-16 11:30:00,2.872,2.8735,2.8715,2.8715,2.8765,2.8765,2.8765,2.8765,7
2026-07-16 11:32:00,2.8725,2.8725,2.8725,2.8725,2.877,2.8785,2.8765,2.8765,1
2026-07-16 11:33:00,2.8735,2.8735,2.8735,2.8735,2.8775,2.8775,2.8775,2.8775,1
2026-07-16 11:34:00,2.8745,2.8745,2.8735,2.8735,2.8785,2.8785,2.8785,2.8785,3
2026-07-16 11:35:00,2.8725,2.8735,2.8725,2.8735,2.8795,2.8795,2.8785,2.8785,5
2026-07-16 11:36:00,2.874,2.8745,2.8735,2.8735,2.8775,2.8785,2.8775,2.8785,5
2026-07-16 11:37:00,2.8745,2.8745,2.8735,2.8745,2.879,2.8795,2.8785,2.8785,3
2026-07-16 11:38:00,2.8755,2.8755,2.8745,2.8745,2.8795,2.8795,2.8785,2.8795,2
2026-07-16 11:39:00,2.875,2.8755,2.875,2.8755,2.8805,2.8805,2.8795,2.8795,2
2026-07-16 11:40:00,2.8745,2.8755,2.8735,2.8745,2.88,2.8805,2.88,2.8805,7
2026-07-16 11:41:00,2.8735,2.8745,2.8715,2.8745,2.8795,2.8805,2.8785,2.8795,10
2026-07-16 11:43:00,2.8735,2.8735,2.8735,2.8735,2.8785,2.8795,2.8765,2.8795,1
2026-07-16 11:44:00,2.8745,2.8745,2.8735,2.8735,2.8785,2.8785,2.8785,2.8785,2
2026-07-16 11:45:00,2.8745,2.8745,2.8735,2.8735,2.8795,2.8795,2.8785,2.8785,2
2026-07-16 11:47:00,2.8745,2.8745,2.8745,2.8745,2.8795,2.8795,2.8785,2.8785,1
2026-07-16 11:48:00,2.8735,2.8745,2.8735,2.8745,2.8795,2.8795,2.8795,2.8795,2
2026-07-16 11:49:00,2.875,2.8755,2.875,2.8755,2.8785,2.8795,2.8785,2.8795,2
2026-07-16 11:50:00,2.875,2.8755,2.8745,2.8755,2.88,2.8805,2.88,2.8805,3
2026-07-16 11:52:00,2.876,2.8765,2.876,2.876,2.88,2.8805,2.8795,2.8805,3
2026-07-16 11:53:00,2.8755,2.8755,2.8755,2.8755,2.881,2.8815,2.881,2.881,1
2026-07-16 11:54:00,2.875,2.8795,2.875,2.8785,2.8805,2.8805,2.8805,2.8805,7
2026-07-16 11:55:00,2.879,2.8795,2.8775,2.8775,2.88,2.8845,2.88,2.8835,9
2026-07-16 11:56:00,2.8765,2.8765,2.8755,2.8765,2.884,2.8845,2.8825,2.8825,3
2026-07-16 11:57:00,2.8755,2.8765,2.8755,2.8765,2.8815,2.8815,2.8805,2.8815,7
2026-07-16 11:58:00,2.8755,2.8755,2.8755,2.8755,2.8805,2.8815,2.8805,2.8815,1
2026-07-16 11:59:00,2.875,2.876,2.875,2.8755,2.8805,2.8805,2.8805,2.8805,3
2026-07-16 12:00:00,2.8745,2.8755,2.8745,2.8755,2.88,2.881,2.88,2.8805,2
2026-07-16 12:01:00,2.8765,2.8805,2.8765,2.8805,2.8795,2.8805,2.8795,2.8805,12
2026-07-16 12:02:00,2.8835,2.884,2.8815,2.8835,2.8815,2.8855,2.8815,2.8855,11
2026-07-16 12:04:00,2.8825,2.8865,2.8815,2.8855,2.8885,2.889,2.8865,2.8885,15
2026-07-16 12:05:00,2.8865,2.8865,2.8825,2.8835,2.8875,2.8915,2.8865,2.8905,10
2026-07-16 12:06:00,2.8845,2.8845,2.8825,2.8825,2.8915,2.8915,2.8875,2.8885,3
2026-07-16 12:07:00,2.8815,2.8825,2.8815,2.8825,2.8895,2.8895,2.8875,2.8875,2
2026-07-16 12:09:00,2.8815,2.8815,2.8815,2.8815,2.8865,2.8875,2.8865,2.8875,1
2026-07-16 12:10:00,2.8805,2.8825,2.8805,2.8815,2.8865,2.8865,2.8865,2.8865,10
2026-07-16 12:12:00,2.8805,2.8845,2.8805,2.8835,2.8855,2.8875,2.8855,2.8865,10
2026-07-16 12:13:00,2.8845,2.8845,2.8835,2.8835,2.8855,2.8895,2.8855,2.8885,2
2026-07-16 12:14:00,2.8825,2.8835,2.8825,2.8835,2.8895,2.8895,2.8885,2.8885,2
2026-07-16 12:18:00,2.8825,2.8845,2.8825,2.8845,2.8875,2.8885,2.8875,2.8885,7
2026-07-16 12:19:00,2.885,2.8875,2.885,2.8865,2.8875,2.8895,2.8875,2.8895,6
2026-07-16 12:21:00,2.8855,2.8865,2.8855,2.8865,2.89,2.8925,2.89,2.8915,2
2026-07-16 12:22:00,2.8855,2.8875,2.8855,2.8875,2.8905,2.8915,2.8905,2.8915,7
2026-07-16 12:23:00,2.8865,2.8875,2.8865,2.8875,2.8905,2.8925,2.8905,2.8925,2
2026-07-16 12:24:00,2.8885,2.8895,2.8885,2.8895,2.8915,2.8925,2.8915,2.8925,5
2026-07-16 12:25:00,2.8885,2.8885,2.8885,2.8885,2.8935,2.8945,2.8935,2.8945,1
2026-07-16 12:27:00,2.8875,2.8875,2.8855,2.8855,2.8935,2.8935,2.8935,2.8935,5
2026-07-16 12:28:00,2.8865,2.8865,2.8855,2.8865,2.8925,2.8925,2.8905,2.8905,3
2026-07-16 12:30:00,2.8855,2.8855,2.8855,2.8855,2.8915,2.8915,2.8905,2.8915,1
2026-07-16 12:31:00,2.8845,2.8845,2.8815,2.8835,2.8905,2.8905,2.8905,2.8905,17
2026-07-16 12:32:00,2.8845,2.8865,2.8845,2.8865,2.8895,2.8895,2.8865,2.8885,3
2026-07-16 12:33:00,2.887,2.8875,2.8855,2.8865,2.8895,2.8915,2.8895,2.8915,11
2026-07-16 12:34:00,2.887,2.8875,2.8865,2.8875,2.892,2.8925,2.8905,2.8915,18
2026-07-16 12:35:00,2.8865,2.8885,2.8865,2.8885,2.892,2.8925,2.8915,2.8925,13
2026-07-16 12:36:00,2.8895,2.8905,2.8885,2.8895,2.8915,2.8935,2.8915,2.8935,7
2026-07-16 12:37:00,2.89,2.8905,2.8895,2.8895,2.8945,2.8955,2.8935,2.8945,6
2026-07-16 12:39:00,2.8885,2.8915,2.8885,2.8905,2.895,2.8955,2.8945,2.8945,7
2026-07-16 12:40:00,2.8915,2.8915,2.8905,2.8905,2.8935,2.8965,2.8935,2.8955,2
2026-07-16 12:42:00,2.8915,2.8915,2.8905,2.8905,2.8965,2.8965,2.8955,2.8955,2
2026-07-16 12:43:00,2.8915,2.8965,2.8915,2.8945,2.8965,2.8965,2.8955,2.8955,14
2026-07-16 12:44:00,2.8935,2.8955,2.8925,2.8925,2.8965,2.9015,2.8965,2.8995,20
2026-07-16 12:45:00,2.893,2.8935,2.8925,2.8925,2.8985,2.9005,2.8975,2.8975,3
2026-07-16 12:46:00,2.892,2.892,2.8875,2.8885,2.898,2.8985,2.8975,2.8975,20
2026-07-16 12:47:00,2.889,2.8895,2.8885,2.8895,2.897,2.897,2.8925,2.8935,10
2026-07-16 12:48:00,2.8905,2.8905,2.8885,2.8895,2.894,2.8945,2.8935,2.8945,4
2026-07-16 12:50:00,2.889,2.8895,2.8885,2.8885,2.8955,2.8955,2.8935,2.8945,3
2026-07-16 12:51:00,2.8875,2.8885,2.8875,2.8885,2.894,2.8945,2.8935,2.8935,2
2026-07-16 12:52:00,2.888,2.8895,2.8865,2.8895,2.8925,2.8935,2.8925,2.8935,8
2026-07-16 12:53:00,2.8905,2.8905,2.8885,2.8885,2.893,2.8945,2.8915,2.8945,5
2026-07-16 12:54:00,2.8895,2.8895,2.8855,2.8875,2.8955,2.8955,2.8935,2.8935,14
2026-07-16 12:56:00,2.887,2.887,2.8855,2.8855,2.8945,2.8945,2.8905,2.8925,6
2026-07-16 12:57:00,2.8865,2.8865,2.8855,2.8855,2.892,2.892,2.8905,2.8905,2
2026-07-16 12:58:00,2.8865,2.8875,2.8865,2.8865,2.8915,2.8915,2.8905,2.8905,3
2026-07-16 12:59:00,2.8875,2.8875,2.8865,2.8865,2.8915,2.8925,2.8915,2.8915,3
2026-07-16 13:00:00,2.8875,2.8905,2.8875,2.8875,2.8925,2.8925,2.8915,2.8915,15
2026-07-16 13:01:00,2.887,2.887,2.8855,2.8865,2.8925,2.8955,2.8925,2.8925,7
2026-07-16 13:02:00,2.8855,2.8855,2.8835,2.8845,2.892,2.892,2.8905,2.8915,7
2026-07-16 13:03:00,2.8835,2.8845,2.8745,2.8755,2.8905,2.8905,2.8885,2.8895,22
2026-07-16 13:04:00,2.8765,2.8825,2.8765,2.8815,2.8885,2.8895,2.8795,2.8805,19
2026-07-16 13:05:00,2.882,2.8825,2.8805,2.8825,2.8815,2.8875,2.8815,2.8865,24
2026-07-16 13:06:00,2.8815,2.8815,2.8815,2.8815,2.887,2.8875,2.8855,2.8875,1
2026-07-16 13:07:00,2.8825,2.8825,2.8825,2.8825,2.8865,2.8865,2.8865,2.8865,1
2026-07-16 13:08:00,2.883,2.8835,2.8805,2.8825,2.8875,2.8875,2.8875,2.8875,8
2026-07-16 13:09:00,2.8815,2.8815,2.8815,2.8815,2.888,2.8885,2.8855,2.8875,1
2026-07-16 13:10:00,2.8805,2.8845,2.8805,2.8845,2.8865,2.8865,2.8865,2.8865,5
2026-07-16 13:11:00,2.884,2.8845,2.8835,2.8835,2.8855,2.8895,2.8855,2.8895,5
2026-07-16 13:12:00,2.883,2.883,2.8825,2.8825,2.889,2.8895,2.8885,2.8885,2
2026-07-16 13:13:00,2.882,2.8835,2.8815,2.8835,2.888,2.888,2.8875,2.8875,10
2026-07-16 13:14:00,2.8845,2.8845,2.8825,2.8825,2.887,2.8885,2.8865,2.8885,5
2026-07-16 13:16:00,2.8845,2.8845,2.8805,2.8815,2.8895,2.8895,2.8875,2.8875,8
2026-07-16 13:17:00,2.8805,2.8815,2.8805,2.8815,2.8895,2.8895,2.8855,2.8865,2
2026-07-16 13:18:00,2.8825,2.8825,2.8805,2.8805,2.8855,2.8865,2.8855,2.8865,5
2026-07-16 13:19:00,2.8795,2.8795,2.8745,2.8745,2.8875,2.8875,2.8855,2.8855,13
2026-07-16 13:20:00,2.8755,2.8765,2.8755,2.8765,2.8845,2.8845,2.8795,2.8795,5
2026-07-16 13:21:00,2.8755,2.8755,2.8755,2.8755,2.8805,2.8815,2.8805,2.8815,1
2026-07-16 13:22:00,2.8765,2.8765,2.8745,2.8755,2.8805,2.8805,2.8805,2.8805,8
2026-07-16 13:23:00,2.875,2.8755,2.875,2.8755,2.8815,2.8815,2.8795,2.8805,2
2026-07-16 13:24:00,2.8765,2.8765,2.8765,2.8765,2.88,2.8805,2.88,2.8805,1
2026-07-16 13:25:00,2.8775,2.8775,2.8775,2.8775,2.8815,2.8815,2.8815,2.8815,1
2026-07-16 13:26:00,2.8785,2.8845,2.8785,2.8825,2.8825,2.8825,2.8825,2.8825,14
2026-07-16 13:27:00,2.8835,2.8835,2.8815,2.8825,2.8835,2.8895,2.8835,2.8875,15
2026-07-16 13:28:00,2.883,2.8835,2.8825,2.8835,2.8885,2.8885,2.8865,2.8875,7
2026-07-16 13:29:00,2.8845,2.8855,2.8835,2.8855,2.888,2.8885,2.8875,2.8885,15
2026-07-16 13:30:00,2.8865,2.8885,2.8855,2.8865,2.8895,2.8905,2.8885,2.8905,14
2026-07-16 13:31:00,2.8875,2.8885,2.8865,2.8885,2.8915,2.8935,2.8905,2.8915,4
2026-07-16 13:32:00,2.888,2.8885,2.8865,2.8875,2.8925,2.8935,2.8915,2.8935,18
2026-07-16 13:33:00,2.887,2.8885,2.8845,2.8845,2.893,2.8935,2.8915,2.8925,24
2026-07-16 13:34:00,2.8855,2.8855,2.8785,2.8795,2.892,2.8935,2.8895,2.8895,13
2026-07-16 13:35:00,2.8805,2.8805,2.8705,2.8745,2.8905,2.8905,2.8835,2.8845,32
2026-07-16 13:36:00,2.875,2.8775,2.8745,2.8775,2.8855,2.8855,2.8755,2.8795,17
2026-07-16 13:37:00,2.878,2.8785,2.8775,2.8785,2.88,2.8825,2.8795,2.8825,4
2026-07-16 13:38:00,2.8775,2.8785,2.8765,2.8785,2.883,2.8835,2.8825,2.8835,4
2026-07-16 13:39:00,2.8775,2.8785,2.8735,2.8775,2.8825,2.8835,2.8815,2.8835,42
2026-07-16 13:40:00,2.8765,2.8775,2.8755,2.8755,2.8825,2.8835,2.8785,2.8825,18
2026-07-16 13:41:00,2.8745,2.8775,2.8745,2.8775,2.8815,2.8825,2.8805,2.8805,12
2026-07-16 13:42:00,2.8765,2.8795,2.8765,2.8765,2.8795,2.8825,2.8795,2.8825,20
2026-07-16 13:43:00,2.877,2.8805,2.877,2.8805,2.8815,2.8845,2.8815,2.8815,11
2026-07-16 13:44:00,2.8815,2.8825,2.8765,2.8765,2.882,2.8855,2.882,2.8855,15
2026-07-16 13:45:00,2.8775,2.8795,2.8775,2.8785,2.8865,2.8875,2.8815,2.8815,7
2026-07-16 13:46:00,2.8795,2.8815,2.8785,2.8805,2.8825,2.8845,2.8825,2.8835,10
2026-07-16 13:47:00,2.8815,2.8825,2.8775,2.8805,2.8845,2.8865,2.8835,2.8855,37
2026-07-16 13:48:00,2.881,2.8825,2.8755,2.877,2.8865,2.8875,2.8825,2.8855,18
2026-07-16 13:49:00,2.8765,2.8935,2.8765,2.8915,2.886,2.8875,2.8805,2.882,45
2026-07-16 13:50:00,2.891,2.8945,2.8845,2.8845,2.8815,2.8985,2.8815,2.8965,128
2026-07-16 13:51:00,2.8855,2.8855,2.8835,2.8855,2.896,2.8995,2.8895,2.8895,31
2026-07-16 13:52:00,2.8845,2.8895,2.8845,2.8885,2.8905,2.8905,2.8885,2.8905,31
2026-07-16 13:53:00,2.8895,2.8895,2.8865,2.8865,2.8895,2.8945,2.8895,2.8935,9
2026-07-16 13:54:00,2.8855,2.8865,2.8835,2.8845,2.8945,2.8945,2.8915,2.8915,8
2026-07-16 13:55:00,2.8835,2.8875,2.8835,2.8875,2.8905,2.8915,2.8885,2.8895,13
2026-07-16 13:56:00,2.8885,2.8885,2.8875,2.8875,2.8885,2.8925,2.8885,2.8925,6
2026-07-16 13:57:00,2.8865,2.8885,2.8865,2.8875,2.8935,2.8935,2.8925,2.8925,13
2026-07-16 13:58:00,2.8865,2.8915,2.8865,2.8885,2.8915,2.8935,2.8915,2.8925,12
2026-07-16 13:59:00,2.8875,2.8905,2.8875,2.8905,2.8915,2.8965,2.8915,2.8935,8
2026-07-16 14:00:00,2.8915,2.8935,2.8875,2.8905,2.8925,2.8955,2.8925,2.8955,30
2026-07-16 14:01:00,2.8895,2.8905,2.8855,2.8865,2.8965,2.8985,2.8925,2.8955,12
2026-07-16 14:02:00,2.886,2.8905,2.886,2.8875,2.8945,2.8955,2.8905,2.8915,15
2026-07-16 14:03:00,2.8865,2.8895,2.8835,2.8885,2.891,2.8955,2.891,2.8925,13
2026-07-16 14:04:00,2.8875,2.8935,2.8875,2.8915,2.8915,2.8945,2.8885,2.8935,17
2026-07-16 14:05:00,2.8925,2.902,2.8905,2.901,2.8925,2.8985,2.8925,2.8965,55
2026-07-16 14:06:00,2.9005,2.9035,2.8995,2.9025,2.8975,2.907,2.8955,2.906,85
2026-07-16 14:07:00,2.9015,2.9095,2.9015,2.9065,2.9055,2.9085,2.9045,2.9075,76
2026-07-16 14:08:00,2.9055,2.9055,2.9005,2.9005,2.9065,2.9145,2.9065,2.9115,24
2026-07-16 14:09:00,2.9015,2.9025,2.9005,2.9025,2.9105,2.9105,2.9055,2.9055,10
2026-07-16 14:10:00,2.9015,2.9065,2.9015,2.9055,2.9065,2.9075,2.9055,2.9075,33
2026-07-16 14:11:00,2.9045,2.9095,2.9045,2.909,2.9065,2.9115,2.9065,2.9105,40
2026-07-16 14:12:00,2.9085,2.9095,2.9075,2.9085,2.9095,2.9145,2.9095,2.914,15
2026-07-16 14:13:00,2.9095,2.9165,2.9095,2.9165,2.9135,2.9145,2.9125,2.9135,29
2026-07-16 14:14:00,2.9155,2.9175,2.915,2.9165,2.9145,2.9215,2.9145,2.9215,38
2026-07-16 14:15:00,2.9175,2.9205,2.9145,2.9185,2.9205,2.9225,2.92,2.9215,62
2026-07-16 14:16:00,2.9205,2.932,2.9195,2.92,2.9225,2.9255,2.9195,2.9235,113
2026-07-16 14:17:00,2.9195,2.9275,2.9195,2.924,2.9255,2.937,2.9245,2.925,51
2026-07-16 14:18:00,2.9245,2.9245,2.9145,2.9155,2.9245,2.9325,2.9245,2.929,49
2026-07-16 14:19:00,2.9165,2.9195,2.9145,2.9175,2.9295,2.9295,2.9195,2.9205,26
2026-07-16 14:20:00,2.9165,2.919,2.9155,2.9175,2.9215,2.9245,2.9195,2.9225,19
2026-07-16 14:21:00,2.9185,2.9225,2.9165,2.922,2.9215,2.924,2.9205,2.9225,55
2026-07-16 14:22:00,2.9215,2.9245,2.9215,2.9225,2.9235,2.9275,2.9215,2.927,34
2026-07-16 14:23:00,2.9215,2.922,2.9165,2.9165,2.9265,2.9295,2.9265,2.9275,15
2026-07-16 14:24:00,2.9175,2.9175,2.9155,2.9165,2.9265,2.927,2.9215,2.9215,15
2026-07-16 14:25:00,2.9155,2.9205,2.9155,2.9205,2.9225,2.9225,2.9205,2.9215,40
2026-07-16 14:26:00,2.92,2.9215,2.9195,2.9205,2.9205,2.9255,2.9205,2.9255,32
2026-07-16 14:27:00,2.92,2.92,2.9175,2.9175,2.925,2.9265,2.9245,2.9255,14
2026-07-16 14:28:00,2.917,2.917,2.9155,2.9155,2.925,2.925,2.9225,2.9225,12
2026-07-16 14:29:00,2.915,2.918,2.9145,2.9155,2.922,2.922,2.9205,2.9205,27
2026-07-16 14:30:00,2.9145,2.9165,2.9125,2.9155,2.92,2.923,2.9195,2.9205,33
2026-07-16 14:31:00,2.9165,2.9165,2.9155,2.9165,2.9195,2.9215,2.9175,2.9205,23
2026-07-16 14:32:00,2.9155,2.9225,2.9155,2.9195,2.9215,2.9215,2.9205,2.9215,30
2026-07-16 14:33:00,2.9205,2.9225,2.9185,2.9215,2.9205,2.9275,2.9205,2.9245,24
2026-07-16 14:34:00,2.9225,2.9245,2.9195,2.9195,2.9255,2.9275,2.9235,2.9265,24
2026-07-16 14:35:00,2.92,2.9205,2.9195,2.9205,2.9275,2.9295,2.9245,2.9245,10
2026-07-16 14:36:00,2.9195,2.9195,2.9165,2.9185,2.925,2.9255,2.9245,2.9255,22
2026-07-16 14:37:00,2.9195,2.9225,2.9195,2.9205,2.9245,2.9245,2.9215,2.9235,23
2026-07-16 14:38:00,2.9215,2.9245,2.9215,2.9235,2.9245,2.9275,2.9245,2.9255,9
2026-07-16 14:39:00,2.9245,2.9255,2.9235,2.9245,2.9265,2.9295,2.9265,2.9285,20
2026-07-16 14:40:00,2.9235,2.9235,2.9205,2.9205,2.9295,2.9305,2.9285,2.9295,4
2026-07-16 14:41:00,2.9195,2.9265,2.9175,2.9245,2.9285,2.9285,2.9255,2.9255,31
2026-07-16 14:42:00,2.925,2.9255,2.9235,2.9255,2.9245,2.9315,2.9225,2.9295,30
2026-07-16 14:43:00,2.925,2.9255,2.9235,2.924,2.93,2.9305,2.9285,2.9305,15
2026-07-16 14:44:00,2.9245,2.9275,2.9245,2.9265,2.93,2.9305,2.9285,2.929,31
2026-07-16 14:45:00,2.9275,2.9285,2.9235,2.9265,2.9295,2.9325,2.9295,2.9315,27
2026-07-16 14:46:00,2.927,2.9285,2.9225,2.923,2.9325,2.9335,2.9285,2.9315,22
2026-07-16 14:47:00,2.9235,2.9245,2.9205,2.9225,2.932,2.9335,2.9275,2.928,38
2026-07-16 14:48:00,2.922,2.9245,2.922,2.9225,2.9285,2.9295,2.9255,2.9275,17
2026-07-16 14:49:00,2.9215,2.9235,2.9195,2.923,2.927,2.9295,2.927,2.9275,18
2026-07-16 14:50:00,2.9235,2.9245,2.917,2.919,2.9265,2.9285,2.9245,2.928,29
2026-07-16 14:51:00,2.9195,2.9205,2.9185,2.9195,2.9285,2.9295,2.922,2.924,35
2026-07-16 14:52:00,2.9185,2.9215,2.9105,2.912,2.9245,2.9255,2.9235,2.9245,42
2026-07-16 14:53:00,2.9115,2.9135,2.9095,2.9125,2.9235,2.9265,2.9155,2.917,35
2026-07-16 14:54:00,2.9115,2.9115,2.9105,2.9115,2.9165,2.9185,2.9145,2.9175,6
2026-07-16 14:55:00,2.9125,2.9135,2.9115,2.9125,2.9165,2.9165,2.9155,2.9165,22
2026-07-16 14:56:00,2.9115,2.9185,2.9105,2.9175,2.9175,2.9185,2.9165,2.9175,33
2026-07-16 14:57:00,2.917,2.917,2.9095,2.9125,2.9165,2.9235,2.9155,2.9225,40
2026-07-16 14:58:00,2.9115,2.9135,2.9095,2.91,2.922,2.922,2.9145,2.9175,25
2026-07-16 14:59:00,2.9105,2.9145,2.9105,2.9125,2.9165,2.9185,2.9145,2.915,23
2026-07-16 15:00:00,2.9115,2.9115,2.9025,2.9045,2.9155,2.9195,2.9155,2.9175,98
2026-07-16 15:01:00,2.9055,2.9055,2.9025,2.9035,2.9165,2.9165,2.9075,2.9095,33
2026-07-16 15:02:00,2.903,2.9045,2.899,2.9025,2.9105,2.9105,2.9075,2.9085,52
2026-07-16 15:03:00,2.9015,2.9035,2.8985,2.8995,2.908,2.9095,2.904,2.9075,27
2026-07-16 15:04:00,2.899,2.899,2.8955,2.8985,2.9065,2.9085,2.9035,2.9045,40
2026-07-16 15:05:00,2.899,2.899,2.8925,2.8945,2.904,2.904,2.9005,2.9035,32
2026-07-16 15:06:00,2.8935,2.8955,2.8925,2.8945,2.904,2.904,2.8975,2.8995,59
2026-07-16 15:07:00,2.8935,2.8955,2.8915,2.8945,2.8985,2.9005,2.8975,2.8995,54
2026-07-16 15:08:00,2.894,2.8955,2.8925,2.8945,2.8985,2.9005,2.8965,2.8995,38
2026-07-16 15:09:00,2.8935,2.8965,2.8925,2.8945,2.899,2.9005,2.8975,2.8995,31
2026-07-16 15:10:00,2.8935,2.8965,2.8935,2.8945,2.8985,2.9015,2.8975,2.8995,27
2026-07-16 15:11:00,2.8935,2.8995,2.8935,2.8985,2.8985,2.9015,2.8985,2.8995,27
2026-07-16 15:12:00,2.8975,2.8985,2.8965,2.8985,2.8985,2.9045,2.8985,2.9035,13
2026-07-16 15:13:00,2.8975,2.8995,2.8975,2.899,2.9025,2.9035,2.9015,2.9035,19
2026-07-16 15:14:00,2.8985,2.9025,2.8985,2.9005,2.9025,2.9045,2.9025,2.904,29
2026-07-16 15:15:00,2.9015,2.9025,2.8995,2.8995,2.9035,2.9075,2.9035,2.9055,29
2026-07-16 15:16:00,2.9005,2.9005,2.8985,2.8995,2.9065,2.9075,2.9045,2.9045,24
2026-07-16 15:17:00,2.899,2.8995,2.8975,2.8985,2.9055,2.9055,2.9035,2.9045,6
2026-07-16 15:18:00,2.8995,2.8995,2.8975,2.8985,2.904,2.9045,2.9025,2.9035,9
2026-07-16 15:19:00,2.898,2.8985,2.8975,2.898,2.9045,2.9045,2.9025,2.9035,14
2026-07-16 15:20:00,2.8985,2.9005,2.8965,2.9005,2.903,2.9035,2.9025,2.903,24
2026-07-16 15:21:00,2.8995,2.9025,2.8995,2.9005,2.9035,2.9055,2.9015,2.9055,13
2026-07-16 15:22:00,2.9015,2.9085,2.9015,2.908,2.9045,2.9075,2.9045,2.9055,41
2026-07-16 15:23:00,2.9085,2.9135,2.9075,2.9135,2.9065,2.9135,2.9065,2.913,27
2026-07-16 15:24:00,2.9125,2.9145,2.9115,2.9145,2.9135,2.9185,2.9125,2.9185,28
2026-07-16 15:25:00,2.9135,2.9135,2.9095,2.9105,2.9175,2.9195,2.9165,2.9195,25
2026-07-16 15:26:00,2.9095,2.9145,2.9085,2.9115,2.9185,2.9185,2.9145,2.9155,25
2026-07-16 15:27:00,2.9105,2.9125,2.9105,2.9115,2.9145,2.9195,2.9135,2.9165,16
2026-07-16 15:28:00,2.911,2.9135,2.9085,2.912,2.9155,2.9175,2.9155,2.9165,18
2026-07-16 15:29:00,2.9125,2.9125,2.9095,2.9105,2.916,2.9185,2.9135,2.917,12
2026-07-16 15:30:00,2.9095,2.9105,2.9065,2.9065,2.9175,2.9175,2.9145,2.9155,28
2026-07-16 15:31:00,2.9055,2.9085,2.9035,2.9085,2.9145,2.9155,2.9115,2.9115,31
2026-07-16 15:32:00,2.9075,2.91,2.9075,2.9095,2.9105,2.9135,2.9085,2.9135,21
2026-07-16 15:33:00,2.9105,2.9115,2.9095,2.9105,2.9125,2.915,2.9125,2.9145,13
2026-07-16 15:34:00,2.9115,2.9115,2.9075,2.9105,2.9155,2.9165,2.9145,2.9155,29
2026-07-16 15:35:00,2.9095,2.9125,2.9075,2.9085,2.9165,2.9165,2.9125,2.9155,28
2026-07-16 15:36:00,2.909,2.9115,2.9075,2.9085,2.9145,2.9175,2.9125,2.9135,51
2026-07-16 15:37:00,2.9075,2.9125,2.9065,2.9115,2.914,2.9165,2.9125,2.9135,32
2026-07-16 15:38:00,2.9105,2.9115,2.9095,2.9105,2.9125,2.9175,2.9115,2.9165,52
2026-07-16 15:39:00,2.91,2.9135,2.9085,2.912,2.9155,2.9165,2.9145,2.9155,52
2026-07-16 15:40:00,2.9125,2.9125,2.9055,2.9105,2.915,2.9185,2.9135,2.917,88
2026-07-16 15:41:00,2.9115,2.9145,2.9115,2.914,2.9175,2.9175,2.9105,2.9155,40
2026-07-16 15:42:00,2.9135,2.9155,2.9125,2.9145,2.9165,2.9195,2.9165,2.919,42
2026-07-16 15:43:00,2.9135,2.9135,2.9105,2.9115,2.9185,2.9205,2.9175,2.9195,28
2026-07-16 15:44:00,2.9125,2.9145,2.9115,2.9145,2.9185,2.9185,2.9155,2.9165,44
2026-07-16 15:45:00,2.914,2.9145,2.9135,2.9145,2.9175,2.9195,2.9165,2.9195,9
2026-07-16 15:46:00,2.9155,2.9185,2.9125,2.9125,2.919,2.9195,2.9185,2.9195,31
2026-07-16 15:47:00,2.913,2.9145,2.9095,2.9145,2.9205,2.9235,2.9175,2.9175,20
2026-07-16 15:48:00,2.9135,2.9155,2.9125,2.9135,2.918,2.9195,2.9145,2.9195,20
2026-07-16 15:49:00,2.9125,2.9135,2.9115,2.9125,2.9185,2.9205,2.9175,2.9185,8
2026-07-16 15:50:00,2.9135,2.9135,2.9115,2.9125,2.9175,2.9185,2.9165,2.9175,8
2026-07-16 15:51:00,2.9115,2.9115,2.9095,2.9105,2.9185,2.9185,2.9165,2.9175,13
2026-07-16 15:52:00,2.9115,2.9115,2.9075,2.9105,2.9165,2.9165,2.9145,2.9155,21
2026-07-16 15:53:00,2.91,2.9105,2.9085,2.9095,2.9165,2.9165,2.9125,2.9155,18
2026-07-16 15:54:00,2.909,2.9095,2.9055,2.9065,2.915,2.9155,2.9135,2.9145,26
2026-07-16 15:55:00,2.907,2.9085,2.907,2.9085,2.914,2.9145,2.9105,2.9115,8
2026-07-16 15:56:00,2.9075,2.9105,2.9075,2.9095,2.912,2.9135,2.912,2.9135,7
2026-07-16 15:57:00,2.9085,2.9085,2.9035,2.9075,2.9125,2.9155,2.9125,2.9145,19
2026-07-16 15:58:00,2.9085,2.9105,2.9085,2.9085,2.9135,2.9135,2.9085,2.9125,12
2026-07-16 15:59:00,2.9075,2.9075,2.9075,2.9075,2.9135,2.9155,2.9135,2.9135,1
2026-07-16 16:00:00,2.9085,2.9095,2.9045,2.9045,2.9125,2.9125,2.9125,2.9125,31
2026-07-16 16:01:00,2.9035,2.9045,2.8995,2.9005,2.9135,2.9145,2.9095,2.9095,30
2026-07-16 16:02:00,2.9015,2.9015,2.8995,2.8995,2.9085,2.9095,2.9045,2.9055,17
2026-07-16 16:03:00,2.8985,2.9015,2.8985,2.9005,2.9065,2.9065,2.9045,2.9045,13
2026-07-16 16:04:00,2.9005,2.9015,2.9005,2.9015,2.9035,2.9065,2.9035,2.9055,5
2026-07-16 16:05:00,2.901,2.9015,2.8985,2.9005,2.906,2.9065,2.9035,2.9055,30
2026-07-16 16:06:00,2.9,2.9015,2.8985,2.9015,2.905,2.9065,2.9035,2.9065,46
2026-07-16 16:07:00,2.9025,2.903,2.9005,2.9015,2.9075,2.908,2.9055,2.9065,30
2026-07-16 16:08:00,2.9005,2.9005,2.8985,2.9,2.9055,2.9055,2.9035,2.905,30
2026-07-16 16:09:00,2.9005,2.9045,2.9005,2.904,2.9055,2.9095,2.9055,2.909,38
2026-07-16 16:10:00,2.9035,2.9105,2.9035,2.9065,2.9085,2.9155,2.9085,2.9115,54
2026-07-16 16:11:00,2.906,2.906,2.9035,2.9035,2.911,2.911,2.9085,2.9085,36
2026-07-16 16:12:00,2.9045,2.9085,2.9035,2.9075,2.9095,2.9135,2.9085,2.9125,14
2026-07-16 16:13:00,2.9085,2.91,2.9085,2.9085,2.9135,2.915,2.9135,2.9135,8
2026-07-16 16:14:00,2.909,2.9095,2.9085,2.9085,2.914,2.9145,2.9135,2.9135,7
2026-07-16 16:15:00,2.9075,2.9095,2.9065,2.9065,2.9125,2.9145,2.9115,2.9115,12
2026-07-16 16:16:00,2.9075,2.9075,2.9065,2.9075,2.9125,2.9125,2.9115,2.9125,3
2026-07-16 16:17:00,2.9065,2.9125,2.9065,2.912,2.9115,2.9175,2.9115,2.917,27
2026-07-16 16:18:00,2.9125,2.9155,2.9105,2.9155,2.9175,2.9205,2.9155,2.9205,33
2026-07-16 16:19:00,2.9145,2.9165,2.9135,2.9145,2.9195,2.9215,2.9185,2.9195,25
2026-07-16 16:20:00,2.9135,2.9145,2.913,2.9135,2.9185,2.9195,2.918,2.9185,12
2026-07-16 16:21:00,2.9145,2.9185,2.9145,2.9185,2.9195,2.9235,2.9195,2.9235,16
2026-07-16 16:22:00,2.9195,2.9265,2.9185,2.9255,2.9245,2.9315,2.9235,2.9305,36
2026-07-16 16:23:00,2.9265,2.9265,2.9235,2.9245,2.9315,2.9315,2.9285,2.9295,25
2026-07-16 16:24:00,2.9235,2.9245,2.9215,2.9215,2.9285,2.9295,2.9265,2.9265,22
2026-07-16 16:25:00,2.9225,2.9245,2.9215,2.9225,2.9275,2.9295,2.9265,2.9275,11
2026-07-16 16:26:00,2.9235,2.9245,2.9225,2.9225,2.9285,2.9295,2.9275,2.9275,15
2026-07-16 16:27:00,2.9215,2.9255,2.9195,2.9255,2.9265,2.9305,2.9245,2.9305,50
2026-07-16 16:28:00,2.9245,2.9305,2.9245,2.9295,2.9295,2.9355,2.9295,2.9345,57
2026-07-16 16:29:00,2.9285,2.9385,2.9245,2.9255,2.9335,2.9435,2.9295,2.9305,90
2026-07-16 16:30:00,2.925,2.9255,2.8685,2.8745,2.93,2.9305,2.8735,2.8795,462
2026-07-16 16:31:00,2.8755,2.8795,2.8635,2.8645,2.8805,2.8845,2.8685,2.8695,265
2026-07-16 16:32:00,2.8655,2.8665,2.8555,2.8585,2.8705,2.8715,2.8605,2.8635,192
2026-07-16 16:33:00,2.8575,2.8615,2.8565,2.8585,2.8625,2.8665,2.8615,2.8635,76
2026-07-16 16:34:00,2.8575,2.8595,2.8515,2.8595,2.8625,2.8645,2.8565,2.8645,87
2026-07-16 16:35:00,2.859,2.8635,2.8555,2.8575,2.864,2.8685,2.8605,2.8625,74
2026-07-16 16:36:00,2.858,2.8605,2.8555,2.8585,2.863,2.8655,2.8605,2.8635,63
2026-07-16 16:37:00,2.8595,2.8615,2.8555,2.8595,2.8645,2.8665,2.8605,2.8645,42
2026-07-16 16:38:00,2.8585,2.861,2.8555,2.861,2.8635,2.866,2.8605,2.866,41
2026-07-16 16:39:00,2.8615,2.8645,2.8605,2.861,2.8665,2.8695,2.8655,2.866,47
2026-07-16 16:40:00,2.8605,2.8615,2.8565,2.8585,2.8655,2.8665,2.8615,2.8635,44
2026-07-16 16:41:00,2.857,2.8645,2.8565,2.8635,2.862,2.8695,2.8615,2.8685,56
2026-07-16 16:42:00,2.8625,2.8625,2.8565,2.8565,2.8675,2.8675,2.8615,2.8615,43
2026-07-16 16:43:00,2.8555,2.8575,2.8545,2.8555,2.8605,2.8625,2.8595,2.8605,44
2026-07-16 16:44:00,2.8565,2.8565,2.8405,2.8405,2.8615,2.8615,2.8455,2.8455,94
2026-07-16 16:45:00,2.8415,2.8435,2.8385,2.8395,2.8465,2.8485,2.8435,2.8445,54
2026-07-16 16:46:00,2.8405,2.8455,2.8395,2.8445,2.8455,2.8505,2.8445,2.8495,48
2026-07-16 16:47:00,2.844,2.8465,2.8435,2.8445,2.849,2.8515,2.8485,2.8495,30
2026-07-16 16:48:00,2.8435,2.8445,2.8315,2.8335,2.8485,2.8495,2.8365,2.8385,46
2026-07-16 16:49:00,2.8325,2.8335,2.8275,2.8295,2.8375,2.8385,2.8325,2.8345,73
2026-07-16 16:50:00,2.8305,2.8315,2.8255,2.8265,2.8355,2.8365,2.8305,2.8315,35
2026-07-16 16:51:00,2.8255,2.8285,2.8255,2.8275,2.8305,2.8335,2.8305,2.8325,62
2026-07-16 16:52:00,2.8265,2.8275,2.8225,2.8255,2.8315,2.8325,2.8275,2.8305,69
2026-07-16 16:53:00,2.825,2.826,2.8225,2.8245,2.83,2.831,2.8275,2.8295,44
2026-07-16 16:54:00,2.8235,2.8245,2.8165,2.8195,2.8285,2.8295,2.8215,2.8245,38
2026-07-16 16:55:00,2.8185,2.8185,2.8075,2.8085,2.8235,2.8235,2.8125,2.8135,106
2026-07-16 16:56:00,2.808,2.8095,2.8025,2.8065,2.813,2.8145,2.8075,2.8115,47
2026-07-16 16:57:00,2.8075,2.8105,2.8055,2.8065,2.8125,2.8155,2.8105,2.8115,41
2026-07-16 16:58:00,2.8055,2.8085,2.8055,2.8065,2.8105,2.8135,2.8105,2.8115,56
2026-07-16 16:59:00,2.8055,2.8105,2.8055,2.8085,2.8105,2.8155,2.8105,2.8135,74
2026-07-16 17:00:00,2.8095,2.8145,2.8065,2.8095,2.8145,2.8195,2.8115,2.8145,80
2026-07-16 17:01:00,2.8105,2.8105,2.7965,2.7995,2.8155,2.8155,2.8015,2.8045,53
2026-07-16 17:02:00,2.799,2.8015,2.7955,2.7995,2.804,2.8065,2.8005,2.8045,64
2026-07-16 17:03:00,2.7985,2.8025,2.7985,2.802,2.8035,2.8075,2.8035,2.807,26
2026-07-16 17:04:00,2.8025,2.8035,2.799,2.8035,2.8075,2.8085,2.804,2.8085,36
2026-07-16 17:05:00,2.8025,2.8035,2.7985,2.7985,2.8075,2.8085,2.8035,2.8035,27
2026-07-16 17:06:00,2.7975,2.8005,2.7975,2.7995,2.8025,2.8055,2.8025,2.8045,31
2026-07-16 17:07:00,2.7985,2.8005,2.7975,2.8005,2.8035,2.8055,2.8025,2.8055,27
2026-07-16 17:08:00,2.8,2.8005,2.7935,2.7945,2.805,2.8055,2.7985,2.7995,45
2026-07-16 17:09:00,2.7935,2.8015,2.7935,2.8015,2.7985,2.8065,2.7985,2.8065,42
2026-07-16 17:10:00,2.8005,2.807,2.7995,2.8065,2.8055,2.812,2.8045,2.8115,45
2026-07-16 17:11:00,2.8055,2.8055,2.8025,2.8025,2.8105,2.8105,2.8075,2.8075,21
2026-07-16 17:12:00,2.8015,2.8015,2.7985,2.8015,2.8065,2.8065,2.8035,2.8065,22
2026-07-16 17:13:00,2.8005,2.8035,2.8005,2.8025,2.8055,2.8085,2.8055,2.8075,8
2026-07-16 17:14:00,2.8015,2.8085,2.8015,2.8075,2.8065,2.8135,2.8065,2.8125,32
2026-07-16 17:15:00,2.8085,2.8095,2.8045,2.8095,2.8135,2.8145,2.8095,2.8145,33
2026-07-16 17:16:00,2.8105,2.8115,2.8075,2.809,2.8155,2.8165,2.8125,2.814,54
2026-07-16 17:17:00,2.8085,2.8275,2.8085,2.8275,2.8135,2.8325,2.8135,2.8325,115
2026-07-16 17:18:00,2.8265,2.8265,2.8105,2.8135,2.8315,2.8315,2.8155,2.8185,56
2026-07-16 17:19:00,2.814,2.8195,2.8135,2.8185,2.819,2.8245,2.8185,2.8235,15
2026-07-16 17:20:00,2.8175,2.8195,2.8165,2.8175,2.8225,2.8245,2.8215,2.8225,20
2026-07-16 17:21:00,2.817,2.817,2.8095,2.8095,2.822,2.822,2.8145,2.8145,49
2026-07-16 17:22:00,2.8085,2.8135,2.8085,2.8135,2.8135,2.8185,2.8135,2.8185,16
2026-07-16 17:23:00,2.8125,2.8135,2.8075,2.8085,2.8175,2.8185,2.8125,2.8135,26
2026-07-16 17:24:00,2.8075,2.8125,2.8075,2.8125,2.8125,2.8175,2.8125,2.8175,22
2026-07-16 17:25:00,2.8115,2.8125,2.8115,2.8115,2.8165,2.8175,2.8165,2.8165,17
2026-07-16 17:26:00,2.8105,2.8135,2.8095,2.8125,2.8155,2.8185,2.8145,2.8175,22
2026-07-16 17:27:00,2.8135,2.8145,2.8115,2.8145,2.8185,2.8195,2.8165,2.8195,17
2026-07-16 17:28:00,2.8135,2.8135,2.8115,2.8125,2.8185,2.8185,2.8165,2.8175,9
2026-07-16 17:29:00,2.8135,2.8155,2.8135,2.8135,2.8185,2.8205,2.8185,2.8185,19
2026-07-16 17:30:00,2.8145,2.8155,2.8105,2.8115,2.8195,2.8205,2.8155,2.8165,29
2026-07-16 17:31:00,2.8125,2.8135,2.8105,2.8115,2.8175,2.8185,2.8155,2.8165,26
2026-07-16 17:32:00,2.8125,2.8155,2.8115,2.815,2.8175,2.8205,2.8165,2.82,15
2026-07-16 17:33:00,2.8145,2.8145,2.8105,2.8115,2.8195,2.8195,2.8155,2.8165,14
2026-07-16 17:34:00,2.8105,2.8125,2.8095,2.8125,2.8155,2.8175,2.8145,2.8175,27
2026-07-16 17:35:00,2.8115,2.8155,2.8115,2.815,2.8165,2.8205,2.8165,2.82,33
2026-07-16 17:36:00,2.8145,2.8165,2.8135,2.8165,2.8195,2.8215,2.8185,2.8215,21
2026-07-16 17:37:00,2.8155,2.8165,2.8145,2.8155,2.8205,2.8215,2.8195,2.8205,16
2026-07-16 17:38:00,2.8165,2.8175,2.8155,2.8175,2.8215,2.8225,2.8205,2.8225,12
2026-07-16 17:39:00,2.8165,2.819,2.8135,2.8135,2.8215,2.824,2.8185,2.8185,28
2026-07-16 17:40:00,2.8145,2.8145,2.8135,2.8145,2.8195,2.8195,2.8185,2.8195,6
2026-07-16 17:41:00,2.8135,2.8135,2.8095,2.8105,2.8185,2.8185,2.8145,2.8155,34
2026-07-16 17:42:00,2.8115,2.8145,2.8095,2.8135,2.8165,2.8195,2.8145,2.8185,37
2026-07-16 17:43:00,2.813,2.8155,2.8125,2.8155,2.818,2.8205,2.8175,2.8205,23
2026-07-16 17:44:00,2.8165,2.8175,2.8155,2.8175,2.8215,2.8225,2.8205,2.8225,12
2026-07-16 17:45:00,2.8185,2.8225,2.8185,2.8205,2.8235,2.8275,2.8235,2.8255,42
2026-07-16 17:46:00,2.8195,2.8225,2.8195,2.8215,2.8245,2.8275,2.8245,2.8265,10
2026-07-16 17:47:00,2.821,2.8215,2.8185,2.8205,2.826,2.8265,2.8235,2.8255,18
2026-07-16 17:48:00,2.8195,2.8215,2.8195,2.8205,2.8245,2.8265,2.8245,2.8255,6
2026-07-16 17:49:00,2.8215,2.8225,2.8205,2.8205,2.8265,2.8275,2.8255,2.8255,13
2026-07-16 17:50:00,2.8215,2.8225,2.8215,2.8215,2.8265,2.8275,2.8265,2.8265,13
2026-07-16 17:51:00,2.822,2.8255,2.822,2.8255,2.827,2.8305,2.827,2.8305,23
2026-07-16 17:52:00,2.8245,2.8275,2.8195,2.8195,2.8295,2.8325,2.8245,2.8245,23
2026-07-16 17:53:00,2.8205,2.8235,2.8195,2.8235,2.8255,2.8285,2.8245,2.8285,17
2026-07-16 17:54:00,2.8245,2.8265,2.8235,2.8255,2.8295,2.8315,2.8285,2.8305,26
2026-07-16 17:55:00,2.826,2.8275,2.8255,2.8265,2.831,2.8325,2.8305,2.8315,37
2026-07-16 17:56:00,2.8255,2.8265,2.8245,2.8245,2.8305,2.8315,2.8295,2.8295,7
2026-07-16 17:57:00,2.8255,2.8255,2.8235,2.8255,2.8305,2.8305,2.8285,2.8305,30
2026-07-16 17:58:00,2.8245,2.8245,2.82,2.8205,2.8295,2.8295,2.825,2.8255,10
2026-07-16 17:59:00,2.8215,2.8225,2.8205,2.8215,2.8265,2.8275,2.8255,2.8265,8
2026-07-16 18:00:00,2.8225,2.8235,2.8185,2.8225,2.8275,2.8285,2.8235,2.8275,17
2026-07-16 18:01:00,2.8215,2.8235,2.8205,2.8205,2.8265,2.8285,2.8255,2.8255,23
2026-07-16 18:02:00,2.8215,2.8225,2.8205,2.8225,2.8265,2.8275,2.8255,2.8275,6
2026-07-16 18:03:00,2.8215,2.8215,2.8195,2.8215,2.8265,2.8265,2.8245,2.8265,7
2026-07-16 18:04:00,2.8225,2.8245,2.8205,2.8205,2.8275,2.8295,2.8255,2.8255,16
2026-07-16 18:05:00,2.8195,2.8205,2.8155,2.8175,2.8245,2.8255,2.8205,2.8225,34
2026-07-16 18:06:00,2.8165,2.8175,2.8155,2.817,2.8215,2.8225,2.8205,2.822,32
2026-07-16 18:07:00,2.8165,2.818,2.8155,2.8175,2.8215,2.823,2.8205,2.8225,41
2026-07-16 18:08:00,2.8165,2.8185,2.8155,2.8165,2.8215,2.8235,2.8205,2.8215,20
2026-07-16 18:09:00,2.8175,2.8185,2.8175,2.818,2.8225,2.8235,2.8225,2.823,9
2026-07-16 18:10:00,2.8185,2.8205,2.8175,2.8205,2.8235,2.8255,2.8225,2.8255,16
2026-07-16 18:11:00,2.8195,2.8235,2.8195,2.8225,2.8245,2.8285,2.8245,2.8275,22
2026-07-16 18:12:00,2.8215,2.8215,2.8185,2.8195,2.8265,2.8265,2.8235,2.8245,20
2026-07-16 18:13:00,2.82,2.8205,2.8185,2.8205,2.825,2.8255,2.8235,2.8255,20
2026-07-16 18:14:00,2.82,2.8205,2.8185,2.8195,2.825,2.8255,2.8235,2.8245,25
2026-07-16 18:15:00,2.8205,2.8205,2.8165,2.8175,2.8255,2.8255,2.8215,2.8225,31
2026-07-16 18:16:00,2.817,2.817,2.8135,2.8145,2.822,2.822,2.8185,2.8195,17
2026-07-16 18:17:00,2.8155,2.8165,2.8155,2.8155,2.8205,2.8215,2.8205,2.8205,5
2026-07-16 18:18:00,2.8165,2.8175,2.8145,2.8155,2.8215,2.8225,2.8195,2.8205,14
2026-07-16 18:19:00,2.8165,2.8205,2.8165,2.8185,2.8215,2.8255,2.8215,2.8235,25
2026-07-16 18:20:00,2.818,2.8265,2.8175,2.8215,2.823,2.8315,2.8225,2.8265,70
2026-07-16 18:21:00,2.821,2.8215,2.8145,2.8155,2.826,2.8265,2.8195,2.8205,46
2026-07-16 18:22:00,2.8145,2.8155,2.8145,2.8155,2.8195,2.8205,2.8195,2.8205,13
2026-07-16 18:23:00,2.8165,2.8165,2.8095,2.8095,2.8215,2.8215,2.8145,2.8145,31
2026-07-16 18:24:00,2.8105,2.8125,2.8085,2.8125,2.8155,2.8175,2.8135,2.8175,24
2026-07-16 18:25:00,2.8115,2.8125,2.8105,2.8115,2.8165,2.8175,2.8155,2.8165,16
2026-07-16 18:26:00,2.8125,2.8125,2.8105,2.8115,2.8175,2.8175,2.8155,2.8165,22
2026-07-16 18:27:00,2.8125,2.8135,2.8105,2.8115,2.8175,2.8185,2.8155,2.8165,20
2026-07-16 18:28:00,2.811,2.8115,2.8085,2.8085,2.816,2.8165,2.8135,2.8135,25
2026-07-16 18:29:00,2.8095,2.8105,2.8085,2.81,2.8145,2.8155,2.8135,2.815,8
2026-07-16 18:30:00,2.8095,2.8195,2.8085,2.8155,2.8145,2.8245,2.8135,2.8205,48
2026-07-16 18:31:00,2.8165,2.817,2.8155,2.817,2.8215,2.822,2.8205,2.822,7
2026-07-16 18:32:00,2.8165,2.8205,2.8155,2.8165,2.8215,2.8255,2.8205,2.8215,28
2026-07-16 18:33:00,2.817,2.8175,2.8145,2.8155,2.822,2.8225,2.8195,2.8205,23
2026-07-16 18:34:00,2.8145,2.8175,2.8145,2.8165,2.8195,2.8225,2.8195,2.8215,37
2026-07-16 18:35:00,2.817,2.8175,2.8165,2.8165,2.822,2.8225,2.8215,2.8215,13
2026-07-16 18:36:00,2.8155,2.8165,2.8135,2.8135,2.8205,2.8215,2.8185,2.8185,13
2026-07-16 18:37:00,2.8145,2.8155,2.8135,2.8145,2.8195,2.8205,2.8185,2.8195,8
2026-07-16 18:38:00,2.814,2.8155,2.814,2.8155,2.819,2.8205,2.819,2.8205,7
2026-07-16 18:40:00,2.8165,2.8205,2.8165,2.8185,2.8215,2.8255,2.8215,2.8235,12
2026-07-16 18:41:00,2.8175,2.8195,2.8175,2.819,2.8225,2.8245,2.8225,2.824,29
2026-07-16 18:42:00,2.8195,2.82,2.8185,2.8195,2.8245,2.825,2.8235,2.8245,18
2026-07-16 18:43:00,2.8185,2.8215,2.8185,2.8215,2.8235,2.8265,2.8235,2.8265,26
2026-07-16 18:44:00,2.8205,2.8215,2.8145,2.8145,2.8255,2.8265,2.8195,2.8195,11
2026-07-16 18:45:00,2.8155,2.8185,2.8155,2.8185,2.8205,2.8235,2.8205,2.8235,16
2026-07-16 18:46:00,2.8195,2.8195,2.8165,2.8165,2.8245,2.8245,2.8215,2.8215,21
2026-07-16 18:47:00,2.817,2.817,2.8145,2.815,2.822,2.822,2.8195,2.82,11
2026-07-16 18:48:00,2.8155,2.8175,2.8145,2.8145,2.8205,2.8225,2.8195,2.8195,11
2026-07-16 18:49:00,2.8155,2.8155,2.8145,2.8145,2.8205,2.8205,2.8195,2.8195,10
2026-07-16 18:50:00,2.8135,2.8155,2.8135,2.8145,2.8185,2.8205,2.8185,2.8195,12
2026-07-16 18:51:00,2.815,2.8165,2.8135,2.8135,2.82,2.8215,2.8185,2.8185,6
2026-07-16 18:52:00,2.8125,2.8135,2.8115,2.8115,2.8175,2.8185,2.8165,2.8165,6
2026-07-16 18:53:00,2.8125,2.8125,2.8115,2.812,2.8175,2.8175,2.8165,2.817,13
2026-07-16 18:54:00,2.8125,2.8125,2.8085,2.8095,2.8175,2.8175,2.8135,2.8145,23
2026-07-16 18:55:00,2.809,2.8105,2.8065,2.8105,2.814,2.8155,2.8115,2.8155,29
2026-07-16 18:56:00,2.8095,2.8125,2.8095,2.8115,2.8145,2.8175,2.8145,2.8165,10
2026-07-16 18:57:00,2.8125,2.8155,2.8115,2.8155,2.8175,2.8205,2.8165,2.8205,26
2026-07-16 18:58:00,2.8165,2.8165,2.8125,2.8145,2.8215,2.8215,2.8175,2.8195,24
2026-07-16 18:59:00,2.8155,2.8155,2.8145,2.8155,2.8205,2.8205,2.8195,2.8205,14
2026-07-16 19:00:00,2.8165,2.8165,2.8135,2.8135,2.8215,2.8215,2.8185,2.8185,12
2026-07-16 19:01:00,2.8125,2.8135,2.8115,2.8135,2.8175,2.8185,2.8165,2.8185,40
2026-07-16 19:02:00,2.8125,2.8135,2.8125,2.8125,2.8175,2.8185,2.8175,2.8175,6
2026-07-16 19:03:00,2.8115,2.8135,2.8115,2.813,2.8165,2.8185,2.8165,2.818,56
2026-07-16 19:04:00,2.8135,2.8135,2.8125,2.8135,2.8185,2.8185,2.8175,2.8185,13
2026-07-16 19:05:00,2.8125,2.8135,2.8115,2.8115,2.8175,2.8185,2.8165,2.8165,12
2026-07-16 19:06:00,2.8125,2.8145,2.8125,2.8135,2.8175,2.8195,2.8175,2.8185,18
2026-07-16 19:07:00,2.8145,2.8145,2.8125,2.8125,2.8195,2.8195,2.8175,2.8175,9
2026-07-16 19:08:00,2.813,2.8135,2.8105,2.8105,2.818,2.8185,2.8155,2.8155,16
2026-07-16 19:09:00,2.8115,2.8135,2.8105,2.8125,2.8165,2.8185,2.8155,2.8175,9
2026-07-16 19:10:00,2.8115,2.8115,2.8105,2.8105,2.8165,2.8165,2.8155,2.8155,7
2026-07-16 19:11:00,2.8115,2.8115,2.8095,2.8105,2.8165,2.8165,2.8145,2.8155,16
2026-07-16 19:12:00,2.8095,2.8125,2.8095,2.8115,2.8145,2.8175,2.8145,2.8165,11
2026-07-16 19:13:00,2.8125,2.8175,2.8125,2.8165,2.8175,2.8225,2.8175,2.8215,24
2026-07-16 19:14:00,2.8155,2.8155,2.8155,2.8155,2.8205,2.8205,2.8205,2.8205,1
2026-07-16 19:15:00,2.8145,2.8155,2.8145,2.815,2.8195,2.8205,2.8195,2.82,3
2026-07-16 19:16:00,2.8145,2.8155,2.8145,2.8145,2.8195,2.8205,2.8195,2.8195,7
2026-07-16 19:17:00,2.8135,2.8145,2.8135,2.8135,2.8185,2.8195,2.8185,2.8185,3
2026-07-16 19:18:00,2.8145,2.8145,2.8135,2.8145,2.8195,2.8195,2.8185,2.8195,3
2026-07-16 19:21:00,2.8135,2.8135,2.8125,2.8125,2.8185,2.8185,2.8175,2.8175,4
2026-07-16 19:22:00,2.8135,2.8145,2.8125,2.8135,2.8185,2.8195,2.8175,2.8185,8
2026-07-16 19:23:00,2.8145,2.8185,2.8145,2.8185,2.8195,2.8235,2.8195,2.8235,7
2026-07-16 19:24:00,2.8175,2.8175,2.8155,2.8155,2.8225,2.8225,2.8205,2.8205,7
2026-07-16 19:25:00,2.8145,2.8155,2.8125,2.8125,2.8195,2.8205,2.8175,2.8175,14
2026-07-16 19:26:00,2.8115,2.8115,2.8065,2.8075,2.8165,2.8165,2.8115,2.8125,36
2026-07-16 19:27:00,2.8065,2.8065,2.804,2.8045,2.8115,2.8115,2.809,2.8095,26
2026-07-16 19:28:00,2.8055,2.8055,2.8015,2.8055,2.8105,2.8105,2.8065,2.8105,37
2026-07-16 19:29:00,2.8065,2.8085,2.8065,2.8075,2.8115,2.8135,2.8115,2.8125,8
2026-07-16 19:30:00,2.8065,2.8105,2.8065,2.8095,2.8115,2.8155,2.8115,2.8145,15
2026-07-16 19:31:00,2.8085,2.8095,2.8085,2.8085,2.8135,2.8145,2.8135,2.8135,7
2026-07-16 19:32:00,2.8095,2.8095,2.8065,2.8065,2.8145,2.8145,2.8115,2.8115,11
2026-07-16 19:33:00,2.8055,2.8095,2.8055,2.8075,2.8105,2.8145,2.8105,2.8125,7
2026-07-16 19:34:00,2.8085,2.8085,2.8075,2.8085,2.8135,2.8135,2.8125,2.8135,3
2026-07-16 19:35:00,2.8095,2.8105,2.8095,2.8095,2.8145,2.8155,2.8145,2.8145,3
2026-07-16 19:36:00,2.81,2.8125,2.8095,2.8115,2.815,2.8175,2.8145,2.8165,18
2026-07-16 19:37:00,2.811,2.8125,2.8105,2.8115,2.816,2.8175,2.8155,2.8165,19
2026-07-16 19:38:00,2.8105,2.8125,2.8105,2.8125,2.8155,2.8175,2.8155,2.8175,5
2026-07-16 19:39:00,2.8135,2.8145,2.8125,2.8135,2.8185,2.8195,2.8175,2.8185,10
2026-07-16 19:40:00,2.8125,2.8135,2.8125,2.8125,2.8175,2.8185,2.8175,2.8175,20
2026-07-16 19:41:00,2.8135,2.8145,2.8125,2.8135,2.8185,2.8195,2.8175,2.8185,23
2026-07-16 19:42:00,2.8145,2.8145,2.8125,2.8135,2.8195,2.8195,2.8175,2.8185,14
2026-07-16 19:43:00,2.8145,2.8145,2.8105,2.8115,2.8195,2.8195,2.8155,2.8165,23
2026-07-16 19:44:00,2.8125,2.8135,2.8115,2.8135,2.8175,2.8185,2.8165,2.8185,20
2026-07-16 19:45:00,2.813,2.8135,2.8115,2.8135,2.818,2.8185,2.8165,2.8185,19
2026-07-16 19:46:00,2.8125,2.8135,2.8125,2.8125,2.8175,2.8185,2.8175,2.8175,19
2026-07-16 19:47:00,2.8135,2.8155,2.8135,2.8145,2.8185,2.8205,2.8185,2.8195,7
2026-07-16 19:48:00,2.8135,2.8135,2.8125,2.8135,2.8185,2.8185,2.8175,2.8185,6
2026-07-16 19:49:00,2.8125,2.8125,2.8105,2.8125,2.8175,2.8175,2.8155,2.8175,13
2026-07-16 19:50:00,2.8135,2.8135,2.8095,2.8105,2.8185,2.8185,2.8145,2.8155,7
2026-07-16 19:51:00,2.8095,2.8105,2.8065,2.8075,2.8145,2.8155,2.8115,2.8125,18
2026-07-16 19:52:00,2.808,2.8095,2.8075,2.8085,2.813,2.8145,2.8125,2.8135,13
2026-07-16 19:53:00,2.8095,2.81,2.8085,2.8095,2.8145,2.815,2.8135,2.8145,5
2026-07-16 19:54:00,2.8105,2.8125,2.8105,2.8115,2.8155,2.8175,2.8155,2.8165,4
2026-07-16 19:55:00,2.812,2.8135,2.8115,2.8125,2.817,2.8185,2.8165,2.8175,21
2026-07-16 19:56:00,2.8135,2.8145,2.8115,2.8135,2.8185,2.8195,2.8165,2.8185,31
2026-07-16 19:57:00,2.8145,2.8145,2.8135,2.8135,2.8195,2.8195,2.8185,2.8185,13
2026-07-16 19:58:00,2.8125,2.8135,2.8125,2.8135,2.8175,2.8185,2.8175,2.8185,2
2026-07-16 19:59:00,2.8125,2.8135,2.8105,2.812,2.8175,2.8185,2.8155,2.817,10
2026-07-16 20:00:00,2.8125,2.8155,2.812,2.8155,2.8175,2.8205,2.817,2.8205,16
2026-07-16 20:01:00,2.8165,2.8165,2.814,2.8155,2.8215,2.8215,2.819,2.8205,18
2026-07-16 20:02:00,2.8165,2.8165,2.8155,2.8155,2.8215,2.8215,2.8205,2.8205,5
2026-07-16 20:03:00,2.8145,2.8155,2.8125,2.8135,2.8195,2.8205,2.8175,2.8185,14
2026-07-16 20:04:00,2.8145,2.815,2.8145,2.8145,2.8195,2.82,2.8195,2.8195,3
2026-07-16 20:05:00,2.8135,2.8175,2.8135,2.817,2.8185,2.8225,2.8185,2.822,12
2026-07-16 20:06:00,2.8165,2.8175,2.8165,2.8175,2.8215,2.8225,2.8215,2.8225,2
2026-07-16 20:07:00,2.8185,2.8235,2.8185,2.8225,2.8235,2.8285,2.8235,2.8275,34
2026-07-16 20:08:00,2.822,2.8235,2.8205,2.8205,2.827,2.8285,2.8255,2.8255,27
2026-07-16 20:09:00,2.82,2.8215,2.8195,2.8195,2.825,2.8265,2.8245,2.8245,10
2026-07-16 20:10:00,2.8205,2.8215,2.8195,2.8215,2.8255,2.8265,2.8245,2.8265,9
2026-07-16 20:11:00,2.8225,2.8225,2.8215,2.8215,2.8275,2.8275,2.8265,2.8265,8
2026-07-16 20:12:00,2.8205,2.8225,2.8205,2.8205,2.8255,2.8275,2.8255,2.8255,14
2026-07-16 20:13:00,2.8215,2.8235,2.8215,2.8235,2.8265,2.8285,2.8265,2.8285,4
2026-07-16 20:14:00,2.8225,2.8235,2.8205,2.8225,2.8275,2.8285,2.8255,2.8275,23
2026-07-16 20:15:00,2.8235,2.8295,2.8235,2.8275,2.8285,2.8345,2.8285,2.8325,38
2026-07-16 20:16:00,2.8285,2.8295,2.8245,2.8265,2.8335,2.8345,2.8295,2.8315,34
2026-07-16 20:17:00,2.8275,2.8285,2.825,2.825,2.8325,2.8335,2.83,2.83,14
2026-07-16 20:18:00,2.8245,2.8255,2.8245,2.8255,2.8295,2.8305,2.8295,2.8305,9
2026-07-16 20:19:00,2.8245,2.8255,2.8225,2.824,2.8295,2.8305,2.8275,2.829,27
2026-07-16 20:20:00,2.8245,2.827,2.824,2.827,2.8295,2.832,2.829,2.832,17
2026-07-16 20:21:00,2.8275,2.8295,2.8265,2.8265,2.8325,2.8345,2.8315,2.8315,13
2026-07-16 20:22:00,2.8255,2.8285,2.8245,2.8265,2.8305,2.8335,2.8295,2.8315,22
2026-07-16 20:23:00,2.8275,2.8285,2.8265,2.8265,2.8325,2.8335,2.8315,2.8315,14
2026-07-16 20:24:00,2.8275,2.8275,2.8205,2.8215,2.8325,2.8325,2.8255,2.8265,34
2026-07-16 20:25:00,2.8225,2.8245,2.8215,2.8225,2.8275,2.8295,2.8265,2.8275,20
2026-07-16 20:26:00,2.8215,2.8225,2.8205,2.8225,2.8265,2.8275,2.8255,2.8275,39
2026-07-16 20:27:00,2.8235,2.8255,2.8225,2.8245,2.8285,2.8305,2.8275,2.8295,19
2026-07-16 20:28:00,2.8235,2.8285,2.8235,2.8275,2.8285,2.8335,2.8285,2.8325,66
2026-07-16 20:29:00,2.828,2.8305,2.8275,2.8305,2.833,2.8355,2.8325,2.8355,23
2026-07-16 20:30:00,2.831,2.8345,2.8285,2.8335,2.836,2.8395,2.8335,2.8385,43
2026-07-16 20:31:00,2.8345,2.8365,2.8335,2.8365,2.8395,2.8415,2.8385,2.8415,26
2026-07-16 20:32:00,2.8375,2.8375,2.8355,2.8355,2.8425,2.8425,2.8405,2.8405,25
2026-07-16 20:33:00,2.836,2.8415,2.836,2.8415,2.841,2.8465,2.841,2.8465,26
2026-07-16 20:34:00,2.8405,2.8425,2.8385,2.8425,2.8455,2.8475,2.8435,2.8475,27
2026-07-16 20:35:00,2.8435,2.8495,2.843,2.8465,2.8485,2.8545,2.848,2.8515,46
2026-07-16 20:36:00,2.8475,2.8515,2.8465,2.8505,2.8525,2.8565,2.8515,2.8555,21
2026-07-16 20:37:00,2.8515,2.8515,2.8505,2.8515,2.8565,2.8565,2.8555,2.8565,12
2026-07-16 20:38:00,2.8525,2.8525,2.8485,2.8485,2.8575,2.8575,2.8535,2.8535,22
2026-07-16 20:39:00,2.8495,2.8495,2.8475,2.8475,2.8545,2.8545,2.8525,2.8525,18
2026-07-16 20:40:00,2.8485,2.8485,2.844,2.8445,2.8535,2.8535,2.849,2.8495,29
2026-07-16 20:41:00,2.8455,2.8495,2.8435,2.848,2.8505,2.8545,2.8485,2.853,18
2026-07-16 20:42:00,2.8485,2.8545,2.8485,2.8535,2.8535,2.8595,2.8535,2.8585,25
2026-07-16 20:43:00,2.8545,2.8555,2.8535,2.8545,2.8595,2.8605,2.8585,2.8595,18
2026-07-16 20:44:00,2.8555,2.8565,2.8535,2.8555,2.8605,2.8615,2.8585,2.8605,32
2026-07-16 20:45:00,2.8565,2.8565,2.8525,2.8535,2.8615,2.8615,2.8575,2.8585,25
2026-07-16 20:46:00,2.854,2.8585,2.854,2.8565,2.859,2.8635,2.859,2.8615,30
2026-07-16 20:47:00,2.857,2.857,2.8535,2.8545,2.862,2.862,2.8585,2.8595,19
2026-07-16 20:48:00,2.854,2.8555,2.854,2.855,2.859,2.8605,2.859,2.86,9
2026-07-16 20:49:00,2.8555,2.8555,2.8545,2.8545,2.8605,2.8605,2.8595,2.8595,20
2026-07-16 20:50:00,2.8555,2.8555,2.8535,2.8555,2.8605,2.8605,2.8585,2.8605,13
2026-07-16 20:51:00,2.8565,2.8575,2.8555,2.8565,2.8615,2.8625,2.8605,2.8615,26
2026-07-16 20:52:00,2.856,2.8565,2.8555,2.8565,2.861,2.8615,2.8605,2.8615,8
2026-07-16 20:53:00,2.8575,2.8575,2.8555,2.8565,2.8625,2.8625,2.8605,2.8615,21
2026-07-16 20:54:00,2.8575,2.8595,2.8565,2.8595,2.8625,2.8645,2.8615,2.8645,9
2026-07-16 20:55:00,2.8585,2.8625,2.8585,2.8615,2.8635,2.8675,2.8635,2.8665,13
2026-07-16 20:56:00,2.861,2.8625,2.8605,2.8615,2.866,2.8675,2.8655,2.8665,6
2026-07-16 20:57:00,2.8605,2.8615,2.8595,2.8595,2.8655,2.8665,2.8645,2.8645,12
2026-07-16 20:58:00,2.8605,2.8615,2.8605,2.8605,2.8655,2.8665,2.8655,2.8655,5
2026-07-16 20:59:00,2.861,2.861,2.8595,2.8595,2.866,2.866,2.8645,2.8645,5
2026-07-16 21:00:00,2.86,2.8605,2.86,2.8605,2.865,2.8655,2.865,2.8655,2
2026-07-16 21:01:00,2.861,2.861,2.8575,2.8585,2.866,2.866,2.8625,2.8635,12
2026-07-16 21:02:00,2.8575,2.8595,2.8545,2.8565,2.8625,2.8645,2.8595,2.8615,16
2026-07-16 21:03:00,2.8575,2.8575,2.8555,2.8565,2.8625,2.8625,2.8605,2.8615,15
2026-07-16 21:04:00,2.856,2.8565,2.8555,2.8565,2.861,2.8615,2.8605,2.8615,5
2026-07-16 21:05:00,2.8555,2.8565,2.8555,2.856,2.8605,2.8615,2.8605,2.861,7
2026-07-16 21:06:00,2.8565,2.8595,2.8565,2.8595,2.8615,2.8645,2.8615,2.8645,12
2026-07-16 21:07:00,2.8585,2.8595,2.8575,2.8575,2.8635,2.8645,2.8625,2.8625,8
2026-07-16 21:08:00,2.8585,2.8585,2.8575,2.8575,2.8635,2.8635,2.8625,2.8625,2
2026-07-16 21:09:00,2.857,2.8575,2.8555,2.8565,2.862,2.8625,2.8605,2.8615,4
2026-07-16 21:10:00,2.8555,2.8575,2.8555,2.8565,2.8605,2.8625,2.8605,2.8615,14
2026-07-16 21:11:00,2.857,2.857,2.8535,2.8535,2.862,2.862,2.8585,2.8585,7
2026-07-16 21:12:00,2.854,2.8555,2.854,2.8555,2.859,2.8605,2.859,2.8605,5
2026-07-16 21:13:00,2.8545,2.8555,2.8545,2.855,2.8595,2.8605,2.8595,2.86,4
2026-07-16 21:14:00,2.8555,2.8555,2.8555,2.8555,2.8605,2.8605,2.8605,2.8605,1
2026-07-16 21:15:00,2.8565,2.8575,2.8565,2.8575,2.8615,2.8625,2.8615,2.8625,17
2026-07-16 21:17:00,2.858,2.8585,2.8575,2.8575,2.863,2.8635,2.8625,2.8625,3
2026-07-16 21:18:00,2.8585,2.8585,2.8565,2.8575,2.8635,2.8635,2.8615,2.8625,7
2026-07-16 21:19:00,2.858,2.8585,2.858,2.8585,2.863,2.8635,2.863,2.8635,2
2026-07-16 21:20:00,2.8595,2.8595,2.8595,2.8595,2.8645,2.8645,2.8645,2.8645,1
2026-07-16 21:21:00,2.8605,2.8605,2.8605,2.8605,2.8655,2.8655,2.8655,2.8655,1
2026-07-16 21:22:00,2.8595,2.8605,2.8595,2.8605,2.8645,2.8655,2.8645,2.8655,9
2026-07-16 21:24:00,2.8615,2.8615,2.8605,2.8605,2.8665,2.8665,2.8655,2.8655,2
2026-07-16 21:25:00,2.8595,2.8605,2.8595,2.8605,2.8645,2.8655,2.8645,2.8655,4
2026-07-16 21:26:00,2.86,2.8605,2.8595,2.8595,2.865,2.8655,2.8645,2.8645,9
2026-07-16 21:27:00,2.86,2.8625,2.86,2.8625,2.865,2.8675,2.865,2.8675,12
2026-07-16 21:28:00,2.8615,2.8625,2.8615,2.8615,2.8665,2.8675,2.8665,2.8665,3
2026-07-16 21:29:00,2.8605,2.8615,2.8595,2.8605,2.8655,2.8665,2.8645,2.8655,9
2026-07-16 21:30:00,2.8595,2.8595,2.8575,2.8585,2.8645,2.8645,2.8625,2.8635,4
2026-07-16 21:31:00,2.8595,2.8595,2.8585,2.8595,2.8645,2.8645,2.8635,2.8645,9
2026-07-16 21:34:00,2.86,2.86,2.8595,2.8595,2.865,2.865,2.8645,2.8645,4
2026-07-16 21:35:00,2.8605,2.8605,2.8595,2.86,2.8655,2.8655,2.8645,2.865,10
2026-07-16 21:36:00,2.8595,2.8605,2.8595,2.8605,2.8645,2.8655,2.8645,2.8655,2
2026-07-16 21:37:00,2.8595,2.8595,2.8595,2.8595,2.8645,2.8645,2.8645,2.8645,1
2026-07-16 21:39:00,2.8605,2.8615,2.8595,2.8615,2.8655,2.8665,2.8645,2.8665,5
2026-07-16 21:40:00,2.862,2.8625,2.862,2.8625,2.867,2.8675,2.867,2.8675,2
2026-07-16 21:41:00,2.8615,2.8625,2.8615,2.8615,2.8665,2.8675,2.8665,2.8665,8
2026-07-16 21:42:00,2.8625,2.8625,2.8615,2.8615,2.8675,2.8675,2.8665,2.8665,2
2026-07-16 21:43:00,2.8605,2.8615,2.8605,2.8615,2.8655,2.8665,2.8655,2.8665,2
2026-07-16 21:44:00,2.861,2.8615,2.8605,2.8615,2.866,2.8665,2.8655,2.8665,3
2026-07-16 21:46:00,2.8605,2.8605,2.8595,2.8605,2.8655,2.8655,2.8645,2.8655,3
2026-07-16 21:47:00,2.8615,2.8635,2.8615,2.8625,2.8665,2.8685,2.8665,2.8675,13
2026-07-16 21:48:00,2.8635,2.8635,2.8615,2.8625,2.8685,2.8685,2.8665,2.8675,17
2026-07-16 21:49:00,2.8635,2.8645,2.8615,2.8625,2.8685,2.8695,2.8665,2.8675,11
2026-07-16 21:50:00,2.8635,2.8635,2.8625,2.863,2.8685,2.8685,2.8675,2.868,11
2026-07-16 21:51:00,2.8635,2.8635,2.8615,2.862,2.8685,2.8685,2.8665,2.867,23
2026-07-16 21:52:00,2.8625,2.8635,2.8625,2.8635,2.8675,2.8685,2.8675,2.8685,2
2026-07-16 21:53:00,2.8625,2.8625,2.8585,2.8595,2.8675,2.8675,2.8635,2.8645,9
2026-07-16 21:54:00,2.8605,2.8605,2.8605,2.8605,2.8655,2.8655,2.8655,2.8655,1
2026-07-16 21:55:00,2.8615,2.8615,2.8615,2.8615,2.8665,2.8665,2.8665,2.8665,1
2026-07-16 21:57:00,2.8625,2.8635,2.8625,2.8635,2.8675,2.8685,2.8675,2.8685,2
2026-07-16 21:58:00,2.8645,2.8645,2.8615,2.8625,2.8695,2.8695,2.8665,2.8675,13
2026-07-16 21:59:00,2.862,2.8625,2.8615,2.862,2.867,2.8675,2.8665,2.867,11
2026-07-16 22:00:00,2.8625,2.8635,2.8605,2.861,2.8675,2.8685,2.8655,2.866,10
2026-07-16 22:01:00,2.8605,2.8605,2.8605,2.8605,2.8655,2.8655,2.8655,2.8655,1
2026-07-16 22:04:00,2.8615,2.8615,2.8615,2.8615,2.8665,2.8665,2.8665,2.8665,1
2026-07-16 22:05:00,2.8605,2.8615,2.8595,2.86,2.8655,2.8665,2.8645,2.865,6
2026-07-16 22:06:00,2.8605,2.861,2.8595,2.861,2.8655,2.866,2.8645,2.866,4
2026-07-16 22:07:00,2.8595,2.8595,2.8585,2.8585,2.8645,2.8645,2.8635,2.8635,4
2026-07-16 22:08:00,2.8595,2.86,2.8585,2.8595,2.8645,2.865,2.8635,2.8645,6
2026-07-16 22:09:00,2.86,2.86,2.86,2.86,2.865,2.865,2.865,2.865,1
2026-07-16 22:10:00,2.8595,2.8615,2.8595,2.8615,2.8645,2.8665,2.8645,2.8665,4
2026-07-16 22:11:00,2.861,2.8615,2.8605,2.8605,2.866,2.8665,2.8655,2.8655,5
2026-07-16 22:12:00,2.8615,2.8625,2.8605,2.8625,2.8665,2.8675,2.8655,2.8675,10
2026-07-16 22:14:00,2.8615,2.8615,2.8595,2.8595,2.8665,2.8665,2.8645,2.8645,3
2026-07-16 22:16:00,2.8605,2.8605,2.8605,2.8605,2.8655,2.8655,2.8655,2.8655,1
2026-07-16 22:17:00,2.8595,2.8595,2.8595,2.8595,2.8645,2.8645,2.8645,2.8645,1
2026-07-16 22:18:00,2.8605,2.8605,2.8605,2.8605,2.8655,2.8655,2.8655,2.8655,1
2026-07-16 22:19:00,2.8615,2.8615,2.8605,2.8605,2.8665,2.8665,2.8655,2.8655,2
2026-07-16 22:20:00,2.861,2.861,2.8595,2.8595,2.866,2.866,2.8645,2.8645,4
2026-07-16 22:21:00,2.86,2.86,2.8585,2.8585,2.865,2.865,2.8635,2.8635,2
2026-07-16 22:22:00,2.858,2.858,2.858,2.858,2.863,2.863,2.863,2.863,1
2026-07-16 22:23:00,2.8575,2.8585,2.8575,2.8585,2.8625,2.8635,2.8625,2.8635,2
2026-07-16 22:24:00,2.8575,2.858,2.8575,2.858,2.8625,2.863,2.8625,2.863,2
2026-07-16 22:25:00,2.8585,2.8585,2.858,2.8585,2.8635,2.8635,2.863,2.8635,3
2026-07-16 22:26:00,2.8575,2.8585,2.8575,2.8585,2.8625,2.8635,2.8625,2.8635,12
2026-07-16 22:27:00,2.859,2.859,2.859,2.859,2.864,2.864,2.864,2.864,1
2026-07-16 22:28:00,2.8585,2.8595,2.8585,2.8585,2.8635,2.8645,2.8635,2.8635,3
2026-07-16 22:29:00,2.858,2.8595,2.8565,2.8585,2.863,2.8645,2.8615,2.8635,19
2026-07-16 22:30:00,2.8595,2.86,2.8585,2.8585,2.8645,2.865,2.8635,2.8635,9
2026-07-16 22:31:00,2.859,2.8595,2.8585,2.8585,2.864,2.8645,2.8635,2.8635,3
2026-07-16 22:32:00,2.859,2.8605,2.859,2.8595,2.864,2.8655,2.864,2.8645,4
2026-07-16 22:37:00,2.859,2.8595,2.8575,2.858,2.864,2.8645,2.8625,2.863,9
2026-07-16 22:38:00,2.8585,2.8585,2.8585,2.8585,2.8635,2.8635,2.8635,2.8635,1
2026-07-16 22:39:00,2.8595,2.8605,2.8595,2.8605,2.8645,2.8655,2.8645,2.8655,9
2026-07-16 22:40:00,2.8615,2.8625,2.8615,2.8615,2.8665,2.8675,2.8665,2.8665,3
2026-07-16 22:42:00,2.862,2.8625,2.862,2.8625,2.867,2.8675,2.867,2.8675,2
2026-07-16 22:43:00,2.8615,2.8625,2.8605,2.8625,2.8665,2.8675,2.8655,2.8675,4
2026-07-16 22:46:00,2.862,2.862,2.8615,2.8615,2.867,2.867,2.8665,2.8665,2
2026-07-16 22:47:00,2.8625,2.8625,2.8615,2.8615,2.8675,2.8675,2.8665,2.8665,2
2026-07-16 22:49:00,2.862,2.862,2.8615,2.862,2.867,2.867,2.8665,2.867,3
2026-07-16 22:50:00,2.8615,2.8635,2.8605,2.8635,2.8665,2.8685,2.8655,2.8685,8
2026-07-16 22:51:00,2.8625,2.863,2.8625,2.8625,2.8675,2.868,2.8675,2.8675,3
2026-07-16 22:52:00,2.863,2.8645,2.8625,2.8645,2.868,2.8695,2.8675,2.8695,5
2026-07-16 22:53:00,2.8635,2.8635,2.8625,2.8635,2.8685,2.8685,2.8675,2.8685,10
2026-07-16 22:54:00,2.863,2.863,2.8615,2.8615,2.868,2.868,2.8665,2.8665,5
2026-07-16 22:55:00,2.8625,2.8625,2.8615,2.8615,2.8675,2.8675,2.8665,2.8665,8
2026-07-16 22:56:00,2.8625,2.863,2.8625,2.8625,2.8675,2.868,2.8675,2.8675,3
2026-07-16 22:57:00,2.862,2.8635,2.8615,2.863,2.867,2.8685,2.8665,2.868,10
2026-07-16 22:58:00,2.8635,2.8635,2.863,2.8635,2.8685,2.8685,2.868,2.8685,3
2026-07-16 22:59:00,2.8625,2.8634,2.8614,2.8634,2.8675,2.8675,2.8644,2.8644,3
2026-07-17 00:00:00,2.8614,2.8664,2.8614,2.8614,2.8664,2.8714,2.8664,2.8664,22
2026-07-17 00:01:00,2.8609,2.8619,2.8609,2.8619,2.8659,2.8669,2.8659,2.8669,5
2026-07-17 00:03:00,2.8624,2.8634,2.8609,2.8614,2.8674,2.8684,2.8659,2.8664,12
2026-07-17 00:04:00,2.8619,2.8644,2.8619,2.8644,2.8669,2.8694,2.8669,2.8694,5
2026-07-17 00:05:00,2.8639,2.8639,2.8639,2.8639,2.8689,2.8689,2.8689,2.8689,1
2026-07-17 00:06:00,2.8644,2.8649,2.8644,2.8649,2.8694,2.8699,2.8694,2.8699,2
2026-07-17 00:07:00,2.8644,2.8644,2.8629,2.8629,2.8694,2.8694,2.8679,2.8679,3
2026-07-17 00:08:00,2.8624,2.8634,2.8624,2.8629,2.8674,2.8684,2.8674,2.8679,3
2026-07-17 00:09:00,2.8634,2.8644,2.8629,2.8629,2.8684,2.8694,2.8679,2.8679,4
2026-07-17 00:10:00,2.8624,2.8634,2.8624,2.8634,2.8674,2.8684,2.8674,2.8684,4
2026-07-17 00:11:00,2.8639,2.8659,2.8639,2.8659,2.8689,2.8709,2.8689,2.8709,6
2026-07-17 00:12:00,2.8654,2.8654,2.8644,2.8654,2.8704,2.8704,2.8694,2.8704,4
2026-07-17 00:13:00,2.8659,2.8664,2.8654,2.8664,2.8709,2.8714,2.8704,2.8714,8
2026-07-17 00:16:00,2.8659,2.8664,2.8654,2.8664,2.8709,2.8714,2.8704,2.8714,4
2026-07-17 00:18:00,2.8659,2.8659,2.8654,2.8654,2.8709,2.8709,2.8704,2.8704,2
2026-07-17 00:19:00,2.8649,2.8654,2.8649,2.8654,2.8699,2.8704,2.8699,2.8704,2
2026-07-17 00:22:00,2.8649,2.8649,2.8644,2.8644,2.8699,2.8699,2.8694,2.8694,2
2026-07-17 00:23:00,2.8649,2.8649,2.8649,2.8649,2.8699,2.8699,2.8699,2.8699,1
2026-07-17 00:24:00,2.8644,2.8644,2.8644,2.8644,2.8694,2.8694,2.8694,2.8694,1
2026-07-17 00:25:00,2.8634,2.8649,2.8634,2.8649,2.8684,2.8699,2.8684,2.8699,3
2026-07-17 00:31:00,2.8654,2.8654,2.8649,2.8649,2.8704,2.8704,2.8699,2.8699,2
2026-07-17 00:36:00,2.8654,2.8654,2.8654,2.8654,2.8704,2.8704,2.8704,2.8704,1
2026-07-17 00:39:00,2.8649,2.8649,2.8644,2.8644,2.8699,2.8699,2.8694,2.8694,2
2026-07-17 00:40:00,2.8649,2.8649,2.8649,2.8649,2.8699,2.8699,2.8699,2.8699,1
2026-07-17 00:41:00,2.8654,2.8654,2.8649,2.8649,2.8704,2.8704,2.8699,2.8699,2
2026-07-17 00:42:00,2.8644,2.8644,2.8644,2.8644,2.8694,2.8694,2.8694,2.8694,1
2026-07-17 00:43:00,2.8654,2.8654,2.8649,2.8654,2.8704,2.8704,2.8699,2.8704,3
2026-07-17 00:45:00,2.8624,2.8644,2.8624,2.8644,2.8674,2.8694,2.8674,2.8694,4
2026-07-17 00:46:00,2.8634,2.8639,2.8634,2.8639,2.8684,2.8689,2.8684,2.8689,2
2026-07-17 00:50:00,2.8644,2.8649,2.8639,2.8644,2.8694,2.8699,2.8689,2.8694,4
2026-07-17 00:53:00,2.8649,2.8649,2.8649,2.8649,2.8699,2.8699,2.8699,2.8699,1
2026-07-17 00:55:00,2.8644,2.8644,2.8644,2.8644,2.8694,2.8694,2.8694,2.8694,1
2026-07-17 00:57:00,2.8634,2.8634,2.8634,2.8634,2.8684,2.8684,2.8684,2.8684,1
2026-07-17 00:58:00,2.8629,2.8629,2.8629,2.8629,2.8679,2.8679,2.8679,2.8679,1
2026-07-17 01:01:00,2.8624,2.8624,2.8624,2.8624,2.8674,2.8674,2.8674,2.8674,1
2026-07-17 01:02:00,2.8619,2.8624,2.8619,2.8624,2.8669,2.8674,2.8669,2.8674,2
2026-07-17 01:03:00,2.8619,2.8629,2.8619,2.8629,2.8669,2.8679,2.8669,2.8679,2
2026-07-17 01:06:00,2.8634,2.8634,2.8634,2.8634,2.8684,2.8684,2.8684,2.8684,1
2026-07-17 01:07:00,2.8629,2.8629,2.8629,2.8629,2.8679,2.8679,2.8679,2.8679,1
2026-07-17 01:08:00,2.8634,2.8634,2.8629,2.8629,2.8684,2.8684,2.8679,2.8679,2
2026-07-17 01:11:00,2.8634,2.8634,2.8629,2.8629,2.8684,2.8684,2.8679,2.8679,2
2026-07-17 01:12:00,2.8624,2.8624,2.8624,2.8624,2.8674,2.8674,2.8674,2.8674,1
2026-07-17 01:13:00,2.8629,2.8629,2.8629,2.8629,2.8679,2.8679,2.8679,2.8679,1
2026-07-17 01:14:00,2.8624,2.8624,2.8624,2.8624,2.8674,2.8674,2.8674,2.8674,1
2026-07-17 01:15:00,2.8629,2.8629,2.8629,2.8629,2.8679,2.8679,2.8679,2.8679,1
2026-07-17 01:16:00,2.8624,2.8624,2.8624,2.8624,2.8674,2.8674,2.8674,2.8674,1
2026-07-17 01:17:00,2.8619,2.8629,2.8619,2.8629,2.8669,2.8679,2.8669,2.8679,3
2026-07-17 01:23:00,2.8634,2.8634,2.8634,2.8634,2.8684,2.8684,2.8684,2.8684,1
2026-07-17 01:24:00,2.8624,2.8644,2.8624,2.8629,2.8674,2.8694,2.8674,2.8679,6
2026-07-17 01:25:00,2.8624,2.8629,2.8624,2.8629,2.8674,2.8679,2.8674,2.8679,2
2026-07-17 01:28:00,2.8624,2.8629,2.8624,2.8629,2.8674,2.8679,2.8674,2.8679,2
2026-07-17 01:30:00,2.8624,2.8624,2.8624,2.8624,2.8674,2.8674,2.8674,2.8674,1
2026-07-17 01:31:00,2.8634,2.8634,2.8629,2.8629,2.8684,2.8684,2.8679,2.8679,2
2026-07-17 01:33:00,2.8624,2.8624,2.8624,2.8624,2.8674,2.8674,2.8674,2.8674,1
2026-07-17 01:34:00,2.8634,2.8644,2.8634,2.8644,2.8684,2.8694,2.8684,2.8694,2
2026-07-17 01:37:00,2.8624,2.8624,2.8619,2.8624,2.8674,2.8674,2.8669,2.8674,3
2026-07-17 01:38:00,2.8634,2.8644,2.8634,2.8644,2.8684,2.8694,2.8684,2.8694,3
2026-07-17 01:48:00,2.8634,2.8644,2.8634,2.8644,2.8684,2.8694,2.8684,2.8694,3
2026-07-17 01:49:00,2.8639,2.8639,2.8639,2.8639,2.8689,2.8689,2.8689,2.8689,1
2026-07-17 01:50:00,2.8634,2.8639,2.8614,2.8614,2.8684,2.8689,2.8664,2.8664,10
2026-07-17 01:53:00,2.8624,2.8644,2.8624,2.8639,2.8674,2.8694,2.8674,2.8689,4
2026-07-17 01:54:00,2.8644,2.8649,2.8644,2.8644,2.8694,2.8699,2.8694,2.8694,3
2026-07-17 01:56:00,2.8634,2.8649,2.8634,2.8649,2.8684,2.8699,2.8684,2.8699,4
2026-07-17 01:57:00,2.8644,2.8644,2.8639,2.8644,2.8694,2.8694,2.8689,2.8694,5
2026-07-17 01:59:00,2.8654,2.8664,2.8654,2.8664,2.8704,2.8714,2.8704,2.8714,2
2026-07-17 02:00:00,2.8654,2.8674,2.8634,2.8644,2.8704,2.8724,2.8684,2.8694,18
2026-07-17 02:01:00,2.8639,2.8644,2.8634,2.8634,2.8689,2.8694,2.8684,2.8684,4
2026-07-17 02:02:00,2.8639,2.8639,2.8634,2.8634,2.8689,2.8689,2.8684,2.8684,2
2026-07-17 02:03:00,2.8639,2.8644,2.8639,2.8644,2.8689,2.8694,2.8689,2.8694,2
2026-07-17 02:04:00,2.8634,2.8634,2.8634,2.8634,2.8684,2.8684,2.8684,2.8684,1
2026-07-17 02:05:00,2.8639,2.8664,2.8639,2.8659,2.8689,2.8714,2.8689,2.8709,5
2026-07-17 02:06:00,2.8654,2.8664,2.8654,2.8664,2.8704,2.8714,2.8704,2.8714,3
2026-07-17 02:08:00,2.8654,2.8664,2.8654,2.8664,2.8704,2.8714,2.8704,2.8714,5
2026-07-17 02:10:00,2.8659,2.8664,2.8654,2.8654,2.8709,2.8714,2.8704,2.8704,3
2026-07-17 02:11:00,2.8659,2.8659,2.8654,2.8654,2.8709,2.8709,2.8704,2.8704,2
2026-07-17 02:14:00,2.8644,2.8644,2.8634,2.8634,2.8694,2.8694,2.8684,2.8684,5
2026-07-17 02:18:00,2.8639,2.8644,2.8639,2.8644,2.8689,2.8694,2.8689,2.8694,2
2026-07-17 02:20:00,2.8634,2.8644,2.8634,2.8644,2.8684,2.8694,2.8684,2.8694,2
2026-07-17 02:22:00,2.8639,2.8639,2.8634,2.8634,2.8689,2.8689,2.8684,2.8684,2
2026-07-17 02:23:00,2.8629,2.8629,2.8629,2.8629,2.8679,2.8679,2.8679,2.8679,1
2026-07-17 02:24:00,2.8624,2.8634,2.8624,2.8634,2.8674,2.8684,2.8674,2.8684,5
2026-07-17 02:25:00,2.8629,2.8629,2.8624,2.8629,2.8679,2.8679,2.8674,2.8679,3
2026-07-17 02:26:00,2.8634,2.8634,2.8629,2.8634,2.8684,2.8684,2.8679,2.8684,3
2026-07-17 02:27:00,2.8624,2.8624,2.8624,2.8624,2.8674,2.8674,2.8674,2.8674,1
2026-07-17 02:28:00,2.8614,2.8634,2.8614,2.8634,2.8664,2.8684,2.8664,2.8684,6
2026-07-17 02:29:00,2.8639,2.8644,2.8634,2.8644,2.8689,2.8694,2.8684,2.8694,10
2026-07-17 02:30:00,2.8639,2.8639,2.8634,2.8634,2.8689,2.8689,2.8684,2.8684,8
2026-07-17 02:32:00,2.8624,2.8624,2.8619,2.8619,2.8674,2.8674,2.8669,2.8669,2
2026-07-17 02:33:00,2.8624,2.8624,2.8614,2.8619,2.8674,2.8674,2.8664,2.8669,6
2026-07-17 02:36:00,2.8624,2.8634,2.8619,2.8634,2.8674,2.8684,2.8669,2.8684,4
2026-07-17 02:37:00,2.8629,2.8634,2.8624,2.8624,2.8679,2.8684,2.8674,2.8674,3
2026-07-17 02:38:00,2.8634,2.8634,2.8614,2.8614,2.8684,2.8684,2.8664,2.8664,4
2026-07-17 02:39:00,2.8624,2.8624,2.8619,2.8619,2.8674,2.8674,2.8669,2.8669,16
2026-07-17 02:40:00,2.8624,2.8624,2.8624,2.8624,2.8674,2.8674,2.8674,2.8674,1
2026-07-17 02:42:00,2.8614,2.8624,2.8614,2.8624,2.8664,2.8674,2.8664,2.8674,2
2026-07-17 02:44:00,2.8629,2.8644,2.8619,2.8639,2.8679,2.8694,2.8669,2.8689,12
2026-07-17 02:45:00,2.8634,2.8654,2.8634,2.8649,2.8684,2.8704,2.8684,2.8699,5
2026-07-17 02:46:00,2.8644,2.8654,2.8634,2.8649,2.8694,2.8704,2.8684,2.8699,11
2026-07-17 02:47:00,2.8644,2.8649,2.8644,2.8649,2.8694,2.8699,2.8694,2.8699,8
2026-07-17 02:50:00,2.8644,2.8644,2.8639,2.8644,2.8694,2.8694,2.8689,2.8694,3
2026-07-17 02:53:00,2.8639,2.8639,2.8639,2.8639,2.8689,2.8689,2.8689,2.8689,1
2026-07-17 02:55:00,2.8634,2.8639,2.8634,2.8634,2.8684,2.8689,2.8684,2.8684,3
2026-07-17 02:56:00,2.8639,2.8639,2.8639,2.8639,2.8689,2.8689,2.8689,2.8689,1
2026-07-17 02:57:00,2.8634,2.8649,2.8634,2.8644,2.8684,2.8699,2.8684,2.8694,4
2026-07-17 03:00:00,2.8649,2.8654,2.8644,2.8644,2.8699,2.8704,2.8694,2.8694,6
2026-07-17 03:01:00,2.8649,2.8654,2.8644,2.8654,2.8699,2.8704,2.8694,2.8704,8
2026-07-17 03:02:00,2.8644,2.8659,2.8634,2.8659,2.8694,2.8709,2.8684,2.8709,6
2026-07-17 03:03:00,2.8654,2.8654,2.8644,2.8654,2.8704,2.8704,2.8694,2.8704,4
2026-07-17 03:04:00,2.8644,2.8674,2.8644,2.8674,2.8694,2.8724,2.8694,2.8724,9
2026-07-17 03:05:00,2.8664,2.8674,2.8664,2.8664,2.8714,2.8724,2.8714,2.8714,7
2026-07-17 03:06:00,2.8669,2.8669,2.8664,2.8664,2.8719,2.8719,2.8714,2.8714,2
2026-07-17 03:07:00,2.8669,2.8674,2.8664,2.8669,2.8719,2.8724,2.8714,2.8719,5
2026-07-17 03:08:00,2.8674,2.8694,2.8609,2.8614,2.8724,2.8744,2.8659,2.8664,21
2026-07-17 03:09:00,2.8609,2.8614,2.8604,2.8609,2.8659,2.8664,2.8654,2.8659,8
2026-07-17 03:10:00,2.8619,2.8624,2.8614,2.8624,2.8669,2.8674,2.8664,2.8674,3
2026-07-17 03:12:00,2.8634,2.8634,2.8634,2.8634,2.8684,2.8684,2.8684,2.8684,1
2026-07-17 03:14:00,2.8629,2.8629,2.8624,2.8624,2.8679,2.8679,2.8674,2.8674,2
2026-07-17 03:16:00,2.8629,2.8629,2.8629,2.8629,2.8679,2.8679,2.8679,2.8679,1
2026-07-17 03:17:00,2.8624,2.8624,2.8624,2.8624,2.8674,2.8674,2.8674,2.8674,1
2026-07-17 03:18:00,2.8629,2.8634,2.8624,2.8624,2.8679,2.8684,2.8674,2.8674,3
2026-07-17 03:21:00,2.8634,2.8634,2.8629,2.8629,2.8684,2.8684,2.8679,2.8679,2
2026-07-17 03:22:00,2.8634,2.8634,2.8629,2.8634,2.8684,2.8684,2.8679,2.8684,3
2026-07-17 03:23:00,2.8629,2.8634,2.8629,2.8634,2.8679,2.8684,2.8679,2.8684,4
2026-07-17 03:24:00,2.8629,2.8634,2.8624,2.8624,2.8679,2.8684,2.8674,2.8674,6
2026-07-17 03:25:00,2.8619,2.8624,2.8619,2.8624,2.8669,2.8674,2.8669,2.8674,2
2026-07-17 03:26:00,2.8629,2.8634,2.8624,2.8629,2.8679,2.8684,2.8674,2.8679,7
2026-07-17 03:27:00,2.8624,2.8624,2.8624,2.8624,2.8674,2.8674,2.8674,2.8674,1
2026-07-17 03:29:00,2.8629,2.8629,2.8629,2.8629,2.8679,2.8679,2.8679,2.8679,1
2026-07-17 03:30:00,2.8634,2.8634,2.8629,2.8629,2.8684,2.8684,2.8679,2.8679,2
2026-07-17 03:31:00,2.8624,2.8624,2.8624,2.8624,2.8674,2.8674,2.8674,2.8674,1
2026-07-17 03:32:00,2.8614,2.8634,2.8614,2.8624,2.8664,2.8684,2.8664,2.8674,11
2026-07-17 03:34:00,2.8619,2.8619,2.8614,2.8614,2.8669,2.8669,2.8664,2.8664,2
2026-07-17 03:35:00,2.8609,2.8609,2.8604,2.8604,2.8659,2.8659,2.8654,2.8654,2
2026-07-17 03:40:00,2.8599,2.8599,2.8584,2.8584,2.8649,2.8649,2.8634,2.8634,9
2026-07-17 03:42:00,2.8579,2.8579,2.8574,2.8574,2.8629,2.8629,2.8624,2.8624,2
2026-07-17 03:43:00,2.8579,2.8584,2.8574,2.8584,2.8629,2.8634,2.8624,2.8634,8
2026-07-17 03:44:00,2.8579,2.8579,2.8579,2.8579,2.8629,2.8629,2.8629,2.8629,1
2026-07-17 03:45:00,2.8584,2.8584,2.8579,2.8579,2.8634,2.8634,2.8629,2.8629,2
2026-07-17 03:46:00,2.8574,2.8574,2.8574,2.8574,2.8624,2.8624,2.8624,2.8624,1
2026-07-17 03:47:00,2.8564,2.8564,2.8564,2.8564,2.8614,2.8614,2.8614,2.8614,1
2026-07-17 03:49:00,2.8554,2.8554,2.8554,2.8554,2.8604,2.8604,2.8604,2.8604,1
2026-07-17 03:50:00,2.8564,2.8564,2.8554,2.8554,2.8614,2.8614,2.8604,2.8604,2
2026-07-17 03:55:00,2.8544,2.8544,2.8534,2.8534,2.8594,2.8594,2.8584,2.8584,3
2026-07-17 03:56:00,2.8529,2.8534,2.8529,2.8534,2.8579,2.8584,2.8579,2.8584,2
2026-07-17 03:58:00,2.8529,2.8534,2.8529,2.8529,2.8579,2.8584,2.8579,2.8579,3
2026-07-17 03:59:00,2.8524,2.8524,2.8514,2.8514,2.8574,2.8574,2.8564,2.8564,5
2026-07-17 04:00:00,2.8509,2.8509,2.8494,2.8494,2.8559,2.8559,2.8544,2.8544,4
2026-07-17 04:01:00,2.8484,2.8494,2.8484,2.8494,2.8534,2.8544,2.8534,2.8544,2
2026-07-17 04:02:00,2.8504,2.8504,2.8504,2.8504,2.8554,2.8554,2.8554,2.8554,1
2026-07-17 04:03:00,2.8499,2.8499,2.8484,2.8484,2.8549,2.8549,2.8534,2.8534,4
2026-07-17 04:04:00,2.8489,2.8494,2.8484,2.8489,2.8539,2.8544,2.8534,2.8539,5
2026-07-17 04:05:00,2.8484,2.8504,2.8484,2.8504,2.8534,2.8554,2.8534,2.8554,4
2026-07-17 04:06:00,2.8499,2.8499,2.8494,2.8494,2.8549,2.8549,2.8544,2.8544,2
2026-07-17 04:07:00,2.8489,2.8489,2.8454,2.8464,2.8539,2.8539,2.8504,2.8514,6
2026-07-17 04:10:00,2.8474,2.8504,2.8474,2.8504,2.8524,2.8554,2.8524,2.8554,4
2026-07-17 04:11:00,2.8494,2.8494,2.8494,2.8494,2.8544,2.8544,2.8544,2.8544,1
2026-07-17 04:15:00,2.8499,2.8504,2.8499,2.8504,2.8549,2.8554,2.8549,2.8554,2
2026-07-17 04:16:00,2.8499,2.8499,2.8499,2.8499,2.8549,2.8549,2.8549,2.8549,1
2026-07-17 04:17:00,2.8504,2.8504,2.8499,2.8504,2.8554,2.8554,2.8549,2.8554,3
2026-07-17 04:19:00,2.8509,2.8514,2.8494,2.8504,2.8559,2.8564,2.8544,2.8554,5
2026-07-17 04:23:00,2.8499,2.8504,2.8494,2.8504,2.8549,2.8554,2.8544,2.8554,5
2026-07-17 04:24:00,2.8499,2.8499,2.8499,2.8499,2.8549,2.8549,2.8549,2.8549,1
2026-07-17 04:25:00,2.8504,2.8504,2.8504,2.8504,2.8554,2.8554,2.8554,2.8554,1
2026-07-17 04:27:00,2.8499,2.8499,2.8484,2.8484,2.8549,2.8549,2.8534,2.8534,4
2026-07-17 04:28:00,2.8479,2.8479,2.8469,2.8469,2.8529,2.8529,2.8519,2.8519,5
2026-07-17 04:29:00,2.8464,2.8474,2.8464,2.8474,2.8514,2.8524,2.8514,2.8524,2
2026-07-17 04:30:00,2.8469,2.8469,2.8424,2.8424,2.8519,2.8519,2.8474,2.8474,19
2026-07-17 04:31:00,2.8414,2.8414,2.8399,2.8404,2.8464,2.8464,2.8449,2.8454,8
2026-07-17 04:32:00,2.8399,2.8404,2.8394,2.8399,2.8449,2.8454,2.8444,2.8449,7
2026-07-17 04:33:00,2.8394,2.8399,2.8379,2.8384,2.8444,2.8449,2.8429,2.8434,9
2026-07-17 04:34:00,2.8379,2.8379,2.8364,2.8369,2.8429,2.8429,2.8414,2.8419,11
2026-07-17 04:35:00,2.8364,2.8374,2.8364,2.8364,2.8414,2.8424,2.8414,2.8414,4
2026-07-17 04:38:00,2.8369,2.8374,2.8369,2.8374,2.8419,2.8424,2.8419,2.8424,2
2026-07-17 04:39:00,2.8379,2.8384,2.8374,2.8374,2.8429,2.8434,2.8424,2.8424,3
2026-07-17 04:40:00,2.8364,2.8364,2.8344,2.8344,2.8414,2.8414,2.8394,2.8394,5
2026-07-17 04:41:00,2.8334,2.8344,2.8334,2.8344,2.8384,2.8394,2.8384,2.8394,9
2026-07-17 04:42:00,2.8339,2.8344,2.8339,2.8339,2.8389,2.8394,2.8389,2.8389,3
2026-07-17 04:43:00,2.8344,2.8364,2.8334,2.8339,2.8394,2.8414,2.8384,2.8389,10
2026-07-17 04:44:00,2.8344,2.8344,2.8334,2.8344,2.8394,2.8394,2.8384,2.8394,12
2026-07-17 04:45:00,2.8349,2.8349,2.8344,2.8344,2.8399,2.8399,2.8394,2.8394,2
2026-07-17 04:46:00,2.8334,2.8339,2.8334,2.8339,2.8384,2.8389,2.8384,2.8389,2
2026-07-17 04:47:00,2.8344,2.8354,2.8334,2.8339,2.8394,2.8404,2.8384,2.8389,9
2026-07-17 04:48:00,2.8344,2.8344,2.8329,2.8329,2.8394,2.8394,2.8379,2.8379,7
2026-07-17 04:49:00,2.8324,2.8394,2.8324,2.8354,2.8374,2.8444,2.8374,2.8404,28
2026-07-17 04:50:00,2.8364,2.8384,2.8364,2.8374,2.8414,2.8434,2.8414,2.8424,5
2026-07-17 04:51:00,2.8369,2.8414,2.8369,2.8414,2.8419,2.8464,2.8419,2.8464,12
2026-07-17 04:52:00,2.8409,2.8414,2.8409,2.8414,2.8459,2.8464,2.8459,2.8464,2
2026-07-17 04:53:00,2.8409,2.8409,2.8409,2.8409,2.8459,2.8459,2.8459,2.8459,1
2026-07-17 04:54:00,2.8414,2.8414,2.8414,2.8414,2.8464,2.8464,2.8464,2.8464,1
2026-07-17 04:55:00,2.8419,2.8419,2.8414,2.8414,2.8469,2.8469,2.8464,2.8464,4
2026-07-17 04:56:00,2.8409,2.8409,2.8404,2.8404,2.8459,2.8459,2.8454,2.8454,2
2026-07-17 04:57:00,2.8409,2.8419,2.8409,2.8419,2.8459,2.8469,2.8459,2.8469,3
2026-07-17 04:58:00,2.8424,2.8424,2.8424,2.8424,2.8474,2.8474,2.8474,2.8474,1
2026-07-17 04:59:00,2.8414,2.8414,2.8414,2.8414,2.8464,2.8464,2.8464,2.8464,1
2026-07-17 05:03:00,2.8424,2.8424,2.8424,2.8424,2.8474,2.8474,2.8474,2.8474,1
2026-07-17 05:05:00,2.8414,2.8414,2.8414,2.8414,2.8464,2.8464,2.8464,2.8464,1
2026-07-17 05:07:00,2.8409,2.8409,2.8404,2.8404,2.8459,2.8459,2.8454,2.8454,2
2026-07-17 05:12:00,2.8409,2.8414,2.8404,2.8404,2.8459,2.8464,2.8454,2.8454,4
2026-07-17 05:13:00,2.8409,2.8409,2.8409,2.8409,2.8459,2.8459,2.8459,2.8459,1
2026-07-17 05:14:00,2.8414,2.8419,2.8414,2.8419,2.8464,2.8469,2.8464,2.8469,2
2026-07-17 05:15:00,2.8424,2.8424,2.8414,2.8414,2.8474,2.8474,2.8464,2.8464,10
2026-07-17 05:16:00,2.8419,2.8419,2.8414,2.8419,2.8469,2.8469,2.8464,2.8469,3
2026-07-17 05:17:00,2.8414,2.8419,2.8414,2.8419,2.8464,2.8469,2.8464,2.8469,4
2026-07-17 05:18:00,2.8424,2.8424,2.8424,2.8424,2.8474,2.8474,2.8474,2.8474,1
2026-07-17 05:19:00,2.8429,2.8429,2.8429,2.8429,2.8479,2.8479,2.8479,2.8479,1
2026-07-17 05:21:00,2.8434,2.8434,2.8414,2.8414,2.8484,2.8484,2.8464,2.8464,12
2026-07-17 05:22:00,2.8419,2.8419,2.8419,2.8419,2.8469,2.8469,2.8469,2.8469,1
2026-07-17 05:23:00,2.8414,2.8419,2.8414,2.8414,2.8464,2.8469,2.8464,2.8464,3
2026-07-17 05:24:00,2.8409,2.8409,2.8404,2.8409,2.8459,2.8459,2.8454,2.8459,3
2026-07-17 05:25:00,2.8414,2.8424,2.8414,2.8424,2.8464,2.8474,2.8464,2.8474,7
2026-07-17 05:27:00,2.8429,2.8434,2.8424,2.8424,2.8479,2.8484,2.8474,2.8474,5
2026-07-17 05:28:00,2.8429,2.8429,2.8424,2.8424,2.8479,2.8479,2.8474,2.8474,2
2026-07-17 05:29:00,2.8414,2.8424,2.8414,2.8424,2.8464,2.8474,2.8464,2.8474,6
2026-07-17 05:30:00,2.8414,2.8414,2.8344,2.8344,2.8464,2.8464,2.8394,2.8394,33
2026-07-17 05:31:00,2.8349,2.8374,2.8344,2.8344,2.8399,2.8424,2.8394,2.8394,29
2026-07-17 05:32:00,2.8339,2.8354,2.8334,2.8344,2.8389,2.8404,2.8384,2.8394,18
2026-07-17 05:33:00,2.8349,2.8364,2.8344,2.8364,2.8399,2.8414,2.8394,2.8414,14
2026-07-17 05:34:00,2.8359,2.8374,2.8344,2.8374,2.8409,2.8424,2.8394,2.8424,23
2026-07-17 05:35:00,2.8384,2.8384,2.8344,2.8354,2.8434,2.8434,2.8394,2.8404,23
2026-07-17 05:36:00,2.8344,2.8354,2.8344,2.8349,2.8394,2.8394,2.8384,2.8384,16
2026-07-17 05:37:00,2.8344,2.8344,2.8334,2.8334,2.8379,2.8404,2.8374,2.8394,3
2026-07-17 05:38:00,2.8329,2.8354,2.8324,2.8344,2.8389,2.8394,2.8384,2.8394,25
2026-07-17 05:39:00,2.8339,2.8344,2.8334,2.8344,2.8384,2.8394,2.8374,2.8394,3
2026-07-17 05:40:00,2.8334,2.8344,2.8324,2.8344,2.8404,2.8404,2.8384,2.8384,7
2026-07-17 05:41:00,2.8354,2.8354,2.8334,2.8334,2.8389,2.8389,2.8364,2.8369,3
2026-07-17 05:44:00,2.8339,2.8339,2.8314,2.8319,2.8364,2.8374,2.8364,2.8369,6
2026-07-17 05:45:00,2.8314,2.8324,2.8314,2.8319,2.8364,2.8364,2.8364,2.8364,9
2026-07-17 05:47:00,2.8314,2.8314,2.8314,2.8314,2.8369,2.8374,2.8364,2.8364,1
2026-07-17 05:48:00,2.8319,2.8324,2.8314,2.8314,2.8369,2.8374,2.8364,2.8369,4
2026-07-17 05:49:00,2.8319,2.8324,2.8314,2.8319,2.8364,2.8369,2.8364,2.8364,9
2026-07-17 05:50:00,2.8314,2.8319,2.8314,2.8314,2.8374,2.8374,2.8364,2.8374,5
2026-07-17 05:51:00,2.8324,2.8324,2.8314,2.8324,2.8369,2.8374,2.8334,2.8344,14
2026-07-17 05:52:00,2.8319,2.8324,2.8284,2.8294,2.8334,2.8334,2.8314,2.8324,9
2026-07-17 05:53:00,2.8284,2.8284,2.8264,2.8274,2.8329,2.8334,2.8324,2.8334,14
2026-07-17 05:54:00,2.8279,2.8284,2.8274,2.8284,2.8329,2.8344,2.8329,2.8344,11
2026-07-17 05:55:00,2.8279,2.8294,2.8279,2.8294,2.8354,2.8369,2.8354,2.8364,28
2026-07-17 05:56:00,2.8304,2.8319,2.8304,2.8314,2.8359,2.8359,2.8354,2.8354,12
2026-07-17 05:57:00,2.8309,2.8309,2.8304,2.8304,2.8359,2.8364,2.8354,2.8354,2
2026-07-17 05:59:00,2.8309,2.8314,2.8304,2.8304,2.8359,2.8364,2.8354,2.8354,5
2026-07-17 06:00:00,2.8309,2.8314,2.8304,2.8304,2.8364,2.8364,2.8349,2.8359,6
2026-07-17 06:01:00,2.8314,2.8314,2.8299,2.8309,2.8354,2.8369,2.8354,2.8354,4
2026-07-17 06:02:00,2.8304,2.8319,2.8304,2.8304,2.8349,2.8349,2.8344,2.8344,4
2026-07-17 06:03:00,2.8299,2.8299,2.8294,2.8294,2.8339,2.8344,2.8324,2.8324,2
2026-07-17 06:04:00,2.8289,2.8294,2.8274,2.8274,2.8314,2.8334,2.8314,2.8324,5
2026-07-17 06:06:00,2.8264,2.8284,2.8264,2.8274,2.8329,2.8329,2.8324,2.8324,8
2026-07-17 06:07:00,2.8279,2.8279,2.8274,2.8274,2.8314,2.8314,2.8314,2.8314,2
2026-07-17 06:08:00,2.8264,2.8264,2.8264,2.8264,2.8304,2.8314,2.8304,2.8314,1
2026-07-17 06:09:00,2.8254,2.8264,2.8254,2.8264,2.8324,2.8324,2.8324,2.8324,4
2026-07-17 06:11:00,2.8274,2.8274,2.8274,2.8274,2.8329,2.8354,2.8329,2.8354,1
2026-07-17 06:12:00,2.8279,2.8304,2.8279,2.8304,2.8349,2.8364,2.8344,2.8359,4
2026-07-17 06:14:00,2.8299,2.8314,2.8294,2.8309,2.8354,2.8359,2.8344,2.8359,11
2026-07-17 06:15:00,2.8304,2.8309,2.8294,2.8309,2.8364,2.8364,2.8359,2.8359,8
2026-07-17 06:16:00,2.8314,2.8314,2.8309,2.8309,2.8364,2.8374,2.8364,2.8374,2
2026-07-17 06:17:00,2.8314,2.8324,2.8314,2.8324,2.8379,2.8384,2.8374,2.8384,3
2026-07-17 06:19:00,2.8329,2.8334,2.8324,2.8334,2.8394,2.8414,2.8394,2.8404,3
2026-07-17 06:22:00,2.8344,2.8364,2.8344,2.8354,2.8409,2.8419,2.8404,2.8414,5
2026-07-17 06:23:00,2.8359,2.8369,2.8354,2.8364,2.8424,2.8424,2.8414,2.8414,5
2026-07-17 06:24:00,2.8374,2.8374,2.8364,2.8364,2.8419,2.8434,2.8419,2.8434,2
2026-07-17 06:25:00,2.8369,2.8384,2.8369,2.8384,2.8429,2.8454,2.8424,2.8444,8
2026-07-17 06:26:00,2.8379,2.8404,2.8374,2.8394,2.8434,2.8434,2.8414,2.8414,16
2026-07-17 06:27:00,2.8384,2.8384,2.8364,2.8364,2.8404,2.8409,2.8404,2.8409,6
2026-07-17 06:28:00,2.8354,2.8359,2.8354,2.8359,2.8404,2.8414,2.8404,2.8404,2
2026-07-17 06:29:00,2.8354,2.8364,2.8354,2.8354,2.8414,2.8439,2.8414,2.8439,6
2026-07-17 06:30:00,2.8364,2.8389,2.8364,2.8389,2.8434,2.8434,2.8434,2.8434,5
2026-07-17 06:31:00,2.8384,2.8384,2.8384,2.8384,2.8429,2.8429,2.8424,2.8429,1
2026-07-17 06:33:00,2.8379,2.8379,2.8374,2.8379,2.8434,2.8434,2.8424,2.8429,5
2026-07-17 06:34:00,2.8384,2.8384,2.8374,2.8379,2.8434,2.8434,2.8414,2.8419,6
2026-07-17 06:35:00,2.8384,2.8384,2.8364,2.8369,2.8414,2.8414,2.8404,2.8414,5
2026-07-17 06:36:00,2.8364,2.8364,2.8354,2.8364,2.8404,2.8414,2.8404,2.8404,9
2026-07-17 06:37:00,2.8354,2.8364,2.8354,2.8354,2.8394,2.8404,2.8394,2.8404,3
2026-07-17 06:38:00,2.8344,2.8354,2.8344,2.8354,2.8394,2.8394,2.8389,2.8389,3
2026-07-17 06:40:00,2.8344,2.8344,2.8339,2.8339,2.8384,2.8394,2.8384,2.8394,2
2026-07-17 06:41:00,2.8334,2.8344,2.8334,2.8344,2.8399,2.8404,2.8394,2.8394,4
2026-07-17 06:42:00,2.8349,2.8354,2.8344,2.8344,2.8399,2.8399,2.8384,2.8384,7
2026-07-17 06:43:00,2.8349,2.8349,2.8334,2.8334,2.8389,2.8394,2.8389,2.8394,3
2026-07-17 06:45:00,2.8339,2.8344,2.8339,2.8344,2.8384,2.8384,2.8384,2.8384,2
2026-07-17 06:47:00,2.8334,2.8334,2.8334,2.8334,2.8374,2.8374,2.8364,2.8374,1
2026-07-17 06:50:00,2.8324,2.8324,2.8314,2.8324,2.8379,2.8379,2.8374,2.8374,3
2026-07-17 06:51:00,2.8329,2.8329,2.8324,2.8324,2.8379,2.8384,2.8374,2.8384,4
2026-07-17 06:52:00,2.8329,2.8334,2.8324,2.8334,2.8374,2.8374,2.8374,2.8374,11
2026-07-17 06:54:00,2.8324,2.8324,2.8324,2.8324,2.8379,2.8384,2.8374,2.8374,1
2026-07-17 06:55:00,2.8329,2.8334,2.8324,2.8324,2.8379,2.8404,2.8379,2.8404,5
2026-07-17 07:00:00,2.8329,2.8354,2.8329,2.8354,2.8399,2.8404,2.8399,2.8404,7
2026-07-17 07:03:00,2.8349,2.8354,2.8349,2.8354,2.8414,2.8414,2.8394,2.8394,2
2026-07-17 07:08:00,2.8364,2.8364,2.8344,2.8344,2.8384,2.8394,2.8384,2.8389,5
2026-07-17 07:11:00,2.8334,2.8344,2.8334,2.8339,2.8394,2.8394,2.8394,2.8394,6
2026-07-17 07:12:00,2.8344,2.8344,2.8344,2.8344,2.8384,2.8389,2.8374,2.8389,1
2026-07-17 07:13:00,2.8334,2.8339,2.8324,2.8339,2.8394,2.8394,2.8394,2.8394,12
2026-07-17 07:14:00,2.8344,2.8344,2.8344,2.8344,2.8404,2.8404,2.8404,2.8404,1
2026-07-17 07:16:00,2.8354,2.8354,2.8354,2.8354,2.8414,2.8414,2.8409,2.8409,1
2026-07-17 07:17:00,2.8364,2.8364,2.8359,2.8359,2.8404,2.8404,2.8404,2.8404,2
2026-07-17 07:18:00,2.8354,2.8354,2.8354,2.8354,2.8409,2.8409,2.8404,2.8404,1
2026-07-17 07:19:00,2.8359,2.8359,2.8354,2.8354,2.8414,2.8414,2.8404,2.8404,2
2026-07-17 07:22:00,2.8364,2.8364,2.8354,2.8354,2.8409,2.8414,2.8409,2.8414,4
2026-07-17 07:23:00,2.8359,2.8364,2.8359,2.8364,2.8409,2.8414,2.8404,2.8414,2
2026-07-17 07:24:00,2.8359,2.8364,2.8354,2.8364,2.8424,2.8424,2.8404,2.8404,4
2026-07-17 07:25:00,2.8374,2.8374,2.8354,2.8354,2.8394,2.8404,2.8394,2.8404,6
2026-07-17 07:27:00,2.8344,2.8354,2.8344,2.8354,2.8414,2.8414,2.8404,2.8414,2
2026-07-17 07:30:00,2.8364,2.8364,2.8354,2.8364,2.8419,2.8434,2.8419,2.8429,7
2026-07-17 07:31:00,2.8369,2.8384,2.8369,2.8379,2.8434,2.8434,2.8424,2.8434,5
2026-07-17 07:32:00,2.8384,2.8384,2.8374,2.8384,2.8439,2.8439,2.8424,2.8424,7
2026-07-17 07:33:00,2.8389,2.8389,2.8374,2.8374,2.8419,2.8419,2.8414,2.8414,4
2026-07-17 07:35:00,2.8369,2.8369,2.8364,2.8364,2.8404,2.8404,2.8394,2.8399,2
2026-07-17 07:36:00,2.8354,2.8354,2.8344,2.8349,2.8404,2.8404,2.8404,2.8404,4
2026-07-17 07:37:00,2.8354,2.8354,2.8354,2.8354,2.8394,2.8394,2.8379,2.8379,1
2026-07-17 07:38:00,2.8344,2.8344,2.8329,2.8329,2.8374,2.8374,2.8364,2.8364,3
2026-07-17 07:39:00,2.8324,2.8324,2.8314,2.8314,2.8354,2.8364,2.8344,2.8344,3
2026-07-17 07:41:00,2.8304,2.8314,2.8294,2.8294,2.8339,2.8354,2.8339,2.8349,7
2026-07-17 07:42:00,2.8289,2.8304,2.8289,2.8299,2.8354,2.8374,2.8354,2.8374,7
2026-07-17 07:43:00,2.8304,2.8324,2.8304,2.8324,2.8364,2.8374,2.8364,2.8374,6
2026-07-17 07:44:00,2.8314,2.8324,2.8314,2.8324,2.8369,2.8369,2.8354,2.8354,2
2026-07-17 07:46:00,2.8319,2.8319,2.8304,2.8304,2.8349,2.8349,2.8344,2.8349,4
2026-07-17 07:47:00,2.8299,2.8299,2.8294,2.8299,2.8344,2.8354,2.8344,2.8354,5
2026-07-17 07:48:00,2.8294,2.8304,2.8294,2.8304,2.8349,2.8354,2.8344,2.8349,5
2026-07-17 07:49:00,2.8299,2.8304,2.8294,2.8299,2.8354,2.8354,2.8354,2.8354,6
2026-07-17 07:50:00,2.8304,2.8304,2.8304,2.8304,2.8364,2.8364,2.8354,2.8354,1
2026-07-17 07:52:00,2.8314,2.8314,2.8304,2.8304,2.8359,2.8394,2.8359,2.8389,2
2026-07-17 07:53:00,2.8309,2.8344,2.8309,2.8339,2.8384,2.8389,2.8374,2.8374,12
2026-07-17 07:54:00,2.8334,2.8339,2.8324,2.8324,2.8369,2.8369,2.8354,2.8359,4
2026-07-17 07:55:00,2.8319,2.8319,2.8304,2.8309,2.8364,2.8364,2.8364,2.8364,7
2026-07-17 07:56:00,2.8314,2.8314,2.8314,2.8314,2.8359,2.8364,2.8359,2.8364,1
2026-07-17 07:58:00,2.8309,2.8314,2.8309,2.8314,2.8369,2.8374,2.8369,2.8374,2
2026-07-17 07:59:00,2.8319,2.8324,2.8319,2.8324,2.8369,2.8374,2.8364,2.8374,2
2026-07-17 08:00:00,2.8319,2.8324,2.8314,2.8324,2.8379,2.8379,2.8364,2.8379,5
2026-07-17 08:01:00,2.8329,2.8329,2.8314,2.8329,2.8374,2.8404,2.8374,2.8394,6
2026-07-17 08:02:00,2.8324,2.8354,2.8324,2.8344,2.8404,2.8404,2.8374,2.8374,9
2026-07-17 08:03:00,2.8354,2.8354,2.8324,2.8324,2.8379,2.8404,2.8379,2.8394,8
2026-07-17 08:04:00,2.8329,2.8354,2.8329,2.8344,2.8384,2.8389,2.8354,2.8359,10
2026-07-17 08:05:00,2.8334,2.8339,2.8304,2.8309,2.8354,2.8369,2.8344,2.8369,11
2026-07-17 08:06:00,2.8304,2.8319,2.8294,2.8319,2.8364,2.8364,2.8354,2.8354,10
2026-07-17 08:07:00,2.8314,2.8314,2.8304,2.8304,2.8349,2.8349,2.8344,2.8344,4
2026-07-17 08:08:00,2.8299,2.8299,2.8294,2.8294,2.8339,2.8344,2.8339,2.8339,2
2026-07-17 08:09:00,2.8289,2.8294,2.8289,2.8289,2.8344,2.8344,2.8334,2.8344,3
2026-07-17 08:10:00,2.8294,2.8294,2.8284,2.8294,2.8339,2.8364,2.8324,2.8364,5
2026-07-17 08:11:00,2.8289,2.8314,2.8274,2.8314,2.8359,2.8369,2.8339,2.8339,10
2026-07-17 08:12:00,2.8309,2.8319,2.8289,2.8289,2.8334,2.8334,2.8334,2.8334,11
2026-07-17 08:13:00,2.8284,2.8284,2.8284,2.8284,2.8339,2.8354,2.8339,2.8354,1
2026-07-17 08:14:00,2.8289,2.8304,2.8289,2.8304,2.8359,2.8359,2.8344,2.8349,3
2026-07-17 08:15:00,2.8309,2.8309,2.8294,2.8299,2.8344,2.8344,2.8324,2.8334,6
2026-07-17 08:16:00,2.8294,2.8294,2.8274,2.8284,2.8324,2.8334,2.8324,2.8334,6
2026-07-17 08:17:00,2.8274,2.8284,2.8274,2.8284,2.8324,2.8324,2.8314,2.8314,5
2026-07-17 08:19:00,2.8274,2.8274,2.8264,2.8264,2.8324,2.8324,2.8309,2.8314,3
2026-07-17 08:20:00,2.8274,2.8274,2.8259,2.8264,2.8319,2.8334,2.8319,2.8334,4
2026-07-17 08:21:00,2.8269,2.8284,2.8269,2.8284,2.8344,2.8344,2.8334,2.8334,2
2026-07-17 08:23:00,2.8294,2.8294,2.8284,2.8284,2.8339,2.8344,2.8334,2.8344,7
2026-07-17 08:24:00,2.8289,2.8294,2.8284,2.8294,2.8334,2.8334,2.8314,2.8324,4
2026-07-17 08:25:00,2.8284,2.8284,2.8264,2.8274,2.8334,2.8334,2.8319,2.8324,4
2026-07-17 08:26:00,2.8284,2.8284,2.8269,2.8274,2.8319,2.8319,2.8304,2.8319,4
2026-07-17 08:27:00,2.8269,2.8269,2.8254,2.8269,2.8314,2.8314,2.8304,2.8304,15
2026-07-17 08:28:00,2.8264,2.8264,2.8254,2.8254,2.8314,2.8314,2.8294,2.8309,2
2026-07-17 08:30:00,2.8264,2.8264,2.8244,2.8259,2.8304,2.8324,2.8299,2.8304,6
2026-07-17 08:31:00,2.8254,2.8274,2.8249,2.8254,2.8314,2.8334,2.8304,2.8304,9
2026-07-17 08:32:00,2.8264,2.8284,2.8254,2.8254,2.8294,2.8304,2.8294,2.8304,9
2026-07-17 08:33:00,2.8244,2.8254,2.8244,2.8254,2.8294,2.8304,2.8294,2.8304,3
2026-07-17 08:34:00,2.8244,2.8254,2.8244,2.8254,2.8294,2.8294,2.8294,2.8294,2
2026-07-17 08:35:00,2.8244,2.8244,2.8244,2.8244,2.8284,2.8284,2.8264,2.8269,1
2026-07-17 08:36:00,2.8234,2.8234,2.8214,2.8219,2.8259,2.8259,2.8199,2.8214,16
2026-07-17 08:37:00,2.8209,2.8209,2.8149,2.8164,2.8224,2.8244,2.8224,2.8244,18
2026-07-17 08:38:00,2.8174,2.8194,2.8174,2.8194,2.8249,2.8254,2.8224,2.8224,9
2026-07-17 08:39:00,2.8199,2.8204,2.8174,2.8174,2.8239,2.8239,2.8224,2.8224,12
2026-07-17 08:40:00,2.8189,2.8189,2.8174,2.8174,2.8234,2.8234,2.8224,2.8234,4
2026-07-17 08:42:00,2.8184,2.8184,2.8174,2.8184,2.8224,2.8274,2.8224,2.8264,3
2026-07-17 08:43:00,2.8174,2.8224,2.8174,2.8214,2.8254,2.8254,2.8214,2.8224,10
2026-07-17 08:44:00,2.8204,2.8204,2.8164,2.8174,2.8234,2.8234,2.8224,2.8224,13
2026-07-17 08:45:00,2.8184,2.8184,2.8174,2.8174,2.8234,2.8234,2.8224,2.8224,4
2026-07-17 08:46:00,2.8184,2.8184,2.8174,2.8174,2.8214,2.8224,2.8214,2.8214,3
2026-07-17 08:49:00,2.8164,2.8174,2.8164,2.8164,2.8209,2.8214,2.8204,2.8214,4
2026-07-17 08:50:00,2.8159,2.8164,2.8154,2.8164,2.8204,2.8214,2.8204,2.8204,4
2026-07-17 08:52:00,2.8154,2.8164,2.8154,2.8154,2.8194,2.8204,2.8194,2.8204,4
2026-07-17 08:53:00,2.8144,2.8154,2.8144,2.8154,2.8199,2.8204,2.8194,2.8204,4
2026-07-17 08:54:00,2.8149,2.8154,2.8144,2.8154,2.8199,2.8224,2.8194,2.8224,9
2026-07-17 08:55:00,2.8149,2.8174,2.8144,2.8174,2.8214,2.8214,2.8204,2.8204,9
2026-07-17 08:56:00,2.8164,2.8164,2.8154,2.8154,2.8209,2.8214,2.8209,2.8214,3
2026-07-17 08:57:00,2.8159,2.8164,2.8159,2.8164,2.8219,2.8224,2.8219,2.8224,2
2026-07-17 08:58:00,2.8169,2.8174,2.8169,2.8174,2.8219,2.8244,2.8214,2.8224,2
2026-07-17 09:00:00,2.8169,2.8194,2.8164,2.8174,2.8214,2.8234,2.8214,2.8234,17
2026-07-17 09:01:00,2.8164,2.8184,2.8164,2.8184,2.8244,2.8244,2.8244,2.8244,7
2026-07-17 09:02:00,2.8194,2.8194,2.8194,2.8194,2.8254,2.8259,2.8239,2.8239,1
2026-07-17 09:03:00,2.8204,2.8209,2.8189,2.8189,2.8254,2.8264,2.8254,2.8264,9
2026-07-17 09:04:00,2.8204,2.8214,2.8204,2.8214,2.8269,2.8294,2.8264,2.8284,4
2026-07-17 09:05:00,2.8219,2.8244,2.8214,2.8234,2.8289,2.8314,2.8289,2.8314,14
2026-07-17 09:06:00,2.8239,2.8264,2.8239,2.8264,2.8304,2.8314,2.8304,2.8314,5
2026-07-17 09:07:00,2.8254,2.8264,2.8254,2.8264,2.8319,2.8324,2.8304,2.8314,2
2026-07-17 09:08:00,2.8269,2.8274,2.8254,2.8264,2.8304,2.8314,2.8294,2.8314,8
2026-07-17 09:09:00,2.8254,2.8264,2.8244,2.8264,2.8309,2.8329,2.8309,2.8324,14
2026-07-17 09:10:00,2.8259,2.8279,2.8259,2.8274,2.8319,2.8354,2.8319,2.8349,12
2026-07-17 09:11:00,2.8269,2.8304,2.8269,2.8299,2.8344,2.8344,2.8334,2.8339,14
2026-07-17 09:12:00,2.8294,2.8294,2.8284,2.8289,2.8344,2.8349,2.8334,2.8344,5
2026-07-17 09:13:00,2.8294,2.8299,2.8284,2.8294,2.8339,2.8344,2.8334,2.8344,7
2026-07-17 09:14:00,2.8289,2.8294,2.8284,2.8294,2.8334,2.8334,2.8309,2.8319,7
2026-07-17 09:15:00,2.8284,2.8284,2.8259,2.8269,2.8324,2.8324,2.8304,2.8324,19
2026-07-17 09:16:00,2.8274,2.8274,2.8254,2.8274,2.8329,2.8344,2.8329,2.8334,7
2026-07-17 09:17:00,2.8279,2.8294,2.8279,2.8284,2.8329,2.8329,2.8314,2.8329,13
2026-07-17 09:18:00,2.8279,2.8279,2.8264,2.8279,2.8334,2.8344,2.8324,2.8344,8
2026-07-17 09:19:00,2.8284,2.8294,2.8274,2.8294,2.8339,2.8344,2.8334,2.8344,8
2026-07-17 09:20:00,2.8289,2.8294,2.8284,2.8294,2.8354,2.8379,2.8344,2.8374,5
2026-07-17 09:21:00,2.8304,2.8329,2.8294,2.8324,2.8369,2.8374,2.8364,2.8374,12
2026-07-17 09:22:00,2.8319,2.8324,2.8314,2.8324,2.8384,2.8394,2.8384,2.8394,3
2026-07-17 09:24:00,2.8334,2.8344,2.8334,2.8344,2.8384,2.8384,2.8374,2.8379,3
2026-07-17 09:25:00,2.8334,2.8334,2.8324,2.8329,2.8374,2.8394,2.8374,2.8384,6
2026-07-17 09:26:00,2.8324,2.8344,2.8324,2.8334,2.8374,2.8374,2.8334,2.8344,11
2026-07-17 09:27:00,2.8324,2.8324,2.8284,2.8294,2.8339,2.8344,2.8329,2.8344,13
2026-07-17 09:28:00,2.8289,2.8294,2.8279,2.8294,2.8339,2.8349,2.8334,2.8334,8
2026-07-17 09:29:00,2.8289,2.8299,2.8284,2.8284,2.8339,2.8359,2.8314,2.8344,8
2026-07-17 09:30:00,2.8289,2.8309,2.8264,2.8294,2.8339,2.8344,2.8339,2.8339,27
2026-07-17 09:32:00,2.8289,2.8294,2.8289,2.8289,2.8344,2.8349,2.8334,2.8349,11
2026-07-17 09:33:00,2.8294,2.8299,2.8284,2.8299,2.8344,2.8354,2.8344,2.8354,10
2026-07-17 09:34:00,2.8294,2.8304,2.8294,2.8304,2.8344,2.8344,2.8334,2.8344,2
2026-07-17 09:35:00,2.8294,2.8294,2.8284,2.8294,2.8339,2.8344,2.8334,2.8344,6
2026-07-17 09:37:00,2.8289,2.8294,2.8284,2.8294,2.8339,2.8339,2.8314,2.8334,5
2026-07-17 09:38:00,2.8289,2.8289,2.8264,2.8284,2.8329,2.8329,2.8324,2.8324,9
2026-07-17 09:39:00,2.8279,2.8279,2.8274,2.8274,2.8329,2.8329,2.8314,2.8319,2
2026-07-17 09:40:00,2.8279,2.8279,2.8264,2.8269,2.8314,2.8324,2.8314,2.8324,9
2026-07-17 09:41:00,2.8264,2.8274,2.8264,2.8274,2.8319,2.8319,2.8314,2.8314,6
2026-07-17 09:43:00,2.8269,2.8269,2.8264,2.8264,2.8324,2.8334,2.8314,2.8324,2
2026-07-17 09:45:00,2.8274,2.8284,2.8264,2.8274,2.8319,2.8324,2.8314,2.8319,13
2026-07-17 09:46:00,2.8269,2.8274,2.8264,2.8269,2.8324,2.8324,2.8314,2.8324,9
2026-07-17 09:47:00,2.8274,2.8274,2.8264,2.8274,2.8314,2.8314,2.8314,2.8314,7
2026-07-17 09:48:00,2.8264,2.8264,2.8264,2.8264,2.8324,2.8324,2.8294,2.8304,1
2026-07-17 09:49:00,2.8274,2.8274,2.8244,2.8254,2.8314,2.8314,2.8294,2.8299,8
2026-07-17 09:50:00,2.8264,2.8264,2.8244,2.8249,2.8294,2.8344,2.8294,2.8344,9
2026-07-17 09:51:00,2.8244,2.8294,2.8244,2.8294,2.8339,2.8339,2.8324,2.8324,20
2026-07-17 09:52:00,2.8289,2.8289,2.8274,2.8274,2.8334,2.8349,2.8334,2.8349,10
2026-07-17 09:53:00,2.8284,2.8299,2.8284,2.8299,2.8344,2.8369,2.8344,2.8364,5
2026-07-17 09:54:00,2.8294,2.8319,2.8294,2.8314,2.8369,2.8374,2.8344,2.8344,8
2026-07-17 09:55:00,2.8319,2.8324,2.8294,2.8294,2.8349,2.8354,2.8349,2.8354,11
2026-07-17 09:56:00,2.8299,2.8304,2.8299,2.8304,2.8359,2.8359,2.8359,2.8359,2
2026-07-17 09:57:00,2.8309,2.8309,2.8309,2.8309,2.8354,2.8364,2.8344,2.8354,1
2026-07-17 09:58:00,2.8304,2.8314,2.8294,2.8304,2.8349,2.8414,2.8349,2.8404,16
2026-07-17 09:59:00,2.8299,2.8364,2.8299,2.8354,2.8414,2.8424,2.8404,2.8424,17
2026-07-17 10:00:00,2.8364,2.8374,2.8354,2.8374,2.8419,2.8424,2.8404,2.8414,26
2026-07-17 10:01:00,2.8369,2.8374,2.8354,2.8364,2.8409,2.8424,2.8404,2.8414,12
2026-07-17 10:02:00,2.8359,2.8374,2.8354,2.8364,2.8424,2.8424,2.8414,2.8419,9
2026-07-17 10:03:00,2.8374,2.8374,2.8364,2.8369,2.8424,2.8424,2.8414,2.8419,5
2026-07-17 10:04:00,2.8374,2.8374,2.8364,2.8369,2.8424,2.8434,2.8419,2.8424,12
2026-07-17 10:05:00,2.8374,2.8384,2.8369,2.8374,2.8434,2.8464,2.8424,2.8454,11
2026-07-17 10:06:00,2.8384,2.8414,2.8374,2.8404,2.8464,2.8474,2.8454,2.8459,26
2026-07-17 10:07:00,2.8414,2.8424,2.8404,2.8409,2.8454,2.8464,2.8454,2.8464,15
2026-07-17 10:08:00,2.8404,2.8414,2.8404,2.8414,2.8469,2.8494,2.8424,2.8424,7
2026-07-17 10:09:00,2.8419,2.8444,2.8374,2.8374,2.8434,2.8454,2.8434,2.8444,31
2026-07-17 10:10:00,2.8384,2.8404,2.8384,2.8394,2.8449,2.8464,2.8434,2.8444,15
2026-07-17 10:11:00,2.8399,2.8414,2.8384,2.8394,2.8449,2.8454,2.8444,2.8444,20
2026-07-17 10:12:00,2.8399,2.8404,2.8394,2.8394,2.8449,2.8454,2.8434,2.8439,6
2026-07-17 10:13:00,2.8399,2.8404,2.8384,2.8389,2.8444,2.8444,2.8419,2.8424,22
2026-07-17 10:14:00,2.8394,2.8394,2.8369,2.8374,2.8434,2.8454,2.8429,2.8434,8
2026-07-17 10:15:00,2.8384,2.8404,2.8379,2.8384,2.8444,2.8444,2.8439,2.8439,11
2026-07-17 10:16:00,2.8394,2.8394,2.8389,2.8389,2.8434,2.8444,2.8434,2.8434,2
2026-07-17 10:17:00,2.8384,2.8394,2.8384,2.8384,2.8439,2.8444,2.8434,2.8434,3
2026-07-17 10:18:00,2.8389,2.8394,2.8384,2.8384,2.8429,2.8434,2.8424,2.8434,8
2026-07-17 10:19:00,2.8379,2.8384,2.8374,2.8384,2.8424,2.8444,2.8424,2.8424,10
2026-07-17 10:20:00,2.8374,2.8394,2.8374,2.8374,2.8419,2.8419,2.8414,2.8414,6
2026-07-17 10:21:00,2.8369,2.8369,2.8364,2.8364,2.8424,2.8424,2.8404,2.8424,2
2026-07-17 10:22:00,2.8374,2.8374,2.8354,2.8374,2.8419,2.8424,2.8414,2.8419,10
2026-07-17 10:23:00,2.8369,2.8374,2.8364,2.8369,2.8414,2.8454,2.8414,2.8454,8
2026-07-17 10:24:00,2.8364,2.8404,2.8364,2.8404,2.8464,2.8464,2.8424,2.8434,7
2026-07-17 10:25:00,2.8414,2.8414,2.8374,2.8384,2.8429,2.8429,2.8414,2.8424,11
2026-07-17 10:26:00,2.8379,2.8379,2.8364,2.8374,2.8429,2.8444,2.8394,2.8419,15
2026-07-17 10:27:00,2.8379,2.8394,2.8344,2.8369,2.8414,2.8424,2.8404,2.8424,17
2026-07-17 10:28:00,2.8364,2.8374,2.8354,2.8374,2.8429,2.8439,2.8389,2.8434,9
2026-07-17 10:29:00,2.8379,2.8389,2.8339,2.8384,2.8424,2.8444,2.8424,2.8434,29
2026-07-17 10:30:00,2.8374,2.8394,2.8374,2.8384,2.8439,2.8439,2.8414,2.8414,11
2026-07-17 10:31:00,2.8389,2.8389,2.8364,2.8364,2.8409,2.8424,2.8394,2.8424,11
2026-07-17 10:32:00,2.8359,2.8374,2.8344,2.8374,2.8429,2.8429,2.8424,2.8429,12
2026-07-17 10:34:00,2.8379,2.8379,2.8374,2.8379,2.8424,2.8429,2.8424,2.8424,7
2026-07-17 10:35:00,2.8374,2.8379,2.8374,2.8374,2.8429,2.8444,2.8429,2.8434,3
2026-07-17 10:36:00,2.8379,2.8394,2.8379,2.8384,2.8424,2.8429,2.8414,2.8429,3
2026-07-17 10:37:00,2.8374,2.8379,2.8364,2.8379,2.8434,2.8444,2.8429,2.8439,14
2026-07-17 10:38:00,2.8384,2.8394,2.8379,2.8389,2.8434,2.8444,2.8424,2.8439,9
2026-07-17 10:39:00,2.8384,2.8394,2.8374,2.8389,2.8444,2.8444,2.8424,2.8424,8
2026-07-17 10:40:00,2.8394,2.8394,2.8374,2.8374,2.8429,2.8429,2.8424,2.8424,14
2026-07-17 10:41:00,2.8379,2.8379,2.8374,2.8374,2.8414,2.8419,2.8404,2.8414,16
2026-07-17 10:42:00,2.8364,2.8369,2.8354,2.8364,2.8404,2.8404,2.8374,2.8389,6
2026-07-17 10:43:00,2.8354,2.8354,2.8324,2.8339,2.8384,2.8394,2.8384,2.8394,13
2026-07-17 10:44:00,2.8334,2.8344,2.8334,2.8344,2.8404,2.8404,2.8394,2.8394,8
2026-07-17 10:45:00,2.8354,2.8354,2.8344,2.8344,2.8384,2.8394,2.8374,2.8374,2
2026-07-17 10:49:00,2.8334,2.8344,2.8324,2.8324,2.8384,2.8384,2.8364,2.8374,8
2026-07-17 10:50:00,2.8334,2.8334,2.8314,2.8324,2.8379,2.8379,2.8374,2.8374,10
2026-07-17 10:51:00,2.8329,2.8329,2.8324,2.8324,2.8384,2.8384,2.8374,2.8384,2
2026-07-17 10:52:00,2.8334,2.8334,2.8324,2.8334,2.8379,2.8384,2.8374,2.8374,3
2026-07-17 10:53:00,2.8329,2.8334,2.8324,2.8324,2.8364,2.8374,2.8364,2.8374,6
2026-07-17 10:55:00,2.8314,2.8324,2.8314,2.8324,2.8369,2.8374,2.8334,2.8364,5
2026-07-17 10:56:00,2.8319,2.8324,2.8284,2.8314,2.8354,2.8364,2.8349,2.8364,18
2026-07-17 10:58:00,2.8304,2.8314,2.8299,2.8314,2.8374,2.8394,2.8369,2.8389,10
2026-07-17 10:59:00,2.8324,2.8344,2.8319,2.8339,2.8394,2.8414,2.8384,2.8394,12
2026-07-17 11:00:00,2.8344,2.8364,2.8334,2.8344,2.8384,2.8394,2.8384,2.8384,24
2026-07-17 11:01:00,2.8334,2.8344,2.8334,2.8334,2.8379,2.8399,2.8374,2.8399,24
2026-07-17 11:02:00,2.8329,2.8349,2.8324,2.8349,2.8394,2.8424,2.8394,2.8414,8
2026-07-17 11:03:00,2.8344,2.8374,2.8344,2.8364,2.8424,2.8444,2.8424,2.8429,12
2026-07-17 11:04:00,2.8374,2.8394,2.8374,2.8379,2.8424,2.8434,2.8424,2.8424,13
2026-07-17 11:05:00,2.8374,2.8384,2.8374,2.8374,2.8429,2.8444,2.8429,2.8444,4
2026-07-17 11:06:00,2.8379,2.8394,2.8379,2.8394,2.8449,2.8449,2.8424,2.8429,4
2026-07-17 11:08:00,2.8399,2.8399,2.8374,2.8379,2.8424,2.8424,2.8414,2.8414,7
2026-07-17 11:09:00,2.8374,2.8374,2.8364,2.8364,2.8409,2.8414,2.8394,2.8414,3
2026-07-17 11:10:00,2.8359,2.8364,2.8344,2.8364,2.8424,2.8434,2.8424,2.8424,7
2026-07-17 11:11:00,2.8374,2.8384,2.8374,2.8374,2.8434,2.8434,2.8434,2.8434,8
2026-07-17 11:12:00,2.8384,2.8384,2.8384,2.8384,2.8429,2.8444,2.8429,2.8444,1
2026-07-17 11:13:00,2.8379,2.8394,2.8379,2.8394,2.8439,2.8444,2.8439,2.8444,5
2026-07-17 11:14:00,2.8389,2.8394,2.8389,2.8394,2.8434,2.8444,2.8434,2.8434,4
2026-07-17 11:15:00,2.8384,2.8394,2.8384,2.8384,2.8444,2.8444,2.8439,2.8439,6
2026-07-17 11:16:00,2.8394,2.8394,2.8389,2.8389,2.8434,2.8444,2.8434,2.8434,2
2026-07-17 11:17:00,2.8384,2.8394,2.8384,2.8384,2.8444,2.8454,2.8444,2.8449,9
2026-07-17 11:19:00,2.8394,2.8404,2.8394,2.8399,2.8454,2.8464,2.8449,2.8454,3
2026-07-17 11:20:00,2.8404,2.8414,2.8399,2.8404,2.8459,2.8464,2.8459,2.8464,6
2026-07-17 11:21:00,2.8409,2.8414,2.8409,2.8414,2.8454,2.8469,2.8454,2.8464,2
2026-07-17 11:22:00,2.8404,2.8419,2.8404,2.8414,2.8469,2.8474,2.8464,2.8464,12
2026-07-17 11:23:00,2.8419,2.8424,2.8414,2.8414,2.8474,2.8474,2.8464,2.8464,4
2026-07-17 11:24:00,2.8424,2.8424,2.8414,2.8414,2.8469,2.8484,2.8469,2.8474,3
2026-07-17 11:25:00,2.8419,2.8434,2.8419,2.8424,2.8464,2.8494,2.8464,2.8474,14
2026-07-17 11:26:00,2.8414,2.8444,2.8414,2.8424,2.8484,2.8494,2.8484,2.8494,14
2026-07-17 11:27:00,2.8434,2.8444,2.8434,2.8444,2.8484,2.8484,2.8474,2.8474,5
2026-07-17 11:28:00,2.8434,2.8434,2.8424,2.8424,2.8479,2.8479,2.8474,2.8474,4
2026-07-17 11:30:00,2.8429,2.8429,2.8424,2.8424,2.8464,2.8484,2.8464,2.8464,2
2026-07-17 11:31:00,2.8414,2.8434,2.8414,2.8414,2.8454,2.8464,2.8434,2.8434,10
2026-07-17 11:33:00,2.8404,2.8414,2.8384,2.8384,2.8429,2.8434,2.8424,2.8424,18
2026-07-17 11:34:00,2.8379,2.8384,2.8374,2.8374,2.8434,2.8434,2.8409,2.8414,5
2026-07-17 11:35:00,2.8384,2.8384,2.8359,2.8364,2.8409,2.8414,2.8409,2.8409,9
2026-07-17 11:36:00,2.8359,2.8364,2.8359,2.8359,2.8414,2.8434,2.8394,2.8424,3
2026-07-17 11:37:00,2.8364,2.8384,2.8344,2.8374,2.8414,2.8424,2.8414,2.8424,16
2026-07-17 11:38:00,2.8364,2.8374,2.8364,2.8374,2.8434,2.8434,2.8434,2.8434,5
2026-07-17 11:39:00,2.8384,2.8384,2.8384,2.8384,2.8444,2.8444,2.8439,2.8444,1
2026-07-17 11:40:00,2.8394,2.8394,2.8389,2.8394,2.8434,2.8434,2.8434,2.8434,3
2026-07-17 11:41:00,2.8384,2.8384,2.8384,2.8384,2.8429,2.8434,2.8429,2.8434,1
2026-07-17 11:42:00,2.8379,2.8384,2.8379,2.8384,2.8424,2.8444,2.8414,2.8424,2
2026-07-17 11:43:00,2.8374,2.8394,2.8364,2.8374,2.8429,2.8429,2.8424,2.8424,11
2026-07-17 11:44:00,2.8379,2.8379,2.8374,2.8374,2.8429,2.8429,2.8429,2.8429,2
2026-07-17 11:46:00,2.8379,2.8379,2.8379,2.8379,2.8434,2.8434,2.8424,2.8424,1
2026-07-17 11:47:00,2.8384,2.8384,2.8374,2.8374,2.8429,2.8434,2.8424,2.8424,5
2026-07-17 11:48:00,2.8379,2.8384,2.8374,2.8374,2.8414,2.8414,2.8414,2.8414,4
2026-07-17 11:50:00,2.8364,2.8364,2.8364,2.8364,2.8424,2.8424,2.8414,2.8424,1
2026-07-17 11:53:00,2.8374,2.8374,2.8364,2.8374,2.8414,2.8419,2.8404,2.8419,7
2026-07-17 11:54:00,2.8364,2.8369,2.8354,2.8369,2.8414,2.8424,2.8414,2.8414,4
2026-07-17 11:55:00,2.8364,2.8374,2.8364,2.8364,2.8424,2.8434,2.8424,2.8434,5
2026-07-17 11:56:00,2.8374,2.8384,2.8374,2.8384,2.8444,2.8454,2.8444,2.8444,6
2026-07-17 11:59:00,2.8394,2.8404,2.8394,2.8394,2.8434,2.8444,2.8424,2.8434,3
2026-07-17 12:00:00,2.8384,2.8394,2.8374,2.8384,2.8429,2.8444,2.8414,2.8444,11
2026-07-17 12:01:00,2.8379,2.8394,2.8364,2.8394,2.8434,2.8444,2.8434,2.8439,8
2026-07-17 12:02:00,2.8384,2.8394,2.8384,2.8389,2.8444,2.8444,2.8444,2.8444,4
2026-07-17 12:03:00,2.8394,2.8394,2.8394,2.8394,2.8454,2.8454,2.8444,2.8454,1
2026-07-17 12:05:00,2.8404,2.8404,2.8394,2.8404,2.8449,2.8449,2.8434,2.8444,4
2026-07-17 12:06:00,2.8399,2.8399,2.8384,2.8394,2.8449,2.8454,2.8444,2.8454,6
2026-07-17 12:07:00,2.8399,2.8404,2.8394,2.8404,2.8449,2.8454,2.8444,2.8444,7
2026-07-17 12:08:00,2.8399,2.8404,2.8394,2.8394,2.8454,2.8454,2.8444,2.8449,5
2026-07-17 12:09:00,2.8404,2.8404,2.8394,2.8399,2.8444,2.8464,2.8444,2.8454,15
2026-07-17 12:10:00,2.8394,2.8414,2.8394,2.8404,2.8464,2.8494,2.8464,2.8479,10
2026-07-17 12:11:00,2.8414,2.8444,2.8414,2.8429,2.8474,2.8474,2.8474,2.8474,15
2026-07-17 12:12:00,2.8424,2.8424,2.8424,2.8424,2.8484,2.8484,2.8484,2.8484,1
2026-07-17 12:13:00,2.8434,2.8434,2.8434,2.8434,2.8474,2.8494,2.8474,2.8494,1
2026-07-17 12:15:00,2.8424,2.8444,2.8424,2.8444,2.8499,2.8504,2.8499,2.8504,3
2026-07-17 12:16:00,2.8449,2.8454,2.8449,2.8454,2.8514,2.8554,2.8514,2.8554,2
2026-07-17 12:17:00,2.8464,2.8504,2.8464,2.8504,2.8544,2.8564,2.8544,2.8554,16
2026-07-17 12:18:00,2.8494,2.8514,2.8494,2.8504,2.8544,2.8554,2.8534,2.8534,7
2026-07-17 12:19:00,2.8494,2.8504,2.8484,2.8484,2.8544,2.8564,2.8544,2.8564,27
2026-07-17 12:20:00,2.8494,2.8514,2.8494,2.8514,2.8559,2.8559,2.8514,2.8524,9
2026-07-17 12:21:00,2.8509,2.8509,2.8464,2.8474,2.8534,2.8534,2.8514,2.8514,14
2026-07-17 12:22:00,2.8484,2.8484,2.8464,2.8464,2.8504,2.8514,2.8504,2.8514,6
2026-07-17 12:23:00,2.8454,2.8464,2.8454,2.8464,2.8524,2.8524,2.8514,2.8524,2
2026-07-17 12:24:00,2.8474,2.8474,2.8464,2.8474,2.8514,2.8514,2.8504,2.8504,6
2026-07-17 12:25:00,2.8464,2.8464,2.8454,2.8454,2.8514,2.8544,2.8514,2.8534,6
2026-07-17 12:26:00,2.8464,2.8494,2.8464,2.8484,2.8524,2.8534,2.8514,2.8534,5
2026-07-17 12:27:00,2.8474,2.8484,2.8464,2.8484,2.8524,2.8534,2.8524,2.8524,5
2026-07-17 12:29:00,2.8474,2.8484,2.8474,2.8474,2.8514,2.8524,2.8514,2.8524,3
2026-07-17 12:30:00,2.8464,2.8474,2.8464,2.8474,2.8514,2.8524,2.8484,2.8484,3
2026-07-17 12:31:00,2.8464,2.8474,2.8434,2.8434,2.8474,2.8474,2.8474,2.8474,9
2026-07-17 12:32:00,2.8424,2.8424,2.8424,2.8424,2.8469,2.8484,2.8464,2.8484,1
2026-07-17 12:33:00,2.8419,2.8434,2.8414,2.8434,2.8474,2.8484,2.8474,2.8484,11
2026-07-17 12:34:00,2.8424,2.8434,2.8424,2.8434,2.8479,2.8494,2.8474,2.8474,3
2026-07-17 12:35:00,2.8429,2.8444,2.8424,2.8424,2.8464,2.8464,2.8454,2.8464,6
2026-07-17 12:36:00,2.8414,2.8414,2.8404,2.8414,2.8474,2.8479,2.8464,2.8474,5
2026-07-17 12:37:00,2.8424,2.8429,2.8414,2.8424,2.8494,2.8514,2.8494,2.8504,6
2026-07-17 12:39:00,2.8444,2.8464,2.8444,2.8454,2.8494,2.8504,2.8494,2.8504,8
2026-07-17 12:40:00,2.8444,2.8454,2.8444,2.8454,2.8494,2.8494,2.8474,2.8484,9
2026-07-17 12:41:00,2.8444,2.8444,2.8424,2.8434,2.8479,2.8494,2.8474,2.8489,13
2026-07-17 12:42:00,2.8429,2.8444,2.8424,2.8439,2.8484,2.8484,2.8474,2.8484,8
2026-07-17 12:43:00,2.8434,2.8434,2.8424,2.8434,2.8474,2.8494,2.8474,2.8484,4
2026-07-17 12:45:00,2.8424,2.8444,2.8424,2.8434,2.8479,2.8514,2.8474,2.8514,9
2026-07-17 12:46:00,2.8429,2.8464,2.8424,2.8464,2.8509,2.8514,2.8494,2.8494,18
2026-07-17 12:47:00,2.8459,2.8464,2.8444,2.8444,2.8489,2.8489,2.8454,2.8464,13
2026-07-17 12:48:00,2.8439,2.8439,2.8404,2.8414,2.8459,2.8464,2.8459,2.8464,37
2026-07-17 12:49:00,2.8409,2.8414,2.8409,2.8414,2.8469,2.8474,2.8439,2.8439,6
2026-07-17 12:50:00,2.8419,2.8424,2.8389,2.8389,2.8434,2.8444,2.8424,2.8444,12
2026-07-17 12:51:00,2.8384,2.8394,2.8374,2.8394,2.8454,2.8454,2.8429,2.8439,8
2026-07-17 12:52:00,2.8404,2.8404,2.8379,2.8389,2.8444,2.8474,2.8444,2.8464,9
2026-07-17 12:53:00,2.8394,2.8424,2.8394,2.8414,2.8474,2.8474,2.8464,2.8474,8
2026-07-17 12:54:00,2.8424,2.8424,2.8414,2.8424,2.8469,2.8469,2.8454,2.8454,13
2026-07-17 12:55:00,2.8419,2.8419,2.8404,2.8404,2.8444,2.8454,2.8444,2.8454,5
2026-07-17 12:56:00,2.8394,2.8404,2.8394,2.8404,2.8464,2.8464,2.8454,2.8454,4
2026-07-17 12:57:00,2.8414,2.8414,2.8404,2.8404,2.8459,2.8459,2.8454,2.8454,11
2026-07-17 12:58:00,2.8409,2.8409,2.8404,2.8404,2.8444,2.8454,2.8424,2.8424,4
2026-07-17 12:59:00,2.8394,2.8404,2.8374,2.8374,2.8429,2.8429,2.8394,2.8404,9
2026-07-17 13:00:00,2.8379,2.8379,2.8344,2.8354,2.8394,2.8434,2.8384,2.8424,20
2026-07-17 13:01:00,2.8344,2.8384,2.8334,2.8374,2.8414,2.8429,2.8414,2.8424,14
2026-07-17 13:02:00,2.8364,2.8379,2.8364,2.8374,2.8414,2.8424,2.8404,2.8414,4
2026-07-17 13:03:00,2.8364,2.8374,2.8354,2.8364,2.8419,2.8424,2.8394,2.8404,10
2026-07-17 13:04:00,2.8369,2.8374,2.8344,2.8354,2.8414,2.8424,2.8414,2.8419,26
2026-07-17 13:05:00,2.8364,2.8374,2.8364,2.8369,2.8404,2.8404,2.8364,2.8364,3
2026-07-17 13:06:00,2.8354,2.8354,2.8314,2.8314,2.8374,2.8404,2.8374,2.8399,23
2026-07-17 13:07:00,2.8324,2.8354,2.8324,2.8349,2.8394,2.8414,2.8394,2.8414,14
2026-07-17 13:08:00,2.8344,2.8364,2.8344,2.8364,2.8424,2.8434,2.8414,2.8424,4
2026-07-17 13:09:00,2.8374,2.8384,2.8364,2.8374,2.8434,2.8444,2.8424,2.8444,13
2026-07-17 13:10:00,2.8384,2.8394,2.8374,2.8394,2.8439,2.8459,2.8439,2.8454,7
2026-07-17 13:11:00,2.8389,2.8409,2.8389,2.8404,2.8449,2.8449,2.8434,2.8434,12
2026-07-17 13:12:00,2.8399,2.8399,2.8384,2.8384,2.8424,2.8424,2.8414,2.8414,5
2026-07-17 13:13:00,2.8374,2.8374,2.8364,2.8364,2.8419,2.8424,2.8364,2.8389,2
2026-07-17 13:14:00,2.8369,2.8374,2.8314,2.8339,2.8384,2.8384,2.8349,2.8364,20
2026-07-17 13:15:00,2.8334,2.8334,2.8299,2.8314,2.8359,2.8384,2.8354,2.8374,11
2026-07-17 13:16:00,2.8309,2.8334,2.8304,2.8324,2.8379,2.8384,2.8364,2.8364,14
2026-07-17 13:17:00,2.8329,2.8334,2.8314,2.8314,2.8374,2.8404,2.8374,2.8404,11
2026-07-17 13:18:00,2.8324,2.8354,2.8324,2.8354,2.8394,2.8409,2.8394,2.8394,9
2026-07-17 13:19:00,2.8344,2.8359,2.8344,2.8344,2.8404,2.8414,2.8399,2.8414,11
2026-07-17 13:20:00,2.8354,2.8364,2.8349,2.8364,2.8409,2.8414,2.8404,2.8404,17
2026-07-17 13:21:00,2.8359,2.8364,2.8354,2.8354,2.8414,2.8424,2.8414,2.8424,16
2026-07-17 13:22:00,2.8364,2.8374,2.8364,2.8374,2.8419,2.8424,2.8414,2.8424,10
2026-07-17 13:23:00,2.8369,2.8374,2.8364,2.8374,2.8419,2.8424,2.8404,2.8404,7
2026-07-17 13:24:00,2.8369,2.8374,2.8354,2.8354,2.8414,2.8424,2.8404,2.8414,21
2026-07-17 13:25:00,2.8364,2.8374,2.8354,2.8364,2.8419,2.8434,2.8409,2.8409,15
2026-07-17 13:26:00,2.8369,2.8384,2.8359,2.8359,2.8404,2.8424,2.8404,2.8424,11
2026-07-17 13:27:00,2.8354,2.8374,2.8354,2.8374,2.8434,2.8434,2.8414,2.8424,5
2026-07-17 13:28:00,2.8384,2.8384,2.8364,2.8374,2.8414,2.8444,2.8414,2.8444,6
2026-07-17 13:29:00,2.8364,2.8394,2.8364,2.8394,2.8439,2.8449,2.8434,2.8434,6
2026-07-17 13:30:00,2.8389,2.8399,2.8384,2.8384,2.8444,2.8454,2.8434,2.8434,13
2026-07-17 13:31:00,2.8394,2.8404,2.8384,2.8384,2.8429,2.8454,2.8424,2.8454,7
2026-07-17 13:32:00,2.8379,2.8404,2.8374,2.8404,2.8449,2.8494,2.8444,2.8479,10
2026-07-17 13:33:00,2.8399,2.8444,2.8394,2.8429,2.8484,2.8524,2.8484,2.8524,18
2026-07-17 13:34:00,2.8434,2.8474,2.8434,2.8474,2.8534,2.8544,2.8504,2.8514,18
2026-07-17 13:35:00,2.8484,2.8494,2.8454,2.8464,2.8519,2.8584,2.8519,2.8564,34
2026-07-17 13:36:00,2.8469,2.8534,2.8469,2.8514,2.8569,2.8594,2.8569,2.8584,14
2026-07-17 13:37:00,2.8519,2.8544,2.8519,2.8534,2.8594,2.8604,2.8584,2.8604,14
2026-07-17 13:38:00,2.8544,2.8554,2.8534,2.8554,2.8594,2.8594,2.8574,2.8594,15
2026-07-17 13:39:00,2.8544,2.8544,2.8524,2.8544,2.8604,2.8624,2.8579,2.8624,12
2026-07-17 13:40:00,2.8554,2.8574,2.8529,2.8574,2.8614,2.8624,2.8594,2.8599,31
2026-07-17 13:41:00,2.8564,2.8574,2.8544,2.8549,2.8584,2.8594,2.8544,2.8554,14
2026-07-17 13:42:00,2.8534,2.8544,2.8494,2.8504,2.8544,2.8564,2.8514,2.8514,17
2026-07-17 13:43:00,2.8494,2.8514,2.8464,2.8464,2.8509,2.8524,2.8504,2.8519,29
2026-07-17 13:44:00,2.8459,2.8474,2.8454,2.8469,2.8524,2.8534,2.8514,2.8529,16
2026-07-17 13:45:00,2.8474,2.8484,2.8464,2.8479,2.8524,2.8544,2.8524,2.8534,20
2026-07-17 13:46:00,2.8474,2.8494,2.8474,2.8484,2.8529,2.8534,2.8434,2.8444,12
2026-07-17 13:47:00,2.8479,2.8484,2.8384,2.8394,2.8449,2.8484,2.8444,2.8484,24
2026-07-17 13:48:00,2.8399,2.8434,2.8394,2.8434,2.8494,2.8504,2.8484,2.8504,13
2026-07-17 13:49:00,2.8444,2.8454,2.8434,2.8454,2.8494,2.8494,2.8454,2.8454,11
2026-07-17 13:50:00,2.8444,2.8444,2.8404,2.8404,2.8444,2.8484,2.8434,2.8484,12
2026-07-17 13:51:00,2.8394,2.8434,2.8384,2.8434,2.8479,2.8494,2.8464,2.8479,20
2026-07-17 13:52:00,2.8429,2.8444,2.8414,2.8429,2.8474,2.8484,2.8474,2.8479,16
2026-07-17 13:53:00,2.8424,2.8434,2.8424,2.8429,2.8484,2.8524,2.8479,2.8504,6
2026-07-17 13:54:00,2.8434,2.8474,2.8429,2.8454,2.8494,2.8504,2.8474,2.8499,26
2026-07-17 13:55:00,2.8444,2.8454,2.8424,2.8449,2.8504,2.8514,2.8494,2.8494,16
2026-07-17 13:56:00,2.8454,2.8464,2.8444,2.8444,2.8489,2.8494,2.8474,2.8494,5
2026-07-17 13:57:00,2.8439,2.8444,2.8424,2.8444,2.8484,2.8484,2.8479,2.8484,5
2026-07-17 13:58:00,2.8434,2.8434,2.8429,2.8434,2.8479,2.8479,2.8464,2.8464,3
2026-07-17 13:59:00,2.8429,2.8429,2.8414,2.8414,2.8474,2.8484,2.8434,2.8464,13
2026-07-17 14:00:00,2.8424,2.8434,2.8384,2.8414,2.8459,2.8524,2.8459,2.8514,30
2026-07-17 14:01:00,2.8409,2.8474,2.8409,2.8464,2.8519,2.8519,2.8484,2.8484,16
2026-07-17 14:02:00,2.8469,2.8469,2.8434,2.8434,2.8494,2.8519,2.8484,2.8484,19
2026-07-17 14:03:00,2.8444,2.8469,2.8434,2.8434,2.8494,2.8504,2.8494,2.8504,15
2026-07-17 14:04:00,2.8444,2.8454,2.8444,2.8454,2.8499,2.8524,2.8454,2.8484,8
2026-07-17 14:05:00,2.8449,2.8474,2.8404,2.8434,2.8494,2.8504,2.8484,2.8494,35
2026-07-17 14:06:00,2.8444,2.8454,2.8434,2.8444,2.8504,2.8554,2.8494,2.8544,10
2026-07-17 14:07:00,2.8454,2.8504,2.8444,2.8494,2.8534,2.8534,2.8504,2.8514,25
2026-07-17 14:08:00,2.8484,2.8484,2.8454,2.8464,2.8524,2.8524,2.8484,2.8494,12
2026-07-17 14:09:00,2.8474,2.8474,2.8434,2.8444,2.8504,2.8524,2.8504,2.8504,32
2026-07-17 14:10:00,2.8454,2.8474,2.8454,2.8454,2.8509,2.8524,2.8504,2.8504,5
2026-07-17 14:11:00,2.8459,2.8474,2.8454,2.8454,2.8499,2.8514,2.8484,2.8484,11
2026-07-17 14:12:00,2.8449,2.8464,2.8434,2.8434,2.8479,2.8494,2.8464,2.8494,15
2026-07-17 14:13:00,2.8429,2.8444,2.8414,2.8444,2.8484,2.8489,2.8374,2.8374,18
2026-07-17 14:14:00,2.8434,2.8439,2.8324,2.8324,2.8384,2.8404,2.8284,2.8304,44
2026-07-17 14:15:00,2.8334,2.8354,2.8234,2.8254,2.8309,2.8324,2.8244,2.8254,94
2026-07-17 14:16:00,2.8259,2.8274,2.8194,2.8204,2.8264,2.8284,2.8234,2.8274,71
2026-07-17 14:17:00,2.8214,2.8234,2.8184,2.8224,2.8264,2.8294,2.8224,2.8234,31
2026-07-17 14:18:00,2.8214,2.8244,2.8174,2.8184,2.8224,2.8234,2.8164,2.8204,44
2026-07-17 14:19:00,2.8174,2.8184,2.8114,2.8154,2.8194,2.8234,2.8174,2.8234,68
2026-07-17 14:20:00,2.8144,2.8184,2.8124,2.8184,2.8224,2.8224,2.8184,2.8214,55
2026-07-17 14:21:00,2.8174,2.8174,2.8134,2.8164,2.8204,2.8244,2.8204,2.8224,25
2026-07-17 14:22:00,2.8154,2.8194,2.8154,2.8174,2.8214,2.8274,2.8214,2.8274,58
2026-07-17 14:23:00,2.8164,2.8224,2.8164,2.8224,2.8269,2.8299,2.8254,2.8294,30
2026-07-17 14:24:00,2.8219,2.8249,2.8204,2.8244,2.8304,2.8304,2.8274,2.8274,25
2026-07-17 14:25:00,2.8254,2.8254,2.8224,2.8224,2.8279,2.8294,2.8274,2.8284,38
2026-07-17 14:26:00,2.8229,2.8244,2.8224,2.8234,2.8294,2.8314,2.8259,2.8314,11
2026-07-17 14:27:00,2.8244,2.8264,2.8209,2.8264,2.8324,2.8354,2.8319,2.8329,24
2026-07-17 14:28:00,2.8274,2.8304,2.8269,2.8279,2.8334,2.8354,2.8329,2.8349,37
2026-07-17 14:29:00,2.8284,2.8304,2.8279,2.8299,2.8344,2.8424,2.8329,2.8419,23
2026-07-17 14:30:00,2.8294,2.8374,2.8279,2.8369,2.8414,2.8539,2.8404,2.8514,59
2026-07-17 14:31:00,2.8364,2.8489,2.8354,2.8464,2.8519,2.8574,2.8504,2.8544,94
2026-07-17 14:32:00,2.8469,2.8524,2.8454,2.8494,2.8534,2.8554,2.8524,2.8544,91
2026-07-17 14:33:00,2.8484,2.8504,2.8474,2.8494,2.8554,2.8554,2.8464,2.8474,50
2026-07-17 14:34:00,2.8504,2.8504,2.8414,2.8424,2.8469,2.8504,2.8464,2.8504,59
2026-07-17 14:35:00,2.8419,2.8454,2.8414,2.8454,2.8494,2.8514,2.8484,2.8504,25
2026-07-17 14:36:00,2.8444,2.8464,2.8434,2.8454,2.8514,2.8554,2.8504,2.8529,25
2026-07-17 14:37:00,2.8464,2.8504,2.8454,2.8479,2.8524,2.8564,2.8519,2.8549,56
2026-07-17 14:38:00,2.8474,2.8514,2.8469,2.8499,2.8544,2.8594,2.8534,2.8539,38
2026-07-17 14:39:00,2.8494,2.8544,2.8484,2.8489,2.8544,2.8554,2.8534,2.8544,44
2026-07-17 14:40:00,2.8494,2.8504,2.8484,2.8494,2.8534,2.8604,2.8534,2.8594,23
2026-07-17 14:41:00,2.8484,2.8554,2.8484,2.8544,2.8584,2.8604,2.8549,2.8549,48
2026-07-17 14:42:00,2.8534,2.8554,2.8499,2.8499,2.8559,2.8574,2.8554,2.8564,55
2026-07-17 14:43:00,2.8509,2.8524,2.8504,2.8514,2.8559,2.8574,2.8554,2.8574,21
2026-07-17 14:44:00,2.8509,2.8524,2.8504,2.8524,2.8564,2.8564,2.8384,2.8414,15
2026-07-17 14:45:00,2.8514,2.8514,2.8334,2.8364,2.8424,2.8454,2.8394,2.8439,80
2026-07-17 14:46:00,2.8374,2.8404,2.8344,2.8389,2.8444,2.8534,2.8444,2.8524,38
2026-07-17 14:47:00,2.8394,2.8484,2.8394,2.8474,2.8514,2.8524,2.8454,2.8469,33
2026-07-17 14:48:00,2.8464,2.8474,2.8404,2.8419,2.8474,2.8514,2.8444,2.8504,48
2026-07-17 14:49:00,2.8424,2.8464,2.8394,2.8454,2.8509,2.8509,2.8464,2.8494,36
2026-07-17 14:50:00,2.8459,2.8459,2.8414,2.8444,2.8484,2.8524,2.8484,2.8524,19
2026-07-17 14:51:00,2.8434,2.8474,2.8434,2.8474,2.8519,2.8519,2.8489,2.8489,17
2026-07-17 14:52:00,2.8469,2.8469,2.8439,2.8439,2.8494,2.8494,2.8444,2.8464,13
2026-07-17 14:53:00,2.8444,2.8444,2.8394,2.8414,2.8454,2.8504,2.8429,2.8429,28
2026-07-17 14:54:00,2.8404,2.8454,2.8379,2.8379,2.8434,2.8474,2.8394,2.8474,45
2026-07-17 14:55:00,2.8384,2.8424,2.8344,2.8424,2.8479,2.8494,2.8444,2.8494,44
2026-07-17 14:56:00,2.8429,2.8444,2.8394,2.8444,2.8504,2.8554,2.8504,2.8524,34
2026-07-17 14:57:00,2.8454,2.8504,2.8454,2.8474,2.8514,2.8524,2.8504,2.8514,30
2026-07-17 14:58:00,2.8464,2.8474,2.8454,2.8464,2.8524,2.8549,2.8504,2.8534,20
2026-07-17 14:59:00,2.8474,2.8499,2.8454,2.8484,2.8524,2.8694,2.8524,2.8584,61
2026-07-17 15:00:00,2.8474,2.8644,2.8474,2.8534,2.8579,2.8664,2.8564,2.8634,175
2026-07-17 15:01:00,2.8529,2.8614,2.8514,2.8584,2.8639,2.8744,2.8634,2.8694,122
2026-07-17 15:02:00,2.8589,2.8694,2.8584,2.8644,2.8684,2.8684,2.8594,2.8619,141
2026-07-17 15:03:00,2.8634,2.8634,2.8544,2.8569,2.8614,2.8704,2.8614,2.8669,73
2026-07-17 15:04:00,2.8564,2.8654,2.8564,2.8619,2.8664,2.8714,2.8654,2.8694,59
2026-07-17 15:05:00,2.8614,2.8664,2.8604,2.8644,2.8699,2.8714,2.8649,2.8649,40
2026-07-17 15:06:00,2.8649,2.8664,2.8599,2.8599,2.8644,2.8679,2.8634,2.8644,56
2026-07-17 15:07:00,2.8594,2.8629,2.8584,2.8594,2.8634,2.8704,2.8634,2.8689,38
2026-07-17 15:08:00,2.8584,2.8654,2.8584,2.8639,2.8684,2.8714,2.8654,2.8694,35
2026-07-17 15:09:00,2.8634,2.8664,2.8604,2.8644,2.8704,2.8744,2.8684,2.8734,41
2026-07-17 15:10:00,2.8654,2.8694,2.8634,2.8684,2.8724,2.8844,2.8724,2.8814,83
2026-07-17 15:11:00,2.8674,2.8794,2.8674,2.8764,2.8824,2.8834,2.8774,2.8784,117
2026-07-17 15:12:00,2.8774,2.8784,2.8724,2.8734,2.8774,2.8824,2.8774,2.8814,60
2026-07-17 15:13:00,2.8724,2.8774,2.8724,2.8764,2.8804,2.8869,2.8799,2.8824,35
2026-07-17 15:14:00,2.8754,2.8819,2.8749,2.8774,2.8834,2.8834,2.8784,2.8784,52
2026-07-17 15:15:00,2.8784,2.8784,2.8734,2.8734,2.8789,2.8814,2.8739,2.8744,36
2026-07-17 15:16:00,2.8739,2.8764,2.8689,2.8694,2.8754,2.8764,2.8739,2.8754,44
2026-07-17 15:17:00,2.8704,2.8714,2.8689,2.8704,2.8749,2.8764,2.8714,2.8739,23
2026-07-17 15:18:00,2.8699,2.8714,2.8664,2.8689,2.8734,2.8764,2.8724,2.8764,30
2026-07-17 15:19:00,2.8684,2.8714,2.8674,2.8714,2.8774,2.8784,2.8754,2.8769,30
2026-07-17 15:20:00,2.8724,2.8734,2.8704,2.8719,2.8764,2.8824,2.8744,2.8814,33
2026-07-17 15:21:00,2.8714,2.8774,2.8694,2.8764,2.8824,2.8824,2.8794,2.8814,48
2026-07-17 15:22:00,2.8774,2.8774,2.8744,2.8764,2.8819,2.8844,2.8819,2.8834,29
2026-07-17 15:23:00,2.8769,2.8794,2.8769,2.8784,2.8824,2.8829,2.8794,2.8799,23
2026-07-17 15:24:00,2.8774,2.8779,2.8744,2.8749,2.8794,2.8804,2.8784,2.8794,30
2026-07-17 15:25:00,2.8744,2.8754,2.8734,2.8744,2.8804,2.8804,2.8774,2.8779,18
2026-07-17 15:26:00,2.8754,2.8754,2.8724,2.8729,2.8784,2.8784,2.8724,2.8754,28
2026-07-17 15:27:00,2.8734,2.8734,2.8674,2.8704,2.8764,2.8884,2.8754,2.8834,44
2026-07-17 15:28:00,2.8714,2.8834,2.8704,2.8784,2.8839,2.8854,2.8824,2.8834,52
2026-07-17 15:29:00,2.8789,2.8804,2.8774,2.8784,2.8824,2.8854,2.8814,2.8834,24
2026-07-17 15:30:00,2.8774,2.8804,2.8764,2.8784,2.8824,2.8824,2.8694,2.8734,27
2026-07-17 15:31:00,2.8774,2.8774,2.8644,2.8684,2.8724,2.8744,2.8714,2.8729,68
2026-07-17 15:32:00,2.8674,2.8694,2.8664,2.8679,2.8729,2.8744,2.8724,2.8744,21
2026-07-17 15:33:00,2.8679,2.8704,2.8674,2.8694,2.8749,2.8774,2.8744,2.8754,11
2026-07-17 15:34:00,2.8699,2.8724,2.8694,2.8714,2.8774,2.8794,2.8764,2.8794,13
2026-07-17 15:35:00,2.8724,2.8754,2.8714,2.8744,2.8799,2.8814,2.8799,2.8814,19
2026-07-17 15:36:00,2.8754,2.8764,2.8734,2.8759,2.8804,2.8844,2.8794,2.8794,14
2026-07-17 15:37:00,2.8754,2.8774,2.8744,2.8744,2.8804,2.8804,2.8789,2.8804,20
2026-07-17 15:38:00,2.8754,2.8754,2.8739,2.8754,2.8794,2.8804,2.8754,2.8764,19
2026-07-17 15:39:00,2.8744,2.8749,2.8704,2.8714,2.8774,2.8814,2.8774,2.8804,39
2026-07-17 15:40:00,2.8734,2.8764,2.8734,2.8754,2.8794,2.8804,2.8754,2.8754,10
2026-07-17 15:41:00,2.8744,2.8754,2.8704,2.8704,2.8759,2.8774,2.8724,2.8739,60
2026-07-17 15:42:00,2.8709,2.8724,2.8674,2.8689,2.8744,2.8764,2.8724,2.8724,68
2026-07-17 15:43:00,2.8699,2.8714,2.8674,2.8674,2.8734,2.8734,2.8684,2.8704,34
2026-07-17 15:44:00,2.8674,2.8684,2.8664,2.8684,2.8694,2.8734,2.8674,2.8724,8
2026-07-17 15:45:00,2.8644,2.8684,2.8624,2.8674,2.8734,2.8754,2.8724,2.8749,50
2026-07-17 15:46:00,2.8684,2.8704,2.8674,2.8699,2.8744,2.8784,2.8739,2.8784,34
2026-07-17 15:47:00,2.8714,2.8734,2.8704,2.8734,2.8779,2.8804,2.8764,2.8784,40
2026-07-17 15:48:00,2.8754,2.8754,2.8714,2.8734,2.8794,2.8814,2.8784,2.8804,34
2026-07-17 15:49:00,2.8744,2.8764,2.8734,2.8754,2.8794,2.8834,2.8789,2.8829,19
2026-07-17 15:50:00,2.8744,2.8784,2.8739,2.8779,2.8824,2.8864,2.8794,2.8864,21
2026-07-17 15:51:00,2.8774,2.8814,2.8744,2.8814,2.8859,2.8864,2.8824,2.8834,73
2026-07-17 15:52:00,2.8809,2.8814,2.8774,2.8784,2.8824,2.8854,2.8814,2.8844,17
2026-07-17 15:53:00,2.8774,2.8804,2.8764,2.8794,2.8854,2.8854,2.8844,2.8849,21
2026-07-17 15:54:00,2.8804,2.8804,2.8794,2.8799,2.8854,2.8894,2.8839,2.8844,26
2026-07-17 15:55:00,2.8804,2.8844,2.8789,2.8794,2.8834,2.8844,2.8764,2.8774,15
2026-07-17 15:56:00,2.8784,2.8794,2.8714,2.8724,2.8784,2.8804,2.8764,2.8774,33
2026-07-17 15:57:00,2.8734,2.8754,2.8714,2.8724,2.8784,2.8784,2.8754,2.8774,12
2026-07-17 15:58:00,2.8734,2.8734,2.8704,2.8724,2.8779,2.8784,2.8769,2.8774,25
2026-07-17 15:59:00,2.8729,2.8734,2.8719,2.8724,2.8764,2.8764,2.8704,2.8714,11
2026-07-17 16:00:00,2.8714,2.8714,2.8654,2.8664,2.8724,2.8724,2.8679,2.8684,67
2026-07-17 16:01:00,2.8674,2.8674,2.8629,2.8634,2.8694,2.8704,2.8684,2.8694,46
2026-07-17 16:02:00,2.8644,2.8654,2.8634,2.8644,2.8699,2.8754,2.8674,2.8754,16
2026-07-17 16:03:00,2.8649,2.8704,2.8624,2.8704,2.8764,2.8774,2.8744,2.8754,33
2026-07-17 16:04:00,2.8714,2.8724,2.8694,2.8704,2.8744,2.8754,2.8744,2.8754,28
2026-07-17 16:05:00,2.8694,2.8704,2.8694,2.8704,2.8764,2.8774,2.8744,2.8754,15
2026-07-17 16:06:00,2.8714,2.8724,2.8694,2.8704,2.8749,2.8754,2.8724,2.8744,23
2026-07-17 16:07:00,2.8699,2.8704,2.8674,2.8694,2.8754,2.8764,2.8734,2.8734,34
2026-07-17 16:08:00,2.8704,2.8714,2.8684,2.8684,2.8744,2.8744,2.8724,2.8724,20
2026-07-17 16:09:00,2.8694,2.8694,2.8674,2.8674,2.8729,2.8739,2.8724,2.8734,19
2026-07-17 16:10:00,2.8679,2.8689,2.8674,2.8684,2.8739,2.8764,2.8724,2.8734,14
2026-07-17 16:11:00,2.8689,2.8714,2.8674,2.8684,2.8739,2.8754,2.8734,2.8734,28
2026-07-17 16:12:00,2.8689,2.8704,2.8684,2.8684,2.8724,2.8744,2.8724,2.8744,15
2026-07-17 16:13:00,2.8674,2.8694,2.8674,2.8694,2.8734,2.8734,2.8714,2.8724,9
2026-07-17 16:14:00,2.8684,2.8684,2.8664,2.8674,2.8729,2.8744,2.8724,2.8744,11
2026-07-17 16:15:00,2.8679,2.8694,2.8674,2.8694,2.8734,2.8744,2.8714,2.8734,13
2026-07-17 16:16:00,2.8684,2.8694,2.8664,2.8684,2.8744,2.8774,2.8734,2.8774,12
2026-07-17 16:17:00,2.8694,2.8724,2.8684,2.8724,2.8784,2.8784,2.8754,2.8754,18
2026-07-17 16:18:00,2.8734,2.8734,2.8704,2.8704,2.8759,2.8764,2.8759,2.8764,45
2026-07-17 16:19:00,2.8709,2.8714,2.8709,2.8714,2.8754,2.8754,2.8744,2.8744,2
2026-07-17 16:20:00,2.8704,2.8704,2.8694,2.8694,2.8734,2.8739,2.8694,2.8694,4
2026-07-17 16:21:00,2.8684,2.8689,2.8644,2.8644,2.8704,2.8724,2.8694,2.8714,21
2026-07-17 16:22:00,2.8654,2.8674,2.8644,2.8664,2.8724,2.8724,2.8714,2.8714,19
2026-07-17 16:23:00,2.8674,2.8674,2.8664,2.8664,2.8724,2.8724,2.8714,2.8724,2
2026-07-17 16:24:00,2.8674,2.8674,2.8664,2.8674,2.8714,2.8754,2.8704,2.8754,11
2026-07-17 16:25:00,2.8664,2.8704,2.8654,2.8704,2.8749,2.8764,2.8744,2.8744,20
2026-07-17 16:26:00,2.8699,2.8714,2.8694,2.8694,2.8749,2.8764,2.8744,2.8744,10
2026-07-17 16:27:00,2.8699,2.8714,2.8694,2.8694,2.8734,2.8744,2.8734,2.8734,14
2026-07-17 16:28:00,2.8684,2.8694,2.8684,2.8684,2.8744,2.8744,2.8734,2.8734,10
2026-07-17 16:29:00,2.8694,2.8694,2.8684,2.8684,2.8724,2.8734,2.8714,2.8714,15
2026-07-17 16:30:00,2.8674,2.8684,2.8664,2.8664,2.8724,2.8734,2.8684,2.8694,15
2026-07-17 16:31:00,2.8674,2.8684,2.8634,2.8644,2.8704,2.8734,2.8699,2.8724,26
2026-07-17 16:32:00,2.8654,2.8684,2.8649,2.8674,2.8729,2.8744,2.8724,2.8724,9
2026-07-17 16:33:00,2.8679,2.8694,2.8674,2.8674,2.8734,2.8744,2.8694,2.8694,20
2026-07-17 16:34:00,2.8684,2.8694,2.8644,2.8644,2.8689,2.8694,2.8644,2.8654,20
2026-07-17 16:35:00,2.8639,2.8644,2.8594,2.8604,2.8664,2.8704,2.8654,2.8704,46
2026-07-17 16:36:00,2.8614,2.8654,2.8604,2.8654,2.8714,2.8744,2.8714,2.8739,21
2026-07-17 16:37:00,2.8664,2.8694,2.8664,2.8689,2.8734,2.8744,2.8734,2.8744,21
2026-07-17 16:38:00,2.8684,2.8694,2.8684,2.8694,2.8754,2.8754,2.8724,2.8734,13
2026-07-17 16:39:00,2.8704,2.8704,2.8674,2.8684,2.8724,2.8734,2.8694,2.8694,11
2026-07-17 16:40:00,2.8674,2.8684,2.8644,2.8644,2.8699,2.8714,2.8694,2.8704,13
2026-07-17 16:41:00,2.8649,2.8664,2.8644,2.8654,2.8694,2.8724,2.8694,2.8714,8
2026-07-17 16:43:00,2.8644,2.8674,2.8644,2.8664,2.8709,2.8719,2.8709,2.8714,16
2026-07-17 16:44:00,2.8659,2.8669,2.8659,2.8664,2.8709,2.8724,2.8704,2.8704,4
2026-07-17 16:45:00,2.8659,2.8674,2.8654,2.8654,2.8694,2.8694,2.8674,2.8689,10
2026-07-17 16:46:00,2.8644,2.8644,2.8624,2.8639,2.8694,2.8704,2.8684,2.8699,13
2026-07-17 16:47:00,2.8644,2.8654,2.8634,2.8649,2.8694,2.8699,2.8674,2.8684,13
2026-07-17 16:48:00,2.8644,2.8649,2.8624,2.8634,2.8679,2.8694,2.8674,2.8694,20
2026-07-17 16:49:00,2.8629,2.8644,2.8624,2.8644,2.8684,2.8689,2.8684,2.8684,10
2026-07-17 16:50:00,2.8634,2.8639,2.8634,2.8634,2.8674,2.8674,2.8654,2.8664,5
2026-07-17 16:51:00,2.8624,2.8624,2.8604,2.8614,2.8674,2.8674,2.8654,2.8664,17
2026-07-17 16:52:00,2.8619,2.8624,2.8604,2.8614,2.8669,2.8674,2.8654,2.8664,16
2026-07-17 16:53:00,2.8624,2.8634,2.8624,2.8624,2.8674,2.8684,2.8674,2.8674,4
2026-07-17 16:54:00,2.8634,2.8664,2.8614,2.8624,2.8684,2.8714,2.8664,2.8674,32
2026-07-17 16:55:00,2.8619,2.8644,2.8614,2.8644,2.8669,2.8694,2.8664,2.8694,12
2026-07-17 16:56:00,2.8639,2.8639,2.8594,2.8604,2.8689,2.8689,2.8644,2.8654,21
2026-07-17 16:57:00,2.8594,2.8614,2.8594,2.8604,2.8644,2.8664,2.8644,2.8654,23
2026-07-17 16:58:00,2.8594,2.8614,2.8574,2.8594,2.8644,2.8664,2.8624,2.8644,34
2026-07-17 16:59:00,2.8599,2.8614,2.8594,2.8604,2.8649,2.8664,2.8644,2.8654,14
2026-07-17 17:00:00,2.8614,2.8624,2.8584,2.8614,2.8664,2.8674,2.8634,2.8664,33
2026-07-17 17:01:00,2.8604,2.8614,2.8594,2.8594,2.8654,2.8664,2.8644,2.8644,20
2026-07-17 17:02:00,2.8599,2.8599,2.8564,2.8584,2.8649,2.8649,2.8614,2.8634,20
2026-07-17 17:03:00,2.8594,2.8594,2.8574,2.8574,2.8644,2.8644,2.8624,2.8624,18
2026-07-17 17:04:00,2.8579,2.8604,2.8579,2.8594,2.8629,2.8654,2.8629,2.8644,7
2026-07-17 17:05:00,2.8584,2.8599,2.8574,2.8584,2.8634,2.8649,2.8624,2.8634,16
2026-07-17 17:06:00,2.8574,2.8584,2.8574,2.8574,2.8624,2.8634,2.8624,2.8624,11
2026-07-17 17:07:00,2.8564,2.8574,2.8554,2.8554,2.8614,2.8624,2.8604,2.8604,5
2026-07-17 17:08:00,2.8544,2.8574,2.8544,2.8564,2.8594,2.8624,2.8594,2.8614,11
2026-07-17 17:09:00,2.8574,2.8574,2.8564,2.8569,2.8624,2.8624,2.8614,2.8619,26
2026-07-17 17:10:00,2.8564,2.8574,2.8544,2.8574,2.8614,2.8624,2.8594,2.8624,17
2026-07-17 17:11:00,2.8564,2.8604,2.8564,2.8584,2.8614,2.8654,2.8614,2.8634,36
2026-07-17 17:12:00,2.8579,2.8584,2.8579,2.8584,2.8629,2.8634,2.8629,2.8634,6
2026-07-17 17:13:00,2.8574,2.8594,2.8554,2.8554,2.8624,2.8644,2.8604,2.8604,24
2026-07-17 17:14:00,2.8564,2.8564,2.8544,2.8554,2.8614,2.8614,2.8594,2.8604,28
2026-07-17 17:15:00,2.8544,2.8564,2.8534,2.8564,2.8594,2.8614,2.8584,2.8614,29
2026-07-17 17:16:00,2.8574,2.8594,2.8569,2.8594,2.8624,2.8644,2.8619,2.8644,13
2026-07-17 17:17:00,2.8584,2.8594,2.8574,2.8594,2.8634,2.8644,2.8624,2.8644,7
2026-07-17 17:19:00,2.8604,2.8614,2.8594,2.8594,2.8654,2.8664,2.8644,2.8644,20
2026-07-17 17:20:00,2.8589,2.8614,2.8584,2.8614,2.8639,2.8664,2.8634,2.8664,22
2026-07-17 17:21:00,2.8604,2.8614,2.8604,2.8614,2.8654,2.8664,2.8654,2.8664,17
2026-07-17 17:22:00,2.8624,2.8654,2.8619,2.8644,2.8674,2.8704,2.8669,2.8694,21
2026-07-17 17:23:00,2.8634,2.8669,2.8634,2.8664,2.8684,2.8719,2.8684,2.8714,19
2026-07-17 17:24:00,2.8674,2.8674,2.8654,2.8664,2.8724,2.8724,2.8704,2.8714,10
2026-07-17 17:25:00,2.8674,2.8684,2.8674,2.8674,2.8724,2.8734,2.8724,2.8724,10
2026-07-17 17:26:00,2.8664,2.8679,2.8654,2.8664,2.8714,2.8729,2.8704,2.8714,13
2026-07-17 17:27:00,2.8654,2.8654,2.8644,2.8649,2.8704,2.8704,2.8694,2.8699,38
2026-07-17 17:28:00,2.8654,2.8674,2.8649,2.8674,2.8704,2.8724,2.8699,2.8724,12
2026-07-17 17:29:00,2.8679,2.8684,2.8659,2.8659,2.8729,2.8734,2.8709,2.8709,14
2026-07-17 17:30:00,2.8644,2.8644,2.8614,2.8624,2.8694,2.8694,2.8664,2.8674,21
2026-07-17 17:31:00,2.8629,2.8629,2.8614,2.8614,2.8679,2.8679,2.8664,2.8664,4
2026-07-17 17:32:00,2.8634,2.8634,2.8619,2.8629,2.8684,2.8684,2.8669,2.8679,26
2026-07-17 17:33:00,2.8624,2.8644,2.8599,2.8604,2.8674,2.8694,2.8649,2.8654,28
2026-07-17 17:34:00,2.8599,2.8614,2.8594,2.8604,2.8649,2.8664,2.8644,2.8654,17
2026-07-17 17:35:00,2.8599,2.8604,2.8594,2.8599,2.8649,2.8654,2.8644,2.8649,14
2026-07-17 17:36:00,2.8594,2.8624,2.8594,2.8614,2.8644,2.8674,2.8644,2.8664,37
2026-07-17 17:37:00,2.8619,2.8624,2.8614,2.8614,2.8669,2.8674,2.8664,2.8664,12
2026-07-17 17:38:00,2.8604,2.8624,2.8604,2.8624,2.8654,2.8674,2.8654,2.8674,21
2026-07-17 17:39:00,2.8629,2.8664,2.8624,2.8644,2.8679,2.8714,2.8674,2.8694,25
2026-07-17 17:40:00,2.8654,2.8654,2.8614,2.8614,2.8704,2.8704,2.8664,2.8664,20
2026-07-17 17:41:00,2.8624,2.8634,2.8614,2.8624,2.8674,2.8684,2.8664,2.8674,18
2026-07-17 17:42:00,2.8619,2.8654,2.8604,2.8644,2.8669,2.8704,2.8654,2.8694,40
2026-07-17 17:43:00,2.8649,2.8649,2.8644,2.8644,2.8699,2.8699,2.8694,2.8694,6
2026-07-17 17:44:00,2.8639,2.8659,2.8634,2.8654,2.8689,2.8709,2.8684,2.8704,19
2026-07-17 17:45:00,2.8664,2.8674,2.8644,2.8659,2.8714,2.8724,2.8694,2.8709,20
2026-07-17 17:46:00,2.8654,2.8659,2.8644,2.8649,2.8704,2.8709,2.8694,2.8699,6
2026-07-17 17:47:00,2.8644,2.8654,2.8609,2.8609,2.8694,2.8704,2.8659,2.8659,29
2026-07-17 17:48:00,2.8604,2.8604,2.8599,2.8604,2.8654,2.8654,2.8649,2.8654,3
2026-07-17 17:49:00,2.8614,2.8614,2.8564,2.8589,2.8664,2.8664,2.8614,2.8639,28
2026-07-17 17:50:00,2.8594,2.8604,2.8584,2.8594,2.8644,2.8654,2.8634,2.8644,16
2026-07-17 17:51:00,2.8589,2.8604,2.8584,2.8594,2.8639,2.8654,2.8634,2.8644,12
2026-07-17 17:52:00,2.8584,2.8604,2.8584,2.8594,2.8634,2.8654,2.8634,2.8644,5
2026-07-17 17:53:00,2.8589,2.8594,2.8574,2.8584,2.8639,2.8644,2.8624,2.8634,15
2026-07-17 17:54:00,2.8574,2.8594,2.8574,2.8589,2.8624,2.8644,2.8624,2.8639,5
2026-07-17 17:55:00,2.8594,2.8594,2.8584,2.8584,2.8644,2.8644,2.8634,2.8634,3
2026-07-17 17:56:00,2.8574,2.8574,2.8514,2.8534,2.8624,2.8624,2.8564,2.8584,47
2026-07-17 17:57:00,2.8544,2.8559,2.8534,2.8554,2.8594,2.8609,2.8584,2.8604,20
2026-07-17 17:58:00,2.8544,2.8594,2.8544,2.8584,2.8594,2.8644,2.8594,2.8634,32
2026-07-17 17:59:00,2.8594,2.8594,2.8574,2.8574,2.8644,2.8644,2.8624,2.8624,11
2026-07-17 18:00:00,2.8569,2.8574,2.8544,2.8554,2.8619,2.8624,2.8594,2.8604,26
2026-07-17 18:01:00,2.8549,2.8579,2.8544,2.8564,2.8599,2.8629,2.8594,2.8614,20
2026-07-17 18:02:00,2.8574,2.8574,2.8554,2.8564,2.8624,2.8624,2.8604,2.8614,16
2026-07-17 18:03:00,2.8569,2.8584,2.8554,2.8564,2.8619,2.8634,2.8604,2.8614,18
2026-07-17 18:04:00,2.8559,2.8574,2.8554,2.8554,2.8609,2.8624,2.8604,2.8604,28
2026-07-17 18:05:00,2.8564,2.8594,2.8544,2.8579,2.8614,2.8644,2.8594,2.8629,39
2026-07-17 18:06:00,2.8574,2.8584,2.8564,2.8574,2.8624,2.8634,2.8614,2.8624,18
2026-07-17 18:07:00,2.8564,2.8584,2.8564,2.8574,2.8614,2.8634,2.8614,2.8624,17
2026-07-17 18:08:00,2.8569,2.8584,2.8554,2.8559,2.8619,2.8634,2.8604,2.8609,24
2026-07-17 18:09:00,2.8554,2.8584,2.8544,2.8584,2.8604,2.8634,2.8594,2.8634,10
2026-07-17 18:10:00,2.8579,2.8584,2.8554,2.8554,2.8629,2.8634,2.8604,2.8604,16
2026-07-17 18:11:00,2.8564,2.8604,2.8554,2.8604,2.8614,2.8654,2.8604,2.8654,12
2026-07-17 18:12:00,2.8594,2.8654,2.8594,2.8649,2.8644,2.8704,2.8644,2.8699,29
2026-07-17 18:13:00,2.8644,2.8704,2.8639,2.8704,2.8694,2.8754,2.8689,2.8754,37
2026-07-17 18:14:00,2.8694,2.8704,2.8674,2.8689,2.8744,2.8754,2.8724,2.8739,46
2026-07-17 18:15:00,2.8684,2.8704,2.8674,2.8674,2.8734,2.8754,2.8724,2.8724,48
2026-07-17 18:16:00,2.8664,2.8694,2.8664,2.8684,2.8714,2.8744,2.8714,2.8734,14
2026-07-17 18:17:00,2.8689,2.8689,2.8674,2.8684,2.8739,2.8739,2.8724,2.8734,18
2026-07-17 18:18:00,2.8674,2.8694,2.8674,2.8694,2.8724,2.8744,2.8724,2.8744,52
2026-07-17 18:19:00,2.8684,2.8694,2.8674,2.8674,2.8734,2.8744,2.8724,2.8724,27
2026-07-17 18:20:00,2.8679,2.8704,2.8674,2.8689,2.8729,2.8754,2.8724,2.8739,51
2026-07-17 18:21:00,2.8684,2.8704,2.8654,2.8664,2.8734,2.8754,2.8704,2.8714,33
2026-07-17 18:22:00,2.8659,2.8674,2.8654,2.8674,2.8709,2.8724,2.8704,2.8724,8
2026-07-17 18:23:00,2.8684,2.8684,2.8654,2.8674,2.8734,2.8734,2.8704,2.8724,20
2026-07-17 18:24:00,2.8679,2.8694,2.8679,2.8694,2.8729,2.8744,2.8729,2.8744,5
2026-07-17 18:25:00,2.8689,2.8814,2.8689,2.8799,2.8739,2.8864,2.8739,2.8849,69
2026-07-17 18:26:00,2.8804,2.8804,2.8784,2.8784,2.8854,2.8854,2.8834,2.8834,43
2026-07-17 18:27:00,2.8779,2.8804,2.8774,2.8804,2.8829,2.8854,2.8824,2.8854,19
2026-07-17 18:28:00,2.8799,2.8804,2.8764,2.8769,2.8849,2.8854,2.8814,2.8819,22
2026-07-17 18:29:00,2.8764,2.8784,2.8754,2.8769,2.8814,2.8834,2.8804,2.8819,46
2026-07-17 18:30:00,2.8764,2.8794,2.8744,2.8754,2.8814,2.8844,2.8794,2.8804,33
2026-07-17 18:31:00,2.8744,2.8764,2.8744,2.8744,2.8794,2.8814,2.8794,2.8794,9
2026-07-17 18:32:00,2.8754,2.8784,2.8754,2.8764,2.8804,2.8834,2.8804,2.8814,8
2026-07-17 18:33:00,2.8754,2.8759,2.8734,2.8749,2.8804,2.8809,2.8784,2.8799,15
2026-07-17 18:34:00,2.8754,2.8754,2.8734,2.8734,2.8804,2.8804,2.8784,2.8784,14
2026-07-17 18:35:00,2.8724,2.8734,2.8704,2.8714,2.8774,2.8784,2.8754,2.8764,26
2026-07-17 18:36:00,2.8724,2.8734,2.8714,2.8724,2.8774,2.8784,2.8764,2.8774,17
2026-07-17 18:37:00,2.8734,2.8734,2.8704,2.8714,2.8784,2.8784,2.8754,2.8764,14
2026-07-17 18:38:00,2.8709,2.8734,2.8704,2.8719,2.8759,2.8784,2.8754,2.8769,18
2026-07-17 18:39:00,2.8714,2.8714,2.8694,2.8709,2.8764,2.8764,2.8744,2.8759,18
2026-07-17 18:40:00,2.8694,2.8709,2.8694,2.8699,2.8744,2.8759,2.8744,2.8749,9
2026-07-17 18:41:00,2.8714,2.8714,2.8694,2.8694,2.8764,2.8764,2.8744,2.8744,12
2026-07-17 18:42:00,2.8699,2.8699,2.8674,2.8679,2.8749,2.8749,2.8724,2.8729,12
2026-07-17 18:43:00,2.8684,2.8704,2.8684,2.8704,2.8734,2.8754,2.8734,2.8754,15
2026-07-17 18:44:00,2.8694,2.8724,2.8694,2.8709,2.8744,2.8774,2.8744,2.8759,20
2026-07-17 18:45:00,2.8704,2.8714,2.8694,2.8699,2.8754,2.8764,2.8744,2.8749,7
2026-07-17 18:46:00,2.8694,2.8724,2.8694,2.8714,2.8744,2.8774,2.8744,2.8764,18
2026-07-17 18:47:00,2.8704,2.8714,2.8704,2.8704,2.8754,2.8764,2.8754,2.8754,13
2026-07-17 18:48:00,2.8694,2.8714,2.8694,2.8714,2.8744,2.8764,2.8744,2.8764,9
2026-07-17 18:49:00,2.8724,2.8724,2.8704,2.8714,2.8774,2.8774,2.8754,2.8764,10
2026-07-17 18:50:00,2.8704,2.8704,2.8704,2.8704,2.8754,2.8754,2.8754,2.8754,1
2026-07-17 18:51:00,2.8699,2.8704,2.8689,2.8704,2.8749,2.8754,2.8739,2.8754,8
2026-07-17 18:52:00,2.8694,2.8724,2.8694,2.8714,2.8744,2.8774,2.8744,2.8764,12
2026-07-17 18:54:00,2.8704,2.8744,2.8704,2.8744,2.8754,2.8794,2.8754,2.8794,13
2026-07-17 18:55:00,2.8734,2.8744,2.8724,2.8734,2.8784,2.8794,2.8774,2.8784,19
2026-07-17 18:56:00,2.8724,2.8734,2.8719,2.8724,2.8774,2.8784,2.8769,2.8774,17
2026-07-17 18:57:00,2.8734,2.8744,2.8714,2.8719,2.8784,2.8794,2.8764,2.8769,15
2026-07-17 18:58:00,2.8714,2.8744,2.8714,2.8724,2.8764,2.8794,2.8764,2.8774,11
2026-07-17 18:59:00,2.8714,2.8734,2.8714,2.8734,2.8764,2.8784,2.8764,2.8784,14
2026-07-17 19:00:00,2.8744,2.8744,2.8674,2.8684,2.8794,2.8794,2.8724,2.8734,20
2026-07-17 19:01:00,2.8694,2.8694,2.8674,2.8674,2.8744,2.8744,2.8724,2.8724,7
2026-07-17 19:02:00,2.8684,2.8684,2.8664,2.8674,2.8734,2.8734,2.8714,2.8724,19
2026-07-17 19:03:00,2.8679,2.8694,2.8664,2.8694,2.8729,2.8744,2.8714,2.8744,17
2026-07-17 19:04:00,2.8689,2.8744,2.8684,2.8724,2.8739,2.8794,2.8734,2.8774,28
2026-07-17 19:05:00,2.8729,2.8764,2.8724,2.8764,2.8779,2.8814,2.8774,2.8814,34
2026-07-17 19:06:00,2.8769,2.8824,2.8764,2.8794,2.8819,2.8874,2.8814,2.8844,75
2026-07-17 19:07:00,2.8799,2.8799,2.8784,2.8794,2.8849,2.8849,2.8834,2.8844,4
2026-07-17 19:08:00,2.8804,2.8804,2.8794,2.8804,2.8854,2.8854,2.8844,2.8854,19
2026-07-17 19:09:00,2.8794,2.8799,2.8784,2.8794,2.8844,2.8849,2.8834,2.8844,8
2026-07-17 19:10:00,2.8789,2.8824,2.8789,2.8824,2.8839,2.8874,2.8839,2.8874,5
2026-07-17 19:11:00,2.8814,2.8824,2.8804,2.8824,2.8864,2.8874,2.8854,2.8874,11
2026-07-17 19:12:00,2.8834,2.8874,2.8824,2.8854,2.8884,2.8924,2.8874,2.8904,23
2026-07-17 19:13:00,2.8844,2.8884,2.8844,2.8879,2.8894,2.8934,2.8894,2.8929,79
2026-07-17 19:14:00,2.8874,2.8884,2.8864,2.8879,2.8924,2.8934,2.8914,2.8929,47
2026-07-17 19:15:00,2.8884,2.8884,2.8864,2.8869,2.8934,2.8934,2.8914,2.8919,6
2026-07-17 19:16:00,2.8874,2.8874,2.8824,2.8869,2.8924,2.8924,2.8874,2.8919,46
2026-07-17 19:17:00,2.8864,2.8884,2.8864,2.8884,2.8914,2.8934,2.8914,2.8934,6
2026-07-17 19:18:00,2.8879,2.8879,2.8854,2.8854,2.8929,2.8929,2.8904,2.8904,4
2026-07-17 19:19:00,2.8844,2.8854,2.8834,2.8834,2.8894,2.8904,2.8884,2.8884,9
2026-07-17 19:20:00,2.8839,2.8854,2.8824,2.8824,2.8889,2.8904,2.8874,2.8874,24
2026-07-17 19:21:00,2.8814,2.8834,2.8804,2.8824,2.8864,2.8884,2.8854,2.8874,16
2026-07-17 19:22:00,2.8834,2.8834,2.8834,2.8834,2.8884,2.8884,2.8884,2.8884,1
2026-07-17 19:23:00,2.8824,2.8834,2.8824,2.8834,2.8874,2.8884,2.8874,2.8884,4
2026-07-17 19:24:00,2.8844,2.8844,2.8824,2.8834,2.8894,2.8894,2.8874,2.8884,9
2026-07-17 19:25:00,2.8829,2.8864,2.8829,2.8854,2.8879,2.8914,2.8879,2.8904,14
2026-07-17 19:26:00,2.8864,2.8874,2.8854,2.8864,2.8914,2.8924,2.8904,2.8914,17
2026-07-17 19:27:00,2.8854,2.8874,2.8834,2.8844,2.8904,2.8924,2.8884,2.8894,12
2026-07-17 19:28:00,2.8854,2.8854,2.8834,2.8844,2.8904,2.8904,2.8884,2.8894,13
2026-07-17 19:29:00,2.8839,2.8839,2.8824,2.8824,2.8889,2.8889,2.8874,2.8874,6
2026-07-17 19:30:00,2.8834,2.8834,2.8824,2.8824,2.8884,2.8884,2.8874,2.8874,8
2026-07-17 19:31:00,2.8814,2.8834,2.8804,2.8824,2.8864,2.8884,2.8854,2.8874,14
2026-07-17 19:32:00,2.8834,2.8844,2.8834,2.8834,2.8884,2.8894,2.8884,2.8884,3
2026-07-17 19:33:00,2.8824,2.8824,2.8814,2.8814,2.8874,2.8874,2.8864,2.8864,2
2026-07-17 19:34:00,2.8824,2.8854,2.8814,2.8854,2.8874,2.8904,2.8864,2.8904,26
2026-07-17 19:35:00,2.8859,2.8864,2.8859,2.8864,2.8909,2.8914,2.8909,2.8914,2
2026-07-17 19:36:00,2.8874,2.8874,2.8854,2.8864,2.8924,2.8924,2.8904,2.8914,21
2026-07-17 19:37:00,2.8854,2.8874,2.8844,2.8844,2.8904,2.8924,2.8894,2.8894,11
2026-07-17 19:38:00,2.8834,2.8834,2.8824,2.8834,2.8884,2.8884,2.8874,2.8884,13
2026-07-17 19:39:00,2.8844,2.8854,2.8844,2.8854,2.8894,2.8904,2.8894,2.8904,15
2026-07-17 19:40:00,2.8864,2.8884,2.8864,2.8864,2.8914,2.8934,2.8914,2.8914,27
2026-07-17 19:41:00,2.8859,2.8864,2.8854,2.8859,2.8909,2.8914,2.8904,2.8909,4
2026-07-17 19:42:00,2.8864,2.8864,2.8854,2.8854,2.8914,2.8914,2.8904,2.8904,13
2026-07-17 19:43:00,2.8864,2.8874,2.8864,2.8864,2.8914,2.8924,2.8914,2.8914,12
2026-07-17 19:44:00,2.8874,2.8874,2.8864,2.8864,2.8924,2.8924,2.8914,2.8914,2
2026-07-17 19:45:00,2.8874,2.8929,2.8874,2.8924,2.8924,2.8979,2.8924,2.8974,20
2026-07-17 19:46:00,2.8914,2.8914,2.8894,2.8899,2.8964,2.8964,2.8944,2.8949,15
2026-07-17 19:47:00,2.8894,2.8904,2.8884,2.8894,2.8944,2.8954,2.8934,2.8944,11
2026-07-17 19:48:00,2.8899,2.8944,2.8899,2.8939,2.8949,2.8994,2.8949,2.8989,11
2026-07-17 19:49:00,2.8944,2.8944,2.8924,2.8934,2.8994,2.8994,2.8974,2.8984,19
2026-07-17 19:50:00,2.8924,2.8924,2.8894,2.8899,2.8974,2.8974,2.8944,2.8949,28
2026-07-17 19:51:00,2.8904,2.8904,2.8894,2.8894,2.8954,2.8954,2.8944,2.8944,28
2026-07-17 19:52:00,2.8884,2.8894,2.8834,2.8834,2.8934,2.8944,2.8884,2.8884,30
2026-07-17 19:53:00,2.8844,2.8864,2.8839,2.8859,2.8894,2.8914,2.8889,2.8909,26
2026-07-17 19:54:00,2.8864,2.8874,2.8844,2.8854,2.8914,2.8924,2.8894,2.8904,22
2026-07-17 19:55:00,2.8844,2.8854,2.8784,2.8794,2.8894,2.8904,2.8834,2.8844,28
2026-07-17 19:56:00,2.8804,2.8814,2.8794,2.8814,2.8854,2.8864,2.8844,2.8864,35
2026-07-17 19:57:00,2.8809,2.8819,2.8794,2.8804,2.8859,2.8869,2.8844,2.8854,13
2026-07-17 19:58:00,2.8799,2.8824,2.8794,2.8814,2.8849,2.8874,2.8844,2.8864,17
2026-07-17 19:59:00,2.8824,2.8824,2.8794,2.8794,2.8874,2.8874,2.8844,2.8844,11
2026-07-17 20:00:00,2.8804,2.8834,2.8794,2.8804,2.8854,2.8884,2.8844,2.8854,23
2026-07-17 20:01:00,2.8814,2.8814,2.8794,2.8804,2.8864,2.8864,2.8844,2.8854,8
2026-07-17 20:02:00,2.8809,2.8834,2.8804,2.8824,2.8859,2.8884,2.8854,2.8874,10
2026-07-17 20:03:00,2.8814,2.8834,2.8814,2.8824,2.8864,2.8884,2.8864,2.8874,4
2026-07-17 20:04:00,2.8814,2.8814,2.8794,2.8794,2.8864,2.8864,2.8844,2.8844,14
2026-07-17 20:05:00,2.8804,2.8819,2.8804,2.8814,2.8854,2.8869,2.8854,2.8864,15
2026-07-17 20:06:00,2.8809,2.8814,2.8804,2.8804,2.8859,2.8864,2.8854,2.8854,16
2026-07-17 20:07:00,2.8814,2.8834,2.8804,2.8814,2.8864,2.8884,2.8854,2.8864,21
2026-07-17 20:08:00,2.8809,2.8814,2.8784,2.8814,2.8859,2.8864,2.8834,2.8864,15
2026-07-17 20:09:00,2.8809,2.8809,2.8784,2.8784,2.8859,2.8859,2.8834,2.8834,7
2026-07-17 20:10:00,2.8774,2.8794,2.8744,2.8784,2.8824,2.8844,2.8794,2.8834,18
2026-07-17 20:11:00,2.8794,2.8794,2.8774,2.8794,2.8844,2.8844,2.8824,2.8844,16
2026-07-17 20:12:00,2.8789,2.8834,2.8784,2.8824,2.8839,2.8884,2.8834,2.8874,24
2026-07-17 20:13:00,2.8814,2.8824,2.8814,2.8819,2.8864,2.8874,2.8864,2.8869,9
2026-07-17 20:14:00,2.8814,2.8814,2.8784,2.8789,2.8864,2.8864,2.8834,2.8839,14
2026-07-17 20:15:00,2.8784,2.8804,2.8774,2.8799,2.8834,2.8854,2.8824,2.8849,16
2026-07-17 20:16:00,2.8804,2.8804,2.8794,2.8804,2.8854,2.8854,2.8844,2.8854,9
2026-07-17 20:17:00,2.8814,2.8824,2.8804,2.8819,2.8864,2.8874,2.8854,2.8869,25
2026-07-17 20:18:00,2.8814,2.8829,2.8814,2.8814,2.8864,2.8879,2.8864,2.8864,12
2026-07-17 20:19:00,2.8804,2.8804,2.8794,2.8794,2.8854,2.8854,2.8844,2.8844,22
2026-07-17 20:20:00,2.8784,2.8784,2.8754,2.8764,2.8834,2.8834,2.8804,2.8814,17
2026-07-17 20:21:00,2.8754,2.8764,2.8744,2.8759,2.8804,2.8814,2.8794,2.8809,7
2026-07-17 20:22:00,2.8754,2.8774,2.8754,2.8754,2.8804,2.8824,2.8804,2.8804,12
2026-07-17 20:23:00,2.8764,2.8774,2.8764,2.8774,2.8814,2.8824,2.8814,2.8824,9
2026-07-17 20:24:00,2.8769,2.8794,2.8769,2.8794,2.8819,2.8844,2.8819,2.8844,13
2026-07-17 20:25:00,2.8784,2.8794,2.8774,2.8784,2.8834,2.8844,2.8824,2.8834,20
2026-07-17 20:26:00,2.8779,2.8794,2.8774,2.8784,2.8829,2.8844,2.8824,2.8834,39
2026-07-17 20:27:00,2.8794,2.8824,2.8774,2.8804,2.8844,2.8874,2.8824,2.8854,33
2026-07-17 20:28:00,2.8794,2.8824,2.8774,2.8814,2.8844,2.8874,2.8824,2.8864,66
2026-07-17 20:29:00,2.8824,2.8824,2.8784,2.8794,2.8874,2.8874,2.8834,2.8844,27
2026-07-17 20:30:00,2.8804,2.8864,2.8799,2.8864,2.8854,2.8914,2.8849,2.8914,35
2026-07-17 20:31:00,2.8854,2.8874,2.8849,2.8854,2.8904,2.8924,2.8899,2.8904,20
2026-07-17 20:32:00,2.8849,2.8854,2.8834,2.8844,2.8899,2.8904,2.8884,2.8894,14
2026-07-17 20:33:00,2.8839,2.8844,2.8829,2.8839,2.8889,2.8894,2.8879,2.8889,17
2026-07-17 20:34:00,2.8844,2.8854,2.8844,2.8844,2.8894,2.8904,2.8894,2.8894,17
2026-07-17 20:35:00,2.8839,2.8844,2.8834,2.8839,2.8889,2.8894,2.8884,2.8889,14
2026-07-17 20:36:00,2.8834,2.8894,2.8834,2.8879,2.8884,2.8944,2.8884,2.8929,13
2026-07-17 20:37:00,2.8884,2.8894,2.8884,2.8894,2.8934,2.8944,2.8934,2.8944,4
2026-07-17 20:38:00,2.8904,2.8909,2.8884,2.8909,2.8954,2.8959,2.8934,2.8959,18
2026-07-17 20:39:00,2.8914,2.8914,2.8899,2.8904,2.8964,2.8964,2.8949,2.8954,7
2026-07-17 20:40:00,2.8894,2.8904,2.8874,2.8884,2.8944,2.8954,2.8924,2.8934,12
2026-07-17 20:41:00,2.8894,2.8894,2.8879,2.8879,2.8944,2.8944,2.8929,2.8929,7
2026-07-17 20:42:00,2.8884,2.8884,2.8824,2.8834,2.8934,2.8934,2.8874,2.8884,39
2026-07-17 20:43:00,2.8829,2.8834,2.8824,2.8834,2.8879,2.8884,2.8874,2.8884,15
2026-07-17 20:44:00,2.8844,2.8854,2.8844,2.8854,2.8894,2.8904,2.8894,2.8904,2
2026-07-17 20:45:00,2.8859,2.8874,2.8854,2.8854,2.8909,2.8924,2.8904,2.8904,10
2026-07-17 20:46:00,2.8859,2.8859,2.8854,2.8854,2.8909,2.8909,2.8904,2.8904,2
2026-07-17 20:47:00,2.8864,2.8864,2.8854,2.8859,2.8914,2.8914,2.8904,2.8909,5
2026-07-17 20:48:00,2.8854,2.8859,2.8854,2.8854,2.8904,2.8909,2.8904,2.8904,3
2026-07-17 20:49:00,2.8844,2.8844,2.8834,2.8844,2.8894,2.8894,2.8884,2.8894,4
2026-07-17 20:51:00,2.8834,2.8854,2.8834,2.8844,2.8884,2.8904,2.8884,2.8894,7
2026-07-17 20:52:00,2.8834,2.8834,2.8834,2.8834,2.8884,2.8884,2.8884,2.8884,1
2026-07-17 20:53:00,2.8824,2.8824,2.8814,2.8814,2.8874,2.8874,2.8864,2.8864,28
2026-07-17 20:54:00,2.8824,2.8829,2.8804,2.8804,2.8874,2.8879,2.8854,2.8854,12
2026-07-17 20:55:00,2.8814,2.8814,2.8794,2.8794,2.8864,2.8864,2.8844,2.8844,7
2026-07-17 20:56:00,2.8804,2.8804,2.8794,2.8794,2.8854,2.8854,2.8844,2.8844,2
2026-07-17 20:59:00,2.8804,2.8804,2.8794,2.8804,2.8854,2.8854,2.8844,2.8854,3
2026-07-17 21:00:00,2.8794,2.8804,2.8794,2.8794,2.8844,2.8854,2.8844,2.8844,3
2026-07-17 21:01:00,2.8784,2.8794,2.8764,2.8784,2.8834,2.8844,2.8814,2.8834,17
2026-07-17 21:02:00,2.8779,2.8794,2.8774,2.8774,2.8829,2.8844,2.8824,2.8824,15
2026-07-17 21:03:00,2.8779,2.8804,2.8779,2.8804,2.8829,2.8854,2.8829,2.8854,3
2026-07-17 21:04:00,2.8794,2.8794,2.8784,2.8784,2.8844,2.8844,2.8834,2.8834,6
2026-07-17 21:05:00,2.8794,2.8794,2.8794,2.8794,2.8844,2.8844,2.8844,2.8844,1
2026-07-17 21:06:00,2.8784,2.8794,2.8784,2.8794,2.8834,2.8844,2.8834,2.8844,2
2026-07-17 21:07:00,2.8784,2.8794,2.8784,2.8794,2.8834,2.8844,2.8834,2.8844,2
2026-07-17 21:08:00,2.8804,2.8804,2.8794,2.8794,2.8854,2.8854,2.8844,2.8844,2
2026-07-17 21:09:00,2.8784,2.8794,2.8784,2.8794,2.8834,2.8844,2.8834,2.8844,2
2026-07-17 21:10:00,2.8804,2.8814,2.8794,2.8804,2.8854,2.8864,2.8844,2.8854,8
2026-07-17 21:11:00,2.8794,2.8804,2.8794,2.8804,2.8844,2.8854,2.8844,2.8854,7
2026-07-17 21:12:00,2.8794,2.8804,2.8794,2.8799,2.8844,2.8854,2.8844,2.8849,11
2026-07-17 21:13:00,2.8794,2.8804,2.8794,2.8794,2.8844,2.8854,2.8844,2.8844,11
2026-07-17 21:14:00,2.8804,2.8814,2.8804,2.8814,2.8854,2.8864,2.8854,2.8864,2
2026-07-17 21:15:00,2.8804,2.8814,2.8804,2.8814,2.8854,2.8864,2.8854,2.8864,2
2026-07-17 21:16:00,2.8804,2.8809,2.8804,2.8809,2.8854,2.8859,2.8854,2.8859,2
2026-07-17 21:17:00,2.8814,2.8814,2.8804,2.8814,2.8864,2.8864,2.8854,2.8864,6
2026-07-17 21:18:00,2.8824,2.8834,2.8824,2.8834,2.8874,2.8884,2.8874,2.8884,2
2026-07-17 21:19:00,2.8844,2.8844,2.8834,2.8844,2.8894,2.8894,2.8884,2.8894,3
2026-07-17 21:20:00,2.8839,2.8844,2.8834,2.8844,2.8889,2.8894,2.8884,2.8894,7
2026-07-17 21:22:00,2.8834,2.8844,2.8834,2.8834,2.8884,2.8894,2.8884,2.8884,4
2026-07-17 21:24:00,2.8824,2.8824,2.8824,2.8824,2.8874,2.8874,2.8874,2.8874,1
2026-07-17 21:25:00,2.8834,2.8834,2.8834,2.8834,2.8884,2.8884,2.8884,2.8884,1
2026-07-17 21:26:00,2.8824,2.8824,2.8824,2.8824,2.8874,2.8874,2.8874,2.8874,1
2026-07-17 21:27:00,2.8829,2.8834,2.8824,2.8834,2.8879,2.8884,2.8874,2.8884,3
2026-07-17 21:29:00,2.8824,2.8824,2.8814,2.8824,2.8874,2.8874,2.8864,2.8874,8
2026-07-17 21:30:00,2.8819,2.8819,2.8814,2.8814,2.8869,2.8869,2.8864,2.8864,2
2026-07-17 21:31:00,2.8804,2.8814,2.8794,2.8804,2.8854,2.8864,2.8844,2.8854,12
2026-07-17 21:36:00,2.8814,2.8814,2.8804,2.8814,2.8864,2.8864,2.8854,2.8864,9
2026-07-17 21:37:00,2.8824,2.8824,2.8824,2.8824,2.8874,2.8874,2.8874,2.8874,1
2026-07-17 21:38:00,2.8829,2.8834,2.8829,2.8834,2.8879,2.8884,2.8879,2.8884,2
2026-07-17 21:39:00,2.8844,2.8854,2.8844,2.8854,2.8894,2.8904,2.8894,2.8904,7
2026-07-17 21:40:00,2.8844,2.8844,2.8834,2.8844,2.8894,2.8894,2.8884,2.8894,6
2026-07-17 21:41:00,2.8849,2.8874,2.8849,2.8874,2.8899,2.8924,2.8899,2.8924,8
2026-07-17 21:42:00,2.8864,2.8864,2.8854,2.8864,2.8914,2.8914,2.8904,2.8914,3
2026-07-17 21:43:00,2.8854,2.8859,2.8854,2.8854,2.8904,2.8909,2.8904,2.8904,5
2026-07-17 21:44:00,2.8844,2.8854,2.8844,2.8849,2.8894,2.8904,2.8894,2.8899,5
2026-07-17 21:45:00,2.8844,2.8854,2.8844,2.8844,2.8894,2.8904,2.8894,2.8894,3
2026-07-17 21:46:00,2.8854,2.8894,2.8854,2.8894,2.8904,2.8944,2.8904,2.8944,14
2026-07-17 21:47:00,2.8884,2.8884,2.8879,2.8879,2.8934,2.8934,2.8929,2.8929,6
2026-07-17 21:48:00,2.8874,2.8884,2.8874,2.8874,2.8924,2.8934,2.8924,2.8924,5
2026-07-17 21:50:00,2.8864,2.8894,2.8864,2.8894,2.8914,2.8944,2.8914,2.8944,6
2026-07-17 21:51:00,2.8904,2.8904,2.8864,2.8864,2.8954,2.8954,2.8914,2.8914,19
2026-07-17 21:52:00,2.8854,2.8864,2.8854,2.8854,2.8904,2.8914,2.8904,2.8904,6
2026-07-17 21:53:00,2.8864,2.8894,2.8854,2.8894,2.8914,2.8944,2.8904,2.8944,24
2026-07-17 21:54:00,2.8904,2.8914,2.8884,2.8884,2.8954,2.8964,2.8934,2.8934,16
2026-07-17 21:55:00,2.8879,2.8884,2.8879,2.8879,2.8929,2.8934,2.8929,2.8929,5
2026-07-17 21:56:00,2.8884,2.8899,2.8874,2.8894,2.8934,2.8949,2.8924,2.8944,9
2026-07-17 21:57:00,2.8889,2.8904,2.8884,2.8884,2.8939,2.8954,2.8934,2.8934,8
2026-07-17 21:58:00,2.8894,2.8894,2.8884,2.8884,2.8944,2.8944,2.8934,2.8934,4
2026-07-17 21:59:00,2.8889,2.8924,2.8884,2.8919,2.8939,2.8974,2.8934,2.8969,29
2026-07-17 22:00:00,2.8914,2.8944,2.8914,2.8934,2.8964,2.8994,2.8964,2.8984,15
2026-07-17 22:01:00,2.8929,2.8934,2.8924,2.8929,2.8979,2.8984,2.8974,2.8979,9
2026-07-17 22:02:00,2.8924,2.8924,2.8914,2.8914,2.8974,2.8974,2.8964,2.8964,4
2026-07-17 22:03:00,2.8919,2.8919,2.8904,2.8914,2.8969,2.8969,2.8954,2.8964,4
2026-07-17 22:04:00,2.8919,2.8924,2.8919,2.8924,2.8969,2.8974,2.8969,2.8974,8
2026-07-17 22:05:00,2.8914,2.8924,2.8914,2.8924,2.8964,2.8974,2.8964,2.8974,3
2026-07-17 22:06:00,2.8919,2.8919,2.8919,2.8919,2.8969,2.8969,2.8969,2.8969,1
2026-07-17 22:07:00,2.8924,2.8924,2.8914,2.8914,2.8974,2.8974,2.8964,2.8964,8
2026-07-17 22:08:00,2.8919,2.8919,2.8914,2.8914,2.8969,2.8969,2.8964,2.8964,2
2026-07-17 22:09:00,2.8904,2.8919,2.8904,2.8919,2.8954,2.8969,2.8954,2.8969,10
2026-07-17 22:10:00,2.8924,2.8924,2.8914,2.8924,2.8974,2.8974,2.8964,2.8974,4
2026-07-17 22:11:00,2.8919,2.8924,2.8914,2.8919,2.8969,2.8974,2.8964,2.8969,7
2026-07-17 22:12:00,2.8914,2.8919,2.8914,2.8914,2.8964,2.8969,2.8964,2.8964,3
2026-07-17 22:13:00,2.8919,2.8924,2.8919,2.8924,2.8969,2.8974,2.8969,2.8974,2
2026-07-17 22:14:00,2.8919,2.8944,2.8914,2.8934,2.8969,2.8994,2.8964,2.8984,8
2026-07-17 22:15:00,2.8944,2.8944,2.8934,2.8934,2.8994,2.8994,2.8984,2.8984,2
2026-07-17 22:17:00,2.8929,2.8934,2.8929,2.8934,2.8979,2.8984,2.8979,2.8984,2
2026-07-17 22:18:00,2.8929,2.8934,2.8929,2.8929,2.8979,2.8984,2.8979,2.8979,3
2026-07-17 22:19:00,2.8924,2.8924,2.8924,2.8924,2.8974,2.8974,2.8974,2.8974,1
2026-07-17 22:21:00,2.8934,2.8934,2.8934,2.8934,2.8984,2.8984,2.8984,2.8984,1
2026-07-17 22:23:00,2.8929,2.8929,2.8924,2.8924,2.8979,2.8979,2.8974,2.8974,2
2026-07-17 22:24:00,2.8934,2.8934,2.8934,2.8934,2.8984,2.8984,2.8984,2.8984,1
2026-07-17 22:27:00,2.8939,2.8944,2.8939,2.8944,2.8989,2.8994,2.8989,2.8994,2
2026-07-17 22:28:00,2.8939,2.8949,2.8939,2.8944,2.8989,2.8999,2.8989,2.8994,6
2026-07-17 22:29:00,2.8934,2.8934,2.8929,2.8934,2.8984,2.8984,2.8979,2.8984,5
2026-07-17 22:30:00,2.8929,2.8934,2.8914,2.8914,2.8979,2.8984,2.8964,2.8964,11
2026-07-17 22:32:00,2.8909,2.8914,2.8909,2.8914,2.8959,2.8964,2.8959,2.8964,2
2026-07-17 22:33:00,2.8924,2.8924,2.8924,2.8924,2.8974,2.8974,2.8974,2.8974,1
2026-07-17 22:34:00,2.8919,2.8919,2.8914,2.8914,2.8969,2.8969,2.8964,2.8964,4
2026-07-17 22:35:00,2.8909,2.8909,2.8904,2.8904,2.8959,2.8959,2.8954,2.8954,2
2026-07-17 22:36:00,2.8914,2.8924,2.8914,2.8914,2.8964,2.8974,2.8964,2.8964,7
2026-07-17 22:37:00,2.8924,2.8924,2.8904,2.8904,2.8974,2.8974,2.8954,2.8954,4
2026-07-17 22:38:00,2.8914,2.8914,2.8914,2.8914,2.8964,2.8964,2.8964,2.8964,1
2026-07-17 22:40:00,2.8909,2.8909,2.8909,2.8909,2.8959,2.8959,2.8959,2.8959,1
2026-07-17 22:41:00,2.8904,2.8919,2.8904,2.8914,2.8954,2.8969,2.8954,2.8964,4
2026-07-17 22:42:00,2.8924,2.8924,2.8914,2.8914,2.8974,2.8974,2.8964,2.8964,7
2026-07-17 22:43:00,2.8909,2.8914,2.8904,2.8914,2.8959,2.8964,2.8954,2.8964,5
2026-07-17 22:44:00,2.8904,2.8904,2.8904,2.8904,2.8954,2.8954,2.8954,2.8954,1
2026-07-17 22:45:00,2.8909,2.8914,2.8909,2.8914,2.8959,2.8964,2.8959,2.8964,2
2026-07-17 22:47:00,2.8909,2.8914,2.8904,2.8914,2.8959,2.8964,2.8954,2.8964,6
2026-07-17 22:51:00,2.8909,2.8914,2.8909,2.8914,2.8959,2.8964,2.8959,2.8964,2
2026-07-17 22:53:00,2.8919,2.8924,2.8914,2.8914,2.8969,2.8974,2.8964,2.8964,7
2026-07-17 22:54:00,2.8909,2.8914,2.8864,2.8864,2.8959,2.8964,2.8914,2.8914,39
2026-07-17 22:55:00,2.8854,2.8874,2.8854,2.8854,2.8904,2.8924,2.8904,2.8904,20
2026-07-17 22:56:00,2.8859,2.8874,2.8854,2.8864,2.8909,2.8924,2.8904,2.8914,9
2026-07-17 22:58:00,2.8859,2.8864,2.8844,2.8854,2.8909,2.8914,2.8894,2.8904,6
2026-07-17 22:59:00,2.8849,2.8864,2.8817,2.8822,2.8899,2.8914,2.8852,2.8872,21
2026-07-20 00:00:00,2.8377,2.8412,2.8332,2.8352,2.8427,2.8462,2.8382,2.8402,79
2026-07-20 00:01:00,2.8362,2.8642,2.8337,2.8642,2.8412,2.8692,2.8387,2.8692,54
2026-07-20 00:02:00,2.8632,2.8732,2.8602,2.8732,2.8682,2.8782,2.8652,2.8782,43
2026-07-20 00:03:00,2.8727,2.8752,2.8662,2.8672,2.8777,2.8802,2.8712,2.8722,20
2026-07-20 00:04:00,2.8677,2.8677,2.8612,2.8622,2.8727,2.8727,2.8662,2.8672,19
2026-07-20 00:05:00,2.8632,2.8642,2.8622,2.8637,2.8682,2.8692,2.8672,2.8687,9
2026-07-20 00:06:00,2.8632,2.8642,2.8627,2.8642,2.8682,2.8692,2.8677,2.8692,6
2026-07-20 00:07:00,2.8632,2.8647,2.8622,2.8647,2.8682,2.8697,2.8672,2.8697,5
2026-07-20 00:08:00,2.8672,2.8707,2.8672,2.8697,2.8722,2.8757,2.8722,2.8747,8
2026-07-20 00:09:00,2.8692,2.8692,2.8637,2.8637,2.8742,2.8742,2.8687,2.8687,15
2026-07-20 00:10:00,2.8632,2.8657,2.8597,2.8612,2.8682,2.8707,2.8647,2.8662,16
2026-07-20 00:11:00,2.8607,2.8607,2.8552,2.8582,2.8657,2.8657,2.8602,2.8632,18
2026-07-20 00:12:00,2.8587,2.8612,2.8582,2.8582,2.8637,2.8662,2.8632,2.8632,8
2026-07-20 00:13:00,2.8572,2.8602,2.8572,2.8602,2.8622,2.8652,2.8622,2.8652,13
2026-07-20 00:14:00,2.8592,2.8592,2.8577,2.8577,2.8642,2.8642,2.8627,2.8627,6
2026-07-20 00:15:00,2.8572,2.8582,2.8557,2.8582,2.8622,2.8632,2.8607,2.8632,13
2026-07-20 00:16:00,2.8577,2.8587,2.8557,2.8567,2.8627,2.8637,2.8607,2.8617,18
2026-07-20 00:17:00,2.8572,2.8572,2.8572,2.8572,2.8622,2.8622,2.8622,2.8622,1
2026-07-20 00:18:00,2.8587,2.8587,2.8577,2.8577,2.8637,2.8637,2.8627,2.8627,2
2026-07-20 00:19:00,2.8572,2.8577,2.8567,2.8577,2.8622,2.8627,2.8617,2.8627,3
2026-07-20 00:21:00,2.8557,2.8557,2.8557,2.8557,2.8607,2.8607,2.8607,2.8607,1
2026-07-20 00:22:00,2.8562,2.8577,2.8562,2.8577,2.8612,2.8627,2.8612,2.8627,4
2026-07-20 00:23:00,2.8582,2.8582,2.8527,2.8527,2.8632,2.8632,2.8577,2.8577,6
2026-07-20 00:24:00,2.8532,2.8547,2.8527,2.8547,2.8582,2.8597,2.8577,2.8597,5
2026-07-20 00:25:00,2.8542,2.8542,2.8527,2.8532,2.8592,2.8592,2.8577,2.8582,6
2026-07-20 00:26:00,2.8527,2.8537,2.8507,2.8507,2.8577,2.8587,2.8557,2.8557,9
2026-07-20 00:27:00,2.8512,2.8522,2.8507,2.8517,2.8562,2.8572,2.8557,2.8567,8
2026-07-20 00:28:00,2.8502,2.8502,2.8477,2.8487,2.8552,2.8552,2.8527,2.8537,6
2026-07-20 00:29:00,2.8497,2.8522,2.8497,2.8522,2.8547,2.8572,2.8547,2.8572,6
2026-07-20 00:30:00,2.8527,2.8527,2.8452,2.8462,2.8577,2.8577,2.8502,2.8512,16
2026-07-20 00:31:00,2.8452,2.8452,2.8432,2.8432,2.8502,2.8502,2.8482,2.8482,3
2026-07-20 00:32:00,2.8442,2.8472,2.8442,2.8452,2.8492,2.8522,2.8492,2.8502,11
2026-07-20 00:33:00,2.8457,2.8472,2.8452,2.8467,2.8507,2.8522,2.8502,2.8517,6
2026-07-20 00:34:00,2.8457,2.8472,2.8457,2.8472,2.8507,2.8522,2.8507,2.8522,6
2026-07-20 00:35:00,2.8477,2.8477,2.8462,2.8467,2.8527,2.8527,2.8512,2.8517,7
2026-07-20 00:36:00,2.8462,2.8462,2.8432,2.8437,2.8512,2.8512,2.8482,2.8487,8
2026-07-20 00:37:00,2.8432,2.8432,2.8417,2.8417,2.8482,2.8482,2.8467,2.8467,3
2026-07-20 00:38:00,2.8412,2.8427,2.8402,2.8427,2.8462,2.8477,2.8452,2.8477,10
2026-07-20 00:39:00,2.8432,2.8457,2.8432,2.8442,2.8482,2.8507,2.8482,2.8492,9
2026-07-20 00:40:00,2.8447,2.8447,2.8432,2.8442,2.8497,2.8497,2.8482,2.8492,8
2026-07-20 00:42:00,2.8432,2.8442,2.8432,2.8442,2.8482,2.8492,2.8482,2.8492,2
2026-07-20 00:43:00,2.8447,2.8447,2.8447,2.8447,2.8497,2.8497,2.8497,2.8497,1
2026-07-20 00:44:00,2.8442,2.8447,2.8442,2.8447,2.8492,2.8497,2.8492,2.8497,2
2026-07-20 00:46:00,2.8442,2.8452,2.8437,2.8442,2.8492,2.8502,2.8487,2.8492,7
2026-07-20 00:47:00,2.8452,2.8452,2.8452,2.8452,2.8502,2.8502,2.8502,2.8502,1
2026-07-20 00:48:00,2.8457,2.8462,2.8457,2.8457,2.8507,2.8512,2.8507,2.8507,3
2026-07-20 00:49:00,2.8462,2.8462,2.8452,2.8462,2.8512,2.8512,2.8502,2.8512,4
2026-07-20 00:50:00,2.8482,2.8497,2.8472,2.8497,2.8532,2.8547,2.8522,2.8547,10
2026-07-20 00:51:00,2.8492,2.8502,2.8492,2.8502,2.8542,2.8552,2.8542,2.8552,5
2026-07-20 00:52:00,2.8497,2.8497,2.8497,2.8497,2.8547,2.8547,2.8547,2.8547,1
2026-07-20 00:53:00,2.8492,2.8497,2.8487,2.8487,2.8542,2.8547,2.8537,2.8537,6
2026-07-20 00:54:00,2.8482,2.8487,2.8477,2.8477,2.8532,2.8537,2.8527,2.8527,4
2026-07-20 00:57:00,2.8482,2.8482,2.8477,2.8477,2.8532,2.8532,2.8527,2.8527,2
2026-07-20 00:58:00,2.8472,2.8487,2.8472,2.8487,2.8522,2.8537,2.8522,2.8537,4
2026-07-20 00:59:00,2.8472,2.8477,2.8472,2.8472,2.8522,2.8527,2.8522,2.8522,3
2026-07-20 01:00:00,2.8477,2.8477,2.8472,2.8477,2.8527,2.8527,2.8522,2.8527,3
2026-07-20 01:01:00,2.8482,2.8482,2.8477,2.8482,2.8532,2.8532,2.8527,2.8532,3
2026-07-20 01:02:00,2.8487,2.8502,2.8487,2.8492,2.8537,2.8552,2.8537,2.8542,8
2026-07-20 01:03:00,2.8497,2.8497,2.8497,2.8497,2.8547,2.8547,2.8547,2.8547,1
2026-07-20 01:04:00,2.8492,2.8492,2.8482,2.8482,2.8542,2.8542,2.8532,2.8532,4
2026-07-20 01:05:00,2.8487,2.8487,2.8482,2.8482,2.8537,2.8537,2.8532,2.8532,2
2026-07-20 01:06:00,2.8477,2.8477,2.8477,2.8477,2.8527,2.8527,2.8527,2.8527,1
2026-07-20 01:07:00,2.8487,2.8487,2.8477,2.8477,2.8537,2.8537,2.8527,2.8527,7
2026-07-20 01:08:00,2.8472,2.8477,2.8472,2.8477,2.8522,2.8527,2.8522,2.8527,2
2026-07-20 01:10:00,2.8472,2.8477,2.8472,2.8477,2.8522,2.8527,2.8522,2.8527,2
2026-07-20 01:11:00,2.8472,2.8477,2.8472,2.8477,2.8522,2.8527,2.8522,2.8527,2
2026-07-20 01:12:00,2.8482,2.8482,2.8472,2.8472,2.8532,2.8532,2.8522,2.8522,2
2026-07-20 01:13:00,2.8477,2.8477,2.8477,2.8477,2.8527,2.8527,2.8527,2.8527,1
2026-07-20 01:14:00,2.8487,2.8487,2.8487,2.8487,2.8537,2.8537,2.8537,2.8537,1
2026-07-20 01:15:00,2.8497,2.8497,2.8497,2.8497,2.8547,2.8547,2.8547,2.8547,1
2026-07-20 01:16:00,2.8492,2.8502,2.8492,2.8502,2.8542,2.8552,2.8542,2.8552,2
2026-07-20 01:17:00,2.8512,2.8512,2.8502,2.8512,2.8562,2.8562,2.8552,2.8562,3
2026-07-20 01:18:00,2.8507,2.8507,2.8482,2.8487,2.8557,2.8557,2.8532,2.8537,5
2026-07-20 01:19:00,2.8482,2.8487,2.8482,2.8487,2.8532,2.8537,2.8532,2.8537,2
2026-07-20 01:20:00,2.8492,2.8502,2.8477,2.8477,2.8542,2.8552,2.8527,2.8527,7
2026-07-20 01:21:00,2.8472,2.8472,2.8462,2.8462,2.8522,2.8522,2.8512,2.8512,3
2026-07-20 01:23:00,2.8452,2.8452,2.8452,2.8452,2.8502,2.8502,2.8502,2.8502,1
2026-07-20 01:24:00,2.8462,2.8462,2.8447,2.8457,2.8512,2.8512,2.8497,2.8507,5
2026-07-20 01:25:00,2.8467,2.8482,2.8462,2.8482,2.8517,2.8532,2.8512,2.8532,7
2026-07-20 01:26:00,2.8487,2.8497,2.8487,2.8497,2.8537,2.8547,2.8537,2.8547,5
2026-07-20 01:27:00,2.8492,2.8492,2.8492,2.8492,2.8542,2.8542,2.8542,2.8542,1
2026-07-20 01:28:00,2.8497,2.8502,2.8497,2.8502,2.8547,2.8552,2.8547,2.8552,2
2026-07-20 01:33:00,2.8497,2.8497,2.8487,2.8487,2.8547,2.8547,2.8537,2.8537,3
2026-07-20 01:35:00,2.8492,2.8492,2.8492,2.8492,2.8542,2.8542,2.8542,2.8542,1
2026-07-20 01:36:00,2.8487,2.8487,2.8482,2.8482,2.8537,2.8537,2.8532,2.8532,2
2026-07-20 01:38:00,2.8487,2.8487,2.8487,2.8487,2.8537,2.8537,2.8537,2.8537,1
2026-07-20 01:39:00,2.8482,2.8482,2.8462,2.8462,2.8532,2.8532,2.8512,2.8512,4
2026-07-20 01:40:00,2.8467,2.8467,2.8467,2.8467,2.8517,2.8517,2.8517,2.8517,1
2026-07-20 01:41:00,2.8477,2.8477,2.8467,2.8467,2.8527,2.8527,2.8517,2.8517,3
2026-07-20 01:46:00,2.8462,2.8477,2.8462,2.8477,2.8512,2.8527,2.8512,2.8527,4
2026-07-20 01:47:00,2.8472,2.8472,2.8472,2.8472,2.8522,2.8522,2.8522,2.8522,1
2026-07-20 01:48:00,2.8477,2.8477,2.8477,2.8477,2.8527,2.8527,2.8527,2.8527,1
2026-07-20 01:50:00,2.8472,2.8472,2.8472,2.8472,2.8522,2.8522,2.8522,2.8522,1
2026-07-20 01:56:00,2.8462,2.8472,2.8462,2.8462,2.8512,2.8522,2.8512,2.8512,3
2026-07-20 01:58:00,2.8467,2.8467,2.8462,2.8462,2.8517,2.8517,2.8512,2.8512,2
2026-07-20 01:59:00,2.8467,2.8472,2.8462,2.8472,2.8517,2.8522,2.8512,2.8522,5
2026-07-20 02:00:00,2.8477,2.8482,2.8452,2.8462,2.8527,2.8532,2.8502,2.8512,8
2026-07-20 02:01:00,2.8467,2.8467,2.8467,2.8467,2.8517,2.8517,2.8517,2.8517,1
2026-07-20 02:02:00,2.8472,2.8482,2.8472,2.8482,2.8522,2.8532,2.8522,2.8532,5
2026-07-20 02:03:00,2.8487,2.8492,2.8482,2.8492,2.8537,2.8542,2.8532,2.8542,4
2026-07-20 02:04:00,2.8497,2.8497,2.8492,2.8492,2.8547,2.8547,2.8542,2.8542,2
2026-07-20 02:05:00,2.8487,2.8492,2.8482,2.8482,2.8537,2.8542,2.8532,2.8532,3
2026-07-20 02:06:00,2.8472,2.8482,2.8472,2.8482,2.8522,2.8532,2.8522,2.8532,5
2026-07-20 02:07:00,2.8487,2.8487,2.8482,2.8487,2.8537,2.8537,2.8532,2.8537,3
2026-07-20 02:08:00,2.8492,2.8502,2.8492,2.8497,2.8542,2.8552,2.8542,2.8547,4
2026-07-20 02:09:00,2.8507,2.8522,2.8507,2.8522,2.8557,2.8572,2.8557,2.8572,8
2026-07-20 02:10:00,2.8517,2.8522,2.8512,2.8517,2.8567,2.8572,2.8562,2.8567,7
2026-07-20 02:11:00,2.8522,2.8532,2.8522,2.8527,2.8572,2.8582,2.8572,2.8577,3
2026-07-20 02:12:00,2.8542,2.8542,2.8537,2.8537,2.8592,2.8592,2.8587,2.8587,2
2026-07-20 02:13:00,2.8532,2.8547,2.8532,2.8547,2.8582,2.8597,2.8582,2.8597,8
2026-07-20 02:14:00,2.8542,2.8547,2.8532,2.8537,2.8592,2.8597,2.8582,2.8587,13
2026-07-20 02:15:00,2.8542,2.8547,2.8522,2.8542,2.8592,2.8597,2.8572,2.8592,15
2026-07-20 02:16:00,2.8552,2.8562,2.8552,2.8562,2.8602,2.8612,2.8602,2.8612,11
2026-07-20 02:17:00,2.8552,2.8557,2.8552,2.8552,2.8602,2.8607,2.8602,2.8602,7
2026-07-20 02:19:00,2.8542,2.8552,2.8542,2.8552,2.8592,2.8602,2.8592,2.8602,2
2026-07-20 02:20:00,2.8542,2.8542,2.8527,2.8532,2.8592,2.8592,2.8577,2.8582,4
2026-07-20 02:26:00,2.8542,2.8542,2.8532,2.8532,2.8592,2.8592,2.8582,2.8582,2
2026-07-20 02:27:00,2.8542,2.8542,2.8522,2.8532,2.8592,2.8592,2.8572,2.8582,5
2026-07-20 02:28:00,2.8527,2.8527,2.8522,2.8522,2.8577,2.8577,2.8572,2.8572,2
2026-07-20 02:29:00,2.8512,2.8522,2.8502,2.8522,2.8562,2.8572,2.8552,2.8572,7
2026-07-20 02:31:00,2.8512,2.8522,2.8512,2.8522,2.8562,2.8572,2.8562,2.8572,3
2026-07-20 02:32:00,2.8517,2.8522,2.8517,2.8522,2.8567,2.8572,2.8567,2.8572,2
2026-07-20 02:33:00,2.8517,2.8522,2.8517,2.8522,2.8567,2.8572,2.8567,2.8572,8
2026-07-20 02:34:00,2.8517,2.8522,2.8512,2.8522,2.8567,2.8572,2.8562,2.8572,4
2026-07-20 02:35:00,2.8512,2.8517,2.8512,2.8517,2.8562,2.8567,2.8562,2.8567,2
2026-07-20 02:36:00,2.8512,2.8522,2.8512,2.8517,2.8562,2.8572,2.8562,2.8567,6
2026-07-20 02:37:00,2.8522,2.8522,2.8522,2.8522,2.8572,2.8572,2.8572,2.8572,1
2026-07-20 02:38:00,2.8527,2.8547,2.8527,2.8547,2.8577,2.8597,2.8577,2.8597,6
2026-07-20 02:40:00,2.8542,2.8542,2.8542,2.8542,2.8592,2.8592,2.8592,2.8592,1
2026-07-20 02:42:00,2.8537,2.8542,2.8537,2.8542,2.8587,2.8592,2.8587,2.8592,2
2026-07-20 02:44:00,2.8532,2.8532,2.8522,2.8527,2.8582,2.8582,2.8572,2.8577,7
2026-07-20 02:45:00,2.8532,2.8532,2.8512,2.8517,2.8582,2.8582,2.8562,2.8567,12
2026-07-20 02:46:00,2.8522,2.8537,2.8522,2.8537,2.8572,2.8587,2.8572,2.8587,4
2026-07-20 02:47:00,2.8532,2.8537,2.8532,2.8532,2.8582,2.8587,2.8582,2.8582,5
2026-07-20 02:49:00,2.8537,2.8537,2.8532,2.8537,2.8587,2.8587,2.8582,2.8587,3
2026-07-20 02:51:00,2.8532,2.8532,2.8522,2.8522,2.8582,2.8582,2.8572,2.8572,2
2026-07-20 02:52:00,2.8527,2.8527,2.8527,2.8527,2.8577,2.8577,2.8577,2.8577,1
2026-07-20 02:53:00,2.8522,2.8527,2.8522,2.8522,2.8572,2.8577,2.8572,2.8572,5
2026-07-20 02:54:00,2.8527,2.8527,2.8522,2.8522,2.8577,2.8577,2.8572,2.8572,2
2026-07-20 02:56:00,2.8527,2.8532,2.8527,2.8527,2.8577,2.8582,2.8577,2.8577,3
2026-07-20 02:57:00,2.8522,2.8527,2.8522,2.8527,2.8572,2.8577,2.8572,2.8577,2
2026-07-20 02:58:00,2.8532,2.8532,2.8532,2.8532,2.8582,2.8582,2.8582,2.8582,1
2026-07-20 02:59:00,2.8522,2.8542,2.8522,2.8542,2.8572,2.8592,2.8572,2.8592,4
2026-07-20 03:00:00,2.8532,2.8537,2.8492,2.8512,2.8582,2.8587,2.8542,2.8562,20
2026-07-20 03:01:00,2.8517,2.8522,2.8512,2.8522,2.8567,2.8572,2.8562,2.8572,4
2026-07-20 03:02:00,2.8527,2.8532,2.8522,2.8522,2.8577,2.8582,2.8572,2.8572,7
2026-07-20 03:03:00,2.8532,2.8542,2.8532,2.8532,2.8582,2.8592,2.8582,2.8582,5
2026-07-20 03:04:00,2.8522,2.8522,2.8502,2.8502,2.8572,2.8572,2.8552,2.8552,9
2026-07-20 03:05:00,2.8507,2.8512,2.8502,2.8507,2.8557,2.8562,2.8552,2.8557,7
2026-07-20 03:06:00,2.8502,2.8502,2.8492,2.8502,2.8552,2.8552,2.8542,2.8552,8
2026-07-20 03:07:00,2.8497,2.8502,2.8497,2.8502,2.8547,2.8552,2.8547,2.8552,2
2026-07-20 03:09:00,2.8507,2.8522,2.8502,2.8502,2.8557,2.8572,2.8552,2.8552,8
2026-07-20 03:10:00,2.8512,2.8532,2.8512,2.8532,2.8562,2.8582,2.8562,2.8582,8
2026-07-20 03:11:00,2.8527,2.8542,2.8522,2.8542,2.8577,2.8592,2.8572,2.8592,4
2026-07-20 03:14:00,2.8537,2.8542,2.8522,2.8527,2.8587,2.8592,2.8572,2.8577,8
2026-07-20 03:15:00,2.8532,2.8532,2.8532,2.8532,2.8582,2.8582,2.8582,2.8582,1
2026-07-20 03:16:00,2.8522,2.8532,2.8522,2.8532,2.8572,2.8582,2.8572,2.8582,3
2026-07-20 03:17:00,2.8537,2.8537,2.8532,2.8532,2.8587,2.8587,2.8582,2.8582,2
2026-07-20 03:18:00,2.8522,2.8527,2.8522,2.8522,2.8572,2.8577,2.8572,2.8572,3
2026-07-20 03:19:00,2.8527,2.8542,2.8527,2.8542,2.8577,2.8592,2.8577,2.8592,4
2026-07-20 03:20:00,2.8532,2.8537,2.8532,2.8532,2.8582,2.8587,2.8582,2.8582,3
2026-07-20 03:21:00,2.8537,2.8537,2.8532,2.8532,2.8587,2.8587,2.8582,2.8582,6
2026-07-20 03:25:00,2.8522,2.8522,2.8522,2.8522,2.8572,2.8572,2.8572,2.8572,1
2026-07-20 03:26:00,2.8512,2.8532,2.8512,2.8532,2.8562,2.8582,2.8562,2.8582,5
2026-07-20 03:27:00,2.8522,2.8542,2.8522,2.8542,2.8572,2.8592,2.8572,2.8592,6
2026-07-20 03:28:00,2.8552,2.8552,2.8542,2.8547,2.8602,2.8602,2.8592,2.8597,6
2026-07-20 03:29:00,2.8552,2.8552,2.8532,2.8532,2.8602,2.8602,2.8582,2.8582,5
2026-07-20 03:30:00,2.8527,2.8527,2.8512,2.8512,2.8577,2.8577,2.8562,2.8562,3
2026-07-20 03:31:00,2.8517,2.8517,2.8512,2.8512,2.8567,2.8567,2.8562,2.8562,2
2026-07-20 03:33:00,2.8517,2.8517,2.8512,2.8512,2.8567,2.8567,2.8562,2.8562,2
2026-07-20 03:34:00,2.8517,2.8517,2.8517,2.8517,2.8567,2.8567,2.8567,2.8567,1
2026-07-20 03:35:00,2.8522,2.8542,2.8522,2.8542,2.8572,2.8592,2.8572,2.8592,3
2026-07-20 03:38:00,2.8532,2.8542,2.8532,2.8542,2.8582,2.8592,2.8582,2.8592,5
2026-07-20 03:42:00,2.8547,2.8547,2.8542,2.8542,2.8597,2.8597,2.8592,2.8592,2
2026-07-20 03:45:00,2.8532,2.8532,2.8532,2.8532,2.8582,2.8582,2.8582,2.8582,1
2026-07-20 03:46:00,2.8522,2.8522,2.8512,2.8522,2.8572,2.8572,2.8562,2.8572,6
2026-07-20 03:48:00,2.8512,2.8512,2.8502,2.8502,2.8562,2.8562,2.8552,2.8552,6
2026-07-20 03:49:00,2.8507,2.8507,2.8502,2.8502,2.8557,2.8557,2.8552,2.8552,2
2026-07-20 03:50:00,2.8507,2.8512,2.8492,2.8502,2.8557,2.8562,2.8542,2.8552,9
2026-07-20 03:52:00,2.8492,2.8492,2.8492,2.8492,2.8542,2.8542,2.8542,2.8542,1
2026-07-20 03:55:00,2.8482,2.8482,2.8482,2.8482,2.8532,2.8532,2.8532,2.8532,1
2026-07-20 03:56:00,2.8487,2.8492,2.8482,2.8492,2.8537,2.8542,2.8532,2.8542,6
2026-07-20 03:57:00,2.8482,2.8492,2.8482,2.8492,2.8532,2.8542,2.8532,2.8542,2
2026-07-20 03:58:00,2.8482,2.8482,2.8477,2.8477,2.8532,2.8532,2.8527,2.8527,4
2026-07-20 03:59:00,2.8482,2.8482,2.8482,2.8482,2.8532,2.8532,2.8532,2.8532,1
2026-07-20 04:00:00,2.8472,2.8477,2.8472,2.8477,2.8522,2.8527,2.8522,2.8527,2
2026-07-20 04:01:00,2.8472,2.8477,2.8472,2.8477,2.8522,2.8527,2.8522,2.8527,4
2026-07-20 04:02:00,2.8482,2.8482,2.8482,2.8482,2.8532,2.8532,2.8532,2.8532,1
2026-07-20 04:03:00,2.8487,2.8492,2.8487,2.8492,2.8552,2.8562,2.8552,2.8557,2
2026-07-20 04:04:00,2.8502,2.8512,2.8502,2.8507,2.8552,2.8557,2.8552,2.8557,8
2026-07-20 04:05:00,2.8502,2.8507,2.8502,2.8507,2.8552,2.8552,2.8552,2.8552,2
2026-07-20 04:06:00,2.8502,2.8502,2.8502,2.8502,2.8562,2.8562,2.8562,2.8562,1
2026-07-20 04:07:00,2.8512,2.8512,2.8512,2.8512,2.8572,2.8572,2.8552,2.8562,1
2026-07-20 04:09:00,2.8522,2.8522,2.8502,2.8512,2.8557,2.8557,2.8552,2.8552,5
2026-07-20 04:10:00,2.8507,2.8507,2.8502,2.8502,2.8557,2.8562,2.8552,2.8557,2
2026-07-20 04:11:00,2.8507,2.8512,2.8502,2.8507,2.8552,2.8552,2.8552,2.8552,6
2026-07-20 04:14:00,2.8502,2.8502,2.8502,2.8502,2.8562,2.8572,2.8562,2.8567,1
2026-07-20 04:18:00,2.8512,2.8522,2.8512,2.8517,2.8562,2.8572,2.8562,2.8572,8
2026-07-20 04:19:00,2.8512,2.8522,2.8512,2.8522,2.8562,2.8572,2.8562,2.8567,5
2026-07-20 04:20:00,2.8512,2.8522,2.8512,2.8517,2.8572,2.8572,2.8562,2.8567,3
2026-07-20 04:21:00,2.8522,2.8522,2.8512,2.8517,2.8562,2.8572,2.8562,2.8567,8
2026-07-20 04:22:00,2.8512,2.8522,2.8512,2.8517,2.8572,2.8582,2.8572,2.8582,6
2026-07-20 04:23:00,2.8522,2.8532,2.8522,2.8532,2.8572,2.8572,2.8562,2.8562,2
2026-07-20 04:25:00,2.8522,2.8522,2.8512,2.8512,2.8567,2.8582,2.8567,2.8582,5
2026-07-20 04:26:00,2.8517,2.8532,2.8517,2.8532,2.8572,2.8572,2.8562,2.8562,3
2026-07-20 04:30:00,2.8522,2.8522,2.8512,2.8512,2.8572,2.8592,2.8572,2.8592,2
2026-07-20 04:31:00,2.8522,2.8542,2.8522,2.8542,2.8582,2.8582,2.8572,2.8572,5
2026-07-20 04:32:00,2.8532,2.8532,2.8522,2.8522,2.8577,2.8582,2.8577,2.8582,2
2026-07-20 04:34:00,2.8527,2.8532,2.8527,2.8532,2.8592,2.8592,2.8582,2.8587,2
2026-07-20 04:41:00,2.8542,2.8542,2.8532,2.8537,2.8592,2.8592,2.8582,2.8592,3
2026-07-20 04:42:00,2.8542,2.8542,2.8532,2.8542,2.8582,2.8582,2.8572,2.8572,5
2026-07-20 04:53:00,2.8532,2.8532,2.8522,2.8522,2.8577,2.8592,2.8577,2.8582,2
2026-07-20 04:56:00,2.8527,2.8542,2.8527,2.8532,2.8587,2.8592,2.8587,2.8592,5
2026-07-20 04:57:00,2.8537,2.8542,2.8537,2.8542,2.8582,2.8582,2.8532,2.8542,2
2026-07-20 05:00:00,2.8532,2.8532,2.8482,2.8492,2.8532,2.8542,2.8512,2.8532,16
2026-07-20 05:02:00,2.8482,2.8492,2.8462,2.8482,2.8542,2.8542,2.8512,2.8522,7
2026-07-20 05:06:00,2.8492,2.8492,2.8462,2.8472,2.8532,2.8532,2.8522,2.8527,5
2026-07-20 05:11:00,2.8482,2.8482,2.8472,2.8477,2.8532,2.8532,2.8522,2.8522,5
2026-07-20 05:12:00,2.8482,2.8482,2.8472,2.8472,2.8532,2.8532,2.8522,2.8522,10
2026-07-20 05:13:00,2.8482,2.8482,2.8472,2.8472,2.8532,2.8532,2.8532,2.8532,4
2026-07-20 05:17:00,2.8482,2.8482,2.8482,2.8482,2.8542,2.8552,2.8532,2.8542,1
2026-07-20 05:22:00,2.8492,2.8502,2.8482,2.8492,2.8552,2.8572,2.8552,2.8552,5
2026-07-20 05:25:00,2.8502,2.8522,2.8502,2.8502,2.8562,2.8572,2.8552,2.8562,7
2026-07-20 05:28:00,2.8512,2.8522,2.8502,2.8512,2.8552,2.8562,2.8552,2.8552,12
2026-07-20 05:29:00,2.8502,2.8512,2.8502,2.8502,2.8562,2.8602,2.8562,2.8582,4
2026-07-20 05:30:00,2.8512,2.8552,2.8512,2.8532,2.8592,2.8592,2.8582,2.8592,23
2026-07-20 05:31:00,2.8542,2.8542,2.8532,2.8542,2.8582,2.8592,2.8582,2.8592,7
2026-07-20 05:32:00,2.8532,2.8542,2.8532,2.8542,2.8582,2.8592,2.8582,2.8592,2
2026-07-20 05:33:00,2.8532,2.8542,2.8532,2.8542,2.8582,2.8592,2.8542,2.8567,8
2026-07-20 05:34:00,2.8532,2.8542,2.8492,2.8517,2.8572,2.8572,2.8562,2.8562,19
2026-07-20 05:35:00,2.8522,2.8522,2.8512,2.8512,2.8572,2.8572,2.8562,2.8572,4
2026-07-20 05:36:00,2.8522,2.8522,2.8512,2.8522,2.8562,2.8572,2.8562,2.8562,3
2026-07-20 05:37:00,2.8512,2.8522,2.8512,2.8512,2.8552,2.8562,2.8542,2.8562,3
2026-07-20 05:40:00,2.8502,2.8512,2.8492,2.8512,2.8572,2.8572,2.8562,2.8562,11
2026-07-20 05:41:00,2.8522,2.8522,2.8512,2.8512,2.8552,2.8562,2.8502,2.8512,7
2026-07-20 05:44:00,2.8502,2.8512,2.8452,2.8462,2.8517,2.8517,2.8512,2.8512,18
2026-07-20 05:45:00,2.8467,2.8467,2.8462,2.8462,2.8502,2.8502,2.8492,2.8502,2
2026-07-20 05:46:00,2.8452,2.8452,2.8442,2.8452,2.8507,2.8522,2.8507,2.8522,5
2026-07-20 05:47:00,2.8457,2.8472,2.8457,2.8472,2.8532,2.8532,2.8512,2.8522,5
2026-07-20 05:48:00,2.8482,2.8482,2.8462,2.8472,2.8532,2.8532,2.8522,2.8522,5
2026-07-20 05:50:00,2.8482,2.8482,2.8472,2.8472,2.8532,2.8532,2.8532,2.8532,2
2026-07-20 05:51:00,2.8482,2.8482,2.8482,2.8482,2.8522,2.8542,2.8522,2.8542,1
2026-07-20 05:52:00,2.8472,2.8492,2.8472,2.8492,2.8552,2.8552,2.8502,2.8512,5
2026-07-20 05:53:00,2.8502,2.8502,2.8452,2.8462,2.8502,2.8512,2.8502,2.8512,14
2026-07-20 05:54:00,2.8452,2.8462,2.8452,2.8462,2.8522,2.8522,2.8512,2.8522,2
2026-07-20 05:56:00,2.8472,2.8472,2.8462,2.8472,2.8517,2.8522,2.8512,2.8512,3
2026-07-20 05:57:00,2.8467,2.8472,2.8462,2.8462,2.8507,2.8512,2.8507,2.8512,5
2026-07-20 05:58:00,2.8457,2.8462,2.8457,2.8462,2.8502,2.8512,2.8502,2.8512,2
2026-07-20 05:59:00,2.8452,2.8462,2.8452,2.8462,2.8522,2.8522,2.8522,2.8522,2
2026-07-20 06:00:00,2.8472,2.8472,2.8472,2.8472,2.8532,2.8532,2.8512,2.8522,1
2026-07-20 06:03:00,2.8482,2.8482,2.8462,2.8472,2.8532,2.8542,2.8532,2.8542,4
2026-07-20 06:06:00,2.8482,2.8492,2.8482,2.8492,2.8532,2.8532,2.8522,2.8522,2
2026-07-20 06:11:00,2.8482,2.8482,2.8472,2.8472,2.8532,2.8532,2.8522,2.8522,2
2026-07-20 06:12:00,2.8482,2.8482,2.8472,2.8472,2.8527,2.8532,2.8522,2.8522,4
2026-07-20 06:13:00,2.8477,2.8482,2.8472,2.8472,2.8532,2.8532,2.8522,2.8527,3
2026-07-20 06:15:00,2.8482,2.8482,2.8472,2.8477,2.8522,2.8522,2.8522,2.8522,18
2026-07-20 06:16:00,2.8472,2.8472,2.8472,2.8472,2.8512,2.8527,2.8502,2.8522,1
2026-07-20 06:18:00,2.8462,2.8477,2.8452,2.8472,2.8512,2.8522,2.8512,2.8522,6
2026-07-20 06:20:00,2.8462,2.8472,2.8462,2.8472,2.8512,2.8512,2.8512,2.8512,2
2026-07-20 06:23:00,2.8462,2.8462,2.8462,2.8462,2.8502,2.8512,2.8502,2.8512,1
2026-07-20 06:25:00,2.8452,2.8462,2.8452,2.8462,2.8502,2.8502,2.8492,2.8502,4
2026-07-20 06:31:00,2.8452,2.8452,2.8442,2.8452,2.8512,2.8522,2.8502,2.8512,5
2026-07-20 06:33:00,2.8462,2.8472,2.8452,2.8462,2.8522,2.8522,2.8517,2.8522,5
2026-07-20 06:35:00,2.8472,2.8472,2.8467,2.8472,2.8512,2.8522,2.8512,2.8512,3
2026-07-20 06:38:00,2.8462,2.8472,2.8462,2.8462,2.8502,2.8502,2.8502,2.8502,3
2026-07-20 06:39:00,2.8452,2.8452,2.8452,2.8452,2.8512,2.8512,2.8507,2.8512,1
2026-07-20 06:40:00,2.8462,2.8462,2.8457,2.8462,2.8502,2.8512,2.8502,2.8512,3
2026-07-20 06:42:00,2.8452,2.8462,2.8452,2.8462,2.8502,2.8512,2.8502,2.8512,6
2026-07-20 06:46:00,2.8452,2.8462,2.8452,2.8462,2.8522,2.8522,2.8512,2.8512,2
2026-07-20 06:47:00,2.8472,2.8472,2.8462,2.8462,2.8522,2.8522,2.8522,2.8522,2
2026-07-20 06:48:00,2.8472,2.8472,2.8472,2.8472,2.8517,2.8522,2.8512,2.8522,1
2026-07-20 06:50:00,2.8467,2.8472,2.8462,2.8472,2.8532,2.8532,2.8522,2.8522,3
2026-07-20 06:51:00,2.8482,2.8482,2.8472,2.8472,2.8512,2.8512,2.8512,2.8512,2
2026-07-20 06:54:00,2.8462,2.8462,2.8462,2.8462,2.8502,2.8512,2.8492,2.8492,1
2026-07-20 06:55:00,2.8452,2.8462,2.8442,2.8442,2.8482,2.8487,2.8482,2.8482,8
2026-07-20 06:56:00,2.8432,2.8437,2.8432,2.8432,2.8487,2.8487,2.8482,2.8482,3
2026-07-20 06:57:00,2.8437,2.8437,2.8432,2.8432,2.8487,2.8487,2.8482,2.8482,2
2026-07-20 06:58:00,2.8437,2.8437,2.8432,2.8432,2.8472,2.8472,2.8452,2.8462,12
2026-07-20 07:00:00,2.8422,2.8422,2.8402,2.8412,2.8452,2.8472,2.8452,2.8462,8
2026-07-20 07:01:00,2.8402,2.8422,2.8402,2.8412,2.8457,2.8462,2.8452,2.8452,6
2026-07-20 07:02:00,2.8407,2.8412,2.8402,2.8402,2.8462,2.8462,2.8452,2.8462,9
2026-07-20 07:03:00,2.8412,2.8412,2.8402,2.8412,2.8452,2.8452,2.8452,2.8452,5
2026-07-20 07:04:00,2.8402,2.8402,2.8402,2.8402,2.8462,2.8462,2.8452,2.8462,1
2026-07-20 07:05:00,2.8412,2.8412,2.8402,2.8412,2.8472,2.8502,2.8472,2.8502,8
2026-07-20 07:11:00,2.8422,2.8452,2.8422,2.8452,2.8512,2.8512,2.8502,2.8502,4
2026-07-20 07:12:00,2.8462,2.8462,2.8452,2.8452,2.8512,2.8512,2.8502,2.8502,7
2026-07-20 07:13:00,2.8462,2.8462,2.8452,2.8452,2.8507,2.8512,2.8502,2.8512,5
2026-07-20 07:14:00,2.8457,2.8462,2.8452,2.8462,2.8517,2.8517,2.8517,2.8517,4
2026-07-20 07:16:00,2.8467,2.8467,2.8467,2.8467,2.8512,2.8512,2.8492,2.8502,1
2026-07-20 07:17:00,2.8462,2.8462,2.8442,2.8452,2.8507,2.8507,2.8502,2.8507,11
2026-07-20 07:18:00,2.8457,2.8457,2.8452,2.8457,2.8512,2.8512,2.8512,2.8512,3
2026-07-20 07:19:00,2.8462,2.8462,2.8462,2.8462,2.8502,2.8512,2.8502,2.8507,1
2026-07-20 07:20:00,2.8452,2.8462,2.8452,2.8457,2.8512,2.8512,2.8507,2.8507,3
2026-07-20 07:21:00,2.8462,2.8462,2.8457,2.8457,2.8512,2.8512,2.8507,2.8507,2
2026-07-20 07:22:00,2.8462,2.8462,2.8457,2.8457,2.8512,2.8512,2.8502,2.8502,2
2026-07-20 07:23:00,2.8462,2.8462,2.8452,2.8452,2.8512,2.8512,2.8507,2.8512,2
2026-07-20 07:25:00,2.8462,2.8462,2.8457,2.8462,2.8507,2.8512,2.8507,2.8512,7
2026-07-20 07:26:00,2.8457,2.8462,2.8457,2.8462,2.8517,2.8522,2.8512,2.8512,2
2026-07-20 07:28:00,2.8467,2.8472,2.8462,2.8462,2.8517,2.8517,2.8492,2.8497,3
2026-07-20 07:29:00,2.8467,2.8467,2.8442,2.8447,2.8502,2.8502,2.8492,2.8502,9
2026-07-20 07:30:00,2.8452,2.8452,2.8442,2.8452,2.8497,2.8502,2.8497,2.8502,3
2026-07-20 07:31:00,2.8447,2.8452,2.8447,2.8452,2.8512,2.8512,2.8502,2.8502,2
2026-07-20 07:32:00,2.8462,2.8462,2.8452,2.8452,2.8512,2.8522,2.8512,2.8512,3
2026-07-20 07:34:00,2.8462,2.8472,2.8462,2.8462,2.8502,2.8512,2.8492,2.8502,4
2026-07-20 07:35:00,2.8452,2.8462,2.8442,2.8452,2.8497,2.8502,2.8497,2.8502,7
2026-07-20 07:36:00,2.8447,2.8452,2.8447,2.8452,2.8507,2.8512,2.8502,2.8512,2
2026-07-20 07:37:00,2.8457,2.8462,2.8452,2.8462,2.8507,2.8507,2.8502,2.8502,7
2026-07-20 07:38:00,2.8457,2.8457,2.8452,2.8452,2.8512,2.8512,2.8507,2.8507,4
2026-07-20 07:40:00,2.8462,2.8462,2.8457,2.8457,2.8502,2.8522,2.8502,2.8512,2
2026-07-20 07:41:00,2.8452,2.8472,2.8452,2.8462,2.8502,2.8512,2.8502,2.8512,6
2026-07-20 07:44:00,2.8452,2.8462,2.8452,2.8462,2.8522,2.8522,2.8522,2.8522,2
2026-07-20 07:45:00,2.8472,2.8472,2.8472,2.8472,2.8512,2.8522,2.8512,2.8522,1
2026-07-20 07:46:00,2.8462,2.8472,2.8462,2.8472,2.8512,2.8512,2.8502,2.8512,3
2026-07-20 07:51:00,2.8462,2.8462,2.8452,2.8462,2.8517,2.8542,2.8512,2.8512,3
2026-07-20 07:52:00,2.8467,2.8492,2.8462,2.8462,2.8502,2.8512,2.8502,2.8512,8
2026-07-20 07:53:00,2.8452,2.8462,2.8452,2.8462,2.8507,2.8512,2.8502,2.8512,3
2026-07-20 07:54:00,2.8457,2.8462,2.8452,2.8462,2.8522,2.8522,2.8517,2.8522,5
2026-07-20 07:55:00,2.8472,2.8472,2.8467,2.8472,2.8517,2.8517,2.8512,2.8512,3
2026-07-20 07:59:00,2.8467,2.8467,2.8462,2.8462,2.8517,2.8527,2.8517,2.8522,2
2026-07-20 08:00:00,2.8467,2.8477,2.8467,2.8472,2.8512,2.8522,2.8502,2.8522,4
2026-07-20 08:01:00,2.8462,2.8472,2.8452,2.8472,2.8532,2.8542,2.8522,2.8532,9
2026-07-20 08:02:00,2.8482,2.8492,2.8472,2.8482,2.8527,2.8532,2.8512,2.8517,13
2026-07-20 08:03:00,2.8477,2.8482,2.8462,2.8467,2.8522,2.8522,2.8522,2.8522,13
2026-07-20 08:04:00,2.8472,2.8472,2.8472,2.8472,2.8532,2.8552,2.8532,2.8542,1
2026-07-20 08:06:00,2.8482,2.8502,2.8482,2.8492,2.8532,2.8542,2.8522,2.8522,11
2026-07-20 08:08:00,2.8482,2.8492,2.8472,2.8472,2.8512,2.8522,2.8512,2.8522,11
2026-07-20 08:15:00,2.8462,2.8472,2.8462,2.8472,2.8532,2.8537,2.8532,2.8532,2
2026-07-20 08:16:00,2.8482,2.8487,2.8482,2.8482,2.8542,2.8552,2.8542,2.8542,3
2026-07-20 08:18:00,2.8492,2.8502,2.8492,2.8492,2.8547,2.8562,2.8547,2.8562,4
2026-07-20 08:19:00,2.8497,2.8512,2.8497,2.8512,2.8572,2.8572,2.8537,2.8537,10
2026-07-20 08:20:00,2.8522,2.8522,2.8487,2.8487,2.8542,2.8592,2.8537,2.8572,14
2026-07-20 08:21:00,2.8492,2.8542,2.8487,2.8522,2.8562,2.8562,2.8532,2.8532,14
2026-07-20 08:22:00,2.8512,2.8512,2.8482,2.8482,2.8522,2.8532,2.8517,2.8532,6
2026-07-20 08:23:00,2.8472,2.8482,2.8467,2.8482,2.8527,2.8532,2.8517,2.8517,11
2026-07-20 08:24:00,2.8477,2.8482,2.8467,2.8467,2.8512,2.8522,2.8512,2.8522,7
2026-07-20 08:25:00,2.8462,2.8472,2.8462,2.8472,2.8517,2.8522,2.8517,2.8522,6
2026-07-20 08:26:00,2.8467,2.8472,2.8467,2.8472,2.8517,2.8522,2.8517,2.8522,2
2026-07-20 08:27:00,2.8467,2.8472,2.8467,2.8472,2.8517,2.8522,2.8512,2.8522,2
2026-07-20 08:29:00,2.8467,2.8472,2.8462,2.8472,2.8527,2.8532,2.8522,2.8522,5
2026-07-20 08:30:00,2.8477,2.8482,2.8472,2.8472,2.8512,2.8522,2.8512,2.8522,7
2026-07-20 08:31:00,2.8462,2.8472,2.8462,2.8472,2.8517,2.8517,2.8512,2.8512,3
2026-07-20 08:33:00,2.8467,2.8467,2.8462,2.8462,2.8522,2.8532,2.8522,2.8522,2
2026-07-20 08:36:00,2.8472,2.8482,2.8472,2.8472,2.8532,2.8532,2.8522,2.8532,10
2026-07-20 08:39:00,2.8482,2.8482,2.8472,2.8482,2.8522,2.8522,2.8522,2.8522,3
2026-07-20 08:40:00,2.8472,2.8472,2.8472,2.8472,2.8512,2.8522,2.8492,2.8502,1
2026-07-20 08:41:00,2.8462,2.8472,2.8442,2.8452,2.8497,2.8522,2.8497,2.8512,20
2026-07-20 08:42:00,2.8447,2.8472,2.8447,2.8462,2.8502,2.8502,2.8482,2.8497,8
2026-07-20 08:43:00,2.8452,2.8452,2.8432,2.8447,2.8502,2.8507,2.8502,2.8502,5
2026-07-20 08:44:00,2.8452,2.8457,2.8452,2.8452,2.8507,2.8512,2.8497,2.8497,7
2026-07-20 08:45:00,2.8457,2.8462,2.8447,2.8447,2.8492,2.8492,2.8462,2.8462,8
2026-07-20 08:46:00,2.8442,2.8442,2.8412,2.8412,2.8472,2.8472,2.8462,2.8472,14
2026-07-20 08:47:00,2.8422,2.8422,2.8412,2.8422,2.8477,2.8477,2.8452,2.8452,5
2026-07-20 08:48:00,2.8427,2.8427,2.8402,2.8402,2.8442,2.8462,2.8442,2.8442,10
2026-07-20 08:50:00,2.8392,2.8412,2.8392,2.8392,2.8432,2.8452,2.8432,2.8442,26
2026-07-20 08:51:00,2.8382,2.8402,2.8382,2.8392,2.8452,2.8452,2.8442,2.8452,16
2026-07-20 08:53:00,2.8402,2.8402,2.8392,2.8402,2.8442,2.8462,2.8442,2.8447,3
2026-07-20 08:54:00,2.8392,2.8412,2.8392,2.8397,2.8442,2.8442,2.8422,2.8422,8
2026-07-20 08:55:00,2.8392,2.8392,2.8372,2.8372,2.8412,2.8442,2.8412,2.8412,17
2026-07-20 08:58:00,2.8362,2.8392,2.8362,2.8362,2.8422,2.8432,2.8422,2.8422,9
2026-07-20 08:59:00,2.8372,2.8382,2.8372,2.8372,2.8432,2.8432,2.8412,2.8422,3
2026-07-20 09:00:00,2.8382,2.8382,2.8362,2.8372,2.8442,2.8442,2.8412,2.8422,10
2026-07-20 09:02:00,2.8392,2.8392,2.8362,2.8372,2.8427,2.8427,2.8422,2.8422,12
2026-07-20 09:03:00,2.8377,2.8377,2.8372,2.8372,2.8432,2.8432,2.8422,2.8422,4
2026-07-20 09:04:00,2.8382,2.8382,2.8372,2.8372,2.8432,2.8432,2.8422,2.8422,14
2026-07-20 09:05:00,2.8382,2.8382,2.8372,2.8372,2.8432,2.8472,2.8432,2.8462,2
2026-07-20 09:06:00,2.8382,2.8422,2.8382,2.8412,2.8467,2.8482,2.8462,2.8472,13
2026-07-20 09:07:00,2.8417,2.8432,2.8412,2.8422,2.8482,2.8482,2.8472,2.8472,12
2026-07-20 09:08:00,2.8432,2.8432,2.8422,2.8422,2.8482,2.8482,2.8472,2.8472,4
2026-07-20 09:09:00,2.8432,2.8432,2.8422,2.8422,2.8462,2.8472,2.8462,2.8467,3
2026-07-20 09:10:00,2.8412,2.8422,2.8412,2.8417,2.8472,2.8477,2.8452,2.8462,3
2026-07-20 09:11:00,2.8422,2.8427,2.8402,2.8412,2.8457,2.8462,2.8457,2.8462,15
2026-07-20 09:12:00,2.8407,2.8412,2.8407,2.8412,2.8472,2.8472,2.8462,2.8462,2
2026-07-20 09:13:00,2.8422,2.8422,2.8412,2.8412,2.8467,2.8472,2.8462,2.8472,2
2026-07-20 09:14:00,2.8417,2.8422,2.8412,2.8422,2.8467,2.8472,2.8442,2.8452,3
2026-07-20 09:15:00,2.8417,2.8422,2.8392,2.8402,2.8462,2.8462,2.8452,2.8452,11
2026-07-20 09:16:00,2.8412,2.8412,2.8402,2.8402,2.8442,2.8442,2.8442,2.8442,2
2026-07-20 09:17:00,2.8392,2.8392,2.8392,2.8392,2.8432,2.8432,2.8432,2.8432,1
2026-07-20 09:18:00,2.8382,2.8382,2.8382,2.8382,2.8442,2.8452,2.8442,2.8447,1
2026-07-20 09:19:00,2.8392,2.8402,2.8392,2.8397,2.8442,2.8442,2.8442,2.8442,6
2026-07-20 09:20:00,2.8392,2.8392,2.8392,2.8392,2.8447,2.8457,2.8442,2.8442,1
2026-07-20 09:21:00,2.8397,2.8407,2.8392,2.8392,2.8432,2.8442,2.8402,2.8412,5
2026-07-20 09:22:00,2.8382,2.8392,2.8352,2.8362,2.8422,2.8427,2.8412,2.8422,24
2026-07-20 09:23:00,2.8372,2.8377,2.8362,2.8372,2.8412,2.8422,2.8412,2.8412,11
2026-07-20 09:24:00,2.8362,2.8372,2.8362,2.8362,2.8417,2.8422,2.8412,2.8412,8
2026-07-20 09:25:00,2.8367,2.8372,2.8362,2.8362,2.8407,2.8412,2.8392,2.8412,8
2026-07-20 09:26:00,2.8357,2.8362,2.8342,2.8362,2.8422,2.8422,2.8402,2.8422,15
2026-07-20 09:27:00,2.8372,2.8372,2.8352,2.8372,2.8412,2.8422,2.8412,2.8412,9
2026-07-20 09:28:00,2.8362,2.8372,2.8362,2.8362,2.8407,2.8432,2.8402,2.8422,3
2026-07-20 09:29:00,2.8357,2.8382,2.8352,2.8372,2.8417,2.8427,2.8402,2.8402,29
2026-07-20 09:30:00,2.8367,2.8377,2.8352,2.8352,2.8392,2.8397,2.8372,2.8382,24
2026-07-20 09:31:00,2.8342,2.8347,2.8322,2.8332,2.8372,2.8402,2.8362,2.8402,18
2026-07-20 09:32:00,2.8322,2.8352,2.8312,2.8352,2.8392,2.8402,2.8382,2.8402,11
2026-07-20 09:33:00,2.8342,2.8352,2.8332,2.8352,2.8392,2.8402,2.8382,2.8382,10
2026-07-20 09:35:00,2.8342,2.8352,2.8332,2.8332,2.8372,2.8382,2.8372,2.8382,7
2026-07-20 09:36:00,2.8322,2.8332,2.8322,2.8332,2.8377,2.8382,2.8362,2.8372,9
2026-07-20 09:37:00,2.8327,2.8332,2.8312,2.8322,2.8362,2.8372,2.8352,2.8362,7
2026-07-20 09:38:00,2.8312,2.8322,2.8302,2.8312,2.8352,2.8362,2.8332,2.8342,15
2026-07-20 09:39:00,2.8302,2.8312,2.8282,2.8292,2.8332,2.8332,2.8312,2.8332,6
2026-07-20 09:40:00,2.8282,2.8282,2.8262,2.8282,2.8342,2.8362,2.8342,2.8362,11
2026-07-20 09:41:00,2.8292,2.8312,2.8292,2.8312,2.8352,2.8372,2.8352,2.8362,5
2026-07-20 09:42:00,2.8302,2.8322,2.8302,2.8312,2.8372,2.8382,2.8362,2.8372,18
2026-07-20 09:43:00,2.8322,2.8332,2.8312,2.8322,2.8362,2.8372,2.8362,2.8362,19
2026-07-20 09:44:00,2.8312,2.8322,2.8312,2.8312,2.8352,2.8352,2.8352,2.8352,8
2026-07-20 09:45:00,2.8302,2.8302,2.8302,2.8302,2.8342,2.8352,2.8322,2.8332,1
2026-07-20 09:46:00,2.8292,2.8302,2.8272,2.8282,2.8342,2.8387,2.8342,2.8382,12
2026-07-20 09:47:00,2.8292,2.8337,2.8292,2.8332,2.8392,2.8392,2.8372,2.8372,14
2026-07-20 09:48:00,2.8342,2.8342,2.8322,2.8322,2.8362,2.8372,2.8362,2.8362,10
2026-07-20 09:49:00,2.8312,2.8322,2.8312,2.8312,2.8352,2.8372,2.8352,2.8367,3
2026-07-20 09:50:00,2.8302,2.8322,2.8302,2.8317,2.8362,2.8362,2.8342,2.8342,11
2026-07-20 09:51:00,2.8312,2.8312,2.8292,2.8292,2.8332,2.8332,2.8332,2.8332,6
2026-07-20 09:52:00,2.8282,2.8282,2.8282,2.8282,2.8322,2.8322,2.8302,2.8322,1
2026-07-20 09:53:00,2.8272,2.8272,2.8252,2.8272,2.8317,2.8322,2.8302,2.8312,7
2026-07-20 09:54:00,2.8267,2.8272,2.8252,2.8262,2.8322,2.8322,2.8282,2.8302,5
2026-07-20 09:55:00,2.8272,2.8272,2.8232,2.8252,2.8292,2.8297,2.8272,2.8282,16
2026-07-20 09:56:00,2.8242,2.8247,2.8222,2.8232,2.8277,2.8282,2.8277,2.8282,11
2026-07-20 09:57:00,2.8227,2.8232,2.8227,2.8232,2.8272,2.8282,2.8267,2.8272,2
2026-07-20 09:58:00,2.8222,2.8232,2.8217,2.8222,2.8282,2.8282,2.8272,2.8272,10
2026-07-20 09:59:00,2.8232,2.8232,2.8222,2.8222,2.8262,2.8272,2.8232,2.8232,6
2026-07-20 10:00:00,2.8212,2.8222,2.8182,2.8182,2.8227,2.8232,2.8212,2.8232,11
2026-07-20 10:01:00,2.8177,2.8182,2.8162,2.8182,2.8227,2.8252,2.8227,2.8252,11
2026-07-20 10:02:00,2.8177,2.8202,2.8177,2.8202,2.8242,2.8252,2.8242,2.8252,10
2026-07-20 10:03:00,2.8192,2.8202,2.8192,2.8202,2.8242,2.8252,2.8232,2.8237,11
2026-07-20 10:04:00,2.8192,2.8202,2.8182,2.8187,2.8242,2.8242,2.8232,2.8232,20
2026-07-20 10:05:00,2.8192,2.8192,2.8182,2.8182,2.8222,2.8232,2.8222,2.8232,2
2026-07-20 10:06:00,2.8172,2.8182,2.8172,2.8182,2.8222,2.8232,2.8202,2.8212,5
2026-07-20 10:07:00,2.8172,2.8182,2.8152,2.8162,2.8222,2.8222,2.8212,2.8212,10
2026-07-20 10:08:00,2.8172,2.8172,2.8162,2.8162,2.8202,2.8202,2.8192,2.8202,11
2026-07-20 10:10:00,2.8152,2.8152,2.8142,2.8152,2.8192,2.8212,2.8192,2.8202,7
2026-07-20 10:11:00,2.8142,2.8162,2.8142,2.8152,2.8192,2.8192,2.8112,2.8122,13
2026-07-20 10:12:00,2.8142,2.8142,2.8062,2.8072,2.8132,2.8142,2.8132,2.8142,24
2026-07-20 10:13:00,2.8082,2.8092,2.8082,2.8092,2.8137,2.8162,2.8132,2.8157,16
2026-07-20 10:14:00,2.8087,2.8112,2.8082,2.8107,2.8152,2.8162,2.8142,2.8157,16
2026-07-20 10:15:00,2.8102,2.8112,2.8092,2.8107,2.8152,2.8152,2.8112,2.8132,14
2026-07-20 10:16:00,2.8102,2.8102,2.8062,2.8082,2.8127,2.8152,2.8122,2.8142,30
2026-07-20 10:17:00,2.8077,2.8102,2.8072,2.8092,2.8152,2.8162,2.8152,2.8162,17
2026-07-20 10:18:00,2.8102,2.8112,2.8102,2.8112,2.8157,2.8157,2.8142,2.8142,9
2026-07-20 10:19:00,2.8107,2.8107,2.8092,2.8092,2.8132,2.8202,2.8132,2.8192,11
2026-07-20 10:20:00,2.8082,2.8152,2.8082,2.8142,2.8182,2.8192,2.8172,2.8172,14
2026-07-20 10:21:00,2.8132,2.8142,2.8122,2.8122,2.8177,2.8212,2.8172,2.8202,4
2026-07-20 10:22:00,2.8127,2.8162,2.8122,2.8152,2.8197,2.8232,2.8197,2.8222,15
2026-07-20 10:23:00,2.8147,2.8182,2.8147,2.8172,2.8212,2.8212,2.8202,2.8212,16
2026-07-20 10:24:00,2.8162,2.8162,2.8152,2.8162,2.8217,2.8227,2.8212,2.8222,3
2026-07-20 10:25:00,2.8167,2.8177,2.8162,2.8172,2.8212,2.8212,2.8202,2.8202,7
2026-07-20 10:26:00,2.8162,2.8162,2.8152,2.8152,2.8212,2.8222,2.8207,2.8212,5
2026-07-20 10:27:00,2.8162,2.8172,2.8157,2.8162,2.8202,2.8202,2.8172,2.8172,6
2026-07-20 10:28:00,2.8152,2.8152,2.8122,2.8122,2.8177,2.8182,2.8177,2.8182,9
2026-07-20 10:29:00,2.8127,2.8132,2.8127,2.8132,2.8192,2.8212,2.8182,2.8202,2
2026-07-20 10:30:00,2.8142,2.8162,2.8132,2.8152,2.8212,2.8212,2.8187,2.8192,21
2026-07-20 10:31:00,2.8162,2.8162,2.8137,2.8142,2.8202,2.8202,2.8192,2.8202,5
2026-07-20 10:32:00,2.8152,2.8152,2.8142,2.8152,2.8192,2.8192,2.8162,2.8162,16
2026-07-20 10:34:00,2.8142,2.8142,2.8112,2.8112,2.8172,2.8172,2.8162,2.8172,12
2026-07-20 10:35:00,2.8122,2.8122,2.8112,2.8122,2.8182,2.8182,2.8182,2.8182,12
2026-07-20 10:36:00,2.8132,2.8132,2.8132,2.8132,2.8192,2.8202,2.8192,2.8202,1
2026-07-20 10:37:00,2.8142,2.8152,2.8142,2.8152,2.8207,2.8212,2.8202,2.8212,2
2026-07-20 10:38:00,2.8157,2.8162,2.8152,2.8162,2.8222,2.8222,2.8212,2.8212,9
2026-07-20 10:39:00,2.8172,2.8172,2.8162,2.8162,2.8222,2.8222,2.8222,2.8222,2
2026-07-20 10:40:00,2.8172,2.8172,2.8172,2.8172,2.8212,2.8212,2.8202,2.8212,1
2026-07-20 10:41:00,2.8162,2.8162,2.8152,2.8162,2.8207,2.8212,2.8202,2.8207,13
2026-07-20 10:42:00,2.8157,2.8162,2.8152,2.8157,2.8212,2.8217,2.8212,2.8212,4
2026-07-20 10:43:00,2.8162,2.8167,2.8162,2.8162,2.8202,2.8212,2.8202,2.8212,3
2026-07-20 10:45:00,2.8152,2.8162,2.8152,2.8162,2.8202,2.8212,2.8202,2.8212,3
2026-07-20 10:46:00,2.8152,2.8162,2.8152,2.8162,2.8222,2.8222,2.8212,2.8212,2
2026-07-20 10:47:00,2.8172,2.8172,2.8162,2.8162,2.8207,2.8222,2.8207,2.8222,2
2026-07-20 10:48:00,2.8157,2.8172,2.8157,2.8172,2.8212,2.8212,2.8192,2.8202,12
2026-07-20 10:49:00,2.8162,2.8162,2.8142,2.8152,2.8212,2.8217,2.8202,2.8217,7
2026-07-20 10:50:00,2.8162,2.8167,2.8152,2.8167,2.8222,2.8222,2.8202,2.8212,13
2026-07-20 10:51:00,2.8172,2.8172,2.8152,2.8162,2.8222,2.8222,2.8202,2.8212,5
2026-07-20 10:53:00,2.8172,2.8172,2.8152,2.8162,2.8202,2.8222,2.8202,2.8207,8
2026-07-20 10:54:00,2.8152,2.8172,2.8152,2.8157,2.8202,2.8202,2.8192,2.8192,8
2026-07-20 10:55:00,2.8152,2.8152,2.8142,2.8142,2.8202,2.8222,2.8202,2.8212,2
2026-07-20 10:56:00,2.8152,2.8172,2.8152,2.8162,2.8222,2.8222,2.8217,2.8217,4
2026-07-20 10:57:00,2.8172,2.8172,2.8167,2.8167,2.8212,2.8212,2.8212,2.8212,4
2026-07-20 10:58:00,2.8162,2.8162,2.8162,2.8162,2.8217,2.8222,2.8212,2.8222,1
2026-07-20 11:00:00,2.8167,2.8172,2.8162,2.8172,2.8212,2.8212,2.8182,2.8202,3
2026-07-20 11:01:00,2.8162,2.8162,2.8132,2.8152,2.8192,2.8192,2.8192,2.8192,12
2026-07-20 11:02:00,2.8142,2.8142,2.8142,2.8142,2.8182,2.8192,2.8182,2.8192,1
2026-07-20 11:03:00,2.8132,2.8142,2.8132,2.8142,2.8182,2.8192,2.8182,2.8182,7
2026-07-20 11:04:00,2.8132,2.8142,2.8132,2.8132,2.8172,2.8192,2.8162,2.8182,5
2026-07-20 11:06:00,2.8122,2.8142,2.8112,2.8132,2.8192,2.8192,2.8182,2.8182,17
2026-07-20 11:07:00,2.8142,2.8142,2.8132,2.8132,2.8172,2.8182,2.8172,2.8182,4
2026-07-20 11:08:00,2.8122,2.8132,2.8122,2.8132,2.8172,2.8202,2.8172,2.8202,3
2026-07-20 11:11:00,2.8122,2.8152,2.8122,2.8152,2.8212,2.8212,2.8212,2.8212,6
2026-07-20 11:12:00,2.8162,2.8162,2.8162,2.8162,2.8202,2.8202,2.8192,2.8192,1
2026-07-20 11:13:00,2.8152,2.8152,2.8142,2.8142,2.8202,2.8202,2.8202,2.8202,2
2026-07-20 11:14:00,2.8152,2.8152,2.8152,2.8152,2.8192,2.8202,2.8192,2.8202,1
2026-07-20 11:15:00,2.8142,2.8152,2.8142,2.8152,2.8212,2.8212,2.8202,2.8202,4
2026-07-20 11:16:00,2.8162,2.8162,2.8152,2.8152,2.8212,2.8222,2.8202,2.8202,2
2026-07-20 11:17:00,2.8162,2.8172,2.8152,2.8152,2.8192,2.8202,2.8182,2.8202,7
2026-07-20 11:18:00,2.8142,2.8152,2.8132,2.8152,2.8212,2.8222,2.8212,2.8212,5
2026-07-20 11:22:00,2.8162,2.8172,2.8162,2.8162,2.8222,2.8222,2.8217,2.8222,5
2026-07-20 11:23:00,2.8172,2.8172,2.8167,2.8172,2.8212,2.8232,2.8202,2.8222,5
2026-07-20 11:24:00,2.8162,2.8182,2.8152,2.8172,2.8232,2.8232,2.8222,2.8222,11
2026-07-20 11:27:00,2.8182,2.8182,2.8172,2.8172,2.8212,2.8212,2.8202,2.8212,2
2026-07-20 11:29:00,2.8162,2.8162,2.8152,2.8162,2.8207,2.8212,2.8207,2.8212,4
2026-07-20 11:31:00,2.8157,2.8162,2.8157,2.8162,2.8222,2.8222,2.8202,2.8202,2
2026-07-20 11:32:00,2.8172,2.8172,2.8152,2.8152,2.8212,2.8212,2.8202,2.8202,3
2026-07-20 11:33:00,2.8162,2.8162,2.8152,2.8152,2.8212,2.8212,2.8202,2.8202,2
2026-07-20 11:35:00,2.8162,2.8162,2.8152,2.8152,2.8192,2.8192,2.8162,2.8162,2
2026-07-20 11:36:00,2.8142,2.8142,2.8112,2.8112,2.8172,2.8172,2.8162,2.8162,16
2026-07-20 11:37:00,2.8122,2.8122,2.8112,2.8112,2.8172,2.8172,2.8162,2.8172,4
2026-07-20 11:38:00,2.8122,2.8122,2.8112,2.8122,2.8162,2.8162,2.8152,2.8152,8
2026-07-20 11:39:00,2.8112,2.8112,2.8102,2.8102,2.8157,2.8162,2.8152,2.8152,4
2026-07-20 11:40:00,2.8107,2.8112,2.8102,2.8102,2.8147,2.8152,2.8142,2.8147,4
2026-07-20 11:41:00,2.8097,2.8102,2.8092,2.8097,2.8142,2.8152,2.8122,2.8127,8
2026-07-20 11:42:00,2.8092,2.8102,2.8072,2.8077,2.8122,2.8132,2.8122,2.8132,8
2026-07-20 11:43:00,2.8072,2.8082,2.8072,2.8082,2.8122,2.8142,2.8122,2.8127,2
2026-07-20 11:44:00,2.8072,2.8092,2.8072,2.8077,2.8122,2.8132,2.8122,2.8132,10
2026-07-20 11:45:00,2.8072,2.8082,2.8072,2.8082,2.8142,2.8172,2.8142,2.8172,8
2026-07-20 11:46:00,2.8092,2.8122,2.8092,2.8122,2.8167,2.8172,2.8162,2.8172,13
2026-07-20 11:47:00,2.8117,2.8122,2.8112,2.8122,2.8182,2.8192,2.8182,2.8187,11
2026-07-20 11:48:00,2.8132,2.8142,2.8132,2.8137,2.8182,2.8192,2.8182,2.8182,7
2026-07-20 11:49:00,2.8132,2.8142,2.8132,2.8132,2.8192,2.8192,2.8182,2.8192,3
2026-07-20 11:50:00,2.8142,2.8142,2.8132,2.8142,2.8197,2.8202,2.8182,2.8192,11
2026-07-20 11:51:00,2.8147,2.8152,2.8132,2.8142,2.8202,2.8222,2.8202,2.8222,9
2026-07-20 11:52:00,2.8152,2.8172,2.8152,2.8172,2.8212,2.8222,2.8202,2.8212,21
2026-07-20 11:53:00,2.8162,2.8172,2.8152,2.8162,2.8222,2.8222,2.8207,2.8212,20
2026-07-20 11:54:00,2.8172,2.8172,2.8157,2.8162,2.8222,2.8222,2.8202,2.8217,8
2026-07-20 11:55:00,2.8172,2.8172,2.8152,2.8167,2.8222,2.8242,2.8222,2.8222,10
2026-07-20 11:56:00,2.8172,2.8192,2.8172,2.8172,2.8227,2.8242,2.8212,2.8222,31
2026-07-20 11:57:00,2.8177,2.8192,2.8162,2.8172,2.8227,2.8227,2.8212,2.8222,23
2026-07-20 11:58:00,2.8177,2.8177,2.8162,2.8172,2.8217,2.8222,2.8217,2.8222,4
2026-07-20 11:59:00,2.8167,2.8172,2.8167,2.8172,2.8232,2.8232,2.8212,2.8222,6
2026-07-20 12:00:00,2.8182,2.8182,2.8162,2.8172,2.8227,2.8227,2.8222,2.8222,28
2026-07-20 12:01:00,2.8177,2.8177,2.8172,2.8172,2.8212,2.8222,2.8212,2.8222,2
2026-07-20 12:02:00,2.8162,2.8172,2.8162,2.8172,2.8227,2.8232,2.8222,2.8222,2
2026-07-20 12:03:00,2.8177,2.8182,2.8172,2.8172,2.8212,2.8222,2.8212,2.8222,14
2026-07-20 12:04:00,2.8162,2.8172,2.8162,2.8172,2.8232,2.8232,2.8222,2.8222,2
2026-07-20 12:06:00,2.8182,2.8182,2.8172,2.8172,2.8232,2.8242,2.8222,2.8222,4
2026-07-20 12:07:00,2.8182,2.8192,2.8172,2.8172,2.8212,2.8252,2.8212,2.8247,13
2026-07-20 12:08:00,2.8162,2.8202,2.8162,2.8197,2.8252,2.8252,2.8232,2.8252,13
2026-07-20 12:09:00,2.8202,2.8202,2.8182,2.8202,2.8242,2.8252,2.8222,2.8222,9
2026-07-20 12:10:00,2.8192,2.8202,2.8172,2.8172,2.8212,2.8242,2.8212,2.8212,10
2026-07-20 12:11:00,2.8162,2.8192,2.8162,2.8162,2.8222,2.8232,2.8222,2.8222,13
2026-07-20 12:12:00,2.8172,2.8182,2.8172,2.8172,2.8232,2.8262,2.8222,2.8252,3
2026-07-20 12:14:00,2.8182,2.8212,2.8172,2.8202,2.8262,2.8302,2.8262,2.8282,10
2026-07-20 12:15:00,2.8212,2.8252,2.8212,2.8232,2.8292,2.8292,2.8272,2.8282,10
2026-07-20 12:16:00,2.8242,2.8242,2.8222,2.8232,2.8292,2.8292,2.8282,2.8292,10
2026-07-20 12:17:00,2.8242,2.8242,2.8232,2.8242,2.8282,2.8282,2.8272,2.8282,6
2026-07-20 12:18:00,2.8232,2.8232,2.8222,2.8232,2.8272,2.8272,2.8272,2.8272,3
2026-07-20 12:19:00,2.8222,2.8222,2.8222,2.8222,2.8262,2.8262,2.8237,2.8242,1
2026-07-20 12:20:00,2.8212,2.8212,2.8187,2.8192,2.8232,2.8242,2.8232,2.8242,11
2026-07-20 12:21:00,2.8182,2.8192,2.8182,2.8192,2.8237,2.8242,2.8232,2.8242,6
2026-07-20 12:22:00,2.8187,2.8192,2.8182,2.8192,2.8232,2.8232,2.8222,2.8232,4
2026-07-20 12:24:00,2.8182,2.8182,2.8172,2.8182,2.8242,2.8242,2.8232,2.8232,5
2026-07-20 12:25:00,2.8192,2.8192,2.8182,2.8182,2.8237,2.8242,2.8237,2.8242,7
2026-07-20 12:26:00,2.8187,2.8192,2.8187,2.8192,2.8232,2.8232,2.8232,2.8232,2
2026-07-20 12:27:00,2.8182,2.8182,2.8182,2.8182,2.8222,2.8222,2.8222,2.8222,1
2026-07-20 12:28:00,2.8172,2.8172,2.8172,2.8172,2.8212,2.8232,2.8212,2.8222,1
2026-07-20 12:29:00,2.8162,2.8182,2.8162,2.8172,2.8212,2.8242,2.8212,2.8242,11
2026-07-20 12:30:00,2.8162,2.8192,2.8162,2.8192,2.8237,2.8242,2.8232,2.8242,4
2026-07-20 12:31:00,2.8187,2.8192,2.8182,2.8192,2.8247,2.8272,2.8247,2.8262,5
2026-07-20 12:32:00,2.8197,2.8222,2.8197,2.8212,2.8272,2.8272,2.8262,2.8262,8
2026-07-20 12:33:00,2.8222,2.8222,2.8212,2.8212,2.8252,2.8262,2.8252,2.8262,5
2026-07-20 12:34:00,2.8202,2.8212,2.8202,2.8212,2.8252,2.8262,2.8232,2.8232,2
2026-07-20 12:35:00,2.8202,2.8212,2.8182,2.8182,2.8222,2.8232,2.8212,2.8222,5
2026-07-20 12:36:00,2.8172,2.8182,2.8162,2.8172,2.8232,2.8232,2.8172,2.8172,7
2026-07-20 12:37:00,2.8182,2.8182,2.8122,2.8122,2.8182,2.8192,2.8172,2.8182,20
2026-07-20 12:38:00,2.8132,2.8142,2.8122,2.8132,2.8192,2.8202,2.8192,2.8192,14
2026-07-20 12:39:00,2.8142,2.8152,2.8142,2.8142,2.8197,2.8202,2.8197,2.8202,5
2026-07-20 12:40:00,2.8147,2.8152,2.8147,2.8152,2.8182,2.8182,2.8157,2.8162,2
2026-07-20 12:44:00,2.8132,2.8132,2.8107,2.8112,2.8172,2.8182,2.8172,2.8172,8
2026-07-20 12:45:00,2.8122,2.8132,2.8122,2.8122,2.8182,2.8182,2.8182,2.8182,6
2026-07-20 12:46:00,2.8132,2.8132,2.8132,2.8132,2.8192,2.8202,2.8192,2.8202,1
2026-07-20 12:47:00,2.8142,2.8152,2.8142,2.8152,2.8212,2.8222,2.8212,2.8212,2
2026-07-20 12:48:00,2.8162,2.8172,2.8162,2.8162,2.8207,2.8212,2.8202,2.8212,3
2026-07-20 12:49:00,2.8157,2.8162,2.8152,2.8162,2.8202,2.8202,2.8192,2.8202,6
2026-07-20 12:50:00,2.8152,2.8152,2.8142,2.8152,2.8212,2.8222,2.8212,2.8212,3
2026-07-20 12:53:00,2.8162,2.8172,2.8162,2.8162,2.8202,2.8202,2.8192,2.8202,3
2026-07-20 12:54:00,2.8152,2.8152,2.8142,2.8152,2.8197,2.8197,2.8192,2.8192,3
2026-07-20 12:55:00,2.8147,2.8147,2.8142,2.8142,2.8177,2.8182,2.8172,2.8172,2
2026-07-20 12:56:00,2.8127,2.8132,2.8122,2.8122,2.8157,2.8172,2.8142,2.8172,8
2026-07-20 12:57:00,2.8107,2.8122,2.8092,2.8122,2.8167,2.8172,2.8152,2.8152,14
2026-07-20 12:58:00,2.8117,2.8122,2.8102,2.8102,2.8162,2.8172,2.8147,2.8152,4
2026-07-20 12:59:00,2.8112,2.8122,2.8097,2.8102,2.8162,2.8172,2.8092,2.8102,14
2026-07-20 13:00:00,2.8112,2.8122,2.8042,2.8052,2.8112,2.8132,2.8112,2.8132,32
2026-07-20 13:01:00,2.8062,2.8082,2.8062,2.8082,2.8142,2.8152,2.8122,2.8152,24
2026-07-20 13:02:00,2.8092,2.8102,2.8072,2.8102,2.8142,2.8152,2.8132,2.8152,6
2026-07-20 13:03:00,2.8092,2.8102,2.8082,2.8102,2.8142,2.8152,2.8142,2.8142,12
2026-07-20 13:04:00,2.8092,2.8102,2.8092,2.8092,2.8132,2.8202,2.8132,2.8182,6
2026-07-20 13:05:00,2.8082,2.8152,2.8082,2.8132,2.8192,2.8192,2.8162,2.8162,12
2026-07-20 13:06:00,2.8142,2.8142,2.8112,2.8112,2.8167,2.8202,2.8167,2.8182,6
2026-07-20 13:07:00,2.8117,2.8152,2.8117,2.8132,2.8192,2.8192,2.8182,2.8192,16
2026-07-20 13:08:00,2.8142,2.8142,2.8132,2.8142,2.8182,2.8182,2.8162,2.8162,8
2026-07-20 13:12:00,2.8132,2.8132,2.8112,2.8112,2.8152,2.8162,2.8132,2.8142,10
2026-07-20 13:13:00,2.8102,2.8112,2.8082,2.8092,2.8132,2.8152,2.8132,2.8142,8
2026-07-20 13:14:00,2.8082,2.8102,2.8082,2.8092,2.8152,2.8152,2.8112,2.8112,6
2026-07-20 13:15:00,2.8102,2.8102,2.8062,2.8062,2.8102,2.8122,2.8102,2.8112,15
2026-07-20 13:16:00,2.8052,2.8072,2.8052,2.8062,2.8117,2.8122,2.8112,2.8112,6
2026-07-20 13:17:00,2.8067,2.8072,2.8062,2.8062,2.8117,2.8117,2.8102,2.8102,4
2026-07-20 13:18:00,2.8067,2.8067,2.8052,2.8052,2.8112,2.8182,2.8112,2.8177,3
2026-07-20 13:19:00,2.8062,2.8132,2.8062,2.8127,2.8182,2.8222,2.8182,2.8202,28
2026-07-20 13:20:00,2.8132,2.8172,2.8132,2.8152,2.8207,2.8222,2.8192,2.8202,6
2026-07-20 13:21:00,2.8157,2.8172,2.8142,2.8152,2.8207,2.8212,2.8202,2.8202,6
2026-07-20 13:22:00,2.8157,2.8162,2.8152,2.8152,2.8212,2.8212,2.8202,2.8212,3
2026-07-20 13:23:00,2.8162,2.8162,2.8152,2.8162,2.8217,2.8232,2.8212,2.8222,7
2026-07-20 13:24:00,2.8167,2.8182,2.8162,2.8172,2.8232,2.8232,2.8202,2.8202,12
2026-07-20 13:25:00,2.8182,2.8182,2.8152,2.8152,2.8212,2.8232,2.8202,2.8232,12
2026-07-20 13:26:00,2.8162,2.8182,2.8152,2.8182,2.8242,2.8242,2.8232,2.8232,5
2026-07-20 13:27:00,2.8192,2.8192,2.8182,2.8182,2.8227,2.8262,2.8227,2.8252,8
2026-07-20 13:28:00,2.8177,2.8212,2.8177,2.8202,2.8257,2.8262,2.8252,2.8257,15
2026-07-20 13:29:00,2.8207,2.8212,2.8202,2.8207,2.8252,2.8252,2.8072,2.8142,9
2026-07-20 13:30:00,2.8202,2.8202,2.8022,2.8092,2.8152,2.8152,2.8122,2.8122,112
2026-07-20 13:31:00,2.8102,2.8102,2.8072,2.8072,2.8132,2.8132,2.8052,2.8097,65
2026-07-20 13:32:00,2.8082,2.8082,2.8002,2.8047,2.8082,2.8162,2.8052,2.8142,68
2026-07-20 13:33:00,2.8032,2.8112,2.8002,2.8092,2.8132,2.8152,2.8132,2.8132,44
2026-07-20 13:34:00,2.8082,2.8102,2.8082,2.8082,2.8142,2.8152,2.8092,2.8112,26
2026-07-20 13:35:00,2.8092,2.8102,2.8042,2.8062,2.8102,2.8172,2.8082,2.8152,54
2026-07-20 13:36:00,2.8052,2.8122,2.8032,2.8102,2.8157,2.8162,2.8102,2.8112,45
2026-07-20 13:37:00,2.8107,2.8112,2.8052,2.8062,2.8102,2.8117,2.8022,2.8042,34
2026-07-20 13:38:00,2.8052,2.8067,2.7972,2.7992,2.8052,2.8052,2.8042,2.8052,60
2026-07-20 13:39:00,2.8002,2.8002,2.7992,2.8002,2.8047,2.8122,2.8047,2.8112,19
2026-07-20 13:40:00,2.7997,2.8072,2.7997,2.8062,2.8117,2.8122,2.8112,2.8122,36
2026-07-20 13:41:00,2.8067,2.8072,2.8062,2.8072,2.8112,2.8142,2.8112,2.8122,22
2026-07-20 13:42:00,2.8062,2.8092,2.8062,2.8072,2.8112,2.8122,2.8102,2.8122,28
2026-07-20 13:43:00,2.8062,2.8072,2.8052,2.8072,2.8112,2.8152,2.8107,2.8152,25
2026-07-20 13:44:00,2.8062,2.8102,2.8057,2.8102,2.8142,2.8212,2.8142,2.8212,12
2026-07-20 13:45:00,2.8092,2.8162,2.8092,2.8162,2.8202,2.8212,2.8182,2.8192,39
2026-07-20 13:46:00,2.8152,2.8162,2.8132,2.8142,2.8197,2.8197,2.8182,2.8197,24
2026-07-20 13:47:00,2.8147,2.8147,2.8132,2.8147,2.8207,2.8222,2.8202,2.8212,26
2026-07-20 13:48:00,2.8157,2.8172,2.8152,2.8162,2.8222,2.8232,2.8182,2.8232,13
2026-07-20 13:49:00,2.8172,2.8182,2.8132,2.8182,2.8222,2.8322,2.8202,2.8322,19
2026-07-20 13:50:00,2.8172,2.8272,2.8152,2.8272,2.8312,2.8322,2.8262,2.8262,99
2026-07-20 13:51:00,2.8262,2.8272,2.8212,2.8212,2.8272,2.8302,2.8272,2.8277,52
2026-07-20 13:52:00,2.8222,2.8252,2.8222,2.8227,2.8282,2.8302,2.8272,2.8292,35
2026-07-20 13:53:00,2.8232,2.8252,2.8222,2.8242,2.8282,2.8332,2.8272,2.8312,46
2026-07-20 13:54:00,2.8232,2.8282,2.8222,2.8262,2.8302,2.8322,2.8302,2.8302,27
2026-07-20 13:55:00,2.8252,2.8272,2.8252,2.8252,2.8312,2.8322,2.8302,2.8322,17
2026-07-20 13:56:00,2.8262,2.8272,2.8252,2.8272,2.8312,2.8332,2.8312,2.8322,15
2026-07-20 13:57:00,2.8262,2.8282,2.8262,2.8272,2.8332,2.8332,2.8282,2.8312,22
2026-07-20 13:58:00,2.8282,2.8282,2.8232,2.8262,2.8317,2.8332,2.8312,2.8317,30
2026-07-20 13:59:00,2.8267,2.8282,2.8262,2.8267,2.8312,2.8382,2.8312,2.8342,22
2026-07-20 14:00:00,2.8262,2.8332,2.8262,2.8292,2.8332,2.8392,2.8332,2.8372,63
2026-07-20 14:01:00,2.8282,2.8342,2.8282,2.8322,2.8362,2.8462,2.8362,2.8422,37
2026-07-20 14:02:00,2.8312,2.8412,2.8312,2.8372,2.8412,2.8522,2.8412,2.8477,93
2026-07-20 14:03:00,2.8362,2.8472,2.8362,2.8427,2.8472,2.8482,2.8422,2.8422,103
2026-07-20 14:04:00,2.8422,2.8432,2.8372,2.8372,2.8432,2.8472,2.8427,2.8447,76
2026-07-20 14:05:00,2.8382,2.8422,2.8377,2.8397,2.8442,2.8472,2.8412,2.8472,38
2026-07-20 14:06:00,2.8392,2.8422,2.8362,2.8422,2.8467,2.8492,2.8462,2.8472,50
2026-07-20 14:07:00,2.8417,2.8442,2.8412,2.8422,2.8477,2.8542,2.8472,2.8532,30
2026-07-20 14:08:00,2.8427,2.8492,2.8422,2.8482,2.8537,2.8572,2.8532,2.8562,55
2026-07-20 14:09:00,2.8487,2.8522,2.8482,2.8512,2.8572,2.8582,2.8542,2.8542,25
2026-07-20 14:10:00,2.8522,2.8532,2.8492,2.8492,2.8537,2.8572,2.8532,2.8552,42
2026-07-20 14:11:00,2.8487,2.8522,2.8482,2.8502,2.8562,2.8592,2.8552,2.8567,26
2026-07-20 14:12:00,2.8512,2.8542,2.8502,2.8517,2.8562,2.8582,2.8532,2.8532,26
2026-07-20 14:13:00,2.8512,2.8532,2.8482,2.8482,2.8522,2.8532,2.8462,2.8462,24
2026-07-20 14:14:00,2.8472,2.8482,2.8412,2.8412,2.8472,2.8482,2.8462,2.8482,21
2026-07-20 14:15:00,2.8422,2.8432,2.8412,2.8432,2.8472,2.8482,2.8472,2.8482,12
2026-07-20 14:16:00,2.8422,2.8432,2.8422,2.8432,2.8492,2.8492,2.8462,2.8472,11
2026-07-20 14:17:00,2.8442,2.8442,2.8412,2.8422,2.8482,2.8517,2.8472,2.8482,12
2026-07-20 14:18:00,2.8432,2.8467,2.8422,2.8432,2.8492,2.8532,2.8472,2.8482,23
2026-07-20 14:19:00,2.8442,2.8482,2.8422,2.8432,2.8492,2.8512,2.8492,2.8507,22
2026-07-20 14:20:00,2.8442,2.8462,2.8442,2.8457,2.8512,2.8512,2.8472,2.8492,22
2026-07-20 14:21:00,2.8462,2.8462,2.8422,2.8442,2.8487,2.8492,2.8472,2.8482,19
2026-07-20 14:22:00,2.8437,2.8442,2.8422,2.8432,2.8492,2.8502,2.8472,2.8472,6
2026-07-20 14:23:00,2.8442,2.8452,2.8422,2.8422,2.8467,2.8472,2.8412,2.8462,5
2026-07-20 14:24:00,2.8417,2.8422,2.8362,2.8412,2.8472,2.8482,2.8452,2.8452,24
2026-07-20 14:25:00,2.8422,2.8432,2.8402,2.8402,2.8462,2.8462,2.8412,2.8412,50
2026-07-20 14:26:00,2.8412,2.8412,2.8362,2.8362,2.8422,2.8452,2.8412,2.8442,19
2026-07-20 14:27:00,2.8372,2.8402,2.8362,2.8392,2.8447,2.8452,2.8422,2.8452,13
2026-07-20 14:28:00,2.8397,2.8402,2.8372,2.8402,2.8462,2.8462,2.8452,2.8452,29
2026-07-20 14:29:00,2.8412,2.8412,2.8402,2.8402,2.8442,2.8462,2.8392,2.8412,2
2026-07-20 14:30:00,2.8392,2.8412,2.8342,2.8362,2.8422,2.8432,2.8402,2.8417,30
2026-07-20 14:31:00,2.8372,2.8382,2.8352,2.8367,2.8412,2.8452,2.8402,2.8422,12
2026-07-20 14:32:00,2.8362,2.8402,2.8352,2.8372,2.8412,2.8452,2.8412,2.8442,15
2026-07-20 14:33:00,2.8362,2.8402,2.8362,2.8392,2.8452,2.8462,2.8432,2.8437,12
2026-07-20 14:34:00,2.8402,2.8412,2.8382,2.8387,2.8432,2.8442,2.8412,2.8432,12
2026-07-20 14:35:00,2.8382,2.8392,2.8362,2.8382,2.8427,2.8522,2.8422,2.8522,25
2026-07-20 14:36:00,2.8377,2.8472,2.8372,2.8472,2.8512,2.8582,2.8512,2.8547,39
2026-07-20 14:37:00,2.8462,2.8532,2.8462,2.8497,2.8542,2.8557,2.8542,2.8542,53
2026-07-20 14:38:00,2.8492,2.8507,2.8492,2.8492,2.8547,2.8582,2.8542,2.8582,9
2026-07-20 14:39:00,2.8497,2.8532,2.8492,2.8532,2.8587,2.8632,2.8582,2.8602,20
2026-07-20 14:40:00,2.8537,2.8582,2.8532,2.8552,2.8592,2.8602,2.8572,2.8592,35
2026-07-20 14:41:00,2.8542,2.8552,2.8522,2.8542,2.8587,2.8622,2.8587,2.8622,39
2026-07-20 14:42:00,2.8537,2.8572,2.8537,2.8572,2.8617,2.8632,2.8602,2.8612,36
2026-07-20 14:43:00,2.8567,2.8582,2.8552,2.8562,2.8622,2.8642,2.8622,2.8642,17
2026-07-20 14:44:00,2.8572,2.8592,2.8572,2.8592,2.8632,2.8637,2.8602,2.8612,26
2026-07-20 14:45:00,2.8582,2.8587,2.8552,2.8562,2.8622,2.8622,2.8587,2.8612,20
2026-07-20 14:46:00,2.8572,2.8572,2.8537,2.8562,2.8622,2.8622,2.8602,2.8602,21
2026-07-20 14:47:00,2.8572,2.8572,2.8552,2.8552,2.8587,2.8587,2.8552,2.8562,9
2026-07-20 14:48:00,2.8537,2.8537,2.8502,2.8512,2.8552,2.8562,2.8552,2.8552,36
2026-07-20 14:49:00,2.8502,2.8512,2.8502,2.8502,2.8562,2.8602,2.8552,2.8602,8
2026-07-20 14:50:00,2.8512,2.8552,2.8502,2.8552,2.8607,2.8612,2.8592,2.8602,29
2026-07-20 14:51:00,2.8557,2.8562,2.8542,2.8552,2.8607,2.8612,2.8562,2.8592,11
2026-07-20 14:52:00,2.8557,2.8562,2.8512,2.8542,2.8597,2.8597,2.8582,2.8592,18
2026-07-20 14:53:00,2.8547,2.8547,2.8532,2.8542,2.8602,2.8622,2.8582,2.8622,7
2026-07-20 14:54:00,2.8552,2.8572,2.8532,2.8572,2.8632,2.8652,2.8612,2.8627,46
2026-07-20 14:55:00,2.8582,2.8602,2.8562,2.8577,2.8632,2.8642,2.8562,2.8592,23
2026-07-20 14:56:00,2.8582,2.8592,2.8512,2.8542,2.8597,2.8632,2.8582,2.8622,55
2026-07-20 14:57:00,2.8547,2.8582,2.8532,2.8572,2.8612,2.8642,2.8602,2.8612,51
2026-07-20 14:58:00,2.8562,2.8592,2.8552,2.8562,2.8622,2.8622,2.8522,2.8552,37
2026-07-20 14:59:00,2.8572,2.8572,2.8472,2.8502,2.8562,2.8622,2.8512,2.8562,38
2026-07-20 15:00:00,2.8512,2.8572,2.8462,2.8512,2.8572,2.8682,2.8572,2.8602,158
2026-07-20 15:01:00,2.8522,2.8632,2.8522,2.8552,2.8597,2.8622,2.8547,2.8572,84
2026-07-20 15:02:00,2.8547,2.8572,2.8497,2.8522,2.8562,2.8562,2.8532,2.8557,83
2026-07-20 15:03:00,2.8512,2.8512,2.8482,2.8507,2.8552,2.8592,2.8552,2.8582,17
2026-07-20 15:04:00,2.8502,2.8542,2.8502,2.8532,2.8592,2.8602,2.8552,2.8577,31
2026-07-20 15:05:00,2.8542,2.8552,2.8502,2.8527,2.8572,2.8577,2.8552,2.8562,51
2026-07-20 15:06:00,2.8522,2.8527,2.8502,2.8512,2.8512,2.8532,2.8452,2.8522,11
2026-07-20 15:07:00,2.8462,2.8482,2.8402,2.8472,2.8517,2.8562,2.8492,2.8522,60
2026-07-20 15:08:00,2.8467,2.8512,2.8442,2.8472,2.8512,2.8522,2.8502,2.8512,46
2026-07-20 15:09:00,2.8462,2.8472,2.8452,2.8462,2.8522,2.8542,2.8512,2.8512,33
2026-07-20 15:10:00,2.8472,2.8492,2.8462,2.8462,2.8517,2.8532,2.8472,2.8482,33
2026-07-20 15:11:00,2.8467,2.8482,2.8422,2.8432,2.8492,2.8532,2.8492,2.8527,45
2026-07-20 15:12:00,2.8442,2.8482,2.8442,2.8477,2.8532,2.8542,2.8502,2.8502,33
2026-07-20 15:13:00,2.8482,2.8492,2.8452,2.8452,2.8507,2.8522,2.8502,2.8522,25
2026-07-20 15:14:00,2.8457,2.8472,2.8452,2.8472,2.8532,2.8542,2.8467,2.8502,20
2026-07-20 15:15:00,2.8482,2.8492,2.8417,2.8452,2.8507,2.8512,2.8492,2.8512,33
2026-07-20 15:16:00,2.8457,2.8462,2.8442,2.8462,2.8522,2.8522,2.8512,2.8522,18
2026-07-20 15:17:00,2.8472,2.8472,2.8462,2.8472,2.8532,2.8582,2.8532,2.8532,11
2026-07-20 15:18:00,2.8482,2.8532,2.8482,2.8482,2.8542,2.8642,2.8542,2.8632,20
2026-07-20 15:19:00,2.8492,2.8592,2.8492,2.8582,2.8622,2.8642,2.8622,2.8642,43
2026-07-20 15:20:00,2.8572,2.8592,2.8572,2.8592,2.8652,2.8712,2.8582,2.8597,39
2026-07-20 15:21:00,2.8602,2.8662,2.8532,2.8547,2.8602,2.8602,2.8552,2.8562,89
2026-07-20 15:22:00,2.8552,2.8552,2.8502,2.8512,2.8567,2.8602,2.8562,2.8592,34
2026-07-20 15:23:00,2.8517,2.8552,2.8512,2.8542,2.8582,2.8592,2.8532,2.8552,30
2026-07-20 15:24:00,2.8532,2.8542,2.8482,2.8502,2.8562,2.8562,2.8552,2.8562,35
2026-07-20 15:25:00,2.8512,2.8512,2.8502,2.8512,2.8552,2.8552,2.8467,2.8487,13
2026-07-20 15:26:00,2.8502,2.8502,2.8417,2.8437,2.8492,2.8492,2.8412,2.8472,40
2026-07-20 15:27:00,2.8442,2.8442,2.8362,2.8422,2.8462,2.8492,2.8422,2.8442,49
2026-07-20 15:28:00,2.8412,2.8442,2.8372,2.8392,2.8452,2.8472,2.8452,2.8462,24
2026-07-20 15:29:00,2.8402,2.8422,2.8402,2.8412,2.8452,2.8462,2.8382,2.8387,12
2026-07-20 15:30:00,2.8402,2.8412,2.8332,2.8337,2.8382,2.8402,2.8327,2.8352,82
2026-07-20 15:31:00,2.8332,2.8352,2.8277,2.8302,2.8362,2.8382,2.8342,2.8372,72
2026-07-20 15:32:00,2.8312,2.8332,2.8292,2.8322,2.8382,2.8422,2.8382,2.8422,34
2026-07-20 15:33:00,2.8332,2.8372,2.8332,2.8372,2.8412,2.8422,2.8402,2.8422,18
2026-07-20 15:34:00,2.8362,2.8372,2.8352,2.8372,2.8432,2.8432,2.8372,2.8392,27
2026-07-20 15:35:00,2.8382,2.8382,2.8322,2.8342,2.8402,2.8422,2.8392,2.8402,34
2026-07-20 15:36:00,2.8352,2.8372,2.8342,2.8352,2.8397,2.8402,2.8352,2.8352,37
2026-07-20 15:37:00,2.8347,2.8352,2.8312,2.8312,2.8362,2.8362,2.8342,2.8352,32
2026-07-20 15:38:00,2.8312,2.8312,2.8292,2.8302,2.8362,2.8362,2.8352,2.8352,18
2026-07-20 15:39:00,2.8312,2.8312,2.8302,2.8302,2.8342,2.8342,2.8312,2.8332,25
2026-07-20 15:40:00,2.8292,2.8292,2.8262,2.8282,2.8332,2.8342,2.8272,2.8282,24
2026-07-20 15:41:00,2.8282,2.8292,2.8222,2.8232,2.8287,2.8322,2.8272,2.8322,58
2026-07-20 15:42:00,2.8237,2.8272,2.8222,2.8272,2.8342,2.8352,2.8322,2.8342,33
2026-07-20 15:43:00,2.8292,2.8302,2.8272,2.8282,2.8337,2.8337,2.8322,2.8322,18
2026-07-20 15:44:00,2.8287,2.8287,2.8272,2.8272,2.8332,2.8342,2.8312,2.8322,10
2026-07-20 15:45:00,2.8282,2.8292,2.8262,2.8282,2.8322,2.8342,2.8312,2.8322,10
2026-07-20 15:46:00,2.8272,2.8292,2.8262,2.8272,2.8312,2.8322,2.8272,2.8292,39
2026-07-20 15:47:00,2.8272,2.8272,2.8222,2.8242,2.8282,2.8332,2.8282,2.8317,26
2026-07-20 15:48:00,2.8232,2.8282,2.8232,2.8267,2.8322,2.8322,2.8322,2.8322,20
2026-07-20 15:49:00,2.8272,2.8282,2.8272,2.8282,2.8317,2.8332,2.8307,2.8312,5
2026-07-20 15:50:00,2.8272,2.8282,2.8262,2.8262,2.8302,2.8302,2.8242,2.8262,17
2026-07-20 15:51:00,2.8252,2.8252,2.8192,2.8212,2.8272,2.8302,2.8242,2.8292,22
2026-07-20 15:52:00,2.8222,2.8242,2.8222,2.8237,2.8282,2.8302,2.8272,2.8292,16
2026-07-20 15:53:00,2.8232,2.8252,2.8222,2.8242,2.8302,2.8322,2.8282,2.8312,34
2026-07-20 15:54:00,2.8247,2.8272,2.8242,2.8262,2.8327,2.8327,2.8302,2.8322,30
2026-07-20 15:55:00,2.8277,2.8277,2.8252,2.8272,2.8332,2.8332,2.8322,2.8332,35
2026-07-20 15:56:00,2.8282,2.8282,2.8272,2.8282,2.8322,2.8332,2.8322,2.8332,13
2026-07-20 15:57:00,2.8272,2.8282,2.8272,2.8282,2.8342,2.8362,2.8322,2.8332,23
2026-07-20 15:58:00,2.8292,2.8312,2.8272,2.8282,2.8342,2.8352,2.8322,2.8322,38
2026-07-20 15:59:00,2.8292,2.8302,2.8272,2.8272,2.8312,2.8322,2.8302,2.8312,25
2026-07-20 16:00:00,2.8262,2.8272,2.8252,2.8262,2.8302,2.8322,2.8272,2.8312,10
2026-07-20 16:01:00,2.8222,2.8272,2.8222,2.8262,2.8342,2.8342,2.8322,2.8332,14
2026-07-20 16:03:00,2.8292,2.8292,2.8282,2.8282,2.8337,2.8362,2.8312,2.8352,5
2026-07-20 16:04:00,2.8287,2.8312,2.8262,2.8302,2.8352,2.8392,2.8342,2.8372,12
2026-07-20 16:05:00,2.8302,2.8342,2.8292,2.8322,2.8377,2.8382,2.8362,2.8382,19
2026-07-20 16:06:00,2.8322,2.8332,2.8312,2.8327,2.8387,2.8412,2.8372,2.8412,22
2026-07-20 16:07:00,2.8337,2.8362,2.8322,2.8362,2.8402,2.8412,2.8362,2.8362,15
2026-07-20 16:08:00,2.8352,2.8362,2.8312,2.8312,2.8352,2.8362,2.8322,2.8322,19
2026-07-20 16:09:00,2.8302,2.8312,2.8262,2.8262,2.8302,2.8322,2.8272,2.8322,25
2026-07-20 16:10:00,2.8252,2.8272,2.8242,2.8272,2.8312,2.8322,2.8302,2.8302,20
2026-07-20 16:11:00,2.8262,2.8272,2.8252,2.8252,2.8312,2.8312,2.8292,2.8302,26
2026-07-20 16:12:00,2.8262,2.8262,2.8242,2.8252,2.8312,2.8317,2.8302,2.8302,22
2026-07-20 16:13:00,2.8262,2.8267,2.8252,2.8252,2.8312,2.8322,2.8292,2.8312,34
2026-07-20 16:14:00,2.8242,2.8272,2.8242,2.8262,2.8322,2.8332,2.8322,2.8332,32
2026-07-20 16:15:00,2.8272,2.8282,2.8272,2.8282,2.8322,2.8372,2.8312,2.8367,34
2026-07-20 16:16:00,2.8272,2.8322,2.8262,2.8317,2.8362,2.8372,2.8352,2.8362,50
2026-07-20 16:17:00,2.8312,2.8322,2.8302,2.8312,2.8352,2.8372,2.8342,2.8362,18
2026-07-20 16:18:00,2.8302,2.8322,2.8292,2.8312,2.8367,2.8372,2.8362,2.8362,16
2026-07-20 16:19:00,2.8317,2.8322,2.8312,2.8312,2.8372,2.8377,2.8342,2.8372,7
2026-07-20 16:20:00,2.8322,2.8327,2.8292,2.8322,2.8362,2.8382,2.8362,2.8372,16
2026-07-20 16:21:00,2.8312,2.8332,2.8312,2.8322,2.8362,2.8372,2.8362,2.8372,5
2026-07-20 16:22:00,2.8312,2.8322,2.8312,2.8322,2.8362,2.8362,2.8352,2.8352,13
2026-07-20 16:23:00,2.8312,2.8322,2.8302,2.8312,2.8352,2.8362,2.8342,2.8352,6
2026-07-20 16:24:00,2.8292,2.8312,2.8292,2.8302,2.8362,2.8362,2.8342,2.8342,11
2026-07-20 16:25:00,2.8312,2.8312,2.8292,2.8292,2.8332,2.8342,2.8332,2.8332,3
2026-07-20 16:26:00,2.8282,2.8292,2.8282,2.8282,2.8322,2.8332,2.8292,2.8322,6
2026-07-20 16:27:00,2.8272,2.8282,2.8242,2.8272,2.8312,2.8322,2.8302,2.8312,22
2026-07-20 16:28:00,2.8262,2.8272,2.8252,2.8262,2.8302,2.8302,2.8272,2.8272,9
2026-07-20 16:29:00,2.8252,2.8252,2.8222,2.8222,2.8277,2.8282,2.8252,2.8282,8
2026-07-20 16:30:00,2.8227,2.8232,2.8202,2.8232,2.8272,2.8302,2.8272,2.8292,27
2026-07-20 16:31:00,2.8222,2.8252,2.8222,2.8242,2.8282,2.8322,2.8282,2.8312,8
2026-07-20 16:32:00,2.8232,2.8272,2.8232,2.8262,2.8322,2.8322,2.8267,2.8272,20
2026-07-20 16:33:00,2.8272,2.8272,2.8217,2.8222,2.8282,2.8282,2.8262,2.8262,27
2026-07-20 16:34:00,2.8222,2.8222,2.8212,2.8212,2.8272,2.8282,2.8272,2.8272,7
2026-07-20 16:35:00,2.8222,2.8232,2.8222,2.8222,2.8252,2.8272,2.8242,2.8267,9
2026-07-20 16:36:00,2.8202,2.8222,2.8202,2.8217,2.8262,2.8262,2.8222,2.8242,7
2026-07-20 16:37:00,2.8212,2.8212,2.8172,2.8192,2.8252,2.8252,2.8222,2.8227,26
2026-07-20 16:38:00,2.8202,2.8202,2.8172,2.8177,2.8222,2.8232,2.8212,2.8222,8
2026-07-20 16:39:00,2.8172,2.8182,2.8162,2.8172,2.8217,2.8217,2.8202,2.8212,25
2026-07-20 16:40:00,2.8167,2.8167,2.8152,2.8162,2.8202,2.8222,2.8182,2.8192,12
2026-07-20 16:41:00,2.8172,2.8172,2.8132,2.8142,2.8197,2.8222,2.8192,2.8202,20
2026-07-20 16:42:00,2.8147,2.8172,2.8142,2.8152,2.8192,2.8222,2.8192,2.8222,10
2026-07-20 16:43:00,2.8142,2.8172,2.8142,2.8172,2.8217,2.8232,2.8217,2.8227,6
2026-07-20 16:44:00,2.8167,2.8182,2.8167,2.8177,2.8222,2.8222,2.8202,2.8207,14
2026-07-20 16:45:00,2.8172,2.8172,2.8152,2.8157,2.8212,2.8212,2.8192,2.8192,29
2026-07-20 16:46:00,2.8162,2.8162,2.8142,2.8142,2.8202,2.8202,2.8192,2.8202,8
2026-07-20 16:47:00,2.8152,2.8152,2.8142,2.8142,2.8212,2.8212,2.8192,2.8197,5
2026-07-20 16:48:00,2.8162,2.8172,2.8142,2.8147,2.8192,2.8192,2.8172,2.8172,12
2026-07-20 16:49:00,2.8142,2.8142,2.8122,2.8122,2.8182,2.8192,2.8152,2.8172,3
2026-07-20 16:50:00,2.8132,2.8142,2.8102,2.8122,2.8177,2.8192,2.8172,2.8182,34
2026-07-20 16:51:00,2.8127,2.8142,2.8122,2.8132,2.8192,2.8192,2.8162,2.8172,20
2026-07-20 16:52:00,2.8142,2.8142,2.8112,2.8122,2.8162,2.8182,2.8162,2.8172,13
2026-07-20 16:53:00,2.8112,2.8132,2.8112,2.8122,2.8177,2.8182,2.8152,2.8157,18
2026-07-20 16:54:00,2.8127,2.8132,2.8102,2.8107,2.8152,2.8162,2.8132,2.8142,15
2026-07-20 16:55:00,2.8102,2.8112,2.8082,2.8092,2.8152,2.8152,2.8142,2.8142,21
2026-07-20 16:56:00,2.8102,2.8102,2.8092,2.8092,2.8152,2.8152,2.8112,2.8117,3
2026-07-20 16:57:00,2.8102,2.8102,2.8062,2.8062,2.8112,2.8162,2.8112,2.8132,19
2026-07-20 16:58:00,2.8062,2.8102,2.8062,2.8082,2.8122,2.8132,2.8122,2.8122,36
2026-07-20 16:59:00,2.8072,2.8082,2.8072,2.8072,2.8127,2.8132,2.8112,2.8117,7
2026-07-20 17:00:00,2.8077,2.8077,2.8062,2.8067,2.8112,2.8142,2.8112,2.8142,27
2026-07-20 17:01:00,2.8062,2.8092,2.8062,2.8082,2.8142,2.8152,2.8142,2.8142,22
2026-07-20 17:02:00,2.8092,2.8102,2.8092,2.8092,2.8132,2.8172,2.8132,2.8172,3
2026-07-20 17:03:00,2.8082,2.8122,2.8082,2.8122,2.8167,2.8182,2.8152,2.8152,25
2026-07-20 17:04:00,2.8117,2.8132,2.8102,2.8102,2.8162,2.8172,2.8152,2.8152,11
2026-07-20 17:05:00,2.8112,2.8122,2.8102,2.8102,2.8142,2.8142,2.8092,2.8092,8
2026-07-20 17:06:00,2.8092,2.8092,2.8042,2.8042,2.8102,2.8102,2.8062,2.8072,33
2026-07-20 17:07:00,2.8052,2.8052,2.8012,2.8022,2.8067,2.8082,2.8032,2.8042,48
2026-07-20 17:08:00,2.8017,2.8032,2.7982,2.7992,2.8052,2.8092,2.8022,2.8082,31
2026-07-20 17:09:00,2.8002,2.8042,2.7972,2.8032,2.8092,2.8192,2.8092,2.8177,57
2026-07-20 17:10:00,2.8042,2.8142,2.8042,2.8127,2.8172,2.8192,2.8152,2.8157,43
2026-07-20 17:11:00,2.8122,2.8142,2.8102,2.8107,2.8152,2.8152,2.8142,2.8142,48
2026-07-20 17:12:00,2.8102,2.8102,2.8092,2.8092,2.8152,2.8152,2.8092,2.8122,8
2026-07-20 17:13:00,2.8102,2.8102,2.8042,2.8072,2.8112,2.8142,2.8112,2.8142,32
2026-07-20 17:14:00,2.8062,2.8092,2.8062,2.8092,2.8137,2.8162,2.8132,2.8162,30
2026-07-20 17:15:00,2.8087,2.8112,2.8082,2.8112,2.8152,2.8172,2.8132,2.8142,11
2026-07-20 17:16:00,2.8102,2.8122,2.8082,2.8092,2.8152,2.8162,2.8152,2.8162,22
2026-07-20 17:17:00,2.8102,2.8112,2.8102,2.8112,2.8167,2.8172,2.8152,2.8157,13
2026-07-20 17:18:00,2.8117,2.8122,2.8102,2.8107,2.8162,2.8162,2.8132,2.8132,10
2026-07-20 17:19:00,2.8112,2.8112,2.8082,2.8082,2.8122,2.8132,2.8102,2.8122,14
2026-07-20 17:20:00,2.8072,2.8082,2.8052,2.8072,2.8127,2.8152,2.8112,2.8147,22
2026-07-20 17:21:00,2.8077,2.8102,2.8062,2.8097,2.8142,2.8162,2.8142,2.8162,19
2026-07-20 17:22:00,2.8092,2.8112,2.8092,2.8112,2.8152,2.8172,2.8152,2.8172,3
2026-07-20 17:23:00,2.8102,2.8122,2.8102,2.8122,2.8162,2.8172,2.8162,2.8172,12
2026-07-20 17:24:00,2.8112,2.8122,2.8112,2.8122,2.8162,2.8202,2.8152,2.8192,4
2026-07-20 17:25:00,2.8112,2.8152,2.8102,2.8142,2.8182,2.8182,2.8152,2.8167,27
2026-07-20 17:26:00,2.8132,2.8132,2.8102,2.8117,2.8162,2.8182,2.8162,2.8182,25
2026-07-20 17:27:00,2.8112,2.8132,2.8112,2.8132,2.8177,2.8182,2.8172,2.8182,11
2026-07-20 17:28:00,2.8127,2.8132,2.8122,2.8132,2.8177,2.8182,2.8147,2.8152,8
2026-07-20 17:29:00,2.8127,2.8132,2.8097,2.8102,2.8162,2.8162,2.8152,2.8162,32
2026-07-20 17:30:00,2.8112,2.8112,2.8102,2.8112,2.8172,2.8192,2.8162,2.8187,12
2026-07-20 17:31:00,2.8122,2.8142,2.8112,2.8137,2.8192,2.8192,2.8152,2.8162,20
2026-07-20 17:32:00,2.8142,2.8142,2.8102,2.8112,2.8152,2.8172,2.8152,2.8167,28
2026-07-20 17:33:00,2.8102,2.8122,2.8102,2.8117,2.8172,2.8182,2.8172,2.8182,18
2026-07-20 17:34:00,2.8122,2.8132,2.8122,2.8132,2.8177,2.8182,2.8162,2.8162,20
2026-07-20 17:35:00,2.8127,2.8132,2.8112,2.8112,2.8172,2.8222,2.8162,2.8222,12
2026-07-20 17:36:00,2.8122,2.8172,2.8112,2.8172,2.8212,2.8232,2.8207,2.8207,33
2026-07-20 17:37:00,2.8162,2.8182,2.8157,2.8157,2.8202,2.8222,2.8192,2.8192,19
2026-07-20 17:38:00,2.8152,2.8172,2.8142,2.8142,2.8182,2.8182,2.8152,2.8162,19
2026-07-20 17:39:00,2.8132,2.8132,2.8102,2.8112,2.8172,2.8172,2.8162,2.8162,18
2026-07-20 17:40:00,2.8122,2.8122,2.8112,2.8112,2.8172,2.8202,2.8162,2.8187,15
2026-07-20 17:41:00,2.8122,2.8152,2.8112,2.8137,2.8192,2.8192,2.8182,2.8182,17
2026-07-20 17:42:00,2.8142,2.8142,2.8132,2.8132,2.8192,2.8192,2.8162,2.8172,7
2026-07-20 17:43:00,2.8142,2.8142,2.8112,2.8122,2.8167,2.8182,2.8162,2.8172,15
2026-07-20 17:44:00,2.8117,2.8132,2.8112,2.8122,2.8162,2.8162,2.8152,2.8162,20
2026-07-20 17:45:00,2.8112,2.8112,2.8102,2.8112,2.8152,2.8167,2.8152,2.8162,5
2026-07-20 17:46:00,2.8102,2.8117,2.8102,2.8112,2.8172,2.8182,2.8142,2.8147,16
2026-07-20 17:47:00,2.8122,2.8132,2.8092,2.8097,2.8142,2.8162,2.8142,2.8162,17
2026-07-20 17:48:00,2.8092,2.8112,2.8092,2.8112,2.8157,2.8162,2.8157,2.8162,6
2026-07-20 17:49:00,2.8107,2.8112,2.8107,2.8112,2.8172,2.8172,2.8152,2.8172,2
2026-07-20 17:50:00,2.8122,2.8122,2.8102,2.8122,2.8167,2.8172,2.8152,2.8157,21
2026-07-20 17:51:00,2.8117,2.8122,2.8102,2.8107,2.8152,2.8162,2.8152,2.8162,15
2026-07-20 17:52:00,2.8102,2.8112,2.8102,2.8112,2.8157,2.8157,2.8152,2.8157,8
2026-07-20 17:53:00,2.8107,2.8107,2.8102,2.8107,2.8152,2.8172,2.8152,2.8167,10
2026-07-20 17:54:00,2.8102,2.8122,2.8102,2.8117,2.8162,2.8172,2.8152,2.8162,28
2026-07-20 17:55:00,2.8112,2.8122,2.8102,2.8112,2.8167,2.8172,2.8152,2.8152,34
2026-07-20 17:56:00,2.8117,2.8122,2.8102,2.8102,2.8162,2.8162,2.8152,2.8162,5
2026-07-20 17:57:00,2.8112,2.8112,2.8102,2.8112,2.8152,2.8162,2.8112,2.8117,4
2026-07-20 17:58:00,2.8102,2.8112,2.8062,2.8067,2.8132,2.8142,2.8112,2.8122,11
2026-07-20 17:59:00,2.8082,2.8092,2.8062,2.8072,2.8117,2.8152,2.8082,2.8142,16
2026-07-20 18:00:00,2.8067,2.8102,2.8032,2.8092,2.8132,2.8137,2.8132,2.8137,37
2026-07-20 18:01:00,2.8082,2.8087,2.8082,2.8087,2.8152,2.8157,2.8152,2.8157,4
2026-07-20 18:04:00,2.8112,2.8112,2.8102,2.8102,2.8162,2.8162,2.8142,2.8147,3
2026-07-20 18:05:00,2.8087,2.8092,2.8087,2.8092,2.8137,2.8142,2.8137,2.8142,2
2026-07-20 18:06:00,2.8102,2.8102,2.8087,2.8102,2.8152,2.8152,2.8137,2.8152,8
2026-07-20 18:07:00,2.8097,2.8102,2.8082,2.8082,2.8147,2.8152,2.8132,2.8132,51
2026-07-20 18:08:00,2.8082,2.8092,2.8082,2.8092,2.8132,2.8142,2.8132,2.8142,10
2026-07-20 18:09:00,2.8097,2.8097,2.8092,2.8097,2.8147,2.8147,2.8147,2.8147,3
2026-07-20 18:10:00,2.8102,2.8102,2.8092,2.8092,2.8152,2.8152,2.8142,2.8142,6
2026-07-20 18:11:00,2.8082,2.8082,2.8082,2.8082,2.8132,2.8132,2.8132,2.8132,1
2026-07-20 18:12:00,2.8092,2.8102,2.8092,2.8102,2.8142,2.8152,2.8142,2.8152,4
2026-07-20 18:13:00,2.8092,2.8132,2.8092,2.8122,2.8142,2.8182,2.8142,2.8172,7
2026-07-20 18:14:00,2.8122,2.8122,2.8112,2.8112,2.8172,2.8172,2.8162,2.8162,11
2026-07-20 18:15:00,2.8102,2.8112,2.8102,2.8107,2.8152,2.8162,2.8152,2.8157,15
2026-07-20 18:16:00,2.8112,2.8122,2.8112,2.8112,2.8162,2.8172,2.8157,2.8167,17
2026-07-20 18:17:00,2.8122,2.8162,2.8117,2.8142,2.8172,2.8192,2.8167,2.8192,12
2026-07-20 18:18:00,2.8152,2.8162,2.8132,2.8162,2.8202,2.8212,2.8182,2.8212,18
2026-07-20 18:19:00,2.8172,2.8172,2.8152,2.8162,2.8222,2.8222,2.8202,2.8212,13
2026-07-20 18:20:00,2.8152,2.8162,2.8112,2.8122,2.8172,2.8172,2.8162,2.8172,13
2026-07-20 18:21:00,2.8132,2.8132,2.8122,2.8122,2.8182,2.8182,2.8172,2.8172,2
2026-07-20 18:22:00,2.8132,2.8132,2.8122,2.8122,2.8182,2.8182,2.8172,2.8172,2
2026-07-20 18:23:00,2.8132,2.8132,2.8112,2.8122,2.8182,2.8182,2.8162,2.8172,11
2026-07-20 18:24:00,2.8117,2.8142,2.8117,2.8142,2.8167,2.8192,2.8167,2.8192,9
2026-07-20 18:25:00,2.8132,2.8142,2.8132,2.8132,2.8182,2.8192,2.8182,2.8182,7
2026-07-20 18:26:00,2.8142,2.8142,2.8132,2.8132,2.8192,2.8192,2.8182,2.8182,8
2026-07-20 18:27:00,2.8127,2.8137,2.8122,2.8132,2.8177,2.8187,2.8172,2.8182,13
2026-07-20 18:28:00,2.8142,2.8142,2.8132,2.8142,2.8192,2.8192,2.8182,2.8192,3
2026-07-20 18:29:00,2.8132,2.8132,2.8112,2.8112,2.8182,2.8182,2.8162,2.8162,10
2026-07-20 18:30:00,2.8102,2.8122,2.8102,2.8122,2.8152,2.8172,2.8152,2.8172,14
2026-07-20 18:31:00,2.8132,2.8132,2.8122,2.8132,2.8182,2.8182,2.8172,2.8182,6
2026-07-20 18:32:00,2.8127,2.8127,2.8122,2.8122,2.8177,2.8177,2.8172,2.8172,2
2026-07-20 18:33:00,2.8132,2.8132,2.8112,2.8112,2.8182,2.8182,2.8162,2.8162,11
2026-07-20 18:34:00,2.8122,2.8142,2.8122,2.8142,2.8172,2.8192,2.8172,2.8192,8
2026-07-20 18:35:00,2.8152,2.8152,2.8122,2.8132,2.8202,2.8202,2.8172,2.8182,7
2026-07-20 18:36:00,2.8122,2.8132,2.8112,2.8122,2.8172,2.8182,2.8162,2.8172,8
2026-07-20 18:37:00,2.8112,2.8132,2.8112,2.8122,2.8162,2.8182,2.8162,2.8172,8
2026-07-20 18:38:00,2.8132,2.8137,2.8122,2.8122,2.8182,2.8187,2.8172,2.8172,10
2026-07-20 18:39:00,2.8112,2.8132,2.8112,2.8122,2.8162,2.8182,2.8162,2.8172,15
2026-07-20 18:40:00,2.8132,2.8132,2.8102,2.8112,2.8182,2.8182,2.8152,2.8162,17
2026-07-20 18:41:00,2.8117,2.8172,2.8112,2.8132,2.8167,2.8222,2.8162,2.8182,51
2026-07-20 18:42:00,2.8122,2.8132,2.8112,2.8112,2.8172,2.8182,2.8162,2.8162,15
2026-07-20 18:43:00,2.8117,2.8122,2.8072,2.8072,2.8167,2.8172,2.8122,2.8122,12
2026-07-20 18:44:00,2.8082,2.8082,2.8072,2.8082,2.8132,2.8132,2.8122,2.8132,5
2026-07-20 18:45:00,2.8072,2.8082,2.8072,2.8082,2.8122,2.8132,2.8122,2.8132,8
2026-07-20 18:46:00,2.8092,2.8092,2.8042,2.8052,2.8142,2.8142,2.8092,2.8102,13
2026-07-20 18:47:00,2.8047,2.8052,2.8022,2.8022,2.8097,2.8102,2.8072,2.8072,20
2026-07-20 18:48:00,2.8032,2.8032,2.8017,2.8022,2.8082,2.8082,2.8067,2.8072,4
2026-07-20 18:49:00,2.8012,2.8022,2.8012,2.8012,2.8062,2.8072,2.8062,2.8062,8
2026-07-20 18:50:00,2.8002,2.8062,2.8002,2.8037,2.8052,2.8112,2.8052,2.8087,25
2026-07-20 18:51:00,2.8032,2.8042,2.8032,2.8042,2.8082,2.8092,2.8082,2.8092,9
2026-07-20 18:52:00,2.8052,2.8052,2.8032,2.8042,2.8102,2.8102,2.8082,2.8092,18
2026-07-20 18:53:00,2.8037,2.8082,2.8032,2.8072,2.8087,2.8132,2.8082,2.8122,19
2026-07-20 18:54:00,2.8077,2.8122,2.8077,2.8122,2.8127,2.8172,2.8127,2.8172,14
2026-07-20 18:55:00,2.8132,2.8142,2.8122,2.8132,2.8182,2.8192,2.8172,2.8182,12
2026-07-20 18:56:00,2.8137,2.8142,2.8132,2.8132,2.8187,2.8192,2.8182,2.8182,4
2026-07-20 18:57:00,2.8122,2.8132,2.8122,2.8122,2.8172,2.8182,2.8172,2.8172,6
2026-07-20 18:58:00,2.8132,2.8152,2.8112,2.8152,2.8182,2.8202,2.8162,2.8202,12
2026-07-20 18:59:00,2.8142,2.8162,2.8142,2.8152,2.8192,2.8212,2.8192,2.8202,4
2026-07-20 19:00:00,2.8162,2.8162,2.8122,2.8142,2.8212,2.8212,2.8172,2.8192,16
2026-07-20 19:01:00,2.8132,2.8162,2.8132,2.8162,2.8182,2.8212,2.8182,2.8212,21
2026-07-20 19:02:00,2.8167,2.8182,2.8142,2.8162,2.8217,2.8232,2.8192,2.8212,12
2026-07-20 19:03:00,2.8172,2.8172,2.8142,2.8162,2.8222,2.8222,2.8192,2.8212,13
2026-07-20 19:04:00,2.8152,2.8152,2.8112,2.8112,2.8202,2.8202,2.8162,2.8162,10
2026-07-20 19:05:00,2.8122,2.8152,2.8122,2.8142,2.8172,2.8202,2.8172,2.8192,8
2026-07-20 19:06:00,2.8132,2.8142,2.8132,2.8142,2.8182,2.8192,2.8182,2.8192,2
2026-07-20 19:08:00,2.8132,2.8132,2.8122,2.8127,2.8182,2.8182,2.8172,2.8177,10
2026-07-20 19:09:00,2.8122,2.8122,2.8112,2.8117,2.8172,2.8172,2.8162,2.8167,6
2026-07-20 19:10:00,2.8122,2.8132,2.8102,2.8122,2.8172,2.8182,2.8152,2.8172,9
2026-07-20 19:11:00,2.8127,2.8132,2.8112,2.8112,2.8177,2.8182,2.8162,2.8162,9
2026-07-20 19:13:00,2.8102,2.8112,2.8097,2.8102,2.8152,2.8162,2.8147,2.8152,5
2026-07-20 19:14:00,2.8092,2.8112,2.8092,2.8112,2.8142,2.8162,2.8142,2.8162,5
2026-07-20 19:15:00,2.8102,2.8112,2.8102,2.8112,2.8152,2.8162,2.8152,2.8162,2
2026-07-20 19:16:00,2.8122,2.8122,2.8112,2.8112,2.8172,2.8172,2.8162,2.8162,6
2026-07-20 19:17:00,2.8122,2.8122,2.8102,2.8102,2.8172,2.8172,2.8152,2.8152,3
2026-07-20 19:18:00,2.8112,2.8112,2.8102,2.8102,2.8162,2.8162,2.8152,2.8152,2
2026-07-20 19:19:00,2.8112,2.8112,2.8102,2.8112,2.8162,2.8162,2.8152,2.8162,7
2026-07-20 19:20:00,2.8107,2.8122,2.8092,2.8102,2.8157,2.8172,2.8142,2.8152,26
2026-07-20 19:21:00,2.8092,2.8107,2.8092,2.8102,2.8142,2.8157,2.8142,2.8152,6
2026-07-20 19:22:00,2.8097,2.8097,2.8072,2.8082,2.8147,2.8147,2.8122,2.8132,9
2026-07-20 19:23:00,2.8092,2.8092,2.8072,2.8072,2.8142,2.8142,2.8122,2.8122,11
2026-07-20 19:24:00,2.8077,2.8092,2.8077,2.8082,2.8127,2.8142,2.8127,2.8132,5
2026-07-20 19:25:00,2.8092,2.8092,2.8082,2.8092,2.8142,2.8142,2.8132,2.8142,7
2026-07-20 19:26:00,2.8082,2.8092,2.8082,2.8092,2.8132,2.8142,2.8132,2.8142,6
2026-07-20 19:27:00,2.8087,2.8092,2.8082,2.8082,2.8137,2.8142,2.8132,2.8132,6
2026-07-20 19:28:00,2.8072,2.8092,2.8062,2.8092,2.8122,2.8142,2.8112,2.8142,9
2026-07-20 19:30:00,2.8082,2.8102,2.8082,2.8102,2.8132,2.8152,2.8132,2.8152,8
2026-07-20 19:31:00,2.8097,2.8112,2.8092,2.8102,2.8147,2.8162,2.8142,2.8152,9
2026-07-20 19:32:00,2.8107,2.8122,2.8102,2.8102,2.8157,2.8172,2.8152,2.8152,16
2026-07-20 19:33:00,2.8092,2.8112,2.8092,2.8102,2.8142,2.8162,2.8142,2.8152,6
2026-07-20 19:34:00,2.8107,2.8122,2.8102,2.8112,2.8157,2.8172,2.8152,2.8162,32
2026-07-20 19:35:00,2.8122,2.8132,2.8112,2.8122,2.8172,2.8182,2.8162,2.8172,13
2026-07-20 19:36:00,2.8132,2.8132,2.8122,2.8122,2.8182,2.8182,2.8172,2.8172,10
2026-07-20 19:37:00,2.8132,2.8132,2.8122,2.8122,2.8182,2.8182,2.8172,2.8172,7
2026-07-20 19:38:00,2.8112,2.8112,2.8102,2.8112,2.8162,2.8162,2.8152,2.8162,3
2026-07-20 19:39:00,2.8102,2.8112,2.8102,2.8102,2.8152,2.8162,2.8152,2.8152,3
2026-07-20 19:40:00,2.8112,2.8112,2.8092,2.8092,2.8162,2.8162,2.8142,2.8142,7
2026-07-20 19:41:00,2.8102,2.8102,2.8092,2.8102,2.8152,2.8152,2.8142,2.8152,8
2026-07-20 19:42:00,2.8112,2.8112,2.8102,2.8102,2.8162,2.8162,2.8152,2.8152,8
2026-07-20 19:43:00,2.8097,2.8102,2.8092,2.8092,2.8147,2.8152,2.8142,2.8142,12
2026-07-20 19:44:00,2.8102,2.8112,2.8092,2.8092,2.8152,2.8162,2.8142,2.8142,6
2026-07-20 19:45:00,2.8087,2.8092,2.8082,2.8082,2.8137,2.8142,2.8132,2.8132,4
2026-07-20 19:46:00,2.8072,2.8082,2.8072,2.8082,2.8122,2.8132,2.8122,2.8132,2
2026-07-20 19:47:00,2.8092,2.8092,2.8062,2.8082,2.8142,2.8142,2.8112,2.8132,30
2026-07-20 19:48:00,2.8077,2.8082,2.8062,2.8062,2.8127,2.8132,2.8112,2.8112,27
2026-07-20 19:49:00,2.8067,2.8067,2.8022,2.8032,2.8117,2.8117,2.8072,2.8082,43
2026-07-20 19:50:00,2.8042,2.8042,2.8032,2.8032,2.8092,2.8092,2.8082,2.8082,19
2026-07-20 19:51:00,2.8042,2.8062,2.8042,2.8042,2.8092,2.8112,2.8092,2.8092,10
2026-07-20 19:52:00,2.8032,2.8042,2.8032,2.8032,2.8082,2.8092,2.8082,2.8082,6
2026-07-20 19:53:00,2.8022,2.8022,2.7972,2.7992,2.8072,2.8072,2.8022,2.8042,39
2026-07-20 19:54:00,2.7997,2.8002,2.7982,2.7997,2.8047,2.8052,2.8032,2.8047,28
2026-07-20 19:55:00,2.7992,2.8012,2.7982,2.7992,2.8042,2.8062,2.8032,2.8042,13
2026-07-20 19:56:00,2.7997,2.8012,2.7992,2.8012,2.8047,2.8062,2.8042,2.8062,8
2026-07-20 19:57:00,2.8002,2.8022,2.8002,2.8017,2.8052,2.8072,2.8052,2.8067,17
2026-07-20 19:58:00,2.8012,2.8022,2.8012,2.8012,2.8062,2.8072,2.8062,2.8062,14
2026-07-20 19:59:00,2.8002,2.8012,2.8002,2.8007,2.8052,2.8062,2.8052,2.8057,7
2026-07-20 20:00:00,2.8012,2.8022,2.8012,2.8022,2.8062,2.8072,2.8062,2.8072,4
2026-07-20 20:01:00,2.8032,2.8062,2.8022,2.8052,2.8082,2.8112,2.8072,2.8102,13
2026-07-20 20:02:00,2.8062,2.8062,2.8052,2.8052,2.8112,2.8112,2.8102,2.8102,4
2026-07-20 20:03:00,2.8042,2.8052,2.8042,2.8052,2.8092,2.8102,2.8092,2.8102,2
2026-07-20 20:04:00,2.8042,2.8042,2.8032,2.8032,2.8092,2.8092,2.8082,2.8082,5
2026-07-20 20:05:00,2.8042,2.8062,2.8032,2.8052,2.8092,2.8112,2.8082,2.8102,27
2026-07-20 20:06:00,2.8062,2.8062,2.8057,2.8057,2.8112,2.8112,2.8107,2.8107,2
2026-07-20 20:07:00,2.8062,2.8062,2.8042,2.8052,2.8112,2.8112,2.8092,2.8102,16
2026-07-20 20:08:00,2.8047,2.8092,2.8047,2.8092,2.8097,2.8142,2.8097,2.8142,7
2026-07-20 20:09:00,2.8082,2.8092,2.8082,2.8092,2.8132,2.8142,2.8132,2.8142,10
2026-07-20 20:10:00,2.8087,2.8187,2.8082,2.8172,2.8137,2.8237,2.8132,2.8222,39
2026-07-20 20:11:00,2.8187,2.8242,2.8187,2.8242,2.8237,2.8292,2.8237,2.8292,42
2026-07-20 20:12:00,2.8232,2.8232,2.8202,2.8222,2.8282,2.8282,2.8252,2.8272,14
2026-07-20 20:13:00,2.8212,2.8212,2.8192,2.8202,2.8262,2.8262,2.8242,2.8252,12
2026-07-20 20:14:00,2.8212,2.8212,2.8202,2.8202,2.8262,2.8262,2.8252,2.8252,3
2026-07-20 20:15:00,2.8212,2.8222,2.8202,2.8212,2.8262,2.8272,2.8252,2.8262,21
2026-07-20 20:16:00,2.8207,2.8207,2.8172,2.8197,2.8257,2.8257,2.8222,2.8247,32
2026-07-20 20:17:00,2.8192,2.8202,2.8172,2.8172,2.8242,2.8252,2.8222,2.8222,11
2026-07-20 20:18:00,2.8167,2.8172,2.8162,2.8162,2.8217,2.8222,2.8212,2.8212,8
2026-07-20 20:19:00,2.8152,2.8182,2.8152,2.8182,2.8202,2.8232,2.8202,2.8232,13
2026-07-20 20:20:00,2.8172,2.8212,2.8172,2.8212,2.8222,2.8262,2.8222,2.8262,19
2026-07-20 20:21:00,2.8222,2.8222,2.8202,2.8222,2.8272,2.8272,2.8252,2.8272,37
2026-07-20 20:22:00,2.8212,2.8212,2.8202,2.8212,2.8262,2.8262,2.8252,2.8262,9
2026-07-20 20:23:00,2.8202,2.8212,2.8192,2.8192,2.8252,2.8262,2.8242,2.8242,8
2026-07-20 20:24:00,2.8202,2.8202,2.8172,2.8172,2.8252,2.8252,2.8222,2.8222,9
2026-07-20 20:25:00,2.8182,2.8222,2.8172,2.8202,2.8232,2.8272,2.8222,2.8252,30
2026-07-20 20:26:00,2.8192,2.8217,2.8187,2.8212,2.8242,2.8267,2.8237,2.8262,12
2026-07-20 20:27:00,2.8222,2.8232,2.8202,2.8202,2.8272,2.8282,2.8252,2.8252,20
2026-07-20 20:28:00,2.8212,2.8272,2.8202,2.8257,2.8262,2.8322,2.8252,2.8307,109
2026-07-20 20:29:00,2.8252,2.8282,2.8252,2.8272,2.8302,2.8332,2.8302,2.8322,84
2026-07-20 20:30:00,2.8282,2.8292,2.8272,2.8282,2.8332,2.8342,2.8322,2.8332,36
2026-07-20 20:31:00,2.8287,2.8302,2.8272,2.8292,2.8337,2.8352,2.8322,2.8342,32
2026-07-20 20:32:00,2.8282,2.8292,2.8262,2.8272,2.8332,2.8342,2.8312,2.8322,19
2026-07-20 20:33:00,2.8262,2.8262,2.8252,2.8252,2.8312,2.8312,2.8302,2.8302,2
2026-07-20 20:34:00,2.8242,2.8252,2.8242,2.8242,2.8292,2.8302,2.8292,2.8292,3
2026-07-20 20:35:00,2.8252,2.8272,2.8252,2.8272,2.8302,2.8322,2.8302,2.8322,4
2026-07-20 20:36:00,2.8262,2.8272,2.8242,2.8247,2.8312,2.8322,2.8292,2.8297,9
2026-07-20 20:37:00,2.8252,2.8272,2.8252,2.8252,2.8302,2.8322,2.8302,2.8302,5
2026-07-20 20:38:00,2.8242,2.8252,2.8242,2.8242,2.8292,2.8302,2.8292,2.8292,5
2026-07-20 20:39:00,2.8252,2.8252,2.8212,2.8222,2.8302,2.8302,2.8262,2.8272,19
2026-07-20 20:40:00,2.8232,2.8247,2.8232,2.8242,2.8282,2.8297,2.8282,2.8292,4
2026-07-20 20:41:00,2.8247,2.8252,2.8237,2.8242,2.8297,2.8302,2.8287,2.8292,8
2026-07-20 20:42:00,2.8232,2.8242,2.8232,2.8242,2.8282,2.8292,2.8282,2.8292,2
2026-07-20 20:43:00,2.8232,2.8237,2.8232,2.8232,2.8282,2.8287,2.8282,2.8282,3
2026-07-20 20:44:00,2.8242,2.8272,2.8242,2.8262,2.8292,2.8322,2.8292,2.8312,9
2026-07-20 20:47:00,2.8272,2.8272,2.8262,2.8262,2.8322,2.8322,2.8312,2.8312,4
2026-07-20 20:48:00,2.8272,2.8272,2.8242,2.8247,2.8322,2.8322,2.8292,2.8297,18
2026-07-20 20:49:00,2.8252,2.8252,2.8242,2.8242,2.8302,2.8302,2.8292,2.8292,13
2026-07-20 20:50:00,2.8252,2.8252,2.8242,2.8242,2.8302,2.8302,2.8292,2.8292,5
2026-07-20 20:51:00,2.8237,2.8237,2.8232,2.8232,2.8287,2.8287,2.8282,2.8282,2
2026-07-20 20:54:00,2.8222,2.8232,2.8222,2.8222,2.8272,2.8282,2.8272,2.8272,3
2026-07-20 20:55:00,2.8232,2.8232,2.8222,2.8222,2.8282,2.8282,2.8272,2.8272,2
2026-07-20 20:57:00,2.8227,2.8237,2.8222,2.8222,2.8277,2.8287,2.8272,2.8272,7
2026-07-20 20:58:00,2.8212,2.8222,2.8212,2.8222,2.8262,2.8272,2.8262,2.8272,4
2026-07-20 20:59:00,2.8232,2.8232,2.8212,2.8212,2.8282,2.8282,2.8262,2.8262,9
2026-07-20 21:00:00,2.8207,2.8232,2.8207,2.8232,2.8257,2.8282,2.8257,2.8282,9
2026-07-20 21:01:00,2.8237,2.8242,2.8232,2.8242,2.8287,2.8292,2.8282,2.8292,7
2026-07-20 21:02:00,2.8237,2.8252,2.8237,2.8252,2.8287,2.8302,2.8287,2.8302,5
2026-07-20 21:03:00,2.8262,2.8262,2.8252,2.8257,2.8312,2.8312,2.8302,2.8307,7
2026-07-20 21:04:00,2.8252,2.8262,2.8252,2.8252,2.8302,2.8312,2.8302,2.8302,10
2026-07-20 21:05:00,2.8257,2.8262,2.8257,2.8262,2.8307,2.8312,2.8307,2.8312,2
2026-07-20 21:06:00,2.8272,2.8272,2.8252,2.8262,2.8322,2.8322,2.8302,2.8312,4
2026-07-20 21:07:00,2.8252,2.8262,2.8252,2.8262,2.8302,2.8312,2.8302,2.8312,2
2026-07-20 21:08:00,2.8272,2.8272,2.8262,2.8272,2.8322,2.8322,2.8312,2.8322,4
2026-07-20 21:09:00,2.8267,2.8272,2.8252,2.8262,2.8317,2.8322,2.8302,2.8312,7
2026-07-20 21:10:00,2.8252,2.8262,2.8252,2.8262,2.8302,2.8312,2.8302,2.8312,6
2026-07-20 21:11:00,2.8257,2.8262,2.8257,2.8262,2.8307,2.8312,2.8307,2.8312,2
2026-07-20 21:12:00,2.8252,2.8262,2.8252,2.8262,2.8302,2.8312,2.8302,2.8312,2
2026-07-20 21:13:00,2.8252,2.8262,2.8252,2.8252,2.8302,2.8312,2.8302,2.8302,6
2026-07-20 21:14:00,2.8242,2.8252,2.8242,2.8242,2.8292,2.8302,2.8292,2.8292,8
2026-07-20 21:15:00,2.8232,2.8242,2.8232,2.8242,2.8282,2.8292,2.8282,2.8292,2
2026-07-20 21:16:00,2.8237,2.8237,2.8222,2.8227,2.8287,2.8287,2.8272,2.8277,13
2026-07-20 21:17:00,2.8222,2.8232,2.8222,2.8232,2.8272,2.8282,2.8272,2.8282,6
2026-07-20 21:20:00,2.8242,2.8252,2.8242,2.8242,2.8292,2.8302,2.8292,2.8292,6
2026-07-20 21:21:00,2.8232,2.8242,2.8232,2.8242,2.8282,2.8292,2.8282,2.8292,3
2026-07-20 21:22:00,2.8232,2.8242,2.8232,2.8242,2.8282,2.8292,2.8282,2.8292,5
2026-07-20 21:24:00,2.8232,2.8232,2.8232,2.8232,2.8282,2.8282,2.8282,2.8282,1
2026-07-20 21:25:00,2.8237,2.8252,2.8237,2.8242,2.8287,2.8302,2.8287,2.8292,4
2026-07-20 21:28:00,2.8232,2.8232,2.8222,2.8222,2.8282,2.8282,2.8272,2.8272,2
2026-07-20 21:29:00,2.8212,2.8222,2.8197,2.8202,2.8262,2.8272,2.8247,2.8252,17
2026-07-20 21:30:00,2.8207,2.8222,2.8202,2.8222,2.8257,2.8272,2.8252,2.8272,7
2026-07-20 21:32:00,2.8212,2.8222,2.8212,2.8222,2.8262,2.8272,2.8262,2.8272,3
2026-07-20 21:33:00,2.8212,2.8222,2.8212,2.8222,2.8262,2.8272,2.8262,2.8272,2
2026-07-20 21:35:00,2.8212,2.8212,2.8212,2.8212,2.8262,2.8262,2.8262,2.8262,1
2026-07-20 21:37:00,2.8202,2.8202,2.8202,2.8202,2.8252,2.8252,2.8252,2.8252,1
2026-07-20 21:39:00,2.8212,2.8212,2.8202,2.8202,2.8262,2.8262,2.8252,2.8252,4
2026-07-20 21:40:00,2.8192,2.8202,2.8172,2.8177,2.8242,2.8252,2.8222,2.8227,13
2026-07-20 21:41:00,2.8172,2.8192,2.8172,2.8182,2.8222,2.8242,2.8222,2.8232,4
2026-07-20 21:43:00,2.8172,2.8192,2.8172,2.8182,2.8222,2.8242,2.8222,2.8232,4
2026-07-20 21:44:00,2.8172,2.8172,2.8172,2.8172,2.8222,2.8222,2.8222,2.8222,1
2026-07-20 21:45:00,2.8162,2.8162,2.8152,2.8152,2.8212,2.8212,2.8202,2.8202,4
2026-07-20 21:46:00,2.8162,2.8162,2.8152,2.8152,2.8212,2.8212,2.8202,2.8202,4
2026-07-20 21:47:00,2.8142,2.8142,2.8132,2.8142,2.8192,2.8192,2.8182,2.8192,3
2026-07-20 21:48:00,2.8137,2.8142,2.8112,2.8122,2.8187,2.8192,2.8162,2.8172,10
2026-07-20 21:50:00,2.8132,2.8142,2.8132,2.8132,2.8182,2.8192,2.8182,2.8182,7
2026-07-20 21:51:00,2.8142,2.8142,2.8132,2.8142,2.8192,2.8192,2.8182,2.8192,7
2026-07-20 21:52:00,2.8132,2.8137,2.8132,2.8132,2.8182,2.8187,2.8182,2.8182,7
2026-07-20 21:53:00,2.8122,2.8122,2.8112,2.8117,2.8172,2.8172,2.8162,2.8167,5
2026-07-20 21:54:00,2.8112,2.8122,2.8112,2.8122,2.8162,2.8172,2.8162,2.8172,2
2026-07-20 21:55:00,2.8117,2.8122,2.8092,2.8092,2.8167,2.8172,2.8142,2.8142,12
2026-07-20 21:57:00,2.8102,2.8102,2.8102,2.8102,2.8152,2.8152,2.8152,2.8152,1
2026-07-20 21:58:00,2.8112,2.8112,2.8102,2.8102,2.8162,2.8162,2.8152,2.8152,2
2026-07-20 21:59:00,2.8107,2.8107,2.8082,2.8092,2.8157,2.8157,2.8132,2.8142,7
2026-07-20 22:00:00,2.8102,2.8102,2.8092,2.8102,2.8152,2.8152,2.8142,2.8152,3
2026-07-20 22:01:00,2.8092,2.8092,2.8087,2.8092,2.8142,2.8142,2.8137,2.8142,5
2026-07-20 22:03:00,2.8102,2.8112,2.8092,2.8107,2.8152,2.8162,2.8142,2.8157,13
2026-07-20 22:04:00,2.8102,2.8102,2.8092,2.8092,2.8152,2.8152,2.8142,2.8142,2
2026-07-20 22:05:00,2.8102,2.8102,2.8092,2.8092,2.8152,2.8152,2.8142,2.8142,2
2026-07-20 22:07:00,2.8082,2.8082,2.8082,2.8082,2.8132,2.8132,2.8132,2.8132,1
2026-07-20 22:08:00,2.8087,2.8087,2.8072,2.8072,2.8137,2.8137,2.8122,2.8122,9
2026-07-20 22:09:00,2.8062,2.8062,2.8012,2.8012,2.8112,2.8112,2.8062,2.8062,27
2026-07-20 22:10:00,2.8002,2.8032,2.8002,2.8022,2.8052,2.8082,2.8052,2.8072,18
2026-07-20 22:11:00,2.8032,2.8052,2.8032,2.8052,2.8082,2.8102,2.8082,2.8102,18
2026-07-20 22:12:00,2.8047,2.8072,2.8047,2.8067,2.8097,2.8122,2.8097,2.8117,13
2026-07-20 22:13:00,2.8057,2.8057,2.8052,2.8057,2.8107,2.8107,2.8102,2.8107,5
2026-07-20 22:14:00,2.8062,2.8062,2.8057,2.8062,2.8112,2.8112,2.8107,2.8112,3
2026-07-20 22:15:00,2.8057,2.8057,2.8052,2.8052,2.8107,2.8107,2.8102,2.8102,2
2026-07-20 22:16:00,2.8047,2.8047,2.8042,2.8042,2.8097,2.8097,2.8092,2.8092,2
2026-07-20 22:17:00,2.8052,2.8052,2.8052,2.8052,2.8102,2.8102,2.8102,2.8102,1
2026-07-20 22:18:00,2.8062,2.8062,2.8052,2.8062,2.8112,2.8112,2.8102,2.8112,7
2026-07-20 22:19:00,2.8052,2.8057,2.8047,2.8052,2.8102,2.8107,2.8097,2.8102,5
2026-07-20 22:20:00,2.8047,2.8047,2.8042,2.8042,2.8097,2.8097,2.8092,2.8092,2
2026-07-20 22:22:00,2.8032,2.8042,2.8032,2.8037,2.8082,2.8092,2.8082,2.8087,5
2026-07-20 22:23:00,2.8042,2.8042,2.8037,2.8042,2.8092,2.8092,2.8087,2.8092,3
2026-07-20 22:24:00,2.8037,2.8042,2.8037,2.8042,2.8087,2.8092,2.8087,2.8092,6
2026-07-20 22:25:00,2.8032,2.8032,2.8022,2.8022,2.8082,2.8082,2.8072,2.8072,2
2026-07-20 22:26:00,2.8032,2.8042,2.8032,2.8042,2.8082,2.8092,2.8082,2.8092,5
2026-07-20 22:28:00,2.8052,2.8052,2.8042,2.8052,2.8102,2.8102,2.8092,2.8102,5
2026-07-20 22:29:00,2.8042,2.8042,2.8037,2.8042,2.8092,2.8092,2.8087,2.8092,3
2026-07-20 22:30:00,2.8047,2.8047,2.8032,2.8042,2.8097,2.8097,2.8082,2.8092,5
2026-07-20 22:31:00,2.8037,2.8042,2.8032,2.8032,2.8087,2.8092,2.8082,2.8082,8
2026-07-20 22:32:00,2.8042,2.8042,2.8032,2.8032,2.8092,2.8092,2.8082,2.8082,2
2026-07-20 22:34:00,2.8037,2.8042,2.8032,2.8042,2.8087,2.8092,2.8082,2.8092,4
2026-07-20 22:36:00,2.8047,2.8047,2.8032,2.8032,2.8097,2.8097,2.8082,2.8082,3
2026-07-20 22:37:00,2.8022,2.8022,2.8002,2.8012,2.8072,2.8072,2.8052,2.8062,9
2026-07-20 22:38:00,2.8017,2.8022,2.8012,2.8012,2.8067,2.8072,2.8062,2.8062,7
2026-07-20 22:39:00,2.8017,2.8032,2.8012,2.8022,2.8067,2.8082,2.8062,2.8072,7
2026-07-20 22:40:00,2.8027,2.8027,2.8012,2.8022,2.8077,2.8077,2.8062,2.8072,5
2026-07-20 22:41:00,2.8027,2.8027,2.8022,2.8022,2.8077,2.8077,2.8072,2.8072,2
2026-07-20 22:42:00,2.8027,2.8032,2.8022,2.8022,2.8077,2.8082,2.8072,2.8072,6
2026-07-20 22:43:00,2.8012,2.8032,2.8012,2.8022,2.8062,2.8082,2.8062,2.8072,4
2026-07-20 22:44:00,2.8017,2.8022,2.8017,2.8022,2.8067,2.8072,2.8067,2.8072,2
2026-07-20 22:46:00,2.8017,2.8017,2.8012,2.8012,2.8067,2.8067,2.8062,2.8062,2
2026-07-20 22:47:00,2.8002,2.8002,2.8002,2.8002,2.8052,2.8052,2.8052,2.8052,1
2026-07-20 22:48:00,2.7992,2.7992,2.7982,2.7982,2.8042,2.8042,2.8032,2.8032,6
2026-07-20 22:49:00,2.7972,2.7972,2.7972,2.7972,2.8022,2.8022,2.8022,2.8022,1
2026-07-20 22:50:00,2.7977,2.7992,2.7977,2.7992,2.8027,2.8042,2.8027,2.8042,3
2026-07-20 22:51:00,2.8002,2.8002,2.7992,2.8002,2.8052,2.8052,2.8042,2.8052,4
2026-07-20 22:52:00,2.8007,2.8012,2.8002,2.8012,2.8057,2.8062,2.8052,2.8062,6
2026-07-20 22:53:00,2.8002,2.8012,2.8002,2.8012,2.8052,2.8062,2.8052,2.8062,8
2026-07-20 22:54:00,2.8017,2.8022,2.8012,2.8022,2.8067,2.8072,2.8062,2.8072,11
2026-07-20 22:55:00,2.8017,2.8022,2.8012,2.8022,2.8067,2.8072,2.8062,2.8072,6
2026-07-20 22:56:00,2.8012,2.8017,2.8002,2.8012,2.8062,2.8067,2.8052,2.8062,9
2026-07-20 22:57:00,2.8002,2.8012,2.8002,2.8012,2.8052,2.8062,2.8052,2.8062,10
2026-07-20 22:58:00,2.8002,2.8022,2.8002,2.8012,2.8052,2.8072,2.8052,2.8062,11
2026-07-20 22:59:00,2.8017,2.8144,2.8012,2.8144,2.8067,2.8179,2.8062,2.8164,40
2026-07-21 00:00:00,2.8189,2.8199,2.8164,2.8199,2.8239,2.8249,2.8214,2.8249,23
2026-07-21 00:01:00,2.8194,2.8194,2.8194,2.8194,2.8244,2.8244,2.8244,2.8244,1
2026-07-21 00:02:00,2.8199,2.8234,2.8194,2.8204,2.8249,2.8284,2.8244,2.8254,16
2026-07-21 00:03:00,2.8219,2.8219,2.8214,2.8219,2.8269,2.8269,2.8264,2.8269,3
2026-07-21 00:05:00,2.8224,2.8224,2.8219,2.8224,2.8274,2.8274,2.8269,2.8274,5
2026-07-21 00:06:00,2.8229,2.8229,2.8219,2.8219,2.8279,2.8279,2.8269,2.8269,3
2026-07-21 00:07:00,2.8239,2.8254,2.8224,2.8224,2.8289,2.8304,2.8274,2.8274,13
2026-07-21 00:08:00,2.8214,2.8219,2.8209,2.8209,2.8264,2.8269,2.8259,2.8259,4
2026-07-21 00:09:00,2.8219,2.8219,2.8214,2.8214,2.8269,2.8269,2.8264,2.8264,2
2026-07-21 00:10:00,2.8219,2.8219,2.8219,2.8219,2.8269,2.8269,2.8269,2.8269,1
2026-07-21 00:11:00,2.8209,2.8214,2.8209,2.8209,2.8259,2.8264,2.8259,2.8259,5
2026-07-21 00:12:00,2.8204,2.8204,2.8204,2.8204,2.8254,2.8254,2.8254,2.8254,1
2026-07-21 00:15:00,2.8209,2.8209,2.8209,2.8209,2.8259,2.8259,2.8259,2.8259,1
2026-07-21 00:16:00,2.8204,2.8204,2.8204,2.8204,2.8254,2.8254,2.8254,2.8254,1
2026-07-21 00:17:00,2.8194,2.8199,2.8194,2.8199,2.8244,2.8249,2.8244,2.8249,2
2026-07-21 00:20:00,2.8194,2.8194,2.8194,2.8194,2.8244,2.8244,2.8244,2.8244,1
2026-07-21 00:24:00,2.8199,2.8199,2.8194,2.8194,2.8249,2.8249,2.8244,2.8244,2
2026-07-21 00:27:00,2.8184,2.8184,2.8179,2.8179,2.8234,2.8234,2.8229,2.8229,2
2026-07-21 00:28:00,2.8169,2.8169,2.8164,2.8164,2.8219,2.8219,2.8214,2.8214,2
2026-07-21 00:29:00,2.8159,2.8159,2.8159,2.8159,2.8209,2.8209,2.8209,2.8209,1
2026-07-21 00:30:00,2.8164,2.8169,2.8164,2.8169,2.8214,2.8219,2.8214,2.8219,2
2026-07-21 00:31:00,2.8174,2.8174,2.8174,2.8174,2.8224,2.8224,2.8224,2.8224,1
2026-07-21 00:32:00,2.8164,2.8164,2.8159,2.8159,2.8214,2.8214,2.8209,2.8209,2
2026-07-21 00:34:00,2.8164,2.8169,2.8164,2.8164,2.8214,2.8219,2.8214,2.8214,3
2026-07-21 00:35:00,2.8159,2.8159,2.8154,2.8154,2.8209,2.8209,2.8204,2.8204,2
2026-07-21 00:36:00,2.8164,2.8164,2.8164,2.8164,2.8214,2.8214,2.8214,2.8214,1
2026-07-21 00:37:00,2.8159,2.8159,2.8154,2.8159,2.8209,2.8209,2.8204,2.8209,3
2026-07-21 00:38:00,2.8154,2.8159,2.8154,2.8159,2.8204,2.8209,2.8204,2.8209,2
2026-07-21 00:39:00,2.8169,2.8169,2.8169,2.8169,2.8219,2.8219,2.8219,2.8219,1
2026-07-21 00:41:00,2.8159,2.8159,2.8159,2.8159,2.8209,2.8209,2.8209,2.8209,1
2026-07-21 00:44:00,2.8174,2.8179,2.8174,2.8179,2.8224,2.8229,2.8224,2.8229,2
2026-07-21 00:45:00,2.8169,2.8169,2.8169,2.8169,2.8219,2.8219,2.8219,2.8219,1
2026-07-21 00:46:00,2.8159,2.8174,2.8159,2.8174,2.8209,2.8224,2.8209,2.8224,3
2026-07-21 00:47:00,2.8179,2.8209,2.8174,2.8209,2.8229,2.8259,2.8224,2.8259,7
2026-07-21 00:48:00,2.8204,2.8204,2.8189,2.8204,2.8254,2.8254,2.8239,2.8254,6
2026-07-21 00:49:00,2.8194,2.8204,2.8189,2.8189,2.8244,2.8254,2.8239,2.8239,4
2026-07-21 00:50:00,2.8184,2.8189,2.8184,2.8189,2.8234,2.8239,2.8234,2.8239,2
2026-07-21 00:51:00,2.8184,2.8184,2.8179,2.8179,2.8234,2.8234,2.8229,2.8229,4
2026-07-21 00:54:00,2.8169,2.8169,2.8169,2.8169,2.8219,2.8219,2.8219,2.8219,1
2026-07-21 00:59:00,2.8174,2.8174,2.8169,2.8169,2.8224,2.8224,2.8219,2.8219,2
2026-07-21 01:00:00,2.8174,2.8174,2.8174,2.8174,2.8224,2.8224,2.8224,2.8224,1
2026-07-21 01:01:00,2.8169,2.8169,2.8164,2.8169,2.8219,2.8219,2.8214,2.8219,3
2026-07-21 01:02:00,2.8164,2.8164,2.8154,2.8154,2.8214,2.8214,2.8204,2.8204,3
2026-07-21 01:03:00,2.8164,2.8164,2.8164,2.8164,2.8214,2.8214,2.8214,2.8214,1
2026-07-21 01:04:00,2.8159,2.8164,2.8159,2.8164,2.8209,2.8214,2.8209,2.8214,2
2026-07-21 01:05:00,2.8159,2.8159,2.8159,2.8159,2.8209,2.8209,2.8209,2.8209,1
2026-07-21 01:06:00,2.8154,2.8154,2.8154,2.8154,2.8204,2.8204,2.8204,2.8204,1
2026-07-21 01:16:00,2.8159,2.8159,2.8159,2.8159,2.8209,2.8209,2.8209,2.8209,1
2026-07-21 01:17:00,2.8154,2.8159,2.8154,2.8159,2.8204,2.8209,2.8204,2.8209,2
2026-07-21 01:22:00,2.8154,2.8154,2.8154,2.8154,2.8204,2.8204,2.8204,2.8204,1
2026-07-21 01:23:00,2.8159,2.8169,2.8159,2.8169,2.8209,2.8219,2.8209,2.8219,3
2026-07-21 01:24:00,2.8174,2.8204,2.8174,2.8199,2.8224,2.8254,2.8224,2.8249,8
2026-07-21 01:25:00,2.8204,2.8204,2.8204,2.8204,2.8254,2.8254,2.8254,2.8254,1
2026-07-21 01:26:00,2.8199,2.8199,2.8184,2.8189,2.8249,2.8249,2.8234,2.8239,4
2026-07-21 01:31:00,2.8184,2.8189,2.8184,2.8189,2.8234,2.8239,2.8234,2.8239,2
2026-07-21 01:32:00,2.8184,2.8189,2.8174,2.8179,2.8234,2.8239,2.8224,2.8229,6
2026-07-21 01:38:00,2.8174,2.8174,2.8174,2.8174,2.8224,2.8224,2.8224,2.8224,1
2026-07-21 01:40:00,2.8184,2.8184,2.8179,2.8179,2.8234,2.8234,2.8229,2.8229,2
2026-07-21 01:44:00,2.8184,2.8184,2.8184,2.8184,2.8234,2.8234,2.8234,2.8234,1
2026-07-21 01:45:00,2.8179,2.8199,2.8179,2.8199,2.8229,2.8249,2.8229,2.8249,5
2026-07-21 01:48:00,2.8189,2.8189,2.8189,2.8189,2.8239,2.8239,2.8239,2.8239,1
2026-07-21 01:50:00,2.8194,2.8199,2.8194,2.8199,2.8244,2.8249,2.8244,2.8249,4
2026-07-21 01:51:00,2.8194,2.8204,2.8194,2.8199,2.8244,2.8254,2.8244,2.8249,5
2026-07-21 01:52:00,2.8204,2.8209,2.8199,2.8199,2.8254,2.8259,2.8249,2.8249,5
2026-07-21 01:55:00,2.8209,2.8214,2.8199,2.8209,2.8259,2.8264,2.8249,2.8259,6
2026-07-21 01:56:00,2.8204,2.8204,2.8199,2.8199,2.8254,2.8254,2.8249,2.8249,2
2026-07-21 01:57:00,2.8204,2.8204,2.8199,2.8199,2.8254,2.8254,2.8249,2.8249,2
2026-07-21 01:59:00,2.8209,2.8209,2.8209,2.8209,2.8259,2.8259,2.8259,2.8259,1
2026-07-21 02:00:00,2.8214,2.8229,2.8204,2.8229,2.8264,2.8279,2.8254,2.8279,12
2026-07-21 02:01:00,2.8224,2.8224,2.8214,2.8214,2.8274,2.8274,2.8264,2.8264,5
2026-07-21 02:02:00,2.8219,2.8219,2.8209,2.8209,2.8269,2.8269,2.8259,2.8259,3
2026-07-21 02:03:00,2.8214,2.8219,2.8214,2.8219,2.8264,2.8269,2.8264,2.8269,2
2026-07-21 02:04:00,2.8224,2.8229,2.8194,2.8214,2.8274,2.8279,2.8244,2.8264,10
2026-07-21 02:05:00,2.8224,2.8224,2.8219,2.8224,2.8274,2.8274,2.8269,2.8274,3
2026-07-21 02:06:00,2.8219,2.8219,2.8209,2.8214,2.8269,2.8269,2.8259,2.8264,6
2026-07-21 02:08:00,2.8209,2.8209,2.8199,2.8199,2.8259,2.8259,2.8249,2.8249,3
2026-07-21 02:09:00,2.8204,2.8204,2.8194,2.8194,2.8254,2.8254,2.8244,2.8244,2
2026-07-21 02:14:00,2.8189,2.8199,2.8184,2.8199,2.8239,2.8249,2.8234,2.8249,6
2026-07-21 02:15:00,2.8194,2.8204,2.8194,2.8199,2.8244,2.8254,2.8244,2.8249,4
2026-07-21 02:16:00,2.8194,2.8194,2.8184,2.8184,2.8244,2.8244,2.8234,2.8234,3
2026-07-21 02:18:00,2.8174,2.8194,2.8174,2.8189,2.8224,2.8244,2.8224,2.8239,6
2026-07-21 02:19:00,2.8174,2.8199,2.8174,2.8199,2.8224,2.8249,2.8224,2.8249,5
2026-07-21 02:20:00,2.8194,2.8194,2.8194,2.8194,2.8244,2.8244,2.8244,2.8244,1
2026-07-21 02:23:00,2.8199,2.8199,2.8194,2.8199,2.8249,2.8249,2.8244,2.8249,3
2026-07-21 02:27:00,2.8209,2.8209,2.8204,2.8209,2.8259,2.8259,2.8254,2.8259,3
2026-07-21 02:31:00,2.8214,2.8214,2.8209,2.8209,2.8264,2.8264,2.8259,2.8259,2
2026-07-21 02:34:00,2.8204,2.8209,2.8204,2.8209,2.8254,2.8259,2.8254,2.8259,2
2026-07-21 02:35:00,2.8214,2.8234,2.8214,2.8234,2.8264,2.8284,2.8264,2.8284,4
2026-07-21 02:36:00,2.8239,2.8244,2.8234,2.8239,2.8289,2.8294,2.8284,2.8289,9
2026-07-21 02:37:00,2.8244,2.8254,2.8244,2.8254,2.8294,2.8304,2.8294,2.8304,6
2026-07-21 02:39:00,2.8259,2.8274,2.8259,2.8269,2.8309,2.8324,2.8309,2.8319,11
2026-07-21 02:40:00,2.8264,2.8264,2.8254,2.8254,2.8314,2.8314,2.8304,2.8304,3
2026-07-21 02:42:00,2.8249,2.8249,2.8249,2.8249,2.8299,2.8299,2.8299,2.8299,1
2026-07-21 02:43:00,2.8254,2.8254,2.8254,2.8254,2.8304,2.8304,2.8304,2.8304,1
2026-07-21 02:45:00,2.8249,2.8249,2.8249,2.8249,2.8299,2.8299,2.8299,2.8299,1
2026-07-21 02:46:00,2.8254,2.8254,2.8249,2.8249,2.8304,2.8304,2.8299,2.8299,2
2026-07-21 02:47:00,2.8254,2.8254,2.8249,2.8249,2.8304,2.8304,2.8299,2.8299,2
2026-07-21 02:48:00,2.8244,2.8249,2.8244,2.8249,2.8294,2.8299,2.8294,2.8299,2
2026-07-21 02:50:00,2.8254,2.8254,2.8249,2.8249,2.8304,2.8304,2.8299,2.8299,2
2026-07-21 02:51:00,2.8254,2.8254,2.8254,2.8254,2.8304,2.8304,2.8304,2.8304,1
2026-07-21 02:52:00,2.8259,2.8269,2.8259,2.8264,2.8309,2.8319,2.8309,2.8314,4
2026-07-21 02:53:00,2.8269,2.8274,2.8264,2.8264,2.8319,2.8324,2.8314,2.8314,5
2026-07-21 02:59:00,2.8269,2.8269,2.8269,2.8269,2.8319,2.8319,2.8319,2.8319,1
2026-07-21 03:00:00,2.8264,2.8304,2.8234,2.8304,2.8314,2.8354,2.8284,2.8354,28
2026-07-21 03:01:00,2.8294,2.8304,2.8294,2.8299,2.8344,2.8354,2.8344,2.8349,9
2026-07-21 03:02:00,2.8294,2.8299,2.8294,2.8299,2.8344,2.8349,2.8344,2.8349,2
2026-07-21 03:03:00,2.8294,2.8299,2.8284,2.8294,2.8344,2.8349,2.8334,2.8344,7
2026-07-21 03:04:00,2.8289,2.8294,2.8284,2.8289,2.8339,2.8344,2.8334,2.8339,4
2026-07-21 03:05:00,2.8279,2.8279,2.8264,2.8264,2.8329,2.8329,2.8314,2.8314,10
2026-07-21 03:06:00,2.8259,2.8269,2.8254,2.8254,2.8309,2.8319,2.8304,2.8304,4
2026-07-21 03:07:00,2.8249,2.8269,2.8249,2.8269,2.8299,2.8319,2.8299,2.8319,4
2026-07-21 03:08:00,2.8274,2.8284,2.8274,2.8284,2.8324,2.8334,2.8324,2.8334,5
2026-07-21 03:11:00,2.8274,2.8279,2.8274,2.8279,2.8324,2.8329,2.8324,2.8329,2
2026-07-21 03:12:00,2.8274,2.8274,2.8274,2.8274,2.8324,2.8324,2.8324,2.8324,1
2026-07-21 03:13:00,2.8264,2.8264,2.8259,2.8259,2.8314,2.8314,2.8309,2.8309,2
2026-07-21 03:14:00,2.8254,2.8254,2.8254,2.8254,2.8304,2.8304,2.8304,2.8304,1
2026-07-21 03:15:00,2.8249,2.8249,2.8234,2.8249,2.8299,2.8299,2.8284,2.8299,8
2026-07-21 03:16:00,2.8244,2.8249,2.8244,2.8249,2.8294,2.8299,2.8294,2.8299,2
2026-07-21 03:17:00,2.8244,2.8249,2.8244,2.8249,2.8294,2.8299,2.8294,2.8299,2
2026-07-21 03:18:00,2.8244,2.8244,2.8244,2.8244,2.8294,2.8294,2.8294,2.8294,1
2026-07-21 03:19:00,2.8234,2.8244,2.8224,2.8234,2.8284,2.8294,2.8274,2.8284,6
2026-07-21 03:20:00,2.8244,2.8244,2.8234,2.8234,2.8294,2.8294,2.8284,2.8284,3
2026-07-21 03:21:00,2.8239,2.8239,2.8239,2.8239,2.8289,2.8289,2.8289,2.8289,1
2026-07-21 03:22:00,2.8244,2.8244,2.8244,2.8244,2.8294,2.8294,2.8294,2.8294,1
2026-07-21 03:23:00,2.8239,2.8239,2.8239,2.8239,2.8289,2.8289,2.8289,2.8289,1
2026-07-21 03:24:00,2.8234,2.8234,2.8234,2.8234,2.8284,2.8284,2.8284,2.8284,1
2026-07-21 03:25:00,2.8229,2.8229,2.8229,2.8229,2.8279,2.8279,2.8279,2.8279,1
2026-07-21 03:26:00,2.8239,2.8239,2.8239,2.8239,2.8289,2.8289,2.8289,2.8289,1
2026-07-21 03:27:00,2.8234,2.8234,2.8229,2.8234,2.8284,2.8284,2.8279,2.8284,3
2026-07-21 03:28:00,2.8229,2.8234,2.8229,2.8234,2.8279,2.8284,2.8279,2.8284,2
2026-07-21 03:29:00,2.8229,2.8229,2.8229,2.8229,2.8279,2.8279,2.8279,2.8279,1
2026-07-21 03:30:00,2.8234,2.8239,2.8234,2.8239,2.8284,2.8289,2.8284,2.8289,6
2026-07-21 03:31:00,2.8234,2.8234,2.8214,2.8214,2.8284,2.8284,2.8264,2.8264,5
2026-07-21 03:33:00,2.8219,2.8219,2.8214,2.8214,2.8269,2.8269,2.8264,2.8264,2
2026-07-21 03:34:00,2.8219,2.8224,2.8219,2.8224,2.8269,2.8274,2.8269,2.8274,2
2026-07-21 03:35:00,2.8229,2.8234,2.8229,2.8234,2.8279,2.8284,2.8279,2.8284,2
2026-07-21 03:36:00,2.8229,2.8229,2.8229,2.8229,2.8279,2.8279,2.8279,2.8279,1
2026-07-21 03:38:00,2.8224,2.8224,2.8219,2.8219,2.8274,2.8274,2.8269,2.8269,4
2026-07-21 03:39:00,2.8214,2.8224,2.8214,2.8224,2.8264,2.8274,2.8264,2.8274,2
2026-07-21 03:40:00,2.8219,2.8219,2.8214,2.8214,2.8269,2.8269,2.8264,2.8264,2
2026-07-21 03:41:00,2.8219,2.8224,2.8214,2.8224,2.8269,2.8274,2.8264,2.8274,3
2026-07-21 03:46:00,2.8219,2.8219,2.8214,2.8214,2.8269,2.8269,2.8264,2.8264,8
2026-07-21 03:47:00,2.8209,2.8214,2.8209,2.8209,2.8259,2.8264,2.8259,2.8259,3
2026-07-21 03:49:00,2.8214,2.8214,2.8209,2.8209,2.8264,2.8264,2.8259,2.8259,2
2026-07-21 03:50:00,2.8214,2.8214,2.8204,2.8209,2.8264,2.8264,2.8254,2.8259,4
2026-07-21 03:52:00,2.8204,2.8214,2.8194,2.8214,2.8254,2.8264,2.8244,2.8264,4
2026-07-21 03:53:00,2.8224,2.8224,2.8224,2.8224,2.8274,2.8274,2.8274,2.8274,1
2026-07-21 03:54:00,2.8214,2.8214,2.8214,2.8214,2.8264,2.8264,2.8264,2.8264,1
2026-07-21 03:57:00,2.8219,2.8219,2.8219,2.8219,2.8269,2.8269,2.8269,2.8269,1
2026-07-21 03:59:00,2.8224,2.8234,2.8219,2.8219,2.8274,2.8284,2.8269,2.8269,8
2026-07-21 04:00:00,2.8214,2.8214,2.8214,2.8214,2.8264,2.8264,2.8264,2.8264,1
2026-07-21 04:01:00,2.8209,2.8209,2.8209,2.8209,2.8259,2.8259,2.8259,2.8259,1
2026-07-21 04:02:00,2.8214,2.8214,2.8214,2.8214,2.8264,2.8264,2.8264,2.8264,1
2026-07-21 04:03:00,2.8219,2.8219,2.8209,2.8209,2.8269,2.8269,2.8259,2.8259,7
2026-07-21 04:04:00,2.8214,2.8214,2.8209,2.8209,2.8264,2.8264,2.8259,2.8259,4
2026-07-21 04:05:00,2.8214,2.8214,2.8209,2.8209,2.8264,2.8264,2.8259,2.8259,2
2026-07-21 04:07:00,2.8214,2.8214,2.8214,2.8214,2.8264,2.8264,2.8264,2.8264,1
2026-07-21 04:08:00,2.8209,2.8214,2.8209,2.8214,2.8259,2.8264,2.8259,2.8264,2
2026-07-21 04:09:00,2.8209,2.8209,2.8209,2.8209,2.8259,2.8259,2.8259,2.8259,1
2026-07-21 04:12:00,2.8204,2.8209,2.8204,2.8209,2.8254,2.8259,2.8254,2.8259,2
2026-07-21 04:15:00,2.8214,2.8214,2.8209,2.8209,2.8264,2.8264,2.8259,2.8259,2
2026-07-21 04:16:00,2.8214,2.8224,2.8214,2.8219,2.8264,2.8274,2.8264,2.8269,6
2026-07-21 04:17:00,2.8214,2.8214,2.8214,2.8214,2.8264,2.8264,2.8264,2.8264,1
2026-07-21 04:18:00,2.8204,2.8234,2.8204,2.8234,2.8254,2.8284,2.8254,2.8284,6
2026-07-21 04:20:00,2.8224,2.8234,2.8224,2.8224,2.8274,2.8284,2.8274,2.8274,5
2026-07-21 04:27:00,2.8219,2.8219,2.8214,2.8214,2.8269,2.8269,2.8264,2.8264,2
2026-07-21 04:29:00,2.8224,2.8224,2.8224,2.8224,2.8274,2.8274,2.8274,2.8274,1
2026-07-21 04:31:00,2.8229,2.8229,2.8224,2.8224,2.8279,2.8279,2.8274,2.8274,2
2026-07-21 04:32:00,2.8229,2.8234,2.8229,2.8234,2.8279,2.8284,2.8279,2.8284,2
2026-07-21 04:34:00,2.8229,2.8229,2.8229,2.8229,2.8279,2.8279,2.8279,2.8279,1
2026-07-21 04:36:00,2.8234,2.8234,2.8229,2.8229,2.8284,2.8284,2.8279,2.8279,2
2026-07-21 04:39:00,2.8234,2.8234,2.8234,2.8234,2.8284,2.8284,2.8284,2.8284,1
2026-07-21 04:40:00,2.8239,2.8244,2.8239,2.8244,2.8289,2.8294,2.8289,2.8294,2
2026-07-21 04:41:00,2.8249,2.8254,2.8249,2.8254,2.8299,2.8304,2.8299,2.8304,2
2026-07-21 04:44:00,2.8259,2.8259,2.8259,2.8259,2.8309,2.8309,2.8309,2.8309,1
2026-07-21 04:45:00,2.8264,2.8264,2.8254,2.8254,2.8314,2.8314,2.8304,2.8304,2
2026-07-21 04:47:00,2.8259,2.8259,2.8254,2.8254,2.8309,2.8309,2.8304,2.8304,2
2026-07-21 04:50:00,2.8244,2.8249,2.8244,2.8244,2.8294,2.8299,2.8294,2.8294,3
2026-07-21 04:53:00,2.8234,2.8249,2.8234,2.8249,2.8284,2.8299,2.8284,2.8299,3
2026-07-21 04:54:00,2.8244,2.8249,2.8244,2.8244,2.8294,2.8299,2.8294,2.8294,3
2026-07-21 04:57:00,2.8249,2.8249,2.8244,2.8244,2.8299,2.8299,2.8294,2.8294,2
2026-07-21 04:59:00,2.8234,2.8249,2.8234,2.8249,2.8284,2.8299,2.8284,2.8299,3
2026-07-21 05:00:00,2.8244,2.8264,2.8244,2.8264,2.8294,2.8314,2.8294,2.8314,3
2026-07-21 05:01:00,2.8274,2.8294,2.8274,2.8284,2.8324,2.8344,2.8324,2.8334,6
2026-07-21 05:02:00,2.8289,2.8294,2.8289,2.8294,2.8339,2.8344,2.8339,2.8344,4
2026-07-21 05:03:00,2.8299,2.8299,2.8294,2.8299,2.8349,2.8349,2.8344,2.8349,3
2026-07-21 05:04:00,2.8294,2.8294,2.8284,2.8289,2.8344,2.8344,2.8334,2.8339,6
2026-07-21 05:06:00,2.8284,2.8299,2.8284,2.8294,2.8334,2.8349,2.8334,2.8344,6
2026-07-21 05:07:00,2.8299,2.8299,2.8299,2.8299,2.8349,2.8349,2.8349,2.8349,1
2026-07-21 05:10:00,2.8304,2.8314,2.8294,2.8304,2.8354,2.8364,2.8344,2.8354,11
2026-07-21 05:12:00,2.8314,2.8334,2.8314,2.8314,2.8364,2.8384,2.8364,2.8364,8
2026-07-21 05:13:00,2.8324,2.8324,2.8314,2.8314,2.8374,2.8374,2.8364,2.8364,7
2026-07-21 05:14:00,2.8319,2.8319,2.8314,2.8314,2.8369,2.8369,2.8364,2.8364,2
2026-07-21 05:15:00,2.8304,2.8304,2.8294,2.8294,2.8354,2.8354,2.8344,2.8344,4
2026-07-21 05:17:00,2.8284,2.8284,2.8284,2.8284,2.8334,2.8334,2.8334,2.8334,1
2026-07-21 05:19:00,2.8274,2.8284,2.8274,2.8284,2.8324,2.8334,2.8324,2.8334,2
2026-07-21 05:20:00,2.8279,2.8279,2.8279,2.8279,2.8329,2.8329,2.8329,2.8329,1
2026-07-21 05:21:00,2.8274,2.8274,2.8274,2.8274,2.8324,2.8324,2.8324,2.8324,1
2026-07-21 05:22:00,2.8279,2.8289,2.8279,2.8289,2.8329,2.8339,2.8329,2.8339,2
2026-07-21 05:24:00,2.8284,2.8289,2.8284,2.8289,2.8334,2.8339,2.8334,2.8339,2
2026-07-21 05:25:00,2.8284,2.8284,2.8284,2.8284,2.8334,2.8334,2.8334,2.8334,1
2026-07-21 05:27:00,2.8289,2.8289,2.8274,2.8284,2.8339,2.8339,2.8324,2.8334,3
2026-07-21 05:28:00,2.8279,2.8279,2.8279,2.8279,2.8329,2.8329,2.8329,2.8329,1
2026-07-21 05:29:00,2.8284,2.8284,2.8284,2.8284,2.8334,2.8334,2.8334,2.8334,1
2026-07-21 05:30:00,2.8274,2.8274,2.8244,2.8244,2.8324,2.8324,2.8294,2.8294,15
2026-07-21 05:31:00,2.8249,2.8249,2.8244,2.8249,2.8299,2.8299,2.8294,2.8299,9
2026-07-21 05:32:00,2.8254,2.8274,2.8254,2.8259,2.8304,2.8324,2.8304,2.8309,6
2026-07-21 05:33:00,2.8254,2.8274,2.8254,2.8274,2.8304,2.8324,2.8304,2.8324,6
2026-07-21 05:34:00,2.8264,2.8269,2.8264,2.8269,2.8314,2.8319,2.8314,2.8319,2
2026-07-21 05:35:00,2.8264,2.8274,2.8264,2.8264,2.8314,2.8324,2.8314,2.8314,8
2026-07-21 05:36:00,2.8269,2.8269,2.8254,2.8254,2.8319,2.8319,2.8304,2.8304,5
2026-07-21 05:37:00,2.8249,2.8254,2.8244,2.8254,2.8299,2.8304,2.8294,2.8304,5
2026-07-21 05:38:00,2.8244,2.8254,2.8244,2.8254,2.8294,2.8304,2.8294,2.8304,3
2026-07-21 05:39:00,2.8244,2.8244,2.8239,2.8244,2.8294,2.8294,2.8289,2.8294,3
2026-07-21 05:40:00,2.8234,2.8234,2.8234,2.8234,2.8284,2.8284,2.8284,2.8284,1
2026-07-21 05:41:00,2.8229,2.8254,2.8224,2.8254,2.8279,2.8304,2.8274,2.8304,8
2026-07-21 05:43:00,2.8249,2.8334,2.8249,2.8314,2.8299,2.8384,2.8299,2.8364,29
2026-07-21 05:44:00,2.8309,2.8314,2.8274,2.8284,2.8359,2.8364,2.8324,2.8334,22
2026-07-21 05:45:00,2.8274,2.8279,2.8269,2.8279,2.8324,2.8329,2.8319,2.8329,8
2026-07-21 05:46:00,2.8284,2.8294,2.8274,2.8294,2.8334,2.8344,2.8324,2.8344,8
2026-07-21 05:47:00,2.8299,2.8334,2.8299,2.8304,2.8349,2.8384,2.8349,2.8354,14
2026-07-21 05:48:00,2.8314,2.8314,2.8304,2.8304,2.8364,2.8364,2.8354,2.8354,2
2026-07-21 05:49:00,2.8294,2.8304,2.8294,2.8304,2.8344,2.8354,2.8344,2.8354,4
2026-07-21 05:50:00,2.8294,2.8304,2.8294,2.8304,2.8344,2.8354,2.8344,2.8354,5
2026-07-21 05:53:00,2.8299,2.8304,2.8294,2.8304,2.8349,2.8354,2.8344,2.8354,14
2026-07-21 05:55:00,2.8294,2.8324,2.8294,2.8324,2.8344,2.8374,2.8344,2.8374,10
2026-07-21 05:56:00,2.8314,2.8329,2.8314,2.8329,2.8364,2.8379,2.8364,2.8379,4
2026-07-21 05:57:00,2.8324,2.8324,2.8324,2.8324,2.8374,2.8374,2.8374,2.8374,1
2026-07-21 05:58:00,2.8319,2.8319,2.8304,2.8304,2.8369,2.8369,2.8354,2.8354,3
2026-07-21 05:59:00,2.8314,2.8314,2.8304,2.8304,2.8364,2.8364,2.8354,2.8354,4
2026-07-21 06:00:00,2.8309,2.8309,2.8309,2.8309,2.8359,2.8359,2.8359,2.8359,1
2026-07-21 06:01:00,2.8314,2.8314,2.8304,2.8314,2.8364,2.8364,2.8354,2.8364,12
2026-07-21 06:02:00,2.8319,2.8324,2.8314,2.8324,2.8369,2.8374,2.8364,2.8374,4
2026-07-21 06:03:00,2.8319,2.8324,2.8319,2.8324,2.8369,2.8374,2.8369,2.8374,2
2026-07-21 06:04:00,2.8314,2.8334,2.8304,2.8334,2.8364,2.8384,2.8354,2.8384,5
2026-07-21 06:05:00,2.8324,2.8329,2.8324,2.8324,2.8374,2.8379,2.8374,2.8374,3
2026-07-21 06:06:00,2.8329,2.8329,2.8324,2.8324,2.8379,2.8379,2.8374,2.8374,2
2026-07-21 06:07:00,2.8314,2.8324,2.8314,2.8324,2.8364,2.8374,2.8364,2.8374,3
2026-07-21 06:10:00,2.8319,2.8324,2.8319,2.8324,2.8369,2.8374,2.8369,2.8374,2
2026-07-21 06:11:00,2.8319,2.8324,2.8314,2.8314,2.8369,2.8374,2.8364,2.8364,11
2026-07-21 06:12:00,2.8309,2.8309,2.8309,2.8309,2.8359,2.8359,2.8359,2.8359,1
2026-07-21 06:13:00,2.8304,2.8304,2.8299,2.8299,2.8354,2.8354,2.8349,2.8349,4
2026-07-21 06:14:00,2.8304,2.8304,2.8299,2.8299,2.8354,2.8354,2.8349,2.8349,2
2026-07-21 06:15:00,2.8294,2.8294,2.8294,2.8294,2.8344,2.8344,2.8344,2.8344,1
2026-07-21 06:16:00,2.8299,2.8299,2.8299,2.8299,2.8349,2.8349,2.8349,2.8349,1
2026-07-21 06:17:00,2.8304,2.8304,2.8294,2.8294,2.8354,2.8354,2.8344,2.8344,3
2026-07-21 06:20:00,2.8289,2.8289,2.8279,2.8284,2.8339,2.8339,2.8329,2.8334,4
2026-07-21 06:21:00,2.8279,2.8279,2.8279,2.8279,2.8329,2.8329,2.8329,2.8329,1
2026-07-21 06:22:00,2.8284,2.8284,2.8274,2.8279,2.8334,2.8334,2.8324,2.8329,3
2026-07-21 06:25:00,2.8284,2.8289,2.8284,2.8289,2.8334,2.8339,2.8334,2.8339,2
2026-07-21 06:27:00,2.8284,2.8284,2.8284,2.8284,2.8334,2.8334,2.8334,2.8334,1
2026-07-21 06:28:00,2.8279,2.8279,2.8279,2.8279,2.8329,2.8329,2.8329,2.8329,1
2026-07-21 06:33:00,2.8289,2.8289,2.8284,2.8284,2.8339,2.8339,2.8334,2.8334,2
2026-07-21 06:36:00,2.8289,2.8289,2.8274,2.8289,2.8339,2.8339,2.8324,2.8339,6
2026-07-21 06:37:00,2.8284,2.8289,2.8284,2.8289,2.8334,2.8339,2.8334,2.8339,2
2026-07-21 06:40:00,2.8294,2.8294,2.8284,2.8284,2.8344,2.8344,2.8334,2.8334,4
2026-07-21 06:41:00,2.8289,2.8289,2.8289,2.8289,2.8339,2.8339,2.8339,2.8339,1
2026-07-21 06:42:00,2.8284,2.8294,2.8284,2.8294,2.8334,2.8344,2.8334,2.8344,2
2026-07-21 06:44:00,2.8289,2.8289,2.8289,2.8289,2.8339,2.8339,2.8339,2.8339,1
2026-07-21 06:49:00,2.8299,2.8299,2.8299,2.8299,2.8349,2.8349,2.8349,2.8349,1
2026-07-21 06:50:00,2.8294,2.8299,2.8294,2.8299,2.8344,2.8349,2.8344,2.8349,2
2026-07-21 06:51:00,2.8294,2.8294,2.8294,2.8294,2.8344,2.8344,2.8344,2.8344,1
2026-07-21 06:53:00,2.8299,2.8299,2.8299,2.8299,2.8349,2.8349,2.8349,2.8349,1
2026-07-21 06:56:00,2.8294,2.8294,2.8289,2.8294,2.8344,2.8344,2.8339,2.8344,3
2026-07-21 06:57:00,2.8299,2.8299,2.8289,2.8289,2.8349,2.8349,2.8339,2.8339,3
2026-07-21 06:58:00,2.8294,2.8294,2.8284,2.8294,2.8344,2.8344,2.8334,2.8344,14
2026-07-21 06:59:00,2.8289,2.8334,2.8289,2.8334,2.8339,2.8384,2.8339,2.8384,11
2026-07-21 07:00:00,2.8324,2.8324,2.8314,2.8314,2.8374,2.8374,2.8364,2.8364,2
2026-07-21 07:01:00,2.8319,2.8324,2.8314,2.8319,2.8369,2.8374,2.8364,2.8369,7
2026-07-21 07:02:00,2.8324,2.8354,2.8324,2.8354,2.8374,2.8404,2.8374,2.8404,8
2026-07-21 07:03:00,2.8364,2.8374,2.8364,2.8374,2.8414,2.8424,2.8414,2.8424,2
2026-07-21 07:04:00,2.8364,2.8374,2.8364,2.8374,2.8414,2.8424,2.8414,2.8424,5
2026-07-21 07:05:00,2.8384,2.8394,2.8374,2.8384,2.8434,2.8444,2.8424,2.8434,6
2026-07-21 07:06:00,2.8389,2.8394,2.8374,2.8374,2.8439,2.8444,2.8424,2.8424,5
2026-07-21 07:07:00,2.8379,2.8384,2.8374,2.8384,2.8429,2.8434,2.8424,2.8434,3
2026-07-21 07:08:00,2.8394,2.8414,2.8394,2.8414,2.8444,2.8464,2.8444,2.8464,19
2026-07-21 07:09:00,2.8409,2.8429,2.8409,2.8424,2.8459,2.8479,2.8459,2.8474,11
2026-07-21 07:10:00,2.8429,2.8434,2.8424,2.8429,2.8479,2.8484,2.8474,2.8479,10
2026-07-21 07:11:00,2.8434,2.8444,2.8424,2.8429,2.8484,2.8494,2.8474,2.8479,13
2026-07-21 07:12:00,2.8434,2.8444,2.8424,2.8429,2.8484,2.8494,2.8474,2.8479,12
2026-07-21 07:13:00,2.8424,2.8464,2.8424,2.8454,2.8474,2.8514,2.8474,2.8504,9
2026-07-21 07:14:00,2.8449,2.8454,2.8444,2.8444,2.8499,2.8504,2.8494,2.8494,8
2026-07-21 07:15:00,2.8429,2.8434,2.8389,2.8389,2.8479,2.8484,2.8439,2.8439,12
2026-07-21 07:16:00,2.8384,2.8404,2.8384,2.8399,2.8434,2.8454,2.8434,2.8449,5
2026-07-21 07:17:00,2.8404,2.8424,2.8404,2.8414,2.8454,2.8474,2.8454,2.8464,10
2026-07-21 07:18:00,2.8419,2.8419,2.8414,2.8414,2.8469,2.8469,2.8464,2.8464,2
2026-07-21 07:19:00,2.8424,2.8424,2.8414,2.8414,2.8474,2.8474,2.8464,2.8464,5
2026-07-21 07:20:00,2.8424,2.8424,2.8404,2.8414,2.8474,2.8474,2.8454,2.8464,7
2026-07-21 07:21:00,2.8419,2.8419,2.8374,2.8384,2.8469,2.8469,2.8424,2.8434,11
2026-07-21 07:22:00,2.8389,2.8404,2.8384,2.8389,2.8439,2.8454,2.8434,2.8439,7
2026-07-21 07:24:00,2.8394,2.8394,2.8394,2.8394,2.8444,2.8444,2.8444,2.8444,1
2026-07-21 07:25:00,2.8384,2.8389,2.8374,2.8384,2.8434,2.8439,2.8424,2.8434,5
2026-07-21 07:26:00,2.8389,2.8404,2.8384,2.8394,2.8439,2.8454,2.8434,2.8444,6
2026-07-21 07:27:00,2.8399,2.8414,2.8399,2.8404,2.8449,2.8464,2.8449,2.8454,10
2026-07-21 07:29:00,2.8394,2.8394,2.8394,2.8394,2.8444,2.8444,2.8444,2.8444,1
2026-07-21 07:30:00,2.8399,2.8399,2.8394,2.8394,2.8449,2.8449,2.8444,2.8444,2
2026-07-21 07:31:00,2.8399,2.8399,2.8399,2.8399,2.8449,2.8449,2.8449,2.8449,1
2026-07-21 07:32:00,2.8394,2.8394,2.8394,2.8394,2.8444,2.8444,2.8444,2.8444,1
2026-07-21 07:35:00,2.8399,2.8404,2.8399,2.8404,2.8449,2.8454,2.8449,2.8454,2
2026-07-21 07:36:00,2.8399,2.8404,2.8399,2.8399,2.8449,2.8454,2.8449,2.8449,3
2026-07-21 07:37:00,2.8404,2.8409,2.8404,2.8409,2.8454,2.8459,2.8454,2.8459,2
2026-07-21 07:38:00,2.8404,2.8409,2.8404,2.8404,2.8454,2.8459,2.8454,2.8454,5
2026-07-21 07:39:00,2.8394,2.8399,2.8394,2.8394,2.8444,2.8449,2.8444,2.8444,3
2026-07-21 07:40:00,2.8389,2.8394,2.8374,2.8389,2.8439,2.8444,2.8424,2.8439,13
2026-07-21 07:41:00,2.8394,2.8404,2.8389,2.8399,2.8444,2.8454,2.8439,2.8449,10
2026-07-21 07:42:00,2.8394,2.8394,2.8374,2.8374,2.8444,2.8444,2.8424,2.8424,9
2026-07-21 07:43:00,2.8369,2.8374,2.8364,2.8374,2.8419,2.8424,2.8414,2.8424,7
2026-07-21 07:44:00,2.8364,2.8379,2.8364,2.8379,2.8414,2.8429,2.8414,2.8429,4
2026-07-21 07:45:00,2.8384,2.8389,2.8379,2.8379,2.8434,2.8439,2.8429,2.8429,6
2026-07-21 07:46:00,2.8384,2.8384,2.8374,2.8379,2.8434,2.8434,2.8424,2.8429,16
2026-07-21 07:47:00,2.8384,2.8384,2.8384,2.8384,2.8434,2.8434,2.8434,2.8434,1
2026-07-21 07:48:00,2.8389,2.8399,2.8389,2.8394,2.8439,2.8449,2.8439,2.8444,3
2026-07-21 07:49:00,2.8389,2.8394,2.8384,2.8389,2.8439,2.8444,2.8434,2.8439,7
2026-07-21 07:50:00,2.8394,2.8394,2.8389,2.8394,2.8444,2.8444,2.8439,2.8444,3
2026-07-21 07:51:00,2.8389,2.8389,2.8384,2.8384,2.8439,2.8439,2.8434,2.8434,2
2026-07-21 07:52:00,2.8374,2.8384,2.8374,2.8379,2.8424,2.8434,2.8424,2.8429,4
2026-07-21 07:53:00,2.8394,2.8444,2.8384,2.8434,2.8444,2.8494,2.8434,2.8484,51
2026-07-21 07:54:00,2.8424,2.8484,2.8424,2.8474,2.8474,2.8534,2.8474,2.8524,61
2026-07-21 07:55:00,2.8484,2.8494,2.8454,2.8474,2.8534,2.8544,2.8504,2.8524,42
2026-07-21 07:56:00,2.8464,2.8469,2.8464,2.8464,2.8514,2.8519,2.8514,2.8514,3
2026-07-21 07:57:00,2.8459,2.8464,2.8454,2.8464,2.8509,2.8514,2.8504,2.8514,3
2026-07-21 08:00:00,2.8469,2.8524,2.8469,2.8479,2.8519,2.8574,2.8519,2.8529,40
2026-07-21 08:01:00,2.8474,2.8474,2.8459,2.8464,2.8524,2.8524,2.8509,2.8514,7
2026-07-21 08:02:00,2.8469,2.8474,2.8459,2.8459,2.8519,2.8524,2.8509,2.8509,7
2026-07-21 08:03:00,2.8464,2.8474,2.8449,2.8454,2.8514,2.8524,2.8499,2.8504,13
2026-07-21 08:04:00,2.8449,2.8449,2.8434,2.8434,2.8499,2.8499,2.8484,2.8484,3
2026-07-21 08:05:00,2.8464,2.8504,2.8464,2.8494,2.8514,2.8554,2.8514,2.8544,12
2026-07-21 08:06:00,2.8484,2.8514,2.8484,2.8494,2.8534,2.8564,2.8534,2.8544,9
2026-07-21 08:07:00,2.8484,2.8489,2.8474,2.8489,2.8534,2.8539,2.8524,2.8539,9
2026-07-21 08:08:00,2.8484,2.8514,2.8484,2.8514,2.8534,2.8564,2.8534,2.8564,8
2026-07-21 08:09:00,2.8524,2.8544,2.8524,2.8529,2.8574,2.8594,2.8574,2.8579,7
2026-07-21 08:10:00,2.8524,2.8534,2.8524,2.8529,2.8574,2.8584,2.8574,2.8579,11
2026-07-21 08:11:00,2.8524,2.8534,2.8524,2.8529,2.8574,2.8584,2.8574,2.8579,4
2026-07-21 08:12:00,2.8534,2.8534,2.8524,2.8529,2.8584,2.8584,2.8574,2.8579,6
2026-07-21 08:13:00,2.8524,2.8534,2.8524,2.8534,2.8574,2.8584,2.8574,2.8584,9
2026-07-21 08:14:00,2.8539,2.8554,2.8524,2.8539,2.8589,2.8604,2.8574,2.8589,15
2026-07-21 08:15:00,2.8534,2.8544,2.8524,2.8534,2.8584,2.8594,2.8574,2.8584,15
2026-07-21 08:16:00,2.8539,2.8549,2.8524,2.8529,2.8589,2.8599,2.8574,2.8579,19
2026-07-21 08:17:00,2.8534,2.8544,2.8534,2.8534,2.8584,2.8594,2.8584,2.8584,4
2026-07-21 08:18:00,2.8544,2.8544,2.8534,2.8544,2.8594,2.8594,2.8584,2.8594,16
2026-07-21 08:19:00,2.8549,2.8549,2.8534,2.8544,2.8599,2.8599,2.8584,2.8594,6
2026-07-21 08:20:00,2.8549,2.8549,2.8549,2.8549,2.8599,2.8599,2.8599,2.8599,1
2026-07-21 08:21:00,2.8544,2.8544,2.8544,2.8544,2.8594,2.8594,2.8594,2.8594,1
2026-07-21 08:23:00,2.8534,2.8534,2.8534,2.8534,2.8584,2.8584,2.8584,2.8584,1
2026-07-21 08:24:00,2.8544,2.8544,2.8524,2.8534,2.8594,2.8594,2.8574,2.8584,5
2026-07-21 08:25:00,2.8544,2.8544,2.8524,2.8529,2.8594,2.8594,2.8574,2.8579,7
2026-07-21 08:26:00,2.8519,2.8529,2.8514,2.8519,2.8569,2.8579,2.8564,2.8569,7
2026-07-21 08:27:00,2.8524,2.8524,2.8519,2.8524,2.8574,2.8574,2.8569,2.8574,3
2026-07-21 08:28:00,2.8534,2.8534,2.8524,2.8529,2.8584,2.8584,2.8574,2.8579,8
2026-07-21 08:29:00,2.8524,2.8539,2.8524,2.8534,2.8574,2.8589,2.8574,2.8584,7
2026-07-21 08:30:00,2.8529,2.8534,2.8524,2.8524,2.8579,2.8584,2.8574,2.8574,3
2026-07-21 08:31:00,2.8519,2.8534,2.8514,2.8524,2.8569,2.8584,2.8564,2.8574,12
2026-07-21 08:32:00,2.8514,2.8534,2.8514,2.8534,2.8564,2.8584,2.8564,2.8584,4
2026-07-21 08:33:00,2.8544,2.8554,2.8534,2.8539,2.8594,2.8604,2.8584,2.8589,9
2026-07-21 08:34:00,2.8544,2.8544,2.8534,2.8534,2.8594,2.8594,2.8584,2.8584,7
2026-07-21 08:35:00,2.8539,2.8539,2.8534,2.8534,2.8589,2.8589,2.8584,2.8584,2
2026-07-21 08:36:00,2.8524,2.8539,2.8524,2.8539,2.8574,2.8589,2.8574,2.8589,9
2026-07-21 08:37:00,2.8544,2.8544,2.8539,2.8544,2.8594,2.8594,2.8589,2.8594,11
2026-07-21 08:39:00,2.8554,2.8554,2.8544,2.8544,2.8604,2.8604,2.8594,2.8594,3
2026-07-21 08:40:00,2.8534,2.8534,2.8524,2.8524,2.8584,2.8584,2.8574,2.8574,8
2026-07-21 08:43:00,2.8529,2.8529,2.8524,2.8524,2.8579,2.8579,2.8574,2.8574,2
2026-07-21 08:46:00,2.8534,2.8534,2.8534,2.8534,2.8584,2.8584,2.8584,2.8584,1
2026-07-21 08:47:00,2.8544,2.8554,2.8534,2.8549,2.8594,2.8604,2.8584,2.8599,10
2026-07-21 08:48:00,2.8544,2.8544,2.8534,2.8539,2.8594,2.8594,2.8584,2.8589,17
2026-07-21 08:49:00,2.8534,2.8554,2.8534,2.8554,2.8584,2.8604,2.8584,2.8604,8
2026-07-21 08:50:00,2.8544,2.8574,2.8544,2.8554,2.8594,2.8624,2.8594,2.8604,10
2026-07-21 08:51:00,2.8544,2.8544,2.8504,2.8504,2.8594,2.8594,2.8554,2.8554,11
2026-07-21 08:52:00,2.8514,2.8514,2.8514,2.8514,2.8564,2.8564,2.8564,2.8564,1
2026-07-21 08:55:00,2.8524,2.8534,2.8514,2.8534,2.8574,2.8584,2.8564,2.8584,10
2026-07-21 08:56:00,2.8529,2.8534,2.8524,2.8524,2.8579,2.8584,2.8574,2.8574,10
2026-07-21 08:57:00,2.8534,2.8534,2.8534,2.8534,2.8584,2.8584,2.8584,2.8584,1
2026-07-21 08:58:00,2.8539,2.8574,2.8539,2.8574,2.8589,2.8624,2.8589,2.8624,12
2026-07-21 08:59:00,2.8564,2.8584,2.8564,2.8574,2.8614,2.8634,2.8614,2.8624,13
2026-07-21 09:00:00,2.8569,2.8584,2.8569,2.8584,2.8619,2.8634,2.8619,2.8634,9
2026-07-21 09:01:00,2.8594,2.8594,2.8584,2.8594,2.8644,2.8644,2.8634,2.8644,7
2026-07-21 09:02:00,2.8589,2.8594,2.8584,2.8594,2.8639,2.8644,2.8634,2.8644,3
2026-07-21 09:03:00,2.8584,2.8594,2.8574,2.8579,2.8634,2.8644,2.8624,2.8629,16
2026-07-21 09:04:00,2.8584,2.8614,2.8584,2.8584,2.8634,2.8664,2.8634,2.8634,13
2026-07-21 09:05:00,2.8594,2.8604,2.8594,2.8594,2.8644,2.8654,2.8644,2.8644,13
2026-07-21 09:06:00,2.8584,2.8589,2.8584,2.8584,2.8634,2.8639,2.8634,2.8634,3
2026-07-21 09:07:00,2.8574,2.8584,2.8574,2.8584,2.8624,2.8634,2.8624,2.8634,4
2026-07-21 09:09:00,2.8594,2.8594,2.8574,2.8574,2.8644,2.8644,2.8624,2.8624,8
2026-07-21 09:10:00,2.8584,2.8584,2.8544,2.8544,2.8634,2.8634,2.8594,2.8594,12
2026-07-21 09:11:00,2.8539,2.8544,2.8534,2.8534,2.8589,2.8594,2.8584,2.8584,5
2026-07-21 09:13:00,2.8544,2.8554,2.8524,2.8529,2.8594,2.8604,2.8574,2.8579,19
2026-07-21 09:14:00,2.8524,2.8524,2.8509,2.8509,2.8574,2.8574,2.8559,2.8559,8
2026-07-21 09:15:00,2.8514,2.8534,2.8514,2.8519,2.8564,2.8584,2.8564,2.8569,9
2026-07-21 09:16:00,2.8514,2.8519,2.8514,2.8519,2.8564,2.8569,2.8564,2.8569,2
2026-07-21 09:17:00,2.8514,2.8524,2.8514,2.8519,2.8564,2.8574,2.8564,2.8569,3
2026-07-21 09:18:00,2.8514,2.8534,2.8514,2.8524,2.8564,2.8584,2.8564,2.8574,5
2026-07-21 09:20:00,2.8514,2.8524,2.8514,2.8524,2.8564,2.8574,2.8564,2.8574,3
2026-07-21 09:21:00,2.8519,2.8519,2.8514,2.8514,2.8569,2.8569,2.8564,2.8564,2
2026-07-21 09:22:00,2.8524,2.8534,2.8514,2.8524,2.8574,2.8584,2.8564,2.8574,8
2026-07-21 09:23:00,2.8529,2.8529,2.8524,2.8524,2.8579,2.8579,2.8574,2.8574,4
2026-07-21 09:24:00,2.8519,2.8524,2.8519,2.8524,2.8569,2.8574,2.8569,2.8574,4
2026-07-21 09:25:00,2.8519,2.8534,2.8514,2.8534,2.8569,2.8584,2.8564,2.8584,10
2026-07-21 09:26:00,2.8529,2.8529,2.8524,2.8524,2.8579,2.8579,2.8574,2.8574,2
2026-07-21 09:27:00,2.8534,2.8554,2.8534,2.8544,2.8584,2.8604,2.8584,2.8594,4
2026-07-21 09:28:00,2.8534,2.8544,2.8534,2.8534,2.8584,2.8594,2.8584,2.8584,8
2026-07-21 09:29:00,2.8539,2.8544,2.8534,2.8534,2.8589,2.8594,2.8584,2.8584,9
2026-07-21 09:30:00,2.8544,2.8544,2.8534,2.8544,2.8594,2.8594,2.8584,2.8594,6
2026-07-21 09:31:00,2.8534,2.8534,2.8524,2.8524,2.8584,2.8584,2.8574,2.8574,3
2026-07-21 09:32:00,2.8534,2.8534,2.8504,2.8514,2.8584,2.8584,2.8554,2.8564,8
2026-07-21 09:33:00,2.8504,2.8514,2.8494,2.8494,2.8554,2.8564,2.8544,2.8544,9
2026-07-21 09:35:00,2.8489,2.8494,2.8479,2.8484,2.8539,2.8544,2.8529,2.8534,7
2026-07-21 09:36:00,2.8479,2.8484,2.8464,2.8464,2.8529,2.8534,2.8514,2.8514,9
2026-07-21 09:37:00,2.8474,2.8474,2.8464,2.8464,2.8524,2.8524,2.8514,2.8514,6
2026-07-21 09:38:00,2.8474,2.8474,2.8464,2.8464,2.8524,2.8524,2.8514,2.8514,4
2026-07-21 09:39:00,2.8474,2.8474,2.8464,2.8464,2.8524,2.8524,2.8514,2.8514,2
2026-07-21 09:41:00,2.8474,2.8474,2.8464,2.8464,2.8524,2.8524,2.8514,2.8514,5
2026-07-21 09:43:00,2.8474,2.8484,2.8474,2.8474,2.8524,2.8534,2.8524,2.8524,4
2026-07-21 09:44:00,2.8484,2.8494,2.8484,2.8484,2.8534,2.8544,2.8534,2.8534,4
2026-07-21 09:45:00,2.8479,2.8479,2.8414,2.8434,2.8529,2.8529,2.8464,2.8484,16
2026-07-21 09:46:00,2.8429,2.8434,2.8424,2.8424,2.8479,2.8484,2.8474,2.8474,5
2026-07-21 09:47:00,2.8434,2.8434,2.8424,2.8434,2.8484,2.8484,2.8474,2.8484,8
2026-07-21 09:48:00,2.8439,2.8439,2.8434,2.8434,2.8489,2.8489,2.8484,2.8484,2
2026-07-21 09:50:00,2.8444,2.8444,2.8439,2.8444,2.8494,2.8494,2.8489,2.8494,3
2026-07-21 09:51:00,2.8449,2.8454,2.8434,2.8439,2.8499,2.8504,2.8484,2.8489,8
2026-07-21 09:52:00,2.8434,2.8434,2.8424,2.8424,2.8484,2.8484,2.8474,2.8474,2
2026-07-21 09:53:00,2.8419,2.8424,2.8414,2.8424,2.8469,2.8474,2.8464,2.8474,5
2026-07-21 09:54:00,2.8419,2.8424,2.8404,2.8424,2.8469,2.8474,2.8454,2.8474,9
2026-07-21 09:55:00,2.8434,2.8454,2.8434,2.8444,2.8484,2.8504,2.8484,2.8494,9
2026-07-21 09:56:00,2.8454,2.8454,2.8454,2.8454,2.8504,2.8504,2.8504,2.8504,1
2026-07-21 09:57:00,2.8444,2.8454,2.8434,2.8434,2.8494,2.8504,2.8484,2.8484,10
2026-07-21 09:58:00,2.8424,2.8434,2.8424,2.8434,2.8474,2.8484,2.8474,2.8484,2
2026-07-21 09:59:00,2.8444,2.8444,2.8444,2.8444,2.8494,2.8494,2.8494,2.8494,1
2026-07-21 10:00:00,2.8454,2.8454,2.8444,2.8444,2.8504,2.8504,2.8494,2.8494,3
2026-07-21 10:01:00,2.8434,2.8444,2.8424,2.8424,2.8484,2.8494,2.8474,2.8474,11
2026-07-21 10:03:00,2.8419,2.8434,2.8419,2.8434,2.8469,2.8484,2.8469,2.8484,4
2026-07-21 10:05:00,2.8444,2.8444,2.8424,2.8429,2.8494,2.8494,2.8474,2.8479,7
2026-07-21 10:06:00,2.8434,2.8434,2.8414,2.8424,2.8484,2.8484,2.8464,2.8474,5
2026-07-21 10:07:00,2.8414,2.8414,2.8404,2.8414,2.8464,2.8464,2.8454,2.8464,8
2026-07-21 10:08:00,2.8409,2.8414,2.8404,2.8414,2.8459,2.8464,2.8454,2.8464,3
2026-07-21 10:10:00,2.8409,2.8414,2.8394,2.8399,2.8459,2.8464,2.8444,2.8449,8
2026-07-21 10:11:00,2.8404,2.8414,2.8394,2.8404,2.8454,2.8464,2.8444,2.8454,12
2026-07-21 10:13:00,2.8399,2.8404,2.8399,2.8404,2.8449,2.8454,2.8449,2.8454,2
2026-07-21 10:14:00,2.8414,2.8414,2.8389,2.8394,2.8464,2.8464,2.8439,2.8444,6
2026-07-21 10:15:00,2.8389,2.8389,2.8384,2.8384,2.8439,2.8439,2.8434,2.8434,2
2026-07-21 10:16:00,2.8394,2.8394,2.8384,2.8384,2.8444,2.8444,2.8434,2.8434,2
2026-07-21 10:17:00,2.8374,2.8384,2.8354,2.8364,2.8424,2.8434,2.8404,2.8414,13
2026-07-21 10:18:00,2.8359,2.8364,2.8354,2.8359,2.8409,2.8414,2.8404,2.8409,26
2026-07-21 10:19:00,2.8364,2.8364,2.8354,2.8354,2.8414,2.8414,2.8404,2.8404,5
2026-07-21 10:20:00,2.8364,2.8374,2.8364,2.8364,2.8414,2.8424,2.8414,2.8414,9
2026-07-21 10:21:00,2.8374,2.8374,2.8354,2.8364,2.8424,2.8424,2.8404,2.8414,15
2026-07-21 10:22:00,2.8374,2.8384,2.8364,2.8379,2.8424,2.8434,2.8414,2.8429,7
2026-07-21 10:23:00,2.8374,2.8394,2.8374,2.8394,2.8424,2.8444,2.8424,2.8444,10
2026-07-21 10:25:00,2.8384,2.8394,2.8384,2.8384,2.8434,2.8444,2.8434,2.8434,3
2026-07-21 10:26:00,2.8379,2.8379,2.8364,2.8374,2.8429,2.8429,2.8414,2.8424,8
2026-07-21 10:27:00,2.8364,2.8374,2.8354,2.8359,2.8414,2.8424,2.8404,2.8409,9
2026-07-21 10:28:00,2.8364,2.8364,2.8354,2.8354,2.8414,2.8414,2.8404,2.8404,3
2026-07-21 10:29:00,2.8349,2.8354,2.8349,2.8354,2.8399,2.8404,2.8399,2.8404,4
2026-07-21 10:31:00,2.8364,2.8364,2.8354,2.8364,2.8414,2.8414,2.8404,2.8414,3
2026-07-21 10:33:00,2.8354,2.8354,2.8344,2.8344,2.8404,2.8404,2.8394,2.8394,2
2026-07-21 10:35:00,2.8349,2.8374,2.8349,2.8354,2.8399,2.8424,2.8399,2.8404,7
2026-07-21 10:40:00,2.8364,2.8364,2.8354,2.8354,2.8414,2.8414,2.8404,2.8404,2
2026-07-21 10:41:00,2.8364,2.8364,2.8364,2.8364,2.8414,2.8414,2.8414,2.8414,1
2026-07-21 10:43:00,2.8354,2.8364,2.8354,2.8364,2.8404,2.8414,2.8404,2.8414,4
2026-07-21 10:44:00,2.8354,2.8364,2.8344,2.8344,2.8404,2.8414,2.8394,2.8394,4
2026-07-21 10:45:00,2.8349,2.8374,2.8349,2.8374,2.8399,2.8424,2.8399,2.8424,11
2026-07-21 10:46:00,2.8384,2.8389,2.8384,2.8384,2.8434,2.8439,2.8434,2.8434,3
2026-07-21 10:47:00,2.8389,2.8394,2.8384,2.8394,2.8439,2.8444,2.8434,2.8444,13
2026-07-21 10:48:00,2.8389,2.8389,2.8374,2.8379,2.8439,2.8439,2.8424,2.8429,10
2026-07-21 10:49:00,2.8374,2.8394,2.8374,2.8394,2.8424,2.8444,2.8424,2.8444,17
2026-07-21 10:53:00,2.8384,2.8394,2.8384,2.8394,2.8434,2.8444,2.8434,2.8444,8
2026-07-21 10:54:00,2.8384,2.8404,2.8384,2.8404,2.8434,2.8454,2.8434,2.8454,4
2026-07-21 10:58:00,2.8409,2.8414,2.8404,2.8409,2.8459,2.8464,2.8454,2.8459,8
2026-07-21 10:59:00,2.8414,2.8414,2.8414,2.8414,2.8464,2.8464,2.8464,2.8464,1
2026-07-21 11:00:00,2.8424,2.8434,2.8414,2.8424,2.8474,2.8484,2.8464,2.8474,12
2026-07-21 11:01:00,2.8434,2.8444,2.8414,2.8444,2.8484,2.8494,2.8464,2.8494,12
2026-07-21 11:02:00,2.8439,2.8444,2.8439,2.8444,2.8489,2.8494,2.8489,2.8494,2
2026-07-21 11:03:00,2.8434,2.8454,2.8434,2.8444,2.8484,2.8504,2.8484,2.8494,11
2026-07-21 11:08:00,2.8454,2.8454,2.8444,2.8444,2.8504,2.8504,2.8494,2.8494,2
2026-07-21 11:09:00,2.8454,2.8484,2.8454,2.8474,2.8504,2.8534,2.8504,2.8524,13
2026-07-21 11:10:00,2.8469,2.8474,2.8464,2.8474,2.8519,2.8524,2.8514,2.8524,3
2026-07-21 11:11:00,2.8479,2.8494,2.8479,2.8494,2.8529,2.8544,2.8529,2.8544,6
2026-07-21 11:12:00,2.8499,2.8514,2.8494,2.8504,2.8549,2.8564,2.8544,2.8554,13
2026-07-21 11:13:00,2.8514,2.8514,2.8504,2.8514,2.8564,2.8564,2.8554,2.8564,4
2026-07-21 11:14:00,2.8504,2.8514,2.8504,2.8504,2.8554,2.8564,2.8554,2.8554,4
2026-07-21 11:15:00,2.8509,2.8514,2.8504,2.8514,2.8559,2.8564,2.8554,2.8564,10
2026-07-21 11:16:00,2.8504,2.8514,2.8504,2.8514,2.8554,2.8564,2.8554,2.8564,2
2026-07-21 11:17:00,2.8519,2.8564,2.8519,2.8554,2.8569,2.8614,2.8569,2.8604,27
2026-07-21 11:18:00,2.8544,2.8554,2.8544,2.8554,2.8594,2.8604,2.8594,2.8604,5
2026-07-21 11:19:00,2.8544,2.8564,2.8544,2.8554,2.8594,2.8614,2.8594,2.8604,6
2026-07-21 11:20:00,2.8564,2.8594,2.8554,2.8574,2.8614,2.8644,2.8604,2.8624,19
2026-07-21 11:21:00,2.8564,2.8569,2.8554,2.8564,2.8614,2.8619,2.8604,2.8614,5
2026-07-21 11:22:00,2.8574,2.8574,2.8564,2.8574,2.8624,2.8624,2.8614,2.8624,13
2026-07-21 11:23:00,2.8564,2.8574,2.8544,2.8554,2.8614,2.8624,2.8594,2.8604,13
2026-07-21 11:24:00,2.8559,2.8564,2.8554,2.8564,2.8609,2.8614,2.8604,2.8614,20
2026-07-21 11:25:00,2.8554,2.8554,2.8544,2.8544,2.8604,2.8604,2.8594,2.8594,6
2026-07-21 11:26:00,2.8539,2.8544,2.8514,2.8524,2.8589,2.8594,2.8564,2.8574,17
2026-07-21 11:27:00,2.8529,2.8544,2.8524,2.8544,2.8579,2.8594,2.8574,2.8594,21
2026-07-21 11:28:00,2.8534,2.8554,2.8534,2.8554,2.8584,2.8604,2.8584,2.8604,18
2026-07-21 11:29:00,2.8564,2.8574,2.8564,2.8574,2.8614,2.8624,2.8614,2.8624,12
2026-07-21 11:30:00,2.8564,2.8574,2.8564,2.8564,2.8614,2.8624,2.8614,2.8614,7
2026-07-21 11:31:00,2.8569,2.8569,2.8564,2.8564,2.8619,2.8619,2.8614,2.8614,10
2026-07-21 11:32:00,2.8554,2.8554,2.8554,2.8554,2.8604,2.8604,2.8604,2.8604,1
2026-07-21 11:33:00,2.8564,2.8574,2.8564,2.8569,2.8614,2.8624,2.8614,2.8619,3
2026-07-21 11:34:00,2.8574,2.8574,2.8564,2.8574,2.8624,2.8624,2.8614,2.8624,5
2026-07-21 11:35:00,2.8564,2.8594,2.8564,2.8594,2.8614,2.8644,2.8614,2.8644,11
2026-07-21 11:36:00,2.8604,2.8614,2.8604,2.8604,2.8654,2.8664,2.8654,2.8654,4
2026-07-21 11:37:00,2.8609,2.8614,2.8604,2.8614,2.8659,2.8664,2.8654,2.8664,12
2026-07-21 11:38:00,2.8604,2.8664,2.8604,2.8644,2.8654,2.8714,2.8654,2.8694,18
2026-07-21 11:39:00,2.8634,2.8634,2.8634,2.8634,2.8684,2.8684,2.8684,2.8684,1
2026-07-21 11:40:00,2.8644,2.8644,2.8634,2.8644,2.8694,2.8694,2.8684,2.8694,14
2026-07-21 11:41:00,2.8654,2.8654,2.8644,2.8644,2.8704,2.8704,2.8694,2.8694,5
2026-07-21 11:42:00,2.8654,2.8654,2.8624,2.8624,2.8704,2.8704,2.8674,2.8674,13
2026-07-21 11:43:00,2.8614,2.8644,2.8614,2.8634,2.8664,2.8694,2.8664,2.8684,15
2026-07-21 11:44:00,2.8629,2.8634,2.8629,2.8634,2.8679,2.8684,2.8679,2.8684,2
2026-07-21 11:46:00,2.8644,2.8644,2.8634,2.8634,2.8694,2.8694,2.8684,2.8684,2
2026-07-21 11:47:00,2.8629,2.8634,2.8624,2.8624,2.8679,2.8684,2.8674,2.8674,3
2026-07-21 11:48:00,2.8614,2.8614,2.8594,2.8599,2.8664,2.8664,2.8644,2.8649,19
2026-07-21 11:49:00,2.8604,2.8604,2.8584,2.8594,2.8654,2.8654,2.8634,2.8644,13
2026-07-21 11:50:00,2.8604,2.8604,2.8594,2.8594,2.8654,2.8654,2.8644,2.8644,2
2026-07-21 11:51:00,2.8589,2.8604,2.8584,2.8604,2.8639,2.8654,2.8634,2.8654,11
2026-07-21 11:52:00,2.8599,2.8654,2.8599,2.8634,2.8649,2.8704,2.8649,2.8684,16
2026-07-21 11:53:00,2.8644,2.8664,2.8634,2.8644,2.8694,2.8714,2.8684,2.8694,7
2026-07-21 11:54:00,2.8649,2.8654,2.8649,2.8654,2.8699,2.8704,2.8699,2.8704,2
2026-07-21 11:55:00,2.8644,2.8644,2.8644,2.8644,2.8694,2.8694,2.8694,2.8694,1
2026-07-21 11:56:00,2.8654,2.8654,2.8644,2.8654,2.8704,2.8704,2.8694,2.8704,5
2026-07-21 11:57:00,2.8644,2.8654,2.8634,2.8644,2.8694,2.8704,2.8684,2.8694,10
2026-07-21 11:58:00,2.8654,2.8654,2.8644,2.8654,2.8704,2.8704,2.8694,2.8704,16
2026-07-21 11:59:00,2.8649,2.8654,2.8634,2.8654,2.8699,2.8704,2.8684,2.8704,18
2026-07-21 12:00:00,2.8659,2.8659,2.8624,2.8634,2.8709,2.8709,2.8674,2.8684,7
2026-07-21 12:01:00,2.8644,2.8644,2.8634,2.8644,2.8694,2.8694,2.8684,2.8694,4
2026-07-21 12:02:00,2.8654,2.8674,2.8634,2.8664,2.8704,2.8724,2.8684,2.8714,24
2026-07-21 12:03:00,2.8659,2.8664,2.8654,2.8654,2.8709,2.8714,2.8704,2.8704,5
2026-07-21 12:04:00,2.8649,2.8654,2.8644,2.8644,2.8699,2.8704,2.8694,2.8694,4
2026-07-21 12:05:00,2.8639,2.8639,2.8634,2.8634,2.8689,2.8689,2.8684,2.8684,4
2026-07-21 12:06:00,2.8624,2.8634,2.8624,2.8624,2.8674,2.8684,2.8674,2.8674,5
2026-07-21 12:08:00,2.8614,2.8614,2.8584,2.8584,2.8664,2.8664,2.8634,2.8634,5
2026-07-21 12:09:00,2.8594,2.8609,2.8594,2.8594,2.8644,2.8659,2.8644,2.8644,5
2026-07-21 12:10:00,2.8604,2.8604,2.8564,2.8574,2.8654,2.8654,2.8614,2.8624,20
2026-07-21 12:11:00,2.8564,2.8569,2.8534,2.8554,2.8614,2.8619,2.8584,2.8604,18
2026-07-21 12:12:00,2.8559,2.8594,2.8559,2.8594,2.8609,2.8644,2.8609,2.8644,11
2026-07-21 12:13:00,2.8589,2.8614,2.8584,2.8604,2.8639,2.8664,2.8634,2.8654,14
2026-07-21 12:14:00,2.8599,2.8604,2.8594,2.8604,2.8649,2.8654,2.8644,2.8654,4
2026-07-21 12:15:00,2.8614,2.8614,2.8604,2.8604,2.8664,2.8664,2.8654,2.8654,2
2026-07-21 12:16:00,2.8599,2.8604,2.8594,2.8604,2.8649,2.8654,2.8644,2.8654,6
2026-07-21 12:17:00,2.8614,2.8614,2.8584,2.8584,2.8664,2.8664,2.8634,2.8634,7
2026-07-21 12:19:00,2.8594,2.8614,2.8594,2.8604,2.8644,2.8664,2.8644,2.8654,6
2026-07-21 12:20:00,2.8594,2.8594,2.8584,2.8584,2.8644,2.8644,2.8634,2.8634,2
2026-07-21 12:21:00,2.8589,2.8604,2.8589,2.8604,2.8639,2.8654,2.8639,2.8654,3
2026-07-21 12:22:00,2.8594,2.8604,2.8594,2.8594,2.8644,2.8654,2.8644,2.8644,4
2026-07-21 12:24:00,2.8584,2.8584,2.8574,2.8584,2.8634,2.8634,2.8624,2.8634,3
2026-07-21 12:25:00,2.8594,2.8594,2.8574,2.8574,2.8644,2.8644,2.8624,2.8624,6
2026-07-21 12:26:00,2.8564,2.8564,2.8554,2.8554,2.8614,2.8614,2.8604,2.8604,2
2026-07-21 12:27:00,2.8564,2.8564,2.8554,2.8554,2.8614,2.8614,2.8604,2.8604,3
2026-07-21 12:28:00,2.8544,2.8559,2.8544,2.8554,2.8594,2.8609,2.8594,2.8604,4
2026-07-21 12:29:00,2.8564,2.8564,2.8554,2.8554,2.8614,2.8614,2.8604,2.8604,3
2026-07-21 12:30:00,2.8544,2.8554,2.8544,2.8554,2.8594,2.8604,2.8594,2.8604,3
2026-07-21 12:31:00,2.8544,2.8544,2.8544,2.8544,2.8594,2.8594,2.8594,2.8594,1
2026-07-21 12:32:00,2.8554,2.8554,2.8534,2.8534,2.8604,2.8604,2.8584,2.8584,3
2026-07-21 12:33:00,2.8544,2.8544,2.8544,2.8544,2.8594,2.8594,2.8594,2.8594,1
2026-07-21 12:34:00,2.8554,2.8554,2.8534,2.8554,2.8604,2.8604,2.8584,2.8604,7
2026-07-21 12:35:00,2.8564,2.8564,2.8544,2.8554,2.8614,2.8614,2.8594,2.8604,12
2026-07-21 12:36:00,2.8564,2.8564,2.8554,2.8564,2.8614,2.8614,2.8604,2.8614,10
2026-07-21 12:37:00,2.8559,2.8564,2.8524,2.8524,2.8609,2.8614,2.8574,2.8574,6
2026-07-21 12:38:00,2.8534,2.8554,2.8534,2.8554,2.8584,2.8604,2.8584,2.8604,6
2026-07-21 12:39:00,2.8564,2.8564,2.8564,2.8564,2.8614,2.8614,2.8614,2.8614,1
2026-07-21 12:40:00,2.8554,2.8554,2.8544,2.8544,2.8604,2.8604,2.8594,2.8594,2
2026-07-21 12:41:00,2.8549,2.8554,2.8544,2.8554,2.8599,2.8604,2.8594,2.8604,5
2026-07-21 12:42:00,2.8544,2.8544,2.8544,2.8544,2.8594,2.8594,2.8594,2.8594,1
2026-07-21 12:44:00,2.8534,2.8554,2.8534,2.8549,2.8584,2.8604,2.8584,2.8599,4
2026-07-21 12:45:00,2.8544,2.8544,2.8544,2.8544,2.8594,2.8594,2.8594,2.8594,1
2026-07-21 12:46:00,2.8554,2.8614,2.8554,2.8604,2.8604,2.8664,2.8604,2.8654,29
2026-07-21 12:47:00,2.8614,2.8624,2.8594,2.8604,2.8664,2.8674,2.8644,2.8654,18
2026-07-21 12:48:00,2.8609,2.8624,2.8599,2.8624,2.8659,2.8674,2.8649,2.8674,11
2026-07-21 12:49:00,2.8619,2.8619,2.8604,2.8604,2.8669,2.8669,2.8654,2.8654,3
2026-07-21 12:50:00,2.8594,2.8614,2.8594,2.8614,2.8644,2.8664,2.8644,2.8664,8
2026-07-21 12:51:00,2.8624,2.8624,2.8614,2.8614,2.8674,2.8674,2.8664,2.8664,2
2026-07-21 12:52:00,2.8624,2.8634,2.8624,2.8634,2.8674,2.8684,2.8674,2.8684,11
2026-07-21 12:53:00,2.8629,2.8644,2.8624,2.8624,2.8679,2.8694,2.8674,2.8674,21
2026-07-21 12:54:00,2.8634,2.8674,2.8624,2.8664,2.8684,2.8724,2.8674,2.8714,22
2026-07-21 12:55:00,2.8654,2.8659,2.8634,2.8644,2.8704,2.8709,2.8684,2.8694,10
2026-07-21 12:56:00,2.8649,2.8664,2.8644,2.8659,2.8699,2.8714,2.8694,2.8709,18
2026-07-21 12:57:00,2.8654,2.8654,2.8634,2.8639,2.8704,2.8704,2.8684,2.8689,20
2026-07-21 12:58:00,2.8634,2.8644,2.8634,2.8634,2.8684,2.8694,2.8684,2.8684,23
2026-07-21 12:59:00,2.8624,2.8624,2.8604,2.8614,2.8674,2.8674,2.8654,2.8664,4
2026-07-21 13:00:00,2.8624,2.8624,2.8594,2.8619,2.8674,2.8674,2.8644,2.8669,19
2026-07-21 13:01:00,2.8624,2.8624,2.8604,2.8604,2.8674,2.8674,2.8654,2.8654,7
2026-07-21 13:02:00,2.8614,2.8614,2.8604,2.8604,2.8664,2.8664,2.8654,2.8654,4
2026-07-21 13:03:00,2.8614,2.8614,2.8584,2.8584,2.8664,2.8664,2.8634,2.8634,5
2026-07-21 13:04:00,2.8574,2.8604,2.8569,2.8604,2.8624,2.8654,2.8619,2.8654,11
2026-07-21 13:05:00,2.8594,2.8604,2.8594,2.8594,2.8644,2.8654,2.8644,2.8644,6
2026-07-21 13:06:00,2.8584,2.8584,2.8569,2.8574,2.8634,2.8634,2.8619,2.8624,9
2026-07-21 13:07:00,2.8584,2.8584,2.8544,2.8554,2.8634,2.8634,2.8594,2.8604,11
2026-07-21 13:08:00,2.8564,2.8564,2.8554,2.8554,2.8614,2.8614,2.8604,2.8604,2
2026-07-21 13:09:00,2.8549,2.8564,2.8549,2.8564,2.8599,2.8614,2.8599,2.8614,3
2026-07-21 13:11:00,2.8554,2.8564,2.8474,2.8494,2.8604,2.8614,2.8524,2.8544,53
2026-07-21 13:12:00,2.8484,2.8514,2.8484,2.8504,2.8534,2.8564,2.8534,2.8554,17
2026-07-21 13:13:00,2.8509,2.8514,2.8504,2.8514,2.8559,2.8564,2.8554,2.8564,6
2026-07-21 13:14:00,2.8504,2.8524,2.8504,2.8524,2.8554,2.8574,2.8554,2.8574,3
2026-07-21 13:15:00,2.8519,2.8524,2.8474,2.8494,2.8569,2.8574,2.8524,2.8544,24
2026-07-21 13:16:00,2.8489,2.8499,2.8484,2.8494,2.8539,2.8549,2.8534,2.8544,7
2026-07-21 13:17:00,2.8504,2.8504,2.8424,2.8434,2.8554,2.8554,2.8474,2.8484,34
2026-07-21 13:18:00,2.8444,2.8464,2.8434,2.8454,2.8494,2.8514,2.8484,2.8504,23
2026-07-21 13:19:00,2.8459,2.8474,2.8454,2.8464,2.8509,2.8524,2.8504,2.8514,20
2026-07-21 13:20:00,2.8469,2.8479,2.8454,2.8464,2.8519,2.8529,2.8504,2.8514,19
2026-07-21 13:21:00,2.8459,2.8499,2.8454,2.8499,2.8509,2.8549,2.8504,2.8549,20
2026-07-21 13:22:00,2.8494,2.8514,2.8489,2.8514,2.8544,2.8564,2.8539,2.8564,12
2026-07-21 13:23:00,2.8509,2.8514,2.8504,2.8514,2.8559,2.8564,2.8554,2.8564,7
2026-07-21 13:24:00,2.8504,2.8514,2.8504,2.8504,2.8554,2.8564,2.8554,2.8554,3
2026-07-21 13:25:00,2.8499,2.8504,2.8484,2.8494,2.8549,2.8554,2.8534,2.8544,10
2026-07-21 13:26:00,2.8504,2.8534,2.8504,2.8519,2.8554,2.8584,2.8554,2.8569,14
2026-07-21 13:27:00,2.8514,2.8519,2.8504,2.8504,2.8564,2.8569,2.8554,2.8554,4
2026-07-21 13:28:00,2.8514,2.8514,2.8494,2.8504,2.8564,2.8564,2.8544,2.8554,8
2026-07-21 13:29:00,2.8494,2.8504,2.8494,2.8494,2.8544,2.8554,2.8544,2.8544,3
2026-07-21 13:30:00,2.8504,2.8504,2.8474,2.8474,2.8554,2.8554,2.8524,2.8524,14
2026-07-21 13:31:00,2.8484,2.8484,2.8454,2.8474,2.8534,2.8534,2.8504,2.8524,10
2026-07-21 13:32:00,2.8484,2.8494,2.8484,2.8489,2.8534,2.8544,2.8534,2.8539,9
2026-07-21 13:33:00,2.8494,2.8494,2.8484,2.8484,2.8544,2.8544,2.8534,2.8534,4
2026-07-21 13:35:00,2.8474,2.8534,2.8474,2.8504,2.8524,2.8584,2.8524,2.8554,22
2026-07-21 13:36:00,2.8499,2.8514,2.8474,2.8504,2.8549,2.8564,2.8524,2.8554,18
2026-07-21 13:37:00,2.8509,2.8564,2.8494,2.8564,2.8559,2.8614,2.8544,2.8614,23
2026-07-21 13:38:00,2.8554,2.8554,2.8534,2.8549,2.8604,2.8604,2.8584,2.8599,10
2026-07-21 13:39:00,2.8554,2.8554,2.8524,2.8539,2.8604,2.8604,2.8574,2.8589,16
2026-07-21 13:40:00,2.8544,2.8554,2.8544,2.8549,2.8594,2.8604,2.8594,2.8599,19
2026-07-21 13:41:00,2.8554,2.8614,2.8544,2.8599,2.8604,2.8664,2.8594,2.8649,23
2026-07-21 13:42:00,2.8594,2.8614,2.8579,2.8584,2.8644,2.8664,2.8629,2.8634,16
2026-07-21 13:43:00,2.8574,2.8574,2.8564,2.8564,2.8624,2.8624,2.8614,2.8614,7
2026-07-21 13:44:00,2.8554,2.8554,2.8524,2.8524,2.8604,2.8604,2.8574,2.8574,8
2026-07-21 13:45:00,2.8534,2.8544,2.8534,2.8534,2.8584,2.8594,2.8584,2.8584,8
2026-07-21 13:46:00,2.8524,2.8524,2.8514,2.8524,2.8574,2.8574,2.8564,2.8574,9
2026-07-21 13:47:00,2.8514,2.8524,2.8454,2.8454,2.8564,2.8574,2.8504,2.8504,20
2026-07-21 13:48:00,2.8464,2.8484,2.8464,2.8479,2.8514,2.8534,2.8514,2.8529,14
2026-07-21 13:49:00,2.8474,2.8494,2.8464,2.8484,2.8524,2.8544,2.8514,2.8534,23
2026-07-21 13:50:00,2.8494,2.8549,2.8494,2.8514,2.8544,2.8599,2.8544,2.8564,71
2026-07-21 13:51:00,2.8509,2.8524,2.8494,2.8504,2.8559,2.8574,2.8544,2.8554,23
2026-07-21 13:52:00,2.8499,2.8514,2.8494,2.8514,2.8549,2.8564,2.8544,2.8564,11
2026-07-21 13:53:00,2.8509,2.8514,2.8484,2.8509,2.8559,2.8564,2.8534,2.8559,9
2026-07-21 13:54:00,2.8504,2.8524,2.8474,2.8524,2.8554,2.8574,2.8524,2.8574,29
2026-07-21 13:55:00,2.8529,2.8534,2.8494,2.8519,2.8579,2.8584,2.8544,2.8569,17
2026-07-21 13:56:00,2.8514,2.8514,2.8434,2.8444,2.8564,2.8564,2.8484,2.8494,87
2026-07-21 13:57:00,2.8439,2.8469,2.8414,2.8449,2.8489,2.8519,2.8464,2.8499,34
2026-07-21 13:58:00,2.8444,2.8464,2.8424,2.8434,2.8494,2.8514,2.8474,2.8484,16
2026-07-21 13:59:00,2.8429,2.8464,2.8429,2.8454,2.8479,2.8514,2.8479,2.8504,19
2026-07-21 14:00:00,2.8449,2.8474,2.8439,2.8464,2.8499,2.8524,2.8489,2.8514,29
2026-07-21 14:01:00,2.8459,2.8484,2.8454,2.8484,2.8509,2.8534,2.8504,2.8534,20
2026-07-21 14:02:00,2.8479,2.8504,2.8444,2.8504,2.8529,2.8554,2.8494,2.8554,21
2026-07-21 14:03:00,2.8494,2.8514,2.8484,2.8504,2.8544,2.8564,2.8534,2.8554,16
2026-07-21 14:04:00,2.8509,2.8514,2.8414,2.8434,2.8559,2.8564,2.8464,2.8484,55
2026-07-21 14:05:00,2.8429,2.8484,2.8424,2.8449,2.8479,2.8534,2.8474,2.8499,28
2026-07-21 14:06:00,2.8444,2.8454,2.8439,2.8444,2.8494,2.8504,2.8489,2.8494,24
2026-07-21 14:07:00,2.8434,2.8464,2.8424,2.8454,2.8484,2.8514,2.8474,2.8504,13
2026-07-21 14:08:00,2.8449,2.8474,2.8449,2.8469,2.8499,2.8524,2.8499,2.8519,14
2026-07-21 14:09:00,2.8474,2.8484,2.8444,2.8454,2.8524,2.8534,2.8494,2.8504,20
2026-07-21 14:10:00,2.8449,2.8454,2.8434,2.8439,2.8499,2.8504,2.8484,2.8489,13
2026-07-21 14:11:00,2.8434,2.8434,2.8424,2.8429,2.8484,2.8484,2.8474,2.8479,39
2026-07-21 14:12:00,2.8424,2.8424,2.8384,2.8404,2.8474,2.8474,2.8434,2.8454,105
2026-07-21 14:13:00,2.8394,2.8434,2.8394,2.8434,2.8444,2.8484,2.8444,2.8484,25
2026-07-21 14:14:00,2.8439,2.8444,2.8434,2.8439,2.8489,2.8494,2.8484,2.8489,4
2026-07-21 14:15:00,2.8434,2.8494,2.8424,2.8489,2.8484,2.8544,2.8474,2.8539,34
2026-07-21 14:16:00,2.8494,2.8534,2.8484,2.8514,2.8544,2.8584,2.8534,2.8564,46
2026-07-21 14:17:00,2.8504,2.8524,2.8484,2.8489,2.8554,2.8574,2.8534,2.8539,23
2026-07-21 14:18:00,2.8484,2.8524,2.8484,2.8524,2.8534,2.8574,2.8534,2.8574,14
2026-07-21 14:19:00,2.8534,2.8584,2.8529,2.8554,2.8584,2.8634,2.8579,2.8604,32
2026-07-21 14:20:00,2.8544,2.8554,2.8524,2.8524,2.8594,2.8604,2.8574,2.8574,12
2026-07-21 14:21:00,2.8519,2.8544,2.8484,2.8529,2.8569,2.8594,2.8534,2.8579,29
2026-07-21 14:22:00,2.8524,2.8549,2.8484,2.8504,2.8574,2.8599,2.8534,2.8554,38
2026-07-21 14:23:00,2.8494,2.8509,2.8489,2.8499,2.8544,2.8559,2.8539,2.8549,23
2026-07-21 14:24:00,2.8494,2.8499,2.8464,2.8494,2.8544,2.8549,2.8514,2.8544,28
2026-07-21 14:25:00,2.8489,2.8499,2.8439,2.8484,2.8539,2.8549,2.8489,2.8534,36
2026-07-21 14:26:00,2.8479,2.8484,2.8454,2.8484,2.8529,2.8534,2.8504,2.8534,26
2026-07-21 14:27:00,2.8479,2.8514,2.8454,2.8454,2.8529,2.8564,2.8504,2.8504,19
2026-07-21 14:28:00,2.8449,2.8454,2.8414,2.8424,2.8499,2.8504,2.8464,2.8474,22
2026-07-21 14:29:00,2.8434,2.8444,2.8419,2.8429,2.8484,2.8494,2.8469,2.8479,28
2026-07-21 14:30:00,2.8434,2.8444,2.8424,2.8444,2.8484,2.8494,2.8474,2.8494,21
2026-07-21 14:31:00,2.8449,2.8454,2.8414,2.8414,2.8499,2.8504,2.8464,2.8464,23
2026-07-21 14:32:00,2.8404,2.8404,2.8374,2.8394,2.8454,2.8454,2.8424,2.8444,68
2026-07-21 14:33:00,2.8404,2.8404,2.8334,2.8354,2.8454,2.8454,2.8384,2.8404,44
2026-07-21 14:34:00,2.8364,2.8374,2.8339,2.8354,2.8414,2.8424,2.8389,2.8404,34
2026-07-21 14:35:00,2.8334,2.8374,2.8324,2.8364,2.8384,2.8424,2.8374,2.8414,50
2026-07-21 14:36:00,2.8374,2.8374,2.8344,2.8344,2.8424,2.8424,2.8394,2.8394,14
2026-07-21 14:37:00,2.8334,2.8354,2.8324,2.8354,2.8384,2.8404,2.8374,2.8404,26
2026-07-21 14:38:00,2.8349,2.8349,2.8324,2.8339,2.8399,2.8399,2.8374,2.8389,27
2026-07-21 14:39:00,2.8344,2.8364,2.8334,2.8344,2.8394,2.8414,2.8384,2.8394,15
2026-07-21 14:40:00,2.8354,2.8394,2.8354,2.8384,2.8404,2.8444,2.8404,2.8434,22
2026-07-21 14:41:00,2.8394,2.8414,2.8389,2.8404,2.8444,2.8464,2.8439,2.8454,17
2026-07-21 14:42:00,2.8409,2.8414,2.8394,2.8409,2.8459,2.8464,2.8444,2.8459,12
2026-07-21 14:43:00,2.8414,2.8424,2.8394,2.8394,2.8464,2.8474,2.8444,2.8444,17
2026-07-21 14:44:00,2.8384,2.8404,2.8364,2.8394,2.8434,2.8454,2.8414,2.8444,20
2026-07-21 14:45:00,2.8399,2.8464,2.8394,2.8444,2.8449,2.8514,2.8444,2.8494,33
2026-07-21 14:46:00,2.8449,2.8494,2.8394,2.8409,2.8499,2.8544,2.8444,2.8459,71
2026-07-21 14:47:00,2.8404,2.8404,2.8324,2.8324,2.8454,2.8454,2.8374,2.8374,52
2026-07-21 14:48:00,2.8334,2.8334,2.8284,2.8324,2.8384,2.8384,2.8334,2.8374,60
2026-07-21 14:49:00,2.8334,2.8354,2.8329,2.8344,2.8384,2.8404,2.8379,2.8394,18
2026-07-21 14:50:00,2.8334,2.8354,2.8314,2.8354,2.8384,2.8404,2.8364,2.8404,34
2026-07-21 14:51:00,2.8359,2.8364,2.8314,2.8314,2.8409,2.8414,2.8364,2.8364,47
2026-07-21 14:52:00,2.8324,2.8344,2.8304,2.8334,2.8374,2.8394,2.8354,2.8384,45
2026-07-21 14:53:00,2.8324,2.8324,2.8274,2.8294,2.8374,2.8374,2.8324,2.8344,33
2026-07-21 14:54:00,2.8304,2.8304,2.8294,2.8294,2.8354,2.8354,2.8344,2.8344,16
2026-07-21 14:55:00,2.8304,2.8314,2.8284,2.8284,2.8354,2.8364,2.8334,2.8334,19
2026-07-21 14:56:00,2.8294,2.8324,2.8289,2.8324,2.8344,2.8374,2.8339,2.8374,16
2026-07-21 14:57:00,2.8314,2.8354,2.8314,2.8344,2.8364,2.8404,2.8364,2.8394,11
2026-07-21 14:58:00,2.8349,2.8384,2.8344,2.8374,2.8399,2.8434,2.8394,2.8424,25
2026-07-21 14:59:00,2.8364,2.8389,2.8364,2.8374,2.8414,2.8439,2.8414,2.8424,15
2026-07-21 15:00:00,2.8364,2.8424,2.8354,2.8404,2.8414,2.8474,2.8404,2.8454,91
2026-07-21 15:01:00,2.8394,2.8434,2.8374,2.8434,2.8444,2.8484,2.8424,2.8484,48
2026-07-21 15:02:00,2.8424,2.8444,2.8384,2.8384,2.8474,2.8494,2.8434,2.8434,39
2026-07-21 15:03:00,2.8389,2.8434,2.8389,2.8434,2.8439,2.8484,2.8439,2.8484,40
2026-07-21 15:04:00,2.8444,2.8464,2.8424,2.8444,2.8494,2.8514,2.8474,2.8494,52
2026-07-21 15:05:00,2.8434,2.8444,2.8424,2.8434,2.8484,2.8494,2.8474,2.8484,12
2026-07-21 15:06:00,2.8429,2.8444,2.8384,2.8394,2.8479,2.8494,2.8434,2.8444,54
2026-07-21 15:07:00,2.8389,2.8414,2.8354,2.8354,2.8439,2.8464,2.8404,2.8404,35
2026-07-21 15:08:00,2.8364,2.8364,2.8324,2.8324,2.8414,2.8414,2.8374,2.8374,19
2026-07-21 15:09:00,2.8329,2.8404,2.8324,2.8399,2.8379,2.8454,2.8374,2.8449,37
2026-07-21 15:10:00,2.8404,2.8434,2.8384,2.8404,2.8454,2.8484,2.8434,2.8454,24
2026-07-21 15:11:00,2.8399,2.8434,2.8394,2.8424,2.8449,2.8484,2.8444,2.8474,25
2026-07-21 15:12:00,2.8429,2.8444,2.8424,2.8424,2.8479,2.8494,2.8474,2.8474,27
2026-07-21 15:13:00,2.8414,2.8444,2.8414,2.8429,2.8464,2.8494,2.8464,2.8479,33
2026-07-21 15:14:00,2.8434,2.8444,2.8424,2.8439,2.8484,2.8494,2.8474,2.8489,26
2026-07-21 15:15:00,2.8434,2.8444,2.8424,2.8424,2.8484,2.8494,2.8474,2.8474,19
2026-07-21 15:16:00,2.8429,2.8454,2.8414,2.8454,2.8479,2.8504,2.8464,2.8504,71
2026-07-21 15:17:00,2.8444,2.8449,2.8434,2.8439,2.8494,2.8499,2.8484,2.8489,17
2026-07-21 15:18:00,2.8434,2.8444,2.8434,2.8434,2.8484,2.8494,2.8484,2.8484,3
2026-07-21 15:19:00,2.8444,2.8474,2.8434,2.8444,2.8494,2.8524,2.8484,2.8494,19
2026-07-21 15:20:00,2.8454,2.8464,2.8454,2.8459,2.8504,2.8514,2.8504,2.8509,14
2026-07-21 15:21:00,2.8464,2.8474,2.8434,2.8434,2.8514,2.8524,2.8484,2.8484,28
2026-07-21 15:22:00,2.8424,2.8434,2.8384,2.8384,2.8474,2.8484,2.8434,2.8434,20
2026-07-21 15:23:00,2.8379,2.8389,2.8354,2.8364,2.8429,2.8439,2.8404,2.8414,28
2026-07-21 15:24:00,2.8354,2.8384,2.8344,2.8384,2.8404,2.8434,2.8394,2.8434,30
2026-07-21 15:25:00,2.8374,2.8394,2.8354,2.8354,2.8424,2.8444,2.8404,2.8404,28
2026-07-21 15:26:00,2.8349,2.8354,2.8324,2.8354,2.8399,2.8404,2.8374,2.8404,28
2026-07-21 15:27:00,2.8349,2.8364,2.8344,2.8344,2.8399,2.8414,2.8394,2.8394,8
2026-07-21 15:28:00,2.8349,2.8374,2.8349,2.8354,2.8399,2.8424,2.8399,2.8404,6
2026-07-21 15:29:00,2.8364,2.8364,2.8334,2.8344,2.8414,2.8414,2.8384,2.8394,24
2026-07-21 15:30:00,2.8339,2.8354,2.8324,2.8324,2.8389,2.8404,2.8374,2.8374,22
2026-07-21 15:31:00,2.8314,2.8364,2.8304,2.8334,2.8364,2.8414,2.8354,2.8384,33
2026-07-21 15:32:00,2.8344,2.8364,2.8334,2.8334,2.8394,2.8414,2.8384,2.8384,40
2026-07-21 15:33:00,2.8324,2.8334,2.8314,2.8324,2.8374,2.8384,2.8364,2.8374,40
2026-07-21 15:34:00,2.8314,2.8324,2.8264,2.8294,2.8364,2.8374,2.8314,2.8344,98
2026-07-21 15:35:00,2.8284,2.8334,2.8284,2.8334,2.8334,2.8384,2.8334,2.8384,50
2026-07-21 15:36:00,2.8324,2.8354,2.8314,2.8329,2.8374,2.8404,2.8364,2.8379,62
2026-07-21 15:37:00,2.8324,2.8334,2.8314,2.8324,2.8374,2.8384,2.8364,2.8374,32
2026-07-21 15:38:00,2.8314,2.8319,2.8284,2.8299,2.8364,2.8369,2.8334,2.8349,64
2026-07-21 15:39:00,2.8294,2.8299,2.8244,2.8274,2.8344,2.8349,2.8294,2.8324,62
2026-07-21 15:40:00,2.8264,2.8294,2.8264,2.8279,2.8314,2.8344,2.8314,2.8329,54
2026-07-21 15:41:00,2.8289,2.8354,2.8284,2.8329,2.8339,2.8404,2.8334,2.8379,56
2026-07-21 15:42:00,2.8324,2.8334,2.8304,2.8314,2.8374,2.8384,2.8354,2.8364,26
2026-07-21 15:43:00,2.8319,2.8344,2.8314,2.8339,2.8369,2.8394,2.8364,2.8389,56
2026-07-21 15:44:00,2.8334,2.8364,2.8334,2.8354,2.8384,2.8414,2.8384,2.8404,9
2026-07-21 15:45:00,2.8344,2.8414,2.8344,2.8414,2.8394,2.8464,2.8394,2.8464,36
2026-07-21 15:46:00,2.8404,2.8444,2.8394,2.8429,2.8454,2.8494,2.8444,2.8479,74
2026-07-21 15:47:00,2.8424,2.8454,2.8424,2.8444,2.8474,2.8504,2.8474,2.8494,38
2026-07-21 15:48:00,2.8434,2.8484,2.8434,2.8464,2.8484,2.8534,2.8484,2.8514,40
2026-07-21 15:49:00,2.8454,2.8454,2.8424,2.8434,2.8504,2.8504,2.8474,2.8484,10
2026-07-21 15:50:00,2.8424,2.8464,2.8424,2.8454,2.8474,2.8514,2.8474,2.8504,25
2026-07-21 15:51:00,2.8459,2.8469,2.8444,2.8464,2.8509,2.8519,2.8494,2.8514,13
2026-07-21 15:52:00,2.8454,2.8474,2.8444,2.8464,2.8504,2.8524,2.8494,2.8514,20
2026-07-21 15:53:00,2.8469,2.8474,2.8444,2.8444,2.8519,2.8524,2.8494,2.8494,20
2026-07-21 15:54:00,2.8454,2.8464,2.8444,2.8464,2.8504,2.8514,2.8494,2.8514,39
2026-07-21 15:55:00,2.8459,2.8474,2.8424,2.8434,2.8509,2.8524,2.8474,2.8484,20
2026-07-21 15:56:00,2.8424,2.8464,2.8414,2.8444,2.8474,2.8514,2.8464,2.8494,50
2026-07-21 15:57:00,2.8439,2.8444,2.8424,2.8434,2.8489,2.8494,2.8474,2.8484,17
2026-07-21 15:58:00,2.8424,2.8434,2.8414,2.8414,2.8474,2.8484,2.8464,2.8464,10
2026-07-21 15:59:00,2.8404,2.8424,2.8384,2.8394,2.8454,2.8474,2.8434,2.8444,15
2026-07-21 16:00:00,2.8384,2.8384,2.8364,2.8374,2.8434,2.8434,2.8414,2.8424,14
2026-07-21 16:01:00,2.8384,2.8394,2.8364,2.8374,2.8434,2.8444,2.8414,2.8424,18
2026-07-21 16:02:00,2.8364,2.8364,2.8324,2.8334,2.8414,2.8414,2.8374,2.8384,15
2026-07-21 16:03:00,2.8324,2.8334,2.8314,2.8324,2.8374,2.8384,2.8364,2.8374,22
2026-07-21 16:04:00,2.8324,2.8334,2.8314,2.8324,2.8374,2.8384,2.8354,2.8364,14
2026-07-21 16:05:00,2.8319,2.8334,2.8314,2.8329,2.8369,2.8384,2.8364,2.8384,13
2026-07-21 16:06:00,2.8324,2.8364,2.8324,2.8359,2.8394,2.8414,2.8394,2.8414,34
2026-07-21 16:07:00,2.8359,2.8359,2.8314,2.8319,2.8409,2.8409,2.8364,2.8364,24
2026-07-21 16:08:00,2.8304,2.8344,2.8304,2.8339,2.8354,2.8384,2.8354,2.8384,30
2026-07-21 16:09:00,2.8334,2.8374,2.8334,2.8374,2.8384,2.8404,2.8384,2.8404,14
2026-07-21 16:10:00,2.8364,2.8424,2.8364,2.8404,2.8414,2.8464,2.8414,2.8454,46
2026-07-21 16:11:00,2.8409,2.8424,2.8394,2.8424,2.8459,2.8474,2.8454,2.8474,50
2026-07-21 16:12:00,2.8414,2.8434,2.8404,2.8419,2.8464,2.8474,2.8454,2.8469,36
2026-07-21 16:13:00,2.8414,2.8424,2.8404,2.8424,2.8464,2.8484,2.8454,2.8474,24
2026-07-21 16:14:00,2.8419,2.8434,2.8414,2.8414,2.8479,2.8484,2.8464,2.8464,24
2026-07-21 16:15:00,2.8404,2.8414,2.8404,2.8414,2.8454,2.8464,2.8454,2.8464,4
2026-07-21 16:16:00,2.8404,2.8404,2.8394,2.8404,2.8454,2.8454,2.8444,2.8454,24
2026-07-21 16:17:00,2.8409,2.8434,2.8404,2.8434,2.8459,2.8484,2.8454,2.8484,13
2026-07-21 16:18:00,2.8434,2.8464,2.8434,2.8454,2.8484,2.8514,2.8484,2.8504,16
2026-07-21 16:19:00,2.8459,2.8484,2.8444,2.8469,2.8509,2.8534,2.8494,2.8524,47
2026-07-21 16:20:00,2.8474,2.8504,2.8469,2.8489,2.8524,2.8554,2.8519,2.8539,68
2026-07-21 16:21:00,2.8494,2.8494,2.8484,2.8484,2.8534,2.8544,2.8534,2.8534,49
2026-07-21 16:22:00,2.8494,2.8514,2.8484,2.8504,2.8544,2.8564,2.8534,2.8544,34
2026-07-21 16:23:00,2.8504,2.8504,2.8464,2.8474,2.8554,2.8554,2.8514,2.8524,24
2026-07-21 16:24:00,2.8484,2.8484,2.8464,2.8464,2.8514,2.8524,2.8514,2.8519,17
2026-07-21 16:25:00,2.8469,2.8494,2.8464,2.8484,2.8519,2.8544,2.8514,2.8534,20
2026-07-21 16:26:00,2.8489,2.8499,2.8484,2.8484,2.8539,2.8549,2.8534,2.8534,20
2026-07-21 16:27:00,2.8494,2.8504,2.8474,2.8494,2.8544,2.8554,2.8524,2.8544,29
2026-07-21 16:28:00,2.8489,2.8504,2.8484,2.8494,2.8539,2.8554,2.8534,2.8544,23
2026-07-21 16:29:00,2.8489,2.8494,2.8484,2.8484,2.8539,2.8544,2.8534,2.8534,28
2026-07-21 16:30:00,2.8494,2.8494,2.8474,2.8474,2.8544,2.8544,2.8524,2.8524,11
2026-07-21 16:31:00,2.8484,2.8504,2.8464,2.8494,2.8519,2.8554,2.8514,2.8544,60
2026-07-21 16:32:00,2.8489,2.8494,2.8474,2.8484,2.8539,2.8544,2.8524,2.8534,26
2026-07-21 16:33:00,2.8479,2.8484,2.8474,2.8474,2.8544,2.8544,2.8524,2.8524,13
2026-07-21 16:34:00,2.8464,2.8504,2.8464,2.8504,2.8514,2.8564,2.8514,2.8554,18
2026-07-21 16:35:00,2.8514,2.8534,2.8504,2.8514,2.8564,2.8569,2.8554,2.8564,42
2026-07-21 16:36:00,2.8504,2.8504,2.8484,2.8489,2.8554,2.8554,2.8534,2.8539,26
2026-07-21 16:37:00,2.8494,2.8494,2.8484,2.8489,2.8544,2.8554,2.8534,2.8539,20
2026-07-21 16:38:00,2.8459,2.8484,2.8454,2.8474,2.8509,2.8534,2.8504,2.8524,21
2026-07-21 16:39:00,2.8469,2.8469,2.8444,2.8454,2.8514,2.8514,2.8494,2.8504,10
2026-07-21 16:40:00,2.8464,2.8464,2.8444,2.8449,2.8514,2.8514,2.8494,2.8499,5
2026-07-21 16:41:00,2.8454,2.8489,2.8444,2.8489,2.8504,2.8539,2.8494,2.8539,15
2026-07-21 16:42:00,2.8484,2.8484,2.8464,2.8474,2.8519,2.8519,2.8519,2.8519,9
2026-07-21 16:43:00,2.8454,2.8464,2.8444,2.8444,2.8504,2.8514,2.8494,2.8494,11
2026-07-21 16:44:00,2.8434,2.8434,2.8429,2.8429,2.8484,2.8494,2.8464,2.8479,6
2026-07-21 16:45:00,2.8429,2.8464,2.8424,2.8444,2.8479,2.8514,2.8474,2.8494,24
2026-07-21 16:46:00,2.8449,2.8449,2.8444,2.8444,2.8494,2.8494,2.8494,2.8494,6
2026-07-21 16:47:00,2.8454,2.8454,2.8414,2.8414,2.8504,2.8504,2.8464,2.8464,7
2026-07-21 16:48:00,2.8384,2.8389,2.8334,2.8334,2.8434,2.8439,2.8384,2.8384,44
2026-07-21 16:49:00,2.8319,2.8334,2.8314,2.8334,2.8369,2.8384,2.8364,2.8384,50
2026-07-21 16:50:00,2.8324,2.8334,2.8284,2.8289,2.8374,2.8384,2.8334,2.8339,45
2026-07-21 16:51:00,2.8284,2.8334,2.8284,2.8334,2.8334,2.8384,2.8334,2.8384,31
2026-07-21 16:52:00,2.8344,2.8354,2.8334,2.8339,2.8394,2.8404,2.8384,2.8389,28
2026-07-21 16:53:00,2.8334,2.8364,2.8334,2.8344,2.8384,2.8414,2.8384,2.8394,32
2026-07-21 16:54:00,2.8344,2.8354,2.8344,2.8354,2.8384,2.8404,2.8384,2.8404,14
2026-07-21 16:55:00,2.8344,2.8364,2.8344,2.8354,2.8394,2.8414,2.8394,2.8404,24
2026-07-21 16:56:00,2.8364,2.8364,2.8344,2.8344,2.8414,2.8414,2.8394,2.8394,12
2026-07-21 16:57:00,2.8339,2.8339,2.8319,2.8324,2.8389,2.8389,2.8369,2.8374,28
2026-07-21 16:58:00,2.8334,2.8349,2.8324,2.8349,2.8384,2.8399,2.8374,2.8399,20
2026-07-21 16:59:00,2.8344,2.8344,2.8334,2.8334,2.8394,2.8394,2.8384,2.8384,9
2026-07-21 17:00:00,2.8344,2.8344,2.8344,2.8344,2.8394,2.8394,2.8394,2.8394,1
2026-07-21 17:01:00,2.8364,2.8414,2.8364,2.8389,2.8414,2.8464,2.8414,2.8444,13
2026-07-21 17:02:00,2.8394,2.8394,2.8384,2.8384,2.8444,2.8444,2.8434,2.8434,5
2026-07-21 17:03:00,2.8374,2.8384,2.8374,2.8384,2.8434,2.8434,2.8424,2.8434,36
2026-07-21 17:04:00,2.8379,2.8384,2.8364,2.8364,2.8429,2.8434,2.8414,2.8414,16
2026-07-21 17:05:00,2.8369,2.8374,2.8364,2.8369,2.8419,2.8424,2.8414,2.8414,14
2026-07-21 17:06:00,2.8359,2.8384,2.8354,2.8379,2.8404,2.8434,2.8404,2.8429,28
2026-07-21 17:07:00,2.8384,2.8394,2.8374,2.8374,2.8434,2.8444,2.8424,2.8444,12
2026-07-21 17:08:00,2.8384,2.8384,2.8374,2.8379,2.8434,2.8434,2.8434,2.8434,6
2026-07-21 17:09:00,2.8384,2.8384,2.8354,2.8359,2.8434,2.8434,2.8404,2.8409,14
2026-07-21 17:10:00,2.8379,2.8379,2.8374,2.8374,2.8419,2.8429,2.8419,2.8424,8
2026-07-21 17:11:00,2.8379,2.8404,2.8379,2.8399,2.8429,2.8454,2.8429,2.8449,26
2026-07-21 17:12:00,2.8394,2.8404,2.8374,2.8399,2.8444,2.8454,2.8434,2.8449,20
2026-07-21 17:13:00,2.8404,2.8414,2.8404,2.8414,2.8454,2.8464,2.8454,2.8464,34
2026-07-21 17:14:00,2.8424,2.8424,2.8414,2.8414,2.8474,2.8474,2.8464,2.8464,28
2026-07-21 17:15:00,2.8404,2.8404,2.8394,2.8394,2.8454,2.8454,2.8444,2.8444,8
2026-07-21 17:16:00,2.8399,2.8424,2.8399,2.8414,2.8449,2.8474,2.8449,2.8464,13
2026-07-21 17:17:00,2.8424,2.8444,2.8414,2.8434,2.8474,2.8494,2.8464,2.8484,15
2026-07-21 17:18:00,2.8424,2.8424,2.8409,2.8414,2.8474,2.8474,2.8459,2.8464,9
2026-07-21 17:19:00,2.8404,2.8404,2.8394,2.8404,2.8454,2.8454,2.8444,2.8454,5
2026-07-21 17:20:00,2.8484,2.8504,2.8444,2.8474,2.8464,2.8554,2.8464,2.8524,84
2026-07-21 17:21:00,2.8479,2.8479,2.8434,2.8454,2.8529,2.8529,2.8484,2.8504,27
2026-07-21 17:22:00,2.8444,2.8474,2.8444,2.8464,2.8494,2.8524,2.8494,2.8524,20
2026-07-21 17:23:00,2.8484,2.8504,2.8474,2.8504,2.8534,2.8554,2.8524,2.8554,14
2026-07-21 17:24:00,2.8514,2.8514,2.8504,2.8514,2.8564,2.8564,2.8554,2.8564,27
2026-07-21 17:25:00,2.8504,2.8544,2.8504,2.8519,2.8554,2.8594,2.8554,2.8569,30
2026-07-21 17:26:00,2.8514,2.8524,2.8504,2.8514,2.8564,2.8574,2.8554,2.8564,19
2026-07-21 17:27:00,2.8519,2.8534,2.8514,2.8524,2.8569,2.8584,2.8564,2.8574,26
2026-07-21 17:28:00,2.8529,2.8529,2.8504,2.8514,2.8579,2.8579,2.8554,2.8564,15
2026-07-21 17:29:00,2.8519,2.8524,2.8494,2.8494,2.8569,2.8574,2.8544,2.8544,13
2026-07-21 17:30:00,2.8499,2.8544,2.8494,2.8509,2.8549,2.8594,2.8544,2.8559,45
2026-07-21 17:31:00,2.8514,2.8514,2.8504,2.8504,2.8564,2.8564,2.8554,2.8554,19
2026-07-21 17:32:00,2.8514,2.8574,2.8514,2.8549,2.8564,2.8624,2.8564,2.8599,41
2026-07-21 17:33:00,2.8554,2.8564,2.8534,2.8534,2.8604,2.8614,2.8584,2.8584,33
2026-07-21 17:34:00,2.8539,2.8544,2.8494,2.8504,2.8589,2.8594,2.8544,2.8554,17
2026-07-21 17:35:00,2.8494,2.8504,2.8494,2.8494,2.8544,2.8554,2.8544,2.8544,9
2026-07-21 17:36:00,2.8499,2.8504,2.8484,2.8489,2.8549,2.8554,2.8534,2.8539,20
2026-07-21 17:37:00,2.8494,2.8504,2.8484,2.8504,2.8544,2.8554,2.8534,2.8554,12
2026-07-21 17:38:00,2.8509,2.8509,2.8499,2.8504,2.8559,2.8559,2.8549,2.8554,6
2026-07-21 17:39:00,2.8514,2.8514,2.8494,2.8504,2.8564,2.8564,2.8544,2.8554,21
2026-07-21 17:40:00,2.8494,2.8504,2.8494,2.8504,2.8544,2.8554,2.8544,2.8554,4
2026-07-21 17:41:00,2.8514,2.8514,2.8504,2.8504,2.8564,2.8564,2.8554,2.8554,26
2026-07-21 17:43:00,2.8494,2.8534,2.8484,2.8524,2.8544,2.8584,2.8534,2.8574,20
2026-07-21 17:44:00,2.8519,2.8519,2.8504,2.8514,2.8569,2.8569,2.8554,2.8564,18
2026-07-21 17:45:00,2.8504,2.8544,2.8504,2.8504,2.8554,2.8594,2.8554,2.8554,14
2026-07-21 17:46:00,2.8494,2.8504,2.8464,2.8464,2.8544,2.8554,2.8514,2.8514,13
2026-07-21 17:47:00,2.8474,2.8494,2.8454,2.8474,2.8524,2.8544,2.8504,2.8524,27
2026-07-21 17:48:00,2.8484,2.8504,2.8484,2.8504,2.8534,2.8554,2.8534,2.8554,12
2026-07-21 17:49:00,2.8499,2.8514,2.8494,2.8504,2.8549,2.8564,2.8544,2.8554,19
2026-07-21 17:50:00,2.8499,2.8504,2.8484,2.8494,2.8549,2.8554,2.8534,2.8544,12
2026-07-21 17:51:00,2.8499,2.8499,2.8494,2.8494,2.8549,2.8549,2.8544,2.8544,2
2026-07-21 17:52:00,2.8504,2.8504,2.8494,2.8494,2.8554,2.8554,2.8544,2.8544,11
2026-07-21 17:53:00,2.8484,2.8494,2.8484,2.8484,2.8534,2.8544,2.8534,2.8534,5
2026-07-21 17:54:00,2.8494,2.8494,2.8484,2.8484,2.8544,2.8544,2.8534,2.8534,2
2026-07-21 17:55:00,2.8494,2.8504,2.8494,2.8494,2.8544,2.8554,2.8544,2.8544,21
2026-07-21 17:56:00,2.8504,2.8504,2.8464,2.8494,2.8554,2.8554,2.8514,2.8544,25
2026-07-21 17:57:00,2.8504,2.8524,2.8504,2.8524,2.8554,2.8574,2.8554,2.8574,8
2026-07-21 17:58:00,2.8519,2.8524,2.8514,2.8514,2.8569,2.8574,2.8564,2.8564,3
2026-07-21 17:59:00,2.8519,2.8534,2.8499,2.8504,2.8569,2.8584,2.8549,2.8554,9
2026-07-21 18:00:00,2.8514,2.8534,2.8504,2.8534,2.8564,2.8584,2.8554,2.8584,7
2026-07-21 18:01:00,2.8524,2.8544,2.8524,2.8534,2.8574,2.8594,2.8574,2.8584,18
2026-07-21 18:02:00,2.8539,2.8544,2.8534,2.8544,2.8589,2.8594,2.8584,2.8594,9
2026-07-21 18:03:00,2.8554,2.8554,2.8534,2.8554,2.8604,2.8604,2.8584,2.8604,17
2026-07-21 18:04:00,2.8544,2.8544,2.8534,2.8534,2.8594,2.8594,2.8584,2.8584,3
2026-07-21 18:05:00,2.8544,2.8544,2.8524,2.8534,2.8594,2.8594,2.8574,2.8584,12
2026-07-21 18:06:00,2.8524,2.8534,2.8524,2.8534,2.8574,2.8584,2.8574,2.8584,13
2026-07-21 18:07:00,2.8544,2.8574,2.8524,2.8524,2.8594,2.8624,2.8574,2.8574,36
2026-07-21 18:08:00,2.8534,2.8534,2.8524,2.8524,2.8584,2.8584,2.8574,2.8574,3
2026-07-21 18:09:00,2.8529,2.8529,2.8464,2.8474,2.8579,2.8579,2.8514,2.8524,18
2026-07-21 18:10:00,2.8479,2.8484,2.8479,2.8484,2.8529,2.8534,2.8529,2.8534,2
2026-07-21 18:11:00,2.8489,2.8504,2.8484,2.8499,2.8539,2.8554,2.8534,2.8549,16
2026-07-21 18:12:00,2.8504,2.8514,2.8494,2.8504,2.8554,2.8564,2.8544,2.8554,16
2026-07-21 18:13:00,2.8509,2.8509,2.8504,2.8509,2.8559,2.8559,2.8554,2.8559,5
2026-07-21 18:14:00,2.8514,2.8534,2.8514,2.8524,2.8564,2.8584,2.8564,2.8574,8
2026-07-21 18:15:00,2.8529,2.8529,2.8504,2.8509,2.8579,2.8579,2.8554,2.8559,16
2026-07-21 18:16:00,2.8504,2.8514,2.8444,2.8454,2.8554,2.8564,2.8494,2.8504,15
2026-07-21 18:17:00,2.8444,2.8454,2.8424,2.8434,2.8494,2.8504,2.8474,2.8484,34
2026-07-21 18:18:00,2.8424,2.8434,2.8424,2.8424,2.8474,2.8484,2.8474,2.8474,13
2026-07-21 18:19:00,2.8414,2.8424,2.8384,2.8384,2.8464,2.8474,2.8434,2.8434,39
2026-07-21 18:20:00,2.8374,2.8394,2.8364,2.8384,2.8424,2.8444,2.8414,2.8434,68
2026-07-21 18:21:00,2.8394,2.8394,2.8364,2.8394,2.8444,2.8444,2.8414,2.8444,18
2026-07-21 18:22:00,2.8404,2.8404,2.8364,2.8374,2.8454,2.8454,2.8414,2.8424,44
2026-07-21 18:23:00,2.8384,2.8394,2.8364,2.8374,2.8434,2.8444,2.8414,2.8424,20
2026-07-21 18:24:00,2.8379,2.8384,2.8364,2.8379,2.8429,2.8434,2.8414,2.8429,21
2026-07-21 18:25:00,2.8374,2.8384,2.8354,2.8354,2.8424,2.8434,2.8404,2.8404,28
2026-07-21 18:26:00,2.8364,2.8374,2.8334,2.8364,2.8414,2.8424,2.8384,2.8414,60
2026-07-21 18:27:00,2.8359,2.8364,2.8354,2.8354,2.8409,2.8414,2.8404,2.8404,23
2026-07-21 18:28:00,2.8344,2.8374,2.8344,2.8364,2.8394,2.8424,2.8394,2.8414,20
2026-07-21 18:29:00,2.8354,2.8364,2.8334,2.8344,2.8404,2.8414,2.8384,2.8394,14
2026-07-21 18:30:00,2.8339,2.8354,2.8334,2.8334,2.8389,2.8404,2.8384,2.8384,34
2026-07-21 18:31:00,2.8339,2.8344,2.8304,2.8324,2.8389,2.8394,2.8354,2.8374,43
2026-07-21 18:32:00,2.8334,2.8334,2.8334,2.8334,2.8384,2.8384,2.8384,2.8384,1
2026-07-21 18:33:00,2.8344,2.8364,2.8334,2.8364,2.8394,2.8414,2.8384,2.8414,5
2026-07-21 18:34:00,2.8354,2.8364,2.8354,2.8364,2.8404,2.8414,2.8404,2.8414,6
2026-07-21 18:35:00,2.8354,2.8364,2.8334,2.8364,2.8404,2.8414,2.8384,2.8414,19
2026-07-21 18:36:00,2.8359,2.8364,2.8344,2.8344,2.8409,2.8414,2.8394,2.8394,13
2026-07-21 18:37:00,2.8354,2.8364,2.8344,2.8344,2.8404,2.8414,2.8394,2.8394,14
2026-07-21 18:38:00,2.8349,2.8354,2.8334,2.8334,2.8399,2.8404,2.8384,2.8384,7
2026-07-21 18:40:00,2.8324,2.8334,2.8324,2.8324,2.8374,2.8384,2.8374,2.8374,10
2026-07-21 18:41:00,2.8329,2.8344,2.8329,2.8334,2.8379,2.8394,2.8379,2.8384,4
2026-07-21 18:42:00,2.8344,2.8344,2.8334,2.8334,2.8394,2.8394,2.8384,2.8384,8
2026-07-21 18:43:00,2.8324,2.8344,2.8324,2.8344,2.8374,2.8394,2.8374,2.8394,9
2026-07-21 18:44:00,2.8339,2.8354,2.8329,2.8344,2.8389,2.8404,2.8379,2.8394,13
2026-07-21 18:45:00,2.8334,2.8344,2.8334,2.8334,2.8384,2.8394,2.8384,2.8384,4
2026-07-21 18:46:00,2.8344,2.8344,2.8334,2.8344,2.8394,2.8394,2.8384,2.8394,5
2026-07-21 18:47:00,2.8354,2.8374,2.8354,2.8369,2.8404,2.8424,2.8404,2.8419,14
2026-07-21 18:48:00,2.8364,2.8364,2.8354,2.8354,2.8414,2.8414,2.8404,2.8404,13
2026-07-21 18:49:00,2.8344,2.8364,2.8344,2.8364,2.8394,2.8414,2.8394,2.8414,12
2026-07-21 18:50:00,2.8354,2.8354,2.8344,2.8344,2.8404,2.8404,2.8394,2.8394,10
2026-07-21 18:51:00,2.8334,2.8334,2.8334,2.8334,2.8384,2.8384,2.8384,2.8384,1
2026-07-21 18:54:00,2.8344,2.8344,2.8334,2.8334,2.8394,2.8394,2.8384,2.8384,2
2026-07-21 18:55:00,2.8344,2.8354,2.8334,2.8354,2.8394,2.8404,2.8384,2.8404,13
2026-07-21 18:56:00,2.8349,2.8364,2.8344,2.8359,2.8399,2.8414,2.8394,2.8409,25
2026-07-21 18:57:00,2.8354,2.8374,2.8354,2.8374,2.8404,2.8424,2.8404,2.8424,9
2026-07-21 18:58:00,2.8369,2.8384,2.8364,2.8384,2.8419,2.8434,2.8414,2.8434,11
2026-07-21 18:59:00,2.8374,2.8374,2.8374,2.8374,2.8424,2.8424,2.8424,2.8424,1
2026-07-21 19:00:00,2.8364,2.8374,2.8354,2.8374,2.8414,2.8424,2.8404,2.8424,7
2026-07-21 19:01:00,2.8364,2.8384,2.8354,2.8359,2.8414,2.8434,2.8404,2.8409,13
2026-07-21 19:02:00,2.8354,2.8364,2.8354,2.8364,2.8404,2.8414,2.8404,2.8414,10
2026-07-21 19:03:00,2.8354,2.8364,2.8354,2.8354,2.8404,2.8414,2.8404,2.8404,4
2026-07-21 19:04:00,2.8344,2.8354,2.8344,2.8344,2.8394,2.8404,2.8394,2.8394,8
2026-07-21 19:05:00,2.8334,2.8354,2.8334,2.8354,2.8384,2.8404,2.8384,2.8404,11
2026-07-21 19:06:00,2.8364,2.8389,2.8364,2.8384,2.8414,2.8439,2.8414,2.8434,8
2026-07-21 19:07:00,2.8394,2.8394,2.8374,2.8384,2.8444,2.8444,2.8424,2.8434,16
2026-07-21 19:09:00,2.8374,2.8379,2.8364,2.8374,2.8424,2.8429,2.8414,2.8424,5
2026-07-21 19:10:00,2.8379,2.8384,2.8364,2.8374,2.8429,2.8434,2.8414,2.8424,5
2026-07-21 19:11:00,2.8384,2.8394,2.8374,2.8384,2.8434,2.8444,2.8424,2.8434,13
2026-07-21 19:12:00,2.8374,2.8394,2.8374,2.8394,2.8424,2.8444,2.8424,2.8444,3
2026-07-21 19:13:00,2.8384,2.8384,2.8374,2.8384,2.8434,2.8434,2.8424,2.8434,3
2026-07-21 19:14:00,2.8374,2.8394,2.8374,2.8384,2.8424,2.8444,2.8424,2.8434,8
2026-07-21 19:15:00,2.8394,2.8394,2.8364,2.8374,2.8444,2.8444,2.8414,2.8424,9
2026-07-21 19:16:00,2.8369,2.8374,2.8364,2.8374,2.8419,2.8424,2.8414,2.8424,6
2026-07-21 19:17:00,2.8369,2.8369,2.8354,2.8364,2.8419,2.8419,2.8404,2.8414,6
2026-07-21 19:18:00,2.8354,2.8364,2.8354,2.8354,2.8404,2.8414,2.8404,2.8404,9
2026-07-21 19:19:00,2.8344,2.8364,2.8344,2.8354,2.8394,2.8414,2.8394,2.8404,12
2026-07-21 19:20:00,2.8364,2.8374,2.8364,2.8374,2.8414,2.8424,2.8414,2.8424,7
2026-07-21 19:21:00,2.8369,2.8384,2.8364,2.8364,2.8419,2.8434,2.8414,2.8414,9
2026-07-21 19:22:00,2.8374,2.8384,2.8364,2.8374,2.8424,2.8434,2.8414,2.8424,11
2026-07-21 19:23:00,2.8384,2.8394,2.8384,2.8394,2.8434,2.8444,2.8434,2.8444,2
2026-07-21 19:24:00,2.8384,2.8394,2.8384,2.8384,2.8434,2.8444,2.8434,2.8434,7
2026-07-21 19:25:00,2.8394,2.8394,2.8384,2.8389,2.8444,2.8444,2.8434,2.8439,5
2026-07-21 19:26:00,2.8384,2.8404,2.8384,2.8384,2.8434,2.8454,2.8434,2.8434,11
2026-07-21 19:28:00,2.8374,2.8379,2.8374,2.8374,2.8424,2.8429,2.8424,2.8424,3
2026-07-21 19:29:00,2.8364,2.8364,2.8324,2.8334,2.8414,2.8414,2.8374,2.8384,14
2026-07-21 19:30:00,2.8324,2.8334,2.8324,2.8324,2.8374,2.8384,2.8374,2.8374,4
2026-07-21 19:31:00,2.8319,2.8319,2.8294,2.8299,2.8369,2.8369,2.8344,2.8349,12
2026-07-21 19:32:00,2.8304,2.8314,2.8294,2.8299,2.8354,2.8364,2.8344,2.8349,9
2026-07-21 19:33:00,2.8304,2.8314,2.8284,2.8284,2.8354,2.8364,2.8334,2.8334,17
2026-07-21 19:34:00,2.8274,2.8284,2.8264,2.8279,2.8324,2.8334,2.8314,2.8329,7
2026-07-21 19:35:00,2.8284,2.8294,2.8274,2.8294,2.8334,2.8344,2.8324,2.8344,11
2026-07-21 19:36:00,2.8289,2.8294,2.8284,2.8284,2.8339,2.8344,2.8334,2.8334,7
2026-07-21 19:37:00,2.8274,2.8284,2.8269,2.8274,2.8324,2.8334,2.8319,2.8324,7
2026-07-21 19:38:00,2.8284,2.8284,2.8274,2.8284,2.8334,2.8334,2.8324,2.8334,4
2026-07-21 19:39:00,2.8274,2.8274,2.8264,2.8264,2.8324,2.8324,2.8314,2.8314,2
2026-07-21 19:40:00,2.8274,2.8284,2.8274,2.8284,2.8324,2.8334,2.8324,2.8334,2
2026-07-21 19:41:00,2.8274,2.8284,2.8244,2.8244,2.8324,2.8334,2.8294,2.8294,10
2026-07-21 19:42:00,2.8254,2.8264,2.8254,2.8264,2.8304,2.8314,2.8304,2.8314,4
2026-07-21 19:43:00,2.8269,2.8284,2.8264,2.8274,2.8319,2.8334,2.8314,2.8324,17
2026-07-21 19:44:00,2.8264,2.8274,2.8254,2.8274,2.8314,2.8324,2.8304,2.8324,13
2026-07-21 19:45:00,2.8284,2.8284,2.8274,2.8279,2.8334,2.8334,2.8324,2.8329,15
2026-07-21 19:46:00,2.8274,2.8284,2.8274,2.8284,2.8324,2.8334,2.8324,2.8334,5
2026-07-21 19:47:00,2.8294,2.8294,2.8284,2.8284,2.8344,2.8344,2.8334,2.8334,6
2026-07-21 19:48:00,2.8294,2.8294,2.8274,2.8274,2.8344,2.8344,2.8324,2.8324,4
2026-07-21 19:49:00,2.8269,2.8269,2.8264,2.8264,2.8319,2.8319,2.8314,2.8314,2
2026-07-21 19:50:00,2.8274,2.8279,2.8264,2.8274,2.8324,2.8329,2.8314,2.8324,11
2026-07-21 19:51:00,2.8264,2.8264,2.8264,2.8264,2.8314,2.8314,2.8314,2.8314,1
2026-07-21 19:52:00,2.8254,2.8274,2.8224,2.8229,2.8304,2.8324,2.8274,2.8279,19
2026-07-21 19:53:00,2.8234,2.8244,2.8224,2.8224,2.8284,2.8294,2.8274,2.8274,24
2026-07-21 19:54:00,2.8219,2.8244,2.8214,2.8244,2.8269,2.8294,2.8264,2.8294,6
2026-07-21 19:55:00,2.8234,2.8264,2.8234,2.8244,2.8284,2.8314,2.8284,2.8294,38
2026-07-21 19:56:00,2.8249,2.8264,2.8249,2.8264,2.8299,2.8314,2.8299,2.8314,11
2026-07-21 19:57:00,2.8274,2.8284,2.8264,2.8274,2.8324,2.8334,2.8314,2.8324,9
2026-07-21 19:58:00,2.8284,2.8284,2.8274,2.8284,2.8334,2.8334,2.8324,2.8334,24
2026-07-21 19:59:00,2.8294,2.8324,2.8284,2.8309,2.8344,2.8374,2.8334,2.8359,36
2026-07-21 20:00:00,2.8304,2.8324,2.8304,2.8314,2.8354,2.8374,2.8354,2.8364,23
2026-07-21 20:01:00,2.8319,2.8344,2.8314,2.8344,2.8369,2.8394,2.8364,2.8394,13
2026-07-21 20:02:00,2.8339,2.8344,2.8334,2.8339,2.8389,2.8394,2.8384,2.8389,11
2026-07-21 20:03:00,2.8334,2.8344,2.8334,2.8334,2.8384,2.8394,2.8384,2.8384,7
2026-07-21 20:04:00,2.8344,2.8384,2.8344,2.8384,2.8394,2.8434,2.8394,2.8434,15
2026-07-21 20:05:00,2.8394,2.8434,2.8394,2.8434,2.8444,2.8484,2.8444,2.8484,13
2026-07-21 20:06:00,2.8444,2.8444,2.8404,2.8409,2.8494,2.8494,2.8454,2.8459,22
2026-07-21 20:07:00,2.8414,2.8429,2.8394,2.8399,2.8464,2.8479,2.8444,2.8449,21
2026-07-21 20:08:00,2.8404,2.8414,2.8404,2.8414,2.8454,2.8464,2.8454,2.8464,2
2026-07-21 20:09:00,2.8409,2.8414,2.8404,2.8414,2.8459,2.8464,2.8454,2.8464,14
2026-07-21 20:10:00,2.8409,2.8409,2.8384,2.8384,2.8459,2.8459,2.8434,2.8434,8
2026-07-21 20:11:00,2.8374,2.8384,2.8364,2.8364,2.8424,2.8434,2.8414,2.8414,17
2026-07-21 20:12:00,2.8354,2.8364,2.8344,2.8354,2.8404,2.8414,2.8394,2.8404,9
2026-07-21 20:13:00,2.8364,2.8364,2.8354,2.8364,2.8414,2.8414,2.8404,2.8414,8
2026-07-21 20:14:00,2.8359,2.8359,2.8344,2.8354,2.8409,2.8409,2.8394,2.8404,7
2026-07-21 20:15:00,2.8364,2.8364,2.8354,2.8364,2.8414,2.8414,2.8404,2.8414,3
2026-07-21 20:17:00,2.8374,2.8394,2.8364,2.8394,2.8424,2.8444,2.8414,2.8444,18
2026-07-21 20:18:00,2.8404,2.8404,2.8394,2.8404,2.8454,2.8454,2.8444,2.8454,10
2026-07-21 20:19:00,2.8414,2.8414,2.8394,2.8404,2.8464,2.8464,2.8444,2.8454,10
2026-07-21 20:20:00,2.8414,2.8424,2.8414,2.8414,2.8464,2.8474,2.8464,2.8464,5
2026-07-21 20:21:00,2.8404,2.8404,2.8389,2.8389,2.8454,2.8454,2.8439,2.8439,14
2026-07-21 20:22:00,2.8394,2.8404,2.8384,2.8394,2.8444,2.8454,2.8434,2.8444,12
2026-07-21 20:23:00,2.8404,2.8404,2.8389,2.8389,2.8454,2.8454,2.8439,2.8439,6
2026-07-21 20:24:00,2.8384,2.8384,2.8354,2.8384,2.8434,2.8434,2.8404,2.8434,26
2026-07-21 20:25:00,2.8379,2.8394,2.8374,2.8389,2.8429,2.8444,2.8424,2.8439,23
2026-07-21 20:26:00,2.8394,2.8414,2.8394,2.8414,2.8444,2.8464,2.8444,2.8464,14
2026-07-21 20:27:00,2.8419,2.8444,2.8419,2.8424,2.8469,2.8494,2.8469,2.8474,35
2026-07-21 20:28:00,2.8434,2.8444,2.8394,2.8409,2.8484,2.8494,2.8444,2.8459,112
2026-07-21 20:29:00,2.8404,2.8424,2.8394,2.8414,2.8454,2.8474,2.8444,2.8464,102
2026-07-21 20:30:00,2.8424,2.8474,2.8424,2.8474,2.8474,2.8524,2.8474,2.8524,38
2026-07-21 20:31:00,2.8479,2.8504,2.8474,2.8494,2.8529,2.8554,2.8524,2.8544,33
2026-07-21 20:32:00,2.8489,2.8494,2.8489,2.8494,2.8539,2.8544,2.8539,2.8544,8
2026-07-21 20:33:00,2.8499,2.8499,2.8434,2.8444,2.8549,2.8549,2.8484,2.8494,23
2026-07-21 20:34:00,2.8454,2.8454,2.8444,2.8454,2.8504,2.8504,2.8494,2.8504,15
2026-07-21 20:35:00,2.8449,2.8454,2.8434,2.8444,2.8499,2.8504,2.8484,2.8494,11
2026-07-21 20:36:00,2.8454,2.8454,2.8434,2.8439,2.8504,2.8504,2.8484,2.8489,9
2026-07-21 20:37:00,2.8434,2.8444,2.8424,2.8439,2.8484,2.8494,2.8474,2.8489,20
2026-07-21 20:38:00,2.8444,2.8454,2.8424,2.8439,2.8494,2.8504,2.8474,2.8489,23
2026-07-21 20:39:00,2.8444,2.8454,2.8444,2.8454,2.8494,2.8504,2.8494,2.8504,6
2026-07-21 20:40:00,2.8444,2.8444,2.8434,2.8439,2.8494,2.8494,2.8484,2.8489,3
2026-07-21 20:41:00,2.8434,2.8449,2.8424,2.8424,2.8484,2.8499,2.8474,2.8474,9
2026-07-21 20:42:00,2.8414,2.8424,2.8414,2.8414,2.8464,2.8474,2.8464,2.8464,8
2026-07-21 20:43:00,2.8409,2.8414,2.8404,2.8414,2.8459,2.8464,2.8454,2.8464,3
2026-07-21 20:44:00,2.8404,2.8424,2.8404,2.8414,2.8454,2.8474,2.8454,2.8464,12
2026-07-21 20:45:00,2.8424,2.8424,2.8414,2.8414,2.8474,2.8474,2.8464,2.8464,4
2026-07-21 20:46:00,2.8419,2.8444,2.8419,2.8444,2.8469,2.8494,2.8469,2.8494,11
2026-07-21 20:47:00,2.8439,2.8454,2.8439,2.8454,2.8489,2.8504,2.8489,2.8504,3
2026-07-21 20:48:00,2.8464,2.8474,2.8444,2.8469,2.8514,2.8524,2.8494,2.8519,17
2026-07-21 20:49:00,2.8474,2.8484,2.8464,2.8479,2.8524,2.8534,2.8514,2.8529,18
2026-07-21 20:50:00,2.8474,2.8489,2.8474,2.8484,2.8524,2.8539,2.8524,2.8534,6
2026-07-21 20:51:00,2.8479,2.8479,2.8464,2.8464,2.8529,2.8529,2.8514,2.8514,3
2026-07-21 20:52:00,2.8474,2.8494,2.8474,2.8484,2.8524,2.8544,2.8524,2.8534,9
2026-07-21 20:53:00,2.8489,2.8494,2.8484,2.8484,2.8539,2.8544,2.8534,2.8534,6
2026-07-21 20:55:00,2.8494,2.8504,2.8494,2.8499,2.8544,2.8554,2.8544,2.8549,7
2026-07-21 20:56:00,2.8504,2.8504,2.8499,2.8499,2.8554,2.8554,2.8549,2.8549,2
2026-07-21 20:57:00,2.8494,2.8504,2.8494,2.8504,2.8544,2.8554,2.8544,2.8554,4
2026-07-21 20:58:00,2.8494,2.8514,2.8494,2.8504,2.8544,2.8564,2.8544,2.8554,7
2026-07-21 20:59:00,2.8514,2.8514,2.8504,2.8514,2.8564,2.8564,2.8554,2.8564,5
2026-07-21 21:00:00,2.8519,2.8544,2.8514,2.8544,2.8569,2.8594,2.8564,2.8594,12
2026-07-21 21:01:00,2.8539,2.8544,2.8534,2.8534,2.8589,2.8594,2.8584,2.8584,8
2026-07-21 21:02:00,2.8539,2.8544,2.8539,2.8544,2.8589,2.8594,2.8589,2.8594,4
2026-07-21 21:03:00,2.8554,2.8574,2.8554,2.8554,2.8604,2.8624,2.8604,2.8604,7
2026-07-21 21:04:00,2.8549,2.8554,2.8534,2.8534,2.8599,2.8604,2.8584,2.8584,14
2026-07-21 21:05:00,2.8539,2.8544,2.8539,2.8544,2.8589,2.8594,2.8589,2.8594,2
2026-07-21 21:06:00,2.8554,2.8644,2.8554,2.8624,2.8604,2.8694,2.8604,2.8674,27
2026-07-21 21:07:00,2.8634,2.8634,2.8614,2.8624,2.8684,2.8684,2.8664,2.8674,11
2026-07-21 21:08:00,2.8634,2.8654,2.8634,2.8654,2.8684,2.8704,2.8684,2.8704,7
2026-07-21 21:09:00,2.8644,2.8724,2.8644,2.8709,2.8694,2.8774,2.8694,2.8759,38
2026-07-21 21:10:00,2.8704,2.8764,2.8704,2.8734,2.8754,2.8814,2.8754,2.8784,29
2026-07-21 21:11:00,2.8739,2.8754,2.8724,2.8749,2.8789,2.8804,2.8774,2.8799,15
2026-07-21 21:12:00,2.8744,2.8814,2.8744,2.8794,2.8794,2.8864,2.8794,2.8844,34
2026-07-21 21:13:00,2.8804,2.8804,2.8784,2.8784,2.8854,2.8854,2.8834,2.8834,7
2026-07-21 21:14:00,2.8774,2.8804,2.8764,2.8784,2.8824,2.8854,2.8814,2.8834,22
2026-07-21 21:15:00,2.8794,2.8794,2.8664,2.8674,2.8844,2.8844,2.8714,2.8724,51
2026-07-21 21:16:00,2.8664,2.8694,2.8634,2.8654,2.8714,2.8744,2.8684,2.8704,48
2026-07-21 21:17:00,2.8664,2.8684,2.8639,2.8639,2.8714,2.8734,2.8689,2.8689,15
2026-07-21 21:18:00,2.8634,2.8664,2.8634,2.8654,2.8684,2.8714,2.8684,2.8704,13
2026-07-21 21:19:00,2.8664,2.8664,2.8624,2.8634,2.8714,2.8714,2.8674,2.8684,19
2026-07-21 21:20:00,2.8644,2.8649,2.8634,2.8639,2.8694,2.8699,2.8684,2.8689,13
2026-07-21 21:21:00,2.8644,2.8664,2.8644,2.8659,2.8694,2.8714,2.8694,2.8709,7
2026-07-21 21:22:00,2.8664,2.8664,2.8634,2.8634,2.8714,2.8714,2.8684,2.8684,14
2026-07-21 21:23:00,2.8644,2.8674,2.8634,2.8644,2.8694,2.8724,2.8684,2.8694,20
2026-07-21 21:24:00,2.8639,2.8644,2.8624,2.8634,2.8689,2.8694,2.8674,2.8684,12
2026-07-21 21:25:00,2.8639,2.8644,2.8624,2.8634,2.8689,2.8694,2.8674,2.8684,10
2026-07-21 21:26:00,2.8624,2.8664,2.8624,2.8634,2.8674,2.8714,2.8674,2.8684,15
2026-07-21 21:27:00,2.8639,2.8644,2.8634,2.8644,2.8689,2.8694,2.8684,2.8694,15
2026-07-21 21:28:00,2.8634,2.8664,2.8634,2.8659,2.8684,2.8714,2.8684,2.8709,8
2026-07-21 21:29:00,2.8664,2.8664,2.8654,2.8659,2.8714,2.8714,2.8704,2.8709,8
2026-07-21 21:30:00,2.8664,2.8664,2.8634,2.8639,2.8714,2.8714,2.8684,2.8689,9
2026-07-21 21:31:00,2.8634,2.8644,2.8634,2.8634,2.8684,2.8694,2.8684,2.8684,10
2026-07-21 21:33:00,2.8644,2.8674,2.8644,2.8674,2.8694,2.8724,2.8694,2.8724,10
2026-07-21 21:34:00,2.8684,2.8684,2.8644,2.8659,2.8734,2.8734,2.8694,2.8709,13
2026-07-21 21:35:00,2.8654,2.8654,2.8644,2.8654,2.8704,2.8704,2.8694,2.8704,4
2026-07-21 21:36:00,2.8659,2.8664,2.8659,2.8664,2.8709,2.8714,2.8709,2.8714,2
2026-07-21 21:37:00,2.8674,2.8674,2.8654,2.8654,2.8724,2.8724,2.8704,2.8704,6
2026-07-21 21:38:00,2.8644,2.8659,2.8634,2.8654,2.8694,2.8709,2.8684,2.8704,9
2026-07-21 21:39:00,2.8659,2.8659,2.8654,2.8654,2.8709,2.8709,2.8704,2.8704,2
2026-07-21 21:41:00,2.8644,2.8649,2.8644,2.8644,2.8694,2.8699,2.8694,2.8694,3
2026-07-21 21:43:00,2.8649,2.8654,2.8649,2.8654,2.8699,2.8704,2.8699,2.8704,4
2026-07-21 21:44:00,2.8639,2.8644,2.8634,2.8639,2.8689,2.8694,2.8684,2.8689,23
2026-07-21 21:45:00,2.8644,2.8644,2.8604,2.8614,2.8694,2.8694,2.8654,2.8664,8
2026-07-21 21:46:00,2.8619,2.8619,2.8614,2.8614,2.8669,2.8669,2.8664,2.8664,2
2026-07-21 21:47:00,2.8624,2.8634,2.8619,2.8634,2.8674,2.8684,2.8669,2.8684,4
2026-07-21 21:48:00,2.8629,2.8629,2.8624,2.8624,2.8679,2.8679,2.8674,2.8674,2
2026-07-21 21:50:00,2.8614,2.8634,2.8614,2.8634,2.8664,2.8684,2.8664,2.8684,3
2026-07-21 21:51:00,2.8624,2.8634,2.8624,2.8624,2.8674,2.8684,2.8674,2.8674,5
2026-07-21 21:52:00,2.8619,2.8624,2.8619,2.8624,2.8669,2.8674,2.8669,2.8674,2
2026-07-21 21:53:00,2.8629,2.8629,2.8624,2.8624,2.8679,2.8679,2.8674,2.8674,2
2026-07-21 21:54:00,2.8614,2.8624,2.8604,2.8604,2.8664,2.8674,2.8654,2.8654,9
2026-07-21 21:55:00,2.8614,2.8614,2.8604,2.8614,2.8664,2.8664,2.8654,2.8664,5
2026-07-21 21:56:00,2.8609,2.8614,2.8604,2.8614,2.8659,2.8664,2.8654,2.8664,4
2026-07-21 21:58:00,2.8624,2.8624,2.8614,2.8619,2.8674,2.8674,2.8664,2.8669,8
2026-07-21 21:59:00,2.8624,2.8624,2.8604,2.8614,2.8674,2.8674,2.8654,2.8664,4
2026-07-21 22:00:00,2.8609,2.8609,2.8604,2.8604,2.8659,2.8659,2.8654,2.8654,4
2026-07-21 22:01:00,2.8599,2.8644,2.8599,2.8639,2.8649,2.8694,2.8649,2.8689,13
2026-07-21 22:02:00,2.8644,2.8654,2.8644,2.8654,2.8694,2.8704,2.8694,2.8704,7
2026-07-21 22:03:00,2.8644,2.8654,2.8644,2.8654,2.8694,2.8704,2.8694,2.8704,3
2026-07-21 22:04:00,2.8644,2.8654,2.8644,2.8644,2.8694,2.8704,2.8694,2.8694,4
2026-07-21 22:05:00,2.8654,2.8654,2.8644,2.8654,2.8704,2.8704,2.8694,2.8704,4
2026-07-21 22:06:00,2.8664,2.8674,2.8664,2.8674,2.8714,2.8724,2.8714,2.8724,2
2026-07-21 22:07:00,2.8669,2.8694,2.8669,2.8689,2.8719,2.8744,2.8719,2.8739,7
2026-07-21 22:08:00,2.8694,2.8714,2.8689,2.8714,2.8744,2.8764,2.8739,2.8764,19
2026-07-21 22:09:00,2.8709,2.8709,2.8694,2.8694,2.8759,2.8759,2.8744,2.8744,6
2026-07-21 22:10:00,2.8704,2.8704,2.8674,2.8674,2.8754,2.8754,2.8724,2.8724,12
2026-07-21 22:11:00,2.8684,2.8684,2.8674,2.8679,2.8734,2.8734,2.8724,2.8729,9
2026-07-21 22:12:00,2.8684,2.8699,2.8674,2.8684,2.8734,2.8749,2.8724,2.8734,11
2026-07-21 22:13:00,2.8679,2.8684,2.8679,2.8684,2.8729,2.8734,2.8729,2.8734,2
2026-07-21 22:14:00,2.8679,2.8689,2.8674,2.8684,2.8729,2.8739,2.8724,2.8734,5
2026-07-21 22:15:00,2.8689,2.8689,2.8689,2.8689,2.8739,2.8739,2.8739,2.8739,1
2026-07-21 22:16:00,2.8699,2.8699,2.8684,2.8689,2.8749,2.8749,2.8734,2.8739,5
2026-07-21 22:17:00,2.8684,2.8684,2.8684,2.8684,2.8734,2.8734,2.8734,2.8734,1
2026-07-21 22:18:00,2.8679,2.8679,2.8674,2.8674,2.8729,2.8729,2.8724,2.8724,2
2026-07-21 22:19:00,2.8654,2.8664,2.8654,2.8659,2.8704,2.8714,2.8704,2.8709,4
2026-07-21 22:20:00,2.8664,2.8664,2.8664,2.8664,2.8714,2.8714,2.8714,2.8714,1
2026-07-21 22:21:00,2.8669,2.8674,2.8639,2.8639,2.8719,2.8724,2.8689,2.8689,7
2026-07-21 22:22:00,2.8644,2.8654,2.8644,2.8654,2.8694,2.8704,2.8694,2.8704,5
2026-07-21 22:24:00,2.8644,2.8644,2.8634,2.8639,2.8694,2.8694,2.8684,2.8689,3
2026-07-21 22:25:00,2.8634,2.8644,2.8634,2.8644,2.8684,2.8694,2.8684,2.8694,3
2026-07-21 22:26:00,2.8649,2.8649,2.8649,2.8649,2.8699,2.8699,2.8699,2.8699,1
2026-07-21 22:27:00,2.8644,2.8644,2.8644,2.8644,2.8694,2.8694,2.8694,2.8694,1
2026-07-21 22:28:00,2.8639,2.8644,2.8634,2.8639,2.8689,2.8694,2.8684,2.8689,5
2026-07-21 22:29:00,2.8644,2.8644,2.8624,2.8629,2.8694,2.8694,2.8674,2.8679,5
2026-07-21 22:30:00,2.8634,2.8644,2.8634,2.8644,2.8684,2.8694,2.8684,2.8694,3
2026-07-21 22:32:00,2.8639,2.8644,2.8614,2.8614,2.8689,2.8694,2.8664,2.8664,7
2026-07-21 22:33:00,2.8604,2.8604,2.8604,2.8604,2.8654,2.8654,2.8654,2.8654,1
2026-07-21 22:34:00,2.8609,2.8609,2.8604,2.8609,2.8659,2.8659,2.8654,2.8659,3
2026-07-21 22:35:00,2.8614,2.8624,2.8614,2.8614,2.8664,2.8674,2.8664,2.8664,3
2026-07-21 22:37:00,2.8624,2.8624,2.8604,2.8609,2.8674,2.8674,2.8654,2.8659,6
2026-07-21 22:38:00,2.8604,2.8624,2.8604,2.8624,2.8654,2.8674,2.8654,2.8674,3
2026-07-21 22:39:00,2.8619,2.8624,2.8614,2.8614,2.8669,2.8674,2.8664,2.8664,4
2026-07-21 22:40:00,2.8609,2.8609,2.8609,2.8609,2.8659,2.8659,2.8659,2.8659,1
2026-07-21 22:41:00,2.8604,2.8609,2.8604,2.8604,2.8654,2.8659,2.8654,2.8654,5
2026-07-21 22:42:00,2.8614,2.8614,2.8604,2.8604,2.8664,2.8664,2.8654,2.8654,4
2026-07-21 22:43:00,2.8609,2.8614,2.8609,2.8614,2.8659,2.8664,2.8659,2.8664,2
2026-07-21 22:45:00,2.8604,2.8624,2.8604,2.8614,2.8654,2.8674,2.8654,2.8664,6
2026-07-21 22:46:00,2.8624,2.8624,2.8614,2.8619,2.8674,2.8674,2.8664,2.8669,4
2026-07-21 22:47:00,2.8614,2.8614,2.8614,2.8614,2.8664,2.8664,2.8664,2.8664,1
2026-07-21 22:49:00,2.8609,2.8609,2.8599,2.8604,2.8659,2.8659,2.8649,2.8654,4
2026-07-21 22:50:00,2.8609,2.8614,2.8609,2.8614,2.8659,2.8664,2.8659,2.8664,2
2026-07-21 22:51:00,2.8609,2.8654,2.8604,2.8649,2.8659,2.8704,2.8654,2.8699,17
2026-07-21 22:52:00,2.8644,2.8644,2.8634,2.8644,2.8694,2.8694,2.8684,2.8694,6
2026-07-21 22:53:00,2.8634,2.8654,2.8634,2.8634,2.8684,2.8704,2.8684,2.8684,11
2026-07-21 22:54:00,2.8629,2.8644,2.8614,2.8644,2.8679,2.8694,2.8664,2.8694,33
2026-07-21 22:55:00,2.8654,2.8679,2.8624,2.8679,2.8704,2.8729,2.8674,2.8729,28
2026-07-21 22:56:00,2.8684,2.8694,2.8684,2.8684,2.8734,2.8744,2.8734,2.8734,5
2026-07-21 22:57:00,2.8694,2.8709,2.8694,2.8699,2.8744,2.8759,2.8744,2.8749,10
2026-07-21 22:58:00,2.8694,2.8704,2.8694,2.8694,2.8744,2.8754,2.8744,2.8744,13
2026-07-21 22:59:00,2.8699,2.8699,2.8648,2.8648,2.8749,2.8749,2.8688,2.8698,15
2026-07-22 00:00:00,2.8653,2.8653,2.8623,2.8628,2.8703,2.8703,2.8673,2.8678,4
2026-07-22 00:01:00,2.8623,2.8623,2.8618,2.8618,2.8673,2.8673,2.8668,2.8668,2
2026-07-22 00:02:00,2.8613,2.8613,2.8608,2.8608,2.8663,2.8663,2.8658,2.8658,2
2026-07-22 00:03:00,2.8603,2.8608,2.8603,2.8603,2.8653,2.8658,2.8653,2.8653,3
2026-07-22 00:04:00,2.8598,2.8598,2.8588,2.8598,2.8648,2.8648,2.8638,2.8648,6
2026-07-22 00:08:00,2.8593,2.8593,2.8593,2.8593,2.8643,2.8643,2.8643,2.8643,1
2026-07-22 00:09:00,2.8598,2.8598,2.8588,2.8588,2.8648,2.8648,2.8638,2.8638,2
2026-07-22 00:10:00,2.8578,2.8583,2.8573,2.8573,2.8628,2.8633,2.8623,2.8623,6
2026-07-22 00:12:00,2.8568,2.8578,2.8568,2.8573,2.8618,2.8628,2.8618,2.8623,3
2026-07-22 00:14:00,2.8578,2.8578,2.8568,2.8568,2.8628,2.8628,2.8618,2.8618,3
2026-07-22 00:15:00,2.8563,2.8563,2.8533,2.8533,2.8613,2.8613,2.8583,2.8583,11
2026-07-22 00:16:00,2.8528,2.8538,2.8528,2.8538,2.8578,2.8588,2.8578,2.8588,2
2026-07-22 00:18:00,2.8543,2.8553,2.8543,2.8553,2.8593,2.8603,2.8593,2.8603,3
2026-07-22 00:23:00,2.8563,2.8568,2.8563,2.8568,2.8613,2.8618,2.8613,2.8618,2
2026-07-22 00:25:00,2.8558,2.8568,2.8558,2.8558,2.8608,2.8618,2.8608,2.8608,4
2026-07-22 00:26:00,2.8563,2.8563,2.8563,2.8563,2.8613,2.8613,2.8613,2.8613,1
2026-07-22 00:30:00,2.8558,2.8563,2.8558,2.8558,2.8608,2.8613,2.8608,2.8608,3
2026-07-22 00:31:00,2.8563,2.8568,2.8563,2.8568,2.8613,2.8618,2.8613,2.8618,2
2026-07-22 00:36:00,2.8558,2.8573,2.8558,2.8568,2.8608,2.8623,2.8608,2.8618,5
2026-07-22 00:38:00,2.8573,2.8573,2.8573,2.8573,2.8623,2.8623,2.8623,2.8623,1
2026-07-22 00:39:00,2.8568,2.8578,2.8568,2.8578,2.8618,2.8628,2.8618,2.8628,3
2026-07-22 00:47:00,2.8573,2.8578,2.8573,2.8578,2.8623,2.8628,2.8623,2.8628,2
2026-07-22 00:50:00,2.8583,2.8583,2.8583,2.8583,2.8633,2.8633,2.8633,2.8633,1
2026-07-22 00:53:00,2.8588,2.8588,2.8588,2.8588,2.8638,2.8638,2.8638,2.8638,1
2026-07-22 00:54:00,2.8578,2.8578,2.8578,2.8578,2.8628,2.8628,2.8628,2.8628,1
2026-07-22 00:55:00,2.8568,2.8568,2.8563,2.8563,2.8618,2.8618,2.8613,2.8613,4
2026-07-22 00:56:00,2.8568,2.8568,2.8568,2.8568,2.8618,2.8618,2.8618,2.8618,1
2026-07-22 00:58:00,2.8573,2.8573,2.8573,2.8573,2.8623,2.8623,2.8623,2.8623,1
2026-07-22 01:00:00,2.8568,2.8573,2.8568,2.8573,2.8618,2.8623,2.8618,2.8623,2
2026-07-22 01:01:00,2.8588,2.8588,2.8588,2.8588,2.8638,2.8638,2.8638,2.8638,1
2026-07-22 01:02:00,2.8593,2.8593,2.8593,2.8593,2.8643,2.8643,2.8643,2.8643,1
2026-07-22 01:03:00,2.8588,2.8593,2.8588,2.8593,2.8638,2.8643,2.8638,2.8643,2
2026-07-22 01:06:00,2.8588,2.8588,2.8588,2.8588,2.8638,2.8638,2.8638,2.8638,1
2026-07-22 01:08:00,2.8578,2.8578,2.8578,2.8578,2.8628,2.8628,2.8628,2.8628,1
2026-07-22 01:16:00,2.8568,2.8568,2.8558,2.8558,2.8618,2.8618,2.8608,2.8608,2
2026-07-22 01:26:00,2.8563,2.8563,2.8563,2.8563,2.8613,2.8613,2.8613,2.8613,1
2026-07-22 01:27:00,2.8558,2.8558,2.8558,2.8558,2.8608,2.8608,2.8608,2.8608,1
2026-07-22 01:28:00,2.8563,2.8568,2.8563,2.8568,2.8613,2.8618,2.8613,2.8618,2
2026-07-22 01:31:00,2.8558,2.8558,2.8558,2.8558,2.8608,2.8608,2.8608,2.8608,1
2026-07-22 01:36:00,2.8563,2.8563,2.8558,2.8558,2.8613,2.8613,2.8608,2.8608,2
2026-07-22 01:37:00,2.8563,2.8563,2.8563,2.8563,2.8613,2.8613,2.8613,2.8613,1
2026-07-22 01:38:00,2.8568,2.8568,2.8563,2.8568,2.8618,2.8618,2.8613,2.8618,3
2026-07-22 01:39:00,2.8563,2.8563,2.8563,2.8563,2.8613,2.8613,2.8613,2.8613,1
2026-07-22 01:41:00,2.8568,2.8568,2.8568,2.8568,2.8618,2.8618,2.8618,2.8618,1
2026-07-22 01:42:00,2.8563,2.8568,2.8563,2.8568,2.8613,2.8618,2.8613,2.8618,2
2026-07-22 01:44:00,2.8573,2.8573,2.8573,2.8573,2.8623,2.8623,2.8623,2.8623,1
2026-07-22 01:48:00,2.8568,2.8568,2.8558,2.8558,2.8618,2.8618,2.8608,2.8608,2
2026-07-22 01:49:00,2.8548,2.8558,2.8548,2.8558,2.8598,2.8608,2.8598,2.8608,4
2026-07-22 01:50:00,2.8563,2.8573,2.8563,2.8573,2.8613,2.8623,2.8613,2.8623,3
2026-07-22 01:51:00,2.8568,2.8573,2.8568,2.8573,2.8618,2.8623,2.8618,2.8623,2
2026-07-22 01:55:00,2.8578,2.8578,2.8573,2.8573,2.8628,2.8628,2.8623,2.8623,2
2026-07-22 01:58:00,2.8568,2.8568,2.8568,2.8568,2.8618,2.8618,2.8618,2.8618,1
2026-07-22 01:59:00,2.8573,2.8573,2.8568,2.8568,2.8623,2.8623,2.8618,2.8618,2
2026-07-22 02:00:00,2.8563,2.8563,2.8543,2.8553,2.8613,2.8613,2.8593,2.8603,7
2026-07-22 02:01:00,2.8558,2.8578,2.8548,2.8573,2.8608,2.8628,2.8598,2.8623,11
2026-07-22 02:02:00,2.8588,2.8598,2.8588,2.8598,2.8638,2.8648,2.8638,2.8648,3
2026-07-22 02:03:00,2.8593,2.8608,2.8593,2.8603,2.8643,2.8658,2.8643,2.8653,7
2026-07-22 02:04:00,2.8608,2.8608,2.8608,2.8608,2.8658,2.8658,2.8658,2.8658,1
2026-07-22 02:05:00,2.8613,2.8613,2.8603,2.8603,2.8663,2.8663,2.8653,2.8653,3
2026-07-22 02:06:00,2.8598,2.8603,2.8598,2.8598,2.8648,2.8653,2.8648,2.8648,3
2026-07-22 02:08:00,2.8608,2.8638,2.8608,2.8628,2.8658,2.8688,2.8658,2.8678,16
2026-07-22 02:09:00,2.8633,2.8633,2.8628,2.8628,2.8683,2.8683,2.8678,2.8678,6
2026-07-22 02:11:00,2.8618,2.8623,2.8618,2.8618,2.8668,2.8673,2.8668,2.8668,3
2026-07-22 02:13:00,2.8623,2.8623,2.8623,2.8623,2.8673,2.8673,2.8673,2.8673,1
2026-07-22 02:14:00,2.8618,2.8618,2.8618,2.8618,2.8668,2.8668,2.8668,2.8668,1
2026-07-22 02:15:00,2.8623,2.8623,2.8618,2.8618,2.8673,2.8673,2.8668,2.8668,2
2026-07-22 02:17:00,2.8613,2.8613,2.8613,2.8613,2.8663,2.8663,2.8663,2.8663,1
2026-07-22 02:18:00,2.8608,2.8608,2.8608,2.8608,2.8658,2.8658,2.8658,2.8658,1
2026-07-22 02:19:00,2.8598,2.8608,2.8598,2.8608,2.8648,2.8658,2.8648,2.8658,4
2026-07-22 02:20:00,2.8603,2.8608,2.8603,2.8608,2.8653,2.8658,2.8653,2.8658,2
2026-07-22 02:21:00,2.8613,2.8613,2.8608,2.8608,2.8663,2.8663,2.8658,2.8658,4
2026-07-22 02:26:00,2.8613,2.8613,2.8608,2.8608,2.8663,2.8663,2.8658,2.8658,2
2026-07-22 02:27:00,2.8613,2.8613,2.8608,2.8608,2.8663,2.8663,2.8658,2.8658,2
2026-07-22 02:29:00,2.8598,2.8608,2.8598,2.8603,2.8648,2.8658,2.8648,2.8653,3
2026-07-22 02:33:00,2.8598,2.8598,2.8598,2.8598,2.8648,2.8648,2.8648,2.8648,1
2026-07-22 02:36:00,2.8603,2.8618,2.8603,2.8618,2.8653,2.8668,2.8653,2.8668,4
2026-07-22 02:37:00,2.8608,2.8608,2.8588,2.8593,2.8658,2.8658,2.8638,2.8643,13
2026-07-22 02:38:00,2.8598,2.8603,2.8598,2.8603,2.8648,2.8653,2.8648,2.8653,2
2026-07-22 02:39:00,2.8598,2.8603,2.8598,2.8603,2.8648,2.8653,2.8648,2.8653,2
2026-07-22 02:40:00,2.8598,2.8598,2.8593,2.8598,2.8648,2.8648,2.8643,2.8648,3
2026-07-22 02:46:00,2.8593,2.8593,2.8593,2.8593,2.8643,2.8643,2.8643,2.8643,1
2026-07-22 02:47:00,2.8588,2.8588,2.8588,2.8588,2.8638,2.8638,2.8638,2.8638,1
2026-07-22 02:50:00,2.8598,2.8598,2.8593,2.8598,2.8648,2.8648,2.8643,2.8648,3
2026-07-22 02:51:00,2.8603,2.8618,2.8603,2.8618,2.8653,2.8668,2.8653,2.8668,3
2026-07-22 02:53:00,2.8628,2.8628,2.8628,2.8628,2.8678,2.8678,2.8678,2.8678,1
2026-07-22 02:54:00,2.8623,2.8628,2.8623,2.8628,2.8673,2.8678,2.8673,2.8678,2
2026-07-22 02:55:00,2.8633,2.8643,2.8633,2.8643,2.8683,2.8693,2.8683,2.8693,3
2026-07-22 02:57:00,2.8648,2.8648,2.8648,2.8648,2.8698,2.8698,2.8698,2.8698,1
2026-07-22 02:58:00,2.8638,2.8643,2.8638,2.8638,2.8688,2.8693,2.8688,2.8688,3
2026-07-22 03:00:00,2.8643,2.8668,2.8643,2.8663,2.8693,2.8718,2.8693,2.8713,11
2026-07-22 03:01:00,2.8668,2.8678,2.8663,2.8678,2.8718,2.8728,2.8713,2.8728,6
2026-07-22 03:02:00,2.8683,2.8708,2.8678,2.8708,2.8733,2.8758,2.8728,2.8758,16
2026-07-22 03:03:00,2.8718,2.8743,2.8683,2.8688,2.8768,2.8793,2.8733,2.8738,21
2026-07-22 03:04:00,2.8693,2.8718,2.8693,2.8718,2.8743,2.8768,2.8743,2.8768,9
2026-07-22 03:05:00,2.8723,2.8738,2.8723,2.8733,2.8773,2.8788,2.8773,2.8783,15
2026-07-22 03:06:00,2.8728,2.8728,2.8713,2.8718,2.8778,2.8778,2.8763,2.8768,5
2026-07-22 03:07:00,2.8723,2.8728,2.8713,2.8713,2.8773,2.8778,2.8763,2.8763,18
2026-07-22 03:08:00,2.8718,2.8723,2.8708,2.8708,2.8768,2.8773,2.8758,2.8758,17
2026-07-22 03:09:00,2.8703,2.8718,2.8698,2.8703,2.8753,2.8768,2.8748,2.8753,10
2026-07-22 03:10:00,2.8693,2.8703,2.8688,2.8688,2.8743,2.8753,2.8738,2.8738,13
2026-07-22 03:11:00,2.8678,2.8688,2.8668,2.8673,2.8728,2.8738,2.8718,2.8723,7
2026-07-22 03:12:00,2.8668,2.8683,2.8663,2.8668,2.8718,2.8733,2.8713,2.8718,11
2026-07-22 03:13:00,2.8663,2.8708,2.8648,2.8693,2.8713,2.8758,2.8698,2.8743,15
2026-07-22 03:14:00,2.8698,2.8703,2.8688,2.8703,2.8748,2.8753,2.8738,2.8753,8
2026-07-22 03:15:00,2.8698,2.8728,2.8693,2.8723,2.8748,2.8778,2.8743,2.8773,9
2026-07-22 03:16:00,2.8728,2.8728,2.8723,2.8728,2.8778,2.8778,2.8773,2.8778,3
2026-07-22 03:17:00,2.8723,2.8748,2.8723,2.8748,2.8773,2.8798,2.8773,2.8798,12
2026-07-22 03:18:00,2.8738,2.8738,2.8723,2.8733,2.8788,2.8788,2.8773,2.8783,9
2026-07-22 03:19:00,2.8743,2.8743,2.8733,2.8733,2.8793,2.8793,2.8783,2.8783,3
2026-07-22 03:20:00,2.8728,2.8728,2.8728,2.8728,2.8778,2.8778,2.8778,2.8778,1
2026-07-22 03:21:00,2.8718,2.8723,2.8708,2.8713,2.8768,2.8773,2.8758,2.8763,23
2026-07-22 03:22:00,2.8718,2.8733,2.8713,2.8728,2.8768,2.8783,2.8763,2.8778,9
2026-07-22 03:23:00,2.8733,2.8738,2.8733,2.8738,2.8783,2.8788,2.8783,2.8788,2
2026-07-22 03:24:00,2.8748,2.8748,2.8733,2.8748,2.8798,2.8798,2.8783,2.8798,10
2026-07-22 03:25:00,2.8743,2.8748,2.8738,2.8743,2.8793,2.8798,2.8788,2.8793,7
2026-07-22 03:26:00,2.8738,2.8738,2.8738,2.8738,2.8788,2.8788,2.8788,2.8788,1
2026-07-22 03:27:00,2.8728,2.8733,2.8728,2.8733,2.8778,2.8783,2.8778,2.8783,2
2026-07-22 03:28:00,2.8728,2.8733,2.8728,2.8733,2.8778,2.8783,2.8778,2.8783,2
2026-07-22 03:30:00,2.8728,2.8733,2.8728,2.8733,2.8778,2.8783,2.8778,2.8783,2
2026-07-22 03:31:00,2.8728,2.8733,2.8728,2.8728,2.8778,2.8783,2.8778,2.8778,5
2026-07-22 03:32:00,2.8718,2.8728,2.8718,2.8718,2.8768,2.8778,2.8768,2.8768,5
2026-07-22 03:33:00,2.8708,2.8718,2.8708,2.8713,2.8758,2.8768,2.8758,2.8763,4
2026-07-22 03:34:00,2.8718,2.8718,2.8708,2.8708,2.8768,2.8768,2.8758,2.8758,3
2026-07-22 03:35:00,2.8713,2.8718,2.8708,2.8708,2.8763,2.8768,2.8758,2.8758,5
2026-07-22 03:36:00,2.8698,2.8713,2.8698,2.8708,2.8748,2.8763,2.8748,2.8758,4
2026-07-22 03:37:00,2.8718,2.8718,2.8693,2.8698,2.8768,2.8768,2.8743,2.8748,7
2026-07-22 03:38:00,2.8703,2.8703,2.8703,2.8703,2.8753,2.8753,2.8753,2.8753,1
2026-07-22 03:39:00,2.8698,2.8708,2.8698,2.8703,2.8748,2.8758,2.8748,2.8753,6
2026-07-22 03:40:00,2.8708,2.8708,2.8708,2.8708,2.8758,2.8758,2.8758,2.8758,1
2026-07-22 03:43:00,2.8718,2.8748,2.8718,2.8743,2.8768,2.8798,2.8768,2.8793,22
2026-07-22 03:44:00,2.8748,2.8748,2.8743,2.8748,2.8798,2.8798,2.8793,2.8798,3
2026-07-22 03:45:00,2.8743,2.8743,2.8743,2.8743,2.8793,2.8793,2.8793,2.8793,1
2026-07-22 03:46:00,2.8738,2.8743,2.8738,2.8743,2.8788,2.8793,2.8788,2.8793,2
2026-07-22 03:48:00,2.8753,2.8753,2.8733,2.8733,2.8803,2.8803,2.8783,2.8783,6
2026-07-22 03:49:00,2.8728,2.8728,2.8718,2.8723,2.8778,2.8778,2.8768,2.8773,3
2026-07-22 03:50:00,2.8728,2.8733,2.8728,2.8733,2.8778,2.8783,2.8778,2.8783,2
2026-07-22 03:53:00,2.8738,2.8758,2.8733,2.8758,2.8788,2.8808,2.8783,2.8808,7
2026-07-22 03:54:00,2.8763,2.8778,2.8763,2.8768,2.8813,2.8828,2.8813,2.8818,8
2026-07-22 03:55:00,2.8763,2.8768,2.8763,2.8768,2.8813,2.8818,2.8813,2.8818,2
2026-07-22 03:56:00,2.8758,2.8758,2.8733,2.8738,2.8808,2.8808,2.8783,2.8788,5
2026-07-22 03:57:00,2.8743,2.8743,2.8738,2.8743,2.8793,2.8793,2.8788,2.8793,3
2026-07-22 03:58:00,2.8738,2.8738,2.8733,2.8733,2.8788,2.8788,2.8783,2.8783,2
2026-07-22 03:59:00,2.8728,2.8738,2.8728,2.8738,2.8778,2.8788,2.8778,2.8788,3
2026-07-22 04:01:00,2.8733,2.8733,2.8728,2.8728,2.8783,2.8783,2.8778,2.8778,2
2026-07-22 04:03:00,2.8718,2.8728,2.8708,2.8728,2.8768,2.8778,2.8758,2.8778,8
2026-07-22 04:04:00,2.8733,2.8733,2.8733,2.8733,2.8783,2.8783,2.8783,2.8783,1
2026-07-22 04:05:00,2.8728,2.8733,2.8728,2.8733,2.8778,2.8783,2.8778,2.8783,2
2026-07-22 04:06:00,2.8728,2.8738,2.8728,2.8733,2.8778,2.8788,2.8778,2.8783,4
2026-07-22 04:07:00,2.8738,2.8738,2.8708,2.8708,2.8788,2.8788,2.8758,2.8758,5
2026-07-22 04:08:00,2.8703,2.8703,2.8698,2.8703,2.8753,2.8753,2.8748,2.8753,9
2026-07-22 04:09:00,2.8698,2.8698,2.8693,2.8693,2.8748,2.8748,2.8743,2.8743,2
2026-07-22 04:10:00,2.8698,2.8698,2.8693,2.8693,2.8748,2.8748,2.8743,2.8743,2
2026-07-22 04:11:00,2.8688,2.8688,2.8688,2.8688,2.8738,2.8738,2.8738,2.8738,1
2026-07-22 04:12:00,2.8683,2.8688,2.8683,2.8683,2.8733,2.8738,2.8733,2.8733,3
2026-07-22 04:13:00,2.8688,2.8688,2.8688,2.8688,2.8738,2.8738,2.8738,2.8738,1
2026-07-22 04:15:00,2.8693,2.8698,2.8688,2.8698,2.8743,2.8748,2.8738,2.8748,4
2026-07-22 04:16:00,2.8688,2.8688,2.8683,2.8683,2.8738,2.8738,2.8733,2.8733,4
2026-07-22 04:17:00,2.8678,2.8683,2.8678,2.8678,2.8728,2.8733,2.8728,2.8728,3
2026-07-22 04:18:00,2.8668,2.8683,2.8668,2.8673,2.8718,2.8733,2.8718,2.8723,12
2026-07-22 04:19:00,2.8678,2.8678,2.8668,2.8673,2.8728,2.8728,2.8718,2.8723,5
2026-07-22 04:20:00,2.8668,2.8668,2.8668,2.8668,2.8718,2.8718,2.8718,2.8718,1
2026-07-22 04:21:00,2.8673,2.8673,2.8673,2.8673,2.8723,2.8723,2.8723,2.8723,1
2026-07-22 04:22:00,2.8668,2.8668,2.8668,2.8668,2.8718,2.8718,2.8718,2.8718,1
2026-07-22 04:25:00,2.8673,2.8673,2.8663,2.8663,2.8723,2.8723,2.8713,2.8713,5
2026-07-22 04:26:00,2.8668,2.8668,2.8668,2.8668,2.8718,2.8718,2.8718,2.8718,1
2026-07-22 04:27:00,2.8663,2.8673,2.8663,2.8673,2.8713,2.8723,2.8713,2.8723,3
2026-07-22 04:28:00,2.8678,2.8678,2.8673,2.8673,2.8728,2.8728,2.8723,2.8723,2
2026-07-22 04:29:00,2.8668,2.8668,2.8668,2.8668,2.8718,2.8718,2.8718,2.8718,1
2026-07-22 04:30:00,2.8663,2.8668,2.8663,2.8663,2.8713,2.8718,2.8713,2.8713,3
2026-07-22 04:31:00,2.8658,2.8658,2.8658,2.8658,2.8708,2.8708,2.8708,2.8708,1
2026-07-22 04:32:00,2.8648,2.8653,2.8643,2.8643,2.8698,2.8703,2.8693,2.8693,4
2026-07-22 04:33:00,2.8638,2.8648,2.8638,2.8648,2.8688,2.8698,2.8688,2.8698,3
2026-07-22 04:34:00,2.8653,2.8653,2.8653,2.8653,2.8703,2.8703,2.8703,2.8703,1
2026-07-22 04:35:00,2.8648,2.8663,2.8648,2.8663,2.8698,2.8713,2.8698,2.8713,5
2026-07-22 04:36:00,2.8658,2.8658,2.8653,2.8658,2.8708,2.8708,2.8703,2.8708,7
2026-07-22 04:37:00,2.8653,2.8658,2.8653,2.8653,2.8703,2.8708,2.8703,2.8703,5
2026-07-22 04:38:00,2.8658,2.8658,2.8653,2.8658,2.8708,2.8708,2.8703,2.8708,3
2026-07-22 04:40:00,2.8648,2.8648,2.8648,2.8648,2.8698,2.8698,2.8698,2.8698,1
2026-07-22 04:41:00,2.8643,2.8643,2.8638,2.8643,2.8693,2.8693,2.8688,2.8693,3
2026-07-22 04:42:00,2.8638,2.8648,2.8638,2.8648,2.8688,2.8698,2.8688,2.8698,6
2026-07-22 04:43:00,2.8643,2.8648,2.8643,2.8643,2.8693,2.8698,2.8693,2.8693,3
2026-07-22 04:44:00,2.8638,2.8653,2.8638,2.8653,2.8688,2.8703,2.8688,2.8703,14
2026-07-22 04:45:00,2.8648,2.8648,2.8648,2.8648,2.8698,2.8698,2.8698,2.8698,1
2026-07-22 04:46:00,2.8653,2.8653,2.8653,2.8653,2.8703,2.8703,2.8703,2.8703,1
2026-07-22 04:47:00,2.8658,2.8663,2.8658,2.8658,2.8708,2.8713,2.8708,2.8708,3
2026-07-22 04:49:00,2.8663,2.8663,2.8658,2.8663,2.8713,2.8713,2.8708,2.8713,3
2026-07-22 04:50:00,2.8658,2.8663,2.8658,2.8663,2.8708,2.8713,2.8708,2.8713,4
2026-07-22 04:51:00,2.8648,2.8648,2.8638,2.8648,2.8698,2.8698,2.8688,2.8698,6
2026-07-22 04:52:00,2.8658,2.8658,2.8648,2.8653,2.8708,2.8708,2.8698,2.8703,4
2026-07-22 04:55:00,2.8658,2.8668,2.8658,2.8658,2.8708,2.8718,2.8708,2.8708,3
2026-07-22 04:56:00,2.8663,2.8663,2.8663,2.8663,2.8713,2.8713,2.8713,2.8713,1
2026-07-22 04:57:00,2.8658,2.8658,2.8653,2.8653,2.8708,2.8708,2.8703,2.8703,4
2026-07-22 04:58:00,2.8658,2.8658,2.8658,2.8658,2.8708,2.8708,2.8708,2.8708,1
2026-07-22 05:00:00,2.8653,2.8658,2.8653,2.8658,2.8703,2.8708,2.8703,2.8708,2
2026-07-22 05:01:00,2.8653,2.8653,2.8638,2.8648,2.8703,2.8703,2.8688,2.8698,4
2026-07-22 05:02:00,2.8643,2.8643,2.8638,2.8638,2.8693,2.8693,2.8688,2.8688,2
2026-07-22 05:03:00,2.8643,2.8643,2.8638,2.8638,2.8693,2.8693,2.8688,2.8688,2
2026-07-22 05:04:00,2.8643,2.8653,2.8638,2.8653,2.8693,2.8703,2.8688,2.8703,5
2026-07-22 05:07:00,2.8658,2.8673,2.8658,2.8673,2.8708,2.8723,2.8708,2.8723,5
2026-07-22 05:09:00,2.8668,2.8673,2.8668,2.8668,2.8718,2.8723,2.8718,2.8718,3
2026-07-22 05:10:00,2.8678,2.8678,2.8668,2.8668,2.8728,2.8728,2.8718,2.8718,5
2026-07-22 05:11:00,2.8673,2.8678,2.8668,2.8678,2.8723,2.8728,2.8718,2.8728,6
2026-07-22 05:12:00,2.8668,2.8673,2.8668,2.8673,2.8718,2.8723,2.8718,2.8723,4
2026-07-22 05:13:00,2.8678,2.8678,2.8658,2.8658,2.8728,2.8728,2.8708,2.8708,5
2026-07-22 05:14:00,2.8663,2.8663,2.8658,2.8658,2.8713,2.8713,2.8708,2.8708,2
2026-07-22 05:15:00,2.8648,2.8648,2.8648,2.8648,2.8698,2.8698,2.8698,2.8698,1
2026-07-22 05:16:00,2.8653,2.8653,2.8648,2.8648,2.8703,2.8703,2.8698,2.8698,8
2026-07-22 05:17:00,2.8653,2.8658,2.8653,2.8658,2.8703,2.8708,2.8703,2.8708,2
2026-07-22 05:18:00,2.8653,2.8653,2.8653,2.8653,2.8703,2.8703,2.8703,2.8703,1
2026-07-22 05:21:00,2.8648,2.8648,2.8648,2.8648,2.8698,2.8698,2.8698,2.8698,1
2026-07-22 05:22:00,2.8643,2.8643,2.8638,2.8638,2.8693,2.8693,2.8688,2.8688,2
2026-07-22 05:25:00,2.8633,2.8633,2.8633,2.8633,2.8683,2.8683,2.8683,2.8683,1
2026-07-22 05:26:00,2.8628,2.8628,2.8628,2.8628,2.8678,2.8678,2.8678,2.8678,1
2026-07-22 05:27:00,2.8638,2.8638,2.8633,2.8638,2.8688,2.8688,2.8683,2.8688,3
2026-07-22 05:30:00,2.8628,2.8628,2.8468,2.8508,2.8678,2.8678,2.8518,2.8558,112
2026-07-22 05:31:00,2.8498,2.8518,2.8468,2.8488,2.8548,2.8568,2.8518,2.8538,52
2026-07-22 05:32:00,2.8498,2.8538,2.8488,2.8523,2.8548,2.8588,2.8538,2.8573,75
2026-07-22 05:33:00,2.8518,2.8528,2.8508,2.8518,2.8568,2.8578,2.8558,2.8568,34
2026-07-22 05:34:00,2.8508,2.8528,2.8508,2.8508,2.8558,2.8578,2.8558,2.8558,12
2026-07-22 05:35:00,2.8513,2.8528,2.8493,2.8513,2.8563,2.8578,2.8543,2.8563,51
2026-07-22 05:36:00,2.8518,2.8558,2.8508,2.8513,2.8568,2.8608,2.8558,2.8563,27
2026-07-22 05:37:00,2.8508,2.8518,2.8503,2.8508,2.8558,2.8568,2.8553,2.8558,12
2026-07-22 05:38:00,2.8498,2.8508,2.8498,2.8508,2.8548,2.8558,2.8548,2.8558,14
2026-07-22 05:39:00,2.8503,2.8518,2.8503,2.8518,2.8553,2.8568,2.8553,2.8568,15
2026-07-22 05:40:00,2.8508,2.8528,2.8508,2.8518,2.8558,2.8578,2.8558,2.8568,16
2026-07-22 05:41:00,2.8528,2.8528,2.8518,2.8518,2.8578,2.8578,2.8568,2.8568,8
2026-07-22 05:42:00,2.8523,2.8533,2.8523,2.8528,2.8573,2.8583,2.8573,2.8578,6
2026-07-22 05:44:00,2.8523,2.8528,2.8483,2.8483,2.8573,2.8578,2.8533,2.8533,8
2026-07-22 05:45:00,2.8478,2.8498,2.8453,2.8468,2.8528,2.8548,2.8503,2.8518,28
2026-07-22 05:46:00,2.8473,2.8488,2.8473,2.8483,2.8523,2.8538,2.8523,2.8533,10
2026-07-22 05:47:00,2.8478,2.8483,2.8478,2.8483,2.8528,2.8533,2.8528,2.8533,2
2026-07-22 05:48:00,2.8488,2.8488,2.8478,2.8488,2.8538,2.8538,2.8528,2.8538,9
2026-07-22 05:49:00,2.8483,2.8513,2.8483,2.8508,2.8533,2.8563,2.8533,2.8558,14
2026-07-22 05:50:00,2.8513,2.8513,2.8498,2.8508,2.8563,2.8563,2.8548,2.8558,7
2026-07-22 05:51:00,2.8503,2.8508,2.8503,2.8508,2.8553,2.8558,2.8553,2.8558,6
2026-07-22 05:52:00,2.8503,2.8508,2.8498,2.8508,2.8553,2.8558,2.8548,2.8558,12
2026-07-22 05:55:00,2.8518,2.8518,2.8513,2.8518,2.8568,2.8568,2.8563,2.8568,3
2026-07-22 05:56:00,2.8513,2.8518,2.8513,2.8513,2.8563,2.8568,2.8563,2.8563,9
2026-07-22 05:57:00,2.8518,2.8518,2.8508,2.8508,2.8568,2.8568,2.8558,2.8558,11
2026-07-22 05:58:00,2.8513,2.8528,2.8513,2.8528,2.8563,2.8578,2.8563,2.8578,28
2026-07-22 05:59:00,2.8523,2.8528,2.8518,2.8523,2.8573,2.8578,2.8568,2.8573,16
2026-07-22 06:00:00,2.8528,2.8538,2.8528,2.8528,2.8578,2.8588,2.8578,2.8578,4
2026-07-22 06:01:00,2.8518,2.8533,2.8518,2.8528,2.8568,2.8583,2.8568,2.8578,5
2026-07-22 06:03:00,2.8523,2.8523,2.8508,2.8513,2.8573,2.8573,2.8558,2.8563,5
2026-07-22 06:04:00,2.8518,2.8528,2.8513,2.8528,2.8568,2.8578,2.8563,2.8578,7
2026-07-22 06:05:00,2.8523,2.8523,2.8518,2.8518,2.8573,2.8573,2.8568,2.8568,2
2026-07-22 06:08:00,2.8513,2.8518,2.8508,2.8508,2.8563,2.8568,2.8558,2.8558,6
2026-07-22 06:11:00,2.8503,2.8508,2.8498,2.8503,2.8553,2.8558,2.8548,2.8553,8
2026-07-22 06:12:00,2.8498,2.8508,2.8498,2.8508,2.8548,2.8558,2.8548,2.8558,2
2026-07-22 06:13:00,2.8503,2.8508,2.8488,2.8488,2.8553,2.8558,2.8538,2.8538,11
2026-07-22 06:14:00,2.8493,2.8498,2.8488,2.8488,2.8543,2.8548,2.8538,2.8538,7
2026-07-22 06:15:00,2.8493,2.8508,2.8488,2.8508,2.8543,2.8558,2.8538,2.8558,4
2026-07-22 06:16:00,2.8493,2.8498,2.8488,2.8493,2.8543,2.8548,2.8538,2.8543,8
2026-07-22 06:17:00,2.8488,2.8513,2.8488,2.8508,2.8538,2.8563,2.8538,2.8558,9
2026-07-22 06:18:00,2.8503,2.8508,2.8503,2.8508,2.8553,2.8558,2.8553,2.8558,2
2026-07-22 06:20:00,2.8503,2.8508,2.8503,2.8508,2.8553,2.8558,2.8553,2.8558,2
2026-07-22 06:21:00,2.8503,2.8503,2.8488,2.8488,2.8553,2.8553,2.8538,2.8538,4
2026-07-22 06:22:00,2.8493,2.8493,2.8488,2.8488,2.8543,2.8543,2.8538,2.8538,4
2026-07-22 06:24:00,2.8478,2.8488,2.8468,2.8483,2.8528,2.8538,2.8518,2.8533,17
2026-07-22 06:25:00,2.8488,2.8488,2.8468,2.8468,2.8538,2.8538,2.8518,2.8518,4
2026-07-22 06:26:00,2.8458,2.8458,2.8448,2.8458,2.8508,2.8508,2.8498,2.8508,7
2026-07-22 06:27:00,2.8463,2.8463,2.8463,2.8463,2.8513,2.8513,2.8513,2.8513,1
2026-07-22 06:28:00,2.8458,2.8458,2.8458,2.8458,2.8508,2.8508,2.8508,2.8508,1
2026-07-22 06:30:00,2.8453,2.8458,2.8453,2.8458,2.8503,2.8508,2.8503,2.8508,2
2026-07-22 06:31:00,2.8468,2.8468,2.8458,2.8458,2.8518,2.8518,2.8508,2.8508,17
2026-07-22 06:32:00,2.8463,2.8463,2.8458,2.8458,2.8513,2.8513,2.8508,2.8508,2
2026-07-22 06:33:00,2.8463,2.8463,2.8448,2.8458,2.8513,2.8513,2.8498,2.8508,10
2026-07-22 06:34:00,2.8453,2.8458,2.8453,2.8458,2.8503,2.8508,2.8503,2.8508,2
2026-07-22 06:35:00,2.8468,2.8488,2.8468,2.8488,2.8518,2.8538,2.8518,2.8538,6
2026-07-22 06:36:00,2.8483,2.8483,2.8478,2.8478,2.8533,2.8533,2.8528,2.8528,4
2026-07-22 06:37:00,2.8488,2.8488,2.8468,2.8478,2.8538,2.8538,2.8518,2.8528,14
2026-07-22 06:38:00,2.8473,2.8478,2.8473,2.8473,2.8523,2.8528,2.8523,2.8523,3
2026-07-22 06:39:00,2.8468,2.8473,2.8468,2.8473,2.8518,2.8523,2.8518,2.8523,2
2026-07-22 06:40:00,2.8468,2.8478,2.8468,2.8473,2.8518,2.8528,2.8518,2.8523,11
2026-07-22 06:41:00,2.8468,2.8473,2.8468,2.8473,2.8518,2.8523,2.8518,2.8523,10
2026-07-22 06:42:00,2.8468,2.8468,2.8438,2.8438,2.8518,2.8518,2.8488,2.8488,4
2026-07-22 06:43:00,2.8443,2.8448,2.8428,2.8438,2.8493,2.8498,2.8478,2.8488,26
2026-07-22 06:44:00,2.8443,2.8443,2.8438,2.8438,2.8493,2.8493,2.8488,2.8488,2
2026-07-22 06:45:00,2.8443,2.8448,2.8438,2.8448,2.8493,2.8498,2.8488,2.8498,13
2026-07-22 06:46:00,2.8443,2.8448,2.8443,2.8443,2.8493,2.8498,2.8493,2.8493,3
2026-07-22 06:50:00,2.8438,2.8443,2.8438,2.8443,2.8488,2.8493,2.8488,2.8493,10
2026-07-22 06:51:00,2.8448,2.8448,2.8438,2.8438,2.8498,2.8498,2.8488,2.8488,2
2026-07-22 06:52:00,2.8448,2.8448,2.8438,2.8443,2.8498,2.8498,2.8488,2.8493,16
2026-07-22 06:53:00,2.8438,2.8443,2.8438,2.8443,2.8488,2.8493,2.8488,2.8493,6
2026-07-22 06:54:00,2.8438,2.8438,2.8438,2.8438,2.8488,2.8488,2.8488,2.8488,1
2026-07-22 06:55:00,2.8443,2.8443,2.8443,2.8443,2.8493,2.8493,2.8493,2.8493,1
2026-07-22 06:56:00,2.8438,2.8438,2.8438,2.8438,2.8488,2.8488,2.8488,2.8488,1
2026-07-22 06:57:00,2.8443,2.8443,2.8418,2.8438,2.8493,2.8493,2.8468,2.8488,11
2026-07-22 06:58:00,2.8433,2.8433,2.8428,2.8428,2.8483,2.8483,2.8478,2.8478,4
2026-07-22 06:59:00,2.8438,2.8458,2.8438,2.8448,2.8488,2.8508,2.8488,2.8498,11
2026-07-22 07:05:00,2.8458,2.8458,2.8448,2.8448,2.8508,2.8508,2.8498,2.8498,6
2026-07-22 07:06:00,2.8453,2.8458,2.8448,2.8453,2.8503,2.8508,2.8498,2.8503,5
2026-07-22 07:07:00,2.8448,2.8453,2.8448,2.8453,2.8498,2.8503,2.8498,2.8503,2
2026-07-22 07:08:00,2.8458,2.8458,2.8453,2.8458,2.8508,2.8508,2.8503,2.8508,5
2026-07-22 07:09:00,2.8478,2.8508,2.8478,2.8483,2.8528,2.8558,2.8528,2.8533,17
2026-07-22 07:10:00,2.8478,2.8478,2.8478,2.8478,2.8528,2.8528,2.8528,2.8528,1
2026-07-22 07:11:00,2.8483,2.8483,2.8478,2.8478,2.8533,2.8533,2.8528,2.8528,6
2026-07-22 07:12:00,2.8483,2.8488,2.8478,2.8478,2.8533,2.8538,2.8528,2.8528,4
2026-07-22 07:13:00,2.8483,2.8488,2.8478,2.8488,2.8533,2.8538,2.8528,2.8538,4
2026-07-22 07:14:00,2.8493,2.8493,2.8488,2.8493,2.8543,2.8543,2.8538,2.8543,5
2026-07-22 07:15:00,2.8498,2.8498,2.8493,2.8493,2.8548,2.8548,2.8543,2.8543,2
2026-07-22 07:16:00,2.8488,2.8488,2.8488,2.8488,2.8538,2.8538,2.8538,2.8538,1
2026-07-22 07:19:00,2.8493,2.8498,2.8488,2.8493,2.8543,2.8548,2.8538,2.8543,9
2026-07-22 07:20:00,2.8498,2.8498,2.8488,2.8493,2.8548,2.8548,2.8538,2.8543,7
2026-07-22 07:21:00,2.8488,2.8493,2.8488,2.8493,2.8538,2.8543,2.8538,2.8543,2
2026-07-22 07:22:00,2.8488,2.8488,2.8473,2.8478,2.8538,2.8538,2.8523,2.8528,12
2026-07-22 07:23:00,2.8483,2.8488,2.8478,2.8478,2.8533,2.8538,2.8528,2.8528,7
2026-07-22 07:24:00,2.8473,2.8473,2.8453,2.8453,2.8523,2.8523,2.8503,2.8503,6
2026-07-22 07:25:00,2.8458,2.8468,2.8453,2.8463,2.8508,2.8518,2.8503,2.8513,9
2026-07-22 07:26:00,2.8468,2.8468,2.8468,2.8468,2.8518,2.8518,2.8518,2.8518,1
2026-07-22 07:29:00,2.8458,2.8478,2.8453,2.8478,2.8508,2.8528,2.8503,2.8528,5
2026-07-22 07:30:00,2.8483,2.8488,2.8478,2.8483,2.8533,2.8538,2.8528,2.8533,10
2026-07-22 07:31:00,2.8488,2.8493,2.8488,2.8488,2.8538,2.8543,2.8538,2.8538,3
2026-07-22 07:32:00,2.8493,2.8493,2.8493,2.8493,2.8543,2.8543,2.8543,2.8543,1
2026-07-22 07:33:00,2.8498,2.8498,2.8488,2.8488,2.8548,2.8548,2.8538,2.8538,4
2026-07-22 07:35:00,2.8493,2.8513,2.8488,2.8513,2.8543,2.8563,2.8538,2.8563,7
2026-07-22 07:36:00,2.8508,2.8508,2.8498,2.8508,2.8558,2.8558,2.8548,2.8558,6
2026-07-22 07:37:00,2.8498,2.8513,2.8498,2.8513,2.8548,2.8563,2.8548,2.8563,4
2026-07-22 07:38:00,2.8508,2.8513,2.8508,2.8508,2.8558,2.8563,2.8558,2.8558,3
2026-07-22 07:39:00,2.8513,2.8518,2.8488,2.8498,2.8563,2.8568,2.8538,2.8548,9
2026-07-22 07:40:00,2.8503,2.8508,2.8503,2.8508,2.8553,2.8558,2.8553,2.8558,2
2026-07-22 07:41:00,2.8513,2.8518,2.8508,2.8513,2.8563,2.8568,2.8558,2.8563,10
2026-07-22 07:42:00,2.8508,2.8513,2.8508,2.8508,2.8558,2.8563,2.8558,2.8558,3
2026-07-22 07:43:00,2.8498,2.8503,2.8498,2.8503,2.8548,2.8553,2.8548,2.8553,2
2026-07-22 07:44:00,2.8498,2.8518,2.8498,2.8513,2.8548,2.8568,2.8548,2.8563,23
2026-07-22 07:45:00,2.8518,2.8518,2.8508,2.8513,2.8568,2.8568,2.8558,2.8563,6
2026-07-22 07:46:00,2.8508,2.8508,2.8438,2.8488,2.8558,2.8558,2.8488,2.8538,26
2026-07-22 07:47:00,2.8478,2.8488,2.8473,2.8488,2.8528,2.8538,2.8523,2.8538,14
2026-07-22 07:48:00,2.8483,2.8488,2.8453,2.8458,2.8533,2.8538,2.8503,2.8508,7
2026-07-22 07:49:00,2.8463,2.8503,2.8463,2.8493,2.8513,2.8553,2.8513,2.8543,13
2026-07-22 07:50:00,2.8488,2.8493,2.8483,2.8483,2.8538,2.8543,2.8533,2.8533,4
2026-07-22 07:51:00,2.8478,2.8478,2.8468,2.8468,2.8528,2.8528,2.8518,2.8518,5
2026-07-22 07:52:00,2.8473,2.8473,2.8468,2.8468,2.8523,2.8523,2.8518,2.8518,2
2026-07-22 07:54:00,2.8473,2.8558,2.8473,2.8548,2.8523,2.8608,2.8523,2.8598,24
2026-07-22 07:55:00,2.8543,2.8558,2.8533,2.8543,2.8593,2.8608,2.8583,2.8593,31
2026-07-22 07:56:00,2.8558,2.8558,2.8533,2.8548,2.8608,2.8608,2.8583,2.8598,12
2026-07-22 07:57:00,2.8538,2.8538,2.8533,2.8533,2.8588,2.8588,2.8583,2.8583,4
2026-07-22 07:58:00,2.8528,2.8558,2.8528,2.8553,2.8578,2.8608,2.8578,2.8603,22
2026-07-22 07:59:00,2.8558,2.8558,2.8533,2.8538,2.8608,2.8608,2.8583,2.8588,8
2026-07-22 08:00:00,2.8543,2.8548,2.8528,2.8528,2.8593,2.8598,2.8578,2.8578,13
2026-07-22 08:01:00,2.8518,2.8518,2.8508,2.8508,2.8568,2.8568,2.8558,2.8558,4
2026-07-22 08:02:00,2.8513,2.8523,2.8513,2.8523,2.8563,2.8573,2.8563,2.8573,2
2026-07-22 08:03:00,2.8528,2.8528,2.8513,2.8513,2.8578,2.8578,2.8563,2.8563,5
2026-07-22 08:04:00,2.8518,2.8518,2.8498,2.8513,2.8568,2.8568,2.8548,2.8563,8
2026-07-22 08:05:00,2.8508,2.8513,2.8508,2.8513,2.8558,2.8563,2.8558,2.8563,2
2026-07-22 08:06:00,2.8508,2.8558,2.8508,2.8553,2.8558,2.8608,2.8558,2.8603,26
2026-07-22 08:07:00,2.8548,2.8553,2.8538,2.8543,2.8598,2.8603,2.8588,2.8593,9
2026-07-22 08:08:00,2.8558,2.8558,2.8548,2.8558,2.8608,2.8608,2.8598,2.8608,17
2026-07-22 08:09:00,2.8568,2.8568,2.8558,2.8558,2.8618,2.8618,2.8608,2.8608,4
2026-07-22 08:10:00,2.8553,2.8558,2.8548,2.8558,2.8603,2.8608,2.8598,2.8608,4
2026-07-22 08:12:00,2.8548,2.8548,2.8533,2.8538,2.8598,2.8598,2.8583,2.8588,6
2026-07-22 08:15:00,2.8543,2.8548,2.8538,2.8538,2.8593,2.8598,2.8588,2.8588,3
2026-07-22 08:16:00,2.8548,2.8568,2.8548,2.8563,2.8598,2.8618,2.8598,2.8613,14
2026-07-22 08:17:00,2.8568,2.8568,2.8568,2.8568,2.8618,2.8618,2.8618,2.8618,1
2026-07-22 08:18:00,2.8558,2.8568,2.8558,2.8563,2.8608,2.8618,2.8608,2.8613,25
2026-07-22 08:19:00,2.8568,2.8568,2.8558,2.8563,2.8618,2.8618,2.8608,2.8613,10
2026-07-22 08:20:00,2.8558,2.8568,2.8548,2.8548,2.8608,2.8618,2.8598,2.8598,8
2026-07-22 08:21:00,2.8553,2.8568,2.8548,2.8568,2.8603,2.8618,2.8598,2.8618,22
2026-07-22 08:22:00,2.8563,2.8568,2.8558,2.8568,2.8613,2.8618,2.8608,2.8618,12
2026-07-22 08:23:00,2.8578,2.8578,2.8568,2.8573,2.8628,2.8628,2.8618,2.8623,16
2026-07-22 08:24:00,2.8578,2.8588,2.8573,2.8583,2.8628,2.8638,2.8623,2.8633,15
2026-07-22 08:25:00,2.8578,2.8598,2.8578,2.8588,2.8628,2.8648,2.8628,2.8638,7
2026-07-22 08:26:00,2.8598,2.8598,2.8588,2.8588,2.8648,2.8648,2.8638,2.8638,8
2026-07-22 08:27:00,2.8578,2.8588,2.8578,2.8583,2.8628,2.8638,2.8628,2.8633,6
2026-07-22 08:28:00,2.8578,2.8578,2.8558,2.8558,2.8628,2.8628,2.8608,2.8608,7
2026-07-22 08:29:00,2.8563,2.8563,2.8563,2.8563,2.8613,2.8613,2.8613,2.8613,1
2026-07-22 08:30:00,2.8568,2.8578,2.8568,2.8573,2.8618,2.8628,2.8618,2.8623,10
2026-07-22 08:31:00,2.8568,2.8568,2.8568,2.8568,2.8618,2.8618,2.8618,2.8618,1
2026-07-22 08:33:00,2.8563,2.8568,2.8558,2.8563,2.8613,2.8618,2.8608,2.8613,5
2026-07-22 08:34:00,2.8558,2.8558,2.8548,2.8558,2.8608,2.8608,2.8598,2.8608,4
2026-07-22 08:35:00,2.8568,2.8588,2.8563,2.8563,2.8618,2.8638,2.8613,2.8613,20
2026-07-22 08:36:00,2.8558,2.8558,2.8558,2.8558,2.8608,2.8608,2.8608,2.8608,1
2026-07-22 08:37:00,2.8548,2.8563,2.8548,2.8563,2.8598,2.8613,2.8598,2.8613,11
2026-07-22 08:38:00,2.8558,2.8563,2.8558,2.8563,2.8608,2.8613,2.8608,2.8613,2
2026-07-22 08:39:00,2.8568,2.8573,2.8568,2.8568,2.8618,2.8623,2.8618,2.8618,5
2026-07-22 08:41:00,2.8563,2.8573,2.8563,2.8573,2.8613,2.8623,2.8613,2.8623,3
2026-07-22 08:42:00,2.8578,2.8578,2.8578,2.8578,2.8628,2.8628,2.8628,2.8628,1
2026-07-22 08:44:00,2.8588,2.8618,2.8588,2.8608,2.8638,2.8668,2.8638,2.8658,21
2026-07-22 08:45:00,2.8613,2.8618,2.8598,2.8598,2.8663,2.8668,2.8648,2.8648,20
2026-07-22 08:46:00,2.8593,2.8608,2.8593,2.8598,2.8643,2.8658,2.8643,2.8648,17
2026-07-22 08:47:00,2.8593,2.8598,2.8588,2.8588,2.8643,2.8648,2.8638,2.8638,6
2026-07-22 08:49:00,2.8598,2.8598,2.8593,2.8598,2.8648,2.8648,2.8643,2.8648,15
2026-07-22 08:51:00,2.8588,2.8588,2.8568,2.8578,2.8638,2.8638,2.8618,2.8628,17
2026-07-22 08:52:00,2.8568,2.8578,2.8563,2.8563,2.8618,2.8628,2.8613,2.8613,7
2026-07-22 08:53:00,2.8568,2.8568,2.8563,2.8563,2.8618,2.8618,2.8613,2.8613,2
2026-07-22 08:54:00,2.8568,2.8568,2.8563,2.8568,2.8618,2.8618,2.8613,2.8618,3
2026-07-22 08:55:00,2.8563,2.8568,2.8563,2.8563,2.8613,2.8618,2.8613,2.8613,5
2026-07-22 08:56:00,2.8568,2.8568,2.8558,2.8568,2.8618,2.8618,2.8608,2.8618,11
2026-07-22 08:58:00,2.8563,2.8568,2.8563,2.8568,2.8613,2.8618,2.8613,2.8618,2
2026-07-22 08:59:00,2.8578,2.8578,2.8513,2.8518,2.8628,2.8628,2.8563,2.8568,17
2026-07-22 09:00:00,2.8523,2.8538,2.8508,2.8528,2.8573,2.8588,2.8558,2.8578,32
2026-07-22 09:01:00,2.8538,2.8538,2.8518,2.8518,2.8588,2.8588,2.8568,2.8568,4
2026-07-22 09:02:00,2.8513,2.8518,2.8503,2.8508,2.8563,2.8568,2.8553,2.8558,6
2026-07-22 09:03:00,2.8518,2.8518,2.8508,2.8508,2.8568,2.8568,2.8558,2.8558,4
2026-07-22 09:04:00,2.8518,2.8518,2.8508,2.8508,2.8568,2.8568,2.8558,2.8558,11
2026-07-22 09:05:00,2.8498,2.8528,2.8498,2.8528,2.8548,2.8578,2.8548,2.8578,6
2026-07-22 09:06:00,2.8518,2.8518,2.8488,2.8498,2.8568,2.8568,2.8538,2.8548,13
2026-07-22 09:07:00,2.8493,2.8493,2.8478,2.8488,2.8543,2.8543,2.8528,2.8538,6
2026-07-22 09:08:00,2.8483,2.8488,2.8478,2.8483,2.8533,2.8538,2.8528,2.8533,6
2026-07-22 09:09:00,2.8488,2.8498,2.8488,2.8498,2.8538,2.8548,2.8538,2.8548,2
2026-07-22 09:10:00,2.8508,2.8508,2.8498,2.8503,2.8558,2.8558,2.8548,2.8553,5
2026-07-22 09:11:00,2.8508,2.8538,2.8508,2.8518,2.8558,2.8588,2.8558,2.8568,20
2026-07-22 09:12:00,2.8513,2.8513,2.8488,2.8498,2.8563,2.8563,2.8538,2.8548,10
2026-07-22 09:13:00,2.8493,2.8493,2.8478,2.8488,2.8543,2.8543,2.8528,2.8538,8
2026-07-22 09:14:00,2.8478,2.8498,2.8478,2.8498,2.8528,2.8548,2.8528,2.8548,11
2026-07-22 09:15:00,2.8493,2.8498,2.8488,2.8488,2.8543,2.8548,2.8538,2.8538,4
2026-07-22 09:16:00,2.8498,2.8498,2.8488,2.8498,2.8548,2.8548,2.8538,2.8548,5
2026-07-22 09:17:00,2.8493,2.8498,2.8468,2.8473,2.8543,2.8548,2.8518,2.8523,11
2026-07-22 09:18:00,2.8478,2.8478,2.8448,2.8468,2.8528,2.8528,2.8498,2.8518,14
2026-07-22 09:19:00,2.8478,2.8478,2.8468,2.8478,2.8528,2.8528,2.8518,2.8528,8
2026-07-22 09:20:00,2.8473,2.8473,2.8438,2.8463,2.8523,2.8523,2.8488,2.8513,32
2026-07-22 09:21:00,2.8458,2.8468,2.8448,2.8468,2.8508,2.8518,2.8498,2.8518,12
2026-07-22 09:22:00,2.8463,2.8468,2.8453,2.8468,2.8513,2.8518,2.8503,2.8518,14
2026-07-22 09:23:00,2.8478,2.8478,2.8468,2.8468,2.8528,2.8528,2.8518,2.8518,7
2026-07-22 09:24:00,2.8478,2.8488,2.8478,2.8488,2.8528,2.8538,2.8528,2.8538,6
2026-07-22 09:25:00,2.8483,2.8508,2.8483,2.8498,2.8533,2.8558,2.8533,2.8548,9
2026-07-22 09:26:00,2.8508,2.8508,2.8488,2.8488,2.8558,2.8558,2.8538,2.8538,10
2026-07-22 09:27:00,2.8498,2.8508,2.8498,2.8508,2.8548,2.8558,2.8548,2.8558,7
2026-07-22 09:28:00,2.8503,2.8508,2.8493,2.8498,2.8553,2.8558,2.8543,2.8548,8
2026-07-22 09:30:00,2.8508,2.8528,2.8503,2.8518,2.8558,2.8578,2.8553,2.8568,16
2026-07-22 09:31:00,2.8513,2.8523,2.8508,2.8518,2.8563,2.8573,2.8558,2.8568,11
2026-07-22 09:32:00,2.8528,2.8558,2.8518,2.8543,2.8578,2.8608,2.8568,2.8593,14
2026-07-22 09:33:00,2.8538,2.8583,2.8538,2.8558,2.8588,2.8633,2.8588,2.8608,22
2026-07-22 09:34:00,2.8553,2.8568,2.8553,2.8563,2.8603,2.8618,2.8603,2.8613,7
2026-07-22 09:35:00,2.8558,2.8558,2.8548,2.8548,2.8608,2.8608,2.8598,2.8598,2
2026-07-22 09:36:00,2.8543,2.8543,2.8528,2.8538,2.8593,2.8593,2.8578,2.8588,5
2026-07-22 09:37:00,2.8548,2.8548,2.8538,2.8543,2.8598,2.8598,2.8588,2.8593,6
2026-07-22 09:38:00,2.8538,2.8558,2.8538,2.8558,2.8588,2.8608,2.8588,2.8608,26
2026-07-22 09:39:00,2.8568,2.8578,2.8558,2.8568,2.8618,2.8628,2.8608,2.8618,21
2026-07-22 09:40:00,2.8578,2.8588,2.8568,2.8568,2.8628,2.8638,2.8618,2.8618,30
2026-07-22 09:41:00,2.8563,2.8568,2.8563,2.8563,2.8613,2.8618,2.8613,2.8613,3
2026-07-22 09:42:00,2.8568,2.8568,2.8548,2.8563,2.8618,2.8618,2.8598,2.8613,13
2026-07-22 09:43:00,2.8568,2.8578,2.8563,2.8568,2.8618,2.8628,2.8613,2.8618,22
2026-07-22 09:44:00,2.8578,2.8588,2.8548,2.8553,2.8628,2.8638,2.8598,2.8603,40
2026-07-22 09:45:00,2.8558,2.8558,2.8523,2.8533,2.8608,2.8608,2.8573,2.8583,16
2026-07-22 09:46:00,2.8538,2.8568,2.8538,2.8558,2.8588,2.8618,2.8588,2.8608,17
2026-07-22 09:47:00,2.8563,2.8568,2.8558,2.8563,2.8613,2.8618,2.8608,2.8613,19
2026-07-22 09:48:00,2.8558,2.8568,2.8543,2.8548,2.8608,2.8618,2.8593,2.8598,18
2026-07-22 09:49:00,2.8558,2.8558,2.8543,2.8553,2.8608,2.8608,2.8593,2.8603,14
2026-07-22 09:50:00,2.8558,2.8568,2.8553,2.8553,2.8608,2.8618,2.8603,2.8603,13
2026-07-22 09:51:00,2.8558,2.8558,2.8548,2.8553,2.8608,2.8608,2.8598,2.8603,8
2026-07-22 09:52:00,2.8548,2.8558,2.8548,2.8548,2.8598,2.8608,2.8598,2.8598,9
2026-07-22 09:54:00,2.8538,2.8558,2.8538,2.8548,2.8588,2.8608,2.8588,2.8598,12
2026-07-22 09:55:00,2.8538,2.8548,2.8538,2.8548,2.8588,2.8598,2.8588,2.8598,10
2026-07-22 09:56:00,2.8543,2.8548,2.8538,2.8538,2.8593,2.8598,2.8588,2.8588,5
2026-07-22 09:57:00,2.8543,2.8548,2.8543,2.8548,2.8593,2.8598,2.8593,2.8598,8
2026-07-22 09:58:00,2.8558,2.8568,2.8548,2.8568,2.8608,2.8618,2.8598,2.8618,14
2026-07-22 09:59:00,2.8563,2.8568,2.8558,2.8563,2.8613,2.8618,2.8608,2.8613,8
2026-07-22 10:00:00,2.8558,2.8558,2.8533,2.8533,2.8608,2.8608,2.8583,2.8583,9
2026-07-22 10:01:00,2.8538,2.8538,2.8533,2.8538,2.8588,2.8588,2.8583,2.8588,11
2026-07-22 10:02:00,2.8533,2.8538,2.8533,2.8533,2.8583,2.8588,2.8583,2.8583,11
2026-07-22 10:03:00,2.8538,2.8538,2.8518,2.8528,2.8588,2.8588,2.8568,2.8578,10
2026-07-22 10:04:00,2.8518,2.8518,2.8518,2.8518,2.8568,2.8568,2.8568,2.8568,1
2026-07-22 10:05:00,2.8513,2.8513,2.8508,2.8508,2.8563,2.8563,2.8558,2.8558,2
2026-07-22 10:06:00,2.8498,2.8498,2.8483,2.8498,2.8548,2.8548,2.8533,2.8548,12
2026-07-22 10:08:00,2.8493,2.8498,2.8458,2.8478,2.8543,2.8548,2.8508,2.8528,12
2026-07-22 10:09:00,2.8473,2.8478,2.8468,2.8478,2.8523,2.8528,2.8518,2.8528,12
2026-07-22 10:10:00,2.8488,2.8488,2.8478,2.8478,2.8538,2.8538,2.8528,2.8528,2
2026-07-22 10:11:00,2.8473,2.8478,2.8473,2.8478,2.8523,2.8528,2.8523,2.8528,2
2026-07-22 10:12:00,2.8488,2.8488,2.8478,2.8478,2.8538,2.8538,2.8528,2.8528,3
2026-07-22 10:14:00,2.8488,2.8488,2.8488,2.8488,2.8538,2.8538,2.8538,2.8538,1
2026-07-22 10:15:00,2.8498,2.8498,2.8483,2.8488,2.8548,2.8548,2.8533,2.8538,8
2026-07-22 10:16:00,2.8483,2.8488,2.8478,2.8488,2.8533,2.8538,2.8528,2.8538,5
2026-07-22 10:17:00,2.8483,2.8488,2.8483,2.8488,2.8533,2.8538,2.8533,2.8538,2
2026-07-22 10:18:00,2.8483,2.8483,2.8458,2.8468,2.8533,2.8533,2.8508,2.8518,9
2026-07-22 10:19:00,2.8463,2.8463,2.8458,2.8458,2.8513,2.8513,2.8508,2.8508,2
2026-07-22 10:21:00,2.8468,2.8468,2.8448,2.8448,2.8518,2.8518,2.8498,2.8498,3
2026-07-22 10:22:00,2.8438,2.8448,2.8428,2.8438,2.8488,2.8498,2.8478,2.8488,21
2026-07-22 10:24:00,2.8443,2.8448,2.8438,2.8448,2.8493,2.8498,2.8488,2.8498,12
2026-07-22 10:25:00,2.8443,2.8448,2.8438,2.8448,2.8493,2.8498,2.8488,2.8498,16
2026-07-22 10:27:00,2.8438,2.8448,2.8438,2.8448,2.8488,2.8498,2.8488,2.8498,7
2026-07-22 10:30:00,2.8438,2.8438,2.8413,2.8418,2.8488,2.8488,2.8463,2.8468,7
2026-07-22 10:31:00,2.8413,2.8418,2.8383,2.8388,2.8463,2.8468,2.8433,2.8438,18
2026-07-22 10:32:00,2.8383,2.8408,2.8378,2.8398,2.8433,2.8458,2.8428,2.8448,24
2026-07-22 10:33:00,2.8408,2.8408,2.8398,2.8408,2.8458,2.8458,2.8448,2.8458,4
2026-07-22 10:34:00,2.8418,2.8418,2.8408,2.8408,2.8468,2.8468,2.8458,2.8458,2
2026-07-22 10:35:00,2.8398,2.8408,2.8388,2.8398,2.8448,2.8458,2.8438,2.8448,33
2026-07-22 10:36:00,2.8403,2.8418,2.8388,2.8408,2.8453,2.8468,2.8438,2.8458,43
2026-07-22 10:37:00,2.8418,2.8418,2.8398,2.8398,2.8468,2.8468,2.8448,2.8448,5
2026-07-22 10:38:00,2.8408,2.8408,2.8398,2.8398,2.8458,2.8458,2.8448,2.8448,11
2026-07-22 10:39:00,2.8408,2.8418,2.8398,2.8418,2.8458,2.8468,2.8448,2.8468,8
2026-07-22 10:40:00,2.8428,2.8428,2.8428,2.8428,2.8478,2.8478,2.8478,2.8478,1
2026-07-22 10:41:00,2.8418,2.8448,2.8418,2.8448,2.8468,2.8498,2.8468,2.8498,11
2026-07-22 10:42:00,2.8453,2.8453,2.8438,2.8448,2.8503,2.8503,2.8488,2.8498,8
2026-07-22 10:43:00,2.8453,2.8453,2.8448,2.8448,2.8503,2.8503,2.8498,2.8498,2
2026-07-22 10:45:00,2.8438,2.8443,2.8428,2.8438,2.8488,2.8493,2.8478,2.8488,8
2026-07-22 10:46:00,2.8433,2.8438,2.8428,2.8438,2.8483,2.8488,2.8478,2.8488,3
2026-07-22 10:48:00,2.8448,2.8453,2.8448,2.8453,2.8498,2.8503,2.8498,2.8503,2
2026-07-22 10:49:00,2.8448,2.8448,2.8448,2.8448,2.8498,2.8498,2.8498,2.8498,1
2026-07-22 10:50:00,2.8443,2.8448,2.8438,2.8448,2.8493,2.8498,2.8488,2.8498,11
2026-07-22 10:53:00,2.8443,2.8448,2.8438,2.8438,2.8493,2.8498,2.8488,2.8488,8
2026-07-22 10:54:00,2.8448,2.8448,2.8448,2.8448,2.8498,2.8498,2.8498,2.8498,1
2026-07-22 10:55:00,2.8443,2.8458,2.8443,2.8458,2.8493,2.8508,2.8493,2.8508,3
2026-07-22 10:56:00,2.8468,2.8478,2.8448,2.8458,2.8518,2.8528,2.8498,2.8508,10
2026-07-22 10:57:00,2.8463,2.8463,2.8458,2.8463,2.8513,2.8513,2.8508,2.8513,5
2026-07-22 10:58:00,2.8458,2.8488,2.8458,2.8488,2.8508,2.8538,2.8508,2.8538,5
2026-07-22 11:01:00,2.8498,2.8528,2.8498,2.8518,2.8548,2.8578,2.8548,2.8568,12
2026-07-22 11:02:00,2.8508,2.8518,2.8498,2.8518,2.8558,2.8568,2.8548,2.8568,6
2026-07-22 11:03:00,2.8508,2.8508,2.8508,2.8508,2.8558,2.8558,2.8558,2.8558,1
2026-07-22 11:04:00,2.8518,2.8518,2.8503,2.8508,2.8568,2.8568,2.8553,2.8558,7
2026-07-22 11:07:00,2.8503,2.8518,2.8498,2.8508,2.8553,2.8568,2.8548,2.8558,11
2026-07-22 11:08:00,2.8513,2.8518,2.8513,2.8518,2.8563,2.8568,2.8563,2.8568,2
2026-07-22 11:09:00,2.8528,2.8538,2.8528,2.8538,2.8578,2.8588,2.8578,2.8588,6
2026-07-22 11:10:00,2.8533,2.8538,2.8528,2.8528,2.8583,2.8588,2.8578,2.8578,8
2026-07-22 11:11:00,2.8533,2.8548,2.8533,2.8548,2.8583,2.8598,2.8583,2.8598,10
2026-07-22 11:12:00,2.8543,2.8558,2.8538,2.8548,2.8593,2.8608,2.8588,2.8598,24
2026-07-22 11:13:00,2.8558,2.8558,2.8543,2.8548,2.8608,2.8608,2.8593,2.8598,9
2026-07-22 11:14:00,2.8538,2.8538,2.8538,2.8538,2.8588,2.8588,2.8588,2.8588,1
2026-07-22 11:16:00,2.8528,2.8548,2.8518,2.8548,2.8578,2.8598,2.8568,2.8598,5
2026-07-22 11:17:00,2.8538,2.8548,2.8538,2.8538,2.8588,2.8598,2.8588,2.8588,9
2026-07-22 11:19:00,2.8533,2.8538,2.8533,2.8538,2.8583,2.8588,2.8583,2.8588,4
2026-07-22 11:20:00,2.8528,2.8538,2.8528,2.8538,2.8578,2.8588,2.8578,2.8588,4
2026-07-22 11:21:00,2.8548,2.8548,2.8538,2.8548,2.8598,2.8598,2.8588,2.8598,11
2026-07-22 11:22:00,2.8538,2.8548,2.8538,2.8548,2.8588,2.8598,2.8588,2.8598,6
2026-07-22 11:25:00,2.8543,2.8548,2.8528,2.8528,2.8593,2.8598,2.8578,2.8578,6
2026-07-22 11:27:00,2.8518,2.8518,2.8508,2.8513,2.8568,2.8568,2.8558,2.8563,5
2026-07-22 11:28:00,2.8518,2.8518,2.8508,2.8508,2.8568,2.8568,2.8558,2.8558,3
2026-07-22 11:30:00,2.8513,2.8523,2.8513,2.8518,2.8563,2.8573,2.8563,2.8568,3
2026-07-22 11:31:00,2.8528,2.8528,2.8508,2.8508,2.8578,2.8578,2.8558,2.8558,6
2026-07-22 11:33:00,2.8518,2.8528,2.8518,2.8518,2.8568,2.8578,2.8568,2.8568,9
2026-07-22 11:34:00,2.8528,2.8528,2.8518,2.8518,2.8578,2.8578,2.8568,2.8568,5
2026-07-22 11:35:00,2.8513,2.8513,2.8498,2.8498,2.8563,2.8563,2.8548,2.8548,3
2026-07-22 11:36:00,2.8508,2.8508,2.8498,2.8498,2.8558,2.8558,2.8548,2.8548,2
2026-07-22 11:37:00,2.8493,2.8493,2.8488,2.8488,2.8543,2.8543,2.8538,2.8538,2
2026-07-22 11:39:00,2.8498,2.8498,2.8488,2.8488,2.8548,2.8548,2.8538,2.8538,2
2026-07-22 11:42:00,2.8478,2.8488,2.8478,2.8488,2.8528,2.8538,2.8528,2.8538,2
2026-07-22 11:43:00,2.8493,2.8493,2.8488,2.8488,2.8543,2.8543,2.8538,2.8538,2
2026-07-22 11:44:00,2.8498,2.8518,2.8498,2.8518,2.8548,2.8568,2.8548,2.8568,15
2026-07-22 11:45:00,2.8508,2.8518,2.8508,2.8518,2.8558,2.8568,2.8558,2.8568,11
2026-07-22 11:46:00,2.8528,2.8528,2.8518,2.8518,2.8578,2.8578,2.8568,2.8568,11
2026-07-22 11:47:00,2.8523,2.8528,2.8508,2.8518,2.8573,2.8578,2.8558,2.8568,9
2026-07-22 11:48:00,2.8523,2.8523,2.8518,2.8518,2.8573,2.8573,2.8568,2.8568,2
2026-07-22 11:49:00,2.8508,2.8518,2.8508,2.8508,2.8558,2.8568,2.8558,2.8558,6
2026-07-22 11:50:00,2.8518,2.8518,2.8508,2.8518,2.8568,2.8568,2.8558,2.8568,6
2026-07-22 11:51:00,2.8528,2.8558,2.8523,2.8538,2.8578,2.8608,2.8573,2.8588,15
2026-07-22 11:52:00,2.8548,2.8548,2.8538,2.8548,2.8598,2.8598,2.8588,2.8598,6
2026-07-22 11:53:00,2.8553,2.8558,2.8548,2.8548,2.8603,2.8608,2.8598,2.8598,10
2026-07-22 11:55:00,2.8558,2.8558,2.8548,2.8548,2.8608,2.8608,2.8598,2.8598,4
2026-07-22 11:56:00,2.8558,2.8578,2.8558,2.8568,2.8608,2.8628,2.8608,2.8618,16
2026-07-22 11:57:00,2.8558,2.8578,2.8558,2.8568,2.8608,2.8628,2.8608,2.8618,15
2026-07-22 11:58:00,2.8578,2.8608,2.8568,2.8578,2.8628,2.8658,2.8618,2.8628,23
2026-07-22 11:59:00,2.8588,2.8608,2.8588,2.8588,2.8638,2.8658,2.8638,2.8638,30
2026-07-22 12:00:00,2.8578,2.8593,2.8568,2.8568,2.8628,2.8643,2.8618,2.8618,47
2026-07-22 12:02:00,2.8558,2.8568,2.8558,2.8568,2.8608,2.8618,2.8608,2.8618,23
2026-07-22 12:03:00,2.8563,2.8563,2.8533,2.8548,2.8613,2.8613,2.8583,2.8598,7
2026-07-22 12:04:00,2.8538,2.8558,2.8538,2.8548,2.8588,2.8608,2.8588,2.8598,5
2026-07-22 12:05:00,2.8538,2.8538,2.8498,2.8508,2.8588,2.8588,2.8548,2.8558,15
2026-07-22 12:06:00,2.8518,2.8538,2.8518,2.8538,2.8568,2.8588,2.8568,2.8588,4
2026-07-22 12:07:00,2.8528,2.8558,2.8528,2.8548,2.8578,2.8608,2.8578,2.8598,9
2026-07-22 12:08:00,2.8558,2.8558,2.8548,2.8548,2.8608,2.8608,2.8598,2.8598,2
2026-07-22 12:09:00,2.8553,2.8553,2.8548,2.8548,2.8603,2.8603,2.8598,2.8598,2
2026-07-22 12:10:00,2.8538,2.8538,2.8528,2.8538,2.8588,2.8588,2.8578,2.8588,3
2026-07-22 12:11:00,2.8548,2.8548,2.8538,2.8538,2.8598,2.8598,2.8588,2.8588,2
2026-07-22 12:12:00,2.8548,2.8548,2.8548,2.8548,2.8598,2.8598,2.8598,2.8598,1
2026-07-22 12:13:00,2.8558,2.8558,2.8558,2.8558,2.8608,2.8608,2.8608,2.8608,1
2026-07-22 12:15:00,2.8548,2.8558,2.8538,2.8548,2.8598,2.8608,2.8588,2.8598,6
2026-07-22 12:16:00,2.8538,2.8548,2.8538,2.8548,2.8588,2.8598,2.8588,2.8598,3
2026-07-22 12:17:00,2.8538,2.8543,2.8538,2.8543,2.8588,2.8593,2.8588,2.8593,2
2026-07-22 12:18:00,2.8538,2.8548,2.8538,2.8548,2.8588,2.8598,2.8588,2.8598,4
2026-07-22 12:19:00,2.8558,2.8558,2.8533,2.8533,2.8608,2.8608,2.8583,2.8583,4
2026-07-22 12:20:00,2.8528,2.8528,2.8513,2.8518,2.8578,2.8578,2.8563,2.8568,5
2026-07-22 12:22:00,2.8508,2.8528,2.8508,2.8518,2.8558,2.8578,2.8558,2.8568,9
2026-07-22 12:23:00,2.8528,2.8528,2.8518,2.8518,2.8578,2.8578,2.8568,2.8568,6
2026-07-22 12:24:00,2.8508,2.8528,2.8508,2.8528,2.8558,2.8578,2.8558,2.8578,6
2026-07-22 12:25:00,2.8533,2.8548,2.8533,2.8538,2.8583,2.8598,2.8583,2.8588,10
2026-07-22 12:26:00,2.8548,2.8548,2.8548,2.8548,2.8598,2.8598,2.8598,2.8598,1
2026-07-22 12:27:00,2.8553,2.8558,2.8553,2.8558,2.8603,2.8608,2.8603,2.8608,2
2026-07-22 12:28:00,2.8548,2.8563,2.8548,2.8548,2.8598,2.8613,2.8598,2.8598,6
2026-07-22 12:29:00,2.8558,2.8558,2.8548,2.8558,2.8608,2.8608,2.8598,2.8608,9
2026-07-22 12:30:00,2.8568,2.8568,2.8563,2.8568,2.8618,2.8618,2.8613,2.8618,3
2026-07-22 12:31:00,2.8558,2.8558,2.8548,2.8558,2.8608,2.8608,2.8598,2.8608,3
2026-07-22 12:32:00,2.8553,2.8563,2.8548,2.8558,2.8603,2.8613,2.8598,2.8608,9
2026-07-22 12:33:00,2.8553,2.8568,2.8553,2.8558,2.8603,2.8618,2.8603,2.8608,5
2026-07-22 12:35:00,2.8548,2.8548,2.8548,2.8548,2.8598,2.8598,2.8598,2.8598,1
2026-07-22 12:36:00,2.8558,2.8558,2.8548,2.8548,2.8608,2.8608,2.8598,2.8598,15
2026-07-22 12:37:00,2.8538,2.8558,2.8538,2.8558,2.8588,2.8608,2.8588,2.8608,8
2026-07-22 12:39:00,2.8563,2.8578,2.8563,2.8568,2.8613,2.8628,2.8613,2.8618,3
2026-07-22 12:40:00,2.8578,2.8608,2.8568,2.8598,2.8628,2.8658,2.8618,2.8648,20
2026-07-22 12:41:00,2.8588,2.8598,2.8588,2.8598,2.8638,2.8648,2.8638,2.8648,4
2026-07-22 12:43:00,2.8608,2.8628,2.8588,2.8593,2.8658,2.8678,2.8638,2.8643,30
2026-07-22 12:44:00,2.8598,2.8598,2.8588,2.8598,2.8648,2.8648,2.8638,2.8648,5
2026-07-22 12:45:00,2.8593,2.8618,2.8593,2.8618,2.8643,2.8668,2.8643,2.8668,22
2026-07-22 12:46:00,2.8613,2.8618,2.8603,2.8613,2.8663,2.8668,2.8653,2.8663,23
2026-07-22 12:47:00,2.8618,2.8628,2.8613,2.8623,2.8668,2.8678,2.8663,2.8673,15
2026-07-22 12:48:00,2.8628,2.8678,2.8618,2.8658,2.8678,2.8728,2.8668,2.8708,78
2026-07-22 12:49:00,2.8663,2.8678,2.8648,2.8648,2.8713,2.8728,2.8698,2.8698,25
2026-07-22 12:50:00,2.8638,2.8638,2.8638,2.8638,2.8688,2.8688,2.8688,2.8688,1
2026-07-22 12:51:00,2.8648,2.8648,2.8638,2.8638,2.8698,2.8698,2.8688,2.8688,2
2026-07-22 12:52:00,2.8648,2.8648,2.8638,2.8638,2.8698,2.8698,2.8688,2.8688,2
2026-07-22 12:55:00,2.8643,2.8648,2.8628,2.8648,2.8693,2.8698,2.8678,2.8698,19
2026-07-22 12:57:00,2.8643,2.8658,2.8643,2.8658,2.8693,2.8708,2.8693,2.8708,3
2026-07-22 12:58:00,2.8668,2.8668,2.8668,2.8668,2.8718,2.8718,2.8718,2.8718,1
2026-07-22 12:59:00,2.8658,2.8698,2.8658,2.8678,2.8708,2.8748,2.8708,2.8728,48
2026-07-22 13:00:00,2.8688,2.8708,2.8648,2.8658,2.8738,2.8758,2.8698,2.8708,34
2026-07-22 13:01:00,2.8648,2.8658,2.8638,2.8653,2.8698,2.8708,2.8688,2.8703,39
2026-07-22 13:02:00,2.8658,2.8668,2.8648,2.8648,2.8708,2.8718,2.8698,2.8698,41
2026-07-22 13:03:00,2.8638,2.8638,2.8603,2.8608,2.8688,2.8688,2.8653,2.8658,12
2026-07-22 13:04:00,2.8598,2.8618,2.8598,2.8608,2.8648,2.8668,2.8648,2.8658,9
2026-07-22 13:05:00,2.8598,2.8608,2.8583,2.8598,2.8648,2.8658,2.8633,2.8648,13
2026-07-22 13:06:00,2.8608,2.8623,2.8588,2.8593,2.8658,2.8673,2.8638,2.8643,19
2026-07-22 13:07:00,2.8588,2.8603,2.8578,2.8603,2.8638,2.8653,2.8628,2.8653,6
2026-07-22 13:08:00,2.8608,2.8608,2.8598,2.8598,2.8658,2.8658,2.8648,2.8648,2
2026-07-22 13:10:00,2.8603,2.8618,2.8603,2.8608,2.8653,2.8668,2.8653,2.8658,4
2026-07-22 13:11:00,2.8613,2.8628,2.8608,2.8618,2.8663,2.8678,2.8658,2.8668,15
2026-07-22 13:12:00,2.8628,2.8628,2.8618,2.8628,2.8678,2.8678,2.8668,2.8678,6
2026-07-22 13:13:00,2.8638,2.8668,2.8638,2.8648,2.8688,2.8718,2.8688,2.8698,22
2026-07-22 13:14:00,2.8638,2.8648,2.8638,2.8648,2.8688,2.8698,2.8688,2.8698,2
2026-07-22 13:15:00,2.8658,2.8658,2.8648,2.8648,2.8708,2.8708,2.8698,2.8698,2
2026-07-22 13:16:00,2.8658,2.8678,2.8653,2.8668,2.8708,2.8728,2.8703,2.8718,15
2026-07-22 13:17:00,2.8678,2.8678,2.8638,2.8653,2.8728,2.8728,2.8688,2.8703,12
2026-07-22 13:18:00,2.8658,2.8668,2.8648,2.8668,2.8708,2.8718,2.8698,2.8718,8
2026-07-22 13:19:00,2.8678,2.8678,2.8668,2.8678,2.8728,2.8728,2.8718,2.8728,18
2026-07-22 13:20:00,2.8688,2.8688,2.8678,2.8678,2.8738,2.8738,2.8728,2.8728,13
2026-07-22 13:21:00,2.8668,2.8678,2.8658,2.8658,2.8718,2.8728,2.8708,2.8708,10
2026-07-22 13:22:00,2.8663,2.8668,2.8658,2.8663,2.8713,2.8718,2.8708,2.8713,6
2026-07-22 13:23:00,2.8658,2.8678,2.8658,2.8663,2.8708,2.8728,2.8708,2.8713,15
2026-07-22 13:24:00,2.8668,2.8678,2.8668,2.8678,2.8718,2.8728,2.8718,2.8728,10
2026-07-22 13:25:00,2.8688,2.8698,2.8678,2.8688,2.8738,2.8748,2.8728,2.8738,25
2026-07-22 13:26:00,2.8678,2.8678,2.8658,2.8658,2.8728,2.8728,2.8708,2.8708,12
2026-07-22 13:27:00,2.8648,2.8648,2.8628,2.8638,2.8698,2.8698,2.8678,2.8688,6
2026-07-22 13:28:00,2.8628,2.8648,2.8548,2.8558,2.8678,2.8698,2.8598,2.8608,26
2026-07-22 13:29:00,2.8568,2.8568,2.8538,2.8558,2.8618,2.8618,2.8588,2.8608,48
2026-07-22 13:30:00,2.8568,2.8568,2.8558,2.8558,2.8618,2.8618,2.8608,2.8608,6
2026-07-22 13:31:00,2.8548,2.8608,2.8548,2.8608,2.8598,2.8658,2.8598,2.8658,15
2026-07-22 13:32:00,2.8598,2.8618,2.8598,2.8598,2.8648,2.8668,2.8648,2.8648,10
2026-07-22 13:33:00,2.8608,2.8648,2.8588,2.8638,2.8658,2.8698,2.8638,2.8688,23
2026-07-22 13:34:00,2.8628,2.8628,2.8608,2.8608,2.8678,2.8678,2.8658,2.8658,11
2026-07-22 13:35:00,2.8598,2.8608,2.8538,2.8538,2.8648,2.8658,2.8588,2.8588,41
2026-07-22 13:36:00,2.8548,2.8558,2.8528,2.8548,2.8598,2.8608,2.8578,2.8598,47
2026-07-22 13:37:00,2.8558,2.8578,2.8548,2.8578,2.8608,2.8628,2.8598,2.8628,12
2026-07-22 13:38:00,2.8568,2.8578,2.8548,2.8558,2.8618,2.8628,2.8598,2.8608,13
2026-07-22 13:39:00,2.8568,2.8598,2.8568,2.8598,2.8618,2.8648,2.8618,2.8648,4
2026-07-22 13:40:00,2.8588,2.8618,2.8568,2.8608,2.8638,2.8668,2.8618,2.8658,18
2026-07-22 13:41:00,2.8618,2.8658,2.8613,2.8628,2.8668,2.8708,2.8663,2.8678,56
2026-07-22 13:42:00,2.8638,2.8668,2.8628,2.8638,2.8688,2.8718,2.8678,2.8688,28
2026-07-22 13:43:00,2.8648,2.8698,2.8648,2.8698,2.8698,2.8748,2.8698,2.8748,43
2026-07-22 13:44:00,2.8688,2.8708,2.8678,2.8708,2.8738,2.8758,2.8728,2.8758,11
2026-07-22 13:45:00,2.8718,2.8803,2.8718,2.8788,2.8768,2.8853,2.8768,2.8838,61
2026-07-22 13:46:00,2.8793,2.8808,2.8768,2.8773,2.8843,2.8858,2.8818,2.8823,41
2026-07-22 13:47:00,2.8778,2.8838,2.8758,2.8798,2.8828,2.8888,2.8808,2.8848,48
2026-07-22 13:48:00,2.8808,2.8808,2.8768,2.8783,2.8858,2.8858,2.8818,2.8833,24
2026-07-22 13:49:00,2.8778,2.8783,2.8748,2.8768,2.8828,2.8833,2.8798,2.8818,19
2026-07-22 13:50:00,2.8758,2.8778,2.8738,2.8758,2.8808,2.8828,2.8788,2.8808,53
2026-07-22 13:51:00,2.8763,2.8783,2.8758,2.8768,2.8813,2.8833,2.8808,2.8818,26
2026-07-22 13:52:00,2.8773,2.8833,2.8768,2.8798,2.8823,2.8883,2.8818,2.8848,64
2026-07-22 13:53:00,2.8808,2.8878,2.8798,2.8863,2.8858,2.8928,2.8848,2.8913,61
2026-07-22 13:54:00,2.8858,2.8858,2.8808,2.8818,2.8908,2.8908,2.8858,2.8868,33
2026-07-22 13:55:00,2.8828,2.8858,2.8818,2.8848,2.8878,2.8908,2.8868,2.8898,24
2026-07-22 13:56:00,2.8858,2.8858,2.8828,2.8828,2.8908,2.8908,2.8878,2.8878,11
2026-07-22 13:57:00,2.8838,2.8858,2.8818,2.8828,2.8888,2.8908,2.8868,2.8878,15
2026-07-22 13:58:00,2.8818,2.8848,2.8818,2.8848,2.8868,2.8898,2.8868,2.8898,22
2026-07-22 13:59:00,2.8843,2.8898,2.8828,2.8838,2.8893,2.8948,2.8878,2.8888,63
2026-07-22 14:00:00,2.8843,2.8848,2.8798,2.8808,2.8893,2.8898,2.8848,2.8858,56
2026-07-22 14:01:00,2.8813,2.8828,2.8768,2.8818,2.8863,2.8878,2.8818,2.8868,40
2026-07-22 14:02:00,2.8813,2.8828,2.8808,2.8828,2.8863,2.8878,2.8858,2.8878,10
2026-07-22 14:03:00,2.8823,2.8838,2.8808,2.8808,2.8873,2.8888,2.8858,2.8858,12
2026-07-22 14:04:00,2.8818,2.8893,2.8808,2.8868,2.8868,2.8943,2.8858,2.8918,50
2026-07-22 14:05:00,2.8858,2.8878,2.8848,2.8873,2.8908,2.8928,2.8898,2.8923,27
2026-07-22 14:06:00,2.8868,2.8878,2.8818,2.8848,2.8918,2.8928,2.8868,2.8898,57
2026-07-22 14:07:00,2.8853,2.8868,2.8848,2.8858,2.8903,2.8918,2.8898,2.8908,16
2026-07-22 14:08:00,2.8868,2.8908,2.8858,2.8898,2.8918,2.8958,2.8908,2.8948,35
2026-07-22 14:09:00,2.8903,2.8918,2.8853,2.8868,2.8953,2.8968,2.8903,2.8918,45
2026-07-22 14:10:00,2.8873,2.8898,2.8858,2.8868,2.8923,2.8948,2.8908,2.8918,25
2026-07-22 14:11:00,2.8858,2.8858,2.8838,2.8838,2.8908,2.8908,2.8888,2.8888,27
2026-07-22 14:12:00,2.8843,2.8848,2.8798,2.8818,2.8893,2.8898,2.8848,2.8868,26
2026-07-22 14:13:00,2.8823,2.8858,2.8818,2.8848,2.8873,2.8908,2.8868,2.8898,25
2026-07-22 14:14:00,2.8858,2.8868,2.8828,2.8848,2.8908,2.8918,2.8878,2.8898,27
2026-07-22 14:15:00,2.8843,2.8858,2.8758,2.8778,2.8893,2.8908,2.8808,2.8828,59
2026-07-22 14:16:00,2.8783,2.8788,2.8763,2.8778,2.8833,2.8838,2.8813,2.8828,28
2026-07-22 14:17:00,2.8773,2.8788,2.8758,2.8778,2.8823,2.8838,2.8808,2.8828,30
2026-07-22 14:18:00,2.8768,2.8808,2.8768,2.8798,2.8818,2.8858,2.8818,2.8848,39
2026-07-22 14:19:00,2.8803,2.8818,2.8768,2.8768,2.8853,2.8868,2.8818,2.8818,19
2026-07-22 14:20:00,2.8778,2.8808,2.8758,2.8808,2.8828,2.8858,2.8808,2.8858,42
2026-07-22 14:21:00,2.8803,2.8828,2.8798,2.8818,2.8853,2.8878,2.8848,2.8868,31
2026-07-22 14:22:00,2.8828,2.8833,2.8758,2.8778,2.8878,2.8883,2.8808,2.8828,35
2026-07-22 14:23:00,2.8788,2.8798,2.8768,2.8798,2.8838,2.8848,2.8818,2.8848,10
2026-07-22 14:24:00,2.8793,2.8838,2.8783,2.8833,2.8843,2.8888,2.8833,2.8883,30
2026-07-22 14:25:00,2.8828,2.8938,2.8828,2.8913,2.8878,2.8988,2.8878,2.8963,95
2026-07-22 14:26:00,2.8918,2.9048,2.8918,2.9033,2.8968,2.9098,2.8968,2.9083,161
2026-07-22 14:27:00,2.9038,2.9058,2.8948,2.8953,2.9088,2.9108,2.8998,2.9003,79
2026-07-22 14:28:00,2.8958,2.8958,2.8938,2.8948,2.9008,2.9008,2.8988,2.8998,48
2026-07-22 14:29:00,2.8958,2.8958,2.8928,2.8953,2.9008,2.9008,2.8978,2.9003,20
2026-07-22 14:30:00,2.8948,2.8968,2.8928,2.8948,2.8998,2.9018,2.8978,2.8998,28
2026-07-22 14:31:00,2.8958,2.8978,2.8938,2.8948,2.9008,2.9028,2.8988,2.8998,40
2026-07-22 14:32:00,2.8938,2.8978,2.8938,2.8963,2.8988,2.9028,2.8988,2.9013,32
2026-07-22 14:33:00,2.8968,2.8968,2.8928,2.8928,2.9018,2.9018,2.8978,2.8978,35
2026-07-22 14:34:00,2.8933,2.8948,2.8908,2.8918,2.8983,2.8998,2.8958,2.8968,32
2026-07-22 14:35:00,2.8908,2.8918,2.8878,2.8888,2.8958,2.8968,2.8928,2.8938,24
2026-07-22 14:36:00,2.8878,2.8898,2.8848,2.8863,2.8928,2.8948,2.8898,2.8913,66
2026-07-22 14:37:00,2.8858,2.8868,2.8838,2.8848,2.8908,2.8918,2.8888,2.8898,66
2026-07-22 14:38:00,2.8843,2.8848,2.8788,2.8808,2.8893,2.8898,2.8838,2.8858,61
2026-07-22 14:39:00,2.8818,2.8848,2.8798,2.8848,2.8868,2.8898,2.8848,2.8898,30
2026-07-22 14:40:00,2.8858,2.8858,2.8803,2.8803,2.8908,2.8908,2.8853,2.8853,36
2026-07-22 14:41:00,2.8798,2.8828,2.8768,2.8818,2.8848,2.8878,2.8818,2.8868,81
2026-07-22 14:42:00,2.8828,2.8858,2.8828,2.8848,2.8878,2.8908,2.8878,2.8898,35
2026-07-22 14:43:00,2.8858,2.8863,2.8828,2.8838,2.8908,2.8913,2.8878,2.8888,14
2026-07-22 14:44:00,2.8848,2.8848,2.8828,2.8828,2.8898,2.8898,2.8878,2.8878,13
2026-07-22 14:45:00,2.8818,2.8848,2.8818,2.8848,2.8868,2.8898,2.8868,2.8898,26
2026-07-22 14:47:00,2.8858,2.8858,2.8838,2.8848,2.8908,2.8908,2.8888,2.8898,6
2026-07-22 14:48:00,2.8843,2.8858,2.8833,2.8838,2.8893,2.8908,2.8883,2.8888,12
2026-07-22 14:49:00,2.8848,2.8858,2.8798,2.8848,2.8898,2.8908,2.8848,2.8898,52
2026-07-22 14:50:00,2.8843,2.8848,2.8798,2.8808,2.8893,2.8898,2.8848,2.8858,43
2026-07-22 14:51:00,2.8803,2.8808,2.8758,2.8778,2.8853,2.8858,2.8808,2.8828,54
2026-07-22 14:52:00,2.8783,2.8808,2.8768,2.8803,2.8833,2.8858,2.8818,2.8853,31
2026-07-22 14:53:00,2.8808,2.8808,2.8708,2.8738,2.8858,2.8858,2.8758,2.8788,85
2026-07-22 14:54:00,2.8743,2.8768,2.8738,2.8768,2.8793,2.8818,2.8788,2.8818,24
2026-07-22 14:55:00,2.8778,2.8798,2.8768,2.8773,2.8828,2.8848,2.8818,2.8823,19
2026-07-22 14:56:00,2.8768,2.8848,2.8768,2.8843,2.8818,2.8898,2.8818,2.8893,53
2026-07-22 14:57:00,2.8838,2.8858,2.8808,2.8828,2.8888,2.8908,2.8858,2.8878,78
2026-07-22 14:58:00,2.8818,2.8833,2.8808,2.8813,2.8868,2.8883,2.8858,2.8863,21
2026-07-22 14:59:00,2.8808,2.8818,2.8798,2.8818,2.8858,2.8868,2.8848,2.8868,23
2026-07-22 15:00:00,2.8808,2.8813,2.8728,2.8738,2.8858,2.8863,2.8778,2.8788,93
2026-07-22 15:01:00,2.8728,2.8758,2.8728,2.8738,2.8778,2.8808,2.8778,2.8788,69
2026-07-22 15:02:00,2.8728,2.8778,2.8718,2.8773,2.8778,2.8828,2.8768,2.8823,65
2026-07-22 15:03:00,2.8768,2.8798,2.8768,2.8778,2.8818,2.8848,2.8818,2.8828,32
2026-07-22 15:04:00,2.8773,2.8788,2.8768,2.8778,2.8823,2.8838,2.8818,2.8828,15
2026-07-22 15:05:00,2.8788,2.8788,2.8748,2.8778,2.8838,2.8838,2.8798,2.8828,36
2026-07-22 15:06:00,2.8768,2.8773,2.8718,2.8748,2.8818,2.8823,2.8768,2.8798,56
2026-07-22 15:07:00,2.8743,2.8758,2.8738,2.8748,2.8793,2.8808,2.8788,2.8798,23
2026-07-22 15:08:00,2.8743,2.8768,2.8738,2.8758,2.8793,2.8818,2.8788,2.8808,34
2026-07-22 15:09:00,2.8763,2.8808,2.8758,2.8808,2.8813,2.8858,2.8808,2.8858,30
2026-07-22 15:10:00,2.8798,2.8828,2.8768,2.8768,2.8848,2.8878,2.8818,2.8818,35
2026-07-22 15:11:00,2.8773,2.8788,2.8768,2.8778,2.8823,2.8838,2.8818,2.8828,34
2026-07-22 15:12:00,2.8768,2.8778,2.8738,2.8753,2.8818,2.8828,2.8788,2.8803,26
2026-07-22 15:13:00,2.8748,2.8758,2.8743,2.8748,2.8798,2.8808,2.8793,2.8798,23
2026-07-22 15:14:00,2.8743,2.8758,2.8738,2.8748,2.8793,2.8808,2.8788,2.8798,10
2026-07-22 15:15:00,2.8738,2.8748,2.8688,2.8698,2.8788,2.8798,2.8738,2.8748,83
2026-07-22 15:16:00,2.8693,2.8713,2.8668,2.8693,2.8743,2.8763,2.8718,2.8743,59
2026-07-22 15:17:00,2.8688,2.8718,2.8688,2.8698,2.8738,2.8768,2.8738,2.8748,40
2026-07-22 15:18:00,2.8708,2.8708,2.8708,2.8708,2.8758,2.8758,2.8758,2.8758,1
2026-07-22 15:19:00,2.8718,2.8738,2.8708,2.8718,2.8768,2.8788,2.8758,2.8768,19
2026-07-22 15:20:00,2.8723,2.8738,2.8718,2.8723,2.8773,2.8788,2.8768,2.8773,27
2026-07-22 15:21:00,2.8718,2.8778,2.8718,2.8778,2.8768,2.8828,2.8768,2.8828,22
2026-07-22 15:22:00,2.8768,2.8778,2.8748,2.8758,2.8818,2.8828,2.8798,2.8808,25
2026-07-22 15:23:00,2.8748,2.8758,2.8728,2.8738,2.8798,2.8808,2.8778,2.8788,13
2026-07-22 15:24:00,2.8748,2.8748,2.8688,2.8713,2.8798,2.8798,2.8738,2.8763,50
2026-07-22 15:25:00,2.8718,2.8718,2.8688,2.8698,2.8768,2.8768,2.8738,2.8748,41
2026-07-22 15:26:00,2.8708,2.8723,2.8688,2.8698,2.8758,2.8773,2.8738,2.8748,27
2026-07-22 15:27:00,2.8693,2.8698,2.8668,2.8678,2.8743,2.8748,2.8718,2.8728,25
2026-07-22 15:28:00,2.8688,2.8718,2.8688,2.8718,2.8738,2.8768,2.8738,2.8768,20
2026-07-22 15:29:00,2.8708,2.8728,2.8708,2.8708,2.8758,2.8778,2.8758,2.8758,9
2026-07-22 15:30:00,2.8703,2.8758,2.8703,2.8753,2.8753,2.8808,2.8753,2.8803,29
2026-07-22 15:31:00,2.8748,2.8778,2.8738,2.8748,2.8798,2.8828,2.8788,2.8798,34
2026-07-22 15:32:00,2.8738,2.8748,2.8728,2.8743,2.8788,2.8798,2.8778,2.8793,17
2026-07-22 15:33:00,2.8748,2.8828,2.8748,2.8813,2.8798,2.8878,2.8798,2.8863,43
2026-07-22 15:34:00,2.8808,2.8898,2.8808,2.8848,2.8858,2.8948,2.8858,2.8898,71
2026-07-22 15:35:00,2.8858,2.8858,2.8823,2.8848,2.8908,2.8908,2.8873,2.8898,25
2026-07-22 15:36:00,2.8838,2.8878,2.8828,2.8858,2.8888,2.8928,2.8878,2.8908,15
2026-07-22 15:37:00,2.8868,2.8918,2.8858,2.8908,2.8918,2.8968,2.8908,2.8968,60
2026-07-22 15:38:00,2.8898,2.8918,2.8888,2.8908,2.8968,2.8968,2.8938,2.8958,49
2026-07-22 15:39:00,2.8898,2.8908,2.8878,2.8898,2.8948,2.8958,2.8928,2.8948,16
2026-07-22 15:40:00,2.8918,2.8988,2.8918,2.8978,2.8958,2.9028,2.8958,2.9018,33
2026-07-22 15:41:00,2.8968,2.8998,2.8948,2.8968,2.9018,2.9048,2.8998,2.9018,67
2026-07-22 15:42:00,2.8958,2.8958,2.8928,2.8953,2.9008,2.9008,2.8978,2.9003,33
2026-07-22 15:43:00,2.8958,2.9068,2.8948,2.8998,2.9008,2.9118,2.8998,2.9048,109
2026-07-22 15:44:00,2.8988,2.9018,2.8978,2.8998,2.9038,2.9068,2.9028,2.9048,54
2026-07-22 15:45:00,2.9018,2.9018,2.8983,2.9013,2.9068,2.9068,2.9033,2.9063,42
2026-07-22 15:46:00,2.9018,2.9048,2.9008,2.9038,2.9068,2.9098,2.9058,2.9088,49
2026-07-22 15:47:00,2.9043,2.9048,2.8998,2.9008,2.9093,2.9098,2.9048,2.9058,18
2026-07-22 15:48:00,2.9018,2.9043,2.9008,2.9038,2.9068,2.9093,2.9058,2.9088,29
2026-07-22 15:49:00,2.9048,2.9058,2.9028,2.9053,2.9098,2.9108,2.9078,2.9103,21
2026-07-22 15:50:00,2.9053,2.9108,2.9048,2.9093,2.9103,2.9158,2.9098,2.9143,54
2026-07-22 15:51:00,2.9088,2.9088,2.9058,2.9058,2.9138,2.9148,2.9108,2.9108,47
2026-07-22 15:52:00,2.9068,2.9078,2.9058,2.9073,2.9118,2.9128,2.9113,2.9123,14
2026-07-22 15:53:00,2.9058,2.9068,2.9018,2.9028,2.9108,2.9118,2.9068,2.9078,40
2026-07-22 15:54:00,2.9038,2.9088,2.9028,2.9078,2.9088,2.9138,2.9088,2.9128,30
2026-07-22 15:55:00,2.9088,2.9128,2.9078,2.9098,2.9138,2.9178,2.9128,2.9148,82
2026-07-22 15:56:00,2.9108,2.9108,2.9058,2.9058,2.9158,2.9158,2.9108,2.9108,42
2026-07-22 15:57:00,2.9048,2.9078,2.9028,2.9068,2.9098,2.9128,2.9078,2.9118,59
2026-07-22 15:58:00,2.9078,2.9088,2.9058,2.9058,2.9128,2.9138,2.9108,2.9108,19
2026-07-22 15:59:00,2.9063,2.9068,2.9018,2.9018,2.9113,2.9118,2.9068,2.9068,86
2026-07-22 16:00:00,2.9028,2.9038,2.8998,2.8998,2.9078,2.9098,2.9048,2.9048,44
2026-07-22 16:01:00,2.9008,2.9018,2.8978,2.8998,2.9058,2.9068,2.9028,2.9048,80
2026-07-22 16:02:00,2.8998,2.9028,2.8998,2.9028,2.9048,2.9078,2.9048,2.9078,30
2026-07-22 16:03:00,2.9018,2.9048,2.9008,2.9018,2.9068,2.9088,2.9058,2.9068,60
2026-07-22 16:04:00,2.9013,2.9018,2.8998,2.9008,2.9063,2.9068,2.9048,2.9058,34
2026-07-22 16:05:00,2.8993,2.8998,2.8993,2.8998,2.9068,2.9068,2.9038,2.9048,4
2026-07-22 16:06:00,2.8998,2.9008,2.8938,2.8958,2.9038,2.9068,2.8988,2.9008,52
2026-07-22 16:07:00,2.8968,2.8978,2.8958,2.8958,2.9018,2.9028,2.8988,2.8998,10
2026-07-22 16:08:00,2.8908,2.8928,2.8908,2.8918,2.8958,2.8978,2.8958,2.8968,36
2026-07-22 16:09:00,2.8928,2.8928,2.8918,2.8923,2.8978,2.8978,2.8968,2.8973,30
2026-07-22 16:10:00,2.8938,2.8948,2.8888,2.8888,2.8988,2.8998,2.8938,2.8938,44
2026-07-22 16:11:00,2.8878,2.8898,2.8878,2.8888,2.8928,2.8948,2.8928,2.8938,20
2026-07-22 16:12:00,2.8908,2.8933,2.8898,2.8928,2.8958,2.8998,2.8948,2.8988,7
2026-07-22 16:13:00,2.8928,2.8933,2.8898,2.8898,2.8978,2.8983,2.8948,2.8968,22
2026-07-22 16:14:00,2.8913,2.8918,2.8903,2.8908,2.8968,2.8968,2.8958,2.8958,14
2026-07-22 16:15:00,2.8913,2.8918,2.8898,2.8903,2.8963,2.8968,2.8948,2.8953,12
2026-07-22 16:16:00,2.8898,2.8908,2.8878,2.8883,2.8958,2.8958,2.8928,2.8933,25
2026-07-22 16:17:00,2.8888,2.8888,2.8858,2.8878,2.8938,2.8938,2.8908,2.8928,59
2026-07-22 16:18:00,2.8883,2.8888,2.8838,2.8858,2.8933,2.8948,2.8888,2.8908,58
2026-07-22 16:19:00,2.8848,2.8868,2.8848,2.8848,2.8898,2.8918,2.8898,2.8898,44
2026-07-22 16:20:00,2.8853,2.8853,2.8808,2.8828,2.8903,2.8903,2.8858,2.8878,72
2026-07-22 16:21:00,2.8833,2.8838,2.8818,2.8828,2.8883,2.8888,2.8868,2.8878,10
2026-07-22 16:22:00,2.8818,2.8828,2.8808,2.8808,2.8868,2.8878,2.8858,2.8858,39
2026-07-22 16:23:00,2.8818,2.8848,2.8788,2.8843,2.8868,2.8898,2.8838,2.8893,58
2026-07-22 16:24:00,2.8838,2.8888,2.8838,2.8863,2.8888,2.8938,2.8888,2.8913,50
2026-07-22 16:25:00,2.8858,2.8868,2.8858,2.8858,2.8908,2.8918,2.8908,2.8908,32
2026-07-22 16:26:00,2.8863,2.8898,2.8858,2.8898,2.8913,2.8948,2.8908,2.8948,14
2026-07-22 16:27:00,2.8888,2.8958,2.8888,2.8928,2.8938,2.9008,2.8938,2.8978,21
2026-07-22 16:28:00,2.8938,2.8938,2.8908,2.8928,2.8988,2.8988,2.8958,2.8978,34
2026-07-22 16:29:00,2.8938,2.8948,2.8928,2.8948,2.8988,2.8998,2.8978,2.8998,29
2026-07-22 16:30:00,2.8938,2.8948,2.8898,2.8913,2.8988,2.8998,2.8948,2.8963,44
2026-07-22 16:31:00,2.8908,2.8918,2.8908,2.8918,2.8958,2.8978,2.8958,2.8978,5
2026-07-22 16:32:00,2.8918,2.8918,2.8878,2.8878,2.8968,2.8968,2.8928,2.8928,16
2026-07-22 16:33:00,2.8883,2.8883,2.8858,2.8868,2.8933,2.8933,2.8908,2.8918,12
2026-07-22 16:34:00,2.8858,2.8868,2.8838,2.8863,2.8918,2.8918,2.8888,2.8913,28
2026-07-22 16:35:00,2.8858,2.8868,2.8853,2.8858,2.8908,2.8918,2.8903,2.8908,5
2026-07-22 16:36:00,2.8868,2.8868,2.8858,2.8858,2.8918,2.8918,2.8908,2.8908,20
2026-07-22 16:37:00,2.8863,2.8868,2.8858,2.8863,2.8913,2.8918,2.8908,2.8913,18
2026-07-22 16:38:00,2.8858,2.8868,2.8808,2.8818,2.8908,2.8918,2.8858,2.8868,44
2026-07-22 16:39:00,2.8808,2.8818,2.8768,2.8778,2.8858,2.8868,2.8818,2.8828,85
2026-07-22 16:40:00,2.8768,2.8798,2.8768,2.8798,2.8818,2.8848,2.8818,2.8848,52
2026-07-22 16:41:00,2.8808,2.8828,2.8798,2.8818,2.8858,2.8878,2.8848,2.8868,17
2026-07-22 16:42:00,2.8808,2.8818,2.8778,2.8818,2.8858,2.8868,2.8828,2.8868,40
2026-07-22 16:43:00,2.8823,2.8828,2.8808,2.8818,2.8873,2.8878,2.8858,2.8868,20
2026-07-22 16:44:00,2.8813,2.8848,2.8808,2.8843,2.8863,2.8898,2.8858,2.8893,21
2026-07-22 16:45:00,2.8853,2.8888,2.8853,2.8878,2.8903,2.8938,2.8903,2.8928,37
2026-07-22 16:46:00,2.8868,2.8898,2.8863,2.8868,2.8918,2.8948,2.8913,2.8918,10
2026-07-22 16:47:00,2.8873,2.8873,2.8838,2.8838,2.8923,2.8923,2.8888,2.8888,16
2026-07-22 16:48:00,2.8848,2.8868,2.8848,2.8863,2.8898,2.8918,2.8898,2.8913,19
2026-07-22 16:49:00,2.8868,2.8868,2.8858,2.8858,2.8918,2.8918,2.8908,2.8908,8
2026-07-22 16:50:00,2.8868,2.8868,2.8828,2.8843,2.8918,2.8918,2.8878,2.8893,9
2026-07-22 16:51:00,2.8838,2.8848,2.8828,2.8838,2.8888,2.8898,2.8878,2.8888,13
2026-07-22 16:52:00,2.8848,2.8848,2.8838,2.8838,2.8898,2.8898,2.8888,2.8888,8
2026-07-22 16:53:00,2.8828,2.8848,2.8828,2.8838,2.8878,2.8898,2.8878,2.8888,53
2026-07-22 16:54:00,2.8848,2.8888,2.8838,2.8883,2.8898,2.8938,2.8888,2.8933,22
2026-07-22 16:55:00,2.8888,2.8898,2.8878,2.8888,2.8938,2.8948,2.8928,2.8938,15
2026-07-22 16:56:00,2.8878,2.8898,2.8868,2.8878,2.8928,2.8948,2.8918,2.8928,21
2026-07-22 16:57:00,2.8868,2.8878,2.8868,2.8878,2.8918,2.8928,2.8918,2.8928,4
2026-07-22 16:58:00,2.8873,2.8898,2.8873,2.8888,2.8923,2.8948,2.8923,2.8938,15
2026-07-22 16:59:00,2.8898,2.8908,2.8898,2.8898,2.8948,2.8958,2.8948,2.8948,10
2026-07-22 17:00:00,2.8888,2.8893,2.8883,2.8893,2.8938,2.8943,2.8933,2.8943,12
2026-07-22 17:01:00,2.8898,2.8908,2.8888,2.8888,2.8948,2.8958,2.8938,2.8938,18
2026-07-22 17:02:00,2.8893,2.8893,2.8838,2.8848,2.8943,2.8943,2.8888,2.8898,29
2026-07-22 17:03:00,2.8838,2.8848,2.8833,2.8848,2.8888,2.8898,2.8883,2.8898,12
2026-07-22 17:04:00,2.8838,2.8848,2.8818,2.8823,2.8888,2.8898,2.8868,2.8873,21
2026-07-22 17:05:00,2.8818,2.8838,2.8818,2.8818,2.8868,2.8888,2.8868,2.8868,13
2026-07-22 17:06:00,2.8828,2.8858,2.8818,2.8858,2.8878,2.8908,2.8868,2.8908,45
2026-07-22 17:07:00,2.8853,2.8858,2.8848,2.8858,2.8903,2.8908,2.8898,2.8908,16
2026-07-22 17:08:00,2.8853,2.8868,2.8848,2.8868,2.8903,2.8918,2.8898,2.8918,19
2026-07-22 17:10:00,2.8858,2.8868,2.8848,2.8848,2.8908,2.8918,2.8898,2.8898,12
2026-07-22 17:11:00,2.8858,2.8878,2.8858,2.8868,2.8908,2.8928,2.8908,2.8918,11
2026-07-22 17:12:00,2.8878,2.8888,2.8858,2.8888,2.8928,2.8938,2.8908,2.8938,8
2026-07-22 17:13:00,2.8893,2.8893,2.8858,2.8878,2.8943,2.8943,2.8908,2.8928,23
2026-07-22 17:14:00,2.8883,2.8888,2.8878,2.8878,2.8933,2.8938,2.8928,2.8928,3
2026-07-22 17:15:00,2.8888,2.8898,2.8878,2.8888,2.8938,2.8948,2.8928,2.8938,21
2026-07-22 17:16:00,2.8878,2.8878,2.8858,2.8868,2.8928,2.8928,2.8908,2.8918,18
2026-07-22 17:17:00,2.8873,2.8878,2.8868,2.8868,2.8923,2.8928,2.8918,2.8918,3
2026-07-22 17:18:00,2.8878,2.8918,2.8873,2.8883,2.8928,2.8968,2.8923,2.8933,25
2026-07-22 17:19:00,2.8878,2.8888,2.8878,2.8878,2.8928,2.8938,2.8928,2.8928,14
2026-07-22 17:20:00,2.8883,2.8888,2.8848,2.8858,2.8933,2.8938,2.8898,2.8908,23
2026-07-22 17:21:00,2.8863,2.8898,2.8858,2.8888,2.8913,2.8948,2.8908,2.8938,41
2026-07-22 17:22:00,2.8893,2.8898,2.8878,2.8888,2.8943,2.8948,2.8928,2.8938,13
2026-07-22 17:23:00,2.8878,2.8888,2.8878,2.8878,2.8928,2.8938,2.8928,2.8928,5
2026-07-22 17:24:00,2.8868,2.8888,2.8868,2.8888,2.8918,2.8938,2.8918,2.8938,15
2026-07-22 17:25:00,2.8898,2.8903,2.8888,2.8898,2.8948,2.8953,2.8938,2.8948,12
2026-07-22 17:26:00,2.8903,2.8918,2.8888,2.8888,2.8953,2.8968,2.8938,2.8938,31
2026-07-22 17:27:00,2.8893,2.8898,2.8878,2.8888,2.8943,2.8948,2.8928,2.8938,12
2026-07-22 17:28:00,2.8883,2.8888,2.8878,2.8878,2.8933,2.8938,2.8928,2.8928,14
2026-07-22 17:29:00,2.8888,2.8928,2.8888,2.8918,2.8938,2.8978,2.8938,2.8968,15
2026-07-22 17:30:00,2.8928,2.8958,2.8918,2.8948,2.8978,2.9008,2.8968,2.8998,36
2026-07-22 17:31:00,2.8943,2.8953,2.8938,2.8938,2.8993,2.9003,2.8988,2.8988,10
2026-07-22 17:32:00,2.8943,2.8948,2.8928,2.8938,2.8993,2.8998,2.8978,2.8988,23
2026-07-22 17:33:00,2.8948,2.8948,2.8938,2.8948,2.8998,2.8998,2.8988,2.8998,9
2026-07-22 17:34:00,2.8958,2.8958,2.8948,2.8958,2.9008,2.9008,2.8998,2.9008,14
2026-07-22 17:35:00,2.8948,2.8968,2.8948,2.8963,2.8998,2.9018,2.8998,2.9013,28
2026-07-22 17:36:00,2.8958,2.8968,2.8948,2.8948,2.9008,2.9018,2.8998,2.8998,7
2026-07-22 17:37:00,2.8953,2.8958,2.8938,2.8948,2.9003,2.9008,2.8988,2.8998,10
2026-07-22 17:38:00,2.8953,2.8958,2.8948,2.8948,2.9003,2.9008,2.8998,2.8998,11
2026-07-22 17:39:00,2.8953,2.8958,2.8928,2.8938,2.9003,2.9008,2.8978,2.8988,14
2026-07-22 17:40:00,2.8928,2.8933,2.8898,2.8898,2.8978,2.8983,2.8948,2.8948,14
2026-07-22 17:41:00,2.8888,2.8888,2.8868,2.8878,2.8938,2.8938,2.8918,2.8928,34
2026-07-22 17:42:00,2.8883,2.8898,2.8838,2.8858,2.8933,2.8948,2.8888,2.8908,24
2026-07-22 17:43:00,2.8848,2.8858,2.8828,2.8858,2.8898,2.8908,2.8878,2.8908,30
2026-07-22 17:44:00,2.8868,2.8878,2.8858,2.8878,2.8918,2.8928,2.8908,2.8928,19
2026-07-22 17:45:00,2.8883,2.8883,2.8858,2.8873,2.8933,2.8933,2.8908,2.8923,17
2026-07-22 17:46:00,2.8878,2.8878,2.8838,2.8848,2.8928,2.8928,2.8888,2.8898,14
2026-07-22 17:47:00,2.8838,2.8868,2.8838,2.8848,2.8888,2.8918,2.8888,2.8898,24
2026-07-22 17:48:00,2.8853,2.8858,2.8828,2.8828,2.8903,2.8908,2.8878,2.8878,18
2026-07-22 17:49:00,2.8838,2.8838,2.8808,2.8818,2.8888,2.8888,2.8858,2.8868,60
2026-07-22 17:50:00,2.8828,2.8848,2.8818,2.8848,2.8878,2.8898,2.8868,2.8898,17
2026-07-22 17:51:00,2.8838,2.8848,2.8838,2.8848,2.8888,2.8898,2.8888,2.8898,8
2026-07-22 17:52:00,2.8838,2.8873,2.8838,2.8868,2.8888,2.8923,2.8888,2.8918,11
2026-07-22 17:53:00,2.8858,2.8868,2.8848,2.8858,2.8908,2.8918,2.8898,2.8908,20
2026-07-22 17:54:00,2.8863,2.8868,2.8853,2.8863,2.8913,2.8918,2.8903,2.8913,17
2026-07-22 17:55:00,2.8858,2.8868,2.8848,2.8868,2.8908,2.8918,2.8898,2.8918,8
2026-07-22 17:56:00,2.8858,2.8868,2.8858,2.8858,2.8908,2.8918,2.8908,2.8908,3
2026-07-22 17:57:00,2.8848,2.8858,2.8848,2.8848,2.8898,2.8908,2.8898,2.8898,8
2026-07-22 17:58:00,2.8843,2.8848,2.8828,2.8833,2.8893,2.8898,2.8878,2.8883,14
2026-07-22 17:59:00,2.8838,2.8838,2.8828,2.8838,2.8888,2.8888,2.8878,2.8888,6
2026-07-22 18:00:00,2.8848,2.8858,2.8818,2.8818,2.8898,2.8908,2.8868,2.8868,45
2026-07-22 18:01:00,2.8823,2.8838,2.8818,2.8828,2.8873,2.8888,2.8868,2.8878,22
2026-07-22 18:02:00,2.8823,2.8838,2.8823,2.8828,2.8873,2.8888,2.8873,2.8878,6
2026-07-22 18:03:00,2.8838,2.8838,2.8828,2.8833,2.8888,2.8888,2.8878,2.8883,21
2026-07-22 18:04:00,2.8828,2.8838,2.8828,2.8833,2.8878,2.8888,2.8878,2.8883,7
2026-07-22 18:05:00,2.8838,2.8838,2.8808,2.8818,2.8888,2.8888,2.8858,2.8868,19
2026-07-22 18:06:00,2.8828,2.8858,2.8828,2.8858,2.8878,2.8908,2.8878,2.8908,6
2026-07-22 18:07:00,2.8868,2.8878,2.8863,2.8868,2.8918,2.8928,2.8913,2.8918,7
2026-07-22 18:08:00,2.8858,2.8868,2.8848,2.8858,2.8908,2.8918,2.8898,2.8908,12
2026-07-22 18:09:00,2.8853,2.8853,2.8848,2.8848,2.8903,2.8903,2.8898,2.8898,12
2026-07-22 18:10:00,2.8838,2.8838,2.8838,2.8838,2.8888,2.8888,2.8888,2.8888,1
2026-07-22 18:11:00,2.8828,2.8838,2.8828,2.8838,2.8878,2.8888,2.8878,2.8888,9
2026-07-22 18:12:00,2.8848,2.8848,2.8838,2.8848,2.8898,2.8898,2.8888,2.8898,6
2026-07-22 18:13:00,2.8858,2.8868,2.8858,2.8868,2.8908,2.8918,2.8908,2.8918,9
2026-07-22 18:14:00,2.8873,2.8878,2.8868,2.8868,2.8923,2.8928,2.8918,2.8918,21
2026-07-22 18:15:00,2.8858,2.8858,2.8848,2.8848,2.8908,2.8908,2.8898,2.8898,2
2026-07-22 18:16:00,2.8838,2.8838,2.8828,2.8828,2.8888,2.8888,2.8878,2.8878,17
2026-07-22 18:17:00,2.8818,2.8828,2.8808,2.8808,2.8868,2.8878,2.8858,2.8858,40
2026-07-22 18:18:00,2.8813,2.8818,2.8798,2.8798,2.8863,2.8868,2.8848,2.8848,31
2026-07-22 18:19:00,2.8808,2.8818,2.8798,2.8818,2.8858,2.8868,2.8848,2.8868,14
2026-07-22 18:20:00,2.8808,2.8808,2.8778,2.8788,2.8858,2.8858,2.8828,2.8838,37
2026-07-22 18:21:00,2.8793,2.8808,2.8788,2.8803,2.8843,2.8858,2.8838,2.8853,15
2026-07-22 18:22:00,2.8798,2.8808,2.8798,2.8798,2.8848,2.8858,2.8848,2.8848,8
2026-07-22 18:23:00,2.8808,2.8813,2.8798,2.8813,2.8858,2.8863,2.8848,2.8863,15
2026-07-22 18:24:00,2.8808,2.8848,2.8808,2.8818,2.8858,2.8898,2.8858,2.8868,24
2026-07-22 18:25:00,2.8828,2.8838,2.8828,2.8838,2.8878,2.8888,2.8878,2.8888,6
2026-07-22 18:26:00,2.8828,2.8848,2.8828,2.8838,2.8878,2.8898,2.8878,2.8888,4
2026-07-22 18:28:00,2.8843,2.8848,2.8828,2.8838,2.8893,2.8898,2.8878,2.8888,11
2026-07-22 18:29:00,2.8848,2.8848,2.8838,2.8848,2.8898,2.8898,2.8888,2.8898,9
2026-07-22 18:30:00,2.8858,2.8868,2.8858,2.8868,2.8908,2.8918,2.8908,2.8918,6
2026-07-22 18:31:00,2.8878,2.8908,2.8868,2.8908,2.8928,2.8958,2.8918,2.8958,28
2026-07-22 18:32:00,2.8918,2.8918,2.8888,2.8888,2.8968,2.8968,2.8938,2.8938,17
2026-07-22 18:33:00,2.8893,2.8918,2.8888,2.8918,2.8943,2.8968,2.8938,2.8968,8
2026-07-22 18:34:00,2.8928,2.8938,2.8918,2.8918,2.8978,2.8988,2.8968,2.8968,27
2026-07-22 18:35:00,2.8908,2.8918,2.8888,2.8913,2.8958,2.8968,2.8938,2.8963,23
2026-07-22 18:36:00,2.8908,2.8928,2.8908,2.8918,2.8958,2.8978,2.8958,2.8968,55
2026-07-22 18:37:00,2.8933,2.8948,2.8918,2.8918,2.8983,2.8998,2.8968,2.8968,32
2026-07-22 18:39:00,2.8923,2.8958,2.8918,2.8948,2.8973,2.9008,2.8968,2.8998,36
2026-07-22 18:40:00,2.8958,2.9023,2.8958,2.8998,2.9008,2.9073,2.9008,2.9048,82
2026-07-22 18:41:00,2.8988,2.8988,2.8948,2.8968,2.9038,2.9038,2.8998,2.9018,36
2026-07-22 18:42:00,2.8963,2.8963,2.8938,2.8938,2.9013,2.9013,2.8988,2.8988,15
2026-07-22 18:43:00,2.8943,2.8943,2.8903,2.8918,2.8993,2.8993,2.8953,2.8968,14
2026-07-22 18:44:00,2.8908,2.8918,2.8898,2.8908,2.8958,2.8968,2.8948,2.8958,17
2026-07-22 18:45:00,2.8903,2.8908,2.8893,2.8908,2.8953,2.8958,2.8943,2.8958,17
2026-07-22 18:46:00,2.8918,2.8918,2.8918,2.8918,2.8968,2.8968,2.8968,2.8968,1
2026-07-22 18:47:00,2.8923,2.8928,2.8918,2.8918,2.8973,2.8978,2.8968,2.8968,9
2026-07-22 18:48:00,2.8923,2.8948,2.8918,2.8938,2.8973,2.8998,2.8968,2.8988,19
2026-07-22 18:49:00,2.8943,2.8953,2.8928,2.8948,2.8993,2.9003,2.8978,2.8998,11
2026-07-22 18:50:00,2.8943,2.8948,2.8938,2.8938,2.8993,2.8998,2.8988,2.8988,8
2026-07-22 18:51:00,2.8948,2.8968,2.8943,2.8958,2.8998,2.9018,2.8993,2.9008,14
2026-07-22 18:52:00,2.8953,2.8958,2.8948,2.8958,2.9003,2.9008,2.8998,2.9008,10
2026-07-22 18:53:00,2.8968,2.8968,2.8958,2.8963,2.9018,2.9018,2.9008,2.9013,22
2026-07-22 18:54:00,2.8968,2.8988,2.8963,2.8978,2.9018,2.9038,2.9013,2.9028,32
2026-07-22 18:55:00,2.8983,2.8988,2.8978,2.8978,2.9033,2.9038,2.9028,2.9028,3
2026-07-22 18:56:00,2.8973,2.8978,2.8958,2.8958,2.9023,2.9028,2.9008,2.9008,14
2026-07-22 18:57:00,2.8963,2.8963,2.8948,2.8953,2.9013,2.9013,2.8998,2.9003,14
2026-07-22 18:58:00,2.8958,2.8958,2.8958,2.8958,2.9008,2.9008,2.9008,2.9008,1
2026-07-22 18:59:00,2.8968,2.8978,2.8968,2.8978,2.9018,2.9028,2.9018,2.9028,2
2026-07-22 19:00:00,2.8983,2.8988,2.8968,2.8978,2.9033,2.9038,2.9018,2.9028,18
2026-07-22 19:01:00,2.8988,2.8988,2.8968,2.8988,2.9038,2.9038,2.9018,2.9038,30
2026-07-22 19:02:00,2.8998,2.9008,2.8978,2.8988,2.9048,2.9058,2.9028,2.9038,19
2026-07-22 19:03:00,2.8978,2.8978,2.8968,2.8978,2.9028,2.9028,2.9018,2.9028,3
2026-07-22 19:04:00,2.8973,2.8988,2.8973,2.8988,2.9023,2.9038,2.9023,2.9038,9
2026-07-22 19:05:00,2.8978,2.8988,2.8978,2.8988,2.9028,2.9038,2.9028,2.9038,10
2026-07-22 19:06:00,2.8983,2.8998,2.8978,2.8988,2.9033,2.9048,2.9028,2.9038,9
2026-07-22 19:07:00,2.8998,2.9028,2.8998,2.9008,2.9048,2.9078,2.9048,2.9058,38
2026-07-22 19:08:00,2.9003,2.9008,2.8998,2.9003,2.9053,2.9058,2.9048,2.9053,12
2026-07-22 19:09:00,2.9008,2.9008,2.8988,2.8998,2.9058,2.9058,2.9038,2.9048,19
2026-07-22 19:10:00,2.8988,2.8993,2.8968,2.8988,2.9038,2.9043,2.9018,2.9038,13
2026-07-22 19:11:00,2.8998,2.9018,2.8998,2.9008,2.9048,2.9068,2.9048,2.9058,21
2026-07-22 19:12:00,2.9018,2.9028,2.9018,2.9018,2.9068,2.9078,2.9068,2.9068,3
2026-07-22 19:13:00,2.9023,2.9038,2.9018,2.9028,2.9073,2.9088,2.9068,2.9078,8
2026-07-22 19:14:00,2.9023,2.9028,2.9018,2.9018,2.9073,2.9078,2.9068,2.9068,6
2026-07-22 19:15:00,2.9013,2.9018,2.9008,2.9008,2.9063,2.9068,2.9058,2.9058,16
2026-07-22 19:16:00,2.9018,2.9033,2.9018,2.9028,2.9068,2.9083,2.9068,2.9078,10
2026-07-22 19:17:00,2.9033,2.9038,2.9028,2.9028,2.9083,2.9088,2.9078,2.9078,16
2026-07-22 19:18:00,2.9033,2.9038,2.9028,2.9028,2.9083,2.9088,2.9078,2.9078,22
2026-07-22 19:19:00,2.9038,2.9038,2.9028,2.9038,2.9088,2.9088,2.9078,2.9088,11
2026-07-22 19:20:00,2.9028,2.9048,2.9028,2.9038,2.9078,2.9098,2.9078,2.9088,13
2026-07-22 19:21:00,2.9048,2.9048,2.9038,2.9043,2.9098,2.9098,2.9088,2.9093,11
2026-07-22 19:22:00,2.9038,2.9043,2.9028,2.9028,2.9088,2.9093,2.9078,2.9078,4
2026-07-22 19:23:00,2.9018,2.9038,2.9013,2.9033,2.9068,2.9088,2.9063,2.9083,17
2026-07-22 19:24:00,2.9028,2.9068,2.9028,2.9048,2.9078,2.9118,2.9078,2.9098,33
2026-07-22 19:25:00,2.9038,2.9058,2.9038,2.9038,2.9088,2.9108,2.9088,2.9088,16
2026-07-22 19:26:00,2.9048,2.9068,2.9043,2.9058,2.9098,2.9118,2.9093,2.9108,20
2026-07-22 19:27:00,2.9068,2.9068,2.9048,2.9048,2.9118,2.9118,2.9098,2.9098,40
2026-07-22 19:28:00,2.9038,2.9048,2.9028,2.9028,2.9088,2.9098,2.9078,2.9078,12
2026-07-22 19:29:00,2.9038,2.9058,2.9038,2.9048,2.9088,2.9108,2.9088,2.9098,22
2026-07-22 19:30:00,2.9038,2.9068,2.9028,2.9068,2.9088,2.9118,2.9078,2.9118,58
2026-07-22 19:31:00,2.9058,2.9058,2.9048,2.9058,2.9108,2.9108,2.9098,2.9108,16
2026-07-22 19:33:00,2.9068,2.9068,2.9058,2.9058,2.9118,2.9118,2.9108,2.9108,6
2026-07-22 19:35:00,2.9048,2.9058,2.9048,2.9048,2.9098,2.9108,2.9098,2.9098,15
2026-07-22 19:36:00,2.9053,2.9078,2.9053,2.9068,2.9103,2.9128,2.9103,2.9118,7
2026-07-22 19:37:00,2.9058,2.9068,2.9058,2.9063,2.9108,2.9118,2.9108,2.9113,21
2026-07-22 19:38:00,2.9068,2.9068,2.9068,2.9068,2.9118,2.9118,2.9118,2.9118,1
2026-07-22 19:39:00,2.9058,2.9068,2.9058,2.9063,2.9108,2.9118,2.9108,2.9113,15
2026-07-22 19:40:00,2.9058,2.9068,2.9053,2.9058,2.9108,2.9118,2.9103,2.9108,11
2026-07-22 19:41:00,2.9068,2.9068,2.9058,2.9058,2.9118,2.9118,2.9108,2.9108,5
2026-07-22 19:42:00,2.9068,2.9068,2.9063,2.9068,2.9118,2.9118,2.9113,2.9118,3
2026-07-22 19:43:00,2.9078,2.9078,2.9068,2.9068,2.9128,2.9128,2.9118,2.9118,8
2026-07-22 19:44:00,2.9078,2.9088,2.9068,2.9078,2.9128,2.9138,2.9118,2.9128,33
2026-07-22 19:45:00,2.9088,2.9088,2.9078,2.9078,2.9138,2.9138,2.9128,2.9128,7
2026-07-22 19:46:00,2.9088,2.9088,2.9053,2.9058,2.9138,2.9138,2.9103,2.9108,21
2026-07-22 19:47:00,2.9053,2.9078,2.9048,2.9058,2.9103,2.9128,2.9098,2.9108,27
2026-07-22 19:48:00,2.9048,2.9058,2.9048,2.9048,2.9098,2.9108,2.9098,2.9098,3
2026-07-22 19:49:00,2.9038,2.9048,2.9028,2.9038,2.9088,2.9098,2.9078,2.9088,18
2026-07-22 19:50:00,2.9048,2.9048,2.9038,2.9038,2.9098,2.9098,2.9088,2.9088,14
2026-07-22 19:51:00,2.9048,2.9048,2.9028,2.9028,2.9098,2.9098,2.9078,2.9078,15
2026-07-22 19:52:00,2.9018,2.9028,2.9018,2.9028,2.9068,2.9078,2.9068,2.9078,10
2026-07-22 19:53:00,2.9023,2.9028,2.9018,2.9018,2.9073,2.9078,2.9068,2.9068,8
2026-07-22 19:54:00,2.9023,2.9048,2.9023,2.9028,2.9073,2.9098,2.9073,2.9078,8
2026-07-22 19:55:00,2.9023,2.9038,2.9018,2.9018,2.9073,2.9088,2.9068,2.9068,33
2026-07-22 19:56:00,2.9013,2.9038,2.9008,2.9033,2.9063,2.9088,2.9058,2.9083,19
2026-07-22 19:57:00,2.9028,2.9038,2.9028,2.9028,2.9078,2.9088,2.9078,2.9078,11
2026-07-22 19:58:00,2.9033,2.9058,2.9028,2.9048,2.9083,2.9108,2.9078,2.9098,19
2026-07-22 19:59:00,2.9038,2.9058,2.9038,2.9058,2.9088,2.9108,2.9088,2.9108,17
2026-07-22 20:00:00,2.9053,2.9088,2.9048,2.9088,2.9103,2.9138,2.9098,2.9138,13
2026-07-22 20:01:00,2.9098,2.9138,2.9088,2.9123,2.9148,2.9188,2.9138,2.9173,43
2026-07-22 20:02:00,2.9118,2.9138,2.9108,2.9138,2.9168,2.9188,2.9158,2.9188,14
2026-07-22 20:03:00,2.9133,2.9158,2.9128,2.9128,2.9183,2.9208,2.9178,2.9178,37
2026-07-22 20:04:00,2.9118,2.9128,2.9108,2.9118,2.9168,2.9178,2.9158,2.9168,17
2026-07-22 20:05:00,2.9128,2.9128,2.9108,2.9108,2.9178,2.9178,2.9158,2.9158,13
2026-07-22 20:06:00,2.9098,2.9123,2.9088,2.9098,2.9148,2.9173,2.9138,2.9148,33
2026-07-22 20:07:00,2.9093,2.9108,2.9088,2.9098,2.9143,2.9158,2.9138,2.9148,15
2026-07-22 20:08:00,2.9088,2.9098,2.9088,2.9098,2.9138,2.9148,2.9138,2.9148,2
2026-07-22 20:09:00,2.9088,2.9088,2.9073,2.9088,2.9138,2.9138,2.9123,2.9138,21
2026-07-22 20:10:00,2.9093,2.9098,2.9058,2.9078,2.9143,2.9148,2.9108,2.9128,15
2026-07-22 20:11:00,2.9088,2.9088,2.9078,2.9088,2.9138,2.9138,2.9128,2.9138,8
2026-07-22 20:12:00,2.9078,2.9098,2.9078,2.9093,2.9128,2.9148,2.9128,2.9143,8
2026-07-22 20:13:00,2.9088,2.9093,2.9078,2.9078,2.9138,2.9143,2.9128,2.9128,14
2026-07-22 20:14:00,2.9088,2.9148,2.9078,2.9118,2.9138,2.9198,2.9128,2.9168,38
2026-07-22 20:15:00,2.9123,2.9133,2.9108,2.9123,2.9173,2.9183,2.9158,2.9173,26
2026-07-22 20:16:00,2.9128,2.9148,2.9113,2.9138,2.9178,2.9198,2.9163,2.9188,21
2026-07-22 20:17:00,2.9148,2.9158,2.9148,2.9158,2.9198,2.9208,2.9198,2.9208,12
2026-07-22 20:18:00,2.9163,2.9198,2.9158,2.9198,2.9213,2.9248,2.9208,2.9248,49
2026-07-22 20:19:00,2.9188,2.9208,2.9188,2.9198,2.9238,2.9258,2.9238,2.9248,14
2026-07-22 20:20:00,2.9203,2.9203,2.9178,2.9193,2.9253,2.9253,2.9228,2.9243,35
2026-07-22 20:21:00,2.9188,2.9198,2.9133,2.9133,2.9238,2.9248,2.9183,2.9183,30
2026-07-22 20:22:00,2.9138,2.9158,2.9103,2.9148,2.9188,2.9208,2.9153,2.9198,32
2026-07-22 20:23:00,2.9153,2.9153,2.9108,2.9118,2.9203,2.9203,2.9158,2.9168,26
2026-07-22 20:24:00,2.9108,2.9113,2.9023,2.9048,2.9158,2.9163,2.9073,2.9098,63
2026-07-22 20:25:00,2.9058,2.9088,2.9058,2.9058,2.9108,2.9138,2.9108,2.9108,25
2026-07-22 20:26:00,2.9068,2.9068,2.9038,2.9048,2.9118,2.9118,2.9088,2.9098,18
2026-07-22 20:27:00,2.9053,2.9058,2.8998,2.9028,2.9103,2.9108,2.9048,2.9078,29
2026-07-22 20:28:00,2.9038,2.9038,2.8948,2.8948,2.9088,2.9088,2.8998,2.8998,128
2026-07-22 20:29:00,2.8938,2.8978,2.8938,2.8968,2.8988,2.9028,2.8988,2.9018,65
2026-07-22 20:30:00,2.8958,2.8988,2.8958,2.8973,2.9008,2.9038,2.9008,2.9023,46
2026-07-22 20:31:00,2.8968,2.9038,2.8958,2.9028,2.9018,2.9088,2.9008,2.9078,37
2026-07-22 20:32:00,2.9038,2.9068,2.9028,2.9028,2.9088,2.9118,2.9078,2.9078,34
2026-07-22 20:33:00,2.9033,2.9038,2.8998,2.9013,2.9083,2.9088,2.9048,2.9063,25
2026-07-22 20:34:00,2.9008,2.9048,2.9008,2.9038,2.9058,2.9098,2.9058,2.9088,23
2026-07-22 20:35:00,2.9028,2.9068,2.9028,2.9068,2.9078,2.9118,2.9078,2.9118,14
2026-07-22 20:36:00,2.9063,2.9088,2.9063,2.9078,2.9113,2.9138,2.9113,2.9128,12
2026-07-22 20:37:00,2.9088,2.9118,2.9088,2.9108,2.9138,2.9168,2.9138,2.9158,14
2026-07-22 20:38:00,2.9098,2.9108,2.9098,2.9108,2.9148,2.9158,2.9148,2.9158,5
2026-07-22 20:39:00,2.9098,2.9128,2.9088,2.9128,2.9148,2.9178,2.9138,2.9178,32
2026-07-22 20:40:00,2.9138,2.9198,2.9128,2.9193,2.9188,2.9248,2.9178,2.9243,26
2026-07-22 20:41:00,2.9188,2.9228,2.9188,2.9203,2.9238,2.9278,2.9238,2.9253,32
2026-07-22 20:42:00,2.9198,2.9198,2.9178,2.9183,2.9248,2.9248,2.9228,2.9233,15
2026-07-22 20:43:00,2.9178,2.9198,2.9178,2.9178,2.9228,2.9248,2.9228,2.9228,18
2026-07-22 20:44:00,2.9183,2.9183,2.9178,2.9178,2.9233,2.9233,2.9228,2.9228,2
2026-07-22 20:45:00,2.9168,2.9188,2.9168,2.9188,2.9218,2.9238,2.9218,2.9238,9
2026-07-22 20:46:00,2.9183,2.9188,2.9168,2.9183,2.9233,2.9238,2.9218,2.9233,14
2026-07-22 20:47:00,2.9178,2.9208,2.9178,2.9198,2.9228,2.9258,2.9228,2.9248,14
2026-07-22 20:48:00,2.9208,2.9218,2.9193,2.9193,2.9258,2.9268,2.9243,2.9243,17
2026-07-22 20:49:00,2.9198,2.9228,2.9188,2.9213,2.9248,2.9278,2.9238,2.9263,18
2026-07-22 20:50:00,2.9208,2.9213,2.9198,2.9208,2.9258,2.9263,2.9248,2.9258,10
2026-07-22 20:51:00,2.9198,2.9198,2.9193,2.9198,2.9248,2.9248,2.9243,2.9248,5
2026-07-22 20:52:00,2.9193,2.9198,2.9188,2.9188,2.9243,2.9248,2.9238,2.9238,8
2026-07-22 20:53:00,2.9193,2.9208,2.9188,2.9188,2.9243,2.9258,2.9238,2.9238,8
2026-07-22 20:54:00,2.9198,2.9213,2.9188,2.9198,2.9248,2.9263,2.9238,2.9248,19
2026-07-22 20:55:00,2.9203,2.9228,2.9198,2.9223,2.9253,2.9278,2.9248,2.9273,14
2026-07-22 20:56:00,2.9218,2.9228,2.9198,2.9203,2.9268,2.9278,2.9248,2.9253,26
2026-07-22 20:57:00,2.9198,2.9203,2.9188,2.9203,2.9248,2.9253,2.9238,2.9253,6
2026-07-22 20:58:00,2.9198,2.9208,2.9198,2.9203,2.9248,2.9258,2.9248,2.9253,7
2026-07-22 20:59:00,2.9198,2.9208,2.9198,2.9198,2.9248,2.9258,2.9248,2.9248,13
2026-07-22 21:00:00,2.9203,2.9208,2.9188,2.9208,2.9253,2.9258,2.9238,2.9258,12
2026-07-22 21:01:00,2.9203,2.9218,2.9198,2.9213,2.9253,2.9268,2.9248,2.9263,7
2026-07-22 21:02:00,2.9218,2.9228,2.9208,2.9223,2.9268,2.9278,2.9258,2.9273,15
2026-07-22 21:03:00,2.9218,2.9228,2.9208,2.9208,2.9268,2.9278,2.9258,2.9258,9
2026-07-22 21:04:00,2.9213,2.9218,2.9208,2.9208,2.9263,2.9268,2.9258,2.9258,11
2026-07-22 21:05:00,2.9218,2.9218,2.9208,2.9213,2.9268,2.9268,2.9258,2.9263,8
2026-07-22 21:06:00,2.9218,2.9228,2.9213,2.9218,2.9268,2.9278,2.9263,2.9268,26
2026-07-22 21:08:00,2.9228,2.9228,2.9218,2.9228,2.9278,2.9278,2.9268,2.9278,3
2026-07-22 21:09:00,2.9218,2.9228,2.9218,2.9228,2.9268,2.9278,2.9268,2.9278,9
2026-07-22 21:10:00,2.9218,2.9223,2.9198,2.9203,2.9268,2.9273,2.9248,2.9253,13
2026-07-22 21:11:00,2.9198,2.9208,2.9198,2.9203,2.9248,2.9258,2.9248,2.9253,8
2026-07-22 21:12:00,2.9198,2.9208,2.9198,2.9203,2.9248,2.9258,2.9248,2.9253,7
2026-07-22 21:13:00,2.9198,2.9208,2.9188,2.9188,2.9248,2.9258,2.9238,2.9238,14
2026-07-22 21:14:00,2.9198,2.9198,2.9188,2.9198,2.9248,2.9248,2.9238,2.9248,3
2026-07-22 21:16:00,2.9193,2.9198,2.9178,2.9188,2.9243,2.9248,2.9228,2.9238,9
2026-07-22 21:17:00,2.9193,2.9198,2.9188,2.9198,2.9243,2.9248,2.9238,2.9248,5
2026-07-22 21:18:00,2.9208,2.9208,2.9198,2.9198,2.9258,2.9258,2.9248,2.9248,9
2026-07-22 21:19:00,2.9188,2.9198,2.9188,2.9193,2.9238,2.9248,2.9238,2.9243,5
2026-07-22 21:20:00,2.9198,2.9198,2.9188,2.9188,2.9248,2.9248,2.9238,2.9238,4
2026-07-22 21:21:00,2.9178,2.9188,2.9178,2.9178,2.9228,2.9238,2.9228,2.9228,3
2026-07-22 21:22:00,2.9173,2.9178,2.9158,2.9163,2.9223,2.9228,2.9208,2.9213,16
2026-07-22 21:23:00,2.9168,2.9188,2.9158,2.9173,2.9218,2.9238,2.9208,2.9223,14
2026-07-22 21:24:00,2.9168,2.9178,2.9168,2.9168,2.9218,2.9228,2.9218,2.9218,8
2026-07-22 21:25:00,2.9173,2.9173,2.9168,2.9168,2.9223,2.9223,2.9218,2.9218,4
2026-07-22 21:26:00,2.9173,2.9178,2.9173,2.9178,2.9223,2.9228,2.9223,2.9228,2
2026-07-22 21:27:00,2.9168,2.9173,2.9158,2.9168,2.9218,2.9223,2.9208,2.9218,5
2026-07-22 21:31:00,2.9163,2.9168,2.9158,2.9158,2.9213,2.9218,2.9208,2.9208,3
2026-07-22 21:32:00,2.9168,2.9168,2.9158,2.9158,2.9218,2.9218,2.9208,2.9208,2
2026-07-22 21:33:00,2.9168,2.9168,2.9158,2.9168,2.9218,2.9218,2.9208,2.9218,8
2026-07-22 21:34:00,2.9158,2.9168,2.9158,2.9168,2.9208,2.9218,2.9208,2.9218,2
2026-07-22 21:37:00,2.9158,2.9168,2.9158,2.9158,2.9208,2.9218,2.9208,2.9208,3
2026-07-22 21:39:00,2.9168,2.9168,2.9168,2.9168,2.9218,2.9218,2.9218,2.9218,1
2026-07-22 21:40:00,2.9163,2.9168,2.9158,2.9158,2.9213,2.9218,2.9208,2.9208,6
2026-07-22 21:41:00,2.9163,2.9168,2.9158,2.9163,2.9213,2.9218,2.9208,2.9213,8
2026-07-22 21:42:00,2.9158,2.9168,2.9158,2.9163,2.9208,2.9218,2.9208,2.9213,12
2026-07-22 21:44:00,2.9158,2.9158,2.9148,2.9153,2.9208,2.9208,2.9198,2.9203,5
2026-07-22 21:45:00,2.9148,2.9158,2.9148,2.9148,2.9198,2.9208,2.9198,2.9198,4
2026-07-22 21:46:00,2.9143,2.9148,2.9143,2.9148,2.9193,2.9198,2.9193,2.9198,2
2026-07-22 21:47:00,2.9143,2.9148,2.9138,2.9148,2.9193,2.9198,2.9188,2.9198,7
2026-07-22 21:48:00,2.9138,2.9148,2.9138,2.9138,2.9188,2.9198,2.9188,2.9188,10
2026-07-22 21:49:00,2.9143,2.9148,2.9138,2.9138,2.9193,2.9198,2.9188,2.9188,4
2026-07-22 21:51:00,2.9148,2.9158,2.9148,2.9148,2.9198,2.9208,2.9198,2.9198,5
2026-07-22 21:54:00,2.9158,2.9158,2.9148,2.9148,2.9208,2.9208,2.9198,2.9198,8
2026-07-22 21:55:00,2.9138,2.9138,2.9138,2.9138,2.9188,2.9188,2.9188,2.9188,1
2026-07-22 21:56:00,2.9148,2.9148,2.9108,2.9118,2.9198,2.9198,2.9158,2.9168,7
2026-07-22 21:57:00,2.9128,2.9128,2.9118,2.9118,2.9178,2.9178,2.9168,2.9168,4
2026-07-22 21:58:00,2.9128,2.9128,2.9118,2.9128,2.9178,2.9178,2.9168,2.9178,5
2026-07-22 21:59:00,2.9118,2.9138,2.9118,2.9128,2.9168,2.9188,2.9168,2.9178,6
2026-07-22 22:01:00,2.9118,2.9118,2.9118,2.9118,2.9168,2.9168,2.9168,2.9168,1
2026-07-22 22:04:00,2.9123,2.9128,2.9123,2.9128,2.9173,2.9178,2.9173,2.9178,2
2026-07-22 22:05:00,2.9123,2.9123,2.9123,2.9123,2.9173,2.9173,2.9173,2.9173,1
2026-07-22 22:06:00,2.9128,2.9128,2.9118,2.9118,2.9178,2.9178,2.9168,2.9168,4
2026-07-22 22:07:00,2.9128,2.9168,2.9128,2.9168,2.9178,2.9218,2.9178,2.9218,21
2026-07-22 22:08:00,2.9163,2.9173,2.9163,2.9168,2.9213,2.9223,2.9213,2.9218,5
2026-07-22 22:10:00,2.9163,2.9168,2.9158,2.9168,2.9213,2.9218,2.9208,2.9218,5
2026-07-22 22:11:00,2.9158,2.9168,2.9153,2.9153,2.9208,2.9218,2.9203,2.9203,4
2026-07-22 22:12:00,2.9148,2.9158,2.9138,2.9143,2.9198,2.9208,2.9188,2.9193,10
2026-07-22 22:13:00,2.9138,2.9148,2.9138,2.9148,2.9188,2.9198,2.9188,2.9198,4
2026-07-22 22:16:00,2.9153,2.9158,2.9153,2.9158,2.9203,2.9208,2.9203,2.9208,2
2026-07-22 22:17:00,2.9168,2.9178,2.9158,2.9173,2.9218,2.9228,2.9208,2.9223,22
2026-07-22 22:18:00,2.9168,2.9178,2.9168,2.9173,2.9218,2.9228,2.9218,2.9223,5
2026-07-22 22:19:00,2.9168,2.9168,2.9168,2.9168,2.9218,2.9218,2.9218,2.9218,1
2026-07-22 22:21:00,2.9178,2.9178,2.9168,2.9173,2.9228,2.9228,2.9218,2.9223,4
2026-07-22 22:22:00,2.9178,2.9178,2.9178,2.9178,2.9228,2.9228,2.9228,2.9228,1
2026-07-22 22:23:00,2.9168,2.9168,2.9168,2.9168,2.9218,2.9218,2.9218,2.9218,1
2026-07-22 22:28:00,2.9178,2.9178,2.9158,2.9168,2.9228,2.9228,2.9208,2.9218,13
2026-07-22 22:29:00,2.9163,2.9168,2.9158,2.9158,2.9213,2.9218,2.9208,2.9208,4
2026-07-22 22:30:00,2.9168,2.9168,2.9168,2.9168,2.9218,2.9218,2.9218,2.9218,1
2026-07-22 22:34:00,2.9173,2.9178,2.9173,2.9178,2.9223,2.9228,2.9223,2.9228,2
2026-07-22 22:35:00,2.9188,2.9188,2.9178,2.9178,2.9238,2.9238,2.9228,2.9228,2
2026-07-22 22:36:00,2.9168,2.9168,2.9168,2.9168,2.9218,2.9218,2.9218,2.9218,1
2026-07-22 22:37:00,2.9163,2.9163,2.9163,2.9163,2.9213,2.9213,2.9213,2.9213,1
2026-07-22 22:38:00,2.9158,2.9168,2.9158,2.9168,2.9208,2.9218,2.9208,2.9218,3
2026-07-22 22:41:00,2.9148,2.9158,2.9148,2.9158,2.9198,2.9208,2.9198,2.9208,5
2026-07-22 22:42:00,2.9163,2.9168,2.9163,2.9168,2.9213,2.9218,2.9213,2.9218,2
2026-07-22 22:45:00,2.9158,2.9168,2.9158,2.9163,2.9208,2.9218,2.9208,2.9213,5
2026-07-22 22:46:00,2.9158,2.9163,2.9158,2.9163,2.9208,2.9213,2.9208,2.9213,2
2026-07-22 22:47:00,2.9178,2.9178,2.9168,2.9168,2.9228,2.9228,2.9218,2.9218,3
2026-07-22 22:49:00,2.9158,2.9158,2.9148,2.9148,2.9208,2.9208,2.9198,2.9198,4
2026-07-22 22:50:00,2.9158,2.9158,2.9148,2.9148,2.9208,2.9208,2.9198,2.9198,4
2026-07-22 22:51:00,2.9153,2.9158,2.9148,2.9158,2.9203,2.9208,2.9198,2.9208,3
2026-07-22 22:52:00,2.9148,2.9158,2.9148,2.9158,2.9198,2.9208,2.9198,2.9208,5
2026-07-22 22:54:00,2.9153,2.9158,2.9148,2.9148,2.9203,2.9208,2.9198,2.9198,11
2026-07-22 22:55:00,2.9138,2.9148,2.9118,2.9128,2.9188,2.9198,2.9168,2.9178,17
2026-07-22 22:56:00,2.9138,2.9153,2.9133,2.9143,2.9188,2.9203,2.9183,2.9193,7
2026-07-22 22:57:00,2.9148,2.9148,2.9148,2.9148,2.9198,2.9198,2.9198,2.9198,1
2026-07-22 22:58:00,2.9143,2.9143,2.9118,2.9133,2.9193,2.9193,2.9168,2.9183,8
2026-07-22 22:59:00,2.9128,2.9138,2.91,2.91,2.9178,2.9188,2.915,2.915,22
2026-07-23 00:00:00,2.9105,2.9105,2.903,2.907,2.9155,2.9155,2.908,2.912,11
2026-07-23 00:01:00,2.9085,2.9095,2.9075,2.9095,2.9135,2.9145,2.9125,2.9145,4
2026-07-23 00:02:00,2.909,2.91,2.906,2.906,2.914,2.915,2.911,2.911,8
2026-07-23 00:03:00,2.9065,2.9075,2.9065,2.9075,2.9115,2.9125,2.9115,2.9125,2
2026-07-23 00:04:00,2.907,2.908,2.9065,2.908,2.912,2.913,2.9115,2.913,5
2026-07-23 00:05:00,2.9075,2.9095,2.9075,2.909,2.9125,2.9145,2.9125,2.914,7
2026-07-23 00:06:00,2.9085,2.9085,2.9085,2.9085,2.9135,2.9135,2.9135,2.9135,1
2026-07-23 00:07:00,2.908,2.909,2.9075,2.909,2.913,2.914,2.9125,2.914,4
2026-07-23 00:08:00,2.9095,2.9095,2.9095,2.9095,2.9145,2.9145,2.9145,2.9145,1
2026-07-23 00:09:00,2.91,2.91,2.9095,2.9095,2.915,2.915,2.9145,2.9145,2
2026-07-23 00:10:00,2.91,2.9115,2.91,2.9115,2.915,2.9165,2.915,2.9165,6
2026-07-23 00:11:00,2.911,2.911,2.911,2.911,2.916,2.916,2.916,2.916,1
2026-07-23 00:12:00,2.9115,2.912,2.911,2.911,2.9165,2.917,2.916,2.916,5
2026-07-23 00:13:00,2.9115,2.912,2.911,2.911,2.9165,2.917,2.916,2.916,4
2026-07-23 00:23:00,2.9115,2.9115,2.911,2.911,2.9165,2.9165,2.916,2.916,2
2026-07-23 00:27:00,2.9115,2.9115,2.91,2.911,2.9165,2.9165,2.915,2.916,5
2026-07-23 00:30:00,2.912,2.912,2.912,2.912,2.917,2.917,2.917,2.917,1
2026-07-23 00:34:00,2.911,2.912,2.911,2.912,2.916,2.917,2.916,2.917,3
2026-07-23 00:35:00,2.913,2.913,2.913,2.913,2.918,2.918,2.918,2.918,1
2026-07-23 00:36:00,2.912,2.912,2.912,2.912,2.917,2.917,2.917,2.917,1
2026-07-23 00:46:00,2.9115,2.9115,2.9115,2.9115,2.9165,2.9165,2.9165,2.9165,1
2026-07-23 00:47:00,2.911,2.911,2.911,2.911,2.916,2.916,2.916,2.916,1
2026-07-23 00:48:00,2.9105,2.9105,2.9105,2.9105,2.9155,2.9155,2.9155,2.9155,1
2026-07-23 00:50:00,2.91,2.9105,2.91,2.9105,2.915,2.9155,2.915,2.9155,2
2026-07-23 00:51:00,2.91,2.91,2.91,2.91,2.915,2.915,2.915,2.915,1
2026-07-23 00:54:00,2.911,2.911,2.911,2.911,2.916,2.916,2.916,2.916,1
2026-07-23 00:56:00,2.91,2.9105,2.91,2.9105,2.915,2.9155,2.915,2.9155,2
2026-07-23 01:08:00,2.911,2.911,2.911,2.911,2.916,2.916,2.916,2.916,1
2026-07-23 01:09:00,2.912,2.913,2.912,2.9125,2.917,2.918,2.917,2.9175,3
2026-07-23 01:11:00,2.912,2.912,2.912,2.912,2.917,2.917,2.917,2.917,1
2026-07-23 01:16:00,2.9125,2.9125,2.9125,2.9125,2.9175,2.9175,2.9175,2.9175,1
2026-07-23 01:20:00,2.912,2.9125,2.9115,2.9115,2.917,2.9175,2.9165,2.9165,3
2026-07-23 01:21:00,2.911,2.9115,2.911,2.9115,2.916,2.9165,2.916,2.9165,2
2026-07-23 01:23:00,2.912,2.912,2.912,2.912,2.917,2.917,2.917,2.917,1
2026-07-23 01:28:00,2.9125,2.9125,2.9125,2.9125,2.9175,2.9175,2.9175,2.9175,1
2026-07-23 01:29:00,2.912,2.912,2.912,2.912,2.917,2.917,2.917,2.917,1
2026-07-23 01:34:00,2.9125,2.9125,2.9125,2.9125,2.9175,2.9175,2.9175,2.9175,1
2026-07-23 01:35:00,2.913,2.914,2.913,2.9135,2.918,2.919,2.918,2.9185,3
2026-07-23 01:36:00,2.913,2.913,2.913,2.913,2.918,2.918,2.918,2.918,1
2026-07-23 01:37:00,2.912,2.913,2.912,2.913,2.917,2.918,2.917,2.918,2
2026-07-23 01:38:00,2.9125,2.913,2.9125,2.913,2.9175,2.918,2.9175,2.918,2
2026-07-23 01:39:00,2.9135,2.9135,2.9125,2.9125,2.9185,2.9185,2.9175,2.9175,3
2026-07-23 01:40:00,2.913,2.913,2.9125,2.9125,2.918,2.918,2.9175,2.9175,2
2026-07-23 01:41:00,2.913,2.9135,2.913,2.913,2.918,2.9185,2.918,2.918,3
2026-07-23 01:46:00,2.9135,2.9135,2.9135,2.9135,2.9185,2.9185,2.9185,2.9185,1
2026-07-23 01:48:00,2.913,2.913,2.913,2.913,2.918,2.918,2.918,2.918,1
2026-07-23 01:50:00,2.914,2.915,2.914,2.9145,2.919,2.92,2.919,2.9195,7
2026-07-23 01:51:00,2.914,2.914,2.913,2.9135,2.919,2.919,2.918,2.9185,3
2026-07-23 01:52:00,2.914,2.9145,2.914,2.9145,2.919,2.9195,2.919,2.9195,2
2026-07-23 01:54:00,2.915,2.915,2.915,2.915,2.92,2.92,2.92,2.92,1
2026-07-23 01:55:00,2.916,2.916,2.9135,2.914,2.921,2.921,2.9185,2.919,5
2026-07-23 01:56:00,2.9135,2.914,2.9135,2.914,2.9185,2.919,2.9185,2.919,2
2026-07-23 01:59:00,2.913,2.913,2.913,2.913,2.918,2.918,2.918,2.918,1
2026-07-23 02:00:00,2.912,2.913,2.911,2.912,2.917,2.918,2.916,2.917,15
2026-07-23 02:01:00,2.9125,2.9125,2.9125,2.9125,2.9175,2.9175,2.9175,2.9175,1
2026-07-23 02:02:00,2.912,2.913,2.912,2.913,2.917,2.918,2.917,2.918,3
2026-07-23 02:03:00,2.914,2.914,2.9135,2.9135,2.919,2.919,2.9185,2.9185,2
2026-07-23 02:04:00,2.9145,2.915,2.914,2.914,2.9195,2.92,2.919,2.919,6
2026-07-23 02:05:00,2.9135,2.9135,2.913,2.913,2.9185,2.9185,2.918,2.918,2
2026-07-23 02:06:00,2.914,2.9145,2.914,2.9145,2.919,2.9195,2.919,2.9195,2
2026-07-23 02:07:00,2.915,2.9165,2.915,2.916,2.92,2.9215,2.92,2.921,5
2026-07-23 02:08:00,2.915,2.9165,2.915,2.9165,2.92,2.9215,2.92,2.9215,6
2026-07-23 02:09:00,2.917,2.917,2.916,2.916,2.922,2.922,2.921,2.921,6
2026-07-23 02:10:00,2.9165,2.9175,2.9165,2.9175,2.9215,2.9225,2.9215,2.9225,3
2026-07-23 02:11:00,2.918,2.918,2.9165,2.9175,2.923,2.923,2.9215,2.9225,6
2026-07-23 02:12:00,2.917,2.917,2.916,2.9165,2.922,2.922,2.921,2.9215,4
2026-07-23 02:14:00,2.917,2.917,2.915,2.915,2.922,2.922,2.92,2.92,6
2026-07-23 02:15:00,2.9155,2.919,2.9155,2.9185,2.9205,2.924,2.9205,2.9235,5
2026-07-23 02:16:00,2.919,2.9195,2.919,2.9195,2.924,2.9245,2.924,2.9245,2
2026-07-23 02:17:00,2.92,2.92,2.92,2.92,2.925,2.925,2.925,2.925,1
2026-07-23 02:18:00,2.919,2.919,2.919,2.919,2.924,2.924,2.924,2.924,1
2026-07-23 02:19:00,2.9195,2.9195,2.9195,2.9195,2.9245,2.9245,2.9245,2.9245,1
2026-07-23 02:20:00,2.92,2.921,2.92,2.92,2.925,2.926,2.925,2.925,4
2026-07-23 02:22:00,2.9195,2.9195,2.9195,2.9195,2.9245,2.9245,2.9245,2.9245,1
2026-07-23 02:23:00,2.92,2.9205,2.92,2.9205,2.925,2.9255,2.925,2.9255,2
2026-07-23 02:24:00,2.92,2.9205,2.92,2.9205,2.925,2.9255,2.925,2.9255,2
2026-07-23 02:25:00,2.92,2.92,2.9195,2.9195,2.925,2.925,2.9245,2.9245,2
2026-07-23 02:26:00,2.919,2.9195,2.919,2.919,2.924,2.9245,2.924,2.924,3
2026-07-23 02:29:00,2.9195,2.9195,2.919,2.9195,2.9245,2.9245,2.924,2.9245,3
2026-07-23 02:30:00,2.919,2.919,2.919,2.919,2.924,2.924,2.924,2.924,1
2026-07-23 02:32:00,2.9195,2.92,2.918,2.9185,2.9245,2.925,2.923,2.9235,8
2026-07-23 02:33:00,2.918,2.919,2.918,2.919,2.923,2.924,2.923,2.924,3
2026-07-23 02:35:00,2.92,2.92,2.919,2.9195,2.925,2.925,2.924,2.9245,4
2026-07-23 02:36:00,2.92,2.92,2.92,2.92,2.925,2.925,2.925,2.925,1
2026-07-23 02:37:00,2.9195,2.9195,2.9195,2.9195,2.9245,2.9245,2.9245,2.9245,1
2026-07-23 02:38:00,2.919,2.919,2.919,2.919,2.924,2.924,2.924,2.924,1
2026-07-23 02:39:00,2.9185,2.919,2.9185,2.919,2.9235,2.924,2.9235,2.924,2
2026-07-23 02:40:00,2.918,2.9185,2.918,2.9185,2.923,2.9235,2.923,2.9235,2
2026-07-23 02:42:00,2.919,2.919,2.919,2.919,2.924,2.924,2.924,2.924,1
2026-07-23 02:48:00,2.92,2.92,2.92,2.92,2.925,2.925,2.925,2.925,1
2026-07-23 02:51:00,2.919,2.92,2.919,2.919,2.924,2.925,2.924,2.924,4
2026-07-23 02:52:00,2.9195,2.9195,2.9195,2.9195,2.9245,2.9245,2.9245,2.9245,1
2026-07-23 02:53:00,2.92,2.92,2.92,2.92,2.925,2.925,2.925,2.925,1
2026-07-23 02:55:00,2.9205,2.9205,2.9195,2.9195,2.9255,2.9255,2.9245,2.9245,4
2026-07-23 02:56:00,2.92,2.92,2.92,2.92,2.925,2.925,2.925,2.925,1
2026-07-23 02:58:00,2.9205,2.9205,2.9205,2.9205,2.9255,2.9255,2.9255,2.9255,1
2026-07-23 03:00:00,2.92,2.921,2.92,2.9205,2.925,2.926,2.925,2.9255,10
2026-07-23 03:01:00,2.92,2.9205,2.92,2.9205,2.925,2.9255,2.925,2.9255,2
2026-07-23 03:02:00,2.921,2.921,2.921,2.921,2.926,2.926,2.926,2.926,1
2026-07-23 03:03:00,2.9205,2.9205,2.92,2.92,2.9255,2.9255,2.925,2.925,2
2026-07-23 03:06:00,2.9205,2.9205,2.9205,2.9205,2.9255,2.9255,2.9255,2.9255,1
2026-07-23 03:07:00,2.92,2.92,2.92,2.92,2.925,2.925,2.925,2.925,1
2026-07-23 03:08:00,2.9205,2.9205,2.9205,2.9205,2.9255,2.9255,2.9255,2.9255,1
2026-07-23 03:09:00,2.92,2.9205,2.92,2.92,2.925,2.9255,2.925,2.925,3
2026-07-23 03:11:00,2.9195,2.9205,2.9195,2.9205,2.9245,2.9255,2.9245,2.9255,3
2026-07-23 03:13:00,2.921,2.922,2.921,2.922,2.926,2.927,2.926,2.927,3
2026-07-23 03:16:00,2.9215,2.9215,2.9215,2.9215,2.9265,2.9265,2.9265,2.9265,1
2026-07-23 03:18:00,2.922,2.922,2.922,2.922,2.927,2.927,2.927,2.927,1
2026-07-23 03:20:00,2.9215,2.9215,2.9215,2.9215,2.9265,2.9265,2.9265,2.9265,1
2026-07-23 03:21:00,2.922,2.922,2.922,2.922,2.927,2.927,2.927,2.927,1
2026-07-23 03:23:00,2.9225,2.9225,2.9225,2.9225,2.9275,2.9275,2.9275,2.9275,1
2026-07-23 03:24:00,2.922,2.924,2.922,2.9235,2.927,2.929,2.927,2.9285,6
2026-07-23 03:26:00,2.9245,2.925,2.9245,2.925,2.9295,2.93,2.9295,2.93,2
2026-07-23 03:27:00,2.926,2.926,2.925,2.925,2.931,2.931,2.93,2.93,3
2026-07-23 03:29:00,2.9255,2.9255,2.925,2.925,2.9305,2.9305,2.93,2.93,2
2026-07-23 03:30:00,2.9255,2.927,2.9255,2.927,2.9305,2.932,2.9305,2.932,3
2026-07-23 03:33:00,2.926,2.927,2.926,2.9265,2.931,2.932,2.931,2.9315,3
2026-07-23 03:34:00,2.926,2.926,2.925,2.926,2.931,2.931,2.93,2.931,4
2026-07-23 03:35:00,2.925,2.925,2.924,2.924,2.93,2.93,2.929,2.929,2
2026-07-23 03:36:00,2.9235,2.9235,2.923,2.923,2.9285,2.9285,2.928,2.928,2
2026-07-23 03:38:00,2.9225,2.923,2.9225,2.923,2.9275,2.928,2.9275,2.928,2
2026-07-23 03:41:00,2.9235,2.9235,2.9235,2.9235,2.9285,2.9285,2.9285,2.9285,1
2026-07-23 03:42:00,2.924,2.924,2.923,2.923,2.929,2.929,2.928,2.928,2
2026-07-23 03:43:00,2.924,2.924,2.924,2.924,2.929,2.929,2.929,2.929,1
2026-07-23 03:44:00,2.9245,2.927,2.9245,2.925,2.9295,2.932,2.9295,2.93,10
2026-07-23 03:45:00,2.9255,2.9255,2.925,2.925,2.9305,2.9305,2.93,2.93,2
2026-07-23 03:46:00,2.924,2.925,2.924,2.925,2.929,2.93,2.929,2.93,2
2026-07-23 03:47:00,2.924,2.925,2.924,2.925,2.929,2.93,2.929,2.93,3
2026-07-23 03:48:00,2.9255,2.9255,2.9255,2.9255,2.9305,2.9305,2.9305,2.9305,1
2026-07-23 03:49:00,2.925,2.9255,2.925,2.925,2.93,2.9305,2.93,2.93,3
2026-07-23 03:50:00,2.9255,2.9255,2.925,2.9255,2.9305,2.9305,2.93,2.9305,3
2026-07-23 03:51:00,2.926,2.926,2.926,2.926,2.931,2.931,2.931,2.931,1
2026-07-23 03:52:00,2.9265,2.9265,2.9265,2.9265,2.9315,2.9315,2.9315,2.9315,1
2026-07-23 03:54:00,2.927,2.927,2.927,2.927,2.932,2.932,2.932,2.932,1
2026-07-23 04:00:00,2.9265,2.9265,2.9265,2.9265,2.9315,2.9315,2.9315,2.9315,1
2026-07-23 04:01:00,2.927,2.927,2.927,2.927,2.932,2.932,2.932,2.932,1
2026-07-23 04:03:00,2.9275,2.9275,2.9275,2.9275,2.9325,2.9325,2.9325,2.9325,1
2026-07-23 04:04:00,2.928,2.928,2.927,2.927,2.933,2.933,2.932,2.932,2
2026-07-23 04:05:00,2.926,2.9265,2.926,2.9265,2.931,2.9315,2.931,2.9315,4
2026-07-23 04:06:00,2.926,2.926,2.926,2.926,2.931,2.931,2.931,2.931,1
2026-07-23 04:09:00,2.925,2.9255,2.924,2.925,2.93,2.9305,2.929,2.93,5
2026-07-23 04:13:00,2.926,2.926,2.925,2.925,2.931,2.931,2.93,2.93,3
2026-07-23 04:14:00,2.926,2.926,2.925,2.925,2.931,2.931,2.93,2.93,2
2026-07-23 04:24:00,2.9255,2.9255,2.9255,2.9255,2.9305,2.9305,2.9305,2.9305,1
2026-07-23 04:25:00,2.925,2.925,2.925,2.925,2.93,2.93,2.93,2.93,1
2026-07-23 04:27:00,2.9255,2.926,2.925,2.926,2.9305,2.931,2.93,2.931,4
2026-07-23 04:28:00,2.9265,2.927,2.9265,2.927,2.9315,2.932,2.9315,2.932,2
2026-07-23 04:29:00,2.926,2.926,2.926,2.926,2.931,2.931,2.931,2.931,1
2026-07-23 04:30:00,2.925,2.9255,2.925,2.9255,2.931,2.931,2.931,2.931,4
2026-07-23 04:31:00,2.926,2.926,2.926,2.926,2.9315,2.9315,2.9315,2.9315,1
2026-07-23 04:33:00,2.9265,2.9265,2.9265,2.9265,2.932,2.932,2.932,2.932,1
2026-07-23 04:34:00,2.927,2.927,2.927,2.927,2.9325,2.938,2.9325,2.937,1
2026-07-23 04:42:00,2.9275,2.933,2.9275,2.932,2.9365,2.939,2.936,2.937,10
2026-07-23 04:43:00,2.9315,2.934,2.931,2.932,2.9365,2.939,2.936,2.937,18
2026-07-23 04:44:00,2.9315,2.934,2.931,2.932,2.9375,2.9375,2.937,2.937,10
2026-07-23 04:45:00,2.9325,2.9325,2.932,2.932,2.9375,2.9375,2.9375,2.9375,2
2026-07-23 04:46:00,2.9325,2.9325,2.9325,2.9325,2.938,2.9385,2.938,2.938,1
2026-07-23 04:47:00,2.933,2.9335,2.933,2.933,2.9385,2.9385,2.938,2.938,5
2026-07-23 04:48:00,2.9335,2.9335,2.933,2.933,2.939,2.939,2.938,2.9385,2
2026-07-23 04:51:00,2.934,2.934,2.933,2.9335,2.939,2.941,2.939,2.9405,3
2026-07-23 04:52:00,2.934,2.936,2.934,2.9355,2.94,2.94,2.94,2.94,5
2026-07-23 04:53:00,2.935,2.935,2.935,2.935,2.9405,2.941,2.9405,2.941,1
2026-07-23 04:54:00,2.9355,2.936,2.9355,2.936,2.9405,2.941,2.94,2.94,2
2026-07-23 04:55:00,2.9355,2.936,2.935,2.935,2.939,2.939,2.939,2.939,3
2026-07-23 04:59:00,2.934,2.934,2.934,2.934,2.9385,2.9385,2.938,2.938,1
2026-07-23 05:00:00,2.9335,2.9335,2.933,2.933,2.937,2.937,2.937,2.937,2
2026-07-23 05:03:00,2.932,2.932,2.932,2.932,2.938,2.938,2.938,2.938,1
2026-07-23 05:05:00,2.933,2.933,2.933,2.933,2.937,2.937,2.937,2.937,1
2026-07-23 05:07:00,2.932,2.932,2.932,2.932,2.9375,2.938,2.9375,2.938,1
2026-07-23 05:08:00,2.9325,2.933,2.9325,2.933,2.939,2.939,2.938,2.938,2
2026-07-23 05:09:00,2.934,2.934,2.933,2.933,2.9385,2.9385,2.938,2.938,8
2026-07-23 05:11:00,2.9335,2.9335,2.933,2.933,2.9385,2.9385,2.9385,2.9385,2
2026-07-23 05:12:00,2.9335,2.9335,2.9335,2.9335,2.939,2.9395,2.938,2.939,1
2026-07-23 05:13:00,2.934,2.9345,2.933,2.934,2.9395,2.9395,2.9395,2.9395,5
2026-07-23 05:14:00,2.9345,2.9345,2.9345,2.9345,2.94,2.94,2.94,2.94,1
2026-07-23 05:15:00,2.935,2.935,2.935,2.935,2.939,2.9395,2.939,2.9395,1
2026-07-23 05:16:00,2.934,2.9345,2.934,2.9345,2.94,2.94,2.9395,2.9395,2
2026-07-23 05:17:00,2.935,2.935,2.9345,2.9345,2.94,2.94,2.94,2.94,2
2026-07-23 05:19:00,2.935,2.935,2.935,2.935,2.9395,2.9395,2.939,2.9395,1
2026-07-23 05:20:00,2.9345,2.9345,2.934,2.9345,2.938,2.9395,2.938,2.939,3
2026-07-23 05:23:00,2.933,2.9345,2.933,2.934,2.9385,2.939,2.9385,2.939,4
2026-07-23 05:24:00,2.9335,2.934,2.9335,2.934,2.9385,2.9385,2.9385,2.9385,2
2026-07-23 05:25:00,2.9335,2.9335,2.9335,2.9335,2.938,2.939,2.938,2.939,1
2026-07-23 05:26:00,2.933,2.934,2.933,2.934,2.9385,2.939,2.9385,2.939,7
2026-07-23 05:27:00,2.9335,2.934,2.9335,2.934,2.9385,2.939,2.9385,2.939,2
2026-07-23 05:28:00,2.9335,2.934,2.9335,2.934,2.938,2.94,2.9375,2.938,6
2026-07-23 05:29:00,2.933,2.935,2.9325,2.933,2.937,2.937,2.932,2.934,12
2026-07-23 05:30:00,2.932,2.932,2.927,2.929,2.9345,2.935,2.933,2.9335,31
2026-07-23 05:31:00,2.9295,2.93,2.928,2.9285,2.934,2.9355,2.933,2.9335,23
2026-07-23 05:32:00,2.929,2.9305,2.928,2.9285,2.934,2.934,2.933,2.934,25
2026-07-23 05:33:00,2.929,2.929,2.928,2.929,2.9335,2.9335,2.9335,2.9335,4
2026-07-23 05:34:00,2.9285,2.9285,2.9285,2.9285,2.935,2.935,2.934,2.935,1
2026-07-23 05:35:00,2.93,2.93,2.929,2.93,2.934,2.934,2.934,2.934,6
2026-07-23 05:36:00,2.929,2.929,2.929,2.929,2.9345,2.9345,2.934,2.934,1
2026-07-23 05:37:00,2.9295,2.9295,2.929,2.929,2.935,2.935,2.933,2.934,4
2026-07-23 05:38:00,2.93,2.93,2.928,2.929,2.935,2.937,2.935,2.935,9
2026-07-23 05:39:00,2.93,2.932,2.93,2.93,2.934,2.936,2.934,2.9345,7
2026-07-23 05:40:00,2.929,2.931,2.929,2.9295,2.935,2.935,2.935,2.935,7
2026-07-23 05:41:00,2.93,2.93,2.93,2.93,2.9345,2.9345,2.9345,2.9345,1
2026-07-23 05:42:00,2.9295,2.9295,2.9295,2.9295,2.934,2.935,2.934,2.935,1
2026-07-23 05:44:00,2.929,2.93,2.929,2.93,2.9345,2.9345,2.934,2.9345,3
2026-07-23 05:45:00,2.9295,2.9295,2.929,2.9295,2.935,2.935,2.935,2.935,5
2026-07-23 05:46:00,2.93,2.93,2.93,2.93,2.936,2.936,2.935,2.936,1
2026-07-23 05:47:00,2.931,2.931,2.93,2.931,2.9355,2.936,2.9355,2.936,3
2026-07-23 05:48:00,2.9305,2.931,2.9305,2.931,2.9355,2.9355,2.9345,2.9345,2
2026-07-23 05:50:00,2.9305,2.9305,2.9295,2.9295,2.935,2.935,2.934,2.934,3
2026-07-23 05:51:00,2.93,2.93,2.929,2.929,2.9345,2.9345,2.9345,2.9345,4
2026-07-23 05:53:00,2.9295,2.9295,2.9295,2.9295,2.935,2.936,2.935,2.936,1
2026-07-23 05:54:00,2.93,2.931,2.93,2.931,2.937,2.938,2.937,2.938,5
2026-07-23 05:57:00,2.932,2.933,2.932,2.933,2.9375,2.938,2.9375,2.938,5
2026-07-23 05:58:00,2.9325,2.933,2.9325,2.933,2.9375,2.938,2.937,2.938,2
2026-07-23 05:59:00,2.9325,2.933,2.932,2.933,2.9375,2.938,2.937,2.938,4
2026-07-23 06:01:00,2.9325,2.933,2.932,2.933,2.9375,2.9375,2.937,2.937,4
2026-07-23 06:03:00,2.9325,2.9325,2.932,2.932,2.938,2.938,2.937,2.937,2
2026-07-23 06:04:00,2.933,2.933,2.932,2.932,2.9375,2.9375,2.937,2.9375,2
2026-07-23 06:05:00,2.9325,2.9325,2.932,2.9325,2.937,2.938,2.937,2.938,3
2026-07-23 06:06:00,2.932,2.933,2.932,2.933,2.9385,2.9385,2.9385,2.9385,5
2026-07-23 06:07:00,2.9335,2.9335,2.9335,2.9335,2.939,2.939,2.939,2.939,1
2026-07-23 06:08:00,2.934,2.934,2.934,2.934,2.9385,2.9385,2.937,2.938,1
2026-07-23 06:11:00,2.9335,2.9335,2.932,2.933,2.937,2.937,2.937,2.937,4
2026-07-23 06:13:00,2.932,2.932,2.932,2.932,2.9375,2.9375,2.9375,2.9375,1
2026-07-23 06:14:00,2.9325,2.9325,2.9325,2.9325,2.938,2.9385,2.937,2.9385,1
2026-07-23 06:15:00,2.933,2.9335,2.932,2.9335,2.938,2.938,2.938,2.938,6
2026-07-23 06:17:00,2.933,2.933,2.933,2.933,2.9385,2.9385,2.937,2.937,1
2026-07-23 06:19:00,2.9335,2.9335,2.932,2.932,2.9365,2.937,2.935,2.935,6
2026-07-23 06:25:00,2.9315,2.932,2.93,2.93,2.9355,2.936,2.9355,2.9355,6
2026-07-23 06:26:00,2.9305,2.931,2.9305,2.9305,2.936,2.936,2.936,2.936,5
2026-07-23 06:27:00,2.931,2.931,2.931,2.931,2.937,2.937,2.936,2.937,1
2026-07-23 06:29:00,2.932,2.932,2.931,2.932,2.9365,2.9365,2.9365,2.9365,5
2026-07-23 06:31:00,2.9315,2.9315,2.9315,2.9315,2.936,2.937,2.936,2.9365,1
2026-07-23 06:32:00,2.931,2.932,2.931,2.9315,2.936,2.9365,2.936,2.9365,3
2026-07-23 06:33:00,2.931,2.9315,2.931,2.9315,2.936,2.9365,2.936,2.936,2
2026-07-23 06:34:00,2.931,2.9315,2.931,2.931,2.9365,2.9365,2.936,2.9365,3
2026-07-23 06:38:00,2.9315,2.9315,2.931,2.9315,2.937,2.937,2.937,2.937,3
2026-07-23 06:39:00,2.932,2.932,2.932,2.932,2.936,2.9365,2.936,2.9365,1
2026-07-23 06:44:00,2.931,2.9315,2.931,2.9315,2.936,2.9365,2.935,2.9365,6
2026-07-23 06:46:00,2.931,2.9315,2.93,2.9315,2.937,2.937,2.937,2.937,5
2026-07-23 06:47:00,2.932,2.932,2.932,2.932,2.9365,2.9365,2.936,2.936,1
2026-07-23 06:51:00,2.9315,2.9315,2.931,2.931,2.9365,2.9365,2.9365,2.9365,2
2026-07-23 06:55:00,2.9315,2.9315,2.9315,2.9315,2.937,2.937,2.936,2.9365,1
2026-07-23 06:56:00,2.932,2.932,2.931,2.9315,2.937,2.937,2.9365,2.9365,3
2026-07-23 06:57:00,2.932,2.932,2.9315,2.9315,2.937,2.937,2.937,2.937,2
2026-07-23 06:58:00,2.932,2.932,2.932,2.932,2.9365,2.937,2.936,2.937,1
2026-07-23 06:59:00,2.9315,2.932,2.931,2.932,2.938,2.938,2.9375,2.938,3
2026-07-23 07:00:00,2.933,2.933,2.9325,2.933,2.937,2.938,2.937,2.938,3
2026-07-23 07:03:00,2.932,2.933,2.932,2.933,2.937,2.937,2.936,2.9365,3
2026-07-23 07:06:00,2.932,2.932,2.931,2.9315,2.937,2.9375,2.9365,2.9365,3
2026-07-23 07:07:00,2.932,2.9325,2.9315,2.9315,2.936,2.936,2.936,2.936,4
2026-07-23 07:09:00,2.931,2.931,2.931,2.931,2.9365,2.937,2.9365,2.937,1
2026-07-23 07:10:00,2.9315,2.932,2.9315,2.932,2.9365,2.937,2.9365,2.937,4
2026-07-23 07:11:00,2.9315,2.932,2.9315,2.932,2.9365,2.937,2.9365,2.937,2
2026-07-23 07:12:00,2.9315,2.932,2.9315,2.932,2.9365,2.9375,2.9365,2.9375,2
2026-07-23 07:16:00,2.9315,2.9325,2.9315,2.9325,2.937,2.9375,2.937,2.9375,3
2026-07-23 07:17:00,2.932,2.9325,2.932,2.9325,2.937,2.9375,2.937,2.9375,2
2026-07-23 07:18:00,2.932,2.9325,2.932,2.9325,2.938,2.938,2.937,2.9375,2
2026-07-23 07:19:00,2.933,2.933,2.932,2.9325,2.938,2.938,2.9375,2.9375,3
2026-07-23 07:20:00,2.933,2.933,2.9325,2.9325,2.938,2.938,2.9375,2.9375,2
2026-07-23 07:24:00,2.933,2.933,2.9325,2.9325,2.938,2.9395,2.9375,2.938,8
2026-07-23 07:25:00,2.933,2.9345,2.9325,2.933,2.9375,2.9375,2.9375,2.9375,13
2026-07-23 07:26:00,2.9325,2.9325,2.9325,2.9325,2.937,2.9375,2.937,2.9375,1
2026-07-23 07:29:00,2.932,2.9325,2.932,2.9325,2.937,2.937,2.936,2.9365,2
2026-07-23 07:30:00,2.932,2.932,2.931,2.9315,2.937,2.937,2.9365,2.937,9
2026-07-23 07:31:00,2.932,2.932,2.9315,2.932,2.9365,2.9365,2.9365,2.9365,3
2026-07-23 07:32:00,2.9315,2.9315,2.9315,2.9315,2.938,2.938,2.9375,2.9375,1
2026-07-23 07:33:00,2.933,2.933,2.9325,2.9325,2.937,2.937,2.937,2.937,2
2026-07-23 07:34:00,2.932,2.932,2.932,2.932,2.938,2.94,2.938,2.94,1
2026-07-23 07:37:00,2.933,2.935,2.933,2.935,2.9405,2.941,2.9405,2.941,4
2026-07-23 07:39:00,2.9355,2.936,2.9355,2.936,2.942,2.942,2.941,2.9415,2
2026-07-23 07:40:00,2.937,2.937,2.936,2.9365,2.942,2.946,2.942,2.9455,5
2026-07-23 07:41:00,2.937,2.941,2.937,2.9405,2.946,2.946,2.945,2.945,9
2026-07-23 07:42:00,2.941,2.941,2.94,2.94,2.946,2.946,2.945,2.9455,8
2026-07-23 07:43:00,2.941,2.941,2.94,2.9405,2.945,2.945,2.945,2.945,8
2026-07-23 07:44:00,2.94,2.94,2.94,2.94,2.9455,2.9455,2.945,2.945,1
2026-07-23 07:45:00,2.9405,2.9405,2.94,2.94,2.9455,2.9455,2.945,2.945,4
2026-07-23 07:46:00,2.9405,2.9405,2.94,2.94,2.943,2.946,2.943,2.9455,2
2026-07-23 07:50:00,2.938,2.941,2.938,2.9405,2.946,2.947,2.946,2.946,12
2026-07-23 07:51:00,2.941,2.942,2.941,2.941,2.9465,2.9465,2.946,2.9465,3
2026-07-23 07:52:00,2.9415,2.9415,2.941,2.9415,2.947,2.948,2.947,2.9475,3
2026-07-23 07:53:00,2.942,2.943,2.942,2.9425,2.947,2.95,2.947,2.949,3
2026-07-23 07:54:00,2.942,2.945,2.942,2.944,2.9495,2.95,2.949,2.95,20
2026-07-23 07:55:00,2.9445,2.945,2.944,2.945,2.9495,2.95,2.9495,2.9495,4
2026-07-23 07:57:00,2.9445,2.945,2.9445,2.9445,2.949,2.9495,2.949,2.9495,3
2026-07-23 07:58:00,2.944,2.9445,2.944,2.9445,2.951,2.951,2.95,2.95,2
2026-07-23 07:59:00,2.946,2.946,2.945,2.945,2.9505,2.954,2.949,2.95,7
2026-07-23 08:00:00,2.9455,2.949,2.944,2.945,2.9495,2.95,2.948,2.948,24
2026-07-23 08:01:00,2.9445,2.945,2.943,2.943,2.9485,2.949,2.947,2.949,7
2026-07-23 08:02:00,2.9435,2.944,2.942,2.944,2.9485,2.95,2.9485,2.95,11
2026-07-23 08:03:00,2.9435,2.945,2.9435,2.945,2.951,2.951,2.951,2.951,6
2026-07-23 08:04:00,2.946,2.946,2.946,2.946,2.9505,2.951,2.9505,2.951,1
2026-07-23 08:05:00,2.9455,2.946,2.9455,2.946,2.952,2.954,2.9515,2.954,4
2026-07-23 08:06:00,2.947,2.949,2.9465,2.949,2.9545,2.955,2.953,2.953,6
2026-07-23 08:07:00,2.9495,2.95,2.948,2.948,2.9535,2.9535,2.953,2.953,8
2026-07-23 08:08:00,2.9485,2.9485,2.948,2.948,2.9535,2.9535,2.953,2.953,2
2026-07-23 08:09:00,2.9485,2.9485,2.948,2.948,2.9525,2.953,2.9525,2.953,2
2026-07-23 08:10:00,2.9475,2.948,2.9475,2.948,2.954,2.9555,2.953,2.953,2
2026-07-23 08:11:00,2.949,2.9505,2.948,2.948,2.9535,2.954,2.9535,2.954,17
2026-07-23 08:12:00,2.9485,2.949,2.9485,2.949,2.955,2.955,2.955,2.955,4
2026-07-23 08:13:00,2.95,2.95,2.95,2.95,2.954,2.954,2.953,2.9535,1
2026-07-23 08:14:00,2.949,2.949,2.948,2.9485,2.953,2.9535,2.952,2.953,4
2026-07-23 08:15:00,2.948,2.9485,2.947,2.948,2.9535,2.955,2.953,2.9545,13
2026-07-23 08:16:00,2.9485,2.95,2.948,2.9495,2.954,2.954,2.952,2.953,7
2026-07-23 08:17:00,2.949,2.949,2.947,2.948,2.9535,2.954,2.953,2.953,5
2026-07-23 08:18:00,2.9485,2.949,2.948,2.948,2.9535,2.9535,2.953,2.953,5
2026-07-23 08:19:00,2.9485,2.9485,2.948,2.948,2.952,2.953,2.952,2.953,2
2026-07-23 08:20:00,2.947,2.948,2.947,2.948,2.9535,2.954,2.9535,2.954,3
2026-07-23 08:21:00,2.9485,2.949,2.9485,2.949,2.953,2.953,2.951,2.952,4
2026-07-23 08:22:00,2.948,2.948,2.946,2.947,2.9515,2.952,2.95,2.9505,6
2026-07-23 08:23:00,2.9465,2.947,2.945,2.9455,2.95,2.95,2.949,2.95,20
2026-07-23 08:24:00,2.945,2.945,2.944,2.945,2.9505,2.951,2.95,2.95,5
2026-07-23 08:26:00,2.9455,2.946,2.945,2.945,2.9505,2.951,2.9505,2.951,4
2026-07-23 08:27:00,2.9455,2.946,2.9455,2.946,2.952,2.952,2.952,2.952,2
2026-07-23 08:30:00,2.947,2.947,2.947,2.947,2.953,2.953,2.951,2.953,1
2026-07-23 08:31:00,2.948,2.948,2.946,2.948,2.952,2.952,2.9515,2.952,6
2026-07-23 08:34:00,2.947,2.947,2.9465,2.947,2.9515,2.952,2.951,2.952,5
2026-07-23 08:35:00,2.9465,2.947,2.946,2.947,2.951,2.952,2.951,2.952,5
2026-07-23 08:36:00,2.946,2.947,2.946,2.947,2.953,2.953,2.952,2.952,3
2026-07-23 08:43:00,2.948,2.948,2.947,2.947,2.953,2.953,2.953,2.953,4
2026-07-23 08:46:00,2.948,2.948,2.948,2.948,2.952,2.953,2.952,2.953,1
2026-07-23 08:49:00,2.947,2.948,2.947,2.948,2.952,2.952,2.952,2.952,4
2026-07-23 08:50:00,2.947,2.947,2.947,2.947,2.951,2.9515,2.951,2.9515,1
2026-07-23 08:52:00,2.946,2.9465,2.946,2.9465,2.951,2.951,2.951,2.951,4
2026-07-23 08:53:00,2.946,2.946,2.946,2.946,2.95,2.95,2.949,2.95,1
2026-07-23 08:54:00,2.945,2.945,2.944,2.945,2.9505,2.951,2.949,2.9495,12
2026-07-23 08:57:00,2.9455,2.946,2.944,2.9445,2.949,2.949,2.949,2.949,6
2026-07-23 08:58:00,2.944,2.944,2.944,2.944,2.95,2.95,2.948,2.948,1
2026-07-23 08:59:00,2.945,2.945,2.943,2.943,2.949,2.949,2.948,2.949,6
2026-07-23 09:00:00,2.944,2.944,2.943,2.944,2.948,2.951,2.947,2.951,4
2026-07-23 09:01:00,2.943,2.946,2.942,2.946,2.95,2.951,2.95,2.95,14
2026-07-23 09:02:00,2.945,2.946,2.945,2.945,2.951,2.951,2.951,2.951,8
2026-07-23 09:03:00,2.946,2.946,2.946,2.946,2.952,2.952,2.951,2.951,1
2026-07-23 09:05:00,2.947,2.947,2.946,2.946,2.95,2.951,2.95,2.95,2
2026-07-23 09:06:00,2.945,2.946,2.945,2.945,2.951,2.951,2.95,2.95,4
2026-07-23 09:08:00,2.946,2.946,2.945,2.945,2.949,2.95,2.949,2.95,5
2026-07-23 09:09:00,2.944,2.945,2.944,2.945,2.951,2.951,2.951,2.951,2
2026-07-23 09:10:00,2.946,2.946,2.946,2.946,2.9505,2.951,2.95,2.95,1
2026-07-23 09:11:00,2.9455,2.946,2.945,2.945,2.951,2.952,2.951,2.952,4
2026-07-23 09:12:00,2.946,2.947,2.946,2.947,2.951,2.951,2.948,2.949,3
2026-07-23 09:13:00,2.946,2.946,2.943,2.944,2.948,2.9495,2.948,2.949,6
2026-07-23 09:14:00,2.943,2.9445,2.943,2.944,2.9495,2.95,2.9495,2.95,8
2026-07-23 09:15:00,2.9445,2.945,2.9445,2.945,2.9495,2.95,2.949,2.949,2
2026-07-23 09:16:00,2.9445,2.945,2.944,2.944,2.9495,2.95,2.949,2.949,5
2026-07-23 09:17:00,2.9445,2.945,2.944,2.944,2.948,2.949,2.948,2.948,5
2026-07-23 09:18:00,2.943,2.944,2.943,2.943,2.9485,2.949,2.948,2.9485,5
2026-07-23 09:19:00,2.9435,2.944,2.943,2.9435,2.949,2.953,2.9485,2.9525,9
2026-07-23 09:20:00,2.944,2.948,2.9435,2.9475,2.952,2.953,2.952,2.952,12
2026-07-23 09:21:00,2.947,2.948,2.947,2.947,2.951,2.951,2.951,2.951,4
2026-07-23 09:22:00,2.946,2.946,2.946,2.946,2.9515,2.9515,2.951,2.951,1
2026-07-23 09:24:00,2.9465,2.9465,2.946,2.946,2.95,2.95,2.946,2.9465,2
2026-07-23 09:25:00,2.945,2.945,2.941,2.9415,2.946,2.947,2.946,2.946,13
2026-07-23 09:26:00,2.941,2.942,2.941,2.941,2.947,2.947,2.945,2.946,7
2026-07-23 09:27:00,2.942,2.942,2.94,2.941,2.947,2.947,2.946,2.946,9
2026-07-23 09:29:00,2.942,2.942,2.941,2.941,2.947,2.949,2.947,2.948,2
2026-07-23 09:30:00,2.942,2.944,2.942,2.943,2.9485,2.949,2.9485,2.9485,12
2026-07-23 09:31:00,2.9435,2.944,2.9435,2.9435,2.948,2.948,2.947,2.947,3
2026-07-23 09:33:00,2.943,2.943,2.942,2.942,2.946,2.947,2.945,2.946,2
2026-07-23 09:34:00,2.941,2.942,2.94,2.941,2.9455,2.9455,2.9455,2.9455,5
2026-07-23 09:35:00,2.9405,2.9405,2.9405,2.9405,2.946,2.946,2.945,2.9455,1
2026-07-23 09:36:00,2.941,2.941,2.94,2.9405,2.945,2.946,2.945,2.946,3
2026-07-23 09:37:00,2.94,2.941,2.94,2.941,2.945,2.945,2.945,2.945,2
2026-07-23 09:38:00,2.94,2.94,2.94,2.94,2.946,2.946,2.945,2.945,1
2026-07-23 09:39:00,2.941,2.941,2.94,2.94,2.9455,2.9455,2.945,2.945,2
2026-07-23 09:40:00,2.9405,2.9405,2.94,2.94,2.944,2.945,2.944,2.945,2
2026-07-23 09:41:00,2.939,2.94,2.939,2.94,2.9455,2.9455,2.9455,2.9455,5
2026-07-23 09:42:00,2.9405,2.9405,2.9405,2.9405,2.945,2.9455,2.945,2.9455,1
2026-07-23 09:44:00,2.94,2.9405,2.94,2.9405,2.945,2.946,2.945,2.9455,4
2026-07-23 09:45:00,2.94,2.941,2.94,2.9405,2.945,2.946,2.945,2.946,6
2026-07-23 09:46:00,2.94,2.941,2.94,2.941,2.9465,2.9465,2.946,2.946,3
2026-07-23 09:48:00,2.9415,2.9415,2.941,2.941,2.9465,2.947,2.9465,2.947,4
2026-07-23 09:50:00,2.9415,2.942,2.9415,2.942,2.9475,2.9485,2.9475,2.9485,2
2026-07-23 09:51:00,2.9425,2.9435,2.9425,2.9435,2.949,2.95,2.948,2.948,6
2026-07-23 09:52:00,2.944,2.945,2.943,2.943,2.947,2.947,2.946,2.947,4
2026-07-23 09:54:00,2.942,2.942,2.941,2.942,2.9465,2.947,2.946,2.946,3
2026-07-23 09:55:00,2.9415,2.942,2.941,2.941,2.945,2.9465,2.945,2.946,4
2026-07-23 09:56:00,2.94,2.9415,2.94,2.941,2.9465,2.9465,2.944,2.9445,9
2026-07-23 09:57:00,2.9415,2.9415,2.939,2.9395,2.945,2.945,2.943,2.945,12
2026-07-23 09:58:00,2.94,2.94,2.938,2.94,2.9455,2.946,2.9455,2.946,10
2026-07-23 09:59:00,2.9405,2.941,2.9405,2.941,2.947,2.949,2.947,2.948,2
2026-07-23 10:00:00,2.942,2.944,2.942,2.943,2.949,2.95,2.946,2.947,8
2026-07-23 10:01:00,2.944,2.945,2.941,2.942,2.948,2.948,2.947,2.948,11
2026-07-23 10:02:00,2.943,2.943,2.942,2.943,2.9485,2.949,2.948,2.949,5
2026-07-23 10:03:00,2.9435,2.944,2.943,2.944,2.948,2.948,2.948,2.948,7
2026-07-23 10:04:00,2.943,2.943,2.943,2.943,2.9475,2.9475,2.947,2.947,1
2026-07-23 10:05:00,2.9425,2.9425,2.942,2.942,2.9465,2.9465,2.946,2.946,2
2026-07-23 10:06:00,2.9415,2.9415,2.941,2.941,2.9455,2.9455,2.945,2.945,2
2026-07-23 10:07:00,2.9405,2.9405,2.94,2.94,2.944,2.945,2.944,2.9445,2
2026-07-23 10:08:00,2.939,2.94,2.939,2.9395,2.945,2.945,2.9405,2.941,6
2026-07-23 10:09:00,2.94,2.94,2.9355,2.936,2.94,2.941,2.939,2.939,9
2026-07-23 10:10:00,2.935,2.936,2.934,2.934,2.9395,2.941,2.939,2.941,8
2026-07-23 10:11:00,2.9345,2.936,2.934,2.936,2.94,2.941,2.94,2.941,11
2026-07-23 10:12:00,2.935,2.936,2.935,2.936,2.94,2.941,2.94,2.941,3
2026-07-23 10:13:00,2.935,2.936,2.935,2.936,2.942,2.943,2.9415,2.9425,4
2026-07-23 10:15:00,2.937,2.938,2.9365,2.9375,2.942,2.943,2.941,2.9425,5
2026-07-23 10:16:00,2.937,2.938,2.936,2.9375,2.943,2.944,2.943,2.943,9
2026-07-23 10:17:00,2.938,2.939,2.938,2.938,2.942,2.942,2.942,2.942,9
2026-07-23 10:18:00,2.937,2.937,2.937,2.937,2.943,2.943,2.941,2.941,1
2026-07-23 10:19:00,2.938,2.938,2.936,2.936,2.94,2.941,2.94,2.9405,6
2026-07-23 10:20:00,2.935,2.936,2.935,2.9355,2.941,2.941,2.941,2.941,8
2026-07-23 10:21:00,2.936,2.936,2.936,2.936,2.94,2.941,2.94,2.94,1
2026-07-23 10:24:00,2.935,2.936,2.935,2.935,2.939,2.94,2.939,2.939,5
2026-07-23 10:25:00,2.934,2.935,2.934,2.934,2.9385,2.94,2.938,2.938,4
2026-07-23 10:26:00,2.9335,2.935,2.933,2.933,2.939,2.941,2.938,2.938,10
2026-07-23 10:27:00,2.934,2.936,2.933,2.933,2.937,2.938,2.937,2.937,15
2026-07-23 10:28:00,2.932,2.933,2.932,2.932,2.936,2.937,2.936,2.936,3
2026-07-23 10:29:00,2.931,2.932,2.931,2.931,2.937,2.937,2.937,2.937,9
2026-07-23 10:30:00,2.932,2.932,2.932,2.932,2.938,2.938,2.937,2.937,1
2026-07-23 10:31:00,2.933,2.933,2.932,2.932,2.9375,2.939,2.937,2.938,2
2026-07-23 10:32:00,2.9325,2.934,2.932,2.933,2.939,2.939,2.9385,2.939,7
2026-07-23 10:33:00,2.934,2.934,2.9335,2.934,2.9395,2.9395,2.9395,2.9395,3
2026-07-23 10:35:00,2.9345,2.9345,2.9345,2.9345,2.939,2.94,2.939,2.939,1
2026-07-23 10:36:00,2.934,2.935,2.934,2.934,2.9385,2.939,2.9385,2.939,5
2026-07-23 10:37:00,2.9335,2.934,2.9335,2.934,2.938,2.938,2.938,2.938,4
2026-07-23 10:39:00,2.933,2.933,2.933,2.933,2.9375,2.9375,2.935,2.937,1
2026-07-23 10:42:00,2.9325,2.9325,2.93,2.932,2.9365,2.9365,2.936,2.936,8
2026-07-23 10:43:00,2.9315,2.9315,2.931,2.931,2.9355,2.937,2.9355,2.9365,4
2026-07-23 10:44:00,2.9305,2.932,2.9305,2.9315,2.936,2.936,2.934,2.935,10
2026-07-23 10:45:00,2.931,2.931,2.929,2.93,2.9345,2.935,2.9335,2.934,5
2026-07-23 10:46:00,2.9295,2.93,2.9285,2.929,2.933,2.934,2.933,2.933,6
2026-07-23 10:47:00,2.928,2.929,2.928,2.928,2.932,2.932,2.931,2.932,7
2026-07-23 10:48:00,2.927,2.927,2.926,2.927,2.931,2.932,2.93,2.93,7
2026-07-23 10:49:00,2.926,2.927,2.925,2.925,2.9295,2.93,2.928,2.928,10
2026-07-23 10:50:00,2.9245,2.925,2.923,2.923,2.9275,2.9275,2.925,2.925,6
2026-07-23 10:54:00,2.9225,2.9225,2.92,2.92,2.926,2.926,2.926,2.926,4
2026-07-23 10:55:00,2.921,2.921,2.921,2.921,2.925,2.926,2.925,2.9255,1
2026-07-23 10:56:00,2.92,2.921,2.92,2.9205,2.925,2.927,2.925,2.927,7
2026-07-23 10:57:00,2.92,2.922,2.92,2.922,2.9265,2.9285,2.9265,2.928,8
2026-07-23 10:58:00,2.9215,2.9235,2.9215,2.923,2.9285,2.9285,2.926,2.926,5
2026-07-23 10:59:00,2.9235,2.9235,2.921,2.921,2.9265,2.927,2.926,2.926,6
2026-07-23 11:01:00,2.9215,2.922,2.921,2.921,2.925,2.926,2.923,2.925,8
2026-07-23 11:02:00,2.92,2.921,2.918,2.92,2.9245,2.925,2.92,2.921,10
2026-07-23 11:03:00,2.9195,2.92,2.915,2.916,2.922,2.922,2.922,2.922,30
2026-07-23 11:04:00,2.917,2.917,2.917,2.917,2.923,2.924,2.923,2.924,1
2026-07-23 11:05:00,2.918,2.919,2.918,2.919,2.925,2.925,2.925,2.925,10
2026-07-23 11:06:00,2.92,2.92,2.92,2.92,2.926,2.927,2.925,2.9265,1
2026-07-23 11:07:00,2.921,2.922,2.92,2.9215,2.926,2.926,2.926,2.926,8
2026-07-23 11:08:00,2.921,2.921,2.921,2.921,2.927,2.927,2.926,2.9265,1
2026-07-23 11:09:00,2.922,2.922,2.921,2.9215,2.927,2.927,2.925,2.9255,5
2026-07-23 11:10:00,2.922,2.922,2.92,2.9205,2.925,2.926,2.925,2.925,5
2026-07-23 11:11:00,2.92,2.921,2.92,2.92,2.926,2.927,2.9255,2.927,4
2026-07-23 11:12:00,2.921,2.922,2.9205,2.922,2.9275,2.9275,2.927,2.927,4
2026-07-23 11:13:00,2.9225,2.9225,2.922,2.922,2.928,2.928,2.927,2.927,2
2026-07-23 11:14:00,2.923,2.923,2.922,2.922,2.926,2.927,2.926,2.927,6
2026-07-23 11:15:00,2.921,2.922,2.921,2.922,2.928,2.928,2.927,2.928,8
2026-07-23 11:16:00,2.923,2.923,2.922,2.923,2.927,2.928,2.926,2.927,18
2026-07-23 11:17:00,2.922,2.923,2.921,2.922,2.9265,2.927,2.925,2.926,16
2026-07-23 11:18:00,2.9215,2.922,2.92,2.921,2.9255,2.9265,2.925,2.9265,8
2026-07-23 11:19:00,2.9205,2.9215,2.92,2.9215,2.926,2.9265,2.926,2.926,5
2026-07-23 11:20:00,2.921,2.9215,2.921,2.921,2.927,2.927,2.926,2.927,3
2026-07-23 11:21:00,2.922,2.922,2.921,2.922,2.9265,2.9265,2.9265,2.9265,5
2026-07-23 11:22:00,2.9215,2.9215,2.9215,2.9215,2.927,2.928,2.927,2.928,1
2026-07-23 11:23:00,2.922,2.923,2.922,2.923,2.929,2.929,2.928,2.928,6
2026-07-23 11:24:00,2.924,2.924,2.923,2.923,2.927,2.927,2.925,2.926,2
2026-07-23 11:25:00,2.922,2.922,2.92,2.921,2.925,2.926,2.925,2.926,7
2026-07-23 11:28:00,2.92,2.921,2.92,2.921,2.9255,2.926,2.925,2.925,2
2026-07-23 11:29:00,2.9205,2.921,2.92,2.92,2.924,2.924,2.923,2.924,3
2026-07-23 11:30:00,2.919,2.919,2.918,2.919,2.925,2.925,2.924,2.924,5
2026-07-23 11:31:00,2.92,2.92,2.919,2.919,2.925,2.925,2.9225,2.923,3
2026-07-23 11:33:00,2.92,2.92,2.9175,2.918,2.9235,2.924,2.9235,2.924,6
2026-07-23 11:35:00,2.9185,2.919,2.9185,2.919,2.9245,2.926,2.9245,2.926,2
2026-07-23 11:37:00,2.9195,2.921,2.9195,2.921,2.925,2.9255,2.925,2.9255,6
2026-07-23 11:38:00,2.92,2.9205,2.92,2.9205,2.926,2.926,2.925,2.9255,6
2026-07-23 11:39:00,2.921,2.921,2.92,2.9205,2.925,2.926,2.925,2.925,7
2026-07-23 11:40:00,2.92,2.921,2.92,2.92,2.9255,2.926,2.9255,2.926,7
2026-07-23 11:41:00,2.9205,2.921,2.9205,2.921,2.9265,2.9265,2.926,2.926,2
2026-07-23 11:42:00,2.9215,2.9215,2.921,2.921,2.9265,2.9265,2.926,2.9265,2
2026-07-23 11:43:00,2.9215,2.9215,2.921,2.9215,2.926,2.928,2.926,2.928,5
2026-07-23 11:44:00,2.921,2.923,2.921,2.923,2.929,2.929,2.929,2.929,5
2026-07-23 11:45:00,2.924,2.924,2.924,2.924,2.93,2.933,2.929,2.932,1
2026-07-23 11:46:00,2.925,2.928,2.924,2.927,2.931,2.932,2.93,2.931,24
2026-07-23 11:47:00,2.926,2.927,2.925,2.926,2.9305,2.9325,2.93,2.9325,11
2026-07-23 11:48:00,2.9255,2.9275,2.925,2.9275,2.932,2.932,2.9315,2.932,5
2026-07-23 11:49:00,2.927,2.927,2.9265,2.927,2.9315,2.933,2.9315,2.9325,5
2026-07-23 11:50:00,2.9265,2.928,2.9265,2.9275,2.932,2.933,2.931,2.931,9
2026-07-23 11:51:00,2.927,2.928,2.926,2.926,2.932,2.932,2.931,2.932,15
2026-07-23 11:52:00,2.927,2.927,2.926,2.927,2.9315,2.934,2.9315,2.9335,15
2026-07-23 11:53:00,2.9265,2.929,2.9265,2.9285,2.933,2.934,2.933,2.933,5
2026-07-23 11:54:00,2.928,2.929,2.928,2.928,2.932,2.932,2.932,2.932,24
2026-07-23 11:55:00,2.927,2.927,2.927,2.927,2.931,2.933,2.931,2.9325,1
2026-07-23 11:56:00,2.926,2.928,2.926,2.9275,2.933,2.933,2.9325,2.933,10
2026-07-23 11:57:00,2.928,2.928,2.9275,2.928,2.9325,2.933,2.9325,2.933,7
2026-07-23 11:58:00,2.9275,2.928,2.9275,2.928,2.9325,2.933,2.931,2.931,6
2026-07-23 11:59:00,2.9275,2.928,2.926,2.926,2.932,2.932,2.93,2.9305,15
2026-07-23 12:00:00,2.927,2.927,2.925,2.9255,2.93,2.932,2.929,2.9295,9
2026-07-23 12:01:00,2.925,2.927,2.924,2.9245,2.93,2.93,2.9295,2.93,18
2026-07-23 12:02:00,2.925,2.925,2.9245,2.925,2.9295,2.93,2.929,2.929,5
2026-07-23 12:03:00,2.9245,2.925,2.924,2.924,2.928,2.929,2.928,2.928,5
2026-07-23 12:07:00,2.923,2.924,2.923,2.923,2.9285,2.9285,2.928,2.928,5
2026-07-23 12:08:00,2.9235,2.9235,2.923,2.923,2.927,2.928,2.927,2.927,4
2026-07-23 12:09:00,2.922,2.923,2.922,2.922,2.9275,2.928,2.925,2.926,12
2026-07-23 12:10:00,2.9225,2.923,2.92,2.921,2.9265,2.927,2.9265,2.927,14
2026-07-23 12:11:00,2.9215,2.922,2.9215,2.922,2.9255,2.9255,2.9235,2.924,2
2026-07-23 12:14:00,2.9205,2.9205,2.9185,2.919,2.9245,2.925,2.924,2.9245,8
2026-07-23 12:15:00,2.9195,2.92,2.919,2.9195,2.925,2.926,2.925,2.926,9
2026-07-23 12:16:00,2.92,2.921,2.92,2.921,2.927,2.929,2.927,2.928,6
2026-07-23 12:17:00,2.922,2.924,2.922,2.923,2.9285,2.929,2.928,2.928,8
2026-07-23 12:18:00,2.9235,2.924,2.923,2.923,2.929,2.929,2.929,2.929,5
2026-07-23 12:19:00,2.924,2.924,2.924,2.924,2.9295,2.93,2.929,2.9295,1
2026-07-23 12:21:00,2.9245,2.925,2.924,2.9245,2.931,2.934,2.931,2.9315,9
2026-07-23 12:22:00,2.926,2.929,2.926,2.9265,2.931,2.932,2.931,2.932,16
2026-07-23 12:23:00,2.926,2.927,2.926,2.927,2.9315,2.932,2.9315,2.932,2
2026-07-23 12:24:00,2.9265,2.927,2.9265,2.927,2.9325,2.933,2.9325,2.933,4
2026-07-23 12:25:00,2.9275,2.928,2.9275,2.928,2.932,2.933,2.932,2.933,2
2026-07-23 12:26:00,2.927,2.928,2.927,2.928,2.932,2.932,2.931,2.931,4
2026-07-23 12:27:00,2.927,2.927,2.926,2.926,2.932,2.932,2.931,2.931,5
2026-07-23 12:28:00,2.927,2.927,2.926,2.926,2.9325,2.936,2.9325,2.936,3
2026-07-23 12:30:00,2.9275,2.931,2.9275,2.931,2.9365,2.938,2.936,2.937,12
2026-07-23 12:31:00,2.9315,2.933,2.931,2.932,2.936,2.936,2.935,2.9355,6
2026-07-23 12:32:00,2.931,2.931,2.93,2.9305,2.936,2.936,2.935,2.9355,12
2026-07-23 12:33:00,2.931,2.931,2.93,2.9305,2.935,2.936,2.935,2.936,4
2026-07-23 12:34:00,2.93,2.931,2.93,2.931,2.937,2.937,2.936,2.9365,2
2026-07-23 12:35:00,2.932,2.932,2.931,2.9315,2.937,2.938,2.937,2.937,4
2026-07-23 12:36:00,2.932,2.933,2.932,2.932,2.936,2.936,2.935,2.936,11
2026-07-23 12:37:00,2.931,2.931,2.93,2.931,2.9355,2.9355,2.9355,2.9355,3
2026-07-23 12:38:00,2.9305,2.9305,2.9305,2.9305,2.936,2.936,2.936,2.936,1
2026-07-23 12:39:00,2.931,2.931,2.931,2.931,2.935,2.936,2.935,2.9355,1
2026-07-23 12:40:00,2.93,2.931,2.93,2.9305,2.935,2.935,2.935,2.935,4
2026-07-23 12:41:00,2.93,2.93,2.93,2.93,2.934,2.934,2.933,2.933,1
2026-07-23 12:42:00,2.929,2.929,2.928,2.928,2.934,2.934,2.934,2.934,2
2026-07-23 12:43:00,2.929,2.929,2.929,2.929,2.935,2.936,2.935,2.936,1
2026-07-23 12:44:00,2.93,2.931,2.93,2.931,2.9355,2.936,2.9355,2.936,3
2026-07-23 12:45:00,2.9305,2.931,2.9305,2.931,2.937,2.939,2.937,2.939,2
2026-07-23 12:46:00,2.932,2.934,2.932,2.934,2.9385,2.939,2.9385,2.939,3
2026-07-23 12:47:00,2.9335,2.934,2.9335,2.934,2.938,2.938,2.937,2.938,2
2026-07-23 12:48:00,2.933,2.933,2.932,2.933,2.9375,2.938,2.9375,2.938,9
2026-07-23 12:49:00,2.9325,2.933,2.9325,2.933,2.939,2.942,2.939,2.941,2
2026-07-23 12:50:00,2.934,2.937,2.934,2.936,2.94,2.94,2.94,2.94,6
2026-07-23 12:51:00,2.935,2.935,2.935,2.935,2.939,2.939,2.939,2.939,1
2026-07-23 12:52:00,2.934,2.934,2.934,2.934,2.94,2.941,2.94,2.941,1
2026-07-23 12:53:00,2.935,2.936,2.935,2.936,2.94,2.943,2.94,2.943,2
2026-07-23 12:54:00,2.935,2.938,2.935,2.938,2.944,2.944,2.942,2.942,9
2026-07-23 12:55:00,2.939,2.939,2.937,2.937,2.943,2.944,2.943,2.9435,5
2026-07-23 12:56:00,2.938,2.939,2.938,2.9385,2.943,2.943,2.942,2.943,7
2026-07-23 12:57:00,2.938,2.938,2.937,2.938,2.944,2.944,2.943,2.943,7
2026-07-23 12:58:00,2.939,2.939,2.938,2.938,2.9435,2.944,2.943,2.943,7
2026-07-23 12:59:00,2.9385,2.939,2.938,2.938,2.942,2.943,2.94,2.941,3
2026-07-23 13:00:00,2.937,2.938,2.935,2.936,2.9405,2.944,2.9405,2.944,9
2026-07-23 13:01:00,2.9355,2.939,2.9355,2.939,2.9435,2.9435,2.941,2.9415,7
2026-07-23 13:03:00,2.9385,2.9385,2.936,2.9365,2.941,2.942,2.941,2.941,5
2026-07-23 13:04:00,2.936,2.937,2.936,2.936,2.94,2.943,2.94,2.942,11
2026-07-23 13:05:00,2.935,2.938,2.935,2.937,2.941,2.941,2.94,2.941,8
2026-07-23 13:06:00,2.936,2.936,2.935,2.936,2.942,2.942,2.942,2.942,5
2026-07-23 13:07:00,2.937,2.937,2.937,2.937,2.941,2.941,2.939,2.939,1
2026-07-23 13:08:00,2.936,2.936,2.934,2.934,2.9385,2.9385,2.933,2.934,9
2026-07-23 13:09:00,2.9335,2.9335,2.928,2.929,2.933,2.934,2.9285,2.9295,16
2026-07-23 13:10:00,2.928,2.929,2.9235,2.9245,2.93,2.93,2.928,2.929,24
2026-07-23 13:11:00,2.925,2.925,2.923,2.924,2.928,2.929,2.927,2.9285,21
2026-07-23 13:12:00,2.923,2.924,2.922,2.9235,2.929,2.931,2.929,2.9305,25
2026-07-23 13:13:00,2.924,2.926,2.924,2.9255,2.93,2.931,2.929,2.93,25
2026-07-23 13:14:00,2.925,2.926,2.924,2.925,2.929,2.93,2.928,2.928,28
2026-07-23 13:15:00,2.924,2.925,2.923,2.923,2.927,2.929,2.927,2.929,22
2026-07-23 13:16:00,2.922,2.924,2.922,2.924,2.93,2.931,2.93,2.931,5
2026-07-23 13:17:00,2.925,2.926,2.925,2.926,2.93,2.93,2.929,2.929,5
2026-07-23 13:18:00,2.925,2.925,2.924,2.924,2.93,2.932,2.93,2.932,2
2026-07-23 13:19:00,2.925,2.927,2.925,2.927,2.931,2.932,2.931,2.932,3
2026-07-23 13:21:00,2.926,2.927,2.926,2.927,2.9315,2.932,2.9315,2.932,7
2026-07-23 13:22:00,2.9265,2.927,2.9265,2.927,2.9315,2.932,2.93,2.93,2
2026-07-23 13:23:00,2.9265,2.927,2.925,2.925,2.929,2.932,2.929,2.929,9
2026-07-23 13:24:00,2.924,2.927,2.924,2.924,2.9285,2.93,2.9285,2.93,14
2026-07-23 13:25:00,2.9235,2.925,2.9235,2.925,2.931,2.933,2.931,2.932,7
2026-07-23 13:26:00,2.926,2.928,2.926,2.927,2.933,2.933,2.932,2.9325,4
2026-07-23 13:27:00,2.928,2.928,2.927,2.9275,2.932,2.9325,2.932,2.9325,5
2026-07-23 13:28:00,2.927,2.9275,2.927,2.9275,2.932,2.933,2.932,2.933,4
2026-07-23 13:29:00,2.927,2.928,2.927,2.928,2.932,2.933,2.932,2.932,3
2026-07-23 13:30:00,2.927,2.928,2.927,2.927,2.931,2.931,2.9275,2.928,10
2026-07-23 13:31:00,2.926,2.926,2.9225,2.923,2.9285,2.9285,2.925,2.925,11
2026-07-23 13:32:00,2.9235,2.9235,2.92,2.92,2.926,2.926,2.925,2.926,19
2026-07-23 13:33:00,2.921,2.921,2.92,2.921,2.927,2.927,2.927,2.927,8
2026-07-23 13:34:00,2.922,2.922,2.922,2.922,2.928,2.928,2.9265,2.927,1
2026-07-23 13:35:00,2.923,2.923,2.9215,2.922,2.926,2.928,2.926,2.928,6
2026-07-23 13:36:00,2.921,2.923,2.921,2.923,2.929,2.9315,2.9275,2.931,10
2026-07-23 13:37:00,2.924,2.9265,2.9225,2.926,2.93,2.93,2.927,2.929,18
2026-07-23 13:38:00,2.925,2.925,2.922,2.924,2.93,2.93,2.93,2.93,17
2026-07-23 13:39:00,2.925,2.925,2.925,2.925,2.931,2.934,2.931,2.933,1
2026-07-23 13:40:00,2.926,2.929,2.926,2.928,2.934,2.934,2.93,2.931,6
2026-07-23 13:41:00,2.929,2.929,2.925,2.926,2.9305,2.931,2.929,2.929,18
2026-07-23 13:42:00,2.9255,2.926,2.924,2.924,2.928,2.93,2.928,2.93,5
2026-07-23 13:43:00,2.923,2.925,2.923,2.925,2.931,2.938,2.93,2.938,3
2026-07-23 13:44:00,2.926,2.933,2.925,2.933,2.937,2.937,2.936,2.936,17
2026-07-23 13:45:00,2.932,2.932,2.931,2.931,2.935,2.939,2.933,2.938,7
2026-07-23 13:46:00,2.93,2.934,2.928,2.933,2.939,2.94,2.937,2.9375,16
2026-07-23 13:47:00,2.934,2.935,2.932,2.9325,2.937,2.937,2.936,2.936,11
2026-07-23 13:48:00,2.932,2.932,2.931,2.931,2.935,2.935,2.9325,2.933,5
2026-07-23 13:50:00,2.93,2.93,2.9275,2.928,2.9325,2.934,2.932,2.934,14
2026-07-23 13:51:00,2.9275,2.929,2.927,2.929,2.933,2.936,2.932,2.934,11
2026-07-23 13:52:00,2.928,2.931,2.927,2.929,2.9335,2.937,2.933,2.936,25
2026-07-23 13:53:00,2.9285,2.932,2.928,2.931,2.935,2.935,2.933,2.933,10
2026-07-23 13:54:00,2.93,2.93,2.928,2.928,2.9325,2.934,2.932,2.934,3
2026-07-23 13:55:00,2.9275,2.929,2.927,2.929,2.933,2.934,2.929,2.931,12
2026-07-23 13:56:00,2.928,2.929,2.924,2.926,2.932,2.933,2.9305,2.9305,18
2026-07-23 13:57:00,2.927,2.928,2.9255,2.9255,2.931,2.932,2.93,2.931,8
2026-07-23 13:58:00,2.926,2.927,2.925,2.926,2.932,2.932,2.927,2.9305,9
2026-07-23 13:59:00,2.927,2.927,2.922,2.9255,2.931,2.934,2.93,2.9335,29
2026-07-23 14:00:00,2.926,2.929,2.925,2.9285,2.933,2.934,2.932,2.932,43
2026-07-23 14:01:00,2.928,2.929,2.927,2.927,2.9315,2.932,2.929,2.93,14
2026-07-23 14:02:00,2.9265,2.927,2.924,2.925,2.9295,2.933,2.927,2.933,30
2026-07-23 14:03:00,2.9245,2.928,2.922,2.928,2.934,2.936,2.933,2.936,19
2026-07-23 14:04:00,2.929,2.931,2.928,2.931,2.937,2.938,2.934,2.936,14
2026-07-23 14:05:00,2.932,2.933,2.929,2.931,2.935,2.939,2.935,2.939,17
2026-07-23 14:06:00,2.93,2.934,2.93,2.934,2.938,2.94,2.938,2.939,16
2026-07-23 14:07:00,2.933,2.935,2.933,2.934,2.94,2.94,2.935,2.936,11
2026-07-23 14:08:00,2.935,2.935,2.93,2.931,2.9355,2.939,2.935,2.939,12
2026-07-23 14:09:00,2.9305,2.934,2.93,2.934,2.9385,2.942,2.938,2.9415,22
2026-07-23 14:10:00,2.9335,2.937,2.933,2.9365,2.941,2.943,2.941,2.943,25
2026-07-23 14:11:00,2.936,2.938,2.936,2.938,2.9425,2.944,2.942,2.943,56
2026-07-23 14:12:00,2.9375,2.939,2.937,2.938,2.9435,2.947,2.943,2.946,27
2026-07-23 14:13:00,2.9385,2.942,2.938,2.941,2.9465,2.947,2.9455,2.946,40
2026-07-23 14:14:00,2.9415,2.942,2.9405,2.941,2.945,2.945,2.934,2.9365,15
2026-07-23 14:15:00,2.94,2.94,2.929,2.9315,2.936,2.94,2.9345,2.9395,33
2026-07-23 14:16:00,2.931,2.935,2.9295,2.9345,2.94,2.9405,2.924,2.927,26
2026-07-23 14:17:00,2.935,2.9355,2.919,2.922,2.9265,2.9315,2.921,2.927,80
2026-07-23 14:18:00,2.9215,2.9265,2.916,2.922,2.9275,2.93,2.924,2.928,141
2026-07-23 14:19:00,2.9225,2.925,2.919,2.923,2.927,2.933,2.927,2.933,51
2026-07-23 14:20:00,2.922,2.928,2.922,2.928,2.9335,2.9445,2.933,2.9435,35
2026-07-23 14:21:00,2.9285,2.9395,2.928,2.9385,2.9455,2.951,2.943,2.9475,61
2026-07-23 14:22:00,2.9405,2.946,2.938,2.9425,2.947,2.9535,2.947,2.953,79
2026-07-23 14:23:00,2.942,2.9485,2.942,2.948,2.954,2.956,2.952,2.952,56
2026-07-23 14:24:00,2.949,2.951,2.947,2.947,2.951,2.958,2.95,2.9565,43
2026-07-23 14:25:00,2.946,2.953,2.945,2.9515,2.957,2.9615,2.9565,2.9575,63
2026-07-23 14:26:00,2.952,2.9565,2.9515,2.9525,2.957,2.96,2.957,2.958,48
2026-07-23 14:27:00,2.952,2.955,2.952,2.953,2.9585,2.964,2.9585,2.963,37
2026-07-23 14:28:00,2.9535,2.959,2.9535,2.958,2.962,2.964,2.962,2.9625,34
2026-07-23 14:29:00,2.957,2.959,2.957,2.9575,2.9635,2.966,2.961,2.961,30
2026-07-23 14:30:00,2.9585,2.961,2.956,2.956,2.96,2.9605,2.956,2.959,52
2026-07-23 14:31:00,2.955,2.9555,2.951,2.954,2.958,2.965,2.957,2.9645,45
2026-07-23 14:32:00,2.953,2.96,2.952,2.9595,2.965,2.9715,2.9645,2.971,41
2026-07-23 14:33:00,2.96,2.9665,2.9595,2.966,2.97,2.972,2.969,2.97,74
2026-07-23 14:34:00,2.965,2.967,2.964,2.965,2.9705,2.971,2.967,2.9685,41
2026-07-23 14:35:00,2.9655,2.966,2.962,2.9635,2.969,2.971,2.969,2.97,35
2026-07-23 14:36:00,2.964,2.966,2.964,2.965,2.969,2.972,2.969,2.971,25
2026-07-23 14:37:00,2.964,2.967,2.964,2.966,2.9715,2.972,2.97,2.9705,40
2026-07-23 14:38:00,2.9665,2.967,2.965,2.9655,2.97,2.972,2.97,2.971,26
2026-07-23 14:39:00,2.965,2.967,2.965,2.966,2.9715,2.972,2.97,2.97,16
2026-07-23 14:40:00,2.9665,2.967,2.965,2.965,2.9695,2.971,2.969,2.97,30
2026-07-23 14:41:00,2.9645,2.966,2.964,2.965,2.971,2.9715,2.963,2.967,24
2026-07-23 14:42:00,2.966,2.9665,2.958,2.962,2.966,2.968,2.964,2.9645,24
2026-07-23 14:43:00,2.961,2.963,2.959,2.9595,2.964,2.965,2.962,2.963,30
2026-07-23 14:44:00,2.959,2.96,2.957,2.958,2.964,2.964,2.961,2.961,35
2026-07-23 14:45:00,2.959,2.959,2.956,2.956,2.96,2.9635,2.96,2.9635,15
2026-07-23 14:46:00,2.955,2.9585,2.955,2.9585,2.964,2.966,2.963,2.9655,12
2026-07-23 14:47:00,2.959,2.961,2.958,2.9605,2.965,2.966,2.962,2.9655,15
2026-07-23 14:48:00,2.96,2.961,2.957,2.9605,2.966,2.97,2.9655,2.969,30
2026-07-23 14:49:00,2.961,2.965,2.9605,2.964,2.9695,2.971,2.968,2.9685,28
2026-07-23 14:50:00,2.9645,2.966,2.963,2.9635,2.969,2.969,2.968,2.969,24
2026-07-23 14:51:00,2.964,2.964,2.963,2.964,2.968,2.97,2.967,2.968,15
2026-07-23 14:52:00,2.963,2.965,2.962,2.963,2.969,2.971,2.969,2.97,16
2026-07-23 14:53:00,2.964,2.966,2.964,2.965,2.969,2.97,2.969,2.969,25
2026-07-23 14:54:00,2.964,2.965,2.964,2.964,2.968,2.9695,2.963,2.965,12
2026-07-23 14:55:00,2.963,2.9645,2.958,2.96,2.966,2.967,2.96,2.963,23
2026-07-23 14:56:00,2.961,2.962,2.955,2.958,2.964,2.964,2.963,2.964,49
2026-07-23 14:57:00,2.959,2.959,2.958,2.959,2.963,2.964,2.961,2.962,13
2026-07-23 14:58:00,2.958,2.959,2.956,2.957,2.963,2.965,2.949,2.949,16
2026-07-23 14:59:00,2.958,2.96,2.944,2.944,2.95,2.958,2.95,2.954,78
2026-07-23 15:00:00,2.945,2.953,2.945,2.949,2.955,2.955,2.95,2.953,101
2026-07-23 15:01:00,2.95,2.95,2.945,2.948,2.952,2.953,2.95,2.953,41
2026-07-23 15:02:00,2.947,2.948,2.945,2.948,2.954,2.954,2.943,2.9445,20
2026-07-23 15:03:00,2.949,2.949,2.938,2.9395,2.945,2.953,2.944,2.953,112
2026-07-23 15:04:00,2.94,2.948,2.939,2.948,2.952,2.955,2.951,2.952,58
2026-07-23 15:05:00,2.947,2.95,2.946,2.947,2.951,2.954,2.95,2.952,26
2026-07-23 15:06:00,2.946,2.949,2.945,2.947,2.951,2.951,2.947,2.948,18
2026-07-23 15:07:00,2.946,2.946,2.942,2.943,2.947,2.947,2.944,2.947,35
2026-07-23 15:08:00,2.942,2.942,2.939,2.942,2.946,2.95,2.946,2.95,17
2026-07-23 15:09:00,2.941,2.945,2.941,2.945,2.949,2.95,2.944,2.945,21
2026-07-23 15:10:00,2.944,2.945,2.939,2.94,2.9455,2.947,2.945,2.945,55
2026-07-23 15:11:00,2.9405,2.942,2.94,2.94,2.946,2.948,2.945,2.945,19
2026-07-23 15:12:00,2.941,2.943,2.94,2.94,2.944,2.945,2.943,2.944,34
2026-07-23 15:13:00,2.939,2.94,2.938,2.939,2.9445,2.948,2.944,2.947,35
2026-07-23 15:14:00,2.9395,2.943,2.939,2.942,2.946,2.947,2.938,2.94,36
2026-07-23 15:15:00,2.941,2.942,2.933,2.935,2.939,2.941,2.935,2.935,48
2026-07-23 15:16:00,2.934,2.936,2.93,2.93,2.936,2.936,2.93,2.933,64
2026-07-23 15:17:00,2.931,2.931,2.925,2.928,2.9325,2.937,2.9325,2.937,55
2026-07-23 15:18:00,2.9275,2.932,2.9275,2.932,2.936,2.937,2.935,2.935,28
2026-07-23 15:19:00,2.931,2.932,2.93,2.93,2.934,2.935,2.929,2.931,22
2026-07-23 15:20:00,2.929,2.93,2.924,2.926,2.93,2.933,2.928,2.929,57
2026-07-23 15:21:00,2.925,2.928,2.923,2.924,2.93,2.931,2.929,2.931,46
2026-07-23 15:22:00,2.925,2.926,2.924,2.926,2.932,2.932,2.928,2.93,30
2026-07-23 15:23:00,2.927,2.927,2.923,2.925,2.9295,2.93,2.926,2.928,36
2026-07-23 15:24:00,2.9245,2.925,2.921,2.923,2.927,2.928,2.92,2.921,50
2026-07-23 15:25:00,2.922,2.923,2.915,2.916,2.922,2.923,2.918,2.922,64
2026-07-23 15:26:00,2.917,2.918,2.913,2.917,2.921,2.921,2.92,2.9205,40
2026-07-23 15:27:00,2.916,2.916,2.915,2.9155,2.92,2.924,2.92,2.9215,22
2026-07-23 15:28:00,2.915,2.919,2.915,2.9165,2.921,2.926,2.921,2.924,41
2026-07-23 15:29:00,2.916,2.921,2.916,2.919,2.9245,2.925,2.922,2.922,26
2026-07-23 15:30:00,2.9195,2.92,2.917,2.917,2.9225,2.924,2.921,2.924,41
2026-07-23 15:31:00,2.9175,2.919,2.916,2.919,2.925,2.925,2.9165,2.917,39
2026-07-23 15:32:00,2.92,2.92,2.9115,2.912,2.918,2.918,2.9115,2.913,30
2026-07-23 15:33:00,2.913,2.913,2.9065,2.908,2.9135,2.917,2.9135,2.9155,49
2026-07-23 15:34:00,2.9085,2.912,2.9085,2.9105,2.916,2.916,2.913,2.913,24
2026-07-23 15:35:00,2.911,2.911,2.908,2.908,2.914,2.918,2.914,2.916,12
2026-07-23 15:36:00,2.91,2.913,2.91,2.911,2.9165,2.918,2.915,2.918,16
2026-07-23 15:37:00,2.9115,2.913,2.91,2.913,2.917,2.92,2.917,2.92,46
2026-07-23 15:38:00,2.912,2.915,2.912,2.915,2.9195,2.92,2.917,2.917,30
2026-07-23 15:39:00,2.9145,2.915,2.912,2.912,2.916,2.917,2.915,2.917,68
2026-07-23 15:40:00,2.911,2.912,2.91,2.912,2.916,2.916,2.913,2.915,66
2026-07-23 15:41:00,2.911,2.911,2.908,2.91,2.914,2.917,2.914,2.915,76
2026-07-23 15:42:00,2.909,2.912,2.909,2.91,2.916,2.917,2.915,2.917,36
2026-07-23 15:43:00,2.911,2.912,2.91,2.912,2.916,2.916,2.913,2.914,25
2026-07-23 15:44:00,2.911,2.911,2.908,2.909,2.915,2.915,2.913,2.914,15
2026-07-23 15:45:00,2.91,2.91,2.908,2.909,2.915,2.921,2.915,2.92,18
2026-07-23 15:46:00,2.91,2.916,2.91,2.915,2.918,2.919,2.918,2.918,17
2026-07-23 15:47:00,2.914,2.914,2.913,2.913,2.919,2.919,2.917,2.9175,20
2026-07-23 15:48:00,2.914,2.914,2.912,2.9125,2.917,2.918,2.916,2.917,12
2026-07-23 15:49:00,2.9125,2.913,2.911,2.912,2.916,2.9195,2.916,2.919,7
2026-07-23 15:50:00,2.911,2.9145,2.911,2.914,2.918,2.918,2.916,2.9165,16
2026-07-23 15:51:00,2.912,2.913,2.911,2.9115,2.9165,2.917,2.915,2.915,8
2026-07-23 15:52:00,2.9115,2.912,2.91,2.911,2.915,2.916,2.915,2.9155,18
2026-07-23 15:53:00,2.91,2.911,2.91,2.9105,2.915,2.917,2.915,2.917,11
2026-07-23 15:54:00,2.91,2.913,2.91,2.912,2.918,2.918,2.918,2.918,22
2026-07-23 15:55:00,2.913,2.913,2.913,2.913,2.917,2.918,2.917,2.917,2
2026-07-23 15:56:00,2.912,2.913,2.912,2.912,2.9175,2.918,2.915,2.918,14
2026-07-23 15:57:00,2.9125,2.913,2.91,2.913,2.9175,2.918,2.917,2.918,62
2026-07-23 15:58:00,2.9125,2.913,2.912,2.913,2.9185,2.919,2.916,2.916,6
2026-07-23 15:59:00,2.9135,2.914,2.911,2.911,2.9155,2.916,2.913,2.916,14
2026-07-23 16:00:00,2.91,2.911,2.908,2.911,2.915,2.916,2.915,2.916,38
2026-07-23 16:01:00,2.912,2.912,2.91,2.911,2.918,2.918,2.917,2.917,12
2026-07-23 16:02:00,2.913,2.913,2.912,2.912,2.917,2.919,2.916,2.916,8
2026-07-23 16:03:00,2.912,2.914,2.911,2.911,2.915,2.916,2.913,2.916,20
2026-07-23 16:04:00,2.91,2.911,2.908,2.911,2.917,2.917,2.916,2.917,24
2026-07-23 16:05:00,2.9115,2.913,2.911,2.912,2.92,2.9225,2.919,2.922,20
2026-07-23 16:06:00,2.915,2.9175,2.914,2.917,2.92,2.922,2.9195,2.92,24
2026-07-23 16:07:00,2.916,2.917,2.914,2.915,2.921,2.923,2.92,2.923,28
2026-07-23 16:08:00,2.916,2.918,2.915,2.918,2.922,2.923,2.922,2.922,38
2026-07-23 16:09:00,2.917,2.918,2.917,2.917,2.921,2.925,2.921,2.924,4
2026-07-23 16:10:00,2.919,2.92,2.917,2.919,2.924,2.924,2.922,2.923,19
2026-07-23 16:12:00,2.919,2.919,2.917,2.918,2.922,2.9235,2.92,2.92,8
2026-07-23 16:13:00,2.917,2.9185,2.915,2.915,2.9205,2.9205,2.917,2.9185,19
2026-07-23 16:14:00,2.9155,2.916,2.912,2.9135,2.918,2.918,2.915,2.915,19
2026-07-23 16:15:00,2.9105,2.9105,2.908,2.91,2.915,2.915,2.914,2.914,11
2026-07-23 16:16:00,2.909,2.9105,2.909,2.909,2.913,2.914,2.911,2.912,16
2026-07-23 16:17:00,2.908,2.909,2.907,2.907,2.913,2.913,2.911,2.912,18
2026-07-23 16:18:00,2.9075,2.9075,2.906,2.907,2.912,2.913,2.9115,2.912,9
2026-07-23 16:19:00,2.907,2.908,2.9065,2.907,2.9115,2.9155,2.91,2.915,17
2026-07-23 16:20:00,2.9065,2.9105,2.905,2.91,2.9165,2.917,2.916,2.917,30
2026-07-23 16:21:00,2.9105,2.912,2.9105,2.912,2.916,2.917,2.915,2.915,8
2026-07-23 16:22:00,2.911,2.911,2.91,2.91,2.918,2.919,2.918,2.9185,3
2026-07-23 16:23:00,2.912,2.913,2.912,2.913,2.918,2.919,2.918,2.919,2
2026-07-23 16:24:00,2.913,2.914,2.913,2.914,2.92,2.92,2.916,2.917,11
2026-07-23 16:25:00,2.915,2.915,2.911,2.912,2.916,2.917,2.9135,2.915,15
2026-07-23 16:26:00,2.911,2.912,2.9095,2.911,2.9155,2.916,2.911,2.9115,12
2026-07-23 16:27:00,2.9105,2.912,2.906,2.9065,2.9115,2.9145,2.909,2.9145,19
2026-07-23 16:28:00,2.9065,2.9095,2.904,2.9095,2.917,2.918,2.916,2.917,37
2026-07-23 16:29:00,2.91,2.913,2.91,2.912,2.922,2.933,2.9165,2.929,49
2026-07-23 16:30:00,2.917,2.928,2.9115,2.924,2.928,2.928,2.918,2.92,103
2026-07-23 16:31:00,2.923,2.923,2.9125,2.915,2.919,2.924,2.916,2.917,60
2026-07-23 16:32:00,2.914,2.916,2.911,2.9115,2.9175,2.919,2.914,2.917,22
2026-07-23 16:33:00,2.9125,2.914,2.909,2.912,2.918,2.92,2.9175,2.9185,42
2026-07-23 16:34:00,2.913,2.915,2.9125,2.9135,2.919,2.919,2.914,2.914,21
2026-07-23 16:35:00,2.913,2.915,2.909,2.909,2.9155,2.92,2.9155,2.9195,13
2026-07-23 16:36:00,2.91,2.915,2.91,2.9145,2.919,2.926,2.919,2.925,28
2026-07-23 16:37:00,2.914,2.921,2.914,2.92,2.925,2.929,2.924,2.928,19
2026-07-23 16:38:00,2.92,2.924,2.919,2.923,2.927,2.928,2.924,2.927,39
2026-07-23 16:39:00,2.922,2.925,2.919,2.924,2.928,2.929,2.9235,2.925,35
2026-07-23 16:40:00,2.923,2.9235,2.9185,2.92,2.924,2.925,2.923,2.925,20
2026-07-23 16:41:00,2.919,2.919,2.9165,2.917,2.9215,2.9235,2.9215,2.923,16
2026-07-23 16:42:00,2.9165,2.919,2.9165,2.919,2.923,2.928,2.923,2.927,7
2026-07-23 16:43:00,2.918,2.923,2.918,2.922,2.926,2.927,2.925,2.926,15
2026-07-23 16:44:00,2.921,2.922,2.92,2.921,2.9255,2.929,2.924,2.928,10
2026-07-23 16:45:00,2.9205,2.924,2.919,2.923,2.925,2.928,2.925,2.9275,35
2026-07-23 16:46:00,2.92,2.922,2.92,2.922,2.927,2.927,2.923,2.925,4
2026-07-23 16:47:00,2.922,2.922,2.918,2.919,2.925,2.925,2.921,2.921,16
2026-07-23 16:48:00,2.92,2.92,2.916,2.916,2.9205,2.921,2.9185,2.919,7
2026-07-23 16:49:00,2.9155,2.916,2.9135,2.914,2.92,2.925,2.919,2.925,15
2026-07-23 16:50:00,2.915,2.92,2.914,2.92,2.926,2.928,2.926,2.927,18
2026-07-23 16:51:00,2.923,2.923,2.921,2.922,2.9275,2.93,2.927,2.929,21
2026-07-23 16:52:00,2.9225,2.925,2.922,2.924,2.931,2.932,2.9275,2.929,15
2026-07-23 16:53:00,2.926,2.927,2.9225,2.924,2.928,2.931,2.927,2.9305,34
2026-07-23 16:54:00,2.923,2.926,2.922,2.9255,2.931,2.931,2.9285,2.93,16
2026-07-23 16:55:00,2.926,2.926,2.9235,2.925,2.929,2.931,2.927,2.927,24
2026-07-23 16:56:00,2.924,2.926,2.922,2.922,2.928,2.932,2.927,2.9315,28
2026-07-23 16:57:00,2.923,2.927,2.922,2.9265,2.932,2.9345,2.931,2.933,10
2026-07-23 16:58:00,2.926,2.9295,2.926,2.928,2.934,2.936,2.934,2.934,16
2026-07-23 16:59:00,2.929,2.931,2.929,2.929,2.935,2.936,2.931,2.932,25
2026-07-23 17:00:00,2.93,2.931,2.926,2.927,2.931,2.936,2.931,2.934,16
2026-07-23 17:01:00,2.926,2.931,2.926,2.929,2.935,2.937,2.935,2.937,12
2026-07-23 17:02:00,2.93,2.932,2.93,2.932,2.936,2.938,2.935,2.937,14
2026-07-23 17:03:00,2.931,2.933,2.93,2.932,2.9365,2.9365,2.935,2.935,16
2026-07-23 17:04:00,2.9315,2.9315,2.93,2.93,2.936,2.936,2.924,2.925,12
2026-07-23 17:05:00,2.931,2.931,2.919,2.92,2.9235,2.926,2.922,2.926,87
2026-07-23 17:06:00,2.9185,2.921,2.917,2.921,2.9255,2.926,2.9235,2.924,45
2026-07-23 17:07:00,2.9205,2.921,2.9175,2.919,2.9245,2.926,2.9245,2.925,36
2026-07-23 17:08:00,2.9195,2.921,2.9195,2.92,2.924,2.924,2.922,2.922,4
2026-07-23 17:09:00,2.919,2.919,2.917,2.918,2.9235,2.926,2.923,2.924,14
2026-07-23 17:10:00,2.9185,2.921,2.918,2.92,2.923,2.926,2.922,2.926,12
2026-07-23 17:11:00,2.918,2.921,2.917,2.921,2.9255,2.9335,2.924,2.933,9
2026-07-23 17:12:00,2.9205,2.9285,2.919,2.928,2.9335,2.934,2.931,2.934,45
2026-07-23 17:13:00,2.9285,2.929,2.926,2.929,2.933,2.935,2.933,2.933,17
2026-07-23 17:14:00,2.928,2.931,2.928,2.928,2.933,2.934,2.933,2.933,26
2026-07-23 17:15:00,2.928,2.929,2.928,2.928,2.934,2.937,2.934,2.936,5
2026-07-23 17:16:00,2.9315,2.9315,2.929,2.931,2.937,2.938,2.936,2.936,11
2026-07-23 17:17:00,2.932,2.933,2.931,2.931,2.937,2.9375,2.936,2.937,21
2026-07-23 17:18:00,2.932,2.9325,2.931,2.932,2.937,2.938,2.936,2.937,11
2026-07-23 17:19:00,2.932,2.933,2.931,2.932,2.936,2.94,2.936,2.94,6
2026-07-23 17:20:00,2.931,2.935,2.931,2.935,2.939,2.939,2.938,2.939,17
2026-07-23 17:21:00,2.934,2.934,2.933,2.934,2.94,2.942,2.939,2.94,3
2026-07-23 17:22:00,2.935,2.937,2.934,2.935,2.939,2.94,2.936,2.937,34
2026-07-23 17:23:00,2.933,2.933,2.931,2.932,2.936,2.937,2.933,2.934,8
2026-07-23 17:24:00,2.931,2.932,2.928,2.929,2.933,2.935,2.933,2.935,15
2026-07-23 17:25:00,2.928,2.93,2.928,2.93,2.9355,2.936,2.935,2.936,13
2026-07-23 17:26:00,2.9305,2.931,2.93,2.931,2.935,2.9355,2.932,2.932,13
2026-07-23 17:27:00,2.93,2.9305,2.927,2.927,2.933,2.934,2.932,2.934,20
2026-07-23 17:28:00,2.928,2.929,2.927,2.929,2.935,2.935,2.932,2.9335,8
2026-07-23 17:29:00,2.93,2.93,2.927,2.9285,2.934,2.94,2.9335,2.94,21
2026-07-23 17:30:00,2.929,2.935,2.9285,2.935,2.939,2.94,2.938,2.94,42
2026-07-23 17:31:00,2.934,2.935,2.933,2.935,2.939,2.94,2.9385,2.939,22
2026-07-23 17:32:00,2.934,2.935,2.9335,2.934,2.9385,2.94,2.938,2.94,22
2026-07-23 17:33:00,2.9335,2.935,2.933,2.935,2.941,2.941,2.939,2.939,5
2026-07-23 17:34:00,2.936,2.936,2.934,2.934,2.94,2.94,2.939,2.94,24
2026-07-23 17:35:00,2.935,2.935,2.934,2.935,2.941,2.941,2.939,2.939,20
2026-07-23 17:36:00,2.936,2.936,2.934,2.934,2.938,2.943,2.938,2.9405,31
2026-07-23 17:37:00,2.933,2.938,2.933,2.9355,2.94,2.943,2.94,2.942,35
2026-07-23 17:38:00,2.935,2.938,2.935,2.937,2.943,2.943,2.9395,2.94,13
2026-07-23 17:39:00,2.938,2.938,2.9345,2.935,2.939,2.94,2.937,2.94,16
2026-07-23 17:40:00,2.934,2.935,2.932,2.935,2.941,2.941,2.939,2.941,18
2026-07-23 17:41:00,2.936,2.936,2.934,2.936,2.94,2.941,2.94,2.941,5
2026-07-23 17:42:00,2.935,2.936,2.935,2.936,2.94,2.94,2.938,2.939,6
2026-07-23 17:43:00,2.935,2.935,2.933,2.934,2.938,2.938,2.937,2.938,12
2026-07-23 17:44:00,2.933,2.933,2.932,2.933,2.939,2.941,2.938,2.939,24
2026-07-23 17:46:00,2.934,2.936,2.933,2.934,2.938,2.939,2.938,2.938,21
2026-07-23 17:47:00,2.933,2.934,2.933,2.933,2.9375,2.938,2.928,2.929,10
2026-07-23 17:48:00,2.9325,2.933,2.923,2.924,2.9295,2.9295,2.926,2.927,42
2026-07-23 17:49:00,2.9245,2.9245,2.921,2.922,2.926,2.927,2.926,2.927,17
2026-07-23 17:50:00,2.921,2.922,2.921,2.922,2.926,2.928,2.925,2.927,20
2026-07-23 17:51:00,2.921,2.923,2.92,2.922,2.9275,2.929,2.926,2.926,14
2026-07-23 17:52:00,2.9225,2.924,2.921,2.921,2.927,2.927,2.923,2.924,9
2026-07-23 17:53:00,2.922,2.922,2.918,2.919,2.9235,2.924,2.922,2.924,8
2026-07-23 17:54:00,2.9185,2.919,2.917,2.919,2.923,2.927,2.923,2.9265,27
2026-07-23 17:56:00,2.918,2.922,2.918,2.9215,2.926,2.929,2.925,2.928,22
2026-07-23 17:57:00,2.921,2.924,2.92,2.923,2.927,2.93,2.926,2.926,34
2026-07-23 17:58:00,2.922,2.925,2.921,2.921,2.927,2.928,2.9265,2.928,30
2026-07-23 17:59:00,2.922,2.923,2.9215,2.923,2.929,2.934,2.929,2.932,6
2026-07-23 18:00:00,2.924,2.929,2.924,2.927,2.9315,2.932,2.931,2.932,19
2026-07-23 18:01:00,2.9265,2.927,2.926,2.927,2.9325,2.933,2.9305,2.931,30
2026-07-23 18:02:00,2.9275,2.928,2.9255,2.926,2.932,2.933,2.932,2.932,10
2026-07-23 18:04:00,2.927,2.928,2.927,2.927,2.9325,2.9325,2.931,2.9315,3
2026-07-23 18:05:00,2.9275,2.9275,2.926,2.9265,2.93,2.93,2.927,2.929,7
2026-07-23 18:06:00,2.926,2.926,2.922,2.924,2.9295,2.932,2.9295,2.931,12
2026-07-23 18:07:00,2.9245,2.927,2.9245,2.926,2.931,2.931,2.931,2.931,8
2026-07-23 18:08:00,2.926,2.926,2.926,2.926,2.93,2.931,2.93,2.9305,1
2026-07-23 18:09:00,2.925,2.926,2.925,2.9255,2.93,2.931,2.927,2.9275,9
2026-07-23 18:10:00,2.925,2.925,2.922,2.9225,2.9275,2.9305,2.9275,2.9305,8
2026-07-23 18:11:00,2.9225,2.9255,2.9225,2.9255,2.93,2.931,2.93,2.93,10
2026-07-23 18:12:00,2.925,2.926,2.925,2.925,2.931,2.931,2.929,2.929,6
2026-07-23 18:13:00,2.926,2.926,2.9235,2.924,2.9295,2.93,2.929,2.929,7
2026-07-23 18:14:00,2.9245,2.925,2.924,2.924,2.93,2.9325,2.93,2.9325,8
2026-07-23 18:15:00,2.925,2.9275,2.925,2.9275,2.932,2.933,2.931,2.931,28
2026-07-23 18:16:00,2.927,2.928,2.926,2.926,2.93,2.93,2.927,2.928,26
2026-07-23 18:17:00,2.925,2.925,2.922,2.923,2.9275,2.9275,2.924,2.925,58
2026-07-23 18:18:00,2.9225,2.9225,2.919,2.92,2.925,2.925,2.925,2.925,28
2026-07-23 18:21:00,2.918,2.92,2.914,2.917,2.923,2.925,2.919,2.922,62
2026-07-23 18:22:00,2.916,2.917,2.914,2.915,2.921,2.922,2.919,2.92,36
2026-07-23 18:23:00,2.913,2.914,2.912,2.914,2.918,2.919,2.917,2.919,18
2026-07-23 18:24:00,2.915,2.915,2.9115,2.912,2.92,2.92,2.9165,2.917,32
2026-07-23 18:25:00,2.911,2.912,2.908,2.908,2.916,2.917,2.913,2.913,36
2026-07-23 18:26:00,2.907,2.911,2.907,2.91,2.912,2.916,2.912,2.915,18
2026-07-23 18:27:00,2.909,2.909,2.905,2.907,2.914,2.914,2.91,2.912,7
2026-07-23 18:28:00,2.9075,2.911,2.9075,2.911,2.9125,2.916,2.9125,2.916,11
2026-07-23 18:29:00,2.912,2.9125,2.912,2.912,2.917,2.9175,2.917,2.917,7
2026-07-23 18:30:00,2.913,2.915,2.913,2.915,2.918,2.92,2.918,2.92,8
2026-07-23 18:31:00,2.9145,2.9145,2.913,2.914,2.9195,2.9195,2.918,2.919,14
2026-07-23 18:32:00,2.915,2.918,2.914,2.9145,2.92,2.923,2.919,2.9195,25
2026-07-23 18:33:00,2.914,2.9155,2.914,2.9155,2.919,2.9205,2.919,2.9205,7
2026-07-23 18:34:00,2.916,2.916,2.915,2.915,2.921,2.921,2.92,2.92,4
2026-07-23 18:35:00,2.916,2.916,2.915,2.915,2.921,2.921,2.92,2.92,4
2026-07-23 18:36:00,2.916,2.916,2.916,2.916,2.921,2.921,2.921,2.921,1
2026-07-23 18:37:00,2.917,2.919,2.916,2.916,2.922,2.924,2.921,2.921,26
2026-07-23 18:38:00,2.915,2.917,2.915,2.916,2.92,2.922,2.92,2.921,21
2026-07-23 18:39:00,2.9165,2.9165,2.916,2.916,2.9215,2.9215,2.921,2.921,2
2026-07-23 18:40:00,2.9155,2.916,2.9145,2.916,2.9205,2.921,2.9195,2.921,15
2026-07-23 18:41:00,2.917,2.917,2.916,2.916,2.922,2.922,2.921,2.921,4
2026-07-23 18:42:00,2.917,2.917,2.915,2.916,2.922,2.922,2.92,2.921,13
2026-07-23 18:43:00,2.915,2.915,2.911,2.9115,2.92,2.92,2.916,2.9165,20
2026-07-23 18:44:00,2.911,2.911,2.9095,2.911,2.916,2.916,2.9145,2.916,9
2026-07-23 18:45:00,2.912,2.9135,2.911,2.9135,2.917,2.9185,2.916,2.9185,18
2026-07-23 18:46:00,2.913,2.914,2.912,2.9125,2.918,2.919,2.917,2.9175,20
2026-07-23 18:47:00,2.913,2.914,2.912,2.914,2.918,2.919,2.917,2.919,11
2026-07-23 18:48:00,2.913,2.913,2.912,2.913,2.918,2.918,2.917,2.918,4
2026-07-23 18:49:00,2.914,2.915,2.914,2.915,2.919,2.92,2.919,2.92,5
2026-07-23 18:50:00,2.916,2.9175,2.913,2.917,2.921,2.9225,2.918,2.922,24
2026-07-23 18:51:00,2.918,2.918,2.9165,2.918,2.923,2.923,2.9215,2.923,11
2026-07-23 18:52:00,2.917,2.918,2.917,2.918,2.922,2.923,2.922,2.923,6
2026-07-23 18:53:00,2.919,2.92,2.918,2.9185,2.924,2.925,2.923,2.9235,36
2026-07-23 18:54:00,2.919,2.92,2.919,2.92,2.924,2.925,2.924,2.925,4
2026-07-23 18:56:00,2.919,2.92,2.919,2.92,2.924,2.925,2.924,2.925,18
2026-07-23 18:57:00,2.919,2.92,2.918,2.918,2.924,2.925,2.923,2.923,6
2026-07-23 18:58:00,2.917,2.918,2.916,2.918,2.922,2.923,2.921,2.923,4
2026-07-23 18:59:00,2.917,2.918,2.917,2.918,2.922,2.923,2.922,2.923,2
2026-07-23 19:00:00,2.917,2.919,2.916,2.919,2.922,2.924,2.921,2.924,13
2026-07-23 19:01:00,2.918,2.919,2.918,2.919,2.923,2.924,2.923,2.924,2
2026-07-23 19:02:00,2.918,2.918,2.917,2.917,2.923,2.923,2.922,2.922,2
2026-07-23 19:03:00,2.916,2.916,2.915,2.915,2.921,2.921,2.92,2.92,6
2026-07-23 19:05:00,2.916,2.916,2.916,2.916,2.921,2.921,2.921,2.921,1
2026-07-23 19:06:00,2.915,2.919,2.915,2.919,2.92,2.924,2.92,2.924,13
2026-07-23 19:07:00,2.918,2.92,2.918,2.92,2.923,2.925,2.923,2.925,8
2026-07-23 19:08:00,2.919,2.92,2.918,2.9185,2.924,2.925,2.923,2.9235,18
2026-07-23 19:09:00,2.918,2.918,2.917,2.917,2.923,2.923,2.922,2.922,11
2026-07-23 19:10:00,2.918,2.918,2.917,2.917,2.923,2.923,2.922,2.922,14
2026-07-23 19:11:00,2.9165,2.9165,2.913,2.914,2.9215,2.9215,2.918,2.919,10
2026-07-23 19:12:00,2.9135,2.914,2.913,2.914,2.9185,2.919,2.918,2.919,5
2026-07-23 19:13:00,2.913,2.914,2.912,2.913,2.918,2.919,2.917,2.918,22
2026-07-23 19:14:00,2.9125,2.913,2.9105,2.912,2.9175,2.918,2.9155,2.917,15
2026-07-23 19:15:00,2.9125,2.913,2.912,2.913,2.9175,2.918,2.917,2.918,9
2026-07-23 19:16:00,2.9135,2.9135,2.913,2.9135,2.9185,2.9185,2.918,2.9185,9
2026-07-23 19:17:00,2.914,2.914,2.914,2.914,2.919,2.919,2.919,2.919,1
2026-07-23 19:18:00,2.915,2.916,2.914,2.915,2.92,2.921,2.919,2.92,13
2026-07-23 19:19:00,2.9155,2.917,2.915,2.9155,2.9205,2.922,2.92,2.9205,10
2026-07-23 19:20:00,2.915,2.916,2.915,2.9155,2.92,2.921,2.92,2.9205,11
2026-07-23 19:21:00,2.915,2.915,2.913,2.913,2.92,2.92,2.918,2.918,8
2026-07-23 19:22:00,2.9125,2.913,2.911,2.911,2.9175,2.918,2.916,2.916,18
2026-07-23 19:23:00,2.9115,2.913,2.91,2.911,2.9165,2.918,2.915,2.916,40
2026-07-23 19:24:00,2.9105,2.911,2.9095,2.911,2.9155,2.916,2.9145,2.916,11
2026-07-23 19:25:00,2.91,2.91,2.907,2.907,2.915,2.915,2.912,2.912,32
2026-07-23 19:26:00,2.9075,2.909,2.907,2.909,2.9125,2.914,2.912,2.914,19
2026-07-23 19:27:00,2.9095,2.911,2.909,2.909,2.9145,2.916,2.914,2.914,16
2026-07-23 19:28:00,2.91,2.91,2.906,2.907,2.915,2.915,2.911,2.912,22
2026-07-23 19:29:00,2.908,2.91,2.9075,2.91,2.913,2.915,2.9125,2.915,23
2026-07-23 19:30:00,2.909,2.9135,2.909,2.913,2.914,2.9185,2.914,2.918,12
2026-07-23 19:31:00,2.914,2.916,2.913,2.916,2.919,2.921,2.918,2.921,18
2026-07-23 19:32:00,2.9165,2.918,2.916,2.917,2.9215,2.923,2.921,2.922,19
2026-07-23 19:33:00,2.919,2.92,2.917,2.918,2.924,2.925,2.922,2.923,25
2026-07-23 19:34:00,2.9175,2.919,2.917,2.918,2.9225,2.924,2.922,2.923,21
2026-07-23 19:35:00,2.917,2.92,2.917,2.92,2.922,2.925,2.922,2.925,10
2026-07-23 19:36:00,2.919,2.92,2.919,2.919,2.924,2.925,2.924,2.924,6
2026-07-23 19:37:00,2.918,2.918,2.916,2.916,2.923,2.923,2.921,2.921,5
2026-07-23 19:38:00,2.915,2.917,2.913,2.914,2.92,2.922,2.918,2.919,29
2026-07-23 19:39:00,2.913,2.9135,2.911,2.913,2.918,2.9185,2.916,2.918,13
2026-07-23 19:40:00,2.912,2.914,2.912,2.9135,2.917,2.919,2.917,2.9185,16
2026-07-23 19:41:00,2.913,2.9145,2.913,2.914,2.918,2.9195,2.918,2.919,20
2026-07-23 19:42:00,2.9145,2.915,2.912,2.912,2.9195,2.92,2.917,2.917,17
2026-07-23 19:43:00,2.9125,2.913,2.912,2.912,2.9175,2.918,2.917,2.917,13
2026-07-23 19:44:00,2.9125,2.914,2.912,2.9135,2.9175,2.919,2.917,2.9185,19
2026-07-23 19:45:00,2.914,2.9145,2.913,2.913,2.919,2.9195,2.918,2.918,18
2026-07-23 19:46:00,2.914,2.917,2.913,2.917,2.919,2.922,2.918,2.922,15
2026-07-23 19:47:00,2.916,2.918,2.916,2.918,2.921,2.923,2.921,2.923,12
2026-07-23 19:48:00,2.9175,2.92,2.917,2.92,2.9225,2.925,2.922,2.925,29
2026-07-23 19:49:00,2.919,2.922,2.919,2.92,2.924,2.927,2.924,2.925,12
2026-07-23 19:50:00,2.9205,2.9205,2.918,2.92,2.9255,2.9255,2.923,2.925,14
2026-07-23 19:51:00,2.921,2.922,2.92,2.922,2.926,2.927,2.925,2.927,13
2026-07-23 19:52:00,2.9225,2.9245,2.922,2.924,2.9275,2.9295,2.927,2.929,6
2026-07-23 19:53:00,2.9245,2.927,2.924,2.926,2.9295,2.932,2.929,2.931,27
2026-07-23 19:54:00,2.927,2.9275,2.926,2.927,2.932,2.9325,2.931,2.932,13
2026-07-23 19:55:00,2.9275,2.928,2.926,2.927,2.9325,2.933,2.931,2.932,25
2026-07-23 19:56:00,2.9275,2.9285,2.927,2.927,2.9325,2.9335,2.932,2.932,7
2026-07-23 19:57:00,2.926,2.9275,2.926,2.927,2.931,2.9325,2.931,2.932,9
2026-07-23 19:58:00,2.926,2.929,2.926,2.929,2.931,2.934,2.931,2.934,13
2026-07-23 19:59:00,2.93,2.93,2.929,2.93,2.935,2.935,2.934,2.935,16
2026-07-23 20:00:00,2.9305,2.935,2.9305,2.935,2.9355,2.94,2.9355,2.94,20
2026-07-23 20:01:00,2.936,2.94,2.936,2.939,2.941,2.945,2.941,2.944,25
2026-07-23 20:02:00,2.9395,2.9395,2.937,2.9375,2.9445,2.9445,2.942,2.9425,14
2026-07-23 20:03:00,2.937,2.938,2.934,2.935,2.942,2.943,2.939,2.94,16
2026-07-23 20:04:00,2.934,2.939,2.934,2.939,2.939,2.944,2.939,2.944,28
2026-07-23 20:05:00,2.938,2.945,2.938,2.944,2.943,2.95,2.943,2.949,25
2026-07-23 20:06:00,2.943,2.944,2.94,2.943,2.948,2.949,2.945,2.948,20
2026-07-23 20:07:00,2.9435,2.947,2.943,2.946,2.9485,2.952,2.948,2.951,33
2026-07-23 20:08:00,2.9465,2.947,2.945,2.946,2.9515,2.952,2.95,2.951,24
2026-07-23 20:09:00,2.945,2.946,2.944,2.945,2.95,2.951,2.949,2.95,11
2026-07-23 20:10:00,2.9445,2.945,2.942,2.942,2.9495,2.95,2.947,2.947,31
2026-07-23 20:11:00,2.943,2.9435,2.94,2.94,2.948,2.9485,2.945,2.945,27
2026-07-23 20:12:00,2.939,2.939,2.933,2.933,2.944,2.944,2.938,2.938,39
2026-07-23 20:13:00,2.934,2.934,2.927,2.9275,2.939,2.939,2.932,2.9325,39
2026-07-23 20:14:00,2.928,2.929,2.925,2.927,2.933,2.934,2.93,2.932,28
2026-07-23 20:15:00,2.926,2.9265,2.92,2.921,2.931,2.9315,2.925,2.926,43
2026-07-23 20:16:00,2.922,2.922,2.9145,2.915,2.927,2.927,2.9195,2.92,33
2026-07-23 20:17:00,2.916,2.916,2.91,2.913,2.921,2.921,2.915,2.918,35
2026-07-23 20:18:00,2.9125,2.915,2.911,2.9145,2.9175,2.92,2.916,2.9195,41
2026-07-23 20:19:00,2.914,2.914,2.911,2.913,2.919,2.919,2.916,2.918,24
2026-07-23 20:20:00,2.9135,2.918,2.911,2.918,2.9185,2.923,2.916,2.923,32
2026-07-23 20:21:00,2.917,2.918,2.916,2.918,2.922,2.923,2.921,2.923,7
2026-07-23 20:22:00,2.917,2.919,2.917,2.919,2.922,2.924,2.922,2.924,14
2026-07-23 20:23:00,2.9195,2.92,2.919,2.92,2.9245,2.925,2.924,2.925,7
2026-07-23 20:24:00,2.921,2.922,2.917,2.917,2.926,2.927,2.922,2.922,16
2026-07-23 20:25:00,2.918,2.9205,2.916,2.9165,2.923,2.9255,2.921,2.9215,32
2026-07-23 20:26:00,2.917,2.921,2.916,2.918,2.922,2.926,2.921,2.923,22
2026-07-23 20:27:00,2.919,2.919,2.914,2.918,2.924,2.924,2.919,2.923,36
2026-07-23 20:28:00,2.919,2.92,2.915,2.917,2.924,2.925,2.92,2.922,67
2026-07-23 20:29:00,2.918,2.92,2.917,2.918,2.923,2.925,2.922,2.923,39
2026-07-23 20:30:00,2.917,2.922,2.917,2.922,2.922,2.927,2.922,2.927,26
2026-07-23 20:31:00,2.9215,2.922,2.92,2.9205,2.9265,2.927,2.925,2.9255,20
2026-07-23 20:32:00,2.921,2.9225,2.92,2.9205,2.926,2.9275,2.925,2.9255,14
2026-07-23 20:33:00,2.9195,2.9195,2.9155,2.916,2.9245,2.9245,2.9205,2.921,17
2026-07-23 20:34:00,2.9155,2.9175,2.9155,2.9165,2.9205,2.9225,2.9205,2.9215,11
2026-07-23 20:35:00,2.916,2.916,2.914,2.9155,2.921,2.921,2.919,2.9205,11
2026-07-23 20:36:00,2.915,2.916,2.914,2.915,2.92,2.921,2.919,2.92,10
2026-07-23 20:37:00,2.916,2.919,2.9145,2.9185,2.921,2.924,2.9195,2.9235,22
2026-07-23 20:38:00,2.919,2.92,2.918,2.9185,2.924,2.925,2.923,2.9235,21
2026-07-23 20:39:00,2.919,2.92,2.9175,2.9175,2.924,2.925,2.9225,2.9225,12
2026-07-23 20:40:00,2.917,2.917,2.912,2.9135,2.922,2.922,2.917,2.9185,23
2026-07-23 20:41:00,2.914,2.914,2.913,2.913,2.919,2.919,2.918,2.918,3
2026-07-23 20:42:00,2.914,2.914,2.9115,2.9135,2.919,2.919,2.9165,2.9185,14
2026-07-23 20:43:00,2.913,2.913,2.9115,2.912,2.918,2.918,2.9165,2.917,6
2026-07-23 20:44:00,2.911,2.911,2.906,2.907,2.916,2.916,2.911,2.912,28
2026-07-23 20:45:00,2.908,2.909,2.905,2.9065,2.913,2.914,2.91,2.9115,31
2026-07-23 20:46:00,2.907,2.909,2.907,2.908,2.912,2.914,2.912,2.913,4
2026-07-23 20:47:00,2.909,2.909,2.908,2.909,2.914,2.914,2.913,2.914,3
2026-07-23 20:48:00,2.9095,2.91,2.909,2.91,2.9145,2.915,2.914,2.915,3
2026-07-23 20:49:00,2.909,2.909,2.908,2.908,2.914,2.914,2.913,2.913,5
2026-07-23 20:50:00,2.909,2.909,2.9075,2.9075,2.914,2.914,2.9125,2.9125,6
2026-07-23 20:51:00,2.907,2.908,2.907,2.907,2.912,2.913,2.912,2.912,4
2026-07-23 20:52:00,2.906,2.907,2.905,2.905,2.911,2.912,2.91,2.91,10
2026-07-23 20:53:00,2.906,2.906,2.9035,2.905,2.911,2.911,2.9085,2.91,12
2026-07-23 20:54:00,2.906,2.906,2.905,2.906,2.911,2.911,2.91,2.911,12
2026-07-23 20:55:00,2.907,2.909,2.906,2.908,2.912,2.914,2.911,2.913,13
2026-07-23 20:56:00,2.9085,2.909,2.908,2.909,2.9135,2.914,2.913,2.914,8
2026-07-23 20:57:00,2.9085,2.91,2.908,2.9085,2.9135,2.915,2.913,2.9135,14
2026-07-23 20:58:00,2.909,2.9105,2.909,2.91,2.914,2.9155,2.914,2.915,4
2026-07-23 20:59:00,2.9105,2.9105,2.908,2.91,2.9155,2.9155,2.913,2.915,11
2026-07-23 21:00:00,2.909,2.91,2.909,2.909,2.914,2.915,2.914,2.914,6
2026-07-23 21:01:00,2.91,2.91,2.91,2.91,2.915,2.915,2.915,2.915,1
2026-07-23 21:02:00,2.9095,2.9095,2.906,2.907,2.9145,2.9145,2.911,2.912,10
2026-07-23 21:03:00,2.9065,2.907,2.906,2.9065,2.9115,2.912,2.911,2.9115,4
2026-07-23 21:04:00,2.907,2.907,2.906,2.9065,2.912,2.912,2.911,2.9115,8
2026-07-23 21:05:00,2.907,2.9075,2.906,2.907,2.912,2.9125,2.911,2.912,12
2026-07-23 21:06:00,2.9065,2.9065,2.905,2.906,2.9115,2.9115,2.91,2.911,10
2026-07-23 21:08:00,2.907,2.907,2.9065,2.907,2.912,2.912,2.9115,2.912,3
2026-07-23 21:09:00,2.9065,2.909,2.9065,2.908,2.9115,2.914,2.9115,2.913,7
2026-07-23 21:10:00,2.909,2.9105,2.909,2.91,2.914,2.9155,2.914,2.915,4
2026-07-23 21:11:00,2.909,2.91,2.909,2.909,2.914,2.915,2.914,2.914,3
2026-07-23 21:12:00,2.9085,2.909,2.907,2.908,2.9135,2.914,2.912,2.913,5
2026-07-23 21:13:00,2.907,2.911,2.907,2.9105,2.912,2.916,2.912,2.9155,18
2026-07-23 21:14:00,2.91,2.9105,2.9095,2.91,2.915,2.9155,2.9145,2.915,5
2026-07-23 21:15:00,2.9105,2.918,2.91,2.916,2.9155,2.923,2.915,2.921,26
2026-07-23 21:16:00,2.917,2.918,2.916,2.916,2.922,2.923,2.921,2.921,14
2026-07-23 21:17:00,2.915,2.9185,2.915,2.918,2.92,2.9235,2.92,2.923,14
2026-07-23 21:18:00,2.9175,2.918,2.916,2.916,2.9225,2.923,2.921,2.921,8
2026-07-23 21:19:00,2.9155,2.916,2.915,2.916,2.9205,2.921,2.92,2.921,3
2026-07-23 21:20:00,2.915,2.916,2.915,2.916,2.92,2.921,2.92,2.921,7
2026-07-23 21:21:00,2.9155,2.917,2.9155,2.917,2.9205,2.922,2.9205,2.922,3
2026-07-23 21:22:00,2.916,2.916,2.916,2.916,2.921,2.921,2.921,2.921,1
2026-07-23 21:23:00,2.917,2.917,2.917,2.917,2.922,2.922,2.922,2.922,1
2026-07-23 21:24:00,2.9175,2.918,2.916,2.916,2.9225,2.923,2.921,2.921,4
2026-07-23 21:25:00,2.915,2.915,2.915,2.915,2.92,2.92,2.92,2.92,1
2026-07-23 21:26:00,2.9145,2.915,2.914,2.915,2.9195,2.92,2.919,2.92,3
2026-07-23 21:27:00,2.914,2.914,2.914,2.914,2.919,2.919,2.919,2.919,1
2026-07-23 21:28:00,2.915,2.915,2.915,2.915,2.92,2.92,2.92,2.92,1
2026-07-23 21:29:00,2.9145,2.915,2.914,2.915,2.9195,2.92,2.919,2.92,5
2026-07-23 21:30:00,2.916,2.916,2.914,2.915,2.921,2.921,2.919,2.92,9
2026-07-23 21:31:00,2.9155,2.916,2.9155,2.916,2.9205,2.921,2.9205,2.921,2
2026-07-23 21:33:00,2.915,2.9165,2.915,2.9165,2.92,2.9215,2.92,2.9215,7
2026-07-23 21:34:00,2.917,2.918,2.916,2.918,2.922,2.923,2.921,2.923,9
2026-07-23 21:35:00,2.9185,2.9185,2.918,2.918,2.9235,2.9235,2.923,2.923,2
2026-07-23 21:36:00,2.917,2.9175,2.917,2.9175,2.922,2.9225,2.922,2.9225,2
2026-07-23 21:37:00,2.918,2.918,2.918,2.918,2.923,2.923,2.923,2.923,1
2026-07-23 21:38:00,2.917,2.917,2.917,2.917,2.922,2.922,2.922,2.922,1
2026-07-23 21:39:00,2.9175,2.9175,2.917,2.917,2.9225,2.9225,2.922,2.922,4
2026-07-23 21:40:00,2.918,2.918,2.917,2.918,2.923,2.923,2.922,2.923,7
2026-07-23 21:41:00,2.9175,2.919,2.9175,2.9185,2.9225,2.924,2.9225,2.9235,7
2026-07-23 21:42:00,2.918,2.92,2.918,2.919,2.923,2.925,2.923,2.924,10
2026-07-23 21:44:00,2.92,2.92,2.919,2.92,2.925,2.925,2.924,2.925,4
2026-07-23 21:45:00,2.9195,2.9195,2.919,2.919,2.9245,2.9245,2.924,2.924,2
2026-07-23 21:46:00,2.918,2.919,2.916,2.916,2.923,2.924,2.921,2.921,6
2026-07-23 21:47:00,2.9155,2.916,2.9155,2.916,2.9205,2.921,2.9205,2.921,4
2026-07-23 21:48:00,2.915,2.916,2.915,2.9155,2.92,2.921,2.92,2.9205,7
2026-07-23 21:49:00,2.916,2.917,2.916,2.917,2.921,2.922,2.921,2.922,4
2026-07-23 21:50:00,2.9165,2.9165,2.916,2.916,2.9215,2.9215,2.921,2.921,2
2026-07-23 21:51:00,2.915,2.9155,2.915,2.9155,2.92,2.9205,2.92,2.9205,4
2026-07-23 21:52:00,2.916,2.916,2.915,2.916,2.921,2.921,2.92,2.921,5
2026-07-23 21:53:00,2.9155,2.916,2.9155,2.916,2.9205,2.921,2.9205,2.921,4
2026-07-23 21:54:00,2.915,2.915,2.914,2.914,2.92,2.92,2.919,2.919,5
2026-07-23 21:57:00,2.915,2.915,2.914,2.914,2.92,2.92,2.919,2.919,3
2026-07-23 21:58:00,2.9135,2.914,2.913,2.913,2.9185,2.919,2.918,2.918,19
2026-07-23 21:59:00,2.914,2.914,2.912,2.913,2.919,2.919,2.917,2.918,30
2026-07-23 22:00:00,2.9125,2.9155,2.9125,2.915,2.9175,2.9205,2.9175,2.92,6
2026-07-23 22:01:00,2.914,2.9145,2.914,2.914,2.919,2.9195,2.919,2.919,3
2026-07-23 22:04:00,2.913,2.913,2.911,2.912,2.918,2.918,2.916,2.917,7
2026-07-23 22:05:00,2.911,2.911,2.91,2.91,2.916,2.916,2.915,2.915,4
2026-07-23 22:06:00,2.9105,2.9115,2.91,2.911,2.9155,2.9165,2.915,2.916,5
2026-07-23 22:08:00,2.9105,2.9105,2.91,2.91,2.9155,2.9155,2.915,2.915,2
2026-07-23 22:09:00,2.9095,2.9105,2.9095,2.91,2.9145,2.9155,2.9145,2.915,8
2026-07-23 22:10:00,2.9095,2.9105,2.9095,2.91,2.9145,2.9155,2.9145,2.915,3
2026-07-23 22:11:00,2.911,2.912,2.911,2.912,2.916,2.917,2.916,2.917,4
2026-07-23 22:12:00,2.9115,2.912,2.911,2.912,2.9165,2.917,2.916,2.917,3
2026-07-23 22:15:00,2.911,2.9115,2.91,2.91,2.916,2.9165,2.915,2.915,7
2026-07-23 22:16:00,2.911,2.911,2.91,2.91,2.916,2.916,2.915,2.915,6
2026-07-23 22:17:00,2.9095,2.9095,2.909,2.909,2.9145,2.9145,2.914,2.914,2
2026-07-23 22:18:00,2.9085,2.909,2.908,2.909,2.9135,2.914,2.913,2.914,4
2026-07-23 22:19:00,2.9095,2.9095,2.908,2.9085,2.9145,2.9145,2.913,2.9135,28
2026-07-23 22:20:00,2.908,2.909,2.908,2.909,2.913,2.914,2.913,2.914,3
2026-07-23 22:21:00,2.9085,2.909,2.9085,2.909,2.9135,2.914,2.9135,2.914,2
2026-07-23 22:22:00,2.908,2.9085,2.908,2.9085,2.913,2.9135,2.913,2.9135,6
2026-07-23 22:23:00,2.908,2.909,2.908,2.909,2.913,2.914,2.913,2.914,3
2026-07-23 22:24:00,2.908,2.909,2.907,2.9085,2.913,2.914,2.912,2.9135,14
2026-07-23 22:25:00,2.908,2.9085,2.908,2.9085,2.913,2.9135,2.913,2.9135,2
2026-07-23 22:27:00,2.909,2.909,2.907,2.908,2.914,2.914,2.912,2.913,5
2026-07-23 22:28:00,2.9075,2.909,2.9075,2.9085,2.9125,2.914,2.9125,2.9135,5
2026-07-23 22:29:00,2.908,2.908,2.907,2.907,2.913,2.913,2.912,2.912,3
2026-07-23 22:30:00,2.9075,2.9075,2.907,2.9075,2.9125,2.9125,2.912,2.9125,5
2026-07-23 22:31:00,2.907,2.9075,2.907,2.9075,2.912,2.9125,2.912,2.9125,2
2026-07-23 22:32:00,2.907,2.9075,2.907,2.9075,2.912,2.9125,2.912,2.9125,4
2026-07-23 22:33:00,2.907,2.908,2.907,2.908,2.912,2.913,2.912,2.913,7
2026-07-23 22:34:00,2.907,2.907,2.907,2.907,2.912,2.912,2.912,2.912,1
2026-07-23 22:35:00,2.9075,2.909,2.9075,2.908,2.9125,2.914,2.9125,2.913,9
2026-07-23 22:39:00,2.909,2.909,2.908,2.908,2.914,2.914,2.913,2.913,5
2026-07-23 22:40:00,2.909,2.9095,2.909,2.9095,2.914,2.9145,2.914,2.9145,2
2026-07-23 22:41:00,2.909,2.91,2.909,2.91,2.914,2.915,2.914,2.915,3
2026-07-23 22:42:00,2.909,2.91,2.909,2.91,2.914,2.915,2.914,2.915,2
2026-07-23 22:43:00,2.9095,2.9095,2.9095,2.9095,2.9145,2.9145,2.9145,2.9145,1
2026-07-23 22:44:00,2.909,2.91,2.909,2.91,2.914,2.915,2.914,2.915,2
2026-07-23 22:45:00,2.9095,2.9095,2.9095,2.9095,2.9145,2.9145,2.9145,2.9145,1
2026-07-23 22:46:00,2.91,2.911,2.9095,2.91,2.915,2.916,2.9145,2.915,11
2026-07-23 22:49:00,2.909,2.9095,2.909,2.909,2.914,2.9145,2.914,2.914,3
2026-07-23 22:50:00,2.91,2.9105,2.91,2.91,2.915,2.9155,2.915,2.915,3
2026-07-23 22:51:00,2.911,2.912,2.9105,2.9105,2.916,2.917,2.9155,2.9155,8
2026-07-23 22:52:00,2.91,2.9105,2.91,2.91,2.915,2.9155,2.915,2.915,5
2026-07-23 22:53:00,2.909,2.9095,2.909,2.9095,2.914,2.9145,2.914,2.9145,2
2026-07-23 22:54:00,2.909,2.91,2.909,2.9095,2.914,2.915,2.914,2.9145,3
2026-07-23 22:55:00,2.91,2.912,2.909,2.911,2.915,2.917,2.914,2.916,16
2026-07-23 22:56:00,2.9115,2.912,2.911,2.911,2.9165,2.917,2.916,2.916,4
2026-07-23 22:57:00,2.912,2.912,2.9105,2.9105,2.917,2.917,2.9155,2.9155,5
2026-07-23 22:58:00,2.91,2.912,2.91,2.911,2.915,2.917,2.915,2.916,13
2026-07-23 22:59:00,2.9105,2.913,2.9105,2.913,2.9155,2.9166,2.915,2.915,7
2026-07-24 00:00:00,2.9086,2.9086,2.9076,2.9081,2.9136,2.9136,2.9126,2.9131,4
2026-07-24 00:01:00,2.9076,2.9086,2.9076,2.9086,2.9126,2.9136,2.9126,2.9136,2
2026-07-24 00:02:00,2.9076,2.9091,2.9076,2.9081,2.9126,2.9141,2.9126,2.9131,5
2026-07-24 00:03:00,2.9076,2.9086,2.9076,2.9086,2.9126,2.9136,2.9126,2.9136,5
2026-07-24 00:04:00,2.9091,2.9091,2.9091,2.9091,2.9141,2.9141,2.9141,2.9141,1
2026-07-24 00:06:00,2.9101,2.9101,2.9086,2.9086,2.9151,2.9151,2.9136,2.9136,3
2026-07-24 00:07:00,2.9091,2.9106,2.9081,2.9081,2.9141,2.9156,2.9131,2.9131,10
2026-07-24 00:08:00,2.9086,2.9086,2.9076,2.9081,2.9136,2.9136,2.9126,2.9131,3
2026-07-24 00:10:00,2.9086,2.9086,2.9081,2.9086,2.9136,2.9136,2.9131,2.9136,3
2026-07-24 00:11:00,2.9081,2.9096,2.9081,2.9096,2.9131,2.9146,2.9131,2.9146,5
2026-07-24 00:12:00,2.9091,2.9096,2.9091,2.9096,2.9141,2.9146,2.9141,2.9146,6
2026-07-24 00:13:00,2.9091,2.9101,2.9086,2.9086,2.9141,2.9151,2.9136,2.9136,8
2026-07-24 00:14:00,2.9081,2.9081,2.9081,2.9081,2.9131,2.9131,2.9131,2.9131,1
2026-07-24 00:15:00,2.9086,2.9086,2.9086,2.9086,2.9136,2.9136,2.9136,2.9136,1
2026-07-24 00:19:00,2.9081,2.9081,2.9081,2.9081,2.9131,2.9131,2.9131,2.9131,1
2026-07-24 00:20:00,2.9071,2.9081,2.9066,2.9081,2.9121,2.9131,2.9116,2.9131,5
2026-07-24 00:21:00,2.9086,2.9086,2.9071,2.9076,2.9136,2.9136,2.9121,2.9126,4
2026-07-24 00:22:00,2.9081,2.9091,2.9081,2.9091,2.9131,2.9141,2.9131,2.9141,2
2026-07-24 00:24:00,2.9081,2.9091,2.9081,2.9081,2.9131,2.9141,2.9131,2.9131,4
2026-07-24 00:25:00,2.9086,2.9086,2.9081,2.9081,2.9136,2.9136,2.9131,2.9131,2
2026-07-24 00:27:00,2.9086,2.9086,2.9086,2.9086,2.9136,2.9136,2.9136,2.9136,1
2026-07-24 00:29:00,2.9081,2.9086,2.9081,2.9086,2.9131,2.9136,2.9131,2.9136,2
2026-07-24 00:30:00,2.9081,2.9081,2.9081,2.9081,2.9131,2.9131,2.9131,2.9131,1
2026-07-24 00:31:00,2.9086,2.9086,2.9086,2.9086,2.9136,2.9136,2.9136,2.9136,1
2026-07-24 00:33:00,2.9071,2.9086,2.9071,2.9086,2.9121,2.9136,2.9121,2.9136,2
2026-07-24 00:35:00,2.9071,2.9081,2.9071,2.9081,2.9121,2.9131,2.9121,2.9131,2
2026-07-24 00:37:00,2.9071,2.9101,2.9071,2.9101,2.9121,2.9151,2.9121,2.9151,6
2026-07-24 00:38:00,2.9106,2.9106,2.9106,2.9106,2.9156,2.9156,2.9156,2.9156,1
2026-07-24 00:39:00,2.9101,2.9101,2.9101,2.9101,2.9151,2.9151,2.9151,2.9151,1
2026-07-24 00:40:00,2.9091,2.9091,2.9086,2.9086,2.9141,2.9141,2.9136,2.9136,2
2026-07-24 00:41:00,2.9081,2.9081,2.9071,2.9076,2.9131,2.9131,2.9121,2.9126,3
2026-07-24 00:44:00,2.9081,2.9081,2.9081,2.9081,2.9131,2.9131,2.9131,2.9131,1
2026-07-24 00:46:00,2.9086,2.9101,2.9081,2.9101,2.9136,2.9151,2.9131,2.9151,4
2026-07-24 00:47:00,2.9096,2.9096,2.9086,2.9086,2.9146,2.9146,2.9136,2.9136,2
2026-07-24 00:48:00,2.9081,2.9081,2.9076,2.9081,2.9131,2.9131,2.9126,2.9131,3
2026-07-24 00:51:00,2.9076,2.9091,2.9076,2.9091,2.9126,2.9141,2.9126,2.9141,2
2026-07-24 00:52:00,2.9081,2.9086,2.9081,2.9086,2.9131,2.9136,2.9131,2.9136,2
2026-07-24 00:54:00,2.9091,2.9091,2.9086,2.9086,2.9141,2.9141,2.9136,2.9136,4
2026-07-24 00:55:00,2.9076,2.9076,2.9076,2.9076,2.9126,2.9126,2.9126,2.9126,1
2026-07-24 00:57:00,2.9086,2.9091,2.9086,2.9091,2.9136,2.9141,2.9136,2.9141,2
2026-07-24 01:01:00,2.9086,2.9086,2.9086,2.9086,2.9136,2.9136,2.9136,2.9136,1
2026-07-24 01:07:00,2.9091,2.9091,2.9091,2.9091,2.9141,2.9141,2.9141,2.9141,1
2026-07-24 01:08:00,2.9101,2.9111,2.9096,2.9096,2.9151,2.9161,2.9146,2.9146,4
2026-07-24 01:09:00,2.9101,2.9101,2.9101,2.9101,2.9151,2.9151,2.9151,2.9151,1
2026-07-24 01:14:00,2.9096,2.9096,2.9096,2.9096,2.9146,2.9146,2.9146,2.9146,1
2026-07-24 01:15:00,2.9101,2.9106,2.9101,2.9106,2.9151,2.9156,2.9151,2.9156,2
2026-07-24 01:17:00,2.9096,2.9101,2.9096,2.9101,2.9146,2.9151,2.9146,2.9151,2
2026-07-24 01:19:00,2.9106,2.9106,2.9106,2.9106,2.9156,2.9156,2.9156,2.9156,1
2026-07-24 01:21:00,2.9101,2.9101,2.9101,2.9101,2.9151,2.9151,2.9151,2.9151,1
2026-07-24 01:22:00,2.9096,2.9096,2.9091,2.9096,2.9146,2.9146,2.9141,2.9146,3
2026-07-24 01:27:00,2.9091,2.9091,2.9091,2.9091,2.9141,2.9141,2.9141,2.9141,1
2026-07-24 01:33:00,2.9086,2.9086,2.9081,2.9081,2.9136,2.9136,2.9131,2.9131,2
2026-07-24 01:34:00,2.9071,2.9071,2.9066,2.9071,2.9121,2.9121,2.9116,2.9121,3
2026-07-24 01:35:00,2.9061,2.9071,2.9051,2.9066,2.9111,2.9121,2.9101,2.9116,10
2026-07-24 01:36:00,2.9091,2.9111,2.9076,2.9076,2.9141,2.9161,2.9126,2.9126,5
2026-07-24 01:37:00,2.9071,2.9081,2.9061,2.9066,2.9121,2.9131,2.9111,2.9116,12
2026-07-24 01:38:00,2.9061,2.9061,2.9056,2.9056,2.9111,2.9111,2.9106,2.9106,2
2026-07-24 01:40:00,2.9061,2.9081,2.9061,2.9081,2.9111,2.9131,2.9111,2.9131,6
2026-07-24 01:41:00,2.9086,2.9111,2.9086,2.9111,2.9136,2.9161,2.9136,2.9161,4
2026-07-24 01:42:00,2.9106,2.9116,2.9106,2.9111,2.9156,2.9166,2.9156,2.9161,4
2026-07-24 01:44:00,2.9101,2.9106,2.9101,2.9106,2.9151,2.9156,2.9151,2.9156,2
2026-07-24 01:50:00,2.9101,2.9101,2.9096,2.9101,2.9151,2.9151,2.9146,2.9151,5
2026-07-24 01:51:00,2.9091,2.9111,2.9091,2.9111,2.9141,2.9161,2.9141,2.9161,6
2026-07-24 01:53:00,2.9106,2.9111,2.9106,2.9111,2.9156,2.9161,2.9156,2.9161,6
2026-07-24 01:54:00,2.9116,2.9116,2.9111,2.9116,2.9166,2.9166,2.9161,2.9166,5
2026-07-24 01:56:00,2.9111,2.9116,2.9111,2.9116,2.9161,2.9166,2.9161,2.9166,4
2026-07-24 01:57:00,2.9111,2.9116,2.9111,2.9116,2.9161,2.9166,2.9161,2.9166,8
2026-07-24 01:58:00,2.9111,2.9111,2.9101,2.9106,2.9161,2.9161,2.9151,2.9156,5
2026-07-24 02:00:00,2.9101,2.9111,2.9101,2.9106,2.9151,2.9161,2.9151,2.9156,10
2026-07-24 02:01:00,2.9101,2.9111,2.9096,2.9096,2.9151,2.9161,2.9146,2.9146,12
2026-07-24 02:02:00,2.9101,2.9101,2.9101,2.9101,2.9151,2.9151,2.9151,2.9151,1
2026-07-24 02:03:00,2.9106,2.9111,2.9101,2.9111,2.9156,2.9161,2.9151,2.9161,9
2026-07-24 02:05:00,2.9121,2.9131,2.9111,2.9121,2.9171,2.9181,2.9161,2.9171,8
2026-07-24 02:06:00,2.9111,2.9121,2.9111,2.9111,2.9161,2.9171,2.9161,2.9161,10
2026-07-24 02:07:00,2.9116,2.9121,2.9101,2.9121,2.9166,2.9171,2.9151,2.9171,12
2026-07-24 02:08:00,2.9111,2.9136,2.9111,2.9131,2.9161,2.9186,2.9161,2.9181,6
2026-07-24 02:09:00,2.9136,2.9136,2.9131,2.9136,2.9186,2.9186,2.9181,2.9186,7
2026-07-24 02:10:00,2.9141,2.9141,2.9131,2.9131,2.9191,2.9191,2.9181,2.9181,18
2026-07-24 02:11:00,2.9136,2.9136,2.9126,2.9136,2.9186,2.9186,2.9176,2.9186,5
2026-07-24 02:12:00,2.9141,2.9141,2.9131,2.9141,2.9191,2.9191,2.9181,2.9191,4
2026-07-24 02:15:00,2.9146,2.9171,2.9141,2.9161,2.9196,2.9221,2.9191,2.9211,18
2026-07-24 02:16:00,2.9166,2.9181,2.9166,2.9171,2.9216,2.9231,2.9216,2.9221,10
2026-07-24 02:17:00,2.9176,2.9191,2.9176,2.9191,2.9226,2.9241,2.9226,2.9241,6
2026-07-24 02:18:00,2.9201,2.9201,2.9191,2.9191,2.9251,2.9251,2.9241,2.9241,2
2026-07-24 02:19:00,2.9196,2.9201,2.9191,2.9201,2.9246,2.9251,2.9241,2.9251,7
2026-07-24 02:20:00,2.9196,2.9196,2.9181,2.9181,2.9246,2.9246,2.9231,2.9231,6
2026-07-24 02:21:00,2.9171,2.9171,2.9141,2.9141,2.9221,2.9221,2.9191,2.9191,4
2026-07-24 02:22:00,2.9131,2.9146,2.9131,2.9136,2.9181,2.9196,2.9181,2.9186,12
2026-07-24 02:23:00,2.9141,2.9151,2.9131,2.9146,2.9191,2.9201,2.9181,2.9196,20
2026-07-24 02:25:00,2.9151,2.9151,2.9131,2.9141,2.9201,2.9201,2.9181,2.9191,11
2026-07-24 02:27:00,2.9136,2.9141,2.9131,2.9141,2.9186,2.9191,2.9181,2.9191,4
2026-07-24 02:29:00,2.9136,2.9136,2.9136,2.9136,2.9186,2.9186,2.9186,2.9186,1
2026-07-24 02:32:00,2.9141,2.9141,2.9131,2.9131,2.9191,2.9191,2.9181,2.9181,5
2026-07-24 02:33:00,2.9136,2.9136,2.9136,2.9136,2.9186,2.9186,2.9186,2.9186,1
2026-07-24 02:34:00,2.9131,2.9136,2.9131,2.9136,2.9181,2.9186,2.9181,2.9186,4
2026-07-24 02:35:00,2.9141,2.9141,2.9131,2.9136,2.9191,2.9191,2.9181,2.9186,4
2026-07-24 02:36:00,2.9131,2.9136,2.9131,2.9136,2.9181,2.9186,2.9181,2.9186,2
2026-07-24 02:37:00,2.9141,2.9141,2.9136,2.9141,2.9191,2.9191,2.9186,2.9191,3
2026-07-24 02:38:00,2.9151,2.9161,2.9151,2.9161,2.9201,2.9211,2.9201,2.9211,2
2026-07-24 02:40:00,2.9151,2.9151,2.9141,2.9141,2.9201,2.9201,2.9191,2.9191,3
2026-07-24 02:41:00,2.9131,2.9141,2.9131,2.9141,2.9181,2.9191,2.9181,2.9191,2
2026-07-24 02:46:00,2.9131,2.9136,2.9131,2.9136,2.9181,2.9186,2.9181,2.9186,2
2026-07-24 02:47:00,2.9141,2.9146,2.9141,2.9141,2.9191,2.9196,2.9191,2.9191,3
2026-07-24 02:50:00,2.9146,2.9146,2.9141,2.9141,2.9196,2.9196,2.9191,2.9191,2
2026-07-24 02:52:00,2.9146,2.9151,2.9146,2.9151,2.9196,2.9201,2.9196,2.9201,2
2026-07-24 02:57:00,2.9156,2.9161,2.9151,2.9161,2.9206,2.9211,2.9201,2.9211,6
2026-07-24 02:58:00,2.9166,2.9191,2.9156,2.9161,2.9216,2.9241,2.9206,2.9211,8
2026-07-24 02:59:00,2.9151,2.9151,2.9141,2.9146,2.9201,2.9201,2.9191,2.9196,4
2026-07-24 03:00:00,2.9141,2.9141,2.9121,2.9141,2.9191,2.9191,2.9171,2.9191,19
2026-07-24 03:01:00,2.9131,2.9131,2.9111,2.9121,2.9181,2.9181,2.9161,2.9171,10
2026-07-24 03:02:00,2.9126,2.9126,2.9116,2.9116,2.9176,2.9176,2.9166,2.9166,5
2026-07-24 03:03:00,2.9121,2.9121,2.9111,2.9121,2.9171,2.9171,2.9161,2.9171,11
2026-07-24 03:04:00,2.9126,2.9126,2.9121,2.9121,2.9176,2.9176,2.9171,2.9171,2
2026-07-24 03:05:00,2.9126,2.9131,2.9121,2.9126,2.9176,2.9181,2.9171,2.9176,5
2026-07-24 03:06:00,2.9131,2.9131,2.9126,2.9126,2.9181,2.9181,2.9176,2.9176,2
2026-07-24 03:08:00,2.9121,2.9121,2.9121,2.9121,2.9171,2.9171,2.9171,2.9171,1
2026-07-24 03:09:00,2.9126,2.9131,2.9121,2.9131,2.9176,2.9181,2.9171,2.9181,4
2026-07-24 03:11:00,2.9126,2.9126,2.9126,2.9126,2.9176,2.9176,2.9176,2.9176,1
2026-07-24 03:12:00,2.9121,2.9136,2.9121,2.9136,2.9171,2.9186,2.9171,2.9186,9
2026-07-24 03:13:00,2.9131,2.9131,2.9131,2.9131,2.9181,2.9181,2.9181,2.9181,1
2026-07-24 03:14:00,2.9141,2.9141,2.9131,2.9131,2.9191,2.9191,2.9181,2.9181,2
2026-07-24 03:15:00,2.9136,2.9136,2.9131,2.9136,2.9186,2.9186,2.9181,2.9186,5
2026-07-24 03:16:00,2.9131,2.9141,2.9131,2.9141,2.9181,2.9191,2.9181,2.9191,3
2026-07-24 03:17:00,2.9146,2.9161,2.9146,2.9156,2.9196,2.9211,2.9196,2.9206,4
2026-07-24 03:18:00,2.9151,2.9156,2.9151,2.9156,2.9201,2.9206,2.9201,2.9206,8
2026-07-24 03:19:00,2.9151,2.9151,2.9131,2.9136,2.9201,2.9201,2.9181,2.9186,6
2026-07-24 03:20:00,2.9141,2.9141,2.9136,2.9136,2.9191,2.9191,2.9186,2.9186,2
2026-07-24 03:21:00,2.9141,2.9141,2.9136,2.9136,2.9191,2.9191,2.9186,2.9186,2
2026-07-24 03:22:00,2.9141,2.9141,2.9131,2.9131,2.9191,2.9191,2.9181,2.9181,3
2026-07-24 03:23:00,2.9126,2.9131,2.9121,2.9131,2.9176,2.9181,2.9171,2.9181,4
2026-07-24 03:24:00,2.9126,2.9126,2.9121,2.9126,2.9176,2.9176,2.9171,2.9176,3
2026-07-24 03:26:00,2.9131,2.9131,2.9126,2.9126,2.9181,2.9181,2.9176,2.9176,2
2026-07-24 03:28:00,2.9121,2.9126,2.9121,2.9126,2.9171,2.9176,2.9171,2.9176,2
2026-07-24 03:29:00,2.9131,2.9131,2.9131,2.9131,2.9181,2.9181,2.9181,2.9181,1
2026-07-24 03:30:00,2.9126,2.9131,2.9126,2.9131,2.9176,2.9181,2.9176,2.9181,2
2026-07-24 03:31:00,2.9136,2.9141,2.9131,2.9141,2.9186,2.9191,2.9181,2.9191,4
2026-07-24 03:34:00,2.9151,2.9156,2.9136,2.9136,2.9201,2.9206,2.9186,2.9186,5
2026-07-24 03:35:00,2.9131,2.9131,2.9131,2.9131,2.9181,2.9181,2.9181,2.9181,1
2026-07-24 03:39:00,2.9136,2.9141,2.9131,2.9131,2.9186,2.9191,2.9181,2.9181,7
2026-07-24 03:41:00,2.9121,2.9121,2.9111,2.9121,2.9171,2.9171,2.9161,2.9171,3
2026-07-24 03:42:00,2.9116,2.9126,2.9116,2.9126,2.9166,2.9176,2.9166,2.9176,3
2026-07-24 03:43:00,2.9121,2.9131,2.9121,2.9131,2.9171,2.9181,2.9171,2.9181,2
2026-07-24 03:44:00,2.9126,2.9131,2.9126,2.9126,2.9176,2.9181,2.9176,2.9176,15
2026-07-24 03:45:00,2.9131,2.9131,2.9126,2.9131,2.9181,2.9181,2.9176,2.9181,3
2026-07-24 03:46:00,2.9136,2.9136,2.9131,2.9131,2.9186,2.9186,2.9181,2.9181,6
2026-07-24 03:47:00,2.9136,2.9146,2.9136,2.9146,2.9186,2.9196,2.9186,2.9196,3
2026-07-24 03:48:00,2.9151,2.9161,2.9151,2.9161,2.9201,2.9211,2.9201,2.9211,2
2026-07-24 03:49:00,2.9171,2.9171,2.9161,2.9166,2.9221,2.9221,2.9211,2.9216,4
2026-07-24 03:50:00,2.9171,2.9176,2.9171,2.9171,2.9221,2.9226,2.9221,2.9221,3
2026-07-24 03:51:00,2.9166,2.9166,2.9166,2.9166,2.9216,2.9216,2.9216,2.9216,1
2026-07-24 03:52:00,2.9161,2.9161,2.9161,2.9161,2.9211,2.9211,2.9211,2.9211,1
2026-07-24 03:54:00,2.9156,2.9156,2.9141,2.9141,2.9206,2.9206,2.9191,2.9191,5
2026-07-24 03:55:00,2.9146,2.9146,2.9146,2.9146,2.9196,2.9196,2.9196,2.9196,1
2026-07-24 03:56:00,2.9151,2.9151,2.9151,2.9151,2.9201,2.9201,2.9201,2.9201,1
2026-07-24 03:59:00,2.9141,2.9146,2.9141,2.9146,2.9191,2.9196,2.9191,2.9196,2
2026-07-24 04:00:00,2.9151,2.9151,2.9151,2.9151,2.9201,2.9201,2.9201,2.9201,1
2026-07-24 04:02:00,2.9161,2.9161,2.9161,2.9161,2.9211,2.9211,2.9211,2.9211,1
2026-07-24 04:03:00,2.9166,2.9166,2.9166,2.9166,2.9216,2.9216,2.9216,2.9216,1
2026-07-24 04:04:00,2.9171,2.9171,2.9166,2.9171,2.9221,2.9221,2.9216,2.9221,3
2026-07-24 04:05:00,2.9161,2.9161,2.9161,2.9161,2.9211,2.9211,2.9211,2.9211,1
2026-07-24 04:06:00,2.9166,2.9166,2.9166,2.9166,2.9216,2.9216,2.9216,2.9216,1
2026-07-24 04:08:00,2.9161,2.9166,2.9161,2.9166,2.9211,2.9216,2.9211,2.9216,2
2026-07-24 04:09:00,2.9161,2.9161,2.9161,2.9161,2.9211,2.9211,2.9211,2.9211,1
2026-07-24 04:13:00,2.9171,2.9171,2.9171,2.9171,2.9221,2.9221,2.9221,2.9221,1
2026-07-24 04:15:00,2.9166,2.9171,2.9166,2.9171,2.9216,2.9221,2.9216,2.9221,2
2026-07-24 04:16:00,2.9161,2.9166,2.9161,2.9166,2.9211,2.9216,2.9211,2.9216,2
2026-07-24 04:17:00,2.9171,2.9171,2.9171,2.9171,2.9221,2.9221,2.9221,2.9221,1
2026-07-24 04:18:00,2.9166,2.9171,2.9166,2.9171,2.9216,2.9221,2.9216,2.9221,2
2026-07-24 04:19:00,2.9176,2.9181,2.9176,2.9181,2.9226,2.9231,2.9226,2.9231,2
2026-07-24 04:20:00,2.9176,2.9176,2.9171,2.9171,2.9226,2.9226,2.9221,2.9221,2
2026-07-24 04:21:00,2.9181,2.9181,2.9181,2.9181,2.9231,2.9231,2.9231,2.9231,1
2026-07-24 04:22:00,2.9176,2.9181,2.9176,2.9181,2.9226,2.9231,2.9226,2.9231,2
2026-07-24 04:23:00,2.9176,2.9176,2.9176,2.9176,2.9226,2.9226,2.9226,2.9226,1
2026-07-24 04:26:00,2.9181,2.9181,2.9181,2.9181,2.9231,2.9231,2.9231,2.9231,1
2026-07-24 04:27:00,2.9191,2.9221,2.9191,2.9221,2.9241,2.9271,2.9241,2.9271,6
2026-07-24 04:28:00,2.9216,2.9221,2.9211,2.9216,2.9266,2.9271,2.9261,2.9266,4
2026-07-24 04:29:00,2.9221,2.9221,2.9216,2.9216,2.9271,2.9271,2.9266,2.9266,2
2026-07-24 04:30:00,2.9211,2.9231,2.9211,2.9231,2.9261,2.9281,2.9261,2.9281,9
2026-07-24 04:31:00,2.9241,2.9241,2.9231,2.9241,2.9291,2.9291,2.9281,2.9291,6
2026-07-24 04:32:00,2.9236,2.9236,2.9231,2.9231,2.9286,2.9286,2.9281,2.9281,6
2026-07-24 04:35:00,2.9221,2.9231,2.9211,2.9211,2.9271,2.9281,2.9261,2.9261,7
2026-07-24 04:36:00,2.9216,2.9221,2.9211,2.9221,2.9266,2.9271,2.9261,2.9271,4
2026-07-24 04:38:00,2.9216,2.9221,2.9211,2.9221,2.9266,2.9271,2.9261,2.9271,3
2026-07-24 04:39:00,2.9231,2.9246,2.9231,2.9241,2.9281,2.9296,2.9281,2.9291,4
2026-07-24 04:42:00,2.9236,2.9241,2.9236,2.9236,2.9286,2.9291,2.9286,2.9286,3
2026-07-24 04:43:00,2.9241,2.9241,2.9231,2.9231,2.9291,2.9291,2.9281,2.9281,3
2026-07-24 04:44:00,2.9221,2.9231,2.9221,2.9231,2.9271,2.9281,2.9271,2.9281,2
2026-07-24 04:46:00,2.9241,2.9246,2.9241,2.9241,2.9291,2.9296,2.9291,2.9291,7
2026-07-24 04:47:00,2.9246,2.9266,2.9246,2.9261,2.9296,2.9316,2.9296,2.9311,7
2026-07-24 04:48:00,2.9266,2.9271,2.9261,2.9261,2.9316,2.9321,2.9311,2.9311,6
2026-07-24 04:49:00,2.9266,2.9271,2.9251,2.9256,2.9316,2.9321,2.9301,2.9306,6
2026-07-24 04:50:00,2.9261,2.9261,2.9241,2.9241,2.9311,2.9311,2.9291,2.9291,3
2026-07-24 04:52:00,2.9251,2.9256,2.9241,2.9256,2.9301,2.9306,2.9291,2.9306,5
2026-07-24 04:53:00,2.9251,2.9251,2.9241,2.9241,2.9301,2.9301,2.9291,2.9291,3
2026-07-24 04:54:00,2.9246,2.9246,2.9231,2.9236,2.9296,2.9296,2.9281,2.9286,5
2026-07-24 04:56:00,2.9241,2.9246,2.9241,2.9241,2.9291,2.9296,2.9291,2.9291,7
2026-07-24 04:59:00,2.9251,2.9251,2.9241,2.9241,2.9301,2.9301,2.9291,2.9291,3
2026-07-24 05:00:00,2.9231,2.9231,2.9221,2.9231,2.9281,2.9281,2.9271,2.9281,3
2026-07-24 05:01:00,2.9221,2.9231,2.9221,2.9221,2.9271,2.9281,2.9271,2.9271,4
2026-07-24 05:02:00,2.9226,2.9236,2.9226,2.9236,2.9276,2.9286,2.9276,2.9286,5
2026-07-24 05:06:00,2.9241,2.9241,2.9241,2.9241,2.9291,2.9291,2.9291,2.9291,1
2026-07-24 05:07:00,2.9236,2.9241,2.9236,2.9241,2.9286,2.9291,2.9286,2.9291,2
2026-07-24 05:08:00,2.9251,2.9251,2.9241,2.9241,2.9301,2.9301,2.9291,2.9291,2
2026-07-24 05:10:00,2.9231,2.9231,2.9231,2.9231,2.9281,2.9281,2.9281,2.9281,1
2026-07-24 05:11:00,2.9226,2.9236,2.9221,2.9236,2.9276,2.9286,2.9271,2.9286,5
2026-07-24 05:14:00,2.9241,2.9256,2.9241,2.9251,2.9291,2.9306,2.9291,2.9301,12
2026-07-24 05:15:00,2.9256,2.9256,2.9251,2.9251,2.9306,2.9306,2.9301,2.9301,2
2026-07-24 05:16:00,2.9256,2.9266,2.9256,2.9261,2.9306,2.9316,2.9306,2.9311,4
2026-07-24 05:17:00,2.9266,2.9266,2.9266,2.9266,2.9316,2.9316,2.9316,2.9316,1
2026-07-24 05:18:00,2.9271,2.9271,2.9261,2.9266,2.9321,2.9321,2.9311,2.9316,5
2026-07-24 05:19:00,2.9261,2.9271,2.9261,2.9261,2.9311,2.9321,2.9311,2.9311,5
2026-07-24 05:21:00,2.9266,2.9266,2.9256,2.9256,2.9316,2.9316,2.9306,2.9306,5
2026-07-24 05:22:00,2.9261,2.9261,2.9256,2.9256,2.9311,2.9311,2.9306,2.9306,2
2026-07-24 05:23:00,2.9251,2.9251,2.9251,2.9251,2.9301,2.9301,2.9301,2.9301,1
2026-07-24 05:24:00,2.9256,2.9256,2.9256,2.9256,2.9306,2.9306,2.9306,2.9306,1
2026-07-24 05:25:00,2.9251,2.9251,2.9251,2.9251,2.9301,2.9301,2.9301,2.9301,1
2026-07-24 05:26:00,2.9256,2.9261,2.9256,2.9261,2.9306,2.9311,2.9306,2.9311,4
2026-07-24 05:27:00,2.9271,2.9271,2.9261,2.9271,2.9321,2.9321,2.9311,2.9321,4
2026-07-24 05:28:00,2.9276,2.9281,2.9271,2.9281,2.9326,2.9331,2.9321,2.9331,3
2026-07-24 05:30:00,2.9286,2.9331,2.9286,2.9306,2.9336,2.9381,2.9336,2.9356,21
2026-07-24 05:31:00,2.9301,2.9306,2.9301,2.9301,2.9351,2.9356,2.9351,2.9351,5
2026-07-24 05:32:00,2.9296,2.9306,2.9281,2.9286,2.9346,2.9356,2.9331,2.9336,12
2026-07-24 05:33:00,2.9291,2.9291,2.9281,2.9286,2.9341,2.9341,2.9331,2.9336,9
2026-07-24 05:34:00,2.9281,2.9291,2.9281,2.9286,2.9331,2.9341,2.9331,2.9336,4
2026-07-24 05:35:00,2.9281,2.9291,2.9281,2.9291,2.9331,2.9341,2.9331,2.9341,9
2026-07-24 05:36:00,2.9286,2.9286,2.9281,2.9281,2.9336,2.9336,2.9331,2.9331,8
2026-07-24 05:37:00,2.9286,2.9291,2.9281,2.9291,2.9336,2.9341,2.9331,2.9341,14
2026-07-24 05:38:00,2.9281,2.9286,2.9281,2.9281,2.9331,2.9336,2.9331,2.9331,5
2026-07-24 05:39:00,2.9286,2.9286,2.9281,2.9281,2.9336,2.9336,2.9331,2.9331,4
2026-07-24 05:40:00,2.9271,2.9271,2.9251,2.9261,2.9321,2.9321,2.9301,2.9311,15
2026-07-24 05:41:00,2.9271,2.9271,2.9261,2.9266,2.9321,2.9321,2.9311,2.9316,10
2026-07-24 05:42:00,2.9261,2.9266,2.9261,2.9261,2.9311,2.9316,2.9311,2.9311,5
2026-07-24 05:43:00,2.9266,2.9271,2.9266,2.9271,2.9316,2.9321,2.9316,2.9321,4
2026-07-24 05:44:00,2.9276,2.9276,2.9271,2.9271,2.9326,2.9326,2.9321,2.9321,2
2026-07-24 05:45:00,2.9276,2.9281,2.9271,2.9271,2.9326,2.9331,2.9321,2.9321,12
2026-07-24 05:46:00,2.9261,2.9266,2.9256,2.9266,2.9311,2.9316,2.9306,2.9316,6
2026-07-24 05:47:00,2.9261,2.9281,2.9261,2.9281,2.9311,2.9331,2.9311,2.9331,6
2026-07-24 05:48:00,2.9271,2.9271,2.9271,2.9271,2.9321,2.9321,2.9321,2.9321,1
2026-07-24 05:51:00,2.9266,2.9271,2.9261,2.9266,2.9316,2.9321,2.9311,2.9316,5
2026-07-24 05:52:00,2.9261,2.9271,2.9261,2.9271,2.9311,2.9321,2.9311,2.9321,3
2026-07-24 05:53:00,2.9276,2.9286,2.9276,2.9286,2.9326,2.9336,2.9326,2.9336,5
2026-07-24 05:54:00,2.9291,2.9291,2.9281,2.9286,2.9341,2.9341,2.9331,2.9336,11
2026-07-24 05:55:00,2.9281,2.9281,2.9281,2.9281,2.9331,2.9331,2.9331,2.9331,1
2026-07-24 05:56:00,2.9286,2.9301,2.9286,2.9296,2.9336,2.9351,2.9336,2.9346,3
2026-07-24 05:57:00,2.9301,2.9306,2.9291,2.9291,2.9351,2.9356,2.9341,2.9341,8
2026-07-24 05:59:00,2.9301,2.9301,2.9291,2.9291,2.9351,2.9351,2.9341,2.9341,3
2026-07-24 06:00:00,2.9286,2.9291,2.9281,2.9286,2.9336,2.9341,2.9331,2.9336,9
2026-07-24 06:01:00,2.9291,2.9291,2.9276,2.9281,2.9341,2.9341,2.9326,2.9331,7
2026-07-24 06:02:00,2.9276,2.9276,2.9271,2.9271,2.9326,2.9326,2.9321,2.9321,2
2026-07-24 06:03:00,2.9281,2.9281,2.9281,2.9281,2.9331,2.9331,2.9331,2.9331,1
2026-07-24 06:05:00,2.9276,2.9281,2.9276,2.9281,2.9326,2.9331,2.9326,2.9331,2
2026-07-24 06:06:00,2.9271,2.9281,2.9271,2.9281,2.9321,2.9331,2.9321,2.9331,3
2026-07-24 06:07:00,2.9286,2.9291,2.9286,2.9291,2.9336,2.9341,2.9336,2.9341,2
2026-07-24 06:08:00,2.9296,2.9301,2.9296,2.9301,2.9346,2.9351,2.9346,2.9351,2
2026-07-24 06:09:00,2.9306,2.9316,2.9301,2.9311,2.9356,2.9366,2.9351,2.9361,6
2026-07-24 06:11:00,2.9306,2.9306,2.9301,2.9301,2.9356,2.9356,2.9351,2.9351,2
2026-07-24 06:12:00,2.9306,2.9306,2.9306,2.9306,2.9356,2.9356,2.9356,2.9356,1
2026-07-24 06:13:00,2.9301,2.9311,2.9296,2.9296,2.9351,2.9361,2.9346,2.9346,17
2026-07-24 06:14:00,2.9301,2.9311,2.9301,2.9301,2.9351,2.9361,2.9351,2.9351,6
2026-07-24 06:15:00,2.9296,2.9301,2.9296,2.9301,2.9346,2.9351,2.9346,2.9351,2
2026-07-24 06:16:00,2.9291,2.9311,2.9291,2.9311,2.9341,2.9361,2.9341,2.9361,7
2026-07-24 06:17:00,2.9301,2.9301,2.9301,2.9301,2.9351,2.9351,2.9351,2.9351,1
2026-07-24 06:21:00,2.9311,2.9311,2.9301,2.9301,2.9361,2.9361,2.9351,2.9351,2
2026-07-24 06:22:00,2.9291,2.9306,2.9291,2.9301,2.9341,2.9356,2.9341,2.9351,4
2026-07-24 06:23:00,2.9306,2.9306,2.9301,2.9306,2.9356,2.9356,2.9351,2.9356,3
2026-07-24 06:24:00,2.9311,2.9311,2.9311,2.9311,2.9361,2.9361,2.9361,2.9361,1
2026-07-24 06:28:00,2.9301,2.9311,2.9301,2.9301,2.9351,2.9361,2.9351,2.9351,4
2026-07-24 06:30:00,2.9291,2.9311,2.9291,2.9311,2.9341,2.9361,2.9341,2.9361,6
2026-07-24 06:36:00,2.9301,2.9311,2.9301,2.9311,2.9351,2.9361,2.9351,2.9361,2
2026-07-24 06:39:00,2.9301,2.9306,2.9301,2.9301,2.9351,2.9356,2.9351,2.9351,3
2026-07-24 06:40:00,2.9306,2.9306,2.9301,2.9301,2.9356,2.9356,2.9351,2.9351,2
2026-07-24 06:41:00,2.9296,2.9296,2.9291,2.9291,2.9346,2.9346,2.9341,2.9341,2
2026-07-24 06:45:00,2.9286,2.9291,2.9286,2.9291,2.9336,2.9341,2.9336,2.9341,2
2026-07-24 06:46:00,2.9281,2.9291,2.9281,2.9291,2.9331,2.9341,2.9331,2.9341,6
2026-07-24 06:47:00,2.9296,2.9296,2.9291,2.9291,2.9346,2.9346,2.9341,2.9341,4
2026-07-24 06:48:00,2.9301,2.9301,2.9301,2.9301,2.9351,2.9351,2.9351,2.9351,1
2026-07-24 06:51:00,2.9296,2.9296,2.9261,2.9261,2.9346,2.9346,2.9311,2.9311,5
2026-07-24 06:52:00,2.9271,2.9271,2.9221,2.9221,2.9321,2.9321,2.9271,2.9271,7
2026-07-24 06:53:00,2.9226,2.9226,2.9206,2.9206,2.9276,2.9276,2.9256,2.9256,4
2026-07-24 06:54:00,2.9211,2.9211,2.9211,2.9211,2.9261,2.9261,2.9261,2.9261,1
2026-07-24 06:58:00,2.9221,2.9221,2.9211,2.9211,2.9271,2.9271,2.9261,2.9261,5
2026-07-24 06:59:00,2.9201,2.9211,2.9201,2.9211,2.9251,2.9261,2.9251,2.9261,2
2026-07-24 07:01:00,2.9206,2.9206,2.9176,2.9201,2.9256,2.9256,2.9226,2.9251,11
2026-07-24 07:02:00,2.9211,2.9211,2.9191,2.9191,2.9261,2.9261,2.9241,2.9241,8
2026-07-24 07:06:00,2.9186,2.9211,2.9186,2.9201,2.9236,2.9261,2.9236,2.9251,5
2026-07-24 07:10:00,2.9191,2.9191,2.9161,2.9171,2.9241,2.9241,2.9211,2.9221,8
2026-07-24 07:12:00,2.9166,2.9166,2.9161,2.9161,2.9216,2.9216,2.9211,2.9211,2
2026-07-24 07:13:00,2.9171,2.9171,2.9131,2.9131,2.9221,2.9221,2.9181,2.9181,8
2026-07-24 07:14:00,2.9136,2.9136,2.9136,2.9136,2.9186,2.9186,2.9186,2.9186,1
2026-07-24 07:15:00,2.9141,2.9166,2.9141,2.9166,2.9191,2.9216,2.9191,2.9216,5
2026-07-24 07:16:00,2.9171,2.9171,2.9171,2.9171,2.9221,2.9221,2.9221,2.9221,1
2026-07-24 07:17:00,2.9161,2.9171,2.9161,2.9171,2.9211,2.9221,2.9211,2.9221,2
2026-07-24 07:19:00,2.9181,2.9181,2.9181,2.9181,2.9231,2.9231,2.9231,2.9231,1
2026-07-24 07:22:00,2.9171,2.9171,2.9161,2.9171,2.9221,2.9221,2.9211,2.9221,5
2026-07-24 07:24:00,2.9166,2.9191,2.9161,2.9186,2.9216,2.9241,2.9211,2.9236,8
2026-07-24 07:25:00,2.9181,2.9181,2.9181,2.9181,2.9231,2.9231,2.9231,2.9231,1
2026-07-24 07:29:00,2.9191,2.9191,2.9191,2.9191,2.9241,2.9241,2.9241,2.9241,1
2026-07-24 07:30:00,2.9181,2.9191,2.9181,2.9191,2.9231,2.9241,2.9231,2.9241,4
2026-07-24 07:33:00,2.9181,2.9191,2.9181,2.9191,2.9231,2.9241,2.9231,2.9241,2
2026-07-24 07:35:00,2.9181,2.9186,2.9176,2.9181,2.9231,2.9236,2.9226,2.9231,5
2026-07-24 07:36:00,2.9176,2.9176,2.9176,2.9176,2.9226,2.9226,2.9226,2.9226,1
2026-07-24 07:37:00,2.9171,2.9171,2.9171,2.9171,2.9221,2.9221,2.9221,2.9221,1
2026-07-24 07:38:00,2.9161,2.9171,2.9161,2.9166,2.9211,2.9221,2.9211,2.9216,3
2026-07-24 07:39:00,2.9171,2.9171,2.9151,2.9166,2.9221,2.9221,2.9201,2.9216,8
2026-07-24 07:40:00,2.9171,2.9171,2.9166,2.9171,2.9221,2.9221,2.9216,2.9221,3
2026-07-24 07:41:00,2.9166,2.9171,2.9161,2.9166,2.9216,2.9221,2.9211,2.9216,9
2026-07-24 07:42:00,2.9161,2.9161,2.9161,2.9161,2.9211,2.9211,2.9211,2.9211,1
2026-07-24 07:44:00,2.9156,2.9156,2.9136,2.9141,2.9206,2.9206,2.9186,2.9191,5
2026-07-24 07:46:00,2.9131,2.9146,2.9131,2.9141,2.9181,2.9196,2.9181,2.9191,8
2026-07-24 07:47:00,2.9151,2.9151,2.9141,2.9146,2.9201,2.9201,2.9191,2.9196,14
2026-07-24 07:48:00,2.9136,2.9141,2.9131,2.9131,2.9186,2.9191,2.9181,2.9181,8
2026-07-24 07:49:00,2.9136,2.9141,2.9131,2.9136,2.9186,2.9191,2.9181,2.9186,7
2026-07-24 07:50:00,2.9131,2.9141,2.9111,2.9141,2.9181,2.9191,2.9161,2.9191,11
2026-07-24 07:51:00,2.9136,2.9141,2.9131,2.9136,2.9186,2.9191,2.9181,2.9186,6
2026-07-24 07:52:00,2.9141,2.9141,2.9136,2.9141,2.9191,2.9191,2.9186,2.9191,7
2026-07-24 07:53:00,2.9136,2.9136,2.9131,2.9131,2.9186,2.9186,2.9181,2.9181,2
2026-07-24 07:54:00,2.9126,2.9126,2.9121,2.9121,2.9176,2.9176,2.9171,2.9171,2
2026-07-24 07:55:00,2.9116,2.9116,2.9106,2.9106,2.9166,2.9166,2.9156,2.9156,5
2026-07-24 07:56:00,2.9101,2.9101,2.9091,2.9091,2.9151,2.9151,2.9141,2.9141,2
2026-07-24 07:57:00,2.9081,2.9081,2.9071,2.9081,2.9131,2.9131,2.9121,2.9131,7
2026-07-24 07:58:00,2.9076,2.9081,2.9076,2.9081,2.9126,2.9131,2.9126,2.9131,2
2026-07-24 07:59:00,2.9076,2.9081,2.9076,2.9076,2.9126,2.9131,2.9126,2.9126,3
2026-07-24 08:00:00,2.9081,2.9081,2.9076,2.9081,2.9131,2.9131,2.9126,2.9131,3
2026-07-24 08:01:00,2.9071,2.9071,2.9061,2.9071,2.9121,2.9121,2.9111,2.9121,7
2026-07-24 08:02:00,2.9081,2.9081,2.9071,2.9071,2.9131,2.9131,2.9121,2.9121,2
2026-07-24 08:03:00,2.9081,2.9081,2.9061,2.9071,2.9131,2.9131,2.9111,2.9121,5
2026-07-24 08:04:00,2.9066,2.9066,2.9061,2.9061,2.9116,2.9116,2.9111,2.9111,2
2026-07-24 08:05:00,2.9056,2.9056,2.9021,2.9031,2.9106,2.9106,2.9071,2.9081,12
2026-07-24 08:06:00,2.9021,2.9021,2.9021,2.9021,2.9071,2.9071,2.9071,2.9071,1
2026-07-24 08:07:00,2.9011,2.9011,2.8991,2.9011,2.9061,2.9061,2.9041,2.9061,5
2026-07-24 08:08:00,2.9001,2.9021,2.9001,2.9021,2.9051,2.9071,2.9051,2.9071,2
2026-07-24 08:10:00,2.9031,2.9031,2.9031,2.9031,2.9081,2.9081,2.9081,2.9081,1
2026-07-24 08:11:00,2.9021,2.9066,2.9021,2.9066,2.9071,2.9116,2.9071,2.9116,21
2026-07-24 08:12:00,2.9061,2.9081,2.9051,2.9081,2.9111,2.9131,2.9101,2.9131,10
2026-07-24 08:13:00,2.9086,2.9091,2.9056,2.9056,2.9136,2.9141,2.9106,2.9106,11
2026-07-24 08:14:00,2.9061,2.9061,2.9041,2.9051,2.9111,2.9111,2.9091,2.9101,10
2026-07-24 08:15:00,2.9056,2.9081,2.9051,2.9081,2.9106,2.9131,2.9101,2.9131,15
2026-07-24 08:16:00,2.9091,2.9091,2.9061,2.9061,2.9141,2.9141,2.9111,2.9111,15
2026-07-24 08:17:00,2.9071,2.9086,2.9071,2.9076,2.9121,2.9136,2.9121,2.9126,20
2026-07-24 08:18:00,2.9071,2.9081,2.9046,2.9056,2.9121,2.9131,2.9096,2.9106,24
2026-07-24 08:19:00,2.9061,2.9061,2.9051,2.9056,2.9111,2.9111,2.9101,2.9106,19
2026-07-24 08:20:00,2.9061,2.9066,2.9046,2.9051,2.9111,2.9116,2.9096,2.9101,15
2026-07-24 08:21:00,2.9056,2.9071,2.9056,2.9061,2.9106,2.9121,2.9106,2.9111,4
2026-07-24 08:22:00,2.9066,2.9066,2.9031,2.9036,2.9116,2.9116,2.9081,2.9086,8
2026-07-24 08:23:00,2.9041,2.9041,2.9021,2.9036,2.9091,2.9091,2.9071,2.9086,6
2026-07-24 08:24:00,2.9041,2.9051,2.9036,2.9046,2.9091,2.9101,2.9086,2.9096,6
2026-07-24 08:25:00,2.9051,2.9056,2.9041,2.9051,2.9101,2.9106,2.9091,2.9101,12
2026-07-24 08:26:00,2.9046,2.9061,2.9046,2.9056,2.9096,2.9111,2.9096,2.9106,10
2026-07-24 08:27:00,2.9061,2.9061,2.9031,2.9036,2.9111,2.9111,2.9081,2.9086,13
2026-07-24 08:28:00,2.9031,2.9031,2.9021,2.9026,2.9081,2.9081,2.9071,2.9076,8
2026-07-24 08:29:00,2.9021,2.9041,2.9021,2.9031,2.9071,2.9091,2.9071,2.9081,11
2026-07-24 08:30:00,2.9026,2.9031,2.9026,2.9031,2.9076,2.9081,2.9076,2.9081,2
2026-07-24 08:31:00,2.9041,2.9051,2.9011,2.9021,2.9091,2.9101,2.9061,2.9071,18
2026-07-24 08:32:00,2.9016,2.9021,2.9016,2.9016,2.9066,2.9071,2.9066,2.9066,3
2026-07-24 08:33:00,2.9011,2.9026,2.9011,2.9026,2.9061,2.9076,2.9061,2.9076,9
2026-07-24 08:34:00,2.9031,2.9036,2.9021,2.9021,2.9081,2.9086,2.9071,2.9071,7
2026-07-24 08:35:00,2.9026,2.9031,2.9021,2.9026,2.9076,2.9081,2.9071,2.9076,5
2026-07-24 08:36:00,2.9021,2.9021,2.9011,2.9021,2.9071,2.9071,2.9061,2.9071,6
2026-07-24 08:37:00,2.9011,2.9021,2.9011,2.9021,2.9061,2.9071,2.9061,2.9071,2
2026-07-24 08:38:00,2.9026,2.9031,2.9001,2.9011,2.9076,2.9081,2.9051,2.9061,8
2026-07-24 08:39:00,2.9006,2.9011,2.8991,2.8996,2.9056,2.9061,2.9041,2.9046,11
2026-07-24 08:40:00,2.8991,2.9011,2.8991,2.9011,2.9041,2.9061,2.9041,2.9061,8
2026-07-24 08:43:00,2.9006,2.9006,2.8971,2.8971,2.9056,2.9056,2.9021,2.9021,20
2026-07-24 08:44:00,2.8976,2.8991,2.8971,2.8986,2.9026,2.9041,2.9021,2.9036,10
2026-07-24 08:45:00,2.8991,2.8991,2.8971,2.8971,2.9041,2.9041,2.9021,2.9021,23
2026-07-24 08:46:00,2.8976,2.8981,2.8971,2.8981,2.9026,2.9031,2.9021,2.9031,7
2026-07-24 08:50:00,2.8976,2.8981,2.8956,2.8961,2.9026,2.9031,2.9006,2.9011,10
2026-07-24 08:51:00,2.8956,2.8971,2.8951,2.8961,2.9006,2.9021,2.9001,2.9011,9
2026-07-24 08:53:00,2.8971,2.8971,2.8961,2.8961,2.9021,2.9021,2.9011,2.9011,7
2026-07-24 08:54:00,2.8956,2.8961,2.8951,2.8961,2.9006,2.9011,2.9001,2.9011,6
2026-07-24 08:55:00,2.8956,2.8971,2.8956,2.8971,2.9006,2.9021,2.9006,2.9021,5
2026-07-24 08:56:00,2.8981,2.8981,2.8966,2.8966,2.9031,2.9031,2.9016,2.9016,3
2026-07-24 08:57:00,2.8961,2.8966,2.8961,2.8966,2.9011,2.9016,2.9011,2.9016,4
2026-07-24 08:58:00,2.8961,2.8966,2.8961,2.8966,2.9011,2.9016,2.9011,2.9016,2
2026-07-24 08:59:00,2.8961,2.8961,2.8951,2.8951,2.9011,2.9011,2.9001,2.9001,7
2026-07-24 09:00:00,2.8956,2.8981,2.8951,2.8971,2.9006,2.9031,2.9001,2.9021,18
2026-07-24 09:01:00,2.8966,2.8966,2.8951,2.8951,2.9016,2.9016,2.9001,2.9001,12
2026-07-24 09:02:00,2.8956,2.8976,2.8951,2.8976,2.9006,2.9026,2.9001,2.9026,8
2026-07-24 09:03:00,2.8981,2.8981,2.8976,2.8976,2.9031,2.9031,2.9026,2.9026,2
2026-07-24 09:04:00,2.8981,2.8981,2.8971,2.8976,2.9031,2.9031,2.9021,2.9026,5
2026-07-24 09:05:00,2.8981,2.8981,2.8971,2.8971,2.9031,2.9031,2.9021,2.9021,10
2026-07-24 09:06:00,2.8961,2.8991,2.8961,2.8976,2.9011,2.9041,2.9011,2.9026,15
2026-07-24 09:07:00,2.8971,2.8971,2.8951,2.8956,2.9021,2.9021,2.9001,2.9006,14
2026-07-24 09:08:00,2.8951,2.8961,2.8951,2.8961,2.9001,2.9011,2.9001,2.9011,12
2026-07-24 09:09:00,2.8951,2.8961,2.8941,2.8946,2.9001,2.9011,2.8991,2.8996,10
2026-07-24 09:10:00,2.8951,2.8951,2.8946,2.8951,2.9001,2.9001,2.8996,2.9001,5
2026-07-24 09:11:00,2.8961,2.8961,2.8946,2.8951,2.9011,2.9011,2.8996,2.9001,7
2026-07-24 09:12:00,2.8941,2.8961,2.8941,2.8951,2.8991,2.9011,2.8991,2.9001,16
2026-07-24 09:15:00,2.8961,2.8961,2.8941,2.8961,2.9011,2.9011,2.8991,2.9011,8
2026-07-24 09:18:00,2.8971,2.8971,2.8951,2.8961,2.9021,2.9021,2.9001,2.9011,6
2026-07-24 09:20:00,2.8971,2.8971,2.8961,2.8961,2.9021,2.9021,2.9011,2.9011,5
2026-07-24 09:21:00,2.8971,2.8981,2.8961,2.8981,2.9021,2.9031,2.9011,2.9031,6
2026-07-24 09:22:00,2.8986,2.9011,2.8986,2.9011,2.9036,2.9061,2.9036,2.9061,16
2026-07-24 09:23:00,2.9001,2.9011,2.8996,2.9001,2.9051,2.9061,2.9046,2.9051,11
2026-07-24 09:24:00,2.9011,2.9021,2.9011,2.9011,2.9061,2.9071,2.9061,2.9061,5
2026-07-24 09:25:00,2.9006,2.9026,2.9006,2.9021,2.9056,2.9076,2.9056,2.9071,28
2026-07-24 09:26:00,2.9011,2.9011,2.8991,2.9001,2.9061,2.9061,2.9041,2.9051,6
2026-07-24 09:29:00,2.9006,2.9021,2.9001,2.9001,2.9056,2.9071,2.9051,2.9051,13
2026-07-24 09:30:00,2.9006,2.9011,2.8991,2.9001,2.9056,2.9061,2.9041,2.9051,14
2026-07-24 09:31:00,2.9011,2.9031,2.9011,2.9021,2.9061,2.9081,2.9061,2.9071,9
2026-07-24 09:32:00,2.9031,2.9031,2.9021,2.9021,2.9081,2.9081,2.9071,2.9071,2
2026-07-24 09:33:00,2.9031,2.9046,2.9031,2.9041,2.9081,2.9096,2.9081,2.9091,13
2026-07-24 09:34:00,2.9051,2.9051,2.9041,2.9041,2.9101,2.9101,2.9091,2.9091,2
2026-07-24 09:37:00,2.9046,2.9051,2.9041,2.9041,2.9096,2.9101,2.9091,2.9091,3
2026-07-24 09:38:00,2.9031,2.9046,2.9031,2.9041,2.9081,2.9096,2.9081,2.9091,6
2026-07-24 09:41:00,2.9051,2.9051,2.9041,2.9051,2.9101,2.9101,2.9091,2.9101,8
2026-07-24 09:43:00,2.9056,2.9061,2.9051,2.9051,2.9106,2.9111,2.9101,2.9101,6
2026-07-24 09:44:00,2.9056,2.9071,2.9051,2.9061,2.9106,2.9121,2.9101,2.9111,7
2026-07-24 09:45:00,2.9071,2.9071,2.9061,2.9071,2.9121,2.9121,2.9111,2.9121,3
2026-07-24 09:47:00,2.9076,2.9081,2.9076,2.9081,2.9126,2.9131,2.9126,2.9131,2
2026-07-24 09:48:00,2.9071,2.9081,2.9071,2.9081,2.9121,2.9131,2.9121,2.9131,2
2026-07-24 09:49:00,2.9091,2.9091,2.9081,2.9081,2.9141,2.9141,2.9131,2.9131,2
2026-07-24 09:50:00,2.9071,2.9081,2.9051,2.9051,2.9121,2.9131,2.9101,2.9101,15
2026-07-24 09:51:00,2.9056,2.9061,2.9051,2.9051,2.9106,2.9111,2.9101,2.9101,6
2026-07-24 09:52:00,2.9041,2.9041,2.9031,2.9031,2.9091,2.9091,2.9081,2.9081,11
2026-07-24 09:53:00,2.9026,2.9031,2.9011,2.9021,2.9076,2.9081,2.9061,2.9071,6
2026-07-24 09:54:00,2.9026,2.9031,2.9011,2.9021,2.9076,2.9081,2.9061,2.9071,10
2026-07-24 09:55:00,2.9011,2.9016,2.8996,2.9001,2.9061,2.9066,2.9046,2.9051,16
2026-07-24 09:56:00,2.8996,2.9021,2.8996,2.9021,2.9046,2.9071,2.9046,2.9071,5
2026-07-24 09:57:00,2.9011,2.9021,2.9011,2.9021,2.9061,2.9071,2.9061,2.9071,5
2026-07-24 09:59:00,2.9011,2.9011,2.9011,2.9011,2.9061,2.9061,2.9061,2.9061,1
2026-07-24 10:00:00,2.9021,2.9031,2.9011,2.9021,2.9071,2.9081,2.9061,2.9071,16
2026-07-24 10:01:00,2.9026,2.9031,2.9026,2.9031,2.9076,2.9081,2.9076,2.9081,6
2026-07-24 10:02:00,2.9026,2.9026,2.9011,2.9021,2.9076,2.9076,2.9061,2.9071,11
2026-07-24 10:03:00,2.9026,2.9031,2.9026,2.9031,2.9076,2.9081,2.9076,2.9081,6
2026-07-24 10:05:00,2.9041,2.9056,2.9031,2.9051,2.9091,2.9106,2.9081,2.9101,10
2026-07-24 10:06:00,2.9046,2.9051,2.9041,2.9041,2.9096,2.9101,2.9091,2.9091,6
2026-07-24 10:07:00,2.9051,2.9051,2.9051,2.9051,2.9101,2.9101,2.9101,2.9101,1
2026-07-24 10:08:00,2.9041,2.9051,2.9041,2.9041,2.9091,2.9101,2.9091,2.9091,8
2026-07-24 10:09:00,2.9031,2.9041,2.9031,2.9041,2.9081,2.9091,2.9081,2.9091,2
2026-07-24 10:12:00,2.9046,2.9061,2.9041,2.9051,2.9096,2.9111,2.9091,2.9101,5
2026-07-24 10:13:00,2.9041,2.9041,2.9041,2.9041,2.9091,2.9091,2.9091,2.9091,1
2026-07-24 10:14:00,2.9051,2.9051,2.9041,2.9041,2.9101,2.9101,2.9091,2.9091,3
2026-07-24 10:15:00,2.9031,2.9041,2.8971,2.8991,2.9081,2.9091,2.9021,2.9041,37
2026-07-24 10:16:00,2.8986,2.8991,2.8986,2.8991,2.9036,2.9041,2.9036,2.9041,2
2026-07-24 10:18:00,2.9001,2.9021,2.9001,2.9011,2.9051,2.9071,2.9051,2.9061,11
2026-07-24 10:20:00,2.9001,2.9001,2.9001,2.9001,2.9051,2.9051,2.9051,2.9051,1
2026-07-24 10:21:00,2.9011,2.9011,2.9001,2.9011,2.9061,2.9061,2.9051,2.9061,6
2026-07-24 10:23:00,2.9001,2.9001,2.9001,2.9001,2.9051,2.9051,2.9051,2.9051,1
2026-07-24 10:24:00,2.9011,2.9011,2.9001,2.9011,2.9061,2.9061,2.9051,2.9061,4
2026-07-24 10:25:00,2.9021,2.9021,2.9001,2.9001,2.9071,2.9071,2.9051,2.9051,4
2026-07-24 10:26:00,2.8991,2.9001,2.8991,2.9001,2.9041,2.9051,2.9041,2.9051,2
2026-07-24 10:27:00,2.9006,2.9011,2.9006,2.9011,2.9056,2.9061,2.9056,2.9061,2
2026-07-24 10:28:00,2.9016,2.9021,2.9016,2.9021,2.9066,2.9071,2.9066,2.9071,2
2026-07-24 10:29:00,2.9011,2.9011,2.8991,2.9001,2.9061,2.9061,2.9041,2.9051,10
2026-07-24 10:30:00,2.8991,2.9001,2.8991,2.9001,2.9041,2.9051,2.9041,2.9051,5
2026-07-24 10:31:00,2.9011,2.9041,2.9011,2.9021,2.9061,2.9091,2.9061,2.9071,10
2026-07-24 10:32:00,2.9031,2.9051,2.9031,2.9031,2.9081,2.9101,2.9081,2.9081,9
2026-07-24 10:33:00,2.9041,2.9041,2.9041,2.9041,2.9091,2.9091,2.9091,2.9091,1
2026-07-24 10:34:00,2.9046,2.9051,2.9046,2.9051,2.9096,2.9101,2.9096,2.9101,2
2026-07-24 10:35:00,2.9041,2.9041,2.9041,2.9041,2.9091,2.9091,2.9091,2.9091,1
2026-07-24 10:36:00,2.9031,2.9031,2.9011,2.9021,2.9081,2.9081,2.9061,2.9071,4
2026-07-24 10:37:00,2.9031,2.9031,2.9021,2.9031,2.9081,2.9081,2.9071,2.9081,3
2026-07-24 10:39:00,2.9041,2.9041,2.9041,2.9041,2.9091,2.9091,2.9091,2.9091,1
2026-07-24 10:44:00,2.9046,2.9051,2.9041,2.9041,2.9096,2.9101,2.9091,2.9091,7
2026-07-24 10:47:00,2.9051,2.9051,2.9041,2.9041,2.9101,2.9101,2.9091,2.9091,2
2026-07-24 10:49:00,2.9031,2.9041,2.9031,2.9041,2.9081,2.9091,2.9081,2.9091,2
2026-07-24 10:50:00,2.9031,2.9031,2.9011,2.9021,2.9081,2.9081,2.9061,2.9071,6
2026-07-24 10:51:00,2.9026,2.9031,2.9026,2.9031,2.9076,2.9081,2.9076,2.9081,4
2026-07-24 10:52:00,2.9041,2.9041,2.9031,2.9031,2.9091,2.9091,2.9081,2.9081,2
2026-07-24 10:53:00,2.9041,2.9051,2.9041,2.9041,2.9091,2.9101,2.9091,2.9091,4
2026-07-24 10:54:00,2.9051,2.9051,2.9051,2.9051,2.9101,2.9101,2.9101,2.9101,1
2026-07-24 10:56:00,2.9056,2.9061,2.9051,2.9051,2.9106,2.9111,2.9101,2.9101,3
2026-07-24 10:57:00,2.9061,2.9061,2.9051,2.9061,2.9111,2.9111,2.9101,2.9111,5
2026-07-24 10:58:00,2.9051,2.9061,2.9051,2.9061,2.9101,2.9111,2.9101,2.9111,6
2026-07-24 11:00:00,2.9071,2.9091,2.9071,2.9091,2.9121,2.9141,2.9121,2.9141,3
2026-07-24 11:01:00,2.9101,2.9111,2.9091,2.9091,2.9151,2.9161,2.9141,2.9141,9
2026-07-24 11:02:00,2.9101,2.9111,2.9101,2.9101,2.9151,2.9161,2.9151,2.9151,5
2026-07-24 11:03:00,2.9091,2.9101,2.9091,2.9091,2.9141,2.9151,2.9141,2.9141,3
2026-07-24 11:04:00,2.9081,2.9111,2.9081,2.9111,2.9131,2.9161,2.9131,2.9161,6
2026-07-24 11:05:00,2.9116,2.9121,2.9111,2.9111,2.9166,2.9171,2.9161,2.9161,9
2026-07-24 11:09:00,2.9101,2.9101,2.9091,2.9101,2.9151,2.9151,2.9141,2.9151,11
2026-07-24 11:10:00,2.9091,2.9091,2.9091,2.9091,2.9141,2.9141,2.9141,2.9141,1
2026-07-24 11:11:00,2.9086,2.9101,2.9086,2.9101,2.9136,2.9151,2.9136,2.9151,5
2026-07-24 11:13:00,2.9111,2.9111,2.9101,2.9111,2.9161,2.9161,2.9151,2.9161,7
2026-07-24 11:14:00,2.9101,2.9111,2.9101,2.9106,2.9151,2.9161,2.9151,2.9156,12
2026-07-24 11:15:00,2.9111,2.9111,2.9111,2.9111,2.9161,2.9161,2.9161,2.9161,1
2026-07-24 11:16:00,2.9116,2.9121,2.9111,2.9111,2.9166,2.9171,2.9161,2.9161,4
2026-07-24 11:18:00,2.9101,2.9101,2.9101,2.9101,2.9151,2.9151,2.9151,2.9151,1
2026-07-24 11:19:00,2.9091,2.9091,2.9071,2.9071,2.9141,2.9141,2.9121,2.9121,4
2026-07-24 11:20:00,2.9081,2.9091,2.9081,2.9091,2.9131,2.9141,2.9131,2.9141,4
2026-07-24 11:21:00,2.9081,2.9081,2.9081,2.9081,2.9131,2.9131,2.9131,2.9131,1
2026-07-24 11:22:00,2.9071,2.9081,2.9071,2.9081,2.9121,2.9131,2.9121,2.9131,2
2026-07-24 11:24:00,2.9086,2.9091,2.9086,2.9091,2.9136,2.9141,2.9136,2.9141,2
2026-07-24 11:25:00,2.9081,2.9081,2.9081,2.9081,2.9131,2.9131,2.9131,2.9131,1
2026-07-24 11:27:00,2.9076,2.9081,2.9066,2.9071,2.9126,2.9131,2.9116,2.9121,11
2026-07-24 11:28:00,2.9061,2.9071,2.9051,2.9066,2.9111,2.9121,2.9101,2.9116,15
2026-07-24 11:29:00,2.9071,2.9081,2.9071,2.9081,2.9121,2.9131,2.9121,2.9131,3
2026-07-24 11:30:00,2.9091,2.9091,2.9071,2.9071,2.9141,2.9141,2.9121,2.9121,3
2026-07-24 11:31:00,2.9066,2.9066,2.9051,2.9061,2.9116,2.9116,2.9101,2.9111,6
2026-07-24 11:32:00,2.9051,2.9061,2.9051,2.9051,2.9101,2.9111,2.9101,2.9101,3
2026-07-24 11:33:00,2.9056,2.9061,2.9041,2.9041,2.9106,2.9111,2.9091,2.9091,4
2026-07-24 11:35:00,2.9051,2.9051,2.9031,2.9031,2.9101,2.9101,2.9081,2.9081,15
2026-07-24 11:38:00,2.9021,2.9031,2.9021,2.9031,2.9071,2.9081,2.9071,2.9081,4
2026-07-24 11:39:00,2.9021,2.9021,2.9021,2.9021,2.9071,2.9071,2.9071,2.9071,1
2026-07-24 11:40:00,2.9011,2.9011,2.8961,2.8981,2.9061,2.9061,2.9011,2.9031,22
2026-07-24 11:41:00,2.8991,2.8991,2.8971,2.8971,2.9041,2.9041,2.9021,2.9021,23
2026-07-24 11:42:00,2.8961,2.8971,2.8951,2.8971,2.9011,2.9021,2.9001,2.9021,6
2026-07-24 11:43:00,2.8981,2.8981,2.8961,2.8981,2.9031,2.9031,2.9011,2.9031,10
2026-07-24 11:44:00,2.8971,2.8971,2.8961,2.8961,2.9021,2.9021,2.9011,2.9011,9
2026-07-24 11:45:00,2.8971,2.8981,2.8961,2.8981,2.9021,2.9031,2.9011,2.9031,9
2026-07-24 11:47:00,2.8971,2.8981,2.8971,2.8971,2.9021,2.9031,2.9021,2.9021,4
2026-07-24 11:48:00,2.8981,2.8981,2.8971,2.8971,2.9031,2.9031,2.9021,2.9021,11
2026-07-24 11:49:00,2.8976,2.8981,2.8951,2.8951,2.9026,2.9031,2.9001,2.9001,13
2026-07-24 11:50:00,2.8961,2.8981,2.8951,2.8981,2.9011,2.9031,2.9001,2.9031,21
2026-07-24 11:51:00,2.8971,2.9001,2.8971,2.9001,2.9021,2.9051,2.9021,2.9051,4
2026-07-24 11:52:00,2.9011,2.9011,2.9001,2.9006,2.9061,2.9061,2.9051,2.9056,15
2026-07-24 11:53:00,2.9001,2.9011,2.8991,2.8991,2.9051,2.9061,2.9041,2.9041,11
2026-07-24 11:54:00,2.9001,2.9011,2.8991,2.9001,2.9051,2.9061,2.9041,2.9051,15
2026-07-24 11:55:00,2.9006,2.9011,2.8991,2.9001,2.9056,2.9061,2.9041,2.9051,10
2026-07-24 11:56:00,2.8996,2.9001,2.8991,2.8991,2.9046,2.9051,2.9041,2.9041,10
2026-07-24 11:57:00,2.8981,2.8981,2.8981,2.8981,2.9031,2.9031,2.9031,2.9031,1
2026-07-24 11:58:00,2.8991,2.8991,2.8981,2.8981,2.9041,2.9041,2.9031,2.9031,5
2026-07-24 11:59:00,2.8986,2.9001,2.8986,2.9001,2.9036,2.9051,2.9036,2.9051,10
2026-07-24 12:00:00,2.8991,2.9011,2.8991,2.9001,2.9041,2.9061,2.9041,2.9051,6
2026-07-24 12:01:00,2.8991,2.9001,2.8981,2.8986,2.9041,2.9051,2.9031,2.9036,11
2026-07-24 12:02:00,2.8981,2.9011,2.8981,2.9011,2.9031,2.9061,2.9031,2.9061,12
2026-07-24 12:03:00,2.9021,2.9021,2.9011,2.9021,2.9071,2.9071,2.9061,2.9071,8
2026-07-24 12:04:00,2.9016,2.9031,2.9011,2.9031,2.9066,2.9081,2.9061,2.9081,7
2026-07-24 12:05:00,2.9026,2.9031,2.9021,2.9031,2.9076,2.9081,2.9071,2.9081,6
2026-07-24 12:06:00,2.9041,2.9041,2.9041,2.9041,2.9091,2.9091,2.9091,2.9091,1
2026-07-24 12:07:00,2.9031,2.9036,2.9031,2.9031,2.9081,2.9086,2.9081,2.9081,3
2026-07-24 12:08:00,2.9041,2.9041,2.9031,2.9041,2.9091,2.9091,2.9081,2.9091,17
2026-07-24 12:09:00,2.9036,2.9041,2.9021,2.9021,2.9086,2.9091,2.9071,2.9071,13
2026-07-24 12:11:00,2.9016,2.9031,2.9011,2.9031,2.9066,2.9081,2.9061,2.9081,8
2026-07-24 12:12:00,2.9041,2.9051,2.9041,2.9051,2.9091,2.9101,2.9091,2.9101,5
2026-07-24 12:13:00,2.9056,2.9061,2.9056,2.9061,2.9106,2.9111,2.9106,2.9111,2
2026-07-24 12:14:00,2.9071,2.9081,2.9071,2.9071,2.9121,2.9131,2.9121,2.9121,6
2026-07-24 12:16:00,2.9081,2.9081,2.9076,2.9081,2.9131,2.9131,2.9126,2.9131,3
2026-07-24 12:17:00,2.9091,2.9091,2.9071,2.9071,2.9141,2.9141,2.9121,2.9121,3
2026-07-24 12:19:00,2.9066,2.9066,2.9051,2.9051,2.9116,2.9116,2.9101,2.9101,8
2026-07-24 12:20:00,2.9061,2.9061,2.9051,2.9056,2.9111,2.9111,2.9101,2.9106,7
2026-07-24 12:21:00,2.9051,2.9071,2.9051,2.9051,2.9101,2.9121,2.9101,2.9101,7
2026-07-24 12:22:00,2.9066,2.9066,2.9041,2.9046,2.9116,2.9116,2.9091,2.9096,6
2026-07-24 12:23:00,2.9051,2.9061,2.9051,2.9056,2.9101,2.9111,2.9101,2.9106,3
2026-07-24 12:24:00,2.9061,2.9061,2.9056,2.9061,2.9111,2.9111,2.9106,2.9111,3
2026-07-24 12:25:00,2.9066,2.9071,2.9061,2.9071,2.9116,2.9121,2.9111,2.9121,7
2026-07-24 12:26:00,2.9061,2.9071,2.9061,2.9071,2.9111,2.9121,2.9111,2.9121,3
2026-07-24 12:27:00,2.9061,2.9061,2.9061,2.9061,2.9111,2.9111,2.9111,2.9111,1
2026-07-24 12:28:00,2.9071,2.9071,2.9061,2.9061,2.9121,2.9121,2.9111,2.9111,2
2026-07-24 12:29:00,2.9066,2.9066,2.9061,2.9061,2.9116,2.9116,2.9111,2.9111,2
2026-07-24 12:30:00,2.9071,2.9091,2.9071,2.9091,2.9121,2.9141,2.9121,2.9141,6
2026-07-24 12:31:00,2.9081,2.9081,2.9061,2.9076,2.9131,2.9131,2.9111,2.9126,8
2026-07-24 12:32:00,2.9081,2.9081,2.9071,2.9081,2.9131,2.9131,2.9121,2.9131,7
2026-07-24 12:34:00,2.9071,2.9081,2.9071,2.9071,2.9121,2.9131,2.9121,2.9121,3
2026-07-24 12:35:00,2.9081,2.9081,2.9081,2.9081,2.9131,2.9131,2.9131,2.9131,1
2026-07-24 12:37:00,2.9071,2.9071,2.9071,2.9071,2.9121,2.9121,2.9121,2.9121,1
2026-07-24 12:39:00,2.9081,2.9081,2.9061,2.9061,2.9131,2.9131,2.9111,2.9111,5
2026-07-24 12:40:00,2.9071,2.9101,2.9071,2.9101,2.9121,2.9151,2.9121,2.9151,6
2026-07-24 12:41:00,2.9091,2.9101,2.9081,2.9101,2.9141,2.9151,2.9131,2.9151,5
2026-07-24 12:42:00,2.9091,2.9096,2.9081,2.9091,2.9141,2.9146,2.9131,2.9141,5
2026-07-24 12:43:00,2.9096,2.9101,2.9091,2.9091,2.9146,2.9151,2.9141,2.9141,4
2026-07-24 12:44:00,2.9101,2.9101,2.9101,2.9101,2.9151,2.9151,2.9151,2.9151,1
2026-07-24 12:45:00,2.9096,2.9096,2.9091,2.9091,2.9146,2.9146,2.9141,2.9141,2
2026-07-24 12:46:00,2.9096,2.9111,2.9096,2.9111,2.9146,2.9161,2.9146,2.9161,3
2026-07-24 12:47:00,2.9121,2.9121,2.9111,2.9111,2.9171,2.9171,2.9161,2.9161,2
2026-07-24 12:49:00,2.9101,2.9121,2.9101,2.9121,2.9151,2.9171,2.9151,2.9171,5
2026-07-24 12:50:00,2.9131,2.9131,2.9121,2.9131,2.9181,2.9181,2.9171,2.9181,4
2026-07-24 12:51:00,2.9121,2.9131,2.9121,2.9121,2.9171,2.9181,2.9171,2.9171,6
2026-07-24 12:54:00,2.9111,2.9141,2.9111,2.9141,2.9161,2.9191,2.9161,2.9191,7
2026-07-24 12:55:00,2.9131,2.9131,2.9131,2.9131,2.9181,2.9181,2.9181,2.9181,1
2026-07-24 12:56:00,2.9136,2.9141,2.9136,2.9141,2.9186,2.9191,2.9186,2.9191,2
2026-07-24 12:57:00,2.9136,2.9141,2.9131,2.9131,2.9186,2.9191,2.9181,2.9181,4
2026-07-24 12:58:00,2.9121,2.9121,2.9121,2.9121,2.9171,2.9171,2.9171,2.9171,1
2026-07-24 13:00:00,2.9126,2.9141,2.9101,2.9101,2.9176,2.9191,2.9151,2.9151,10
2026-07-24 13:01:00,2.9111,2.9111,2.9091,2.9101,2.9161,2.9161,2.9141,2.9151,5
2026-07-24 13:02:00,2.9091,2.9111,2.9071,2.9091,2.9141,2.9161,2.9121,2.9141,11
2026-07-24 13:03:00,2.9086,2.9086,2.9061,2.9076,2.9136,2.9136,2.9111,2.9126,6
2026-07-24 13:04:00,2.9081,2.9081,2.9061,2.9081,2.9131,2.9131,2.9111,2.9131,12
2026-07-24 13:05:00,2.9071,2.9081,2.9071,2.9071,2.9121,2.9131,2.9121,2.9121,8
2026-07-24 13:06:00,2.9061,2.9061,2.9061,2.9061,2.9111,2.9111,2.9111,2.9111,1
2026-07-24 13:07:00,2.9051,2.9051,2.9031,2.9031,2.9101,2.9101,2.9081,2.9081,9
2026-07-24 13:08:00,2.9041,2.9071,2.9041,2.9071,2.9091,2.9121,2.9091,2.9121,9
2026-07-24 13:09:00,2.9066,2.9071,2.9061,2.9071,2.9116,2.9121,2.9111,2.9121,6
2026-07-24 13:10:00,2.9081,2.9081,2.9071,2.9081,2.9131,2.9131,2.9121,2.9131,3
2026-07-24 13:11:00,2.9071,2.9081,2.9071,2.9071,2.9121,2.9131,2.9121,2.9121,3
2026-07-24 13:13:00,2.9081,2.9081,2.9021,2.9031,2.9131,2.9131,2.9071,2.9081,13
2026-07-24 13:14:00,2.9041,2.9041,2.9041,2.9041,2.9091,2.9091,2.9091,2.9091,1
2026-07-24 13:15:00,2.9031,2.9051,2.9021,2.9051,2.9081,2.9101,2.9071,2.9101,14
2026-07-24 13:16:00,2.9061,2.9061,2.9051,2.9056,2.9111,2.9111,2.9101,2.9106,14
2026-07-24 13:17:00,2.9061,2.9061,2.9061,2.9061,2.9111,2.9111,2.9111,2.9111,1
2026-07-24 13:18:00,2.9071,2.9071,2.9071,2.9071,2.9121,2.9121,2.9121,2.9121,1
2026-07-24 13:19:00,2.9081,2.9091,2.9081,2.9091,2.9131,2.9141,2.9131,2.9141,4
2026-07-24 13:20:00,2.9101,2.9101,2.9091,2.9091,2.9151,2.9151,2.9141,2.9141,5
2026-07-24 13:21:00,2.9081,2.9081,2.9071,2.9071,2.9131,2.9131,2.9121,2.9121,2
2026-07-24 13:22:00,2.9061,2.9091,2.9061,2.9091,2.9111,2.9141,2.9111,2.9141,18
2026-07-24 13:23:00,2.9081,2.9091,2.9081,2.9091,2.9131,2.9141,2.9131,2.9141,8
2026-07-24 13:25:00,2.9101,2.9111,2.9101,2.9111,2.9151,2.9161,2.9151,2.9161,2
2026-07-24 13:26:00,2.9101,2.9151,2.9101,2.9141,2.9151,2.9201,2.9151,2.9191,29
2026-07-24 13:27:00,2.9151,2.9151,2.9131,2.9131,2.9201,2.9201,2.9181,2.9181,7
2026-07-24 13:28:00,2.9126,2.9131,2.9121,2.9131,2.9176,2.9181,2.9171,2.9181,7
2026-07-24 13:30:00,2.9141,2.9161,2.9131,2.9131,2.9191,2.9211,2.9181,2.9181,11
2026-07-24 13:32:00,2.9121,2.9131,2.9121,2.9131,2.9171,2.9181,2.9171,2.9181,6
2026-07-24 13:33:00,2.9141,2.9141,2.9131,2.9131,2.9191,2.9191,2.9181,2.9181,9
2026-07-24 13:34:00,2.9141,2.9161,2.9131,2.9161,2.9191,2.9211,2.9181,2.9211,14
2026-07-24 13:35:00,2.9151,2.9151,2.9141,2.9151,2.9201,2.9201,2.9191,2.9201,23
2026-07-24 13:36:00,2.9146,2.9151,2.9111,2.9111,2.9196,2.9201,2.9161,2.9161,33
2026-07-24 13:37:00,2.9101,2.9111,2.9081,2.9101,2.9151,2.9161,2.9131,2.9151,19
2026-07-24 13:38:00,2.9106,2.9121,2.9101,2.9116,2.9156,2.9171,2.9151,2.9166,40
2026-07-24 13:39:00,2.9121,2.9141,2.9111,2.9141,2.9171,2.9191,2.9161,2.9191,6
2026-07-24 13:40:00,2.9151,2.9151,2.9111,2.9121,2.9201,2.9201,2.9161,2.9171,10
2026-07-24 13:41:00,2.9111,2.9131,2.9101,2.9131,2.9161,2.9181,2.9151,2.9181,10
2026-07-24 13:42:00,2.9121,2.9141,2.9121,2.9131,2.9171,2.9191,2.9171,2.9181,4
2026-07-24 13:43:00,2.9121,2.9121,2.9111,2.9121,2.9171,2.9171,2.9161,2.9171,10
2026-07-24 13:44:00,2.9131,2.9161,2.9131,2.9151,2.9181,2.9211,2.9181,2.9201,16
2026-07-24 13:45:00,2.9161,2.9216,2.9161,2.9211,2.9211,2.9266,2.9211,2.9261,17
2026-07-24 13:46:00,2.9216,2.9231,2.9211,2.9221,2.9266,2.9281,2.9261,2.9271,27
2026-07-24 13:47:00,2.9216,2.9241,2.9216,2.9241,2.9266,2.9291,2.9266,2.9291,22
2026-07-24 13:48:00,2.9236,2.9236,2.9201,2.9201,2.9286,2.9286,2.9251,2.9251,9
2026-07-24 13:49:00,2.9211,2.9261,2.9201,2.9246,2.9261,2.9311,2.9251,2.9296,33
2026-07-24 13:50:00,2.9241,2.9241,2.9191,2.9201,2.9291,2.9291,2.9241,2.9251,29
2026-07-24 13:51:00,2.9206,2.9211,2.9196,2.9211,2.9256,2.9261,2.9246,2.9261,13
2026-07-24 13:52:00,2.9201,2.9231,2.9201,2.9221,2.9251,2.9281,2.9251,2.9271,5
2026-07-24 13:53:00,2.9211,2.9221,2.9191,2.9211,2.9261,2.9271,2.9241,2.9261,19
2026-07-24 13:54:00,2.9221,2.9251,2.9221,2.9241,2.9271,2.9301,2.9271,2.9291,8
2026-07-24 13:55:00,2.9231,2.9261,2.9221,2.9241,2.9281,2.9311,2.9271,2.9291,26
2026-07-24 13:56:00,2.9236,2.9271,2.9231,2.9271,2.9286,2.9321,2.9281,2.9321,10
2026-07-24 13:57:00,2.9261,2.9261,2.9231,2.9241,2.9311,2.9311,2.9281,2.9291,22
2026-07-24 13:58:00,2.9231,2.9241,2.9161,2.9166,2.9281,2.9291,2.9211,2.9216,46
2026-07-24 13:59:00,2.9161,2.9181,2.9131,2.9166,2.9211,2.9231,2.9181,2.9216,75
2026-07-24 14:00:00,2.9151,2.9251,2.9151,2.9241,2.9201,2.9301,2.9201,2.9291,60
2026-07-24 14:01:00,2.9231,2.9281,2.9231,2.9276,2.9281,2.9331,2.9281,2.9326,48
2026-07-24 14:02:00,2.9281,2.9281,2.9251,2.9276,2.9331,2.9331,2.9301,2.9326,23
2026-07-24 14:03:00,2.9281,2.9321,2.9271,2.9301,2.9331,2.9371,2.9321,2.9351,41
2026-07-24 14:04:00,2.9296,2.9321,2.9281,2.9321,2.9346,2.9371,2.9331,2.9371,25
2026-07-24 14:05:00,2.9331,2.9341,2.9306,2.9311,2.9381,2.9391,2.9356,2.9361,18
2026-07-24 14:06:00,2.9316,2.9401,2.9316,2.9401,2.9366,2.9451,2.9366,2.9451,33
2026-07-24 14:07:00,2.9411,2.9431,2.9391,2.9411,2.9461,2.9481,2.9441,2.9461,38
2026-07-24 14:08:00,2.9406,2.9411,2.9391,2.9401,2.9456,2.9461,2.9441,2.9451,28
2026-07-24 14:09:00,2.9411,2.9451,2.9411,2.9431,2.9461,2.9501,2.9461,2.9481,39
2026-07-24 14:10:00,2.9421,2.9451,2.9411,2.9411,2.9471,2.9501,2.9461,2.9461,26
2026-07-24 14:11:00,2.9421,2.9431,2.9391,2.9421,2.9471,2.9481,2.9441,2.9471,22
2026-07-24 14:12:00,2.9431,2.9431,2.9401,2.9421,2.9481,2.9481,2.9451,2.9471,30
2026-07-24 14:13:00,2.9431,2.9441,2.9411,2.9421,2.9481,2.9491,2.9461,2.9471,25
2026-07-24 14:14:00,2.9431,2.9431,2.9371,2.9391,2.9481,2.9481,2.9421,2.9441,48
2026-07-24 14:15:00,2.9396,2.9401,2.9351,2.9361,2.9446,2.9451,2.9401,2.9411,29
2026-07-24 14:16:00,2.9351,2.9401,2.9351,2.9386,2.9401,2.9451,2.9401,2.9436,31
2026-07-24 14:17:00,2.9391,2.9391,2.9351,2.9356,2.9441,2.9441,2.9401,2.9406,36
2026-07-24 14:18:00,2.9361,2.9371,2.9341,2.9371,2.9411,2.9421,2.9391,2.9421,41
2026-07-24 14:19:00,2.9381,2.9401,2.9371,2.9391,2.9431,2.9451,2.9421,2.9441,30
2026-07-24 14:20:00,2.9381,2.9441,2.9371,2.9431,2.9431,2.9491,2.9421,2.9481,33
2026-07-24 14:21:00,2.9436,2.9441,2.9401,2.9401,2.9486,2.9491,2.9451,2.9451,35
2026-07-24 14:22:00,2.9391,2.9411,2.9361,2.9371,2.9441,2.9461,2.9411,2.9421,28
2026-07-24 14:23:00,2.9381,2.9411,2.9371,2.9381,2.9431,2.9461,2.9421,2.9431,34
2026-07-24 14:24:00,2.9386,2.9436,2.9381,2.9436,2.9436,2.9486,2.9431,2.9486,12
2026-07-24 14:25:00,2.9431,2.9471,2.9431,2.9431,2.9481,2.9521,2.9481,2.9481,31
2026-07-24 14:26:00,2.9441,2.9481,2.9431,2.9461,2.9491,2.9531,2.9481,2.9511,24
2026-07-24 14:27:00,2.9471,2.9471,2.9451,2.9451,2.9521,2.9521,2.9501,2.9501,36
2026-07-24 14:28:00,2.9456,2.9461,2.9431,2.9451,2.9506,2.9511,2.9481,2.9501,20
2026-07-24 14:29:00,2.9461,2.9471,2.9421,2.9431,2.9511,2.9521,2.9471,2.9481,17
2026-07-24 14:30:00,2.9441,2.9501,2.9441,2.9501,2.9491,2.9551,2.9491,2.9551,17
2026-07-24 14:31:00,2.9511,2.9571,2.9501,2.9571,2.9561,2.9621,2.9551,2.9621,35
2026-07-24 14:32:00,2.9561,2.9561,2.9531,2.9551,2.9611,2.9611,2.9581,2.9601,19
2026-07-24 14:33:00,2.9561,2.9601,2.9551,2.9596,2.9611,2.9651,2.9601,2.9646,29
2026-07-24 14:34:00,2.9601,2.9631,2.9601,2.9621,2.9651,2.9681,2.9651,2.9671,34
2026-07-24 14:35:00,2.9626,2.9651,2.9611,2.9631,2.9676,2.9701,2.9661,2.9681,57
2026-07-24 14:36:00,2.9641,2.9661,2.9621,2.9621,2.9691,2.9711,2.9671,2.9671,38
2026-07-24 14:37:00,2.9626,2.9641,2.9621,2.9631,2.9676,2.9691,2.9671,2.9681,22
2026-07-24 14:38:00,2.9641,2.9671,2.9631,2.9661,2.9691,2.9721,2.9681,2.9711,30
2026-07-24 14:39:00,2.9671,2.9691,2.9661,2.9681,2.9721,2.9741,2.9711,2.9731,9
2026-07-24 14:40:00,2.9691,2.9741,2.9681,2.9711,2.9741,2.9791,2.9731,2.9761,64
2026-07-24 14:41:00,2.9716,2.9781,2.9716,2.9741,2.9766,2.9831,2.9766,2.9791,43
2026-07-24 14:42:00,2.9746,2.9761,2.9731,2.9761,2.9796,2.9811,2.9781,2.9811,39
2026-07-24 14:43:00,2.9771,2.9771,2.9701,2.9706,2.9821,2.9821,2.9751,2.9756,33
2026-07-24 14:44:00,2.9711,2.9771,2.9711,2.9716,2.9761,2.9821,2.9761,2.9766,58
2026-07-24 14:45:00,2.9711,2.9711,2.9651,2.9661,2.9761,2.9761,2.9701,2.9711,57
2026-07-24 14:46:00,2.9656,2.9681,2.9641,2.9681,2.9706,2.9731,2.9691,2.9731,34
2026-07-24 14:47:00,2.9691,2.9761,2.9681,2.9751,2.9741,2.9811,2.9731,2.9801,45
2026-07-24 14:48:00,2.9761,2.9771,2.9731,2.9731,2.9811,2.9821,2.9781,2.9781,38
2026-07-24 14:49:00,2.9741,2.9751,2.9711,2.9721,2.9791,2.9801,2.9761,2.9771,26
2026-07-24 14:50:00,2.9701,2.9701,2.9681,2.9691,2.9751,2.9751,2.9731,2.9741,27
2026-07-24 14:51:00,2.9701,2.9701,2.9701,2.9701,2.9751,2.9751,2.9751,2.9751,1
2026-07-24 14:52:00,2.9691,2.9701,2.9671,2.9681,2.9741,2.9751,2.9721,2.9731,13
2026-07-24 14:53:00,2.9686,2.9701,2.9671,2.9691,2.9736,2.9751,2.9721,2.9741,47
2026-07-24 14:54:00,2.9701,2.9711,2.9681,2.9711,2.9751,2.9761,2.9731,2.9761,21
2026-07-24 14:55:00,2.9701,2.9701,2.9661,2.9671,2.9751,2.9751,2.9711,2.9721,25
2026-07-24 14:56:00,2.9681,2.9691,2.9661,2.9671,2.9731,2.9741,2.9711,2.9721,31
2026-07-24 14:57:00,2.9681,2.9691,2.9671,2.9681,2.9731,2.9741,2.9721,2.9731,11
2026-07-24 14:58:00,2.9691,2.9711,2.9681,2.9701,2.9741,2.9761,2.9731,2.9751,17
2026-07-24 14:59:00,2.9706,2.9721,2.9641,2.9651,2.9756,2.9771,2.9691,2.9701,38
2026-07-24 15:00:00,2.9661,2.9681,2.9621,2.9631,2.9711,2.9731,2.9671,2.9681,73
2026-07-24 15:01:00,2.9641,2.9681,2.9641,2.9671,2.9691,2.9731,2.9691,2.9721,49
2026-07-24 15:02:00,2.9681,2.9691,2.9661,2.9691,2.9731,2.9741,2.9711,2.9741,16
2026-07-24 15:03:00,2.9701,2.9711,2.9681,2.9681,2.9751,2.9761,2.9731,2.9731,12
2026-07-24 15:04:00,2.9691,2.9701,2.9661,2.9691,2.9741,2.9751,2.9711,2.9741,22
2026-07-24 15:05:00,2.9681,2.9691,2.9651,2.9661,2.9731,2.9741,2.9701,2.9711,21
2026-07-24 15:06:00,2.9671,2.9741,2.9661,2.9711,2.9721,2.9791,2.9711,2.9761,51
2026-07-24 15:07:00,2.9706,2.9761,2.9706,2.9741,2.9756,2.9811,2.9756,2.9791,53
2026-07-24 15:08:00,2.9751,2.9761,2.9741,2.9751,2.9801,2.9811,2.9791,2.9801,19
2026-07-24 15:09:00,2.9741,2.9751,2.9711,2.9721,2.9791,2.9801,2.9761,2.9771,16
2026-07-24 15:10:00,2.9731,2.9741,2.9691,2.9711,2.9781,2.9791,2.9741,2.9761,50
2026-07-24 15:11:00,2.9721,2.9731,2.9691,2.9711,2.9771,2.9781,2.9741,2.9761,37
2026-07-24 15:12:00,2.9701,2.9711,2.9631,2.9631,2.9751,2.9761,2.9681,2.9681,29
2026-07-24 15:13:00,2.9641,2.9651,2.9621,2.9621,2.9691,2.9701,2.9671,2.9671,24
2026-07-24 15:14:00,2.9631,2.9651,2.9611,2.9641,2.9681,2.9701,2.9661,2.9691,40
2026-07-24 15:15:00,2.9646,2.9691,2.9641,2.9681,2.9696,2.9741,2.9691,2.9731,32
2026-07-24 15:16:00,2.9671,2.9691,2.9671,2.9691,2.9721,2.9741,2.9721,2.9741,23
2026-07-24 15:17:00,2.9701,2.9741,2.9691,2.9696,2.9751,2.9791,2.9741,2.9746,34
2026-07-24 15:18:00,2.9691,2.9711,2.9691,2.9701,2.9741,2.9761,2.9741,2.9751,26
2026-07-24 15:19:00,2.9681,2.9701,2.9681,2.9681,2.9731,2.9751,2.9731,2.9731,21
2026-07-24 15:20:00,2.9686,2.9701,2.9651,2.9651,2.9736,2.9751,2.9701,2.9701,24
2026-07-24 15:21:00,2.9656,2.9661,2.9631,2.9636,2.9706,2.9711,2.9681,2.9686,50
2026-07-24 15:22:00,2.9641,2.9666,2.9631,2.9651,2.9691,2.9716,2.9681,2.9701,37
2026-07-24 15:23:00,2.9641,2.9646,2.9621,2.9621,2.9691,2.9696,2.9671,2.9671,13
2026-07-24 15:24:00,2.9611,2.9641,2.9611,2.9641,2.9661,2.9691,2.9661,2.9691,20
2026-07-24 15:25:00,2.9631,2.9636,2.9621,2.9621,2.9681,2.9686,2.9671,2.9671,6
2026-07-24 15:26:00,2.9631,2.9631,2.9611,2.9631,2.9681,2.9681,2.9661,2.9681,10
2026-07-24 15:27:00,2.9621,2.9651,2.9621,2.9651,2.9671,2.9701,2.9671,2.9701,14
2026-07-24 15:28:00,2.9641,2.9671,2.9641,2.9661,2.9691,2.9721,2.9691,2.9711,15
2026-07-24 15:29:00,2.9671,2.9681,2.9641,2.9651,2.9721,2.9731,2.9691,2.9701,30
2026-07-24 15:30:00,2.9641,2.9671,2.9631,2.9641,2.9691,2.9721,2.9681,2.9691,72
2026-07-24 15:31:00,2.9651,2.9661,2.9621,2.9651,2.9701,2.9711,2.9671,2.9701,48
2026-07-24 15:32:00,2.9661,2.9691,2.9661,2.9691,2.9711,2.9741,2.9711,2.9741,26
2026-07-24 15:33:00,2.9681,2.9691,2.9651,2.9651,2.9731,2.9741,2.9701,2.9701,48
2026-07-24 15:34:00,2.9641,2.9641,2.9591,2.9631,2.9691,2.9691,2.9641,2.9681,68
2026-07-24 15:35:00,2.9621,2.9621,2.9591,2.9601,2.9671,2.9671,2.9641,2.9651,44
2026-07-24 15:36:00,2.9596,2.9601,2.9531,2.9541,2.9646,2.9651,2.9581,2.9591,90
2026-07-24 15:37:00,2.9531,2.9561,2.9531,2.9551,2.9581,2.9611,2.9581,2.9601,38
2026-07-24 15:38:00,2.9561,2.9576,2.9561,2.9571,2.9611,2.9626,2.9611,2.9621,12
2026-07-24 15:39:00,2.9581,2.9581,2.9561,2.9581,2.9631,2.9631,2.9611,2.9631,36
2026-07-24 15:40:00,2.9571,2.9571,2.9541,2.9541,2.9621,2.9621,2.9591,2.9591,24
2026-07-24 15:41:00,2.9531,2.9541,2.9491,2.9501,2.9581,2.9591,2.9541,2.9551,45
2026-07-24 15:42:00,2.9511,2.9526,2.9481,2.9521,2.9561,2.9576,2.9531,2.9571,17
2026-07-24 15:43:00,2.9511,2.9521,2.9511,2.9521,2.9561,2.9571,2.9561,2.9571,2
2026-07-24 15:44:00,2.9531,2.9531,2.9501,2.9501,2.9581,2.9581,2.9551,2.9551,15
2026-07-24 15:45:00,2.9491,2.9496,2.9431,2.9431,2.9541,2.9546,2.9481,2.9481,52
2026-07-24 15:46:00,2.9381,2.9391,2.9351,2.9376,2.9431,2.9441,2.9401,2.9426,56
2026-07-24 15:47:00,2.9371,2.9421,2.9371,2.9401,2.9421,2.9471,2.9421,2.9451,27
2026-07-24 15:48:00,2.9411,2.9421,2.9321,2.9351,2.9461,2.9471,2.9371,2.9401,62
2026-07-24 15:49:00,2.9366,2.9371,2.9341,2.9341,2.9406,2.9421,2.9391,2.9391,33
2026-07-24 15:50:00,2.9351,2.9401,2.9341,2.9371,2.9401,2.9451,2.9391,2.9421,45
2026-07-24 15:51:00,2.9376,2.9421,2.9361,2.9401,2.9426,2.9471,2.9411,2.9451,52
2026-07-24 15:52:00,2.9396,2.9401,2.9341,2.9351,2.9446,2.9451,2.9391,2.9401,40
2026-07-24 15:53:00,2.9341,2.9381,2.9341,2.9351,2.9391,2.9431,2.9391,2.9401,37
2026-07-24 15:54:00,2.9341,2.9351,2.9301,2.9351,2.9391,2.9401,2.9351,2.9401,47
2026-07-24 15:55:00,2.9356,2.9361,2.9341,2.9341,2.9406,2.9411,2.9391,2.9391,21
2026-07-24 15:56:00,2.9351,2.9361,2.9331,2.9331,2.9401,2.9411,2.9381,2.9381,28
2026-07-24 15:57:00,2.9321,2.9341,2.9301,2.9316,2.9371,2.9391,2.9351,2.9366,39
2026-07-24 15:58:00,2.9321,2.9351,2.9321,2.9351,2.9371,2.9401,2.9371,2.9401,21
2026-07-24 15:59:00,2.9341,2.9361,2.9331,2.9361,2.9391,2.9411,2.9381,2.9411,27
2026-07-24 16:00:00,2.9351,2.9356,2.9301,2.9311,2.9401,2.9406,2.9351,2.9361,27
2026-07-24 16:01:00,2.9301,2.9331,2.9301,2.9331,2.9351,2.9381,2.9351,2.9381,21
2026-07-24 16:02:00,2.9351,2.9381,2.9351,2.9376,2.9401,2.9431,2.9401,2.9426,18
2026-07-24 16:03:00,2.9381,2.9411,2.9371,2.9401,2.9431,2.9461,2.9421,2.9451,25
2026-07-24 16:04:00,2.9391,2.9401,2.9391,2.9391,2.9441,2.9451,2.9441,2.9441,12
2026-07-24 16:05:00,2.9391,2.9411,2.9381,2.9401,2.9441,2.9461,2.9431,2.9451,27
2026-07-24 16:06:00,2.9391,2.9391,2.9381,2.9391,2.9441,2.9441,2.9431,2.9441,10
2026-07-24 16:07:00,2.9381,2.9391,2.9371,2.9391,2.9431,2.9441,2.9421,2.9441,22
2026-07-24 16:08:00,2.9401,2.9421,2.9391,2.9421,2.9451,2.9471,2.9441,2.9471,44
2026-07-24 16:09:00,2.9426,2.9461,2.9421,2.9436,2.9476,2.9511,2.9471,2.9486,94
2026-07-24 16:10:00,2.9441,2.9531,2.9436,2.9521,2.9491,2.9581,2.9486,2.9571,126
2026-07-24 16:11:00,2.9516,2.9541,2.9511,2.9541,2.9566,2.9591,2.9561,2.9591,70
2026-07-24 16:12:00,2.9531,2.9591,2.9531,2.9556,2.9581,2.9641,2.9581,2.9606,190
2026-07-24 16:13:00,2.9551,2.9571,2.9501,2.9511,2.9601,2.9621,2.9551,2.9561,108
2026-07-24 16:14:00,2.9501,2.9531,2.9501,2.9521,2.9551,2.9581,2.9551,2.9571,24
2026-07-24 16:15:00,2.9526,2.9591,2.9526,2.9571,2.9576,2.9651,2.9576,2.9621,34
2026-07-24 16:16:00,2.9566,2.9581,2.9551,2.9581,2.9616,2.9631,2.9601,2.9631,28
2026-07-24 16:17:00,2.9576,2.9611,2.9576,2.9591,2.9626,2.9661,2.9626,2.9651,17
2026-07-24 16:18:00,2.9601,2.9601,2.9591,2.9601,2.9651,2.9651,2.9641,2.9651,13
2026-07-24 16:19:00,2.9611,2.9651,2.9611,2.9621,2.9661,2.9701,2.9661,2.9681,41
2026-07-24 16:20:00,2.9631,2.9661,2.9601,2.9631,2.9681,2.9711,2.9651,2.9681,55
2026-07-24 16:21:00,2.9621,2.9631,2.9611,2.9621,2.9671,2.9681,2.9661,2.9671,11
2026-07-24 16:22:00,2.9611,2.9611,2.9571,2.9611,2.9661,2.9661,2.9621,2.9661,48
2026-07-24 16:23:00,2.9601,2.9611,2.9551,2.9566,2.9651,2.9661,2.9601,2.9616,32
2026-07-24 16:24:00,2.9561,2.9611,2.9541,2.9581,2.9611,2.9661,2.9591,2.9631,45
2026-07-24 16:25:00,2.9576,2.9621,2.9576,2.9621,2.9626,2.9671,2.9626,2.9671,20
2026-07-24 16:26:00,2.9611,2.9621,2.9571,2.9591,2.9661,2.9671,2.9621,2.9641,33
2026-07-24 16:27:00,2.9596,2.9621,2.9596,2.9611,2.9646,2.9671,2.9646,2.9661,20
2026-07-24 16:28:00,2.9606,2.9621,2.9591,2.9621,2.9656,2.9671,2.9641,2.9671,10
2026-07-24 16:29:00,2.9611,2.9631,2.9601,2.9601,2.9661,2.9681,2.9651,2.9651,15
2026-07-24 16:30:00,2.9591,2.9621,2.9591,2.9611,2.9641,2.9671,2.9641,2.9661,56
2026-07-24 16:31:00,2.9616,2.9621,2.9591,2.9591,2.9666,2.9671,2.9641,2.9641,32
2026-07-24 16:32:00,2.9601,2.9611,2.9571,2.9581,2.9651,2.9661,2.9621,2.9631,24
2026-07-24 16:33:00,2.9571,2.9591,2.9571,2.9591,2.9621,2.9641,2.9621,2.9641,51
2026-07-24 16:34:00,2.9581,2.9601,2.9581,2.9591,2.9631,2.9651,2.9631,2.9641,34
2026-07-24 16:35:00,2.9581,2.9611,2.9571,2.9581,2.9631,2.9661,2.9621,2.9631,27
2026-07-24 16:36:00,2.9591,2.9621,2.9571,2.9621,2.9641,2.9671,2.9621,2.9671,34
2026-07-24 16:37:00,2.9631,2.9641,2.9601,2.9621,2.9681,2.9691,2.9651,2.9671,17
2026-07-24 16:38:00,2.9611,2.9651,2.9601,2.9611,2.9661,2.9701,2.9651,2.9661,25
2026-07-24 16:39:00,2.9621,2.9621,2.9606,2.9621,2.9671,2.9671,2.9656,2.9671,14
2026-07-24 16:40:00,2.9611,2.9611,2.9591,2.9601,2.9661,2.9661,2.9641,2.9651,9
2026-07-24 16:41:00,2.9611,2.9621,2.9611,2.9621,2.9661,2.9671,2.9661,2.9671,2
2026-07-24 16:42:00,2.9611,2.9621,2.9591,2.9611,2.9661,2.9671,2.9641,2.9661,16
2026-07-24 16:43:00,2.9616,2.9621,2.9581,2.9591,2.9666,2.9671,2.9631,2.9641,19
2026-07-24 16:44:00,2.9596,2.9601,2.9591,2.9601,2.9646,2.9651,2.9641,2.9651,14
2026-07-24 16:45:00,2.9596,2.9596,2.9551,2.9561,2.9646,2.9646,2.9601,2.9611,11
2026-07-24 16:46:00,2.9551,2.9571,2.9551,2.9561,2.9601,2.9621,2.9601,2.9611,28
2026-07-24 16:47:00,2.9566,2.9571,2.9541,2.9551,2.9616,2.9621,2.9591,2.9601,38
2026-07-24 16:48:00,2.9561,2.9581,2.9561,2.9581,2.9611,2.9631,2.9611,2.9631,18
2026-07-24 16:49:00,2.9571,2.9591,2.9571,2.9581,2.9621,2.9641,2.9621,2.9631,28
2026-07-24 16:50:00,2.9591,2.9591,2.9571,2.9581,2.9641,2.9641,2.9621,2.9631,62
2026-07-24 16:51:00,2.9586,2.9631,2.9581,2.9621,2.9636,2.9681,2.9631,2.9671,60
2026-07-24 16:52:00,2.9611,2.9641,2.9611,2.9631,2.9661,2.9691,2.9661,2.9681,28
2026-07-24 16:53:00,2.9621,2.9631,2.9591,2.9601,2.9671,2.9681,2.9641,2.9651,32
2026-07-24 16:54:00,2.9611,2.9611,2.9601,2.9601,2.9661,2.9661,2.9651,2.9651,6
2026-07-24 16:55:00,2.9611,2.9641,2.9601,2.9631,2.9661,2.9691,2.9651,2.9681,17
2026-07-24 16:56:00,2.9626,2.9631,2.9621,2.9631,2.9676,2.9681,2.9671,2.9681,18
2026-07-24 16:57:00,2.9641,2.9641,2.9621,2.9621,2.9691,2.9691,2.9671,2.9671,7
2026-07-24 16:58:00,2.9611,2.9621,2.9611,2.9611,2.9661,2.9671,2.9661,2.9661,6
2026-07-24 16:59:00,2.9621,2.9631,2.9611,2.9611,2.9671,2.9681,2.9661,2.9661,26
2026-07-24 17:00:00,2.9601,2.9631,2.9601,2.9621,2.9651,2.9681,2.9651,2.9671,22
2026-07-24 17:01:00,2.9631,2.9631,2.9621,2.9631,2.9681,2.9681,2.9671,2.9681,6
2026-07-24 17:02:00,2.9641,2.9641,2.9631,2.9641,2.9691,2.9691,2.9681,2.9691,34
2026-07-24 17:03:00,2.9631,2.9641,2.9621,2.9621,2.9681,2.9691,2.9671,2.9671,20
2026-07-24 17:04:00,2.9611,2.9621,2.9601,2.9611,2.9661,2.9671,2.9651,2.9661,26
2026-07-24 17:05:00,2.9621,2.9631,2.9621,2.9631,2.9671,2.9681,2.9671,2.9681,12
2026-07-24 17:06:00,2.9636,2.9641,2.9631,2.9641,2.9686,2.9691,2.9681,2.9691,44
2026-07-24 17:07:00,2.9646,2.9651,2.9631,2.9631,2.9696,2.9701,2.9681,2.9681,26
2026-07-24 17:08:00,2.9621,2.9621,2.9591,2.9591,2.9671,2.9671,2.9641,2.9641,26
2026-07-24 17:09:00,2.9581,2.9581,2.9561,2.9571,2.9631,2.9631,2.9611,2.9621,50
2026-07-24 17:10:00,2.9576,2.9601,2.9521,2.9526,2.9626,2.9651,2.9571,2.9576,36
2026-07-24 17:11:00,2.9531,2.9551,2.9501,2.9536,2.9581,2.9601,2.9551,2.9586,69
2026-07-24 17:12:00,2.9541,2.9571,2.9541,2.9561,2.9591,2.9621,2.9591,2.9611,30
2026-07-24 17:13:00,2.9571,2.9571,2.9541,2.9551,2.9621,2.9621,2.9591,2.9601,15
2026-07-24 17:14:00,2.9541,2.9551,2.9491,2.9501,2.9591,2.9601,2.9541,2.9551,26
2026-07-24 17:15:00,2.9511,2.9521,2.9481,2.9491,2.9561,2.9571,2.9516,2.9521,37
2026-07-24 17:16:00,2.9476,2.9481,2.9431,2.9451,2.9526,2.9531,2.9481,2.9501,52
2026-07-24 17:17:00,2.9461,2.9471,2.9421,2.9471,2.9511,2.9521,2.9471,2.9521,41
2026-07-24 17:18:00,2.9461,2.9481,2.9461,2.9461,2.9511,2.9531,2.9511,2.9511,29
2026-07-24 17:19:00,2.9471,2.9471,2.9411,2.9416,2.9521,2.9521,2.9461,2.9466,43
2026-07-24 17:20:00,2.9421,2.9431,2.9391,2.9401,2.9471,2.9481,2.9441,2.9451,54
2026-07-24 17:21:00,2.9406,2.9441,2.9401,2.9441,2.9456,2.9491,2.9451,2.9491,51
2026-07-24 17:22:00,2.9431,2.9441,2.9431,2.9441,2.9481,2.9491,2.9481,2.9491,7
2026-07-24 17:23:00,2.9431,2.9461,2.9421,2.9456,2.9481,2.9511,2.9471,2.9506,33
2026-07-24 17:24:00,2.9451,2.9471,2.9441,2.9441,2.9501,2.9521,2.9491,2.9491,36
2026-07-24 17:25:00,2.9451,2.9496,2.9446,2.9481,2.9501,2.9546,2.9496,2.9531,51
2026-07-24 17:26:00,2.9471,2.9481,2.9451,2.9461,2.9521,2.9531,2.9501,2.9511,18
2026-07-24 17:27:00,2.9451,2.9481,2.9451,2.9461,2.9501,2.9531,2.9501,2.9511,23
2026-07-24 17:28:00,2.9451,2.9461,2.9431,2.9461,2.9501,2.9511,2.9481,2.9511,17
2026-07-24 17:29:00,2.9466,2.9471,2.9461,2.9461,2.9516,2.9521,2.9511,2.9511,9
2026-07-24 17:30:00,2.9451,2.9451,2.9411,2.9426,2.9501,2.9501,2.9461,2.9476,26
2026-07-24 17:31:00,2.9421,2.9431,2.9391,2.9401,2.9471,2.9481,2.9441,2.9451,21
2026-07-24 17:32:00,2.9411,2.9421,2.9391,2.9401,2.9461,2.9471,2.9441,2.9451,21
2026-07-24 17:33:00,2.9391,2.9431,2.9391,2.9421,2.9441,2.9481,2.9441,2.9471,10
2026-07-24 17:34:00,2.9411,2.9411,2.9391,2.9401,2.9461,2.9461,2.9441,2.9451,16
2026-07-24 17:35:00,2.9396,2.9401,2.9361,2.9381,2.9446,2.9451,2.9411,2.9431,25
2026-07-24 17:36:00,2.9371,2.9371,2.9351,2.9361,2.9421,2.9421,2.9401,2.9411,46
2026-07-24 17:37:00,2.9366,2.9371,2.9321,2.9331,2.9416,2.9421,2.9371,2.9381,40
2026-07-24 17:38:00,2.9341,2.9351,2.9331,2.9351,2.9391,2.9401,2.9381,2.9401,20
2026-07-24 17:39:00,2.9341,2.9371,2.9331,2.9331,2.9391,2.9421,2.9381,2.9381,15
2026-07-24 17:40:00,2.9341,2.9341,2.9311,2.9341,2.9391,2.9391,2.9361,2.9391,9
2026-07-24 17:41:00,2.9331,2.9366,2.9331,2.9341,2.9381,2.9416,2.9381,2.9391,19
2026-07-24 17:42:00,2.9351,2.9371,2.9341,2.9371,2.9401,2.9421,2.9391,2.9421,11
2026-07-24 17:43:00,2.9381,2.9411,2.9371,2.9381,2.9431,2.9461,2.9421,2.9431,55
2026-07-24 17:45:00,2.9391,2.9401,2.9371,2.9391,2.9441,2.9451,2.9421,2.9441,24
2026-07-24 17:46:00,2.9401,2.9411,2.9401,2.9411,2.9451,2.9461,2.9451,2.9461,4
2026-07-24 17:47:00,2.9421,2.9441,2.9411,2.9441,2.9471,2.9491,2.9461,2.9491,22
2026-07-24 17:48:00,2.9446,2.9461,2.9436,2.9451,2.9496,2.9511,2.9486,2.9501,30
2026-07-24 17:49:00,2.9446,2.9461,2.9431,2.9451,2.9496,2.9511,2.9481,2.9501,25
2026-07-24 17:50:00,2.9446,2.9451,2.9431,2.9441,2.9496,2.9501,2.9481,2.9491,23
2026-07-24 17:51:00,2.9451,2.9451,2.9411,2.9416,2.9501,2.9501,2.9461,2.9466,45
2026-07-24 17:52:00,2.9411,2.9421,2.9411,2.9411,2.9461,2.9471,2.9461,2.9461,3
2026-07-24 17:53:00,2.9401,2.9401,2.9391,2.9391,2.9451,2.9451,2.9441,2.9441,22
2026-07-24 17:54:00,2.9401,2.9411,2.9381,2.9406,2.9451,2.9461,2.9431,2.9456,34
2026-07-24 17:55:00,2.9401,2.9411,2.9391,2.9411,2.9451,2.9461,2.9441,2.9461,14
2026-07-24 17:56:00,2.9401,2.9406,2.9371,2.9371,2.9451,2.9456,2.9421,2.9421,10
2026-07-24 17:57:00,2.9361,2.9381,2.9351,2.9371,2.9411,2.9431,2.9401,2.9421,19
2026-07-24 17:58:00,2.9381,2.9381,2.9371,2.9381,2.9431,2.9431,2.9421,2.9431,20
2026-07-24 17:59:00,2.9371,2.9371,2.9351,2.9351,2.9421,2.9421,2.9401,2.9401,26
2026-07-24 18:00:00,2.9361,2.9361,2.9301,2.9311,2.9411,2.9411,2.9351,2.9361,47
2026-07-24 18:01:00,2.9301,2.9301,2.9271,2.9301,2.9351,2.9351,2.9321,2.9351,23
2026-07-24 18:02:00,2.9291,2.9301,2.9271,2.9291,2.9341,2.9351,2.9321,2.9341,23
2026-07-24 18:03:00,2.9286,2.9321,2.9286,2.9321,2.9336,2.9371,2.9336,2.9371,17
2026-07-24 18:04:00,2.9331,2.9341,2.9331,2.9341,2.9381,2.9391,2.9381,2.9391,2
2026-07-24 18:05:00,2.9351,2.9361,2.9341,2.9351,2.9401,2.9411,2.9391,2.9401,22
2026-07-24 18:06:00,2.9341,2.9371,2.9341,2.9371,2.9391,2.9421,2.9391,2.9421,32
2026-07-24 18:07:00,2.9381,2.9386,2.9371,2.9371,2.9431,2.9436,2.9421,2.9421,4
2026-07-24 18:08:00,2.9361,2.9371,2.9351,2.9371,2.9411,2.9421,2.9401,2.9421,14
2026-07-24 18:09:00,2.9381,2.9381,2.9371,2.9381,2.9431,2.9431,2.9421,2.9431,6
2026-07-24 18:10:00,2.9391,2.9391,2.9371,2.9371,2.9441,2.9441,2.9421,2.9421,6
2026-07-24 18:11:00,2.9381,2.9381,2.9371,2.9381,2.9431,2.9431,2.9421,2.9431,3
2026-07-24 18:12:00,2.9371,2.9381,2.9371,2.9381,2.9421,2.9431,2.9421,2.9431,6
2026-07-24 18:13:00,2.9371,2.9381,2.9371,2.9381,2.9421,2.9431,2.9421,2.9431,27
2026-07-24 18:15:00,2.9371,2.9381,2.9371,2.9371,2.9421,2.9431,2.9421,2.9421,19
2026-07-24 18:16:00,2.9381,2.9391,2.9371,2.9391,2.9431,2.9441,2.9421,2.9441,43
2026-07-24 18:17:00,2.9401,2.9431,2.9391,2.9401,2.9451,2.9481,2.9441,2.9451,43
2026-07-24 18:18:00,2.9396,2.9396,2.9371,2.9371,2.9446,2.9446,2.9421,2.9421,17
2026-07-24 18:19:00,2.9376,2.9381,2.9361,2.9361,2.9426,2.9431,2.9411,2.9411,7
2026-07-24 18:20:00,2.9366,2.9371,2.9341,2.9351,2.9416,2.9421,2.9391,2.9401,15
2026-07-24 18:21:00,2.9361,2.9371,2.9351,2.9371,2.9411,2.9421,2.9401,2.9421,5
2026-07-24 18:22:00,2.9361,2.9361,2.9311,2.9321,2.9411,2.9411,2.9361,2.9371,18
2026-07-24 18:23:00,2.9311,2.9321,2.9291,2.9291,2.9361,2.9371,2.9341,2.9341,21
2026-07-24 18:24:00,2.9281,2.9281,2.9241,2.9271,2.9331,2.9331,2.9291,2.9321,28
2026-07-24 18:25:00,2.9281,2.9291,2.9271,2.9281,2.9331,2.9341,2.9321,2.9331,6
2026-07-24 18:26:00,2.9291,2.9301,2.9281,2.9286,2.9341,2.9351,2.9331,2.9336,17
2026-07-24 18:27:00,2.9281,2.9291,2.9271,2.9291,2.9331,2.9341,2.9321,2.9341,11
2026-07-24 18:28:00,2.9296,2.9301,2.9281,2.9291,2.9346,2.9351,2.9331,2.9341,9
2026-07-24 18:30:00,2.9281,2.9311,2.9281,2.9291,2.9331,2.9361,2.9331,2.9341,35
2026-07-24 18:31:00,2.9281,2.9296,2.9271,2.9291,2.9331,2.9346,2.9321,2.9341,22
2026-07-24 18:32:00,2.9296,2.9311,2.9281,2.9291,2.9346,2.9361,2.9331,2.9341,22
2026-07-24 18:33:00,2.9281,2.9291,2.9281,2.9281,2.9331,2.9341,2.9331,2.9331,11
2026-07-24 18:34:00,2.9271,2.9271,2.9221,2.9241,2.9321,2.9321,2.9271,2.9291,29
2026-07-24 18:35:00,2.9231,2.9231,2.9141,2.9161,2.9281,2.9281,2.9191,2.9211,65
2026-07-24 18:36:00,2.9156,2.9181,2.9151,2.9181,2.9206,2.9231,2.9201,2.9231,51
2026-07-24 18:37:00,2.9171,2.9181,2.9141,2.9151,2.9221,2.9231,2.9191,2.9201,34
2026-07-24 18:38:00,2.9161,2.9161,2.9121,2.9131,2.9211,2.9211,2.9171,2.9181,28
2026-07-24 18:39:00,2.9136,2.9141,2.9111,2.9121,2.9186,2.9191,2.9161,2.9171,26
2026-07-24 18:40:00,2.9111,2.9141,2.9111,2.9116,2.9161,2.9191,2.9161,2.9166,21
2026-07-24 18:41:00,2.9121,2.9121,2.9111,2.9121,2.9171,2.9171,2.9161,2.9171,8
2026-07-24 18:42:00,2.9131,2.9141,2.9131,2.9141,2.9181,2.9191,2.9181,2.9191,11
2026-07-24 18:43:00,2.9131,2.9131,2.9121,2.9131,2.9181,2.9181,2.9171,2.9181,8
2026-07-24 18:44:00,2.9121,2.9121,2.9111,2.9111,2.9171,2.9171,2.9161,2.9161,2
2026-07-24 18:45:00,2.9101,2.9121,2.9081,2.9086,2.9151,2.9171,2.9131,2.9136,24
2026-07-24 18:46:00,2.9081,2.9101,2.9061,2.9091,2.9131,2.9151,2.9111,2.9141,47
2026-07-24 18:47:00,2.9101,2.9111,2.9061,2.9081,2.9151,2.9161,2.9111,2.9131,23
2026-07-24 18:48:00,2.9091,2.9091,2.9091,2.9091,2.9141,2.9141,2.9141,2.9141,1
2026-07-24 18:49:00,2.9081,2.9091,2.9081,2.9091,2.9131,2.9141,2.9131,2.9141,5
2026-07-24 18:50:00,2.9101,2.9101,2.9071,2.9086,2.9151,2.9151,2.9121,2.9136,14
2026-07-24 18:51:00,2.9081,2.9091,2.9071,2.9091,2.9131,2.9141,2.9121,2.9141,14
2026-07-24 18:52:00,2.9081,2.9081,2.9071,2.9081,2.9131,2.9131,2.9121,2.9131,7
2026-07-24 18:53:00,2.9071,2.9081,2.9071,2.9071,2.9121,2.9131,2.9121,2.9121,4
2026-07-24 18:54:00,2.9081,2.9081,2.9061,2.9071,2.9131,2.9131,2.9111,2.9121,7
2026-07-24 18:55:00,2.9081,2.9116,2.9081,2.9111,2.9131,2.9166,2.9131,2.9161,24
2026-07-24 18:56:00,2.9101,2.9131,2.9101,2.9131,2.9151,2.9181,2.9151,2.9181,28
2026-07-24 18:57:00,2.9141,2.9141,2.9111,2.9131,2.9191,2.9191,2.9161,2.9181,33
2026-07-24 18:58:00,2.9141,2.9141,2.9131,2.9131,2.9191,2.9191,2.9181,2.9181,11
2026-07-24 18:59:00,2.9121,2.9131,2.9101,2.9101,2.9171,2.9181,2.9151,2.9151,8
2026-07-24 19:00:00,2.9111,2.9121,2.9091,2.9091,2.9161,2.9171,2.9141,2.9141,20
2026-07-24 19:01:00,2.9101,2.9121,2.9101,2.9101,2.9151,2.9171,2.9151,2.9151,36
2026-07-24 19:02:00,2.9106,2.9111,2.9101,2.9111,2.9156,2.9161,2.9151,2.9161,9
2026-07-24 19:03:00,2.9101,2.9111,2.9071,2.9091,2.9151,2.9161,2.9121,2.9141,16
2026-07-24 19:04:00,2.9101,2.9111,2.9081,2.9111,2.9151,2.9161,2.9131,2.9161,16
2026-07-24 19:05:00,2.9101,2.9131,2.9101,2.9131,2.9151,2.9181,2.9151,2.9181,13
2026-07-24 19:06:00,2.9121,2.9131,2.9121,2.9131,2.9171,2.9181,2.9171,2.9181,24
2026-07-24 19:07:00,2.9121,2.9131,2.9121,2.9131,2.9171,2.9181,2.9171,2.9181,6
2026-07-24 19:08:00,2.9121,2.9121,2.9091,2.9101,2.9171,2.9171,2.9141,2.9151,17
2026-07-24 19:09:00,2.9091,2.9091,2.9071,2.9071,2.9141,2.9141,2.9121,2.9121,30
2026-07-24 19:10:00,2.9081,2.9106,2.9081,2.9101,2.9131,2.9156,2.9131,2.9151,8
2026-07-24 19:11:00,2.9091,2.9091,2.9081,2.9081,2.9141,2.9141,2.9131,2.9131,2
2026-07-24 19:12:00,2.9091,2.9091,2.9081,2.9081,2.9141,2.9141,2.9131,2.9131,3
2026-07-24 19:13:00,2.9091,2.9091,2.9071,2.9091,2.9141,2.9141,2.9121,2.9141,22
2026-07-24 19:14:00,2.9081,2.9081,2.9041,2.9061,2.9131,2.9131,2.9091,2.9111,23
2026-07-24 19:15:00,2.9071,2.9091,2.9061,2.9081,2.9121,2.9141,2.9111,2.9131,16
2026-07-24 19:16:00,2.9071,2.9081,2.9071,2.9081,2.9121,2.9131,2.9121,2.9131,2
2026-07-24 19:17:00,2.9091,2.9101,2.9081,2.9081,2.9141,2.9151,2.9131,2.9131,11
2026-07-24 19:18:00,2.9071,2.9071,2.9061,2.9061,2.9121,2.9121,2.9111,2.9111,2
2026-07-24 19:19:00,2.9071,2.9071,2.9051,2.9071,2.9121,2.9121,2.9101,2.9121,31
2026-07-24 19:20:00,2.9061,2.9091,2.9061,2.9081,2.9111,2.9141,2.9111,2.9131,28
2026-07-24 19:21:00,2.9071,2.9091,2.9071,2.9071,2.9121,2.9141,2.9121,2.9121,44
2026-07-24 19:22:00,2.9076,2.9076,2.9051,2.9061,2.9126,2.9126,2.9101,2.9111,11
2026-07-24 19:23:00,2.9071,2.9071,2.9061,2.9071,2.9121,2.9121,2.9111,2.9121,3
2026-07-24 19:24:00,2.9061,2.9081,2.9061,2.9071,2.9111,2.9131,2.9111,2.9121,14
2026-07-24 19:25:00,2.9076,2.9081,2.9071,2.9071,2.9126,2.9131,2.9121,2.9121,6
2026-07-24 19:26:00,2.9061,2.9071,2.9041,2.9041,2.9111,2.9121,2.9091,2.9091,8
2026-07-24 19:27:00,2.9051,2.9051,2.9001,2.9001,2.9101,2.9101,2.9051,2.9051,20
2026-07-24 19:28:00,2.9011,2.9011,2.8961,2.8971,2.9061,2.9061,2.9011,2.9021,42
2026-07-24 19:29:00,2.8981,2.8981,2.8951,2.8971,2.9031,2.9031,2.9001,2.9021,38
2026-07-24 19:30:00,2.8976,2.8991,2.8971,2.8991,2.9026,2.9041,2.9021,2.9041,23
2026-07-24 19:31:00,2.8981,2.8991,2.8961,2.8961,2.9031,2.9041,2.9011,2.9011,55
2026-07-24 19:32:00,2.8951,2.8981,2.8951,2.8971,2.9001,2.9031,2.9001,2.9021,17
2026-07-24 19:33:00,2.8981,2.8981,2.8971,2.8971,2.9031,2.9031,2.9021,2.9021,6
2026-07-24 19:34:00,2.8976,2.8981,2.8971,2.8971,2.9026,2.9031,2.9021,2.9021,8
2026-07-24 19:35:00,2.8961,2.8971,2.8951,2.8961,2.9011,2.9021,2.9001,2.9011,15
2026-07-24 19:36:00,2.8951,2.9011,2.8951,2.9011,2.9001,2.9061,2.9001,2.9061,13
2026-07-24 19:37:00,2.9021,2.9021,2.9001,2.9001,2.9071,2.9071,2.9051,2.9051,5
2026-07-24 19:38:00,2.8991,2.9001,2.8961,2.8971,2.9041,2.9051,2.9011,2.9021,43
2026-07-24 19:39:00,2.8976,2.8991,2.8971,2.8981,2.9026,2.9041,2.9021,2.9031,24
2026-07-24 19:40:00,2.8971,2.8991,2.8971,2.8991,2.9021,2.9041,2.9021,2.9041,3
2026-07-24 19:41:00,2.9001,2.9021,2.8991,2.9001,2.9051,2.9071,2.9041,2.9051,34
2026-07-24 19:42:00,2.9011,2.9021,2.9001,2.9021,2.9061,2.9071,2.9051,2.9071,13
2026-07-24 19:43:00,2.9011,2.9021,2.9011,2.9011,2.9061,2.9071,2.9061,2.9061,6
2026-07-24 19:44:00,2.9001,2.9021,2.9001,2.9016,2.9051,2.9071,2.9051,2.9066,25
2026-07-24 19:45:00,2.9021,2.9021,2.8981,2.8981,2.9071,2.9071,2.9031,2.9031,12
2026-07-24 19:46:00,2.8971,2.8971,2.8891,2.8931,2.9021,2.9021,2.8941,2.8981,115
2026-07-24 19:47:00,2.8936,2.8941,2.8891,2.8901,2.8986,2.8991,2.8941,2.8951,46
2026-07-24 19:48:00,2.8896,2.8911,2.8891,2.8906,2.8946,2.8961,2.8941,2.8956,14
2026-07-24 19:49:00,2.8911,2.8911,2.8891,2.8891,2.8961,2.8961,2.8941,2.8941,11
2026-07-24 19:50:00,2.8881,2.8891,2.8801,2.8841,2.8931,2.8941,2.8851,2.8891,52
2026-07-24 19:51:00,2.8851,2.8851,2.8821,2.8831,2.8901,2.8901,2.8871,2.8881,22
2026-07-24 19:52:00,2.8821,2.8831,2.8806,2.8811,2.8871,2.8881,2.8856,2.8861,13
2026-07-24 19:53:00,2.8821,2.8821,2.8791,2.8796,2.8871,2.8871,2.8841,2.8846,20
2026-07-24 19:54:00,2.8801,2.8851,2.8801,2.8851,2.8851,2.8901,2.8851,2.8901,22
2026-07-24 19:55:00,2.8841,2.8871,2.8841,2.8851,2.8891,2.8921,2.8891,2.8901,25
2026-07-24 19:56:00,2.8856,2.8881,2.8851,2.8861,2.8906,2.8931,2.8901,2.8911,23
2026-07-24 19:57:00,2.8871,2.8871,2.8851,2.8861,2.8921,2.8921,2.8901,2.8911,25
2026-07-24 19:58:00,2.8866,2.8871,2.8841,2.8851,2.8916,2.8921,2.8891,2.8901,10
2026-07-24 19:59:00,2.8841,2.8861,2.8831,2.8836,2.8891,2.8911,2.8881,2.8886,22
2026-07-24 20:00:00,2.8841,2.8851,2.8841,2.8841,2.8891,2.8901,2.8891,2.8891,10
2026-07-24 20:01:00,2.8831,2.8851,2.8831,2.8841,2.8881,2.8901,2.8881,2.8891,7
2026-07-24 20:02:00,2.8851,2.8876,2.8851,2.8871,2.8901,2.8926,2.8901,2.8921,23
2026-07-24 20:03:00,2.8861,2.8881,2.8861,2.8871,2.8911,2.8931,2.8911,2.8921,10
2026-07-24 20:04:00,2.8861,2.8881,2.8861,2.8876,2.8911,2.8931,2.8911,2.8926,12
2026-07-24 20:05:00,2.8871,2.8881,2.8871,2.8881,2.8921,2.8931,2.8921,2.8931,15
2026-07-24 20:06:00,2.8891,2.8891,2.8861,2.8861,2.8941,2.8941,2.8911,2.8911,13
2026-07-24 20:07:00,2.8851,2.8861,2.8831,2.8851,2.8901,2.8911,2.8881,2.8901,17
2026-07-24 20:08:00,2.8861,2.8891,2.8851,2.8891,2.8911,2.8941,2.8901,2.8941,15
2026-07-24 20:09:00,2.8881,2.8881,2.8871,2.8871,2.8931,2.8931,2.8921,2.8921,4
2026-07-24 20:10:00,2.8861,2.8881,2.8861,2.8871,2.8911,2.8931,2.8911,2.8921,29
2026-07-24 20:11:00,2.8866,2.8871,2.8861,2.8871,2.8916,2.8921,2.8911,2.8921,9
2026-07-24 20:12:00,2.8861,2.8861,2.8851,2.8851,2.8911,2.8911,2.8901,2.8901,6
2026-07-24 20:13:00,2.8856,2.8871,2.8851,2.8866,2.8906,2.8921,2.8901,2.8916,26
2026-07-24 20:14:00,2.8871,2.8871,2.8851,2.8856,2.8921,2.8921,2.8901,2.8906,33
2026-07-24 20:15:00,2.8861,2.8861,2.8841,2.8851,2.8911,2.8911,2.8891,2.8901,12
2026-07-24 20:16:00,2.8841,2.8841,2.8811,2.8821,2.8891,2.8891,2.8861,2.8871,13
2026-07-24 20:17:00,2.8831,2.8831,2.8811,2.8821,2.8881,2.8881,2.8861,2.8871,19
2026-07-24 20:18:00,2.8811,2.8821,2.8801,2.8811,2.8861,2.8871,2.8851,2.8861,12
2026-07-24 20:19:00,2.8816,2.8816,2.8801,2.8811,2.8866,2.8866,2.8851,2.8861,6
2026-07-24 20:20:00,2.8821,2.8861,2.8821,2.8851,2.8871,2.8911,2.8871,2.8901,26
2026-07-24 20:21:00,2.8841,2.8861,2.8841,2.8861,2.8891,2.8911,2.8891,2.8911,7
2026-07-24 20:22:00,2.8851,2.8871,2.8851,2.8861,2.8901,2.8921,2.8901,2.8911,19
2026-07-24 20:23:00,2.8851,2.8871,2.8846,2.8871,2.8901,2.8921,2.8896,2.8921,11
2026-07-24 20:24:00,2.8861,2.8871,2.8841,2.8866,2.8911,2.8921,2.8891,2.8916,26
2026-07-24 20:25:00,2.8871,2.8881,2.8831,2.8851,2.8921,2.8931,2.8881,2.8901,34
2026-07-24 20:26:00,2.8841,2.8891,2.8841,2.8881,2.8891,2.8941,2.8891,2.8931,31
2026-07-24 20:27:00,2.8891,2.8891,2.8851,2.8861,2.8941,2.8941,2.8901,2.8911,18
2026-07-24 20:28:00,2.8871,2.8931,2.8861,2.8871,2.8921,2.8981,2.8911,2.8921,84
2026-07-24 20:29:00,2.8861,2.8871,2.8821,2.8841,2.8911,2.8921,2.8871,2.8891,34
2026-07-24 20:30:00,2.8836,2.8861,2.8831,2.8861,2.8886,2.8911,2.8881,2.8911,34
2026-07-24 20:31:00,2.8871,2.8871,2.8821,2.8831,2.8921,2.8921,2.8871,2.8881,25
2026-07-24 20:32:00,2.8821,2.8821,2.8771,2.8791,2.8871,2.8871,2.8821,2.8841,24
2026-07-24 20:33:00,2.8801,2.8811,2.8781,2.8781,2.8851,2.8861,2.8831,2.8831,8
2026-07-24 20:34:00,2.8786,2.8821,2.8786,2.8796,2.8836,2.8871,2.8836,2.8846,20
2026-07-24 20:35:00,2.8801,2.8831,2.8796,2.8826,2.8851,2.8881,2.8846,2.8876,13
2026-07-24 20:36:00,2.8821,2.8831,2.8811,2.8811,2.8871,2.8881,2.8861,2.8861,13
2026-07-24 20:37:00,2.8801,2.8801,2.8781,2.8781,2.8851,2.8851,2.8831,2.8831,3
2026-07-24 20:38:00,2.8771,2.8781,2.8761,2.8771,2.8821,2.8831,2.8811,2.8821,6
2026-07-24 20:39:00,2.8781,2.8801,2.8771,2.8801,2.8831,2.8851,2.8821,2.8851,5
2026-07-24 20:40:00,2.8811,2.8811,2.8791,2.8811,2.8861,2.8861,2.8841,2.8861,6
2026-07-24 20:41:00,2.8806,2.8821,2.8806,2.8821,2.8856,2.8871,2.8856,2.8871,3
2026-07-24 20:42:00,2.8831,2.8841,2.8831,2.8841,2.8881,2.8891,2.8881,2.8891,4
2026-07-24 20:43:00,2.8851,2.8851,2.8841,2.8841,2.8901,2.8901,2.8891,2.8891,4
2026-07-24 20:44:00,2.8831,2.8841,2.8831,2.8841,2.8881,2.8891,2.8881,2.8891,2
2026-07-24 20:45:00,2.8851,2.8851,2.8841,2.8841,2.8901,2.8901,2.8891,2.8891,4
2026-07-24 20:48:00,2.8851,2.8851,2.8841,2.8851,2.8901,2.8901,2.8891,2.8901,3
2026-07-24 20:49:00,2.8841,2.8861,2.8831,2.8851,2.8891,2.8911,2.8881,2.8901,8
2026-07-24 20:50:00,2.8856,2.8861,2.8851,2.8861,2.8906,2.8911,2.8901,2.8911,5
2026-07-24 20:53:00,2.8871,2.8881,2.8871,2.8871,2.8921,2.8931,2.8921,2.8921,3
2026-07-24 20:54:00,2.8866,2.8881,2.8861,2.8881,2.8916,2.8931,2.8911,2.8931,4
2026-07-24 20:55:00,2.8871,2.8881,2.8871,2.8881,2.8921,2.8931,2.8921,2.8931,2
2026-07-24 20:56:00,2.8901,2.8901,2.8891,2.8901,2.8951,2.8951,2.8941,2.8951,6
2026-07-24 20:57:00,2.8911,2.8911,2.8901,2.8911,2.8961,2.8961,2.8951,2.8961,9
2026-07-24 20:58:00,2.8901,2.8921,2.8901,2.8911,2.8951,2.8971,2.8951,2.8961,10
2026-07-24 21:00:00,2.8921,2.8921,2.8891,2.8891,2.8971,2.8971,2.8941,2.8941,11
2026-07-24 21:01:00,2.8901,2.8931,2.8901,2.8931,2.8951,2.8981,2.8951,2.8981,9
2026-07-24 21:02:00,2.8941,2.8941,2.8931,2.8931,2.8991,2.8991,2.8981,2.8981,2
2026-07-24 21:03:00,2.8936,2.8941,2.8936,2.8941,2.8986,2.8991,2.8986,2.8991,2
2026-07-24 21:04:00,2.8931,2.8941,2.8931,2.8941,2.8981,2.8991,2.8981,2.8991,2
2026-07-24 21:06:00,2.8931,2.8931,2.8931,2.8931,2.8981,2.8981,2.8981,2.8981,1
2026-07-24 21:07:00,2.8921,2.8931,2.8921,2.8931,2.8971,2.8981,2.8971,2.8981,2
2026-07-24 21:08:00,2.8921,2.8921,2.8921,2.8921,2.8971,2.8971,2.8971,2.8971,1
2026-07-24 21:09:00,2.8931,2.8931,2.8921,2.8931,2.8981,2.8981,2.8971,2.8981,7
2026-07-24 21:10:00,2.8921,2.8931,2.8921,2.8931,2.8971,2.8981,2.8971,2.8981,5
2026-07-24 21:14:00,2.8921,2.8921,2.8911,2.8911,2.8971,2.8971,2.8961,2.8961,2
2026-07-24 21:15:00,2.8921,2.8931,2.8921,2.8931,2.8971,2.8981,2.8971,2.8981,5
2026-07-24 21:17:00,2.8921,2.8931,2.8921,2.8921,2.8971,2.8981,2.8971,2.8971,3
2026-07-24 21:19:00,2.8931,2.8931,2.8921,2.8931,2.8981,2.8981,2.8971,2.8981,3
2026-07-24 21:20:00,2.8941,2.8951,2.8931,2.8931,2.8991,2.9001,2.8981,2.8981,9
2026-07-24 21:21:00,2.8941,2.8941,2.8921,2.8931,2.8991,2.8991,2.8971,2.8981,4
2026-07-24 21:22:00,2.8926,2.8931,2.8921,2.8926,2.8976,2.8981,2.8971,2.8976,7
2026-07-24 21:23:00,2.8931,2.8931,2.8911,2.8921,2.8981,2.8981,2.8961,2.8971,4
2026-07-24 21:25:00,2.8926,2.8931,2.8921,2.8921,2.8976,2.8981,2.8971,2.8971,6
2026-07-24 21:26:00,2.8926,2.8941,2.8926,2.8931,2.8976,2.8991,2.8976,2.8981,24
2026-07-24 21:27:00,2.8941,2.8941,2.8931,2.8931,2.8991,2.8991,2.8981,2.8981,2
2026-07-24 21:28:00,2.8921,2.8931,2.8921,2.8931,2.8971,2.8981,2.8971,2.8981,2
2026-07-24 21:29:00,2.8941,2.8941,2.8921,2.8921,2.8991,2.8991,2.8971,2.8971,3
2026-07-24 21:30:00,2.8931,2.8931,2.8921,2.8921,2.8981,2.8981,2.8971,2.8971,2
2026-07-24 21:33:00,2.8911,2.8921,2.8911,2.8911,2.8961,2.8971,2.8961,2.8961,3
2026-07-24 21:35:00,2.8901,2.8911,2.8871,2.8881,2.8951,2.8961,2.8921,2.8931,17
2026-07-24 21:36:00,2.8891,2.8891,2.8891,2.8891,2.8941,2.8941,2.8941,2.8941,1
2026-07-24 21:37:00,2.8881,2.8881,2.8871,2.8881,2.8931,2.8931,2.8921,2.8931,6
2026-07-24 21:38:00,2.8891,2.8891,2.8881,2.8891,2.8941,2.8941,2.8931,2.8941,6
2026-07-24 21:40:00,2.8901,2.8901,2.8891,2.8891,2.8951,2.8951,2.8941,2.8941,2
2026-07-24 21:42:00,2.8901,2.8901,2.8886,2.8891,2.8951,2.8951,2.8936,2.8941,4
2026-07-24 21:44:00,2.8901,2.8901,2.8891,2.8901,2.8951,2.8951,2.8941,2.8951,3
2026-07-24 21:45:00,2.8906,2.8911,2.8901,2.8901,2.8956,2.8961,2.8951,2.8951,3
2026-07-24 21:46:00,2.8911,2.8911,2.8901,2.8911,2.8961,2.8961,2.8951,2.8961,3
2026-07-24 21:47:00,2.8901,2.8911,2.8901,2.8901,2.8951,2.8961,2.8951,2.8951,4
2026-07-24 21:48:00,2.8906,2.8906,2.8901,2.8901,2.8956,2.8956,2.8951,2.8951,6
2026-07-24 21:49:00,2.8911,2.8911,2.8911,2.8911,2.8961,2.8961,2.8961,2.8961,1
2026-07-24 21:50:00,2.8901,2.8911,2.8901,2.8911,2.8951,2.8961,2.8951,2.8961,4
2026-07-24 21:52:00,2.8901,2.8911,2.8901,2.8911,2.8951,2.8961,2.8951,2.8961,5
2026-07-24 21:53:00,2.8906,2.8911,2.8906,2.8911,2.8956,2.8961,2.8956,2.8961,2
2026-07-24 21:54:00,2.8901,2.8911,2.8891,2.8901,2.8951,2.8961,2.8941,2.8951,16
2026-07-24 21:55:00,2.8911,2.8911,2.8901,2.8901,2.8961,2.8961,2.8951,2.8951,7
2026-07-24 21:56:00,2.8911,2.8911,2.8901,2.8911,2.8961,2.8961,2.8951,2.8961,9
2026-07-24 21:57:00,2.8921,2.8921,2.8921,2.8921,2.8971,2.8971,2.8971,2.8971,1
2026-07-24 21:58:00,2.8911,2.8931,2.8911,2.8921,2.8961,2.8981,2.8961,2.8971,6
2026-07-24 21:59:00,2.8931,2.8941,2.8931,2.8941,2.8981,2.8991,2.8981,2.8991,5
2026-07-24 22:00:00,2.8951,2.8951,2.8941,2.8941,2.9001,2.9001,2.8991,2.8991,5
2026-07-24 22:01:00,2.8931,2.8941,2.8931,2.8941,2.8981,2.8991,2.8981,2.8991,2
2026-07-24 22:03:00,2.8931,2.8941,2.8931,2.8941,2.8981,2.8991,2.8981,2.8991,3
2026-07-24 22:04:00,2.8931,2.8936,2.8931,2.8931,2.8981,2.8986,2.8981,2.8981,3
2026-07-24 22:05:00,2.8926,2.8926,2.8901,2.8901,2.8976,2.8976,2.8951,2.8951,6
2026-07-24 22:07:00,2.8911,2.8921,2.8911,2.8911,2.8961,2.8971,2.8961,2.8961,6
2026-07-24 22:08:00,2.8906,2.8911,2.8901,2.8911,2.8956,2.8961,2.8951,2.8961,7
2026-07-24 22:09:00,2.8906,2.8931,2.8906,2.8931,2.8956,2.8981,2.8956,2.8981,8
2026-07-24 22:10:00,2.8936,2.8936,2.8931,2.8936,2.8986,2.8986,2.8981,2.8986,5
2026-07-24 22:11:00,2.8931,2.8936,2.8931,2.8936,2.8981,2.8986,2.8981,2.8986,2
2026-07-24 22:12:00,2.8931,2.8936,2.8931,2.8936,2.8981,2.8986,2.8981,2.8986,4
2026-07-24 22:13:00,2.8931,2.8936,2.8931,2.8936,2.8981,2.8986,2.8981,2.8986,2
2026-07-24 22:14:00,2.8941,2.8941,2.8931,2.8941,2.8991,2.8991,2.8981,2.8991,6
2026-07-24 22:18:00,2.8936,2.8941,2.8936,2.8941,2.8986,2.8991,2.8986,2.8991,4
2026-07-24 22:19:00,2.8931,2.8931,2.8931,2.8931,2.8981,2.8981,2.8981,2.8981,1
2026-07-24 22:20:00,2.8936,2.8951,2.8936,2.8951,2.8986,2.9001,2.8986,2.9001,3
2026-07-24 22:21:00,2.8956,2.8971,2.8956,2.8961,2.9006,2.9021,2.9006,2.9011,11
2026-07-24 22:22:00,2.8971,2.8971,2.8961,2.8961,2.9021,2.9021,2.9011,2.9011,4
2026-07-24 22:23:00,2.8966,2.8966,2.8961,2.8961,2.9016,2.9016,2.9011,2.9011,4
2026-07-24 22:24:00,2.8966,2.9001,2.8966,2.8996,2.9016,2.9051,2.9016,2.9046,11
2026-07-24 22:25:00,2.9001,2.9001,2.8991,2.8991,2.9051,2.9051,2.9041,2.9041,4
2026-07-24 22:26:00,2.9001,2.9001,2.8991,2.8991,2.9051,2.9051,2.9041,2.9041,8
2026-07-24 22:27:00,2.8981,2.9011,2.8981,2.9011,2.9031,2.9061,2.9031,2.9061,6
2026-07-24 22:28:00,2.9016,2.9021,2.9011,2.9021,2.9066,2.9071,2.9061,2.9071,9
2026-07-24 22:29:00,2.9016,2.9021,2.9011,2.9016,2.9066,2.9071,2.9061,2.9066,7
2026-07-24 22:30:00,2.9021,2.9026,2.9011,2.9021,2.9071,2.9076,2.9061,2.9071,12
2026-07-24 22:31:00,2.9026,2.9031,2.9021,2.9021,2.9076,2.9081,2.9071,2.9071,7
2026-07-24 22:34:00,2.9011,2.9031,2.9011,2.9021,2.9061,2.9081,2.9061,2.9071,9
2026-07-24 22:35:00,2.9016,2.9021,2.9011,2.9011,2.9066,2.9071,2.9061,2.9061,4
2026-07-24 22:36:00,2.9016,2.9016,2.9011,2.9011,2.9066,2.9066,2.9061,2.9061,2
2026-07-24 22:37:00,2.9016,2.9021,2.9016,2.9021,2.9066,2.9071,2.9066,2.9071,2
2026-07-24 22:38:00,2.9016,2.9021,2.9011,2.9021,2.9066,2.9071,2.9061,2.9071,5
2026-07-24 22:40:00,2.9031,2.9041,2.9021,2.9041,2.9081,2.9091,2.9071,2.9091,6
2026-07-24 22:41:00,2.9051,2.9051,2.9051,2.9051,2.9101,2.9101,2.9101,2.9101,1
2026-07-24 22:43:00,2.9041,2.9051,2.9031,2.9051,2.9091,2.9101,2.9081,2.9101,8
2026-07-24 22:44:00,2.9041,2.9041,2.9041,2.9041,2.9091,2.9091,2.9091,2.9091,1
2026-07-24 22:45:00,2.9036,2.9041,2.9021,2.9021,2.9086,2.9091,2.9071,2.9071,13
2026-07-24 22:46:00,2.9026,2.9031,2.9026,2.9031,2.9076,2.9081,2.9076,2.9081,2
2026-07-24 22:47:00,2.9026,2.9031,2.9021,2.9031,2.9076,2.9081,2.9071,2.9081,8
2026-07-24 22:49:00,2.9036,2.9036,2.9031,2.9031,2.9086,2.9086,2.9081,2.9081,4
2026-07-24 22:50:00,2.9036,2.9051,2.9036,2.9051,2.9086,2.9101,2.9086,2.9101,3
2026-07-24 22:51:00,2.9046,2.9051,2.9046,2.9051,2.9096,2.9101,2.9096,2.9101,4
2026-07-24 22:52:00,2.9041,2.9041,2.9041,2.9041,2.9091,2.9091,2.9091,2.9091,1
2026-07-24 22:53:00,2.9036,2.9036,2.9036,2.9036,2.9086,2.9086,2.9086,2.9086,1
2026-07-24 22:54:00,2.9031,2.9031,2.9031,2.9031,2.9081,2.9081,2.9081,2.9081,1
2026-07-24 22:55:00,2.9041,2.9071,2.9021,2.9071,2.9091,2.9121,2.9071,2.9121,20
2026-07-24 22:56:00,2.9066,2.9081,2.9061,2.9071,2.9116,2.9131,2.9111,2.9121,11
2026-07-24 22:57:00,2.9076,2.9081,2.9071,2.9071,2.9126,2.9131,2.9121,2.9121,6
2026-07-24 22:58:00,2.9066,2.9071,2.9061,2.9071,2.9116,2.9121,2.9111,2.9121,7
2026-07-24 22:59:00,2.9061,2.9113,2.9056,2.9093,2.9111,2.9143,2.9106,2.9143,28
2026-07-27 00:00:00,2.8648,2.8708,2.8553,2.8628,2.8698,2.8758,2.8603,2.8678,106
2026-07-27 00:01:00,2.8623,2.8623,2.8553,2.8573,2.8673,2.8673,2.8603,2.8623,36
2026-07-27 00:02:00,2.8563,2.8573,2.8503,2.8503,2.8613,2.8623,2.8553,2.8553,29
2026-07-27 00:03:00,2.8488,2.8568,2.8488,2.8568,2.8538,2.8618,2.8538,2.8618,42
2026-07-27 00:04:00,2.8563,2.8568,2.8498,2.8513,2.8613,2.8618,2.8548,2.8563,20
2026-07-27 00:05:00,2.8523,2.8563,2.8523,2.8538,2.8573,2.8613,2.8573,2.8588,30
2026-07-27 00:06:00,2.8533,2.8533,2.8493,2.8493,2.8583,2.8583,2.8543,2.8543,9
2026-07-27 00:07:00,2.8488,2.8488,2.8383,2.8383,2.8538,2.8538,2.8433,2.8433,20
2026-07-27 00:08:00,2.8378,2.8378,2.8323,2.8323,2.8428,2.8428,2.8373,2.8373,16
2026-07-27 00:09:00,2.8318,2.8373,2.8313,2.8348,2.8368,2.8423,2.8363,2.8398,35
2026-07-27 00:10:00,2.8343,2.8358,2.8308,2.8308,2.8393,2.8408,2.8358,2.8358,22
2026-07-27 00:11:00,2.8313,2.8358,2.8313,2.8353,2.8363,2.8408,2.8363,2.8403,24
2026-07-27 00:12:00,2.8358,2.8373,2.8353,2.8363,2.8408,2.8423,2.8403,2.8413,15
2026-07-27 00:13:00,2.8353,2.8413,2.8348,2.8403,2.8403,2.8463,2.8398,2.8453,29
2026-07-27 00:14:00,2.8393,2.8398,2.8383,2.8383,2.8443,2.8448,2.8433,2.8433,6
2026-07-27 00:15:00,2.8368,2.8368,2.8358,2.8358,2.8418,2.8418,2.8408,2.8408,3
2026-07-27 00:16:00,2.8353,2.8383,2.8353,2.8373,2.8403,2.8433,2.8403,2.8423,16
2026-07-27 00:17:00,2.8378,2.8378,2.8363,2.8363,2.8428,2.8428,2.8413,2.8413,7
2026-07-27 00:18:00,2.8373,2.8378,2.8353,2.8353,2.8423,2.8428,2.8403,2.8403,16
2026-07-27 00:19:00,2.8343,2.8353,2.8343,2.8348,2.8393,2.8403,2.8393,2.8398,8
2026-07-27 00:20:00,2.8353,2.8363,2.8353,2.8353,2.8403,2.8413,2.8403,2.8403,10
2026-07-27 00:21:00,2.8358,2.8368,2.8358,2.8363,2.8408,2.8418,2.8408,2.8413,4
2026-07-27 00:22:00,2.8373,2.8413,2.8373,2.8413,2.8423,2.8463,2.8423,2.8463,13
2026-07-27 00:23:00,2.8418,2.8423,2.8413,2.8413,2.8468,2.8473,2.8463,2.8463,9
2026-07-27 00:24:00,2.8403,2.8413,2.8403,2.8408,2.8453,2.8463,2.8453,2.8458,5
2026-07-27 00:25:00,2.8413,2.8413,2.8393,2.8398,2.8463,2.8463,2.8443,2.8448,10
2026-07-27 00:26:00,2.8403,2.8403,2.8398,2.8398,2.8453,2.8453,2.8448,2.8448,4
2026-07-27 00:27:00,2.8403,2.8413,2.8403,2.8413,2.8453,2.8463,2.8453,2.8463,3
2026-07-27 00:28:00,2.8423,2.8428,2.8413,2.8423,2.8473,2.8478,2.8463,2.8473,9
2026-07-27 00:29:00,2.8413,2.8413,2.8388,2.8398,2.8463,2.8463,2.8438,2.8448,8
2026-07-27 00:30:00,2.8403,2.8408,2.8393,2.8403,2.8453,2.8458,2.8443,2.8453,6
2026-07-27 00:32:00,2.8398,2.8403,2.8393,2.8393,2.8448,2.8453,2.8443,2.8443,7
2026-07-27 00:33:00,2.8398,2.8398,2.8393,2.8393,2.8448,2.8448,2.8443,2.8443,2
2026-07-27 00:34:00,2.8388,2.8393,2.8388,2.8393,2.8438,2.8443,2.8438,2.8443,2
2026-07-27 00:36:00,2.8398,2.8403,2.8393,2.8403,2.8448,2.8453,2.8443,2.8453,5
2026-07-27 00:37:00,2.8393,2.8398,2.8393,2.8398,2.8443,2.8448,2.8443,2.8448,2
2026-07-27 00:38:00,2.8393,2.8393,2.8393,2.8393,2.8443,2.8443,2.8443,2.8443,1
2026-07-27 00:39:00,2.8383,2.8388,2.8383,2.8383,2.8433,2.8438,2.8433,2.8433,3
2026-07-27 00:40:00,2.8388,2.8403,2.8388,2.8403,2.8438,2.8453,2.8438,2.8453,4
2026-07-27 00:41:00,2.8408,2.8413,2.8403,2.8413,2.8458,2.8463,2.8453,2.8463,5
2026-07-27 00:42:00,2.8423,2.8443,2.8413,2.8428,2.8473,2.8493,2.8463,2.8478,10
2026-07-27 00:43:00,2.8433,2.8433,2.8418,2.8418,2.8483,2.8483,2.8468,2.8468,3
2026-07-27 00:44:00,2.8413,2.8413,2.8373,2.8378,2.8463,2.8463,2.8423,2.8428,9
2026-07-27 00:45:00,2.8383,2.8403,2.8383,2.8393,2.8433,2.8453,2.8433,2.8443,5
2026-07-27 00:46:00,2.8383,2.8393,2.8383,2.8393,2.8433,2.8443,2.8433,2.8443,11
2026-07-27 00:47:00,2.8388,2.8408,2.8388,2.8403,2.8438,2.8458,2.8438,2.8453,4
2026-07-27 00:48:00,2.8408,2.8413,2.8408,2.8413,2.8458,2.8463,2.8458,2.8463,4
2026-07-27 00:49:00,2.8408,2.8408,2.8403,2.8403,2.8458,2.8458,2.8453,2.8453,2
2026-07-27 00:50:00,2.8398,2.8403,2.8398,2.8398,2.8448,2.8453,2.8448,2.8448,3
2026-07-27 00:51:00,2.8403,2.8403,2.8403,2.8403,2.8453,2.8453,2.8453,2.8453,1
2026-07-27 00:53:00,2.8393,2.8393,2.8393,2.8393,2.8443,2.8443,2.8443,2.8443,1
2026-07-27 00:54:00,2.8398,2.8398,2.8398,2.8398,2.8448,2.8448,2.8448,2.8448,1
2026-07-27 00:55:00,2.8403,2.8403,2.8373,2.8388,2.8453,2.8453,2.8423,2.8438,9
2026-07-27 00:57:00,2.8383,2.8383,2.8383,2.8383,2.8433,2.8433,2.8433,2.8433,1
2026-07-27 00:59:00,2.8393,2.8428,2.8393,2.8413,2.8443,2.8478,2.8443,2.8463,12
2026-07-27 01:00:00,2.8418,2.8418,2.8413,2.8413,2.8468,2.8468,2.8463,2.8463,2
2026-07-27 01:01:00,2.8418,2.8423,2.8418,2.8423,2.8468,2.8473,2.8468,2.8473,2
2026-07-27 01:03:00,2.8433,2.8433,2.8423,2.8428,2.8483,2.8483,2.8473,2.8478,3
2026-07-27 01:04:00,2.8433,2.8443,2.8423,2.8433,2.8483,2.8493,2.8473,2.8483,11
2026-07-27 01:05:00,2.8423,2.8433,2.8423,2.8423,2.8473,2.8483,2.8473,2.8473,4
2026-07-27 01:06:00,2.8428,2.8433,2.8428,2.8433,2.8478,2.8483,2.8478,2.8483,2
2026-07-27 01:07:00,2.8428,2.8488,2.8428,2.8463,2.8478,2.8538,2.8478,2.8513,20
2026-07-27 01:08:00,2.8453,2.8463,2.8453,2.8463,2.8503,2.8513,2.8503,2.8513,6
2026-07-27 01:09:00,2.8458,2.8468,2.8458,2.8468,2.8508,2.8518,2.8508,2.8518,3
2026-07-27 01:10:00,2.8473,2.8473,2.8473,2.8473,2.8523,2.8523,2.8523,2.8523,1
2026-07-27 01:12:00,2.8463,2.8463,2.8463,2.8463,2.8513,2.8513,2.8513,2.8513,1
2026-07-27 01:16:00,2.8473,2.8488,2.8473,2.8483,2.8523,2.8538,2.8523,2.8533,6
2026-07-27 01:17:00,2.8488,2.8488,2.8483,2.8483,2.8538,2.8538,2.8533,2.8533,2
2026-07-27 01:19:00,2.8473,2.8478,2.8473,2.8478,2.8523,2.8528,2.8523,2.8528,4
2026-07-27 01:20:00,2.8473,2.8473,2.8473,2.8473,2.8523,2.8523,2.8523,2.8523,1
2026-07-27 01:22:00,2.8478,2.8503,2.8478,2.8503,2.8528,2.8553,2.8528,2.8553,4
2026-07-27 01:24:00,2.8508,2.8523,2.8503,2.8503,2.8558,2.8573,2.8553,2.8553,8
2026-07-27 01:26:00,2.8508,2.8513,2.8503,2.8503,2.8558,2.8563,2.8553,2.8553,3
2026-07-27 01:27:00,2.8508,2.8508,2.8508,2.8508,2.8558,2.8558,2.8558,2.8558,1
2026-07-27 01:28:00,2.8513,2.8513,2.8503,2.8508,2.8563,2.8563,2.8553,2.8558,5
2026-07-27 01:29:00,2.8503,2.8503,2.8493,2.8493,2.8553,2.8553,2.8543,2.8543,3
2026-07-27 01:30:00,2.8498,2.8498,2.8493,2.8493,2.8548,2.8548,2.8543,2.8543,2
2026-07-27 01:31:00,2.8488,2.8488,2.8483,2.8483,2.8538,2.8538,2.8533,2.8533,2
2026-07-27 01:39:00,2.8493,2.8498,2.8493,2.8493,2.8543,2.8548,2.8543,2.8543,3
2026-07-27 01:40:00,2.8488,2.8493,2.8483,2.8493,2.8538,2.8543,2.8533,2.8543,4
2026-07-27 01:41:00,2.8483,2.8483,2.8473,2.8473,2.8533,2.8533,2.8523,2.8523,3
2026-07-27 01:43:00,2.8478,2.8478,2.8473,2.8473,2.8528,2.8528,2.8523,2.8523,2
2026-07-27 01:45:00,2.8468,2.8473,2.8468,2.8473,2.8518,2.8523,2.8518,2.8523,2
2026-07-27 01:46:00,2.8468,2.8473,2.8463,2.8473,2.8518,2.8523,2.8513,2.8523,4
2026-07-27 01:47:00,2.8468,2.8468,2.8468,2.8468,2.8518,2.8518,2.8518,2.8518,1
2026-07-27 01:48:00,2.8473,2.8473,2.8463,2.8473,2.8523,2.8523,2.8513,2.8523,6
2026-07-27 01:49:00,2.8483,2.8483,2.8483,2.8483,2.8533,2.8533,2.8533,2.8533,1
2026-07-27 01:54:00,2.8473,2.8473,2.8473,2.8473,2.8523,2.8523,2.8523,2.8523,1
2026-07-27 01:55:00,2.8483,2.8493,2.8483,2.8488,2.8533,2.8543,2.8533,2.8538,6
2026-07-27 01:56:00,2.8493,2.8493,2.8488,2.8493,2.8543,2.8543,2.8538,2.8543,3
2026-07-27 01:58:00,2.8488,2.8488,2.8483,2.8483,2.8538,2.8538,2.8533,2.8533,2
2026-07-27 02:00:00,2.8488,2.8503,2.8473,2.8483,2.8538,2.8553,2.8523,2.8533,7
2026-07-27 02:01:00,2.8478,2.8483,2.8473,2.8483,2.8528,2.8533,2.8523,2.8533,5
2026-07-27 02:03:00,2.8488,2.8493,2.8483,2.8488,2.8538,2.8543,2.8533,2.8538,6
2026-07-27 02:04:00,2.8483,2.8493,2.8483,2.8488,2.8533,2.8543,2.8533,2.8538,11
2026-07-27 02:05:00,2.8493,2.8503,2.8473,2.8493,2.8543,2.8553,2.8523,2.8543,13
2026-07-27 02:06:00,2.8498,2.8498,2.8493,2.8493,2.8548,2.8548,2.8543,2.8543,2
2026-07-27 02:07:00,2.8483,2.8483,2.8473,2.8473,2.8533,2.8533,2.8523,2.8523,5
2026-07-27 02:09:00,2.8463,2.8473,2.8453,2.8473,2.8513,2.8523,2.8503,2.8523,4
2026-07-27 02:10:00,2.8483,2.8483,2.8473,2.8473,2.8533,2.8533,2.8523,2.8523,2
2026-07-27 02:11:00,2.8483,2.8493,2.8483,2.8493,2.8533,2.8543,2.8533,2.8543,3
2026-07-27 02:12:00,2.8498,2.8498,2.8493,2.8498,2.8548,2.8548,2.8543,2.8548,7
2026-07-27 02:13:00,2.8493,2.8493,2.8483,2.8483,2.8543,2.8543,2.8533,2.8533,9
2026-07-27 02:14:00,2.8478,2.8478,2.8468,2.8478,2.8528,2.8528,2.8518,2.8528,6
2026-07-27 02:15:00,2.8468,2.8468,2.8463,2.8463,2.8518,2.8518,2.8513,2.8513,2
2026-07-27 02:16:00,2.8453,2.8473,2.8453,2.8463,2.8503,2.8523,2.8503,2.8513,7
2026-07-27 02:17:00,2.8453,2.8458,2.8453,2.8458,2.8503,2.8508,2.8503,2.8508,2
2026-07-27 02:18:00,2.8453,2.8453,2.8453,2.8453,2.8503,2.8503,2.8503,2.8503,1
2026-07-27 02:19:00,2.8443,2.8453,2.8443,2.8453,2.8493,2.8503,2.8493,2.8503,4
2026-07-27 02:20:00,2.8448,2.8453,2.8443,2.8453,2.8498,2.8503,2.8493,2.8503,5
2026-07-27 02:22:00,2.8458,2.8458,2.8453,2.8453,2.8508,2.8508,2.8503,2.8503,2
2026-07-27 02:25:00,2.8443,2.8443,2.8443,2.8443,2.8493,2.8493,2.8493,2.8493,1
2026-07-27 02:26:00,2.8448,2.8453,2.8448,2.8453,2.8498,2.8503,2.8498,2.8503,2
2026-07-27 02:28:00,2.8458,2.8458,2.8453,2.8453,2.8508,2.8508,2.8503,2.8503,2
2026-07-27 02:32:00,2.8458,2.8458,2.8393,2.8428,2.8508,2.8508,2.8443,2.8478,15
2026-07-27 02:33:00,2.8433,2.8433,2.8413,2.8413,2.8483,2.8483,2.8463,2.8463,4
2026-07-27 02:34:00,2.8423,2.8423,2.8423,2.8423,2.8473,2.8473,2.8473,2.8473,1
2026-07-27 02:37:00,2.8433,2.8433,2.8428,2.8428,2.8483,2.8483,2.8478,2.8478,2
2026-07-27 02:39:00,2.8433,2.8433,2.8423,2.8423,2.8483,2.8483,2.8473,2.8473,2
2026-07-27 02:41:00,2.8433,2.8433,2.8413,2.8423,2.8483,2.8483,2.8463,2.8473,5
2026-07-27 02:42:00,2.8433,2.8433,2.8403,2.8413,2.8483,2.8483,2.8453,2.8463,9
2026-07-27 02:44:00,2.8423,2.8423,2.8413,2.8413,2.8473,2.8473,2.8463,2.8463,2
2026-07-27 02:45:00,2.8423,2.8423,2.8393,2.8403,2.8473,2.8473,2.8443,2.8453,8
2026-07-27 02:46:00,2.8408,2.8413,2.8408,2.8413,2.8458,2.8463,2.8458,2.8463,2
2026-07-27 02:48:00,2.8423,2.8423,2.8403,2.8403,2.8473,2.8473,2.8453,2.8453,3
2026-07-27 02:51:00,2.8413,2.8423,2.8413,2.8413,2.8463,2.8473,2.8463,2.8463,3
2026-07-27 02:52:00,2.8403,2.8403,2.8403,2.8403,2.8453,2.8453,2.8453,2.8453,1
2026-07-27 02:53:00,2.8413,2.8418,2.8413,2.8413,2.8463,2.8468,2.8463,2.8463,3
2026-07-27 02:55:00,2.8408,2.8408,2.8403,2.8403,2.8458,2.8458,2.8453,2.8453,2
2026-07-27 02:56:00,2.8413,2.8413,2.8403,2.8413,2.8463,2.8463,2.8453,2.8463,5
2026-07-27 02:57:00,2.8423,2.8423,2.8413,2.8413,2.8473,2.8473,2.8463,2.8463,2
2026-07-27 02:58:00,2.8408,2.8408,2.8408,2.8408,2.8458,2.8458,2.8458,2.8458,1
2026-07-27 02:59:00,2.8413,2.8413,2.8393,2.8393,2.8463,2.8463,2.8443,2.8443,2
2026-07-27 03:00:00,2.8383,2.8403,2.8383,2.8393,2.8433,2.8453,2.8433,2.8443,12
2026-07-27 03:01:00,2.8383,2.8403,2.8363,2.8373,2.8433,2.8453,2.8413,2.8423,8
2026-07-27 03:02:00,2.8368,2.8373,2.8368,2.8373,2.8418,2.8423,2.8418,2.8423,4
2026-07-27 03:03:00,2.8363,2.8363,2.8363,2.8363,2.8413,2.8413,2.8413,2.8413,1
2026-07-27 03:04:00,2.8373,2.8383,2.8373,2.8383,2.8423,2.8433,2.8423,2.8433,4
2026-07-27 03:05:00,2.8393,2.8393,2.8383,2.8383,2.8443,2.8443,2.8433,2.8433,3
2026-07-27 03:06:00,2.8388,2.8393,2.8383,2.8383,2.8438,2.8443,2.8433,2.8433,3
2026-07-27 03:07:00,2.8393,2.8393,2.8383,2.8383,2.8443,2.8443,2.8433,2.8433,2
2026-07-27 03:09:00,2.8393,2.8393,2.8383,2.8383,2.8443,2.8443,2.8433,2.8433,2
2026-07-27 03:10:00,2.8393,2.8393,2.8388,2.8393,2.8443,2.8443,2.8438,2.8443,5
2026-07-27 03:12:00,2.8403,2.8403,2.8393,2.8393,2.8453,2.8453,2.8443,2.8443,2
2026-07-27 03:14:00,2.8403,2.8403,2.8393,2.8393,2.8453,2.8453,2.8443,2.8443,2
2026-07-27 03:15:00,2.8383,2.8393,2.8383,2.8393,2.8433,2.8443,2.8433,2.8443,5
2026-07-27 03:17:00,2.8388,2.8388,2.8383,2.8383,2.8438,2.8438,2.8433,2.8433,2
2026-07-27 03:18:00,2.8393,2.8393,2.8393,2.8393,2.8443,2.8443,2.8443,2.8443,1
2026-07-27 03:24:00,2.8383,2.8383,2.8373,2.8373,2.8433,2.8433,2.8423,2.8423,4
2026-07-27 03:25:00,2.8368,2.8373,2.8368,2.8373,2.8418,2.8423,2.8418,2.8423,2
2026-07-27 03:26:00,2.8363,2.8373,2.8363,2.8363,2.8413,2.8423,2.8413,2.8413,5
2026-07-27 03:27:00,2.8373,2.8373,2.8373,2.8373,2.8423,2.8423,2.8423,2.8423,1
2026-07-27 03:30:00,2.8368,2.8368,2.8353,2.8353,2.8418,2.8418,2.8403,2.8403,3
2026-07-27 03:41:00,2.8358,2.8363,2.8353,2.8358,2.8408,2.8413,2.8403,2.8408,4
2026-07-27 03:42:00,2.8363,2.8363,2.8358,2.8358,2.8413,2.8413,2.8408,2.8408,6
2026-07-27 03:43:00,2.8363,2.8363,2.8353,2.8363,2.8413,2.8413,2.8403,2.8413,4
2026-07-27 03:44:00,2.8358,2.8363,2.8353,2.8353,2.8408,2.8413,2.8403,2.8403,3
2026-07-27 03:46:00,2.8358,2.8358,2.8353,2.8353,2.8408,2.8408,2.8403,2.8403,2
2026-07-27 03:49:00,2.8363,2.8363,2.8363,2.8363,2.8413,2.8413,2.8413,2.8413,1
2026-07-27 03:50:00,2.8358,2.8363,2.8358,2.8363,2.8408,2.8413,2.8408,2.8413,2
2026-07-27 03:51:00,2.8353,2.8353,2.8333,2.8333,2.8403,2.8403,2.8383,2.8383,3
2026-07-27 03:52:00,2.8343,2.8343,2.8333,2.8333,2.8393,2.8393,2.8383,2.8383,2
2026-07-27 03:53:00,2.8343,2.8343,2.8343,2.8343,2.8393,2.8393,2.8393,2.8393,1
2026-07-27 03:54:00,2.8338,2.8338,2.8333,2.8333,2.8388,2.8388,2.8383,2.8383,2
2026-07-27 04:01:00,2.8323,2.8343,2.8323,2.8343,2.8373,2.8393,2.8373,2.8393,5
2026-07-27 04:02:00,2.8333,2.8333,2.8333,2.8333,2.8383,2.8383,2.8383,2.8383,1
2026-07-27 04:03:00,2.8343,2.8343,2.8333,2.8333,2.8393,2.8393,2.8383,2.8383,2
2026-07-27 04:04:00,2.8343,2.8343,2.8343,2.8343,2.8393,2.8393,2.8393,2.8393,1
2026-07-27 04:07:00,2.8348,2.8348,2.8333,2.8333,2.8398,2.8398,2.8383,2.8383,3
2026-07-27 04:08:00,2.8338,2.8343,2.8333,2.8343,2.8388,2.8393,2.8383,2.8393,3
2026-07-27 04:12:00,2.8353,2.8353,2.8338,2.8343,2.8403,2.8403,2.8388,2.8393,4
2026-07-27 04:13:00,2.8333,2.8333,2.8333,2.8333,2.8383,2.8383,2.8383,2.8383,1
2026-07-27 04:15:00,2.8323,2.8323,2.8323,2.8323,2.8373,2.8373,2.8373,2.8373,1
2026-07-27 04:16:00,2.8333,2.8333,2.8323,2.8323,2.8383,2.8383,2.8373,2.8373,2
2026-07-27 04:17:00,2.8328,2.8333,2.8323,2.8328,2.8378,2.8383,2.8373,2.8378,5
2026-07-27 04:18:00,2.8323,2.8323,2.8313,2.8318,2.8373,2.8373,2.8363,2.8368,6
2026-07-27 04:19:00,2.8313,2.8313,2.8253,2.8273,2.8363,2.8363,2.8303,2.8323,19
2026-07-27 04:20:00,2.8283,2.8303,2.8283,2.8293,2.8333,2.8353,2.8333,2.8343,8
2026-07-27 04:22:00,2.8303,2.8303,2.8303,2.8303,2.8353,2.8353,2.8353,2.8353,1
2026-07-27 04:24:00,2.8313,2.8313,2.8313,2.8313,2.8363,2.8363,2.8363,2.8363,1
2026-07-27 04:25:00,2.8323,2.8323,2.8323,2.8323,2.8373,2.8373,2.8373,2.8373,1
2026-07-27 04:26:00,2.8313,2.8313,2.8303,2.8313,2.8363,2.8363,2.8353,2.8363,4
2026-07-27 04:30:00,2.8303,2.8303,2.8283,2.8293,2.8353,2.8353,2.8333,2.8343,6
2026-07-27 04:37:00,2.8283,2.8283,2.8273,2.8283,2.8333,2.8333,2.8323,2.8333,3
2026-07-27 04:39:00,2.8293,2.8293,2.8293,2.8293,2.8343,2.8343,2.8343,2.8343,1
2026-07-27 04:42:00,2.8303,2.8303,2.8293,2.8293,2.8353,2.8353,2.8343,2.8343,9
2026-07-27 04:46:00,2.8303,2.8303,2.8303,2.8303,2.8353,2.8353,2.8353,2.8353,1
2026-07-27 04:47:00,2.8293,2.8293,2.8293,2.8293,2.8343,2.8343,2.8343,2.8343,1
2026-07-27 04:48:00,2.8303,2.8303,2.8293,2.8293,2.8353,2.8353,2.8343,2.8343,2
2026-07-27 04:51:00,2.8283,2.8293,2.8283,2.8283,2.8333,2.8343,2.8333,2.8333,4
2026-07-27 04:52:00,2.8273,2.8283,2.8273,2.8283,2.8323,2.8333,2.8323,2.8333,2
2026-07-27 04:53:00,2.8273,2.8273,2.8253,2.8253,2.8323,2.8323,2.8303,2.8303,5
2026-07-27 04:54:00,2.8258,2.8263,2.8248,2.8253,2.8308,2.8313,2.8298,2.8303,7
2026-07-27 04:55:00,2.8243,2.8253,2.8243,2.8243,2.8293,2.8303,2.8293,2.8293,4
2026-07-27 04:56:00,2.8253,2.8253,2.8253,2.8253,2.8303,2.8303,2.8303,2.8303,1
2026-07-27 05:00:00,2.8243,2.8243,2.8233,2.8243,2.8293,2.8293,2.8283,2.8293,3
2026-07-27 05:01:00,2.8253,2.8253,2.8233,2.8233,2.8303,2.8303,2.8283,2.8283,3
2026-07-27 05:03:00,2.8243,2.8243,2.8233,2.8243,2.8293,2.8293,2.8283,2.8293,6
2026-07-27 05:05:00,2.8253,2.8263,2.8253,2.8263,2.8303,2.8313,2.8303,2.8313,2
2026-07-27 05:06:00,2.8258,2.8263,2.8258,2.8263,2.8308,2.8313,2.8308,2.8313,2
2026-07-27 05:07:00,2.8258,2.8263,2.8258,2.8263,2.8308,2.8313,2.8308,2.8313,2
2026-07-27 05:08:00,2.8258,2.8268,2.8258,2.8268,2.8308,2.8318,2.8308,2.8318,3
2026-07-27 05:09:00,2.8273,2.8283,2.8263,2.8278,2.8323,2.8333,2.8313,2.8328,5
2026-07-27 05:10:00,2.8283,2.8283,2.8273,2.8278,2.8333,2.8333,2.8323,2.8328,5
2026-07-27 05:11:00,2.8273,2.8283,2.8273,2.8273,2.8323,2.8333,2.8323,2.8323,3
2026-07-27 05:12:00,2.8283,2.8283,2.8283,2.8283,2.8333,2.8333,2.8333,2.8333,1
2026-07-27 05:13:00,2.8278,2.8278,2.8273,2.8273,2.8328,2.8328,2.8323,2.8323,2
2026-07-27 05:15:00,2.8283,2.8283,2.8283,2.8283,2.8333,2.8333,2.8333,2.8333,1
2026-07-27 05:16:00,2.8278,2.8283,2.8273,2.8283,2.8328,2.8333,2.8323,2.8333,3
2026-07-27 05:18:00,2.8288,2.8288,2.8283,2.8283,2.8338,2.8338,2.8333,2.8333,6
2026-07-27 05:19:00,2.8293,2.8293,2.8293,2.8293,2.8343,2.8343,2.8343,2.8343,1
2026-07-27 05:22:00,2.8298,2.8298,2.8293,2.8293,2.8348,2.8348,2.8343,2.8343,2
2026-07-27 05:23:00,2.8298,2.8298,2.8298,2.8298,2.8348,2.8348,2.8348,2.8348,1
2026-07-27 05:24:00,2.8293,2.8298,2.8293,2.8298,2.8343,2.8348,2.8343,2.8348,2
2026-07-27 05:25:00,2.8303,2.8313,2.8298,2.8298,2.8353,2.8363,2.8348,2.8348,10
2026-07-27 05:26:00,2.8303,2.8313,2.8303,2.8313,2.8353,2.8363,2.8353,2.8363,5
2026-07-27 05:27:00,2.8308,2.8313,2.8303,2.8313,2.8358,2.8363,2.8353,2.8363,3
2026-07-27 05:28:00,2.8308,2.8308,2.8303,2.8303,2.8358,2.8358,2.8353,2.8353,2
2026-07-27 05:29:00,2.8293,2.8293,2.8293,2.8293,2.8343,2.8343,2.8343,2.8343,1
2026-07-27 05:30:00,2.8303,2.8343,2.8293,2.8333,2.8353,2.8393,2.8343,2.8383,61
2026-07-27 05:31:00,2.8338,2.8338,2.8273,2.8283,2.8388,2.8388,2.8323,2.8333,17
2026-07-27 05:32:00,2.8288,2.8293,2.8253,2.8273,2.8338,2.8343,2.8303,2.8323,31
2026-07-27 05:33:00,2.8263,2.8273,2.8253,2.8253,2.8313,2.8323,2.8303,2.8303,8
2026-07-27 05:34:00,2.8258,2.8263,2.8243,2.8248,2.8308,2.8313,2.8293,2.8298,8
2026-07-27 05:35:00,2.8243,2.8248,2.8233,2.8233,2.8293,2.8298,2.8283,2.8283,4
2026-07-27 05:36:00,2.8223,2.8233,2.8213,2.8213,2.8273,2.8283,2.8263,2.8263,12
2026-07-27 05:37:00,2.8223,2.8223,2.8213,2.8223,2.8273,2.8273,2.8263,2.8273,13
2026-07-27 05:38:00,2.8213,2.8223,2.8208,2.8213,2.8263,2.8273,2.8258,2.8263,16
2026-07-27 05:39:00,2.8223,2.8233,2.8213,2.8233,2.8273,2.8283,2.8263,2.8283,6
2026-07-27 05:40:00,2.8223,2.8223,2.8213,2.8223,2.8273,2.8273,2.8263,2.8273,11
2026-07-27 05:41:00,2.8228,2.8243,2.8228,2.8233,2.8278,2.8293,2.8278,2.8283,17
2026-07-27 05:42:00,2.8223,2.8223,2.8213,2.8223,2.8273,2.8273,2.8263,2.8273,6
2026-07-27 05:43:00,2.8213,2.8228,2.8213,2.8223,2.8263,2.8278,2.8263,2.8273,5
2026-07-27 05:44:00,2.8213,2.8223,2.8203,2.8203,2.8263,2.8273,2.8253,2.8253,9
2026-07-27 05:45:00,2.8213,2.8223,2.8213,2.8213,2.8263,2.8273,2.8263,2.8263,12
2026-07-27 05:46:00,2.8218,2.8223,2.8213,2.8213,2.8268,2.8273,2.8263,2.8263,4
2026-07-27 05:47:00,2.8223,2.8223,2.8213,2.8213,2.8273,2.8273,2.8263,2.8263,5
2026-07-27 05:48:00,2.8218,2.8223,2.8213,2.8213,2.8268,2.8273,2.8263,2.8263,15
2026-07-27 05:49:00,2.8218,2.8218,2.8213,2.8218,2.8268,2.8268,2.8263,2.8268,5
2026-07-27 05:50:00,2.8213,2.8223,2.8213,2.8223,2.8263,2.8273,2.8263,2.8273,13
2026-07-27 05:51:00,2.8213,2.8223,2.8213,2.8223,2.8263,2.8273,2.8263,2.8273,7
2026-07-27 05:52:00,2.8213,2.8223,2.8213,2.8223,2.8263,2.8273,2.8263,2.8273,3
2026-07-27 05:53:00,2.8228,2.8228,2.8223,2.8223,2.8278,2.8278,2.8273,2.8273,2
2026-07-27 05:54:00,2.8213,2.8213,2.8203,2.8213,2.8263,2.8263,2.8253,2.8263,4
2026-07-27 05:55:00,2.8218,2.8223,2.8213,2.8213,2.8268,2.8273,2.8263,2.8263,6
2026-07-27 05:56:00,2.8218,2.8223,2.8203,2.8203,2.8268,2.8273,2.8253,2.8253,6
2026-07-27 05:57:00,2.8193,2.8203,2.8173,2.8188,2.8243,2.8253,2.8223,2.8238,10
2026-07-27 05:58:00,2.8183,2.8193,2.8183,2.8183,2.8233,2.8243,2.8233,2.8233,9
2026-07-27 05:59:00,2.8173,2.8183,2.8173,2.8183,2.8223,2.8233,2.8223,2.8233,6
2026-07-27 06:00:00,2.8193,2.8193,2.8183,2.8183,2.8243,2.8243,2.8233,2.8233,13
2026-07-27 06:01:00,2.8173,2.8173,2.8173,2.8173,2.8223,2.8223,2.8223,2.8223,1
2026-07-27 06:02:00,2.8178,2.8183,2.8173,2.8183,2.8228,2.8233,2.8223,2.8233,6
2026-07-27 06:03:00,2.8178,2.8203,2.8173,2.8198,2.8228,2.8253,2.8223,2.8248,10
2026-07-27 06:04:00,2.8193,2.8193,2.8178,2.8178,2.8243,2.8243,2.8228,2.8228,4
2026-07-27 06:05:00,2.8173,2.8173,2.8173,2.8173,2.8223,2.8223,2.8223,2.8223,1
2026-07-27 06:06:00,2.8183,2.8183,2.8178,2.8183,2.8233,2.8233,2.8228,2.8233,5
2026-07-27 06:07:00,2.8178,2.8183,2.8178,2.8183,2.8228,2.8233,2.8228,2.8233,2
2026-07-27 06:09:00,2.8173,2.8173,2.8173,2.8173,2.8223,2.8223,2.8223,2.8223,1
2026-07-27 06:11:00,2.8183,2.8183,2.8173,2.8173,2.8233,2.8233,2.8223,2.8223,4
2026-07-27 06:12:00,2.8178,2.8193,2.8178,2.8183,2.8228,2.8243,2.8228,2.8233,15
2026-07-27 06:13:00,2.8173,2.8173,2.8173,2.8173,2.8223,2.8223,2.8223,2.8223,1
2026-07-27 06:19:00,2.8178,2.8183,2.8178,2.8183,2.8228,2.8233,2.8228,2.8233,2
2026-07-27 06:20:00,2.8173,2.8173,2.8153,2.8163,2.8223,2.8223,2.8203,2.8213,8
2026-07-27 06:22:00,2.8168,2.8173,2.8163,2.8163,2.8218,2.8223,2.8213,2.8213,5
2026-07-27 06:25:00,2.8168,2.8168,2.8143,2.8153,2.8218,2.8218,2.8193,2.8203,8
2026-07-27 06:28:00,2.8163,2.8163,2.8153,2.8153,2.8213,2.8213,2.8203,2.8203,4
2026-07-27 06:29:00,2.8143,2.8153,2.8143,2.8143,2.8193,2.8203,2.8193,2.8193,4
2026-07-27 06:31:00,2.8138,2.8143,2.8133,2.8143,2.8188,2.8193,2.8183,2.8193,3
2026-07-27 06:32:00,2.8148,2.8153,2.8148,2.8153,2.8198,2.8203,2.8198,2.8203,4
2026-07-27 06:33:00,2.8163,2.8163,2.8163,2.8163,2.8213,2.8213,2.8213,2.8213,1
2026-07-27 06:37:00,2.8168,2.8173,2.8168,2.8173,2.8218,2.8223,2.8218,2.8223,2
2026-07-27 06:46:00,2.8183,2.8183,2.8183,2.8183,2.8233,2.8233,2.8233,2.8233,1
2026-07-27 06:49:00,2.8173,2.8173,2.8173,2.8173,2.8223,2.8223,2.8223,2.8223,1
2026-07-27 06:50:00,2.8178,2.8178,2.8173,2.8178,2.8228,2.8228,2.8223,2.8228,7
2026-07-27 06:51:00,2.8173,2.8183,2.8173,2.8183,2.8223,2.8233,2.8223,2.8233,3
2026-07-27 06:52:00,2.8193,2.8193,2.8193,2.8193,2.8243,2.8243,2.8243,2.8243,1
2026-07-27 06:53:00,2.8203,2.8218,2.8193,2.8213,2.8253,2.8268,2.8243,2.8263,6
2026-07-27 06:54:00,2.8223,2.8233,2.8223,2.8223,2.8273,2.8283,2.8273,2.8273,3
2026-07-27 06:58:00,2.8233,2.8233,2.8223,2.8223,2.8283,2.8283,2.8273,2.8273,2
2026-07-27 06:59:00,2.8213,2.8213,2.8203,2.8203,2.8263,2.8263,2.8253,2.8253,2
2026-07-27 07:00:00,2.8208,2.8213,2.8203,2.8213,2.8258,2.8263,2.8253,2.8263,3
2026-07-27 07:01:00,2.8203,2.8203,2.8203,2.8203,2.8253,2.8253,2.8253,2.8253,1
2026-07-27 07:02:00,2.8213,2.8223,2.8213,2.8223,2.8263,2.8273,2.8263,2.8273,2
2026-07-27 07:05:00,2.8233,2.8238,2.8233,2.8233,2.8283,2.8288,2.8283,2.8283,5
2026-07-27 07:06:00,2.8248,2.8263,2.8243,2.8253,2.8298,2.8313,2.8293,2.8303,14
2026-07-27 07:07:00,2.8243,2.8248,2.8243,2.8243,2.8293,2.8298,2.8293,2.8293,3
2026-07-27 07:08:00,2.8233,2.8243,2.8233,2.8243,2.8283,2.8293,2.8283,2.8293,2
2026-07-27 07:09:00,2.8238,2.8243,2.8238,2.8243,2.8288,2.8293,2.8288,2.8293,2
2026-07-27 07:12:00,2.8253,2.8253,2.8253,2.8253,2.8303,2.8303,2.8303,2.8303,1
2026-07-27 07:17:00,2.8248,2.8253,2.8248,2.8253,2.8298,2.8303,2.8298,2.8303,2
2026-07-27 07:18:00,2.8258,2.8258,2.8253,2.8258,2.8308,2.8308,2.8303,2.8308,3
2026-07-27 07:19:00,2.8263,2.8273,2.8263,2.8273,2.8313,2.8323,2.8313,2.8323,4
2026-07-27 07:23:00,2.8278,2.8278,2.8278,2.8278,2.8328,2.8328,2.8328,2.8328,1
2026-07-27 07:25:00,2.8273,2.8353,2.8273,2.8343,2.8323,2.8403,2.8323,2.8393,32
2026-07-27 07:26:00,2.8358,2.8373,2.8323,2.8323,2.8408,2.8423,2.8373,2.8373,12
2026-07-27 07:28:00,2.8313,2.8313,2.8313,2.8313,2.8363,2.8363,2.8363,2.8363,1
2026-07-27 07:30:00,2.8303,2.8303,2.8303,2.8303,2.8353,2.8353,2.8353,2.8353,1
2026-07-27 07:32:00,2.8308,2.8313,2.8303,2.8303,2.8358,2.8363,2.8353,2.8353,6
2026-07-27 07:36:00,2.8293,2.8293,2.8293,2.8293,2.8343,2.8343,2.8343,2.8343,1
2026-07-27 07:37:00,2.8303,2.8303,2.8303,2.8303,2.8353,2.8353,2.8353,2.8353,1
2026-07-27 07:38:00,2.8293,2.8293,2.8263,2.8283,2.8343,2.8343,2.8313,2.8333,6
2026-07-27 07:39:00,2.8288,2.8293,2.8288,2.8293,2.8338,2.8343,2.8338,2.8343,2
2026-07-27 07:40:00,2.8288,2.8293,2.8288,2.8293,2.8338,2.8343,2.8338,2.8343,2
2026-07-27 07:42:00,2.8283,2.8293,2.8283,2.8293,2.8333,2.8343,2.8333,2.8343,3
2026-07-27 07:44:00,2.8288,2.8288,2.8283,2.8283,2.8338,2.8338,2.8333,2.8333,4
2026-07-27 07:49:00,2.8293,2.8293,2.8293,2.8293,2.8343,2.8343,2.8343,2.8343,1
2026-07-27 07:50:00,2.8283,2.8283,2.8273,2.8283,2.8333,2.8333,2.8323,2.8333,3
2026-07-27 07:51:00,2.8288,2.8293,2.8283,2.8288,2.8338,2.8343,2.8333,2.8338,6
2026-07-27 07:52:00,2.8293,2.8293,2.8293,2.8293,2.8343,2.8343,2.8343,2.8343,1
2026-07-27 07:54:00,2.8283,2.8283,2.8263,2.8263,2.8333,2.8333,2.8313,2.8313,4
2026-07-27 07:55:00,2.8273,2.8273,2.8253,2.8263,2.8323,2.8323,2.8303,2.8313,7
2026-07-27 07:56:00,2.8253,2.8273,2.8253,2.8273,2.8303,2.8323,2.8303,2.8323,4
2026-07-27 07:57:00,2.8278,2.8278,2.8273,2.8278,2.8328,2.8328,2.8323,2.8328,3
2026-07-27 07:58:00,2.8283,2.8283,2.8273,2.8278,2.8333,2.8333,2.8323,2.8328,3
2026-07-27 07:59:00,2.8283,2.8283,2.8273,2.8273,2.8333,2.8333,2.8323,2.8323,2
2026-07-27 08:00:00,2.8278,2.8278,2.8273,2.8273,2.8328,2.8328,2.8323,2.8323,2
2026-07-27 08:01:00,2.8263,2.8278,2.8263,2.8273,2.8313,2.8328,2.8313,2.8323,12
2026-07-27 08:02:00,2.8278,2.8293,2.8273,2.8293,2.8328,2.8343,2.8323,2.8343,7
2026-07-27 08:03:00,2.8283,2.8288,2.8283,2.8288,2.8333,2.8338,2.8333,2.8338,4
2026-07-27 08:04:00,2.8293,2.8293,2.8263,2.8263,2.8343,2.8343,2.8313,2.8313,7
2026-07-27 08:05:00,2.8273,2.8278,2.8263,2.8268,2.8323,2.8328,2.8313,2.8318,5
2026-07-27 08:06:00,2.8263,2.8278,2.8263,2.8273,2.8313,2.8328,2.8313,2.8323,6
2026-07-27 08:08:00,2.8263,2.8263,2.8263,2.8263,2.8313,2.8313,2.8313,2.8313,1
2026-07-27 08:09:00,2.8253,2.8263,2.8243,2.8243,2.8303,2.8313,2.8293,2.8293,6
2026-07-27 08:10:00,2.8238,2.8243,2.8223,2.8233,2.8288,2.8293,2.8273,2.8283,17
2026-07-27 08:14:00,2.8238,2.8243,2.8233,2.8233,2.8288,2.8293,2.8283,2.8283,5
2026-07-27 08:15:00,2.8238,2.8243,2.8233,2.8243,2.8288,2.8293,2.8283,2.8293,9
2026-07-27 08:16:00,2.8238,2.8238,2.8213,2.8213,2.8288,2.8288,2.8263,2.8263,4
2026-07-27 08:17:00,2.8203,2.8203,2.8183,2.8183,2.8253,2.8253,2.8233,2.8233,9
2026-07-27 08:18:00,2.8173,2.8173,2.8158,2.8158,2.8223,2.8223,2.8208,2.8208,5
2026-07-27 08:19:00,2.8163,2.8163,2.8153,2.8158,2.8213,2.8213,2.8203,2.8208,6
2026-07-27 08:20:00,2.8153,2.8168,2.8153,2.8163,2.8203,2.8218,2.8203,2.8213,12
2026-07-27 08:21:00,2.8153,2.8183,2.8153,2.8178,2.8203,2.8233,2.8203,2.8228,5
2026-07-27 08:22:00,2.8183,2.8183,2.8173,2.8173,2.8233,2.8233,2.8223,2.8223,15
2026-07-27 08:23:00,2.8178,2.8178,2.8173,2.8173,2.8228,2.8228,2.8223,2.8223,4
2026-07-27 08:25:00,2.8178,2.8178,2.8173,2.8173,2.8228,2.8228,2.8223,2.8223,2
2026-07-27 08:26:00,2.8163,2.8163,2.8163,2.8163,2.8213,2.8213,2.8213,2.8213,1
2026-07-27 08:27:00,2.8168,2.8173,2.8168,2.8173,2.8218,2.8223,2.8218,2.8223,2
2026-07-27 08:29:00,2.8163,2.8163,2.8158,2.8163,2.8213,2.8213,2.8208,2.8213,3
2026-07-27 08:30:00,2.8158,2.8158,2.8133,2.8133,2.8208,2.8208,2.8183,2.8183,11
2026-07-27 08:31:00,2.8123,2.8133,2.7778,2.7953,2.8173,2.8183,2.7828,2.8003,119
2026-07-27 08:32:00,2.7963,2.7963,2.7933,2.7943,2.8013,2.8013,2.7983,2.7993,17
2026-07-27 08:33:00,2.7938,2.7943,2.7923,2.7923,2.7988,2.7993,2.7973,2.7973,19
2026-07-27 08:34:00,2.7933,2.7963,2.7933,2.7963,2.7983,2.8013,2.7983,2.8013,7
2026-07-27 08:35:00,2.7953,2.7953,2.7943,2.7948,2.8003,2.8003,2.7993,2.7998,3
2026-07-27 08:36:00,2.7953,2.7963,2.7933,2.7933,2.8003,2.8013,2.7983,2.7983,20
2026-07-27 08:37:00,2.7923,2.7933,2.7923,2.7933,2.7973,2.7983,2.7973,2.7983,8
2026-07-27 08:38:00,2.7928,2.7933,2.7913,2.7923,2.7978,2.7983,2.7963,2.7973,15
2026-07-27 08:39:00,2.7928,2.7943,2.7918,2.7933,2.7978,2.7993,2.7968,2.7983,20
2026-07-27 08:40:00,2.7923,2.7938,2.7923,2.7933,2.7973,2.7988,2.7973,2.7983,15
2026-07-27 08:41:00,2.7923,2.7933,2.7923,2.7923,2.7973,2.7983,2.7973,2.7973,5
2026-07-27 08:42:00,2.7913,2.7923,2.7903,2.7923,2.7963,2.7973,2.7953,2.7973,12
2026-07-27 08:43:00,2.7913,2.7923,2.7913,2.7923,2.7963,2.7973,2.7963,2.7973,6
2026-07-27 08:44:00,2.7918,2.7918,2.7913,2.7913,2.7968,2.7968,2.7963,2.7963,2
2026-07-27 08:45:00,2.7918,2.7943,2.7913,2.7923,2.7968,2.7993,2.7963,2.7973,14
2026-07-27 08:46:00,2.7928,2.7933,2.7903,2.7908,2.7978,2.7983,2.7953,2.7958,11
2026-07-27 08:47:00,2.7913,2.7918,2.7903,2.7918,2.7963,2.7968,2.7953,2.7968,16
2026-07-27 08:48:00,2.7923,2.7923,2.7918,2.7923,2.7973,2.7973,2.7968,2.7973,3
2026-07-27 08:49:00,2.7933,2.7943,2.7913,2.7933,2.7983,2.7993,2.7963,2.7983,17
2026-07-27 08:50:00,2.7923,2.7943,2.7913,2.7943,2.7973,2.7993,2.7963,2.7993,13
2026-07-27 08:51:00,2.7933,2.7943,2.7933,2.7943,2.7983,2.7993,2.7983,2.7993,2
2026-07-27 08:52:00,2.7948,2.7948,2.7943,2.7943,2.7998,2.7998,2.7993,2.7993,2
2026-07-27 08:53:00,2.7938,2.7943,2.7933,2.7933,2.7988,2.7993,2.7983,2.7983,3
2026-07-27 08:54:00,2.7943,2.7943,2.7933,2.7933,2.7993,2.7993,2.7983,2.7983,4
2026-07-27 08:55:00,2.7943,2.7943,2.7913,2.7913,2.7993,2.7993,2.7963,2.7963,6
2026-07-27 08:56:00,2.7923,2.7933,2.7923,2.7933,2.7973,2.7983,2.7973,2.7983,8
2026-07-27 08:57:00,2.7923,2.7933,2.7923,2.7923,2.7973,2.7983,2.7973,2.7973,13
2026-07-27 08:58:00,2.7913,2.7913,2.7903,2.7903,2.7963,2.7963,2.7953,2.7953,3
2026-07-27 08:59:00,2.7913,2.7923,2.7908,2.7918,2.7963,2.7973,2.7958,2.7968,8
2026-07-27 09:00:00,2.7913,2.7923,2.7913,2.7913,2.7963,2.7973,2.7963,2.7963,28
2026-07-27 09:01:00,2.7903,2.7913,2.7903,2.7903,2.7953,2.7963,2.7953,2.7953,12
2026-07-27 09:02:00,2.7908,2.7933,2.7903,2.7923,2.7958,2.7983,2.7953,2.7973,25
2026-07-27 09:03:00,2.7933,2.7963,2.7933,2.7963,2.7983,2.8013,2.7983,2.8013,12
2026-07-27 09:04:00,2.7953,2.7973,2.7953,2.7968,2.8003,2.8023,2.8003,2.8018,8
2026-07-27 09:05:00,2.7973,2.7973,2.7943,2.7943,2.8023,2.8023,2.7993,2.7993,8
2026-07-27 09:07:00,2.7933,2.7943,2.7933,2.7933,2.7983,2.7993,2.7983,2.7983,9
2026-07-27 09:08:00,2.7928,2.7943,2.7913,2.7943,2.7978,2.7993,2.7963,2.7993,8
2026-07-27 09:09:00,2.7953,2.7953,2.7933,2.7943,2.8003,2.8003,2.7983,2.7993,7
2026-07-27 09:10:00,2.7953,2.7953,2.7933,2.7943,2.8003,2.8003,2.7983,2.7993,10
2026-07-27 09:11:00,2.7948,2.7953,2.7943,2.7943,2.7998,2.8003,2.7993,2.7993,7
2026-07-27 09:12:00,2.7933,2.7933,2.7923,2.7923,2.7983,2.7983,2.7973,2.7973,4
2026-07-27 09:13:00,2.7913,2.7913,2.7903,2.7903,2.7963,2.7963,2.7953,2.7953,2
2026-07-27 09:14:00,2.7908,2.7913,2.7903,2.7903,2.7958,2.7963,2.7953,2.7953,4
2026-07-27 09:15:00,2.7908,2.7923,2.7903,2.7903,2.7958,2.7973,2.7953,2.7953,10
2026-07-27 09:16:00,2.7893,2.7893,2.7883,2.7893,2.7943,2.7943,2.7933,2.7943,17
2026-07-27 09:17:00,2.7883,2.7893,2.7883,2.7893,2.7933,2.7943,2.7933,2.7943,12
2026-07-27 09:18:00,2.7888,2.7893,2.7873,2.7873,2.7938,2.7943,2.7923,2.7923,10
2026-07-27 09:19:00,2.7883,2.7883,2.7873,2.7883,2.7933,2.7933,2.7923,2.7933,5
2026-07-27 09:20:00,2.7878,2.7883,2.7843,2.7843,2.7928,2.7933,2.7893,2.7893,6
2026-07-27 09:21:00,2.7853,2.7853,2.7823,2.7823,2.7903,2.7903,2.7873,2.7873,8
2026-07-27 09:22:00,2.7833,2.7833,2.7823,2.7823,2.7883,2.7883,2.7873,2.7873,9
2026-07-27 09:23:00,2.7818,2.7818,2.7813,2.7813,2.7868,2.7868,2.7863,2.7863,2
2026-07-27 09:24:00,2.7803,2.7833,2.7803,2.7823,2.7853,2.7883,2.7853,2.7873,12
2026-07-27 09:25:00,2.7828,2.7853,2.7823,2.7843,2.7878,2.7903,2.7873,2.7893,13
2026-07-27 09:26:00,2.7853,2.7853,2.7833,2.7843,2.7903,2.7903,2.7883,2.7893,6
2026-07-27 09:28:00,2.7848,2.7853,2.7848,2.7853,2.7898,2.7903,2.7898,2.7903,2
2026-07-27 09:29:00,2.7843,2.7853,2.7838,2.7843,2.7893,2.7903,2.7888,2.7893,6
2026-07-27 09:30:00,2.7833,2.7833,2.7833,2.7833,2.7883,2.7883,2.7883,2.7883,1
2026-07-27 09:31:00,2.7843,2.7843,2.7828,2.7833,2.7893,2.7893,2.7878,2.7883,4
2026-07-27 09:32:00,2.7823,2.7833,2.7823,2.7833,2.7873,2.7883,2.7873,2.7883,2
2026-07-27 09:33:00,2.7843,2.7843,2.7823,2.7833,2.7893,2.7893,2.7873,2.7883,10
2026-07-27 09:34:00,2.7843,2.7843,2.7833,2.7833,2.7893,2.7893,2.7883,2.7883,9
2026-07-27 09:35:00,2.7823,2.7833,2.7813,2.7823,2.7873,2.7883,2.7863,2.7873,9
2026-07-27 09:36:00,2.7833,2.7833,2.7833,2.7833,2.7883,2.7883,2.7883,2.7883,1
2026-07-27 09:37:00,2.7823,2.7833,2.7823,2.7823,2.7873,2.7883,2.7873,2.7873,3
2026-07-27 09:38:00,2.7813,2.7853,2.7813,2.7853,2.7863,2.7903,2.7863,2.7903,6
2026-07-27 09:39:00,2.7863,2.7863,2.7853,2.7863,2.7913,2.7913,2.7903,2.7913,6
2026-07-27 09:40:00,2.7873,2.7883,2.7873,2.7883,2.7923,2.7933,2.7923,2.7933,5
2026-07-27 09:41:00,2.7873,2.7883,2.7873,2.7883,2.7923,2.7933,2.7923,2.7933,7
2026-07-27 09:42:00,2.7888,2.7893,2.7888,2.7893,2.7938,2.7943,2.7938,2.7943,2
2026-07-27 09:43:00,2.7903,2.7903,2.7863,2.7868,2.7953,2.7953,2.7913,2.7918,17
2026-07-27 09:44:00,2.7873,2.7893,2.7873,2.7883,2.7923,2.7943,2.7923,2.7933,10
2026-07-27 09:45:00,2.7873,2.7883,2.7863,2.7873,2.7923,2.7933,2.7913,2.7923,8
2026-07-27 09:46:00,2.7868,2.7883,2.7863,2.7873,2.7918,2.7933,2.7913,2.7923,9
2026-07-27 09:47:00,2.7863,2.7873,2.7863,2.7863,2.7913,2.7923,2.7913,2.7913,3
2026-07-27 09:48:00,2.7853,2.7853,2.7813,2.7833,2.7903,2.7903,2.7863,2.7883,9
2026-07-27 09:49:00,2.7823,2.7823,2.7813,2.7823,2.7873,2.7873,2.7863,2.7873,3
2026-07-27 09:51:00,2.7833,2.7843,2.7833,2.7833,2.7883,2.7893,2.7883,2.7883,4
2026-07-27 09:52:00,2.7823,2.7848,2.7823,2.7823,2.7873,2.7898,2.7873,2.7873,11
2026-07-27 09:53:00,2.7813,2.7823,2.7813,2.7823,2.7863,2.7873,2.7863,2.7873,22
2026-07-27 09:54:00,2.7813,2.7833,2.7813,2.7813,2.7863,2.7883,2.7863,2.7863,8
2026-07-27 09:55:00,2.7803,2.7813,2.7773,2.7783,2.7853,2.7863,2.7823,2.7833,23
2026-07-27 09:56:00,2.7788,2.7793,2.7783,2.7793,2.7838,2.7843,2.7833,2.7843,12
2026-07-27 09:57:00,2.7788,2.7803,2.7773,2.7793,2.7838,2.7853,2.7823,2.7843,11
2026-07-27 09:58:00,2.7798,2.7803,2.7798,2.7803,2.7848,2.7853,2.7848,2.7853,2
2026-07-27 09:59:00,2.7813,2.7813,2.7813,2.7813,2.7863,2.7863,2.7863,2.7863,1
2026-07-27 10:00:00,2.7823,2.7853,2.7813,2.7843,2.7873,2.7903,2.7863,2.7893,27
2026-07-27 10:03:00,2.7853,2.7878,2.7853,2.7878,2.7903,2.7928,2.7903,2.7928,13
2026-07-27 10:04:00,2.7873,2.7873,2.7863,2.7863,2.7923,2.7923,2.7913,2.7913,2
2026-07-27 10:05:00,2.7873,2.7873,2.7863,2.7863,2.7923,2.7923,2.7913,2.7913,5
2026-07-27 10:06:00,2.7853,2.7863,2.7853,2.7853,2.7903,2.7913,2.7903,2.7903,4
2026-07-27 10:07:00,2.7843,2.7843,2.7813,2.7823,2.7893,2.7893,2.7863,2.7873,15
2026-07-27 10:08:00,2.7813,2.7813,2.7793,2.7813,2.7863,2.7863,2.7843,2.7863,11
2026-07-27 10:09:00,2.7808,2.7813,2.7803,2.7813,2.7858,2.7863,2.7853,2.7863,7
2026-07-27 10:10:00,2.7803,2.7803,2.7803,2.7803,2.7853,2.7853,2.7853,2.7853,1
2026-07-27 10:11:00,2.7813,2.7813,2.7803,2.7803,2.7863,2.7863,2.7853,2.7853,4
2026-07-27 10:12:00,2.7808,2.7808,2.7793,2.7803,2.7858,2.7858,2.7843,2.7853,4
2026-07-27 10:13:00,2.7793,2.7803,2.7793,2.7793,2.7843,2.7853,2.7843,2.7843,3
2026-07-27 10:14:00,2.7798,2.7803,2.7793,2.7793,2.7848,2.7853,2.7843,2.7843,11
2026-07-27 10:16:00,2.7783,2.7793,2.7783,2.7783,2.7833,2.7843,2.7833,2.7833,3
2026-07-27 10:17:00,2.7773,2.7783,2.7773,2.7783,2.7823,2.7833,2.7823,2.7833,2
2026-07-27 10:18:00,2.7778,2.7783,2.7773,2.7773,2.7828,2.7833,2.7823,2.7823,5
2026-07-27 10:19:00,2.7763,2.7773,2.7763,2.7763,2.7813,2.7823,2.7813,2.7813,7
2026-07-27 10:20:00,2.7753,2.7763,2.7753,2.7763,2.7803,2.7813,2.7803,2.7813,10
2026-07-27 10:21:00,2.7753,2.7763,2.7753,2.7753,2.7803,2.7813,2.7803,2.7803,10
2026-07-27 10:22:00,2.7748,2.7748,2.7743,2.7743,2.7798,2.7798,2.7793,2.7793,2
2026-07-27 10:23:00,2.7748,2.7753,2.7748,2.7753,2.7798,2.7803,2.7798,2.7803,4
2026-07-27 10:24:00,2.7748,2.7753,2.7733,2.7733,2.7798,2.7803,2.7783,2.7783,8
2026-07-27 10:25:00,2.7743,2.7743,2.7733,2.7743,2.7793,2.7793,2.7783,2.7793,9
2026-07-27 10:26:00,2.7753,2.7753,2.7733,2.7733,2.7803,2.7803,2.7783,2.7783,5
2026-07-27 10:27:00,2.7728,2.7733,2.7728,2.7733,2.7778,2.7783,2.7778,2.7783,4
2026-07-27 10:28:00,2.7723,2.7773,2.7723,2.7768,2.7773,2.7823,2.7773,2.7818,22
2026-07-27 10:29:00,2.7763,2.7768,2.7733,2.7743,2.7813,2.7818,2.7783,2.7793,11
2026-07-27 10:30:00,2.7738,2.7773,2.7733,2.7773,2.7788,2.7823,2.7783,2.7823,9
2026-07-27 10:31:00,2.7763,2.7793,2.7763,2.7783,2.7813,2.7843,2.7813,2.7833,8
2026-07-27 10:32:00,2.7793,2.7793,2.7773,2.7788,2.7843,2.7843,2.7823,2.7838,17
2026-07-27 10:33:00,2.7783,2.7783,2.7783,2.7783,2.7833,2.7833,2.7833,2.7833,1
2026-07-27 10:35:00,2.7788,2.7793,2.7783,2.7788,2.7838,2.7843,2.7833,2.7838,14
2026-07-27 10:36:00,2.7783,2.7783,2.7783,2.7783,2.7833,2.7833,2.7833,2.7833,1
2026-07-27 10:38:00,2.7788,2.7793,2.7788,2.7793,2.7838,2.7843,2.7838,2.7843,2
2026-07-27 10:39:00,2.7783,2.7783,2.7783,2.7783,2.7833,2.7833,2.7833,2.7833,1
2026-07-27 10:40:00,2.7773,2.7773,2.7763,2.7763,2.7823,2.7823,2.7813,2.7813,4
2026-07-27 10:41:00,2.7753,2.7753,2.7743,2.7743,2.7803,2.7803,2.7793,2.7793,14
2026-07-27 10:42:00,2.7753,2.7763,2.7753,2.7753,2.7803,2.7813,2.7803,2.7803,8
2026-07-27 10:43:00,2.7763,2.7763,2.7763,2.7763,2.7813,2.7813,2.7813,2.7813,1
2026-07-27 10:44:00,2.7753,2.7773,2.7753,2.7773,2.7803,2.7823,2.7803,2.7823,11
2026-07-27 10:46:00,2.7783,2.7783,2.7773,2.7783,2.7833,2.7833,2.7823,2.7833,3
2026-07-27 10:47:00,2.7788,2.7813,2.7788,2.7813,2.7838,2.7863,2.7838,2.7863,7
2026-07-27 10:48:00,2.7803,2.7813,2.7798,2.7813,2.7853,2.7863,2.7848,2.7863,4
2026-07-27 10:49:00,2.7823,2.7823,2.7813,2.7813,2.7873,2.7873,2.7863,2.7863,6
2026-07-27 10:50:00,2.7803,2.7813,2.7803,2.7813,2.7853,2.7863,2.7853,2.7863,2
2026-07-27 10:51:00,2.7803,2.7833,2.7803,2.7823,2.7853,2.7883,2.7853,2.7873,8
2026-07-27 10:52:00,2.7833,2.7833,2.7803,2.7808,2.7883,2.7883,2.7853,2.7858,10
2026-07-27 10:53:00,2.7803,2.7833,2.7803,2.7833,2.7853,2.7883,2.7853,2.7883,7
2026-07-27 10:54:00,2.7823,2.7823,2.7813,2.7813,2.7873,2.7873,2.7863,2.7863,9
2026-07-27 10:55:00,2.7818,2.7823,2.7813,2.7818,2.7868,2.7873,2.7863,2.7868,16
2026-07-27 10:56:00,2.7813,2.7823,2.7813,2.7818,2.7863,2.7873,2.7863,2.7868,5
2026-07-27 10:57:00,2.7813,2.7823,2.7813,2.7823,2.7863,2.7873,2.7863,2.7873,8
2026-07-27 10:58:00,2.7818,2.7818,2.7813,2.7813,2.7868,2.7868,2.7863,2.7863,2
2026-07-27 10:59:00,2.7803,2.7803,2.7793,2.7793,2.7853,2.7853,2.7843,2.7843,2
2026-07-27 11:00:00,2.7783,2.7803,2.7783,2.7803,2.7833,2.7853,2.7833,2.7853,3
2026-07-27 11:01:00,2.7793,2.7803,2.7793,2.7793,2.7843,2.7853,2.7843,2.7843,3
2026-07-27 11:02:00,2.7783,2.7803,2.7783,2.7803,2.7833,2.7853,2.7833,2.7853,8
2026-07-27 11:03:00,2.7813,2.7813,2.7803,2.7803,2.7863,2.7863,2.7853,2.7853,7
2026-07-27 11:04:00,2.7813,2.7813,2.7803,2.7803,2.7863,2.7863,2.7853,2.7853,8
2026-07-27 11:05:00,2.7808,2.7813,2.7803,2.7813,2.7858,2.7863,2.7853,2.7863,3
2026-07-27 11:06:00,2.7803,2.7813,2.7803,2.7803,2.7853,2.7863,2.7853,2.7853,3
2026-07-27 11:07:00,2.7813,2.7823,2.7803,2.7818,2.7863,2.7873,2.7853,2.7868,11
2026-07-27 11:08:00,2.7813,2.7823,2.7813,2.7813,2.7863,2.7873,2.7863,2.7863,7
2026-07-27 11:09:00,2.7823,2.7833,2.7823,2.7833,2.7873,2.7883,2.7873,2.7883,2
2026-07-27 11:10:00,2.7843,2.7853,2.7843,2.7843,2.7893,2.7903,2.7893,2.7893,5
2026-07-27 11:11:00,2.7833,2.7853,2.7833,2.7843,2.7883,2.7903,2.7883,2.7893,11
2026-07-27 11:12:00,2.7838,2.7838,2.7833,2.7833,2.7888,2.7888,2.7883,2.7883,2
2026-07-27 11:13:00,2.7823,2.7823,2.7813,2.7813,2.7873,2.7873,2.7863,2.7863,7
2026-07-27 11:15:00,2.7823,2.7823,2.7813,2.7813,2.7873,2.7873,2.7863,2.7863,2
2026-07-27 11:18:00,2.7823,2.7823,2.7823,2.7823,2.7873,2.7873,2.7873,2.7873,1
2026-07-27 11:19:00,2.7818,2.7818,2.7803,2.7803,2.7868,2.7868,2.7853,2.7853,6
2026-07-27 11:20:00,2.7813,2.7813,2.7803,2.7803,2.7863,2.7863,2.7853,2.7853,11
2026-07-27 11:21:00,2.7813,2.7813,2.7803,2.7808,2.7863,2.7863,2.7853,2.7858,4
2026-07-27 11:22:00,2.7803,2.7813,2.7783,2.7793,2.7853,2.7863,2.7833,2.7843,9
2026-07-27 11:23:00,2.7803,2.7803,2.7793,2.7803,2.7853,2.7853,2.7843,2.7853,20
2026-07-27 11:25:00,2.7808,2.7808,2.7783,2.7793,2.7858,2.7858,2.7833,2.7843,9
2026-07-27 11:26:00,2.7783,2.7783,2.7773,2.7773,2.7833,2.7833,2.7823,2.7823,5
2026-07-27 11:27:00,2.7783,2.7813,2.7773,2.7813,2.7833,2.7863,2.7823,2.7863,22
2026-07-27 11:28:00,2.7823,2.7823,2.7813,2.7813,2.7873,2.7873,2.7863,2.7863,5
2026-07-27 11:29:00,2.7808,2.7813,2.7803,2.7803,2.7858,2.7863,2.7853,2.7853,6
2026-07-27 11:30:00,2.7793,2.7803,2.7793,2.7803,2.7843,2.7853,2.7843,2.7853,5
2026-07-27 11:31:00,2.7793,2.7803,2.7783,2.7803,2.7843,2.7853,2.7833,2.7853,9
2026-07-27 11:32:00,2.7793,2.7793,2.7783,2.7783,2.7843,2.7843,2.7833,2.7833,2
2026-07-27 11:33:00,2.7793,2.7793,2.7783,2.7783,2.7843,2.7843,2.7833,2.7833,6
2026-07-27 11:34:00,2.7773,2.7778,2.7763,2.7773,2.7823,2.7828,2.7813,2.7823,9
2026-07-27 11:35:00,2.7763,2.7773,2.7753,2.7753,2.7813,2.7823,2.7803,2.7803,7
2026-07-27 11:36:00,2.7758,2.7763,2.7758,2.7763,2.7808,2.7813,2.7808,2.7813,2
2026-07-27 11:37:00,2.7773,2.7773,2.7763,2.7768,2.7823,2.7823,2.7813,2.7818,8
2026-07-27 11:38:00,2.7773,2.7783,2.7773,2.7778,2.7823,2.7833,2.7823,2.7828,7
2026-07-27 11:39:00,2.7783,2.7803,2.7773,2.7803,2.7833,2.7853,2.7823,2.7853,11
2026-07-27 11:40:00,2.7798,2.7803,2.7793,2.7798,2.7848,2.7853,2.7843,2.7848,5
2026-07-27 11:41:00,2.7803,2.7813,2.7803,2.7813,2.7853,2.7863,2.7853,2.7863,2
2026-07-27 11:44:00,2.7803,2.7803,2.7803,2.7803,2.7853,2.7853,2.7853,2.7853,1
2026-07-27 11:46:00,2.7793,2.7813,2.7793,2.7813,2.7843,2.7863,2.7843,2.7863,3
2026-07-27 11:47:00,2.7803,2.7803,2.7803,2.7803,2.7853,2.7853,2.7853,2.7853,1
2026-07-27 11:48:00,2.7808,2.7813,2.7808,2.7813,2.7858,2.7863,2.7858,2.7863,2
2026-07-27 11:50:00,2.7823,2.7823,2.7803,2.7803,2.7873,2.7873,2.7853,2.7853,3
2026-07-27 11:52:00,2.7813,2.7833,2.7813,2.7823,2.7863,2.7883,2.7863,2.7873,8
2026-07-27 11:53:00,2.7818,2.7823,2.7813,2.7813,2.7868,2.7873,2.7863,2.7863,7
2026-07-27 11:54:00,2.7818,2.7818,2.7818,2.7818,2.7868,2.7868,2.7868,2.7868,1
2026-07-27 11:55:00,2.7813,2.7813,2.7813,2.7813,2.7863,2.7863,2.7863,2.7863,1
2026-07-27 11:56:00,2.7818,2.7823,2.7803,2.7813,2.7868,2.7873,2.7853,2.7863,9
2026-07-27 11:57:00,2.7803,2.7818,2.7803,2.7818,2.7853,2.7868,2.7853,2.7868,3
2026-07-27 11:58:00,2.7823,2.7823,2.7823,2.7823,2.7873,2.7873,2.7873,2.7873,1
2026-07-27 11:59:00,2.7833,2.7833,2.7823,2.7828,2.7883,2.7883,2.7873,2.7878,8
2026-07-27 12:00:00,2.7833,2.7858,2.7823,2.7858,2.7883,2.7908,2.7873,2.7908,14
2026-07-27 12:01:00,2.7853,2.7883,2.7853,2.7873,2.7903,2.7933,2.7903,2.7923,6
2026-07-27 12:02:00,2.7878,2.7893,2.7873,2.7883,2.7928,2.7943,2.7923,2.7933,5
2026-07-27 12:03:00,2.7893,2.7903,2.7893,2.7893,2.7943,2.7953,2.7943,2.7943,35
2026-07-27 12:04:00,2.7883,2.7883,2.7873,2.7883,2.7933,2.7933,2.7923,2.7933,4
2026-07-27 12:05:00,2.7878,2.7883,2.7873,2.7878,2.7928,2.7933,2.7923,2.7928,6
2026-07-27 12:06:00,2.7873,2.7908,2.7873,2.7908,2.7923,2.7958,2.7923,2.7958,13
2026-07-27 12:07:00,2.7903,2.7913,2.7903,2.7913,2.7953,2.7963,2.7953,2.7963,9
2026-07-27 12:08:00,2.7893,2.7898,2.7893,2.7893,2.7943,2.7948,2.7943,2.7943,3
2026-07-27 12:09:00,2.7898,2.7898,2.7893,2.7893,2.7948,2.7948,2.7943,2.7943,2
2026-07-27 12:10:00,2.7903,2.7903,2.7903,2.7903,2.7953,2.7953,2.7953,2.7953,1
2026-07-27 12:12:00,2.7913,2.7913,2.7883,2.7883,2.7963,2.7963,2.7933,2.7933,8
2026-07-27 12:13:00,2.7888,2.7893,2.7883,2.7883,2.7938,2.7943,2.7933,2.7933,8
2026-07-27 12:14:00,2.7873,2.7883,2.7863,2.7863,2.7923,2.7933,2.7913,2.7913,4
2026-07-27 12:15:00,2.7853,2.7873,2.7853,2.7873,2.7903,2.7923,2.7903,2.7923,3
2026-07-27 12:16:00,2.7863,2.7873,2.7863,2.7873,2.7913,2.7923,2.7913,2.7923,6
2026-07-27 12:17:00,2.7863,2.7863,2.7843,2.7843,2.7913,2.7913,2.7893,2.7893,3
2026-07-27 12:19:00,2.7853,2.7853,2.7833,2.7833,2.7903,2.7903,2.7883,2.7883,3
2026-07-27 12:20:00,2.7838,2.7843,2.7833,2.7833,2.7888,2.7893,2.7883,2.7883,6
2026-07-27 12:23:00,2.7838,2.7843,2.7833,2.7833,2.7888,2.7893,2.7883,2.7883,8
2026-07-27 12:24:00,2.7823,2.7833,2.7823,2.7833,2.7873,2.7883,2.7873,2.7883,7
2026-07-27 12:25:00,2.7843,2.7843,2.7788,2.7793,2.7893,2.7893,2.7838,2.7843,18
2026-07-27 12:26:00,2.7803,2.7803,2.7803,2.7803,2.7853,2.7853,2.7853,2.7853,1
2026-07-27 12:27:00,2.7793,2.7818,2.7793,2.7813,2.7843,2.7868,2.7843,2.7863,6
2026-07-27 12:28:00,2.7803,2.7813,2.7803,2.7813,2.7853,2.7863,2.7853,2.7863,2
2026-07-27 12:29:00,2.7823,2.7823,2.7803,2.7808,2.7873,2.7873,2.7853,2.7858,5
2026-07-27 12:30:00,2.7813,2.7813,2.7808,2.7813,2.7863,2.7863,2.7858,2.7863,5
2026-07-27 12:31:00,2.7823,2.7823,2.7823,2.7823,2.7873,2.7873,2.7873,2.7873,1
2026-07-27 12:32:00,2.7813,2.7823,2.7813,2.7823,2.7863,2.7873,2.7863,2.7873,7
2026-07-27 12:33:00,2.7843,2.7888,2.7843,2.7863,2.7893,2.7938,2.7893,2.7913,16
2026-07-27 12:34:00,2.7873,2.7893,2.7873,2.7883,2.7923,2.7943,2.7923,2.7933,4
2026-07-27 12:35:00,2.7893,2.7893,2.7873,2.7893,2.7943,2.7943,2.7923,2.7943,9
2026-07-27 12:36:00,2.7883,2.7883,2.7883,2.7883,2.7933,2.7933,2.7933,2.7933,1
2026-07-27 12:37:00,2.7873,2.7893,2.7873,2.7873,2.7923,2.7943,2.7923,2.7923,6
2026-07-27 12:38:00,2.7868,2.7873,2.7863,2.7863,2.7918,2.7923,2.7913,2.7913,3
2026-07-27 12:39:00,2.7873,2.7873,2.7873,2.7873,2.7923,2.7923,2.7923,2.7923,1
2026-07-27 12:40:00,2.7878,2.7893,2.7873,2.7873,2.7928,2.7943,2.7923,2.7923,5
2026-07-27 12:41:00,2.7883,2.7883,2.7883,2.7883,2.7933,2.7933,2.7933,2.7933,1
2026-07-27 12:43:00,2.7873,2.7873,2.7853,2.7863,2.7923,2.7923,2.7903,2.7913,12
2026-07-27 12:44:00,2.7873,2.7893,2.7873,2.7888,2.7923,2.7943,2.7923,2.7938,7
2026-07-27 12:45:00,2.7893,2.7923,2.7873,2.7913,2.7943,2.7973,2.7923,2.7963,25
2026-07-27 12:46:00,2.7923,2.7943,2.7923,2.7933,2.7973,2.7993,2.7973,2.7983,6
2026-07-27 12:47:00,2.7923,2.7923,2.7913,2.7918,2.7973,2.7973,2.7963,2.7968,5
2026-07-27 12:48:00,2.7913,2.7913,2.7903,2.7908,2.7963,2.7963,2.7953,2.7958,18
2026-07-27 12:49:00,2.7913,2.7923,2.7913,2.7913,2.7963,2.7973,2.7963,2.7963,3
2026-07-27 12:50:00,2.7923,2.7953,2.7923,2.7953,2.7973,2.8003,2.7973,2.8003,4
2026-07-27 12:51:00,2.7963,2.7963,2.7933,2.7933,2.8013,2.8013,2.7983,2.7983,4
2026-07-27 12:52:00,2.7923,2.7933,2.7913,2.7913,2.7973,2.7983,2.7963,2.7963,10
2026-07-27 12:53:00,2.7923,2.7923,2.7913,2.7913,2.7973,2.7973,2.7963,2.7963,4
2026-07-27 12:54:00,2.7903,2.7903,2.7903,2.7903,2.7953,2.7953,2.7953,2.7953,1
2026-07-27 12:55:00,2.7893,2.7893,2.7873,2.7888,2.7943,2.7943,2.7923,2.7938,7
2026-07-27 12:56:00,2.7893,2.7903,2.7883,2.7903,2.7943,2.7953,2.7933,2.7953,8
2026-07-27 12:57:00,2.7893,2.7903,2.7893,2.7903,2.7943,2.7953,2.7943,2.7953,3
2026-07-27 12:58:00,2.7893,2.7893,2.7893,2.7893,2.7943,2.7943,2.7943,2.7943,1
2026-07-27 12:59:00,2.7903,2.7903,2.7893,2.7903,2.7953,2.7953,2.7943,2.7953,10
2026-07-27 13:00:00,2.7913,2.7943,2.7893,2.7938,2.7963,2.7993,2.7943,2.7988,31
2026-07-27 13:01:00,2.7933,2.7943,2.7928,2.7933,2.7983,2.7993,2.7978,2.7983,9
2026-07-27 13:02:00,2.7943,2.7983,2.7933,2.7983,2.7993,2.8033,2.7983,2.8033,27
2026-07-27 13:03:00,2.7973,2.8003,2.7963,2.8003,2.8023,2.8053,2.8013,2.8053,16
2026-07-27 13:04:00,2.7993,2.8003,2.7983,2.7993,2.8043,2.8053,2.8033,2.8043,30
2026-07-27 13:05:00,2.7988,2.8013,2.7963,2.7993,2.8038,2.8063,2.8013,2.8043,25
2026-07-27 13:06:00,2.8003,2.8013,2.7993,2.8003,2.8053,2.8063,2.8043,2.8053,10
2026-07-27 13:07:00,2.7993,2.8023,2.7993,2.8023,2.8043,2.8073,2.8043,2.8073,13
2026-07-27 13:08:00,2.8028,2.8033,2.8023,2.8033,2.8078,2.8083,2.8073,2.8083,4
2026-07-27 13:09:00,2.8023,2.8033,2.8023,2.8023,2.8073,2.8083,2.8073,2.8073,11
2026-07-27 13:10:00,2.8033,2.8033,2.7973,2.7983,2.8083,2.8083,2.8023,2.8033,10
2026-07-27 13:11:00,2.7973,2.7993,2.7973,2.7983,2.8023,2.8043,2.8023,2.8033,12
2026-07-27 13:12:00,2.7993,2.8003,2.7993,2.8003,2.8043,2.8053,2.8043,2.8053,8
2026-07-27 13:13:00,2.7998,2.8003,2.7983,2.7993,2.8048,2.8053,2.8033,2.8043,13
2026-07-27 13:14:00,2.7983,2.7983,2.7933,2.7933,2.8033,2.8033,2.7983,2.7983,12
2026-07-27 13:15:00,2.7943,2.7953,2.7933,2.7943,2.7993,2.8003,2.7983,2.7993,12
2026-07-27 13:16:00,2.7933,2.7973,2.7923,2.7963,2.7983,2.8023,2.7973,2.8013,19
2026-07-27 13:17:00,2.7968,2.7968,2.7953,2.7958,2.8018,2.8018,2.8003,2.8008,5
2026-07-27 13:18:00,2.7953,2.7993,2.7953,2.7983,2.8003,2.8043,2.8003,2.8033,15
2026-07-27 13:19:00,2.7973,2.8003,2.7973,2.7993,2.8023,2.8053,2.8023,2.8043,12
2026-07-27 13:20:00,2.7983,2.7983,2.7953,2.7963,2.8033,2.8033,2.8003,2.8013,6
2026-07-27 13:21:00,2.7968,2.7973,2.7968,2.7973,2.8018,2.8023,2.8018,2.8023,2
2026-07-27 13:22:00,2.7978,2.7978,2.7973,2.7973,2.8028,2.8028,2.8023,2.8023,2
2026-07-27 13:23:00,2.7983,2.7993,2.7973,2.7983,2.8033,2.8043,2.8023,2.8033,9
2026-07-27 13:24:00,2.7973,2.7983,2.7968,2.7973,2.8023,2.8033,2.8018,2.8023,7
2026-07-27 13:25:00,2.7978,2.7988,2.7973,2.7973,2.8028,2.8038,2.8023,2.8023,5
2026-07-27 13:26:00,2.7978,2.7983,2.7973,2.7973,2.8028,2.8033,2.8023,2.8023,4
2026-07-27 13:27:00,2.7963,2.7978,2.7963,2.7973,2.8013,2.8028,2.8013,2.8023,10
2026-07-27 13:28:00,2.7983,2.8013,2.7973,2.8003,2.8033,2.8063,2.8023,2.8053,13
2026-07-27 13:29:00,2.7993,2.8023,2.7993,2.8023,2.8043,2.8073,2.8043,2.8073,9
2026-07-27 13:30:00,2.8028,2.8028,2.7983,2.7993,2.8078,2.8078,2.8033,2.8043,19
2026-07-27 13:31:00,2.7983,2.7983,2.7973,2.7983,2.8033,2.8033,2.8023,2.8033,19
2026-07-27 13:32:00,2.7978,2.7983,2.7923,2.7943,2.8028,2.8033,2.7973,2.7993,36
2026-07-27 13:33:00,2.7928,2.7933,2.7913,2.7933,2.7978,2.7983,2.7963,2.7983,9
2026-07-27 13:34:00,2.7923,2.7923,2.7903,2.7913,2.7973,2.7973,2.7953,2.7963,4
2026-07-27 13:35:00,2.7908,2.7913,2.7903,2.7913,2.7958,2.7963,2.7953,2.7963,5
2026-07-27 13:36:00,2.7923,2.7953,2.7923,2.7943,2.7973,2.8003,2.7973,2.7993,14
2026-07-27 13:37:00,2.7953,2.7953,2.7923,2.7923,2.8003,2.8003,2.7973,2.7973,7
2026-07-27 13:38:00,2.7913,2.7913,2.7873,2.7893,2.7963,2.7963,2.7923,2.7943,15
2026-07-27 13:39:00,2.7888,2.7923,2.7888,2.7923,2.7938,2.7973,2.7938,2.7973,5
2026-07-27 13:40:00,2.7913,2.7923,2.7903,2.7913,2.7963,2.7973,2.7953,2.7963,8
2026-07-27 13:41:00,2.7923,2.7933,2.7923,2.7923,2.7973,2.7983,2.7973,2.7973,10
2026-07-27 13:42:00,2.7933,2.7943,2.7913,2.7923,2.7983,2.7993,2.7963,2.7973,7
2026-07-27 13:43:00,2.7933,2.7953,2.7928,2.7933,2.7983,2.8003,2.7978,2.7983,14
2026-07-27 13:44:00,2.7943,2.7963,2.7923,2.7943,2.7993,2.8013,2.7973,2.7993,20
2026-07-27 13:45:00,2.7948,2.7948,2.7943,2.7943,2.7998,2.7998,2.7993,2.7993,2
2026-07-27 13:46:00,2.7953,2.7953,2.7943,2.7943,2.8003,2.8003,2.7993,2.7993,2
2026-07-27 13:47:00,2.7953,2.7963,2.7953,2.7953,2.8003,2.8013,2.8003,2.8003,3
2026-07-27 13:48:00,2.7943,2.7963,2.7938,2.7943,2.7993,2.8013,2.7988,2.7993,13
2026-07-27 13:49:00,2.7953,2.7953,2.7933,2.7938,2.8003,2.8003,2.7983,2.7988,10
2026-07-27 13:50:00,2.7933,2.7933,2.7893,2.7903,2.7983,2.7983,2.7943,2.7953,16
2026-07-27 13:51:00,2.7913,2.7933,2.7913,2.7933,2.7963,2.7983,2.7963,2.7983,14
2026-07-27 13:52:00,2.7923,2.7938,2.7923,2.7923,2.7973,2.7988,2.7973,2.7973,5
2026-07-27 13:53:00,2.7913,2.7923,2.7843,2.7843,2.7963,2.7973,2.7893,2.7893,31
2026-07-27 13:54:00,2.7853,2.7863,2.7833,2.7853,2.7903,2.7913,2.7883,2.7903,16
2026-07-27 13:55:00,2.7863,2.7863,2.7853,2.7863,2.7913,2.7913,2.7903,2.7913,19
2026-07-27 13:56:00,2.7873,2.7883,2.7863,2.7863,2.7923,2.7933,2.7913,2.7913,20
2026-07-27 13:57:00,2.7873,2.7903,2.7853,2.7863,2.7923,2.7953,2.7903,2.7913,16
2026-07-27 13:58:00,2.7853,2.7873,2.7853,2.7863,2.7903,2.7923,2.7903,2.7913,13
2026-07-27 13:59:00,2.7873,2.7903,2.7873,2.7903,2.7923,2.7953,2.7923,2.7953,14
2026-07-27 14:00:00,2.7913,2.8013,2.7913,2.8008,2.7963,2.8063,2.7963,2.8058,63
2026-07-27 14:01:00,2.8013,2.8073,2.8003,2.8053,2.8063,2.8123,2.8053,2.8103,77
2026-07-27 14:02:00,2.8043,2.8053,2.8023,2.8048,2.8093,2.8103,2.8073,2.8098,36
2026-07-27 14:03:00,2.8043,2.8043,2.7953,2.8003,2.8093,2.8093,2.8003,2.8053,46
2026-07-27 14:04:00,2.7993,2.8053,2.7993,2.8053,2.8043,2.8103,2.8043,2.8103,12
2026-07-27 14:05:00,2.8043,2.8083,2.8043,2.8078,2.8093,2.8133,2.8093,2.8128,41
2026-07-27 14:06:00,2.8073,2.8093,2.8053,2.8073,2.8123,2.8143,2.8103,2.8123,47
2026-07-27 14:07:00,2.8078,2.8093,2.8053,2.8063,2.8128,2.8143,2.8103,2.8113,23
2026-07-27 14:08:00,2.8053,2.8093,2.8053,2.8073,2.8103,2.8143,2.8103,2.8123,40
2026-07-27 14:09:00,2.8063,2.8068,2.8018,2.8028,2.8113,2.8118,2.8068,2.8078,33
2026-07-27 14:10:00,2.8023,2.8023,2.8003,2.8003,2.8073,2.8073,2.8053,2.8053,16
2026-07-27 14:11:00,2.8013,2.8043,2.8013,2.8018,2.8063,2.8093,2.8063,2.8068,37
2026-07-27 14:12:00,2.8013,2.8013,2.7953,2.7978,2.8063,2.8063,2.8003,2.8028,47
2026-07-27 14:13:00,2.7973,2.7983,2.7953,2.7953,2.8023,2.8033,2.8003,2.8003,21
2026-07-27 14:14:00,2.7948,2.7953,2.7933,2.7943,2.7998,2.8003,2.7983,2.7993,13
2026-07-27 14:15:00,2.7933,2.7933,2.7913,2.7923,2.7983,2.7983,2.7963,2.7973,12
2026-07-27 14:16:00,2.7928,2.7933,2.7893,2.7913,2.7978,2.7983,2.7943,2.7963,22
2026-07-27 14:17:00,2.7923,2.7933,2.7913,2.7933,2.7973,2.7983,2.7963,2.7983,4
2026-07-27 14:18:00,2.7923,2.7923,2.7873,2.7903,2.7973,2.7973,2.7923,2.7953,23
2026-07-27 14:19:00,2.7913,2.7913,2.7873,2.7888,2.7963,2.7963,2.7923,2.7938,37
2026-07-27 14:20:00,2.7883,2.7893,2.7873,2.7883,2.7933,2.7943,2.7923,2.7933,25
2026-07-27 14:21:00,2.7893,2.7903,2.7883,2.7903,2.7943,2.7953,2.7933,2.7953,13
2026-07-27 14:22:00,2.7893,2.7893,2.7873,2.7893,2.7943,2.7943,2.7923,2.7943,13
2026-07-27 14:23:00,2.7898,2.7903,2.7893,2.7893,2.7948,2.7953,2.7943,2.7943,10
2026-07-27 14:24:00,2.7898,2.7898,2.7883,2.7888,2.7948,2.7948,2.7933,2.7938,28
2026-07-27 14:25:00,2.7883,2.7893,2.7853,2.7873,2.7933,2.7943,2.7903,2.7923,30
2026-07-27 14:26:00,2.7883,2.7903,2.7878,2.7883,2.7933,2.7953,2.7928,2.7933,14
2026-07-27 14:27:00,2.7888,2.7893,2.7873,2.7883,2.7938,2.7943,2.7923,2.7933,10
2026-07-27 14:28:00,2.7873,2.7883,2.7873,2.7873,2.7923,2.7933,2.7923,2.7923,6
2026-07-27 14:29:00,2.7878,2.7893,2.7878,2.7883,2.7928,2.7943,2.7928,2.7933,7
2026-07-27 14:30:00,2.7873,2.7923,2.7873,2.7903,2.7923,2.7973,2.7923,2.7953,22
2026-07-27 14:31:00,2.7898,2.7963,2.7893,2.7963,2.7948,2.8013,2.7943,2.8013,30
2026-07-27 14:32:00,2.7953,2.8003,2.7953,2.7983,2.8003,2.8053,2.8003,2.8033,34
2026-07-27 14:33:00,2.7993,2.8013,2.7993,2.8013,2.8043,2.8063,2.8043,2.8063,22
2026-07-27 14:34:00,2.8003,2.8013,2.7998,2.8003,2.8053,2.8063,2.8048,2.8053,21
2026-07-27 14:35:00,2.7998,2.8003,2.7943,2.7973,2.8048,2.8053,2.7993,2.8023,26
2026-07-27 14:36:00,2.7963,2.7973,2.7913,2.7913,2.8013,2.8023,2.7963,2.7963,16
2026-07-27 14:37:00,2.7908,2.7933,2.7908,2.7933,2.7958,2.7983,2.7958,2.7983,14
2026-07-27 14:38:00,2.7923,2.7923,2.7903,2.7923,2.7973,2.7973,2.7953,2.7973,14
2026-07-27 14:39:00,2.7933,2.8003,2.7933,2.7993,2.7983,2.8053,2.7983,2.8043,17
2026-07-27 14:40:00,2.7983,2.7983,2.7973,2.7983,2.8033,2.8033,2.8023,2.8033,3
2026-07-27 14:41:00,2.7973,2.7993,2.7963,2.7993,2.8023,2.8043,2.8013,2.8043,13
2026-07-27 14:42:00,2.7983,2.8013,2.7983,2.8003,2.8033,2.8063,2.8033,2.8053,10
2026-07-27 14:43:00,2.7993,2.8013,2.7993,2.8003,2.8043,2.8063,2.8043,2.8053,15
2026-07-27 14:44:00,2.8013,2.8013,2.7963,2.7993,2.8063,2.8063,2.8013,2.8043,25
2026-07-27 14:45:00,2.7998,2.8043,2.7993,2.8023,2.8048,2.8093,2.8043,2.8073,29
2026-07-27 14:46:00,2.8028,2.8043,2.8013,2.8033,2.8078,2.8093,2.8063,2.8083,22
2026-07-27 14:47:00,2.8038,2.8038,2.8023,2.8023,2.8088,2.8088,2.8073,2.8073,5
2026-07-27 14:48:00,2.8033,2.8093,2.8023,2.8083,2.8083,2.8143,2.8073,2.8133,50
2026-07-27 14:49:00,2.8073,2.8113,2.8053,2.8063,2.8123,2.8163,2.8103,2.8113,49
2026-07-27 14:50:00,2.8053,2.8063,2.7993,2.7993,2.8103,2.8113,2.8043,2.8043,13
2026-07-27 14:51:00,2.8003,2.8023,2.7988,2.7988,2.8053,2.8073,2.8038,2.8038,25
2026-07-27 14:52:00,2.7983,2.7993,2.7963,2.7973,2.8033,2.8043,2.8013,2.8023,25
2026-07-27 14:53:00,2.7968,2.8103,2.7963,2.8103,2.8018,2.8153,2.8013,2.8153,61
2026-07-27 14:54:00,2.8098,2.8138,2.8093,2.8113,2.8148,2.8188,2.8143,2.8163,25
2026-07-27 14:55:00,2.8103,2.8108,2.8063,2.8063,2.8153,2.8158,2.8113,2.8113,29
2026-07-27 14:56:00,2.8053,2.8083,2.8033,2.8033,2.8103,2.8133,2.8083,2.8083,26
2026-07-27 14:57:00,2.8043,2.8043,2.7993,2.8013,2.8093,2.8093,2.8043,2.8063,28
2026-07-27 14:58:00,2.8008,2.8013,2.7983,2.7983,2.8058,2.8063,2.8033,2.8033,10
2026-07-27 14:59:00,2.7993,2.7993,2.7963,2.7968,2.8043,2.8043,2.8013,2.8018,20
2026-07-27 15:00:00,2.7963,2.8033,2.7963,2.8013,2.8013,2.8083,2.8013,2.8063,64
2026-07-27 15:01:00,2.8003,2.8013,2.7953,2.7973,2.8053,2.8063,2.8003,2.8023,23
2026-07-27 15:02:00,2.7963,2.8003,2.7963,2.8003,2.8013,2.8053,2.8013,2.8053,18
2026-07-27 15:03:00,2.7993,2.8103,2.7993,2.8103,2.8043,2.8153,2.8043,2.8153,41
2026-07-27 15:04:00,2.8093,2.8103,2.8063,2.8073,2.8143,2.8153,2.8113,2.8123,17
2026-07-27 15:05:00,2.8083,2.8133,2.8033,2.8133,2.8133,2.8183,2.8083,2.8183,50
2026-07-27 15:06:00,2.8128,2.8128,2.8053,2.8053,2.8178,2.8178,2.8103,2.8103,39
2026-07-27 15:07:00,2.8048,2.8053,2.8033,2.8043,2.8098,2.8103,2.8083,2.8093,11
2026-07-27 15:08:00,2.8033,2.8033,2.7993,2.7993,2.8083,2.8083,2.8043,2.8043,26
2026-07-27 15:09:00,2.7983,2.8013,2.7983,2.8013,2.8033,2.8063,2.8033,2.8063,15
2026-07-27 15:10:00,2.8003,2.8043,2.7993,2.8033,2.8053,2.8093,2.8043,2.8083,30
2026-07-27 15:11:00,2.8043,2.8053,2.8033,2.8033,2.8093,2.8103,2.8083,2.8083,6
2026-07-27 15:12:00,2.8043,2.8043,2.8013,2.8043,2.8093,2.8093,2.8063,2.8093,18
2026-07-27 15:13:00,2.8053,2.8073,2.8053,2.8063,2.8103,2.8123,2.8103,2.8113,10
2026-07-27 15:14:00,2.8053,2.8083,2.8053,2.8078,2.8103,2.8133,2.8103,2.8128,23
2026-07-27 15:15:00,2.8073,2.8123,2.8063,2.8083,2.8123,2.8173,2.8113,2.8133,71
2026-07-27 15:16:00,2.8073,2.8083,2.8013,2.8013,2.8123,2.8133,2.8063,2.8063,27
2026-07-27 15:17:00,2.8023,2.8048,2.8023,2.8043,2.8073,2.8098,2.8073,2.8093,5
2026-07-27 15:18:00,2.8033,2.8033,2.8003,2.8013,2.8083,2.8083,2.8053,2.8063,9
2026-07-27 15:19:00,2.8023,2.8058,2.8013,2.8058,2.8073,2.8108,2.8063,2.8108,19
2026-07-27 15:20:00,2.8063,2.8133,2.8063,2.8093,2.8113,2.8183,2.8113,2.8143,31
2026-07-27 15:21:00,2.8083,2.8113,2.8063,2.8083,2.8133,2.8163,2.8113,2.8133,28
2026-07-27 15:22:00,2.8078,2.8113,2.8053,2.8103,2.8128,2.8163,2.8103,2.8153,27
2026-07-27 15:23:00,2.8093,2.8103,2.8093,2.8093,2.8143,2.8153,2.8143,2.8143,3
2026-07-27 15:24:00,2.8103,2.8103,2.8073,2.8083,2.8153,2.8153,2.8123,2.8133,16
2026-07-27 15:25:00,2.8093,2.8133,2.8073,2.8123,2.8143,2.8183,2.8123,2.8173,27
2026-07-27 15:26:00,2.8118,2.8118,2.8053,2.8063,2.8168,2.8168,2.8103,2.8113,29
2026-07-27 15:27:00,2.8073,2.8103,2.8073,2.8098,2.8123,2.8153,2.8123,2.8148,9
2026-07-27 15:28:00,2.8103,2.8103,2.8073,2.8093,2.8153,2.8153,2.8123,2.8143,26
2026-07-27 15:29:00,2.8083,2.8083,2.8043,2.8063,2.8133,2.8133,2.8093,2.8113,20
2026-07-27 15:30:00,2.8083,2.8113,2.8073,2.8093,2.8133,2.8163,2.8123,2.8143,36
2026-07-27 15:31:00,2.8083,2.8093,2.8053,2.8083,2.8133,2.8143,2.8103,2.8133,38
2026-07-27 15:32:00,2.8073,2.8073,2.8023,2.8053,2.8123,2.8123,2.8073,2.8103,29
2026-07-27 15:33:00,2.8063,2.8083,2.8063,2.8063,2.8113,2.8133,2.8113,2.8113,18
2026-07-27 15:34:00,2.8053,2.8053,2.8013,2.8043,2.8103,2.8103,2.8063,2.8093,37
2026-07-27 15:35:00,2.8033,2.8043,2.8013,2.8033,2.8083,2.8093,2.8063,2.8083,26
2026-07-27 15:36:00,2.8043,2.8043,2.7998,2.8003,2.8093,2.8093,2.8048,2.8053,29
2026-07-27 15:37:00,2.7998,2.8013,2.7973,2.7993,2.8048,2.8063,2.8023,2.8043,33
2026-07-27 15:38:00,2.7988,2.8013,2.7988,2.8013,2.8038,2.8063,2.8038,2.8063,25
2026-07-27 15:39:00,2.8003,2.8033,2.8003,2.8023,2.8053,2.8083,2.8053,2.8073,17
2026-07-27 15:40:00,2.8033,2.8073,2.8013,2.8063,2.8083,2.8123,2.8063,2.8113,68
2026-07-27 15:41:00,2.8058,2.8063,2.8033,2.8033,2.8108,2.8113,2.8083,2.8083,14
2026-07-27 15:42:00,2.8023,2.8033,2.7983,2.7993,2.8073,2.8083,2.8033,2.8043,42
2026-07-27 15:45:00,2.7988,2.7993,2.7988,2.7993,2.8038,2.8043,2.8038,2.8043,4
2026-07-27 15:46:00,2.7978,2.7983,2.7963,2.7963,2.8028,2.8033,2.8013,2.8013,18
2026-07-27 15:47:00,2.7968,2.7973,2.7953,2.7963,2.8018,2.8023,2.8003,2.8013,42
2026-07-27 15:49:00,2.8033,2.8033,2.8023,2.8033,2.8083,2.8083,2.8073,2.8083,10
2026-07-27 15:52:00,2.8023,2.8023,2.8023,2.8023,2.8073,2.8073,2.8073,2.8073,2
2026-07-27 15:53:00,2.8063,2.8063,2.8063,2.8063,2.8113,2.8113,2.8103,2.8113,2
2026-07-27 15:54:00,2.8093,2.8093,2.8083,2.8083,2.8143,2.8143,2.8133,2.8133,4
2026-07-27 15:56:00,2.8068,2.8093,2.8063,2.8073,2.8118,2.8143,2.8113,2.8123,40
2026-07-27 15:57:00,2.8083,2.8113,2.8073,2.8083,2.8133,2.8163,2.8123,2.8133,40
2026-07-27 15:58:00,2.8093,2.8133,2.8083,2.8123,2.8143,2.8183,2.8133,2.8173,56
2026-07-27 15:59:00,2.8118,2.8193,2.8103,2.8188,2.8168,2.8243,2.8153,2.8238,88
2026-07-27 16:00:00,2.8173,2.8183,2.8133,2.8133,2.8223,2.8233,2.8183,2.8183,29
2026-07-27 16:01:00,2.8143,2.8153,2.8123,2.8148,2.8193,2.8203,2.8173,2.8198,34
2026-07-27 16:02:00,2.8153,2.8153,2.8113,2.8113,2.8203,2.8203,2.8163,2.8163,44
2026-07-27 16:03:00,2.8103,2.8113,2.8093,2.8103,2.8153,2.8163,2.8143,2.8153,10
2026-07-27 16:04:00,2.8113,2.8113,2.8083,2.8103,2.8163,2.8163,2.8133,2.8153,27
2026-07-27 16:05:00,2.8108,2.8113,2.8103,2.8103,2.8158,2.8163,2.8153,2.8153,16
2026-07-27 16:06:00,2.8093,2.8103,2.8073,2.8073,2.8143,2.8153,2.8123,2.8123,11
2026-07-27 16:07:00,2.8063,2.8103,2.8063,2.8093,2.8113,2.8153,2.8113,2.8143,13
2026-07-27 16:08:00,2.8083,2.8113,2.8083,2.8113,2.8133,2.8163,2.8133,2.8163,21
2026-07-27 16:09:00,2.8103,2.8108,2.8073,2.8103,2.8148,2.8153,2.8133,2.8153,18
2026-07-27 16:10:00,2.8113,2.8113,2.8093,2.8103,2.8163,2.8163,2.8143,2.8153,21
2026-07-27 16:11:00,2.8113,2.8153,2.8113,2.8143,2.8143,2.8203,2.8143,2.8193,31
2026-07-27 16:12:00,2.8153,2.8163,2.8133,2.8133,2.8203,2.8213,2.8183,2.8183,23
2026-07-27 16:13:00,2.8123,2.8123,2.8103,2.8103,2.8173,2.8173,2.8153,2.8153,26
2026-07-27 16:14:00,2.8113,2.8133,2.8113,2.8113,2.8163,2.8183,2.8163,2.8163,19
2026-07-27 16:15:00,2.8108,2.8113,2.8103,2.8103,2.8158,2.8163,2.8153,2.8153,20
2026-07-27 16:16:00,2.8113,2.8133,2.8108,2.8123,2.8163,2.8183,2.8158,2.8173,13
2026-07-27 16:17:00,2.8133,2.8153,2.8123,2.8123,2.8183,2.8203,2.8173,2.8173,16
2026-07-27 16:18:00,2.8133,2.8133,2.8103,2.8108,2.8183,2.8183,2.8153,2.8158,20
2026-07-27 16:19:00,2.8103,2.8133,2.8098,2.8118,2.8153,2.8183,2.8148,2.8168,27
2026-07-27 16:20:00,2.8113,2.8143,2.8113,2.8133,2.8163,2.8193,2.8163,2.8183,7
2026-07-27 16:21:00,2.8138,2.8138,2.8103,2.8103,2.8188,2.8188,2.8153,2.8153,9
2026-07-27 16:22:00,2.8093,2.8103,2.8083,2.8093,2.8143,2.8153,2.8133,2.8143,7
2026-07-27 16:23:00,2.8083,2.8103,2.8083,2.8093,2.8133,2.8153,2.8133,2.8143,8
2026-07-27 16:24:00,2.8083,2.8123,2.8083,2.8113,2.8133,2.8173,2.8133,2.8163,48
2026-07-27 16:25:00,2.8123,2.8123,2.8113,2.8113,2.8173,2.8173,2.8163,2.8163,20
2026-07-27 16:26:00,2.8103,2.8113,2.8103,2.8113,2.8153,2.8163,2.8153,2.8163,4
2026-07-27 16:27:00,2.8103,2.8113,2.8093,2.8093,2.8153,2.8163,2.8143,2.8143,7
2026-07-27 16:28:00,2.8083,2.8083,2.8043,2.8053,2.8133,2.8133,2.8093,2.8103,54
2026-07-27 16:29:00,2.8043,2.8053,2.8013,2.8053,2.8093,2.8103,2.8063,2.8103,33
2026-07-27 16:30:00,2.8063,2.8063,2.8003,2.8013,2.8113,2.8113,2.8053,2.8063,20
2026-07-27 16:31:00,2.8023,2.8033,2.8013,2.8013,2.8073,2.8083,2.8063,2.8063,14
2026-07-27 16:32:00,2.8023,2.8053,2.8013,2.8043,2.8073,2.8103,2.8063,2.8093,18
2026-07-27 16:33:00,2.8033,2.8043,2.8033,2.8043,2.8083,2.8093,2.8083,2.8093,18
2026-07-27 16:34:00,2.8048,2.8053,2.8043,2.8053,2.8098,2.8103,2.8093,2.8103,9
2026-07-27 16:35:00,2.8063,2.8063,2.8043,2.8043,2.8113,2.8113,2.8093,2.8093,12
2026-07-27 16:36:00,2.8033,2.8033,2.8013,2.8023,2.8083,2.8083,2.8063,2.8073,25
2026-07-27 16:37:00,2.8013,2.8023,2.8003,2.8003,2.8063,2.8073,2.8053,2.8053,8
2026-07-27 16:38:00,2.8013,2.8023,2.7998,2.8023,2.8063,2.8073,2.8048,2.8073,20
2026-07-27 16:39:00,2.8013,2.8013,2.7963,2.7973,2.8063,2.8063,2.8013,2.8023,22
2026-07-27 16:40:00,2.7983,2.7983,2.7963,2.7963,2.8033,2.8033,2.8013,2.8013,6
2026-07-27 16:41:00,2.7973,2.7983,2.7963,2.7968,2.8023,2.8033,2.8013,2.8018,30
2026-07-27 16:42:00,2.7973,2.7973,2.7943,2.7953,2.8023,2.8023,2.7993,2.8003,24
2026-07-27 16:43:00,2.7963,2.7963,2.7943,2.7953,2.8013,2.8013,2.7993,2.8003,19
2026-07-27 16:44:00,2.7963,2.7963,2.7903,2.7908,2.8013,2.8013,2.7953,2.7958,52
2026-07-27 16:45:00,2.7903,2.7923,2.7903,2.7913,2.7953,2.7973,2.7953,2.7963,18
2026-07-27 16:46:00,2.7903,2.7923,2.7903,2.7913,2.7953,2.7973,2.7953,2.7963,13
2026-07-27 16:47:00,2.7903,2.7923,2.7893,2.7923,2.7953,2.7973,2.7943,2.7973,16
2026-07-27 16:48:00,2.7913,2.7923,2.7913,2.7923,2.7963,2.7973,2.7963,2.7973,8
2026-07-27 16:49:00,2.7933,2.7933,2.7923,2.7923,2.7978,2.7983,2.7973,2.7973,11
2026-07-27 16:50:00,2.7913,2.7953,2.7913,2.7943,2.7963,2.8003,2.7963,2.7993,15
2026-07-27 16:51:00,2.7933,2.7933,2.7923,2.7933,2.7983,2.7983,2.7973,2.7983,20
2026-07-27 16:52:00,2.7943,2.7953,2.7943,2.7953,2.7993,2.8003,2.7993,2.8003,5
2026-07-27 16:53:00,2.7963,2.7973,2.7943,2.7948,2.8013,2.8023,2.7993,2.7998,20
2026-07-27 16:54:00,2.7943,2.7948,2.7938,2.7943,2.7993,2.7998,2.7988,2.7993,10
2026-07-27 16:55:00,2.7943,2.7943,2.7933,2.7933,2.8003,2.8003,2.7983,2.7983,6
2026-07-27 16:56:00,2.7923,2.7943,2.7913,2.7923,2.7973,2.7993,2.7963,2.7973,40
2026-07-27 16:57:00,2.7913,2.7923,2.7913,2.7913,2.7963,2.7973,2.7963,2.7963,5
2026-07-27 16:58:00,2.7903,2.7913,2.7903,2.7913,2.7953,2.7963,2.7953,2.7963,6
2026-07-27 16:59:00,2.7913,2.7913,2.7903,2.7903,2.7963,2.7963,2.7953,2.7953,19
2026-07-27 17:00:00,2.7903,2.7933,2.7903,2.7933,2.7953,2.7983,2.7953,2.7983,32
2026-07-27 17:01:00,2.7943,2.7943,2.7923,2.7923,2.7993,2.7993,2.7973,2.7973,6
2026-07-27 17:02:00,2.7928,2.7928,2.7913,2.7923,2.7978,2.7978,2.7963,2.7973,4
2026-07-27 17:03:00,2.7918,2.7943,2.7913,2.7943,2.7968,2.7993,2.7963,2.7993,18
2026-07-27 17:04:00,2.7933,2.7963,2.7933,2.7933,2.7983,2.8043,2.7983,2.8043,14
2026-07-27 17:05:00,2.7983,2.7993,2.7973,2.7983,2.8038,2.8043,2.8023,2.8033,13
2026-07-27 17:06:00,2.7978,2.7978,2.7953,2.7953,2.8028,2.8028,2.8003,2.8003,7
2026-07-27 17:07:00,2.7953,2.7953,2.7943,2.7943,2.7993,2.8003,2.7993,2.7993,2
2026-07-27 17:08:00,2.7933,2.7933,2.7893,2.7908,2.7983,2.7983,2.7943,2.7953,14
2026-07-27 17:09:00,2.7908,2.7913,2.7893,2.7893,2.7943,2.7953,2.7943,2.7943,11
2026-07-27 17:10:00,2.7888,2.7903,2.7883,2.7898,2.7938,2.7953,2.7933,2.7948,24
2026-07-27 17:11:00,2.7893,2.7903,2.7883,2.7893,2.7943,2.7943,2.7933,2.7943,7
2026-07-27 17:12:00,2.7893,2.7903,2.7893,2.7903,2.7943,2.7953,2.7943,2.7953,4
2026-07-27 17:13:00,2.7893,2.7893,2.7873,2.7893,2.7943,2.7943,2.7943,2.7943,7
2026-07-27 17:14:00,2.7883,2.7903,2.7883,2.7903,2.7933,2.7953,2.7933,2.7953,18
2026-07-27 17:15:00,2.7893,2.7893,2.7853,2.7878,2.7943,2.7943,2.7903,2.7928,33
2026-07-27 17:16:00,2.7883,2.7883,2.7863,2.7863,2.7933,2.7933,2.7913,2.7913,16
2026-07-27 17:17:00,2.7853,2.7873,2.7853,2.7863,2.7903,2.7923,2.7903,2.7913,20
2026-07-27 17:18:00,2.7873,2.7873,2.7853,2.7863,2.7923,2.7923,2.7903,2.7913,12
2026-07-27 17:19:00,2.7873,2.7873,2.7853,2.7863,2.7923,2.7923,2.7903,2.7913,5
2026-07-27 17:20:00,2.7858,2.7873,2.7853,2.7858,2.7908,2.7923,2.7903,2.7908,8
2026-07-27 17:21:00,2.7853,2.7863,2.7853,2.7853,2.7903,2.7913,2.7903,2.7903,13
2026-07-27 17:22:00,2.7843,2.7853,2.7823,2.7853,2.7893,2.7903,2.7873,2.7903,21
2026-07-27 17:23:00,2.7863,2.7863,2.7843,2.7853,2.7913,2.7913,2.7893,2.7903,12
2026-07-27 17:24:00,2.7848,2.7848,2.7818,2.7833,2.7898,2.7898,2.7868,2.7883,9
2026-07-27 17:25:00,2.7843,2.7853,2.7833,2.7853,2.7893,2.7903,2.7883,2.7903,14
2026-07-27 17:26:00,2.7843,2.7853,2.7843,2.7843,2.7893,2.7903,2.7893,2.7893,12
2026-07-27 17:27:00,2.7843,2.7843,2.7838,2.7843,2.7893,2.7893,2.7883,2.7893,8
2026-07-27 17:28:00,2.7833,2.7843,2.7833,2.7833,2.7883,2.7893,2.7883,2.7883,14
2026-07-27 17:29:00,2.7843,2.7843,2.7843,2.7843,2.7893,2.7893,2.7893,2.7893,1
2026-07-27 17:30:00,2.7848,2.7893,2.7843,2.7893,2.7898,2.7943,2.7893,2.7943,31
2026-07-27 17:31:00,2.7883,2.7883,2.7863,2.7873,2.7933,2.7933,2.7913,2.7923,14
2026-07-27 17:32:00,2.7868,2.7868,2.7843,2.7863,2.7918,2.7918,2.7893,2.7913,11
2026-07-27 17:33:00,2.7853,2.7853,2.7833,2.7843,2.7903,2.7903,2.7883,2.7893,15
2026-07-27 17:34:00,2.7853,2.7853,2.7843,2.7853,2.7903,2.7903,2.7893,2.7903,4
2026-07-27 17:35:00,2.7863,2.7863,2.7853,2.7863,2.7913,2.7913,2.7903,2.7913,17
2026-07-27 17:36:00,2.7853,2.7863,2.7853,2.7853,2.7903,2.7913,2.7903,2.7903,5
2026-07-27 17:37:00,2.7863,2.7883,2.7853,2.7863,2.7913,2.7933,2.7903,2.7913,17
2026-07-27 17:38:00,2.7873,2.7883,2.7873,2.7873,2.7923,2.7933,2.7923,2.7923,7
2026-07-27 17:39:00,2.7883,2.7883,2.7863,2.7873,2.7933,2.7933,2.7913,2.7923,8
2026-07-27 17:40:00,2.7863,2.7873,2.7853,2.7868,2.7913,2.7923,2.7903,2.7918,14
2026-07-27 17:41:00,2.7873,2.7883,2.7873,2.7873,2.7923,2.7933,2.7923,2.7923,10
2026-07-27 17:42:00,2.7863,2.7873,2.7863,2.7863,2.7913,2.7923,2.7913,2.7913,5
2026-07-27 17:43:00,2.7853,2.7863,2.7843,2.7853,2.7903,2.7913,2.7893,2.7903,5
2026-07-27 17:44:00,2.7863,2.7873,2.7863,2.7863,2.7913,2.7923,2.7913,2.7913,10
2026-07-27 17:45:00,2.7868,2.7883,2.7863,2.7863,2.7918,2.7933,2.7913,2.7913,19
2026-07-27 17:46:00,2.7853,2.7863,2.7853,2.7863,2.7903,2.7913,2.7903,2.7913,2
2026-07-27 17:47:00,2.7873,2.7883,2.7873,2.7873,2.7923,2.7933,2.7923,2.7923,4
2026-07-27 17:48:00,2.7883,2.7883,2.7863,2.7873,2.7933,2.7933,2.7913,2.7923,28
2026-07-27 17:49:00,2.7878,2.7893,2.7863,2.7893,2.7928,2.7943,2.7913,2.7943,21
2026-07-27 17:50:00,2.7903,2.7933,2.7903,2.7923,2.7953,2.7983,2.7953,2.7973,20
2026-07-27 17:51:00,2.7918,2.7963,2.7913,2.7963,2.7968,2.8013,2.7963,2.8013,33
2026-07-27 17:52:00,2.7953,2.7953,2.7933,2.7943,2.8003,2.8003,2.7983,2.7993,6
2026-07-27 17:53:00,2.7953,2.7953,2.7933,2.7933,2.8003,2.8003,2.7983,2.7983,14
2026-07-27 17:54:00,2.7923,2.7953,2.7923,2.7948,2.7973,2.8003,2.7973,2.7998,20
2026-07-27 17:55:00,2.7953,2.7983,2.7943,2.7983,2.8003,2.8033,2.7993,2.8033,8
2026-07-27 17:56:00,2.7973,2.7983,2.7973,2.7973,2.8023,2.8033,2.8023,2.8023,20
2026-07-27 17:57:00,2.7983,2.7983,2.7973,2.7973,2.8033,2.8033,2.8023,2.8023,8
2026-07-27 17:58:00,2.7963,2.8003,2.7963,2.7963,2.8013,2.8053,2.8013,2.8013,21
2026-07-27 17:59:00,2.7953,2.7973,2.7953,2.7973,2.8003,2.8023,2.8003,2.8023,14
2026-07-27 18:00:00,2.7963,2.7973,2.7963,2.7973,2.8013,2.8023,2.8013,2.8023,15
2026-07-27 18:01:00,2.7963,2.7993,2.7953,2.7993,2.8013,2.8043,2.8003,2.8043,15
2026-07-27 18:02:00,2.7998,2.8003,2.7993,2.8003,2.8048,2.8053,2.8043,2.8053,7
2026-07-27 18:03:00,2.7993,2.7993,2.7983,2.7983,2.8043,2.8043,2.8033,2.8033,3
2026-07-27 18:04:00,2.7993,2.7993,2.7993,2.7993,2.8043,2.8043,2.8043,2.8043,1
2026-07-27 18:05:00,2.8003,2.8003,2.7993,2.7993,2.8053,2.8053,2.8043,2.8043,9
2026-07-27 18:06:00,2.8003,2.8003,2.7993,2.7998,2.8053,2.8053,2.8043,2.8048,9
2026-07-27 18:07:00,2.8003,2.8003,2.8003,2.8003,2.8053,2.8053,2.8053,2.8053,1
2026-07-27 18:08:00,2.8013,2.8013,2.7988,2.7993,2.8063,2.8063,2.8038,2.8043,23
2026-07-27 18:09:00,2.8003,2.8013,2.8003,2.8003,2.8053,2.8063,2.8053,2.8053,3
2026-07-27 18:10:00,2.7993,2.8043,2.7993,2.8033,2.8043,2.8093,2.8043,2.8083,26
2026-07-27 18:11:00,2.8038,2.8053,2.8033,2.8043,2.8088,2.8103,2.8083,2.8093,11
2026-07-27 18:12:00,2.8053,2.8053,2.8043,2.8053,2.8103,2.8103,2.8093,2.8103,5
2026-07-27 18:13:00,2.8043,2.8053,2.8043,2.8053,2.8093,2.8103,2.8093,2.8103,2
2026-07-27 18:14:00,2.8043,2.8043,2.8023,2.8023,2.8093,2.8093,2.8073,2.8073,13
2026-07-27 18:15:00,2.8033,2.8043,2.8023,2.8043,2.8083,2.8093,2.8073,2.8093,13
2026-07-27 18:16:00,2.8053,2.8063,2.8033,2.8043,2.8103,2.8113,2.8083,2.8093,16
2026-07-27 18:17:00,2.8048,2.8058,2.8043,2.8043,2.8098,2.8108,2.8093,2.8093,5
2026-07-27 18:18:00,2.8048,2.8053,2.8043,2.8053,2.8098,2.8103,2.8093,2.8103,8
2026-07-27 18:19:00,2.8063,2.8073,2.8053,2.8073,2.8113,2.8123,2.8103,2.8123,15
2026-07-27 18:20:00,2.8063,2.8063,2.8043,2.8053,2.8113,2.8113,2.8093,2.8103,6
2026-07-27 18:21:00,2.8043,2.8053,2.8023,2.8023,2.8093,2.8103,2.8073,2.8073,23
2026-07-27 18:22:00,2.8018,2.8023,2.7993,2.7993,2.8068,2.8073,2.8043,2.8043,16
2026-07-27 18:23:00,2.7983,2.8003,2.7983,2.7993,2.8033,2.8053,2.8033,2.8043,16
2026-07-27 18:24:00,2.7988,2.7988,2.7943,2.7953,2.8038,2.8038,2.7993,2.8003,22
2026-07-27 18:25:00,2.7963,2.7963,2.7923,2.7933,2.8013,2.8013,2.7973,2.7983,47
2026-07-27 18:26:00,2.7923,2.7933,2.7853,2.7883,2.7973,2.7983,2.7903,2.7933,50
2026-07-27 18:27:00,2.7888,2.7893,2.7833,2.7843,2.7938,2.7943,2.7883,2.7893,30
2026-07-27 18:28:00,2.7853,2.7853,2.7833,2.7853,2.7903,2.7903,2.7883,2.7903,13
2026-07-27 18:29:00,2.7848,2.7848,2.7833,2.7843,2.7898,2.7898,2.7883,2.7893,16
2026-07-27 18:30:00,2.7833,2.7863,2.7833,2.7863,2.7883,2.7913,2.7883,2.7913,10
2026-07-27 18:31:00,2.7858,2.7863,2.7853,2.7853,2.7908,2.7913,2.7903,2.7903,7
2026-07-27 18:32:00,2.7843,2.7863,2.7843,2.7853,2.7893,2.7913,2.7893,2.7903,24
2026-07-27 18:33:00,2.7863,2.7863,2.7853,2.7863,2.7913,2.7913,2.7903,2.7913,23
2026-07-27 18:34:00,2.7853,2.7873,2.7853,2.7868,2.7903,2.7923,2.7903,2.7918,9
2026-07-27 18:35:00,2.7873,2.7893,2.7873,2.7893,2.7923,2.7943,2.7923,2.7943,3
2026-07-27 18:36:00,2.7888,2.7893,2.7883,2.7883,2.7938,2.7943,2.7933,2.7933,4
2026-07-27 18:37:00,2.7893,2.7893,2.7883,2.7883,2.7943,2.7943,2.7933,2.7933,7
2026-07-27 18:38:00,2.7873,2.7903,2.7873,2.7898,2.7923,2.7953,2.7923,2.7948,17
2026-07-27 18:39:00,2.7893,2.7928,2.7893,2.7913,2.7943,2.7978,2.7943,2.7963,27
2026-07-27 18:40:00,2.7918,2.7918,2.7903,2.7903,2.7968,2.7968,2.7953,2.7953,20
2026-07-27 18:41:00,2.7908,2.7913,2.7903,2.7913,2.7958,2.7963,2.7953,2.7963,14
2026-07-27 18:42:00,2.7898,2.7903,2.7888,2.7893,2.7948,2.7953,2.7938,2.7943,13
2026-07-27 18:43:00,2.7898,2.7903,2.7873,2.7873,2.7948,2.7953,2.7923,2.7923,24
2026-07-27 18:44:00,2.7883,2.7883,2.7873,2.7883,2.7933,2.7933,2.7923,2.7933,18
2026-07-27 18:45:00,2.7893,2.7893,2.7883,2.7893,2.7943,2.7943,2.7933,2.7943,26
2026-07-27 18:46:00,2.7888,2.7903,2.7883,2.7893,2.7938,2.7953,2.7933,2.7943,22
2026-07-27 18:47:00,2.7888,2.7893,2.7883,2.7883,2.7938,2.7943,2.7933,2.7933,8
2026-07-27 18:48:00,2.7888,2.7893,2.7883,2.7883,2.7938,2.7943,2.7933,2.7933,10
2026-07-27 18:49:00,2.7893,2.7893,2.7883,2.7893,2.7943,2.7943,2.7933,2.7943,8
2026-07-27 18:50:00,2.7883,2.7893,2.7873,2.7883,2.7933,2.7943,2.7923,2.7933,11
2026-07-27 18:51:00,2.7873,2.7883,2.7863,2.7873,2.7923,2.7933,2.7913,2.7923,19
2026-07-27 18:52:00,2.7878,2.7893,2.7878,2.7893,2.7928,2.7943,2.7928,2.7943,8
2026-07-27 18:53:00,2.7898,2.7953,2.7893,2.7943,2.7948,2.8003,2.7943,2.7993,12
2026-07-27 18:54:00,2.7933,2.7943,2.7913,2.7913,2.7983,2.7993,2.7963,2.7963,17
2026-07-27 18:55:00,2.7903,2.7913,2.7873,2.7898,2.7953,2.7963,2.7923,2.7948,21
2026-07-27 18:56:00,2.7903,2.7903,2.7893,2.7903,2.7953,2.7953,2.7943,2.7953,13
2026-07-27 18:57:00,2.7893,2.7898,2.7868,2.7873,2.7943,2.7948,2.7918,2.7923,24
2026-07-27 18:58:00,2.7868,2.7893,2.7863,2.7888,2.7918,2.7943,2.7913,2.7938,10
2026-07-27 18:59:00,2.7883,2.7903,2.7883,2.7903,2.7933,2.7953,2.7933,2.7953,7
2026-07-27 19:00:00,2.7913,2.7923,2.7903,2.7913,2.7963,2.7973,2.7953,2.7963,14
2026-07-27 19:01:00,2.7923,2.7943,2.7913,2.7913,2.7973,2.7993,2.7963,2.7963,18
2026-07-27 19:02:00,2.7918,2.7933,2.7918,2.7933,2.7968,2.7983,2.7968,2.7983,3
2026-07-27 19:03:00,2.7943,2.7953,2.7943,2.7943,2.7993,2.8003,2.7993,2.7993,3
2026-07-27 19:04:00,2.7933,2.7943,2.7923,2.7933,2.7983,2.7993,2.7973,2.7983,8
2026-07-27 19:05:00,2.7923,2.7933,2.7923,2.7923,2.7973,2.7983,2.7973,2.7973,3
2026-07-27 19:06:00,2.7913,2.7923,2.7903,2.7903,2.7963,2.7973,2.7953,2.7953,13
2026-07-27 19:07:00,2.7893,2.7893,2.7883,2.7883,2.7943,2.7943,2.7933,2.7933,8
2026-07-27 19:08:00,2.7893,2.7923,2.7893,2.7913,2.7943,2.7973,2.7943,2.7963,23
2026-07-27 19:09:00,2.7923,2.7923,2.7893,2.7903,2.7973,2.7973,2.7943,2.7953,8
2026-07-27 19:10:00,2.7898,2.7903,2.7883,2.7883,2.7948,2.7953,2.7933,2.7933,10
2026-07-27 19:11:00,2.7893,2.7893,2.7883,2.7893,2.7943,2.7943,2.7933,2.7943,12
2026-07-27 19:13:00,2.7903,2.7903,2.7903,2.7903,2.7953,2.7953,2.7953,2.7953,1
2026-07-27 19:14:00,2.7893,2.7903,2.7893,2.7903,2.7943,2.7953,2.7943,2.7953,6
2026-07-27 19:15:00,2.7913,2.7913,2.7913,2.7913,2.7963,2.7963,2.7963,2.7963,1
2026-07-27 19:16:00,2.7923,2.7923,2.7908,2.7913,2.7973,2.7973,2.7958,2.7963,6
2026-07-27 19:17:00,2.7908,2.7913,2.7883,2.7893,2.7958,2.7963,2.7933,2.7943,12
2026-07-27 19:18:00,2.7888,2.7888,2.7883,2.7883,2.7938,2.7938,2.7933,2.7933,2
2026-07-27 19:19:00,2.7893,2.7903,2.7893,2.7893,2.7943,2.7953,2.7943,2.7943,3
2026-07-27 19:20:00,2.7903,2.7903,2.7873,2.7893,2.7953,2.7953,2.7923,2.7943,17
2026-07-27 19:21:00,2.7883,2.7883,2.7883,2.7883,2.7933,2.7933,2.7933,2.7933,1
2026-07-27 19:22:00,2.7873,2.7893,2.7843,2.7863,2.7923,2.7943,2.7893,2.7913,37
2026-07-27 19:23:00,2.7853,2.7863,2.7843,2.7843,2.7903,2.7913,2.7893,2.7893,19
2026-07-27 19:24:00,2.7833,2.7843,2.7803,2.7823,2.7883,2.7893,2.7853,2.7873,69
2026-07-27 19:25:00,2.7813,2.7843,2.7803,2.7808,2.7863,2.7893,2.7853,2.7858,15
2026-07-27 19:26:00,2.7813,2.7823,2.7793,2.7813,2.7863,2.7873,2.7843,2.7863,9
2026-07-27 19:27:00,2.7808,2.7813,2.7793,2.7803,2.7858,2.7863,2.7843,2.7853,16
2026-07-27 19:28:00,2.7808,2.7833,2.7803,2.7828,2.7858,2.7883,2.7853,2.7878,16
2026-07-27 19:29:00,2.7823,2.7833,2.7823,2.7833,2.7873,2.7883,2.7873,2.7883,6
2026-07-27 19:30:00,2.7843,2.7843,2.7833,2.7833,2.7893,2.7893,2.7883,2.7883,4
2026-07-27 19:31:00,2.7823,2.7843,2.7823,2.7833,2.7873,2.7893,2.7873,2.7883,4
2026-07-27 19:32:00,2.7823,2.7833,2.7823,2.7823,2.7873,2.7883,2.7873,2.7873,4
2026-07-27 19:33:00,2.7833,2.7833,2.7823,2.7833,2.7883,2.7883,2.7873,2.7883,12
2026-07-27 19:34:00,2.7843,2.7863,2.7843,2.7853,2.7893,2.7913,2.7893,2.7903,9
2026-07-27 19:35:00,2.7843,2.7853,2.7843,2.7843,2.7893,2.7903,2.7893,2.7893,17
2026-07-27 19:36:00,2.7853,2.7853,2.7843,2.7853,2.7903,2.7903,2.7893,2.7903,12
2026-07-27 19:37:00,2.7843,2.7853,2.7833,2.7853,2.7893,2.7903,2.7883,2.7903,8
2026-07-27 19:38:00,2.7843,2.7863,2.7843,2.7858,2.7893,2.7913,2.7893,2.7908,6
2026-07-27 19:39:00,2.7863,2.7863,2.7853,2.7853,2.7913,2.7913,2.7903,2.7903,2
2026-07-27 19:40:00,2.7843,2.7848,2.7843,2.7843,2.7893,2.7898,2.7893,2.7893,3
2026-07-27 19:41:00,2.7853,2.7853,2.7843,2.7843,2.7903,2.7903,2.7893,2.7893,4
2026-07-27 19:42:00,2.7853,2.7853,2.7843,2.7843,2.7903,2.7903,2.7893,2.7893,4
2026-07-27 19:43:00,2.7853,2.7853,2.7843,2.7843,2.7903,2.7903,2.7893,2.7893,6
2026-07-27 19:44:00,2.7833,2.7843,2.7833,2.7838,2.7883,2.7893,2.7883,2.7888,12
2026-07-27 19:45:00,2.7833,2.7843,2.7833,2.7833,2.7883,2.7893,2.7883,2.7883,19
2026-07-27 19:46:00,2.7823,2.7823,2.7823,2.7823,2.7873,2.7873,2.7873,2.7873,1
2026-07-27 19:47:00,2.7813,2.7823,2.7803,2.7803,2.7863,2.7873,2.7853,2.7853,7
2026-07-27 19:48:00,2.7813,2.7813,2.7813,2.7813,2.7863,2.7863,2.7863,2.7863,1
2026-07-27 19:49:00,2.7803,2.7833,2.7803,2.7823,2.7853,2.7883,2.7853,2.7873,33
2026-07-27 19:51:00,2.7813,2.7823,2.7813,2.7823,2.7863,2.7873,2.7863,2.7873,18
2026-07-27 19:52:00,2.7813,2.7813,2.7813,2.7813,2.7863,2.7863,2.7863,2.7863,1
2026-07-27 19:53:00,2.7803,2.7813,2.7803,2.7813,2.7853,2.7863,2.7853,2.7863,13
2026-07-27 19:54:00,2.7823,2.7823,2.7813,2.7823,2.7873,2.7873,2.7863,2.7873,7
2026-07-27 19:56:00,2.7833,2.7833,2.7823,2.7833,2.7883,2.7883,2.7873,2.7883,14
2026-07-27 19:57:00,2.7823,2.7833,2.7823,2.7833,2.7873,2.7883,2.7873,2.7883,21
2026-07-27 19:58:00,2.7828,2.7843,2.7828,2.7843,2.7878,2.7893,2.7878,2.7893,32
2026-07-27 19:59:00,2.7833,2.7843,2.7833,2.7833,2.7883,2.7893,2.7883,2.7883,11
2026-07-27 20:00:00,2.7823,2.7823,2.7798,2.7803,2.7873,2.7873,2.7848,2.7853,24
2026-07-27 20:01:00,2.7813,2.7813,2.7803,2.7803,2.7863,2.7863,2.7853,2.7853,2
2026-07-27 20:02:00,2.7793,2.7803,2.7793,2.7803,2.7843,2.7853,2.7843,2.7853,4
2026-07-27 20:03:00,2.7813,2.7813,2.7803,2.7803,2.7863,2.7863,2.7853,2.7853,12
2026-07-27 20:04:00,2.7813,2.7813,2.7803,2.7813,2.7863,2.7863,2.7853,2.7863,27
2026-07-27 20:05:00,2.7808,2.7823,2.7803,2.7823,2.7858,2.7873,2.7853,2.7873,17
2026-07-27 20:06:00,2.7813,2.7813,2.7803,2.7803,2.7863,2.7863,2.7853,2.7853,26
2026-07-27 20:07:00,2.7793,2.7803,2.7793,2.7793,2.7843,2.7853,2.7843,2.7843,9
2026-07-27 20:08:00,2.7803,2.7813,2.7798,2.7803,2.7853,2.7863,2.7848,2.7853,5
2026-07-27 20:10:00,2.7793,2.7803,2.7793,2.7793,2.7843,2.7853,2.7843,2.7843,7
2026-07-27 20:11:00,2.7783,2.7793,2.7783,2.7783,2.7833,2.7843,2.7833,2.7833,13
2026-07-27 20:12:00,2.7793,2.7793,2.7783,2.7788,2.7843,2.7843,2.7833,2.7838,20
2026-07-27 20:13:00,2.7793,2.7793,2.7783,2.7783,2.7843,2.7843,2.7833,2.7833,23
2026-07-27 20:14:00,2.7793,2.7793,2.7773,2.7783,2.7843,2.7843,2.7823,2.7833,4
2026-07-27 20:16:00,2.7778,2.7783,2.7763,2.7773,2.7828,2.7833,2.7813,2.7823,34
2026-07-27 20:17:00,2.7768,2.7773,2.7763,2.7773,2.7818,2.7823,2.7813,2.7823,69
2026-07-27 20:18:00,2.7768,2.7823,2.7768,2.7803,2.7818,2.7873,2.7818,2.7853,24
2026-07-27 20:19:00,2.7813,2.7813,2.7793,2.7803,2.7863,2.7863,2.7843,2.7853,9
2026-07-27 20:20:00,2.7813,2.7853,2.7813,2.7823,2.7863,2.7903,2.7863,2.7873,25
2026-07-27 20:21:00,2.7828,2.7863,2.7823,2.7833,2.7878,2.7913,2.7873,2.7883,60
2026-07-27 20:22:00,2.7828,2.7833,2.7788,2.7798,2.7878,2.7883,2.7838,2.7848,73
2026-07-27 20:23:00,2.7793,2.7803,2.7793,2.7803,2.7843,2.7853,2.7843,2.7853,9
2026-07-27 20:24:00,2.7793,2.7803,2.7793,2.7803,2.7843,2.7853,2.7843,2.7853,13
2026-07-27 20:25:00,2.7798,2.7823,2.7793,2.7813,2.7848,2.7873,2.7843,2.7863,39
2026-07-27 20:26:00,2.7823,2.7843,2.7803,2.7843,2.7873,2.7893,2.7853,2.7893,20
2026-07-27 20:27:00,2.7853,2.7893,2.7853,2.7873,2.7903,2.7943,2.7903,2.7923,86
2026-07-27 20:28:00,2.7863,2.7913,2.7853,2.7903,2.7913,2.7963,2.7903,2.7953,78
2026-07-27 20:29:00,2.7893,2.7913,2.7883,2.7893,2.7943,2.7963,2.7933,2.7943,74
2026-07-27 20:30:00,2.7883,2.7893,2.7863,2.7873,2.7933,2.7943,2.7913,2.7923,26
2026-07-27 20:31:00,2.7878,2.7883,2.7873,2.7873,2.7928,2.7933,2.7923,2.7923,5
2026-07-27 20:32:00,2.7883,2.7893,2.7873,2.7878,2.7933,2.7943,2.7923,2.7928,40
2026-07-27 20:33:00,2.7883,2.7883,2.7873,2.7883,2.7933,2.7933,2.7923,2.7933,10
2026-07-27 20:34:00,2.7873,2.7883,2.7873,2.7873,2.7923,2.7933,2.7923,2.7923,7
2026-07-27 20:35:00,2.7883,2.7883,2.7863,2.7868,2.7933,2.7933,2.7913,2.7918,18
2026-07-27 20:36:00,2.7873,2.7883,2.7863,2.7868,2.7923,2.7933,2.7913,2.7918,17
2026-07-27 20:37:00,2.7873,2.7873,2.7853,2.7863,2.7923,2.7923,2.7903,2.7913,25
2026-07-27 20:38:00,2.7873,2.7873,2.7863,2.7873,2.7923,2.7923,2.7913,2.7923,3
2026-07-27 20:39:00,2.7863,2.7873,2.7863,2.7873,2.7913,2.7923,2.7913,2.7923,13
2026-07-27 20:40:00,2.7883,2.7883,2.7863,2.7863,2.7933,2.7933,2.7913,2.7913,9
2026-07-27 20:41:00,2.7873,2.7873,2.7833,2.7833,2.7923,2.7923,2.7883,2.7883,16
2026-07-27 20:42:00,2.7823,2.7833,2.7818,2.7818,2.7873,2.7883,2.7868,2.7868,10
2026-07-27 20:43:00,2.7813,2.7823,2.7813,2.7823,2.7863,2.7873,2.7863,2.7873,2
2026-07-27 20:44:00,2.7813,2.7823,2.7813,2.7823,2.7863,2.7873,2.7863,2.7873,8
2026-07-27 20:45:00,2.7813,2.7813,2.7813,2.7813,2.7863,2.7863,2.7863,2.7863,1
2026-07-27 20:46:00,2.7823,2.7823,2.7813,2.7813,2.7873,2.7873,2.7863,2.7863,2
2026-07-27 20:47:00,2.7823,2.7823,2.7823,2.7823,2.7873,2.7873,2.7873,2.7873,1
2026-07-27 20:48:00,2.7833,2.7833,2.7823,2.7833,2.7883,2.7883,2.7873,2.7883,4
2026-07-27 20:49:00,2.7823,2.7833,2.7823,2.7823,2.7873,2.7883,2.7873,2.7873,3
2026-07-27 20:51:00,2.7813,2.7823,2.7813,2.7813,2.7863,2.7873,2.7863,2.7863,7
2026-07-27 20:52:00,2.7823,2.7833,2.7823,2.7823,2.7873,2.7883,2.7873,2.7873,3
2026-07-27 20:53:00,2.7813,2.7813,2.7803,2.7803,2.7863,2.7863,2.7853,2.7853,2
2026-07-27 20:54:00,2.7793,2.7793,2.7793,2.7793,2.7843,2.7843,2.7843,2.7843,1
2026-07-27 20:55:00,2.7783,2.7793,2.7783,2.7783,2.7833,2.7843,2.7833,2.7833,10
2026-07-27 20:57:00,2.7793,2.7793,2.7773,2.7773,2.7843,2.7843,2.7823,2.7823,7
2026-07-27 20:58:00,2.7783,2.7783,2.7783,2.7783,2.7833,2.7833,2.7833,2.7833,1
2026-07-27 20:59:00,2.7773,2.7783,2.7773,2.7783,2.7823,2.7833,2.7823,2.7833,6
2026-07-27 21:00:00,2.7773,2.7783,2.7773,2.7783,2.7823,2.7833,2.7823,2.7833,18
2026-07-27 21:01:00,2.7773,2.7793,2.7773,2.7793,2.7823,2.7843,2.7823,2.7843,3
2026-07-27 21:02:00,2.7783,2.7783,2.7783,2.7783,2.7833,2.7833,2.7833,2.7833,1
2026-07-27 21:04:00,2.7793,2.7813,2.7793,2.7813,2.7843,2.7863,2.7843,2.7863,8
2026-07-27 21:05:00,2.7823,2.7823,2.7803,2.7813,2.7873,2.7873,2.7853,2.7863,9
2026-07-27 21:06:00,2.7803,2.7813,2.7803,2.7803,2.7853,2.7863,2.7853,2.7853,11
2026-07-27 21:07:00,2.7793,2.7793,2.7783,2.7783,2.7843,2.7843,2.7833,2.7833,10
2026-07-27 21:08:00,2.7778,2.7783,2.7773,2.7773,2.7828,2.7833,2.7823,2.7823,8
2026-07-27 21:09:00,2.7778,2.7783,2.7773,2.7783,2.7828,2.7833,2.7823,2.7833,5
2026-07-27 21:10:00,2.7773,2.7783,2.7773,2.7778,2.7823,2.7833,2.7823,2.7828,4
2026-07-27 21:11:00,2.7783,2.7783,2.7763,2.7773,2.7833,2.7833,2.7813,2.7823,5
2026-07-27 21:13:00,2.7763,2.7763,2.7763,2.7763,2.7813,2.7813,2.7813,2.7813,1
2026-07-27 21:14:00,2.7773,2.7783,2.7773,2.7773,2.7823,2.7833,2.7823,2.7823,3
2026-07-27 21:15:00,2.7783,2.7783,2.7773,2.7783,2.7833,2.7833,2.7823,2.7833,7
2026-07-27 21:16:00,2.7773,2.7783,2.7773,2.7773,2.7823,2.7833,2.7823,2.7823,12
2026-07-27 21:17:00,2.7763,2.7783,2.7763,2.7773,2.7813,2.7833,2.7813,2.7823,12
2026-07-27 21:18:00,2.7763,2.7763,2.7763,2.7763,2.7813,2.7813,2.7813,2.7813,1
2026-07-27 21:19:00,2.7773,2.7773,2.7763,2.7763,2.7823,2.7823,2.7813,2.7813,2
2026-07-27 21:20:00,2.7773,2.7783,2.7773,2.7773,2.7823,2.7833,2.7823,2.7823,3
2026-07-27 21:22:00,2.7763,2.7773,2.7763,2.7773,2.7813,2.7823,2.7813,2.7823,2
2026-07-27 21:23:00,2.7783,2.7783,2.7783,2.7783,2.7833,2.7833,2.7833,2.7833,1
2026-07-27 21:24:00,2.7773,2.7783,2.7773,2.7783,2.7823,2.7833,2.7823,2.7833,5
2026-07-27 21:27:00,2.7793,2.7793,2.7793,2.7793,2.7843,2.7843,2.7843,2.7843,1
2026-07-27 21:29:00,2.7783,2.7783,2.7773,2.7783,2.7833,2.7833,2.7823,2.7833,3
2026-07-27 21:30:00,2.7773,2.7773,2.7773,2.7773,2.7823,2.7823,2.7823,2.7823,1
2026-07-27 21:31:00,2.7783,2.7783,2.7763,2.7773,2.7833,2.7833,2.7813,2.7823,6
2026-07-27 21:32:00,2.7768,2.7773,2.7763,2.7763,2.7818,2.7823,2.7813,2.7813,4
2026-07-27 21:33:00,2.7773,2.7783,2.7773,2.7773,2.7823,2.7833,2.7823,2.7823,4
2026-07-27 21:34:00,2.7763,2.7773,2.7763,2.7773,2.7813,2.7823,2.7813,2.7823,5
2026-07-27 21:35:00,2.7783,2.7783,2.7773,2.7778,2.7833,2.7833,2.7823,2.7828,7
2026-07-27 21:36:00,2.7783,2.7783,2.7773,2.7783,2.7833,2.7833,2.7823,2.7833,10
2026-07-27 21:38:00,2.7773,2.7783,2.7773,2.7783,2.7823,2.7833,2.7823,2.7833,2
2026-07-27 21:40:00,2.7773,2.7783,2.7773,2.7783,2.7823,2.7833,2.7823,2.7833,11
2026-07-27 21:41:00,2.7773,2.7773,2.7763,2.7773,2.7823,2.7823,2.7813,2.7823,9
2026-07-27 21:47:00,2.7763,2.7773,2.7763,2.7763,2.7813,2.7823,2.7813,2.7813,12
2026-07-27 21:49:00,2.7773,2.7793,2.7773,2.7793,2.7823,2.7843,2.7823,2.7843,7
2026-07-27 21:50:00,2.7783,2.7793,2.7783,2.7783,2.7833,2.7843,2.7833,2.7833,4
2026-07-27 21:51:00,2.7778,2.7778,2.7773,2.7773,2.7828,2.7828,2.7823,2.7823,2
2026-07-27 21:52:00,2.7783,2.7783,2.7773,2.7773,2.7833,2.7833,2.7823,2.7823,4
2026-07-27 21:53:00,2.7763,2.7773,2.7743,2.7753,2.7813,2.7823,2.7793,2.7803,26
2026-07-27 21:54:00,2.7743,2.7753,2.7743,2.7753,2.7793,2.7803,2.7793,2.7803,10
2026-07-27 21:55:00,2.7743,2.7753,2.7743,2.7743,2.7793,2.7803,2.7793,2.7793,5
2026-07-27 21:56:00,2.7753,2.7753,2.7743,2.7743,2.7803,2.7803,2.7793,2.7793,7
2026-07-27 21:57:00,2.7753,2.7753,2.7743,2.7743,2.7803,2.7803,2.7793,2.7793,5
2026-07-27 21:58:00,2.7753,2.7753,2.7743,2.7743,2.7803,2.7803,2.7793,2.7793,4
2026-07-27 21:59:00,2.7733,2.7763,2.7733,2.7753,2.7783,2.7813,2.7783,2.7803,12
2026-07-27 22:01:00,2.7763,2.7763,2.7763,2.7763,2.7813,2.7813,2.7813,2.7813,1
2026-07-27 22:03:00,2.7773,2.7773,2.7763,2.7763,2.7823,2.7823,2.7813,2.7813,2
2026-07-27 22:05:00,2.7753,2.7763,2.7753,2.7763,2.7803,2.7813,2.7803,2.7813,3
2026-07-27 22:06:00,2.7753,2.7763,2.7753,2.7753,2.7803,2.7813,2.7803,2.7803,4
2026-07-27 22:07:00,2.7763,2.7763,2.7743,2.7743,2.7813,2.7813,2.7793,2.7793,8
2026-07-27 22:09:00,2.7733,2.7733,2.7723,2.7733,2.7783,2.7783,2.7773,2.7783,6
2026-07-27 22:10:00,2.7723,2.7728,2.7713,2.7723,2.7773,2.7778,2.7763,2.7773,5
2026-07-27 22:11:00,2.7713,2.7713,2.7708,2.7708,2.7763,2.7763,2.7758,2.7758,10
2026-07-27 22:12:00,2.7703,2.7718,2.7703,2.7718,2.7753,2.7768,2.7753,2.7768,8
2026-07-27 22:13:00,2.7723,2.7723,2.7718,2.7723,2.7773,2.7773,2.7768,2.7773,3
2026-07-27 22:14:00,2.7718,2.7723,2.7718,2.7718,2.7768,2.7773,2.7768,2.7768,5
2026-07-27 22:15:00,2.7723,2.7723,2.7713,2.7723,2.7773,2.7773,2.7763,2.7773,4
2026-07-27 22:18:00,2.7713,2.7723,2.7713,2.7723,2.7763,2.7773,2.7763,2.7773,3
2026-07-27 22:20:00,2.7733,2.7733,2.7723,2.7723,2.7783,2.7783,2.7773,2.7773,2
2026-07-27 22:21:00,2.7713,2.7718,2.7713,2.7718,2.7763,2.7768,2.7763,2.7768,2
2026-07-27 22:22:00,2.7723,2.7723,2.7718,2.7718,2.7773,2.7773,2.7768,2.7768,2
2026-07-27 22:23:00,2.7713,2.7713,2.7713,2.7713,2.7763,2.7763,2.7763,2.7763,1
2026-07-27 22:26:00,2.7723,2.7723,2.7723,2.7723,2.7773,2.7773,2.7773,2.7773,1
2026-07-27 22:28:00,2.7713,2.7718,2.7713,2.7713,2.7763,2.7768,2.7763,2.7763,3
2026-07-27 22:41:00,2.7723,2.7723,2.7713,2.7713,2.7773,2.7773,2.7763,2.7763,2
2026-07-27 22:43:00,2.7723,2.7723,2.7713,2.7713,2.7773,2.7773,2.7763,2.7763,3
2026-07-27 22:44:00,2.7718,2.7723,2.7713,2.7723,2.7768,2.7773,2.7763,2.7773,4
2026-07-27 22:45:00,2.7733,2.7733,2.7723,2.7723,2.7783,2.7783,2.7773,2.7773,3
2026-07-27 22:51:00,2.7733,2.7733,2.7723,2.7723,2.7783,2.7783,2.7773,2.7773,2
2026-07-27 22:54:00,2.7728,2.7728,2.7723,2.7723,2.7778,2.7778,2.7773,2.7773,2
2026-07-27 22:58:00,2.7733,2.7743,2.7723,2.7728,2.7783,2.7793,2.7773,2.7778,15
2026-07-27 22:59:00,2.7733,2.776,2.7723,2.776,2.7783,2.7791,2.777,2.777,6
2026-07-28 00:00:00,2.7756,2.7756,2.7721,2.7721,2.7806,2.7806,2.7771,2.7771,23
2026-07-28 00:01:00,2.7716,2.7721,2.7711,2.7721,2.7766,2.7771,2.7761,2.7771,3
2026-07-28 00:04:00,2.7681,2.7721,2.7671,2.7721,2.7731,2.7771,2.7721,2.7771,6
2026-07-28 00:06:00,2.7726,2.7741,2.7726,2.7741,2.7776,2.7791,2.7776,2.7791,2
2026-07-28 00:08:00,2.7746,2.7751,2.7746,2.7751,2.7796,2.7801,2.7796,2.7801,2
2026-07-28 00:09:00,2.7756,2.7756,2.7756,2.7756,2.7806,2.7806,2.7806,2.7806,1
2026-07-28 00:10:00,2.7751,2.7751,2.7741,2.7751,2.7801,2.7801,2.7791,2.7801,4
2026-07-28 00:11:00,2.7741,2.7751,2.7741,2.7751,2.7791,2.7801,2.7791,2.7801,5
2026-07-28 00:12:00,2.7741,2.7741,2.7726,2.7726,2.7791,2.7791,2.7776,2.7776,4
2026-07-28 00:13:00,2.7721,2.7726,2.7721,2.7726,2.7771,2.7776,2.7771,2.7776,2
2026-07-28 00:14:00,2.7731,2.7731,2.7721,2.7726,2.7781,2.7781,2.7771,2.7776,3
2026-07-28 00:15:00,2.7716,2.7716,2.7711,2.7716,2.7766,2.7766,2.7761,2.7766,3
2026-07-28 00:16:00,2.7711,2.7711,2.7711,2.7711,2.7761,2.7761,2.7761,2.7761,1
2026-07-28 00:17:00,2.7706,2.7706,2.7706,2.7706,2.7756,2.7756,2.7756,2.7756,1
2026-07-28 00:18:00,2.7711,2.7711,2.7711,2.7711,2.7761,2.7761,2.7761,2.7761,1
2026-07-28 00:19:00,2.7706,2.7711,2.7701,2.7701,2.7756,2.7761,2.7751,2.7751,3
2026-07-28 00:21:00,2.7711,2.7711,2.7711,2.7711,2.7761,2.7761,2.7761,2.7761,1
2026-07-28 00:22:00,2.7706,2.7706,2.7706,2.7706,2.7756,2.7756,2.7756,2.7756,1
2026-07-28 00:23:00,2.7701,2.7701,2.7696,2.7696,2.7751,2.7751,2.7746,2.7746,2
2026-07-28 00:24:00,2.7701,2.7711,2.7701,2.7711,2.7751,2.7761,2.7751,2.7761,2
2026-07-28 00:25:00,2.7716,2.7721,2.7716,2.7721,2.7766,2.7771,2.7766,2.7771,2
2026-07-28 00:26:00,2.7731,2.7731,2.7731,2.7731,2.7781,2.7781,2.7781,2.7781,1
2026-07-28 00:27:00,2.7736,2.7761,2.7736,2.7746,2.7786,2.7811,2.7786,2.7796,4
2026-07-28 00:28:00,2.7761,2.7761,2.7751,2.7756,2.7811,2.7811,2.7801,2.7806,4
2026-07-28 00:29:00,2.7751,2.7756,2.7751,2.7756,2.7801,2.7806,2.7801,2.7806,2
2026-07-28 00:30:00,2.7751,2.7756,2.7751,2.7751,2.7801,2.7806,2.7801,2.7801,3
2026-07-28 00:32:00,2.7756,2.7756,2.7756,2.7756,2.7806,2.7806,2.7806,2.7806,1
2026-07-28 00:34:00,2.7751,2.7751,2.7751,2.7751,2.7801,2.7801,2.7801,2.7801,1
2026-07-28 00:36:00,2.7746,2.7746,2.7731,2.7741,2.7796,2.7796,2.7781,2.7791,4
2026-07-28 00:39:00,2.7736,2.7736,2.7736,2.7736,2.7786,2.7786,2.7786,2.7786,1
2026-07-28 00:40:00,2.7731,2.7731,2.7731,2.7731,2.7781,2.7781,2.7781,2.7781,1
2026-07-28 00:42:00,2.7741,2.7741,2.7741,2.7741,2.7791,2.7791,2.7791,2.7791,1
2026-07-28 00:43:00,2.7736,2.7736,2.7736,2.7736,2.7786,2.7786,2.7786,2.7786,1
2026-07-28 00:44:00,2.7741,2.7741,2.7736,2.7736,2.7791,2.7791,2.7786,2.7786,2
2026-07-28 00:46:00,2.7741,2.7741,2.7741,2.7741,2.7791,2.7791,2.7791,2.7791,1
2026-07-28 00:47:00,2.7736,2.7736,2.7736,2.7736,2.7786,2.7786,2.7786,2.7786,1
2026-07-28 00:52:00,2.7741,2.7741,2.7741,2.7741,2.7791,2.7791,2.7791,2.7791,1
2026-07-28 00:53:00,2.7746,2.7746,2.7746,2.7746,2.7796,2.7796,2.7796,2.7796,1
2026-07-28 00:55:00,2.7751,2.7751,2.7751,2.7751,2.7801,2.7801,2.7801,2.7801,1
2026-07-28 00:57:00,2.7746,2.7746,2.7746,2.7746,2.7796,2.7796,2.7796,2.7796,1
2026-07-28 00:58:00,2.7741,2.7741,2.7741,2.7741,2.7791,2.7791,2.7791,2.7791,1
2026-07-28 01:00:00,2.7746,2.7751,2.7746,2.7751,2.7796,2.7801,2.7796,2.7801,2
2026-07-28 01:01:00,2.7746,2.7746,2.7746,2.7746,2.7796,2.7796,2.7796,2.7796,1
2026-07-28 01:03:00,2.7741,2.7741,2.7741,2.7741,2.7791,2.7791,2.7791,2.7791,1
2026-07-28 01:09:00,2.7736,2.7736,2.7731,2.7731,2.7786,2.7786,2.7781,2.7781,2
2026-07-28 01:10:00,2.7741,2.7756,2.7741,2.7756,2.7791,2.7806,2.7791,2.7806,5
2026-07-28 01:11:00,2.7751,2.7756,2.7751,2.7756,2.7801,2.7806,2.7801,2.7806,2
2026-07-28 01:12:00,2.7751,2.7761,2.7751,2.7756,2.7801,2.7811,2.7801,2.7806,5
2026-07-28 01:13:00,2.7751,2.7751,2.7751,2.7751,2.7801,2.7801,2.7801,2.7801,1
2026-07-28 01:14:00,2.7741,2.7741,2.7741,2.7741,2.7791,2.7791,2.7791,2.7791,1
2026-07-28 01:18:00,2.7736,2.7736,2.7736,2.7736,2.7786,2.7786,2.7786,2.7786,1
2026-07-28 01:19:00,2.7741,2.7741,2.7731,2.7731,2.7791,2.7791,2.7781,2.7781,2
2026-07-28 01:21:00,2.7736,2.7741,2.7736,2.7736,2.7786,2.7791,2.7786,2.7786,3
2026-07-28 01:22:00,2.7731,2.7731,2.7731,2.7731,2.7781,2.7781,2.7781,2.7781,1
2026-07-28 01:30:00,2.7736,2.7741,2.7736,2.7741,2.7786,2.7791,2.7786,2.7791,2
2026-07-28 01:35:00,2.7746,2.7751,2.7746,2.7751,2.7796,2.7801,2.7796,2.7801,2
2026-07-28 01:37:00,2.7766,2.7766,2.7756,2.7756,2.7816,2.7816,2.7806,2.7806,2
2026-07-28 01:38:00,2.7761,2.7761,2.7751,2.7756,2.7811,2.7811,2.7801,2.7806,3
2026-07-28 01:39:00,2.7771,2.7781,2.7761,2.7771,2.7821,2.7831,2.7811,2.7821,11
2026-07-28 01:40:00,2.7776,2.7776,2.7771,2.7776,2.7826,2.7826,2.7821,2.7826,3
2026-07-28 01:41:00,2.7771,2.7771,2.7766,2.7766,2.7821,2.7821,2.7816,2.7816,2
2026-07-28 01:42:00,2.7771,2.7771,2.7771,2.7771,2.7821,2.7821,2.7821,2.7821,1
2026-07-28 01:43:00,2.7766,2.7771,2.7766,2.7771,2.7816,2.7821,2.7816,2.7821,2
2026-07-28 01:45:00,2.7781,2.7781,2.7781,2.7781,2.7831,2.7831,2.7831,2.7831,1
2026-07-28 01:46:00,2.7771,2.7781,2.7771,2.7771,2.7821,2.7831,2.7821,2.7821,5
2026-07-28 01:47:00,2.7776,2.7776,2.7776,2.7776,2.7826,2.7826,2.7826,2.7826,1
2026-07-28 01:49:00,2.7771,2.7771,2.7771,2.7771,2.7821,2.7821,2.7821,2.7821,1
2026-07-28 01:50:00,2.7776,2.7776,2.7776,2.7776,2.7826,2.7826,2.7826,2.7826,1
2026-07-28 01:51:00,2.7781,2.7781,2.7761,2.7766,2.7831,2.7831,2.7811,2.7816,4
2026-07-28 01:52:00,2.7761,2.7761,2.7761,2.7761,2.7811,2.7811,2.7811,2.7811,1
2026-07-28 01:56:00,2.7766,2.7766,2.7766,2.7766,2.7816,2.7816,2.7816,2.7816,1
2026-07-28 01:58:00,2.7761,2.7761,2.7761,2.7761,2.7811,2.7811,2.7811,2.7811,1
2026-07-28 01:59:00,2.7766,2.7766,2.7761,2.7761,2.7816,2.7816,2.7811,2.7811,2
2026-07-28 02:00:00,2.7766,2.7766,2.7741,2.7761,2.7816,2.7816,2.7791,2.7811,15
2026-07-28 02:01:00,2.7771,2.7771,2.7761,2.7761,2.7821,2.7821,2.7811,2.7811,6
2026-07-28 02:03:00,2.7771,2.7771,2.7761,2.7761,2.7821,2.7821,2.7811,2.7811,2
2026-07-28 02:04:00,2.7756,2.7761,2.7756,2.7761,2.7806,2.7811,2.7806,2.7811,2
2026-07-28 02:05:00,2.7756,2.7756,2.7756,2.7756,2.7806,2.7806,2.7806,2.7806,1
2026-07-28 02:06:00,2.7751,2.7761,2.7751,2.7751,2.7801,2.7811,2.7801,2.7801,4
2026-07-28 02:07:00,2.7761,2.7771,2.7751,2.7751,2.7811,2.7821,2.7801,2.7801,9
2026-07-28 02:10:00,2.7741,2.7741,2.7741,2.7741,2.7791,2.7791,2.7791,2.7791,1
2026-07-28 02:11:00,2.7731,2.7731,2.7721,2.7731,2.7781,2.7781,2.7771,2.7781,3
2026-07-28 02:13:00,2.7726,2.7726,2.7726,2.7726,2.7776,2.7776,2.7776,2.7776,1
2026-07-28 02:14:00,2.7731,2.7731,2.7711,2.7721,2.7781,2.7781,2.7761,2.7771,6
2026-07-28 02:15:00,2.7711,2.7731,2.7711,2.7711,2.7761,2.7781,2.7761,2.7761,5
2026-07-28 02:16:00,2.7681,2.7691,2.7681,2.7681,2.7731,2.7741,2.7731,2.7731,8
2026-07-28 02:17:00,2.7691,2.7691,2.7681,2.7681,2.7741,2.7741,2.7731,2.7731,3
2026-07-28 02:18:00,2.7671,2.7671,2.7651,2.7656,2.7721,2.7721,2.7701,2.7706,5
2026-07-28 02:19:00,2.7661,2.7661,2.7656,2.7656,2.7711,2.7711,2.7706,2.7706,2
2026-07-28 02:20:00,2.7651,2.7661,2.7651,2.7651,2.7701,2.7711,2.7701,2.7701,4
2026-07-28 02:21:00,2.7641,2.7641,2.7641,2.7641,2.7691,2.7691,2.7691,2.7691,1
2026-07-28 02:23:00,2.7651,2.7661,2.7651,2.7661,2.7701,2.7711,2.7701,2.7711,2
2026-07-28 02:24:00,2.7656,2.7661,2.7656,2.7661,2.7706,2.7711,2.7706,2.7711,4
2026-07-28 02:25:00,2.7671,2.7671,2.7651,2.7651,2.7721,2.7721,2.7701,2.7701,18
2026-07-28 02:26:00,2.7656,2.7661,2.7651,2.7661,2.7706,2.7711,2.7701,2.7711,4
2026-07-28 02:27:00,2.7651,2.7671,2.7651,2.7671,2.7701,2.7721,2.7701,2.7721,3
2026-07-28 02:28:00,2.7661,2.7661,2.7651,2.7651,2.7711,2.7711,2.7701,2.7701,3
2026-07-28 02:29:00,2.7661,2.7681,2.7661,2.7681,2.7711,2.7731,2.7711,2.7731,7
2026-07-28 02:30:00,2.7686,2.7706,2.7681,2.7701,2.7736,2.7756,2.7731,2.7751,9
2026-07-28 02:32:00,2.7696,2.7701,2.7696,2.7701,2.7746,2.7751,2.7746,2.7751,4
2026-07-28 02:33:00,2.7696,2.7696,2.7696,2.7696,2.7746,2.7746,2.7746,2.7746,1
2026-07-28 02:34:00,2.7691,2.7691,2.7691,2.7691,2.7741,2.7741,2.7741,2.7741,1
2026-07-28 02:35:00,2.7701,2.7701,2.7701,2.7701,2.7751,2.7751,2.7751,2.7751,1
2026-07-28 02:36:00,2.7691,2.7691,2.7691,2.7691,2.7741,2.7741,2.7741,2.7741,1
2026-07-28 02:38:00,2.7686,2.7686,2.7681,2.7681,2.7736,2.7736,2.7731,2.7731,2
2026-07-28 02:39:00,2.7691,2.7691,2.7691,2.7691,2.7741,2.7741,2.7741,2.7741,1
2026-07-28 02:40:00,2.7701,2.7701,2.7696,2.7696,2.7751,2.7751,2.7746,2.7746,2
2026-07-28 02:41:00,2.7691,2.7701,2.7691,2.7696,2.7741,2.7751,2.7741,2.7746,4
2026-07-28 02:42:00,2.7691,2.7696,2.7676,2.7676,2.7741,2.7746,2.7726,2.7726,7
2026-07-28 02:43:00,2.7681,2.7681,2.7676,2.7681,2.7731,2.7731,2.7726,2.7731,3
2026-07-28 02:44:00,2.7691,2.7691,2.7691,2.7691,2.7741,2.7741,2.7741,2.7741,1
2026-07-28 02:45:00,2.7681,2.7681,2.7681,2.7681,2.7731,2.7731,2.7731,2.7731,1
2026-07-28 02:47:00,2.7676,2.7676,2.7676,2.7676,2.7726,2.7726,2.7726,2.7726,1
2026-07-28 02:48:00,2.7681,2.7681,2.7676,2.7681,2.7731,2.7731,2.7726,2.7731,3
2026-07-28 02:50:00,2.7676,2.7681,2.7676,2.7681,2.7726,2.7731,2.7726,2.7731,2
2026-07-28 02:51:00,2.7686,2.7731,2.7686,2.7716,2.7736,2.7781,2.7736,2.7766,14
2026-07-28 02:52:00,2.7726,2.7731,2.7721,2.7721,2.7776,2.7781,2.7771,2.7771,4
2026-07-28 02:53:00,2.7731,2.7751,2.7731,2.7741,2.7781,2.7801,2.7781,2.7791,6
2026-07-28 02:54:00,2.7736,2.7741,2.7736,2.7741,2.7786,2.7791,2.7786,2.7791,2
2026-07-28 02:56:00,2.7736,2.7741,2.7731,2.7731,2.7786,2.7791,2.7781,2.7781,4
2026-07-28 02:57:00,2.7726,2.7726,2.7726,2.7726,2.7776,2.7776,2.7776,2.7776,1
2026-07-28 02:58:00,2.7731,2.7731,2.7716,2.7716,2.7781,2.7781,2.7766,2.7766,4
2026-07-28 02:59:00,2.7711,2.7711,2.7711,2.7711,2.7761,2.7761,2.7761,2.7761,1
2026-07-28 03:00:00,2.7706,2.7711,2.7706,2.7706,2.7756,2.7761,2.7756,2.7756,5
2026-07-28 03:01:00,2.7711,2.7711,2.7691,2.7691,2.7761,2.7761,2.7741,2.7741,9
2026-07-28 03:02:00,2.7686,2.7691,2.7686,2.7686,2.7736,2.7741,2.7736,2.7736,5
2026-07-28 03:03:00,2.7691,2.7691,2.7681,2.7686,2.7741,2.7741,2.7731,2.7736,6
2026-07-28 03:04:00,2.7681,2.7681,2.7681,2.7681,2.7731,2.7731,2.7731,2.7731,1
2026-07-28 03:05:00,2.7686,2.7691,2.7681,2.7681,2.7736,2.7741,2.7731,2.7731,3
2026-07-28 03:06:00,2.7676,2.7676,2.7671,2.7671,2.7726,2.7726,2.7721,2.7721,2
2026-07-28 03:07:00,2.7676,2.7676,2.7676,2.7676,2.7726,2.7726,2.7726,2.7726,1
2026-07-28 03:08:00,2.7671,2.7676,2.7671,2.7676,2.7721,2.7726,2.7721,2.7726,2
2026-07-28 03:09:00,2.7681,2.7681,2.7681,2.7681,2.7731,2.7731,2.7731,2.7731,1
2026-07-28 03:10:00,2.7691,2.7691,2.7681,2.7686,2.7741,2.7741,2.7731,2.7736,3
2026-07-28 03:11:00,2.7681,2.7681,2.7671,2.7671,2.7731,2.7731,2.7721,2.7721,4
2026-07-28 03:12:00,2.7681,2.7681,2.7671,2.7671,2.7731,2.7731,2.7721,2.7721,3
2026-07-28 03:13:00,2.7661,2.7661,2.7651,2.7661,2.7711,2.7711,2.7701,2.7711,5
2026-07-28 03:15:00,2.7671,2.7671,2.7671,2.7671,2.7721,2.7721,2.7721,2.7721,1
2026-07-28 03:16:00,2.7681,2.7681,2.7681,2.7681,2.7731,2.7731,2.7731,2.7731,1
2026-07-28 03:17:00,2.7671,2.7676,2.7671,2.7676,2.7721,2.7726,2.7721,2.7726,2
2026-07-28 03:18:00,2.7681,2.7681,2.7671,2.7671,2.7731,2.7731,2.7721,2.7721,3
2026-07-28 03:19:00,2.7666,2.7671,2.7666,2.7671,2.7716,2.7721,2.7716,2.7721,2
2026-07-28 03:21:00,2.7661,2.7661,2.7651,2.7651,2.7711,2.7711,2.7701,2.7701,3
2026-07-28 03:22:00,2.7661,2.7661,2.7661,2.7661,2.7711,2.7711,2.7711,2.7711,1
2026-07-28 03:24:00,2.7656,2.7656,2.7651,2.7651,2.7706,2.7706,2.7701,2.7701,2
2026-07-28 03:25:00,2.7661,2.7681,2.7661,2.7681,2.7711,2.7731,2.7711,2.7731,7
2026-07-28 03:26:00,2.7671,2.7716,2.7671,2.7701,2.7721,2.7766,2.7721,2.7751,20
2026-07-28 03:28:00,2.7691,2.7701,2.7691,2.7691,2.7741,2.7751,2.7741,2.7741,3
2026-07-28 03:29:00,2.7701,2.7701,2.7701,2.7701,2.7751,2.7751,2.7751,2.7751,1
2026-07-28 03:35:00,2.7706,2.7751,2.7706,2.7741,2.7756,2.7801,2.7756,2.7791,6
2026-07-28 03:36:00,2.7751,2.7751,2.7741,2.7741,2.7801,2.7801,2.7791,2.7791,6
2026-07-28 03:40:00,2.7751,2.7751,2.7751,2.7751,2.7801,2.7801,2.7801,2.7801,1
2026-07-28 03:41:00,2.7756,2.7761,2.7726,2.7726,2.7806,2.7811,2.7776,2.7776,6
2026-07-28 03:42:00,2.7721,2.7721,2.7721,2.7721,2.7771,2.7771,2.7771,2.7771,1
2026-07-28 03:44:00,2.7711,2.7721,2.7711,2.7711,2.7761,2.7771,2.7761,2.7761,6
2026-07-28 03:47:00,2.7701,2.7721,2.7701,2.7711,2.7751,2.7771,2.7751,2.7761,4
2026-07-28 03:48:00,2.7721,2.7721,2.7711,2.7711,2.7771,2.7771,2.7761,2.7761,4
2026-07-28 03:49:00,2.7721,2.7731,2.7721,2.7731,2.7771,2.7781,2.7771,2.7781,2
2026-07-28 03:50:00,2.7721,2.7721,2.7711,2.7711,2.7771,2.7771,2.7761,2.7761,3
2026-07-28 03:52:00,2.7706,2.7711,2.7706,2.7711,2.7756,2.7761,2.7756,2.7761,4
2026-07-28 03:53:00,2.7706,2.7706,2.7701,2.7701,2.7756,2.7756,2.7751,2.7751,2
2026-07-28 03:55:00,2.7696,2.7701,2.7696,2.7701,2.7746,2.7751,2.7746,2.7751,2
2026-07-28 03:57:00,2.7696,2.7711,2.7686,2.7701,2.7746,2.7761,2.7736,2.7751,9
2026-07-28 03:58:00,2.7696,2.7701,2.7696,2.7701,2.7746,2.7751,2.7746,2.7751,2
2026-07-28 03:59:00,2.7691,2.7691,2.7691,2.7691,2.7741,2.7741,2.7741,2.7741,1
2026-07-28 04:00:00,2.7701,2.7701,2.7701,2.7701,2.7751,2.7751,2.7751,2.7751,1
2026-07-28 04:01:00,2.7691,2.7701,2.7691,2.7701,2.7741,2.7751,2.7741,2.7751,2
2026-07-28 04:02:00,2.7696,2.7696,2.7691,2.7691,2.7746,2.7746,2.7741,2.7741,2
2026-07-28 04:03:00,2.7696,2.7701,2.7691,2.7691,2.7746,2.7751,2.7741,2.7741,4
2026-07-28 04:04:00,2.7686,2.7691,2.7686,2.7686,2.7736,2.7741,2.7736,2.7736,5
2026-07-28 04:05:00,2.7691,2.7691,2.7681,2.7681,2.7741,2.7741,2.7731,2.7731,3
2026-07-28 04:06:00,2.7671,2.7681,2.7671,2.7681,2.7721,2.7731,2.7721,2.7731,2
2026-07-28 04:08:00,2.7671,2.7671,2.7671,2.7671,2.7721,2.7721,2.7721,2.7721,1
2026-07-28 04:09:00,2.7681,2.7681,2.7681,2.7681,2.7731,2.7731,2.7731,2.7731,1
2026-07-28 04:12:00,2.7671,2.7671,2.7671,2.7671,2.7721,2.7721,2.7721,2.7721,1
2026-07-28 04:13:00,2.7661,2.7671,2.7661,2.7671,2.7711,2.7721,2.7711,2.7721,2
2026-07-28 04:14:00,2.7661,2.7661,2.7661,2.7661,2.7711,2.7711,2.7711,2.7711,1
2026-07-28 04:17:00,2.7656,2.7656,2.7651,2.7651,2.7706,2.7706,2.7701,2.7701,4
2026-07-28 04:18:00,2.7641,2.7651,2.7631,2.7631,2.7691,2.7701,2.7681,2.7681,6
2026-07-28 04:19:00,2.7621,2.7621,2.7621,2.7621,2.7671,2.7671,2.7671,2.7671,1
2026-07-28 04:20:00,2.7631,2.7631,2.7621,2.7621,2.7681,2.7681,2.7671,2.7671,2
2026-07-28 04:22:00,2.7631,2.7631,2.7621,2.7621,2.7681,2.7681,2.7671,2.7671,2
2026-07-28 04:23:00,2.7626,2.7626,2.7621,2.7621,2.7676,2.7676,2.7671,2.7671,2
2026-07-28 04:24:00,2.7626,2.7631,2.7626,2.7631,2.7676,2.7681,2.7676,2.7681,2
2026-07-28 04:25:00,2.7626,2.7631,2.7621,2.7631,2.7676,2.7681,2.7671,2.7681,5
2026-07-28 04:26:00,2.7626,2.7626,2.7621,2.7621,2.7676,2.7676,2.7671,2.7671,2
2026-07-28 04:27:00,2.7616,2.7616,2.7616,2.7616,2.7666,2.7666,2.7666,2.7666,1
2026-07-28 04:28:00,2.7621,2.7641,2.7611,2.7641,2.7671,2.7691,2.7661,2.7691,9
2026-07-28 04:30:00,2.7631,2.7631,2.7621,2.7621,2.7681,2.7681,2.7671,2.7671,2
2026-07-28 04:31:00,2.7631,2.7631,2.7621,2.7621,2.7681,2.7681,2.7671,2.7671,3
2026-07-28 04:32:00,2.7626,2.7631,2.7626,2.7631,2.7676,2.7681,2.7676,2.7681,2
2026-07-28 04:33:00,2.7626,2.7626,2.7621,2.7621,2.7676,2.7676,2.7671,2.7671,2
2026-07-28 04:34:00,2.7616,2.7621,2.7616,2.7621,2.7666,2.7671,2.7666,2.7671,2
2026-07-28 04:35:00,2.7631,2.7641,2.7631,2.7641,2.7681,2.7691,2.7681,2.7691,2
2026-07-28 04:36:00,2.7651,2.7651,2.7651,2.7651,2.7701,2.7701,2.7701,2.7701,1
2026-07-28 04:37:00,2.7641,2.7641,2.7631,2.7631,2.7691,2.7691,2.7681,2.7681,7
2026-07-28 04:39:00,2.7626,2.7631,2.7626,2.7626,2.7676,2.7681,2.7676,2.7676,3
2026-07-28 04:40:00,2.7621,2.7621,2.7621,2.7621,2.7671,2.7671,2.7671,2.7671,1
2026-07-28 04:41:00,2.7611,2.7611,2.7611,2.7611,2.7661,2.7661,2.7661,2.7661,1
2026-07-28 04:42:00,2.7601,2.7611,2.7601,2.7611,2.7651,2.7661,2.7651,2.7661,2
2026-07-28 04:43:00,2.7601,2.7601,2.7591,2.7601,2.7651,2.7651,2.7641,2.7651,3
2026-07-28 04:44:00,2.7611,2.7611,2.7611,2.7611,2.7661,2.7661,2.7661,2.7661,1
2026-07-28 04:48:00,2.7606,2.7611,2.7606,2.7611,2.7656,2.7661,2.7656,2.7661,2
2026-07-28 04:49:00,2.7621,2.7651,2.7621,2.7641,2.7671,2.7701,2.7671,2.7691,9
2026-07-28 04:50:00,2.7631,2.7631,2.7611,2.7611,2.7681,2.7681,2.7661,2.7661,3
2026-07-28 04:51:00,2.7621,2.7621,2.7611,2.7611,2.7671,2.7671,2.7661,2.7661,2
2026-07-28 04:52:00,2.7606,2.7606,2.7601,2.7601,2.7656,2.7656,2.7651,2.7651,2
2026-07-28 04:58:00,2.7596,2.7611,2.7591,2.7601,2.7646,2.7661,2.7641,2.7651,7
2026-07-28 05:00:00,2.7611,2.7611,2.7601,2.7601,2.7661,2.7661,2.7651,2.7651,3
2026-07-28 05:01:00,2.7611,2.7611,2.7601,2.7601,2.7661,2.7661,2.7651,2.7651,4
2026-07-28 05:02:00,2.7611,2.7611,2.7611,2.7611,2.7661,2.7661,2.7661,2.7661,1
2026-07-28 05:03:00,2.7601,2.7601,2.7601,2.7601,2.7651,2.7651,2.7651,2.7651,1
2026-07-28 05:04:00,2.7611,2.7611,2.7601,2.7601,2.7661,2.7661,2.7651,2.7651,2
2026-07-28 05:05:00,2.7611,2.7611,2.7611,2.7611,2.7661,2.7661,2.7661,2.7661,1
2026-07-28 05:06:00,2.7601,2.7601,2.7601,2.7601,2.7651,2.7651,2.7651,2.7651,1
2026-07-28 05:07:00,2.7596,2.7601,2.7591,2.7596,2.7646,2.7651,2.7641,2.7646,6
2026-07-28 05:08:00,2.7591,2.7601,2.7591,2.7601,2.7641,2.7651,2.7641,2.7651,6
2026-07-28 05:10:00,2.7611,2.7611,2.7601,2.7601,2.7661,2.7661,2.7651,2.7651,2
2026-07-28 05:11:00,2.7606,2.7606,2.7601,2.7601,2.7656,2.7656,2.7651,2.7651,2
2026-07-28 05:12:00,2.7611,2.7611,2.7601,2.7611,2.7661,2.7661,2.7651,2.7661,4
2026-07-28 05:14:00,2.7601,2.7611,2.7601,2.7611,2.7651,2.7661,2.7651,2.7661,4
2026-07-28 05:17:00,2.7621,2.7621,2.7611,2.7621,2.7671,2.7671,2.7661,2.7671,3
2026-07-28 05:18:00,2.7631,2.7651,2.7631,2.7641,2.7681,2.7701,2.7681,2.7691,7
2026-07-28 05:19:00,2.7651,2.7651,2.7641,2.7641,2.7701,2.7701,2.7691,2.7691,8
2026-07-28 05:22:00,2.7646,2.7651,2.7641,2.7651,2.7696,2.7701,2.7691,2.7701,6
2026-07-28 05:25:00,2.7641,2.7651,2.7641,2.7641,2.7691,2.7701,2.7691,2.7691,14
2026-07-28 05:26:00,2.7651,2.7651,2.7651,2.7651,2.7701,2.7701,2.7701,2.7701,1
2026-07-28 05:27:00,2.7661,2.7671,2.7651,2.7666,2.7711,2.7721,2.7701,2.7716,16
2026-07-28 05:28:00,2.7671,2.7671,2.7666,2.7671,2.7721,2.7721,2.7716,2.7721,5
2026-07-28 05:29:00,2.7666,2.7671,2.7661,2.7666,2.7716,2.7721,2.7711,2.7716,8
2026-07-28 05:30:00,2.7671,2.7716,2.7671,2.7701,2.7721,2.7766,2.7721,2.7751,17
2026-07-28 05:31:00,2.7691,2.7706,2.7691,2.7706,2.7741,2.7756,2.7741,2.7756,3
2026-07-28 05:32:00,2.7701,2.7706,2.7661,2.7661,2.7751,2.7756,2.7711,2.7711,10
2026-07-28 05:33:00,2.7656,2.7661,2.7651,2.7661,2.7706,2.7711,2.7701,2.7711,4
2026-07-28 05:34:00,2.7651,2.7661,2.7651,2.7661,2.7701,2.7711,2.7701,2.7711,2
2026-07-28 05:36:00,2.7671,2.7681,2.7671,2.7676,2.7721,2.7731,2.7721,2.7726,6
2026-07-28 05:37:00,2.7671,2.7676,2.7671,2.7671,2.7721,2.7726,2.7721,2.7721,3
2026-07-28 05:38:00,2.7681,2.7681,2.7671,2.7671,2.7731,2.7731,2.7721,2.7721,2
2026-07-28 05:39:00,2.7666,2.7671,2.7661,2.7671,2.7716,2.7721,2.7711,2.7721,4
2026-07-28 05:41:00,2.7661,2.7701,2.7661,2.7671,2.7711,2.7751,2.7711,2.7721,24
2026-07-28 05:42:00,2.7661,2.7661,2.7641,2.7641,2.7711,2.7711,2.7691,2.7691,6
2026-07-28 05:43:00,2.7651,2.7651,2.7646,2.7646,2.7701,2.7701,2.7696,2.7696,2
2026-07-28 05:44:00,2.7641,2.7641,2.7641,2.7641,2.7691,2.7691,2.7691,2.7691,1
2026-07-28 05:45:00,2.7636,2.7636,2.7636,2.7636,2.7686,2.7686,2.7686,2.7686,1
2026-07-28 05:46:00,2.7641,2.7661,2.7641,2.7661,2.7691,2.7711,2.7691,2.7711,3
2026-07-28 05:47:00,2.7656,2.7656,2.7651,2.7651,2.7706,2.7706,2.7701,2.7701,2
2026-07-28 05:48:00,2.7656,2.7661,2.7651,2.7651,2.7706,2.7711,2.7701,2.7701,3
2026-07-28 05:50:00,2.7661,2.7661,2.7651,2.7651,2.7711,2.7711,2.7701,2.7701,2
2026-07-28 05:52:00,2.7661,2.7661,2.7661,2.7661,2.7711,2.7711,2.7711,2.7711,1
2026-07-28 05:54:00,2.7666,2.7666,2.7666,2.7666,2.7716,2.7716,2.7716,2.7716,1
2026-07-28 05:55:00,2.7671,2.7671,2.7671,2.7671,2.7721,2.7721,2.7721,2.7721,1
2026-07-28 05:56:00,2.7661,2.7661,2.7651,2.7651,2.7711,2.7711,2.7701,2.7701,2
2026-07-28 05:57:00,2.7646,2.7661,2.7646,2.7661,2.7696,2.7711,2.7696,2.7711,5
2026-07-28 05:58:00,2.7656,2.7656,2.7651,2.7656,2.7706,2.7706,2.7701,2.7706,3
2026-07-28 05:59:00,2.7651,2.7651,2.7651,2.7651,2.7701,2.7701,2.7701,2.7701,1
2026-07-28 06:00:00,2.7646,2.7651,2.7641,2.7651,2.7696,2.7701,2.7691,2.7701,5
2026-07-28 06:01:00,2.7646,2.7661,2.7646,2.7661,2.7696,2.7711,2.7696,2.7711,4
2026-07-28 06:08:00,2.7651,2.7651,2.7641,2.7641,2.7701,2.7701,2.7691,2.7691,2
2026-07-28 06:11:00,2.7631,2.7631,2.7631,2.7631,2.7681,2.7681,2.7681,2.7681,1
2026-07-28 06:12:00,2.7636,2.7651,2.7636,2.7651,2.7686,2.7701,2.7686,2.7701,6
2026-07-28 06:13:00,2.7646,2.7646,2.7641,2.7641,2.7696,2.7696,2.7691,2.7691,2
2026-07-28 06:14:00,2.7646,2.7651,2.7646,2.7651,2.7696,2.7701,2.7696,2.7701,2
2026-07-28 06:15:00,2.7641,2.7646,2.7641,2.7641,2.7691,2.7696,2.7691,2.7691,3
2026-07-28 06:16:00,2.7651,2.7651,2.7641,2.7641,2.7701,2.7701,2.7691,2.7691,4
2026-07-28 06:17:00,2.7646,2.7651,2.7641,2.7641,2.7696,2.7701,2.7691,2.7691,3
2026-07-28 06:18:00,2.7631,2.7631,2.7621,2.7621,2.7681,2.7681,2.7671,2.7671,3
2026-07-28 06:21:00,2.7611,2.7621,2.7611,2.7621,2.7661,2.7671,2.7661,2.7671,4
2026-07-28 06:22:00,2.7626,2.7626,2.7621,2.7621,2.7676,2.7676,2.7671,2.7671,2
2026-07-28 06:23:00,2.7611,2.7611,2.7611,2.7611,2.7661,2.7661,2.7661,2.7661,1
2026-07-28 06:25:00,2.7601,2.7611,2.7601,2.7611,2.7651,2.7661,2.7651,2.7661,6
2026-07-28 06:26:00,2.7601,2.7611,2.7601,2.7606,2.7651,2.7661,2.7651,2.7656,9
2026-07-28 06:27:00,2.7601,2.7601,2.7591,2.7591,2.7651,2.7651,2.7641,2.7641,2
2026-07-28 06:29:00,2.7601,2.7601,2.7601,2.7601,2.7651,2.7651,2.7651,2.7651,1
2026-07-28 06:30:00,2.7591,2.7591,2.7591,2.7591,2.7641,2.7641,2.7641,2.7641,1
2026-07-28 06:31:00,2.7596,2.7596,2.7591,2.7596,2.7646,2.7646,2.7641,2.7646,5
2026-07-28 06:32:00,2.7591,2.7601,2.7591,2.7601,2.7641,2.7651,2.7641,2.7651,3
2026-07-28 06:33:00,2.7591,2.7601,2.7591,2.7596,2.7641,2.7651,2.7641,2.7646,6
2026-07-28 06:34:00,2.7601,2.7601,2.7601,2.7601,2.7651,2.7651,2.7651,2.7651,1
2026-07-28 06:37:00,2.7591,2.7591,2.7581,2.7581,2.7641,2.7641,2.7631,2.7631,10
2026-07-28 06:39:00,2.7586,2.7591,2.7581,2.7586,2.7636,2.7641,2.7631,2.7636,11
2026-07-28 06:40:00,2.7581,2.7581,2.7571,2.7571,2.7631,2.7631,2.7621,2.7621,6
2026-07-28 06:41:00,2.7561,2.7576,2.7561,2.7571,2.7611,2.7626,2.7611,2.7621,14
2026-07-28 06:42:00,2.7576,2.7581,2.7576,2.7576,2.7626,2.7631,2.7626,2.7626,3
2026-07-28 06:43:00,2.7581,2.7581,2.7581,2.7581,2.7631,2.7631,2.7631,2.7631,1
2026-07-28 06:46:00,2.7591,2.7601,2.7581,2.7581,2.7641,2.7651,2.7631,2.7631,10
2026-07-28 06:49:00,2.7571,2.7581,2.7571,2.7581,2.7621,2.7631,2.7621,2.7631,2
2026-07-28 06:51:00,2.7576,2.7581,2.7571,2.7571,2.7626,2.7631,2.7621,2.7621,3
2026-07-28 06:52:00,2.7561,2.7571,2.7561,2.7571,2.7611,2.7621,2.7611,2.7621,4
2026-07-28 06:54:00,2.7566,2.7571,2.7566,2.7571,2.7616,2.7621,2.7616,2.7621,2
2026-07-28 06:57:00,2.7566,2.7566,2.7561,2.7561,2.7616,2.7616,2.7611,2.7611,2
2026-07-28 07:01:00,2.7566,2.7566,2.7561,2.7561,2.7616,2.7616,2.7611,2.7611,4
2026-07-28 07:02:00,2.7551,2.7551,2.7551,2.7551,2.7601,2.7601,2.7601,2.7601,1
2026-07-28 07:03:00,2.7561,2.7561,2.7561,2.7561,2.7611,2.7611,2.7611,2.7611,1
2026-07-28 07:05:00,2.7556,2.7556,2.7551,2.7551,2.7606,2.7606,2.7601,2.7601,2
2026-07-28 07:06:00,2.7556,2.7561,2.7551,2.7551,2.7606,2.7611,2.7601,2.7601,5
2026-07-28 07:10:00,2.7556,2.7561,2.7551,2.7561,2.7606,2.7611,2.7601,2.7611,8
2026-07-28 07:12:00,2.7551,2.7551,2.7541,2.7551,2.7601,2.7601,2.7591,2.7601,3
2026-07-28 07:18:00,2.7541,2.7551,2.7541,2.7551,2.7591,2.7601,2.7591,2.7601,3
2026-07-28 07:23:00,2.7541,2.7551,2.7541,2.7551,2.7591,2.7601,2.7591,2.7601,5
2026-07-28 07:26:00,2.7561,2.7591,2.7561,2.7561,2.7611,2.7641,2.7611,2.7611,19
2026-07-28 07:27:00,2.7571,2.7571,2.7561,2.7561,2.7621,2.7621,2.7611,2.7611,3
2026-07-28 07:28:00,2.7551,2.7551,2.7551,2.7551,2.7601,2.7601,2.7601,2.7601,1
2026-07-28 07:30:00,2.7561,2.7561,2.7561,2.7561,2.7611,2.7611,2.7611,2.7611,1
2026-07-28 07:31:00,2.7551,2.7561,2.7551,2.7561,2.7601,2.7611,2.7601,2.7611,5
2026-07-28 07:32:00,2.7556,2.7561,2.7556,2.7561,2.7606,2.7611,2.7606,2.7611,2
2026-07-28 07:34:00,2.7556,2.7561,2.7551,2.7561,2.7606,2.7611,2.7601,2.7611,3
2026-07-28 07:35:00,2.7556,2.7561,2.7551,2.7556,2.7606,2.7611,2.7601,2.7606,5
2026-07-28 07:36:00,2.7551,2.7561,2.7551,2.7561,2.7601,2.7611,2.7601,2.7611,7
2026-07-28 07:37:00,2.7556,2.7556,2.7556,2.7556,2.7606,2.7606,2.7606,2.7606,1
2026-07-28 07:38:00,2.7561,2.7561,2.7551,2.7561,2.7611,2.7611,2.7601,2.7611,7
2026-07-28 07:39:00,2.7571,2.7591,2.7571,2.7571,2.7621,2.7641,2.7621,2.7621,6
2026-07-28 07:41:00,2.7581,2.7586,2.7581,2.7581,2.7631,2.7636,2.7631,2.7631,3
2026-07-28 07:42:00,2.7571,2.7576,2.7571,2.7571,2.7621,2.7626,2.7621,2.7621,3
2026-07-28 07:43:00,2.7566,2.7566,2.7561,2.7566,2.7616,2.7616,2.7611,2.7616,3
2026-07-28 07:44:00,2.7571,2.7571,2.7561,2.7561,2.7621,2.7621,2.7611,2.7611,2
2026-07-28 07:47:00,2.7551,2.7561,2.7551,2.7561,2.7601,2.7611,2.7601,2.7611,3
2026-07-28 07:48:00,2.7556,2.7556,2.7556,2.7556,2.7606,2.7606,2.7606,2.7606,1
2026-07-28 07:49:00,2.7561,2.7561,2.7551,2.7561,2.7611,2.7611,2.7601,2.7611,6
2026-07-28 07:51:00,2.7571,2.7571,2.7571,2.7571,2.7621,2.7621,2.7621,2.7621,1
2026-07-28 07:52:00,2.7576,2.7591,2.7576,2.7581,2.7626,2.7641,2.7626,2.7631,4
2026-07-28 07:53:00,2.7586,2.7591,2.7581,2.7581,2.7636,2.7641,2.7631,2.7631,3
2026-07-28 07:56:00,2.7586,2.7601,2.7581,2.7581,2.7636,2.7651,2.7631,2.7631,11
2026-07-28 07:57:00,2.7571,2.7571,2.7571,2.7571,2.7621,2.7621,2.7621,2.7621,1
2026-07-28 07:58:00,2.7561,2.7571,2.7561,2.7571,2.7611,2.7621,2.7611,2.7621,2
2026-07-28 08:00:00,2.7576,2.7581,2.7571,2.7571,2.7626,2.7631,2.7621,2.7621,3
2026-07-28 08:01:00,2.7581,2.7581,2.7541,2.7551,2.7631,2.7631,2.7591,2.7601,17
2026-07-28 08:02:00,2.7561,2.7561,2.7551,2.7561,2.7611,2.7611,2.7601,2.7611,3
2026-07-28 08:03:00,2.7571,2.7571,2.7571,2.7571,2.7621,2.7621,2.7621,2.7621,1
2026-07-28 08:05:00,2.7576,2.7581,2.7571,2.7571,2.7626,2.7631,2.7621,2.7621,7
2026-07-28 08:06:00,2.7576,2.7576,2.7561,2.7561,2.7626,2.7626,2.7611,2.7611,9
2026-07-28 08:09:00,2.7551,2.7551,2.7541,2.7551,2.7601,2.7601,2.7591,2.7601,3
2026-07-28 08:10:00,2.7541,2.7551,2.7541,2.7541,2.7591,2.7601,2.7591,2.7591,3
2026-07-28 08:11:00,2.7551,2.7551,2.7541,2.7541,2.7601,2.7601,2.7591,2.7591,4
2026-07-28 08:12:00,2.7546,2.7551,2.7546,2.7551,2.7596,2.7601,2.7596,2.7601,2
2026-07-28 08:13:00,2.7546,2.7546,2.7541,2.7541,2.7596,2.7596,2.7591,2.7591,2
2026-07-28 08:16:00,2.7531,2.7531,2.7516,2.7521,2.7581,2.7581,2.7566,2.7571,9
2026-07-28 08:18:00,2.7516,2.7516,2.7501,2.7511,2.7566,2.7566,2.7551,2.7561,11
2026-07-28 08:22:00,2.7501,2.7501,2.7501,2.7501,2.7551,2.7551,2.7551,2.7551,1
2026-07-28 08:24:00,2.7491,2.7501,2.7491,2.7501,2.7541,2.7551,2.7541,2.7551,4
2026-07-28 08:26:00,2.7496,2.7501,2.7496,2.7501,2.7546,2.7551,2.7546,2.7551,2
2026-07-28 08:27:00,2.7491,2.7501,2.7491,2.7501,2.7541,2.7551,2.7541,2.7551,12
2026-07-28 08:28:00,2.7496,2.7501,2.7481,2.7481,2.7546,2.7551,2.7531,2.7531,7
2026-07-28 08:29:00,2.7471,2.7481,2.7471,2.7471,2.7521,2.7531,2.7521,2.7521,4
2026-07-28 08:30:00,2.7461,2.7501,2.7461,2.7501,2.7511,2.7551,2.7511,2.7551,12
2026-07-28 08:31:00,2.7496,2.7501,2.7496,2.7501,2.7546,2.7551,2.7546,2.7551,4
2026-07-28 08:32:00,2.7496,2.7501,2.7491,2.7501,2.7546,2.7551,2.7541,2.7551,3
2026-07-28 08:33:00,2.7491,2.7501,2.7491,2.7491,2.7541,2.7551,2.7541,2.7541,10
2026-07-28 08:34:00,2.7501,2.7511,2.7481,2.7501,2.7551,2.7561,2.7531,2.7551,14
2026-07-28 08:35:00,2.7491,2.7496,2.7491,2.7491,2.7541,2.7546,2.7541,2.7541,3
2026-07-28 08:36:00,2.7486,2.7491,2.7481,2.7481,2.7536,2.7541,2.7531,2.7531,14
2026-07-28 08:38:00,2.7491,2.7491,2.7481,2.7481,2.7541,2.7541,2.7531,2.7531,2
2026-07-28 08:39:00,2.7486,2.7486,2.7486,2.7486,2.7536,2.7536,2.7536,2.7536,1
2026-07-28 08:40:00,2.7491,2.7491,2.7481,2.7481,2.7541,2.7541,2.7531,2.7531,4
2026-07-28 08:41:00,2.7486,2.7491,2.7486,2.7491,2.7536,2.7541,2.7536,2.7541,2
2026-07-28 08:43:00,2.7481,2.7511,2.7481,2.7511,2.7531,2.7561,2.7531,2.7561,11
2026-07-28 08:44:00,2.7516,2.7531,2.7501,2.7501,2.7566,2.7581,2.7551,2.7551,14
2026-07-28 08:45:00,2.7491,2.7491,2.7481,2.7481,2.7541,2.7541,2.7531,2.7531,3
2026-07-28 08:46:00,2.7486,2.7491,2.7481,2.7481,2.7536,2.7541,2.7531,2.7531,3
2026-07-28 08:47:00,2.7491,2.7501,2.7491,2.7491,2.7541,2.7551,2.7541,2.7541,5
2026-07-28 08:48:00,2.7501,2.7501,2.7501,2.7501,2.7551,2.7551,2.7551,2.7551,1
2026-07-28 08:49:00,2.7491,2.7491,2.7491,2.7491,2.7541,2.7541,2.7541,2.7541,1
2026-07-28 08:50:00,2.7496,2.7501,2.7491,2.7501,2.7546,2.7551,2.7541,2.7551,3
2026-07-28 08:52:00,2.7496,2.7501,2.7491,2.7501,2.7546,2.7551,2.7541,2.7551,7
2026-07-28 08:53:00,2.7496,2.7501,2.7496,2.7496,2.7546,2.7551,2.7546,2.7546,3
2026-07-28 08:54:00,2.7491,2.7491,2.7491,2.7491,2.7541,2.7541,2.7541,2.7541,1
2026-07-28 08:55:00,2.7501,2.7501,2.7501,2.7501,2.7551,2.7551,2.7551,2.7551,1
2026-07-28 08:56:00,2.7511,2.7516,2.7491,2.7501,2.7561,2.7566,2.7541,2.7551,14
2026-07-28 08:57:00,2.7496,2.7496,2.7491,2.7491,2.7546,2.7546,2.7541,2.7541,2
2026-07-28 09:00:00,2.7501,2.7501,2.7481,2.7491,2.7551,2.7551,2.7531,2.7541,6
2026-07-28 09:01:00,2.7501,2.7501,2.7471,2.7471,2.7551,2.7551,2.7521,2.7521,8
2026-07-28 09:02:00,2.7461,2.7481,2.7461,2.7471,2.7511,2.7531,2.7511,2.7521,16
2026-07-28 09:03:00,2.7461,2.7471,2.7461,2.7461,2.7511,2.7521,2.7511,2.7511,5
2026-07-28 09:04:00,2.7466,2.7471,2.7461,2.7471,2.7516,2.7521,2.7511,2.7521,12
2026-07-28 09:05:00,2.7461,2.7471,2.7461,2.7471,2.7511,2.7521,2.7511,2.7521,8
2026-07-28 09:06:00,2.7461,2.7471,2.7461,2.7461,2.7511,2.7521,2.7511,2.7511,5
2026-07-28 09:07:00,2.7471,2.7471,2.7466,2.7471,2.7521,2.7521,2.7516,2.7521,3
2026-07-28 09:08:00,2.7481,2.7531,2.7481,2.7511,2.7531,2.7581,2.7531,2.7561,26
2026-07-28 09:09:00,2.7501,2.7501,2.7481,2.7491,2.7551,2.7551,2.7531,2.7541,8
2026-07-28 09:10:00,2.7496,2.7521,2.7496,2.7521,2.7546,2.7571,2.7546,2.7571,6
2026-07-28 09:11:00,2.7511,2.7526,2.7511,2.7521,2.7561,2.7576,2.7561,2.7571,9
2026-07-28 09:12:00,2.7511,2.7521,2.7511,2.7521,2.7561,2.7571,2.7561,2.7571,11
2026-07-28 09:14:00,2.7516,2.7521,2.7511,2.7521,2.7566,2.7571,2.7561,2.7571,5
2026-07-28 09:15:00,2.7531,2.7541,2.7531,2.7536,2.7581,2.7591,2.7581,2.7586,9
2026-07-28 09:16:00,2.7541,2.7541,2.7526,2.7526,2.7591,2.7591,2.7576,2.7576,15
2026-07-28 09:17:00,2.7531,2.7531,2.7531,2.7531,2.7581,2.7581,2.7581,2.7581,1
2026-07-28 09:18:00,2.7526,2.7531,2.7526,2.7531,2.7576,2.7581,2.7576,2.7581,2
2026-07-28 09:19:00,2.7521,2.7531,2.7521,2.7531,2.7571,2.7581,2.7571,2.7581,4
2026-07-28 09:20:00,2.7521,2.7526,2.7521,2.7521,2.7571,2.7576,2.7571,2.7571,7
2026-07-28 09:21:00,2.7526,2.7526,2.7511,2.7511,2.7576,2.7576,2.7561,2.7561,7
2026-07-28 09:22:00,2.7516,2.7521,2.7511,2.7521,2.7566,2.7571,2.7561,2.7571,7
2026-07-28 09:23:00,2.7516,2.7521,2.7516,2.7521,2.7566,2.7571,2.7566,2.7571,4
2026-07-28 09:25:00,2.7531,2.7531,2.7521,2.7521,2.7581,2.7581,2.7571,2.7571,8
2026-07-28 09:26:00,2.7526,2.7526,2.7521,2.7521,2.7576,2.7576,2.7571,2.7571,2
2026-07-28 09:27:00,2.7531,2.7531,2.7531,2.7531,2.7581,2.7581,2.7581,2.7581,1
2026-07-28 09:28:00,2.7521,2.7531,2.7521,2.7531,2.7571,2.7581,2.7571,2.7581,5
2026-07-28 09:29:00,2.7526,2.7531,2.7516,2.7521,2.7576,2.7581,2.7566,2.7571,15
2026-07-28 09:30:00,2.7516,2.7521,2.7511,2.7521,2.7566,2.7571,2.7561,2.7571,20
2026-07-28 09:31:00,2.7531,2.7531,2.7521,2.7531,2.7581,2.7581,2.7571,2.7581,3
2026-07-28 09:32:00,2.7526,2.7531,2.7526,2.7531,2.7576,2.7581,2.7576,2.7581,2
2026-07-28 09:33:00,2.7526,2.7541,2.7526,2.7541,2.7576,2.7591,2.7576,2.7591,6
2026-07-28 09:34:00,2.7531,2.7531,2.7521,2.7521,2.7581,2.7581,2.7571,2.7571,2
2026-07-28 09:35:00,2.7531,2.7531,2.7521,2.7521,2.7581,2.7581,2.7571,2.7571,2
2026-07-28 09:36:00,2.7516,2.7521,2.7511,2.7511,2.7566,2.7571,2.7561,2.7561,10
2026-07-28 09:37:00,2.7516,2.7531,2.7516,2.7531,2.7566,2.7581,2.7566,2.7581,13
2026-07-28 09:38:00,2.7541,2.7541,2.7531,2.7541,2.7591,2.7591,2.7581,2.7591,3
2026-07-28 09:39:00,2.7531,2.7541,2.7531,2.7541,2.7581,2.7591,2.7581,2.7591,2
2026-07-28 09:40:00,2.7536,2.7541,2.7531,2.7541,2.7586,2.7591,2.7581,2.7591,13
2026-07-28 09:41:00,2.7551,2.7551,2.7541,2.7551,2.7601,2.7601,2.7591,2.7601,6
2026-07-28 09:42:00,2.7561,2.7591,2.7561,2.7581,2.7611,2.7641,2.7611,2.7631,9
2026-07-28 09:43:00,2.7571,2.7581,2.7571,2.7581,2.7621,2.7631,2.7621,2.7631,2
2026-07-28 09:44:00,2.7571,2.7581,2.7571,2.7581,2.7621,2.7631,2.7621,2.7631,6
2026-07-28 09:45:00,2.7591,2.7611,2.7591,2.7611,2.7641,2.7661,2.7641,2.7661,3
2026-07-28 09:46:00,2.7601,2.7601,2.7581,2.7581,2.7651,2.7651,2.7631,2.7631,5
2026-07-28 09:47:00,2.7591,2.7591,2.7571,2.7581,2.7641,2.7641,2.7621,2.7631,6
2026-07-28 09:49:00,2.7591,2.7591,2.7581,2.7591,2.7641,2.7641,2.7631,2.7641,7
2026-07-28 09:50:00,2.7601,2.7601,2.7591,2.7591,2.7651,2.7651,2.7641,2.7641,2
2026-07-28 09:51:00,2.7581,2.7581,2.7571,2.7576,2.7631,2.7631,2.7621,2.7626,10
2026-07-28 09:52:00,2.7581,2.7581,2.7561,2.7561,2.7631,2.7631,2.7611,2.7611,10
2026-07-28 09:53:00,2.7571,2.7571,2.7551,2.7551,2.7621,2.7621,2.7601,2.7601,4
2026-07-28 09:54:00,2.7556,2.7561,2.7551,2.7551,2.7606,2.7611,2.7601,2.7601,3
2026-07-28 09:55:00,2.7556,2.7561,2.7551,2.7551,2.7606,2.7611,2.7601,2.7601,3
2026-07-28 09:56:00,2.7561,2.7561,2.7551,2.7551,2.7611,2.7611,2.7601,2.7601,2
2026-07-28 09:57:00,2.7561,2.7561,2.7551,2.7561,2.7611,2.7611,2.7601,2.7611,3
2026-07-28 09:58:00,2.7551,2.7561,2.7541,2.7546,2.7601,2.7611,2.7591,2.7596,15
2026-07-28 09:59:00,2.7541,2.7541,2.7541,2.7541,2.7591,2.7591,2.7591,2.7591,1
2026-07-28 10:00:00,2.7551,2.7551,2.7541,2.7541,2.7601,2.7601,2.7591,2.7591,5
2026-07-28 10:01:00,2.7551,2.7561,2.7541,2.7561,2.7601,2.7611,2.7591,2.7611,8
2026-07-28 10:02:00,2.7571,2.7611,2.7571,2.7611,2.7621,2.7661,2.7621,2.7661,8
2026-07-28 10:03:00,2.7606,2.7611,2.7606,2.7611,2.7656,2.7661,2.7656,2.7661,2
2026-07-28 10:04:00,2.7601,2.7611,2.7591,2.7601,2.7651,2.7661,2.7641,2.7651,10
2026-07-28 10:05:00,2.7591,2.7596,2.7581,2.7596,2.7641,2.7646,2.7631,2.7646,9
2026-07-28 10:06:00,2.7591,2.7591,2.7571,2.7576,2.7641,2.7641,2.7621,2.7626,6
2026-07-28 10:07:00,2.7571,2.7571,2.7571,2.7571,2.7621,2.7621,2.7621,2.7621,1
2026-07-28 10:08:00,2.7566,2.7566,2.7561,2.7561,2.7616,2.7616,2.7611,2.7611,2
2026-07-28 10:09:00,2.7556,2.7561,2.7556,2.7561,2.7606,2.7611,2.7606,2.7611,6
2026-07-28 10:12:00,2.7551,2.7551,2.7541,2.7541,2.7601,2.7601,2.7591,2.7591,7
2026-07-28 10:13:00,2.7546,2.7551,2.7541,2.7551,2.7596,2.7601,2.7591,2.7601,5
2026-07-28 10:14:00,2.7556,2.7561,2.7541,2.7561,2.7606,2.7611,2.7591,2.7611,13
2026-07-28 10:15:00,2.7556,2.7581,2.7556,2.7561,2.7606,2.7631,2.7606,2.7611,14
2026-07-28 10:16:00,2.7551,2.7561,2.7551,2.7551,2.7601,2.7611,2.7601,2.7601,4
2026-07-28 10:17:00,2.7561,2.7566,2.7556,2.7561,2.7611,2.7616,2.7606,2.7611,7
2026-07-28 10:18:00,2.7566,2.7571,2.7561,2.7571,2.7616,2.7621,2.7611,2.7621,5
2026-07-28 10:19:00,2.7581,2.7611,2.7581,2.7606,2.7631,2.7661,2.7631,2.7656,11
2026-07-28 10:20:00,2.7601,2.7611,2.7601,2.7611,2.7651,2.7661,2.7651,2.7661,4
2026-07-28 10:21:00,2.7601,2.7601,2.7571,2.7571,2.7651,2.7651,2.7621,2.7621,7
2026-07-28 10:22:00,2.7566,2.7571,2.7566,2.7571,2.7616,2.7621,2.7616,2.7621,2
2026-07-28 10:24:00,2.7561,2.7571,2.7551,2.7561,2.7611,2.7621,2.7601,2.7611,8
2026-07-28 10:25:00,2.7566,2.7571,2.7551,2.7561,2.7616,2.7621,2.7601,2.7611,8
2026-07-28 10:26:00,2.7571,2.7571,2.7571,2.7571,2.7621,2.7621,2.7621,2.7621,1
2026-07-28 10:27:00,2.7576,2.7601,2.7576,2.7601,2.7626,2.7651,2.7626,2.7651,5
2026-07-28 10:28:00,2.7591,2.7591,2.7591,2.7591,2.7641,2.7641,2.7641,2.7641,1
2026-07-28 10:29:00,2.7581,2.7581,2.7571,2.7571,2.7631,2.7631,2.7621,2.7621,2
2026-07-28 10:30:00,2.7581,2.7591,2.7581,2.7586,2.7631,2.7641,2.7631,2.7636,11
2026-07-28 10:31:00,2.7581,2.7591,2.7581,2.7581,2.7631,2.7641,2.7631,2.7631,7
2026-07-28 10:33:00,2.7571,2.7571,2.7571,2.7571,2.7621,2.7621,2.7621,2.7621,1
2026-07-28 10:36:00,2.7581,2.7581,2.7571,2.7571,2.7631,2.7631,2.7621,2.7621,4
2026-07-28 10:38:00,2.7566,2.7571,2.7561,2.7571,2.7616,2.7621,2.7611,2.7621,3
2026-07-28 10:39:00,2.7561,2.7571,2.7561,2.7561,2.7611,2.7621,2.7611,2.7611,6
2026-07-28 10:41:00,2.7551,2.7561,2.7541,2.7551,2.7601,2.7611,2.7591,2.7601,10
2026-07-28 10:42:00,2.7556,2.7561,2.7551,2.7551,2.7606,2.7611,2.7601,2.7601,7
2026-07-28 10:43:00,2.7561,2.7561,2.7551,2.7551,2.7611,2.7611,2.7601,2.7601,6
2026-07-28 10:45:00,2.7546,2.7551,2.7546,2.7551,2.7596,2.7601,2.7596,2.7601,2
2026-07-28 10:46:00,2.7546,2.7551,2.7546,2.7551,2.7596,2.7601,2.7596,2.7601,2
2026-07-28 10:47:00,2.7541,2.7541,2.7521,2.7521,2.7591,2.7591,2.7571,2.7571,5
2026-07-28 10:48:00,2.7511,2.7511,2.7491,2.7501,2.7561,2.7561,2.7541,2.7551,7
2026-07-28 10:50:00,2.7511,2.7521,2.7501,2.7511,2.7561,2.7571,2.7551,2.7561,5
2026-07-28 10:51:00,2.7501,2.7511,2.7501,2.7501,2.7551,2.7561,2.7551,2.7551,4
2026-07-28 10:52:00,2.7511,2.7521,2.7501,2.7511,2.7561,2.7571,2.7551,2.7561,10
2026-07-28 10:53:00,2.7531,2.7591,2.7531,2.7576,2.7581,2.7641,2.7581,2.7626,25
2026-07-28 10:54:00,2.7571,2.7571,2.7571,2.7571,2.7621,2.7621,2.7621,2.7621,1
2026-07-28 10:55:00,2.7576,2.7576,2.7571,2.7571,2.7626,2.7626,2.7621,2.7621,8
2026-07-28 10:56:00,2.7561,2.7581,2.7561,2.7581,2.7611,2.7631,2.7611,2.7631,5
2026-07-28 10:57:00,2.7571,2.7581,2.7571,2.7581,2.7621,2.7631,2.7621,2.7631,4
2026-07-28 10:58:00,2.7571,2.7571,2.7551,2.7556,2.7621,2.7621,2.7601,2.7606,14
2026-07-28 10:59:00,2.7551,2.7561,2.7551,2.7561,2.7601,2.7611,2.7601,2.7611,3
2026-07-28 11:00:00,2.7571,2.7571,2.7561,2.7561,2.7621,2.7621,2.7611,2.7611,2
2026-07-28 11:03:00,2.7551,2.7561,2.7551,2.7551,2.7601,2.7611,2.7601,2.7601,5
2026-07-28 11:05:00,2.7541,2.7551,2.7541,2.7541,2.7591,2.7601,2.7591,2.7591,3
2026-07-28 11:06:00,2.7531,2.7541,2.7531,2.7541,2.7581,2.7591,2.7581,2.7591,6
2026-07-28 11:07:00,2.7551,2.7551,2.7541,2.7551,2.7601,2.7601,2.7591,2.7601,5
2026-07-28 11:08:00,2.7556,2.7561,2.7556,2.7561,2.7606,2.7611,2.7606,2.7611,2
2026-07-28 11:09:00,2.7551,2.7561,2.7551,2.7561,2.7601,2.7611,2.7601,2.7611,6
2026-07-28 11:10:00,2.7571,2.7581,2.7571,2.7581,2.7621,2.7631,2.7621,2.7631,4
2026-07-28 11:11:00,2.7571,2.7581,2.7571,2.7581,2.7621,2.7631,2.7621,2.7631,2
2026-07-28 11:12:00,2.7571,2.7571,2.7561,2.7571,2.7621,2.7621,2.7611,2.7621,8
2026-07-28 11:13:00,2.7561,2.7561,2.7551,2.7551,2.7611,2.7611,2.7601,2.7601,2
2026-07-28 11:14:00,2.7561,2.7561,2.7561,2.7561,2.7611,2.7611,2.7611,2.7611,1
2026-07-28 11:15:00,2.7566,2.7571,2.7561,2.7566,2.7616,2.7621,2.7611,2.7616,12
2026-07-28 11:16:00,2.7561,2.7561,2.7551,2.7551,2.7611,2.7611,2.7601,2.7601,5
2026-07-28 11:17:00,2.7541,2.7541,2.7541,2.7541,2.7591,2.7591,2.7591,2.7591,1
2026-07-28 11:20:00,2.7551,2.7551,2.7541,2.7541,2.7601,2.7601,2.7591,2.7591,2
2026-07-28 11:21:00,2.7536,2.7541,2.7531,2.7531,2.7586,2.7591,2.7581,2.7581,4
2026-07-28 11:22:00,2.7541,2.7541,2.7531,2.7541,2.7591,2.7591,2.7581,2.7591,3
2026-07-28 11:23:00,2.7531,2.7531,2.7531,2.7531,2.7581,2.7581,2.7581,2.7581,1
2026-07-28 11:27:00,2.7541,2.7556,2.7531,2.7551,2.7591,2.7606,2.7581,2.7601,8
2026-07-28 11:28:00,2.7541,2.7551,2.7541,2.7551,2.7591,2.7601,2.7591,2.7601,2
2026-07-28 11:30:00,2.7546,2.7551,2.7541,2.7551,2.7596,2.7601,2.7591,2.7601,3
2026-07-28 11:31:00,2.7541,2.7551,2.7541,2.7541,2.7591,2.7601,2.7591,2.7591,3
2026-07-28 11:32:00,2.7531,2.7541,2.7531,2.7541,2.7581,2.7591,2.7581,2.7591,2
2026-07-28 11:33:00,2.7536,2.7541,2.7531,2.7531,2.7586,2.7591,2.7581,2.7581,10
2026-07-28 11:34:00,2.7526,2.7526,2.7511,2.7521,2.7576,2.7576,2.7561,2.7571,7
2026-07-28 11:36:00,2.7531,2.7531,2.7521,2.7521,2.7581,2.7581,2.7571,2.7571,12
2026-07-28 11:40:00,2.7531,2.7531,2.7521,2.7521,2.7581,2.7581,2.7571,2.7571,2
2026-07-28 11:42:00,2.7511,2.7521,2.7511,2.7521,2.7561,2.7571,2.7561,2.7571,2
2026-07-28 11:43:00,2.7511,2.7521,2.7511,2.7511,2.7561,2.7571,2.7561,2.7561,7
2026-07-28 11:44:00,2.7501,2.7511,2.7501,2.7511,2.7551,2.7561,2.7551,2.7561,9
2026-07-28 11:45:00,2.7506,2.7511,2.7501,2.7501,2.7556,2.7561,2.7551,2.7551,4
2026-07-28 11:48:00,2.7511,2.7511,2.7501,2.7501,2.7561,2.7561,2.7551,2.7551,2
2026-07-28 11:49:00,2.7511,2.7511,2.7501,2.7501,2.7561,2.7561,2.7551,2.7551,2
2026-07-28 11:51:00,2.7491,2.7501,2.7481,2.7501,2.7541,2.7551,2.7531,2.7551,4
2026-07-28 11:52:00,2.7491,2.7501,2.7451,2.7451,2.7541,2.7551,2.7501,2.7501,27
2026-07-28 11:53:00,2.7441,2.7461,2.7441,2.7451,2.7491,2.7511,2.7491,2.7501,15
2026-07-28 11:54:00,2.7441,2.7451,2.7421,2.7421,2.7491,2.7501,2.7471,2.7471,6
2026-07-28 11:55:00,2.7431,2.7441,2.7411,2.7411,2.7481,2.7491,2.7461,2.7461,7
2026-07-28 11:56:00,2.7401,2.7421,2.7401,2.7411,2.7451,2.7471,2.7451,2.7461,4
2026-07-28 11:57:00,2.7401,2.7421,2.7401,2.7411,2.7451,2.7471,2.7451,2.7461,11
2026-07-28 11:58:00,2.7421,2.7421,2.7401,2.7401,2.7471,2.7471,2.7451,2.7451,3
2026-07-28 11:59:00,2.7411,2.7431,2.7411,2.7431,2.7461,2.7481,2.7461,2.7481,7
2026-07-28 12:00:00,2.7441,2.7451,2.7431,2.7441,2.7491,2.7501,2.7481,2.7491,14
2026-07-28 12:01:00,2.7431,2.7446,2.7431,2.7431,2.7481,2.7496,2.7481,2.7481,9
2026-07-28 12:03:00,2.7421,2.7431,2.7421,2.7431,2.7471,2.7481,2.7471,2.7481,7
2026-07-28 12:04:00,2.7421,2.7421,2.7421,2.7421,2.7471,2.7471,2.7471,2.7471,1
2026-07-28 12:05:00,2.7411,2.7421,2.7411,2.7421,2.7461,2.7471,2.7461,2.7471,6
2026-07-28 12:07:00,2.7431,2.7451,2.7421,2.7451,2.7481,2.7501,2.7471,2.7501,5
2026-07-28 12:08:00,2.7461,2.7461,2.7441,2.7451,2.7511,2.7511,2.7491,2.7501,8
2026-07-28 12:09:00,2.7461,2.7461,2.7451,2.7451,2.7511,2.7511,2.7501,2.7501,2
2026-07-28 12:10:00,2.7461,2.7481,2.7461,2.7471,2.7511,2.7531,2.7511,2.7521,4
2026-07-28 12:11:00,2.7461,2.7471,2.7461,2.7461,2.7511,2.7521,2.7511,2.7511,3
2026-07-28 12:12:00,2.7451,2.7451,2.7441,2.7441,2.7501,2.7501,2.7491,2.7491,5
2026-07-28 12:13:00,2.7431,2.7441,2.7421,2.7421,2.7481,2.7491,2.7471,2.7471,14
2026-07-28 12:14:00,2.7431,2.7431,2.7421,2.7431,2.7481,2.7481,2.7471,2.7481,5
2026-07-28 12:15:00,2.7441,2.7631,2.7441,2.7631,2.7491,2.7681,2.7491,2.7681,44
2026-07-28 12:16:00,2.7641,2.7681,2.7601,2.7621,2.7691,2.7731,2.7651,2.7671,69
2026-07-28 12:17:00,2.7631,2.7651,2.7621,2.7631,2.7681,2.7701,2.7671,2.7681,17
2026-07-28 12:18:00,2.7621,2.7621,2.7601,2.7606,2.7671,2.7671,2.7651,2.7656,6
2026-07-28 12:19:00,2.7601,2.7601,2.7591,2.7591,2.7651,2.7651,2.7641,2.7641,9
2026-07-28 12:20:00,2.7581,2.7581,2.7551,2.7551,2.7631,2.7631,2.7601,2.7601,6
2026-07-28 12:21:00,2.7561,2.7581,2.7561,2.7581,2.7611,2.7631,2.7611,2.7631,9
2026-07-28 12:22:00,2.7571,2.7586,2.7566,2.7571,2.7621,2.7636,2.7616,2.7621,11
2026-07-28 12:23:00,2.7576,2.7591,2.7576,2.7581,2.7626,2.7641,2.7626,2.7631,20
2026-07-28 12:24:00,2.7591,2.7611,2.7591,2.7611,2.7641,2.7661,2.7641,2.7661,3
2026-07-28 12:25:00,2.7601,2.7671,2.7601,2.7651,2.7651,2.7721,2.7651,2.7701,22
2026-07-28 12:26:00,2.7646,2.7661,2.7621,2.7641,2.7696,2.7711,2.7671,2.7691,18
2026-07-28 12:27:00,2.7651,2.7666,2.7621,2.7621,2.7701,2.7716,2.7671,2.7671,8
2026-07-28 12:28:00,2.7626,2.7656,2.7626,2.7651,2.7676,2.7706,2.7676,2.7701,12
2026-07-28 12:29:00,2.7641,2.7641,2.7621,2.7641,2.7691,2.7691,2.7671,2.7691,16
2026-07-28 12:30:00,2.7631,2.7651,2.7631,2.7651,2.7681,2.7701,2.7681,2.7701,3
2026-07-28 12:31:00,2.7661,2.7671,2.7651,2.7651,2.7711,2.7721,2.7701,2.7701,15
2026-07-28 12:32:00,2.7661,2.7681,2.7651,2.7681,2.7711,2.7731,2.7701,2.7731,21
2026-07-28 12:33:00,2.7676,2.7681,2.7661,2.7661,2.7726,2.7731,2.7711,2.7711,11
2026-07-28 12:34:00,2.7671,2.7671,2.7646,2.7651,2.7721,2.7721,2.7696,2.7701,8
2026-07-28 12:35:00,2.7641,2.7681,2.7641,2.7656,2.7691,2.7731,2.7691,2.7706,26
2026-07-28 12:36:00,2.7651,2.7651,2.7631,2.7631,2.7701,2.7701,2.7681,2.7681,4
2026-07-28 12:37:00,2.7621,2.7621,2.7601,2.7601,2.7671,2.7671,2.7651,2.7651,5
2026-07-28 12:38:00,2.7591,2.7591,2.7586,2.7591,2.7641,2.7641,2.7636,2.7641,3
2026-07-28 12:39:00,2.7601,2.7601,2.7591,2.7591,2.7651,2.7651,2.7641,2.7641,6
2026-07-28 12:40:00,2.7581,2.7581,2.7571,2.7571,2.7631,2.7631,2.7621,2.7621,2
2026-07-28 12:42:00,2.7581,2.7581,2.7576,2.7581,2.7631,2.7631,2.7626,2.7631,5
2026-07-28 12:44:00,2.7571,2.7571,2.7571,2.7571,2.7621,2.7621,2.7621,2.7621,1
2026-07-28 12:45:00,2.7561,2.7561,2.7521,2.7521,2.7611,2.7611,2.7571,2.7571,14
2026-07-28 12:46:00,2.7516,2.7521,2.7506,2.7506,2.7566,2.7571,2.7556,2.7556,8
2026-07-28 12:47:00,2.7501,2.7511,2.7501,2.7511,2.7551,2.7561,2.7551,2.7561,8
2026-07-28 12:48:00,2.7501,2.7511,2.7501,2.7511,2.7551,2.7561,2.7551,2.7561,2
2026-07-28 12:49:00,2.7501,2.7511,2.7501,2.7501,2.7551,2.7561,2.7551,2.7551,6
2026-07-28 12:50:00,2.7491,2.7491,2.7491,2.7491,2.7541,2.7541,2.7541,2.7541,1
2026-07-28 12:51:00,2.7501,2.7501,2.7491,2.7501,2.7551,2.7551,2.7541,2.7551,3
2026-07-28 12:52:00,2.7491,2.7511,2.7491,2.7501,2.7541,2.7561,2.7541,2.7551,8
2026-07-28 12:53:00,2.7511,2.7511,2.7511,2.7511,2.7561,2.7561,2.7561,2.7561,1
2026-07-28 12:54:00,2.7501,2.7511,2.7501,2.7501,2.7551,2.7561,2.7551,2.7551,5
2026-07-28 12:55:00,2.7491,2.7511,2.7481,2.7501,2.7541,2.7561,2.7531,2.7551,8
2026-07-28 12:56:00,2.7491,2.7491,2.7481,2.7491,2.7541,2.7541,2.7531,2.7541,13
2026-07-28 12:57:00,2.7471,2.7471,2.7451,2.7461,2.7521,2.7521,2.7501,2.7511,8
2026-07-28 12:58:00,2.7451,2.7451,2.7441,2.7441,2.7501,2.7501,2.7491,2.7491,11
2026-07-28 12:59:00,2.7436,2.7441,2.7431,2.7431,2.7486,2.7491,2.7481,2.7481,7
2026-07-28 13:00:00,2.7421,2.7421,2.7381,2.7401,2.7471,2.7471,2.7431,2.7451,30
2026-07-28 13:01:00,2.7411,2.7411,2.7401,2.7401,2.7461,2.7461,2.7451,2.7451,11
2026-07-28 13:02:00,2.7391,2.7421,2.7391,2.7411,2.7441,2.7471,2.7441,2.7461,17
2026-07-28 13:03:00,2.7416,2.7421,2.7411,2.7411,2.7466,2.7471,2.7461,2.7461,10
2026-07-28 13:04:00,2.7421,2.7421,2.7411,2.7421,2.7471,2.7471,2.7461,2.7471,3
2026-07-28 13:05:00,2.7431,2.7441,2.7431,2.7441,2.7481,2.7491,2.7481,2.7491,10
2026-07-28 13:06:00,2.7451,2.7451,2.7431,2.7431,2.7501,2.7501,2.7481,2.7481,11
2026-07-28 13:07:00,2.7441,2.7441,2.7431,2.7431,2.7491,2.7491,2.7481,2.7481,4
2026-07-28 13:08:00,2.7441,2.7441,2.7421,2.7421,2.7491,2.7491,2.7471,2.7471,7
2026-07-28 13:09:00,2.7426,2.7451,2.7421,2.7431,2.7476,2.7501,2.7471,2.7481,13
2026-07-28 13:10:00,2.7436,2.7441,2.7431,2.7441,2.7486,2.7491,2.7481,2.7491,4
2026-07-28 13:11:00,2.7451,2.7461,2.7421,2.7451,2.7501,2.7511,2.7471,2.7501,19
2026-07-28 13:12:00,2.7446,2.7461,2.7446,2.7451,2.7496,2.7511,2.7496,2.7501,6
2026-07-28 13:13:00,2.7441,2.7451,2.7421,2.7426,2.7491,2.7501,2.7471,2.7476,20
2026-07-28 13:14:00,2.7421,2.7421,2.7421,2.7421,2.7471,2.7471,2.7471,2.7471,1
2026-07-28 13:15:00,2.7411,2.7421,2.7391,2.7411,2.7461,2.7471,2.7441,2.7461,41
2026-07-28 13:16:00,2.7406,2.7431,2.7401,2.7426,2.7456,2.7481,2.7451,2.7476,19
2026-07-28 13:17:00,2.7421,2.7431,2.7411,2.7411,2.7471,2.7481,2.7461,2.7461,12
2026-07-28 13:18:00,2.7401,2.7411,2.7391,2.7401,2.7451,2.7461,2.7441,2.7451,14
2026-07-28 13:19:00,2.7406,2.7411,2.7361,2.7371,2.7456,2.7461,2.7411,2.7421,25
2026-07-28 13:20:00,2.7381,2.7391,2.7376,2.7381,2.7431,2.7441,2.7426,2.7431,10
2026-07-28 13:21:00,2.7391,2.7391,2.7371,2.7371,2.7441,2.7441,2.7421,2.7421,4
2026-07-28 13:22:00,2.7366,2.7366,2.7351,2.7361,2.7416,2.7416,2.7401,2.7411,3
2026-07-28 13:23:00,2.7351,2.7391,2.7341,2.7371,2.7401,2.7441,2.7391,2.7421,17
2026-07-28 13:24:00,2.7366,2.7391,2.7351,2.7381,2.7416,2.7441,2.7401,2.7431,24
2026-07-28 13:25:00,2.7376,2.7401,2.7371,2.7391,2.7426,2.7451,2.7421,2.7441,12
2026-07-28 13:26:00,2.7381,2.7381,2.7371,2.7371,2.7431,2.7431,2.7421,2.7421,2
2026-07-28 13:27:00,2.7361,2.7361,2.7331,2.7336,2.7411,2.7411,2.7381,2.7386,19
2026-07-28 13:28:00,2.7331,2.7351,2.7321,2.7341,2.7381,2.7401,2.7371,2.7391,12
2026-07-28 13:29:00,2.7351,2.7351,2.7341,2.7351,2.7401,2.7401,2.7391,2.7401,8
2026-07-28 13:30:00,2.7361,2.7361,2.7331,2.7331,2.7411,2.7411,2.7381,2.7381,15
2026-07-28 13:31:00,2.7321,2.7331,2.7281,2.7301,2.7371,2.7381,2.7331,2.7351,24
2026-07-28 13:32:00,2.7291,2.7321,2.7281,2.7311,2.7341,2.7371,2.7331,2.7361,30
2026-07-28 13:33:00,2.7301,2.7311,2.7301,2.7301,2.7351,2.7361,2.7351,2.7351,7
2026-07-28 13:34:00,2.7311,2.7311,2.7291,2.7301,2.7361,2.7361,2.7341,2.7351,17
2026-07-28 13:35:00,2.7291,2.7291,2.7281,2.7291,2.7341,2.7341,2.7331,2.7341,10
2026-07-28 13:36:00,2.7301,2.7301,2.7281,2.7291,2.7351,2.7351,2.7331,2.7341,9
2026-07-28 13:37:00,2.7301,2.7351,2.7291,2.7341,2.7351,2.7401,2.7341,2.7391,25
2026-07-28 13:38:00,2.7351,2.7451,2.7351,2.7411,2.7401,2.7501,2.7401,2.7461,62
2026-07-28 13:39:00,2.7401,2.7401,2.7361,2.7371,2.7451,2.7451,2.7411,2.7421,11
2026-07-28 13:40:00,2.7381,2.7381,2.7331,2.7351,2.7431,2.7431,2.7381,2.7401,27
2026-07-28 13:41:00,2.7361,2.7366,2.7341,2.7351,2.7411,2.7416,2.7391,2.7401,10
2026-07-28 13:42:00,2.7361,2.7371,2.7351,2.7371,2.7411,2.7421,2.7401,2.7421,11
2026-07-28 13:43:00,2.7381,2.7396,2.7371,2.7391,2.7431,2.7446,2.7421,2.7441,17
2026-07-28 13:44:00,2.7381,2.7381,2.7356,2.7361,2.7431,2.7431,2.7406,2.7411,11
2026-07-28 13:45:00,2.7351,2.7351,2.7331,2.7331,2.7401,2.7401,2.7381,2.7381,8
2026-07-28 13:46:00,2.7321,2.7341,2.7311,2.7331,2.7371,2.7391,2.7361,2.7381,6
2026-07-28 13:47:00,2.7321,2.7331,2.7321,2.7321,2.7371,2.7381,2.7371,2.7371,8
2026-07-28 13:48:00,2.7331,2.7331,2.7321,2.7331,2.7381,2.7381,2.7371,2.7381,4
2026-07-28 13:49:00,2.7321,2.7331,2.7311,2.7311,2.7371,2.7381,2.7361,2.7361,15
2026-07-28 13:50:00,2.7316,2.7331,2.7316,2.7321,2.7366,2.7381,2.7366,2.7371,8
2026-07-28 13:51:00,2.7331,2.7341,2.7296,2.7311,2.7381,2.7391,2.7346,2.7361,16
2026-07-28 13:52:00,2.7301,2.7321,2.7301,2.7321,2.7351,2.7371,2.7351,2.7371,5
2026-07-28 13:53:00,2.7311,2.7331,2.7311,2.7331,2.7361,2.7381,2.7361,2.7381,5
2026-07-28 13:54:00,2.7311,2.7351,2.7311,2.7341,2.7361,2.7401,2.7361,2.7391,20
2026-07-28 13:55:00,2.7346,2.7361,2.7331,2.7351,2.7396,2.7411,2.7381,2.7401,12
2026-07-28 13:56:00,2.7346,2.7361,2.7341,2.7341,2.7396,2.7411,2.7391,2.7391,14
2026-07-28 13:57:00,2.7351,2.7361,2.7341,2.7351,2.7401,2.7411,2.7391,2.7401,10
2026-07-28 13:58:00,2.7361,2.7361,2.7321,2.7341,2.7411,2.7411,2.7371,2.7391,19
2026-07-28 13:59:00,2.7346,2.7361,2.7321,2.7341,2.7396,2.7411,2.7371,2.7391,25
2026-07-28 14:00:00,2.7346,2.7381,2.7341,2.7371,2.7396,2.7431,2.7391,2.7421,25
2026-07-28 14:01:00,2.7381,2.7451,2.7371,2.7401,2.7431,2.7501,2.7421,2.7451,49
2026-07-28 14:02:00,2.7391,2.7421,2.7381,2.7411,2.7441,2.7471,2.7431,2.7461,12
2026-07-28 14:03:00,2.7401,2.7421,2.7401,2.7411,2.7451,2.7471,2.7451,2.7461,12
2026-07-28 14:04:00,2.7421,2.7431,2.7411,2.7421,2.7471,2.7481,2.7461,2.7471,8
2026-07-28 14:05:00,2.7426,2.7466,2.7421,2.7461,2.7476,2.7516,2.7471,2.7511,43
2026-07-28 14:06:00,2.7476,2.7476,2.7441,2.7441,2.7526,2.7526,2.7491,2.7491,17
2026-07-28 14:07:00,2.7431,2.7451,2.7431,2.7441,2.7481,2.7501,2.7481,2.7491,8
2026-07-28 14:08:00,2.7431,2.7451,2.7431,2.7436,2.7481,2.7501,2.7481,2.7486,9
2026-07-28 14:09:00,2.7431,2.7431,2.7431,2.7431,2.7481,2.7481,2.7481,2.7481,1
